<?xml version="1.0" encoding="ISO-8859-1" ?>
<Animl Version="1">
    <ModellingPackage><![CDATA[Maya.2010]]></ModellingPackage>
    <SrcFile><![CDATA[anims\turrets\antiair\red\~src\aa_zu232\aa_zu232_crew_fire.mb]]></SrcFile>
    <FramesPerSecond>30</FramesPerSecond>
    <TotalFrames>121</TotalFrames>
    <Skeleton>
        <RefFrame>
            <Name><![CDATA[aa_zu232_ref_frame]]></Name>
            <Exclude>1</Exclude>
            <Additive>0</Additive>
            <IKPriority>0</IKPriority>
            <IKRotLimits>-1e+010 -1e+010 -1e+010 1e+010 1e+010 1e+010</IKRotLimits>
            <IKRotLimitOrder>0</IKRotLimitOrder>
            <KeyFrames count="121">
                <i>1 0 0 0 1 0 0 0 1 0 0 0</i>
                <i>1 0 0 0 1 0 0 0 1 0 0 0</i>
                <i>1 0 0 0 1 0 0 0 1 0 0 0</i>
                <i>1 0 0 0 1 0 0 0 1 0 0 0</i>
                <i>1 0 0 0 1 0 0 0 1 0 0 0</i>
                <i>1 0 0 0 1 0 0 0 1 0 0 0</i>
                <i>1 0 0 0 1 0 0 0 1 0 0 0</i>
                <i>1 0 0 0 1 0 0 0 1 0 0 0</i>
                <i>1 0 0 0 1 0 0 0 1 0 0 0</i>
                <i>1 0 0 0 1 0 0 0 1 0 0 0</i>
                <i>1 0 0 0 1 0 0 0 1 0 0 0</i>
                <i>1 0 0 0 1 0 0 0 1 0 0 0</i>
                <i>1 0 0 0 1 0 0 0 1 0 0 0</i>
                <i>1 0 0 0 1 0 0 0 1 0 0 0</i>
                <i>1 0 0 0 1 0 0 0 1 0 0 0</i>
                <i>1 0 0 0 1 0 0 0 1 0 0 0</i>
                <i>1 0 0 0 1 0 0 0 1 0 0 0</i>
                <i>1 0 0 0 1 0 0 0 1 0 0 0</i>
                <i>1 0 0 0 1 0 0 0 1 0 0 0</i>
                <i>1 0 0 0 1 0 0 0 1 0 0 0</i>
                <i>1 0 0 0 1 0 0 0 1 0 0 0</i>
                <i>1 0 0 0 1 0 0 0 1 0 0 0</i>
                <i>1 0 0 0 1 0 0 0 1 0 0 0</i>
                <i>1 0 0 0 1 0 0 0 1 0 0 0</i>
                <i>1 0 0 0 1 0 0 0 1 0 0 0</i>
                <i>1 0 0 0 1 0 0 0 1 0 0 0</i>
                <i>1 0 0 0 1 0 0 0 1 0 0 0</i>
                <i>1 0 0 0 1 0 0 0 1 0 0 0</i>
                <i>1 0 0 0 1 0 0 0 1 0 0 0</i>
                <i>1 0 0 0 1 0 0 0 1 0 0 0</i>
                <i>1 0 0 0 1 0 0 0 1 0 0 0</i>
                <i>1 0 0 0 1 0 0 0 1 0 0 0</i>
                <i>1 0 0 0 1 0 0 0 1 0 0 0</i>
                <i>1 0 0 0 1 0 0 0 1 0 0 0</i>
                <i>1 0 0 0 1 0 0 0 1 0 0 0</i>
                <i>1 0 0 0 1 0 0 0 1 0 0 0</i>
                <i>1 0 0 0 1 0 0 0 1 0 0 0</i>
                <i>1 0 0 0 1 0 0 0 1 0 0 0</i>
                <i>1 0 0 0 1 0 0 0 1 0 0 0</i>
                <i>1 0 0 0 1 0 0 0 1 0 0 0</i>
                <i>1 0 0 0 1 0 0 0 1 0 0 0</i>
                <i>1 0 0 0 1 0 0 0 1 0 0 0</i>
                <i>1 0 0 0 1 0 0 0 1 0 0 0</i>
                <i>1 0 0 0 1 0 0 0 1 0 0 0</i>
                <i>1 0 0 0 1 0 0 0 1 0 0 0</i>
                <i>1 0 0 0 1 0 0 0 1 0 0 0</i>
                <i>1 0 0 0 1 0 0 0 1 0 0 0</i>
                <i>1 0 0 0 1 0 0 0 1 0 0 0</i>
                <i>1 0 0 0 1 0 0 0 1 0 0 0</i>
                <i>1 0 0 0 1 0 0 0 1 0 0 0</i>
                <i>1 0 0 0 1 0 0 0 1 0 0 0</i>
                <i>1 0 0 0 1 0 0 0 1 0 0 0</i>
                <i>1 0 0 0 1 0 0 0 1 0 0 0</i>
                <i>1 0 0 0 1 0 0 0 1 0 0 0</i>
                <i>1 0 0 0 1 0 0 0 1 0 0 0</i>
                <i>1 0 0 0 1 0 0 0 1 0 0 0</i>
                <i>1 0 0 0 1 0 0 0 1 0 0 0</i>
                <i>1 0 0 0 1 0 0 0 1 0 0 0</i>
                <i>1 0 0 0 1 0 0 0 1 0 0 0</i>
                <i>1 0 0 0 1 0 0 0 1 0 0 0</i>
                <i>1 0 0 0 1 0 0 0 1 0 0 0</i>
                <i>1 0 0 0 1 0 0 0 1 0 0 0</i>
                <i>1 0 0 0 1 0 0 0 1 0 0 0</i>
                <i>1 0 0 0 1 0 0 0 1 0 0 0</i>
                <i>1 0 0 0 1 0 0 0 1 0 0 0</i>
                <i>1 0 0 0 1 0 0 0 1 0 0 0</i>
                <i>1 0 0 0 1 0 0 0 1 0 0 0</i>
                <i>1 0 0 0 1 0 0 0 1 0 0 0</i>
                <i>1 0 0 0 1 0 0 0 1 0 0 0</i>
                <i>1 0 0 0 1 0 0 0 1 0 0 0</i>
                <i>1 0 0 0 1 0 0 0 1 0 0 0</i>
                <i>1 0 0 0 1 0 0 0 1 0 0 0</i>
                <i>1 0 0 0 1 0 0 0 1 0 0 0</i>
                <i>1 0 0 0 1 0 0 0 1 0 0 0</i>
                <i>1 0 0 0 1 0 0 0 1 0 0 0</i>
                <i>1 0 0 0 1 0 0 0 1 0 0 0</i>
                <i>1 0 0 0 1 0 0 0 1 0 0 0</i>
                <i>1 0 0 0 1 0 0 0 1 0 0 0</i>
                <i>1 0 0 0 1 0 0 0 1 0 0 0</i>
                <i>1 0 0 0 1 0 0 0 1 0 0 0</i>
                <i>1 0 0 0 1 0 0 0 1 0 0 0</i>
                <i>1 0 0 0 1 0 0 0 1 0 0 0</i>
                <i>1 0 0 0 1 0 0 0 1 0 0 0</i>
                <i>1 0 0 0 1 0 0 0 1 0 0 0</i>
                <i>1 0 0 0 1 0 0 0 1 0 0 0</i>
                <i>1 0 0 0 1 0 0 0 1 0 0 0</i>
                <i>1 0 0 0 1 0 0 0 1 0 0 0</i>
                <i>1 0 0 0 1 0 0 0 1 0 0 0</i>
                <i>1 0 0 0 1 0 0 0 1 0 0 0</i>
                <i>1 0 0 0 1 0 0 0 1 0 0 0</i>
                <i>1 0 0 0 1 0 0 0 1 0 0 0</i>
                <i>1 0 0 0 1 0 0 0 1 0 0 0</i>
                <i>1 0 0 0 1 0 0 0 1 0 0 0</i>
                <i>1 0 0 0 1 0 0 0 1 0 0 0</i>
                <i>1 0 0 0 1 0 0 0 1 0 0 0</i>
                <i>1 0 0 0 1 0 0 0 1 0 0 0</i>
                <i>1 0 0 0 1 0 0 0 1 0 0 0</i>
                <i>1 0 0 0 1 0 0 0 1 0 0 0</i>
                <i>1 0 0 0 1 0 0 0 1 0 0 0</i>
                <i>1 0 0 0 1 0 0 0 1 0 0 0</i>
                <i>1 0 0 0 1 0 0 0 1 0 0 0</i>
                <i>1 0 0 0 1 0 0 0 1 0 0 0</i>
                <i>1 0 0 0 1 0 0 0 1 0 0 0</i>
                <i>1 0 0 0 1 0 0 0 1 0 0 0</i>
                <i>1 0 0 0 1 0 0 0 1 0 0 0</i>
                <i>1 0 0 0 1 0 0 0 1 0 0 0</i>
                <i>1 0 0 0 1 0 0 0 1 0 0 0</i>
                <i>1 0 0 0 1 0 0 0 1 0 0 0</i>
                <i>1 0 0 0 1 0 0 0 1 0 0 0</i>
                <i>1 0 0 0 1 0 0 0 1 0 0 0</i>
                <i>1 0 0 0 1 0 0 0 1 0 0 0</i>
                <i>1 0 0 0 1 0 0 0 1 0 0 0</i>
                <i>1 0 0 0 1 0 0 0 1 0 0 0</i>
                <i>1 0 0 0 1 0 0 0 1 0 0 0</i>
                <i>1 0 0 0 1 0 0 0 1 0 0 0</i>
                <i>1 0 0 0 1 0 0 0 1 0 0 0</i>
                <i>1 0 0 0 1 0 0 0 1 0 0 0</i>
                <i>1 0 0 0 1 0 0 0 1 0 0 0</i>
                <i>1 0 0 0 1 0 0 0 1 0 0 0</i>
                <i>1 0 0 0 1 0 0 0 1 0 0 0</i>
                <i>1 0 0 0 1 0 0 0 1 0 0 0</i>
            </KeyFrames>
        </RefFrame>
        <Bones count="14">
            <i>
                <p>
                    <Name><![CDATA[aa_zu232_root]]></Name>
                    <Exclude>1</Exclude>
                    <Additive>1</Additive>
                    <IKPriority>0</IKPriority>
                    <IKRotLimits>-1e+010 -1e+010 -1e+010 1e+010 1e+010 1e+010</IKRotLimits>
                    <IKRotLimitOrder>0</IKRotLimitOrder>
                    <KeyFrames count="121">
                        <i>1 0 0 0 1 0 0 0 1 0 1.3332 0</i>
                        <i>1 0 0 0 1 0 0 0 1 0 1.3332 0</i>
                        <i>1 0 0 0 1 0 0 0 1 0 1.3332 0</i>
                        <i>1 0 0 0 1 0 0 0 1 0 1.3332 0</i>
                        <i>1 0 0 0 1 0 0 0 1 0 1.3332 0</i>
                        <i>1 0 0 0 1 0 0 0 1 0 1.3332 0</i>
                        <i>1 0 0 0 1 0 0 0 1 0 1.3332 0</i>
                        <i>1 0 0 0 1 0 0 0 1 0 1.3332 0</i>
                        <i>1 0 0 0 1 0 0 0 1 0 1.3332 0</i>
                        <i>1 0 0 0 1 0 0 0 1 0 1.3332 0</i>
                        <i>1 0 0 0 1 0 0 0 1 0 1.3332 0</i>
                        <i>1 0 0 0 1 0 0 0 1 0 1.3332 0</i>
                        <i>1 0 0 0 1 0 0 0 1 0 1.3332 0</i>
                        <i>1 0 0 0 1 0 0 0 1 0 1.3332 0</i>
                        <i>1 0 0 0 1 0 0 0 1 0 1.3332 0</i>
                        <i>1 0 0 0 1 0 0 0 1 0 1.3332 0</i>
                        <i>1 0 0 0 1 0 0 0 1 0 1.3332 0</i>
                        <i>1 0 0 0 1 0 0 0 1 0 1.3332 0</i>
                        <i>1 0 0 0 1 0 0 0 1 0 1.3332 0</i>
                        <i>1 0 0 0 1 0 0 0 1 0 1.3332 0</i>
                        <i>1 0 0 0 1 0 0 0 1 0 1.3332 0</i>
                        <i>1 0 0 0 1 0 0 0 1 0 1.3332 0</i>
                        <i>1 0 0 0 1 0 0 0 1 0 1.3332 0</i>
                        <i>1 0 0 0 1 0 0 0 1 0 1.3332 0</i>
                        <i>1 0 0 0 1 0 0 0 1 0 1.3332 0</i>
                        <i>1 0 0 0 1 0 0 0 1 0 1.3332 0</i>
                        <i>1 0 0 0 1 0 0 0 1 0 1.3332 0</i>
                        <i>1 0 0 0 1 0 0 0 1 0 1.3332 0</i>
                        <i>1 0 0 0 1 0 0 0 1 0 1.3332 0</i>
                        <i>1 0 0 0 1 0 0 0 1 0 1.3332 0</i>
                        <i>1 0 0 0 1 0 0 0 1 0 1.3332 0</i>
                        <i>1 0 0 0 1 0 0 0 1 0 1.3332 0</i>
                        <i>1 0 0 0 1 0 0 0 1 0 1.3332 0</i>
                        <i>1 0 0 0 1 0 0 0 1 0 1.3332 0</i>
                        <i>1 0 0 0 1 0 0 0 1 0 1.3332 0</i>
                        <i>1 0 0 0 1 0 0 0 1 0 1.3332 0</i>
                        <i>1 0 0 0 1 0 0 0 1 0 1.3332 0</i>
                        <i>1 0 0 0 1 0 0 0 1 0 1.3332 0</i>
                        <i>1 0 0 0 1 0 0 0 1 0 1.3332 0</i>
                        <i>1 0 0 0 1 0 0 0 1 0 1.3332 0</i>
                        <i>1 0 0 0 1 0 0 0 1 0 1.3332 0</i>
                        <i>1 0 0 0 1 0 0 0 1 0 1.3332 0</i>
                        <i>1 0 0 0 1 0 0 0 1 0 1.3332 0</i>
                        <i>1 0 0 0 1 0 0 0 1 0 1.3332 0</i>
                        <i>1 0 0 0 1 0 0 0 1 0 1.3332 0</i>
                        <i>1 0 0 0 1 0 0 0 1 0 1.3332 0</i>
                        <i>1 0 0 0 1 0 0 0 1 0 1.3332 0</i>
                        <i>1 0 0 0 1 0 0 0 1 0 1.3332 0</i>
                        <i>1 0 0 0 1 0 0 0 1 0 1.3332 0</i>
                        <i>1 0 0 0 1 0 0 0 1 0 1.3332 0</i>
                        <i>1 0 0 0 1 0 0 0 1 0 1.3332 0</i>
                        <i>1 0 0 0 1 0 0 0 1 0 1.3332 0</i>
                        <i>1 0 0 0 1 0 0 0 1 0 1.3332 0</i>
                        <i>1 0 0 0 1 0 0 0 1 0 1.3332 0</i>
                        <i>1 0 0 0 1 0 0 0 1 0 1.3332 0</i>
                        <i>1 0 0 0 1 0 0 0 1 0 1.3332 0</i>
                        <i>1 0 0 0 1 0 0 0 1 0 1.3332 0</i>
                        <i>1 0 0 0 1 0 0 0 1 0 1.3332 0</i>
                        <i>1 0 0 0 1 0 0 0 1 0 1.3332 0</i>
                        <i>1 0 0 0 1 0 0 0 1 0 1.3332 0</i>
                        <i>1 0 0 0 1 0 0 0 1 0 1.3332 0</i>
                        <i>1 0 0 0 1 0 0 0 1 0 1.3332 0</i>
                        <i>1 0 0 0 1 0 0 0 1 0 1.3332 0</i>
                        <i>1 0 0 0 1 0 0 0 1 0 1.3332 0</i>
                        <i>1 0 0 0 1 0 0 0 1 0 1.3332 0</i>
                        <i>1 0 0 0 1 0 0 0 1 0 1.3332 0</i>
                        <i>1 0 0 0 1 0 0 0 1 0 1.3332 0</i>
                        <i>1 0 0 0 1 0 0 0 1 0 1.3332 0</i>
                        <i>1 0 0 0 1 0 0 0 1 0 1.3332 0</i>
                        <i>1 0 0 0 1 0 0 0 1 0 1.3332 0</i>
                        <i>1 0 0 0 1 0 0 0 1 0 1.3332 0</i>
                        <i>1 0 0 0 1 0 0 0 1 0 1.3332 0</i>
                        <i>1 0 0 0 1 0 0 0 1 0 1.3332 0</i>
                        <i>1 0 0 0 1 0 0 0 1 0 1.3332 0</i>
                        <i>1 0 0 0 1 0 0 0 1 0 1.3332 0</i>
                        <i>1 0 0 0 1 0 0 0 1 0 1.3332 0</i>
                        <i>1 0 0 0 1 0 0 0 1 0 1.3332 0</i>
                        <i>1 0 0 0 1 0 0 0 1 0 1.3332 0</i>
                        <i>1 0 0 0 1 0 0 0 1 0 1.3332 0</i>
                        <i>1 0 0 0 1 0 0 0 1 0 1.3332 0</i>
                        <i>1 0 0 0 1 0 0 0 1 0 1.3332 0</i>
                        <i>1 0 0 0 1 0 0 0 1 0 1.3332 0</i>
                        <i>1 0 0 0 1 0 0 0 1 0 1.3332 0</i>
                        <i>1 0 0 0 1 0 0 0 1 0 1.3332 0</i>
                        <i>1 0 0 0 1 0 0 0 1 0 1.3332 0</i>
                        <i>1 0 0 0 1 0 0 0 1 0 1.3332 0</i>
                        <i>1 0 0 0 1 0 0 0 1 0 1.3332 0</i>
                        <i>1 0 0 0 1 0 0 0 1 0 1.3332 0</i>
                        <i>1 0 0 0 1 0 0 0 1 0 1.3332 0</i>
                        <i>1 0 0 0 1 0 0 0 1 0 1.3332 0</i>
                        <i>1 0 0 0 1 0 0 0 1 0 1.3332 0</i>
                        <i>1 0 0 0 1 0 0 0 1 0 1.3332 0</i>
                        <i>1 0 0 0 1 0 0 0 1 0 1.3332 0</i>
                        <i>1 0 0 0 1 0 0 0 1 0 1.3332 0</i>
                        <i>1 0 0 0 1 0 0 0 1 0 1.3332 0</i>
                        <i>1 0 0 0 1 0 0 0 1 0 1.3332 0</i>
                        <i>1 0 0 0 1 0 0 0 1 0 1.3332 0</i>
                        <i>1 0 0 0 1 0 0 0 1 0 1.3332 0</i>
                        <i>1 0 0 0 1 0 0 0 1 0 1.3332 0</i>
                        <i>1 0 0 0 1 0 0 0 1 0 1.3332 0</i>
                        <i>1 0 0 0 1 0 0 0 1 0 1.3332 0</i>
                        <i>1 0 0 0 1 0 0 0 1 0 1.3332 0</i>
                        <i>1 0 0 0 1 0 0 0 1 0 1.3332 0</i>
                        <i>1 0 0 0 1 0 0 0 1 0 1.3332 0</i>
                        <i>1 0 0 0 1 0 0 0 1 0 1.3332 0</i>
                        <i>1 0 0 0 1 0 0 0 1 0 1.3332 0</i>
                        <i>1 0 0 0 1 0 0 0 1 0 1.3332 0</i>
                        <i>1 0 0 0 1 0 0 0 1 0 1.3332 0</i>
                        <i>1 0 0 0 1 0 0 0 1 0 1.3332 0</i>
                        <i>1 0 0 0 1 0 0 0 1 0 1.3332 0</i>
                        <i>1 0 0 0 1 0 0 0 1 0 1.3332 0</i>
                        <i>1 0 0 0 1 0 0 0 1 0 1.3332 0</i>
                        <i>1 0 0 0 1 0 0 0 1 0 1.3332 0</i>
                        <i>1 0 0 0 1 0 0 0 1 0 1.3332 0</i>
                        <i>1 0 0 0 1 0 0 0 1 0 1.3332 0</i>
                        <i>1 0 0 0 1 0 0 0 1 0 1.3332 0</i>
                        <i>1 0 0 0 1 0 0 0 1 0 1.3332 0</i>
                        <i>1 0 0 0 1 0 0 0 1 0 1.3332 0</i>
                        <i>1 0 0 0 1 0 0 0 1 0 1.3332 0</i>
                        <i>1 0 0 0 1 0 0 0 1 0 1.3332 0</i>
                        <i>1 0 0 0 1 0 0 0 1 0 1.3332 0</i>
                    </KeyFrames>
                </p>
            </i>
            <i>
                <p>
                    <Name><![CDATA[body]]></Name>
                    <Exclude>0</Exclude>
                    <Additive>0</Additive>
                    <IKPriority>0</IKPriority>
                    <IKRotLimits>-1e+010 -1e+010 -1e+010 1e+010 1e+010 1e+010</IKRotLimits>
                    <IKRotLimitOrder>0</IKRotLimitOrder>
                    <KeyFrames count="121">
                        <i>1 0 0 0 1 0 0 0 1 0 2.48279 0</i>
                        <i>1 4.32676e-005 0 -4.32676e-005 1 0 0 0 1 0 2.40774 0</i>
                        <i>1 0.000164417 0 -0.000164417 1 0 0 0 1 0 2.36412 0</i>
                        <i>1 0.000350468 0 -0.000350468 1 0 0 0 1 0 2.38797 0</i>
                        <i>1 0.000588439 0 -0.000588439 1 0 0 0 1 0 2.43584 0</i>
                        <i>1 0.000865352 0 -0.000865352 1 0 0 0 1 0 2.48282 0</i>
                        <i>0.999999 0.00116823 0 -0.00116823 0.999999 0 0 0 1 0 2.50402 0</i>
                        <i>0.999999 0.00148408 0 -0.00148408 0.999999 0 0 0 1 0 2.43407 0</i>
                        <i>0.999998 0.00179993 0 -0.00179993 0.999998 0 0 0 1 0 2.36412 0</i>
                        <i>0.999998 0.0021028 0 -0.0021028 0.999998 0 0 0 1 0 2.38598 0</i>
                        <i>0.999997 0.00237972 0 -0.00237972 0.999997 0 0 0 1 0 2.43407 0</i>
                        <i>0.999997 0.00261769 0 -0.00261769 0.999997 0 0 0 1 0 2.48216 0</i>
                        <i>0.999996 0.00280374 0 -0.00280374 0.999996 0 0 0 1 0 2.50402 0</i>
                        <i>0.999996 0.00292489 0 -0.00292489 0.999996 0 0 0 1 0 2.43407 0</i>
                        <i>0.999996 0.00296815 0 -0.00296815 0.999996 0 0 0 1 0 2.36412 0</i>
                        <i>0.999996 0.00289741 0 -0.00289741 0.999996 0 0 0 1 0 2.38598 0</i>
                        <i>0.999996 0.0026975 0 -0.0026975 0.999996 0 0 0 1 0 2.43407 0</i>
                        <i>0.999997 0.00238686 0 -0.00238686 0.999997 0 0 0 1 0 2.48216 0</i>
                        <i>0.999998 0.00198394 0 -0.00198394 0.999998 0 0 0 1 0 2.50402 0</i>
                        <i>0.999999 0.00150722 0 -0.00150722 0.999999 0 0 0 1 0 2.43407 0</i>
                        <i>1 0.000975129 0 -0.000975129 1 0 0 0 1 0 2.36412 0</i>
                        <i>1 0.000406133 0 -0.000406133 1 0 0 0 1 0 2.38598 0</i>
                        <i>1 -0.000181319 0 0.000181319 1 0 0 0 1 0 2.43407 0</i>
                        <i>1 -0.00076877 0 0.00076877 1 0 0 0 1 0 2.48216 0</i>
                        <i>0.999999 -0.00133777 0 0.00133777 0.999999 0 0 0 1 0 2.50402 0</i>
                        <i>0.999998 -0.00186985 0 0.00186985 0.999998 0 0 0 1 0 2.43407 0</i>
                        <i>0.999997 -0.00234658 0 0.00234658 0.999997 0 0 0 1 0 2.36412 0</i>
                        <i>0.999996 -0.00274949 0 0.00274949 0.999996 0 0 0 1 0 2.38598 0</i>
                        <i>0.999995 -0.00306013 0 0.00306013 0.999995 0 0 0 1 0 2.43407 0</i>
                        <i>0.999995 -0.00326005 0 0.00326005 0.999995 0 0 0 1 0 2.48216 0</i>
                        <i>0.999994 -0.00333079 0 0.00333079 0.999994 0 0 0 1 0 2.50402 0</i>
                        <i>0.999995 -0.00322558 0 0.00322558 0.999995 0 0 0 1 0 2.43407 0</i>
                        <i>0.999996 -0.00293101 0 0.00293101 0.999996 0 0 0 1 0 2.36412 0</i>
                        <i>0.999997 -0.00247862 0 0.00247862 0.999997 0 0 0 1 0 2.38797 0</i>
                        <i>0.999998 -0.00189999 0 0.00189999 0.999998 0 0 0 1 0 2.43584 0</i>
                        <i>0.999999 -0.00122668 0 0.00122668 0.999999 0 0 0 1 0 2.48282 0</i>
                        <i>1 -0.000490235 0 0.000490235 1 0 0 0 1 0 2.50402 0</i>
                        <i>1 0.000277767 0 -0.000277767 1 0 0 0 1 0 2.43407 0</i>
                        <i>0.999999 0.00104577 0 -0.00104577 0.999999 0 0 0 1 0 2.36412 0</i>
                        <i>0.999998 0.00178221 0 -0.00178221 0.999998 0 0 0 1 0 2.38598 0</i>
                        <i>0.999997 0.00245553 0 -0.00245553 0.999997 0 0 0 1 0 2.43407 0</i>
                        <i>0.999995 0.00303416 0 -0.00303416 0.999995 0 0 0 1 0 2.48216 0</i>
                        <i>0.999994 0.00348654 0 -0.00348654 0.999994 0 0 0 1 0 2.50402 0</i>
                        <i>0.999993 0.00378111 0 -0.00378111 0.999993 0 0 0 1 0 2.43407 0</i>
                        <i>0.999992 0.00388632 0 -0.00388632 0.999992 0 0 0 1 0 2.36412 0</i>
                        <i>0.999993 0.00378531 0 -0.00378531 0.999993 0 0 0 1 0 2.38598 0</i>
                        <i>0.999994 0.00349983 0 -0.00349983 0.999994 0 0 0 1 0 2.43407 0</i>
                        <i>0.999995 0.00305625 0 -0.00305625 0.999995 0 0 0 1 0 2.48216 0</i>
                        <i>0.999997 0.00248091 0 -0.00248091 0.999997 0 0 0 1 0 2.50402 0</i>
                        <i>0.999998 0.00180016 0 -0.00180016 0.999998 0 0 0 1 0 2.43407 0</i>
                        <i>0.999999 0.00104036 0 -0.00104036 0.999999 0 0 0 1 0 2.36412 0</i>
                        <i>1 0.000227847 0 -0.000227847 1 0 0 0 1 0 2.38598 0</i>
                        <i>1 -0.000611012 0 0.000611012 1 0 0 0 1 0 2.43407 0</i>
                        <i>0.999999 -0.00144987 0 0.00144987 0.999999 0 0 0 1 0 2.48216 0</i>
                        <i>0.999997 -0.00226238 0 0.00226238 0.999997 0 0 0 1 0 2.50402 0</i>
                        <i>0.999995 -0.00302218 0 0.00302218 0.999995 0 0 0 1 0 2.43407 0</i>
                        <i>0.999993 -0.00370293 0 0.00370293 0.999993 0 0 0 1 0 2.36412 0</i>
                        <i>0.999991 -0.00427826 0 0.00427826 0.999991 0 0 0 1 0 2.37942 0</i>
                        <i>0.999989 -0.00472184 0 0.00472184 0.999989 0 0 0 1 0 2.41658 0</i>
                        <i>0.999987 -0.00500732 0 0.00500732 0.999987 0 0 0 1 0 2.46249 0</i>
                        <i>0.999987 -0.00510833 0 0.00510833 0.999987 0 0 0 1 0 2.50402 0</i>
                        <i>0.999987 -0.00500768 0 0.00500768 0.999987 0 0 0 1 0 2.43407 0</i>
                        <i>0.999989 -0.00472585 0 0.00472585 0.999989 0 0 0 1 0 2.36412 0</i>
                        <i>0.999991 -0.00429304 0 0.00429304 0.999991 0 0 0 1 0 2.38797 0</i>
                        <i>0.999993 -0.00373944 0 0.00373944 0.999993 0 0 0 1 0 2.43584 0</i>
                        <i>0.999995 -0.00309526 0 0.00309526 0.999995 0 0 0 1 0 2.48282 0</i>
                        <i>0.999997 -0.00239068 0 0.00239068 0.999997 0 0 0 1 0 2.50402 0</i>
                        <i>0.999999 -0.00165591 0 0.00165591 0.999999 0 0 0 1 0 2.43407 0</i>
                        <i>1 -0.000921129 0 0.000921129 1 0 0 0 1 0 2.36412 0</i>
                        <i>1 -0.000216549 0 0.000216549 1 0 0 0 1 0 2.38598 0</i>
                        <i>1 0.000427639 0 -0.000427639 1 0 0 0 1 0 2.43407 0</i>
                        <i>1 0.000981238 0 -0.000981238 1 0 0 0 1 0 2.48216 0</i>
                        <i>0.999999 0.00141405 0 -0.00141405 0.999999 0 0 0 1 0 2.50402 0</i>
                        <i>0.999999 0.00169589 0 -0.00169589 0.999999 0 0 0 1 0 2.43407 0</i>
                        <i>0.999998 0.00179654 0 -0.00179654 0.999998 0 0 0 1 0 2.36412 0</i>
                        <i>0.999998 0.00174862 0 -0.00174862 0.999998 0 0 0 1 0 2.38598 0</i>
                        <i>0.999999 0.00161318 0 -0.00161318 0.999999 0 0 0 1 0 2.43407 0</i>
                        <i>0.999999 0.00140273 0 -0.00140273 0.999999 0 0 0 1 0 2.48216 0</i>
                        <i>0.999999 0.00112977 0 -0.00112977 0.999999 0 0 0 1 0 2.50402 0</i>
                        <i>1 0.000806798 0 -0.000806798 1 0 0 0 1 0 2.43407 0</i>
                        <i>1 0.000446325 0 -0.000446325 1 0 0 0 1 0 2.36412 0</i>
                        <i>1 6.08469e-005 0 -6.08469e-005 1 0 0 0 1 0 2.38598 0</i>
                        <i>1 -0.000337133 0 0.000337133 1 0 0 0 1 0 2.43407 0</i>
                        <i>1 -0.000735113 0 0.000735113 1 0 0 0 1 0 2.48216 0</i>
                        <i>0.999999 -0.00112059 0 0.00112059 0.999999 0 0 0 1 0 2.50402 0</i>
                        <i>0.999999 -0.00148106 0 0.00148106 0.999999 0 0 0 1 0 2.43407 0</i>
                        <i>0.999998 -0.00180403 0 0.00180403 0.999998 0 0 0 1 0 2.36412 0</i>
                        <i>0.999998 -0.00207699 0 0.00207699 0.999998 0 0 0 1 0 2.37942 0</i>
                        <i>0.999997 -0.00228744 0 0.00228744 0.999997 0 0 0 1 0 2.41658 0</i>
                        <i>0.999997 -0.00242288 0 0.00242288 0.999997 0 0 0 1 0 2.46249 0</i>
                        <i>0.999997 -0.0024708 0 0.0024708 0.999997 0 0 0 1 0 2.50402 0</i>
                        <i>0.999997 -0.00241427 0 0.00241427 0.999997 0 0 0 1 0 2.43407 0</i>
                        <i>0.999997 -0.00225596 0 0.00225596 0.999997 0 0 0 1 0 2.36412 0</i>
                        <i>0.999998 -0.00201285 0 0.00201285 0.999998 0 0 0 1 0 2.38797 0</i>
                        <i>0.999999 -0.00170188 0 0.00170188 0.999999 0 0 0 1 0 2.43584 0</i>
                        <i>0.999999 -0.00134004 0 0.00134004 0.999999 0 0 0 1 0 2.48282 0</i>
                        <i>1 -0.00094427 0 0.00094427 1 0 0 0 1 0 2.50402 0</i>
                        <i>1 -0.000531541 0 0.000531541 1 0 0 0 1 0 2.43407 0</i>
                        <i>1 -0.000118811 0 0.000118811 1 0 0 0 1 0 2.36412 0</i>
                        <i>1 0.000276957 0 -0.000276957 1 0 0 0 1 0 2.38598 0</i>
                        <i>1 0.000638802 0 -0.000638802 1 0 0 0 1 0 2.43407 0</i>
                        <i>1 0.000949763 0 -0.000949763 1 0 0 0 1 0 2.48216 0</i>
                        <i>0.999999 0.00119288 0 -0.00119288 0.999999 0 0 0 1 0 2.50402 0</i>
                        <i>0.999999 0.00135119 0 -0.00135119 0.999999 0 0 0 1 0 2.43407 0</i>
                        <i>0.999999 0.00140772 0 -0.00140772 0.999999 0 0 0 1 0 2.36412 0</i>
                        <i>0.999999 0.00139191 0 -0.00139191 0.999999 0 0 0 1 0 2.38598 0</i>
                        <i>0.999999 0.00134724 0 -0.00134724 0.999999 0 0 0 1 0 2.43407 0</i>
                        <i>0.999999 0.00127781 0 -0.00127781 0.999999 0 0 0 1 0 2.48216 0</i>
                        <i>0.999999 0.00118777 0 -0.00118777 0.999999 0 0 0 1 0 2.50402 0</i>
                        <i>0.999999 0.00108123 0 -0.00108123 0.999999 0 0 0 1 0 2.43407 0</i>
                        <i>1 0.000962311 0 -0.000962311 1 0 0 0 1 0 2.36412 0</i>
                        <i>1 0.000835149 0 -0.000835149 1 0 0 0 1 0 2.38598 0</i>
                        <i>1 0.000703862 0 -0.000703862 1 0 0 0 1 0 2.43407 0</i>
                        <i>1 0.000572576 0 -0.000572576 1 0 0 0 1 0 2.48216 0</i>
                        <i>1 0.000445413 0 -0.000445413 1 0 0 0 1 0 2.50402 0</i>
                        <i>1 0.000326499 0 -0.000326499 1 0 0 0 1 0 2.43407 0</i>
                        <i>1 0.000219957 0 -0.000219957 1 0 0 0 1 0 2.36412 0</i>
                        <i>1 0.000129912 0 -0.000129912 1 0 0 0 1 0 2.37942 0</i>
                        <i>1 6.04881e-005 0 -6.04881e-005 1 0 0 0 1 0 2.41658 0</i>
                        <i>1 1.58094e-005 0 -1.58094e-005 1 0 0 0 1 0 2.46249 0</i>
                        <i>1 0 0 0 1 0 0 0 1 0 2.50402 0</i>
                    </KeyFrames>
                </p>
            </i>
            <i>
                <p>
                    <Name><![CDATA[pitch]]></Name>
                    <Exclude>1</Exclude>
                    <Additive>1</Additive>
                    <IKPriority>0</IKPriority>
                    <IKRotLimits>-1e+010 -1e+010 -1e+010 1e+010 1e+010 1e+010</IKRotLimits>
                    <IKRotLimitOrder>0</IKRotLimitOrder>
                    <KeyFrames count="121">
                        <i>1 0 0 0 0.707107 -0.707107 0 0.707107 0.707107 0 4.17341 -0.230079</i>
                        <i>1 4.32676e-005 0 -3.05948e-005 0.707107 -0.707107 -3.05948e-005 0.707107 0.707107 -7.31489e-005 4.09835 -0.230079</i>
                        <i>1 0.000164417 0 -0.00011626 0.707107 -0.707107 -0.00011626 0.707107 0.707107 -0.000277966 4.05474 -0.230079</i>
                        <i>1 0.000350468 0 -0.000247818 0.707107 -0.707107 -0.000247818 0.707107 0.707107 -0.000592506 4.07859 -0.230079</i>
                        <i>1 0.000588439 0 -0.00041609 0.707107 -0.707107 -0.00041609 0.707107 0.707107 -0.000994825 4.12646 -0.230079</i>
                        <i>1 0.000865352 0 -0.000611896 0.707107 -0.707107 -0.000611896 0.707107 0.707107 -0.00146298 4.17344 -0.230079</i>
                        <i>0.999999 0.00116823 0 -0.00082606 0.707106 -0.707107 -0.00082606 0.707106 0.707107 -0.00197502 4.19463 -0.230079</i>
                        <i>0.999999 0.00148408 0 -0.0010494 0.707106 -0.707107 -0.0010494 0.707106 0.707107 -0.00250901 4.12468 -0.230079</i>
                        <i>0.999998 0.00179993 0 -0.00127274 0.707106 -0.707107 -0.00127274 0.707106 0.707107 -0.00304299 4.05474 -0.230079</i>
                        <i>0.999998 0.0021028 0 -0.00148691 0.707105 -0.707107 -0.00148691 0.707105 0.707107 -0.00355503 4.07659 -0.230079</i>
                        <i>0.999997 0.00237972 0 -0.00168271 0.707105 -0.707107 -0.00168271 0.707105 0.707107 -0.00402318 4.12468 -0.230079</i>
                        <i>0.999997 0.00261769 0 -0.00185098 0.707104 -0.707107 -0.00185098 0.707104 0.707107 -0.0044255 4.17277 -0.230079</i>
                        <i>0.999996 0.00280374 0 -0.00198254 0.707104 -0.707107 -0.00198254 0.707104 0.707107 -0.00474004 4.19463 -0.230079</i>
                        <i>0.999996 0.00292489 0 -0.00206821 0.707104 -0.707107 -0.00206821 0.707104 0.707107 -0.00494486 4.12468 -0.230079</i>
                        <i>0.999996 0.00296815 0 -0.0020988 0.707104 -0.707107 -0.0020988 0.707104 0.707107 -0.00501801 4.05473 -0.230079</i>
                        <i>0.999996 0.00289741 0 -0.00204878 0.707104 -0.707107 -0.00204878 0.707104 0.707107 -0.00489841 4.07659 -0.230079</i>
                        <i>0.999996 0.0026975 0 -0.00190742 0.707104 -0.707107 -0.00190742 0.707104 0.707107 -0.00456043 4.12468 -0.230079</i>
                        <i>0.999997 0.00238686 0 -0.00168776 0.707105 -0.707107 -0.00168776 0.707105 0.707107 -0.00403525 4.17277 -0.230079</i>
                        <i>0.999998 0.00198394 0 -0.00140286 0.707105 -0.707107 -0.00140286 0.707105 0.707107 -0.00335409 4.19463 -0.230079</i>
                        <i>0.999999 0.00150722 0 -0.00106576 0.707106 -0.707107 -0.00106576 0.707106 0.707107 -0.00254813 4.12468 -0.230079</i>
                        <i>1 0.000975129 0 -0.000689521 0.707106 -0.707107 -0.000689521 0.707106 0.707107 -0.00164857 4.05474 -0.230079</i>
                        <i>1 0.000406133 0 -0.000287179 0.707107 -0.707107 -0.000287179 0.707107 0.707107 -0.000686614 4.0766 -0.230079</i>
                        <i>1 -0.000181319 0 0.000128212 0.707107 -0.707107 0.000128212 0.707107 0.707107 0.000306541 4.12469 -0.230079</i>
                        <i>1 -0.00076877 0 0.000543602 0.707107 -0.707107 0.000543602 0.707107 0.707107 0.00129969 4.17278 -0.230079</i>
                        <i>0.999999 -0.00133777 0 0.000945944 0.707106 -0.707107 0.000945944 0.707106 0.707107 0.00226165 4.19463 -0.230079</i>
                        <i>0.999998 -0.00186985 0 0.00132219 0.707106 -0.707107 0.00132219 0.707106 0.707107 0.00316121 4.12468 -0.230079</i>
                        <i>0.999997 -0.00234658 0 0.00165928 0.707105 -0.707107 0.00165928 0.707105 0.707107 0.00396717 4.05473 -0.230079</i>
                        <i>0.999996 -0.00274949 0 0.00194418 0.707104 -0.707107 0.00194418 0.707104 0.707107 0.00464833 4.07659 -0.230079</i>
                        <i>0.999995 -0.00306013 0 0.00216384 0.707103 -0.707107 0.00216384 0.707103 0.707107 0.00517351 4.12468 -0.230079</i>
                        <i>0.999995 -0.00326005 0 0.0023052 0.707103 -0.707107 0.0023052 0.707103 0.707107 0.00551149 4.17277 -0.230079</i>
                        <i>0.999994 -0.00333079 0 0.00235522 0.707103 -0.707107 0.00235522 0.707103 0.707107 0.00563108 4.19463 -0.230079</i>
                        <i>0.999995 -0.00322558 0 0.00228083 0.707103 -0.707107 0.00228083 0.707103 0.707107 0.00545322 4.12468 -0.230079</i>
                        <i>0.999996 -0.00293101 0 0.00207254 0.707104 -0.707107 0.00207254 0.707104 0.707107 0.00495521 4.05473 -0.230079</i>
                        <i>0.999997 -0.00247862 0 0.00175265 0.707105 -0.707107 0.00175265 0.707105 0.707107 0.0041904 4.07858 -0.230079</i>
                        <i>0.999998 -0.00189999 0 0.0013435 0.707106 -0.707107 0.0013435 0.707106 0.707107 0.00321216 4.12645 -0.230079</i>
                        <i>0.999999 -0.00122668 0 0.000867392 0.707106 -0.707107 0.000867392 0.707106 0.707107 0.00207384 4.17344 -0.230079</i>
                        <i>1 -0.000490235 0 0.000346649 0.707107 -0.707107 0.000346649 0.707107 0.707107 0.000828799 4.19463 -0.230079</i>
                        <i>1 0.000277767 0 -0.000196411 0.707107 -0.707107 -0.000196411 0.707107 0.707107 -0.000469597 4.12469 -0.230079</i>
                        <i>0.999999 0.00104577 0 -0.00073947 0.707106 -0.707107 -0.00073947 0.707106 0.707107 -0.00176799 4.05474 -0.230079</i>
                        <i>0.999998 0.00178221 0 -0.00126021 0.707106 -0.707107 -0.00126021 0.707106 0.707107 -0.00301303 4.07659 -0.230079</i>
                        <i>0.999997 0.00245553 0 -0.00173632 0.707105 -0.707107 -0.00173632 0.707105 0.707107 -0.00415135 4.12468 -0.230079</i>
                        <i>0.999995 0.00303416 0 -0.00214547 0.707104 -0.707107 -0.00214547 0.707104 0.707107 -0.00512959 4.17277 -0.230079</i>
                        <i>0.999994 0.00348654 0 -0.00246536 0.707102 -0.707107 -0.00246536 0.707102 0.707107 -0.0058944 4.19462 -0.230079</i>
                        <i>0.999993 0.00378111 0 -0.00267365 0.707102 -0.707107 -0.00267365 0.707102 0.707107 -0.00639241 4.12468 -0.230079</i>
                        <i>0.999992 0.00388632 0 -0.00274804 0.707101 -0.707107 -0.00274804 0.707101 0.707107 -0.00657027 4.05473 -0.230079</i>
                        <i>0.999993 0.00378531 0 -0.00267662 0.707102 -0.707107 -0.00267662 0.707102 0.707107 -0.0063995 4.07659 -0.230079</i>
                        <i>0.999994 0.00349983 0 -0.00247476 0.707102 -0.707107 -0.00247476 0.707102 0.707107 -0.00591687 4.12468 -0.230079</i>
                        <i>0.999995 0.00305625 0 -0.00216109 0.707103 -0.707107 -0.00216109 0.707103 0.707107 -0.00516694 4.17277 -0.230079</i>
                        <i>0.999997 0.00248091 0 -0.00175427 0.707105 -0.707107 -0.00175427 0.707105 0.707107 -0.00419426 4.19463 -0.230079</i>
                        <i>0.999998 0.00180016 0 -0.00127291 0.707106 -0.707107 -0.00127291 0.707106 0.707107 -0.00304338 4.12468 -0.230079</i>
                        <i>0.999999 0.00104036 0 -0.000735643 0.707106 -0.707107 -0.000735643 0.707106 0.707107 -0.00175884 4.05474 -0.230079</i>
                        <i>1 0.000227847 0 -0.000161112 0.707107 -0.707107 -0.000161112 0.707107 0.707107 -0.000385202 4.0766 -0.230079</i>
                        <i>1 -0.000611012 0 0.00043205 0.707107 -0.707107 0.00043205 0.707107 0.707107 0.00103299 4.12469 -0.230079</i>
                        <i>0.999999 -0.00144987 0 0.00102521 0.707106 -0.707107 0.00102521 0.707106 0.707107 0.00245117 4.17277 -0.230079</i>
                        <i>0.999997 -0.00226238 0 0.00159974 0.707105 -0.707107 0.00159974 0.707105 0.707107 0.00382481 4.19463 -0.230079</i>
                        <i>0.999995 -0.00302218 0 0.002137 0.707104 -0.707107 0.002137 0.707104 0.707107 0.00510934 4.12468 -0.230079</i>
                        <i>0.999993 -0.00370293 0 0.00261836 0.707102 -0.707107 0.00261836 0.707102 0.707107 0.00626022 4.05473 -0.230079</i>
                        <i>0.999991 -0.00427826 0 0.00302519 0.7071 -0.707107 0.00302519 0.7071 0.707107 0.0072329 4.07002 -0.230079</i>
                        <i>0.999989 -0.00472184 0 0.00333885 0.707099 -0.707107 0.00333885 0.707099 0.707107 0.00798282 4.10718 -0.230079</i>
                        <i>0.999987 -0.00500732 0 0.00354071 0.707098 -0.707107 0.00354071 0.707098 0.707107 0.00846545 4.15308 -0.230079</i>
                        <i>0.999987 -0.00510833 0 0.00361214 0.707098 -0.707107 0.00361214 0.707098 0.707107 0.00863622 4.19461 -0.230079</i>
                        <i>0.999987 -0.00500768 0 0.00354096 0.707098 -0.707107 0.00354096 0.707098 0.707107 0.00846606 4.12467 -0.230079</i>
                        <i>0.999989 -0.00472585 0 0.00334168 0.707099 -0.707107 0.00334168 0.707099 0.707107 0.00798959 4.05472 -0.230079</i>
                        <i>0.999991 -0.00429304 0 0.00303564 0.7071 -0.707107 0.00303564 0.7071 0.707107 0.00725788 4.07857 -0.230079</i>
                        <i>0.999993 -0.00373944 0 0.00264418 0.707102 -0.707107 0.00264418 0.707102 0.707107 0.00632196 4.12644 -0.230079</i>
                        <i>0.999995 -0.00309526 0 0.00218868 0.707103 -0.707107 0.00218868 0.707103 0.707107 0.00523289 4.17343 -0.230079</i>
                        <i>0.999997 -0.00239068 0 0.00169047 0.707105 -0.707107 0.00169047 0.707105 0.707107 0.00404172 4.19463 -0.230079</i>
                        <i>0.999999 -0.00165591 0 0.0011709 0.707106 -0.707107 0.0011709 0.707106 0.707107 0.0027995 4.12468 -0.230079</i>
                        <i>1 -0.000921129 0 0.000651337 0.707106 -0.707107 0.000651337 0.707106 0.707107 0.00155728 4.05474 -0.230079</i>
                        <i>1 -0.000216549 0 0.000153123 0.707107 -0.707107 0.000153123 0.707107 0.707107 0.000366101 4.0766 -0.230079</i>
                        <i>1 0.000427639 0 -0.000302386 0.707107 -0.707107 -0.000302386 0.707107 0.707107 -0.000722972 4.12469 -0.230079</i>
                        <i>1 0.000981238 0 -0.00069384 0.707106 -0.707107 -0.00069384 0.707106 0.707107 -0.0016589 4.17278 -0.230079</i>
                        <i>0.999999 0.00141405 0 -0.000999887 0.707106 -0.707107 -0.000999887 0.707106 0.707107 -0.00239062 4.19463 -0.230079</i>
                        <i>0.999999 0.00169589 0 -0.00119917 0.707106 -0.707107 -0.00119917 0.707106 0.707107 -0.00286709 4.12468 -0.230079</i>
                        <i>0.999998 0.00179654 0 -0.00127035 0.707106 -0.707107 -0.00127035 0.707106 0.707107 -0.00303726 4.05474 -0.230079</i>
                        <i>0.999998 0.00174862 0 -0.00123646 0.707106 -0.707107 -0.00123646 0.707106 0.707107 -0.00295624 4.07659 -0.230079</i>
                        <i>0.999999 0.00161318 0 -0.00114069 0.707106 -0.707107 -0.00114069 0.707106 0.707107 -0.00272726 4.12468 -0.230079</i>
                        <i>0.999999 0.00140273 0 -0.000991878 0.707106 -0.707107 -0.000991878 0.707106 0.707107 -0.00237147 4.17277 -0.230079</i>
                        <i>0.999999 0.00112977 0 -0.000798867 0.707106 -0.707107 -0.000798867 0.707106 0.707107 -0.00191 4.19463 -0.230079</i>
                        <i>1 0.000806798 0 -0.000570493 0.707107 -0.707107 -0.000570493 0.707107 0.707107 -0.00136399 4.12469 -0.230079</i>
                        <i>1 0.000446325 0 -0.000315599 0.707107 -0.707107 -0.000315599 0.707107 0.707107 -0.000754563 4.05474 -0.230079</i>
                        <i>1 6.08469e-005 0 -4.30252e-005 0.707107 -0.707107 -4.30252e-005 0.707107 0.707107 -0.000102869 4.0766 -0.230079</i>
                        <i>1 -0.000337133 0 0.000238389 0.707107 -0.707107 0.000238389 0.707107 0.707107 0.000569962 4.12469 -0.230079</i>
                        <i>1 -0.000735113 0 0.000519803 0.707107 -0.707107 0.000519803 0.707107 0.707107 0.00124279 4.17278 -0.230079</i>
                        <i>0.999999 -0.00112059 0 0.000792377 0.707106 -0.707107 0.000792377 0.707106 0.707107 0.00189449 4.19463 -0.230079</i>
                        <i>0.999999 -0.00148106 0 0.00104727 0.707106 -0.707107 0.00104727 0.707106 0.707107 0.00250391 4.12468 -0.230079</i>
                        <i>0.999998 -0.00180403 0 0.00127564 0.707106 -0.707107 0.00127564 0.707106 0.707107 0.00304992 4.05474 -0.230079</i>
                        <i>0.999998 -0.00207699 0 0.00146866 0.707105 -0.707107 0.00146866 0.707105 0.707107 0.0035114 4.07004 -0.230079</i>
                        <i>0.999997 -0.00228744 0 0.00161747 0.707105 -0.707107 0.00161747 0.707105 0.707107 0.00386718 4.1072 -0.230079</i>
                        <i>0.999997 -0.00242288 0 0.00171323 0.707105 -0.707107 0.00171323 0.707105 0.707107 0.00409616 4.1531 -0.230079</i>
                        <i>0.999997 -0.0024708 0 0.00174712 0.707105 -0.707107 0.00174712 0.707105 0.707107 0.00417718 4.19463 -0.230079</i>
                        <i>0.999997 -0.00241427 0 0.00170714 0.707105 -0.707107 0.00170714 0.707105 0.707107 0.00408159 4.12468 -0.230079</i>
                        <i>0.999997 -0.00225596 0 0.0015952 0.707105 -0.707107 0.0015952 0.707105 0.707107 0.00381396 4.05473 -0.230079</i>
                        <i>0.999998 -0.00201285 0 0.0014233 0.707105 -0.707107 0.0014233 0.707105 0.707107 0.00340295 4.07858 -0.230079</i>
                        <i>0.999999 -0.00170188 0 0.00120341 0.707106 -0.707107 0.00120341 0.707106 0.707107 0.00287723 4.12645 -0.230079</i>
                        <i>0.999999 -0.00134004 0 0.00094755 0.707106 -0.707107 0.00094755 0.707106 0.707107 0.00226549 4.17344 -0.230079</i>
                        <i>1 -0.00094427 0 0.0006677 0.707106 -0.707107 0.0006677 0.707106 0.707107 0.0015964 4.19463 -0.230079</i>
                        <i>1 -0.000531541 0 0.000375856 0.707107 -0.707107 0.000375856 0.707107 0.707107 0.000898631 4.12469 -0.230079</i>
                        <i>1 -0.000118811 0 8.40122e-005 0.707107 -0.707107 8.40122e-005 0.707107 0.707107 0.000200864 4.05474 -0.230079</i>
