<?xml version="1.0" encoding="ISO-8859-1" ?>
<Animl Version="1">
    <ModellingPackage><![CDATA[Maya.2010]]></ModellingPackage>
    <SrcFile><![CDATA[anims\turrets\antiair\red\~src\aa_zu232\aa_zu232_crew_idle.mb]]></SrcFile>
    <FramesPerSecond>30</FramesPerSecond>
    <TotalFrames>120</TotalFrames>
    <Skeleton>
        <RefFrame>
            <Name><![CDATA[aa_zu232_ref_frame]]></Name>
            <Exclude>0</Exclude>
            <Additive>0</Additive>
            <IKPriority>0</IKPriority>
            <IKRotLimits>-1e+010 -1e+010 -1e+010 1e+010 1e+010 1e+010</IKRotLimits>
            <IKRotLimitOrder>0</IKRotLimitOrder>
            <KeyFrames count="120">
                <i>1 0 0 0 1 0 0 0 1 0 1.33 0</i>
                <i>1 0 0 0 1 0 0 0 1 0 1.33 0</i>
                <i>1 0 0 0 1 0 0 0 1 0 1.33 0</i>
                <i>1 0 0 0 1 0 0 0 1 0 1.33 0</i>
                <i>1 0 0 0 1 0 0 0 1 0 1.33 0</i>
                <i>1 0 0 0 1 0 0 0 1 0 1.33 0</i>
                <i>1 0 0 0 1 0 0 0 1 0 1.33 0</i>
                <i>1 0 0 0 1 0 0 0 1 0 1.33 0</i>
                <i>1 0 0 0 1 0 0 0 1 0 1.33 0</i>
                <i>1 0 0 0 1 0 0 0 1 0 1.33 0</i>
                <i>1 0 0 0 1 0 0 0 1 0 1.33 0</i>
                <i>1 0 0 0 1 0 0 0 1 0 1.33 0</i>
                <i>1 0 0 0 1 0 0 0 1 0 1.33 0</i>
                <i>1 0 0 0 1 0 0 0 1 0 1.33 0</i>
                <i>1 0 0 0 1 0 0 0 1 0 1.33 0</i>
                <i>1 0 0 0 1 0 0 0 1 0 1.33 0</i>
                <i>1 0 0 0 1 0 0 0 1 0 1.33 0</i>
                <i>1 0 0 0 1 0 0 0 1 0 1.33 0</i>
                <i>1 0 0 0 1 0 0 0 1 0 1.33 0</i>
                <i>1 0 0 0 1 0 0 0 1 0 1.33 0</i>
                <i>1 0 0 0 1 0 0 0 1 0 1.33 0</i>
                <i>1 0 0 0 1 0 0 0 1 0 1.33 0</i>
                <i>1 0 0 0 1 0 0 0 1 0 1.33 0</i>
                <i>1 0 0 0 1 0 0 0 1 0 1.33 0</i>
                <i>1 0 0 0 1 0 0 0 1 0 1.33 0</i>
                <i>1 0 0 0 1 0 0 0 1 0 1.33 0</i>
                <i>1 0 0 0 1 0 0 0 1 0 1.33 0</i>
                <i>1 0 0 0 1 0 0 0 1 0 1.33 0</i>
                <i>1 0 0 0 1 0 0 0 1 0 1.33 0</i>
                <i>1 0 0 0 1 0 0 0 1 0 1.33 0</i>
                <i>1 0 0 0 1 0 0 0 1 0 1.33 0</i>
                <i>1 0 0 0 1 0 0 0 1 0 1.33 0</i>
                <i>1 0 0 0 1 0 0 0 1 0 1.33 0</i>
                <i>1 0 0 0 1 0 0 0 1 0 1.33 0</i>
                <i>1 0 0 0 1 0 0 0 1 0 1.33 0</i>
                <i>1 0 0 0 1 0 0 0 1 0 1.33 0</i>
                <i>1 0 0 0 1 0 0 0 1 0 1.33 0</i>
                <i>1 0 0 0 1 0 0 0 1 0 1.33 0</i>
                <i>1 0 0 0 1 0 0 0 1 0 1.33 0</i>
                <i>1 0 0 0 1 0 0 0 1 0 1.33 0</i>
                <i>1 0 0 0 1 0 0 0 1 0 1.33 0</i>
                <i>1 0 0 0 1 0 0 0 1 0 1.33 0</i>
                <i>1 0 0 0 1 0 0 0 1 0 1.33 0</i>
                <i>1 0 0 0 1 0 0 0 1 0 1.33 0</i>
                <i>1 0 0 0 1 0 0 0 1 0 1.33 0</i>
                <i>1 0 0 0 1 0 0 0 1 0 1.33 0</i>
                <i>1 0 0 0 1 0 0 0 1 0 1.33 0</i>
                <i>1 0 0 0 1 0 0 0 1 0 1.33 0</i>
                <i>1 0 0 0 1 0 0 0 1 0 1.33 0</i>
                <i>1 0 0 0 1 0 0 0 1 0 1.33 0</i>
                <i>1 0 0 0 1 0 0 0 1 0 1.33 0</i>
                <i>1 0 0 0 1 0 0 0 1 0 1.33 0</i>
                <i>1 0 0 0 1 0 0 0 1 0 1.33 0</i>
                <i>1 0 0 0 1 0 0 0 1 0 1.33 0</i>
                <i>1 0 0 0 1 0 0 0 1 0 1.33 0</i>
                <i>1 0 0 0 1 0 0 0 1 0 1.33 0</i>
                <i>1 0 0 0 1 0 0 0 1 0 1.33 0</i>
                <i>1 0 0 0 1 0 0 0 1 0 1.33 0</i>
                <i>1 0 0 0 1 0 0 0 1 0 1.33 0</i>
                <i>1 0 0 0 1 0 0 0 1 0 1.33 0</i>
                <i>1 0 0 0 1 0 0 0 1 0 1.33 0</i>
                <i>1 0 0 0 1 0 0 0 1 0 1.33 0</i>
                <i>1 0 0 0 1 0 0 0 1 0 1.33 0</i>
                <i>1 0 0 0 1 0 0 0 1 0 1.33 0</i>
                <i>1 0 0 0 1 0 0 0 1 0 1.33 0</i>
                <i>1 0 0 0 1 0 0 0 1 0 1.33 0</i>
                <i>1 0 0 0 1 0 0 0 1 0 1.33 0</i>
                <i>1 0 0 0 1 0 0 0 1 0 1.33 0</i>
                <i>1 0 0 0 1 0 0 0 1 0 1.33 0</i>
                <i>1 0 0 0 1 0 0 0 1 0 1.33 0</i>
                <i>1 0 0 0 1 0 0 0 1 0 1.33 0</i>
                <i>1 0 0 0 1 0 0 0 1 0 1.33 0</i>
                <i>1 0 0 0 1 0 0 0 1 0 1.33 0</i>
                <i>1 0 0 0 1 0 0 0 1 0 1.33 0</i>
                <i>1 0 0 0 1 0 0 0 1 0 1.33 0</i>
                <i>1 0 0 0 1 0 0 0 1 0 1.33 0</i>
                <i>1 0 0 0 1 0 0 0 1 0 1.33 0</i>
                <i>1 0 0 0 1 0 0 0 1 0 1.33 0</i>
                <i>1 0 0 0 1 0 0 0 1 0 1.33 0</i>
                <i>1 0 0 0 1 0 0 0 1 0 1.33 0</i>
                <i>1 0 0 0 1 0 0 0 1 0 1.33 0</i>
                <i>1 0 0 0 1 0 0 0 1 0 1.33 0</i>
                <i>1 0 0 0 1 0 0 0 1 0 1.33 0</i>
                <i>1 0 0 0 1 0 0 0 1 0 1.33 0</i>
                <i>1 0 0 0 1 0 0 0 1 0 1.33 0</i>
                <i>1 0 0 0 1 0 0 0 1 0 1.33 0</i>
                <i>1 0 0 0 1 0 0 0 1 0 1.33 0</i>
                <i>1 0 0 0 1 0 0 0 1 0 1.33 0</i>
                <i>1 0 0 0 1 0 0 0 1 0 1.33 0</i>
                <i>1 0 0 0 1 0 0 0 1 0 1.33 0</i>
                <i>1 0 0 0 1 0 0 0 1 0 1.33 0</i>
                <i>1 0 0 0 1 0 0 0 1 0 1.33 0</i>
                <i>1 0 0 0 1 0 0 0 1 0 1.33 0</i>
                <i>1 0 0 0 1 0 0 0 1 0 1.33 0</i>
                <i>1 0 0 0 1 0 0 0 1 0 1.33 0</i>
                <i>1 0 0 0 1 0 0 0 1 0 1.33 0</i>
                <i>1 0 0 0 1 0 0 0 1 0 1.33 0</i>
                <i>1 0 0 0 1 0 0 0 1 0 1.33 0</i>
                <i>1 0 0 0 1 0 0 0 1 0 1.33 0</i>
                <i>1 0 0 0 1 0 0 0 1 0 1.33 0</i>
                <i>1 0 0 0 1 0 0 0 1 0 1.33 0</i>
                <i>1 0 0 0 1 0 0 0 1 0 1.33 0</i>
                <i>1 0 0 0 1 0 0 0 1 0 1.33 0</i>
                <i>1 0 0 0 1 0 0 0 1 0 1.33 0</i>
                <i>1 0 0 0 1 0 0 0 1 0 1.33 0</i>
                <i>1 0 0 0 1 0 0 0 1 0 1.33 0</i>
                <i>1 0 0 0 1 0 0 0 1 0 1.33 0</i>
                <i>1 0 0 0 1 0 0 0 1 0 1.33 0</i>
                <i>1 0 0 0 1 0 0 0 1 0 1.33 0</i>
                <i>1 0 0 0 1 0 0 0 1 0 1.33 0</i>
                <i>1 0 0 0 1 0 0 0 1 0 1.33 0</i>
                <i>1 0 0 0 1 0 0 0 1 0 1.33 0</i>
                <i>1 0 0 0 1 0 0 0 1 0 1.33 0</i>
                <i>1 0 0 0 1 0 0 0 1 0 1.33 0</i>
                <i>1 0 0 0 1 0 0 0 1 0 1.33 0</i>
                <i>1 0 0 0 1 0 0 0 1 0 1.33 0</i>
                <i>1 0 0 0 1 0 0 0 1 0 1.33 0</i>
                <i>1 0 0 0 1 0 0 0 1 0 1.33 0</i>
                <i>1 0 0 0 1 0 0 0 1 0 1.33 0</i>
                <i>1 0 0 0 1 0 0 0 1 0 1.33 0</i>
            </KeyFrames>
        </RefFrame>
        <Bones count="14">
            <i>
                <p>
                    <Name><![CDATA[aa_zu232_root]]></Name>
                    <Exclude>0</Exclude>
                    <Additive>0</Additive>
                    <IKPriority>0</IKPriority>
                    <IKRotLimits>-1e+010 -1e+010 -1e+010 1e+010 1e+010 1e+010</IKRotLimits>
                    <IKRotLimitOrder>0</IKRotLimitOrder>
                    <KeyFrames count="120">
                        <i>1 0 0 0 1 0 0 0 1 0 1.3332 0</i>
                        <i>1 0 0 0 1 0 0 0 1 0 1.3332 0</i>
                        <i>1 0 0 0 1 0 0 0 1 0 1.3332 0</i>
                        <i>1 0 0 0 1 0 0 0 1 0 1.3332 0</i>
                        <i>1 0 0 0 1 0 0 0 1 0 1.3332 0</i>
                        <i>1 0 0 0 1 0 0 0 1 0 1.3332 0</i>
                        <i>1 0 0 0 1 0 0 0 1 0 1.3332 0</i>
                        <i>1 0 0 0 1 0 0 0 1 0 1.3332 0</i>
                        <i>1 0 0 0 1 0 0 0 1 0 1.3332 0</i>
                        <i>1 0 0 0 1 0 0 0 1 0 1.3332 0</i>
                        <i>1 0 0 0 1 0 0 0 1 0 1.3332 0</i>
                        <i>1 0 0 0 1 0 0 0 1 0 1.3332 0</i>
                        <i>1 0 0 0 1 0 0 0 1 0 1.3332 0</i>
                        <i>1 0 0 0 1 0 0 0 1 0 1.3332 0</i>
                        <i>1 0 0 0 1 0 0 0 1 0 1.3332 0</i>
                        <i>1 0 0 0 1 0 0 0 1 0 1.3332 0</i>
                        <i>1 0 0 0 1 0 0 0 1 0 1.3332 0</i>
                        <i>1 0 0 0 1 0 0 0 1 0 1.3332 0</i>
                        <i>1 0 0 0 1 0 0 0 1 0 1.3332 0</i>
                        <i>1 0 0 0 1 0 0 0 1 0 1.3332 0</i>
                        <i>1 0 0 0 1 0 0 0 1 0 1.3332 0</i>
                        <i>1 0 0 0 1 0 0 0 1 0 1.3332 0</i>
                        <i>1 0 0 0 1 0 0 0 1 0 1.3332 0</i>
                        <i>1 0 0 0 1 0 0 0 1 0 1.3332 0</i>
                        <i>1 0 0 0 1 0 0 0 1 0 1.3332 0</i>
                        <i>1 0 0 0 1 0 0 0 1 0 1.3332 0</i>
                        <i>1 0 0 0 1 0 0 0 1 0 1.3332 0</i>
                        <i>1 0 0 0 1 0 0 0 1 0 1.3332 0</i>
                        <i>1 0 0 0 1 0 0 0 1 0 1.3332 0</i>
                        <i>1 0 0 0 1 0 0 0 1 0 1.3332 0</i>
                        <i>1 0 0 0 1 0 0 0 1 0 1.3332 0</i>
                        <i>1 0 0 0 1 0 0 0 1 0 1.3332 0</i>
                        <i>1 0 0 0 1 0 0 0 1 0 1.3332 0</i>
                        <i>1 0 0 0 1 0 0 0 1 0 1.3332 0</i>
                        <i>1 0 0 0 1 0 0 0 1 0 1.3332 0</i>
                        <i>1 0 0 0 1 0 0 0 1 0 1.3332 0</i>
                        <i>1 0 0 0 1 0 0 0 1 0 1.3332 0</i>
                        <i>1 0 0 0 1 0 0 0 1 0 1.3332 0</i>
                        <i>1 0 0 0 1 0 0 0 1 0 1.3332 0</i>
                        <i>1 0 0 0 1 0 0 0 1 0 1.3332 0</i>
                        <i>1 0 0 0 1 0 0 0 1 0 1.3332 0</i>
                        <i>1 0 0 0 1 0 0 0 1 0 1.3332 0</i>
                        <i>1 0 0 0 1 0 0 0 1 0 1.3332 0</i>
                        <i>1 0 0 0 1 0 0 0 1 0 1.3332 0</i>
                        <i>1 0 0 0 1 0 0 0 1 0 1.3332 0</i>
                        <i>1 0 0 0 1 0 0 0 1 0 1.3332 0</i>
                        <i>1 0 0 0 1 0 0 0 1 0 1.3332 0</i>
                        <i>1 0 0 0 1 0 0 0 1 0 1.3332 0</i>
                        <i>1 0 0 0 1 0 0 0 1 0 1.3332 0</i>
                        <i>1 0 0 0 1 0 0 0 1 0 1.3332 0</i>
                        <i>1 0 0 0 1 0 0 0 1 0 1.3332 0</i>
                        <i>1 0 0 0 1 0 0 0 1 0 1.3332 0</i>
                        <i>1 0 0 0 1 0 0 0 1 0 1.3332 0</i>
                        <i>1 0 0 0 1 0 0 0 1 0 1.3332 0</i>
                        <i>1 0 0 0 1 0 0 0 1 0 1.3332 0</i>
                        <i>1 0 0 0 1 0 0 0 1 0 1.3332 0</i>
                        <i>1 0 0 0 1 0 0 0 1 0 1.3332 0</i>
                        <i>1 0 0 0 1 0 0 0 1 0 1.3332 0</i>
                        <i>1 0 0 0 1 0 0 0 1 0 1.3332 0</i>
                        <i>1 0 0 0 1 0 0 0 1 0 1.3332 0</i>
                        <i>1 0 0 0 1 0 0 0 1 0 1.3332 0</i>
                        <i>1 0 0 0 1 0 0 0 1 0 1.3332 0</i>
                        <i>1 0 0 0 1 0 0 0 1 0 1.3332 0</i>
                        <i>1 0 0 0 1 0 0 0 1 0 1.3332 0</i>
                        <i>1 0 0 0 1 0 0 0 1 0 1.3332 0</i>
                        <i>1 0 0 0 1 0 0 0 1 0 1.3332 0</i>
                        <i>1 0 0 0 1 0 0 0 1 0 1.3332 0</i>
                        <i>1 0 0 0 1 0 0 0 1 0 1.3332 0</i>
                        <i>1 0 0 0 1 0 0 0 1 0 1.3332 0</i>
                        <i>1 0 0 0 1 0 0 0 1 0 1.3332 0</i>
                        <i>1 0 0 0 1 0 0 0 1 0 1.3332 0</i>
                        <i>1 0 0 0 1 0 0 0 1 0 1.3332 0</i>
                        <i>1 0 0 0 1 0 0 0 1 0 1.3332 0</i>
                        <i>1 0 0 0 1 0 0 0 1 0 1.3332 0</i>
                        <i>1 0 0 0 1 0 0 0 1 0 1.3332 0</i>
                        <i>1 0 0 0 1 0 0 0 1 0 1.3332 0</i>
                        <i>1 0 0 0 1 0 0 0 1 0 1.3332 0</i>
                        <i>1 0 0 0 1 0 0 0 1 0 1.3332 0</i>
                        <i>1 0 0 0 1 0 0 0 1 0 1.3332 0</i>
                        <i>1 0 0 0 1 0 0 0 1 0 1.3332 0</i>
                        <i>1 0 0 0 1 0 0 0 1 0 1.3332 0</i>
                        <i>1 0 0 0 1 0 0 0 1 0 1.3332 0</i>
                        <i>1 0 0 0 1 0 0 0 1 0 1.3332 0</i>
                        <i>1 0 0 0 1 0 0 0 1 0 1.3332 0</i>
                        <i>1 0 0 0 1 0 0 0 1 0 1.3332 0</i>
                        <i>1 0 0 0 1 0 0 0 1 0 1.3332 0</i>
                        <i>1 0 0 0 1 0 0 0 1 0 1.3332 0</i>
                        <i>1 0 0 0 1 0 0 0 1 0 1.3332 0</i>
                        <i>1 0 0 0 1 0 0 0 1 0 1.3332 0</i>
                        <i>1 0 0 0 1 0 0 0 1 0 1.3332 0</i>
                        <i>1 0 0 0 1 0 0 0 1 0 1.3332 0</i>
                        <i>1 0 0 0 1 0 0 0 1 0 1.3332 0</i>
                        <i>1 0 0 0 1 0 0 0 1 0 1.3332 0</i>
                        <i>1 0 0 0 1 0 0 0 1 0 1.3332 0</i>
                        <i>1 0 0 0 1 0 0 0 1 0 1.3332 0</i>
                        <i>1 0 0 0 1 0 0 0 1 0 1.3332 0</i>
                        <i>1 0 0 0 1 0 0 0 1 0 1.3332 0</i>
                        <i>1 0 0 0 1 0 0 0 1 0 1.3332 0</i>
                        <i>1 0 0 0 1 0 0 0 1 0 1.3332 0</i>
                        <i>1 0 0 0 1 0 0 0 1 0 1.3332 0</i>
                        <i>1 0 0 0 1 0 0 0 1 0 1.3332 0</i>
                        <i>1 0 0 0 1 0 0 0 1 0 1.3332 0</i>
                        <i>1 0 0 0 1 0 0 0 1 0 1.3332 0</i>
                        <i>1 0 0 0 1 0 0 0 1 0 1.3332 0</i>
                        <i>1 0 0 0 1 0 0 0 1 0 1.3332 0</i>
                        <i>1 0 0 0 1 0 0 0 1 0 1.3332 0</i>
                        <i>1 0 0 0 1 0 0 0 1 0 1.3332 0</i>
                        <i>1 0 0 0 1 0 0 0 1 0 1.3332 0</i>
                        <i>1 0 0 0 1 0 0 0 1 0 1.3332 0</i>
                        <i>1 0 0 0 1 0 0 0 1 0 1.3332 0</i>
                        <i>1 0 0 0 1 0 0 0 1 0 1.3332 0</i>
                        <i>1 0 0 0 1 0 0 0 1 0 1.3332 0</i>
                        <i>1 0 0 0 1 0 0 0 1 0 1.3332 0</i>
                        <i>1 0 0 0 1 0 0 0 1 0 1.3332 0</i>
                        <i>1 0 0 0 1 0 0 0 1 0 1.3332 0</i>
                        <i>1 0 0 0 1 0 0 0 1 0 1.3332 0</i>
                        <i>1 0 0 0 1 0 0 0 1 0 1.3332 0</i>
                        <i>1 0 0 0 1 0 0 0 1 0 1.3332 0</i>
                        <i>1 0 0 0 1 0 0 0 1 0 1.3332 0</i>
                        <i>1 0 0 0 1 0 0 0 1 0 1.3332 0</i>
                    </KeyFrames>
                </p>
            </i>
            <i>
                <p>
                    <Name><![CDATA[body]]></Name>
                    <Exclude>0</Exclude>
                    <Additive>0</Additive>
                    <IKPriority>0</IKPriority>
                    <IKRotLimits>-1e+010 -1e+010 -1e+010 1e+010 1e+010 1e+010</IKRotLimits>
                    <IKRotLimitOrder>0</IKRotLimitOrder>
                    <KeyFrames count="120">
                        <i>1 0 0 0 1 0 0 0 1 0 2.48279 0</i>
                        <i>1 0 0 0 1 0 0 0 1 0 2.48279 0</i>
                        <i>1 0 0 0 1 0 0 0 1 0 2.48279 0</i>
                        <i>1 0 0 0 1 0 0 0 1 0 2.48279 0</i>
                        <i>1 0 0 0 1 0 0 0 1 0 2.48279 0</i>
                        <i>1 0 0 0 1 0 0 0 1 0 2.48279 0</i>
                        <i>1 0 0 0 1 0 0 0 1 0 2.48279 0</i>
                        <i>1 0 0 0 1 0 0 0 1 0 2.48279 0</i>
                        <i>1 0 0 0 1 0 0 0 1 0 2.48279 0</i>
                        <i>1 0 0 0 1 0 0 0 1 0 2.48279 0</i>
                        <i>1 0 0 0 1 0 0 0 1 0 2.48279 0</i>
                        <i>1 0 0 0 1 0 0 0 1 0 2.48279 0</i>
                        <i>1 0 0 0 1 0 0 0 1 0 2.48279 0</i>
                        <i>1 0 0 0 1 0 0 0 1 0 2.48279 0</i>
                        <i>1 0 0 0 1 0 0 0 1 0 2.48279 0</i>
                        <i>1 0 0 0 1 0 0 0 1 0 2.48279 0</i>
                        <i>1 0 0 0 1 0 0 0 1 0 2.48279 0</i>
                        <i>1 0 0 0 1 0 0 0 1 0 2.48279 0</i>
                        <i>1 0 0 0 1 0 0 0 1 0 2.48279 0</i>
                        <i>1 0 0 0 1 0 0 0 1 0 2.48279 0</i>
                        <i>1 0 0 0 1 0 0 0 1 0 2.48279 0</i>
                        <i>1 0 0 0 1 0 0 0 1 0 2.48279 0</i>
                        <i>1 0 0 0 1 0 0 0 1 0 2.48279 0</i>
                        <i>1 0 0 0 1 0 0 0 1 0 2.48279 0</i>
                        <i>1 0 0 0 1 0 0 0 1 0 2.48279 0</i>
                        <i>1 0 0 0 1 0 0 0 1 0 2.48279 0</i>
                        <i>1 0 0 0 1 0 0 0 1 0 2.48279 0</i>
                        <i>1 0 0 0 1 0 0 0 1 0 2.48279 0</i>
                        <i>1 0 0 0 1 0 0 0 1 0 2.48279 0</i>
                        <i>1 0 0 0 1 0 0 0 1 0 2.48279 0</i>
                        <i>1 0 0 0 1 0 0 0 1 0 2.48279 0</i>
                        <i>1 0 0 0 1 0 0 0 1 0 2.48279 0</i>
                        <i>1 0 0 0 1 0 0 0 1 0 2.48279 0</i>
                        <i>1 0 0 0 1 0 0 0 1 0 2.48279 0</i>
                        <i>1 0 0 0 1 0 0 0 1 0 2.48279 0</i>
                        <i>1 0 0 0 1 0 0 0 1 0 2.48279 0</i>
                        <i>1 0 0 0 1 0 0 0 1 0 2.48279 0</i>
                        <i>1 0 0 0 1 0 0 0 1 0 2.48279 0</i>
                        <i>1 0 0 0 1 0 0 0 1 0 2.48279 0</i>
                        <i>1 0 0 0 1 0 0 0 1 0 2.48279 0</i>
                        <i>1 0 0 0 1 0 0 0 1 0 2.48279 0</i>
                        <i>1 0 0 0 1 0 0 0 1 0 2.48279 0</i>
                        <i>1 0 0 0 1 0 0 0 1 0 2.48279 0</i>
                        <i>1 0 0 0 1 0 0 0 1 0 2.48279 0</i>
                        <i>1 0 0 0 1 0 0 0 1 0 2.48279 0</i>
                        <i>1 0 0 0 1 0 0 0 1 0 2.48279 0</i>
                        <i>1 0 0 0 1 0 0 0 1 0 2.48279 0</i>
                        <i>1 0 0 0 1 0 0 0 1 0 2.48279 0</i>
                        <i>1 0 0 0 1 0 0 0 1 0 2.48279 0</i>
                        <i>1 0 0 0 1 0 0 0 1 0 2.48279 0</i>
                        <i>1 0 0 0 1 0 0 0 1 0 2.48279 0</i>
                        <i>1 0 0 0 1 0 0 0 1 0 2.48279 0</i>
                        <i>1 0 0 0 1 0 0 0 1 0 2.48279 0</i>
                        <i>1 0 0 0 1 0 0 0 1 0 2.48279 0</i>
                        <i>1 0 0 0 1 0 0 0 1 0 2.48279 0</i>
                        <i>1 0 0 0 1 0 0 0 1 0 2.48279 0</i>
                        <i>1 0 0 0 1 0 0 0 1 0 2.48279 0</i>
                        <i>1 0 0 0 1 0 0 0 1 0 2.48279 0</i>
                        <i>1 0 0 0 1 0 0 0 1 0 2.48279 0</i>
                        <i>1 0 0 0 1 0 0 0 1 0 2.48279 0</i>
                        <i>1 0 0 0 1 0 0 0 1 0 2.48279 0</i>
                        <i>1 0 0 0 1 0 0 0 1 0 2.48279 0</i>
                        <i>1 0 0 0 1 0 0 0 1 0 2.48279 0</i>
                        <i>1 0 0 0 1 0 0 0 1 0 2.48279 0</i>
                        <i>1 0 0 0 1 0 0 0 1 0 2.48279 0</i>
                        <i>1 0 0 0 1 0 0 0 1 0 2.48279 0</i>
                        <i>1 0 0 0 1 0 0 0 1 0 2.48279 0</i>
                        <i>1 0 0 0 1 0 0 0 1 0 2.48279 0</i>
                        <i>1 0 0 0 1 0 0 0 1 0 2.48279 0</i>
                        <i>1 0 0 0 1 0 0 0 1 0 2.48279 0</i>
                        <i>1 0 0 0 1 0 0 0 1 0 2.48279 0</i>
                        <i>1 0 0 0 1 0 0 0 1 0 2.48279 0</i>
                        <i>1 0 0 0 1 0 0 0 1 0 2.48279 0</i>
                        <i>1 0 0 0 1 0 0 0 1 0 2.48279 0</i>
                        <i>1 0 0 0 1 0 0 0 1 0 2.48279 0</i>
                        <i>1 0 0 0 1 0 0 0 1 0 2.48279 0</i>
                        <i>1 0 0 0 1 0 0 0 1 0 2.48279 0</i>
                        <i>1 0 0 0 1 0 0 0 1 0 2.48279 0</i>
                        <i>1 0 0 0 1 0 0 0 1 0 2.48279 0</i>
                        <i>1 0 0 0 1 0 0 0 1 0 2.48279 0</i>
                        <i>1 0 0 0 1 0 0 0 1 0 2.48279 0</i>
                        <i>1 0 0 0 1 0 0 0 1 0 2.48279 0</i>
                        <i>1 0 0 0 1 0 0 0 1 0 2.48279 0</i>
                        <i>1 0 0 0 1 0 0 0 1 0 2.48279 0</i>
                        <i>1 0 0 0 1 0 0 0 1 0 2.48279 0</i>
                        <i>1 0 0 0 1 0 0 0 1 0 2.48279 0</i>
                        <i>1 0 0 0 1 0 0 0 1 0 2.48279 0</i>
                        <i>1 0 0 0 1 0 0 0 1 0 2.48279 0</i>
                        <i>1 0 0 0 1 0 0 0 1 0 2.48279 0</i>
                        <i>1 0 0 0 1 0 0 0 1 0 2.48279 0</i>
                        <i>1 0 0 0 1 0 0 0 1 0 2.48279 0</i>
                        <i>1 0 0 0 1 0 0 0 1 0 2.48279 0</i>
                        <i>1 0 0 0 1 0 0 0 1 0 2.48279 0</i>
                        <i>1 0 0 0 1 0 0 0 1 0 2.48279 0</i>
                        <i>1 0 0 0 1 0 0 0 1 0 2.48279 0</i>
                        <i>1 0 0 0 1 0 0 0 1 0 2.48279 0</i>
                        <i>1 0 0 0 1 0 0 0 1 0 2.48279 0</i>
                        <i>1 0 0 0 1 0 0 0 1 0 2.48279 0</i>
                        <i>1 0 0 0 1 0 0 0 1 0 2.48279 0</i>
                        <i>1 0 0 0 1 0 0 0 1 0 2.48279 0</i>
                        <i>1 0 0 0 1 0 0 0 1 0 2.48279 0</i>
                        <i>1 0 0 0 1 0 0 0 1 0 2.48279 0</i>
                        <i>1 0 0 0 1 0 0 0 1 0 2.48279 0</i>
                        <i>1 0 0 0 1 0 0 0 1 0 2.48279 0</i>
                        <i>1 0 0 0 1 0 0 0 1 0 2.48279 0</i>
                        <i>1 0 0 0 1 0 0 0 1 0 2.48279 0</i>
                        <i>1 0 0 0 1 0 0 0 1 0 2.48279 0</i>
                        <i>1 0 0 0 1 0 0 0 1 0 2.48279 0</i>
                        <i>1 0 0 0 1 0 0 0 1 0 2.48279 0</i>
                        <i>1 0 0 0 1 0 0 0 1 0 2.48279 0</i>
                        <i>1 0 0 0 1 0 0 0 1 0 2.48279 0</i>
                        <i>1 0 0 0 1 0 0 0 1 0 2.48279 0</i>
                        <i>1 0 0 0 1 0 0 0 1 0 2.48279 0</i>
                        <i>1 0 0 0 1 0 0 0 1 0 2.48279 0</i>
                        <i>1 0 0 0 1 0 0 0 1 0 2.48279 0</i>
                        <i>1 0 0 0 1 0 0 0 1 0 2.48279 0</i>
                        <i>1 0 0 0 1 0 0 0 1 0 2.48279 0</i>
                        <i>1 0 0 0 1 0 0 0 1 0 2.48279 0</i>
                        <i>1 0 0 0 1 0 0 0 1 0 2.48279 0</i>
                        <i>1 0 0 0 1 0 0 0 1 0 2.48279 0</i>
                    </KeyFrames>
                </p>
            </i>
            <i>
                <p>
                    <Name><![CDATA[pitch]]></Name>
                    <Exclude>0</Exclude>
                    <Additive>0</Additive>
                    <IKPriority>0</IKPriority>
                    <IKRotLimits>-1e+010 -1e+010 -1e+010 1e+010 1e+010 1e+010</IKRotLimits>
                    <IKRotLimitOrder>0</IKRotLimitOrder>
                    <KeyFrames count="120">
                        <i>1 0 0 0 0.70627 -0.707943 0 0.707943 0.70627 0 4.17341 -0.230079</i>
                        <i>1 0 0 0 0.70627 -0.707943 0 0.707943 0.70627 0 4.17341 -0.230079</i>
                        <i>1 0 0 0 0.70627 -0.707943 0 0.707943 0.70627 0 4.17341 -0.230079</i>
                        <i>1 0 0 0 0.70627 -0.707943 0 0.707943 0.70627 0 4.17341 -0.230079</i>
                        <i>1 0 0 0 0.70627 -0.707943 0 0.707943 0.70627 0 4.17341 -0.230079</i>
                        <i>1 0 0 0 0.70627 -0.707943 0 0.707943 0.70627 0 4.17341 -0.230079</i>
                        <i>1 0 0 0 0.70627 -0.707943 0 0.707943 0.70627 0 4.17341 -0.230079</i>
                        <i>1 0 0 0 0.70627 -0.707943 0 0.707943 0.70627 0 4.17341 -0.230079</i>
                        <i>1 0 0 0 0.70627 -0.707943 0 0.707943 0.70627 0 4.17341 -0.230079</i>
                        <i>1 0 0 0 0.70627 -0.707943 0 0.707943 0.70627 0 4.17341 -0.230079</i>
                        <i>1 0 0 0 0.705774 -0.708437 0 0.708437 0.705774 0 4.17341 -0.230079</i>
                        <i>1 0 0 0 0.704312 -0.70989 0 0.70989 0.704312 0 4.17341 -0.230079</i>
                        <i>1 0 0 0 0.701919 -0.712257 0 0.712257 0.701919 0 4.17341 -0.230079</i>
                        <i>1 0 0 0 0.698625 -0.715488 0 0.715488 0.698625 0 4.17341 -0.230079</i>
                        <i>1 0 0 0 0.694459 -0.719532 0 0.719532 0.694459 0 4.17341 -0.230079</i>
                        <i>1 0 0 0 0.689449 -0.724334 0 0.724334 0.689449 0 4.17341 -0.230079</i>
                        <i>1 0 0 0 0.683619 -0.729839 0 0.729839 0.683619 0 4.17341 -0.230079</i>
                        <i>1 0 0 0 0.676994 -0.735988 0 0.735988 0.676994 0 4.17341 -0.230079</i>
                        <i>1 0 0 0 0.669598 -0.742724 0 0.742724 0.669598 0 4.17341 -0.230079</i>
                        <i>1 0 0 0 0.661454 -0.749986 0 0.749986 0.661454 0 4.17341 -0.230079</i>
                        <i>1 0 0 0 0.652587 -0.757714 0 0.757714 0.652587 0 4.17341 -0.230079</i>
                        <i>1 0 0 0 0.643021 -0.765848 0 0.765848 0.643021 0 4.17341 -0.230079</i>
                        <i>1 0 0 0 0.632783 -0.774329 0 0.774329 0.632783 0 4.17341 -0.230079</i>
                        <i>1 0 0 0 0.621901 -0.783096 0 0.783096 0.621901 0 4.17341 -0.230079</i>
                        <i>1 0 0 0 0.610402 -0.792091 0 0.792091 0.610402 0 4.17341 -0.230079</i>
                        <i>1 0 0 0 0.598319 -0.801258 0 0.801258 0.598319 0 4.17341 -0.230079</i>
                        <i>1 0 0 0 0.585685 -0.810539 0 0.810539 0.585685 0 4.17341 -0.230079</i>
                        <i>1 0 0 0 0.572535 -0.81988 0 0.81988 0.572535 0 4.17341 -0.230079</i>
                        <i>1 0 0 0 0.558907 -0.829231 0 0.829231 0.558907 0 4.17341 -0.230079</i>
                        <i>1 0 0 0 0.54484 -0.83854 0 0.83854 0.54484 0 4.17341 -0.230079</i>
                        <i>1 0 0 0 0.530378 -0.847761 0 0.847761 0.530378 0 4.17341 -0.230079</i>
                        <i>1 0 0 0 0.515566 -0.85685 0 0.85685 0.515566 0 4.17341 -0.230079</i>
                        <i>1 0 0 0 0.50045 -0.865765 0 0.865765 0.50045 0 4.17341 -0.230079</i>
                        <i>1 0 0 0 0.485081 -0.874469 0 0.874469 0.485081 0 4.17341 -0.230079</i>
                        <i>1 0 0 0 0.469511 -0.882927 0 0.882927 0.469511 0 4.17341 -0.230079</i>
                        <i>1 0 0 0 0.453793 -0.891107 0 0.891107 0.453793 0 4.17341 -0.230079</i>
                        <i>1 0 0 0 0.437984 -0.898983 0 0.898983 0.437984 0 4.17341 -0.230079</i>
                        <i>1 0 0 0 0.422141 -0.90653 0 0.90653 0.422141 0 4.17341 -0.230079</i>
                        <i>1 0 0 0 0.406324 -0.913729 0 0.913729 0.406324 0 4.17341 -0.230079</i>
                        <i>1 0 0 0 0.390592 -0.920564 0 0.920564 0.390592 0 4.17341 -0.230079</i>
                        <i>1 0 0 0 0.375009 -0.927021 0 0.927021 0.375009 0 4.17341 -0.230079</i>
                        <i>1 0 0 0 0.359637 -0.933092 0 0.933092 0.359637 0 4.17341 -0.230079</i>
                        <i>1 0 0 0 0.344539 -0.938772 0 0.938772 0.344539 0 4.17341 -0.230079</i>
                        <i>1 0 0 0 0.329781 -0.944058 0 0.944058 0.329781 0 4.17341 -0.230079</i>
                        <i>1 0 0 0 0.315425 -0.94895 0 0.94895 0.315425 0 4.17341 -0.230079</i>
                        <i>1 0 0 0 0.301539 -0.953454 0 0.953454 0.301539 0 4.17341 -0.230079</i>
                        <i>1 0 0 0 0.288185 -0.957575 0 0.957575 0.288185 0 4.17341 -0.230079</i>
                        <i>1 0 0 0 0.27543 -0.961321 0 0.961321 0.27543 0 4.17341 -0.230079</i>
                        <i>1 0 0 0 0.263338 -0.964704 0 0.964704 0.263338 0 4.17341 -0.230079</i>
                        <i>1 0 0 0 0.251972 -0.967734 0 0.967734 0.251972 0 4.17341 -0.230079</i>
                        <i>1 0 0 0 0.241398 -0.970426 0 0.970426 0.241398 0 4.17341 -0.230079</i>
                        <i>1 0 0 0 0.231678 -0.972792 0 0.972792 0.231678 0 4.17341 -0.230079</i>
                        <i>1 0 0 0 0.222876 -0.974847 0 0.974847 0.222876 0 4.17341 -0.230079</i>
                        <i>1 0 0 0 0.215052 -0.976603 0 0.976603 0.215052 0 4.17341 -0.230079</i>
                        <i>1 0 0 0 0.208269 -0.978072 0 0.978072 0.208269 0 4.17341 -0.230079</i>
                        <i>1 0 0 0 0.202588 -0.979264 0 0.979264 0.202588 0 4.17341 -0.230079</i>
                        <i>1 0 0 0 0.198067 -0.980188 0 0.980188 0.198067 0 4.17341 -0.230079</i>
                        <i>1 0 0 0 0.194766 -0.98085 0 0.98085 0.194766 0 4.17341 -0.230079</i>
                        <i>1 0 0 0 0.192744 -0.981249 0 0.981249 0.192744 0 4.17341 -0.230079</i>
                        <i>1 0 0 0 0.192058 -0.981384 0 0.981384 0.192058 0 4.17341 -0.230079</i>
                        <i>1 0 0 0 0.192058 -0.981384 0 0.981384 0.192058 0 4.17341 -0.230079</i>
                        <i>1 0 0 0 0.192058 -0.981384 0 0.981384 0.192058 0 4.17341 -0.230079</i>
                        <i>1 0 0 0 0.192058 -0.981384 0 0.981384 0.192058 0 4.17341 -0.230079</i>
                        <i>1 0 0 0 0.192058 -0.981384 0 0.981384 0.192058 0 4.17341 -0.230079</i>
                        <i>1 0 0 0 0.192058 -0.981384 0 0.981384 0.192058 0 4.17341 -0.230079</i>
                        <i>1 0 0 0 0.192058 -0.981384 0 0.981384 0.192058 0 4.17341 -0.230079</i>
                        <i>1 0 0 0 0.192058 -0.981384 0 0.981384 0.192058 0 4.17341 -0.230079</i>
                        <i>1 0 0 0 0.192058 -0.981384 0 0.981384 0.192058 0 4.17341 -0.230079</i>
                        <i>1 0 0 0 0.192058 -0.981384 0 0.981384 0.192058 0 4.17341 -0.230079</i>
                        <i>1 0 0 0 0.192058 -0.981384 0 0.981384 0.192058 0 4.17341 -0.230079</i>
                        <i>1 0 0 0 0.192517 -0.981294 0 0.981294 0.192517 0 4.17341 -0.230079</i>
                        <i>1 0 0 0 0.193876 -0.981026 0 0.981026 0.193876 0 4.17341 -0.230079</i>
                        <i>1 0 0 0 0.196106 -0.980583 0 0.980583 0.196106 0 4.17341 -0.230079</i>
                        <i>1 0 0 0 0.199179 -0.979963 0 0.979963 0.199179 0 4.17341 -0.230079</i>
                        <i>1 0 0 0 0.203064 -0.979165 0 0.979165 0.203064 0 4.17341 -0.230079</i>
                        <i>1 0 0 0 0.207733 -0.978186 0 0.978186 0.207733 0 4.17341 -0.230079</i>
                        <i>1 0 0 0 0.213154 -0.977019 0 0.977019 0.213154 0 4.17341 -0.230079</i>
                        <i>1 0 0 0 0.219298 -0.975658 0 0.975658 0.219298 0 4.17341 -0.230079</i>
                        <i>1 0 0 0 0.226133 -0.974096 0 0.974096 0.226133 0 4.17341 -0.230079</i>
                        <i>1 0 0 0 0.233628 -0.972326 0 0.972326 0.233628 0 4.17341 -0.230079</i>
                        <i>1 0 0 0 0.241751 -0.970338 0 0.970338 0.241751 0 4.17341 -0.230079</i>
                        <i>1 0 0 0 0.250471 -0.968124 0 0.968124 0.250471 0 4.17341 -0.230079</i>
                        <i>1 0 0 0 0.259755 -0.965674 0 0.965674 0.259755 0 4.17341 -0.230079</i>
                        <i>1 0 0 0 0.269571 -0.962981 0 0.962981 0.269571 0 4.17341 -0.230079</i>
                        <i>1 0 0 0 0.279885 -0.960033 0 0.960033 0.279885 0 4.17341 -0.230079</i>
                        <i>1 0 0 0 0.290665 -0.956825 0 0.956825 0.290665 0 4.17341 -0.230079</i>
                        <i>1 0 0 0 0.301877 -0.953347 0 0.953347 0.301877 0 4.17341 -0.230079</i>
                        <i>1 0 0 0 0.313487 -0.949593 0 0.949593 0.313487 0 4.17341 -0.230079</i>
                        <i>1 0 0 0 0.325461 -0.945555 0 0.945555 0.325461 0 4.17341 -0.230079</i>
                        <i>1 0 0 0 0.337767 -0.94123 0 0.94123 0.337767 0 4.17341 -0.230079</i>
                        <i>1 0 0 0 0.350369 -0.936612 0 0.936612 0.350369 0 4.17341 -0.230079</i>
                        <i>1 0 0 0 0.363234 -0.931698 0 0.931698 0.363234 0 4.17341 -0.230079</i>
                        <i>1 0 0 0 0.376328 -0.926486 0 0.926486 0.376328 0 4.17341 -0.230079</i>
                        <i>1 0 0 0 0.389617 -0.920977 0 0.920977 0.389617 0 4.17341 -0.230079</i>
                        <i>1 0 0 0 0.403068 -0.91517 0 0.91517 0.403068 0 4.17341 -0.230079</i>
                        <i>1 0 0 0 0.416648 -0.909068 0 0.909068 0.416648 0 4.17341 -0.230079</i>
                        <i>1 0 0 0 0.430322 -0.902675 0 0.902675 0.430322 0 4.17341 -0.230079</i>
                        <i>1 0 0 0 0.44406 -0.895997 0 0.895997 0.44406 0 4.17341 -0.230079</i>
                        <i>1 0 0 0 0.457829 -0.88904 0 0.88904 0.457829 0 4.17341 -0.230079</i>
                        <i>1 0 0 0 0.471597 -0.881814 0 0.881814 0.471597 0 4.17341 -0.230079</i>
                        <i>1 0 0 0 0.485333 -0.874329 0 0.874329 0.485333 0 4.17341 -0.230079</i>
                        <i>1 0 0 0 0.499009 -0.866597 0 0.866597 0.499009 0 4.17341 -0.230079</i>
                        <i>1 0 0 0 0.512593 -0.858632 0 0.858632 0.512593 0 4.17341 -0.230079</i>
                        <i>1 0 0 0 0.526059 -0.850448 0 0.850448 0.526059 0 4.17341 -0.230079</i>
                        <i>1 0 0 0 0.539378 -0.842064 0 0.842064 0.539378 0 4.17341 -0.230079</i>
                        <i>1 0 0 0 0.552524 -0.833497 0 0.833497 0.552524 0 4.17341 -0.230079</i>
                        <i>1 0 0 0 0.565471 -0.824768 0 0.824768 0.565471 0 4.17341 -0.230079</i>
                        <i>1 0 0 0 0.578196 -0.815898 0 0.815898 0.578196 0 4.17341 -0.230079</i>
                        <i>1 0 0 0 0.590675 -0.80691 0 0.80691 0.590675 0 4.17341 -0.230079</i>
                        <i>1 0 0 0 0.602886 -0.797828 0 0.797828 0.602886 0 4.17341 -0.230079</i>
                        <i>1 0 0 0 0.614808 -0.788677 0 0.788677 0.614808 0 4.17341 -0.230079</i>
                        <i>1 0 0 0 0.626422 -0.779484 0 0.779484 0.626422 0 4.17341 -0.230079</i>
                        <i>1 0 0 0 0.637709 -0.770278 0 0.770278 0.637709 0 4.17341 -0.230079</i>
                        <i>1 0 0 0 0.648652 -0.761085 0 0.761085 0.648652 0 4.17341 -0.230079</i>
                        <i>1 0 0 0 0.659235 -0.751937 0 0.751937 0.659235 0 4.17341 -0.230079</i>
                        <i>1 0 0 0 0.669443 -0.742863 0 0.742863 0.669443 0 4.17341 -0.230079</i>
                        <i>1 0 0 0 0.679263 -0.733895 0 0.733895 0.679263 0 4.17341 -0.230079</i>
                        <i>1 0 0 0 0.688682 -0.725064 0 0.725064 0.688682 0 4.17341 -0.230079</i>
                        <i>1 0 0 0 0.697687 -0.716402 0 0.716402 0.697687 0 4.17341 -0.230079</i>
                        <i>1 0 0 0 0.70627 -0.707943 0 0.707943 0.70627 0 4.17341 -0.230079</i>
                    </KeyFrames>
                </p>
            </i>
            <i>
                <p>
                    <Name><![CDATA[r_barrel]]></Name>
                    <Exclude>0</Exclude>
                    <Additive>0</Additive>
                    <IKPriority>0</IKPriority>
                    <IKRotLimits>-1e+010 -1e+010 -1e+010 1e+010 1e+010 1e+010</IKRotLimits>
                    <IKRotLimitOrder>0</IKRotLimitOrder>
                    <KeyFrames count="120">
                        <i>1 0 0 0 0.70627 -0.707943 0 0.707943 0.70627 -0.389352 9.7567 5.1248</i>
                        <i>1 0 0 0 0.70627 -0.707943 0 0.707943 0.70627 -0.389352 9.7567 5.1248</i>
                        <i>1 0 0 0 0.70627 -0.707943 0 0.707943 0.70627 -0.389352 9.7567 5.1248</i>
                        <i>1 0 0 0 0.70627 -0.707943 0 0.707943 0.70627 -0.389352 9.7567 5.1248</i>
                        <i>1 0 0 0 0.70627 -0.707943 0 0.707943 0.70627 -0.389352 9.7567 5.1248</i>
                        <i>1 0 0 0 0.70627 -0.707943 0 0.707943 0.70627 -0.389352 9.7567 5.1248</i>
                        <i>1 0 0 0 0.70627 -0.707943 0 0.707943 0.70627 -0.389352 9.7567 5.1248</i>
                        <i>1 0 0 0 0.70627 -0.707943 0 0.707943 0.70627 -0.389352 9.7567 5.1248</i>
                        <i>1 0 0 0 0.70627 -0.707943 0 0.707943 0.70627 -0.389352 9.7567 5.1248</i>
                        <i>1 0 0 0 0.70627 -0.707943 0 0.707943 0.70627 -0.389352 9.7567 5.1248</i>
                        <i>1 0 0 0 0.705774 -0.708437 0 0.708437 0.705774 -0.389352 9.76044 5.12089</i>
                        <i>1 0 0 0 0.704312 -0.70989 0 0.70989 0.704312 -0.389352 9.77146 5.10936</i>
                        <i>1 0 0 0 0.701919 -0.712257 0 0.712257 0.701919 -0.389352 9.7894 5.09049</i>
                        <i>1 0 0 0 0.698625 -0.715488 0 0.715488 0.698625 -0.389352 9.81389 5.06452</i>
                        <i>1 0 0 0 0.694459 -0.719532 0 0.719532 0.694459 -0.389352 9.84454 5.03169</i>
                        <i>1 0 0 0 0.689449 -0.724334 0 0.724334 0.689449 -0.389352 9.88092 4.9922</i>
                        <i>1 0 0 0 0.683619 -0.729839 0 0.729839 0.683619 -0.389352 9.92261 4.94627</i>
                        <i>1 0 0 0 0.676994 -0.735988 0 0.735988 0.676994 -0.389352 9.96916 4.89409</i>
                        <i>1 0 0 0 0.669598 -0.742724 0 0.742724 0.669598 -0.389352 10.0201 4.83586</i>
                        <i>1 0 0 0 0.661454 -0.749986 0 0.749986 0.661454 -0.389352 10.0751 4.77176</i>
                        <i>1 0 0 0 0.652587 -0.757714 0 0.757714 0.652587 -0.389352 10.1335 4.702</i>
                        <i>1 0 0 0 0.643021 -0.765848 0 0.765848 0.643021 -0.389352 10.1949 4.62677</i>
                        <i>1 0 0 0 0.632783 -0.774329 0 0.774329 0.632783 -0.389352 10.259 4.54629</i>
                        <i>1 0 0 0 0.621901 -0.783096 0 0.783096 0.621901 -0.389352 10.3251 4.46078</i>
                        <i>1 0 0 0 0.610402 -0.792091 0 0.792091 0.610402 -0.389352 10.393 4.37048</i>
                        <i>1 0 0 0 0.598319 -0.801258 0 0.801258 0.598319 -0.389352 10.462 4.27563</i>
                        <i>1 0 0 0 0.585685 -0.810539 0 0.810539 0.585685 -0.389352 10.5319 4.17649</i>
                        <i>1 0 0 0 0.572535 -0.81988 0 0.81988 0.572535 -0.389352 10.6021 4.07335</i>
                        <i>1 0 0 0 0.558907 -0.829231 0 0.829231 0.558907 -0.389352 10.6724 3.96652</i>
                        <i>1 0 0 0 0.54484 -0.83854 0 0.83854 0.54484 -0.389352 10.7422 3.8563</i>
                        <i>1 0 0 0 0.530378 -0.847761 0 0.847761 0.530378 -0.389352 10.8113 3.74304</i>
                        <i>1 0 0 0 0.515566 -0.85685 0 0.85685 0.515566 -0.389352 10.8794 3.62708</i>
                        <i>1 0 0 0 0.50045 -0.865765 0 0.865765 0.50045 -0.389352 10.946 3.50881</i>
                        <i>1 0 0 0 0.485081 -0.874469 0 0.874469 0.485081 -0.389352 11.011 3.38861</i>
                        <i>1 0 0 0 0.469511 -0.882927 0 0.882927 0.469511 -0.389352 11.0741 3.26689</i>
                        <i>1 0 0 0 0.453793 -0.891107 0 0.891107 0.453793 -0.389352 11.1349 3.14408</i>
                        <i>1 0 0 0 0.437984 -0.898983 0 0.898983 0.437984 -0.389352 11.1934 3.0206</i>
                        <i>1 0 0 0 0.422141 -0.90653 0 0.90653 0.422141 -0.389352 11.2494 2.89691</i>
                        <i>1 0 0 0 0.406324 -0.913729 0 0.913729 0.406324 -0.389352 11.3027 2.77347</i>
                        <i>1 0 0 0 0.390592 -0.920564 0 0.920564 0.390592 -0.389352 11.3531 2.65075</i>
                        <i>1 0 0 0 0.375009 -0.927021 0 0.927021 0.375009 -0.389352 11.4007 2.52924</i>
                        <i>1 0 0 0 0.359637 -0.933092 0 0.933092 0.359637 -0.389352 11.4453 2.40942</i>
                        <i>1 0 0 0 0.344539 -0.938772 0 0.938772 0.344539 -0.389352 11.487 2.29178</i>
                        <i>1 0 0 0 0.329781 -0.944058 0 0.944058 0.329781 -0.389352 11.5256 2.17682</i>
                        <i>1 0 0 0 0.315425 -0.94895 0 0.94895 0.315425 -0.389352 11.5613 2.06504</i>
                        <i>1 0 0 0 0.301539 -0.953454 0 0.953454 0.301539 -0.389352 11.594 1.95694</i>
                        <i>1 0 0 0 0.288185 -0.957575 0 0.957575 0.288185 -0.389352 11.6238 1.85303</i>
                        <i>1 0 0 0 0.27543 -0.961321 0 0.961321 0.27543 -0.389352 11.6508 1.7538</i>
                        <i>1 0 0 0 0.263338 -0.964704 0 0.964704 0.263338 -0.389352 11.6752 1.65976</i>
                        <i>1 0 0 0 0.251972 -0.967734 0 0.967734 0.251972 -0.389352 11.6969 1.57139</i>
