<?xml version="1.0" encoding="ISO-8859-1" ?>
<Animl Version="1">
    <ModellingPackage><![CDATA[Maya.2010]]></ModellingPackage>
    <SrcFile><![CDATA[anims\bosses\red\~src\sub_typhoon_tesla\sub_typhoon_tesla_reload_low.mb]]></SrcFile>
    <FramesPerSecond>30</FramesPerSecond>
    <TotalFrames>151</TotalFrames>
    <Skeleton>
        <RefFrame>
            <Name><![CDATA[typhoon_tesla_ref_frame]]></Name>
            <Exclude>0</Exclude>
            <Additive>0</Additive>
            <IKPriority>0</IKPriority>
            <IKRotLimits>-1e+010 -1e+010 -1e+010 1e+010 1e+010 1e+010</IKRotLimits>
            <IKRotLimitOrder>0</IKRotLimitOrder>
            <KeyFrames count="151">
                <i>1 0 0 0 1 0 0 0 1 0 0 0</i>
                <i>1 0 0 0 1 0 0 0 1 0 0 0</i>
                <i>1 0 0 0 1 0 0 0 1 0 0 0</i>
                <i>1 0 0 0 1 0 0 0 1 0 0 0</i>
                <i>1 0 0 0 1 0 0 0 1 0 0 0</i>
                <i>1 0 0 0 1 0 0 0 1 0 0 0</i>
                <i>1 0 0 0 1 0 0 0 1 0 0 0</i>
                <i>1 0 0 0 1 0 0 0 1 0 0 0</i>
                <i>1 0 0 0 1 0 0 0 1 0 0 0</i>
                <i>1 0 0 0 1 0 0 0 1 0 0 0</i>
                <i>1 0 0 0 1 0 0 0 1 0 0 0</i>
                <i>1 0 0 0 1 0 0 0 1 0 0 0</i>
                <i>1 0 0 0 1 0 0 0 1 0 0 0</i>
                <i>1 0 0 0 1 0 0 0 1 0 0 0</i>
                <i>1 0 0 0 1 0 0 0 1 0 0 0</i>
                <i>1 0 0 0 1 0 0 0 1 0 0 0</i>
                <i>1 0 0 0 1 0 0 0 1 0 0 0</i>
                <i>1 0 0 0 1 0 0 0 1 0 0 0</i>
                <i>1 0 0 0 1 0 0 0 1 0 0 0</i>
                <i>1 0 0 0 1 0 0 0 1 0 0 0</i>
                <i>1 0 0 0 1 0 0 0 1 0 0 0</i>
                <i>1 0 0 0 1 0 0 0 1 0 0 0</i>
                <i>1 0 0 0 1 0 0 0 1 0 0 0</i>
                <i>1 0 0 0 1 0 0 0 1 0 0 0</i>
                <i>1 0 0 0 1 0 0 0 1 0 0 0</i>
                <i>1 0 0 0 1 0 0 0 1 0 0 0</i>
                <i>1 0 0 0 1 0 0 0 1 0 0 0</i>
                <i>1 0 0 0 1 0 0 0 1 0 0 0</i>
                <i>1 0 0 0 1 0 0 0 1 0 0 0</i>
                <i>1 0 0 0 1 0 0 0 1 0 0 0</i>
                <i>1 0 0 0 1 0 0 0 1 0 0 0</i>
                <i>1 0 0 0 1 0 0 0 1 0 0 0</i>
                <i>1 0 0 0 1 0 0 0 1 0 0 0</i>
                <i>1 0 0 0 1 0 0 0 1 0 0 0</i>
                <i>1 0 0 0 1 0 0 0 1 0 0 0</i>
                <i>1 0 0 0 1 0 0 0 1 0 0 0</i>
                <i>1 0 0 0 1 0 0 0 1 0 0 0</i>
                <i>1 0 0 0 1 0 0 0 1 0 0 0</i>
                <i>1 0 0 0 1 0 0 0 1 0 0 0</i>
                <i>1 0 0 0 1 0 0 0 1 0 0 0</i>
                <i>1 0 0 0 1 0 0 0 1 0 0 0</i>
                <i>1 0 0 0 1 0 0 0 1 0 0 0</i>
                <i>1 0 0 0 1 0 0 0 1 0 0 0</i>
                <i>1 0 0 0 1 0 0 0 1 0 0 0</i>
                <i>1 0 0 0 1 0 0 0 1 0 0 0</i>
                <i>1 0 0 0 1 0 0 0 1 0 0 0</i>
                <i>1 0 0 0 1 0 0 0 1 0 0 0</i>
                <i>1 0 0 0 1 0 0 0 1 0 0 0</i>
                <i>1 0 0 0 1 0 0 0 1 0 0 0</i>
                <i>1 0 0 0 1 0 0 0 1 0 0 0</i>
                <i>1 0 0 0 1 0 0 0 1 0 0 0</i>
                <i>1 0 0 0 1 0 0 0 1 0 0 0</i>
                <i>1 0 0 0 1 0 0 0 1 0 0 0</i>
                <i>1 0 0 0 1 0 0 0 1 0 0 0</i>
                <i>1 0 0 0 1 0 0 0 1 0 0 0</i>
                <i>1 0 0 0 1 0 0 0 1 0 0 0</i>
                <i>1 0 0 0 1 0 0 0 1 0 0 0</i>
                <i>1 0 0 0 1 0 0 0 1 0 0 0</i>
                <i>1 0 0 0 1 0 0 0 1 0 0 0</i>
                <i>1 0 0 0 1 0 0 0 1 0 0 0</i>
                <i>1 0 0 0 1 0 0 0 1 0 0 0</i>
                <i>1 0 0 0 1 0 0 0 1 0 0 0</i>
                <i>1 0 0 0 1 0 0 0 1 0 0 0</i>
                <i>1 0 0 0 1 0 0 0 1 0 0 0</i>
                <i>1 0 0 0 1 0 0 0 1 0 0 0</i>
                <i>1 0 0 0 1 0 0 0 1 0 0 0</i>
                <i>1 0 0 0 1 0 0 0 1 0 0 0</i>
                <i>1 0 0 0 1 0 0 0 1 0 0 0</i>
                <i>1 0 0 0 1 0 0 0 1 0 0 0</i>
                <i>1 0 0 0 1 0 0 0 1 0 0 0</i>
                <i>1 0 0 0 1 0 0 0 1 0 0 0</i>
                <i>1 0 0 0 1 0 0 0 1 0 0 0</i>
                <i>1 0 0 0 1 0 0 0 1 0 0 0</i>
                <i>1 0 0 0 1 0 0 0 1 0 0 0</i>
                <i>1 0 0 0 1 0 0 0 1 0 0 0</i>
                <i>1 0 0 0 1 0 0 0 1 0 0 0</i>
                <i>1 0 0 0 1 0 0 0 1 0 0 0</i>
                <i>1 0 0 0 1 0 0 0 1 0 0 0</i>
                <i>1 0 0 0 1 0 0 0 1 0 0 0</i>
                <i>1 0 0 0 1 0 0 0 1 0 0 0</i>
                <i>1 0 0 0 1 0 0 0 1 0 0 0</i>
                <i>1 0 0 0 1 0 0 0 1 0 0 0</i>
                <i>1 0 0 0 1 0 0 0 1 0 0 0</i>
                <i>1 0 0 0 1 0 0 0 1 0 0 0</i>
                <i>1 0 0 0 1 0 0 0 1 0 0 0</i>
                <i>1 0 0 0 1 0 0 0 1 0 0 0</i>
                <i>1 0 0 0 1 0 0 0 1 0 0 0</i>
                <i>1 0 0 0 1 0 0 0 1 0 0 0</i>
                <i>1 0 0 0 1 0 0 0 1 0 0 0</i>
                <i>1 0 0 0 1 0 0 0 1 0 0 0</i>
                <i>1 0 0 0 1 0 0 0 1 0 0 0</i>
                <i>1 0 0 0 1 0 0 0 1 0 0 0</i>
                <i>1 0 0 0 1 0 0 0 1 0 0 0</i>
                <i>1 0 0 0 1 0 0 0 1 0 0 0</i>
                <i>1 0 0 0 1 0 0 0 1 0 0 0</i>
                <i>1 0 0 0 1 0 0 0 1 0 0 0</i>
                <i>1 0 0 0 1 0 0 0 1 0 0 0</i>
                <i>1 0 0 0 1 0 0 0 1 0 0 0</i>
                <i>1 0 0 0 1 0 0 0 1 0 0 0</i>
                <i>1 0 0 0 1 0 0 0 1 0 0 0</i>
                <i>1 0 0 0 1 0 0 0 1 0 0 0</i>
                <i>1 0 0 0 1 0 0 0 1 0 0 0</i>
                <i>1 0 0 0 1 0 0 0 1 0 0 0</i>
                <i>1 0 0 0 1 0 0 0 1 0 0 0</i>
                <i>1 0 0 0 1 0 0 0 1 0 0 0</i>
                <i>1 0 0 0 1 0 0 0 1 0 0 0</i>
                <i>1 0 0 0 1 0 0 0 1 0 0 0</i>
                <i>1 0 0 0 1 0 0 0 1 0 0 0</i>
                <i>1 0 0 0 1 0 0 0 1 0 0 0</i>
                <i>1 0 0 0 1 0 0 0 1 0 0 0</i>
                <i>1 0 0 0 1 0 0 0 1 0 0 0</i>
                <i>1 0 0 0 1 0 0 0 1 0 0 0</i>
                <i>1 0 0 0 1 0 0 0 1 0 0 0</i>
                <i>1 0 0 0 1 0 0 0 1 0 0 0</i>
                <i>1 0 0 0 1 0 0 0 1 0 0 0</i>
                <i>1 0 0 0 1 0 0 0 1 0 0 0</i>
                <i>1 0 0 0 1 0 0 0 1 0 0 0</i>
                <i>1 0 0 0 1 0 0 0 1 0 0 0</i>
                <i>1 0 0 0 1 0 0 0 1 0 0 0</i>
                <i>1 0 0 0 1 0 0 0 1 0 0 0</i>
                <i>1 0 0 0 1 0 0 0 1 0 0 0</i>
                <i>1 0 0 0 1 0 0 0 1 0 0 0</i>
                <i>1 0 0 0 1 0 0 0 1 0 0 0</i>
                <i>1 0 0 0 1 0 0 0 1 0 0 0</i>
                <i>1 0 0 0 1 0 0 0 1 0 0 0</i>
                <i>1 0 0 0 1 0 0 0 1 0 0 0</i>
                <i>1 0 0 0 1 0 0 0 1 0 0 0</i>
                <i>1 0 0 0 1 0 0 0 1 0 0 0</i>
                <i>1 0 0 0 1 0 0 0 1 0 0 0</i>
                <i>1 0 0 0 1 0 0 0 1 0 0 0</i>
                <i>1 0 0 0 1 0 0 0 1 0 0 0</i>
                <i>1 0 0 0 1 0 0 0 1 0 0 0</i>
                <i>1 0 0 0 1 0 0 0 1 0 0 0</i>
                <i>1 0 0 0 1 0 0 0 1 0 0 0</i>
                <i>1 0 0 0 1 0 0 0 1 0 0 0</i>
                <i>1 0 0 0 1 0 0 0 1 0 0 0</i>
                <i>1 0 0 0 1 0 0 0 1 0 0 0</i>
                <i>1 0 0 0 1 0 0 0 1 0 0 0</i>
                <i>1 0 0 0 1 0 0 0 1 0 0 0</i>
                <i>1 0 0 0 1 0 0 0 1 0 0 0</i>
                <i>1 0 0 0 1 0 0 0 1 0 0 0</i>
                <i>1 0 0 0 1 0 0 0 1 0 0 0</i>
                <i>1 0 0 0 1 0 0 0 1 0 0 0</i>
                <i>1 0 0 0 1 0 0 0 1 0 0 0</i>
                <i>1 0 0 0 1 0 0 0 1 0 0 0</i>
                <i>1 0 0 0 1 0 0 0 1 0 0 0</i>
                <i>1 0 0 0 1 0 0 0 1 0 0 0</i>
                <i>1 0 0 0 1 0 0 0 1 0 0 0</i>
                <i>1 0 0 0 1 0 0 0 1 0 0 0</i>
                <i>1 0 0 0 1 0 0 0 1 0 0 0</i>
                <i>1 0 0 0 1 0 0 0 1 0 0 0</i>
            </KeyFrames>
        </RefFrame>
        <Bones count="5">
            <i>
                <p>
                    <Name><![CDATA[typhoon_tesla_root]]></Name>
                    <Exclude>0</Exclude>
                    <Additive>0</Additive>
                    <IKPriority>0</IKPriority>
                    <IKRotLimits>-1e+010 -1e+010 -1e+010 1e+010 1e+010 1e+010</IKRotLimits>
                    <IKRotLimitOrder>0</IKRotLimitOrder>
                    <KeyFrames count="151">
                        <i>1 0 0 0 1 0 0 0 1 3.43832e-009 3.87337 1.03149e-008</i>
                        <i>1 0 0 0 1 0 0 0 1 3.43832e-009 3.87337 1.03149e-008</i>
                        <i>1 0 0 0 1 0 0 0 1 3.43832e-009 3.87337 1.03149e-008</i>
                        <i>1 0 0 0 1 0 0 0 1 3.43832e-009 3.87337 1.03149e-008</i>
                        <i>1 0 0 0 1 0 0 0 1 3.43832e-009 3.87337 1.03149e-008</i>
                        <i>1 0 0 0 1 0 0 0 1 3.43832e-009 3.87337 1.03149e-008</i>
                        <i>1 0 0 0 1 0 0 0 1 3.43832e-009 3.87337 1.03149e-008</i>
                        <i>1 0 0 0 1 0 0 0 1 3.43832e-009 3.87337 1.03149e-008</i>
                        <i>1 0 0 0 1 0 0 0 1 3.43832e-009 3.87337 1.03149e-008</i>
                        <i>1 0 0 0 1 0 0 0 1 3.43832e-009 3.87337 1.03149e-008</i>
                        <i>1 0 0 0 1 0 0 0 1 3.43832e-009 3.87337 1.03149e-008</i>
                        <i>1 0 0 0 1 0 0 0 1 3.43832e-009 3.87337 1.03149e-008</i>
                        <i>1 0 0 0 1 0 0 0 1 3.43832e-009 3.87337 1.03149e-008</i>
                        <i>1 0 0 0 1 0 0 0 1 3.43832e-009 3.87337 1.03149e-008</i>
                        <i>1 0 0 0 1 0 0 0 1 3.43832e-009 3.87337 1.03149e-008</i>
                        <i>1 0 0 0 1 0 0 0 1 3.43832e-009 3.87337 1.03149e-008</i>
                        <i>1 0 0 0 1 0 0 0 1 3.43832e-009 3.87337 1.03149e-008</i>
                        <i>1 0 0 0 1 0 0 0 1 3.43832e-009 3.87337 1.03149e-008</i>
                        <i>1 0 0 0 1 0 0 0 1 3.43832e-009 3.87337 1.03149e-008</i>
                        <i>1 0 0 0 1 0 0 0 1 3.43832e-009 3.87337 1.03149e-008</i>
                        <i>1 0 0 0 1 0 0 0 1 3.43832e-009 3.87337 1.03149e-008</i>
                        <i>1 0 0 0 1 0 0 0 1 3.43832e-009 3.87337 1.03149e-008</i>
                        <i>1 0 0 0 1 0 0 0 1 3.43832e-009 3.87337 1.03149e-008</i>
                        <i>1 0 0 0 1 0 0 0 1 3.43832e-009 3.87337 1.03149e-008</i>
                        <i>1 0 0 0 1 0 0 0 1 3.43832e-009 3.87337 1.03149e-008</i>
                        <i>1 0 0 0 1 0 0 0 1 3.43832e-009 3.87337 1.03149e-008</i>
                        <i>1 0 0 0 1 0 0 0 1 3.43832e-009 3.87337 1.03149e-008</i>
                        <i>1 0 0 0 1 0 0 0 1 3.43832e-009 3.87337 1.03149e-008</i>
                        <i>1 0 0 0 1 0 0 0 1 3.43832e-009 3.87337 1.03149e-008</i>
                        <i>1 0 0 0 1 0 0 0 1 3.43832e-009 3.87337 1.03149e-008</i>
                        <i>1 0 0 0 1 0 0 0 1 3.43832e-009 3.87337 1.03149e-008</i>
                        <i>1 0 0 0 1 0 0 0 1 3.43832e-009 3.87337 1.03149e-008</i>
                        <i>1 0 0 0 1 0 0 0 1 3.43832e-009 3.87337 1.03149e-008</i>
                        <i>1 0 0 0 1 0 0 0 1 3.43832e-009 3.87337 1.03149e-008</i>
                        <i>1 0 0 0 1 0 0 0 1 3.43832e-009 3.87337 1.03149e-008</i>
                        <i>1 0 0 0 1 0 0 0 1 3.43832e-009 3.87337 1.03149e-008</i>
                        <i>1 0 0 0 1 0 0 0 1 3.43832e-009 3.87337 1.03149e-008</i>
                        <i>1 0 0 0 1 0 0 0 1 3.43832e-009 3.87337 1.03149e-008</i>
                        <i>1 0 0 0 1 0 0 0 1 3.43832e-009 3.87337 1.03149e-008</i>
                        <i>1 0 0 0 1 0 0 0 1 3.43832e-009 3.87337 1.03149e-008</i>
                        <i>1 0 0 0 1 0 0 0 1 3.43832e-009 3.87337 1.03149e-008</i>
                        <i>1 0 0 0 1 0 0 0 1 3.43832e-009 3.87337 1.03149e-008</i>
                        <i>1 0 0 0 1 0 0 0 1 3.43832e-009 3.87337 1.03149e-008</i>
                        <i>1 0 0 0 1 0 0 0 1 3.43832e-009 3.87337 1.03149e-008</i>
                        <i>1 0 0 0 1 0 0 0 1 3.43832e-009 3.87337 1.03149e-008</i>
                        <i>1 0 0 0 1 0 0 0 1 3.43832e-009 3.87337 1.03149e-008</i>
                        <i>1 0 0 0 1 0 0 0 1 3.43832e-009 3.87337 1.03149e-008</i>
                        <i>1 0 0 0 1 0 0 0 1 3.43832e-009 3.87337 1.03149e-008</i>
                        <i>1 0 0 0 1 0 0 0 1 3.43832e-009 3.87337 1.03149e-008</i>
                        <i>1 0 0 0 1 0 0 0 1 3.43832e-009 3.87337 1.03149e-008</i>
                        <i>1 0 0 0 1 0 0 0 1 3.43832e-009 3.87337 1.03149e-008</i>
                        <i>1 0 0 0 1 0 0 0 1 3.43832e-009 3.87337 1.03149e-008</i>
                        <i>1 0 0 0 1 0 0 0 1 3.43832e-009 3.87337 1.03149e-008</i>
                        <i>1 0 0 0 1 0 0 0 1 3.43832e-009 3.87337 1.03149e-008</i>
                        <i>1 0 0 0 1 0 0 0 1 3.43832e-009 3.87337 1.03149e-008</i>
                        <i>1 0 0 0 1 0 0 0 1 3.43832e-009 3.87337 1.03149e-008</i>
                        <i>1 0 0 0 1 0 0 0 1 3.43832e-009 3.87337 1.03149e-008</i>
                        <i>1 0 0 0 1 0 0 0 1 3.43832e-009 3.87337 1.03149e-008</i>
                        <i>1 0 0 0 1 0 0 0 1 3.43832e-009 3.87337 1.03149e-008</i>
                        <i>1 0 0 0 1 0 0 0 1 3.43832e-009 3.87337 1.03149e-008</i>
                        <i>1 0 0 0 1 0 0 0 1 3.43832e-009 3.87337 1.03149e-008</i>
                        <i>1 0 0 0 1 0 0 0 1 3.43832e-009 3.87337 1.03149e-008</i>
                        <i>1 0 0 0 1 0 0 0 1 3.43832e-009 3.87337 1.03149e-008</i>
                        <i>1 0 0 0 1 0 0 0 1 3.43832e-009 3.87337 1.03149e-008</i>
                        <i>1 0 0 0 1 0 0 0 1 3.43832e-009 3.87337 1.03149e-008</i>
                        <i>1 0 0 0 1 0 0 0 1 3.43832e-009 3.87337 1.03149e-008</i>
                        <i>1 0 0 0 1 0 0 0 1 3.43832e-009 3.87337 1.03149e-008</i>
                        <i>1 0 0 0 1 0 0 0 1 3.43832e-009 3.87337 1.03149e-008</i>
                        <i>1 0 0 0 1 0 0 0 1 3.43832e-009 3.87337 1.03149e-008</i>
                        <i>1 0 0 0 1 0 0 0 1 3.43832e-009 3.87337 1.03149e-008</i>
                        <i>1 0 0 0 1 0 0 0 1 3.43832e-009 3.87337 1.03149e-008</i>
                        <i>1 0 0 0 1 0 0 0 1 3.43832e-009 3.87337 1.03149e-008</i>
                        <i>1 0 0 0 1 0 0 0 1 3.43832e-009 3.87337 1.03149e-008</i>
                        <i>1 0 0 0 1 0 0 0 1 3.43832e-009 3.87337 1.03149e-008</i>
                        <i>1 0 0 0 1 0 0 0 1 3.43832e-009 3.87337 1.03149e-008</i>
                        <i>1 0 0 0 1 0 0 0 1 3.43832e-009 3.87337 1.03149e-008</i>
                        <i>1 0 0 0 1 0 0 0 1 3.43832e-009 3.87337 1.03149e-008</i>
                        <i>1 0 0 0 1 0 0 0 1 3.43832e-009 3.87337 1.03149e-008</i>
                        <i>1 0 0 0 1 0 0 0 1 3.43832e-009 3.87337 1.03149e-008</i>
                        <i>1 0 0 0 1 0 0 0 1 3.43832e-009 3.87337 1.03149e-008</i>
                        <i>1 0 0 0 1 0 0 0 1 3.43832e-009 3.87337 1.03149e-008</i>
                        <i>1 0 0 0 1 0 0 0 1 3.43832e-009 3.87337 1.03149e-008</i>
                        <i>1 0 0 0 1 0 0 0 1 3.43832e-009 3.87337 1.03149e-008</i>
                        <i>1 0 0 0 1 0 0 0 1 3.43832e-009 3.87337 1.03149e-008</i>
                        <i>1 0 0 0 1 0 0 0 1 3.43832e-009 3.87337 1.03149e-008</i>
                        <i>1 0 0 0 1 0 0 0 1 3.43832e-009 3.87337 1.03149e-008</i>
                        <i>1 0 0 0 1 0 0 0 1 3.43832e-009 3.87337 1.03149e-008</i>
                        <i>1 0 0 0 1 0 0 0 1 3.43832e-009 3.87337 1.03149e-008</i>
                        <i>1 0 0 0 1 0 0 0 1 3.43832e-009 3.87337 1.03149e-008</i>
                        <i>1 0 0 0 1 0 0 0 1 3.43832e-009 3.87337 1.03149e-008</i>
                        <i>1 0 0 0 1 0 0 0 1 3.43832e-009 3.87337 1.03149e-008</i>
                        <i>1 0 0 0 1 0 0 0 1 3.43832e-009 3.87337 1.03149e-008</i>
                        <i>1 0 0 0 1 0 0 0 1 3.43832e-009 3.87337 1.03149e-008</i>
                        <i>1 0 0 0 1 0 0 0 1 3.43832e-009 3.87337 1.03149e-008</i>
                        <i>1 0 0 0 1 0 0 0 1 3.43832e-009 3.87337 1.03149e-008</i>
                        <i>1 0 0 0 1 0 0 0 1 3.43832e-009 3.87337 1.03149e-008</i>
                        <i>1 0 0 0 1 0 0 0 1 3.43832e-009 3.87337 1.03149e-008</i>
                        <i>1 0 0 0 1 0 0 0 1 3.43832e-009 3.87337 1.03149e-008</i>
                        <i>1 0 0 0 1 0 0 0 1 3.43832e-009 3.87337 1.03149e-008</i>
                        <i>1 0 0 0 1 0 0 0 1 3.43832e-009 3.87337 1.03149e-008</i>
                        <i>1 0 0 0 1 0 0 0 1 3.43832e-009 3.87337 1.03149e-008</i>
                        <i>1 0 0 0 1 0 0 0 1 3.43832e-009 3.87337 1.03149e-008</i>
                        <i>1 0 0 0 1 0 0 0 1 3.43832e-009 3.87337 1.03149e-008</i>
                        <i>1 0 0 0 1 0 0 0 1 3.43832e-009 3.87337 1.03149e-008</i>
                        <i>1 0 0 0 1 0 0 0 1 3.43832e-009 3.87337 1.03149e-008</i>
                        <i>1 0 0 0 1 0 0 0 1 3.43832e-009 3.87337 1.03149e-008</i>
                        <i>1 0 0 0 1 0 0 0 1 3.43832e-009 3.87337 1.03149e-008</i>
                        <i>1 0 0 0 1 0 0 0 1 3.43832e-009 3.87337 1.03149e-008</i>
                        <i>1 0 0 0 1 0 0 0 1 3.43832e-009 3.87337 1.03149e-008</i>
                        <i>1 0 0 0 1 0 0 0 1 3.43832e-009 3.87337 1.03149e-008</i>
                        <i>1 0 0 0 1 0 0 0 1 3.43832e-009 3.87337 1.03149e-008</i>
                        <i>1 0 0 0 1 0 0 0 1 3.43832e-009 3.87337 1.03149e-008</i>
                        <i>1 0 0 0 1 0 0 0 1 3.43832e-009 3.87337 1.03149e-008</i>
                        <i>1 0 0 0 1 0 0 0 1 3.43832e-009 3.87337 1.03149e-008</i>
                        <i>1 0 0 0 1 0 0 0 1 3.43832e-009 3.87337 1.03149e-008</i>
                        <i>1 0 0 0 1 0 0 0 1 3.43832e-009 3.87337 1.03149e-008</i>
                        <i>1 0 0 0 1 0 0 0 1 3.43832e-009 3.87337 1.03149e-008</i>
                        <i>1 0 0 0 1 0 0 0 1 3.43832e-009 3.87337 1.03149e-008</i>
                        <i>1 0 0 0 1 0 0 0 1 3.43832e-009 3.87337 1.03149e-008</i>
                        <i>1 0 0 0 1 0 0 0 1 3.43832e-009 3.87337 1.03149e-008</i>
                        <i>1 0 0 0 1 0 0 0 1 3.43832e-009 3.87337 1.03149e-008</i>
                        <i>1 0 0 0 1 0 0 0 1 3.43832e-009 3.87337 1.03149e-008</i>
                        <i>1 0 0 0 1 0 0 0 1 3.43832e-009 3.87337 1.03149e-008</i>
                        <i>1 0 0 0 1 0 0 0 1 3.43832e-009 3.87337 1.03149e-008</i>
                        <i>1 0 0 0 1 0 0 0 1 3.43832e-009 3.87337 1.03149e-008</i>
                        <i>1 0 0 0 1 0 0 0 1 3.43832e-009 3.87337 1.03149e-008</i>
                        <i>1 0 0 0 1 0 0 0 1 3.43832e-009 3.87337 1.03149e-008</i>
                        <i>1 0 0 0 1 0 0 0 1 3.43832e-009 3.87337 1.03149e-008</i>
                        <i>1 0 0 0 1 0 0 0 1 3.43832e-009 3.87337 1.03149e-008</i>
                        <i>1 0 0 0 1 0 0 0 1 3.43832e-009 3.87337 1.03149e-008</i>
                        <i>1 0 0 0 1 0 0 0 1 3.43832e-009 3.87337 1.03149e-008</i>
                        <i>1 0 0 0 1 0 0 0 1 3.43832e-009 3.87337 1.03149e-008</i>
                        <i>1 0 0 0 1 0 0 0 1 3.43832e-009 3.87337 1.03149e-008</i>
                        <i>1 0 0 0 1 0 0 0 1 3.43832e-009 3.87337 1.03149e-008</i>
                        <i>1 0 0 0 1 0 0 0 1 3.43832e-009 3.87337 1.03149e-008</i>
                        <i>1 0 0 0 1 0 0 0 1 3.43832e-009 3.87337 1.03149e-008</i>
                        <i>1 0 0 0 1 0 0 0 1 3.43832e-009 3.87337 1.03149e-008</i>
                        <i>1 0 0 0 1 0 0 0 1 3.43832e-009 3.87337 1.03149e-008</i>
                        <i>1 0 0 0 1 0 0 0 1 3.43832e-009 3.87337 1.03149e-008</i>
                        <i>1 0 0 0 1 0 0 0 1 3.43832e-009 3.87337 1.03149e-008</i>
                        <i>1 0 0 0 1 0 0 0 1 3.43832e-009 3.87337 1.03149e-008</i>
                        <i>1 0 0 0 1 0 0 0 1 3.43832e-009 3.87337 1.03149e-008</i>
                        <i>1 0 0 0 1 0 0 0 1 3.43832e-009 3.87337 1.03149e-008</i>
                        <i>1 0 0 0 1 0 0 0 1 3.43832e-009 3.87337 1.03149e-008</i>
                        <i>1 0 0 0 1 0 0 0 1 3.43832e-009 3.87337 1.03149e-008</i>
                        <i>1 0 0 0 1 0 0 0 1 3.43832e-009 3.87337 1.03149e-008</i>
                        <i>1 0 0 0 1 0 0 0 1 3.43832e-009 3.87337 1.03149e-008</i>
                        <i>1 0 0 0 1 0 0 0 1 3.43832e-009 3.87337 1.03149e-008</i>
                        <i>1 0 0 0 1 0 0 0 1 3.43832e-009 3.87337 1.03149e-008</i>
                        <i>1 0 0 0 1 0 0 0 1 3.43832e-009 3.87337 1.03149e-008</i>
                        <i>1 0 0 0 1 0 0 0 1 3.43832e-009 3.87337 1.03149e-008</i>
                    </KeyFrames>
                </p>
            </i>
            <i>
                <p>
                    <Name><![CDATA[left_coil_1_pitch]]></Name>
                    <Exclude>0</Exclude>
                    <Additive>0</Additive>
                    <IKPriority>0</IKPriority>
                    <IKRotLimits>-1e+010 -1e+010 -1e+010 1e+010 1e+010 1e+010</IKRotLimits>
                    <IKRotLimitOrder>0</IKRotLimitOrder>
                    <KeyFrames count="151">
                        <i>1 0 0 0 1 0 0 0 1 6.41301 8.02434 -1.72969</i>
                        <i>1 0 0 0 0.999621 -0.0275174 0 0.0275174 0.999621 6.41301 8.02434 -1.72969</i>
                        <i>1 0 0 0 0.99923 -0.0392347 0 0.0392347 0.99923 6.41301 8.02434 -1.72969</i>
                        <i>1 0 0 0 0.999652 -0.0263709 0 0.0263709 0.999652 6.41301 8.02434 -1.72969</i>
                        <i>1 0 0 0 0.99993 -0.0118508 0 0.0118508 0.99993 6.41301 8.02434 -1.72969</i>
                        <i>1 0 0 0 0.999992 0.0041042 0 -0.0041042 0.999992 6.41301 8.02434 -1.72969</i>
                        <i>1 0 0 0 0.999774 0.0212707 0 -0.0212707 0.999774 6.41301 8.02434 -1.72969</i>
                        <i>1 0 0 0 0.999223 0.0394233 0 -0.0394233 0.999223 6.41301 8.02434 -1.72969</i>
                        <i>1 0 0 0 0.998297 0.0583352 0 -0.0583352 0.998297 6.41301 8.02434 -1.72969</i>
                        <i>1 0 0 0 0.996971 0.0777785 0 -0.0777785 0.996971 6.41301 8.02434 -1.72969</i>
                        <i>1 0 0 0 0.995233 0.0975249 0 -0.0975249 0.995233 6.41301 8.02434 -1.72969</i>
                        <i>1 0 0 0 0.993091 0.117347 0 -0.117347 0.993091 6.41301 8.02434 -1.72969</i>
                        <i>1 0 0 0 0.990569 0.137018 0 -0.137018 0.990569 6.41301 8.02434 -1.72969</i>
                        <i>1 0 0 0 0.987707 0.156315 0 -0.156315 0.987707 6.41301 8.02434 -1.72969</i>
                        <i>1 0 0 0 0.984565 0.175017 0 -0.175017 0.984565 6.41301 8.02434 -1.72969</i>
                        <i>1 0 0 0 0.981217 0.192907 0 -0.192907 0.981217 6.41301 8.02434 -1.72969</i>
                        <i>1 0 0 0 0.977751 0.209771 0 -0.209771 0.977751 6.41301 8.02434 -1.72969</i>
                        <i>1 0 0 0 0.974266 0.225401 0 -0.225401 0.974266 6.41301 8.02434 -1.72969</i>
                        <i>1 0 0 0 0.970874 0.239592 0 -0.239592 0.970874 6.41301 8.02434 -1.72969</i>
                        <i>1 0 0 0 0.96769 0.252143 0 -0.252143 0.96769 6.41301 8.02434 -1.72969</i>
                        <i>1 0 0 0 0.964835 0.262857 0 -0.262857 0.964835 6.41301 8.02434 -1.72969</i>
                        <i>1 0 0 0 0.962429 0.271535 0 -0.271535 0.962429 6.41301 8.02434 -1.72969</i>
                        <i>1 0 0 0 0.960587 0.277981 0 -0.277981 0.960587 6.41301 8.02434 -1.72969</i>
                        <i>1 0 0 0 0.959415 0.281998 0 -0.281998 0.959415 6.41301 8.02434 -1.72969</i>
                        <i>1 0 0 0 0.959007 0.283382 0 -0.283382 0.959007 6.41301 8.02434 -1.72969</i>
                        <i>1 0 0 0 0.959007 0.283382 0 -0.283382 0.959007 6.41301 8.02434 -1.72969</i>
                        <i>1 0 0 0 0.959007 0.283382 0 -0.283382 0.959007 6.41301 8.02434 -1.72969</i>
                        <i>1 0 0 0 0.959007 0.283382 0 -0.283382 0.959007 6.41301 8.02434 -1.72969</i>
                        <i>1 0 0 0 0.959007 0.283382 0 -0.283382 0.959007 6.41301 8.02434 -1.72969</i>
                        <i>1 0 0 0 0.959007 0.283382 0 -0.283382 0.959007 6.41301 8.02434 -1.72969</i>
                        <i>1 0 0 0 0.959007 0.283382 0 -0.283382 0.959007 6.41301 8.02434 -1.72969</i>
                        <i>1 0 0 0 0.959007 0.283382 0 -0.283382 0.959007 6.41301 8.02434 -1.72969</i>
                        <i>1 0 0 0 0.959007 0.283382 0 -0.283382 0.959007 6.41301 8.02434 -1.72969</i>
                        <i>1 0 0 0 0.959007 0.283382 0 -0.283382 0.959007 6.41301 8.02434 -1.72969</i>
                        <i>1 0 0 0 0.959007 0.283382 0 -0.283382 0.959007 6.41301 8.02434 -1.72969</i>
                        <i>1 0 0 0 0.959007 0.283382 0 -0.283382 0.959007 6.41301 8.02434 -1.72969</i>
                        <i>1 0 0 0 0.959007 0.283382 0 -0.283382 0.959007 6.41301 8.02434 -1.72969</i>
                        <i>1 0 0 0 0.959007 0.283382 0 -0.283382 0.959007 6.41301 8.02434 -1.72969</i>
                        <i>1 0 0 0 0.959007 0.283382 0 -0.283382 0.959007 6.41301 8.02434 -1.72969</i>
                        <i>1 0 0 0 0.959007 0.283382 0 -0.283382 0.959007 6.41301 8.02434 -1.72969</i>
                        <i>1 0 0 0 0.959007 0.283382 0 -0.283382 0.959007 6.41301 8.02434 -1.72969</i>
                        <i>1 0 0 0 0.959007 0.283382 0 -0.283382 0.959007 6.41301 8.02434 -1.72969</i>
                        <i>1 0 0 0 0.959007 0.283382 0 -0.283382 0.959007 6.41301 8.02434 -1.72969</i>
                        <i>1 0 0 0 0.959007 0.283382 0 -0.283382 0.959007 6.41301 8.02434 -1.72969</i>
                        <i>1 0 0 0 0.959007 0.283382 0 -0.283382 0.959007 6.41301 8.02434 -1.72969</i>
                        <i>1 0 0 0 0.959007 0.283382 0 -0.283382 0.959007 6.41301 8.02434 -1.72969</i>
                        <i>1 0 0 0 0.959007 0.283382 0 -0.283382 0.959007 6.41301 8.02434 -1.72969</i>
                        <i>1 0 0 0 0.959007 0.283382 0 -0.283382 0.959007 6.41301 8.02434 -1.72969</i>
                        <i>1 0 0 0 0.959007 0.283382 0 -0.283382 0.959007 6.41301 8.02434 -1.72969</i>
                        <i>1 0 0 0 0.959007 0.283382 0 -0.283382 0.959007 6.41301 8.02434 -1.72969</i>
                        <i>1 0 0 0 0.959007 0.283382 0 -0.283382 0.959007 6.41301 8.02434 -1.72969</i>
                        <i>1 0 0 0 0.959007 0.283382 0 -0.283382 0.959007 6.41301 8.02434 -1.72969</i>
                        <i>1 0 0 0 0.959007 0.283382 0 -0.283382 0.959007 6.41301 8.02434 -1.72969</i>
                        <i>1 0 0 0 0.959007 0.283382 0 -0.283382 0.959007 6.41301 8.02434 -1.72969</i>
                        <i>1 0 0 0 0.959007 0.283382 0 -0.283382 0.959007 6.41301 8.02434 -1.72969</i>
                        <i>1 0 0 0 0.959007 0.283382 0 -0.283382 0.959007 6.41301 8.02434 -1.72969</i>
                        <i>1 0 0 0 0.959007 0.283382 0 -0.283382 0.959007 6.41301 8.02434 -1.72969</i>
                        <i>1 0 0 0 0.959007 0.283382 0 -0.283382 0.959007 6.41301 8.02434 -1.72969</i>
                        <i>1 0 0 0 0.959007 0.283382 0 -0.283382 0.959007 6.41301 8.02434 -1.72969</i>
                        <i>1 0 0 0 0.959007 0.283382 0 -0.283382 0.959007 6.41301 8.02434 -1.72969</i>
                        <i>1 0 0 0 0.959007 0.283382 0 -0.283382 0.959007 6.41301 8.02434 -1.72969</i>
                        <i>1 0 0 0 0.959007 0.283382 0 -0.283382 0.959007 6.41301 8.02434 -1.72969</i>
                        <i>1 0 0 0 0.959007 0.283382 0 -0.283382 0.959007 6.41301 8.02434 -1.72969</i>
                        <i>1 0 0 0 0.959007 0.283382 0 -0.283382 0.959007 6.41301 8.02434 -1.72969</i>
                        <i>1 0 0 0 0.959007 0.283382 0 -0.283382 0.959007 6.41301 8.02434 -1.72969</i>
                        <i>1 0 0 0 0.959007 0.283382 0 -0.283382 0.959007 6.41301 8.02434 -1.72969</i>
                        <i>1 0 0 0 0.959007 0.283382 0 -0.283382 0.959007 6.41301 8.02434 -1.72969</i>
                        <i>1 0 0 0 0.959007 0.283382 0 -0.283382 0.959007 6.41301 8.02434 -1.72969</i>
                        <i>1 0 0 0 0.959007 0.283382 0 -0.283382 0.959007 6.41301 8.02434 -1.72969</i>
                        <i>1 0 0 0 0.959007 0.283382 0 -0.283382 0.959007 6.41301 8.02434 -1.72969</i>
                        <i>1 0 0 0 0.959007 0.283382 0 -0.283382 0.959007 6.41301 8.02434 -1.72969</i>
                        <i>1 0 0 0 0.959007 0.283382 0 -0.283382 0.959007 6.41301 8.02434 -1.72969</i>
                        <i>1 0 0 0 0.959007 0.283382 0 -0.283382 0.959007 6.41301 8.02434 -1.72969</i>
                        <i>1 0 0 0 0.959007 0.283382 0 -0.283382 0.959007 6.41301 8.02434 -1.72969</i>
                        <i>1 0 0 0 0.959007 0.283382 0 -0.283382 0.959007 6.41301 8.02434 -1.72969</i>
                        <i>1 0 0 0 0.959007 0.283382 0 -0.283382 0.959007 6.41301 8.02434 -1.72969</i>
                        <i>1 0 0 0 0.959007 0.283382 0 -0.283382 0.959007 6.41301 8.02434 -1.72969</i>
                        <i>1 0 0 0 0.959007 0.283382 0 -0.283382 0.959007 6.41301 8.02434 -1.72969</i>
                        <i>1 0 0 0 0.959007 0.283382 0 -0.283382 0.959007 6.41301 8.02434 -1.72969</i>
                        <i>1 0 0 0 0.959007 0.283382 0 -0.283382 0.959007 6.41301 8.02434 -1.72969</i>
                        <i>1 0 0 0 0.959007 0.283382 0 -0.283382 0.959007 6.41301 8.02434 -1.72969</i>
                        <i>1 0 0 0 0.959007 0.283382 0 -0.283382 0.959007 6.41301 8.02434 -1.72969</i>
                        <i>1 0 0 0 0.959007 0.283382 0 -0.283382 0.959007 6.41301 8.02434 -1.72969</i>
                        <i>1 0 0 0 0.959007 0.283382 0 -0.283382 0.959007 6.41301 8.02434 -1.72969</i>
                        <i>1 0 0 0 0.959007 0.283382 0 -0.283382 0.959007 6.41301 8.02434 -1.72969</i>
                        <i>1 0 0 0 0.959007 0.283382 0 -0.283382 0.959007 6.41301 8.02434 -1.72969</i>
                        <i>1 0 0 0 0.959007 0.283382 0 -0.283382 0.959007 6.41301 8.02434 -1.72969</i>
                        <i>1 0 0 0 0.959007 0.283382 0 -0.283382 0.959007 6.41301 8.02434 -1.72969</i>
                        <i>1 0 0 0 0.959007 0.283382 0 -0.283382 0.959007 6.41301 8.02434 -1.72969</i>
                        <i>1 0 0 0 0.959007 0.283382 0 -0.283382 0.959007 6.41301 8.02434 -1.72969</i>
                        <i>1 0 0 0 0.959007 0.283382 0 -0.283382 0.959007 6.41301 8.02434 -1.72969</i>
                        <i>1 0 0 0 0.959007 0.283382 0 -0.283382 0.959007 6.41301 8.02434 -1.72969</i>
                        <i>1 0 0 0 0.959007 0.283382 0 -0.283382 0.959007 6.41301 8.02434 -1.72969</i>
                        <i>1 0 0 0 0.959007 0.283382 0 -0.283382 0.959007 6.41301 8.02434 -1.72969</i>
                        <i>1 0 0 0 0.959007 0.283382 0 -0.283382 0.959007 6.41301 8.02434 -1.72969</i>
                        <i>1 0 0 0 0.959007 0.283382 0 -0.283382 0.959007 6.41301 8.02434 -1.72969</i>
                        <i>1 0 0 0 0.959007 0.283382 0 -0.283382 0.959007 6.41301 8.02434 -1.72969</i>
                        <i>1 0 0 0 0.959099 0.283071 0 -0.283071 0.959099 6.41301 8.02434 -1.72969</i>
                        <i>1 0 0 0 0.959369 0.282153 0 -0.282153 0.959369 6.41301 8.02434 -1.72969</i>
                        <i>1 0 0 0 0.95981 0.280651 0 -0.280651 0.95981 6.41301 8.02434 -1.72969</i>
                        <i>1 0 0 0 0.960411 0.278587 0 -0.278587 0.960411 6.41301 8.02434 -1.72969</i>
                        <i>1 0 0 0 0.961163 0.275983 0 -0.275983 0.961163 6.41301 8.02434 -1.72969</i>
                        <i>1 0 0 0 0.962053 0.272861 0 -0.272861 0.962053 6.41301 8.02434 -1.72969</i>
                        <i>1 0 0 0 0.963072 0.269244 0 -0.269244 0.963072 6.41301 8.02434 -1.72969</i>
                        <i>1 0 0 0 0.964207 0.265152 0 -0.265152 0.964207 6.41301 8.02434 -1.72969</i>
                        <i>1 0 0 0 0.965445 0.260608 0 -0.260608 0.965445 6.41301 8.02434 -1.72969</i>
                        <i>1 0 0 0 0.966774 0.255634 0 -0.255634 0.966774 6.41301 8.02434 -1.72969</i>
                        <i>1 0 0 0 0.968181 0.25025 0 -0.25025 0.968181 6.41301 8.02434 -1.72969</i>
                        <i>1 0 0 0 0.969655 0.244479 0 -0.244479 0.969655 6.41301 8.02434 -1.72969</i>
                        <i>1 0 0 0 0.971181 0.238344 0 -0.238344 0.971181 6.41301 8.02434 -1.72969</i>
                        <i>1 0 0 0 0.972748 0.231865 0 -0.231865 0.972748 6.41301 8.02434 -1.72969</i>
                        <i>1 0 0 0 0.974344 0.225065 0 -0.225065 0.974344 6.41301 8.02434 -1.72969</i>
                        <i>1 0 0 0 0.975956 0.217966 0 -0.217966 0.975956 6.41301 8.02434 -1.72969</i>
                        <i>1 0 0 0 0.977574 0.210592 0 -0.210592 0.977574 6.41301 8.02434 -1.72969</i>
                        <i>1 0 0 0 0.979186 0.202964 0 -0.202964 0.979186 6.41301 8.02434 -1.72969</i>
                        <i>1 0 0 0 0.980782 0.195106 0 -0.195106 0.980782 6.41301 8.02434 -1.72969</i>
                        <i>1 0 0 0 0.982352 0.18704 0 -0.18704 0.982352 6.41301 8.02434 -1.72969</i>
                        <i>1 0 0 0 0.983887 0.178791 0 -0.178791 0.983887 6.41301 8.02434 -1.72969</i>
                        <i>1 0 0 0 0.985378 0.170382 0 -0.170382 0.985378 6.41301 8.02434 -1.72969</i>
                        <i>1 0 0 0 0.986818 0.161836 0 -0.161836 0.986818 6.41301 8.02434 -1.72969</i>
                        <i>1 0 0 0 0.988199 0.153178 0 -0.153178 0.988199 6.41301 8.02434 -1.72969</i>
                        <i>1 0 0 0 0.989515 0.144431 0 -0.144431 0.989515 6.41301 8.02434 -1.72969</i>
                        <i>1 0 0 0 0.990761 0.13562 0 -0.13562 0.990761 6.41301 8.02434 -1.72969</i>
                        <i>1 0 0 0 0.991932 0.126769 0 -0.126769 0.991932 6.41301 8.02434 -1.72969</i>
                        <i>1 0 0 0 0.993025 0.117904 0 -0.117904 0.993025 6.41301 8.02434 -1.72969</i>
                        <i>1 0 0 0 0.994036 0.109048 0 -0.109048 0.994036 6.41301 8.02434 -1.72969</i>
                        <i>1 0 0 0 0.994965 0.100226 0 -0.100226 0.994965 6.41301 8.02434 -1.72969</i>
                        <i>1 0 0 0 0.995808 0.0914636 0 -0.0914636 0.995808 6.41301 8.02434 -1.72969</i>
                        <i>1 0 0 0 0.996567 0.0827854 0 -0.0827854 0.996567 6.41301 8.02434 -1.72969</i>
                        <i>1 0 0 0 0.997242 0.0742161 0 -0.0742161 0.997242 6.41301 8.02434 -1.72969</i>
                        <i>1 0 0 0 0.997834 0.065781 0 -0.065781 0.997834 6.41301 8.02434 -1.72969</i>
                        <i>1 0 0 0 0.998345 0.0575048 0 -0.0575048 0.998345 6.41301 8.02434 -1.72969</i>
                        <i>1 0 0 0 0.998778 0.0494125 0 -0.0494125 0.998778 6.41301 8.02434 -1.72969</i>
                        <i>1 0 0 0 0.999137 0.0415291 0 -0.0415291 0.999137 6.41301 8.02434 -1.72969</i>
                        <i>1 0 0 0 0.999426 0.0338793 0 -0.0338793 0.999426 6.41301 8.02434 -1.72969</i>
                        <i>1 0 0 0 0.999649 0.0264879 0 -0.0264879 0.999649 6.41301 8.02434 -1.72969</i>
                        <i>1 0 0 0 0.999812 0.0193797 0 -0.0193797 0.999812 6.41301 8.02434 -1.72969</i>
                        <i>1 0 0 0 0.999921 0.0125793 0 -0.0125793 0.999921 6.41301 8.02434 -1.72969</i>
                        <i>1 0 0 0 0.999981 0.00611125 0 -0.00611125 0.999981 6.41301 8.02434 -1.72969</i>
                        <i>1 0 0 0 1 0 0 0 1 6.41301 8.02434 -1.72969</i>
                        <i>1 0 0 0 0.999994 -0.00348679 0 0.00348679 0.999994 6.41301 8.02434 -1.72969</i>
                        <i>1 0 0 0 0.999995 -0.00323343 0 0.00323343 0.999995 6.41301 8.02434 -1.72969</i>
                        <i>1 0 0 0 1 -0.000943338 0 0.000943338 1 6.41301 8.02434 -1.72969</i>
                        <i>1 0 0 0 0.999999 0.00167992 0 -0.00167992 0.999999 6.41301 8.02434 -1.72969</i>
                        <i>1 0 0 0 0.999996 0.00293288 0 -0.00293288 0.999996 6.41301 8.02434 -1.72969</i>
                        <i>1 0 0 0 0.999996 0.00278353 0 -0.00278353 0.999996 6.41301 8.02434 -1.72969</i>
                        <i>1 0 0 0 0.999997 0.00238976 0 -0.00238976 0.999997 6.41301 8.02434 -1.72969</i>
                        <i>1 0 0 0 0.999998 0.00183305 0 -0.00183305 0.999998 6.41301 8.02434 -1.72969</i>
                        <i>1 0 0 0 0.999999 0.00119488 0 -0.00119488 0.999999 6.41301 8.02434 -1.72969</i>
                        <i>1 0 0 0 1 0.000556706 0 -0.000556706 1 6.41301 8.02434 -1.72969</i>
                        <i>1 0 0 0 1 0 0 0 1 6.41301 8.02434 -1.72969</i>
                    </KeyFrames>
                </p>
            </i>
            <i>
                <p>
                    <Name><![CDATA[left_coil_2_pitch]]></Name>
                    <Exclude>0</Exclude>
                    <Additive>0</Additive>
                    <IKPriority>0</IKPriority>
                    <IKRotLimits>-1e+010 -1e+010 -1e+010 1e+010 1e+010 1e+010</IKRotLimits>
                    <IKRotLimitOrder>0</IKRotLimitOrder>
                    <KeyFrames count="151">
                        <i>1 0 0 0 1 0 0 0 1 1.57112 8.02434 -1.72969</i>
                        <i>1 0 0 0 0.999621 -0.0275174 0 0.0275174 0.999621 1.57112 8.02434 -1.72969</i>
                        <i>1 0 0 0 0.99923 -0.0392347 0 0.0392347 0.99923 1.57112 8.02434 -1.72969</i>
                        <i>1 0 0 0 0.999652 -0.0263709 0 0.0263709 0.999652 1.57112 8.02434 -1.72969</i>
                        <i>1 0 0 0 0.99993 -0.0118508 0 0.0118508 0.99993 1.57112 8.02434 -1.72969</i>
                        <i>1 0 0 0 0.999992 0.0041042 0 -0.0041042 0.999992 1.57112 8.02434 -1.72969</i>
                        <i>1 0 0 0 0.999774 0.0212707 0 -0.0212707 0.999774 1.57112 8.02434 -1.72969</i>
                        <i>1 0 0 0 0.999223 0.0394233 0 -0.0394233 0.999223 1.57112 8.02434 -1.72969</i>
                        <i>1 0 0 0 0.998297 0.0583352 0 -0.0583352 0.998297 1.57112 8.02434 -1.72969</i>
                        <i>1 0 0 0 0.996971 0.0777785 0 -0.0777785 0.996971 1.57112 8.02434 -1.72969</i>
                        <i>1 0 0 0 0.995233 0.0975249 0 -0.0975249 0.995233 1.57112 8.02434 -1.72969</i>
                        <i>1 0 0 0 0.993091 0.117347 0 -0.117347 0.993091 1.57112 8.02434 -1.72969</i>
                        <i>1 0 0 0 0.990569 0.137018 0 -0.137018 0.990569 1.57112 8.02434 -1.72969</i>
                        <i>1 0 0 0 0.987707 0.156315 0 -0.156315 0.987707 1.57112 8.02434 -1.72969</i>
                        <i>1 0 0 0 0.984565 0.175017 0 -0.175017 0.984565 1.57112 8.02434 -1.72969</i>
                        <i>1 0 0 0 0.981217 0.192907 0 -0.192907 0.981217 1.57112 8.02434 -1.72969</i>
                        <i>1 0 0 0 0.977751 0.209771 0 -0.209771 0.977751 1.57112 8.02434 -1.72969</i>
                        <i>1 0 0 0 0.974266 0.225401 0 -0.225401 0.974266 1.57112 8.02434 -1.72969</i>
                        <i>1 0 0 0 0.970874 0.239592 0 -0.239592 0.970874 1.57112 8.02434 -1.72969</i>
                        <i>1 0 0 0 0.96769 0.252143 0 -0.252143 0.96769 1.57112 8.02434 -1.72969</i>
                        <i>1 0 0 0 0.964835 0.262857 0 -0.262857 0.964835 1.57112 8.02434 -1.72969</i>
                        <i>1 0 0 0 0.962429 0.271535 0 -0.271535 0.962429 1.57112 8.02434 -1.72969</i>
                        <i>1 0 0 0 0.960587 0.277981 0 -0.277981 0.960587 1.57112 8.02434 -1.72969</i>
                        <i>1 0 0 0 0.959415 0.281998 0 -0.281998 0.959415 1.57112 8.02434 -1.72969</i>
                        <i>1 0 0 0 0.959007 0.283382 0 -0.283382 0.959007 1.57112 8.02434 -1.72969</i>
                        <i>1 0 0 0 0.959007 0.283382 0 -0.283382 0.959007 1.57112 8.02434 -1.72969</i>
