<?xml version="1.0" encoding="ISO-8859-1" ?>
<Animl Version="1">
    <ModellingPackage><![CDATA[Maya.2010]]></ModellingPackage>
    <SrcFile><![CDATA[anims\bosses\red\~src\sub_typhoon_tesla\sub_typhoon_tesla_reload_high.mb]]></SrcFile>
    <FramesPerSecond>30</FramesPerSecond>
    <TotalFrames>151</TotalFrames>
    <Skeleton>
        <RefFrame>
            <Name><![CDATA[typhoon_tesla_ref_frame]]></Name>
            <Exclude>0</Exclude>
            <Additive>0</Additive>
            <IKPriority>0</IKPriority>
            <IKRotLimits>-1e+010 -1e+010 -1e+010 1e+010 1e+010 1e+010</IKRotLimits>
            <IKRotLimitOrder>0</IKRotLimitOrder>
            <KeyFrames count="151">
                <i>1 0 0 0 1 0 0 0 1 0 0 0</i>
                <i>1 0 0 0 1 0 0 0 1 0 0 0</i>
                <i>1 0 0 0 1 0 0 0 1 0 0 0</i>
                <i>1 0 0 0 1 0 0 0 1 0 0 0</i>
                <i>1 0 0 0 1 0 0 0 1 0 0 0</i>
                <i>1 0 0 0 1 0 0 0 1 0 0 0</i>
                <i>1 0 0 0 1 0 0 0 1 0 0 0</i>
                <i>1 0 0 0 1 0 0 0 1 0 0 0</i>
                <i>1 0 0 0 1 0 0 0 1 0 0 0</i>
                <i>1 0 0 0 1 0 0 0 1 0 0 0</i>
                <i>1 0 0 0 1 0 0 0 1 0 0 0</i>
                <i>1 0 0 0 1 0 0 0 1 0 0 0</i>
                <i>1 0 0 0 1 0 0 0 1 0 0 0</i>
                <i>1 0 0 0 1 0 0 0 1 0 0 0</i>
                <i>1 0 0 0 1 0 0 0 1 0 0 0</i>
                <i>1 0 0 0 1 0 0 0 1 0 0 0</i>
                <i>1 0 0 0 1 0 0 0 1 0 0 0</i>
                <i>1 0 0 0 1 0 0 0 1 0 0 0</i>
                <i>1 0 0 0 1 0 0 0 1 0 0 0</i>
                <i>1 0 0 0 1 0 0 0 1 0 0 0</i>
                <i>1 0 0 0 1 0 0 0 1 0 0 0</i>
                <i>1 0 0 0 1 0 0 0 1 0 0 0</i>
                <i>1 0 0 0 1 0 0 0 1 0 0 0</i>
                <i>1 0 0 0 1 0 0 0 1 0 0 0</i>
                <i>1 0 0 0 1 0 0 0 1 0 0 0</i>
                <i>1 0 0 0 1 0 0 0 1 0 0 0</i>
                <i>1 0 0 0 1 0 0 0 1 0 0 0</i>
                <i>1 0 0 0 1 0 0 0 1 0 0 0</i>
                <i>1 0 0 0 1 0 0 0 1 0 0 0</i>
                <i>1 0 0 0 1 0 0 0 1 0 0 0</i>
                <i>1 0 0 0 1 0 0 0 1 0 0 0</i>
                <i>1 0 0 0 1 0 0 0 1 0 0 0</i>
                <i>1 0 0 0 1 0 0 0 1 0 0 0</i>
                <i>1 0 0 0 1 0 0 0 1 0 0 0</i>
                <i>1 0 0 0 1 0 0 0 1 0 0 0</i>
                <i>1 0 0 0 1 0 0 0 1 0 0 0</i>
                <i>1 0 0 0 1 0 0 0 1 0 0 0</i>
                <i>1 0 0 0 1 0 0 0 1 0 0 0</i>
                <i>1 0 0 0 1 0 0 0 1 0 0 0</i>
                <i>1 0 0 0 1 0 0 0 1 0 0 0</i>
                <i>1 0 0 0 1 0 0 0 1 0 0 0</i>
                <i>1 0 0 0 1 0 0 0 1 0 0 0</i>
                <i>1 0 0 0 1 0 0 0 1 0 0 0</i>
                <i>1 0 0 0 1 0 0 0 1 0 0 0</i>
                <i>1 0 0 0 1 0 0 0 1 0 0 0</i>
                <i>1 0 0 0 1 0 0 0 1 0 0 0</i>
                <i>1 0 0 0 1 0 0 0 1 0 0 0</i>
                <i>1 0 0 0 1 0 0 0 1 0 0 0</i>
                <i>1 0 0 0 1 0 0 0 1 0 0 0</i>
                <i>1 0 0 0 1 0 0 0 1 0 0 0</i>
                <i>1 0 0 0 1 0 0 0 1 0 0 0</i>
                <i>1 0 0 0 1 0 0 0 1 0 0 0</i>
                <i>1 0 0 0 1 0 0 0 1 0 0 0</i>
                <i>1 0 0 0 1 0 0 0 1 0 0 0</i>
                <i>1 0 0 0 1 0 0 0 1 0 0 0</i>
                <i>1 0 0 0 1 0 0 0 1 0 0 0</i>
                <i>1 0 0 0 1 0 0 0 1 0 0 0</i>
                <i>1 0 0 0 1 0 0 0 1 0 0 0</i>
                <i>1 0 0 0 1 0 0 0 1 0 0 0</i>
                <i>1 0 0 0 1 0 0 0 1 0 0 0</i>
                <i>1 0 0 0 1 0 0 0 1 0 0 0</i>
                <i>1 0 0 0 1 0 0 0 1 0 0 0</i>
                <i>1 0 0 0 1 0 0 0 1 0 0 0</i>
                <i>1 0 0 0 1 0 0 0 1 0 0 0</i>
                <i>1 0 0 0 1 0 0 0 1 0 0 0</i>
                <i>1 0 0 0 1 0 0 0 1 0 0 0</i>
                <i>1 0 0 0 1 0 0 0 1 0 0 0</i>
                <i>1 0 0 0 1 0 0 0 1 0 0 0</i>
                <i>1 0 0 0 1 0 0 0 1 0 0 0</i>
                <i>1 0 0 0 1 0 0 0 1 0 0 0</i>
                <i>1 0 0 0 1 0 0 0 1 0 0 0</i>
                <i>1 0 0 0 1 0 0 0 1 0 0 0</i>
                <i>1 0 0 0 1 0 0 0 1 0 0 0</i>
                <i>1 0 0 0 1 0 0 0 1 0 0 0</i>
                <i>1 0 0 0 1 0 0 0 1 0 0 0</i>
                <i>1 0 0 0 1 0 0 0 1 0 0 0</i>
                <i>1 0 0 0 1 0 0 0 1 0 0 0</i>
                <i>1 0 0 0 1 0 0 0 1 0 0 0</i>
                <i>1 0 0 0 1 0 0 0 1 0 0 0</i>
                <i>1 0 0 0 1 0 0 0 1 0 0 0</i>
                <i>1 0 0 0 1 0 0 0 1 0 0 0</i>
                <i>1 0 0 0 1 0 0 0 1 0 0 0</i>
                <i>1 0 0 0 1 0 0 0 1 0 0 0</i>
                <i>1 0 0 0 1 0 0 0 1 0 0 0</i>
                <i>1 0 0 0 1 0 0 0 1 0 0 0</i>
                <i>1 0 0 0 1 0 0 0 1 0 0 0</i>
                <i>1 0 0 0 1 0 0 0 1 0 0 0</i>
                <i>1 0 0 0 1 0 0 0 1 0 0 0</i>
                <i>1 0 0 0 1 0 0 0 1 0 0 0</i>
                <i>1 0 0 0 1 0 0 0 1 0 0 0</i>
                <i>1 0 0 0 1 0 0 0 1 0 0 0</i>
                <i>1 0 0 0 1 0 0 0 1 0 0 0</i>
                <i>1 0 0 0 1 0 0 0 1 0 0 0</i>
                <i>1 0 0 0 1 0 0 0 1 0 0 0</i>
                <i>1 0 0 0 1 0 0 0 1 0 0 0</i>
                <i>1 0 0 0 1 0 0 0 1 0 0 0</i>
                <i>1 0 0 0 1 0 0 0 1 0 0 0</i>
                <i>1 0 0 0 1 0 0 0 1 0 0 0</i>
                <i>1 0 0 0 1 0 0 0 1 0 0 0</i>
                <i>1 0 0 0 1 0 0 0 1 0 0 0</i>
                <i>1 0 0 0 1 0 0 0 1 0 0 0</i>
                <i>1 0 0 0 1 0 0 0 1 0 0 0</i>
                <i>1 0 0 0 1 0 0 0 1 0 0 0</i>
                <i>1 0 0 0 1 0 0 0 1 0 0 0</i>
                <i>1 0 0 0 1 0 0 0 1 0 0 0</i>
                <i>1 0 0 0 1 0 0 0 1 0 0 0</i>
                <i>1 0 0 0 1 0 0 0 1 0 0 0</i>
                <i>1 0 0 0 1 0 0 0 1 0 0 0</i>
                <i>1 0 0 0 1 0 0 0 1 0 0 0</i>
                <i>1 0 0 0 1 0 0 0 1 0 0 0</i>
                <i>1 0 0 0 1 0 0 0 1 0 0 0</i>
                <i>1 0 0 0 1 0 0 0 1 0 0 0</i>
                <i>1 0 0 0 1 0 0 0 1 0 0 0</i>
                <i>1 0 0 0 1 0 0 0 1 0 0 0</i>
                <i>1 0 0 0 1 0 0 0 1 0 0 0</i>
                <i>1 0 0 0 1 0 0 0 1 0 0 0</i>
                <i>1 0 0 0 1 0 0 0 1 0 0 0</i>
                <i>1 0 0 0 1 0 0 0 1 0 0 0</i>
                <i>1 0 0 0 1 0 0 0 1 0 0 0</i>
                <i>1 0 0 0 1 0 0 0 1 0 0 0</i>
                <i>1 0 0 0 1 0 0 0 1 0 0 0</i>
                <i>1 0 0 0 1 0 0 0 1 0 0 0</i>
                <i>1 0 0 0 1 0 0 0 1 0 0 0</i>
                <i>1 0 0 0 1 0 0 0 1 0 0 0</i>
                <i>1 0 0 0 1 0 0 0 1 0 0 0</i>
                <i>1 0 0 0 1 0 0 0 1 0 0 0</i>
                <i>1 0 0 0 1 0 0 0 1 0 0 0</i>
                <i>1 0 0 0 1 0 0 0 1 0 0 0</i>
                <i>1 0 0 0 1 0 0 0 1 0 0 0</i>
                <i>1 0 0 0 1 0 0 0 1 0 0 0</i>
                <i>1 0 0 0 1 0 0 0 1 0 0 0</i>
                <i>1 0 0 0 1 0 0 0 1 0 0 0</i>
                <i>1 0 0 0 1 0 0 0 1 0 0 0</i>
                <i>1 0 0 0 1 0 0 0 1 0 0 0</i>
                <i>1 0 0 0 1 0 0 0 1 0 0 0</i>
                <i>1 0 0 0 1 0 0 0 1 0 0 0</i>
                <i>1 0 0 0 1 0 0 0 1 0 0 0</i>
                <i>1 0 0 0 1 0 0 0 1 0 0 0</i>
                <i>1 0 0 0 1 0 0 0 1 0 0 0</i>
                <i>1 0 0 0 1 0 0 0 1 0 0 0</i>
                <i>1 0 0 0 1 0 0 0 1 0 0 0</i>
                <i>1 0 0 0 1 0 0 0 1 0 0 0</i>
                <i>1 0 0 0 1 0 0 0 1 0 0 0</i>
                <i>1 0 0 0 1 0 0 0 1 0 0 0</i>
                <i>1 0 0 0 1 0 0 0 1 0 0 0</i>
                <i>1 0 0 0 1 0 0 0 1 0 0 0</i>
                <i>1 0 0 0 1 0 0 0 1 0 0 0</i>
                <i>1 0 0 0 1 0 0 0 1 0 0 0</i>
                <i>1 0 0 0 1 0 0 0 1 0 0 0</i>
                <i>1 0 0 0 1 0 0 0 1 0 0 0</i>
                <i>1 0 0 0 1 0 0 0 1 0 0 0</i>
            </KeyFrames>
        </RefFrame>
        <Bones count="5">
            <i>
                <p>
                    <Name><![CDATA[typhoon_tesla_root]]></Name>
                    <Exclude>0</Exclude>
                    <Additive>0</Additive>
                    <IKPriority>0</IKPriority>
                    <IKRotLimits>-1e+010 -1e+010 -1e+010 1e+010 1e+010 1e+010</IKRotLimits>
                    <IKRotLimitOrder>0</IKRotLimitOrder>
                    <KeyFrames count="151">
                        <i>1 0 0 0 1 0 0 0 1 3.43832e-009 3.87337 1.03149e-008</i>
                        <i>1 0 0 0 1 0 0 0 1 3.43832e-009 3.87337 1.03149e-008</i>
                        <i>1 0 0 0 1 0 0 0 1 3.43832e-009 3.87337 1.03149e-008</i>
                        <i>1 0 0 0 1 0 0 0 1 3.43832e-009 3.87337 1.03149e-008</i>
                        <i>1 0 0 0 1 0 0 0 1 3.43832e-009 3.87337 1.03149e-008</i>
                        <i>1 0 0 0 1 0 0 0 1 3.43832e-009 3.87337 1.03149e-008</i>
                        <i>1 0 0 0 1 0 0 0 1 3.43832e-009 3.87337 1.03149e-008</i>
                        <i>1 0 0 0 1 0 0 0 1 3.43832e-009 3.87337 1.03149e-008</i>
                        <i>1 0 0 0 1 0 0 0 1 3.43832e-009 3.87337 1.03149e-008</i>
                        <i>1 0 0 0 1 0 0 0 1 3.43832e-009 3.87337 1.03149e-008</i>
                        <i>1 0 0 0 1 0 0 0 1 3.43832e-009 3.87337 1.03149e-008</i>
                        <i>1 0 0 0 1 0 0 0 1 3.43832e-009 3.87337 1.03149e-008</i>
                        <i>1 0 0 0 1 0 0 0 1 3.43832e-009 3.87337 1.03149e-008</i>
                        <i>1 0 0 0 1 0 0 0 1 3.43832e-009 3.87337 1.03149e-008</i>
                        <i>1 0 0 0 1 0 0 0 1 3.43832e-009 3.87337 1.03149e-008</i>
                        <i>1 0 0 0 1 0 0 0 1 3.43832e-009 3.87337 1.03149e-008</i>
                        <i>1 0 0 0 1 0 0 0 1 3.43832e-009 3.87337 1.03149e-008</i>
                        <i>1 0 0 0 1 0 0 0 1 3.43832e-009 3.87337 1.03149e-008</i>
                        <i>1 0 0 0 1 0 0 0 1 3.43832e-009 3.87337 1.03149e-008</i>
                        <i>1 0 0 0 1 0 0 0 1 3.43832e-009 3.87337 1.03149e-008</i>
                        <i>1 0 0 0 1 0 0 0 1 3.43832e-009 3.87337 1.03149e-008</i>
                        <i>1 0 0 0 1 0 0 0 1 3.43832e-009 3.87337 1.03149e-008</i>
                        <i>1 0 0 0 1 0 0 0 1 3.43832e-009 3.87337 1.03149e-008</i>
                        <i>1 0 0 0 1 0 0 0 1 3.43832e-009 3.87337 1.03149e-008</i>
                        <i>1 0 0 0 1 0 0 0 1 3.43832e-009 3.87337 1.03149e-008</i>
                        <i>1 0 0 0 1 0 0 0 1 3.43832e-009 3.87337 1.03149e-008</i>
                        <i>1 0 0 0 1 0 0 0 1 3.43832e-009 3.87337 1.03149e-008</i>
                        <i>1 0 0 0 1 0 0 0 1 3.43832e-009 3.87337 1.03149e-008</i>
                        <i>1 0 0 0 1 0 0 0 1 3.43832e-009 3.87337 1.03149e-008</i>
                        <i>1 0 0 0 1 0 0 0 1 3.43832e-009 3.87337 1.03149e-008</i>
                        <i>1 0 0 0 1 0 0 0 1 3.43832e-009 3.87337 1.03149e-008</i>
                        <i>1 0 0 0 1 0 0 0 1 3.43832e-009 3.87337 1.03149e-008</i>
                        <i>1 0 0 0 1 0 0 0 1 3.43832e-009 3.87337 1.03149e-008</i>
                        <i>1 0 0 0 1 0 0 0 1 3.43832e-009 3.87337 1.03149e-008</i>
                        <i>1 0 0 0 1 0 0 0 1 3.43832e-009 3.87337 1.03149e-008</i>
                        <i>1 0 0 0 1 0 0 0 1 3.43832e-009 3.87337 1.03149e-008</i>
                        <i>1 0 0 0 1 0 0 0 1 3.43832e-009 3.87337 1.03149e-008</i>
                        <i>1 0 0 0 1 0 0 0 1 3.43832e-009 3.87337 1.03149e-008</i>
                        <i>1 0 0 0 1 0 0 0 1 3.43832e-009 3.87337 1.03149e-008</i>
                        <i>1 0 0 0 1 0 0 0 1 3.43832e-009 3.87337 1.03149e-008</i>
                        <i>1 0 0 0 1 0 0 0 1 3.43832e-009 3.87337 1.03149e-008</i>
                        <i>1 0 0 0 1 0 0 0 1 3.43832e-009 3.87337 1.03149e-008</i>
                        <i>1 0 0 0 1 0 0 0 1 3.43832e-009 3.87337 1.03149e-008</i>
                        <i>1 0 0 0 1 0 0 0 1 3.43832e-009 3.87337 1.03149e-008</i>
                        <i>1 0 0 0 1 0 0 0 1 3.43832e-009 3.87337 1.03149e-008</i>
                        <i>1 0 0 0 1 0 0 0 1 3.43832e-009 3.87337 1.03149e-008</i>
                        <i>1 0 0 0 1 0 0 0 1 3.43832e-009 3.87337 1.03149e-008</i>
                        <i>1 0 0 0 1 0 0 0 1 3.43832e-009 3.87337 1.03149e-008</i>
                        <i>1 0 0 0 1 0 0 0 1 3.43832e-009 3.87337 1.03149e-008</i>
                        <i>1 0 0 0 1 0 0 0 1 3.43832e-009 3.87337 1.03149e-008</i>
                        <i>1 0 0 0 1 0 0 0 1 3.43832e-009 3.87337 1.03149e-008</i>
                        <i>1 0 0 0 1 0 0 0 1 3.43832e-009 3.87337 1.03149e-008</i>
                        <i>1 0 0 0 1 0 0 0 1 3.43832e-009 3.87337 1.03149e-008</i>
                        <i>1 0 0 0 1 0 0 0 1 3.43832e-009 3.87337 1.03149e-008</i>
                        <i>1 0 0 0 1 0 0 0 1 3.43832e-009 3.87337 1.03149e-008</i>
                        <i>1 0 0 0 1 0 0 0 1 3.43832e-009 3.87337 1.03149e-008</i>
                        <i>1 0 0 0 1 0 0 0 1 3.43832e-009 3.87337 1.03149e-008</i>
                        <i>1 0 0 0 1 0 0 0 1 3.43832e-009 3.87337 1.03149e-008</i>
                        <i>1 0 0 0 1 0 0 0 1 3.43832e-009 3.87337 1.03149e-008</i>
                        <i>1 0 0 0 1 0 0 0 1 3.43832e-009 3.87337 1.03149e-008</i>
                        <i>1 0 0 0 1 0 0 0 1 3.43832e-009 3.87337 1.03149e-008</i>
                        <i>1 0 0 0 1 0 0 0 1 3.43832e-009 3.87337 1.03149e-008</i>
                        <i>1 0 0 0 1 0 0 0 1 3.43832e-009 3.87337 1.03149e-008</i>
                        <i>1 0 0 0 1 0 0 0 1 3.43832e-009 3.87337 1.03149e-008</i>
                        <i>1 0 0 0 1 0 0 0 1 3.43832e-009 3.87337 1.03149e-008</i>
                        <i>1 0 0 0 1 0 0 0 1 3.43832e-009 3.87337 1.03149e-008</i>
                        <i>1 0 0 0 1 0 0 0 1 3.43832e-009 3.87337 1.03149e-008</i>
                        <i>1 0 0 0 1 0 0 0 1 3.43832e-009 3.87337 1.03149e-008</i>
                        <i>1 0 0 0 1 0 0 0 1 3.43832e-009 3.87337 1.03149e-008</i>
                        <i>1 0 0 0 1 0 0 0 1 3.43832e-009 3.87337 1.03149e-008</i>
                        <i>1 0 0 0 1 0 0 0 1 3.43832e-009 3.87337 1.03149e-008</i>
                        <i>1 0 0 0 1 0 0 0 1 3.43832e-009 3.87337 1.03149e-008</i>
                        <i>1 0 0 0 1 0 0 0 1 3.43832e-009 3.87337 1.03149e-008</i>
                        <i>1 0 0 0 1 0 0 0 1 3.43832e-009 3.87337 1.03149e-008</i>
                        <i>1 0 0 0 1 0 0 0 1 3.43832e-009 3.87337 1.03149e-008</i>
                        <i>1 0 0 0 1 0 0 0 1 3.43832e-009 3.87337 1.03149e-008</i>
                        <i>1 0 0 0 1 0 0 0 1 3.43832e-009 3.87337 1.03149e-008</i>
                        <i>1 0 0 0 1 0 0 0 1 3.43832e-009 3.87337 1.03149e-008</i>
                        <i>1 0 0 0 1 0 0 0 1 3.43832e-009 3.87337 1.03149e-008</i>
                        <i>1 0 0 0 1 0 0 0 1 3.43832e-009 3.87337 1.03149e-008</i>
                        <i>1 0 0 0 1 0 0 0 1 3.43832e-009 3.87337 1.03149e-008</i>
                        <i>1 0 0 0 1 0 0 0 1 3.43832e-009 3.87337 1.03149e-008</i>
                        <i>1 0 0 0 1 0 0 0 1 3.43832e-009 3.87337 1.03149e-008</i>
                        <i>1 0 0 0 1 0 0 0 1 3.43832e-009 3.87337 1.03149e-008</i>
                        <i>1 0 0 0 1 0 0 0 1 3.43832e-009 3.87337 1.03149e-008</i>
                        <i>1 0 0 0 1 0 0 0 1 3.43832e-009 3.87337 1.03149e-008</i>
                        <i>1 0 0 0 1 0 0 0 1 3.43832e-009 3.87337 1.03149e-008</i>
                        <i>1 0 0 0 1 0 0 0 1 3.43832e-009 3.87337 1.03149e-008</i>
                        <i>1 0 0 0 1 0 0 0 1 3.43832e-009 3.87337 1.03149e-008</i>
                        <i>1 0 0 0 1 0 0 0 1 3.43832e-009 3.87337 1.03149e-008</i>
                        <i>1 0 0 0 1 0 0 0 1 3.43832e-009 3.87337 1.03149e-008</i>
                        <i>1 0 0 0 1 0 0 0 1 3.43832e-009 3.87337 1.03149e-008</i>
                        <i>1 0 0 0 1 0 0 0 1 3.43832e-009 3.87337 1.03149e-008</i>
                        <i>1 0 0 0 1 0 0 0 1 3.43832e-009 3.87337 1.03149e-008</i>
                        <i>1 0 0 0 1 0 0 0 1 3.43832e-009 3.87337 1.03149e-008</i>
                        <i>1 0 0 0 1 0 0 0 1 3.43832e-009 3.87337 1.03149e-008</i>
                        <i>1 0 0 0 1 0 0 0 1 3.43832e-009 3.87337 1.03149e-008</i>
                        <i>1 0 0 0 1 0 0 0 1 3.43832e-009 3.87337 1.03149e-008</i>
                        <i>1 0 0 0 1 0 0 0 1 3.43832e-009 3.87337 1.03149e-008</i>
                        <i>1 0 0 0 1 0 0 0 1 3.43832e-009 3.87337 1.03149e-008</i>
                        <i>1 0 0 0 1 0 0 0 1 3.43832e-009 3.87337 1.03149e-008</i>
                        <i>1 0 0 0 1 0 0 0 1 3.43832e-009 3.87337 1.03149e-008</i>
                        <i>1 0 0 0 1 0 0 0 1 3.43832e-009 3.87337 1.03149e-008</i>
                        <i>1 0 0 0 1 0 0 0 1 3.43832e-009 3.87337 1.03149e-008</i>
                        <i>1 0 0 0 1 0 0 0 1 3.43832e-009 3.87337 1.03149e-008</i>
                        <i>1 0 0 0 1 0 0 0 1 3.43832e-009 3.87337 1.03149e-008</i>
                        <i>1 0 0 0 1 0 0 0 1 3.43832e-009 3.87337 1.03149e-008</i>
                        <i>1 0 0 0 1 0 0 0 1 3.43832e-009 3.87337 1.03149e-008</i>
                        <i>1 0 0 0 1 0 0 0 1 3.43832e-009 3.87337 1.03149e-008</i>
                        <i>1 0 0 0 1 0 0 0 1 3.43832e-009 3.87337 1.03149e-008</i>
                        <i>1 0 0 0 1 0 0 0 1 3.43832e-009 3.87337 1.03149e-008</i>
                        <i>1 0 0 0 1 0 0 0 1 3.43832e-009 3.87337 1.03149e-008</i>
                        <i>1 0 0 0 1 0 0 0 1 3.43832e-009 3.87337 1.03149e-008</i>
                        <i>1 0 0 0 1 0 0 0 1 3.43832e-009 3.87337 1.03149e-008</i>
                        <i>1 0 0 0 1 0 0 0 1 3.43832e-009 3.87337 1.03149e-008</i>
                        <i>1 0 0 0 1 0 0 0 1 3.43832e-009 3.87337 1.03149e-008</i>
                        <i>1 0 0 0 1 0 0 0 1 3.43832e-009 3.87337 1.03149e-008</i>
                        <i>1 0 0 0 1 0 0 0 1 3.43832e-009 3.87337 1.03149e-008</i>
                        <i>1 0 0 0 1 0 0 0 1 3.43832e-009 3.87337 1.03149e-008</i>
                        <i>1 0 0 0 1 0 0 0 1 3.43832e-009 3.87337 1.03149e-008</i>
                        <i>1 0 0 0 1 0 0 0 1 3.43832e-009 3.87337 1.03149e-008</i>
                        <i>1 0 0 0 1 0 0 0 1 3.43832e-009 3.87337 1.03149e-008</i>
                        <i>1 0 0 0 1 0 0 0 1 3.43832e-009 3.87337 1.03149e-008</i>
                        <i>1 0 0 0 1 0 0 0 1 3.43832e-009 3.87337 1.03149e-008</i>
                        <i>1 0 0 0 1 0 0 0 1 3.43832e-009 3.87337 1.03149e-008</i>
                        <i>1 0 0 0 1 0 0 0 1 3.43832e-009 3.87337 1.03149e-008</i>
                        <i>1 0 0 0 1 0 0 0 1 3.43832e-009 3.87337 1.03149e-008</i>
                        <i>1 0 0 0 1 0 0 0 1 3.43832e-009 3.87337 1.03149e-008</i>
                        <i>1 0 0 0 1 0 0 0 1 3.43832e-009 3.87337 1.03149e-008</i>
                        <i>1 0 0 0 1 0 0 0 1 3.43832e-009 3.87337 1.03149e-008</i>
                        <i>1 0 0 0 1 0 0 0 1 3.43832e-009 3.87337 1.03149e-008</i>
                        <i>1 0 0 0 1 0 0 0 1 3.43832e-009 3.87337 1.03149e-008</i>
                        <i>1 0 0 0 1 0 0 0 1 3.43832e-009 3.87337 1.03149e-008</i>
                        <i>1 0 0 0 1 0 0 0 1 3.43832e-009 3.87337 1.03149e-008</i>
                        <i>1 0 0 0 1 0 0 0 1 3.43832e-009 3.87337 1.03149e-008</i>
                        <i>1 0 0 0 1 0 0 0 1 3.43832e-009 3.87337 1.03149e-008</i>
                        <i>1 0 0 0 1 0 0 0 1 3.43832e-009 3.87337 1.03149e-008</i>
                        <i>1 0 0 0 1 0 0 0 1 3.43832e-009 3.87337 1.03149e-008</i>
                        <i>1 0 0 0 1 0 0 0 1 3.43832e-009 3.87337 1.03149e-008</i>
                        <i>1 0 0 0 1 0 0 0 1 3.43832e-009 3.87337 1.03149e-008</i>
                        <i>1 0 0 0 1 0 0 0 1 3.43832e-009 3.87337 1.03149e-008</i>
                        <i>1 0 0 0 1 0 0 0 1 3.43832e-009 3.87337 1.03149e-008</i>
                        <i>1 0 0 0 1 0 0 0 1 3.43832e-009 3.87337 1.03149e-008</i>
                        <i>1 0 0 0 1 0 0 0 1 3.43832e-009 3.87337 1.03149e-008</i>
                        <i>1 0 0 0 1 0 0 0 1 3.43832e-009 3.87337 1.03149e-008</i>
                        <i>1 0 0 0 1 0 0 0 1 3.43832e-009 3.87337 1.03149e-008</i>
                        <i>1 0 0 0 1 0 0 0 1 3.43832e-009 3.87337 1.03149e-008</i>
                        <i>1 0 0 0 1 0 0 0 1 3.43832e-009 3.87337 1.03149e-008</i>
                        <i>1 0 0 0 1 0 0 0 1 3.43832e-009 3.87337 1.03149e-008</i>
                        <i>1 0 0 0 1 0 0 0 1 3.43832e-009 3.87337 1.03149e-008</i>
                        <i>1 0 0 0 1 0 0 0 1 3.43832e-009 3.87337 1.03149e-008</i>
                    </KeyFrames>
                </p>
            </i>
            <i>
                <p>
                    <Name><![CDATA[left_coil_1_pitch]]></Name>
                    <Exclude>0</Exclude>
                    <Additive>0</Additive>
                    <IKPriority>0</IKPriority>
                    <IKRotLimits>-1e+010 -1e+010 -1e+010 1e+010 1e+010 1e+010</IKRotLimits>
                    <IKRotLimitOrder>0</IKRotLimitOrder>
                    <KeyFrames count="151">
                        <i>1 0 0 0 0.642788 -0.766044 0 0.766044 0.642788 6.41301 8.02434 -1.72969</i>
                        <i>1 0 0 0 0.616128 -0.787646 0 0.787646 0.616128 6.41301 8.02434 -1.72969</i>
                        <i>1 0 0 0 0.614529 -0.788894 0 0.788894 0.614529 6.41301 8.02434 -1.72969</i>
                        <i>1 0 0 0 0.652462 -0.757821 0 0.757821 0.652462 6.41301 8.02434 -1.72969</i>
                        <i>1 0 0 0 0.692331 -0.72158 0 0.72158 0.692331 6.41301 8.02434 -1.72969</i>
                        <i>1 0 0 0 0.733048 -0.680176 0 0.680176 0.733048 6.41301 8.02434 -1.72969</i>
                        <i>1 0 0 0 0.773541 -0.633746 0 0.633746 0.773541 6.41301 8.02434 -1.72969</i>
                        <i>1 0 0 0 0.812782 -0.582568 0 0.582568 0.812782 6.41301 8.02434 -1.72969</i>
                        <i>1 0 0 0 0.84982 -0.527072 0 0.527072 0.84982 6.41301 8.02434 -1.72969</i>
                        <i>1 0 0 0 0.883815 -0.467837 0 0.467837 0.883815 6.41301 8.02434 -1.72969</i>
                        <i>1 0 0 0 0.914062 -0.405574 0 0.405574 0.914062 6.41301 8.02434 -1.72969</i>
                        <i>1 0 0 0 0.940022 -0.341114 0 0.341114 0.940022 6.41301 8.02434 -1.72969</i>
                        <i>1 0 0 0 0.961337 -0.275375 0 0.275375 0.961337 6.41301 8.02434 -1.72969</i>
                        <i>1 0 0 0 0.977844 -0.209336 0 0.209336 0.977844 6.41301 8.02434 -1.72969</i>
                        <i>1 0 0 0 0.989578 -0.143999 0 0.143999 0.989578 6.41301 8.02434 -1.72969</i>
                        <i>1 0 0 0 0.996766 -0.0803644 0 0.0803644 0.996766 6.41301 8.02434 -1.72969</i>
                        <i>1 0 0 0 0.999812 -0.0193978 0 0.0193978 0.999812 6.41301 8.02434 -1.72969</i>
                        <i>1 0 0 0 0.999278 0.0379927 0 -0.0379927 0.999278 6.41301 8.02434 -1.72969</i>
                        <i>1 0 0 0 0.995853 0.0909715 0 -0.0909715 0.995853 6.41301 8.02434 -1.72969</i>
                        <i>1 0 0 0 0.990323 0.138785 0 -0.138785 0.990323 6.41301 8.02434 -1.72969</i>
                        <i>1 0 0 0 0.983527 0.18076 0 -0.18076 0.983527 6.41301 8.02434 -1.72969</i>
                        <i>1 0 0 0 0.976328 0.216295 0 -0.216295 0.976328 6.41301 8.02434 -1.72969</i>
                        <i>1 0 0 0 0.969563 0.244842 0 -0.244842 0.969563 6.41301 8.02434 -1.72969</i>
                        <i>1 0 0 0 0.964005 0.265885 0 -0.265885 0.964005 6.41301 8.02434 -1.72969</i>
                        <i>1 0 0 0 0.960317 0.278912 0 -0.278912 0.960317 6.41301 8.02434 -1.72969</i>
                        <i>1 0 0 0 0.959007 0.283382 0 -0.283382 0.959007 6.41301 8.02434 -1.72969</i>
                        <i>1 0 0 0 0.959007 0.283382 0 -0.283382 0.959007 6.41301 8.02434 -1.72969</i>
                        <i>1 0 0 0 0.959007 0.283382 0 -0.283382 0.959007 6.41301 8.02434 -1.72969</i>
                        <i>1 0 0 0 0.959007 0.283382 0 -0.283382 0.959007 6.41301 8.02434 -1.72969</i>
                        <i>1 0 0 0 0.959007 0.283382 0 -0.283382 0.959007 6.41301 8.02434 -1.72969</i>
                        <i>1 0 0 0 0.959007 0.283382 0 -0.283382 0.959007 6.41301 8.02434 -1.72969</i>
                        <i>1 0 0 0 0.959007 0.283382 0 -0.283382 0.959007 6.41301 8.02434 -1.72969</i>
                        <i>1 0 0 0 0.959007 0.283382 0 -0.283382 0.959007 6.41301 8.02434 -1.72969</i>
                        <i>1 0 0 0 0.959007 0.283382 0 -0.283382 0.959007 6.41301 8.02434 -1.72969</i>
                        <i>1 0 0 0 0.959007 0.283382 0 -0.283382 0.959007 6.41301 8.02434 -1.72969</i>
                        <i>1 0 0 0 0.959007 0.283382 0 -0.283382 0.959007 6.41301 8.02434 -1.72969</i>
                        <i>1 0 0 0 0.959007 0.283382 0 -0.283382 0.959007 6.41301 8.02434 -1.72969</i>
                        <i>1 0 0 0 0.959007 0.283382 0 -0.283382 0.959007 6.41301 8.02434 -1.72969</i>
                        <i>1 0 0 0 0.959007 0.283382 0 -0.283382 0.959007 6.41301 8.02434 -1.72969</i>
                        <i>1 0 0 0 0.959007 0.283382 0 -0.283382 0.959007 6.41301 8.02434 -1.72969</i>
                        <i>1 0 0 0 0.959007 0.283382 0 -0.283382 0.959007 6.41301 8.02434 -1.72969</i>
                        <i>1 0 0 0 0.959007 0.283382 0 -0.283382 0.959007 6.41301 8.02434 -1.72969</i>
                        <i>1 0 0 0 0.959007 0.283382 0 -0.283382 0.959007 6.41301 8.02434 -1.72969</i>
                        <i>1 0 0 0 0.959007 0.283382 0 -0.283382 0.959007 6.41301 8.02434 -1.72969</i>
                        <i>1 0 0 0 0.959007 0.283382 0 -0.283382 0.959007 6.41301 8.02434 -1.72969</i>
                        <i>1 0 0 0 0.959007 0.283382 0 -0.283382 0.959007 6.41301 8.02434 -1.72969</i>
                        <i>1 0 0 0 0.959007 0.283382 0 -0.283382 0.959007 6.41301 8.02434 -1.72969</i>
                        <i>1 0 0 0 0.959007 0.283382 0 -0.283382 0.959007 6.41301 8.02434 -1.72969</i>
                        <i>1 0 0 0 0.959007 0.283382 0 -0.283382 0.959007 6.41301 8.02434 -1.72969</i>
                        <i>1 0 0 0 0.959007 0.283382 0 -0.283382 0.959007 6.41301 8.02434 -1.72969</i>
                        <i>1 0 0 0 0.959007 0.283382 0 -0.283382 0.959007 6.41301 8.02434 -1.72969</i>
                        <i>1 0 0 0 0.959007 0.283382 0 -0.283382 0.959007 6.41301 8.02434 -1.72969</i>
                        <i>1 0 0 0 0.959007 0.283382 0 -0.283382 0.959007 6.41301 8.02434 -1.72969</i>
                        <i>1 0 0 0 0.959007 0.283382 0 -0.283382 0.959007 6.41301 8.02434 -1.72969</i>
                        <i>1 0 0 0 0.959007 0.283382 0 -0.283382 0.959007 6.41301 8.02434 -1.72969</i>
                        <i>1 0 0 0 0.959007 0.283382 0 -0.283382 0.959007 6.41301 8.02434 -1.72969</i>
                        <i>1 0 0 0 0.959007 0.283382 0 -0.283382 0.959007 6.41301 8.02434 -1.72969</i>
                        <i>1 0 0 0 0.959007 0.283382 0 -0.283382 0.959007 6.41301 8.02434 -1.72969</i>
                        <i>1 0 0 0 0.959007 0.283382 0 -0.283382 0.959007 6.41301 8.02434 -1.72969</i>
                        <i>1 0 0 0 0.959007 0.283382 0 -0.283382 0.959007 6.41301 8.02434 -1.72969</i>
                        <i>1 0 0 0 0.959007 0.283382 0 -0.283382 0.959007 6.41301 8.02434 -1.72969</i>
                        <i>1 0 0 0 0.959007 0.283382 0 -0.283382 0.959007 6.41301 8.02434 -1.72969</i>
                        <i>1 0 0 0 0.959007 0.283382 0 -0.283382 0.959007 6.41301 8.02434 -1.72969</i>
                        <i>1 0 0 0 0.959007 0.283382 0 -0.283382 0.959007 6.41301 8.02434 -1.72969</i>
                        <i>1 0 0 0 0.959007 0.283382 0 -0.283382 0.959007 6.41301 8.02434 -1.72969</i>
                        <i>1 0 0 0 0.959007 0.283382 0 -0.283382 0.959007 6.41301 8.02434 -1.72969</i>
                        <i>1 0 0 0 0.959007 0.283382 0 -0.283382 0.959007 6.41301 8.02434 -1.72969</i>
                        <i>1 0 0 0 0.959007 0.283382 0 -0.283382 0.959007 6.41301 8.02434 -1.72969</i>
                        <i>1 0 0 0 0.959007 0.283382 0 -0.283382 0.959007 6.41301 8.02434 -1.72969</i>
                        <i>1 0 0 0 0.959007 0.283382 0 -0.283382 0.959007 6.41301 8.02434 -1.72969</i>
                        <i>1 0 0 0 0.959007 0.283382 0 -0.283382 0.959007 6.41301 8.02434 -1.72969</i>
                        <i>1 0 0 0 0.959007 0.283382 0 -0.283382 0.959007 6.41301 8.02434 -1.72969</i>
                        <i>1 0 0 0 0.959007 0.283382 0 -0.283382 0.959007 6.41301 8.02434 -1.72969</i>
                        <i>1 0 0 0 0.959007 0.283382 0 -0.283382 0.959007 6.41301 8.02434 -1.72969</i>
                        <i>1 0 0 0 0.959007 0.283382 0 -0.283382 0.959007 6.41301 8.02434 -1.72969</i>
                        <i>1 0 0 0 0.959007 0.283382 0 -0.283382 0.959007 6.41301 8.02434 -1.72969</i>
                        <i>1 0 0 0 0.959007 0.283382 0 -0.283382 0.959007 6.41301 8.02434 -1.72969</i>
                        <i>1 0 0 0 0.959007 0.283382 0 -0.283382 0.959007 6.41301 8.02434 -1.72969</i>
                        <i>1 0 0 0 0.959007 0.283382 0 -0.283382 0.959007 6.41301 8.02434 -1.72969</i>
                        <i>1 0 0 0 0.959007 0.283382 0 -0.283382 0.959007 6.41301 8.02434 -1.72969</i>
                        <i>1 0 0 0 0.959007 0.283382 0 -0.283382 0.959007 6.41301 8.02434 -1.72969</i>
                        <i>1 0 0 0 0.959007 0.283382 0 -0.283382 0.959007 6.41301 8.02434 -1.72969</i>
                        <i>1 0 0 0 0.959007 0.283382 0 -0.283382 0.959007 6.41301 8.02434 -1.72969</i>
                        <i>1 0 0 0 0.959007 0.283382 0 -0.283382 0.959007 6.41301 8.02434 -1.72969</i>
                        <i>1 0 0 0 0.959007 0.283382 0 -0.283382 0.959007 6.41301 8.02434 -1.72969</i>
                        <i>1 0 0 0 0.959007 0.283382 0 -0.283382 0.959007 6.41301 8.02434 -1.72969</i>
                        <i>1 0 0 0 0.959007 0.283382 0 -0.283382 0.959007 6.41301 8.02434 -1.72969</i>
                        <i>1 0 0 0 0.959007 0.283382 0 -0.283382 0.959007 6.41301 8.02434 -1.72969</i>
                        <i>1 0 0 0 0.959007 0.283382 0 -0.283382 0.959007 6.41301 8.02434 -1.72969</i>
                        <i>1 0 0 0 0.959007 0.283382 0 -0.283382 0.959007 6.41301 8.02434 -1.72969</i>
                        <i>1 0 0 0 0.959007 0.283382 0 -0.283382 0.959007 6.41301 8.02434 -1.72969</i>
                        <i>1 0 0 0 0.959007 0.283382 0 -0.283382 0.959007 6.41301 8.02434 -1.72969</i>
                        <i>1 0 0 0 0.959007 0.283382 0 -0.283382 0.959007 6.41301 8.02434 -1.72969</i>
                        <i>1 0 0 0 0.959007 0.283382 0 -0.283382 0.959007 6.41301 8.02434 -1.72969</i>
                        <i>1 0 0 0 0.959007 0.283382 0 -0.283382 0.959007 6.41301 8.02434 -1.72969</i>
                        <i>1 0 0 0 0.959007 0.283382 0 -0.283382 0.959007 6.41301 8.02434 -1.72969</i>
                        <i>1 0 0 0 0.959007 0.283382 0 -0.283382 0.959007 6.41301 8.02434 -1.72969</i>
                        <i>1 0 0 0 0.959373 0.28214 0 -0.28214 0.959373 6.41301 8.02434 -1.72969</i>
                        <i>1 0 0 0 0.960444 0.278473 0 -0.278473 0.960444 6.41301 8.02434 -1.72969</i>
                        <i>1 0 0 0 0.962166 0.272465 0 -0.272465 0.962166 6.41301 8.02434 -1.72969</i>
                        <i>1 0 0 0 0.964469 0.264196 0 -0.264196 0.964469 6.41301 8.02434 -1.72969</i>
                        <i>1 0 0 0 0.967271 0.253745 0 -0.253745 0.967271 6.41301 8.02434 -1.72969</i>
                        <i>1 0 0 0 0.970479 0.241186 0 -0.241186 0.970479 6.41301 8.02434 -1.72969</i>
                        <i>1 0 0 0 0.973989 0.226596 0 -0.226596 0.973989 6.41301 8.02434 -1.72969</i>
                        <i>1 0 0 0 0.977691 0.210049 0 -0.210049 0.977691 6.41301 8.02434 -1.72969</i>
                        <i>1 0 0 0 0.981469 0.191623 0 -0.191623 0.981469 6.41301 8.02434 -1.72969</i>
                        <i>1 0 0 0 0.985202 0.171399 0 -0.171399 0.985202 6.41301 8.02434 -1.72969</i>
                        <i>1 0 0 0 0.988768 0.149461 0 -0.149461 0.988768 6.41301 8.02434 -1.72969</i>
                        <i>1 0 0 0 0.992043 0.125896 0 -0.125896 0.992043 6.41301 8.02434 -1.72969</i>
                        <i>1 0 0 0 0.994907 0.100799 0 -0.100799 0.994907 6.41301 8.02434 -1.72969</i>
                        <i>1 0 0 0 0.997238 0.0742683 0 -0.0742683 0.997238 6.41301 8.02434 -1.72969</i>
                        <i>1 0 0 0 0.998922 0.0464101 0 -0.0464101 0.998922 6.41301 8.02434 -1.72969</i>
                        <i>1 0 0 0 0.99985 0.0173356 0 -0.0173356 0.99985 6.41301 8.02434 -1.72969</i>
                        <i>1 0 0 0 0.999918 -0.0128381 0 0.0128381 0.999918 6.41301 8.02434 -1.72969</i>
                        <i>1 0 0 0 0.999032 -0.0439875 0 0.0439875 0.999032 6.41301 8.02434 -1.72969</i>
                        <i>1 0 0 0 0.997109 -0.0759839 0 0.0759839 0.997109 6.41301 8.02434 -1.72969</i>
                        <i>1 0 0 0 0.994075 -0.108694 0 0.108694 0.994075 6.41301 8.02434 -1.72969</i>
                        <i>1 0 0 0 0.98987 -0.14198 0 0.14198 0.98987 6.41301 8.02434 -1.72969</i>
                        <i>1 0 0 0 0.984444 -0.1757 0 0.1757 0.984444 6.41301 8.02434 -1.72969</i>
                        <i>1 0 0 0 0.977763 -0.209713 0 0.209713 0.977763 6.41301 8.02434 -1.72969</i>
                        <i>1 0 0 0 0.969807 -0.243873 0 0.243873 0.969807 6.41301 8.02434 -1.72969</i>
                        <i>1 0 0 0 0.960571 -0.278036 0 0.278036 0.960571 6.41301 8.02434 -1.72969</i>
                        <i>1 0 0 0 0.950062 -0.31206 0 0.31206 0.950062 6.41301 8.02434 -1.72969</i>
                        <i>1 0 0 0 0.938307 -0.345804 0 0.345804 0.938307 6.41301 8.02434 -1.72969</i>
                        <i>1 0 0 0 0.925342 -0.379132 0 0.379132 0.925342 6.41301 8.02434 -1.72969</i>
                        <i>1 0 0 0 0.911223 -0.411914 0 0.411914 0.911223 6.41301 8.02434 -1.72969</i>
                        <i>1 0 0 0 0.896016 -0.444023 0 0.444023 0.896016 6.41301 8.02434 -1.72969</i>
                        <i>1 0 0 0 0.879801 -0.475342 0 0.475342 0.879801 6.41301 8.02434 -1.72969</i>
                        <i>1 0 0 0 0.862673 -0.505763 0 0.505763 0.862673 6.41301 8.02434 -1.72969</i>
                        <i>1 0 0 0 0.844735 -0.535184 0 0.535184 0.844735 6.41301 8.02434 -1.72969</i>
                        <i>1 0 0 0 0.826105 -0.563517 0 0.563517 0.826105 6.41301 8.02434 -1.72969</i>
                        <i>1 0 0 0 0.806905 -0.590681 0 0.590681 0.806905 6.41301 8.02434 -1.72969</i>
                        <i>1 0 0 0 0.787269 -0.616609 0 0.616609 0.787269 6.41301 8.02434 -1.72969</i>
                        <i>1 0 0 0 0.767338 -0.641243 0 0.641243 0.767338 6.41301 8.02434 -1.72969</i>
                        <i>1 0 0 0 0.747257 -0.664536 0 0.664536 0.747257 6.41301 8.02434 -1.72969</i>
                        <i>1 0 0 0 0.727175 -0.686452 0 0.686452 0.727175 6.41301 8.02434 -1.72969</i>
                        <i>1 0 0 0 0.707248 -0.706966 0 0.706966 0.707248 6.41301 8.02434 -1.72969</i>
                        <i>1 0 0 0 0.687629 -0.726063 0 0.726063 0.687629 6.41301 8.02434 -1.72969</i>
                        <i>1 0 0 0 0.668474 -0.743735 0 0.743735 0.668474 6.41301 8.02434 -1.72969</i>
                        <i>1 0 0 0 0.649941 -0.759984 0 0.759984 0.649941 6.41301 8.02434 -1.72969</i>
                        <i>1 0 0 0 0.638576 -0.769559 0 0.769559 0.638576 6.41301 8.02434 -1.72969</i>
                        <i>1 0 0 0 0.637873 -0.770141 0 0.770141 0.637873 6.41301 8.02434 -1.72969</i>
                        <i>1 0 0 0 0.643104 -0.765779 0 0.765779 0.643104 6.41301 8.02434 -1.72969</i>
                        <i>1 0 0 0 0.649445 -0.760408 0 0.760408 0.649445 6.41301 8.02434 -1.72969</i>
                        <i>1 0 0 0 0.652167 -0.758075 0 0.758075 0.652167 6.41301 8.02434 -1.72969</i>
                        <i>1 0 0 0 0.651243 -0.758869 0 0.758869 0.651243 6.41301 8.02434 -1.72969</i>
                        <i>1 0 0 0 0.649862 -0.760052 0 0.760052 0.649862 6.41301 8.02434 -1.72969</i>
                        <i>1 0 0 0 0.648175 -0.761492 0 0.761492 0.648175 6.41301 8.02434 -1.72969</i>
                        <i>1 0 0 0 0.646332 -0.763056 0 0.763056 0.646332 6.41301 8.02434 -1.72969</i>
                        <i>1 0 0 0 0.644485 -0.764617 0 0.764617 0.644485 6.41301 8.02434 -1.72969</i>
                        <i>1 0 0 0 0.642788 -0.766044 0 0.766044 0.642788 6.41301 8.02434 -1.72969</i>
                    </KeyFrames>
                </p>
            </i>
            <i>
                <p>
                    <Name><![CDATA[left_coil_2_pitch]]></Name>
                    <Exclude>0</Exclude>
                    <Additive>0</Additive>
                    <IKPriority>0</IKPriority>
                    <IKRotLimits>-1e+010 -1e+010 -1e+010 1e+010 1e+010 1e+010</IKRotLimits>
                    <IKRotLimitOrder>0</IKRotLimitOrder>
                    <KeyFrames count="151">
                        <i>1 0 0 0 0.642788 -0.766044 0 0.766044 0.642788 1.57112 8.02434 -1.72969</i>
                        <i>1 0 0 0 0.616805 -0.787116 0 0.787116 0.616805 1.57112 8.02434 -1.72969</i>
                        <i>1 0 0 0 0.614529 -0.788894 0 0.788894 0.614529 1.57112 8.02434 -1.72969</i>
                        <i>1 0 0 0 0.649535 -0.760332 0 0.760332 0.649535 1.57112 8.02434 -1.72969</i>
                        <i>1 0 0 0 0.686206 -0.727408 0 0.727408 0.686206 1.57112 8.02434 -1.72969</i>
                        <i>1 0 0 0 0.723698 -0.690117 0 0.690117 0.723698 1.57112 8.02434 -1.72969</i>
                        <i>1 0 0 0 0.761175 -0.648546 0 0.648546 0.761175 1.57112 8.02434 -1.72969</i>
                        <i>1 0 0 0 0.79783 -0.602883 0 0.602883 0.79783 1.57112 8.02434 -1.72969</i>
                        <i>1 0 0 0 0.832901 -0.553423 0 0.553423 0.832901 1.57112 8.02434 -1.72969</i>
                        <i>1 0 0 0 0.865698 -0.500567 0 0.500567 0.865698 1.57112 8.02434 -1.72969</i>
                        <i>1 0 0 0 0.895621 -0.444819 0 0.444819 0.895621 1.57112 8.02434 -1.72969</i>
                        <i>1 0 0 0 0.922174 -0.386774 0 0.386774 0.922174 1.57112 8.02434 -1.72969</i>
                        <i>1 0 0 0 0.944989 -0.327103 0 0.327103 0.944989 1.57112 8.02434 -1.72969</i>
                        <i>1 0 0 0 0.963826 -0.266533 0 0.266533 0.963826 1.57112 8.02434 -1.72969</i>
                        <i>1 0 0 0 0.978588 -0.205829 0 0.205829 0.978588 1.57112 8.02434 -1.72969</i>
                        <i>1 0 0 0 0.989318 -0.145771 0 0.145771 0.989318 1.57112 8.02434 -1.72969</i>
                        <i>1 0 0 0 0.996196 -0.0871359 0 0.0871359 0.996196 1.57112 8.02434 -1.72969</i>
                        <i>1 0 0 0 0.999529 -0.0306734 0 0.0306734 0.999529 1.57112 8.02434 -1.72969</i>
                        <i>1 0 0 0 0.999738 0.0229036 0 -0.0229036 0.999738 1.57112 8.02434 -1.72969</i>
                        <i>1 0 0 0 0.997337 0.072934 0 -0.072934 0.997337 1.57112 8.02434 -1.72969</i>
                        <i>1 0 0 0 0.992917 0.118814 0 -0.118814 0.992917 1.57112 8.02434 -1.72969</i>
                        <i>1 0 0 0 0.987117 0.159997 0 -0.159997 0.987117 1.57112 8.02434 -1.72969</i>
                        <i>1 0 0 0 0.980605 0.195994 0 -0.195994 0.980605 1.57112 8.02434 -1.72969</i>
                        <i>1 0 0 0 0.974044 0.226359 0 -0.226359 0.974044 1.57112 8.02434 -1.72969</i>
                        <i>1 0 0 0 0.96807 0.25068 0 -0.25068 0.96807 1.57112 8.02434 -1.72969</i>
