<?xml version="1.0" encoding="ISO-8859-1" ?>
<Animl Version="1">
    <ModellingPackage><![CDATA[Maya.2010]]></ModellingPackage>
    <SrcFile><![CDATA[anims\turrets\antiair\red\~src\aa_s125_launcher\aa_s125_launcher_idle.mb]]></SrcFile>
    <FramesPerSecond>30</FramesPerSecond>
    <TotalFrames>120</TotalFrames>
    <Skeleton>
        <RefFrame>
            <Name><![CDATA[aa_s125launcher_ref_frame]]></Name>
            <Exclude>0</Exclude>
            <Additive>0</Additive>
            <IKPriority>0</IKPriority>
            <IKRotLimits>-1e+010 -1e+010 -1e+010 1e+010 1e+010 1e+010</IKRotLimits>
            <IKRotLimitOrder>0</IKRotLimitOrder>
            <KeyFrames count="120">
                <i>1 0 0 0 1 0 0 0 1 0 1.25 1.18</i>
                <i>1 0 0 0 1 0 0 0 1 0 1.25 1.18</i>
                <i>1 0 0 0 1 0 0 0 1 0 1.25 1.18</i>
                <i>1 0 0 0 1 0 0 0 1 0 1.25 1.18</i>
                <i>1 0 0 0 1 0 0 0 1 0 1.25 1.18</i>
                <i>1 0 0 0 1 0 0 0 1 0 1.25 1.18</i>
                <i>1 0 0 0 1 0 0 0 1 0 1.25 1.18</i>
                <i>1 0 0 0 1 0 0 0 1 0 1.25 1.18</i>
                <i>1 0 0 0 1 0 0 0 1 0 1.25 1.18</i>
                <i>1 0 0 0 1 0 0 0 1 0 1.25 1.18</i>
                <i>1 0 0 0 1 0 0 0 1 0 1.25 1.18</i>
                <i>1 0 0 0 1 0 0 0 1 0 1.25 1.18</i>
                <i>1 0 0 0 1 0 0 0 1 0 1.25 1.18</i>
                <i>1 0 0 0 1 0 0 0 1 0 1.25 1.18</i>
                <i>1 0 0 0 1 0 0 0 1 0 1.25 1.18</i>
                <i>1 0 0 0 1 0 0 0 1 0 1.25 1.18</i>
                <i>1 0 0 0 1 0 0 0 1 0 1.25 1.18</i>
                <i>1 0 0 0 1 0 0 0 1 0 1.25 1.18</i>
                <i>1 0 0 0 1 0 0 0 1 0 1.25 1.18</i>
                <i>1 0 0 0 1 0 0 0 1 0 1.25 1.18</i>
                <i>1 0 0 0 1 0 0 0 1 0 1.25 1.18</i>
                <i>1 0 0 0 1 0 0 0 1 0 1.25 1.18</i>
                <i>1 0 0 0 1 0 0 0 1 0 1.25 1.18</i>
                <i>1 0 0 0 1 0 0 0 1 0 1.25 1.18</i>
                <i>1 0 0 0 1 0 0 0 1 0 1.25 1.18</i>
                <i>1 0 0 0 1 0 0 0 1 0 1.25 1.18</i>
                <i>1 0 0 0 1 0 0 0 1 0 1.25 1.18</i>
                <i>1 0 0 0 1 0 0 0 1 0 1.25 1.18</i>
                <i>1 0 0 0 1 0 0 0 1 0 1.25 1.18</i>
                <i>1 0 0 0 1 0 0 0 1 0 1.25 1.18</i>
                <i>1 0 0 0 1 0 0 0 1 0 1.25 1.18</i>
                <i>1 0 0 0 1 0 0 0 1 0 1.25 1.18</i>
                <i>1 0 0 0 1 0 0 0 1 0 1.25 1.18</i>
                <i>1 0 0 0 1 0 0 0 1 0 1.25 1.18</i>
                <i>1 0 0 0 1 0 0 0 1 0 1.25 1.18</i>
                <i>1 0 0 0 1 0 0 0 1 0 1.25 1.18</i>
                <i>1 0 0 0 1 0 0 0 1 0 1.25 1.18</i>
                <i>1 0 0 0 1 0 0 0 1 0 1.25 1.18</i>
                <i>1 0 0 0 1 0 0 0 1 0 1.25 1.18</i>
                <i>1 0 0 0 1 0 0 0 1 0 1.25 1.18</i>
                <i>1 0 0 0 1 0 0 0 1 0 1.25 1.18</i>
                <i>1 0 0 0 1 0 0 0 1 0 1.25 1.18</i>
                <i>1 0 0 0 1 0 0 0 1 0 1.25 1.18</i>
                <i>1 0 0 0 1 0 0 0 1 0 1.25 1.18</i>
                <i>1 0 0 0 1 0 0 0 1 0 1.25 1.18</i>
                <i>1 0 0 0 1 0 0 0 1 0 1.25 1.18</i>
                <i>1 0 0 0 1 0 0 0 1 0 1.25 1.18</i>
                <i>1 0 0 0 1 0 0 0 1 0 1.25 1.18</i>
                <i>1 0 0 0 1 0 0 0 1 0 1.25 1.18</i>
                <i>1 0 0 0 1 0 0 0 1 0 1.25 1.18</i>
                <i>1 0 0 0 1 0 0 0 1 0 1.25 1.18</i>
                <i>1 0 0 0 1 0 0 0 1 0 1.25 1.18</i>
                <i>1 0 0 0 1 0 0 0 1 0 1.25 1.18</i>
                <i>1 0 0 0 1 0 0 0 1 0 1.25 1.18</i>
                <i>1 0 0 0 1 0 0 0 1 0 1.25 1.18</i>
                <i>1 0 0 0 1 0 0 0 1 0 1.25 1.18</i>
                <i>1 0 0 0 1 0 0 0 1 0 1.25 1.18</i>
                <i>1 0 0 0 1 0 0 0 1 0 1.25 1.18</i>
                <i>1 0 0 0 1 0 0 0 1 0 1.25 1.18</i>
                <i>1 0 0 0 1 0 0 0 1 0 1.25 1.18</i>
                <i>1 0 0 0 1 0 0 0 1 0 1.25 1.18</i>
                <i>1 0 0 0 1 0 0 0 1 0 1.25 1.18</i>
                <i>1 0 0 0 1 0 0 0 1 0 1.25 1.18</i>
                <i>1 0 0 0 1 0 0 0 1 0 1.25 1.18</i>
                <i>1 0 0 0 1 0 0 0 1 0 1.25 1.18</i>
                <i>1 0 0 0 1 0 0 0 1 0 1.25 1.18</i>
                <i>1 0 0 0 1 0 0 0 1 0 1.25 1.18</i>
                <i>1 0 0 0 1 0 0 0 1 0 1.25 1.18</i>
                <i>1 0 0 0 1 0 0 0 1 0 1.25 1.18</i>
                <i>1 0 0 0 1 0 0 0 1 0 1.25 1.18</i>
                <i>1 0 0 0 1 0 0 0 1 0 1.25 1.18</i>
                <i>1 0 0 0 1 0 0 0 1 0 1.25 1.18</i>
                <i>1 0 0 0 1 0 0 0 1 0 1.25 1.18</i>
                <i>1 0 0 0 1 0 0 0 1 0 1.25 1.18</i>
                <i>1 0 0 0 1 0 0 0 1 0 1.25 1.18</i>
                <i>1 0 0 0 1 0 0 0 1 0 1.25 1.18</i>
                <i>1 0 0 0 1 0 0 0 1 0 1.25 1.18</i>
                <i>1 0 0 0 1 0 0 0 1 0 1.25 1.18</i>
                <i>1 0 0 0 1 0 0 0 1 0 1.25 1.18</i>
                <i>1 0 0 0 1 0 0 0 1 0 1.25 1.18</i>
                <i>1 0 0 0 1 0 0 0 1 0 1.25 1.18</i>
                <i>1 0 0 0 1 0 0 0 1 0 1.25 1.18</i>
                <i>1 0 0 0 1 0 0 0 1 0 1.25 1.18</i>
                <i>1 0 0 0 1 0 0 0 1 0 1.25 1.18</i>
                <i>1 0 0 0 1 0 0 0 1 0 1.25 1.18</i>
                <i>1 0 0 0 1 0 0 0 1 0 1.25 1.18</i>
                <i>1 0 0 0 1 0 0 0 1 0 1.25 1.18</i>
                <i>1 0 0 0 1 0 0 0 1 0 1.25 1.18</i>
                <i>1 0 0 0 1 0 0 0 1 0 1.25 1.18</i>
                <i>1 0 0 0 1 0 0 0 1 0 1.25 1.18</i>
                <i>1 0 0 0 1 0 0 0 1 0 1.25 1.18</i>
                <i>1 0 0 0 1 0 0 0 1 0 1.25 1.18</i>
                <i>1 0 0 0 1 0 0 0 1 0 1.25 1.18</i>
                <i>1 0 0 0 1 0 0 0 1 0 1.25 1.18</i>
                <i>1 0 0 0 1 0 0 0 1 0 1.25 1.18</i>
                <i>1 0 0 0 1 0 0 0 1 0 1.25 1.18</i>
                <i>1 0 0 0 1 0 0 0 1 0 1.25 1.18</i>
                <i>1 0 0 0 1 0 0 0 1 0 1.25 1.18</i>
                <i>1 0 0 0 1 0 0 0 1 0 1.25 1.18</i>
                <i>1 0 0 0 1 0 0 0 1 0 1.25 1.18</i>
                <i>1 0 0 0 1 0 0 0 1 0 1.25 1.18</i>
                <i>1 0 0 0 1 0 0 0 1 0 1.25 1.18</i>
                <i>1 0 0 0 1 0 0 0 1 0 1.25 1.18</i>
                <i>1 0 0 0 1 0 0 0 1 0 1.25 1.18</i>
                <i>1 0 0 0 1 0 0 0 1 0 1.25 1.18</i>
                <i>1 0 0 0 1 0 0 0 1 0 1.25 1.18</i>
                <i>1 0 0 0 1 0 0 0 1 0 1.25 1.18</i>
                <i>1 0 0 0 1 0 0 0 1 0 1.25 1.18</i>
                <i>1 0 0 0 1 0 0 0 1 0 1.25 1.18</i>
                <i>1 0 0 0 1 0 0 0 1 0 1.25 1.18</i>
                <i>1 0 0 0 1 0 0 0 1 0 1.25 1.18</i>
                <i>1 0 0 0 1 0 0 0 1 0 1.25 1.18</i>
                <i>1 0 0 0 1 0 0 0 1 0 1.25 1.18</i>
                <i>1 0 0 0 1 0 0 0 1 0 1.25 1.18</i>
                <i>1 0 0 0 1 0 0 0 1 0 1.25 1.18</i>
                <i>1 0 0 0 1 0 0 0 1 0 1.25 1.18</i>
                <i>1 0 0 0 1 0 0 0 1 0 1.25 1.18</i>
                <i>1 0 0 0 1 0 0 0 1 0 1.25 1.18</i>
                <i>1 0 0 0 1 0 0 0 1 0 1.25 1.18</i>
                <i>1 0 0 0 1 0 0 0 1 0 1.25 1.18</i>
            </KeyFrames>
        </RefFrame>
        <Bones count="14">
            <i>
                <p>
                    <Name><![CDATA[aa_s125launcher_root]]></Name>
                    <Exclude>0</Exclude>
                    <Additive>0</Additive>
                    <IKPriority>0</IKPriority>
                    <IKRotLimits>-1e+010 -1e+010 -1e+010 1e+010 1e+010 1e+010</IKRotLimits>
                    <IKRotLimitOrder>0</IKRotLimitOrder>
                    <KeyFrames count="120">
                        <i>1 0 0 0 1 0 0 0 1 0 1.25466 1.18007</i>
                        <i>1 0 0 0 1 0 0 0 1 0 1.25466 1.18007</i>
                        <i>1 0 0 0 1 0 0 0 1 0 1.25466 1.18007</i>
                        <i>1 0 0 0 1 0 0 0 1 0 1.25466 1.18007</i>
                        <i>1 0 0 0 1 0 0 0 1 0 1.25466 1.18007</i>
                        <i>1 0 0 0 1 0 0 0 1 0 1.25466 1.18007</i>
                        <i>1 0 0 0 1 0 0 0 1 0 1.25466 1.18007</i>
                        <i>1 0 0 0 1 0 0 0 1 0 1.25466 1.18007</i>
                        <i>1 0 0 0 1 0 0 0 1 0 1.25466 1.18007</i>
                        <i>1 0 0 0 1 0 0 0 1 0 1.25466 1.18007</i>
                        <i>1 0 0 0 1 0 0 0 1 0 1.25466 1.18007</i>
                        <i>1 0 0 0 1 0 0 0 1 0 1.25466 1.18007</i>
                        <i>1 0 0 0 1 0 0 0 1 0 1.25466 1.18007</i>
                        <i>1 0 0 0 1 0 0 0 1 0 1.25466 1.18007</i>
                        <i>1 0 0 0 1 0 0 0 1 0 1.25466 1.18007</i>
                        <i>1 0 0 0 1 0 0 0 1 0 1.25466 1.18007</i>
                        <i>1 0 0 0 1 0 0 0 1 0 1.25466 1.18007</i>
                        <i>1 0 0 0 1 0 0 0 1 0 1.25466 1.18007</i>
                        <i>1 0 0 0 1 0 0 0 1 0 1.25466 1.18007</i>
                        <i>1 0 0 0 1 0 0 0 1 0 1.25466 1.18007</i>
                        <i>1 0 0 0 1 0 0 0 1 0 1.25466 1.18007</i>
                        <i>1 0 0 0 1 0 0 0 1 0 1.25466 1.18007</i>
                        <i>1 0 0 0 1 0 0 0 1 0 1.25466 1.18007</i>
                        <i>1 0 0 0 1 0 0 0 1 0 1.25466 1.18007</i>
                        <i>1 0 0 0 1 0 0 0 1 0 1.25466 1.18007</i>
                        <i>1 0 0 0 1 0 0 0 1 0 1.25466 1.18007</i>
                        <i>1 0 0 0 1 0 0 0 1 0 1.25466 1.18007</i>
                        <i>1 0 0 0 1 0 0 0 1 0 1.25466 1.18007</i>
                        <i>1 0 0 0 1 0 0 0 1 0 1.25466 1.18007</i>
                        <i>1 0 0 0 1 0 0 0 1 0 1.25466 1.18007</i>
                        <i>1 0 0 0 1 0 0 0 1 0 1.25466 1.18007</i>
                        <i>1 0 0 0 1 0 0 0 1 0 1.25466 1.18007</i>
                        <i>1 0 0 0 1 0 0 0 1 0 1.25466 1.18007</i>
                        <i>1 0 0 0 1 0 0 0 1 0 1.25466 1.18007</i>
                        <i>1 0 0 0 1 0 0 0 1 0 1.25466 1.18007</i>
                        <i>1 0 0 0 1 0 0 0 1 0 1.25466 1.18007</i>
                        <i>1 0 0 0 1 0 0 0 1 0 1.25466 1.18007</i>
                        <i>1 0 0 0 1 0 0 0 1 0 1.25466 1.18007</i>
                        <i>1 0 0 0 1 0 0 0 1 0 1.25466 1.18007</i>
                        <i>1 0 0 0 1 0 0 0 1 0 1.25466 1.18007</i>
                        <i>1 0 0 0 1 0 0 0 1 0 1.25466 1.18007</i>
                        <i>1 0 0 0 1 0 0 0 1 0 1.25466 1.18007</i>
                        <i>1 0 0 0 1 0 0 0 1 0 1.25466 1.18007</i>
                        <i>1 0 0 0 1 0 0 0 1 0 1.25466 1.18007</i>
                        <i>1 0 0 0 1 0 0 0 1 0 1.25466 1.18007</i>
                        <i>1 0 0 0 1 0 0 0 1 0 1.25466 1.18007</i>
                        <i>1 0 0 0 1 0 0 0 1 0 1.25466 1.18007</i>
                        <i>1 0 0 0 1 0 0 0 1 0 1.25466 1.18007</i>
                        <i>1 0 0 0 1 0 0 0 1 0 1.25466 1.18007</i>
                        <i>1 0 0 0 1 0 0 0 1 0 1.25466 1.18007</i>
                        <i>1 0 0 0 1 0 0 0 1 0 1.25466 1.18007</i>
                        <i>1 0 0 0 1 0 0 0 1 0 1.25466 1.18007</i>
                        <i>1 0 0 0 1 0 0 0 1 0 1.25466 1.18007</i>
                        <i>1 0 0 0 1 0 0 0 1 0 1.25466 1.18007</i>
                        <i>1 0 0 0 1 0 0 0 1 0 1.25466 1.18007</i>
                        <i>1 0 0 0 1 0 0 0 1 0 1.25466 1.18007</i>
                        <i>1 0 0 0 1 0 0 0 1 0 1.25466 1.18007</i>
                        <i>1 0 0 0 1 0 0 0 1 0 1.25466 1.18007</i>
                        <i>1 0 0 0 1 0 0 0 1 0 1.25466 1.18007</i>
                        <i>1 0 0 0 1 0 0 0 1 0 1.25466 1.18007</i>
                        <i>1 0 0 0 1 0 0 0 1 0 1.25466 1.18007</i>
                        <i>1 0 0 0 1 0 0 0 1 0 1.25466 1.18007</i>
                        <i>1 0 0 0 1 0 0 0 1 0 1.25466 1.18007</i>
                        <i>1 0 0 0 1 0 0 0 1 0 1.25466 1.18007</i>
                        <i>1 0 0 0 1 0 0 0 1 0 1.25466 1.18007</i>
                        <i>1 0 0 0 1 0 0 0 1 0 1.25466 1.18007</i>
                        <i>1 0 0 0 1 0 0 0 1 0 1.25466 1.18007</i>
                        <i>1 0 0 0 1 0 0 0 1 0 1.25466 1.18007</i>
                        <i>1 0 0 0 1 0 0 0 1 0 1.25466 1.18007</i>
                        <i>1 0 0 0 1 0 0 0 1 0 1.25466 1.18007</i>
                        <i>1 0 0 0 1 0 0 0 1 0 1.25466 1.18007</i>
                        <i>1 0 0 0 1 0 0 0 1 0 1.25466 1.18007</i>
                        <i>1 0 0 0 1 0 0 0 1 0 1.25466 1.18007</i>
                        <i>1 0 0 0 1 0 0 0 1 0 1.25466 1.18007</i>
                        <i>1 0 0 0 1 0 0 0 1 0 1.25466 1.18007</i>
                        <i>1 0 0 0 1 0 0 0 1 0 1.25466 1.18007</i>
                        <i>1 0 0 0 1 0 0 0 1 0 1.25466 1.18007</i>
                        <i>1 0 0 0 1 0 0 0 1 0 1.25466 1.18007</i>
                        <i>1 0 0 0 1 0 0 0 1 0 1.25466 1.18007</i>
                        <i>1 0 0 0 1 0 0 0 1 0 1.25466 1.18007</i>
                        <i>1 0 0 0 1 0 0 0 1 0 1.25466 1.18007</i>
                        <i>1 0 0 0 1 0 0 0 1 0 1.25466 1.18007</i>
                        <i>1 0 0 0 1 0 0 0 1 0 1.25466 1.18007</i>
                        <i>1 0 0 0 1 0 0 0 1 0 1.25466 1.18007</i>
                        <i>1 0 0 0 1 0 0 0 1 0 1.25466 1.18007</i>
                        <i>1 0 0 0 1 0 0 0 1 0 1.25466 1.18007</i>
                        <i>1 0 0 0 1 0 0 0 1 0 1.25466 1.18007</i>
                        <i>1 0 0 0 1 0 0 0 1 0 1.25466 1.18007</i>
                        <i>1 0 0 0 1 0 0 0 1 0 1.25466 1.18007</i>
                        <i>1 0 0 0 1 0 0 0 1 0 1.25466 1.18007</i>
                        <i>1 0 0 0 1 0 0 0 1 0 1.25466 1.18007</i>
                        <i>1 0 0 0 1 0 0 0 1 0 1.25466 1.18007</i>
                        <i>1 0 0 0 1 0 0 0 1 0 1.25466 1.18007</i>
                        <i>1 0 0 0 1 0 0 0 1 0 1.25466 1.18007</i>
                        <i>1 0 0 0 1 0 0 0 1 0 1.25466 1.18007</i>
                        <i>1 0 0 0 1 0 0 0 1 0 1.25466 1.18007</i>
                        <i>1 0 0 0 1 0 0 0 1 0 1.25466 1.18007</i>
                        <i>1 0 0 0 1 0 0 0 1 0 1.25466 1.18007</i>
                        <i>1 0 0 0 1 0 0 0 1 0 1.25466 1.18007</i>
                        <i>1 0 0 0 1 0 0 0 1 0 1.25466 1.18007</i>
                        <i>1 0 0 0 1 0 0 0 1 0 1.25466 1.18007</i>
                        <i>1 0 0 0 1 0 0 0 1 0 1.25466 1.18007</i>
                        <i>1 0 0 0 1 0 0 0 1 0 1.25466 1.18007</i>
                        <i>1 0 0 0 1 0 0 0 1 0 1.25466 1.18007</i>
                        <i>1 0 0 0 1 0 0 0 1 0 1.25466 1.18007</i>
                        <i>1 0 0 0 1 0 0 0 1 0 1.25466 1.18007</i>
                        <i>1 0 0 0 1 0 0 0 1 0 1.25466 1.18007</i>
                        <i>1 0 0 0 1 0 0 0 1 0 1.25466 1.18007</i>
                        <i>1 0 0 0 1 0 0 0 1 0 1.25466 1.18007</i>
                        <i>1 0 0 0 1 0 0 0 1 0 1.25466 1.18007</i>
                        <i>1 0 0 0 1 0 0 0 1 0 1.25466 1.18007</i>
                        <i>1 0 0 0 1 0 0 0 1 0 1.25466 1.18007</i>
                        <i>1 0 0 0 1 0 0 0 1 0 1.25466 1.18007</i>
                        <i>1 0 0 0 1 0 0 0 1 0 1.25466 1.18007</i>
                        <i>1 0 0 0 1 0 0 0 1 0 1.25466 1.18007</i>
                        <i>1 0 0 0 1 0 0 0 1 0 1.25466 1.18007</i>
                        <i>1 0 0 0 1 0 0 0 1 0 1.25466 1.18007</i>
                        <i>1 0 0 0 1 0 0 0 1 0 1.25466 1.18007</i>
                        <i>1 0 0 0 1 0 0 0 1 0 1.25466 1.18007</i>
                        <i>1 0 0 0 1 0 0 0 1 0 1.25466 1.18007</i>
                    </KeyFrames>
                </p>
            </i>
            <i>
                <p>
                    <Name><![CDATA[rotate]]></Name>
                    <Exclude>0</Exclude>
                    <Additive>0</Additive>
                    <IKPriority>0</IKPriority>
                    <IKRotLimits>-1e+010 -1e+010 -1e+010 1e+010 1e+010 1e+010</IKRotLimits>
                    <IKRotLimitOrder>0</IKRotLimitOrder>
                    <KeyFrames count="120">
                        <i>0.93456 0 -0.355806 0 1 0 0.355806 0 0.93456 0 1.88316 -0.950432</i>
                        <i>0.93456 0 -0.355806 0 1 0 0.355806 0 0.93456 0 1.88316 -0.950432</i>
                        <i>0.93456 0 -0.355806 0 1 0 0.355806 0 0.93456 0 1.88316 -0.950432</i>
                        <i>0.93456 0 -0.355806 0 1 0 0.355806 0 0.93456 0 1.88316 -0.950432</i>
                        <i>0.93456 0 -0.355806 0 1 0 0.355806 0 0.93456 0 1.88316 -0.950432</i>
                        <i>0.93456 0 -0.355806 0 1 0 0.355806 0 0.93456 0 1.88316 -0.950432</i>
                        <i>0.93456 0 -0.355806 0 1 0 0.355806 0 0.93456 0 1.88316 -0.950432</i>
                        <i>0.93456 0 -0.355806 0 1 0 0.355806 0 0.93456 0 1.88316 -0.950432</i>
                        <i>0.93456 0 -0.355806 0 1 0 0.355806 0 0.93456 0 1.88316 -0.950432</i>
                        <i>0.93456 0 -0.355806 0 1 0 0.355806 0 0.93456 0 1.88316 -0.950432</i>
                        <i>0.93456 0 -0.355806 0 1 0 0.355806 0 0.93456 0 1.88316 -0.950432</i>
                        <i>0.93456 0 -0.355806 0 1 0 0.355806 0 0.93456 0 1.88316 -0.950432</i>
                        <i>0.93456 0 -0.355806 0 1 0 0.355806 0 0.93456 0 1.88316 -0.950432</i>
                        <i>0.93456 0 -0.355806 0 1 0 0.355806 0 0.93456 0 1.88316 -0.950432</i>
                        <i>0.93456 0 -0.355806 0 1 0 0.355806 0 0.93456 0 1.88316 -0.950432</i>
                        <i>0.93494 0 -0.354806 0 1 0 0.354806 0 0.93494 0 1.88316 -0.950432</i>
                        <i>0.93605 0 -0.351867 0 1 0 0.351867 0 0.93605 0 1.88316 -0.950432</i>
                        <i>0.937839 0 -0.34707 0 1 0 0.34707 0 0.937839 0 1.88316 -0.950432</i>
                        <i>0.940246 0 -0.340497 0 1 0 0.340497 0 0.940246 0 1.88316 -0.950432</i>
                        <i>0.9432 0 -0.332225 0 1 0 0.332225 0 0.9432 0 1.88316 -0.950432</i>
                        <i>0.946627 0 -0.32233 0 1 0 0.32233 0 0.946627 0 1.88316 -0.950432</i>
                        <i>0.950447 0 -0.310888 0 1 0 0.310888 0 0.950447 0 1.88316 -0.950432</i>
                        <i>0.954574 0 -0.297974 0 1 0 0.297974 0 0.954574 0 1.88316 -0.950432</i>
                        <i>0.958924 0 -0.283664 0 1 0 0.283664 0 0.958924 0 1.88316 -0.950432</i>
                        <i>0.963408 0 -0.268037 0 1 0 0.268037 0 0.963408 0 1.88316 -0.950432</i>
                        <i>0.967942 0 -0.251173 0 1 0 0.251173 0 0.967942 0 1.88316 -0.950432</i>
                        <i>0.97244 0 -0.233154 0 1 0 0.233154 0 0.97244 0 1.88316 -0.950432</i>
                        <i>0.976819 0 -0.214065 0 1 0 0.214065 0 0.976819 0 1.88316 -0.950432</i>
                        <i>0.981003 0 -0.193995 0 1 0 0.193995 0 0.981003 0 1.88316 -0.950432</i>
                        <i>0.984915 0 -0.173037 0 1 0 0.173037 0 0.984915 0 1.88316 -0.950432</i>
                        <i>0.98849 0 -0.151285 0 1 0 0.151285 0 0.98849 0 1.88316 -0.950432</i>
                        <i>0.991666 0 -0.128837 0 1 0 0.128837 0 0.991666 0 1.88316 -0.950432</i>
                        <i>0.994388 0 -0.105797 0 1 0 0.105797 0 0.994388 0 1.88316 -0.950432</i>
                        <i>0.99661 0 -0.0822664 0 1 0 0.0822664 0 0.99661 0 1.88316 -0.950432</i>
                        <i>0.998296 0 -0.0583533 0 1 0 0.0583533 0 0.998296 0 1.88316 -0.950432</i>
                        <i>0.999416 0 -0.0341656 0 1 0 0.0341656 0 0.999416 0 1.88316 -0.950432</i>
                        <i>0.999952 0 -0.00981328 0 1 0 0.00981328 0 0.999952 0 1.88316 -0.950432</i>
                        <i>0.999893 0 0.0145931 0 1 0 -0.0145931 0 0.999893 0 1.88316 -0.950432</i>
                        <i>0.999241 0 0.0389425 0 1 0 -0.0389425 0 0.999241 0 1.88316 -0.950432</i>
                        <i>0.998006 0 0.0631246 0 1 0 -0.0631246 0 0.998006 0 1.88316 -0.950432</i>
                        <i>0.996206 0 0.0870294 0 1 0 -0.0870294 0 0.996206 0 1.88316 -0.950432</i>
                        <i>0.993871 0 0.110549 0 1 0 -0.110549 0 0.993871 0 1.88316 -0.950432</i>
                        <i>0.991039 0 0.133576 0 1 0 -0.133576 0 0.991039 0 1.88316 -0.950432</i>
                        <i>0.987756 0 0.156008 0 1 0 -0.156008 0 0.987756 0 1.88316 -0.950432</i>
                        <i>0.984077 0 0.177743 0 1 0 -0.177743 0 0.984077 0 1.88316 -0.950432</i>
                        <i>0.980064 0 0.198682 0 1 0 -0.198682 0 0.980064 0 1.88316 -0.950432</i>
                        <i>0.975785 0 0.218732 0 1 0 -0.218732 0 0.975785 0 1.88316 -0.950432</i>
                        <i>0.971314 0 0.237799 0 1 0 -0.237799 0 0.971314 0 1.88316 -0.950432</i>
                        <i>0.966731 0 0.255797 0 1 0 -0.255797 0 0.966731 0 1.88316 -0.950432</i>
                        <i>0.962116 0 0.27264 0 1 0 -0.27264 0 0.962116 0 1.88316 -0.950432</i>
                        <i>0.957557 0 0.288245 0 1 0 -0.288245 0 0.957557 0 1.88316 -0.950432</i>
                        <i>0.953139 0 0.302533 0 1 0 -0.302533 0 0.953139 0 1.88316 -0.950432</i>
                        <i>0.94895 0 0.315428 0 1 0 -0.315428 0 0.94895 0 1.88316 -0.950432</i>
                        <i>0.945076 0 0.326851 0 1 0 -0.326851 0 0.945076 0 1.88316 -0.950432</i>
                        <i>0.941601 0 0.33673 0 1 0 -0.33673 0 0.941601 0 1.88316 -0.950432</i>
                        <i>0.938607 0 0.344988 0 1 0 -0.344988 0 0.938607 0 1.88316 -0.950432</i>
                        <i>0.936169 0 0.351549 0 1 0 -0.351549 0 0.936169 0 1.88316 -0.950432</i>
                        <i>0.934357 0 0.356337 0 1 0 -0.356337 0 0.934357 0 1.88316 -0.950432</i>
                        <i>0.933233 0 0.359271 0 1 0 -0.359271 0 0.933233 0 1.88316 -0.950432</i>
                        <i>0.932849 0 0.360269 0 1 0 -0.360269 0 0.932849 0 1.88316 -0.950432</i>
                        <i>0.932252 0 0.361811 0 1 0 -0.361811 0 0.932252 0 1.88316 -0.950432</i>
                        <i>0.931652 0 0.363352 0 1 0 -0.363352 0 0.931652 0 1.88316 -0.950432</i>
                        <i>0.931963 0 0.362553 0 1 0 -0.362553 0 0.931963 0 1.88316 -0.950432</i>
                        <i>0.932539 0 0.361068 0 1 0 -0.361068 0 0.932539 0 1.88316 -0.950432</i>
                        <i>0.932849 0 0.360269 0 1 0 -0.360269 0 0.932849 0 1.88316 -0.950432</i>
                        <i>0.932849 0 0.360269 0 1 0 -0.360269 0 0.932849 0 1.88316 -0.950432</i>
                        <i>0.932849 0 0.360269 0 1 0 -0.360269 0 0.932849 0 1.88316 -0.950432</i>
                        <i>0.932849 0 0.360269 0 1 0 -0.360269 0 0.932849 0 1.88316 -0.950432</i>
                        <i>0.932849 0 0.360269 0 1 0 -0.360269 0 0.932849 0 1.88316 -0.950432</i>
                        <i>0.932849 0 0.360269 0 1 0 -0.360269 0 0.932849 0 1.88316 -0.950432</i>
                        <i>0.932849 0 0.360269 0 1 0 -0.360269 0 0.932849 0 1.88316 -0.950432</i>
                        <i>0.932849 0 0.360269 0 1 0 -0.360269 0 0.932849 0 1.88316 -0.950432</i>
                        <i>0.932849 0 0.360269 0 1 0 -0.360269 0 0.932849 0 1.88316 -0.950432</i>
                        <i>0.932849 0 0.360269 0 1 0 -0.360269 0 0.932849 0 1.88316 -0.950432</i>
                        <i>0.932849 0 0.360269 0 1 0 -0.360269 0 0.932849 0 1.88316 -0.950432</i>
                        <i>0.932849 0 0.360269 0 1 0 -0.360269 0 0.932849 0 1.88316 -0.950432</i>
                        <i>0.932849 0 0.360269 0 1 0 -0.360269 0 0.932849 0 1.88316 -0.950432</i>
                        <i>0.932849 0 0.360269 0 1 0 -0.360269 0 0.932849 0 1.88316 -0.950432</i>
                        <i>0.932849 0 0.360269 0 1 0 -0.360269 0 0.932849 0 1.88316 -0.950432</i>
                        <i>0.932849 0 0.360269 0 1 0 -0.360269 0 0.932849 0 1.88316 -0.950432</i>
                        <i>0.933481 0 0.358627 0 1 0 -0.358627 0 0.933481 0 1.88316 -0.950432</i>
                        <i>0.935312 0 0.353823 0 1 0 -0.353823 0 0.935312 0 1.88316 -0.950432</i>
                        <i>0.938223 0 0.346031 0 1 0 -0.346031 0 0.938223 0 1.88316 -0.950432</i>
                        <i>0.94207 0 0.335416 0 1 0 -0.335416 0 0.94207 0 1.88316 -0.950432</i>
                        <i>0.946692 0 0.32214 0 1 0 -0.32214 0 0.946692 0 1.88316 -0.950432</i>
                        <i>0.951915 0 0.306363 0 1 0 -0.306363 0 0.951915 0 1.88316 -0.950432</i>
                        <i>0.957557 0 0.288245 0 1 0 -0.288245 0 0.957557 0 1.88316 -0.950432</i>
                        <i>0.963433 0 0.26795 0 1 0 -0.26795 0 0.963433 0 1.88316 -0.950432</i>
                        <i>0.969359 0 0.245649 0 1 0 -0.245649 0 0.969359 0 1.88316 -0.950432</i>
                        <i>0.975156 0 0.221518 0 1 0 -0.221518 0 0.975156 0 1.88316 -0.950432</i>
                        <i>0.980655 0 0.195743 0 1 0 -0.195743 0 0.980655 0 1.88316 -0.950432</i>
                        <i>0.985698 0 0.16852 0 1 0 -0.16852 0 0.985698 0 1.88316 -0.950432</i>
                        <i>0.990144 0 0.140051 0 1 0 -0.140051 0 0.990144 0 1.88316 -0.950432</i>
                        <i>0.993871 0 0.110549 0 1 0 -0.110549 0 0.993871 0 1.88316 -0.950432</i>
                        <i>0.996776 0 0.080234 0 1 0 -0.080234 0 0.996776 0 1.88316 -0.950432</i>
                        <i>0.998782 0 0.0493332 0 1 0 -0.0493332 0 0.998782 0 1.88316 -0.950432</i>
                        <i>0.999837 0 0.0180776 0 1 0 -0.0180776 0 0.999837 0 1.88316 -0.950432</i>
                        <i>0.999912 0 -0.0132981 0 1 0 0.0132981 0 0.999912 0 1.88316 -0.950432</i>
                        <i>0.999007 0 -0.0445583 0 1 0 0.0445583 0 0.999007 0 1.88316 -0.950432</i>
                        <i>0.997148 0 -0.0754684 0 1 0 0.0754684 0 0.997148 0 1.88316 -0.950432</i>
                        <i>0.994388 0 -0.105797 0 1 0 0.105797 0 0.994388 0 1.88316 -0.950432</i>
                        <i>0.990802 0 -0.135316 0 1 0 0.135316 0 0.990802 0 1.88316 -0.950432</i>
                        <i>0.986493 0 -0.163806 0 1 0 0.163806 0 0.986493 0 1.88316 -0.950432</i>
                        <i>0.98158 0 -0.191053 0 1 0 0.191053 0 0.98158 0 1.88316 -0.950432</i>
                        <i>0.976204 0 -0.216854 0 1 0 0.216854 0 0.976204 0 1.88316 -0.950432</i>
                        <i>0.970522 0 -0.241012 0 1 0 0.241012 0 0.970522 0 1.88316 -0.950432</i>
                        <i>0.964703 0 -0.263342 0 1 0 0.263342 0 0.964703 0 1.88316 -0.950432</i>
                        <i>0.958924 0 -0.283664 0 1 0 0.283664 0 0.958924 0 1.88316 -0.950432</i>
                        <i>0.953368 0 -0.301809 0 1 0 0.301809 0 0.953368 0 1.88316 -0.950432</i>
                        <i>0.948221 0 -0.317611 0 1 0 0.317611 0 0.948221 0 1.88316 -0.950432</i>
                        <i>0.943663 0 -0.330909 0 1 0 0.330909 0 0.943663 0 1.88316 -0.950432</i>
                        <i>0.939867 0 -0.341542 0 1 0 0.341542 0 0.939867 0 1.88316 -0.950432</i>
                        <i>0.936993 0 -0.349348 0 1 0 0.349348 0 0.936993 0 1.88316 -0.950432</i>
                        <i>0.935185 0 -0.354161 0 1 0 0.354161 0 0.935185 0 1.88316 -0.950432</i>
                        <i>0.93456 0 -0.355806 0 1 0 0.355806 0 0.93456 0 1.88316 -0.950432</i>
                        <i>0.933763 0 -0.357892 0 1 0 0.357892 0 0.933763 0 1.88316 -0.950432</i>
                        <i>0.932961 0 -0.359977 0 1 0 0.359977 0 0.932961 0 1.88316 -0.950432</i>
                        <i>0.933377 0 -0.358896 0 1 0 0.358896 0 0.933377 0 1.88316 -0.950432</i>
                        <i>0.934147 0 -0.356888 0 1 0 0.356888 0 0.934147 0 1.88316 -0.950432</i>
                        <i>0.93456 0 -0.355806 0 1 0 0.355806 0 0.93456 0 1.88316 -0.950432</i>
                    </KeyFrames>
                </p>
            </i>
            <i>
                <p>
                    <Name><![CDATA[pitch]]></Name>
                    <Exclude>0</Exclude>
                    <Additive>0</Additive>
                    <IKPriority>0</IKPriority>
                    <IKRotLimits>-1e+010 -1e+010 -1e+010 1e+010 1e+010 1e+010</IKRotLimits>
                    <IKRotLimitOrder>0</IKRotLimitOrder>
                    <KeyFrames count="120">
                        <i>0.93456 0 -0.355806 0 1 0 0.355806 0 0.93456 0.785686 2.72279 1.11059</i>
                        <i>0.93456 0 -0.355806 0 1 0 0.355806 0 0.93456 0.785686 2.72279 1.11059</i>
                        <i>0.93456 0 -0.355806 0 1 0 0.355806 0 0.93456 0.785686 2.72279 1.11059</i>
                        <i>0.93456 0 -0.355806 0 1 0 0.355806 0 0.93456 0.785686 2.72279 1.11059</i>
                        <i>0.93456 0 -0.355806 0 1 0 0.355806 0 0.93456 0.785686 2.72279 1.11059</i>
                        <i>0.93456 0 -0.355806 0 1 0 0.355806 0 0.93456 0.785686 2.72279 1.11059</i>
                        <i>0.93456 0 -0.355806 0 1 0 0.355806 0 0.93456 0.785686 2.72279 1.11059</i>
                        <i>0.93456 0 -0.355806 0 1 0 0.355806 0 0.93456 0.785686 2.72279 1.11059</i>
                        <i>0.93456 0 -0.355806 0 1 0 0.355806 0 0.93456 0.785686 2.72279 1.11059</i>
                        <i>0.93456 0 -0.355806 0 1 0 0.355806 0 0.93456 0.785686 2.72279 1.11059</i>
                        <i>0.93456 0 -0.355806 0 1 0 0.355806 0 0.93456 0.785686 2.72279 1.11059</i>
                        <i>0.93456 0 -0.355806 0 1 0 0.355806 0 0.93456 0.785686 2.72279 1.11059</i>
                        <i>0.93456 0 -0.355806 0 1 0 0.355806 0 0.93456 0.785686 2.72279 1.11059</i>
                        <i>0.93456 0 -0.355806 0 1 0 0.355806 0 0.93456 0.785686 2.72279 1.11059</i>
                        <i>0.93456 0 -0.355806 0 1 0 0.355806 0 0.93456 0.785686 2.72279 1.11059</i>
                        <i>0.93494 0 -0.354806 0 1 0 0.354806 0 0.93494 0.78348 2.72279 1.11143</i>
                        <i>0.93605 0 -0.351867 0 1 0 0.351867 0 0.93605 0.776989 2.72279 1.11388</i>
                        <i>0.937839 0 -0.34707 0 1 0 0.34707 0 0.937839 0.766397 2.72279 1.11783</i>
                        <i>0.940246 0 -0.340497 0 1 0 0.340497 0 0.940246 0.751882 2.72279 1.12315</i>
                        <i>0.9432 0 -0.332225 0 1 0 0.332225 0 0.9432 0.733616 2.72279 1.12967</i>
                        <i>0.946627 0 -0.32233 0 1 0 0.32233 0 0.946627 0.711766 2.72279 1.13724</i>
                        <i>0.950447 0 -0.310888 0 1 0 0.310888 0 0.950447 0.686499 2.72279 1.14567</i>
                        <i>0.954574 0 -0.297974 0 1 0 0.297974 0 0.954574 0.657983 2.72279 1.15479</i>
                        <i>0.958924 0 -0.283664 0 1 0 0.283664 0 0.958924 0.626385 2.72279 1.16439</i>
                        <i>0.963408 0 -0.268037 0 1 0 0.268037 0 0.963408 0.591877 2.72279 1.1743</i>
                        <i>0.967942 0 -0.251173 0 1 0 0.251173 0 0.967942 0.554638 2.72279 1.18431</i>
                        <i>0.97244 0 -0.233154 0 1 0 0.233154 0 0.97244 0.514847 2.72279 1.19424</i>
                        <i>0.976819 0 -0.214065 0 1 0 0.214065 0 0.976819 0.472695 2.72279 1.20391</i>
                        <i>0.981003 0 -0.193995 0 1 0 0.193995 0 0.981003 0.428378 2.72279 1.21315</i>
                        <i>0.984915 0 -0.173037 0 1 0 0.173037 0 0.984915 0.382098 2.72279 1.22179</i>
                        <i>0.98849 0 -0.151285 0 1 0 0.151285 0 0.98849 0.334065 2.72279 1.22968</i>
                        <i>0.991666 0 -0.128837 0 1 0 0.128837 0 0.991666 0.284497 2.72279 1.23669</i>
                        <i>0.994388 0 -0.105797 0 1 0 0.105797 0 0.994388 0.233619 2.72279 1.24271</i>
                        <i>0.99661 0 -0.0822664 0 1 0 0.0822664 0 0.99661 0.18166 2.72279 1.24761</i>
                        <i>0.998296 0 -0.0583533 0 1 0 0.0583533 0 0.998296 0.128855 2.72279 1.25134</i>
                        <i>0.999416 0 -0.0341656 0 1 0 0.0341656 0 0.999416 0.0754441 2.72279 1.25381</i>
                        <i>0.999952 0 -0.00981328 0 1 0 0.00981328 0 0.999952 0.0216696 2.72279 1.25499</i>
                        <i>0.999893 0 0.0145931 0 1 0 -0.0145931 0 0.999893 -0.0322242 2.72279 1.25486</i>
                        <i>0.999241 0 0.0389425 0 1 0 -0.0389425 0 0.999241 -0.0859925 2.72279 1.25342</i>
                        <i>0.998006 0 0.0631246 0 1 0 -0.0631246 0 0.998006 -0.139391 2.72279 1.25069</i>
                        <i>0.996206 0 0.0870294 0 1 0 -0.0870294 0 0.996206 -0.192177 2.72279 1.24672</i>
                        <i>0.993871 0 0.110549 0 1 0 -0.110549 0 0.993871 -0.244113 2.72279 1.24156</i>
                        <i>0.991039 0 0.133576 0 1 0 -0.133576 0 0.991039 -0.294962 2.72279 1.23531</i>
                        <i>0.987756 0 0.156008 0 1 0 -0.156008 0 0.987756 -0.344495 2.72279 1.22806</i>
                        <i>0.984077 0 0.177743 0 1 0 -0.177743 0 0.984077 -0.39249 2.72279 1.21994</i>
                        <i>0.980064 0 0.198682 0 1 0 -0.198682 0 0.980064 -0.438728 2.72279 1.21108</i>
                        <i>0.975785 0 0.218732 0 1 0 -0.218732 0 0.975785 -0.483001 2.72279 1.20163</i>
                        <i>0.971314 0 0.237799 0 1 0 -0.237799 0 0.971314 -0.525106 2.72279 1.19175</i>
                        <i>0.966731 0 0.255797 0 1 0 -0.255797 0 0.966731 -0.564848 2.72279 1.18163</i>
                        <i>0.962116 0 0.27264 0 1 0 -0.27264 0 0.962116 -0.60204 2.72279 1.17144</i>
                        <i>0.957557 0 0.288245 0 1 0 -0.288245 0 0.957557 -0.636499 2.72279 1.16138</i>
                        <i>0.953139 0 0.302533 0 1 0 -0.302533 0 0.953139 -0.668051 2.72279 1.15162</i>
                        <i>0.94895 0 0.315428 0 1 0 -0.315428 0 0.94895 -0.696524 2.72279 1.14237</i>
                        <i>0.945076 0 0.326851 0 1 0 -0.326851 0 0.945076 -0.72175 2.72279 1.13381</i>
                        <i>0.941601 0 0.33673 0 1 0 -0.33673 0 0.941601 -0.743563 2.72279 1.12614</i>
                        <i>0.938607 0 0.344988 0 1 0 -0.344988 0 0.938607 -0.761798 2.72279 1.11953</i>
                        <i>0.936169 0 0.351549 0 1 0 -0.351549 0 0.936169 -0.776287 2.72279 1.11415</i>
                        <i>0.934357 0 0.356337 0 1 0 -0.356337 0 0.934357 -0.78686 2.72279 1.11015</i>
                        <i>0.933233 0 0.359271 0 1 0 -0.359271 0 0.933233 -0.793339 2.72279 1.10766</i>
                        <i>0.932849 0 0.360269 0 1 0 -0.360269 0 0.932849 -0.795542 2.72279 1.10681</i>
                        <i>0.932252 0 0.361811 0 1 0 -0.361811 0 0.932252 -0.798946 2.72279 1.1055</i>
                        <i>0.931652 0 0.363352 0 1 0 -0.363352 0 0.931652 -0.802349 2.72279 1.10417</i>
                        <i>0.931963 0 0.362553 0 1 0 -0.362553 0 0.931963 -0.800585 2.72279 1.10486</i>
                        <i>0.932539 0 0.361068 0 1 0 -0.361068 0 0.932539 -0.797307 2.72279 1.10613</i>
                        <i>0.932849 0 0.360269 0 1 0 -0.360269 0 0.932849 -0.795542 2.72279 1.10681</i>
                        <i>0.932849 0 0.360269 0 1 0 -0.360269 0 0.932849 -0.795542 2.72279 1.10681</i>
                        <i>0.932849 0 0.360269 0 1 0 -0.360269 0 0.932849 -0.795542 2.72279 1.10681</i>
                        <i>0.932849 0 0.360269 0 1 0 -0.360269 0 0.932849 -0.795542 2.72279 1.10681</i>
                        <i>0.932849 0 0.360269 0 1 0 -0.360269 0 0.932849 -0.795542 2.72279 1.10681</i>
                        <i>0.932849 0 0.360269 0 1 0 -0.360269 0 0.932849 -0.795542 2.72279 1.10681</i>
                        <i>0.932849 0 0.360269 0 1 0 -0.360269 0 0.932849 -0.795542 2.72279 1.10681</i>
                        <i>0.932849 0 0.360269 0 1 0 -0.360269 0 0.932849 -0.795542 2.72279 1.10681</i>
                        <i>0.932849 0 0.360269 0 1 0 -0.360269 0 0.932849 -0.795542 2.72279 1.10681</i>
                        <i>0.932849 0 0.360269 0 1 0 -0.360269 0 0.932849 -0.795542 2.72279 1.10681</i>
                        <i>0.932849 0 0.360269 0 1 0 -0.360269 0 0.932849 -0.795542 2.72279 1.10681</i>
                        <i>0.932849 0 0.360269 0 1 0 -0.360269 0 0.932849 -0.795542 2.72279 1.10681</i>
                        <i>0.932849 0 0.360269 0 1 0 -0.360269 0 0.932849 -0.795542 2.72279 1.10681</i>
                        <i>0.932849 0 0.360269 0 1 0 -0.360269 0 0.932849 -0.795542 2.72279 1.10681</i>
                        <i>0.932849 0 0.360269 0 1 0 -0.360269 0 0.932849 -0.795542 2.72279 1.10681</i>
                        <i>0.932849 0 0.360269 0 1 0 -0.360269 0 0.932849 -0.795542 2.72279 1.10681</i>
                        <i>0.933481 0 0.358627 0 1 0 -0.358627 0 0.933481 -0.791916 2.72279 1.10821</i>
                        <i>0.935312 0 0.353823 0 1 0 -0.353823 0 0.935312 -0.781308 2.72279 1.11226</i>
                        <i>0.938223 0 0.346031 0 1 0 -0.346031 0 0.938223 -0.764101 2.72279 1.11868</i>
                        <i>0.94207 0 0.335416 0 1 0 -0.335416 0 0.94207 -0.740662 2.72279 1.12718</i>
                        <i>0.946692 0 0.32214 0 1 0 -0.32214 0 0.946692 -0.711347 2.72279 1.13738</i>
                        <i>0.951915 0 0.306363 0 1 0 -0.306363 0 0.951915 -0.676508 2.72279 1.14892</i>
                        <i>0.957557 0 0.288245 0 1 0 -0.288245 0 0.957557 -0.636499 2.72279 1.16138</i>
                        <i>0.963433 0 0.26795 0 1 0 -0.26795 0 0.963433 -0.591685 2.72279 1.17435</i>
                        <i>0.969359 0 0.245649 0 1 0 -0.245649 0 0.969359 -0.542439 2.72279 1.18744</i>
                        <i>0.975156 0 0.221518 0 1 0 -0.221518 0 0.975156 -0.489153 2.72279 1.20024</i>
                        <i>0.980655 0 0.195743 0 1 0 -0.195743 0 0.980655 -0.432238 2.72279 1.21238</i>
                        <i>0.985698 0 0.16852 0 1 0 -0.16852 0 0.985698 -0.372123 2.72279 1.22352</i>
                        <i>0.990144 0 0.140051 0 1 0 -0.140051 0 0.990144 -0.309259 2.72279 1.23333</i>
                        <i>0.993871 0 0.110549 0 1 0 -0.110549 0 0.993871 -0.244112 2.72279 1.24156</i>
                        <i>0.996776 0 0.080234 0 1 0 -0.080234 0 0.996776 -0.177172 2.72279 1.24798</i>
                        <i>0.998782 0 0.0493332 0 1 0 -0.0493332 0 0.998782 -0.108937 2.72279 1.25241</i>
                        <i>0.999837 0 0.0180776 0 1 0 -0.0180776 0 0.999837 -0.0399188 2.72279 1.25474</i>
                        <i>0.999912 0 -0.0132981 0 1 0 0.0132981 0 0.999912 0.0293647 2.72279 1.2549</i>
                        <i>0.999007 0 -0.0445583 0 1 0 0.0445583 0 0.999007 0.0983932 2.72279 1.2529</i>
                        <i>0.997148 0 -0.0754684 0 1 0 0.0754684 0 0.997148 0.166649 2.72279 1.2488</i>
                        <i>0.994388 0 -0.105797 0 1 0 0.105797 0 0.994388 0.233619 2.72279 1.24271</i>
                        <i>0.990802 0 -0.135316 0 1 0 0.135316 0 0.990802 0.298804 2.72279 1.23479</i>
                        <i>0.986493 0 -0.163806 0 1 0 0.163806 0 0.986493 0.361715 2.72279 1.22527</i>
                        <i>0.98158 0 -0.191053 0 1 0 0.191053 0 0.98158 0.421882 2.72279 1.21442</i>
                        <i>0.976204 0 -0.216854 0 1 0 0.216854 0 0.976204 0.478855 2.72279 1.20255</i>
                        <i>0.970522 0 -0.241012 0 1 0 0.241012 0 0.970522 0.532201 2.72279 1.19001</i>
                        <i>0.964703 0 -0.263342 0 1 0 0.263342 0 0.964703 0.581508 2.72279 1.17715</i>
                        <i>0.958924 0 -0.283664 0 1 0 0.283664 0 0.958924 0.626385 2.72279 1.16439</i>
                        <i>0.953368 0 -0.301809 0 1 0 0.301809 0 0.953368 0.666452 2.72279 1.15213</i>
                        <i>0.948221 0 -0.317611 0 1 0 0.317611 0 0.948221 0.701346 2.72279 1.14076</i>
                        <i>0.943663 0 -0.330909 0 1 0 0.330909 0 0.943663 0.73071 2.72279 1.13069</i>
                        <i>0.939867 0 -0.341542 0 1 0 0.341542 0 0.939867 0.754189 2.72279 1.12231</i>
                        <i>0.936993 0 -0.349348 0 1 0 0.349348 0 0.936993 0.771427 2.72279 1.11597</i>
