<?xml version="1.0" encoding="ISO-8859-1" ?>
<Animl Version="1">
    <ModellingPackage><![CDATA[Maya.2010]]></ModellingPackage>
    <SrcFile><![CDATA[anims\turrets\antiair\blue\~src\aa_patriot\aa_patriot_fire.mb]]></SrcFile>
    <FramesPerSecond>30</FramesPerSecond>
    <TotalFrames>49</TotalFrames>
    <Skeleton>
        <RefFrame>
            <Name><![CDATA[aa_patriot_ref_frame]]></Name>
            <Exclude>1</Exclude>
            <Additive>0</Additive>
            <IKPriority>0</IKPriority>
            <IKRotLimits>-1e+010 -1e+010 -1e+010 1e+010 1e+010 1e+010</IKRotLimits>
            <IKRotLimitOrder>0</IKRotLimitOrder>
            <KeyFrames count="49">
                <i>1 0 0 0 1 0 0 0 1 -0.53 1.3 1.03</i>
                <i>1 0 0 0 1 0 0 0 1 -0.53 1.3 1.03</i>
                <i>1 0 0 0 1 0 0 0 1 -0.53 1.3 1.03</i>
                <i>1 0 0 0 1 0 0 0 1 -0.53 1.3 1.03</i>
                <i>1 0 0 0 1 0 0 0 1 -0.53 1.3 1.03</i>
                <i>1 0 0 0 1 0 0 0 1 -0.53 1.3 1.03</i>
                <i>1 0 0 0 1 0 0 0 1 -0.53 1.3 1.03</i>
                <i>1 0 0 0 1 0 0 0 1 -0.53 1.3 1.03</i>
                <i>1 0 0 0 1 0 0 0 1 -0.53 1.3 1.03</i>
                <i>1 0 0 0 1 0 0 0 1 -0.53 1.3 1.03</i>
                <i>1 0 0 0 1 0 0 0 1 -0.53 1.3 1.03</i>
                <i>1 0 0 0 1 0 0 0 1 -0.53 1.3 1.03</i>
                <i>1 0 0 0 1 0 0 0 1 -0.53 1.3 1.03</i>
                <i>1 0 0 0 1 0 0 0 1 -0.53 1.3 1.03</i>
                <i>1 0 0 0 1 0 0 0 1 -0.53 1.3 1.03</i>
                <i>1 0 0 0 1 0 0 0 1 -0.53 1.3 1.03</i>
                <i>1 0 0 0 1 0 0 0 1 -0.53 1.3 1.03</i>
                <i>1 0 0 0 1 0 0 0 1 -0.53 1.3 1.03</i>
                <i>1 0 0 0 1 0 0 0 1 -0.53 1.3 1.03</i>
                <i>1 0 0 0 1 0 0 0 1 -0.53 1.3 1.03</i>
                <i>1 0 0 0 1 0 0 0 1 -0.53 1.3 1.03</i>
                <i>1 0 0 0 1 0 0 0 1 -0.53 1.3 1.03</i>
                <i>1 0 0 0 1 0 0 0 1 -0.53 1.3 1.03</i>
                <i>1 0 0 0 1 0 0 0 1 -0.53 1.3 1.03</i>
                <i>1 0 0 0 1 0 0 0 1 -0.53 1.3 1.03</i>
                <i>1 0 0 0 1 0 0 0 1 -0.53 1.3 1.03</i>
                <i>1 0 0 0 1 0 0 0 1 -0.53 1.3 1.03</i>
                <i>1 0 0 0 1 0 0 0 1 -0.53 1.3 1.03</i>
                <i>1 0 0 0 1 0 0 0 1 -0.53 1.3 1.03</i>
                <i>1 0 0 0 1 0 0 0 1 -0.53 1.3 1.03</i>
                <i>1 0 0 0 1 0 0 0 1 -0.53 1.3 1.03</i>
                <i>1 0 0 0 1 0 0 0 1 -0.53 1.3 1.03</i>
                <i>1 0 0 0 1 0 0 0 1 -0.53 1.3 1.03</i>
                <i>1 0 0 0 1 0 0 0 1 -0.53 1.3 1.03</i>
                <i>1 0 0 0 1 0 0 0 1 -0.53 1.3 1.03</i>
                <i>1 0 0 0 1 0 0 0 1 -0.53 1.3 1.03</i>
                <i>1 0 0 0 1 0 0 0 1 -0.53 1.3 1.03</i>
                <i>1 0 0 0 1 0 0 0 1 -0.53 1.3 1.03</i>
                <i>1 0 0 0 1 0 0 0 1 -0.53 1.3 1.03</i>
                <i>1 0 0 0 1 0 0 0 1 -0.53 1.3 1.03</i>
                <i>1 0 0 0 1 0 0 0 1 -0.53 1.3 1.03</i>
                <i>1 0 0 0 1 0 0 0 1 -0.53 1.3 1.03</i>
                <i>1 0 0 0 1 0 0 0 1 -0.53 1.3 1.03</i>
                <i>1 0 0 0 1 0 0 0 1 -0.53 1.3 1.03</i>
                <i>1 0 0 0 1 0 0 0 1 -0.53 1.3 1.03</i>
                <i>1 0 0 0 1 0 0 0 1 -0.53 1.3 1.03</i>
                <i>1 0 0 0 1 0 0 0 1 -0.53 1.3 1.03</i>
                <i>1 0 0 0 1 0 0 0 1 -0.53 1.3 1.03</i>
                <i>1 0 0 0 1 0 0 0 1 -0.53 1.3 1.03</i>
            </KeyFrames>
        </RefFrame>
        <Bones count="15">
            <i>
                <p>
                    <Name><![CDATA[aa_patriot_root]]></Name>
                    <Exclude>0</Exclude>
                    <Additive>1</Additive>
                    <IKPriority>0</IKPriority>
                    <IKRotLimits>-1e+010 -1e+010 -1e+010 1e+010 1e+010 1e+010</IKRotLimits>
                    <IKRotLimitOrder>0</IKRotLimitOrder>
                    <KeyFrames count="49">
                        <i>0.882948 0 -0.469472 0 1 0 0.469472 0 0.882948 -0.53 1.3 1.03</i>
                        <i>0.882948 0 -0.469472 0 1 0 0.469472 0 0.882948 -0.53 1.3 1.03</i>
                        <i>0.882948 0 -0.469472 0 1 0 0.469472 0 0.882948 -0.53 1.3 1.03</i>
                        <i>0.882948 0 -0.469472 0 1 0 0.469472 0 0.882948 -0.53 1.3 1.03</i>
                        <i>0.882948 0 -0.469472 0 1 0 0.469472 0 0.882948 -0.53 1.3 1.03</i>
                        <i>0.882948 0 -0.469472 0 1 0 0.469472 0 0.882948 -0.53 1.3 1.03</i>
                        <i>0.882948 0 -0.469472 0 1 0 0.469472 0 0.882948 -0.53 1.3 1.03</i>
                        <i>0.882948 0 -0.469472 0 1 0 0.469472 0 0.882948 -0.53 1.3 1.03</i>
                        <i>0.882948 0 -0.469472 0 1 0 0.469472 0 0.882948 -0.53 1.3 1.03</i>
                        <i>0.882948 0 -0.469472 0 1 0 0.469472 0 0.882948 -0.53 1.3 1.03</i>
                        <i>0.882948 0 -0.469472 0 1 0 0.469472 0 0.882948 -0.53 1.3 1.03</i>
                        <i>0.882948 0 -0.469472 0 1 0 0.469472 0 0.882948 -0.53 1.3 1.03</i>
                        <i>0.882948 0 -0.469472 0 1 0 0.469472 0 0.882948 -0.53 1.3 1.03</i>
                        <i>0.882948 0 -0.469472 0 1 0 0.469472 0 0.882948 -0.53 1.3 1.03</i>
                        <i>0.882948 0 -0.469472 0 1 0 0.469472 0 0.882948 -0.53 1.3 1.03</i>
                        <i>0.882948 0 -0.469472 0 1 0 0.469472 0 0.882948 -0.53 1.3 1.03</i>
                        <i>0.882948 0 -0.469472 0 1 0 0.469472 0 0.882948 -0.53 1.3 1.03</i>
                        <i>0.882948 0 -0.469472 0 1 0 0.469472 0 0.882948 -0.53 1.3 1.03</i>
                        <i>0.882948 0 -0.469472 0 1 0 0.469472 0 0.882948 -0.53 1.3 1.03</i>
                        <i>0.882948 0 -0.469472 0 1 0 0.469472 0 0.882948 -0.53 1.3 1.03</i>
                        <i>0.882948 0 -0.469472 0 1 0 0.469472 0 0.882948 -0.53 1.3 1.03</i>
                        <i>0.882948 0 -0.469472 0 1 0 0.469472 0 0.882948 -0.53 1.3 1.03</i>
                        <i>0.882948 0 -0.469472 0 1 0 0.469472 0 0.882948 -0.53 1.3 1.03</i>
                        <i>0.882948 0 -0.469472 0 1 0 0.469472 0 0.882948 -0.53 1.3 1.03</i>
                        <i>0.882948 0 -0.469472 0 1 0 0.469472 0 0.882948 -0.53 1.3 1.03</i>
                        <i>0.882948 0 -0.469472 0 1 0 0.469472 0 0.882948 -0.53 1.3 1.03</i>
                        <i>0.882948 0 -0.469472 0 1 0 0.469472 0 0.882948 -0.53 1.3 1.03</i>
                        <i>0.882948 0 -0.469472 0 1 0 0.469472 0 0.882948 -0.53 1.3 1.03</i>
                        <i>0.882948 0 -0.469472 0 1 0 0.469472 0 0.882948 -0.53 1.3 1.03</i>
                        <i>0.882948 0 -0.469472 0 1 0 0.469472 0 0.882948 -0.53 1.3 1.03</i>
                        <i>0.882948 0 -0.469472 0 1 0 0.469472 0 0.882948 -0.53 1.3 1.03</i>
                        <i>0.882948 0 -0.469472 0 1 0 0.469472 0 0.882948 -0.53 1.3 1.03</i>
                        <i>0.882948 0 -0.469472 0 1 0 0.469472 0 0.882948 -0.53 1.3 1.03</i>
                        <i>0.882948 0 -0.469472 0 1 0 0.469472 0 0.882948 -0.53 1.3 1.03</i>
                        <i>0.882948 0 -0.469472 0 1 0 0.469472 0 0.882948 -0.53 1.3 1.03</i>
                        <i>0.882948 0 -0.469472 0 1 0 0.469472 0 0.882948 -0.53 1.3 1.03</i>
                        <i>0.882948 0 -0.469472 0 1 0 0.469472 0 0.882948 -0.53 1.3 1.03</i>
                        <i>0.882948 0 -0.469472 0 1 0 0.469472 0 0.882948 -0.53 1.3 1.03</i>
                        <i>0.882948 0 -0.469472 0 1 0 0.469472 0 0.882948 -0.53 1.3 1.03</i>
                        <i>0.882948 0 -0.469472 0 1 0 0.469472 0 0.882948 -0.53 1.3 1.03</i>
                        <i>0.882948 0 -0.469472 0 1 0 0.469472 0 0.882948 -0.53 1.3 1.03</i>
                        <i>0.882948 0 -0.469472 0 1 0 0.469472 0 0.882948 -0.53 1.3 1.03</i>
                        <i>0.882948 0 -0.469472 0 1 0 0.469472 0 0.882948 -0.53 1.3 1.03</i>
                        <i>0.882948 0 -0.469472 0 1 0 0.469472 0 0.882948 -0.53 1.3 1.03</i>
                        <i>0.882948 0 -0.469472 0 1 0 0.469472 0 0.882948 -0.53 1.3 1.03</i>
                        <i>0.882948 0 -0.469472 0 1 0 0.469472 0 0.882948 -0.53 1.3 1.03</i>
                        <i>0.882948 0 -0.469472 0 1 0 0.469472 0 0.882948 -0.53 1.3 1.03</i>
                        <i>0.882948 0 -0.469472 0 1 0 0.469472 0 0.882948 -0.53 1.3 1.03</i>
                        <i>0.882948 0 -0.469472 0 1 0 0.469472 0 0.882948 -0.53 1.3 1.03</i>
                    </KeyFrames>
                </p>
            </i>
            <i>
                <p>
                    <Name><![CDATA[wheels_fr]]></Name>
                    <Exclude>0</Exclude>
                    <Additive>1</Additive>
                    <IKPriority>0</IKPriority>
                    <IKRotLimits>-1e+010 -1e+010 -1e+010 1e+010 1e+010 1e+010</IKRotLimits>
                    <IKRotLimitOrder>0</IKRotLimitOrder>
                    <KeyFrames count="49">
                        <i>0.882948 0 -0.469472 0 1 0 0.469472 0 0.882948 -2.03365 2.19387 -1.79796</i>
                        <i>0.882948 0 -0.469472 -0.00952872 0.999794 -0.0179209 0.469375 0.0202967 0.882766 -2.04735 2.18774 -1.82373</i>
                        <i>0.882948 0 -0.469472 -0.0204628 0.99905 -0.0384849 0.469025 0.0435869 0.882108 -2.0627 2.18089 -1.85259</i>
                        <i>0.882948 0 -0.469472 -0.0323239 0.997627 -0.0607924 0.468357 0.0688517 0.880852 -2.07915 2.17356 -1.88352</i>
                        <i>0.882948 0 -0.469472 -0.0446324 0.995471 -0.0839414 0.467345 0.0950695 0.878948 -2.09614 2.166 -1.91549</i>
                        <i>0.882948 0 -0.469472 -0.05691 0.992625 -0.107032 0.466009 0.121221 0.876436 -2.11314 2.15843 -1.94746</i>
                        <i>0.882948 0 -0.469472 -0.0686832 0.98924 -0.129174 0.46442 0.146299 0.873447 -2.12959 2.15111 -1.97839</i>
                        <i>0.882948 0 -0.469472 -0.0794857 0.985563 -0.149491 0.462694 0.169309 0.870201 -2.14494 2.14426 -2.00725</i>
                        <i>0.882948 0 -0.469472 -0.0888605 0.981924 -0.167122 0.460985 0.189278 0.866987 -2.15864 2.13812 -2.03302</i>
                        <i>0.882948 0 -0.469472 -0.0963588 0.97871 -0.181225 0.459476 0.20525 0.864149 -2.17014 2.13293 -2.05466</i>
                        <i>0.882948 0 -0.469472 -0.101538 0.976331 -0.190964 0.45836 0.216281 0.862049 -2.1789 2.12894 -2.07113</i>
                        <i>0.882948 0 -0.469472 -0.103954 0.975177 -0.19551 0.457818 0.221428 0.86103 -2.18436 2.12636 -2.0814</i>
                        <i>0.882948 0 -0.469472 -0.10316 0.975559 -0.194016 0.457997 0.219736 0.861368 -2.18598 2.12545 -2.08444</i>
                        <i>0.882948 0 -0.469472 -0.0986556 0.977671 -0.185544 0.458989 0.210142 0.863232 -2.18342 2.12633 -2.07963</i>
                        <i>0.882948 0 -0.469472 -0.0906225 0.981193 -0.170436 0.460642 0.193031 0.866342 -2.17711 2.1288 -2.06776</i>
                        <i>0.882948 0 -0.469472 -0.0796192 0.985514 -0.149742 0.462671 0.169593 0.870157 -2.16763 2.13262 -2.04994</i>
                        <i>0.882948 0 -0.469472 -0.0662101 0.990005 -0.124523 0.464779 0.141031 0.874123 -2.15557 2.13755 -2.02725</i>
                        <i>0.882948 0 -0.469472 -0.0509734 0.994088 -0.0958671 0.466696 0.108576 0.877728 -2.1415 2.14333 -2.00079</i>
                        <i>0.882948 0 -0.469472 -0.0345045 0.997295 -0.0648936 0.468202 0.0734965 0.88056 -2.12601 2.14974 -1.97167</i>
                        <i>0.882948 0 -0.469472 -0.0174143 0.999312 -0.0327515 0.469148 0.0370934 0.88234 -2.10969 2.15651 -1.94097</i>
                        <i>0.882948 0 -0.469472 -0.000324125 1 -0.000609591 0.469471 0.000690405 0.882947 -2.09311 2.16342 -1.90979</i>
                        <i>0.882948 0 -0.469472 0.0161415 0.999409 0.0303578 0.469194 -0.0343823 0.882426 -2.07686 2.17021 -1.87923</i>
                        <i>0.882948 0 -0.469472 0.0313627 0.997766 0.0589847 0.468423 -0.0668043 0.880975 -2.06153 2.17664 -1.85038</i>
                        <i>0.882948 0 -0.469472 0.04473 0.995451 0.0841249 0.467336 -0.0952773 0.878931 -2.04768 2.18246 -1.82435</i>
                        <i>0.882948 0 -0.469472 0.055647 0.99295 0.104657 0.466162 -0.118531 0.876723 -2.03592 2.18744 -1.80222</i>
                        <i>0.882948 0 -0.469472 0.063529 0.990802 0.119481 0.465153 -0.13532 0.874826 -2.02681 2.19132 -1.78509</i>
                        <i>0.882948 0 -0.469472 0.0677971 0.989518 0.127508 0.46455 -0.144412 0.873692 -2.02095 2.19387 -1.77406</i>
                        <i>0.882948 0 -0.469472 0.067747 0.989533 0.127414 0.464558 -0.144305 0.873706 -2.01868 2.19496 -1.76979</i>
                        <i>0.882948 0 -0.469472 0.0635514 0.990795 0.119523 0.46515 -0.135368 0.87482 -2.01959 2.19477 -1.77151</i>
                        <i>0.882948 0 -0.469472 0.0559376 0.992876 0.105203 0.466127 -0.11915 0.876658 -2.02313 2.19353 -1.77817</i>
                        <i>0.882948 0 -0.469472 0.0456309 0.995265 0.0858192 0.467249 -0.0971963 0.878767 -2.02873 2.19146 -1.7887</i>
                        <i>0.882948 0 -0.469472 0.0333633 0.997472 0.0627473 0.468285 -0.0710657 0.880715 -2.03584 2.18879 -1.80207</i>
                        <i>0.882948 0 -0.469472 0.0198776 0.999103 0.0373843 0.469051 -0.0423404 0.882156 -2.04389 2.18575 -1.81722</i>
                        <i>0.882948 0 -0.469472 0.00592682 0.99992 0.0111467 0.469434 -0.0126245 0.882877 -2.05233 2.18255 -1.83309</i>
                        <i>0.882948 0 -0.469472 -0.00773035 0.999864 -0.0145387 0.469408 0.0164661 0.882828 -2.0606 2.17944 -1.84863</i>
                        <i>0.882948 0 -0.469472 -0.0203355 0.999061 -0.0382456 0.469031 0.0433158 0.882119 -2.06813 2.17662 -1.8628</i>
                        <i>0.882948 0 -0.469472 -0.0311362 0.997798 -0.0585587 0.468438 0.0663219 0.881004 -2.07436 2.17433 -1.87453</i>
                        <i>0.882948 0 -0.469472 -0.0393883 0.996474 -0.0740785 0.467816 0.0838991 0.879835 -2.07875 2.17279 -1.88277</i>
                        <i>0.882948 0 -0.469472 -0.0443547 0.995527 -0.083419 0.467372 0.0944778 0.878998 -2.08072 2.17222 -1.88648</i>
                        <i>0.882948 0 -0.469472 -0.04561 0.99527 -0.0857799 0.467251 0.0971518 0.878771 -2.07987 2.17283 -1.88488</i>
                        <i>0.882948 0 -0.469472 -0.0436962 0.995659 -0.0821806 0.467434 0.0930753 0.879115 -2.07656 2.17448 -1.87866</i>
                        <i>0.882948 0 -0.469472 -0.0393258 0.996485 -0.0739611 0.467822 0.0837662 0.879844 -2.0714 2.1769 -1.86895</i>
                        <i>0.882948 0 -0.469472 -0.0332102 0.997495 -0.0624593 0.468295 0.0707395 0.880736 -2.06498 2.17984 -1.85688</i>
                        <i>0.882948 0 -0.469472 -0.0260627 0.998458 -0.0490168 0.468748 0.055515 0.881586 -2.05791 2.18305 -1.84358</i>
                        <i>0.882948 0 -0.469472 -0.0186001 0.999215 -0.0349817 0.469103 0.0396192 0.882254 -2.05077 2.18625 -1.83016</i>
                        <i>0.882948 0 -0.469472 -0.011542 0.999698 -0.0217074 0.46933 0.0245852 0.882681 -2.04418 2.1892 -1.81776</i>
                        <i>0.882948 0 -0.469472 -0.00560925 0.999929 -0.0105495 0.469438 0.011948 0.882885 -2.03873 2.19162 -1.80751</i>
                        <i>0.882948 0 -0.469472 -0.0015221 0.999995 -0.00286266 0.469469 0.00324217 0.882943 -2.03502 2.19327 -1.80053</i>
                        <i>0.882948 0 -0.469472 0 1 0 0.469472 0 0.882948 -2.03365 2.19387 -1.79796</i>
                    </KeyFrames>
                </p>
            </i>
            <i>
                <p>
                    <Name><![CDATA[wheels_bk]]></Name>
                    <Exclude>0</Exclude>
                    <Additive>1</Additive>
                    <IKPriority>0</IKPriority>
                    <IKRotLimits>-1e+010 -1e+010 -1e+010 1e+010 1e+010 1e+010</IKRotLimits>
                    <IKRotLimitOrder>0</IKRotLimitOrder>
                    <KeyFrames count="49">
                        <i>0.882948 0 -0.469472 0 1 0 0.469472 0 0.882948 -2.93234 2.1973 -3.48815</i>
                        <i>0.882948 0 -0.469472 -0.0115909 0.999695 -0.0217993 0.469328 0.0246893 0.882678 -2.94899 2.18984 -3.51946</i>
                        <i>0.882948 0 -0.469472 -0.0250253 0.998578 -0.0470657 0.468804 0.0533052 0.881692 -2.96785 2.18143 -3.55493</i>
                        <i>0.882948 0 -0.469472 -0.0394944 0.996455 -0.0742781 0.467807 0.0841251 0.879818 -2.98797 2.17246 -3.59277</i>
                        <i>0.882948 0 -0.469472 -0.0541887 0.993316 -0.101914 0.466334 0.115425 0.877046 -3.0084 2.16336 -3.6312</i>
                        <i>0.882948 0 -0.469472 -0.0683056 0.989359 -0.128464 0.464476 0.145495 0.873552 -3.02821 2.15454 -3.66844</i>
                        <i>0.882948 0 -0.469472 -0.0810564 0.984982 -0.152445 0.462421 0.172655 0.869688 -3.04643 2.1464 -3.70272</i>
                        <i>0.882948 0 -0.469472 -0.0916698 0.980751 -0.172406 0.460435 0.195262 0.865952 -3.06214 2.13935 -3.73226</i>
                        <i>0.882948 0 -0.469472 -0.0993908 0.977333 -0.186927 0.45883 0.211708 0.862934 -3.07438 2.13381 -3.75528</i>
                        <i>0.882948 0 -0.469472 -0.103472 0.975409 -0.194603 0.457927 0.220401 0.861235 -3.0822 2.13018 -3.76999</i>
                        <i>0.882948 0 -0.469472 -0.10316 0.975559 -0.194016 0.457997 0.219736 0.861368 -3.08467 2.12888 -3.77463</i>
                        <i>0.882948 0 -0.469472 -0.0985013 0.977741 -0.185254 0.459022 0.209813 0.863294 -3.08207 2.12976 -3.76975</i>
                        <i>0.882948 0 -0.469472 -0.0904174 0.981279 -0.17005 0.460682 0.192594 0.866417 -3.07574 2.13223 -3.75784</i>
                        <i>0.882948 0 -0.469472 -0.0794476 0.985577 -0.149419 0.4627 0.169228 0.870213 -3.06625 2.13605 -3.73998</i>
                        <i>0.882948 0 -0.469472 -0.0661372 0.990027 -0.124386 0.46479 0.140876 0.874142 -3.05417 2.14098 -3.71728</i>
                        <i>0.882948 0 -0.469472 -0.0510447 0.994072 -0.0960011 0.466688 0.108728 0.877713 -3.04011 2.14676 -3.69082</i>
                        <i>0.882948 0 -0.469472 -0.0347451 0.997258 -0.0653461 0.468184 0.0740091 0.880526 -3.02462 2.15317 -3.66171</i>
                        <i>0.882948 0 -0.469472 -0.0178286 0.999279 -0.0335307 0.469133 0.0379759 0.882311 -3.00831 2.15994 -3.63102</i>
                        <i>0.882948 0 -0.469472 -0.000895058 0.999998 -0.00168336 0.469471 0.00190652 0.882946 -2.99174 2.16685 -3.59987</i>
                        <i>0.882948 0 -0.469472 0.0154521 0.999458 0.0290612 0.469217 -0.0329139 0.882469 -2.97551 2.17364 -3.56933</i>
                        <i>0.882948 0 -0.469472 0.0306139 0.997872 0.0575764 0.468472 -0.0652093 0.881068 -2.96018 2.18007 -3.54051</i>
                        <i>0.882948 0 -0.469472 0.0440008 0.995598 0.0827535 0.467405 -0.0937241 0.879061 -2.94635 2.18589 -3.5145</i>
                        <i>0.882948 0 -0.469472 0.0550362 0.993105 0.103508 0.466234 -0.11723 0.876859 -2.9346 2.19087 -3.49239</i>
                        <i>0.882948 0 -0.469472 0.0631547 0.99091 0.118777 0.465204 -0.134523 0.874922 -2.9255 2.19475 -3.47527</i>
                        <i>0.882948 0 -0.469472 0.0677971 0.989518 0.127508 0.46455 -0.144412 0.873692 -2.91964 2.1973 -3.46425</i>
                        <i>0.882948 0 -0.469472 0.0683361 0.989349 0.128521 0.464471 -0.14556 0.873544 -2.91737 2.19839 -3.45999</i>
                        <i>0.882948 0 -0.469472 0.0649744 0.990377 0.122199 0.464954 -0.138399 0.874451 -2.91829 2.1982 -3.46173</i>
                        <i>0.882948 0 -0.469472 0.0583903 0.992235 0.109816 0.465826 -0.124374 0.876092 -2.92185 2.19696 -3.46841</i>
                        <i>0.882948 0 -0.469472 0.0492587 0.99448 0.0926422 0.46688 -0.104924 0.878074 -2.92746 2.19489 -3.47897</i>
                        <i>0.882948 0 -0.469472 0.0382594 0.996674 0.0719555 0.46791 -0.0814947 0.880011 -2.93459 2.19222 -3.49237</i>
                        <i>0.882948 0 -0.469472 0.0260805 0.998456 0.0490503 0.468747 -0.0555529 0.881584 -2.94265 2.18918 -3.50754</i>
                        <i>0.882948 0 -0.469472 0.013419 0.999591 0.0252375 0.46928 -0.0285833 0.882587 -2.9511 2.18598 -3.52343</i>
                        <i>0.882948 0 -0.469472 0.000977742 0.999998 0.00183886 0.469471 -0.00208264 0.882946 -2.95937 2.18286 -3.53898</i>
                        <i>0.882948 0 -0.469472 -0.0105393 0.999748 -0.0198216 0.469353 0.0224493 0.882725 -2.9669 2.18005 -3.55314</i>
                        <i>0.882948 0 -0.469472 -0.0204314 0.999053 -0.0384259 0.469027 0.0435201 0.882111 -2.97312 2.17776 -3.56484</i>
                        <i>0.882948 0 -0.469472 -0.0280035 0.998219 -0.052667 0.468636 0.0596491 0.881375 -2.97748 2.17622 -3.57304</i>
                        <i>0.882948 0 -0.469472 -0.0325658 0.997591 -0.0612473 0.468341 0.0693669 0.880821 -2.97941 2.17565 -3.57667</i>
                        <i>0.882948 0 -0.469472 -0.0343021 0.997327 -0.0645129 0.468217 0.0730653 0.880588 -2.97893 2.17608 -3.57576</i>
                        <i>0.882948 0 -0.469472 -0.0340849 0.997361 -0.0641044 0.468233 0.0726028 0.880617 -2.97666 2.17726 -3.57149</i>
                        <i>0.882948 0 -0.469472 -0.0322578 0.997637 -0.060668 0.468362 0.0687108 0.880861 -2.97295 2.17904 -3.56452</i>
                        <i>0.882948 0 -0.469472 -0.029163 0.998069 -0.0548477 0.468565 0.0621189 0.881242 -2.96815 2.18127 -3.55549</i>
                        <i>0.882948 0 -0.469472 -0.0251433 0.998565 -0.0472877 0.468798 0.0535566 0.88168 -2.9626 2.1838 -3.54506</i>
                        <i>0.882948 0 -0.469472 -0.0205416 0.999042 -0.0386332 0.469022 0.0437548 0.882102 -2.95667 2.18648 -3.5339</i>
                        <i>0.882948 0 -0.469472 -0.0157019 0.999441 -0.0295309 0.469209 0.0334458 0.882454 -2.95069 2.18916 -3.52265</i>
                        <i>0.882948 0 -0.469472 -0.0109686 0.999727 -0.0206289 0.469343 0.0233637 0.882707 -2.94501 2.19169 -3.51198</i>
                        <i>0.882948 0 -0.469472 -0.00668684 0.999899 -0.0125761 0.469424 0.0142433 0.882858 -2.93999 2.19392 -3.50254</i>
                        <i>0.882948 0 -0.469472 -0.00320164 0.999977 -0.00602141 0.469461 0.00681967 0.882927 -2.93598 2.1957 -3.49498</i>
                        <i>0.882948 0 -0.469472 -0.000857822 0.999998 -0.00161333 0.469471 0.00182721 0.882946 -2.93331 2.19688 -3.48997</i>
                        <i>0.882948 0 -0.469472 0 1 0 0.469472 0 0.882948 -2.93234 2.1973 -3.48815</i>
                    </KeyFrames>
                </p>
            </i>
            <i>
                <p>
                    <Name><![CDATA[base]]></Name>
                    <Exclude>0</Exclude>
                    <Additive>1</Additive>
                    <IKPriority>0</IKPriority>
                    <IKRotLimits>-1e+010 -1e+010 -1e+010 1e+010 1e+010 1e+010</IKRotLimits>
                    <IKRotLimitOrder>0</IKRotLimitOrder>
                    <KeyFrames count="49">
                        <i>0.882948 0 -0.469472 0 1 0 0.469472 0 0.882948 0.581824 2.8241 3.12104</i>
                        <i>0.882948 0 -0.469472 -0.000190912 1 -0.000359054 0.469472 0.000406653 0.882948 0.567314 2.81117 3.09375</i>
                        <i>0.882948 0 -0.469472 -0.000687632 0.999999 -0.00129325 0.469471 0.00146469 0.882947 0.531229 2.79581 3.02588</i>
                        <i>0.882948 0 -0.469472 -0.00137613 0.999996 -0.00258813 0.46947 0.00293124 0.882944 0.484741 2.78045 2.93845</i>
                        <i>0.882948 0 -0.469472 -0.00214239 0.99999 -0.00402925 0.469467 0.00456341 0.882938 0.439017 2.76753 2.85246</i>
                        <i>0.882948 0 -0.469472 -0.00287238 0.999981 -0.00540216 0.469463 0.00611833 0.882931 0.405227 2.75948 2.78891</i>
                        <i>0.882948 0 -0.469472 -0.00345208 0.999973 -0.00649241 0.469459 0.00735311 0.882924 0.394542 2.75873 2.76881</i>
                        <i>0.882948 -0.000154631 -0.469471 -0.0038058 0.999965 -0.00748704 0.469455 0.00839738 0.882916 0.40495 2.7648 2.78838</i>
                        <i>0.882949 -0.000574343 -0.469469 -0.00395945 0.999955 -0.00867002 0.469453 0.00951402 0.882906 0.425362 2.7749 2.82677</i>
                        <i>0.88295 -0.00119287 -0.469466 -0.00395138 0.999942 -0.00997233 0.469451 0.0106601 0.882894 0.453333 2.78805 2.87938</i>
                        <i>0.882951 -0.00194393 -0.469462 -0.00381995 0.999929 -0.0113249 0.46945 0.0117927 0.88288 0.486415 2.80329 2.9416</i>
                        <i>0.882951 -0.00276126 -0.469457 -0.00360352 0.999913 -0.0126588 0.469451 0.0128688 0.882865 0.522163 2.81962 3.00883</i>
                        <i>0.882951 -0.00357859 -0.469452 -0.00334045 0.999898 -0.0139049 0.469454 0.0138455 0.882848 0.55813 2.83609 3.07647</i>
                        <i>0.88295 -0.00432965 -0.469447 -0.00306909 0.999883 -0.0149942 0.469457 0.0146799 0.882833 0.59187 2.8517 3.13993</i>
                        <i>0.882949 -0.00494817 -0.469443 -0.00282778 0.99987 -0.0158577 0.469461 0.0153291 0.88282 0.620937 2.86549 3.19459</i>
                        <i>0.882948 -0.00536787 -0.46944 -0.00265488 0.999862 -0.0164265 0.469463 0.01575 0.882811 0.642884 2.87648 3.23587</i>
                        <i>0.882948 -0.0055225 -0.469439 -0.00258872 0.999858 -0.0166314 0.469464 0.0158999 0.882808 0.655265 2.88369 3.25916</i>
                        <i>0.882948 -0.00536228 -0.46944 -0.00249825 0.999867 -0.01612 0.469464 0.0154059 0.882817 0.659056 2.88783 3.26629</i>
                        <i>0.88295 -0.00491931 -0.469442 -0.00224814 0.999889 -0.0147063 0.469462 0.0140403 0.882841 0.657464 2.89039 3.26329</i>
                        <i>0.882952 -0.00425013 -0.469444 -0.00187033 0.999919 -0.0125706 0.46946 0.0119773 0.882873 0.651391 2.89155 3.25187</i>
                        <i>0.882954 -0.0034113 -0.469447 -0.00139676 0.99995 -0.00989336 0.469457 0.00939109 0.882905 0.641738 2.8915 3.23372</i>
                        <i>0.882956 -0.00245937 -0.46945 -0.000859367 0.999976 -0.00685504 0.469455 0.00645613 0.882932 0.629406 2.89039 3.21052</i>
                        <i>0.882957 -0.00145089 -0.469452 -0.000290067 0.999993 -0.00363614 0.469455 0.00334673 0.88295 0.615295 2.88843 3.18398</i>
                        <i>0.882957 -0.000442406 -0.469454 0.000279226 1 -0.000417211 0.469455 0.000237296 0.882957 0.600308 2.88579 3.1558</i>
                        <i>0.882956 0.000509529 -0.469456 0.000816601 0.999996 0.00262123 0.469456 -0.00269778 0.882952 0.585345 2.88264 3.12766</i>
                        <i>0.882954 0.00134836 -0.469457 0.00129014 0.999985 0.00529863 0.469457 -0.00528411 0.882939 0.571307 2.87917 3.10126</i>
                        <i>0.882953 0.00201754 -0.469458 0.00166793 0.999971 0.0074345 0.469459 -0.00734733 0.882924 0.559096 2.87556 3.07829</i>
                        <i>0.882951 0.00246052 -0.469458 0.00191802 0.999959 0.00884837 0.46946 -0.0087131 0.88291 0.549613 2.87198 3.06045</i>
                        <i>0.882951 0.00262075 -0.469458 0.00200848 0.999954 0.00935976 0.469461 -0.0092071 0.882905 0.543758 2.86862 3.04944</i>
                        <i>0.882951 0.00258254 -0.469458 0.00195578 0.999956 0.00917927 0.469461 -0.009023 0.882907 0.540615 2.86503 3.04353</i>
                        <i>0.882951 0.00247558 -0.469459 0.00180822 0.999961 0.00867391 0.469462 -0.00850752 0.882912 0.538587 2.86072 3.03972</i>
                        <i>0.882951 0.0023113 -0.46946 0.00158161 0.999968 0.00789782 0.469463 -0.00771589 0.882919 0.537555 2.85582 3.03778</i>
                        <i>0.882951 0.00210118 -0.469461 0.00129176 0.999975 0.00690513 0.469464 -0.00670332 0.882926 0.5374 2.85047 3.03749</i>
                        <i>0.882951 0.00185668 -0.469462 0.000954475 0.999983 0.00574999 0.469465 -0.00552505 0.882934 0.538005 2.84479 3.03862</i>
                        <i>0.88295 0.00158926 -0.469464 0.000585573 0.99999 0.00448656 0.469466 -0.00423631 0.88294 0.539249 2.83892 3.04096</i>
                        <i>0.88295 0.00131038 -0.469465 0.00020086 0.999995 0.00316896 0.469467 -0.00289233 0.882945 0.541016 2.83299 3.04429</i>
                        <i>0.88295 0.00103149 -0.469467 -0.000183857 0.999998 0.00185136 0.469468 -0.00154834 0.882948 0.543185 2.82713 3.04837</i>
                        <i>0.882949 0.000764067 -0.469468 -0.000552764 1 0.000587909 0.469468 -0.000259589 0.882949 0.545639 2.82147 3.05298</i>
                        <i>0.882949 0.000519566 -0.469469 -0.000890052 0.999999 -0.000567247 0.469469 0.000918702 0.882949 0.548259 2.81613 3.05791</i>
                        <i>0.882948 0.000309447 -0.46947 -0.00117991 0.999998 -0.00155996 0.469469 0.00193129 0.882947 0.550926 2.81126 3.06293</i>
                        <i>0.882948 0.000145173 -0.469471 -0.00140653 0.999996 -0.00233608 0.469469 0.00272296 0.882945 0.553522 2.80699 3.06781</i>
                        <i>0.882948 3.82033e-005 -0.469471 -0.00155409 0.999995 -0.00284145 0.469469 0.00323846 0.882943 0.555928 2.80343 3.07233</i>
                        <i>0.882948 0 -0.469472 -0.0016068 0.999994 -0.00302194 0.469469 0.00342256 0.882942 0.558025 2.80074 3.07628</i>
                        <i>0.882948 0 -0.469472 -0.00148777 0.999995 -0.0027981 0.469469 0.00316904 0.882943 0.56111 2.80038 3.08208</i>
                        <i>0.882948 0 -0.469472 -0.00119022 0.999997 -0.00223848 0.46947 0.00253523 0.882945 0.565887 2.80308 3.09106</i>
                        <i>0.882948 0 -0.469472 -0.000803399 0.999999 -0.00151097 0.469471 0.00171128 0.882946 0.571352 2.80783 3.10134</i>
                        <i>0.882948 0 -0.469472 -0.000416578 1 -0.000783469 0.469471 0.000887334 0.882947 0.5765 2.81359 3.11102</i>
                        <i>0.882948 0 -0.469472 -0.000119022 1 -0.000223848 0.469472 0.000253523 0.882948 0.580325 2.81935 3.11822</i>
                        <i>0.882948 0 -0.469472 0 1 0 0.469472 0 0.882948 0.581824 2.8241 3.12104</i>
                    </KeyFrames>
                </p>
            </i>
            <i>
                <p>
                    <Name><![CDATA[yaw]]></Name>
                    <Exclude>0</Exclude>
                    <Additive>1</Additive>
                    <IKPriority>0</IKPriority>
                    <IKRotLimits>-1e+010 -1e+010 -1e+010 1e+010 1e+010 1e+010</IKRotLimits>
                    <IKRotLimitOrder>0</IKRotLimitOrder>
                    <KeyFrames count="49">
                        <i>1 0 0 0 1 0 0 0 1 -2.40153 3.62175 -2.48984</i>
                        <i>1 0.000190912 -2.79827e-008 -0.0001909 0.999939 0.0110578 2.17437e-006 -0.0110578 0.999939 -2.41619 3.60624 -2.51741</i>
                        <i>1 0.000687632 -4.47723e-007 -0.000687589 0.999945 0.0104831 7.6733e-006 -0.0104831 0.999945 -2.45267 3.58416 -2.58602</i>
                        <i>0.999999 0.00137613 -1.79089e-006 -0.0013755 0.999497 -0.0316746 -4.18042e-005 0.0316745 0.999498 -2.4997 3.55947 -2.67446</i>
                        <i>0.999998 0.00214239 -4.33732e-006 -0.0021376 0.997622 -0.0688823 -0.000143246 0.0688821 0.997625 -2.54601 3.53617 -2.76157</i>
                        <i>0.999996 0.00287238 -7.7512e-006 -0.00286477 0.997143 -0.0754832 -0.000209051 0.0754829 0.997147 -2.58036 3.51823 -2.82617</i>
                        <i>0.999994 0.00345208 -1.12211e-005 -0.00344187 0.996777 -0.0801542 -0.000265492 0.0801538 0.996782 -2.59148 3.50964 -2.84709</i>
                        <i>0.999993 0.0038058 -1.41153e-005 -0.00379377 0.996522 -0.0832381 -0.000302744 0.0832375 0.99653 -2.58134 3.50906 -2.82826</i>
                        <i>0.999992 0.00395945 -1.69135e-005 -0.00394651 0.996358 -0.0851733 -0.000320354 0.0851727 0.996366 -2.56103 3.51206 -2.79075</i>
                        <i>0.999992 0.00395138 -1.98573e-005 -0.00393843 0.996283 -0.0860461 -0.000320196 0.0860455 0.996291 -2.53304 3.51792 -2.73911</i>
                        <i>0.999993 0.00381993 -2.29911e-005 -0.00380778 0.996293 -0.0859422 -0.000305371 0.0859416 0.9963 -2.49985 3.52594 -2.67788</i>
                        <i>0.999993 0.00360348 -2.62176e-005 -0.00359269 0.996379 -0.0849472 -0.000279924 0.0849467 0.996385 -2.46394 3.53543 -2.61161</i>
                        <i>0.999994 0.00334036 -2.94328e-005 -0.00333124 0.996532 -0.0831465 -0.000248407 0.0831461 0.996537 -2.42778 3.54567 -2.54486</i>
                        <i>0.999995 0.00306895 -3.23336e-005 -0.00306156 0.99674 -0.0806253 -0.000215239 0.0806251 0.996744 -2.39384 3.55597 -2.48218</i>
                        <i>0.999996 0.00282759 -3.46396e-005 -0.00282177 0.996991 -0.077469 -0.000184474 0.0774688 0.996995 -2.3646 3.56563 -2.42812</i>
                        <i>0.999996 0.00265464 -3.62039e-005 -0.00265036 0.997402 -0.0719935 -0.000154982 0.0719934 0.997405 -2.34254 3.57393 -2.38724</i>
                        <i>0.999997 0.00258847 -3.67694e-005 -0.00258562 0.998002 -0.0631344 -0.000126686 0.0631343 0.998005 -2.33011 3.58019 -2.3641</i>
                        <i>0.999997 0.00249804 -3.30653e-005 -0.00249642 0.998663 -0.0516237 -9.5924e-005 0.0516236 0.998667 -2.32624 3.58748 -2.35662</i>
                        <i>0.999997 0.00224804 -2.3507e-005 -0.00224728 0.999261 -0.0383618 -6.27295e-005 0.0383618 0.999264 -2.32762 3.59874 -2.35863</i>
                        <i>0.999998 0.00187034 -1.08585e-005 -0.00187004 0.999695 -0.0246188 -3.51096e-005 0.0246188 0.999697 -2.33338 3.61303 -2.36855</i>
                        <i>0.999999 0.00139685 1.83958e-006 -0.00139673 0.999931 -0.011668 -1.81454e-005 0.011668 0.999932 -2.34264 3.62943 -2.38478</i>
                        <i>1 0.00085947 1.21295e-005 -0.00085946 0.999999 -0.000783287 -1.27789e-005 0.000783275 1 -2.35453 3.647 -2.40572</i>
                        <i>1 0.000290135 1.81791e-005 -0.000290251 0.999977 0.00676229 -1.62001e-005 -0.00676229 0.999977 -2.36818 3.66481 -2.42981</i>
                        <i>1 -0.000279218 1.93032e-005 0.000278969 0.999929 0.0119187 -2.25729e-005 -0.0119186 0.999929 -2.38272 3.68193 -2.45546</i>
                        <i>1 -0.000816645 1.57523e-005 0.000816278 0.999865 0.0163905 -2.91272e-005 -0.0163905 0.999866 -2.39726 3.69743 -2.48115</i>
                        <i>0.999999 -0.00129021 8.98124e-006 0.00128977 0.999798 0.0200383 -3.48357e-005 -0.0200383 0.999799 -2.41093 3.71039 -2.50534</i>
                        <i>0.999999 -0.00166798 1.12016e-006 0.00166752 0.99974 0.0227225 -3.90049e-005 -0.0227225 0.999742 -2.42285 3.71988 -2.5265</i>
                        <i>0.999998 -0.00191804 -5.30084e-006 0.00191761 0.999703 0.0243036 -4.13104e-005 -0.0243036 0.999705 -2.43214 3.72497 -2.54312</i>
                        <i>0.999998 -0.00200849 -7.84393e-006 0.00200807 0.999694 0.0246422 -4.16239e-005 -0.0246422 0.999696 -2.43793 3.72475 -2.55369</i>
                        <i>0.999998 -0.00195579 -7.21496e-006 0.0019554 0.99971 0.0239896 -3.96935e-005 -0.0239896 0.999712 -2.44111 3.71998 -2.55976</i>
                        <i>0.999998 -0.00180824 -5.50095e-006 0.00180789 0.999739 0.0227536 -3.56086e-005 -0.0227536 0.999741 -2.44326 3.7124 -2.56401</i>
                        <i>0.999999 -0.00158163 -3.12666e-006 0.00158135 0.999778 0.0210291 -3.00707e-005 -0.0210291 0.999779 -2.44448 3.70248 -2.56661</i>
                        <i>0.999999 -0.00129178 -5.9743e-007 0.00129156 0.99982 0.018911 -2.37987e-005 -0.018911 0.999821 -2.44487 3.6907 -2.56774</i>
                        <i>0.999999 -0.000954501 1.77225e-006 0.000954342 0.999864 0.0164943 -1.74756e-005 -0.0164942 0.999864 -2.44455 3.67754 -2.56757</i>
                        <i>1 -0.000585595 3.56096e-006 0.000585489 0.999904 0.0138738 -1.16893e-005 -0.0138738 0.999904 -2.4436 3.66349 -2.56628</i>
                        <i>1 -0.000200875 4.59414e-006 0.000200812 0.999938 0.0111447 -6.8244e-006 -0.0111447 0.999938 -2.44215 3.64902 -2.56404</i>
                        <i>1 0.000183848 4.73021e-006 -0.000183881 0.999965 0.00840189 -3.14417e-006 -0.00840189 0.999965 -2.44029 3.63462 -2.56103</i>
                        <i>1 0.000552761 4.02179e-006 -0.000552776 0.999983 0.00574038 -8.6585e-007 -0.00574039 0.999983 -2.43813 3.62077 -2.55743</i>
                        <i>1 0.000890054 2.68941e-006 -0.000890058 0.999994 0.00325522 1.88821e-007 -0.00325522 0.999995 -2.43579 3.60795 -2.55342</i>
                        <i>0.999999 0.00117991 1.00955e-006 -0.00117991 0.999999 0.00104139 2.81886e-007 -0.0010414 0.999999 -2.43335 3.59664 -2.54919</i>
                        <i>0.999999 0.00140653 -7.08298e-007 -0.00140653 0.999999 -0.000806076 -4.12522e-007 0.000806077 1 -2.43094 3.58733 -2.54491</i>
                        <i>0.999999 0.00155409 -1.94082e-006 -0.0015541 0.999996 -0.00219218 -1.44651e-006 0.00219219 0.999998 -2.42865 3.5805 -2.54078</i>
                        <i>0.999999 0.0016068 -2.43449e-006 -0.0016068 0.999994 -0.00302194 -2.42088e-006 0.00302194 0.999995 -2.42659 3.57664 -2.53697</i>
                        <i>0.999999 0.00148777 -2.07072e-006 -0.00148777 0.999995 -0.0027981 -2.0788e-006 0.0027981 0.999996 -2.42342 3.57789 -2.531</i>
                        <i>0.999999 0.00119022 -1.34317e-006 -0.00119022 0.999997 -0.00223848 -1.34201e-006 0.00223848 0.999997 -2.41841 3.58462 -2.52158</i>
                        <i>1 0.000803399 -6.15619e-007 -0.000803399 0.999999 -0.00151097 -6.05219e-007 0.00151097 0.999999 -2.41264 3.5946 -2.51073</i>
                        <i>1 0.000416578 -1.67896e-007 -0.000416578 1 -0.000783469 -1.84197e-007 0.000783469 1 -2.40719 3.6056 -2.50047</i>
                        <i>1 0.000119022 -2.79827e-008 -0.000119022 1 -0.000223848 -2.63139e-008 0.000223848 1 -2.40312 3.6154 -2.49283</i>
                        <i>1 0 0 0 1 0 0 0 1 -2.40153 3.62175 -2.48984</i>
                    </KeyFrames>
                </p>
            </i>
            <i>
                <p>
                    <Name><![CDATA[pitch]]></Name>
                    <Exclude>0</Exclude>
                    <Additive>1</Additive>
                    <IKPriority>0</IKPriority>
                    <IKRotLimits>-1e+010 -1e+010 -1e+010 1e+010 1e+010 1e+010</IKRotLimits>
                    <IKRotLimitOrder>0</IKRotLimitOrder>
                    <KeyFrames count="49">
                        <i>1 0 0 0 0.999391 -0.0348995 0 0.0348995 0.999391 -2.40153 4.5099 -3.54445</i>
                        <i>1 0.000190912 -2.79827e-008 -0.000190859 0.999716 -0.0238463 -4.48926e-006 0.0238463 0.999716 -2.41636 4.506 -3.56214</i>
                        <i>1 0.000687632 -4.47723e-007 -0.000687438 0.999702 -0.0244209 -1.63279e-005 0.0244208 0.999702 -2.45329 4.48332 -3.63127</i>
                        <i>0.999999 0.00137613 -1.79089e-006 -0.0013732 0.997783 -0.0665373 -8.9783e-005 0.0665372 0.997784 -2.50088 4.41378 -3.75668</i>
                        <i>0.999998 0.00214239 -4.33732e-006 -0.0021313 0.994611 -0.103657 -0.00021776 0.103657 0.994613 -2.54776 4.34957 -3.87486</i>
                        <i>0.999996 0.00287238 -7.7512e-006 -0.00285573 0.993901 -0.110237 -0.000308902 0.110237 0.993905 -2.58269 4.32424 -3.94482</i>
                        <i>0.999994 0.00345208 -1.12211e-005 -0.00343051 0.993372 -0.114893 -0.00038545 0.114892 0.993378 -2.59426 4.3104 -3.9695</i>
                        <i>0.999993 0.0038058 -1.41153e-005 -0.00378089 0.993011 -0.117966 -0.00043496 0.117965 0.993018 -2.58439 4.30634 -3.95315</i>
                        <i>0.999992 0.00395945 -1.69135e-005 -0.00393292 0.992779 -0.119894 -0.00045789 0.119893 0.992787 -2.5642 4.30715 -3.91718</i>
                        <i>0.999992 0.00395138 -1.98573e-005 -0.00392486 0.992674 -0.120764 -0.00045745 0.120763 0.992681 -2.5362 4.31202 -3.86624</i>
                        <i>0.999993 0.00381993 -2.29911e-005 -0.0037948 0.992687 -0.12066 -0.000438075 0.120659 0.992694 -2.50291 4.32017 -3.80493</i>
