<?xml version="1.0" encoding="ISO-8859-1" ?>
<Animl Version="1">
    <ModellingPackage><![CDATA[Maya.2010]]></ModellingPackage>
    <SrcFile><![CDATA[anims\turrets\antiair\blue\~src\aa_patriot\aa_patriot_reload_high.mb]]></SrcFile>
    <FramesPerSecond>30</FramesPerSecond>
    <TotalFrames>92</TotalFrames>
    <Skeleton>
        <RefFrame>
            <Name><![CDATA[aa_patriot_ref_frame]]></Name>
            <Exclude>0</Exclude>
            <Additive>0</Additive>
            <IKPriority>0</IKPriority>
            <IKRotLimits>-1e+010 -1e+010 -1e+010 1e+010 1e+010 1e+010</IKRotLimits>
            <IKRotLimitOrder>0</IKRotLimitOrder>
            <KeyFrames count="92">
                <i>1 0 0 0 1 0 0 0 1 -0.53 1.3 1.03</i>
                <i>1 0 0 0 1 0 0 0 1 -0.53 1.3 1.03</i>
                <i>1 0 0 0 1 0 0 0 1 -0.53 1.3 1.03</i>
                <i>1 0 0 0 1 0 0 0 1 -0.53 1.3 1.03</i>
                <i>1 0 0 0 1 0 0 0 1 -0.53 1.3 1.03</i>
                <i>1 0 0 0 1 0 0 0 1 -0.53 1.3 1.03</i>
                <i>1 0 0 0 1 0 0 0 1 -0.53 1.3 1.03</i>
                <i>1 0 0 0 1 0 0 0 1 -0.53 1.3 1.03</i>
                <i>1 0 0 0 1 0 0 0 1 -0.53 1.3 1.03</i>
                <i>1 0 0 0 1 0 0 0 1 -0.53 1.3 1.03</i>
                <i>1 0 0 0 1 0 0 0 1 -0.53 1.3 1.03</i>
                <i>1 0 0 0 1 0 0 0 1 -0.53 1.3 1.03</i>
                <i>1 0 0 0 1 0 0 0 1 -0.53 1.3 1.03</i>
                <i>1 0 0 0 1 0 0 0 1 -0.53 1.3 1.03</i>
                <i>1 0 0 0 1 0 0 0 1 -0.53 1.3 1.03</i>
                <i>1 0 0 0 1 0 0 0 1 -0.53 1.3 1.03</i>
                <i>1 0 0 0 1 0 0 0 1 -0.53 1.3 1.03</i>
                <i>1 0 0 0 1 0 0 0 1 -0.53 1.3 1.03</i>
                <i>1 0 0 0 1 0 0 0 1 -0.53 1.3 1.03</i>
                <i>1 0 0 0 1 0 0 0 1 -0.53 1.3 1.03</i>
                <i>1 0 0 0 1 0 0 0 1 -0.53 1.3 1.03</i>
                <i>1 0 0 0 1 0 0 0 1 -0.53 1.3 1.03</i>
                <i>1 0 0 0 1 0 0 0 1 -0.53 1.3 1.03</i>
                <i>1 0 0 0 1 0 0 0 1 -0.53 1.3 1.03</i>
                <i>1 0 0 0 1 0 0 0 1 -0.53 1.3 1.03</i>
                <i>1 0 0 0 1 0 0 0 1 -0.53 1.3 1.03</i>
                <i>1 0 0 0 1 0 0 0 1 -0.53 1.3 1.03</i>
                <i>1 0 0 0 1 0 0 0 1 -0.53 1.3 1.03</i>
                <i>1 0 0 0 1 0 0 0 1 -0.53 1.3 1.03</i>
                <i>1 0 0 0 1 0 0 0 1 -0.53 1.3 1.03</i>
                <i>1 0 0 0 1 0 0 0 1 -0.53 1.3 1.03</i>
                <i>1 0 0 0 1 0 0 0 1 -0.53 1.3 1.03</i>
                <i>1 0 0 0 1 0 0 0 1 -0.53 1.3 1.03</i>
                <i>1 0 0 0 1 0 0 0 1 -0.53 1.3 1.03</i>
                <i>1 0 0 0 1 0 0 0 1 -0.53 1.3 1.03</i>
                <i>1 0 0 0 1 0 0 0 1 -0.53 1.3 1.03</i>
                <i>1 0 0 0 1 0 0 0 1 -0.53 1.3 1.03</i>
                <i>1 0 0 0 1 0 0 0 1 -0.53 1.3 1.03</i>
                <i>1 0 0 0 1 0 0 0 1 -0.53 1.3 1.03</i>
                <i>1 0 0 0 1 0 0 0 1 -0.53 1.3 1.03</i>
                <i>1 0 0 0 1 0 0 0 1 -0.53 1.3 1.03</i>
                <i>1 0 0 0 1 0 0 0 1 -0.53 1.3 1.03</i>
                <i>1 0 0 0 1 0 0 0 1 -0.53 1.3 1.03</i>
                <i>1 0 0 0 1 0 0 0 1 -0.53 1.3 1.03</i>
                <i>1 0 0 0 1 0 0 0 1 -0.53 1.3 1.03</i>
                <i>1 0 0 0 1 0 0 0 1 -0.53 1.3 1.03</i>
                <i>1 0 0 0 1 0 0 0 1 -0.53 1.3 1.03</i>
                <i>1 0 0 0 1 0 0 0 1 -0.53 1.3 1.03</i>
                <i>1 0 0 0 1 0 0 0 1 -0.53 1.3 1.03</i>
                <i>1 0 0 0 1 0 0 0 1 -0.53 1.3 1.03</i>
                <i>1 0 0 0 1 0 0 0 1 -0.53 1.3 1.03</i>
                <i>1 0 0 0 1 0 0 0 1 -0.53 1.3 1.03</i>
                <i>1 0 0 0 1 0 0 0 1 -0.53 1.3 1.03</i>
                <i>1 0 0 0 1 0 0 0 1 -0.53 1.3 1.03</i>
                <i>1 0 0 0 1 0 0 0 1 -0.53 1.3 1.03</i>
                <i>1 0 0 0 1 0 0 0 1 -0.53 1.3 1.03</i>
                <i>1 0 0 0 1 0 0 0 1 -0.53 1.3 1.03</i>
                <i>1 0 0 0 1 0 0 0 1 -0.53 1.3 1.03</i>
                <i>1 0 0 0 1 0 0 0 1 -0.53 1.3 1.03</i>
                <i>1 0 0 0 1 0 0 0 1 -0.53 1.3 1.03</i>
                <i>1 0 0 0 1 0 0 0 1 -0.53 1.3 1.03</i>
                <i>1 0 0 0 1 0 0 0 1 -0.53 1.3 1.03</i>
                <i>1 0 0 0 1 0 0 0 1 -0.53 1.3 1.03</i>
                <i>1 0 0 0 1 0 0 0 1 -0.53 1.3 1.03</i>
                <i>1 0 0 0 1 0 0 0 1 -0.53 1.3 1.03</i>
                <i>1 0 0 0 1 0 0 0 1 -0.53 1.3 1.03</i>
                <i>1 0 0 0 1 0 0 0 1 -0.53 1.3 1.03</i>
                <i>1 0 0 0 1 0 0 0 1 -0.53 1.3 1.03</i>
                <i>1 0 0 0 1 0 0 0 1 -0.53 1.3 1.03</i>
                <i>1 0 0 0 1 0 0 0 1 -0.53 1.3 1.03</i>
                <i>1 0 0 0 1 0 0 0 1 -0.53 1.3 1.03</i>
                <i>1 0 0 0 1 0 0 0 1 -0.53 1.3 1.03</i>
                <i>1 0 0 0 1 0 0 0 1 -0.53 1.3 1.03</i>
                <i>1 0 0 0 1 0 0 0 1 -0.53 1.3 1.03</i>
                <i>1 0 0 0 1 0 0 0 1 -0.53 1.3 1.03</i>
                <i>1 0 0 0 1 0 0 0 1 -0.53 1.3 1.03</i>
                <i>1 0 0 0 1 0 0 0 1 -0.53 1.3 1.03</i>
                <i>1 0 0 0 1 0 0 0 1 -0.53 1.3 1.03</i>
                <i>1 0 0 0 1 0 0 0 1 -0.53 1.3 1.03</i>
                <i>1 0 0 0 1 0 0 0 1 -0.53 1.3 1.03</i>
                <i>1 0 0 0 1 0 0 0 1 -0.53 1.3 1.03</i>
                <i>1 0 0 0 1 0 0 0 1 -0.53 1.3 1.03</i>
                <i>1 0 0 0 1 0 0 0 1 -0.53 1.3 1.03</i>
                <i>1 0 0 0 1 0 0 0 1 -0.53 1.3 1.03</i>
                <i>1 0 0 0 1 0 0 0 1 -0.53 1.3 1.03</i>
                <i>1 0 0 0 1 0 0 0 1 -0.53 1.3 1.03</i>
                <i>1 0 0 0 1 0 0 0 1 -0.53 1.3 1.03</i>
                <i>1 0 0 0 1 0 0 0 1 -0.53 1.3 1.03</i>
                <i>1 0 0 0 1 0 0 0 1 -0.53 1.3 1.03</i>
                <i>1 0 0 0 1 0 0 0 1 -0.53 1.3 1.03</i>
                <i>1 0 0 0 1 0 0 0 1 -0.53 1.3 1.03</i>
                <i>1 0 0 0 1 0 0 0 1 -0.53 1.3 1.03</i>
            </KeyFrames>
        </RefFrame>
        <Bones count="15">
            <i>
                <p>
                    <Name><![CDATA[aa_patriot_root]]></Name>
                    <Exclude>0</Exclude>
                    <Additive>0</Additive>
                    <IKPriority>0</IKPriority>
                    <IKRotLimits>-1e+010 -1e+010 -1e+010 1e+010 1e+010 1e+010</IKRotLimits>
                    <IKRotLimitOrder>0</IKRotLimitOrder>
                    <KeyFrames count="92">
                        <i>0.882948 0 -0.469472 0 1 0 0.469472 0 0.882948 -0.53 1.3 1.03</i>
                        <i>0.882948 0 -0.469472 0 1 0 0.469472 0 0.882948 -0.53 1.3 1.03</i>
                        <i>0.882948 0 -0.469472 0 1 0 0.469472 0 0.882948 -0.53 1.3 1.03</i>
                        <i>0.882948 0 -0.469472 0 1 0 0.469472 0 0.882948 -0.53 1.3 1.03</i>
                        <i>0.882948 0 -0.469472 0 1 0 0.469472 0 0.882948 -0.53 1.3 1.03</i>
                        <i>0.882948 0 -0.469472 0 1 0 0.469472 0 0.882948 -0.53 1.3 1.03</i>
                        <i>0.882948 0 -0.469472 0 1 0 0.469472 0 0.882948 -0.53 1.3 1.03</i>
                        <i>0.882948 0 -0.469472 0 1 0 0.469472 0 0.882948 -0.53 1.3 1.03</i>
                        <i>0.882948 0 -0.469472 0 1 0 0.469472 0 0.882948 -0.53 1.3 1.03</i>
                        <i>0.882948 0 -0.469472 0 1 0 0.469472 0 0.882948 -0.53 1.3 1.03</i>
                        <i>0.882948 0 -0.469472 0 1 0 0.469472 0 0.882948 -0.53 1.3 1.03</i>
                        <i>0.882948 0 -0.469472 0 1 0 0.469472 0 0.882948 -0.53 1.3 1.03</i>
                        <i>0.882948 0 -0.469472 0 1 0 0.469472 0 0.882948 -0.53 1.3 1.03</i>
                        <i>0.882948 0 -0.469472 0 1 0 0.469472 0 0.882948 -0.53 1.3 1.03</i>
                        <i>0.882948 0 -0.469472 0 1 0 0.469472 0 0.882948 -0.53 1.3 1.03</i>
                        <i>0.882948 0 -0.469472 0 1 0 0.469472 0 0.882948 -0.53 1.3 1.03</i>
                        <i>0.882948 0 -0.469472 0 1 0 0.469472 0 0.882948 -0.53 1.3 1.03</i>
                        <i>0.882948 0 -0.469472 0 1 0 0.469472 0 0.882948 -0.53 1.3 1.03</i>
                        <i>0.882948 0 -0.469472 0 1 0 0.469472 0 0.882948 -0.53 1.3 1.03</i>
                        <i>0.882948 0 -0.469472 0 1 0 0.469472 0 0.882948 -0.53 1.3 1.03</i>
                        <i>0.882948 0 -0.469472 0 1 0 0.469472 0 0.882948 -0.53 1.3 1.03</i>
                        <i>0.882948 0 -0.469472 0 1 0 0.469472 0 0.882948 -0.53 1.3 1.03</i>
                        <i>0.882948 0 -0.469472 0 1 0 0.469472 0 0.882948 -0.53 1.3 1.03</i>
                        <i>0.882948 0 -0.469472 0 1 0 0.469472 0 0.882948 -0.53 1.3 1.03</i>
                        <i>0.882948 0 -0.469472 0 1 0 0.469472 0 0.882948 -0.53 1.3 1.03</i>
                        <i>0.882948 0 -0.469472 0 1 0 0.469472 0 0.882948 -0.53 1.3 1.03</i>
                        <i>0.882948 0 -0.469472 0 1 0 0.469472 0 0.882948 -0.53 1.3 1.03</i>
                        <i>0.882948 0 -0.469472 0 1 0 0.469472 0 0.882948 -0.53 1.3 1.03</i>
                        <i>0.882948 0 -0.469472 0 1 0 0.469472 0 0.882948 -0.53 1.3 1.03</i>
                        <i>0.882948 0 -0.469472 0 1 0 0.469472 0 0.882948 -0.53 1.3 1.03</i>
                        <i>0.882948 0 -0.469472 0 1 0 0.469472 0 0.882948 -0.53 1.3 1.03</i>
                        <i>0.882948 0 -0.469472 0 1 0 0.469472 0 0.882948 -0.53 1.3 1.03</i>
                        <i>0.882948 0 -0.469472 0 1 0 0.469472 0 0.882948 -0.53 1.3 1.03</i>
                        <i>0.882948 0 -0.469472 0 1 0 0.469472 0 0.882948 -0.53 1.3 1.03</i>
                        <i>0.882948 0 -0.469472 0 1 0 0.469472 0 0.882948 -0.53 1.3 1.03</i>
                        <i>0.882948 0 -0.469472 0 1 0 0.469472 0 0.882948 -0.53 1.3 1.03</i>
                        <i>0.882948 0 -0.469472 0 1 0 0.469472 0 0.882948 -0.53 1.3 1.03</i>
                        <i>0.882948 0 -0.469472 0 1 0 0.469472 0 0.882948 -0.53 1.3 1.03</i>
                        <i>0.882948 0 -0.469472 0 1 0 0.469472 0 0.882948 -0.53 1.3 1.03</i>
                        <i>0.882948 0 -0.469472 0 1 0 0.469472 0 0.882948 -0.53 1.3 1.03</i>
                        <i>0.882948 0 -0.469472 0 1 0 0.469472 0 0.882948 -0.53 1.3 1.03</i>
                        <i>0.882948 0 -0.469472 0 1 0 0.469472 0 0.882948 -0.53 1.3 1.03</i>
                        <i>0.882948 0 -0.469472 0 1 0 0.469472 0 0.882948 -0.53 1.3 1.03</i>
                        <i>0.882948 0 -0.469472 0 1 0 0.469472 0 0.882948 -0.53 1.3 1.03</i>
                        <i>0.882948 0 -0.469472 0 1 0 0.469472 0 0.882948 -0.53 1.3 1.03</i>
                        <i>0.882948 0 -0.469472 0 1 0 0.469472 0 0.882948 -0.53 1.3 1.03</i>
                        <i>0.882948 0 -0.469472 0 1 0 0.469472 0 0.882948 -0.53 1.3 1.03</i>
                        <i>0.882948 0 -0.469472 0 1 0 0.469472 0 0.882948 -0.53 1.3 1.03</i>
                        <i>0.882948 0 -0.469472 0 1 0 0.469472 0 0.882948 -0.53 1.3 1.03</i>
                        <i>0.882948 0 -0.469472 0 1 0 0.469472 0 0.882948 -0.53 1.3 1.03</i>
                        <i>0.882948 0 -0.469472 0 1 0 0.469472 0 0.882948 -0.53 1.3 1.03</i>
                        <i>0.882948 0 -0.469472 0 1 0 0.469472 0 0.882948 -0.53 1.3 1.03</i>
                        <i>0.882948 0 -0.469472 0 1 0 0.469472 0 0.882948 -0.53 1.3 1.03</i>
                        <i>0.882948 0 -0.469472 0 1 0 0.469472 0 0.882948 -0.53 1.3 1.03</i>
                        <i>0.882948 0 -0.469472 0 1 0 0.469472 0 0.882948 -0.53 1.3 1.03</i>
                        <i>0.882948 0 -0.469472 0 1 0 0.469472 0 0.882948 -0.53 1.3 1.03</i>
                        <i>0.882948 0 -0.469472 0 1 0 0.469472 0 0.882948 -0.53 1.3 1.03</i>
                        <i>0.882948 0 -0.469472 0 1 0 0.469472 0 0.882948 -0.53 1.3 1.03</i>
                        <i>0.882948 0 -0.469472 0 1 0 0.469472 0 0.882948 -0.53 1.3 1.03</i>
                        <i>0.882948 0 -0.469472 0 1 0 0.469472 0 0.882948 -0.53 1.3 1.03</i>
                        <i>0.882948 0 -0.469472 0 1 0 0.469472 0 0.882948 -0.53 1.3 1.03</i>
                        <i>0.882948 0 -0.469472 0 1 0 0.469472 0 0.882948 -0.53 1.3 1.03</i>
                        <i>0.882948 0 -0.469472 0 1 0 0.469472 0 0.882948 -0.53 1.3 1.03</i>
                        <i>0.882948 0 -0.469472 0 1 0 0.469472 0 0.882948 -0.53 1.3 1.03</i>
                        <i>0.882948 0 -0.469472 0 1 0 0.469472 0 0.882948 -0.53 1.3 1.03</i>
                        <i>0.882948 0 -0.469472 0 1 0 0.469472 0 0.882948 -0.53 1.3 1.03</i>
                        <i>0.882948 0 -0.469472 0 1 0 0.469472 0 0.882948 -0.53 1.3 1.03</i>
                        <i>0.882948 0 -0.469472 0 1 0 0.469472 0 0.882948 -0.53 1.3 1.03</i>
                        <i>0.882948 0 -0.469472 0 1 0 0.469472 0 0.882948 -0.53 1.3 1.03</i>
                        <i>0.882948 0 -0.469472 0 1 0 0.469472 0 0.882948 -0.53 1.3 1.03</i>
                        <i>0.882948 0 -0.469472 0 1 0 0.469472 0 0.882948 -0.53 1.3 1.03</i>
                        <i>0.882948 0 -0.469472 0 1 0 0.469472 0 0.882948 -0.53 1.3 1.03</i>
                        <i>0.882948 0 -0.469472 0 1 0 0.469472 0 0.882948 -0.53 1.3 1.03</i>
                        <i>0.882948 0 -0.469472 0 1 0 0.469472 0 0.882948 -0.53 1.3 1.03</i>
                        <i>0.882948 0 -0.469472 0 1 0 0.469472 0 0.882948 -0.53 1.3 1.03</i>
                        <i>0.882948 0 -0.469472 0 1 0 0.469472 0 0.882948 -0.53 1.3 1.03</i>
                        <i>0.882948 0 -0.469472 0 1 0 0.469472 0 0.882948 -0.53 1.3 1.03</i>
                        <i>0.882948 0 -0.469472 0 1 0 0.469472 0 0.882948 -0.53 1.3 1.03</i>
                        <i>0.882948 0 -0.469472 0 1 0 0.469472 0 0.882948 -0.53 1.3 1.03</i>
                        <i>0.882948 0 -0.469472 0 1 0 0.469472 0 0.882948 -0.53 1.3 1.03</i>
                        <i>0.882948 0 -0.469472 0 1 0 0.469472 0 0.882948 -0.53 1.3 1.03</i>
                        <i>0.882948 0 -0.469472 0 1 0 0.469472 0 0.882948 -0.53 1.3 1.03</i>
                        <i>0.882948 0 -0.469472 0 1 0 0.469472 0 0.882948 -0.53 1.3 1.03</i>
                        <i>0.882948 0 -0.469472 0 1 0 0.469472 0 0.882948 -0.53 1.3 1.03</i>
                        <i>0.882948 0 -0.469472 0 1 0 0.469472 0 0.882948 -0.53 1.3 1.03</i>
                        <i>0.882948 0 -0.469472 0 1 0 0.469472 0 0.882948 -0.53 1.3 1.03</i>
                        <i>0.882948 0 -0.469472 0 1 0 0.469472 0 0.882948 -0.53 1.3 1.03</i>
                        <i>0.882948 0 -0.469472 0 1 0 0.469472 0 0.882948 -0.53 1.3 1.03</i>
                        <i>0.882948 0 -0.469472 0 1 0 0.469472 0 0.882948 -0.53 1.3 1.03</i>
                        <i>0.882948 0 -0.469472 0 1 0 0.469472 0 0.882948 -0.53 1.3 1.03</i>
                        <i>0.882948 0 -0.469472 0 1 0 0.469472 0 0.882948 -0.53 1.3 1.03</i>
                        <i>0.882948 0 -0.469472 0 1 0 0.469472 0 0.882948 -0.53 1.3 1.03</i>
                    </KeyFrames>
                </p>
            </i>
            <i>
                <p>
                    <Name><![CDATA[wheels_fr]]></Name>
                    <Exclude>0</Exclude>
                    <Additive>0</Additive>
                    <IKPriority>0</IKPriority>
                    <IKRotLimits>-1e+010 -1e+010 -1e+010 1e+010 1e+010 1e+010</IKRotLimits>
                    <IKRotLimitOrder>0</IKRotLimitOrder>
                    <KeyFrames count="92">
                        <i>0.882948 0 -0.469472 0 1 0 0.469472 0 0.882948 -2.03365 2.19387 -1.79796</i>
                        <i>0.882948 0 -0.469472 -0.00345466 0.999973 -0.00649728 0.469459 0.00735862 0.882924 -2.03489 2.19387 -1.80028</i>
                        <i>0.882948 0 -0.469472 0.0116465 0.999692 0.0219039 0.469327 -0.0248077 0.882676 -2.02949 2.19387 -1.79013</i>
                        <i>0.882948 0 -0.469472 0.0380064 0.996718 0.0714796 0.467931 -0.0809557 0.880049 -2.02006 2.19387 -1.7724</i>
                        <i>0.882948 0 -0.469472 0.0656021 0.990189 0.12338 0.464865 -0.139736 0.874285 -2.01014 2.19387 -1.75374</i>
                        <i>0.882948 0 -0.469472 0.0867474 0.982781 0.163148 0.461388 -0.184777 0.867744 -2.00249 2.19387 -1.73935</i>
                        <i>0.882948 0 -0.469472 0.0946413 0.97947 0.177994 0.459833 -0.201591 0.86482 -1.99961 2.19387 -1.73394</i>
                        <i>0.882948 0 -0.469472 0.0938377 0.97982 0.176483 0.459998 -0.199879 0.86513 -1.99991 2.19387 -1.73449</i>
                        <i>0.882948 0 -0.469472 0.088332 0.98214 0.166128 0.461087 -0.188152 0.867178 -2.00191 2.19387 -1.73826</i>
                        <i>0.882948 0 -0.469472 0.0797568 0.985464 0.150001 0.462647 -0.169886 0.870113 -2.00503 2.19387 -1.74412</i>
                        <i>0.882948 0 -0.469472 0.0697544 0.9889 0.131189 0.464261 -0.148581 0.873147 -2.00864 2.19387 -1.75093</i>
                        <i>0.882948 0 -0.469472 0.0599901 0.991802 0.112825 0.465623 -0.127782 0.875709 -2.01217 2.19387 -1.75755</i>
                        <i>0.882948 0 -0.469472 0.0521485 0.993812 0.0980771 0.466566 -0.111079 0.877483 -2.01499 2.19387 -1.76285</i>
                        <i>0.882948 0 -0.469472 0.0479071 0.99478 0.0901001 0.467021 -0.102045 0.878338 -2.01651 2.19387 -1.76572</i>
                        <i>0.882948 0 -0.469472 0.0476596 0.994834 0.0896346 0.467046 -0.101517 0.878386 -2.0166 2.19387 -1.76589</i>
                        <i>0.882948 0 -0.469472 0.0499889 0.994315 0.0940155 0.466803 -0.106479 0.877928 -2.01576 2.19387 -1.76431</i>
                        <i>0.882948 0 -0.469472 0.0533905 0.993512 0.100413 0.466426 -0.113725 0.877219 -2.01454 2.19387 -1.76201</i>
                        <i>0.882948 0 -0.469472 0.0563623 0.992767 0.106002 0.466076 -0.120055 0.876561 -2.01347 2.19387 -1.76</i>
                        <i>0.882948 0 -0.469472 0.0574061 0.992496 0.107965 0.465949 -0.122278 0.876322 -2.0131 2.19387 -1.7593</i>
                        <i>0.882948 0 -0.469472 0.0554485 0.993001 0.104283 0.466186 -0.118108 0.876768 -2.0138 2.19387 -1.76062</i>
                        <i>0.882948 0 -0.469472 0.0520403 0.993837 0.0978735 0.466578 -0.110849 0.877506 -2.01503 2.19387 -1.76293</i>
                        <i>0.882948 0 -0.469472 0.0476943 0.994826 0.0896998 0.467043 -0.101591 0.878379 -2.01659 2.19387 -1.76586</i>
                        <i>0.882948 0 -0.469472 0.0426142 0.995872 0.0801456 0.467534 -0.0907706 0.879303 -2.01841 2.19387 -1.76929</i>
                        <i>0.882948 0 -0.469472 0.0370047 0.996889 0.0695958 0.468011 -0.0788221 0.8802 -2.02042 2.19387 -1.77307</i>
                        <i>0.882948 0 -0.469472 0.0310715 0.997807 0.0584371 0.468442 -0.0661841 0.881012 -2.02255 2.19387 -1.77707</i>
                        <i>0.882948 0 -0.469472 0.0250214 0.998579 0.0470584 0.468804 -0.053297 0.881693 -2.02471 2.19387 -1.78114</i>
                        <i>0.882948 0 -0.469472 0.0190619 0.999175 0.0358502 0.469084 -0.0406028 0.882219 -2.02684 2.19387 -1.78515</i>
                        <i>0.882948 0 -0.469472 0.0134009 0.999593 0.0252034 0.46928 -0.0285447 0.882588 -2.02886 2.19387 -1.78895</i>
                        <i>0.882948 0 -0.469472 0.00824665 0.999846 0.0155097 0.469399 -0.0175658 0.882811 -2.03071 2.19387 -1.79242</i>
                        <i>0.882948 0 -0.469472 0.00380708 0.999967 0.00716008 0.469456 -0.0081093 0.882919 -2.03229 2.19387 -1.7954</i>
                        <i>0.882948 0 -0.469472 0.000289823 1 0.000545077 0.469471 -0.000617338 0.882947 -2.03355 2.19387 -1.79776</i>
                        <i>0.882948 0 -0.469472 -0.00209786 0.99999 -0.00394551 0.469467 0.00446856 0.882939 -2.0344 2.19387 -1.79937</i>
                        <i>0.882948 0 -0.469472 -0.00314898 0.999978 -0.00592237 0.469461 0.0067075 0.882928 -2.03478 2.19387 -1.80007</i>
                        <i>0.882948 0 -0.469472 -0.0026566 0.999984 -0.00499633 0.469464 0.0056587 0.882933 -2.0346 2.19387 -1.79974</i>
                        <i>0.882948 0 -0.469472 -0.000413751 1 -0.000778153 0.469471 0.000881312 0.882947 -2.0338 2.19387 -1.79824</i>
                        <i>0.882948 0 -0.469472 0.0155475 0.999451 0.0292406 0.469214 -0.033117 0.882463 -2.0281 2.19387 -1.78751</i>
                        <i>0.882948 0 -0.469472 0.0532448 0.993548 0.100139 0.466442 -0.113414 0.877251 -2.01459 2.19387 -1.76211</i>
                        <i>0.882948 0 -0.469472 0.0944126 0.97957 0.177564 0.45988 -0.201104 0.864909 -1.9997 2.19387 -1.7341</i>
                        <i>0.882948 0 -0.469472 0.121031 0.966198 0.227626 0.453602 -0.257802 0.853102 -1.98993 2.19387 -1.71573</i>
                        <i>0.882948 0 -0.469472 0.121349 0.966017 0.228224 0.453517 -0.25848 0.852942 -1.98981 2.19387 -1.7155</i>
                        <i>0.882948 0 -0.469472 0.108482 0.972936 0.204026 0.456766 -0.231073 0.859052 -1.99455 2.19387 -1.72442</i>
                        <i>0.882948 0 -0.469472 0.0877335 0.982383 0.165003 0.461201 -0.186877 0.867393 -2.00213 2.19387 -1.73867</i>
                        <i>0.882948 0 -0.469472 0.0628336 0.991003 0.118173 0.465248 -0.133839 0.875004 -2.01114 2.19387 -1.75562</i>
                        <i>0.882948 0 -0.469472 0.0376808 0.996774 0.0708673 0.467957 -0.0802622 0.880099 -2.02018 2.19387 -1.77262</i>
                        <i>0.882948 0 -0.469472 0.0162834 0.999398 0.0306246 0.469189 -0.0346845 0.882416 -2.02783 2.19387 -1.78702</i>
                        <i>0.882948 0 -0.469472 0.0026571 0.999984 0.00499728 0.469464 -0.00565977 0.882933 -2.0327 2.19387 -1.79617</i>
                        <i>0.882948 0 -0.469472 1.45861e-005 1 2.74325e-005 0.469472 -3.10692e-005 0.882948 -2.03365 2.19387 -1.79795</i>
                        <i>0.882948 0 -0.469472 0.00554261 0.99993 0.0104241 0.469439 -0.0118061 0.882886 -2.03167 2.19387 -1.79423</i>
                        <i>0.882948 0 -0.469472 0.0167569 0.999363 0.0315152 0.469172 -0.0356932 0.882385 -2.02767 2.19387 -1.7867</i>
                        <i>0.882948 0 -0.469472 0.031673 0.997722 0.0595682 0.468402 -0.0674652 0.880936 -2.02233 2.19387 -1.77667</i>
                        <i>0.882948 0 -0.469472 0.048296 0.994694 0.0908316 0.466981 -0.102873 0.878263 -2.01637 2.19387 -1.76546</i>
                        <i>0.882948 0 -0.469472 0.0646375 0.990477 0.121565 0.465001 -0.137681 0.874539 -2.01049 2.19387 -1.7544</i>
                        <i>0.882948 0 -0.469472 0.0787377 0.985835 0.148084 0.462822 -0.167716 0.870441 -2.0054 2.19387 -1.74481</i>
                        <i>0.882948 0 -0.469472 0.0886794 0.981998 0.166782 0.46102 -0.188892 0.867053 -2.00179 2.19387 -1.73803</i>
                        <i>0.882948 0 -0.469472 0.0925734 0.980366 0.174105 0.460254 -0.197186 0.865612 -2.00037 2.19387 -1.73536</i>
                        <i>0.882948 0 -0.469472 0.0902481 0.981349 0.169732 0.460716 -0.192233 0.86648 -2.00122 2.19387 -1.73695</i>
                        <i>0.882948 0 -0.469472 0.0836297 0.984006 0.157285 0.461963 -0.178136 0.868826 -2.00362 2.19387 -1.74148</i>
                        <i>0.882948 0 -0.469472 0.0737309 0.98759 0.138668 0.463646 -0.157051 0.871991 -2.00721 2.19387 -1.74822</i>
                        <i>0.882948 0 -0.469472 0.0615697 0.991363 0.115796 0.465417 -0.131147 0.875322 -2.0116 2.19387 -1.75648</i>
                        <i>0.882948 0 -0.469472 0.0481809 0.99472 0.0906151 0.466993 -0.102628 0.878285 -2.01641 2.19387 -1.76554</i>
                        <i>0.882948 0 -0.469472 0.0346182 0.997278 0.0651074 0.468194 -0.0737387 0.880544 -2.02128 2.19387 -1.77468</i>
                        <i>0.882948 0 -0.469472 0.021948 0.998907 0.0412782 0.468958 -0.0467504 0.881982 -2.02581 2.19387 -1.78321</i>
                        <i>0.882948 0 -0.469472 0.0112409 0.999713 0.0211411 0.469337 -0.0239438 0.882694 -2.02964 2.19387 -1.79041</i>
                        <i>0.882948 0 -0.469472 0.00356483 0.999971 0.00670447 0.469458 -0.00759328 0.882922 -2.03238 2.19387 -1.79556</i>
                        <i>0.882948 0 -0.469472 -1.85267e-005 1 -3.48436e-005 0.469472 3.94628e-005 0.882948 -2.03366 2.19387 -1.79797</i>
                        <i>0.882948 0 -0.469472 0.00042759 1 0.00080418 0.469471 -0.00091079 0.882947 -2.0335 2.19387 -1.79767</i>
                        <i>0.882948 0 -0.469472 0.00378313 0.999968 0.00711503 0.469456 -0.00805827 0.882919 -2.0323 2.19387 -1.79542</i>
                        <i>0.882948 0 -0.469472 0.00944862 0.999797 0.0177703 0.469376 -0.0201261 0.882769 -2.03028 2.19387 -1.79161</i>
                        <i>0.882948 0 -0.469472 0.0168233 0.999358 0.03164 0.46917 -0.0358346 0.88238 -2.02764 2.19387 -1.78665</i>
                        <i>0.882948 0 -0.469472 0.0253049 0.998546 0.0475916 0.468789 -0.0539008 0.881664 -2.02461 2.19387 -1.78095</i>
                        <i>0.882948 0 -0.469472 0.0342905 0.997329 0.064491 0.468218 -0.0730406 0.880589 -2.02139 2.19387 -1.7749</i>
                        <i>0.882948 0 -0.469472 0.0431786 0.995762 0.081207 0.467482 -0.0919727 0.879205 -2.01821 2.19387 -1.76891</i>
                        <i>0.882948 0 -0.469472 0.051371 0.993995 0.0966148 0.466653 -0.109423 0.877646 -2.01527 2.19387 -1.76338</i>
                        <i>0.882948 0 -0.469472 0.0582745 0.992266 0.109598 0.465841 -0.124128 0.876119 -2.01278 2.19387 -1.75871</i>
                        <i>0.882948 0 -0.469472 0.0633008 0.990868 0.119051 0.465184 -0.134834 0.874885 -2.01097 2.19387 -1.75531</i>
                        <i>0.882948 0 -0.469472 0.065864 0.99011 0.123872 0.464828 -0.140294 0.874215 -2.01005 2.19387 -1.75357</i>
                        <i>0.882948 0 -0.469472 0.0658556 0.990112 0.123856 0.46483 -0.140276 0.874217 -2.01005 2.19387 -1.75357</i>
                        <i>0.882948 0 -0.469472 0.064703 0.990457 0.121689 0.464991 -0.137821 0.874522 -2.01047 2.19387 -1.75435</i>
                        <i>0.882948 0 -0.469472 0.0626447 0.991057 0.117818 0.465273 -0.133437 0.875052 -2.01121 2.19387 -1.75575</i>
                        <i>0.882948 0 -0.469472 0.0597824 0.991859 0.112434 0.46565 -0.12734 0.87576 -2.01224 2.19387 -1.75769</i>
                        <i>0.882948 0 -0.469472 0.0562174 0.992805 0.105729 0.466094 -0.119746 0.876594 -2.01352 2.19387 -1.7601</i>
                        <i>0.882948 0 -0.469472 0.0520512 0.993835 0.097894 0.466577 -0.110872 0.877504 -2.01502 2.19387 -1.76292</i>
                        <i>0.882948 0 -0.469472 0.0473857 0.994893 0.0891196 0.467074 -0.100934 0.878438 -2.0167 2.19387 -1.76607</i>
                        <i>0.882948 0 -0.469472 0.0423235 0.995928 0.0795989 0.46756 -0.0901513 0.879352 -2.01851 2.19387 -1.76949</i>
                        <i>0.882948 0 -0.469472 0.0369675 0.996895 0.0695257 0.468014 -0.0787427 0.880206 -2.02043 2.19387 -1.7731</i>
                        <i>0.882948 0 -0.469472 0.0314213 0.997758 0.0590948 0.468419 -0.066929 0.880968 -2.02242 2.19387 -1.77683</i>
                        <i>0.882948 0 -0.469472 0.025789 0.99849 0.048502 0.468763 -0.0549319 0.881614 -2.02444 2.19387 -1.78063</i>
                        <i>0.882948 0 -0.469472 0.0201751 0.999076 0.0379439 0.469038 -0.0429741 0.882132 -2.02644 2.19387 -1.7844</i>
                        <i>0.882948 0 -0.469472 0.0146845 0.999511 0.0276174 0.469242 -0.0312787 0.882516 -2.02841 2.19387 -1.78809</i>
                        <i>0.882948 0 -0.469472 0.00942187 0.999799 0.01772 0.469377 -0.0200691 0.88277 -2.03029 2.19387 -1.79163</i>
                        <i>0.882948 0 -0.469472 0.00449216 0.999954 0.00844852 0.46945 -0.00956854 0.882907 -2.03205 2.19387 -1.79494</i>
                        <i>0.882948 0 -0.469472 0 1 0 0.469472 0 0.882948 -2.03365 2.19387 -1.79796</i>
                    </KeyFrames>
                </p>
            </i>
            <i>
                <p>
                    <Name><![CDATA[wheels_bk]]></Name>
                    <Exclude>0</Exclude>
                    <Additive>0</Additive>
                    <IKPriority>0</IKPriority>
                    <IKRotLimits>-1e+010 -1e+010 -1e+010 1e+010 1e+010 1e+010</IKRotLimits>
                    <IKRotLimitOrder>0</IKRotLimitOrder>
                    <KeyFrames count="92">
                        <i>0.882948 0 -0.469472 0 1 0 0.469472 0 0.882948 -2.93234 2.1973 -3.48815</i>
                        <i>0.882948 0 -0.469472 0.00605176 0.999917 0.0113817 0.469433 -0.0128906 0.882874 -2.93074 2.1973 -3.48513</i>
                        <i>0.882948 0 -0.469472 -0.020398 0.999056 -0.0383631 0.469028 0.0434489 0.882114 -2.93775 2.1973 -3.49832</i>
                        <i>0.882948 0 -0.469472 -0.0664288 0.989939 -0.124934 0.464748 0.141497 0.874064 -2.95001 2.1973 -3.52137</i>
                        <i>0.882948 0 -0.469472 -0.114143 0.969993 -0.214672 0.455384 0.243132 0.856453 -2.9629 2.1973 -3.54562</i>
                        <i>0.882948 0 -0.469472 -0.150157 0.947471 -0.282403 0.444811 0.319842 0.836567 -2.97285 2.1973 -3.56433</i>
                        <i>0.882948 0 -0.469472 -0.163441 0.937443 -0.307387 0.440103 0.348138 0.827713 -2.97659 2.1973 -3.57136</i>
                        <i>0.882948 0 -0.469472 -0.162093 0.938505 -0.304852 0.440601 0.345267 0.82865 -2.97621 2.1973 -3.57064</i>
                        <i>0.882948 0 -0.469472 -0.152831 0.945529 -0.287433 0.443899 0.325538 0.834852 -2.9736 2.1973 -3.56574</i>
                        <i>0.882948 0 -0.469472 -0.138315 0.955615 -0.260133 0.448634 0.294619 0.843758 -2.96955 2.1973 -3.55813</i>
                        <i>0.882948 0 -0.469472 -0.121259 0.966068 -0.228056 0.453541 0.258289 0.852987 -2.96485 2.1973 -3.54928</i>
                        <i>0.882948 0 -0.469472 -0.104496 0.974914 -0.196528 0.457694 0.222582 0.860798 -2.96027 2.1973 -3.54067</i>
                        <i>0.882948 0 -0.469472 -0.0909636 0.981049 -0.171078 0.460575 0.193757 0.866215 -2.9566 2.1973 -3.53378</i>
                        <i>0.882948 0 -0.469472 -0.0836213 0.984009 -0.157269 0.461964 0.178118 0.868828 -2.95462 2.1973 -3.53005</i>
                        <i>0.882948 0 -0.469472 -0.0831923 0.984174 -0.156462 0.462042 0.177204 0.868974 -2.95451 2.1973 -3.52984</i>
                        <i>0.882948 0 -0.469472 -0.087227 0.982588 -0.16405 0.461297 0.185798 0.867574 -2.9556 2.1973 -3.53188</i>
                        <i>0.882948 0 -0.469472 -0.0931107 0.980135 -0.175116 0.460146 0.198331 0.865408 -2.95718 2.1973 -3.53487</i>
                        <i>0.882948 0 -0.469472 -0.0982425 0.97786 -0.184767 0.459077 0.209262 0.863399 -2.95857 2.1973 -3.53748</i>
                        <i>0.882948 0 -0.469472 -0.100043 0.977031 -0.188154 0.458688 0.213097 0.862667 -2.95906 2.1973 -3.5384</i>
                        <i>0.882948 0 -0.469472 -0.0966654 0.978572 -0.181801 0.459412 0.205903 0.864028 -2.95815 2.1973 -3.53668</i>
                        <i>0.882948 0 -0.469472 -0.0907764 0.981128 -0.170725 0.460612 0.193359 0.866285 -2.95655 2.1973 -3.53368</i>
                        <i>0.882948 0 -0.469472 -0.0832524 0.984151 -0.156575 0.462031 0.177332 0.868954 -2.95452 2.1973 -3.52987</i>
                        <i>0.882948 0 -0.469472 -0.0744388 0.98735 -0.139999 0.463533 0.158559 0.871778 -2.95215 2.1973 -3.52541</i>
                        <i>0.882948 0 -0.469472 -0.0646857 0.990462 -0.121656 0.464994 0.137784 0.874526 -2.94954 2.1973 -3.52049</i>
                        <i>0.882948 0 -0.469472 -0.0543487 0.993277 -0.102215 0.466315 0.115766 0.877011 -2.94678 2.1973 -3.5153</i>
                        <i>0.882948 0 -0.469472 -0.0437895 0.99564 -0.0823561 0.467425 0.093274 0.879098 -2.94396 2.1973 -3.51001</i>
                        <i>0.882948 0 -0.469472 -0.0333735 0.99747 -0.0627665 0.468284 0.0710875 0.880714 -2.94119 2.1973 -3.5048</i>
                        <i>0.882948 0 -0.469472 -0.0234691 0.99875 -0.0441389 0.468885 0.0499904 0.881844 -2.93856 2.1973 -3.49985</i>
                        <i>0.882948 0 -0.469472 -0.0144449 0.999527 -0.0271669 0.469249 0.0307685 0.88253 -2.93617 2.1973 -3.49535</i>
                        <i>0.882948 0 -0.469472 -0.00666909 0.999899 -0.0125427 0.469424 0.0142055 0.882858 -2.93411 2.1973 -3.49147</i>
                        <i>0.882948 0 -0.469472 -0.00050771 0.999999 -0.000954863 0.469471 0.00108145 0.882947 -2.93248 2.1973 -3.4884</i>
                        <i>0.882948 0 -0.469472 0.00367501 0.999969 0.00691168 0.469457 -0.00782796 0.882921 -2.93137 2.1973 -3.48632</i>
                        <i>0.882948 0 -0.469472 0.00551629 0.999931 0.0103746 0.469439 -0.01175 0.882887 -2.93088 2.1973 -3.4854</i>
                        <i>0.882948 0 -0.469472 0.00465377 0.999951 0.00875247 0.469449 -0.00991279 0.882904 -2.93111 2.1973 -3.48583</i>
                        <i>0.882948 0 -0.469472 0.000724808 0.999999 0.00136317 0.469471 -0.00154388 0.882946 -2.93215 2.1973 -3.48779</i>
                        <i>0.882948 0 -0.469472 -0.0272258 0.998317 -0.0512042 0.468681 0.0579924 0.881462 -2.93956 2.1973 -3.50173</i>
                        <i>0.882948 0 -0.469472 -0.0928589 0.980244 -0.174642 0.460196 0.197794 0.865504 -2.95712 2.1973 -3.53474</i>
                        <i>0.882948 0 -0.469472 -0.163057 0.937746 -0.306666 0.440245 0.347321 0.827981 -2.97648 2.1973 -3.57115</i>
                        <i>0.882948 0 -0.469472 -0.207063 0.89748 -0.389429 0.421341 0.441056 0.792427 -2.98918 2.1973 -3.59504</i>
                        <i>0.882948 0 -0.469472 -0.207581 0.896936 -0.390404 0.421086 0.44216 0.791948 -2.98933 2.1973 -3.59533</i>
                        <i>0.882948 0 -0.469472 -0.186483 0.917723 -0.350724 0.430845 0.39722 0.810302 -2.98317 2.1973 -3.58374</i>
                        <i>0.882948 0 -0.469472 -0.151821 0.946267 -0.285534 0.444245 0.323387 0.835504 -2.97332 2.1973 -3.56521</i>
                        <i>0.882948 0 -0.469472 -0.109388 0.972476 -0.205729 0.45655 0.233003 0.858645 -2.9616 2.1973 -3.54318</i>
                        <i>0.882948 0 -0.469472 -0.0658623 0.99011 -0.123869 0.464829 0.14029 0.874216 -2.94986 2.1973 -3.52109</i>
                        <i>0.882948 0 -0.469472 -0.0285134 0.998154 -0.0536259 0.468605 0.0607351 0.881318 -2.9399 2.1973 -3.50237</i>
                        <i>0.882948 0 -0.469472 -0.00465466 0.999951 -0.00875413 0.469448 0.00991467 0.882904 -2.93358 2.1973 -3.49047</i>
                        <i>0.882948 0 -0.469472 -2.5552e-005 1 -4.80564e-005 0.469472 5.44272e-005 0.882948 -2.93235 2.1973 -3.48816</i>
                        <i>0.882948 0 -0.469472 -0.00970907 0.999786 -0.0182601 0.469371 0.0206809 0.882759 -2.93492 2.1973 -3.49299</i>
                        <i>0.882948 0 -0.469472 -0.0293419 0.998045 -0.055184 0.468554 0.0624998 0.881221 -2.94012 2.1973 -3.50278</i>
                        <i>0.882948 0 -0.469472 -0.0553974 0.993014 -0.104187 0.466192 0.118 0.876779 -2.94706 2.1973 -3.51583</i>
                        <i>0.882948 0 -0.469472 -0.0842951 0.983748 -0.158536 0.461842 0.179553 0.868598 -2.9548 2.1973 -3.53039</i>
                        <i>0.882948 0 -0.469472 -0.112487 0.970871 -0.211558 0.455796 0.239604 0.857228 -2.96245 2.1973 -3.54477</i>
                        <i>0.882948 0 -0.469472 -0.136583 0.956744 -0.256876 0.449164 0.29093 0.844755 -2.96907 2.1973 -3.55723</i>
                        <i>0.882948 0 -0.469472 -0.153417 0.945098 -0.288535 0.443697 0.326786 0.834472 -2.97376 2.1973 -3.56605</i>
                        <i>0.882948 0 -0.469472 -0.15997 0.940156 -0.30086 0.441376 0.340745 0.830108 -2.97561 2.1973 -3.56952</i>
                        <i>0.882948 0 -0.469472 -0.15606 0.943133 -0.293505 0.442774 0.332415 0.832737 -2.97451 2.1973 -3.56745</i>
                        <i>0.882948 0 -0.469472 -0.144884 0.951188 -0.272487 0.446556 0.308611 0.839849 -2.97138 2.1973 -3.56157</i>
                        <i>0.882948 0 -0.469472 -0.128055 0.962081 -0.240836 0.45167 0.272764 0.849467 -2.96672 2.1973 -3.5528</i>
                        <i>0.882948 0 -0.469472 -0.107215 0.973574 -0.201641 0.457065 0.228373 0.859614 -2.96101 2.1973 -3.54207</i>
                        <i>0.882948 0 -0.469472 -0.0840957 0.983826 -0.158161 0.461878 0.179128 0.868666 -2.95475 2.1973 -3.53029</i>
                        <i>0.882948 0 -0.469472 -0.0605302 0.991653 -0.113841 0.465553 0.128933 0.875578 -2.94843 2.1973 -3.5184</i>
                        <i>0.882948 0 -0.469472 -0.0384195 0.996646 -0.0722565 0.467897 0.0818355 0.879986 -2.94254 2.1973 -3.50732</i>
                        <i>0.882948 0 -0.469472 -0.019688 0.99912 -0.0370277 0.469059 0.0419365 0.882171 -2.93756 2.1973 -3.49796</i>
                        <i>0.882948 0 -0.469472 -0.00624473 0.999912 -0.0117446 0.46943 0.0133016 0.882869 -2.934 2.1973 -3.49126</i>
                        <i>0.882948 0 -0.469472 3.2455e-005 1 6.1039e-005 0.469472 -6.91309e-005 0.882948 -2.93233 2.1973 -3.48813</i>
                        <i>0.882948 0 -0.469472 -0.000749051 0.999999 -0.00140876 0.469471 0.00159552 0.882946 -2.93254 2.1973 -3.48852</i>
                        <i>0.882948 0 -0.469472 -0.00662713 0.9999 -0.0124638 0.469425 0.0141161 0.88286 -2.9341 2.1973 -3.49145</i>
                        <i>0.882948 0 -0.469472 -0.0165498 0.999378 -0.0311256 0.46918 0.0352519 0.882399 -2.93673 2.1973 -3.4964</i>
                        <i>0.882948 0 -0.469472 -0.029458 0.998029 -0.0554024 0.468546 0.0627471 0.881208 -2.94015 2.1973 -3.50284</i>
                        <i>0.882948 0 -0.469472 -0.0442846 0.995541 -0.0832872 0.467378 0.0943286 0.879011 -2.9441 2.1973 -3.51025</i>
                        <i>0.882948 0 -0.469472 -0.0599593 0.991811 -0.112767 0.465627 0.127717 0.875717 -2.94828 2.1973 -3.51812</i>
                        <i>0.882948 0 -0.469472 -0.0754189 0.987012 -0.141842 0.463374 0.160646 0.87148 -2.95242 2.1973 -3.5259</i>
                        <i>0.882948 0 -0.469472 -0.0896187 0.981611 -0.168548 0.460838 0.190893 0.866711 -2.95624 2.1973 -3.5331</i>
                        <i>0.882948 0 -0.469472 -0.10154 0.97633 -0.19097 0.458359 0.216286 0.862048 -2.95947 2.1973 -3.53916</i>
                        <i>0.882948 0 -0.469472 -0.110191 0.972065 -0.20724 0.456357 0.234713 0.858282 -2.96182 2.1973 -3.54359</i>
                        <i>0.882948 0 -0.469472 -0.114593 0.969753 -0.215518 0.455271 0.244089 0.856241 -2.96302 2.1973 -3.54585</i>
                        <i>0.882948 0 -0.469472 -0.114578 0.969761 -0.21549 0.455275 0.244058 0.856248 -2.96302 2.1973 -3.54584</i>
                        <i>0.882948 0 -0.469472 -0.1126 0.970811 -0.21177 0.455768 0.239844 0.857176 -2.96248 2.1973 -3.54483</i>
                        <i>0.882948 0 -0.469472 -0.109064 0.972641 -0.205119 0.456628 0.232311 0.858791 -2.96151 2.1973 -3.54301</i>
                        <i>0.882948 0 -0.469472 -0.104138 0.975088 -0.195856 0.457776 0.22182 0.860951 -2.96017 2.1973 -3.54049</i>
                        <i>0.882948 0 -0.469472 -0.0979924 0.977973 -0.184297 0.459131 0.208729 0.863499 -2.95851 2.1973 -3.53735</i>
                        <i>0.882948 0 -0.469472 -0.0907952 0.98112 -0.170761 0.460608 0.193399 0.866278 -2.95656 2.1973 -3.53369</i>
                        <i>0.882948 0 -0.469472 -0.0827177 0.984356 -0.155569 0.462127 0.176193 0.869134 -2.95438 2.1973 -3.5296</i>
                        <i>0.882948 0 -0.469472 -0.0739339 0.987522 -0.139049 0.463613 0.157483 0.87193 -2.95202 2.1973 -3.52515</i>
                        <i>0.882948 0 -0.469472 -0.0646208 0.990481 -0.121534 0.465003 0.137646 0.874543 -2.94952 2.1973 -3.52046</i>
                        <i>0.882948 0 -0.469472 -0.0549586 0.993124 -0.103362 0.466244 0.117065 0.876877 -2.94694 2.1973 -3.5156</i>
                        <i>0.882948 0 -0.469472 -0.04513 0.995369 -0.0848772 0.467297 0.0961294 0.878859 -2.94432 2.1973 -3.51068</i>
                        <i>0.882948 0 -0.469472 -0.0353202 0.997166 -0.0664276 0.468141 0.0752339 0.880445 -2.94171 2.1973 -3.50577</i>
