<?xml version="1.0" encoding="ISO-8859-1" ?>
<Animl Version="1">
    <ModellingPackage>
        <![CDATA[Maya.2010]]>
</ModellingPackage>
    <SrcFile>
        <![CDATA[anims\characters\shared\base_soldier\~src\infantry\death_toyspin3.mb]]>
</SrcFile>
    <FramesPerSecond>30</FramesPerSecond>
    <TotalFrames>91</TotalFrames>
    <Skeleton>
        <RefFrame>
            <Name>
                <![CDATA[soldier_ref_frame]]>
</Name>
            <Exclude>0</Exclude>
            <Additive>0</Additive>
            <IKPriority>0</IKPriority>
            <IKRotLimits>-1e+010 -1e+010 -1e+010 1e+010 1e+010 1e+010</IKRotLimits>
            <IKRotLimitOrder>0</IKRotLimitOrder>
            <KeyFrames count="91">
                <i>1 0 0 0 1 0 0 0 1 0 0 0</i>
                <i>1 0 0 0 1 0 0 0 1 -0.0257384 0.124725 -0.0312189</i>
                <i>1 0 0 0 1 0 0 0 1 -0.0506866 0.249764 -0.060527</i>
                <i>1 0 0 0 1 0 0 0 1 -0.0754995 0.374858 -0.0890847</i>
                <i>1 0 0 0 1 0 0 0 1 -0.100832 0.499745 -0.118052</i>
                <i>1 0 0 0 1 0 0 0 1 -0.127339 0.624163 -0.148591</i>
                <i>1 0 0 0 1 0 0 0 1 -0.155674 0.747851 -0.181859</i>
                <i>1 0 0 0 1 0 0 0 1 -0.190548 0.869885 -0.219019</i>
                <i>1 0 0 0 1 0 0 0 1 -0.250704 0.979165 -0.261577</i>
                <i>1 0 0 0 1 0 0 0 1 -0.311586 1.06809 -0.379006</i>
                <i>1 0 0 0 1 0 0 0 1 -0.373114 1.12745 -0.52146</i>
                <i>1 0 0 0 1 0 0 0 1 -0.434646 1.1558 -0.683667</i>
                <i>1 0 0 0 1 0 0 0 1 -0.503399 1.18166 -0.842055</i>
                <i>1 0 0 0 1 0 0 0 1 -0.605341 1.30771 -0.911166</i>
                <i>1 0 0 0 1 0 0 0 1 -0.703287 1.40314 -0.980737</i>
                <i>1 0 0 0 1 0 0 0 1 -0.798232 1.46935 -1.05214</i>
                <i>1 0 0 0 1 0 0 0 1 -0.890723 1.50878 -1.12416</i>
                <i>1 0 0 0 1 0 0 0 1 -0.979022 1.52125 -1.19562</i>
                <i>1 0 0 0 1 0 0 0 1 -1.06256 1.50838 -1.26606</i>
                <i>1 0 0 0 1 0 0 0 1 -1.14301 1.4708 -1.33682</i>
                <i>1 0 0 0 1 0 0 0 1 -1.22096 1.40836 -1.40839</i>
                <i>1 0 0 0 1 0 0 0 1 -1.29597 1.32133 -1.48031</i>
                <i>1 0 0 0 1 0 0 0 1 -1.3668 1.21253 -1.55104</i>
                <i>1 0 0 0 1 0 0 0 1 -1.43491 1.08103 -1.62169</i>
                <i>1 0 0 0 1 0 0 0 1 -1.50082 0.926631 -1.69244</i>
                <i>1 0 0 0 1 0 0 0 1 -1.56442 0.750425 -1.76285</i>
                <i>1 0 0 0 1 0 0 0 1 -1.62562 0.554484 -1.83229</i>
                <i>1 0 0 0 1 0 0 0 1 -1.68719 0.311677 -1.90506</i>
                <i>1 0 0 0 1 0 0 0 1 -1.74186 0.15049 -1.96417</i>
                <i>1 0 0 0 1 0 0 0 1 -1.77774 0.271478 -1.98291</i>
                <i>1 0 0 0 1 0 0 0 1 -1.8144 0.349624 -2.00455</i>
                <i>1 0 0 0 1 0 0 0 1 -1.8517 0.405195 -2.0273</i>
                <i>1 0 0 0 1 0 0 0 1 -1.88994 0.436817 -2.05152</i>
                <i>1 0 0 0 1 0 0 0 1 -1.92897 0.444198 -2.07714</i>
                <i>1 0 0 0 1 0 0 0 1 -1.96809 0.427578 -2.10372</i>
                <i>1 0 0 0 1 0 0 0 1 -2.00782 0.380364 -2.13254</i>
                <i>1 0 0 0 1 0 0 0 1 -2.04968 0.338434 -2.1596</i>
                <i>1 0 0 0 1 0 0 0 1 -2.09514 0.344057 -2.17994</i>
                <i>1 0 0 0 1 0 0 0 1 -2.14283 0.381794 -2.19397</i>
                <i>1 0 0 0 1 0 0 0 1 -2.19149 0.399967 -2.20762</i>
                <i>1 0 0 0 1 0 0 0 1 -2.2404 0.39036 -2.22161</i>
                <i>1 0 0 0 1 0 0 0 1 -2.289 0.355668 -2.23551</i>
                <i>1 0 0 0 1 0 0 0 1 -2.33756 0.289315 -2.24903</i>
                <i>1 0 0 0 1 0 0 0 1 -2.38195 0.257691 -2.26413</i>
                <i>1 0 0 0 1 0 0 0 1 -2.42017 0.272647 -2.28018</i>
                <i>1 0 0 0 1 0 0 0 1 -2.45226 0.324903 -2.29638</i>
                <i>1 0 0 0 1 0 0 0 1 -2.48433 0.36174 -2.31296</i>
                <i>1 0 0 0 1 0 0 0 1 -2.51477 0.3933 -2.32883</i>
                <i>1 0 0 0 1 0 0 0 1 -2.54308 0.419852 -2.34349</i>
                <i>1 0 0 0 1 0 0 0 1 -2.56899 0.441364 -2.35662</i>
                <i>1 0 0 0 1 0 0 0 1 -2.59263 0.457636 -2.36814</i>
                <i>1 0 0 0 1 0 0 0 1 -2.61435 0.471053 -2.37783</i>
                <i>1 0 0 0 1 0 0 0 1 -2.63419 0.479859 -2.38565</i>
                <i>1 0 0 0 1 0 0 0 1 -2.65255 0.482296 -2.39202</i>
                <i>1 0 0 0 1 0 0 0 1 -2.67035 0.476781 -2.39794</i>
                <i>1 0 0 0 1 0 0 0 1 -2.6881 0.463142 -2.40368</i>
                <i>1 0 0 0 1 0 0 0 1 -2.7047 0.446131 -2.40825</i>
                <i>1 0 0 0 1 0 0 0 1 -2.71934 0.428232 -2.41067</i>
                <i>1 0 0 0 1 0 0 0 1 -2.73167 0.408521 -2.41001</i>
                <i>1 0 0 0 1 0 0 0 1 -2.74418 0.386535 -2.40641</i>
                <i>1 0 0 0 1 0 0 0 1 -2.75696 0.362181 -2.40059</i>
                <i>1 0 0 0 1 0 0 0 1 -2.77003 0.335358 -2.39355</i>
                <i>1 0 0 0 1 0 0 0 1 -2.78335 0.305964 -2.38657</i>
                <i>1 0 0 0 1 0 0 0 1 -2.79764 0.27082 -2.37963</i>
                <i>1 0 0 0 1 0 0 0 1 -2.81127 0.246277 -2.37358</i>
                <i>1 0 0 0 1 0 0 0 1 -2.82312 0.235251 -2.36881</i>
                <i>1 0 0 0 1 0 0 0 1 -2.83242 0.2314 -2.36538</i>
                <i>1 0 0 0 1 0 0 0 1 -2.84089 0.230186 -2.36297</i>
                <i>1 0 0 0 1 0 0 0 1 -2.84854 0.229903 -2.36157</i>
                <i>1 0 0 0 1 0 0 0 1 -2.85537 0.229806 -2.36128</i>
                <i>1 0 0 0 1 0 0 0 1 -2.86134 0.229866 -2.36229</i>
                <i>1 0 0 0 1 0 0 0 1 -2.86675 0.230044 -2.36456</i>
                <i>1 0 0 0 1 0 0 0 1 -2.87164 0.230468 -2.36789</i>
                <i>1 0 0 0 1 0 0 0 1 -2.87606 0.231132 -2.37236</i>
                <i>1 0 0 0 1 0 0 0 1 -2.88006 0.23197 -2.37817</i>
                <i>1 0 0 0 1 0 0 0 1 -2.88377 0.232451 -2.38537</i>
                <i>1 0 0 0 1 0 0 0 1 -2.88731 0.234552 -2.39398</i>
                <i>1 0 0 0 1 0 0 0 1 -2.89269 0.245976 -2.40333</i>
                <i>1 0 0 0 1 0 0 0 1 -2.90167 0.271623 -2.41266</i>
                <i>1 0 0 0 1 0 0 0 1 -2.91157 0.29167 -2.42165</i>
                <i>1 0 0 0 1 0 0 0 1 -2.92342 0.306038 -2.42956</i>
                <i>1 0 0 0 1 0 0 0 1 -2.93723 0.313807 -2.43618</i>
                <i>1 0 0 0 1 0 0 0 1 -2.95283 0.314718 -2.44153</i>
                <i>1 0 0 0 1 0 0 0 1 -2.97055 0.309127 -2.44567</i>
                <i>1 0 0 0 1 0 0 0 1 -2.98902 0.29585 -2.44951</i>
                <i>1 0 0 0 1 0 0 0 1 -3.00742 0.277699 -2.45309</i>
                <i>1 0 0 0 1 0 0 0 1 -3.02502 0.260486 -2.45598</i>
                <i>1 0 0 0 1 0 0 0 1 -3.0412 0.260058 -2.45641</i>
                <i>1 0 0 0 1 0 0 0 1 -3.05426 0.259192 -2.45587</i>
                <i>1 0 0 0 1 0 0 0 1 -3.06482 0.255898 -2.45458</i>
                <i>1 0 0 0 1 0 0 0 1 -3.07316 0.249996 -2.45262</i>
            </KeyFrames>
        </RefFrame>
        <Bones count="23">
            <i>
                <p>
                    <Name>
                        <![CDATA[pelvis]]>
</Name>
                    <Exclude>0</Exclude>
                    <Additive>0</Additive>
                    <IKPriority>0</IKPriority>
                    <IKRotLimits>-1e+010 -1e+010 -1e+010 1e+010 1e+010 1e+010</IKRotLimits>
                    <IKRotLimitOrder>2</IKRotLimitOrder>
                    <KeyFrames count="91">
                        <i>1 0 0 0 1 0 0 0 1 5.6976e-018 1.20067 9.4474e-018</i>
                        <i>1 0 0 0 1 0 0 0 1 -0.0175814 1.32214 -0.116526</i>
                        <i>1 0 0 0 1 0 0 0 1 -0.0506613 1.42109 -0.3165</i>
                        <i>1 0 0 0 1 0 0 0 1 -0.0588722 1.47943 -0.545038</i>
                        <i>1 0 0 0 1 0 0 0 1 -0.0610278 1.51648 -0.735065</i>
                        <i>1 0 0 0 1 0 0 0 1 -0.0625184 1.5177 -0.920804</i>
                        <i>1 0 0 0 1 0 0 0 1 -0.0603403 1.50856 -1.0722</i>
                        <i>1 0 0 0 1 0 0 0 1 -0.0595275 1.47787 -1.20515</i>
                        <i>1 0 0 0 1 0 0 0 1 -0.0819557 1.41475 -1.3185</i>
                        <i>1 0 0 0 1 0 0 0 1 -0.102453 1.32365 -1.47502</i>
                        <i>1 0 0 0 1 0 0 0 1 -0.127602 1.20485 -1.62567</i>
                        <i>1 0 0 0 1 0 0 0 1 -0.153715 1.06259 -1.76728</i>
                        <i>1 0 0 0 1 0 0 0 1 -0.179522 0.957006 -1.88523</i>
                        <i>1 0 0 0 1 0 0 0 1 -0.269374 1.12785 -1.96215</i>
                        <i>1 0 0 0 1 0 0 0 1 -0.356665 1.26517 -2.03735</i>
                        <i>1 0 0 0 1 0 0 0 1 -0.44029 1.37145 -2.11208</i>
                        <i>1 0 0 0 1 0 0 0 1 -0.52288 1.4514 -2.18633</i>
                        <i>1 0 0 0 1 0 0 0 1 -0.602784 1.5041 -2.2589</i>
                        <i>1 0 0 0 1 0 0 0 1 -0.679432 1.53066 -2.32936</i>
                        <i>1 0 0 0 1 0 0 0 1 -0.754369 1.53245 -2.39913</i>
                        <i>1 0 0 0 1 0 0 0 1 -0.828101 1.50962 -2.46871</i>
                        <i>1 0 0 0 1 0 0 0 1 -0.900156 1.46211 -2.5376</i>
                        <i>1 0 0 0 1 0 0 0 1 -0.96936 1.39175 -2.60442</i>
                        <i>1 0 0 0 1 0 0 0 1 -1.03713 1.29825 -2.67028</i>
                        <i>1 0 0 0 1 0 0 0 1 -1.10389 1.18155 -2.73535</i>
                        <i>1 0 0 0 1 0 0 0 1 -1.16937 1.04248 -2.79919</i>
                        <i>1 0 0 0 1 0 0 0 1 -1.2336 0.882719 -2.86135</i>
                        <i>1 0 0 0 1 0 0 0 1 -1.29781 0.6799 -2.92424</i>
                        <i>1 0 0 0 1 0 0 0 1 -1.36065 0.539116 -2.98026</i>
                        <i>1 0 0 0 1 0 0 0 1 -1.4001 0.620097 -3.01203</i>
                        <i>1 0 0 0 1 0 0 0 1 -1.44145 0.66231 -3.04444</i>
                        <i>1 0 0 0 1 0 0 0 1 -1.48309 0.681709 -3.07652</i>
                        <i>1 0 0 0 1 0 0 0 1 -1.52536 0.676727 -3.1087</i>
                        <i>1 0 0 0 1 0 0 0 1 -1.56828 0.647057 -3.14096</i>
                        <i>1 0 0 0 1 0 0 0 1 -1.61088 0.594233 -3.17263</i>
                        <i>1 0 0 0 1 0 0 0 1 -1.65435 0.509443 -3.20543</i>
                        <i>1 0 0 0 1 0 0 0 1 -1.69826 0.437608 -3.23442</i>
                        <i>1 0 0 0 1 0 0 0 1 -1.74729 0.432453 -3.25616</i>
                        <i>1 0 0 0 1 0 0 0 1 -1.79821 0.474858 -3.27113</i>
                        <i>1 0 0 0 1 0 0 0 1 -1.85069 0.499066 -3.28585</i>
                        <i>1 0 0 0 1 0 0 0 1 -1.90325 0.4948 -3.30083</i>
                        <i>1 0 0 0 1 0 0 0 1 -1.95555 0.465263 -3.3157</i>
                        <i>1 0 0 0 1 0 0 0 1 -2.00751 0.405184 -3.33001</i>
                        <i>1 0 0 0 1 0 0 0 1 -2.05659 0.369151 -3.34671</i>
                        <i>1 0 0 0 1 0 0 0 1 -2.09911 0.369826 -3.36451</i>
                        <i>1 0 0 0 1 0 0 0 1 -2.13539 0.402204 -3.38226</i>
                        <i>1 0 0 0 1 0 0 0 1 -2.17166 0.422663 -3.40006</i>
                        <i>1 0 0 0 1 0 0 0 1 -2.20595 0.439907 -3.41682</i>
                        <i>1 0 0 0 1 0 0 0 1 -2.23789 0.454141 -3.43217</i>
                        <i>1 0 0 0 1 0 0 0 1 -2.2673 0.465342 -3.44589</i>
                        <i>1 0 0 0 1 0 0 0 1 -2.29423 0.473236 -3.45794</i>
                        <i>1 0 0 0 1 0 0 0 1 -2.31894 0.480458 -3.46812</i>
                        <i>1 0 0 0 1 0 0 0 1 -2.34136 0.486937 -3.47651</i>
                        <i>1 0 0 0 1 0 0 0 1 -2.36207 0.491883 -3.48364</i>
                        <i>1 0 0 0 1 0 0 0 1 -2.38223 0.493358 -3.49055</i>
                        <i>1 0 0 0 1 0 0 0 1 -2.40236 0.491552 -3.49742</i>
                        <i>1 0 0 0 1 0 0 0 1 -2.42131 0.490571 -3.50309</i>
                        <i>1 0 0 0 1 0 0 0 1 -2.43817 0.491752 -3.50635</i>
                        <i>1 0 0 0 1 0 0 0 1 -2.45255 0.492327 -3.50613</i>
                        <i>1 0 0 0 1 0 0 0 1 -2.46722 0.492443 -3.50257</i>
                        <i>1 0 0 0 1 0 0 0 1 -2.48231 0.492036 -3.49628</i>
                        <i>1 0 0 0 1 0 0 0 1 -2.49793 0.491035 -3.48814</i>
                        <i>1 0 0 0 1 0 0 0 1 -2.51409 0.489368 -3.47934</i>
                        <i>1 0 0 0 1 0 0 0 1 -2.53162 0.485048 -3.46953</i>
                        <i>1 0 0 0 1 0 0 0 1 -2.54911 0.490667 -3.45998</i>
                        <i>1 0 0 0 1 0 0 0 1 -2.56533 0.506015 -3.4517</i>
                        <i>1 0 0 0 1 0 0 0 1 -2.5791 0.522163 -3.44541</i>
                        <i>1 0 0 0 1 0 0 0 1 -2.59201 0.535744 -3.4409</i>
                        <i>1 0 0 0 1 0 0 0 1 -2.60398 0.54539 -3.43826</i>
                        <i>1 0 0 0 1 0 0 0 1 -2.61492 0.550474 -3.43771</i>
                        <i>1 0 0 0 1 0 0 0 1 -2.62472 0.551052 -3.43944</i>
                        <i>1 0 0 0 1 0 0 0 1 -2.63376 0.547189 -3.44344</i>
                        <i>1 0 0 0 1 0 0 0 1 -2.64209 0.538979 -3.44945</i>
                        <i>1 0 0 0 1 0 0 0 1 -2.64973 0.526475 -3.45743</i>
                        <i>1 0 0 0 1 0 0 0 1 -2.65673 0.509687 -3.46738</i>
                        <i>1 0 0 0 1 0 0 0 1 -2.66332 0.487525 -3.47924</i>
                        <i>1 0 0 0 1 0 0 0 1 -2.66962 0.462013 -3.49273</i>
                        <i>1 0 0 0 1 0 0 0 1 -2.67815 0.445062 -3.50641</i>
                        <i>1 0 0 0 1 0 0 0 1 -2.69071 0.446083 -3.51904</i>
                        <i>1 0 0 0 1 0 0 0 1 -2.70456 0.445734 -3.53052</i>
                        <i>1 0 0 0 1 0 0 0 1 -2.72071 0.443876 -3.54034</i>
                        <i>1 0 0 0 1 0 0 0 1 -2.73912 0.439657 -3.54847</i>
                        <i>1 0 0 0 1 0 0 0 1 -2.75962 0.432703 -3.55504</i>
                        <i>1 0 0 0 1 0 0 0 1 -2.78257 0.423117 -3.56025</i>
                        <i>1 0 0 0 1 0 0 0 1 -2.80639 0.40953 -3.56499</i>
                        <i>1 0 0 0 1 0 0 0 1 -2.83016 0.394661 -3.56931</i>
                        <i>1 0 0 0 1 0 0 0 1 -2.85322 0.383957 -3.57276</i>
                        <i>1 0 0 0 1 0 0 0 1 -2.87499 0.392215 -3.57357</i>
                        <i>1 0 0 0 1 0 0 0 1 -2.8935 0.400827 -3.57326</i>
                        <i>1 0 0 0 1 0 0 0 1 -2.90935 0.407632 -3.57202</i>
                        <i>1 0 0 0 1 0 0 0 1 -2.92281 0.412508 -3.56992</i>
                    </KeyFrames>
                </p>
            </i>
            <i>
                <p>
                    <Name>
                        <![CDATA[spine0]]>
</Name>
                    <Exclude>0</Exclude>
                    <Additive>0</Additive>
                    <IKPriority>0</IKPriority>
                    <IKRotLimits>-1e+010 -1e+010 -1e+010 1e+010 1e+010 1e+010</IKRotLimits>
                    <IKRotLimitOrder>0</IKRotLimitOrder>
                    <KeyFrames count="91">
                        <i>0.00165955 0.999783 -0.0207497 -0.999998 0.00164411 -0.000761469 -0.00072719 0.0207509 0.999784 0.00748132 1.33794 -0.0353939</i>
                        <i>0.0121889 0.99535 -0.0955478 -0.986784 -0.00346752 -0.162005 -0.161583 0.0962597 0.982153 -0.00628145 1.45772 -0.165644</i>
                        <i>0.010638 0.969798 -0.243677 -0.897771 -0.0980482 -0.42941 -0.440333 0.223334 0.869614 -0.0363962 1.55043 -0.391885</i>
                        <i>0.0308583 0.909348 -0.414891 -0.689322 -0.281222 -0.667644 -0.723797 0.306596 0.618156 -0.0375102 1.59653 -0.649355</i>
                        <i>0.0547656 0.832815 -0.550835 -0.41004 -0.484243 -0.772901 -0.910422 0.268193 0.314968 -0.0329829 1.61976 -0.861131</i>
                        <i>0.078069 0.727241 -0.681928 -0.0944837 -0.67554 -0.731245 -0.992461 0.121519 0.0159737 -0.0291009 1.60303 -1.06772</i>
                        <i>0.104062 0.614797 -0.78179 0.220515 -0.780755 -0.584632 -0.969817 -0.111558 -0.216819 -0.0222625 1.57569 -1.23491</i>
                        <i>0.132632 0.485618 -0.864051 0.511278 -0.78034 -0.360089 -0.849119 -0.394011 -0.351784 -0.0174533 1.5243 -1.38148</i>
                        <i>0.161557 0.338656 -0.926937 0.739483 -0.663532 -0.113535 -0.653501 -0.667112 -0.357629 -0.0367057 1.4371 -1.50636</i>
                        <i>0.191791 0.183555 -0.964118 0.895294 -0.435174 0.0952484 -0.402076 -0.881437 -0.247798 -0.054453 1.31979 -1.67098</i>
                        <i>0.21816 0.0277854 -0.975517 0.967414 -0.137788 0.212424 -0.128512 -0.990072 -0.0569398 -0.0778515 1.17344 -1.82591</i>
                        <i>0.243943 -0.123839 -0.96185 0.959802 0.172805 0.221175 0.138822 -0.97714 0.161015 -0.102276 1.00299 -1.96751</i>
                        <i>0.276994 -0.242959 -0.929648 0.881622 0.449022 0.145334 0.382122 -0.859855 0.338575 -0.12479 0.874036 -2.08156</i>
                        <i>0.284158 -0.205766 -0.936437 0.778057 0.620213 0.0998167 0.560251 -0.756965 0.336336 -0.215406 1.05064 -2.15973</i>
                        <i>0.290697 -0.17179 -0.941267 0.641449 0.764932 0.058495 0.709957 -0.620779 0.332558 -0.303259 1.19274 -2.2358</i>
                        <i>0.298546 -0.139981 -0.944074 0.476212 0.879097 0.0202463 0.827099 -0.455624 0.329112 -0.386835 1.30304 -2.31102</i>
                        <i>0.305954 -0.108135 -0.945885 0.290426 0.956773 -0.0154387 0.906667 -0.269986 0.324134 -0.469031 1.38678 -2.38556</i>
                        <i>0.312903 -0.0766599 -0.946686 0.095776 0.994203 -0.0488514 0.944944 -0.0753841 0.318431 -0.54815 1.44308 -2.45822</i>
                        <i>0.319362 -0.0458127 -0.946525 -0.0976138 0.991927 -0.0809456 0.942592 0.118245 0.312312 -0.623633 1.47312 -2.52859</i>
                        <i>0.3254 -0.0148399 -0.94546 -0.285427 0.951695 -0.113174 0.901469 0.306687 0.305446 -0.697033 1.47847 -2.5981</i>
                        <i>0.33104 0.0166303 -0.94347 -0.461311 0.875071 -0.146438 0.823168 0.483709 0.297355 -0.768869 1.4594 -2.66722</i>
                        <i>0.336233 0.0484777 -0.94053 -0.61705 0.765797 -0.181119 0.711475 0.641252 0.287399 -0.838718 1.41594 -2.73546</i>
                        <i>0.340718 0.0800002 -0.936756 -0.744218 0.631796 -0.216732 0.5745 0.770995 0.274802 -0.905545 1.3499 -2.80145</i>
                        <i>0.344454 0.111766 -0.932127 -0.841292 0.477379 -0.253647 0.416629 0.87156 0.258463 -0.970829 1.26107 -2.86627</i>
                        <i>0.347402 0.143953 -0.926601 -0.905496 0.308305 -0.291592 0.2437 0.940333 0.237454 -1.03505 1.1495 -2.93009</i>
                        <i>0.349524 0.176354 -0.920181 -0.934771 0.132231 -0.329724 0.0635288 0.975405 0.211068 -1.09807 1.01598 -2.99244</i>
                        <i>0.350565 0.208594 -0.913013 -0.929369 -0.0429153 -0.366649 -0.115663 0.97706 0.178816 -1.16003 0.862122 -3.05291</i>
                        <i>0.351826 0.244883 -0.903466 -0.889338 -0.213691 -0.404245 -0.292055 0.94571 0.142602 -1.22195 0.666345 -3.11362</i>
                        <i>0.347789 0.264385 -0.899524 -0.821784 -0.375902 -0.428216 -0.451346 0.888143 0.0865329 -1.28368 0.529793 -3.16827</i>
                        <i>0.347141 0.230774 -0.908976 -0.73801 -0.530823 -0.416616 -0.578649 0.815457 -0.0139571 -1.32175 0.60533 -3.20062</i>
                        <i>0.34512 0.20126 -0.916726 -0.637168 -0.666929 -0.386294 -0.689137 0.717426 -0.101934 -1.36216 0.643158 -3.23344</i>
                        <i>0.343017 0.171978 -0.923451 -0.520038 -0.78392 -0.339161 -0.78224 0.596568 -0.179463 -1.40308 0.658486 -3.26586</i>
                        <i>0.340765 0.142682 -0.929258 -0.389092 -0.878391 -0.277554 -0.855855 0.456147 -0.243809 -1.44488 0.649663 -3.29836</i>
                        <i>0.338177 0.113237 -0.934245 -0.248862 -0.946634 -0.204822 -0.907582 0.301764 -0.291949 -1.48763 0.616294 -3.33096</i>
                        <i>0.335454 0.0846128 -0.938249 -0.105724 -0.986285 -0.126745 -0.936105 0.141712 -0.321908 -1.53036 0.559999 -3.363</i>
                        <i>0.332042 0.0548324 -0.941669 0.0402441 -0.998223 -0.043935 -0.942406 -0.0233083 -0.333659 -1.57434 0.471589 -3.39628</i>
                        <i>0.32966 0.0316562 -0.943569 0.18208 -0.982806 0.0306418 -0.926375 -0.181907 -0.329756 -1.61884 0.397293 -3.42563</i>
                        <i>0.325579 0.0249847 -0.945185 0.312688 -0.946249 0.082696 -0.892314 -0.322472 -0.315891 -1.66898 0.392538 -3.44782</i>
                        <i>0.321512 0.0315698 -0.946379 0.430639 -0.894981 0.116445 -0.843315 -0.444986 -0.301342 -1.72118 0.437598 -3.46318</i>
                        <i>0.316626 0.0391633 -0.947742 0.540896 -0.828236 0.14648 -0.779217 -0.559009 -0.283424 -1.77527 0.464556 -3.47835</i>
                        <i>0.311608 0.0459083 -0.949101 0.641204 -0.747296 0.174372 -0.701254 -0.662904 -0.2623 -1.82964 0.462768 -3.49382</i>
                        <i>0.306348 0.0521994 -0.950487 0.728817 -0.655177 0.198921 -0.612354 -0.75367 -0.238756 -1.88392 0.435478 -3.5092</i>
                        <i>0.301207 0.0591646 -0.951721 0.802559 -0.554719 0.219515 -0.51495 -0.829932 -0.214568 -1.93793 0.377605 -3.52401</i>
                        <i>0.294782 0.0564171 -0.953898 0.863028 -0.444274 0.240425 -0.410228 -0.894113 -0.179653 -1.9894 0.34184 -3.54151</i>
                        <i>0.288757 0.0446 -0.956363 0.907004 -0.332568 0.258344 -0.306534 -0.942024 -0.136484 -2.03422 0.340912 -3.56027</i>
                        <i>0.283048 0.0274963 -0.958711 0.935277 -0.229344 0.269552 -0.212463 -0.972957 -0.0906321 -2.07264 0.370507 -3.57898</i>
                        <i>0.277568 0.0132248 -0.960615 0.952065 -0.137592 0.273203 -0.12856 -0.990401 -0.0507819 -2.1109 0.388548 -3.59759</i>
                        <i>0.272573 0.000598793 -0.962135 0.960715 -0.0544825 0.272137 -0.0522566 -0.998515 -0.0154257 -2.14698 0.403571 -3.61504</i>
                        <i>0.267931 -0.010389 -0.963382 0.9633 0.0197975 0.267695 0.0162915 -0.99975 0.015312 -2.18058 0.415804 -3.63098</i>
                        <i>0.263578 -0.019689 -0.964437 0.961539 0.0854409 0.261042 0.0772627 -0.996149 0.0414521 -2.2115 0.425258 -3.6452</i>
                        <i>0.259541 -0.0273365 -0.965345 0.956705 0.143635 0.253151 0.131737 -0.989253 0.0634321 -2.23982 0.431672 -3.65768</i>
                        <i>0.255867 -0.0330946 -0.966145 0.949449 0.19663 0.24471 0.181875 -0.979919 0.0817329 -2.26579 0.437735 -3.66822</i>
                        <i>0.252685 -0.0354452 -0.966899 0.940721 0.242692 0.236947 0.22626 -0.969456 0.0946687 -2.28931 0.443671 -3.6769</i>
                        <i>0.249827 -0.0335025 -0.967711 0.9316 0.280822 0.230782 0.264022 -0.959175 0.101368 -2.311 0.448871 -3.68426</i>
                        <i>0.247105 -0.0275644 -0.968597 0.92292 0.311244 0.226595 0.295224 -0.94993 0.10235 -2.33203 0.45135 -3.69135</i>
                        <i>0.244474 -0.0173073 -0.969501 0.914868 0.335444 0.224709 0.321325 -0.941901 0.0978412 -2.35295 0.451362 -3.69834</i>
                        <i>0.241924 -0.00332609 -0.970289 0.906851 0.356437 0.224885 0.345099 -0.934313 0.0892472 -2.37264 0.452893 -3.70405</i>
                        <i>0.239483 0.0133418 -0.970809 0.898059 0.376947 0.226717 0.368968 -0.926139 0.0782905 -2.39024 0.457079 -3.70728</i>
                        <i>0.237148 0.0310378 -0.970977 0.887617 0.399301 0.229553 0.394837 -0.916294 0.0671439 -2.40536 0.46083 -3.70697</i>
                        <i>0.234712 0.050317 -0.970762 0.876109 0.421693 0.233684 0.421121 -0.905342 0.0548933 -2.42078 0.464404 -3.70322</i>
                        <i>0.23213 0.0711996 -0.970075 0.863422 0.444165 0.239208 0.447905 -0.893112 0.0416285 -2.43667 0.467736 -3.69665</i>
                        <i>0.229338 0.0937104 -0.968825 0.849438 0.466722 0.246221 0.475246 -0.879425 0.027436 -2.45312 0.470761 -3.68811</i>
                        <i>0.22626 0.117872 -0.966909 0.834037 0.489335 0.254821 0.503178 -0.864094 0.0124071 -2.47019 0.473407 -3.67877</i>
                        <i>0.222813 0.144715 -0.96406 0.81627 0.512962 0.265656 0.53297 -0.846125 -0.0038321 -2.4887 0.473867 -3.66825</i>
                        <i>0.218814 0.170936 -0.960677 0.797148 0.536481 0.277025 0.562739 -0.826419 -0.0188719 -2.50729 0.48413 -3.6579</i>
                        <i>0.2144 0.193807 -0.957325 0.77807 0.558607 0.287342 0.590457 -0.806472 -0.0310303 -2.52466 0.503498 -3.64884</i>
                        <i>0.209988 0.211078 -0.954647 0.760729 0.578081 0.29515 0.614163 -0.788206 -0.0391832 -2.53952 0.522645 -3.64196</i>
                        <i>0.205663 0.223782 -0.952693 0.744769 0.595729 0.300711 0.63484 -0.771381 -0.0441464 -2.55348 0.538394 -3.63703</i>
                        <i>0.201491 0.232215 -0.951566 0.730068 0.612057 0.303953 0.652995 -0.755952 -0.0462085 -2.56644 0.549432 -3.63416</i>
                        <i>0.197547 0.23648 -0.951342 0.716651 0.627326 0.304751 0.66887 -0.741983 -0.045547 -2.5783 0.55515 -3.63357</i>
                        <i>0.193898 0.236656 -0.952049 0.704567 0.641696 0.303005 0.682634 -0.729534 -0.0423169 -2.58894 0.555621 -3.63547</i>
                        <i>0.190442 0.232825 -0.95369 0.693428 0.655758 0.298561 0.694902 -0.718174 -0.0365639 -2.59877 0.550921 -3.63985</i>
                        <i>0.187194 0.224953 -0.956219 0.6832 0.669624 0.291277 0.70583 -0.707814 -0.0283385 -2.60783 0.541134 -3.64642</i>
                        <i>0.184164 0.213089 -0.959519 0.673811 0.683352 0.281085 0.715585 -0.6983 -0.0177331 -2.61615 0.526323 -3.65514</i>
                        <i>0.181343 0.197297 -0.963425 0.665155 0.696979 0.267933 0.72435 -0.689415 -0.00484127 -2.62377 0.506507 -3.66596</i>
                        <i>0.178639 0.177075 -0.967849 0.65704 0.710734 0.251306 0.732384 -0.680809 0.0106196 -2.63096 0.480498 -3.67884</i>
                        <i>0.176053 0.152454 -0.972503 0.649195 0.724656 0.231125 0.739967 -0.672035 0.0286057 -2.63783 0.450321 -3.6934</i>
                        <i>0.173068 0.127055 -0.97668 0.637068 0.741822 0.209391 0.751127 -0.658451 0.0474426 -2.64704 0.428506 -3.70808</i>
                        <i>0.16955 0.104773 -0.979936 0.616253 0.764686 0.188384 0.769081 -0.635829 0.0650853 -2.66048 0.425138 -3.72153</i>
                        <i>0.165677 0.0861253 -0.982412 0.59062 0.789101 0.168782 0.789759 -0.608195 0.0798684 -2.67529 0.421017 -3.73364</i>
                        <i>0.161463 0.0710684 -0.984317 0.560456 0.814352 0.150732 0.812292 -0.576004 0.0916567 -2.69249 0.416001 -3.74396</i>
                        <i>0.156949 0.0596642 -0.985803 0.525626 0.840012 0.134525 0.836112 -0.539277 0.100478 -2.71203 0.40925 -3.75247</i>
                        <i>0.152178 0.0518007 -0.986995 0.485565 0.865882 0.12031 0.860853 -0.497559 0.106616 -2.73371 0.400362 -3.75934</i>
                        <i>0.147093 0.0472137 -0.987995 0.438216 0.892372 0.107886 0.886753 -0.448825 0.110572 -2.75791 0.38937 -3.76478</i>
                        <i>0.141903 0.0457059 -0.988825 0.38198 0.919035 0.0972967 0.913211 -0.391518 0.112955 -2.78302 0.374849 -3.76971</i>
                        <i>0.136732 0.0472063 -0.989483 0.317169 0.944196 0.0888738 0.938461 -0.325985 0.11413 -2.80807 0.359507 -3.77416</i>
                        <i>0.13158 0.0514978 -0.989967 0.248663 0.965006 0.08325 0.959611 -0.257122 0.11417 -2.83235 0.348809 -3.7777</i>
                        <i>0.126455 0.0580629 -0.990272 0.19583 0.977178 0.0823021 0.97245 -0.204332 0.112199 -2.85523 0.357679 -3.77855</i>
                        <i>0.121539 0.0655469 -0.99042 0.153 0.984655 0.0839406 0.980724 -0.161737 0.109645 -2.87477 0.367189 -3.77824</i>
                        <i>0.11681 0.0737812 -0.99041 0.119465 0.988952 0.0877623 0.985943 -0.128571 0.106705 -2.89156 0.375139 -3.77696</i>
                        <i>0.112247 0.0827918 -0.990225 0.0941835 0.99115 0.0935453 0.989207 -0.103763 0.103456 -2.90592 0.3814 -3.77479</i>
                    </KeyFrames>
                </p>
            </i>
            <i>
                <p>
                    <Name>
                        <![CDATA[spine1]]>
</Name>
                    <Exclude>0</Exclude>
                    <Additive>0</Additive>
                    <IKPriority>0</IKPriority>
                    <IKRotLimits>-1e+010 -1e+010 -1e+010 1e+010 1e+010 1e+010</IKRotLimits>
                    <IKRotLimitOrder>0</IKRotLimitOrder>
                    <KeyFrames count="91">
                        <i>-0.0329136 0.999435 -0.00678053 -0.999457 -0.032902 0.00181193 0.00158781 0.00683649 0.999975 0.00781651 1.50924 -0.0388935</i>
                        <i>-0.0241843 0.995884 -0.087346 -0.986913 -0.0377171 -0.15678 -0.15943 0.0824113 0.983763 -0.000877348 1.62672 -0.182048</i>
                        <i>-0.0265557 0.968858 -0.246188 -0.898418 -0.131121 -0.41911 -0.438338 0.21005 0.873921 -0.0265284 1.71273 -0.43272</i>
                        <i>-0.00310907 0.903283 -0.429033 -0.691319 -0.311939 -0.651745 -0.722543 0.294572 0.625427 -0.0197734 1.7469 -0.716596</i>
                        <i>0.0278244 0.81925 -0.572761 -0.413378 -0.512263 -0.752799 -0.910134 0.257713 0.324407 -0.0090808 1.75761 -0.947949</i>
                        <i>0.0608705 0.705086 -0.706504 -0.0989691 -0.700065 -0.707187 -0.993227 0.112969 0.0271684 -0.00145866 1.72476 -1.17436</i>
                        <i>0.0980489 0.585826 -0.804484 0.214983 -0.80176 -0.55764 -0.971683 -0.118274 -0.204554 0.00760478 1.68102 -1.35741</i>
                        <i>0.138337 0.452801 -0.880815 0.504808 -0.797401 -0.330637 -0.852075 -0.398903 -0.338887 0.0134088 1.61016 -1.51893</i>
                        <i>0.177864 0.306159 -0.935217 0.732238 -0.676086 -0.0820671 -0.657413 -0.670205 -0.344433 -0.00577176 1.49902 -1.65769</i>
                        <i>0.216978 0.156061 -0.963621 0.887376 -0.442898 0.128081 -0.406798 -0.882885 -0.234584 -0.0237396 1.35419 -1.83319</i>
                        <i>0.249647 0.0091586 -0.968294 0.959049 -0.140503 0.245935 -0.133796 -0.990038 -0.0438598 -0.0479103 1.17763 -1.99492</i>
                        <i>0.278887 -0.131445 -0.951286 0.951046 0.175171 0.254612 0.133171 -0.975724 0.173863 -0.0725028 0.975315 -2.13819</i>
                        <i>0.312615 -0.239296 -0.919244 0.87222 0.455561 0.178033 0.37617 -0.857439 0.351134 -0.0927843 0.818987 -2.24891</i>
                        <i>0.318686 -0.194773 -0.927633 0.7688 0.625554 0.132773 0.554424 -0.755477 0.349097 -0.18471 0.999496 -2.32801</i>
                        <i>0.322592 -0.153914 -0.93394 0.632326 0.769264 0.0916365 0.704343 -0.620116 0.345482 -0.273194 1.14443 -2.40462</i>
                        <i>0.326364 -0.115872 -0.938115 0.467134 0.882566 0.0535015 0.82175 -0.455687 0.342166 -0.356298 1.2568 -2.48004</i>
                        <i>0.328458 -0.078767 -0.941228 0.28135 0.959438 0.0178913 0.901641 -0.270692 0.337297 -0.437222 1.34249 -2.55456</i>
                        <i>0.32921 -0.0432992 -0.943264 0.0866483 0.996119 -0.0154842 0.940273 -0.0766346 0.331684 -0.514287 1.40081 -2.62702</i>
                        <i>0.328947 -0.00984447 -0.944297 -0.106853 0.993136 -0.0475761 0.938284 0.116551 0.325637 -0.58703 1.43306 -2.69699</i>
                        <i>0.327915 0.0223515 -0.944443 -0.294839 0.952206 -0.0798344 0.89752 0.304638 0.318833 -0.657057 1.44102 -2.76592</i>
                        <i>0.326378 0.0536271 -0.943717 -0.470957 0.874868 -0.113162 0.819559 0.481384 0.310793 -0.724962 1.42516 -2.83425</i>
                        <i>0.324622 0.0838787 -0.942117 -0.62699 0.764851 -0.147943 0.70817 0.638724 0.300878 -0.790467 1.3856 -2.90148</i>
                        <i>0.322793 0.112562 -0.939752 -0.754491 0.63008 -0.183688 0.571443 0.768328 0.288313 -0.852808 1.32412 -2.96622</i>
                        <i>0.320964 0.140375 -0.936631 -0.851929 0.474844 -0.220772 0.413763 0.868803 0.271997 -0.913568 1.24063 -3.02956</i>
                        <i>0.319273 0.167658 -0.932714 -0.916517 0.304885 -0.258924 0.24096 0.937516 0.251003 -0.973375 1.1352 -3.09161</i>
                        <i>0.317862 0.194441 -0.927985 -0.946183 0.127862 -0.297304 0.0608456 0.972545 0.22462 -1.03226 1.00858 -3.15192</i>
                        <i>0.316583 0.220629 -0.92255 -0.941152 -0.048292 -0.334515 -0.118356 0.974162 0.192357 -1.09056 0.862233 -3.2101</i>
                        <i>0.31676 0.250553 -0.914815 -0.901516 -0.220278 -0.372486 -0.294841 0.942709 0.156102 -1.1491 0.675357 -3.26798</i>
                        <i>0.312833 0.263629 -0.912488 -0.834159 -0.383173 -0.396683 -0.454218 0.885256 0.100039 -1.20902 0.544909 -3.32059</i>
                        <i>0.313301 0.22367 -0.922938 -0.750649 -0.536974 -0.384949 -0.581695 0.813407 -0.000336345 -1.24536 0.616525 -3.3529</i>
                        <i>0.313221 0.188102 -0.930865 -0.650002 -0.672159 -0.35454 -0.69238 0.716114 -0.0882679 -1.28476 0.651578 -3.38574</i>
                        <i>0.313866 0.153107 -0.937041 -0.533042 -0.788292 -0.307347 -0.785719 0.595949 -0.165806 -1.32515 0.664476 -3.4183</i>
                        <i>0.315112 0.118603 -0.941615 -0.402234 -0.881953 -0.245696 -0.8596 0.456171 -0.230208 -1.36693 0.653434 -3.45113</i>
                        <i>0.316649 0.0846611 -0.944757 -0.262095 -0.949423 -0.172924 -0.911614 0.302372 -0.278444 -1.41023 0.617893 -3.4843</i>
                        <i>0.318477 0.0524478 -0.946479 -0.119001 -0.988357 -0.0948107 -0.940431 0.142827 -0.308527 -1.454 0.55948 -3.51711</i>
                        <i>0.320024 0.0199679 -0.947199 0.0269855 -0.999564 -0.0119544 -0.947025 -0.021735 -0.320423 -1.49961 0.468619 -3.55144</i>
                        <i>0.322769 -0.00487725 -0.946465 0.168849 -0.983649 0.0626507 -0.931295 -0.180031 -0.316668 -1.54594 0.392818 -3.5818</i>
                        <i>0.323682 -0.0122464 -0.946087 0.299582 -0.947144 0.114755 -0.897486 -0.320575 -0.302904 -1.5985 0.389239 -3.60496</i>
                        <i>0.324379 -0.00560713 -0.945911 0.417694 -0.896362 0.148552 -0.848711 -0.443288 -0.288419 -1.65333 0.437574 -3.62108</i>
                        <i>0.324203 0.00269344 -0.945984 0.528173 -0.830131 0.17865 -0.784809 -0.557562 -0.270554 -1.71044 0.46772 -3.63708</i>
                        <i>0.323746 0.0107783 -0.946083 0.628739 -0.749665 0.206612 -0.707019 -0.661729 -0.249478 -1.76804 0.468654 -3.65344</i>
                        <i>0.322761 0.0189796 -0.94629 0.716646 -0.657988 0.231237 -0.618259 -0.752789 -0.225974 -1.82573 0.443659 -3.66973</i>
                        <i>0.321535 0.0283455 -0.946473 0.790702 -0.557972 0.251906 -0.520966 -0.829375 -0.20182 -1.88318 0.387865 -3.68541</i>
                        <i>0.318668 0.0285196 -0.947437 0.851552 -0.447618 0.272943 -0.416306 -0.89377 -0.166927 -1.93838 0.351993 -3.70417</i>
                        <i>0.315617 0.0199015 -0.948678 0.895903 -0.335659 0.291018 -0.312641 -0.941773 -0.12377 -1.98671 0.348879 -3.72437</i>
                        <i>0.312205 0.00594469 -0.949996 0.92453 -0.231963 0.302385 -0.218566 -0.972706 -0.0779162 -2.02828 0.374999 -3.74452</i>
                        <i>0.308482 -0.00538966 -0.951215 0.941654 -0.139804 0.306174 -0.134634 -0.990165 -0.0380519 -2.06936 0.389936 -3.76429</i>
                        <i>0.304857 -0.015248 -0.952276 0.950613 -0.0563233 0.305227 -0.0582894 -0.998296 -0.00267567 -2.10796 0.402055 -3.78272</i>
                        <i>0.301266 -0.0236781 -0.953246 0.953484 0.0182899 0.300887 0.0103103 -0.999552 0.0280868 -2.14381 0.411633 -3.79947</i>
                        <i>0.297708 -0.0306526 -0.954165 0.951988 0.0842223 0.294323 0.0713402 -0.995975 0.0542545 -2.17675 0.418729 -3.81435</i>
                        <i>0.294268 -0.0361871 -0.955037 0.947397 0.142658 0.286509 0.125876 -0.98911 0.0762634 -2.20687 0.423095 -3.82738</i>
                        <i>0.291047 -0.0399789 -0.955873 0.940366 0.195839 0.278135 0.176077 -0.979821 0.0945932 -2.23448 0.427467 -3.83836</i>
                        <i>0.288186 -0.0405896 -0.956714 0.931836 0.241974 0.270426 0.220523 -0.969433 0.107556 -2.25941 0.4324 -3.84738</i>
                        <i>0.285543 -0.0371866 -0.957644 0.922889 0.280032 0.264306 0.258343 -0.95927 0.11428 -2.28232 0.43749 -3.85499</i>
                        <i>0.28296 -0.0300719 -0.95866 0.914366 0.310248 0.260154 0.2896 -0.95018 0.115285 -2.30442 0.440709 -3.86223</i>
                        <i>0.280417 -0.0188733 -0.959693 0.906458 0.334094 0.258292 0.315753 -0.942351 0.110793 -2.3263 0.442365 -3.86929</i>
                        <i>0.277925 -0.00407015 -0.960594 0.898579 0.354605 0.258479 0.339579 -0.935007 0.102211 -2.34688 0.446294 -3.875</i>
                        <i>0.275514 0.0134093 -0.961203 0.889921 0.37454 0.260307 0.3635 -0.927114 0.0912581 -2.36535 0.453388 -3.87812</i>
                        <i>0.273183 0.0320032 -0.96143 0.879614 0.396287 0.263127 0.389423 -0.917569 0.0801084 -2.38134 0.4602 -3.87764</i>
                        <i>0.270718 0.0521961 -0.961243 0.868246 0.418019 0.267226 0.415766 -0.906938 0.0678463 -2.39767 0.467118 -3.87365</i>
                        <i>0.268073 0.0740119 -0.960551 0.855705 0.439778 0.272698 0.442612 -0.895052 0.0545604 -2.41448 0.47408 -3.86673</i>
                        <i>0.265183 0.0974781 -0.959258 0.841877 0.461569 0.279637 0.470022 -0.881733 0.0403355 -2.4319 0.481019 -3.85772</i>
                        <i>0.261965 0.122619 -0.957256 0.826644 0.48336 0.288137 0.49803 -0.866792 0.0252613 -2.44999 0.487866 -3.84779</i>
                        <i>0.258323 0.150511 -0.954262 0.809062 0.506078 0.298837 0.527909 -0.849254 0.00895876 -2.46962 0.492986 -3.83648</i>
                        <i>0.254083 0.177803 -0.950699 0.790145 0.528712 0.310055 0.557775 -0.82997 -0.00615323 -2.48941 0.507757 -3.82526</i>
                        <i>0.249399 0.201701 -0.947162 0.771283 0.550071 0.320227 0.585597 -0.810394 -0.0183812 -2.50803 0.53099 -3.8154</i>
                        <i>0.244723 0.219889 -0.94433 0.754148 0.56897 0.327922 0.609402 -0.792415 -0.0265888 -2.52408 0.552973 -3.8079</i>
                        <i>0.240139 0.233429 -0.942255 0.738386 0.586199 0.333403 0.630175 -0.77581 -0.0315916 -2.53915 0.570717 -3.80254</i>
                        <i>0.235715 0.242636 -0.941045 0.723872 0.602254 0.3366 0.64842 -0.760538 -0.0336768 -2.55317 0.582962 -3.79944</i>
                        <i>0.231532 0.247621 -0.940785 0.710628 0.617393 0.337392 0.66438 -0.746666 -0.0330203 -2.56599 0.589118 -3.79882</i>
                        <i>0.22766 0.248468 -0.941506 0.698703 0.631771 0.335677 0.678221 -0.734254 -0.0297766 -2.57752 0.589273 -3.80091</i>
                        <i>0.223993 0.245284 -0.943219 0.687714 0.645978 0.331303 0.690562 -0.722875 -0.023991 -2.58817 0.583506 -3.80568</i>
                        <i>0.220546 0.238042 -0.945883 0.677624 0.660127 0.324126 0.701559 -0.712439 -0.0157142 -2.598 0.571893 -3.81285</i>
                        <i>0.217331 0.226794 -0.949385 0.668364 0.674275 0.314074 0.711376 -0.702793 -0.00504009 -2.60702 0.554501 -3.82233</i>
                        <i>0.214335 0.211608 -0.953563 0.659827 0.688457 0.301089 0.7202 -0.693721 0.00793554 -2.6153 0.531358 -3.83407</i>
                        <i>0.211465 0.191996 -0.958342 0.651826 0.702919 0.284654 0.72829 -0.684866 0.0234953 -2.62311 0.501171 -3.84797</i>
                        <i>0.208716 0.167996 -0.963439 0.644089 0.717701 0.264679 0.735926 -0.675783 0.0415915 -2.63056 0.465961 -3.86363</i>
                        <i>0.205469 0.143398 -0.968101 0.632093 0.73576 0.243138 0.747155 -0.661887 0.0605355 -2.64048 0.438845 -3.87932</i>
                        <i>0.201486 0.122238 -0.971834 0.611445 0.759422 0.222289 0.765205 -0.639011 0.0782708 -2.65478 0.43056 -3.89359</i>
                        <i>0.197018 0.104833 -0.974779 0.586 0.78452 0.202812 0.785995 -0.611178 0.0931327 -2.67056 0.422114 -3.90633</i>
                        <i>0.19208 0.0911097 -0.977141 0.556042 0.810336 0.18486 0.808655 -0.578839 0.104989 -2.68878 0.413373 -3.9171</i>
