<?xml version="1.0" encoding="ISO-8859-1" ?>
<Animl Version="1">
    <ModellingPackage>
        <![CDATA[Maya.2010]]>
</ModellingPackage>
    <SrcFile>
        <![CDATA[anims\characters\shared\base_soldier\~src\infantry\death_toyspin2.mb]]>
</SrcFile>
    <FramesPerSecond>30</FramesPerSecond>
    <TotalFrames>135</TotalFrames>
    <Skeleton>
        <RefFrame>
            <Name>
                <![CDATA[soldier_ref_frame]]>
</Name>
            <Exclude>0</Exclude>
            <Additive>0</Additive>
            <IKPriority>0</IKPriority>
            <IKRotLimits>-1e+010 -1e+010 -1e+010 1e+010 1e+010 1e+010</IKRotLimits>
            <IKRotLimitOrder>0</IKRotLimitOrder>
            <KeyFrames count="135">
                <i>1 0 0 0 1 0 0 0 1 0 0 0</i>
                <i>1 0 0 0 1 0 0 0 1 -0.027182 0.194047 0.0197043</i>
                <i>1 0 0 0 1 0 0 0 1 -0.0329781 0.333114 0.052743</i>
                <i>1 0 0 0 1 0 0 0 1 -0.0147474 0.414852 0.0800907</i>
                <i>1 0 0 0 1 0 0 0 1 0.0167319 0.441252 0.0876525</i>
                <i>1 0 0 0 1 0 0 0 1 0.0447003 0.413165 0.0723661</i>
                <i>1 0 0 0 1 0 0 0 1 0.0553738 0.331406 0.0427304</i>
                <i>1 0 0 0 1 0 0 0 1 0.0440509 0.196024 0.0136608</i>
                <i>1 0 0 0 1 0 0 0 1 0.016961 0.00888475 -0.000542883</i>
                <i>1 0 0 0 1 0 0 0 1 0.0319895 -0.0256162 -0.0332726</i>
                <i>1 0 0 0 1 0 0 0 1 0.080683 0.00968628 -0.0734146</i>
                <i>1 0 0 0 1 0 0 0 1 0.142331 -0.010778 -0.106329</i>
                <i>1 0 0 0 1 0 0 0 1 0.203966 -0.0383201 -0.148552</i>
                <i>1 0 0 0 1 0 0 0 1 0.249611 -0.0302901 -0.213161</i>
                <i>1 0 0 0 1 0 0 0 1 0.286877 -0.0349039 -0.278749</i>
                <i>1 0 0 0 1 0 0 0 1 0.301797 -0.0282905 -0.336874</i>
                <i>1 0 0 0 1 0 0 0 1 0.296657 -0.0240057 -0.389669</i>
                <i>1 0 0 0 1 0 0 0 1 0.27345 -0.0241826 -0.433544</i>
                <i>1 0 0 0 1 0 0 0 1 0.231292 -0.0236794 -0.462555</i>
                <i>1 0 0 0 1 0 0 0 1 0.171162 -0.0134605 -0.468606</i>
                <i>1 0 0 0 1 0 0 0 1 0.100977 -0.00512297 -0.453869</i>
                <i>1 0 0 0 1 0 0 0 1 0.0297107 -0.00691469 -0.422593</i>
                <i>1 0 0 0 1 0 0 0 1 -0.0321427 -0.0145667 -0.375771</i>
                <i>1 0 0 0 1 0 0 0 1 -0.0968323 0.000651287 -0.313859</i>
                <i>1 0 0 0 1 0 0 0 1 -0.160638 0.00952459 -0.244798</i>
                <i>1 0 0 0 1 0 0 0 1 -0.215232 0.00880364 -0.171667</i>
                <i>1 0 0 0 1 0 0 0 1 -0.253667 0.00476175 -0.0947504</i>
                <i>1 0 0 0 1 0 0 0 1 -0.281531 -0.00371325 -0.0168322</i>
                <i>1 0 0 0 1 0 0 0 1 -0.316519 0.00843444 0.0498642</i>
                <i>1 0 0 0 1 0 0 0 1 -0.356083 0.0204574 0.115184</i>
                <i>1 0 0 0 1 0 0 0 1 -0.391952 0.0250232 0.184323</i>
                <i>1 0 0 0 1 0 0 0 1 -0.422056 0.0290187 0.260562</i>
                <i>1 0 0 0 1 0 0 0 1 -0.451795 0.025382 0.335405</i>
                <i>1 0 0 0 1 0 0 0 1 -0.478353 0.0335695 0.406947</i>
                <i>1 0 0 0 1 0 0 0 1 -0.499611 0.0464206 0.484258</i>
                <i>1 0 0 0 1 0 0 0 1 -0.515736 0.0544721 0.559733</i>
                <i>1 0 0 0 1 0 0 0 1 -0.52405 0.0611348 0.636639</i>
                <i>1 0 0 0 1 0 0 0 1 -0.52722 0.0578502 0.71108</i>
                <i>1 0 0 0 1 0 0 0 1 -0.526617 0.0541435 0.785115</i>
                <i>1 0 0 0 1 0 0 0 1 -0.527079 0.0797805 0.862762</i>
                <i>1 0 0 0 1 0 0 0 1 -0.514353 0.102332 0.939103</i>
                <i>1 0 0 0 1 0 0 0 1 -0.490234 0.127511 1.01901</i>
                <i>1 0 0 0 1 0 0 0 1 -0.458073 0.141176 1.09385</i>
                <i>1 0 0 0 1 0 0 0 1 -0.418402 0.142039 1.16373</i>
                <i>1 0 0 0 1 0 0 0 1 -0.369531 0.138412 1.22387</i>
                <i>1 0 0 0 1 0 0 0 1 -0.319541 0.144203 1.27987</i>
                <i>1 0 0 0 1 0 0 0 1 -0.276565 0.166945 1.33434</i>
                <i>1 0 0 0 1 0 0 0 1 -0.223044 0.184686 1.3786</i>
                <i>1 0 0 0 1 0 0 0 1 -0.160954 0.197935 1.41566</i>
                <i>1 0 0 0 1 0 0 0 1 -0.0944173 0.197501 1.44571</i>
                <i>1 0 0 0 1 0 0 0 1 -0.0234908 0.181889 1.46969</i>
                <i>1 0 0 0 1 0 0 0 1 0.0444337 0.159264 1.48631</i>
                <i>1 0 0 0 1 0 0 0 1 0.111842 0.177377 1.50286</i>
                <i>1 0 0 0 1 0 0 0 1 0.191481 0.305455 1.54139</i>
                <i>1 0 0 0 1 0 0 0 1 0.271412 0.3719 1.57627</i>
                <i>1 0 0 0 1 0 0 0 1 0.361744 0.433579 1.60765</i>
                <i>1 0 0 0 1 0 0 0 1 0.447681 0.485941 1.64055</i>
                <i>1 0 0 0 1 0 0 0 1 0.528589 0.528166 1.67507</i>
                <i>1 0 0 0 1 0 0 0 1 0.606545 0.549391 1.70939</i>
                <i>1 0 0 0 1 0 0 0 1 0.68359 0.549564 1.74378</i>
                <i>1 0 0 0 1 0 0 0 1 0.758551 0.529675 1.7776</i>
                <i>1 0 0 0 1 0 0 0 1 0.832896 0.489553 1.81124</i>
                <i>1 0 0 0 1 0 0 0 1 0.905447 0.429303 1.84368</i>
                <i>1 0 0 0 1 0 0 0 1 0.97648 0.348149 1.87433</i>
                <i>1 0 0 0 1 0 0 0 1 1.04064 0.275798 1.90945</i>
                <i>1 0 0 0 1 0 0 0 1 1.09778 0.222703 1.9477</i>
                <i>1 0 0 0 1 0 0 0 1 1.15515 0.164822 1.98172</i>
                <i>1 0 0 0 1 0 0 0 1 1.20207 0.149466 2.00817</i>
                <i>1 0 0 0 1 0 0 0 1 1.23598 0.150432 2.02713</i>
                <i>1 0 0 0 1 0 0 0 1 1.26106 0.153809 2.04283</i>
                <i>1 0 0 0 1 0 0 0 1 1.28624 0.154704 2.05536</i>
                <i>1 0 0 0 1 0 0 0 1 1.31154 0.158478 2.06657</i>
                <i>1 0 0 0 1 0 0 0 1 1.33734 0.162103 2.07519</i>
                <i>1 0 0 0 1 0 0 0 1 1.36421 0.163685 2.08023</i>
                <i>1 0 0 0 1 0 0 0 1 1.39217 0.163012 2.08198</i>
                <i>1 0 0 0 1 0 0 0 1 1.42182 0.159657 2.08058</i>
                <i>1 0 0 0 1 0 0 0 1 1.45339 0.154713 2.07649</i>
                <i>1 0 0 0 1 0 0 0 1 1.49956 0.181412 2.07885</i>
                <i>1 0 0 0 1 0 0 0 1 1.55298 0.198842 2.07867</i>
                <i>1 0 0 0 1 0 0 0 1 1.61299 0.213701 2.07899</i>
                <i>1 0 0 0 1 0 0 0 1 1.67617 0.22092 2.07876</i>
                <i>1 0 0 0 1 0 0 0 1 1.74239 0.215709 2.07768</i>
                <i>1 0 0 0 1 0 0 0 1 1.80637 0.233568 2.08237</i>
                <i>1 0 0 0 1 0 0 0 1 1.8644 0.248371 2.09356</i>
                <i>1 0 0 0 1 0 0 0 1 1.91976 0.251339 2.10461</i>
                <i>1 0 0 0 1 0 0 0 1 1.97115 0.241691 2.11686</i>
                <i>1 0 0 0 1 0 0 0 1 2.01614 0.233497 2.12713</i>
                <i>1 0 0 0 1 0 0 0 1 2.05047 0.234767 2.13229</i>
                <i>1 0 0 0 1 0 0 0 1 2.07992 0.238851 2.13596</i>
                <i>1 0 0 0 1 0 0 0 1 2.10953 0.238479 2.14118</i>
                <i>1 0 0 0 1 0 0 0 1 2.13361 0.233388 2.14643</i>
                <i>1 0 0 0 1 0 0 0 1 2.15302 0.232711 2.14913</i>
                <i>1 0 0 0 1 0 0 0 1 2.17248 0.230083 2.15201</i>
                <i>1 0 0 0 1 0 0 0 1 2.19047 0.228388 2.15406</i>
                <i>1 0 0 0 1 0 0 0 1 2.20825 0.226476 2.15588</i>
                <i>1 0 0 0 1 0 0 0 1 2.2249 0.224317 2.15745</i>
                <i>1 0 0 0 1 0 0 0 1 2.23992 0.222619 2.15853</i>
                <i>1 0 0 0 1 0 0 0 1 2.25386 0.222121 2.15917</i>
                <i>1 0 0 0 1 0 0 0 1 2.26741 0.221264 2.15969</i>
                <i>1 0 0 0 1 0 0 0 1 2.28055 0.220102 2.16011</i>
                <i>1 0 0 0 1 0 0 0 1 2.29377 0.218709 2.16047</i>
                <i>1 0 0 0 1 0 0 0 1 2.3073 0.216872 2.16079</i>
                <i>1 0 0 0 1 0 0 0 1 2.32177 0.21436 2.16107</i>
                <i>1 0 0 0 1 0 0 0 1 2.33724 0.211056 2.16131</i>
                <i>1 0 0 0 1 0 0 0 1 2.35387 0.206627 2.16151</i>
                <i>1 0 0 0 1 0 0 0 1 2.37163 0.20002 2.1616</i>
                <i>1 0 0 0 1 0 0 0 1 2.39184 0.190682 2.16144</i>
                <i>1 0 0 0 1 0 0 0 1 2.41322 0.190304 2.16062</i>
                <i>1 0 0 0 1 0 0 0 1 2.4315 0.19811 2.15797</i>
                <i>1 0 0 0 1 0 0 0 1 2.44896 0.20826 2.15412</i>
                <i>1 0 0 0 1 0 0 0 1 2.46902 0.216812 2.14901</i>
                <i>1 0 0 0 1 0 0 0 1 2.49412 0.217583 2.14533</i>
                <i>1 0 0 0 1 0 0 0 1 2.52033 0.22139 2.13978</i>
                <i>1 0 0 0 1 0 0 0 1 2.54593 0.230443 2.13421</i>
                <i>1 0 0 0 1 0 0 0 1 2.56482 0.258715 2.13192</i>
                <i>1 0 0 0 1 0 0 0 1 2.57905 0.269731 2.13213</i>
                <i>1 0 0 0 1 0 0 0 1 2.59141 0.262562 2.13335</i>
                <i>1 0 0 0 1 0 0 0 1 2.60309 0.23692 2.13441</i>
                <i>1 0 0 0 1 0 0 0 1 2.60667 0.228648 2.13781</i>
                <i>1 0 0 0 1 0 0 0 1 2.60727 0.228208 2.13915</i>
                <i>1 0 0 0 1 0 0 0 1 2.6072 0.228263 2.13732</i>
                <i>1 0 0 0 1 0 0 0 1 2.6038 0.234442 2.1329</i>
                <i>1 0 0 0 1 0 0 0 1 2.59446 0.233455 2.12943</i>
                <i>1 0 0 0 1 0 0 0 1 2.58336 0.228073 2.12732</i>
                <i>1 0 0 0 1 0 0 0 1 2.57035 0.227566 2.12321</i>
                <i>1 0 0 0 1 0 0 0 1 2.55219 0.224566 2.11814</i>
                <i>1 0 0 0 1 0 0 0 1 2.53347 0.232005 2.11403</i>
                <i>1 0 0 0 1 0 0 0 1 2.52048 0.239588 2.11276</i>
                <i>1 0 0 0 1 0 0 0 1 2.5095 0.232068 2.11191</i>
                <i>1 0 0 0 1 0 0 0 1 2.50321 0.222633 2.11253</i>
                <i>1 0 0 0 1 0 0 0 1 2.5067 0.226071 2.11225</i>
                <i>1 0 0 0 1 0 0 0 1 2.50945 0.226246 2.11274</i>
                <i>1 0 0 0 1 0 0 0 1 2.50642 0.223398 2.11276</i>
                <i>1 0 0 0 1 0 0 0 1 2.50092 0.224911 2.11144</i>
                <i>1 0 0 0 1 0 0 0 1 2.50067 0.223017 2.11188</i>
            </KeyFrames>
        </RefFrame>
        <Bones count="23">
            <i>
                <p>
                    <Name>
                        <![CDATA[pelvis]]>
</Name>
                    <Exclude>0</Exclude>
                    <Additive>0</Additive>
                    <IKPriority>0</IKPriority>
                    <IKRotLimits>-1e+010 -1e+010 -1e+010 1e+010 1e+010 1e+010</IKRotLimits>
                    <IKRotLimitOrder>2</IKRotLimitOrder>
                    <KeyFrames count="135">
                        <i>1 0 0 0 1 0 0 0 1 5.6976e-018 1.20067 9.4474e-018</i>
                        <i>1 0 0 0 1 0 0 0 1 -0.027182 1.39471 0.0197043</i>
                        <i>1 0 0 0 1 0 0 0 1 -0.0329781 1.53378 0.052743</i>
                        <i>1 0 0 0 1 0 0 0 1 -0.0147474 1.61552 0.0800907</i>
                        <i>1 0 0 0 1 0 0 0 1 0.0167319 1.64192 0.0876525</i>
                        <i>1 0 0 0 1 0 0 0 1 0.0447003 1.61383 0.0723661</i>
                        <i>1 0 0 0 1 0 0 0 1 0.0553738 1.53207 0.0427304</i>
                        <i>1 0 0 0 1 0 0 0 1 0.0440509 1.39669 0.0136608</i>
                        <i>1 0 0 0 1 0 0 0 1 0.0170432 1.20955 -0.000692903</i>
                        <i>1 0 0 0 1 0 0 0 1 0.0282003 1.17481 -0.0102583</i>
                        <i>1 0 0 0 1 0 0 0 1 0.0736101 1.20885 -0.0154515</i>
                        <i>1 0 0 0 1 0 0 0 1 0.135909 1.18979 -0.119817</i>
                        <i>1 0 0 0 1 0 0 0 1 0.200002 1.15478 -0.017975</i>
                        <i>1 0 0 0 1 0 0 0 1 0.261913 1.15824 -0.0483418</i>
                        <i>1 0 0 0 1 0 0 0 1 0.318592 1.1489 -0.0867577</i>
                        <i>1 0 0 0 1 0 0 0 1 0.358632 1.15116 -0.126342</i>
                        <i>1 0 0 0 1 0 0 0 1 0.381568 1.15172 -0.169212</i>
                        <i>1 0 0 0 1 0 0 0 1 0.385303 1.14676 -0.20149</i>
                        <i>1 0 0 0 1 0 0 0 1 0.371491 1.14322 -0.226751</i>
                        <i>1 0 0 0 1 0 0 0 1 0.342451 1.14881 -0.231869</i>
                        <i>1 0 0 0 1 0 0 0 1 0.304418 1.15275 -0.222366</i>
                        <i>1 0 0 0 1 0 0 0 1 0.264597 1.14646 -0.199891</i>
                        <i>1 0 0 0 1 0 0 0 1 0.231761 1.13446 -0.164758</i>
                        <i>1 0 0 0 1 0 0 0 1 0.198609 1.14443 -0.118478</i>
                        <i>1 0 0 0 1 0 0 0 1 0.166797 1.14714 -0.0673973</i>
                        <i>1 0 0 0 1 0 0 0 1 0.142731 1.14089 -0.0222616</i>
                        <i>1 0 0 0 1 0 0 0 1 0.130697 1.13107 0.0275752</i>
                        <i>1 0 0 0 1 0 0 0 1 0.126606 1.1166 0.0767405</i>
                        <i>1 0 0 0 1 0 0 0 1 0.116792 1.12082 0.114518</i>
                        <i>1 0 0 0 1 0 0 0 1 0.102537 1.12347 0.14768</i>
                        <i>1 0 0 0 1 0 0 0 1 0.0894685 1.11813 0.181596</i>
                        <i>1 0 0 0 1 0 0 0 1 0.0787137 1.1121 0.222828</i>
                        <i>1 0 0 0 1 0 0 0 1 0.068756 1.09908 0.323099</i>
                        <i>1 0 0 0 1 0 0 0 1 0.0573926 1.09261 0.291476</i>
                        <i>1 0 0 0 1 0 0 0 1 0.0511275 1.09166 0.328807</i>
                        <i>1 0 0 0 1 0 0 0 1 0.0482352 1.08502 0.3651</i>
                        <i>1 0 0 0 1 0 0 0 1 0.0516996 1.07577 0.402594</i>
                        <i>1 0 0 0 1 0 0 0 1 0.0596792 1.05531 0.439061</i>
                        <i>1 0 0 0 1 0 0 0 1 0.0724767 1.03182 0.475506</i>
                        <i>1 0 0 0 1 0 0 0 1 0.0868541 1.03227 0.512098</i>
                        <i>1 0 0 0 1 0 0 0 1 0.112679 1.02734 0.546047</i>
                        <i>1 0 0 0 1 0 0 0 1 0.148415 1.02105 0.580099</i>
                        <i>1 0 0 0 1 0 0 0 1 0.190681 1.00033 0.608949</i>
                        <i>1 0 0 0 1 0 0 0 1 0.239426 0.963209 0.632868</i>
                        <i>1 0 0 0 1 0 0 0 1 0.296476 0.918028 0.647909</i>
                        <i>1 0 0 0 1 0 0 0 1 0.355407 0.874372 0.65735</i>
                        <i>1 0 0 0 1 0 0 0 1 0.407581 0.837159 0.663029</i>
                        <i>1 0 0 0 1 0 0 0 1 0.466481 0.789163 0.658923</i>
                        <i>1 0 0 0 1 0 0 0 1 0.529655 0.729498 0.648106</i>
                        <i>1 0 0 0 1 0 0 0 1 0.59279 0.649808 0.632821</i>
                        <i>1 0 0 0 1 0 0 0 1 0.655298 0.547138 0.614484</i>
                        <i>1 0 0 0 1 0 0 0 1 0.710293 0.429576 0.594176</i>
                        <i>1 0 0 0 1 0 0 0 1 0.759707 0.350236 0.581343</i>
                        <i>1 0 0 0 1 0 0 0 1 0.818438 0.405802 0.600334</i>
                        <i>1 0 0 0 1 0 0 0 1 0.873467 0.399678 0.619505</i>
                        <i>1 0 0 0 1 0 0 0 1 0.939395 0.410087 0.639517</i>
                        <i>1 0 0 0 1 0 0 0 1 1.00018 0.42739 0.661794</i>
                        <i>1 0 0 0 1 0 0 0 1 1.0555 0.449437 0.685112</i>
                        <i>1 0 0 0 1 0 0 0 1 1.10842 0.462118 0.707807</i>
                        <i>1 0 0 0 1 0 0 0 1 1.16109 0.464954 0.729941</i>
                        <i>1 0 0 0 1 0 0 0 1 1.21272 0.458907 0.751111</i>
                        <i>1 0 0 0 1 0 0 0 1 1.26415 0.444094 0.77181</i>
                        <i>1 0 0 0 1 0 0 0 1 1.31431 0.420216 0.791888</i>
                        <i>1 0 0 0 1 0 0 0 1 1.36314 0.386236 0.811733</i>
                        <i>1 0 0 0 1 0 0 0 1 1.40472 0.370386 0.838739</i>
                        <i>1 0 0 0 1 0 0 0 1 1.43885 0.376669 0.872462</i>
                        <i>1 0 0 0 1 0 0 0 1 1.47292 0.380793 0.906007</i>
                        <i>1 0 0 0 1 0 0 0 1 1.49899 0.421345 0.935561</i>
                        <i>1 0 0 0 1 0 0 0 1 1.51525 0.466899 0.959135</i>
                        <i>1 0 0 0 1 0 0 0 1 1.52539 0.503065 0.979132</i>
                        <i>1 0 0 0 1 0 0 0 1 1.53654 0.527078 0.994606</i>
                        <i>1 0 0 0 1 0 0 0 1 1.54886 0.543125 1.0064</i>
                        <i>1 0 0 0 1 0 0 0 1 1.56245 0.549546 1.01319</i>
                        <i>1 0 0 0 1 0 0 0 1 1.57771 0.545017 1.01404</i>
                        <i>1 0 0 0 1 0 0 0 1 1.59469 0.529445 1.00941</i>
                        <i>1 0 0 0 1 0 0 0 1 1.61374 0.502237 0.999752</i>
                        <i>1 0 0 0 1 0 0 0 1 1.63504 0.46499 0.986246</i>
                        <i>1 0 0 0 1 0 0 0 1 1.67106 0.458533 0.980183</i>
                        <i>1 0 0 0 1 0 0 0 1 1.71448 0.446844 0.973383</i>
                        <i>1 0 0 0 1 0 0 0 1 1.76457 0.435942 0.96845</i>
                        <i>1 0 0 0 1 0 0 0 1 1.81785 0.420376 0.964028</i>
                        <i>1 0 0 0 1 0 0 0 1 1.87426 0.39478 0.959556</i>
                        <i>1 0 0 0 1 0 0 0 1 1.92789 0.402481 0.962127</i>
                        <i>1 0 0 0 1 0 0 0 1 1.97517 0.416617 0.972144</i>
                        <i>1 0 0 0 1 0 0 0 1 2.01912 0.428007 0.982899</i>
                        <i>1 0 0 0 1 0 0 0 1 2.05871 0.435562 0.995934</i>
                        <i>1 0 0 0 1 0 0 0 1 2.09239 0.44854 1.00793</i>
                        <i>1 0 0 0 1 0 0 0 1 2.11791 0.460425 1.01396</i>
                        <i>1 0 0 0 1 0 0 0 1 2.14038 0.467067 1.01759</i>
                        <i>1 0 0 0 1 0 0 0 1 2.16331 0.473278 1.02342</i>
                        <i>1 0 0 0 1 0 0 0 1 2.18048 0.478721 1.02997</i>
                        <i>1 0 0 0 1 0 0 0 1 2.19408 0.481575 1.033</i>
                        <i>1 0 0 0 1 0 0 0 1 2.20833 0.484341 1.03658</i>
                        <i>1 0 0 0 1 0 0 0 1 2.22187 0.486273 1.0391</i>
                        <i>1 0 0 0 1 0 0 0 1 2.23573 0.487414 1.04134</i>
                        <i>1 0 0 0 1 0 0 0 1 2.24928 0.488352 1.04338</i>
                        <i>1 0 0 0 1 0 0 0 1 2.26236 0.489034 1.04483</i>
                        <i>1 0 0 0 1 0 0 0 1 2.27547 0.48955 1.04564</i>
                        <i>1 0 0 0 1 0 0 0 1 2.28886 0.489561 1.04631</i>
                        <i>1 0 0 0 1 0 0 0 1 2.30265 0.489156 1.04688</i>
                        <i>1 0 0 0 1 0 0 0 1 2.31747 0.48842 1.04739</i>
                        <i>1 0 0 0 1 0 0 0 1 2.33364 0.487107 1.04786</i>
                        <i>1 0 0 0 1 0 0 0 1 2.35181 0.48494 1.0483</i>
                        <i>1 0 0 0 1 0 0 0 1 2.3722 0.481706 1.0487</i>
                        <i>1 0 0 0 1 0 0 0 1 2.39501 0.476913 1.04904</i>
                        <i>1 0 0 0 1 0 0 0 1 2.42022 0.469212 1.04923</i>
                        <i>1 0 0 0 1 0 0 0 1 2.44861 0.457705 1.04907</i>
                        <i>1 0 0 0 1 0 0 0 1 2.47904 0.449858 1.04745</i>
                        <i>1 0 0 0 1 0 0 0 1 2.50634 0.438926 1.04233</i>
                        <i>1 0 0 0 1 0 0 0 1 2.53258 0.421127 1.03517</i>
                        <i>1 0 0 0 1 0 0 0 1 2.56153 0.405021 1.02787</i>
                        <i>1 0 0 0 1 0 0 0 1 2.59565 0.384156 1.02289</i>
                        <i>1 0 0 0 1 0 0 0 1 2.6304 0.357797 1.01594</i>
                        <i>1 0 0 0 1 0 0 0 1 2.66397 0.334638 1.00973</i>
                        <i>1 0 0 0 1 0 0 0 1 2.68857 0.349063 1.0077</i>
                        <i>1 0 0 0 1 0 0 0 1 2.70738 0.357535 1.00839</i>
                        <i>1 0 0 0 1 0 0 0 1 2.72392 0.35884 1.01026</i>
                        <i>1 0 0 0 1 0 0 0 1 2.73954 0.352646 1.01243</i>
                        <i>1 0 0 0 1 0 0 0 1 2.74852 0.36147 1.01733</i>
                        <i>1 0 0 0 1 0 0 0 1 2.75507 0.365485 1.0197</i>
                        <i>1 0 0 0 1 0 0 0 1 2.76114 0.358625 1.0183</i>
                        <i>1 0 0 0 1 0 0 0 1 2.76314 0.352299 1.01402</i>
                        <i>1 0 0 0 1 0 0 0 1 2.75737 0.350172 1.01102</i>
                        <i>1 0 0 0 1 0 0 0 1 2.74985 0.348244 1.00959</i>
                        <i>1 0 0 0 1 0 0 0 1 2.74066 0.340925 1.00577</i>
                        <i>1 0 0 0 1 0 0 0 1 2.725 0.333365 1.00091</i>
                        <i>1 0 0 0 1 0 0 0 1 2.708 0.336916 0.996942</i>
                        <i>1 0 0 0 1 0 0 0 1 2.69717 0.344439 0.996011</i>
                        <i>1 0 0 0 1 0 0 0 1 2.68848 0.341289 0.995663</i>
                        <i>1 0 0 0 1 0 0 0 1 2.68374 0.335961 0.996689</i>
                        <i>1 0 0 0 1 0 0 0 1 2.6867 0.33283 0.996089</i>
                        <i>1 0 0 0 1 0 0 0 1 2.68814 0.332672 0.996354</i>
                        <i>1 0 0 0 1 0 0 0 1 2.6836 0.33103 0.99618</i>
                        <i>1 0 0 0 1 0 0 0 1 2.67708 0.331119 0.994642</i>
                        <i>1 0 0 0 1 0 0 0 1 2.67627 0.33028 0.995032</i>
                    </KeyFrames>
                </p>
            </i>
            <i>
                <p>
                    <Name>
                        <![CDATA[spine0]]>
</Name>
                    <Exclude>0</Exclude>
                    <Additive>0</Additive>
                    <IKPriority>0</IKPriority>
                    <IKRotLimits>-1e+010 -1e+010 -1e+010 1e+010 1e+010 1e+010</IKRotLimits>
                    <IKRotLimitOrder>0</IKRotLimitOrder>
                    <KeyFrames count="135">
                        <i>0.00165955 0.999783 -0.0207497 -0.999998 0.00164411 -0.000761469 -0.00072719 0.0207509 0.999784 0.00748132 1.33794 -0.0353939</i>
                        <i>-0.0132696 0.999783 -0.0160382 -0.717728 0.00164411 0.696321 0.696197 0.0207509 0.717551 -0.0304438 1.53199 -0.0113299</i>
                        <i>-0.0206893 0.999783 -0.00229275 -0.0313144 0.00164411 0.999508 0.999295 0.0207509 0.0312736 -0.0409058 1.67106 0.0322942</i>
                        <i>-0.0166653 0.999783 0.0124729 0.660547 0.00164411 0.750783 0.7506 0.0207509 -0.660431 -0.0188326 1.75279 0.0703049</i>
                        <i>-0.00385821 0.999783 0.0204553 0.994239 0.00164411 0.107172 0.107115 0.0207509 -0.99403 0.0225727 1.77919 0.0830035</i>
                        <i>0.01077 0.999783 0.0178132 0.812219 0.00164411 -0.583351 -0.583254 0.0207509 -0.812025 0.0611842 1.75111 0.0649029</i>
                        <i>0.0198437 0.999783 0.00628741 0.225826 0.00164411 -0.974166 -0.973965 0.0207509 -0.225745 0.0778757 1.66935 0.0262227</i>
                        <i>0.0191246 0.999783 -0.00821916 -0.466165 0.00164411 -0.884696 -0.884491 0.0207509 0.466095 0.0651654 1.53397 -0.0135138</i>
                        <i>0.00949129 0.99978 -0.0186959 -0.924724 0.00166088 -0.380635 -0.38052 0.0209012 0.924536 0.0303951 1.34682 -0.0349554</i>
                        <i>-0.00726883 0.999974 -9.89806e-005 -0.964172 -0.00698234 0.265186 0.265178 0.00202302 0.964197 0.0309602 1.31233 -0.0413249</i>
                        <i>-0.0214127 0.999087 0.0369805 -0.625523 -0.0422428 0.779061 0.779912 -0.00645035 0.625856 0.0678982 1.34629 -0.0355618</i>
                        <i>-0.0263974 0.999555 -0.0138987 -0.0161839 0.0134744 0.999778 0.999521 0.0266165 0.015821 0.126924 1.32696 -0.142241</i>
                        <i>-0.0221135 0.991953 0.124664 0.517191 -0.095362 0.85054 0.855584 0.0832834 -0.510921 0.193646 1.28985 -0.00864343</i>
                        <i>0.000249402 0.98656 0.163398 0.897518 -0.0722757 0.435014 0.440977 0.146544 -0.885474 0.264623 1.29158 -0.0276219</i>
                        <i>0.0284985 0.981333 0.190194 0.994505 -0.00865998 -0.104333 -0.100739 0.192122 -0.976187 0.332841 1.28077 -0.0601875</i>
                        <i>0.061258 0.977197 0.203309 0.802348 0.0729497 -0.592382 -0.593705 0.199412 -0.779583 0.384601 1.2822 -0.0997675</i>
                        <i>0.0933851 0.974477 0.20414 0.396272 0.151717 -0.905511 -0.913372 0.165456 -0.37199 0.417067 1.28267 -0.147298</i>
                        <i>0.119569 0.971583 0.204277 -0.0976203 0.216261 -0.971443 -0.988015 0.0962131 0.120704 0.426368 1.278 -0.185271</i>
                        <i>0.141789 0.969945 0.197745 -0.563185 0.243324 -0.789694 -0.814075 0.000602748 0.580759 0.414519 1.27527 -0.217009</i>
                        <i>0.162377 0.967933 0.191677 -0.874584 0.231125 -0.426243 -0.456876 -0.0984263 0.884068 0.385068 1.28163 -0.226646</i>
                        <i>0.181706 0.965935 0.184263 -0.983303 0.180359 0.024187 -0.00987052 -0.185581 0.982579 0.345415 1.28619 -0.219516</i>
                        <i>0.200318 0.963407 0.1781 -0.882727 0.0986115 0.459423 0.425048 -0.249244 0.870179 0.304048 1.28014 -0.196746</i>
                        <i>0.218471 0.960348 0.173214 -0.606193 -0.00554089 0.795298 0.764722 -0.278751 0.580946 0.270738 1.26788 -0.159068</i>
                        <i>0.242026 0.95575 0.167225 -0.227007 -0.111788 0.967456 0.94334 -0.272111 0.189906 0.24001 1.27689 -0.10932</i>
                        <i>0.269548 0.949672 0.159584 0.159832 -0.207539 0.965081 0.94963 -0.234629 -0.20773 0.213354 1.278 -0.0550581</i>
                        <i>0.299048 0.943502 0.142736 0.519624 -0.286471 0.804938 0.80035 -0.166546 -0.575935 0.196602 1.2698 -0.00883918</i>
                        <i>0.32753 0.936561 0.124808 0.780725 -0.342666 0.52254 0.532158 -0.0737066 -0.84343 0.193037 1.2576 0.0406765</i>
                        <i>0.355428 0.92903 0.102832 0.915168 -0.368262 0.163863 0.190103 0.0358667 -0.981109 0.198122 1.24046 0.0872437</i>
                        <i>0.384993 0.919638 0.077752 0.908707 -0.362989 -0.20613 -0.161342 0.150012 -0.975431 0.197858 1.24161 0.120185</i>
                        <i>0.414058 0.909032 0.0470929 0.777628 -0.326365 -0.537383 -0.473129 0.259128 -0.842022 0.19256 1.24105 0.14601</i>
                        <i>0.439498 0.89817 0.0115276 0.550827 -0.259352 -0.793301 -0.709529 0.355004 -0.608721 0.186875 1.2326 0.170548</i>
                        <i>0.459908 0.887607 -0.025264 0.268861 -0.166312 -0.948712 -0.846285 0.429528 -0.315131 0.1814 1.22378 0.201509</i>
                        <i>0.478537 0.878013 -0.00977228 -0.0273171 0.00376269 -0.99962 -0.877642 0.478622 0.0257854 0.175168 1.20847 0.300694</i>
                        <i>0.490957 0.86455 -0.107307 -0.334595 0.0733989 -0.939499 -0.804368 0.497158 0.32531 0.165164 1.19931 0.247529</i>
                        <i>0.501219 0.852469 -0.148584 -0.581879 0.204944 -0.787029 -0.640466 0.480932 0.598755 0.158828 1.19635 0.274086</i>
                        <i>0.50845 0.840348 -0.187865 -0.756494 0.33171 -0.563636 -0.411334 0.4287 0.804376 0.154572 1.18809 0.300782</i>
                        <i>0.513401 0.827921 -0.225757 -0.846493 0.445378 -0.291698 -0.140956 0.34086 0.929487 0.155798 1.1776 0.329885</i>
                        <i>0.51739 0.815116 -0.260564 -0.843947 0.536421 0.00228458 0.141634 0.218721 0.965454 0.16125 1.1562 0.359571</i>
                        <i>0.522481 0.800678 -0.293135 -0.748524 0.595353 0.292004 0.40832 0.0668517 0.910388 0.171937 1.13181 0.390702</i>
                        <i>0.53094 0.781729 -0.327114 -0.578244 0.616396 0.534499 0.619465 -0.0946352 0.779299 0.185495 1.13062 0.422583</i>
                        <i>0.539205 0.760852 -0.361058 -0.358911 0.595443 0.71877 0.761867 -0.257977 0.594144 0.211275 1.1237 0.452434</i>
                        <i>0.547691 0.736318 -0.397329 -0.115437 0.536846 0.835746 0.828679 -0.411864 0.379023 0.24789 1.11462 0.482283</i>
                        <i>0.556389 0.708963 -0.433361 0.131228 0.440024 0.888346 0.820494 -0.551135 0.151789 0.291942 1.0904 0.507092</i>
                        <i>0.56571 0.678046 -0.469282 0.364938 0.304469 0.87984 0.739454 -0.668994 -0.0752034 0.343428 1.04886 0.52697</i>
                        <i>0.575667 0.643338 -0.504702 0.563586 0.135026 0.814947 0.592434 -0.753581 -0.284846 0.404089 0.998169 0.537844</i>
                        <i>0.587509 0.60084 -0.542056 0.708289 -0.0578595 0.703547 0.391356 -0.797273 -0.459561 0.467589 0.947073 0.542341</i>
                        <i>0.600206 0.548153 -0.582479 0.782519 -0.251668 0.569497 0.16558 -0.797617 -0.579992 0.524754 0.900027 0.541871</i>
                        <i>0.609724 0.489418 -0.623464 0.78999 -0.439199 0.42781 -0.0644466 -0.753375 -0.654425 0.588084 0.840563 0.530976</i>
                        <i>0.615292 0.42348 -0.664891 0.736018 -0.610666 0.29217 -0.282298 -0.669142 -0.687428 0.654794 0.767635 0.512812</i>
                        <i>0.616488 0.351104 -0.704747 0.627065 -0.760239 0.169784 -0.476164 -0.546592 -0.688843 0.720359 0.673052 0.49011</i>
                        <i>0.612661 0.270979 -0.74244 0.466826 -0.882082 0.0632778 -0.637746 -0.385358 -0.666918 0.783975 0.553612 0.464492</i>
                        <i>0.603948 0.183104 -0.775706 0.262364 -0.964684 -0.0234411 -0.752603 -0.18936 -0.630659 0.838618 0.417452 0.437565</i>
                        <i>0.589522 0.0927271 -0.802412 0.0420962 -0.995566 -0.0841205 -0.806654 0.0158124 -0.590812 0.885911 0.31896 0.419297</i>
                        <i>0.571412 0.0255774 -0.820265 -0.11793 -0.986581 -0.112916 -0.812146 0.161255 -0.560728 0.941295 0.360388 0.434619</i>
                        <i>0.549163 -0.041638 -0.834677 -0.277099 -0.951331 -0.134855 -0.788439 0.305346 -0.533974 0.991871 0.340137 0.4508</i>
                        <i>0.526843 -0.089793 -0.845206 -0.41493 -0.895033 -0.163552 -0.741801 0.436867 -0.5088 1.05308 0.340109 0.468558</i>
                        <i>0.503532 -0.123311 -0.855132 -0.531784 -0.824297 -0.194269 -0.680927 0.552566 -0.480634 1.10879 0.349876 0.488657</i>
                        <i>0.479714 -0.143247 -0.865653 -0.624747 -0.748499 -0.222352 -0.616088 0.64748 -0.448559 1.15891 0.36715 0.509644</i>
                        <i>0.456375 -0.152505 -0.876621 -0.69738 -0.67318 -0.245949 -0.552615 0.723583 -0.413576 1.20674 0.377257 0.529892</i>
                        <i>0.433646 -0.151584 -0.888242 -0.755509 -0.598384 -0.266728 -0.491078 0.78674 -0.37401 1.25447 0.379557 0.549405</i>
                        <i>0.411856 -0.140576 -0.90034 -0.802571 -0.523894 -0.285334 -0.431572 0.840104 -0.328591 1.30135 0.374958 0.567799</i>
                        <i>0.390393 -0.119305 -0.912885 -0.842759 -0.445468 -0.302185 -0.370609 0.887313 -0.274453 1.34808 0.363571 0.585539</i>
                        <i>0.369313 -0.0881371 -0.925116 -0.877492 -0.360832 -0.315924 -0.305967 0.928457 -0.2106 1.39357 0.345027 0.602605</i>
                        <i>0.348236 -0.0472934 -0.936213 -0.907776 -0.266136 -0.324214 -0.233827 0.962775 -0.13561 1.43765 0.318258 0.61952</i>
                        <i>0.326414 0.0019363 -0.945225 -0.934418 -0.150136 -0.322989 -0.142538 0.988663 -0.0471971 1.47411 0.311278 0.643831</i>
                        <i>0.304033 0.0540414 -0.951127 -0.951692 -0.0277916 -0.305793 -0.0429588 0.998152 0.0429812 1.50293 0.327158 0.675422</i>
                        <i>0.281349 0.108843 -0.953413 -0.95786 0.0917451 -0.272188 0.0578451 0.989816 0.130069 1.53163 0.341583 0.707546</i>
                        <i>0.260845 0.158582 -0.952267 -0.952559 0.20251 -0.227201 0.156813 0.966355 0.203883 1.55275 0.39167 0.736473</i>
                        <i>0.243168 0.198569 -0.949442 -0.935688 0.305999 -0.175648 0.25565 0.931093 0.260208 1.56459 0.445084 0.759936</i>
                        <i>0.227874 0.228333 -0.94654 -0.907101 0.403105 -0.121139 0.353895 0.886211 0.298979 1.57077 0.487323 0.780041</i>
                        <i>0.21341 0.249729 -0.944506 -0.86722 0.493606 -0.0654372 0.449872 0.83306 0.32191 1.57814 0.515949 0.795644</i>
                        <i>0.199955 0.261672 -0.944217 -0.816827 0.576733 -0.0131465 0.541121 0.77389 0.329061 1.58692 0.534922 0.807427</i>
                        <i>0.187299 0.265344 -0.945786 -0.757341 0.652185 0.0329929 0.625582 0.710104 0.32311 1.5972 0.542786 0.814011</i>
                        <i>0.175282 0.261278 -0.949216 -0.687602 0.722519 0.0719053 0.704613 0.640079 0.3063 1.60934 0.538335 0.814426</i>
                        <i>0.163934 0.249606 -0.95437 -0.606929 0.788198 0.101892 0.777665 0.562531 0.280705 1.6234 0.521516 0.809148</i>
                        <i>0.153004 0.230258 -0.961026 -0.512336 0.850061 0.122102 0.845046 0.473686 0.248032 1.63967 0.491765 0.798639</i>
                        <i>0.142514 0.203717 -0.968602 -0.403233 0.905651 0.131148 0.903932 0.371882 0.211213 1.65838 0.45079 0.784156</i>
                        <i>0.132465 0.176499 -0.975347 -0.292092 0.947272 0.131749 0.947172 0.267439 0.177035 1.69207 0.440504 0.777237</i>
                        <i>0.12283 0.15298 -0.980566 -0.177221 0.975548 0.129997 0.976476 0.157809 0.146938 1.7334 0.425728 0.769817</i>
                        <i>0.113532 0.132641 -0.98464 -0.054412 0.990391 0.127142 0.992043 0.0391415 0.119659 1.78162 0.412431 0.764443</i>
                        <i>0.104573 0.115155 -0.987828 0.0770037 0.989354 0.123485 0.991532 -0.0889797 0.0945927 1.83329 0.395102 0.759718</i>
                        <i>0.0960874 0.100095 -0.990327 0.220789 0.968003 0.119261 0.970577 -0.230113 0.0709129 1.88841 0.368338 0.755054</i>
                        <i>0.0875261 0.0938541 -0.991731 0.35156 0.928583 0.118905 0.932065 -0.35906 0.0482799 1.94094 0.37636 0.757626</i>
                        <i>0.078768 0.0953948 -0.992318 0.452117 0.883734 0.120844 0.888474 -0.458163 0.0264803 1.98713 0.391914 0.767787</i>
                        <i>0.0694816 0.104577 -0.992087 0.533539 0.836407 0.125534 0.842917 -0.538039 0.00231889 2.02991 0.405917 0.778866</i>
                        <i>0.0598575 0.12118 -0.990824 0.598917 0.789729 0.132767 0.798571 -0.601368 -0.0253054 2.06825 0.41727 0.792457</i>
                        <i>0.0506475 0.141026 -0.988709 0.652336 0.744949 0.139674 0.756236 -0.652045 -0.0542667 2.10072 0.434503 0.805184</i>
                        <i>0.0437539 0.151503 -0.987488 0.70359 0.697054 0.138119 0.709258 -0.70083 -0.0760973 2.12552 0.448881 0.811688</i>
                        <i>0.0385098 0.154756 -0.987202 0.74934 0.649101 0.130986 0.661065 -0.744794 -0.0909681 2.1476 0.45662 0.815549</i>
                        <i>0.0332921 0.161229 -0.986355 0.779817 0.613086 0.126536 0.625122 -0.773389 -0.105318 2.16998 0.464351 0.821701</i>
                        <i>0.0277623 0.17103 -0.984875 0.803109 0.582818 0.123849 0.595185 -0.7944 -0.121175 2.18648 0.471846 0.8287</i>
                        <i>0.0232861 0.174673 -0.984351 0.827084 0.549742 0.117117 0.561596 -0.816868 -0.131668 2.19965 0.475625 0.831951</i>
                        <i>0.019206 0.179817 -0.983513 0.844621 0.523475 0.112201 0.53502 -0.83285 -0.141823 2.21345 0.479522 0.835801</i>
                        <i>0.0157881 0.183373 -0.982917 0.860644 0.497899 0.106712 0.508962 -0.847626 -0.149958 2.22667 0.482277 0.838528</i>
                        <i>0.012793 0.186376 -0.982395 0.874487 0.474337 0.101377 0.48488 -0.860389 -0.156915 2.24025 0.484115 0.840939</i>
                        <i>0.010525 0.189398 -0.981844 0.887279 0.451023 0.0965136 0.461114 -0.872185 -0.163301 2.25366 0.485743 0.843155</i>
                        <i>0.00930386 0.191779 -0.981394 0.899548 0.427029 0.0919758 0.436723 -0.883667 -0.168542 2.2668 0.486992 0.84475</i>
                        <i>0.00904413 0.19294 -0.981169 0.910865 0.40328 0.0876983 0.412606 -0.894505 -0.172095 2.28014 0.487841 0.845639</i>
                        <i>0.00938906 0.193958 -0.980965 0.921429 0.379395 0.0838339 0.388433 -0.904677 -0.175157 2.29388 0.488151 0.846382</i>
                        <i>0.0104724 0.194873 -0.980773 0.931619 0.354439 0.0803723 0.363287 -0.914548 -0.177836 2.30817 0.488022 0.847018</i>
                        <i>0.0124368 0.195707 -0.980584 0.941838 0.327074 0.0772235 0.335837 -0.924511 -0.180256 2.32368 0.487548 0.847592</i>
                        <i>0.015381 0.196427 -0.980398 0.952061 0.296727 0.0743871 0.305522 -0.934542 -0.182447 2.34074 0.486475 0.848117</i>
                        <i>0.0193622 0.197003 -0.980212 0.96246 0.261802 0.0716287 0.270733 -0.944801 -0.184539 2.36006 0.484522 0.848611</i>
                        <i>0.0245162 0.197342 -0.980028 0.972703 0.221574 0.06895 0.230756 -0.954966 -0.186523 2.38186 0.481456 0.849069</i>
                        <i>0.0309618 0.197306 -0.979853 0.982672 0.173232 0.0659333 0.182751 -0.964915 -0.188524 2.40643 0.476756 0.849464</i>
                        <i>0.0387508 0.196619 -0.979714 0.991465 0.114577 0.0622099 0.124484 -0.973762 -0.1905 2.43376 0.469011 0.849706</i>
                        <i>0.047439 0.194943 -0.979667 0.997408 0.0438683 0.0570274 0.0540935 -0.979833 -0.192357 2.46459 0.457241 0.849572</i>
                        <i>0.0570347 0.188501 -0.980415 0.998107 -0.0333817 0.0516458 -0.0229927 -0.981506 -0.190048 2.49768 0.448194 0.847785</i>
                        <i>0.0663171 0.172012 -0.98286 0.994139 -0.0956758 0.0503337 -0.0853779 -0.980438 -0.177349 2.52743 0.43417 0.842064</i>
                        <i>0.0751883 0.147334 -0.986225 0.9875 -0.148398 0.053116 -0.138528 -0.977891 -0.15665 2.55592 0.411747 0.834043</i>
                        <i>0.084484 0.125443 -0.988497 0.974748 -0.216204 0.055872 -0.206709 -0.968256 -0.140541 2.58738 0.391446 0.826131</i>
                        <i>0.094258 0.106025 -0.989886 0.951865 -0.3009 0.0584086 -0.291664 -0.947743 -0.129284 2.62429 0.366714 0.820769</i>
                        <i>0.103514 0.0789417 -0.99149 0.922732 -0.379731 0.0661015 -0.371282 -0.921723 -0.112149 2.66168 0.335004 0.813321</i>
                        <i>0.112387 0.0498311 -0.992414 0.88289 -0.463271 0.0767217 -0.455933 -0.884815 -0.0960608 2.69786 0.305992 0.806756</i>
                        <i>0.118836 0.0369452 -0.992226 0.845652 -0.527453 0.0816418 -0.520336 -0.848781 -0.0939233 2.72439 0.317588 0.804742</i>
                        <i>0.123865 0.0341507 -0.991711 0.815513 -0.572882 0.08213 -0.565328 -0.818926 -0.0988103 2.74464 0.325182 0.805581</i>
                        <i>0.128168 0.0412469 -0.990894 0.794803 -0.601866 0.0777513 -0.593179 -0.797531 -0.109923 2.76229 0.327547 0.807736</i>
                        <i>0.131921 0.0582258 -0.989549 0.785159 -0.615499 0.0684561 -0.60508 -0.785984 -0.126914 2.77874 0.324365 0.810345</i>
                        <i>0.136761 0.0732495 -0.987892 0.782126 -0.619998 0.062304 -0.607928 -0.781177 -0.142082 2.78866 0.33592 0.815724</i>
                        <i>0.142036 0.0771497 -0.98685 0.780348 -0.622094 0.0636806 -0.609001 -0.779132 -0.148563 2.79619 0.340634 0.818369</i>
                        <i>0.14746 0.0710535 -0.986513 0.779916 -0.621753 0.071797 -0.608266 -0.779984 -0.147099 2.80326 0.332653 0.817015</i>
                        <i>0.152119 0.0600926 -0.986534 0.782981 -0.616459 0.0831821 -0.603158 -0.785091 -0.140827 2.80607 0.324354 0.812664</i>
                        <i>0.154908 0.0593222 -0.986146 0.795063 -0.599991 0.0887988 -0.586411 -0.797804 -0.140108 2.80062 0.322237 0.809729</i>
                        <i>0.157421 0.0627624 -0.985535 0.81573 -0.570752 0.0939506 -0.556599 -0.818721 -0.141046 2.79324 0.321198 0.808417</i>
                        <i>0.160047 0.0571752 -0.985452 0.837898 -0.53563 0.105006 -0.521834 -0.842515 -0.133633 2.78414 0.313129 0.804534</i>
                        <i>0.161226 0.0536632 -0.985457 0.865404 -0.487693 0.115027 -0.474428 -0.871364 -0.125069 2.76816 0.305266 0.79958</i>
                        <i>0.161677 0.0506911 -0.985541 0.890658 -0.437549 0.123606 -0.424957 -0.897765 -0.11589 2.75068 0.308587 0.79549</i>
                        <i>0.163111 0.050819 -0.985298 0.900698 -0.415257 0.127688 -0.402663 -0.908284 -0.113506 2.73986 0.316262 0.794578</i>
                        <i>0.165289 0.0546136 -0.984732 0.896952 -0.423474 0.127069 -0.410069 -0.90426 -0.118981 2.73165 0.313767 0.794399</i>
                        <i>0.167316 0.0579752 -0.984197 0.882122 -0.454628 0.123183 -0.440302 -0.888793 -0.127208 2.72764 0.308874 0.795618</i>
                        <i>0.167309 0.0519832 -0.984533 0.871224 -0.475236 0.122962 -0.461493 -0.878322 -0.1248 2.73084 0.304504 0.794928</i>
                        <i>0.166189 0.0516695 -0.984739 0.870274 -0.477265 0.121829 -0.463687 -0.877239 -0.124283 2.73209 0.304274 0.795148</i>
                        <i>0.164641 0.0528312 -0.984938 0.875884 -0.467009 0.121362 -0.453563 -0.882673 -0.123163 2.72715 0.302914 0.794925</i>
