<?xml version="1.0" encoding="ISO-8859-1" ?>
<Animl Version="1">
    <ModellingPackage>
        <![CDATA[Maya.2010]]>
</ModellingPackage>
    <SrcFile>
        <![CDATA[anims\characters\shared\base_soldier\~src\infantry\death_toyspin.mb]]>
</SrcFile>
    <FramesPerSecond>30</FramesPerSecond>
    <TotalFrames>105</TotalFrames>
    <Skeleton>
        <RefFrame>
            <Name>
                <![CDATA[soldier_ref_frame]]>
</Name>
            <Exclude>0</Exclude>
            <Additive>0</Additive>
            <IKPriority>0</IKPriority>
            <IKRotLimits>-1e+010 -1e+010 -1e+010 1e+010 1e+010 1e+010</IKRotLimits>
            <IKRotLimitOrder>0</IKRotLimitOrder>
            <KeyFrames count="105">
                <i>1 0 0 0 1 0 0 0 1 -0.00289508 0.0151647 0.0016194</i>
                <i>1 0 0 0 1 0 0 0 1 -0.0177896 0.0903169 0.0142139</i>
                <i>1 0 0 0 1 0 0 0 1 -0.0255745 0.160246 0.0312599</i>
                <i>1 0 0 0 1 0 0 0 1 -0.0257596 0.193092 0.0496567</i>
                <i>1 0 0 0 1 0 0 0 1 -0.0186718 0.152948 0.0663218</i>
                <i>1 0 0 0 1 0 0 0 1 -0.00575549 0.0555466 0.0786724</i>
                <i>1 0 0 0 1 0 0 0 1 0.0112184 -0.0460622 0.0846776</i>
                <i>1 0 0 0 1 0 0 0 1 0.0203291 -0.124804 0.0880979</i>
                <i>1 0 0 0 1 0 0 0 1 0.0192877 -0.0551694 0.120148</i>
                <i>1 0 0 0 1 0 0 0 1 0.0181902 -0.0560079 0.147923</i>
                <i>1 0 0 0 1 0 0 0 1 0.0170394 -0.104842 0.170007</i>
                <i>1 0 0 0 1 0 0 0 1 0.0158383 -0.102164 0.175863</i>
                <i>1 0 0 0 1 0 0 0 1 0.0145897 -0.113174 0.170386</i>
                <i>1 0 0 0 1 0 0 0 1 0.0132965 -0.111651 0.165438</i>
                <i>1 0 0 0 1 0 0 0 1 0.0119615 -0.105523 0.171917</i>
                <i>1 0 0 0 1 0 0 0 1 0.0105877 -0.100079 0.180648</i>
                <i>1 0 0 0 1 0 0 0 1 0.00917778 -0.0952877 0.179328</i>
                <i>1 0 0 0 1 0 0 0 1 0.00773476 -0.0910008 0.167729</i>
                <i>1 0 0 0 1 0 0 0 1 0.00626146 -0.0869965 0.146135</i>
                <i>1 0 0 0 1 0 0 0 1 0.00476076 -0.0831439 0.115611</i>
                <i>1 0 0 0 1 0 0 0 1 0.00323552 -0.079862 0.0797201</i>
                <i>1 0 0 0 1 0 0 0 1 0.00168861 -0.0770211 0.0396008</i>
                <i>1 0 0 0 1 0 0 0 1 0.000122904 -0.0744407 -0.00198656</i>
                <i>1 0 0 0 1 0 0 0 1 -0.00145873 -0.0710549 -0.0409838</i>
                <i>1 0 0 0 1 0 0 0 1 -0.00305342 -0.0681398 -0.0806999</i>
                <i>1 0 0 0 1 0 0 0 1 -0.0046583 -0.0658922 -0.120693</i>
                <i>1 0 0 0 1 0 0 0 1 -0.00880905 -0.0645236 -0.159958</i>
                <i>1 0 0 0 1 0 0 0 1 -0.0200502 -0.0641592 -0.197639</i>
                <i>1 0 0 0 1 0 0 0 1 -0.0370769 -0.0649627 -0.232964</i>
                <i>1 0 0 0 1 0 0 0 1 -0.059848 -0.0667638 -0.265196</i>
                <i>1 0 0 0 1 0 0 0 1 -0.0802397 -0.0635859 -0.300189</i>
                <i>1 0 0 0 1 0 0 0 1 -0.0935245 -0.0579081 -0.337211</i>
                <i>1 0 0 0 1 0 0 0 1 -0.0993923 -0.0524657 -0.373182</i>
                <i>1 0 0 0 1 0 0 0 1 -0.105842 -0.0476112 -0.407679</i>
                <i>1 0 0 0 1 0 0 0 1 -0.117063 -0.0437557 -0.440333</i>
                <i>1 0 0 0 1 0 0 0 1 -0.133055 -0.0408005 -0.470618</i>
                <i>1 0 0 0 1 0 0 0 1 -0.151419 -0.037643 -0.499928</i>
                <i>1 0 0 0 1 0 0 0 1 -0.168227 -0.033338 -0.530783</i>
                <i>1 0 0 0 1 0 0 0 1 -0.18888 -0.0299567 -0.558886</i>
                <i>1 0 0 0 1 0 0 0 1 -0.213534 -0.0278995 -0.584135</i>
                <i>1 0 0 0 1 0 0 0 1 -0.241779 -0.0274838 -0.606448</i>
                <i>1 0 0 0 1 0 0 0 1 -0.273697 -0.0289193 -0.625416</i>
                <i>1 0 0 0 1 0 0 0 1 -0.309584 -0.034126 -0.640062</i>
                <i>1 0 0 0 1 0 0 0 1 -0.340791 -0.0271873 -0.659063</i>
                <i>1 0 0 0 1 0 0 0 1 -0.360496 -0.0125069 -0.690492</i>
                <i>1 0 0 0 1 0 0 0 1 -0.378083 0.00114895 -0.721822</i>
                <i>1 0 0 0 1 0 0 0 1 -0.400484 0.0127078 -0.749104</i>
                <i>1 0 0 0 1 0 0 0 1 -0.420462 0.0302951 -0.779489</i>
                <i>1 0 0 0 1 0 0 0 1 -0.43914 0.0478276 -0.812364</i>
                <i>1 0 0 0 1 0 0 0 1 -0.457549 0.064403 -0.846487</i>
                <i>1 0 0 0 1 0 0 0 1 -0.47557 0.0801957 -0.881545</i>
                <i>1 0 0 0 1 0 0 0 1 -0.493267 0.095137 -0.917148</i>
                <i>1 0 0 0 1 0 0 0 1 -0.510885 0.108894 -0.952843</i>
                <i>1 0 0 0 1 0 0 0 1 -0.528873 0.120807 -0.988068</i>
                <i>1 0 0 0 1 0 0 0 1 -0.547888 0.129595 -1.02214</i>
                <i>1 0 0 0 1 0 0 0 1 -0.569756 0.136738 -1.05329</i>
                <i>1 0 0 0 1 0 0 0 1 -0.598972 0.143262 -1.07711</i>
                <i>1 0 0 0 1 0 0 0 1 -0.63508 0.137082 -1.09155</i>
                <i>1 0 0 0 1 0 0 0 1 -0.700853 0.207622 -1.10859</i>
                <i>1 0 0 0 1 0 0 0 1 -0.782697 0.271985 -1.12705</i>
                <i>1 0 0 0 1 0 0 0 1 -0.86937 0.320574 -1.14713</i>
                <i>1 0 0 0 1 0 0 0 1 -0.952318 0.371397 -1.18029</i>
                <i>1 0 0 0 1 0 0 0 1 -1.02614 0.422143 -1.22225</i>
                <i>1 0 0 0 1 0 0 0 1 -1.09556 0.448231 -1.26571</i>
                <i>1 0 0 0 1 0 0 0 1 -1.15933 0.449052 -1.31189</i>
                <i>1 0 0 0 1 0 0 0 1 -1.21669 0.432149 -1.36061</i>
                <i>1 0 0 0 1 0 0 0 1 -1.2674 0.395515 -1.41126</i>
                <i>1 0 0 0 1 0 0 0 1 -1.31246 0.333554 -1.46351</i>
                <i>1 0 0 0 1 0 0 0 1 -1.35321 0.252644 -1.51609</i>
                <i>1 0 0 0 1 0 0 0 1 -1.3931 0.148607 -1.56574</i>
                <i>1 0 0 0 1 0 0 0 1 -1.42291 0.0803141 -1.60444</i>
                <i>1 0 0 0 1 0 0 0 1 -1.43242 0.0848647 -1.62308</i>
                <i>1 0 0 0 1 0 0 0 1 -1.43878 0.0775445 -1.63722</i>
                <i>1 0 0 0 1 0 0 0 1 -1.44299 0.0777752 -1.64856</i>
                <i>1 0 0 0 1 0 0 0 1 -1.44565 0.079253 -1.65577</i>
                <i>1 0 0 0 1 0 0 0 1 -1.44696 0.0798552 -1.65795</i>
                <i>1 0 0 0 1 0 0 0 1 -1.44695 0.0798632 -1.65584</i>
                <i>1 0 0 0 1 0 0 0 1 -1.44561 0.0790986 -1.64988</i>
                <i>1 0 0 0 1 0 0 0 1 -1.44291 0.0771283 -1.63962</i>
                <i>1 0 0 0 1 0 0 0 1 -1.4388 0.0733146 -1.62533</i>
                <i>1 0 0 0 1 0 0 0 1 -1.43209 0.0760823 -1.60716</i>
                <i>1 0 0 0 1 0 0 0 1 -1.4169 0.128765 -1.58579</i>
                <i>1 0 0 0 1 0 0 0 1 -1.39981 0.172147 -1.56508</i>
                <i>1 0 0 0 1 0 0 0 1 -1.38148 0.200645 -1.54669</i>
                <i>1 0 0 0 1 0 0 0 1 -1.36106 0.20635 -1.53243</i>
                <i>1 0 0 0 1 0 0 0 1 -1.3381 0.190129 -1.52176</i>
                <i>1 0 0 0 1 0 0 0 1 -1.3126 0.151513 -1.51353</i>
                <i>1 0 0 0 1 0 0 0 1 -1.28643 0.101434 -1.50878</i>
                <i>1 0 0 0 1 0 0 0 1 -1.2724 0.106202 -1.50696</i>
                <i>1 0 0 0 1 0 0 0 1 -1.26123 0.110096 -1.50389</i>
                <i>1 0 0 0 1 0 0 0 1 -1.25534 0.114903 -1.50022</i>
                <i>1 0 0 0 1 0 0 0 1 -1.25485 0.117128 -1.49589</i>
                <i>1 0 0 0 1 0 0 0 1 -1.2575 0.120202 -1.49175</i>
                <i>1 0 0 0 1 0 0 0 1 -1.26408 0.139356 -1.49097</i>
                <i>1 0 0 0 1 0 0 0 1 -1.27042 0.143942 -1.49345</i>
                <i>1 0 0 0 1 0 0 0 1 -1.2753 0.125185 -1.50008</i>
                <i>1 0 0 0 1 0 0 0 1 -1.28033 0.105791 -1.50745</i>
                <i>1 0 0 0 1 0 0 0 1 -1.28759 0.102631 -1.51338</i>
                <i>1 0 0 0 1 0 0 0 1 -1.2954 0.0985082 -1.51849</i>
                <i>1 0 0 0 1 0 0 0 1 -1.30777 0.10209 -1.52515</i>
                <i>1 0 0 0 1 0 0 0 1 -1.32012 0.0949062 -1.53416</i>
                <i>1 0 0 0 1 0 0 0 1 -1.32982 0.0834331 -1.54258</i>
                <i>1 0 0 0 1 0 0 0 1 -1.33905 0.0775301 -1.55009</i>
                <i>1 0 0 0 1 0 0 0 1 -1.34696 0.0716078 -1.55679</i>
                <i>1 0 0 0 1 0 0 0 1 -1.35358 0.065671 -1.56245</i>
            </KeyFrames>
        </RefFrame>
        <Bones count="23">
            <i>
                <p>
                    <Name>
                        <![CDATA[pelvis]]>
</Name>
                    <Exclude>0</Exclude>
                    <Additive>0</Additive>
                    <IKPriority>0</IKPriority>
                    <IKRotLimits>-1e+010 -1e+010 -1e+010 1e+010 1e+010 1e+010</IKRotLimits>
                    <IKRotLimitOrder>2</IKRotLimitOrder>
                    <KeyFrames count="105">
                        <i>1 0 0 0 1 0 0 0 1 -0.00289508 1.21583 0.0016194</i>
                        <i>1 0 0 0 1 0 0 0 1 -0.0177896 1.29098 0.0142139</i>
                        <i>1 0 0 0 1 0 0 0 1 -0.0255745 1.36091 0.0312599</i>
                        <i>1 0 0 0 1 0 0 0 1 -0.0257596 1.39376 0.0496567</i>
                        <i>1 0 0 0 1 0 0 0 1 -0.0186718 1.35362 0.0663218</i>
                        <i>1 0 0 0 1 0 0 0 1 -0.00575549 1.25621 0.0786724</i>
                        <i>1 0 0 0 1 0 0 0 1 0.0110953 1.15461 0.0848882</i>
                        <i>1 0 0 0 1 0 0 0 1 0.0208642 1.07586 0.0848378</i>
                        <i>1 0 0 0 1 0 0 0 1 0.0246896 1.14487 0.0828182</i>
                        <i>1 0 0 0 1 0 0 0 1 0.027191 1.14241 0.0772627</i>
                        <i>1 0 0 0 1 0 0 0 1 0.0269837 1.09122 0.0685529</i>
                        <i>1 0 0 0 1 0 0 0 1 0.0182773 1.09156 0.050759</i>
                        <i>1 0 0 0 1 0 0 0 1 0.00694953 1.07719 0.0182487</i>
                        <i>1 0 0 0 1 0 0 0 1 -0.0105448 1.07898 0.0169611</i>
                        <i>1 0 0 0 1 0 0 0 1 -0.0349602 1.08182 0.00528882</i>
                        <i>1 0 0 0 1 0 0 0 1 -0.0631797 1.08425 0.00386747</i>
                        <i>1 0 0 0 1 0 0 0 1 -0.0948414 1.0862 -0.000108954</i>
                        <i>1 0 0 0 1 0 0 0 1 -0.129134 1.08747 -0.00833686</i>
                        <i>1 0 0 0 1 0 0 0 1 -0.16462 1.08819 -0.0206106</i>
                        <i>1 0 0 0 1 0 0 0 1 -0.198375 1.08869 -0.0365183</i>
                        <i>1 0 0 0 1 0 0 0 1 -0.228979 1.08862 -0.0538953</i>
                        <i>1 0 0 0 1 0 0 0 1 -0.255789 1.08823 -0.0725342</i>
                        <i>1 0 0 0 1 0 0 0 1 -0.279008 1.08764 -0.0908969</i>
                        <i>1 0 0 0 1 0 0 0 1 -0.30052 1.08744 -0.105718</i>
                        <i>1 0 0 0 1 0 0 0 1 -0.319045 1.08679 -0.119933</i>
                        <i>1 0 0 0 1 0 0 0 1 -0.334178 1.08563 -0.134073</i>
                        <i>1 0 0 0 1 0 0 0 1 -0.348684 1.08382 -0.148358</i>
                        <i>1 0 0 0 1 0 0 0 1 -0.367701 1.08111 -0.160248</i>
                        <i>1 0 0 0 1 0 0 0 1 -0.390351 1.07707 -0.166545</i>
                        <i>1 0 0 0 1 0 0 0 1 -0.417426 1.07363 -0.195348</i>
                        <i>1 0 0 0 1 0 0 0 1 -0.440437 1.07346 -0.19941</i>
                        <i>1 0 0 0 1 0 0 0 1 -0.458076 1.07528 -0.213873</i>
                        <i>1 0 0 0 1 0 0 0 1 -0.469279 1.07599 -0.227105</i>
                        <i>1 0 0 0 1 0 0 0 1 -0.480369 1.07578 -0.238588</i>
                        <i>1 0 0 0 1 0 0 0 1 -0.494977 1.07452 -0.248534</i>
                        <i>1 0 0 0 1 0 0 0 1 -0.513506 1.07231 -0.256888</i>
                        <i>1 0 0 0 1 0 0 0 1 -0.534437 1.06993 -0.264894</i>
                        <i>1 0 0 0 1 0 0 0 1 -0.554582 1.06785 -0.274063</i>
                        <i>1 0 0 0 1 0 0 0 1 -0.578519 1.06452 -0.281136</i>
                        <i>1 0 0 0 1 0 0 0 1 -0.60689 1.05948 -0.286231</i>
                        <i>1 0 0 0 1 0 0 0 1 -0.639884 1.05225 -0.289435</i>
                        <i>1 0 0 0 1 0 0 0 1 -0.678125 1.0425 -0.29055</i>
                        <i>1 0 0 0 1 0 0 0 1 -0.722483 1.02821 -0.288853</i>
                        <i>1 0 0 0 1 0 0 0 1 -0.766594 1.02311 -0.289914</i>
                        <i>1 0 0 0 1 0 0 0 1 -0.802701 1.02139 -0.298126</i>
                        <i>1 0 0 0 1 0 0 0 1 -0.837949 1.01576 -0.303676</i>
                        <i>1 0 0 0 1 0 0 0 1 -0.87826 1.00563 -0.303486</i>
                        <i>1 0 0 0 1 0 0 0 1 -0.917788 0.997149 -0.303068</i>
                        <i>1 0 0 0 1 0 0 0 1 -0.9567 0.98396 -0.301839</i>
                        <i>1 0 0 0 1 0 0 0 1 -0.995853 0.964661 -0.299102</i>
                        <i>1 0 0 0 1 0 0 0 1 -1.03526 0.938605 -0.295092</i>
                        <i>1 0 0 0 1 0 0 0 1 -1.075 0.904793 -0.289999</i>
                        <i>1 0 0 0 1 0 0 0 1 -1.11504 0.861837 -0.283912</i>
                        <i>1 0 0 0 1 0 0 0 1 -1.15529 0.808018 -0.277012</i>
                        <i>1 0 0 0 1 0 0 0 1 -1.19569 0.741074 -0.269683</i>
                        <i>1 0 0 0 1 0 0 0 1 -1.23705 0.661362 -0.261356</i>
                        <i>1 0 0 0 1 0 0 0 1 -1.282 0.569617 -0.249032</i>
                        <i>1 0 0 0 1 0 0 0 1 -1.32844 0.452676 -0.232321</i>
                        <i>1 0 0 0 1 0 0 0 1 -1.39828 0.416962 -0.229022</i>
                        <i>1 0 0 0 1 0 0 0 1 -1.47833 0.382016 -0.235951</i>
                        <i>1 0 0 0 1 0 0 0 1 -1.55707 0.339768 -0.250392</i>
                        <i>1 0 0 0 1 0 0 0 1 -1.62856 0.334744 -0.279711</i>
                        <i>1 0 0 0 1 0 0 0 1 -1.69269 0.363873 -0.317268</i>
                        <i>1 0 0 0 1 0 0 0 1 -1.75283 0.380128 -0.355395</i>
                        <i>1 0 0 0 1 0 0 0 1 -1.80828 0.382702 -0.395359</i>
                        <i>1 0 0 0 1 0 0 0 1 -1.85821 0.380347 -0.436837</i>
                        <i>1 0 0 0 1 0 0 0 1 -1.90211 0.371443 -0.479593</i>
                        <i>1 0 0 0 1 0 0 0 1 -1.94059 0.350192 -0.524212</i>
                        <i>1 0 0 0 1 0 0 0 1 -1.97436 0.324742 -0.570697</i>
                        <i>1 0 0 0 1 0 0 0 1 -2.00573 0.290496 -0.617555</i>
                        <i>1 0 0 0 1 0 0 0 1 -2.02597 0.298016 -0.658952</i>
                        <i>1 0 0 0 1 0 0 0 1 -2.02947 0.359203 -0.684372</i>
                        <i>1 0 0 0 1 0 0 0 1 -2.03052 0.396306 -0.705925</i>
                        <i>1 0 0 0 1 0 0 0 1 -2.03074 0.425585 -0.722989</i>
                        <i>1 0 0 0 1 0 0 0 1 -2.03108 0.442923 -0.733644</i>
                        <i>1 0 0 0 1 0 0 0 1 -2.03195 0.447167 -0.736708</i>
                        <i>1 0 0 0 1 0 0 0 1 -2.03332 0.438792 -0.732806</i>
                        <i>1 0 0 0 1 0 0 0 1 -2.03506 0.417543 -0.722616</i>
                        <i>1 0 0 0 1 0 0 0 1 -2.03685 0.383071 -0.706381</i>
                        <i>1 0 0 0 1 0 0 0 1 -2.03813 0.334472 -0.685296</i>
                        <i>1 0 0 0 1 0 0 0 1 -2.03694 0.282009 -0.66104</i>
                        <i>1 0 0 0 1 0 0 0 1 -2.02517 0.286517 -0.636141</i>
                        <i>1 0 0 0 1 0 0 0 1 -2.01011 0.296179 -0.6142</i>
                        <i>1 0 0 0 1 0 0 0 1 -1.99317 0.307564 -0.595876</i>
                        <i>1 0 0 0 1 0 0 0 1 -1.97387 0.310633 -0.582237</i>
                        <i>1 0 0 0 1 0 0 0 1 -1.95155 0.306111 -0.572484</i>
                        <i>1 0 0 0 1 0 0 0 1 -1.9257 0.293239 -0.565642</i>
                        <i>1 0 0 0 1 0 0 0 1 -1.898 0.284243 -0.563924</i>
                        <i>1 0 0 0 1 0 0 0 1 -1.88077 0.315787 -0.563631</i>
                        <i>1 0 0 0 1 0 0 0 1 -1.86694 0.332392 -0.560824</i>
                        <i>1 0 0 0 1 0 0 0 1 -1.85899 0.336011 -0.555652</i>
                        <i>1 0 0 0 1 0 0 0 1 -1.857 0.324034 -0.548191</i>
                        <i>1 0 0 0 1 0 0 0 1 -1.85877 0.301159 -0.540093</i>
                        <i>1 0 0 0 1 0 0 0 1 -1.86517 0.301162 -0.537154</i>
                        <i>1 0 0 0 1 0 0 0 1 -1.87096 0.30156 -0.538889</i>
                        <i>1 0 0 0 1 0 0 0 1 -1.87464 0.296335 -0.546112</i>
                        <i>1 0 0 0 1 0 0 0 1 -1.87856 0.293159 -0.554648</i>
                        <i>1 0 0 0 1 0 0 0 1 -1.88533 0.297012 -0.561164</i>
                        <i>1 0 0 0 1 0 0 0 1 -1.89339 0.284586 -0.565385</i>
                        <i>1 0 0 0 1 0 0 0 1 -1.90729 0.278311 -0.571843</i>
                        <i>1 0 0 0 1 0 0 0 1 -1.92078 0.276583 -0.582204</i>
                        <i>1 0 0 0 1 0 0 0 1 -1.93147 0.274859 -0.592454</i>
                        <i>1 0 0 0 1 0 0 0 1 -1.94238 0.27516 -0.601844</i>
                        <i>1 0 0 0 1 0 0 0 1 -1.95292 0.275962 -0.611148</i>
                        <i>1 0 0 0 1 0 0 0 1 -1.96306 0.276146 -0.619974</i>
                    </KeyFrames>
                </p>
            </i>
            <i>
                <p>
                    <Name>
                        <![CDATA[spine0]]>
</Name>
                    <Exclude>0</Exclude>
                    <Additive>0</Additive>
                    <IKPriority>0</IKPriority>
                    <IKRotLimits>-1e+010 -1e+010 -1e+010 1e+010 1e+010 1e+010</IKRotLimits>
                    <IKRotLimitOrder>0</IKRotLimitOrder>
                    <KeyFrames count="105">
                        <i>0.000114989 0.999783 -0.0208157 -0.997297 0.00164411 0.0734578 0.0734761 0.0207509 0.997081 0.00344209 1.35311 -0.033732</i>
                        <i>-0.00878431 0.999783 -0.0188717 -0.870441 0.00164411 0.49227 0.492195 0.0207509 0.870238 -0.0179075 1.42826 -0.0191769</i>
                        <i>-0.0157437 0.999783 -0.0136177 -0.592425 0.00164411 0.805624 0.805472 0.0207509 0.592271 -0.0305198 1.49819 0.00215871</i>
                        <i>-0.0198998 0.999783 -0.00610762 -0.217003 0.00164411 0.97617 0.975968 0.0207509 0.216923 -0.0333297 1.53103 0.0263451</i>
                        <i>-0.020688 0.999783 0.0023044 0.188838 0.00164411 0.982007 0.98179 0.0207509 -0.188831 -0.0263271 1.49089 0.0492668</i>
                        <i>-0.0181348 0.999783 0.0102192 0.558194 0.00164411 0.829709 0.829512 0.0207509 -0.558103 -0.0110586 1.39349 0.0673097</i>
                        <i>-0.0128951 0.999779 0.0166122 0.83515 0.00163267 0.55002 0.549871 0.0209662 -0.834986 0.010087 1.29188 0.0778263</i>
                        <i>-0.0052249 0.999839 0.0171395 0.980419 0.00174787 0.196914 0.196852 0.0178327 -0.980271 0.0254089 1.21318 0.0794428</i>
                        <i>0.00589585 0.999908 -0.0122181 0.99117 -0.00746197 -0.132384 -0.132463 -0.0113297 -0.991123 0.0351108 1.28254 0.0719977</i>
                        <i>0.0156798 0.998945 -0.0431555 0.896372 -0.0331673 -0.442061 -0.443026 -0.031752 -0.895946 0.0429902 1.28013 0.0595031</i>
                        <i>0.0221814 0.997027 -0.0737866 0.712323 -0.067548 -0.698594 -0.701501 -0.0370641 -0.711704 0.0469212 1.22863 0.0428976</i>
                        <i>0.0196495 0.994858 -0.0993542 0.473898 -0.0967689 -0.875247 -0.880361 -0.0298856 -0.473362 0.0397387 1.22848 0.0175468</i>
                        <i>0.0131564 0.991627 -0.12846 0.215436 -0.128265 -0.968058 -0.976429 -0.0149388 -0.215319 0.0282359 1.21332 -0.0233782</i>
                        <i>-0.000264713 0.991401 -0.130859 -0.0583922 -0.130651 -0.989707 -0.998294 0.00737918 0.0579247 0.00841777 1.21481 -0.0282789</i>
                        <i>-0.0212436 0.988124 -0.152186 -0.308585 -0.151268 -0.939092 -0.950959 0.0270125 0.308134 -0.0205166 1.21681 -0.0467865</i>
                        <i>-0.0467074 0.985053 -0.1658 -0.523507 -0.1655 -0.835793 -0.85074 0.0477598 0.523412 -0.0546879 1.21843 -0.0531916</i>
                        <i>-0.0760603 0.98215 -0.172038 -0.698648 -0.175597 -0.693582 -0.711411 0.0674402 0.699533 -0.093463 1.21961 -0.060318</i>
                        <i>-0.108297 0.97911 -0.172093 -0.829921 -0.184344 -0.526544 -0.547269 0.0858009 0.832547 -0.135676 1.22009 -0.0700421</i>
                        <i>-0.141893 0.975859 -0.166026 -0.917876 -0.192507 -0.347051 -0.370635 0.103147 0.923033 -0.179468 1.22001 -0.0821801</i>
                        <i>-0.174143 0.972527 -0.154483 -0.966795 -0.198653 -0.160761 -0.187033 0.121358 0.974829 -0.221346 1.21968 -0.0964863</i>
                        <i>-0.203679 0.969158 -0.138736 -0.979036 -0.201885 0.0270312 -0.00181112 0.141333 0.98996 -0.259576 1.21875 -0.111057</i>
                        <i>-0.229802 0.965856 -0.119636 -0.956674 -0.201595 0.210081 0.17879 0.16273 0.970337 -0.293315 1.2175 -0.125868</i>
                        <i>-0.252572 0.962571 -0.0983101 -0.902408 -0.197683 0.382859 0.349095 0.185415 0.918561 -0.322712 1.21604 -0.13962</i>
                        <i>-0.273523 0.958895 -0.0755309 -0.819916 -0.19138 0.539548 0.502915 0.209508 0.83856 -0.349864 1.21489 -0.14924</i>
                        <i>-0.291441 0.955225 -0.0510581 -0.71404 -0.181716 0.676111 0.636561 0.233504 0.735028 -0.373226 1.21328 -0.157673</i>
                        <i>-0.305919 0.951707 -0.0258337 -0.589114 -0.167911 0.790411 0.747902 0.257021 0.612031 -0.392294 1.2112 -0.165674</i>
                        <i>-0.317117 0.948386 -0.00101899 -0.44931 -0.149292 0.880814 0.835199 0.279779 0.473462 -0.409843 1.20851 -0.173723</i>
                        <i>-0.325532 0.945206 0.0248011 -0.297898 -0.127421 0.946055 0.897377 0.300583 0.323055 -0.431093 1.20498 -0.179062</i>
                        <i>-0.33145 0.94196 0.0534099 -0.151071 -0.108867 0.98251 0.931299 0.317584 0.178387 -0.455187 1.20015 -0.178366</i>
                        <i>-0.335755 0.940027 0.0601525 0.0217304 -0.0561126 0.998188 0.941699 0.336454 -0.00158706 -0.483126 1.19614 -0.203831</i>
                        <i>-0.337957 0.936771 0.0908053 0.181144 -0.0299354 0.983001 0.923565 0.348661 -0.159574 -0.506287 1.19524 -0.200383</i>
                        <i>-0.341174 0.93308 0.113848 0.32622 0.0039423 0.945286 0.881579 0.359646 -0.305734 -0.52399 1.19626 -0.208892</i>
                        <i>-0.34481 0.928647 0.136826 0.458648 0.039499 0.88774 0.818992 0.368856 -0.439541 -0.535102 1.19605 -0.216331</i>
                        <i>-0.34745 0.923983 0.159793 0.57707 0.076379 0.813115 0.7391 0.374729 -0.559741 -0.54572 1.19492 -0.222186</i>
                        <i>-0.348654 0.919369 0.182211 0.680321 0.114527 0.723911 0.644674 0.376356 -0.665396 -0.559426 1.1928 -0.226778</i>
                        <i>-0.348819 0.914796 0.203651 0.767638 0.154226 0.62205 0.53764 0.373314 -0.756029 -0.57672 1.18979 -0.230138</i>
                        <i>-0.348761 0.909995 0.224222 0.837876 0.195548 0.509632 0.419916 0.36561 -0.830662 -0.596256 1.18662 -0.233499</i>
                        <i>-0.349203 0.904513 0.244773 0.88941 0.237716 0.390436 0.294968 0.354045 -0.887494 -0.615021 1.18366 -0.238236</i>
                        <i>-0.349458 0.898874 0.264394 0.922361 0.28043 0.265723 0.164708 0.336726 -0.927085 -0.637488 1.17951 -0.24125</i>
                        <i>-0.349982 0.893021 0.28289 0.936259 0.323623 0.136703 0.030529 0.312702 -0.949361 -0.6644 1.17367 -0.242696</i>
                        <i>-0.35133 0.886853 0.300098 0.930191 0.367052 0.00427461 -0.106361 0.28065 -0.953899 -0.696062 1.16568 -0.242697</i>
                        <i>-0.354011 0.880306 0.315813 0.902748 0.409877 -0.130564 -0.24438 0.238879 -0.939795 -0.733212 1.15522 -0.241102</i>
                        <i>-0.358569 0.873313 0.329776 0.851912 0.450567 -0.266899 -0.381672 0.185238 -0.905546 -0.776844 1.14025 -0.237254</i>
                        <i>-0.367165 0.863922 0.344714 0.777019 0.488593 -0.396886 -0.511303 0.122127 -0.850678 -0.821074 1.13416 -0.236219</i>
                        <i>-0.379273 0.850675 0.36401 0.687235 0.522402 -0.504781 -0.619564 0.0587111 -0.782747 -0.858204 1.13072 -0.241671</i>
                        <i>-0.392871 0.83496 0.385349 0.585936 0.550254 -0.594895 -0.708753 -0.00792711 -0.705412 -0.894975 1.12296 -0.244185</i>
                        <i>-0.407048 0.817217 0.408006 0.475331 0.570955 -0.669381 -0.779982 -0.0785318 -0.620855 -0.937127 1.11036 -0.240793</i>
                        <i>-0.423092 0.795617 0.433573 0.361626 0.587022 -0.724315 -0.830795 -0.149661 -0.53608 -0.97908 1.0987 -0.23663</i>
                        <i>-0.440141 0.769881 0.462125 0.249598 0.599273 -0.76064 -0.862541 -0.219443 -0.455925 -1.02082 1.08155 -0.231043</i>
                        <i>-0.457981 0.739592 0.49321 0.139675 0.607792 -0.781716 -0.87792 -0.289122 -0.38166 -1.06314 1.05744 -0.223404</i>
                        <i>-0.476705 0.704056 0.526363 0.0315171 0.612081 -0.790167 -0.878498 -0.360087 -0.313972 -1.10605 1.02561 -0.214028</i>
                        <i>-0.496303 0.662475 0.561078 -0.0756826 0.610816 -0.788147 -0.864844 -0.433624 -0.253012 -1.14962 0.984933 -0.203199</i>
                        <i>-0.516537 0.613944 0.596877 -0.182862 0.601896 -0.777356 -0.836511 -0.510679 -0.198635 -1.19378 0.933862 -0.191095</i>
                        <i>-0.536972 0.557536 0.633099 -0.290571 0.582312 -0.759263 -0.791978 -0.591664 -0.150682 -1.23837 0.870508 -0.178024</i>
                        <i>-0.557014 0.492384 0.6688 -0.398576 0.548005 -0.73541 -0.728609 -0.676202 -0.108994 -1.28325 0.792444 -0.164546</i>
                        <i>-0.57585 0.41746 0.70294 -0.504943 0.494607 -0.707387 -0.642984 -0.762293 -0.0740257 -1.32913 0.699809 -0.15028</i>
                        <i>-0.591842 0.332369 0.734339 -0.602744 0.422398 -0.676964 -0.535185 -0.843274 -0.0496591 -1.37833 0.59319 -0.132403</i>
                        <i>-0.603563 0.236054 0.761571 -0.68738 0.329936 -0.647032 -0.404004 -0.914013 -0.0368784 -1.42849 0.459169 -0.110778</i>
                        <i>-0.610187 0.143408 0.77917 -0.750802 0.209293 -0.626492 -0.252919 -0.96728 -0.0200373 -1.50132 0.406844 -0.104402</i>
                        <i>-0.611844 0.0564035 0.788965 -0.785357 0.0753961 -0.614435 -0.0941412 -0.995557 -0.00183373 -1.58353 0.35604 -0.10972</i>
                        <i>-0.608502 -0.0236408 0.7932 -0.78918 -0.0867612 -0.608003 0.0831927 -0.995949 0.0341375 -1.6637 0.298894 -0.123789</i>
                        <i>-0.602334 -0.073535 0.79485 -0.750771 -0.286083 -0.595398 0.271176 -0.955379 0.117109 -1.73621 0.284081 -0.153759</i>
                        <i>-0.597127 -0.0939569 0.796625 -0.678916 -0.469725 -0.564297 0.427214 -0.877799 0.216697 -1.80116 0.308465 -0.192128</i>
                        <i>-0.591484 -0.104376 0.799532 -0.595032 -0.612659 -0.520178 0.544135 -0.783425 0.300272 -1.86157 0.32165 -0.230669</i>
                        <i>-0.586136 -0.10485 0.803399 -0.504388 -0.728788 -0.463099 0.634064 -0.676664 0.374284 -1.91704 0.322864 -0.270754</i>
                        <i>-0.581116 -0.0942127 0.808349 -0.413013 -0.821718 -0.392682 0.701231 -0.562052 0.438602 -1.96679 0.321127 -0.312035</i>
                        <i>-0.576234 -0.0720136 0.814106 -0.326627 -0.892811 -0.310166 0.749179 -0.444637 0.490947 -2.01032 0.314961 -0.354302</i>
                        <i>-0.571237 -0.0384056 0.819886 -0.246477 -0.944775 -0.215983 0.782903 -0.32546 0.530224 -2.04822 0.298551 -0.398274</i>
                        <i>-0.565673 0.00820406 0.824589 -0.174261 -0.978558 -0.109808 0.806007 -0.205809 0.554973 -2.08121 0.280353 -0.444139</i>
                        <i>-0.558572 0.0674777 0.826707 -0.11004 -0.993904 0.00677493 0.822124 -0.0871868 0.562592 -2.11143 0.255727 -0.490655</i>
                        <i>-0.550438 0.132243 0.824336 -0.0550264 -0.990975 0.122233 0.833061 0.0219215 0.552747 -2.13027 0.274003 -0.532341</i>
                        <i>-0.54529 0.180683 0.818543 -0.015149 -0.978458 0.205891 0.838111 0.0998699 0.53628 -2.13286 0.34328 -0.55862</i>
                        <i>-0.540709 0.218691 0.812286 0.0168388 -0.962609 0.270371 0.841041 0.15987 0.516809 -2.13309 0.386745 -0.581087</i>
                        <i>-0.537243 0.243554 0.807497 0.0382623 -0.949376 0.311804 0.842559 0.198411 0.500727 -2.13267 0.420196 -0.598841</i>
                        <i>-0.535229 0.257102 0.804629 0.0515141 -0.940847 0.334893 0.843135 0.220694 0.490324 -2.13265 0.439792 -0.6099</i>
                        <i>-0.534843 0.260138 0.80391 0.0577508 -0.937948 0.341933 0.842975 0.229307 0.486632 -2.13343 0.444501 -0.613053</i>
                        <i>-0.53605 0.252826 0.805437 0.0571456 -0.941043 0.333425 0.84225 0.22476 0.489999 -2.13503 0.434821 -0.608909</i>
                        <i>-0.538735 0.235104 0.809006 0.0495917 -0.949758 0.309032 0.841014 0.206606 0.500009 -2.13725 0.410491 -0.598181</i>
                        <i>-0.542643 0.207061 0.814042 0.0350579 -0.962712 0.268247 0.839231 0.174101 0.51515 -2.13975 0.371188 -0.5812</i>
                        <i>-0.547325 0.1685 0.819782 0.0128994 -0.977708 0.209572 0.836821 0.125279 0.532951 -2.14187 0.315994 -0.559274</i>
                        <i>-0.552088 0.121049 0.824952 -0.0173066 -0.990856 0.13381 0.833606 0.059598 0.549135 -2.14154 0.255483 -0.53427</i>
                        <i>-0.554986 0.079867 0.828017 -0.0511987 -0.996773 0.0618281 0.830283 -0.00807967 0.557284 -2.13028 0.253132 -0.508919</i>
                        <i>-0.556635 0.0513636 0.829168 -0.0878893 -0.996127 0.00270441 0.826095 -0.0713696 0.558993 -2.11549 0.258238 -0.486803</i>
                        <i>-0.557667 0.0374352 0.82922 -0.128452 -0.990841 -0.0416549 0.820066 -0.129744 0.557368 -2.09868 0.267715 -0.468464</i>
                        <i>-0.558397 0.0362644 0.828781 -0.174537 -0.981818 -0.074635 0.811005 -0.186329 0.554574 -2.07943 0.271224 -0.454886</i>
                        <i>-0.558592 0.0477685 0.828066 -0.227791 -0.968789 -0.0977757 0.79755 -0.243243 0.552039 -2.057 0.2695 -0.445243</i>
                        <i>-0.557779 0.0717425 0.826883 -0.290098 -0.950274 -0.113239 0.777642 -0.303039 0.550855 -2.0308 0.261773 -0.438611</i>
                        <i>-0.555768 0.109172 0.824138 -0.355582 -0.927299 -0.116954 0.751454 -0.358048 0.554183 -2.00244 0.260365 -0.437442</i>
                        <i>-0.552364 0.133762 0.822801 -0.406422 -0.904995 -0.125715 0.727815 -0.403845 0.554251 -1.98432 0.297009 -0.437402</i>
                        <i>-0.549542 0.145746 0.822655 -0.443408 -0.885424 -0.139335 0.708091 -0.441342 0.551203 -1.96975 0.316277 -0.43459</i>
                        <i>-0.547481 0.145158 0.824132 -0.461989 -0.873583 -0.153037 0.697733 -0.464524 0.545331 -1.96131 0.320059 -0.429081</i>
                        <i>-0.546146 0.132798 0.827097 -0.463573 -0.8703 -0.16637 0.697728 -0.474282 0.536872 -1.95907 0.305902 -0.420976</i>
                        <i>-0.545602 0.109787 0.830822 -0.448901 -0.875447 -0.17911 0.707677 -0.470679 0.526929 -1.96085 0.278714 -0.412075</i>
                        <i>-0.545678 0.0926652 0.832855 -0.432349 -0.882508 -0.185081 0.717851 -0.461078 0.521629 -1.96737 0.275427 -0.4087</i>
                        <i>-0.545352 0.0887391 0.833497 -0.421237 -0.888707 -0.180996 0.724673 -0.449806 0.522038 -1.97318 0.274965 -0.41032</i>
                        <i>-0.544398 0.10039 0.832798 -0.414685 -0.895217 -0.163164 0.729155 -0.434176 0.528985 -1.97673 0.271719 -0.417747</i>
                        <i>-0.543552 0.11431 0.831556 -0.405075 -0.903409 -0.140593 0.735164 -0.413262 0.537353 -1.98056 0.270881 -0.426603</i>
                        <i>-0.543442 0.119809 0.830853 -0.379514 -0.917901 -0.11587 0.748759 -0.378289 0.544295 -1.98746 0.275345 -0.433322</i>
                        <i>-0.544073 0.111691 0.831571 -0.34345 -0.93391 -0.0992732 0.765524 -0.339615 0.546475 -1.99581 0.26096 -0.437429</i>
                        <i>-0.54583 0.102085 0.831654 -0.301779 -0.949891 -0.081465 0.781664 -0.295442 0.549286 -2.01022 0.252387 -0.443899</i>
                        <i>-0.547124 0.106043 0.830307 -0.268704 -0.961695 -0.0542373 0.792751 -0.252781 0.55466 -2.02407 0.250896 -0.454563</i>
                        <i>-0.548249 0.113771 0.828541 -0.236848 -0.971266 -0.0233543 0.802076 -0.209042 0.559442 -2.03507 0.250097 -0.465187</i>
                        <i>-0.549953 0.118367 0.826765 -0.203472 -0.979069 0.00482518 0.810031 -0.16557 0.562526 -2.04637 0.250745 -0.474933</i>
                        <i>-0.552425 0.123509 0.824362 -0.174031 -0.984257 0.030842 0.815193 -0.126427 0.565222 -2.05742 0.252046 -0.484706</i>
                        <i>-0.555656 0.128146 0.821478 -0.145667 -0.987773 0.0555559 0.818552 -0.0887925 0.567528 -2.06819 0.252655 -0.494086</i>
                    </KeyFrames>
                </p>
            </i>
            <i>
                <p>
                    <Name>
                        <![CDATA[spine1]]>
</Name>
                    <Exclude>0</Exclude>
                    <Additive>0</Additive>
                    <IKPriority>0</IKPriority>
                    <IKRotLimits>-1e+010 -1e+010 -1e+010 1e+010 1e+010 1e+010</IKRotLimits>
                    <IKRotLimitOrder>0</IKRotLimitOrder>
                    <KeyFrames count="105">
                        <i>-0.0333261 0.999435 -0.00431907 -0.996566 -0.032902 0.0759839 0.0757989 0.00683649 0.9971 0.00201331 1.5244 -0.0377469</i>
                        <i>-0.0319794 0.999435 0.0103247 -0.868701 -0.032902 0.494243 0.494303 0.00683649 0.869263 -0.0301606 1.59955 -0.023479</i>
                        <i>-0.0249443 0.999435 0.0225181 -0.59003 -0.032902 0.80671 0.806996 0.00683649 0.590518 -0.0522996 1.66948 0.00194157</i>
                        <i>-0.013738 0.999435 0.0306684 -0.214374 -0.032902 0.976197 0.976655 0.00683649 0.214705 -0.0620423 1.70233 0.0336141</i>
                        <i>-0.000417606 0.999435 0.0336022 0.191262 -0.032902 0.980987 0.981539 0.00683649 -0.19114 -0.0583418 1.66218 0.0660207</i>
                        <i>0.01277 0.999435 0.0310839 0.560025 -0.032902 0.827822 0.828377 0.00683649 -0.560129 -0.0423773 1.56478 0.0939249</i>
                        <i>0.0236677 0.999433 0.0239338 0.836115 -0.0329129 0.547566 0.548043 0.0070518 -0.83642 -0.0168446 1.46317 0.113162</i>
                        <i>0.0314167 0.999454 0.0102251 0.980377 -0.0328057 0.194384 0.194613 0.00391756 -0.980872 0.00574855 1.38454 0.120352</i>
                        <i>0.0382961 0.998796 -0.030645 0.990126 -0.0420665 -0.133721 -0.13485 -0.0252214 -0.990545 0.0239332 1.45455 0.109909</i>
                        <i>0.0404539 0.99666 -0.070933 0.894469 -0.067761 -0.441965 -0.445296 -0.0455682 -0.894223 0.0404615 1.45254 0.0918996</i>
                        <i>0.0369754 0.993481 -0.107833 0.709826 -0.102065 -0.696943 -0.703406 -0.0507727 -0.708973 0.0520604 1.40104 0.0677056</i>
                        <i>0.0237036 0.990404 -0.136155 0.4713 -0.13118 -0.872163 -0.881654 -0.0434964 -0.469887 0.0496561 1.40054 0.0340936</i>
                        <i>0.00693865 0.986296 -0.16484 0.213039 -0.162518 -0.963433 -0.977019 -0.0284325 -0.211247 0.0407035 1.38471 -0.0167876</i>
                        <i>-0.0162429 0.986299 -0.164165 -0.0602004 -0.164853 -0.984479 -0.998054 -0.00610802 0.0620533 0.0207664 1.38573 -0.027312</i>
                        <i>-0.0451924 0.982586 -0.180228 -0.30943 -0.185308 -0.932692 -0.949848 0.0136172 0.312416 -0.011272 1.38687 -0.0551928</i>
                        <i>-0.0766652 0.979316 -0.187252 -0.523156 -0.199386 -0.828585 -0.848782 0.0344384 0.527621 -0.050708 1.3876 -0.0691947</i>
                        <i>-0.110102 0.976341 -0.186108 -0.696918 -0.20934 -0.685917 -0.708648 0.0541808 0.703478 -0.0965586 1.38791 -0.0820209</i>
                        <i>-0.144558 0.973257 -0.17853 -0.826692 -0.217942 -0.518731 -0.543768 0.0726024 0.83609 -0.147216 1.38752 -0.0955962</i>
                        <i>-0.178701 0.96997 -0.164997 -0.913105 -0.225956 -0.339387 -0.366478 0.0900109 0.926063 -0.200283 1.38653 -0.109667</i>
                        <i>-0.210052 0.966682 -0.146299 -0.960538 -0.231949 -0.153512 -0.182332 0.108281 0.977257 -0.251602 1.38524 -0.124145</i>
                        <i>-0.2374 0.963483 -0.123861 -0.971406 -0.235026 0.033651 0.00331156 0.128308 0.991729 -0.299056 1.3833 -0.137373</i>
                        <i>-0.260206 0.960493 -0.0987228 -0.947819 -0.234582 0.215894 0.184206 0.149748 0.971413 -0.341528 1.381 -0.14948</i>
                        <i>-0.278703 0.957662 -0.0721642 -0.892482 -0.230517 0.387735 0.354684 0.172468 0.918942 -0.379048 1.37842 -0.159395</i>
                        <i>-0.294638 0.954544 -0.0451041 -0.809029 -0.224045 0.543393 0.508587 0.196594 0.838266 -0.413862 1.37605 -0.164228</i>
                        <i>-0.307015 0.951546 -0.0173762 -0.702349 -0.214216 0.678836 0.642221 0.220617 0.734085 -0.444082 1.37319 -0.166937</i>
                        <i>-0.315608 0.948836 0.0100611 -0.576791 -0.200254 0.791966 0.753461 0.244148 0.610482 -0.469051 1.36987 -0.168523</i>
                        <i>-0.320746 0.946479 0.0360452 -0.436521 -0.181489 0.881199 0.840578 0.266906 0.47137 -0.49151 1.36596 -0.169754</i>
                        <i>-0.323052 0.944348 0.061999 -0.284794 -0.159482 0.945229 0.902513 0.287701 0.320466 -0.51673 1.36124 -0.167662</i>
                        <i>-0.323417 0.941983 0.0898248 -0.137787 -0.140796 0.980404 0.936171 0.304703 0.175329 -0.543727 1.35531 -0.158893</i>
                        <i>-0.321602 0.942139 0.0945877 0.0350789 -0.0879713 0.995505 0.946225 0.323474 -0.0047575 -0.573994 1.35017 -0.179666</i>
                        <i>-0.318547 0.93996 0.122485 0.19444 -0.0616745 0.978974 0.927751 0.335665 -0.163119 -0.598419 1.3482 -0.167105</i>
                        <i>-0.317334 0.937597 0.142165 0.339462 -0.027669 0.940213 0.885475 0.346621 -0.309498 -0.617011 1.34805 -0.168031</i>
                        <i>-0.317266 0.934524 0.161266 0.471819 0.00803675 0.881659 0.822635 0.355809 -0.443476 -0.628597 1.34654 -0.167994</i>
                        <i>-0.316928 0.931221 0.179957 0.590114 0.0450669 0.806061 0.742511 0.361659 -0.563809 -0.639056 1.34411 -0.166511</i>
                        <i>-0.315883 0.927951 0.197799 0.693169 0.0833544 0.715939 0.647869 0.363261 -0.669557 -0.651928 1.34078 -0.164046</i>
                        <i>-0.314527 0.924711 0.214437 0.780241 0.123183 0.613229 0.540645 0.36019 -0.760241 -0.667822 1.33665 -0.160735</i>
                        <i>-0.313688 0.921233 0.230064 0.850217 0.164631 0.500028 0.422767 0.352457 -0.834891 -0.685579 1.3324 -0.157827</i>
                        <i>-0.314096 0.917051 0.245686 0.901503 0.206942 0.380088 0.297717 0.340871 -0.891724 -0.702382 1.32829 -0.156593</i>
                        <i>-0.315033 0.91265 0.26043 0.934202 0.249793 0.254698 0.167396 0.323532 -0.931292 -0.722608 1.32306 -0.154112</i>
                        <i>-0.316953 0.907958 0.274142 0.94786 0.293119 0.125074 0.0332058 0.29949 -0.953521 -0.747111 1.31623 -0.150585</i>
                        <i>-0.320424 0.902847 0.286698 0.941588 0.336675 -0.00787874 -0.103637 0.267427 -0.957989 -0.776322 1.30735 -0.146181</i>
                        <i>-0.325982 0.8972 0.297939 0.913998 0.379623 -0.143154 -0.241542 0.22565 -0.94379 -0.811097 1.29612 -0.140815</i>
                        <i>-0.334213 0.890869 0.307659 0.863096 0.420431 -0.279826 -0.378638 0.172017 -0.909419 -0.852555 1.28055 -0.133916</i>
                        <i>-0.347204 0.881916 0.318862 0.788305 0.458642 -0.41015 -0.507961 0.108954 -0.854461 -0.89536 1.27358 -0.13009</i>
                        <i>-0.363921 0.86896 0.335365 0.698793 0.492772 -0.518522 -0.615833 0.0456496 -0.786553 -0.93205 1.26857 -0.13233</i>
                        <i>-0.382259 0.853286 0.354656 0.597859 0.521026 -0.609176 -0.704587 -0.0208284 -0.709312 -0.968954 1.25885 -0.131552</i>
                        <i>-0.401244 0.835283 0.375905 0.487679 0.542198 -0.684244 -0.775353 -0.0912277 -0.624904 -1.01163 1.24405 -0.124872</i>
                        <i>-0.421918 0.81326 0.400742 0.374503 0.558871 -0.739873 -0.825671 -0.162086 -0.540365 -1.05484 1.22948 -0.117008</i>
                        <i>-0.44327 0.786989 0.429139 0.263073 0.571875 -0.777014 -0.856916 -0.231532 -0.46053 -1.09842 1.20862 -0.107193</i>
