<?xml version="1.0" encoding="ISO-8859-1" ?>
<Animl Version="1">
    <ModellingPackage>
        <![CDATA[Maya.2010]]>
</ModellingPackage>
    <SrcFile>
        <![CDATA[anims\characters\shared\base_soldier\~src\infantry\fall.mb]]>
</SrcFile>
    <FramesPerSecond>30</FramesPerSecond>
    <TotalFrames>48</TotalFrames>
    <Skeleton>
        <RefFrame>
            <Name>
                <![CDATA[soldier_ref_frame]]>
</Name>
            <Exclude>0</Exclude>
            <Additive>0</Additive>
            <IKPriority>0</IKPriority>
            <IKRotLimits>-1e+010 -1e+010 -1e+010 1e+010 1e+010 1e+010</IKRotLimits>
            <IKRotLimitOrder>0</IKRotLimitOrder>
            <KeyFrames count="48">
                <i>1 0 0 0 1 0 0 0 1 0 0 0.209003</i>
                <i>1 0 0 0 1 0 0 0 1 0 0 0.209003</i>
                <i>1 0 0 0 1 0 0 0 1 0 0 0.209003</i>
                <i>1 0 0 0 1 0 0 0 1 0 0 0.209003</i>
                <i>1 0 0 0 1 0 0 0 1 0 0 0.209003</i>
                <i>1 0 0 0 1 0 0 0 1 0 0 0.209003</i>
                <i>1 0 0 0 1 0 0 0 1 0 0 0.209003</i>
                <i>1 0 0 0 1 0 0 0 1 0 0 0.209003</i>
                <i>1 0 0 0 1 0 0 0 1 0 0 0.209003</i>
                <i>1 0 0 0 1 0 0 0 1 0 0 0.209003</i>
                <i>1 0 0 0 1 0 0 0 1 0 0 0.209003</i>
                <i>1 0 0 0 1 0 0 0 1 0 0 0.209003</i>
                <i>1 0 0 0 1 0 0 0 1 0 0 0.209003</i>
                <i>1 0 0 0 1 0 0 0 1 0 0 0.209003</i>
                <i>1 0 0 0 1 0 0 0 1 0 0 0.209003</i>
                <i>1 0 0 0 1 0 0 0 1 0 0 0.209003</i>
                <i>1 0 0 0 1 0 0 0 1 0 0 0.209003</i>
                <i>1 0 0 0 1 0 0 0 1 0 0 0.209003</i>
                <i>1 0 0 0 1 0 0 0 1 0 0 0.209003</i>
                <i>1 0 0 0 1 0 0 0 1 0 0 0.209003</i>
                <i>1 0 0 0 1 0 0 0 1 0 0 0.209003</i>
                <i>1 0 0 0 1 0 0 0 1 0 0 0.209003</i>
                <i>1 0 0 0 1 0 0 0 1 0 0 0.209003</i>
                <i>1 0 0 0 1 0 0 0 1 0 0 0.209003</i>
                <i>1 0 0 0 1 0 0 0 1 0 0 0.209003</i>
                <i>1 0 0 0 1 0 0 0 1 0 0 0.209003</i>
                <i>1 0 0 0 1 0 0 0 1 0 0 0.209003</i>
                <i>1 0 0 0 1 0 0 0 1 0 0 0.209003</i>
                <i>1 0 0 0 1 0 0 0 1 0 0 0.209003</i>
                <i>1 0 0 0 1 0 0 0 1 0 0 0.209003</i>
                <i>1 0 0 0 1 0 0 0 1 0 0 0.209003</i>
                <i>1 0 0 0 1 0 0 0 1 0 0 0.209003</i>
                <i>1 0 0 0 1 0 0 0 1 0 0 0.209003</i>
                <i>1 0 0 0 1 0 0 0 1 0 0 0.209003</i>
                <i>1 0 0 0 1 0 0 0 1 0 0 0.209003</i>
                <i>1 0 0 0 1 0 0 0 1 0 0 0.209003</i>
                <i>1 0 0 0 1 0 0 0 1 0 0 0.209003</i>
                <i>1 0 0 0 1 0 0 0 1 0 0 0.209003</i>
                <i>1 0 0 0 1 0 0 0 1 0 0 0.209003</i>
                <i>1 0 0 0 1 0 0 0 1 0 0 0.209003</i>
                <i>1 0 0 0 1 0 0 0 1 0 0 0.209003</i>
                <i>1 0 0 0 1 0 0 0 1 0 0 0.209003</i>
                <i>1 0 0 0 1 0 0 0 1 0 0 0.209003</i>
                <i>1 0 0 0 1 0 0 0 1 0 0 0.209003</i>
                <i>1 0 0 0 1 0 0 0 1 0 0 0.209003</i>
                <i>1 0 0 0 1 0 0 0 1 0 0 0.209003</i>
                <i>1 0 0 0 1 0 0 0 1 0 0 0.209003</i>
                <i>1 0 0 0 1 0 0 0 1 0 0 0.209003</i>
            </KeyFrames>
        </RefFrame>
        <Bones count="23">
            <i>
                <p>
                    <Name>
                        <![CDATA[pelvis]]>
</Name>
                    <Exclude>0</Exclude>
                    <Additive>0</Additive>
                    <IKPriority>0</IKPriority>
                    <IKRotLimits>-1e+010 -1e+010 -1e+010 1e+010 1e+010 1e+010</IKRotLimits>
                    <IKRotLimitOrder>2</IKRotLimitOrder>
                    <KeyFrames count="48">
                        <i>1 0 0 0 1 0 0 0 1 -0.108421 1.12745 0.19872</i>
                        <i>1 0 0 0 1 0 0 0 1 -0.106732 1.12654 0.194451</i>
                        <i>1 0 0 0 1 0 0 0 1 -0.10486 1.12675 0.189643</i>
                        <i>1 0 0 0 1 0 0 0 1 -0.102906 1.12787 0.18461</i>
                        <i>1 0 0 0 1 0 0 0 1 -0.100967 1.12968 0.179658</i>
                        <i>1 0 0 0 1 0 0 0 1 -0.0991284 1.13196 0.175081</i>
                        <i>1 0 0 0 1 0 0 0 1 -0.0974711 1.13449 0.171166</i>
                        <i>1 0 0 0 1 0 0 0 1 -0.0960671 1.13705 0.168192</i>
                        <i>1 0 0 0 1 0 0 0 1 -0.0949832 1.13941 0.166433</i>
                        <i>1 0 0 0 1 0 0 0 1 -0.0942837 1.14136 0.166161</i>
                        <i>1 0 0 0 1 0 0 0 1 -0.0940349 1.14265 0.167433</i>
                        <i>1 0 0 0 1 0 0 0 1 -0.0942102 1.1431 0.169898</i>
                        <i>1 0 0 0 1 0 0 0 1 -0.0947088 1.14287 0.173307</i>
                        <i>1 0 0 0 1 0 0 0 1 -0.0954939 1.14229 0.177407</i>
                        <i>1 0 0 0 1 0 0 0 1 -0.0965299 1.1414 0.181948</i>
                        <i>1 0 0 0 1 0 0 0 1 -0.0977777 1.14025 0.186679</i>
                        <i>1 0 0 0 1 0 0 0 1 -0.0991923 1.13889 0.191342</i>
                        <i>1 0 0 0 1 0 0 0 1 -0.10072 1.13737 0.195672</i>
                        <i>1 0 0 0 1 0 0 0 1 -0.1023 1.13574 0.199394</i>
                        <i>1 0 0 0 1 0 0 0 1 -0.103863 1.13403 0.202225</i>
                        <i>1 0 0 0 1 0 0 0 1 -0.105334 1.13231 0.203872</i>
                        <i>1 0 0 0 1 0 0 0 1 -0.106636 1.13061 0.204036</i>
                        <i>1 0 0 0 1 0 0 0 1 -0.107689 1.12897 0.202418</i>
                        <i>1 0 0 0 1 0 0 0 1 -0.108421 1.12745 0.19872</i>
                        <i>1 0 0 0 1 0 0 0 1 -0.109018 1.12642 0.192966</i>
                        <i>1 0 0 0 1 0 0 0 1 -0.109688 1.12649 0.186424</i>
                        <i>1 0 0 0 1 0 0 0 1 -0.110406 1.12744 0.17947</i>
                        <i>1 0 0 0 1 0 0 0 1 -0.111152 1.12906 0.17248</i>
                        <i>1 0 0 0 1 0 0 0 1 -0.111903 1.13114 0.165833</i>
                        <i>1 0 0 0 1 0 0 0 1 -0.112641 1.13347 0.159912</i>
                        <i>1 0 0 0 1 0 0 0 1 -0.113347 1.13583 0.155099</i>
                        <i>1 0 0 0 1 0 0 0 1 -0.114005 1.13802 0.151782</i>
                        <i>1 0 0 0 1 0 0 0 1 -0.114598 1.13983 0.150348</i>
                        <i>1 0 0 0 1 0 0 0 1 -0.115112 1.14105 0.150969</i>
                        <i>1 0 0 0 1 0 0 0 1 -0.115531 1.14147 0.153332</i>
                        <i>1 0 0 0 1 0 0 0 1 -0.115848 1.14125 0.157108</i>
                        <i>1 0 0 0 1 0 0 0 1 -0.116057 1.14071 0.161972</i>
                        <i>1 0 0 0 1 0 0 0 1 -0.116152 1.1399 0.167595</i>
                        <i>1 0 0 0 1 0 0 0 1 -0.116123 1.13886 0.173647</i>
                        <i>1 0 0 0 1 0 0 0 1 -0.11596 1.13764 0.179794</i>
                        <i>1 0 0 0 1 0 0 0 1 -0.115649 1.13626 0.185703</i>
                        <i>1 0 0 0 1 0 0 0 1 -0.115178 1.13479 0.191039</i>
                        <i>1 0 0 0 1 0 0 0 1 -0.114537 1.13325 0.195471</i>
                        <i>1 0 0 0 1 0 0 0 1 -0.113713 1.13169 0.198669</i>
                        <i>1 0 0 0 1 0 0 0 1 -0.112702 1.13015 0.200311</i>
                        <i>1 0 0 0 1 0 0 0 1 -0.1115 1.12867 0.200081</i>
                        <i>1 0 0 0 1 0 0 0 1 -0.110112 1.12731 0.197673</i>
                        <i>1 0 0 0 1 0 0 0 1 -0.108535 1.12645 0.193278</i>
                    </KeyFrames>
                </p>
            </i>
            <i>
                <p>
                    <Name>
                        <![CDATA[spine0]]>
</Name>
                    <Exclude>0</Exclude>
                    <Additive>0</Additive>
                    <IKPriority>0</IKPriority>
                    <IKRotLimits>-1e+010 -1e+010 -1e+010 1e+010 1e+010 1e+010</IKRotLimits>
                    <IKRotLimitOrder>0</IKRotLimitOrder>
                    <KeyFrames count="48">
                        <i>0.165593 0.966539 0.195912 -0.985311 0.170553 -0.00860604 -0.0417314 -0.191609 0.980584 -0.0738007 1.26335 0.181203</i>
                        <i>0.152722 0.968992 0.194244 -0.984466 0.166394 -0.0560358 -0.0866192 -0.182669 0.979351 -0.0666272 1.26157 0.174475</i>
                        <i>0.140613 0.971264 0.192028 -0.983954 0.158608 -0.081723 -0.109832 -0.177456 0.977981 -0.0619153 1.26124 0.167754</i>
                        <i>0.129409 0.973318 0.189485 -0.984861 0.148389 -0.0896066 -0.115333 -0.175021 0.977786 -0.0594161 1.26223 0.161196</i>
                        <i>0.119317 0.975129 0.186782 -0.987096 0.136741 -0.0833211 -0.10679 -0.17443 0.978862 -0.058814 1.26427 0.154978</i>
                        <i>0.110535 0.976676 0.184083 -0.990003 0.124527 -0.0662291 -0.0876076 -0.174922 0.980677 -0.0597393 1.26703 0.149303</i>
                        <i>0.103248 0.977943 0.181568 -0.99278 0.112526 -0.041535 -0.0610501 -0.175969 0.982501 -0.0617761 1.27013 0.144397</i>
                        <i>0.0976409 0.978912 0.179439 -0.994759 0.101491 -0.0123822 -0.0303326 -0.17729 0.983691 -0.0644692 1.27323 0.140497</i>
                        <i>0.0939114 0.979554 0.177917 -0.99558 0.09216 0.0181014 0.00133445 -0.178831 0.983879 -0.0673348 1.27603 0.137848</i>
                        <i>0.092273 0.979833 0.177237 -0.995259 0.0852586 0.0468088 0.0307538 -0.180716 0.983054 -0.0698734 1.27825 0.136693</i>
                        <i>0.0929455 0.979696 0.177641 -0.994164 0.0815018 0.0706821 0.054769 -0.183173 0.981554 -0.071582 1.27967 0.137047</i>
                        <i>0.096502 0.979125 0.17889 -0.991851 0.0795785 0.099493 0.0831802 -0.187034 0.978826 -0.0730383 1.28018 0.138844</i>
                        <i>0.102598 0.978192 0.180594 -0.987108 0.077698 0.139935 0.122851 -0.192623 0.973552 -0.0749716 1.28004 0.142091</i>
                        <i>0.110128 0.97697 0.182763 -0.979912 0.0759638 0.184399 0.166268 -0.199399 0.96571 -0.0771015 1.27955 0.146404</i>
                        <i>0.118031 0.975535 0.185471 -0.971398 0.0746752 0.225408 0.206043 -0.206772 0.956447 -0.0791744 1.27874 0.151339</i>
                        <i>0.124916 0.97387 0.189668 -0.963936 0.0738459 0.255684 0.234997 -0.214767 0.947972 -0.0809914 1.27765 0.156399</i>
                        <i>0.12955 0.971999 0.196047 -0.960521 0.0739253 0.268205 0.246202 -0.223053 0.943203 -0.0824059 1.27629 0.161067</i>
                        <i>0.130935 0.970085 0.204429 -0.963991 0.076436 0.254714 0.231468 -0.230419 0.945161 -0.0833888 1.27473 0.165266</i>
                        <i>0.128857 0.968241 0.214253 -0.972627 0.081269 0.217696 0.19337 -0.23644 0.95221 -0.0841209 1.27306 0.169132</i>
                        <i>0.123709 0.966549 0.224676 -0.982216 0.0870435 0.166358 0.141237 -0.24126 0.960128 -0.0847604 1.27133 0.172451</i>
                        <i>0.116063 0.96506 0.234924 -0.989624 0.0921898 0.110205 0.084697 -0.245277 0.965746 -0.0853821 1.26959 0.174883</i>
                        <i>0.10669 0.963786 0.244405 -0.993723 0.0950375 0.0590182 0.0336533 -0.249167 0.967876 -0.0859476 1.26787 0.175934</i>
                        <i>0.0965188 0.962703 0.25276 -0.995329 0.0938521 0.0226155 -0.00195009 -0.253762 0.967265 -0.086322 1.26622 0.175006</i>
                        <i>0.0865642 0.961764 0.259841 -0.996172 0.0867565 0.0107509 -0.0122031 -0.259777 0.965591 -0.0863578 1.26465 0.171489</i>
                        <i>0.0754231 0.961561 0.264031 -0.996993 0.0774417 0.00277012 -0.0177834 -0.263447 0.96451 -0.0858006 1.26342 0.163341</i>
                        <i>0.0651281 0.961553 0.266783 -0.997066 0.0734805 -0.0214344 -0.0402137 -0.264605 0.963518 -0.0843987 1.26293 0.151366</i>
                        <i>0.0570249 0.961532 0.26871 -0.995736 0.0743224 -0.0546373 -0.0725066 -0.264448 0.96167 -0.0823296 1.26288 0.137376</i>
                        <i>0.0512322 0.961404 0.270328 -0.992815 0.0783394 -0.0904518 -0.108138 -0.263752 0.95851 -0.0799787 1.26311 0.123173</i>
                        <i>0.0474287 0.961218 0.271682 -0.988888 0.0835483 -0.122961 -0.140891 -0.262831 0.9545 -0.0780742 1.26374 0.110457</i>
                        <i>0.0464148 0.961131 0.272163 -0.985211 0.0890334 -0.146399 -0.16494 -0.261343 0.951049 -0.0776461 1.26512 0.100778</i>
                        <i>0.0489353 0.961289 0.271162 -0.98352 0.0936858 -0.154632 -0.17405 -0.259126 0.950032 -0.0798564 1.26762 0.0955846</i>
                        <i>0.0548089 0.961599 0.268931 -0.984443 0.0970703 -0.146456 -0.166937 -0.25672 0.95196 -0.0850247 1.27097 0.0949091</i>
                        <i>0.0632072 0.96181 0.26632 -0.987069 0.0996363 -0.125568 -0.147308 -0.254939 0.955671 -0.0922054 1.27426 0.0978003</i>
                        <i>0.0738636 0.961751 0.263779 -0.990533 0.101441 -0.0924887 -0.115709 -0.254451 0.960139 -0.100533 1.27687 0.104078</i>
                        <i>0.0867561 0.961396 0.261135 -0.993553 0.1027 -0.0480154 -0.0729804 -0.255286 0.964107 -0.109128 1.27827 0.113064</i>
                        <i>0.101571 0.960816 0.257907 -0.994594 0.1037 0.00537331 -0.0215822 -0.257059 0.966155 -0.117179 1.27849 0.124082</i>
                        <i>0.117878 0.960059 0.253755 -0.992428 0.105014 0.0637034 0.0345112 -0.259342 0.965169 -0.123992 1.2779 0.13643</i>
                        <i>0.135034 0.959209 0.248361 -0.98668 0.107227 0.122329 0.0907082 -0.261572 0.960912 -0.129072 1.27669 0.149326</i>
                        <i>0.152057 0.958372 0.241665 -0.978101 0.110752 0.176214 0.142114 -0.263168 0.954226 -0.132154 1.2751 0.161939</i>
                        <i>0.167797 0.957658 0.233956 -0.968528 0.115887 0.220281 0.183841 -0.263555 0.946964 -0.133165 1.2734 0.173425</i>
                        <i>0.181122 0.957185 0.225814 -0.960511 0.122855 0.249649 0.211218 -0.262113 0.941639 -0.132141 1.27182 0.18295</i>
                        <i>0.190747 0.957123 0.218017 -0.957372 0.132308 0.256774 0.216918 -0.257703 0.94156 -0.128593 1.27059 0.189616</i>
                        <i>0.19621 0.957556 0.211157 -0.959994 0.143714 0.240328 0.199781 -0.249864 0.947447 -0.122488 1.26967 0.193202</i>
                        <i>0.19792 0.958446 0.205448 -0.966294 0.155572 0.205118 0.164633 -0.23912 0.956931 -0.114385 1.2688 0.193937</i>
                        <i>0.194337 0.95996 0.201769 -0.974001 0.164423 0.155844 0.116429 -0.226809 0.966955 -0.104793 1.26769 0.19214</i>
                        <i>0.185642 0.962005 0.200211 -0.980755 0.168864 0.0980049 0.0604729 -0.214551 0.974839 -0.0943295 1.26616 0.188244</i>
                        <i>0.174168 0.964211 0.199908 -0.984713 0.17008 0.0375794 0.00223395 -0.203398 0.979094 -0.0838014 1.26419 0.182783</i>
                        <i>0.160665 0.966806 0.198676 -0.98565 0.167718 -0.0190787 -0.0517668 -0.19276 0.979879 -0.0742631 1.2624 0.176397</i>
                    </KeyFrames>
                </p>
            </i>
            <i>
                <p>
                    <Name>
                        <![CDATA[spine1]]>
</Name>
                    <Exclude>0</Exclude>
                    <Additive>0</Additive>
                    <IKPriority>0</IKPriority>
                    <IKRotLimits>-1e+010 -1e+010 -1e+010 1e+010 1e+010 1e+010</IKRotLimits>
                    <IKRotLimitOrder>0</IKRotLimitOrder>
                    <KeyFrames count="48">
                        <i>0.182636 0.920117 0.346453 -0.931068 0.0486614 0.361585 0.315842 -0.388609 0.865579 -0.0410665 1.43128 0.220042</i>
                        <i>0.13511 0.922563 0.361418 -0.932748 -0.00462497 0.360498 0.334254 -0.385819 0.859894 -0.0354694 1.43012 0.213426</i>
                        <i>0.101198 0.923061 0.371103 -0.929851 -0.0448767 0.36519 0.353746 -0.382027 0.853768 -0.0326092 1.43051 0.206557</i>
                        <i>0.0795565 0.922686 0.377255 -0.92422 -0.0735204 0.374717 0.373482 -0.378478 0.846915 -0.0321441 1.43213 0.199606</i>
                        <i>0.0684815 0.921943 0.381223 -0.917114 -0.092236 0.387808 0.3927 -0.376183 0.83921 -0.0336478 1.43463 0.192801</i>
                        <i>0.0661031 0.920971 0.383983 -0.909399 -0.102764 0.40303 0.410638 -0.375835 0.830737 -0.0366423 1.43769 0.186421</i>
                        <i>0.0704187 0.919709 0.386234 -0.90173 -0.106869 0.418883 0.426527 -0.377776 0.821803 -0.0406086 1.44098 0.180775</i>
                        <i>0.0792798 0.918027 0.388511 -0.894682 -0.106347 0.43386 0.439612 -0.38199 0.812911 -0.0449904 1.4442 0.176189</i>
                        <i>0.0904004 0.915826 0.391267 -0.888845 -0.103011 0.446479 0.449202 -0.388137 0.804715 -0.0492013 1.4471 0.172992</i>
                        <i>0.101404 0.913088 0.394952 -0.884859 -0.0986647 0.455291 0.454689 -0.395645 0.797949 -0.0526367 1.44942 0.171499</i>
                        <i>0.109888 0.909879 0.400055 -0.883405 -0.0950638 0.458867 0.455544 -0.403835 0.793346 -0.0546866 1.45094 0.171791</i>
                        <i>0.117738 0.906698 0.405014 -0.884756 -0.0894255 0.457395 0.450938 -0.412191 0.791677 -0.0560168 1.45151 0.173681</i>
                        <i>0.126909 0.903929 0.408419 -0.889556 -0.0784493 0.450041 0.438845 -0.420425 0.79414 -0.0575698 1.45138 0.177071</i>
                        <i>0.135326 0.901466 0.411152 -0.897495 -0.0642709 0.436317 0.41975 -0.428052 0.800363 -0.0591304 1.45088 0.18164</i>
                        <i>0.141209 0.899098 0.414346 -0.907245 -0.0499711 0.417623 0.396189 -0.434886 0.808646 -0.0604951 1.45006 0.186996</i>
                        <i>0.141743 0.896051 0.420715 -0.921761 -0.0354863 0.386131 0.360923 -0.44253 0.820915 -0.061575 1.44897 0.19284</i>
                        <i>0.135241 0.891689 0.431974 -0.941785 -0.0197579 0.335635 0.307817 -0.452218 0.837107 -0.062304 1.44763 0.198791</i>
                        <i>0.12222 0.886559 0.446179 -0.963169 -0.00253981 0.268883 0.239514 -0.462609 0.853596 -0.0626736 1.44606 0.204731</i>
                        <i>0.103776 0.881474 0.460688 -0.981802 0.0167208 0.18917 0.159045 -0.471936 0.867169 -0.0629811 1.44428 0.210687</i>
                        <i>0.0807235 0.876681 0.474251 -0.994284 0.0374689 0.0999762 0.0698776 -0.479611 0.874694 -0.0635256 1.44236 0.216287</i>
                        <i>0.0537619 0.872257 0.486085 -0.998265 0.0586633 0.0051413 -0.0240308 -0.485518 0.873897 -0.0644802 1.44038 0.22103</i>
                        <i>0.0233555 0.868018 0.495983 -0.992687 0.0789086 -0.0913527 -0.118433 -0.490222 0.863514 -0.0658522 1.43843 0.224262</i>
                        <i>-0.0101899 0.863517 0.504216 -0.977849 0.0968188 -0.185573 -0.209063 -0.494938 0.843403 -0.0675053 1.43665 0.225243</i>
                        <i>-0.0463946 0.858139 0.511316 -0.955322 0.111461 -0.273746 -0.291904 -0.501172 0.814628 -0.0692667 1.43517 0.223255</i>
                        <i>-0.0824226 0.848827 0.522206 -0.931651 0.120438 -0.342815 -0.353884 -0.514769 0.780883 -0.0707178 1.43469 0.216182</i>
                        <i>-0.113306 0.834282 0.53957 -0.914247 0.12507 -0.385369 -0.388991 -0.536965 0.748568 -0.0707953 1.43574 0.20535</i>
                        <i>-0.135444 0.817966 0.559095 -0.907374 0.124219 -0.401551 -0.397905 -0.561695 0.725376 -0.0695827 1.4378 0.192608</i>
                        <i>-0.148856 0.802949 0.577162 -0.90992 0.117292 -0.397854 -0.387153 -0.584394 0.71316 -0.0675892 1.44036 0.179724</i>
                        <i>-0.154335 0.791626 0.591193 -0.918213 0.105998 -0.38164 -0.364781 -0.601742 0.710522 -0.065737 1.4431 0.168216</i>
                        <i>-0.148957 0.786118 0.599858 -0.930762 0.0933791 -0.353501 -0.333908 -0.610982 0.717779 -0.0650066 1.44582 0.159275</i>
                        <i>-0.129188 0.788077 0.601869 -0.945909 0.084221 -0.313311 -0.297603 -0.609789 0.734568 -0.0665276 1.44839 0.153988</i>
                        <i>-0.0934366 0.796394 0.597517 -0.961663 0.0832214 -0.261301 -0.257824 -0.599025 0.758087 -0.0706772 1.45068 0.152466</i>
                        <i>-0.0442274 0.807781 0.587822 -0.975605 0.0917267 -0.199454 -0.215034 -0.582303 0.784018 -0.0765978 1.45247 0.154189</i>
                        <i>0.0154993 0.820492 0.571448 -0.985373 0.109533 -0.130543 -0.169702 -0.561066 0.810189 -0.0834654 1.45351 0.159203</i>
                        <i>0.0818981 0.833027 0.547137 -0.98911 0.135294 -0.0579328 -0.122284 -0.536435 0.835036 -0.0903835 1.45359 0.16691</i>
                        <i>0.149762 0.844223 0.514645 -0.985896 0.166839 0.0132138 -0.0747075 -0.509365 0.857302 -0.0965472 1.45291 0.176626</i>
                        <i>0.213939 0.853197 0.475694 -0.976466 0.200379 0.0797605 -0.0272674 -0.481563 0.875987 -0.10126 1.45185 0.187637</i>
                        <i>0.270664 0.859688 0.433219 -0.962445 0.231837 0.14125 0.0209944 -0.45518 0.890152 -0.104062 1.45049 0.199105</i>
                        <i>0.317619 0.864015 0.390636 -0.945753 0.258971 0.196178 0.0683375 -0.431755 0.899398 -0.104791 1.44894 0.21016</i>
                        <i>0.353917 0.866761 0.35138 -0.92846 0.280324 0.243679 0.112711 -0.412484 0.903965 -0.103517 1.44726 0.219967</i>
                        <i>0.379519 0.868569 0.318674 -0.912598 0.294825 0.283273 0.152089 -0.398328 0.904546 -0.100425 1.44552 0.227757</i>
                        <i>0.392893 0.870623 0.296059 -0.900814 0.299666 0.31422 0.184848 -0.390149 0.902006 -0.0951716 1.44371 0.232723</i>
                        <i>0.393634 0.874215 0.284255 -0.894827 0.293562 0.336312 0.210562 -0.386743 0.897827 -0.0878089 1.44173 0.234755</i>
                        <i>0.382537 0.879812 0.28213 -0.895025 0.277072 0.349515 0.229337 -0.386216 0.893444 -0.0788892 1.43949 0.234174</i>
                        <i>0.351888 0.889293 0.292118 -0.903514 0.24114 0.354279 0.244616 -0.3886 0.888343 -0.0692803 1.437 0.231542</i>
                        <i>0.299792 0.901356 0.312541 -0.918002 0.183407 0.351617 0.25961 -0.392325 0.88243 -0.0595918 1.43446 0.227388</i>
                        <i>0.236716 0.911969 0.335078 -0.932267 0.116092 0.342637 0.273575 -0.39349 0.87768 -0.0502405 1.43207 0.22211</i>
                        <i>0.176777 0.920159 0.349368 -0.939218 0.0515632 0.339428 0.294313 -0.388136 0.873344 -0.0422836 1.43042 0.215862</i>
                    </KeyFrames>
                </p>
            </i>
            <i>
                <p>
                    <Name>
                        <![CDATA[spine2]]>
</Name>
                    <Exclude>0</Exclude>
                    <Additive>0</Additive>
                    <IKPriority>0</IKPriority>
                    <IKRotLimits>-1e+010 -1e+010 -1e+010 1e+010 1e+010 1e+010</IKRotLimits>
                    <IKRotLimitOrder>0</IKRotLimitOrder>
                    <KeyFrames count="48">
                        <i>0.23423 0.866105 0.441585 -0.928005 0.0638243 0.36706 0.289729 -0.49577 0.8187 -0.0198319 1.57927 0.276865</i>
                        <i>0.216597 0.866161 0.45039 -0.926671 0.0372412 0.374024 0.307192 -0.498376 0.810712 -0.0241045 1.57939 0.273052</i>
                        <i>0.203923 0.866291 0.456022 -0.922971 0.0148179 0.384583 0.326404 -0.49932 0.802583 -0.0281988 1.58047 0.268125</i>
                        <i>0.195432 0.866539 0.459256 -0.917526 -0.00382281 0.397657 0.346341 -0.499094 0.794325 -0.0320849 1.5823 0.262538</i>
                        <i>0.19047 0.866832 0.460786 -0.910897 -0.0189624 0.412199 0.366045 -0.49824 0.785982 -0.0356956 1.58463 0.256744</i>
                        <i>0.188437 0.867052 0.461207 -0.903635 -0.030846 0.427191 0.384623 -0.497262 0.777686 -0.0389465 1.58727 0.251185</i>
                        <i>0.188744 0.867085 0.46102 -0.896311 -0.0397122 0.441644 0.401251 -0.496575 0.769682 -0.0417442 1.58999 0.24629</i>
                        <i>0.190783 0.866843 0.460636 -0.889517 -0.0457999 0.454601 0.415165 -0.496474 0.762333 -0.0439906 1.59259 0.242473</i>
                        <i>0.193916 0.866281 0.460384 -0.883866 -0.0493404 0.465131 0.42565 -0.497114 0.756109 -0.0455857 1.59486 0.240128</i>
                        <i>0.197478 0.865402 0.460524 -0.879975 -0.0505437 0.472323 0.432026 -0.498523 0.751551 -0.0464299 1.59662 0.239634</i>
                        <i>0.200778 0.864246 0.461266 -0.878441 -0.0495867 0.475271 0.433624 -0.500619 0.749233 -0.0464271 1.59764 0.241142</i>
                        <i>0.203285 0.863114 0.462287 -0.879708 -0.0462838 0.473256 0.42987 -0.502884 0.74988 -0.0456949 1.59776 0.244196</i>
                        <i>0.203987 0.862246 0.463596 -0.884702 -0.0403922 0.464404 0.419156 -0.504877 0.754591 -0.0446029 1.59718 0.248429</i>
                        <i>0.201916 0.861616 0.46567 -0.893129 -0.0331385 0.448579 0.401934 -0.506478 0.762842 -0.0434474 1.59626 0.253651</i>
                        <i>0.196416 0.861139 0.468893 -0.903612 -0.0266831 0.427521 0.380666 -0.507669 0.772894 -0.0425397 1.59507 0.259687</i>
                        <i>0.185 0.860171 0.47527 -0.918989 -0.0199256 0.39378 0.348188 -0.509617 0.786801 -0.0422589 1.59354 0.26674</i>
                        <i>0.166257 0.858236 0.485582 -0.939865 -0.0110722 0.341367 0.298349 -0.513136 0.804785 -0.0428383 1.59162 0.274794</i>
                        <i>0.140781 0.855394 0.49848 -0.962105 -0.000560384 0.27268 0.233528 -0.517978 0.8229 -0.0444112 1.58937 0.283394</i>
                        <i>0.109241 0.851696 0.512523 -0.981612 0.0112352 0.190555 0.156537 -0.523915 0.837263 -0.0471066 1.58683 0.292069</i>
                        <i>0.0725164 0.847207 0.52629 -0.994853 0.023998 0.0984472 0.0707752 -0.530721 0.844587 -0.0509747 1.58407 0.300253</i>
                        <i>0.0317605 0.842026 0.538502 -0.999299 0.0374326 0.000406811 -0.0198149 -0.538137 0.842624 -0.0559672 1.58117 0.307347</i>
                        <i>-0.0115894 0.836302 0.548146 -0.993756 0.0512057 -0.099135 -0.110975 -0.545872 0.830487 -0.0619239 1.57825 0.312746</i>
                        <i>-0.0558585 0.830241 0.554599 -0.978515 0.0648909 -0.195697 -0.198464 -0.553614 0.808779 -0.0685818 1.57544 0.315879</i>
                        <i>-0.0992143 0.824084 0.557712 -0.955321 0.0779384 -0.28511 -0.278422 -0.561081 0.779532 -0.0756129 1.57289 0.31625</i>
                        <i>-0.134654 0.819044 0.557706 -0.931167 0.0878561 -0.353848 -0.338815 -0.566964 0.750837 -0.0826465 1.57144 0.312739</i>
                        <i>-0.159573 0.815689 0.556047 -0.913526 0.091482 -0.39636 -0.374175 -0.571211 0.730555 -0.0882768 1.57176 0.307022</i>
                        <i>-0.171204 0.814409 0.554461 -0.906729 0.0898987 -0.412021 -0.385399 -0.573285 0.723057 -0.0917929 1.57354 0.299894</i>
                        <i>-0.171349 0.814935 0.553643 -0.90971 0.0848729 -0.406479 -0.378243 -0.573304 0.726811 -0.0934155 1.57633 0.292224</i>
                        <i>-0.163885 0.816619 0.553421 -0.918626 0.0781344 -0.387327 -0.359539 -0.571864 0.737362 -0.0938418 1.57966 0.284768</i>
                        <i>-0.149264 0.819221 0.553713 -0.931736 0.0709496 -0.356138 -0.331041 -0.569072 0.752707 -0.093167 1.58313 0.278047</i>
                        <i>-0.128041 0.822474 0.554203 -0.947068 0.0644738 -0.314491 -0.294392 -0.565136 0.770684 -0.0915308 1.5864 0.272528</i>
                        <i>-0.100898 0.826106 0.554408 -0.962639 0.0596857 -0.264128 -0.251288 -0.560345 0.789219 -0.0890079 1.58922 0.268569</i>
                        <i>-0.068652 0.829854 0.553741 -0.97665 0.0573559 -0.207039 -0.203572 -0.555025 0.806539 -0.0855159 1.59143 0.266455</i>
                        <i>-0.0322538 0.833493 0.551587 -0.987657 0.058053 -0.145476 -0.153274 -0.549471 0.821333 -0.0809674 1.59281 0.266322</i>
                        <i>0.00745398 0.837099 0.547001 -0.994709 0.0622585 -0.0817221 -0.102465 -0.543497 0.833134 -0.0752782 1.59323 0.267599</i>
                        <i>0.0488412 0.840712 0.539275 -0.997327 0.0704263 -0.019466 -0.0543445 -0.536883 0.841905 -0.0686006 1.59292 0.269709</i>
                        <i>0.0902838 0.844132 0.528479 -0.995869 0.0816951 0.0396408 -0.00971208 -0.529874 0.848021 -0.0611912 1.59222 0.272268</i>
                        <i>0.130665 0.847207 0.514943 -0.990881 0.094368 0.0961739 0.032885 -0.522814 0.851812 -0.053339 1.59118 0.274913</i>
                        <i>0.168711 0.849872 0.499253 -0.982969 0.107627 0.148959 0.0728634 -0.515881 0.853556 -0.0453589 1.58985 0.277331</i>
                        <i>0.203356 0.852115 0.482231 -0.972954 0.120747 0.196929 0.109578 -0.509235 0.853623 -0.0375728 1.58828 0.279277</i>
                        <i>0.233759 0.853958 0.46488 -0.96182 0.133104 0.239134 0.142333 -0.50303 0.852468 -0.0302758 1.58651 0.280571</i>
                        <i>0.259301 0.855441 0.448312 -0.950647 0.144176 0.274742 0.17039 -0.497427 0.850608 -0.0236378 1.5846 0.281053</i>
                        <i>0.279551 0.856606 0.433678 -0.940537 0.153532 0.303017 0.192982 -0.492599 0.848589 -0.0178148 1.58257 0.280701</i>
                        <i>0.294207 0.857478 0.422105 -0.932537 0.160821 0.323281 0.209323 -0.48874 0.846945 -0.0129677 1.58051 0.279571</i>
                        <i>0.293822 0.859179 0.418904 -0.929443 0.154483 0.335069 0.223171 -0.487798 0.843948 -0.0111757 1.579 0.278637</i>
                        <i>0.275842 0.861753 0.425784 -0.931448 0.130281 0.339753 0.237312 -0.490314 0.838615 -0.013124 1.57832 0.278111</i>
                        <i>0.249669 0.863597 0.438024 -0.935538 0.0983998 0.339244 0.249868 -0.494487 0.832495 -0.0170931 1.57804 0.27684</i>
                        <i>0.228441 0.864906 0.446936 -0.935913 0.0686748 0.345471 0.268107 -0.497213 0.825165 -0.0216672 1.57833 0.27306</i>
                    </KeyFrames>
                </p>
            </i>
            <i>
                <p>
                    <Name>
                        <![CDATA[head]]>
</Name>
                    <Exclude>0</Exclude>
                    <Additive>0</Additive>
                    <IKPriority>0</IKPriority>
                    <IKRotLimits>-1e+010 -1e+010 -1e+010 1e+010 1e+010 1e+010</IKRotLimits>
                    <IKRotLimitOrder>0</IKRotLimitOrder>
                    <KeyFrames count="48">
                        <i>-0.0316654 0.750178 0.660477 0.0359247 0.661235 -0.749318 -0.998853 7.96414e-009 -0.0478883 0.0379969 1.80618 0.385442</i>
                        <i>-0.0232218 0.750407 0.660568 0.0263637 0.660976 -0.749944 -0.999383 2.62153e-008 -0.0351326 0.0279059 1.80641 0.384169</i>
                        <i>-0.0162522 0.751061 0.660033 0.018488 0.660233 -0.750833 -0.999697 -1.62863e-008 -0.0246158 0.0196273 1.80754 0.380875</i>
                        <i>-0.0106632 0.751913 0.659175 0.0121617 0.659262 -0.751815 -0.999869 -1.99944e-009 -0.0161744 0.0129691 1.80939 0.376258</i>
                        <i>-0.00635172 0.752791 0.658229 0.00726386 0.65826 -0.752756 -0.999954 -9.48364e-009 -0.00964925 0.00778739 1.81176 0.370974</i>
                        <i>-0.00320567 0.753556 0.657376 0.00367468 0.657384 -0.753547 -0.999988 -4.05855e-009 -0.00487642 0.00396138 1.8144 0.365636</i>
                        <i>-0.00110557 0.7541 0.656758 0.00126947 0.656759 -0.754099 -0.999999 -1.78338e-008 -0.00168337 0.00137559 1.81708 0.36081</i>
                        <i>7.2313e-005 0.754335 0.656489 -8.30913e-005 0.656489 -0.754335 -1 -5.64425e-010 0.000110192 -9.04504e-005 1.81956 0.35702</i>
                        <i>0.000452633 0.754184 0.656663 -0.000519883 0.656663 -0.754184 -1 1.03878e-008 0.000689295 -0.000567445 1.82164 0.354749</i>
                        <i>0.000157477 0.753575 0.657362 -0.00018052 0.657362 -0.753575 -1 -6.10698e-009 0.000239585 -0.000197259 1.82311 0.35445</i>
                        <i>-0.000696702 0.752517 0.658572 0.000796104 0.658572 -0.752517 -0.999999 -1.23881e-008 -0.00105793 0.000869224 1.82376 0.356337</i>
                        <i>-0.0019984 0.751279 0.659982 0.00227483 0.659985 -0.751275 -0.999995 1.2286e-008 -0.00302797 0.00247737 1.82352 0.35982</i>
                        <i>-0.00335142 0.749879 0.661566 0.00379875 0.661575 -0.74987 -0.999987 -9.43031e-009 -0.00506579 0.00412114 1.82265 0.364472</i>
                        <i>-0.00427793 0.748157 0.663508 0.00482362 0.663521 -0.748142 -0.999979 4.90128e-009 -0.0064473 0.00520784 1.82151 0.370245</i>
                        <i>-0.0043277 0.746093 0.665828 0.00484933 0.665842 -0.746077 -0.999979 -5.73048e-009 -0.00649958 0.00520554 1.82013 0.377097</i>
                        <i>-0.00261107 0.743479 0.668755 0.00290278 0.66876 -0.743473 -0.999992 -5.70661e-009 -0.00390426 0.00309302 1.81828 0.385774</i>
                        <i>0.00148581 0.740287 0.672289 -0.00163608 0.67229 -0.740286 -0.999998 4.99788e-009 0.00221011 -0.00172714 1.81579 0.396501</i>
                        <i>0.0081202 0.736806 0.676056 -0.00884924 0.676105 -0.736752 -0.999928 -1.13787e-008 0.0120103 -0.00924284 1.81273 0.408457</i>
                        <i>0.0174097 0.733388 0.679587 -0.0187818 0.67981 -0.733148 -0.999672 -2.33407e-009 0.0256096 -0.0193986 1.80919 0.420755</i>
                        <i>0.0293134 0.730448 0.682339 -0.0313512 0.682969 -0.729775 -0.999078 1.61445e-009 0.0429205 -0.032027 1.80527 0.432476</i>
                        <i>0.0435279 0.728421 0.683746 -0.0462783 0.68513 -0.726949 -0.99798 4.82515e-009 0.0635324 -0.0468079 1.80108 0.442713</i>
                        <i>0.0594274 0.727708 0.683307 -0.063051 0.685887 -0.724972 -0.996239 1.56e-009 0.0866431 -0.0632573 1.79675 0.450637</i>
                        <i>0.0760794 0.728604 0.680696 -0.08093 0.684935 -0.724096 -0.993812 -1.18487e-008 0.111075 -0.080744 1.79244 0.45555</i>
                        <i>0.0923539 0.731235 0.675845 -0.0990028 0.682126 -0.724502 -0.990792 -2.2713e-008 0.135391 -0.0985291 1.78834 0.456946</i>
                        <i>0.105986 0.735259 0.669449 -0.114973 0.677786 -0.726214 -0.987698 -6.15637e-009 0.15637 -0.114628 1.78545 0.453947</i>
                        <i>0.115455 0.739045 0.663689 -0.126662 0.673656 -0.72811 -0.985204 -1.55526e-008 0.171386 -0.126876 1.78449 0.448642</i>
                        <i>0.119926 0.741991 0.659596 -0.132731 0.67041 -0.730023 -0.98387 1.26652e-008 0.178884 -0.133811 1.78536 0.442013</i>
                        <i>0.12034 0.74394 0.657321 -0.133971 0.668246 -0.731778 -0.983651 7.55449e-009 0.180083 -0.136035 1.7877 0.434928</i>
                        <i>0.118254 0.745055 0.656437 -0.132092 0.667003 -0.733252 -0.984158 3.62017e-009 0.177292 -0.135105 1.79097 0.428004</i>
                        <i>0.113853 0.745372 0.656855 -0.127298 0.666649 -0.734421 -0.985308 1.74432e-009 0.170784 -0.131089 1.7948 0.421686</i>
                        <i>0.107273 0.744982 0.658403 -0.1198 0.667085 -0.735286 -0.986986 1.90589e-008 0.160809 -0.124097 1.79886 0.416323</i>
                        <i>0.0986204 0.744011 0.66085 -0.109815 0.668168 -0.735862 -0.989047 -1.14957e-008 0.147598 -0.114282 1.80279 0.412184</i>
                        <i>0.0879842 0.742605 0.663925 -0.0975581 0.669729 -0.736169 -0.991333 1.15923e-008 0.131373 -0.101843 1.80624 0.409477</i>
                        <i>0.075423 0.74101 0.667244 -0.0832313 0.671493 -0.736321 -0.993672 -3.21292e-009 0.112321 -0.0870187 1.8089 0.408154</i>
                        <i>0.060931 0.739731 0.670139 -0.0669822 0.672903 -0.736692 -0.995892 9.37953e-009 0.0905494 -0.0700644 1.81057 0.40739</i>
                        <i>0.0450363 0.739057 0.672136 -0.0494095 0.673643 -0.737403 -0.997763 -4.53385e-010 0.0668548 -0.0516966 1.81145 0.406445</i>
                        <i>0.0285049 0.739035 0.673063 -0.0312708 0.673667 -0.738373 -0.999104 1.55008e-008 0.042313 -0.0327355 1.8118 0.405024</i>
                        <i>0.0120391 0.739755 0.672769 -0.0132357 0.672876 -0.739637 -0.99984 -1.24841e-008 0.0178921 -0.013869 1.81165 0.402957</i>
                        <i>-0.00364149 0.741199 0.671276 0.00402074 0.671286 -0.741188 -0.999985 9.06494e-009 -0.00542466 0.00421926 1.81103 0.4002</i>
                        <i>-0.01793 0.743256 0.668767 0.0199199 0.669008 -0.742989 -0.999641 -9.03847e-009 -0.0268009 0.0209432 1.81001 0.396827</i>
                        <i>-0.0303755 0.74575 0.665533 0.0340013 0.666226 -0.744975 -0.99896 2.79838e-008 -0.0455934 0.035827 1.8087 0.393005</i>
                        <i>-0.0406927 0.748474 0.661914 0.0459275 0.663164 -0.747064 -0.998116 -1.74898e-008 -0.0613614 0.0485069 1.80717 0.38896</i>
                        <i>-0.0487379 0.751217 0.658254 0.0554691 0.660056 -0.749166 -0.99727 7.08347e-009 -0.073839 0.058717 1.80554 0.384949</i>
                        <i>-0.0544617 0.753788 0.654857 0.0624736 0.657118 -0.751194 -0.99656 -4.64598e-009 -0.0828796 0.0662631 1.80389 0.381222</i>
                        <i>-0.0546415 0.754663 0.653833 0.0628489 0.656113 -0.752041 -0.996526 -2.5406e-008 -0.0832807 0.0666873 1.80315 0.38001</i>
                        <i>-0.0483141 0.753492 0.655679 0.0553714 0.657457 -0.751455 -0.997296 2.11472e-008 -0.0734863 0.058665 1.80353 0.381828</i>
                        <i>-0.0384593 0.751952 0.658095 0.0438694 0.659218 -0.750671 -0.998297 -1.04966e-008 -0.0583408 0.0463916 1.80409 0.384153</i>
                        <i>-0.0287568 0.751753 0.658818 0.0327821 0.659445 -0.751038 -0.999049 1.33338e-008 -0.0436076 0.0347043 1.80499 0.382905</i>
                    </KeyFrames>
                </p>
            </i>
            <i>
                <p>
                    <Name>
                        <![CDATA[head_prop]]>
</Name>
                    <Exclude>0</Exclude>
                    <Additive>0</Additive>
                    <IKPriority>0</IKPriority>
                    <IKRotLimits>-1e+010 -1e+010 -1e+010 1e+010 1e+010 1e+010</IKRotLimits>
                    <IKRotLimitOrder>0</IKRotLimitOrder>
                    <KeyFrames count="48">
                        <i>0.998853 -7.96414e-009 0.0478883 -0.0316654 0.750178 0.660477 -0.0359247 -0.661235 0.749318 0.0276769 2.05067 0.600697</i>
                        <i>0.999383 -2.62153e-008 0.0351326 -0.0232218 0.750407 0.660568 -0.0263637 -0.660976 0.749944 0.0203377 2.05098 0.599454</i>
                        <i>0.999697 1.62863e-008 0.0246158 -0.0162522 0.751061 0.660033 -0.018488 -0.660233 0.750833 0.0143306 2.05232 0.595986</i>
                        <i>0.999869 1.99944e-009 0.0161744 -0.0106632 0.751913 0.659175 -0.0121617 -0.659262 0.751815 0.00949387 2.05445 0.591089</i>
                        <i>0.999954 9.48364e-009 0.00964925 -0.00635172 0.752791 0.658229 -0.00726386 -0.65826 0.752756 0.00571731 2.0571 0.585497</i>
                        <i>0.999988 4.05855e-009 0.00487642 -0.00320567 0.753556 0.657376 -0.00367468 -0.657384 0.753547 0.00291662 2.05999 0.579881</i>
                        <i>0.999999 1.78338e-008 0.00168337 -0.00110557 0.7541 0.656758 -0.00126947 -0.656759 0.754099 0.00101528 2.06285 0.574854</i>
                        <i>1 5.64425e-010 -0.000110192 7.2313e-005 0.754335 0.656489 8.30913e-005 -0.656489 0.754335 -6.6883e-005 2.06541 0.570976</i>
                        <i>1 -1.03878e-008 -0.000689295 0.000452633 0.754184 0.656663 0.000519883 -0.656663 0.754184 -0.000419928 2.06744 0.568762</i>
                        <i>1 6.10698e-009 -0.000239585 0.000157477 0.753575 0.657362 0.00018052 -0.657362 0.753575 -0.000145936 2.0687 0.56869</i>
                        <i>0.999999 1.23881e-008 0.00105793 -0.000696702 0.752517 0.658572 -0.000796104 -0.658572 0.752517 0.000642163 2.06901 0.570972</i>
                        <i>0.999995 -1.2286e-008 0.00302797 -0.0019984 0.751279 0.659982 -0.00227483 -0.659985 0.751275 0.00182608 2.06837 0.574915</i>
                        <i>0.999987 9.43031e-009 0.00506579 -0.00335142 0.749879 0.661566 -0.00379875 -0.661575 0.74987 0.00302888 2.06705 0.580082</i>
                        <i>0.999979 -4.90128e-009 0.0064473 -0.00427793 0.748157 0.663508 -0.00482362 -0.663521 0.748142 0.00381362 2.06534 0.586488</i>
