<?xml version="1.0" encoding="ISO-8859-1" ?>
<Animl Version="1">
    <ModellingPackage>
        <![CDATA[Maya.2010]]>
</ModellingPackage>
    <SrcFile>
        <![CDATA[anims\characters\shared\base_soldier\~src\infantry\idle_unarmed.mb]]>
</SrcFile>
    <FramesPerSecond>24</FramesPerSecond>
    <TotalFrames>30</TotalFrames>
    <Skeleton>
        <RefFrame>
            <Name>
                <![CDATA[soldier_ref_frame]]>
</Name>
            <Exclude>0</Exclude>
            <Additive>0</Additive>
            <IKPriority>0</IKPriority>
            <IKRotLimits>-1e+010 -1e+010 -1e+010 1e+010 1e+010 1e+010</IKRotLimits>
            <IKRotLimitOrder>0</IKRotLimitOrder>
            <KeyFrames count="30">
                <i>1 0 0 0 1 0 0 0 1 0 0 0</i>
                <i>1 0 0 0 1 0 0 0 1 0 0 0</i>
                <i>1 0 0 0 1 0 0 0 1 0 0 0</i>
                <i>1 0 0 0 1 0 0 0 1 0 0 0</i>
                <i>1 0 0 0 1 0 0 0 1 0 0 0</i>
                <i>1 0 0 0 1 0 0 0 1 0 0 0</i>
                <i>1 0 0 0 1 0 0 0 1 0 0 0</i>
                <i>1 0 0 0 1 0 0 0 1 0 0 0</i>
                <i>1 0 0 0 1 0 0 0 1 0 0 0</i>
                <i>1 0 0 0 1 0 0 0 1 0 0 0</i>
                <i>1 0 0 0 1 0 0 0 1 0 0 0</i>
                <i>1 0 0 0 1 0 0 0 1 0 0 0</i>
                <i>1 0 0 0 1 0 0 0 1 0 0 0</i>
                <i>1 0 0 0 1 0 0 0 1 0 0 0</i>
                <i>1 0 0 0 1 0 0 0 1 0 0 0</i>
                <i>1 0 0 0 1 0 0 0 1 0 0 0</i>
                <i>1 0 0 0 1 0 0 0 1 0 0 0</i>
                <i>1 0 0 0 1 0 0 0 1 0 0 0</i>
                <i>1 0 0 0 1 0 0 0 1 0 0 0</i>
                <i>1 0 0 0 1 0 0 0 1 0 0 0</i>
                <i>1 0 0 0 1 0 0 0 1 0 0 0</i>
                <i>1 0 0 0 1 0 0 0 1 0 0 0</i>
                <i>1 0 0 0 1 0 0 0 1 0 0 0</i>
                <i>1 0 0 0 1 0 0 0 1 0 0 0</i>
                <i>1 0 0 0 1 0 0 0 1 0 0 0</i>
                <i>1 0 0 0 1 0 0 0 1 0 0 0</i>
                <i>1 0 0 0 1 0 0 0 1 0 0 0</i>
                <i>1 0 0 0 1 0 0 0 1 0 0 0</i>
                <i>1 0 0 0 1 0 0 0 1 0 0 0</i>
                <i>1 0 0 0 1 0 0 0 1 0 0 0</i>
            </KeyFrames>
        </RefFrame>
        <Bones count="23">
            <i>
                <p>
                    <Name>
                        <![CDATA[pelvis]]>
</Name>
                    <Exclude>0</Exclude>
                    <Additive>0</Additive>
                    <IKPriority>0</IKPriority>
                    <IKRotLimits>-1e+010 -1e+010 -1e+010 1e+010 1e+010 1e+010</IKRotLimits>
                    <IKRotLimitOrder>2</IKRotLimitOrder>
                    <KeyFrames count="30">
                        <i>1 0 0 0 1 0 0 0 1 0.010909 1.15048 -0.0157832</i>
                        <i>1 0 0 0 1 0 0 0 1 0.0108619 1.15044 -0.0157832</i>
                        <i>1 0 0 0 1 0 0 0 1 0.0108104 1.15037 -0.0157832</i>
                        <i>1 0 0 0 1 0 0 0 1 0.0107554 1.15026 -0.0157832</i>
                        <i>1 0 0 0 1 0 0 0 1 0.0106979 1.15012 -0.0157832</i>
                        <i>1 0 0 0 1 0 0 0 1 0.0106391 1.14996 -0.0157832</i>
                        <i>1 0 0 0 1 0 0 0 1 0.0105799 1.14979 -0.0157832</i>
                        <i>1 0 0 0 1 0 0 0 1 0.0105214 1.14961 -0.0157832</i>
                        <i>1 0 0 0 1 0 0 0 1 0.0104647 1.14942 -0.0157832</i>
                        <i>1 0 0 0 1 0 0 0 1 0.0104107 1.14925 -0.0157832</i>
                        <i>1 0 0 0 1 0 0 0 1 0.0103605 1.14909 -0.0157832</i>
                        <i>1 0 0 0 1 0 0 0 1 0.0103152 1.14896 -0.0157832</i>
                        <i>1 0 0 0 1 0 0 0 1 0.0102758 1.14885 -0.0157832</i>
                        <i>1 0 0 0 1 0 0 0 1 0.0102434 1.14878 -0.0157832</i>
                        <i>1 0 0 0 1 0 0 0 1 0.0102189 1.14876 -0.0157832</i>
                        <i>1 0 0 0 1 0 0 0 1 0.0102035 1.14878 -0.0157832</i>
                        <i>1 0 0 0 1 0 0 0 1 0.0101981 1.14883 -0.0157832</i>
                        <i>1 0 0 0 1 0 0 0 1 0.0102101 1.14892 -0.0157832</i>
                        <i>1 0 0 0 1 0 0 0 1 0.0102434 1.14902 -0.0157832</i>
                        <i>1 0 0 0 1 0 0 0 1 0.0102942 1.14915 -0.0157832</i>
                        <i>1 0 0 0 1 0 0 0 1 0.0103586 1.14929 -0.0157832</i>
                        <i>1 0 0 0 1 0 0 0 1 0.0104327 1.14945 -0.0157832</i>
                        <i>1 0 0 0 1 0 0 0 1 0.0105126 1.14961 -0.0157832</i>
                        <i>1 0 0 0 1 0 0 0 1 0.0105945 1.14977 -0.0157832</i>
                        <i>1 0 0 0 1 0 0 0 1 0.0106744 1.14992 -0.0157832</i>
                        <i>1 0 0 0 1 0 0 0 1 0.0107485 1.15007 -0.0157832</i>
                        <i>1 0 0 0 1 0 0 0 1 0.0108129 1.15021 -0.0157832</i>
                        <i>1 0 0 0 1 0 0 0 1 0.0108637 1.15032 -0.0157832</i>
                        <i>1 0 0 0 1 0 0 0 1 0.010897 1.15041 -0.0157832</i>
                        <i>1 0 0 0 1 0 0 0 1 0.010909 1.15048 -0.0157832</i>
                    </KeyFrames>
                </p>
            </i>
            <i>
                <p>
                    <Name>
                        <![CDATA[spine0]]>
</Name>
                    <Exclude>0</Exclude>
                    <Additive>0</Additive>
                    <IKPriority>0</IKPriority>
                    <IKRotLimits>-1e+010 -1e+010 -1e+010 1e+010 1e+010 1e+010</IKRotLimits>
                    <IKRotLimitOrder>0</IKRotLimitOrder>
                    <KeyFrames count="30">
                        <i>0.0217524 0.999345 -0.0289227 -0.9822 0.0159625 -0.187158 -0.186573 0.032479 0.981904 0.0218835 1.28514 -0.0651934</i>
                        <i>0.0217461 0.999348 -0.0288194 -0.9822 0.0159756 -0.187158 -0.186575 0.0323763 0.981907 0.0218365 1.28511 -0.0651934</i>
                        <i>0.0217284 0.999357 -0.0285316 -0.982199 0.016012 -0.187158 -0.186581 0.0320904 0.981915 0.0217849 1.28503 -0.0651934</i>
                        <i>0.0217023 0.999369 -0.0281053 -0.982198 0.016066 -0.187159 -0.18659 0.0316667 0.981927 0.0217299 1.28492 -0.0651934</i>
                        <i>0.0216705 0.999385 -0.0275862 -0.982197 0.0161316 -0.18716 -0.1866 0.0311509 0.981942 0.0216725 1.28478 -0.0651934</i>
                        <i>0.0216357 0.999401 -0.0270202 -0.982195 0.016203 -0.187162 -0.186612 0.0305885 0.981957 0.0216136 1.28462 -0.0651934</i>
                        <i>0.0216008 0.999417 -0.0264535 -0.982194 0.0162745 -0.187163 -0.186623 0.0300253 0.981973 0.0215544 1.28445 -0.0651934</i>
                        <i>0.0215686 0.999431 -0.025932 -0.982193 0.0163403 -0.187164 -0.186634 0.0295071 0.981986 0.021496 1.28427 -0.0651934</i>
                        <i>0.021542 0.999443 -0.0255022 -0.982192 0.0163944 -0.187165 -0.186642 0.02908 0.981997 0.0214392 1.28409 -0.0651934</i>
                        <i>0.021524 0.99945 -0.0252104 -0.982191 0.0164312 -0.187165 -0.186648 0.02879 0.982005 0.0213852 1.28392 -0.0651934</i>
                        <i>0.0215173 0.999453 -0.0251028 -0.982191 0.0164447 -0.187166 -0.186651 0.028683 0.982008 0.0213351 1.28376 -0.0651934</i>
                        <i>0.0215288 0.999448 -0.0252884 -0.982191 0.0164213 -0.187165 -0.186647 0.0288675 0.982003 0.0212898 1.28362 -0.0651934</i>
                        <i>0.0215603 0.999435 -0.0257971 -0.982192 0.0163573 -0.187164 -0.186636 0.029373 0.98199 0.0212504 1.28352 -0.0651934</i>
                        <i>0.0216071 0.999414 -0.0265566 -0.982194 0.0162615 -0.187163 -0.186621 0.0301278 0.98197 0.0212179 1.28345 -0.0651934</i>
                        <i>0.0216648 0.999387 -0.0274945 -0.982197 0.0161432 -0.187161 -0.186602 0.0310598 0.981944 0.0211935 1.28342 -0.0651934</i>
                        <i>0.0217289 0.999357 -0.0285386 -0.982199 0.0160111 -0.187158 -0.186581 0.0320974 0.981915 0.021178 1.28344 -0.0651934</i>
                        <i>0.0217948 0.999324 -0.0296172 -0.982202 0.0158746 -0.187156 -0.186559 0.0331691 0.981884 0.0211726 1.2835 -0.0651934</i>
                        <i>0.0218582 0.999291 -0.0306585 -0.982204 0.0157425 -0.187154 -0.186539 0.0342038 0.981852 0.0211846 1.28358 -0.0651934</i>
                        <i>0.0219147 0.999261 -0.0315916 -0.982207 0.0156239 -0.187152 -0.18652 0.0351308 0.981823 0.0212179 1.28369 -0.0651934</i>
                        <i>0.0219603 0.999235 -0.0323455 -0.982209 0.015528 -0.18715 -0.186505 0.0358799 0.981799 0.0212687 1.28382 -0.0651934</i>
                        <i>0.0219908 0.999218 -0.0328496 -0.98221 0.0154638 -0.187149 -0.186495 0.0363808 0.981782 0.0213331 1.28396 -0.0651934</i>
                        <i>0.0220018 0.999212 -0.0330334 -0.98221 0.0154404 -0.187149 -0.186491 0.0365634 0.981776 0.0214072 1.28411 -0.0651934</i>
                        <i>0.0219911 0.999218 -0.0328548 -0.98221 0.0154632 -0.187149 -0.186495 0.0363859 0.981782 0.0214871 1.28427 -0.0651934</i>
                        <i>0.0219627 0.999234 -0.0323843 -0.982209 0.0155231 -0.18715 -0.186504 0.0359185 0.981797 0.021569 1.28443 -0.0651934</i>
                        <i>0.0219225 0.999256 -0.0317196 -0.982207 0.0156077 -0.187152 -0.186518 0.0352581 0.981819 0.0216489 1.28459 -0.0651934</i>
                        <i>0.0218764 0.999281 -0.0309587 -0.982205 0.0157044 -0.187153 -0.186533 0.034502 0.981843 0.021723 1.28474 -0.0651934</i>
                        <i>0.0218303 0.999305 -0.0301998 -0.982203 0.0158007 -0.187155 -0.186548 0.033748 0.981866 0.0217874 1.28487 -0.0651934</i>
                        <i>0.0217902 0.999326 -0.0295415 -0.982202 0.0158842 -0.187156 -0.186561 0.0330939 0.981886 0.0218382 1.28498 -0.0651934</i>
                        <i>0.0217622 0.99934 -0.0290828 -0.982201 0.0159423 -0.187157 -0.18657 0.0326381 0.981899 0.0218715 1.28508 -0.0651934</i>
                        <i>0.0217524 0.999345 -0.0289227 -0.9822 0.0159625 -0.187158 -0.186573 0.032479 0.981904 0.0218835 1.28514 -0.0651934</i>
                    </KeyFrames>
                </p>
            </i>
            <i>
                <p>
                    <Name>
                        <![CDATA[spine1]]>
</Name>
                    <Exclude>0</Exclude>
                    <Additive>0</Additive>
                    <IKPriority>0</IKPriority>
                    <IKRotLimits>-1e+010 -1e+010 -1e+010 1e+010 1e+010 1e+010</IKRotLimits>
                    <IKRotLimitOrder>0</IKRotLimitOrder>
                    <KeyFrames count="30">
                        <i>-0.007622 0.997704 0.067295 -0.991495 0.00120305 -0.130135 -0.129918 -0.0677146 0.98921 0.0256113 1.45641 -0.0701494</i>
                        <i>-0.00762528 0.997701 0.0673413 -0.991495 0.0012063 -0.130142 -0.129924 -0.067761 0.989206 0.0255632 1.45638 -0.0701317</i>
                        <i>-0.00763443 0.997692 0.0674704 -0.991492 0.00121534 -0.130161 -0.129943 -0.0678901 0.989195 0.0255085 1.4563 -0.0700821</i>
                        <i>-0.00764795 0.997679 0.0676614 -0.991488 0.00122876 -0.130189 -0.12997 -0.0680812 0.989178 0.0254488 1.45618 -0.0700088</i>
                        <i>-0.0076644 0.997663 0.0678938 -0.991484 0.00124511 -0.130223 -0.130003 -0.0683137 0.989157 0.0253856 1.45603 -0.0699194</i>
                        <i>-0.00768229 0.997646 0.0681468 -0.991479 0.00126295 -0.13026 -0.130039 -0.0685669 0.989135 0.0253206 1.45587 -0.0698221</i>
                        <i>-0.00770017 0.997628 0.0683999 -0.991474 0.00128084 -0.130297 -0.130076 -0.06882 0.989113 0.0252551 1.45568 -0.0697246</i>
                        <i>-0.00771659 0.997612 0.0686324 -0.99147 0.00129732 -0.130332 -0.13011 -0.0690526 0.989092 0.0251909 1.45549 -0.0696349</i>
                        <i>-0.0077301 0.997599 0.0688238 -0.991466 0.00131091 -0.13036 -0.130137 -0.0692442 0.989075 0.0251294 1.45531 -0.069561</i>
                        <i>-0.00773925 0.99759 0.0689537 -0.991463 0.00132015 -0.13038 -0.130156 -0.0693741 0.989064 0.0250722 1.45513 -0.0695108</i>
                        <i>-0.00774263 0.997586 0.0690016 -0.991462 0.00132355 -0.130387 -0.130163 -0.069422 0.989059 0.0250209 1.45497 -0.0694923</i>
                        <i>-0.00773681 0.997592 0.068919 -0.991464 0.00131768 -0.130374 -0.130151 -0.0693394 0.989067 0.0249776 1.45484 -0.0695243</i>
                        <i>-0.00772083 0.997608 0.0686925 -0.991468 0.00130158 -0.130341 -0.130118 -0.0691128 0.989087 0.0249438 1.45474 -0.0696117</i>
                        <i>-0.00769693 0.997631 0.0683539 -0.991475 0.00127758 -0.130291 -0.130069 -0.068774 0.989117 0.0249198 1.45468 -0.0697423</i>
                        <i>-0.0076673 0.99766 0.0679348 -0.991483 0.001248 -0.130229 -0.130009 -0.0683547 0.989154 0.0249056 1.45467 -0.0699037</i>
                        <i>-0.0076342 0.997692 0.0674672 -0.991492 0.00121513 -0.130161 -0.129942 -0.0678869 0.989195 0.0249016 1.45471 -0.0700833</i>
                        <i>-0.00759988 0.997725 0.0669831 -0.991501 0.00118124 -0.13009 -0.129873 -0.0674025 0.989237 0.0249081 1.45478 -0.070269</i>
                        <i>-0.00756661 0.997757 0.0665143 -0.99151 0.00114858 -0.130023 -0.129807 -0.0669335 0.989277 0.0249314 1.45488 -0.0704483</i>
                        <i>-0.00753668 0.997785 0.0660933 -0.991518 0.00111937 -0.129962 -0.129749 -0.0665122 0.989314 0.0249749 1.455 -0.070609</i>
                        <i>-0.00751243 0.997808 0.0657524 -0.991525 0.0010958 -0.129914 -0.129701 -0.0661711 0.989343 0.0250339 1.45514 -0.0707389</i>
                        <i>-0.00749616 0.997823 0.065524 -0.991529 0.00108006 -0.129882 -0.12967 -0.0659426 0.989362 0.0251038 1.45529 -0.0708258</i>
                        <i>-0.00749022 0.997828 0.0654407 -0.99153 0.00107432 -0.12987 -0.129658 -0.0658592 0.989369 0.0251799 1.45545 -0.0708574</i>
                        <i>-0.007496 0.997823 0.0655217 -0.991529 0.00107989 -0.129881 -0.129669 -0.0659403 0.989362 0.0252579 1.45561 -0.0708267</i>
                        <i>-0.00751117 0.997809 0.0657348 -0.991525 0.00109459 -0.129911 -0.129699 -0.0661535 0.989344 0.0253346 1.45576 -0.0707456</i>
                        <i>-0.00753256 0.997789 0.0660354 -0.991519 0.00111536 -0.129954 -0.12974 -0.0664543 0.989319 0.0254073 1.4559 -0.0706311</i>
                        <i>-0.00755699 0.997766 0.066379 -0.991513 0.00113918 -0.130003 -0.129788 -0.066798 0.989289 0.0254731 1.45604 -0.0705</i>
                        <i>-0.00758128 0.997743 0.0667209 -0.991506 0.00116296 -0.130052 -0.129836 -0.0671402 0.98926 0.0255292 1.45616 -0.0703693</i>
                        <i>-0.0076023 0.997723 0.0670171 -0.991501 0.00118361 -0.130095 -0.129878 -0.0674365 0.989234 0.0255728 1.45626 -0.070256</i>
                        <i>-0.00761691 0.997709 0.0672231 -0.991497 0.00119802 -0.130125 -0.129907 -0.0676427 0.989216 0.0256011 1.45635 -0.070177</i>
                        <i>-0.007622 0.997704 0.067295 -0.991495 0.00120305 -0.130135 -0.129918 -0.0677146 0.98921 0.0256113 1.45641 -0.0701494</i>
                    </KeyFrames>
                </p>
            </i>
            <i>
                <p>
                    <Name>
                        <![CDATA[spine2]]>
</Name>
                    <Exclude>0</Exclude>
                    <Additive>0</Additive>
                    <IKPriority>0</IKPriority>
                    <IKRotLimits>-1e+010 -1e+010 -1e+010 1e+010 1e+010 1e+010</IKRotLimits>
                    <IKRotLimitOrder>0</IKRotLimitOrder>
                    <KeyFrames count="30">
                        <i>-0.0495321 0.971873 0.230237 -0.996713 -0.0333022 -0.0738534 -0.0641088 -0.233139 0.970328 0.0244675 1.61387 -0.0595184</i>
                        <i>-0.0495201 0.971919 0.230047 -0.996713 -0.033302 -0.0738564 -0.0641214 -0.232948 0.970373 0.0244188 1.61384 -0.0594934</i>
                        <i>-0.0494865 0.972046 0.229517 -0.996712 -0.0333016 -0.0738645 -0.0641564 -0.232418 0.970498 0.0243627 1.61375 -0.059424</i>
                        <i>-0.0494368 0.972233 0.228732 -0.996711 -0.0333009 -0.0738766 -0.0642083 -0.231632 0.970682 0.0243009 1.61362 -0.0593212</i>
                        <i>-0.0493762 0.972461 0.227777 -0.99671 -0.0333001 -0.0738913 -0.0642714 -0.230676 0.970906 0.0242352 1.61346 -0.059196</i>
                        <i>-0.0493101 0.972707 0.226735 -0.996709 -0.0332992 -0.0739073 -0.0643401 -0.229634 0.971148 0.0241674 1.61328 -0.0590597</i>
                        <i>-0.0492438 0.972953 0.225693 -0.996708 -0.0332983 -0.0739233 -0.0644087 -0.22859 0.97139 0.0240993 1.61309 -0.0589232</i>
                        <i>-0.0491828 0.973178 0.224734 -0.996707 -0.0332975 -0.0739381 -0.0644718 -0.227631 0.971611 0.0240325 1.61288 -0.0587976</i>
                        <i>-0.0491325 0.973363 0.223945 -0.996706 -0.0332969 -0.0739502 -0.0645237 -0.22684 0.971792 0.0239689 1.61269 -0.0586942</i>
                        <i>-0.0490984 0.973488 0.223408 -0.996705 -0.0332964 -0.0739585 -0.0645589 -0.226303 0.971915 0.0239103 1.6125 -0.058624</i>
                        <i>-0.0490858 0.973534 0.223211 -0.996705 -0.0332963 -0.0739615 -0.0645719 -0.226106 0.97196 0.0238584 1.61234 -0.0585981</i>
                        <i>-0.0491075 0.973454 0.223552 -0.996705 -0.0332966 -0.0739563 -0.0645495 -0.226447 0.971882 0.0238161 1.61221 -0.0586428</i>
                        <i>-0.049167 0.973236 0.224486 -0.996707 -0.0332973 -0.0739419 -0.0644881 -0.227383 0.971668 0.0237848 1.61213 -0.0587652</i>
                        <i>-0.0492559 0.972908 0.225883 -0.996708 -0.0332985 -0.0739204 -0.0643962 -0.22878 0.971346 0.0237644 1.61209 -0.058948</i>
                        <i>-0.0493655 0.972501 0.227608 -0.99671 -0.0332999 -0.0738939 -0.0642825 -0.230507 0.970945 0.0237548 1.6121 -0.0591739</i>
                        <i>-0.0494874 0.972043 0.22953 -0.996712 -0.0333016 -0.0738643 -0.0641556 -0.232431 0.970495 0.0237559 1.61216 -0.0594257</i>
                        <i>-0.0496131 0.971565 0.231517 -0.996714 -0.0333033 -0.0738337 -0.064024 -0.234419 0.970025 0.0237676 1.61226 -0.059686</i>
                        <i>-0.0497344 0.971099 0.233437 -0.996717 -0.0333051 -0.0738042 -0.0638966 -0.236341 0.969567 0.023796 1.61238 -0.0599376</i>
                        <i>-0.049843 0.970678 0.235158 -0.996718 -0.0333066 -0.0737777 -0.0637821 -0.238063 0.969153 0.0238441 1.61253 -0.0601632</i>
                        <i>-0.0499306 0.970336 0.236549 -0.99672 -0.0333079 -0.0737563 -0.0636893 -0.239456 0.968816 0.0239068 1.61269 -0.0603456</i>
                        <i>-0.0499892 0.970105 0.237481 -0.996721 -0.0333088 -0.0737419 -0.0636272 -0.240388 0.968589 0.0239792 1.61285 -0.0604677</i>
                        <i>-0.0500106 0.970021 0.23782 -0.996721 -0.0333091 -0.0737367 -0.0636045 -0.240728 0.968506 0.0240562 1.61301 -0.0605122</i>
                        <i>-0.0499898 0.970103 0.23749 -0.996721 -0.0333088 -0.0737417 -0.0636266 -0.240398 0.968587 0.0241333 1.61316 -0.060469</i>
                        <i>-0.0499352 0.970318 0.236621 -0.99672 -0.033308 -0.0737551 -0.0636846 -0.239528 0.968799 0.0242077 1.6133 -0.060355</i>
                        <i>-0.0498579 0.97062 0.235394 -0.996719 -0.0333068 -0.0737741 -0.0637664 -0.2383 0.969096 0.0242771 1.61343 -0.0601942</i>
                        <i>-0.0497694 0.970964 0.23399 -0.996717 -0.0333056 -0.0737957 -0.0638598 -0.236895 0.969434 0.0243392 1.61355 -0.0600102</i>
                        <i>-0.049681 0.971305 0.232591 -0.996716 -0.0333043 -0.0738172 -0.0639528 -0.235494 0.969769 0.0243916 1.61365 -0.0598267</i>
                        <i>-0.0496043 0.971599 0.231377 -0.996714 -0.0333032 -0.0738359 -0.0640333 -0.23428 0.970058 0.024432 1.61374 -0.0596677</i>
                        <i>-0.0495508 0.971802 0.230532 -0.996713 -0.0333025 -0.0738489 -0.0640892 -0.233434 0.970258 0.024458 1.61381 -0.059557</i>
                        <i>-0.0495321 0.971873 0.230237 -0.996713 -0.0333022 -0.0738534 -0.0641088 -0.233139 0.970328 0.0244675 1.61387 -0.0595184</i>
                    </KeyFrames>
                </p>
            </i>
            <i>
                <p>
                    <Name>
                        <![CDATA[head]]>
</Name>
                    <Exclude>0</Exclude>
                    <Additive>0</Additive>
                    <IKPriority>0</IKPriority>
                    <IKRotLimits>-1e+010 -1e+010 -1e+010 1e+010 1e+010 1e+010</IKRotLimits>
                    <IKRotLimitOrder>0</IKRotLimitOrder>
                    <KeyFrames count="30">
                        <i>0.024228 0.985977 0.165115 0.181681 0.15807 -0.97057 -0.983059 0.0535131 -0.175303 0.0110382 1.86619 -0.00875658</i>
                        <i>0.0242494 0.986029 0.164796 0.181698 0.157752 -0.970618 -0.983055 0.0534801 -0.175334 0.0109939 1.86617 -0.00879742</i>
                        <i>0.0243091 0.986176 0.16391 0.181746 0.156867 -0.970753 -0.983045 0.0533881 -0.17542 0.0109499 1.86611 -0.00891113</i>
                        <i>0.0243975 0.986391 0.162598 0.181816 0.155555 -0.970951 -0.98303 0.0532516 -0.175546 0.010906 1.86603 -0.00907958</i>
                        <i>0.0245053 0.98665 0.161 0.181902 0.153959 -0.971189 -0.983011 0.0530854 -0.1757 0.0108622 1.86593 -0.00928463</i>
                        <i>0.0246229 0.98693 0.159259 0.181995 0.152219 -0.971446 -0.982991 0.052904 -0.175868 0.0108183 1.86581 -0.00950808</i>
                        <i>0.0247407 0.987207 0.157515 0.182088 0.150478 -0.9717 -0.982971 0.0527221 -0.176035 0.010774 1.86568 -0.00973178</i>
                        <i>0.0248492 0.987458 0.155913 0.182173 0.148876 -0.971931 -0.982952 0.0525547 -0.176189 0.0107292 1.86554 -0.0099375</i>
                        <i>0.0249386 0.987664 0.154592 0.182243 0.147557 -0.972118 -0.982937 0.0524166 -0.176315 0.0106838 1.86539 -0.010107</i>
                        <i>0.0249994 0.987802 0.153695 0.18229 0.146661 -0.972245 -0.982927 0.0523227 -0.1764 0.0106375 1.86523 -0.0102221</i>
                        <i>0.0250218 0.987853 0.153365 0.182308 0.146331 -0.972292 -0.982923 0.0522881 -0.176432 0.0105902 1.86508 -0.0102645</i>
                        <i>0.0249832 0.987765 0.153935 0.182278 0.146901 -0.972212 -0.98293 0.0523478 -0.176377 0.01054 1.86493 -0.0101914</i>
                        <i>0.0248773 0.987523 0.155498 0.182195 0.148462 -0.97199 -0.982948 0.0525113 -0.176228 0.0104872 1.86479 -0.00999072</i>
                        <i>0.0247192 0.987156 0.157833 0.182071 0.150795 -0.971654 -0.982975 0.0527552 -0.176005 0.0104348 1.86467 -0.00969109</i>
                        <i>0.0245243 0.986696 0.160718 0.181917 0.153677 -0.971231 -0.983008 0.053056 -0.175728 0.0103856 1.86458 -0.00932083</i>
                        <i>0.0243076 0.986172 0.163932 0.181744 0.156888 -0.97075 -0.983045 0.0533903 -0.175418 0.0103428 1.86452 -0.00890836</i>
                        <i>0.0240841 0.985619 0.167255 0.181565 0.160208 -0.970241 -0.983084 0.053735 -0.175096 0.0103091 1.86449 -0.00848201</i>
                        <i>0.0238685 0.985075 0.170465 0.181392 0.163416 -0.969738 -0.983121 0.0540672 -0.174784 0.0102938 1.8645 -0.00807004</i>
                        <i>0.0236756 0.984577 0.173344 0.181235 0.166293 -0.969278 -0.983155 0.0543643 -0.174503 0.0103028 1.86453 -0.00770067</i>
                        <i>0.0235199 0.984168 0.175672 0.181108 0.168619 -0.9689 -0.983182 0.0546041 -0.174275 0.0103339 1.8646 -0.00740205</i>
                        <i>0.0234159 0.983891 0.17723 0.181023 0.170175 -0.968644 -0.9832 0.0547643 -0.174122 0.0103851 1.86471 -0.00720225</i>
                        <i>0.023378 0.983789 0.177798 0.180992 0.170742 -0.96855 -0.983207 0.0548227 -0.174066 0.0104544 1.86484 -0.00712939</i>
                        <i>0.0234148 0.983888 0.177246 0.181022 0.170191 -0.968641 -0.9832 0.0547659 -0.174121 0.010539 1.86502 -0.00720017</i>
                        <i>0.0235119 0.984146 0.175792 0.181102 0.168739 -0.968881 -0.983183 0.0546165 -0.174263 0.0106331 1.86522 -0.00738665</i>
                        <i>0.0236492 0.984508 0.17374 0.181214 0.166688 -0.969214 -0.983159 0.0544051 -0.174464 0.0107304 1.86542 -0.00764996</i>
                        <i>0.0238064 0.984915 0.171391 0.181341 0.164341 -0.969591 -0.983132 0.0541628 -0.174694 0.0108244 1.86563 -0.00795123</i>
                        <i>0.0239634 0.985316 0.169051 0.181468 0.162003 -0.969961 -0.983105 0.0539209 -0.174922 0.0109086 1.86582 -0.00825156</i>
                        <i>0.0240997 0.985659 0.167021 0.181578 0.159975 -0.970277 -0.983081 0.0537108 -0.175119 0.0109767 1.86599 -0.00851192</i>
                        <i>0.0241948 0.985895 0.165608 0.181654 0.158563 -0.970494 -0.983065 0.0535643 -0.175256 0.011022 1.86611 -0.00869329</i>
                        <i>0.024228 0.985977 0.165115 0.181681 0.15807 -0.97057 -0.983059 0.0535131 -0.175303 0.0110382 1.86619 -0.00875658</i>
                    </KeyFrames>
                </p>
            </i>
            <i>
                <p>
                    <Name>
                        <![CDATA[head_prop]]>
</Name>
                    <Exclude>0</Exclude>
                    <Additive>0</Additive>
                    <IKPriority>0</IKPriority>
                    <IKRotLimits>-1e+010 -1e+010 -1e+010 1e+010 1e+010 1e+010</IKRotLimits>
                    <IKRotLimitOrder>0</IKRotLimitOrder>
                    <KeyFrames count="30">
                        <i>0.983059 -0.0535131 0.175303 0.024228 0.985977 0.165115 -0.181681 -0.15807 0.97057 0.0189343 2.18753 0.0450558</i>
                        <i>0.983055 -0.0534801 0.175334 0.0242494 0.986029 0.164796 -0.181698 -0.157752 0.970618 0.018897 2.18752 0.0449112</i>
                        <i>0.983045 -0.0533881 0.17542 0.0243091 0.986176 0.16391 -0.181746 -0.156867 0.970753 0.0188724 2.18752 0.0445087</i>
                        <i>0.98303 -0.0532516 0.175546 0.0243975 0.986391 0.162598 -0.181816 -0.155555 0.970951 0.0188574 2.18751 0.0439124</i>
                        <i>0.983011 -0.0530854 0.1757 0.0245053 0.98665 0.161 -0.181902 -0.153959 0.971189 0.0188487 2.18749 0.0431866</i>
                        <i>0.982991 -0.052904 0.175868 0.0246229 0.98693 0.159259 -0.181995 -0.152219 0.971446 0.0188431 2.18746 0.0423957</i>
                        <i>0.982971 -0.0527221 0.176035 0.0247407 0.987207 0.157515 -0.182088 -0.150478 0.9717 0.0188372 2.18742 0.0416039</i>
                        <i>0.982952 -0.0525547 0.176189 0.0248492 0.987458 0.155913 -0.182173 -0.148876 0.971931 0.0188278 2.18736 0.0408758</i>
                        <i>0.982937 -0.0524166 0.176315 0.0249386 0.987664 0.154592 -0.182243 -0.147557 0.972118 0.0188115 2.18727 0.0402758</i>
                        <i>0.982927 -0.0523227 0.1764 0.0249994 0.987802 0.153695 -0.18229 -0.146661 0.972245 0.0187851 2.18717 0.0398685</i>
                        <i>0.982923 -0.0522881 0.176432 0.0250218 0.987853 0.153365 -0.182308 -0.146331 0.972292 0.018745 2.18703 0.0397184</i>
                        <i>0.98293 -0.0523478 0.176377 0.0249832 0.987765 0.153935 -0.182278 -0.146901 0.972212 0.0186823 2.18686 0.0399774</i>
                        <i>0.982948 -0.0525113 0.176228 0.0248773 0.987523 0.155498 -0.182195 -0.148462 0.97199 0.0185949 2.18664 0.0406874</i>
                        <i>0.982975 -0.0527552 0.176005 0.0247192 0.987156 0.157833 -0.182071 -0.150795 0.971654 0.018491 2.18639 0.041748</i>
                        <i>0.983008 -0.053056 0.175728 0.0245243 0.986696 0.160718 -0.181917 -0.153677 0.971231 0.0183783 2.18615 0.0430585</i>
                        <i>0.983045 -0.0533903 0.175418 0.0243076 0.986172 0.163932 -0.181744 -0.156888 0.97075 0.0182648 2.18592 0.0445185</i>
                        <i>0.983084 -0.053735 0.175096 0.0240841 0.985619 0.167255 -0.181565 -0.160208 0.970241 0.0181583 2.18572 0.0460277</i>
                        <i>0.983121 -0.0540672 0.174784 0.0238685 0.985075 0.170465 -0.181392 -0.163416 0.969738 0.0180728 2.18554 0.0474861</i>
                        <i>0.983155 -0.0543643 0.174503 0.0236756 0.984577 0.173344 -0.181235 -0.166293 0.969278 0.0180188 2.18542 0.0487938</i>
                        <i>0.983182 -0.0546041 0.174275 0.0235199 0.984168 0.175672 -0.181108 -0.168619 0.9689 0.0179992 2.18535 0.0498511</i>
                        <i>0.9832 -0.0547643 0.174122 0.0234159 0.983891 0.17723 -0.181023 -0.170175 0.968644 0.0180165 2.18536 0.0505585</i>
                        <i>0.983207 -0.0548227 0.174066 0.023378 0.983789 0.177798 -0.180992 -0.170742 0.96855 0.0180735 2.18547 0.0508164</i>
                        <i>0.9832 -0.0547659 0.174121 0.0234148 0.983888 0.177246 -0.181022 -0.170191 0.968641 0.0181701 2.18568 0.0505658</i>
                        <i>0.983183 -0.0546165 0.174263 0.0235119 0.984146 0.175792 -0.181102 -0.168739 0.968881 0.0182959 2.18596 0.0499056</i>
                        <i>0.983159 -0.0544051 0.174464 0.0236492 0.984508 0.17374 -0.181214 -0.166688 0.969214 0.0184379 2.18628 0.0489734</i>
                        <i>0.983132 -0.0541628 0.174694 0.0238064 0.984915 0.171391 -0.181341 -0.164341 0.969591 0.0185831 2.18662 0.0479067</i>
                        <i>0.983105 -0.0539209 0.174922 0.0239634 0.985316 0.169051 -0.181468 -0.162003 0.969961 0.0187185 2.18695 0.0468435</i>
                        <i>0.983081 -0.0537108 0.175119 0.0240997 0.985659 0.167021 -0.181578 -0.159975 0.970277 0.018831 2.18722 0.0459218</i>
                        <i>0.983065 -0.0535643 0.175256 0.0241948 0.985895 0.165608 -0.181654 -0.158563 0.970494 0.0189073 2.18743 0.0452798</i>
                        <i>0.983059 -0.0535131 0.175303 0.024228 0.985977 0.165115 -0.181681 -0.15807 0.97057 0.0189343 2.18753 0.0450558</i>
                    </KeyFrames>
                </p>
            </i>
            <i>
                <p>
                    <Name>
                        <![CDATA[l_clav]]>
</Name>
                    <Exclude>0</Exclude>
                    <Additive>0</Additive>
                    <IKPriority>0</IKPriority>
                    <IKRotLimits>-1e+010 -1e+010 -1e+010 1e+010 1e+010 1e+010</IKRotLimits>
                    <IKRotLimitOrder>0</IKRotLimitOrder>
                    <KeyFrames count="30">
                        <i>0.961602 0.272269 -0.0345118 -0.271172 0.961953 0.0333516 0.0422793 -0.0227123 0.998848 0.105654 1.66906 -0.00732586</i>
                        <i>0.961609 0.272235 -0.0345866 -0.271149 0.96197 0.033037 0.0422651 -0.0223906 0.998855 0.105605 1.66903 -0.00730171</i>
                        <i>0.961629 0.27214 -0.0347946 -0.271086 0.962018 0.0321612 0.0422254 -0.0214948 0.998877 0.105547 1.66898 -0.00723445</i>
                        <i>0.961657 0.271998 -0.0351027 -0.270992 0.962086 0.030864 0.0421668 -0.0201681 0.998907 0.105484 1.66889 -0.00713488</i>
                        <i>0.961693 0.271825 -0.0354773 -0.270879 0.962168 0.0292854 0.0420956 -0.0185536 0.998941 0.105416 1.66878 -0.00701377</i>
                        <i>0.961731 0.271635 -0.035885 -0.270754 0.962254 0.0275654 0.0420182 -0.0167945 0.998976 0.105346 1.66865 -0.00688186</i>
                        <i>0.961769 0.271445 -0.0362928 -0.27063 0.962337 0.025844 0.0419411 -0.0150341 0.999007 0.105276 1.66851 -0.00674993</i>
                        <i>0.961805 0.27127 -0.0366673 -0.270515 0.96241 0.0242612 0.0418703 -0.0134155 0.999033 0.105207 1.66836 -0.00662868</i>
                        <i>0.961834 0.271124 -0.0369757 -0.270421 0.962469 0.0229572 0.0418122 -0.012082 0.999052 0.105142 1.66821 -0.00652882</i>
                        <i>0.961854 0.271026 -0.0371849 -0.270357 0.962507 0.022072 0.0417728 -0.0111769 0.999065 0.105082 1.66805 -0.00646107</i>
                        <i>0.961861 0.270989 -0.037262 -0.270333 0.962521 0.0217458 0.0417583 -0.0108433 0.999069 0.10503 1.6679 -0.0064361</i>
                        <i>0.961848 0.271052 -0.037129 -0.270374 0.962497 0.0223086 0.0417833 -0.0114188 0.999061 0.104988 1.66775 -0.00647917</i>
                        <i>0.961814 0.271224 -0.0367642 -0.270486 0.962429 0.0238518 0.0418521 -0.0129968 0.999039 0.104959 1.66762 -0.00659731</i>
                        <i>0.961762 0.27148 -0.0362186 -0.270653 0.962322 0.0261571 0.0419551 -0.0153543 0.999001 0.104941 1.66751 -0.00677393</i>
                        <i>0.961699 0.271794 -0.0355434 -0.270858 0.962182 0.0290067 0.0420831 -0.0182685 0.998947 0.104935 1.66743 -0.00699238</i>
                        <i>0.961628 0.272142 -0.0347896 -0.271088 0.962017 0.0321826 0.0422264 -0.0215166 0.998876 0.104941 1.66739 -0.00723609</i>
                        <i>0.961555 0.272499 -0.0340088 -0.271324 0.961834 0.0354667 0.0423754 -0.0248758 0.998792 0.104957 1.66738 -0.00748836</i>
                        <i>0.961484 0.272842 -0.0332526 -0.271552 0.961648 0.0386415 0.0425204 -0.0281233 0.9987 0.104989 1.6674 -0.00773247</i>
                        <i>0.961421 0.273148 -0.0325734 -0.271756 0.961471 0.0414892 0.042651 -0.0310365 0.998608 0.105041 1.66746 -0.00795163</i>
                        <i>0.961369 0.273393 -0.0320232 -0.271921 0.961323 0.0437923 0.0427572 -0.0333928 0.998527 0.105107 1.66755 -0.00812902</i>
                        <i>0.961335 0.273557 -0.0316547 -0.272031 0.96122 0.0453336 0.0428285 -0.0349698 0.99847 0.105181 1.66766 -0.00824781</i>
                        <i>0.961322 0.273616 -0.0315202 -0.272072 0.961182 0.0458957 0.0428545 -0.0355448 0.998449 0.105259 1.6678 -0.00829114</i>
                        <i>0.961334 0.273559 -0.0316509 -0.272033 0.961219 0.0453496 0.0428292 -0.034986 0.99847 0.105335 1.66797 -0.00824903</i>
                        <i>0.961367 0.273406 -0.0319949 -0.27193 0.961315 0.043911 0.0427627 -0.0335142 0.998523 0.105408 1.66816 -0.00813817</i>
                        <i>0.961412 0.273189 -0.03248 -0.271784 0.961446 0.0418802 0.042669 -0.0314366 0.998595 0.105475 1.66835 -0.00798174</i>
                        <i>0.961464 0.27294 -0.0330343 -0.271618 0.961592 0.0395573 0.0425623 -0.0290602 0.998671 0.105534 1.66854 -0.00780293</i>
                        <i>0.961515 0.272691 -0.033586 -0.271452 0.961731 0.0372425 0.0424564 -0.0266922 0.998742 0.105583 1.66872 -0.00762488</i>
                        <i>0.96156 0.272474 -0.0340636 -0.271307 0.961848 0.0352362 0.0423649 -0.02464 0.998798 0.105621 1.66887 -0.00747065</i>
                        <i>0.961591 0.272322 -0.0343959 -0.271207 0.961926 0.0338391 0.0423015 -0.0232109 0.998835 0.105645 1.66899 -0.00736331</i>
                        <i>0.961602 0.272269 -0.0345118 -0.271172 0.961953 0.0333516 0.0422793 -0.0227123 0.998848 0.105654 1.66906 -0.00732586</i>
                    </KeyFrames>
                </p>
            </i>
            <i>
                <p>
                    <Name>
                        <![CDATA[l_shoulder]]>
</Name>
                    <Exclude>0</Exclude>
                    <Additive>0</Additive>
                    <IKPriority>0</IKPriority>
                    <IKRotLimits>-1e+010 -1e+010 -1e+010 1e+010 1e+010 1e+010</IKRotLimits>
                    <IKRotLimitOrder>0</IKRotLimitOrder>
                    <KeyFrames count="30">
                        <i>0.356135 -0.933543 -0.0408041 0.835149 0.298404 0.462041 -0.419159 -0.198626 0.88592 0.295645 1.72285 -0.0141446</i>
                        <i>0.356113 -0.933565 -0.0404976 0.83515 0.298533 0.461956 -0.419176 -0.19833 0.885978 0.295598 1.72282 -0.0141353</i>
                        <i>0.356052 -0.933625 -0.0396441 0.835152 0.298892 0.461719 -0.419223 -0.197505 0.88614 0.295544 1.72275 -0.0141091</i>
                        <i>0.355962 -0.933712 -0.0383799 0.835155 0.299425 0.461368 -0.419293 -0.196283 0.886378 0.295487 1.72263 -0.0140704</i>
                        <i>0.355852 -0.933816 -0.0368414 0.83516 0.300072 0.460939 -0.419377 -0.194795 0.886667 0.295426 1.72249 -0.0140233</i>
                        <i>0.355732 -0.933926 -0.0351651 0.835165 0.300776 0.460471 -0.419469 -0.193173 0.886978 0.295363 1.72232 -0.013972</i>
                        <i>0.355612 -0.934034 -0.0334874 0.83517 0.30148 0.460002 -0.419561 -0.19155 0.887286 0.295301 1.72215 -0.0139206</i>
                        <i>0.355501 -0.93413 -0.0319447 0.835174 0.302126 0.459569 -0.419646 -0.190057 0.887567 0.295239 1.72196 -0.0138734</i>
                        <i>0.35541 -0.934207 -0.0306737 0.835178 0.302658 0.459212 -0.419715 -0.188826 0.887797 0.295179 1.72178 -0.0138344</i>
                        <i>0.355348 -0.934259 -0.0298109 0.835181 0.303019 0.458969 -0.419762 -0.187991 0.887952 0.295123 1.7216 -0.013808</i>
                        <i>0.355325 -0.934277 -0.029493 0.835182 0.303152 0.458879 -0.41978 -0.187683 0.888009 0.295073 1.72144 -0.0137983</i>
                        <i>0.355365 -0.934245 -0.0300415 0.83518 0.302922 0.459034 -0.41975 -0.188214 0.887911 0.295028 1.72131 -0.0138151</i>
                        <i>0.355473 -0.934154 -0.0315456 0.835176 0.302293 0.459457 -0.419668 -0.18967 0.88764 0.294992 1.72121 -0.0138611</i>
                        <i>0.355634 -0.934014 -0.0337925 0.835169 0.301352 0.460087 -0.419545 -0.191845 0.88723 0.294965 1.72114 -0.0139299</i>
                        <i>0.355833 -0.933834 -0.0365698 0.835161 0.300186 0.460864 -0.419392 -0.194532 0.886717 0.294946 1.72113 -0.014015</i>
                        <i>0.356054 -0.933623 -0.0396649 0.835152 0.298884 0.461725 -0.419222 -0.197525 0.886136 0.294938 1.72115 -0.0141098</i>
                        <i>0.356282 -0.933395 -0.0428654 0.835143 0.297534 0.462611 -0.419045 -0.200619 0.885524 0.294939 1.72122 -0.0142078</i>
                        <i>0.356502 -0.933163 -0.045959 0.835136 0.296226 0.463464 -0.418873 -0.203608 0.884923 0.294958 1.72131 -0.0143025</i>
                        <i>0.356699 -0.932947 -0.0487339 0.835129 0.29505 0.464225 -0.418718 -0.206288 0.884376 0.294997 1.72143 -0.0143874</i>
                        <i>0.356858 -0.932766 -0.050978 0.835124 0.294098 0.464838 -0.418593 -0.208454 0.883927 0.295052 1.72156 -0.0144561</i>
                        <i>0.356965 -0.932642 -0.0524798 0.835121 0.293459 0.465248 -0.418509 -0.209904 0.883624 0.29512 1.72171 -0.0145021</i>
                        <i>0.357004 -0.932597 -0.0530275 0.835119 0.293226 0.465396 -0.418478 -0.210432 0.883512 0.295195 1.72187 -0.0145189</i>
                        <i>0.356966 -0.932641 -0.0524953 0.83512 0.293453 0.465252 -0.418508 -0.209919 0.883621 0.295274 1.72202 -0.0145026</i>
                        <i>0.356867 -0.932757 -0.0510937 0.835124 0.294049 0.46487 -0.418587 -0.208566 0.883904 0.295353 1.72218 -0.0144597</i>
                        <i>0.356726 -0.932917 -0.0491149 0.835128 0.294889 0.464329 -0.418697 -0.206656 0.8843 0.295429 1.72233 -0.0143991</i>
                        <i>0.356566 -0.933095 -0.0468515 0.835133 0.295848 0.463709 -0.418823 -0.20447 0.884748 0.295498 1.72247 -0.0143298</i>
                        <i>0.356405 -0.933267 -0.0445958 0.835139 0.296803 0.463089 -0.418949 -0.202291 0.885189 0.295558 1.7226 -0.0142607</i>
                        <i>0.356266 -0.933411 -0.0426407 0.835144 0.297629 0.462549 -0.419057 -0.200402 0.885568 0.295604 1.7227 -0.0142009</i>
                        <i>0.356169 -0.933509 -0.0412792 0.835148 0.298203 0.462172 -0.419133 -0.199086 0.885829 0.295635 1.72279 -0.0141592</i>
                        <i>0.356135 -0.933543 -0.0408041 0.835149 0.298404 0.462041 -0.419159 -0.198626 0.88592 0.295645 1.72285 -0.0141446</i>
                    </KeyFrames>
                </p>
            </i>
            <i>
                <p>
                    <Name>
                        <![CDATA[l_elbow]]>
</Name>
                    <Exclude>0</Exclude>
                    <Additive>0</Additive>
                    <IKPriority>0</IKPriority>
                    <IKRotLimits>-1e+010 -1e+010 -1e+010 1e+010 1e+010 1e+010</IKRotLimits>
                    <IKRotLimitOrder>0</IKRotLimitOrder>
                    <KeyFrames count="30">
                        <i>0.10557 -0.912191 0.395933 0.834075 0.298023 0.464221 -0.541455 0.28123 0.792298 0.411488 1.41919 -0.0274173</i>
