<?xml version="1.0" encoding="ISO-8859-1" ?>
<Animl Version="1">
    <ModellingPackage>
        <![CDATA[Maya.2010]]>
</ModellingPackage>
    <SrcFile>
        <![CDATA[anims\characters\shared\base_soldier\~src\infantry\ts2_idle_ambient_powwow03.mb]]>
</SrcFile>
    <FramesPerSecond>24</FramesPerSecond>
    <TotalFrames>91</TotalFrames>
    <Skeleton>
        <RefFrame>
            <Name>
                <![CDATA[soldier_ref_frame]]>
</Name>
            <Exclude>0</Exclude>
            <Additive>0</Additive>
            <IKPriority>0</IKPriority>
            <IKRotLimits>-1e+010 -1e+010 -1e+010 1e+010 1e+010 1e+010</IKRotLimits>
            <IKRotLimitOrder>0</IKRotLimitOrder>
            <KeyFrames count="91">
                <i>1 0 0 0 1 0 0 0 1 0 0 0</i>
                <i>1 0 0 0 1 0 0 0 1 0 0 0</i>
                <i>1 0 0 0 1 0 0 0 1 0 0 0</i>
                <i>1 0 0 0 1 0 0 0 1 0 0 0</i>
                <i>1 0 0 0 1 0 0 0 1 0 0 0</i>
                <i>1 0 0 0 1 0 0 0 1 0 0 0</i>
                <i>1 0 0 0 1 0 0 0 1 0 0 0</i>
                <i>1 0 0 0 1 0 0 0 1 0 0 0</i>
                <i>1 0 0 0 1 0 0 0 1 0 0 0</i>
                <i>1 0 0 0 1 0 0 0 1 0 0 0</i>
                <i>1 0 0 0 1 0 0 0 1 0 0 0</i>
                <i>1 0 0 0 1 0 0 0 1 0 0 0</i>
                <i>1 0 0 0 1 0 0 0 1 0 0 0</i>
                <i>1 0 0 0 1 0 0 0 1 0 0 0</i>
                <i>1 0 0 0 1 0 0 0 1 0 0 0</i>
                <i>1 0 0 0 1 0 0 0 1 0 0 0</i>
                <i>1 0 0 0 1 0 0 0 1 0 0 0</i>
                <i>1 0 0 0 1 0 0 0 1 0 0 0</i>
                <i>1 0 0 0 1 0 0 0 1 0 0 0</i>
                <i>1 0 0 0 1 0 0 0 1 0 0 0</i>
                <i>1 0 0 0 1 0 0 0 1 0 0 0</i>
                <i>1 0 0 0 1 0 0 0 1 0 0 0</i>
                <i>1 0 0 0 1 0 0 0 1 0 0 0</i>
                <i>1 0 0 0 1 0 0 0 1 0 0 0</i>
                <i>1 0 0 0 1 0 0 0 1 0 0 0</i>
                <i>1 0 0 0 1 0 0 0 1 0 0 0</i>
                <i>1 0 0 0 1 0 0 0 1 0 0 0</i>
                <i>1 0 0 0 1 0 0 0 1 0 0 0</i>
                <i>1 0 0 0 1 0 0 0 1 0 0 0</i>
                <i>1 0 0 0 1 0 0 0 1 0 0 0</i>
                <i>1 0 0 0 1 0 0 0 1 0 0 0</i>
                <i>1 0 0 0 1 0 0 0 1 0 0 0</i>
                <i>1 0 0 0 1 0 0 0 1 0 0 0</i>
                <i>1 0 0 0 1 0 0 0 1 0 0 0</i>
                <i>1 0 0 0 1 0 0 0 1 0 0 0</i>
                <i>1 0 0 0 1 0 0 0 1 0 0 0</i>
                <i>1 0 0 0 1 0 0 0 1 0 0 0</i>
                <i>1 0 0 0 1 0 0 0 1 0 0 0</i>
                <i>1 0 0 0 1 0 0 0 1 0 0 0</i>
                <i>1 0 0 0 1 0 0 0 1 0 0 0</i>
                <i>1 0 0 0 1 0 0 0 1 0 0 0</i>
                <i>1 0 0 0 1 0 0 0 1 0 0 0</i>
                <i>1 0 0 0 1 0 0 0 1 0 0 0</i>
                <i>1 0 0 0 1 0 0 0 1 0 0 0</i>
                <i>1 0 0 0 1 0 0 0 1 0 0 0</i>
                <i>1 0 0 0 1 0 0 0 1 0 0 0</i>
                <i>1 0 0 0 1 0 0 0 1 0 0 0</i>
                <i>1 0 0 0 1 0 0 0 1 0 0 0</i>
                <i>1 0 0 0 1 0 0 0 1 0 0 0</i>
                <i>1 0 0 0 1 0 0 0 1 0 0 0</i>
                <i>1 0 0 0 1 0 0 0 1 0 0 0</i>
                <i>1 0 0 0 1 0 0 0 1 0 0 0</i>
                <i>1 0 0 0 1 0 0 0 1 0 0 0</i>
                <i>1 0 0 0 1 0 0 0 1 0 0 0</i>
                <i>1 0 0 0 1 0 0 0 1 0 0 0</i>
                <i>1 0 0 0 1 0 0 0 1 0 0 0</i>
                <i>1 0 0 0 1 0 0 0 1 0 0 0</i>
                <i>1 0 0 0 1 0 0 0 1 0 0 0</i>
                <i>1 0 0 0 1 0 0 0 1 0 0 0</i>
                <i>1 0 0 0 1 0 0 0 1 0 0 0</i>
                <i>1 0 0 0 1 0 0 0 1 0 0 0</i>
                <i>1 0 0 0 1 0 0 0 1 0 0 0</i>
                <i>1 0 0 0 1 0 0 0 1 0 0 0</i>
                <i>1 0 0 0 1 0 0 0 1 0 0 0</i>
                <i>1 0 0 0 1 0 0 0 1 0 0 0</i>
                <i>1 0 0 0 1 0 0 0 1 0 0 0</i>
                <i>1 0 0 0 1 0 0 0 1 0 0 0</i>
                <i>1 0 0 0 1 0 0 0 1 0 0 0</i>
                <i>1 0 0 0 1 0 0 0 1 0 0 0</i>
                <i>1 0 0 0 1 0 0 0 1 0 0 0</i>
                <i>1 0 0 0 1 0 0 0 1 0 0 0</i>
                <i>1 0 0 0 1 0 0 0 1 0 0 0</i>
                <i>1 0 0 0 1 0 0 0 1 0 0 0</i>
                <i>1 0 0 0 1 0 0 0 1 0 0 0</i>
                <i>1 0 0 0 1 0 0 0 1 0 0 0</i>
                <i>1 0 0 0 1 0 0 0 1 0 0 0</i>
                <i>1 0 0 0 1 0 0 0 1 0 0 0</i>
                <i>1 0 0 0 1 0 0 0 1 0 0 0</i>
                <i>1 0 0 0 1 0 0 0 1 0 0 0</i>
                <i>1 0 0 0 1 0 0 0 1 0 0 0</i>
                <i>1 0 0 0 1 0 0 0 1 0 0 0</i>
                <i>1 0 0 0 1 0 0 0 1 0 0 0</i>
                <i>1 0 0 0 1 0 0 0 1 0 0 0</i>
                <i>1 0 0 0 1 0 0 0 1 0 0 0</i>
                <i>1 0 0 0 1 0 0 0 1 0 0 0</i>
                <i>1 0 0 0 1 0 0 0 1 0 0 0</i>
                <i>1 0 0 0 1 0 0 0 1 0 0 0</i>
                <i>1 0 0 0 1 0 0 0 1 0 0 0</i>
                <i>1 0 0 0 1 0 0 0 1 0 0 0</i>
                <i>1 0 0 0 1 0 0 0 1 0 0 0</i>
                <i>1 0 0 0 1 0 0 0 1 0 0 0</i>
            </KeyFrames>
        </RefFrame>
        <Bones count="23">
            <i>
                <p>
                    <Name>
                        <![CDATA[pelvis]]>
</Name>
                    <Exclude>0</Exclude>
                    <Additive>0</Additive>
                    <IKPriority>0</IKPriority>
                    <IKRotLimits>-1e+010 -1e+010 -1e+010 1e+010 1e+010 1e+010</IKRotLimits>
                    <IKRotLimitOrder>2</IKRotLimitOrder>
                    <KeyFrames count="91">
                        <i>1 0 0 0 1 0 0 0 1 -0.00187488 0.198168 -0.474439</i>
                        <i>1 0 0 0 1 0 0 0 1 -0.00187488 0.198168 -0.474439</i>
                        <i>1 0 0 0 1 0 0 0 1 -0.00187488 0.198168 -0.474439</i>
                        <i>1 0 0 0 1 0 0 0 1 -0.00187488 0.198168 -0.474439</i>
                        <i>1 0 0 0 1 0 0 0 1 -0.00187488 0.198168 -0.474439</i>
                        <i>1 0 0 0 1 0 0 0 1 -0.00187488 0.198168 -0.474439</i>
                        <i>1 0 0 0 1 0 0 0 1 -0.00187488 0.198168 -0.474439</i>
                        <i>1 0 0 0 1 0 0 0 1 -0.00187488 0.198168 -0.474439</i>
                        <i>1 0 0 0 1 0 0 0 1 -0.00187488 0.198168 -0.474439</i>
                        <i>1 0 0 0 1 0 0 0 1 -0.00187488 0.198168 -0.474439</i>
                        <i>1 0 0 0 1 0 0 0 1 -0.00187488 0.198168 -0.474439</i>
                        <i>1 0 0 0 1 0 0 0 1 -0.00187488 0.198168 -0.474439</i>
                        <i>1 0 0 0 1 0 0 0 1 -0.00187488 0.198168 -0.474439</i>
                        <i>1 0 0 0 1 0 0 0 1 -0.00187488 0.198168 -0.474439</i>
                        <i>1 0 0 0 1 0 0 0 1 -0.00187488 0.198168 -0.474439</i>
                        <i>1 0 0 0 1 0 0 0 1 -0.00187488 0.198168 -0.474439</i>
                        <i>1 0 0 0 1 0 0 0 1 -0.00187488 0.198168 -0.474439</i>
                        <i>1 0 0 0 1 0 0 0 1 -0.00187488 0.198168 -0.474439</i>
                        <i>1 0 0 0 1 0 0 0 1 -0.00187488 0.198168 -0.474439</i>
                        <i>1 0 0 0 1 0 0 0 1 -0.00187488 0.198168 -0.474439</i>
                        <i>1 0 0 0 1 0 0 0 1 -0.00187488 0.198168 -0.474439</i>
                        <i>1 0 0 0 1 0 0 0 1 -0.00187488 0.198168 -0.474439</i>
                        <i>1 0 0 0 1 0 0 0 1 -0.00187488 0.198168 -0.474439</i>
                        <i>1 0 0 0 1 0 0 0 1 -0.00187488 0.198168 -0.474439</i>
                        <i>1 0 0 0 1 0 0 0 1 -0.00187488 0.198168 -0.474439</i>
                        <i>1 0 0 0 1 0 0 0 1 -0.00187488 0.198168 -0.474439</i>
                        <i>1 0 0 0 1 0 0 0 1 -0.00187488 0.198168 -0.474439</i>
                        <i>1 0 0 0 1 0 0 0 1 -0.00187488 0.198168 -0.474439</i>
                        <i>1 0 0 0 1 0 0 0 1 -0.00187488 0.198168 -0.474439</i>
                        <i>1 0 0 0 1 0 0 0 1 -0.00187488 0.198168 -0.474439</i>
                        <i>1 0 0 0 1 0 0 0 1 -0.00187488 0.198168 -0.474439</i>
                        <i>1 0 0 0 1 0 0 0 1 -0.00187488 0.198168 -0.474439</i>
                        <i>1 0 0 0 1 0 0 0 1 -0.00187488 0.198168 -0.474439</i>
                        <i>1 0 0 0 1 0 0 0 1 -0.00187488 0.198168 -0.474439</i>
                        <i>1 0 0 0 1 0 0 0 1 -0.00187488 0.198168 -0.474439</i>
                        <i>1 0 0 0 1 0 0 0 1 -0.00187488 0.198168 -0.474439</i>
                        <i>1 0 0 0 1 0 0 0 1 -0.00187488 0.198168 -0.474439</i>
                        <i>1 0 0 0 1 0 0 0 1 -0.00187488 0.198168 -0.474439</i>
                        <i>1 0 0 0 1 0 0 0 1 -0.00187488 0.198168 -0.474439</i>
                        <i>1 0 0 0 1 0 0 0 1 -0.00187488 0.198168 -0.474439</i>
                        <i>1 0 0 0 1 0 0 0 1 -0.00187488 0.198168 -0.474439</i>
                        <i>1 0 0 0 1 0 0 0 1 -0.00187488 0.198168 -0.474439</i>
                        <i>1 0 0 0 1 0 0 0 1 -0.00187488 0.198168 -0.474439</i>
                        <i>1 0 0 0 1 0 0 0 1 -0.00187488 0.198168 -0.474439</i>
                        <i>1 0 0 0 1 0 0 0 1 -0.00187488 0.198168 -0.474439</i>
                        <i>1 0 0 0 1 0 0 0 1 -0.00187488 0.198168 -0.474439</i>
                        <i>1 0 0 0 1 0 0 0 1 -0.00187488 0.198168 -0.474439</i>
                        <i>1 0 0 0 1 0 0 0 1 -0.00187488 0.198168 -0.474439</i>
                        <i>1 0 0 0 1 0 0 0 1 -0.00187488 0.198168 -0.474439</i>
                        <i>1 0 0 0 1 0 0 0 1 -0.00187488 0.198168 -0.474439</i>
                        <i>1 0 0 0 1 0 0 0 1 -0.00187488 0.198168 -0.474439</i>
                        <i>1 0 0 0 1 0 0 0 1 -0.00187488 0.198168 -0.474439</i>
                        <i>1 0 0 0 1 0 0 0 1 -0.00187488 0.198168 -0.474439</i>
                        <i>1 0 0 0 1 0 0 0 1 -0.00187488 0.198168 -0.474439</i>
                        <i>1 0 0 0 1 0 0 0 1 -0.00187488 0.198168 -0.474439</i>
                        <i>1 0 0 0 1 0 0 0 1 -0.00187488 0.198168 -0.474439</i>
                        <i>1 0 0 0 1 0 0 0 1 -0.00187488 0.198168 -0.474439</i>
                        <i>1 0 0 0 1 0 0 0 1 -0.00187488 0.198168 -0.474439</i>
                        <i>1 0 0 0 1 0 0 0 1 -0.00187488 0.198168 -0.474439</i>
                        <i>1 0 0 0 1 0 0 0 1 -0.00187488 0.198168 -0.474439</i>
                        <i>1 0 0 0 1 0 0 0 1 -0.00187488 0.198168 -0.474439</i>
                        <i>1 0 0 0 1 0 0 0 1 -0.00187488 0.198168 -0.474439</i>
                        <i>1 0 0 0 1 0 0 0 1 -0.00187488 0.198168 -0.474439</i>
                        <i>1 0 0 0 1 0 0 0 1 -0.00187488 0.198168 -0.474439</i>
                        <i>1 0 0 0 1 0 0 0 1 -0.00187488 0.198168 -0.474439</i>
                        <i>1 0 0 0 1 0 0 0 1 -0.00187488 0.198168 -0.474439</i>
                        <i>1 0 0 0 1 0 0 0 1 -0.00187488 0.198168 -0.474439</i>
                        <i>1 0 0 0 1 0 0 0 1 -0.00187488 0.198168 -0.474439</i>
                        <i>1 0 0 0 1 0 0 0 1 -0.00187488 0.198168 -0.474439</i>
                        <i>1 0 0 0 1 0 0 0 1 -0.00187488 0.198168 -0.474439</i>
                        <i>1 0 0 0 1 0 0 0 1 -0.00187488 0.198168 -0.474439</i>
                        <i>1 0 0 0 1 0 0 0 1 -0.00187488 0.198168 -0.474439</i>
                        <i>1 0 0 0 1 0 0 0 1 -0.00187488 0.198168 -0.474439</i>
                        <i>1 0 0 0 1 0 0 0 1 -0.00187488 0.198168 -0.474439</i>
                        <i>1 0 0 0 1 0 0 0 1 -0.00187488 0.198168 -0.474439</i>
                        <i>1 0 0 0 1 0 0 0 1 -0.00187488 0.198168 -0.474439</i>
                        <i>1 0 0 0 1 0 0 0 1 -0.00187488 0.198168 -0.474439</i>
                        <i>1 0 0 0 1 0 0 0 1 -0.00187488 0.198168 -0.474439</i>
                        <i>1 0 0 0 1 0 0 0 1 -0.00187488 0.198168 -0.474439</i>
                        <i>1 0 0 0 1 0 0 0 1 -0.00187488 0.198168 -0.474439</i>
                        <i>1 0 0 0 1 0 0 0 1 -0.00187488 0.198168 -0.474439</i>
                        <i>1 0 0 0 1 0 0 0 1 -0.00187488 0.198168 -0.474439</i>
                        <i>1 0 0 0 1 0 0 0 1 -0.00187488 0.198168 -0.474439</i>
                        <i>1 0 0 0 1 0 0 0 1 -0.00187488 0.198168 -0.474439</i>
                        <i>1 0 0 0 1 0 0 0 1 -0.00187488 0.198168 -0.474439</i>
                        <i>1 0 0 0 1 0 0 0 1 -0.00187488 0.198168 -0.474439</i>
                        <i>1 0 0 0 1 0 0 0 1 -0.00187488 0.198168 -0.474439</i>
                        <i>1 0 0 0 1 0 0 0 1 -0.00187488 0.198168 -0.474439</i>
                        <i>1 0 0 0 1 0 0 0 1 -0.00187488 0.198168 -0.474439</i>
                        <i>1 0 0 0 1 0 0 0 1 -0.00187488 0.198168 -0.474439</i>
                        <i>1 0 0 0 1 0 0 0 1 -0.00187488 0.198168 -0.474439</i>
                    </KeyFrames>
                </p>
            </i>
            <i>
                <p>
                    <Name>
                        <![CDATA[spine0]]>
</Name>
                    <Exclude>0</Exclude>
                    <Additive>0</Additive>
                    <IKPriority>0</IKPriority>
                    <IKRotLimits>-1e+010 -1e+010 -1e+010 1e+010 1e+010 1e+010</IKRotLimits>
                    <IKRotLimitOrder>0</IKRotLimitOrder>
                    <KeyFrames count="91">
                        <i>0.0650692 0.987205 0.145574 -0.994787 0.0756513 -0.0683729 -0.078511 -0.140367 0.986982 0.00126725 0.322859 -0.546121</i>
                        <i>0.0649546 0.986893 0.147729 -0.994777 0.0757197 -0.0684494 -0.0787382 -0.142511 0.986656 0.0012379 0.322859 -0.546123</i>
                        <i>0.0647533 0.986583 0.149868 -0.994765 0.0757159 -0.0686318 -0.0790584 -0.144639 0.986321 0.0011541 0.322859 -0.546127</i>
                        <i>0.0644763 0.986277 0.151986 -0.994751 0.0756489 -0.0689078 -0.0794597 -0.146745 0.985978 0.00102229 0.322858 -0.546134</i>
                        <i>0.0641344 0.985976 0.154075 -0.994735 0.0755279 -0.0692648 -0.0799303 -0.148821 0.985628 0.000848877 0.322856 -0.546144</i>
                        <i>0.0637386 0.985678 0.156126 -0.994718 0.0753618 -0.0696905 -0.0804584 -0.15086 0.985276 0.000640295 0.322854 -0.546155</i>
                        <i>0.0632997 0.985387 0.158133 -0.994699 0.075159 -0.0701723 -0.081032 -0.152853 0.984921 0.000402962 0.322851 -0.546168</i>
                        <i>0.0628283 0.985102 0.160085 -0.99468 0.0749281 -0.0706977 -0.0816393 -0.154792 0.984568 0.0001433 0.322848 -0.546182</i>
                        <i>0.0623352 0.984824 0.161976 -0.994659 0.074677 -0.0712541 -0.0822687 -0.156669 0.984219 -0.000132267 0.322843 -0.546197</i>
                        <i>0.0618307 0.984555 0.163796 -0.994637 0.0744137 -0.071829 -0.0829082 -0.158476 0.983876 -0.000417319 0.322838 -0.546212</i>
                        <i>0.0613253 0.984295 0.165535 -0.994615 0.0741459 -0.0724096 -0.0835461 -0.160203 0.983542 -0.000705434 0.322832 -0.546228</i>
                        <i>0.0608295 0.984047 0.167185 -0.994593 0.0738809 -0.0729832 -0.0841707 -0.161842 0.983221 -0.000990192 0.322825 -0.546244</i>
                        <i>0.0603533 0.983812 0.168736 -0.994571 0.0736259 -0.0735373 -0.0847702 -0.163382 0.982914 -0.00126518 0.322818 -0.546259</i>
                        <i>0.0599069 0.98359 0.170179 -0.99455 0.0733879 -0.074059 -0.0853328 -0.164815 0.982626 -0.00152397 0.322811 -0.546273</i>
                        <i>0.0595002 0.983385 0.171505 -0.99453 0.0731738 -0.0745356 -0.0858468 -0.166132 0.98236 -0.00176016 0.322804 -0.546286</i>
                        <i>0.0591433 0.983197 0.172703 -0.994512 0.0729901 -0.0749543 -0.0863004 -0.167322 0.982118 -0.00196733 0.322797 -0.546298</i>
                        <i>0.058846 0.983027 0.173766 -0.994497 0.0728434 -0.0753024 -0.086682 -0.168378 0.981904 -0.00213908 0.322791 -0.546308</i>
                        <i>0.058618 0.982878 0.174683 -0.994484 0.0727404 -0.0755671 -0.0869797 -0.16929 0.981721 -0.00226899 0.322787 -0.546315</i>
                        <i>0.0584696 0.982758 0.17541 -0.994475 0.0726845 -0.075735 -0.0871788 -0.170013 0.981578 -0.00235066 0.322784 -0.546319</i>
                        <i>0.0584113 0.982675 0.175892 -0.994471 0.0726789 -0.0757929 -0.0872635 -0.170492 0.981487 -0.00237767 0.322783 -0.546321</i>
                        <i>0.0584291 0.982643 0.176065 -0.994472 0.0727069 -0.0757608 -0.0872469 -0.170665 0.981459 -0.0023606 0.322783 -0.54632</i>
                        <i>0.0584995 0.982669 0.175895 -0.994476 0.0727471 -0.0756703 -0.0871547 -0.170496 0.981496 -0.00231579 0.322785 -0.546317</i>
                        <i>0.0586185 0.98275 0.175404 -0.994483 0.0727985 -0.0755261 -0.0869925 -0.170009 0.981595 -0.00224542 0.322788 -0.546314</i>
                        <i>0.0587821 0.98288 0.174619 -0.994493 0.0728603 -0.0753329 -0.086766 -0.169229 0.98175 -0.00215169 0.322791 -0.546308</i>
                        <i>0.0589861 0.983055 0.173563 -0.994506 0.0729315 -0.0750952 -0.0864809 -0.168179 0.981956 -0.00203679 0.322795 -0.546302</i>
                        <i>0.0592265 0.983269 0.17226 -0.994521 0.0730117 -0.0748177 -0.086143 -0.166885 0.982206 -0.00190292 0.322799 -0.546294</i>
                        <i>0.0594995 0.983518 0.170737 -0.994538 0.0731001 -0.0745051 -0.085758 -0.165371 0.982496 -0.00175226 0.322804 -0.546286</i>
                        <i>0.0598011 0.983797 0.169017 -0.994556 0.0731961 -0.074162 -0.0853318 -0.163662 0.982819 -0.00158703 0.322809 -0.546277</i>
                        <i>0.0601273 0.984101 0.167123 -0.994576 0.0732991 -0.0737931 -0.0848698 -0.16178 0.983171 -0.00140939 0.322814 -0.546267</i>
                        <i>0.0604743 0.984424 0.16508 -0.994597 0.0734083 -0.073403 -0.084378 -0.159749 0.983545 -0.00122156 0.322819 -0.546257</i>
                        <i>0.0608384 0.984764 0.162908 -0.994618 0.0735229 -0.0729964 -0.0838617 -0.15759 0.983937 -0.00102573 0.322824 -0.546246</i>
                        <i>0.0612155 0.985114 0.160635 -0.99464 0.0736422 -0.0725779 -0.083327 -0.155331 0.984342 -0.000824097 0.322829 -0.546235</i>
                        <i>0.0616013 0.985468 0.158297 -0.994662 0.0737659 -0.0721523 -0.0827807 -0.153007 0.984752 -0.000618851 0.322834 -0.546223</i>
                        <i>0.0619914 0.985822 0.155926 -0.994684 0.0738932 -0.0717241 -0.0822291 -0.15065 0.985161 -0.000412192 0.322838 -0.546212</i>
                        <i>0.0623817 0.986169 0.153554 -0.994705 0.0740234 -0.0712982 -0.0816787 -0.148294 0.985565 -0.000206318 0.322842 -0.546201</i>
                        <i>0.0627678 0.986506 0.151215 -0.994725 0.0741553 -0.070879 -0.0811359 -0.145968 0.985957 -3.42587e-006 0.322845 -0.54619</i>
                        <i>0.0631454 0.986829 0.148937 -0.994744 0.0742877 -0.0704711 -0.0806071 -0.143704 0.986332 0.000194286 0.322848 -0.546179</i>
                        <i>0.0635102 0.987132 0.146751 -0.994762 0.0744193 -0.0700791 -0.0800985 -0.141532 0.986688 0.000384621 0.322851 -0.546169</i>
                        <i>0.0638577 0.987415 0.144687 -0.994778 0.0745483 -0.0697076 -0.0796165 -0.13948 0.987019 0.000565378 0.322853 -0.546159</i>
                        <i>0.0641836 0.987672 0.142774 -0.994793 0.0746729 -0.0693609 -0.0791672 -0.137579 0.987322 0.000734361 0.322855 -0.54615</i>
                        <i>0.0644836 0.987902 0.14104 -0.994806 0.0747914 -0.0690436 -0.0787569 -0.135855 0.987593 0.000889372 0.322857 -0.546142</i>
                        <i>0.064753 0.988101 0.139514 -0.994817 0.0749018 -0.0687602 -0.0783918 -0.134339 0.98783 0.00102821 0.322858 -0.546134</i>
                        <i>0.0649875 0.988266 0.138226 -0.994827 0.0750019 -0.068515 -0.0780783 -0.133058 0.988028 0.00114868 0.322859 -0.546128</i>
                        <i>0.0651819 0.988391 0.137239 -0.994834 0.0750921 -0.068313 -0.0778255 -0.132078 0.98818 0.00124859 0.322859 -0.546122</i>
                        <i>0.065335 0.988486 0.13648 -0.994839 0.0751654 -0.0681576 -0.0776314 -0.131322 0.988295 0.00132572 0.32286 -0.546118</i>
                        <i>0.0654466 0.988569 0.135826 -0.994843 0.0752121 -0.068052 -0.0774898 -0.130672 0.988393 0.0013779 0.32286 -0.546115</i>
                        <i>0.0654964 0.988639 0.135286 -0.994845 0.0752155 -0.0680206 -0.0774235 -0.130134 0.988469 0.00139254 0.32286 -0.546114</i>
                        <i>0.0654714 0.988698 0.134869 -0.994844 0.075165 -0.0680789 -0.0774469 -0.129716 0.988522 0.00136171 0.32286 -0.546116</i>
                        <i>0.0653785 0.988743 0.134581 -0.994842 0.0750671 -0.0682176 -0.0775523 -0.129427 0.988552 0.00129017 0.322859 -0.54612</i>
                        <i>0.0652251 0.988774 0.13443 -0.994838 0.0749283 -0.0684274 -0.0777319 -0.129273 0.988558 0.00118269 0.322859 -0.546126</i>
                        <i>0.0650183 0.988788 0.134425 -0.994833 0.0747553 -0.0686992 -0.0779779 -0.129264 0.98854 0.00104405 0.322858 -0.546133</i>
                        <i>0.0647652 0.988785 0.134572 -0.994825 0.0745549 -0.0690237 -0.0782826 -0.129406 0.988497 0.000878994 0.322856 -0.546142</i>
                        <i>0.0644732 0.988762 0.134881 -0.994816 0.074334 -0.0693917 -0.0786382 -0.129708 0.988429 0.000692303 0.322855 -0.546152</i>
                        <i>0.0641496 0.988718 0.135359 -0.994806 0.0740997 -0.0697942 -0.0790368 -0.130179 0.988335 0.00048874 0.322852 -0.546163</i>
                        <i>0.0638016 0.98865 0.136016 -0.994793 0.0738589 -0.0702218 -0.0794708 -0.130827 0.988215 0.000273072 0.32285 -0.546175</i>
                        <i>0.0634364 0.988557 0.13686 -0.99478 0.0736189 -0.0706656 -0.0799324 -0.131662 0.988067 5.00672e-005 0.322846 -0.546187</i>
                        <i>0.0630611 0.988437 0.1379 -0.994765 0.0733865 -0.0711163 -0.080414 -0.132694 0.98789 -0.000175511 0.322842 -0.546199</i>
                        <i>0.062683 0.988286 0.139147 -0.994749 0.073169 -0.0715648 -0.0809077 -0.133931 0.987682 -0.000398896 0.322838 -0.546211</i>
                        <i>0.0623089 0.988102 0.140611 -0.994731 0.0729731 -0.0720019 -0.0814061 -0.135384 0.987443 -0.000615321 0.322834 -0.546223</i>
                        <i>0.0619459 0.987883 0.142302 -0.994713 0.0728059 -0.0724186 -0.0819015 -0.137064 0.987171 -0.000820026 0.322829 -0.546234</i>
                        <i>0.0616207 0.987662 0.143971 -0.994696 0.0726698 -0.0727879 -0.0823521 -0.138722 0.986901 -0.00100048 0.322825 -0.546244</i>
                        <i>0.0613545 0.987479 0.145328 -0.994682 0.0725588 -0.0730908 -0.0827205 -0.140071 0.98668 -0.00114845 0.322821 -0.546253</i>
                        <i>0.0611442 0.987335 0.146391 -0.994671 0.0724711 -0.0733305 -0.0830109 -0.141127 0.986505 -0.00126558 0.322818 -0.546259</i>
                        <i>0.0609866 0.987228 0.147178 -0.994663 0.072405 -0.0735105 -0.0832281 -0.141909 0.986375 -0.00135353 0.322816 -0.546264</i>
                        <i>0.0608787 0.987155 0.147709 -0.994657 0.0723592 -0.0736341 -0.0833764 -0.142437 0.986286 -0.00141394 0.322814 -0.546267</i>
                        <i>0.0608171 0.987115 0.148005 -0.994654 0.0723326 -0.0737046 -0.0834605 -0.142731 0.986236 -0.00144848 0.322813 -0.546269</i>
                        <i>0.0607988 0.987104 0.148088 -0.994653 0.0723243 -0.0737257 -0.0834852 -0.142814 0.986222 -0.0014588 0.322813 -0.54627</i>
                        <i>0.0608205 0.987118 0.147981 -0.994654 0.0723334 -0.0737006 -0.0834551 -0.142708 0.98624 -0.00144655 0.322813 -0.546269</i>
                        <i>0.060879 0.987156 0.147707 -0.994657 0.0723592 -0.0736328 -0.083375 -0.142435 0.986286 -0.00141337 0.322814 -0.546267</i>
                        <i>0.0609712 0.987213 0.147289 -0.994662 0.0724011 -0.073526 -0.0832496 -0.142019 0.986357 -0.00136093 0.322815 -0.546264</i>
                        <i>0.0610938 0.987285 0.14675 -0.994668 0.0724584 -0.0733834 -0.0830836 -0.141484 0.986448 -0.00129086 0.322817 -0.54626</i>
                        <i>0.0612438 0.98737 0.146115 -0.994676 0.0725307 -0.0732087 -0.0828819 -0.140853 0.986555 -0.00120483 0.32282 -0.546256</i>
                        <i>0.0614179 0.987464 0.145407 -0.994684 0.0726173 -0.0730054 -0.0826492 -0.14015 0.986675 -0.00110448 0.322822 -0.54625</i>
                        <i>0.0616131 0.987563 0.144648 -0.994694 0.0727176 -0.0727768 -0.0823902 -0.139397 0.986803 -0.000991471 0.322825 -0.546244</i>
                        <i>0.061826 0.987664 0.143863 -0.994704 0.0728309 -0.0725266 -0.0821096 -0.138617 0.986936 -0.00086744 0.322828 -0.546237</i>
                        <i>0.0620537 0.987765 0.143074 -0.994714 0.0729566 -0.0722581 -0.0818122 -0.137834 0.987071 -0.000734046 0.322831 -0.54623</i>
                        <i>0.0622929 0.987861 0.142304 -0.994725 0.0730939 -0.0719748 -0.0815027 -0.13707 0.987203 -0.000592939 0.322834 -0.546222</i>
                        <i>0.0625406 0.98795 0.141574 -0.994735 0.0732419 -0.0716802 -0.0811857 -0.136346 0.987329 -0.000445769 0.322837 -0.546214</i>
                        <i>0.0627935 0.988029 0.140907 -0.994745 0.0733998 -0.0713778 -0.0808659 -0.135684 0.987446 -0.00029419 0.32284 -0.546206</i>
                        <i>0.0630486 0.988096 0.140324 -0.994755 0.0735665 -0.0710708 -0.080548 -0.135107 0.987552 -0.000139854 0.322843 -0.546197</i>
                        <i>0.0633026 0.988148 0.139846 -0.994764 0.073741 -0.0707629 -0.0802365 -0.134634 0.987642 1.55895e-005 0.322846 -0.546189</i>
                        <i>0.0635524 0.988181 0.139494 -0.994772 0.0739222 -0.0704573 -0.0799363 -0.134287 0.987713 0.000170486 0.322848 -0.54618</i>
                        <i>0.0637948 0.988195 0.13929 -0.994779 0.0741089 -0.0701574 -0.0796518 -0.134087 0.987763 0.000323182 0.32285 -0.546172</i>
                        <i>0.0640265 0.988185 0.139254 -0.994785 0.0742998 -0.0698667 -0.0793878 -0.134055 0.987789 0.000472028 0.322852 -0.546164</i>
                        <i>0.0642443 0.988149 0.139408 -0.99479 0.0744937 -0.0695886 -0.0791489 -0.134211 0.987787 0.000615369 0.322854 -0.546156</i>
                        <i>0.0644449 0.988084 0.139773 -0.994794 0.0746893 -0.0693263 -0.0789398 -0.134577 0.987754 0.000751551 0.322855 -0.546149</i>
                        <i>0.0646248 0.987988 0.140371 -0.994796 0.0748854 -0.0690834 -0.0787653 -0.135176 0.987686 0.000878924 0.322856 -0.546142</i>
                        <i>0.0647808 0.987856 0.141226 -0.994797 0.0750808 -0.0688632 -0.0786303 -0.13603 0.987579 0.000995834 0.322857 -0.546136</i>
                        <i>0.0649092 0.987684 0.142361 -0.994796 0.0752743 -0.0686691 -0.0785395 -0.137163 0.98743 0.00110063 0.322858 -0.54613</i>
                        <i>0.0650066 0.987469 0.143802 -0.994793 0.0754648 -0.0685045 -0.0784981 -0.1386 0.987233 0.00119165 0.322859 -0.546125</i>
                        <i>0.0650692 0.987205 0.145574 -0.994787 0.0756513 -0.0683729 -0.078511 -0.140367 0.986982 0.00126725 0.322859 -0.546121</i>
                    </KeyFrames>
                </p>
            </i>
            <i>
                <p>
                    <Name>
                        <![CDATA[spine1]]>
</Name>
                    <Exclude>0</Exclude>
                    <Additive>0</Additive>
                    <IKPriority>0</IKPriority>
                    <IKRotLimits>-1e+010 -1e+010 -1e+010 1e+010 1e+010 1e+010</IKRotLimits>
                    <IKRotLimitOrder>0</IKRotLimitOrder>
                    <KeyFrames count="91">
                        <i>0.0960338 0.736387 0.66971 -0.986688 0.159135 -0.0334917 -0.131237 -0.657579 0.741867 0.0135162 0.50859 -0.518835</i>
                        <i>0.0961173 0.735718 0.670433 -0.986617 0.159549 -0.0336385 -0.131716 -0.658227 0.741207 0.0134577 0.508416 -0.518448</i>
                        <i>0.0964735 0.735092 0.671069 -0.986493 0.160289 -0.0337619 -0.132383 -0.658747 0.740626 0.0133292 0.508252 -0.518066</i>
                        <i>0.0970699 0.734502 0.671628 -0.986322 0.161316 -0.0338656 -0.133219 -0.659154 0.740114 0.013139 0.508098 -0.517689</i>
                        <i>0.0978736 0.733941 0.672124 -0.986109 0.162595 -0.0339533 -0.134203 -0.659465 0.739659 0.0128959 0.507955 -0.517319</i>
                        <i>0.0988517 0.733402 0.67257 -0.985859 0.164085 -0.0340279 -0.135314 -0.659695 0.739251 0.0126081 0.507822 -0.516956</i>
                        <i>0.0999711 0.732877 0.672977 -0.985579 0.165747 -0.0340917 -0.136529 -0.659863 0.738878 0.0122843 0.507699 -0.516603</i>
                        <i>0.101199 0.732357 0.673358 -0.985273 0.167543 -0.0341466 -0.137824 -0.659986 0.738527 0.0119326 0.507586 -0.516259</i>
                        <i>0.102501 0.731836 0.673728 -0.984949 0.169431 -0.0341936 -0.139175 -0.660083 0.738188 0.0115617 0.507483 -0.515927</i>
                        <i>0.103846 0.731305 0.674098 -0.984612 0.171371 -0.0342331 -0.140556 -0.66017 0.737848 0.0111799 0.507392 -0.515607</i>
                        <i>0.1052 0.730756 0.674484 -0.984269 0.173322 -0.0342648 -0.141942 -0.660269 0.737494 0.0107954 0.50731 -0.515301</i>
                        <i>0.10653 0.730181 0.674898 -0.983928 0.175242 -0.034288 -0.143307 -0.660399 0.737114 0.0104167 0.507239 -0.515011</i>
                        <i>0.107803 0.729571 0.675355 -0.983597 0.17709 -0.0343014 -0.144624 -0.660579 0.736694 0.010052 0.507179 -0.514737</i>
                        <i>0.108987 0.728919 0.675869 -0.983283 0.178825 -0.0343033 -0.145867 -0.660832 0.736223 0.00970955 0.50713 -0.514481</i>
                        <i>0.110048 0.728216 0.676455 -0.982995 0.180405 -0.0342918 -0.147007 -0.661177 0.735686 0.0093977 0.507093 -0.514244</i>
                        <i>0.110955 0.727454 0.677126 -0.982741 0.181788 -0.034265 -0.148019 -0.661637 0.735069 0.00912465 0.507067 -0.514028</i>
                        <i>0.111676 0.726625 0.677897 -0.98253 0.182932 -0.0342211 -0.148875 -0.662232 0.73436 0.00889862 0.507053 -0.513835</i>
                        <i>0.112177 0.725721 0.678782 -0.98237 0.183797 -0.0341586 -0.149548 -0.662984 0.733545 0.00872784 0.507051 -0.513665</i>
                        <i>0.112435 0.724809 0.679714 -0.982272 0.184335 -0.0340817 -0.149998 -0.663832 0.732685 0.00862062 0.507063 -0.513527</i>
                        <i>0.112428 0.723973 0.680605 -0.982245 0.184497 -0.0339966 -0.150182 -0.664699 0.731861 0.0085853 0.50709 -0.51343</i>
                        <i>0.112211 0.72323 0.68143 -0.982278 0.184339 -0.0338951 -0.150128 -0.66555 0.731098 0.0086089 0.507138 -0.513388</i>
                        <i>0.111867 0.722591 0.682164 -0.982353 0.183962 -0.03377 -0.149894 -0.666348 0.730419 0.00867087 0.50721 -0.513406</i>
                        <i>0.111407 0.722059 0.682802 -0.982466 0.183383 -0.033626 -0.149494 -0.667084 0.729829 0.00876818 0.507305 -0.513481</i>
                        <i>0.110844 0.721639 0.683338 -0.982614 0.182621 -0.033468 -0.148944 -0.667747 0.729335 0.00889782 0.507419 -0.513608</i>
                        <i>0.11019 0.721335 0.683765 -0.982791 0.181696 -0.0333009 -0.148258 -0.668328 0.728942 0.00905675 0.507551 -0.513784</i>
                        <i>0.109457 0.721152 0.684076 -0.982994 0.180626 -0.0331294 -0.147453 -0.668816 0.728658 0.00924196 0.507697 -0.514004</i>
                        <i>0.108658 0.721094 0.684264 -0.983218 0.179431 -0.032958 -0.146544 -0.6692 0.728489 0.00945044 0.507856 -0.514264</i>
                        <i>0.107804 0.721165 0.684324 -0.983461 0.17813 -0.0327911 -0.145546 -0.66947 0.728441 0.00967917 0.508024 -0.51456</i>
                        <i>0.106908 0.721371 0.684248 -0.983716 0.176741 -0.0326323 -0.144475 -0.669617 0.728519 0.00992515 0.5082 -0.514888</i>
                        <i>0.105982 0.721714 0.68403 -0.983982 0.175284 -0.0324852 -0.143345 -0.66963 0.72873 0.0101854 0.50838 -0.515244</i>
                        <i>0.105038 0.7222 0.683662 -0.984253 0.173777 -0.0323527 -0.14217 -0.669499 0.729081 0.0104568 0.508562 -0.515625</i>
                        <i>0.104087 0.722824 0.683148 -0.984528 0.172239 -0.0322367 -0.140966 -0.669222 0.729568 0.0107364 0.508743 -0.516025</i>
                        <i>0.103137 0.723573 0.682499 -0.984801 0.170687 -0.0321384 -0.139748 -0.668811 0.73018 0.0110211 0.50892 -0.516439</i>
                        <i>0.1022 0.724433 0.681728 -0.985071 0.169138 -0.0320586 -0.13853 -0.668274 0.730903 0.0113078 0.509092 -0.51686</i>
                        <i>0.101282 0.725389 0.680848 -0.985334 0.16761 -0.0319976 -0.137328 -0.667621 0.731726 0.0115934 0.509256 -0.517282</i>
                        <i>0.100395 0.726426 0.679872 -0.985588 0.166119 -0.0319554 -0.136153 -0.666865 0.732634 0.0118747 0.50941 -0.517701</i>
                        <i>0.0995463 0.727531 0.678815 -0.98583 0.164682 -0.0319317 -0.13502 -0.666017 0.733615 0.0121487 0.509551 -0.51811</i>
                        <i>0.0987459 0.728687 0.677691 -0.986057 0.163314 -0.031926 -0.133941 -0.665089 0.734654 0.0124123 0.509677 -0.518504</i>
                        <i>0.0980026 0.729879 0.676515 -0.986269 0.162031 -0.0319377 -0.132927 -0.664095 0.735736 0.0126622 0.509785 -0.518877</i>
                        <i>0.0973256 0.731092 0.675302 -0.986461 0.160848 -0.0319659 -0.131991 -0.663048 0.736849 0.0128954 0.509874 -0.519225</i>
                        <i>0.0967241 0.73231 0.674067 -0.986634 0.159779 -0.0320098 -0.131143 -0.661961 0.737976 0.0131087 0.509942 -0.519542</i>
                        <i>0.0962071 0.733518 0.672827 -0.986783 0.15884 -0.0320687 -0.130395 -0.660849 0.739105 0.0132989 0.509987 -0.519822</i>
                        <i>0.0957837 0.7347 0.671596 -0.986908 0.158046 -0.0321421 -0.129758 -0.659725 0.74022 0.0134628 0.510005 -0.520061</i>
                        <i>0.0954558 0.735776 0.670464 -0.987006 0.157415 -0.032227 -0.129253 -0.658676 0.741242 0.0135973 0.509996 -0.520247</i>
                        <i>0.0952288 0.736713 0.669467 -0.987077 0.156953 -0.0323106 -0.128878 -0.657738 0.742139 0.0137004 0.509969 -0.520393</i>
                        <i>0.0951162 0.737549 0.668561 -0.987122 0.156655 -0.0323823 -0.128617 -0.656871 0.742952 0.0137704 0.509936 -0.520521</i>
                        <i>0.0951801 0.73828 0.667745 -0.98713 0.156599 -0.0324357 -0.128515 -0.656064 0.743683 0.013791 0.509897 -0.520629</i>
                        <i>0.0954596 0.738901 0.667018 -0.987091 0.156832 -0.0324672 -0.1286 -0.655308 0.744334 0.0137518 0.509854 -0.520716</i>
                        <i>0.0959311 0.739417 0.666378 -0.987012 0.157326 -0.0324809 -0.128856 -0.654607 0.744906 0.0136589 0.509805 -0.520782</i>
                        <i>0.0965712 0.739832 0.665825 -0.986896 0.158053 -0.0324809 -0.129266 -0.653963 0.745401 0.0135184 0.509749 -0.520824</i>
                        <i>0.0973562 0.74015 0.665357 -0.986747 0.158983 -0.0324714 -0.129814 -0.653378 0.745819 0.0133364 0.509686 -0.520841</i>
                        <i>0.0982627 0.740375 0.664973 -0.986569 0.160089 -0.0324566 -0.130485 -0.652853 0.746161 0.013119 0.509615 -0.520831</i>
                        <i>0.099267 0.740511 0.664672 -0.986365 0.161343 -0.0324407 -0.131263 -0.652389 0.74643 0.0128724 0.509535 -0.520792</i>
                        <i>0.100345 0.740563 0.664452 -0.98614 0.162716 -0.032428 -0.132132 -0.651989 0.746627 0.0126026 0.509445 -0.520723</i>
                        <i>0.101474 0.740536 0.664312 -0.985897 0.164182 -0.032423 -0.133078 -0.651653 0.746752 0.0123158 0.509346 -0.520622</i>
                        <i>0.10263 0.740433 0.664248 -0.985641 0.165712 -0.0324299 -0.134086 -0.651382 0.746808 0.0120182 0.509235 -0.520487</i>
                        <i>0.10379 0.740261 0.66426 -0.985375 0.167278 -0.0324533 -0.13514 -0.651177 0.746797 0.0117157 0.509112 -0.520316</i>
                        <i>0.104929 0.740024 0.664345 -0.985105 0.168854 -0.0324975 -0.136226 -0.65104 0.746719 0.0114145 0.508976 -0.520107</i>
                        <i>0.106025 0.739728 0.664501 -0.984835 0.17041 -0.0325668 -0.137329 -0.650971 0.746578 0.0111208 0.508828 -0.519858</i>
                        <i>0.107053 0.739378 0.664725 -0.984569 0.171921 -0.0326655 -0.138432 -0.650971 0.746373 0.0108404 0.508665 -0.519567</i>
                        <i>0.107955 0.739034 0.664962 -0.984328 0.173276 -0.0327743 -0.139443 -0.651003 0.746157 0.0105919 0.50851 -0.519279</i>
                        <i>0.108695 0.738756 0.66515 -0.984128 0.174389 -0.032866 -0.140275 -0.65102 0.745986 0.0103884 0.508384 -0.519044</i>
                        <i>0.109281 0.738539 0.665295 -0.983969 0.17527 -0.0329393 -0.140933 -0.651031 0.745853 0.0102276 0.508286 -0.51886</i>
                        <i>0.10972 0.738375 0.665405 -0.98385 0.17593 -0.0329939 -0.141426 -0.651038 0.745753 0.010107 0.508215 -0.518724</i>
                        <i>0.110021 0.73826 0.665483 -0.983767 0.176382 -0.03303 -0.141764 -0.651047 0.745682 0.0100244 0.508168 -0.518633</i>
                        <i>0.110191 0.738187 0.665536 -0.983721 0.176638 -0.0330486 -0.141955 -0.65106 0.745634 0.00997721 0.508142 -0.518581</i>
                        <i>0.110239 0.738152 0.665567 -0.983707 0.176712 -0.033051 -0.142011 -0.65108 0.745606 0.00996327 0.508137 -0.518567</i>
                        <i>0.110173 0.738149 0.665581 -0.983725 0.176617 -0.0330392 -0.141941 -0.651108 0.745594 0.00998016 0.508149 -0.518585</i>
                        <i>0.110001 0.738175 0.66558 -0.983771 0.176367 -0.0330152 -0.141758 -0.651147 0.745596 0.0100256 0.508177 -0.518632</i>
                        <i>0.109732 0.738225 0.665569 -0.983842 0.175976 -0.0329813 -0.141472 -0.651196 0.745607 0.0100972 0.508219 -0.518703</i>
                        <i>0.109373 0.738295 0.665551 -0.983936 0.175457 -0.03294 -0.141095 -0.651257 0.745625 0.0101926 0.508272 -0.518795</i>
                        <i>0.108933 0.738379 0.66553 -0.98405 0.174826 -0.0328938 -0.14064 -0.651331 0.745646 0.0103096 0.508336 -0.518903</i>
                        <i>0.108421 0.738474 0.665508 -0.984181 0.174094 -0.0328452 -0.140117 -0.65142 0.745667 0.0104458 0.508406 -0.519023</i>
                        <i>0.107843 0.738575 0.66549 -0.984327 0.173278 -0.0327965 -0.139537 -0.651523 0.745686 0.0105989 0.508482 -0.519152</i>
                        <i>0.10721 0.738677 0.665479 -0.984484 0.17239 -0.0327501 -0.138914 -0.651642 0.745698 0.0107665 0.508561 -0.519285</i>
                        <i>0.106528 0.738777 0.665478 -0.984651 0.171444 -0.0327079 -0.138256 -0.651779 0.7457 0.0109464 0.508642 -0.519418</i>
                        <i>0.105806 0.738867 0.665492 -0.984824 0.170454 -0.032672 -0.137576 -0.651936 0.745689 0.0111362 0.508722 -0.519547</i>
                        <i>0.105052 0.738945 0.665525 -0.985001 0.169434 -0.0326441 -0.136885 -0.652114 0.745661 0.0113336 0.508799 -0.519668</i>
                        <i>0.104275 0.739005 0.665582 -0.98518 0.168395 -0.0326257 -0.136191 -0.652315 0.745612 0.0115362 0.50887 -0.519778</i>
                        <i>0.103482 0.73904 0.665666 -0.985358 0.167351 -0.0326181 -0.135506 -0.652543 0.745537 0.0117417 0.508935 -0.519873</i>
                        <i>0.102681 0.739047 0.665782 -0.985533 0.166316 -0.0326224 -0.13484 -0.6528 0.745433 0.0119478 0.508991 -0.519948</i>
                        <i>0.101881 0.73902 0.665935 -0.985703 0.165301 -0.0326396 -0.134201 -0.653089 0.745296 0.012152 0.509036 -0.520001</i>
                        <i>0.10109 0.738953 0.66613 -0.985866 0.164319 -0.0326706 -0.1336 -0.653412 0.74512 0.0123521 0.509067 -0.520028</i>
                        <i>0.100315 0.738842 0.666371 -0.98602 0.163383 -0.0327159 -0.133045 -0.653773 0.744903 0.0125456 0.509083 -0.520025</i>
                        <i>0.0995653 0.73868 0.666663 -0.986163 0.162504 -0.0327762 -0.132546 -0.654175 0.744639 0.0127302 0.509081 -0.519987</i>
                        <i>0.0988479 0.738462 0.66701 -0.986294 0.161695 -0.0328521 -0.132112 -0.654621 0.744324 0.0129035 0.50906 -0.519913</i>
