<?xml version="1.0" encoding="ISO-8859-1" ?>
<Animl Version="1">
    <ModellingPackage>
        <![CDATA[Maya.2010]]>
</ModellingPackage>
    <SrcFile>
        <![CDATA[anims\characters\shared\base_soldier\~src\infantry\ts2_idle_ambient_stand.mb]]>
</SrcFile>
    <FramesPerSecond>24</FramesPerSecond>
    <TotalFrames>45</TotalFrames>
    <Skeleton>
        <RefFrame>
            <Name>
                <![CDATA[soldier_ref_frame]]>
</Name>
            <Exclude>0</Exclude>
            <Additive>0</Additive>
            <IKPriority>0</IKPriority>
            <IKRotLimits>-1e+010 -1e+010 -1e+010 1e+010 1e+010 1e+010</IKRotLimits>
            <IKRotLimitOrder>0</IKRotLimitOrder>
            <KeyFrames count="45">
                <i>1 0 0 0 1 0 0 0 1 0 0 0</i>
                <i>1 0 0 0 1 0 0 0 1 0 0 0</i>
                <i>1 0 0 0 1 0 0 0 1 0 0 0</i>
                <i>1 0 0 0 1 0 0 0 1 0 0 0</i>
                <i>1 0 0 0 1 0 0 0 1 0 0 0</i>
                <i>1 0 0 0 1 0 0 0 1 0 0 0</i>
                <i>1 0 0 0 1 0 0 0 1 0 0 0</i>
                <i>1 0 0 0 1 0 0 0 1 0 0 0</i>
                <i>1 0 0 0 1 0 0 0 1 0 0 0</i>
                <i>1 0 0 0 1 0 0 0 1 0 0 0</i>
                <i>1 0 0 0 1 0 0 0 1 0 0 0</i>
                <i>1 0 0 0 1 0 0 0 1 0 0 0</i>
                <i>1 0 0 0 1 0 0 0 1 0 0 0</i>
                <i>1 0 0 0 1 0 0 0 1 0 0 0</i>
                <i>1 0 0 0 1 0 0 0 1 0 0 0</i>
                <i>1 0 0 0 1 0 0 0 1 0 0 0</i>
                <i>1 0 0 0 1 0 0 0 1 0 0 0</i>
                <i>1 0 0 0 1 0 0 0 1 0 0 0</i>
                <i>1 0 0 0 1 0 0 0 1 0 0 0</i>
                <i>1 0 0 0 1 0 0 0 1 0 0 0</i>
                <i>1 0 0 0 1 0 0 0 1 0 0 0</i>
                <i>1 0 0 0 1 0 0 0 1 0 0 0</i>
                <i>1 0 0 0 1 0 0 0 1 0 0 0</i>
                <i>1 0 0 0 1 0 0 0 1 0 0 0</i>
                <i>1 0 0 0 1 0 0 0 1 0 0 0</i>
                <i>1 0 0 0 1 0 0 0 1 0 0 0</i>
                <i>1 0 0 0 1 0 0 0 1 0 0 0</i>
                <i>1 0 0 0 1 0 0 0 1 0 0 0</i>
                <i>1 0 0 0 1 0 0 0 1 0 0 0</i>
                <i>1 0 0 0 1 0 0 0 1 0 0 0</i>
                <i>1 0 0 0 1 0 0 0 1 0 0 0</i>
                <i>1 0 0 0 1 0 0 0 1 0 0 0</i>
                <i>1 0 0 0 1 0 0 0 1 0 0 0</i>
                <i>1 0 0 0 1 0 0 0 1 0 0 0</i>
                <i>1 0 0 0 1 0 0 0 1 0 0 0</i>
                <i>1 0 0 0 1 0 0 0 1 0 0 0</i>
                <i>1 0 0 0 1 0 0 0 1 0 0 0</i>
                <i>1 0 0 0 1 0 0 0 1 0 0 0</i>
                <i>1 0 0 0 1 0 0 0 1 0 0 0</i>
                <i>1 0 0 0 1 0 0 0 1 0 0 0</i>
                <i>1 0 0 0 1 0 0 0 1 0 0 0</i>
                <i>1 0 0 0 1 0 0 0 1 0 0 0</i>
                <i>1 0 0 0 1 0 0 0 1 0 0 0</i>
                <i>1 0 0 0 1 0 0 0 1 0 0 0</i>
                <i>1 0 0 0 1 0 0 0 1 0 0 0</i>
            </KeyFrames>
        </RefFrame>
        <Bones count="23">
            <i>
                <p>
                    <Name>
                        <![CDATA[pelvis]]>
</Name>
                    <Exclude>0</Exclude>
                    <Additive>0</Additive>
                    <IKPriority>0</IKPriority>
                    <IKRotLimits>-1e+010 -1e+010 -1e+010 1e+010 1e+010 1e+010</IKRotLimits>
                    <IKRotLimitOrder>2</IKRotLimitOrder>
                    <KeyFrames count="45">
                        <i>1 0 0 0 1 0 0 0 1 0.0586509 1.17344 0.0404569</i>
                        <i>1 0 0 0 1 0 0 0 1 0.0586509 1.17333 0.0404569</i>
                        <i>1 0 0 0 1 0 0 0 1 0.0586509 1.17323 0.0404569</i>
                        <i>1 0 0 0 1 0 0 0 1 0.0586509 1.17314 0.0404569</i>
                        <i>1 0 0 0 1 0 0 0 1 0.0586509 1.17306 0.0404569</i>
                        <i>1 0 0 0 1 0 0 0 1 0.0586509 1.173 0.0404569</i>
                        <i>1 0 0 0 1 0 0 0 1 0.0586509 1.17294 0.0404569</i>
                        <i>1 0 0 0 1 0 0 0 1 0.0586509 1.17289 0.0404569</i>
                        <i>1 0 0 0 1 0 0 0 1 0.0586509 1.17285 0.0404569</i>
                        <i>1 0 0 0 1 0 0 0 1 0.0586509 1.17282 0.0404569</i>
                        <i>1 0 0 0 1 0 0 0 1 0.0586509 1.1728 0.0404569</i>
                        <i>1 0 0 0 1 0 0 0 1 0.0586509 1.17279 0.0404569</i>
                        <i>1 0 0 0 1 0 0 0 1 0.0586509 1.17278 0.0404569</i>
                        <i>1 0 0 0 1 0 0 0 1 0.0586509 1.17278 0.0404569</i>
                        <i>1 0 0 0 1 0 0 0 1 0.0586509 1.17278 0.0404569</i>
                        <i>1 0 0 0 1 0 0 0 1 0.0586509 1.17279 0.0404569</i>
                        <i>1 0 0 0 1 0 0 0 1 0.0586509 1.1728 0.0404569</i>
                        <i>1 0 0 0 1 0 0 0 1 0.0586509 1.17282 0.0404569</i>
                        <i>1 0 0 0 1 0 0 0 1 0.0586509 1.17284 0.0404569</i>
                        <i>1 0 0 0 1 0 0 0 1 0.0586509 1.17286 0.0404569</i>
                        <i>1 0 0 0 1 0 0 0 1 0.0586509 1.17289 0.0404569</i>
                        <i>1 0 0 0 1 0 0 0 1 0.0586509 1.17291 0.0404569</i>
                        <i>1 0 0 0 1 0 0 0 1 0.0586509 1.17294 0.0404569</i>
                        <i>1 0 0 0 1 0 0 0 1 0.0586509 1.17297 0.0404569</i>
                        <i>1 0 0 0 1 0 0 0 1 0.0586509 1.173 0.0404569</i>
                        <i>1 0 0 0 1 0 0 0 1 0.0586509 1.17302 0.0404569</i>
                        <i>1 0 0 0 1 0 0 0 1 0.0586509 1.17305 0.0404569</i>
                        <i>1 0 0 0 1 0 0 0 1 0.0586509 1.17307 0.0404569</i>
                        <i>1 0 0 0 1 0 0 0 1 0.0586509 1.17302 0.0404569</i>
                        <i>1 0 0 0 1 0 0 0 1 0.0586509 1.17296 0.0404569</i>
                        <i>1 0 0 0 1 0 0 0 1 0.0586509 1.17292 0.0404569</i>
                        <i>1 0 0 0 1 0 0 0 1 0.0586509 1.17289 0.0404569</i>
                        <i>1 0 0 0 1 0 0 0 1 0.0586509 1.17286 0.0404569</i>
                        <i>1 0 0 0 1 0 0 0 1 0.0586509 1.17284 0.0404569</i>
                        <i>1 0 0 0 1 0 0 0 1 0.0586509 1.17284 0.0404569</i>
                        <i>1 0 0 0 1 0 0 0 1 0.0586509 1.17284 0.0404569</i>
                        <i>1 0 0 0 1 0 0 0 1 0.0586509 1.17286 0.0404569</i>
                        <i>1 0 0 0 1 0 0 0 1 0.0586509 1.17288 0.0404569</i>
                        <i>1 0 0 0 1 0 0 0 1 0.0586509 1.17292 0.0404569</i>
                        <i>1 0 0 0 1 0 0 0 1 0.0586509 1.17297 0.0404569</i>
                        <i>1 0 0 0 1 0 0 0 1 0.0586509 1.17304 0.0404569</i>
                        <i>1 0 0 0 1 0 0 0 1 0.0586509 1.17312 0.0404569</i>
                        <i>1 0 0 0 1 0 0 0 1 0.0586509 1.17321 0.0404569</i>
                        <i>1 0 0 0 1 0 0 0 1 0.0586509 1.17332 0.0404569</i>
                        <i>1 0 0 0 1 0 0 0 1 0.0586509 1.17344 0.0404569</i>
                    </KeyFrames>
                </p>
            </i>
            <i>
                <p>
                    <Name>
                        <![CDATA[spine0]]>
</Name>
                    <Exclude>0</Exclude>
                    <Additive>0</Additive>
                    <IKPriority>0</IKPriority>
                    <IKRotLimits>-1e+010 -1e+010 -1e+010 1e+010 1e+010 1e+010</IKRotLimits>
                    <IKRotLimitOrder>0</IKRotLimitOrder>
                    <KeyFrames count="45">
                        <i>0.00468121 0.999116 -0.0417689 -0.998464 0.00236374 -0.0553607 -0.0552131 0.0419639 0.997592 0.049849 1.30777 -0.0102961</i>
                        <i>0.00463828 0.999147 -0.0410274 -0.998464 0.00236187 -0.0553607 -0.0552166 0.0412212 0.997623 0.049849 1.30765 -0.0102961</i>
                        <i>0.00460444 0.999172 -0.0404209 -0.998464 0.00236159 -0.0553607 -0.0552194 0.0406137 0.997648 0.049849 1.30755 -0.0102961</i>
                        <i>0.00457906 0.999192 -0.0399396 -0.998464 0.00236284 -0.0553607 -0.0552216 0.0401318 0.997667 0.049849 1.30746 -0.0102961</i>
                        <i>0.00456152 0.999206 -0.0395738 -0.998464 0.00236555 -0.0553608 -0.0552232 0.0397656 0.997682 0.049849 1.30739 -0.0102961</i>
                        <i>0.0045512 0.999217 -0.0393136 -0.998464 0.00236963 -0.0553608 -0.0552243 0.0395051 0.997692 0.049849 1.30732 -0.0102961</i>
                        <i>0.00454747 0.999223 -0.039149 -0.998464 0.002375 -0.0553609 -0.0552249 0.0393406 0.997699 0.049849 1.30726 -0.0102961</i>
                        <i>0.00454971 0.999226 -0.0390703 -0.998464 0.00238159 -0.0553611 -0.0552252 0.0392621 0.997702 0.049849 1.30721 -0.0102961</i>
                        <i>0.00455726 0.999226 -0.0390674 -0.998464 0.00238929 -0.0553612 -0.055225 0.0392597 0.997702 0.049849 1.30718 -0.0102961</i>
                        <i>0.00456952 0.999224 -0.0391305 -0.998464 0.00239804 -0.0553613 -0.0552245 0.0393233 0.997699 0.049849 1.30715 -0.0102961</i>
                        <i>0.00458581 0.999219 -0.0392495 -0.998463 0.00240773 -0.0553615 -0.0552237 0.0394431 0.997695 0.049849 1.30712 -0.0102961</i>
                        <i>0.00460553 0.999212 -0.0394145 -0.998463 0.0024183 -0.0553617 -0.0552227 0.0396089 0.997688 0.049849 1.30711 -0.0102961</i>
                        <i>0.00462802 0.999204 -0.0396156 -0.998463 0.00242965 -0.0553619 -0.0552216 0.0398109 0.99768 0.049849 1.3071 -0.0102961</i>
                        <i>0.00465263 0.999195 -0.0398427 -0.998463 0.00244167 -0.0553621 -0.0552202 0.040039 0.997671 0.049849 1.3071 -0.0102961</i>
                        <i>0.00467873 0.999185 -0.0400859 -0.998463 0.0024543 -0.0553623 -0.0552188 0.0402833 0.997661 0.049849 1.3071 -0.0102961</i>
                        <i>0.00470568 0.999175 -0.0403352 -0.998463 0.00246742 -0.0553625 -0.0552173 0.0405337 0.997651 0.049849 1.30711 -0.0102961</i>
                        <i>0.00473509 0.999164 -0.0406188 -0.998463 0.00248112 -0.0553627 -0.0552156 0.0408186 0.99764 0.049849 1.30712 -0.0102961</i>
                        <i>0.00476859 0.999149 -0.0409646 -0.998463 0.00249546 -0.055363 -0.0552136 0.0411656 0.997626 0.049849 1.30714 -0.0102961</i>
                        <i>0.00480547 0.999133 -0.0413617 -0.998463 0.00251034 -0.0553632 -0.0552114 0.0415642 0.997609 0.049849 1.30716 -0.0102961</i>
                        <i>0.00484507 0.999114 -0.0417995 -0.998463 0.0025257 -0.0553635 -0.0552089 0.0420035 0.997591 0.049849 1.30718 -0.0102961</i>
                        <i>0.00488667 0.999094 -0.0422672 -0.998463 0.0025414 -0.0553637 -0.0552062 0.0424728 0.997571 0.049849 1.30721 -0.0102961</i>
                        <i>0.00492963 0.999073 -0.0427541 -0.998463 0.00255738 -0.055364 -0.0552034 0.0429613 0.99755 0.049849 1.30724 -0.0102961</i>
                        <i>0.00497323 0.999052 -0.0432495 -0.998463 0.00257355 -0.0553643 -0.0552005 0.0434583 0.997529 0.049849 1.30726 -0.0102961</i>
                        <i>0.00501678 0.99903 -0.0437426 -0.998463 0.00258979 -0.0553646 -0.0551976 0.0439531 0.997508 0.049849 1.30729 -0.0102961</i>
                        <i>0.00505962 0.999009 -0.0442228 -0.998463 0.00260604 -0.0553648 -0.0551947 0.044435 0.997486 0.049849 1.30732 -0.0102961</i>
                        <i>0.00510063 0.998989 -0.0446713 -0.998463 0.00262222 -0.0553651 -0.055192 0.044885 0.997466 0.049849 1.30735 -0.0102961</i>
                        <i>0.00513905 0.99897 -0.0450759 -0.998463 0.00263822 -0.0553654 -0.0551894 0.0452911 0.997448 0.049849 1.30737 -0.0102961</i>
                        <i>0.00517472 0.998954 -0.0454361 -0.998463 0.00265394 -0.0553656 -0.0551871 0.0456528 0.997432 0.049849 1.3074 -0.0102961</i>
                        <i>0.00520749 0.998939 -0.0457513 -0.998463 0.00266925 -0.0553659 -0.055185 0.0459693 0.997417 0.049849 1.30734 -0.0102961</i>
                        <i>0.00523718 0.998927 -0.046021 -0.998462 0.002684 -0.0553661 -0.0551832 0.0462402 0.997405 0.049849 1.30729 -0.0102961</i>
                        <i>0.00526364 0.998916 -0.0462446 -0.998462 0.00269808 -0.0553664 -0.0551816 0.0464649 0.997395 0.049849 1.30725 -0.0102961</i>
                        <i>0.00528673 0.998908 -0.0464215 -0.998462 0.00271136 -0.0553666 -0.0551803 0.0466428 0.997386 0.049849 1.30721 -0.0102961</i>
                        <i>0.00530625 0.998902 -0.0465512 -0.998462 0.00272369 -0.0553668 -0.0551792 0.0467734 0.99738 0.049849 1.30718 -0.0102961</i>
                        <i>0.00532205 0.998898 -0.0466333 -0.998462 0.00273494 -0.055367 -0.0551784 0.0468562 0.997377 0.049849 1.30717 -0.0102961</i>
                        <i>0.00533396 0.998896 -0.0466671 -0.998462 0.00274496 -0.0553672 -0.055178 0.0468907 0.997375 0.049849 1.30716 -0.0102961</i>
                        <i>0.00534184 0.998897 -0.0466523 -0.998462 0.00275364 -0.0553673 -0.0551778 0.0468763 0.997376 0.049849 1.30717 -0.0102961</i>
                        <i>0.00534549 0.9989 -0.0465883 -0.998462 0.00276083 -0.0553674 -0.0551779 0.0468127 0.997379 0.049849 1.30718 -0.0102961</i>
                        <i>0.00534475 0.998905 -0.0464747 -0.998462 0.00276637 -0.0553675 -0.0551783 0.0466992 0.997384 0.049849 1.30721 -0.0102961</i>
                        <i>0.00533946 0.998913 -0.0463109 -0.998462 0.00277014 -0.0553676 -0.0551791 0.0465353 0.997391 0.049849 1.30725 -0.0102961</i>
                        <i>0.00532946 0.998923 -0.0460965 -0.998462 0.002772 -0.0553676 -0.0551802 0.0463207 0.997401 0.049849 1.3073 -0.0102961</i>
                        <i>0.00526126 0.998945 -0.0456202 -0.998462 0.0027302 -0.0553669 -0.055184 0.0458413 0.997423 0.049849 1.30736 -0.0102961</i>
                        <i>0.00511395 0.998984 -0.0447823 -0.998463 0.00262938 -0.0553652 -0.0551912 0.0449966 0.997461 0.049849 1.30744 -0.0102961</i>
                        <i>0.00493617 0.99903 -0.0437496 -0.998463 0.0025089 -0.0553632 -0.0551997 0.0439557 0.997507 0.049849 1.30753 -0.0102961</i>
                        <i>0.00477609 0.999077 -0.0426892 -0.998463 0.00240764 -0.0553615 -0.0552076 0.042888 0.997553 0.049849 1.30764 -0.0102961</i>
                        <i>0.00468121 0.999116 -0.0417689 -0.998464 0.00236374 -0.0553607 -0.0552131 0.0419639 0.997592 0.049849 1.30777 -0.0102961</i>
                    </KeyFrames>
                </p>
            </i>
            <i>
                <p>
                    <Name>
                        <![CDATA[spine1]]>
</Name>
                    <Exclude>0</Exclude>
                    <Additive>0</Additive>
                    <IKPriority>0</IKPriority>
                    <IKRotLimits>-1e+010 -1e+010 -1e+010 1e+010 1e+010 1e+010</IKRotLimits>
                    <IKRotLimitOrder>0</IKRotLimitOrder>
                    <KeyFrames count="45">
                        <i>0.108086 0.993779 0.0268472 -0.992129 0.109545 -0.0606618 -0.0632254 -0.0200792 0.997797 0.0506541 1.47958 -0.0174816</i>
                        <i>0.108079 0.993772 0.0271225 -0.992122 0.109558 -0.0607623 -0.0633554 -0.0203417 0.997784 0.0506467 1.47946 -0.0173535</i>
                        <i>0.10808 0.993769 0.0272556 -0.992115 0.109569 -0.060856 -0.0634631 -0.0204634 0.997774 0.0506408 1.47935 -0.0172487</i>
                        <i>0.108088 0.993768 0.0272585 -0.992108 0.109579 -0.0609433 -0.0635505 -0.0204562 0.997769 0.0506364 1.47926 -0.0171655</i>
                        <i>0.108102 0.993769 0.0271431 -0.992102 0.109588 -0.0610248 -0.0636191 -0.0203318 0.997767 0.0506333 1.47917 -0.0171021</i>
                        <i>0.108123 0.993773 0.0269214 -0.992096 0.109596 -0.0611007 -0.0636707 -0.0201022 0.997768 0.0506315 1.4791 -0.017057</i>
                        <i>0.108149 0.993779 0.0266052 -0.992091 0.109603 -0.0611716 -0.063707 -0.0197792 0.997773 0.0506308 1.47903 -0.0170284</i>
                        <i>0.108179 0.993786 0.0262066 -0.992087 0.109609 -0.0612379 -0.0637298 -0.0193745 0.997779 0.0506312 1.47898 -0.0170146</i>
                        <i>0.108214 0.993794 0.0257373 -0.992082 0.109615 -0.0613 -0.0637408 -0.0189 0.997788 0.0506325 1.47894 -0.0170139</i>
                        <i>0.108252 0.993804 0.0252093 -0.992078 0.10962 -0.0613583 -0.0637416 -0.0183674 0.997797 0.0506345 1.4789 -0.0170245</i>
                        <i>0.108292 0.993814 0.0246344 -0.992074 0.109625 -0.0614134 -0.063734 -0.0177886 0.997808 0.0506373 1.47888 -0.0170448</i>
                        <i>0.108335 0.993824 0.0240247 -0.99207 0.10963 -0.0614655 -0.0637197 -0.0171753 0.99782 0.0506407 1.47886 -0.017073</i>
                        <i>0.108379 0.993834 0.0233919 -0.992067 0.109634 -0.0615152 -0.0637005 -0.0165394 0.997832 0.0506445 1.47884 -0.0171074</i>
                        <i>0.108423 0.993845 0.0227479 -0.992063 0.109638 -0.0615629 -0.063678 -0.0158925 0.997844 0.0506488 1.47884 -0.0171463</i>
                        <i>0.108468 0.993854 0.0221047 -0.99206 0.109642 -0.061609 -0.0636539 -0.0152466 0.997856 0.0506532 1.47884 -0.017188</i>
                        <i>0.108511 0.993863 0.021474 -0.992057 0.109646 -0.0616539 -0.0636301 -0.0146133 0.997867 0.0506579 1.47884 -0.0172308</i>
                        <i>0.108554 0.993872 0.0208515 -0.992054 0.10965 -0.0616933 -0.0636016 -0.0139887 0.997877 0.0506629 1.47885 -0.0172794</i>
                        <i>0.108596 0.99388 0.0202329 -0.992052 0.109653 -0.0617226 -0.0635634 -0.0133692 0.997888 0.0506687 1.47887 -0.0173389</i>
                        <i>0.108637 0.993888 0.0196302 -0.99205 0.109655 -0.0617424 -0.0635176 -0.0127667 0.997899 0.050675 1.47888 -0.0174072</i>
                        <i>0.108675 0.993895 0.0190558 -0.992049 0.109657 -0.0617532 -0.0634658 -0.0121933 0.997909 0.0506818 1.47891 -0.0174825</i>
                        <i>0.10871 0.993901 0.0185218 -0.992049 0.109659 -0.0617556 -0.06341 -0.011661 0.997919 0.050689 1.47893 -0.0175631</i>
                        <i>0.108742 0.993906 0.0180403 -0.992049 0.10966 -0.06175 -0.063352 -0.0111821 0.997929 0.0506964 1.47896 -0.017647</i>
                        <i>0.108769 0.993911 0.0176236 -0.99205 0.10966 -0.061737 -0.0632937 -0.0107684 0.997937 0.0507039 1.47899 -0.0177324</i>
                        <i>0.108792 0.993914 0.0172837 -0.992051 0.109661 -0.0617172 -0.0632369 -0.010432 0.997944 0.0507114 1.47902 -0.0178175</i>
                        <i>0.108808 0.993917 0.0170329 -0.992053 0.109661 -0.061691 -0.0631835 -0.0101851 0.99795 0.0507188 1.47905 -0.0179004</i>
                        <i>0.108817 0.993918 0.0169035 -0.992055 0.109662 -0.0616585 -0.0631372 -0.0100597 0.997954 0.0507259 1.47908 -0.0179779</i>
                        <i>0.108818 0.993918 0.016911 -0.992057 0.109663 -0.0616203 -0.0631 -0.0100713 0.997956 0.0507326 1.47911 -0.0180479</i>
                        <i>0.108811 0.993916 0.0170425 -0.992059 0.109664 -0.0615773 -0.0630717 -0.0102069 0.997957 0.0507388 1.47914 -0.0181103</i>
                        <i>0.108798 0.993914 0.0172852 -0.992062 0.109665 -0.0615307 -0.0630518 -0.0104536 0.997956 0.0507445 1.47909 -0.018165</i>
                        <i>0.108778 0.99391 0.0176261 -0.992065 0.109667 -0.0614815 -0.0630401 -0.0107984 0.997953 0.0507496 1.47905 -0.0182119</i>
                        <i>0.108753 0.993905 0.0180523 -0.992068 0.109668 -0.0614308 -0.0630361 -0.0112283 0.997948 0.0507542 1.47902 -0.0182509</i>
                        <i>0.108724 0.993899 0.0185511 -0.992071 0.10967 -0.0613795 -0.0630396 -0.0117306 0.997942 0.0507583 1.47899 -0.0182818</i>
                        <i>0.108691 0.993892 0.0191094 -0.992074 0.109671 -0.0613289 -0.0630501 -0.0122921 0.997935 0.0507617 1.47897 -0.0183046</i>
                        <i>0.108655 0.993884 0.0197145 -0.992077 0.109673 -0.0612799 -0.0630673 -0.0129 0.997926 0.0507644 1.47896 -0.0183192</i>
                        <i>0.108617 0.993875 0.0203535 -0.992079 0.109675 -0.0612337 -0.0630909 -0.0135413 0.997916 0.0507665 1.47897 -0.0183255</i>
                        <i>0.108578 0.993866 0.0210135 -0.992082 0.109677 -0.0611912 -0.0631205 -0.0142031 0.997905 0.0507679 1.47898 -0.0183234</i>
                        <i>0.108538 0.993856 0.0216817 -0.992084 0.109679 -0.0611535 -0.0631558 -0.0148726 0.997893 0.0507686 1.479 -0.0183127</i>
                        <i>0.108499 0.993845 0.0223451 -0.992086 0.109681 -0.0611218 -0.0631965 -0.0155367 0.99788 0.0507685 1.47903 -0.0182935</i>
                        <i>0.108461 0.993835 0.022991 -0.992087 0.109683 -0.0610971 -0.0632421 -0.0161825 0.997867 0.0507676 1.47908 -0.0182656</i>
                        <i>0.108424 0.993824 0.0236065 -0.992088 0.109686 -0.0610803 -0.0632924 -0.0167971 0.997854 0.0507659 1.47913 -0.0182288</i>
                        <i>0.108368 0.993815 0.0242702 -0.992094 0.109671 -0.0610131 -0.0632974 -0.0174664 0.997842 0.0507542 1.4792 -0.0181468</i>
                        <i>0.108285 0.993805 0.0250121 -0.992106 0.109632 -0.0608764 -0.0632414 -0.0182226 0.997832 0.0507288 1.47928 -0.0180021</i>
                        <i>0.108196 0.993796 0.0257461 -0.99212 0.109587 -0.0607311 -0.0631758 -0.0189724 0.997822 0.0506981 1.47936 -0.0178238</i>
                        <i>0.108122 0.993787 0.0263863 -0.99213 0.109552 -0.0606388 -0.0631527 -0.0196223 0.997811 0.0506705 1.47946 -0.0176406</i>
                        <i>0.108086 0.993779 0.0268472 -0.992129 0.109545 -0.0606618 -0.0632254 -0.0200792 0.997797 0.0506541 1.47958 -0.0174816</i>
                    </KeyFrames>
                </p>
            </i>
            <i>
                <p>
                    <Name>
                        <![CDATA[spine2]]>
</Name>
                    <Exclude>0</Exclude>
                    <Additive>0</Additive>
                    <IKPriority>0</IKPriority>
                    <IKRotLimits>-1e+010 -1e+010 -1e+010 1e+010 1e+010 1e+010</IKRotLimits>
                    <IKRotLimitOrder>0</IKRotLimitOrder>
                    <KeyFrames count="45">
                        <i>0.0723238 0.982086 0.174 -0.994379 0.0845266 -0.063765 -0.0773303 -0.168411 0.982679 0.0677736 1.63699 -0.0132233</i>
                        <i>0.0724156 0.982337 0.172541 -0.99437 0.0845273 -0.0639055 -0.0773611 -0.166942 0.982927 0.0677636 1.63686 -0.0130521</i>
                        <i>0.0725005 0.982573 0.171157 -0.994361 0.0845253 -0.0640377 -0.0773888 -0.16555 0.98316 0.0677566 1.63674 -0.0129267</i>
                        <i>0.0725787 0.982794 0.169846 -0.994354 0.0845208 -0.0641622 -0.0774137 -0.16423 0.98338 0.0677524 1.63664 -0.0128434</i>
                        <i>0.0726504 0.983003 0.168604 -0.994347 0.084514 -0.0642795 -0.0774364 -0.162981 0.983586 0.0677506 1.63654 -0.0127988</i>
                        <i>0.0727158 0.983199 0.167431 -0.99434 0.084505 -0.0643903 -0.0774572 -0.161801 0.983779 0.0677513 1.63647 -0.0127891</i>
                        <i>0.0727752 0.983382 0.166322 -0.994334 0.084494 -0.0644951 -0.0774765 -0.160686 0.98396 0.0677539 1.6364 -0.0128109</i>
                        <i>0.0728289 0.983555 0.165276 -0.994329 0.0844811 -0.0645944 -0.0774948 -0.159634 0.98413 0.0677585 1.63634 -0.0128604</i>
                        <i>0.072877 0.983716 0.16429 -0.994324 0.0844666 -0.0646888 -0.0775125 -0.158643 0.984289 0.0677647 1.63629 -0.0129342</i>
                        <i>0.0729198 0.983868 0.163362 -0.99432 0.0844504 -0.0647789 -0.0775299 -0.157711 0.984437 0.0677723 1.63626 -0.0130287</i>
                        <i>0.0729576 0.984009 0.16249 -0.994316 0.084433 -0.0648652 -0.0775475 -0.156834 0.984576 0.0677811 1.63623 -0.0131401</i>
                        <i>0.0729907 0.984142 0.16167 -0.994312 0.0844143 -0.0649484 -0.0775656 -0.15601 0.984705 0.0677909 1.63621 -0.013265</i>
                        <i>0.0730192 0.984266 0.1609 -0.994308 0.0843946 -0.0650289 -0.0775848 -0.155236 0.984826 0.0678014 1.63619 -0.0133997</i>
                        <i>0.0730434 0.984382 0.160179 -0.994305 0.084374 -0.0651073 -0.0776053 -0.154511 0.984938 0.0678124 1.63619 -0.0135407</i>
                        <i>0.0730637 0.98449 0.159503 -0.994302 0.0843527 -0.0651842 -0.0776277 -0.153831 0.985043 0.0678237 1.63619 -0.0136844</i>
                        <i>0.0730802 0.984591 0.158869 -0.994298 0.0843308 -0.0652602 -0.0776522 -0.153194 0.98514 0.0678351 1.63619 -0.013827</i>
                        <i>0.0730887 0.984675 0.158347 -0.994296 0.0843085 -0.0653291 -0.0776778 -0.152669 0.98522 0.0678469 1.6362 -0.0139743</i>
                        <i>0.073085 0.98473 0.158002 -0.994294 0.0842859 -0.0653846 -0.0777035 -0.152322 0.985272 0.0678593 1.63622 -0.0141317</i>
                        <i>0.0730696 0.984759 0.157831 -0.994293 0.0842633 -0.0654274 -0.0777296 -0.15215 0.985296 0.0678723 1.63624 -0.0142954</i>
                        <i>0.0730426 0.984761 0.157831 -0.994293 0.0842408 -0.0654584 -0.0777566 -0.152149 0.985294 0.0678854 1.63626 -0.0144616</i>
                        <i>0.0730045 0.984737 0.157997 -0.994294 0.0842186 -0.0654781 -0.077785 -0.152315 0.985266 0.0678986 1.63629 -0.0146266</i>
                        <i>0.0729556 0.984688 0.158325 -0.994295 0.0841969 -0.0654873 -0.077815 -0.152644 0.985213 0.0679115 1.63632 -0.0147866</i>
                        <i>0.0728962 0.984614 0.158812 -0.994297 0.0841757 -0.0654866 -0.0778471 -0.153133 0.985135 0.0679239 1.63636 -0.0149379</i>
                        <i>0.0728268 0.984515 0.159454 -0.994299 0.0841553 -0.0654768 -0.0778818 -0.153777 0.985032 0.0679357 1.6364 -0.0150766</i>
                        <i>0.0727475 0.984393 0.160247 -0.994302 0.0841357 -0.0654586 -0.0779194 -0.154572 0.984904 0.0679465 1.63643 -0.0151989</i>
                        <i>0.0726574 0.984242 0.161207 -0.994305 0.0841173 -0.0654322 -0.0779615 -0.155535 0.984749 0.0679559 1.63647 -0.0152967</i>
                        <i>0.0725566 0.984065 0.162334 -0.994309 0.0841002 -0.0653983 -0.0780085 -0.156665 0.984566 0.0679635 1.63651 -0.0153652</i>
                        <i>0.0724471 0.983863 0.163598 -0.994313 0.0840844 -0.0653582 -0.0780596 -0.157932 0.98436 0.0679696 1.63655 -0.0154065</i>
                        <i>0.072331 0.983643 0.164971 -0.994317 0.0840699 -0.0653131 -0.0781138 -0.159309 0.984134 0.0679741 1.63651 -0.0154224</i>
                        <i>0.0722104 0.983407 0.166425 -0.994321 0.0840567 -0.0652642 -0.0781704 -0.160767 0.983892 0.0679771 1.63647 -0.015415</i>
                        <i>0.0720873 0.98316 0.167931 -0.994326 0.0840449 -0.0652129 -0.0782284 -0.162277 0.983639 0.0679788 1.63645 -0.0153861</i>
                        <i>0.0719638 0.982906 0.16946 -0.99433 0.0840343 -0.0651603 -0.0782869 -0.16381 0.983381 0.0679792 1.63643 -0.0153377</i>
                        <i>0.0718421 0.982651 0.170985 -0.994334 0.0840252 -0.0651077 -0.0783451 -0.165338 0.98312 0.0679783 1.63642 -0.0152717</i>
                        <i>0.0717241 0.982399 0.172476 -0.994338 0.0840174 -0.0650563 -0.0784022 -0.166833 0.982863 0.0679763 1.63642 -0.0151901</i>
                        <i>0.0716121 0.982155 0.173905 -0.994342 0.0840112 -0.0650075 -0.0784574 -0.168266 0.982614 0.0679732 1.63642 -0.0150949</i>
                        <i>0.071508 0.981925 0.175245 -0.994345 0.0840064 -0.0649624 -0.0785099 -0.169608 0.982379 0.0679692 1.63644 -0.0149879</i>
                        <i>0.0714141 0.981713 0.176465 -0.994348 0.0840032 -0.0649224 -0.0785588 -0.170832 0.982163 0.0679642 1.63647 -0.0148711</i>
                        <i>0.0713326 0.981525 0.177539 -0.994351 0.0840018 -0.0648885 -0.0786034 -0.171908 0.981972 0.0679584 1.6365 -0.0147465</i>
                        <i>0.0712654 0.981367 0.178438 -0.994352 0.084002 -0.0648622 -0.0786428 -0.172808 0.981811 0.0679518 1.63655 -0.014616</i>
                        <i>0.0712147 0.981244 0.179134 -0.994353 0.084004 -0.0648447 -0.0786764 -0.173505 0.981685 0.0679446 1.63661 -0.0144817</i>
                        <i>0.071289 0.981225 0.179208 -0.994358 0.0840601 -0.0647019 -0.0785514 -0.173585 0.981681 0.0679237 1.63667 -0.0142945</i>
                        <i>0.0715318 0.981345 0.178451 -0.994367 0.0841895 -0.0643884 -0.0782109 -0.17284 0.98184 0.0678842 1.63673 -0.0140327</i>
                        <i>0.0718478 0.981559 0.177142 -0.994377 0.084343 -0.0640379 -0.0777977 -0.171545 0.9821 0.0678381 1.63681 -0.0137386</i>
                        <i>0.0721428 0.981821 0.175565 -0.994382 0.0844716 -0.063785 -0.0774557 -0.169977 0.982399 0.0677973 1.63689 -0.0134547</i>
                        <i>0.0723238 0.982086 0.174 -0.994379 0.0845266 -0.063765 -0.0773303 -0.168411 0.982679 0.0677736 1.63699 -0.0132233</i>
                    </KeyFrames>
                </p>
            </i>
            <i>
                <p>
                    <Name>
                        <![CDATA[head]]>
</Name>
                    <Exclude>0</Exclude>
                    <Additive>0</Additive>
                    <IKPriority>0</IKPriority>
                    <IKRotLimits>-1e+010 -1e+010 -1e+010 1e+010 1e+010 1e+010</IKRotLimits>
                    <IKRotLimitOrder>0</IKRotLimitOrder>
                    <KeyFrames count="45">
                        <i>-0.131503 0.989554 -0.0590778 0.328539 -0.0127223 -0.944405 -0.935291 -0.143602 -0.323434 0.0798163 1.89204 0.0230222</i>
                        <i>-0.131518 0.989435 -0.0609968 0.328414 -0.0145681 -0.944421 -0.935333 -0.144241 -0.323029 0.0798373 1.89197 0.0226967</i>
                        <i>-0.131807 0.989337 -0.0619655 0.328196 -0.0154315 -0.944484 -0.935369 -0.144826 -0.322663 0.079858 1.8919 0.0223625</i>
                        <i>-0.132281 0.989256 -0.0622422 0.327918 -0.0155827 -0.944578 -0.935399 -0.14536 -0.322333 0.0798785 1.89184 0.0220214</i>
                        <i>-0.132855 0.989189 -0.0620851 0.327612 -0.0152914 -0.944689 -0.935425 -0.145847 -0.322039 0.0798986 1.8918 0.0216751</i>
                        <i>-0.133443 0.989131 -0.0617527 0.327314 -0.0148275 -0.944799 -0.935446 -0.146289 -0.321777 0.0799184 1.89176 0.0213253</i>
                        <i>-0.133956 0.989077 -0.0615034 0.327057 -0.0144607 -0.944894 -0.935462 -0.14669 -0.321547 0.0799378 1.89173 0.0209738</i>
                        <i>-0.134311 0.989023 -0.0615957 0.326877 -0.0144607 -0.944956 -0.935474 -0.147052 -0.321346 0.0799567 1.89171 0.0206222</i>
                        <i>-0.134421 0.988965 -0.0622882 0.326808 -0.0150972 -0.94497 -0.935483 -0.14738 -0.321172 0.0799749 1.89169 0.0202723</i>
                        <i>-0.134348 0.988903 -0.0634118 0.326825 -0.0161923 -0.944946 -0.935487 -0.147676 -0.321023 0.0799926 1.89168 0.0199258</i>
                        <i>-0.134213 0.988843 -0.0646227 0.326877 -0.0173852 -0.944907 -0.935488 -0.147943 -0.320896 0.0800095 1.89168 0.0195844</i>
                        <i>-0.134023 0.988784 -0.0659165 0.32696 -0.0186708 -0.944854 -0.935487 -0.148184 -0.320791 0.0800257 1.89168 0.0192499</i>
                        <i>-0.13378 0.988724 -0.0672891 0.327073 -0.0200441 -0.944787 -0.935482 -0.148402 -0.320703 0.080041 1.89169 0.0189239</i>
                        <i>-0.13349 0.988664 -0.0687363 0.327211 -0.0214999 -0.944707 -0.935475 -0.1486 -0.320632 0.0800554 1.89171 0.0186081</i>
                        <i>-0.133158 0.988602 -0.070254 0.327373 -0.0230331 -0.944614 -0.935466 -0.148782 -0.320574 0.0800689 1.89172 0.0183044</i>
                        <i>-0.132788 0.988538 -0.071838 0.327555 -0.0246388 -0.944511 -0.935454 -0.14895 -0.320529 0.0800813 1.89175 0.0180143</i>
                        <i>-0.132391 0.988479 -0.0733679 0.327758 -0.0261981 -0.944398 -0.93544 -0.149077 -0.320514 0.0800917 1.89177 0.0177547</i>
                        <i>-0.13198 0.988432 -0.0747252 0.327982 -0.0275938 -0.944281 -0.935419 -0.149134 -0.320546 0.0800989 1.89179 0.0175421</i>
                        <i>-0.131558 0.988398 -0.0759076 0.328224 -0.0288228 -0.94416 -0.935394 -0.149126 -0.320625 0.080103 1.89182 0.0173779</i>
                        <i>-0.13113 0.988377 -0.0769133 0.328482 -0.0298825 -0.944037 -0.935363 -0.149057 -0.320746 0.0801039 1.89184 0.0172636</i>
                        <i>-0.130701 0.988369 -0.0777403 0.328752 -0.0307698 -0.943915 -0.935328 -0.148928 -0.320907 0.0801015 1.89186 0.0172007</i>
                        <i>-0.130275 0.988374 -0.0783866 0.329032 -0.0314819 -0.943794 -0.935289 -0.148745 -0.321106 0.0800958 1.89188 0.0171905</i>
                        <i>-0.129857 0.988393 -0.0788501 0.329319 -0.032016 -0.943676 -0.935246 -0.14851 -0.321339 0.0800867 1.89189 0.0172344</i>
                        <i>-0.129452 0.988423 -0.0791288 0.329611 -0.032369 -0.943562 -0.9352 -0.148227 -0.321605 0.0800743 1.89191 0.017334</i>
                        <i>-0.129063 0.988467 -0.0792208 0.329904 -0.0325382 -0.943454 -0.935151 -0.1479 -0.321899 0.0800584 1.89192 0.0174905</i>
                        <i>-0.128696 0.988524 -0.0791088 0.330196 -0.0325056 -0.943352 -0.935098 -0.147527 -0.322224 0.0800384 1.89192 0.0177146</i>
                        <i>-0.128356 0.988593 -0.0787882 0.330486 -0.0322657 -0.943259 -0.935042 -0.147112 -0.322575 0.0800143 1.89192 0.0180093</i>
                        <i>-0.128048 0.988674 -0.0782761 0.33077 -0.0318344 -0.943174 -0.934984 -0.146663 -0.322947 0.0799865 1.89192 0.0183645</i>
                        <i>-0.127773 0.988764 -0.0775898 0.331043 -0.0312274 -0.943099 -0.934925 -0.146188 -0.323333 0.0799559 1.89182 0.0187702</i>
                        <i>-0.127536 0.98886 -0.0767463 0.331302 -0.0304606 -0.943033 -0.934865 -0.145697 -0.323727 0.0799231 1.89174 0.0192165</i>
                        <i>-0.127341 0.988961 -0.0757629 0.331544 -0.0295497 -0.942977 -0.934806 -0.145198 -0.324121 0.0798887 1.89166 0.0196934</i>
                        <i>-0.127191 0.989065 -0.0746567 0.331764 -0.0285105 -0.942932 -0.934749 -0.144701 -0.32451 0.0798533 1.89159 0.0201909</i>
                        <i>-0.12709 0.989168 -0.0734449 0.331959 -0.0273587 -0.942897 -0.934693 -0.144213 -0.324887 0.0798176 1.89152 0.020699</i>
                        <i>-0.127041 0.98927 -0.0721448 0.332126 -0.0261101 -0.942874 -0.934641 -0.143745 -0.325245 0.0797823 1.89147 0.0212078</i>
                        <i>-0.127048 0.989368 -0.0707737 0.33226 -0.0247803 -0.942862 -0.934592 -0.143304 -0.32558 0.0797481 1.89143 0.0217073</i>
                        <i>-0.127114 0.989461 -0.0693486 0.332359 -0.0233851 -0.942863 -0.934548 -0.1429 -0.325883 0.0797155 1.8914 0.0221875</i>
                        <i>-0.127397 0.989556 -0.0674524 0.332359 -0.0214843 -0.942908 -0.934509 -0.142542 -0.32615 0.0796854 1.89138 0.0226385</i>
                        <i>-0.127988 0.989653 -0.0648528 0.332222 -0.0188316 -0.943013 -0.934477 -0.14224 -0.326374 0.0796582 1.89138 0.0230504</i>
                        <i>-0.128791 0.989741 -0.0618448 0.331981 -0.0157345 -0.943155 -0.934452 -0.142001 -0.326549 0.0796348 1.89139 0.0234132</i>
                        <i>-0.129712 0.989811 -0.0587232 0.33167 -0.0125002 -0.943313 -0.934436 -0.141835 -0.326669 0.0796157 1.89143 0.0237169</i>
                        <i>-0.130528 0.989839 -0.0564038 0.33114 -0.0100982 -0.943528 -0.93451 -0.141834 -0.326457 0.0796227 1.89149 0.0238681</i>
                        <i>-0.131093 0.989817 -0.0554749 0.330359 -0.00914318 -0.943811 -0.934707 -0.142054 -0.325796 0.0796648 1.89159 0.0238179</i>
                        <i>-0.131429 0.989757 -0.0557407 0.329529 -0.00941138 -0.944098 -0.934953 -0.14245 -0.324917 0.0797233 1.89172 0.0236225</i>
                        <i>-0.131559 0.989668 -0.0570065 0.328854 -0.010679 -0.94432 -0.935172 -0.14298 -0.324052 0.0797798 1.89187 0.0233385</i>
                        <i>-0.131503 0.989554 -0.0590778 0.328539 -0.0127223 -0.944405 -0.935291 -0.143602 -0.323434 0.0798163 1.89204 0.0230222</i>
                    </KeyFrames>
                </p>
            </i>
            <i>
                <p>
                    <Name>
                        <![CDATA[head_prop]]>
</Name>
                    <Exclude>0</Exclude>
                    <Additive>0</Additive>
                    <IKPriority>0</IKPriority>
                    <IKRotLimits>-1e+010 -1e+010 -1e+010 1e+010 1e+010 1e+010</IKRotLimits>
                    <IKRotLimitOrder>0</IKRotLimitOrder>
                    <KeyFrames count="45">
                        <i>0.935291 0.143602 0.323434 -0.131503 0.989554 -0.0590778 -0.328539 0.0127223 0.944405 0.0369583 2.21454 0.00376825</i>
                        <i>0.935333 0.144241 0.323029 -0.131518 0.989435 -0.0609968 -0.328414 0.0145681 0.944421 0.0369743 2.21443 0.00281732</i>
                        <i>0.935369 0.144826 0.322663 -0.131807 0.989337 -0.0619655 -0.328196 0.0154315 0.944484 0.036901 2.21433 0.00216743</i>
                        <i>0.935399 0.14536 0.322333 -0.132281 0.989256 -0.0622422 -0.327918 0.0155827 0.944578 0.0367668 2.21425 0.00173615</i>
                        <i>0.935425 0.145847 0.322039 -0.132855 0.989189 -0.0620851 -0.327612 0.0152914 0.944689 0.0365999 2.21418 0.00144101</i>
                        <i>0.935446 0.146289 0.321777 -0.133443 0.989131 -0.0617527 -0.327314 0.0148275 0.944799 0.0364283 2.21413 0.00119955</i>
                        <i>0.935462 0.14669 0.321547 -0.133956 0.989077 -0.0615034 -0.327057 0.0144607 0.944894 0.0362802 2.21408 0.000929262</i>
                        <i>0.935474 0.147052 0.321346 -0.134311 0.989023 -0.0615957 -0.326877 0.0144607 0.944956 0.0361834 2.21404 0.000547601</i>
                        <i>0.935483 0.14738 0.321172 -0.134421 0.988965 -0.0622882 -0.326808 0.0150972 0.94497 0.0361659 2.214 -2.79882e-005</i>
                        <i>0.935487 0.147676 0.321023 -0.134348 0.988903 -0.0634118 -0.326825 0.0161923 0.944946 0.0362075 2.21397 -0.000740706</i>
                        <i>0.935488 0.147943 0.320896 -0.134213 0.988843 -0.0646227 -0.326877 0.0173852 0.944907 0.0362682 2.21395 -0.0014767</i>
                        <i>0.935487 0.148184 0.320791 -0.134023 0.988784 -0.0659165 -0.32696 0.0186708 0.944854 0.0363465 2.21394 -0.00223289</i>
                        <i>0.935482 0.148402 0.320703 -0.13378 0.988724 -0.0672891 -0.327073 0.0200441 0.944787 0.0364409 2.21393 -0.00300625</i>
                        <i>0.935475 0.1486 0.320632 -0.13349 0.988664 -0.0687363 -0.327211 0.0214999 0.944707 0.0365497 2.21392 -0.00379365</i>
                        <i>0.935466 0.148782 0.320574 -0.133158 0.988602 -0.070254 -0.327373 0.0230331 0.944614 0.0366715 2.21392 -0.00459203</i>
                        <i>0.935454 0.14895 0.320529 -0.132788 0.988538 -0.071838 -0.327555 0.0246388 0.944511 0.0368046 2.21392 -0.00539834</i>
                        <i>0.93544 0.149077 0.320514 -0.132391 0.988479 -0.0733679 -0.327758 0.0261981 0.944398 0.0369442 2.21392 -0.0061566</i>
                        <i>0.935419 0.149134 0.320546 -0.13198 0.988432 -0.0747252 -0.327982 0.0275938 0.944281 0.0370856 2.21393 -0.00681153</i>
                        <i>0.935394 0.149126 0.320625 -0.131558 0.988398 -0.0759076 -0.328224 0.0288228 0.94416 0.0372271 2.21394 -0.00736107</i>
                        <i>0.935363 0.149057 0.320746 -0.13113 0.988377 -0.0769133 -0.328482 0.0298825 0.944037 0.0373673 2.21396 -0.00780311</i>
                        <i>0.935328 0.148928 0.320907 -0.130701 0.988369 -0.0777403 -0.328752 0.0307698 0.943915 0.0375048 2.21398 -0.00813558</i>
                        <i>0.935289 0.148745 0.321106 -0.130275 0.988374 -0.0783866 -0.329032 0.0314819 0.943794 0.0376378 2.214 -0.00835641</i>
                        <i>0.935246 0.14851 0.321339 -0.129857 0.988393 -0.0788501 -0.329319 0.032016 0.943676 0.0377651 2.21402 -0.00846351</i>
                        <i>0.9352 0.148227 0.321605 -0.129452 0.988423 -0.0791288 -0.329611 0.032369 0.943562 0.0378849 2.21404 -0.00845482</i>
                        <i>0.935151 0.1479 0.321899 -0.129063 0.988467 -0.0792208 -0.329904 0.0325382 0.943454 0.0379957 2.21407 -0.00832826</i>
                        <i>0.935098 0.147527 0.322224 -0.128696 0.988524 -0.0791088 -0.330196 0.0325056 0.943352 0.0380952 2.21409 -0.00806763</i>
