<?xml version="1.0" encoding="ISO-8859-1" ?>
<Animl Version="1">
    <ModellingPackage><![CDATA[Maya.2010]]></ModellingPackage>
    <SrcFile><![CDATA[anims\vehicles\blue\~src\land\tank_m60patton\tank_m60patton_right_tread.mb]]></SrcFile>
    <FramesPerSecond>30</FramesPerSecond>
    <TotalFrames>61</TotalFrames>
    <Skeleton>
        <RefFrame>
            <Name><![CDATA[m60patton_ref_frame]]></Name>
            <Exclude>1</Exclude>
            <Additive>0</Additive>
            <IKPriority>0</IKPriority>
            <IKRotLimits>-1e+010 -1e+010 -1e+010 1e+010 1e+010 1e+010</IKRotLimits>
            <IKRotLimitOrder>0</IKRotLimitOrder>
            <KeyFrames count="61">
                <i>1 0 0 0 1 0 0 0 1 0 0 0</i>
                <i>1 0 0 0 1 0 0 0 1 0 0 0</i>
                <i>1 0 0 0 1 0 0 0 1 0 0 0</i>
                <i>1 0 0 0 1 0 0 0 1 0 0 0</i>
                <i>1 0 0 0 1 0 0 0 1 0 0 0</i>
                <i>1 0 0 0 1 0 0 0 1 0 0 0</i>
                <i>1 0 0 0 1 0 0 0 1 0 0 0</i>
                <i>1 0 0 0 1 0 0 0 1 0 0 0</i>
                <i>1 0 0 0 1 0 0 0 1 0 0 0</i>
                <i>1 0 0 0 1 0 0 0 1 0 0 0</i>
                <i>1 0 0 0 1 0 0 0 1 0 0 0</i>
                <i>1 0 0 0 1 0 0 0 1 0 0 0</i>
                <i>1 0 0 0 1 0 0 0 1 0 0 0</i>
                <i>1 0 0 0 1 0 0 0 1 0 0 0</i>
                <i>1 0 0 0 1 0 0 0 1 0 0 0</i>
                <i>1 0 0 0 1 0 0 0 1 0 0 0</i>
                <i>1 0 0 0 1 0 0 0 1 0 0 0</i>
                <i>1 0 0 0 1 0 0 0 1 0 0 0</i>
                <i>1 0 0 0 1 0 0 0 1 0 0 0</i>
                <i>1 0 0 0 1 0 0 0 1 0 0 0</i>
                <i>1 0 0 0 1 0 0 0 1 0 0 0</i>
                <i>1 0 0 0 1 0 0 0 1 0 0 0</i>
                <i>1 0 0 0 1 0 0 0 1 0 0 0</i>
                <i>1 0 0 0 1 0 0 0 1 0 0 0</i>
                <i>1 0 0 0 1 0 0 0 1 0 0 0</i>
                <i>1 0 0 0 1 0 0 0 1 0 0 0</i>
                <i>1 0 0 0 1 0 0 0 1 0 0 0</i>
                <i>1 0 0 0 1 0 0 0 1 0 0 0</i>
                <i>1 0 0 0 1 0 0 0 1 0 0 0</i>
                <i>1 0 0 0 1 0 0 0 1 0 0 0</i>
                <i>1 0 0 0 1 0 0 0 1 0 0 0</i>
                <i>1 0 0 0 1 0 0 0 1 0 0 0</i>
                <i>1 0 0 0 1 0 0 0 1 0 0 0</i>
                <i>1 0 0 0 1 0 0 0 1 0 0 0</i>
                <i>1 0 0 0 1 0 0 0 1 0 0 0</i>
                <i>1 0 0 0 1 0 0 0 1 0 0 0</i>
                <i>1 0 0 0 1 0 0 0 1 0 0 0</i>
                <i>1 0 0 0 1 0 0 0 1 0 0 0</i>
                <i>1 0 0 0 1 0 0 0 1 0 0 0</i>
                <i>1 0 0 0 1 0 0 0 1 0 0 0</i>
                <i>1 0 0 0 1 0 0 0 1 0 0 0</i>
                <i>1 0 0 0 1 0 0 0 1 0 0 0</i>
                <i>1 0 0 0 1 0 0 0 1 0 0 0</i>
                <i>1 0 0 0 1 0 0 0 1 0 0 0</i>
                <i>1 0 0 0 1 0 0 0 1 0 0 0</i>
                <i>1 0 0 0 1 0 0 0 1 0 0 0</i>
                <i>1 0 0 0 1 0 0 0 1 0 0 0</i>
                <i>1 0 0 0 1 0 0 0 1 0 0 0</i>
                <i>1 0 0 0 1 0 0 0 1 0 0 0</i>
                <i>1 0 0 0 1 0 0 0 1 0 0 0</i>
                <i>1 0 0 0 1 0 0 0 1 0 0 0</i>
                <i>1 0 0 0 1 0 0 0 1 0 0 0</i>
                <i>1 0 0 0 1 0 0 0 1 0 0 0</i>
                <i>1 0 0 0 1 0 0 0 1 0 0 0</i>
                <i>1 0 0 0 1 0 0 0 1 0 0 0</i>
                <i>1 0 0 0 1 0 0 0 1 0 0 0</i>
                <i>1 0 0 0 1 0 0 0 1 0 0 0</i>
                <i>1 0 0 0 1 0 0 0 1 0 0 0</i>
                <i>1 0 0 0 1 0 0 0 1 0 0 0</i>
                <i>1 0 0 0 1 0 0 0 1 0 0 0</i>
                <i>1 0 0 0 1 0 0 0 1 0 0 0</i>
            </KeyFrames>
        </RefFrame>
        <Bones count="20">
            <i>
                <p>
                    <Name><![CDATA[m60patton_root]]></Name>
                    <Exclude>1</Exclude>
                    <Additive>0</Additive>
                    <IKPriority>0</IKPriority>
                    <IKRotLimits>-1e+010 -1e+010 -1e+010 1e+010 1e+010 1e+010</IKRotLimits>
                    <IKRotLimitOrder>0</IKRotLimitOrder>
                    <KeyFrames count="61">
                        <i>1 0 0 0 1 0 0 0 1 0 0 0</i>
                        <i>1 0 0 0 1 0 0 0 1 0 0 0</i>
                        <i>1 0 0 0 1 0 0 0 1 0 0 0</i>
                        <i>1 0 0 0 1 0 0 0 1 0 0 0</i>
                        <i>1 0 0 0 1 0 0 0 1 0 0 0</i>
                        <i>1 0 0 0 1 0 0 0 1 0 0 0</i>
                        <i>1 0 0 0 1 0 0 0 1 0 0 0</i>
                        <i>1 0 0 0 1 0 0 0 1 0 0 0</i>
                        <i>1 0 0 0 1 0 0 0 1 0 0 0</i>
                        <i>1 0 0 0 1 0 0 0 1 0 0 0</i>
                        <i>1 0 0 0 1 0 0 0 1 0 0 0</i>
                        <i>1 0 0 0 1 0 0 0 1 0 0 0</i>
                        <i>1 0 0 0 1 0 0 0 1 0 0 0</i>
                        <i>1 0 0 0 1 0 0 0 1 0 0 0</i>
                        <i>1 0 0 0 1 0 0 0 1 0 0 0</i>
                        <i>1 0 0 0 1 0 0 0 1 0 0 0</i>
                        <i>1 0 0 0 1 0 0 0 1 0 0 0</i>
                        <i>1 0 0 0 1 0 0 0 1 0 0 0</i>
                        <i>1 0 0 0 1 0 0 0 1 0 0 0</i>
                        <i>1 0 0 0 1 0 0 0 1 0 0 0</i>
                        <i>1 0 0 0 1 0 0 0 1 0 0 0</i>
                        <i>1 0 0 0 1 0 0 0 1 0 0 0</i>
                        <i>1 0 0 0 1 0 0 0 1 0 0 0</i>
                        <i>1 0 0 0 1 0 0 0 1 0 0 0</i>
                        <i>1 0 0 0 1 0 0 0 1 0 0 0</i>
                        <i>1 0 0 0 1 0 0 0 1 0 0 0</i>
                        <i>1 0 0 0 1 0 0 0 1 0 0 0</i>
                        <i>1 0 0 0 1 0 0 0 1 0 0 0</i>
                        <i>1 0 0 0 1 0 0 0 1 0 0 0</i>
                        <i>1 0 0 0 1 0 0 0 1 0 0 0</i>
                        <i>1 0 0 0 1 0 0 0 1 0 0 0</i>
                        <i>1 0 0 0 1 0 0 0 1 0 0 0</i>
                        <i>1 0 0 0 1 0 0 0 1 0 0 0</i>
                        <i>1 0 0 0 1 0 0 0 1 0 0 0</i>
                        <i>1 0 0 0 1 0 0 0 1 0 0 0</i>
                        <i>1 0 0 0 1 0 0 0 1 0 0 0</i>
                        <i>1 0 0 0 1 0 0 0 1 0 0 0</i>
                        <i>1 0 0 0 1 0 0 0 1 0 0 0</i>
                        <i>1 0 0 0 1 0 0 0 1 0 0 0</i>
                        <i>1 0 0 0 1 0 0 0 1 0 0 0</i>
                        <i>1 0 0 0 1 0 0 0 1 0 0 0</i>
                        <i>1 0 0 0 1 0 0 0 1 0 0 0</i>
                        <i>1 0 0 0 1 0 0 0 1 0 0 0</i>
                        <i>1 0 0 0 1 0 0 0 1 0 0 0</i>
                        <i>1 0 0 0 1 0 0 0 1 0 0 0</i>
                        <i>1 0 0 0 1 0 0 0 1 0 0 0</i>
                        <i>1 0 0 0 1 0 0 0 1 0 0 0</i>
                        <i>1 0 0 0 1 0 0 0 1 0 0 0</i>
                        <i>1 0 0 0 1 0 0 0 1 0 0 0</i>
                        <i>1 0 0 0 1 0 0 0 1 0 0 0</i>
                        <i>1 0 0 0 1 0 0 0 1 0 0 0</i>
                        <i>1 0 0 0 1 0 0 0 1 0 0 0</i>
                        <i>1 0 0 0 1 0 0 0 1 0 0 0</i>
                        <i>1 0 0 0 1 0 0 0 1 0 0 0</i>
                        <i>1 0 0 0 1 0 0 0 1 0 0 0</i>
                        <i>1 0 0 0 1 0 0 0 1 0 0 0</i>
                        <i>1 0 0 0 1 0 0 0 1 0 0 0</i>
                        <i>1 0 0 0 1 0 0 0 1 0 0 0</i>
                        <i>1 0 0 0 1 0 0 0 1 0 0 0</i>
                        <i>1 0 0 0 1 0 0 0 1 0 0 0</i>
                        <i>1 0 0 0 1 0 0 0 1 0 0 0</i>
                    </KeyFrames>
                </p>
            </i>
            <i>
                <p>
                    <Name><![CDATA[l_tread]]></Name>
                    <Exclude>1</Exclude>
                    <Additive>0</Additive>
                    <IKPriority>1</IKPriority>
                    <IKRotLimits>-1e+010 -1e+010 -1e+010 1e+010 1e+010 1e+010</IKRotLimits>
                    <IKRotLimitOrder>0</IKRotLimitOrder>
                    <KeyFrames count="61">
                        <i>1 0 0 0 1 0 0 0 1 2.13173 0.613682 -3.69762</i>
                        <i>1 0 0 0 1 0 0 0 1 2.13173 0.613682 -3.69762</i>
                        <i>1 0 0 0 1 0 0 0 1 2.13173 0.613682 -3.69762</i>
                        <i>1 0 0 0 1 0 0 0 1 2.13173 0.613682 -3.69762</i>
                        <i>1 0 0 0 1 0 0 0 1 2.13173 0.613682 -3.69762</i>
                        <i>1 0 0 0 1 0 0 0 1 2.13173 0.613682 -3.69762</i>
                        <i>1 0 0 0 1 0 0 0 1 2.13173 0.613682 -3.69762</i>
                        <i>1 0 0 0 1 0 0 0 1 2.13173 0.613682 -3.69762</i>
                        <i>1 0 0 0 1 0 0 0 1 2.13173 0.613682 -3.69762</i>
                        <i>1 0 0 0 1 0 0 0 1 2.13173 0.613682 -3.69762</i>
                        <i>1 0 0 0 1 0 0 0 1 2.13173 0.613682 -3.69762</i>
                        <i>1 0 0 0 1 0 0 0 1 2.13173 0.613682 -3.69762</i>
                        <i>1 0 0 0 1 0 0 0 1 2.13173 0.613682 -3.69762</i>
                        <i>1 0 0 0 1 0 0 0 1 2.13173 0.613682 -3.69762</i>
                        <i>1 0 0 0 1 0 0 0 1 2.13173 0.613682 -3.69762</i>
                        <i>1 0 0 0 1 0 0 0 1 2.13173 0.613682 -3.69762</i>
                        <i>1 0 0 0 1 0 0 0 1 2.13173 0.613682 -3.69762</i>
                        <i>1 0 0 0 1 0 0 0 1 2.13173 0.613682 -3.69762</i>
                        <i>1 0 0 0 1 0 0 0 1 2.13173 0.613682 -3.69762</i>
                        <i>1 0 0 0 1 0 0 0 1 2.13173 0.613682 -3.69762</i>
                        <i>1 0 0 0 1 0 0 0 1 2.13173 0.613682 -3.69762</i>
                        <i>1 0 0 0 1 0 0 0 1 2.13173 0.613682 -3.69762</i>
                        <i>1 0 0 0 1 0 0 0 1 2.13173 0.613682 -3.69762</i>
                        <i>1 0 0 0 1 0 0 0 1 2.13173 0.613682 -3.69762</i>
                        <i>1 0 0 0 1 0 0 0 1 2.13173 0.613682 -3.69762</i>
                        <i>1 0 0 0 1 0 0 0 1 2.13173 0.613682 -3.69762</i>
                        <i>1 0 0 0 1 0 0 0 1 2.13173 0.613682 -3.69762</i>
                        <i>1 0 0 0 1 0 0 0 1 2.13173 0.613682 -3.69762</i>
                        <i>1 0 0 0 1 0 0 0 1 2.13173 0.613682 -3.69762</i>
                        <i>1 0 0 0 1 0 0 0 1 2.13173 0.613682 -3.69762</i>
                        <i>1 0 0 0 1 0 0 0 1 2.13173 0.613682 -3.69762</i>
                        <i>1 0 0 0 1 0 0 0 1 2.13173 0.613682 -3.69762</i>
                        <i>1 0 0 0 1 0 0 0 1 2.13173 0.613682 -3.69762</i>
                        <i>1 0 0 0 1 0 0 0 1 2.13173 0.613682 -3.69762</i>
                        <i>1 0 0 0 1 0 0 0 1 2.13173 0.613682 -3.69762</i>
                        <i>1 0 0 0 1 0 0 0 1 2.13173 0.613682 -3.69762</i>
                        <i>1 0 0 0 1 0 0 0 1 2.13173 0.613682 -3.69762</i>
                        <i>1 0 0 0 1 0 0 0 1 2.13173 0.613682 -3.69762</i>
                        <i>1 0 0 0 1 0 0 0 1 2.13173 0.613682 -3.69762</i>
                        <i>1 0 0 0 1 0 0 0 1 2.13173 0.613682 -3.69762</i>
                        <i>1 0 0 0 1 0 0 0 1 2.13173 0.613682 -3.69762</i>
                        <i>1 0 0 0 1 0 0 0 1 2.13173 0.613682 -3.69762</i>
                        <i>1 0 0 0 1 0 0 0 1 2.13173 0.613682 -3.69762</i>
                        <i>1 0 0 0 1 0 0 0 1 2.13173 0.613682 -3.69762</i>
                        <i>1 0 0 0 1 0 0 0 1 2.13173 0.613682 -3.69762</i>
                        <i>1 0 0 0 1 0 0 0 1 2.13173 0.613682 -3.69762</i>
                        <i>1 0 0 0 1 0 0 0 1 2.13173 0.613682 -3.69762</i>
                        <i>1 0 0 0 1 0 0 0 1 2.13173 0.613682 -3.69762</i>
                        <i>1 0 0 0 1 0 0 0 1 2.13173 0.613682 -3.69762</i>
                        <i>1 0 0 0 1 0 0 0 1 2.13173 0.613682 -3.69762</i>
                        <i>1 0 0 0 1 0 0 0 1 2.13173 0.613682 -3.69762</i>
                        <i>1 0 0 0 1 0 0 0 1 2.13173 0.613682 -3.69762</i>
                        <i>1 0 0 0 1 0 0 0 1 2.13173 0.613682 -3.69762</i>
                        <i>1 0 0 0 1 0 0 0 1 2.13173 0.613682 -3.69762</i>
                        <i>1 0 0 0 1 0 0 0 1 2.13173 0.613682 -3.69762</i>
                        <i>1 0 0 0 1 0 0 0 1 2.13173 0.613682 -3.69762</i>
                        <i>1 0 0 0 1 0 0 0 1 2.13173 0.613682 -3.69762</i>
                        <i>1 0 0 0 1 0 0 0 1 2.13173 0.613682 -3.69762</i>
                        <i>1 0 0 0 1 0 0 0 1 2.13173 0.613682 -3.69762</i>
                        <i>1 0 0 0 1 0 0 0 1 2.13173 0.613682 -3.69762</i>
                        <i>1 0 0 0 1 0 0 0 1 2.13173 0.613682 -3.69762</i>
                    </KeyFrames>
                </p>
            </i>
            <i>
                <p>
                    <Name><![CDATA[lwheel_1]]></Name>
                    <Exclude>1</Exclude>
                    <Additive>0</Additive>
                    <IKPriority>0</IKPriority>
                    <IKRotLimits>-1e+010 -1e+010 -1e+010 1e+010 1e+010 1e+010</IKRotLimits>
                    <IKRotLimitOrder>0</IKRotLimitOrder>
                    <KeyFrames count="61">
                        <i>1 0 0 0 1 0 0 0 1 2.13173 1.33779 4.47932</i>
                        <i>1 0 0 0 0.978148 0.207912 0 -0.207912 0.978148 2.13173 1.32043 4.47932</i>
                        <i>1 0 0 0 0.913545 0.406737 0 -0.406737 0.913545 2.13173 1.31245 4.47932</i>
                        <i>1 0 0 0 0.809017 0.587785 0 -0.587785 0.809017 2.13173 1.31557 4.47932</i>
                        <i>1 0 0 0 0.669131 0.743145 0 -0.743145 0.669131 2.13173 1.31828 4.47932</i>
                        <i>1 0 0 0 0.5 0.866025 0 -0.866025 0.5 2.13173 1.32748 4.47932</i>
                        <i>1 0 0 0 0.309017 0.951057 0 -0.951057 0.309017 2.13173 1.33225 4.47932</i>
                        <i>1 0 0 0 0.104528 0.994522 0 -0.994522 0.104528 2.13173 1.33075 4.47932</i>
                        <i>1 0 0 0 -0.104529 0.994522 0 -0.994522 -0.104529 2.13173 1.33092 4.47932</i>
                        <i>1 0 0 0 -0.309017 0.951056 0 -0.951056 -0.309017 2.13173 1.33258 4.47932</i>
                        <i>1 0 0 0 -0.5 0.866025 0 -0.866025 -0.5 2.13173 1.3332 4.47932</i>
                        <i>1 0 0 0 -0.669131 0.743145 0 -0.743145 -0.669131 2.13173 1.326 4.47932</i>
                        <i>1 0 0 0 -0.809017 0.587785 0 -0.587785 -0.809017 2.13173 1.32306 4.47932</i>
                        <i>1 0 0 0 -0.913545 0.406737 0 -0.406737 -0.913545 2.13173 1.32217 4.47932</i>
                        <i>1 0 0 0 -0.978148 0.207912 0 -0.207912 -0.978148 2.13173 1.33093 4.47932</i>
                        <i>1 0 0 0 -1 -1.78502e-007 0 1.78502e-007 -1 2.13173 1.34118 4.47932</i>
                        <i>1 0 0 0 -0.978148 -0.207912 0 0.207912 -0.978148 2.13173 1.34888 4.47932</i>
                        <i>1 0 0 0 -0.913545 -0.406737 0 0.406737 -0.913545 2.13173 1.35117 4.47932</i>
                        <i>1 0 0 0 -0.809017 -0.587785 0 0.587785 -0.809017 2.13173 1.34547 4.47932</i>
                        <i>1 0 0 0 -0.669131 -0.743145 0 0.743145 -0.669131 2.13173 1.33215 4.47932</i>
                        <i>1 0 0 0 -0.5 -0.866025 0 0.866025 -0.5 2.13173 1.32855 4.47932</i>
                        <i>1 0 0 0 -0.309017 -0.951057 0 0.951057 -0.309017 2.13173 1.33027 4.47932</i>
                        <i>1 0 0 0 -0.104529 -0.994522 0 0.994522 -0.104529 2.13173 1.32555 4.47932</i>
                        <i>1 0 0 0 0.104529 -0.994522 0 0.994522 0.104529 2.13173 1.32111 4.47932</i>
                        <i>1 0 0 0 0.309017 -0.951057 0 0.951057 0.309017 2.13173 1.31185 4.47932</i>
                        <i>1 0 0 0 0.5 -0.866025 0 0.866025 0.5 2.13173 1.31393 4.47932</i>
                        <i>1 0 0 0 0.669131 -0.743145 0 0.743145 0.669131 2.13173 1.31193 4.47932</i>
                        <i>1 0 0 0 0.809017 -0.587785 0 0.587785 0.809017 2.13173 1.30774 4.47932</i>
                        <i>1 0 0 0 0.913545 -0.406737 0 0.406737 0.913545 2.13173 1.31692 4.47932</i>
                        <i>1 0 0 0 0.978148 -0.207912 0 0.207912 0.978148 2.13173 1.32821 4.47932</i>
                        <i>1 0 0 0 1 -1.0533e-007 0 1.0533e-007 1 2.13173 1.33715 4.47932</i>
                        <i>1 0 0 0 0.978148 0.207912 0 -0.207912 0.978148 2.13173 1.33959 4.47932</i>
                        <i>1 0 0 0 0.913545 0.406737 0 -0.406737 0.913545 2.13173 1.34055 4.47932</i>
                        <i>1 0 0 0 0.809017 0.587785 0 -0.587785 0.809017 2.13173 1.337 4.47932</i>
                        <i>1 0 0 0 0.669131 0.743145 0 -0.743145 0.669131 2.13173 1.33256 4.47932</i>
                        <i>1 0 0 0 0.5 0.866026 0 -0.866026 0.5 2.13173 1.31419 4.47932</i>
                        <i>1 0 0 0 0.309017 0.951057 0 -0.951057 0.309017 2.13173 1.30333 4.47932</i>
                        <i>1 0 0 0 0.104528 0.994522 0 -0.994522 0.104528 2.13173 1.30014 4.47932</i>
                        <i>1 0 0 0 -0.104528 0.994522 -0 -0.994522 -0.104528 2.13173 1.30264 4.47932</i>
                        <i>1 0 0 0 -0.309017 0.951056 -0 -0.951056 -0.309017 2.13173 1.31193 4.47932</i>
                        <i>1 0 0 0 -0.5 0.866025 -0 -0.866025 -0.5 2.13173 1.32082 4.47932</i>
                        <i>1 0 0 0 -0.669131 0.743145 -0 -0.743145 -0.669131 2.13173 1.32651 4.47932</i>
                        <i>1 0 0 0 -0.809017 0.587785 -0 -0.587785 -0.809017 2.13173 1.32291 4.47932</i>
                        <i>1 0 0 0 -0.913546 0.406736 -0 -0.406736 -0.913546 2.13173 1.31885 4.47932</i>
                        <i>1 0 0 0 -0.978148 0.207912 -0 -0.207912 -0.978148 2.13173 1.31996 4.47932</i>
                        <i>1 0 0 0 -1 1.46556e-008 -0 -1.46556e-008 -1 2.13173 1.3246 4.47932</i>
                        <i>1 0 0 -0 -0.978148 -0.207912 0 0.207912 -0.978148 2.13173 1.3262 4.47932</i>
                        <i>1 0 0 -0 -0.913545 -0.406737 0 0.406737 -0.913545 2.13173 1.32351 4.47932</i>
                        <i>1 0 0 -0 -0.809017 -0.587785 0 0.587785 -0.809017 2.13173 1.31785 4.47932</i>
                        <i>1 0 0 -0 -0.669131 -0.743145 0 0.743145 -0.669131 2.13173 1.3153 4.47932</i>
                        <i>1 0 0 -0 -0.5 -0.866026 0 0.866026 -0.5 2.13173 1.31813 4.47932</i>
                        <i>1 0 0 -0 -0.309017 -0.951057 0 0.951057 -0.309017 2.13173 1.32681 4.47932</i>
                        <i>1 0 0 -0 -0.104528 -0.994522 0 0.994522 -0.104528 2.13173 1.33664 4.47932</i>
                        <i>1 0 0 0 0.104528 -0.994522 0 0.994522 0.104528 2.13173 1.34035 4.47932</i>
                        <i>1 0 0 0 0.309017 -0.951056 0 0.951056 0.309017 2.13173 1.34529 4.47932</i>
                        <i>1 0 0 0 0.5 -0.866025 0 0.866025 0.5 2.13173 1.34221 4.47932</i>
                        <i>1 0 0 0 0.669131 -0.743145 0 0.743145 0.669131 2.13173 1.34659 4.47932</i>
                        <i>1 0 0 0 0.809017 -0.587785 0 0.587785 0.809017 2.13173 1.35205 4.47932</i>
                        <i>1 0 0 0 0.913546 -0.406736 0 0.406736 0.913546 2.13173 1.35394 4.47932</i>
                        <i>1 0 0 0 0.978148 -0.207911 0 0.207911 0.978148 2.13173 1.36023 4.47932</i>
                        <i>1 0 0 0 1 0 0 0 1 2.13173 1.36117 4.47932</i>
                    </KeyFrames>
                </p>
            </i>
            <i>
                <p>
                    <Name><![CDATA[lwheel_2]]></Name>
                    <Exclude>1</Exclude>
                    <Additive>0</Additive>
                    <IKPriority>0</IKPriority>
                    <IKRotLimits>-1e+010 -1e+010 -1e+010 1e+010 1e+010 1e+010</IKRotLimits>
                    <IKRotLimitOrder>0</IKRotLimitOrder>
                    <KeyFrames count="61">
                        <i>1 0 0 0 1 0 0 0 1 2.13173 0.603538 3.01237</i>
                        <i>1 0 0 0 0.978148 0.207912 0 -0.207912 0.978148 2.13173 0.590367 3.01237</i>
                        <i>1 0 0 0 0.913545 0.406737 0 -0.406737 0.913545 2.13173 0.589889 3.01237</i>
                        <i>1 0 0 0 0.809017 0.587785 0 -0.587785 0.809017 2.13173 0.605658 3.01237</i>
                        <i>1 0 0 0 0.669131 0.743145 0 -0.743145 0.669131 2.13173 0.619237 3.01237</i>
                        <i>1 0 0 0 0.5 0.866025 0 -0.866025 0.5 2.13173 0.617666 3.01237</i>
                        <i>1 0 0 0 0.309017 0.951057 0 -0.951057 0.309017 2.13173 0.619723 3.01237</i>
                        <i>1 0 0 0 0.104528 0.994522 0 -0.994522 0.104528 2.13173 0.625648 3.01237</i>
                        <i>1 0 0 0 -0.104529 0.994522 0 -0.994522 -0.104529 2.13173 0.625152 3.01237</i>
                        <i>1 0 0 0 -0.309017 0.951056 0 -0.951056 -0.309017 2.13173 0.623024 3.01237</i>
                        <i>1 0 0 0 -0.5 0.866025 0 -0.866025 -0.5 2.13173 0.616514 3.01237</i>
                        <i>1 0 0 0 -0.669131 0.743145 0 -0.743145 -0.669131 2.13173 0.60764 3.01237</i>
                        <i>1 0 0 0 -0.809017 0.587785 0 -0.587785 -0.809017 2.13173 0.609456 3.01237</i>
                        <i>1 0 0 0 -0.913545 0.406737 0 -0.406737 -0.913545 2.13173 0.608786 3.01237</i>
                        <i>1 0 0 0 -0.978148 0.207912 0 -0.207912 -0.978148 2.13173 0.616383 3.01237</i>
                        <i>1 0 0 0 -1 -1.78502e-007 0 1.78502e-007 -1 2.13173 0.625918 3.01237</i>
                        <i>1 0 0 0 -0.978148 -0.207912 0 0.207912 -0.978148 2.13173 0.628458 3.01237</i>
                        <i>1 0 0 0 -0.913545 -0.406737 0 0.406737 -0.913545 2.13173 0.61811 3.01237</i>
                        <i>1 0 0 0 -0.809017 -0.587785 0 0.587785 -0.809017 2.13173 0.608264 3.01237</i>
                        <i>1 0 0 0 -0.669131 -0.743145 0 0.743145 -0.669131 2.13173 0.602503 3.01237</i>
                        <i>1 0 0 0 -0.5 -0.866025 0 0.866025 -0.5 2.13173 0.598718 3.01237</i>
                        <i>1 0 0 0 -0.309017 -0.951057 0 0.951057 -0.309017 2.13173 0.596842 3.01237</i>
                        <i>1 0 0 0 -0.104529 -0.994522 0 0.994522 -0.104529 2.13173 0.600655 3.01237</i>
                        <i>1 0 0 0 0.104529 -0.994522 0 0.994522 0.104529 2.13173 0.606916 3.01237</i>
                        <i>1 0 0 0 0.309017 -0.951057 0 0.951057 0.309017 2.13173 0.612162 3.01237</i>
                        <i>1 0 0 0 0.5 -0.866025 0 0.866025 0.5 2.13173 0.612466 3.01237</i>
                        <i>1 0 0 0 0.669131 -0.743145 0 0.743145 0.669131 2.13173 0.615807 3.01237</i>
                        <i>1 0 0 0 0.809017 -0.587785 0 0.587785 0.809017 2.13173 0.613231 3.01237</i>
                        <i>1 0 0 0 0.913545 -0.406737 0 0.406737 0.913545 2.13173 0.611753 3.01237</i>
                        <i>1 0 0 0 0.978148 -0.207912 0 0.207912 0.978148 2.13173 0.613789 3.01237</i>
                        <i>1 0 0 0 1 -1.0533e-007 0 1.0533e-007 1 2.13173 0.616728 3.01237</i>
                        <i>1 0 0 0 0.978148 0.207912 0 -0.207912 0.978148 2.13173 0.614261 3.01237</i>
                        <i>1 0 0 0 0.913545 0.406737 0 -0.406737 0.913545 2.13173 0.60852 3.01237</i>
                        <i>1 0 0 0 0.809017 0.587785 0 -0.587785 0.809017 2.13173 0.607942 3.01237</i>
                        <i>1 0 0 0 0.669131 0.743145 0 -0.743145 0.669131 2.13173 0.617042 3.01237</i>
                        <i>1 0 0 0 0.5 0.866026 0 -0.866026 0.5 2.13173 0.626821 3.01237</i>
                        <i>1 0 0 0 0.309017 0.951057 0 -0.951057 0.309017 2.13173 0.623693 3.01237</i>
                        <i>1 0 0 0 0.104528 0.994522 0 -0.994522 0.104528 2.13173 0.614682 3.01237</i>
                        <i>1 0 0 0 -0.104528 0.994522 -0 -0.994522 -0.104528 2.13173 0.605169 3.01237</i>
                        <i>1 0 0 0 -0.309017 0.951056 -0 -0.951056 -0.309017 2.13173 0.592273 3.01237</i>
                        <i>1 0 0 0 -0.5 0.866025 -0 -0.866025 -0.5 2.13173 0.590296 3.01237</i>
                        <i>1 0 0 0 -0.669131 0.743145 -0 -0.743145 -0.669131 2.13173 0.595119 3.01237</i>
                        <i>1 0 0 0 -0.809017 0.587785 -0 -0.587785 -0.809017 2.13173 0.599118 3.01237</i>
                        <i>1 0 0 0 -0.913546 0.406736 -0 -0.406736 -0.913546 2.13173 0.60876 3.01237</i>
                        <i>1 0 0 0 -0.978148 0.207912 -0 -0.207912 -0.978148 2.13173 0.612487 3.01237</i>
                        <i>1 0 0 0 -1 1.46556e-008 -0 -1.46556e-008 -1 2.13173 0.618099 3.01237</i>
                        <i>1 0 0 -0 -0.978148 -0.207912 0 0.207912 -0.978148 2.13173 0.630944 3.01237</i>
                        <i>1 0 0 -0 -0.913545 -0.406737 0 0.406737 -0.913545 2.13173 0.63965 3.01237</i>
                        <i>1 0 0 -0 -0.809017 -0.587785 0 0.587785 -0.809017 2.13173 0.635977 3.01237</i>
                        <i>1 0 0 -0 -0.669131 -0.743145 0 0.743145 -0.669131 2.13173 0.625531 3.01237</i>
                        <i>1 0 0 -0 -0.5 -0.866026 0 0.866026 -0.5 2.13173 0.613747 3.01237</i>
                        <i>1 0 0 -0 -0.309017 -0.951057 0 0.951057 -0.309017 2.13173 0.609137 3.01237</i>
                        <i>1 0 0 -0 -0.104528 -0.994522 0 0.994522 -0.104528 2.13173 0.61461 3.01237</i>
                        <i>1 0 0 0 0.104528 -0.994522 0 0.994522 0.104528 2.13173 0.621386 3.01237</i>
                        <i>1 0 0 0 0.309017 -0.951056 0 0.951056 0.309017 2.13173 0.623386 3.01237</i>
                        <i>1 0 0 0 0.5 -0.866025 0 0.866025 0.5 2.13173 0.628119 3.01237</i>
                        <i>1 0 0 0 0.669131 -0.743145 0 0.743145 0.669131 2.13173 0.63217 3.01237</i>
                        <i>1 0 0 0 0.809017 -0.587785 0 0.587785 0.809017 2.13173 0.634053 3.01237</i>
                        <i>1 0 0 0 0.913546 -0.406736 0 0.406736 0.913546 2.13173 0.62389 3.01237</i>
                        <i>1 0 0 0 0.978148 -0.207911 0 0.207911 0.978148 2.13173 0.617909 3.01237</i>
                        <i>1 0 0 0 1 0 0 0 1 2.13173 0.620745 3.01237</i>
                    </KeyFrames>
                </p>
            </i>
            <i>
                <p>
                    <Name><![CDATA[lwheel_3]]></Name>
                    <Exclude>1</Exclude>
                    <Additive>0</Additive>
                    <IKPriority>0</IKPriority>
                    <IKRotLimits>-1e+010 -1e+010 -1e+010 1e+010 1e+010 1e+010</IKRotLimits>
                    <IKRotLimitOrder>0</IKRotLimitOrder>
                    <KeyFrames count="61">
                        <i>1 0 0 0 1 0 0 0 1 2.13174 0.574298 1.67037</i>
                        <i>1 0 0 0 0.978148 0.207912 0 -0.207912 0.978148 2.13174 0.56847 1.67037</i>
                        <i>1 0 0 0 0.913545 0.406737 0 -0.406737 0.913545 2.13174 0.573302 1.67037</i>
                        <i>1 0 0 0 0.809017 0.587785 0 -0.587785 0.809017 2.13174 0.591513 1.67037</i>
                        <i>1 0 0 0 0.669131 0.743145 0 -0.743145 0.669131 2.13174 0.607599 1.67037</i>
                        <i>1 0 0 0 0.5 0.866025 0 -0.866025 0.5 2.13174 0.611263 1.67037</i>
                        <i>1 0 0 0 0.309017 0.951057 0 -0.951057 0.309017 2.13174 0.607558 1.67037</i>
                        <i>1 0 0 0 0.104528 0.994522 0 -0.994522 0.104528 2.13174 0.602264 1.67037</i>
                        <i>1 0 0 0 -0.104529 0.994522 0 -0.994522 -0.104529 2.13174 0.598861 1.67037</i>
                        <i>1 0 0 0 -0.309017 0.951056 0 -0.951056 -0.309017 2.13174 0.599002 1.67037</i>
                        <i>1 0 0 0 -0.5 0.866025 0 -0.866025 -0.5 2.13174 0.598458 1.67037</i>
                        <i>1 0 0 0 -0.669131 0.743145 0 -0.743145 -0.669131 2.13174 0.589653 1.67037</i>
                        <i>1 0 0 0 -0.809017 0.587785 0 -0.587785 -0.809017 2.13174 0.584188 1.67037</i>
                        <i>1 0 0 0 -0.913545 0.406737 0 -0.406737 -0.913545 2.13174 0.587589 1.67037</i>
                        <i>1 0 0 0 -0.978148 0.207912 0 -0.207912 -0.978148 2.13174 0.589885 1.67037</i>
                        <i>1 0 0 0 -1 -1.78502e-007 0 1.78502e-007 -1 2.13174 0.59686 1.67037</i>
                        <i>1 0 0 0 -0.978148 -0.207912 0 0.207912 -0.978148 2.13174 0.60074 1.67037</i>
                        <i>1 0 0 0 -0.913545 -0.406737 0 0.406737 -0.913545 2.13174 0.601161 1.67037</i>
                        <i>1 0 0 0 -0.809017 -0.587785 0 0.587785 -0.809017 2.13174 0.609782 1.67037</i>
                        <i>1 0 0 0 -0.669131 -0.743145 0 0.743145 -0.669131 2.13174 0.618468 1.67037</i>
                        <i>1 0 0 0 -0.5 -0.866025 0 0.866025 -0.5 2.13174 0.618556 1.67037</i>
                        <i>1 0 0 0 -0.309017 -0.951057 0 0.951057 -0.309017 2.13174 0.60908 1.67037</i>
                        <i>1 0 0 0 -0.104529 -0.994522 0 0.994522 -0.104529 2.13174 0.607405 1.67037</i>
                        <i>1 0 0 0 0.104529 -0.994522 0 0.994522 0.104529 2.13174 0.609407 1.67037</i>
                        <i>1 0 0 0 0.309017 -0.951057 0 0.951057 0.309017 2.13174 0.608092 1.67037</i>
                        <i>1 0 0 0 0.5 -0.866025 0 0.866025 0.5 2.13174 0.602482 1.67037</i>
                        <i>1 0 0 0 0.669131 -0.743145 0 0.743145 0.669131 2.13174 0.606029 1.67037</i>
                        <i>1 0 0 0 0.809017 -0.587785 0 0.587785 0.809017 2.13174 0.615365 1.67037</i>
                        <i>1 0 0 0 0.913545 -0.406737 0 0.406737 0.913545 2.13174 0.616098 1.67037</i>
                        <i>1 0 0 0 0.978148 -0.207912 0 0.207912 0.978148 2.13174 0.612203 1.67037</i>
                        <i>1 0 0 0 1 -1.0533e-007 0 1.0533e-007 1 2.13174 0.619755 1.67037</i>
                        <i>1 0 0 0 0.978148 0.207912 0 -0.207912 0.978148 2.13174 0.628896 1.67037</i>
                        <i>1 0 0 0 0.913545 0.406737 0 -0.406737 0.913545 2.13174 0.628024 1.67037</i>
                        <i>1 0 0 0 0.809017 0.587785 0 -0.587785 0.809017 2.13174 0.621168 1.67037</i>
                        <i>1 0 0 0 0.669131 0.743145 0 -0.743145 0.669131 2.13174 0.62282 1.67037</i>
                        <i>1 0 0 0 0.5 0.866026 0 -0.866026 0.5 2.13174 0.629352 1.67037</i>
                        <i>1 0 0 0 0.309017 0.951057 0 -0.951057 0.309017 2.13174 0.624272 1.67037</i>
                        <i>1 0 0 0 0.104528 0.994522 0 -0.994522 0.104528 2.13174 0.618357 1.67037</i>
                        <i>1 0 0 0 -0.104528 0.994522 -0 -0.994522 -0.104528 2.13174 0.625494 1.67037</i>
                        <i>1 0 0 0 -0.309017 0.951056 -0 -0.951056 -0.309017 2.13174 0.636753 1.67037</i>
                        <i>1 0 0 0 -0.5 0.866025 -0 -0.866025 -0.5 2.13174 0.636665 1.67037</i>
                        <i>1 0 0 0 -0.669131 0.743145 -0 -0.743145 -0.669131 2.13174 0.633159 1.67037</i>
                        <i>1 0 0 0 -0.809017 0.587785 -0 -0.587785 -0.809017 2.13174 0.628927 1.67037</i>
                        <i>1 0 0 0 -0.913546 0.406736 -0 -0.406736 -0.913546 2.13174 0.621653 1.67037</i>
                        <i>1 0 0 0 -0.978148 0.207912 -0 -0.207912 -0.978148 2.13174 0.614239 1.67037</i>
                        <i>1 0 0 0 -1 1.46556e-008 -0 -1.46556e-008 -1 2.13174 0.605572 1.67037</i>
                        <i>1 0 0 -0 -0.978148 -0.207912 0 0.207912 -0.978148 2.13174 0.602499 1.67037</i>
                        <i>1 0 0 -0 -0.913545 -0.406737 0 0.406737 -0.913545 2.13174 0.601118 1.67037</i>
                        <i>1 0 0 -0 -0.809017 -0.587785 0 0.587785 -0.809017 2.13174 0.596424 1.67037</i>
                        <i>1 0 0 -0 -0.669131 -0.743145 0 0.743145 -0.669131 2.13174 0.5979 1.67037</i>
                        <i>1 0 0 -0 -0.5 -0.866026 0 0.866026 -0.5 2.13174 0.601578 1.67037</i>
                        <i>1 0 0 -0 -0.309017 -0.951057 0 0.951057 -0.309017 2.13174 0.60269 1.67037</i>
                        <i>1 0 0 -0 -0.104528 -0.994522 0 0.994522 -0.104528 2.13174 0.598636 1.67037</i>
                        <i>1 0 0 0 0.104528 -0.994522 0 0.994522 0.104528 2.13174 0.596586 1.67037</i>
                        <i>1 0 0 0 0.309017 -0.951056 0 0.951056 0.309017 2.13174 0.594498 1.67037</i>
                        <i>1 0 0 0 0.5 -0.866025 0 0.866025 0.5 2.13174 0.593258 1.67037</i>
                        <i>1 0 0 0 0.669131 -0.743145 0 0.743145 0.669131 2.13174 0.591022 1.67037</i>
                        <i>1 0 0 0 0.809017 -0.587785 0 0.587785 0.809017 2.13174 0.596109 1.67037</i>
                        <i>1 0 0 0 0.913546 -0.406736 0 0.406736 0.913546 2.13174 0.608929 1.67037</i>
                        <i>1 0 0 0 0.978148 -0.207911 0 0.207911 0.978148 2.13174 0.615147 1.67037</i>
                        <i>1 0 0 0 1 0 0 0 1 2.13174 0.610941 1.67037</i>
                    </KeyFrames>
                </p>
            </i>
            <i>
                <p>
                    <Name><![CDATA[lwheel_4]]></Name>
                    <Exclude>1</Exclude>
                    <Additive>0</Additive>
                    <IKPriority>0</IKPriority>
                    <IKRotLimits>-1e+010 -1e+010 -1e+010 1e+010 1e+010 1e+010</IKRotLimits>
                    <IKRotLimitOrder>0</IKRotLimitOrder>
                    <KeyFrames count="61">
                        <i>1 0 0 0 0.221516 -0.975157 0 0.975157 0.221516 2.13173 0.621261 0.328372</i>
                        <i>1 0 0 0 0.419422 -0.907791 0 0.907791 0.419422 2.13173 0.620202 0.328372</i>
                        <i>1 0 0 0 0.598997 -0.800751 0 0.800751 0.598997 2.13173 0.613827 0.328372</i>
                        <i>1 0 0 0 0.752393 -0.658714 0 0.658714 0.752393 2.13173 0.606916 0.328372</i>
                        <i>1 0 0 0 0.872906 -0.487888 0 0.487888 0.872906 2.13173 0.605189 0.328372</i>
                        <i>1 0 0 0 0.955269 -0.295739 0 0.295739 0.955269 2.13173 0.606325 0.328372</i>
                        <i>1 0 0 0 0.995881 -0.0906652 0 0.0906652 0.995881 2.13173 0.612155 0.328372</i>
                        <i>1 0 0 0 0.992969 0.118372 0 -0.118372 0.992969 2.13173 0.610994 0.328372</i>
                        <i>1 0 0 0 0.94666 0.322235 0 -0.322235 0.94666 2.13173 0.611687 0.328372</i>
                        <i>1 0 0 0 0.858977 0.512015 0 -0.512015 0.858977 2.13173 0.621564 0.328372</i>
                        <i>1 0 0 0 0.733752 0.679417 0 -0.679417 0.733752 2.13173 0.626098 0.328372</i>
                        <i>1 0 0 0 0.576459 0.817126 0 -0.817126 0.576459 2.13173 0.627708 0.328372</i>
                        <i>1 0 0 0 0.393972 0.919123 0 -0.919123 0.393972 2.13173 0.628225 0.328372</i>
                        <i>1 0 0 0 0.194266 0.980949 0 -0.980949 0.194266 2.13173 0.624362 0.328372</i>
                        <i>1 0 0 0 -0.0139297 0.999903 0 -0.999903 -0.0139297 2.13173 0.622636 0.328372</i>
                        <i>1 0 0 0 -0.221517 0.975156 0 -0.975156 -0.221517 2.13173 0.618496 0.328372</i>
                        <i>1 0 0 0 -0.419423 0.907791 0 -0.907791 -0.419423 2.13173 0.614793 0.328372</i>
                        <i>1 0 0 0 -0.598998 0.800751 0 -0.800751 -0.598998 2.13173 0.608144 0.328372</i>
                        <i>1 0 0 0 -0.752394 0.658714 0 -0.658714 -0.752394 2.13173 0.5977 0.328372</i>
                        <i>1 0 0 0 -0.872906 0.487888 0 -0.487888 -0.872906 2.13173 0.591528 0.328372</i>
                        <i>1 0 0 0 -0.955269 0.295739 0 -0.295739 -0.955269 2.13173 0.587043 0.328372</i>
                        <i>1 0 0 0 -0.995881 0.0906647 0 -0.0906647 -0.995881 2.13173 0.586324 0.328372</i>
                        <i>1 0 0 0 -0.992969 -0.118372 0 0.118372 -0.992969 2.13173 0.594674 0.328372</i>
                        <i>1 0 0 0 -0.94666 -0.322235 0 0.322235 -0.94666 2.13173 0.607434 0.328372</i>
                        <i>1 0 0 0 -0.858976 -0.512015 0 0.512015 -0.858976 2.13173 0.619413 0.328372</i>
                        <i>1 0 0 0 -0.733752 -0.679418 0 0.679418 -0.733752 2.13173 0.628205 0.328372</i>
                        <i>1 0 0 0 -0.576459 -0.817126 0 0.817126 -0.576459 2.13173 0.626372 0.328372</i>
                        <i>1 0 0 0 -0.393972 -0.919123 0 0.919123 -0.393972 2.13173 0.61559 0.328372</i>
                        <i>1 0 0 0 -0.194266 -0.980949 0 0.980949 -0.194266 2.13173 0.61583 0.328372</i>
                        <i>1 0 0 0 0.0139299 -0.999903 0 0.999903 0.0139299 2.13173 0.622971 0.328372</i>
                        <i>1 0 0 0 0.221517 -0.975157 0 0.975157 0.221517 2.13173 0.617985 0.328372</i>
                        <i>1 0 0 0 0.419423 -0.907791 0 0.907791 0.419423 2.13173 0.612253 0.328372</i>
                        <i>1 0 0 0 0.598998 -0.800751 0 0.800751 0.598998 2.13173 0.61397 0.328372</i>
                        <i>1 0 0 0 0.752394 -0.658714 0 0.658714 0.752394 2.13173 0.619698 0.328372</i>
                        <i>1 0 0 0 0.872906 -0.487888 0 0.487888 0.872906 2.13173 0.632028 0.328372</i>
                        <i>1 0 0 0 0.955269 -0.295739 0 0.295739 0.955269 2.13173 0.64424 0.328372</i>
                        <i>1 0 0 0 0.995881 -0.0906645 0 0.0906645 0.995881 2.13173 0.632678 0.328372</i>
                        <i>1 0 0 0 0.992969 0.118372 0 -0.118372 0.992969 2.13173 0.614543 0.328372</i>
                        <i>1 0 0 0 0.94666 0.322235 0 -0.322235 0.94666 2.13173 0.612594 0.328372</i>
                        <i>1 0 0 0 0.858976 0.512015 0 -0.512015 0.858976 2.13173 0.610242 0.328372</i>
                        <i>1 0 0 0 0.733752 0.679418 0 -0.679418 0.733752 2.13173 0.602652 0.328372</i>
                        <i>1 0 0 0 0.576459 0.817126 0 -0.817126 0.576459 2.13173 0.592157 0.328372</i>
                        <i>1 0 0 0 0.393972 0.919123 0 -0.919123 0.393972 2.13173 0.588329 0.328372</i>
                        <i>1 0 0 0 0.194266 0.980949 0 -0.980949 0.194266 2.13173 0.592435 0.328372</i>
                        <i>1 0 0 0 -0.0139301 0.999903 -0 -0.999903 -0.0139301 2.13173 0.597437 0.328372</i>
                        <i>1 0 0 0 -0.221517 0.975156 -0 -0.975156 -0.221517 2.13173 0.600777 0.328372</i>
                        <i>1 0 0 0 -0.419423 0.907791 -0 -0.907791 -0.419423 2.13173 0.596149 0.328372</i>
                        <i>1 0 0 0 -0.598998 0.80075 -0 -0.80075 -0.598998 2.13173 0.59711 0.328372</i>
                        <i>1 0 0 0 -0.752394 0.658714 -0 -0.658714 -0.752394 2.13173 0.610515 0.328372</i>
                        <i>1 0 0 0 -0.872906 0.487888 -0 -0.487888 -0.872906 2.13173 0.618962 0.328372</i>
                        <i>1 0 0 0 -0.955269 0.295738 -0 -0.295738 -0.955269 2.13173 0.622192 0.328372</i>
                        <i>1 0 0 0 -0.995881 0.0906644 -0 -0.0906644 -0.995881 2.13173 0.624859 0.328372</i>
                        <i>1 0 0 -0 -0.992969 -0.118372 0 0.118372 -0.992969 2.13173 0.628942 0.328372</i>
                        <i>1 0 0 -0 -0.94666 -0.322235 0 0.322235 -0.94666 2.13173 0.632939 0.328372</i>
                        <i>1 0 0 -0 -0.858976 -0.512016 0 0.512016 -0.858976 2.13173 0.631746 0.328372</i>
                        <i>1 0 0 -0 -0.733752 -0.679418 0 0.679418 -0.733752 2.13173 0.624118 0.328372</i>
                        <i>1 0 0 -0 -0.576459 -0.817126 0 0.817126 -0.576459 2.13173 0.611128 0.328372</i>
                        <i>1 0 0 -0 -0.393972 -0.919123 0 0.919123 -0.393972 2.13173 0.605508 0.328372</i>
                        <i>1 0 0 -0 -0.194265 -0.980949 0 0.980949 -0.194265 2.13173 0.606649 0.328372</i>
                        <i>1 0 0 0 0.0139302 -0.999903 0 0.999903 0.0139302 2.13173 0.606654 0.328372</i>
                        <i>1 0 0 0 0.221517 -0.975156 0 0.975156 0.221517 2.13173 0.605589 0.328372</i>
                    </KeyFrames>
                </p>
            </i>
            <i>
                <p>
                    <Name><![CDATA[lwheel_5]]></Name>
                    <Exclude>1</Exclude>
                    <Additive>0</Additive>
                    <IKPriority>0</IKPriority>
                    <IKRotLimits>-1e+010 -1e+010 -1e+010 1e+010 1e+010 1e+010</IKRotLimits>
                    <IKRotLimitOrder>0</IKRotLimitOrder>
                    <KeyFrames count="61">
                        <i>1 0 0 0 1 0 0 0 1 2.13173 0.624481 -1.01362</i>
                        <i>1 0 0 0 0.978148 0.207912 0 -0.207912 0.978148 2.13173 0.622358 -1.01362</i>
