<?xml version="1.0" encoding="ISO-8859-1" ?>
<Animl Version="1">
    <ModellingPackage><![CDATA[Maya.2010]]></ModellingPackage>
    <SrcFile><![CDATA[anims\turrets\antitank\red\~src\at_b10_recoilless\b10recoilless_fire.mb]]></SrcFile>
    <FramesPerSecond>30</FramesPerSecond>
    <TotalFrames>30</TotalFrames>
    <Skeleton>
        <RefFrame>
            <Name><![CDATA[b10recoilless_ref_frame]]></Name>
            <Exclude>1</Exclude>
            <Additive>0</Additive>
            <IKPriority>0</IKPriority>
            <IKRotLimits>-1e+010 -1e+010 -1e+010 1e+010 1e+010 1e+010</IKRotLimits>
            <IKRotLimitOrder>0</IKRotLimitOrder>
            <KeyFrames count="30">
                <i>1 0 0 0 1 0 0 0 1 0 0.84 1.15</i>
                <i>1 0 0 0 1 0 0 0 1 0 0.84 1.15</i>
                <i>1 0 0 0 1 0 0 0 1 0 0.84 1.15</i>
                <i>1 0 0 0 1 0 0 0 1 0 0.84 1.15</i>
                <i>1 0 0 0 1 0 0 0 1 0 0.84 1.15</i>
                <i>1 0 0 0 1 0 0 0 1 0 0.84 1.15</i>
                <i>1 0 0 0 1 0 0 0 1 0 0.84 1.15</i>
                <i>1 0 0 0 1 0 0 0 1 0 0.84 1.15</i>
                <i>1 0 0 0 1 0 0 0 1 0 0.84 1.15</i>
                <i>1 0 0 0 1 0 0 0 1 0 0.84 1.15</i>
                <i>1 0 0 0 1 0 0 0 1 0 0.84 1.15</i>
                <i>1 0 0 0 1 0 0 0 1 0 0.84 1.15</i>
                <i>1 0 0 0 1 0 0 0 1 0 0.84 1.15</i>
                <i>1 0 0 0 1 0 0 0 1 0 0.84 1.15</i>
                <i>1 0 0 0 1 0 0 0 1 0 0.84 1.15</i>
                <i>1 0 0 0 1 0 0 0 1 0 0.84 1.15</i>
                <i>1 0 0 0 1 0 0 0 1 0 0.84 1.15</i>
                <i>1 0 0 0 1 0 0 0 1 0 0.84 1.15</i>
                <i>1 0 0 0 1 0 0 0 1 0 0.84 1.15</i>
                <i>1 0 0 0 1 0 0 0 1 0 0.84 1.15</i>
                <i>1 0 0 0 1 0 0 0 1 0 0.84 1.15</i>
                <i>1 0 0 0 1 0 0 0 1 0 0.84 1.15</i>
                <i>1 0 0 0 1 0 0 0 1 0 0.84 1.15</i>
                <i>1 0 0 0 1 0 0 0 1 0 0.84 1.15</i>
                <i>1 0 0 0 1 0 0 0 1 0 0.84 1.15</i>
                <i>1 0 0 0 1 0 0 0 1 0 0.84 1.15</i>
                <i>1 0 0 0 1 0 0 0 1 0 0.84 1.15</i>
                <i>1 0 0 0 1 0 0 0 1 0 0.84 1.15</i>
                <i>1 0 0 0 1 0 0 0 1 0 0.84 1.15</i>
                <i>1 0 0 0 1 0 0 0 1 0 0.84 1.15</i>
            </KeyFrames>
        </RefFrame>
        <Bones count="9">
            <i>
                <p>
                    <Name><![CDATA[b10recoilless_root]]></Name>
                    <Exclude>0</Exclude>
                    <Additive>0</Additive>
                    <IKPriority>0</IKPriority>
                    <IKRotLimits>-1e+010 -1e+010 -1e+010 1e+010 1e+010 1e+010</IKRotLimits>
                    <IKRotLimitOrder>0</IKRotLimitOrder>
                    <KeyFrames count="30">
                        <i>1 0 0 0 1 0 0 0 1 0 0.844463 1.15428</i>
                        <i>1 0 0 0 1 0 0 0 1 0 0.836206 1.15428</i>
                        <i>1 0 0 0 1 0 0 0 1 0 0.815771 1.15428</i>
                        <i>1 0 0 0 1 0 0 0 1 0 0.852865 1.15428</i>
                        <i>1 0 0 0 1 0 0 0 1 0 0.876502 1.15428</i>
                        <i>1 0 0 0 1 0 0 0 1 0 0.885682 1.15428</i>
                        <i>1 0 0 0 1 0 0 0 1 0 0.878316 1.15428</i>
                        <i>1 0 0 0 1 0 0 0 1 0 0.856493 1.15428</i>
                        <i>1 0 0 0 1 0 0 0 1 0 0.825476 1.15428</i>
                        <i>1 0 0 0 1 0 0 0 1 0 0.837696 1.15428</i>
                        <i>1 0 0 0 1 0 0 0 1 0 0.843189 1.15428</i>
                        <i>1 0 0 0 1 0 0 0 1 0 0.844463 1.15428</i>
                        <i>1 0 0 0 1 0 0 0 1 0 0.844463 1.15428</i>
                        <i>1 0 0 0 1 0 0 0 1 0 0.844463 1.15428</i>
                        <i>1 0 0 0 1 0 0 0 1 0 0.844463 1.15428</i>
                        <i>1 0 0 0 1 0 0 0 1 0 0.844463 1.15428</i>
                        <i>1 0 0 0 1 0 0 0 1 0 0.844463 1.15428</i>
                        <i>1 0 0 0 1 0 0 0 1 0 0.844463 1.15428</i>
                        <i>1 0 0 0 1 0 0 0 1 0 0.844463 1.15428</i>
                        <i>1 0 0 0 1 0 0 0 1 0 0.844463 1.15428</i>
                        <i>1 0 0 0 1 0 0 0 1 0 0.844463 1.15428</i>
                        <i>1 0 0 0 1 0 0 0 1 0 0.844463 1.15428</i>
                        <i>1 0 0 0 1 0 0 0 1 0 0.844463 1.15428</i>
                        <i>1 0 0 0 1 0 0 0 1 0 0.844463 1.15428</i>
                        <i>1 0 0 0 1 0 0 0 1 0 0.844463 1.15428</i>
                        <i>1 0 0 0 1 0 0 0 1 0 0.844463 1.15428</i>
                        <i>1 0 0 0 1 0 0 0 1 0 0.844463 1.15428</i>
                        <i>1 0 0 0 1 0 0 0 1 0 0.844463 1.15428</i>
                        <i>1 0 0 0 1 0 0 0 1 0 0.844463 1.15428</i>
                        <i>1 0 0 0 1 0 0 0 1 0 0.844463 1.15428</i>
                    </KeyFrames>
                </p>
            </i>
            <i>
                <p>
                    <Name><![CDATA[pitch]]></Name>
                    <Exclude>0</Exclude>
                    <Additive>1</Additive>
                    <IKPriority>0</IKPriority>
                    <IKRotLimits>-1e+010 -1e+010 -1e+010 1e+010 1e+010 1e+010</IKRotLimits>
                    <IKRotLimitOrder>0</IKRotLimitOrder>
                    <KeyFrames count="30">
                        <i>1 0 0 0 1 0 0 0 1 0 2.52927 0.939474</i>
                        <i>1 0 0 0 0.999962 0.00872654 0 -0.00872654 0.999962 0 2.52108 0.826032</i>
                        <i>1 0 0 0 0.999848 0.0174524 0 -0.0174524 0.999848 0 2.50072 0.770009</i>
                        <i>1 0 0 0 0.999998 0.00192369 0 -0.00192369 0.999998 0 2.54177 0.860077</i>
                        <i>1 0 0 0 0.999646 -0.0265969 0 0.0265969 0.999646 0 2.57231 1.00118</i>
                        <i>1 0 0 0 0.999159 -0.0410088 0 0.0410088 0.999159 0 2.58394 1.09001</i>
                        <i>1 0 0 0 0.999734 -0.0230809 0 0.0230809 0.999734 0 2.56905 1.06353</i>
                        <i>1 0 0 0 0.99996 0.00895769 0 -0.00895769 0.99996 0 2.53523 0.984778</i>
                        <i>1 0 0 0 0.999624 0.0274339 0 -0.0274339 0.999624 0 2.4969 0.939474</i>
                        <i>1 0 0 0 0.999783 0.0208423 0 -0.0208423 0.999783 0 2.51013 0.939474</i>
                        <i>1 0 0 0 0.999995 0.00311761 0 -0.00311761 0.999995 0 2.52034 0.939474</i>
                        <i>1 0 0 0 0.999884 -0.0152273 0 0.0152273 0.999884 0 2.52682 0.939474</i>
                        <i>1 0 0 0 0.99972 -0.0236771 0 0.0236771 0.99972 0 2.52927 0.939474</i>
                        <i>1 0 0 0 0.999775 -0.0212151 0 0.0212151 0.999775 0 2.52927 0.939474</i>
                        <i>1 0 0 0 0.999882 -0.0153436 0 0.0153436 0.999882 0 2.52927 0.939474</i>
                        <i>1 0 0 0 0.999965 -0.00833504 0 0.00833504 0.999965 0 2.52927 0.939474</i>
                        <i>1 0 0 0 0.999997 -0.00246265 0 0.00246265 0.999997 0 2.52927 0.939474</i>
                        <i>1 0 0 0 1 0 0 0 1 0 2.52927 0.939474</i>
                        <i>1 0 0 0 1 0 0 0 1 0 2.52927 0.939474</i>
                        <i>1 0 0 0 1 0 0 0 1 0 2.52927 0.939474</i>
                        <i>1 0 0 0 1 0 0 0 1 0 2.52927 0.939474</i>
                        <i>1 0 0 0 1 0 0 0 1 0 2.52927 0.939474</i>
                        <i>1 0 0 0 1 0 0 0 1 0 2.52927 0.939474</i>
                        <i>1 0 0 0 1 0 0 0 1 0 2.52927 0.939474</i>
                        <i>1 0 0 0 1 0 0 0 1 0 2.52927 0.939474</i>
                        <i>1 0 0 0 1 0 0 0 1 0 2.52927 0.939474</i>
                        <i>1 0 0 0 1 0 0 0 1 0 2.52927 0.939474</i>
                        <i>1 0 0 0 1 0 0 0 1 0 2.52927 0.939474</i>
                        <i>1 0 0 0 1 0 0 0 1 0 2.52927 0.939474</i>
                        <i>1 0 0 0 1 0 0 0 1 0 2.52927 0.939474</i>
                    </KeyFrames>
                </p>
            </i>
            <i>
                <p>
                    <Name><![CDATA[hinge]]></Name>
                    <Exclude>0</Exclude>
                    <Additive>1</Additive>
                    <IKPriority>0</IKPriority>
                    <IKRotLimits>-1e+010 -1e+010 -1e+010 1e+010 1e+010 1e+010</IKRotLimits>
                    <IKRotLimitOrder>0</IKRotLimitOrder>
                    <KeyFrames count="30">
                        <i>1 0 0 0 1 0 0 0 1 0.238296 2.87719 -1.51006</i>
                        <i>0.999968 6.97084e-005 -0.00798779 0 0.999962 0.00872654 0.00798809 -0.00872626 0.99993 0.238296 2.89036 -1.62037</i>
                        <i>0.967674 -0.0044016 0.252167 0 0.999848 0.0174524 -0.252206 -0.0168882 0.967526 0.238296 2.89134 -1.67308</i>
                        <i>0.292651 -0.00183947 0.956217 0 0.999998 0.00192369 -0.956219 -0.000562969 0.292651 0.238296 2.8944 -1.58879</i>
                        <i>-0.820721 0.0151956 0.571127 0 0.999646 -0.0265969 -0.571329 -0.0218286 -0.820431 0.238296 2.85496 -1.45674</i>
                        <i>-0.979029 -0.00835439 -0.203551 0 0.999159 -0.0410088 0.203722 -0.0401488 -0.978205 0.238296 2.83112 -1.37173</i>
                        <i>-0.93778 -0.00801439 -0.347137 0 0.999734 -0.0230809 0.34723 -0.0216448 -0.93753 0.238296 2.86033 -1.39338</i>
                        <i>-0.980924 0.0017413 -0.194384 0 0.99996 0.00895769 0.194392 0.00878682 -0.980885 0.238296 2.90508 -1.46154</i>
                        <i>-0.995029 -0.00273197 0.0995464 0 0.999624 0.0274339 -0.0995839 0.0272975 -0.994655 0.238296 2.91189 -1.49959</i>
                        <i>-0.936066 -0.00733284 0.351748 0 0.999783 0.0208423 -0.351825 0.0195098 -0.935863 0.238296 2.90903 -1.50228</i>
                        <i>-0.857344 -0.00160477 0.514742 0 0.999995 0.00311761 -0.514744 0.00267286 -0.85734 0.238296 2.8759 -1.50896</i>
                        <i>-0.742438 0.010201 0.669837 0 0.999884 -0.0152273 -0.669915 -0.0113053 -0.742352 0.238296 2.8374 -1.51507</i>
                        <i>-0.56673 0.0195077 0.823672 0 0.99972 -0.0236771 -0.823903 -0.0134186 -0.566571 0.238296 2.81909 -1.51761</i>
                        <i>-0.294554 0.0202739 0.95542 0 0.999775 -0.0212151 -0.955635 -0.006249 -0.294488 0.238296 2.82514 -1.51689</i>
                        <i>0.136767 0.0151994 0.990487 0 0.999882 -0.0153436 -0.990603 0.00209851 0.136751 0.238296 2.83956 -1.51511</i>
                        <i>0.622733 0.00652162 0.782407 0 0.999965 -0.00833504 -0.782434 0.00519051 0.622712 0.238296 2.85676 -1.51288</i>
                        <i>0.928034 0.000917325 0.372493 0 0.999997 -0.00246265 -0.372495 0.00228543 0.928032 0.238296 2.87115 -1.51091</i>
                        <i>1 0 0 0 1 0 0 0 1 0.238296 2.87719 -1.51006</i>
                        <i>0.999168 0 0.0407919 0 1 0 -0.0407919 0 0.999168 0.238296 2.87719 -1.51006</i>
                        <i>0.976081 0 0.217409 0 1 0 -0.217409 0 0.976081 0.238296 2.87719 -1.51006</i>
                        <i>0.994002 0 0.10936 0 1 0 -0.10936 0 0.994002 0.238296 2.87719 -1.51006</i>
                        <i>1 0 0 0 1 0 0 0 1 0.238296 2.87719 -1.51006</i>
                        <i>1 0 0 0 1 0 0 0 1 0.238296 2.87719 -1.51006</i>
                        <i>1 0 0 0 1 0 0 0 1 0.238296 2.87719 -1.51006</i>
                        <i>1 0 0 0 1 0 0 0 1 0.238296 2.87719 -1.51006</i>
                        <i>1 0 0 0 1 0 0 0 1 0.238296 2.87719 -1.51006</i>
                        <i>1 0 0 0 1 0 0 0 1 0.238296 2.87719 -1.51006</i>
                        <i>1 0 0 0 1 0 0 0 1 0.238296 2.87719 -1.51006</i>
                        <i>1 0 0 0 1 0 0 0 1 0.238296 2.87719 -1.51006</i>
                        <i>1 0 0 0 1 0 0 0 1 0.238296 2.87719 -1.51006</i>
                    </KeyFrames>
                </p>
            </i>
            <i>
                <p>
                    <Name><![CDATA[shell]]></Name>
                    <Exclude>0</Exclude>
                    <Additive>0</Additive>
                    <IKPriority>0</IKPriority>
                    <IKRotLimits>-1e+010 -1e+010 -1e+010 1e+010 1e+010 1e+010</IKRotLimits>
                    <IKRotLimitOrder>0</IKRotLimitOrder>
                    <KeyFrames count="30">
                        <i>0.341447 0 0.939901 0 1 0 -0.939901 0 0.341447 -0.487151 1.0185 -1.87644</i>
                        <i>0.341447 0 0.939901 0 1 0 -0.939901 0 0.341447 -0.487151 1.0185 -1.87644</i>
                        <i>0.341447 0 0.939901 0 1 0 -0.939901 0 0.341447 -0.487151 1.0185 -1.87644</i>
                        <i>0.341447 0 0.939901 0 1 0 -0.939901 0 0.341447 -0.487151 1.0185 -1.87644</i>
                        <i>0.341447 0 0.939901 0 1 0 -0.939901 0 0.341447 -0.487151 1.0185 -1.87644</i>
                        <i>0.341447 0 0.939901 0 1 0 -0.939901 0 0.341447 -0.487151 1.0185 -1.87644</i>
                        <i>0.341447 0 0.939901 0 1 0 -0.939901 0 0.341447 -0.487151 1.0185 -1.87644</i>
                        <i>0.341447 0 0.939901 0 1 0 -0.939901 0 0.341447 -0.487151 1.0185 -1.87644</i>
                        <i>0.341447 0 0.939901 0 1 0 -0.939901 0 0.341447 -0.487151 1.0185 -1.87644</i>
                        <i>0.341447 0 0.939901 0 1 0 -0.939901 0 0.341447 -0.487151 1.0185 -1.87644</i>
                        <i>0.341447 0 0.939901 0 1 0 -0.939901 0 0.341447 -0.487151 1.0185 -1.87644</i>
                        <i>0.341447 0 0.939901 0 1 0 -0.939901 0 0.341447 -0.487151 1.0185 -1.87644</i>
                        <i>0.341447 0 0.939901 0 1 0 -0.939901 0 0.341447 -0.487151 1.0185 -1.87644</i>
                        <i>0.341447 0 0.939901 0 1 0 -0.939901 0 0.341447 -0.487151 1.0185 -1.87644</i>
                        <i>0.341447 0 0.939901 0 1 0 -0.939901 0 0.341447 -0.487151 1.0185 -1.87644</i>
                        <i>0.341447 0 0.939901 0 1 0 -0.939901 0 0.341447 -0.487151 1.0185 -1.87644</i>
                        <i>0.341447 0 0.939901 0 1 0 -0.939901 0 0.341447 -0.487151 1.0185 -1.87644</i>
                        <i>0.341447 0 0.939901 0 1 0 -0.939901 0 0.341447 -0.487151 1.0185 -1.87644</i>
                        <i>0.341447 0 0.939901 0 1 0 -0.939901 0 0.341447 -0.487151 1.0185 -1.87644</i>
                        <i>0.341447 0 0.939901 0 1 0 -0.939901 0 0.341447 -0.487151 1.0185 -1.87644</i>
                        <i>0.341447 0 0.939901 0 1 0 -0.939901 0 0.341447 -0.487151 1.0185 -1.87644</i>
                        <i>0.341447 0 0.939901 0 1 0 -0.939901 0 0.341447 -0.487151 1.0185 -1.87644</i>
                        <i>0.341447 0 0.939901 0 1 0 -0.939901 0 0.341447 -0.487151 1.0185 -1.87644</i>
                        <i>0.341447 0 0.939901 0 1 0 -0.939901 0 0.341447 -0.487151 1.0185 -1.87644</i>
                        <i>0.341447 0 0.939901 0 1 0 -0.939901 0 0.341447 -0.487151 1.0185 -1.87644</i>
                        <i>0.341447 0 0.939901 0 1 0 -0.939901 0 0.341447 -0.487151 1.0185 -1.87644</i>
                        <i>0.341447 0 0.939901 0 1 0 -0.939901 0 0.341447 -0.487151 1.0185 -1.87644</i>
                        <i>0.341447 0 0.939901 0 1 0 -0.939901 0 0.341447 -0.487151 1.0185 -1.87644</i>
                        <i>0.341447 0 0.939901 0 1 0 -0.939901 0 0.341447 -0.487151 1.0185 -1.87644</i>
                        <i>0.341447 0 0.939901 0 1 0 -0.939901 0 0.341447 -0.487151 1.0185 -1.87644</i>
                    </KeyFrames>
                </p>
            </i>
            <i>
                <p>
                    <Name><![CDATA[leg_front]]></Name>
                    <Exclude>0</Exclude>
                    <Additive>0</Additive>
                    <IKPriority>0</IKPriority>
                    <IKRotLimits>-1e+010 -1e+010 -1e+010 1e+010 1e+010 1e+010</IKRotLimits>
                    <IKRotLimitOrder>0</IKRotLimitOrder>
                    <KeyFrames count="30">
                        <i>1 0 0 0 1 0 0 0 1 0 1.65298 1.28656</i>
                        <i>1 0 0 0 0.999108 -0.042221 0 0.042221 0.999108 0 1.64472 1.28656</i>
                        <i>1 0 0 0 0.992837 -0.119477 0 0.119477 0.992837 0 1.62429 1.28656</i>
                        <i>1 0 0 0 0.998088 -0.0618086 0 0.0618086 0.998088 0 1.66138 1.28656</i>
                        <i>1 0 0 0 0.999628 -0.0272606 0 0.0272606 0.999628 0 1.68502 1.28656</i>
                        <i>1 0 0 0 0.999902 -0.0140293 0 0.0140293 0.999902 0 1.6942 1.28656</i>
                        <i>1 0 0 0 0.999643 -0.0267257 0 0.0267257 0.999643 0 1.68683 1.28656</i>
                        <i>1 0 0 0 0.998154 -0.0607404 0 0.0607404 0.998154 0 1.66501 1.28656</i>
                        <i>1 0 0 0 0.99496 -0.100275 0 0.100275 0.99496 0 1.63399 1.28656</i>
                        <i>1 0 0 0 0.998237 -0.0593485 0 0.0593485 0.998237 0 1.64621 1.28656</i>
                        <i>1 0 0 0 0.999617 -0.0276708 0 0.0276708 0.999617 0 1.65171 1.28656</i>
                        <i>1 0 0 0 0.999974 -0.00723893 0 0.00723893 0.999974 0 1.65298 1.28656</i>
                        <i>1 0 0 0 1 0 0 0 1 0 1.65298 1.28656</i>
                        <i>1 0 0 0 1 0 0 0 1 0 1.65298 1.28656</i>
                        <i>1 0 0 0 1 0 0 0 1 0 1.65298 1.28656</i>
                        <i>1 0 0 0 1 0 0 0 1 0 1.65298 1.28656</i>
                        <i>1 0 0 0 1 0 0 0 1 0 1.65298 1.28656</i>
                        <i>1 0 0 0 1 0 0 0 1 0 1.65298 1.28656</i>
                        <i>1 0 0 0 1 0 0 0 1 0 1.65298 1.28656</i>
                        <i>1 0 0 0 1 0 0 0 1 0 1.65298 1.28656</i>
                        <i>1 0 0 0 1 0 0 0 1 0 1.65298 1.28656</i>
                        <i>1 0 0 0 1 0 0 0 1 0 1.65298 1.28656</i>
                        <i>1 0 0 0 1 0 0 0 1 0 1.65298 1.28656</i>
                        <i>1 0 0 0 1 0 0 0 1 0 1.65298 1.28656</i>
                        <i>1 0 0 0 1 0 0 0 1 0 1.65298 1.28656</i>
                        <i>1 0 0 0 1 0 0 0 1 0 1.65298 1.28656</i>
                        <i>1 0 0 0 1 0 0 0 1 0 1.65298 1.28656</i>
                        <i>1 0 0 0 1 0 0 0 1 0 1.65298 1.28656</i>
                        <i>1 0 0 0 1 0 0 0 1 0 1.65298 1.28656</i>
                        <i>1 0 0 0 1 0 0 0 1 0 1.65298 1.28656</i>
                    </KeyFrames>
                </p>
            </i>
            <i>
                <p>
                    <Name><![CDATA[leg_left]]></Name>
                    <Exclude>0</Exclude>
                    <Additive>0</Additive>
                    <IKPriority>0</IKPriority>
                    <IKRotLimits>-1e+010 -1e+010 -1e+010 1e+010 1e+010 1e+010</IKRotLimits>
                    <IKRotLimitOrder>0</IKRotLimitOrder>
                    <KeyFrames count="30">
                        <i>1 0 0 0 1 0 0 0 1 0.296123 1.63704 1.00627</i>
                        <i>0.999559 0.0296703 0.00131661 -0.0296703 0.995629 0.0885557 0.00131661 -0.0885557 0.99607 0.296123 1.62878 1.00627</i>
                        <i>0.998893 0.0469239 0.00330401 -0.0469239 0.989032 0.140052 0.00330401 -0.140052 0.990139 0.296123 1.60835 1.00627</i>
                        <i>0.999293 0.0375327 0.00210964 -0.0375327 0.992997 0.112022 0.00210964 -0.112022 0.993703 0.296123 1.64544 1.00627</i>
                        <i>0.999852 0.0171758 0.000440571 -0.0171758 0.998537 0.0512639 0.000440571 -0.0512639 0.998685 0.296123 1.66908 1.00627</i>
                        <i>0.999985 -0.00556879 4.62829e-005 0.00556879 0.999846 -0.016621 4.62829e-005 0.016621 0.999862 0.296123 1.67826 1.00627</i>
                        <i>0.999929 0.0119166 0.000211993 -0.0119166 0.999296 0.0355669 0.000211993 -0.0355669 0.999367 0.296123 1.67089 1.00627</i>
                        <i>0.999743 0.022677 0.000768407 -0.022677 0.997449 0.0676832 0.000768407 -0.0676832 0.997707 0.296123 1.64907 1.00627</i>
                        <i>0.999679 0.0253202 0.000958276 -0.0253202 0.996819 0.0755722 0.000958276 -0.0755722 0.99714 0.296123 1.61805 1.00627</i>
                        <i>0.999839 0.0179288 0.00048008 -0.0179288 0.998406 0.0535114 0.00048008 -0.0535114 0.998567 0.296123 1.63027 1.00627</i>
                        <i>0.999981 0.00615244 5.64937e-005 -0.00615244 0.999812 0.0183629 5.64937e-005 -0.0183629 0.999831 0.296123 1.63576 1.00627</i>
                        <i>1 0 0 0 1 0 0 0 1 0.296123 1.63704 1.00627</i>
                        <i>1 0 0 0 1 0 0 0 1 0.296123 1.63704 1.00627</i>
                        <i>1 0 0 0 1 0 0 0 1 0.296123 1.63704 1.00627</i>
                        <i>1 0 0 0 1 0 0 0 1 0.296123 1.63704 1.00627</i>
                        <i>1 0 0 0 1 0 0 0 1 0.296123 1.63704 1.00627</i>
                        <i>1 0 0 0 1 0 0 0 1 0.296123 1.63704 1.00627</i>
                        <i>1 0 0 0 1 0 0 0 1 0.296123 1.63704 1.00627</i>
                        <i>1 0 0 0 1 0 0 0 1 0.296123 1.63704 1.00627</i>
                        <i>1 0 0 0 1 0 0 0 1 0.296123 1.63704 1.00627</i>
                        <i>1 0 0 0 1 0 0 0 1 0.296123 1.63704 1.00627</i>
                        <i>1 0 0 0 1 0 0 0 1 0.296123 1.63704 1.00627</i>
                        <i>1 0 0 0 1 0 0 0 1 0.296123 1.63704 1.00627</i>
                        <i>1 0 0 0 1 0 0 0 1 0.296123 1.63704 1.00627</i>
                        <i>1 0 0 0 1 0 0 0 1 0.296123 1.63704 1.00627</i>
                        <i>1 0 0 0 1 0 0 0 1 0.296123 1.63704 1.00627</i>
                        <i>1 0 0 0 1 0 0 0 1 0.296123 1.63704 1.00627</i>
                        <i>1 0 0 0 1 0 0 0 1 0.296123 1.63704 1.00627</i>
                        <i>1 0 0 0 1 0 0 0 1 0.296123 1.63704 1.00627</i>
                        <i>1 0 0 0 1 0 0 0 1 0.296123 1.63704 1.00627</i>
                    </KeyFrames>
                </p>
            </i>
            <i>
                <p>
                    <Name><![CDATA[leg_right]]></Name>
                    <Exclude>0</Exclude>
                    <Additive>0</Additive>
                    <IKPriority>0</IKPriority>
                    <IKRotLimits>-1e+010 -1e+010 -1e+010 1e+010 1e+010 1e+010</IKRotLimits>
                    <IKRotLimitOrder>0</IKRotLimitOrder>
                    <KeyFrames count="30">
                        <i>1 0 0 0 1 0 0 0 1 -0.278921 1.63704 1.00627</i>
                        <i>0.999942 -0.0107858 -0.000173507 0.0107858 0.999424 0.0321641 -0.000173507 -0.0321641 0.999483 -0.278921 1.62878 1.00627</i>
                        <i>0.999767 -0.0215592 -0.00069383 0.0215592 0.997698 0.0642911 -0.00069383 -0.0642911 0.997931 -0.278921 1.60835 1.00627</i>
                        <i>0.999666 -0.0258107 -0.000994958 0.0258107 0.996699 0.0769694 -0.000994958 -0.0769694 0.997033 -0.278921 1.64544 1.00627</i>
                        <i>0.99979 -0.0204909 -0.000626706 0.0204909 0.997921 0.0611055 -0.000626706 -0.0611055 0.998131 -0.278921 1.66908 1.00627</i>
                        <i>0.999963 -0.00864563 -0.000111471 0.00864563 0.99963 0.025782 -0.000111471 -0.025782 0.999668 -0.278921 1.67826 1.00627</i>
                        <i>0.999975 0.0070415 -7.39389e-005 -0.0070415 0.999755 -0.0209983 -7.39389e-005 0.0209983 0.99978 -0.278921 1.67089 1.00627</i>
                        <i>1 0.000765857 -8.74551e-007 -0.000765857 0.999997 -0.00228385 -8.74551e-007 0.00228385 0.999997 -0.278921 1.64907 1.00627</i>
                        <i>0.999994 -0.00337191 -1.69532e-005 0.00337191 0.999944 0.0100553 -1.69532e-005 -0.0100553 0.999949 -0.278921 1.61805 1.00627</i>
                        <i>0.999988 -0.00486381 -3.52751e-005 0.00486381 0.999883 0.0145043 -3.52751e-005 -0.0145043 0.999895 -0.278921 1.63027 1.00627</i>
                        <i>0.999994 -0.00360289 -1.93555e-005 0.00360289 0.999936 0.0107441 -1.93555e-005 -0.0107441 0.999942 -0.278921 1.63576 1.00627</i>
                        <i>0.999999 -0.00126103 -2.37107e-006 0.00126103 0.999992 0.0037605 -2.37107e-006 -0.0037605 0.999993 -0.278921 1.63704 1.00627</i>
                        <i>1 0 0 0 1 0 0 0 1 -0.278921 1.63704 1.00627</i>
                        <i>1 0 0 0 1 0 0 0 1 -0.278921 1.63704 1.00627</i>
                        <i>1 0 0 0 1 0 0 0 1 -0.278921 1.63704 1.00627</i>
                        <i>1 0 0 0 1 0 0 0 1 -0.278921 1.63704 1.00627</i>
                        <i>1 0 0 0 1 0 0 0 1 -0.278921 1.63704 1.00627</i>
                        <i>1 0 0 0 1 0 0 0 1 -0.278921 1.63704 1.00627</i>
                        <i>1 0 0 0 1 0 0 0 1 -0.278921 1.63704 1.00627</i>
                        <i>1 0 0 0 1 0 0 0 1 -0.278921 1.63704 1.00627</i>
                        <i>1 0 0 0 1 0 0 0 1 -0.278921 1.63704 1.00627</i>
                        <i>1 0 0 0 1 0 0 0 1 -0.278921 1.63704 1.00627</i>
                        <i>1 0 0 0 1 0 0 0 1 -0.278921 1.63704 1.00627</i>
                        <i>1 0 0 0 1 0 0 0 1 -0.278921 1.63704 1.00627</i>
                        <i>1 0 0 0 1 0 0 0 1 -0.278921 1.63704 1.00627</i>
                        <i>1 0 0 0 1 0 0 0 1 -0.278921 1.63704 1.00627</i>
                        <i>1 0 0 0 1 0 0 0 1 -0.278921 1.63704 1.00627</i>
                        <i>1 0 0 0 1 0 0 0 1 -0.278921 1.63704 1.00627</i>
                        <i>1 0 0 0 1 0 0 0 1 -0.278921 1.63704 1.00627</i>
                        <i>1 0 0 0 1 0 0 0 1 -0.278921 1.63704 1.00627</i>
                    </KeyFrames>
                </p>
            </i>
            <i>
                <p>
                    <Name><![CDATA[cartridge]]></Name>
                    <Exclude>0</Exclude>
                    <Additive>0</Additive>
                    <IKPriority>0</IKPriority>
                    <IKRotLimits>-1e+010 -1e+010 -1e+010 1e+010 1e+010 1e+010</IKRotLimits>
                    <IKRotLimitOrder>0</IKRotLimitOrder>
                    <KeyFrames count="30">
                        <i>0.374231 0.00720001 0.927307 -0.00432856 0.999973 -0.00601734 -0.927325 -0.00176203 0.374252 0.384057 1.00957 -2.22386</i>
                        <i>0.374231 0.00720001 0.927307 -0.00432856 0.999973 -0.00601734 -0.927325 -0.00176203 0.374252 0.384057 1.00957 -2.22386</i>
                        <i>0.374231 0.00720001 0.927307 -0.00432856 0.999973 -0.00601734 -0.927325 -0.00176203 0.374252 0.384057 1.00957 -2.22386</i>
                        <i>0.374231 0.00720001 0.927307 -0.00432856 0.999973 -0.00601734 -0.927325 -0.00176203 0.374252 0.384057 1.00957 -2.22386</i>
                        <i>0.374231 0.00720001 0.927307 -0.00432856 0.999973 -0.00601734 -0.927325 -0.00176203 0.374252 0.384057 1.00957 -2.22386</i>
                        <i>0.374231 0.00720001 0.927307 -0.00432856 0.999973 -0.00601734 -0.927325 -0.00176203 0.374252 0.384057 1.00957 -2.22386</i>
                        <i>0.374231 0.00720001 0.927307 -0.00432856 0.999973 -0.00601734 -0.927325 -0.00176203 0.374252 0.384057 1.00957 -2.22386</i>
                        <i>0.374231 0.00720001 0.927307 -0.00432856 0.999973 -0.00601734 -0.927325 -0.00176203 0.374252 0.384057 1.00957 -2.22386</i>
                        <i>0.374231 0.00720001 0.927307 -0.00432856 0.999973 -0.00601734 -0.927325 -0.00176203 0.374252 0.384057 1.00957 -2.22386</i>
                        <i>0.374231 0.00720001 0.927307 -0.00432856 0.999973 -0.00601734 -0.927325 -0.00176203 0.374252 0.384057 1.00957 -2.22386</i>
                        <i>0.374231 0.00720001 0.927307 -0.00432856 0.999973 -0.00601734 -0.927325 -0.00176203 0.374252 0.384057 1.00957 -2.22386</i>
                        <i>0.374231 0.00720001 0.927307 -0.00432856 0.999973 -0.00601734 -0.927325 -0.00176203 0.374252 0.384057 1.00957 -2.22386</i>
                        <i>0.374231 0.00720001 0.927307 -0.00432856 0.999973 -0.00601734 -0.927325 -0.00176203 0.374252 0.384057 1.00957 -2.22386</i>
                        <i>0.374231 0.00720001 0.927307 -0.00432856 0.999973 -0.00601734 -0.927325 -0.00176203 0.374252 0.384057 1.00957 -2.22386</i>
                        <i>0.374231 0.00720001 0.927307 -0.00432856 0.999973 -0.00601734 -0.927325 -0.00176203 0.374252 0.384057 1.00957 -2.22386</i>
                        <i>0.374231 0.00720001 0.927307 -0.00432856 0.999973 -0.00601734 -0.927325 -0.00176203 0.374252 0.384057 1.00957 -2.22386</i>
                        <i>0.374231 0.00720001 0.927307 -0.00432856 0.999973 -0.00601734 -0.927325 -0.00176203 0.374252 0.384057 1.00957 -2.22386</i>
                        <i>0.374231 0.00720001 0.927307 -0.00432856 0.999973 -0.00601734 -0.927325 -0.00176203 0.374252 0.384057 1.00957 -2.22386</i>
                        <i>0.374231 0.00720001 0.927307 -0.00432856 0.999973 -0.00601734 -0.927325 -0.00176203 0.374252 0.384057 1.00957 -2.22386</i>
                        <i>0.374231 0.00720001 0.927307 -0.00432856 0.999973 -0.00601734 -0.927325 -0.00176203 0.374252 0.384057 1.00957 -2.22386</i>
                        <i>0.374231 0.00720001 0.927307 -0.00432856 0.999973 -0.00601734 -0.927325 -0.00176203 0.374252 0.384057 1.00957 -2.22386</i>
                        <i>0.374231 0.00720001 0.927307 -0.00432856 0.999973 -0.00601734 -0.927325 -0.00176203 0.374252 0.384057 1.00957 -2.22386</i>
                        <i>0.374231 0.00720001 0.927307 -0.00432856 0.999973 -0.00601734 -0.927325 -0.00176203 0.374252 0.384057 1.00957 -2.22386</i>
                        <i>0.374231 0.00720001 0.927307 -0.00432856 0.999973 -0.00601734 -0.927325 -0.00176203 0.374252 0.384057 1.00957 -2.22386</i>
                        <i>0.374231 0.00720001 0.927307 -0.00432856 0.999973 -0.00601734 -0.927325 -0.00176203 0.374252 0.384057 1.00957 -2.22386</i>
                        <i>0.374231 0.00720001 0.927307 -0.00432856 0.999973 -0.00601734 -0.927325 -0.00176203 0.374252 0.384057 1.00957 -2.22386</i>
                        <i>0.374231 0.00720001 0.927307 -0.00432856 0.999973 -0.00601734 -0.927325 -0.00176203 0.374252 0.384057 1.00957 -2.22386</i>
                        <i>0.374231 0.00720001 0.927307 -0.00432856 0.999973 -0.00601734 -0.927325 -0.00176203 0.374252 0.384057 1.00957 -2.22386</i>
                        <i>0.374231 0.00720001 0.927307 -0.00432856 0.999973 -0.00601734 -0.927325 -0.00176203 0.374252 0.384057 1.00957 -2.22386</i>
                        <i>0.374231 0.00720001 0.927307 -0.00432856 0.999973 -0.00601734 -0.927325 -0.00176203 0.374252 0.384057 1.00957 -2.22386</i>
                    </KeyFrames>
                </p>
            </i>
            <i>
                <p>
                    <Name><![CDATA[crosshairs_stay]]></Name>
                    <Exclude>1</Exclude>
                    <Additive>0</Additive>
                    <IKPriority>0</IKPriority>
                    <IKRotLimits>-1e+010 -1e+010 -1e+010 1e+010 1e+010 1e+010</IKRotLimits>
                    <IKRotLimitOrder>0</IKRotLimitOrder>
                    <KeyFrames count="30">
                        <i>1 0 0 0 1 0 0 0 1 0 2.52927 0.939474</i>
                        <i>1 0 0 0 1 0 0 0 1 0 2.52101 0.939474</i>
                        <i>1 0 0 0 1 0 0 0 1 0 2.50058 0.939474</i>
                        <i>1 0 0 0 1 0 0 0 1 0 2.53767 0.939474</i>
                        <i>1 0 0 0 1 0 0 0 1 0 2.56131 0.939474</i>
                        <i>1 0 0 0 1 0 0 0 1 0 2.57049 0.939474</i>
                        <i>1 0 0 0 1 0 0 0 1 0 2.56312 0.939474</i>
                        <i>1 0 0 0 1 0 0 0 1 0 2.5413 0.939474</i>
                        <i>1 0 0 0 1 0 0 0 1 0 2.51028 0.939474</i>
                        <i>1 0 0 0 1 0 0 0 1 0 2.5225 0.939474</i>
                        <i>1 0 0 0 1 0 0 0 1 0 2.528 0.939474</i>
                        <i>1 0 0 0 1 0 0 0 1 0 2.52927 0.939474</i>
                        <i>1 0 0 0 1 0 0 0 1 0 2.52927 0.939474</i>
                        <i>1 0 0 0 1 0 0 0 1 0 2.52927 0.939474</i>
                        <i>1 0 0 0 1 0 0 0 1 0 2.52927 0.939474</i>
                        <i>1 0 0 0 1 0 0 0 1 0 2.52927 0.939474</i>
                        <i>1 0 0 0 1 0 0 0 1 0 2.52927 0.939474</i>
                        <i>1 0 0 0 1 0 0 0 1 0 2.52927 0.939474</i>
                        <i>1 0 0 0 1 0 0 0 1 0 2.52927 0.939474</i>
                        <i>1 0 0 0 1 0 0 0 1 0 2.52927 0.939474</i>
                        <i>1 0 0 0 1 0 0 0 1 0 2.52927 0.939474</i>
                        <i>1 0 0 0 1 0 0 0 1 0 2.52927 0.939474</i>
                        <i>1 0 0 0 1 0 0 0 1 0 2.52927 0.939474</i>
                        <i>1 0 0 0 1 0 0 0 1 0 2.52927 0.939474</i>
                        <i>1 0 0 0 1 0 0 0 1 0 2.52927 0.939474</i>
                        <i>1 0 0 0 1 0 0 0 1 0 2.52927 0.939474</i>
                        <i>1 0 0 0 1 0 0 0 1 0 2.52927 0.939474</i>
                        <i>1 0 0 0 1 0 0 0 1 0 2.52927 0.939474</i>
                        <i>1 0 0 0 1 0 0 0 1 0 2.52927 0.939474</i>
                        <i>1 0 0 0 1 0 0 0 1 0 2.52927 0.939474</i>
                    </KeyFrames>
                </p>
            </i>
        </Bones>
    </Skeleton>
</Animl>
