<?xml version="1.0" encoding="ISO-8859-1" ?>
<Animl Version="1">
    <ModellingPackage><![CDATA[Maya.2010]]></ModellingPackage>
    <SrcFile><![CDATA[anims\turrets\antitank\red\~src\at_b10_recoilless\b10recoilless_idle.mb]]></SrcFile>
    <FramesPerSecond>30</FramesPerSecond>
    <TotalFrames>120</TotalFrames>
    <Skeleton>
        <RefFrame>
            <Name><![CDATA[b10recoilless_ref_frame]]></Name>
            <Exclude>0</Exclude>
            <Additive>0</Additive>
            <IKPriority>0</IKPriority>
            <IKRotLimits>-1e+010 -1e+010 -1e+010 1e+010 1e+010 1e+010</IKRotLimits>
            <IKRotLimitOrder>0</IKRotLimitOrder>
            <KeyFrames count="120">
                <i>1 0 0 0 1 0 0 0 1 0 0.84 1.15</i>
                <i>1 0 0 0 1 0 0 0 1 0 0.84 1.15</i>
                <i>1 0 0 0 1 0 0 0 1 0 0.84 1.15</i>
                <i>1 0 0 0 1 0 0 0 1 0 0.84 1.15</i>
                <i>1 0 0 0 1 0 0 0 1 0 0.84 1.15</i>
                <i>1 0 0 0 1 0 0 0 1 0 0.84 1.15</i>
                <i>1 0 0 0 1 0 0 0 1 0 0.84 1.15</i>
                <i>1 0 0 0 1 0 0 0 1 0 0.84 1.15</i>
                <i>1 0 0 0 1 0 0 0 1 0 0.84 1.15</i>
                <i>1 0 0 0 1 0 0 0 1 0 0.84 1.15</i>
                <i>1 0 0 0 1 0 0 0 1 0 0.84 1.15</i>
                <i>1 0 0 0 1 0 0 0 1 0 0.84 1.15</i>
                <i>1 0 0 0 1 0 0 0 1 0 0.84 1.15</i>
                <i>1 0 0 0 1 0 0 0 1 0 0.84 1.15</i>
                <i>1 0 0 0 1 0 0 0 1 0 0.84 1.15</i>
                <i>1 0 0 0 1 0 0 0 1 0 0.84 1.15</i>
                <i>1 0 0 0 1 0 0 0 1 0 0.84 1.15</i>
                <i>1 0 0 0 1 0 0 0 1 0 0.84 1.15</i>
                <i>1 0 0 0 1 0 0 0 1 0 0.84 1.15</i>
                <i>1 0 0 0 1 0 0 0 1 0 0.84 1.15</i>
                <i>1 0 0 0 1 0 0 0 1 0 0.84 1.15</i>
                <i>1 0 0 0 1 0 0 0 1 0 0.84 1.15</i>
                <i>1 0 0 0 1 0 0 0 1 0 0.84 1.15</i>
                <i>1 0 0 0 1 0 0 0 1 0 0.84 1.15</i>
                <i>1 0 0 0 1 0 0 0 1 0 0.84 1.15</i>
                <i>1 0 0 0 1 0 0 0 1 0 0.84 1.15</i>
                <i>1 0 0 0 1 0 0 0 1 0 0.84 1.15</i>
                <i>1 0 0 0 1 0 0 0 1 0 0.84 1.15</i>
                <i>1 0 0 0 1 0 0 0 1 0 0.84 1.15</i>
                <i>1 0 0 0 1 0 0 0 1 0 0.84 1.15</i>
                <i>1 0 0 0 1 0 0 0 1 0 0.84 1.15</i>
                <i>1 0 0 0 1 0 0 0 1 0 0.84 1.15</i>
                <i>1 0 0 0 1 0 0 0 1 0 0.84 1.15</i>
                <i>1 0 0 0 1 0 0 0 1 0 0.84 1.15</i>
                <i>1 0 0 0 1 0 0 0 1 0 0.84 1.15</i>
                <i>1 0 0 0 1 0 0 0 1 0 0.84 1.15</i>
                <i>1 0 0 0 1 0 0 0 1 0 0.84 1.15</i>
                <i>1 0 0 0 1 0 0 0 1 0 0.84 1.15</i>
                <i>1 0 0 0 1 0 0 0 1 0 0.84 1.15</i>
                <i>1 0 0 0 1 0 0 0 1 0 0.84 1.15</i>
                <i>1 0 0 0 1 0 0 0 1 0 0.84 1.15</i>
                <i>1 0 0 0 1 0 0 0 1 0 0.84 1.15</i>
                <i>1 0 0 0 1 0 0 0 1 0 0.84 1.15</i>
                <i>1 0 0 0 1 0 0 0 1 0 0.84 1.15</i>
                <i>1 0 0 0 1 0 0 0 1 0 0.84 1.15</i>
                <i>1 0 0 0 1 0 0 0 1 0 0.84 1.15</i>
                <i>1 0 0 0 1 0 0 0 1 0 0.84 1.15</i>
                <i>1 0 0 0 1 0 0 0 1 0 0.84 1.15</i>
                <i>1 0 0 0 1 0 0 0 1 0 0.84 1.15</i>
                <i>1 0 0 0 1 0 0 0 1 0 0.84 1.15</i>
                <i>1 0 0 0 1 0 0 0 1 0 0.84 1.15</i>
                <i>1 0 0 0 1 0 0 0 1 0 0.84 1.15</i>
                <i>1 0 0 0 1 0 0 0 1 0 0.84 1.15</i>
                <i>1 0 0 0 1 0 0 0 1 0 0.84 1.15</i>
                <i>1 0 0 0 1 0 0 0 1 0 0.84 1.15</i>
                <i>1 0 0 0 1 0 0 0 1 0 0.84 1.15</i>
                <i>1 0 0 0 1 0 0 0 1 0 0.84 1.15</i>
                <i>1 0 0 0 1 0 0 0 1 0 0.84 1.15</i>
                <i>1 0 0 0 1 0 0 0 1 0 0.84 1.15</i>
                <i>1 0 0 0 1 0 0 0 1 0 0.84 1.15</i>
                <i>1 0 0 0 1 0 0 0 1 0 0.84 1.15</i>
                <i>1 0 0 0 1 0 0 0 1 0 0.84 1.15</i>
                <i>1 0 0 0 1 0 0 0 1 0 0.84 1.15</i>
                <i>1 0 0 0 1 0 0 0 1 0 0.84 1.15</i>
                <i>1 0 0 0 1 0 0 0 1 0 0.84 1.15</i>
                <i>1 0 0 0 1 0 0 0 1 0 0.84 1.15</i>
                <i>1 0 0 0 1 0 0 0 1 0 0.84 1.15</i>
                <i>1 0 0 0 1 0 0 0 1 0 0.84 1.15</i>
                <i>1 0 0 0 1 0 0 0 1 0 0.84 1.15</i>
                <i>1 0 0 0 1 0 0 0 1 0 0.84 1.15</i>
                <i>1 0 0 0 1 0 0 0 1 0 0.84 1.15</i>
                <i>1 0 0 0 1 0 0 0 1 0 0.84 1.15</i>
                <i>1 0 0 0 1 0 0 0 1 0 0.84 1.15</i>
                <i>1 0 0 0 1 0 0 0 1 0 0.84 1.15</i>
                <i>1 0 0 0 1 0 0 0 1 0 0.84 1.15</i>
                <i>1 0 0 0 1 0 0 0 1 0 0.84 1.15</i>
                <i>1 0 0 0 1 0 0 0 1 0 0.84 1.15</i>
                <i>1 0 0 0 1 0 0 0 1 0 0.84 1.15</i>
                <i>1 0 0 0 1 0 0 0 1 0 0.84 1.15</i>
                <i>1 0 0 0 1 0 0 0 1 0 0.84 1.15</i>
                <i>1 0 0 0 1 0 0 0 1 0 0.84 1.15</i>
                <i>1 0 0 0 1 0 0 0 1 0 0.84 1.15</i>
                <i>1 0 0 0 1 0 0 0 1 0 0.84 1.15</i>
                <i>1 0 0 0 1 0 0 0 1 0 0.84 1.15</i>
                <i>1 0 0 0 1 0 0 0 1 0 0.84 1.15</i>
                <i>1 0 0 0 1 0 0 0 1 0 0.84 1.15</i>
                <i>1 0 0 0 1 0 0 0 1 0 0.84 1.15</i>
                <i>1 0 0 0 1 0 0 0 1 0 0.84 1.15</i>
                <i>1 0 0 0 1 0 0 0 1 0 0.84 1.15</i>
                <i>1 0 0 0 1 0 0 0 1 0 0.84 1.15</i>
                <i>1 0 0 0 1 0 0 0 1 0 0.84 1.15</i>
                <i>1 0 0 0 1 0 0 0 1 0 0.84 1.15</i>
                <i>1 0 0 0 1 0 0 0 1 0 0.84 1.15</i>
                <i>1 0 0 0 1 0 0 0 1 0 0.84 1.15</i>
                <i>1 0 0 0 1 0 0 0 1 0 0.84 1.15</i>
                <i>1 0 0 0 1 0 0 0 1 0 0.84 1.15</i>
                <i>1 0 0 0 1 0 0 0 1 0 0.84 1.15</i>
                <i>1 0 0 0 1 0 0 0 1 0 0.84 1.15</i>
                <i>1 0 0 0 1 0 0 0 1 0 0.84 1.15</i>
                <i>1 0 0 0 1 0 0 0 1 0 0.84 1.15</i>
                <i>1 0 0 0 1 0 0 0 1 0 0.84 1.15</i>
                <i>1 0 0 0 1 0 0 0 1 0 0.84 1.15</i>
                <i>1 0 0 0 1 0 0 0 1 0 0.84 1.15</i>
                <i>1 0 0 0 1 0 0 0 1 0 0.84 1.15</i>
                <i>1 0 0 0 1 0 0 0 1 0 0.84 1.15</i>
                <i>1 0 0 0 1 0 0 0 1 0 0.84 1.15</i>
                <i>1 0 0 0 1 0 0 0 1 0 0.84 1.15</i>
                <i>1 0 0 0 1 0 0 0 1 0 0.84 1.15</i>
                <i>1 0 0 0 1 0 0 0 1 0 0.84 1.15</i>
                <i>1 0 0 0 1 0 0 0 1 0 0.84 1.15</i>
                <i>1 0 0 0 1 0 0 0 1 0 0.84 1.15</i>
                <i>1 0 0 0 1 0 0 0 1 0 0.84 1.15</i>
                <i>1 0 0 0 1 0 0 0 1 0 0.84 1.15</i>
                <i>1 0 0 0 1 0 0 0 1 0 0.84 1.15</i>
                <i>1 0 0 0 1 0 0 0 1 0 0.84 1.15</i>
                <i>1 0 0 0 1 0 0 0 1 0 0.84 1.15</i>
                <i>1 0 0 0 1 0 0 0 1 0 0.84 1.15</i>
                <i>1 0 0 0 1 0 0 0 1 0 0.84 1.15</i>
                <i>1 0 0 0 1 0 0 0 1 0 0.84 1.15</i>
                <i>1 0 0 0 1 0 0 0 1 0 0.84 1.15</i>
            </KeyFrames>
        </RefFrame>
        <Bones count="9">
            <i>
                <p>
                    <Name><![CDATA[b10recoilless_root]]></Name>
                    <Exclude>0</Exclude>
                    <Additive>0</Additive>
                    <IKPriority>0</IKPriority>
                    <IKRotLimits>-1e+010 -1e+010 -1e+010 1e+010 1e+010 1e+010</IKRotLimits>
                    <IKRotLimitOrder>0</IKRotLimitOrder>
                    <KeyFrames count="120">
                        <i>1 0 0 0 1 0 0 0 1 0 0.844463 1.15428</i>
                        <i>1 0 0 0 1 0 0 0 1 0 0.844463 1.15428</i>
                        <i>1 0 0 0 1 0 0 0 1 0 0.844463 1.15428</i>
                        <i>1 0 0 0 1 0 0 0 1 0 0.844463 1.15428</i>
                        <i>1 0 0 0 1 0 0 0 1 0 0.844463 1.15428</i>
                        <i>1 0 0 0 1 0 0 0 1 0 0.844463 1.15428</i>
                        <i>1 0 0 0 1 0 0 0 1 0 0.844463 1.15428</i>
                        <i>1 0 0 0 1 0 0 0 1 0 0.844463 1.15428</i>
                        <i>1 0 0 0 1 0 0 0 1 0 0.844463 1.15428</i>
                        <i>1 0 0 0 1 0 0 0 1 0 0.844463 1.15428</i>
                        <i>1 0 0 0 1 0 0 0 1 0 0.844463 1.15428</i>
                        <i>1 0 0 0 1 0 0 0 1 0 0.844463 1.15428</i>
                        <i>1 0 0 0 1 0 0 0 1 0 0.844463 1.15428</i>
                        <i>1 0 0 0 1 0 0 0 1 0 0.844463 1.15428</i>
                        <i>1 0 0 0 1 0 0 0 1 0 0.844463 1.15428</i>
                        <i>1 0 0 0 1 0 0 0 1 0 0.844463 1.15428</i>
                        <i>1 0 0 0 1 0 0 0 1 0 0.844463 1.15428</i>
                        <i>1 0 0 0 1 0 0 0 1 0 0.844463 1.15428</i>
                        <i>1 0 0 0 1 0 0 0 1 0 0.844463 1.15428</i>
                        <i>1 0 0 0 1 0 0 0 1 0 0.844463 1.15428</i>
                        <i>1 0 0 0 1 0 0 0 1 0 0.844463 1.15428</i>
                        <i>1 0 0 0 1 0 0 0 1 0 0.844463 1.15428</i>
                        <i>1 0 0 0 1 0 0 0 1 0 0.844463 1.15428</i>
                        <i>1 0 0 0 1 0 0 0 1 0 0.844463 1.15428</i>
                        <i>1 0 0 0 1 0 0 0 1 0 0.844463 1.15428</i>
                        <i>1 0 0 0 1 0 0 0 1 0 0.844463 1.15428</i>
                        <i>1 0 0 0 1 0 0 0 1 0 0.844463 1.15428</i>
                        <i>1 0 0 0 1 0 0 0 1 0 0.844463 1.15428</i>
                        <i>1 0 0 0 1 0 0 0 1 0 0.844463 1.15428</i>
                        <i>1 0 0 0 1 0 0 0 1 0 0.844463 1.15428</i>
                        <i>1 0 0 0 1 0 0 0 1 0 0.844463 1.15428</i>
                        <i>1 0 0 0 1 0 0 0 1 0 0.844463 1.15428</i>
                        <i>1 0 0 0 1 0 0 0 1 0 0.844463 1.15428</i>
                        <i>1 0 0 0 1 0 0 0 1 0 0.844463 1.15428</i>
                        <i>1 0 0 0 1 0 0 0 1 0 0.844463 1.15428</i>
                        <i>1 0 0 0 1 0 0 0 1 0 0.844463 1.15428</i>
                        <i>1 0 0 0 1 0 0 0 1 0 0.844463 1.15428</i>
                        <i>1 0 0 0 1 0 0 0 1 0 0.844463 1.15428</i>
                        <i>1 0 0 0 1 0 0 0 1 0 0.844463 1.15428</i>
                        <i>1 0 0 0 1 0 0 0 1 0 0.844463 1.15428</i>
                        <i>1 0 0 0 1 0 0 0 1 0 0.844463 1.15428</i>
                        <i>1 0 0 0 1 0 0 0 1 0 0.844463 1.15428</i>
                        <i>1 0 0 0 1 0 0 0 1 0 0.844463 1.15428</i>
                        <i>1 0 0 0 1 0 0 0 1 0 0.844463 1.15428</i>
                        <i>1 0 0 0 1 0 0 0 1 0 0.844463 1.15428</i>
                        <i>1 0 0 0 1 0 0 0 1 0 0.844463 1.15428</i>
                        <i>1 0 0 0 1 0 0 0 1 0 0.844463 1.15428</i>
                        <i>1 0 0 0 1 0 0 0 1 0 0.844463 1.15428</i>
                        <i>1 0 0 0 1 0 0 0 1 0 0.844463 1.15428</i>
                        <i>1 0 0 0 1 0 0 0 1 0 0.844463 1.15428</i>
                        <i>1 0 0 0 1 0 0 0 1 0 0.844463 1.15428</i>
                        <i>1 0 0 0 1 0 0 0 1 0 0.844463 1.15428</i>
                        <i>1 0 0 0 1 0 0 0 1 0 0.844463 1.15428</i>
                        <i>1 0 0 0 1 0 0 0 1 0 0.844463 1.15428</i>
                        <i>1 0 0 0 1 0 0 0 1 0 0.844463 1.15428</i>
                        <i>1 0 0 0 1 0 0 0 1 0 0.844463 1.15428</i>
                        <i>1 0 0 0 1 0 0 0 1 0 0.844463 1.15428</i>
                        <i>1 0 0 0 1 0 0 0 1 0 0.844463 1.15428</i>
                        <i>1 0 0 0 1 0 0 0 1 0 0.844463 1.15428</i>
                        <i>1 0 0 0 1 0 0 0 1 0 0.844463 1.15428</i>
                        <i>1 0 0 0 1 0 0 0 1 0 0.844463 1.15428</i>
                        <i>1 0 0 0 1 0 0 0 1 0 0.844463 1.15428</i>
                        <i>1 0 0 0 1 0 0 0 1 0 0.844463 1.15428</i>
                        <i>1 0 0 0 1 0 0 0 1 0 0.844463 1.15428</i>
                        <i>1 0 0 0 1 0 0 0 1 0 0.844463 1.15428</i>
                        <i>1 0 0 0 1 0 0 0 1 0 0.844463 1.15428</i>
                        <i>1 0 0 0 1 0 0 0 1 0 0.844463 1.15428</i>
                        <i>1 0 0 0 1 0 0 0 1 0 0.844463 1.15428</i>
                        <i>1 0 0 0 1 0 0 0 1 0 0.844463 1.15428</i>
                        <i>1 0 0 0 1 0 0 0 1 0 0.844463 1.15428</i>
                        <i>1 0 0 0 1 0 0 0 1 0 0.844463 1.15428</i>
                        <i>1 0 0 0 1 0 0 0 1 0 0.844463 1.15428</i>
                        <i>1 0 0 0 1 0 0 0 1 0 0.844463 1.15428</i>
                        <i>1 0 0 0 1 0 0 0 1 0 0.844463 1.15428</i>
                        <i>1 0 0 0 1 0 0 0 1 0 0.844463 1.15428</i>
                        <i>1 0 0 0 1 0 0 0 1 0 0.844463 1.15428</i>
                        <i>1 0 0 0 1 0 0 0 1 0 0.844463 1.15428</i>
                        <i>1 0 0 0 1 0 0 0 1 0 0.844463 1.15428</i>
                        <i>1 0 0 0 1 0 0 0 1 0 0.844463 1.15428</i>
                        <i>1 0 0 0 1 0 0 0 1 0 0.844463 1.15428</i>
                        <i>1 0 0 0 1 0 0 0 1 0 0.844463 1.15428</i>
                        <i>1 0 0 0 1 0 0 0 1 0 0.844463 1.15428</i>
                        <i>1 0 0 0 1 0 0 0 1 0 0.844463 1.15428</i>
                        <i>1 0 0 0 1 0 0 0 1 0 0.844463 1.15428</i>
                        <i>1 0 0 0 1 0 0 0 1 0 0.844463 1.15428</i>
                        <i>1 0 0 0 1 0 0 0 1 0 0.844463 1.15428</i>
                        <i>1 0 0 0 1 0 0 0 1 0 0.844463 1.15428</i>
                        <i>1 0 0 0 1 0 0 0 1 0 0.844463 1.15428</i>
                        <i>1 0 0 0 1 0 0 0 1 0 0.844463 1.15428</i>
                        <i>1 0 0 0 1 0 0 0 1 0 0.844463 1.15428</i>
                        <i>1 0 0 0 1 0 0 0 1 0 0.844463 1.15428</i>
                        <i>1 0 0 0 1 0 0 0 1 0 0.844463 1.15428</i>
                        <i>1 0 0 0 1 0 0 0 1 0 0.844463 1.15428</i>
                        <i>1 0 0 0 1 0 0 0 1 0 0.844463 1.15428</i>
                        <i>1 0 0 0 1 0 0 0 1 0 0.844463 1.15428</i>
                        <i>1 0 0 0 1 0 0 0 1 0 0.844463 1.15428</i>
                        <i>1 0 0 0 1 0 0 0 1 0 0.844463 1.15428</i>
                        <i>1 0 0 0 1 0 0 0 1 0 0.844463 1.15428</i>
                        <i>1 0 0 0 1 0 0 0 1 0 0.844463 1.15428</i>
                        <i>1 0 0 0 1 0 0 0 1 0 0.844463 1.15428</i>
                        <i>1 0 0 0 1 0 0 0 1 0 0.844463 1.15428</i>
                        <i>1 0 0 0 1 0 0 0 1 0 0.844463 1.15428</i>
                        <i>1 0 0 0 1 0 0 0 1 0 0.844463 1.15428</i>
                        <i>1 0 0 0 1 0 0 0 1 0 0.844463 1.15428</i>
                        <i>1 0 0 0 1 0 0 0 1 0 0.844463 1.15428</i>
                        <i>1 0 0 0 1 0 0 0 1 0 0.844463 1.15428</i>
                        <i>1 0 0 0 1 0 0 0 1 0 0.844463 1.15428</i>
                        <i>1 0 0 0 1 0 0 0 1 0 0.844463 1.15428</i>
                        <i>1 0 0 0 1 0 0 0 1 0 0.844463 1.15428</i>
                        <i>1 0 0 0 1 0 0 0 1 0 0.844463 1.15428</i>
                        <i>1 0 0 0 1 0 0 0 1 0 0.844463 1.15428</i>
                        <i>1 0 0 0 1 0 0 0 1 0 0.844463 1.15428</i>
                        <i>1 0 0 0 1 0 0 0 1 0 0.844463 1.15428</i>
                        <i>1 0 0 0 1 0 0 0 1 0 0.844463 1.15428</i>
                        <i>1 0 0 0 1 0 0 0 1 0 0.844463 1.15428</i>
                        <i>1 0 0 0 1 0 0 0 1 0 0.844463 1.15428</i>
                        <i>1 0 0 0 1 0 0 0 1 0 0.844463 1.15428</i>
                        <i>1 0 0 0 1 0 0 0 1 0 0.844463 1.15428</i>
                        <i>1 0 0 0 1 0 0 0 1 0 0.844463 1.15428</i>
                        <i>1 0 0 0 1 0 0 0 1 0 0.844463 1.15428</i>
                    </KeyFrames>
                </p>
            </i>
            <i>
                <p>
                    <Name><![CDATA[pitch]]></Name>
                    <Exclude>0</Exclude>
                    <Additive>0</Additive>
                    <IKPriority>0</IKPriority>
                    <IKRotLimits>-1e+010 -1e+010 -1e+010 1e+010 1e+010 1e+010</IKRotLimits>
                    <IKRotLimitOrder>0</IKRotLimitOrder>
                    <KeyFrames count="120">
                        <i>1 0 0 0 1 0 0 0 1 0 2.52927 0.939474</i>
                        <i>1 0 0 0 1 0 0 0 1 0 2.52927 0.939474</i>
                        <i>1 0 0 0 1 0 0 0 1 0 2.52927 0.939474</i>
                        <i>1 0 0 0 1 0 0 0 1 0 2.52927 0.939474</i>
                        <i>1 0 0 0 1 0 0 0 1 0 2.52927 0.939474</i>
                        <i>1 0 0 0 1 0 0 0 1 0 2.52927 0.939474</i>
                        <i>1 0 0 0 1 0 0 0 1 0 2.52927 0.939474</i>
                        <i>1 0 0 0 1 0 0 0 1 0 2.52927 0.939474</i>
                        <i>1 0 0 0 1 0 0 0 1 0 2.52927 0.939474</i>
                        <i>1 0 0 0 1 0 0 0 1 0 2.52927 0.939474</i>
                        <i>1 0 0 0 1 0 0 0 1 0 2.52927 0.939474</i>
                        <i>1 0 0 0 1 0 0 0 1 0 2.52927 0.939474</i>
                        <i>1 0 0 0 1 0 0 0 1 0 2.52927 0.939474</i>
                        <i>1 0 0 0 1 0 0 0 1 0 2.52927 0.939474</i>
                        <i>1 0 0 0 1 0 0 0 1 0 2.52927 0.939474</i>
                        <i>1 0 0 0 0.999993 -0.00370023 0 0.00370023 0.999993 0 2.52927 0.939474</i>
                        <i>1 0 0 0 0.9999 -0.014112 0 0.014112 0.9999 0 2.52927 0.939474</i>
                        <i>1 0 0 0 0.999544 -0.0301996 0 0.0301996 0.999544 0 2.52927 0.939474</i>
                        <i>1 0 0 0 0.998703 -0.0509206 0 0.0509206 0.998703 0 2.52927 0.939474</i>
                        <i>1 0 0 0 0.997167 -0.0752242 0 0.0752242 0.997167 0 2.52927 0.939474</i>
                        <i>1 0 0 0 0.994779 -0.102052 0 0.102052 0.994779 0 2.52927 0.939474</i>
                        <i>1 0 0 0 0.991469 -0.130341 0 0.130341 0.991469 0 2.52927 0.939474</i>
                        <i>1 0 0 0 0.987273 -0.159034 0 0.159034 0.987273 0 2.52927 0.939474</i>
                        <i>1 0 0 0 0.982343 -0.187086 0 0.187086 0.982343 0 2.52927 0.939474</i>
                        <i>1 0 0 0 0.976949 -0.213474 0 0.213474 0.976949 0 2.52927 0.939474</i>
                        <i>1 0 0 0 0.971461 -0.2372 0 0.2372 0.971461 0 2.52927 0.939474</i>
                        <i>1 0 0 0 0.966333 -0.257294 0 0.257294 0.966333 0 2.52927 0.939474</i>
                        <i>1 0 0 0 0.962068 -0.27281 0 0.27281 0.962068 0 2.52927 0.939474</i>
                        <i>1 0 0 0 0.959175 -0.282812 0 0.282812 0.959175 0 2.52927 0.939474</i>
                        <i>1 0 0 0 0.958122 -0.286359 0 0.286359 0.958122 0 2.52927 0.939474</i>
                        <i>1 0 0 0 0.958122 -0.286359 0 0.286359 0.958122 0 2.52927 0.939474</i>
                        <i>1 0 0 0 0.958122 -0.286359 0 0.286359 0.958122 0 2.52927 0.939474</i>
                        <i>1 0 0 0 0.958122 -0.286359 0 0.286359 0.958122 0 2.52927 0.939474</i>
                        <i>1 0 0 0 0.958122 -0.286359 0 0.286359 0.958122 0 2.52927 0.939474</i>
                        <i>1 0 0 0 0.958122 -0.286359 0 0.286359 0.958122 0 2.52927 0.939474</i>
                        <i>1 0 0 0 0.958122 -0.286359 0 0.286359 0.958122 0 2.52927 0.939474</i>
                        <i>1 0 0 0 0.958122 -0.286359 0 0.286359 0.958122 0 2.52927 0.939474</i>
                        <i>1 0 0 0 0.958122 -0.286359 0 0.286359 0.958122 0 2.52927 0.939474</i>
                        <i>1 0 0 0 0.958122 -0.286359 0 0.286359 0.958122 0 2.52927 0.939474</i>
                        <i>1 0 0 0 0.958122 -0.286359 0 0.286359 0.958122 0 2.52927 0.939474</i>
                        <i>1 0 0 0 0.958122 -0.286359 0 0.286359 0.958122 0 2.52927 0.939474</i>
                        <i>1 0 0 0 0.958122 -0.286359 0 0.286359 0.958122 0 2.52927 0.939474</i>
                        <i>1 0 0 0 0.958122 -0.286359 0 0.286359 0.958122 0 2.52927 0.939474</i>
                        <i>1 0 0 0 0.958122 -0.286359 0 0.286359 0.958122 0 2.52927 0.939474</i>
                        <i>1 0 0 0 0.958122 -0.286359 0 0.286359 0.958122 0 2.52927 0.939474</i>
                        <i>1 0 0 0 0.958122 -0.286359 0 0.286359 0.958122 0 2.52927 0.939474</i>
                        <i>1 0 0 0 0.958122 -0.286359 0 0.286359 0.958122 0 2.52927 0.939474</i>
                        <i>1 0 0 0 0.958122 -0.286359 0 0.286359 0.958122 0 2.52927 0.939474</i>
                        <i>1 0 0 0 0.958122 -0.286359 0 0.286359 0.958122 0 2.52927 0.939474</i>
                        <i>1 0 0 0 0.958122 -0.286359 0 0.286359 0.958122 0 2.52927 0.939474</i>
                        <i>1 0 0 0 0.958122 -0.286359 0 0.286359 0.958122 0 2.52927 0.939474</i>
                        <i>1 0 0 0 0.958122 -0.286359 0 0.286359 0.958122 0 2.52927 0.939474</i>
                        <i>1 0 0 0 0.958122 -0.286359 0 0.286359 0.958122 0 2.52927 0.939474</i>
                        <i>1 0 0 0 0.958122 -0.286359 0 0.286359 0.958122 0 2.52927 0.939474</i>
                        <i>1 0 0 0 0.958122 -0.286359 0 0.286359 0.958122 0 2.52927 0.939474</i>
                        <i>1 0 0 0 0.959658 -0.281169 0 0.281169 0.959658 0 2.52927 0.939474</i>
                        <i>1 0 0 0 0.96383 -0.266519 0 0.266519 0.96383 0 2.52927 0.939474</i>
                        <i>1 0 0 0 0.969836 -0.243758 0 0.243758 0.969836 0 2.52927 0.939474</i>
                        <i>1 0 0 0 0.976784 -0.214227 0 0.214227 0.976784 0 2.52927 0.939474</i>
                        <i>1 0 0 0 0.983795 -0.179299 0 0.179299 0.983795 0 2.52927 0.939474</i>
                        <i>1 0 0 0 0.990094 -0.140406 0 0.140406 0.990094 0 2.52927 0.939474</i>
                        <i>1 0 0 0 0.995083 -0.0990409 0 0.0990409 0.995083 0 2.52927 0.939474</i>
                        <i>1 0 0 0 0.998388 -0.0567494 0 0.0567494 0.998388 0 2.52927 0.939474</i>
                        <i>1 0 0 0 0.999886 -0.0151106 0 0.0151106 0.999886 0 2.52927 0.939474</i>
                        <i>1 0 0 0 0.999705 0.0242888 0 -0.0242888 0.999705 0 2.52927 0.939474</i>
                        <i>1 0 0 0 0.998206 0.0598812 0 -0.0598812 0.998206 0 2.52927 0.939474</i>
                        <i>1 0 0 0 0.99593 0.0901331 0 -0.0901331 0.99593 0 2.52927 0.939474</i>
                        <i>1 0 0 0 0.993532 0.113551 0 -0.113551 0.993532 0 2.52927 0.939474</i>
                        <i>1 0 0 0 0.991687 0.128671 0 -0.128671 0.991687 0 2.52927 0.939474</i>
                        <i>1 0 0 0 0.990976 0.134037 0 -0.134037 0.990976 0 2.52927 0.939474</i>
                        <i>1 0 0 0 0.990976 0.134037 0 -0.134037 0.990976 0 2.52927 0.939474</i>
                        <i>1 0 0 0 0.990976 0.134037 0 -0.134037 0.990976 0 2.52927 0.939474</i>
                        <i>1 0 0 0 0.990976 0.134037 0 -0.134037 0.990976 0 2.52927 0.939474</i>
                        <i>1 0 0 0 0.990976 0.134037 0 -0.134037 0.990976 0 2.52927 0.939474</i>
                        <i>1 0 0 0 0.990976 0.134037 0 -0.134037 0.990976 0 2.52927 0.939474</i>
                        <i>1 0 0 0 0.990976 0.134037 0 -0.134037 0.990976 0 2.52927 0.939474</i>
                        <i>1 0 0 0 0.990976 0.134037 0 -0.134037 0.990976 0 2.52927 0.939474</i>
                        <i>1 0 0 0 0.990976 0.134037 0 -0.134037 0.990976 0 2.52927 0.939474</i>
                        <i>1 0 0 0 0.990976 0.134037 0 -0.134037 0.990976 0 2.52927 0.939474</i>
                        <i>1 0 0 0 0.990976 0.134037 0 -0.134037 0.990976 0 2.52927 0.939474</i>
                        <i>1 0 0 0 0.990976 0.134037 0 -0.134037 0.990976 0 2.52927 0.939474</i>
                        <i>1 0 0 0 0.990976 0.134037 0 -0.134037 0.990976 0 2.52927 0.939474</i>
                        <i>1 0 0 0 0.990976 0.134037 0 -0.134037 0.990976 0 2.52927 0.939474</i>
                        <i>1 0 0 0 0.990976 0.134037 0 -0.134037 0.990976 0 2.52927 0.939474</i>
                        <i>1 0 0 0 0.990976 0.134037 0 -0.134037 0.990976 0 2.52927 0.939474</i>
                        <i>1 0 0 0 0.990976 0.134037 0 -0.134037 0.990976 0 2.52927 0.939474</i>
                        <i>1 0 0 0 0.990976 0.134037 0 -0.134037 0.990976 0 2.52927 0.939474</i>
                        <i>1 0 0 0 0.990976 0.134037 0 -0.134037 0.990976 0 2.52927 0.939474</i>
                        <i>1 0 0 0 0.990976 0.134037 0 -0.134037 0.990976 0 2.52927 0.939474</i>
                        <i>1 0 0 0 0.990976 0.134037 0 -0.134037 0.990976 0 2.52927 0.939474</i>
                        <i>1 0 0 0 0.990976 0.134037 0 -0.134037 0.990976 0 2.52927 0.939474</i>
                        <i>1 0 0 0 0.990976 0.134037 0 -0.134037 0.990976 0 2.52927 0.939474</i>
                        <i>1 0 0 0 0.990976 0.134037 0 -0.134037 0.990976 0 2.52927 0.939474</i>
                        <i>1 0 0 0 0.990976 0.134037 0 -0.134037 0.990976 0 2.52927 0.939474</i>
                        <i>1 0 0 0 0.990976 0.134037 0 -0.134037 0.990976 0 2.52927 0.939474</i>
                        <i>1 0 0 0 0.991204 0.132339 0 -0.132339 0.991204 0 2.52927 0.939474</i>
                        <i>1 0 0 0 0.991831 0.12756 0 -0.12756 0.991831 0 2.52927 0.939474</i>
                        <i>1 0 0 0 0.992754 0.120169 0 -0.120169 0.992754 0 2.52927 0.939474</i>
                        <i>1 0 0 0 0.993861 0.110633 0 -0.110633 0.993861 0 2.52927 0.939474</i>
                        <i>1 0 0 0 0.995045 0.0994219 0 -0.0994219 0.995045 0 2.52927 0.939474</i>
                        <i>1 0 0 0 0.996208 0.0870081 0 -0.0870081 0.996208 0 2.52927 0.939474</i>
                        <i>1 0 0 0 0.997268 0.0738656 0 -0.0738656 0.997268 0 2.52927 0.939474</i>
                        <i>1 0 0 0 0.99817 0.0604718 0 -0.0604718 0.99817 0 2.52927 0.939474</i>
                        <i>1 0 0 0 0.99888 0.0473058 0 -0.0473058 0.99888 0 2.52927 0.939474</i>
                        <i>1 0 0 0 0.999393 0.0348482 0 -0.0348482 0.999393 0 2.52927 0.939474</i>
                        <i>1 0 0 0 0.999722 0.0235799 0 -0.0235799 0.999722 0 2.52927 0.939474</i>
                        <i>1 0 0 0 0.999902 0.0139815 0 -0.0139815 0.999902 0 2.52927 0.939474</i>
                        <i>1 0 0 0 0.999979 0.00653285 0 -0.00653285 0.999979 0 2.52927 0.939474</i>
                        <i>1 0 0 0 0.999999 0.00171288 0 -0.00171288 0.999999 0 2.52927 0.939474</i>
                        <i>1 0 0 0 1 0 0 0 1 0 2.52927 0.939474</i>
                        <i>1 0 0 0 1 0 0 0 1 0 2.52927 0.939474</i>
                        <i>1 0 0 0 1 0 0 0 1 0 2.52927 0.939474</i>
                        <i>1 0 0 0 1 0 0 0 1 0 2.52927 0.939474</i>
                        <i>1 0 0 0 1 0 0 0 1 0 2.52927 0.939474</i>
                        <i>1 0 0 0 1 0 0 0 1 0 2.52927 0.939474</i>
                        <i>1 0 0 0 1 0 0 0 1 0 2.52927 0.939474</i>
                        <i>1 0 0 0 1 0 0 0 1 0 2.52927 0.939474</i>
                        <i>1 0 0 0 1 0 0 0 1 0 2.52927 0.939474</i>
                        <i>1 0 0 0 1 0 0 0 1 0 2.52927 0.939474</i>
                        <i>1 0 0 0 1 0 0 0 1 0 2.52927 0.939474</i>
                    </KeyFrames>
                </p>
            </i>
            <i>
                <p>
                    <Name><![CDATA[hinge]]></Name>
                    <Exclude>0</Exclude>
                    <Additive>0</Additive>
                    <IKPriority>0</IKPriority>
                    <IKRotLimits>-1e+010 -1e+010 -1e+010 1e+010 1e+010 1e+010</IKRotLimits>
                    <IKRotLimitOrder>0</IKRotLimitOrder>
                    <KeyFrames count="120">
                        <i>1 0 0 0 1 0 0 0 1 0.238296 2.87719 -1.51006</i>
                        <i>1 0 0 0 1 0 0 0 1 0.238296 2.87719 -1.51006</i>
                        <i>1 0 0 0 1 0 0 0 1 0.238296 2.87719 -1.51006</i>
                        <i>1 0 0 0 1 0 0 0 1 0.238296 2.87719 -1.51006</i>
                        <i>1 0 0 0 1 0 0 0 1 0.238296 2.87719 -1.51006</i>
                        <i>1 0 0 0 1 0 0 0 1 0.238296 2.87719 -1.51006</i>
                        <i>1 0 0 0 1 0 0 0 1 0.238296 2.87719 -1.51006</i>
                        <i>1 0 0 0 1 0 0 0 1 0.238296 2.87719 -1.51006</i>
                        <i>1 0 0 0 1 0 0 0 1 0.238296 2.87719 -1.51006</i>
                        <i>1 0 0 0 1 0 0 0 1 0.238296 2.87719 -1.51006</i>
                        <i>1 0 0 0 1 0 0 0 1 0.238296 2.87719 -1.51006</i>
                        <i>1 0 0 0 1 0 0 0 1 0.238296 2.87719 -1.51006</i>
                        <i>1 0 0 0 1 0 0 0 1 0.238296 2.87719 -1.51006</i>
                        <i>1 0 0 0 1 0 0 0 1 0.238296 2.87719 -1.51006</i>
                        <i>1 0 0 0 1 0 0 0 1 0.238296 2.87719 -1.51006</i>
                        <i>1 0 0 0 0.999993 -0.00370023 0 0.00370023 0.999993 0.238296 2.86812 -1.51133</i>
                        <i>1 0 0 0 0.9999 -0.014112 0 0.014112 0.9999 0.238296 2.84259 -1.51473</i>
                        <i>1 0 0 0 0.999544 -0.0301996 0 0.0301996 0.999544 0.238296 2.80305 -1.51945</i>
                        <i>1 0 0 0 0.998703 -0.0509206 0 0.0509206 0.998703 0.238296 2.75201 -1.5246</i>
                        <i>1 0 0 0 0.997167 -0.0752242 0 0.0752242 0.997167 0.238296 2.69194 -1.52929</i>
                        <i>1 0 0 0 0.994779 -0.102052 0 0.102052 0.994779 0.238296 2.62539 -1.53278</i>
                        <i>1 0 0 0 0.991469 -0.130341 0 0.130341 0.991469 0.238296 2.55495 -1.53451</i>
                        <i>1 0 0 0 0.987273 -0.159034 0 0.159034 0.987273 0.238296 2.4832 -1.53422</i>
                        <i>1 0 0 0 0.982343 -0.187086 0 0.187086 0.982343 0.238296 2.41277 -1.5319</i>
                        <i>1 0 0 0 0.976949 -0.213474 0 0.213474 0.976949 0.238296 2.34626 -1.52787</i>
                        <i>1 0 0 0 0.971461 -0.2372 0 0.2372 0.971461 0.238296 2.28623 -1.52268</i>
                        <i>1 0 0 0 0.966333 -0.257294 0 0.257294 0.966333 0.238296 2.23523 -1.51711</i>
                        <i>1 0 0 0 0.962068 -0.27281 0 0.27281 0.962068 0.238296 2.19574 -1.51206</i>
                        <i>1 0 0 0 0.959175 -0.282812 0 0.282812 0.959175 0.238296 2.17023 -1.50845</i>
                        <i>1 0 0 0 0.958122 -0.286359 0 0.286359 0.958122 0.238296 2.16117 -1.50711</i>
                        <i>1 0 0 0 0.958122 -0.286359 0 0.286359 0.958122 0.238296 2.16117 -1.50711</i>
                        <i>1 0 0 0 0.958122 -0.286359 0 0.286359 0.958122 0.238296 2.16117 -1.50711</i>
                        <i>1 0 0 0 0.958122 -0.286359 0 0.286359 0.958122 0.238296 2.16117 -1.50711</i>
                        <i>1 0 0 0 0.958122 -0.286359 0 0.286359 0.958122 0.238296 2.16117 -1.50711</i>
                        <i>1 0 0 0 0.958122 -0.286359 0 0.286359 0.958122 0.238296 2.16117 -1.50711</i>
                        <i>1 0 0 0 0.958122 -0.286359 0 0.286359 0.958122 0.238296 2.16117 -1.50711</i>
                        <i>1 0 0 0 0.958122 -0.286359 0 0.286359 0.958122 0.238296 2.16117 -1.50711</i>
                        <i>1 0 0 0 0.958122 -0.286359 0 0.286359 0.958122 0.238296 2.16117 -1.50711</i>
                        <i>1 0 0 0 0.958122 -0.286359 0 0.286359 0.958122 0.238296 2.16117 -1.50711</i>
                        <i>1 0 0 0 0.958122 -0.286359 0 0.286359 0.958122 0.238296 2.16117 -1.50711</i>
                        <i>1 0 0 0 0.958122 -0.286359 0 0.286359 0.958122 0.238296 2.16117 -1.50711</i>
                        <i>1 0 0 0 0.958122 -0.286359 0 0.286359 0.958122 0.238296 2.16117 -1.50711</i>
                        <i>1 0 0 0 0.958122 -0.286359 0 0.286359 0.958122 0.238296 2.16117 -1.50711</i>
                        <i>1 0 0 0 0.958122 -0.286359 0 0.286359 0.958122 0.238296 2.16117 -1.50711</i>
                        <i>1 0 0 0 0.958122 -0.286359 0 0.286359 0.958122 0.238296 2.16117 -1.50711</i>
                        <i>1 0 0 0 0.958122 -0.286359 0 0.286359 0.958122 0.238296 2.16117 -1.50711</i>
                        <i>1 0 0 0 0.958122 -0.286359 0 0.286359 0.958122 0.238296 2.16117 -1.50711</i>
                        <i>1 0 0 0 0.958122 -0.286359 0 0.286359 0.958122 0.238296 2.16117 -1.50711</i>
                        <i>1 0 0 0 0.958122 -0.286359 0 0.286359 0.958122 0.238296 2.16117 -1.50711</i>
                        <i>1 0 0 0 0.958122 -0.286359 0 0.286359 0.958122 0.238296 2.16117 -1.50711</i>
                        <i>1 0 0 0 0.958122 -0.286359 0 0.286359 0.958122 0.238296 2.16117 -1.50711</i>
                        <i>1 0 0 0 0.958122 -0.286359 0 0.286359 0.958122 0.238296 2.16117 -1.50711</i>
                        <i>1 0 0 0 0.958122 -0.286359 0 0.286359 0.958122 0.238296 2.16117 -1.50711</i>
                        <i>1 0 0 0 0.958122 -0.286359 0 0.286359 0.958122 0.238296 2.16117 -1.50711</i>
                        <i>1 0 0 0 0.958122 -0.286359 0 0.286359 0.958122 0.238296 2.16117 -1.50711</i>
                        <i>1 0 0 0 0.959658 -0.281169 0 0.281169 0.959658 0.238296 2.17442 -1.50907</i>
                        <i>1 0 0 0 0.96383 -0.266519 0 0.266519 0.96383 0.238296 2.21176 -1.51419</i>
                        <i>1 0 0 0 0.969836 -0.243758 0 0.243758 0.969836 0.238296 2.2696 -1.52098</i>
                        <i>1 0 0 0 0.976784 -0.214227 0 0.214227 0.976784 0.238296 2.34436 -1.52773</i>
                        <i>1 0 0 0 0.983795 -0.179299 0 0.179299 0.983795 0.238296 2.43235 -1.53275</i>
                        <i>1 0 0 0 0.990094 -0.140406 0 0.140406 0.990094 0.238296 2.52981 -1.53465</i>
                        <i>1 0 0 0 0.995083 -0.0990409 0 0.0990409 0.995083 0.238296 2.63287 -1.53248</i>
                        <i>1 0 0 0 0.998388 -0.0567494 0 0.0567494 0.998388 0.238296 2.73762 -1.52586</i>
                        <i>1 0 0 0 0.999886 -0.0151106 0 0.0151106 0.999886 0.238296 2.84013 -1.51504</i>
                        <i>1 0 0 0 0.999705 0.0242888 0 -0.0242888 0.999705 0.238296 2.93658 -1.50089</i>
                        <i>1 0 0 0 0.998206 0.0598812 0 -0.0598812 0.998206 0.238296 3.02324 -1.48483</i>
                        <i>1 0 0 0 0.99593 0.0901331 0 -0.0901331 0.99593 0.238296 3.09655 -1.46873</i>
                        <i>1 0 0 0 0.993532 0.113551 0 -0.113551 0.993532 0.238296 3.15308 -1.45471</i>
                        <i>1 0 0 0 0.991687 0.128671 0 -0.128671 0.991687 0.238296 3.18948 -1.44493</i>
                        <i>1 0 0 0 0.990976 0.134037 0 -0.134037 0.990976 0.238296 3.20238 -1.44132</i>
                        <i>1 0 0 0 0.990976 0.134037 0 -0.134037 0.990976 0.238296 3.20238 -1.44132</i>
                        <i>1 0 0 0 0.990976 0.134037 0 -0.134037 0.990976 0.238296 3.20238 -1.44132</i>
                        <i>1 0 0 0 0.990976 0.134037 0 -0.134037 0.990976 0.238296 3.20238 -1.44132</i>
                        <i>1 0 0 0 0.990976 0.134037 0 -0.134037 0.990976 0.238296 3.20238 -1.44132</i>
                        <i>1 0 0 0 0.990976 0.134037 0 -0.134037 0.990976 0.238296 3.20238 -1.44132</i>
                        <i>1 0 0 0 0.990976 0.134037 0 -0.134037 0.990976 0.238296 3.20238 -1.44132</i>
                        <i>1 0 0 0 0.990976 0.134037 0 -0.134037 0.990976 0.238296 3.20238 -1.44132</i>
                        <i>1 0 0 0 0.990976 0.134037 0 -0.134037 0.990976 0.238296 3.20238 -1.44132</i>
                        <i>1 0 0 0 0.990976 0.134037 0 -0.134037 0.990976 0.238296 3.20238 -1.44132</i>
                        <i>1 0 0 0 0.990976 0.134037 0 -0.134037 0.990976 0.238296 3.20238 -1.44132</i>
                        <i>1 0 0 0 0.990976 0.134037 0 -0.134037 0.990976 0.238296 3.20238 -1.44132</i>
                        <i>1 0 0 0 0.990976 0.134037 0 -0.134037 0.990976 0.238296 3.20238 -1.44132</i>
                        <i>1 0 0 0 0.990976 0.134037 0 -0.134037 0.990976 0.238296 3.20238 -1.44132</i>
                        <i>1 0 0 0 0.990976 0.134037 0 -0.134037 0.990976 0.238296 3.20238 -1.44132</i>
                        <i>1 0 0 0 0.990976 0.134037 0 -0.134037 0.990976 0.238296 3.20238 -1.44132</i>
                        <i>1 0 0 0 0.990976 0.134037 0 -0.134037 0.990976 0.238296 3.20238 -1.44132</i>
                        <i>1 0 0 0 0.990976 0.134037 0 -0.134037 0.990976 0.238296 3.20238 -1.44132</i>
                        <i>1 0 0 0 0.990976 0.134037 0 -0.134037 0.990976 0.238296 3.20238 -1.44132</i>
                        <i>1 0 0 0 0.990976 0.134037 0 -0.134037 0.990976 0.238296 3.20238 -1.44132</i>
                        <i>1 0 0 0 0.990976 0.134037 0 -0.134037 0.990976 0.238296 3.20238 -1.44132</i>
                        <i>1 0 0 0 0.990976 0.134037 0 -0.134037 0.990976 0.238296 3.20238 -1.44132</i>
                        <i>1 0 0 0 0.990976 0.134037 0 -0.134037 0.990976 0.238296 3.20238 -1.44132</i>
                        <i>1 0 0 0 0.990976 0.134037 0 -0.134037 0.990976 0.238296 3.20238 -1.44132</i>
                        <i>1 0 0 0 0.990976 0.134037 0 -0.134037 0.990976 0.238296 3.20238 -1.44132</i>
                        <i>1 0 0 0 0.990976 0.134037 0 -0.134037 0.990976 0.238296 3.20238 -1.44132</i>
                        <i>1 0 0 0 0.991204 0.132339 0 -0.132339 0.991204 0.238296 3.1983 -1.44247</i>
                        <i>1 0 0 0 0.991831 0.12756 0 -0.12756 0.991831 0.238296 3.18681 -1.44567</i>
                        <i>1 0 0 0 0.992754 0.120169 0 -0.120169 0.992754 0.238296 3.16902 -1.4505</i>
                        <i>1 0 0 0 0.993861 0.110633 0 -0.110633 0.993861 0.238296 3.14605 -1.45653</i>
                        <i>1 0 0 0 0.995045 0.0994219 0 -0.0994219 0.995045 0.238296 3.119 -1.46333</i>
                        <i>1 0 0 0 0.996208 0.0870081 0 -0.0870081 0.996208 0.238296 3.089 -1.4705</i>
                        <i>1 0 0 0 0.997268 0.0738656 0 -0.0738656 0.997268 0.238296 3.05717 -1.47767</i>
                        <i>1 0 0 0 0.99817 0.0604718 0 -0.0604718 0.99817 0.238296 3.02468 -1.48454</i>
                        <i>1 0 0 0 0.99888 0.0473058 0 -0.0473058 0.99888 0.238296 2.99268 -1.49086</i>
                        <i>1 0 0 0 0.999393 0.0348482 0 -0.0348482 0.999393 0.238296 2.96234 -1.49645</i>
                        <i>1 0 0 0 0.999722 0.0235799 0 -0.0235799 0.999722 0.238296 2.93485 -1.50118</i>
                        <i>1 0 0 0 0.999902 0.0139815 0 -0.0139815 0.999902 0.238296 2.9114 -1.50496</i>
                        <i>1 0 0 0 0.999979 0.00653285 0 -0.00653285 0.999979 0.238296 2.89318 -1.50774</i>
                        <i>1 0 0 0 0.999999 0.00171288 0 -0.00171288 0.999999 0.238296 2.88138 -1.50946</i>
                        <i>1 0 0 0 1 0 0 0 1 0.238296 2.87719 -1.51006</i>
                        <i>1 0 0 0 1 0 0 0 1 0.238296 2.87719 -1.51006</i>
                        <i>1 0 0 0 1 0 0 0 1 0.238296 2.87719 -1.51006</i>
                        <i>1 0 0 0 1 0 0 0 1 0.238296 2.87719 -1.51006</i>
                        <i>1 0 0 0 1 0 0 0 1 0.238296 2.87719 -1.51006</i>
                        <i>1 0 0 0 1 0 0 0 1 0.238296 2.87719 -1.51006</i>
                        <i>1 0 0 0 1 0 0 0 1 0.238296 2.87719 -1.51006</i>
                        <i>1 0 0 0 1 0 0 0 1 0.238296 2.87719 -1.51006</i>
                        <i>1 0 0 0 1 0 0 0 1 0.238296 2.87719 -1.51006</i>
                        <i>1 0 0 0 1 0 0 0 1 0.238296 2.87719 -1.51006</i>
                        <i>1 0 0 0 1 0 0 0 1 0.238296 2.87719 -1.51006</i>
                    </KeyFrames>
                </p>
            </i>
            <i>
                <p>
                    <Name><![CDATA[crosshairs_stay]]></Name>
                    <Exclude>0</Exclude>
                    <Additive>0</Additive>
                    <IKPriority>0</IKPriority>
                    <IKRotLimits>-1e+010 -1e+010 -1e+010 1e+010 1e+010 1e+010</IKRotLimits>
                    <IKRotLimitOrder>0</IKRotLimitOrder>
                    <KeyFrames count="120">
                        <i>1 0 0 0 1 0 0 0 1 0 2.52927 0.939474</i>
                        <i>1 0 0 0 1 0 0 0 1 0 2.52927 0.939474</i>
