<?xml version="1.0" encoding="ISO-8859-1" ?>
<Animl Version="1">
    <ModellingPackage><![CDATA[Maya.2010]]></ModellingPackage>
    <SrcFile><![CDATA[anims\turrets\machinegun\red\~src\mgun_balkan\mgun_balkan_idle.mb]]></SrcFile>
    <FramesPerSecond>30</FramesPerSecond>
    <TotalFrames>97</TotalFrames>
    <Skeleton>
        <RefFrame>
            <Name><![CDATA[mgun_balkan_ref_frame]]></Name>
            <Exclude>0</Exclude>
            <Additive>0</Additive>
            <IKPriority>0</IKPriority>
            <IKRotLimits>-1e+010 -1e+010 -1e+010 1e+010 1e+010 1e+010</IKRotLimits>
            <IKRotLimitOrder>0</IKRotLimitOrder>
            <KeyFrames count="97">
                <i>1 0 0 0 1 0 0 0 1 0 0.88 0</i>
                <i>1 0 0 0 1 0 0 0 1 0 0.88 0</i>
                <i>1 0 0 0 1 0 0 0 1 0 0.88 0</i>
                <i>1 0 0 0 1 0 0 0 1 0 0.88 0</i>
                <i>1 0 0 0 1 0 0 0 1 0 0.88 0</i>
                <i>1 0 0 0 1 0 0 0 1 0 0.88 0</i>
                <i>1 0 0 0 1 0 0 0 1 0 0.88 0</i>
                <i>1 0 0 0 1 0 0 0 1 0 0.88 0</i>
                <i>1 0 0 0 1 0 0 0 1 0 0.88 0</i>
                <i>1 0 0 0 1 0 0 0 1 0 0.88 0</i>
                <i>1 0 0 0 1 0 0 0 1 0 0.88 0</i>
                <i>1 0 0 0 1 0 0 0 1 0 0.88 0</i>
                <i>1 0 0 0 1 0 0 0 1 0 0.88 0</i>
                <i>1 0 0 0 1 0 0 0 1 0 0.88 0</i>
                <i>1 0 0 0 1 0 0 0 1 0 0.88 0</i>
                <i>1 0 0 0 1 0 0 0 1 0 0.88 0</i>
                <i>1 0 0 0 1 0 0 0 1 0 0.88 0</i>
                <i>1 0 0 0 1 0 0 0 1 0 0.88 0</i>
                <i>1 0 0 0 1 0 0 0 1 0 0.88 0</i>
                <i>1 0 0 0 1 0 0 0 1 0 0.88 0</i>
                <i>1 0 0 0 1 0 0 0 1 0 0.88 0</i>
                <i>1 0 0 0 1 0 0 0 1 0 0.88 0</i>
                <i>1 0 0 0 1 0 0 0 1 0 0.88 0</i>
                <i>1 0 0 0 1 0 0 0 1 0 0.88 0</i>
                <i>1 0 0 0 1 0 0 0 1 0 0.88 0</i>
                <i>1 0 0 0 1 0 0 0 1 0 0.88 0</i>
                <i>1 0 0 0 1 0 0 0 1 0 0.88 0</i>
                <i>1 0 0 0 1 0 0 0 1 0 0.88 0</i>
                <i>1 0 0 0 1 0 0 0 1 0 0.88 0</i>
                <i>1 0 0 0 1 0 0 0 1 0 0.88 0</i>
                <i>1 0 0 0 1 0 0 0 1 0 0.88 0</i>
                <i>1 0 0 0 1 0 0 0 1 0 0.88 0</i>
                <i>1 0 0 0 1 0 0 0 1 0 0.88 0</i>
                <i>1 0 0 0 1 0 0 0 1 0 0.88 0</i>
                <i>1 0 0 0 1 0 0 0 1 0 0.88 0</i>
                <i>1 0 0 0 1 0 0 0 1 0 0.88 0</i>
                <i>1 0 0 0 1 0 0 0 1 0 0.88 0</i>
                <i>1 0 0 0 1 0 0 0 1 0 0.88 0</i>
                <i>1 0 0 0 1 0 0 0 1 0 0.88 0</i>
                <i>1 0 0 0 1 0 0 0 1 0 0.88 0</i>
                <i>1 0 0 0 1 0 0 0 1 0 0.88 0</i>
                <i>1 0 0 0 1 0 0 0 1 0 0.88 0</i>
                <i>1 0 0 0 1 0 0 0 1 0 0.88 0</i>
                <i>1 0 0 0 1 0 0 0 1 0 0.88 0</i>
                <i>1 0 0 0 1 0 0 0 1 0 0.88 0</i>
                <i>1 0 0 0 1 0 0 0 1 0 0.88 0</i>
                <i>1 0 0 0 1 0 0 0 1 0 0.88 0</i>
                <i>1 0 0 0 1 0 0 0 1 0 0.88 0</i>
                <i>1 0 0 0 1 0 0 0 1 0 0.88 0</i>
                <i>1 0 0 0 1 0 0 0 1 0 0.88 0</i>
                <i>1 0 0 0 1 0 0 0 1 0 0.88 0</i>
                <i>1 0 0 0 1 0 0 0 1 0 0.88 0</i>
                <i>1 0 0 0 1 0 0 0 1 0 0.88 0</i>
                <i>1 0 0 0 1 0 0 0 1 0 0.88 0</i>
                <i>1 0 0 0 1 0 0 0 1 0 0.88 0</i>
                <i>1 0 0 0 1 0 0 0 1 0 0.88 0</i>
                <i>1 0 0 0 1 0 0 0 1 0 0.88 0</i>
                <i>1 0 0 0 1 0 0 0 1 0 0.88 0</i>
                <i>1 0 0 0 1 0 0 0 1 0 0.88 0</i>
                <i>1 0 0 0 1 0 0 0 1 0 0.88 0</i>
                <i>1 0 0 0 1 0 0 0 1 0 0.88 0</i>
                <i>1 0 0 0 1 0 0 0 1 0 0.88 0</i>
                <i>1 0 0 0 1 0 0 0 1 0 0.88 0</i>
                <i>1 0 0 0 1 0 0 0 1 0 0.88 0</i>
                <i>1 0 0 0 1 0 0 0 1 0 0.88 0</i>
                <i>1 0 0 0 1 0 0 0 1 0 0.88 0</i>
                <i>1 0 0 0 1 0 0 0 1 0 0.88 0</i>
                <i>1 0 0 0 1 0 0 0 1 0 0.88 0</i>
                <i>1 0 0 0 1 0 0 0 1 0 0.88 0</i>
                <i>1 0 0 0 1 0 0 0 1 0 0.88 0</i>
                <i>1 0 0 0 1 0 0 0 1 0 0.88 0</i>
                <i>1 0 0 0 1 0 0 0 1 0 0.88 0</i>
                <i>1 0 0 0 1 0 0 0 1 0 0.88 0</i>
                <i>1 0 0 0 1 0 0 0 1 0 0.88 0</i>
                <i>1 0 0 0 1 0 0 0 1 0 0.88 0</i>
                <i>1 0 0 0 1 0 0 0 1 0 0.88 0</i>
                <i>1 0 0 0 1 0 0 0 1 0 0.88 0</i>
                <i>1 0 0 0 1 0 0 0 1 0 0.88 0</i>
                <i>1 0 0 0 1 0 0 0 1 0 0.88 0</i>
                <i>1 0 0 0 1 0 0 0 1 0 0.88 0</i>
                <i>1 0 0 0 1 0 0 0 1 0 0.88 0</i>
                <i>1 0 0 0 1 0 0 0 1 0 0.88 0</i>
                <i>1 0 0 0 1 0 0 0 1 0 0.88 0</i>
                <i>1 0 0 0 1 0 0 0 1 0 0.88 0</i>
                <i>1 0 0 0 1 0 0 0 1 0 0.88 0</i>
                <i>1 0 0 0 1 0 0 0 1 0 0.88 0</i>
                <i>1 0 0 0 1 0 0 0 1 0 0.88 0</i>
                <i>1 0 0 0 1 0 0 0 1 0 0.88 0</i>
                <i>1 0 0 0 1 0 0 0 1 0 0.88 0</i>
                <i>1 0 0 0 1 0 0 0 1 0 0.88 0</i>
                <i>1 0 0 0 1 0 0 0 1 0 0.88 0</i>
                <i>1 0 0 0 1 0 0 0 1 0 0.88 0</i>
                <i>1 0 0 0 1 0 0 0 1 0 0.88 0</i>
                <i>1 0 0 0 1 0 0 0 1 0 0.88 0</i>
                <i>1 0 0 0 1 0 0 0 1 0 0.88 0</i>
                <i>1 0 0 0 1 0 0 0 1 0 0.88 0</i>
                <i>1 0 0 0 1 0 0 0 1 0 0.88 0</i>
            </KeyFrames>
        </RefFrame>
        <Bones count="14">
            <i>
                <p>
                    <Name><![CDATA[mgun_balkan_root]]></Name>
                    <Exclude>0</Exclude>
                    <Additive>0</Additive>
                    <IKPriority>0</IKPriority>
                    <IKRotLimits>-1e+010 -1e+010 -1e+010 1e+010 1e+010 1e+010</IKRotLimits>
                    <IKRotLimitOrder>0</IKRotLimitOrder>
                    <KeyFrames count="97">
                        <i>1 0 0 0 1 0 0 0 1 0 0.88 0</i>
                        <i>1 0 0 0 1 0 0 0 1 0 0.88 0</i>
                        <i>1 0 0 0 1 0 0 0 1 0 0.88 0</i>
                        <i>1 0 0 0 1 0 0 0 1 0 0.88 0</i>
                        <i>1 0 0 0 1 0 0 0 1 0 0.88 0</i>
                        <i>1 0 0 0 1 0 0 0 1 0 0.88 0</i>
                        <i>1 0 0 0 1 0 0 0 1 0 0.88 0</i>
                        <i>1 0 0 0 1 0 0 0 1 0 0.88 0</i>
                        <i>1 0 0 0 1 0 0 0 1 0 0.88 0</i>
                        <i>1 0 0 0 1 0 0 0 1 0 0.88 0</i>
                        <i>1 0 0 0 1 0 0 0 1 0 0.88 0</i>
                        <i>1 0 0 0 1 0 0 0 1 0 0.88 0</i>
                        <i>1 0 0 0 1 0 0 0 1 0 0.88 0</i>
                        <i>1 0 0 0 1 0 0 0 1 0 0.88 0</i>
                        <i>1 0 0 0 1 0 0 0 1 0 0.88 0</i>
                        <i>1 0 0 0 1 0 0 0 1 0 0.88 0</i>
                        <i>1 0 0 0 1 0 0 0 1 0 0.88 0</i>
                        <i>1 0 0 0 1 0 0 0 1 0 0.88 0</i>
                        <i>1 0 0 0 1 0 0 0 1 0 0.88 0</i>
                        <i>1 0 0 0 1 0 0 0 1 0 0.88 0</i>
                        <i>1 0 0 0 1 0 0 0 1 0 0.88 0</i>
                        <i>1 0 0 0 1 0 0 0 1 0 0.88 0</i>
                        <i>1 0 0 0 1 0 0 0 1 0 0.88 0</i>
                        <i>1 0 0 0 1 0 0 0 1 0 0.88 0</i>
                        <i>1 0 0 0 1 0 0 0 1 0 0.88 0</i>
                        <i>1 0 0 0 1 0 0 0 1 0 0.88 0</i>
                        <i>1 0 0 0 1 0 0 0 1 0 0.88 0</i>
                        <i>1 0 0 0 1 0 0 0 1 0 0.88 0</i>
                        <i>1 0 0 0 1 0 0 0 1 0 0.88 0</i>
                        <i>1 0 0 0 1 0 0 0 1 0 0.88 0</i>
                        <i>1 0 0 0 1 0 0 0 1 0 0.88 0</i>
                        <i>1 0 0 0 1 0 0 0 1 0 0.88 0</i>
                        <i>1 0 0 0 1 0 0 0 1 0 0.88 0</i>
                        <i>1 0 0 0 1 0 0 0 1 0 0.88 0</i>
                        <i>1 0 0 0 1 0 0 0 1 0 0.88 0</i>
                        <i>1 0 0 0 1 0 0 0 1 0 0.88 0</i>
                        <i>1 0 0 0 1 0 0 0 1 0 0.88 0</i>
                        <i>1 0 0 0 1 0 0 0 1 0 0.88 0</i>
                        <i>1 0 0 0 1 0 0 0 1 0 0.88 0</i>
                        <i>1 0 0 0 1 0 0 0 1 0 0.88 0</i>
                        <i>1 0 0 0 1 0 0 0 1 0 0.88 0</i>
                        <i>1 0 0 0 1 0 0 0 1 0 0.88 0</i>
                        <i>1 0 0 0 1 0 0 0 1 0 0.88 0</i>
                        <i>1 0 0 0 1 0 0 0 1 0 0.88 0</i>
                        <i>1 0 0 0 1 0 0 0 1 0 0.88 0</i>
                        <i>1 0 0 0 1 0 0 0 1 0 0.88 0</i>
                        <i>1 0 0 0 1 0 0 0 1 0 0.88 0</i>
                        <i>1 0 0 0 1 0 0 0 1 0 0.88 0</i>
                        <i>1 0 0 0 1 0 0 0 1 0 0.88 0</i>
                        <i>1 0 0 0 1 0 0 0 1 0 0.88 0</i>
                        <i>1 0 0 0 1 0 0 0 1 0 0.88 0</i>
                        <i>1 0 0 0 1 0 0 0 1 0 0.88 0</i>
                        <i>1 0 0 0 1 0 0 0 1 0 0.88 0</i>
                        <i>1 0 0 0 1 0 0 0 1 0 0.88 0</i>
                        <i>1 0 0 0 1 0 0 0 1 0 0.88 0</i>
                        <i>1 0 0 0 1 0 0 0 1 0 0.88 0</i>
                        <i>1 0 0 0 1 0 0 0 1 0 0.88 0</i>
                        <i>1 0 0 0 1 0 0 0 1 0 0.88 0</i>
                        <i>1 0 0 0 1 0 0 0 1 0 0.88 0</i>
                        <i>1 0 0 0 1 0 0 0 1 0 0.88 0</i>
                        <i>1 0 0 0 1 0 0 0 1 0 0.88 0</i>
                        <i>1 0 0 0 1 0 0 0 1 0 0.88 0</i>
                        <i>1 0 0 0 1 0 0 0 1 0 0.88 0</i>
                        <i>1 0 0 0 1 0 0 0 1 0 0.88 0</i>
                        <i>1 0 0 0 1 0 0 0 1 0 0.88 0</i>
                        <i>1 0 0 0 1 0 0 0 1 0 0.88 0</i>
                        <i>1 0 0 0 1 0 0 0 1 0 0.88 0</i>
                        <i>1 0 0 0 1 0 0 0 1 0 0.88 0</i>
                        <i>1 0 0 0 1 0 0 0 1 0 0.88 0</i>
                        <i>1 0 0 0 1 0 0 0 1 0 0.88 0</i>
                        <i>1 0 0 0 1 0 0 0 1 0 0.88 0</i>
                        <i>1 0 0 0 1 0 0 0 1 0 0.88 0</i>
                        <i>1 0 0 0 1 0 0 0 1 0 0.88 0</i>
                        <i>1 0 0 0 1 0 0 0 1 0 0.88 0</i>
                        <i>1 0 0 0 1 0 0 0 1 0 0.88 0</i>
                        <i>1 0 0 0 1 0 0 0 1 0 0.88 0</i>
                        <i>1 0 0 0 1 0 0 0 1 0 0.88 0</i>
                        <i>1 0 0 0 1 0 0 0 1 0 0.88 0</i>
                        <i>1 0 0 0 1 0 0 0 1 0 0.88 0</i>
                        <i>1 0 0 0 1 0 0 0 1 0 0.88 0</i>
                        <i>1 0 0 0 1 0 0 0 1 0 0.88 0</i>
                        <i>1 0 0 0 1 0 0 0 1 0 0.88 0</i>
                        <i>1 0 0 0 1 0 0 0 1 0 0.88 0</i>
                        <i>1 0 0 0 1 0 0 0 1 0 0.88 0</i>
                        <i>1 0 0 0 1 0 0 0 1 0 0.88 0</i>
                        <i>1 0 0 0 1 0 0 0 1 0 0.88 0</i>
                        <i>1 0 0 0 1 0 0 0 1 0 0.88 0</i>
                        <i>1 0 0 0 1 0 0 0 1 0 0.88 0</i>
                        <i>1 0 0 0 1 0 0 0 1 0 0.88 0</i>
                        <i>1 0 0 0 1 0 0 0 1 0 0.88 0</i>
                        <i>1 0 0 0 1 0 0 0 1 0 0.88 0</i>
                        <i>1 0 0 0 1 0 0 0 1 0 0.88 0</i>
                        <i>1 0 0 0 1 0 0 0 1 0 0.88 0</i>
                        <i>1 0 0 0 1 0 0 0 1 0 0.88 0</i>
                        <i>1 0 0 0 1 0 0 0 1 0 0.88 0</i>
                        <i>1 0 0 0 1 0 0 0 1 0 0.88 0</i>
                        <i>1 0 0 0 1 0 0 0 1 0 0.88 0</i>
                    </KeyFrames>
                </p>
            </i>
            <i>
                <p>
                    <Name><![CDATA[body]]></Name>
                    <Exclude>0</Exclude>
                    <Additive>0</Additive>
                    <IKPriority>0</IKPriority>
                    <IKRotLimits>-1e+010 -1e+010 -1e+010 1e+010 1e+010 1e+010</IKRotLimits>
                    <IKRotLimitOrder>0</IKRotLimitOrder>
                    <KeyFrames count="97">
                        <i>1 0 0 0 1 0 0 0 1 0 1.99334 0.879109</i>
                        <i>1 0 0 0 1 0 0 0 1 0 1.99334 0.879109</i>
                        <i>1 0 0 0 1 0 0 0 1 0 1.99334 0.879109</i>
                        <i>1 0 0 0 1 0 0 0 1 0 1.99334 0.879109</i>
                        <i>1 0 0 0 1 0 0 0 1 0 1.99334 0.879109</i>
                        <i>1 0 0 0 1 0 0 0 1 0 1.99334 0.879109</i>
                        <i>1 0 0 0 1 0 0 0 1 0 1.99334 0.879109</i>
                        <i>1 0 0 0 1 0 0 0 1 0 1.99334 0.879109</i>
                        <i>1 0 0 0 1 0 0 0 1 0 1.99334 0.879109</i>
                        <i>1 0 0 0 1 0 0 0 1 0 1.99334 0.879109</i>
                        <i>1 0 0 0 1 0 0 0 1 0 1.99334 0.879109</i>
                        <i>1 0 0 0 1 0 0 0 1 0 1.99334 0.879109</i>
                        <i>1 0 0 0 1 0 0 0 1 0 1.99334 0.879109</i>
                        <i>1 0 0 0 1 0 0 0 1 0 1.99334 0.879109</i>
                        <i>1 0 0 0 1 0 0 0 1 0 1.99334 0.879109</i>
                        <i>1 0 0 0 1 0 0 0 1 0 1.99334 0.879109</i>
                        <i>1 0 0 0 1 0 0 0 1 0 1.99334 0.879109</i>
                        <i>1 0 0 0 1 0 0 0 1 0 1.99334 0.879109</i>
                        <i>1 0 0 0 1 0 0 0 1 0 1.99334 0.879109</i>
                        <i>1 0 0 0 1 0 0 0 1 0 1.99334 0.879109</i>
                        <i>1 0 0 0 1 0 0 0 1 0 1.99334 0.879109</i>
                        <i>1 0 0 0 1 0 0 0 1 0 1.99334 0.879109</i>
                        <i>1 0 0 0 1 0 0 0 1 0 1.99334 0.879109</i>
                        <i>1 0 0 0 1 0 0 0 1 0 1.99334 0.879109</i>
                        <i>1 0 0 0 1 0 0 0 1 0 1.99334 0.879109</i>
                        <i>1 0 0 0 1 0 0 0 1 0 1.99334 0.879109</i>
                        <i>1 0 0 0 1 0 0 0 1 0 1.99334 0.879109</i>
                        <i>1 0 0 0 1 0 0 0 1 0 1.99334 0.879109</i>
                        <i>1 0 0 0 1 0 0 0 1 0 1.99334 0.879109</i>
                        <i>1 0 0 0 1 0 0 0 1 0 1.99334 0.879109</i>
                        <i>1 0 0 0 1 0 0 0 1 0 1.99334 0.879109</i>
                        <i>1 0 0 0 1 0 0 0 1 0 1.99334 0.879109</i>
                        <i>1 0 0 0 1 0 0 0 1 0 1.99334 0.879109</i>
                        <i>1 0 0 0 1 0 0 0 1 0 1.99334 0.879109</i>
                        <i>1 0 0 0 1 0 0 0 1 0 1.99334 0.879109</i>
                        <i>1 0 0 0 1 0 0 0 1 0 1.99334 0.879109</i>
                        <i>1 0 0 0 1 0 0 0 1 0 1.99334 0.879109</i>
                        <i>1 0 0 0 1 0 0 0 1 0 1.99334 0.879109</i>
                        <i>1 0 0 0 1 0 0 0 1 0 1.99334 0.879109</i>
                        <i>1 0 0 0 1 0 0 0 1 0 1.99334 0.879109</i>
                        <i>1 0 0 0 1 0 0 0 1 0 1.99334 0.879109</i>
                        <i>1 0 0 0 1 0 0 0 1 0 1.99334 0.879109</i>
                        <i>1 0 0 0 1 0 0 0 1 0 1.99334 0.879109</i>
                        <i>1 0 0 0 1 0 0 0 1 0 1.99334 0.879109</i>
                        <i>1 0 0 0 1 0 0 0 1 0 1.99334 0.879109</i>
                        <i>1 0 0 0 1 0 0 0 1 0 1.99334 0.879109</i>
                        <i>1 0 0 0 1 0 0 0 1 0 1.99334 0.879109</i>
                        <i>1 0 0 0 1 0 0 0 1 0 1.99334 0.879109</i>
                        <i>1 0 0 0 1 0 0 0 1 0 1.99334 0.879109</i>
                        <i>1 0 0 0 1 0 0 0 1 0 1.99334 0.879109</i>
                        <i>1 0 0 0 1 0 0 0 1 0 1.99334 0.879109</i>
                        <i>1 0 0 0 1 0 0 0 1 0 1.99334 0.879109</i>
                        <i>1 0 0 0 1 0 0 0 1 0 1.99334 0.879109</i>
                        <i>1 0 0 0 1 0 0 0 1 0 1.99334 0.879109</i>
                        <i>1 0 0 0 1 0 0 0 1 0 1.99334 0.879109</i>
                        <i>1 0 0 0 1 0 0 0 1 0 1.99334 0.879109</i>
                        <i>1 0 0 0 1 0 0 0 1 0 1.99334 0.879109</i>
                        <i>1 0 0 0 1 0 0 0 1 0 1.99334 0.879109</i>
                        <i>1 0 0 0 1 0 0 0 1 0 1.99334 0.879109</i>
                        <i>1 0 0 0 1 0 0 0 1 0 1.99334 0.879109</i>
                        <i>1 0 0 0 1 0 0 0 1 0 1.99334 0.879109</i>
                        <i>1 0 0 0 1 0 0 0 1 0 1.99334 0.879109</i>
                        <i>1 0 0 0 1 0 0 0 1 0 1.99334 0.879109</i>
                        <i>1 0 0 0 1 0 0 0 1 0 1.99334 0.879109</i>
                        <i>1 0 0 0 1 0 0 0 1 0 1.99334 0.879109</i>
                        <i>1 0 0 0 1 0 0 0 1 0 1.99334 0.879109</i>
                        <i>1 0 0 0 1 0 0 0 1 0 1.99334 0.879109</i>
                        <i>1 0 0 0 1 0 0 0 1 0 1.99334 0.879109</i>
                        <i>1 0 0 0 1 0 0 0 1 0 1.99334 0.879109</i>
                        <i>1 0 0 0 1 0 0 0 1 0 1.99334 0.879109</i>
                        <i>1 0 0 0 1 0 0 0 1 0 1.99334 0.879109</i>
                        <i>1 0 0 0 1 0 0 0 1 0 1.99334 0.879109</i>
                        <i>1 0 0 0 1 0 0 0 1 0 1.99334 0.879109</i>
                        <i>1 0 0 0 1 0 0 0 1 0 1.99334 0.879109</i>
                        <i>1 0 0 0 1 0 0 0 1 0 1.99334 0.879109</i>
                        <i>1 0 0 0 1 0 0 0 1 0 1.99334 0.879109</i>
                        <i>1 0 0 0 1 0 0 0 1 0 1.99334 0.879109</i>
                        <i>1 0 0 0 1 0 0 0 1 0 1.99334 0.879109</i>
                        <i>1 0 0 0 1 0 0 0 1 0 1.99334 0.879109</i>
                        <i>1 0 0 0 1 0 0 0 1 0 1.99334 0.879109</i>
                        <i>1 0 0 0 1 0 0 0 1 0 1.99334 0.879109</i>
                        <i>1 0 0 0 1 0 0 0 1 0 1.99334 0.879109</i>
                        <i>1 0 0 0 1 0 0 0 1 0 1.99334 0.879109</i>
                        <i>1 0 0 0 1 0 0 0 1 0 1.99334 0.879109</i>
                        <i>1 0 0 0 1 0 0 0 1 0 1.99334 0.879109</i>
                        <i>1 0 0 0 1 0 0 0 1 0 1.99334 0.879109</i>
                        <i>1 0 0 0 1 0 0 0 1 0 1.99334 0.879109</i>
                        <i>1 0 0 0 1 0 0 0 1 0 1.99334 0.879109</i>
                        <i>1 0 0 0 1 0 0 0 1 0 1.99334 0.879109</i>
                        <i>1 0 0 0 1 0 0 0 1 0 1.99334 0.879109</i>
                        <i>1 0 0 0 1 0 0 0 1 0 1.99334 0.879109</i>
                        <i>1 0 0 0 1 0 0 0 1 0 1.99334 0.879109</i>
                        <i>1 0 0 0 1 0 0 0 1 0 1.99334 0.879109</i>
                        <i>1 0 0 0 1 0 0 0 1 0 1.99334 0.879109</i>
                        <i>1 0 0 0 1 0 0 0 1 0 1.99334 0.879109</i>
                        <i>1 0 0 0 1 0 0 0 1 0 1.99334 0.879109</i>
                        <i>1 0 0 0 1 0 0 0 1 0 1.99334 0.879109</i>
                    </KeyFrames>
                </p>
            </i>
            <i>
                <p>
                    <Name><![CDATA[yaw]]></Name>
                    <Exclude>0</Exclude>
                    <Additive>0</Additive>
                    <IKPriority>0</IKPriority>
                    <IKRotLimits>-1e+010 -1e+010 -1e+010 1e+010 1e+010 1e+010</IKRotLimits>
                    <IKRotLimitOrder>0</IKRotLimitOrder>
                    <KeyFrames count="97">
                        <i>1 0 0 0 1 0 0 0 1 0 2.18866 0.804581</i>
                        <i>0.999986 0 -0.00536154 0 1 0 0.00536154 0 0.999986 0 2.18866 0.804581</i>
                        <i>0.999937 0 -0.0112178 0 1 0 0.0112178 0 0.999937 0 2.18866 0.804581</i>
                        <i>0.999847 0 -0.0174979 0 1 0 0.0174979 0 0.999847 0 2.18866 0.804581</i>
                        <i>0.999709 0 -0.0241306 0 1 0 0.0241306 0 0.999709 0 2.18866 0.804581</i>
                        <i>0.999518 0 -0.031045 0 1 0 0.031045 0 0.999518 0 2.18866 0.804581</i>
                        <i>0.999271 0 -0.0381698 0 1 0 0.0381698 0 0.999271 0 2.18866 0.804581</i>
                        <i>0.998967 0 -0.045434 0 1 0 0.045434 0 0.998967 0 2.18866 0.804581</i>
                        <i>0.998607 0 -0.0527663 0 1 0 0.0527663 0 0.998607 0 2.18866 0.804581</i>
                        <i>0.998193 0 -0.0600958 0 1 0 0.0600958 0 0.998193 0 2.18866 0.804581</i>
                        <i>0.997729 0 -0.0673515 0 1 0 0.0673515 0 0.997729 0 2.18866 0.804581</i>
                        <i>0.997224 0 -0.0744627 0 1 0 0.0744627 0 0.997224 0 2.18866 0.804581</i>
                        <i>0.996685 0 -0.0813587 0 1 0 0.0813587 0 0.996685 0 2.18866 0.804581</i>
                        <i>0.996123 0 -0.087969 0 1 0 0.087969 0 0.996123 0 2.18866 0.804581</i>
                        <i>0.995551 0 -0.0942236 0 1 0 0.0942236 0 0.995551 0 2.18866 0.804581</i>
                        <i>0.994982 0 -0.100052 0 1 0 0.100052 0 0.994982 0 2.18866 0.804581</i>
                        <i>0.994431 0 -0.105386 0 1 0 0.105386 0 0.994431 0 2.18866 0.804581</i>
                        <i>0.993915 0 -0.110154 0 1 0 0.110154 0 0.993915 0 2.18866 0.804581</i>
                        <i>0.993448 0 -0.114287 0 1 0 0.114287 0 0.993448 0 2.18866 0.804581</i>
                        <i>0.993047 0 -0.117716 0 1 0 0.117716 0 0.993047 0 2.18866 0.804581</i>
                        <i>0.992729 0 -0.120372 0 1 0 0.120372 0 0.992729 0 2.18866 0.804581</i>
                        <i>0.992507 0 -0.122185 0 1 0 0.122185 0 0.992507 0 2.18866 0.804581</i>
                        <i>0.992396 0 -0.123086 0 1 0 0.123086 0 0.992396 0 2.18866 0.804581</i>
                        <i>0.992406 0 -0.123004 0 1 0 0.123004 0 0.992406 0 2.18866 0.804581</i>
                        <i>0.992546 0 -0.121869 0 1 0 0.121869 0 0.992546 0 2.18866 0.804581</i>
                        <i>0.992777 0 -0.119977 0 1 0 0.119977 0 0.992777 0 2.18866 0.804581</i>
                        <i>0.993051 0 -0.117681 0 1 0 0.117681 0 0.993051 0 2.18866 0.804581</i>
                        <i>0.993366 0 -0.114998 0 1 0 0.114998 0 0.993366 0 2.18866 0.804581</i>
                        <i>0.993714 0 -0.111945 0 1 0 0.111945 0 0.993714 0 2.18866 0.804581</i>
                        <i>0.994092 0 -0.10854 0 1 0 0.10854 0 0.994092 0 2.18866 0.804581</i>
                        <i>0.994493 0 -0.1048 0 1 0 0.1048 0 0.994493 0 2.18866 0.804581</i>
                        <i>0.994913 0 -0.100741 0 1 0 0.100741 0 0.994913 0 2.18866 0.804581</i>
                        <i>0.995344 0 -0.0963819 0 1 0 0.0963819 0 0.995344 0 2.18866 0.804581</i>
                        <i>0.995783 0 -0.0917392 0 1 0 0.0917392 0 0.995783 0 2.18866 0.804581</i>
                        <i>0.996223 0 -0.0868304 0 1 0 0.0868304 0 0.996223 0 2.18866 0.804581</i>
                        <i>0.996659 0 -0.0816728 0 1 0 0.0816728 0 0.996659 0 2.18866 0.804581</i>
                        <i>0.997086 0 -0.076284 0 1 0 0.076284 0 0.997086 0 2.18866 0.804581</i>
                        <i>0.997499 0 -0.0706813 0 1 0 0.0706813 0 0.997499 0 2.18866 0.804581</i>
                        <i>0.997893 0 -0.0648824 0 1 0 0.0648824 0 0.997893 0 2.18866 0.804581</i>
                        <i>0.998264 0 -0.0589048 0 1 0 0.0589048 0 0.998264 0 2.18866 0.804581</i>
                        <i>0.998607 0 -0.0527663 0 1 0 0.0527663 0 0.998607 0 2.18866 0.804581</i>
                        <i>0.998919 0 -0.0464845 0 1 0 0.0464845 0 0.998919 0 2.18866 0.804581</i>
                        <i>0.999197 0 -0.0400773 0 1 0 0.0400773 0 0.999197 0 2.18866 0.804581</i>
                        <i>0.999437 0 -0.0335624 0 1 0 0.0335624 0 0.999437 0 2.18866 0.804581</i>
                        <i>0.999637 0 -0.0269578 0 1 0 0.0269578 0 0.999637 0 2.18866 0.804581</i>
                        <i>0.999794 0 -0.0202813 0 1 0 0.0202813 0 0.999794 0 2.18866 0.804581</i>
                        <i>0.999908 0 -0.0135508 0 1 0 0.0135508 0 0.999908 0 2.18866 0.804581</i>
                        <i>0.999977 0 -0.00678439 0 1 0 0.00678439 0 0.999977 0 2.18866 0.804581</i>
                        <i>1 0 0 0 1 0 0 0 1 0 2.18866 0.804581</i>
                        <i>0.999977 0 0.00678438 0 1 0 -0.00678438 0 0.999977 0 2.18866 0.804581</i>
                        <i>0.999908 0 0.0135508 0 1 0 -0.0135508 0 0.999908 0 2.18866 0.804581</i>
                        <i>0.999794 0 0.0202812 0 1 0 -0.0202812 0 0.999794 0 2.18866 0.804581</i>
                        <i>0.999637 0 0.0269578 0 1 0 -0.0269578 0 0.999637 0 2.18866 0.804581</i>
                        <i>0.999437 0 0.0335624 0 1 0 -0.0335624 0 0.999437 0 2.18866 0.804581</i>
                        <i>0.999197 0 0.0400773 0 1 0 -0.0400773 0 0.999197 0 2.18866 0.804581</i>
                        <i>0.998919 0 0.0464845 0 1 0 -0.0464845 0 0.998919 0 2.18866 0.804581</i>
                        <i>0.998607 0 0.0527663 0 1 0 -0.0527663 0 0.998607 0 2.18866 0.804581</i>
                        <i>0.998264 0 0.0589048 0 1 0 -0.0589048 0 0.998264 0 2.18866 0.804581</i>
                        <i>0.997893 0 0.0648824 0 1 0 -0.0648824 0 0.997893 0 2.18866 0.804581</i>
                        <i>0.997499 0 0.0706813 0 1 0 -0.0706813 0 0.997499 0 2.18866 0.804581</i>
                        <i>0.997086 0 0.076284 0 1 0 -0.076284 0 0.997086 0 2.18866 0.804581</i>
                        <i>0.996659 0 0.0816728 0 1 0 -0.0816728 0 0.996659 0 2.18866 0.804581</i>
                        <i>0.996223 0 0.0868304 0 1 0 -0.0868304 0 0.996223 0 2.18866 0.804581</i>
                        <i>0.995783 0 0.0917392 0 1 0 -0.0917392 0 0.995783 0 2.18866 0.804581</i>
                        <i>0.995344 0 0.0963819 0 1 0 -0.0963819 0 0.995344 0 2.18866 0.804581</i>
                        <i>0.994913 0 0.100741 0 1 0 -0.100741 0 0.994913 0 2.18866 0.804581</i>
                        <i>0.994493 0 0.1048 0 1 0 -0.1048 0 0.994493 0 2.18866 0.804581</i>
                        <i>0.994092 0 0.10854 0 1 0 -0.10854 0 0.994092 0 2.18866 0.804581</i>
                        <i>0.993714 0 0.111945 0 1 0 -0.111945 0 0.993714 0 2.18866 0.804581</i>
                        <i>0.993366 0 0.114998 0 1 0 -0.114998 0 0.993366 0 2.18866 0.804581</i>
                        <i>0.993051 0 0.117681 0 1 0 -0.117681 0 0.993051 0 2.18866 0.804581</i>
                        <i>0.992777 0 0.119977 0 1 0 -0.119977 0 0.992777 0 2.18866 0.804581</i>
                        <i>0.992546 0 0.121869 0 1 0 -0.121869 0 0.992546 0 2.18866 0.804581</i>
                        <i>0.992406 0 0.123004 0 1 0 -0.123004 0 0.992406 0 2.18866 0.804581</i>
                        <i>0.992396 0 0.123086 0 1 0 -0.123086 0 0.992396 0 2.18866 0.804581</i>
                        <i>0.992507 0 0.122185 0 1 0 -0.122185 0 0.992507 0 2.18866 0.804581</i>
                        <i>0.992729 0 0.120372 0 1 0 -0.120372 0 0.992729 0 2.18866 0.804581</i>
                        <i>0.993047 0 0.117716 0 1 0 -0.117716 0 0.993047 0 2.18866 0.804581</i>
                        <i>0.993448 0 0.114287 0 1 0 -0.114287 0 0.993448 0 2.18866 0.804581</i>
                        <i>0.993915 0 0.110154 0 1 0 -0.110154 0 0.993915 0 2.18866 0.804581</i>
                        <i>0.994431 0 0.105386 0 1 0 -0.105386 0 0.994431 0 2.18866 0.804581</i>
                        <i>0.994982 0 0.100052 0 1 0 -0.100052 0 0.994982 0 2.18866 0.804581</i>
                        <i>0.995551 0 0.0942236 0 1 0 -0.0942236 0 0.995551 0 2.18866 0.804581</i>
                        <i>0.996123 0 0.0879691 0 1 0 -0.0879691 0 0.996123 0 2.18866 0.804581</i>
                        <i>0.996685 0 0.0813587 0 1 0 -0.0813587 0 0.996685 0 2.18866 0.804581</i>
                        <i>0.997224 0 0.0744627 0 1 0 -0.0744627 0 0.997224 0 2.18866 0.804581</i>
                        <i>0.997729 0 0.0673516 0 1 0 -0.0673516 0 0.997729 0 2.18866 0.804581</i>
                        <i>0.998193 0 0.0600958 0 1 0 -0.0600958 0 0.998193 0 2.18866 0.804581</i>
                        <i>0.998607 0 0.0527663 0 1 0 -0.0527663 0 0.998607 0 2.18866 0.804581</i>
                        <i>0.998967 0 0.045434 0 1 0 -0.045434 0 0.998967 0 2.18866 0.804581</i>
                        <i>0.999271 0 0.0381698 0 1 0 -0.0381698 0 0.999271 0 2.18866 0.804581</i>
                        <i>0.999518 0 0.031045 0 1 0 -0.031045 0 0.999518 0 2.18866 0.804581</i>
                        <i>0.999709 0 0.0241306 0 1 0 -0.0241306 0 0.999709 0 2.18866 0.804581</i>
                        <i>0.999847 0 0.0174979 0 1 0 -0.0174979 0 0.999847 0 2.18866 0.804581</i>
                        <i>0.999937 0 0.0112178 0 1 0 -0.0112178 0 0.999937 0 2.18866 0.804581</i>
                        <i>0.999986 0 0.00536154 0 1 0 -0.00536154 0 0.999986 0 2.18866 0.804581</i>
                        <i>1 0 0 0 1 0 0 0 1 0 2.18866 0.804581</i>
                    </KeyFrames>
                </p>
            </i>
            <i>
                <p>
                    <Name><![CDATA[pitch]]></Name>
                    <Exclude>0</Exclude>
                    <Additive>0</Additive>
                    <IKPriority>0</IKPriority>
                    <IKRotLimits>-1e+010 -1e+010 -1e+010 1e+010 1e+010 1e+010</IKRotLimits>
                    <IKRotLimitOrder>0</IKRotLimitOrder>
                    <KeyFrames count="97">
                        <i>1 0 0 0 0.984808 -0.173648 0 0.173648 0.984808 0 2.73029 0.727557</i>
                        <i>0.999986 0 -0.00536154 -0.000931022 0.984808 -0.173646 0.00528009 0.173648 0.984794 -0.000412969 2.73029 0.727558</i>
                        <i>0.999937 0 -0.0112178 -0.00194795 0.984808 -0.173637 0.0110474 0.173648 0.984746 -0.000864044 2.73029 0.727561</i>
                        <i>0.999847 0 -0.0174979 -0.00303847 0.984808 -0.173622 0.017232 0.173648 0.984657 -0.00134776 2.73029 0.727568</i>
                        <i>0.999709 0 -0.0241306 -0.00419024 0.984808 -0.173598 0.023764 0.173648 0.984521 -0.00185864 2.73029 0.727579</i>
                        <i>0.999518 0 -0.031045 -0.0053909 0.984808 -0.173564 0.0305733 0.173648 0.984333 -0.00239122 2.73029 0.727594</i>
                        <i>0.999271 0 -0.0381698 -0.00662812 0.984808 -0.173522 0.0375899 0.173648 0.98409 -0.00294 2.73029 0.727613</i>
                        <i>0.998967 0 -0.045434 -0.00788952 0.984808 -0.173469 0.0447437 0.173648 0.983791 -0.00349952 2.73029 0.727636</i>
                        <i>0.998607 0 -0.0527663 -0.00916277 0.984808 -0.173406 0.0519647 0.173648 0.983436 -0.00406429 2.73029 0.727664</i>
                        <i>0.998193 0 -0.0600958 -0.0104355 0.984808 -0.173334 0.0591828 0.173648 0.983028 -0.00462884 2.73029 0.727696</i>
                        <i>0.997729 0 -0.0673515 -0.0116955 0.984808 -0.173254 0.0663283 0.173648 0.982572 -0.0051877 2.73029 0.727732</i>
                        <i>0.997224 0 -0.0744627 -0.0129303 0.984808 -0.173166 0.0733314 0.173648 0.982074 -0.00573544 2.73029 0.727771</i>
                        <i>0.996685 0 -0.0813587 -0.0141278 0.984808 -0.173073 0.0801226 0.173648 0.981543 -0.00626659 2.73029 0.727812</i>
                        <i>0.996123 0 -0.087969 -0.0152757 0.984808 -0.172975 0.0866326 0.173648 0.98099 -0.00677575 2.73029 0.727855</i>
                        <i>0.995551 0 -0.0942236 -0.0163618 0.984808 -0.172876 0.0927921 0.173648 0.980426 -0.00725751 2.73029 0.727899</i>
                        <i>0.994982 0 -0.100052 -0.0173739 0.984808 -0.172777 0.0985324 0.173648 0.979866 -0.00770646 2.73029 0.727943</i>
                        <i>0.994431 0 -0.105386 -0.0183 0.984808 -0.172681 0.103785 0.173648 0.979324 -0.00811725 2.73029 0.727986</i>
                        <i>0.993915 0 -0.110154 -0.019128 0.984808 -0.172591 0.10848 0.173648 0.978815 -0.0084845 2.73029 0.728025</i>
                        <i>0.993448 0 -0.114287 -0.0198457 0.984808 -0.17251 0.112551 0.173648 0.978355 -0.00880287 2.73029 0.728061</i>
                        <i>0.993047 0 -0.117716 -0.0204412 0.984808 -0.172441 0.115928 0.173648 0.977961 -0.00906701 2.73029 0.728092</i>
                        <i>0.992729 0 -0.120372 -0.0209024 0.984808 -0.172386 0.118543 0.173648 0.977647 -0.00927158 2.73029 0.728117</i>
                        <i>0.992507 0 -0.122185 -0.0212172 0.984808 -0.172347 0.120329 0.173648 0.977429 -0.00941122 2.73029 0.728134</i>
                        <i>0.992396 0 -0.123086 -0.0213736 0.984808 -0.172328 0.121216 0.173648 0.977319 -0.00948058 2.73029 0.728142</i>
                        <i>0.992406 0 -0.123004 -0.0213594 0.984808 -0.17233 0.121135 0.173648 0.977329 -0.00947427 2.73029 0.728142</i>
                        <i>0.992546 0 -0.121869 -0.0211624 0.984808 -0.172354 0.120018 0.173648 0.977467 -0.0093869 2.73029 0.728131</i>
                        <i>0.992777 0 -0.119977 -0.0208338 0.984808 -0.172394 0.118155 0.173648 0.977694 -0.00924117 2.73029 0.728113</i>
                        <i>0.993051 0 -0.117681 -0.0204351 0.984808 -0.172442 0.115893 0.173648 0.977965 -0.00906431 2.73029 0.728092</i>
                        <i>0.993366 0 -0.114998 -0.0199692 0.984808 -0.172496 0.113251 0.173648 0.978274 -0.00885765 2.73029 0.728068</i>
                        <i>0.993714 0 -0.111945 -0.0194391 0.984808 -0.172557 0.110245 0.173648 0.978618 -0.00862251 2.73029 0.728041</i>
                        <i>0.994092 0 -0.10854 -0.0188478 0.984808 -0.172622 0.106891 0.173648 0.97899 -0.00836023 2.73029 0.728012</i>
                        <i>0.994493 0 -0.1048 -0.0181983 0.984808 -0.172692 0.103208 0.173648 0.979385 -0.00807212 2.73029 0.727981</i>
                        <i>0.994913 0 -0.100741 -0.0174935 0.984808 -0.172765 0.0992107 0.173648 0.979798 -0.00775952 2.73029 0.727948</i>
                        <i>0.995344 0 -0.0963819 -0.0167365 0.984808 -0.17284 0.0949177 0.173648 0.980223 -0.00742375 2.73029 0.727915</i>
                        <i>0.995783 0 -0.0917392 -0.0159304 0.984808 -0.172916 0.0903455 0.173648 0.980655 -0.00706615 2.73029 0.727881</i>
                        <i>0.996223 0 -0.0868304 -0.0150779 0.984808 -0.172992 0.0855113 0.173648 0.981088 -0.00668805 2.73029 0.727848</i>
                        <i>0.996659 0 -0.0816728 -0.0141823 0.984808 -0.173068 0.080432 0.173648 0.981518 -0.00629079 2.73029 0.727814</i>
                        <i>0.997086 0 -0.076284 -0.0132466 0.984808 -0.173142 0.075125 0.173648 0.981938 -0.00587572 2.73029 0.727781</i>
                        <i>0.997499 0 -0.0706813 -0.0122737 0.984808 -0.173214 0.0696075 0.173648 0.982345 -0.00544418 2.73029 0.727749</i>
                        <i>0.997893 0 -0.0648824 -0.0112667 0.984808 -0.173282 0.0638967 0.173648 0.982733 -0.00499752 2.73029 0.727719</i>
                        <i>0.998264 0 -0.0589048 -0.0102287 0.984808 -0.173347 0.05801 0.173648 0.983098 -0.0045371 2.73029 0.72769</i>
                        <i>0.998607 0 -0.0527663 -0.00916277 0.984808 -0.173406 0.0519647 0.173648 0.983436 -0.00406429 2.73029 0.727664</i>
                        <i>0.998919 0 -0.0464845 -0.00807196 0.984808 -0.17346 0.0457783 0.173648 0.983743 -0.00358044 2.73029 0.72764</i>
                        <i>0.999197 0 -0.0400773 -0.00695935 0.984808 -0.173509 0.0394684 0.173648 0.984017 -0.00308693 2.73029 0.727619</i>
                        <i>0.999437 0 -0.0335624 -0.00582806 0.984808 -0.17355 0.0330525 0.173648 0.984253 -0.00258512 2.73029 0.7276</i>
                        <i>0.999637 0 -0.0269578 -0.00468117 0.984808 -0.173585 0.0265482 0.173648 0.98445 -0.0020764 2.73029 0.727585</i>
                        <i>0.999794 0 -0.0202813 -0.0035218 0.984808 -0.173612 0.0199731 0.173648 0.984605 -0.00156215 2.73029 0.727573</i>
                        <i>0.999908 0 -0.0135508 -0.00235307 0.984808 -0.173632 0.0133449 0.173648 0.984717 -0.00104374 2.73029 0.727564</i>
                        <i>0.999977 0 -0.00678439 -0.0011781 0.984808 -0.173644 0.00668132 0.173648 0.984785 -0.000522563 2.73029 0.727558</i>
                        <i>1 0 0 0 0.984808 -0.173648 0 0.173648 0.984808 0 2.73029 0.727557</i>
                        <i>0.999977 0 0.00678438 0.0011781 0.984808 -0.173644 -0.00668131 0.173648 0.984785 0.000522562 2.73029 0.727558</i>
                        <i>0.999908 0 0.0135508 0.00235307 0.984808 -0.173632 -0.0133449 0.173648 0.984717 0.00104374 2.73029 0.727564</i>
                        <i>0.999794 0 0.0202812 0.0035218 0.984808 -0.173612 -0.0199731 0.173648 0.984605 0.00156215 2.73029 0.727573</i>
                        <i>0.999637 0 0.0269578 0.00468116 0.984808 -0.173585 -0.0265482 0.173648 0.98445 0.0020764 2.73029 0.727585</i>
                        <i>0.999437 0 0.0335624 0.00582805 0.984808 -0.17355 -0.0330525 0.173648 0.984253 0.00258512 2.73029 0.7276</i>
                        <i>0.999197 0 0.0400773 0.00695935 0.984808 -0.173509 -0.0394684 0.173648 0.984017 0.00308692 2.73029 0.727619</i>
                        <i>0.998919 0 0.0464845 0.00807195 0.984808 -0.17346 -0.0457783 0.173648 0.983743 0.00358044 2.73029 0.72764</i>
                        <i>0.998607 0 0.0527663 0.00916277 0.984808 -0.173406 -0.0519647 0.173648 0.983436 0.00406429 2.73029 0.727664</i>
                        <i>0.998264 0 0.0589048 0.0102287 0.984808 -0.173347 -0.0580099 0.173648 0.983098 0.0045371 2.73029 0.72769</i>
                        <i>0.997893 0 0.0648824 0.0112667 0.984808 -0.173282 -0.0638967 0.173648 0.982733 0.00499752 2.73029 0.727719</i>
                        <i>0.997499 0 0.0706813 0.0122737 0.984808 -0.173214 -0.0696075 0.173648 0.982345 0.00544418 2.73029 0.727749</i>
                        <i>0.997086 0 0.076284 0.0132466 0.984808 -0.173142 -0.075125 0.173648 0.981938 0.00587572 2.73029 0.727781</i>
                        <i>0.996659 0 0.0816728 0.0141823 0.984808 -0.173068 -0.080432 0.173648 0.981518 0.00629079 2.73029 0.727814</i>
                        <i>0.996223 0 0.0868304 0.0150779 0.984808 -0.172992 -0.0855112 0.173648 0.981088 0.00668805 2.73029 0.727848</i>
                        <i>0.995783 0 0.0917392 0.0159303 0.984808 -0.172916 -0.0903455 0.173648 0.980655 0.00706615 2.73029 0.727881</i>
                        <i>0.995344 0 0.0963819 0.0167366 0.984808 -0.17284 -0.0949177 0.173648 0.980223 0.00742375 2.73029 0.727915</i>
                        <i>0.994913 0 0.100741 0.0174935 0.984808 -0.172765 -0.0992107 0.173648 0.979798 0.00775952 2.73029 0.727948</i>
                        <i>0.994493 0 0.1048 0.0181983 0.984808 -0.172692 -0.103208 0.173648 0.979385 0.00807212 2.73029 0.727981</i>
                        <i>0.994092 0 0.10854 0.0188478 0.984808 -0.172622 -0.106891 0.173648 0.97899 0.00836022 2.73029 0.728012</i>
                        <i>0.993714 0 0.111945 0.0194391 0.984808 -0.172557 -0.110245 0.173648 0.978618 0.00862251 2.73029 0.728041</i>
                        <i>0.993366 0 0.114998 0.0199692 0.984808 -0.172496 -0.113251 0.173648 0.978274 0.00885764 2.73029 0.728068</i>
                        <i>0.993051 0 0.117681 0.0204351 0.984808 -0.172442 -0.115893 0.173648 0.977965 0.00906431 2.73029 0.728092</i>
                        <i>0.992777 0 0.119977 0.0208338 0.984808 -0.172394 -0.118155 0.173648 0.977694 0.00924117 2.73029 0.728113</i>
                        <i>0.992546 0 0.121869 0.0211624 0.984808 -0.172354 -0.120018 0.173648 0.977467 0.0093869 2.73029 0.728131</i>
                        <i>0.992406 0 0.123004 0.0213594 0.984808 -0.17233 -0.121135 0.173648 0.977329 0.00947427 2.73029 0.728142</i>
                        <i>0.992396 0 0.123086 0.0213736 0.984808 -0.172328 -0.121216 0.173648 0.977319 0.00948058 2.73029 0.728142</i>
                        <i>0.992507 0 0.122185 0.0212172 0.984808 -0.172347 -0.120329 0.173648 0.977429 0.00941122 2.73029 0.728134</i>
                        <i>0.992729 0 0.120372 0.0209024 0.984808 -0.172386 -0.118543 0.173648 0.977647 0.00927158 2.73029 0.728117</i>
                        <i>0.993047 0 0.117716 0.0204412 0.984808 -0.172441 -0.115928 0.173648 0.977961 0.00906701 2.73029 0.728092</i>
                        <i>0.993448 0 0.114287 0.0198457 0.984808 -0.17251 -0.112551 0.173648 0.978355 0.00880287 2.73029 0.728061</i>
