<?xml version="1.0" encoding="ISO-8859-1" ?>
<Animl Version="1">
    <ModellingPackage><![CDATA[Maya.2010]]></ModellingPackage>
    <SrcFile><![CDATA[anims\turrets\machinegun\red\~src\mgun_balkan\mgun_balkan_reload_high.mb]]></SrcFile>
    <FramesPerSecond>30</FramesPerSecond>
    <TotalFrames>121</TotalFrames>
    <Skeleton>
        <RefFrame>
            <Name><![CDATA[mgun_balkan_ref_frame]]></Name>
            <Exclude>0</Exclude>
            <Additive>0</Additive>
            <IKPriority>0</IKPriority>
            <IKRotLimits>-1e+010 -1e+010 -1e+010 1e+010 1e+010 1e+010</IKRotLimits>
            <IKRotLimitOrder>0</IKRotLimitOrder>
            <KeyFrames count="121">
                <i>1 0 0 0 1 0 0 0 1 0 0.88 0</i>
                <i>1 0 0 0 1 0 0 0 1 0 0.88 0</i>
                <i>1 0 0 0 1 0 0 0 1 0 0.88 0</i>
                <i>1 0 0 0 1 0 0 0 1 0 0.88 0</i>
                <i>1 0 0 0 1 0 0 0 1 0 0.88 0</i>
                <i>1 0 0 0 1 0 0 0 1 0 0.88 0</i>
                <i>1 0 0 0 1 0 0 0 1 0 0.88 0</i>
                <i>1 0 0 0 1 0 0 0 1 0 0.88 0</i>
                <i>1 0 0 0 1 0 0 0 1 0 0.88 0</i>
                <i>1 0 0 0 1 0 0 0 1 0 0.88 0</i>
                <i>1 0 0 0 1 0 0 0 1 0 0.88 0</i>
                <i>1 0 0 0 1 0 0 0 1 0 0.88 0</i>
                <i>1 0 0 0 1 0 0 0 1 0 0.88 0</i>
                <i>1 0 0 0 1 0 0 0 1 0 0.88 0</i>
                <i>1 0 0 0 1 0 0 0 1 0 0.88 0</i>
                <i>1 0 0 0 1 0 0 0 1 0 0.88 0</i>
                <i>1 0 0 0 1 0 0 0 1 0 0.88 0</i>
                <i>1 0 0 0 1 0 0 0 1 0 0.88 0</i>
                <i>1 0 0 0 1 0 0 0 1 0 0.88 0</i>
                <i>1 0 0 0 1 0 0 0 1 0 0.88 0</i>
                <i>1 0 0 0 1 0 0 0 1 0 0.88 0</i>
                <i>1 0 0 0 1 0 0 0 1 0 0.88 0</i>
                <i>1 0 0 0 1 0 0 0 1 0 0.88 0</i>
                <i>1 0 0 0 1 0 0 0 1 0 0.88 0</i>
                <i>1 0 0 0 1 0 0 0 1 0 0.88 0</i>
                <i>1 0 0 0 1 0 0 0 1 0 0.88 0</i>
                <i>1 0 0 0 1 0 0 0 1 0 0.88 0</i>
                <i>1 0 0 0 1 0 0 0 1 0 0.88 0</i>
                <i>1 0 0 0 1 0 0 0 1 0 0.88 0</i>
                <i>1 0 0 0 1 0 0 0 1 0 0.88 0</i>
                <i>1 0 0 0 1 0 0 0 1 0 0.88 0</i>
                <i>1 0 0 0 1 0 0 0 1 0 0.88 0</i>
                <i>1 0 0 0 1 0 0 0 1 0 0.88 0</i>
                <i>1 0 0 0 1 0 0 0 1 0 0.88 0</i>
                <i>1 0 0 0 1 0 0 0 1 0 0.88 0</i>
                <i>1 0 0 0 1 0 0 0 1 0 0.88 0</i>
                <i>1 0 0 0 1 0 0 0 1 0 0.88 0</i>
                <i>1 0 0 0 1 0 0 0 1 0 0.88 0</i>
                <i>1 0 0 0 1 0 0 0 1 0 0.88 0</i>
                <i>1 0 0 0 1 0 0 0 1 0 0.88 0</i>
                <i>1 0 0 0 1 0 0 0 1 0 0.88 0</i>
                <i>1 0 0 0 1 0 0 0 1 0 0.88 0</i>
                <i>1 0 0 0 1 0 0 0 1 0 0.88 0</i>
                <i>1 0 0 0 1 0 0 0 1 0 0.88 0</i>
                <i>1 0 0 0 1 0 0 0 1 0 0.88 0</i>
                <i>1 0 0 0 1 0 0 0 1 0 0.88 0</i>
                <i>1 0 0 0 1 0 0 0 1 0 0.88 0</i>
                <i>1 0 0 0 1 0 0 0 1 0 0.88 0</i>
                <i>1 0 0 0 1 0 0 0 1 0 0.88 0</i>
                <i>1 0 0 0 1 0 0 0 1 0 0.88 0</i>
                <i>1 0 0 0 1 0 0 0 1 0 0.88 0</i>
                <i>1 0 0 0 1 0 0 0 1 0 0.88 0</i>
                <i>1 0 0 0 1 0 0 0 1 0 0.88 0</i>
                <i>1 0 0 0 1 0 0 0 1 0 0.88 0</i>
                <i>1 0 0 0 1 0 0 0 1 0 0.88 0</i>
                <i>1 0 0 0 1 0 0 0 1 0 0.88 0</i>
                <i>1 0 0 0 1 0 0 0 1 0 0.88 0</i>
                <i>1 0 0 0 1 0 0 0 1 0 0.88 0</i>
                <i>1 0 0 0 1 0 0 0 1 0 0.88 0</i>
                <i>1 0 0 0 1 0 0 0 1 0 0.88 0</i>
                <i>1 0 0 0 1 0 0 0 1 0 0.88 0</i>
                <i>1 0 0 0 1 0 0 0 1 0 0.88 0</i>
                <i>1 0 0 0 1 0 0 0 1 0 0.88 0</i>
                <i>1 0 0 0 1 0 0 0 1 0 0.88 0</i>
                <i>1 0 0 0 1 0 0 0 1 0 0.88 0</i>
                <i>1 0 0 0 1 0 0 0 1 0 0.88 0</i>
                <i>1 0 0 0 1 0 0 0 1 0 0.88 0</i>
                <i>1 0 0 0 1 0 0 0 1 0 0.88 0</i>
                <i>1 0 0 0 1 0 0 0 1 0 0.88 0</i>
                <i>1 0 0 0 1 0 0 0 1 0 0.88 0</i>
                <i>1 0 0 0 1 0 0 0 1 0 0.88 0</i>
                <i>1 0 0 0 1 0 0 0 1 0 0.88 0</i>
                <i>1 0 0 0 1 0 0 0 1 0 0.88 0</i>
                <i>1 0 0 0 1 0 0 0 1 0 0.88 0</i>
                <i>1 0 0 0 1 0 0 0 1 0 0.88 0</i>
                <i>1 0 0 0 1 0 0 0 1 0 0.88 0</i>
                <i>1 0 0 0 1 0 0 0 1 0 0.88 0</i>
                <i>1 0 0 0 1 0 0 0 1 0 0.88 0</i>
                <i>1 0 0 0 1 0 0 0 1 0 0.88 0</i>
                <i>1 0 0 0 1 0 0 0 1 0 0.88 0</i>
                <i>1 0 0 0 1 0 0 0 1 0 0.88 0</i>
                <i>1 0 0 0 1 0 0 0 1 0 0.88 0</i>
                <i>1 0 0 0 1 0 0 0 1 0 0.88 0</i>
                <i>1 0 0 0 1 0 0 0 1 0 0.88 0</i>
                <i>1 0 0 0 1 0 0 0 1 0 0.88 0</i>
                <i>1 0 0 0 1 0 0 0 1 0 0.88 0</i>
                <i>1 0 0 0 1 0 0 0 1 0 0.88 0</i>
                <i>1 0 0 0 1 0 0 0 1 0 0.88 0</i>
                <i>1 0 0 0 1 0 0 0 1 0 0.88 0</i>
                <i>1 0 0 0 1 0 0 0 1 0 0.88 0</i>
                <i>1 0 0 0 1 0 0 0 1 0 0.88 0</i>
                <i>1 0 0 0 1 0 0 0 1 0 0.88 0</i>
                <i>1 0 0 0 1 0 0 0 1 0 0.88 0</i>
                <i>1 0 0 0 1 0 0 0 1 0 0.88 0</i>
                <i>1 0 0 0 1 0 0 0 1 0 0.88 0</i>
                <i>1 0 0 0 1 0 0 0 1 0 0.88 0</i>
                <i>1 0 0 0 1 0 0 0 1 0 0.88 0</i>
                <i>1 0 0 0 1 0 0 0 1 0 0.88 0</i>
                <i>1 0 0 0 1 0 0 0 1 0 0.88 0</i>
                <i>1 0 0 0 1 0 0 0 1 0 0.88 0</i>
                <i>1 0 0 0 1 0 0 0 1 0 0.88 0</i>
                <i>1 0 0 0 1 0 0 0 1 0 0.88 0</i>
                <i>1 0 0 0 1 0 0 0 1 0 0.88 0</i>
                <i>1 0 0 0 1 0 0 0 1 0 0.88 0</i>
                <i>1 0 0 0 1 0 0 0 1 0 0.88 0</i>
                <i>1 0 0 0 1 0 0 0 1 0 0.88 0</i>
                <i>1 0 0 0 1 0 0 0 1 0 0.88 0</i>
                <i>1 0 0 0 1 0 0 0 1 0 0.88 0</i>
                <i>1 0 0 0 1 0 0 0 1 0 0.88 0</i>
                <i>1 0 0 0 1 0 0 0 1 0 0.88 0</i>
                <i>1 0 0 0 1 0 0 0 1 0 0.88 0</i>
                <i>1 0 0 0 1 0 0 0 1 0 0.88 0</i>
                <i>1 0 0 0 1 0 0 0 1 0 0.88 0</i>
                <i>1 0 0 0 1 0 0 0 1 0 0.88 0</i>
                <i>1 0 0 0 1 0 0 0 1 0 0.88 0</i>
                <i>1 0 0 0 1 0 0 0 1 0 0.88 0</i>
                <i>1 0 0 0 1 0 0 0 1 0 0.88 0</i>
                <i>1 0 0 0 1 0 0 0 1 0 0.88 0</i>
                <i>1 0 0 0 1 0 0 0 1 0 0.88 0</i>
                <i>1 0 0 0 1 0 0 0 1 0 0.88 0</i>
                <i>1 0 0 0 1 0 0 0 1 0 0.88 0</i>
            </KeyFrames>
        </RefFrame>
        <Bones count="14">
            <i>
                <p>
                    <Name><![CDATA[mgun_balkan_root]]></Name>
                    <Exclude>0</Exclude>
                    <Additive>0</Additive>
                    <IKPriority>0</IKPriority>
                    <IKRotLimits>-1e+010 -1e+010 -1e+010 1e+010 1e+010 1e+010</IKRotLimits>
                    <IKRotLimitOrder>0</IKRotLimitOrder>
                    <KeyFrames count="121">
                        <i>1 0 0 0 1 0 0 0 1 0 0.88 0</i>
                        <i>1 0 0 0 1 0 0 0 1 0 0.88 0</i>
                        <i>1 0 0 0 1 0 0 0 1 0 0.88 0</i>
                        <i>1 0 0 0 1 0 0 0 1 0 0.88 0</i>
                        <i>1 0 0 0 1 0 0 0 1 0 0.88 0</i>
                        <i>1 0 0 0 1 0 0 0 1 0 0.88 0</i>
                        <i>1 0 0 0 1 0 0 0 1 0 0.88 0</i>
                        <i>1 0 0 0 1 0 0 0 1 0 0.88 0</i>
                        <i>1 0 0 0 1 0 0 0 1 0 0.88 0</i>
                        <i>1 0 0 0 1 0 0 0 1 0 0.88 0</i>
                        <i>1 0 0 0 1 0 0 0 1 0 0.88 0</i>
                        <i>1 0 0 0 1 0 0 0 1 0 0.88 0</i>
                        <i>1 0 0 0 1 0 0 0 1 0 0.88 0</i>
                        <i>1 0 0 0 1 0 0 0 1 0 0.88 0</i>
                        <i>1 0 0 0 1 0 0 0 1 0 0.88 0</i>
                        <i>1 0 0 0 1 0 0 0 1 0 0.88 0</i>
                        <i>1 0 0 0 1 0 0 0 1 0 0.88 0</i>
                        <i>1 0 0 0 1 0 0 0 1 0 0.88 0</i>
                        <i>1 0 0 0 1 0 0 0 1 0 0.88 0</i>
                        <i>1 0 0 0 1 0 0 0 1 0 0.88 0</i>
                        <i>1 0 0 0 1 0 0 0 1 0 0.88 0</i>
                        <i>1 0 0 0 1 0 0 0 1 0 0.88 0</i>
                        <i>1 0 0 0 1 0 0 0 1 0 0.88 0</i>
                        <i>1 0 0 0 1 0 0 0 1 0 0.88 0</i>
                        <i>1 0 0 0 1 0 0 0 1 0 0.88 0</i>
                        <i>1 0 0 0 1 0 0 0 1 0 0.88 0</i>
                        <i>1 0 0 0 1 0 0 0 1 0 0.88 0</i>
                        <i>1 0 0 0 1 0 0 0 1 0 0.88 0</i>
                        <i>1 0 0 0 1 0 0 0 1 0 0.88 0</i>
                        <i>1 0 0 0 1 0 0 0 1 0 0.88 0</i>
                        <i>1 0 0 0 1 0 0 0 1 0 0.88 0</i>
                        <i>1 0 0 0 1 0 0 0 1 0 0.88 0</i>
                        <i>1 0 0 0 1 0 0 0 1 0 0.88 0</i>
                        <i>1 0 0 0 1 0 0 0 1 0 0.88 0</i>
                        <i>1 0 0 0 1 0 0 0 1 0 0.88 0</i>
                        <i>1 0 0 0 1 0 0 0 1 0 0.88 0</i>
                        <i>1 0 0 0 1 0 0 0 1 0 0.88 0</i>
                        <i>1 0 0 0 1 0 0 0 1 0 0.88 0</i>
                        <i>1 0 0 0 1 0 0 0 1 0 0.88 0</i>
                        <i>1 0 0 0 1 0 0 0 1 0 0.88 0</i>
                        <i>1 0 0 0 1 0 0 0 1 0 0.88 0</i>
                        <i>1 0 0 0 1 0 0 0 1 0 0.88 0</i>
                        <i>1 0 0 0 1 0 0 0 1 0 0.88 0</i>
                        <i>1 0 0 0 1 0 0 0 1 0 0.88 0</i>
                        <i>1 0 0 0 1 0 0 0 1 0 0.88 0</i>
                        <i>1 0 0 0 1 0 0 0 1 0 0.88 0</i>
                        <i>1 0 0 0 1 0 0 0 1 0 0.88 0</i>
                        <i>1 0 0 0 1 0 0 0 1 0 0.88 0</i>
                        <i>1 0 0 0 1 0 0 0 1 0 0.88 0</i>
                        <i>1 0 0 0 1 0 0 0 1 0 0.88 0</i>
                        <i>1 0 0 0 1 0 0 0 1 0 0.88 0</i>
                        <i>1 0 0 0 1 0 0 0 1 0 0.88 0</i>
                        <i>1 0 0 0 1 0 0 0 1 0 0.88 0</i>
                        <i>1 0 0 0 1 0 0 0 1 0 0.88 0</i>
                        <i>1 0 0 0 1 0 0 0 1 0 0.88 0</i>
                        <i>1 0 0 0 1 0 0 0 1 0 0.88 0</i>
                        <i>1 0 0 0 1 0 0 0 1 0 0.88 0</i>
                        <i>1 0 0 0 1 0 0 0 1 0 0.88 0</i>
                        <i>1 0 0 0 1 0 0 0 1 0 0.88 0</i>
                        <i>1 0 0 0 1 0 0 0 1 0 0.88 0</i>
                        <i>1 0 0 0 1 0 0 0 1 0 0.88 0</i>
                        <i>1 0 0 0 1 0 0 0 1 0 0.88 0</i>
                        <i>1 0 0 0 1 0 0 0 1 0 0.88 0</i>
                        <i>1 0 0 0 1 0 0 0 1 0 0.88 0</i>
                        <i>1 0 0 0 1 0 0 0 1 0 0.88 0</i>
                        <i>1 0 0 0 1 0 0 0 1 0 0.88 0</i>
                        <i>1 0 0 0 1 0 0 0 1 0 0.88 0</i>
                        <i>1 0 0 0 1 0 0 0 1 0 0.88 0</i>
                        <i>1 0 0 0 1 0 0 0 1 0 0.88 0</i>
                        <i>1 0 0 0 1 0 0 0 1 0 0.88 0</i>
                        <i>1 0 0 0 1 0 0 0 1 0 0.88 0</i>
                        <i>1 0 0 0 1 0 0 0 1 0 0.88 0</i>
                        <i>1 0 0 0 1 0 0 0 1 0 0.88 0</i>
                        <i>1 0 0 0 1 0 0 0 1 0 0.88 0</i>
                        <i>1 0 0 0 1 0 0 0 1 0 0.88 0</i>
                        <i>1 0 0 0 1 0 0 0 1 0 0.88 0</i>
                        <i>1 0 0 0 1 0 0 0 1 0 0.88 0</i>
                        <i>1 0 0 0 1 0 0 0 1 0 0.88 0</i>
                        <i>1 0 0 0 1 0 0 0 1 0 0.88 0</i>
                        <i>1 0 0 0 1 0 0 0 1 0 0.88 0</i>
                        <i>1 0 0 0 1 0 0 0 1 0 0.88 0</i>
                        <i>1 0 0 0 1 0 0 0 1 0 0.88 0</i>
                        <i>1 0 0 0 1 0 0 0 1 0 0.88 0</i>
                        <i>1 0 0 0 1 0 0 0 1 0 0.88 0</i>
                        <i>1 0 0 0 1 0 0 0 1 0 0.88 0</i>
                        <i>1 0 0 0 1 0 0 0 1 0 0.88 0</i>
                        <i>1 0 0 0 1 0 0 0 1 0 0.88 0</i>
                        <i>1 0 0 0 1 0 0 0 1 0 0.88 0</i>
                        <i>1 0 0 0 1 0 0 0 1 0 0.88 0</i>
                        <i>1 0 0 0 1 0 0 0 1 0 0.88 0</i>
                        <i>1 0 0 0 1 0 0 0 1 0 0.88 0</i>
                        <i>1 0 0 0 1 0 0 0 1 0 0.88 0</i>
                        <i>1 0 0 0 1 0 0 0 1 0 0.88 0</i>
                        <i>1 0 0 0 1 0 0 0 1 0 0.88 0</i>
                        <i>1 0 0 0 1 0 0 0 1 0 0.88 0</i>
                        <i>1 0 0 0 1 0 0 0 1 0 0.88 0</i>
                        <i>1 0 0 0 1 0 0 0 1 0 0.88 0</i>
                        <i>1 0 0 0 1 0 0 0 1 0 0.88 0</i>
                        <i>1 0 0 0 1 0 0 0 1 0 0.88 0</i>
                        <i>1 0 0 0 1 0 0 0 1 0 0.88 0</i>
                        <i>1 0 0 0 1 0 0 0 1 0 0.88 0</i>
                        <i>1 0 0 0 1 0 0 0 1 0 0.88 0</i>
                        <i>1 0 0 0 1 0 0 0 1 0 0.88 0</i>
                        <i>1 0 0 0 1 0 0 0 1 0 0.88 0</i>
                        <i>1 0 0 0 1 0 0 0 1 0 0.88 0</i>
                        <i>1 0 0 0 1 0 0 0 1 0 0.88 0</i>
                        <i>1 0 0 0 1 0 0 0 1 0 0.88 0</i>
                        <i>1 0 0 0 1 0 0 0 1 0 0.88 0</i>
                        <i>1 0 0 0 1 0 0 0 1 0 0.88 0</i>
                        <i>1 0 0 0 1 0 0 0 1 0 0.88 0</i>
                        <i>1 0 0 0 1 0 0 0 1 0 0.88 0</i>
                        <i>1 0 0 0 1 0 0 0 1 0 0.88 0</i>
                        <i>1 0 0 0 1 0 0 0 1 0 0.88 0</i>
                        <i>1 0 0 0 1 0 0 0 1 0 0.88 0</i>
                        <i>1 0 0 0 1 0 0 0 1 0 0.88 0</i>
                        <i>1 0 0 0 1 0 0 0 1 0 0.88 0</i>
                        <i>1 0 0 0 1 0 0 0 1 0 0.88 0</i>
                        <i>1 0 0 0 1 0 0 0 1 0 0.88 0</i>
                        <i>1 0 0 0 1 0 0 0 1 0 0.88 0</i>
                        <i>1 0 0 0 1 0 0 0 1 0 0.88 0</i>
                        <i>1 0 0 0 1 0 0 0 1 0 0.88 0</i>
                    </KeyFrames>
                </p>
            </i>
            <i>
                <p>
                    <Name><![CDATA[body]]></Name>
                    <Exclude>0</Exclude>
                    <Additive>0</Additive>
                    <IKPriority>0</IKPriority>
                    <IKRotLimits>-1e+010 -1e+010 -1e+010 1e+010 1e+010 1e+010</IKRotLimits>
                    <IKRotLimitOrder>0</IKRotLimitOrder>
                    <KeyFrames count="121">
                        <i>1 0 0 0 1 0 0 0 1 0 1.99334 0.879109</i>
                        <i>1 0 0 0 1 0 0 0 1 0 1.73852 0.879109</i>
                        <i>1 0 0 0 1 0 0 0 1 0 1.80312 0.879109</i>
                        <i>1 0 0 0 1 0 0 0 1 0 1.91708 0.879109</i>
                        <i>1 0 0 0 1 0 0 0 1 0 2.03749 0.879109</i>
                        <i>1 0 0 0 1 0 0 0 1 0 2.12143 0.879109</i>
                        <i>1 0 0 0 1 0 0 0 1 0 2.1591 0.879109</i>
                        <i>1 0 0 0 1 0 0 0 1 0 2.17283 0.879109</i>
                        <i>1 0 0 0 1 0 0 0 1 0 2.16794 0.879109</i>
                        <i>1 0 0 0 1 0 0 0 1 0 2.14974 0.879109</i>
                        <i>1 -0.000243789 0 0.000243789 1 0 0 0 1 0.000300104 2.09428 0.879109</i>
                        <i>1 -0.000487578 0 0.000487578 1 0 0 0 1 0.000600207 2.012 0.879109</i>
                        <i>1 0 0 0 1 0 0 0 1 0 1.9598 0.879109</i>
                        <i>0.999995 0.00301689 0 -0.00301689 0.999995 0 0 0 1 -0.00371378 2.00471 0.879109</i>
                        <i>0.999985 0.00548523 0 -0.00548523 0.999985 0 0 0 1 -0.00675234 2.05873 0.879109</i>
                        <i>0.999986 0.00537599 0 -0.00537599 0.999986 0.000319 1.71494e-006 -0.000318996 1 -0.00675234 2.05899 0.879109</i>
                        <i>0.999987 0.00509427 -4.23516e-022 -0.00509426 0.999986 0.00106333 5.41691e-006 -0.00106332 0.999999 -0.00675234 2.05962 0.879109</i>
                        <i>0.999989 0.00470905 0 -0.00470904 0.999987 0.001914 9.01313e-006 -0.00191398 0.999998 -0.00675234 2.06039 0.879109</i>
                        <i>0.999991 0.00428934 -8.47033e-022 -0.00428933 0.999988 0.002552 1.09464e-005 -0.00255198 0.999997 -0.00675234 2.06107 0.879109</i>
                        <i>0.999992 0.00390413 8.47033e-022 -0.00390411 0.999989 0.00265833 1.03785e-005 -0.00265831 0.999996 -0.00675234 2.06144 0.879109</i>
                        <i>0.999993 0.0036224 4.23516e-022 -0.00362239 0.999992 0.001914 6.93327e-006 -0.00191399 0.999998 -0.00675234 2.06125 0.879109</i>
                        <i>0.999994 0.00351316 0 -0.00351316 0.999994 0 0 0 1 -0.00675234 2.06028 0.879109</i>
                        <i>0.999994 0.00335037 0 -0.00335031 0.999977 -0.00594301 -1.99113e-005 0.00594298 0.999982 -0.00675234 2.0568 0.879109</i>
                        <i>0.999996 0.00297263 -3.38813e-021 -0.00297226 0.999873 -0.0156304 -4.64633e-005 0.0156303 0.999878 -0.00675234 2.05099 0.879109</i>
                        <i>0.999997 0.00254588 0 -0.0025451 0.999692 -0.0246652 -6.27946e-005 0.0246651 0.999696 -0.00675234 2.04549 0.879109</i>
                        <i>0.999997 0.00223608 0 -0.00223516 0.999587 -0.0286529 -6.40701e-005 0.0286529 0.999589 -0.00675234 2.04294 0.879109</i>
                        <i>0.999998 0.00220916 3.38813e-021 -0.0022085 0.999695 -0.0245901 -5.43235e-005 0.02459 0.999698 -0.00675234 2.04539 0.879109</i>
                        <i>0.999997 0.00263109 0 -0.00263078 0.999878 -0.01543 -4.05977e-005 0.0154299 0.999881 -0.00675234 2.05099 0.879109</i>
                        <i>0.999993 0.0036678 0 -0.00366774 0.999977 -0.00571756 -2.09709e-005 0.00571752 0.999984 -0.00675234 2.05651 0.879109</i>
                        <i>0.999985 0.00548523 0 -0.00548523 0.999985 0 0 0 1 -0.00675234 2.05873 0.879109</i>
                        <i>0.999943 0.0106933 0 -0.0106933 0.999941 0.00174173 1.86248e-005 -0.00174163 0.999999 -0.00675234 2.05595 0.879109</i>
                        <i>0.999816 0.0192084 0 -0.0192083 0.999812 0.00266702 5.12291e-005 -0.00266652 0.999996 -0.00675234 2.05016 0.879109</i>
                        <i>0.999631 0.0271566 -6.77626e-021 -0.0271564 0.999627 0.00293916 7.98175e-005 -0.00293808 0.999996 -0.00675234 2.04371 0.879109</i>
                        <i>0.99953 0.030666 0 -0.0306659 0.999526 0.00272144 8.34558e-005 -0.00272017 0.999996 -0.00675234 2.03891 0.879109</i>
                        <i>0.999594 0.0284959 -6.77626e-021 -0.0284959 0.999592 0.00217716 6.20401e-005 -0.00217627 0.999998 -0.00675234 2.03557 0.879109</i>
                        <i>0.999732 0.0231483 0 -0.0231483 0.999731 0.00146958 3.40184e-005 -0.00146919 0.999999 -0.00675234 2.03239 0.879109</i>
                        <i>0.999866 0.0163672 8.47033e-022 -0.0163672 0.999866 0.000762004 1.24719e-005 -0.000761902 1 -0.00675234 2.02997 0.879109</i>
                        <i>0.999951 0.0098976 0 -0.0098976 0.999951 0.000217716 2.15486e-006 -0.000217705 1 -0.00675234 2.02894 0.879109</i>
                        <i>0.999985 0.00548523 0 -0.00548523 0.999985 0 0 0 1 -0.00675234 2.02993 0.879109</i>
                        <i>0.999998 0.00195085 0 -0.00195085 0.999998 0 0 0 1 -0.00675234 2.03574 0.879109</i>
                        <i>0.999998 -0.00186906 0 0.00186906 0.999998 0 0 0 1 -0.00675234 2.04594 0.879109</i>
                        <i>0.999991 -0.00420507 0 0.00420507 0.999991 0 0 0 1 -0.00675234 2.05635 0.879109</i>
                        <i>0.999995 -0.00328787 0 0.00328787 0.999995 0 0 0 1 -0.00675234 2.06275 0.879109</i>
                        <i>0.999996 0.00265188 0 -0.00265188 0.999996 0 0 0 1 -0.00675234 2.06096 0.879109</i>
                        <i>0.999864 0.0164814 0 -0.0164814 0.999864 0 0 0 1 -0.00675234 2.04767 0.879109</i>
                        <i>0.999311 0.0371187 0 -0.0371187 0.999311 0 0 0 1 -0.00675234 2.02569 0.879109</i>
                        <i>0.998174 0.0604042 0 -0.0604042 0.998174 0 0 0 1 -0.00675234 1.99996 0.879109</i>
                        <i>0.996617 0.0821848 0 -0.0821848 0.996617 0 0 0 1 -0.00675234 1.97542 0.879109</i>
                        <i>0.995154 0.0983316 0 -0.0983316 0.995154 0 0 0 1 -0.00675234 1.95702 0.879109</i>
                        <i>0.994499 0.104742 0 -0.104742 0.994499 0 0 0 1 -0.00675234 1.94969 0.879109</i>
                        <i>0.994773 0.102115 0 -0.102115 0.994773 0 0 0 1 -0.00675234 1.95263 0.879109</i>
                        <i>0.995508 0.0946764 0 -0.0946764 0.995508 0 0 0 1 -0.00675234 1.96085 0.879109</i>
                        <i>0.996498 0.083616 0 -0.083616 0.996498 0 0 0 1 -0.00675234 1.97304 0.879109</i>
                        <i>0.997538 0.0701258 0 -0.0701258 0.997538 0 0 0 1 -0.00675234 1.98787 0.879109</i>
                        <i>0.998464 0.0554029 0 -0.0554029 0.998464 0 0 0 1 -0.00675234 2.00403 0.879109</i>
                        <i>0.999173 0.0406502 0 -0.0406502 0.999173 0 0 0 1 -0.00675234 2.02021 0.879109</i>
                        <i>0.999633 0.0270746 0 -0.0270746 0.999633 0 0 0 1 -0.00675234 2.03509 0.879109</i>
                        <i>0.999874 0.015884 0 -0.015884 0.999874 0 0 0 1 -0.00675234 2.04734 0.879109</i>
                        <i>0.999966 0.00828569 0 -0.00828569 0.999966 0 0 0 1 -0.00675234 2.05566 0.879109</i>
                        <i>0.999985 0.00548523 0 -0.00548523 0.999985 0 0 0 1 -0.00675234 2.05873 0.879109</i>
                        <i>0.999985 0.00548523 0 -0.00548523 0.999985 0 0 0 1 -0.00675234 2.05889 0.879109</i>
                        <i>0.999985 0.00548523 0 -0.00548523 0.999985 0 0 0 1 -0.00675234 2.05917 0.879109</i>
                        <i>0.999985 0.00548523 0 -0.00548523 0.999985 0 0 0 1 -0.00675234 2.05927 0.879109</i>
                        <i>0.999985 0.00548523 0 -0.00548523 0.999985 0 0 0 1 -0.00675234 2.05889 0.879109</i>
                        <i>0.999985 0.00548523 0 -0.00548523 0.999985 0 0 0 1 -0.00675234 2.05773 0.879109</i>
                        <i>0.999985 0.00548523 0 -0.00548523 0.999985 0 0 0 1 -0.00675234 2.05548 0.879109</i>
                        <i>0.999985 0.00548523 0 -0.00548523 0.999985 0 0 0 1 -0.00675234 2.05185 0.879109</i>
                        <i>0.999985 0.00548523 0 -0.00548523 0.999985 0 0 0 1 -0.00675234 2.04411 0.879109</i>
                        <i>0.999985 0.00548523 0 -0.00548523 0.999985 0 0 0 1 -0.00675234 2.03212 0.879109</i>
                        <i>0.999985 0.00548523 0 -0.00548523 0.999985 0 0 0 1 -0.00675234 2.01936 0.879109</i>
                        <i>0.999985 0.00548523 0 -0.00548523 0.999985 0 0 0 1 -0.00675234 2.00935 0.879109</i>
                        <i>0.999985 0.00548523 0 -0.00548523 0.999985 0 0 0 1 -0.00675234 2.00558 0.879109</i>
                        <i>0.999985 0.00548523 0 -0.00548523 0.999985 0 0 0 1 -0.00675234 2.00827 0.879109</i>
                        <i>0.999985 0.00548523 0 -0.00548523 0.999985 0 0 0 1 -0.00675234 2.01448 0.879109</i>
                        <i>0.999985 0.00548523 0 -0.00548523 0.999985 0 0 0 1 -0.00675234 2.02302 0.879109</i>
                        <i>0.999985 0.00548523 0 -0.00548523 0.999985 0 0 0 1 -0.00675234 2.03268 0.879109</i>
                        <i>0.999985 0.00548523 0 -0.00548523 0.999985 0 0 0 1 -0.00675234 2.04228 0.879109</i>
                        <i>0.999985 0.00548523 0 -0.00548523 0.999985 0 0 0 1 -0.00675234 2.05062 0.879109</i>
                        <i>0.999985 0.00548523 0 -0.00548523 0.999985 0 0 0 1 -0.00675234 2.0565 0.879109</i>
                        <i>0.999985 0.00548523 0 -0.00548523 0.999985 0 0 0 1 -0.00675234 2.05873 0.879109</i>
                        <i>0.999999 -0.00107607 0 0.00107607 0.999999 0 0 0 1 0.000779866 2.04849 0.879109</i>
                        <i>0.999866 -0.016346 0 0.016346 0.999866 0 0 0 1 0.0184885 2.02402 0.879109</i>
                        <i>0.999432 -0.0337005 0 0.0337005 0.999432 0 0 0 1 0.0390416 1.99467 0.879109</i>
                        <i>0.998917 -0.0465197 0 0.0465197 0.998917 0 0 0 1 0.0551071 1.9698 0.879109</i>
                        <i>0.998838 -0.0481969 0 0.0481969 0.998838 0 0 0 1 0.0593532 1.95878 0.879109</i>
                        <i>0.999364 -0.0356491 0 0.0356491 0.999364 0 0 0 1 0.049032 1.96369 0.879109</i>
                        <i>0.999909 -0.0134785 0 0.0134785 0.999909 0 0 0 1 0.0293291 1.97778 0.879109</i>
                        <i>0.999911 0.0133772 0 -0.0133772 0.999911 0 0 0 1 0.00481256 1.99715 0.879109</i>
                        <i>0.999201 0.0399616 0 -0.0399616 0.999201 0 0 0 1 -0.0199493 2.01791 0.879109</i>
                        <i>0.998118 0.0613265 0 -0.0613265 0.998118 0 0 0 1 -0.0403883 2.03615 0.879109</i>
                        <i>0.997365 0.072552 0 -0.072552 0.997365 0 0 0 1 -0.0519366 2.048 0.879109</i>
                        <i>0.997435 0.0715762 -1.69407e-021 -0.0715762 0.997435 -0.000363495 -2.60176e-005 0.000362563 1 -0.0530731 2.05246 0.879109</i>
                        <i>0.998081 0.0619252 0 -0.0619251 0.99808 -0.00116318 -7.20304e-005 0.00116095 0.999999 -0.0471482 2.05246 0.879109</i>
                        <i>0.998891 0.0470729 -6.77626e-021 -0.0470729 0.99889 -0.00196287 -9.23983e-005 0.0019607 0.999998 -0.0369006 2.04995 0.879109</i>
                        <i>0.999535 0.0305016 0 -0.0305015 0.999532 -0.00232637 -7.09581e-005 0.00232529 0.999997 -0.0250688 2.04688 0.879109</i>
                        <i>0.999877 0.0157049 0 -0.0157049 0.999875 -0.00181748 -2.85433e-005 0.00181725 0.999998 -0.0143917 2.04522 0.879109</i>
                        <i>0.999981 0.00618027 0 -0.00618027 0.999981 0 0 0 1 -0.00760795 2.0469 0.879109</i>
                        <i>0.999996 0.00280051 -3.83045e-005 -0.00280029 0.999984 0.00483023 5.1831e-005 -0.0048301 0.999988 -0.00474924 2.05372 0.879109</i>
                        <i>0.999996 0.00294615 -0.000122575 -0.00294437 0.999915 0.0126648 0.000159877 -0.0126644 0.99992 -0.00363105 2.06446 0.879109</i>
                        <i>0.999988 0.00487487 -0.000206845 -0.00486934 0.99976 0.0213708 0.000310975 -0.0213696 0.999772 -0.00366747 2.07659 0.879109</i>
                        <i>0.999977 0.0068443 -0.00024515 -0.00683439 0.999561 0.0288159 0.000442266 -0.0288135 0.999585 -0.00427258 2.0876 0.879109</i>
                        <i>0.999975 0.00711212 -0.000191524 -0.00710198 0.999434 0.0328692 0.000425185 -0.0328671 0.99946 -0.00486045 2.09497 0.879109</i>
                        <i>0.999992 0.00393595 -1.35525e-020 -0.00393401 0.999499 0.0314009 0.000123592 -0.0314006 0.999507 -0.00484516 2.09617 0.879109</i>
                        <i>0.999981 -0.00615845 0.0005042 0.00614668 0.999766 0.0207228 -0.000631703 -0.0207193 0.999785 -0.00428336 2.08632 0.879109</i>
                        <i>0.999755 -0.0220918 0.001303 0.0220893 0.999754 0.0018604 -0.00134378 -0.00183116 0.999997 -0.00365953 2.06674 0.879109</i>
                        <i>0.999246 -0.0387741 0.00215307 0.0388098 0.999042 -0.020238 -0.00136629 0.0203063 0.999793 -0.00302948 2.04415 0.879109</i>
                        <i>0.998688 -0.0511216 0.00281108 0.0511936 0.997862 -0.0406179 -0.000728621 0.0407086 0.999171 -0.00244902 2.02529 0.879109</i>
                        <i>0.998533 -0.0540621 0.00303372 0.054147 0.997054 -0.054336 -8.72657e-005 0.0544205 0.998518 -0.00197396 2.01688 0.879109</i>
                        <i>0.999484 -0.032047 0.0021517 0.0321172 0.997921 -0.0558778 -0.00035651 0.0559181 0.998435 -0.00158656 2.01967 0.879109</i>
                        <i>0.999977 0.00672072 0.000510886 -0.00668836 0.99882 -0.0481028 -0.000833569 0.0480983 0.998842 -0.00123259 2.02844 0.879109</i>
                        <i>0.999501 0.0315974 -0.000609287 -0.0315973 0.998753 -0.0386404 -0.000612408 0.0386404 0.999253 -0.000913068 2.04099 0.879109</i>
                        <i>0.9995 0.0315984 -0.000769291 -0.0316074 0.999081 -0.0289632 -0.000146605 0.028973 0.99958 -0.000629022 2.05512 0.879109</i>
                        <i>0.999774 0.0212433 -0.000551802 -0.0212497 0.999623 -0.0173736 0.000182522 0.0173814 0.999849 -0.000381478 2.06863 0.879109</i>
                        <i>0.999967 0.00816427 -0.000210734 -0.00816551 0.999944 -0.00675693 0.000155557 0.00675843 0.999977 -0.000171462 2.0793 0.879109</i>
                        <i>1 0 0 0 1 0 0 0 1 0 2.08495 0.879109</i>
                        <i>0.999998 -0.00219463 4.23116e-005 0.0021945 0.999994 0.00268403 -4.82018e-005 -0.00268393 0.999996 0.000105446 2.08473 0.879109</i>
                        <i>0.999996 -0.00280912 5.41589e-005 0.00280892 0.99999 0.00343555 -6.38093e-005 -0.00343539 0.999994 0.000134971 2.08023 0.879109</i>
                        <i>0.999997 -0.00237019 4.56965e-005 0.00237005 0.999993 0.00289875 -5.25668e-005 -0.00289863 0.999996 0.000113882 2.07289 0.879109</i>
                        <i>0.999999 -0.00140456 2.70794e-005 0.00140451 0.999998 0.00171778 -2.94921e-005 -0.00171774 0.999999 6.74856e-005 2.06411 0.879109</i>
                        <i>1 -0.000438925 8.46231e-006 0.00043892 1 0.000536805 -8.69792e-006 -0.000536801 1 2.10892e-005 2.05534 0.879109</i>
                        <i>1 0 0 0 1 0 0 0 1 0 2.048 0.879109</i>
                    </KeyFrames>
                </p>
            </i>
            <i>
                <p>
                    <Name><![CDATA[yaw]]></Name>
                    <Exclude>0</Exclude>
                    <Additive>0</Additive>
                    <IKPriority>0</IKPriority>
                    <IKRotLimits>-1e+010 -1e+010 -1e+010 1e+010 1e+010 1e+010</IKRotLimits>
                    <IKRotLimitOrder>0</IKRotLimitOrder>
                    <KeyFrames count="121">
                        <i>1 0 0 0 1 0 0 0 1 0 2.18866 0.804581</i>
                        <i>1 0 0 0 1 0 0 0 1 0 1.88648 0.804581</i>
                        <i>1 0 0 0 1 0 0 0 1 0 1.97802 0.804581</i>
                        <i>1 0 0 0 1 0 0 0 1 0 2.13138 0.804581</i>
                        <i>1 0 0 0 1 0 0 0 1 0 2.29013 0.804581</i>
                        <i>1 0 0 0 1 0 0 0 1 0 2.39788 0.804581</i>
                        <i>1 0 0 0 1 0 0 0 1 0 2.43948 0.804581</i>
                        <i>1 0 0 0 1 0 0 0 1 0 2.44504 0.804581</i>
                        <i>1 0 0 0 1 0 0 0 1 0 2.42608 0.804581</i>
                        <i>1 0 0 0 1 0 0 0 1 0 2.39408 0.804581</i>
                        <i>1 -0.000243789 0 0.000243789 1 0 0 0 1 0.000355847 2.32294 0.804581</i>
                        <i>1 -0.000487578 0 0.000487578 1 0 0 0 1 0.000702506 2.22181 0.804581</i>
                        <i>1 0 0 0 1 0 0 0 1 0 2.15512 0.804581</i>
                        <i>0.999995 0.00301689 0 -0.00301689 0.999995 0 0 0 1 -0.00429564 2.19758 0.804581</i>
                        <i>0.999985 0.00548523 0 -0.00548523 0.999985 0 0 0 1 -0.0078237 2.25404 0.804581</i>
                        <i>0.999986 0.00537599 0 -0.00537599 0.999986 0.000319 1.71494e-006 -0.000318996 1 -0.00780249 2.25433 0.804643</i>
                        <i>0.999987 0.00509427 -4.23516e-022 -0.00509426 0.999986 0.00106333 5.41691e-006 -0.00106332 0.999999 -0.00774774 2.25502 0.804789</i>
                        <i>0.999989 0.00470905 0 -0.00470904 0.999987 0.001914 9.01313e-006 -0.00191398 0.999998 -0.00767277 2.25585 0.804955</i>
                        <i>0.999991 0.00428934 -8.47033e-022 -0.00428933 0.999988 0.002552 1.09464e-005 -0.00255198 0.999997 -0.00759094 2.25658 0.80508</i>
                        <i>0.999992 0.00390413 8.47033e-022 -0.00390411 0.999989 0.00265833 1.03785e-005 -0.00265831 0.999996 -0.00751565 2.25695 0.8051</i>
                        <i>0.999993 0.0036224 4.23516e-022 -0.00362239 0.999992 0.001914 6.93327e-006 -0.00191399 0.999998 -0.00746037 2.25671 0.804955</i>
                        <i>0.999994 0.00351316 0 -0.00351316 0.999994 0 0 0 1 -0.00743852 2.2556 0.804581</i>
                        <i>0.999994 0.00335037 0 -0.00335031 0.999977 -0.00594301 -1.99113e-005 0.00594298 0.999982 -0.00740523 2.25167 0.803421</i>
                        <i>0.999996 0.00297263 -3.38813e-021 -0.00297226 0.999873 -0.0156304 -4.64633e-005 0.0156303 0.999878 -0.00732941 2.24512 0.801537</i>
                        <i>0.999997 0.00254588 0 -0.0025451 0.999692 -0.0246652 -6.27946e-005 0.0246651 0.999696 -0.00724476 2.23891 0.799786</i>
                        <i>0.999997 0.00223608 0 -0.00223516 0.999587 -0.0286529 -6.40701e-005 0.0286529 0.999589 -0.00718413 2.23604 0.799015</i>
                        <i>0.999998 0.00220916 3.38813e-021 -0.0022085 0.999695 -0.0245901 -5.43235e-005 0.02459 0.999698 -0.00717965 2.23882 0.799801</i>
                        <i>0.999997 0.00263109 0 -0.00263078 0.999878 -0.01543 -4.05977e-005 0.0154299 0.999881 -0.00726315 2.24513 0.801576</i>
                        <i>0.999993 0.0036678 0 -0.00366774 0.999977 -0.00571756 -2.09709e-005 0.00571752 0.999984 -0.00746715 2.2514 0.803465</i>
                        <i>0.999985 0.00548523 0 -0.00548523 0.999985 0 0 0 1 -0.0078237 2.25404 0.804581</i>
                        <i>0.999943 0.0106933 0 -0.0106933 0.999941 0.00174173 1.86248e-005 -0.00174163 0.999999 -0.00884232 2.25138 0.804921</i>
                        <i>0.999816 0.0192084 0 -0.0192083 0.999812 0.00266702 5.12291e-005 -0.00266652 0.999996 -0.0105079 2.24565 0.805102</i>
                        <i>0.999631 0.0271566 -6.77626e-021 -0.0271564 0.999627 0.00293916 7.98175e-005 -0.00293808 0.999996 -0.0120624 2.23917 0.805155</i>
                        <i>0.99953 0.030666 0 -0.0306659 0.999526 0.00272144 8.34558e-005 -0.00272017 0.999996 -0.0127482 2.23434 0.805113</i>
                        <i>0.999594 0.0284959 -6.77626e-021 -0.0284959 0.999592 0.00217716 6.20401e-005 -0.00217627 0.999998 -0.0123227 2.23097 0.805006</i>
                        <i>0.999732 0.0231483 0 -0.0231483 0.999731 0.00146958 3.40184e-005 -0.00146919 0.999999 -0.0112762 2.22776 0.804868</i>
                        <i>0.999866 0.0163672 8.47033e-022 -0.0163672 0.999866 0.000762004 1.24719e-005 -0.000761902 1 -0.00995008 2.22532 0.80473</i>
                        <i>0.999951 0.0098976 0 -0.0098976 0.999951 0.000217716 2.15486e-006 -0.000217705 1 -0.00868568 2.22427 0.804623</i>
                        <i>0.999985 0.00548523 0 -0.00548523 0.999985 0 0 0 1 -0.0078237 2.22525 0.804581</i>
                        <i>0.999998 0.00195085 0 -0.00195085 0.999998 0 0 0 1 -0.00713337 2.23106 0.804581</i>
                        <i>0.999998 -0.00186906 0 0.00186906 0.999998 0 0 0 1 -0.00638727 2.24126 0.804581</i>
                        <i>0.999991 -0.00420507 0 0.00420507 0.999991 0 0 0 1 -0.00593101 2.25167 0.804581</i>
                        <i>0.999995 -0.00328787 0 0.00328787 0.999995 0 0 0 1 -0.00611015 2.25807 0.804581</i>
                        <i>0.999996 0.00265188 0 -0.00265188 0.999996 0 0 0 1 -0.0072703 2.25628 0.804581</i>
                        <i>0.999864 0.0164814 0 -0.0164814 0.999864 0 0 0 1 -0.00997147 2.24296 0.804581</i>
                        <i>0.999311 0.0371187 0 -0.0371187 0.999311 0 0 0 1 -0.0140023 2.22087 0.804581</i>
                        <i>0.998174 0.0604042 0 -0.0604042 0.998174 0 0 0 1 -0.0185504 2.19492 0.804581</i>
                        <i>0.996617 0.0821848 0 -0.0821848 0.996617 0 0 0 1 -0.0228046 2.17008 0.804581</i>
                        <i>0.995154 0.0983316 0 -0.0983316 0.995154 0 0 0 1 -0.0259583 2.15139 0.804581</i>
                        <i>0.994499 0.104742 0 -0.104742 0.994499 0 0 0 1 -0.0272104 2.14393 0.804581</i>
                        <i>0.994773 0.102115 0 -0.102115 0.994773 0 0 0 1 -0.0266973 2.14693 0.804581</i>
                        <i>0.995508 0.0946764 0 -0.0946764 0.995508 0 0 0 1 -0.0252444 2.15529 0.804581</i>
                        <i>0.996498 0.083616 0 -0.083616 0.996498 0 0 0 1 -0.0230841 2.16767 0.804581</i>
                        <i>0.997538 0.0701258 0 -0.0701258 0.997538 0 0 0 1 -0.0204492 2.18271 0.804581</i>
                        <i>0.998464 0.0554029 0 -0.0554029 0.998464 0 0 0 1 -0.0175736 2.19905 0.804581</i>
                        <i>0.999173 0.0406502 0 -0.0406502 0.999173 0 0 0 1 -0.0146921 2.21537 0.804581</i>
                        <i>0.999633 0.0270746 0 -0.0270746 0.999633 0 0 0 1 -0.0120405 2.23033 0.804581</i>
                        <i>0.999874 0.015884 0 -0.015884 0.999874 0 0 0 1 -0.00985477 2.24264 0.804581</i>
                        <i>0.999966 0.00828569 0 -0.00828569 0.999966 0 0 0 1 -0.00837069 2.25097 0.804581</i>
                        <i>0.999985 0.00548523 0 -0.00548523 0.999985 0 0 0 1 -0.0078237 2.25404 0.804581</i>
                        <i>0.999985 0.00548523 0 -0.00548523 0.999985 0 0 0 1 -0.0078237 2.2542 0.804581</i>
                        <i>0.999985 0.00548523 0 -0.00548523 0.999985 0 0 0 1 -0.0078237 2.25449 0.804581</i>
                        <i>0.999985 0.00548523 0 -0.00548523 0.999985 0 0 0 1 -0.0078237 2.25459 0.804581</i>
                        <i>0.999985 0.00548523 0 -0.00548523 0.999985 0 0 0 1 -0.0078237 2.25421 0.804581</i>
                        <i>0.999985 0.00548523 0 -0.00548523 0.999985 0 0 0 1 -0.0078237 2.25304 0.804581</i>
                        <i>0.999985 0.00548523 0 -0.00548523 0.999985 0 0 0 1 -0.0078237 2.2508 0.804581</i>
                        <i>0.999985 0.00548523 0 -0.00548523 0.999985 0 0 0 1 -0.0078237 2.24716 0.804581</i>
                        <i>0.999985 0.00548523 0 -0.00548523 0.999985 0 0 0 1 -0.0078237 2.23943 0.804581</i>
                        <i>0.999985 0.00548523 0 -0.00548523 0.999985 0 0 0 1 -0.0078237 2.22743 0.804581</i>
                        <i>0.999985 0.00548523 0 -0.00548523 0.999985 0 0 0 1 -0.0078237 2.21468 0.804581</i>
                        <i>0.999985 0.00548523 0 -0.00548523 0.999985 0 0 0 1 -0.0078237 2.20466 0.804581</i>
                        <i>0.999985 0.00548523 0 -0.00548523 0.999985 0 0 0 1 -0.0078237 2.2009 0.804581</i>
                        <i>0.999985 0.00548523 0 -0.00548523 0.999985 0 0 0 1 -0.0078237 2.20359 0.804581</i>
                        <i>0.999985 0.00548523 0 -0.00548523 0.999985 0 0 0 1 -0.0078237 2.2098 0.804581</i>
                        <i>0.999985 0.00548523 0 -0.00548523 0.999985 0 0 0 1 -0.0078237 2.21833 0.804581</i>
                        <i>0.999985 0.00548523 0 -0.00548523 0.999985 0 0 0 1 -0.0078237 2.228 0.804581</i>
                        <i>0.999985 0.00548523 0 -0.00548523 0.999985 0 0 0 1 -0.0078237 2.2376 0.804581</i>
                        <i>0.999985 0.00548523 0 -0.00548523 0.999985 0 0 0 1 -0.0078237 2.24594 0.804581</i>
                        <i>0.999985 0.00548523 0 -0.00548523 0.999985 0 0 0 1 -0.0078237 2.25182 0.804581</i>
                        <i>0.999985 0.00548523 0 -0.00548523 0.999985 0 0 0 1 -0.0078237 2.25404 0.804581</i>
                        <i>0.999999 -0.00107607 0 0.00107607 0.999999 0 0 0 1 0.000990043 2.24381 0.804581</i>
                        <i>0.999866 -0.016346 0 0.016346 0.999866 0 0 0 1 0.0216812 2.21931 0.804581</i>
                        <i>0.999432 -0.0337005 0 0.0337005 0.999432 0 0 0 1 0.0456239 2.18987 0.804581</i>
                        <i>0.998917 -0.0465197 0 0.0465197 0.998917 0 0 0 1 0.0641933 2.16491 0.804581</i>
                        <i>0.998838 -0.0481969 0 0.0481969 0.998838 0 0 0 1 0.068767 2.15387 0.804581</i>
                        <i>0.999364 -0.0356491 0 0.0356491 0.999364 0 0 0 1 0.0559949 2.15889 0.804581</i>
                        <i>0.999909 -0.0134785 0 0.0134785 0.999909 0 0 0 1 0.0319618 2.17308 0.804581</i>
                        <i>0.999911 0.0133772 0 -0.0133772 0.999911 0 0 0 1 0.00219975 2.19245 0.804581</i>
