<?xml version="1.0" encoding="ISO-8859-1" ?>
<Animl Version="1">
    <ModellingPackage><![CDATA[Maya.2010]]></ModellingPackage>
    <SrcFile><![CDATA[anims\bosses\red\~src\sub_harpoon\sub_harpoon_drop.mb]]></SrcFile>
    <FramesPerSecond>30</FramesPerSecond>
    <TotalFrames>91</TotalFrames>
    <Skeleton>
        <RefFrame>
            <Name><![CDATA[sub_harpoon_ref_frame]]></Name>
            <Exclude>0</Exclude>
            <Additive>0</Additive>
            <IKPriority>0</IKPriority>
            <IKRotLimits>-1e+010 -1e+010 -1e+010 1e+010 1e+010 1e+010</IKRotLimits>
            <IKRotLimitOrder>0</IKRotLimitOrder>
            <KeyFrames count="91">
                <i>1 0 0 0 1 0 0 0 1 0 0 0</i>
                <i>1 0 0 0 1 0 0 0 1 0 0 0</i>
                <i>1 0 0 0 1 0 0 0 1 0 0 0</i>
                <i>1 0 0 0 1 0 0 0 1 0 0 0</i>
                <i>1 0 0 0 1 0 0 0 1 0 0 0</i>
                <i>1 0 0 0 1 0 0 0 1 0 0 0</i>
                <i>1 0 0 0 1 0 0 0 1 0 0 0</i>
                <i>1 0 0 0 1 0 0 0 1 0 0 0</i>
                <i>1 0 0 0 1 0 0 0 1 0 0 0</i>
                <i>1 0 0 0 1 0 0 0 1 0 0 0</i>
                <i>1 0 0 0 1 0 0 0 1 0 0 0</i>
                <i>1 0 0 0 1 0 0 0 1 0 0 0</i>
                <i>1 0 0 0 1 0 0 0 1 0 0 0</i>
                <i>1 0 0 0 1 0 0 0 1 0 0 0</i>
                <i>1 0 0 0 1 0 0 0 1 0 0 0</i>
                <i>1 0 0 0 1 0 0 0 1 0 0 0</i>
                <i>1 0 0 0 1 0 0 0 1 0 0 0</i>
                <i>1 0 0 0 1 0 0 0 1 0 0 0</i>
                <i>1 0 0 0 1 0 0 0 1 0 0 0</i>
                <i>1 0 0 0 1 0 0 0 1 0 0 0</i>
                <i>1 0 0 0 1 0 0 0 1 0 0 0</i>
                <i>1 0 0 0 1 0 0 0 1 0 0 0</i>
                <i>1 0 0 0 1 0 0 0 1 0 0 0</i>
                <i>1 0 0 0 1 0 0 0 1 0 0 0</i>
                <i>1 0 0 0 1 0 0 0 1 0 0 0</i>
                <i>1 0 0 0 1 0 0 0 1 0 0 0</i>
                <i>1 0 0 0 1 0 0 0 1 0 0 0</i>
                <i>1 0 0 0 1 0 0 0 1 0 0 0</i>
                <i>1 0 0 0 1 0 0 0 1 0 0 0</i>
                <i>1 0 0 0 1 0 0 0 1 0 0 0</i>
                <i>1 0 0 0 1 0 0 0 1 0 0 0</i>
                <i>1 0 0 0 1 0 0 0 1 0 0 0</i>
                <i>1 0 0 0 1 0 0 0 1 0 0 0</i>
                <i>1 0 0 0 1 0 0 0 1 0 0 0</i>
                <i>1 0 0 0 1 0 0 0 1 0 0 0</i>
                <i>1 0 0 0 1 0 0 0 1 0 0 0</i>
                <i>1 0 0 0 1 0 0 0 1 0 0 0</i>
                <i>1 0 0 0 1 0 0 0 1 0 0 0</i>
                <i>1 0 0 0 1 0 0 0 1 0 0 0</i>
                <i>1 0 0 0 1 0 0 0 1 0 0 0</i>
                <i>1 0 0 0 1 0 0 0 1 0 0 0</i>
                <i>1 0 0 0 1 0 0 0 1 0 0 0</i>
                <i>1 0 0 0 1 0 0 0 1 0 0 0</i>
                <i>1 0 0 0 1 0 0 0 1 0 0 0</i>
                <i>1 0 0 0 1 0 0 0 1 0 0 0</i>
                <i>1 0 0 0 1 0 0 0 1 0 0 0</i>
                <i>1 0 0 0 1 0 0 0 1 0 0 0</i>
                <i>1 0 0 0 1 0 0 0 1 0 0 0</i>
                <i>1 0 0 0 1 0 0 0 1 0 0 0</i>
                <i>1 0 0 0 1 0 0 0 1 0 0 0</i>
                <i>1 0 0 0 1 0 0 0 1 0 0 0</i>
                <i>1 0 0 0 1 0 0 0 1 0 0 0</i>
                <i>1 0 0 0 1 0 0 0 1 0 0 0</i>
                <i>1 0 0 0 1 0 0 0 1 0 0 0</i>
                <i>1 0 0 0 1 0 0 0 1 0 0 0</i>
                <i>1 0 0 0 1 0 0 0 1 0 0 0</i>
                <i>1 0 0 0 1 0 0 0 1 0 0 0</i>
                <i>1 0 0 0 1 0 0 0 1 0 0 0</i>
                <i>1 0 0 0 1 0 0 0 1 0 0 0</i>
                <i>1 0 0 0 1 0 0 0 1 0 0 0</i>
                <i>1 0 0 0 1 0 0 0 1 0 0 0</i>
                <i>1 0 0 0 1 0 0 0 1 0 0 0</i>
                <i>1 0 0 0 1 0 0 0 1 0 0 0</i>
                <i>1 0 0 0 1 0 0 0 1 0 0 0</i>
                <i>1 0 0 0 1 0 0 0 1 0 0 0</i>
                <i>1 0 0 0 1 0 0 0 1 0 0 0</i>
                <i>1 0 0 0 1 0 0 0 1 0 0 0</i>
                <i>1 0 0 0 1 0 0 0 1 0 0 0</i>
                <i>1 0 0 0 1 0 0 0 1 0 0 0</i>
                <i>1 0 0 0 1 0 0 0 1 0 0 0</i>
                <i>1 0 0 0 1 0 0 0 1 0 0 0</i>
                <i>1 0 0 0 1 0 0 0 1 0 0 0</i>
                <i>1 0 0 0 1 0 0 0 1 0 0 0</i>
                <i>1 0 0 0 1 0 0 0 1 0 0 0</i>
                <i>1 0 0 0 1 0 0 0 1 0 0 0</i>
                <i>1 0 0 0 1 0 0 0 1 0 0 0</i>
                <i>1 0 0 0 1 0 0 0 1 0 0 0</i>
                <i>1 0 0 0 1 0 0 0 1 0 0 0</i>
                <i>1 0 0 0 1 0 0 0 1 0 0 0</i>
                <i>1 0 0 0 1 0 0 0 1 0 0 0</i>
                <i>1 0 0 0 1 0 0 0 1 0 0 0</i>
                <i>1 0 0 0 1 0 0 0 1 0 0 0</i>
                <i>1 0 0 0 1 0 0 0 1 0 0 0</i>
                <i>1 0 0 0 1 0 0 0 1 0 0 0</i>
                <i>1 0 0 0 1 0 0 0 1 0 0 0</i>
                <i>1 0 0 0 1 0 0 0 1 0 0 0</i>
                <i>1 0 0 0 1 0 0 0 1 0 0 0</i>
                <i>1 0 0 0 1 0 0 0 1 0 0 0</i>
                <i>1 0 0 0 1 0 0 0 1 0 0 0</i>
                <i>1 0 0 0 1 0 0 0 1 0 0 0</i>
                <i>1 0 0 0 1 0 0 0 1 0 0 0</i>
            </KeyFrames>
        </RefFrame>
        <Bones count="10">
            <i>
                <p>
                    <Name><![CDATA[sub_harpoon_root]]></Name>
                    <Exclude>0</Exclude>
                    <Additive>0</Additive>
                    <IKPriority>0</IKPriority>
                    <IKRotLimits>-1e+010 -1e+010 -1e+010 1e+010 1e+010 1e+010</IKRotLimits>
                    <IKRotLimitOrder>0</IKRotLimitOrder>
                    <KeyFrames count="91">
                        <i>1 0 0 0 0.906524 -0.422155 0 0.422155 0.906524 0 -16.6278 -38.9157</i>
                        <i>1 0 0 0 0.904508 -0.426457 0 0.426457 0.904508 0 -16.1379 -37.7976</i>
                        <i>1 0 0 0 0.902266 -0.43118 0 0.43118 0.902266 0 -15.6252 -36.6301</i>
                        <i>1 0 0 0 0.899844 -0.436213 0 0.436213 0.899844 0 -15.0953 -35.4255</i>
                        <i>1 0 0 0 0.897288 -0.441446 0 0.441446 0.897288 0 -14.554 -34.1961</i>
                        <i>1 0 0 0 0.894648 -0.446771 0 0.446771 0.894648 0 -14.0069 -32.9544</i>
                        <i>1 0 0 0 0.891977 -0.45208 0 0.45208 0.891977 0 -13.4599 -31.7127</i>
                        <i>1 0 0 0 0.889329 -0.457268 0 0.457268 0.889329 0 -12.9186 -30.4833</i>
                        <i>1 0 0 0 0.886761 -0.462228 0 0.462228 0.886761 0 -12.3887 -29.2787</i>
                        <i>1 0 0 0 0.884333 -0.466857 0 0.466857 0.884333 0 -11.8759 -28.1111</i>
                        <i>1 0 0 0 0.882105 -0.471053 0 0.471053 0.882105 0 -11.3861 -26.9931</i>
                        <i>1 0 0 0 0.88014 -0.474714 0 0.474714 0.88014 0 -10.9248 -25.9368</i>
                        <i>1 0 0 0 0.878503 -0.477737 0 0.477737 0.878503 0 -10.4978 -24.9548</i>
                        <i>1 0 0 0 0.877256 -0.480023 0 0.480023 0.877256 0 -10.1108 -24.0593</i>
                        <i>1 0 0 0 0.876463 -0.48147 0 0.48147 0.876463 0 -9.7696 -23.2628</i>
                        <i>1 0 0 0 0.876185 -0.481975 0 0.481975 0.876185 0 -9.47982 -22.5776</i>
                        <i>1 0 0 0 0.876261 -0.481838 0 0.481838 0.876261 0 -9.22519 -21.9555</i>
                        <i>1 0 0 0 0.876482 -0.481435 0 0.481435 0.876482 0 -8.98506 -21.341</i>
                        <i>1 0 0 0 0.87684 -0.480782 0 0.480782 0.87684 0 -8.75865 -20.7351</i>
                        <i>1 0 0 0 0.877328 -0.479891 0 0.479891 0.877328 0 -8.54515 -20.1388</i>
                        <i>1 0 0 0 0.877936 -0.478779 0 0.478779 0.877936 0 -8.34379 -19.5531</i>
                        <i>1 0 0 0 0.878655 -0.477457 0 0.477457 0.878655 0 -8.15377 -18.9791</i>
                        <i>1 0 0 0 0.879477 -0.475941 0 0.475941 0.879477 0 -7.97429 -18.4179</i>
                        <i>1 0 0 0 0.880393 -0.474244 0 0.474244 0.880393 0 -7.80458 -17.8704</i>
                        <i>1 0 0 0 0.881395 -0.472381 0 0.472381 0.881395 0 -7.64383 -17.3377</i>
                        <i>1 0 0 0 0.882472 -0.470365 0 0.470365 0.882472 0 -7.49125 -16.8209</i>
                        <i>1 0 0 0 0.883617 -0.46821 0 0.46821 0.883617 0 -7.34606 -16.3209</i>
                        <i>1 0 0 0 0.884821 -0.465932 0 0.465932 0.884821 0 -7.20746 -15.8389</i>
                        <i>1 0 0 0 0.886075 -0.463542 0 0.463542 0.886075 0 -7.07466 -15.3759</i>
                        <i>1 0 0 0 0.887371 -0.461057 0 0.461057 0.887371 0 -6.94687 -14.9329</i>
                        <i>1 0 0 0 0.8887 -0.45849 0 0.45849 0.8887 0 -6.82331 -14.5109</i>
                        <i>1 0 0 0 0.890054 -0.455855 0 0.455855 0.890054 0 -6.70316 -14.111</i>
                        <i>1 0 0 0 0.891426 -0.453167 0 0.453167 0.891426 0 -6.58566 -13.7342</i>
                        <i>1 0 0 0 0.892806 -0.450441 0 0.450441 0.892806 0 -6.47 -13.3816</i>
                        <i>1 0 0 0 0.894189 -0.447691 0 0.447691 0.894189 0 -6.3554 -13.0542</i>
                        <i>1 0 0 0 0.895565 -0.444931 0 0.444931 0.895565 0 -6.24106 -12.7531</i>
                        <i>1 0 0 0 0.896928 -0.442177 0 0.442177 0.896928 0 -6.1262 -12.4792</i>
                        <i>1 0 0 0 0.89827 -0.439444 0 0.439444 0.89827 0 -6.01001 -12.2337</i>
                        <i>1 0 0 0 0.899585 -0.436747 0 0.436747 0.899585 0 -5.89172 -12.0175</i>
                        <i>1 0 0 0 0.900865 -0.4341 0 0.4341 0.900865 0 -5.77053 -11.8318</i>
                        <i>1 0 0 0 0.902104 -0.431518 0 0.431518 0.902104 0 -5.64564 -11.6774</i>
                        <i>1 0 0 0 0.903296 -0.429018 0 0.429018 0.903296 0 -5.51627 -11.5556</i>
                        <i>1 0 0 0 0.904434 -0.426614 0 0.426614 0.904434 0 -5.38163 -11.4673</i>
                        <i>1 0 0 0 0.905512 -0.424321 0 0.424321 0.905512 0 -5.24092 -11.4135</i>
                        <i>1 0 0 0 0.906524 -0.422155 0 0.422155 0.906524 0 -5.09335 -11.3954</i>
                        <i>1 0 0 0 0.906524 -0.422155 0 0.422155 0.906524 0 -5.09335 -11.3954</i>
                        <i>1 0 0 0 0.906524 -0.422155 0 0.422155 0.906524 0 -5.09335 -11.3954</i>
                        <i>1 0 0 0 0.906524 -0.422155 0 0.422155 0.906524 0 -5.09335 -11.3954</i>
                        <i>1 0 0 0 0.906524 -0.422155 0 0.422155 0.906524 0 -5.09335 -11.3954</i>
                        <i>1 0 0 0 0.906524 -0.422155 0 0.422155 0.906524 0 -5.09335 -11.3954</i>
                        <i>1 0 0 0 0.906524 -0.422155 0 0.422155 0.906524 0 -5.09335 -11.3954</i>
                        <i>1 0 0 0 0.906524 -0.422155 0 0.422155 0.906524 0 -5.09335 -11.3954</i>
                        <i>1 0 0 0 0.906524 -0.422155 0 0.422155 0.906524 0 -5.09335 -11.3954</i>
                        <i>1 0 0 0 0.906524 -0.422155 0 0.422155 0.906524 0 -5.09335 -11.3954</i>
                        <i>1 0 0 0 0.906524 -0.422155 0 0.422155 0.906524 0 -5.09335 -11.3954</i>
                        <i>1 0 0 0 0.906524 -0.422155 0 0.422155 0.906524 0 -5.09335 -11.3954</i>
                        <i>1 0 0 0 0.906524 -0.422155 0 0.422155 0.906524 0 -5.09335 -11.3954</i>
                        <i>1 0 0 0 0.906524 -0.422155 0 0.422155 0.906524 0 -5.09335 -11.3954</i>
                        <i>1 0 0 0 0.906524 -0.422155 0 0.422155 0.906524 0 -5.09335 -11.3954</i>
                        <i>1 0 0 0 0.906524 -0.422155 0 0.422155 0.906524 0 -5.09335 -11.3954</i>
                        <i>1 0 0 0 0.906524 -0.422155 0 0.422155 0.906524 0 -5.09335 -11.3954</i>
                        <i>1 0 0 0 0.906524 -0.422155 0 0.422155 0.906524 0 -5.09335 -11.3954</i>
                        <i>1 0 0 0 0.906524 -0.422155 0 0.422155 0.906524 0 -5.09335 -11.3954</i>
                        <i>1 0 0 0 0.906524 -0.422155 0 0.422155 0.906524 0 -5.09335 -11.3954</i>
                        <i>1 0 0 0 0.906524 -0.422155 0 0.422155 0.906524 0 -5.09335 -11.3954</i>
                        <i>1 0 0 0 0.906524 -0.422155 0 0.422155 0.906524 0 -5.09335 -11.3954</i>
                        <i>1 0 0 0 0.906524 -0.422155 0 0.422155 0.906524 0 -5.09335 -11.3954</i>
                        <i>1 0 0 0 0.906524 -0.422155 0 0.422155 0.906524 0 -5.09335 -11.3954</i>
                        <i>1 0 0 0 0.906524 -0.422155 0 0.422155 0.906524 0 -5.09335 -11.3954</i>
                        <i>1 0 0 0 0.906524 -0.422155 0 0.422155 0.906524 0 -5.09335 -11.3954</i>
                        <i>1 0 0 0 0.906524 -0.422155 0 0.422155 0.906524 0 -5.09335 -11.3954</i>
                        <i>1 0 0 0 0.906524 -0.422155 0 0.422155 0.906524 0 -5.09335 -11.3954</i>
                        <i>1 0 0 0 0.906524 -0.422155 0 0.422155 0.906524 0 -5.09335 -11.3954</i>
                        <i>1 0 0 0 0.906524 -0.422155 0 0.422155 0.906524 0 -5.09335 -11.3954</i>
                        <i>1 0 0 0 0.906524 -0.422155 0 0.422155 0.906524 0 -5.09335 -11.3954</i>
                        <i>1 0 0 0 0.906524 -0.422155 0 0.422155 0.906524 0 -5.09335 -11.3954</i>
                        <i>1 0 0 0 0.906524 -0.422155 0 0.422155 0.906524 0 -5.09335 -11.3954</i>
                        <i>1 0 0 0 0.906524 -0.422155 0 0.422155 0.906524 0 -5.09335 -11.3954</i>
                        <i>1 0 0 0 0.906524 -0.422155 0 0.422155 0.906524 0 -5.09335 -11.3954</i>
                        <i>1 0 0 0 0.906524 -0.422155 0 0.422155 0.906524 0 -5.09335 -11.3954</i>
                        <i>1 0 0 0 0.906524 -0.422155 0 0.422155 0.906524 0 -5.09335 -11.3954</i>
                        <i>1 0 0 0 0.906524 -0.422155 0 0.422155 0.906524 0 -5.09335 -11.3954</i>
                        <i>1 0 0 0 0.906524 -0.422155 0 0.422155 0.906524 0 -5.09335 -11.3954</i>
                        <i>1 0 0 0 0.906524 -0.422155 0 0.422155 0.906524 0 -5.09335 -11.3954</i>
                        <i>1 0 0 0 0.906524 -0.422155 0 0.422155 0.906524 0 -5.09335 -11.3954</i>
                        <i>1 0 0 0 0.906524 -0.422155 0 0.422155 0.906524 0 -5.09335 -11.3954</i>
                        <i>1 0 0 0 0.906524 -0.422155 0 0.422155 0.906524 0 -5.09335 -11.3954</i>
                        <i>1 0 0 0 0.906524 -0.422155 0 0.422155 0.906524 0 -5.09335 -11.3954</i>
                        <i>1 0 0 0 0.906524 -0.422155 0 0.422155 0.906524 0 -5.09335 -11.3954</i>
                        <i>1 0 0 0 0.906524 -0.422155 0 0.422155 0.906524 0 -5.09335 -11.3954</i>
                        <i>1 0 0 0 0.906524 -0.422155 0 0.422155 0.906524 0 -5.09335 -11.3954</i>
                    </KeyFrames>
                </p>
            </i>
            <i>
                <p>
                    <Name><![CDATA[rope_1]]></Name>
                    <Exclude>0</Exclude>
                    <Additive>0</Additive>
                    <IKPriority>0</IKPriority>
                    <IKRotLimits>-1e+010 -1e+010 -1e+010 1e+010 1e+010 1e+010</IKRotLimits>
                    <IKRotLimitOrder>0</IKRotLimitOrder>
                    <KeyFrames count="91">
                        <i>1 0 0 0 0.947653 -0.319302 0 0.319302 0.947653 0 -13.015 -30.1836</i>
                        <i>1 0 0 0 0.944628 -0.328143 0 0.328143 0.944628 0 -12.2439 -28.3552</i>
                        <i>1 0 0 0 0.94129 -0.337598 0 0.337598 0.94129 0 -11.4284 -26.4524</i>
                        <i>1 0 0 0 0.93768 -0.347501 0 0.347501 0.93768 0 -10.5766 -24.4951</i>
                        <i>1 0 0 0 0.933843 -0.357684 0 0.357684 0.933843 0 -9.69692 -22.5028</i>
                        <i>1 0 0 0 0.929832 -0.367984 0 0.367984 0.929832 0 -8.79844 -20.495</i>
                        <i>1 0 0 0 0.925708 -0.378239 0 0.378239 0.925708 0 -7.89069 -18.491</i>
                        <i>1 0 0 0 0.921537 -0.38829 0 0.38829 0.921537 0 -6.98377 -16.5099</i>
                        <i>1 0 0 0 0.917393 -0.397982 0 0.397982 0.917393 0 -6.08827 -14.5703</i>
                        <i>1 0 0 0 0.913357 -0.407161 0 0.407161 0.913357 0 -5.21531 -12.6909</i>
                        <i>1 0 0 0 0.909512 -0.415677 0 0.415677 0.909512 0 -4.37645 -10.8899</i>
                        <i>1 0 0 0 0.905951 -0.423383 0 0.423383 0.905951 0 -3.58361 -9.18556</i>
                        <i>1 0 0 0 0.902766 -0.430132 0 0.430132 0.902766 0 -2.84905 -7.59569</i>
                        <i>1 0 0 0 0.900053 -0.435781 0 0.435781 0.900053 0 -2.18526 -6.13816</i>
                        <i>1 0 0 0 0.897907 -0.440185 0 0.440185 0.897907 0 -1.60481 -4.83072</i>
                        <i>1 0 0 0 0.896423 -0.4432 0 0.4432 0.896423 0 -1.1203 -3.69115</i>
                        <i>1 0 0 0 0.895687 -0.444686 0 0.444686 0.895687 0 -0.738443 -2.74381</i>
                        <i>1 0 0 0 0.895656 -0.444747 0 0.444747 0.895656 0 -0.448529 -1.98078</i>
                        <i>1 0 0 0 0.896224 -0.443603 0 0.443603 0.896224 0 -0.236768 -1.37166</i>
                        <i>1 0 0 0 0.897277 -0.441469 0 0.441469 0.897277 0 -0.0891731 -0.886081</i>
                        <i>1 0 0 0 0.898702 -0.43856 0 0.43856 0.898702 0 0.00830567 -0.493734</i>
                        <i>1 0 0 0 0.900385 -0.435093 0 0.435093 0.900385 0 0.0696924 -0.164285</i>
                        <i>1 0 0 0 0.902216 -0.431284 0 0.431284 0.902216 0 0.1089 0.132634</i>
                        <i>1 0 0 0 0.904086 -0.427351 0 0.427351 0.904086 0 0.139644 0.427474</i>
                        <i>1 0 0 0 0.905988 -0.423304 0 0.423304 0.905988 0 0.16285 0.718328</i>
                        <i>1 0 0 0 0.907977 -0.41902 0 0.41902 0.907977 0 0.171508 0.982692</i>
                        <i>1 0 0 0 0.910042 -0.414517 0 0.414517 0.910042 0 0.167247 1.22018</i>
                        <i>1 0 0 0 0.912168 -0.409816 0 0.409816 0.912168 0 0.151674 1.43042</i>
                        <i>1 0 0 0 0.914345 -0.404935 0 0.404935 0.914345 0 0.126383 1.61305</i>
                        <i>1 0 0 0 0.916561 -0.399896 0 0.399896 0.916561 0 0.092946 1.76773</i>
                        <i>1 0 0 0 0.918803 -0.394717 0 0.394717 0.918803 0 0.0529093 1.89411</i>
                        <i>1 0 0 0 0.921061 -0.389419 0 0.389419 0.921061 0 0.00779781 1.99188</i>
                        <i>1 0 0 0 0.923324 -0.384023 0 0.384023 0.923324 0 -0.0408926 2.06072</i>
                        <i>1 0 0 0 0.925581 -0.378549 0 0.378549 0.925581 0 -0.0916957 2.10035</i>
                        <i>1 0 0 0 0.927824 -0.373018 0 0.373018 0.927824 0 -0.143175 2.11048</i>
                        <i>1 0 0 0 0.930043 -0.367451 0 0.367451 0.930043 0 -0.193921 2.09086</i>
                        <i>1 0 0 0 0.932229 -0.361869 0 0.361869 0.932229 0 -0.242561 2.04123</i>
                        <i>1 0 0 0 0.934374 -0.356294 0 0.356294 0.934374 0 -0.287754 1.96137</i>
                        <i>1 0 0 0 0.93647 -0.350747 0 0.350747 0.93647 0 -0.328188 1.85105</i>
                        <i>1 0 0 0 0.93851 -0.345251 0 0.345251 0.93851 0 -0.36259 1.71007</i>
                        <i>1 0 0 0 0.940488 -0.339827 0 0.339827 0.940488 0 -0.389712 1.53824</i>
                        <i>1 0 0 0 0.942396 -0.334498 0 0.334498 0.942396 0 -0.408342 1.33539</i>
                        <i>1 0 0 0 0.94423 -0.329286 0 0.329286 0.94423 0 -0.417299 1.10133</i>
                        <i>1 0 0 0 0.945984 -0.324213 0 0.324213 0.945984 0 -0.415429 0.835905</i>
                        <i>1 0 0 0 0.947653 -0.319302 0 0.319302 0.947653 0 -0.401605 0.538982</i>
                        <i>1 0 0 0 0.94605 -0.324021 0 0.324021 0.94605 0 -0.401605 0.538982</i>
                        <i>1 0 0 0 0.944223 -0.329306 0 0.329306 0.944223 0 -0.401605 0.538982</i>
                        <i>1 0 0 0 0.942239 -0.33494 0 0.33494 0.942239 0 -0.401605 0.538982</i>
                        <i>1 0 0 0 0.94017 -0.340705 0 0.340705 0.94017 0 -0.401605 0.538982</i>
                        <i>1 0 0 0 0.938092 -0.346385 0 0.346385 0.938092 0 -0.401605 0.538982</i>
                        <i>1 0 0 0 0.936087 -0.351768 0 0.351768 0.936087 0 -0.401605 0.538982</i>
                        <i>1 0 0 0 0.934241 -0.356642 0 0.356642 0.934241 0 -0.401605 0.538982</i>
                        <i>1 0 0 0 0.932644 -0.360797 0 0.360797 0.932644 0 -0.401605 0.538982</i>
                        <i>1 0 0 0 0.93139 -0.364023 0 0.364023 0.93139 0 -0.401605 0.538982</i>
                        <i>1 0 0 0 0.93057 -0.366113 0 0.366113 0.93057 0 -0.401605 0.538982</i>
                        <i>1 0 0 0 0.930278 -0.366856 0 0.366856 0.930278 0 -0.401605 0.538982</i>
                        <i>1 0 0 0 0.930333 -0.366715 0 0.366715 0.930333 0 -0.401605 0.538982</i>
                        <i>1 0 0 0 0.930495 -0.366304 0 0.366304 0.930495 0 -0.401605 0.538982</i>
                        <i>1 0 0 0 0.930757 -0.365639 0 0.365639 0.930757 0 -0.401605 0.538982</i>
                        <i>1 0 0 0 0.93111 -0.36474 0 0.36474 0.93111 0 -0.401605 0.538982</i>
                        <i>1 0 0 0 0.931547 -0.363622 0 0.363622 0.931547 0 -0.401605 0.538982</i>
                        <i>1 0 0 0 0.93206 -0.362303 0 0.362303 0.93206 0 -0.401605 0.538982</i>
                        <i>1 0 0 0 0.932643 -0.360801 0 0.360801 0.932643 0 -0.401605 0.538982</i>
                        <i>1 0 0 0 0.933286 -0.359133 0 0.359133 0.933286 0 -0.401605 0.538982</i>
                        <i>1 0 0 0 0.933983 -0.357317 0 0.357317 0.933983 0 -0.401605 0.538982</i>
                        <i>1 0 0 0 0.934726 -0.355369 0 0.355369 0.934726 0 -0.401605 0.538982</i>
                        <i>1 0 0 0 0.935507 -0.353308 0 0.353308 0.935507 0 -0.401605 0.538982</i>
                        <i>1 0 0 0 0.936319 -0.35115 0 0.35115 0.936319 0 -0.401605 0.538982</i>
                        <i>1 0 0 0 0.937155 -0.348914 0 0.348914 0.937155 0 -0.401605 0.538982</i>
                        <i>1 0 0 0 0.938007 -0.346616 0 0.346616 0.938007 0 -0.401605 0.538982</i>
                        <i>1 0 0 0 0.938869 -0.344275 0 0.344275 0.938869 0 -0.401605 0.538982</i>
                        <i>1 0 0 0 0.939733 -0.341908 0 0.341908 0.939733 0 -0.401605 0.538982</i>
                        <i>1 0 0 0 0.940594 -0.339533 0 0.339533 0.940594 0 -0.401605 0.538982</i>
                        <i>1 0 0 0 0.941444 -0.337168 0 0.337168 0.941444 0 -0.401605 0.538982</i>
                        <i>1 0 0 0 0.942278 -0.334831 0 0.334831 0.942278 0 -0.401605 0.538982</i>
                        <i>1 0 0 0 0.943089 -0.33254 0 0.33254 0.943089 0 -0.401605 0.538982</i>
                        <i>1 0 0 0 0.943872 -0.330312 0 0.330312 0.943872 0 -0.401605 0.538982</i>
                        <i>1 0 0 0 0.94462 -0.328166 0 0.328166 0.94462 0 -0.401605 0.538982</i>
                        <i>1 0 0 0 0.945328 -0.326121 0 0.326121 0.945328 0 -0.401605 0.538982</i>
                        <i>1 0 0 0 0.945991 -0.324193 0 0.324193 0.945991 0 -0.401605 0.538982</i>
                        <i>1 0 0 0 0.946603 -0.322402 0 0.322402 0.946603 0 -0.401605 0.538982</i>
                        <i>1 0 0 0 0.947159 -0.320766 0 0.320766 0.947159 0 -0.401605 0.538982</i>
                        <i>1 0 0 0 0.947653 -0.319302 0 0.319302 0.947653 0 -0.401605 0.538982</i>
                        <i>1 0 0 0 0.948006 -0.318253 0 0.318253 0.948006 0 -0.401605 0.538982</i>
                        <i>1 0 0 0 0.948171 -0.31776 0 0.31776 0.948171 0 -0.401605 0.538982</i>
                        <i>1 0 0 0 0.948193 -0.317695 0 0.317695 0.948193 0 -0.401605 0.538982</i>
                        <i>1 0 0 0 0.948114 -0.317931 0 0.317931 0.948114 0 -0.401605 0.538982</i>
                        <i>1 0 0 0 0.947977 -0.318338 0 0.318338 0.947977 0 -0.401605 0.538982</i>
                        <i>1 0 0 0 0.947826 -0.318788 0 0.318788 0.947826 0 -0.401605 0.538982</i>
                        <i>1 0 0 0 0.947703 -0.319152 0 0.319152 0.947703 0 -0.401605 0.538982</i>
                        <i>1 0 0 0 0.947653 -0.319302 0 0.319302 0.947653 0 -0.401605 0.538982</i>
                    </KeyFrames>
                </p>
            </i>
            <i>
                <p>
                    <Name><![CDATA[rope_2]]></Name>
                    <Exclude>0</Exclude>
                    <Additive>0</Additive>
                    <IKPriority>0</IKPriority>
                    <IKRotLimits>-1e+010 -1e+010 -1e+010 1e+010 1e+010 1e+010</IKRotLimits>
                    <IKRotLimitOrder>0</IKRotLimitOrder>
                    <KeyFrames count="91">
                        <i>1 0 0 0 0.964315 -0.264759 0 0.264759 0.964315 0 -11.4775 -25.91</i>
                        <i>1 0 0 0 0.957303 -0.289087 0 0.289087 0.957303 0 -10.6454 -23.9881</i>
                        <i>1 0 0 0 0.949237 -0.314562 0 0.314562 0.949237 0 -9.76495 -21.9919</i>
                        <i>1 0 0 0 0.940135 -0.340801 0 0.340801 0.940135 0 -8.84485 -19.9414</i>
                        <i>1 0 0 0 0.930051 -0.367431 0 0.367431 0.930051 0 -7.89425 -17.8564</i>
                        <i>1 0 0 0 0.919074 -0.394084 0 0.394084 0.919074 0 -6.92289 -15.7565</i>
                        <i>1 0 0 0 0.907334 -0.42041 0 0.42041 0.907334 0 -5.94112 -13.6612</i>
                        <i>1 0 0 0 0.894996 -0.446074 0 0.446074 0.894996 0 -4.95983 -11.5894</i>
                        <i>1 0 0 0 0.882263 -0.470756 0 0.470756 0.882263 0 -3.99053 -9.56001</i>
                        <i>1 0 0 0 0.86937 -0.494161 0 0.494161 0.86937 0 -3.04524 -7.59155</i>
                        <i>1 0 0 0 0.856581 -0.516012 0 0.516012 0.856581 0 -2.13649 -5.70226</i>
                        <i>1 0 0 0 0.844185 -0.536053 0 0.536053 0.844185 0 -1.27724 -3.91017</i>
                        <i>1 0 0 0 0.832487 -0.554045 0 0.554045 0.832487 0 -0.480788 -2.2331</i>
                        <i>1 0 0 0 0.821807 -0.569766 0 0.569766 0.821807 0 0.239279 -0.688716</i>
                        <i>1 0 0 0 0.812469 -0.583004 0 0.583004 0.812469 0 0.869232 0.705379</i>
                        <i>1 0 0 0 0.804796 -0.593551 0 0.593551 0.804796 0 1.39531 1.93156</i>
                        <i>1 0 0 0 0.801449 -0.598063 0 0.598063 0.801449 0 1.79363 2.95028</i>
                        <i>1 0 0 0 0.803721 -0.595006 0 0.595006 0.803721 0 2.0687 3.76161</i>
                        <i>1 0 0 0 0.80974 -0.586788 0 0.586788 0.80974 0 2.24953 4.40715</i>
                        <i>1 0 0 0 0.817596 -0.575792 0 0.575792 0.817596 0 2.36536 4.92846</i>
                        <i>1 0 0 0 0.825459 -0.564463 0 0.564463 0.825459 0 2.44542 5.3671</i>
                        <i>1 0 0 0 0.831628 -0.555333 0 0.555333 0.831628 0 2.51887 5.76475</i>
                        <i>1 0 0 0 0.834502 -0.551005 0 0.551005 0.834502 0 2.61469 6.16325</i>
                        <i>1 0 0 0 0.832471 -0.554069 0 0.554069 0.832471 0 2.7615 6.60468</i>
                        <i>1 0 0 0 0.824988 -0.565151 0 0.565151 0.824988 0 2.9626 7.07777</i>
                        <i>1 0 0 0 0.813162 -0.582037 0 0.582037 0.813162 0 3.19537 7.54015</i>
                        <i>1 0 0 0 0.797755 -0.602981 0 0.602981 0.797755 0 3.44933 7.98738</i>
                        <i>1 0 0 0 0.779607 -0.626269 0 0.626269 0.779607 0 3.71407 8.41492</i>
                        <i>1 0 0 0 0.759696 -0.650278 0 0.650278 0.759696 0 3.97916 8.81813</i>
                        <i>1 0 0 0 0.739177 -0.673511 0 0.673511 0.739177 0 4.23424 9.19223</i>
                        <i>1 0 0 0 0.719376 -0.694621 0 0.694621 0.719376 0 4.469 9.53234</i>
                        <i>1 0 0 0 0.701764 -0.712409 0 0.712409 0.701764 0 4.67315 9.83338</i>
                        <i>1 0 0 0 0.687914 -0.725792 0 0.725792 0.687914 0 4.83646 10.0902</i>
                        <i>1 0 0 0 0.679429 -0.733742 0 0.733742 0.679429 0 4.94874 10.2973</i>
                        <i>1 0 0 0 0.677859 -0.735192 0 0.735192 0.677859 0 4.99985 10.4493</i>
                        <i>1 0 0 0 0.684605 -0.728914 0 0.728914 0.684605 0 4.97969 10.5406</i>
                        <i>1 0 0 0 0.702684 -0.711503 0 0.711503 0.702684 0 4.85927 10.5466</i>
                        <i>1 0 0 0 0.731947 -0.681361 0 0.681361 0.731947 0 4.63224 10.4545</i>
                        <i>1 0 0 0 0.76863 -0.639693 0 0.639693 0.76863 0 4.32239 10.2759</i>
                        <i>1 0 0 0 0.808926 -0.587911 0 0.587911 0.808926 0 3.9533 10.0224</i>
                        <i>1 0 0 0 0.849294 -0.52792 0 0.52792 0.849294 0 3.54835 9.70648</i>
                        <i>1 0 0 0 0.886749 -0.462251 0 0.462251 0.886749 0 3.13071 9.34045</i>
                        <i>1 0 0 0 0.919093 -0.39404 0 0.39404 0.919093 0 2.72337 8.93715</i>
                        <i>1 0 0 0 0.945057 -0.326907 0 0.326907 0.945057 0 2.34911 8.50962</i>
                        <i>1 0 0 0 0.964315 -0.264759 0 0.264759 0.964315 0 2.03058 8.07117</i>
                        <i>1 0 0 0 0.964746 -0.263184 0 0.263184 0.964746 0 1.95992 8.00665</i>
                        <i>1 0 0 0 0.965229 -0.261406 0 0.261406 0.965229 0 1.88131 7.94147</i>
                        <i>1 0 0 0 0.96574 -0.259511 0 0.259511 0.96574 0 1.79815 7.87591</i>
                        <i>1 0 0 0 0.966255 -0.257587 0 0.257587 0.966255 0 1.71386 7.81025</i>
                        <i>1 0 0 0 0.966751 -0.255719 0 0.255719 0.966751 0 1.63184 7.74478</i>
                        <i>1 0 0 0 0.967205 -0.253996 0 0.253996 0.967205 0 1.5555 7.67979</i>
                        <i>1 0 0 0 0.967596 -0.252503 0 0.252503 0.967596 0 1.48824 7.61556</i>
                        <i>1 0 0 0 0.967902 -0.251329 0 0.251329 0.967902 0 1.43348 7.55237</i>
                        <i>1 0 0 0 0.968101 -0.25056 0 0.25056 0.968101 0 1.39462 7.4905</i>
                        <i>1 0 0 0 0.968172 -0.250285 0 0.250285 0.968172 0 1.37506 7.43025</i>
                        <i>1 0 0 0 0.968152 -0.250362 0 0.250362 0.968152 0 1.41895 7.36144</i>
                        <i>1 0 0 0 0.968095 -0.250585 0 0.250585 0.968095 0 1.53821 7.28508</i>
                        <i>1 0 0 0 0.968003 -0.25094 0 0.25094 0.968003 0 1.68793 7.21818</i>
                        <i>1 0 0 0 0.96788 -0.251414 0 0.251414 0.96788 0 1.82319 7.17776</i>
                        <i>1 0 0 0 0.967729 -0.251994 0 0.251994 0.967729 0 1.89906 7.18085</i>
                        <i>1 0 0 0 0.967554 -0.252666 0 0.252666 0.967554 0 1.92773 7.21599</i>
                        <i>1 0 0 0 0.967357 -0.253417 0 0.253417 0.967357 0 1.95158 7.25956</i>
                        <i>1 0 0 0 0.967143 -0.254233 0 0.254233 0.967143 0 1.97108 7.31034</i>
                        <i>1 0 0 0 0.966914 -0.255102 0 0.255102 0.966914 0 1.98667 7.3671</i>
                        <i>1 0 0 0 0.966674 -0.256009 0 0.256009 0.966674 0 1.99878 7.42862</i>
                        <i>1 0 0 0 0.966427 -0.256942 0 0.256942 0.966427 0 2.00787 7.4937</i>
                        <i>1 0 0 0 0.966175 -0.257888 0 0.257888 0.966175 0 2.01439 7.5611</i>
                        <i>1 0 0 0 0.965922 -0.258832 0 0.258832 0.965922 0 2.01877 7.62961</i>
                        <i>1 0 0 0 0.965673 -0.259762 0 0.259762 0.965673 0 2.02147 7.69801</i>
                        <i>1 0 0 0 0.96543 -0.260664 0 0.260664 0.96543 0 2.02292 7.76507</i>
                        <i>1 0 0 0 0.965196 -0.261526 0 0.261526 0.965196 0 2.02359 7.82959</i>
                        <i>1 0 0 0 0.964977 -0.262334 0 0.262334 0.964977 0 2.0239 7.89033</i>
                        <i>1 0 0 0 0.964776 -0.263074 0 0.263074 0.964776 0 2.02431 7.94608</i>
                        <i>1 0 0 0 0.964596 -0.263734 0 0.263734 0.964596 0 2.02526 7.99561</i>
                        <i>1 0 0 0 0.964441 -0.2643 0 0.2643 0.964441 0 2.02721 8.03771</i>
                        <i>1 0 0 0 0.964315 -0.264759 0 0.264759 0.964315 0 2.03058 8.07117</i>
                        <i>1 0 0 0 0.964219 -0.265108 0 0.265108 0.964219 0 2.03428 8.09619</i>
                        <i>1 0 0 0 0.964149 -0.265361 0 0.265361 0.964149 0 2.03696 8.11431</i>
                        <i>1 0 0 0 0.964103 -0.265529 0 0.265529 0.964103 0 2.03873 8.12631</i>
                        <i>1 0 0 0 0.964077 -0.265622 0 0.265622 0.964077 0 2.03971 8.13295</i>
                        <i>1 0 0 0 0.96407 -0.26565 0 0.26565 0.96407 0 2.04001 8.13499</i>
                        <i>1 0 0 0 0.964076 -0.265625 0 0.265625 0.964076 0 2.03975 8.1332</i>
                        <i>1 0 0 0 0.964095 -0.265558 0 0.265558 0.964095 0 2.03903 8.12835</i>
                        <i>1 0 0 0 0.964123 -0.265458 0 0.265458 0.964123 0 2.03798 8.1212</i>
                        <i>1 0 0 0 0.964156 -0.265336 0 0.265336 0.964156 0 2.03669 8.11252</i>
                        <i>1 0 0 0 0.964192 -0.265205 0 0.265205 0.964192 0 2.0353 8.10308</i>
                        <i>1 0 0 0 0.964229 -0.265073 0 0.265073 0.964229 0 2.0339 8.09363</i>
                        <i>1 0 0 0 0.964262 -0.264951 0 0.264951 0.964262 0 2.03262 8.08495</i>
                        <i>1 0 0 0 0.964289 -0.264851 0 0.264851 0.964289 0 2.03156 8.07781</i>
                        <i>1 0 0 0 0.964308 -0.264784 0 0.264784 0.964308 0 2.03085 8.07296</i>
                        <i>1 0 0 0 0.964315 -0.264759 0 0.264759 0.964315 0 2.03058 8.07117</i>
                    </KeyFrames>
                </p>
            </i>
            <i>
                <p>
                    <Name><![CDATA[rope_3]]></Name>
                    <Exclude>0</Exclude>
                    <Additive>0</Additive>
                    <IKPriority>0</IKPriority>
                    <IKRotLimits>-1e+010 -1e+010 -1e+010 1e+010 1e+010 1e+010</IKRotLimits>
                    <IKRotLimitOrder>0</IKRotLimitOrder>
                    <KeyFrames count="91">
                        <i>1 0 0 0 0.954213 -0.299129 0 0.299129 0.954213 0 -10.3181 -23.2084</i>
                        <i>0.99978 0.00894933 0.0189814 -0.00163948 0.935053 -0.354504 -0.0209212 0.354395 0.934862 -0.0267596 -9.38389 -21.2339</i>
                        <i>0.998999 0.0192861 0.0403572 -0.000901049 0.91076 -0.412935 -0.0447196 0.412485 0.909866 -0.0542896 -8.39302 -19.1867</i>
                        <i>0.997527 0.030661 0.0632492 0.00286191 0.88138 -0.472399 -0.0702308 0.471411 0.879113 -0.0823973 -7.35605 -17.087</i>
                        <i>0.995311 0.0426977 0.0867878 0.00994563 0.847352 -0.530938 -0.0962097 0.529312 0.842954 -0.11089 -6.28408 -14.9546</i>
                        <i>0.992396 0.054992 0.11012 0.0202526 0.809503 -0.586766 -0.12141 0.584535 0.802234 -0.139576 -5.18878 -12.8089</i>
                        <i>0.988919 0.0671128 0.132417 0.0332892 0.769011 -0.638369 -0.144673 0.635703 0.758255 -0.168261 -4.08247 -10.669</i>
                        <i>0.985114 0.0786055 0.152878 0.0482034 0.727335 -0.684587 -0.165006 0.681766 0.712719 -0.196754 -2.97803 -8.55383</i>
                        <i>0.98129 0.0889963 0.170735 0.0638564 0.686138 -0.724663 -0.18164 0.722007 0.667617 -0.224862 -1.88898 -6.48166</i>
                        <i>0.977813 0.0977964 0.185248 0.078917 0.6472 -0.758225 -0.194044 0.756022 0.625123 -0.252392 -0.829355 -4.47053</i>
                        <i>0.975079 0.104506 0.195701 0.091968 0.612341 -0.785227 -0.201897 0.783657 0.587469 -0.279152 0.186275 -2.53811</i>
                        <i>0.973471 0.108619 0.201385 0.101613 0.583366 -0.805828 -0.20501 0.804914 0.556853 -0.304948 1.1429 -0.701767</i>
                        <i>0.973317 0.109625 0.201587 0.10658 0.562021 -0.820228 -0.203213 0.819826 0.535341 -0.329589 2.02512 1.02138</i>
                        <i>0.987033 0.0770525 0.140816 0.0631509 0.620112 -0.781967 -0.147574 0.78072 0.607205 -0.352882 2.81727 2.61437</i>
                        <i>0.999494 0.015313 0.0278756 0.00742363 0.739928 -0.672645 -0.0309262 0.672511 0.73944 -0.374634 3.5035 4.06033</i>
                        <i>0.999076 -0.0207104 -0.0376496 -0.00557574 0.806294 -0.591488 0.0426067 0.591152 0.805434 -0.394653 4.06787 5.34231</i>
                        <i>0.999066 -0.0208181 -0.0378594 -0.00494144 0.815454 -0.5788 0.0429222 0.578447 0.81459 -0.414955 4.45086 6.40825</i>
                        <i>0.999611 -0.0134325 -0.0244547 -0.00311601 0.817252 -0.576272 0.0277264 0.576124 0.816892 -0.436024 4.63948 7.25226</i>
                        <i>0.999998 -0.000847115 -0.00154495 -0.000210348 0.813172 -0.582023 0.00174935 0.582023 0.813171 -0.455368 4.68783 7.92638</i>
                        <i>0.999535 0.0146279 0.0267425 0.00411902 0.804463 -0.593988 -0.0302022 0.593823 0.804029 -0.470496 4.65019 8.48258</i>
                        <i>0.997945 0.0306774 0.0562532 0.0100315 0.792306 -0.610041 -0.0632843 0.609352 0.79037 -0.478917 4.58083 8.97291</i>
                        <i>0.995547 0.0450104 0.0828318 0.0170918 0.777913 -0.628139 -0.0927088 0.626758 0.77368 -0.478139 4.53384 9.44966</i>
                        <i>0.993205 0.0553894 0.102352 0.0240928 0.762565 -0.646463 -0.113858 0.644536 0.756049 -0.465672 4.56304 9.96547</i>
                        <i>0.992061 0.0596396 0.110716 0.0290999 0.747631 -0.663477 -0.122344 0.661431 0.73996 -0.439024 4.7218 10.5735</i>
                        <i>0.991974 0.0597299 0.111447 0.0327405 0.730002 -0.68266 -0.122132 0.68083 0.722187 -0.397097 5.00627 11.2629</i>
                        <i>0.992075 0.0591016 0.110883 0.036941 0.706282 -0.706966 -0.120098 0.705459 0.698501 -0.342319 5.36415 11.9794</i>
                        <i>0.992344 0.0578262 0.109131 0.0412668 0.677586 -0.734285 -0.116406 0.733167 0.670012 -0.277487 5.77585 12.7111</i>
                        <i>0.992758 0.0559744 0.106297 0.0452787 0.64523 -0.762645 -0.111275 0.761935 0.638023 -0.205401 6.22188 13.446</i>
                        <i>0.993288 0.0536167 0.10249 0.0485752 0.610792 -0.7903 -0.104973 0.789974 0.604088 -0.128857 6.68286 14.1719</i>
                        <i>0.993906 0.0508228 0.0978159 0.0508272 0.576112 -0.815789 -0.0978136 0.815789 0.570018 -0.0506539 7.13953 14.8763</i>
                        <i>0.994582 0.0476615 0.0923833 0.0518009 0.543271 -0.837958 -0.0901275 0.838204 0.537859 0.0264105 7.57279 15.5465</i>
                        <i>0.995288 0.0442005 0.0863012 0.0513688 0.514517 -0.85594 -0.0822363 0.85634 0.509822 0.0995387 7.96368 16.1695</i>
                        <i>0.995997 0.0405061 0.0796797 0.0495091 0.492194 -0.869077 -0.0744208 0.869543 0.488218 0.165932 8.29341 16.7322</i>
                        <i>0.996686 0.0366437 0.0726304 0.0462952 0.478649 -0.876785 -0.0668931 0.877241 0.475367 0.222793 8.54335 17.2211</i>
                        <i>0.997333 0.0326766 0.0652661 0.0418807 0.476144 -0.87837 -0.0597781 0.87876 0.473505 0.267324 8.69506 17.6223</i>
                        <i>0.997922 0.0286668 0.0577009 0.0364834 0.486734 -0.872788 -0.053105 0.87308 0.484677 0.296727 8.73024 17.9218</i>
                        <i>0.998442 0.0246745 0.0500506 0.029954 0.519766 -0.853783 -0.0470812 0.853952 0.518217 0.304535 8.58177 18.0635</i>
                        <i>0.998884 0.0207581 0.0424317 0.0226826 0.577154 -0.81632 -0.0414349 0.816371 0.576039 0.289702 8.23209 18.0245</i>
                        <i>0.999244 0.0169742 0.0349624 0.0155902 0.648973 -0.760651 -0.0356011 0.760622 0.648218 0.257563 7.73697 17.841</i>
                        <i>0.999525 0.0133775 0.0277616 0.00941241 0.72529 -0.688379 -0.029344 0.688313 0.72482 0.213452 7.15167 17.5498</i>
                        <i>0.99973 0.0100209 0.020949 0.00465607 0.797291 -0.603578 -0.0227509 0.603513 0.797029 0.162702 6.53094 17.1885</i>
                        <i>0.999869 0.00695577 0.0146454 0.00154228 0.858395 -0.512987 -0.0161397 0.512942 0.858272 0.110648 5.92902 16.7955</i>
                        <i>0.999951 0.00423183 0.0089716 -1.29938e-005 0.904992 -0.425429 -0.00991957 0.425408 0.904948 0.062624 5.39966 16.4096</i>
                        <i>0.99999 0.00189745 0.00404922 -0.000356365 0.936447 -0.350809 -0.00445752 0.350805 0.936438 0.0239631 4.99618 16.0704</i>
                        <i>1 0 0 0 0.954213 -0.299129 0 0.299129 0.954213 0 4.77154 15.8178</i>
                        <i>0.999995 -0.00137474 -0.00295207 0.000525467 0.962763 -0.270347 0.0032138 0.270344 0.962758 -0.0122614 4.60505 15.6251</i>
