<?xml version="1.0" encoding="ISO-8859-1" ?>
<Animl Version="1">
    <ModellingPackage><![CDATA[Maya.2010]]></ModellingPackage>
    <SrcFile><![CDATA[anims\vehicles\blue\~src\air\fighter_f14tomcat\fighter_f14tomcat_180.mb]]></SrcFile>
    <FramesPerSecond>30</FramesPerSecond>
    <TotalFrames>71</TotalFrames>
    <Skeleton>
        <RefFrame>
            <Name><![CDATA[f14tomcat_ref_frame]]></Name>
            <Exclude>0</Exclude>
            <Additive>0</Additive>
            <IKPriority>0</IKPriority>
            <IKRotLimits>-1e+010 -1e+010 -1e+010 1e+010 1e+010 1e+010</IKRotLimits>
            <IKRotLimitOrder>0</IKRotLimitOrder>
            <KeyFrames count="71">
                <i>1 0 0 0 1 0 0 0 1 0 0 0</i>
                <i>1 0 0 0 1 0 0 0 1 0 0.0576311 2.43973</i>
                <i>1 0 0 0 1 0 0 0 1 0 0.227867 5.0095</i>
                <i>1 0 0 0 1 0 0 0 1 0 0.506628 7.69385</i>
                <i>1 0 0 0 1 0 0 0 1 0 0.889718 10.4773</i>
                <i>1 0 0 0 1 0 0 0 1 0 1.37284 13.3445</i>
                <i>1 0 0 0 1 0 0 0 1 0 1.9516 16.2799</i>
                <i>1 0 0 0 1 0 0 0 1 0 2.62152 19.2681</i>
                <i>1 0 0 0 1 0 0 0 1 0 3.37807 22.2938</i>
                <i>1 0 0 0 1 0 0 0 1 0 4.21665 25.3416</i>
                <i>1 0 0 0 1 0 0 0 1 0 5.13261 28.3962</i>
                <i>0.999983 0 -0.00579228 0 1 0 0.00579228 0 0.999983 0 6.12128 31.4424</i>
                <i>0.999741 0 -0.0227746 0 1 0 0.0227746 0 0.999741 0 7.17797 34.465</i>
                <i>0.998732 0 -0.0503424 0 1 0 0.0503424 0 0.998732 0 8.29799 37.4489</i>
                <i>0.996134 0 -0.0878512 0 1 0 0.0878512 0 0.996134 0 9.47665 40.3791</i>
                <i>0.990903 0 -0.134581 0 1 0 0.134581 0 0.990903 0 10.7093 43.2406</i>
                <i>0.981843 0 -0.189695 0 1 0 0.189695 0 0.981843 0 11.9913 46.0185</i>
                <i>0.967673 0 -0.252207 0 1 0 0.252207 0 0.967673 0 13.318 48.698</i>
                <i>0.947098 0 -0.320944 0 1 0 0.320944 0 0.947098 0 14.6851 51.2644</i>
                <i>0.918882 0 -0.394533 0 1 0 0.394533 0 0.918882 0 16.088 53.703</i>
                <i>0.881921 0 -0.471397 0 1 0 0.471397 0 0.881921 0 17.5224 55.9993</i>
                <i>0.835322 0 -0.549761 0 1 0 0.549761 0 0.835322 0 18.9841 58.1385</i>
                <i>0.778462 0 -0.627691 0 1 0 0.627691 0 0.778462 0 20.4691 60.1063</i>
                <i>0.711053 0 -0.703139 0 1 0 0.703139 0 0.711053 0 21.9733 61.8882</i>
                <i>0.633178 0 -0.774006 0 1 0 0.774006 0 0.633178 0 23.493 63.4698</i>
                <i>0.545325 0 -0.838225 0 1 0 0.838225 0 0.545325 0 25.0243 64.8364</i>
                <i>0.448383 0 -0.893841 0 1 0 0.893841 0 0.448383 0 26.5639 65.9738</i>
                <i>0.343629 0 -0.939105 0 1 0 0.939105 0 0.343629 0 28.1083 66.8674</i>
                <i>0.232682 0 -0.972553 0 1 0 0.972553 0 0.232682 0 29.6543 67.5026</i>
                <i>0.11744 0 -0.99308 0 1 0 0.99308 0 0.11744 0 31.1987 67.8648</i>
                <i>2.1066e-007 0 -1 0 1 0 1 0 2.1066e-007 0 32.7386 67.9393</i>
                <i>-0.11744 0 -0.99308 0 1 0 0.99308 0 -0.11744 0 34.2712 67.7841</i>
                <i>-0.232682 0 -0.972553 0 1 0 0.972553 0 -0.232682 0 35.7936 67.4721</i>
                <i>-0.343629 0 -0.939106 0 1 0 0.939106 0 -0.343629 0 37.3034 67.0107</i>
                <i>-0.448383 0 -0.893842 0 1 0 0.893842 0 -0.448383 0 38.798 66.4072</i>
                <i>-0.545325 0 -0.838225 0 1 0 0.838225 0 -0.545325 0 40.2748 65.6686</i>
                <i>-0.633178 0 -0.774006 0 1 0 0.774006 0 -0.633178 0 41.7315 64.8018</i>
                <i>-0.711053 0 -0.703139 0 1 0 0.703139 0 -0.711053 0 43.1657 63.8137</i>
                <i>-0.778462 0 -0.627692 0 1 0 0.627692 0 -0.778462 0 44.5748 62.7106</i>
                <i>-0.835322 0 -0.549761 0 1 0 0.549761 0 -0.835322 0 45.9566 61.4991</i>
                <i>-0.881921 0 -0.471397 0 1 0 0.471397 0 -0.881921 0 47.3084 60.1854</i>
                <i>-0.918882 0 -0.394534 0 1 0 0.394534 0 -0.918882 0 48.6279 58.7756</i>
                <i>-0.947098 0 -0.320944 0 1 0 0.320944 0 -0.947098 0 49.9123 57.2754</i>
                <i>-0.967673 0 -0.252207 0 1 0 0.252207 0 -0.967673 0 51.1589 55.6909</i>
                <i>-0.981843 0 -0.189695 0 1 0 0.189695 0 -0.981843 0 52.365 54.0275</i>
                <i>-0.990903 0 -0.134581 0 1 0 0.134581 0 -0.990903 0 53.5276 52.2908</i>
                <i>-0.996134 0 -0.0878512 0 1 0 0.0878512 0 -0.996134 0 54.6434 50.4864</i>
                <i>-0.998732 0 -0.0503424 0 1 0 0.0503424 0 -0.998732 0 55.7094 48.6195</i>
                <i>-0.999741 0 -0.0227746 0 1 0 0.0227746 0 -0.999741 0 56.722 46.6955</i>
                <i>-0.999983 0 -0.00579231 0 1 0 0.00579231 0 -0.999983 0 57.6778 44.7196</i>
                <i>-1 0 -1.22465e-016 0 1 0 1.22465e-016 0 -1 0 58.573 42.6972</i>
                <i>-1 0 -1.22465e-016 0 1 0 1.22465e-016 0 -1 0 59.4036 40.6336</i>
                <i>-1 0 -1.22465e-016 0 1 0 1.22465e-016 0 -1 0 60.1657 38.534</i>
                <i>-1 0 -1.22465e-016 0 1 0 1.22465e-016 0 -1 0 60.8552 36.4038</i>
                <i>-1 0 -1.22465e-016 0 1 0 1.22465e-016 0 -1 0 61.4676 34.2483</i>
                <i>-1 0 -1.22465e-016 0 1 0 1.22465e-016 0 -1 0 61.9986 32.0731</i>
                <i>-1 0 -1.22465e-016 0 1 0 1.22465e-016 0 -1 0 62.4436 29.8836</i>
                <i>-1 0 -1.22465e-016 0 1 0 1.22465e-016 0 -1 0 62.798 27.6856</i>
                <i>-1 0 -1.22465e-016 0 1 0 1.22465e-016 0 -1 0 63.057 25.4846</i>
                <i>-1 0 -1.22465e-016 0 1 0 1.22465e-016 0 -1 0 63.2159 23.2864</i>
                <i>-1 0 -1.22465e-016 0 1 0 1.22465e-016 0 -1 0 63.2699 21.0971</i>
                <i>-1 0 -1.22465e-016 0 1 0 1.22465e-016 0 -1 0 63.2719 18.8979</i>
                <i>-1 0 -1.22465e-016 0 1 0 1.22465e-016 0 -1 0 63.2752 16.6767</i>
                <i>-1 0 -1.22465e-016 0 1 0 1.22465e-016 0 -1 0 63.2769 14.4491</i>
                <i>-1 0 -1.22465e-016 0 1 0 1.22465e-016 0 -1 0 63.2766 12.231</i>
                <i>-1 0 -1.22465e-016 0 1 0 1.22465e-016 0 -1 0 63.2749 10.0378</i>
                <i>-1 0 -1.22465e-016 0 1 0 1.22465e-016 0 -1 0 63.2728 7.88521</i>
                <i>-1 0 -1.22465e-016 0 1 0 1.22465e-016 0 -1 0 63.2711 5.78883</i>
                <i>-1 0 -1.22465e-016 0 1 0 1.22465e-016 0 -1 0 63.2702 3.76428</i>
                <i>-1 0 -1.22465e-016 0 1 0 1.22465e-016 0 -1 0 63.2699 1.82721</i>
                <i>-1 0 -1.22465e-016 0 1 0 1.22465e-016 0 -1 0 63.2699 -0.00672284</i>
            </KeyFrames>
        </RefFrame>
        <Bones count="21">
            <i>
                <p>
                    <Name><![CDATA[f14tomcat_root]]></Name>
                    <Exclude>0</Exclude>
                    <Additive>0</Additive>
                    <IKPriority>0</IKPriority>
                    <IKRotLimits>-1e+010 -1e+010 -1e+010 1e+010 1e+010 1e+010</IKRotLimits>
                    <IKRotLimitOrder>0</IKRotLimitOrder>
                    <KeyFrames count="71">
                        <i>1 0 0 0 1 0 0 0 1 0 3.33197 0.00336142</i>
                        <i>0.999999 -0.000930217 0.00103307 0.000932131 0.999998 -0.00185337 -0.00103134 0.00185433 0.999998 0 3.3896 2.44309</i>
                        <i>0.999996 -0.00194641 0.00218061 0.00196238 0.999971 -0.00734692 -0.00216625 0.00735117 0.999971 0 3.55984 5.01286</i>
                        <i>0.99999 -0.00300821 0.00342857 0.00306398 0.999861 -0.0163804 -0.00337882 0.0163907 0.99986 0 3.8386 7.69721</i>
                        <i>0.99998 -0.00407442 0.00476273 0.00421019 0.999575 -0.0288519 -0.00464315 0.0288713 0.999572 0 4.22169 10.4807</i>
                        <i>0.999968 -0.00510379 0.00616751 0.00537422 0.998988 -0.0446566 -0.00593335 0.0446883 0.998983 0 4.70481 13.3478</i>
                        <i>0.999953 -0.00605586 0.00762482 0.00652933 0.997949 -0.063685 -0.00722351 0.0637317 0.997941 0 5.28357 16.2832</i>
                        <i>0.999935 -0.00689179 0.00911309 0.00764875 0.996281 -0.0858202 -0.00848775 0.0858843 0.996269 0 5.95349 19.2714</i>
                        <i>0.999915 -0.0075754 0.0106064 0.00870572 0.993789 -0.110936 -0.00970016 0.111019 0.993771 0 6.71004 22.2971</i>
                        <i>0.999894 -0.00807411 0.0120739 0.00967349 0.99026 -0.138895 -0.0108349 0.138997 0.990233 0 7.54861 25.3449</i>
                        <i>0.999874 -0.00836013 0.0134793 0.0105253 0.985466 -0.169545 -0.011866 0.169665 0.98543 0 8.46458 28.3995</i>
                        <i>0.999855 -0.00841165 0.0147807 0.0112344 0.979173 -0.202718 -0.0127677 0.202854 0.979126 0 9.45325 31.4457</i>
                        <i>0.999839 -0.0082141 0.0159306 0.011774 0.971138 -0.238226 -0.013514 0.238376 0.971079 0 10.5099 34.4683</i>
                        <i>0.999827 -0.00776146 0.0168764 0.0121174 0.96112 -0.275865 -0.0140792 0.276022 0.961048 0 11.63 37.4523</i>
                        <i>0.999821 -0.0070576 0.017561 0.0122378 0.948878 -0.315405 -0.0144372 0.315563 0.948795 0 12.8086 40.3825</i>
                        <i>0.99982 -0.00617782 0.0179466 0.0121731 0.93418 -0.356595 -0.0145624 0.356749 0.934087 0 14.0412 43.244</i>
                        <i>0.999823 -0.00519763 0.0180851 0.0119862 0.916802 -0.399162 -0.0145058 0.399309 0.916702 0 15.3232 46.0219</i>
                        <i>0.999829 -0.00412736 0.0180349 0.0116884 0.896539 -0.44281 -0.0143414 0.442945 0.896434 0 16.65 48.7014</i>
                        <i>0.999837 -0.00299909 0.0177948 0.0112907 0.873207 -0.487219 -0.0140774 0.487341 0.873098 0 18.017 51.2678</i>
                        <i>0.999847 -0.00184532 0.017367 0.0108041 0.846644 -0.53205 -0.0137219 0.532157 0.846535 0 19.4199 53.7064</i>
                        <i>0.999859 -0.000698343 0.0167574 0.0102399 0.816719 -0.576945 -0.0132832 0.577036 0.816611 0 20.8543 56.0026</i>
                        <i>0.999872 0.000410432 0.0159756 0.00960904 0.783332 -0.621529 -0.0127693 0.621603 0.783228 0 22.3161 58.1419</i>
                        <i>0.999886 0.00145122 0.0150356 0.0089227 0.74642 -0.665415 -0.0121885 0.665473 0.746322 0 23.8011 60.1097</i>
                        <i>0.9999 0.0023966 0.0139551 0.00819196 0.70596 -0.708205 -0.011549 0.708248 0.705869 0 25.3053 61.8916</i>
                        <i>0.999913 0.00322227 0.0127556 0.00742791 0.661967 -0.749496 -0.0108589 0.749526 0.661885 0 26.8249 63.4731</i>
                        <i>0.999927 0.00390774 0.0114623 0.00664165 0.614501 -0.788888 -0.0101264 0.788906 0.61443 0 28.3563 64.8398</i>
                        <i>0.999939 0.00443698 0.010103 0.00584429 0.563667 -0.825981 -0.00935962 0.82599 0.563607 0 29.8959 65.9772</i>
                        <i>0.999951 0.00479906 0.00870811 0.00504693 0.509614 -0.860388 -0.00856683 0.86039 0.509565 0 31.4403 66.8707</i>
                        <i>0.999961 0.00498853 0.00730931 0.00426067 0.452534 -0.891737 -0.00775617 0.891733 0.452495 0 32.9862 67.5059</i>
                        <i>0.99997 0.00500584 0.00593916 0.0034966 0.392663 -0.919676 -0.00693584 0.919669 0.392634 0 34.5306 67.8681</i>
                        <i>0.999977 0.00485744 0.00462991 0.00276583 0.330278 -0.94388 -0.006114 0.943871 0.330257 0 36.0706 67.9426</i>
                        <i>0.999984 0.00455591 0.00341256 0.00207946 0.265692 -0.964056 -0.00529884 0.964047 0.265678 0 37.6031 67.7874</i>
                        <i>0.999989 0.00411971 0.00231589 0.00144859 0.199254 -0.979947 -0.00449855 0.979939 0.199245 0 39.1256 67.4755</i>
                        <i>0.999993 0.00357292 0.00136542 0.000884327 0.131342 -0.991337 -0.0037213 0.991331 0.131338 0 40.6354 67.0141</i>
                        <i>0.999995 0.00294469 0.000582524 0.000397763 0.0623592 -0.998054 -0.00297528 0.998049 0.0623578 0 42.13 66.4106</i>
                        <i>0.999997 0.00226862 -1.64984e-005 8.67362e-019 -0.00727227 -0.999974 -0.00226868 0.999971 -0.00727225 0 43.6068 65.672</i>
                        <i>0.999965 0.00223491 0.00802149 0.00816996 -0.0771143 -0.996989 -0.00160961 0.99702 -0.0771299 0 45.0635 64.8052</i>
                        <i>0.999526 0.00550916 0.0302803 0.0307609 -0.146663 -0.988708 -0.00100595 0.989171 -0.146763 0 46.4976 63.817</i>
                        <i>0.997961 0.0142213 0.0622203 0.0638231 -0.215237 -0.974474 -0.000466196 0.976458 -0.215706 0 47.9068 62.714</i>
                        <i>0.994643 0.0293059 0.0991255 0.103367 -0.281995 -0.953831 -2.77556e-017 0.958968 -0.283513 0 49.2885 61.5025</i>
                        <i>0.989375 0.0505328 0.136319 0.145383 -0.346217 -0.926821 0.000361163 0.936793 -0.349885 0 50.6404 60.1888</i>
                        <i>0.982568 0.0765001 0.169436 0.185904 -0.407364 -0.894144 0.000620043 0.910056 -0.414485 0 51.9598 58.7789</i>
                        <i>0.975259 0.104726 0.194686 0.221065 -0.465213 -0.857151 0.000804456 0.878982 -0.476854 0 53.2442 57.2788</i>
                        <i>0.968981 0.131851 0.209026 0.247135 -0.520117 -0.817559 0.00092197 0.843857 -0.536568 0 54.4909 55.6942</i>
                        <i>0.965479 0.15378 0.210243 0.26048 -0.572966 -0.777085 0.000961991 0.805023 -0.593243 0 55.697 54.0308</i>
                        <i>0.966293 0.165783 0.196963 0.257444 -0.624928 -0.737013 0.000904063 0.762877 -0.646543 0 56.8595 52.2942</i>
                        <i>0.972193 0.16252 0.168605 0.234179 -0.676949 -0.697783 0.000732875 0.717863 -0.696184 0 57.9754 50.4897</i>
                        <i>0.982456 0.138062 0.125374 0.186493 -0.728977 -0.658645 0.000460942 0.670471 -0.741935 0 59.0414 48.6228</i>
                        <i>0.993944 0.0860102 0.0683878 0.109885 -0.778897 -0.617451 0.000159973 0.621227 -0.783631 0 60.054 46.6988</i>
                        <i>1 0 0 -0 -0.821182 -0.570666 0 0.570666 -0.821182 0 61.0098 44.723</i>
                        <i>0.984493 -0.150067 -0.0908494 -0.175424 -0.841214 -0.511455 0.000328488 0.519461 -0.854494 0 61.9049 42.7006</i>
                        <i>0.906348 -0.374258 -0.196121 -0.422527 -0.80066 -0.424752 0.00194047 0.467839 -0.883811 0 62.7356 40.637</i>
                        <i>0.725377 -0.627869 -0.28215 -0.68833 -0.658377 -0.304536 0.00544745 0.415116 -0.909752 0 63.4977 38.5374</i>
                        <i>0.431372 -0.843245 -0.320712 -0.902113 -0.399048 -0.16417 0.0104565 0.360137 -0.932841 0 64.1871 36.4071</i>
                        <i>0.0583038 -0.9519 -0.300811 -0.998181 -0.0509542 -0.0322277 0.0153499 0.302143 -0.953139 0 64.7996 34.2517</i>
                        <i>-0.324948 -0.916244 -0.234318 -0.945561 0.319473 0.0620642 0.0179924 0.24173 -0.970177 0 65.3305 32.0765</i>
                        <i>-0.645276 -0.749262 -0.149083 -0.76376 0.637063 0.10403 0.0170291 0.180992 -0.983337 0 65.7755 29.887</i>
                        <i>-0.858562 -0.507381 -0.0737218 -0.51255 0.852961 0.0987442 0.0127809 0.122564 -0.992378 0 66.1299 27.6889</i>
                        <i>-0.96454 -0.262769 -0.0248037 -0.263843 0.962438 0.0640386 0.00704465 0.068312 -0.997639 0 66.389 25.4879</i>
                        <i>-0.997099 -0.0760373 -0.00349906 -0.0760893 0.996929 0.0185146 0.00208052 0.0187271 -0.999822 0 66.5479 23.2898</i>
                        <i>-0.999034 0.0439374 0 0.0439237 0.998725 -0.0248883 -0.00109353 -0.0248643 -0.99969 0 66.6018 21.1004</i>
                        <i>-0.99268 0.120697 -0.00438959 0.120755 0.991159 -0.0549653 -0.00228336 -0.055093 -0.998479 0 66.6039 18.9012</i>
                        <i>-0.986913 0.160991 -0.00925849 0.161246 0.984565 -0.0680522 -0.00184017 -0.0686544 -0.997639 0 66.6071 16.68</i>
                        <i>-0.985001 0.172176 -0.0113755 0.172549 0.982556 -0.0693599 -0.000764992 -0.0702824 -0.997527 0 66.6089 14.4525</i>
                        <i>-0.986869 0.161183 -0.0104313 0.16152 0.984809 -0.063734 -3.64292e-017 -0.064582 -0.997912 0 66.6086 12.2343</i>
                        <i>-0.990875 0.134569 -0.00755721 0.134781 0.989412 -0.0538356 0.000232601 -0.054363 -0.998521 0 66.6069 10.0412</i>
                        <i>-0.995094 0.0988425 -0.00426123 0.0989341 0.994263 -0.040653 0.000218545 -0.0408751 -0.999164 0 66.6048 7.88857</i>
                        <i>-0.998156 0.0606747 -0.00171599 0.0606989 0.997808 -0.0263553 0.000113133 -0.0264108 -0.999651 0 66.6031 5.79219</i>
                        <i>-0.999638 0.0268989 -0.000386336 0.0269017 0.99955 -0.0132515 2.97128e-005 -0.0132571 -0.999912 0 66.6021 3.76764</i>
                        <i>-0.99999 0.0043951 -1.77527e-005 0.00439513 0.999983 -0.00369398 1.517e-006 -0.00369402 -0.999993 0 66.6018 1.83058</i>
                        <i>-1 1.22465e-016 0 1.22465e-016 1 1.22465e-016 1.49976e-032 1.22465e-016 -1 0 66.6018 -0.00336142</i>
                    </KeyFrames>
                </p>
            </i>
            <i>
                <p>
                    <Name><![CDATA[cockpit_hatch]]></Name>
                    <Exclude>0</Exclude>
                    <Additive>0</Additive>
                    <IKPriority>0</IKPriority>
                    <IKRotLimits>-1e+010 -1e+010 -1e+010 1e+010 1e+010 1e+010</IKRotLimits>
                    <IKRotLimitOrder>0</IKRotLimitOrder>
                    <KeyFrames count="71">
                        <i>1 0 0 0 1 0 0 0 1 0 4.55645 3.31878</i>
                        <i>0.999999 -0.000930217 0.00103307 0.000932131 0.999998 -0.00185337 -0.00103134 0.00185433 0.999998 -0.00227796 4.62022 5.75623</i>
                        <i>0.999996 -0.00194641 0.00218061 0.00196238 0.999971 -0.00734692 -0.00216625 0.00735117 0.999971 -0.00477913 4.80865 8.31918</i>
                        <i>0.99999 -0.00300821 0.00342857 0.00306398 0.999861 -0.0163804 -0.00337882 0.0163907 0.99986 -0.00745041 5.11725 10.9921</i>
                        <i>0.99998 -0.00407442 0.00476273 0.00421019 0.999575 -0.0288519 -0.00464315 0.0288713 0.999572 -0.0102387 5.54136 13.7594</i>
                        <i>0.999968 -0.00510379 0.00616751 0.00537422 0.998988 -0.0446566 -0.00593335 0.0446883 0.998983 -0.0130909 6.0762 16.6052</i>
                        <i>0.999953 -0.00605586 0.00762482 0.00652933 0.997949 -0.063685 -0.00722351 0.0637317 0.997941 -0.0159539 6.71683 19.5138</i>
                        <i>0.999935 -0.00689179 0.00911309 0.00764875 0.996281 -0.0858202 -0.00848775 0.0858843 0.996269 -0.0187747 7.45815 22.4694</i>
                        <i>0.999915 -0.0075754 0.0106064 0.00870572 0.993789 -0.110936 -0.00970016 0.111019 0.993771 -0.0215001 8.29498 25.456</i>
                        <i>0.999894 -0.00807411 0.0120739 0.00967349 0.99026 -0.138895 -0.0108349 0.138997 0.990233 -0.0240771 9.222 28.4579</i>
                        <i>0.999874 -0.00836013 0.0134793 0.0105253 0.985466 -0.169545 -0.011866 0.169665 0.98543 -0.0264527 10.2338 31.459</i>
                        <i>0.999855 -0.00841165 0.0147807 0.0112344 0.979173 -0.202718 -0.0127677 0.202854 0.979126 -0.0285739 11.3248 34.4437</i>
                        <i>0.999839 -0.0082141 0.0159306 0.011774 0.971138 -0.238226 -0.013514 0.238376 0.971079 -0.0303876 12.4894 37.3962</i>
                        <i>0.999827 -0.00776146 0.0168764 0.0121174 0.96112 -0.275865 -0.0140792 0.276022 0.961048 -0.0318408 13.722 40.3008</i>
                        <i>0.999821 -0.0070576 0.017561 0.0122378 0.948878 -0.315405 -0.0144372 0.315563 0.948795 -0.0328806 15.0167 43.1419</i>
                        <i>0.99982 -0.00617782 0.0179466 0.0121731 0.93418 -0.356595 -0.0145624 0.356749 0.934087 -0.0333747 16.3679 45.9042</i>
                        <i>0.999823 -0.00519763 0.0180851 0.0119862 0.916802 -0.399162 -0.0145058 0.399309 0.916702 -0.0334158 17.7697 48.5723</i>
                        <i>0.999829 -0.00412736 0.0180349 0.0116884 0.896539 -0.44281 -0.0143414 0.442945 0.896434 -0.0332355 19.2163 51.1312</i>
                        <i>0.999837 -0.00299909 0.0177948 0.0112907 0.873207 -0.487219 -0.0140774 0.487341 0.873098 -0.0328472 20.702 53.5659</i>
                        <i>0.999847 -0.00184532 0.017367 0.0108041 0.846644 -0.53205 -0.0137219 0.532157 0.846535 -0.0322644 22.2209 55.8615</i>
                        <i>0.999859 -0.000698343 0.0167574 0.0102399 0.816719 -0.576945 -0.0132832 0.577036 0.816611 -0.0315007 23.7675 58.0036</i>
                        <i>0.999872 0.000410432 0.0159756 0.00960904 0.783332 -0.621529 -0.0127693 0.621603 0.783228 -0.0305695 25.3361 59.9776</i>
                        <i>0.999886 0.00145122 0.0150356 0.0089227 0.74642 -0.665415 -0.0121885 0.665473 0.746322 -0.0294844 26.9214 61.7693</i>
                        <i>0.9999 0.0023966 0.0139551 0.00819196 0.70596 -0.708205 -0.011549 0.708248 0.705869 -0.0282589 28.5179 63.3647</i>
                        <i>0.999913 0.00322227 0.0127556 0.00742791 0.661967 -0.749496 -0.0108589 0.749526 0.661885 -0.0269064 30.1205 64.7498</i>
                        <i>0.999927 0.00390774 0.0114623 0.00664165 0.614501 -0.788888 -0.0101264 0.788906 0.61443 -0.0254406 31.7243 65.9109</i>
                        <i>0.999939 0.00443698 0.010103 0.00584429 0.563667 -0.825981 -0.00935962 0.82599 0.563607 -0.0238748 33.3246 66.8344</i>
                        <i>0.999951 0.00479906 0.00870811 0.00504693 0.509614 -0.860388 -0.00856683 0.86039 0.509565 -0.0222227 34.9168 67.5066</i>
                        <i>0.999961 0.00498853 0.00730931 0.00426067 0.452534 -0.891737 -0.00775617 0.891733 0.452495 -0.0204979 36.4968 67.9142</i>
                        <i>0.99997 0.00500584 0.00593916 0.0034966 0.392663 -0.919676 -0.00693584 0.919669 0.392634 -0.0187137 38.0605 68.0437</i>
                        <i>0.999977 0.00485744 0.00462991 0.00276583 0.330278 -0.94388 -0.006114 0.943871 0.330257 -0.0168837 39.6043 67.8818</i>
                        <i>0.999984 0.00455591 0.00341256 0.00207946 0.265692 -0.964056 -0.00529884 0.964047 0.265678 -0.0150216 41.1247 67.4878</i>
                        <i>0.999989 0.00411971 0.00231589 0.00144859 0.199254 -0.979947 -0.00449855 0.979939 0.199245 -0.0131408 42.6185 66.9361</i>
                        <i>0.999993 0.00357292 0.00136542 0.000884327 0.131342 -0.991337 -0.0037213 0.991331 0.131338 -0.0112548 44.0829 66.2357</i>
                        <i>0.999995 0.00294469 0.000582524 0.000397763 0.0623592 -0.998054 -0.00297528 0.998049 0.0623578 -0.00937725 45.5153 65.3952</i>
                        <i>0.999997 0.00226862 -1.64984e-005 8.67362e-019 -0.00727227 -0.999974 -0.00226868 0.999971 -0.00727225 -0.00752161 46.9132 64.4234</i>
                        <i>0.999965 0.00223491 0.00802149 0.00816996 -0.0771143 -0.996989 -0.00160961 0.99702 -0.0771299 0.0046674 48.2746 63.3287</i>
                        <i>0.999526 0.00550916 0.0302803 0.0307609 -0.146663 -0.988708 -0.00100595 0.989171 -0.146763 0.0343309 49.5976 62.1198</i>
                        <i>0.997961 0.0142213 0.0622203 0.0638231 -0.215237 -0.974474 -0.000466196 0.976458 -0.215706 0.0766043 50.8806 60.8056</i>
                        <i>0.994643 0.0293059 0.0991255 0.103367 -0.281995 -0.953831 -2.77556e-017 0.958968 -0.283513 0.12657 52.1226 59.3946</i>
                        <i>0.989375 0.0505328 0.136319 0.145383 -0.346217 -0.926821 0.000361163 0.936793 -0.349885 0.179216 53.3223 57.8939</i>
                        <i>0.982568 0.0765001 0.169436 0.185904 -0.407364 -0.894144 0.000620043 0.910056 -0.414485 0.229691 54.4782 56.3099</i>
                        <i>0.975259 0.104726 0.194686 0.221065 -0.465213 -0.857151 0.000804456 0.878982 -0.476854 0.273356 55.5888 54.6483</i>
                        <i>0.968981 0.131851 0.209026 0.247135 -0.520117 -0.817559 0.00092197 0.843857 -0.536568 0.305667 56.6518 52.9142</i>
                        <i>0.965479 0.15378 0.210243 0.26048 -0.572966 -0.777085 0.000961991 0.805023 -0.593243 0.322141 57.6644 51.1125</i>
                        <i>0.966293 0.165783 0.196963 0.257444 -0.624928 -0.737013 0.000904063 0.762877 -0.646543 0.318232 58.6236 49.2482</i>
                        <i>0.972193 0.16252 0.168605 0.234179 -0.676949 -0.697783 0.000732875 0.717863 -0.696184 0.289177 59.5265 47.3272</i>
                        <i>0.982456 0.138062 0.125374 0.186493 -0.728977 -0.658645 0.000460942 0.670471 -0.741935 0.229885 60.3716 45.3565</i>
                        <i>0.993944 0.0860102 0.0683878 0.109885 -0.778897 -0.617451 0.000159973 0.621227 -0.783631 0.135081 61.1599 43.3447</i>
                        <i>1 0 0 0 -0.821182 -0.570666 0 0.570666 -0.821182 0 61.8962 41.3017</i>
                        <i>0.984493 -0.150067 -0.0908494 -0.175424 -0.841214 -0.511455 0.000328488 0.519461 -0.854494 -0.213713 62.5971 39.2413</i>
                        <i>0.906348 -0.374258 -0.196121 -0.422527 -0.80066 -0.424752 0.00194047 0.467839 -0.883811 -0.510941 63.3063 37.1867</i>
                        <i>0.725377 -0.627869 -0.28215 -0.68833 -0.658377 -0.304536 0.00544745 0.415116 -0.909752 -0.824784 64.0678 35.1483</i>
                        <i>0.431372 -0.843245 -0.320712 -0.902113 -0.399048 -0.16417 0.0104565 0.360137 -0.932841 -1.06995 64.8925 33.1134</i>
                        <i>0.0583038 -0.9519 -0.300811 -0.998181 -0.0509542 -0.0322277 0.0153499 0.302143 -0.953139 -1.17136 65.7389 31.0522</i>
                        <i>-0.324948 -0.916244 -0.234318 -0.945561 0.319473 0.0620642 0.0179924 0.24173 -0.970177 -1.09816 66.5232 28.9359</i>
                        <i>-0.645276 -0.749262 -0.149083 -0.76376 0.637063 0.10403 0.0170291 0.180992 -0.983337 -0.878748 67.1557 26.7542</i>
                        <i>-0.858562 -0.507381 -0.0737218 -0.51255 0.852961 0.0987442 0.0127809 0.122564 -0.992378 -0.585232 67.5807 24.5197</i>
                        <i>-0.96454 -0.262769 -0.0248037 -0.263843 0.962438 0.0640386 0.00704465 0.068312 -0.997639 -0.299713 67.7939 22.2587</i>
                        <i>-0.997099 -0.0760373 -0.00349906 -0.0760893 0.996929 0.0185146 0.00208052 0.0187271 -0.999822 -0.0862718 67.8307 19.9976</i>
                        <i>-0.999034 0.0439374 0 0.0439237 0.998725 -0.0248883 -0.00109353 -0.0248643 -0.99969 0.0501581 67.7423 17.7556</i>
                        <i>-0.99268 0.120697 -0.00438959 0.120755 0.991159 -0.0549653 -0.00228336 -0.055093 -0.998479 0.140292 67.6349 15.5236</i>
                        <i>-0.986913 0.160991 -0.00925849 0.161246 0.984565 -0.0680522 -0.00184017 -0.0686544 -0.997639 0.191341 67.5851 13.2891</i>
                        <i>-0.985001 0.172176 -0.0113755 0.172549 0.982556 -0.0693599 -0.000764992 -0.0702824 -0.997527 0.208746 67.579 11.0603</i>
                        <i>-0.986869 0.161183 -0.0104313 0.16152 0.984809 -0.063734 -3.64292e-017 -0.064582 -0.997912 0.197778 67.6003 8.84779</i>
                        <i>-0.990875 0.134569 -0.00755721 0.134781 0.989412 -0.0538356 0.000232601 -0.054363 -0.998521 0.165807 67.6382 6.66472</i>
                        <i>-0.995094 0.0988425 -0.00426123 0.0989341 0.994263 -0.040653 0.000218545 -0.0408751 -0.999164 0.121867 67.6867 4.52615</i>
                        <i>-0.998156 0.0606747 -0.00171599 0.0606989 0.997808 -0.0263553 0.000113133 -0.0264108 -0.999651 0.0746995 67.7373 2.44566</i>
                        <i>-0.999638 0.0268989 -0.000386336 0.0269017 0.99955 -0.0132515 2.97128e-005 -0.0132571 -0.999912 0.033039 67.7821 0.436291</i>
                        <i>-0.99999 0.0043951 -1.77527e-005 0.00439513 0.999983 -0.00369398 1.517e-006 -0.00369402 -0.999993 0.00538677 67.8141 -1.48934</i>
                        <i>-1 1.22465e-016 0 1.22465e-016 1 1.22465e-016 1.49976e-032 1.22465e-016 -1 -1.49955e-016 67.8263 -3.31878</i>
                    </KeyFrames>
                </p>
            </i>
            <i>
                <p>
                    <Name><![CDATA[left_frontgear_hatch]]></Name>
                    <Exclude>0</Exclude>
                    <Additive>0</Additive>
                    <IKPriority>0</IKPriority>
                    <IKRotLimits>-1e+010 -1e+010 -1e+010 1e+010 1e+010 1e+010</IKRotLimits>
                    <IKRotLimitOrder>0</IKRotLimitOrder>
                    <KeyFrames count="71">
                        <i>0.350828 -0.93644 0 0.936435 0.350826 0.00334987 -0.00337983 -0.00126622 1.07742 0.697856 2.55487 8.12051</i>
                        <i>0.349955 -0.936764 0.002098 0.936757 0.349961 0.00366705 -0.00449219 0.000734817 1.07741 0.68876 2.6269 10.5624</i>
                        <i>0.348989 -0.937096 0.00764497 0.937112 0.349018 0.00281428 -0.00571625 0.00666068 1.07739 0.678744 2.84107 13.137</i>
                        <i>0.347955 -0.937365 0.0165421 0.937488 0.348016 0.000813373 -0.00702407 0.0164037 1.07728 0.668042 3.19255 15.8283</i>
                        <i>0.346879 -0.937471 0.0286889 0.937878 0.346958 -0.00231357 -0.0083877 0.0298546 1.07698 0.656882 3.67643 18.6201</i>
                        <i>0.345784 -0.937283 0.043982 0.93827 0.345842 -0.00654479 -0.00977922 0.0469003 1.07636 0.645496 4.28767 21.4957</i>
                        <i>0.344697 -0.936643 0.0623121 0.938657 0.344649 -0.0118592 -0.0111707 0.0674225 1.07525 0.634115 5.02115 24.4385</i>
                        <i>0.343643 -0.935375 0.0835626 0.939028 0.343356 -0.0182368 -0.0125341 0.091295 1.07348 0.622971 5.8716 27.4314</i>
                        <i>0.342646 -0.933282 0.107606 0.939377 0.341926 -0.0256581 -0.0138417 0.118381 1.07081 0.612294 6.83363 30.4573</i>
                        <i>0.341733 -0.930151 0.134303 0.939693 0.340314 -0.0341044 -0.0150654 0.148531 1.06703 0.602317 7.90171 33.4991</i>
                        <i>0.340928 -0.925763 0.163498 0.939969 0.338467 -0.0435572 -0.0161774 0.181581 1.06189 0.593271 9.07013 36.5396</i>
                        <i>0.340257 -0.919887 0.195018 0.940198 0.336322 -0.0539976 -0.0171497 0.217347 1.05513 0.585388 10.3331 39.5613</i>
                        <i>0.339746 -0.912294 0.228674 0.940369 0.333807 -0.0654051 -0.0179544 0.255628 1.04651 0.578899 11.6845 42.547</i>
                        <i>0.339421 -0.902754 0.264251 0.940477 0.330843 -0.0777576 -0.0185637 0.2962 1.03574 0.574037 13.1182 45.4794</i>
                        <i>0.339306 -0.891043 0.301518 0.940512 0.32734 -0.0910292 -0.0189497 0.338815 1.02259 0.571032 14.6278 48.3413</i>
                        <i>0.339366 -0.87697 0.340226 0.940488 0.323145 -0.105168 -0.0190844 0.383206 1.00679 0.570066 16.2068 51.1157</i>
                        <i>0.339542 -0.860353 0.380136 0.940425 0.318109 -0.12003 -0.0190232 0.429079 0.988115 0.570673 17.8484 53.7857</i>
                        <i>0.339823 -0.841003 0.420992 0.940327 0.312148 -0.135458 -0.0188457 0.476115 0.966333 0.572243 19.5459 56.3346</i>
                        <i>0.340198 -0.818758 0.462494 0.940196 0.305168 -0.151341 -0.0185608 0.523974 0.941248 0.574701 21.2922 58.7459</i>
                        <i>0.340657 -0.793478 0.504326 0.940036 0.29708 -0.167558 -0.0181772 0.572289 0.912686 0.577971 23.0803 61.0034</i>
                        <i>0.34119 -0.765053 0.546153 0.939851 0.287805 -0.18398 -0.0177038 0.620676 0.880505 0.581979 24.9031 63.0912</i>
                        <i>0.341785 -0.733399 0.58763 0.939643 0.27728 -0.200465 -0.0171494 0.668733 0.844596 0.58665 26.7533 64.9936</i>
                        <i>0.342433 -0.698469 0.628396 0.939417 0.265452 -0.216865 -0.0165229 0.716042 0.804892 0.591907 28.6238 66.6953</i>
                        <i>0.343122 -0.660248 0.668087 0.939176 0.252286 -0.233024 -0.015833 0.762177 0.761365 0.597675 30.5073 68.1813</i>
                        <i>0.343842 -0.618761 0.706333 0.938923 0.237764 -0.248781 -0.0150885 0.806704 0.714033 0.60388 32.3968 69.4371</i>
                        <i>0.344583 -0.574072 0.742767 0.938662 0.221885 -0.263971 -0.0142983 0.84919 0.662958 0.610447 34.2852 70.4483</i>
                        <i>0.345334 -0.526284 0.777026 0.938397 0.204671 -0.278427 -0.0134712 0.889207 0.608252 0.617299 36.1656 71.201</i>
                        <i>0.346085 -0.475539 0.808757 0.93813 0.186162 -0.291985 -0.0126161 0.926337 0.550074 0.624362 38.0315 71.6816</i>
                        <i>0.346825 -0.422021 0.837622 0.937867 0.16642 -0.304484 -0.0117417 0.960179 0.488631 0.63156 39.8764 71.877</i>
                        <i>0.347543 -0.365949 0.863304 0.93761 0.145525 -0.31577 -0.0108569 0.990353 0.424175 0.638819 41.6941 71.774</i>
                        <i>0.34823 -0.307581 0.885511 0.937363 0.123581 -0.325696 -0.00997058 1.01651 0.357004 0.646063 43.4788 71.3601</i>
                        <i>0.348875 -0.247206 0.903978 0.937131 0.100707 -0.334131 -0.00909146 1.03833 0.287455 0.653218 45.2251 70.6955</i>
                        <i>0.349468 -0.185144 0.918474 0.936917 0.0770439 -0.340955 -0.00822843 1.05554 0.215903 0.660207 46.928 69.8559</i>
                        <i>0.349998 -0.12174 0.928806 0.936725 0.0527448 -0.346068 -0.00739031 1.0679 0.142756 0.666958 48.5826 68.8515</i>
                        <i>0.350454 -0.0573626 0.934822 0.93656 0.0279781 -0.349389 -0.00658594 1.07523 0.0684472 0.673393 50.1849 67.6927</i>
                        <i>0.350827 0.00760594 0.936409 0.936424 0.00292288 -0.350857 -0.00582413 1.07739 -0.00656901 0.679439 51.731 66.39</i>
                        <i>0.343165 0.0729969 0.936434 0.939263 -0.021621 -0.342517 -0.00512428 1.0743 -0.0818658 0.678418 53.2179 64.9595</i>
                        <i>0.321856 0.139274 0.936489 0.946779 -0.0429807 -0.319001 -0.00450101 1.06592 -0.156976 0.665456 54.6447 63.4152</i>
                        <i>0.290347 0.206546 0.934365 0.956914 -0.0589225 -0.284329 -0.00395604 1.05228 -0.231382 0.643052 56.01 61.7638</i>
                        <i>0.252152 0.274352 0.927982 0.967682 -0.0682757 -0.242754 -0.00349261 1.03347 -0.304589 0.613792 57.3122 60.0116</i>
                        <i>0.210958 0.341939 0.915737 0.977491 -0.0710032 -0.198671 -0.00313888 1.00958 -0.376259 0.580396 58.5488 58.1641</i>
                        <i>0.170624 0.408311 0.896755 0.985332 -0.0682282 -0.156412 -0.00288826 0.980767 -0.446014 0.546257 59.7168 56.2276</i>
                        <i>0.135134 0.472384 0.870972 0.990824 -0.0621952 -0.119998 -0.00270939 0.947266 -0.513343 0.51533 60.8137 54.2101</i>
                        <i>0.108519 0.533315 0.838927 0.994091 -0.0561742 -0.0928799 -0.00259457 0.909399 -0.577779 0.491644 61.8368 52.12</i>
                        <i>0.0947938 0.590498 0.801453 0.995494 -0.0543097 -0.07773 -0.00255651 0.867552 -0.638897 0.479155 62.784 49.966</i>
                        <i>0.0979216 0.643368 0.759268 0.995191 -0.061441 -0.0762859 -0.00261783 0.822168 -0.696329 0.481611 63.6532 47.7563</i>
                        <i>0.121778 0.690938 0.712583 0.992554 -0.082897 -0.0892453 -0.00279275 0.773746 -0.749767 0.502419 64.4419 45.4986</i>
                        <i>0.170034 0.731079 0.660766 0.985434 -0.124212 -0.116151 -0.00306005 0.722834 -0.798964 0.544431 65.1465 43.1998</i>
                        <i>0.245804 0.759565 0.602198 0.969315 -0.190634 -0.155202 -0.00332614 0.670016 -0.843747 0.609537 65.7619 40.8655</i>
                        <i>0.350828 0.768988 0.534394 0.936435 -0.286181 -0.202955 -0.00337983 0.615885 -0.884034 0.697856 66.2801 38.5008</i>
                        <i>0.509662 0.735098 0.447074 0.860371 -0.433907 -0.267369 -0.00275137 0.561248 -0.919692 0.826023 66.6705 36.0986</i>
                        <i>0.713644 0.61847 0.32895 0.700509 -0.629794 -0.335629 -0.000437595 0.506337 -0.951033 0.976598 66.8941 33.6561</i>
                        <i>0.899062 0.396256 0.186193 0.437802 -0.817543 -0.374102 0.00428911 0.450209 -0.978844 1.08533 66.9407 31.1925</i>
                        <i>0.996113 0.0778502 0.0412209 0.0875015 -0.928434 -0.361046 0.0109503 0.391373 -1.00377 1.08695 66.8321 28.7389</i>
                        <i>0.955191 -0.286238 -0.0753539 -0.295539 -0.908256 -0.296189 0.0176051 0.328816 -1.02587 0.940973 66.6274 26.33</i>
                        <i>0.771459 -0.620612 -0.140325 -0.63596 -0.745113 -0.2009 0.0216809 0.263136 -1.04457 0.654077 66.405 23.9897</i>
                        <i>0.488834 -0.859433 -0.149721 -0.872149 -0.47753 -0.106404 0.0214955 0.196729 -1.05909 0.281437 66.2267 21.7202</i>
                        <i>0.178764 -0.97675 -0.118332 -0.983761 -0.175478 -0.0377179 0.0173211 0.132688 -1.06908 -0.0971056 66.1079 19.5055</i>
                        <i>-0.0913153 -0.993452 -0.0686701 -0.995768 0.0918118 -0.00410254 0.0111841 0.07327 -1.07487 -0.410895 66.0122 17.3229</i>
                        <i>-0.278557 -0.96024 -0.0185653 -0.960405 0.278608 -0.000130518 0.00570795 0.0191716 -1.07724 -0.619815 65.8721 15.1573</i>
                        <i>-0.391621 -0.919831 0.0233064 -0.920124 0.39144 -0.0120803 0.00214276 -0.0282023 -1.07705 -0.740192 65.6546 13.0051</i>
                        <i>-0.46134 -0.885817 0.0499317 -0.887223 0.460565 -0.0267386 0.000742049 -0.0610212 -1.07569 -0.805121 65.4707 10.8361</i>
                        <i>-0.497234 -0.865506 0.0604786 -0.867616 0.495939 -0.0358864 0.00114879 -0.0757603 -1.07476 -0.828965 65.3971 8.62846</i>
                        <i>-0.507148 -0.8597 0.0609605 -0.861856 0.505702 -0.0383273 0.00228643 -0.0775495 -1.07463 -0.827687 65.395 6.40137</i>
                        <i>-0.497476 -0.865667 0.0560235 -0.867473 0.496218 -0.0354707 0.00313093 -0.0713736 -1.07505 -0.81421 65.4315 4.17637</i>
                        <i>-0.473841 -0.879314 0.0477626 -0.880605 0.472944 -0.0293087 0.00342893 -0.0602793 -1.07573 -0.794339 65.4907 1.97258</i>
                        <i>-0.441753 -0.896391 0.0365741 -0.897131 0.441236 -0.0215996 0.00347344 -0.0456326 -1.07645 -0.76954 65.5693 -0.19317</i>
                        <i>-0.407022 -0.913101 0.0240781 -0.913413 0.406787 -0.0142017 0.00341863 -0.029924 -1.077 -0.74282 65.6556 -2.30284</i>
                        <i>-0.375893 -0.926582 0.0122737 -0.926658 0.375813 -0.00836032 0.00337655 -0.01564 -1.0773 -0.718268 65.7365 -4.33876</i>
                        <i>-0.354941 -0.934882 0.00345296 -0.934884 0.354924 -0.00466242 0.00337586 -0.00526106 -1.07741 -0.701253 65.7978 -6.28366</i>
                        <i>-0.350828 -0.93644 -1.14681e-016 -0.936435 0.350826 -0.00334987 0.00337983 -0.00126622 -1.07742 -0.697856 65.8247 -8.12051</i>
                    </KeyFrames>
                </p>
            </i>
            <i>
                <p>
                    <Name><![CDATA[right_frontgear_hatch]]></Name>
                    <Exclude>0</Exclude>
                    <Additive>0</Additive>
                    <IKPriority>0</IKPriority>
                    <IKRotLimits>-1e+010 -1e+010 -1e+010 1e+010 1e+010 1e+010</IKRotLimits>
                    <IKRotLimitOrder>0</IKRotLimitOrder>
                    <KeyFrames count="71">
                        <i>0.328048 0.944638 -0.00656164 0.944647 -0.328073 -0.00313493 -0.0055027 -0.0055629 -1.07596 -0.690367 2.55456 8.12338</i>
                        <i>0.328935 0.944319 -0.00797349 0.944344 -0.328957 -0.001551 -0.00439819 -0.00755297 -1.07596 -0.699465 2.62789 10.5638</i>
                        <i>0.329915 0.943924 -0.0127863 0.944006 -0.329925 0.0013354 -0.00318279 -0.0134616 -1.0759 -0.709479 2.84349 13.1368</i>
                        <i>0.330961 0.943413 -0.0209095 0.943643 -0.330921 0.00547825 -0.00188421 -0.0231814 -1.07574 -0.720178 3.19647 15.8265</i>
                        <i>0.332049 0.942711 -0.032251 0.943262 -0.331873 0.010831 -0.000530155 -0.0366026 -1.07537 -0.731329 3.68186 18.6164</i>
                        <i>0.333153 0.941715 -0.0467161 0.942872 -0.332702 0.017345 0.000851643 -0.0536122 -1.07465 -0.742702 4.29458 21.4901</i>
                        <i>0.334248 0.940296 -0.0642061 0.942483 -0.333321 0.0249676 0.00223347 -0.0740912 -1.07344 -0.754065 5.02943 24.4308</i>
                        <i>0.335308 0.938301 -0.0846166 0.942103 -0.333633 0.0336407 0.00358761 -0.0979126 -1.07152 -0.765189 5.88111 27.4216</i>
