<?xml version="1.0" encoding="ISO-8859-1" ?>
<Animl Version="1">
    <ModellingPackage>
        <![CDATA[Maya.2010]]>
</ModellingPackage>
    <SrcFile>
        <![CDATA[anims\vehicles\blue\~src\air\fighter_f14tomcat\fighter_f14tomcat_death.mb]]>
</SrcFile>
    <FramesPerSecond>30</FramesPerSecond>
    <TotalFrames>135</TotalFrames>
    <Skeleton>
        <RefFrame>
            <Name>
                <![CDATA[f14tomcat_ref_frame]]>
</Name>
            <Exclude>0</Exclude>
            <Additive>0</Additive>
            <IKPriority>0</IKPriority>
            <IKRotLimits>-1e+010 -1e+010 -1e+010 1e+010 1e+010 1e+010</IKRotLimits>
            <IKRotLimitOrder>0</IKRotLimitOrder>
            <KeyFrames count="135">
                <i>1 0 0 0 1 0 0 0 1 0 0 0</i>
                <i>1 0 0 0 1 0 0 0 1 0 0 0</i>
                <i>1 0 0 0 1 0 0 0 1 0 0 0</i>
                <i>1 0 0 0 1 0 0 0 1 0 0 0</i>
                <i>1 0 0 0 1 0 0 0 1 0 0 0</i>
                <i>1 0 0 0 1 0 0 0 1 0 0 0</i>
                <i>1 0 0 0 1 0 0 0 1 0 0 0</i>
                <i>1 0 0 0 1 0 0 0 1 0 0 0</i>
                <i>1 0 0 0 1 0 0 0 1 0 0 0</i>
                <i>1 0 0 0 1 0 0 0 1 0 0 0</i>
                <i>1 0 0 0 1 0 0 0 1 0 0 0</i>
                <i>1 0 0 0 1 0 0 0 1 0 0 0</i>
                <i>1 0 0 0 1 0 0 0 1 0 0 0</i>
                <i>1 0 0 0 1 0 0 0 1 0 0 0</i>
                <i>1 0 0 0 1 0 0 0 1 0 0 0</i>
                <i>1 0 0 0 1 0 0 0 1 0 0 0</i>
                <i>1 0 0 0 1 0 0 0 1 0 0 0</i>
                <i>1 0 0 0 1 0 0 0 1 0 0 0</i>
                <i>1 0 0 0 1 0 0 0 1 0 0 0</i>
                <i>1 0 0 0 1 0 0 0 1 0 0 0</i>
                <i>1 0 0 0 1 0 0 0 1 0 0 0</i>
                <i>1 0 0 0 1 0 0 0 1 0 0 0</i>
                <i>1 0 0 0 1 0 0 0 1 0 0 0</i>
                <i>1 0 0 0 1 0 0 0 1 0 0 0</i>
                <i>1 0 0 0 1 0 0 0 1 0 0 0</i>
                <i>1 0 0 0 1 0 0 0 1 0 0 0</i>
                <i>1 0 0 0 1 0 0 0 1 0 0 0</i>
                <i>1 0 0 0 1 0 0 0 1 0 0 0</i>
                <i>1 0 0 0 1 0 0 0 1 0 0 0</i>
                <i>1 0 0 0 1 0 0 0 1 0 0 0</i>
                <i>1 0 0 0 1 0 0 0 1 0 0 0</i>
                <i>1 0 0 0 1 0 0 0 1 0 0 0</i>
                <i>1 0 0 0 1 0 0 0 1 0 0 0</i>
                <i>1 0 0 0 1 0 0 0 1 0 0 0</i>
                <i>1 0 0 0 1 0 0 0 1 0 0 0</i>
                <i>1 0 0 0 1 0 0 0 1 0 0 0</i>
                <i>1 0 0 0 1 0 0 0 1 0 0 0</i>
                <i>1 0 0 0 1 0 0 0 1 0 0 0</i>
                <i>1 0 0 0 1 0 0 0 1 0 0 0</i>
                <i>1 0 0 0 1 0 0 0 1 0 0 0</i>
                <i>1 0 0 0 1 0 0 0 1 0 0 0</i>
                <i>1 0 0 0 1 0 0 0 1 0 0 0</i>
                <i>1 0 0 0 1 0 0 0 1 0 0 0</i>
                <i>1 0 0 0 1 0 0 0 1 0 0 0</i>
                <i>1 0 0 0 1 0 0 0 1 0 0 0</i>
                <i>1 0 0 0 1 0 0 0 1 0 0 0</i>
                <i>1 0 0 0 1 0 0 0 1 0 0 0</i>
                <i>1 0 0 0 1 0 0 0 1 0 0 0</i>
                <i>1 0 0 0 1 0 0 0 1 0 0 0</i>
                <i>1 0 0 0 1 0 0 0 1 0 0 0</i>
                <i>1 0 0 0 1 0 0 0 1 0 0 0</i>
                <i>1 0 0 0 1 0 0 0 1 0 0 0</i>
                <i>1 0 0 0 1 0 0 0 1 0 0 0</i>
                <i>1 0 0 0 1 0 0 0 1 0 0 0</i>
                <i>1 0 0 0 1 0 0 0 1 0 0 0</i>
                <i>1 0 0 0 1 0 0 0 1 0 0 0</i>
                <i>1 0 0 0 1 0 0 0 1 0 0 0</i>
                <i>1 0 0 0 1 0 0 0 1 0 0 0</i>
                <i>1 0 0 0 1 0 0 0 1 0 0 0</i>
                <i>1 0 0 0 1 0 0 0 1 0 0 0</i>
                <i>1 0 0 0 1 0 0 0 1 0 0 0</i>
                <i>1 0 0 0 1 0 0 0 1 0 0 0</i>
                <i>1 0 0 0 1 0 0 0 1 0 0 0</i>
                <i>1 0 0 0 1 0 0 0 1 0 0 0</i>
                <i>1 0 0 0 1 0 0 0 1 0 0 0</i>
                <i>1 0 0 0 1 0 0 0 1 0 0 0</i>
                <i>1 0 0 0 1 0 0 0 1 0 0 0</i>
                <i>1 0 0 0 1 0 0 0 1 0 0 0</i>
                <i>1 0 0 0 1 0 0 0 1 0 0 0</i>
                <i>1 0 0 0 1 0 0 0 1 0 0 0</i>
                <i>1 0 0 0 1 0 0 0 1 0 0 0</i>
                <i>1 0 0 0 1 0 0 0 1 0 0 0</i>
                <i>1 0 0 0 1 0 0 0 1 0 0 0</i>
                <i>1 0 0 0 1 0 0 0 1 0 0 0</i>
                <i>1 0 0 0 1 0 0 0 1 0 0 0</i>
                <i>1 0 0 0 1 0 0 0 1 0 0 0</i>
                <i>1 0 0 0 1 0 0 0 1 0 0 0</i>
                <i>1 0 0 0 1 0 0 0 1 0 0 0</i>
                <i>1 0 0 0 1 0 0 0 1 0 0 0</i>
                <i>1 0 0 0 1 0 0 0 1 0 0 0</i>
                <i>1 0 0 0 1 0 0 0 1 0 0 0</i>
                <i>1 0 0 0 1 0 0 0 1 0 0 0</i>
                <i>1 0 0 0 1 0 0 0 1 0 0 0</i>
                <i>1 0 0 0 1 0 0 0 1 0 0 0</i>
                <i>1 0 0 0 1 0 0 0 1 0 0 0</i>
                <i>1 0 0 0 1 0 0 0 1 0 0 0</i>
                <i>1 0 0 0 1 0 0 0 1 0 0 0</i>
                <i>1 0 0 0 1 0 0 0 1 0 0 0</i>
                <i>1 0 0 0 1 0 0 0 1 0 0 0</i>
                <i>1 0 0 0 1 0 0 0 1 0 0 0</i>
                <i>1 0 0 0 1 0 0 0 1 0 0 0</i>
                <i>1 0 0 0 1 0 0 0 1 0 0 0</i>
                <i>1 0 0 0 1 0 0 0 1 0 0 0</i>
                <i>1 0 0 0 1 0 0 0 1 0 0 0</i>
                <i>1 0 0 0 1 0 0 0 1 0 0 0</i>
                <i>1 0 0 0 1 0 0 0 1 0 0 0</i>
                <i>1 0 0 0 1 0 0 0 1 0 0 0</i>
                <i>1 0 0 0 1 0 0 0 1 0 0 0</i>
                <i>1 0 0 0 1 0 0 0 1 0 0 0</i>
                <i>1 0 0 0 1 0 0 0 1 0 0 0</i>
                <i>1 0 0 0 1 0 0 0 1 0 0 0</i>
                <i>1 0 0 0 1 0 0 0 1 0 0 0</i>
                <i>1 0 0 0 1 0 0 0 1 0 0 0</i>
                <i>1 0 0 0 1 0 0 0 1 0 0 0</i>
                <i>1 0 0 0 1 0 0 0 1 0 0 0</i>
                <i>1 0 0 0 1 0 0 0 1 0 0 0</i>
                <i>1 0 0 0 1 0 0 0 1 0 0 0</i>
                <i>1 0 0 0 1 0 0 0 1 0 0 0</i>
                <i>1 0 0 0 1 0 0 0 1 0 0 0</i>
                <i>1 0 0 0 1 0 0 0 1 0 0 0</i>
                <i>1 0 0 0 1 0 0 0 1 0 0 0</i>
                <i>1 0 0 0 1 0 0 0 1 0 0 0</i>
                <i>1 0 0 0 1 0 0 0 1 0 0 0</i>
                <i>1 0 0 0 1 0 0 0 1 0 0 0</i>
                <i>1 0 0 0 1 0 0 0 1 0 0 0</i>
                <i>1 0 0 0 1 0 0 0 1 0 0 0</i>
                <i>1 0 0 0 1 0 0 0 1 0 0 0</i>
                <i>1 0 0 0 1 0 0 0 1 0 0 0</i>
                <i>1 0 0 0 1 0 0 0 1 0 0 0</i>
                <i>1 0 0 0 1 0 0 0 1 0 0 0</i>
                <i>1 0 0 0 1 0 0 0 1 0 0 0</i>
                <i>1 0 0 0 1 0 0 0 1 0 0 0</i>
                <i>1 0 0 0 1 0 0 0 1 0 0 0</i>
                <i>1 0 0 0 1 0 0 0 1 0 0 0</i>
                <i>1 0 0 0 1 0 0 0 1 0 0 0</i>
                <i>1 0 0 0 1 0 0 0 1 0 0 0</i>
                <i>1 0 0 0 1 0 0 0 1 0 0 0</i>
                <i>1 0 0 0 1 0 0 0 1 0 0 0</i>
                <i>1 0 0 0 1 0 0 0 1 0 0 0</i>
                <i>1 0 0 0 1 0 0 0 1 0 0 0</i>
                <i>1 0 0 0 1 0 0 0 1 0 0 0</i>
                <i>1 0 0 0 1 0 0 0 1 0 0 0</i>
                <i>1 0 0 0 1 0 0 0 1 0 0 0</i>
                <i>1 0 0 0 1 0 0 0 1 0 0 0</i>
                <i>1 0 0 0 1 0 0 0 1 0 0 0</i>
            </KeyFrames>
        </RefFrame>
        <Bones count="21">
            <i>
                <p>
                    <Name>
                        <![CDATA[f14tomcat_root]]>
</Name>
                    <Exclude>0</Exclude>
                    <Additive>0</Additive>
                    <IKPriority>0</IKPriority>
                    <IKRotLimits>-1e+010 -1e+010 -1e+010 1e+010 1e+010 1e+010</IKRotLimits>
                    <IKRotLimitOrder>0</IKRotLimitOrder>
                    <KeyFrames count="135">
                        <i>1 0 0 0 0.829467 0.558556 0 -0.558556 0.829467 0.00200469 2.77034 1.85123</i>
                        <i>0.998903 0.038972 0.0259652 -0.0468242 0.83959 0.541198 -0.000708586 -0.54182 0.840494 0.00200469 2.77034 1.85123</i>
                        <i>0.995622 0.0777906 0.0518283 -0.0934675 0.83545 0.541561 -0.00117155 -0.544034 0.839063 0.00200469 2.77034 1.85123</i>
                        <i>0.990174 0.116376 0.0775359 -0.139831 0.830169 0.539691 -0.00156083 -0.54523 0.838285 0.00200469 2.77034 1.85123</i>
                        <i>0.982582 0.154649 0.103036 -0.185829 0.819112 0.5427 -0.000469407 -0.552395 0.833583 0.00200469 2.77034 1.85123</i>
                        <i>0.97287 0.192533 0.128276 -0.231351 0.808904 0.54051 0.00030321 -0.555523 0.831501 0.00200469 2.77034 1.85123</i>
                        <i>0.961068 0.22995 0.153205 -0.276313 0.800062 0.532495 -0.000126277 -0.554096 0.832452 0.00200469 2.77034 1.85123</i>
                        <i>0.947206 0.266827 0.177775 -0.320625 0.787781 0.525928 0.000284392 -0.555161 0.831743 0.00200469 2.77034 1.85123</i>
                        <i>0.931321 0.30309 0.201935 -0.364198 0.773796 0.518265 0.000824732 -0.556216 0.831038 0.00200469 2.77034 1.85123</i>
                        <i>0.913451 0.338666 0.225637 -0.406944 0.762642 0.502766 -0.00181069 -0.551074 0.834454 0.00200469 2.77034 1.85123</i>
                        <i>0.893639 0.373485 0.248836 -0.448776 0.747547 0.489666 -0.00313343 -0.549256 0.835648 0.00200469 2.77034 1.85123</i>
                        <i>0.871928 0.407478 0.271484 -0.489627 0.728697 0.478817 -0.00272184 -0.55042 0.834884 0.00200469 2.77034 1.85123</i>
                        <i>0.848367 0.440579 0.293537 -0.529398 0.702487 0.475657 0.00335828 -0.558929 0.829208 0.00200469 2.77034 1.85123</i>
                        <i>0.823007 0.472721 0.314952 -0.567966 0.676383 0.468957 0.00865783 -0.564837 0.825157 0.00200469 2.77034 1.85123</i>
                        <i>0.795901 0.503842 0.335686 -0.60533 0.652321 0.456128 0.0108411 -0.566234 0.824174 0.00200469 2.77034 1.85123</i>
                        <i>0.767107 0.533878 0.355698 -0.641482 0.632354 0.434315 0.0069441 -0.56134 0.827556 0.00200469 2.77034 1.85123</i>
                        <i>0.736683 0.562772 0.374948 -0.676238 0.613567 0.407722 -0.000601573 -0.553916 0.832572 0.00200469 2.77034 1.85123</i>
                        <i>0.704692 0.590464 0.393398 -0.709514 0.586393 0.390812 7.43774e-005 -0.554523 0.832168 0.00200469 2.77034 1.85123</i>
                        <i>0.671198 0.616899 0.411011 -0.741274 0.560435 0.369358 -0.0024883 -0.552584 0.833454 0.00200469 2.77034 1.85123</i>
                        <i>0.636268 0.642023 0.42775 -0.771446 0.533652 0.346535 -0.00578626 -0.550475 0.834832 0.00200469 2.77034 1.85123</i>
                        <i>0.599973 0.665784 0.443581 -0.799912 0.508347 0.318941 -0.0131473 -0.546182 0.837564 0.00200469 2.77034 1.85123</i>
                        <i>0.562383 0.688134 0.458472 -0.826798 0.475627 0.300307 -0.0114096 -0.547951 0.836432 0.00200469 2.77034 1.85123</i>
                        <i>0.523574 0.709025 0.47239 -0.851817 0.446494 0.273956 -0.0166776 -0.545826 0.837732 0.00200469 2.77034 1.85123</i>
                        <i>0.483622 0.728413 0.485308 -0.875201 0.409727 0.25719 -0.0115036 -0.549124 0.835661 0.00200469 2.77034 1.85123</i>
                        <i>0.442607 0.746255 0.497195 -0.896715 0.369314 0.243948 -0.00157376 -0.553815 0.832639 0.00200469 2.77034 1.85123</i>
                        <i>0.400607 0.762511 0.508026 -0.91623 0.329771 0.227536 0.00596677 -0.556621 0.830745 0.00200469 2.77034 1.85123</i>
                        <i>0.357708 0.777145 0.517775 -0.93379 0.292292 0.206404 0.00906478 -0.557326 0.830245 0.00200469 2.77034 1.85123</i>
                        <i>0.313993 0.79012 0.52642 -0.94941 0.258193 0.178764 0.00532752 -0.55592 0.831219 0.00200469 2.77034 1.85123</i>
                        <i>0.26955 0.801406 0.533939 -0.962973 0.221387 0.153853 0.00509168 -0.55564 0.831407 0.00200469 2.77034 1.85123</i>
                        <i>0.224467 0.810972 0.540313 -0.974386 0.19454 0.112807 -0.0136291 -0.551795 0.833868 0.00200469 2.77034 1.85123</i>
                        <i>0.178835 0.818793 0.545524 -0.983588 0.162274 0.0788805 -0.0239376 -0.550677 0.834375 0.00200469 2.77034 1.85123</i>
                        <i>0.132746 0.824844 0.549555 -0.990792 0.125344 0.0511943 -0.0266561 -0.55129 0.833888 0.00200469 2.77034 1.85123</i>
                        <i>0.0862926 0.829105 0.552394 -0.996072 0.0828471 0.0312545 -0.019851 -0.552921 0.832997 0.00200469 2.77034 1.85123</i>
                        <i>0.0395709 0.831557 0.554028 -0.999165 0.0385587 0.0134905 -0.0101445 -0.554099 0.832389 0.00200469 2.77034 1.85123</i>
                        <i>-0.00732287 0.832187 0.554447 -0.999966 -0.00399447 -0.00721164 -0.00378671 -0.554481 0.832188 0.00200469 2.77034 1.85123</i>
                        <i>-0.0542913 0.830982 0.553644 -0.998488 -0.0403699 -0.0373209 -0.00866247 -0.554833 0.831917 0.00200469 2.77034 1.85123</i>
                        <i>-0.101235 0.827934 0.551613 -0.994812 -0.0786686 -0.0644971 -0.0100047 -0.555281 0.831603 0.00200469 2.77034 1.85123</i>
                        <i>-0.148054 0.823038 0.548351 -0.98895 -0.118972 -0.0884469 -0.00755666 -0.555387 0.831558 0.00200469 2.77034 1.85123</i>
                        <i>-0.194648 0.816292 0.543857 -0.980869 -0.160317 -0.110432 -0.00295484 -0.554947 0.83188 0.00200469 2.77034 1.85123</i>
                        <i>-0.240915 0.807697 0.538131 -0.97053 -0.197249 -0.138438 -0.00566976 -0.555624 0.831415 0.00200469 2.77034 1.85123</i>
                        <i>-0.286752 0.79726 0.531177 -0.957935 -0.231915 -0.169047 -0.0115866 -0.557308 0.830225 0.00200469 2.77034 1.85123</i>
                        <i>-0.332057 0.784989 0.523001 -0.94318 -0.269134 -0.19488 -0.0122209 -0.557996 0.829754 0.00200469 2.77034 1.85123</i>
                        <i>-0.376726 0.770896 0.513612 -0.926303 -0.30975 -0.214517 -0.0062789 -0.556574 0.830774 0.00200469 2.77034 1.85123</i>
                        <i>-0.420656 0.754997 0.503019 -0.907212 -0.352501 -0.229587 0.00397734 -0.552922 0.833224 0.00200469 2.77034 1.85123</i>
                        <i>-0.463742 0.737312 0.491237 -0.885936 -0.390776 -0.249823 0.00776572 -0.551058 0.834431 0.00200469 2.77034 1.85123</i>
                        <i>-0.505881 0.717866 0.478281 -0.862521 -0.428612 -0.268978 0.011907 -0.548598 0.836002 0.00200469 2.77034 1.85123</i>
                        <i>-0.54697 0.696686 0.464169 -0.837106 -0.46101 -0.29449 0.00881968 -0.549636 0.835358 0.00200469 2.77034 1.85123</i>
                        <i>-0.586905 0.673803 0.448923 -0.809527 -0.49824 -0.31052 0.0144424 -0.545661 0.837881 0.00200469 2.77034 1.85123</i>
                        <i>-0.625584 0.649253 0.432567 -0.779997 -0.531726 -0.329957 0.0157814 -0.543817 0.839055 0.00200469 2.77034 1.85123</i>
                        <i>-0.662906 0.623077 0.415127 -0.74844 -0.566175 -0.345375 0.019839 -0.539649 0.841656 0.00200469 2.77034 1.85123</i>
                        <i>-0.698769 0.595318 0.396633 -0.715086 -0.596276 -0.364838 0.0193078 -0.538564 0.842363 0.00200469 2.77034 1.85123</i>
                        <i>-0.733181 0.56593 0.377053 -0.679844 -0.623092 -0.38674 0.0160707 -0.539888 0.841584 0.00200469 2.77034 1.85123</i>
                        <i>-0.766111 0.534868 0.356358 -0.642657 -0.644557 -0.414171 0.00816592 -0.546317 0.837539 0.00200469 2.77034 1.85123</i>
                        <i>-0.797409 0.502188 0.334584 -0.603417 -0.658801 -0.449298 -0.00520765 -0.560168 0.828362 0.00200469 2.77034 1.85123</i>
                        <i>-0.82693 0.467955 0.311777 -0.562291 -0.684355 -0.464205 -0.00386112 -0.559174 0.829041 0.00200469 2.77034 1.85123</i>
                        <i>-0.854533 0.432247 0.287986 -0.519392 -0.708747 -0.477399 -0.00224497 -0.557531 0.830153 0.00200469 2.77034 1.85123</i>
                        <i>-0.880083 0.395149 0.263269 -0.474819 -0.73284 -0.487331 0.000366083 -0.553897 0.832585 0.00200469 2.77034 1.85123</i>
                        <i>-0.903453 0.356756 0.23769 -0.428686 -0.751186 -0.501944 -0.000522026 -0.555377 0.831598 0.00200469 2.77034 1.85123</i>
                        <i>-0.924525 0.317173 0.211317 -0.381087 -0.761906 -0.52371 -0.00510245 -0.564713 0.825272 0.00200469 2.77034 1.85123</i>
                        <i>-0.943188 0.27651 0.184226 -0.332203 -0.774566 -0.538227 -0.00613006 -0.568849 0.822419 0.00200469 2.77034 1.85123</i>
                        <i>-0.959342 0.234887 0.156494 -0.282203 -0.788625 -0.54629 -0.00490123 -0.568242 0.822847 0.00200469 2.77034 1.85123</i>
                        <i>-0.972899 0.192432 0.128208 -0.231193 -0.799646 -0.55418 -0.00412052 -0.568802 0.822464 0.00200469 2.77034 1.85123</i>
                        <i>-0.983781 0.149275 0.0994552 -0.179351 -0.810043 -0.558269 -0.00277281 -0.567052 0.823678 0.00200469 2.77034 1.85123</i>
                        <i>-0.991923 0.105556 0.0703268 -0.126828 -0.818532 -0.560285 -0.00157648 -0.564679 0.825309 0.00200469 2.77034 1.85123</i>
                        <i>-0.997273 0.0614157 0.0409184 -0.0737984 -0.82916 -0.554118 -0.000103629 -0.555627 0.831432 0.00200469 2.77034 1.85123</i>
                        <i>-0.999791 0.0170008 0.0113268 -0.020428 -0.835958 -0.548413 0.000145291 -0.54853 0.836131 0.00200469 2.77034 1.85123</i>
                        <i>-0.999452 -0.0275408 -0.0183492 0.0330901 -0.83974 -0.54198 -0.000481935 -0.542291 0.840191 0.00200469 2.77034 1.85123</i>
                        <i>-0.996244 -0.0720593 -0.0480097 0.086575 -0.838563 -0.537882 -0.00149976 -0.540018 0.841652 0.00200469 2.77034 1.85123</i>
                        <i>-0.990169 -0.116404 -0.0775547 0.139855 -0.832994 -0.535314 -0.0022898 -0.540898 0.841085 0.00200469 2.77034 1.85123</i>
                        <i>-0.981244 -0.160425 -0.106884 0.19272 -0.829057 -0.524903 -0.00440514 -0.535656 0.844424 0.00200469 2.77034 1.85123</i>
                        <i>-0.969498 -0.203975 -0.135899 0.24505 -0.81789 -0.520583 -0.00496437 -0.538006 0.842926 0.00200469 2.77034 1.85123</i>
                        <i>-0.954975 -0.246906 -0.164502 0.296669 -0.800838 -0.520236 -0.00329 -0.545615 0.83803 0.00200469 2.77034 1.85123</i>
                        <i>-0.937732 -0.289075 -0.192597 0.347357 -0.778693 -0.522475 0.00106034 -0.556842 0.830618 0.00200469 2.77034 1.85123</i>
                        <i>-0.91784 -0.330346 -0.220094 0.396949 -0.762509 -0.510894 0.000948012 -0.556285 0.830991 0.00200469 2.77034 1.85123</i>
                        <i>-0.895381 -0.370583 -0.246902 0.445289 -0.741038 -0.502574 0.0032817 -0.559938 0.828528 0.00200469 2.77034 1.85123</i>
                        <i>-0.870449 -0.409662 -0.272938 0.492257 -0.723385 -0.484146 0.000896593 -0.55578 0.831329 0.00200469 2.77034 1.85123</i>
                        <i>-0.843151 -0.44746 -0.298122 0.537657 -0.706479 -0.460231 -0.00468143 -0.548332 0.836248 0.00200469 2.77034 1.85123</i>
                        <i>-0.813601 -0.483866 -0.322378 0.581351 -0.685787 -0.437867 -0.0092131 -0.543663 0.839253 0.00200469 2.77034 1.85123</i>
                        <i>-0.781925 -0.518777 -0.345637 0.623299 -0.659183 -0.420686 -0.00959576 -0.544379 0.838784 0.00200469 2.77034 1.85123</i>
                        <i>-0.748256 -0.552095 -0.367835 0.663395 -0.626416 -0.40928 -0.00445615 -0.550267 0.834977 0.00200469 2.77034 1.85123</i>
                        <i>-0.712738 -0.583737 -0.388917 0.701431 -0.593147 -0.395186 -1.28427e-007 -0.554462 0.832209 0.00200469 2.77034 1.85123</i>
                        <i>-0.675516 -0.613626 -0.40883 0.737102 -0.547739 -0.395806 0.0189447 -0.568723 0.822311 0.00200469 2.77034 1.85123</i>
                        <i>-0.636744 -0.641696 -0.427532 0.770519 -0.508473 -0.38439 0.0292729 -0.574179 0.818206 0.00200469 2.77034 1.85123</i>
                        <i>-0.596581 -0.667892 -0.444985 0.802072 -0.47698 -0.359404 0.0277944 -0.571324 0.820254 0.00200469 2.77034 1.85123</i>
                        <i>-0.555186 -0.69217 -0.46116 0.831616 -0.452968 -0.3213 0.0135031 -0.56189 0.827102 0.00200469 2.77034 1.85123</i>
                        <i>-0.512724 -0.714496 -0.476035 0.858553 -0.427619 -0.282895 -0.00143428 -0.553748 0.832683 0.00200469 2.77034 1.85123</i>
                        <i>-0.469356 -0.734848 -0.489595 0.88297 -0.395787 -0.252422 -0.00828341 -0.550773 0.834614 0.00200469 2.77034 1.85123</i>
                        <i>-0.42525 -0.753213 -0.50183 0.905076 -0.353707 -0.236069 0.00030934 -0.554583 0.832128 0.00200469 2.77034 1.85123</i>
                        <i>-0.380566 -0.769589 -0.512741 0.924702 -0.310835 -0.21979 0.00977037 -0.557777 0.829933 0.00200469 2.77034 1.85123</i>
                        <i>-0.335466 -0.783985 -0.522332 0.941943 -0.270706 -0.198648 0.0143386 -0.558647 0.829282 0.00200469 2.77034 1.85123</i>
                        <i>-0.290108 -0.796419 -0.530617 0.95688 -0.232841 -0.173682 0.0147744 -0.558123 0.829627 0.00200469 2.77034 1.85123</i>
                        <i>-0.244645 -0.80692 -0.537613 0.969397 -0.191845 -0.153185 0.0204693 -0.558636 0.82916 0.00200469 2.77034 1.85123</i>
                        <i>-0.199136 -0.815541 -0.543357 0.979638 -0.151195 -0.132096 0.0255764 -0.558598 0.829044 0.00200469 2.77034 1.85123</i>
                        <i>-0.153602 -0.822333 -0.547882 0.987887 -0.115431 -0.103705 0.0220376 -0.557175 0.830103 0.00200469 2.77034 1.85123</i>
                        <i>-0.108136 -0.827329 -0.551211 0.994099 -0.0851751 -0.0671799 0.00863041 -0.555222 0.831657 0.00200469 2.77034 1.85123</i>
                        <i>-0.0628265 -0.830565 -0.553367 0.997996 -0.0564913 -0.0285179 -0.00757445 -0.554049 0.832449 0.00200469 2.77034 1.85123</i>
                        <i>-0.0177558 -0.832078 -0.554375 0.999743 -0.0225901 0.00188585 -0.0140926 -0.554199 0.832265 0.00200469 2.77034 1.85123</i>
                        <i>0.0269969 -0.831906 -0.55426 0.999485 0.0128512 0.0293942 -0.0173302 -0.554768 0.831824 0.00200469 2.77034 1.85123</i>
                        <i>0.0713573 -0.830088 -0.553049 0.997397 0.0535978 0.0482429 -0.0104036 -0.555051 0.831751 0.00200469 2.77034 1.85123</i>
                        <i>0.115255 -0.826663 -0.550767 0.993247 0.088483 0.0750424 -0.0133012 -0.555697 0.831279 0.00200469 2.77034 1.85123</i>
                        <i>0.158623 -0.821673 -0.547442 0.987276 0.125715 0.0973764 -0.0111898 -0.555922 0.831159 0.00200469 2.77034 1.85123</i>
                        <i>0.201399 -0.815156 -0.543101 0.979417 0.159966 0.123102 -0.0134699 -0.556714 0.830595 0.00200469 2.77034 1.85123</i>
                        <i>0.243523 -0.807155 -0.53777 0.969799 0.19482 0.146752 -0.0136833 -0.557266 0.830221 0.00200469 2.77034 1.85123</i>
                        <i>0.284939 -0.79771 -0.531477 0.958453 0.229417 0.169514 -0.0132936 -0.557697 0.829938 0.00200469 2.77034 1.85123</i>
                        <i>0.325594 -0.786862 -0.524249 0.945489 0.267291 0.186027 -0.00625068 -0.556241 0.830997 0.00200469 2.77034 1.85123</i>
                        <i>0.365437 -0.77465 -0.516113 0.930762 0.31109 0.192108 0.0117411 -0.550582 0.834699 0.00200469 2.77034 1.85123</i>
                        <i>0.404421 -0.761116 -0.507096 0.914494 0.343812 0.213293 0.0120052 -0.549996 0.835081 0.00200469 2.77034 1.85123</i>
                        <i>0.442499 -0.746299 -0.497224 0.896709 0.374654 0.235686 0.0103951 -0.550156 0.834997 0.00200469 2.77034 1.85123</i>
                        <i>0.47963 -0.730239 -0.486524 0.877461 0.401751 0.262027 0.00411913 -0.552582 0.833448 0.00200469 2.77034 1.85123</i>
                        <i>0.515771 -0.712976 -0.475022 0.856726 0.428418 0.287192 -0.0012527 -0.555089 0.83179 0.00200469 2.77034 1.85123</i>
                        <i>0.550883 -0.694547 -0.462744 0.834582 0.458647 0.305148 0.000296651 -0.554299 0.832318 0.00200469 2.77034 1.85123</i>
                        <i>0.584928 -0.674992 -0.449716 0.811085 0.48644 0.324835 -0.000501071 -0.554763 0.832009 0.00200469 2.77034 1.85123</i>
                        <i>0.617871 -0.654349 -0.435962 0.786278 0.513039 0.344323 -0.00164169 -0.555534 0.831492 0.00200469 2.77034 1.85123</i>
                        <i>0.649676 -0.632655 -0.421508 0.760208 0.542249 0.35784 0.0021735 -0.552914 0.833236 0.00200469 2.77034 1.85123</i>
                        <i>0.680309 -0.609947 -0.406379 0.732909 0.569935 0.371508 0.00500942 -0.550579 0.834768 0.00200469 2.77034 1.85123</i>
                        <i>0.709737 -0.586264 -0.3906 0.70445 0.594445 0.387796 0.00483967 -0.550391 0.834893 0.00200469 2.77034 1.85123</i>
                        <i>0.737929 -0.56164 -0.374195 0.674872 0.611578 0.412941 -0.00307493 -0.557254 0.830336 0.00200469 2.77034 1.85123</i>
                        <i>0.764853 -0.536114 -0.357187 0.644142 0.628686 0.4357 -0.00902574 -0.563326 0.826186 0.00200469 2.77034 1.85123</i>
                        <i>0.790478 -0.50972 -0.339603 0.612391 0.647718 0.453254 -0.0110661 -0.566257 0.824154 0.00200469 2.77034 1.85123</i>
                        <i>0.814775 -0.482496 -0.321465 0.57973 0.670871 0.462434 -0.00746101 -0.563142 0.826327 0.00200469 2.77034 1.85123</i>
                        <i>0.837713 -0.454478 -0.302798 0.546111 0.697167 0.464459 1.39257e-005 -0.554444 0.832221 0.00200469 2.77034 1.85123</i>
                        <i>0.859264 -0.425702 -0.283626 0.511533 0.715369 0.476005 0.00026042 -0.554098 0.832452 0.00200469 2.77034 1.85123</i>
                        <i>0.879397 -0.396205 -0.263973 0.476087 0.733157 0.485616 0.00113006 -0.552723 0.833364 0.00200469 2.77034 1.85123</i>
                        <i>0.898085 -0.366024 -0.243864 0.439813 0.750805 0.492804 0.0027167 -0.549835 0.835269 0.00200469 2.77034 1.85123</i>
                        <i>0.915298 -0.335195 -0.223325 0.402723 0.770664 0.493854 0.00657102 -0.541961 0.840378 0.00200469 2.77034 1.85123</i>
                        <i>0.931008 -0.303756 -0.202379 0.364965 0.782368 0.504679 0.00503493 -0.543721 0.839251 0.00200469 2.77034 1.85123</i>
                        <i>0.945185 -0.271747 -0.181052 0.326481 0.796698 0.508608 0.00603133 -0.539839 0.841747 0.00200469 2.77034 1.85123</i>
                        <i>0.957801 -0.239204 -0.159371 0.287401 0.80531 0.518533 0.00430749 -0.542454 0.840074 0.00200469 2.77034 1.85123</i>
                        <i>0.968827 -0.20617 -0.137361 0.247737 0.808359 0.534024 0.000937584 -0.551407 0.834236 0.00200469 2.77034 1.85123</i>
                        <i>0.978235 -0.172684 -0.115052 0.207497 0.810682 0.547485 -0.00127198 -0.559442 0.828869 0.00200469 2.77034 1.85123</i>
                        <i>0.985995 -0.138789 -0.0924689 0.166766 0.815569 0.554109 -0.00148966 -0.561769 0.827293 0.00200469 2.77034 1.85123</i>
                        <i>0.992081 -0.104528 -0.0696421 0.125601 0.82208 0.555345 -0.000797691 -0.559694 0.828699 0.00200469 2.77034 1.85123</i>
                        <i>0.996462 -0.069945 -0.0466011 0.0840455 0.825493 0.55812 -0.000568889 -0.560062 0.82845 0.00200469 2.77034 1.85123</i>
                        <i>0.999111 -0.0350864 -0.0233765 0.0421581 0.837498 0.544812 0.000462236 -0.545313 0.838233 0.00200469 2.77034 1.85123</i>
                        <i>1 -2.44929e-016 0 2.06993e-016 0.845112 0.534589 -1.30937e-016 -0.534589 0.845112 0.00200469 2.77034 1.85123</i>
                    </KeyFrames>
                </p>
            </i>
            <i>
                <p>
                    <Name>
                        <![CDATA[cockpit_hatch]]>
</Name>
                    <Exclude>0</Exclude>
                    <Additive>0</Additive>
                    <IKPriority>0</IKPriority>
                    <IKRotLimits>-1e+010 -1e+010 -1e+010 1e+010 1e+010 1e+010</IKRotLimits>
                    <IKRotLimitOrder>0</IKRotLimitOrder>
                    <KeyFrames count="135">
                        <i>1 0 0 0 0.829467 0.558556 0 -0.558556 0.829467 0.00200469 1.93416 5.2852</i>
                        <i>0.998903 0.038972 0.0259652 -0.0468242 0.83959 0.541198 -0.000708586 -0.54182 0.840494 -0.0576798 2.00204 5.3005</i>
                        <i>0.995622 0.0777906 0.0518283 -0.0934675 0.83545 0.541561 -0.00117155 -0.544034 0.839063 -0.116328 1.98963 5.2962</i>
                        <i>0.990174 0.116376 0.0775359 -0.139831 0.830169 0.539691 -0.00156083 -0.54523 0.838285 -0.17439 1.9792 5.29133</i>
                        <i>0.982582 0.154649 0.103036 -0.185829 0.819112 0.5427 -0.000469407 -0.552395 0.833583 -0.227095 1.9419 5.27943</i>
                        <i>0.97287 0.192533 0.128276 -0.231351 0.808904 0.54051 0.00030321 -0.555523 0.831501 -0.280274 1.91903 5.26985</i>
                        <i>0.961068 0.22995 0.153205 -0.276313 0.800062 0.532495 -0.000126277 -0.554096 0.832452 -0.336753 1.91294 5.26319</i>
                        <i>0.947206 0.266827 0.177775 -0.320625 0.787781 0.525928 0.000284392 -0.555161 0.831743 -0.389651 1.89437 5.25279</i>
                        <i>0.931321 0.30309 0.201935 -0.364198 0.773796 0.518265 0.000824732 -0.556216 0.831038 -0.441213 1.87375 5.24107</i>
                        <i>0.913451 0.338666 0.225637 -0.406944 0.762642 0.502766 -0.00181069 -0.551074 0.834454 -0.502292 1.87714 5.23342</i>
                        <i>0.893639 0.373485 0.248836 -0.448776 0.747547 0.489666 -0.00313343 -0.549256 0.835648 -0.5579 1.86468 5.22134</i>
                        <i>0.871928 0.407478 0.271484 -0.489627 0.728697 0.478817 -0.00272184 -0.55042 0.834884 -0.606556 1.83774 5.20552</i>
                        <i>0.848367 0.440579 0.293537 -0.529398 0.702487 0.475657 0.00335828 -0.558929 0.829208 -0.635097 1.77743 5.18283</i>
                        <i>0.823007 0.472721 0.314952 -0.567966 0.676383 0.468957 0.00865783 -0.564837 0.825157 -0.664752 1.72588 5.1612</i>
                        <i>0.795901 0.503842 0.335686 -0.60533 0.652321 0.456128 0.0108411 -0.566234 0.824174 -0.703265 1.69179 5.14223</i>
                        <i>0.767107 0.533878 0.355698 -0.641482 0.632354 0.434315 0.0069441 -0.56134 0.827556 -0.760453 1.68357 5.12673</i>
                        <i>0.736683 0.562772 0.374948 -0.676238 0.613567 0.407722 -0.000601573 -0.553916 0.832572 -0.828028 1.68517 5.1108</i>
                        <i>0.704692 0.590464 0.393398 -0.709514 0.586393 0.390812 7.43774e-005 -0.554523 0.832168 -0.866532 1.64989 5.08876</i>
                        <i>0.671198 0.616899 0.411011 -0.741274 0.560435 0.369358 -0.0024883 -0.552584 0.833454 -0.913918 1.62453 5.06675</i>
                        <i>0.636268 0.642023 0.42775 -0.771446 0.533652 0.346535 -0.00578626 -0.550475 0.834832 -0.961797 1.59873 5.04337</i>
                        <i>0.599973 0.665784 0.443581 -0.799912 0.508347 0.318941 -0.0131473 -0.546182 0.837564 -1.02106 1.58198 5.01864</i>
                        <i>0.562383 0.688134 0.458472 -0.826798 0.475627 0.300307 -0.0114096 -0.547951 0.836432 -1.04822 1.53605 4.99207</i>
                        <i>0.523574 0.709025 0.47239 -0.851817 0.446494 0.273956 -0.0166776 -0.545826 0.837732 -1.09632 1.50742 4.96412</i>
                        <i>0.483622 0.728413 0.485308 -0.875201 0.409727 0.25719 -0.0115036 -0.549124 0.835661 -1.1078 1.45146 4.93672</i>
                        <i>0.442607 0.746255 0.497195 -0.896715 0.369314 0.243948 -0.00157376 -0.553815 0.832639 -1.10122 1.38643 4.91048</i>
                        <i>0.400607 0.762511 0.508026 -0.91623 0.329771 0.227536 0.00596677 -0.556621 0.830745 -1.10012 1.3287 4.88411</i>
                        <i>0.357708 0.777145 0.517775 -0.93379 0.292292 0.206404 0.00906478 -0.557326 0.830245 -1.11135 1.28048 4.85658</i>
                        <i>0.313993 0.79012 0.52642 -0.94941 0.258193 0.178764 0.00532752 -0.55592 0.831219 -1.14286 1.24338 4.82596</i>
                        <i>0.26955 0.801406 0.533939 -0.962973 0.221387 0.153853 0.00509168 -0.55564 0.831407 -1.16025 1.19924 4.79608</i>
                        <i>0.224467 0.810972 0.540313 -0.974386 0.19454 0.112807 -0.0136291 -0.551795 0.833868 -1.2363 1.17912 4.75398</i>
                        <i>0.178835 0.818793 0.545524 -0.983588 0.162274 0.0788805 -0.0239376 -0.550677 0.834375 -1.28174 1.14332 4.71412</i>
                        <i>0.132746 0.824844 0.549555 -0.990792 0.125344 0.0511943 -0.0266561 -0.55129 0.833888 -1.29957 1.09606 4.6786</i>
                        <i>0.0862926 0.829105 0.552394 -0.996072 0.0828471 0.0312545 -0.019851 -0.552921 0.832997 -1.28348 1.03862 4.65123</i>
                        <i>0.0395709 0.831557 0.554028 -0.999165 0.0385587 0.0134905 -0.0101445 -0.554099 0.832389 -1.25508 0.980484 4.62747</i>
                        <i>-0.00732287 0.832187 0.554447 -0.999966 -0.00399447 -0.00721164 -0.00378671 -0.554481 0.832188 -1.23499 0.927112 4.60145</i>
                        <i>-0.0542913 0.830982 0.553644 -0.998488 -0.0403699 -0.0373209 -0.00866247 -0.554833 0.831917 -1.24934 0.881404 4.56368</i>
                        <i>-0.101235 0.827934 0.551613 -0.994812 -0.0786686 -0.0644971 -0.0100047 -0.555281 0.831603 -1.24929 0.833023 4.52936</i>
                        <i>-0.148054 0.823038 0.548351 -0.98895 -0.118972 -0.0884469 -0.00755666 -0.555387 0.831558 -1.234 0.78332 4.49989</i>
                        <i>-0.194648 0.816292 0.543857 -0.980869 -0.160317 -0.110432 -0.00295484 -0.554947 0.83188 -1.20884 0.734152 4.47404</i>
                        <i>-0.240915 0.807697 0.538131 -0.97053 -0.197249 -0.138438 -0.00566976 -0.555624 0.831415 -1.20518 0.686687 4.4382</i>
                        <i>-0.286752 0.79726 0.531177 -0.957935 -0.231915 -0.169047 -0.0115866 -0.557308 0.830225 -1.20938 0.638658 4.39678</i>
                        <i>-0.332057 0.784989 0.523001 -0.94318 -0.269134 -0.19488 -0.0122209 -0.557996 0.829754 -1.19341 0.590802 4.36358</i>
                        <i>-0.376726 0.770896 0.513612 -0.926303 -0.30975 -0.214517 -0.0062789 -0.556574 0.830774 -1.15305 0.545782 4.34292</i>
                        <i>-0.420656 0.754997 0.503019 -0.907212 -0.352501 -0.229587 0.00397734 -0.552922 0.833224 -1.09567 0.505543 4.33259</i>
                        <i>-0.463742 0.737312 0.491237 -0.885936 -0.390776 -0.249823 0.00776572 -0.551058 0.834431 -1.05706 0.464857 4.31181</i>
                        <i>-0.505881 0.717866 0.478281 -0.862521 -0.428612 -0.268978 0.011907 -0.548598 0.836002 -1.01466 0.426682 4.29357</i>
                        <i>-0.54697 0.696686 0.464169 -0.837106 -0.46101 -0.29449 0.00881968 -0.549636 0.835358 -0.993771 0.383572 4.26019</i>
                        <i>-0.586905 0.673803 0.448923 -0.809527 -0.49824 -0.31052 0.0144424 -0.545661 0.837881 -0.94136 0.35116 4.24893</i>
                        <i>-0.625584 0.649253 0.432567 -0.779997 -0.531726 -0.329957 0.0157814 -0.543817 0.839055 -0.900762 0.316271 4.22902</i>
                        <i>-0.662906 0.623077 0.415127 -0.74844 -0.566175 -0.345375 0.019839 -0.539649 0.841656 -0.848668 0.28791 4.21877</i>
                        <i>-0.698769 0.595318 0.396633 -0.715086 -0.596276 -0.364838 0.0193078 -0.538564 0.842363 -0.809589 0.254648 4.19728</i>
                        <i>-0.733181 0.56593 0.377053 -0.679844 -0.623092 -0.38674 0.0160707 -0.539888 0.841584 -0.777167 0.217424 4.16788</i>
                        <i>-0.766111 0.534868 0.356358 -0.642657 -0.644557 -0.414171 0.00816592 -0.546317 0.837539 -0.75784 0.169826 4.12088</i>
                        <i>-0.797409 0.502188 0.334584 -0.603417 -0.658801 -0.449298 -0.00520765 -0.560168 0.828362 -0.754131 0.106461 4.04744</i>
                        <i>-0.82693 0.467955 0.311777 -0.562291 -0.684355 -0.464205 -0.00386112 -0.559174 0.829041 -0.699309 0.0784657 4.03144</i>
                        <i>-0.854533 0.432247 0.287986 -0.519392 -0.708747 -0.477399 -0.00224497 -0.557531 0.830153 -0.641422 0.0540485 4.01897</i>
                        <i>-0.880083 0.395149 0.263269 -0.474819 -0.73284 -0.487331 0.000366083 -0.553897 0.832585 -0.578187 0.0365929 4.01487</i>
                        <i>-0.903453 0.356756 0.23769 -0.428686 -0.751186 -0.501944 -0.000522026 -0.555377 0.831598 -0.524642 0.00922184 3.99371</i>
                        <i>-0.924525 0.317173 0.211317 -0.381087 -0.761906 -0.52371 -0.00510245 -0.564713 0.825272 -0.481544 -0.0348564 3.94608</i>
                        <i>-0.943188 0.27651 0.184226 -0.332203 -0.774566 -0.538227 -0.00613006 -0.568849 0.822419 -0.425094 -0.0640718 3.91885</i>
                        <i>-0.959342 0.234887 0.156494 -0.282203 -0.788625 -0.54629 -0.00490123 -0.568242 0.822847 -0.359796 -0.0792734 3.91039</i>
                        <i>-0.972899 0.192432 0.128208 -0.231193 -0.799646 -0.55418 -0.00412052 -0.568802 0.822464 -0.294747 -0.0946253 3.89946</i>
                        <i>-0.983781 0.149275 0.0994552 -0.179351 -0.810043 -0.558269 -0.00277281 -0.567052 0.823678 -0.226799 -0.101552 3.89848</i>
                        <i>-0.991923 0.105556 0.0703268 -0.126828 -0.818532 -0.560285 -0.00157648 -0.564679 0.825309 -0.15852 -0.104082 3.90142</i>
                        <i>-0.997273 0.0614157 0.0409184 -0.0737984 -0.82916 -0.554118 -0.000103629 -0.555627 0.831432 -0.0887033 -0.0870833 3.92927</i>
                        <i>-0.999791 0.0170008 0.0113268 -0.020428 -0.835958 -0.548413 0.000145291 -0.54853 0.836131 -0.0225272 -0.071879 3.95183</i>
                        <i>-0.999452 -0.0275408 -0.0183492 0.0330901 -0.83974 -0.54198 -0.000481935 -0.542291 0.840191 0.040925 -0.055822 3.97317</i>
                        <i>-0.996244 -0.0720593 -0.0480097 0.086575 -0.838563 -0.537882 -0.00149976 -0.540018 0.841652 0.103041 -0.0468482 3.98303</i>
                        <i>-0.990169 -0.116404 -0.0775547 0.139855 -0.832994 -0.535314 -0.0022898 -0.540898 0.841085 0.165662 -0.0429456 3.9843</i>
                        <i>-0.981244 -0.160425 -0.106884 0.19272 -0.829057 -0.524903 -0.00440514 -0.535656 0.844424 0.223381 -0.0207468 4.00812</i>
                        <i>-0.969498 -0.203975 -0.135899 0.24505 -0.81789 -0.520583 -0.00496437 -0.538006 0.842926 0.285604 -0.0148636 4.00844</i>
                        <i>-0.954975 -0.246906 -0.164502 0.296669 -0.800838 -0.520236 -0.00329 -0.545615 0.83803 0.354361 -0.0192099 3.99263</i>
                        <i>-0.937732 -0.289075 -0.192597 0.347357 -0.778693 -0.522475 0.00106034 -0.556842 0.830618 0.430851 -0.0293148 3.96532</i>
                        <i>-0.91784 -0.330346 -0.220094 0.396949 -0.762509 -0.510894 0.000948012 -0.556285 0.830991 0.491203 -0.00765046 3.98074</i>
                        <i>-0.895381 -0.370583 -0.246902 0.445289 -0.741038 -0.502574 0.0032817 -0.559938 0.828528 0.558131 0.0065262 3.98275</i>
                        <i>-0.870449 -0.409662 -0.272938 0.492257 -0.723385 -0.484146 0.000896593 -0.55578 0.831329 0.607735 0.0419271 4.01461</i>
                        <i>-0.843151 -0.44746 -0.298122 0.537657 -0.706479 -0.460231 -0.00468143 -0.548332 0.836248 0.644832 0.0873243 4.0602</i>
                        <i>-0.813601 -0.483866 -0.322378 0.581351 -0.685787 -0.437867 -0.0092131 -0.543663 0.839253 0.68331 0.128138 4.09755</i>
                        <i>-0.781925 -0.518777 -0.345637 0.623299 -0.659183 -0.420686 -0.00959576 -0.544379 0.838784 0.733406 0.15834 4.11703</i>
                        <i>-0.748256 -0.552095 -0.367835 0.663395 -0.626416 -0.40928 -0.00445615 -0.550267 0.834977 0.799542 0.178943 4.11837</i>
                        <i>-0.712738 -0.583737 -0.388917 0.701431 -0.593147 -0.395186 -1.28427e-007 -0.554462 0.832209 0.86089 0.205772 4.12645</i>
                        <i>-0.675516 -0.613626 -0.40883 0.737102 -0.547739 -0.395806 0.0189447 -0.568723 0.822311 0.967379 0.214092 4.09288</i>
                        <i>-0.636744 -0.641696 -0.427532 0.770519 -0.508473 -0.38439 0.0292729 -0.574179 0.818206 1.04254 0.244081 4.09325</i>
                        <i>-0.596581 -0.667892 -0.444985 0.802072 -0.47698 -0.359404 0.0277944 -0.571324 0.820254 1.07627 0.292112 4.13063</i>
                        <i>-0.555186 -0.69217 -0.46116 0.831616 -0.452968 -0.3213 0.0135031 -0.56189 0.827102 1.06507 0.35279 4.19999</i>
                        <i>-0.512724 -0.714496 -0.476035 0.858553 -0.427619 -0.282895 -0.00143428 -0.553748 0.832683 1.04853 0.410823 4.26552</i>
