<?xml version="1.0" encoding="ISO-8859-1" ?>
<Animl Version="1">
    <ModellingPackage><![CDATA[Maya.2010]]></ModellingPackage>
    <SrcFile><![CDATA[anims\vehicles\blue\~src\air\fighter_f14tomcat\fighter_f14tomcat_maxspeed_turn_right.mb]]></SrcFile>
    <FramesPerSecond>30</FramesPerSecond>
    <TotalFrames>31</TotalFrames>
    <Skeleton>
        <RefFrame>
            <Name><![CDATA[f14tomcat_ref_frame]]></Name>
            <Exclude>0</Exclude>
            <Additive>0</Additive>
            <IKPriority>0</IKPriority>
            <IKRotLimits>-1e+010 -1e+010 -1e+010 1e+010 1e+010 1e+010</IKRotLimits>
            <IKRotLimitOrder>0</IKRotLimitOrder>
            <KeyFrames count="31">
                <i>1 0 0 0 1 0 0 0 1 0 26.3054 103.911</i>
                <i>1 0 0 0 1 0 0 0 1 0 26.3054 103.911</i>
                <i>1 0 0 0 1 0 0 0 1 0 26.3054 103.911</i>
                <i>1 0 0 0 1 0 0 0 1 0 26.3054 103.911</i>
                <i>1 0 0 0 1 0 0 0 1 0 26.3054 103.911</i>
                <i>1 0 0 0 1 0 0 0 1 0 26.3054 103.911</i>
                <i>1 0 0 0 1 0 0 0 1 0 26.3054 103.911</i>
                <i>1 0 0 0 1 0 0 0 1 0 26.3054 103.911</i>
                <i>1 0 0 0 1 0 0 0 1 0 26.3054 103.911</i>
                <i>1 0 0 0 1 0 0 0 1 0 26.3054 103.911</i>
                <i>1 0 0 0 1 0 0 0 1 0 26.3054 103.911</i>
                <i>1 0 0 0 1 0 0 0 1 0 26.3054 103.911</i>
                <i>1 0 0 0 1 0 0 0 1 0 26.3054 103.911</i>
                <i>1 0 0 0 1 0 0 0 1 0 26.3054 103.911</i>
                <i>1 0 0 0 1 0 0 0 1 0 26.3054 103.911</i>
                <i>1 0 0 0 1 0 0 0 1 0 26.3054 103.911</i>
                <i>1 0 0 0 1 0 0 0 1 0 26.3054 103.911</i>
                <i>1 0 0 0 1 0 0 0 1 0 26.3054 103.911</i>
                <i>1 0 0 0 1 0 0 0 1 0 26.3054 103.911</i>
                <i>1 0 0 0 1 0 0 0 1 0 26.3054 103.911</i>
                <i>1 0 0 0 1 0 0 0 1 0 26.3054 103.911</i>
                <i>1 0 0 0 1 0 0 0 1 0 26.3054 103.911</i>
                <i>1 0 0 0 1 0 0 0 1 0 26.3054 103.911</i>
                <i>1 0 0 0 1 0 0 0 1 0 26.3054 103.911</i>
                <i>1 0 0 0 1 0 0 0 1 0 26.3054 103.911</i>
                <i>1 0 0 0 1 0 0 0 1 0 26.3054 103.911</i>
                <i>1 0 0 0 1 0 0 0 1 0 26.3054 103.911</i>
                <i>1 0 0 0 1 0 0 0 1 0 26.3054 103.911</i>
                <i>1 0 0 0 1 0 0 0 1 0 26.3054 103.911</i>
                <i>1 0 0 0 1 0 0 0 1 0 26.3054 103.911</i>
                <i>1 0 0 0 1 0 0 0 1 0 26.3054 103.911</i>
            </KeyFrames>
        </RefFrame>
        <Bones count="21">
            <i>
                <p>
                    <Name><![CDATA[f14tomcat_root]]></Name>
                    <Exclude>0</Exclude>
                    <Additive>0</Additive>
                    <IKPriority>0</IKPriority>
                    <IKRotLimits>-1e+010 -1e+010 -1e+010 1e+010 1e+010 1e+010</IKRotLimits>
                    <IKRotLimitOrder>0</IKRotLimitOrder>
                    <KeyFrames count="31">
                        <i>1 0.000820854 0 -0.000820854 1 0 0 0 1 -0.00186208 29.6293 103.91</i>
                        <i>0.999999 0.00133754 0 -0.00133754 0.999999 0 0 0 1 -0.00103362 29.6286 103.908</i>
                        <i>0.999998 0.00177187 0 -0.00177187 0.999998 0 0 0 1 0.000110689 29.6263 103.908</i>
                        <i>0.999998 0.00211952 0 -0.00211952 0.999998 0 0 0 1 0.00114966 29.6248 103.911</i>
                        <i>0.999997 0.00237616 0 -0.00237616 0.999997 0 0 0 1 0.000416032 29.6277 103.911</i>
                        <i>0.999997 0.00253749 0 -0.00253749 0.999997 0 0 0 1 -0.000353783 29.6345 103.912</i>
                        <i>0.999997 0.00259916 0 -0.00259916 0.999997 0 0 0 1 0.000516888 29.6402 103.913</i>
                        <i>0.999997 0.00255687 0 -0.00255687 0.999997 0 0 0 1 0.00173506 29.6434 103.912</i>
                        <i>0.999997 0.0024063 0 -0.0024063 0.999997 0 0 0 1 0.00231473 29.6454 103.912</i>
                        <i>0.999998 0.00213614 0 -0.00213614 0.999998 0 0 0 1 0.00107404 29.6468 103.913</i>
                        <i>0.999998 0.00175294 0 -0.00175294 0.999998 0 0 0 1 0.00173861 29.6476 103.915</i>
                        <i>0.999999 0.00127912 0 -0.00127912 0.999999 0 0 0 1 0.0041582 29.6416 103.915</i>
                        <i>1 0.000737118 0 -0.000737118 1 0 0 0 1 0.00466988 29.6366 103.915</i>
                        <i>1 0.000149357 0 -0.000149357 1 0 0 0 1 0.00455269 29.6389 103.916</i>
                        <i>1 -0.000461732 0 0.000461732 1 0 0 0 1 0.00403487 29.6387 103.917</i>
                        <i>0.999999 -0.00107372 0 0.00107372 0.999999 0 0 0 1 0.00287113 29.6402 103.918</i>
                        <i>0.999999 -0.00166418 0 0.00166418 0.999999 0 0 0 1 0.00183994 29.641 103.918</i>
                        <i>0.999998 -0.00221068 0 0.00221068 0.999998 0 0 0 1 0.00106331 29.6409 103.916</i>
                        <i>0.999996 -0.00269079 0 0.00269079 0.999996 0 0 0 1 0.00120784 29.6401 103.915</i>
                        <i>0.999995 -0.00308209 0 0.00308209 0.999995 0 0 0 1 0.000788125 29.6348 103.915</i>
                        <i>0.999994 -0.00336214 0 0.00336214 0.999994 0 0 0 1 0.000622673 29.6335 103.915</i>
                        <i>0.999994 -0.00350852 0 0.00350852 0.999994 0 0 0 1 -0.000351284 29.6345 103.914</i>
                        <i>0.999994 -0.0034645 0 0.0034645 0.999994 0 0 0 1 0.000319606 29.634 103.915</i>
                        <i>0.999995 -0.00321563 0 0.00321563 0.999995 0 0 0 1 0.00211097 29.6374 103.915</i>
                        <i>0.999996 -0.00280287 0 0.00280287 0.999996 0 0 0 1 0.00312002 29.6378 103.917</i>
                        <i>0.999997 -0.0022672 0 0.0022672 0.999997 0 0 0 1 0.00413673 29.6364 103.917</i>
                        <i>0.999999 -0.00164959 0 0.00164959 0.999999 0 0 0 1 0.00200199 29.6363 103.916</i>
                        <i>1 -0.00099101 0 0.00099101 1 0 0 0 1 0.00116405 29.6414 103.915</i>
                        <i>1 -0.000332428 0 0.000332428 1 0 0 0 1 0.0012854 29.6425 103.913</i>
                        <i>1 0.000285185 0 -0.000285185 1 0 0 0 1 0.00117958 29.64 103.913</i>
                        <i>1 0.000820854 0 -0.000820854 1 0 0 0 1 0.000659883 29.6417 103.916</i>
                    </KeyFrames>
                </p>
            </i>
            <i>
                <p>
                    <Name><![CDATA[cockpit_hatch]]></Name>
                    <Exclude>0</Exclude>
                    <Additive>0</Additive>
                    <IKPriority>0</IKPriority>
                    <IKRotLimits>-1e+010 -1e+010 -1e+010 1e+010 1e+010 1e+010</IKRotLimits>
                    <IKRotLimitOrder>0</IKRotLimitOrder>
                    <KeyFrames count="31">
                        <i>1 0.000820854 0 -0.000820854 1 0 0 0 1 -0.0028672 30.8537 107.225</i>
                        <i>0.999999 0.00133754 0 -0.00133754 0.999999 0 0 0 1 -0.00267141 30.8531 107.223</i>
                        <i>0.999998 0.00177187 0 -0.00177187 0.999998 0 0 0 1 -0.00205892 30.8508 107.223</i>
                        <i>0.999998 0.00211952 0 -0.00211952 0.999998 0 0 0 1 -0.00144564 30.8493 107.226</i>
                        <i>0.999997 0.00237616 0 -0.00237616 0.999997 0 0 0 1 -0.00249352 30.8521 107.227</i>
                        <i>0.999997 0.00253749 0 -0.00253749 0.999997 0 0 0 1 -0.00346087 30.8589 107.228</i>
                        <i>0.999997 0.00259916 0 -0.00259916 0.999997 0 0 0 1 -0.00266573 30.8647 107.229</i>
                        <i>0.999997 0.00255687 0 -0.00255687 0.999997 0 0 0 1 -0.00139577 30.8679 107.228</i>
                        <i>0.999997 0.0024063 0 -0.0024063 0.999997 0 0 0 1 -0.000631726 30.8699 107.227</i>
                        <i>0.999998 0.00213614 0 -0.00213614 0.999998 0 0 0 1 -0.00154161 30.8713 107.229</i>
                        <i>0.999998 0.00175294 0 -0.00175294 0.999998 0 0 0 1 -0.000407821 30.8721 107.23</i>
                        <i>0.999999 0.00127912 0 -0.00127912 0.999999 0 0 0 1 0.00259195 30.8661 107.231</i>
                        <i>1 0.000737118 0 -0.000737118 1 0 0 0 1 0.00376729 30.8611 107.23</i>
                        <i>1 0.000149357 0 -0.000149357 1 0 0 0 1 0.00436981 30.8634 107.232</i>
                        <i>1 -0.000461732 0 0.000461732 1 0 0 0 1 0.00460025 30.8632 107.233</i>
                        <i>0.999999 -0.00107372 0 0.00107372 0.999999 0 0 0 1 0.00418588 30.8647 107.234</i>
                        <i>0.999999 -0.00166418 0 0.00166418 0.999999 0 0 0 1 0.00387769 30.8655 107.233</i>
                        <i>0.999998 -0.00221068 0 0.00221068 0.999998 0 0 0 1 0.00377024 30.8654 107.232</i>
                        <i>0.999996 -0.00269079 0 0.00269079 0.999996 0 0 0 1 0.00450265 30.8646 107.23</i>
                        <i>0.999995 -0.00308209 0 0.00308209 0.999995 0 0 0 1 0.00456207 30.8593 107.231</i>
                        <i>0.999994 -0.00336214 0 0.00336214 0.999994 0 0 0 1 0.00473953 30.858 107.231</i>
                        <i>0.999994 -0.00350852 0 0.00350852 0.999994 0 0 0 1 0.00394481 30.8589 107.229</i>
                        <i>0.999994 -0.0034645 0 0.0034645 0.999994 0 0 0 1 0.0045618 30.8585 107.23</i>
                        <i>0.999995 -0.00321563 0 0.00321563 0.999995 0 0 0 1 0.00604843 30.8619 107.231</i>
                        <i>0.999996 -0.00280287 0 0.00280287 0.999996 0 0 0 1 0.00655207 30.8623 107.232</i>
                        <i>0.999997 -0.0022672 0 0.0022672 0.999997 0 0 0 1 0.00691287 30.8609 107.232</i>
                        <i>0.999999 -0.00164959 0 0.00164959 0.999999 0 0 0 1 0.00402187 30.8608 107.231</i>
                        <i>1 -0.00099101 0 0.00099101 1 0 0 0 1 0.00237752 30.8659 107.23</i>
                        <i>1 -0.000332428 0 0.000332428 1 0 0 0 1 0.00169245 30.8669 107.228</i>
                        <i>1 0.000285185 0 -0.000285185 1 0 0 0 1 0.000830381 30.8645 107.228</i>
                        <i>1 0.000820854 0 -0.000820854 1 0 0 0 1 -0.000345234 30.8662 107.232</i>
                    </KeyFrames>
                </p>
            </i>
            <i>
                <p>
                    <Name><![CDATA[left_frontgear_hatch]]></Name>
                    <Exclude>0</Exclude>
                    <Additive>0</Additive>
                    <IKPriority>0</IKPriority>
                    <IKRotLimits>-1e+010 -1e+010 -1e+010 1e+010 1e+010 1e+010</IKRotLimits>
                    <IKRotLimitOrder>0</IKRotLimitOrder>
                    <KeyFrames count="31">
                        <i>0.351597 -0.936152 0 0.936146 0.351595 0.00334987 -0.00337879 -0.00126899 1.07742 0.696632 28.8527 112.027</i>
                        <i>0.352081 -0.93597 0 0.935964 0.352079 0.00334987 -0.00337813 -0.00127074 1.07742 0.697861 28.8524 112.025</i>
                        <i>0.352487 -0.935817 0 0.935811 0.352485 0.00334987 -0.00337758 -0.00127221 1.07742 0.699343 28.8504 112.025</i>
                        <i>0.352812 -0.935694 0 0.935689 0.35281 0.00334987 -0.00337713 -0.00127338 1.07742 0.700651 28.8492 112.028</i>
                        <i>0.353052 -0.935604 0 0.935598 0.353051 0.00334987 -0.00337681 -0.00127425 1.07742 0.700117 28.8522 112.029</i>
                        <i>0.353203 -0.935547 0 0.935541 0.353201 0.00334987 -0.0033766 -0.00127479 1.07742 0.699472 28.8591 112.029</i>
                        <i>0.353261 -0.935525 0 0.935519 0.353259 0.00334987 -0.00337652 -0.001275 1.07742 0.700391 28.8649 112.031</i>
                        <i>0.353222 -0.93554 0 0.935534 0.35322 0.00334987 -0.00337658 -0.00127486 1.07742 0.701576 28.8681 112.03</i>
                        <i>0.353081 -0.935593 0 0.935588 0.353079 0.00334987 -0.00337677 -0.00127435 1.07742 0.702039 28.87 112.029</i>
                        <i>0.352828 -0.935688 0 0.935683 0.352826 0.00334987 -0.00337711 -0.00127344 1.07742 0.700589 28.8712 112.03</i>
                        <i>0.352469 -0.935823 0 0.935818 0.352467 0.00334987 -0.0033776 -0.00127214 1.07742 0.700956 28.8717 112.032</i>
                        <i>0.352026 -0.93599 0 0.935985 0.352024 0.00334987 -0.0033782 -0.00127054 1.07742 0.703008 28.8654 112.033</i>
                        <i>0.351518 -0.936181 0 0.936176 0.351517 0.00334987 -0.00337889 -0.00126871 1.07742 0.703099 28.86 112.032</i>
                        <i>0.350968 -0.936387 0 0.936382 0.350966 0.00334987 -0.00337964 -0.00126672 1.07742 0.702525 28.8619 112.034</i>
                        <i>0.350396 -0.936602 0 0.936596 0.350394 0.00334987 -0.00338041 -0.00126466 1.07742 0.701532 28.8613 112.034</i>
                        <i>0.349823 -0.936816 0 0.936811 0.349821 0.00334987 -0.00338118 -0.00126259 1.07742 0.699893 28.8624 112.036</i>
                        <i>0.349269 -0.937022 0 0.937017 0.349267 0.00334987 -0.00338193 -0.00126059 1.07742 0.698402 28.8627 112.035</i>
                        <i>0.348757 -0.937213 0 0.937208 0.348755 0.00334987 -0.00338262 -0.00125875 1.07742 0.6972 28.8623 112.033</i>
                        <i>0.348307 -0.93738 0 0.937375 0.348305 0.00334987 -0.00338322 -0.00125712 1.07742 0.696971 28.8611 112.032</i>
                        <i>0.34794 -0.937517 0 0.937511 0.347939 0.00334987 -0.00338371 -0.0012558 1.07742 0.696246 28.8556 112.032</i>
                        <i>0.347678 -0.937614 0 0.937609 0.347676 0.00334987 -0.00338406 -0.00125485 1.07742 0.695862 28.8541 112.032</i>
                        <i>0.347541 -0.937665 0 0.93766 0.347539 0.00334987 -0.00338425 -0.00125435 1.07742 0.694774 28.8549 112.031</i>
                        <i>0.347582 -0.93765 0 0.937644 0.34758 0.00334987 -0.00338419 -0.0012545 1.07742 0.695479 28.8545 112.032</i>
                        <i>0.347815 -0.937563 0 0.937558 0.347813 0.00334987 -0.00338388 -0.00125535 1.07742 0.697465 28.858 112.032</i>
                        <i>0.348202 -0.937419 0 0.937414 0.3482 0.00334987 -0.00338336 -0.00125674 1.07742 0.698795 28.8587 112.034</i>
                        <i>0.348704 -0.937233 0 0.937227 0.348702 0.00334987 -0.00338269 -0.00125855 1.07742 0.700229 28.8577 112.034</i>
                        <i>0.349283 -0.937017 0 0.937012 0.349281 0.00334987 -0.00338191 -0.00126064 1.07742 0.698575 28.858 112.033</i>
                        <i>0.3499 -0.936787 0 0.936782 0.349898 0.00334987 -0.00338108 -0.00126287 1.07742 0.69825 28.8636 112.032</i>
                        <i>0.350517 -0.936556 0 0.936551 0.350515 0.00334987 -0.00338025 -0.0012651 1.07742 0.698883 28.8651 112.03</i>
                        <i>0.351095 -0.93634 0 0.936334 0.351093 0.00334987 -0.00337946 -0.00126718 1.07742 0.699257 28.8631 112.03</i>
                        <i>0.351597 -0.936152 0 0.936146 0.351595 0.00334987 -0.00337879 -0.00126899 1.07742 0.699154 28.8652 112.034</i>
                    </KeyFrames>
                </p>
            </i>
            <i>
                <p>
                    <Name><![CDATA[right_frontgear_hatch]]></Name>
                    <Exclude>0</Exclude>
                    <Additive>0</Additive>
                    <IKPriority>0</IKPriority>
                    <IKRotLimits>-1e+010 -1e+010 -1e+010 1e+010 1e+010 1e+010</IKRotLimits>
                    <IKRotLimitOrder>0</IKRotLimitOrder>
                    <KeyFrames count="31">
                        <i>0.327273 0.944907 -0.00656164 0.944916 -0.327298 -0.00313493 -0.00549813 -0.00556742 -1.07596 -0.691591 28.8513 112.03</i>
                        <i>0.326784 0.945076 -0.00656164 0.945085 -0.326809 -0.00313493 -0.00549526 -0.00557026 -1.07596 -0.69036 28.8503 112.028</i>
                        <i>0.326374 0.945218 -0.00656164 0.945227 -0.326399 -0.00313493 -0.00549284 -0.00557265 -1.07596 -0.688878 28.8477 112.028</i>
                        <i>0.326045 0.945331 -0.00656164 0.94534 -0.32607 -0.00313493 -0.0054909 -0.00557455 -1.07596 -0.687568 28.8459 112.031</i>
                        <i>0.325803 0.945415 -0.00656164 0.945424 -0.325828 -0.00313493 -0.00548947 -0.00557596 -1.07596 -0.688102 28.8486 112.031</i>
                        <i>0.32565 0.945468 -0.00656164 0.945477 -0.325675 -0.00313493 -0.00548857 -0.00557685 -1.07596 -0.688746 28.8553 112.032</i>
                        <i>0.325592 0.945488 -0.00656164 0.945497 -0.325617 -0.00313493 -0.00548823 -0.00557719 -1.07596 -0.687827 28.861 112.033</i>
                        <i>0.325632 0.945474 -0.00656164 0.945483 -0.325657 -0.00313493 -0.00548846 -0.00557696 -1.07596 -0.686642 28.8643 112.033</i>
                        <i>0.325774 0.945425 -0.00656164 0.945434 -0.325799 -0.00313493 -0.0054893 -0.00557613 -1.07596 -0.686179 28.8664 112.032</i>
                        <i>0.32603 0.945337 -0.00656164 0.945346 -0.326054 -0.00313493 -0.00549081 -0.00557465 -1.07596 -0.687631 28.8679 112.033</i>
                        <i>0.326392 0.945212 -0.00656164 0.945221 -0.326417 -0.00313493 -0.00549294 -0.00557254 -1.07596 -0.687264 28.869 112.035</i>
                        <i>0.32684 0.945057 -0.00656164 0.945066 -0.326864 -0.00313493 -0.00549558 -0.00556994 -1.07596 -0.685214 28.8633 112.035</i>
                        <i>0.327352 0.94488 -0.00656164 0.944889 -0.327377 -0.00313493 -0.0054986 -0.00556696 -1.07596 -0.685124 28.8587 112.035</i>
                        <i>0.327907 0.944687 -0.00656164 0.944696 -0.327932 -0.00313493 -0.00550187 -0.00556373 -1.07596 -0.685698 28.8614 112.036</i>
                        <i>0.328484 0.944487 -0.00656164 0.944496 -0.328509 -0.00313493 -0.00550527 -0.00556036 -1.07596 -0.686691 28.8616 112.037</i>
                        <i>0.329062 0.944285 -0.00656164 0.944294 -0.329087 -0.00313493 -0.00550867 -0.00555699 -1.07596 -0.68833 28.8636 112.038</i>
                        <i>0.32962 0.944091 -0.00656164 0.9441 -0.329645 -0.00313493 -0.00551195 -0.00555374 -1.07596 -0.68982 28.8647 112.038</i>
                        <i>0.330136 0.943911 -0.00656164 0.94392 -0.330161 -0.00313493 -0.00551499 -0.00555073 -1.07596 -0.69102 28.8651 112.036</i>
                        <i>0.330589 0.943752 -0.00656164 0.943761 -0.330614 -0.00313493 -0.00551765 -0.00554808 -1.07596 -0.691248 28.8646 112.035</i>
                        <i>0.330958 0.943623 -0.00656164 0.943631 -0.330983 -0.00313493 -0.00551982 -0.00554592 -1.07596 -0.691971 28.8595 112.035</i>
                        <i>0.331222 0.94353 -0.00656164 0.943539 -0.331247 -0.00313493 -0.00552138 -0.00554437 -1.07596 -0.692354 28.8584 112.035</i>
                        <i>0.33136 0.943481 -0.00656164 0.94349 -0.331385 -0.00313493 -0.00552219 -0.00554356 -1.07596 -0.693441 28.8595 112.034</i>
                        <i>0.331319 0.943496 -0.00656164 0.943505 -0.331344 -0.00313493 -0.00552194 -0.00554381 -1.07596 -0.692736 28.859 112.035</i>
                        <i>0.331084 0.943578 -0.00656164 0.943587 -0.331109 -0.00313493 -0.00552056 -0.00554518 -1.07596 -0.690752 28.8622 112.035</i>
                        <i>0.330695 0.943715 -0.00656164 0.943724 -0.33072 -0.00313493 -0.00551827 -0.00554746 -1.07596 -0.689423 28.8623 112.037</i>
                        <i>0.330189 0.943892 -0.00656164 0.943901 -0.330214 -0.00313493 -0.0055153 -0.00555041 -1.07596 -0.687991 28.8606 112.037</i>
                        <i>0.329606 0.944096 -0.00656164 0.944105 -0.329631 -0.00313493 -0.00551187 -0.00555382 -1.07596 -0.689646 28.86 112.036</i>
                        <i>0.328984 0.944313 -0.00656164 0.944322 -0.329009 -0.00313493 -0.00550821 -0.00555745 -1.07596 -0.689973 28.8647 112.035</i>
                        <i>0.328362 0.944529 -0.00656164 0.944538 -0.328387 -0.00313493 -0.00550455 -0.00556107 -1.07596 -0.68934 28.8653 112.033</i>
                        <i>0.327779 0.944732 -0.00656164 0.944741 -0.327804 -0.00313493 -0.00550112 -0.00556447 -1.07596 -0.688966 28.8624 112.033</i>
                        <i>0.327273 0.944907 -0.00656164 0.944916 -0.327298 -0.00313493 -0.00549813 -0.00556742 -1.07596 -0.689069 28.8638 112.036</i>
                    </KeyFrames>
                </p>
            </i>
            <i>
                <p>
                    <Name><![CDATA[front_gear]]></Name>
                    <Exclude>0</Exclude>
                    <Additive>0</Additive>
                    <IKPriority>0</IKPriority>
                    <IKRotLimits>-1e+010 -1e+010 -1e+010 1e+010 1e+010 1e+010</IKRotLimits>
                    <IKRotLimitOrder>0</IKRotLimitOrder>
                    <KeyFrames count="31">
                        <i>1 0.000820854 0 -0.000288948 0.352009 -0.935997 -0.000768316 0.935996 0.352009 -0.00143244 29.1059 110.173</i>
                        <i>0.999999 0.00133754 0 -0.000470827 0.352009 -0.935997 -0.00125193 0.935996 0.352009 -0.000333539 29.1052 110.171</i>
                        <i>0.999998 0.00177187 0 -0.000623715 0.352009 -0.935997 -0.00165846 0.935995 0.352009 0.0010381 29.1029 110.171</i>
                        <i>0.999998 0.00211952 0 -0.00074609 0.352008 -0.935997 -0.00198386 0.935994 0.352009 0.00225903 29.1014 110.174</i>
                        <i>0.999997 0.00237616 0 -0.000836431 0.352008 -0.935997 -0.00222408 0.935994 0.352009 0.00165974 29.1042 110.175</i>
                        <i>0.999997 0.00253749 0 -0.000893218 0.352008 -0.935997 -0.00237508 0.935993 0.352009 0.000974363 29.111 110.175</i>
                        <i>0.999997 0.00259916 0 -0.000914929 0.352008 -0.935997 -0.00243281 0.935993 0.352009 0.00187732 29.1168 110.177</i>
                        <i>0.999997 0.00255687 0 -0.000900043 0.352008 -0.935997 -0.00239323 0.935993 0.352009 0.00307336 29.12 110.176</i>
                        <i>0.999997 0.0024063 0 -0.000847039 0.352008 -0.935997 -0.00225229 0.935994 0.352009 0.00357421 29.122 110.175</i>
                        <i>0.999998 0.00213614 0 -0.000751941 0.352008 -0.935997 -0.00199942 0.935994 0.352009 0.00219212 29.1234 110.176</i>
                        <i>0.999998 0.00175294 0 -0.00061705 0.352009 -0.935997 -0.00164074 0.935995 0.352009 0.00265612 29.1242 110.178</i>
                        <i>0.999999 0.00127912 0 -0.000450262 0.352009 -0.935997 -0.00119725 0.935996 0.352009 0.0048277 29.1182 110.179</i>
                        <i>1 0.000737118 0 -0.000259472 0.352009 -0.935997 -0.00068994 0.935996 0.352009 0.00505569 29.1132 110.178</i>
                        <i>1 0.000149357 0 -5.2575e-005 0.352009 -0.935997 -0.000139798 0.935997 0.352009 0.00463087 29.1155 110.18</i>
                        <i>1 -0.000461732 0 0.000162534 0.352009 -0.935997 0.00043218 0.935996 0.352009 0.0037932 29.1153 110.18</i>
                        <i>0.999999 -0.00107372 0 0.00037796 0.352009 -0.935997 0.001005 0.935996 0.352009 0.00230914 29.1168 110.182</i>
                        <i>0.999999 -0.00166418 0 0.000585806 0.352009 -0.935997 0.00155767 0.935995 0.352009 0.000968896 29.1176 110.181</i>
                        <i>0.999998 -0.00221068 0 0.000778179 0.352008 -0.935997 0.00206919 0.935994 0.352009 -9.37776e-005 29.1175 110.179</i>
                        <i>0.999996 -0.00269079 0 0.000947183 0.352008 -0.935997 0.00251857 0.935993 0.352009 -0.000200548 29.1167 110.178</i>
                        <i>0.999995 -0.00308209 0 0.00108492 0.352008 -0.935997 0.00288482 0.935992 0.352009 -0.000825071 29.1114 110.178</i>
                        <i>0.999994 -0.00336214 0 0.0011835 0.352007 -0.935997 0.00314695 0.935991 0.352009 -0.0011371 29.1101 110.178</i>
                        <i>0.999994 -0.00350852 0 0.00123503 0.352007 -0.935997 0.00328396 0.935991 0.352009 -0.00218768 29.111 110.177</i>
                        <i>0.999994 -0.0034645 0 0.00121954 0.352007 -0.935997 0.00324276 0.935991 0.352009 -0.00149375 29.1106 110.178</i>
                        <i>0.999995 -0.00321563 0 0.00113193 0.352007 -0.935997 0.00300982 0.935992 0.352009 0.000427876 29.114 110.178</i>
                        <i>0.999996 -0.00280287 0 0.000986636 0.352008 -0.935997 0.00262348 0.935993 0.352009 0.00165297 29.1144 110.18</i>
                        <i>0.999997 -0.0022672 0 0.000798076 0.352008 -0.935997 0.00212209 0.935994 0.352009 0.00295005 29.113 110.18</i>
                        <i>0.999999 -0.00164959 0 0.000580672 0.352009 -0.935997 0.00154401 0.935995 0.352009 0.00113857 29.1129 110.179</i>
                        <i>1 -0.00099101 0 0.000348845 0.352009 -0.935997 0.000927582 0.935996 0.352009 0.000645349 29.118 110.178</i>
                        <i>1 -0.000332428 0 0.000117018 0.352009 -0.935997 0.000311151 0.935996 0.352009 0.00111141 29.119 110.176</i>
                        <i>1 0.000285185 0 -0.000100388 0.352009 -0.935997 -0.000266932 0.935996 0.352009 0.00132885 29.1166 110.176</i>
                        <i>1 0.000820854 0 -0.000288948 0.352009 -0.935997 -0.000768316 0.935996 0.352009 0.00108953 29.1183 110.18</i>
                    </KeyFrames>
                </p>
            </i>
            <i>
                <p>
                    <Name><![CDATA[left_gear]]></Name>
                    <Exclude>0</Exclude>
                    <Additive>0</Additive>
                    <IKPriority>0</IKPriority>
                    <IKRotLimits>-1e+010 -1e+010 -1e+010 1e+010 1e+010 1e+010</IKRotLimits>
                    <IKRotLimitOrder>0</IKRotLimitOrder>
                    <KeyFrames count="31">
                        <i>0.996004 0.0893091 -6.93889e-018 -0.0121773 0.135805 -0.990661 -0.088475 0.986702 0.13635 1.47691 29.0172 96.5516</i>
                        <i>0.995958 0.0898237 -6.93889e-018 -0.0122474 0.135799 -0.990661 -0.0889848 0.986656 0.13635 1.47806 29.0173 96.5492</i>
                        <i>0.995919 0.0902563 -6.93889e-018 -0.0123064 0.135793 -0.990661 -0.0894134 0.986617 0.13635 1.47947 29.0157 96.5494</i>
                        <i>0.995887 0.0906025 -6.93889e-018 -0.0123536 0.135789 -0.990661 -0.0897563 0.986586 0.13635 1.48072 29.0147 96.5522</i>
                        <i>0.995864 0.0908581 -6.93889e-018 -0.0123885 0.135786 -0.990661 -0.0900095 0.986563 0.13635 1.48014 29.0179 96.553</i>
                        <i>0.995849 0.0910187 -6.93889e-018 -0.0124104 0.135784 -0.990661 -0.0901687 0.986549 0.13635 1.47947 29.025 96.5537</i>
                        <i>0.995844 0.0910802 -6.93889e-018 -0.0124188 0.135783 -0.990661 -0.0902295 0.986543 0.13635 1.48038 29.0308 96.555</i>
                        <i>0.995847 0.0910381 -6.93889e-018 -0.012413 0.135784 -0.990661 -0.0901878 0.986547 0.13635 1.48157 29.034 96.5541</i>
                        <i>0.995861 0.0908881 -6.93889e-018 -0.0123926 0.135785 -0.990661 -0.0900393 0.986561 0.13635 1.48206 29.0358 96.5532</i>
                        <i>0.995886 0.0906191 -6.93889e-018 -0.0123559 0.135789 -0.990661 -0.0897727 0.986585 0.13635 1.48065 29.0367 96.5548</i>
                        <i>0.99592 0.0902374 -6.93889e-018 -0.0123039 0.135794 -0.990661 -0.0893947 0.986619 0.13635 1.48108 29.037 96.5563</i>
                        <i>0.995963 0.0897655 -6.93889e-018 -0.0122395 0.135799 -0.990661 -0.0889272 0.986661 0.13635 1.48321 29.0303 96.5571</i>
                        <i>0.996011 0.0892257 -6.93889e-018 -0.0121659 0.135806 -0.990661 -0.0883924 0.986709 0.13635 1.48339 29.0244 96.5567</i>
                        <i>0.996064 0.0886403 -6.93889e-018 -0.0120861 0.135813 -0.990661 -0.0878124 0.986761 0.13635 1.48292 29.0259 96.5579</i>
                        <i>0.996118 0.0880316 -6.93889e-018 -0.0120031 0.13582 -0.990661 -0.0872094 0.986815 0.13635 1.48202 29.0248 96.5587</i>
                        <i>0.996171 0.0874219 -6.93889e-018 -0.01192 0.135828 -0.990661 -0.0866055 0.986868 0.13635 1.48048 29.0254 96.5601</i>
                        <i>0.996223 0.0868337 -6.93889e-018 -0.0118398 0.135835 -0.990661 -0.0860228 0.986919 0.13635 1.47909 29.0253 96.5594</i>
                        <i>0.99627 0.0862893 -6.93889e-018 -0.0117655 0.135841 -0.990661 -0.0854834 0.986966 0.13635 1.47798 29.0244 96.5578</i>
                        <i>0.996311 0.0858109 -6.93889e-018 -0.0117003 0.135847 -0.990661 -0.0850095 0.987007 0.13635 1.47782 29.0229 96.5565</i>
                        <i>0.996345 0.0854211 -6.93889e-018 -0.0116471 0.135851 -0.990661 -0.0846233 0.98704 0.13635 1.47716 29.017 96.5567</i>
                        <i>0.996369 0.085142 -6.93889e-018 -0.0116091 0.135855 -0.990661 -0.0843469 0.987063 0.13635 1.47682 29.0153 96.5569</i>
                        <i>0.996381 0.0849962 -6.93889e-018 -0.0115892 0.135856 -0.990661 -0.0842024 0.987076 0.13635 1.47576 29.016 96.5556</i>
                        <i>0.996378 0.0850401 -6.93889e-018 -0.0115952 0.135856 -0.990661 -0.0842458 0.987072 0.13635 1.47646 29.0157 96.5562</i>
                        <i>0.996356 0.085288 -6.93889e-018 -0.011629 0.135853 -0.990661 -0.0844915 0.987051 0.13635 1.4784 29.0194 96.5569</i>
                        <i>0.996321 0.0856993 -6.93889e-018 -0.0116851 0.135848 -0.990661 -0.0848989 0.987016 0.13635 1.47967 29.0204 96.5583</i>
                        <i>0.996275 0.086233 -6.93889e-018 -0.0117578 0.135842 -0.990661 -0.0854276 0.986971 0.13635 1.48101 29.0198 96.5585</i>
                        <i>0.996222 0.0868483 -6.93889e-018 -0.0118417 0.135835 -0.990661 -0.0860372 0.986918 0.13635 1.47926 29.0206 96.5575</i>
                        <i>0.996164 0.0875043 -6.93889e-018 -0.0119312 0.135827 -0.990661 -0.0866871 0.986861 0.13635 1.47883 29.0267 96.5564</i>
                        <i>0.996106 0.0881604 -6.93889e-018 -0.0120206 0.135819 -0.990661 -0.087337 0.986803 0.13635 1.47935 29.0287 96.5546</i>
                        <i>0.996052 0.0887756 -6.93889e-018 -0.0121045 0.135811 -0.990661 -0.0879465 0.986749 0.13635 1.47963 29.0272 96.5544</i>
                        <i>0.996004 0.0893091 -6.93889e-018 -0.0121773 0.135805 -0.990661 -0.088475 0.986702 0.13635 1.47943 29.0297 96.558</i>
                    </KeyFrames>
                </p>
            </i>
            <i>
                <p>
                    <Name><![CDATA[right_gear]]></Name>
                    <Exclude>0</Exclude>
                    <Additive>0</Additive>
                    <IKPriority>0</IKPriority>
                    <IKRotLimits>-1e+010 -1e+010 -1e+010 1e+010 1e+010 1e+010</IKRotLimits>
                    <IKRotLimitOrder>0</IKRotLimitOrder>
                    <KeyFrames count="31">
                        <i>0.996149 -0.0876738 0 -0.0158219 -0.179768 0.983582 -0.0862344 -0.979794 -0.180463 -1.73986 28.9983 96.471</i>
                        <i>0.996194 -0.0871591 0 -0.015729 -0.179776 0.983582 -0.0857281 -0.979839 -0.180463 -1.73871 28.9967 96.4686</i>
                        <i>0.996232 -0.0867264 0 -0.0156509 -0.179783 0.983582 -0.0853025 -0.979876 -0.180463 -1.73729 28.9937 96.4689</i>
                        <i>0.996262 -0.0863801 0 -0.0155884 -0.179789 0.983582 -0.0849619 -0.979905 -0.180463 -1.73603 28.9915 96.4717</i>
                        <i>0.996284 -0.0861244 0 -0.0155423 -0.179793 0.983582 -0.0847104 -0.979927 -0.180463 -1.7366 28.994 96.4725</i>
                        <i>0.996298 -0.0859637 0 -0.0155133 -0.179795 0.983582 -0.0845523 -0.979941 -0.180463 -1.73727 29.0005 96.4732</i>
                        <i>0.996304 -0.0859022 0 -0.0155022 -0.179796 0.983582 -0.0844919 -0.979946 -0.180463 -1.73636 29.0061 96.4744</i>
                        <i>0.9963 -0.0859444 0 -0.0155098 -0.179796 0.983582 -0.0845333 -0.979942 -0.180463 -1.73517 29.0094 96.4736</i>
                        <i>0.996287 -0.0860944 0 -0.0155369 -0.179793 0.983582 -0.0846809 -0.97993 -0.180463 -1.73468 29.0117 96.4727</i>
                        <i>0.996264 -0.0863635 0 -0.0155854 -0.179789 0.983582 -0.0849456 -0.979907 -0.180463 -1.73609 29.0135 96.4742</i>
                        <i>0.996231 -0.0867453 0 -0.0156543 -0.179783 0.983582 -0.0853211 -0.979874 -0.180463 -1.73567 29.015 96.4758</i>
                        <i>0.996189 -0.0872173 0 -0.0157395 -0.179776 0.983582 -0.0857854 -0.979834 -0.180463 -1.73355 29.0099 96.4765</i>
                        <i>0.996142 -0.0877572 0 -0.015837 -0.179767 0.983582 -0.0863164 -0.979787 -0.180463 -1.73338 29.0058 96.4761</i>
                        <i>0.99609 -0.0883427 0 -0.0159426 -0.179758 0.983582 -0.0868923 -0.979736 -0.180463 -1.73387 29.0091 96.4774</i>
                        <i>0.996036 -0.0889514 0 -0.0160525 -0.179748 0.983582 -0.087491 -0.979683 -0.180463 -1.73477 29.0099 96.4782</i>
                        <i>0.995981 -0.089561 0 -0.0161625 -0.179738 0.983582 -0.0880905 -0.979629 -0.180463 -1.73632 29.0125 96.4795</i>
                        <i>0.995928 -0.090149 0 -0.0162686 -0.179728 0.983582 -0.0886689 -0.979577 -0.180463 -1.73772 29.0143 96.4789</i>
                        <i>0.995879 -0.0906933 0 -0.0163668 -0.17972 0.983582 -0.0892043 -0.979528 -0.180463 -1.73884 29.0152 96.4773</i>
                        <i>0.995835 -0.0911714 0 -0.0164531 -0.179712 0.983582 -0.0896745 -0.979485 -0.180463 -1.739 29.0152 96.476</i>
                        <i>0.995799 -0.0915611 0 -0.0165234 -0.179705 0.983582 -0.0900578 -0.97945 -0.180463 -1.73966 29.0106 96.4762</i>
                        <i>0.995774 -0.0918399 0 -0.0165737 -0.179701 0.983582 -0.0903321 -0.979425 -0.180463 -1.74 29.0098 96.4763</i>
                        <i>0.99576 -0.0919857 0 -0.0166 -0.179698 0.983582 -0.0904755 -0.979412 -0.180463 -1.74107 29.011 96.475</i>
                        <i>0.995764 -0.0919419 0 -0.0165921 -0.179699 0.983582 -0.0904323 -0.979416 -0.180463 -1.74037 29.0105 96.4756</i>
                        <i>0.995787 -0.091694 0 -0.0165474 -0.179703 0.983582 -0.0901886 -0.979438 -0.180463 -1.73842 29.0134 96.4764</i>
                        <i>0.995825 -0.091283 0 -0.0164732 -0.17971 0.983582 -0.0897843 -0.979475 -0.180463 -1.73716 29.0131 96.4778</i>
                        <i>0.995874 -0.0907496 0 -0.016377 -0.179719 0.983582 -0.0892596 -0.979523 -0.180463 -1.7358 29.0108 96.478</i>
                        <i>0.99593 -0.0901345 0 -0.016266 -0.179729 0.983582 -0.0886546 -0.979578 -0.180463 -1.73755 29.0096 96.477</i>
                        <i>0.995989 -0.0894786 0 -0.0161476 -0.179739 0.983582 -0.0880095 -0.979636 -0.180463 -1.73798 29.0136 96.4758</i>
                        <i>0.996047 -0.0888226 0 -0.0160292 -0.17975 0.983582 -0.0873643 -0.979694 -0.180463 -1.73744 29.0135 96.4741</i>
                        <i>0.996102 -0.0882074 0 -0.0159182 -0.17976 0.983582 -0.0867592 -0.979748 -0.180463 -1.73716 29.01 96.4738</i>
                        <i>0.996149 -0.0876738 0 -0.0158219 -0.179768 0.983582 -0.0862344 -0.979794 -0.180463 -1.73734 29.0107 96.4775</i>
                    </KeyFrames>
                </p>
            </i>
            <i>
                <p>
                    <Name><![CDATA[right_gear_hatch]]></Name>
                    <Exclude>0</Exclude>
                    <Additive>0</Additive>
                    <IKPriority>0</IKPriority>
                    <IKRotLimits>-1e+010 -1e+010 -1e+010 1e+010 1e+010 1e+010</IKRotLimits>
                    <IKRotLimitOrder>0</IKRotLimitOrder>
                    <KeyFrames count="31">
                        <i>0.133508 0.991048 9.62623e-017 0.991048 -0.133508 -7.57045e-017 -6.73529e-017 1.14294e-016 -1.08328 -3.40463 29.6093 98.6035</i>
                        <i>0.132996 0.991117 9.62623e-017 0.991117 -0.132996 -7.57045e-017 -6.74119e-017 1.14259e-016 -1.08328 -3.40379 29.6069 98.6011</i>
                        <i>0.132566 0.991174 9.62623e-017 0.991174 -0.132566 -7.57045e-017 -6.74615e-017 1.1423e-016 -1.08328 -3.40263 29.6031 98.6014</i>
                        <i>0.132221 0.99122 9.62623e-017 0.99122 -0.132221 -7.57045e-017 -6.75012e-017 1.14207e-016 -1.08328 -3.40159 29.6005 98.6042</i>
                        <i>0.131967 0.991254 9.62623e-017 0.991254 -0.131967 -7.57045e-017 -6.75305e-017 1.14189e-016 -1.08328 -3.40231 29.6024 98.605</i>
                        <i>0.131807 0.991275 9.62623e-017 0.991275 -0.131807 -7.57045e-017 -6.7549e-017 1.14178e-016 -1.08328 -3.40308 29.6087 98.6056</i>
                        <i>0.131746 0.991284 9.62623e-017 0.991284 -0.131746 -7.57045e-017 -6.7556e-017 1.14174e-016 -1.08328 -3.40221 29.6143 98.6069</i>
                        <i>0.131788 0.991278 9.62623e-017 0.991278 -0.131788 -7.57045e-017 -6.75512e-017 1.14177e-016 -1.08328 -3.40099 29.6176 98.606</i>
                        <i>0.131937 0.991258 9.62623e-017 0.991258 -0.131937 -7.57045e-017 -6.7534e-017 1.14187e-016 -1.08328 -3.40041 29.6201 98.6052</i>
                        <i>0.132205 0.991222 9.62623e-017 0.991222 -0.132205 -7.57045e-017 -6.75031e-017 1.14206e-016 -1.08328 -3.40166 29.6224 98.6067</i>
                        <i>0.132584 0.991172 9.62623e-017 0.991172 -0.132584 -7.57045e-017 -6.74594e-017 1.14231e-016 -1.08328 -3.40101 29.6245 98.6082</i>
                        <i>0.133054 0.991109 9.62623e-017 0.991109 -0.133054 -7.57045e-017 -6.74052e-017 1.14263e-016 -1.08328 -3.3986 29.6202 98.609</i>
                        <i>0.133591 0.991036 9.62623e-017 0.991036 -0.133591 -7.57045e-017 -6.73433e-017 1.143e-016 -1.08328 -3.3981 29.617 98.6086</i>
                        <i>0.134174 0.990958 9.62623e-017 0.990958 -0.134174 -7.57045e-017 -6.72761e-017 1.14339e-016 -1.08328 -3.39822 29.6213 98.6099</i>
                        <i>0.134779 0.990876 9.62623e-017 0.990876 -0.134779 -7.57045e-017 -6.72062e-017 1.14381e-016 -1.08328 -3.39875 29.6231 98.6106</i>
                        <i>0.135386 0.990793 9.62623e-017 0.990793 -0.135386 -7.57045e-017 -6.71362e-017 1.14422e-016 -1.08328 -3.39993 29.6267 98.612</i>
                        <i>0.135971 0.990713 9.62623e-017 0.990713 -0.135971 -7.57045e-017 -6.70686e-017 1.14461e-016 -1.08328 -3.40096 29.6295 98.6114</i>
                        <i>0.136512 0.990638 9.62623e-017 0.990638 -0.136512 -7.57045e-017 -6.70061e-017 1.14498e-016 -1.08328 -3.40175 29.6313 98.6098</i>
                        <i>0.136988 0.990573 9.62623e-017 0.990573 -0.136988 -7.57045e-017 -6.69511e-017 1.1453e-016 -1.08328 -3.40161 29.6321 98.6085</i>
                        <i>0.137375 0.990519 9.62623e-017 0.990519 -0.137375 -7.57045e-017 -6.69063e-017 1.14556e-016 -1.08328 -3.40203 29.6282 98.6087</i>
                        <i>0.137653 0.990481 9.62623e-017 0.990481 -0.137653 -7.57045e-017 -6.68742e-017 1.14575e-016 -1.08328 -3.4022 29.6278 98.6088</i>
                        <i>0.137798 0.99046 9.62623e-017 0.99046 -0.137798 -7.57045e-017 -6.68574e-017 1.14585e-016 -1.08328 -3.40317 29.6293 98.6075</i>
                        <i>0.137754 0.990466 9.62623e-017 0.990466 -0.137754 -7.57045e-017 -6.68624e-017 1.14582e-016 -1.08328 -3.4025 29.6287 98.6081</i>
                        <i>0.137507 0.990501 9.62623e-017 0.990501 -0.137507 -7.57045e-017 -6.6891e-017 1.14565e-016 -1.08328 -3.40071 29.6312 98.6088</i>
                        <i>0.137099 0.990557 9.62623e-017 0.990557 -0.137099 -7.57045e-017 -6.69382e-017 1.14538e-016 -1.08328 -3.39969 29.6302 98.6103</i>
                        <i>0.136568 0.990631 9.62623e-017 0.990631 -0.136568 -7.57045e-017 -6.69996e-017 1.14502e-016 -1.08328 -3.39867 29.627 98.6105</i>
                        <i>0.135956 0.990715 9.62623e-017 0.990715 -0.135956 -7.57045e-017 -6.70703e-017 1.1446e-016 -1.08328 -3.4008 29.6248 98.6095</i>
                        <i>0.135304 0.990804 9.62623e-017 0.990804 -0.135304 -7.57045e-017 -6.71457e-017 1.14416e-016 -1.08328 -3.40163 29.6277 98.6083</i>
                        <i>0.134651 0.990893 9.62623e-017 0.990893 -0.134651 -7.57045e-017 -6.7221e-017 1.14372e-016 -1.08328 -3.4015 29.6265 98.6065</i>
                        <i>0.134039 0.990976 9.62623e-017 0.990976 -0.134039 -7.57045e-017 -6.72916e-017 1.1433e-016 -1.08328 -3.4016 29.6219 98.6063</i>
                        <i>0.133508 0.991048 9.62623e-017 0.991048 -0.133508 -7.57045e-017 -6.73529e-017 1.14294e-016 -1.08328 -3.4021 29.6218 98.6099</i>
                    </KeyFrames>
                </p>
            </i>
            <i>
                <p>
                    <Name><![CDATA[left_gear_hatch]]></Name>
