<?xml version="1.0" encoding="ISO-8859-1" ?>
<Animl Version="1">
    <ModellingPackage><![CDATA[Maya.2010]]></ModellingPackage>
    <SrcFile><![CDATA[anims\vehicles\blue\~src\air\fighter_f14tomcat\fighter_f14tomcat_maxspeed_turn_left.mb]]></SrcFile>
    <FramesPerSecond>30</FramesPerSecond>
    <TotalFrames>31</TotalFrames>
    <Skeleton>
        <RefFrame>
            <Name><![CDATA[f14tomcat_ref_frame]]></Name>
            <Exclude>0</Exclude>
            <Additive>0</Additive>
            <IKPriority>0</IKPriority>
            <IKRotLimits>-1e+010 -1e+010 -1e+010 1e+010 1e+010 1e+010</IKRotLimits>
            <IKRotLimitOrder>0</IKRotLimitOrder>
            <KeyFrames count="31">
                <i>1 0 0 0 1 0 0 0 1 0 26.3054 103.911</i>
                <i>1 0 0 0 1 0 0 0 1 0 26.3054 103.911</i>
                <i>1 0 0 0 1 0 0 0 1 0 26.3054 103.911</i>
                <i>1 0 0 0 1 0 0 0 1 0 26.3054 103.911</i>
                <i>1 0 0 0 1 0 0 0 1 0 26.3054 103.911</i>
                <i>1 0 0 0 1 0 0 0 1 0 26.3054 103.911</i>
                <i>1 0 0 0 1 0 0 0 1 0 26.3054 103.911</i>
                <i>1 0 0 0 1 0 0 0 1 0 26.3054 103.911</i>
                <i>1 0 0 0 1 0 0 0 1 0 26.3054 103.911</i>
                <i>1 0 0 0 1 0 0 0 1 0 26.3054 103.911</i>
                <i>1 0 0 0 1 0 0 0 1 0 26.3054 103.911</i>
                <i>1 0 0 0 1 0 0 0 1 0 26.3054 103.911</i>
                <i>1 0 0 0 1 0 0 0 1 0 26.3054 103.911</i>
                <i>1 0 0 0 1 0 0 0 1 0 26.3054 103.911</i>
                <i>1 0 0 0 1 0 0 0 1 0 26.3054 103.911</i>
                <i>1 0 0 0 1 0 0 0 1 0 26.3054 103.911</i>
                <i>1 0 0 0 1 0 0 0 1 0 26.3054 103.911</i>
                <i>1 0 0 0 1 0 0 0 1 0 26.3054 103.911</i>
                <i>1 0 0 0 1 0 0 0 1 0 26.3054 103.911</i>
                <i>1 0 0 0 1 0 0 0 1 0 26.3054 103.911</i>
                <i>1 0 0 0 1 0 0 0 1 0 26.3054 103.911</i>
                <i>1 0 0 0 1 0 0 0 1 0 26.3054 103.911</i>
                <i>1 0 0 0 1 0 0 0 1 0 26.3054 103.911</i>
                <i>1 0 0 0 1 0 0 0 1 0 26.3054 103.911</i>
                <i>1 0 0 0 1 0 0 0 1 0 26.3054 103.911</i>
                <i>1 0 0 0 1 0 0 0 1 0 26.3054 103.911</i>
                <i>1 0 0 0 1 0 0 0 1 0 26.3054 103.911</i>
                <i>1 0 0 0 1 0 0 0 1 0 26.3054 103.911</i>
                <i>1 0 0 0 1 0 0 0 1 0 26.3054 103.911</i>
                <i>1 0 0 0 1 0 0 0 1 0 26.3054 103.911</i>
                <i>1 0 0 0 1 0 0 0 1 0 26.3054 103.911</i>
            </KeyFrames>
        </RefFrame>
        <Bones count="21">
            <i>
                <p>
                    <Name><![CDATA[f14tomcat_root]]></Name>
                    <Exclude>0</Exclude>
                    <Additive>0</Additive>
                    <IKPriority>0</IKPriority>
                    <IKRotLimits>-1e+010 -1e+010 -1e+010 1e+010 1e+010 1e+010</IKRotLimits>
                    <IKRotLimitOrder>0</IKRotLimitOrder>
                    <KeyFrames count="31">
                        <i>1 0 0 0 1 0 0 0 1 0.00151512 29.8013 103.903</i>
                        <i>1 0.000156752 -0.000156752 -0.000156727 1 0.000156752 0.000156776 -0.000156727 1 -0.00202478 29.7958 103.902</i>
                        <i>1 0.00034244 -0.00034244 -0.000342323 1 0.00034244 0.000342557 -0.000342323 1 -0.00348745 29.7956 103.903</i>
                        <i>1 0.000535363 -0.000535363 -0.000535076 1 0.000535363 0.000535649 -0.000535076 1 -0.00279709 29.802 103.907</i>
                        <i>0.999999 0.000713817 -0.000713817 -0.000713307 0.999999 0.000713817 0.000714326 -0.000713307 0.999999 -0.0024238 29.8075 103.91</i>
                        <i>0.999999 0.0008561 -0.0008561 -0.000855367 0.999999 0.0008561 0.000856832 -0.000855367 0.999999 -0.000578918 29.8068 103.911</i>
                        <i>0.999999 0.000940509 -0.00094051 -0.000939625 0.999999 0.000940509 0.000941393 -0.000939625 0.999999 0.00033511 29.8079 103.91</i>
                        <i>0.999999 0.000945343 -0.000945343 -0.000944449 0.999999 0.000945343 0.000946236 -0.000944449 0.999999 -2.29347e-005 29.8103 103.909</i>
                        <i>0.999999 0.000887279 -0.00088728 -0.000886492 0.999999 0.000887279 0.000888066 -0.000886492 0.999999 1.71459e-005 29.8098 103.908</i>
                        <i>0.999999 0.000800427 -0.000800427 -0.000799786 0.999999 0.000800427 0.000801067 -0.000799786 0.999999 0.000323436 29.8091 103.908</i>
                        <i>1 0.000689225 -0.000689226 -0.00068875 1 0.000689225 0.0006897 -0.00068875 1 0.000483037 29.8065 103.908</i>
                        <i>1 0.000558115 -0.000558115 -0.000557804 1 0.000558115 0.000558427 -0.000557804 1 -0.00101974 29.8028 103.906</i>
                        <i>1 0.000411537 -0.000411537 -0.000411368 1 0.000411537 0.000411706 -0.000411368 1 -0.00156644 29.8039 103.905</i>
                        <i>1 0.000253931 -0.000253931 -0.000253866 1 0.000253931 0.000253995 -0.000253866 1 -0.00174927 29.8036 103.906</i>
                        <i>1 8.9736e-005 -8.9736e-005 -8.9728e-005 1 8.9736e-005 8.97441e-005 -8.9728e-005 1 0.000147572 29.8066 103.906</i>
                        <i>1 -7.66062e-005 7.66062e-005 7.66121e-005 1 -7.66062e-005 -7.66004e-005 7.66121e-005 1 0.00220987 29.8101 103.908</i>
                        <i>1 -0.000240656 0.000240656 0.000240714 1 -0.000240656 -0.000240598 0.000240714 1 0.00372502 29.811 103.909</i>
                        <i>1 -0.000397972 0.000397972 0.000398131 1 -0.000397972 -0.000397814 0.000398131 1 0.0041041 29.8068 103.909</i>
                        <i>1 -0.000544116 0.000544116 0.000544412 1 -0.000544116 -0.00054382 0.000544412 1 0.0029494 29.8028 103.911</i>
                        <i>1 -0.000674646 0.000674646 0.000675101 1 -0.000674646 -0.000674191 0.000675101 1 0.000310615 29.8005 103.912</i>
                        <i>0.999999 -0.000785123 0.000785123 0.000785739 0.999999 -0.000785123 -0.000784506 0.000785739 0.999999 -0.000300152 29.7991 103.912</i>
                        <i>0.999999 -0.000871106 0.000871106 0.000871865 0.999999 -0.000871106 -0.000870347 0.000871865 0.999999 5.67079e-005 29.7985 103.91</i>
                        <i>0.999999 -0.000928155 0.000928155 0.000929016 0.999999 -0.000928155 -0.000927293 0.000929016 0.999999 -0.000944753 29.8001 103.91</i>
                        <i>0.999999 -0.000932431 0.000932431 0.000933301 0.999999 -0.000932431 -0.000931561 0.000933301 0.999999 -0.00171896 29.8025 103.91</i>
                        <i>0.999999 -0.000872877 0.000872878 0.000873639 0.999999 -0.000872877 -0.000872115 0.000873639 0.999999 -0.00373912 29.8046 103.91</i>
                        <i>0.999999 -0.000764223 0.000764223 0.000764807 0.999999 -0.000764223 -0.000763639 0.000764807 0.999999 -0.00320792 29.8045 103.909</i>
                        <i>1 -0.000621199 0.000621199 0.000621585 1 -0.000621199 -0.000620813 0.000621585 1 -0.00358579 29.8061 103.91</i>
                        <i>1 -0.000458534 0.000458534 0.000458744 1 -0.000458534 -0.000458324 0.000458744 1 -0.00449679 29.8051 103.912</i>
                        <i>1 -0.000290959 0.000290959 0.000291044 1 -0.000290959 -0.000290875 0.000291044 1 -0.00259113 29.8045 103.912</i>
                        <i>1 -0.000133204 0.000133204 0.000133222 1 -0.000133204 -0.000133187 0.000133222 1 -0.000402227 29.8055 103.911</i>
                        <i>1 0 0 0 1 0 0 0 1 0.0014049 29.8068 103.912</i>
                    </KeyFrames>
                </p>
            </i>
            <i>
                <p>
                    <Name><![CDATA[cockpit_hatch]]></Name>
                    <Exclude>0</Exclude>
                    <Additive>0</Additive>
                    <IKPriority>0</IKPriority>
                    <IKRotLimits>-1e+010 -1e+010 -1e+010 1e+010 1e+010 1e+010</IKRotLimits>
                    <IKRotLimitOrder>0</IKRotLimitOrder>
                    <KeyFrames count="31">
                        <i>1 0 0 0 1 0 0 0 1 0.00151512 31.0257 107.219</i>
                        <i>1 0.000156752 -0.000156752 -0.000156727 1 0.000156752 0.000156776 -0.000156727 1 -0.00169691 31.0197 107.218</i>
                        <i>1 0.00034244 -0.00034244 -0.000342323 1 0.00034244 0.000342557 -0.000342323 1 -0.0027709 31.0189 107.219</i>
                        <i>1 0.000535363 -0.000535363 -0.000535076 1 0.000535363 0.000535649 -0.000535076 1 -0.00167638 31.0247 107.223</i>
                        <i>0.999999 0.000713817 -0.000713817 -0.000713307 0.999999 0.000713817 0.000714326 -0.000713307 0.999999 -0.000928945 31.0297 107.226</i>
                        <i>0.999999 0.0008561 -0.0008561 -0.000855367 0.999999 0.0008561 0.000856832 -0.000855367 0.999999 0.00121446 31.0285 107.227</i>
                        <i>0.999999 0.000940509 -0.00094051 -0.000939625 0.999999 0.000940509 0.000941393 -0.000939625 0.999999 0.00230567 31.0292 107.227</i>
                        <i>0.999999 0.000945343 -0.000945343 -0.000944449 0.999999 0.000945343 0.000946236 -0.000944449 0.999999 0.00195777 31.0316 107.225</i>
                        <i>0.999999 0.000887279 -0.00088728 -0.000886492 0.999999 0.000887279 0.000888066 -0.000886492 0.999999 0.00187597 31.0313 107.225</i>
                        <i>0.999999 0.000800427 -0.000800427 -0.000799786 0.999999 0.000800427 0.000801067 -0.000799786 0.999999 0.00199999 31.0309 107.225</i>
                        <i>1 0.000689225 -0.000689226 -0.00068875 1 0.000689225 0.0006897 -0.00068875 1 0.00192632 31.0287 107.225</i>
                        <i>1 0.000558115 -0.000558115 -0.000557804 1 0.000558115 0.000558427 -0.000557804 1 0.00014866 31.0254 107.223</i>
                        <i>1 0.000411537 -0.000411537 -0.000411368 1 0.000411537 0.000411706 -0.000411368 1 -0.000705169 31.027 107.221</i>
                        <i>1 0.000253931 -0.000253931 -0.000253866 1 0.000253931 0.000253995 -0.000253866 1 -0.00121803 31.0272 107.222</i>
                        <i>1 8.9736e-005 -8.9736e-005 -8.9728e-005 1 8.9736e-005 8.97441e-005 -8.9728e-005 1 0.000335241 31.0308 107.222</i>
                        <i>1 -7.66062e-005 7.66062e-005 7.66121e-005 1 -7.66062e-005 -7.66004e-005 7.66121e-005 1 0.00204972 31.0348 107.223</i>
                        <i>1 -0.000240656 0.000240656 0.000240714 1 -0.000240656 -0.000240598 0.000240714 1 0.00322209 31.0363 107.224</i>
                        <i>1 -0.000397972 0.000397972 0.000398131 1 -0.000397972 -0.000397814 0.000398131 1 0.00327268 31.0326 107.224</i>
                        <i>1 -0.000544116 0.000544116 0.000544412 1 -0.000544116 -0.00054382 0.000544412 1 0.00181303 31.0291 107.225</i>
                        <i>1 -0.000674646 0.000674646 0.000675101 1 -0.000674646 -0.000674191 0.000675101 1 -0.00109796 31.0272 107.227</i>
                        <i>0.999999 -0.000785123 0.000785123 0.000785739 0.999999 -0.000785123 -0.000784506 0.000785739 0.999999 -0.001939 31.0262 107.227</i>
                        <i>0.999999 -0.000871106 0.000871106 0.000871865 0.999999 -0.000871106 -0.000870347 0.000871865 0.999999 -0.00176127 31.0259 107.225</i>
                        <i>0.999999 -0.000928155 0.000928155 0.000929016 0.999999 -0.000928155 -0.000927293 0.000929016 0.999999 -0.00288155 31.0277 107.224</i>
                        <i>0.999999 -0.000932431 0.000932431 0.000933301 0.999999 -0.000932431 -0.000931561 0.000933301 0.999999 -0.00366467 31.0301 107.225</i>
                        <i>0.999999 -0.000872877 0.000872878 0.000873639 0.999999 -0.000872877 -0.000872115 0.000873639 0.999999 -0.0055608 31.032 107.225</i>
                        <i>0.999999 -0.000764223 0.000764223 0.000764807 0.999999 -0.000764223 -0.000763639 0.000764807 0.999999 -0.00480321 31.0315 107.223</i>
                        <i>1 -0.000621199 0.000621199 0.000621585 1 -0.000621199 -0.000620813 0.000621585 1 -0.00488292 31.0327 107.224</i>
                        <i>1 -0.000458534 0.000458534 0.000458744 1 -0.000458534 -0.000458324 0.000458744 1 -0.0054546 31.0311 107.226</i>
                        <i>1 -0.000290959 0.000290959 0.000291044 1 -0.000290959 -0.000290875 0.000291044 1 -0.00319912 31.03 107.227</i>
                        <i>1 -0.000133204 0.000133204 0.000133222 1 -0.000133204 -0.000133187 0.000133222 1 -0.000680669 31.0304 107.226</i>
                        <i>1 0 0 0 1 0 0 0 1 0.0014049 31.0313 107.228</i>
                    </KeyFrames>
                </p>
            </i>
            <i>
                <p>
                    <Name><![CDATA[left_frontgear_hatch]]></Name>
                    <Exclude>0</Exclude>
                    <Additive>0</Additive>
                    <IKPriority>0</IKPriority>
                    <IKRotLimits>-1e+010 -1e+010 -1e+010 1e+010 1e+010 1e+010</IKRotLimits>
                    <IKRotLimitOrder>0</IKRotLimitOrder>
                    <KeyFrames count="31">
                        <i>0.350828 -0.93644 0 0.936435 0.350826 0.00334987 -0.00337983 -0.00126622 1.07742 0.699371 29.0242 112.021</i>
                        <i>0.350975 -0.936385 -0.000201781 0.93638 0.350973 0.00325808 -0.00321071 -0.00143561 1.07742 0.697226 29.0175 112.019</i>
                        <i>0.351149 -0.93632 -0.000440812 0.936315 0.351146 0.00314933 -0.00301031 -0.0016362 1.07742 0.697415 29.016 112.02</i>
                        <i>0.351329 -0.936252 -0.000689155 0.936248 0.351326 0.00303636 -0.00280203 -0.00184453 1.07742 0.699823 29.021 112.023</i>
                        <i>0.351496 -0.936189 -0.000918873 0.936186 0.351492 0.00293185 -0.00260929 -0.00203716 1.07742 0.701785 29.0251 112.026</i>
                        <i>0.351629 -0.936139 -0.00110203 0.936137 0.351625 0.00284853 -0.00245557 -0.0021907 1.07742 0.704897 29.0234 112.027</i>
                        <i>0.351708 -0.936109 -0.00121069 0.936107 0.351704 0.0027991 -0.00236436 -0.00228177 1.07742 0.706562 29.0238 112.026</i>
                        <i>0.351712 -0.936107 -0.00121691 0.936105 0.351708 0.00279627 -0.00235914 -0.00228698 1.07742 0.706247 29.0262 112.025</i>
                        <i>0.351658 -0.936128 -0.00114217 0.936126 0.351654 0.00283027 -0.00242188 -0.00222434 1.07742 0.70577 29.0261 112.024</i>
                        <i>0.351577 -0.936158 -0.00103036 0.936156 0.351573 0.00288113 -0.00251573 -0.00213063 1.07742 0.705303 29.026 112.024</i>
                        <i>0.351473 -0.936198 -0.000887218 0.936195 0.351469 0.00294625 -0.00263586 -0.00201062 1.07742 0.704473 29.0242 112.024</i>
                        <i>0.351351 -0.936244 -0.000718444 0.93624 0.351347 0.00302303 -0.00277746 -0.00186909 1.07742 0.701803 29.0215 112.023</i>
                        <i>0.351213 -0.936295 -0.000529759 0.936291 0.35121 0.00310887 -0.00293572 -0.00171083 1.07742 0.699951 29.0238 112.022</i>
                        <i>0.351066 -0.936351 -0.000326877 0.936346 0.351063 0.00320117 -0.00310585 -0.0015406 1.07742 0.698366 29.0246 112.023</i>
                        <i>0.350912 -0.936408 -0.000115514 0.936403 0.35091 0.00329732 -0.00328302 -0.0013632 1.07742 0.698802 29.0289 112.023</i>
                        <i>0.350757 -0.936467 9.86128e-005 0.936461 0.350755 0.00339473 -0.00346245 -0.00118342 1.07742 0.699385 29.0335 112.025</i>
                        <i>0.350603 -0.936524 0.000309788 0.936518 0.350602 0.0034908 -0.00363935 -0.00100606 1.07742 0.699441 29.0357 112.026</i>
                        <i>0.350455 -0.936579 0.000512297 0.936573 0.350455 0.00358293 -0.00380894 -0.000835921 1.07742 0.698422 29.0326 112.026</i>
                        <i>0.350318 -0.93663 0.000700423 0.936623 0.350319 0.00366851 -0.00396644 -0.000677822 1.07742 0.695968 29.0297 112.028</i>
                        <i>0.350196 -0.936676 0.000868451 0.936669 0.350197 0.00374495 -0.00410706 -0.000536573 1.07742 0.692169 29.0284 112.03</i>
                        <i>0.350092 -0.936715 0.00101066 0.936707 0.350094 0.00380964 -0.00422606 -0.000416996 1.07742 0.690577 29.0278 112.031</i>
                        <i>0.350012 -0.936745 0.00112135 0.936737 0.350013 0.00386 -0.00431865 -0.000323913 1.07741 0.69017 29.0279 112.029</i>
                        <i>0.349958 -0.936765 0.00119478 0.936757 0.34996 0.0038934 -0.00438008 -0.000262144 1.07741 0.688662 29.0299 112.029</i>
                        <i>0.349954 -0.936766 0.00120029 0.936758 0.349956 0.00389591 -0.00438468 -0.000257513 1.07741 0.68785 29.0324 112.029</i>
                        <i>0.35001 -0.936745 0.00112363 0.936737 0.350012 0.00386103 -0.00432056 -0.000321995 1.07741 0.686359 29.034 112.029</i>
                        <i>0.350112 -0.936707 0.00098376 0.9367 0.350113 0.0037974 -0.00420355 -0.00043962 1.07742 0.687855 29.0331 112.027</i>
                        <i>0.350246 -0.936657 0.000799649 0.93665 0.350247 0.00371365 -0.00404949 -0.000594414 1.07742 0.688748 29.0337 112.028</i>
                        <i>0.350399 -0.9366 0.000590256 0.936594 0.350398 0.00361839 -0.00387421 -0.000770411 1.07742 0.689283 29.0314 112.029</i>
                        <i>0.350556 -0.936542 0.000374543 0.936536 0.350555 0.00352026 -0.00369359 -0.000951661 1.07742 0.692678 29.0296 112.029</i>
                        <i>0.350704 -0.936487 0.00017147 0.936481 0.350702 0.00342788 -0.00352349 -0.00112223 1.07742 0.696269 29.0294 112.028</i>
                        <i>0.350828 -0.93644 0 0.936435 0.350826 0.00334987 -0.00337983 -0.00126622 1.07742 0.699261 29.0297 112.03</i>
                    </KeyFrames>
                </p>
            </i>
            <i>
                <p>
                    <Name><![CDATA[right_frontgear_hatch]]></Name>
                    <Exclude>0</Exclude>
                    <Additive>0</Additive>
                    <IKPriority>0</IKPriority>
                    <IKRotLimits>-1e+010 -1e+010 -1e+010 1e+010 1e+010 1e+010</IKRotLimits>
                    <IKRotLimitOrder>0</IKRotLimitOrder>
                    <KeyFrames count="31">
                        <i>0.328048 0.944638 -0.00656164 0.944647 -0.328073 -0.00313493 -0.0055027 -0.0055629 -1.07596 -0.688852 29.0239 112.023</i>
                        <i>0.327899 0.944691 -0.00646499 0.944698 -0.327924 -0.00333444 -0.00567052 -0.00539513 -1.07596 -0.690997 29.017 112.022</i>
                        <i>0.327723 0.944753 -0.00635049 0.944758 -0.327748 -0.00357076 -0.00586938 -0.00519646 -1.07596 -0.690807 29.0152 112.023</i>
                        <i>0.327539 0.944817 -0.00623154 0.944821 -0.327566 -0.0038163 -0.00607606 -0.00499013 -1.07596 -0.688398 29.0199 112.027</i>
                        <i>0.327369 0.944877 -0.0061215 0.944878 -0.327396 -0.00404342 -0.00626732 -0.00479934 -1.07596 -0.686435 29.0238 112.03</i>
                        <i>0.327234 0.944924 -0.00603377 0.944924 -0.327261 -0.00422451 -0.00641986 -0.00464727 -1.07596 -0.683323 29.0219 112.031</i>
                        <i>0.327154 0.944952 -0.00598173 0.944952 -0.327181 -0.00433194 -0.00651038 -0.00455707 -1.07596 -0.681657 29.0222 112.03</i>
                        <i>0.32715 0.944954 -0.00597875 0.944953 -0.327177 -0.00433809 -0.00651556 -0.00455191 -1.07596 -0.681971 29.0245 112.029</i>
                        <i>0.327205 0.944934 -0.00601455 0.944934 -0.327232 -0.00426419 -0.00645329 -0.00461395 -1.07596 -0.682449 29.0246 112.028</i>
                        <i>0.327287 0.944905 -0.0060681 0.944906 -0.327314 -0.00415365 -0.00636017 -0.00470676 -1.07596 -0.682917 29.0246 112.028</i>
                        <i>0.327393 0.944868 -0.00613667 0.94487 -0.32742 -0.00401212 -0.00624096 -0.00482562 -1.07596 -0.683748 29.023 112.028</i>
                        <i>0.327517 0.944825 -0.00621751 0.944828 -0.327544 -0.00384526 -0.00610045 -0.0049658 -1.07596 -0.686418 29.0205 112.026</i>
                        <i>0.327657 0.944776 -0.00630789 0.944781 -0.327683 -0.00365871 -0.00594339 -0.00512255 -1.07596 -0.68827 29.0229 112.025</i>
                        <i>0.327807 0.944723 -0.00640507 0.94473 -0.327832 -0.00345812 -0.00577458 -0.00529115 -1.07596 -0.689856 29.024 112.026</i>
                        <i>0.327963 0.944668 -0.00650631 0.944676 -0.327988 -0.00324914 -0.00559877 -0.00546685 -1.07596 -0.689421 29.0284 112.026</i>
                        <i>0.328121 0.944613 -0.00660888 0.944622 -0.328146 -0.00303744 -0.00542071 -0.00564491 -1.07596 -0.688839 29.0333 112.028</i>
                        <i>0.328277 0.944558 -0.00671003 0.944569 -0.328301 -0.00282865 -0.00524517 -0.00582058 -1.07596 -0.688783 29.0357 112.029</i>
                        <i>0.328427 0.944505 -0.00680703 0.944518 -0.32845 -0.00262843 -0.00507688 -0.00598909 -1.07596 -0.689802 29.0329 112.029</i>
                        <i>0.328566 0.944456 -0.00689713 0.94447 -0.328589 -0.00244243 -0.0049206 -0.00614568 -1.07596 -0.692256 29.0302 112.031</i>
                        <i>0.32869 0.944412 -0.00697762 0.944427 -0.328712 -0.0022763 -0.00478105 -0.00628557 -1.07596 -0.696055 29.029 112.032</i>
                        <i>0.328795 0.944375 -0.00704574 0.944391 -0.328817 -0.00213569 -0.00466297 -0.00640401 -1.07596 -0.697648 29.0286 112.032</i>
                        <i>0.328877 0.944346 -0.00709875 0.944363 -0.328898 -0.00202626 -0.00457109 -0.0064962 -1.07596 -0.698055 29.0288 112.03</i>
                        <i>0.328932 0.944327 -0.00713393 0.944344 -0.328952 -0.00195365 -0.00451013 -0.00655738 -1.07596 -0.699563 29.0309 112.03</i>
                        <i>0.328936 0.944325 -0.00713656 0.944343 -0.328957 -0.00194821 -0.00450556 -0.00656197 -1.07596 -0.700375 29.0333 112.031</i>
                        <i>0.328879 0.944345 -0.00709984 0.944363 -0.3289 -0.002024 -0.0045692 -0.0064981 -1.07596 -0.701866 29.0349 112.03</i>
                        <i>0.328775 0.944382 -0.00703285 0.944398 -0.328797 -0.00216229 -0.00468531 -0.0063816 -1.07596 -0.70037 29.0339 112.029</i>
                        <i>0.328639 0.94443 -0.00694466 0.944445 -0.328662 -0.00234432 -0.00483819 -0.00622829 -1.07596 -0.699477 29.0342 112.03</i>
                        <i>0.328484 0.944485 -0.00684437 0.944498 -0.328508 -0.00255135 -0.00501211 -0.00605397 -1.07596 -0.698942 29.0318 112.032</i>
                        <i>0.328325 0.944541 -0.00674104 0.944552 -0.328349 -0.00276462 -0.00519135 -0.00587446 -1.07596 -0.695546 29.0297 112.032</i>
                        <i>0.328175 0.944594 -0.00664377 0.944604 -0.328199 -0.0029654 -0.00536014 -0.00570551 -1.07596 -0.691954 29.0293 112.031</i>
                        <i>0.328048 0.944638 -0.00656164 0.944647 -0.328073 -0.00313493 -0.0055027 -0.0055629 -1.07596 -0.688962 29.0294 112.032</i>
                    </KeyFrames>
                </p>
            </i>
            <i>
                <p>
                    <Name><![CDATA[front_gear]]></Name>
                    <Exclude>0</Exclude>
                    <Additive>0</Additive>
                    <IKPriority>0</IKPriority>
                    <IKRotLimits>-1e+010 -1e+010 -1e+010 1e+010 1e+010 1e+010</IKRotLimits>
                    <IKRotLimitOrder>0</IKRotLimitOrder>
                    <KeyFrames count="31">
                        <i>1 0 0 0 0.352009 -0.935997 0 0.935997 0.352009 0.00151512 29.2778 110.167</i>
                        <i>1 0.000156752 -0.000156752 -0.000201911 0.352156 -0.935941 -9.15093e-005 0.935941 0.352156 -0.000960832 29.2714 110.165</i>
                        <i>1 0.00034244 -0.00034244 -0.000441133 0.35233 -0.935876 -0.00019983 0.935876 0.35233 -0.00116277 29.27 110.166</i>
                        <i>1 0.000535363 -0.000535363 -0.000689717 0.35251 -0.935808 -0.000312276 0.935808 0.35251 0.000837842 29.2753 110.17</i>
                        <i>0.999999 0.000713817 -0.000713817 -0.000919697 0.352677 -0.935745 -0.000416204 0.935745 0.352677 0.00242351 29.2797 110.173</i>
                        <i>0.999999 0.0008561 -0.0008561 -0.00110309 0.35281 -0.935695 -0.000499008 0.935695 0.35281 0.00523529 29.2781 110.174</i>
                        <i>0.999999 0.000940509 -0.00094051 -0.0012119 0.352888 -0.935665 -0.000548106 0.935665 0.352889 0.00672304 29.2786 110.173</i>
                        <i>0.999999 0.000945343 -0.000945343 -0.00121813 0.352893 -0.935663 -0.000550917 0.935663 0.352894 0.00639785 29.2809 110.172</i>
                        <i>0.999999 0.000887279 -0.00088728 -0.00114328 0.352839 -0.935683 -0.000517146 0.935684 0.352839 0.00604327 29.2808 110.171</i>
                        <i>0.999999 0.000800427 -0.000800427 -0.00103133 0.352758 -0.935714 -0.000466614 0.935714 0.352758 0.00575929 29.2806 110.171</i>
                        <i>1 0.000689225 -0.000689226 -0.000888004 0.352654 -0.935753 -0.000401887 0.935754 0.352654 0.00516326 29.2787 110.171</i>
                        <i>1 0.000558115 -0.000558115 -0.000719038 0.352531 -0.9358 -0.000325531 0.9358 0.352531 0.00276975 29.2759 110.169</i>
                        <i>1 0.000411537 -0.000411537 -0.000530161 0.352394 -0.935852 -0.000240114 0.935852 0.352394 0.00122747 29.2779 110.168</i>
                        <i>1 0.000253931 -0.000253931 -0.000327102 0.352247 -0.935907 -0.000148209 0.935907 0.352247 -2.55774e-005 29.2786 110.169</i>
                        <i>1 8.9736e-005 -8.9736e-005 -0.000115585 0.352093 -0.935965 -5.23943e-005 0.935965 0.352093 0.00075662 29.2827 110.17</i>
                        <i>1 -7.66062e-005 7.66062e-005 9.86658e-005 0.351937 -0.936023 4.47446e-005 0.936023 0.351937 0.00169001 29.2871 110.171</i>
                        <i>1 -0.000240656 0.000240656 0.000309932 0.351784 -0.936081 0.000140614 0.936081 0.351784 0.00209212 29.2891 110.172</i>
                        <i>1 -0.000397972 0.000397972 0.000512498 0.351636 -0.936136 0.000232615 0.936136 0.351637 0.00140413 29.2859 110.172</i>
                        <i>1 -0.000544116 0.000544116 0.000700651 0.351499 -0.936188 0.000318138 0.936188 0.3515 -0.000741595 29.2828 110.174</i>
                        <i>1 -0.000674646 0.000674646 0.000868682 0.351377 -0.936234 0.000394571 0.936234 0.351378 -0.00426533 29.2813 110.176</i>
                        <i>0.999999 -0.000785123 0.000785123 0.00101088 0.351274 -0.936272 0.000459296 0.936273 0.351274 -0.00562493 29.2806 110.176</i>
                        <i>0.999999 -0.000871106 0.000871106 0.00112155 0.351193 -0.936302 0.000509692 0.936303 0.351194 -0.00585078 29.2805 110.174</i>
                        <i>0.999999 -0.000928155 0.000928155 0.00119496 0.351139 -0.936322 0.00054314 0.936323 0.35114 -0.00723882 29.2825 110.174</i>
                        <i>0.999999 -0.000932431 0.000932431 0.00120047 0.351135 -0.936324 0.000545648 0.936324 0.351136 -0.00804201 29.285 110.174</i>
                        <i>0.999999 -0.000872877 0.000872878 0.00112383 0.351191 -0.936303 0.000510731 0.936303 0.351192 -0.00965862 29.2866 110.174</i>
                        <i>0.999999 -0.000764223 0.000764223 0.000983982 0.351293 -0.936265 0.000447049 0.936265 0.351294 -0.00839104 29.2859 110.173</i>
                        <i>1 -0.000621199 0.000621199 0.000799882 0.351427 -0.936215 0.000363269 0.936215 0.351428 -0.0077994 29.2866 110.173</i>
                        <i>1 -0.000458534 0.000458534 0.000590471 0.35158 -0.936158 0.000268049 0.936158 0.35158 -0.00760747 29.2846 110.175</i>
                        <i>1 -0.000290959 0.000290959 0.000374708 0.351737 -0.936099 0.000170026 0.936099 0.351737 -0.00456527 29.283 110.175</i>
                        <i>1 -0.000133204 0.000133204 0.000171558 0.351884 -0.936043 7.78125e-005 0.936043 0.351884 -0.00130613 29.2829 110.174</i>
                        <i>1 0 0 0 0.352009 -0.935997 0 0.935997 0.352009 0.0014049 29.2834 110.176</i>
                    </KeyFrames>
                </p>
            </i>
            <i>
                <p>
                    <Name><![CDATA[left_gear]]></Name>
                    <Exclude>0</Exclude>
                    <Additive>0</Additive>
                    <IKPriority>0</IKPriority>
                    <IKRotLimits>-1e+010 -1e+010 -1e+010 1e+010 1e+010 1e+010</IKRotLimits>
                    <IKRotLimitOrder>0</IKRotLimitOrder>
                    <KeyFrames count="31">
                        <i>0.996077 0.0884915 -6.93889e-018 -0.0120658 0.135815 -0.990661 -0.0876651 0.986774 0.13635 1.47979 29.188 96.545</i>
                        <i>0.996063 0.0886476 -0.000142265 -0.0122424 0.135968 -0.990638 -0.0877983 0.986739 0.136518 1.47519 29.1839 96.5434</i>
                        <i>0.996047 0.0888326 -0.000310794 -0.0124516 0.13615 -0.99061 -0.0879561 0.986697 0.136718 1.47247 29.1854 96.544</i>
                        <i>0.996029 0.0890247 -0.000485887 -0.0126691 0.136338 -0.990581 -0.08812 0.986654 0.136925 1.47186 29.1935 96.5473</i>
                        <i>0.996013 0.0892025 -0.00064785 -0.0128703 0.136513 -0.990555 -0.0882715 0.986614 0.137117 1.47103 29.2006 96.5502</i>
                        <i>0.996001 0.0893442 -0.000776984 -0.0130308 0.136652 -0.990533 -0.0883922 0.986582 0.13727 1.47191 29.2012 96.5506</i>
                        <i>0.995993 0.0894282 -0.000853593 -0.013126 0.136734 -0.990521 -0.0884638 0.986563 0.13736 1.47225 29.2029 96.5496</i>
                        <i>0.995992 0.0894331 -0.00085798 -0.0131315 0.136739 -0.99052 -0.0884679 0.986562 0.137365 1.47186 29.2054 96.5485</i>
                        <i>0.995998 0.0893752 -0.000805282 -0.013066 0.136682 -0.990529 -0.0884187 0.986575 0.137303 1.4723 29.2044 96.548</i>
                        <i>0.996006 0.0892887 -0.000726456 -0.012968 0.136597 -0.990542 -0.088345 0.986594 0.13721 1.47319 29.2029 96.5482</i>
                        <i>0.996015 0.089178 -0.000625531 -0.0128426 0.136489 -0.990558 -0.0882506 0.98662 0.13709 1.4741 29.1993 96.5484</i>
                        <i>0.996027 0.0890474 -0.000506538 -0.0126948 0.136361 -0.990578 -0.0881393 0.986649 0.136949 1.47348 29.1945 96.5469</i>
                        <i>0.99604 0.0889014 -0.000373505 -0.0125295 0.136217 -0.9906 -0.0880148 0.986682 0.136792 1.47393 29.1943 96.5461</i>
                        <i>0.996054 0.0887444 -0.000230464 -0.0123519 0.136063 -0.990623 -0.0878809 0.986717 0.136623 1.47481 29.1926 96.5471</i>
                        <i>0.996069 0.0885809 -8.14431e-005 -0.0121669 0.135903 -0.990647 -0.0877414 0.986754 0.136446 1.47781 29.1942 96.5478</i>
                        <i>0.996084 0.0884152 6.95267e-005 -0.0119795 0.13574 -0.990672 -0.0875999 0.986791 0.136267 1.481 29.1962 96.5496</i>
                        <i>0.996098 0.0882518 0.000218416 -0.0117948 0.135579 -0.990696 -0.0874603 0.986828 0.136091 1.48362 29.1956 96.5508</i>
                        <i>0.996112 0.0880951 0.000361194 -0.0116176 0.135425 -0.990719 -0.0873264 0.986863 0.135922 1.48506 29.19 96.5512</i>
                        <i>0.996125 0.0879495 0.000493832 -0.0114531 0.135282 -0.990741 -0.087202 0.986896 0.135765 1.48489 29.1847 96.5533</i>
                        <i>0.996136 0.0878195 0.000612299 -0.0113062 0.135154 -0.99076 -0.0870908 0.986925 0.135625 1.48313 29.1813 96.5553</i>
                        <i>0.996146 0.0877094 0.000712566 -0.0111819 0.135046 -0.990776 -0.0869966 0.98695 0.135506 1.48326 29.1789 96.5555</i>
                        <i>0.996153 0.0876237 0.000790603 -0.0110852 0.134962 -0.990789 -0.0869233 0.986969 0.135414 1.4842 29.1775 96.5538</i>
                        <i>0.996158 0.0875669 0.00084238 -0.011021 0.134906 -0.990797 -0.0868747 0.986982 0.135352 1.48358 29.1787 96.5536</i>
                        <i>0.996159 0.0875627 0.000846261 -0.0110162 0.134901 -0.990798 -0.086871 0.986982 0.135348 1.48283 29.181 96.554</i>
                        <i>0.996153 0.087622 0.000792211 -0.0110832 0.13496 -0.990789 -0.0869218 0.986969 0.135412 1.48041 29.1836 96.5536</i>
                        <i>0.996144 0.0877302 0.000693598 -0.0112054 0.135066 -0.990773 -0.0870144 0.986945 0.135529 1.48021 29.1845 96.5522</i>
                        <i>0.996132 0.0878727 0.000563791 -0.0113664 0.135207 -0.990752 -0.0871363 0.986913 0.135682 1.47887 29.1874 96.5526</i>
                        <i>0.996117 0.0880347 0.000416159 -0.0115494 0.135366 -0.990728 -0.0872748 0.986877 0.135857 1.47687 29.1878 96.5541</i>
                        <i>0.996103 0.0882017 0.00026407 -0.0117381 0.13553 -0.990704 -0.0874175 0.986839 0.136037 1.47764 29.1887 96.5539</i>
                        <i>0.996089 0.0883588 0.000120894 -0.0119158 0.135685 -0.99068 -0.0875518 0.986804 0.136207 1.47877 29.1911 96.5528</i>
                        <i>0.996077 0.0884915 -6.93889e-018 -0.0120658 0.135815 -0.990661 -0.0876651 0.986774 0.13635 1.47968 29.1936 96.5541</i>
                    </KeyFrames>
                </p>
            </i>
            <i>
                <p>
                    <Name><![CDATA[right_gear]]></Name>
                    <Exclude>0</Exclude>
                    <Additive>0</Additive>
                    <IKPriority>0</IKPriority>
                    <IKRotLimits>-1e+010 -1e+010 -1e+010 1e+010 1e+010 1e+010</IKRotLimits>
                    <IKRotLimitOrder>0</IKRotLimitOrder>
                    <KeyFrames count="31">
                        <i>0.996077 -0.0884915 0 -0.0159695 -0.179755 0.983582 -0.0870386 -0.979723 -0.180463 -1.737 29.1717 96.4644</i>
                        <i>0.996091 -0.0883354 -0.000170008 -0.0157871 -0.179912 0.983556 -0.0869134 -0.979708 -0.180603 -1.74161 29.1671 96.4634</i>
                        <i>0.996107 -0.0881504 -0.0003714 -0.015571 -0.180097 0.983526 -0.0867651 -0.979691 -0.180769 -1.74434 29.168 96.4645</i>
                        <i>0.996124 -0.0879582 -0.000580637 -0.0153464 -0.18029 0.983494 -0.086611 -0.979673 -0.180941 -1.74496 29.1755 96.4685</i>
                        <i>0.99614 -0.0877804 -0.000774183 -0.0151386 -0.180468 0.983464 -0.0864686 -0.979656 -0.1811 -1.74581 29.182 96.472</i>
                        <i>0.996152 -0.0876387 -0.000928499 -0.0149729 -0.18061 0.983441 -0.0863552 -0.979643 -0.181227 -1.74493 29.1822 96.4728</i>
                        <i>0.996159 -0.0875546 -0.00102005 -0.0148746 -0.180694 0.983427 -0.0862879 -0.979635 -0.181303 -1.74459 29.1837 96.4721</i>
                        <i>0.99616 -0.0875498 -0.00102529 -0.014869 -0.180699 0.983426 -0.086284 -0.979634 -0.181307 -1.74498 29.1861 96.471</i>
                        <i>0.996155 -0.0876076 -0.000962315 -0.0149366 -0.180641 0.983436 -0.0863303 -0.97964 -0.181255 -1.74455 29.1853 96.4703</i>
                        <i>0.996147 -0.0876942 -0.000868118 -0.0150378 -0.180555 0.98345 -0.0863996 -0.979648 -0.181178 -1.74365 29.1841 96.4702</i>
                        <i>0.996137 -0.0878049 -0.000747512 -0.0151673 -0.180444 0.983468 -0.0864883 -0.979658 -0.181078 -1.74273 29.1808 96.4701</i>
                        <i>0.996126 -0.0879355 -0.000605314 -0.0153199 -0.180313 0.98349 -0.0865929 -0.979671 -0.180961 -1.74334 29.1764 96.4682</i>
                        <i>0.996113 -0.0880816 -0.00044634 -0.0154906 -0.180166 0.983514 -0.0867099 -0.979685 -0.180831 -1.74289 29.1767 96.4668</i>
                        <i>0.996099 -0.0882386 -0.000275405 -0.015674 -0.180009 0.98354 -0.0868357 -0.979699 -0.18069 -1.742 29.1755 96.4674</i>
                        <i>0.996085 -0.0884021 -9.73249e-005 -0.0158651 -0.179845 0.983567 -0.0869669 -0.979715 -0.180543 -1.73898 29.1776 96.4676</i>
                        <i>0.99607 -0.0885678 8.30847e-005 -0.0160586 -0.179679 0.983594 -0.0870999 -0.97973 -0.180395 -1.73579 29.1801 96.4688</i>
                        <i>0.996056 -0.0887312 0.000261007 -0.0162494 -0.179515 0.983621 -0.087231 -0.979746 -0.180248 -1.73315 29.18 96.4695</i>
                        <i>0.996042 -0.0888879 0.000431628 -0.0164323 -0.179357 0.983647 -0.0873569 -0.97976 -0.180108 -1.7317 29.1749 96.4694</i>
                        <i>0.996028 -0.0890335 0.000590131 -0.0166022 -0.179211 0.983671 -0.0874738 -0.979774 -0.179977 -1.73186 29.1701 96.471</i>
                        <i>0.996017 -0.0891635 0.0007317 -0.0167539 -0.17908 0.983692 -0.0875783 -0.979786 -0.179861 -1.73362 29.1671 96.4726</i>
                        <i>0.996007 -0.0892735 0.00085152 -0.0168823 -0.17897 0.98371 -0.0876668 -0.979796 -0.179762 -1.73348 29.165 96.4725</i>
                        <i>0.995999 -0.0893591 0.000944774 -0.0169822 -0.178884 0.983724 -0.0877357 -0.979804 -0.179685 -1.73253 29.164 96.4705</i>
                        <i>0.995994 -0.0894159 0.00100665 -0.0170485 -0.178827 0.983733 -0.0877814 -0.979809 -0.179635 -1.73315 29.1653 96.4701</i>
                        <i>0.995993 -0.0894202 0.00101129 -0.0170535 -0.178822 0.983734 -0.0877848 -0.979809 -0.179631 -1.73389 29.1676 96.4705</i>
                        <i>0.995999 -0.0893609 0.000946695 -0.0169843 -0.178882 0.983724 -0.0877371 -0.979804 -0.179684 -1.73632 29.17 96.4703</i>
                        <i>0.996009 -0.0892527 0.000828852 -0.016858 -0.178991 0.983706 -0.0876501 -0.979794 -0.179781 -1.73653 29.1706 96.4692</i>
                        <i>0.996022 -0.0891102 0.000673733 -0.0166918 -0.179134 0.983683 -0.0875355 -0.979781 -0.179909 -1.73788 29.173 96.4701</i>
                        <i>0.996036 -0.0889482 0.000497311 -0.0165027 -0.179297 0.983657 -0.0874053 -0.979766 -0.180054 -1.73989 29.173 96.4721</i>
                        <i>0.996051 -0.0887813 0.000315565 -0.0163079 -0.179464 0.983629 -0.0872713 -0.97975 -0.180203 -1.73913 29.1733 96.4724</i>
                        <i>0.996065 -0.0886242 0.000144469 -0.0161244 -0.179622 0.983604 -0.0871451 -0.979736 -0.180344 -1.73801 29.1752 96.4718</i>
                        <i>0.996077 -0.0884915 0 -0.0159695 -0.179755 0.983582 -0.0870386 -0.979723 -0.180463 -1.73711 29.1773 96.4735</i>
                    </KeyFrames>
                </p>
            </i>
            <i>
                <p>
                    <Name><![CDATA[right_gear_hatch]]></Name>
                    <Exclude>0</Exclude>
                    <Additive>0</Additive>
                    <IKPriority>0</IKPriority>
                    <IKRotLimits>-1e+010 -1e+010 -1e+010 1e+010 1e+010 1e+010</IKRotLimits>
                    <IKRotLimitOrder>0</IKRotLimitOrder>
                    <KeyFrames count="31">
                        <i>0.134322 0.990938 9.62623e-017 0.990938 -0.134322 -7.57045e-017 -6.7259e-017 1.1435e-016 -1.08328 -3.40126 29.7841 98.5969</i>
                        <i>0.134166 0.990959 0.000134276 0.990959 -0.134166 -0.000176386 -0.000169832 0.000169779 -1.08328 -3.40563 29.7789 98.5963</i>
                        <i>0.133982 0.990984 0.00029334 0.990984 -0.133982 -0.000385334 -0.000371085 0.000370831 -1.08328 -3.40808 29.7791 98.5978</i>
                        <i>0.133791 0.991009 0.0004586 0.991009 -0.133791 -0.000602422 -0.000580258 0.000579637 -1.08328 -3.40841 29.7859 98.6022</i>
                        <i>0.133615 0.991033 0.000611467 0.991033 -0.133614 -0.000803229 -0.000773815 0.000772711 -1.08328 -3.40898 29.7918 98.6061</i>
                        <i>0.133474 0.991052 0.000733349 0.991052 -0.133473 -0.000963335 -0.000928189 0.000926601 -1.08328 -3.40789 29.7913 98.6073</i>
                        <i>0.13339 0.991063 0.000805655 0.991063 -0.13339 -0.00105832 -0.00101979 0.00101788 -1.08328 -3.40742 29.7925 98.6067</i>
                        <i>0.133386 0.991064 0.000809796 0.991064 -0.133385 -0.00106376 -0.00102504 0.0010231 -1.08328 -3.4078 29.7949 98.6057</i>
                        <i>0.133443 0.991056 0.000760058 0.991056 -0.133442 -0.00099842 -0.000962024 0.000960318 -1.08328 -3.40746 29.7944 98.6048</i>
                        <i>0.133529 0.991045 0.000685658 0.991045 -0.133528 -0.000900688 -0.000867779 0.000866392 -1.08328 -3.40669 29.7935 98.6046</i>
                        <i>0.133639 0.99103 0.000590402 0.99103 -0.133639 -0.000775558 -0.000747138 0.000746109 -1.08328 -3.40594 29.7906 98.6042</i>
                        <i>0.133769 0.991012 0.000478091 0.991012 -0.133769 -0.000628025 -0.000604932 0.000604257 -1.08328 -3.40675 29.7867 98.6019</i>
