<?xml version="1.0" encoding="ISO-8859-1" ?>
<Animl Version="1">
    <ModellingPackage><![CDATA[Maya.2010]]></ModellingPackage>
    <SrcFile><![CDATA[anims\vehicles\blue\~src\air\fighter_f14tomcat\fighter_f14tomcat_minspeed_turn_right.mb]]></SrcFile>
    <FramesPerSecond>30</FramesPerSecond>
    <TotalFrames>31</TotalFrames>
    <Skeleton>
        <RefFrame>
            <Name><![CDATA[f14tomcat_ref_frame]]></Name>
            <Exclude>0</Exclude>
            <Additive>0</Additive>
            <IKPriority>0</IKPriority>
            <IKRotLimits>-1e+010 -1e+010 -1e+010 1e+010 1e+010 1e+010</IKRotLimits>
            <IKRotLimitOrder>0</IKRotLimitOrder>
            <KeyFrames count="31">
                <i>1 0 0 0 1 0 0 0 1 0 26.3054 103.911</i>
                <i>1 0 0 0 1 0 0 0 1 0 26.3054 103.911</i>
                <i>1 0 0 0 1 0 0 0 1 0 26.3054 103.911</i>
                <i>1 0 0 0 1 0 0 0 1 0 26.3054 103.911</i>
                <i>1 0 0 0 1 0 0 0 1 0 26.3054 103.911</i>
                <i>1 0 0 0 1 0 0 0 1 0 26.3054 103.911</i>
                <i>1 0 0 0 1 0 0 0 1 0 26.3054 103.911</i>
                <i>1 0 0 0 1 0 0 0 1 0 26.3054 103.911</i>
                <i>1 0 0 0 1 0 0 0 1 0 26.3054 103.911</i>
                <i>1 0 0 0 1 0 0 0 1 0 26.3054 103.911</i>
                <i>1 0 0 0 1 0 0 0 1 0 26.3054 103.911</i>
                <i>1 0 0 0 1 0 0 0 1 0 26.3054 103.911</i>
                <i>1 0 0 0 1 0 0 0 1 0 26.3054 103.911</i>
                <i>1 0 0 0 1 0 0 0 1 0 26.3054 103.911</i>
                <i>1 0 0 0 1 0 0 0 1 0 26.3054 103.911</i>
                <i>1 0 0 0 1 0 0 0 1 0 26.3054 103.911</i>
                <i>1 0 0 0 1 0 0 0 1 0 26.3054 103.911</i>
                <i>1 0 0 0 1 0 0 0 1 0 26.3054 103.911</i>
                <i>1 0 0 0 1 0 0 0 1 0 26.3054 103.911</i>
                <i>1 0 0 0 1 0 0 0 1 0 26.3054 103.911</i>
                <i>1 0 0 0 1 0 0 0 1 0 26.3054 103.911</i>
                <i>1 0 0 0 1 0 0 0 1 0 26.3054 103.911</i>
                <i>1 0 0 0 1 0 0 0 1 0 26.3054 103.911</i>
                <i>1 0 0 0 1 0 0 0 1 0 26.3054 103.911</i>
                <i>1 0 0 0 1 0 0 0 1 0 26.3054 103.911</i>
                <i>1 0 0 0 1 0 0 0 1 0 26.3054 103.911</i>
                <i>1 0 0 0 1 0 0 0 1 0 26.3054 103.911</i>
                <i>1 0 0 0 1 0 0 0 1 0 26.3054 103.911</i>
                <i>1 0 0 0 1 0 0 0 1 0 26.3054 103.911</i>
                <i>1 0 0 0 1 0 0 0 1 0 26.3054 103.911</i>
                <i>1 0 0 0 1 0 0 0 1 0 26.3054 103.911</i>
            </KeyFrames>
        </RefFrame>
        <Bones count="21">
            <i>
                <p>
                    <Name><![CDATA[f14tomcat_root]]></Name>
                    <Exclude>0</Exclude>
                    <Additive>0</Additive>
                    <IKPriority>0</IKPriority>
                    <IKRotLimits>-1e+010 -1e+010 -1e+010 1e+010 1e+010 1e+010</IKRotLimits>
                    <IKRotLimitOrder>0</IKRotLimitOrder>
                    <KeyFrames count="31">
                        <i>1 6.33989e-005 -6.33989e-005 -6.33949e-005 1 6.33989e-005 6.34029e-005 -6.33949e-005 1 -0.0044117 29.8028 103.912</i>
                        <i>1 -0.000210253 0.000210253 0.000210297 1 -0.000210253 -0.000210208 0.000210297 1 0.00262768 29.8003 103.912</i>
                        <i>1 -0.000526816 0.000526816 0.000527093 1 -0.000526816 -0.000526538 0.000527093 1 7.22098e-005 29.7976 103.912</i>
                        <i>0.999999 -0.000821923 0.000821923 0.000822598 0.999999 -0.000821923 -0.000821247 0.000822598 0.999999 -0.00283655 29.7964 103.912</i>
                        <i>0.999999 -0.00103121 0.00103121 0.00103227 0.999999 -0.00103121 -0.00103014 0.00103227 0.999999 -0.00272077 29.7955 103.912</i>
                        <i>0.999999 -0.0010903 0.0010903 0.00109149 0.999999 -0.0010903 -0.00108911 0.00109149 0.999999 0.00293764 29.7975 103.911</i>
                        <i>0.999999 -0.00103995 0.00103995 0.00104103 0.999999 -0.00103995 -0.00103887 0.00104103 0.999999 0.0108642 29.804 103.912</i>
                        <i>0.999999 -0.000965874 0.000965875 0.000966807 0.999999 -0.000965874 -0.000964941 0.000966807 0.999999 0.0129844 29.8091 103.914</i>
                        <i>0.999999 -0.000871172 0.000871172 0.000871931 0.999999 -0.000871172 -0.000870413 0.000871931 0.999999 0.0134645 29.8112 103.914</i>
                        <i>0.999999 -0.000758936 0.000758936 0.000759512 0.999999 -0.000758936 -0.00075836 0.000759512 0.999999 0.0139656 29.8136 103.914</i>
                        <i>1 -0.000632262 0.000632262 0.000632662 1 -0.000632262 -0.000631862 0.000632662 1 0.00539656 29.8113 103.913</i>
                        <i>1 -0.000494244 0.000494244 0.000494488 1 -0.000494244 -0.000494 0.000494488 1 0.00527222 29.8116 103.915</i>
                        <i>1 -0.000347978 0.000347978 0.000348099 1 -0.000347978 -0.000347856 0.000348099 1 0.00520746 29.8082 103.915</i>
                        <i>1 -0.000196557 0.000196557 0.000196596 1 -0.000196557 -0.000196519 0.000196596 1 0.00405527 29.8062 103.912</i>
                        <i>1 -4.30787e-005 4.30787e-005 4.30806e-005 1 -4.30787e-005 -4.30768e-005 4.30806e-005 1 0.00389646 29.8034 103.912</i>
                        <i>1 0.000109364 -0.000109364 -0.000109352 1 0.000109364 0.000109376 -0.000109352 1 0.00179797 29.8041 103.914</i>
                        <i>1 0.000257675 -0.000257675 -0.000257609 1 0.000257675 0.000257741 -0.000257609 1 0.000818183 29.8073 103.914</i>
                        <i>1 0.00039876 -0.00039876 -0.000398601 1 0.00039876 0.000398919 -0.000398601 1 -0.00663772 29.8097 103.914</i>
                        <i>1 0.000529524 -0.000529524 -0.000529243 1 0.000529524 0.000529804 -0.000529243 1 -0.011056 29.8067 103.913</i>
                        <i>1 0.000646872 -0.000646872 -0.000646453 1 0.000646872 0.00064729 -0.000646453 1 -0.00847136 29.8031 103.91</i>
                        <i>0.999999 0.000747709 -0.000747709 -0.000747149 0.999999 0.000747709 0.000748267 -0.000747149 0.999999 -0.00204749 29.7991 103.908</i>
                        <i>0.999999 0.000828939 -0.00082894 -0.000828252 0.999999 0.000828939 0.000829626 -0.000828252 0.999999 -0.00426136 29.7992 103.908</i>
                        <i>0.999999 0.000887469 -0.00088747 -0.000886682 0.999999 0.000887469 0.000888257 -0.000886682 0.999999 -0.00866657 29.8052 103.91</i>
                        <i>0.999999 0.000914073 -0.000914074 -0.000913238 0.999999 0.000914073 0.000914909 -0.000913238 0.999999 -0.00596752 29.8088 103.913</i>
                        <i>0.999999 0.000902104 -0.000902104 -0.00090129 0.999999 0.000902104 0.000902917 -0.00090129 0.999999 0.000403159 29.8081 103.912</i>
                        <i>0.999999 0.000852331 -0.000852331 -0.000851604 0.999999 0.000852331 0.000853057 -0.000851604 0.999999 0.00696612 29.8067 103.909</i>
                        <i>0.999999 0.000765526 -0.000765526 -0.00076494 0.999999 0.000765526 0.000766112 -0.00076494 0.999999 0.00590964 29.8055 103.909</i>
                        <i>1 0.000642459 -0.000642459 -0.000642047 1 0.000642459 0.000642872 -0.000642047 1 -0.00147975 29.8107 103.91</i>
                        <i>1 0.000483902 -0.000483902 -0.000483668 1 0.000483902 0.000484136 -0.000483668 1 -0.00142341 29.8123 103.911</i>
                        <i>1 0.000290625 -0.000290625 -0.00029054 1 0.000290625 0.000290709 -0.00029054 1 0.00591393 29.8109 103.91</i>
                        <i>1 6.33989e-005 -6.33989e-005 -6.33949e-005 1 6.33989e-005 6.34029e-005 -6.33949e-005 1 0.00335576 29.8116 103.911</i>
                    </KeyFrames>
                </p>
            </i>
            <i>
                <p>
                    <Name><![CDATA[cockpit_hatch]]></Name>
                    <Exclude>0</Exclude>
                    <Additive>0</Additive>
                    <IKPriority>0</IKPriority>
                    <IKRotLimits>-1e+010 -1e+010 -1e+010 1e+010 1e+010 1e+010</IKRotLimits>
                    <IKRotLimitOrder>0</IKRotLimitOrder>
                    <KeyFrames count="31">
                        <i>1 6.33989e-005 -6.33989e-005 -6.33949e-005 1 6.33989e-005 6.34029e-005 -6.33949e-005 1 -0.00427912 31.027 107.228</i>
                        <i>1 -0.000210253 0.000210253 0.000210297 1 -0.000210253 -0.000210208 0.000210297 1 0.00218825 31.0255 107.228</i>
                        <i>1 -0.000526816 0.000526816 0.000527093 1 -0.000526816 -0.000526538 0.000527093 1 -0.00102807 31.0238 107.227</i>
                        <i>0.999999 -0.000821923 0.000821923 0.000822598 0.999999 -0.000821923 -0.000821247 0.000822598 0.999999 -0.00455208 31.0236 107.226</i>
                        <i>0.999999 -0.00103121 0.00103121 0.00103227 0.999999 -0.00103121 -0.00103014 0.00103227 0.999999 -0.00487213 31.0234 107.226</i>
                        <i>0.999999 -0.0010903 0.0010903 0.00109149 0.999999 -0.0010903 -0.00108911 0.00109149 0.999999 0.00066329 31.0256 107.226</i>
                        <i>0.999999 -0.00103995 0.00103995 0.00104103 0.999999 -0.00103995 -0.00103887 0.00104103 0.999999 0.00869469 31.032 107.227</i>
                        <i>0.999999 -0.000965874 0.000965875 0.000966807 0.999999 -0.000965874 -0.000964941 0.000966807 0.999999 0.0109691 31.0368 107.228</i>
                        <i>0.999999 -0.000871172 0.000871172 0.000871931 0.999999 -0.000871172 -0.000870413 0.000871931 0.999999 0.0116464 31.0386 107.229</i>
                        <i>0.999999 -0.000758936 0.000758936 0.000759512 0.999999 -0.000758936 -0.00075836 0.000759512 0.999999 0.0123813 31.0406 107.228</i>
                        <i>1 -0.000632262 0.000632262 0.000632662 1 -0.000632262 -0.000631862 0.000632662 1 0.00407635 31.0379 107.228</i>
                        <i>1 -0.000494244 0.000494244 0.000494488 1 -0.000494244 -0.000494 0.000494488 1 0.0042399 31.0377 107.23</i>
                        <i>1 -0.000347978 0.000347978 0.000348099 1 -0.000347978 -0.000347856 0.000348099 1 0.00448041 31.0338 107.23</i>
                        <i>1 -0.000196557 0.000196557 0.000196596 1 -0.000196557 -0.000196519 0.000196596 1 0.00364446 31.0313 107.228</i>
                        <i>1 -4.30787e-005 4.30787e-005 4.30806e-005 1 -4.30787e-005 -4.30768e-005 4.30806e-005 1 0.0038064 31.028 107.227</i>
                        <i>1 0.000109364 -0.000109364 -0.000109352 1 0.000109364 0.000109376 -0.000109352 1 0.00202669 31.0282 107.229</i>
                        <i>1 0.000257675 -0.000257675 -0.000257609 1 0.000257675 0.000257741 -0.000257609 1 0.00135727 31.0309 107.23</i>
                        <i>1 0.00039876 -0.00039876 -0.000398601 1 0.00039876 0.000398919 -0.000398601 1 -0.00580322 31.0328 107.23</i>
                        <i>1 0.000529524 -0.000529524 -0.000529243 1 0.000529524 0.000529804 -0.000529243 1 -0.00994754 31.0294 107.229</i>
                        <i>1 0.000646872 -0.000646872 -0.000646453 1 0.000646872 0.00064729 -0.000646453 1 -0.00711689 31.0255 107.226</i>
                        <i>0.999999 0.000747709 -0.000747709 -0.000747149 0.999999 0.000747709 0.000748267 -0.000747149 0.999999 -0.000481536 31.0211 107.224</i>
                        <i>0.999999 0.000828939 -0.00082894 -0.000828252 0.999999 0.000828939 0.000829626 -0.000828252 0.999999 -0.00252498 31.021 107.224</i>
                        <i>0.999999 0.000887469 -0.00088747 -0.000886682 0.999999 0.000887469 0.000888257 -0.000886682 0.999999 -0.00680736 31.0268 107.227</i>
                        <i>0.999999 0.000914073 -0.000914074 -0.000913238 0.999999 0.000914073 0.000914909 -0.000913238 0.999999 -0.00405246 31.0302 107.229</i>
                        <i>0.999999 0.000902104 -0.000902104 -0.00090129 0.999999 0.000902104 0.000902917 -0.00090129 0.999999 0.0022931 31.0296 107.229</i>
                        <i>0.999999 0.000852331 -0.000852331 -0.000851604 0.999999 0.000852331 0.000853057 -0.000851604 0.999999 0.00875159 31.0283 107.226</i>
                        <i>0.999999 0.000765526 -0.000765526 -0.00076494 0.999999 0.000765526 0.000766112 -0.00076494 0.999999 0.00751297 31.0274 107.225</i>
                        <i>1 0.000642459 -0.000642459 -0.000642047 1 0.000642459 0.000642872 -0.000642047 1 -0.000134531 31.033 107.226</i>
                        <i>1 0.000483902 -0.000483902 -0.000483668 1 0.000483902 0.000484136 -0.000483668 1 -0.000410539 31.0352 107.227</i>
                        <i>1 0.000290625 -0.000290625 -0.00029054 1 0.000290625 0.000290709 -0.00029054 1 0.006522 31.0344 107.225</i>
                        <i>1 6.33989e-005 -6.33989e-005 -6.33949e-005 1 6.33989e-005 6.34029e-005 -6.33949e-005 1 0.00348834 31.0359 107.227</i>
                    </KeyFrames>
                </p>
            </i>
            <i>
                <p>
                    <Name><![CDATA[left_frontgear_hatch]]></Name>
                    <Exclude>0</Exclude>
                    <Additive>0</Additive>
                    <IKPriority>0</IKPriority>
                    <IKRotLimits>-1e+010 -1e+010 -1e+010 1e+010 1e+010 1e+010</IKRotLimits>
                    <IKRotLimitOrder>0</IKRotLimitOrder>
                    <KeyFrames count="31">
                        <i>0.350888 -0.936418 -8.16113e-005 0.936412 0.350886 0.00331274 -0.00331143 -0.00133474 1.07742 0.694008 29.0252 112.029</i>
                        <i>0.350631 -0.936514 0.000270652 0.936508 0.35063 0.003473 -0.00360657 -0.00103893 1.07742 0.698614 29.0248 112.03</i>
                        <i>0.350335 -0.936624 0.000678153 0.936617 0.350335 0.00365838 -0.00394779 -0.00069654 1.07742 0.693245 29.0244 112.03</i>
                        <i>0.350058 -0.936728 0.00105803 0.93672 0.350059 0.00383119 -0.00426569 -0.000377159 1.07741 0.687714 29.0254 112.03</i>
                        <i>0.349861 -0.936801 0.00132744 0.936792 0.349864 0.00395375 -0.00449102 -0.000150548 1.07741 0.685971 29.026 112.031</i>
                        <i>0.349806 -0.936821 0.00140351 0.936813 0.349809 0.00398836 -0.00455463 -8.65449e-005 1.07741 0.691104 29.0285 112.03</i>
                        <i>0.349853 -0.936804 0.00133869 0.936795 0.349856 0.00395887 -0.00450043 -0.00014108 1.07741 0.699478 29.0347 112.031</i>
                        <i>0.349923 -0.936778 0.00124334 0.93677 0.349925 0.00391549 -0.00442069 -0.000221299 1.07741 0.702256 29.0391 112.032</i>
                        <i>0.350012 -0.936745 0.00112143 0.936737 0.350013 0.00386003 -0.00431873 -0.000323841 1.07741 0.703577 29.0406 112.033</i>
                        <i>0.350117 -0.936706 0.000976954 0.936698 0.350118 0.00379431 -0.00419786 -0.000445343 1.07742 0.705075 29.0422 112.032</i>
                        <i>0.350236 -0.936661 0.00081389 0.936654 0.350236 0.00372013 -0.0040614 -0.000582442 1.07742 0.697632 29.0389 112.031</i>
                        <i>0.350365 -0.936613 0.000636224 0.936606 0.350365 0.0036393 -0.0039127 -0.000731779 1.07742 0.698734 29.0381 112.033</i>
                        <i>0.350502 -0.936562 0.00044794 0.936555 0.350502 0.00355365 -0.00375505 -0.000889996 1.07742 0.69997 29.0337 112.032</i>
                        <i>0.350644 -0.936509 0.000253022 0.936503 0.350643 0.00346498 -0.00359181 -0.00105374 1.07742 0.700164 29.0306 112.03</i>
                        <i>0.350788 -0.936455 5.54538e-005 0.936449 0.350786 0.0033751 -0.00342629 -0.00121966 1.07742 0.70137 29.0266 112.029</i>
                        <i>0.350931 -0.936401 -0.000140781 0.936397 0.350928 0.00328583 -0.00326184 -0.00138441 1.07742 0.700627 29.0262 112.031</i>
                        <i>0.35107 -0.936349 -0.000331697 0.936345 0.351067 0.00319897 -0.0031018 -0.00154464 1.07742 0.700967 29.0283 112.031</i>
                        <i>0.351202 -0.9363 -0.000513311 0.936296 0.351198 0.00311635 -0.00294952 -0.00169703 1.07742 0.694766 29.0296 112.031</i>
                        <i>0.351324 -0.936254 -0.000681639 0.93625 0.35132 0.00303978 -0.00280833 -0.00183823 1.07742 0.691512 29.0256 112.03</i>
                        <i>0.351434 -0.936212 -0.000832698 0.936209 0.35143 0.00297106 -0.0026816 -0.00196491 1.07742 0.695141 29.0212 112.026</i>
                        <i>0.351528 -0.936177 -0.000962501 0.936174 0.351524 0.002912 -0.00257268 -0.00207374 1.07742 0.702463 29.0164 112.024</i>
                        <i>0.351604 -0.936148 -0.00106707 0.936146 0.3516 0.00286443 -0.00248492 -0.00216139 1.07742 0.700972 29.016 112.024</i>
                        <i>0.351658 -0.936128 -0.00114241 0.936126 0.351654 0.00283016 -0.00242168 -0.00222454 1.07742 0.697088 29.0215 112.026</i>
                        <i>0.351683 -0.936118 -0.00117666 0.936116 0.351679 0.00281458 -0.00239293 -0.00225325 1.07742 0.700024 29.0249 112.029</i>
                        <i>0.351672 -0.936123 -0.00116125 0.936121 0.351668 0.00282159 -0.00240586 -0.00224033 1.07742 0.706288 29.0244 112.028</i>
                        <i>0.351626 -0.93614 -0.00109718 0.936138 0.351621 0.00285074 -0.00245965 -0.00218663 1.07742 0.712408 29.0232 112.025</i>
                        <i>0.351544 -0.936171 -0.000985437 0.936168 0.35154 0.00290157 -0.00255343 -0.00209297 1.07742 0.710579 29.0227 112.025</i>
                        <i>0.351429 -0.936214 -0.000827017 0.936211 0.351426 0.00297364 -0.00268637 -0.00196014 1.07742 0.702093 29.0288 112.026</i>
                        <i>0.351281 -0.93627 -0.000622912 0.936266 0.351278 0.00306649 -0.0028576 -0.00178897 1.07742 0.700738 29.0316 112.027</i>
                        <i>0.3511 -0.936338 -0.000374112 0.936333 0.351098 0.00317968 -0.00306624 -0.00158024 1.07742 0.706356 29.0317 112.026</i>
                        <i>0.350888 -0.936418 -8.16113e-005 0.936412 0.350886 0.00331274 -0.00331143 -0.00133474 1.07742 0.701776 29.034 112.028</i>
                    </KeyFrames>
                </p>
            </i>
            <i>
                <p>
                    <Name><![CDATA[right_frontgear_hatch]]></Name>
                    <Exclude>0</Exclude>
                    <Additive>0</Additive>
                    <IKPriority>0</IKPriority>
                    <IKRotLimits>-1e+010 -1e+010 -1e+010 1e+010 1e+010 1e+010</IKRotLimits>
                    <IKRotLimitOrder>0</IKRotLimitOrder>
                    <KeyFrames count="31">
                        <i>0.327988 0.944659 -0.00652255 0.944668 -0.328013 -0.00321562 -0.00557057 -0.00549504 -1.07596 -0.694214 29.0248 112.032</i>
                        <i>0.328248 0.944568 -0.00669128 0.944579 -0.328272 -0.00286734 -0.0052777 -0.00578802 -1.07596 -0.68961 29.0248 112.032</i>
                        <i>0.328549 0.944462 -0.00688647 0.944476 -0.328572 -0.00246444 -0.0049391 -0.00612714 -1.07596 -0.69498 29.0249 112.032</i>
                        <i>0.32883 0.944363 -0.00706842 0.944379 -0.328852 -0.00208885 -0.00462364 -0.00644346 -1.07596 -0.700511 29.0262 112.032</i>
                        <i>0.32903 0.944292 -0.00719746 0.944311 -0.32905 -0.00182249 -0.00440004 -0.00666791 -1.07596 -0.702254 29.0272 112.032</i>
                        <i>0.329086 0.944272 -0.0072339 0.944291 -0.329106 -0.00174728 -0.00433693 -0.0067313 -1.07596 -0.697121 29.0297 112.032</i>
                        <i>0.329038 0.944289 -0.00720285 0.944308 -0.329058 -0.00181137 -0.00439071 -0.00667729 -1.07596 -0.688747 29.0358 112.033</i>
                        <i>0.328967 0.944314 -0.00715718 0.944332 -0.328988 -0.00190564 -0.00446983 -0.00659783 -1.07596 -0.685969 29.0402 112.034</i>
                        <i>0.328877 0.944346 -0.00709879 0.944363 -0.328898 -0.00202617 -0.00457102 -0.00649627 -1.07596 -0.684647 29.0415 112.034</i>
                        <i>0.32877 0.944384 -0.00702959 0.9444 -0.328792 -0.00216902 -0.00469096 -0.00637593 -1.07596 -0.683149 29.0429 112.034</i>
                        <i>0.32865 0.944426 -0.00695148 0.944441 -0.328672 -0.00233024 -0.00482636 -0.00624014 -1.07596 -0.690593 29.0395 112.033</i>
                        <i>0.328518 0.944473 -0.00686638 0.944486 -0.328541 -0.0025059 -0.00497393 -0.00609223 -1.07596 -0.68949 29.0385 112.035</i>
                        <i>0.328379 0.944522 -0.0067762 0.944534 -0.328403 -0.00269206 -0.00513036 -0.00593553 -1.07596 -0.688255 29.0338 112.035</i>
                        <i>0.328235 0.944572 -0.00668284 0.944583 -0.328259 -0.00288477 -0.00529235 -0.00577335 -1.07596 -0.68806 29.0305 112.033</i>
                        <i>0.328089 0.944624 -0.0065882 0.944633 -0.328114 -0.00308011 -0.00545659 -0.00560902 -1.07596 -0.686854 29.0264 112.032</i>
                        <i>0.327944 0.944675 -0.00649421 0.944683 -0.327969 -0.00327412 -0.00561978 -0.00544585 -1.07596 -0.687596 29.0257 112.034</i>
                        <i>0.327803 0.944724 -0.00640276 0.944731 -0.327829 -0.00346288 -0.00577859 -0.00528714 -1.07596 -0.687256 29.0276 112.034</i>
                        <i>0.327669 0.944771 -0.00631577 0.944776 -0.327695 -0.00364244 -0.00592971 -0.00513622 -1.07596 -0.693455 29.0288 112.034</i>
                        <i>0.327545 0.944815 -0.00623514 0.944819 -0.327571 -0.00380887 -0.00606981 -0.00499637 -1.07596 -0.696709 29.0246 112.033</i>
                        <i>0.327433 0.944854 -0.00616278 0.944857 -0.32746 -0.00395822 -0.00619557 -0.0048709 -1.07596 -0.693079 29.02 112.03</i>
                        <i>0.327337 0.944888 -0.00610061 0.944889 -0.327364 -0.00408656 -0.00630365 -0.00476311 -1.07596 -0.685757 29.0151 112.028</i>
                        <i>0.32726 0.944915 -0.00605052 0.944916 -0.327287 -0.00418994 -0.00639074 -0.00467629 -1.07596 -0.687247 29.0145 112.028</i>
                        <i>0.327204 0.944934 -0.00601443 0.944934 -0.327232 -0.00426443 -0.0064535 -0.00461375 -1.07596 -0.691131 29.02 112.03</i>
                        <i>0.327179 0.944943 -0.00599803 0.944943 -0.327206 -0.00429829 -0.00648203 -0.00458532 -1.07596 -0.688195 29.0233 112.033</i>
                        <i>0.327191 0.944939 -0.00600541 0.944939 -0.327218 -0.00428306 -0.00646919 -0.00459811 -1.07596 -0.681931 29.0228 112.032</i>
                        <i>0.327238 0.944923 -0.0060361 0.944923 -0.327265 -0.00421971 -0.00641582 -0.0046513 -1.07596 -0.675811 29.0218 112.029</i>
                        <i>0.32732 0.944894 -0.00608962 0.944895 -0.327347 -0.00410923 -0.00632275 -0.00474407 -1.07596 -0.677641 29.0213 112.029</i>
                        <i>0.327437 0.944853 -0.0061655 0.944855 -0.327464 -0.0039526 -0.00619084 -0.00487562 -1.07596 -0.686127 29.0276 112.03</i>
                        <i>0.327588 0.9448 -0.00626327 0.944804 -0.327614 -0.00375081 -0.00602092 -0.00504516 -1.07596 -0.687483 29.0307 112.031</i>
                        <i>0.327772 0.944735 -0.00638244 0.944741 -0.327798 -0.00350482 -0.00581388 -0.00525189 -1.07596 -0.681866 29.0309 112.03</i>
                        <i>0.327988 0.944659 -0.00652255 0.944668 -0.328013 -0.00321562 -0.00557057 -0.00549504 -1.07596 -0.686447 29.0336 112.031</i>
                    </KeyFrames>
                </p>
            </i>
            <i>
                <p>
                    <Name><![CDATA[front_gear]]></Name>
                    <Exclude>0</Exclude>
                    <Additive>0</Additive>
                    <IKPriority>0</IKPriority>
                    <IKRotLimits>-1e+010 -1e+010 -1e+010 1e+010 1e+010 1e+010</IKRotLimits>
                    <IKRotLimitOrder>0</IKRotLimitOrder>
                    <KeyFrames count="31">
                        <i>1 6.33989e-005 -6.33989e-005 -8.16605e-005 0.352069 -0.935974 -3.7019e-005 0.935974 0.352069 -0.00398142 29.279 110.176</i>
                        <i>1 -0.000210253 0.000210253 0.000270781 0.351812 -0.936071 0.000122842 0.936071 0.351812 0.00120103 29.2783 110.176</i>
                        <i>1 -0.000526816 0.000526816 0.000678379 0.351516 -0.936182 0.000308011 0.936182 0.351516 -0.00350148 29.2775 110.175</i>
                        <i>0.999999 -0.000821923 0.000821923 0.00105825 0.351239 -0.936285 0.000480863 0.936285 0.35124 -0.00841074 29.2781 110.175</i>
                        <i>0.999999 -0.00103121 0.00103121 0.00132758 0.351043 -0.936359 0.000603581 0.936359 0.351044 -0.00971304 29.2785 110.176</i>
                        <i>0.999999 -0.0010903 0.0010903 0.00140362 0.350987 -0.936379 0.000638252 0.93638 0.350988 -0.00445496 29.281 110.175</i>
                        <i>0.999999 -0.00103995 0.00103995 0.00133883 0.351034 -0.936362 0.00060871 0.936362 0.351035 0.00381274 29.2871 110.176</i>
                        <i>0.999999 -0.000965874 0.000965875 0.00124351 0.351104 -0.936336 0.00056526 0.936336 0.351105 0.0064348 29.2917 110.177</i>
                        <i>0.999999 -0.000871172 0.000871172 0.00112163 0.351193 -0.936302 0.000509731 0.936303 0.351193 0.00755659 29.2932 110.178</i>
                        <i>0.999999 -0.000758936 0.000758936 0.000977177 0.351298 -0.936263 0.000443951 0.936263 0.351299 0.00881828 29.295 110.177</i>
                        <i>1 -0.000632262 0.000632262 0.000814123 0.351417 -0.936219 0.000369748 0.936219 0.351417 0.00110794 29.2919 110.177</i>
                        <i>1 -0.000494244 0.000494244 0.000636446 0.351546 -0.93617 0.000288947 0.93617 0.351546 0.00191939 29.2913 110.179</i>
                        <i>1 -0.000347978 0.000347978 0.000448126 0.351683 -0.936119 0.00020337 0.936119 0.351683 0.00284657 29.287 110.178</i>
                        <i>1 -0.000196557 0.000196557 0.000253145 0.351825 -0.936066 0.000114837 0.936066 0.351825 0.00272154 29.284 110.176</i>
                        <i>1 -4.30787e-005 4.30787e-005 5.54845e-005 0.351969 -0.936012 2.51598e-005 0.936012 0.351969 0.00360412 29.2803 110.175</i>
                        <i>1 0.000109364 -0.000109364 -0.000140868 0.352112 -0.935958 -6.38517e-005 0.935958 0.352112 0.00254024 29.28 110.177</i>
                        <i>1 0.000257675 -0.000257675 -0.000331926 0.35225 -0.935906 -0.000150393 0.935906 0.35225 0.0025673 29.2823 110.177</i>
                        <i>1 0.00039876 -0.00039876 -0.000513698 0.352382 -0.935856 -0.000232666 0.935856 0.352382 -0.00393058 29.2838 110.177</i>
                        <i>1 0.000529524 -0.000529524 -0.000682193 0.352504 -0.93581 -0.000308874 0.93581 0.352505 -0.00746074 29.2799 110.176</i>
                        <i>1 0.000646872 -0.000646872 -0.000833419 0.352614 -0.935768 -0.000377226 0.935769 0.352614 -0.0040789 29.2757 110.173</i>
                        <i>0.999999 0.000747709 -0.000747709 -0.000963379 0.352708 -0.935733 -0.000435932 0.935733 0.352709 0.00303012 29.271 110.171</i>
                        <i>0.999999 0.000828939 -0.00082894 -0.00106808 0.352784 -0.935704 -0.000483205 0.935704 0.352785 0.00136826 29.2707 110.171</i>
                        <i>0.999999 0.000887469 -0.00088747 -0.00114353 0.352839 -0.935683 -0.000517257 0.935684 0.35284 -0.00263916 29.2763 110.173</i>
                        <i>0.999999 0.000914073 -0.000914074 -0.00117782 0.352864 -0.935674 -0.000532731 0.935674 0.352864 0.000240725 29.2797 110.176</i>
                        <i>0.999999 0.000902104 -0.000902104 -0.00116239 0.352852 -0.935678 -0.000525769 0.935678 0.352853 0.00653004 29.2791 110.175</i>
                        <i>0.999999 0.000852331 -0.000852331 -0.00109823 0.352806 -0.935696 -0.000496815 0.935696 0.352807 0.0127547 29.2779 110.172</i>
                        <i>0.999999 0.000765526 -0.000765526 -0.000986344 0.352725 -0.935727 -0.000446303 0.935727 0.352726 0.0111083 29.2773 110.172</i>
                        <i>1 0.000642459 -0.000642459 -0.000827732 0.35261 -0.93577 -0.000374657 0.93577 0.35261 0.00288274 29.2832 110.173</i>
                        <i>1 0.000483902 -0.000483902 -0.000623406 0.352462 -0.935826 -0.000282291 0.935826 0.352462 0.00186198 29.2859 110.174</i>
                        <i>1 0.000290625 -0.000290625 -0.000374376 0.352281 -0.935894 -0.000169613 0.935894 0.352281 0.00788677 29.2857 110.173</i>
                        <i>1 6.33989e-005 -6.33989e-005 -8.16605e-005 0.352069 -0.935974 -3.7019e-005 0.935974 0.352069 0.00378604 29.2878 110.174</i>
                    </KeyFrames>
                </p>
            </i>
            <i>
                <p>
                    <Name><![CDATA[left_gear]]></Name>
                    <Exclude>0</Exclude>
                    <Additive>0</Additive>
                    <IKPriority>0</IKPriority>
                    <IKRotLimits>-1e+010 -1e+010 -1e+010 1e+010 1e+010 1e+010</IKRotLimits>
                    <IKRotLimitOrder>0</IKRotLimitOrder>
                    <KeyFrames count="31">
                        <i>0.996071 0.0885547 -5.75399e-005 -0.0121372 0.135877 -0.990651 -0.087719 0.98676 0.136418 1.47343 29.1901 96.5539</i>
                        <i>0.996095 0.0882821 0.000190822 -0.011829 0.135609 -0.990692 -0.0874862 0.986821 0.136124 1.48232 29.1852 96.5544</i>
                        <i>0.996123 0.0879667 0.00047813 -0.0114726 0.135299 -0.990738 -0.0872167 0.986892 0.135784 1.48189 29.1797 96.5544</i>
                        <i>0.996149 0.0876727 0.000745965 -0.0111405 0.13501 -0.990782 -0.0869653 0.986958 0.135467 1.48097 29.1759 96.5552</i>
                        <i>0.996167 0.0874642 0.000935908 -0.0109051 0.134805 -0.990812 -0.0867868 0.987004 0.135242 1.4825 29.1731 96.5559</i>
                        <i>0.996172 0.0874054 0.000989541 -0.0108386 0.134747 -0.990821 -0.0867364 0.987018 0.135178 1.48855 29.1747 96.5554</i>
                        <i>0.996168 0.0874555 0.000943843 -0.0108952 0.134796 -0.990813 -0.0867793 0.987006 0.135232 1.49614 29.1816 96.5562</i>
                        <i>0.996162 0.0875293 0.000876614 -0.0109785 0.134869 -0.990803 -0.0868425 0.98699 0.135312 1.49776 29.1873 96.5574</i>
                        <i>0.996153 0.0876237 0.000790663 -0.0110851 0.134962 -0.990789 -0.0869233 0.986969 0.135414 1.49761 29.1903 96.5577</i>
                        <i>0.996144 0.0877355 0.0006888 -0.0112114 0.135072 -0.990772 -0.0870189 0.986944 0.135534 1.49735 29.1937 96.5568</i>
                        <i>0.996132 0.0878617 0.000573832 -0.0113539 0.135196 -0.990754 -0.0871269 0.986916 0.13567 1.48793 29.1925 96.5563</i>
                        <i>0.99612 0.0879992 0.000448569 -0.0115092 0.135331 -0.990734 -0.0872444 0.986885 0.135819 1.48688 29.194 96.5578</i>
                        <i>0.996108 0.0881449 0.000315819 -0.0116739 0.135474 -0.990712 -0.087369 0.986852 0.135976 1.48583 29.1919 96.5571</i>
                        <i>0.996094 0.0882957 0.000178393 -0.0118444 0.135622 -0.99069 -0.0874978 0.986818 0.136139 1.48365 29.1912 96.5545</i>
                        <i>0.996081 0.0884486 3.90976e-005 -0.0120173 0.135773 -0.990667 -0.0876284 0.986784 0.136304 1.48246 29.1898 96.5536</i>
                        <i>0.996067 0.0886004 -9.92571e-005 -0.012189 0.135922 -0.990645 -0.087758 0.98675 0.136467 1.47933 29.1918 96.5551</i>
                        <i>0.996054 0.0887482 -0.000233862 -0.0123561 0.136067 -0.990623 -0.0878841 0.986717 0.136627 1.47735 29.1963 96.5554</i>
                        <i>0.996041 0.0888887 -0.000361909 -0.0125151 0.136205 -0.990602 -0.088004 0.986685 0.136778 1.46894 29.2 96.5551</i>
                        <i>0.99603 0.0890189 -0.000480588 -0.0126625 0.136333 -0.990582 -0.088115 0.986655 0.136919 1.46364 29.1981 96.5537</i>
                        <i>0.996019 0.0891358 -0.000587092 -0.0127948 0.136447 -0.990565 -0.0882147 0.986629 0.137045 1.46543 29.1956 96.5504</i>
                        <i>0.99601 0.0892362 -0.00067861 -0.0129085 0.136546 -0.99055 -0.0883002 0.986606 0.137153 1.47118 29.1924 96.5481</i>
                        <i>0.996003 0.0893171 -0.000752334 -0.0130002 0.136625 -0.990537 -0.0883692 0.986588 0.13724 1.46841 29.1933 96.5477</i>
                        <i>0.995998 0.0893754 -0.000805455 -0.0130662 0.136682 -0.990529 -0.0884188 0.986575 0.137303 1.46361 29.1998 96.55</i>
                        <i>0.995995 0.0894019 -0.0008296 -0.0130962 0.136708 -0.990525 -0.0884414 0.986569 0.137332 1.46613 29.2036 96.5526</i>
                        <i>0.995996 0.08939 -0.000818737 -0.0130827 0.136697 -0.990526 -0.0884312 0.986572 0.137319 1.47258 29.2029 96.552</i>
                        <i>0.996001 0.0893404 -0.000773563 -0.0130265 0.136648 -0.990534 -0.088389 0.986583 0.137265 1.47948 29.201 96.549</i>
                        <i>0.996009 0.089254 -0.00069478 -0.0129286 0.136563 -0.990547 -0.0883154 0.986602 0.137172 1.47901 29.199 96.549</i>
                        <i>0.99602 0.0891314 -0.000583087 -0.0127899 0.136443 -0.990565 -0.0882109 0.98663 0.13704 1.47245 29.2031 96.5504</i>
                        <i>0.996034 0.0889735 -0.000439183 -0.0126111 0.136288 -0.990589 -0.0880763 0.986666 0.13687 1.47358 29.2034 96.5514</i>
                        <i>0.996051 0.088781 -0.000263767 -0.0123933 0.136099 -0.990618 -0.0879121 0.986709 0.136662 1.48222 29.2002 96.5507</i>
                        <i>0.996071 0.0885547 -5.75399e-005 -0.0121372 0.135877 -0.990651 -0.087719 0.98676 0.136418 1.4812 29.1989 96.5525</i>
                    </KeyFrames>
                </p>
            </i>
            <i>
                <p>
                    <Name><![CDATA[right_gear]]></Name>
                    <Exclude>0</Exclude>
                    <Additive>0</Additive>
                    <IKPriority>0</IKPriority>
                    <IKRotLimits>-1e+010 -1e+010 -1e+010 1e+010 1e+010 1e+010</IKRotLimits>
                    <IKRotLimitOrder>0</IKRotLimitOrder>
                    <KeyFrames count="31">
                        <i>0.996083 -0.0884283 -6.87604e-005 -0.0158957 -0.179819 0.983571 -0.086988 -0.979717 -0.18052 -1.74336 29.1736 96.4736</i>
                        <i>0.996058 -0.0887009 0.000228033 -0.016214 -0.179545 0.983616 -0.0872067 -0.979743 -0.180276 -1.73446 29.1696 96.4732</i>
                        <i>0.99603 -0.0890162 0.000571368 -0.0165821 -0.179228 0.983668 -0.08746 -0.979772 -0.179993 -1.73486 29.165 96.4722</i>
                        <i>0.996004 -0.0893101 0.000891432 -0.0169251 -0.178933 0.983716 -0.0876963 -0.979799 -0.179729 -1.73576 29.1621 96.472</i>
                        <i>0.995985 -0.0895186 0.00111841 -0.0171682 -0.178723 0.98375 -0.087864 -0.979819 -0.179542 -1.73422 29.16 96.472</i>
                        <i>0.995979 -0.0895774 0.00118251 -0.0172369 -0.178664 0.983759 -0.0879113 -0.979824 -0.17949 -1.72816 29.1618 96.4713</i>
                        <i>0.995984 -0.0895273 0.0011279 -0.0171784 -0.178715 0.983751 -0.087871 -0.979819 -0.179535 -1.72058 29.1685 96.4724</i>
                        <i>0.99599 -0.0894535 0.00104756 -0.0170923 -0.178789 0.983739 -0.0878116 -0.979813 -0.179601 -1.71896 29.174 96.4738</i>
                        <i>0.995999 -0.0893592 0.000944846 -0.0169823 -0.178884 0.983724 -0.0877357 -0.979804 -0.179685 -1.71913 29.1767 96.4744</i>
                        <i>0.996009 -0.0892474 0.000823118 -0.0168519 -0.178996 0.983705 -0.0876458 -0.979794 -0.179786 -1.71939 29.1797 96.4739</i>
                        <i>0.996021 -0.0891212 0.000685731 -0.0167047 -0.179123 0.983685 -0.0875444 -0.979782 -0.179899 -1.72882 29.1781 96.4737</i>
                        <i>0.996033 -0.0889838 0.000536041 -0.0165442 -0.179261 0.983662 -0.0874339 -0.979769 -0.180022 -1.72988 29.1792 96.4757</i>
                        <i>0.996046 -0.0888381 0.000377405 -0.0163742 -0.179407 0.983639 -0.0873169 -0.979756 -0.180153 -1.73094 29.1766 96.4754</i>
                        <i>0.996059 -0.0886873 0.00021318 -0.0161981 -0.179559 0.983614 -0.0871958 -0.979741 -0.180288 -1.73312 29.1755 96.4733</i>
                        <i>0.996073 -0.0885344 4.67218e-005 -0.0160196 -0.179712 0.983589 -0.0870731 -0.979727 -0.180425 -1.73433 29.1736 96.473</i>
                        <i>0.996087 -0.0883826 -0.000118613 -0.0158422 -0.179865 0.983564 -0.0869512 -0.979713 -0.180561 -1.73746 29.1752 96.475</i>
                        <i>0.9961 -0.0882348 -0.000279466 -0.0156696 -0.180013 0.983539 -0.0868327 -0.979699 -0.180693 -1.73945 29.1792 96.4757</i>
                        <i>0.996112 -0.0880943 -0.000432483 -0.0155054 -0.180154 0.983516 -0.0867201 -0.979686 -0.180819 -1.74787 29.1824 96.4759</i>
                        <i>0.996123 -0.087964 -0.000574305 -0.0153532 -0.180284 0.983495 -0.0866157 -0.979673 -0.180936 -1.75318 29.1801 96.4749</i>
                        <i>0.996134 -0.0878471 -0.000701577 -0.0152166 -0.180401 0.983475 -0.0865221 -0.979662 -0.181041 -1.7514 29.1772 96.4719</i>
                        <i>0.996143 -0.0877467 -0.000810941 -0.0150992 -0.180502 0.983459 -0.0864416 -0.979653 -0.181131 -1.74566 29.1738 96.4699</i>
                        <i>0.99615 -0.0876658 -0.000899042 -0.0150046 -0.180583 0.983445 -0.0863768 -0.979645 -0.181203 -1.74843 29.1744 96.4698</i>
                        <i>0.996155 -0.0876074 -0.000962522 -0.0149364 -0.180641 0.983436 -0.0863301 -0.97964 -0.181255 -1.75323 29.1807 96.4723</i>
                        <i>0.996157 -0.0875809 -0.000991376 -0.0149054 -0.180668 0.983431 -0.0863089 -0.979637 -0.181279 -1.75071 29.1844 96.475</i>
                        <i>0.996156 -0.0875929 -0.000978393 -0.0149193 -0.180656 0.983433 -0.0863185 -0.979638 -0.181268 -1.74426 29.1837 96.4744</i>
                        <i>0.996152 -0.0876424 -0.000924411 -0.0149773 -0.180606 0.983441 -0.0863582 -0.979643 -0.181224 -1.73736 29.182 96.4712</i>
                        <i>0.996144 -0.0877289 -0.000830265 -0.0150784 -0.18052 0.983456 -0.0864274 -0.979651 -0.181146 -1.73782 29.1803 96.4709</i>
                        <i>0.996133 -0.0878515 -0.000696791 -0.0152217 -0.180397 0.983476 -0.0865256 -0.979663 -0.181037 -1.74437 29.1848 96.4719</i>
                        <i>0.996119 -0.0880095 -0.000524825 -0.0154063 -0.180239 0.983502 -0.0866521 -0.979678 -0.180895 -1.74324 29.1855 96.4725</i>
                        <i>0.996103 -0.088202 -0.000315203 -0.0156313 -0.180046 0.983534 -0.0868064 -0.979696 -0.180723 -1.73458 29.183 96.4711</i>
                        <i>0.996083 -0.0884283 -6.87604e-005 -0.0158957 -0.179819 0.983571 -0.086988 -0.979717 -0.18052 -1.73559 29.1824 96.4722</i>
                    </KeyFrames>
                </p>
            </i>
            <i>
                <p>
                    <Name><![CDATA[right_gear_hatch]]></Name>
                    <Exclude>0</Exclude>
                    <Additive>0</Additive>
                    <IKPriority>0</IKPriority>
                    <IKRotLimits>-1e+010 -1e+010 -1e+010 1e+010 1e+010 1e+010</IKRotLimits>
                    <IKRotLimitOrder>0</IKRotLimitOrder>
                    <KeyFrames count="31">
                        <i>0.134259 0.990946 5.43085e-005 0.990946 -0.134259 -7.13402e-005 -6.8683e-005 6.86743e-005 -1.08328 -3.40753 29.7858 98.6062</i>
                        <i>0.13453 0.990909 -0.000180106 0.990909 -0.13453 0.000236589 0.000227714 -0.00022781 -1.08328 -3.39904 29.7828 98.6052</i>
                        <i>0.134844 0.990867 -0.000451279 0.990867 -0.134844 0.000592804 0.000570388 -0.000570989 -1.08328 -3.39992 29.7795 98.6035</i>
                        <i>0.135137 0.990827 -0.000704072 0.990827 -0.135136 0.000924877 0.00088964 -0.000891104 -1.08328 -3.40127 29.7777 98.6026</i>
                        <i>0.135344 0.990798 -0.000883348 0.990798 -0.135343 0.00116038 0.00111593 -0.00111824 -1.08328 -3.40005 29.7764 98.6022</i>
                        <i>0.135403 0.99079 -0.000933968 0.99079 -0.135402 0.00122687 0.00117981 -0.00118239 -1.08328 -3.39408 29.7783 98.6013</i>
                        <i>0.135353 0.990797 -0.000890837 0.990797 -0.135352 0.00117021 0.00112538 -0.00112773 -1.08328 -3.38642 29.7849 98.6025</i>
                        <i>0.13528 0.990807 -0.000827384 0.990807 -0.135279 0.00108686 0.0010453 -0.00104732 -1.08328 -3.38469 29.7901 98.6041</i>
                        <i>0.135186 0.99082 -0.00074626 0.99082 -0.135185 0.000980295 0.0009429 -0.000944545 -1.08328 -3.38471 29.7924 98.6049</i>
