<?xml version="1.0" encoding="ISO-8859-1" ?>
<Animl Version="1">
    <ModellingPackage><![CDATA[Maya.2010]]></ModellingPackage>
    <SrcFile><![CDATA[anims\vehicles\blue\~src\air\fighter_f14tomcat\fighter_f14tomcat_minspeed_turn_left.mb]]></SrcFile>
    <FramesPerSecond>30</FramesPerSecond>
    <TotalFrames>31</TotalFrames>
    <Skeleton>
        <RefFrame>
            <Name><![CDATA[f14tomcat_ref_frame]]></Name>
            <Exclude>0</Exclude>
            <Additive>0</Additive>
            <IKPriority>0</IKPriority>
            <IKRotLimits>-1e+010 -1e+010 -1e+010 1e+010 1e+010 1e+010</IKRotLimits>
            <IKRotLimitOrder>0</IKRotLimitOrder>
            <KeyFrames count="31">
                <i>1 0 0 0 1 0 0 0 1 0 26.3054 103.911</i>
                <i>1 0 0 0 1 0 0 0 1 0 26.3054 103.911</i>
                <i>1 0 0 0 1 0 0 0 1 0 26.3054 103.911</i>
                <i>1 0 0 0 1 0 0 0 1 0 26.3054 103.911</i>
                <i>1 0 0 0 1 0 0 0 1 0 26.3054 103.911</i>
                <i>1 0 0 0 1 0 0 0 1 0 26.3054 103.911</i>
                <i>1 0 0 0 1 0 0 0 1 0 26.3054 103.911</i>
                <i>1 0 0 0 1 0 0 0 1 0 26.3054 103.911</i>
                <i>1 0 0 0 1 0 0 0 1 0 26.3054 103.911</i>
                <i>1 0 0 0 1 0 0 0 1 0 26.3054 103.911</i>
                <i>1 0 0 0 1 0 0 0 1 0 26.3054 103.911</i>
                <i>1 0 0 0 1 0 0 0 1 0 26.3054 103.911</i>
                <i>1 0 0 0 1 0 0 0 1 0 26.3054 103.911</i>
                <i>1 0 0 0 1 0 0 0 1 0 26.3054 103.911</i>
                <i>1 0 0 0 1 0 0 0 1 0 26.3054 103.911</i>
                <i>1 0 0 0 1 0 0 0 1 0 26.3054 103.911</i>
                <i>1 0 0 0 1 0 0 0 1 0 26.3054 103.911</i>
                <i>1 0 0 0 1 0 0 0 1 0 26.3054 103.911</i>
                <i>1 0 0 0 1 0 0 0 1 0 26.3054 103.911</i>
                <i>1 0 0 0 1 0 0 0 1 0 26.3054 103.911</i>
                <i>1 0 0 0 1 0 0 0 1 0 26.3054 103.911</i>
                <i>1 0 0 0 1 0 0 0 1 0 26.3054 103.911</i>
                <i>1 0 0 0 1 0 0 0 1 0 26.3054 103.911</i>
                <i>1 0 0 0 1 0 0 0 1 0 26.3054 103.911</i>
                <i>1 0 0 0 1 0 0 0 1 0 26.3054 103.911</i>
                <i>1 0 0 0 1 0 0 0 1 0 26.3054 103.911</i>
                <i>1 0 0 0 1 0 0 0 1 0 26.3054 103.911</i>
                <i>1 0 0 0 1 0 0 0 1 0 26.3054 103.911</i>
                <i>1 0 0 0 1 0 0 0 1 0 26.3054 103.911</i>
                <i>1 0 0 0 1 0 0 0 1 0 26.3054 103.911</i>
                <i>1 0 0 0 1 0 0 0 1 0 26.3054 103.911</i>
            </KeyFrames>
        </RefFrame>
        <Bones count="21">
            <i>
                <p>
                    <Name><![CDATA[f14tomcat_root]]></Name>
                    <Exclude>0</Exclude>
                    <Additive>0</Additive>
                    <IKPriority>0</IKPriority>
                    <IKRotLimits>-1e+010 -1e+010 -1e+010 1e+010 1e+010 1e+010</IKRotLimits>
                    <IKRotLimitOrder>0</IKRotLimitOrder>
                    <KeyFrames count="31">
                        <i>1 4.27227e-005 0 -4.27227e-005 1 0 0 0 1 0.00315218 29.8095 103.908</i>
                        <i>1 -0.00014667 0 0.00014667 1 0 0 0 1 0.00271625 29.8087 103.907</i>
                        <i>1 -0.000337528 0 0.000337528 1 0 0 0 1 5.88894e-007 29.8097 103.907</i>
                        <i>1 -0.000519632 0 0.000519632 1 0 0 0 1 -0.00268837 29.8091 103.908</i>
                        <i>1 -0.000682761 0 0.000682761 1 0 0 0 1 -0.00320302 29.8094 103.909</i>
                        <i>1 -0.000816696 0 0.000816696 1 0 0 0 1 -0.00299737 29.8078 103.911</i>
                        <i>1 -0.000911216 0 0.000911216 1 0 0 0 1 -0.000574025 29.8063 103.913</i>
                        <i>1 -0.000956103 0 0.000956103 1 0 0 0 1 -0.00105227 29.8094 103.914</i>
                        <i>1 -0.000941135 0 0.000941135 1 0 0 0 1 -0.000927091 29.8106 103.913</i>
                        <i>1 -0.000872621 0 0.000872621 1 0 0 0 1 0.00294782 29.8072 103.915</i>
                        <i>1 -0.000767751 0 0.000767751 1 0 0 0 1 0.00457638 29.8049 103.914</i>
                        <i>1 -0.000632626 0 0.000632626 1 0 0 0 1 0.0054234 29.8066 103.913</i>
                        <i>1 -0.000473349 0 0.000473349 1 0 0 0 1 0.00593707 29.8072 103.912</i>
                        <i>1 -0.000296021 0 0.000296021 1 0 0 0 1 0.00441327 29.808 103.911</i>
                        <i>1 -0.000106745 0 0.000106745 1 0 0 0 1 0.00376377 29.808 103.912</i>
                        <i>1 8.83774e-005 0 -8.83774e-005 1 0 0 0 1 0.00184382 29.809 103.911</i>
                        <i>1 0.000283244 0 -0.000283244 1 0 0 0 1 0.000364759 29.8065 103.912</i>
                        <i>1 0.000471753 0 -0.000471753 1 0 0 0 1 -0.00220181 29.8085 103.912</i>
                        <i>1 0.000647801 0 -0.000647801 1 0 0 0 1 -0.00659475 29.8071 103.911</i>
                        <i>1 0.000805288 0 -0.000805288 1 0 0 0 1 -0.00910524 29.8038 103.912</i>
                        <i>1 0.000938111 0 -0.000938111 1 0 0 0 1 -0.0109372 29.8062 103.912</i>
                        <i>0.999999 0.00104017 0 -0.00104017 0.999999 0 0 0 1 -0.0111687 29.8106 103.912</i>
                        <i>0.999999 0.00110536 0 -0.00110536 0.999999 0 0 0 1 -0.00762367 29.8118 103.913</i>
                        <i>0.999999 0.00111309 0 -0.00111309 0.999999 0 0 0 1 -0.00245874 29.8088 103.914</i>
                        <i>0.999999 0.0010553 0 -0.0010553 0.999999 0 0 0 1 0.00225431 29.8058 103.914</i>
                        <i>1 0.000944668 0 -0.000944668 1 0 0 0 1 0.00562607 29.8044 103.915</i>
                        <i>1 0.000793876 0 -0.000793876 1 0 0 0 1 0.00493416 29.8018 103.914</i>
                        <i>1 0.000615605 0 -0.000615605 1 0 0 0 1 0.000666621 29.8008 103.91</i>
                        <i>1 0.000422535 0 -0.000422535 1 0 0 0 1 0.000920441 29.8013 103.909</i>
                        <i>1 0.000227347 0 -0.000227347 1 0 0 0 1 0.0039747 29.8038 103.911</i>
                        <i>1 4.27227e-005 0 -4.27227e-005 1 0 0 0 1 0.00180798 29.8001 103.91</i>
                    </KeyFrames>
                </p>
            </i>
            <i>
                <p>
                    <Name><![CDATA[cockpit_hatch]]></Name>
                    <Exclude>0</Exclude>
                    <Additive>0</Additive>
                    <IKPriority>0</IKPriority>
                    <IKRotLimits>-1e+010 -1e+010 -1e+010 1e+010 1e+010 1e+010</IKRotLimits>
                    <IKRotLimitOrder>0</IKRotLimitOrder>
                    <KeyFrames count="31">
                        <i>1 4.27227e-005 0 -4.27227e-005 1 0 0 0 1 0.00309987 31.034 107.223</i>
                        <i>1 -0.00014667 0 0.00014667 1 0 0 0 1 0.00289584 31.0332 107.223</i>
                        <i>1 -0.000337528 0 0.000337528 1 0 0 0 1 0.000413884 31.0341 107.222</i>
                        <i>1 -0.000519632 0 0.000519632 1 0 0 0 1 -0.00205209 31.0335 107.223</i>
                        <i>1 -0.000682761 0 0.000682761 1 0 0 0 1 -0.00236699 31.0339 107.225</i>
                        <i>1 -0.000816696 0 0.000816696 1 0 0 0 1 -0.00199734 31.0323 107.226</i>
                        <i>1 -0.000911216 0 0.000911216 1 0 0 0 1 0.000541739 31.0308 107.229</i>
                        <i>1 -0.000956103 0 0.000956103 1 0 0 0 1 0.000118461 31.0339 107.229</i>
                        <i>1 -0.000941135 0 0.000941135 1 0 0 0 1 0.000225308 31.0351 107.229</i>
                        <i>1 -0.000872621 0 0.000872621 1 0 0 0 1 0.00401632 31.0317 107.23</i>
                        <i>1 -0.000767751 0 0.000767751 1 0 0 0 1 0.00551647 31.0294 107.23</i>
                        <i>1 -0.000632626 0 0.000632626 1 0 0 0 1 0.00619804 31.0311 107.228</i>
                        <i>1 -0.000473349 0 0.000473349 1 0 0 0 1 0.00651667 31.0317 107.228</i>
                        <i>1 -0.000296021 0 0.000296021 1 0 0 0 1 0.00477574 31.0325 107.227</i>
                        <i>1 -0.000106745 0 0.000106745 1 0 0 0 1 0.00389448 31.0325 107.227</i>
                        <i>1 8.83774e-005 0 -8.83774e-005 1 0 0 0 1 0.00173561 31.0334 107.227</i>
                        <i>1 0.000283244 0 -0.000283244 1 0 0 0 1 1.79334e-005 31.031 107.227</i>
                        <i>1 0.000471753 0 -0.000471753 1 0 0 0 1 -0.00277946 31.0329 107.227</i>
                        <i>1 0.000647801 0 -0.000647801 1 0 0 0 1 -0.00738797 31.0316 107.227</i>
                        <i>1 0.000805288 0 -0.000805288 1 0 0 0 1 -0.0100913 31.0282 107.227</i>
                        <i>1 0.000938111 0 -0.000938111 1 0 0 0 1 -0.0120859 31.0307 107.227</i>
                        <i>0.999999 0.00104017 0 -0.00104017 0.999999 0 0 0 1 -0.0124424 31.0351 107.227</i>
                        <i>0.999999 0.00110536 0 -0.00110536 0.999999 0 0 0 1 -0.00897715 31.0363 107.228</i>
                        <i>0.999999 0.00111309 0 -0.00111309 0.999999 0 0 0 1 -0.00382169 31.0332 107.229</i>
                        <i>0.999999 0.0010553 0 -0.0010553 0.999999 0 0 0 1 0.000962125 31.0303 107.23</i>
                        <i>1 0.000944668 0 -0.000944668 1 0 0 0 1 0.00446934 31.0289 107.23</i>
                        <i>1 0.000793876 0 -0.000793876 1 0 0 0 1 0.00396208 31.0263 107.229</i>
                        <i>1 0.000615605 0 -0.000615605 1 0 0 0 1 -8.71729e-005 31.0252 107.226</i>
                        <i>1 0.000422535 0 -0.000422535 1 0 0 0 1 0.000403057 31.0258 107.225</i>
                        <i>1 0.000227347 0 -0.000227347 1 0 0 0 1 0.00369632 31.0283 107.226</i>
                        <i>1 4.27227e-005 0 -4.27227e-005 1 0 0 0 1 0.00175567 31.0246 107.226</i>
                    </KeyFrames>
                </p>
            </i>
            <i>
                <p>
                    <Name><![CDATA[left_frontgear_hatch]]></Name>
                    <Exclude>0</Exclude>
                    <Additive>0</Additive>
                    <IKPriority>0</IKPriority>
                    <IKRotLimits>-1e+010 -1e+010 -1e+010 1e+010 1e+010 1e+010</IKRotLimits>
                    <IKRotLimitOrder>0</IKRotLimitOrder>
                    <KeyFrames count="31">
                        <i>0.350868 -0.936425 0 0.93642 0.350866 0.00334987 -0.00337977 -0.00126636 1.07742 0.701042 29.0324 112.025</i>
                        <i>0.350691 -0.936491 0 0.936486 0.350689 0.00334987 -0.00338001 -0.00126572 1.07742 0.700459 29.0315 112.024</i>
                        <i>0.350512 -0.936558 0 0.936553 0.35051 0.00334987 -0.00338025 -0.00126508 1.07742 0.697595 29.0323 112.024</i>
                        <i>0.350342 -0.936622 0 0.936617 0.35034 0.00334987 -0.00338048 -0.00126446 1.07742 0.694764 29.0316 112.025</i>
                        <i>0.350189 -0.936679 0 0.936674 0.350187 0.00334987 -0.00338069 -0.00126391 1.07742 0.694122 29.0318 112.026</i>
                        <i>0.350063 -0.936726 0 0.936721 0.350061 0.00334987 -0.00338086 -0.00126346 1.07742 0.694224 29.0301 112.028</i>
                        <i>0.349975 -0.936759 0 0.936754 0.349973 0.00334987 -0.00338098 -0.00126314 1.07742 0.696574 29.0285 112.03</i>
                        <i>0.349933 -0.936775 0 0.936769 0.349931 0.00334987 -0.00338104 -0.00126299 1.07742 0.696061 29.0316 112.031</i>
                        <i>0.349947 -0.93677 0 0.936764 0.349945 0.00334987 -0.00338102 -0.00126304 1.07742 0.696198 29.0329 112.03</i>
                        <i>0.350011 -0.936746 0 0.93674 0.350009 0.00334987 -0.00338093 -0.00126327 1.07742 0.700126 29.0295 112.032</i>
                        <i>0.350109 -0.936709 0 0.936704 0.350107 0.00334987 -0.0033808 -0.00126362 1.07742 0.701836 29.0273 112.032</i>
                        <i>0.350236 -0.936662 0 0.936656 0.350234 0.00334987 -0.00338063 -0.00126408 1.07742 0.702788 29.0291 112.03</i>
                        <i>0.350385 -0.936606 0 0.9366 0.350383 0.00334987 -0.00338043 -0.00126462 1.07742 0.703425 29.0298 112.029</i>
                        <i>0.350551 -0.936544 0 0.936538 0.350549 0.00334987 -0.0033802 -0.00126522 1.07742 0.702039 29.0307 112.028</i>
                        <i>0.350728 -0.936477 0 0.936472 0.350726 0.00334987 -0.00337996 -0.00126586 1.07742 0.701537 29.0309 112.029</i>
                        <i>0.350911 -0.936409 0 0.936404 0.350909 0.00334987 -0.00337971 -0.00126652 1.07742 0.699769 29.0319 112.029</i>
                        <i>0.351094 -0.93634 0 0.936335 0.351092 0.00334987 -0.00337947 -0.00126718 1.07742 0.698441 29.0296 112.029</i>
                        <i>0.35127 -0.936274 0 0.936269 0.351268 0.00334987 -0.00337923 -0.00126781 1.07742 0.696021 29.0317 112.029</i>
                        <i>0.351435 -0.936212 0 0.936207 0.351433 0.00334987 -0.00337901 -0.00126841 1.07742 0.691765 29.0305 112.028</i>
                        <i>0.351582 -0.936157 0 0.936152 0.35158 0.00334987 -0.00337881 -0.00126894 1.07742 0.689377 29.0272 112.029</i>
                        <i>0.351707 -0.93611 0 0.936105 0.351705 0.00334987 -0.00337864 -0.00126939 1.07742 0.687648 29.0298 112.029</i>
                        <i>0.351802 -0.936074 0 0.936069 0.3518 0.00334987 -0.00337851 -0.00126973 1.07742 0.687495 29.0343 112.029</i>
                        <i>0.351863 -0.936051 0 0.936046 0.351861 0.00334987 -0.00337842 -0.00126996 1.07742 0.691091 29.0355 112.03</i>
                        <i>0.35187 -0.936049 0 0.936043 0.351868 0.00334987 -0.00337841 -0.00126998 1.07742 0.696262 29.0324 112.031</i>
                        <i>0.351816 -0.936069 0 0.936064 0.351814 0.00334987 -0.00337849 -0.00126979 1.07742 0.70093 29.0294 112.032</i>
                        <i>0.351713 -0.936108 0 0.936103 0.351711 0.00334987 -0.00337863 -0.00126941 1.07742 0.704216 29.028 112.032</i>
                        <i>0.351572 -0.936161 0 0.936156 0.35157 0.00334987 -0.00337882 -0.0012689 1.07742 0.703407 29.0253 112.031</i>
                        <i>0.351405 -0.936224 0 0.936218 0.351403 0.00334987 -0.00337905 -0.0012683 1.07742 0.699001 29.0241 112.027</i>
                        <i>0.351224 -0.936292 0 0.936286 0.351222 0.00334987 -0.00337929 -0.00126765 1.07742 0.699105 29.0245 112.026</i>
                        <i>0.351041 -0.93636 0 0.936355 0.351039 0.00334987 -0.00337954 -0.00126699 1.07742 0.702008 29.0268 112.028</i>
                        <i>0.350868 -0.936425 0 0.93642 0.350866 0.00334987 -0.00337977 -0.00126636 1.07742 0.699697 29.023 112.027</i>
                    </KeyFrames>
                </p>
            </i>
            <i>
                <p>
                    <Name><![CDATA[right_frontgear_hatch]]></Name>
                    <Exclude>0</Exclude>
                    <Additive>0</Additive>
                    <IKPriority>0</IKPriority>
                    <IKRotLimits>-1e+010 -1e+010 -1e+010 1e+010 1e+010 1e+010</IKRotLimits>
                    <IKRotLimitOrder>0</IKRotLimitOrder>
                    <KeyFrames count="31">
                        <i>0.328008 0.944652 -0.00656164 0.944661 -0.328033 -0.00313493 -0.00550247 -0.00556314 -1.07596 -0.687181 29.0321 112.028</i>
                        <i>0.328187 0.94459 -0.00656164 0.944599 -0.328212 -0.00313493 -0.00550352 -0.0055621 -1.07596 -0.687765 29.0314 112.027</i>
                        <i>0.328367 0.944527 -0.00656164 0.944536 -0.328392 -0.00313493 -0.00550458 -0.00556105 -1.07596 -0.690629 29.0325 112.027</i>
                        <i>0.328539 0.944468 -0.00656164 0.944477 -0.328564 -0.00313493 -0.00550559 -0.00556004 -1.07596 -0.693459 29.032 112.028</i>
                        <i>0.328693 0.944414 -0.00656164 0.944423 -0.328718 -0.00313493 -0.0055065 -0.00555915 -1.07596 -0.6941 29.0325 112.029</i>
                        <i>0.32882 0.94437 -0.00656164 0.944379 -0.328844 -0.00313493 -0.00550724 -0.00555841 -1.07596 -0.693999 29.031 112.031</i>
                        <i>0.328909 0.944339 -0.00656164 0.944348 -0.328934 -0.00313493 -0.00550777 -0.00555789 -1.07596 -0.691649 29.0295 112.033</i>
                        <i>0.328951 0.944324 -0.00656164 0.944333 -0.328976 -0.00313493 -0.00550802 -0.00555764 -1.07596 -0.692162 29.0327 112.034</i>
                        <i>0.328937 0.944329 -0.00656164 0.944338 -0.328962 -0.00313493 -0.00550794 -0.00555772 -1.07596 -0.692025 29.0339 112.033</i>
                        <i>0.328872 0.944352 -0.00656164 0.94436 -0.328897 -0.00313493 -0.00550756 -0.0055581 -1.07596 -0.688097 29.0304 112.035</i>
                        <i>0.328773 0.944386 -0.00656164 0.944395 -0.328798 -0.00313493 -0.00550697 -0.00555868 -1.07596 -0.686387 29.028 112.034</i>
                        <i>0.328646 0.94443 -0.00656164 0.944439 -0.328671 -0.00313493 -0.00550622 -0.00555942 -1.07596 -0.685435 29.0297 112.033</i>
                        <i>0.328495 0.944483 -0.00656164 0.944492 -0.32852 -0.00313493 -0.00550534 -0.0055603 -1.07596 -0.684798 29.0301 112.032</i>
                        <i>0.328328 0.944541 -0.00656164 0.94455 -0.328353 -0.00313493 -0.00550435 -0.00556127 -1.07596 -0.686184 29.0308 112.031</i>
                        <i>0.328149 0.944603 -0.00656164 0.944612 -0.328174 -0.00313493 -0.0055033 -0.00556232 -1.07596 -0.686686 29.0307 112.032</i>
                        <i>0.327965 0.944667 -0.00656164 0.944676 -0.32799 -0.00313493 -0.00550221 -0.00556339 -1.07596 -0.688454 29.0315 112.032</i>
                        <i>0.327781 0.944731 -0.00656164 0.94474 -0.327805 -0.00313493 -0.00550113 -0.00556446 -1.07596 -0.689782 29.0289 112.032</i>
                        <i>0.327603 0.944793 -0.00656164 0.944802 -0.327627 -0.00313493 -0.00550008 -0.0055655 -1.07596 -0.692202 29.0307 112.032</i>
                        <i>0.327436 0.944851 -0.00656164 0.944859 -0.327461 -0.00313493 -0.0054991 -0.00556647 -1.07596 -0.696458 29.0293 112.031</i>
                        <i>0.327287 0.944902 -0.00656164 0.944911 -0.327312 -0.00313493 -0.00549822 -0.00556733 -1.07596 -0.698846 29.0258 112.032</i>
                        <i>0.327162 0.944946 -0.00656164 0.944955 -0.327187 -0.00313493 -0.00549748 -0.00556806 -1.07596 -0.700575 29.0282 112.032</i>
                        <i>0.327065 0.944979 -0.00656164 0.944988 -0.32709 -0.00313493 -0.00549691 -0.00556862 -1.07596 -0.700727 29.0325 112.032</i>
                        <i>0.327004 0.945 -0.00656164 0.945009 -0.327029 -0.00313493 -0.00549655 -0.00556898 -1.07596 -0.697131 29.0337 112.033</i>
                        <i>0.326997 0.945003 -0.00656164 0.945012 -0.327021 -0.00313493 -0.00549651 -0.00556903 -1.07596 -0.69196 29.0306 112.034</i>
                        <i>0.327051 0.944984 -0.00656164 0.944993 -0.327076 -0.00313493 -0.00549683 -0.00556871 -1.07596 -0.687292 29.0277 112.034</i>
                        <i>0.327156 0.944948 -0.00656164 0.944957 -0.327181 -0.00313493 -0.00549745 -0.0055681 -1.07596 -0.684006 29.0263 112.035</i>
                        <i>0.327298 0.944898 -0.00656164 0.944907 -0.327323 -0.00313493 -0.00549829 -0.00556727 -1.07596 -0.684815 29.0239 112.034</i>
                        <i>0.327467 0.94484 -0.00656164 0.944849 -0.327491 -0.00313493 -0.00549928 -0.00556629 -1.07596 -0.689222 29.0229 112.03</i>
                        <i>0.327649 0.944777 -0.00656164 0.944786 -0.327674 -0.00313493 -0.00550035 -0.00556523 -1.07596 -0.689118 29.0236 112.029</i>
                        <i>0.327833 0.944713 -0.00656164 0.944722 -0.327858 -0.00313493 -0.00550144 -0.00556416 -1.07596 -0.686215 29.0262 112.031</i>
                        <i>0.328008 0.944652 -0.00656164 0.944661 -0.328033 -0.00313493 -0.00550247 -0.00556314 -1.07596 -0.688526 29.0227 112.03</i>
                    </KeyFrames>
                </p>
            </i>
            <i>
                <p>
                    <Name><![CDATA[front_gear]]></Name>
                    <Exclude>0</Exclude>
                    <Additive>0</Additive>
                    <IKPriority>0</IKPriority>
                    <IKRotLimits>-1e+010 -1e+010 -1e+010 1e+010 1e+010 1e+010</IKRotLimits>
                    <IKRotLimitOrder>0</IKRotLimitOrder>
                    <KeyFrames count="31">
                        <i>1 4.27227e-005 0 -1.50388e-005 0.352009 -0.935997 -3.99883e-005 0.935997 0.352009 0.00317454 29.2861 110.171</i>
                        <i>1 -0.00014667 0 5.16291e-005 0.352009 -0.935997 0.000137282 0.935997 0.352009 0.00263948 29.2853 110.17</i>
                        <i>1 -0.000337528 0 0.000118813 0.352009 -0.935997 0.000315925 0.935996 0.352009 -0.000176077 29.2863 110.17</i>
                        <i>1 -0.000519632 0 0.000182915 0.352009 -0.935997 0.000486373 0.935996 0.352009 -0.00296035 29.2856 110.171</i>
                        <i>1 -0.000682761 0 0.000240338 0.352009 -0.935997 0.000639062 0.935996 0.352009 -0.00356038 29.286 110.172</i>
                        <i>1 -0.000816696 0 0.000287484 0.352009 -0.935997 0.000764424 0.935996 0.352009 -0.00342484 29.2844 110.174</i>
                        <i>1 -0.000911216 0 0.000320757 0.352009 -0.935997 0.000852895 0.935996 0.352009 -0.00105096 29.2829 110.176</i>
                        <i>1 -0.000956103 0 0.000336557 0.352009 -0.935997 0.000894909 0.935996 0.352009 -0.0015527 29.286 110.177</i>
                        <i>1 -0.000941135 0 0.000331288 0.352009 -0.935997 0.000880899 0.935996 0.352009 -0.00141969 29.2872 110.176</i>
                        <i>1 -0.000872621 0 0.000307171 0.352009 -0.935997 0.000816771 0.935996 0.352009 0.00249108 29.2838 110.178</i>
                        <i>1 -0.000767751 0 0.000270255 0.352009 -0.935997 0.000718612 0.935996 0.352009 0.00417453 29.2815 110.178</i>
                        <i>1 -0.000632626 0 0.00022269 0.352009 -0.935997 0.000592136 0.935996 0.352009 0.00509228 29.2832 110.176</i>
                        <i>1 -0.000473349 0 0.000166623 0.352009 -0.935997 0.000443053 0.935996 0.352009 0.00568931 29.2838 110.175</i>
                        <i>1 -0.000296021 0 0.000104202 0.352009 -0.935997 0.000277075 0.935996 0.352009 0.00425833 29.2846 110.174</i>
                        <i>1 -0.000106745 0 3.75753e-005 0.352009 -0.935997 9.9913e-005 0.935997 0.352009 0.0037079 29.2846 110.175</i>
                        <i>1 8.83774e-005 0 -3.11097e-005 0.352009 -0.935997 -8.2721e-005 0.935997 0.352009 0.00189008 29.2856 110.175</i>
                        <i>1 0.000283244 0 -9.97044e-005 0.352009 -0.935997 -0.000265115 0.935996 0.352009 0.000513012 29.2831 110.175</i>
                        <i>1 0.000471753 0 -0.000166061 0.352009 -0.935997 -0.000441559 0.935996 0.352009 -0.00195489 29.2851 110.175</i>
                        <i>1 0.000647801 0 -0.000228032 0.352009 -0.935997 -0.00060634 0.935996 0.352009 -0.00625569 29.2837 110.174</i>
                        <i>1 0.000805288 0 -0.000283469 0.352009 -0.935997 -0.000753747 0.935996 0.352009 -0.00868375 29.2804 110.175</i>
                        <i>1 0.000938111 0 -0.000330224 0.352009 -0.935997 -0.000878069 0.935996 0.352009 -0.0104462 29.2828 110.175</i>
                        <i>0.999999 0.00104017 0 -0.000366149 0.352009 -0.935997 -0.000973594 0.935996 0.352009 -0.0106243 29.2872 110.175</i>
                        <i>0.999999 0.00110536 0 -0.000389096 0.352009 -0.935997 -0.00103461 0.935996 0.352009 -0.00704511 29.2884 110.176</i>
                        <i>0.999999 0.00111309 0 -0.000391818 0.352009 -0.935997 -0.00104185 0.935996 0.352009 -0.00187614 29.2854 110.177</i>
                        <i>0.999999 0.0010553 0 -0.000371475 0.352009 -0.935997 -0.000987757 0.935996 0.352009 0.00280667 29.2824 110.178</i>
                        <i>1 0.000944668 0 -0.000332532 0.352009 -0.935997 -0.000884206 0.935996 0.352009 0.00612052 29.281 110.178</i>
                        <i>1 0.000793876 0 -0.000279452 0.352009 -0.935997 -0.000743065 0.935996 0.352009 0.00534969 29.2784 110.177</i>
                        <i>1 0.000615605 0 -0.000216698 0.352009 -0.935997 -0.000576204 0.935996 0.352009 0.000988835 29.2774 110.173</i>
                        <i>1 0.000422535 0 -0.000148736 0.352009 -0.935997 -0.000395491 0.935996 0.352009 0.0011416 29.2779 110.173</i>
                        <i>1 0.000227347 0 -8.00282e-005 0.352009 -0.935997 -0.000212796 0.935997 0.352009 0.0040937 29.2804 110.174</i>
                        <i>1 4.27227e-005 0 -1.50388e-005 0.352009 -0.935997 -3.99883e-005 0.935997 0.352009 0.00183034 29.2767 110.174</i>
                    </KeyFrames>
                </p>
            </i>
            <i>
                <p>
                    <Name><![CDATA[left_gear]]></Name>
                    <Exclude>0</Exclude>
                    <Additive>0</Additive>
                    <IKPriority>0</IKPriority>
                    <IKRotLimits>-1e+010 -1e+010 -1e+010 1e+010 1e+010 1e+010</IKRotLimits>
                    <IKRotLimitOrder>0</IKRotLimitOrder>
                    <KeyFrames count="31">
                        <i>0.996073 0.0885341 -6.93889e-018 -0.0120716 0.135814 -0.990661 -0.0877072 0.986771 0.13635 1.48145 29.1963 96.5495</i>
                        <i>0.99609 0.0883454 -6.93889e-018 -0.0120459 0.135817 -0.990661 -0.0875203 0.986787 0.13635 1.4809 29.1952 96.5488</i>
                        <i>0.996107 0.0881553 -6.93889e-018 -0.01202 0.135819 -0.990661 -0.087332 0.986804 0.13635 1.47807 29.1959 96.5484</i>
                        <i>0.996123 0.0879739 -6.93889e-018 -0.0119952 0.135821 -0.990661 -0.0871523 0.98682 0.13635 1.47526 29.1951 96.5493</i>
                        <i>0.996137 0.0878114 -6.93889e-018 -0.0119731 0.135823 -0.990661 -0.0869913 0.986834 0.13635 1.47465 29.1952 96.5509</i>
                        <i>0.996149 0.087678 -6.93889e-018 -0.0119549 0.135825 -0.990661 -0.0868591 0.986846 0.13635 1.47477 29.1934 96.5525</i>
                        <i>0.996157 0.0875838 -6.93889e-018 -0.011942 0.135826 -0.990661 -0.0867658 0.986854 0.13635 1.47714 29.1917 96.5548</i>
                        <i>0.996161 0.0875391 -6.93889e-018 -0.0119359 0.135826 -0.990661 -0.0867216 0.986858 0.13635 1.47663 29.1948 96.5551</i>
                        <i>0.99616 0.087554 -6.93889e-018 -0.011938 0.135826 -0.990661 -0.0867363 0.986856 0.13635 1.47677 29.196 96.5548</i>
                        <i>0.996154 0.0876223 -6.93889e-018 -0.0119473 0.135825 -0.990661 -0.0868039 0.986851 0.13635 1.48068 29.1927 96.5562</i>
                        <i>0.996145 0.0877267 -6.93889e-018 -0.0119615 0.135824 -0.990661 -0.0869074 0.986841 0.13635 1.48238 29.1905 96.556</i>
                        <i>0.996133 0.0878613 -6.93889e-018 -0.0119799 0.135822 -0.990661 -0.0870408 0.98683 0.13635 1.48331 29.1925 96.5542</i>
                        <i>0.996119 0.08802 -6.93889e-018 -0.0120015 0.135821 -0.990661 -0.087198 0.986816 0.13635 1.48392 29.1933 96.5537</i>
                        <i>0.996103 0.0881966 -6.93889e-018 -0.0120256 0.135818 -0.990661 -0.0873729 0.9868 0.13635 1.4825 29.1943 96.5528</i>
                        <i>0.996086 0.0883852 -6.93889e-018 -0.0120513 0.135816 -0.990661 -0.0875597 0.986784 0.13635 1.48197 29.1946 96.5532</i>
                        <i>0.996069 0.0885795 -6.93889e-018 -0.0120778 0.135814 -0.990661 -0.0877523 0.986767 0.13635 1.48017 29.1959 96.5531</i>
                        <i>0.996052 0.0887736 -6.93889e-018 -0.0121043 0.135811 -0.990661 -0.0879445 0.986749 0.13635 1.47881 29.1937 96.5536</i>
                        <i>0.996035 0.0889614 -6.93889e-018 -0.0121299 0.135809 -0.990661 -0.0881306 0.986733 0.13635 1.47636 29.1959 96.5535</i>
                        <i>0.996019 0.0891367 -6.93889e-018 -0.0121538 0.135807 -0.990661 -0.0883043 0.986717 0.13635 1.47207 29.1949 96.5529</i>
                        <i>0.996005 0.0892936 -6.93889e-018 -0.0121752 0.135805 -0.990661 -0.0884597 0.986703 0.13635 1.46966 29.1917 96.5533</i>
                        <i>0.995993 0.0894259 -6.93889e-018 -0.0121932 0.135804 -0.990661 -0.0885907 0.986692 0.13635 1.46791 29.1944 96.5535</i>
                        <i>0.995984 0.0895275 -6.93889e-018 -0.0122071 0.135802 -0.990661 -0.0886914 0.986683 0.13635 1.46774 29.1989 96.5534</i>
                        <i>0.995979 0.0895925 -6.93889e-018 -0.0122159 0.135801 -0.990661 -0.0887557 0.986677 0.13635 1.47133 29.2002 96.5545</i>
                        <i>0.995978 0.0896002 -6.93889e-018 -0.012217 0.135801 -0.990661 -0.0887634 0.986676 0.13635 1.47649 29.1972 96.5552</i>
                        <i>0.995983 0.0895426 -6.93889e-018 -0.0122091 0.135802 -0.990661 -0.0887063 0.986681 0.13635 1.48117 29.1941 96.556</i>
                        <i>0.995993 0.0894324 -6.93889e-018 -0.0121941 0.135803 -0.990661 -0.0885972 0.986691 0.13635 1.48448 29.1926 96.5566</i>
                        <i>0.996006 0.0892822 -6.93889e-018 -0.0121736 0.135805 -0.990661 -0.0884484 0.986704 0.13635 1.48369 29.1898 96.5551</i>
                        <i>0.996022 0.0891047 -6.93889e-018 -0.0121494 0.135807 -0.990661 -0.0882725 0.98672 0.13635 1.47932 29.1884 96.5517</i>
                        <i>0.99604 0.0889124 -6.93889e-018 -0.0121232 0.13581 -0.990661 -0.088082 0.986737 0.13635 1.47945 29.1887 96.5509</i>
                        <i>0.996057 0.088718 -6.93889e-018 -0.0120967 0.135812 -0.990661 -0.0878894 0.986754 0.13635 1.48239 29.1909 96.5523</i>
                        <i>0.996073 0.0885341 -6.93889e-018 -0.0120716 0.135814 -0.990661 -0.0877072 0.986771 0.13635 1.48011 29.1869 96.5519</i>
                    </KeyFrames>
                </p>
            </i>
            <i>
                <p>
                    <Name><![CDATA[right_gear]]></Name>
                    <Exclude>0</Exclude>
                    <Additive>0</Additive>
                    <IKPriority>0</IKPriority>
                    <IKRotLimits>-1e+010 -1e+010 -1e+010 1e+010 1e+010 1e+010</IKRotLimits>
                    <IKRotLimitOrder>0</IKRotLimitOrder>
                    <KeyFrames count="31">
                        <i>0.996081 -0.0884489 0 -0.0159618 -0.179756 0.983582 -0.0869968 -0.979727 -0.180463 -1.73534 29.1799 96.4689</i>
                        <i>0.996064 -0.0886376 0 -0.0159958 -0.179753 0.983582 -0.0871823 -0.97971 -0.180463 -1.73589 29.1794 96.4683</i>
                        <i>0.996047 -0.0888277 0 -0.0160301 -0.17975 0.983582 -0.0873693 -0.979694 -0.180463 -1.73873 29.1807 96.4679</i>
                        <i>0.996031 -0.0890091 0 -0.0160629 -0.179747 0.983582 -0.0875477 -0.979678 -0.180463 -1.74153 29.1804 96.4688</i>
                        <i>0.996016 -0.0891716 0 -0.0160922 -0.179744 0.983582 -0.0877075 -0.979663 -0.180463 -1.74215 29.181 96.4704</i>
                        <i>0.996004 -0.089305 0 -0.0161163 -0.179742 0.983582 -0.0878387 -0.979652 -0.180463 -1.74203 29.1797 96.472</i>
                        <i>0.995996 -0.0893991 0 -0.0161333 -0.179741 0.983582 -0.0879313 -0.979643 -0.180463 -1.73966 29.1783 96.4743</i>
                        <i>0.995992 -0.0894438 0 -0.0161413 -0.17974 0.983582 -0.0879753 -0.979639 -0.180463 -1.74017 29.1815 96.4746</i>
                        <i>0.995993 -0.0894289 0 -0.0161386 -0.17974 0.983582 -0.0879606 -0.979641 -0.180463 -1.74004 29.1827 96.4743</i>
                        <i>0.995999 -0.0893607 0 -0.0161263 -0.179741 0.983582 -0.0878935 -0.979647 -0.180463 -1.73612 29.1792 96.4757</i>
                        <i>0.996009 -0.0892562 0 -0.0161075 -0.179743 0.983582 -0.0877908 -0.979656 -0.180463 -1.73442 29.1767 96.4755</i>
                        <i>0.996021 -0.0891216 0 -0.0160832 -0.179745 0.983582 -0.0876584 -0.979668 -0.180463 -1.73349 29.1782 96.4737</i>
                        <i>0.996035 -0.088963 0 -0.0160545 -0.179748 0.983582 -0.0875024 -0.979682 -0.180463 -1.73288 29.1785 96.4732</i>
                        <i>0.996051 -0.0887864 0 -0.0160227 -0.179751 0.983582 -0.0873286 -0.979697 -0.180463 -1.73429 29.1789 96.4723</i>
                        <i>0.996068 -0.0885978 0 -0.0159886 -0.179754 0.983582 -0.0871432 -0.979714 -0.180463 -1.73482 29.1787 96.4726</i>
                        <i>0.996085 -0.0884035 0 -0.0159536 -0.179757 0.983582 -0.086952 -0.979731 -0.180463 -1.73662 29.1793 96.4726</i>
                        <i>0.996102 -0.0882094 0 -0.0159185 -0.17976 0.983582 -0.0867611 -0.979748 -0.180463 -1.73797 29.1765 96.4731</i>
                        <i>0.996119 -0.0880216 0 -0.0158847 -0.179763 0.983582 -0.0865764 -0.979764 -0.180463 -1.74042 29.1781 96.473</i>
                        <i>0.996134 -0.0878462 0 -0.015853 -0.179766 0.983582 -0.0864039 -0.979779 -0.180463 -1.7447 29.1765 96.4723</i>
                        <i>0.996148 -0.0876893 0 -0.0158247 -0.179768 0.983582 -0.0862496 -0.979793 -0.180463 -1.74712 29.1728 96.4728</i>
                        <i>0.99616 -0.087557 0 -0.0158008 -0.17977 0.983582 -0.0861195 -0.979804 -0.180463 -1.74886 29.175 96.473</i>
                        <i>0.996168 -0.0874554 0 -0.0157825 -0.179772 0.983582 -0.0860195 -0.979813 -0.180463 -1.74903 29.1793 96.4729</i>
                        <i>0.996174 -0.0873904 0 -0.0157708 -0.179773 0.983582 -0.0859556 -0.979819 -0.180463 -1.74544 29.1803 96.4739</i>
                        <i>0.996175 -0.0873827 0 -0.0157694 -0.179773 0.983582 -0.0859481 -0.979819 -0.180463 -1.74027 29.1773 96.4747</i>
                        <i>0.99617 -0.0874403 0 -0.0157798 -0.179772 0.983582 -0.0860047 -0.979814 -0.180463 -1.7356 29.1744 96.4755</i>
                        <i>0.99616 -0.0875505 0 -0.0157996 -0.17977 0.983582 -0.0861131 -0.979805 -0.180463 -1.7323 29.1732 96.4761</i>
                        <i>0.996147 -0.0877007 0 -0.0158268 -0.179768 0.983582 -0.0862608 -0.979792 -0.180463 -1.73308 29.1709 96.4746</i>
                        <i>0.996131 -0.0878783 0 -0.0158588 -0.179765 0.983582 -0.0864355 -0.979777 -0.180463 -1.73746 29.1701 96.4712</i>
                        <i>0.996114 -0.0880706 0 -0.0158935 -0.179762 0.983582 -0.0866247 -0.97976 -0.180463 -1.73733 29.171 96.4704</i>
                        <i>0.996097 -0.088265 0 -0.0159286 -0.179759 0.983582 -0.0868159 -0.979743 -0.180463 -1.7344 29.1738 96.4717</i>
                        <i>0.996081 -0.0884489 0 -0.0159618 -0.179756 0.983582 -0.0869968 -0.979727 -0.180463 -1.73668 29.1705 96.4714</i>
                    </KeyFrames>
                </p>
            </i>
            <i>
                <p>
                    <Name><![CDATA[right_gear_hatch]]></Name>
                    <Exclude>0</Exclude>
                    <Additive>0</Additive>
                    <IKPriority>0</IKPriority>
                    <IKRotLimits>-1e+010 -1e+010 -1e+010 1e+010 1e+010 1e+010</IKRotLimits>
                    <IKRotLimitOrder>0</IKRotLimitOrder>
                    <KeyFrames count="31">
                        <i>0.134279 0.990943 9.62623e-017 0.990943 -0.134279 -7.57045e-017 -6.72639e-017 1.14347e-016 -1.08328 -3.39963 29.7922 98.6014</i>
                        <i>0.134467 0.990918 9.62623e-017 0.990918 -0.134467 -7.57045e-017 -6.72422e-017 1.14359e-016 -1.08328 -3.40007 29.7921 98.6007</i>
                        <i>0.134656 0.990892 9.62623e-017 0.990892 -0.134656 -7.57045e-017 -6.72204e-017 1.14372e-016 -1.08328 -3.40279 29.7937 98.6004</i>
                        <i>0.134837 0.990868 9.62623e-017 0.990868 -0.134837 -7.57045e-017 -6.71996e-017 1.14384e-016 -1.08328 -3.40548 29.7937 98.6012</i>
                        <i>0.134998 0.990846 9.62623e-017 0.990846 -0.134998 -7.57045e-017 -6.71809e-017 1.14395e-016 -1.08328 -3.40599 29.7946 98.6028</i>
                        <i>0.135131 0.990828 9.62623e-017 0.990828 -0.135131 -7.57045e-017 -6.71656e-017 1.14404e-016 -1.08328 -3.40579 29.7935 98.6045</i>
                        <i>0.135225 0.990815 9.62623e-017 0.990815 -0.135225 -7.57045e-017 -6.71548e-017 1.14411e-016 -1.08328 -3.40337 29.7923 98.6068</i>
                        <i>0.135269 0.990809 9.62623e-017 0.990809 -0.135269 -7.57045e-017 -6.71496e-017 1.14414e-016 -1.08328 -3.40385 29.7955 98.6071</i>
                        <i>0.135254 0.990811 9.62623e-017 0.990811 -0.135254 -7.57045e-017 -6.71514e-017 1.14413e-016 -1.08328 -3.40372 29.7967 98.6068</i>
                        <i>0.135186 0.99082 9.62623e-017 0.99082 -0.135186 -7.57045e-017 -6.71592e-017 1.14408e-016 -1.08328 -3.39985 29.7931 98.6082</i>
                        <i>0.135082 0.990834 9.62623e-017 0.990834 -0.135082 -7.57045e-017 -6.71712e-017 1.14401e-016 -1.08328 -3.39822 29.7904 98.6079</i>
                        <i>0.134949 0.990853 9.62623e-017 0.990853 -0.134949 -7.57045e-017 -6.71867e-017 1.14392e-016 -1.08328 -3.39737 29.7917 98.6062</i>
                        <i>0.134791 0.990874 9.62623e-017 0.990874 -0.134791 -7.57045e-017 -6.72049e-017 1.14381e-016 -1.08328 -3.39685 29.7917 98.6057</i>
                        <i>0.134615 0.990898 9.62623e-017 0.990898 -0.134615 -7.57045e-017 -6.72252e-017 1.14369e-016 -1.08328 -3.39837 29.7919 98.6048</i>
                        <i>0.134427 0.990923 9.62623e-017 0.990923 -0.134427 -7.57045e-017 -6.72468e-017 1.14357e-016 -1.08328 -3.39902 29.7913 98.6051</i>
                        <i>0.134234 0.99095 9.62623e-017 0.99095 -0.134234 -7.57045e-017 -6.72691e-017 1.14344e-016 -1.08328 -3.40093 29.7915 98.605</i>
                        <i>0.134041 0.990976 9.62623e-017 0.990976 -0.134041 -7.57045e-017 -6.72914e-017 1.1433e-016 -1.08328 -3.40241 29.7884 98.6056</i>
                        <i>0.133854 0.991001 9.62623e-017 0.991001 -0.133854 -7.57045e-017 -6.73129e-017 1.14318e-016 -1.08328 -3.40497 29.7897 98.6055</i>
                        <i>0.13368 0.991025 9.62623e-017 0.991025 -0.13368 -7.57045e-017 -6.73331e-017 1.14306e-016 -1.08328 -3.40936 29.7878 98.6048</i>
                        <i>0.133524 0.991046 9.62623e-017 0.991046 -0.133524 -7.57045e-017 -6.73511e-017 1.14295e-016 -1.08328 -3.41187 29.7839 98.6053</i>
                        <i>0.133392 0.991063 9.62623e-017 0.991063 -0.133392 -7.57045e-017 -6.73663e-017 1.14286e-016 -1.08328 -3.4137 29.7859 98.6055</i>
                        <i>0.133291 0.991077 9.62623e-017 0.991077 -0.133291 -7.57045e-017 -6.73779e-017 1.1428e-016 -1.08328 -3.41393 29.79 98.6054</i>
                        <i>0.133226 0.991086 9.62623e-017 0.991086 -0.133226 -7.57045e-017 -6.73854e-017 1.14275e-016 -1.08328 -3.41038 29.7909 98.6064</i>
                        <i>0.133219 0.991087 9.62623e-017 0.991087 -0.133219 -7.57045e-017 -6.73862e-017 1.14275e-016 -1.08328 -3.40522 29.7879 98.6072</i>
                        <i>0.133276 0.991079 9.62623e-017 0.991079 -0.133276 -7.57045e-017 -6.73796e-017 1.14278e-016 -1.08328 -3.40051 29.7851 98.608</i>
                        <i>0.133386 0.991064 9.62623e-017 0.991064 -0.133386 -7.57045e-017 -6.7367e-017 1.14286e-016 -1.08328 -3.39714 29.7841 98.6086</i>
                        <i>0.133535 0.991044 9.62623e-017 0.991044 -0.133535 -7.57045e-017 -6.73498e-017 1.14296e-016 -1.08328 -3.39783 29.782 98.6071</i>
                        <i>0.133712 0.99102 9.62623e-017 0.99102 -0.133712 -7.57045e-017 -6.73294e-017 1.14308e-016 -1.08328 -3.4021 29.7815 98.6036</i>
                        <i>0.133903 0.990994 9.62623e-017 0.990994 -0.133903 -7.57045e-017 -6.73073e-017 1.14321e-016 -1.08328 -3.40185 29.7827 98.6029</i>
                        <i>0.134096 0.990968 9.62623e-017 0.990968 -0.134096 -7.57045e-017 -6.7285e-017 1.14334e-016 -1.08328 -3.3988 29.7859 98.6042</i>
                        <i>0.134279 0.990943 9.62623e-017 0.990943 -0.134279 -7.57045e-017 -6.72639e-017 1.14347e-016 -1.08328 -3.40097 29.7828 98.6039</i>
                    </KeyFrames>
                </p>
            </i>
            <i>
                <p>
                    <Name><![CDATA[left_gear_hatch]]></Name>
                    <Exclude>0</Exclude>
                    <Additive>0</Additive>
                    <IKPriority>0</IKPriority>
                    <IKRotLimits>-1e+010 -1e+010 -1e+010 1e+010 1e+010 1e+010</IKRotLimits>
                    <IKRotLimitOrder>0</IKRotLimitOrder>
                    <KeyFrames count="31">
                        <i>0.167293 -0.985907 0 0.985907 0.167293 0 0 0 1.07567 3.40594 29.7925 98.5959</i>
