<?xml version="1.0" encoding="ISO-8859-1" ?>
<Animl Version="1">
    <ModellingPackage><![CDATA[Maya.2010]]></ModellingPackage>
    <SrcFile><![CDATA[anims\vehicles\blue\~src\air\fighter_f14tomcat\fighter_f14tomcat_roll_right.mb]]></SrcFile>
    <FramesPerSecond>30</FramesPerSecond>
    <TotalFrames>50</TotalFrames>
    <Skeleton>
        <RefFrame>
            <Name><![CDATA[f14tomcat_ref_frame]]></Name>
            <Exclude>0</Exclude>
            <Additive>0</Additive>
            <IKPriority>0</IKPriority>
            <IKRotLimits>-1e+010 -1e+010 -1e+010 1e+010 1e+010 1e+010</IKRotLimits>
            <IKRotLimitOrder>0</IKRotLimitOrder>
            <KeyFrames count="50">
                <i>1 0 0 0 1 0 0 0 1 0 0 0</i>
                <i>1 0 0 0 1 0 0 0 1 0 0 0</i>
                <i>1 0 0 0 1 0 0 0 1 0 0 0</i>
                <i>1 0 0 0 1 0 0 0 1 -0.120494 0 0</i>
                <i>1 0 0 0 1 0 0 0 1 -0.475039 0 0</i>
                <i>1 0 0 0 1 0 0 0 1 -1.05323 0 0</i>
                <i>1 0 0 0 1 0 0 0 1 -1.84468 0 0</i>
                <i>1 0 0 0 1 0 0 0 1 -2.83897 0 0</i>
                <i>1 0 0 0 1 0 0 0 1 -4.0257 0 0</i>
                <i>1 0 0 0 1 0 0 0 1 -5.39447 0 0</i>
                <i>1 0 0 0 1 0 0 0 1 -6.93488 0 0</i>
                <i>1 0 0 0 1 0 0 0 1 -8.63653 0 0</i>
                <i>1 0 0 0 1 0 0 0 1 -10.489 0 0</i>
                <i>1 0 0 0 1 0 0 0 1 -12.4819 0 0</i>
                <i>1 0 0 0 1 0 0 0 1 -14.6049 0 0</i>
                <i>1 0 0 0 1 0 0 0 1 -16.8474 0 0</i>
                <i>1 0 0 0 1 0 0 0 1 -19.1992 0 0</i>
                <i>1 0 0 0 1 0 0 0 1 -21.6498 0 0</i>
                <i>1 0 0 0 1 0 0 0 1 -24.1889 0 0</i>
                <i>1 0 0 0 1 0 0 0 1 -26.8059 0 0</i>
                <i>1 0 0 0 1 0 0 0 1 -29.4906 0 0</i>
                <i>1 0 0 0 1 0 0 0 1 -32.2325 0 0</i>
                <i>1 0 0 0 1 0 0 0 1 -35.0211 0 0</i>
                <i>1 0 0 0 1 0 0 0 1 -37.8462 0 0</i>
                <i>1 0 0 0 1 0 0 0 1 -40.6973 0 0</i>
                <i>1 0 0 0 1 0 0 0 1 -43.564 0 0</i>
                <i>1 0 0 0 1 0 0 0 1 -46.436 0 0</i>
                <i>1 0 0 0 1 0 0 0 1 -49.3027 0 0</i>
                <i>1 0 0 0 1 0 0 0 1 -52.1538 0 0</i>
                <i>1 0 0 0 1 0 0 0 1 -54.9789 0 0</i>
                <i>1 0 0 0 1 0 0 0 1 -57.7675 0 0</i>
                <i>1 0 0 0 1 0 0 0 1 -60.5094 0 0</i>
                <i>1 0 0 0 1 0 0 0 1 -63.1941 0 0</i>
                <i>1 0 0 0 1 0 0 0 1 -65.8111 0 0</i>
                <i>1 0 0 0 1 0 0 0 1 -68.3502 0 0</i>
                <i>1 0 0 0 1 0 0 0 1 -70.8008 0 0</i>
                <i>1 0 0 0 1 0 0 0 1 -73.1526 0 0</i>
                <i>1 0 0 0 1 0 0 0 1 -75.3951 0 0</i>
                <i>1 0 0 0 1 0 0 0 1 -77.5181 0 0</i>
                <i>1 0 0 0 1 0 0 0 1 -79.511 0 0</i>
                <i>1 0 0 0 1 0 0 0 1 -81.3635 0 0</i>
                <i>1 0 0 0 1 0 0 0 1 -83.0651 0 0</i>
                <i>1 0 0 0 1 0 0 0 1 -84.6055 0 0</i>
                <i>1 0 0 0 1 0 0 0 1 -85.9743 0 0</i>
                <i>1 0 0 0 1 0 0 0 1 -87.161 0 0</i>
                <i>1 0 0 0 1 0 0 0 1 -88.1553 0 0</i>
                <i>1 0 0 0 1 0 0 0 1 -88.9468 0 0</i>
                <i>1 0 0 0 1 0 0 0 1 -89.525 0 0</i>
                <i>1 0 0 0 1 0 0 0 1 -89.8795 0 0</i>
                <i>1 0 0 0 1 0 0 0 1 -90 0 0</i>
            </KeyFrames>
        </RefFrame>
        <Bones count="21">
            <i>
                <p>
                    <Name><![CDATA[f14tomcat_root]]></Name>
                    <Exclude>0</Exclude>
                    <Additive>0</Additive>
                    <IKPriority>0</IKPriority>
                    <IKRotLimits>-1e+010 -1e+010 -1e+010 1e+010 1e+010 1e+010</IKRotLimits>
                    <IKRotLimitOrder>0</IKRotLimitOrder>
                    <KeyFrames count="50">
                        <i>1 0 0 0 1 0 0 0 1 0 3.33197 0.00336142</i>
                        <i>0.999918 -0.0128274 4.23516e-022 0.0128274 0.999918 0.000371708 -4.76804e-006 -0.000371677 1 0 3.33197 0.00336142</i>
                        <i>0.999076 -0.0429894 0 0.0429893 0.999075 0.0014088 -6.05636e-005 -0.0014075 0.999999 0 3.33197 0.00336142</i>
                        <i>0.996955 -0.077983 0 0.0779826 0.99695 0.00299425 -0.0002335 -0.00298513 0.999996 -0.120494 3.33197 0.00336142</i>
                        <i>0.994435 -0.105348 0 0.105347 0.994423 0.00501099 -0.000527899 -0.0049831 0.999987 -0.475039 3.33197 0.00336142</i>
                        <i>0.993624 -0.112746 -5.42101e-020 0.112743 0.993597 0.00734196 -0.000827774 -0.00729515 0.999973 -1.05323 3.33197 0.00336142</i>
                        <i>0.996137 -0.0878118 0 0.0878075 0.996089 0.00987012 -0.000866713 -0.009832 0.999951 -1.84468 3.33197 0.00336142</i>
                        <i>0.99984 -0.0178981 0 0.0178967 0.999762 0.0124784 -0.00022334 -0.0124764 0.999922 -2.83897 3.33197 0.00336142</i>
                        <i>0.994005 0.109335 0 -0.109323 0.993892 0.0150498 0.00164547 -0.0149595 0.999887 -4.0257 3.33197 0.00336142</i>
                        <i>0.962228 0.272246 0 -0.272205 0.962081 0.0174671 0.00475536 -0.0168074 0.999847 -5.39447 3.33197 0.00336142</i>
                        <i>0.899146 0.43765 0 -0.437565 0.898973 0.0196135 0.00858385 -0.0176354 0.999808 -6.93488 3.33197 0.00336142</i>
                        <i>0.801859 0.597514 8.67362e-019 -0.597377 0.801675 0.021372 0.01277 -0.0171373 0.999772 -8.63653 3.33197 0.00336142</i>
                        <i>0.669662 0.742666 0 -0.742476 0.66949 0.0226254 0.0168032 -0.0151514 0.999744 -10.489 3.33197 0.00336142</i>
                        <i>0.5045 0.863412 -1.73472e-018 -0.863178 0.504363 0.023257 0.0200804 -0.0117332 0.99973 -12.4819 3.33197 0.00336142</i>
                        <i>0.311217 0.950339 1.73472e-018 -0.950084 0.311133 0.0231497 0.0220001 -0.00720457 0.999732 -14.6049 3.33197 0.00336142</i>
                        <i>0.0975355 0.995232 1.73472e-018 -0.994984 0.0975112 0.0223148 0.0222084 -0.00217649 0.999751 -16.8474 3.33197 0.00336142</i>
                        <i>-0.126279 0.991995 0 -0.991778 -0.126251 0.0208952 0.0207279 0.00263862 0.999782 -19.1992 3.33197 0.00336142</i>
                        <i>-0.348082 0.937464 0 -0.937295 -0.34802 0.018971 0.0177846 0.00660346 0.99982 -21.6498 3.33197 0.00336142</i>
                        <i>-0.554786 0.831993 8.67362e-019 -0.831878 -0.554709 0.0166222 0.0138296 0.00922179 0.999862 -24.1889 3.33197 0.00336142</i>
                        <i>-0.733484 0.679707 0 -0.679641 -0.733413 0.0139292 0.00946779 0.0102169 0.999903 -26.8059 3.33197 0.00336142</i>
                        <i>-0.87264 0.488365 4.33681e-019 -0.488335 -0.872587 0.0109721 0.00535838 0.00957468 0.99994 -29.4906 3.33197 0.00336142</i>
                        <i>-0.963189 0.268824 2.1684e-019 -0.268816 -0.96316 0.00783104 0.00210517 0.00754277 0.999969 -32.2325 3.33197 0.00336142</i>
                        <i>-0.999417 0.0341553 -1.35525e-020 -0.0341549 -0.999406 0.00458629 0.000156646 0.00458361 0.99999 -35.0211 3.33197 0.00336142</i>
                        <i>-0.979488 -0.201501 -2.71051e-020 0.201501 -0.979487 0.00131808 -0.000265594 0.00129104 0.999999 -37.8462 3.33197 0.00336142</i>
                        <i>-0.905578 -0.42418 0 0.42418 -0.905576 -0.00189334 0.000803116 -0.00171456 0.999998 -40.6973 3.33197 0.00336142</i>
                        <i>-0.783566 -0.621309 2.1684e-019 0.621301 -0.783556 -0.00496773 0.0030865 -0.00389254 0.999988 -43.564 3.33197 0.00336142</i>
                        <i>-0.62237 -0.782723 0 0.782699 -0.622351 -0.00782486 0.0061247 -0.00486996 0.999969 -46.436 3.33197 0.00336142</i>
                        <i>-0.432995 -0.901396 0 0.901348 -0.432972 -0.0103845 0.00936057 -0.00449644 0.999946 -49.3027 3.33197 0.00336142</i>
                        <i>-0.227442 -0.973792 8.67362e-019 0.973715 -0.227424 -0.0125665 0.0122371 -0.00285814 0.999921 -52.1538 3.33197 0.00336142</i>
                        <i>-0.017602 -0.999845 8.67362e-019 0.999743 -0.0176002 -0.0142906 0.0142884 -0.000251544 0.999898 -54.9789 3.33197 0.00336142</i>
                        <i>0.185716 -0.982603 -2.60209e-018 0.982486 0.185693 -0.0154767 0.0152075 0.00287427 0.99988 -57.7675 3.33197 0.00336142</i>
                        <i>0.373551 -0.92761 0 0.927492 0.373504 -0.0159038 0.0147526 0.0059409 0.999874 -60.5094 3.33197 0.00336142</i>
                        <i>0.539272 -0.842132 0 0.842031 0.539207 -0.0155021 0.0130548 0.00835985 0.99988 -63.1941 3.33197 0.00336142</i>
                        <i>0.678771 -0.73435 0 0.734274 0.6787 -0.0144178 0.0105877 0.00978635 0.999896 -65.8111 3.33197 0.00336142</i>
                        <i>0.790396 -0.612597 0 0.612547 0.790331 -0.012797 0.00783942 0.0101147 0.999918 -68.3502 3.33197 0.00336142</i>
                        <i>0.874666 -0.484726 0 0.484697 0.874615 -0.0107862 0.00522834 0.00943431 0.999942 -70.8008 3.33197 0.00336142</i>
                        <i>0.933853 -0.357658 0 0.357645 0.933819 -0.00853148 0.00305135 0.00796714 0.999964 -73.1526 3.33197 0.00336142</i>
                        <i>0.971481 -0.237116 0 0.237112 0.971463 -0.00617921 0.00146519 0.00600299 0.999981 -75.3951 3.33197 0.00336142</i>
                        <i>0.991834 -0.127539 0 0.127538 0.991826 -0.00387568 0.000494301 0.00384403 0.999992 -77.5181 3.33197 0.00336142</i>
                        <i>0.999483 -0.0321536 0 0.0321536 0.999481 -0.00176717 5.68208e-005 0.00176625 0.999998 -79.511 3.33197 0.00336142</i>
                        <i>0.998902 0.0468449 0 -0.0468449 0.998902 0 0 0 1 -81.3635 3.33197 0.00336142</i>
                        <i>0.994704 0.102781 0 -0.102781 0.994704 0 0 0 1 -83.0651 3.33197 0.00336142</i>
                        <i>0.991096 0.133151 0 -0.133151 0.991096 0 0 0 1 -84.6055 3.33197 0.00336142</i>
                        <i>0.989776 0.142632 0 -0.142632 0.989776 0 0 0 1 -85.9743 3.33197 0.00336142</i>
                        <i>0.990741 0.135762 0 -0.135762 0.990741 0 0 0 1 -87.161 3.33197 0.00336142</i>
                        <i>0.993136 0.116969 0 -0.116969 0.993136 0 0 0 1 -88.1553 3.33197 0.00336142</i>
                        <i>0.995882 0.0906636 0 -0.0906636 0.995882 0 0 0 1 -88.9468 3.33197 0.00336142</i>
                        <i>0.998119 0.0612987 0 -0.0612987 0.998119 0 0 0 1 -89.525 3.33197 0.00336142</i>
                        <i>0.999443 0.0333807 0 -0.0333807 0.999443 0 0 0 1 -89.8795 3.33197 0.00336142</i>
                        <i>0.999935 0.0114401 0 -0.0114401 0.999935 0 0 0 1 -90 3.33197 0.00336142</i>
                    </KeyFrames>
                </p>
            </i>
            <i>
                <p>
                    <Name><![CDATA[cockpit_hatch]]></Name>
                    <Exclude>0</Exclude>
                    <Additive>0</Additive>
                    <IKPriority>0</IKPriority>
                    <IKRotLimits>-1e+010 -1e+010 -1e+010 1e+010 1e+010 1e+010</IKRotLimits>
                    <IKRotLimitOrder>0</IKRotLimitOrder>
                    <KeyFrames count="50">
                        <i>1 0 0 0 1 0 0 0 1 0 4.55645 3.31878</i>
                        <i>0.999918 -0.0128274 4.23516e-022 0.0128274 0.999918 0.000371708 -4.76804e-006 -0.000371677 1 0.015691 4.55511 3.31923</i>
                        <i>0.999076 -0.0429894 0 0.0429893 0.999075 0.0014088 -6.05636e-005 -0.0014075 0.999999 0.0524386 4.55065 3.3205</i>
                        <i>0.996955 -0.077983 0 0.0779826 0.99695 0.00299425 -0.0002335 -0.00298513 0.999996 -0.0257798 4.54281 3.32243</i>
                        <i>0.994435 -0.105348 0 0.105347 0.994423 0.00501099 -0.000527899 -0.0049831 0.999987 -0.347795 4.5331 3.32487</i>
                        <i>0.993624 -0.112746 -5.42101e-020 0.112743 0.993597 0.00734196 -0.000827774 -0.00729515 0.999973 -0.917929 4.52442 3.32768</i>
                        <i>0.996137 -0.0878118 0 0.0878075 0.996089 0.00987012 -0.000866713 -0.009832 0.999951 -1.74003 4.51906 3.3307</i>
                        <i>0.99984 -0.0178981 0 0.0178967 0.999762 0.0124784 -0.00022334 -0.0124764 0.999922 -2.81779 4.51479 3.3338</i>
                        <i>0.994005 0.109335 0 -0.109323 0.993892 0.0150498 0.00164547 -0.0149595 0.999887 -4.15411 4.49937 3.33683</i>
                        <i>0.962228 0.272246 0 -0.272205 0.962081 0.0174671 0.00475536 -0.0168074 0.999847 -5.71201 4.45429 3.33966</i>
                        <i>0.899146 0.43765 0 -0.437565 0.898973 0.0196135 0.00858385 -0.0176354 0.999808 -7.44221 4.37427 3.34216</i>
                        <i>0.801859 0.597514 8.67362e-019 -0.597377 0.801675 0.021372 0.01277 -0.0171373 0.999772 -9.32566 4.25678 3.34419</i>
                        <i>0.669662 0.742666 0 -0.742476 0.66949 0.0226254 0.0168032 -0.0151514 0.999744 -11.3424 4.10151 3.34563</i>
                        <i>0.5045 0.863412 -1.73472e-018 -0.863178 0.504363 0.023257 0.0200804 -0.0117332 0.99973 -13.4723 3.91065 3.34636</i>
                        <i>0.311217 0.950339 1.73472e-018 -0.950084 0.311133 0.0231497 0.0220001 -0.00720457 0.999732 -15.6953 3.68906 3.34623</i>
                        <i>0.0975355 0.995232 1.73472e-018 -0.994984 0.0975112 0.0223148 0.0222084 -0.00217649 0.999751 -17.9921 3.44415 3.34528</i>
                        <i>-0.126279 0.991995 0 -0.991778 -0.126251 0.0208952 0.0207279 0.00263862 0.999782 -20.3449 3.18612 3.34364</i>
                        <i>-0.348082 0.937464 0 -0.937295 -0.34802 0.018971 0.0177846 0.00660346 0.99982 -22.7386 2.92772 3.34141</i>
                        <i>-0.554786 0.831993 8.67362e-019 -0.831878 -0.554709 0.0166222 0.0138296 0.00922179 0.999862 -25.1616 2.68331 3.33867</i>
                        <i>-0.733484 0.679707 0 -0.679641 -0.733413 0.0139292 0.00946779 0.0102169 0.999903 -27.6067 2.46779 3.33551</i>
                        <i>-0.87264 0.488365 4.33681e-019 -0.488335 -0.872587 0.0109721 0.00535838 0.00957468 0.99994 -30.0708 2.29525 3.33201</i>
                        <i>-0.963189 0.268824 2.1684e-019 -0.268816 -0.96316 0.00783104 0.00210517 0.00754277 0.999969 -32.5546 2.17761 3.32826</i>
                        <i>-0.999417 0.0341553 -1.35525e-020 -0.0341549 -0.999406 0.00458629 0.000156646 0.00458361 0.99999 -35.0624 2.12342 3.32436</i>
                        <i>-0.979488 -0.201501 -2.71051e-020 0.201501 -0.979487 0.00131808 -0.000265594 0.00129104 0.999999 -37.6004 2.13689 3.32039</i>
                        <i>-0.905578 -0.42418 0 0.42418 -0.905576 -0.00189334 0.000803116 -0.00171456 0.999998 -40.1753 2.21743 3.31645</i>
                        <i>-0.783566 -0.621309 2.1684e-019 0.621301 -0.783556 -0.00496773 0.0030865 -0.00389254 0.999988 -42.793 2.35962 3.31265</i>
                        <i>-0.62237 -0.782723 0 0.782699 -0.622351 -0.00782486 0.0061247 -0.00486996 0.999969 -45.4572 2.55377 3.30909</i>
                        <i>-0.432995 -0.901396 0 0.901348 -0.432972 -0.0103845 0.00936057 -0.00449644 0.999946 -48.1679 2.7869 3.30588</i>
                        <i>-0.227442 -0.973792 8.67362e-019 0.973715 -0.227424 -0.0125665 0.0122371 -0.00285814 0.999921 -50.9209 3.04402 3.30313</i>
                        <i>-0.017602 -0.999845 8.67362e-019 0.999743 -0.0176002 -0.0142906 0.0142884 -0.000251544 0.999898 -53.7073 3.30958 3.30094</i>
                        <i>0.185716 -0.982603 -2.60209e-018 0.982486 0.185693 -0.0154767 0.0152075 0.00287427 0.99988 -56.5141 3.56888 3.29943</i>
                        <i>0.373551 -0.92761 0 0.927492 0.373504 -0.0159038 0.0147526 0.0059409 0.999874 -59.3248 3.80901 3.29888</i>
                        <i>0.539272 -0.842132 0 0.842031 0.539207 -0.0155021 0.0130548 0.00835985 0.99988 -62.1198 4.01993 3.2994</i>
                        <i>0.678771 -0.73435 0 0.734274 0.6787 -0.0144178 0.0105877 0.00978635 0.999896 -64.8769 4.19547 3.30078</i>
                        <i>0.790396 -0.612597 0 0.612547 0.790331 -0.012797 0.00783942 0.0101147 0.999918 -67.5741 4.33324 3.30284</i>
                        <i>0.874666 -0.484726 0 0.484697 0.874615 -0.0107862 0.00522834 0.00943431 0.999942 -70.19 4.43419 3.30538</i>
                        <i>0.933853 -0.357658 0 0.357645 0.933819 -0.00853148 0.00305135 0.00796714 0.999964 -72.7045 4.50182 3.30821</i>
                        <i>0.971481 -0.237116 0 0.237112 0.971463 -0.00617921 0.00146519 0.00600299 0.999981 -75.0999 4.5414 3.31115</i>
                        <i>0.991834 -0.127539 0 0.127538 0.991826 -0.00387568 0.000494301 0.00384403 0.999992 -77.3603 4.55918 3.31401</i>
                        <i>0.999483 -0.0321536 0 0.0321536 0.999481 -0.00176717 5.68208e-005 0.00176625 0.999998 -79.4714 4.56167 3.31661</i>
                        <i>0.998902 0.0468449 0 -0.0468449 0.998902 0 0 0 1 -81.4208 4.5551 3.31878</i>
                        <i>0.994704 0.102781 0 -0.102781 0.994704 0 0 0 1 -83.191 4.54996 3.31878</i>
                        <i>0.991096 0.133151 0 -0.133151 0.991096 0 0 0 1 -84.7686 4.54554 3.31878</i>
                        <i>0.989776 0.142632 0 -0.142632 0.989776 0 0 0 1 -86.149 4.54393 3.31878</i>
                        <i>0.990741 0.135762 0 -0.135762 0.990741 0 0 0 1 -87.3273 4.54511 3.31878</i>
                        <i>0.993136 0.116969 0 -0.116969 0.993136 0 0 0 1 -88.2985 4.54804 3.31878</i>
                        <i>0.995882 0.0906636 0 -0.0906636 0.995882 0 0 0 1 -89.0578 4.5514 3.31878</i>
                        <i>0.998119 0.0612987 0 -0.0612987 0.998119 0 0 0 1 -89.6 4.55414 3.31878</i>
                        <i>0.999443 0.0333807 0 -0.0333807 0.999443 0 0 0 1 -89.9204 4.55576 3.31878</i>
                        <i>0.999935 0.0114401 0 -0.0114401 0.999935 0 0 0 1 -90.014 4.55637 3.31878</i>
                    </KeyFrames>
                </p>
            </i>
            <i>
                <p>
                    <Name><![CDATA[left_frontgear_hatch]]></Name>
                    <Exclude>0</Exclude>
                    <Additive>0</Additive>
                    <IKPriority>0</IKPriority>
                    <IKRotLimits>-1e+010 -1e+010 -1e+010 1e+010 1e+010 1e+010</IKRotLimits>
                    <IKRotLimitOrder>0</IKRotLimitOrder>
                    <KeyFrames count="50">
                        <i>0.350828 -0.93644 0 0.936435 0.350826 0.00334987 -0.00337983 -0.00126622 1.07742 0.697856 2.55487 8.12051</i>
                        <i>0.338787 -0.940863 -0.000348082 0.940858 0.338784 0.00348028 -0.00340093 -0.00162321 1.07742 0.687792 2.54296 8.12022</i>
                        <i>0.310247 -0.950655 -0.00131926 0.95065 0.31024 0.00384411 -0.00349639 -0.00263622 1.07741 0.663312 2.51416 8.1194</i>
                        <i>0.276734 -0.960943 -0.00280393 0.96094 0.27672 0.00440032 -0.00371985 -0.00421502 1.07741 0.512742 2.47859 8.11814</i>
                        <i>0.250225 -0.968176 -0.00469249 0.96818 0.250201 0.00510781 -0.00406318 -0.00627198 1.0774 0.132783 2.44523 8.11651</i>
                        <i>0.243015 -0.969998 -0.00687531 0.970014 0.242977 0.00592554 -0.00439289 -0.00873697 1.07738 -0.45416 2.42195 8.11458</i>
                        <i>0.267247 -0.963584 -0.00924278 0.963619 0.267191 0.00681241 -0.00441176 -0.0115576 1.07735 -1.22479 2.41682 8.11244</i>
                        <i>0.334013 -0.942496 -0.0116853 0.942562 0.333941 0.00772736 -0.00364258 -0.0146477 1.07732 -2.15694 2.44129 8.11018</i>
                        <i>0.451099 -0.892362 -0.0140932 0.892473 0.451019 0.00862934 -0.00144828 -0.0177457 1.07728 -3.23371 2.51448 8.10789</i>
                        <i>0.59248 -0.805419 -0.0163569 0.805583 0.592408 0.00947729 0.00221601 -0.0202469 1.07723 -4.47284 2.63789 8.1057</i>
                        <i>0.725199 -0.688294 -0.0183669 0.68851 0.725154 0.0102302 0.00676349 -0.0216182 1.07719 -5.8977 2.79564 8.1037</i>
                        <i>0.840723 -0.541096 -0.0200136 0.541355 0.840724 0.010847 0.0118049 -0.0214986 1.07714 -7.50906 2.98686 8.10205</i>
                        <i>0.93022 -0.366389 -0.0211874 0.366671 0.930282 0.0112866 0.0167808 -0.0196822 1.07711 -9.30831 3.20699 8.10085</i>
                        <i>0.985307 -0.169397 -0.0217788 0.169673 0.985433 0.0115081 0.0210228 -0.0161983 1.0771 -11.2961 3.44732 8.10024</i>
                        <i>0.99888 0.0420483 -0.0216783 -0.0418069 0.99906 0.0114705 0.0238544 -0.0113683 1.0771 -13.4708 3.69491 8.10034</i>
                        <i>0.965961 0.257842 -0.0208965 -0.257657 0.966172 0.0111777 0.024858 -0.00583217 1.07712 -15.8259 3.93305 8.10115</i>
                        <i>0.884438 0.466247 -0.0195671 -0.466124 0.884655 0.0106797 0.0240152 -0.000350009 1.07716 -18.3484 4.14377 8.1025</i>
                        <i>0.755603 0.654788 -0.0177652 -0.654725 0.755801 0.0100048 0.0215247 0.00438688 1.0772 -21.02 4.31023 8.10431</i>
                        <i>0.584369 0.811338 -0.0155657 -0.811319 0.584531 0.00918093 0.0178287 0.0078261 1.07725 -23.8173 4.4185 8.10647</i>
                        <i>0.379116 0.925257 -0.0130439 -0.925264 0.379235 0.00823629 0.0135404 0.0096392 1.0773 -26.7128 4.45917 8.1089</i>
                        <i>0.15115 0.988458 -0.0102747 -0.988473 0.151227 0.00719897 0.00934092 0.00977023 1.07734 -29.6766 4.42859 8.11149</i>
                        <i>-0.0861842 0.996252 -0.00733329 -0.996264 -0.0861404 0.0060971 0.00586394 0.00843771 1.07737 -32.6786 4.32927 8.11417</i>
                        <i>-0.31864 0.947866 -0.00429478 -0.94787 -0.318618 0.00495883 0.00358987 0.00608849 1.0774 -35.6908 4.16965 8.11686</i>
                        <i>-0.532326 0.846539 -0.0012343 -0.846536 -0.532318 0.00381229 0.0027692 0.00331228 1.07741 -38.6885 3.96299 8.11948</i>
                        <i>-0.714921 0.699203 0.001773 -0.699198 -0.714923 0.00268563 0.00338888 0.000733014 1.07742 -41.6524 3.72576 8.12196</i>
                        <i>-0.856708 0.51578 0.00465198 -0.515779 -0.85672 0.00160702 0.00518706 -0.00110182 1.07741 -44.5686 3.47569 8.12427</i>
                        <i>-0.951296 0.308192 0.00732751 -0.308196 -0.951323 0.000604601 0.00771129 -0.00181347 1.07739 -47.4288 3.22984 8.12634</i>
                        <i>-0.995965 0.0892165 0.00972448 -0.0892235 -0.996012 -0.000293473 0.0104074 -0.00124975 1.07737 -50.2293 3.00289 8.12814</i>
                        <i>-0.991618 -0.128665 0.0117678 0.128662 -0.991688 -0.00105905 0.0127203 0.000499801 1.07735 -52.9698 2.80593 8.12963</i>
                        <i>-0.942374 -0.334292 0.0133823 0.334301 -0.942465 -0.001664 0.0141882 0.00313057 1.07733 -55.6521 2.64586 8.13078</i>
                        <i>-0.854885 -0.518616 0.014493 0.518643 -0.854988 -0.00208017 0.0145131 0.00618269 1.07731 -58.278 2.52528 8.13156</i>
                        <i>-0.737488 -0.675196 0.014893 0.675244 -0.737591 -0.00223004 0.0134577 0.00906305 1.0773 -60.8498 2.4426 8.13184</i>
                        <i>-0.599319 -0.800379 0.0145168 0.800443 -0.599405 -0.00208908 0.0111766 0.0111706 1.07731 -63.3661 2.39312 8.13158</i>
                        <i>-0.449471 -0.893193 0.0135014 0.893263 -0.449532 -0.00170861 0.00818347 0.0121666 1.07732 -65.8221 2.37152 8.13087</i>
                        <i>-0.29632 -0.955014 0.0119836 0.955077 -0.296354 -0.00113994 0.00499931 0.0119675 1.07735 -68.211 2.3724 8.12979</i>
                        <i>-0.147032 -0.98908 0.0101006 0.98913 -0.147044 -0.000434399 0.00206315 0.0106955 1.07737 -70.5246 2.39061 8.12842</i>
                        <i>-0.00729127 -0.999942 0.00798922 0.999973 -0.00728863 0.000356681 -0.000321535 0.00861034 1.07739 -72.754 2.42137 8.12684</i>
                        <i>0.118782 -0.992903 0.00578646 0.992919 0.118791 0.00118198 -0.00200505 0.00603905 1.0774 -74.8896 2.4603 8.12515</i>
                        <i>0.228531 -0.97353 0.00362934 0.973533 0.228539 0.00199016 -0.00298115 0.00331681 1.07741 -76.921 2.50342 8.12346</i>
                        <i>0.320537 -0.947235 0.00165484 0.947231 0.320541 0.0027299 -0.00335757 0.000746101 1.07742 -78.838 2.54717 8.12187</i>
                        <i>0.394311 -0.918977 0 0.918972 0.394308 0.00334987 -0.0033168 -0.00142316 1.07742 -80.63 2.58841 8.12051</i>
                        <i>0.445218 -0.895422 0 0.895417 0.445216 0.00334987 -0.00323178 -0.00160689 1.07742 -82.2911 2.63071 8.12051</i>
                        <i>0.472392 -0.881388 0 0.881383 0.47239 0.00334987 -0.00318113 -0.00170497 1.07742 -83.8104 2.65471 8.12051</i>
                        <i>0.480808 -0.876826 0 0.876821 0.480805 0.00334987 -0.00316467 -0.00173534 1.07742 -85.1727 2.66235 8.12051</i>
                        <i>0.474713 -0.880141 0 0.880136 0.47471 0.00334987 -0.00317663 -0.00171335 1.07742 -86.3641 2.6568 8.12051</i>
                        <i>0.457955 -0.888976 0 0.88897 0.457952 0.00334987 -0.00320852 -0.00165286 1.07742 -87.3714 2.64183 8.12051</i>
                        <i>0.434284 -0.900776 0 0.900771 0.434282 0.00334987 -0.00325111 -0.00156743 1.07742 -88.1813 2.62134 8.12051</i>
                        <i>0.407571 -0.913173 0 0.913168 0.407569 0.00334987 -0.00329585 -0.00147102 1.07742 -88.7808 2.59911 8.12051</i>
                        <i>0.381892 -0.924207 0 0.924202 0.38189 0.00334987 -0.00333567 -0.00137834 1.07742 -89.1561 2.57859 8.12051</i>
                        <i>0.361518 -0.932365 0 0.93236 0.361516 0.00334987 -0.00336512 -0.0013048 1.07742 -89.2933 2.5629 8.12051</i>
                    </KeyFrames>
                </p>
            </i>
            <i>
                <p>
                    <Name><![CDATA[right_frontgear_hatch]]></Name>
                    <Exclude>0</Exclude>
                    <Additive>0</Additive>
                    <IKPriority>0</IKPriority>
                    <IKRotLimits>-1e+010 -1e+010 -1e+010 1e+010 1e+010 1e+010</IKRotLimits>
                    <IKRotLimitOrder>0</IKRotLimitOrder>
                    <KeyFrames count="50">
                        <i>0.328048 0.944638 -0.00656164 0.944647 -0.328073 -0.00313493 -0.0055027 -0.0055629 -1.07596 -0.690367 2.55456 8.12338</i>
                        <i>0.340138 0.940355 -0.00621051 0.940361 -0.340162 -0.00325688 -0.00556848 -0.00509195 -1.07597 -0.700321 2.56046 8.12309</i>
                        <i>0.368355 0.929671 -0.00523082 0.92967 -0.368375 -0.00359712 -0.0056716 -0.00380678 -1.07597 -0.723641 2.57353 8.12227</i>
                        <i>0.400716 0.916195 -0.00373313 0.916187 -0.40073 -0.00411725 -0.00566852 -0.00190493 -1.07598 -0.871278 2.58653 8.12101</i>
                        <i>0.425741 0.904843 -0.00182799 0.904831 -0.425745 -0.00477886 -0.00549012 0.000409454 -1.07598 -1.24775 2.59116 8.11938</i>
                        <i>0.432463 0.901652 0.000374036 0.901639 -0.432454 -0.00554355 -0.00520414 0.00294243 -1.07598 -1.83357 2.57814 8.11745</i>
                        <i>0.409733 0.912201 0.00276237 0.912193 -0.40971 -0.0063729 -0.00503736 0.00552092 -1.07597 -2.60768 2.53839 8.11531</i>
                        <i>0.344903 0.938624 0.00522645 0.938625 -0.344863 -0.00722852 -0.00536107 0.00796106 -1.07595 -3.54495 2.46579 8.11304</i>
                        <i>0.2228 0.974834 0.00765567 0.974845 -0.222739 -0.008072 -0.00663203 0.00996533 -1.07593 -4.61358 2.36236 8.11076</i>
                        <i>0.058491 0.998238 0.00993948 0.998254 -0.0584037 -0.00886495 -0.0088972 0.011234 -1.0759 -5.80853 2.25961 8.10856</i>
                        <i>-0.118434 0.99289 0.0119673 0.992902 0.118551 -0.009569 -0.0117495 0.0115659 -1.07587 -7.14575 2.18776 8.10657</i>
                        <i>-0.301341 0.953419 0.0136286 0.953417 0.301485 -0.0101458 -0.0148293 0.0106915 -1.07584 -8.622 2.15708 8.10491</i>
                        <i>-0.4818 0.876156 0.0148129 0.876128 0.481963 -0.0105569 -0.0176342 0.00849137 -1.07581 -10.2377 2.17576 8.10371</i>
                        <i>-0.650023 0.759759 0.0154096 0.759697 0.650188 -0.0107641 -0.0195801 0.00506763 -1.0758 -11.9961 2.24853 8.1031</i>
                        <i>-0.795536 0.605713 0.0153082 0.605618 0.795683 -0.0107289 -0.0200986 0.000791616 -1.0758 -13.9025 2.37551 8.1032</i>
                        <i>-0.908049 0.418611 0.0145194 0.418495 0.908159 -0.010455 -0.0188972 -0.00367709 -1.07582 -15.9609 2.55141 8.10401</i>
                        <i>-0.978433 0.206143 0.0131782 0.206022 0.978496 -0.0099894 -0.0160904 -0.00759539 -1.07584 -18.1727 2.7667 8.10536</i>
                        <i>-0.999709 -0.0212628 0.0113602 -0.0213695 0.999728 -0.00935823 -0.0120061 -0.0103277 -1.07588 -20.5365 3.00895 8.10717</i>
                        <i>-0.967911 -0.251126 0.00914127 -0.251203 0.967896 -0.00858781 -0.00719966 -0.0114147 -1.07591 -23.0468 3.2637 8.10933</i>
                        <i>-0.882695 -0.4699 0.00659708 -0.469941 0.882664 -0.00770443 -0.00237007 -0.0106533 -1.07594 -25.6943 3.51584 8.11176</i>
                        <i>-0.747603 -0.664135 0.00380341 -0.664144 0.747575 -0.00673439 0.00175302 -0.00813522 -1.07596 -28.465 3.75092 8.11436</i>
                        <i>-0.56992 -0.8217 0.000836057 -0.821689 0.569907 -0.00570399 0.00453045 -0.00423704 -1.07597 -31.3414 3.9564 8.11704</i>
                        <i>-0.360122 -0.932903 -0.00222919 -0.932891 0.360129 -0.00463954 0.00552095 0.000439854 -1.07598 -34.3034 4.12255 8.11973</i>
                        <i>-0.130972 -0.991372 -0.00531653 -0.991377 0.130992 -0.00356736 0.00455467 0.00516848 -1.07597 -37.3288 4.24302 8.12235</i>
                        <i>0.103618 -0.994582 -0.00835015 -0.994616 -0.1036 -0.00251378 0.00175933 0.00921658 -1.07595 -40.3954 4.31489 8.12484</i>
                        <i>0.329837 -0.943971 -0.0112543 -0.944035 -0.329842 -0.00150512 -0.00246547 0.011966 -1.07592 -43.481 4.33844 8.12714</i>
                        <i>0.53516 -0.844635 -0.0139531 -0.844722 -0.535206 -0.000567712 -0.00751932 0.0130091 -1.07589 -46.565 4.31661 8.12921</i>
                        <i>0.709343 -0.704673 -0.0163709 -0.704765 -0.709441 0.000272116 -0.0127031 0.0122067 -1.07585 -49.6284 4.25435 8.13101</i>
                        <i>0.845116 -0.534265 -0.0184319 -0.53434 -0.845269 0.000988042 -0.0173319 0.00969888 -1.07581 -52.6544 4.15784 8.13251</i>
                        <i>0.938527 -0.344622 -0.0200604 -0.344661 -0.938726 0.00155375 -0.0208384 0.00587041 -1.07577 -55.6279 4.03387 8.13366</i>
                        <i>0.988918 -0.146947 -0.0211807 -0.146939 -0.989144 0.00194293 -0.0228501 0.00128137 -1.07575 -58.5361 3.8893 8.13444</i>
                        <i>0.998591 0.0484866 -0.0215842 0.0485427 -0.998819 0.00208309 -0.0230883 -0.0033656 -1.07574 -61.3686 3.73023 8.13471</i>
                        <i>0.972236 0.233041 -0.0212047 0.233133 -0.972443 0.00195127 -0.0216981 -0.00736045 -1.07575 -64.115 3.56205 8.13445</i>
                        <i>0.916223 0.40016 -0.0201805 0.40027 -0.916396 0.00159547 -0.0192117 -0.0102644 -1.07577 -66.7646 3.39078 8.13374</i>
                        <i>0.837871 0.545549 -0.0186497 0.54566 -0.838006 0.00106368 -0.0161918 -0.0119087 -1.0758 -69.3084 3.22261 8.13266</i>
                        <i>0.744762 0.66712 -0.0167503 0.667218 -0.744862 0.000403902 -0.0131349 -0.0123491 -1.07584 -71.739 3.06328 8.13129</i>
                        <i>0.644174 0.764739 -0.0146206 0.764818 -0.644247 -0.000335871 -0.0104114 -0.011799 -1.07588 -74.0505 2.91762 8.12971</i>
                        <i>0.542668 0.839856 -0.0123986 0.839913 -0.542721 -0.00110764 -0.00824129 -0.0105584 -1.07591 -76.2383 2.78919 8.12803</i>
                        <i>0.445844 0.895052 -0.0102227 0.895089 -0.445883 -0.00186341 -0.0066991 -0.00895165 -1.07593 -78.2979 2.68018 8.12633</i>
                        <i>0.358252 0.933589 -0.00823096 0.93361 -0.358282 -0.00255517 -0.00573986 -0.00728351 -1.07595 -80.2255 2.5915 8.12474</i>
                        <i>0.283437 0.958969 -0.00656164 0.958979 -0.283461 -0.00313493 -0.00523607 -0.00581457 -1.07596 -82.0167 2.52307 8.12338</i>
                        <i>0.22922 0.973352 -0.00656164 0.973364 -0.229244 -0.00313493 -0.0049018 -0.00609902 -1.07596 -83.6719 2.48772 8.12338</i>
                        <i>0.199348 0.979907 -0.00656164 0.979919 -0.199371 -0.00313493 -0.004713 -0.00624606 -1.07596 -85.1862 2.46956 8.12338</i>
                        <i>0.189959 0.98177 -0.00656164 0.981783 -0.189982 -0.00313493 -0.00465299 -0.00629089 -1.07596 -86.5467 2.46404 8.12338</i>
                        <i>0.196765 0.980429 -0.00656164 0.980441 -0.196788 -0.00313493 -0.00469653 -0.00625846 -1.07596 -87.7395 2.46803 8.12338</i>
                        <i>0.215303 0.976525 -0.00656164 0.976537 -0.215326 -0.00313493 -0.00481424 -0.00616837 -1.07596 -88.75 2.47915 8.12338</i>
                        <i>0.241053 0.97049 -0.00656164 0.970501 -0.241077 -0.00313493 -0.00497569 -0.00603889 -1.07596 -89.5638 2.49517 8.12338</i>
                        <i>0.269526 0.962971 -0.00656164 0.962981 -0.26955 -0.00313493 -0.00515136 -0.00588975 -1.07596 -90.1664 2.5137 8.12338</i>
                        <i>0.296333 0.955062 -0.00656164 0.955072 -0.296357 -0.00313493 -0.00531394 -0.00574349 -1.07596 -90.5435 2.53195 8.12338</i>
                        <i>0.31722 0.948329 -0.00656164 0.948339 -0.317245 -0.00313493 -0.0054387 -0.00562549 -1.07596 -90.6814 2.54671 8.12338</i>
                    </KeyFrames>
                </p>
            </i>
            <i>
                <p>
                    <Name><![CDATA[front_gear]]></Name>
                    <Exclude>0</Exclude>
                    <Additive>0</Additive>
                    <IKPriority>0</IKPriority>
                    <IKRotLimits>-1e+010 -1e+010 -1e+010 1e+010 1e+010 1e+010</IKRotLimits>
                    <IKRotLimitOrder>0</IKRotLimitOrder>
                    <KeyFrames count="50">
                        <i>1 0 0 0 0.352009 -0.935997 0 0.935997 0.352009 0 2.80856 6.26655</i>
                        <i>0.999918 -0.0128274 4.23516e-022 0.00451982 0.352328 -0.935866 0.0120047 0.935789 0.352357 -0.00674384 2.80627 6.26636</i>
                        <i>0.999076 -0.0429894 0 0.0151893 0.353001 -0.9355 0.0402165 0.934635 0.353327 -0.0228804 2.80023 6.26581</i>
                        <i>0.996955 -0.077983 0 0.0276692 0.35373 -0.934938 0.0729093 0.932091 0.35481 -0.162773 2.79146 6.26496</i>
                        <i>0.994435 -0.105348 0 0.0375772 0.35471 -0.934221 0.0984186 0.929022 0.356695 -0.533485 2.78027 6.26385</i>
                        <i>0.993624 -0.112746 -5.42101e-020 0.0404612 0.356584 -0.933387 0.105235 0.927435 0.358872 -1.11743 2.76622 6.26254</i>
                        <i>0.996137 -0.0878118 0 0.0317203 0.359835 -0.932477 0.0818824 0.928874 0.36123 -1.89607 2.74903 6.26108</i>
                        <i>0.99984 -0.0178981 0 0.00650886 0.363603 -0.931531 0.0166727 0.931382 0.363662 -2.84973 2.73054 6.25953</i>
                        <i>0.994005 0.109335 0 -0.0400228 0.363861 -0.930593 -0.101747 0.925014 0.366056 -3.95817 2.71806 6.25797</i>
                        <i>0.962228 0.272246 0 -0.100269 0.354393 -0.929705 -0.253109 0.894588 0.368305 -5.22221 2.72314 6.25645</i>
                        <i>0.899146 0.43765 0 -0.162061 0.332953 -0.928912 -0.406538 0.835227 0.3703 -6.65209 2.75098 6.25508</i>
                        <i>0.801859 0.597514 8.67362e-019 -0.222235 0.298238 -0.92826 -0.554648 0.744333 0.371933 -8.24387 2.80503 6.25393</i>
                        <i>0.669662 0.742666 0 -0.277086 0.249848 -0.927793 -0.68904 0.621307 0.373096 -9.99514 2.88665 6.25311</i>
                        <i>0.5045 0.863412 -1.73472e-018 -0.322642 0.188523 -0.927557 -0.800863 0.467952 0.373682 -11.9044 2.99449 6.25268</i>
                        <i>0.311217 0.950339 1.73472e-018 -0.35503 0.116265 -0.927597 -0.881531 0.288684 0.373583 -13.9698 3.12399 6.25276</i>
                        <i>0.0975355 0.995232 1.73472e-018 -0.371031 0.036362 -0.927908 -0.923484 0.090504 0.372808 -16.1875 3.2673 6.25331</i>
                        <i>-0.126279 0.991995 0 -0.368516 -0.0469114 -0.928437 -0.921005 -0.117242 0.37149 -18.5503 3.41458 6.25425</i>
                        <i>-0.348082 0.937464 0 -0.346583 -0.128687 -0.92915 -0.871045 -0.323421 0.369703 -21.0478 3.55548 6.2555</i>
                        <i>-0.554786 0.831993 8.67362e-019 -0.305773 -0.203894 -0.930016 -0.773767 -0.51596 0.367519 -23.6668 3.68007 6.25699</i>
                        <i>-0.733484 0.679707 0 -0.248102 -0.267731 -0.931002 -0.632809 -0.682875 0.365013 -26.3909 3.77983 6.25865</i>
                        <i>-0.87264 0.488365 4.33681e-019 -0.176914 -0.316121 -0.932078 -0.455194 -0.813368 0.362258 -29.2014 3.84866 6.26043</i>
                        <i>-0.963189 0.268824 2.1684e-019 -0.0965961 -0.346101 -0.933211 -0.25087 -0.898859 0.359328 -32.0786 3.88334 6.26226</i>
                        <i>-0.999417 0.0341553 -1.35525e-020 -0.0121695 -0.35609 -0.934372 -0.0319137 -0.933827 0.356298 -35.0023 3.88378 6.26409</i>
                        <i>-0.979488 -0.201501 -2.71051e-020 0.0711787 -0.345997 -0.935532 0.18851 -0.916342 0.353243 -37.9534 3.85273 6.26586</i>
                        <i>-0.905578 -0.42418 0 0.148563 -0.317166 -0.936661 0.397313 -0.84822 0.350236 -40.9143 3.79522 6.26753</i>
                        <i>-0.783566 -0.621309 2.1684e-019 0.215815 -0.272175 -0.937734 0.582622 -0.734776 0.347355 -43.8699 3.71771 6.26907</i>
                        <i>-0.62237 -0.782723 0 0.269785 -0.214515 -0.938722 0.73476 -0.584232 0.344674 -46.8073 3.62721 6.27046</i>
                        <i>-0.432995 -0.901396 0 0.308521 -0.148201 -0.939601 0.846953 -0.406843 0.34227 -49.7158 3.53043 6.27165</i>
                        <i>-0.227442 -0.973792 8.67362e-019 0.331303 -0.07738 -0.940346 0.915701 -0.213874 0.340219 -52.5868 3.4331 6.27263</i>
                        <i>-0.017602 -0.999845 8.67362e-019 0.338545 -0.00596 -0.940931 0.940786 -0.0165623 0.338597 -55.4126 3.33961 6.27339</i>
                        <i>0.185716 -0.982603 -2.60209e-018 0.33161 0.0626755 -0.941332 0.924957 0.17482 0.337481 -58.1865 3.25278 6.2739</i>
                        <i>0.373551 -0.92761 0 0.312677 0.125916 -0.941476 0.873323 0.35169 0.337079 -60.9025 3.17368 6.27408</i>
                        <i>0.539272 -0.842132 0 0.284183 0.181981 -0.941341 0.792733 0.507639 0.337457 -63.5531 3.1021 6.27391</i>
                        <i>0.678771 -0.73435 0 0.248561 0.229749 -0.940974 0.691005 0.638706 0.338478 -66.1292 3.03802 6.27345</i>
                        <i>0.790396 -0.612597 0 0.208284 0.268736 -0.940425 0.576101 0.743307 0.340002 -68.6217 2.98165 6.27274</i>
                        <i>0.874666 -0.484726 0 0.165724 0.299042 -0.939739 0.455516 0.821958 0.341893 -71.0217 2.93327 6.27183</i>
                        <i>0.933853 -0.357658 0 0.123038 0.321255 -0.938966 0.335829 0.876855 0.344011 -73.3207 2.8931 6.27079</i>
                        <i>0.971481 -0.237116 0 0.0820941 0.336345 -0.938154 0.222451 0.911399 0.346219 -75.5101 2.86109 6.26967</i>
                        <i>0.991834 -0.127539 0 0.044432 0.345534 -0.937354 0.119549 0.929699 0.348379 -77.5817 2.83691 6.26853</i>
                        <i>0.999483 -0.0321536 0 0.0112652 0.350173 -0.936617 0.0301157 0.936133 0.350355 -79.5275 2.81989 6.26747</i>
                        <i>0.998902 0.0468449 0 -0.0164898 0.351623 -0.935997 -0.0438467 0.934969 0.352009 -81.339 2.80913 6.26655</i>
                        <i>0.994704 0.102781 0 -0.0361797 0.350145 -0.935997 -0.0962024 0.93104 0.352009 -83.0113 2.81133 6.26655</i>
                        <i>0.991096 0.133151 0 -0.0468704 0.348875 -0.935997 -0.124629 0.927662 0.352009 -84.5358 2.81322 6.26655</i>
                        <i>0.989776 0.142632 0 -0.0502077 0.34841 -0.935997 -0.133503 0.926427 0.352009 -85.8997 2.81391 6.26655</i>
                        <i>0.990741 0.135762 0 -0.0477894 0.34875 -0.935997 -0.127073 0.927331 0.352009 -87.09 2.8134 6.26655</i>
                        <i>0.993136 0.116969 0 -0.0411743 0.349593 -0.935997 -0.109483 0.929571 0.352009 -88.0941 2.81215 6.26655</i>
