<?xml version="1.0" encoding="ISO-8859-1" ?>
<Animl Version="1">
    <ModellingPackage><![CDATA[Maya.2010]]></ModellingPackage>
    <SrcFile><![CDATA[anims\vehicles\blue\~src\air\fighter_f14tomcat\fighter_f14tomcat_roll_left.mb]]></SrcFile>
    <FramesPerSecond>30</FramesPerSecond>
    <TotalFrames>50</TotalFrames>
    <Skeleton>
        <RefFrame>
            <Name><![CDATA[f14tomcat_ref_frame]]></Name>
            <Exclude>0</Exclude>
            <Additive>0</Additive>
            <IKPriority>0</IKPriority>
            <IKRotLimits>-1e+010 -1e+010 -1e+010 1e+010 1e+010 1e+010</IKRotLimits>
            <IKRotLimitOrder>0</IKRotLimitOrder>
            <KeyFrames count="50">
                <i>1 0 0 0 1 0 0 0 1 0 0 0</i>
                <i>1 0 0 0 1 0 0 0 1 0 0 0</i>
                <i>1 0 0 0 1 0 0 0 1 0 0 0</i>
                <i>1 0 0 0 1 0 0 0 1 0.13735 0 0</i>
                <i>1 0 0 0 1 0 0 0 1 0.540947 0 0</i>
                <i>1 0 0 0 1 0 0 0 1 1.19811 0 0</i>
                <i>1 0 0 0 1 0 0 0 1 2.09617 0 0</i>
                <i>1 0 0 0 1 0 0 0 1 3.22244 0 0</i>
                <i>1 0 0 0 1 0 0 0 1 4.56424 0 0</i>
                <i>1 0 0 0 1 0 0 0 1 6.10889 0 0</i>
                <i>1 0 0 0 1 0 0 0 1 7.84373 0 0</i>
                <i>1 0 0 0 1 0 0 0 1 9.75606 0 0</i>
                <i>1 0 0 0 1 0 0 0 1 11.8332 0 0</i>
                <i>1 0 0 0 1 0 0 0 1 14.0625 0 0</i>
                <i>1 0 0 0 1 0 0 0 1 16.4313 0 0</i>
                <i>1 0 0 0 1 0 0 0 1 18.9268 0 0</i>
                <i>1 0 0 0 1 0 0 0 1 21.5364 0 0</i>
                <i>1 0 0 0 1 0 0 0 1 24.2475 0 0</i>
                <i>1 0 0 0 1 0 0 0 1 27.0473 0 0</i>
                <i>1 0 0 0 1 0 0 0 1 29.9232 0 0</i>
                <i>1 0 0 0 1 0 0 0 1 32.8625 0 0</i>
                <i>1 0 0 0 1 0 0 0 1 35.8525 0 0</i>
                <i>1 0 0 0 1 0 0 0 1 38.8805 0 0</i>
                <i>1 0 0 0 1 0 0 0 1 41.9339 0 0</i>
                <i>1 0 0 0 1 0 0 0 1 45 0 0</i>
                <i>1 0 0 0 1 0 0 0 1 48.0661 0 0</i>
                <i>1 0 0 0 1 0 0 0 1 51.1195 0 0</i>
                <i>1 0 0 0 1 0 0 0 1 54.1475 0 0</i>
                <i>1 0 0 0 1 0 0 0 1 57.1375 0 0</i>
                <i>1 0 0 0 1 0 0 0 1 60.0768 0 0</i>
                <i>1 0 0 0 1 0 0 0 1 62.9527 0 0</i>
                <i>1 0 0 0 1 0 0 0 1 65.7525 0 0</i>
                <i>1 0 0 0 1 0 0 0 1 68.4636 0 0</i>
                <i>1 0 0 0 1 0 0 0 1 71.0732 0 0</i>
                <i>1 0 0 0 1 0 0 0 1 73.5687 0 0</i>
                <i>1 0 0 0 1 0 0 0 1 75.9375 0 0</i>
                <i>1 0 0 0 1 0 0 0 1 78.1668 0 0</i>
                <i>1 0 0 0 1 0 0 0 1 80.2439 0 0</i>
                <i>1 0 0 0 1 0 0 0 1 82.1563 0 0</i>
                <i>1 0 0 0 1 0 0 0 1 83.8911 0 0</i>
                <i>1 0 0 0 1 0 0 0 1 85.4358 0 0</i>
                <i>1 0 0 0 1 0 0 0 1 86.7776 0 0</i>
                <i>1 0 0 0 1 0 0 0 1 87.9038 0 0</i>
                <i>1 0 0 0 1 0 0 0 1 88.8019 0 0</i>
                <i>1 0 0 0 1 0 0 0 1 89.4591 0 0</i>
                <i>1 0 0 0 1 0 0 0 1 89.8626 0 0</i>
                <i>1 0 0 0 1 0 0 0 1 90 0 0</i>
                <i>1 0 0 0 1 0 0 0 1 90 0 0</i>
                <i>1 0 0 0 1 0 0 0 1 90 0 0</i>
                <i>1 0 0 0 1 0 0 0 1 90 0 0</i>
            </KeyFrames>
        </RefFrame>
        <Bones count="21">
            <i>
                <p>
                    <Name><![CDATA[f14tomcat_root]]></Name>
                    <Exclude>0</Exclude>
                    <Additive>0</Additive>
                    <IKPriority>0</IKPriority>
                    <IKRotLimits>-1e+010 -1e+010 -1e+010 1e+010 1e+010 1e+010</IKRotLimits>
                    <IKRotLimitOrder>0</IKRotLimitOrder>
                    <KeyFrames count="50">
                        <i>1 0 0 0 1 0 0 0 1 0 3.33197 0.00336142</i>
                        <i>0.999988 0.00488446 -1.05879e-022 -0.00488446 0.999988 0.000371708 1.81559e-006 -0.000371703 1 0 3.33197 0.00336142</i>
                        <i>0.999876 0.0157679 -1.69407e-021 -0.0157679 0.999875 0.0014088 2.22139e-005 -0.00140863 0.999999 0 3.33197 0.00336142</i>
                        <i>0.999636 0.0269951 0 -0.026995 0.999631 0.00299425 8.08299e-005 -0.00299316 0.999996 0.13735 3.33197 0.00336142</i>
                        <i>0.999458 0.0329138 1.35525e-020 -0.0329134 0.999446 0.00501099 0.000164931 -0.00500827 0.999987 0.540947 3.33197 0.00336142</i>
                        <i>0.999611 0.0278752 -1.35525e-020 -0.0278744 0.999584 0.00734196 0.000204658 -0.00733911 0.999973 1.19811 3.33197 0.00336142</i>
                        <i>0.999981 0.00622142 6.77626e-021 -0.00622112 0.999932 0.00987012 6.14062e-005 -0.00986993 0.999951 2.09617 3.33197 0.00336142</i>
                        <i>0.999289 -0.0376973 2.71051e-020 0.0376944 0.999211 0.0124784 -0.000470402 -0.0124695 0.999922 3.22244 3.33197 0.00336142</i>
                        <i>0.994004 -0.109339 0 0.109327 0.993892 0.0150498 -0.00164553 -0.0149595 0.999887 4.56424 3.33197 0.00336142</i>
                        <i>0.97873 -0.205154 2.1684e-019 0.205123 0.97858 0.0174671 -0.00358346 -0.0170956 0.999847 6.10889 3.33197 0.00336142</i>
                        <i>0.94872 -0.316119 4.33681e-019 0.316058 0.948537 0.0196135 -0.0062002 -0.0186077 0.999808 7.84373 3.33197 0.00336142</i>
                        <i>0.898949 -0.438054 0 0.437954 0.898743 0.021372 -0.00936208 -0.0192123 0.999772 9.75606 3.33197 0.00336142</i>
                        <i>0.824857 -0.565341 0 0.565197 0.824646 0.0226254 -0.0127911 -0.0186628 0.999744 11.8332 3.33197 0.00336142</i>
                        <i>0.722966 -0.690883 0 0.690696 0.722771 0.023257 -0.0160679 -0.016814 0.99973 14.0625 3.33197 0.00336142</i>
                        <i>0.591519 -0.806291 -1.73472e-018 0.806075 0.59136 0.0231497 -0.0186654 -0.0136935 0.999732 16.4313 3.33197 0.00336142</i>
                        <i>0.431072 -0.902317 1.73472e-018 0.902093 0.430965 0.0223148 -0.0201351 -0.00961931 0.999751 18.9268 3.33197 0.00336142</i>
                        <i>0.244955 -0.969534 0 0.969323 0.244901 0.0208952 -0.0202586 -0.00511838 0.999782 21.5364 3.33197 0.00336142</i>
                        <i>0.0394743 -0.999221 0 0.999041 0.0394672 0.018971 -0.0189562 -0.000748866 0.99982 24.2475 3.33197 0.00336142</i>
                        <i>-0.176193 -0.984356 1.73472e-018 0.98422 -0.176168 0.0166222 -0.0163622 0.00292872 0.999862 27.0473 3.33197 0.00336142</i>
                        <i>-0.390492 -0.920606 0 0.920517 -0.390454 0.0139292 -0.0128233 0.00543925 0.999903 29.9232 3.33197 0.00336142</i>
                        <i>-0.59035 -0.807147 8.67362e-019 0.807099 -0.590315 0.0109721 -0.00885609 0.00647738 0.99994 32.8625 3.33197 0.00336142</i>
                        <i>-0.762347 -0.647168 0 0.647148 -0.762324 0.00783104 -0.005068 0.00596997 0.999969 35.8525 3.33197 0.00336142</i>
                        <i>-0.894055 -0.447958 2.1684e-019 0.447953 -0.894045 0.00458629 -0.00205446 0.00410039 0.99999 38.8805 3.33197 0.00336142</i>
                        <i>-0.975389 -0.220491 0 0.220491 -0.975388 0.00131808 -0.000290625 0.00128564 0.999999 41.9339 3.33197 0.00336142</i>
                        <i>-0.99977 0.0214529 0 -0.0214529 -0.999768 -0.00189334 -4.06176e-005 -0.0018929 0.999998 45 3.33197 0.00336142</i>
                        <i>-0.964917 0.262557 0 -0.262553 -0.964905 -0.00496773 -0.00130431 -0.00479345 0.999988 48.0661 3.33197 0.00336142</i>
                        <i>-0.873153 0.487446 2.1684e-019 -0.487431 -0.873126 -0.00782486 -0.0038142 -0.0068323 0.999969 51.1195 3.33197 0.00336142</i>
                        <i>-0.731168 0.682198 0 -0.682161 -0.731128 -0.0103845 -0.00708429 -0.00759283 0.999946 54.1475 3.33197 0.00336142</i>
                        <i>-0.549269 0.835646 0 -0.83558 -0.549226 -0.0125665 -0.0105011 -0.00690239 0.999921 57.1375 3.33197 0.00336142</i>
                        <i>-0.340239 0.940339 8.67362e-019 -0.940243 -0.340204 -0.0142906 -0.013438 -0.00486223 0.999898 60.0768 3.33197 0.00336142</i>
                        <i>-0.11797 0.993017 8.67362e-019 -0.992898 -0.117956 -0.0154767 -0.0153686 -0.00182579 0.99988 62.9527 3.33197 0.00336142</i>
                        <i>0.103933 0.994584 1.73472e-018 -0.994458 0.10392 -0.0159038 -0.0158177 0.00165293 0.999874 65.7525 3.33197 0.00336142</i>
                        <i>0.313389 0.949625 0 -0.949511 0.313352 -0.0155021 -0.0147212 0.0048582 0.99988 68.4636 3.33197 0.00336142</i>
                        <i>0.500785 0.865572 0 -0.865482 0.500733 -0.0144178 -0.0124796 0.0072202 0.999896 71.0732 3.33197 0.00336142</i>
                        <i>0.659528 0.75168 0 -0.751619 0.659474 -0.012797 -0.00961928 0.00843999 0.999918 73.5687 3.33197 0.00336142</i>
                        <i>0.786207 0.617963 4.33681e-019 -0.617927 0.786161 -0.0107862 -0.00666546 0.00848017 0.999942 75.9375 3.33197 0.00336142</i>
                        <i>0.880401 0.474229 4.33681e-019 -0.474212 0.880369 -0.00853148 -0.00404588 0.00751113 0.999964 78.1668 3.33197 0.00336142</i>
                        <i>0.944216 0.329326 2.1684e-019 -0.32932 0.944198 -0.00617921 -0.00203498 0.00583451 0.999981 80.2439 3.33197 0.00336142</i>
                        <i>0.981659 0.190646 -5.42101e-020 -0.190645 0.981651 -0.00387568 -0.000738883 0.00380459 0.999992 82.1563 3.33197 0.00336142</i>
                        <i>0.997956 0.0639041 -6.77626e-021 -0.063904 0.997954 -0.00176717 -0.000112929 0.00176355 0.999998 83.8911 3.33197 0.00336142</i>
                        <i>0.998902 -0.0468436 0 0.0468436 0.998902 0 0 0 1 85.4358 3.33197 0.00336142</i>
                        <i>0.991755 -0.128146 0 0.128146 0.991755 0 0 0 1 86.7776 3.33197 0.00336142</i>
                        <i>0.984917 -0.173028 0 0.173028 0.984917 0 0 0 1 87.9038 3.33197 0.00336142</i>
                        <i>0.982105 -0.188334 0 0.188334 0.982105 0 0 0 1 88.8019 3.33197 0.00336142</i>
                        <i>0.983559 -0.180586 0 0.180586 0.983559 0 0 0 1 89.4591 3.33197 0.00336142</i>
                        <i>0.987756 -0.156008 0 0.156008 0.987756 0 0 0 1 89.8626 3.33197 0.00336142</i>
                        <i>0.992682 -0.12076 0 0.12076 0.992682 0 0 0 1 90 3.33197 0.00336142</i>
                        <i>0.996705 -0.0811105 0 0.0811105 0.996705 0 0 0 1 90 3.33197 0.00336142</i>
                        <i>0.999055 -0.0434621 0 0.0434621 0.999055 0 0 0 1 90 3.33197 0.00336142</i>
                        <i>0.999898 -0.0142773 0 0.0142773 0.999898 0 0 0 1 90 3.33197 0.00336142</i>
                    </KeyFrames>
                </p>
            </i>
            <i>
                <p>
                    <Name><![CDATA[cockpit_hatch]]></Name>
                    <Exclude>0</Exclude>
                    <Additive>0</Additive>
                    <IKPriority>0</IKPriority>
                    <IKRotLimits>-1e+010 -1e+010 -1e+010 1e+010 1e+010 1e+010</IKRotLimits>
                    <IKRotLimitOrder>0</IKRotLimitOrder>
                    <KeyFrames count="50">
                        <i>1 0 0 0 1 0 0 0 1 0 4.55645 3.31878</i>
                        <i>0.999988 0.00488446 -1.05879e-022 -0.00488446 0.999988 0.000371708 1.81559e-006 -0.000371703 1 -0.00597489 4.5552 3.31923</i>
                        <i>0.999876 0.0157679 -1.69407e-021 -0.0157679 0.999875 0.0014088 2.22139e-005 -0.00140863 0.999999 -0.0192338 4.55162 3.3205</i>
                        <i>0.999636 0.0269951 0 -0.026995 0.999631 0.00299425 8.08299e-005 -0.00299316 0.999996 0.104563 4.54607 3.32243</i>
                        <i>0.999458 0.0329138 1.35525e-020 -0.0329134 0.999446 0.00501099 0.000164931 -0.00500827 0.999987 0.501192 4.53916 3.32487</i>
                        <i>0.999611 0.0278752 -1.35525e-020 -0.0278744 0.999584 0.00734196 0.000204658 -0.00733911 0.999973 1.16466 4.5316 3.32768</i>
                        <i>0.999981 0.00622142 6.77626e-021 -0.00622112 0.999932 0.00987012 6.14062e-005 -0.00986993 0.999951 2.08875 4.52364 3.3307</i>
                        <i>0.999289 -0.0376973 2.71051e-020 0.0376944 0.999211 0.0124784 -0.000470402 -0.0124695 0.999922 3.26703 4.51414 3.3338</i>
                        <i>0.994004 -0.109339 0 0.109327 0.993892 0.0150498 -0.00164553 -0.0149595 0.999887 4.69265 4.49937 3.33683</i>
                        <i>0.97873 -0.205154 2.1684e-019 0.205123 0.97858 0.0174671 -0.00358346 -0.0170956 0.999847 6.34818 4.47354 3.33966</i>
                        <i>0.94872 -0.316119 4.33681e-019 0.316058 0.948537 0.0196135 -0.0062002 -0.0186077 0.999808 8.21018 4.43174 3.34216</i>
                        <i>0.898949 -0.438054 0 0.437954 0.898743 0.021372 -0.00936208 -0.0192123 0.999772 10.2613 4.36876 3.34419</i>
                        <i>0.824857 -0.565341 0 0.565197 0.824646 0.0226254 -0.0127911 -0.0186628 0.999744 12.4829 4.27985 3.34563</i>
                        <i>0.722966 -0.690883 0 0.690696 0.722771 0.023257 -0.0160679 -0.016814 0.99973 14.855 4.16124 3.34636</i>
                        <i>0.591519 -0.806291 -1.73472e-018 0.806075 0.59136 0.0231497 -0.0186654 -0.0136935 0.999732 17.3564 4.01068 3.34623</i>
                        <i>0.431072 -0.902317 1.73472e-018 0.902093 0.430965 0.0223148 -0.0201351 -0.00961931 0.999751 19.9646 3.82778 3.34528</i>
                        <i>0.244955 -0.969534 0 0.969323 0.244901 0.0208952 -0.0202586 -0.00511838 0.999782 22.6562 3.61488 3.34364</i>
                        <i>0.0394743 -0.999221 0 0.999041 0.0394672 0.018971 -0.0189562 -0.000748866 0.99982 25.408 3.37781 3.34141</i>
                        <i>-0.176193 -0.984356 1.73472e-018 0.98422 -0.176168 0.0166222 -0.0163622 0.00292872 0.999862 28.1982 3.12596 3.33867</i>
                        <i>-0.390492 -0.920606 0 0.920517 -0.390454 0.0139292 -0.0128233 0.00543925 0.999903 31.0079 2.8719 3.33551</i>
                        <i>-0.59035 -0.807147 8.67362e-019 0.807099 -0.590315 0.0109721 -0.00885609 0.00647738 0.99994 33.8214 2.63062 3.33201</i>
                        <i>-0.762347 -0.647168 0 0.647148 -0.762324 0.00783104 -0.005068 0.00596997 0.999969 36.6281 2.41831 3.32826</i>
                        <i>-0.894055 -0.447958 2.1684e-019 0.447953 -0.894045 0.00458629 -0.00205446 0.00410039 0.99999 39.4222 2.25083 3.32436</i>
                        <i>-0.975389 -0.220491 0 0.220491 -0.975388 0.00131808 -0.000290625 0.00128564 0.999999 42.203 2.14189 3.32039</i>
                        <i>-0.99977 0.0214529 0 -0.0214529 -0.999768 -0.00189334 -4.06176e-005 -0.0018929 0.999998 44.9736 2.1015 3.31645</i>
                        <i>-0.964917 0.262557 0 -0.262553 -0.964905 -0.00496773 -0.00130431 -0.00479345 0.999988 47.7402 2.13457 3.31265</i>
                        <i>-0.873153 0.487446 2.1684e-019 -0.487431 -0.873126 -0.00782486 -0.0038142 -0.0068323 0.999969 50.51 2.24019 3.30909</i>
                        <i>-0.731168 0.682198 0 -0.682161 -0.731128 -0.0103845 -0.00708429 -0.00759283 0.999946 53.2887 2.41155 3.30588</i>
                        <i>-0.549269 0.835646 0 -0.83558 -0.549226 -0.0125665 -0.0105011 -0.00690239 0.999921 56.0795 2.63657 3.30313</i>
                        <i>-0.340239 0.940339 8.67362e-019 -0.940243 -0.340204 -0.0142906 -0.013438 -0.00486223 0.999898 58.8809 2.89928 3.30094</i>
                        <i>-0.11797 0.993017 8.67362e-019 -0.992898 -0.117956 -0.0154767 -0.0153686 -0.00182579 0.99988 61.6859 3.18148 3.29943</i>
                        <i>0.103933 0.994584 1.73472e-018 -0.994458 0.10392 -0.0159038 -0.0158177 0.00165293 0.999874 64.4824 3.4647 3.29888</i>
                        <i>0.313389 0.949625 0 -0.949511 0.313352 -0.0155021 -0.0147212 0.0048582 0.99988 67.2521 3.73177 3.2994</i>
                        <i>0.500785 0.865572 0 -0.865482 0.500733 -0.0144178 -0.0124796 0.0072202 0.999896 69.9721 3.96904 3.30078</i>
                        <i>0.659528 0.75168 0 -0.751619 0.659474 -0.012797 -0.00961928 0.00843999 0.999918 72.6165 4.16746 3.30284</i>
                        <i>0.786207 0.617963 4.33681e-019 -0.617927 0.786161 -0.0107862 -0.00666546 0.00848017 0.999942 75.1588 4.32272 3.30538</i>
                        <i>0.880401 0.474229 4.33681e-019 -0.474212 0.880369 -0.00853148 -0.00404588 0.00751113 0.999964 77.5727 4.43486 3.30821</i>
                        <i>0.944216 0.329326 2.1684e-019 -0.32932 0.944198 -0.00617921 -0.00203498 0.00583451 0.999981 79.834 4.50746 3.31115</i>
                        <i>0.981659 0.190646 -5.42101e-020 -0.190645 0.981651 -0.00387568 -0.000738883 0.00380459 0.999992 81.9204 4.54659 3.31401</i>
                        <i>0.997956 0.0639041 -6.77626e-021 -0.063904 0.997954 -0.00176717 -0.000112929 0.00176355 0.999998 83.8125 4.55979 3.31661</i>
                        <i>0.998902 -0.0468436 0 0.0468436 0.998902 0 0 0 1 85.4931 4.5551 3.31878</i>
                        <i>0.991755 -0.128146 0 0.128146 0.991755 0 0 0 1 86.9345 4.54635 3.31878</i>
                        <i>0.984917 -0.173028 0 0.173028 0.984917 0 0 0 1 88.1157 4.53798 3.31878</i>
                        <i>0.982105 -0.188334 0 0.188334 0.982105 0 0 0 1 89.0325 4.53453 3.31878</i>
                        <i>0.983559 -0.180586 0 0.180586 0.983559 0 0 0 1 89.6802 4.53631 3.31878</i>
                        <i>0.987756 -0.156008 0 0.156008 0.987756 0 0 0 1 90.0537 4.54145 3.31878</i>
                        <i>0.992682 -0.12076 0 0.12076 0.992682 0 0 0 1 90.1479 4.54748 3.31878</i>
                        <i>0.996705 -0.0811105 0 0.0811105 0.996705 0 0 0 1 90.0993 4.55241 3.31878</i>
                        <i>0.999055 -0.0434621 0 0.0434621 0.999055 0 0 0 1 90.0532 4.55529 3.31878</i>
                        <i>0.999898 -0.0142773 0 0.0142773 0.999898 0 0 0 1 90.0175 4.55632 3.31878</i>
                    </KeyFrames>
                </p>
            </i>
            <i>
                <p>
                    <Name><![CDATA[left_frontgear_hatch]]></Name>
                    <Exclude>0</Exclude>
                    <Additive>0</Additive>
                    <IKPriority>0</IKPriority>
                    <IKRotLimits>-1e+010 -1e+010 -1e+010 1e+010 1e+010 1e+010</IKRotLimits>
                    <IKRotLimitOrder>0</IKRotLimitOrder>
                    <KeyFrames count="50">
                        <i>0.350828 -0.93644 0 0.936435 0.350826 0.00334987 -0.00337983 -0.00126622 1.07742 0.697856 2.55487 8.12051</i>
                        <i>0.355398 -0.934715 -0.000348082 0.93471 0.355395 0.00348028 -0.00337164 -0.00168319 1.07742 0.701658 2.55527 8.12022</i>
                        <i>0.36555 -0.930791 -0.00131926 0.930786 0.365543 0.00384411 -0.00333551 -0.00283704 1.07741 0.710203 2.55453 8.1194</i>
                        <i>0.37598 -0.926624 -0.00280393 0.926623 0.375966 0.00440032 -0.00325733 -0.00458187 1.07741 0.856586 2.5497 8.11814</i>
                        <i>0.38146 -0.924374 -0.00469249 0.924381 0.381437 0.00510781 -0.00315862 -0.00677276 1.0774 1.26534 2.53761 8.11651</i>
                        <i>0.376795 -0.926271 -0.00687531 0.926292 0.376759 0.00592554 -0.00312272 -0.00926719 1.07738 1.91902 2.51507 8.11458</i>
                        <i>0.356647 -0.934193 -0.00924278 0.934234 0.356595 0.00681241 -0.00330572 -0.0119212 1.07735 2.79934 2.47915 8.11244</i>
                        <i>0.31528 -0.948927 -0.0116853 0.948991 0.315207 0.00772736 -0.00393197 -0.0145727 1.07732 3.88669 2.42796 8.11018</i>
                        <i>0.246347 -0.969079 -0.0140932 0.969169 0.246244 0.00862934 -0.00527091 -0.0170066 1.07728 5.1596 2.36188 8.10789</i>
                        <i>0.151281 -0.988356 -0.0163569 0.988467 0.151141 0.00947729 -0.00742855 -0.0189648 1.07723 6.60342 2.28958 8.1057</i>
                        <i>0.0368686 -0.999151 -0.0183669 0.999274 0.0366851 0.0102302 -0.0102869 -0.0201809 1.07719 8.20986 2.22321 8.1037</i>
                        <i>-0.0947411 -0.995301 -0.0200136 0.995421 -0.0949706 0.010847 -0.0136797 -0.0203571 1.07714 9.96707 2.17191 8.10205</i>
                        <i>-0.239889 -0.970569 -0.0211874 0.970668 -0.24016 0.0112866 -0.0172849 -0.019241 1.07711 11.8658 2.14512 8.10085</i>
                        <i>-0.393158 -0.919213 -0.0217788 0.919271 -0.393456 0.0115081 -0.0206299 -0.0166959 1.0771 13.8999 2.15168 8.10024</i>
                        <i>-0.547319 -0.836643 -0.0216783 0.836648 -0.54762 0.0114705 -0.0231303 -0.0127773 1.0771 16.0661 2.19859 8.10034</i>
                        <i>-0.693523 -0.720131 -0.0208965 0.720081 -0.693799 0.0111777 -0.0242931 -0.00786003 1.07712 18.3632 2.2893 8.10115</i>
                        <i>-0.821775 -0.569476 -0.0195671 0.56938 -0.822005 0.0106797 -0.0238823 -0.00254788 1.07716 20.7897 2.42351 8.1025</i>
                        <i>-0.921693 -0.387514 -0.0177652 0.387391 -0.921861 0.0100048 -0.0218221 0.00252038 1.0772 23.3448 2.59791 8.10431</i>
                        <i>-0.983476 -0.180369 -0.0155657 0.180243 -0.983579 0.00918093 -0.0182797 0.00670547 1.07725 26.0267 2.8057 8.10647</i>
                        <i>-0.999004 0.0426617 -0.0130439 -0.0427712 -0.999051 0.00823629 -0.0136619 0.00946623 1.0773 28.8313 3.03709 8.1089</i>
                        <i>-0.962911 0.269624 -0.0102747 -0.269703 -0.962917 0.00719897 -0.00856839 0.0104543 1.07734 31.7514 3.28001 8.11149</i>
                        <i>-0.873468 0.486826 -0.00733329 -0.486869 -0.873454 0.0060971 -0.00370318 0.00958473 1.07737 34.7765 3.5212 8.11417</i>
                        <i>-0.733141 0.680063 -0.00429478 -0.680077 -0.733124 0.00495883 0.000241026 0.00706391 1.0774 37.8918 3.74741 8.11686</i>
                        <i>-0.54867 0.836038 -0.0012343 -0.836035 -0.548663 0.00381229 0.00270433 0.00336545 1.07741 41.0795 3.94651 8.11948</i>
                        <i>-0.330658 0.943749 0.001773 -0.943745 -0.330662 0.00268563 0.00336245 -0.000846025 1.07742 44.3186 4.1085 8.12196</i>
                        <i>-0.0926547 0.995687 0.00465198 -0.995696 -0.0926631 0.00160702 0.00218841 -0.00483016 1.07741 47.5861 4.22612 8.12427</i>
                        <i>0.150123 0.98864 0.00732751 -0.988667 0.150123 0.000604601 -0.000541184 -0.00790315 1.07739 50.8579 4.29519 8.12634</i>
                        <i>0.382288 0.923992 0.00972448 -0.924034 0.382309 -0.000293473 -0.00429776 -0.00956058 1.07737 54.1098 4.31457 8.12814</i>
                        <i>0.589771 0.807485 0.0117678 -0.807533 0.589821 -0.00105905 -0.00839965 -0.00956565 1.07735 57.3183 4.28591 8.12963</i>
                        <i>0.761115 0.648478 0.0133823 -0.648519 0.761197 -0.001664 -0.0121379 -0.00798605 1.07733 60.4609 4.2131 8.13078</i>
                        <i>0.888402 0.458837 0.014493 -0.458858 0.888507 -0.00208017 -0.0149025 -0.00517401 1.07731 63.5172 4.1018 8.13156</i>
                        <i>0.967713 0.251614 0.014893 -0.251609 0.967826 -0.00223004 -0.0161344 -0.00171221 1.0773 66.4694 3.95871 8.13184</i>
                        <i>0.999105 0.0397201 0.0145168 -0.0396939 0.99921 -0.00208908 -0.0157178 0.00162797 1.07731 69.3006 3.7906 8.13158</i>
                        <i>0.986161 -0.165239 0.0135014 0.165277 0.986246 -0.00170861 -0.0140424 0.00421965 1.07732 71.9939 3.6055 8.13087</i>
                        <i>0.935227 -0.353847 0.0119836 0.353884 0.935288 -0.00113994 -0.0116413 0.00571781 1.07735 74.535 3.41256 8.12979</i>
                        <i>0.854475 -0.519394 0.0101006 0.519424 0.854517 -0.000434399 -0.00905629 0.00605262 1.07737 76.9122 3.22113 8.12842</i>
                        <i>0.752941 -0.65804 0.00798922 0.658059 0.752966 0.000356681 -0.00673424 0.00537507 1.07739 79.1169 3.03974 8.12684</i>
                        <i>0.639646 -0.768648 0.00578646 0.768656 0.639661 0.00118198 -0.00496681 0.00397758 1.0774 81.1423 2.87541 8.12515</i>
                        <i>0.522921 -0.852373 0.00362934 0.852373 0.52293 0.00199016 -0.00387252 0.0022118 1.07741 82.9835 2.73305 8.12346</i>
                        <i>0.409953 -0.912105 0.00165484 0.912101 0.409957 0.0027299 -0.00341367 0.000420469 1.07742 84.6363 2.61537 8.12187</i>
                        <i>0.306577 -0.951846 0 0.951841 0.306575 0.00334987 -0.00343543 -0.00110651 1.07742 86.0965 2.52303 8.12051</i>
                        <i>0.227935 -0.973676 0 0.973671 0.227934 0.00334987 -0.00351422 -0.000822669 1.07742 87.3701 2.47185 8.12051</i>
                        <i>0.183507 -0.983018 0 0.983013 0.183506 0.00334987 -0.00354794 -0.000662318 1.07742 88.4567 2.44584 8.12051</i>
                        <i>0.168186 -0.985755 0 0.98575 0.168185 0.00334987 -0.00355782 -0.000607023 1.07742 89.3409 2.43734 8.12051</i>
                        <i>0.175952 -0.984399 0 0.984393 0.175951 0.00334987 -0.00355292 -0.000635051 1.07742 90.0051 2.44162 8.12051</i>
                        <i>0.200441 -0.979706 0 0.9797 0.20044 0.00334987 -0.00353598 -0.000723437 1.07742 90.4307 2.45551 8.12051</i>
                        <i>0.235177 -0.971953 0 0.971947 0.235175 0.00334987 -0.003508 -0.000848807 1.07742 90.5989 2.47628 8.12051</i>
                        <i>0.273717 -0.96181 0 0.961805 0.273716 0.00334987 -0.00347139 -0.000987908 1.07742 90.6325 2.50082 8.12051</i>
                        <i>0.309797 -0.950803 0 0.950797 0.309795 0.00334987 -0.00343167 -0.00111813 1.07742 90.6634 2.52527 8.12051</i>
                        <i>0.337423 -0.941353 0 0.941348 0.337421 0.00334987 -0.00339756 -0.00121784 1.07742 90.6867 2.54498 8.12051</i>
                    </KeyFrames>
                </p>
            </i>
            <i>
                <p>
                    <Name><![CDATA[right_frontgear_hatch]]></Name>
                    <Exclude>0</Exclude>
                    <Additive>0</Additive>
                    <IKPriority>0</IKPriority>
                    <IKRotLimits>-1e+010 -1e+010 -1e+010 1e+010 1e+010 1e+010</IKRotLimits>
                    <IKRotLimitOrder>0</IKRotLimitOrder>
                    <KeyFrames count="50">
                        <i>0.328048 0.944638 -0.00656164 0.944647 -0.328073 -0.00313493 -0.0055027 -0.0055629 -1.07596 -0.690367 2.55456 8.12338</i>
                        <i>0.32343 0.946232 -0.00621051 0.946238 -0.323454 -0.00325688 -0.00547742 -0.00518978 -1.07597 -0.686547 2.54818 8.12309</i>
                        <i>0.313112 0.949702 -0.00523082 0.949703 -0.313132 -0.00359712 -0.0054382 -0.00413334 -1.07597 -0.677843 2.53233 8.12227</i>
                        <i>0.302428 0.953165 -0.00373313 0.953159 -0.302442 -0.00411725 -0.0054375 -0.00248887 -1.07598 -0.531123 2.51191 8.12101</i>
                        <i>0.296778 0.954945 -0.00182799 0.954933 -0.296784 -0.00477886 -0.00549409 -0.000352221 -1.07598 -0.12212 2.4916 8.11938</i>
                        <i>0.301588 0.953438 0.000374036 0.953424 -0.301582 -0.00554355 -0.00556571 0.00218263 -1.07598 0.531345 2.47605 8.11745</i>
                        <i>0.322165 0.94668 0.00276237 0.94667 -0.322143 -0.0063729 -0.00553406 0.00502292 -1.07597 1.41115 2.47017 8.11531</i>
                        <i>0.363426 0.931609 0.00522645 0.931611 -0.363386 -0.00722852 -0.00520235 0.00806568 -1.07595 2.49944 2.47995 8.11304</i>
                        <i>0.429366 0.903098 0.00765567 0.903121 -0.429309 -0.008072 -0.00430736 0.0111686 -1.07593 3.77966 2.51332 8.11076</i>
                        <i>0.514861 0.857216 0.00993948 0.85727 -0.514791 -0.00886495 -0.00267107 0.0140794 -1.0759 5.24465 2.57403 8.10856</i>
                        <i>0.609827 0.792444 0.0119673 0.792535 -0.609752 -0.009569 -0.000307532 0.0164841 -1.07587 6.89271 2.66171 8.10657</i>
                        <i>0.708668 0.70541 0.0136286 0.705538 -0.7086 -0.0101458 0.00269031 0.0180826 -1.07584 8.71896 2.77969 8.10491</i>
                        <i>0.804583 0.593655 0.0148129 0.593813 -0.804534 -0.0105569 0.00607967 0.0186039 -1.07581 10.7205 2.92963 8.10371</i>
                        <i>0.889731 0.456224 0.0154096 0.4564 -0.88971 -0.0107641 0.00946791 0.0178723 -1.0758 12.896 3.11051 8.1031</i>
                        <i>0.955619 0.294209 0.0153082 0.294383 -0.955627 -0.0107289 0.0123442 0.0158808 -1.0758 15.2447 3.31769 8.1032</i>
                        <i>0.993696 0.111166 0.0145194 0.111322 -0.993729 -0.010455 0.0142743 0.0129178 -1.07582 17.7644 3.54175 8.10401</i>
                        <i>0.996149 -0.0866771 0.0131782 -0.0865492 -0.996197 -0.0099894 0.0150574 0.00947989 -1.07584 20.4493 3.76935 8.10536</i>
                        <i>0.956806 -0.290505 0.0113602 -0.29041 -0.956857 -0.00935823 0.0146214 0.00608461 -1.07588 23.2897 3.98503 8.10717</i>
                        <i>0.872039 -0.489351 0.00914127 -0.489284 -0.872082 -0.00858781 0.0130995 0.00324543 -1.07591 26.271 4.17227 8.10933</i>
                        <i>0.74154 -0.670877 0.00659708 -0.670834 -0.741568 -0.00770443 0.0108255 0.00138545 -1.07594 29.3731 4.31523 8.11176</i>
                        <i>0.568811 -0.82246 0.00380341 -0.822432 -0.568823 -0.00673439 0.00828754 0.000755934 -1.07596 32.5707 4.40071 8.11436</i>
                        <i>0.361268 -0.932462 0.000836057 -0.932445 -0.361266 -0.00570399 0.00604793 0.00137844 -1.07597 35.8346 4.41987 8.11704</i>
                        <i>0.129874 -0.991528 -0.00222919 -0.991521 -0.129863 -0.00463954 0.00463833 0.00302659 -1.07598 39.1328 4.36956 8.11973</i>
                        <i>-0.111689 -0.993729 -0.00531653 -0.993735 0.111708 -0.00356736 0.00445341 0.00525598 -1.07597 42.4335 4.2529 8.12235</i>
                        <i>-0.348238 -0.937369 -0.00835015 -0.937391 0.348268 -0.00251378 0.00566448 0.00748026 -1.07595 45.7065 4.07902 8.12484</i>
                        <i>-0.564548 -0.825323 -0.0112543 -0.825365 0.564598 -0.00150512 0.0081736 0.00908047 -1.07592 48.9257 3.86191 8.12714</i>
                        <i>-0.746857 -0.664838 -0.0139531 -0.664896 0.746935 -0.000567712 0.0116202 0.00952615 -1.07589 52.0702 3.61875 8.12921</i>
                        <i>-0.884207 -0.466808 -0.0163709 -0.466875 0.884323 0.000272116 0.0154406 0.00848287 -1.07585 55.1251 3.36773 8.13101</i>
                        <i>-0.969438 -0.244642 -0.0184319 -0.244701 0.969598 0.000988042 0.0189696 0.0058837 -1.07581 58.081 3.12599 8.13251</i>
                        <i>-0.999716 -0.0128616 -0.0200604 -0.0128953 0.999916 0.00155375 0.0215615 0.00194969 -1.07577 60.9335 2.90779 8.13366</i>
                        <i>-0.976529 0.214344 -0.0211807 0.214351 0.976755 0.00194293 0.0227086 -0.00284362 -1.07575 63.6812 2.7233 8.13444</i>
                        <i>-0.905205 0.424427 -0.0215842 0.424485 0.905433 0.00208309 0.0219794 -0.00782949 -1.07574 66.3254 2.57797 8.13471</i>
                        <i>-0.794041 0.607495 -0.0212047 0.607597 0.794243 0.00195127 0.019397 -0.0121959 -1.07575 68.8658 2.47223 8.13445</i>
                        <i>-0.653203 0.756913 -0.0201805 0.757046 0.65336 0.00159547 0.0154865 -0.0153172 -1.07577 71.299 2.40376 8.13374</i>
                        <i>-0.493588 0.869496 -0.0186497 0.869637 0.493691 0.00106368 0.010902 -0.016886 -1.0758 73.6196 2.36889 8.13266</i>
                        <i>-0.32576 0.945304 -0.0167503 0.945434 0.325812 0.000403902 0.006283 -0.0168982 -1.07584 75.821 2.36304 8.13129</i>
                        <i>-0.159118 0.987151 -0.0146206 0.987258 0.15913 -0.000335871 0.00214662 -0.0155887 -1.07588 77.8948 2.38116 8.12971</i>
                        <i>-0.00132611 0.999922 -0.0123986 0.999999 0.00131247 -0.00110764 -0.00117421 -0.0133424 -1.07591 79.8316 2.41796 8.12803</i>
                        <i>0.141946 0.989822 -0.0102227 0.989869 -0.141972 -0.00186341 -0.00354623 -0.0106035 -1.07593 81.6208 2.4681 8.12633</i>
                        <i>0.267012 0.963658 -0.00823096 0.963682 -0.267041 -0.00255517 -0.00501446 -0.00780069 -1.07595 83.2509 2.52635 8.12474</i>
                        <i>0.371938 0.928234 -0.00656164 0.928242 -0.371964 -0.00313493 -0.00575725 -0.00529903 -1.07596 84.7097 2.58775 8.12338</i>
                        <i>0.446395 0.894812 -0.00656164 0.894818 -0.446421 -0.00313493 -0.0061702 -0.00481189 -1.07596 85.9933 2.64944 8.12338</i>
                        <i>0.486549 0.873629 -0.00656164 0.873633 -0.486575 -0.00313493 -0.00638224 -0.00452688 -1.07596 87.0894 2.68574 8.12338</i>
                        <i>0.500086 0.865951 -0.00656164 0.865955 -0.500112 -0.00313493 -0.00645192 -0.00442701 -1.07596 87.9775 2.69849 8.12338</i>
                        <i>0.493244 0.869866 -0.00656164 0.869871 -0.49327 -0.00313493 -0.00641682 -0.00447773 -1.07596 88.6396 2.69201 8.12338</i>
                        <i>0.471402 0.881894 -0.00656164 0.881899 -0.471428 -0.00313493 -0.00630318 -0.00463633 -1.07596 89.0595 2.67178 8.12338</i>
                        <i>0.439722 0.89811 -0.00656164 0.898116 -0.439747 -0.00313493 -0.00613421 -0.00485769 -1.07596 89.2208 2.64362 8.12338</i>
                        <i>0.403587 0.914918 -0.00656164 0.914924 -0.403613 -0.00313493 -0.00593578 -0.00509825 -1.07596 89.2489 2.61312 8.12338</i>
                        <i>0.368794 0.929488 -0.00656164 0.929496 -0.368819 -0.00313493 -0.00573928 -0.00531849 -1.07596 89.2765 2.5853 8.12338</i>
                        <i>0.341502 0.939858 -0.00656164 0.939867 -0.341527 -0.00313493 -0.00558157 -0.00548377 -1.07596 89.2986 2.5645 8.12338</i>
                    </KeyFrames>
                </p>
            </i>
            <i>
                <p>
                    <Name><![CDATA[front_gear]]></Name>
                    <Exclude>0</Exclude>
                    <Additive>0</Additive>
                    <IKPriority>0</IKPriority>
                    <IKRotLimits>-1e+010 -1e+010 -1e+010 1e+010 1e+010 1e+010</IKRotLimits>
                    <IKRotLimitOrder>0</IKRotLimitOrder>
                    <KeyFrames count="50">
                        <i>1 0 0 0 0.352009 -0.935997 0 0.935997 0.352009 0 2.80856 6.26655</i>
                        <i>0.999988 0.00488446 -1.05879e-022 -0.00172108 0.352353 -0.935866 -0.0045712 0.935854 0.352357 0.00256795 2.80624 6.26636</i>
                        <i>0.999876 0.0157679 -1.69407e-021 -0.00557125 0.353284 -0.9355 -0.0147509 0.935383 0.353327 0.00839223 2.7998 6.26581</i>
                        <i>0.999636 0.0269951 0 -0.00957813 0.354681 -0.934938 -0.0252387 0.934598 0.35481 0.151985 2.79 6.26496</i>
                        <i>0.999458 0.0329138 1.35525e-020 -0.0117402 0.356502 -0.934221 -0.0307488 0.933715 0.356695 0.559207 2.77748 6.26385</i>
                        <i>0.999611 0.0278752 -1.35525e-020 -0.0100036 0.358732 -0.933387 -0.0260183 0.933024 0.358872 1.21398 2.76281 6.26254</i>
                        <i>0.999981 0.00622142 6.77626e-021 -0.00224737 0.361223 -0.932477 -0.00580133 0.932459 0.36123 2.09981 2.74678 6.26108</i>
                        <i>0.999289 -0.0376973 2.71051e-020 0.0137091 0.363403 -0.931531 0.0351162 0.930869 0.363662 3.19976 2.73087 6.25953</i>
                        <i>0.994004 -0.109339 0 0.0400243 0.363861 -0.930593 0.10175 0.925013 0.366056 4.49671 2.71806 6.25797</i>
                        <i>0.97873 -0.205154 2.1684e-019 0.0755593 0.360471 -0.929705 0.190733 0.90993 0.368305 5.97909 2.7127 6.25645</i>
                        <i>0.94872 -0.316119 4.33681e-019 0.117059 0.351311 -0.928912 0.293647 0.881277 0.3703 7.63947 2.71895 6.25508</i>
                        <i>0.898949 -0.438054 0 0.162927 0.334348 -0.92826 0.406628 0.834458 0.371933 9.46819 2.74123 6.25393</i>
                        <i>0.824857 -0.565341 0 0.210927 0.307751 -0.927793 0.524519 0.765296 0.373096 11.4573 2.78345 6.25311</i>
                        <i>0.722966 -0.690883 0 0.258171 0.27016 -0.927557 0.640833 0.670592 0.373682 13.6003 2.84835 6.25268</i>
                        <i>0.591519 -0.806291 -1.73472e-018 0.301217 0.220981 -0.927597 0.747913 0.548691 0.373583 15.8924 2.93668 6.25276</i>
                        <i>0.431072 -0.902317 1.73472e-018 0.336391 0.160707 -0.927908 0.837268 0.399996 0.372808 18.3285 3.04615 6.25331</i>
                        <i>0.244955 -0.969534 0 0.360173 0.0909984 -0.928437 0.900152 0.227425 0.37149 20.9022 3.17173 6.25425</i>
                        <i>0.0394743 -0.999221 0 0.369414 0.0145938 -0.92915 0.928426 0.0366776 0.369703 23.6059 3.30662 6.2555</i>
                        <i>-0.176193 -0.984356 1.73472e-018 0.361769 -0.0647541 -0.930016 0.915467 -0.163862 0.367519 26.4297 3.44252 6.25699</i>
                        <i>-0.390492 -0.920606 0 0.336033 -0.142534 -0.931002 0.857087 -0.363549 0.365013 29.3611 3.5704 6.25865</i>
                        <i>-0.59035 -0.807147 8.67362e-019 0.292395 -0.213859 -0.932078 0.752324 -0.550252 0.362258 32.3846 3.68151 6.26043</i>
                        <i>-0.762347 -0.647168 0 0.232546 -0.273933 -0.933211 0.603945 -0.711431 0.359328 35.482 3.76837 6.26226</i>
                        <i>-0.894055 -0.447958 2.1684e-019 0.159607 -0.31855 -0.934372 0.418559 -0.83538 0.356298 38.6332 3.8256 6.26409</i>
                        <i>-0.975389 -0.220491 0 0.0778868 -0.344549 -0.935532 0.206276 -0.912507 0.353243 41.8167 3.85055 6.26586</i>
                        <i>-0.99977 0.0214529 0 -0.0075136 -0.350156 -0.936661 -0.0200941 -0.936446 0.350236 45.011 3.8434 6.26753</i>
                        <i>-0.964917 0.262557 0 -0.0912003 -0.335169 -0.937734 -0.246208 -0.904835 0.347355 48.1953 3.80699 6.26907</i>
                        <i>-0.873153 0.487446 2.1684e-019 -0.16801 -0.300953 -0.938722 -0.457577 -0.819648 0.344674 51.3507 3.74618 6.27046</i>
                        <i>-0.731168 0.682198 0 -0.233496 -0.250257 -0.939601 -0.640994 -0.687006 0.34227 54.4602 3.66709 6.27165</i>
                        <i>-0.549269 0.835646 0 -0.284303 -0.186872 -0.940346 -0.785796 -0.516503 0.340219 57.5091 3.57621 6.27263</i>
                        <i>-0.340239 0.940339 8.67362e-019 -0.318396 -0.115204 -0.940931 -0.884794 -0.320142 0.338597 60.4847 3.47958 6.27339</i>
                        <i>-0.11797 0.993017 8.67362e-019 -0.335124 -0.0398127 -0.941332 -0.934759 -0.111049 0.337481 63.3761 3.38227 6.2739</i>
                        <i>0.103933 0.994584 1.73472e-018 -0.335253 0.0350336 -0.941476 -0.936378 0.0978504 0.337079 66.1739 3.28793 6.27408</i>
                        <i>0.313389 0.949625 0 -0.320457 0.105755 -0.941341 -0.893921 0.295006 0.337457 68.8683 3.19838 6.27391</i>
                        <i>0.500785 0.865572 0 -0.292977 0.169505 -0.940974 -0.814481 0.471226 0.338478 71.448 3.1151 6.27345</i>
                        <i>0.659528 0.75168 0 -0.255573 0.224241 -0.940425 -0.706899 0.620236 0.340002 73.9019 3.03965 6.27274</i>
                        <i>0.786207 0.617963 4.33681e-019 -0.211277 0.268799 -0.939739 -0.580724 0.738829 0.341893 76.2192 2.9736 6.27183</i>
                        <i>0.880401 0.474229 4.33681e-019 -0.16314 0.302868 -0.938966 -0.445285 0.826667 0.344011 78.3897 2.91822 6.27079</i>
                        <i>0.944216 0.329326 2.1684e-019 -0.114019 0.326905 -0.938154 -0.308958 0.88582 0.346219 80.4036 2.87431 6.26967</i>
                        <i>0.981659 0.190646 -5.42101e-020 -0.0664172 0.341989 -0.937354 -0.178703 0.920162 0.348379 82.2514 2.84199 6.26853</i>
                        <i>0.997956 0.0639041 -6.77626e-021 -0.0223891 0.349638 -0.936617 -0.0598537 0.934703 0.350355 83.9238 2.82067 6.26747</i>
                        <i>0.998902 -0.0468436 0 0.0164894 0.351623 -0.935997 0.0438455 0.934969 0.352009 85.4112 2.80913 6.26655</i>
                        <i>0.991755 -0.128146 0 0.0451086 0.349107 -0.935997 0.119944 0.92828 0.352009 86.7105 2.81287 6.26655</i>
                        <i>0.984917 -0.173028 0 0.0609074 0.3467 -0.935997 0.161953 0.921879 0.352009 87.8133 2.81645 6.26655</i>
                        <i>0.982105 -0.188334 0 0.0662955 0.34571 -0.935997 0.17628 0.919247 0.352009 88.7033 2.81792 6.26655</i>
                        <i>0.983559 -0.180586 0 0.0635681 0.346222 -0.935997 0.169028 0.920608 0.352009 89.3645 2.81716 6.26655</i>
