<?xml version="1.0" encoding="ISO-8859-1" ?>
<Animl Version="1">
    <ModellingPackage>
        <![CDATA[Maya.2010]]>
</ModellingPackage>
    <SrcFile>
        <![CDATA[anims\vehicles\blue\~src\air\fighter_f14tomcat\fighter_f14tomcat_takeoff.mb]]>
</SrcFile>
    <FramesPerSecond>30</FramesPerSecond>
    <TotalFrames>131</TotalFrames>
    <Skeleton>
        <RefFrame>
            <Name>
                <![CDATA[f14tomcat_ref_frame]]>
</Name>
            <Exclude>0</Exclude>
            <Additive>0</Additive>
            <IKPriority>0</IKPriority>
            <IKRotLimits>-1e+010 -1e+010 -1e+010 1e+010 1e+010 1e+010</IKRotLimits>
            <IKRotLimitOrder>0</IKRotLimitOrder>
            <KeyFrames count="131">
                <i>1 0 0 0 1 0 0 0 1 0 0 0</i>
                <i>1 0 0 0 1 0 0 0 1 0 0 0</i>
                <i>1 0 0 0 1 0 0 0 1 0 0 0</i>
                <i>1 0 0 0 1 0 0 0 1 0 0 0</i>
                <i>1 0 0 0 1 0 0 0 1 0 0 0</i>
                <i>1 0 0 0 1 0 0 0 1 0 0 0</i>
                <i>1 0 0 0 1 0 0 0 1 0 0 0</i>
                <i>1 0 0 0 1 0 0 0 1 0 0 0</i>
                <i>1 0 0 0 1 0 0 0 1 0 0 0</i>
                <i>1 0 0 0 1 0 0 0 1 0 0 0</i>
                <i>1 0 0 0 1 0 0 0 1 0 0 0</i>
                <i>1 0 0 0 1 0 0 0 1 0 0 0</i>
                <i>1 0 0 0 1 0 0 0 1 0 0 0</i>
                <i>1 0 0 0 1 0 0 0 1 0 0 0</i>
                <i>1 0 0 0 1 0 0 0 1 0 0 0</i>
                <i>1 0 0 0 1 0 0 0 1 0 0 0</i>
                <i>1 0 0 0 1 0 0 0 1 0 0 0</i>
                <i>1 0 0 0 1 0 0 0 1 0 0 0</i>
                <i>1 0 0 0 1 0 0 0 1 0 0 0</i>
                <i>1 0 0 0 1 0 0 0 1 0 0 0</i>
                <i>1 0 0 0 1 0 0 0 1 0 0 0</i>
                <i>1 0 0 0 1 0 0 0 1 0 0 0</i>
                <i>1 0 0 0 1 0 0 0 1 0 0 0</i>
                <i>1 0 0 0 1 0 0 0 1 0 0 0</i>
                <i>1 0 0 0 1 0 0 0 1 0 0 0</i>
                <i>1 0 0 0 1 0 0 0 1 0 0 0.0104267</i>
                <i>1 0 0 0 1 0 0 0 1 0 0 0.0417808</i>
                <i>1 0 0 0 1 0 0 0 1 0 0 0.0941739</i>
                <i>1 0 0 0 1 0 0 0 1 0 0 0.167717</i>
                <i>1 0 0 0 1 0 0 0 1 0 0 0.262521</i>
                <i>1 0 0 0 1 0 0 0 1 0 0 0.378698</i>
                <i>1 0 0 0 1 0 0 0 1 0 0 0.51636</i>
                <i>1 0 0 0 1 0 0 0 1 0 0 0.675616</i>
                <i>1 0 0 0 1 0 0 0 1 0 0 0.856578</i>
                <i>1 0 0 0 1 0 0 0 1 0 0 1.05936</i>
                <i>1 0 0 0 1 0 0 0 1 0 0 1.28407</i>
                <i>1 0 0 0 1 0 0 0 1 0 0 1.53082</i>
                <i>1 0 0 0 1 0 0 0 1 0 0 1.79972</i>
                <i>1 0 0 0 1 0 0 0 1 0 0 2.09088</i>
                <i>1 0 0 0 1 0 0 0 1 0 0 2.40442</i>
                <i>1 0 0 0 1 0 0 0 1 0 0 2.74045</i>
                <i>1 0 0 0 1 0 0 0 1 0 0 3.09907</i>
                <i>1 0 0 0 1 0 0 0 1 0 0 3.48039</i>
                <i>1 0 0 0 1 0 0 0 1 0 0 3.88454</i>
                <i>1 0 0 0 1 0 0 0 1 0 0 4.31162</i>
                <i>1 0 0 0 1 0 0 0 1 0 0 4.76174</i>
                <i>1 0 0 0 1 0 0 0 1 0 0 5.23502</i>
                <i>1 0 0 0 1 0 0 0 1 0 0 5.73155</i>
                <i>1 0 0 0 1 0 0 0 1 0 0 6.25147</i>
                <i>1 0 0 0 1 0 0 0 1 0 0 6.79487</i>
                <i>1 0 0 0 1 0 0 0 1 0 0 7.36187</i>
                <i>1 0 0 0 1 0 0 0 1 0 0 7.95257</i>
                <i>1 0 0 0 1 0 0 0 1 0 0 8.5671</i>
                <i>1 0 0 0 1 0 0 0 1 0 0 9.20556</i>
                <i>1 0 0 0 1 0 0 0 1 0 0 9.86807</i>
                <i>1 0 0 0 1 0 0 0 1 0 0 10.5547</i>
                <i>1 0 0 0 1 0 0 0 1 0 0 11.2657</i>
                <i>1 0 0 0 1 0 0 0 1 0 0 12.001</i>
                <i>1 0 0 0 1 0 0 0 1 0 0 12.7607</i>
                <i>1 0 0 0 1 0 0 0 1 0 0 13.5451</i>
                <i>1 0 0 0 1 0 0 0 1 0 0 14.3542</i>
                <i>1 0 0 0 1 0 0 0 1 0 0 15.1882</i>
                <i>1 0 0 0 1 0 0 0 1 0 0 16.047</i>
                <i>1 0 0 0 1 0 0 0 1 0 0 16.9309</i>
                <i>1 0 0 0 1 0 0 0 1 0 0 17.84</i>
                <i>1 0 0 0 1 0 0 0 1 0 0 18.7743</i>
                <i>1 0 0 0 1 0 0 0 1 0 0 19.734</i>
                <i>1 0 0 0 1 0 0 0 1 0 0 20.7192</i>
                <i>1 0 0 0 1 0 0 0 1 0 0 21.73</i>
                <i>1 0 0 0 1 0 0 0 1 0 0 22.7665</i>
                <i>1 0 0 0 1 0 0 0 1 0 0 23.8288</i>
                <i>1 0 0 0 1 0 0 0 1 0 0 24.9171</i>
                <i>1 0 0 0 1 0 0 0 1 0 0 26.0314</i>
                <i>1 0 0 0 1 0 0 0 1 0 0.0381763 27.1719</i>
                <i>1 0 0 0 1 0 0 0 1 0 0.150453 28.3386</i>
                <i>1 0 0 0 1 0 0 0 1 0 0.333453 29.5318</i>
                <i>1 0 0 0 1 0 0 0 1 0 0.583799 30.7514</i>
                <i>1 0 0 0 1 0 0 0 1 0 0.898111 31.9976</i>
                <i>1 0 0 0 1 0 0 0 1 0 1.27302 33.2705</i>
                <i>1 0 0 0 1 0 0 0 1 0 1.70513 34.5703</i>
                <i>1 0 0 0 1 0 0 0 1 0 2.19108 35.897</i>
                <i>1 0 0 0 1 0 0 0 1 0 2.72748 37.2507</i>
                <i>1 0 0 0 1 0 0 0 1 0 3.31097 38.584</i>
                <i>1 0 0 0 1 0 0 0 1 0 3.93815 39.9174</i>
                <i>1 0 0 0 1 0 0 0 1 0 4.60566 41.2507</i>
                <i>1 0 0 0 1 0 0 0 1 0 5.31011 42.5841</i>
                <i>1 0 0 0 1 0 0 0 1 0 6.04814 43.9175</i>
                <i>1 0 0 0 1 0 0 0 1 0 6.81635 45.2508</i>
                <i>1 0 0 0 1 0 0 0 1 0 7.61137 46.5842</i>
                <i>1 0 0 0 1 0 0 0 1 0 8.42983 47.9176</i>
                <i>1 0 0 0 1 0 0 0 1 0 9.26834 49.2509</i>
                <i>1 0 0 0 1 0 0 0 1 0 10.1235 50.5843</i>
                <i>1 0 0 0 1 0 0 0 1 0 10.992 51.9177</i>
                <i>1 0 0 0 1 0 0 0 1 0 11.8704 53.251</i>
                <i>1 0 0 0 1 0 0 0 1 0 12.7554 54.5844</i>
                <i>1 0 0 0 1 0 0 0 1 0 13.6435 55.9178</i>
                <i>1 0 0 0 1 0 0 0 1 0 14.5315 57.2511</i>
                <i>1 0 0 0 1 0 0 0 1 0 15.4158 58.5845</i>
                <i>1 0 0 0 1 0 0 0 1 0 16.2932 59.9179</i>
                <i>1 0 0 0 1 0 0 0 1 0 17.1602 61.2512</i>
                <i>1 0 0 0 1 0 0 0 1 0 18.0135 62.5846</i>
                <i>1 0 0 0 1 0 0 0 1 0 18.8497 63.9179</i>
                <i>1 0 0 0 1 0 0 0 1 0 19.6654 65.2512</i>
                <i>1 0 0 0 1 0 0 0 1 0 20.4573 66.5845</i>
                <i>1 0 0 0 1 0 0 0 1 0 21.2219 67.9179</i>
                <i>1 0 0 0 1 0 0 0 1 0 21.9559 69.2512</i>
                <i>1 0 0 0 1 0 0 0 1 0 22.656 70.5844</i>
                <i>1 0 0 0 1 0 0 0 1 0 23.3187 71.9177</i>
                <i>1 0 0 0 1 0 0 0 1 0 23.9406 73.251</i>
                <i>1 0 0 0 1 0 0 0 1 0 24.5184 74.5842</i>
                <i>1 0 0 0 1 0 0 0 1 0 25.0487 75.9175</i>
                <i>1 0 0 0 1 0 0 0 1 0 25.5282 77.2507</i>
                <i>1 0 0 0 1 0 0 0 1 0 25.9386 78.5839</i>
                <i>1 0 0 0 1 0 0 0 1 0 26.2687 79.9171</i>
                <i>1 0 0 0 1 0 0 0 1 0 26.5255 81.2502</i>
                <i>1 0 0 0 1 0 0 0 1 0 26.7158 82.5833</i>
                <i>1 0 0 0 1 0 0 0 1 0 26.8464 83.9163</i>
                <i>1 0 0 0 1 0 0 0 1 0 26.9242 85.2494</i>
                <i>1 0 0 0 1 0 0 0 1 0 26.9562 86.5824</i>
                <i>1 0 0 0 1 0 0 0 1 0 26.9492 87.9154</i>
                <i>1 0 0 0 1 0 0 0 1 0 26.9101 89.2484</i>
                <i>1 0 0 0 1 0 0 0 1 0 26.8457 90.5814</i>
                <i>1 0 0 0 1 0 0 0 1 0 26.763 91.9144</i>
                <i>1 0 0 0 1 0 0 0 1 0 26.6688 93.2473</i>
                <i>1 0 0 0 1 0 0 0 1 0 26.5701 94.5803</i>
                <i>1 0 0 0 1 0 0 0 1 0 26.4736 95.9133</i>
                <i>1 0 0 0 1 0 0 0 1 0 26.3863 97.2462</i>
                <i>1 0 0 0 1 0 0 0 1 0 26.3151 98.5792</i>
                <i>1 0 0 0 1 0 0 0 1 0 26.2668 99.9122</i>
                <i>1 0 0 0 1 0 0 0 1 0 26.2483 101.245</i>
                <i>1 0 0 0 1 0 0 0 1 0 26.2665 102.578</i>
            </KeyFrames>
        </RefFrame>
        <Bones count="21">
            <i>
                <p>
                    <Name>
                        <![CDATA[f14tomcat_root]]>
</Name>
                    <Exclude>0</Exclude>
                    <Additive>0</Additive>
                    <IKPriority>0</IKPriority>
                    <IKRotLimits>-1e+010 -1e+010 -1e+010 1e+010 1e+010 1e+010</IKRotLimits>
                    <IKRotLimitOrder>0</IKRotLimitOrder>
                    <KeyFrames count="131">
                        <i>1 0 0 0 0.9998 -0.0200007 0 0.0200007 0.9998 0 3.33197 0.00336142</i>
                        <i>1 0 0 0 0.9998 -0.0200007 0 0.0200007 0.9998 0 3.33197 0.00336142</i>
                        <i>1 0 0 0 0.9998 -0.0200007 0 0.0200007 0.9998 0 3.33197 0.00336142</i>
                        <i>1 0 0 0 0.9998 -0.0200007 0 0.0200007 0.9998 0 3.33197 0.00336142</i>
                        <i>1 0 0 0 0.9998 -0.0200007 0 0.0200007 0.9998 0 3.33197 0.00336142</i>
                        <i>1 0 0 0 0.9998 -0.0200007 0 0.0200007 0.9998 0 3.33197 0.00336142</i>
                        <i>1 0 0 0 0.9998 -0.0200007 0 0.0200007 0.9998 0 3.33197 0.00336142</i>
                        <i>1 0 0 0 0.9998 -0.0200007 0 0.0200007 0.9998 0 3.33197 0.00336142</i>
                        <i>1 0 0 0 0.9998 -0.0200007 0 0.0200007 0.9998 0 3.33197 0.00336142</i>
                        <i>1 0 0 0 0.9998 -0.0200007 0 0.0200007 0.9998 0 3.33197 0.00336142</i>
                        <i>1 0 0 0 0.9998 -0.0200007 0 0.0200007 0.9998 0 3.33197 0.00336142</i>
                        <i>1 0 0 0 0.9998 -0.0200007 0 0.0200007 0.9998 0 3.33197 0.00336142</i>
                        <i>1 0 0 0 0.9998 -0.0200007 0 0.0200007 0.9998 0 3.33197 0.00336142</i>
                        <i>1 0 0 0 0.9998 -0.0200007 0 0.0200007 0.9998 0 3.33197 0.00336142</i>
                        <i>1 0 0 0 0.9998 -0.0200007 0 0.0200007 0.9998 0 3.33197 0.00336142</i>
                        <i>1 0 0 0 0.9998 -0.0200007 0 0.0200007 0.9998 0 3.33197 0.00336142</i>
                        <i>1 0 0 0 0.9998 -0.0200007 0 0.0200007 0.9998 0 3.33197 0.00336142</i>
                        <i>1 0 0 0 0.9998 -0.0200007 0 0.0200007 0.9998 0 3.33197 0.00336142</i>
                        <i>1 0 0 0 0.9998 -0.0200007 0 0.0200007 0.9998 0 3.33197 0.00336142</i>
                        <i>1 0 0 0 0.9998 -0.0200007 0 0.0200007 0.9998 0 3.33197 0.00336142</i>
                        <i>1 0 0 0 0.9998 -0.0200007 0 0.0200007 0.9998 0 3.33197 0.00336142</i>
                        <i>1 0 0 0 0.9998 -0.0200007 0 0.0200007 0.9998 0 3.33197 0.00336142</i>
                        <i>0.999999 -0.00116626 1.69407e-021 0.00116605 0.999817 -0.0190753 2.22467e-005 0.0190753 0.999818 0 3.31563 0.00336142</i>
                        <i>0.999995 -0.00324571 0 0.00324524 0.99985 -0.0170394 5.53048e-005 0.0170393 0.999855 0 3.27968 0.00336142</i>
                        <i>0.999992 -0.00410936 6.77626e-021 0.00410889 0.999879 -0.0150034 6.16542e-005 0.0150032 0.999887 0 3.24373 0.00336142</i>
                        <i>0.999996 -0.00276026 -3.38813e-021 0.00275999 0.999897 -0.0140779 3.88587e-005 0.0140778 0.999901 0 3.22738 0.0137881</i>
                        <i>1 -0.000358449 4.23516e-022 0.000358403 0.999872 -0.0159875 5.7307e-006 0.0159875 0.999872 0 3.25194 0.0451423</i>
                        <i>0.999998 0.00198959 0 -0.00198922 0.999813 -0.0192132 -3.82264e-005 0.0192132 0.999815 0 3.29973 0.0975353</i>
                        <i>0.999995 0.00317734 0 -0.0031767 0.999795 -0.0200007 -6.35491e-005 0.0200006 0.9998 0 3.33197 0.171078</i>
                        <i>0.999995 0.00312705 0 -0.00312664 0.999862 -0.0162878 -5.09329e-005 0.0162877 0.999867 0 3.33446 0.265883</i>
                        <i>0.999997 0.0026052 0 -0.00260506 0.999943 -0.0103069 -2.68515e-005 0.0103069 0.999947 0 3.3251 0.38206</i>
                        <i>0.999998 0.00177163 0 -0.00177161 0.999987 -0.00474639 -8.40886e-006 0.00474639 0.999989 0 3.31321 0.519721</i>
                        <i>1 0.000786198 0 -0.000786196 0.999997 -0.00229536 -1.80461e-006 0.00229536 0.999997 0 3.30814 0.678977</i>
                        <i>1 -0.000191246 0 0.000191245 0.999996 -0.00295843 5.65788e-007 0.00295843 0.999996 0 3.31721 0.85994</i>
                        <i>1 -0.00100085 -4.23516e-022 0.00100084 0.999988 -0.00472683 4.73085e-006 0.00472683 0.999989 0 3.33286 1.06272</i>
                        <i>0.999999 -0.00148276 0 0.00148272 0.999972 -0.00726935 1.07787e-005 0.00726934 0.999974 0 3.3421 1.28743</i>
                        <i>0.999999 -0.00150833 0 0.00150825 0.999946 -0.0102547 1.54675e-005 0.0102547 0.999947 0 3.34116 1.53418</i>
                        <i>0.999999 -0.00118241 0 0.00118231 0.99991 -0.0133517 1.57873e-005 0.0133517 0.999911 0 3.33641 1.80308</i>
                        <i>1 -0.000695444 0 0.000695352 0.999868 -0.0162291 1.12864e-005 0.0162291 0.999868 0 3.33011 2.09424</i>
                        <i>1 -0.000237831 -4.23516e-022 0.00023779 0.999828 -0.0185558 4.41315e-006 0.0185558 0.999828 0 3.3245 2.40778</i>
                        <i>1 0 0 0 0.9998 -0.0200007 0 0.0200007 0.9998 0 3.32183 2.74381</i>
                        <i>1 5.75037e-005 -1.05879e-022 -5.74916e-005 0.999789 -0.0205386 -1.18104e-006 0.0205386 0.999789 0 3.32151 3.10243</i>
                        <i>1 0.000101875 0 -0.000101854 0.99979 -0.020474 -2.08579e-006 0.020474 0.99979 0 3.32142 3.48376</i>
                        <i>1 0.000134308 2.11758e-022 -0.000134281 0.999801 -0.0199705 -2.6822e-006 0.0199705 0.999801 0 3.32153 3.8879</i>
                        <i>1 0.000155996 0 -0.000155968 0.999816 -0.0191918 -2.99385e-006 0.0191918 0.999816 0 3.32182 4.31498</i>
                        <i>1 0.000168134 2.11758e-022 -0.000168106 0.999833 -0.0183013 -3.07707e-006 0.0183013 0.999833 0 3.32227 4.7651</i>
                        <i>1 0.000171914 0 -0.000171888 0.999847 -0.0174627 -3.00208e-006 0.0174627 0.999848 0 3.32285 5.23838</i>
                        <i>1 0.000168532 0 -0.000168508 0.999858 -0.0168395 -2.838e-006 0.0168395 0.999858 0 3.32354 5.73492</i>
                        <i>1 0.00015918 0 -0.000159158 0.999862 -0.0165955 -2.64167e-006 0.0165955 0.999862 0 3.32433 6.25483</i>
                        <i>1 0.000145053 0 -0.000145033 0.999861 -0.0166775 -2.41912e-006 0.0166775 0.999861 0 3.32517 6.79823</i>
                        <i>1 0.000127344 0 -0.000127326 0.999857 -0.0169022 -2.1524e-006 0.0169022 0.999857 0 3.32606 7.36523</i>
                        <i>1 0.000107248 -1.05879e-022 -0.000107232 0.999851 -0.0172377 -1.8487e-006 0.0172377 0.999851 0 3.32697 7.95594</i>
                        <i>1 8.59572e-005 1.05879e-022 -8.59438e-005 0.999844 -0.017652 -1.51732e-006 0.017652 0.999844 0 3.32788 8.57046</i>
                        <i>1 6.46669e-005 0 -6.46563e-005 0.999836 -0.018113 -1.17131e-006 0.018113 0.999836 0 3.32876 9.20893</i>
                        <i>1 4.45704e-005 5.29396e-023 -4.45627e-005 0.999827 -0.0185889 -8.28514e-007 0.0185889 0.999827 0 3.32959 9.87143</i>
                        <i>1 2.68616e-005 0 -2.68568e-005 0.999819 -0.0190476 -5.11649e-007 0.0190476 0.999819 0 3.33035 10.5581</i>
                        <i>1 1.27344e-005 2.64698e-023 -1.2732e-005 0.999811 -0.0194571 -2.47774e-007 0.0194571 0.999811 0 3.33102 11.269</i>
                        <i>1 3.38259e-006 0 -3.38193e-006 0.999804 -0.0197855 -6.69261e-008 0.0197855 0.999804 0 3.33156 12.0043</i>
                        <i>1 0 0 0 0.9998 -0.0200007 0 0.0200007 0.9998 0 3.33197 12.7641</i>
                        <i>1 0 0 0 0.999797 -0.0201269 0 0.0201269 0.999797 0 3.33225 13.5485</i>
                        <i>1 0 0 0 0.999796 -0.0202127 0 0.0202127 0.999796 0 3.33244 14.3576</i>
                        <i>1 0 0 0 0.999795 -0.0202635 0 0.0202635 0.999795 0 3.33255 15.1915</i>
                        <i>1 0 0 0 0.999794 -0.0202846 0 0.0202846 0.999794 0 3.3326 16.0504</i>
                        <i>1 0 0 0 0.999794 -0.020281 0 0.020281 0.999794 0 3.33259 16.9343</i>
                        <i>1 0 0 0 0.999795 -0.0202583 0 0.0202583 0.999795 0 3.33254 17.8433</i>
                        <i>1 0 0 0 0.999795 -0.0202215 0 0.0202215 0.999795 0 3.33246 18.7777</i>
                        <i>1 0 0 0 0.999796 -0.0201759 0 0.0201759 0.999796 0 3.33236 19.7374</i>
                        <i>1 0 0 0 0.999797 -0.0201269 0 0.0201269 0.999797 0 3.33225 20.7226</i>
                        <i>1 0 0 0 0.999798 -0.0200796 0 0.0200796 0.999798 0 3.33214 21.7334</i>
                        <i>1 0 0 0 0.999799 -0.0200393 0 0.0200393 0.999799 0 3.33205 22.7699</i>
                        <i>1 0 0 0 0.9998 -0.0200112 0 0.0200112 0.9998 0 3.33199 23.8322</i>
                        <i>1 0 0 0 0.9998 -0.0200007 0 0.0200007 0.9998 0 3.33197 24.9205</i>
                        <i>1 0 0 0 0.99976 -0.0219075 0 0.0219075 0.99976 0 3.33197 26.0348</i>
                        <i>1 0 0 0 0.999631 -0.02717 0 0.02717 0.999631 0 3.37014 27.1753</i>
                        <i>1 0 0 0 0.999384 -0.0351008 0 0.0351008 0.999384 0 3.48242 28.342</i>
                        <i>1 0 0 0 0.998986 -0.0450115 0 0.0450115 0.998986 0 3.66542 29.5351</i>
                        <i>1 0 0 0 0.998419 -0.0562135 0 0.0562135 0.998419 0 3.91577 30.7547</i>
                        <i>1 0 0 0 0.997684 -0.0680184 0 0.0680184 0.997684 0 4.23008 32.0009</i>
                        <i>1 0 0 0 0.996816 -0.079739 0 0.079739 0.996816 0 4.60498 33.2739</i>
                        <i>1 0 0 0 0.995879 -0.0906903 0 0.0906903 0.995879 0 5.0371 34.5736</i>
                        <i>1 0.000698126 -6.77626e-021 -0.000694487 0.994788 -0.101963 -7.11828e-005 0.101963 0.994788 0 5.52305 35.9003</i>
                        <i>0.999997 0.0025585 0 -0.00254159 0.993384 -0.114808 -0.000293737 0.114808 0.993388 0 6.05945 37.2541</i>
                        <i>0.999986 0.00523012 5.42101e-020 -0.00518657 0.991659 -0.128786 -0.000673564 0.128784 0.991672 0 6.64294 38.5874</i>
                        <i>0.999965 0.00836196 0 -0.00827547 0.989622 -0.143455 -0.00119957 0.14345 0.989657 0 7.27012 39.9207</i>
                        <i>0.999933 0.011603 -1.0842e-019 -0.0114565 0.987312 -0.15838 -0.00183768 0.15837 0.987378 0 7.93763 41.2541</i>
                        <i>0.999893 0.0146022 0 -0.0143817 0.984795 -0.173126 -0.00252801 0.173107 0.9849 0 8.64208 42.5874</i>
                        <i>0.999855 0.0170086 2.1684e-019 -0.0167077 0.982168 -0.187262 -0.00318507 0.187235 0.98231 0 9.38011 43.9208</i>
                        <i>0.999829 0.0184714 -2.1684e-019 -0.0180968 0.979554 -0.200364 -0.00370101 0.20033 0.979721 0 10.1483 45.2542</i>
                        <i>0.999826 0.0186397 -4.33681e-019 -0.0182159 0.977097 -0.212012 -0.00395183 0.211975 0.977267 0 10.9433 46.5875</i>
                        <i>0.999844 0.0176547 0 -0.017215 0.974943 -0.22179 -0.00391563 0.221755 0.975095 0 11.7618 47.9209</i>
                        <i>0.999872 0.0159741 0 -0.0155485 0.973235 -0.229285 -0.00366262 0.229256 0.973359 0 12.6003 49.2543</i>
                        <i>0.999906 0.0137212 0 -0.01334 0.972124 -0.234086 -0.00321195 0.234064 0.972216 0 13.4555 50.5877</i>
                        <i>0.999939 0.0110195 -2.1684e-019 -0.0107089 0.971748 -0.235779 -0.00259818 0.235765 0.971807 0 14.324 51.921</i>
                        <i>0.999968 0.00799251 1.0842e-019 -0.00776772 0.971844 -0.235497 -0.00188221 0.235489 0.971875 0 15.2024 53.2544</i>
                        <i>0.999989 0.00476368 0 -0.00463059 0.97205 -0.23473 -0.00111818 0.234727 0.972061 0 16.0874 54.5878</i>
                        <i>0.999999 0.00145656 0 -0.00141626 0.972332 -0.233601 -0.000340254 0.2336 0.972333 0 16.9755 55.9211</i>
                        <i>0.999998 -0.00180531 -2.71051e-020 0.00175596 0.972659 -0.232232 0.000419251 0.232231 0.97266 0 17.8634 57.2545</i>
                        <i>0.999988 -0.00489841 0 0.00476622 0.973003 -0.230745 0.00113028 0.230742 0.973014 0 18.7478 58.5879</i>
                        <i>0.99997 -0.0076992 0 0.00749413 0.973336 -0.229263 0.00176514 0.229256 0.973364 0 19.6251 59.9212</i>
                        <i>0.999949 -0.0100842 -2.1684e-019 0.0098188 0.973633 -0.227908 0.00229827 0.227897 0.973683 0 20.4921 61.2546</i>
                        <i>0.999929 -0.0119299 0 0.011619 0.973871 -0.226803 0.00270574 0.226787 0.973941 0 21.3454 62.5879</i>
                        <i>0.999914 -0.0131128 0 0.0127733 0.974027 -0.226071 0.00296443 0.226052 0.974111 0 22.1817 63.9213</i>
                        <i>0.999909 -0.0135201 2.1684e-019 0.0131708 0.974077 -0.225834 0.0030533 0.225813 0.974166 0 22.9974 65.2546</i>
                        <i>0.999913 -0.0132061 2.1684e-019 0.0128636 0.973984 -0.22625 0.00298787 0.22623 0.974069 0 23.7892 66.5879</i>
                        <i>0.999924 -0.012298 0 0.0119761 0.973756 -0.227277 0.00279505 0.22726 0.97383 0 24.5539 67.9212</i>
                        <i>0.99994 -0.0109231 0 0.0106335 0.97343 -0.228739 0.00249853 0.228725 0.973488 0 25.2879 69.2545</i>
                        <i>0.999958 -0.00920871 -2.1684e-019 0.00896083 0.973041 -0.230458 0.00212222 0.230448 0.973082 0 25.988 70.5878</i>
                        <i>0.999973 -0.00728214 1.0842e-019 0.007083 0.972628 -0.232259 0.00169134 0.232253 0.972654 0 26.6506 71.9211</i>
                        <i>0.999986 -0.00527066 0 0.00512437 0.972232 -0.233965 0.00123315 0.233962 0.972245 0 27.2726 73.2544</i>
                        <i>0.999995 -0.0033016 -5.42101e-020 0.00320882 0.971893 -0.235401 0.000777201 0.2354 0.971898 0 27.8504 74.5876</i>
                        <i>0.999999 -0.00150228 2.71051e-020 0.0014597 0.971657 -0.236391 0.000355126 0.236391 0.971658 0 28.3807 75.9208</i>
                        <i>1 0 0 0 0.971568 -0.23676 0 0.23676 0.971568 0 28.8601 77.2541</i>
                        <i>1 0 0 0 0.97202 -0.234898 0 0.234898 0.97202 0 29.2706 78.5873</i>
                        <i>1 0 0 0 0.973291 -0.229576 0 0.229576 0.973291 0 29.6007 79.9204</i>
                        <i>1 0 0 0 0.975231 -0.22119 0 0.22119 0.975231 0 29.8575 81.2535</i>
                        <i>1 0 0 0 0.977673 -0.210131 0 0.210131 0.977673 0 30.0477 82.5866</i>
                        <i>1 0 0 0 0.980446 -0.19679 0 0.19679 0.980446 0 30.1783 83.9197</i>
                        <i>1 0 0 0 0.983379 -0.181562 0 0.181562 0.983379 0 30.2562 85.2528</i>
                        <i>1 0 0 0 0.986319 -0.164847 0 0.164847 0.986319 0 30.2882 86.5858</i>
                        <i>1 0 0 0 0.989129 -0.147051 0 0.147051 0.989129 0 30.2811 87.9188</i>
                        <i>1 0 0 0 0.991699 -0.128585 0 0.128585 0.991699 0 30.242 89.2518</i>
                        <i>1 0 0 0 0.993946 -0.109866 0 0.109866 0.993946 0 30.1777 90.5848</i>
                        <i>1 0 0 0 0.995822 -0.0913168 0 0.0913168 0.995822 0 30.095 91.9177</i>
                        <i>1 0 0 0 0.997305 -0.0733613 0 0.0733613 0.997305 0 30.0008 93.2507</i>
                        <i>1 0 0 0 0.998407 -0.0564257 0 0.0564257 0.998407 0 29.902 94.5836</i>
                        <i>1 0 0 0 0.999162 -0.0409364 0 0.0409364 0.999162 0 29.8056 95.9166</i>
                        <i>1 0 0 0 0.999627 -0.0273184 0 0.0273184 0.999627 0 29.7183 97.2496</i>
                        <i>1 0 0 0 0.999872 -0.015995 0 0.015995 0.999872 0 29.647 98.5826</i>
                        <i>1 0 0 0 0.999973 -0.00738793 0 0.00738793 0.999973 0 29.5987 99.9156</i>
                        <i>1 0 0 0 0.999998 -0.0019167 0 0.0019167 0.999998 0 29.5802 101.249</i>
                        <i>1 0 0 0 1 0 0 0 1 0 29.5985 102.582</i>
                    </KeyFrames>
                </p>
            </i>
            <i>
                <p>
                    <Name>
                        <![CDATA[cockpit_hatch]]>
</Name>
                    <Exclude>0</Exclude>
                    <Additive>0</Additive>
                    <IKPriority>0</IKPriority>
                    <IKRotLimits>-1e+010 -1e+010 -1e+010 1e+010 1e+010 1e+010</IKRotLimits>
                    <IKRotLimitOrder>0</IKRotLimitOrder>
                    <KeyFrames count="131">
                        <i>1 0 0 0 0.657735 -0.753249 0 0.753249 0.657735 0 4.71211 3.29362</i>
                        <i>1 0 0 0 0.689087 -0.724679 0 0.724679 0.689087 0 4.69718 3.29362</i>
                        <i>1 0 0 0 0.765659 -0.643247 0 0.643247 0.765659 0 4.68224 3.29362</i>
                        <i>1 0 0 0 0.857391 -0.514666 0 0.514666 0.857391 0 4.66731 3.29362</i>
                        <i>1 0 0 0 0.93612 -0.351682 0 0.351682 0.93612 0 4.65238 3.29362</i>
                        <i>1 0 0 0 0.984179 -0.177175 0 0.177175 0.984179 0 4.63744 3.29362</i>
                        <i>1 0 0 0 0.9998 -0.0200007 0 0.0200007 0.9998 0 4.62251 3.29362</i>
                        <i>1 0 0 0 0.9998 -0.0200007 0 0.0200007 0.9998 0 4.62251 3.29362</i>
                        <i>1 0 0 0 0.9998 -0.0200007 0 0.0200007 0.9998 0 4.62251 3.29362</i>
                        <i>1 0 0 0 0.9998 -0.0200007 0 0.0200007 0.9998 0 4.62251 3.29362</i>
                        <i>1 0 0 0 0.9998 -0.0200007 0 0.0200007 0.9998 0 4.62251 3.29362</i>
                        <i>1 0 0 0 0.9998 -0.0200007 0 0.0200007 0.9998 0 4.62251 3.29362</i>
                        <i>1 0 0 0 0.9998 -0.0200007 0 0.0200007 0.9998 0 4.62251 3.29362</i>
                        <i>1 0 0 0 0.9998 -0.0200007 0 0.0200007 0.9998 0 4.62251 3.29362</i>
                        <i>1 0 0 0 0.9998 -0.0200007 0 0.0200007 0.9998 0 4.62251 3.29362</i>
                        <i>1 0 0 0 0.9998 -0.0200007 0 0.0200007 0.9998 0 4.62251 3.29362</i>
                        <i>1 0 0 0 0.9998 -0.0200007 0 0.0200007 0.9998 0 4.62251 3.29362</i>
                        <i>1 0 0 0 0.9998 -0.0200007 0 0.0200007 0.9998 0 4.62251 3.29362</i>
                        <i>1 0 0 0 0.9998 -0.0200007 0 0.0200007 0.9998 0 4.62251 3.29362</i>
                        <i>1 0 0 0 0.9998 -0.0200007 0 0.0200007 0.9998 0 4.62251 3.29362</i>
                        <i>1 0 0 0 0.9998 -0.0200007 0 0.0200007 0.9998 0 4.62251 3.29362</i>
                        <i>1 0 0 0 0.9998 -0.0200007 0 0.0200007 0.9998 0 4.62251 3.29362</i>
                        <i>0.999999 -0.00116626 1.69407e-021 0.00116605 0.999817 -0.0190753 2.22467e-005 0.0190753 0.999818 0.00150155 4.60312 3.29482</i>
                        <i>0.999995 -0.00324571 0 0.00324524 0.99985 -0.0170394 5.53048e-005 0.0170393 0.999855 0.00415708 4.56046 3.29743</i>
                        <i>0.999992 -0.00410936 6.77626e-021 0.00410889 0.999879 -0.0150034 6.16542e-005 0.0150032 0.999887 0.00523565 4.5178 3.30003</i>
                        <i>0.999996 -0.00276026 -3.38813e-021 0.00275999 0.999897 -0.0140779 3.88587e-005 0.0140778 0.999901 0.00350837 4.49841 3.31164</i>
                        <i>1 -0.000358449 4.23516e-022 0.000358403 0.999872 -0.0159875 5.7307e-006 0.0159875 0.999872 0.000457855 4.52926 3.34056</i>
                        <i>0.999998 0.00198959 0 -0.00198922 0.999813 -0.0192132 -3.82264e-005 0.0192132 0.999815 -0.00256249 4.58768 3.38881</i>
                        <i>0.999995 0.00317734 0 -0.0031767 0.999795 -0.0200007 -6.35491e-005 0.0200006 0.9998 -0.00410049 4.6225 3.46134</i>
                        <i>0.999995 0.00312705 0 -0.00312664 0.999862 -0.0162878 -5.09329e-005 0.0162877 0.999867 -0.00399736 4.61277 3.56091</i>
                        <i>0.999997 0.0026052 0 -0.00260506 0.999943 -0.0103069 -2.68515e-005 0.0103069 0.999947 -0.00327886 4.58368 3.68468</i>
                        <i>0.999998 0.00177163 0 -0.00177161 0.999987 -0.00474639 -8.40886e-006 0.00474639 0.999989 -0.00219718 4.55341 3.82929</i>
                        <i>1 0.000786198 0 -0.000786196 0.999997 -0.00229536 -1.80461e-006 0.00229536 0.999997 -0.000968662 4.54022 3.99157</i>
                        <i>1 -0.000191246 0 0.000191245 0.999996 -0.00295843 5.65788e-007 0.00295843 0.999996 0.000236051 4.55149 4.17172</i>
                        <i>1 -0.00100085 -4.23516e-022 0.00100084 0.999988 -0.00472683 4.73085e-006 0.00472683 0.999989 0.00124119 4.57299 4.37231</i>
                        <i>0.999999 -0.00148276 0 0.00148272 0.999972 -0.00726935 1.07787e-005 0.00726934 0.999974 0.00185129 4.59065 4.59386</i>
                        <i>0.999999 -0.00150833 0 0.00150825 0.999946 -0.0102547 1.54675e-005 0.0102547 0.999947 0.0018981 4.59957 4.83686</i>
                        <i>0.999999 -0.00118241 0 0.00118231 0.99991 -0.0133517 1.57873e-005 0.0133517 0.999911 0.00150005 4.60505 5.10185</i>
                        <i>1 -0.000695444 0 0.000695352 0.999868 -0.0162291 1.12864e-005 0.0162291 0.999868 0.000888862 4.60823 5.38935</i>
                        <i>1 -0.000237831 -4.23516e-022 0.00023779 0.999828 -0.0185558 4.41315e-006 0.0185558 0.999828 0.0003058 4.61028 5.69991</i>
                        <i>1 0 0 0 0.9998 -0.0200007 0 0.0200007 0.9998 0 4.61238 6.03407</i>
                        <i>1 5.75037e-005 -1.05879e-022 -5.74916e-005 0.999789 -0.0205386 -1.18104e-006 0.0205386 0.999789 -7.43128e-005 4.61383 6.392</i>
                        <i>1 0.000101875 0 -0.000101854 0.99979 -0.020474 -2.08579e-006 0.020474 0.99979 -0.000131633 4.61352 6.77341</i>
                        <i>1 0.000134308 2.11758e-022 -0.000134281 0.999801 -0.0199705 -2.6822e-006 0.0199705 0.999801 -0.000173317 4.61197 7.17821</i>
                        <i>1 0.000155996 0 -0.000155968 0.999816 -0.0191918 -2.99385e-006 0.0191918 0.999816 -0.000200905 4.6097 7.60629</i>
                        <i>1 0.000168134 2.11758e-022 -0.000168106 0.999833 -0.0183013 -3.07707e-006 0.0183013 0.999833 -0.000216043 4.60722 8.05755</i>
                        <i>1 0.000171914 0 -0.000171888 0.999847 -0.0174627 -3.00208e-006 0.0174627 0.999848 -0.000220426 4.60504 8.53191</i>
                        <i>1 0.000168532 0 -0.000168508 0.999858 -0.0168395 -2.838e-006 0.0168395 0.999858 -0.000215743 4.60368 9.02924</i>
                        <i>1 0.00015918 0 -0.000159158 0.999862 -0.0165955 -2.64167e-006 0.0165955 0.999862 -0.000203644 4.60365 9.54947</i>
                        <i>1 0.000145053 0 -0.000145033 0.999861 -0.0166775 -2.41912e-006 0.0166775 0.999861 -0.000185609 4.60477 10.0928</i>
                        <i>1 0.000127344 0 -0.000127326 0.999857 -0.0169022 -2.1524e-006 0.0169022 0.999857 -0.000163044 4.6064 10.6595</i>
                        <i>1 0.000107248 -1.05879e-022 -0.000107232 0.999851 -0.0172377 -1.8487e-006 0.0172377 0.999851 -0.000137432 4.60842 11.2498</i>
                        <i>1 8.59572e-005 1.05879e-022 -8.59438e-005 0.999844 -0.017652 -1.51732e-006 0.017652 0.999844 -0.000110267 4.61069 11.8637</i>
                        <i>1 6.46669e-005 0 -6.46563e-005 0.999836 -0.018113 -1.17131e-006 0.018113 0.999836 -8.30535e-005 4.61309 12.5016</i>
                        <i>1 4.45704e-005 5.29396e-023 -4.45627e-005 0.999827 -0.0185889 -8.28514e-007 0.0185889 0.999827 -5.73128e-005 4.61549 13.1635</i>
                        <i>1 2.68616e-005 0 -2.68568e-005 0.999819 -0.0190476 -5.11649e-007 0.0190476 0.999819 -3.45818e-005 4.61776 13.8496</i>
                        <i>1 1.27344e-005 2.64698e-023 -1.2732e-005 0.999811 -0.0194571 -2.47774e-007 0.0194571 0.999811 -1.64115e-005 4.61977 14.56</i>
                        <i>1 3.38259e-006 0 -3.38193e-006 0.999804 -0.0197855 -6.69261e-008 0.0197855 0.999804 -4.36298e-006 4.6214 15.2949</i>
                        <i>1 0 0 0 0.9998 -0.0200007 0 0.0200007 0.9998 0 4.62251 16.0544</i>
                        <i>1 0 0 0 0.999797 -0.0201269 0 0.0201269 0.999797 0 4.62321 16.8386</i>
                        <i>1 0 0 0 0.999796 -0.0202127 0 0.0202127 0.999796 0 4.62368 17.6476</i>
                        <i>1 0 0 0 0.999795 -0.0202635 0 0.0202635 0.999795 0 4.62396 18.4814</i>
                        <i>1 0 0 0 0.999794 -0.0202846 0 0.0202846 0.999794 0 4.62407 19.3403</i>
                        <i>1 0 0 0 0.999794 -0.020281 0 0.020281 0.999794 0 4.62405 20.2242</i>
                        <i>1 0 0 0 0.999795 -0.0202583 0 0.0202583 0.999795 0 4.62393 21.1333</i>
                        <i>1 0 0 0 0.999795 -0.0202215 0 0.0202215 0.999795 0 4.62372 22.0676</i>
                        <i>1 0 0 0 0.999796 -0.0201759 0 0.0201759 0.999796 0 4.62347 23.0274</i>
                        <i>1 0 0 0 0.999797 -0.0201269 0 0.0201269 0.999797 0 4.62321 24.0127</i>
                        <i>1 0 0 0 0.999798 -0.0200796 0 0.0200796 0.999798 0 4.62294 25.0235</i>
                        <i>1 0 0 0 0.999799 -0.0200393 0 0.0200393 0.999799 0 4.62272 26.0601</i>
                        <i>1 0 0 0 0.9998 -0.0200112 0 0.0200112 0.9998 0 4.62257 27.1224</i>
                        <i>1 0 0 0 0.9998 -0.0200007 0 0.0200007 0.9998 0 4.62251 28.2107</i>
                        <i>1 0 0 0 0.99976 -0.0219075 0 0.0219075 0.99976 0 4.62878 29.3226</i>
                        <i>1 0 0 0 0.999631 -0.02717 0 0.02717 0.999631 0 4.68425 30.4562</i>
                        <i>1 0 0 0 0.999384 -0.0351008 0 0.0351008 0.999384 0 4.82252 31.6124</i>
                        <i>1 0 0 0 0.998986 -0.0450115 0 0.0450115 0.998986 0 5.03789 32.7921</i>
                        <i>1 0 0 0 0.998419 -0.0562135 0 0.0562135 0.998419 0 5.32468 33.9961</i>
                        <i>1 0 0 0 0.997684 -0.0680184 0 0.0680184 0.997684 0 5.67723 35.2254</i>
                        <i>1 0 0 0 0.996816 -0.079739 0 0.079739 0.996816 0 6.08993 36.4811</i>
                        <i>1 0 0 0 0.995879 -0.0906903 0 0.0906903 0.995879 0 6.55721 37.7643</i>
                        <i>1 0.000698126 -6.77626e-021 -0.000694487 0.994788 -0.101963 -7.11828e-005 0.101963 0.994788 -0.00108638 7.07919 39.0736</i>
                        <i>0.999997 0.0025585 0 -0.00254159 0.993384 -0.114808 -0.000293737 0.114808 0.993388 -0.00408597 7.65647 40.407</i>
                        <i>0.999986 0.00523012 5.42101e-020 -0.00518657 0.991659 -0.128786 -0.000673564 0.128784 0.991672 -0.00858398 8.28417 41.7175</i>
                        <i>0.999965 0.00836196 0 -0.00827547 0.989622 -0.143455 -0.00119957 0.14345 0.989657 -0.0141102 8.95749 43.0262</i>
                        <i>0.999933 0.011603 -1.0842e-019 -0.0114565 0.987312 -0.15838 -0.00183768 0.15837 0.987378 -0.0201209 9.67163 44.3337</i>
                        <i>0.999893 0.0146022 0 -0.0143817 0.984795 -0.173126 -0.00252801 0.173107 0.9849 -0.0259914 10.4219 45.6408</i>
                        <i>0.999855 0.0170086 2.1684e-019 -0.0167077 0.982168 -0.187262 -0.00318507 0.187235 0.98231 -0.0310181 11.2035 46.9483</i>
                        <i>0.999829 0.0184714 -2.1684e-019 -0.0180968 0.979554 -0.200364 -0.00370101 0.20033 0.979721 -0.0344295 12.0119 48.257</i>
                        <i>0.999826 0.0186397 -4.33681e-019 -0.0182159 0.977097 -0.212012 -0.00395183 0.211975 0.977267 -0.0354069 12.8426 49.568</i>
                        <i>0.999844 0.0176547 0 -0.017215 0.974943 -0.22179 -0.00391563 0.221755 0.975095 -0.0340614 13.6908 50.8822</i>
                        <i>0.999872 0.0159741 0 -0.0155485 0.973235 -0.229285 -0.00366262 0.229256 0.973359 -0.0311819 14.5521 52.2006</i>
                        <i>0.999906 0.0137212 0 -0.01334 0.972124 -0.234086 -0.00321195 0.234064 0.972216 -0.0269834 15.4219 53.5243</i>
                        <i>0.999939 0.0110195 -2.1684e-019 -0.0107089 0.971748 -0.235779 -0.00259818 0.235765 0.971807 -0.0217268 16.2955 54.8543</i>
                        <i>0.999968 0.00799251 1.0842e-019 -0.00776772 0.971844 -0.235497 -0.00188221 0.235489 0.971875 -0.0157517 17.1732 56.1882</i>
                        <i>0.999989 0.00476368 0 -0.00463059 0.97205 -0.23473 -0.00111818 0.234727 0.972061 -0.00937727 18.0558 57.5231</i>
                        <i>0.999999 0.00145656 0 -0.00141626 0.972332 -0.233601 -0.000340254 0.2336 0.972333 -0.00286227 18.9406 58.8588</i>
                        <i>0.999998 -0.00180531 -2.71051e-020 0.00175596 0.972659 -0.232232 0.000419251 0.232231 0.97266 0.00354012 19.8244 60.1949</i>
                        <i>0.999988 -0.00489841 0 0.00476622 0.973003 -0.230745 0.00113028 0.230742 0.973014 0.00958349 20.7042 61.5313</i>
                        <i>0.99997 -0.0076992 0 0.00749413 0.973336 -0.229263 0.00176514 0.229256 0.973364 0.0150286 21.577 62.8676</i>
                        <i>0.999949 -0.0100842 -2.1684e-019 0.0098188 0.973633 -0.227908 0.00229827 0.227897 0.973683 0.0196426 22.4399 64.2037</i>
                        <i>0.999929 -0.0119299 0 0.011619 0.973871 -0.226803 0.00270574 0.226787 0.973941 0.0231978 23.2898 65.5392</i>
                        <i>0.999914 -0.0131128 0 0.0127733 0.974027 -0.226071 0.00296443 0.226052 0.974111 0.025469 24.1238 66.874</i>
                        <i>0.999909 -0.0135201 2.1684e-019 0.0131708 0.974077 -0.225834 0.0030533 0.225813 0.974166 0.0262503 24.9388 68.2078</i>
                        <i>0.999913 -0.0132061 2.1684e-019 0.0128636 0.973984 -0.22625 0.00298787 0.22623 0.974069 0.0256572 25.7319 69.5403</i>
                        <i>0.999924 -0.012298 0 0.0119761 0.973756 -0.227277 0.00279505 0.22726 0.97383 0.0239312 26.4997 70.8716</i>
                        <i>0.99994 -0.0109231 0 0.0106335 0.97343 -0.228739 0.00249853 0.228725 0.973488 0.0213041 27.2382 72.202</i>
                        <i>0.999958 -0.00920871 -2.1684e-019 0.00896083 0.973041 -0.230458 0.00212222 0.230448 0.973082 0.0180084 27.9435 73.5318</i>
                        <i>0.999973 -0.00728214 1.0842e-019 0.007083 0.972628 -0.232259 0.00169134 0.232253 0.972654 0.0142805 28.6116 74.8614</i>
                        <i>0.999986 -0.00527066 0 0.00512437 0.972232 -0.233965 0.00123315 0.233962 0.972245 0.0103631 29.2387 76.1913</i>
                        <i>0.999995 -0.0033016 -5.42101e-020 0.00320882 0.971893 -0.235401 0.000777201 0.2354 0.971898 0.00650587 29.8209 77.5216</i>
                        <i>0.999999 -0.00150228 2.71051e-020 0.0014597 0.971657 -0.236391 0.000355126 0.236391 0.971658 0.00296476 30.3542 78.8528</i>
                        <i>1 0 0 0 0.971568 -0.23676 0 0.23676 0.971568 0 30.8347 80.1853</i>
                        <i>1 0 0 0 0.97202 -0.234898 0 0.234898 0.97202 0 31.2396 81.5223</i>
                        <i>1 0 0 0 0.973291 -0.229576 0 0.229576 0.973291 0 31.5536 82.8662</i>
                        <i>1 0 0 0 0.975231 -0.22119 0 0.22119 0.975231 0 31.785 84.216</i>
                        <i>1 0 0 0 0.977673 -0.210131 0 0.210131 0.977673 0 31.9415 85.5707</i>
                        <i>1 0 0 0 0.980446 -0.19679 0 0.19679 0.980446 0 32.0313 86.9293</i>
                        <i>1 0 0 0 0.983379 -0.181562 0 0.181562 0.983379 0 32.0623 88.2907</i>
                        <i>1 0 0 0 0.986319 -0.164847 0 0.164847 0.986319 0 32.0424 89.654</i>
                        <i>1 0 0 0 0.989129 -0.147051 0 0.147051 0.989129 0 31.9798 91.0181</i>
                        <i>1 0 0 0 0.991699 -0.128585 0 0.128585 0.991699 0 31.8826 92.3822</i>
                        <i>1 0 0 0 0.993946 -0.109866 0 0.109866 0.993946 0 31.759 93.7456</i>
                        <i>1 0 0 0 0.995822 -0.0913168 0 0.0913168 0.995822 0 31.6171 95.1075</i>
                        <i>1 0 0 0 0.997305 -0.0733613 0 0.0733613 0.997305 0 31.4652 96.4673</i>
                        <i>1 0 0 0 0.998407 -0.0564257 0 0.0564257 0.998407 0 31.3116 97.8247</i>
                        <i>1 0 0 0 0.999162 -0.0409364 0 0.0409364 0.999162 0 31.1647 99.1791</i>
                        <i>1 0 0 0 0.999627 -0.0273184 0 0.0273184 0.999627 0 31.0329 100.53</i>
                        <i>1 0 0 0 0.999872 -0.015995 0 0.015995 0.999872 0 30.9244 101.878</i>
                        <i>1 0 0 0 0.999973 -0.00738793 0 0.00738793 0.999973 0 30.8477 103.222</i>
                        <i>1 0 0 0 0.999998 -0.0019167 0 0.0019167 0.999998 0 30.8111 104.562</i>
                        <i>1 0 0 0 1 0 0 0 1 0 30.8229 105.897</i>
                    </KeyFrames>
                </p>
            </i>
