<?xml version="1.0" encoding="ISO-8859-1" ?>
<Animl Version="1">
    <ModellingPackage><![CDATA[Maya.2010]]></ModellingPackage>
    <SrcFile><![CDATA[anims\generic\~src\windup\windup01_idle_1rps.mb]]></SrcFile>
    <FramesPerSecond>30</FramesPerSecond>
    <TotalFrames>31</TotalFrames>
    <Skeleton>
        <RefFrame>
            <Name><![CDATA[windup_ref_frame]]></Name>
            <Exclude>0</Exclude>
            <Additive>0</Additive>
            <IKPriority>0</IKPriority>
            <IKRotLimits>-1e+010 -1e+010 -1e+010 1e+010 1e+010 1e+010</IKRotLimits>
            <IKRotLimitOrder>0</IKRotLimitOrder>
            <KeyFrames count="31">
                <i>1 0 0 0 1 0 0 0 1 0 0 0</i>
                <i>1 0 0 0 1 0 0 0 1 0 0 0</i>
                <i>1 0 0 0 1 0 0 0 1 0 0 0</i>
                <i>1 0 0 0 1 0 0 0 1 0 0 0</i>
                <i>1 0 0 0 1 0 0 0 1 0 0 0</i>
                <i>1 0 0 0 1 0 0 0 1 0 0 0</i>
                <i>1 0 0 0 1 0 0 0 1 0 0 0</i>
                <i>1 0 0 0 1 0 0 0 1 0 0 0</i>
                <i>1 0 0 0 1 0 0 0 1 0 0 0</i>
                <i>1 0 0 0 1 0 0 0 1 0 0 0</i>
                <i>1 0 0 0 1 0 0 0 1 0 0 0</i>
                <i>1 0 0 0 1 0 0 0 1 0 0 0</i>
                <i>1 0 0 0 1 0 0 0 1 0 0 0</i>
                <i>1 0 0 0 1 0 0 0 1 0 0 0</i>
                <i>1 0 0 0 1 0 0 0 1 0 0 0</i>
                <i>1 0 0 0 1 0 0 0 1 0 0 0</i>
                <i>1 0 0 0 1 0 0 0 1 0 0 0</i>
                <i>1 0 0 0 1 0 0 0 1 0 0 0</i>
                <i>1 0 0 0 1 0 0 0 1 0 0 0</i>
                <i>1 0 0 0 1 0 0 0 1 0 0 0</i>
                <i>1 0 0 0 1 0 0 0 1 0 0 0</i>
                <i>1 0 0 0 1 0 0 0 1 0 0 0</i>
                <i>1 0 0 0 1 0 0 0 1 0 0 0</i>
                <i>1 0 0 0 1 0 0 0 1 0 0 0</i>
                <i>1 0 0 0 1 0 0 0 1 0 0 0</i>
                <i>1 0 0 0 1 0 0 0 1 0 0 0</i>
                <i>1 0 0 0 1 0 0 0 1 0 0 0</i>
                <i>1 0 0 0 1 0 0 0 1 0 0 0</i>
                <i>1 0 0 0 1 0 0 0 1 0 0 0</i>
                <i>1 0 0 0 1 0 0 0 1 0 0 0</i>
                <i>1 0 0 0 1 0 0 0 1 0 0 0</i>
            </KeyFrames>
        </RefFrame>
        <Bones count="2">
            <i>
                <p>
                    <Name><![CDATA[windup_root]]></Name>
                    <Exclude>0</Exclude>
                    <Additive>0</Additive>
                    <IKPriority>0</IKPriority>
                    <IKRotLimits>-1e+010 -1e+010 -1e+010 1e+010 1e+010 1e+010</IKRotLimits>
                    <IKRotLimitOrder>0</IKRotLimitOrder>
                    <KeyFrames count="31">
                        <i>1 0 0 0 1 0 0 0 1 0 0 0</i>
                        <i>1 0 0 0 1 0 0 0 1 0 0 0</i>
                        <i>1 0 0 0 1 0 0 0 1 0 0 0</i>
                        <i>1 0 0 0 1 0 0 0 1 0 0 0</i>
                        <i>1 0 0 0 1 0 0 0 1 0 0 0</i>
                        <i>1 0 0 0 1 0 0 0 1 0 0 0</i>
                        <i>1 0 0 0 1 0 0 0 1 0 0 0</i>
                        <i>1 0 0 0 1 0 0 0 1 0 0 0</i>
                        <i>1 0 0 0 1 0 0 0 1 0 0 0</i>
                        <i>1 0 0 0 1 0 0 0 1 0 0 0</i>
                        <i>1 0 0 0 1 0 0 0 1 0 0 0</i>
                        <i>1 0 0 0 1 0 0 0 1 0 0 0</i>
                        <i>1 0 0 0 1 0 0 0 1 0 0 0</i>
                        <i>1 0 0 0 1 0 0 0 1 0 0 0</i>
                        <i>1 0 0 0 1 0 0 0 1 0 0 0</i>
                        <i>1 0 0 0 1 0 0 0 1 0 0 0</i>
                        <i>1 0 0 0 1 0 0 0 1 0 0 0</i>
                        <i>1 0 0 0 1 0 0 0 1 0 0 0</i>
                        <i>1 0 0 0 1 0 0 0 1 0 0 0</i>
                        <i>1 0 0 0 1 0 0 0 1 0 0 0</i>
                        <i>1 0 0 0 1 0 0 0 1 0 0 0</i>
                        <i>1 0 0 0 1 0 0 0 1 0 0 0</i>
                        <i>1 0 0 0 1 0 0 0 1 0 0 0</i>
                        <i>1 0 0 0 1 0 0 0 1 0 0 0</i>
                        <i>1 0 0 0 1 0 0 0 1 0 0 0</i>
                        <i>1 0 0 0 1 0 0 0 1 0 0 0</i>
                        <i>1 0 0 0 1 0 0 0 1 0 0 0</i>
                        <i>1 0 0 0 1 0 0 0 1 0 0 0</i>
                        <i>1 0 0 0 1 0 0 0 1 0 0 0</i>
                        <i>1 0 0 0 1 0 0 0 1 0 0 0</i>
                        <i>1 0 0 0 1 0 0 0 1 0 0 0</i>
                    </KeyFrames>
                </p>
            </i>
            <i>
                <p>
                    <Name><![CDATA[key]]></Name>
                    <Exclude>0</Exclude>
                    <Additive>0</Additive>
                    <IKPriority>0</IKPriority>
                    <IKRotLimits>-1e+010 -1e+010 -1e+010 1e+010 1e+010 1e+010</IKRotLimits>
                    <IKRotLimitOrder>0</IKRotLimitOrder>
                    <KeyFrames count="31">
                        <i>0.999999 -0.00139479 0 0.00139479 0.999997 -0.00210796 2.94016e-006 0.00210796 0.999998 0 0.124868 0</i>
                        <i>0.978147 -0.00061793 -0.207912 0.001061 0.999997 0.00201956 0.20791 -0.00219602 0.978146 0 0.124868 0</i>
                        <i>0.913545 0.000989038 -0.406737 -0.000959784 1 0.000275931 0.406737 0.000138304 0.913545 0 0.124868 0</i>
                        <i>0.809017 0.000193002 -0.587785 -0.000558984 1 -0.000441022 0.587785 0.000685357 0.809017 0 0.124868 0</i>
                        <i>0.66913 0.000624184 -0.743145 -0.000857146 1 6.81445e-005 0.743145 0.000591386 0.669131 0 0.124868 0</i>
                        <i>0.5 -0.000402604 -0.866025 0.00131758 0.999999 0.000295819 0.866025 -0.00128897 0.5 0 0.124868 0</i>
                        <i>0.309015 0.00100495 -0.951057 -0.00166935 0.999998 0.000514264 0.951056 0.00142873 0.309016 0 0.124868 0</i>
                        <i>0.104528 -5.64892e-005 -0.994522 -0.000188585 1 -7.66214e-005 0.994522 0.000195561 0.104528 0 0.124868 0</i>
                        <i>-0.104529 -5.34112e-005 -0.994522 -0.00220825 0.999998 0.000178391 0.994519 0.0022148 -0.104528 0 0.124868 0</i>
                        <i>-0.309017 -3.08215e-005 -0.951056 -0.0003588 1 8.41736e-005 0.951056 0.00036725 -0.309017 0 0.124868 0</i>
                        <i>-0.5 0.000505089 -0.866025 0.00110081 0.999999 -5.23244e-005 0.866025 -0.000979488 -0.5 0 0.124868 0</i>
                        <i>-0.669131 -0.000100451 -0.743145 -0.000845685 0.999999 0.000626289 0.743144 0.00104754 -0.66913 0 0.124868 0</i>
                        <i>-0.809016 0.00139983 -0.587785 0.000675014 0.999999 0.00145245 0.587786 0.000778291 -0.809016 0 0.124868 0</i>
                        <i>-0.913545 0.0004502 -0.406737 0.000119173 1 0.000839193 0.406737 0.000718169 -0.913545 0 0.124868 0</i>
                        <i>-0.978148 0.000228383 -0.207912 0.000167135 1 0.000312156 0.207912 0.000270586 -0.978148 0 0.124868 0</i>
                        <i>-1 0.000335339 2.69177e-007 0.000335339 1 0.000466687 -1.12678e-007 0.000466687 -1 0 0.124868 0</i>
                        <i>-0.978148 -5.79569e-005 0.207912 -0.000376819 0.999999 -0.00149404 -0.207911 -0.00153973 -0.978146 0 0.124868 0</i>
                        <i>-0.913545 0.000837542 0.406737 0.000445295 0.999999 -0.00105902 -0.406737 -0.000786349 -0.913545 0 0.124868 0</i>
                        <i>-0.809015 -0.00173779 0.587785 -0.00298097 0.999995 -0.00114646 -0.58778 -0.00267967 -0.809016 0 0.124868 0</i>
                        <i>-0.66913 -0.000474049 0.743145 0.0016293 0.999996 0.00210492 -0.743143 0.00261927 -0.669127 0 0.124868 0</i>
                        <i>-0.499999 -0.00114704 0.866025 -0.00219376 0.999998 5.79197e-005 -0.866023 -0.00187089 -0.5 0 0.124868 0</i>
                        <i>-0.309017 0.000225674 0.951057 0.00065068 1 -2.58696e-005 -0.951056 0.000610839 -0.309017 0 0.124868 0</i>
                        <i>-0.104528 9.32204e-005 0.994522 -0.000217756 1 -0.000116621 -0.994522 -0.000228754 -0.104528 0 0.124868 0</i>
                        <i>0.104529 -2.11297e-005 0.994522 -0.00199171 0.999998 0.000230584 -0.99452 -0.0020049 0.104528 0 0.124868 0</i>
                        <i>0.309017 -0.00019447 0.951057 0.00250581 0.999997 -0.000609711 -0.951053 0.00257158 0.309016 0 0.124868 0</i>
                        <i>0.5 -0.000697394 0.866025 0.00322033 0.999994 -0.00105398 -0.86602 0.00331588 0.499999 0 0.124868 0</i>
                        <i>0.66913 -0.00042271 0.743145 -0.000902627 0.999999 0.00138154 -0.743144 -0.00159521 0.669129 0 0.124868 0</i>
                        <i>0.809017 0.000875872 0.587785 -0.00126017 0.999999 0.000244359 -0.587784 -0.000938402 0.809017 0 0.124868 0</i>
                        <i>0.913545 0.000217937 0.406737 -1.68384e-005 1 -0.000497999 -0.406737 0.000448096 0.913545 0 0.124868 0</i>
                        <i>0.978147 0.000912441 0.207912 -0.000953999 1 9.96165e-005 -0.207911 -0.000295787 0.978148 0 0.124868 0</i>
                        <i>1 -0.000805208 2.44929e-016 0.000805208 1 0.000591638 -4.76392e-007 -0.000591638 1 0 0.124868 0</i>
                    </KeyFrames>
                </p>
            </i>
        </Bones>
    </Skeleton>
</Animl>
