<?xml version="1.0" encoding="ISO-8859-1" ?>
<Animl Version="1">
    <ModellingPackage><![CDATA[Maya.2010]]></ModellingPackage>
    <SrcFile><![CDATA[anims\bosses\red\~src\boss_beetle\boss_beetle_flyin_helod.mb]]></SrcFile>
    <FramesPerSecond>30</FramesPerSecond>
    <TotalFrames>800</TotalFrames>
    <Skeleton>
        <RefFrame>
            <Name><![CDATA[mi8hip_ref_frame]]></Name>
            <Exclude>0</Exclude>
            <Additive>0</Additive>
            <IKPriority>0</IKPriority>
            <IKRotLimits>-1e+010 -1e+010 -1e+010 1e+010 1e+010 1e+010</IKRotLimits>
            <IKRotLimitOrder>0</IKRotLimitOrder>
            <KeyFrames count="800">
                <i>0.999998 0.000668523 -0.00185598 -0.000663308 0.999996 0.00280923 0.00185785 -0.002808 0.999994 57.9168 62.8759 -74.1182</i>
                <i>1 -0.000437406 -0.000279471 0.000438057 0.999997 0.00233025 0.000278451 -0.00233037 0.999997 57.9299 62.8733 -73.3413</i>
                <i>0.999998 -0.00154035 0.00135622 0.00153795 0.999997 0.00177061 -0.00135894 -0.00176852 0.999997 57.9514 62.8652 -72.5612</i>
                <i>0.999992 -0.00263986 0.00305013 0.00263642 0.999996 0.00113244 -0.00305311 -0.00112439 0.999995 57.981 62.8522 -71.7784</i>
                <i>0.999982 -0.0037355 0.00480132 0.00373354 0.999993 0.000417818 -0.00480284 -0.000399884 0.999988 58.0183 62.8345 -70.9929</i>
                <i>0.999967 -0.0048268 0.0066088 0.00482936 0.999988 -0.000371163 -0.00660693 0.000403067 0.999978 58.063 62.8126 -70.2053</i>
                <i>0.999947 -0.00591329 0.00847159 0.00592394 0.999982 -0.00123242 -0.00846415 0.00128254 0.999963 58.1147 62.7868 -69.4157</i>
                <i>0.999922 -0.00699449 0.0103887 0.00701733 0.999973 -0.00216387 -0.0103733 0.0022366 0.999944 58.173 62.7574 -68.6245</i>
                <i>0.999891 -0.00806991 0.0123591 0.00810959 0.999962 -0.00316343 -0.0123331 0.00326331 0.999919 58.2377 62.7248 -67.832</i>
                <i>0.999855 -0.00913909 0.0143818 0.00920078 0.999949 -0.00422904 -0.0143425 0.00436075 0.999888 58.3084 62.6894 -67.0384</i>
                <i>0.999813 -0.0102015 0.0164558 0.0102909 0.999933 -0.00535862 -0.0164 0.00552696 0.99985 58.3847 62.6515 -66.2441</i>
                <i>0.999764 -0.0112567 0.01858 0.0113801 0.999914 -0.00655011 -0.0185047 0.00676001 0.999806 58.4663 62.6114 -65.4493</i>
                <i>0.999709 -0.0123042 0.0207534 0.0124684 0.999892 -0.00780146 -0.0206551 0.00805795 0.999754 58.553 62.5694 -64.6544</i>
                <i>0.999647 -0.0133435 0.0229748 0.0135558 0.999867 -0.0091106 -0.0228502 0.00941882 0.999695 58.6444 62.526 -63.8596</i>
                <i>0.999578 -0.0143742 0.0252433 0.0146425 0.999838 -0.0104755 -0.0250886 0.0108407 0.999626 58.7401 62.4813 -63.0653</i>
                <i>0.999502 -0.0153957 0.0275577 0.0157283 0.999806 -0.0118941 -0.0273692 0.0123216 0.999549 58.8399 62.4357 -62.2716</i>
                <i>0.999418 -0.0164077 0.0299169 0.0168135 0.999769 -0.0133643 -0.0296907 0.0138595 0.999463 58.9435 62.3894 -61.479</i>
                <i>0.999326 -0.0174096 0.0323198 0.017898 0.999729 -0.0148841 -0.0320519 0.0154526 0.999367 59.0505 62.3429 -60.6878</i>
                <i>0.999226 -0.0184012 0.0347652 0.018982 0.999684 -0.0164515 -0.0344515 0.0170987 0.99926 59.1608 62.2962 -59.8981</i>
                <i>0.999118 -0.0193818 0.0372521 0.0200654 0.999635 -0.0180645 -0.0368884 0.0187961 0.999143 59.2739 62.2498 -59.1104</i>
                <i>0.999001 -0.0203513 0.0397793 0.0211484 0.999582 -0.019721 -0.0393613 0.0205426 0.999014 59.3897 62.2039 -58.325</i>
                <i>0.998876 -0.0213091 0.0423456 0.0222309 0.999523 -0.0214189 -0.041869 0.0223362 0.998873 59.5078 62.1587 -57.542</i>
                <i>0.998741 -0.0222549 0.0449499 0.0233131 0.99946 -0.0231564 -0.0444103 0.0241752 0.998721 59.628 62.1144 -56.7619</i>
                <i>0.998598 -0.0231885 0.0475909 0.0243951 0.999391 -0.0249313 -0.0469838 0.0260573 0.998556 59.7501 62.0713 -55.985</i>
                <i>0.998445 -0.0241094 0.0502675 0.0254768 0.999318 -0.0267416 -0.0495884 0.0279807 0.998378 59.8737 62.0296 -55.2116</i>
                <i>0.998282 -0.0250174 0.0529784 0.0265584 0.999238 -0.0285854 -0.0522229 0.0299433 0.998186 59.9987 61.9896 -54.4419</i>
                <i>0.99811 -0.0259122 0.0557224 0.0276398 0.999154 -0.0304605 -0.054886 0.0319431 0.997982 60.1248 61.9513 -53.6764</i>
                <i>0.997928 -0.0267936 0.0584984 0.0287213 0.999063 -0.0323652 -0.0575764 0.0339782 0.997763 60.2517 61.9151 -52.9152</i>
                <i>0.997736 -0.0276613 0.061305 0.0298029 0.998967 -0.0342972 -0.060293 0.0360466 0.99753 60.3793 61.8811 -52.1588</i>
                <i>0.997533 -0.0285153 0.0641411 0.0308845 0.998865 -0.0362547 -0.0630345 0.0381462 0.997282 60.5074 61.8494 -51.4075</i>
                <i>0.997321 -0.0293553 0.0670054 0.0319664 0.998757 -0.0382356 -0.0657997 0.0402751 0.99702 60.6357 61.8202 -50.6616</i>
                <i>0.997098 -0.0301811 0.0698965 0.0330486 0.998643 -0.0402381 -0.0685873 0.0424313 0.996742 60.764 61.7938 -49.9214</i>
                <i>0.996864 -0.0309928 0.0728133 0.0341311 0.998523 -0.04226 -0.0713961 0.0446126 0.99645 60.8922 61.7701 -49.1872</i>
                <i>0.99662 -0.0317902 0.0757545 0.0352142 0.998397 -0.0442994 -0.0742248 0.0468173 0.996142 61.02 61.7493 -48.4594</i>
                <i>0.996365 -0.0325733 0.0787187 0.0362977 0.998265 -0.0463543 -0.0770722 0.0490431 0.995819 61.1474 61.7316 -47.7384</i>
                <i>0.996099 -0.0333421 0.0817047 0.0373819 0.998127 -0.0484229 -0.0799372 0.0512883 0.99548 61.274 61.7171 -47.0243</i>
                <i>0.995822 -0.0340967 0.0847112 0.0384668 0.997983 -0.0505031 -0.0828184 0.0535507 0.995125 61.3998 61.7058 -46.3177</i>
                <i>0.995534 -0.0348371 0.0877369 0.0395526 0.997832 -0.0525929 -0.0857145 0.0558283 0.994754 61.5246 61.6979 -45.6188</i>
                <i>0.995236 -0.0355635 0.0907805 0.0406393 0.997676 -0.0546905 -0.0886245 0.0581192 0.994368 61.6483 61.6934 -44.928</i>
                <i>0.994926 -0.0362759 0.0938406 0.041727 0.997514 -0.0567938 -0.091547 0.0604214 0.993966 61.7707 61.6923 -44.2456</i>
                <i>0.994606 -0.0369745 0.0969159 0.0428158 0.997345 -0.058901 -0.0944808 0.0627328 0.993548 61.8916 61.6948 -43.5719</i>
                <i>0.994274 -0.0376597 0.100005 0.0439059 0.997171 -0.0610101 -0.0974247 0.0650516 0.993115 62.0022 61.7013 -42.8997</i>
                <i>0.993931 -0.0383315 0.103107 0.0449973 0.996991 -0.0631191 -0.100377 0.0673756 0.992666 62.093 61.7123 -42.2216</i>
                <i>0.993578 -0.0389904 0.10622 0.0460902 0.996805 -0.0652262 -0.103338 0.0697031 0.992201 62.1634 61.7279 -41.5377</i>
                <i>0.993213 -0.0396366 0.109343 0.0471846 0.996614 -0.0673295 -0.106304 0.0720319 0.991721 62.2127 61.7483 -40.8479</i>
                <i>0.992838 -0.0402705 0.112475 0.0482808 0.996418 -0.0694269 -0.109276 0.0743601 0.991226 62.2403 61.7737 -40.1526</i>
                <i>0.992452 -0.0408925 0.115614 0.0493788 0.996216 -0.0715167 -0.112252 0.0766858 0.990716 62.2456 61.804 -39.4516</i>
                <i>0.992055 -0.0415031 0.118759 0.0504788 0.99601 -0.0735969 -0.11523 0.0790069 0.990192 62.2278 61.8395 -38.7452</i>
                <i>0.991648 -0.0421027 0.121908 0.0515809 0.995798 -0.0756655 -0.11821 0.0813217 0.989653 62.1865 61.8803 -38.0334</i>
                <i>0.99123 -0.0426919 0.125061 0.0526852 0.995582 -0.0777209 -0.12119 0.0836281 0.9891 62.1209 61.9263 -37.3163</i>
                <i>0.990802 -0.0432711 0.128216 0.0537918 0.995362 -0.0797609 -0.12417 0.0859242 0.988534 62.0304 61.9778 -36.594</i>
                <i>0.990363 -0.0438411 0.131371 0.054901 0.995137 -0.0817838 -0.127147 0.0882081 0.987954 61.9145 62.0348 -35.8668</i>
                <i>0.989915 -0.0444024 0.134525 0.0560128 0.994908 -0.0837878 -0.13012 0.0904779 0.987361 61.7725 62.0973 -35.1346</i>
                <i>0.989456 -0.0449557 0.137678 0.0571274 0.994676 -0.0857708 -0.133089 0.0927317 0.986756 61.6038 62.1655 -34.3976</i>
                <i>0.988988 -0.0455017 0.140827 0.058245 0.99444 -0.0877312 -0.136052 0.0949676 0.986139 61.4078 62.2393 -33.656</i>
                <i>0.98851 -0.0460412 0.143971 0.0593658 0.994201 -0.089667 -0.139008 0.0971837 0.985511 61.1958 62.3179 -32.9194</i>
                <i>0.988023 -0.0465749 0.14711 0.0604897 0.993959 -0.0915763 -0.141956 0.0993781 0.984872 60.9798 62.4007 -32.1979</i>
                <i>0.987527 -0.0471036 0.15024 0.0616172 0.993715 -0.0934574 -0.144894 0.101549 0.984222 60.7599 62.4873 -31.4921</i>
                <i>0.987022 -0.0476282 0.153363 0.0627482 0.993468 -0.0953085 -0.147822 0.103695 0.983563 60.5366 62.5776 -30.8025</i>
                <i>0.986508 -0.0481496 0.156475 0.0638831 0.99322 -0.0971276 -0.150737 0.105813 0.982895 60.3102 62.6715 -30.1297</i>
                <i>0.985985 -0.0486686 0.159576 0.0650218 0.992969 -0.098913 -0.15364 0.107903 0.982218 60.0808 62.7688 -29.4744</i>
                <i>0.985455 -0.0491863 0.162664 0.0661648 0.992718 -0.100663 -0.156528 0.109961 0.981533 59.849 62.8694 -28.837</i>
                <i>0.984916 -0.0497037 0.165738 0.067312 0.992466 -0.102375 -0.159401 0.111987 0.980842 59.6151 62.9731 -28.2181</i>
                <i>0.984371 -0.0502216 0.168797 0.0684637 0.992213 -0.104049 -0.162257 0.113979 0.980144 59.3793 63.0796 -27.6183</i>
                <i>0.983817 -0.0507413 0.17184 0.0696202 0.99196 -0.105681 -0.165096 0.115934 0.97944 59.142 63.1889 -27.0381</i>
                <i>0.983257 -0.0512637 0.174864 0.0707815 0.991707 -0.107271 -0.167915 0.117852 0.978732 58.9037 63.3007 -26.4781</i>
                <i>0.98269 -0.0517899 0.17787 0.0719478 0.991455 -0.108816 -0.170714 0.11973 0.978019 58.6646 63.4149 -25.9388</i>
                <i>0.982117 -0.0523211 0.180854 0.0731195 0.991203 -0.110315 -0.173492 0.121566 0.977304 58.4252 63.5311 -25.4208</i>
                <i>0.981538 -0.0528585 0.183818 0.0742966 0.990953 -0.111766 -0.176247 0.12336 0.976586 58.1857 63.6493 -24.9245</i>
                <i>0.980953 -0.0534032 0.186758 0.0754794 0.990705 -0.113168 -0.178978 0.125108 0.975866 57.9467 63.7692 -24.4505</i>
                <i>0.980364 -0.0539565 0.189673 0.076668 0.990458 -0.114517 -0.181685 0.12681 0.975146 57.7084 63.8907 -23.9993</i>
                <i>0.979769 -0.0545195 0.192564 0.0778628 0.990214 -0.115814 -0.184365 0.128464 0.974426 57.4713 64.0134 -23.5715</i>
                <i>0.97917 -0.0550936 0.195427 0.0790638 0.989973 -0.117055 -0.187018 0.130068 0.973708 57.2358 64.1373 -23.1674</i>
                <i>0.978566 -0.05568 0.198262 0.0802714 0.989735 -0.11824 -0.189643 0.13162 0.972991 57.0023 64.262 -22.7877</i>
                <i>0.977959 -0.0562799 0.201067 0.0814857 0.989501 -0.119366 -0.192238 0.133119 0.972278 56.7711 64.3875 -22.4328</i>
                <i>0.977349 -0.0568948 0.203842 0.0827069 0.98927 -0.120432 -0.194803 0.134564 0.971568 56.5427 64.5134 -22.1033</i>
                <i>0.976736 -0.0575259 0.206584 0.0839352 0.989044 -0.121437 -0.197335 0.135951 0.970864 56.3175 64.6397 -21.7995</i>
                <i>0.976121 -0.0581746 0.209294 0.085171 0.988822 -0.122378 -0.199835 0.137281 0.970165 56.0958 64.7661 -21.522</i>
                <i>0.975504 -0.0588422 0.211968 0.0864144 0.988606 -0.123253 -0.2023 0.138551 0.969473 55.8782 64.8924 -21.2713</i>
                <i>0.974885 -0.0595302 0.214606 0.0876655 0.988394 -0.124062 -0.20473 0.13976 0.968789 55.6649 65.0184 -21.0478</i>
                <i>0.974265 -0.0602399 0.217208 0.0889248 0.988189 -0.124802 -0.207124 0.140905 0.968114 55.4565 65.144 -20.852</i>
                <i>0.973644 -0.0609726 0.21977 0.0901923 0.987989 -0.125472 -0.20948 0.141986 0.967449 55.2532 65.2691 -20.6844</i>
                <i>0.973024 -0.0617299 0.222293 0.0914683 0.987796 -0.126069 -0.211797 0.143001 0.966795 55.0556 65.3933 -20.5455</i>
                <i>0.972404 -0.062513 0.224774 0.092753 0.987609 -0.126594 -0.214075 0.143949 0.966153 54.864 65.5167 -20.4357</i>
                <i>0.971784 -0.0633235 0.227213 0.0940467 0.987429 -0.127043 -0.216311 0.144827 0.965523 54.6789 65.639 -20.3555</i>
                <i>0.971166 -0.0641626 0.229607 0.0953496 0.987256 -0.127415 -0.218506 0.145634 0.964907 54.4917 65.761 -20.299</i>
                <i>0.97055 -0.0650319 0.231957 0.0966619 0.98709 -0.127708 -0.220657 0.146369 0.964306 54.2937 65.8834 -20.2601</i>
                <i>0.969936 -0.0659327 0.234259 0.0979838 0.986932 -0.127922 -0.222764 0.14703 0.963721 54.0849 66.0061 -20.2391</i>
                <i>0.969325 -0.0668665 0.236514 0.0993156 0.986782 -0.128054 -0.224825 0.147615 0.963153 53.8653 66.1292 -20.2364</i>
                <i>0.968717 -0.0678345 0.238719 0.100657 0.98664 -0.128102 -0.22684 0.148123 0.962602 53.6348 66.2525 -20.252</i>
                <i>0.968112 -0.0688384 0.240873 0.10201 0.986506 -0.128065 -0.228806 0.148553 0.96207 53.3933 66.3762 -20.2864</i>
                <i>0.967512 -0.0698793 0.242974 0.103372 0.98638 -0.127942 -0.230724 0.148903 0.961558 53.1408 66.5001 -20.3396</i>
                <i>0.966917 -0.0709586 0.245022 0.104746 0.986262 -0.127731 -0.232593 0.14917 0.961067 52.8772 66.6242 -20.412</i>
                <i>0.966331 -0.0721166 0.246989 0.106125 0.986175 -0.127263 -0.234397 0.14919 0.960625 52.6024 66.7515 -20.4985</i>
                <i>0.965757 -0.0733907 0.248852 0.107506 0.986139 -0.126384 -0.236127 0.148809 0.96026 52.3229 66.8863 -20.5851</i>
                <i>0.965196 -0.0747785 0.25061 0.108887 0.986149 -0.125112 -0.237784 0.148046 0.959969 52.0451 67.0298 -20.663</i>
                <i>0.964646 -0.0762773 0.252268 0.11027 0.986203 -0.123465 -0.23937 0.146917 0.959749 51.7692 67.1821 -20.7325</i>
                <i>0.964236 -0.0780837 0.253281 0.11173 0.98631 -0.121284 -0.240343 0.145246 0.95976 51.4951 67.343 -20.7937</i>
                <i>0.963998 -0.0802398 0.253514 0.113286 0.986464 -0.11855 -0.24057 0.143002 0.96004 51.2229 67.5125 -20.847</i>
                <i>0.963788 -0.0825156 0.253583 0.114858 0.986646 -0.115485 -0.240667 0.140429 0.960395 50.9525 67.6903 -20.8927</i>
                <i>0.963435 -0.0850055 0.2541 0.11664 0.986825 -0.11212 -0.241221 0.137658 0.960657 50.684 67.8766 -20.931</i>
                <i>0.963108 -0.0876085 0.254454 0.118439 0.98702 -0.10846 -0.241649 0.134595 0.960984 50.4172 68.0711 -20.9622</i>
                <i>0.963175 -0.0897917 0.25344 0.119587 0.987288 -0.104692 -0.240818 0.131145 0.961669 50.1523 68.2737 -20.9867</i>
                <i>0.963565 -0.0916094 0.251297 0.120188 0.987619 -0.100812 -0.238951 0.127342 0.962646 49.8893 68.4843 -21.0046</i>
                <i>0.963964 -0.0934758 0.249069 0.120788 0.987957 -0.0967017 -0.23703 0.123302 0.963646 49.628 68.7028 -21.0163</i>
                <i>0.964372 -0.095384 0.246757 0.121388 0.988297 -0.0923788 -0.235058 0.119041 0.964664 49.3684 68.929 -21.0221</i>
                <i>0.964787 -0.0973274 0.244364 0.121987 0.988635 -0.087861 -0.233036 0.114576 0.965695 49.1107 69.1629 -21.0224</i>
                <i>0.965208 -0.0992994 0.241894 0.122586 0.988967 -0.0831661 -0.230966 0.109925 0.966732 48.8547 69.4042 -21.0174</i>
                <i>0.965636 -0.101294 0.239348 0.123186 0.989289 -0.0783118 -0.228852 0.105105 0.967771 48.6004 69.6527 -21.0075</i>
                <i>0.966068 -0.103304 0.236731 0.123786 0.989597 -0.0733162 -0.226694 0.100132 0.968805 48.3478 69.9084 -20.9931</i>
                <i>0.966504 -0.105325 0.234045 0.124387 0.989887 -0.0681971 -0.224495 0.095025 0.969831 48.0969 70.1709 -20.9746</i>
                <i>0.966943 -0.107349 0.231294 0.12499 0.990158 -0.0629724 -0.222258 0.0898001 0.970844 47.8476 70.4401 -20.9522</i>
                <i>0.967385 -0.109372 0.228482 0.125593 0.990405 -0.05766 -0.219984 0.0844753 0.971839 47.6002 70.7069 -20.9256</i>
                <i>0.967828 -0.111388 0.225613 0.126199 0.990627 -0.052278 -0.217675 0.0790682 0.972813 47.3547 70.9615 -20.8945</i>
                <i>0.968272 -0.113392 0.22269 0.126806 0.990821 -0.0468443 -0.215334 0.0735966 0.973763 47.111 71.2022 -20.8595</i>
                <i>0.968717 -0.115379 0.219718 0.127416 0.990986 -0.0413771 -0.212963 0.0680782 0.974686 46.8695 71.4085 -20.8197</i>
                <i>0.96916 -0.117344 0.2167 0.128028 0.991121 -0.0358942 -0.210564 0.062531 0.975578 46.6303 71.5634 -20.7752</i>
                <i>0.969602 -0.119282 0.213642 0.128643 0.991224 -0.0304139 -0.208139 0.056973 0.976438 46.3934 71.6715 -20.7274</i>
                <i>0.970043 -0.12119 0.210548 0.129261 0.991297 -0.0249541 -0.205691 0.0514222 0.977265 46.1587 71.7373 -20.6781</i>
                <i>0.97048 -0.123063 0.207422 0.129883 0.991337 -0.0195329 -0.203222 0.0458969 0.978056 45.9261 71.7652 -20.6287</i>
                <i>0.970914 -0.124898 0.20427 0.130508 0.991346 -0.0141684 -0.200733 0.0404151 0.978812 45.6956 71.7597 -20.5808</i>
                <i>0.971344 -0.126692 0.201097 0.131136 0.991325 -0.00887856 -0.198227 0.0349952 0.979531 45.4671 71.7253 -20.5354</i>
                <i>0.971769 -0.128441 0.197907 0.131769 0.991274 -0.00368144 -0.195707 0.0296554 0.980214 45.2405 71.6665 -20.4939</i>
                <i>0.97219 -0.130143 0.194706 0.132405 0.991195 0.00140498 -0.193174 0.0244142 0.980861 45.0158 71.5876 -20.4574</i>
                <i>0.972604 -0.131795 0.191499 0.133047 0.991089 0.00636272 -0.190631 0.0192899 0.981472 44.793 71.4933 -20.4268</i>
                <i>0.973012 -0.133394 0.188292 0.133693 0.99096 0.0111738 -0.18808 0.0143009 0.98205 44.572 71.3879 -20.4029</i>
                <i>0.973413 -0.13494 0.18509 0.134343 0.990809 0.0158205 -0.185523 0.00946574 0.982594 44.3528 71.2759 -20.3866</i>
                <i>0.973807 -0.13643 0.181898 0.134999 0.990638 0.0202848 -0.182963 0.00480273 0.983108 44.1353 71.1617 -20.3785</i>
                <i>0.974193 -0.137864 0.178724 0.135661 0.990451 0.0245488 -0.180401 0.000330514 0.983593 43.9196 71.0499 -20.3792</i>
                <i>0.97457 -0.139239 0.175571 0.136328 0.990251 0.0285948 -0.177841 -0.00393251 0.984051 43.7055 70.9447 -20.3892</i>
                <i>0.974939 -0.140555 0.172446 0.137 0.990041 0.0324051 -0.175284 -0.00796785 0.984486 43.4932 70.8506 -20.409</i>
                <i>0.975299 -0.141811 0.169356 0.137679 0.989824 0.035962 -0.172732 -0.011757 0.984899 43.2825 70.772 -20.4389</i>
                <i>0.975649 -0.143008 0.166304 0.138364 0.989604 0.0392477 -0.170188 -0.0152815 0.985293 43.0736 70.7133 -20.4792</i>
                <i>0.97599 -0.144145 0.163298 0.139055 0.989383 0.0422447 -0.167654 -0.0185229 0.985672 42.8663 70.6788 -20.5304</i>
                <i>0.97632 -0.145222 0.160344 0.139753 0.989166 0.0449353 -0.165133 -0.0214627 0.986038 42.6608 70.6729 -20.5926</i>
                <i>0.976639 -0.146239 0.157447 0.140458 0.988956 0.047302 -0.162626 -0.0240823 0.986394 42.457 70.6999 -20.6663</i>
                <i>0.976948 -0.147197 0.154613 0.14117 0.988756 0.0493272 -0.160136 -0.0263634 0.986743 42.2552 70.7435 -20.7518</i>
                <i>0.977246 -0.148096 0.151849 0.141889 0.988568 0.0509933 -0.157665 -0.0282874 0.987087 42.0557 70.7839 -20.8499</i>
                <i>0.977532 -0.148938 0.149159 0.142615 0.988396 0.0522829 -0.155215 -0.0298358 0.98743 41.8584 70.8198 -20.9611</i>
                <i>0.977807 -0.149705 0.146568 0.14335 0.988248 0.0530638 -0.15279 -0.0308756 0.987776 41.6657 70.8475 -21.0853</i>
                <i>0.97807 -0.150389 0.144094 0.144092 0.988131 0.0532401 -0.15039 -0.0313097 0.988131 41.4797 70.8642 -21.2214</i>
                <i>0.97832 -0.150999 0.141734 0.144843 0.988042 0.0528491 -0.148019 -0.0311743 0.988493 41.3003 70.8698 -21.3691</i>
                <i>0.978559 -0.151545 0.139485 0.145602 0.98798 0.0519279 -0.145678 -0.0305052 0.988862 41.1272 70.8642 -21.5277</i>
                <i>0.978785 -0.152036 0.137347 0.146369 0.987939 0.0505137 -0.14337 -0.0293386 0.989234 40.9602 70.8476 -21.6969</i>
                <i>0.978999 -0.15248 0.135316 0.147146 0.987918 0.0486434 -0.141098 -0.0277107 0.989608 40.799 70.8199 -21.8761</i>
                <i>0.9792 -0.152886 0.133389 0.147932 0.987911 0.0463541 -0.138863 -0.0256575 0.989979 40.6435 70.7814 -22.0647</i>
                <i>0.979389 -0.153261 0.131563 0.148727 0.987913 0.0436829 -0.136668 -0.0232156 0.990345 40.4935 70.7321 -22.2623</i>
                <i>0.979564 -0.153611 0.129836 0.149531 0.98792 0.0406668 -0.134515 -0.0204211 0.990701 40.3487 70.6721 -22.4682</i>
                <i>0.979727 -0.153944 0.128205 0.150346 0.987928 0.0373429 -0.132406 -0.0173107 0.991044 40.2088 70.6017 -22.6819</i>
                <i>0.979876 -0.154265 0.126667 0.151171 0.987931 0.0337482 -0.130344 -0.0139208 0.991371 40.0737 70.5209 -22.9028</i>
                <i>0.980013 -0.154581 0.125218 0.152006 0.987927 0.02992 -0.128331 -0.010288 0.991678 39.9431 70.43 -23.1302</i>
                <i>0.980136 -0.154896 0.123856 0.152853 0.98791 0.0258953 -0.12637 -0.00644922 0.991962 39.8168 70.329 -23.3637</i>
                <i>0.980246 -0.155217 0.122577 0.15371 0.987877 0.0217113 -0.124461 -0.00244108 0.992221 39.6946 70.2183 -23.6025</i>
                <i>0.980343 -0.155546 0.12138 0.154579 0.987827 0.0174053 -0.122609 0.00169953 0.992454 39.5761 70.0978 -23.846</i>
                <i>0.980426 -0.15589 0.120259 0.155459 0.987757 0.0130144 -0.120815 0.00593567 0.992657 39.4612 69.9677 -24.0937</i>
                <i>0.980497 -0.156253 0.119212 0.156352 0.987664 0.00857597 -0.119082 0.0102304 0.992832 39.3497 69.8361 -24.3453</i>
                <i>0.980553 -0.156637 0.118237 0.157257 0.987549 0.00412717 -0.117411 0.0145467 0.992977 39.2412 69.7113 -24.6006</i>
                <i>0.980597 -0.157049 0.117329 0.158175 0.987411 -0.000294791 -0.115805 0.0188476 0.993093 39.1356 69.5935 -24.8594</i>
                <i>0.980626 -0.15749 0.116485 0.159107 0.98725 -0.00465252 -0.114267 0.0230959 0.993182 39.0327 69.4827 -25.1211</i>
                <i>0.980643 -0.157965 0.115702 0.160052 0.987068 -0.00890884 -0.112798 0.0272546 0.993244 38.9323 69.379 -25.3856</i>
                <i>0.980645 -0.158478 0.114976 0.161011 0.986867 -0.0130266 -0.111401 0.0312867 0.993283 38.8343 69.2825 -25.6523</i>
                <i>0.980634 -0.159031 0.114303 0.161984 0.986647 -0.0169685 -0.110079 0.0351552 0.993301 38.7385 69.1933 -25.921</i>
                <i>0.98061 -0.159629 0.113681 0.162973 0.986413 -0.0206974 -0.108832 0.0388229 0.993302 38.6448 69.1114 -26.1913</i>
                <i>0.980571 -0.160273 0.113104 0.163977 0.986168 -0.0241762 -0.107665 0.042253 0.993289 38.553 69.0371 -26.4627</i>
                <i>0.980519 -0.160969 0.112569 0.164997 0.985914 -0.0273679 -0.106578 0.0454083 0.993267 38.4631 68.9704 -26.7349</i>
                <i>0.980452 -0.161719 0.112072 0.166033 0.985656 -0.0302354 -0.105575 0.0482521 0.99324 38.375 68.9115 -27.0075</i>
                <i>0.980372 -0.162526 0.111609 0.167087 0.985398 -0.0327416 -0.104658 0.0507472 0.993213 38.2886 68.8605 -27.28</i>
                <i>0.980277 -0.163395 0.111173 0.168158 0.985144 -0.0348495 -0.103828 0.0528569 0.99319 38.204 68.8178 -27.552</i>
                <i>0.980167 -0.164328 0.110762 0.169248 0.984897 -0.0365223 -0.103088 0.0545442 0.993176 38.121 68.7835 -27.8231</i>
                <i>0.980043 -0.165329 0.11037 0.170356 0.98466 -0.0377229 -0.10244 0.0557722 0.993174 38.0398 68.7591 -28.093</i>
                <i>0.979904 -0.166402 0.109991 0.171484 0.984438 -0.0384144 -0.101887 0.0565041 0.99319 37.9604 68.7464 -28.3613</i>
                <i>0.97975 -0.167551 0.10962 0.172632 0.984231 -0.0385599 -0.10143 0.0567029 0.993225 37.883 68.746 -28.6277</i>
                <i>0.97958 -0.16878 0.10925 0.1738 0.984043 -0.0381223 -0.101073 0.0563316 0.993283 37.8076 68.7588 -28.8916</i>
                <i>0.979395 -0.170093 0.108877 0.174991 0.983872 -0.0370646 -0.100817 0.0553534 0.993364 37.7346 68.7854 -29.1525</i>
                <i>0.979162 -0.171563 0.108663 0.176305 0.983693 -0.0355751 -0.100788 0.0539916 0.993442 37.6777 68.8208 -29.4063</i>
                <i>0.978943 -0.172873 0.108561 0.177452 0.983543 -0.033962 -0.100903 0.0525112 0.99351 37.6502 68.8587 -29.6493</i>
                <i>0.978744 -0.174027 0.108509 0.178439 0.983421 -0.0322959 -0.10109 0.0509717 0.993571 37.6518 68.8986 -29.8822</i>
                <i>0.978438 -0.175599 0.108736 0.179851 0.98322 -0.0305375 -0.101549 0.0494353 0.993602 37.6817 68.9401 -30.1056</i>
                <i>0.977991 -0.177723 0.109306 0.181818 0.982915 -0.0286274 -0.10235 0.0478711 0.993596 37.7395 68.9826 -30.32</i>
                <i>0.977459 -0.180128 0.110123 0.184057 0.982557 -0.0265438 -0.103421 0.0462145 0.993563 37.8246 69.0255 -30.526</i>
                <i>0.976849 -0.182776 0.111169 0.186533 0.982148 -0.0242995 -0.104743 0.0444736 0.993504 37.9365 69.0682 -30.7241</i>
                <i>0.976166 -0.185635 0.112425 0.189209 0.981692 -0.0219075 -0.1063 0.0426572 0.993419 38.0746 69.1102 -30.9148</i>
                <i>0.975416 -0.188669 0.113872 0.192049 0.981194 -0.0193815 -0.108074 0.040774 0.993306 38.2381 69.1508 -31.0986</i>
                <i>0.974606 -0.191843 0.115493 0.195017 0.980657 -0.0167355 -0.110049 0.0388337 0.993167 38.4264 69.1893 -31.276</i>
                <i>0.973743 -0.195088 0.117324 0.198006 0.980106 -0.0136381 -0.112329 0.0365108 0.993 38.6388 69.2252 -31.4475</i>
                <i>0.972822 -0.198468 0.119284 0.201126 0.979508 -0.0105543 -0.114745 0.0342586 0.992804 38.8744 69.2578 -31.6136</i>
                <i>0.97183 -0.202142 0.121182 0.204674 0.978792 -0.00869123 -0.116855 0.0332492 0.992592 39.1323 69.2866 -31.7749</i>
                <i>0.970774 -0.206069 0.123022 0.208583 0.977974 -0.00777841 -0.118709 0.0332114 0.992373 39.4116 69.3109 -31.9318</i>
                <i>0.969666 -0.210096 0.124928 0.21258 0.97712 -0.00674651 -0.120652 0.0330991 0.992143 39.7113 69.3303 -32.0849</i>
                <i>0.968511 -0.214214 0.126884 0.216656 0.976232 -0.00560261 -0.122668 0.0329164 0.991902 40.0301 69.344 -32.2349</i>
                <i>0.967309 -0.218414 0.128876 0.220801 0.975309 -0.00435416 -0.124743 0.0326678 0.991651 40.3669 69.3516 -32.3823</i>
                <i>0.966064 -0.222685 0.130889 0.225003 0.974353 -0.00300907 -0.126862 0.0323575 0.991392 40.7204 69.3527 -32.5277</i>
                <i>0.96478 -0.227014 0.13291 0.229251 0.973366 -0.00157562 -0.129012 0.0319898 0.991127 41.0891 69.3456 -32.6717</i>
                <i>0.96346 -0.231389 0.134924 0.233533 0.972349 -6.25862e-005 -0.131179 0.0315695 0.990856 41.4716 69.3296 -32.8151</i>
                <i>0.962109 -0.235796 0.136921 0.237833 0.971305 0.00152086 -0.13335 0.031101 0.990581 41.8767 69.3041 -32.9641</i>
                <i>0.960732 -0.240219 0.138887 0.242138 0.970237 0.00316509 -0.135514 0.030589 0.990303 42.3126 69.2687 -33.1245</i>
                <i>0.959334 -0.244642 0.140813 0.246432 0.969148 0.00486003 -0.137658 0.0300384 0.990024 42.7772 69.2241 -33.2964</i>
                <i>0.957922 -0.249049 0.142689 0.250698 0.968043 0.00659519 -0.139772 0.0294541 0.989746 43.2682 69.1709 -33.48</i>
                <i>0.956502 -0.25342 0.144505 0.254919 0.966926 0.00835965 -0.141845 0.0288411 0.989469 43.7833 69.1099 -33.6755</i>
                <i>0.955082 -0.257737 0.146254 0.259077 0.965803 0.0101421 -0.143867 0.0282047 0.989195 44.3201 69.0419 -33.883</i>
                <i>0.953669 -0.261979 0.147929 0.263154 0.96468 0.0119307 -0.145829 0.02755 0.988926 44.8761 68.9678 -34.1029</i>
                <i>0.952271 -0.266126 0.149522 0.267129 0.963563 0.0137134 -0.147724 0.0268828 0.988663 45.4488 68.8886 -34.3355</i>
                <i>0.950898 -0.270155 0.15103 0.270982 0.96246 0.0154778 -0.149541 0.0262085 0.988408 46.0365 68.8052 -34.5793</i>
                <i>0.949558 -0.274045 0.152446 0.274693 0.961378 0.0172108 -0.151275 0.0255332 0.988162 46.6373 68.7188 -34.8329</i>
                <i>0.948261 -0.27777 0.153769 0.27824 0.960326 0.0188994 -0.152918 0.024863 0.987926 47.2483 68.6289 -35.0971</i>
                <i>0.947018 -0.281308 0.154994 0.2816 0.959312 0.0205301 -0.154463 0.0242041 0.987702 47.8666 68.538 -35.3726</i>
                <i>0.945838 -0.284634 0.156121 0.284752 0.958347 0.0220889 -0.155905 0.0235632 0.987491 48.4896 68.4493 -35.6602</i>
                <i>0.944733 -0.287722 0.157146 0.287673 0.957439 0.0235618 -0.157237 0.0229471 0.987294 49.1142 68.3628 -35.9607</i>
                <i>0.943714 -0.290548 0.15807 0.290339 0.956599 0.0249345 -0.158454 0.0223628 0.987113 49.7372 68.2785 -36.2751</i>
                <i>0.942791 -0.293084 0.158891 0.292726 0.955838 0.0261921 -0.159551 0.0218179 0.986949 50.3555 68.1966 -36.6043</i>
                <i>0.941976 -0.295305 0.15961 0.29481 0.955165 0.0273198 -0.160522 0.0213201 0.986802 50.9674 68.1172 -36.9454</i>
                <i>0.941281 -0.297183 0.160226 0.296568 0.954592 0.0283025 -0.161361 0.0208772 0.986675 51.5713 68.0402 -37.2957</i>
                <i>0.940716 -0.298692 0.160738 0.297975 0.954129 0.0291247 -0.162064 0.0204978 0.986567 52.1638 67.9661 -37.6558</i>
                <i>0.940292 -0.299805 0.161146 0.299006 0.953787 0.0297707 -0.162624 0.0201904 0.986481 52.7417 67.895 -38.027</i>
                <i>0.94002 -0.300494 0.161449 0.299636 0.953575 0.0302247 -0.163036 0.019964 0.986418 53.302 67.8307 -38.4101</i>
                <i>0.93991 -0.300732 0.161645 0.29984 0.953503 0.0304707 -0.163292 0.0198279 0.986378 53.8422 67.7793 -38.8063</i>
                <i>0.939973 -0.300491 0.161731 0.299594 0.953579 0.0304922 -0.163386 0.0197919 0.986364 54.359 67.7432 -39.2166</i>
                <i>0.940216 -0.299744 0.161704 0.298872 0.953813 0.0302728 -0.16331 0.0198659 0.986375 54.8491 67.7225 -39.6422</i>
                <i>0.940674 -0.298344 0.161628 0.29752 0.954249 0.0298531 -0.16314 0.0200057 0.9864 55.3038 67.7298 -40.0775</i>
                <i>0.941367 -0.296181 0.16157 0.295419 0.954919 0.029282 -0.162959 0.0201657 0.986427 55.7171 67.7764 -40.516</i>
                <i>0.942281 -0.293284 0.161525 0.2926 0.955809 0.028556 -0.162762 0.0203542 0.986455 56.0901 67.8603 -40.9575</i>
                <i>0.943401 -0.289684 0.161487 0.289092 0.956901 0.0276719 -0.162543 0.0205789 0.986487 56.4233 67.9796 -41.4021</i>
                <i>0.944709 -0.285411 0.161448 0.284929 0.958179 0.0266268 -0.162295 0.0208467 0.986522 56.7176 68.1327 -41.85</i>
                <i>0.946188 -0.280497 0.161398 0.280143 0.959622 0.0254183 -0.162011 0.021164 0.986562 56.9736 68.3173 -42.3015</i>
                <i>0.94782 -0.274975 0.161326 0.274768 0.96121 0.0240447 -0.16168 0.021537 0.986608 57.1918 68.5315 -42.7566</i>
                <i>0.949585 -0.26888 0.161219 0.268836 0.962923 0.022505 -0.161293 0.0219711 0.986662 57.373 68.773 -43.2157</i>
                <i>0.951465 -0.262247 0.161065 0.262385 0.964739 0.0207992 -0.16084 0.0224713 0.986725 57.5179 69.0391 -43.6789</i>
                <i>0.953439 -0.255111 0.160851 0.255449 0.966637 0.018928 -0.160313 0.0230424 0.986797 57.6275 69.332 -44.1465</i>
                <i>0.955489 -0.247509 0.160563 0.248066 0.968596 0.0168935 -0.159701 0.0236886 0.986881 57.7031 69.6543 -44.6184</i>
                <i>0.957595 -0.239482 0.160188 0.240274 0.970594 0.0146984 -0.158998 0.0244139 0.986977 57.7452 70.0034 -45.0948</i>
                <i>0.959739 -0.231067 0.159715 0.232112 0.972611 0.012347 -0.158194 0.0252219 0.987086 57.7547 70.3769 -45.5756</i>
                <i>0.961903 -0.222307 0.159132 0.223619 0.974627 0.00984436 -0.157283 0.0261157 0.987208 57.7325 70.7721 -46.0609</i>
                <i>0.964068 -0.213243 0.158429 0.214837 0.976623 0.00719681 -0.15626 0.0270982 0.987344 57.6796 71.187 -46.5505</i>
                <i>0.96622 -0.203918 0.157597 0.205807 0.978583 0.00441183 -0.155121 0.0281718 0.987494 57.5973 71.6193 -47.0441</i>
                <i>0.968342 -0.194376 0.156628 0.196572 0.980488 0.00149783 -0.153863 0.0293384 0.987656 57.4868 72.0662 -47.5413</i>
                <i>0.970419 -0.184663 0.155518 0.187175 0.982325 -0.00153578 -0.152485 0.0305994 0.987832 57.3497 72.5246 -48.0417</i>
                <i>0.97244 -0.174825 0.154261 0.17766 0.984081 -0.00467867 -0.150987 0.0319557 0.988019 57.1876 72.9916 -48.5445</i>
                <i>0.974392 -0.164908 0.152857 0.168071 0.985743 -0.00791971 -0.149372 0.0334078 0.988217 57.0026 73.4641 -49.049</i>
                <i>0.976265 -0.154959 0.151306 0.158454 0.987302 -0.0112471 -0.147642 0.0349552 0.988423 56.7966 73.9391 -49.5542</i>
                <i>0.978051 -0.145027 0.149611 0.148854 0.988751 -0.0146484 -0.145803 0.0365971 0.988636 56.5721 74.4143 -50.0591</i>
                <i>0.979742 -0.135159 0.147776 0.139317 0.990082 -0.0181108 -0.143863 0.0383317 0.988855 56.3316 74.8876 -50.5623</i>
                <i>0.981332 -0.125405 0.145809 0.12989 0.991293 -0.0216208 -0.141828 0.0401564 0.989076 56.0778 75.3572 -51.0624</i>
                <i>0.982818 -0.115812 0.14372 0.120619 0.99238 -0.0251652 -0.13971 0.0420681 0.989298 55.8137 75.8212 -51.5579</i>
                <i>0.984198 -0.10643 0.14152 0.11155 0.993343 -0.02873 -0.13752 0.0440625 0.989518 55.5422 76.2777 -52.0471</i>
                <i>0.985469 -0.0973072 0.139222 0.102731 0.994185 -0.0323017 -0.135269 0.0461347 0.989734 55.2671 76.7211 -52.5282</i>
                <i>0.986632 -0.0884923 0.136844 0.094209 0.994906 -0.0358662 -0.132973 0.0482787 0.989943 54.9921 77.1459 -52.9993</i>
                <i>0.98769 -0.0800333 0.134401 0.08603 0.995513 -0.0394102 -0.130644 0.0504876 0.990143 54.7209 77.551 -53.4584</i>
                <i>0.988644 -0.0719788 0.131915 0.0782418 0.99601 -0.0429198 -0.128299 0.0527537 0.990331 54.4576 77.9357 -53.9032</i>
                <i>0.9895 -0.0643763 0.129405 0.0708913 0.996405 -0.0463816 -0.125954 0.0550683 0.990507 54.2059 78.299 -54.3315</i>
                <i>0.990261 -0.057274 0.126894 0.0640258 0.996706 -0.0497821 -0.123624 0.0574218 0.990666 53.9701 78.6402 -54.741</i>
                <i>0.990934 -0.0507188 0.124404 0.0576925 0.996921 -0.053108 -0.121328 0.0598038 0.990809 53.7507 78.9583 -55.1283</i>
                <i>0.991525 -0.0447584 0.121961 0.0519389 0.997059 -0.056346 -0.11908 0.0622029 0.990934 53.5486 79.252 -55.4901</i>
                <i>0.99204 -0.0394397 0.119587 0.0468126 0.997131 -0.0594826 -0.116898 0.0646073 0.99104 53.368 79.5206 -55.8238</i>
                <i>0.992485 -0.0348104 0.117307 0.0423615 0.997145 -0.0625042 -0.114797 0.0670038 0.991127 53.2137 79.7591 -56.1271</i>
                <i>0.992867 -0.0309174 0.115145 0.0386338 0.997111 -0.065397 -0.112791 0.069379 0.991194 53.091 79.9616 -56.3975</i>
                <i>0.993192 -0.0278088 0.113125 0.0356783 0.997037 -0.0681466 -0.110894 0.0717187 0.991241 53.0042 80.1264 -56.6324</i>
                <i>0.993463 -0.0255327 0.111267 0.0335444 0.996931 -0.070738 -0.109119 0.0740079 0.99127 52.9579 80.2515 -56.8295</i>
                <i>0.993683 -0.0241379 0.109593 0.0322819 0.996798 -0.0731556 -0.107476 0.0762314 0.991281 52.9563 80.3352 -56.9863</i>
                <i>0.993869 -0.0235278 0.108032 0.0317964 0.996641 -0.0754645 -0.105894 0.0784369 0.991279 52.9784 80.377 -57.1071</i>
                <i>0.994033 -0.0235583 0.106506 0.0319449 0.996462 -0.0777363 -0.104298 0.0806747 0.991269 52.9993 80.3787 -57.1978</i>
                <i>0.994176 -0.0242074 0.105015 0.0327047 0.996261 -0.0799634 -0.102686 0.0829322 0.991251 53.0172 80.3419 -57.2586</i>
                <i>0.994298 -0.025453 0.103559 0.0340526 0.996039 -0.0821393 -0.101059 0.0851974 0.991226 53.0303 80.2681 -57.2899</i>
                <i>0.9944 -0.0274582 0.102051 0.0360928 0.995833 -0.0837519 -0.0993256 0.0869662 0.991247 53.0366 80.1591 -57.2922</i>
                <i>0.994483 -0.0303582 0.100406 0.0389102 0.995677 -0.0843442 -0.0974111 0.0877857 0.991365 53.0339 80.0166 -57.2658</i>
                <i>0.99454 -0.034088 0.0986351 0.042453 0.995562 -0.0839911 -0.0953342 0.0877199 0.991573 53.0199 79.8426 -57.2113</i>
                <i>0.994555 -0.0385905 0.0968094 0.0467285 0.995432 -0.0832544 -0.0931544 0.0873248 0.991815 52.9923 79.639 -57.1295</i>
                <i>0.994514 -0.0438079 0.0949916 0.0517329 0.995236 -0.0826378 -0.0909188 0.0870986 0.992042 52.9487 79.4079 -57.0208</i>
                <i>0.994409 -0.0496767 0.0931778 0.0574004 0.994967 -0.0821306 -0.0886289 0.0870199 0.992256 52.8867 79.1514 -56.8861</i>
                <i>0.994234 -0.0561337 0.0913645 0.0636653 0.99462 -0.0817225 -0.0862855 0.087068 0.992459 52.8038 78.8719 -56.726</i>
                <i>0.993981 -0.0631172 0.089548 0.070464 0.994187 -0.0814033 -0.0838895 0.0872232 0.99265 52.6974 78.5714 -56.5414</i>
                <i>0.993642 -0.070566 0.0877252 0.0777332 0.993665 -0.0811635 -0.0814421 0.0874667 0.992833 52.5651 78.2526 -56.3331</i>
                <i>0.993213 -0.0784197 0.0858939 0.0854111 0.993048 -0.0809938 -0.0789453 0.0877804 0.993007 52.4124 77.9224 -56.104</i>
                <i>0.992689 -0.0866199 0.0840524 0.0934376 0.992334 -0.0808852 -0.0764018 0.0881475 0.993173 52.2446 77.5876 -55.8568</i>
                <i>0.992067 -0.0951082 0.0822003 0.101753 0.991521 -0.0808289 -0.0738158 0.0885518 0.993333 52.0796 77.2517 -55.5969</i>
                <i>0.991345 -0.103829 0.0803382 0.110301 0.990607 -0.0808164 -0.0711925 0.0889783 0.993486 51.9355 76.9181 -55.3294</i>
                <i>0.990523 -0.112725 0.0784679 0.119024 0.989595 -0.0808395 -0.0685388 0.0894129 0.993634 51.8111 76.5875 -55.055</i>
                <i>0.989602 -0.121744 0.0765925 0.127868 0.988487 -0.0808902 -0.0658628 0.0898428 0.993776 51.705 76.2609 -54.774</i>
                <i>0.988585 -0.130833 0.0747166 0.13678 0.987287 -0.0809606 -0.0631744 0.0902562 0.993913 51.6158 75.9391 -54.4869</i>
                <i>0.987477 -0.139941 0.0728457 0.14571 0.986002 -0.081043 -0.0604849 0.0906425 0.994045 51.5423 75.6229 -54.1942</i>
                <i>0.986283 -0.149017 0.0709871 0.154608 0.984639 -0.08113 -0.0578069 0.0909923 0.994172 51.4833 75.3129 -53.8962</i>
                <i>0.985013 -0.158015 0.0691488 0.163426 0.983207 -0.0812139 -0.0551545 0.0912975 0.994295 51.4376 75.0098 -53.5935</i>
                <i>0.983674 -0.166886 0.0673402 0.172119 0.981717 -0.0812877 -0.0525432 0.0915512 0.994413 51.4041 74.7143 -53.2862</i>
                <i>0.982278 -0.175588 0.0655718 0.180643 0.980179 -0.0813442 -0.0499891 0.0917477 0.994527 51.3817 74.4269 -52.9749</i>
                <i>0.980836 -0.184075 0.0638551 0.188955 0.978608 -0.0813763 -0.0475098 0.0918825 0.994636 51.3694 74.1455 -52.6597</i>
                <i>0.979362 -0.192306 0.0622022 0.197015 0.977017 -0.0813772 -0.0451232 0.0919524 0.99474 51.3663 73.869 -52.3409</i>
                <i>0.977869 -0.200241 0.0606259 0.204783 0.975422 -0.0813403 -0.0428482 0.0919553 0.994841 51.3712 73.5998 -52.0189</i>
                <i>0.976373 -0.20784 0.0591399 0.212222 0.973837 -0.081259 -0.0407038 0.0918899 0.994937 51.3831 73.3401 -51.6938</i>
                <i>0.97489 -0.215066 0.0577578 0.219296 0.97228 -0.0811271 -0.0387091 0.091756 0.995029 51.401 73.0923 -51.366</i>
                <i>0.973436 -0.221881 0.0564938 0.22597 0.970766 -0.0809386 -0.0368835 0.0915544 0.995117 51.4242 72.8585 -51.0357</i>
                <i>0.97207 -0.228063 0.0553887 0.232012 0.969389 -0.0803409 -0.0353705 0.0909478 0.995227 51.4518 72.6408 -50.7031</i>
                <i>0.97084 -0.233457 0.0544665 0.237262 0.968225 -0.0790376 -0.0342839 0.0896557 0.995383 51.483 72.4403 -50.3684</i>
                <i>0.969747 -0.23813 0.053713 0.24179 0.96726 -0.0771074 -0.0335928 0.087762 0.995575 51.517 72.2576 -50.0316</i>
                <i>0.968786 -0.242141 0.0531129 0.245656 0.96648 -0.0746298 -0.0332617 0.0853478 0.995796 51.5533 72.0935 -49.693</i>
