<?xml version="1.0" encoding="ISO-8859-1" ?>
<Animl Version="1">
    <ModellingPackage><![CDATA[Maya.2010]]></ModellingPackage>
    <SrcFile><![CDATA[anims\bosses\red\~src\boss_beetle\boss_beetle_flyin_helob.mb]]></SrcFile>
    <FramesPerSecond>30</FramesPerSecond>
    <TotalFrames>800</TotalFrames>
    <Skeleton>
        <RefFrame>
            <Name><![CDATA[mi8hip_ref_frame]]></Name>
            <Exclude>0</Exclude>
            <Additive>0</Additive>
            <IKPriority>0</IKPriority>
            <IKRotLimits>-1e+010 -1e+010 -1e+010 1e+010 1e+010 1e+010</IKRotLimits>
            <IKRotLimitOrder>0</IKRotLimitOrder>
            <KeyFrames count="800">
                <i>0.999999 -0.0010266 -0.000941955 0.00102487 0.999998 -0.00183142 0.000943833 0.00183046 0.999998 -45.2686 51.9719 14.7846</i>
                <i>0.999999 -0.00142999 2.25504e-005 0.00143003 0.999997 -0.00201788 -1.96648e-005 0.00201791 0.999998 -45.2561 51.9698 15.4442</i>
                <i>0.999998 -0.00182216 0.00105383 0.00182457 0.999996 -0.00228632 -0.00104966 0.00228824 0.999997 -45.2491 51.9742 16.1026</i>
                <i>0.999995 -0.002203 0.00215056 0.00220867 0.999994 -0.00263477 -0.00214474 0.0026395 0.999994 -45.2473 51.9851 16.7592</i>
                <i>0.999991 -0.00257238 0.00331142 0.00258252 0.999992 -0.00306126 -0.00330352 0.00306978 0.99999 -45.2506 52.0026 17.4137</i>
                <i>0.999985 -0.00293014 0.00453508 0.00294631 0.999989 -0.00356383 -0.00452459 0.00357714 0.999983 -45.2587 52.0267 18.0653</i>
                <i>0.999978 -0.00327611 0.00582018 0.00330024 0.999986 -0.00414052 -0.00580653 0.00415964 0.999974 -45.2715 52.0575 18.7138</i>
                <i>0.999968 -0.00361013 0.00716538 0.0036445 0.999982 -0.00478938 -0.00714796 0.00481534 0.999963 -45.2886 52.0951 19.3584</i>
                <i>0.999956 -0.00393198 0.00856933 0.00397927 0.999977 -0.00550845 -0.00854747 0.00554231 0.999948 -45.3098 52.1393 19.9988</i>
                <i>0.999941 -0.00424148 0.0100306 0.00430477 0.999971 -0.00629579 -0.0100036 0.00633859 0.99993 -45.3349 52.1903 20.6344</i>
                <i>0.999923 -0.00453842 0.0115479 0.00462118 0.999964 -0.00714944 -0.0115151 0.00720226 0.999908 -45.3637 52.2479 21.2647</i>
                <i>0.999902 -0.00482259 0.0131199 0.0049287 0.999955 -0.00806748 -0.0130804 0.00813135 0.999881 -45.3959 52.3124 21.8892</i>
                <i>0.999878 -0.00509377 0.014745 0.00522754 0.999945 -0.00904795 -0.0146981 0.00912393 0.99985 -45.4311 52.3835 22.5073</i>
                <i>0.999851 -0.00535174 0.016422 0.00551789 0.999934 -0.0100889 -0.0163669 0.010178 0.999814 -45.4693 52.4613 23.1185</i>
                <i>0.99982 -0.00559631 0.0181494 0.00579998 0.999921 -0.0111884 -0.0180853 0.0112917 0.999773 -45.51 52.5458 23.7224</i>
                <i>0.999784 -0.00582726 0.0199258 0.00607399 0.999905 -0.0123446 -0.0198519 0.012463 0.999725 -45.553 52.6369 24.3184</i>
                <i>0.999745 -0.00604439 0.0217498 0.00634015 0.999888 -0.0135555 -0.0216654 0.0136899 0.999672 -45.5981 52.7345 24.9059</i>
                <i>0.999701 -0.0062475 0.0236199 0.00659868 0.999868 -0.0148191 -0.0235242 0.0149705 0.999611 -45.6448 52.8386 25.4845</i>
                <i>0.999653 -0.00643642 0.0255348 0.00684977 0.999846 -0.0161335 -0.0254271 0.0163028 0.999544 -45.693 52.9491 26.0537</i>
                <i>0.9996 -0.00661097 0.027493 0.00709367 0.999822 -0.0174969 -0.0273725 0.0176849 0.999469 -45.7423 53.0659 26.6128</i>
                <i>0.999542 -0.006771 0.0294931 0.00733059 0.999794 -0.0189072 -0.029359 0.0191147 0.999386 -45.7924 53.189 27.1615</i>
                <i>0.999479 -0.00691635 0.0315336 0.00756076 0.999764 -0.0203626 -0.0313853 0.0205904 0.999295 -45.8429 53.3182 27.6993</i>
                <i>0.99941 -0.0070469 0.033613 0.00778441 0.999731 -0.0218611 -0.0334499 0.0221098 0.999196 -45.8935 53.4534 28.2255</i>
                <i>0.999336 -0.00716255 0.03573 0.00800178 0.999694 -0.0234007 -0.0355515 0.0236711 0.999087 -45.9439 53.5944 28.7397</i>
                <i>0.999256 -0.00726319 0.0378831 0.0082131 0.999654 -0.0249797 -0.0376885 0.0252722 0.99897 -45.9938 53.7412 29.2414</i>
                <i>0.99917 -0.00734877 0.0400707 0.00841862 0.999611 -0.026596 -0.0398597 0.0269112 0.998843 -46.0427 53.8936 29.7301</i>
                <i>0.999078 -0.00741923 0.0422915 0.00861858 0.999564 -0.0282477 -0.0420635 0.0285861 0.998706 -46.0903 54.0514 30.2053</i>
                <i>0.998979 -0.00747455 0.0445439 0.00881323 0.999513 -0.0299328 -0.0442985 0.0302949 0.998559 -46.1361 54.2144 30.6665</i>
                <i>0.998875 -0.00751473 0.0468266 0.00900283 0.999458 -0.0316495 -0.0465634 0.0320355 0.998402 -46.18 54.3825 31.1133</i>
                <i>0.998764 -0.0075398 0.049138 0.00918764 0.9994 -0.0333959 -0.0488567 0.0338061 0.998234 -46.2213 54.5554 31.5451</i>
                <i>0.998646 -0.00754981 0.0514766 0.00936792 0.999337 -0.0351699 -0.051177 0.0356045 0.998055 -46.2597 54.7331 31.9615</i>
                <i>0.998521 -0.00754484 0.053841 0.00954394 0.999271 -0.0369698 -0.0535228 0.0374289 0.997865 -46.2949 54.9152 32.3619</i>
                <i>0.998389 -0.007525 0.0562297 0.00971597 0.9992 -0.0387934 -0.0558928 0.0392773 0.997664 -46.3263 55.1015 32.746</i>
                <i>0.998251 -0.00749043 0.0586413 0.00988428 0.999125 -0.040639 -0.0582856 0.0411475 0.997452 -46.3536 55.2918 33.1133</i>
                <i>0.998105 -0.0074413 0.0610742 0.0100492 0.999046 -0.0425045 -0.0606997 0.0430377 0.997228 -46.3763 55.4859 33.4633</i>
                <i>0.997953 -0.00737782 0.0635271 0.0102109 0.998962 -0.0443881 -0.0631337 0.0449459 0.996992 -46.3939 55.6835 33.7956</i>
                <i>0.997793 -0.00730021 0.0659984 0.0103698 0.998874 -0.0462877 -0.0655862 0.04687 0.996746 -46.406 55.8844 34.1097</i>
                <i>0.997626 -0.00720874 0.0684866 0.0105261 0.998782 -0.0482016 -0.0680557 0.0488081 0.996487 -46.4121 56.0882 34.4053</i>
                <i>0.997452 -0.00710372 0.0709903 0.0106802 0.998686 -0.0501277 -0.0705409 0.0507581 0.996217 -46.4118 56.2948 34.6817</i>
                <i>0.99727 -0.00698547 0.0735081 0.0108323 0.998585 -0.0520641 -0.0730404 0.0527182 0.995935 -46.4045 56.5037 34.9388</i>
                <i>0.997081 -0.00685437 0.0760385 0.0109828 0.99848 -0.0540088 -0.0755527 0.0546863 0.995641 -46.3898 56.7148 35.1759</i>
                <i>0.996885 -0.00671081 0.0785799 0.0111319 0.998371 -0.05596 -0.0780764 0.0566604 0.995336 -46.3761 56.9282 35.4004</i>
                <i>0.996682 -0.00655523 0.0811311 0.01128 0.998258 -0.0579157 -0.0806101 0.0586387 0.995019 -46.372 57.1439 35.6196</i>
                <i>0.996471 -0.00638811 0.0836905 0.0114274 0.998141 -0.0598739 -0.0831524 0.060619 0.994691 -46.3776 57.3619 35.8333</i>
                <i>0.996254 -0.00620994 0.0862567 0.0115745 0.998019 -0.0618327 -0.0857018 0.0625994 0.994352 -46.393 57.582 36.0414</i>
                <i>0.996029 -0.00602128 0.0888282 0.0117215 0.997894 -0.0637902 -0.0882571 0.0645781 0.994002 -46.4181 57.8038 36.2439</i>
                <i>0.995797 -0.0058227 0.0914037 0.0118689 0.997766 -0.0657444 -0.0908167 0.066553 0.993641 -46.453 58.0273 36.4405</i>
                <i>0.995558 -0.00561482 0.0939817 0.0120169 0.997634 -0.0676934 -0.0933793 0.0685221 0.99327 -46.4977 58.2522 36.6313</i>
                <i>0.995312 -0.00539829 0.0965609 0.0121658 0.997498 -0.0696352 -0.0959434 0.0704836 0.992888 -46.5521 58.4782 36.816</i>
                <i>0.99506 -0.00517378 0.0991397 0.0123162 0.99736 -0.071568 -0.0985076 0.0724355 0.992497 -46.6163 58.7053 36.9945</i>
                <i>0.994801 -0.00494202 0.101717 0.0124682 0.997218 -0.0734897 -0.101071 0.0743758 0.992095 -46.6903 58.9331 37.1668</i>
                <i>0.994536 -0.00470377 0.104291 0.0126223 0.997074 -0.0753983 -0.103631 0.0763027 0.991685 -46.7741 59.1614 37.3327</i>
                <i>0.994264 -0.00445981 0.10686 0.0127789 0.996927 -0.0772921 -0.106187 0.0782143 0.991265 -46.8677 59.39 37.4921</i>
                <i>0.993986 -0.00421096 0.109424 0.0129382 0.996777 -0.0791689 -0.108738 0.0801085 0.990837 -46.971 59.6187 37.645</i>
                <i>0.993702 -0.00395809 0.111981 0.0131007 0.996626 -0.0810269 -0.111282 0.0819837 0.990401 -47.084 59.8473 37.7911</i>
                <i>0.993413 -0.00370209 0.114529 0.0132667 0.996473 -0.0828641 -0.113818 0.0838377 0.989958 -47.2068 60.0755 37.9305</i>
                <i>0.993118 -0.00344387 0.117067 0.0134367 0.996318 -0.0846786 -0.116344 0.0856689 0.989507 -47.3393 60.303 38.063</i>
                <i>0.992818 -0.0031844 0.119594 0.013611 0.996162 -0.0864684 -0.118859 0.0874752 0.98905 -47.4814 60.5297 38.1886</i>
                <i>0.992513 -0.00292466 0.122108 0.01379 0.996005 -0.0882316 -0.121362 0.0892548 0.988587 -47.6332 60.7553 38.3071</i>
                <i>0.992202 -0.00266567 0.124608 0.0139741 0.995847 -0.0899662 -0.123851 0.091006 0.988119 -47.7945 60.9795 38.4185</i>
                <i>0.991888 -0.00240847 0.127094 0.0141637 0.995689 -0.0916703 -0.126325 0.0927268 0.987646 -47.9654 61.2022 38.5227</i>
                <i>0.991569 -0.00215415 0.129562 0.0143592 0.995531 -0.0933419 -0.128782 0.0944154 0.987168 -48.1459 61.423 38.6196</i>
                <i>0.991246 -0.00190381 0.132013 0.014561 0.995373 -0.0949791 -0.131222 0.0960699 0.986687 -48.3358 61.6418 38.7091</i>
                <i>0.99092 -0.00165859 0.134445 0.0147695 0.995216 -0.09658 -0.133642 0.0976887 0.986203 -48.5352 61.8582 38.7912</i>
                <i>0.99059 -0.00141964 0.136857 0.0149851 0.99506 -0.0981425 -0.136041 0.0992698 0.985717 -48.7439 62.0721 38.8659</i>
                <i>0.990257 -0.00118815 0.139247 0.0152083 0.994905 -0.0996648 -0.138419 0.100811 0.98523 -48.962 62.2832 38.933</i>
                <i>0.989922 -0.000965336 0.141614 0.0154394 0.994752 -0.101145 -0.140773 0.102312 0.984741 -49.1894 62.4912 38.9924</i>
                <i>0.989584 -0.000752424 0.143957 0.0156789 0.994601 -0.102581 -0.143102 0.103769 0.984253 -49.4197 62.6955 39.0394</i>
                <i>0.989244 -0.000550673 0.146274 0.0159272 0.994453 -0.103971 -0.145406 0.105182 0.983765 -49.6463 62.8951 39.0689</i>
                <i>0.988903 -0.00036136 0.148565 0.0161847 0.994307 -0.105312 -0.147681 0.106548 0.983279 -49.8687 63.0899 39.0807</i>
                <i>0.98856 -0.000185781 0.150828 0.0164518 0.994165 -0.106604 -0.149928 0.107866 0.982795 -50.0866 63.2794 39.0746</i>
                <i>0.988217 -2.5251e-005 0.153062 0.0167291 0.994027 -0.107844 -0.152145 0.109134 0.982314 -50.2994 63.4633 39.0503</i>
                <i>0.987873 0.000118895 0.155266 0.0170169 0.993893 -0.10903 -0.154331 0.11035 0.981838 -50.5067 63.6415 39.0077</i>
                <i>0.987529 0.000245311 0.157438 0.0173156 0.993763 -0.11016 -0.156483 0.111513 0.981365 -50.7081 63.8135 38.9464</i>
                <i>0.987185 0.000352634 0.159577 0.0176257 0.993638 -0.111233 -0.158601 0.11262 0.980899 -50.903 63.9791 38.8664</i>
                <i>0.986843 0.000439488 0.161683 0.0179477 0.993518 -0.112245 -0.160684 0.11367 0.980438 -51.091 64.138 38.7674</i>
                <i>0.986501 0.000504487 0.163753 0.0182819 0.993404 -0.113197 -0.16273 0.114662 0.979985 -51.2717 64.29 38.6491</i>
                <i>0.986161 0.000546234 0.165787 0.0186289 0.993296 -0.114084 -0.164738 0.115594 0.97954 -51.4445 64.4347 38.5115</i>
                <i>0.985824 0.000563326 0.167783 0.018989 0.993195 -0.114906 -0.166706 0.116463 0.979104 -51.6091 64.5719 38.3542</i>
                <i>0.985489 0.00055435 0.16974 0.0193628 0.9931 -0.115661 -0.168633 0.117269 0.978678 -51.765 64.7013 38.1772</i>
                <i>0.985157 0.000517893 0.171657 0.0197506 0.993012 -0.116346 -0.170518 0.11801 0.978262 -51.9116 64.8227 37.9801</i>
                <i>0.984828 0.000452536 0.173533 0.0201529 0.992932 -0.11696 -0.17236 0.118683 0.977858 -52.0487 64.9359 37.7628</i>
                <i>0.984503 0.000356859 0.175367 0.0205702 0.99286 -0.117501 -0.174156 0.119288 0.977466 -52.1757 65.0405 37.5251</i>
                <i>0.984183 0.000229444 0.177156 0.0210029 0.992795 -0.117967 -0.175907 0.119822 0.977087 -52.2922 65.1365 37.2668</i>
                <i>0.983867 6.88756e-005 0.1789 0.0214515 0.99274 -0.118355 -0.17761 0.120284 0.976722 -52.3977 65.2235 36.9877</i>
                <i>0.983557 -0.000126258 0.180598 0.0219164 0.992692 -0.118665 -0.179264 0.120672 0.976372 -52.5006 65.3023 36.694</i>
                <i>0.983252 -0.000357361 0.182249 0.022398 0.992654 -0.118894 -0.180867 0.120984 0.976038 -52.6098 65.3734 36.3918</i>
                <i>0.982954 -0.000625827 0.18385 0.0228969 0.992625 -0.119039 -0.18242 0.12122 0.97572 -52.7251 65.4368 36.0813</i>
                <i>0.982662 -0.000933042 0.185401 0.0234134 0.992606 -0.1191 -0.183919 0.121376 0.975419 -52.8465 65.4923 35.7624</i>
                <i>0.982378 -0.00128037 0.186901 0.0239481 0.992596 -0.119075 -0.185365 0.121452 0.975136 -52.9742 65.5398 35.4351</i>
                <i>0.982101 -0.00166918 0.188348 0.0245013 0.992597 -0.118961 -0.186755 0.121446 0.974871 -53.108 65.5793 35.0994</i>
                <i>0.981832 -0.0021008 0.18974 0.0250736 0.992607 -0.118756 -0.188088 0.121356 0.974626 -53.2481 65.6106 34.7553</i>
                <i>0.981572 -0.00257655 0.191077 0.0256653 0.992627 -0.118459 -0.189363 0.12118 0.974401 -53.3944 65.6336 34.4027</i>
                <i>0.981323 -0.00312706 0.192343 0.0262718 0.992678 -0.117899 -0.190566 0.12075 0.97422 -53.5464 65.6415 34.0482</i>
                <i>0.981088 -0.00378084 0.193524 0.0268886 0.992777 -0.116918 -0.191685 0.119911 0.974104 -53.6968 65.6297 33.707</i>
                <i>0.980868 -0.0045358 0.194623 0.027516 0.992922 -0.115535 -0.192722 0.11868 0.97405 -53.8394 65.6006 33.3875</i>
                <i>0.980661 -0.00538958 0.19564 0.0281544 0.993108 -0.113768 -0.193678 0.117076 0.974054 -53.9743 65.5554 33.0893</i>
                <i>0.980468 -0.00633956 0.196576 0.0288044 0.993332 -0.111634 -0.194557 0.115116 0.974113 -54.1015 65.495 32.8116</i>
                <i>0.980289 -0.00738291 0.197432 0.0294664 0.993588 -0.109152 -0.19536 0.112818 0.974221 -54.2213 65.4203 32.554</i>
                <i>0.980123 -0.00851656 0.198209 0.0301407 0.993873 -0.106339 -0.196089 0.110199 0.974374 -54.3337 65.3324 32.3157</i>
                <i>0.97997 -0.00973728 0.198908 0.0308279 0.994181 -0.103213 -0.196745 0.107277 0.974568 -54.439 65.232 32.0962</i>
                <i>0.97983 -0.0110417 0.199529 0.0315284 0.994509 -0.0997924 -0.197331 0.10407 0.974797 -54.5372 65.1199 31.8947</i>
                <i>0.979702 -0.0124261 0.200074 0.0322427 0.99485 -0.096095 -0.197849 0.100595 0.975057 -54.6285 64.9969 31.7106</i>
                <i>0.979586 -0.0138868 0.200543 0.0329711 0.9952 -0.0921387 -0.198301 0.0968699 0.975342 -54.713 64.8638 31.5433</i>
                <i>0.979483 -0.0154201 0.200938 0.0337141 0.995555 -0.0879415 -0.198689 0.0929116 0.975649 -54.7908 64.7213 31.392</i>
                <i>0.97939 -0.0170219 0.201259 0.0344721 0.99591 -0.0835213 -0.199014 0.0887377 0.975971 -54.8621 64.5701 31.2561</i>
                <i>0.979309 -0.0186882 0.201506 0.0352457 0.99626 -0.0788962 -0.199278 0.084366 0.976305 -54.9271 64.4107 31.135</i>
                <i>0.979238 -0.0204149 0.201682 0.0360351 0.996601 -0.0740844 -0.199484 0.0798139 0.976645 -54.9858 64.2439 31.028</i>
                <i>0.979178 -0.0221978 0.201787 0.036841 0.996929 -0.0691039 -0.199634 0.075099 0.976989 -55.0383 64.0702 30.9344</i>
                <i>0.979127 -0.0240326 0.201823 0.0376636 0.997241 -0.0639729 -0.199728 0.0702389 0.977331 -55.0848 63.8902 30.8535</i>
                <i>0.979086 -0.025915 0.20179 0.0385033 0.997532 -0.0587096 -0.19977 0.0652513 0.977668 -55.1254 63.7044 30.7848</i>
                <i>0.979054 -0.0278409 0.20169 0.0393607 0.997801 -0.0533323 -0.199761 0.0601538 0.977996 -55.1602 63.5134 30.7275</i>
                <i>0.97903 -0.0298599 0.201517 0.0402768 0.998045 -0.0477909 -0.199696 0.0549051 0.978319 -55.1892 63.3087 30.6819</i>
                <i>0.979014 -0.0320179 0.201262 0.0412902 0.998262 -0.0420415 -0.199566 0.0494694 0.978635 -55.2123 63.0812 30.6481</i>
                <i>0.979006 -0.0343051 0.200924 0.0423978 0.998448 -0.0361119 -0.199373 0.0438725 0.978941 -55.2297 62.8302 30.6253</i>
                <i>0.979005 -0.0367115 0.200502 0.0435964 0.998598 -0.0300298 -0.199118 0.0381404 0.979233 -55.2415 62.5547 30.6127</i>
                <i>0.979012 -0.0392271 0.199993 0.0448828 0.998708 -0.0238229 -0.198801 0.0322991 0.979508 -55.2476 62.2542 30.6094</i>
                <i>0.979025 -0.0418418 0.199399 0.0462541 0.998776 -0.0175191 -0.198422 0.0263746 0.979762 -55.2483 61.9276 30.6146</i>
                <i>0.979044 -0.0445456 0.198717 0.0477068 0.998799 -0.0111464 -0.197982 0.020393 0.979994 -55.2438 61.5924 30.6264</i>
                <i>0.979069 -0.0473285 0.197947 0.0492379 0.998776 -0.00473263 -0.197481 0.0143801 0.980201 -55.2343 61.2665 30.6431</i>
                <i>0.9791 -0.0501805 0.197091 0.0508442 0.998705 0.00169429 -0.196921 0.00836204 0.980384 -55.22 60.9501 30.6644</i>
                <i>0.979136 -0.0530916 0.196147 0.0525224 0.998587 0.00810642 -0.1963 0.00236483 0.980541 -55.201 60.6436 30.69</i>
                <i>0.979177 -0.0560521 0.195118 0.0542692 0.998421 0.0144759 -0.195621 -0.00358553 0.980673 -55.1772 60.3472 30.7196</i>
                <i>0.979222 -0.0590521 0.194004 0.0560813 0.99821 0.0207747 -0.194883 -0.00946307 0.980781 -55.1488 60.0611 30.7528</i>
                <i>0.979271 -0.062082 0.192807 0.0579554 0.997955 0.0269752 -0.194087 -0.0152418 0.980866 -55.1158 59.7855 30.7895</i>
                <i>0.979324 -0.0651322 0.191528 0.059888 0.997658 0.0330494 -0.193232 -0.0208959 0.980931 -55.0782 59.5208 30.8293</i>
                <i>0.97938 -0.0681934 0.190171 0.0618758 0.997323 0.0389698 -0.19232 -0.0263993 0.980977 -55.0361 59.2672 30.8719</i>
                <i>0.979439 -0.0712564 0.188739 0.0639152 0.996953 0.0447088 -0.191349 -0.0317263 0.981009 -54.9896 59.0248 30.9171</i>
                <i>0.979501 -0.0743121 0.187233 0.0660027 0.996554 0.0502387 -0.190321 -0.0368509 0.98103 -54.9387 58.794 30.9648</i>
                <i>0.979565 -0.0773517 0.185659 0.0681346 0.996129 0.055532 -0.189236 -0.0417474 0.981044 -54.8834 58.5749 31.0145</i>
                <i>0.979632 -0.0803666 0.184019 0.0703074 0.995685 0.0605616 -0.188093 -0.0463901 0.981055 -54.8237 58.3679 31.0661</i>
                <i>0.9797 -0.0833484 0.182319 0.0725172 0.995227 0.0653001 -0.186892 -0.0507533 0.981069 -54.7598 58.1731 31.1193</i>
                <i>0.979771 -0.086289 0.180563 0.0747603 0.994761 0.0697205 -0.185633 -0.0548112 0.981089 -54.6915 57.9908 31.1739</i>
                <i>0.979844 -0.0891805 0.178755 0.077033 0.994294 0.0737957 -0.184316 -0.0585382 0.981122 -54.6191 57.8213 31.2296</i>
                <i>0.979918 -0.0920153 0.176902 0.0793312 0.993831 0.0774987 -0.182941 -0.0619085 0.981173 -54.5424 57.6649 31.2862</i>
                <i>0.979994 -0.094786 0.175008 0.081651 0.99338 0.0808027 -0.181508 -0.0648966 0.981246 -54.4616 57.5219 31.3434</i>
                <i>0.980072 -0.0974856 0.173079 0.0839884 0.992947 0.0836809 -0.180016 -0.0674767 0.981347 -54.3766 57.3926 31.4009</i>
                <i>0.980151 -0.100107 0.171121 0.0863392 0.992538 0.0861067 -0.178464 -0.0696231 0.98148 -54.2875 57.2773 31.4585</i>
                <i>0.980232 -0.102644 0.169141 0.0886995 0.992159 0.0880532 -0.176852 -0.0713099 0.981651 -54.1944 57.1764 31.516</i>
                <i>0.980316 -0.105071 0.167156 0.0910648 0.991826 0.0893788 -0.175181 -0.0723974 0.981871 -54.095 57.0939 31.5754</i>
                <i>0.980401 -0.10737 0.165183 0.093431 0.991552 0.0899784 -0.173448 -0.0727818 0.98215 -53.9874 57.0327 31.6392</i>
                <i>0.980489 -0.109544 0.163222 0.0957937 0.991335 0.0898804 -0.171654 -0.072491 0.982487 -53.8717 56.9916 31.7075</i>
                <i>0.980579 -0.111599 0.161276 0.0981485 0.991174 0.0891128 -0.169798 -0.0715531 0.982878 -53.7485 56.9694 31.7801</i>
                <i>0.980672 -0.113538 0.159345 0.100491 0.991065 0.0877037 -0.167879 -0.0699959 0.98332 -53.6179 56.9651 31.8572</i>
                <i>0.980769 -0.115366 0.157428 0.102817 0.991003 0.0856812 -0.165896 -0.0678473 0.983806 -53.4804 56.9776 31.9385</i>
                <i>0.980869 -0.117085 0.155525 0.105121 0.990984 0.0830731 -0.163849 -0.0651349 0.984333 -53.3362 57.0057 32.0241</i>
                <i>0.980972 -0.1187 0.153635 0.107399 0.991 0.0799071 -0.161737 -0.0618864 0.984891 -53.1858 57.0485 32.1137</i>
                <i>0.98108 -0.120214 0.151757 0.109646 0.991045 0.0762112 -0.15956 -0.0581296 0.985475 -53.0295 57.105 32.2074</i>
                <i>0.981193 -0.121629 0.149889 0.111858 0.991111 0.0720128 -0.157316 -0.0538922 0.986077 -52.8676 57.174 32.3048</i>
                <i>0.981311 -0.12295 0.148029 0.11403 0.991192 0.0673399 -0.155005 -0.0492017 0.986688 -52.7005 57.2544 32.4059</i>
                <i>0.981434 -0.124177 0.146173 0.116156 0.99128 0.0622201 -0.152625 -0.044086 0.9873 -52.5286 57.3452 32.5107</i>
                <i>0.981564 -0.125315 0.14432 0.118233 0.991367 0.0566811 -0.150177 -0.0385728 0.987906 -52.3524 57.4452 32.6189</i>
                <i>0.9817 -0.126365 0.142465 0.120254 0.991445 0.0507507 -0.14766 -0.0326899 0.988498 -52.1721 57.5533 32.7304</i>
                <i>0.981844 -0.127329 0.140606 0.122216 0.991507 0.0444567 -0.145072 -0.0264652 0.989067 -51.9882 57.6681 32.8452</i>
                <i>0.981987 -0.128232 0.138777 0.124125 0.991543 0.0378918 -0.142462 -0.0199836 0.989598 -51.801 57.7885 32.9632</i>
                <i>0.98212 -0.129099 0.137016 0.125991 0.991542 0.0311575 -0.139879 -0.0133377 0.990079 -51.6111 57.9212 33.084</i>
                <i>0.982245 -0.129939 0.135318 0.127817 0.9915 0.0242951 -0.137325 -0.00656781 0.990504 -51.4187 58.0733 33.207</i>
                <i>0.98236 -0.130759 0.13368 0.129604 0.991414 0.0173454 -0.134801 0.000286136 0.990873 -51.2244 58.2435 33.3319</i>
                <i>0.982466 -0.131566 0.132099 0.131355 0.991281 0.0103497 -0.132309 0.00718361 0.991183 -51.0284 58.4304 33.4586</i>
                <i>0.982563 -0.132366 0.13057 0.133071 0.991101 0.00334921 -0.129851 0.0140843 0.991433 -50.8312 58.6326 33.5868</i>
                <i>0.982651 -0.133166 0.12909 0.134755 0.990872 -0.00361505 -0.12743 0.0209479 0.991626 -50.633 58.8494 33.7164</i>
                <i>0.982729 -0.133972 0.127654 0.136409 0.990597 -0.010502 -0.125046 0.0277337 0.991763 -50.4343 59.0792 33.8471</i>
                <i>0.982797 -0.13479 0.126258 0.138035 0.990277 -0.0172704 -0.122703 0.0344014 0.991847 -50.2353 59.3192 33.9792</i>
                <i>0.982856 -0.135626 0.124899 0.139635 0.989915 -0.0238794 -0.120401 0.0409103 0.991882 -50.0365 59.5666 34.1126</i>
                <i>0.982905 -0.136485 0.123572 0.141211 0.989516 -0.0302881 -0.118142 0.04722 0.991873 -49.8381 59.8184 34.2475</i>
                <i>0.982944 -0.137374 0.122272 0.142767 0.989085 -0.0364555 -0.115929 0.0532901 0.991827 -49.6405 60.0718 34.3843</i>
                <i>0.982972 -0.138297 0.120995 0.144304 0.988627 -0.042341 -0.113763 0.0590801 0.99175 -49.4438 60.3254 34.5231</i>
                <i>0.98299 -0.139259 0.119736 0.145825 0.98815 -0.0479038 -0.111646 0.0645496 0.991649 -49.2485 60.5776 34.6642</i>
                <i>0.982998 -0.140267 0.118491 0.147334 0.98766 -0.0531035 -0.10958 0.0696583 0.991534 -49.0547 60.8255 34.808</i>
                <i>0.982995 -0.141326 0.117253 0.148832 0.987166 -0.0578995 -0.107566 0.0743659 0.991413 -48.8628 61.0656 34.9551</i>
                <i>0.98298 -0.142439 0.116019 0.150322 0.986675 -0.0622515 -0.105606 0.0786322 0.991294 -48.6728 61.2947 35.1061</i>
                <i>0.982955 -0.143613 0.114782 0.151807 0.986196 -0.0661191 -0.103703 0.082417 0.991188 -48.485 61.5097 35.2615</i>
                <i>0.982918 -0.144852 0.113538 0.153291 0.985737 -0.0694623 -0.101856 0.08568 0.991103 -48.3135 61.7164 35.4306</i>
                <i>0.982869 -0.146161 0.112278 0.154776 0.985305 -0.0722406 -0.10007 0.088381 0.991047 -48.1719 61.9179 35.6223</i>
                <i>0.982778 -0.147613 0.111163 0.156371 0.984874 -0.0746419 -0.0984637 0.0907391 0.990995 -48.0549 62.1249 35.8311</i>
                <i>0.982619 -0.149275 0.110345 0.158181 0.984412 -0.0768818 -0.0971481 0.093 0.990915 -47.9573 62.3522 36.0511</i>
                <i>0.982394 -0.151142 0.109805 0.160203 0.983921 -0.0789618 -0.0961049 0.0951627 0.990812 -47.8787 62.6007 36.2814</i>
                <i>0.982105 -0.15321 0.109526 0.162432 0.983399 -0.0808834 -0.095316 0.0972266 0.990688 -47.818 62.8699 36.5219</i>
                <i>0.981753 -0.155473 0.109491 0.164864 0.982848 -0.0826478 -0.0947635 0.0991909 0.990546 -47.7743 63.1589 36.7724</i>
                <i>0.98134 -0.15793 0.109681 0.167496 0.982266 -0.0842563 -0.0944292 0.101055 0.990389 -47.7466 63.4663 37.0329</i>
                <i>0.980866 -0.160575 0.110078 0.170322 0.981654 -0.0857101 -0.0942951 0.102819 0.990221 -47.7339 63.7907 37.3032</i>
                <i>0.980333 -0.163404 0.110662 0.173339 0.981011 -0.0870106 -0.0943431 0.104481 0.990042 -47.7351 64.1286 37.5835</i>
                <i>0.979741 -0.166414 0.111417 0.176541 0.980337 -0.0881592 -0.0945553 0.106043 0.989856 -47.7492 64.4812 37.8733</i>
                <i>0.979091 -0.1696 0.112323 0.179922 0.979632 -0.0891575 -0.0949139 0.107503 0.989664 -47.7751 64.8547 38.1719</i>
                <i>0.978384 -0.172956 0.113361 0.183475 0.978895 -0.0900073 -0.0954015 0.108861 0.989469 -47.8117 65.2432 38.4796</i>
                <i>0.977621 -0.176476 0.114514 0.187192 0.978126 -0.0907105 -0.096001 0.110117 0.989272 -47.8583 65.6372 38.7969</i>
                <i>0.976803 -0.180153 0.115763 0.191066 0.977325 -0.0912696 -0.0966956 0.111271 0.989075 -47.9142 66.037 39.1233</i>
                <i>0.975931 -0.18398 0.11709 0.195086 0.976491 -0.091687 -0.097469 0.112323 0.98888 -47.9782 66.4428 39.4587</i>
                <i>0.975007 -0.187948 0.118478 0.199243 0.975625 -0.0919657 -0.0983053 0.113273 0.988689 -48.0496 66.8551 39.8024</i>
                <i>0.974033 -0.192048 0.119909 0.203524 0.974728 -0.092109 -0.0991893 0.114122 0.988503 -48.1276 67.2738 40.1542</i>
                <i>0.97301 -0.196269 0.121367 0.207919 0.973799 -0.0921206 -0.100106 0.114869 0.988324 -48.2113 67.6982 40.5137</i>
                <i>0.971942 -0.2006 0.122835 0.212413 0.972839 -0.0920047 -0.101042 0.115515 0.988153 -48.3004 68.1259 40.8806</i>
                <i>0.970832 -0.205028 0.124297 0.216992 0.971851 -0.0917658 -0.101984 0.116061 0.987993 -48.3942 68.5538 41.2546</i>
                <i>0.969682 -0.209538 0.12574 0.22164 0.970835 -0.091409 -0.102919 0.116507 0.987843 -48.4926 68.9793 41.6354</i>
                <i>0.968498 -0.214116 0.127148 0.226342 0.969793 -0.0909398 -0.103835 0.116854 0.987706 -48.5848 69.4004 42.0168</i>
                <i>0.967283 -0.218747 0.128508 0.231079 0.968729 -0.0903641 -0.104722 0.117103 0.987583 -48.6608 69.8147 42.3935</i>
                <i>0.966042 -0.223411 0.129807 0.235834 0.967646 -0.0896885 -0.105569 0.117256 0.987475 -48.7209 70.2209 42.7654</i>
                <i>0.964782 -0.228093 0.131033 0.240586 0.966546 -0.0889199 -0.106368 0.117313 0.987382 -48.7657 70.6188 43.1325</i>
                <i>0.963508 -0.232771 0.132176 0.245317 0.965435 -0.0880656 -0.107108 0.117277 0.987306 -48.7956 71.009 43.4947</i>
                <i>0.962227 -0.237425 0.133226 0.250005 0.964316 -0.0871335 -0.107784 0.117149 0.987248 -48.8112 71.392 43.8519</i>
                <i>0.960946 -0.242035 0.134172 0.254628 0.963196 -0.086132 -0.108387 0.116932 0.987208 -48.8132 71.7684 44.2038</i>
                <i>0.959673 -0.246577 0.135008 0.259163 0.96208 -0.0850698 -0.108913 0.116628 0.987186 -48.8023 72.1389 44.5502</i>
                <i>0.958417 -0.251029 0.135726 0.263589 0.960975 -0.0839559 -0.109354 0.116241 0.987183 -48.7797 72.4995 44.8907</i>
                <i>0.957186 -0.255367 0.13632 0.26788 0.959888 -0.0828 -0.109708 0.115772 0.987199 -48.7471 72.8455 45.2252</i>
                <i>0.955989 -0.259566 0.136784 0.272013 0.958827 -0.081612 -0.109969 0.115227 0.987233 -48.7058 73.1747 45.553</i>
                <i>0.954838 -0.263599 0.137114 0.275963 0.9578 -0.0804022 -0.110134 0.114609 0.987287 -48.6573 73.4844 45.8737</i>
                <i>0.953741 -0.267443 0.137305 0.279704 0.956815 -0.0791811 -0.110199 0.113923 0.987359 -48.6033 73.7734 46.1864</i>
                <i>0.952709 -0.271069 0.137355 0.283212 0.955884 -0.0779598 -0.110163 0.113174 0.987449 -48.5451 74.0405 46.4904</i>
                <i>0.951754 -0.274451 0.137261 0.286459 0.955013 -0.0767494 -0.110022 0.112366 0.987557 -48.4845 74.2842 46.7849</i>
                <i>0.950887 -0.277561 0.13702 0.28942 0.954215 -0.0755615 -0.109774 0.111507 0.987682 -48.423 74.5035 47.069</i>
                <i>0.950118 -0.280371 0.136631 0.292069 0.953499 -0.0744078 -0.109415 0.110602 0.987824 -48.3608 74.6969 47.3454</i>
                <i>0.949459 -0.282853 0.136091 0.294377 0.952874 -0.0733005 -0.108945 0.109658 0.987981 -48.298 74.8631 47.6173</i>
                <i>0.948922 -0.28498 0.1354 0.296319 0.952352 -0.0722517 -0.108358 0.108683 0.988153 -48.2362 75.0008 47.8839</i>
                <i>0.948518 -0.286722 0.134555 0.297868 0.951943 -0.0712741 -0.107652 0.107684 0.98834 -48.1772 75.1089 48.1444</i>
                <i>0.948047 -0.288858 0.133296 0.29961 0.951576 -0.068828 -0.10696 0.105189 0.988683 -48.1224 75.1863 48.3981</i>
                <i>0.947368 -0.291933 0.131409 0.301953 0.951189 -0.0637485 -0.106384 0.100073 0.989276 -48.0731 75.2342 48.6443</i>
                <i>0.946574 -0.295579 0.128958 0.304609 0.950793 -0.0566146 -0.105878 0.0928716 0.990033 -48.0305 75.2533 48.8822</i>
                <i>0.945758 -0.299436 0.126011 0.307303 0.9504 -0.0480098 -0.105385 0.0841293 0.990866 -47.9958 75.2418 49.1114</i>
                <i>0.945044 -0.303039 0.122718 0.309647 0.950073 -0.0384647 -0.104935 0.0743501 0.991696 -47.9841 75.1941 49.3297</i>
                <i>0.944543 -0.305973 0.119242 0.311301 0.949884 -0.028503 -0.104544 0.0640424 0.992456 -48.0074 75.1063 49.5355</i>
                <i>0.944341 -0.307895 0.115848 0.312292 0.949743 -0.0214887 -0.10341 0.0564712 0.993034 -48.0627 74.9792 49.729</i>
                <i>0.944511 -0.30853 0.112729 0.312526 0.949714 -0.0192365 -0.101125 0.0533998 0.99344 -48.1465 74.8138 49.9104</i>
                <i>0.945107 -0.307733 0.109876 0.311647 0.949987 -0.0199983 -0.0982266 0.053143 0.993744 -48.255 74.611 50.0805</i>
                <i>0.946171 -0.305368 0.107286 0.309327 0.950701 -0.0220237 -0.0952716 0.0540246 0.993984 -48.3846 74.3716 50.2397</i>
                <i>0.947731 -0.301313 0.104956 0.305271 0.951974 -0.0235626 -0.0928159 0.0543711 0.994198 -48.5309 74.0967 50.3889</i>
                <i>0.949801 -0.295455 0.102878 0.299211 0.953913 -0.0228665 -0.0913811 0.052501 0.994431 -48.6899 73.7872 50.5289</i>
                <i>0.952201 -0.288324 0.100908 0.291742 0.956275 -0.0206138 -0.090552 0.0490674 0.994682 -48.8573 73.4417 50.6606</i>
                <i>0.954732 -0.280545 0.0988994 0.283656 0.958745 -0.0186443 -0.0895887 0.0458537 0.994923 -49.0283 73.0644 50.7851</i>
                <i>0.957366 -0.272161 0.0968389 0.274994 0.961297 -0.0169533 -0.0884769 0.0428606 0.995156 -49.1977 72.6633 50.9035</i>
                <i>0.960077 -0.263216 0.094711 0.265798 0.963904 -0.0155347 -0.0872033 0.0400885 0.995384 -49.3623 72.2419 51.0174</i>
                <i>0.962835 -0.253755 0.0925011 0.256113 0.96654 -0.0143809 -0.0857567 0.0375372 0.995609 -49.5197 71.8036 51.1286</i>
                <i>0.965617 -0.243823 0.0901951 0.245982 0.969181 -0.0134834 -0.0841278 0.0352062 0.995833 -49.6674 71.3518 51.2388</i>
                <i>0.968394 -0.233468 0.0877801 0.235452 0.971801 -0.012832 -0.0823089 0.0330944 0.996057 -49.8027 70.8899 51.3494</i>
                <i>0.971144 -0.222738 0.0852441 0.22457 0.974379 -0.0124154 -0.0802947 0.0312004 0.996283 -49.9234 70.4217 51.4619</i>
                <i>0.973843 -0.211684 0.082577 0.213383 0.976892 -0.012221 -0.0780819 0.0295219 0.99651 -50.0271 69.9504 51.5777</i>
                <i>0.976471 -0.200355 0.07977 0.201939 0.979322 -0.0122351 -0.0756692 0.0280559 0.996738 -50.112 69.4758 51.698</i>
                <i>0.979006 -0.188803 0.0768165 0.190289 0.981649 -0.0124428 -0.0730576 0.0267989 0.996968 -50.1761 68.9977 51.8238</i>
                <i>0.981432 -0.17708 0.0737117 0.178481 0.98386 -0.0128284 -0.0702503 0.0257464 0.997197 -50.2175 68.5195 51.9562</i>
                <i>0.983734 -0.16524 0.0704532 0.166568 0.985939 -0.0133752 -0.0672525 0.0248929 0.997425 -50.2347 68.0446 52.0961</i>
                <i>0.985897 -0.153335 0.067041 0.154599 0.987877 -0.014066 -0.0640714 0.0242321 0.997651 -50.2262 67.5762 52.2444</i>
                <i>0.987912 -0.14142 0.0634772 0.142627 0.989665 -0.0148828 -0.0607164 0.0237565 0.997872 -50.191 67.1175 52.4016</i>
                <i>0.98977 -0.129549 0.0597667 0.130704 0.991295 -0.0158075 -0.0571986 0.0234575 0.998087 -50.128 66.6711 52.5684</i>
                <i>0.991465 -0.117776 0.0559164 0.11888 0.992766 -0.0168216 -0.0535307 0.0233253 0.998294 -50.0365 66.2383 52.7452</i>
                <i>0.992992 -0.106156 0.0519361 0.107208 0.994075 -0.0179063 -0.0497275 0.0233488 0.99849 -49.9158 65.8213 52.9324</i>
                <i>0.994352 -0.0947413 0.0478374 0.0957406 0.995224 -0.0190432 -0.0458048 0.0235157 0.998674 -49.7655 65.4218 53.1301</i>
                <i>0.995545 -0.0835866 0.0436346 0.0845289 0.996216 -0.0202137 -0.0417799 0.023812 0.998843 -49.5852 65.0414 53.3386</i>
                <i>0.996574 -0.0727443 0.0393437 0.0736244 0.997056 -0.0213995 -0.0376712 0.0242229 0.998997 -49.3749 64.6816 53.558</i>
                <i>0.997446 -0.0622677 0.034983 0.0630789 0.997753 -0.0225826 -0.0334982 0.0247316 0.999133 -49.1346 64.3441 53.7883</i>
                <i>0.998168 -0.0522081 0.0305718 0.052943 0.998315 -0.0237452 -0.0292806 0.0253203 0.99925 -48.8645 64.0306 54.0297</i>
                <i>0.99875 -0.0426174 0.0261319 0.0432683 0.998754 -0.02487 -0.0250394 0.0259696 0.999349 -48.5648 63.7419 54.2821</i>
                <i>0.999202 -0.0335459 0.0216852 0.0341048 0.999082 -0.0259399 -0.0207951 0.0266587 0.999428 -48.2391 63.4786 54.5465</i>
                <i>0.999537 -0.0250441 0.0172554 0.0255035 0.999312 -0.026938 -0.0165689 0.0273656 0.999488 -47.8913 63.2406 54.824</i>
                <i>0.99977 -0.0171612 0.0128661 0.0175143 0.999459 -0.0278477 -0.0123813 0.0280667 0.999529 -47.5217 63.0284 55.1147</i>
                <i>0.999914 -0.0099467 0.00854181 0.0101877 0.999538 -0.0286526 -0.00825286 0.0287371 0.999553 -47.1307 62.8426 55.4187</i>
                <i>0.999985 -0.00344894 0.00430621 0.00357381 0.999563 -0.0293359 -0.00420316 0.0293508 0.99956 -46.7187 62.6835 55.7363</i>
                <i>0.999997 0.00228328 0.000182955 -0.00227679 0.999551 -0.0298808 -0.000251099 0.0298803 0.999553 -46.286 62.5512 56.0677</i>
                <i>0.999967 0.00720127 -0.00380532 -0.0073132 0.999515 -0.0302701 0.0035855 0.0302969 0.999534 -45.8328 62.4453 56.4135</i>
                <i>0.999907 0.0112566 -0.00763774 -0.0114845 0.999469 -0.0304859 0.00729052 0.0305708 0.999506 -45.3591 62.3655 56.7741</i>
                <i>0.999829 0.0145377 -0.0113859 -0.0148801 0.999421 -0.0305875 0.0109347 0.0307518 0.999467 -44.8775 62.3083 57.154</i>
                <i>0.999738 0.01718 -0.0151337 -0.0176376 0.999375 -0.0306389 0.0145979 0.0308978 0.999416 -44.4016 62.2692 57.5569</i>
                <i>0.999637 0.0192044 -0.0188793 -0.0197771 0.999335 -0.0306286 0.0182786 0.0309909 0.999353 -43.9339 62.246 57.9826</i>
                <i>0.999531 0.0206327 -0.0226225 -0.0213194 0.999306 -0.0305457 0.0219765 0.0310137 0.999277 -43.4762 62.2367 58.4307</i>
                <i>0.99941 0.0223228 -0.0261035 -0.0231026 0.999284 -0.0299611 0.025416 0.0305464 0.99921 -43.0306 62.239 58.9011</i>
                <i>0.999271 0.0244965 -0.0292839 -0.0253369 0.999267 -0.0286826 0.0285598 0.0294036 0.99916 -42.5992 62.2511 59.3935</i>
                <i>0.999127 0.0262942 -0.0324565 -0.0271762 0.999265 -0.0270396 0.0317216 0.0278981 0.999107 -42.1839 62.2712 59.9078</i>
                <i>0.998994 0.0269508 -0.0358481 -0.0278681 0.99929 -0.0253396 0.0351398 0.0263131 0.999036 -41.789 62.2992 60.444</i>
                <i>0.998881 0.0258002 -0.0396292 -0.0267594 0.999357 -0.0238692 0.0389879 0.0249029 0.998929 -41.4181 62.334 61.0024</i>
                <i>0.998785 0.0222883 -0.0439532 -0.0233111 0.999466 -0.0228971 0.0434194 0.0238939 0.998771 -41.0721 62.3723 61.5826</i>
                <i>0.998669 0.0162715 -0.048947 -0.0173749 0.999602 -0.022203 0.0485663 0.0230239 0.998555 -40.752 62.4108 62.1839</i>
                <i>0.998476 0.00852755 -0.0545266 -0.00970719 0.999724 -0.0214062 0.054329 0.0219028 0.998283 -40.4588 62.4466 62.8059</i>
                <i>0.998166 -9.54954e-005 -0.0605369 -0.00114968 0.999789 -0.0205336 0.060526 0.0205656 0.997955 -40.1935 62.4766 63.4482</i>
                <i>0.997729 -0.00886606 -0.0667756 0.00757097 0.999779 -0.0196227 0.0669348 0.0190726 0.997575 -39.9584 62.5085 64.11</i>
                <i>0.997185 -0.0171839 -0.0729827 0.0158571 0.999699 -0.0187215 0.0732824 0.0175115 0.997157 -39.7559 62.5513 64.7906</i>
                <i>0.996583 -0.0245843 -0.0788555 0.0232422 0.99957 -0.0178919 0.0792614 0.015998 0.996725 -39.567 62.606 65.4846</i>
                <i>0.995985 -0.0307326 -0.084084 0.0293854 0.99942 -0.0172144 0.0845643 0.0146744 0.99631 -39.3717 62.6732 66.187</i>
                <i>0.995456 -0.0354037 -0.0883937 0.0340486 0.999279 -0.0167917 0.0889245 0.0137057 0.995944 -39.1704 62.7514 66.897</i>
                <i>0.995054 -0.0384522 -0.0915929 0.0370694 0.999172 -0.0167517 0.0921612 0.0132735 0.995656 -38.963 62.839 67.6143</i>
                <i>0.994716 -0.0407518 -0.0942297 0.03933 0.999083 -0.0168979 0.0948319 0.0131025 0.995407 -38.7499 62.9345 68.3383</i>
                <i>0.994352 -0.0432341 -0.0969245 0.0417845 0.998983 -0.0169372 0.0975582 0.0127916 0.995148 -38.5311 63.0361 69.0684</i>
                <i>0.993961 -0.0458794 -0.0996818 0.044414 0.998871 -0.0168722 0.100343 0.0123431 0.994876 -38.307 63.1423 69.8041</i>
                <i>0.993541 -0.048668 -0.102505 0.0471994 0.998746 -0.0167058 0.10319 0.0117597 0.994592 -38.0778 63.2514 70.5446</i>
                <i>0.993092 -0.0515796 -0.105398 0.0501212 0.998608 -0.0164407 0.106099 0.0110445 0.994294 -37.8441 63.3618 71.2895</i>
                <i>0.992611 -0.0545938 -0.108361 0.0531599 0.998457 -0.01608 0.109072 0.0102007 0.993982 -37.6063 63.4718 72.038</i>
                <i>0.9921 -0.0576898 -0.111396 0.0562952 0.998292 -0.0156267 0.112107 0.0092322 0.993653 -37.3648 63.5802 72.7895</i>
                <i>0.991558 -0.0608468 -0.114502 0.0595072 0.998114 -0.0150841 0.115204 0.00814308 0.993308 -37.1205 63.6863 73.5432</i>
                <i>0.990984 -0.0640434 -0.117679 0.0627752 0.997923 -0.0144557 0.118361 0.00693804 0.992946 -36.8739 63.7896 74.2985</i>
                <i>0.990381 -0.0672581 -0.120924 0.0660783 0.99772 -0.013745 0.121573 0.00562229 0.992567 -36.626 63.8894 75.0545</i>
                <i>0.989747 -0.0704693 -0.124234 0.0693955 0.997505 -0.0129556 0.124837 0.00420149 0.992168 -36.3774 63.9852 75.8104</i>
                <i>0.989086 -0.0736549 -0.127604 0.0727051 0.99728 -0.0120915 0.128148 0.00268203 0.991751 -36.1291 64.0763 76.5655</i>
                <i>0.9884 -0.0767927 -0.131031 0.0759855 0.997047 -0.0111567 0.131501 0.0010708 0.991315 -35.8821 64.1623 77.3188</i>
                <i>0.987689 -0.0798602 -0.134507 0.0792144 0.996806 -0.0101554 0.134888 -0.000624481 0.990861 -35.6374 64.2425 78.0696</i>
