<?xml version="1.0" encoding="ISO-8859-1" ?>
<Animl Version="1">
    <ModellingPackage><![CDATA[Maya.2010]]></ModellingPackage>
    <SrcFile><![CDATA[anims\bosses\red\~src\boss_beetle\boss_beetle_flyin_heloc.mb]]></SrcFile>
    <FramesPerSecond>30</FramesPerSecond>
    <TotalFrames>800</TotalFrames>
    <Skeleton>
        <RefFrame>
            <Name><![CDATA[mi8hip_ref_frame]]></Name>
            <Exclude>0</Exclude>
            <Additive>0</Additive>
            <IKPriority>0</IKPriority>
            <IKRotLimits>-1e+010 -1e+010 -1e+010 1e+010 1e+010 1e+010</IKRotLimits>
            <IKRotLimitOrder>0</IKRotLimitOrder>
            <KeyFrames count="800">
                <i>0.999836 -0.000274986 0.0180819 0.000269172 1 0.00032396 -0.018082 -0.00031904 0.999836 -65.967 59.757 -76.8608</i>
                <i>0.999824 -0.000648991 0.018745 0.000654037 1 -0.0002631 -0.0187448 0.000275313 0.999824 -65.8169 59.7033 -76.1888</i>
                <i>0.99981 -0.00101601 0.0194674 0.00103434 0.999999 -0.000931294 -0.0194664 0.000951253 0.99981 -65.6632 59.6484 -75.5186</i>
                <i>0.999794 -0.00137592 0.0202481 0.0014102 0.999998 -0.00167867 -0.0202457 0.00170688 0.999794 -65.506 59.5926 -74.8506</i>
                <i>0.999776 -0.00172858 0.0210858 0.00178175 0.999995 -0.00250327 -0.0210814 0.00254028 0.999775 -65.3453 59.536 -74.1852</i>
                <i>0.999756 -0.00207381 0.0219795 0.00214912 0.999992 -0.00340315 -0.0219722 0.00344956 0.999753 -65.1811 59.479 -73.5227</i>
                <i>0.999734 -0.00241144 0.0229279 0.00251242 0.999987 -0.00437637 -0.0229171 0.00443281 0.999728 -65.0135 59.4216 -72.8636</i>
                <i>0.99971 -0.00274128 0.02393 0.00287178 0.999981 -0.00542096 -0.0239147 0.00548811 0.999699 -64.8423 59.3642 -72.2081</i>
                <i>0.999683 -0.00306311 0.0249847 0.00322733 0.999973 -0.006535 -0.024964 0.00661357 0.999666 -64.6677 59.307 -71.5568</i>
                <i>0.999654 -0.00337673 0.0260906 0.00357918 0.999964 -0.00771654 -0.0260636 0.00780725 0.99963 -64.4896 59.2501 -70.9099</i>
                <i>0.999622 -0.00368192 0.0272467 0.00392746 0.999952 -0.00896364 -0.0272124 0.00906726 0.999589 -64.3081 59.1938 -70.2679</i>
                <i>0.999587 -0.00397844 0.0284518 0.00427228 0.999938 -0.0102744 -0.0284091 0.0103917 0.999542 -64.1231 59.1382 -69.6312</i>
                <i>0.99955 -0.00426607 0.0297047 0.00461378 0.999922 -0.0116468 -0.0296526 0.0117786 0.999491 -63.9346 59.0836 -69</i>
                <i>0.999509 -0.00454457 0.0310042 0.00495206 0.999902 -0.0130789 -0.0309417 0.013226 0.999434 -63.7426 59.03 -68.3749</i>
                <i>0.999465 -0.00481372 0.0323491 0.00528726 0.99988 -0.0145689 -0.0322751 0.0147321 0.99937 -63.5471 58.9777 -67.7562</i>
                <i>0.999418 -0.00507327 0.0337383 0.00561949 0.999854 -0.0161147 -0.0336516 0.0162949 0.999301 -63.3479 58.9267 -67.1443</i>
                <i>0.999367 -0.00532301 0.0351705 0.00594887 0.999825 -0.0177145 -0.03507 0.0179125 0.999224 -63.1452 58.8773 -66.5395</i>
                <i>0.999313 -0.00556271 0.0366445 0.00627554 0.999793 -0.0193663 -0.0365292 0.0195829 0.999141 -62.9388 58.8296 -65.9423</i>
                <i>0.999255 -0.00579217 0.0381591 0.00659961 0.999756 -0.0210681 -0.0380278 0.0213043 0.99905 -62.7286 58.7837 -65.3531</i>
                <i>0.999193 -0.00601116 0.0397132 0.00692122 0.999716 -0.0228181 -0.0395647 0.0230746 0.998951 -62.5147 58.7397 -64.7722</i>
                <i>0.999127 -0.0062195 0.0413054 0.00724048 0.999671 -0.0246143 -0.0411387 0.0248919 0.998843 -62.297 58.6977 -64.2</i>
                <i>0.999057 -0.006417 0.0429345 0.00755753 0.999621 -0.0264549 -0.0427485 0.0267544 0.998728 -62.0753 58.6578 -63.6369</i>
                <i>0.998983 -0.00660349 0.0445994 0.00787249 0.999567 -0.0283377 -0.044393 0.02866 0.998603 -61.8495 58.6201 -63.0833</i>
                <i>0.998905 -0.00677882 0.0462988 0.0081855 0.999509 -0.030261 -0.0460709 0.0306068 0.998469 -61.6197 58.5846 -62.5396</i>
                <i>0.998822 -0.00694283 0.0480314 0.00849669 0.999445 -0.0322228 -0.047781 0.0325929 0.998326 -61.3856 58.5515 -62.0062</i>
                <i>0.998734 -0.0070954 0.049796 0.00880619 0.999375 -0.0342211 -0.0495221 0.0346163 0.998173 -61.1473 58.5207 -61.4834</i>
                <i>0.998642 -0.00723643 0.0515914 0.00911415 0.999301 -0.0362541 -0.051293 0.0366751 0.99801 -60.9044 58.4924 -60.9716</i>
                <i>0.998545 -0.00736583 0.0534163 0.00942069 0.999221 -0.0383198 -0.0530924 0.0387672 0.997837 -60.657 58.4666 -60.4713</i>
                <i>0.998443 -0.00748352 0.0552695 0.00972597 0.999136 -0.0404162 -0.0549192 0.0408909 0.997653 -60.4049 58.4432 -59.9828</i>
                <i>0.998337 -0.00758946 0.0571497 0.0100301 0.999044 -0.0425416 -0.0567722 0.043044 0.997459 -60.1479 58.4223 -59.5065</i>
                <i>0.998225 -0.00768362 0.0590556 0.0103333 0.998947 -0.0446938 -0.0586501 0.0452247 0.997254 -59.886 58.4039 -59.0427</i>
                <i>0.998108 -0.007766 0.0609861 0.0106356 0.998844 -0.046871 -0.0605516 0.047431 0.997038 -59.6188 58.3881 -58.5919</i>
                <i>0.997987 -0.00783662 0.0629398 0.0109373 0.998735 -0.0490714 -0.0624757 0.0496609 0.99681 -59.3463 58.3747 -58.1544</i>
                <i>0.99786 -0.00789553 0.0649156 0.0112384 0.99862 -0.0512928 -0.064421 0.0519126 0.996572 -59.0683 58.3638 -57.7306</i>
                <i>0.997727 -0.0079428 0.066912 0.0115391 0.998499 -0.0535335 -0.0663864 0.0541839 0.996322 -58.7846 58.3553 -57.3209</i>
                <i>0.99759 -0.00797852 0.068928 0.0118397 0.998372 -0.0557915 -0.0683706 0.0564731 0.99606 -58.495 58.3493 -56.9257</i>
                <i>0.997447 -0.00800282 0.0709621 0.0121401 0.998239 -0.0580648 -0.0703725 0.0587781 0.995788 -58.1993 58.3455 -56.5452</i>
                <i>0.997299 -0.00801586 0.0730133 0.0124407 0.9981 -0.0603516 -0.0723907 0.0610969 0.995503 -57.8973 58.3441 -56.1799</i>
                <i>0.997145 -0.0080178 0.0750801 0.0127415 0.997954 -0.0626499 -0.0744242 0.0634277 0.995207 -57.5888 58.3449 -55.8302</i>
                <i>0.996986 -0.00800887 0.0771614 0.0130428 0.997803 -0.0649578 -0.0764716 0.0657685 0.9949 -57.2734 58.3478 -55.4964</i>
                <i>0.996822 -0.00798928 0.0792559 0.0133447 0.997645 -0.0672734 -0.0785318 0.0681173 0.994582 -56.9511 58.3529 -55.1789</i>
                <i>0.996653 -0.00795933 0.0813623 0.0136474 0.997482 -0.0695948 -0.0806035 0.0704722 0.994252 -56.6304 58.3603 -54.8704</i>
                <i>0.996478 -0.00791928 0.0834795 0.013951 0.997313 -0.07192 -0.0826856 0.0728313 0.993911 -56.3204 58.3705 -54.5636</i>
                <i>0.996298 -0.00786949 0.0856061 0.0142557 0.997138 -0.0742472 -0.0847768 0.0751927 0.993559 -56.0212 58.3835 -54.2584</i>
                <i>0.996113 -0.00781029 0.0877409 0.0145618 0.996958 -0.0765743 -0.0868759 0.0775543 0.993196 -55.7332 58.3993 -53.9551</i>
                <i>0.995922 -0.00774208 0.0898827 0.0148694 0.996772 -0.0788995 -0.0889817 0.0799143 0.992822 -55.4567 58.4179 -53.6536</i>
                <i>0.995727 -0.00766526 0.0920302 0.0151787 0.996581 -0.081221 -0.0910929 0.0822708 0.992438 -55.1919 58.4394 -53.3541</i>
                <i>0.995526 -0.0075803 0.0941822 0.0154899 0.996384 -0.0835367 -0.0932085 0.0846218 0.992044 -54.9391 58.4636 -53.0567</i>
                <i>0.995321 -0.00748766 0.0963375 0.0158031 0.996183 -0.0858447 -0.095327 0.0869655 0.99164 -54.6986 58.4907 -52.7615</i>
                <i>0.99511 -0.00738786 0.0984949 0.0161186 0.995977 -0.0881432 -0.0974475 0.0892998 0.991226 -54.4706 58.5206 -52.4685</i>
                <i>0.994895 -0.00728142 0.100653 0.0164366 0.995767 -0.0904303 -0.0995686 0.091623 0.990803 -54.2554 58.5532 -52.1779</i>
                <i>0.994675 -0.00716893 0.102811 0.0167573 0.995553 -0.092704 -0.101689 0.0939332 0.990372 -54.0532 58.5886 -51.8898</i>
                <i>0.994451 -0.00705097 0.104967 0.0170808 0.995334 -0.0949624 -0.103808 0.0962284 0.989931 -53.8642 58.6267 -51.6042</i>
                <i>0.994222 -0.00692817 0.107121 0.0174074 0.995112 -0.0972037 -0.105924 0.0985068 0.989483 -53.6888 58.6675 -51.3214</i>
                <i>0.993989 -0.0068012 0.10927 0.0177373 0.994887 -0.099426 -0.108035 0.100766 0.989027 -53.5271 58.711 -51.0413</i>
                <i>0.993752 -0.00667073 0.111414 0.0180708 0.994658 -0.101627 -0.110141 0.103006 0.988564 -53.3793 58.7571 -50.7641</i>
                <i>0.99351 -0.00653748 0.113552 0.0184079 0.994427 -0.103806 -0.112241 0.105222 0.988094 -53.2458 58.8058 -50.4898</i>
                <i>0.993266 -0.00640219 0.115683 0.018749 0.994194 -0.105959 -0.114333 0.107415 0.987618 -53.1267 58.857 -50.2187</i>
                <i>0.993017 -0.00626564 0.117805 0.0190942 0.993958 -0.108086 -0.116416 0.109581 0.987137 -53.0222 58.9108 -49.9508</i>
                <i>0.992765 -0.00612861 0.119917 0.0194438 0.993721 -0.110185 -0.118488 0.111719 0.986651 -52.9326 58.9669 -49.6862</i>
                <i>0.99251 -0.00599194 0.122017 0.019798 0.993482 -0.112253 -0.12055 0.113828 0.98616 -52.8581 59.0255 -49.425</i>
                <i>0.992252 -0.00585647 0.124106 0.0201571 0.993243 -0.114289 -0.122598 0.115905 0.985665 -52.7988 59.0864 -49.1674</i>
                <i>0.991991 -0.00572307 0.126182 0.0205211 0.993003 -0.116291 -0.124633 0.117949 0.985167 -52.755 59.1495 -48.9134</i>
                <i>0.991727 -0.00559265 0.128243 0.0208905 0.992763 -0.118257 -0.126653 0.119957 0.984667 -52.7269 59.2149 -48.6631</i>
                <i>0.991461 -0.00546612 0.130288 0.0212654 0.992524 -0.120184 -0.128657 0.121929 0.984165 -52.7065 59.2818 -48.4229</i>
                <i>0.991193 -0.00534444 0.132317 0.0216461 0.992285 -0.122072 -0.130643 0.123861 0.983662 -52.6854 59.3493 -48.1996</i>
                <i>0.990923 -0.00522856 0.134327 0.0220327 0.992048 -0.123919 -0.132611 0.125754 0.983158 -52.6634 59.4174 -47.9934</i>
                <i>0.990652 -0.00511948 0.136319 0.0224255 0.991812 -0.125722 -0.134559 0.127604 0.982655 -52.6402 59.4859 -47.8046</i>
                <i>0.990379 -0.0050182 0.138291 0.0228248 0.991579 -0.127479 -0.136487 0.129409 0.982153 -52.6154 59.5546 -47.6335</i>
                <i>0.990105 -0.00492576 0.140242 0.0232308 0.991348 -0.12919 -0.138392 0.131169 0.981653 -52.5888 59.6234 -47.4804</i>
                <i>0.989833 -0.00491722 0.142147 0.0237143 0.991119 -0.130848 -0.140241 0.132888 0.981159 -52.56 59.6921 -47.3455</i>
                <i>0.989566 -0.00505065 0.143989 0.0243294 0.990891 -0.132447 -0.142008 0.134569 0.980676 -52.5289 59.7606 -47.2293</i>
                <i>0.989304 -0.00530146 0.145773 0.0250518 0.990666 -0.133988 -0.143702 0.136207 0.980203 -52.495 59.8286 -47.1319</i>
                <i>0.989045 -0.00564502 0.147507 0.025857 0.990444 -0.135469 -0.145333 0.137799 0.97974 -52.4582 59.8961 -47.0537</i>
                <i>0.988789 -0.00605669 0.149197 0.0267205 0.990226 -0.136889 -0.146909 0.139341 0.979286 -52.418 59.9629 -46.9949</i>
                <i>0.988535 -0.00651181 0.150848 0.0276179 0.990013 -0.138248 -0.148441 0.140829 0.978842 -52.3741 60.0289 -46.9558</i>
                <i>0.988284 -0.00698573 0.152468 0.0285249 0.989805 -0.139545 -0.149939 0.142259 0.978407 -52.3263 60.0938 -46.9367</i>
                <i>0.988033 -0.00745378 0.154062 0.0294173 0.989604 -0.140781 -0.151411 0.143628 0.97798 -52.2743 60.1577 -46.9379</i>
                <i>0.987783 -0.00789133 0.155636 0.0302708 0.98941 -0.141954 -0.152868 0.144931 0.977561 -52.2178 60.2203 -46.9596</i>
                <i>0.987509 -0.00853311 0.157333 0.0313402 0.989218 -0.143057 -0.154416 0.146201 0.977129 -52.1563 60.2815 -47.0021</i>
                <i>0.987242 -0.00924091 0.158956 0.0324575 0.989032 -0.144089 -0.155882 0.14741 0.976715 -52.0898 60.3412 -47.0658</i>
                <i>0.987071 -0.00943108 0.160007 0.0329638 0.988873 -0.145066 -0.156858 0.148465 0.976398 -52.0177 60.3993 -47.1508</i>
                <i>0.986979 -0.00918043 0.160584 0.0329494 0.988737 -0.145988 -0.157435 0.149378 0.976166 -51.9399 60.4558 -47.2575</i>
                <i>0.986894 -0.00895431 0.161123 0.0329434 0.988611 -0.14684 -0.157973 0.150224 0.975949 -51.8561 60.5104 -47.386</i>
                <i>0.986814 -0.00875346 0.161622 0.0329459 0.988495 -0.14762 -0.158471 0.150998 0.975749 -51.7659 60.5632 -47.5368</i>
                <i>0.98674 -0.00857859 0.162081 0.0329569 0.988389 -0.148326 -0.158927 0.151701 0.975566 -51.678 60.6148 -47.7037</i>
                <i>0.986673 -0.00843042 0.162499 0.0329764 0.988294 -0.148956 -0.159341 0.152329 0.975401 -51.6011 60.6662 -47.8804</i>
                <i>0.986612 -0.00830962 0.162874 0.0330045 0.988209 -0.149508 -0.159712 0.152882 0.975253 -51.5354 60.7172 -48.0672</i>
                <i>0.986558 -0.00821687 0.163206 0.0330413 0.988137 -0.14998 -0.160038 0.153357 0.975125 -51.4811 60.7679 -48.264</i>
                <i>0.986511 -0.00815283 0.163493 0.0330867 0.988076 -0.150371 -0.160318 0.153752 0.975017 -51.4384 60.8184 -48.471</i>
                <i>0.986471 -0.00811813 0.163735 0.0331407 0.988027 -0.150679 -0.160552 0.154066 0.974929 -51.4073 60.8686 -48.6882</i>
                <i>0.986438 -0.00811339 0.163931 0.0332035 0.987991 -0.150901 -0.160738 0.154297 0.974862 -51.3881 60.9185 -48.9156</i>
                <i>0.986414 -0.0081392 0.164079 0.0332751 0.987968 -0.151035 -0.160875 0.154443 0.974816 -51.3809 60.9683 -49.1534</i>
                <i>0.986399 -0.00822064 0.164163 0.0333499 0.987984 -0.150913 -0.16095 0.154335 0.974821 -51.3864 61.0253 -49.396</i>
                <i>0.986396 -0.00838027 0.164171 0.0334225 0.988064 -0.150377 -0.160951 0.153819 0.974902 -51.3986 61.0982 -49.6289</i>
                <i>0.986405 -0.00861472 0.164104 0.0334931 0.988203 -0.149446 -0.160881 0.152911 0.975057 -51.4108 61.1878 -49.8434</i>
                <i>0.986426 -0.00892047 0.163965 0.0335617 0.988397 -0.148137 -0.160741 0.151629 0.97528 -51.4231 61.2934 -50.04</i>
                <i>0.986457 -0.00929389 0.163755 0.0336284 0.988644 -0.146467 -0.160534 0.14999 0.975567 -51.4354 61.4146 -50.2191</i>
                <i>0.986499 -0.00973118 0.163476 0.0336934 0.988937 -0.144456 -0.160262 0.148013 0.975914 -51.4478 61.5506 -50.381</i>
                <i>0.986551 -0.0102285 0.163131 0.0337568 0.989274 -0.142119 -0.159927 0.145715 0.976315 -51.4603 61.7007 -50.5262</i>
                <i>0.986613 -0.0107819 0.162721 0.0338186 0.989648 -0.139476 -0.159532 0.143112 0.976764 -51.4729 61.8641 -50.655</i>
                <i>0.986684 -0.0113873 0.162248 0.0338791 0.990055 -0.136544 -0.159079 0.140222 0.977257 -51.4855 62.0402 -50.7678</i>
                <i>0.986764 -0.0120407 0.161714 0.0339383 0.990489 -0.13334 -0.158571 0.137063 0.977788 -51.4983 62.2281 -50.8651</i>
                <i>0.986852 -0.0127379 0.161121 0.0339963 0.990946 -0.129882 -0.158008 0.133652 0.978351 -51.5111 62.427 -50.9472</i>
                <i>0.986949 -0.013475 0.160471 0.0340534 0.991422 -0.126188 -0.157394 0.130006 0.978941 -51.524 62.636 -51.0145</i>
                <i>0.987052 -0.0142477 0.159766 0.0341096 0.99191 -0.122276 -0.156731 0.126142 0.979553 -51.537 62.8544 -51.0674</i>
                <i>0.987163 -0.0150521 0.159007 0.0341651 0.992406 -0.118163 -0.156021 0.122079 0.980181 -51.55 63.0811 -51.1064</i>
                <i>0.98728 -0.0158839 0.158197 0.0342201 0.992906 -0.113868 -0.155266 0.117833 0.98082 -51.5632 63.3154 -51.1319</i>
                <i>0.987403 -0.0167393 0.157338 0.0342746 0.993406 -0.109407 -0.154469 0.113422 0.981466 -51.5765 63.5562 -51.1444</i>
                <i>0.987532 -0.0176142 0.156432 0.0343289 0.993901 -0.1048 -0.153632 0.108863 0.982113 -51.5898 63.8027 -51.1443</i>
                <i>0.987666 -0.0185048 0.155481 0.034383 0.994387 -0.100064 -0.152757 0.104175 0.982758 -51.6032 64.0538 -51.1322</i>
                <i>0.987804 -0.0194072 0.154488 0.0344372 0.994861 -0.0952167 -0.151846 0.0993755 0.983396 -51.6167 64.3086 -51.1084</i>
                <i>0.987947 -0.0203177 0.153454 0.0344916 0.995319 -0.0902766 -0.150901 0.0944814 0.984023 -51.6301 64.5572 -51.0728</i>
                <i>0.988094 -0.0212327 0.152382 0.0345463 0.995759 -0.0852618 -0.149926 0.0895109 0.984637 -51.6433 64.7889 -51.0251</i>
                <i>0.988244 -0.0221486 0.151275 0.0346016 0.996179 -0.0801903 -0.148921 0.0844819 0.985234 -51.6562 65.0015 -50.966</i>
                <i>0.988396 -0.023062 0.150135 0.0346574 0.996575 -0.0750804 -0.14789 0.0794125 0.98581 -51.6689 65.1928 -50.8965</i>
                <i>0.988552 -0.0239697 0.148965 0.0347141 0.996946 -0.0699502 -0.146834 0.0743206 0.986365 -51.6813 65.3605 -50.8173</i>
                <i>0.988709 -0.0248685 0.147768 0.0347717 0.997291 -0.0648181 -0.145756 0.0692244 0.986896 -51.6933 65.5022 -50.7292</i>
                <i>0.988869 -0.0257553 0.146546 0.0348305 0.997608 -0.0597022 -0.144658 0.0641419 0.987401 -51.705 65.6159 -50.6333</i>
                <i>0.989029 -0.0266272 0.145302 0.0348905 0.997897 -0.0546209 -0.143542 0.0590913 0.987879 -51.7165 65.7228 -50.5319</i>
                <i>0.98919 -0.0274815 0.144039 0.034952 0.998158 -0.0495925 -0.142411 0.0540908 0.988329 -51.7281 65.845 -50.4267</i>
                <i>0.989352 -0.0283157 0.14276 0.035015 0.99839 -0.0446353 -0.141266 0.0491588 0.98875 -51.7398 65.9809 -50.3182</i>
                <i>0.989514 -0.0291271 0.141468 0.0350798 0.998593 -0.0397676 -0.140111 0.0443133 0.989144 -51.7515 66.1287 -50.2067</i>
                <i>0.989676 -0.0299136 0.140166 0.0351465 0.998769 -0.0350078 -0.138946 0.0395728 0.989509 -51.7631 66.2869 -50.0925</i>
                <i>0.989837 -0.0306729 0.138858 0.0352153 0.998918 -0.0303742 -0.137776 0.0349554 0.989846 -51.7746 66.4538 -49.9762</i>
                <i>0.989998 -0.0314031 0.137545 0.0352863 0.999042 -0.0258851 -0.136601 0.0304797 0.990157 -51.7859 66.6278 -49.8581</i>
                <i>0.990157 -0.0321022 0.136233 0.0353597 0.999142 -0.0215589 -0.135424 0.0261638 0.990442 -51.797 66.8073 -49.7387</i>
                <i>0.990314 -0.0327685 0.134923 0.0354357 0.99922 -0.0174136 -0.134247 0.0220261 0.990703 -51.8077 66.9905 -49.6186</i>
                <i>0.99047 -0.0334005 0.13362 0.0355144 0.999278 -0.0134679 -0.133073 0.018085 0.990941 -51.818 67.176 -49.4982</i>
                <i>0.990623 -0.0339965 0.132326 0.035596 0.999319 -0.00973979 -0.131904 0.0143587 0.991158 -51.8278 67.3621 -49.3783</i>
                <i>0.990774 -0.0345554 0.131044 0.0356807 0.999344 -0.00624761 -0.130742 0.0108657 0.991357 -51.837 67.5471 -49.2594</i>
                <i>0.990922 -0.0350759 0.129779 0.0357686 0.999356 -0.00300955 -0.12959 0.00762423 0.991538 -51.8456 67.7294 -49.1421</i>
                <i>0.991068 -0.0355568 0.128533 0.0358599 0.999357 -4.38379e-005 -0.128448 0.00465261 0.991705 -51.8535 67.9076 -49.0272</i>
                <i>0.99121 -0.0359972 0.127309 0.0359548 0.99935 0.00263134 -0.127321 0.00196917 0.99186 -51.8605 68.0798 -48.9153</i>
                <i>0.991348 -0.036396 0.126112 0.0360535 0.999337 0.00499781 -0.12621 -0.000407797 0.992003 -51.8666 68.2448 -48.8072</i>
                <i>0.991483 -0.0367525 0.124944 0.0361562 0.999321 0.00703741 -0.125117 -0.00245998 0.992139 -51.8718 68.4007 -48.7036</i>
                <i>0.991614 -0.0370658 0.123808 0.0362631 0.999304 0.00873198 -0.124045 -0.0041691 0.992268 -51.8759 68.5462 -48.6053</i>
                <i>0.99174 -0.0373353 0.122708 0.0363743 0.999288 0.0100634 -0.122996 -0.00551684 0.992392 -51.8789 68.6797 -48.513</i>
                <i>0.991862 -0.0375602 0.121647 0.0364901 0.999273 0.0110135 -0.121972 -0.00648492 0.992512 -51.8806 68.7996 -48.4276</i>
                <i>0.99198 -0.0377259 0.120633 0.0366107 0.999264 0.0114481 -0.120976 -0.00693985 0.992631 -51.8789 68.899 -48.3487</i>
                <i>0.992093 -0.0378224 0.119671 0.0367363 0.999261 0.0112701 -0.120009 -0.00678467 0.99275 -51.8714 68.9723 -48.2754</i>
                <i>0.992201 -0.0378564 0.118764 0.0368671 0.999265 0.0105164 -0.119074 -0.00605596 0.992867 -51.8585 69.021 -48.2075</i>
                <i>0.992303 -0.0378338 0.117911 0.0370034 0.999273 0.00922437 -0.118174 -0.00479028 0.992981 -51.8404 69.0464 -48.1447</i>
                <i>0.9924 -0.0377605 0.117113 0.0371454 0.999282 0.00743099 -0.11731 -0.0030243 0.993091 -51.8172 69.0499 -48.0867</i>
                <i>0.992492 -0.0376421 0.116372 0.0372933 0.999291 0.00517341 -0.116484 -0.000794666 0.993192 -51.7891 69.0329 -48.0333</i>
                <i>0.992578 -0.0374839 0.115688 0.0374475 0.999295 0.00248878 -0.1157 0.00186192 0.993282 -51.7565 68.9967 -47.9841</i>
                <i>0.992658 -0.0372911 0.115062 0.0376082 0.999292 -0.000585742 -0.114959 0.00490872 0.993358 -51.7195 68.9428 -47.9386</i>
                <i>0.992732 -0.0370684 0.114495 0.0377756 0.999278 -0.00401299 -0.114263 0.00830893 0.993416 -51.6784 68.8726 -47.8966</i>
                <i>0.992843 -0.0348717 0.114225 0.0359744 0.999324 -0.00760621 -0.113883 0.011661 0.993426 -51.6333 68.7874 -47.8576</i>
                <i>0.992949 -0.0307121 0.114492 0.0322025 0.999419 -0.0111899 -0.114082 0.0147979 0.993361 -51.5847 68.6886 -47.8211</i>
                <i>0.992943 -0.0275197 0.115357 0.0294128 0.999459 -0.0147403 -0.114888 0.0180293 0.993215 -51.5327 68.5775 -47.7868</i>
                <i>0.992845 -0.0257342 0.116602 0.0280615 0.999438 -0.0183617 -0.116063 0.0215023 0.993009 -51.4776 68.4554 -47.7542</i>
                <i>0.992737 -0.0238509 0.117918 0.0266423 0.9994 -0.0221525 -0.117318 0.0251332 0.992776 -51.4197 68.3235 -47.7228</i>
                <i>0.992617 -0.0218838 0.119301 0.0251661 0.999343 -0.0260759 -0.118652 0.0288858 0.992516 -51.3593 68.1831 -47.6922</i>
                <i>0.992485 -0.019847 0.120749 0.0236441 0.999267 -0.0300948 -0.120064 0.0327236 0.992227 -51.2965 68.0353 -47.662</i>
                <i>0.992339 -0.0177551 0.12226 0.0220874 0.999172 -0.034172 -0.121552 0.0366106 0.99191 -51.2318 67.8896 -47.6322</i>
                <i>0.99218 -0.0156228 0.12383 0.0205074 0.999057 -0.0382705 -0.123116 0.0405106 0.991565 -51.1654 67.7553 -47.6027</i>
                <i>0.992007 -0.0134652 0.125461 0.0189155 0.998924 -0.0423531 -0.124755 0.0443878 0.991194 -51.0975 67.6337 -47.5736</i>
                <i>0.991819 -0.0112977 0.127149 0.0173231 0.998774 -0.0463828 -0.126469 0.048206 0.990798 -51.0285 67.5259 -47.5445</i>
                <i>0.991616 -0.0091362 0.128897 0.0157419 0.998609 -0.0503224 -0.128258 0.0519296 0.99038 -50.9586 67.4331 -47.5155</i>
                <i>0.991397 -0.00699677 0.130705 0.0141835 0.998433 -0.0541348 -0.130121 0.0555229 0.989942 -50.8879 67.3563 -47.4862</i>
                <i>0.991161 -0.00489595 0.132574 0.0126598 0.998249 -0.0577829 -0.132058 0.0589505 0.989487 -50.8167 67.2966 -47.4567</i>
                <i>0.990909 -0.00285071 0.134505 0.0111825 0.998061 -0.0612295 -0.13407 0.0621769 0.989019 -50.7453 67.255 -47.4266</i>
                <i>0.990639 -0.000878448 0.136503 0.00976387 0.997874 -0.0644374 -0.136156 0.065167 0.988542 -50.6738 67.2324 -47.3958</i>
                <i>0.990352 0.00100299 0.13857 0.00841586 0.997693 -0.0673694 -0.138317 0.0678856 0.988059 -50.6025 67.2297 -47.3641</i>
                <i>0.990047 0.00277527 0.140708 0.00715071 0.997522 -0.0699882 -0.140554 0.0702978 0.987574 -50.5314 67.248 -47.3313</i>
                <i>0.989724 0.00441952 0.142924 0.00598074 0.997368 -0.0722566 -0.142867 0.0723688 0.987093 -50.4758 67.289 -47.2867</i>
                <i>0.989382 0.00591635 0.145219 0.00491835 0.997236 -0.074137 -0.145257 0.074064 0.986618 -50.45 67.3547 -47.2207</i>
                <i>0.989021 0.00724574 0.1476 0.00397606 0.997131 -0.0755919 -0.147724 0.0753488 0.986154 -50.453 67.4462 -47.1337</i>
                <i>0.98864 0.00838709 0.15007 0.00316644 0.997058 -0.0765837 -0.150271 0.0761888 0.985705 -50.4839 67.5554 -47.0253</i>
                <i>0.988239 0.00931909 0.152633 0.00250218 0.997022 -0.0770744 -0.152897 0.0765498 0.985273 -50.5419 67.6755 -46.8953</i>
                <i>0.987818 0.0100197 0.155294 0.00199605 0.997027 -0.0770259 -0.155604 0.0763975 0.984861 -50.6257 67.8091 -46.7442</i>
                <i>0.987375 0.0104662 0.158056 0.00166086 0.997076 -0.0764 -0.158393 0.0756979 0.98447 -50.7346 67.9588 -46.5725</i>
                <i>0.98691 0.0106349 0.160922 0.00150955 0.997171 -0.075158 -0.161266 0.0744171 0.984101 -50.8673 68.1271 -46.3808</i>
                <i>0.986402 0.0104459 0.16402 0.00166238 0.997293 -0.0735121 -0.164344 0.0727851 0.983714 -51.007 68.3148 -46.1773</i>
                <i>0.985829 0.00983151 0.167464 0.00223298 0.997424 -0.071702 -0.167738 0.0710598 0.983267 -51.1377 68.5211 -45.9698</i>
                <i>0.985191 0.00878462 0.171237 0.00322469 0.997561 -0.0697288 -0.171432 0.0692483 0.982759 -51.2598 68.7466 -45.7587</i>
                <i>0.984485 0.00729783 0.175318 0.00464122 0.997702 -0.067593 -0.175409 0.0673579 0.982189 -51.3733 68.9916 -45.5441</i>
                <i>0.98369 0.00443147 0.17982 0.00741245 0.997849 -0.06514 -0.179722 0.0654105 0.98154 -51.4778 69.2568 -45.325</i>
                <i>0.982775 -0.00048775 0.184804 0.0122022 0.997986 -0.0622567 -0.184401 0.0634393 0.980802 -51.5727 69.5427 -45.1008</i>
                <i>0.981726 -0.0070669 0.190169 0.0186148 0.998084 -0.0590068 -0.189387 0.0614684 0.979977 -51.6585 69.8498 -44.8718</i>
                <i>0.980528 -0.0149106 0.195815 0.0262534 0.998116 -0.0554589 -0.194619 0.0595198 0.979071 -51.7355 70.1757 -44.6381</i>
                <i>0.979173 -0.0236202 0.201649 0.0347204 0.99806 -0.0516884 -0.200036 0.0576132 0.978093 -51.8041 70.5169 -44.3997</i>
                <i>0.977666 -0.0327937 0.207588 0.0436173 0.997905 -0.0477783 -0.205586 0.0557657 0.977049 -51.8646 70.8723 -44.1569</i>
                <i>0.976024 -0.0420257 0.213567 0.0525457 0.997657 -0.0438206 -0.211225 0.053992 0.975945 -51.9176 71.2408 -43.9099</i>
                <i>0.974276 -0.0509086 0.219534 0.0611079 0.997333 -0.0399168 -0.216916 0.0523053 0.974788 -51.9633 71.621 -43.6588</i>
                <i>0.972464 -0.0590329 0.225454 0.0689078 0.996967 -0.0361778 -0.222634 0.0507171 0.973582 -52.0023 72.0118 -43.404</i>
                <i>0.970594 -0.0665103 0.231354 0.0760325 0.996576 -0.0324787 -0.228401 0.049114 0.972327 -52.0349 72.4117 -43.1457</i>
                <i>0.968646 -0.073785 0.237235 0.0828939 0.996147 -0.0286391 -0.234207 0.0474065 0.97103 -52.0619 72.8195 -42.8842</i>
                <i>0.966636 -0.0809444 0.243029 0.0895842 0.995673 -0.024693 -0.239979 0.0456407 0.969705 -52.0836 73.2337 -42.6197</i>
                <i>0.964576 -0.0880741 0.248668 0.096195 0.995148 -0.0206727 -0.245641 0.043861 0.968368 -52.1007 73.6527 -42.3526</i>
                <i>0.962481 -0.0952573 0.254081 0.102817 0.994562 -0.0166093 -0.251117 0.0421099 0.96704 -52.1138 74.0751 -42.0833</i>
                <i>0.960363 -0.102575 0.259194 0.109539 0.993903 -0.0125321 -0.256329 0.0404274 0.965744 -52.1238 74.498 -41.812</i>
                <i>0.958236 -0.110104 0.263935 0.11645 0.99316 -0.00846945 -0.261197 0.0388509 0.964503 -52.1314 74.9194 -41.5393</i>
                <i>0.956112 -0.11792 0.268227 0.123633 0.992318 -0.00444817 -0.265642 0.0374147 0.963346 -52.1272 75.3374 -41.2712</i>
                <i>0.954003 -0.126093 0.271992 0.131172 0.99136 -0.0004944 -0.269579 0.0361493 0.9623 -52.102 75.7501 -41.0134</i>
                <i>0.95192 -0.13469 0.275149 0.139143 0.990267 0.0033662 -0.272924 0.0350806 0.961396 -52.0573 76.1564 -40.7656</i>
                <i>0.949874 -0.143769 0.277616 0.147617 0.989019 0.00710792 -0.275589 0.0342291 0.960666 -51.9946 76.5554 -40.5279</i>
                <i>0.947872 -0.153385 0.279306 0.156659 0.987595 0.0107044 -0.277483 0.0336092 0.960142 -51.9154 76.9458 -40.3005</i>
                <i>0.945876 -0.163274 0.280463 0.16599 0.986025 0.014214 -0.278865 0.0331093 0.959759 -51.8214 77.3265 -40.0834</i>
                <i>0.943848 -0.173125 0.281385 0.175277 0.98436 0.0177069 -0.28005 0.0326077 0.959431 -51.7143 77.6964 -39.8768</i>
                <i>0.941798 -0.182912 0.282064 0.184496 0.982605 0.0211737 -0.281031 0.0320983 0.959162 -51.5958 78.054 -39.6811</i>
                <i>0.939734 -0.192606 0.282494 0.19362 0.980768 0.0246041 -0.2818 0.0315751 0.958953 -51.4677 78.3982 -39.4967</i>
                <i>0.937668 -0.202178 0.28267 0.202622 0.978857 0.0279871 -0.282352 0.0310326 0.958809 -51.3318 78.7276 -39.324</i>
                <i>0.935612 -0.2116 0.282587 0.211477 0.976881 0.0313112 -0.282679 0.0304655 0.95873 -51.1903 79.0393 -39.1636</i>
                <i>0.933578 -0.220842 0.282243 0.220156 0.974852 0.0345644 -0.282778 0.0298689 0.95872 -51.0453 79.3302 -39.0159</i>
                <i>0.931579 -0.229873 0.281635 0.228632 0.972781 0.037734 -0.282644 0.0292385 0.958779 -50.8988 79.5982 -38.8818</i>
                <i>0.92963 -0.238662 0.280763 0.236876 0.970682 0.0408072 -0.282271 0.0285706 0.958909 -50.753 79.8412 -38.7619</i>
                <i>0.927746 -0.247177 0.279627 0.244861 0.96857 0.0437704 -0.281657 0.027862 0.959111 -50.6096 80.0618 -38.6573</i>
                <i>0.925941 -0.255389 0.278226 0.252559 0.966458 0.04661 -0.280798 0.0271104 0.959384 -50.4702 80.2614 -38.5687</i>
                <i>0.924232 -0.263264 0.276563 0.25994 0.964365 0.0493118 -0.27969 0.0263142 0.95973 -50.3355 80.4365 -38.4932</i>
                <i>0.922635 -0.270771 0.274639 0.266976 0.962307 0.0518616 -0.27833 0.0254728 0.960148 -50.2063 80.5834 -38.4277</i>
                <i>0.921168 -0.277879 0.272457 0.273639 0.960302 0.0542448 -0.276714 0.0245864 0.960638 -50.0851 80.6987 -38.3728</i>
                <i>0.919847 -0.284555 0.270018 0.279902 0.958368 0.0564465 -0.274838 0.0236562 0.961199 -49.9743 80.779 -38.3294</i>
                <i>0.91869 -0.290769 0.267324 0.285735 0.956524 0.0584519 -0.272698 0.0226846 0.961832 -49.8762 80.8208 -38.2981</i>
                <i>0.917714 -0.296488 0.264378 0.291111 0.954791 0.0602458 -0.270288 0.021675 0.962536 -49.7929 80.8231 -38.2796</i>
                <i>0.916936 -0.301683 0.261181 0.296003 0.953185 0.0618127 -0.267602 0.020632 0.963309 -49.7265 80.784 -38.2745</i>
                <i>0.916373 -0.306323 0.257734 0.300383 0.951727 0.0631374 -0.264633 0.0195614 0.964151 -49.6786 80.7055 -38.2833</i>
                <i>0.916062 -0.310263 0.254103 0.304092 0.950473 0.0642617 -0.261456 0.0184031 0.96504 -49.6576 80.5887 -38.3078</i>
                <i>0.916026 -0.313396 0.250357 0.307008 0.949468 0.0652376 -0.258152 0.0171023 0.965953 -49.6694 80.4307 -38.3495</i>
                <i>0.915846 -0.317413 0.245915 0.310191 0.948193 0.0686463 -0.254964 0.0134113 0.966857 -49.7109 80.2318 -38.4081</i>
                <i>0.915347 -0.322995 0.240445 0.314101 0.946379 0.0755448 -0.251953 0.00637415 0.967719 -49.779 79.9918 -38.4831</i>
                <i>0.914889 -0.328709 0.234368 0.317895 0.944429 0.0836452 -0.248838 -0.00202192 0.968543 -49.8707 79.711 -38.5738</i>
                <i>0.914823 -0.333205 0.228197 0.32078 0.942804 0.0906662 -0.245355 -0.00974265 0.969384 -49.9823 79.3911 -38.6794</i>
                <i>0.915481 -0.33522 0.222537 0.322009 0.942025 0.0943371 -0.241259 -0.0147051 0.970349 -50.1104 79.034 -38.7989</i>
                <i>0.91716 -0.333572 0.218054 0.320862 0.942609 0.0923915 -0.236359 -0.0147725 0.971554 -50.2515 78.6405 -38.9314</i>
                <i>0.919545 -0.329375 0.214357 0.317981 0.944129 0.0866516 -0.230921 -0.0115186 0.972904 -50.4021 78.2114 -39.0758</i>
                <i>0.922136 -0.32452 0.210599 0.314484 0.945845 0.0804806 -0.225311 -0.00798421 0.974254 -50.5579 77.7531 -39.2307</i>
                <i>0.924912 -0.319035 0.206773 0.310382 0.947734 0.0739181 -0.219548 -0.00418906 0.975593 -50.7149 77.2725 -39.395</i>
                <i>0.92785 -0.312946 0.202875 0.305689 0.949771 0.0670053 -0.213654 -0.000154135 0.976909 -50.8697 76.7695 -39.5674</i>
                <i>0.930929 -0.306286 0.198899 0.300422 0.951931 0.0597847 -0.207649 0.00409833 0.978195 -51.0184 76.2471 -39.7467</i>
                <i>0.934123 -0.299084 0.19484 0.294599 0.954189 0.0523004 -0.201556 0.00854455 0.97944 -51.1572 75.7118 -39.9317</i>
                <i>0.93741 -0.291374 0.190694 0.288241 0.956519 0.0445979 -0.195397 0.0131591 0.980636 -51.2891 75.1707 -40.1191</i>
                <i>0.940764 -0.283191 0.186457 0.281371 0.958896 0.0367243 -0.189193 0.0179147 0.981776 -51.4187 74.6307 -40.305</i>
                <i>0.94416 -0.274573 0.182129 0.274015 0.961296 0.0287283 -0.182968 0.0227819 0.982855 -51.5445 74.0986 -40.4881</i>
                <i>0.947575 -0.265558 0.177708 0.266201 0.963696 0.0206598 -0.176743 0.0277294 0.983866 -51.6654 73.5692 -40.6672</i>
                <i>0.950985 -0.256186 0.173196 0.257961 0.966074 0.0125702 -0.17054 0.0327237 0.984807 -51.78 73.035 -40.8412</i>
                <i>0.954366 -0.246499 0.168594 0.249329 0.968408 0.00451209 -0.16438 0.0377291 0.985675 -51.8864 72.499 -41.0091</i>
                <i>0.957697 -0.236541 0.163907 0.24034 0.970683 -0.00346067 -0.158283 0.0427077 0.98647 -51.9829 71.9641 -41.1699</i>
                <i>0.960956 -0.226356 0.159141 0.231035 0.97288 -0.0112934 -0.152269 0.0476196 0.987191 -52.0678 71.4332 -41.3226</i>
                <i>0.964126 -0.215991 0.154304 0.221454 0.974987 -0.0189306 -0.146356 0.0524227 0.987842 -52.1393 70.9092 -41.4665</i>
                <i>0.967187 -0.205493 0.149406 0.211641 0.976993 -0.0263159 -0.140561 0.0570728 0.988426 -52.1957 70.3948 -41.6009</i>
                <i>0.970125 -0.194909 0.144458 0.201642 0.97889 -0.033393 -0.1349 0.0615243 0.988947 -52.2352 69.893 -41.7253</i>
                <i>0.972926 -0.18429 0.139474 0.191506 0.980672 -0.0401047 -0.129387 0.065729 0.989413 -52.2562 69.4065 -41.8393</i>
                <i>0.975579 -0.173689 0.134453 0.18123 0.982367 -0.0459457 -0.124102 0.0691905 0.989854 -52.2568 68.938 -41.9424</i>
                <i>0.978076 -0.163162 0.1294 0.170835 0.984004 -0.0505159 -0.119088 0.0715145 0.990305 -52.2355 68.4901 -42.0345</i>
                <i>0.98041 -0.152758 0.12434 0.160401 0.985578 -0.0539181 -0.114311 0.0728061 0.990774 -52.1904 68.0653 -42.1154</i>
                <i>0.982575 -0.142525 0.119298 0.150009 0.987083 -0.0562546 -0.10974 0.0731702 0.991264 -52.1198 67.6663 -42.185</i>
                <i>0.984569 -0.132514 0.114301 0.139735 0.98851 -0.057629 -0.105351 0.0727116 0.991773 -52.0219 67.2953 -42.2432</i>
                <i>0.986389 -0.122775 0.109377 0.129653 0.989853 -0.0581454 -0.101128 0.071535 0.992298 -51.8951 66.9548 -42.29</i>
                <i>0.988055 -0.113025 0.104753 0.119598 0.991083 -0.0587375 -0.0971801 0.0705642 0.992762 -51.7408 66.6466 -42.3243</i>
                <i>0.989573 -0.103067 0.100607 0.109456 0.992168 -0.0601796 -0.0936169 0.0705642 0.993105 -51.5608 66.3723 -42.3452</i>
                <i>0.990934 -0.0930704 0.0968919 0.0993687 0.993096 -0.0623367 -0.0904213 0.0713996 0.993341 -51.3531 66.1338 -42.3527</i>
                <i>0.992131 -0.0831983 0.0935603 0.08948 0.993861 -0.0650738 -0.0875719 0.0729336 0.993485 -51.1159 65.9332 -42.3465</i>
                <i>0.993166 -0.0736084 0.0905684 0.0799286 0.994461 -0.0682555 -0.0850426 0.075028 0.993548 -50.8472 65.7722 -42.3267</i>
                <i>0.994044 -0.0644543 0.0878757 0.0708525 0.994903 -0.071745 -0.0828036 0.0775439 0.993544 -50.545 65.6527 -42.2928</i>
                <i>0.994777 -0.0559013 0.0853997 0.0622924 0.995303 -0.0741033 -0.0808561 0.0790361 0.993587 -50.2074 65.5764 -42.2446</i>
                <i>0.995382 -0.0481066 0.0830719 0.0543157 0.995765 -0.0741767 -0.0791517 0.0783462 0.993779 -49.8323 65.545 -42.1816</i>
                <i>0.995885 -0.0410638 0.0807924 0.0469482 0.996275 -0.0723367 -0.077521 0.0758321 0.994103 -49.4393 65.5485 -42.0991</i>
                <i>0.996313 -0.0347133 0.0784542 0.0401607 0.996811 -0.0689573 -0.0758103 0.0718538 0.99453 -49.051 65.5748 -41.9934</i>
                <i>0.99668 -0.0291127 0.0760362 0.0340399 0.997348 -0.0643302 -0.0739617 0.0667049 0.995028 -48.6694 65.6221 -41.8646</i>
                <i>0.996997 -0.0243137 0.0735215 0.0286668 0.997861 -0.0587458 -0.0719359 0.060677 0.995562 -48.2966 65.6887 -41.713</i>
                <i>0.997252 -0.0188933 0.0716355 0.0229945 0.998117 -0.0568664 -0.0704262 0.0583574 0.995808 -47.9334 65.7648 -41.5387</i>
                <i>0.997429 -0.0123196 0.0705881 0.0166371 0.998005 -0.0609064 -0.0696969 0.0619242 0.995644 -47.5812 65.8423 -41.3418</i>
                <i>0.997552 -0.00592884 0.0696728 0.0106411 0.997665 -0.0674585 -0.0691102 0.0680348 0.995286 -47.2426 65.9227 -41.1224</i>
                <i>0.997678 -0.001067 0.0681027 0.00564745 0.99773 -0.0671009 -0.0678766 0.0673297 0.995419 -46.9204 66.0074 -40.8809</i>
                <i>0.99785 0.00108601 0.065523 0.00280681 0.998237 -0.0592901 -0.0654719 0.0593466 0.996088 -46.6174 66.0981 -40.6173</i>
                <i>0.998076 -0.000445092 0.0620039 0.0037944 0.998539 -0.0539105 -0.0618893 0.054042 0.996619 -46.3365 66.1965 -40.332</i>
                <i>0.998304 -0.00432218 0.0580595 0.00739932 0.998573 -0.0528898 -0.0577481 0.0532297 0.996911 -46.0802 66.3024 -40.0252</i>
                <i>0.998495 -0.0085908 0.0541655 0.0113893 0.998604 -0.0515707 -0.0536468 0.05211 0.997199 -45.8508 66.4133 -39.6971</i>
                <i>0.998646 -0.0132237 0.0503213 0.0157416 0.998626 -0.0499738 -0.0495914 0.0506983 0.997482 -45.6505 66.5273 -39.3481</i>
                <i>0.998751 -0.0181933 0.0465268 0.0204328 0.998633 -0.0481202 -0.0455877 0.0490108 0.997757 -45.4824 66.6464 -38.9785</i>
                <i>0.998809 -0.0234721 0.0427812 0.0254392 0.998616 -0.0460309 -0.0416415 0.0470644 0.998024 -45.3492 66.7724 -38.5886</i>
                <i>0.998814 -0.0290318 0.0390846 0.0307359 0.998571 -0.0437277 -0.0377592 0.0448771 0.998279 -45.2329 66.9052 -38.1836</i>
                <i>0.998764 -0.0348447 0.0354366 0.036298 0.99849 -0.0412322 -0.0339464 0.0424675 0.998521 -45.1147 67.037 -37.7682</i>
                <i>0.998657 -0.0408818 0.0318379 0.0420995 0.998369 -0.0385666 -0.0302093 0.0398552 0.998749 -44.9958 67.1648 -37.3427</i>
                <i>0.998489 -0.047115 0.0282887 0.0481144 0.998202 -0.0357533 -0.0265533 0.0370604 0.99896 -44.8789 67.2962 -36.9077</i>
                <i>0.998259 -0.0535152 0.0247903 0.0543154 0.997984 -0.032815 -0.0229842 0.0341044 0.999154 -44.7663 67.4387 -36.4636</i>
                <i>0.997967 -0.0600541 0.0213439 0.0606756 0.997713 -0.0297746 -0.019507 0.0310091 0.999329 -44.6601 67.5998 -36.011</i>
                <i>0.997611 -0.0667022 0.0179518 0.0671668 0.997386 -0.0266552 -0.0161269 0.0277973 0.999483 -44.562 67.7872 -35.5505</i>
                <i>0.997193 -0.0734312 0.0146163 0.0737611 0.997 -0.0234802 -0.0128483 0.0244924 0.999617 -44.4736 68.0083 -35.0828</i>
                <i>0.996713 -0.0802117 0.0113408 0.0804296 0.996554 -0.0202733 -0.00967552 0.0211188 0.99973 -44.3962 68.2708 -34.6085</i>
                <i>0.996174 -0.0870154 0.00812869 0.0871437 0.99605 -0.0170581 -0.00661226 0.0177012 0.999821 -44.331 68.5822 -34.1284</i>
                <i>0.995577 -0.093813 0.0049847 0.093874 0.995488 -0.0138587 -0.00366208 0.0142653 0.999892 -44.2777 68.9258 -33.6427</i>
                <i>0.994927 -0.100576 0.00191364 0.100591 0.99487 -0.010699 -0.000827761 0.0108372 0.999941 -44.2366 69.2797 -33.1516</i>
                <i>0.994229 -0.107277 -0.00107866 0.107266 0.994201 -0.00760333 0.00188807 0.00744375 0.99997 -44.209 69.643 -32.6557</i>
                <i>0.993486 -0.113886 -0.00398575 0.113867 0.993485 -0.00459614 0.00448322 0.00411235 0.999982 -44.1963 70.0151 -32.1558</i>
                <i>0.992705 -0.120376 -0.00680074 0.120367 0.992728 -0.0017017 0.00695613 0.000870702 0.999975 -44.1999 70.3952 -31.6525</i>
