<?xml version="1.0" encoding="ISO-8859-1" ?>
<Animl Version="1">
    <ModellingPackage><![CDATA[Maya.2010]]></ModellingPackage>
    <SrcFile><![CDATA[anims\vehicles\red\~src\air\helicopter_mi8hip\mi8hip_exit.mb]]></SrcFile>
    <FramesPerSecond>30</FramesPerSecond>
    <TotalFrames>121</TotalFrames>
    <Skeleton>
        <RefFrame>
            <Name><![CDATA[mi8hip_ref_frame]]></Name>
            <Exclude>0</Exclude>
            <Additive>0</Additive>
            <IKPriority>0</IKPriority>
            <IKRotLimits>-1e+010 -1e+010 -1e+010 1e+010 1e+010 1e+010</IKRotLimits>
            <IKRotLimitOrder>0</IKRotLimitOrder>
            <KeyFrames count="121">
                <i>1 0 0 0 1 0 0 0 1 0 18 0</i>
                <i>1 0 0 0 1 0 0 0 1 0 17.6606 0</i>
                <i>1 0 0 0 1 0 0 0 1 0 17.3096 0</i>
                <i>1 0 0 0 1 0 0 0 1 0 16.9475 0</i>
                <i>1 0 0 0 1 0 0 0 1 0 16.5752 0</i>
                <i>1 0 0 0 1 0 0 0 1 0 16.1933 0</i>
                <i>1 0 0 0 1 0 0 0 1 0 15.8025 0</i>
                <i>1 0 0 0 1 0 0 0 1 0 15.4034 0</i>
                <i>1 0 0 0 1 0 0 0 1 0 14.9968 0</i>
                <i>1 0 0 0 1 0 0 0 1 0 14.5833 0</i>
                <i>1 0 0 0 1 0 0 0 1 0 14.1637 0</i>
                <i>1 0 0 0 1 0 0 0 1 0 13.7386 0</i>
                <i>1 0 0 0 1 0 0 0 1 0 13.3086 0</i>
                <i>1 0 0 0 1 0 0 0 1 0 12.8746 0</i>
                <i>1 0 0 0 1 0 0 0 1 0 12.4371 0</i>
                <i>1 0 0 0 1 0 0 0 1 0 11.9969 0</i>
                <i>1 0 0 0 1 0 0 0 1 0 11.5546 0</i>
                <i>1 0 0 0 1 0 0 0 1 0 11.111 0</i>
                <i>1 0 0 0 1 0 0 0 1 0 10.6667 0</i>
                <i>1 0 0 0 1 0 0 0 1 0 10.2223 0</i>
                <i>1 0 0 0 1 0 0 0 1 0 9.77869 0</i>
                <i>1 0 0 0 1 0 0 0 1 0 9.33642 0</i>
                <i>1 0 0 0 1 0 0 0 1 0 8.8962 0</i>
                <i>1 0 0 0 1 0 0 0 1 0 8.45873 0</i>
                <i>1 0 0 0 1 0 0 0 1 0 8.02469 0</i>
                <i>1 0 0 0 1 0 0 0 1 0 7.59476 0</i>
                <i>1 0 0 0 1 0 0 0 1 0 7.16964 0</i>
                <i>1 0 0 0 1 0 0 0 1 0 6.75 0</i>
                <i>1 0 0 0 1 0 0 0 1 0 6.33653 0</i>
                <i>1 0 0 0 1 0 0 0 1 0 5.92993 0</i>
                <i>1 0 0 0 1 0 0 0 1 0 5.53086 0</i>
                <i>1 0 0 0 1 0 0 0 1 0 5.14003 0</i>
                <i>1 0 0 0 1 0 0 0 1 0 4.75812 0</i>
                <i>1 0 0 0 1 0 0 0 1 0 4.3858 0</i>
                <i>1 0 0 0 1 0 0 0 1 0 4.02378 0</i>
                <i>1 0 0 0 1 0 0 0 1 0 3.67272 0</i>
                <i>1 0 0 0 1 0 0 0 1 0 3.33333 0</i>
                <i>1 0 0 0 1 0 0 0 1 0 3.00629 0</i>
                <i>1 0 0 0 1 0 0 0 1 0 2.69227 0</i>
                <i>1 0 0 0 1 0 0 0 1 0 2.39198 0</i>
                <i>1 0 0 0 1 0 0 0 1 0 2.10608 0</i>
                <i>1 0 0 0 1 0 0 0 1 0 1.83528 0</i>
                <i>1 0 0 0 1 0 0 0 1 0 1.58025 0</i>
                <i>1 0 0 0 1 0 0 0 1 0 1.34168 0</i>
                <i>1 0 0 0 1 0 0 0 1 0 1.12026 0</i>
                <i>1 0 0 0 1 0 0 0 1 0 0.916667 0</i>
                <i>1 0 0 0 1 0 0 0 1 0 0.731596 0</i>
                <i>1 0 0 0 1 0 0 0 1 0 0.565729 0</i>
                <i>1 0 0 0 1 0 0 0 1 0 0.419753 0</i>
                <i>1 0 0 0 1 0 0 0 1 0 0.294353 0</i>
                <i>1 0 0 0 1 0 0 0 1 0 0.190215 0</i>
                <i>1 0 0 0 1 0 0 0 1 0 0.108025 0</i>
                <i>1 0 0 0 1 0 0 0 1 0 0.0484683 0</i>
                <i>1 0 0 0 1 0 0 0 1 0 0.0122314 0</i>
                <i>1 0 0 0 1 0 0 0 1 0 0 0</i>
                <i>1 0 0 0 1 0 0 0 1 0 0 0</i>
                <i>1 0 0 0 1 0 0 0 1 0 0 0</i>
                <i>1 0 0 0 1 0 0 0 1 0 0 0</i>
                <i>1 0 0 0 1 0 0 0 1 0 0 0</i>
                <i>1 0 0 0 1 0 0 0 1 0 0 0</i>
                <i>1 0 0 0 1 0 0 0 1 0 0 0</i>
                <i>1 0 0 0 1 0 0 0 1 0 0 0</i>
                <i>1 0 0 0 1 0 0 0 1 0 0 0</i>
                <i>1 0 0 0 1 0 0 0 1 0 0 0</i>
                <i>1 0 0 0 1 0 0 0 1 0 0 0</i>
                <i>1 0 0 0 1 0 0 0 1 0 0 0</i>
                <i>1 0 0 0 1 0 0 0 1 0 0 0</i>
                <i>1 0 0 0 1 0 0 0 1 0 0 0</i>
                <i>1 0 0 0 1 0 0 0 1 0 0 0</i>
                <i>1 0 0 0 1 0 0 0 1 0 0 0</i>
                <i>1 0 0 0 1 0 0 0 1 0 0 0</i>
                <i>1 0 0 0 1 0 0 0 1 0 0 0</i>
                <i>1 0 0 0 1 0 0 0 1 0 0 0</i>
                <i>1 0 0 0 1 0 0 0 1 0 0 0</i>
                <i>1 0 0 0 1 0 0 0 1 0 0 0</i>
                <i>1 0 0 0 1 0 0 0 1 0 0 0</i>
                <i>1 0 0 0 1 0 0 0 1 0 0 0</i>
                <i>1 0 0 0 1 0 0 0 1 0 0 0</i>
                <i>1 0 0 0 1 0 0 0 1 0 0 0</i>
                <i>1 0 0 0 1 0 0 0 1 0 0 0</i>
                <i>1 0 0 0 1 0 0 0 1 0 0 0</i>
                <i>1 0 0 0 1 0 0 0 1 0 0 0</i>
                <i>1 0 0 0 1 0 0 0 1 0 0 0</i>
                <i>1 0 0 0 1 0 0 0 1 0 0 0</i>
                <i>1 0 0 0 1 0 0 0 1 0 0 0</i>
                <i>1 0 0 0 1 0 0 0 1 0 0 0</i>
                <i>1 0 0 0 1 0 0 0 1 0 0 0</i>
                <i>1 0 0 0 1 0 0 0 1 0 0 0</i>
                <i>1 0 0 0 1 0 0 0 1 0 0 0</i>
                <i>1 0 0 0 1 0 0 0 1 0 0 0</i>
                <i>1 0 0 0 1 0 0 0 1 0 0 0</i>
                <i>1 0 0 0 1 0 0 0 1 0 0 0</i>
                <i>1 0 0 0 1 0 0 0 1 0 0 0</i>
                <i>1 0 0 0 1 0 0 0 1 0 0 0</i>
                <i>1 0 0 0 1 0 0 0 1 0 0 0</i>
                <i>1 0 0 0 1 0 0 0 1 0 0 0</i>
                <i>1 0 0 0 1 0 0 0 1 0 0 0</i>
                <i>1 0 0 0 1 0 0 0 1 0 0 0</i>
                <i>1 0 0 0 1 0 0 0 1 0 0 0</i>
                <i>1 0 0 0 1 0 0 0 1 0 0 0</i>
                <i>1 0 0 0 1 0 0 0 1 0 0 0</i>
                <i>1 0 0 0 1 0 0 0 1 0 0 0</i>
                <i>1 0 0 0 1 0 0 0 1 0 0 0</i>
                <i>1 0 0 0 1 0 0 0 1 0 0 0</i>
                <i>1 0 0 0 1 0 0 0 1 0 0 0</i>
                <i>1 0 0 0 1 0 0 0 1 0 0 0</i>
                <i>1 0 0 0 1 0 0 0 1 0 0 0</i>
                <i>1 0 0 0 1 0 0 0 1 0 0 0</i>
                <i>1 0 0 0 1 0 0 0 1 0 0 0</i>
                <i>1 0 0 0 1 0 0 0 1 0 0 0</i>
                <i>1 0 0 0 1 0 0 0 1 0 0 0</i>
                <i>1 0 0 0 1 0 0 0 1 0 0 0</i>
                <i>1 0 0 0 1 0 0 0 1 0 0 0</i>
                <i>1 0 0 0 1 0 0 0 1 0 0 0</i>
                <i>1 0 0 0 1 0 0 0 1 0 0 0</i>
                <i>1 0 0 0 1 0 0 0 1 0 0 0</i>
                <i>1 0 0 0 1 0 0 0 1 0 0 0</i>
                <i>1 0 0 0 1 0 0 0 1 0 0 0</i>
                <i>1 0 0 0 1 0 0 0 1 0 0 0</i>
                <i>1 0 0 0 1 0 0 0 1 0 0 0</i>
                <i>1 0 0 0 1 0 0 0 1 0 0 0</i>
            </KeyFrames>
        </RefFrame>
        <Bones count="9">
            <i>
                <p>
                    <Name><![CDATA[mi8hip_root]]></Name>
                    <Exclude>0</Exclude>
                    <Additive>0</Additive>
                    <IKPriority>0</IKPriority>
                    <IKRotLimits>-1e+010 -1e+010 -1e+010 1e+010 1e+010 1e+010</IKRotLimits>
                    <IKRotLimitOrder>0</IKRotLimitOrder>
                    <KeyFrames count="121">
                        <i>1 0 0 0 0.999136 0.0415618 0 -0.0415618 0.999136 0 21.6309 0</i>
                        <i>0.999999 -0.0011076 -3.38813e-021 0.00110665 0.99914 0.0414479 -4.59079e-005 -0.0414479 0.999141 0 21.2915 0</i>
                        <i>0.999997 -0.00238984 -6.77626e-021 0.00238782 0.999151 0.0411172 -9.82634e-005 -0.0411171 0.999154 0 20.9404 0</i>
                        <i>0.999993 -0.00380928 -1.35525e-020 0.00380614 0.999169 0.0405857 -0.000154602 -0.0405854 0.999176 0 20.5784 0</i>
                        <i>0.999986 -0.0053285 0 0.00532426 0.999191 0.0398696 -0.000212445 -0.0398691 0.999205 0 20.2061 0</i>
                        <i>0.999976 -0.00691007 2.71051e-020 0.00690482 0.999216 0.0389851 -0.00026939 -0.0389842 0.99924 0 19.8242 0</i>
                        <i>0.999964 -0.00851658 0 0.00851045 0.999243 0.0379484 -0.00032319 -0.037947 0.99928 0 19.4333 0</i>
                        <i>0.999949 -0.0101106 2.71051e-020 0.0101038 0.999272 0.0367754 -0.000371821 -0.0367736 0.999324 0 19.0343 0</i>
                        <i>0.999932 -0.0116547 0 0.0116473 0.999302 0.0354825 -0.000413538 -0.0354801 0.99937 0 18.6277 0</i>
                        <i>0.999914 -0.0131114 0 0.0131038 0.999333 0.0340858 -0.000446914 -0.0340829 0.999419 0 18.2142 0</i>
                        <i>0.999896 -0.0144434 2.71051e-020 0.0144358 0.999364 0.0326014 -0.000470877 -0.032598 0.999468 0 17.7946 0</i>
                        <i>0.999878 -0.0156133 -2.71051e-020 0.0156058 0.999396 0.0310456 -0.000484723 -0.0310418 0.999518 0 17.3694 0</i>
                        <i>0.999862 -0.0165836 2.71051e-020 0.0165764 0.999429 0.0294343 -0.000488126 -0.0294303 0.999567 0 16.9395 0</i>
                        <i>0.99985 -0.0173168 5.42101e-020 0.0173102 0.999464 0.027784 -0.00048113 -0.0277798 0.999614 0 16.5055 0</i>
                        <i>0.999842 -0.0177757 2.71051e-020 0.0177697 0.999501 0.0261106 -0.000464135 -0.0261065 0.999659 0 16.068 0</i>
                        <i>0.999839 -0.0179228 0 0.0179175 0.999541 0.0244304 -0.000437863 -0.0244265 0.999702 0 15.6278 0</i>
                        <i>0.999843 -0.0177207 0 0.0177161 0.999584 0.0227596 -0.000403317 -0.0227561 0.999741 0 15.1855 0</i>
                        <i>0.999853 -0.017132 2.71051e-020 0.0171282 0.99963 0.0211144 -0.000361731 -0.0211113 0.999777 0 14.7419 0</i>
                        <i>0.99987 -0.0161389 0 0.0161359 0.999679 0.0195109 -0.000314884 -0.0195083 0.99981 0 14.2975 0</i>
                        <i>0.999891 -0.0147745 -2.71051e-020 0.0147722 0.999729 0.0179653 -0.000265428 -0.0179633 0.999839 0 13.8532 0</i>
                        <i>0.999914 -0.0130774 -1.35525e-020 0.0130756 0.999778 0.0164938 -0.000215696 -0.0164924 0.999864 0 13.4096 0</i>
                        <i>0.999939 -0.0110862 0 0.011085 0.999824 0.0151126 -0.000167541 -0.0151116 0.999886 0 12.9673 0</i>
                        <i>0.999961 -0.00883957 0 0.00883872 0.999865 0.0138379 -0.000122321 -0.0138373 0.999904 0 12.5271 0</i>
                        <i>0.99998 -0.00637607 0 0.00637556 0.999899 0.0126858 -8.08857e-005 -0.0126856 0.99992 0 12.0896 0</i>
                        <i>0.999993 -0.00373441 0 0.00373415 0.999925 0.0116726 -4.35904e-005 -0.0116726 0.999932 0 11.6556 0</i>
                        <i>1 -0.000953211 -8.47033e-022 0.000953155 0.999941 0.0108145 -1.03085e-005 -0.0108145 0.999942 0 11.2256 0</i>
                        <i>0.999998 0.00192885 0 -0.00192875 0.999947 0.0101276 1.95345e-005 -0.0101276 0.999949 0 10.8005 0</i>
                        <i>0.999988 0.0048731 3.38813e-021 -0.00487288 0.999942 0.00962807 4.69186e-005 -0.00962796 0.999954 0 10.3809 0</i>
                        <i>0.999969 0.00784088 6.77626e-021 -0.00784052 0.999923 0.00958905 7.51866e-005 -0.00958875 0.999954 0 9.9674 0</i>
                        <i>0.999942 0.0107935 0 -0.010793 0.99989 0.0101964 0.000110055 -0.0101958 0.999948 0 9.56079 0</i>
                        <i>0.999906 0.0136924 0 -0.0136915 0.999842 0.0113354 0.000155209 -0.0113343 0.999936 0 9.16173 0</i>
                        <i>0.999864 0.0164988 1.35525e-020 -0.0164974 0.999781 0.0128915 0.000212694 -0.0128898 0.999917 0 8.7709 0</i>
                        <i>0.999816 0.019174 0 -0.0191719 0.999707 0.01475 0.000282818 -0.0147473 0.999891 0 8.38898 0</i>
                        <i>0.999765 0.0216795 -2.71051e-020 -0.0216765 0.999624 0.0167963 0.000364137 -0.0167924 0.999859 0 8.01667 0</i>
                        <i>0.999713 0.0239767 -5.42101e-020 -0.0239724 0.999534 0.0189158 0.000453539 -0.0189104 0.999821 0 7.65465 0</i>
                        <i>0.999661 0.0260269 0 -0.0260212 0.999441 0.0209938 0.000546403 -0.0209867 0.99978 0 7.30359 0</i>
                        <i>0.999614 0.0277915 0 -0.0277842 0.999351 0.0229157 0.000636862 -0.0229068 0.999737 0 6.9642 0</i>
                        <i>0.999573 0.029232 5.42101e-020 -0.0292232 0.999271 0.0245669 0.00071814 -0.0245564 0.999698 0 6.63716 0</i>
                        <i>0.999541 0.0303097 -5.42101e-020 -0.0302996 0.999207 0.0258329 0.000782988 -0.0258211 0.999666 0 6.32314 0</i>
                        <i>0.99952 0.0309861 5.42101e-020 -0.0309751 0.999166 0.0265991 0.000824203 -0.0265864 0.999646 0 6.02284 0</i>
                        <i>0.99952 0.0309946 0 -0.0309835 0.999162 0.026751 0.000829137 -0.0267382 0.999642 0 5.73695 0</i>
                        <i>0.999545 0.0301761 0 -0.0301658 0.999202 0.026174 0.000789829 -0.0261621 0.999657 0 5.46615 0</i>
                        <i>0.999589 0.0286531 0 -0.0286443 0.999283 0.0247534 0.000709261 -0.0247432 0.999694 0 5.21112 0</i>
                        <i>0.999648 0.0265479 -5.42101e-020 -0.0265412 0.999394 0.0225307 0.000598143 -0.0225228 0.999746 0 4.97255 0</i>
                        <i>0.999712 0.023983 0 -0.0239784 0.999519 0.0196718 0.00047179 -0.0196662 0.999806 0 4.75112 0</i>
                        <i>0.999778 0.0210808 -2.71051e-020 -0.021078 0.999646 0.0162489 0.00034254 -0.0162453 0.999868 0 4.54754 0</i>
                        <i>0.999839 0.0179638 -1.35525e-020 -0.0179624 0.999763 0.0123339 0.000221564 -0.0123319 0.999924 0 4.36246 0</i>
                        <i>0.999891 0.0147545 0 -0.014754 0.999859 0.00799912 0.000118023 -0.00799825 0.999968 0 4.1966 0</i>
                        <i>0.999933 0.0115754 0 -0.0115753 0.999928 0.00331666 3.83916e-005 -0.00331644 0.999995 0 4.05062 0</i>
                        <i>0.999963 0.00854911 8.47033e-022 -0.0085491 0.999962 -0.00164121 -1.40309e-005 0.00164115 0.999999 0 3.92522 0</i>
                        <i>0.999983 0.00579823 -3.38813e-021 -0.00579809 0.99996 -0.00680222 -3.94408e-005 0.0068021 0.999977 0 3.82108 0</i>
                        <i>0.999994 0.00344532 0 -0.00344507 0.999921 -0.012094 -4.16678e-005 0.0120939 0.999927 0 3.73889 0</i>
                        <i>0.999999 0.00161295 1.69407e-021 -0.00161271 0.999847 -0.0174443 -2.81368e-005 0.0174443 0.999848 0 3.67934 0</i>
                        <i>1 0.000423663 0 -0.000423553 0.99974 -0.0227807 -9.65135e-006 0.0227807 0.99974 0 3.6431 0</i>
                        <i>1 0 0 0 0.999607 -0.0280311 0 0.0280311 0.999607 0 3.63087 0</i>
                        <i>1 0 0 0 0.999451 -0.033123 0 0.033123 0.999451 0 3.63087 0</i>
                        <i>1 0 0 0 0.999278 -0.0379845 0 0.0379845 0.999278 0 3.63087 0</i>
                        <i>1 0 0 0 0.999095 -0.0425433 0 0.0425433 0.999095 0 3.63087 0</i>
                        <i>1 0 0 0 0.998908 -0.0467274 0 0.0467274 0.998908 0 3.63087 0</i>
                        <i>1 0 0 0 0.998726 -0.0504649 0 0.0504649 0.998726 0 3.63087 0</i>
                        <i>1 0 0 0 0.998558 -0.053684 0 0.053684 0.998558 0 3.63087 0</i>
                        <i>1 0 0 0 0.998413 -0.0563128 0 0.0563128 0.998413 0 3.63087 0</i>
                        <i>1 0 0 0 0.9983 -0.0582794 0 0.0582794 0.9983 0 3.63087 0</i>
                        <i>1 0 0 0 0.998228 -0.0595121 0 0.0595121 0.998228 0 3.63087 0</i>
                        <i>1 0 0 0 0.998202 -0.059939 0 0.059939 0.998202 0 3.63087 0</i>
                        <i>1 0 0 0 0.998202 -0.059939 0 0.059939 0.998202 0 3.63087 0</i>
                        <i>1 0 0 0 0.998202 -0.059939 0 0.059939 0.998202 0 3.63087 0</i>
                        <i>1 0 0 0 0.998202 -0.059939 0 0.059939 0.998202 0 3.63087 0</i>
                        <i>1 0 0 0 0.998202 -0.059939 0 0.059939 0.998202 0 3.63087 0</i>
                        <i>1 0 0 0 0.998202 -0.059939 0 0.059939 0.998202 0 3.63087 0</i>
                        <i>1 0 0 0 0.998202 -0.059939 0 0.059939 0.998202 0 3.63087 0</i>
                        <i>1 0 0 0 0.998202 -0.059939 0 0.059939 0.998202 0 3.63087 0</i>
                        <i>1 0 0 0 0.998202 -0.059939 0 0.059939 0.998202 0 3.63087 0</i>
                        <i>1 0 0 0 0.998202 -0.059939 0 0.059939 0.998202 0 3.63087 0</i>
                        <i>1 0 0 0 0.998202 -0.059939 0 0.059939 0.998202 0 3.63087 0</i>
                        <i>1 0 0 0 0.998202 -0.059939 0 0.059939 0.998202 0 3.63087 0</i>
                        <i>1 0 0 0 0.998202 -0.059939 0 0.059939 0.998202 0 3.63087 0</i>
                        <i>1 0 0 0 0.998202 -0.059939 0 0.059939 0.998202 0 3.63087 0</i>
                        <i>1 0 0 0 0.998202 -0.059939 0 0.059939 0.998202 0 3.63087 0</i>
                        <i>1 0 0 0 0.998202 -0.059939 0 0.059939 0.998202 0 3.63087 0</i>
                        <i>1 0 0 0 0.998202 -0.059939 0 0.059939 0.998202 0 3.63087 0</i>
                        <i>1 0 0 0 0.998202 -0.059939 0 0.059939 0.998202 0 3.63087 0</i>
                        <i>1 0 0 0 0.998202 -0.059939 0 0.059939 0.998202 0 3.63087 0</i>
                        <i>1 0 0 0 0.998202 -0.059939 0 0.059939 0.998202 0 3.63087 0</i>
                        <i>1 0 0 0 0.998202 -0.059939 0 0.059939 0.998202 0 3.63087 0</i>
                        <i>1 0 0 0 0.998202 -0.059939 0 0.059939 0.998202 0 3.63087 0</i>
                        <i>1 0 0 0 0.998202 -0.059939 0 0.059939 0.998202 0 3.63087 0</i>
                        <i>1 0 0 0 0.998202 -0.059939 0 0.059939 0.998202 0 3.63087 0</i>
                        <i>1 0 0 0 0.998202 -0.059939 0 0.059939 0.998202 0 3.63087 0</i>
                        <i>1 0 0 0 0.998202 -0.059939 0 0.059939 0.998202 0 3.63087 0</i>
                        <i>1 0 0 0 0.998202 -0.059939 0 0.059939 0.998202 0 3.63087 0</i>
                        <i>1 0 0 0 0.998202 -0.059939 0 0.059939 0.998202 0 3.63087 0</i>
                        <i>1 0 0 0 0.998202 -0.059939 0 0.059939 0.998202 0 3.63087 0</i>
                        <i>1 0 0 0 0.998202 -0.059939 0 0.059939 0.998202 0 3.63087 0</i>
                        <i>1 0 0 0 0.998202 -0.059939 0 0.059939 0.998202 0 3.63087 0</i>
                        <i>1 0 0 0 0.998202 -0.059939 0 0.059939 0.998202 0 3.63087 0</i>
                        <i>1 0 0 0 0.998202 -0.059939 0 0.059939 0.998202 0 3.63087 0</i>
                        <i>1 0 0 0 0.998202 -0.059939 0 0.059939 0.998202 0 3.63087 0</i>
                        <i>1 0 0 0 0.998202 -0.059939 0 0.059939 0.998202 0 3.63087 0</i>
                        <i>1 0 0 0 0.998202 -0.059939 0 0.059939 0.998202 0 3.63087 0</i>
                        <i>1 0 0 0 0.998202 -0.059939 0 0.059939 0.998202 0 3.63087 0</i>
                        <i>1 0 0 0 0.998202 -0.059939 0 0.059939 0.998202 0 3.63087 0</i>
                        <i>1 0 0 0 0.998202 -0.059939 0 0.059939 0.998202 0 3.63087 0</i>
                        <i>1 0 0 0 0.998202 -0.059939 0 0.059939 0.998202 0 3.63087 0</i>
                        <i>1 0 0 0 0.998202 -0.059939 0 0.059939 0.998202 0 3.63087 0</i>
                        <i>1 0 0 0 0.998202 -0.059939 0 0.059939 0.998202 0 3.63087 0</i>
                        <i>1 0 0 0 0.998202 -0.059939 0 0.059939 0.998202 0 3.63087 0</i>
                        <i>1 0 0 0 0.998202 -0.059939 0 0.059939 0.998202 0 3.63087 0</i>
                        <i>1 0 0 0 0.998202 -0.059939 0 0.059939 0.998202 0 3.63087 0</i>
                        <i>1 0 0 0 0.998202 -0.059939 0 0.059939 0.998202 0 3.63087 0</i>
                        <i>1 0 0 0 0.998202 -0.059939 0 0.059939 0.998202 0 3.63087 0</i>
                        <i>1 0 0 0 0.998202 -0.059939 0 0.059939 0.998202 0 3.63087 0</i>
                        <i>1 0 0 0 0.998202 -0.059939 0 0.059939 0.998202 0 3.63087 0</i>
                        <i>1 0 0 0 0.998202 -0.059939 0 0.059939 0.998202 0 3.63087 0</i>
                        <i>1 0 0 0 0.998202 -0.059939 0 0.059939 0.998202 0 3.63087 0</i>
                        <i>1 0 0 0 0.998202 -0.059939 0 0.059939 0.998202 0 3.63087 0</i>
                        <i>1 0 0 0 0.998202 -0.059939 0 0.059939 0.998202 0 3.63087 0</i>
                        <i>1 0 0 0 0.998202 -0.059939 0 0.059939 0.998202 0 3.63087 0</i>
                        <i>1 0 0 0 0.998202 -0.059939 0 0.059939 0.998202 0 3.63087 0</i>
                        <i>1 0 0 0 0.998202 -0.059939 0 0.059939 0.998202 0 3.63087 0</i>
                        <i>1 0 0 0 0.998202 -0.059939 0 0.059939 0.998202 0 3.63087 0</i>
                    </KeyFrames>
                </p>
            </i>
            <i>
                <p>
                    <Name><![CDATA[rotor]]></Name>
                    <Exclude>0</Exclude>
                    <Additive>0</Additive>
                    <IKPriority>0</IKPriority>
                    <IKRotLimits>-1e+010 -1e+010 -1e+010 1e+010 1e+010 1e+010</IKRotLimits>
                    <IKRotLimitOrder>0</IKRotLimitOrder>
                    <KeyFrames count="121">
                        <i>-0.700297 -0.0296689 0.713235 0 0.999136 0.0415618 -0.713852 0.0291056 -0.699692 0 24.1936 0.106604</i>
                        <i>-0.411553 -0.03732 0.910622 0.00110665 0.99914 0.0414479 -0.911385 0.0180657 -0.411157 0.0028385 23.8542 0.106312</i>
                        <i>-0.0752981 -0.0408209 0.996325 0.00238782 0.999151 0.0411172 -0.997158 0.00547509 -0.0751368 0.00612461 23.5032 0.105463</i>
                        <i>0.267655 -0.0401231 0.962679 0.00380614 0.999169 0.0405857 -0.963507 -0.00719889 0.267585 0.00976253 23.1412 0.1041</i>
                        <i>0.57715 -0.0356298 0.81586 0.00532426 0.999191 0.0398696 -0.81662 -0.0186669 0.576873 0.0136564 22.769 0.102263</i>
                        <i>0.817963 -0.0280702 0.574586 0.00690482 0.999216 0.0389851 -0.57523 -0.027921 0.817515 0.0177105 22.3871 0.0999946</i>
                        <i>0.963341 -0.0183692 0.267649 0.00851045 0.999243 0.0379484 -0.268143 -0.0342794 0.962769 0.0218288 21.9963 0.0973354</i>
                        <i>0.99756 -0.00753209 -0.0694075 0.0101038 0.999272 0.0367754 0.06908 -0.037387 0.99691 0.0259155 21.5974 0.0943269</i>
                        <i>0.917317 0.00344517 -0.398142 0.0116473 0.999302 0.0354825 0.397986 -0.037186 0.916637 0.0298748 21.1908 0.0910107</i>
                        <i>0.731919 0.0136393 -0.681255 0.0131038 0.999333 0.0340858 0.681266 -0.0338751 0.731252 0.0336105 20.7774 0.0874282</i>
                        <i>0.462252 0.0222414 -0.88647 0.0144358 0.999364 0.0326014 0.886631 -0.027867 0.461637 0.0370269 20.3579 0.0836208</i>
                        <i>0.138656 0.0285863 -0.989928 0.0156058 0.999396 0.0310456 0.990218 -0.0197532 0.138126 0.0400279 19.9328 0.0796301</i>
                        <i>-0.202151 0.0321804 -0.978826 0.0165764 0.999429 0.0294343 0.979214 -0.0102752 -0.202569 0.0425174 19.503 0.0754974</i>
                        <i>-0.520844 0.0327338 -0.853024 0.0173102 0.999464 0.027784 0.853476 -0.000294851 -0.521132 0.0443995 19.069 0.0712643</i>
                        <i>-0.77967 0.0302007 -0.625462 0.0177697 0.999501 0.0261106 0.625939 0.00924338 -0.779817 0.0455782 18.6317 0.0669722</i>
                        <i>-0.946667 0.0248217 -0.321256 0.0179175 0.999541 0.0244304 0.321715 0.0173714 -0.946677 0.0459573 18.1915 0.0626627</i>
                        <i>-0.999552 0.0171569 0.0245356 0.0177161 0.999584 0.0227596 -0.0241349 0.0231841 -0.99944 0.0454409 17.7494 0.0583771</i>
                        <i>-0.928841 0.00809179 0.37039 0.0171282 0.99963 0.0211144 -0.370082 0.025956 -0.928636 0.0439328 17.3059 0.0541572</i>
                        <i>-0.739817 -0.00118985 0.672808 0.0161359 0.999679 0.0195109 -0.672615 0.0252908 -0.73956 0.0413876 16.8617 0.0500442</i>
                        <i>-0.45297 -0.00932679 0.891477 0.0147722 0.999729 0.0179653 -0.891403 0.0213068 -0.45271 0.0378897 16.4175 0.0460798</i>
                        <i>-0.102671 -0.0150656 0.994601 0.0130756 0.999778 0.0164938 -0.994629 0.0146985 -0.102451 0.0335383 15.9739 0.0423056</i>
                        <i>0.266073 -0.0175179 0.963794 0.011085 0.999824 0.0151126 -0.963889 0.00666257 0.26622 0.0284323 15.5318 0.0387629</i>
                        <i>0.602644 -0.0163692 0.797842 0.00883872 0.999865 0.0138379 -0.797961 -0.0012874 0.602708 0.0226708 15.0917 0.0354933</i>
                        <i>0.857316 -0.0119958 0.514651 0.00637556 0.999899 0.0126858 -0.514751 -0.00759457 0.857306 0.016353 14.6543 0.0325384</i>
                        <i>0.988558 -0.0054514 0.150743 0.00373415 0.999925 0.0116726 -0.150795 -0.0109762 0.988504 0.00957789 14.2203 0.0299396</i>
                        <i>0.971617 0.0016322 -0.236553 0.000953155 0.999941 0.0108145 0.236557 -0.010733 0.971558 0.00244479 13.7904 0.0277386</i>
                        <i>0.811102 0.00748799 -0.584857 -0.00192875 0.999947 0.0101276 0.584901 -0.00708646 0.811074 -0.00494712 13.3653 0.0259767</i>
                        <i>0.534266 0.0107421 -0.845248 -0.00487288 0.999942 0.00962807 0.845303 -0.00102516 0.534287 -0.0124987 12.9457 0.0246955</i>
                        <i>0.183053 0.0108625 -0.983043 -0.00784052 0.999923 0.00958905 0.983072 0.00595226 0.183125 -0.0201105 12.5321 0.0245954</i>
                        <i>-0.19211 0.00793356 -0.981341 -0.010793 0.99989 0.0101964 0.981314 0.0125504 -0.192003 -0.0276834 12.1255 0.0261531</i>
                        <i>-0.539009 0.00216828 -0.842297 -0.0136915 0.999842 0.0113354 0.842188 0.0176422 -0.538895 -0.0351179 11.7263 0.0290747</i>
                        <i>-0.810156 -0.00580989 -0.586186 -0.0164974 0.999781 0.0128915 0.585983 0.0201147 -0.810074 -0.0423148 11.3353 0.033066</i>
                        <i>-0.968507 -0.0149066 -0.248538 -0.0191719 0.999707 0.01475 0.248246 0.0190505 -0.96851 -0.0491749 10.9532 0.037833</i>
                        <i>-0.991958 -0.0235996 0.124349 -0.0216765 0.999624 0.0167963 -0.124699 0.0139658 -0.992096 -0.055599 10.5806 0.0430817</i>
                        <i>-0.876168 -0.0301176 0.481064 -0.0239724 0.999534 0.0189158 -0.481409 0.00504116 -0.876481 -0.0614879 10.2184 0.0485179</i>
                        <i>-0.635483 -0.0327493 0.77142 -0.0260212 0.999441 0.0209938 -0.771676 -0.00673207 -0.63598 -0.0667428 9.8671 0.0538479</i>
                        <i>-0.301753 -0.0302401 0.952906 -0.0277842 0.999351 0.0229157 -0.952981 -0.0195609 -0.302398 -0.071265 9.52748 0.0587774</i>
                        <i>0.0789837 -0.0221921 0.996629 -0.0292232 0.999271 0.0245669 -0.996448 -0.031065 0.0782776 -0.0749557 9.20023 0.0630127</i>
                        <i>0.451827 -0.00936167 0.892056 -0.0302996 0.999207 0.0258329 -0.891591 -0.0387009 0.451185 -0.0777167 8.88605 0.06626</i>
                        <i>0.760004 0.00625997 0.649888 -0.0309751 0.999166 0.0265991 -0.649179 -0.0403458 0.759565 -0.0794493 8.58565 0.0682253</i>
                        <i>0.952938 0.0214537 0.302404 -0.0309835 0.999162 0.026751 -0.301576 -0.0348616 0.952804 -0.0794709 8.29974 0.0686149</i>
                        <i>0.994532 0.0326236 -0.0992109 -0.0301658 0.999202 0.026174 0.0999856 -0.0230381 0.994722 -0.0773735 8.02904 0.0671348</i>
                        <i>0.870485 0.0371099 -0.490793 -0.0286443 0.999283 0.0247534 0.49136 -0.00748904 0.870924 -0.073471 7.77422 0.0634911</i>
                        <i>0.593392 0.0338891 -0.8042 -0.0265412 0.999394 0.0225307 0.804476 0.00797487 0.593932 -0.0680766 7.53593 0.05779</i>
                        <i>0.20421 0.0241597 -0.978629 -0.0239784 0.999519 0.0196718 0.978633 0.0194487 0.204691 -0.0615032 7.31483 0.0504571</i>
                        <i>-0.231073 0.0109414 -0.972875 -0.021078 0.999646 0.0162489 0.972708 0.024261 -0.230761 -0.0540639 7.11157 0.0416775</i>
                        <i>-0.630278 -0.00174606 -0.776368 -0.0179624 0.999763 0.0123339 0.776162 0.0217192 -0.630159 -0.0460726 6.9268 0.0316358</i>
                        <i>-0.909126 -0.0100838 -0.416398 -0.014754 0.999859 0.00799912 0.416259 0.0134157 -0.909147 -0.0378431 6.76118 0.0205173</i>
                        <i>-0.999081 -0.0117023 0.0412326 -0.0115753 0.999928 0.00331666 -0.0412685 0.00283633 -0.999144 -0.02969 6.61538 0.00850704</i>
                        <i>-0.865826 -0.00658119 0.500301 -0.0085491 0.999962 -0.00164121 -0.500272 -0.00569813 -0.86585 -0.021928 6.49007 -0.0042096</i>
                        <i>-0.523969 0.00275575 0.851733 -0.00579809 0.99996 -0.00680222 -0.851717 -0.00850258 -0.523932 -0.0148718 6.38592 -0.0174473</i>
                        <i>-0.042759 0.0119357 0.999014 -0.00344507 0.999921 -0.012094 -0.999079 -0.0039588 -0.0427145 -0.00883641 6.30363 -0.0310205</i>
                        <i>0.461836 0.0162172 0.886817 -0.00161271 0.999847 -0.0174443 -0.886964 0.00662622 0.461791 -0.0041365 6.24389 -0.0447436</i>
                        <i>0.850896 0.0123278 0.525189 -0.000423553 0.99974 -0.0227807 -0.525333 0.0191616 0.850681 -0.00108639 6.20738 -0.0584313</i>
                        <i>1 0 0 0 0.999607 -0.0280311 0 0.0280311 0.999607 0 6.1948 -0.0718981</i>
                        <i>0.834347 -0.0182587 -0.550937 0 0.999451 -0.033123 0.551239 0.0276361 0.833889 0 6.1944 -0.0849587</i>
                        <i>0.351996 -0.0355535 -0.935326 0 0.999278 -0.0379845 0.936002 0.0133704 0.351742 0 6.19396 -0.097428</i>
                        <i>-0.302873 -0.040545 -0.952168 0 0.999095 -0.0425433 0.953031 -0.0128852 -0.302599 0 6.19349 -0.109121</i>
                        <i>-0.847921 -0.0247713 -0.529544 0 0.998908 -0.0467274 0.530123 -0.0396211 -0.846995 0 6.19301 -0.119853</i>
                        <i>-0.983969 0.00899991 0.178113 0 0.998726 -0.0504649 -0.17834 -0.0496559 -0.982715 0 6.19254 -0.12944</i>
                        <i>-0.58346 0.043599 0.810971 0 0.998558 -0.053684 -0.812142 -0.0313224 -0.582618 0 6.19211 -0.137696</i>
                        <i>0.171915 0.0554744 0.983549 0 0.998413 -0.0563128 -0.985112 0.00968098 0.171642 0 6.19174 -0.144439</i>
                        <i>0.837415 0.0318536 0.545639 0 0.9983 -0.0582794 -0.546568 0.048804 0.835992 0 6.19145 -0.149483</i>
                        <i>0.965799 -0.0154309 -0.258831 0 0.998228 -0.0595121 0.25929 0.0574768 0.964088 0 6.19127 -0.152645</i>
                        <i>0.435345 -0.0539609 -0.898645 0 0.998202 -0.059939 0.900264 0.0260941 0.434562 0 6.1912 -0.15374</i>
                        <i>-0.409569 -0.0546811 -0.910639 0 0.998202 -0.059939 0.912279 -0.0245491 -0.408832 0 6.1912 -0.15374</i>
                        <i>-0.965006 -0.0157176 -0.261755 0 0.998202 -0.059939 0.262226 -0.0578415 -0.963271 0 6.1912 -0.15374</i>
                        <i>-0.810371 0.0351193 0.584864 0 0.998202 -0.059939 -0.585917 -0.0485728 -0.808914 0 6.1912 -0.15374</i>
                        <i>-0.0488039 0.0598676 0.997013 0 0.998202 -0.059939 -0.998808 -0.00292526 -0.0487162 0 6.1912 -0.15374</i>
                        <i>0.750309 0.0396249 0.659899 0 0.998202 -0.059939 -0.661088 0.0449728 0.74896 0 6.1912 -0.15374</i>
                        <i>0.985031 -0.0103322 -0.172069 0 0.998202 -0.059939 0.172379 0.0590418 0.98326 0 6.1912 -0.15374</i>
                        <i>0.48565 -0.0523959 -0.872582 0 0.998202 -0.059939 0.874154 0.0291094 0.484776 0 6.1912 -0.15374</i>
                        <i>-0.366301 -0.055773 -0.928823 0 0.998202 -0.059939 0.930496 -0.0219557 -0.365643 0 6.1912 -0.15374</i>
                        <i>-0.947599 -0.0191483 -0.318888 0 0.998202 -0.059939 0.319463 -0.0567981 -0.945895 0 6.1912 -0.15374</i>
                        <i>-0.862465 0.0303361 0.505206 0 0.998202 -0.059939 -0.506116 -0.0516953 -0.860915 0 6.1912 -0.15374</i>
                        <i>-0.200902 0.0587169 0.97785 0 0.998202 -0.059939 -0.979611 -0.0120419 -0.200541 0 6.1912 -0.15374</i>
                        <i>0.576416 0.0489796 0.815687 0 0.998202 -0.059939 -0.817157 0.0345498 0.575379 0 6.1912 -0.15374</i>
                        <i>0.986532 0.00980403 0.163273 0 0.998202 -0.059939 -0.163567 0.0591318 0.984758 0 6.1912 -0.15374</i>
                        <i>0.825242 -0.0338523 -0.563764 0 0.998202 -0.059939 0.56478 0.0494642 0.823758 0 6.1912 -0.15374</i>
                        <i>0.23487 -0.0582623 -0.970279 0 0.998202 -0.059939 0.972027 0.0140779 0.234448 0 6.1912 -0.15374</i>
                        <i>-0.446015 -0.0536469 -0.893416 0 0.998202 -0.059939 0.895025 -0.0267337 -0.445213 0 6.1912 -0.15374</i>
                        <i>-0.901973 -0.0258812 -0.431015 0 0.998202 -0.059939 0.431792 -0.0540634 -0.900352 0 6.1912 -0.15374</i>
                        <i>-0.984741 0.010431 0.173714 0 0.998202 -0.059939 -0.174027 -0.0590244 -0.98297 0 6.1912 -0.15374</i>
                        <i>-0.730004 0.0409649 0.682214 0 0.998202 -0.059939 -0.683443 -0.0437557 -0.728692 0 6.1912 -0.15374</i>
                        <i>-0.283896 0.0574728 0.957131 0 0.998202 -0.059939 -0.958855 -0.0170164 -0.283385 0 6.1912 -0.15374</i>
                        <i>0.191128 0.058834 0.9798 0 0.998202 -0.059939 -0.981565 0.011456 0.190785 0 6.1912 -0.15374</i>
                        <i>0.580174 0.0488199 0.813028 0 0.998202 -0.059939 -0.814493 0.034775 0.57913 0 6.1912 -0.15374</i>
                        <i>0.835366 0.0329481 0.548705 0 0.998202 -0.059939 -0.549694 0.050071 0.833864 0 6.1912 -0.15374</i>
                        <i>0.963197 0.0161113 0.268312 0 0.998202 -0.059939 -0.268795 0.0577331 0.961466 0 6.1912 -0.15374</i>
                        <i>0.999674 0.00152937 0.0254696 0 0.998202 -0.059939 -0.0255155 0.0599195 0.997877 0 6.1912 -0.15374</i>
                        <i>0.988067 -0.00923218 -0.153749 0 0.998202 -0.059939 0.154026 0.0592237 0.98629 0 6.1912 -0.15374</i>
                        <i>0.965064 -0.0157048 -0.261542 0 0.998202 -0.059939 0.262013 0.057845 0.963329 0 6.1912 -0.15374</i>
                        <i>0.954551 -0.0178647 -0.297512 0 0.998202 -0.059939 0.298048 0.0572148 0.952835 0 6.1912 -0.15374</i>
                        <i>0.954551 -0.0178647 -0.297512 0 0.998202 -0.059939 0.298048 0.0572148 0.952835 0 6.1912 -0.15374</i>
                        <i>0.954551 -0.0178647 -0.297512 0 0.998202 -0.059939 0.298048 0.0572148 0.952835 0 6.1912 -0.15374</i>
                        <i>0.954551 -0.0178647 -0.297512 0 0.998202 -0.059939 0.298048 0.0572148 0.952835 0 6.1912 -0.15374</i>
                        <i>0.954551 -0.0178647 -0.297512 0 0.998202 -0.059939 0.298048 0.0572148 0.952835 0 6.1912 -0.15374</i>
                        <i>0.954551 -0.0178647 -0.297512 0 0.998202 -0.059939 0.298048 0.0572148 0.952835 0 6.1912 -0.15374</i>
                        <i>0.954551 -0.0178647 -0.297512 0 0.998202 -0.059939 0.298048 0.0572148 0.952835 0 6.1912 -0.15374</i>
                        <i>0.954551 -0.0178647 -0.297512 0 0.998202 -0.059939 0.298048 0.0572148 0.952835 0 6.1912 -0.15374</i>
                        <i>0.954551 -0.0178647 -0.297512 0 0.998202 -0.059939 0.298048 0.0572148 0.952835 0 6.1912 -0.15374</i>
                        <i>0.954551 -0.0178647 -0.297512 0 0.998202 -0.059939 0.298048 0.0572148 0.952835 0 6.1912 -0.15374</i>
                        <i>0.954551 -0.0178647 -0.297512 0 0.998202 -0.059939 0.298048 0.0572148 0.952835 0 6.1912 -0.15374</i>
                        <i>0.954551 -0.0178647 -0.297512 0 0.998202 -0.059939 0.298048 0.0572148 0.952835 0 6.1912 -0.15374</i>
                        <i>0.954551 -0.0178647 -0.297512 0 0.998202 -0.059939 0.298048 0.0572148 0.952835 0 6.1912 -0.15374</i>
                        <i>0.954551 -0.0178647 -0.297512 0 0.998202 -0.059939 0.298048 0.0572148 0.952835 0 6.1912 -0.15374</i>
                        <i>0.954551 -0.0178647 -0.297512 0 0.998202 -0.059939 0.298048 0.0572148 0.952835 0 6.1912 -0.15374</i>
                        <i>0.954551 -0.0178647 -0.297512 0 0.998202 -0.059939 0.298048 0.0572148 0.952835 0 6.1912 -0.15374</i>
                        <i>0.954551 -0.0178647 -0.297512 0 0.998202 -0.059939 0.298048 0.0572148 0.952835 0 6.1912 -0.15374</i>
                        <i>0.954551 -0.0178647 -0.297512 0 0.998202 -0.059939 0.298048 0.0572148 0.952835 0 6.1912 -0.15374</i>
                        <i>0.954551 -0.0178647 -0.297512 0 0.998202 -0.059939 0.298048 0.0572148 0.952835 0 6.1912 -0.15374</i>
                        <i>0.954551 -0.0178647 -0.297512 0 0.998202 -0.059939 0.298048 0.0572148 0.952835 0 6.1912 -0.15374</i>
                        <i>0.954551 -0.0178647 -0.297512 0 0.998202 -0.059939 0.298048 0.0572148 0.952835 0 6.1912 -0.15374</i>
                        <i>0.954551 -0.0178647 -0.297512 0 0.998202 -0.059939 0.298048 0.0572148 0.952835 0 6.1912 -0.15374</i>
                        <i>0.954551 -0.0178647 -0.297512 0 0.998202 -0.059939 0.298048 0.0572148 0.952835 0 6.1912 -0.15374</i>
                        <i>0.954551 -0.0178647 -0.297512 0 0.998202 -0.059939 0.298048 0.0572148 0.952835 0 6.1912 -0.15374</i>
                        <i>0.954551 -0.0178647 -0.297512 0 0.998202 -0.059939 0.298048 0.0572148 0.952835 0 6.1912 -0.15374</i>
                        <i>0.954551 -0.0178647 -0.297512 0 0.998202 -0.059939 0.298048 0.0572148 0.952835 0 6.1912 -0.15374</i>
                        <i>0.954551 -0.0178647 -0.297512 0 0.998202 -0.059939 0.298048 0.0572148 0.952835 0 6.1912 -0.15374</i>
                        <i>0.954551 -0.0178647 -0.297512 0 0.998202 -0.059939 0.298048 0.0572148 0.952835 0 6.1912 -0.15374</i>
                        <i>0.954551 -0.0178647 -0.297512 0 0.998202 -0.059939 0.298048 0.0572148 0.952835 0 6.1912 -0.15374</i>
                    </KeyFrames>
                </p>
            </i>
            <i>
                <p>
                    <Name><![CDATA[blades]]></Name>
                    <Exclude>0</Exclude>
                    <Additive>0</Additive>
                    <IKPriority>0</IKPriority>
                    <IKRotLimits>-1e+010 -1e+010 -1e+010 1e+010 1e+010 1e+010</IKRotLimits>
                    <IKRotLimitOrder>0</IKRotLimitOrder>
                    <KeyFrames count="121">
                        <i>-0.700297 -0.0296689 0.713235 0 0.999136 0.0415618 -0.713852 0.0291056 -0.699692 5.26485e-017 25.2672 0.151263</i>
                        <i>-0.411553 -0.03732 0.910622 0.00110665 0.99914 0.0414479 -0.911385 0.0180657 -0.411157 0.00400924 24.9259 0.150762</i>
                        <i>-0.0752981 -0.0408209 0.996325 0.00238782 0.999151 0.0411172 -0.997158 0.00547509 -0.0751368 0.0086127 24.5735 0.149505</i>
                        <i>0.267655 -0.0401231 0.962679 0.00380614 0.999169 0.0405857 -0.963507 -0.00719889 0.267585 0.0136876 24.2107 0.147584</i>
                        <i>0.57715 -0.0356298 0.81586 0.00532426 0.999191 0.0398696 -0.81662 -0.0186669 0.576873 0.0191334 23.8381 0.14508</i>
                        <i>0.817963 -0.0280702 0.574586 0.00690482 0.999216 0.0389851 -0.57523 -0.027921 0.817515 0.0248618 23.4563 0.14205</i>
                        <i>0.963341 -0.0183692 0.267649 0.00851045 0.999243 0.0379484 -0.268143 -0.0342794 0.962769 0.0307837 23.0661 0.138522</i>
                        <i>0.99756 -0.00753209 -0.0694075 0.0101038 0.999272 0.0367754 0.06908 -0.037387 0.99691 0.0367947 22.668 0.134503</i>
                        <i>0.917317 0.00344517 -0.398142 0.0116473 0.999302 0.0354825 0.397986 -0.037186 0.916637 0.042763 22.2627 0.12998</i>
                        <i>0.731919 0.0136393 -0.681255 0.0131038 0.999333 0.0340858 0.681266 -0.0338751 0.731252 0.048523 21.8509 0.12494</i>
                        <i>0.462252 0.0222414 -0.88647 0.0144358 0.999364 0.0326014 0.886631 -0.027867 0.461637 0.0538741 21.4331 0.119384</i>
                        <i>0.138656 0.0285863 -0.989928 0.0156058 0.999396 0.0310456 0.990218 -0.0197532 0.138126 0.0585878 21.0102 0.113341</i>
                        <i>-0.202151 0.0321804 -0.978826 0.0165764 0.999429 0.0294343 0.979214 -0.0102752 -0.202569 0.0624212 20.5827 0.106884</i>
                        <i>-0.520844 0.0327338 -0.853024 0.0173102 0.999464 0.027784 0.853476 -0.000294851 -0.521132 0.0651362 20.1513 0.100133</i>
