<?xml version="1.0" encoding="ISO-8859-1" ?>
<Animl Version="1">
    <ModellingPackage><![CDATA[Maya.2010]]></ModellingPackage>
    <SrcFile><![CDATA[anims\vehicles\red\~src\air\helicopter_mi8hip\mi8hip_fly_off.mb]]></SrcFile>
    <FramesPerSecond>30</FramesPerSecond>
    <TotalFrames>261</TotalFrames>
    <Skeleton>
        <RefFrame>
            <Name><![CDATA[mi8hip_ref_frame]]></Name>
            <Exclude>0</Exclude>
            <Additive>0</Additive>
            <IKPriority>0</IKPriority>
            <IKRotLimits>-1e+010 -1e+010 -1e+010 1e+010 1e+010 1e+010</IKRotLimits>
            <IKRotLimitOrder>0</IKRotLimitOrder>
            <KeyFrames count="261">
                <i>1 0 0 0 1 0 0 0 1 0 30 0</i>
                <i>1 0 0 0 1 -0.000485353 0 0.000485353 1 0.0168405 30.6911 2.72672</i>
                <i>1 0 0 0 1 -0.000972138 0 0.000972138 1 0.0337308 31.3825 5.4615</i>
                <i>1 0 0 0 0.999999 -0.00146033 0 0.00146033 0.999999 0.0506699 32.0742 8.20419</i>
                <i>1 0 0 0 0.999998 -0.00194994 0 0.00194994 0.999998 0.067658 32.7661 10.9548</i>
                <i>1 0 0 0 0.999997 -0.00244094 0 0.00244094 0.999997 0.0846947 33.4583 13.7133</i>
                <i>1 0 0 0 0.999996 -0.00293334 0 0.00293334 0.999996 0.10178 34.1507 16.4796</i>
                <i>1 0 0 0 0.999994 -0.00342712 0 0.00342712 0.999994 0.118913 34.8435 19.2537</i>
                <i>1 0 0 0 0.999992 -0.00392227 0 0.00392227 0.999992 0.136093 35.5364 22.0355</i>
                <i>1 0 0 0 0.99999 -0.00441879 0 0.00441879 0.99999 0.153322 36.2296 24.825</i>
                <i>1 0 0 0 0.999988 -0.00491667 0 0.00491667 0.999988 0.170597 36.9231 27.6221</i>
                <i>1 0 0 0 0.999985 -0.0054159 0 0.0054159 0.999985 0.187919 37.6169 30.4268</i>
                <i>1 0 0 0 0.999982 -0.00591648 0 0.00591648 0.999982 0.205288 38.3108 33.2391</i>
                <i>1 0 0 0 0.999979 -0.00641838 0 0.00641838 0.999979 0.222703 39.0051 36.0588</i>
                <i>1 0 0 0 0.999976 -0.00692161 0 0.00692161 0.999976 0.240164 39.6996 38.8861</i>
                <i>1 0 0 0 0.999972 -0.00742615 0 0.00742615 0.999972 0.257671 40.3943 41.7207</i>
                <i>1 0 0 0 0.999969 -0.00793201 0 0.00793201 0.999969 0.275224 41.0893 44.5627</i>
                <i>1 0 0 0 0.999964 -0.00843917 0 0.00843917 0.999964 0.292821 41.7845 47.412</i>
                <i>1 0 0 0 0.99996 -0.00894761 0 0.00894761 0.99996 0.310464 42.48 50.2685</i>
                <i>1 0 0 0 0.999955 -0.00945734 0 0.00945734 0.999955 0.328151 43.1757 53.1323</i>
                <i>1 0 0 0 0.99995 -0.00996834 0 0.00996834 0.99995 0.345882 43.8716 56.0033</i>
                <i>1 0 0 0 0.999945 -0.0104806 0 0.0104806 0.999945 0.363657 44.5678 58.8813</i>
                <i>1 0 0 0 0.99994 -0.0109941 0 0.0109941 0.99994 0.381476 45.2642 61.7665</i>
                <i>1 0 0 0 0.999934 -0.0115089 0 0.0115089 0.999934 0.399339 45.9609 64.6587</i>
                <i>1 0 0 0 0.999928 -0.0120249 0 0.0120249 0.999928 0.417244 46.6578 67.5578</i>
                <i>1 0 0 0 0.999921 -0.0125422 0 0.0125422 0.999921 0.435193 47.3549 70.4639</i>
                <i>1 0 0 0 0.999915 -0.0130606 0 0.0130606 0.999915 0.453184 48.0522 73.3769</i>
                <i>1 0 0 0 0.999908 -0.0135803 0 0.0135803 0.999908 0.471217 48.7498 76.2968</i>
                <i>1 0 0 0 0.999901 -0.0141012 0 0.0141012 0.999901 0.489292 49.4476 79.2234</i>
                <i>1 0 0 0 0.999893 -0.0146233 0 0.0146233 0.999893 0.507409 50.1456 82.1568</i>
                <i>1 0 0 0 0.999885 -0.0151466 0 0.0151466 0.999885 0.525568 50.8439 85.097</i>
                <i>1 0 0 0 0.999877 -0.015671 0 0.015671 0.999877 0.543767 51.5424 88.0437</i>
                <i>1 0 0 0 0.999869 -0.0161967 0 0.0161967 0.999869 0.562008 52.2411 90.9972</i>
                <i>1 0 0 0 0.99986 -0.0167235 0 0.0167235 0.99986 0.580289 52.94 93.9571</i>
                <i>1 0 0 0 0.999851 -0.0172514 0 0.0172514 0.999851 0.59861 53.6391 96.9236</i>
                <i>1 0 0 0 0.999842 -0.0177805 0 0.0177805 0.999842 0.616972 54.3385 99.8966</i>
                <i>1 0 0 0 0.999832 -0.0183107 0 0.0183107 0.999832 0.635373 55.0381 102.876</i>
                <i>1 0 0 0 0.999822 -0.0188421 0 0.0188421 0.999822 0.653813 55.7379 105.862</i>
                <i>1 0 0 0 0.999812 -0.0193746 0 0.0193746 0.999812 0.672293 56.4378 108.854</i>
                <i>1 0 0 0 0.999802 -0.0199082 0 0.0199082 0.999802 0.690811 57.1381 111.852</i>
                <i>1 0 0 0 0.999791 -0.0204429 0 0.0204429 0.999791 0.709368 57.8385 114.857</i>
                <i>1 0 0 0 0.99978 -0.0209787 0 0.0209787 0.99978 0.727963 58.5391 117.868</i>
                <i>1 0 0 0 0.999768 -0.0215156 0 0.0215156 0.999768 0.746596 59.2399 120.885</i>
                <i>1 0 0 0 0.999757 -0.0220536 0 0.0220536 0.999757 0.765267 59.9409 123.908</i>
                <i>1 0 0 0 0.999745 -0.0225927 0 0.0225927 0.999745 0.783975 60.6422 126.937</i>
                <i>1 0 0 0 0.999732 -0.0231328 0 0.0231328 0.999732 0.802721 61.3436 129.972</i>
                <i>1 0 0 0 0.99972 -0.0236739 0 0.0236739 0.99972 0.821503 62.0452 133.013</i>
                <i>1 0 0 0 0.999707 -0.0242162 0 0.0242162 0.999707 0.840322 62.7471 136.06</i>
                <i>1 0 0 0 0.999693 -0.0247594 0 0.0247594 0.999693 0.859177 63.4491 139.113</i>
                <i>1 0 0 0 0.99968 -0.0253037 0 0.0253037 0.99968 0.878068 64.1513 142.172</i>
                <i>1 0 0 0 0.999666 -0.025849 0 0.025849 0.999666 0.896995 64.8537 145.236</i>
                <i>1 0 0 0 0.999652 -0.0263953 0 0.0263953 0.999652 0.915957 65.5563 148.307</i>
                <i>1 0 0 0 0.999637 -0.0269426 0 0.0269426 0.999637 0.934954 66.2591 151.382</i>
                <i>1 0 0 0 0.999622 -0.0274909 0 0.0274909 0.999622 0.953986 66.9621 154.464</i>
                <i>1 0 0 0 0.999607 -0.0280402 0 0.0280402 0.999607 0.973053 67.6653 157.551</i>
                <i>1 0 0 0 0.999591 -0.0285905 0 0.0285905 0.999591 0.992154 68.3686 160.644</i>
                <i>1 0 0 0 0.999575 -0.0291417 0 0.0291417 0.999575 1.01129 69.0722 163.742</i>
                <i>1 0 0 0 0.999559 -0.0296939 0 0.0296939 0.999559 1.03046 69.7759 166.846</i>
                <i>1 0 0 0 0.999542 -0.0302471 0 0.0302471 0.999542 1.04966 70.4798 169.955</i>
                <i>1 0 0 0 0.999526 -0.0308012 0 0.0308012 0.999526 1.06889 71.1839 173.069</i>
                <i>1 0 0 0 0.999508 -0.0313562 0 0.0313562 0.999508 1.08816 71.8881 176.189</i>
                <i>1 0 0 0 0.999491 -0.0319122 0 0.0319122 0.999491 1.10746 72.5926 179.314</i>
                <i>1 0 0 0 0.999473 -0.0324691 0 0.0324691 0.999473 1.12679 73.2972 182.444</i>
                <i>1 0 0 0 0.999454 -0.0330269 0 0.0330269 0.999454 1.14616 74.002 185.58</i>
                <i>1 0 0 0 0.999436 -0.0335856 0 0.0335856 0.999436 1.16556 74.7069 188.72</i>
                <i>1 0 0 0 0.999417 -0.0341452 0 0.0341452 0.999417 1.18498 75.4121 191.866</i>
                <i>1 0 0 0 0.999398 -0.0347057 0 0.0347057 0.999398 1.20444 76.1174 195.016</i>
                <i>1 0 0 0 0.999378 -0.035267 0 0.035267 0.999378 1.22393 76.8228 198.172</i>
                <i>1 0 0 0 0.999358 -0.0358292 0 0.0358292 0.999358 1.24345 77.5284 201.333</i>
                <i>1 0 0 0 0.999338 -0.0363923 0 0.0363923 0.999338 1.263 78.2342 204.498</i>
                <i>1 0 0 0 0.999317 -0.0369563 0 0.0369563 0.999317 1.28258 78.9402 207.668</i>
                <i>1 0 0 0 0.999296 -0.037521 0 0.037521 0.999296 1.30219 79.6463 210.843</i>
                <i>1 0 0 0 0.999274 -0.0380866 0 0.0380866 0.999274 1.32183 80.3526 214.023</i>
                <i>1 0 0 0 0.999253 -0.0386531 0 0.0386531 0.999253 1.3415 81.059 217.208</i>
                <i>1 0 0 0 0.999231 -0.0392203 0 0.0392203 0.999231 1.3612 81.7656 220.397</i>
                <i>1 0 0 0 0.999208 -0.0397884 0 0.0397884 0.999208 1.38092 82.4723 223.591</i>
                <i>1 0 0 0 0.999185 -0.0403572 0 0.0403572 0.999185 1.40068 83.1792 226.789</i>
                <i>1 0 0 0 0.999162 -0.0409269 0 0.0409269 0.999162 1.42046 83.8862 229.992</i>
                <i>1 0 0 0 0.999139 -0.0414973 0 0.0414973 0.999139 1.44027 84.5934 233.2</i>
                <i>1 0 0 0 0.999115 -0.0420685 0 0.0420685 0.999115 1.4601 85.3008 236.412</i>
                <i>1 0 0 0 0.99909 -0.0426405 0 0.0426405 0.99909 1.47997 86.0083 239.628</i>
                <i>1 0 0 0 0.999066 -0.0432132 0 0.0432132 0.999066 1.49986 86.7159 242.848</i>
                <i>1 0 0 0 0.999041 -0.0437867 0 0.0437867 0.999041 1.51978 87.4237 246.073</i>
                <i>1 0 0 0 0.999016 -0.0443609 0 0.0443609 0.999016 1.53972 88.1316 249.302</i>
                <i>1 0 0 0 0.99899 -0.0449359 0 0.0449359 0.99899 1.55969 88.8396 252.536</i>
                <i>1 0 0 0 0.998964 -0.0455116 0 0.0455116 0.998964 1.57968 89.5478 255.773</i>
                <i>1 0 0 0 0.998937 -0.0460879 0 0.0460879 0.998937 1.5997 90.2561 259.015</i>
                <i>1 0 0 0 0.998911 -0.046665 0 0.046665 0.998911 1.61975 90.9646 262.26</i>
                <i>1 0 0 0 0.998883 -0.0472428 0 0.0472428 0.998883 1.63982 91.6732 265.51</i>
                <i>1 0 0 0 0.998856 -0.0478213 0 0.0478213 0.998856 1.65991 92.382 268.764</i>
                <i>1 0 0 0 0.998828 -0.0484005 0 0.0484005 0.998828 1.68003 93.0908 272.021</i>
                <i>1 0 0 0 0.9988 -0.0489803 0 0.0489803 0.9988 1.70017 93.7998 275.283</i>
                <i>1 0 0 0 0.998771 -0.0495608 0 0.0495608 0.998771 1.72034 94.5089 278.548</i>
                <i>1 0 0 0 0.998742 -0.050142 0 0.050142 0.998742 1.74053 95.2182 281.817</i>
                <i>1 0 0 0 0.998713 -0.0507238 0 0.0507238 0.998713 1.76074 95.9276 285.09</i>
                <i>1 0 0 0 0.998683 -0.0513062 0 0.0513062 0.998683 1.78098 96.6371 288.366</i>
                <i>1 0 0 0 0.998653 -0.0518893 0 0.0518893 0.998653 1.80124 97.3467 291.646</i>
                <i>1 0 0 0 0.998622 -0.052473 0 0.052473 0.998622 1.82152 98.0564 294.93</i>
                <i>1 0 0 0 0.998591 -0.0530573 0 0.0530573 0.998591 1.84182 98.7663 298.217</i>
                <i>1 0 0 0 0.99856 -0.0536422 0 0.0536422 0.99856 1.86214 99.4762 301.508</i>
                <i>1 0 0 0 0.998529 -0.0542277 0 0.0542277 0.998529 1.88249 100.186 304.802</i>
                <i>1 0 0 0 0.998497 -0.0548138 0 0.0548138 0.998497 1.90285 100.897 308.099</i>
                <i>1 0 0 0 0.998464 -0.0554005 0 0.0554005 0.998464 1.92324 101.607 311.4</i>
                <i>1 0 0 0 0.998431 -0.0559877 0 0.0559877 0.998431 1.94365 102.317 314.705</i>
                <i>1 0 0 0 0.998398 -0.0565755 0 0.0565755 0.998398 1.96408 103.028 318.012</i>
                <i>1 0 0 0 0.998365 -0.0571638 0 0.0571638 0.998365 1.98452 103.738 321.323</i>
                <i>1 0 0 0 0.998331 -0.0577527 0 0.0577527 0.998331 2.00499 104.449 324.637</i>
                <i>1 0 0 0 0.998297 -0.0583422 0 0.0583422 0.998297 2.02548 105.16 327.954</i>
                <i>1 0 0 0 0.998262 -0.0589321 0 0.0589321 0.998262 2.04598 105.871 331.274</i>
                <i>1 0 0 0 0.998227 -0.0595226 0 0.0595226 0.998227 2.06651 106.582 334.597</i>
                <i>1 0 0 0 0.998192 -0.0601136 0 0.0601136 0.998192 2.08705 107.293 337.923</i>
                <i>1 0 0 0 0.998156 -0.0607051 0 0.0607051 0.998156 2.10761 108.004 341.252</i>
                <i>1 0 0 0 0.99812 -0.0612971 0 0.0612971 0.99812 2.12819 108.716 344.584</i>
                <i>1 0 0 0 0.998083 -0.0618895 0 0.0618895 0.998083 2.14879 109.427 347.919</i>
                <i>1 0 0 0 0.998046 -0.0624825 0 0.0624825 0.998046 2.1694 110.139 351.257</i>
                <i>1 0 0 0 0.998009 -0.0630759 0 0.0630759 0.998009 2.19003 110.85 354.597</i>
                <i>1 0 0 0 0.997971 -0.0636698 0 0.0636698 0.997971 2.21068 111.562 357.94</i>
                <i>1 0 0 0 0.997933 -0.0642641 0 0.0642641 0.997933 2.23134 112.274 361.286</i>
                <i>1 0 0 0 0.997894 -0.0648589 0 0.0648589 0.997894 2.25202 112.986 364.634</i>
                <i>1 0 0 0 0.997856 -0.0654541 0 0.0654541 0.997856 2.27272 113.698 367.986</i>
                <i>1 0 0 0 0.997816 -0.0660497 0 0.0660497 0.997816 2.29343 114.41 371.339</i>
                <i>1 0 0 0 0.997777 -0.0666457 0 0.0666457 0.997777 2.31416 115.122 374.695</i>
                <i>1 0 0 0 0.997737 -0.0672422 0 0.0672422 0.997737 2.3349 115.834 378.053</i>
                <i>1 0 0 0 0.997696 -0.067839 0 0.067839 0.997696 2.35565 116.547 381.414</i>
                <i>1 0 0 0 0.997656 -0.0684363 0 0.0684363 0.997656 2.37643 117.259 384.777</i>
                <i>1 0 0 0 0.997614 -0.0690339 0 0.0690339 0.997614 2.39721 117.972 388.143</i>
                <i>1 0 0 0 0.997573 -0.0696319 0 0.0696319 0.997573 2.41801 118.684 391.51</i>
                <i>1 0 0 0 0.997531 -0.0702303 0 0.0702303 0.997531 2.43882 119.397 394.88</i>
                <i>1 0 0 0 0.997488 -0.070829 0 0.070829 0.997488 2.45965 120.109 398.252</i>
                <i>1 0 0 0 0.997446 -0.0714281 0 0.0714281 0.997446 2.48049 120.822 401.626</i>
                <i>1 0 0 0 0.997403 -0.0720275 0 0.0720275 0.997403 2.50134 121.535 405.003</i>
                <i>1 0 0 0 0.997359 -0.0726272 0 0.0726272 0.997359 2.5222 122.248 408.381</i>
                <i>1 0 0 0 0.997315 -0.0732273 0 0.0732273 0.997315 2.54308 122.961 411.761</i>
                <i>1 0 0 0 0.997271 -0.0738276 0 0.0738276 0.997271 2.56397 123.674 415.143</i>
                <i>1 0 0 0 0.997226 -0.0744283 0 0.0744283 0.997226 2.58487 124.387 418.527</i>
                <i>1 0 0 0 0.997181 -0.0750293 0 0.0750293 0.997181 2.60578 125.1 421.913</i>
                <i>1 0 0 0 0.997136 -0.0756306 0 0.0756306 0.997136 2.6267 125.813 425.3</i>
                <i>1 0 0 0 0.99709 -0.0762321 0 0.0762321 0.99709 2.64763 126.527 428.69</i>
                <i>1 0 0 0 0.997044 -0.076834 0 0.076834 0.997044 2.66858 127.24 432.081</i>
                <i>1 0 0 0 0.996997 -0.077436 0 0.077436 0.996997 2.68953 127.953 435.473</i>
                <i>1 0 0 0 0.99695 -0.0780384 0 0.0780384 0.99695 2.71049 128.667 438.868</i>
                <i>1 0 0 0 0.996903 -0.078641 0 0.078641 0.996903 2.73146 129.38 442.263</i>
                <i>1 0 0 0 0.996855 -0.0792438 0 0.0792438 0.996855 2.75245 130.094 445.661</i>
                <i>1 0 0 0 0.996807 -0.0798468 0 0.0798468 0.996807 2.77344 130.807 449.059</i>
                <i>1 0 0 0 0.996759 -0.0804501 0 0.0804501 0.996759 2.79444 131.521 452.46</i>
                <i>1 0 0 0 0.99671 -0.0810536 0 0.0810536 0.99671 2.81545 132.235 455.861</i>
                <i>1 0 0 0 0.99666 -0.0816573 0 0.0816573 0.99666 2.83646 132.948 459.264</i>
                <i>1 0 0 0 0.996611 -0.0822612 0 0.0822612 0.996611 2.85749 133.662 462.668</i>
                <i>1 0 0 0 0.996561 -0.0828653 0 0.0828653 0.996561 2.87852 134.376 466.073</i>
                <i>1 0 0 0 0.99651 -0.0834695 0 0.0834695 0.99651 2.89956 135.09 469.48</i>
                <i>1 0 0 0 0.99646 -0.0840739 0 0.0840739 0.99646 2.9206 135.804 472.887</i>
                <i>1 0 0 0 0.996408 -0.0846785 0 0.0846785 0.996408 2.94166 136.518 476.296</i>
                <i>1 0 0 0 0.996357 -0.0852833 0 0.0852833 0.996357 2.96271 137.232 479.706</i>
                <i>1 0 0 0 0.996305 -0.0858881 0 0.0858881 0.996305 2.98378 137.946 483.117</i>
                <i>1 0 0 0 0.996252 -0.0864932 0 0.0864932 0.996252 3.00485 138.66 486.528</i>
                <i>1 0 0 0 0.9962 -0.0870983 0 0.0870983 0.9962 3.02593 139.374 489.941</i>
                <i>1 0 0 0 0.996147 -0.0877036 0 0.0877036 0.996147 3.04701 140.088 493.354</i>
                <i>1 0 0 0 0.996093 -0.0883089 0 0.0883089 0.996093 3.0681 140.802 496.769</i>
                <i>1 0 0 0 0.996039 -0.0889144 0 0.0889144 0.996039 3.08919 141.516 500.184</i>
                <i>1 0 0 0 0.995985 -0.08952 0 0.08952 0.995985 3.11028 142.23 503.599</i>
                <i>1 0 0 0 0.99593 -0.0901257 0 0.0901257 0.99593 3.13138 142.944 507.016</i>
                <i>1 0 0 0 0.995875 -0.0907314 0 0.0907314 0.995875 3.15249 143.658 510.433</i>
                <i>1 0 0 0 0.99582 -0.0913372 0 0.0913372 0.99582 3.17359 144.373 513.85</i>
                <i>1 0 0 0 0.995764 -0.091943 0 0.091943 0.995764 3.1947 145.087 517.268</i>
                <i>1 0 0 0 0.995708 -0.0925489 0 0.0925489 0.995708 3.21582 145.801 520.687</i>
                <i>1 0 0 0 0.995652 -0.0931549 0 0.0931549 0.995652 3.23693 146.515 524.106</i>
                <i>1 0 0 0 0.995595 -0.0937609 0 0.0937609 0.995595 3.25805 147.23 527.526</i>
                <i>1 0 0 0 0.995537 -0.0943669 0 0.0943669 0.995537 3.27917 147.944 530.945</i>
                <i>1 0 0 0 0.99548 -0.0949729 0 0.0949729 0.99548 3.3003 148.658 534.365</i>
                <i>1 0 0 0 0.995422 -0.0955789 0 0.0955789 0.995422 3.32142 149.373 537.786</i>
                <i>1 0 0 0 0.995363 -0.096185 0 0.096185 0.995363 3.34255 150.087 541.206</i>
                <i>1 0 0 0 0.995305 -0.096791 0 0.096791 0.995305 3.36367 150.801 544.627</i>
                <i>1 0 0 0 0.995246 -0.097397 0 0.097397 0.995246 3.3848 151.515 548.047</i>
                <i>1 0 0 0 0.995186 -0.098003 0 0.098003 0.995186 3.40593 152.23 551.468</i>
                <i>1 0 0 0 0.995126 -0.098609 0 0.098609 0.995126 3.42705 152.944 554.889</i>
                <i>1 0 0 0 0.995066 -0.0992149 0 0.0992149 0.995066 3.44818 153.658 558.31</i>
                <i>1 0 0 0 0.995005 -0.0998207 0 0.0998207 0.995005 3.46931 154.373 561.731</i>
                <i>1 0 0 0 0.994944 -0.100427 0 0.100427 0.994944 3.49043 155.087 565.151</i>
                <i>1 0 0 0 0.994883 -0.101032 0 0.101032 0.994883 3.51156 155.801 568.572</i>
                <i>1 0 0 0 0.994821 -0.101638 0 0.101638 0.994821 3.53268 156.516 571.992</i>
                <i>1 0 0 0 0.994759 -0.102244 0 0.102244 0.994759 3.5538 157.23 575.412</i>
                <i>1 0 0 0 0.994697 -0.102849 0 0.102849 0.994697 3.57492 157.944 578.831</i>
                <i>1 0 0 0 0.994634 -0.103454 0 0.103454 0.994634 3.59604 158.659 582.251</i>
                <i>1 0 0 0 0.994571 -0.10406 0 0.10406 0.994571 3.61716 159.373 585.67</i>
                <i>1 0 0 0 0.994508 -0.104665 0 0.104665 0.994508 3.63827 160.087 589.088</i>
                <i>1 0 0 0 0.994444 -0.10527 0 0.10527 0.994444 3.65938 160.801 592.506</i>
                <i>1 0 0 0 0.994379 -0.105875 0 0.105875 0.994379 3.68049 161.515 595.923</i>
                <i>1 0 0 0 0.994315 -0.106479 0 0.106479 0.994315 3.70159 162.23 599.34</i>
                <i>1 0 0 0 0.99425 -0.107084 0 0.107084 0.99425 3.72269 162.944 602.756</i>
                <i>1 0 0 0 0.994185 -0.107689 0 0.107689 0.994185 3.74378 163.658 606.172</i>
                <i>1 0 0 0 0.994119 -0.108293 0 0.108293 0.994119 3.76487 164.372 609.587</i>
                <i>1 0 0 0 0.994053 -0.108897 0 0.108897 0.994053 3.78596 165.086 613.001</i>
                <i>1 0 0 0 0.993987 -0.109501 0 0.109501 0.993987 3.80704 165.8 616.414</i>
                <i>1 0 0 0 0.99392 -0.110104 0 0.110104 0.99392 3.82811 166.514 619.826</i>
                <i>1 0 0 0 0.993853 -0.110708 0 0.110708 0.993853 3.84918 167.228 623.237</i>
                <i>1 0 0 0 0.993786 -0.111311 0 0.111311 0.993786 3.87024 167.942 626.648</i>
                <i>1 0 0 0 0.993718 -0.111914 0 0.111914 0.993718 3.8913 168.656 630.057</i>
                <i>1 0 0 0 0.99365 -0.112517 0 0.112517 0.99365 3.91235 169.37 633.466</i>
                <i>1 0 0 0 0.993581 -0.11312 0 0.11312 0.993581 3.93339 170.084 636.873</i>
                <i>1 0 0 0 0.993513 -0.113722 0 0.113722 0.993513 3.95443 170.798 640.279</i>
                <i>1 0 0 0 0.993443 -0.114324 0 0.114324 0.993443 3.97546 171.512 643.684</i>
                <i>1 0 0 0 0.993374 -0.114926 0 0.114926 0.993374 3.99648 172.225 647.088</i>
                <i>1 0 0 0 0.993304 -0.115528 0 0.115528 0.993304 4.0175 172.939 650.49</i>
                <i>1 0 0 0 0.993234 -0.116129 0 0.116129 0.993234 4.0385 173.653 653.891</i>
                <i>1 0 0 0 0.993164 -0.11673 0 0.11673 0.993164 4.0595 174.366 657.291</i>
                <i>1 0 0 0 0.993093 -0.117331 0 0.117331 0.993093 4.08049 175.08 660.689</i>
                <i>1 0 0 0 0.993022 -0.117931 0 0.117931 0.993022 4.10146 175.793 664.086</i>
                <i>1 0 0 0 0.99295 -0.118531 0 0.118531 0.99295 4.12243 176.507 667.481</i>
                <i>1 0 0 0 0.992878 -0.119131 0 0.119131 0.992878 4.14339 177.22 670.875</i>
                <i>1 0 0 0 0.992806 -0.119731 0 0.119731 0.992806 4.16434 177.934 674.267</i>
                <i>1 0 0 0 0.992734 -0.12033 0 0.12033 0.992734 4.18528 178.647 677.657</i>
                <i>1 0 0 0 0.992661 -0.120929 0 0.120929 0.992661 4.20621 179.36 681.046</i>
                <i>1 0 0 0 0.992588 -0.121527 0 0.121527 0.992588 4.22713 180.073 684.433</i>
                <i>1 0 0 0 0.992515 -0.122125 0 0.122125 0.992515 4.24804 180.787 687.818</i>
                <i>1 0 0 0 0.992441 -0.122723 0 0.122723 0.992441 4.26893 181.5 691.202</i>
                <i>1 0 0 0 0.992367 -0.12332 0 0.12332 0.992367 4.28982 182.213 694.583</i>
                <i>1 0 0 0 0.992293 -0.123917 0 0.123917 0.992293 4.31069 182.926 697.963</i>
                <i>1 0 0 0 0.992218 -0.124514 0 0.124514 0.992218 4.33155 183.638 701.34</i>
                <i>1 0 0 0 0.992143 -0.12511 0 0.12511 0.992143 4.3524 184.351 704.716</i>
                <i>1 0 0 0 0.992068 -0.125705 0 0.125705 0.992068 4.37323 185.064 708.089</i>
                <i>1 0 0 0 0.991992 -0.126301 0 0.126301 0.991992 4.39405 185.777 711.46</i>
                <i>1 0 0 0 0.991916 -0.126896 0 0.126896 0.991916 4.41486 186.489 714.83</i>
                <i>1 0 0 0 0.99184 -0.12749 0 0.12749 0.99184 4.43566 187.202 718.196</i>
                <i>1 0 0 0 0.991763 -0.128084 0 0.128084 0.991763 4.45644 187.914 721.561</i>
                <i>1 0 0 0 0.991686 -0.128678 0 0.128678 0.991686 4.4772 188.627 724.924</i>
                <i>1 0 0 0 0.991609 -0.129271 0 0.129271 0.991609 4.49796 189.339 728.283</i>
                <i>1 0 0 0 0.991532 -0.129863 0 0.129863 0.991532 4.51869 190.051 731.641</i>
                <i>1 0 0 0 0.991454 -0.130455 0 0.130455 0.991454 4.53941 190.763 734.996</i>
                <i>1 0 0 0 0.991376 -0.131047 0 0.131047 0.991376 4.56012 191.475 738.349</i>
                <i>1 0 0 0 0.991298 -0.131638 0 0.131638 0.991298 4.58081 192.187 741.699</i>
                <i>1 0 0 0 0.991219 -0.132229 0 0.132229 0.991219 4.60149 192.899 745.047</i>
                <i>1 0 0 0 0.99114 -0.132819 0 0.132819 0.99114 4.62214 193.611 748.391</i>
                <i>1 0 0 0 0.991061 -0.133409 0 0.133409 0.991061 4.64279 194.323 751.734</i>
                <i>1 0 0 0 0.990982 -0.133998 0 0.133998 0.990982 4.66341 195.034 755.073</i>
                <i>1 0 0 0 0.990902 -0.134586 0 0.134586 0.990902 4.68402 195.746 758.41</i>
                <i>1 0 0 0 0.990822 -0.135174 0 0.135174 0.990822 4.70461 196.457 761.744</i>
                <i>1 0 0 0 0.990741 -0.135762 0 0.135762 0.990741 4.72518 197.168 765.075</i>
                <i>1 0 0 0 0.990661 -0.136349 0 0.136349 0.990661 4.74574 197.88 768.403</i>
                <i>1 0 0 0 0.99058 -0.136935 0 0.136935 0.99058 4.76627 198.591 771.728</i>
                <i>1 0 0 0 0.990499 -0.137521 0 0.137521 0.990499 4.78679 199.302 775.05</i>
                <i>1 0 0 0 0.990417 -0.138106 0 0.138106 0.990417 4.80729 200.013 778.369</i>
                <i>1 0 0 0 0.990336 -0.13869 0 0.13869 0.990336 4.82777 200.724 781.685</i>
                <i>1 0 0 0 0.990254 -0.139274 0 0.139274 0.990254 4.84823 201.434 784.998</i>
                <i>1 0 0 0 0.990172 -0.139858 0 0.139858 0.990172 4.86867 202.145 788.308</i>
                <i>1 0 0 0 0.990089 -0.14044 0 0.14044 0.990089 4.88909 202.855 791.614</i>
                <i>1 0 0 0 0.990006 -0.141023 0 0.141023 0.990006 4.90949 203.566 794.917</i>
                <i>1 0 0 0 0.989923 -0.141604 0 0.141604 0.989923 4.92987 204.276 798.217</i>
                <i>1 0 0 0 0.98984 -0.142185 0 0.142185 0.98984 4.95023 204.986 801.514</i>
                <i>1 0 0 0 0.989757 -0.142765 0 0.142765 0.989757 4.97057 205.696 804.807</i>
                <i>1 0 0 0 0.989673 -0.143345 0 0.143345 0.989673 4.99089 206.406 808.096</i>
                <i>1 0 0 0 0.989589 -0.143923 0 0.143923 0.989589 5.01118 207.116 811.382</i>
                <i>1 0 0 0 0.989505 -0.144502 0 0.144502 0.989505 5.03146 207.826 814.665</i>
                <i>1 0 0 0 0.98942 -0.145079 0 0.145079 0.98942 5.05171 208.535 817.944</i>
                <i>1 0 0 0 0.989335 -0.145656 0 0.145656 0.989335 5.07193 209.245 821.219</i>
                <i>1 0 0 0 0.98925 -0.146232 0 0.146232 0.98925 5.09214 209.954 824.49</i>
                <i>1 0 0 0 0.989165 -0.146807 0 0.146807 0.989165 5.11232 210.663 827.758</i>
                <i>1 0 0 0 0.98908 -0.147382 0 0.147382 0.98908 5.13248 211.372 831.022</i>
                <i>1 0 0 0 0.988994 -0.147956 0 0.147956 0.988994 5.15261 212.081 834.282</i>
                <i>1 0 0 0 0.988908 -0.148529 0 0.148529 0.988908 5.17273 212.79 837.538</i>
                <i>1 0 0 0 0.988822 -0.149102 0 0.149102 0.988822 5.19281 213.499 840.791</i>
                <i>1 0 0 0 0.988735 -0.149673 0 0.149673 0.988735 5.21287 214.207 844.039</i>
            </KeyFrames>
        </RefFrame>
        <Bones count="9">
            <i>
                <p>
                    <Name><![CDATA[mi8hip_root]]></Name>
                    <Exclude>0</Exclude>
                    <Additive>0</Additive>
                    <IKPriority>0</IKPriority>
                    <IKRotLimits>-1e+010 -1e+010 -1e+010 1e+010 1e+010 1e+010</IKRotLimits>
                    <IKRotLimitOrder>0</IKRotLimitOrder>
                    <KeyFrames count="261">
                        <i>0.999884 -0.0152544 5.42101e-020 0.015243 0.999142 0.0385186 -0.000587577 -0.0385141 0.999258 0 33.6573 0</i>
                        <i>0.999882 -0.0153801 7.46478e-006 0.0153686 0.99915 0.0382427 -0.000595635 -0.038238 0.999268 0.0168468 34.3476 2.72488</i>
                        <i>0.999883 -0.0152933 1.48672e-005 0.0152817 0.999166 0.0378554 -0.000593787 -0.0378507 0.999283 0.0337459 35.0377 5.45778</i>
                        <i>0.999887 -0.0150074 2.19158e-005 0.0149961 0.999189 0.0373635 -0.000582627 -0.037359 0.999302 0.0506964 35.7275 8.19858</i>
                        <i>0.999894 -0.014536 2.83444e-005 0.0145252 0.999218 0.0367739 -0.000562869 -0.0367696 0.999324 0.0676979 36.4172 10.9473</i>
                        <i>0.999904 -0.0138928 3.39116e-005 0.0138825 0.999252 0.0360932 -0.00053532 -0.0360892 0.999348 0.0847499 37.1067 13.7038</i>
                        <i>0.999914 -0.0130911 3.84009e-005 0.0130816 0.99929 0.0353282 -0.000500859 -0.0353247 0.999376 0.101852 37.7962 16.4681</i>
                        <i>0.999926 -0.0121447 4.16214e-005 0.012136 0.999331 0.0344857 -0.000460411 -0.0344827 0.999405 0.119003 38.4856 19.2402</i>
                        <i>0.999939 -0.0110669 4.34078e-005 0.0110592 0.999375 0.0335726 -0.000414925 -0.0335701 0.999436 0.136203 39.1751 22.02</i>
                        <i>0.999951 -0.00987145 4.36203e-005 0.00986478 0.99942 0.0325955 -0.00036536 -0.0325935 0.999469 0.153452 39.8646 24.8075</i>
                        <i>0.999963 -0.00857182 4.21454e-005 0.00856622 0.999465 0.0315613 -0.000312661 -0.0315598 0.999502 0.170748 40.5543 27.6027</i>
                        <i>0.999974 -0.00718159 3.88954e-005 0.00717707 0.99951 0.0304767 -0.000257747 -0.0304756 0.999536 0.188091 41.2441 30.4054</i>
                        <i>0.999984 -0.00571431 3.38091e-005 0.00571085 0.999553 0.0293485 -0.000201501 -0.0293479 0.999569 0.205481 41.9342 33.2156</i>
                        <i>0.999991 -0.00418353 2.6852e-005 0.00418111 0.999594 0.0281836 -0.000144748 -0.0281832 0.999603 0.222918 42.6245 36.0334</i>
                        <i>0.999997 -0.00260282 1.80162e-005 0.00260139 0.999632 0.0269886 -8.82561e-005 -0.0269885 0.999636 0.240399 43.3152 38.8586</i>
                        <i>1 -0.000985744 7.32049e-006 0.000985228 0.999667 0.0257704 -3.27211e-005 -0.0257704 0.999668 0.257926 44.0062 41.6912</i>
                        <i>1 0.000654146 -5.18885e-006 -0.000653822 0.999699 0.0245358 2.12373e-005 -0.0245358 0.999699 0.275497 44.6976 44.5312</i>
                        <i>0.999997 0.00230331 -1.94387e-005 -0.00230223 0.999726 0.0232915 7.3081e-005 -0.0232914 0.999729 0.293113 45.3895 47.3785</i>
                        <i>0.999992 0.00394813 -3.53278e-005 -0.0039464 0.999749 0.0220444 0.000122353 -0.0220441 0.999757 0.310771 46.0819 50.2331</i>
                        <i>0.999984 0.00557509 -5.27278e-005 -0.00557278 0.999768 0.0208013 0.000168685 -0.0208007 0.999784 0.328472 46.7749 53.0949</i>
                        <i>0.999974 0.00717061 -7.14826e-005 -0.00716784 0.999783 0.0195688 0.000211787 -0.0195678 0.999808 0.346216 47.4685 55.9639</i>
                        <i>0.999962 0.00872113 -9.14078e-005 -0.00871799 0.999794 0.0183539 0.000251456 -0.0183524 0.999832 0.364001 48.1628 58.84</i>
                        <i>0.999948 0.0102131 -0.000112291 -0.0102097 0.999801 0.0171633 0.000287559 -0.0171613 0.999853 0.381828 48.8578 61.7233</i>
                        <i>0.999932 0.011633 -0.000133892 -0.0116294 0.999804 0.0160038 0.000320038 -0.0160012 0.999872 0.399695 49.5535 64.6136</i>
                        <i>0.999916 0.0129672 -0.000155941 -0.0129634 0.999805 0.0148822 0.00034889 -0.0148789 0.999889 0.417602 50.2501 67.5109</i>
                        <i>0.999899 0.0142022 -0.00017814 -0.0141984 0.999804 0.0138052 0.00037417 -0.0138013 0.999905 0.43555 50.9473 70.4151</i>
                        <i>0.999883 0.0153244 -0.000200164 -0.0153206 0.999801 0.0127797 0.000395966 -0.0127751 0.999918 0.453539 51.6452 73.3263</i>
                        <i>0.999867 0.0163204 -0.000221656 -0.0163166 0.999797 0.0118124 0.000414394 -0.0118072 0.99993 0.47157 52.3436 76.2443</i>
                        <i>0.999853 0.0171192 -0.000241425 -0.0171155 0.999794 0.0109101 0.000428148 -0.0109044 0.99994 0.489642 53.0425 79.1691</i>
                        <i>0.999844 0.0176569 -0.000258229 -0.0176534 0.999793 0.0100796 0.000436149 -0.0100735 0.999949 0.507754 53.7419 82.1006</i>
                        <i>0.999839 0.0179301 -0.000271611 -0.0179268 0.999796 0.00932759 0.000438801 -0.00932122 0.999956 0.525907 54.4417 85.0389</i>
                        <i>0.999839 0.0179358 -0.000281107 -0.0179327 0.999802 0.0086609 0.000436391 -0.00865446 0.999962 0.544101 55.1421 87.9838</i>
                        <i>0.999844 0.0176705 -0.000286241 -0.0176676 0.999811 0.00808628 0.000429075 -0.00807996 0.999967 0.562334 55.8428 90.9354</i>
                        <i>0.999853 0.017131 -0.00028653 -0.0171283 0.999824 0.00762936 0.000417178 -0.00762333 0.999971 0.580608 56.544 93.8935</i>
                        <i>0.999867 0.0163141 -0.000281483 -0.0163116 0.99984 0.00730353 0.000400588 -0.00729796 0.999973 0.598921 57.2455 96.8581</i>
                        <i>0.999883 0.0153073 -0.000272214 -0.0153049 0.999858 0.0070973 0.000380815 -0.0070923 0.999975 0.617273 57.9474 99.8292</i>
                        <i>0.999899 0.0142068 -0.00026018 -0.0142046 0.999875 0.0069992 0.000359583 -0.0069948 0.999975 0.635664 58.6496 102.807</i>
                        <i>0.999915 0.0130222 -0.00024541 -0.0130202 0.999891 0.00699772 0.000336509 -0.00699393 0.999976 0.654094 59.3522 105.791</i>
                        <i>0.999931 0.0117633 -0.000227952 -0.0117614 0.999906 0.00708137 0.00031123 -0.0070782 0.999975 0.672563 60.055 108.781</i>
                        <i>0.999945 0.0104396 -0.000207874 -0.0104378 0.999919 0.00723864 0.000283426 -0.00723608 0.999974 0.69107 60.7581 111.777</i>
                        <i>0.999959 0.00906074 -0.000185267 -0.00905911 0.999931 0.00745803 0.000252829 -0.00745605 0.999972 0.709616 61.4615 114.78</i>
                        <i>0.999971 0.00763643 -0.000160238 -0.00763496 0.999941 0.00772803 0.000219243 -0.00772659 0.99997 0.728199 62.165 117.789</i>
                        <i>0.999981 0.00617627 -0.000132917 -0.006175 0.999949 0.00803715 0.00018255 -0.00803618 0.999968 0.74682 62.8688 120.804</i>
                        <i>0.999989 0.00468991 -0.000103455 -0.00468888 0.999954 0.00837388 0.000142723 -0.00837331 0.999965 0.765478 63.5727 123.825</i>
                        <i>0.999995 0.00318699 -7.2021e-005 -0.00318624 0.999957 0.00872672 9.98299e-005 -0.00872644 0.999962 0.784174 64.2768 126.853</i>
                        <i>0.999999 0.00167715 -3.88076e-005 -0.00167673 0.999957 0.00908415 5.40415e-005 -0.00908408 0.999959 0.802906 64.981 129.886</i>
                        <i>1 0.000170037 -4.02657e-006 -0.000169991 0.999955 0.00943469 5.63064e-006 -0.00943468 0.999955 0.821675 65.6853 132.925</i>
                        <i>0.999999 -0.00132474 3.20895e-005 0.00132436 0.999951 0.00976681 -4.50264e-005 -0.00976676 0.999952 0.840481 66.3897 135.97</i>
                        <i>0.999996 -0.00279749 6.92854e-005 0.00279665 0.999945 0.010069 -9.74495e-005 -0.0100688 0.999949 0.859323 67.0942 139.021</i>
                        <i>0.999991 -0.00423859 0.000107286 0.00423726 0.999938 0.0103298 -0.000151063 -0.0103292 0.999947 0.878201 67.7986 142.078</i>
                        <i>0.999984 -0.00563842 0.000145796 0.00563657 0.999929 0.0105376 -0.000205201 -0.0105366 0.999944 0.897114 68.5031 145.141</i>
                        <i>0.999976 -0.00698733 0.000184497 0.00698496 0.999919 0.010681 -0.000259113 -0.0106794 0.999943 0.916063 69.2076 148.209</i>
                        <i>0.999966 -0.00827568 0.000223049 0.00827281 0.999908 0.0107484 -0.000311979 -0.0107462 0.999942 0.935047 69.9121 151.283</i>
                        <i>0.999955 -0.00949385 0.000261093 0.0094905 0.999897 0.0107283 -0.000362919 -0.0107253 0.999942 0.954067 70.6165 154.363</i>
                        <i>0.999943 -0.0106322 0.000298246 0.0106284 0.999887 0.0106092 -0.000411012 -0.0106054 0.999944 0.973121 71.3208 157.448</i>
                        <i>0.999932 -0.0116811 0.000334105 0.011677 0.999878 0.0103796 -0.000455309 -0.010375 0.999946 0.992209 72.025 160.539</i>
                        <i>0.99992 -0.0126309 0.000368243 0.0126266 0.99987 0.0100279 -0.000494857 -0.0100225 0.99995 1.01133 72.7291 163.635</i>
                        <i>0.999909 -0.013472 0.000400214 0.0134676 0.999864 0.00954272 -0.000528719 -0.00953646 0.999954 1.03049 73.433 166.737</i>
                        <i>0.999899 -0.0141948 0.000429548 0.0141904 0.99986 0.00891239 -0.000555997 -0.0089054 0.99996 1.04968 74.1368 169.844</i>
                        <i>0.999891 -0.0147896 0.000455754 0.0147854 0.999858 0.00812545 -0.000575862 -0.00811782 0.999967 1.0689 74.8403 172.956</i>
                        <i>0.999884 -0.0152469 0.000478319 0.015243 0.999858 0.00717035 -0.000587577 -0.00716222 0.999974 1.08816 75.5437 176.074</i>
                        <i>0.999884 -0.0152466 0.0004868 0.015243 0.999862 0.00661418 -0.000587577 -0.00660599 0.999978 1.10746 76.248 179.197</i>
                        <i>0.999884 -0.0152463 0.000495295 0.015243 0.999865 0.00605707 -0.000587577 -0.00604882 0.999982 1.12679 76.9526 182.325</i>
                        <i>0.999884 -0.015246 0.000503804 0.015243 0.999869 0.00549905 -0.000587577 -0.00549073 0.999985 1.14616 77.6573 185.459</i>
                        <i>0.999884 -0.0152457 0.000512327 0.015243 0.999872 0.00494012 -0.000587577 -0.00493173 0.999988 1.16556 78.3622 188.597</i>
                        <i>0.999884 -0.0152455 0.000520863 0.015243 0.999874 0.00438028 -0.000587577 -0.00437183 0.99999 1.18498 79.0672 191.741</i>
                        <i>0.999884 -0.0152452 0.000529413 0.015243 0.999876 0.00381954 -0.000587577 -0.00381102 0.999993 1.20444 79.7725 194.889</i>
                        <i>0.999884 -0.0152449 0.000537976 0.015243 0.999879 0.00325791 -0.000587577 -0.00324933 0.999995 1.22393 80.4779 198.043</i>
                        <i>0.999884 -0.0152446 0.000546552 0.015243 0.99988 0.0026954 -0.000587577 -0.00268676 0.999996 1.24345 81.1834 201.202</i>
                        <i>0.999884 -0.0152443 0.000555141 0.015243 0.999882 0.00213202 -0.000587577 -0.00212331 0.999998 1.263 81.8891 204.365</i>
                        <i>0.999884 -0.0152439 0.000563744 0.015243 0.999883 0.00156778 -0.000587577 -0.001559 0.999999 1.28258 82.595 207.533</i>
                        <i>0.999884 -0.0152436 0.000572359 0.015243 0.999883 0.00100268 -0.000587577 -0.000993835 0.999999 1.30219 83.301 210.706</i>
                        <i>0.999884 -0.0152433 0.000580987 0.015243 0.999884 0.00043673 -0.000587577 -0.000427823 1 1.32183 84.0072 213.884</i>
                        <i>0.999884 -0.015243 0.000589628 0.015243 0.999884 -0.000130054 -0.000587577 0.000139027 1 1.3415 84.7136 217.067</i>
                        <i>0.999884 -0.0152426 0.000598281 0.015243 0.999884 -0.000697668 -0.000587577 0.000706707 1 1.3612 85.4201 220.254</i>
                        <i>0.999884 -0.0152423 0.000606946 0.015243 0.999883 -0.0012661 -0.000587577 0.00127521 0.999999 1.38092 86.1267 223.445</i>
                        <i>0.999884 -0.0152419 0.000615624 0.015243 0.999882 -0.00183535 -0.000587577 0.00184452 0.999998 1.40068 86.8335 226.642</i>
                        <i>0.999884 -0.0152416 0.000624313 0.015243 0.999881 -0.00240541 -0.000587577 0.00241465 0.999997 1.42046 87.5405 229.843</i>
                        <i>0.999884 -0.0152412 0.000633015 0.015243 0.999879 -0.00297626 -0.000587577 0.00298556 0.999995 1.44027 88.2476 233.048</i>
                        <i>0.999884 -0.0152409 0.000641728 0.015243 0.999878 -0.0035479 -0.000587577 0.00355727 0.999994 1.4601 88.9548 236.258</i>
                        <i>0.999884 -0.0152405 0.000650453 0.015243 0.999875 -0.00412031 -0.000587577 0.00412975 0.999991 1.47997 89.6622 239.472</i>
                        <i>0.999884 -0.0152401 0.00065919 0.015243 0.999873 -0.0046935 -0.000587577 0.004703 0.999989 1.49986 90.3698 242.69</i>
                        <i>0.999884 -0.0152397 0.000667938 0.015243 0.99987 -0.00526745 -0.000587577 0.00527702 0.999986 1.51978 91.0775 245.913</i>
                        <i>0.999884 -0.0152393 0.000676697 0.015243 0.999867 -0.00584215 -0.000587577 0.00585179 0.999983 1.53972 91.7853 249.14</i>
                        <i>0.999884 -0.0152389 0.000685468 0.015243 0.999863 -0.0064176 -0.000587577 0.0064273 0.999979 1.55969 92.4932 252.371</i>
                        <i>0.999884 -0.0152385 0.000694249 0.015243 0.999859 -0.00699378 -0.000587577 0.00700355 0.999975 1.57968 93.2013 255.607</i>
                        <i>0.999884 -0.0152381 0.000703042 0.015243 0.999855 -0.00757069 -0.000587577 0.00758053 0.999971 1.5997 93.9096 258.846</i>
                        <i>0.999884 -0.0152377 0.000711845 0.015243 0.999851 -0.00814833 -0.000587577 0.00815823 0.999967 1.61975 94.6179 262.09</i>
                        <i>0.999884 -0.0152373 0.000720659 0.015243 0.999846 -0.00872667 -0.000587577 0.00873664 0.999962 1.63982 95.3264 265.337</i>
                        <i>0.999884 -0.0152369 0.000729483 0.015243 0.99984 -0.00930572 -0.000587577 0.00931575 0.999956 1.65991 96.0351 268.589</i>
                        <i>0.999884 -0.0152365 0.000738318 0.015243 0.999835 -0.00988546 -0.000587577 0.00989556 0.999951 1.68003 96.7438 271.844</i>
                        <i>0.999884 -0.015236 0.000747163 0.015243 0.999829 -0.0104659 -0.000587577 0.0104761 0.999945 1.70017 97.4527 275.103</i>
                        <i>0.999884 -0.0152356 0.000756018 0.015243 0.999823 -0.011047 -0.000587577 0.0110572 0.999939 1.72034 98.1618 278.367</i>
                        <i>0.999884 -0.0152352 0.000764884 0.015243 0.999816 -0.0116288 -0.000587577 0.0116391 0.999932 1.74053 98.8709 281.633</i>
