<?xml version="1.0" encoding="ISO-8859-1" ?>
<Animl Version="1">
    <ModellingPackage><![CDATA[Maya.2010]]></ModellingPackage>
    <SrcFile><![CDATA[anims\vehicles\red\~src\air\helicopter_mi8hip\mi8hip_forward.mb]]></SrcFile>
    <FramesPerSecond>30</FramesPerSecond>
    <TotalFrames>61</TotalFrames>
    <Skeleton>
        <RefFrame>
            <Name><![CDATA[mi8hip_ref_frame]]></Name>
            <Exclude>0</Exclude>
            <Additive>0</Additive>
            <IKPriority>0</IKPriority>
            <IKRotLimits>-1e+010 -1e+010 -1e+010 1e+010 1e+010 1e+010</IKRotLimits>
            <IKRotLimitOrder>0</IKRotLimitOrder>
            <KeyFrames count="61">
                <i>1 0 0 0 1 0 0 0 1 0 30 0</i>
                <i>1 0 0 0 1 0 0 0 1 0 30 0</i>
                <i>1 0 0 0 1 0 0 0 1 0 30 0</i>
                <i>1 0 0 0 1 0 0 0 1 0 30 0</i>
                <i>1 0 0 0 1 0 0 0 1 0 30 0</i>
                <i>1 0 0 0 1 0 0 0 1 0 30 0</i>
                <i>1 0 0 0 1 0 0 0 1 0 30 0</i>
                <i>1 0 0 0 1 0 0 0 1 0 30 0</i>
                <i>1 0 0 0 1 0 0 0 1 0 30 0</i>
                <i>1 0 0 0 1 0 0 0 1 0 30 0</i>
                <i>1 0 0 0 1 0 0 0 1 0 30 0</i>
                <i>1 0 0 0 1 0 0 0 1 0 30 0</i>
                <i>1 0 0 0 1 0 0 0 1 0 30 0</i>
                <i>1 0 0 0 1 0 0 0 1 0 30 0</i>
                <i>1 0 0 0 1 0 0 0 1 0 30 0</i>
                <i>1 0 0 0 1 0 0 0 1 0 30 0</i>
                <i>1 0 0 0 1 0 0 0 1 0 30 0</i>
                <i>1 0 0 0 1 0 0 0 1 0 30 0</i>
                <i>1 0 0 0 1 0 0 0 1 0 30 0</i>
                <i>1 0 0 0 1 0 0 0 1 0 30 0</i>
                <i>1 0 0 0 1 0 0 0 1 0 30 0</i>
                <i>1 0 0 0 1 0 0 0 1 0 30 0</i>
                <i>1 0 0 0 1 0 0 0 1 0 30 0</i>
                <i>1 0 0 0 1 0 0 0 1 0 30 0</i>
                <i>1 0 0 0 1 0 0 0 1 0 30 0</i>
                <i>1 0 0 0 1 0 0 0 1 0 30 0</i>
                <i>1 0 0 0 1 0 0 0 1 0 30 0</i>
                <i>1 0 0 0 1 0 0 0 1 0 30 0</i>
                <i>1 0 0 0 1 0 0 0 1 0 30 0</i>
                <i>1 0 0 0 1 0 0 0 1 0 30 0</i>
                <i>1 0 0 0 1 0 0 0 1 0 30 0</i>
                <i>1 0 0 0 1 0 0 0 1 0 30 0</i>
                <i>1 0 0 0 1 0 0 0 1 0 30 0</i>
                <i>1 0 0 0 1 0 0 0 1 0 30 0</i>
                <i>1 0 0 0 1 0 0 0 1 0 30 0</i>
                <i>1 0 0 0 1 0 0 0 1 0 30 0</i>
                <i>1 0 0 0 1 0 0 0 1 0 30 0</i>
                <i>1 0 0 0 1 0 0 0 1 0 30 0</i>
                <i>1 0 0 0 1 0 0 0 1 0 30 0</i>
                <i>1 0 0 0 1 0 0 0 1 0 30 0</i>
                <i>1 0 0 0 1 0 0 0 1 0 30 0</i>
                <i>1 0 0 0 1 0 0 0 1 0 30 0</i>
                <i>1 0 0 0 1 0 0 0 1 0 30 0</i>
                <i>1 0 0 0 1 0 0 0 1 0 30 0</i>
                <i>1 0 0 0 1 0 0 0 1 0 30 0</i>
                <i>1 0 0 0 1 0 0 0 1 0 30 0</i>
                <i>1 0 0 0 1 0 0 0 1 0 30 0</i>
                <i>1 0 0 0 1 0 0 0 1 0 30 0</i>
                <i>1 0 0 0 1 0 0 0 1 0 30 0</i>
                <i>1 0 0 0 1 0 0 0 1 0 30 0</i>
                <i>1 0 0 0 1 0 0 0 1 0 30 0</i>
                <i>1 0 0 0 1 0 0 0 1 0 30 0</i>
                <i>1 0 0 0 1 0 0 0 1 0 30 0</i>
                <i>1 0 0 0 1 0 0 0 1 0 30 0</i>
                <i>1 0 0 0 1 0 0 0 1 0 30 0</i>
                <i>1 0 0 0 1 0 0 0 1 0 30 0</i>
                <i>1 0 0 0 1 0 0 0 1 0 30 0</i>
                <i>1 0 0 0 1 0 0 0 1 0 30 0</i>
                <i>1 0 0 0 1 0 0 0 1 0 30 0</i>
                <i>1 0 0 0 1 0 0 0 1 0 30 0</i>
                <i>1 0 0 0 1 0 0 0 1 0 30 0</i>
            </KeyFrames>
        </RefFrame>
        <Bones count="9">
            <i>
                <p>
                    <Name><![CDATA[mi8hip_root]]></Name>
                    <Exclude>0</Exclude>
                    <Additive>0</Additive>
                    <IKPriority>0</IKPriority>
                    <IKRotLimits>-1e+010 -1e+010 -1e+010 1e+010 1e+010 1e+010</IKRotLimits>
                    <IKRotLimitOrder>0</IKRotLimitOrder>
                    <KeyFrames count="61">
                        <i>0.999884 -0.0152544 5.42101e-020 0.015243 0.999142 0.0385186 -0.000587577 -0.0385141 0.999258 0 33.6573 0</i>
                        <i>0.999882 -0.0153801 5.42101e-020 0.0153686 0.999132 0.0387276 -0.000595635 -0.038723 0.99925 6.25085e-006 33.6565 -6.55856e-005</i>
                        <i>0.999883 -0.0152933 0 0.0152817 0.999129 0.0388267 -0.000593787 -0.0388222 0.999246 1.51622e-005 33.6552 -0.000159086</i>
                        <i>0.999887 -0.0150074 5.42101e-020 0.0149961 0.999134 0.0388226 -0.000582627 -0.0388183 0.999246 2.64736e-005 33.6533 -0.000277768</i>
                        <i>0.999894 -0.0145361 0 0.0145252 0.999144 0.0387222 -0.000562869 -0.0387181 0.99925 3.9925e-005 33.6511 -0.000418904</i>
                        <i>0.999904 -0.0138928 5.42101e-020 0.0138825 0.999161 0.0385322 -0.00053532 -0.0385284 0.999257 5.52564e-005 33.6484 -0.000579765</i>
                        <i>0.999914 -0.0130912 0 0.0130816 0.999182 0.0382593 -0.000500859 -0.038256 0.999268 7.22074e-005 33.6455 -0.000757619</i>
                        <i>0.999926 -0.0121447 0 0.012136 0.999207 0.0379104 -0.000460411 -0.0379076 0.999281 9.05179e-005 33.6422 -0.000949739</i>
                        <i>0.999939 -0.011067 -2.71051e-020 0.0110592 0.999236 0.0374922 -0.000414925 -0.0374899 0.999297 0.000109928 33.6387 -0.00115339</i>
                        <i>0.999951 -0.00987154 -2.71051e-020 0.00986478 0.999266 0.0370114 -0.00036536 -0.0370096 0.999315 0.000130177 33.635 -0.00136585</i>
                        <i>0.999963 -0.00857193 0 0.00856622 0.999298 0.036475 -0.000312661 -0.0364736 0.999335 0.000151005 33.6312 -0.00158439</i>
                        <i>0.999974 -0.00718169 2.71051e-020 0.00717707 0.99933 0.0358895 -0.000257747 -0.0358886 0.999356 0.000172152 33.6273 -0.00180627</i>
                        <i>0.999984 -0.00571441 0 0.00571085 0.999362 0.0352619 -0.000201501 -0.0352613 0.999378 0.000193358 33.6234 -0.00202877</i>
                        <i>0.999991 -0.00418362 1.35525e-020 0.00418111 0.999393 0.0345988 -0.000144748 -0.0345985 0.999401 0.000214363 33.6195 -0.00224915</i>
                        <i>0.999997 -0.00260289 0 0.00260139 0.999422 0.033907 -8.82561e-005 -0.0339069 0.999425 0.000234906 33.6157 -0.00246469</i>
                        <i>1 -0.000985771 -3.38813e-021 0.000985228 0.999448 0.0331934 -3.27211e-005 -0.0331934 0.999449 0.000254727 33.612 -0.00267266</i>
                        <i>1 0.000654166 -1.69407e-021 -0.000653822 0.999473 0.0324647 2.12373e-005 -0.0324646 0.999473 0.000273566 33.6085 -0.00287033</i>
                        <i>0.999997 0.00230339 6.77626e-021 -0.00230223 0.999494 0.0317276 7.3081e-005 -0.0317275 0.999497 0.000291164 33.6052 -0.00305497</i>
                        <i>0.999992 0.00394829 0 -0.0039464 0.999512 0.0309889 0.000122353 -0.0309887 0.99952 0.000307259 33.6022 -0.00322384</i>
                        <i>0.999984 0.00557534 0 -0.00557278 0.999527 0.0302555 0.000168685 -0.030255 0.999542 0.000321591 33.5995 -0.00337422</i>
                        <i>0.999974 0.00717096 -1.35525e-020 -0.00716784 0.999538 0.029534 0.000211787 -0.0295333 0.999564 0.000333901 33.5971 -0.00350338</i>
                        <i>0.999962 0.00872161 0 -0.00871799 0.999546 0.0288314 0.000251456 -0.0288303 0.999584 0.000343929 33.5952 -0.00360859</i>
                        <i>0.999948 0.0102137 -2.71051e-020 -0.0102097 0.999551 0.0281542 0.000287559 -0.0281527 0.999604 0.000351413 33.5938 -0.00368712</i>
                        <i>0.999932 0.0116338 0 -0.0116294 0.999554 0.0275094 0.000320038 -0.0275075 0.999622 0.000356095 33.5929 -0.00373624</i>
                        <i>0.999916 0.0129681 2.71051e-020 -0.0129634 0.999554 0.0269037 0.00034889 -0.0269014 0.999638 0.000357713 33.5926 -0.00375322</i>
                        <i>0.999899 0.0142033 2.71051e-020 -0.0141984 0.999552 0.0263438 0.00037417 -0.0263412 0.999653 0.000357168 33.5928 -0.00374751</i>
                        <i>0.999883 0.0153258 -2.71051e-020 -0.0153206 0.999549 0.0258366 0.000395966 -0.0258336 0.999666 0.000355566 33.5933 -0.0037307</i>
                        <i>0.999867 0.0163219 0 -0.0163166 0.999545 0.0253889 0.000414394 -0.0253855 0.999678 0.000352952 33.5941 -0.00370326</i>
                        <i>0.999853 0.0171209 0 -0.0171155 0.999541 0.0250073 0.000428148 -0.0250037 0.999687 0.000349371 33.5953 -0.0036657</i>
                        <i>0.999844 0.0176587 -2.71051e-020 -0.0176534 0.999539 0.0246988 0.000436149 -0.0246949 0.999695 0.000344871 33.5967 -0.00361848</i>
                        <i>0.999839 0.0179322 0 -0.0179268 0.99954 0.02447 0.000438801 -0.0244661 0.999701 0.000339496 33.5983 -0.00356208</i>
                        <i>0.999839 0.017938 -2.71051e-020 -0.0179327 0.999543 0.0243277 0.000436391 -0.0243238 0.999704 0.000333293 33.6002 -0.003497</i>
                        <i>0.999844 0.0176728 -2.71051e-020 -0.0176676 0.999549 0.0242788 0.000429075 -0.024275 0.999705 0.000326309 33.6023 -0.00342372</i>
                        <i>0.999853 0.0171334 0 -0.0171283 0.999557 0.0243488 0.000417178 -0.0243452 0.999704 0.000318588 33.6045 -0.00334271</i>
                        <i>0.999867 0.0163165 0 -0.0163116 0.999565 0.0245511 0.000400588 -0.0245478 0.999699 0.000310177 33.607 -0.00325446</i>
                        <i>0.999883 0.0153097 -2.71051e-020 -0.0153049 0.999573 0.0248742 0.000380815 -0.0248712 0.999691 0.000301122 33.6095 -0.00315946</i>
                        <i>0.999899 0.0142091 -2.71051e-020 -0.0142046 0.999579 0.0253065 0.000359583 -0.0253039 0.99968 0.00029147 33.6122 -0.00305818</i>
                        <i>0.999915 0.0130245 0 -0.0130202 0.999581 0.0258365 0.000336509 -0.0258344 0.999666 0.000281265 33.615 -0.00295111</i>
                        <i>0.999931 0.0117655 2.71051e-020 -0.0117614 0.999581 0.0264528 0.00031123 -0.026451 0.99965 0.000270554 33.6179 -0.00283873</i>
                        <i>0.999945 0.0104416 0 -0.0104378 0.999577 0.0271438 0.000283426 -0.0271423 0.999632 0.000259383 33.6208 -0.00272152</i>
                        <i>0.999959 0.00906263 0 -0.00905911 0.99957 0.027898 0.000252829 -0.0278968 0.999611 0.000247798 33.6238 -0.00259997</i>
                        <i>0.999971 0.00763811 0 -0.00763496 0.999559 0.0287038 0.000219243 -0.028703 0.999588 0.000235845 33.6268 -0.00247455</i>
                        <i>0.999981 0.0061777 0 -0.006175 0.999544 0.0295498 0.00018255 -0.0295493 0.999563 0.000223571 33.6298 -0.00234576</i>
                        <i>0.999989 0.00469105 0 -0.00468888 0.999526 0.0304244 0.000142723 -0.0304241 0.999537 0.00021102 33.6327 -0.00221407</i>
                        <i>0.999995 0.00318781 0 -0.00318624 0.999504 0.0313162 9.98299e-005 -0.031316 0.99951 0.000198239 33.6356 -0.00207997</i>
                        <i>0.999999 0.0016776 0 -0.00167673 0.99948 0.0322135 5.40415e-005 -0.0322135 0.999481 0.000185274 33.6384 -0.00194394</i>
                        <i>1 0.000170085 4.23516e-022 -0.000169991 0.999452 0.0331049 5.63064e-006 -0.0331049 0.999452 0.000172171 33.6411 -0.00180646</i>
                        <i>0.999999 -0.00132513 3.38813e-021 0.00132436 0.999422 0.0339789 -4.50264e-005 -0.0339789 0.999423 0.000158976 33.6437 -0.00166802</i>
                        <i>0.999996 -0.00279834 0 0.00279665 0.99939 0.034824 -9.74495e-005 -0.0348238 0.999393 0.000145735 33.6462 -0.00152909</i>
                        <i>0.999991 -0.00423995 -1.35525e-020 0.00423726 0.999356 0.0356286 -0.000151063 -0.0356283 0.999365 0.000132494 33.6485 -0.00139016</i>
                        <i>0.999984 -0.0056403 0 0.00563657 0.999322 0.0363812 -0.000205201 -0.0363806 0.999338 0.000119299 33.6507 -0.00125172</i>
                        <i>0.999976 -0.00698976 0 0.00698496 0.999288 0.0370704 -0.000259113 -0.0370695 0.999313 0.000106196 33.6526 -0.00111424</i>
                        <i>0.999966 -0.00827869 0 0.00827281 0.999255 0.0376846 -0.000311979 -0.0376833 0.99929 9.3231e-005 33.6543 -0.000978205</i>
                        <i>0.999955 -0.00949744 -2.71051e-020 0.0094905 0.999225 0.0382124 -0.000362919 -0.0382106 0.99927 8.045e-005 33.6558 -0.000844104</i>
                        <i>0.999943 -0.0106364 0 0.0106284 0.999197 0.0386421 -0.000411012 -0.0386399 0.999253 6.78991e-005 33.6569 -0.000712416</i>
                        <i>0.999932 -0.0116859 0 0.011677 0.999172 0.0389624 -0.000455309 -0.0389597 0.999241 5.56242e-005 33.6579 -0.000583625</i>
                        <i>0.99992 -0.0126363 0 0.0126266 0.999153 0.0391616 -0.000494857 -0.0391585 0.999233 4.36714e-005 33.6584 -0.000458212</i>
                        <i>0.999909 -0.013478 0 0.0134676 0.999139 0.0392284 -0.000528719 -0.0392249 0.99923 3.20865e-005 33.6587 -0.00033666</i>
                        <i>0.999899 -0.0142013 -5.42101e-020 0.0141904 0.999133 0.0391512 -0.000555997 -0.0391472 0.999233 2.09156e-005 33.6586 -0.000219452</i>
                        <i>0.999891 -0.0147966 0 0.0147854 0.999133 0.0389184 -0.000575862 -0.0389142 0.999242 1.02048e-005 33.6582 -0.000107072</i>
                        <i>0.999884 -0.0152544 5.42101e-020 0.015243 0.999142 0.0385186 -0.000587577 -0.0385141 0.999258 0 33.6573 0</i>
                    </KeyFrames>
                </p>
            </i>
            <i>
                <p>
                    <Name><![CDATA[rotor]]></Name>
                    <Exclude>0</Exclude>
                    <Additive>0</Additive>
                    <IKPriority>0</IKPriority>
                    <IKRotLimits>-1e+010 -1e+010 -1e+010 1e+010 1e+010 1e+010</IKRotLimits>
                    <IKRotLimitOrder>0</IKRotLimitOrder>
                    <KeyFrames count="61">
                        <i>-0.700635 -0.0168108 0.713322 0.015243 0.999142 0.0385186 -0.713357 0.0378607 -0.699777 0.0390975 36.22 0.0987981</i>
                        <i>-0.932049 0.000292279 0.362332 0.0153686 0.999132 0.0387276 -0.362006 0.0416646 -0.931244 0.0394257 36.2192 0.0992686</i>
                        <i>-0.998455 0.0173234 -0.0528045 0.0152817 0.999129 0.0388267 0.0534311 0.0379598 -0.99785 0.039212 36.2179 0.0994292</i>
                        <i>-0.888104 0.0311486 -0.458585 0.0149961 0.999134 0.0388226 0.459397 0.0276016 -0.887802 0.0384906 36.2161 0.0993001</i>
                        <i>-0.620543 0.0393738 -0.783183 0.0145252 0.999144 0.0387222 0.784038 0.0126529 -0.620584 0.0372962 36.2138 0.0989013</i>
                        <i>-0.243137 0.0407524 -0.969135 0.0138825 0.999161 0.0385322 0.969893 -0.00408541 -0.243499 0.0356631 36.2112 0.098253</i>
                        <i>0.177308 0.0353382 -0.983521 0.0130816 0.999182 0.0382593 0.984069 -0.0196497 0.1767 0.0336258 36.2083 0.0973753</i>
                        <i>0.566372 0.024376 -0.823789 0.012136 0.999207 0.0379104 0.82406 -0.0314689 0.565627 0.0312186 36.2051 0.0962882</i>
                        <i>0.855194 0.00997876 -0.518212 0.0110592 0.999236 0.0374922 0.518191 -0.0377941 0.85443 0.0284762 36.2017 0.0950119</i>
                        <i>0.992652 -0.00532214 -0.120883 0.00986478 0.999266 0.0370114 0.120597 -0.037932 0.991976 0.0254328 36.1981 0.0935664</i>
                        <i>0.954419 -0.0190536 0.297862 0.00856622 0.999298 0.036475 -0.298348 -0.0322608 0.953912 0.0221229 36.1944 0.0919718</i>
                        <i>0.747258 -0.0292094 0.663891 0.00717707 0.99933 0.0358895 -0.664495 -0.0220539 0.746967 0.0185809 36.1906 0.0902483</i>
                        <i>0.407835 -0.0345241 0.912403 0.00571085 0.999362 0.0352619 -0.913038 -0.00917043 0.407772 0.0148414 36.1867 0.0884159</i>
                        <i>-0.00377714 -0.034583 0.999395 0.00418111 0.999393 0.0345988 -0.999984 0.00430927 -0.00363025 0.0109387 36.1829 0.0864947</i>
                        <i>-0.414726 -0.0297754 0.909459 0.00260139 0.999422 0.033907 -0.909942 0.016428 -0.414409 0.00690732 36.1792 0.0845049</i>
                        <i>-0.752276 -0.0211286 0.658509 0.000985228 0.999448 0.0331934 -0.658847 0.0256194 -0.751841 0.00278178 36.1755 0.0824665</i>
                        <i>-0.956681 -0.0100769 0.290964 -0.000653822 0.999473 0.0324647 -0.291138 0.0308681 -0.956183 -0.00140345 36.1721 0.0803996</i>
                        <i>-0.991758 0.00178245 -0.128116 -0.00230223 0.999494 0.0317276 0.128108 0.031761 -0.991252 -0.00561393 36.1688 0.0783244</i>
                        <i>-0.851295 0.0129013 -0.524528 -0.0039464 0.999512 0.0309889 0.524672 0.0284507 -0.850829 -0.00981502 36.1658 0.076261</i>
                        <i>-0.560156 0.0219432 -0.828096 -0.00557278 0.999527 0.0302555 0.828368 0.0215626 -0.559769 -0.0139723 36.1632 0.0742294</i>
                        <i>-0.169873 0.0278884 -0.985071 -0.00716784 0.999538 0.029534 0.98544 0.0120779 -0.169595 -0.0180512 36.1609 0.0722497</i>
                        <i>0.250472 0.0300961 -0.967656 -0.00871799 0.999546 0.0288314 0.968085 0.00121455 0.250621 -0.0220172 36.159 0.0703422</i>
                        <i>0.626475 0.0283389 -0.778926 -0.0102097 0.999551 0.0281542 0.779374 -0.00968534 0.626484 -0.0258358 36.1576 0.0685268</i>
                        <i>0.89158 0.0228208 -0.452288 -0.0116294 0.999554 0.0275094 0.452714 -0.019267 0.891448 -0.0294725 36.1567 0.0668238</i>
                        <i>0.998861 0.0141809 -0.0455658 -0.0129634 0.999554 0.0269037 0.0459269 -0.0262823 0.998599 -0.0328928 36.1564 0.0652532</i>
                        <i>0.929329 0.00346943 0.369236 -0.0141984 0.999552 0.0263438 -0.368979 -0.0297246 0.928962 -0.0360609 36.1566 0.0638229</i>
                        <i>0.695296 -0.00791949 0.71868 -0.0153206 0.999549 0.0258366 -0.718561 -0.0289747 0.69486 -0.038941 36.1571 0.0625388</i>
                        <i>0.338189 -0.0183786 0.940899 -0.0163166 0.999545 0.0253889 -0.940937 -0.0239385 0.337735 -0.0414983 36.1579 0.0614178</i>
                        <i>-0.0787759 -0.0262813 0.996546 -0.0171155 0.999541 0.0250073 -0.996745 -0.0150864 -0.0791896 -0.043551 36.159 0.0604767</i>
                        <i>-0.481792 -0.0301495 0.875767 -0.0176534 0.999539 0.0246988 -0.876108 -0.00356055 -0.482102 -0.044935 36.1604 0.0597325</i>
                        <i>-0.799517 -0.0290267 0.599942 -0.0179268 0.99954 0.02447 -0.600376 0.00880911 -0.799669 -0.0456418 36.1621 0.059202</i>
                        <i>-0.975704 -0.0228085 0.217902 -0.0179327 0.999543 0.0243277 -0.218357 0.0198291 -0.975667 -0.045663 36.164 0.0589023</i>
                        <i>-0.979158 -0.0123831 -0.202723 -0.0176676 0.999549 0.0242788 0.202331 0.0273544 -0.978935 -0.0449901 36.166 0.0588501</i>
                        <i>-0.809259 0.000442687 -0.587452 -0.0171283 0.999557 0.0243488 0.587202 0.0297666 -0.808893 -0.0436146 36.1683 0.0591106</i>
                        <i>-0.496078 0.0132286 -0.868177 -0.0163116 0.999565 0.0245511 0.868125 0.0263406 -0.495647 -0.0415281 36.1708 0.0597177</i>
                        <i>-0.0950545 0.0233099 -0.995199 -0.0153049 0.999573 0.0248742 0.995354 0.0175959 -0.0946572 -0.0389552 36.1734 0.0606413</i>
                        <i>0.322813 0.0285382 -0.946032 -0.0142046 0.999579 0.0253065 0.946356 0.00526873 0.323083 -0.0361425 36.1761 0.0618515</i>
                        <i>0.68354 0.0277562 -0.729385 -0.0130202 0.999581 0.0258365 0.729797 -0.00816358 0.683615 -0.0331148 36.1789 0.0633181</i>
                        <i>0.923253 0.0210153 -0.383618 -0.0117614 0.999581 0.0264528 0.384013 -0.0199108 0.923113 -0.0298967 36.1818 0.0650113</i>
                        <i>0.999502 0.00962096 0.0300513 -0.0104378 0.999577 0.0271438 -0.0297775 -0.027444 0.99918 -0.026513 36.1847 0.0669008</i>
                        <i>0.898778 -0.00408967 0.438384 -0.00905911 0.99957 0.027898 -0.438309 -0.0290455 0.898355 -0.0229883 36.1876 0.0689568</i>
                        <i>0.638909 -0.0172054 0.76909 -0.00763496 0.999559 0.0287038 -0.769245 -0.0242111 0.638495 -0.0193474 36.1906 0.0711491</i>
                        <i>0.2659 -0.0268453 0.963627 -0.006175 0.999544 0.0295498 -0.963981 -0.0138077 0.265613 -0.015615 36.1935 0.0734478</i>
                        <i>-0.1542 -0.0307836 0.98756 -0.00468888 0.999526 0.0304244 -0.988028 6.09051e-005 -0.154271 -0.0118157 36.1964 0.0758229</i>
                        <i>-0.547005 -0.0279578 0.836662 -0.00318624 0.999504 0.0313162 -0.837123 0.0144643 -0.546823 -0.00797429 36.1993 0.0782442</i>
                        <i>-0.842955 -0.018743 0.537658 -0.00167673 0.99948 0.0322135 -0.537982 0.026253 -0.842547 -0.00411545 36.202 0.0806819</i>
                        <i>-0.98964 -0.00492111 0.143489 -0.000169991 0.999452 0.0331049 -0.143573 0.0327376 -0.989098 -0.000263848 36.2047 0.0831058</i>
                        <i>-0.96108 0.0106594 -0.276065 0.00132436 0.999422 0.0339789 0.276268 0.0322908 -0.960538 0.00355589 36.2072 0.085486</i>
                        <i>-0.762331 0.0246683 -0.646717 0.00279665 0.99939 0.034824 0.647181 0.0247388 -0.761935 0.00731898 36.2096 0.0877924</i>
                        <i>-0.42859 0.0340055 -0.902859 0.00423726 0.999356 0.0356286 0.903489 0.0114444 -0.428458 0.0110008 36.2118 0.0899951</i>
                        <i>-0.0189569 0.0364821 -0.999154 0.00563657 0.999322 0.0363812 0.999804 -0.00494213 -0.0191497 0.0145768 36.2139 0.0920641</i>
                        <i>0.394026 0.0313216 -0.918565 0.00698496 0.999288 0.0370704 0.919073 -0.0210229 0.393527 0.0180222 36.2157 0.0939692</i>
                        <i>0.737227 0.0193664 -0.675367 0.00827281 0.999255 0.0376846 0.675594 -0.0333693 0.736518 0.0213125 36.2173 0.0956807</i>
                        <i>0.949874 0.00293346 -0.31262 0.0094905 0.999225 0.0382124 0.31249 -0.0392638 0.949109 0.024423 36.2187 0.0971684</i>
                        <i>0.994316 -0.0146548 0.105456 0.0106284 0.999197 0.0386421 -0.105938 -0.0373016 0.993673 0.0273292 36.2198 0.0984024</i>
                        <i>0.862693 -0.0297685 0.504852 0.011677 0.999172 0.0389624 -0.505594 -0.0277174 0.862326 0.0300065 36.2207 0.0993526</i>
                        <i>0.578319 -0.0392469 0.814866 0.0126266 0.999153 0.0391616 -0.815713 -0.012359 0.578325 0.0324301 36.2212 0.0999892</i>
                        <i>0.191558 -0.0410834 0.980621 0.0134676 0.999139 0.0392284 -0.981389 0.00569209 0.191946 0.0345757 36.2215 0.100282</i>
                        <i>-0.229107 -0.0348645 0.972777 0.0141904 0.999133 0.0391512 -0.973298 0.0227739 -0.228413 0.0364185 36.2213 0.100201</i>
                        <i>-0.609193 -0.0218632 0.792721 0.0147854 0.999133 0.0389184 -0.792884 0.0354295 -0.608341 0.037934 36.2209 0.0997164</i>
                        <i>-0.881412 -0.00476194 0.472324 0.015243 0.999142 0.0385186 -0.472102 0.0411504 -0.880583 0.0390975 36.22 0.0987981</i>
                    </KeyFrames>
                </p>
            </i>
            <i>
                <p>
                    <Name><![CDATA[blades]]></Name>
                    <Exclude>0</Exclude>
                    <Additive>0</Additive>
                    <IKPriority>0</IKPriority>
                    <IKRotLimits>-1e+010 -1e+010 -1e+010 1e+010 1e+010 1e+010</IKRotLimits>
                    <IKRotLimitOrder>0</IKRotLimitOrder>
                    <KeyFrames count="61">
                        <i>-0.700635 -0.0168108 0.713322 0.015243 0.999142 0.0385186 -0.713357 0.0378607 -0.699777 0.0554766 37.2936 0.140187</i>
                        <i>-0.932049 0.000292279 0.362332 0.0153945 0.999129 0.0387942 -0.362004 0.041736 -0.931242 0.0559556 37.2938 0.140923</i>
                        <i>-0.998455 0.0173234 -0.0528045 0.0152728 0.999123 0.0389939 0.0534337 0.0381272 -0.997843 0.0556632 37.2935 0.141227</i>
                        <i>-0.888104 0.0311486 -0.458585 0.0148646 0.999126 0.0390767 0.459402 0.0278875 -0.887791 0.0546479 37.2926 0.141129</i>
                        <i>-0.620543 0.0393738 -0.783183 0.0141918 0.999139 0.0389861 0.784044 0.0130777 -0.620568 0.0529582 37.2912 0.140654</i>
                        <i>-0.243137 0.0407524 -0.969135 0.0133174 0.999163 0.038674 0.9699 -0.0035033 -0.243477 0.0506428 37.2894 0.139831</i>
                        <i>0.177308 0.0353382 -0.983521 0.0123373 0.999197 0.0381256 0.984078 -0.0188939 0.176729 0.0477505 37.2872 0.138685</i>
                        <i>0.566372 0.024376 -0.823789 0.0113577 0.999237 0.0373762 0.824071 -0.0305252 0.565663 0.0443302 37.2846 0.137246</i>
                        <i>0.855194 0.00997876 -0.518212 0.010466 0.999278 0.036514 0.518203 -0.0366502 0.854472 0.0404309 37.2818 0.13554</i>
                        <i>0.992652 -0.00532214 -0.120883 0.00970133 0.999317 0.035667 0.120611 -0.0365777 0.992026 0.0361016 37.2788 0.133594</i>
                        <i>0.954419 -0.0190536 0.297862 0.00903579 0.999347 0.0349735 -0.298334 -0.030688 0.953968 0.0313913 37.2756 0.131437</i>
                        <i>0.747258 -0.0292094 0.663891 0.00837229 0.999368 0.0345459 -0.664481 -0.0202564 0.747031 0.0263494 37.2722 0.129095</i>
                        <i>0.407835 -0.0345241 0.912403 0.00756207 0.999378 0.034435 -0.913024 -0.00714415 0.407843 0.0210249 37.2688 0.126596</i>
                        <i>-0.00377714 -0.034583 0.999395 0.00643945 0.99938 0.0346069 -0.999972 0.00656627 -0.0035521 0.0154672 37.2653 0.123968</i>
                        <i>-0.414726 -0.0297754 0.909459 0.00486639 0.999378 0.0349385 -0.909933 0.0189157 -0.414323 0.00972555 37.2619 0.121238</i>
                        <i>-0.752276 -0.0211286 0.658509 0.00277589 0.999375 0.0352367 -0.658842 0.0283357 -0.751748 0.00384935 37.2585 0.118434</i>
                        <i>-0.956681 -0.0100769 0.290964 0.00020284 0.999377 0.035278 -0.291139 0.0338088 -0.956083 -0.00211203 37.2553 0.115584</i>
                        <i>-0.991758 0.00178245 -0.128116 -0.00270714 0.999389 0.0348606 0.1281 0.0349201 -0.991146 -0.00810931 37.2522 0.112714</i>
                        <i>-0.851295 0.0129013 -0.524528 -0.00571502 0.99941 0.0338569 0.524656 0.0318199 -0.85072 -0.0140929 37.2493 0.109853</i>
                        <i>-0.560156 0.0219432 -0.828096 -0.00853069 0.999443 0.0322541 0.828343 0.0251316 -0.559657 -0.0200134 37.2467 0.107028</i>
                        <i>-0.169873 0.0278884 -0.985071 -0.0108714 0.999486 0.0301712 0.985406 0.0158344 -0.169483 -0.0258216 37.2445 0.104267</i>
                        <i>0.250472 0.0300961 -0.967656 -0.0125239 0.999534 0.0278458 0.968043 0.0051442 0.250732 -0.0314679 37.2426 0.101597</i>
                        <i>0.626475 0.0283389 -0.778926 -0.0133958 0.999583 0.0255928 0.779326 -0.00559897 0.626594 -0.0369031 37.2411 0.0990459</i>
                        <i>0.89158 0.0228208 -0.452288 -0.0135426 0.999626 0.0237416 0.452661 -0.0150424 0.891556 -0.0420777 37.2402 0.0966415</i>
                        <i>0.998861 0.0141809 -0.0455658 -0.0131628 0.999659 0.0225655 0.0458702 -0.02194 0.998706 -0.0469425 37.2397 0.0944113</i>
                        <i>0.929329 0.00346943 0.369236 -0.0125603 0.999674 0.0222198 -0.369039 -0.0252873 0.92907 -0.051447 37.2398 0.0923705</i>
                        <i>0.695296 -0.00791949 0.71868 -0.0120801 0.999669 0.0227029 -0.718622 -0.0244669 0.69497 -0.0555407 37.2401 0.0905324</i>
                        <i>0.338189 -0.0183786 0.940899 -0.0120321 0.999643 0.0238508 -0.941001 -0.019387 0.337847 -0.0591739 37.2407 0.0889213</i>
                        <i>-0.0787759 -0.0262813 0.996546 -0.0125618 0.999599 0.0253688 -0.996813 -0.01052 -0.0790745 -0.0620883 37.2416 0.0875615</i>
                        <i>-0.481792 -0.0301495 0.875767 -0.0136641 0.999545 0.0268936 -0.876179 0.000990549 -0.481985 -0.0640506 37.2428 0.0864771</i>
                        <i>-0.799517 -0.0290267 0.599942 -0.0152196 0.99949 0.0280754 -0.600451 0.0133159 -0.799551 -0.0650489 37.2441 0.0856926</i>
                        <i>-0.975704 -0.0228085 0.217902 -0.0169635 0.999445 0.0286573 -0.218434 0.0242646 -0.97555 -0.0650715 37.2458 0.0852321</i>
                        <i>-0.979158 -0.0123831 -0.202723 -0.0185459 0.999421 0.0285288 0.202252 0.0316939 -0.978821 -0.0641065 37.2476 0.0851199</i>
                        <i>-0.809259 0.000442687 -0.587452 -0.0196079 0.999422 0.0277644 0.587125 0.0339873 -0.808783 -0.0621423 37.2496 0.0854486</i>
                        <i>-0.496078 0.0132286 -0.868177 -0.0198563 0.99945 0.0265748 0.868051 0.0304219 -0.495542 -0.0591671 37.2517 0.0862667</i>
                        <i>-0.0950545 0.0233099 -0.995199 -0.0192117 0.999497 0.0252455 0.995287 0.0215192 -0.0945588 -0.0555005 37.254 0.0875315</i>
                        <i>0.322813 0.0285382 -0.946032 -0.0177537 0.999552 0.0240946 0.946296 0.00901756 0.323175 -0.0514935 37.2563 0.0892004</i>
                        <i>0.68354 0.0277562 -0.729385 -0.0156191 0.999604 0.0234019 0.729746 -0.00460377 0.683703 -0.0471812 37.2588 0.0912309</i>
                        <i>0.923253 0.0210153 -0.383618 -0.0130515 0.999642 0.0233513 0.383971 -0.0165524 0.923197 -0.0425991 37.2613 0.0935806</i>
                        <i>0.999502 0.00962096 0.0300513 -0.010344 0.999658 0.0239985 -0.0298102 -0.0242974 0.99926 -0.0377821 37.2639 0.0962067</i>
                        <i>0.898778 -0.00408967 0.438384 -0.00777584 0.99965 0.0252678 -0.438334 -0.0261189 0.898432 -0.0327657 37.2665 0.099067</i>
                        <i>0.638909 -0.0172054 0.76909 -0.00555688 0.999621 0.0269789 -0.769263 -0.0215108 0.63857 -0.027585 37.2691 0.102119</i>
                        <i>0.2659 -0.0268453 0.963627 -0.0037929 0.999575 0.0288934 -0.963993 -0.0113377 0.265686 -0.0222752 37.2716 0.10532</i>
                        <i>-0.1542 -0.0307836 0.98756 -0.00247691 0.999523 0.0307697 -0.988037 0.00229861 -0.154203 -0.0168714 37.2741 0.108627</i>
                        <i>-0.547005 -0.0279578 0.836662 -0.00150652 0.999473 0.0324133 -0.837128 0.0164698 -0.546759 -0.0114087 37.2766 0.111999</i>
                        <i>-0.842955 -0.018743 0.537658 -0.000721023 0.999431 0.0337102 -0.537984 0.0280285 -0.842489 -0.0059222 37.279 0.115393</i>
                        <i>-0.98964 -0.00492111 0.143489 5.26398e-005 0.9994 0.0346386 -0.143573 0.0342873 -0.989046 -0.000446965 37.2813 0.118767</i>
                        <i>-0.96108 0.0106594 -0.276065 0.000956603 0.999378 0.0352575 0.276269 0.0336212 -0.960492 0.00498208 37.2835 0.122078</i>
                        <i>-0.762331 0.0246683 -0.646717 0.00207175 0.999361 0.0356774 0.647184 0.0258581 -0.761895 0.0103298 37.2855 0.125283</i>
                        <i>-0.42859 0.0340055 -0.902859 0.00340651 0.999345 0.0360225 0.903493 0.0123633 -0.428425 0.0155614 37.2874 0.128342</i>
                        <i>-0.0189569 0.0364821 -0.999154 0.00490525 0.999326 0.0363952 0.999808 -0.00421116 -0.0191231 0.0206418 37.2892 0.131211</i>
                        <i>0.394026 0.0313216 -0.918565 0.00647203 0.9993 0.0368508 0.919076 -0.0204652 0.393548 0.0255363 37.2907 0.133848</i>
                        <i>0.737227 0.0193664 -0.675367 0.00800159 0.999269 0.0373889 0.675598 -0.0329682 0.736533 0.0302101 37.292 0.136211</i>
                        <i>0.949874 0.00293346 -0.31262 0.00940813 0.999235 0.0379622 0.312493 -0.0390004 0.949119 0.0346282 37.2932 0.138258</i>
                        <i>0.994316 -0.0146548 0.105456 0.010644 0.999202 0.0384964 -0.105936 -0.0371551 0.993679 0.0387559 37.2941 0.139947</i>
                        <i>0.862693 -0.0297685 0.504852 0.0117036 0.999174 0.038917 -0.505593 -0.0276648 0.862328 0.0425585 37.2947 0.141235</i>
                        <i>0.578319 -0.0392469 0.814866 0.0126133 0.999153 0.0391711 -0.815713 -0.0123752 0.578324 0.0460011 37.2951 0.14208</i>
                        <i>0.191558 -0.0410834 0.980621 0.0134106 0.99914 0.0392396 -0.98139 0.00563404 0.191944 0.049049 37.2952 0.14244</i>
                        <i>-0.229107 -0.0348645 0.972777 0.0141216 0.999134 0.039135 -0.973299 0.0227032 -0.228416 0.0516675 37.295 0.142273</i>
                        <i>-0.609193 -0.0218632 0.792721 0.0147442 0.999135 0.0388868 -0.792885 0.0353775 -0.608343 0.0538216 37.2945 0.141536</i>
                        <i>-0.881412 -0.00476194 0.472324 0.015243 0.999142 0.0385186 -0.472102 0.0411504 -0.880583 0.0554766 37.2936 0.140187</i>
                    </KeyFrames>
                </p>
            </i>
            <i>
                <p>
                    <Name><![CDATA[tail_rotor]]></Name>
                    <Exclude>0</Exclude>
                    <Additive>0</Additive>
                    <IKPriority>0</IKPriority>
                    <IKRotLimits>-1e+010 -1e+010 -1e+010 1e+010 1e+010 1e+010</IKRotLimits>
                    <IKRotLimitOrder>0</IKRotLimitOrder>
                    <KeyFrames count="61">
                        <i>0.999884 -0.0152544 5.42101e-020 0.00329658 0.216082 0.97637 -0.0148939 -0.976256 0.216107 0.0686138 38.1548 -20.0323</i>
                        <i>0.999882 -0.0153801 5.42101e-020 0.0120057 0.780506 0.625033 -0.00961307 -0.624959 0.780598 0.0692502 38.1581 -20.0314</i>
                        <i>0.999883 -0.0152933 0 0.0152932 0.999879 -0.00274236 4.19396e-005 0.00274204 0.999996 0.0688985 38.1588 -20.0311</i>
                        <i>0.999887 -0.0150074 5.42101e-020 0.0116623 0.777012 -0.629378 0.00944533 0.629307 0.7771 0.067621 38.1569 -20.0312</i>
                        <i>0.999894 -0.0145361 0 0.00305774 0.210333 -0.977625 0.0142108 0.977522 0.210355 0.0654823 38.1527 -20.0318</i>
                        <i>0.999904 -0.0138928 5.42101e-020 -0.00624547 -0.449503 -0.893257 0.0124099 0.893171 -0.449547 0.0625487 38.1463 -20.0328</i>
                        <i>0.999914 -0.0130912 0 -0.0119198 -0.910441 -0.413468 0.00541279 0.413433 -0.910519 0.0588881 38.1379 -20.0342</i>
                        <i>0.999926 -0.0121447 0 -0.0117609 -0.968321 0.249433 -0.0030293 -0.249415 -0.968392 0.0545692 38.1277 -20.036</i>
                        <i>0.999939 -0.011067 -2.71051e-020 -0.00661162 -0.597381 0.80193 -0.00887496 -0.801881 -0.597418 0.0496613 38.1158 -20.0381</i>
                        <i>0.999951 -0.00987154 -2.71051e-020 0.000377096 0.0381985 0.99927 -0.00986434 -0.999221 0.0382003 0.0442339 38.1026 -20.0404</i>
                        <i>0.999963 -0.00857193 0 0.00563124 0.656915 0.753943 -0.00646275 -0.753916 0.656939 0.0383561 38.0881 -20.0431</i>
                        <i>0.999974 -0.00718169 2.71051e-020 0.00707144 0.984622 0.174554 -0.00125359 -0.174549 0.984648 0.0320967 38.0725 -20.0459</i>
                        <i>0.999984 -0.00571441 0 0.00500612 0.876039 -0.482215 0.00275557 0.482207 0.876053 0.0255235 38.056 -20.0489</i>
                        <i>0.999991 -0.00418362 1.35525e-020 0.00158648 0.37921 -0.925309 0.00387114 0.925301 0.379213 0.0187033 38.0389 -20.0521</i>
                        <i>0.999997 -0.00260289 0 -0.000743682 -0.285713 -0.958315 0.00249438 0.958312 -0.285714 0.0117019 38.0212 -20.0553</i>
                        <i>1 -0.000985771 -3.38813e-021 -0.000812296 -0.82402 -0.56656 0.000558498 0.56656 -0.824021 0.00458342 38.0032 -20.0587</i>
                        <i>1 0.000654166 -1.69407e-021 0.000652258 -0.997082 0.0763355 4.99361e-005 -0.0763355 -0.997082 -0.00258943 37.985 -20.0621</i>
                        <i>0.999997 0.00230339 6.77626e-021 0.00167724 -0.728158 0.685407 0.00157876 -0.685405 -0.72816 -0.00975566 37.9669 -20.0655</i>
                        <i>0.999992 0.00394829 0 0.000538791 -0.136461 0.990645 0.00391136 -0.990638 -0.136462 -0.0168557 37.949 -20.0689</i>
                        <i>0.999984 0.00557534 0 -0.00287533 0.515714 0.856756 0.0047767 -0.856743 0.515722 -0.0238319 37.9316 -20.0722</i>
                        <i>0.999974 0.00717096 -1.35525e-020 -0.00673567 0.939274 0.343103 0.00246038 -0.343094 0.939298 -0.0306283 37.9147 -20.0754</i>
                        <i>0.999962 0.00872161 0 -0.00825527 0.946495 -0.322614 -0.00281372 0.322602 0.946531 -0.0371905 37.8987 -20.0786</i>
                        <i>0.999948 0.0102137 -2.71051e-020 -0.00545671 0.534225 -0.845325 -0.00863392 0.845281 0.534252 -0.0434655 37.8836 -20.0816</i>
                        <i>0.999932 0.0116338 0 0.00133526 -0.114766 -0.993392 -0.0115569 0.993324 -0.114774 -0.0494021 37.8697 -20.0844</i>
                        <i>0.999916 0.0129681 2.71051e-020 0.00924511 -0.71285 -0.701255 -0.00909397 0.701196 -0.71291 -0.0549499 37.8572 -20.087</i>
                        <i>0.999899 0.0142033 2.71051e-020 0.0141343 -0.995043 -0.0984316 -0.00139806 0.0984217 -0.995144 -0.0600586 37.846 -20.0894</i>
                        <i>0.999883 0.0153258 -2.71051e-020 0.0128201 -0.836407 0.547958 0.00839787 -0.547894 -0.836505 -0.0646784 37.8363 -20.0915</i>
                        <i>0.999867 0.0163219 0 0.00501675 -0.307322 0.951592 0.0155318 -0.951465 -0.307363 -0.0687612 37.828 -20.0934</i>
                        <i>0.999853 0.0171209 0 -0.00612674 0.357799 0.933778 0.0159871 -0.933641 0.357852 -0.0720168 37.8214 -20.095</i>
                        <i>0.999844 0.0176587 -2.71051e-020 -0.0152671 0.864428 0.502524 0.00887394 -0.502446 0.864563 -0.0741852 37.8166 -20.0962</i>
                        <i>0.999839 0.0179322 0 -0.0177262 0.988354 -0.151137 -0.00271023 0.151113 0.988513 -0.0752623 37.8136 -20.0971</i>
                        <i>0.999839 0.017938 -2.71051e-020 -0.0121077 0.674865 -0.737841 -0.0132354 0.737723 0.674974 -0.0752416 37.8126 -20.0977</i>
                        <i>0.999844 0.0176728 -2.71051e-020 -0.00111027 0.062814 -0.998025 -0.0176379 0.997869 0.0628238 -0.074114 37.8137 -20.0978</i>
                        <i>0.999853 0.0171334 0 0.00988626 -0.576931 -0.816733 -0.0139934 0.816613 -0.577016 -0.0718738 37.8175 -20.0974</i>
                        <i>0.999867 0.0163165 0 0.0156904 -0.961499 -0.274359 -0.00447657 0.274322 -0.961627 -0.0685065 37.824 -20.0965</i>
                        <i>0.999883 0.0153097 -2.71051e-020 0.0141026 -0.921046 0.389197 0.00595848 -0.389152 -0.921154 -0.0643685 37.8331 -20.095</i>
                        <i>0.999899 0.0142091 -2.71051e-020 0.00673057 -0.473631 0.880698 0.012514 -0.880609 -0.473679 -0.0598528 37.8446 -20.0931</i>
                        <i>0.999915 0.0130245 0 -0.00238317 0.18296 0.983117 0.0128046 -0.983034 0.182976 -0.0549876 37.8581 -20.0907</i>
                        <i>0.999931 0.0117655 2.71051e-020 -0.00892713 0.758704 0.651375 0.00766374 -0.65133 0.758756 -0.0498013 37.8734 -20.088</i>
                        <i>0.999945 0.0104416 0 -0.0104363 0.999431 0.032075 0.000334915 -0.0320732 0.999485 -0.0443234 37.8903 -20.0849</i>
                        <i>0.999959 0.00906263 0 -0.00724102 0.798964 -0.601335 -0.00544968 0.60131 0.798997 -0.0385843 37.9085 -20.0816</i>
                        <i>0.999971 0.00763811 0 -0.00187805 0.245871 -0.969301 -0.00740362 0.969272 0.245879 -0.032616 37.9277 -20.078</i>
                        <i>0.999981 0.0061777 0 0.00256819 -0.415711 -0.909493 -0.00561858 0.909476 -0.415719 -0.0264519 37.9477 -20.0742</i>
                        <i>0.999989 0.00469105 0 0.00419311 -0.893842 -0.448362 -0.00210329 0.448357 -0.893852 -0.0201275 37.9682 -20.0703</i>
                        <i>0.999995 0.00318781 0 0.00311632 -0.977569 0.210593 0.000671328 -0.210591 -0.977574 -0.0136799 37.9891 -20.0663</i>
                        <i>0.999999 0.0016776 0 0.00105683 -0.629964 0.776624 0.00130287 -0.776623 -0.629964 -0.00714838 38.0099 -20.0622</i>
                        <i>1 0.000170085 4.23516e-022 7.47282e-007 -0.00439359 0.99999 0.000170083 -0.99999 -0.00439359 -0.000574399 38.0305 -20.0582</i>
                        <i>0.999999 -0.00132513 3.38813e-021 0.000825735 0.623136 0.782113 -0.0010364 -0.782112 0.623137 0.00599872 38.0507 -20.0542</i>
                        <i>0.999996 -0.00279834 0 0.00273035 0.975699 0.219097 -0.000613109 -0.219096 0.975703 0.0125253 38.0701 -20.0503</i>
