<?xml version="1.0" encoding="ISO-8859-1" ?>
<Animl Version="1">
    <ModellingPackage><![CDATA[Maya.2010]]></ModellingPackage>
    <SrcFile><![CDATA[anims\vehicles\red\~src\air\helicopter_mi8hip\mi8hip_hover.mb]]></SrcFile>
    <FramesPerSecond>30</FramesPerSecond>
    <TotalFrames>61</TotalFrames>
    <Skeleton>
        <RefFrame>
            <Name><![CDATA[mi8hip_ref_frame]]></Name>
            <Exclude>0</Exclude>
            <Additive>0</Additive>
            <IKPriority>0</IKPriority>
            <IKRotLimits>-1e+010 -1e+010 -1e+010 1e+010 1e+010 1e+010</IKRotLimits>
            <IKRotLimitOrder>0</IKRotLimitOrder>
            <KeyFrames count="61">
                <i>1 0 0 0 1 0 0 0 1 0 30 0</i>
                <i>1 0 0 0 1 0 0 0 1 0 30 0</i>
                <i>1 0 0 0 1 0 0 0 1 0 30 0</i>
                <i>1 0 0 0 1 0 0 0 1 0 30 0</i>
                <i>1 0 0 0 1 0 0 0 1 0 30 0</i>
                <i>1 0 0 0 1 0 0 0 1 0 30 0</i>
                <i>1 0 0 0 1 0 0 0 1 0 30 0</i>
                <i>1 0 0 0 1 0 0 0 1 0 30 0</i>
                <i>1 0 0 0 1 0 0 0 1 0 30 0</i>
                <i>1 0 0 0 1 0 0 0 1 0 30 0</i>
                <i>1 0 0 0 1 0 0 0 1 0 30 0</i>
                <i>1 0 0 0 1 0 0 0 1 0 30 0</i>
                <i>1 0 0 0 1 0 0 0 1 0 30 0</i>
                <i>1 0 0 0 1 0 0 0 1 0 30 0</i>
                <i>1 0 0 0 1 0 0 0 1 0 30 0</i>
                <i>1 0 0 0 1 0 0 0 1 0 30 0</i>
                <i>1 0 0 0 1 0 0 0 1 0 30 0</i>
                <i>1 0 0 0 1 0 0 0 1 0 30 0</i>
                <i>1 0 0 0 1 0 0 0 1 0 30 0</i>
                <i>1 0 0 0 1 0 0 0 1 0 30 0</i>
                <i>1 0 0 0 1 0 0 0 1 0 30 0</i>
                <i>1 0 0 0 1 0 0 0 1 0 30 0</i>
                <i>1 0 0 0 1 0 0 0 1 0 30 0</i>
                <i>1 0 0 0 1 0 0 0 1 0 30 0</i>
                <i>1 0 0 0 1 0 0 0 1 0 30 0</i>
                <i>1 0 0 0 1 0 0 0 1 0 30 0</i>
                <i>1 0 0 0 1 0 0 0 1 0 30 0</i>
                <i>1 0 0 0 1 0 0 0 1 0 30 0</i>
                <i>1 0 0 0 1 0 0 0 1 0 30 0</i>
                <i>1 0 0 0 1 0 0 0 1 0 30 0</i>
                <i>1 0 0 0 1 0 0 0 1 0 30 0</i>
                <i>1 0 0 0 1 0 0 0 1 0 30 0</i>
                <i>1 0 0 0 1 0 0 0 1 0 30 0</i>
                <i>1 0 0 0 1 0 0 0 1 0 30 0</i>
                <i>1 0 0 0 1 0 0 0 1 0 30 0</i>
                <i>1 0 0 0 1 0 0 0 1 0 30 0</i>
                <i>1 0 0 0 1 0 0 0 1 0 30 0</i>
                <i>1 0 0 0 1 0 0 0 1 0 30 0</i>
                <i>1 0 0 0 1 0 0 0 1 0 30 0</i>
                <i>1 0 0 0 1 0 0 0 1 0 30 0</i>
                <i>1 0 0 0 1 0 0 0 1 0 30 0</i>
                <i>1 0 0 0 1 0 0 0 1 0 30 0</i>
                <i>1 0 0 0 1 0 0 0 1 0 30 0</i>
                <i>1 0 0 0 1 0 0 0 1 0 30 0</i>
                <i>1 0 0 0 1 0 0 0 1 0 30 0</i>
                <i>1 0 0 0 1 0 0 0 1 0 30 0</i>
                <i>1 0 0 0 1 0 0 0 1 0 30 0</i>
                <i>1 0 0 0 1 0 0 0 1 0 30 0</i>
                <i>1 0 0 0 1 0 0 0 1 0 30 0</i>
                <i>1 0 0 0 1 0 0 0 1 0 30 0</i>
                <i>1 0 0 0 1 0 0 0 1 0 30 0</i>
                <i>1 0 0 0 1 0 0 0 1 0 30 0</i>
                <i>1 0 0 0 1 0 0 0 1 0 30 0</i>
                <i>1 0 0 0 1 0 0 0 1 0 30 0</i>
                <i>1 0 0 0 1 0 0 0 1 0 30 0</i>
                <i>1 0 0 0 1 0 0 0 1 0 30 0</i>
                <i>1 0 0 0 1 0 0 0 1 0 30 0</i>
                <i>1 0 0 0 1 0 0 0 1 0 30 0</i>
                <i>1 0 0 0 1 0 0 0 1 0 30 0</i>
                <i>1 0 0 0 1 0 0 0 1 0 30 0</i>
                <i>1 0 0 0 1 0 0 0 1 0 30 0</i>
            </KeyFrames>
        </RefFrame>
        <Bones count="9">
            <i>
                <p>
                    <Name><![CDATA[mi8hip_root]]></Name>
                    <Exclude>0</Exclude>
                    <Additive>0</Additive>
                    <IKPriority>0</IKPriority>
                    <IKRotLimits>-1e+010 -1e+010 -1e+010 1e+010 1e+010 1e+010</IKRotLimits>
                    <IKRotLimitOrder>0</IKRotLimitOrder>
                    <KeyFrames count="61">
                        <i>1 0 0 0 1 0 0 0 1 0 33.6309 0</i>
                        <i>1 -0.000290712 0 0.000290712 1 0.000295321 -8.58536e-008 -0.000295321 1 6.25085e-006 33.6276 -6.55856e-005</i>
                        <i>1 -0.000469764 0 0.000469764 1 0.000604556 -2.83999e-007 -0.000604556 1 1.51622e-005 33.6231 -0.000159086</i>
                        <i>1 -0.000544669 0 0.000544669 0.999999 0.000924887 -5.03758e-007 -0.000924887 1 2.64736e-005 33.6177 -0.000277768</i>
                        <i>1 -0.000522951 -5.29396e-023 0.000522951 0.999999 0.00125351 -6.55525e-007 -0.00125351 0.999999 3.9925e-005 33.6113 -0.000418904</i>
                        <i>1 -0.000412129 0 0.000412128 0.999999 0.00158762 -6.54303e-007 -0.00158762 0.999999 5.52564e-005 33.604 -0.000579765</i>
                        <i>1 -0.000219722 0 0.000219721 0.999998 0.0019244 -4.22833e-007 -0.0019244 0.999998 7.22074e-005 33.596 -0.000757619</i>
                        <i>1 4.67505e-005 0 -4.67503e-005 0.999997 0.00226105 1.05705e-007 -0.00226105 0.999997 9.05179e-005 33.5874 -0.000949739</i>
                        <i>1 0.000379768 1.05879e-022 -0.000379767 0.999997 0.00259477 9.8541e-007 -0.00259477 0.999997 0.000109928 33.5781 -0.00115339</i>
                        <i>1 0.000771812 0 -0.000771809 0.999995 0.00292273 2.2558e-006 -0.00292273 0.999996 0.000130177 33.5685 -0.00136585</i>
                        <i>0.999999 0.00121536 4.23516e-022 -0.00121536 0.999994 0.00324213 3.94037e-006 -0.00324213 0.999995 0.000151005 33.5584 -0.00158439</i>
                        <i>0.999999 0.0017029 0 -0.00170289 0.999992 0.00355018 6.04559e-006 -0.00355017 0.999994 0.000172152 33.548 -0.00180627</i>
                        <i>0.999997 0.0022269 0 -0.00222689 0.99999 0.00384404 8.56032e-006 -0.00384403 0.999993 0.000193358 33.5375 -0.00202877</i>
                        <i>0.999996 0.00277986 -8.47033e-022 -0.00277983 0.999988 0.00412093 1.14556e-005 -0.00412091 0.999992 0.000214363 33.5269 -0.00224915</i>
                        <i>0.999994 0.00335424 0 -0.00335421 0.999985 0.00437803 1.46849e-005 -0.004378 0.99999 0.000234906 33.5162 -0.00246469</i>
                        <i>0.999992 0.00394253 1.69407e-021 -0.00394248 0.999982 0.00461252 1.8185e-005 -0.00461249 0.999989 0.000254727 33.5057 -0.00267266</i>
                        <i>0.99999 0.0045372 -1.69407e-021 -0.00453715 0.999978 0.00482162 2.18767e-005 -0.00482157 0.999988 0.000273566 33.4954 -0.00287033</i>
                        <i>0.999987 0.00513076 0 -0.00513069 0.999974 0.0050025 2.56666e-005 -0.00500243 0.999987 0.000291164 33.4853 -0.00305497</i>
                        <i>0.999984 0.00571565 -3.38813e-021 -0.00571557 0.99997 0.00515236 2.94491e-005 -0.00515227 0.999987 0.000307259 33.4756 -0.00322384</i>
                        <i>0.99998 0.00628437 0 -0.00628429 0.999966 0.00526838 3.31085e-005 -0.00526828 0.999986 0.000321591 33.4664 -0.00337422</i>
                        <i>0.999977 0.00682941 0 -0.00682931 0.999962 0.00534777 3.65221e-005 -0.00534765 0.999986 0.000333901 33.4578 -0.00350338</i>
                        <i>0.999973 0.00734323 0 -0.00734313 0.999959 0.00538772 3.95633e-005 -0.00538757 0.999985 0.000343929 33.4498 -0.00360859</i>
                        <i>0.999969 0.00781833 0 -0.00781822 0.999955 0.0053854 4.21049e-005 -0.00538524 0.999986 0.000351413 33.4426 -0.00368712</i>
                        <i>0.999966 0.00824718 0 -0.00824707 0.999952 0.00533803 4.40237e-005 -0.00533785 0.999986 0.000356095 33.4362 -0.00373624</i>
                        <i>0.999963 0.00862227 3.38813e-021 -0.00862215 0.999949 0.0052285 4.50815e-005 -0.0052283 0.999986 0.000357713 33.4308 -0.00375322</i>
                        <i>0.99996 0.00893607 0 -0.00893596 0.999947 0.00504621 4.50933e-005 -0.00504601 0.999987 0.000357168 33.4264 -0.00374751</i>
                        <i>0.999958 0.00918107 0 -0.00918096 0.999946 0.0047981 4.40517e-005 -0.0047979 0.999988 0.000355566 33.4232 -0.0037307</i>
                        <i>0.999956 0.00934975 3.38813e-021 -0.00934965 0.999946 0.00449113 4.19909e-005 -0.00449093 0.99999 0.000352952 33.4212 -0.00370326</i>
                        <i>0.999955 0.00944679 0 -0.00944671 0.999947 0.00413223 3.90363e-005 -0.00413204 0.999991 0.000349371 33.4205 -0.0036657</i>
                        <i>0.999955 0.00948492 0 -0.00948485 0.999948 0.00372833 3.53629e-005 -0.00372816 0.999993 0.000344871 33.4211 -0.00361848</i>
                        <i>0.999955 0.00946863 0 -0.00946858 0.99995 0.00328639 3.11176e-005 -0.00328624 0.999995 0.000339496 33.423 -0.00356208</i>
                        <i>0.999956 0.00940243 0 -0.0094024 0.999952 0.00281335 2.64523e-005 -0.00281322 0.999996 0.000333293 33.4259 -0.003497</i>
                        <i>0.999957 0.00929084 3.38813e-021 -0.00929082 0.999954 0.00231613 2.15188e-005 -0.00231603 0.999997 0.000326309 33.43 -0.00342372</i>
                        <i>0.999958 0.00913837 1.69407e-021 -0.00913835 0.999957 0.0018017 1.64646e-005 -0.00180162 0.999998 0.000318588 33.435 -0.00334271</i>
                        <i>0.99996 0.00894951 0 -0.00894951 0.999959 0.00127698 1.14284e-005 -0.00127693 0.999999 0.000310177 33.4409 -0.00325446</i>
                        <i>0.999962 0.00872879 -4.23516e-022 -0.00872879 0.999962 0.000748933 6.53728e-006 -0.000748905 1 0.000301122 33.4475 -0.00315946</i>
                        <i>0.999964 0.00848071 0 -0.00848071 0.999964 0.000224487 1.90381e-006 -0.000224479 1 0.00029147 33.4549 -0.00305818</i>
                        <i>0.999966 0.00820977 0 -0.00820977 0.999966 -0.000289413 -2.37602e-006 0.000289403 1 0.000281265 33.463 -0.00295111</i>
                        <i>0.999969 0.00792049 0 -0.00792049 0.999968 -0.000785825 -6.22412e-006 0.000785801 1 0.000270554 33.4716 -0.00283873</i>
                        <i>0.999971 0.00761738 0 -0.00761737 0.99997 -0.00125781 -9.58119e-006 0.00125777 0.999999 0.000259383 33.4806 -0.00272152</i>
                        <i>0.999973 0.00730493 0 -0.00730492 0.999972 -0.00169842 -1.24068e-005 0.00169837 0.999999 0.000247798 33.49 -0.00259997</i>
                        <i>0.999976 0.00698768 0 -0.00698766 0.999973 -0.00210072 -1.46791e-005 0.00210066 0.999998 0.000235845 33.4998 -0.00247455</i>
                        <i>0.999978 0.00667011 0 -0.00667009 0.999975 -0.00245776 -1.63935e-005 0.0024577 0.999997 0.000223571 33.5097 -0.00234576</i>
                        <i>0.99998 0.00635675 0 -0.00635672 0.999976 -0.0027626 -1.75612e-005 0.00276255 0.999996 0.00021102 33.5198 -0.00221407</i>
                        <i>0.999982 0.00605209 -1.69407e-021 -0.00605206 0.999977 -0.00300831 -1.82065e-005 0.00300825 0.999995 0.000198239 33.5299 -0.00207997</i>
                        <i>0.999983 0.00576065 -1.69407e-021 -0.00576062 0.999978 -0.00318793 -1.83646e-005 0.00318788 0.999995 0.000185274 33.54 -0.00194394</i>
                        <i>0.999985 0.00546445 0 -0.00546442 0.99998 -0.00328622 -1.79574e-005 0.00328617 0.999995 0.000172171 33.55 -0.00180646</i>
                        <i>0.999987 0.00514426 0 -0.00514423 0.999981 -0.00329887 -1.69702e-005 0.00329882 0.999995 0.000158976 33.5598 -0.00166802</i>
                        <i>0.999988 0.00480271 -1.69407e-021 -0.00480269 0.999983 -0.0032354 -1.55387e-005 0.00323536 0.999995 0.000145735 33.5693 -0.00152909</i>
                        <i>0.99999 0.00444246 0 -0.00444244 0.999985 -0.00310533 -1.37953e-005 0.0031053 0.999995 0.000132494 33.5784 -0.00139016</i>
                        <i>0.999992 0.00406614 0 -0.00406612 0.999987 -0.00291818 -1.18657e-005 0.00291815 0.999996 0.000119299 33.5871 -0.00125172</i>
                        <i>0.999993 0.00367638 0 -0.00367637 0.99999 -0.00268345 -9.86538e-006 0.00268343 0.999996 0.000106196 33.5952 -0.00111424</i>
                        <i>0.999995 0.00327584 0 -0.00327583 0.999992 -0.00241066 -7.89694e-006 0.00241065 0.999997 9.3231e-005 33.6028 -0.000978205</i>
                        <i>0.999996 0.00286715 4.23516e-022 -0.00286715 0.999994 -0.00210933 -6.04777e-006 0.00210932 0.999998 8.045e-005 33.6096 -0.000844104</i>
                        <i>0.999997 0.00245296 -4.23516e-022 -0.00245295 0.999995 -0.00178897 -4.38826e-006 0.00178896 0.999998 6.78991e-005 33.6157 -0.000712416</i>
                        <i>0.999998 0.00203589 2.11758e-022 -0.00203589 0.999997 -0.00145909 -2.97055e-006 0.00145909 0.999999 5.56242e-005 33.6208 -0.000583625</i>
                        <i>0.999999 0.00161861 1.05879e-022 -0.0016186 0.999998 -0.00112921 -1.82775e-006 0.00112921 0.999999 4.36714e-005 33.6251 -0.000458212</i>
                        <i>0.999999 0.00120373 0 -0.00120373 0.999999 -0.000808851 -9.73638e-007 0.00080885 1 3.20865e-005 33.6283 -0.00033666</i>
                        <i>1 0.000793911 0 -0.000793911 1 -0.000507518 -4.02924e-007 0.000507518 1 2.09156e-005 33.6304 -0.000219452</i>
                        <i>1 0.000391787 0 -0.000391787 1 -0.00023473 -9.19641e-008 0.00023473 1 1.02048e-005 33.6313 -0.000107072</i>
                        <i>1 0 0 0 1 0 0 0 1 0 33.6309 0</i>
                    </KeyFrames>
                </p>
            </i>
            <i>
                <p>
                    <Name><![CDATA[rotor]]></Name>
                    <Exclude>0</Exclude>
                    <Additive>0</Additive>
                    <IKPriority>0</IKPriority>
                    <IKRotLimits>-1e+010 -1e+010 -1e+010 1e+010 1e+010 1e+010</IKRotLimits>
                    <IKRotLimitOrder>0</IKRotLimitOrder>
                    <KeyFrames count="61">
                        <i>-0.700297 0 0.713852 0 1 0 -0.713852 0 -0.700297 0 36.1958 0</i>
                        <i>-0.931943 0.000163843 0.362603 0.000290712 1 0.000295321 -0.362603 0.000380636 -0.931943 0.000751912 36.1925 0.000691896</i>
                        <i>-0.998603 0.000501055 -0.0528443 0.000469764 1 0.000604556 0.0528446 0.000578887 -0.998603 0.00122008 36.1881 0.00139157</i>
                        <i>-0.888471 0.000908383 -0.458931 0.000544669 0.999999 0.000924887 0.458932 0.00057177 -0.888471 0.00142352 36.1826 0.00209451</i>
                        <i>-0.621049 0.00130724 -0.783771 0.000522951 0.999999 0.00125351 0.783771 0.000368619 -0.621049 0.00138126 36.1762 0.00279628</i>
                        <i>-0.243679 0.00164019 -0.969854 0.000412128 0.999999 0.00158762 0.969856 -1.28343e-005 -0.24368 0.00111234 36.169 0.00349239</i>
                        <i>0.17683 0.00185522 -0.98424 0.000219721 0.999998 0.0019244 0.984241 -0.000556551 0.176829 0.00063578 36.161 0.00417836</i>
                        <i>0.566034 0.00189043 -0.82438 -4.67503e-005 0.999997 0.00226105 0.824382 -0.00124129 0.566033 -2.9394e-005 36.1523 0.00484974</i>
                        <i>0.85503 0.0016703 -0.518575 -0.000379767 0.999997 0.00259477 0.518578 -0.00202167 0.855028 -0.000864153 36.1431 0.00550203</i>
                        <i>0.992656 0.0011197 -0.120966 -0.000771809 0.999995 0.00292273 0.120968 -0.0028079 0.992652 -0.00184947 36.1334 0.00613078</i>
                        <i>0.954548 0.00019377 0.298059 -0.00121536 0.999994 0.00324213 -0.298056 -0.00345702 0.954542 -0.00296631 36.1233 0.0067315</i>
                        <i>0.747452 -0.00108562 0.664315 -0.00170289 0.999992 0.00355018 -0.664314 -0.00378484 0.747444 -0.00419566 36.113 0.00729973</i>
                        <i>0.408033 -0.00260085 0.912964 -0.00222689 0.99999 0.00384404 -0.912965 -0.00360156 0.408023 -0.00551848 36.1024 0.00783098</i>
                        <i>-0.00362095 -0.00413098 0.999985 -0.00277983 0.999988 0.00412093 -0.99999 -0.00276487 -0.00363239 -0.00691575 36.0918 0.0083208</i>
                        <i>-0.414632 -0.00537473 0.909973 -0.00335421 0.999985 0.00437803 -0.909983 -0.00123697 -0.414643 -0.00836844 36.0811 0.00876469</i>
                        <i>-0.752237 -0.00600482 0.658865 -0.00394248 0.999982 0.00461252 -0.65888 0.00087215 -0.752247 -0.00985752 36.0706 0.0091582</i>
                        <i>-0.956671 -0.00574433 0.291114 -0.00453715 0.999978 0.00482162 -0.291136 0.00329187 -0.956676 -0.011364 36.0602 0.00949685</i>
                        <i>-0.991741 -0.00444722 -0.128179 -0.00513069 0.999974 0.0050025 0.128153 0.00561883 -0.991738 -0.0128688 36.0502 0.00977616</i>
                        <i>-0.851239 -0.00216157 -0.524773 -0.00571557 0.99997 0.00515236 0.524747 0.00738527 -0.851226 -0.0143529 36.0405 0.00999166</i>
                        <i>-0.560042 0.000845231 -0.828464 -0.00628429 0.999966 0.00526838 0.828441 0.00815682 -0.560018 -0.0157972 36.0313 0.0101389</i>
                        <i>-0.169701 0.00411138 -0.985487 -0.00682931 0.999962 0.00534777 0.985472 0.00763772 -0.169666 -0.0171829 36.0226 0.0102133</i>
                        <i>0.25068 0.00705662 -0.968044 -0.00734313 0.999959 0.00538772 0.968042 0.00575788 0.250722 -0.0184908 36.0146 0.0102106</i>
                        <i>0.62668 0.00909637 -0.779224 -0.00781822 0.999955 0.0053854 0.779237 0.00271722 0.626723 -0.0197019 36.0074 0.0101261</i>
                        <i>0.891735 0.00976987 -0.452453 -0.00824707 0.999952 0.00533803 0.452483 -0.0010287 0.891772 -0.0207972 36.001 0.0099555</i>
                        <i>0.998921 0.00885163 -0.0455816 -0.00862215 0.999949 0.0052285 0.0456256 -0.00482984 0.998947 -0.0217576 35.9956 0.00965757</i>
                        <i>0.929264 0.00644034 0.36936 -0.00893596 0.999947 0.00504621 -0.369308 -0.00798984 0.929273 -0.0225631 35.9912 0.00919572</i>
                        <i>0.695095 0.00293238 0.718912 -0.00918096 0.999946 0.0047981 -0.718859 -0.00993544 0.695084 -0.0231931 35.988 0.00857617</i>
                        <i>0.337869 -0.00106812 0.941193 -0.00934965 0.999946 0.00449113 -0.941147 -0.0103172 0.337841 -0.0236284 35.986 0.00781623</i>
                        <i>-0.0791719 -0.00486738 0.996849 -0.00944671 0.999947 0.00413223 -0.996816 -0.00908979 -0.0792137 -0.0238809 35.9853 0.00693323</i>
                        <i>-0.482196 -0.00784009 0.876028 -0.00948485 0.999948 0.00372833 -0.876012 -0.0065112 -0.482246 -0.0239832 35.9859 0.00594448</i>
                        <i>-0.799854 -0.00954618 0.600118 -0.00946858 0.99995 0.00328639 -0.600119 -0.00305363 -0.799904 -0.0239469 35.9878 0.00486732</i>
                        <i>-0.975907 -0.00978955 0.217965 -0.0094024 0.999952 0.00281335 -0.217982 0.000696168 -0.975953 -0.0237833 35.9908 0.00371906</i>
                        <i>-0.979186 -0.00862816 -0.202782 -0.00929082 0.999954 0.00231613 0.202753 0.00415193 -0.979221 -0.0235041 35.9948 0.00251702</i>
                        <i>-0.809108 -0.00633547 -0.587625 -0.00913835 0.999957 0.0018017 0.587588 0.00682769 -0.809131 -0.0231208 35.9998 0.00127853</i>
                        <i>-0.495786 -0.0033282 -0.868438 -0.00894951 0.999959 0.00127698 0.868398 0.0084052 -0.495796 -0.0226448 36.0057 2.09257e-005</i>
                        <i>-0.0946894 -8.09586e-005 -0.995507 -0.00872879 0.999962 0.000748933 0.995469 0.00876048 -0.0946864 -0.0220877 36.0124 -0.00123849</i>
                        <i>0.323173 0.00295328 -0.946335 -0.00848071 0.999964 0.000224487 0.946302 0.00795304 0.323186 -0.0214611 36.0198 -0.00248238</i>
                        <i>0.683822 0.00540304 -0.729629 -0.00820977 0.999966 -0.000289413 0.729603 0.00618799 0.683843 -0.0207763 36.0278 -0.00369344</i>
                        <i>0.92341 0.00701251 -0.383752 -0.00792049 0.999968 -0.000785825 0.383734 0.00376514 0.923436 -0.020045 36.0364 -0.00485432</i>
                        <i>0.999519 0.00765174 0.0300624 -0.00761737 0.99997 -0.00125781 -0.0300711 0.00102821 0.999547 -0.0192787 36.0455 -0.00594772</i>
                        <i>0.898675 0.00730981 0.438554 -0.00730492 0.999972 -0.00169842 -0.438554 -0.00167728 0.898703 -0.0184889 36.0549 -0.00695631</i>
                        <i>0.638732 0.0060797 0.769406 -0.00698766 0.999973 -0.00210072 -0.769398 -0.00403455 0.638757 -0.0176871 36.0646 -0.00786277</i>
                        <i>0.265708 0.00414179 0.964045 -0.00667009 0.999975 -0.00245776 -0.964031 -0.00577722 0.265729 -0.0168848 36.0746 -0.00864977</i>
                        <i>-0.154357 0.00174832 0.988014 -0.00635672 0.999976 -0.0027626 -0.987995 -0.00670695 -0.154342 -0.0160936 36.0847 -0.00929999</i>
                        <i>-0.547096 -0.00079292 0.837069 -0.00605206 0.999977 -0.00300831 -0.837048 -0.00671183 -0.547089 -0.015325 36.0948 -0.00979611</i>
                        <i>-0.842981 -0.00314127 0.537934 -0.00576062 0.999978 -0.00318793 -0.537913 -0.0057862 -0.842981 -0.0145904 36.1049 -0.0101208</i>
                        <i>-0.989628 -0.00493606 0.143566 -0.00546442 0.99998 -0.00328622 -0.143547 -0.00403664 -0.989635 -0.0138438 36.1149 -0.0102354</i>
                        <i>-0.961076 -0.00585533 -0.276223 -0.00514423 0.999981 -0.00329887 0.276238 -0.0017495 -0.961088 -0.0130357 36.1247 -0.0101294</i>
                        <i>-0.762378 -0.00575521 -0.647106 -0.00480269 0.999983 -0.0032354 0.647114 0.000641249 -0.762393 -0.0121729 36.1342 -0.00982771</i>
                        <i>-0.428713 -0.00471005 -0.903428 -0.00444244 0.999985 -0.00310533 0.90343 0.00268213 -0.428728 -0.0112621 36.1433 -0.00935516</i>
                        <i>-0.0191504 -0.00299553 -0.999812 -0.00406612 0.999987 -0.00291818 0.999808 0.00400947 -0.0191623 -0.0103101 36.152 -0.00873667</i>
                        <i>0.393804 -0.00101885 -0.919194 -0.00367637 0.99999 -0.00268345 0.919187 0.00443605 0.393796 -0.00932349 36.1602 -0.00799712</i>
                        <i>0.737043 0.000785203 -0.675846 -0.00327583 0.999992 -0.00241066 0.675838 0.00399072 0.737039 -0.0083091 36.1677 -0.00716141</i>
                        <i>0.949801 0.00206333 -0.312848 -0.00286715 0.999994 -0.00210933 0.312842 0.00290042 0.949801 -0.00727362 36.1745 -0.00625441</i>
                        <i>0.994412 0.00262806 0.105535 -0.00245295 0.999995 -0.00178897 -0.105539 0.0015201 0.994414 -0.00622379 36.1806 -0.00530101</i>
                        <i>0.862978 0.00249412 0.505235 -0.00203589 0.999997 -0.00145909 -0.505237 0.000230558 0.862981 -0.00516632 36.1858 -0.0043261</i>
                        <i>0.578767 0.00185766 0.815491 -0.0016186 0.999998 -0.00112921 -0.815491 -0.000666406 0.578769 -0.00410796 36.19 -0.00335458</i>
                        <i>0.192093 0.00102502 0.981376 -0.00120373 0.999999 -0.000808851 -0.981376 -0.00102594 0.192094 -0.00305541 36.1932 -0.00241132</i>
                        <i>-0.228589 0.000312602 0.973523 -0.000793911 1 -0.000507518 -0.973523 -0.000888903 -0.228588 -0.00201542 36.1953 -0.00152121</i>
                        <i>-0.608803 -5.23047e-005 0.793322 -0.000391787 1 -0.00023473 -0.793322 -0.000453717 -0.608803 -0.000994707 36.1962 -0.00070914</i>
                        <i>-0.881237 0 0.472674 0 1 0 -0.472674 0 -0.881237 0 36.1958 0</i>
                    </KeyFrames>
                </p>
            </i>
            <i>
                <p>
                    <Name><![CDATA[blades]]></Name>
                    <Exclude>0</Exclude>
                    <Additive>0</Additive>
                    <IKPriority>0</IKPriority>
                    <IKRotLimits>-1e+010 -1e+010 -1e+010 1e+010 1e+010 1e+010</IKRotLimits>
                    <IKRotLimitOrder>0</IKRotLimitOrder>
                    <KeyFrames count="61">
                        <i>-0.700297 0 0.713852 0 1 0 -0.713852 0 -0.700297 0 37.2703 0</i>
                        <i>-0.931943 0.000163843 0.362603 0.000316648 1 0.000361978 -0.362603 0.000452161 -0.931943 0.00106459 37.2681 0.00100953</i>
                        <i>-0.998603 0.000501055 -0.0528443 0.000460907 1 0.000771919 0.0528447 0.000746484 -0.998602 0.0017258 37.2646 0.00204239</i>
                        <i>-0.888471 0.000908383 -0.458931 0.000413339 0.999999 0.00117914 0.458932 0.000857936 -0.888471 0.00201036 37.2601 0.00309102</i>
                        <i>-0.621049 0.00130724 -0.783771 0.000189705 0.999999 0.00151757 0.783772 0.0007938 -0.621049 0.00194514 37.2545 0.0041479</i>
                        <i>-0.243679 0.00164019 -0.969854 -0.000152907 0.999998 0.00172959 0.969856 0.000569762 -0.243679 0.00155704 37.248 0.00520548</i>
                        <i>0.17683 0.00185522 -0.98424 -0.000524721 0.999998 0.00179066 0.984241 0.000199809 0.176831 0.000873022 37.2407 0.00625622</i>
                        <i>0.566034 0.00189043 -0.82438 -0.000825318 0.999998 0.00172648 0.824381 -0.000296869 0.566035 -7.99025e-005 37.2327 0.00729255</i>
                        <i>0.85503 0.0016703 -0.518575 -0.000973405 0.999998 0.00161598 0.518577 -0.000876925 0.85503 -0.00127467 37.2241 0.00830691</i>
                        <i>0.992656 0.0011197 -0.120966 -0.000935752 0.999998 0.00157742 0.120967 -0.00145264 0.992656 -0.00268418 37.2149 0.00929172</i>
                        <i>0.954548 0.00019377 0.298059 -0.000746233 0.999998 0.00173974 -0.298058 -0.00188309 0.954546 -0.0042813 37.2053 0.0102394</i>
                        <i>0.747452 -0.00108562 0.664315 -0.000507977 0.999997 0.00220573 -0.664316 -0.00198614 0.747449 -0.00603887 37.1953 0.0111424</i>
                        <i>0.408033 -0.00260085 0.912964 -0.000375806 0.999995 0.00301675 -0.912967 -0.00157403 0.40803 -0.00792969 37.1852 0.0119932</i>
                        <i>-0.00362095 -0.00413098 0.999985 -0.000521465 0.999991 0.00412912 -0.999993 -0.000506506 -0.00362308 -0.00992655 37.1748 0.0127841</i>
                        <i>-0.414632 -0.00537473 0.909973 -0.00108908 0.999985 0.00541013 -0.909989 0.00125218 -0.414631 -0.0120022 37.1645 0.0135077</i>
                        <i>-0.752237 -0.00600482 0.658865 -0.00215171 0.999976 0.00665703 -0.658889 0.00358998 -0.752232 -0.0141295 37.1542 0.0141562</i>
                        <i>-0.956671 -0.00574433 0.291114 -0.00368048 0.999964 0.00763657 -0.291148 0.00623424 -0.956658 -0.0162811 37.144 0.0147223</i>
                        <i>-0.991741 -0.00444722 -0.128179 -0.00553574 0.999952 0.00813719 0.128136 0.00877955 -0.991718 -0.0184299 37.134 0.0151983</i>
                        <i>-0.851239 -0.00216157 -0.524773 -0.00748444 0.99994 0.00802178 0.524724 0.0107561 -0.851204 -0.0205485 37.1244 0.0155768</i>
                        <i>-0.560042 0.000845231 -0.828464 -0.00924245 0.999931 0.00726806 0.828413 0.0117275 -0.559995 -0.0226097 37.1153 0.0158501</i>
                        <i>-0.169701 0.00411138 -0.985487 -0.010533 0.999927 0.00598539 0.985439 0.0113958 -0.169645 -0.0245863 37.1067 0.0160107</i>
                        <i>0.25068 0.00705662 -0.968044 -0.0111489 0.999928 0.00440198 0.968006 0.00968911 0.250741 -0.0264511 37.0986 0.0160511</i>
                        <i>0.62668 0.00909637 -0.779224 -0.0110038 0.999936 0.00282324 0.779199 0.00680513 0.62674 -0.0281768 37.0914 0.0159639</i>
                        <i>0.891735 0.00976987 -0.452453 -0.0101593 0.999947 0.00156906 0.452444 0.00319743 0.891787 -0.0297363 37.0849 0.0157415</i>
                        <i>0.998921 0.00885163 -0.0455816 -0.00882027 0.999961 0.000889023 0.0455877 -0.000486022 0.99896 -0.0311023 37.0794 0.0153242</i>
                        <i>0.929264 0.00644034 0.36936 -0.00729648 0.999973 0.000921035 -0.369344 -0.00355091 0.929286 -0.0322465 37.0748 0.0146641</i>
                        <i>0.695095 0.00293238 0.718912 -0.00593914 0.999981 0.00166354 -0.718894 -0.00542604 0.695099 -0.0331405 37.0714 0.0137748</i>
                        <i>0.337869 -0.00106812 0.941193 -0.00506421 0.999983 0.00295279 -0.94118 -0.00576405 0.337858 -0.0337568 37.0692 0.0126814</i>
                        <i>-0.0791719 -0.00486738 0.996849 -0.00489279 0.999978 0.00449406 -0.996849 -0.00452157 -0.0791939 -0.0341124 37.0683 0.0114087</i>
                        <i>-0.482196 -0.00784009 0.876028 -0.00549613 0.999967 0.00592404 -0.876046 -0.00195821 -0.482224 -0.0342537 37.0687 0.00998165</i>
                        <i>-0.799854 -0.00954618 0.600118 -0.00676258 0.999953 0.00689307 -0.600156 0.0014551 -0.799882 -0.0341973 37.0703 0.00842508</i>
                        <i>-0.975907 -0.00978955 0.217965 -0.00843495 0.999939 0.00714435 -0.218022 0.0051337 -0.97593 -0.0339595 37.073 0.00676394</i>
                        <i>-0.979186 -0.00862816 -0.202782 -0.010171 0.999927 0.00656759 0.202711 0.0084934 -0.979202 -0.0335568 37.0768 0.00502308</i>
                        <i>-0.809108 -0.00633547 -0.587625 -0.0116196 0.999919 0.00521853 0.587544 0.0110503 -0.809116 -0.0330057 37.0815 0.00322742</i>
                        <i>-0.495786 -0.0033282 -0.868438 -0.0124954 0.999916 0.00330147 0.868355 0.0124883 -0.495786 -0.0323226 37.087 0.00140183</i>
                        <i>-0.0946894 -8.09586e-005 -0.995507 -0.0126361 0.99992 0.00112059 0.995427 0.0126854 -0.0946828 -0.031524 37.0934 -0.000428856</i>
                        <i>0.323173 0.00295328 -0.946335 -0.0120297 0.999927 -0.000987605 0.946264 0.0117033 0.323185 -0.0306262 37.1005 -0.00223978</i>
                        <i>0.683822 0.00540304 -0.729629 -0.010808 0.999938 -0.00272475 0.729569 0.00974909 0.683838 -0.0296458 37.1082 -0.00400611</i>
                        <i>0.92341 0.00701251 -0.383752 -0.00920967 0.99995 -0.00388827 0.383705 0.00712469 0.923428 -0.0285992 37.1164 -0.00570302</i>
                        <i>0.999519 0.00765174 0.0300624 -0.00752267 0.999962 -0.00440417 -0.0300949 0.0041759 0.999538 -0.0275028 37.1251 -0.00730572</i>
                        <i>0.898675 0.00730981 0.438554 -0.00602095 0.999972 -0.00432953 -0.438574 0.00125033 0.898694 -0.0263731 37.1342 -0.00878941</i>
                        <i>0.638732 0.0060797 0.769406 -0.00490917 0.999981 -0.00382626 -0.769414 -0.00133319 0.638749 -0.0252264 37.1436 -0.0101293</i>
                        <i>0.265708 0.00414179 0.964045 -0.00428787 0.999986 -0.00311439 -0.964044 -0.00330618 0.265722 -0.0240791 37.1531 -0.0113007</i>
                        <i>-0.154357 0.00174832 0.988014 -0.00414482 0.999988 -0.00241706 -0.988006 -0.00446823 -0.154348 -0.0229476 37.1629 -0.0122787</i>
                        <i>-0.547096 -0.00079292 0.837069 -0.00437249 0.999989 -0.00191055 -0.837058 -0.00470533 -0.547094 -0.0218484 37.1727 -0.0130387</i>
                        <i>-0.842981 -0.00314127 0.537934 -0.00480503 0.999987 -0.0016904 -0.537922 -0.00400977 -0.842985 -0.0207977 37.1824 -0.0135559</i>
                        <i>-0.989628 -0.00493606 0.143566 -0.00524183 0.999985 -0.00175163 -0.143556 -0.00248602 -0.989639 -0.0197301 37.1921 -0.0137754</i>
                        <i>-0.961076 -0.00585533 -0.276223 -0.00551194 0.999983 -0.0020195 0.27623 -0.000418369 -0.961091 -0.0185755 37.2016 -0.013682</i>
                        <i>-0.762378 -0.00575521 -0.647106 -0.0055275 0.999982 -0.00238146 0.647108 0.00176131 -0.762396 -0.0173434 37.2108 -0.0133109</i>
                        <i>-0.428713 -0.00471005 -0.903428 -0.00527313 0.999982 -0.00271112 0.903425 0.0036016 -0.428731 -0.0160435 37.2196 -0.0126974</i>
                        <i>-0.0191504 -0.00299553 -0.999812 -0.00479744 0.999984 -0.00290416 0.999805 0.00474093 -0.0191644 -0.0146853 37.228 -0.0118767</i>
                        <i>0.393804 -0.00101885 -0.919194 -0.00418936 0.999987 -0.00290322 0.919185 0.00499413 0.393795 -0.0132784 37.2359 -0.0108839</i>
                        <i>0.737043 0.000785203 -0.675846 -0.00354714 0.99999 -0.00270654 0.675837 0.00439215 0.737038 -0.0118323 37.2432 -0.00975412</i>
                        <i>0.949801 0.00206333 -0.312848 -0.00294961 0.999993 -0.00235969 0.312841 0.00316402 0.9498 -0.0103567 37.2498 -0.00852257</i>
                        <i>0.994412 0.00262806 0.105535 -0.00243748 0.999995 -0.00193479 -0.105539 0.00166674 0.994414 -0.00886097 37.2557 -0.00722434</i>
                        <i>0.862978 0.00249412 0.505235 -0.00200929 0.999997 -0.00150453 -0.505237 0.000283214 0.86298 -0.00735478 37.2607 -0.00589453</i>
                        <i>0.578767 0.00185766 0.815491 -0.00163189 0.999998 -0.00111979 -0.815491 -0.000682692 0.578769 -0.00584762 37.2648 -0.00456825</i>
                        <i>0.192093 0.00102502 0.981376 -0.00126075 0.999999 -0.00079769 -0.981376 -0.00108404 0.192094 -0.00434904 37.2679 -0.00328057</i>
                        <i>-0.228589 0.000312602 0.973523 -0.000862752 1 -0.000523683 -0.973523 -0.000959617 -0.228588 -0.00286855 37.2699 -0.00206659</i>
                        <i>-0.608803 -5.23047e-005 0.793322 -0.000433071 1 -0.000266411 -0.793322 -0.000505757 -0.608803 -0.0014157 37.2707 -0.000961368</i>
                        <i>-0.881237 0 0.472674 0 1 0 -0.472674 0 -0.881237 0 37.2703 0</i>
                    </KeyFrames>
                </p>
            </i>
            <i>
                <p>
                    <Name><![CDATA[tail_rotor]]></Name>
                    <Exclude>0</Exclude>
                    <Additive>0</Additive>
                    <IKPriority>0</IKPriority>
                    <IKRotLimits>-1e+010 -1e+010 -1e+010 1e+010 1e+010 1e+010</IKRotLimits>
                    <IKRotLimitOrder>0</IKRotLimitOrder>
                    <KeyFrames count="61">
                        <i>1 0 0 0 0.253556 0.967321 0 -0.967321 0.253556 0 37.3539 -20.1907</i>
                        <i>1 -0.000290712 0 0.000233745 0.804043 0.594571 -0.000172849 -0.594571 0.804043 0.00109031 37.3566 -20.1897</i>
                        <i>1 -0.000469764 0 0.00046937 0.999161 -0.0409628 1.92429e-005 0.0409628 0.999161 0.00176984 37.3584 -20.1886</i>
                        <i>1 -0.000544669 0 0.000409967 0.752689 -0.658376 0.000358597 0.658376 0.752689 0.00206446 37.3594 -20.1875</i>
                        <i>1 -0.000522951 -5.29396e-023 9.07718e-005 0.173576 -0.98482 0.000515013 0.98482 0.173576 0.00200012 37.3596 -20.1864</i>
                        <i>1 -0.000412129 0 -0.000198746 -0.482242 -0.876038 0.00036104 0.876038 -0.482242 0.00160283 37.3591 -20.1854</i>
                        <i>1 -0.000219722 0 -0.00020323 -0.924941 -0.38011 8.35185e-005 0.38011 -0.924941 0.000898773 37.3579 -20.1843</i>
                        <i>1 4.67505e-005 0 4.48283e-005 -0.958884 0.283799 1.32677e-005 -0.283799 -0.958884 -8.56692e-005 37.356 -20.1832</i>
                        <i>1 0.000379768 1.05879e-022 0.000216114 -0.569067 0.822291 0.00031228 -0.822291 -0.569067 -0.00132385 37.3536 -20.1821</i>
                        <i>1 0.000771812 0 -5.57586e-005 0.0722438 0.997387 0.000769795 -0.997387 0.0722438 -0.00278884 37.3505 -20.1811</i>
                        <i>0.999999 0.00121536 4.23516e-022 -0.000828432 0.681633 0.731694 0.000889273 -0.731693 0.681634 -0.00445336 37.3469 -20.1801</i>
                        <i>0.999999 0.0017029 0 -0.00168549 0.989776 0.142618 0.000242864 -0.142617 0.989778 -0.00628982 37.3427 -20.1792</i>
                        <i>0.999997 0.0022269 0 -0.00191618 0.860467 -0.509502 -0.00113461 0.509501 0.860469 -0.00827025 37.3381 -20.1783</i>
                        <i>0.999996 0.00277986 -8.47033e-022 -0.000975268 0.350832 -0.936438 -0.00260316 0.936434 0.350834 -0.0103663 37.333 -20.1774</i>
                        <i>0.999994 0.00335424 0 0.00105286 -0.313888 -0.949459 -0.00318471 0.949454 -0.31389 -0.0125494 37.3276 -20.1767</i>
                        <i>0.999992 0.00394253 1.69407e-021 0.00331124 -0.839871 -0.542775 -0.00213991 0.542771 -0.839878 -0.0147904 37.3218 -20.176</i>
                        <i>0.99999 0.0045372 -1.69407e-021 0.00451266 -0.994581 0.103871 0.000471283 -0.10387 -0.994591 -0.0170601 37.3157 -20.1754</i>
                        <i>0.999987 0.00513076 0 0.00364069 -0.709572 0.704624 0.00361525 -0.704615 -0.709581 -0.0193288 37.3092 -20.1749</i>
                        <i>0.999984 0.00571565 -3.38813e-021 0.000633405 -0.110818 0.993841 0.00568045 -0.993824 -0.110819 -0.0215666 37.3026 -20.1745</i>
                        <i>0.99998 0.00628437 0 -0.00337453 0.53696 0.843601 0.0053015 -0.843584 0.536971 -0.0237435 37.2957 -20.1742</i>
                        <i>0.999977 0.00682941 0 -0.00646965 0.9473 0.320283 0.00218734 -0.320275 0.947322 -0.0258292 37.2886 -20.174</i>
                        <i>0.999973 0.00734323 0 -0.00689314 0.938681 -0.344718 -0.00253134 0.344708 0.938706 -0.0277936 37.2815 -20.174</i>
                        <i>0.999969 0.00781833 0 -0.00402539 0.51485 -0.857271 -0.00670243 0.857245 0.514865 -0.0296062 37.2742 -20.1741</i>
                        <i>0.999966 0.00824718 0 0.00112799 -0.136768 -0.990602 -0.00816968 0.990569 -0.136772 -0.0312368 37.2669 -20.1743</i>
                        <i>0.999963 0.00862227 3.38813e-021 0.00627653 -0.727916 -0.685637 -0.00591175 0.685612 -0.727943 -0.032653 37.2592 -20.1747</i>
                        <i>0.99996 0.00893607 0 0.00890939 -0.996975 -0.0772137 -0.000689987 0.0772106 -0.997015 -0.0338221 37.2511 -20.1754</i>
                        <i>0.999958 0.00918107 0 0.00757247 -0.824757 0.565437 0.00519132 -0.565413 -0.824791 -0.0347149 37.2429 -20.1763</i>
                        <i>0.999956 0.00934975 3.38813e-021 0.0026872 -0.287396 0.957808 0.00895526 -0.957766 -0.287409 -0.0353039 37.2347 -20.1775</i>
                        <i>0.999955 0.00944679 0 -0.00356397 0.377251 0.926104 0.00874871 -0.926063 0.377268 -0.0356092 37.2267 -20.1788</i>
                        <i>0.999955 0.00948492 0 -0.00829846 0.874872 0.484282 0.00459338 -0.484261 0.874912 -0.0356815 37.2192 -20.1803</i>
                        <i>0.999955 0.00946863 0 -0.00932744 0.985045 -0.172045 -0.00162903 0.172037 0.985089 -0.0355406 37.2122 -20.1819</i>
                        <i>0.999956 0.00940243 0 -0.00619567 0.658914 -0.752193 -0.00707244 0.75216 0.658943 -0.0352062 37.2056 -20.1837</i>
                        <i>0.999957 0.00929084 3.38813e-021 -0.000379891 0.040887 -0.999164 -0.00928307 0.999121 0.0408887 -0.0346981 37.1996 -20.1855</i>
                        <i>0.999958 0.00913837 1.69407e-021 0.00543993 -0.59526 -0.803515 -0.00734281 0.803481 -0.595285 -0.0340362 37.1942 -20.1873</i>
                        <i>0.99996 0.00894951 0 0.00866091 -0.967714 -0.251903 -0.00225441 0.251893 -0.967753 -0.0332398 37.1895 -20.1892</i>
                        <i>0.999962 0.00872879 -4.23516e-022 0.00795626 -0.911462 0.411307 0.00359021 -0.411292 -0.911497 -0.0323284 37.1856 -20.1911</i>
                        <i>0.999964 0.00848071 0 0.00382853 -0.451424 0.892302 0.00756735 -0.892269 -0.45144 -0.0313209 37.1824 -20.1929</i>
                        <i>0.999966 0.00820977 0 -0.00171254 0.208591 0.978001 0.00802917 -0.977969 0.208598 -0.030236 37.18 -20.1947</i>
                        <i>0.999969 0.00792049 0 -0.00614802 0.776193 0.630466 0.0049936 -0.630446 0.776217 -0.029092 37.1786 -20.1965</i>
                        <i>0.999971 0.00761738 0 -0.00761732 0.999964 0.0036755 2.79977e-005 -0.00367539 0.999993 -0.0279068 37.1781 -20.1981</i>
                        <i>0.999973 0.00730493 0 -0.00570406 0.780829 -0.624718 -0.00456353 0.624702 0.78085 -0.0266981 37.1787 -20.1996</i>
                        <i>0.999976 0.00698768 0 -0.00150867 0.215899 -0.976415 -0.00682287 0.976391 0.215904 -0.025483 37.1803 -20.201</i>
                        <i>0.999978 0.00667011 0 0.00296564 -0.444606 -0.895721 -0.00597456 0.895702 -0.444616 -0.0242784 37.183 -20.2021</i>
                        <i>0.99998 0.00635675 0 0.00577344 -0.90822 -0.418452 -0.00266 0.418444 -0.908239 -0.0231007 37.187 -20.2031</i>
                        <i>0.999982 0.00605209 -1.69407e-021 0.00586913 -0.969752 0.244022 0.00147684 -0.244017 -0.96977 -0.0219662 37.1921 -20.2039</i>
                        <i>0.999983 0.00576065 -1.69407e-021 0.00346836 -0.602067 0.798438 0.00459952 -0.798424 -0.602077 -0.0208909 37.1986 -20.2044</i>
                        <i>0.999985 0.00546445 0 -0.000174852 0.0319977 0.999488 0.00546165 -0.999473 0.0319981 -0.0198095 37.2066 -20.2046</i>
