<?xml version="1.0" encoding="ISO-8859-1" ?>
<Animl Version="1">
    <ModellingPackage><![CDATA[Maya.2010]]></ModellingPackage>
    <SrcFile><![CDATA[anims\vehicles\red\~src\air\helicopter_mi8hip\mi8hip_retract.mb]]></SrcFile>
    <FramesPerSecond>30</FramesPerSecond>
    <TotalFrames>45</TotalFrames>
    <Skeleton>
        <RefFrame>
            <Name><![CDATA[mi8hip_ref_frame]]></Name>
            <Exclude>1</Exclude>
            <Additive>0</Additive>
            <IKPriority>0</IKPriority>
            <IKRotLimits>-1e+010 -1e+010 -1e+010 1e+010 1e+010 1e+010</IKRotLimits>
            <IKRotLimitOrder>0</IKRotLimitOrder>
            <KeyFrames count="45">
                <i>1 0 0 0 1 0 0 0 1 0 0 0</i>
                <i>1 0 0 0 1 0 0 0 1 0 0 0</i>
                <i>1 0 0 0 1 0 0 0 1 0 0 0</i>
                <i>1 0 0 0 1 0 0 0 1 0 0 0</i>
                <i>1 0 0 0 1 0 0 0 1 0 0 0</i>
                <i>1 0 0 0 1 0 0 0 1 0 0 0</i>
                <i>1 0 0 0 1 0 0 0 1 0 0 0</i>
                <i>1 0 0 0 1 0 0 0 1 0 0 0</i>
                <i>1 0 0 0 1 0 0 0 1 0 0 0</i>
                <i>1 0 0 0 1 0 0 0 1 0 0 0</i>
                <i>1 0 0 0 1 0 0 0 1 0 0 0</i>
                <i>1 0 0 0 1 0 0 0 1 0 0 0</i>
                <i>1 0 0 0 1 0 0 0 1 0 0 0</i>
                <i>1 0 0 0 1 0 0 0 1 0 0 0</i>
                <i>1 0 0 0 1 0 0 0 1 0 0 0</i>
                <i>1 0 0 0 1 0 0 0 1 0 0 0</i>
                <i>1 0 0 0 1 0 0 0 1 0 0 0</i>
                <i>1 0 0 0 1 0 0 0 1 0 0 0</i>
                <i>1 0 0 0 1 0 0 0 1 0 0 0</i>
                <i>1 0 0 0 1 0 0 0 1 0 0 0</i>
                <i>1 0 0 0 1 0 0 0 1 0 0 0</i>
                <i>1 0 0 0 1 0 0 0 1 0 0 0</i>
                <i>1 0 0 0 1 0 0 0 1 0 0 0</i>
                <i>1 0 0 0 1 0 0 0 1 0 0 0</i>
                <i>1 0 0 0 1 0 0 0 1 0 0 0</i>
                <i>1 0 0 0 1 0 0 0 1 0 0 0</i>
                <i>1 0 0 0 1 0 0 0 1 0 0 0</i>
                <i>1 0 0 0 1 0 0 0 1 0 0 0</i>
                <i>1 0 0 0 1 0 0 0 1 0 0 0</i>
                <i>1 0 0 0 1 0 0 0 1 0 0 0</i>
                <i>1 0 0 0 1 0 0 0 1 0 0 0</i>
                <i>1 0 0 0 1 0 0 0 1 0 0 0</i>
                <i>1 0 0 0 1 0 0 0 1 0 0 0</i>
                <i>1 0 0 0 1 0 0 0 1 0 0 0</i>
                <i>1 0 0 0 1 0 0 0 1 0 0 0</i>
                <i>1 0 0 0 1 0 0 0 1 0 0 0</i>
                <i>1 0 0 0 1 0 0 0 1 0 0 0</i>
                <i>1 0 0 0 1 0 0 0 1 0 0 0</i>
                <i>1 0 0 0 1 0 0 0 1 0 0 0</i>
                <i>1 0 0 0 1 0 0 0 1 0 0 0</i>
                <i>1 0 0 0 1 0 0 0 1 0 0 0</i>
                <i>1 0 0 0 1 0 0 0 1 0 0 0</i>
                <i>1 0 0 0 1 0 0 0 1 0 0 0</i>
                <i>1 0 0 0 1 0 0 0 1 0 0 0</i>
                <i>1 0 0 0 1 0 0 0 1 0 0 0</i>
            </KeyFrames>
        </RefFrame>
        <Bones count="9">
            <i>
                <p>
                    <Name><![CDATA[mi8hip_root]]></Name>
                    <Exclude>1</Exclude>
                    <Additive>0</Additive>
                    <IKPriority>0</IKPriority>
                    <IKRotLimits>-1e+010 -1e+010 -1e+010 1e+010 1e+010 1e+010</IKRotLimits>
                    <IKRotLimitOrder>0</IKRotLimitOrder>
                    <KeyFrames count="45">
                        <i>1 0 0 0 0.998202 -0.059939 0 0.059939 0.998202 0 3.63087 0</i>
                        <i>1 0 0 0 0.998202 -0.059939 0 0.059939 0.998202 0 3.63087 0</i>
                        <i>1 0 0 0 0.998202 -0.059939 0 0.059939 0.998202 0 3.63087 0</i>
                        <i>1 0 0 0 0.998202 -0.059939 0 0.059939 0.998202 0 3.63087 0</i>
                        <i>1 0 0 0 0.998202 -0.059939 0 0.059939 0.998202 0 3.63087 0</i>
                        <i>1 0 0 0 0.998202 -0.059939 0 0.059939 0.998202 0 3.63087 0</i>
                        <i>1 0 0 0 0.998202 -0.059939 0 0.059939 0.998202 0 3.63087 0</i>
                        <i>1 0 0 0 0.998202 -0.059939 0 0.059939 0.998202 0 3.63087 0</i>
                        <i>1 0 0 0 0.998202 -0.059939 0 0.059939 0.998202 0 3.63087 0</i>
                        <i>1 0 0 0 0.998202 -0.059939 0 0.059939 0.998202 0 3.63087 0</i>
                        <i>1 0 0 0 0.998202 -0.059939 0 0.059939 0.998202 0 3.63087 0</i>
                        <i>1 0 0 0 0.998202 -0.059939 0 0.059939 0.998202 0 3.63087 0</i>
                        <i>1 0 0 0 0.998202 -0.059939 0 0.059939 0.998202 0 3.63087 0</i>
                        <i>1 0 0 0 0.998202 -0.059939 0 0.059939 0.998202 0 3.63087 0</i>
                        <i>1 0 0 0 0.998202 -0.059939 0 0.059939 0.998202 0 3.63087 0</i>
                        <i>1 0 0 0 0.998202 -0.059939 0 0.059939 0.998202 0 3.63087 0</i>
                        <i>1 0 0 0 0.998202 -0.059939 0 0.059939 0.998202 0 3.63087 0</i>
                        <i>1 0 0 0 0.998202 -0.059939 0 0.059939 0.998202 0 3.63087 0</i>
                        <i>1 0 0 0 0.998202 -0.059939 0 0.059939 0.998202 0 3.63087 0</i>
                        <i>1 0 0 0 0.998202 -0.059939 0 0.059939 0.998202 0 3.63087 0</i>
                        <i>1 0 0 0 0.998202 -0.059939 0 0.059939 0.998202 0 3.63087 0</i>
                        <i>1 0 0 0 0.998202 -0.059939 0 0.059939 0.998202 0 3.63087 0</i>
                        <i>1 0 0 0 0.998202 -0.059939 0 0.059939 0.998202 0 3.63087 0</i>
                        <i>1 0 0 0 0.998202 -0.059939 0 0.059939 0.998202 0 3.63087 0</i>
                        <i>1 0 0 0 0.998202 -0.059939 0 0.059939 0.998202 0 3.63087 0</i>
                        <i>1 0 0 0 0.998202 -0.059939 0 0.059939 0.998202 0 3.63087 0</i>
                        <i>1 0 0 0 0.998202 -0.059939 0 0.059939 0.998202 0 3.63087 0</i>
                        <i>1 0 0 0 0.998202 -0.059939 0 0.059939 0.998202 0 3.63087 0</i>
                        <i>1 0 0 0 0.998202 -0.059939 0 0.059939 0.998202 0 3.63087 0</i>
                        <i>1 0 0 0 0.998202 -0.059939 0 0.059939 0.998202 0 3.63087 0</i>
                        <i>1 0 0 0 0.998202 -0.059939 0 0.059939 0.998202 0 3.63087 0</i>
                        <i>1 0 0 0 0.998202 -0.059939 0 0.059939 0.998202 0 3.63087 0</i>
                        <i>1 0 0 0 0.998202 -0.059939 0 0.059939 0.998202 0 3.63087 0</i>
                        <i>1 0 0 0 0.998202 -0.059939 0 0.059939 0.998202 0 3.63087 0</i>
                        <i>1 0 0 0 0.998202 -0.059939 0 0.059939 0.998202 0 3.63087 0</i>
                        <i>1 0 0 0 0.998202 -0.059939 0 0.059939 0.998202 0 3.63087 0</i>
                        <i>1 0 0 0 0.998202 -0.059939 0 0.059939 0.998202 0 3.63087 0</i>
                        <i>1 0 0 0 0.998202 -0.059939 0 0.059939 0.998202 0 3.63087 0</i>
                        <i>1 0 0 0 0.998202 -0.059939 0 0.059939 0.998202 0 3.63087 0</i>
                        <i>1 0 0 0 0.998202 -0.059939 0 0.059939 0.998202 0 3.63087 0</i>
                        <i>1 0 0 0 0.998202 -0.059939 0 0.059939 0.998202 0 3.63087 0</i>
                        <i>1 0 0 0 0.998202 -0.059939 0 0.059939 0.998202 0 3.63087 0</i>
                        <i>1 0 0 0 0.998202 -0.059939 0 0.059939 0.998202 0 3.63087 0</i>
                        <i>1 0 0 0 0.998202 -0.059939 0 0.059939 0.998202 0 3.63087 0</i>
                        <i>1 0 0 0 0.998202 -0.059939 0 0.059939 0.998202 0 3.63087 0</i>
                    </KeyFrames>
                </p>
            </i>
            <i>
                <p>
                    <Name><![CDATA[rotor]]></Name>
                    <Exclude>1</Exclude>
                    <Additive>0</Additive>
                    <IKPriority>0</IKPriority>
                    <IKRotLimits>-1e+010 -1e+010 -1e+010 1e+010 1e+010 1e+010</IKRotLimits>
                    <IKRotLimitOrder>0</IKRotLimitOrder>
                    <KeyFrames count="45">
                        <i>0.954551 -0.0178647 -0.297512 0 0.998202 -0.059939 0.298048 0.0572148 0.952835 0 6.1912 -0.15374</i>
                        <i>0.954551 -0.0178647 -0.297512 0 0.998202 -0.059939 0.298048 0.0572148 0.952835 0 6.1912 -0.15374</i>
                        <i>0.954551 -0.0178647 -0.297512 0 0.998202 -0.059939 0.298048 0.0572148 0.952835 0 6.1912 -0.15374</i>
                        <i>0.954551 -0.0178647 -0.297512 0 0.998202 -0.059939 0.298048 0.0572148 0.952835 0 6.1912 -0.15374</i>
                        <i>0.954551 -0.0178647 -0.297512 0 0.998202 -0.059939 0.298048 0.0572148 0.952835 0 6.1912 -0.15374</i>
                        <i>0.954551 -0.0178647 -0.297512 0 0.998202 -0.059939 0.298048 0.0572148 0.952835 0 6.1912 -0.15374</i>
                        <i>0.954551 -0.0178647 -0.297512 0 0.998202 -0.059939 0.298048 0.0572148 0.952835 0 6.1912 -0.15374</i>
                        <i>0.954551 -0.0178647 -0.297512 0 0.998202 -0.059939 0.298048 0.0572148 0.952835 0 6.1912 -0.15374</i>
                        <i>0.954551 -0.0178647 -0.297512 0 0.998202 -0.059939 0.298048 0.0572148 0.952835 0 6.1912 -0.15374</i>
                        <i>0.954551 -0.0178647 -0.297512 0 0.998202 -0.059939 0.298048 0.0572148 0.952835 0 6.1912 -0.15374</i>
                        <i>0.954551 -0.0178647 -0.297512 0 0.998202 -0.059939 0.298048 0.0572148 0.952835 0 6.1912 -0.15374</i>
                        <i>0.954551 -0.0178647 -0.297512 0 0.998202 -0.059939 0.298048 0.0572148 0.952835 0 6.1912 -0.15374</i>
                        <i>0.954551 -0.0178647 -0.297512 0 0.998202 -0.059939 0.298048 0.0572148 0.952835 0 6.1912 -0.15374</i>
                        <i>0.954551 -0.0178647 -0.297512 0 0.998202 -0.059939 0.298048 0.0572148 0.952835 0 6.1912 -0.15374</i>
                        <i>0.954551 -0.0178647 -0.297512 0 0.998202 -0.059939 0.298048 0.0572148 0.952835 0 6.1912 -0.15374</i>
                        <i>0.954551 -0.0178647 -0.297512 0 0.998202 -0.059939 0.298048 0.0572148 0.952835 0 6.1912 -0.15374</i>
                        <i>0.954551 -0.0178647 -0.297512 0 0.998202 -0.059939 0.298048 0.0572148 0.952835 0 6.1912 -0.15374</i>
                        <i>0.954551 -0.0178647 -0.297512 0 0.998202 -0.059939 0.298048 0.0572148 0.952835 0 6.1912 -0.15374</i>
                        <i>0.954551 -0.0178647 -0.297512 0 0.998202 -0.059939 0.298048 0.0572148 0.952835 0 6.1912 -0.15374</i>
                        <i>0.954551 -0.0178647 -0.297512 0 0.998202 -0.059939 0.298048 0.0572148 0.952835 0 6.1912 -0.15374</i>
                        <i>0.954551 -0.0178647 -0.297512 0 0.998202 -0.059939 0.298048 0.0572148 0.952835 0 6.1912 -0.15374</i>
                        <i>0.954551 -0.0178647 -0.297512 0 0.998202 -0.059939 0.298048 0.0572148 0.952835 0 6.1912 -0.15374</i>
                        <i>0.954551 -0.0178647 -0.297512 0 0.998202 -0.059939 0.298048 0.0572148 0.952835 0 6.1912 -0.15374</i>
                        <i>0.954551 -0.0178647 -0.297512 0 0.998202 -0.059939 0.298048 0.0572148 0.952835 0 6.1912 -0.15374</i>
                        <i>0.954551 -0.0178647 -0.297512 0 0.998202 -0.059939 0.298048 0.0572148 0.952835 0 6.1912 -0.15374</i>
                        <i>0.954551 -0.0178647 -0.297512 0 0.998202 -0.059939 0.298048 0.0572148 0.952835 0 6.1912 -0.15374</i>
                        <i>0.954551 -0.0178647 -0.297512 0 0.998202 -0.059939 0.298048 0.0572148 0.952835 0 6.1912 -0.15374</i>
                        <i>0.954551 -0.0178647 -0.297512 0 0.998202 -0.059939 0.298048 0.0572148 0.952835 0 6.1912 -0.15374</i>
                        <i>0.954551 -0.0178647 -0.297512 0 0.998202 -0.059939 0.298048 0.0572148 0.952835 0 6.1912 -0.15374</i>
                        <i>0.954551 -0.0178647 -0.297512 0 0.998202 -0.059939 0.298048 0.0572148 0.952835 0 6.1912 -0.15374</i>
                        <i>0.954551 -0.0178647 -0.297512 0 0.998202 -0.059939 0.298048 0.0572148 0.952835 0 6.1912 -0.15374</i>
                        <i>0.954551 -0.0178647 -0.297512 0 0.998202 -0.059939 0.298048 0.0572148 0.952835 0 6.1912 -0.15374</i>
                        <i>0.954551 -0.0178647 -0.297512 0 0.998202 -0.059939 0.298048 0.0572148 0.952835 0 6.1912 -0.15374</i>
                        <i>0.954551 -0.0178647 -0.297512 0 0.998202 -0.059939 0.298048 0.0572148 0.952835 0 6.1912 -0.15374</i>
                        <i>0.954551 -0.0178647 -0.297512 0 0.998202 -0.059939 0.298048 0.0572148 0.952835 0 6.1912 -0.15374</i>
                        <i>0.954551 -0.0178647 -0.297512 0 0.998202 -0.059939 0.298048 0.0572148 0.952835 0 6.1912 -0.15374</i>
                        <i>0.954551 -0.0178647 -0.297512 0 0.998202 -0.059939 0.298048 0.0572148 0.952835 0 6.1912 -0.15374</i>
                        <i>0.954551 -0.0178647 -0.297512 0 0.998202 -0.059939 0.298048 0.0572148 0.952835 0 6.1912 -0.15374</i>
                        <i>0.954551 -0.0178647 -0.297512 0 0.998202 -0.059939 0.298048 0.0572148 0.952835 0 6.1912 -0.15374</i>
                        <i>0.954551 -0.0178647 -0.297512 0 0.998202 -0.059939 0.298048 0.0572148 0.952835 0 6.1912 -0.15374</i>
                        <i>0.954551 -0.0178647 -0.297512 0 0.998202 -0.059939 0.298048 0.0572148 0.952835 0 6.1912 -0.15374</i>
                        <i>0.954551 -0.0178647 -0.297512 0 0.998202 -0.059939 0.298048 0.0572148 0.952835 0 6.1912 -0.15374</i>
                        <i>0.954551 -0.0178647 -0.297512 0 0.998202 -0.059939 0.298048 0.0572148 0.952835 0 6.1912 -0.15374</i>
                        <i>0.954551 -0.0178647 -0.297512 0 0.998202 -0.059939 0.298048 0.0572148 0.952835 0 6.1912 -0.15374</i>
                        <i>0.954551 -0.0178647 -0.297512 0 0.998202 -0.059939 0.298048 0.0572148 0.952835 0 6.1912 -0.15374</i>
                    </KeyFrames>
                </p>
            </i>
            <i>
                <p>
                    <Name><![CDATA[blades]]></Name>
                    <Exclude>1</Exclude>
                    <Additive>0</Additive>
                    <IKPriority>0</IKPriority>
                    <IKRotLimits>-1e+010 -1e+010 -1e+010 1e+010 1e+010 1e+010</IKRotLimits>
                    <IKRotLimitOrder>0</IKRotLimitOrder>
                    <KeyFrames count="45">
                        <i>0.954551 -0.0178647 -0.297512 0 0.998202 -0.059939 0.298048 0.0572148 0.952835 -0.0269398 5.63823 -0.206971</i>
                        <i>0.954551 -0.0178647 -0.297512 0 0.998202 -0.059939 0.298048 0.0572148 0.952835 -0.0269398 5.63823 -0.206971</i>
                        <i>0.954551 -0.0178647 -0.297512 0 0.998202 -0.059939 0.298048 0.0572148 0.952835 -0.0269398 5.63823 -0.206971</i>
                        <i>0.954551 -0.0178647 -0.297512 0 0.998202 -0.059939 0.298048 0.0572148 0.952835 -0.0269398 5.63823 -0.206971</i>
                        <i>0.954551 -0.0178647 -0.297512 0 0.998202 -0.059939 0.298048 0.0572148 0.952835 -0.0269398 5.63823 -0.206971</i>
                        <i>0.954551 -0.0178647 -0.297512 0 0.998202 -0.059939 0.298048 0.0572148 0.952835 -0.0269398 5.63823 -0.206971</i>
                        <i>0.954551 -0.0178647 -0.297512 0 0.998202 -0.059939 0.298048 0.0572148 0.952835 -0.0269398 5.63823 -0.206971</i>
                        <i>0.954551 -0.0178647 -0.297512 0 0.998202 -0.059939 0.298048 0.0572148 0.952835 -0.0269398 5.63823 -0.206971</i>
                        <i>0.954551 -0.0178647 -0.297512 0 0.998202 -0.059939 0.298048 0.0572148 0.952835 -0.0269398 5.63823 -0.206971</i>
                        <i>0.954551 -0.0178647 -0.297512 0 0.998202 -0.059939 0.298048 0.0572148 0.952835 -0.0269398 5.63823 -0.206971</i>
                        <i>0.954551 -0.0178647 -0.297512 0 0.998202 -0.059939 0.298048 0.0572148 0.952835 -0.0269398 5.63823 -0.206971</i>
                        <i>0.954551 -0.0178647 -0.297512 0 0.998202 -0.059939 0.298048 0.0572148 0.952835 -0.0269398 5.63823 -0.206971</i>
                        <i>0.954551 -0.0178647 -0.297512 0 0.998202 -0.059939 0.298048 0.0572148 0.952835 -0.0269398 5.63823 -0.206971</i>
                        <i>0.954551 -0.0178647 -0.297512 0 0.998202 -0.059939 0.298048 0.0572148 0.952835 -0.0269398 5.63823 -0.206971</i>
                        <i>0.954551 -0.0178647 -0.297512 0 0.998202 -0.059939 0.298048 0.0572148 0.952835 -0.0269398 5.63823 -0.206971</i>
                        <i>0.954551 -0.0178647 -0.297512 0 0.998202 -0.059939 0.298048 0.0572148 0.952835 -0.0269398 5.63823 -0.206971</i>
                        <i>0.954551 -0.0178647 -0.297512 0 0.998202 -0.059939 0.298048 0.0572148 0.952835 -0.0269398 5.63823 -0.206971</i>
                        <i>0.954551 -0.0178647 -0.297512 0 0.998202 -0.059939 0.298048 0.0572148 0.952835 -0.0269398 5.63823 -0.206971</i>
                        <i>0.954551 -0.0178647 -0.297512 0 0.998202 -0.059939 0.298048 0.0572148 0.952835 -0.0269398 5.63823 -0.206971</i>
                        <i>0.954551 -0.0178647 -0.297512 0 0.998202 -0.059939 0.298048 0.0572148 0.952835 -0.0269398 5.63823 -0.206971</i>
                        <i>0.954551 -0.0178647 -0.297512 0 0.998202 -0.059939 0.298048 0.0572148 0.952835 -0.0269398 5.63823 -0.206971</i>
                        <i>0.954551 -0.0178647 -0.297512 0 0.998202 -0.059939 0.298048 0.0572148 0.952835 -0.0269398 5.63823 -0.206971</i>
                        <i>0.954551 -0.0178647 -0.297512 0 0.998202 -0.059939 0.298048 0.0572148 0.952835 -0.0269398 5.63823 -0.206971</i>
                        <i>0.954551 -0.0178647 -0.297512 0 0.998202 -0.059939 0.298048 0.0572148 0.952835 -0.0269398 5.63823 -0.206971</i>
                        <i>0.954551 -0.0178647 -0.297512 0 0.998202 -0.059939 0.298048 0.0572148 0.952835 -0.0269398 5.63823 -0.206971</i>
                        <i>0.954551 -0.0178647 -0.297512 0 0.998202 -0.059939 0.298048 0.0572148 0.952835 -0.0269398 5.63823 -0.206971</i>
                        <i>0.954551 -0.0178647 -0.297512 0 0.998202 -0.059939 0.298048 0.0572148 0.952835 -0.0269398 5.63823 -0.206971</i>
                        <i>0.954551 -0.0178647 -0.297512 0 0.998202 -0.059939 0.298048 0.0572148 0.952835 -0.0269398 5.63823 -0.206971</i>
                        <i>0.954551 -0.0178647 -0.297512 0 0.998202 -0.059939 0.298048 0.0572148 0.952835 -0.0269398 5.63823 -0.206971</i>
                        <i>0.954551 -0.0178647 -0.297512 0 0.998202 -0.059939 0.298048 0.0572148 0.952835 -0.0269398 5.63823 -0.206971</i>
                        <i>0.954551 -0.0178647 -0.297512 0 0.998202 -0.059939 0.298048 0.0572148 0.952835 -0.0269398 5.63823 -0.206971</i>
                        <i>0.954551 -0.0178647 -0.297512 0 0.998202 -0.059939 0.298048 0.0572148 0.952835 -0.0269398 5.63823 -0.206971</i>
                        <i>0.954551 -0.0178647 -0.297512 0 0.998202 -0.059939 0.298048 0.0572148 0.952835 -0.0269398 5.63823 -0.206971</i>
                        <i>0.954551 -0.0178647 -0.297512 0 0.998202 -0.059939 0.298048 0.0572148 0.952835 -0.0269398 5.63823 -0.206971</i>
                        <i>0.954551 -0.0178647 -0.297512 0 0.998202 -0.059939 0.298048 0.0572148 0.952835 -0.0269398 5.63823 -0.206971</i>
                        <i>0.954551 -0.0178647 -0.297512 0 0.998202 -0.059939 0.298048 0.0572148 0.952835 -0.0269398 5.63823 -0.206971</i>
                        <i>0.954551 -0.0178647 -0.297512 0 0.998202 -0.059939 0.298048 0.0572148 0.952835 -0.0269398 5.63823 -0.206971</i>
                        <i>0.954551 -0.0178647 -0.297512 0 0.998202 -0.059939 0.298048 0.0572148 0.952835 -0.0269398 5.63823 -0.206971</i>
                        <i>0.954551 -0.0178647 -0.297512 0 0.998202 -0.059939 0.298048 0.0572148 0.952835 -0.0269398 5.63823 -0.206971</i>
                        <i>0.954551 -0.0178647 -0.297512 0 0.998202 -0.059939 0.298048 0.0572148 0.952835 -0.0269398 5.63823 -0.206971</i>
                        <i>0.954551 -0.0178647 -0.297512 0 0.998202 -0.059939 0.298048 0.0572148 0.952835 -0.0269398 5.63823 -0.206971</i>
                        <i>0.954551 -0.0178647 -0.297512 0 0.998202 -0.059939 0.298048 0.0572148 0.952835 -0.0269398 5.63823 -0.206971</i>
                        <i>0.954551 -0.0178647 -0.297512 0 0.998202 -0.059939 0.298048 0.0572148 0.952835 -0.0269398 5.63823 -0.206971</i>
                        <i>0.954551 -0.0178647 -0.297512 0 0.998202 -0.059939 0.298048 0.0572148 0.952835 -0.0269398 5.63823 -0.206971</i>
                        <i>0.954551 -0.0178647 -0.297512 0 0.998202 -0.059939 0.298048 0.0572148 0.952835 -0.0269398 5.63823 -0.206971</i>
                    </KeyFrames>
                </p>
            </i>
            <i>
                <p>
                    <Name><![CDATA[tail_rotor]]></Name>
                    <Exclude>1</Exclude>
                    <Additive>0</Additive>
                    <IKPriority>0</IKPriority>
                    <IKRotLimits>-1e+010 -1e+010 -1e+010 1e+010 1e+010 1e+010</IKRotLimits>
                    <IKRotLimitOrder>0</IKRotLimitOrder>
                    <KeyFrames count="45">
                        <i>1 0 0 0 0.998202 -0.059939 0 0.059939 0.998202 0 6.13699 -20.3776</i>
                        <i>1 0 0 0 0.998202 -0.059939 0 0.059939 0.998202 0 6.13699 -20.3776</i>
                        <i>1 0 0 0 0.998202 -0.059939 0 0.059939 0.998202 0 6.13699 -20.3776</i>
                        <i>1 0 0 0 0.998202 -0.059939 0 0.059939 0.998202 0 6.13699 -20.3776</i>
                        <i>1 0 0 0 0.998202 -0.059939 0 0.059939 0.998202 0 6.13699 -20.3776</i>
                        <i>1 0 0 0 0.998202 -0.059939 0 0.059939 0.998202 0 6.13699 -20.3776</i>
                        <i>1 0 0 0 0.998202 -0.059939 0 0.059939 0.998202 0 6.13699 -20.3776</i>
                        <i>1 0 0 0 0.998202 -0.059939 0 0.059939 0.998202 0 6.13699 -20.3776</i>
                        <i>1 0 0 0 0.998202 -0.059939 0 0.059939 0.998202 0 6.13699 -20.3776</i>
                        <i>1 0 0 0 0.998202 -0.059939 0 0.059939 0.998202 0 6.13699 -20.3776</i>
                        <i>1 0 0 0 0.998202 -0.059939 0 0.059939 0.998202 0 6.13699 -20.3776</i>
                        <i>1 0 0 0 0.998202 -0.059939 0 0.059939 0.998202 0 6.13699 -20.3776</i>
                        <i>1 0 0 0 0.998202 -0.059939 0 0.059939 0.998202 0 6.13699 -20.3776</i>
                        <i>1 0 0 0 0.998202 -0.059939 0 0.059939 0.998202 0 6.13699 -20.3776</i>
                        <i>1 0 0 0 0.998202 -0.059939 0 0.059939 0.998202 0 6.13699 -20.3776</i>
                        <i>1 0 0 0 0.998202 -0.059939 0 0.059939 0.998202 0 6.13699 -20.3776</i>
                        <i>1 0 0 0 0.998202 -0.059939 0 0.059939 0.998202 0 6.13699 -20.3776</i>
                        <i>1 0 0 0 0.998202 -0.059939 0 0.059939 0.998202 0 6.13699 -20.3776</i>
                        <i>1 0 0 0 0.998202 -0.059939 0 0.059939 0.998202 0 6.13699 -20.3776</i>
                        <i>1 0 0 0 0.998202 -0.059939 0 0.059939 0.998202 0 6.13699 -20.3776</i>
                        <i>1 0 0 0 0.998202 -0.059939 0 0.059939 0.998202 0 6.13699 -20.3776</i>
                        <i>1 0 0 0 0.998202 -0.059939 0 0.059939 0.998202 0 6.13699 -20.3776</i>
                        <i>1 0 0 0 0.998202 -0.059939 0 0.059939 0.998202 0 6.13699 -20.3776</i>
                        <i>1 0 0 0 0.998202 -0.059939 0 0.059939 0.998202 0 6.13699 -20.3776</i>
                        <i>1 0 0 0 0.998202 -0.059939 0 0.059939 0.998202 0 6.13699 -20.3776</i>
                        <i>1 0 0 0 0.998202 -0.059939 0 0.059939 0.998202 0 6.13699 -20.3776</i>
                        <i>1 0 0 0 0.998202 -0.059939 0 0.059939 0.998202 0 6.13699 -20.3776</i>
                        <i>1 0 0 0 0.998202 -0.059939 0 0.059939 0.998202 0 6.13699 -20.3776</i>
                        <i>1 0 0 0 0.998202 -0.059939 0 0.059939 0.998202 0 6.13699 -20.3776</i>
                        <i>1 0 0 0 0.998202 -0.059939 0 0.059939 0.998202 0 6.13699 -20.3776</i>
                        <i>1 0 0 0 0.998202 -0.059939 0 0.059939 0.998202 0 6.13699 -20.3776</i>
                        <i>1 0 0 0 0.998202 -0.059939 0 0.059939 0.998202 0 6.13699 -20.3776</i>
                        <i>1 0 0 0 0.998202 -0.059939 0 0.059939 0.998202 0 6.13699 -20.3776</i>
                        <i>1 0 0 0 0.998202 -0.059939 0 0.059939 0.998202 0 6.13699 -20.3776</i>
                        <i>1 0 0 0 0.998202 -0.059939 0 0.059939 0.998202 0 6.13699 -20.3776</i>
                        <i>1 0 0 0 0.998202 -0.059939 0 0.059939 0.998202 0 6.13699 -20.3776</i>
                        <i>1 0 0 0 0.998202 -0.059939 0 0.059939 0.998202 0 6.13699 -20.3776</i>
                        <i>1 0 0 0 0.998202 -0.059939 0 0.059939 0.998202 0 6.13699 -20.3776</i>
                        <i>1 0 0 0 0.998202 -0.059939 0 0.059939 0.998202 0 6.13699 -20.3776</i>
                        <i>1 0 0 0 0.998202 -0.059939 0 0.059939 0.998202 0 6.13699 -20.3776</i>
                        <i>1 0 0 0 0.998202 -0.059939 0 0.059939 0.998202 0 6.13699 -20.3776</i>
                        <i>1 0 0 0 0.998202 -0.059939 0 0.059939 0.998202 0 6.13699 -20.3776</i>
                        <i>1 0 0 0 0.998202 -0.059939 0 0.059939 0.998202 0 6.13699 -20.3776</i>
                        <i>1 0 0 0 0.998202 -0.059939 0 0.059939 0.998202 0 6.13699 -20.3776</i>
                        <i>1 0 0 0 0.998202 -0.059939 0 0.059939 0.998202 0 6.13699 -20.3776</i>
                    </KeyFrames>
                </p>
            </i>
            <i>
                <p>
                    <Name><![CDATA[front_gear]]></Name>
                    <Exclude>1</Exclude>
                    <Additive>0</Additive>
                    <IKPriority>0</IKPriority>
                    <IKRotLimits>-1e+010 -1e+010 -1e+010 1e+010 1e+010 1e+010</IKRotLimits>
                    <IKRotLimitOrder>0</IKRotLimitOrder>
                    <KeyFrames count="45">
                        <i>1 0 0 0 0.998202 -0.059939 0 0.059939 0.998202 0 1.45571 4.99819</i>
                        <i>1 0 0 0 0.998202 -0.059939 0 0.059939 0.998202 0 1.45571 4.99819</i>
                        <i>1 0 0 0 0.998202 -0.059939 0 0.059939 0.998202 0 1.45571 4.99819</i>
                        <i>1 0 0 0 0.998202 -0.059939 0 0.059939 0.998202 0 1.45571 4.99819</i>
                        <i>1 0 0 0 0.998202 -0.059939 0 0.059939 0.998202 0 1.45571 4.99819</i>
                        <i>1 0 0 0 0.998202 -0.059939 0 0.059939 0.998202 0 1.45571 4.99819</i>
                        <i>1 0 0 0 0.998202 -0.059939 0 0.059939 0.998202 0 1.45571 4.99819</i>
                        <i>1 0 0 0 0.998202 -0.059939 0 0.059939 0.998202 0 1.45571 4.99819</i>
                        <i>1 0 0 0 0.998202 -0.059939 0 0.059939 0.998202 0 1.45571 4.99819</i>
                        <i>1 0 0 0 0.998202 -0.059939 0 0.059939 0.998202 0 1.45571 4.99819</i>
                        <i>1 0 0 0 0.998202 -0.059939 0 0.059939 0.998202 0 1.45571 4.99819</i>
                        <i>1 0 0 0 0.998202 -0.059939 0 0.059939 0.998202 0 1.45571 4.99819</i>
                        <i>1 0 0 0 0.998202 -0.059939 0 0.059939 0.998202 0 1.45571 4.99819</i>
                        <i>1 0 0 0 0.998202 -0.059939 0 0.059939 0.998202 0 1.45571 4.99819</i>
                        <i>1 0 0 0 0.998202 -0.059939 0 0.059939 0.998202 0 1.45571 4.99819</i>
                        <i>1 0 0 0 0.998202 -0.059939 0 0.059939 0.998202 0 1.45571 4.99819</i>
                        <i>1 0 0 0 0.998202 -0.059939 0 0.059939 0.998202 0 1.45571 4.99819</i>
                        <i>1 0 0 0 0.998202 -0.059939 0 0.059939 0.998202 0 1.45571 4.99819</i>
                        <i>1 0 0 0 0.998202 -0.059939 0 0.059939 0.998202 0 1.45571 4.99819</i>
                        <i>1 0 0 0 0.998202 -0.059939 0 0.059939 0.998202 0 1.45571 4.99819</i>
                        <i>1 0 0 0 0.998202 -0.059939 0 0.059939 0.998202 0 1.45571 4.99819</i>
                        <i>1 0 0 0 0.998202 -0.059939 0 0.059939 0.998202 0 1.45571 4.99819</i>
                        <i>1 0 0 0 0.998202 -0.059939 0 0.059939 0.998202 0 1.45571 4.99819</i>
                        <i>1 0 0 0 0.998202 -0.059939 0 0.059939 0.998202 0 1.45571 4.99819</i>
                        <i>1 0 0 0 0.998202 -0.059939 0 0.059939 0.998202 0 1.45571 4.99819</i>
                        <i>1 0 0 0 0.998202 -0.059939 0 0.059939 0.998202 0 1.45571 4.99819</i>
                        <i>1 0 0 0 0.998202 -0.059939 0 0.059939 0.998202 0 1.45571 4.99819</i>
                        <i>1 0 0 0 0.998202 -0.059939 0 0.059939 0.998202 0 1.45571 4.99819</i>
                        <i>1 0 0 0 0.998202 -0.059939 0 0.059939 0.998202 0 1.45571 4.99819</i>
                        <i>1 0 0 0 0.998202 -0.059939 0 0.059939 0.998202 0 1.45571 4.99819</i>
                        <i>1 0 0 0 0.998202 -0.059939 0 0.059939 0.998202 0 1.45571 4.99819</i>
                        <i>1 0 0 0 0.998202 -0.059939 0 0.059939 0.998202 0 1.45571 4.99819</i>
                        <i>1 0 0 0 0.998202 -0.059939 0 0.059939 0.998202 0 1.45571 4.99819</i>
                        <i>1 0 0 0 0.998202 -0.059939 0 0.059939 0.998202 0 1.45571 4.99819</i>
                        <i>1 0 0 0 0.998202 -0.059939 0 0.059939 0.998202 0 1.45571 4.99819</i>
                        <i>1 0 0 0 0.998202 -0.059939 0 0.059939 0.998202 0 1.45571 4.99819</i>
                        <i>1 0 0 0 0.998202 -0.059939 0 0.059939 0.998202 0 1.45571 4.99819</i>
                        <i>1 0 0 0 0.998202 -0.059939 0 0.059939 0.998202 0 1.45571 4.99819</i>
                        <i>1 0 0 0 0.998202 -0.059939 0 0.059939 0.998202 0 1.45571 4.99819</i>
                        <i>1 0 0 0 0.998202 -0.059939 0 0.059939 0.998202 0 1.45571 4.99819</i>
                        <i>1 0 0 0 0.998202 -0.059939 0 0.059939 0.998202 0 1.45571 4.99819</i>
                        <i>1 0 0 0 0.998202 -0.059939 0 0.059939 0.998202 0 1.45571 4.99819</i>
                        <i>1 0 0 0 0.998202 -0.059939 0 0.059939 0.998202 0 1.45571 4.99819</i>
                        <i>1 0 0 0 0.998202 -0.059939 0 0.059939 0.998202 0 1.45571 4.99819</i>
                        <i>1 0 0 0 0.998202 -0.059939 0 0.059939 0.998202 0 1.45571 4.99819</i>
                    </KeyFrames>
                </p>
            </i>
            <i>
                <p>
                    <Name><![CDATA[left_front_door]]></Name>
                    <Exclude>0</Exclude>
                    <Additive>0</Additive>
                    <IKPriority>0</IKPriority>
                    <IKRotLimits>-1e+010 -1e+010 -1e+010 1e+010 1e+010 1e+010</IKRotLimits>
                    <IKRotLimitOrder>0</IKRotLimitOrder>
                    <KeyFrames count="45">
                        <i>1 0 0 0 0.998202 -0.059939 0 0.059939 0.998202 1.86843 3.72495 3.46557</i>
                        <i>1 0 0 0 0.998202 -0.059939 0 0.059939 0.998202 1.86843 3.72527 3.47095</i>
                        <i>1 0 0 0 0.998202 -0.059939 0 0.059939 0.998202 1.86843 3.72621 3.48658</i>
                        <i>1 0 0 0 0.998202 -0.059939 0 0.059939 0.998202 1.86843 3.72772 3.51171</i>
                        <i>1 0 0 0 0.998202 -0.059939 0 0.059939 0.998202 1.86843 3.72975 3.5456</i>
                        <i>1 0 0 0 0.998202 -0.059939 0 0.059939 0.998202 1.86843 3.73227 3.58749</i>
                        <i>1 0 0 0 0.998202 -0.059939 0 0.059939 0.998202 1.86843 3.73522 3.63663</i>
                        <i>1 0 0 0 0.998202 -0.059939 0 0.059939 0.998202 1.86843 3.73856 3.69228</i>
                        <i>1 0 0 0 0.998202 -0.059939 0 0.059939 0.998202 1.86843 3.74225 3.75367</i>
                        <i>1 0 0 0 0.998202 -0.059939 0 0.059939 0.998202 1.86843 3.74623 3.82007</i>
                        <i>1 0 0 0 0.998202 -0.059939 0 0.059939 0.998202 1.86843 3.75048 3.89072</i>
                        <i>1 0 0 0 0.998202 -0.059939 0 0.059939 0.998202 1.86843 3.75493 3.96487</i>
                        <i>1 0 0 0 0.998202 -0.059939 0 0.059939 0.998202 1.86843 3.75955 4.04177</i>
                        <i>1 0 0 0 0.998202 -0.059939 0 0.059939 0.998202 1.86843 3.76428 4.12068</i>
                        <i>1 0 0 0 0.998202 -0.059939 0 0.059939 0.998202 1.86843 3.7691 4.20083</i>
                        <i>1 0 0 0 0.998202 -0.059939 0 0.059939 0.998202 1.86843 3.77394 4.28148</i>
                        <i>1 0 0 0 0.998202 -0.059939 0 0.059939 0.998202 1.86843 3.77877 4.36189</i>
                        <i>1 0 0 0 0.998202 -0.059939 0 0.059939 0.998202 1.86843 3.78354 4.44129</i>
                        <i>1 0 0 0 0.998202 -0.059939 0 0.059939 0.998202 1.86843 3.7882 4.51894</i>
                        <i>1 0 0 0 0.998202 -0.059939 0 0.059939 0.998202 1.86843 3.79271 4.59409</i>
                        <i>1 0 0 0 0.998202 -0.059939 0 0.059939 0.998202 1.86843 3.79703 4.66599</i>
                        <i>1 0 0 0 0.998202 -0.059939 0 0.059939 0.998202 1.86843 3.80111 4.73389</i>
                        <i>1 0 0 0 0.998202 -0.059939 0 0.059939 0.998202 1.86843 3.8049 4.79704</i>
                        <i>1 0 0 0 0.998202 -0.059939 0 0.059939 0.998202 1.86843 3.8049 4.79704</i>
                        <i>1 0 0 0 0.998202 -0.059939 0 0.059939 0.998202 1.86843 3.8049 4.79704</i>
                        <i>1 0 0 0 0.998202 -0.059939 0 0.059939 0.998202 1.86843 3.8049 4.79704</i>
                        <i>1 0 0 0 0.998202 -0.059939 0 0.059939 0.998202 1.86843 3.8049 4.79704</i>
                        <i>1 0 0 0 0.998202 -0.059939 0 0.059939 0.998202 1.86843 3.8049 4.79704</i>
                        <i>1 0 0 0 0.998202 -0.059939 0 0.059939 0.998202 1.86843 3.8049 4.79704</i>
                        <i>1 0 0 0 0.998202 -0.059939 0 0.059939 0.998202 1.86843 3.8049 4.79704</i>
                        <i>1 0 0 0 0.998202 -0.059939 0 0.059939 0.998202 1.86843 3.8049 4.79704</i>
                        <i>1 0 0 0 0.998202 -0.059939 0 0.059939 0.998202 1.86843 3.8049 4.79704</i>
                        <i>1 0 0 0 0.998202 -0.059939 0 0.059939 0.998202 1.86843 3.8049 4.79704</i>
                        <i>1 0 0 0 0.998202 -0.059939 0 0.059939 0.998202 1.86843 3.8049 4.79704</i>
                        <i>1 0 0 0 0.998202 -0.059939 0 0.059939 0.998202 1.86843 3.8049 4.79704</i>
                        <i>1 0 0 0 0.998202 -0.059939 0 0.059939 0.998202 1.86843 3.8049 4.79704</i>
                        <i>1 0 0 0 0.998202 -0.059939 0 0.059939 0.998202 1.86843 3.8049 4.79704</i>
                        <i>1 0 0 0 0.998202 -0.059939 0 0.059939 0.998202 1.86843 3.8049 4.79704</i>
                        <i>1 0 0 0 0.998202 -0.059939 0 0.059939 0.998202 1.86843 3.8049 4.79704</i>
                        <i>1 0 0 0 0.998202 -0.059939 0 0.059939 0.998202 1.86843 3.8049 4.79704</i>
                        <i>1 0 0 0 0.998202 -0.059939 0 0.059939 0.998202 1.86843 3.8049 4.79704</i>
                        <i>1 0 0 0 0.998202 -0.059939 0 0.059939 0.998202 1.86843 3.8049 4.79704</i>
                        <i>1 0 0 0 0.998202 -0.059939 0 0.059939 0.998202 1.86843 3.8049 4.79704</i>
                        <i>1 0 0 0 0.998202 -0.059939 0 0.059939 0.998202 1.86843 3.8049 4.79704</i>
                        <i>1 0 0 0 0.998202 -0.059939 0 0.059939 0.998202 1.86843 3.8049 4.79704</i>
                    </KeyFrames>
                </p>
            </i>
            <i>
                <p>
                    <Name><![CDATA[left_rear_hatch]]></Name>
                    <Exclude>0</Exclude>
                    <Additive>0</Additive>
                    <IKPriority>0</IKPriority>
                    <IKRotLimits>-1e+010 -1e+010 -1e+010 1e+010 1e+010 1e+010</IKRotLimits>
                    <IKRotLimitOrder>0</IKRotLimitOrder>
                    <KeyFrames count="45">
                        <i>-0.298197 0.417788 0.858214 0 0.89912 -0.437701 -0.954504 -0.130521 -0.268115 1.64463 2.26947 -5.34229</i>
                        <i>-0.29637 0.418037 0.858726 2.77556e-017 0.89912 -0.437701 -0.955073 -0.129722 -0.266473 1.64463 2.26947 -5.34229</i>
                        <i>-0.290967 0.418763 0.860218 0 0.89912 -0.437701 -0.956733 -0.127357 -0.261614 1.64463 2.26947 -5.34229</i>
                        <i>-0.282095 0.419925 0.862604 -2.77556e-017 0.89912 -0.437701 -0.959386 -0.123474 -0.253638 1.64463 2.26947 -5.34229</i>
                        <i>-0.269855 0.421463 0.865764 -2.77556e-017 0.89912 -0.437701 -0.962901 -0.118116 -0.242632 1.64463 2.26947 -5.34229</i>
                        <i>-0.254339 0.423308 0.869553 0 0.89912 -0.437701 -0.967115 -0.111325 -0.228682 1.64463 2.26947 -5.34229</i>
                        <i>-0.235638 0.425376 0.873802 2.77556e-017 0.89912 -0.437701 -0.971841 -0.103139 -0.211867 1.64463 2.26947 -5.34229</i>
                        <i>-0.213842 0.427577 0.878322 0 0.89912 -0.437701 -0.976868 -0.093599 -0.19227 1.64463 2.26947 -5.34229</i>
                        <i>-0.189046 0.429809 0.882908 0 0.89912 -0.437701 -0.981968 -0.0827456 -0.169975 1.64463 2.26947 -5.34229</i>
                        <i>-0.161351 0.431966 0.887339 0 0.89912 -0.437701 -0.986897 -0.0706234 -0.145074 1.64463 2.26947 -5.34229</i>
                        <i>-0.130868 0.433937 0.891388 2.77556e-017 0.89912 -0.437701 -0.9914 -0.0572811 -0.117666 1.64463 2.26947 -5.34229</i>
                        <i>-0.0977223 0.435606 0.894817 0 0.89912 -0.437701 -0.995214 -0.0427732 -0.0878641 1.64463 2.26947 -5.34229</i>
                        <i>-0.0620532 0.436858 0.897388 0 0.89912 -0.437701 -0.998073 -0.0271608 -0.0557933 1.64463 2.26947 -5.34229</i>
                        <i>-0.0240179 0.437575 0.898861 0 0.89912 -0.437701 -0.999712 -0.0105127 -0.021595 1.64463 2.26947 -5.34229</i>
                        <i>0.0162075 0.437644 0.899002 0 0.89912 -0.437701 -0.999869 0.00709403 0.0145725 1.64463 2.26947 -5.34229</i>
                        <i>0.0584268 0.436954 0.897584 2.77556e-017 0.89912 -0.437701 -0.998292 0.0255735 0.0525328 1.64463 2.26947 -5.34229</i>
                        <i>0.102424 0.435399 0.894392 0 0.89912 -0.437701 -0.994741 0.0448309 0.0920911 1.64463 2.26947 -5.34229</i>
                        <i>0.147961 0.432884 0.889224 0 0.89912 -0.437701 -0.988993 0.0647629 0.133035 1.64463 2.26947 -5.34229</i>
                        <i>0.194784 0.429318 0.881899 0 0.89912 -0.437701 -0.980846 0.0852572 0.175134 1.64463 2.26947 -5.34229</i>
                        <i>0.242618 0.424624 0.872256 0 0.89912 -0.437701 -0.970122 0.106194 0.218143 1.64463 2.26947 -5.34229</i>
                        <i>0.291174 0.418736 0.860162 -2.77556e-017 0.89912 -0.437701 -0.95667 0.127447 0.2618 1.64463 2.26947 -5.34229</i>
                        <i>0.340149 0.411602 0.845507 -2.77556e-017 0.89912 -0.437701 -0.940372 0.148884 0.305835 1.64463 2.26947 -5.34229</i>
                        <i>0.389231 0.403184 0.828216 2.77556e-017 0.89912 -0.437701 -0.92114 0.170367 0.349965 1.64463 2.26947 -5.34229</i>
                        <i>0.438102 0.393461 0.808242 -2.77556e-017 0.89912 -0.437701 -0.898925 0.191758 0.393906 1.64463 2.26947 -5.34229</i>
                        <i>0.48644 0.382426 0.785574 0 0.89912 -0.437701 -0.873714 0.212915 0.437368 1.64463 2.26947 -5.34229</i>
                        <i>0.533928 0.37009 0.760233 0 0.89912 -0.437701 -0.84553 0.233701 0.480066 1.64463 2.26947 -5.34229</i>
                        <i>0.580254 0.35648 0.732276 0 0.89912 -0.437701 -0.814436 0.253978 0.521718 1.64463 2.26947 -5.34229</i>
                        <i>0.625116 0.34164 0.701792 0 0.89912 -0.437701 -0.780532 0.273614 0.562055 1.64463 2.26947 -5.34229</i>
                        <i>0.668231 0.325629 0.668904 0 0.89912 -0.437701 -0.743953 0.292486 0.60082 1.64463 2.26947 -5.34229</i>
                        <i>0.709334 0.308524 0.633765 0 0.89912 -0.437701 -0.704872 0.310477 0.637777 1.64463 2.26947 -5.34229</i>
                        <i>0.748185 0.290411 0.596558 0 0.89912 -0.437701 -0.663491 0.327481 0.672708 1.64463 2.26947 -5.34229</i>
                        <i>0.78457 0.271392 0.557491 -2.77556e-017 0.89912 -0.437701 -0.62004 0.343407 0.705423 1.64463 2.26947 -5.34229</i>
