<?xml version="1.0" encoding="ISO-8859-1" ?>
<Animl Version="1">
    <ModellingPackage><![CDATA[Maya.2010]]></ModellingPackage>
    <SrcFile><![CDATA[anims\vehicles\red\~src\air\helicopter_mi8hip\mi8hip_takeoff.mb]]></SrcFile>
    <FramesPerSecond>30</FramesPerSecond>
    <TotalFrames>121</TotalFrames>
    <Skeleton>
        <RefFrame>
            <Name><![CDATA[mi8hip_ref_frame]]></Name>
            <Exclude>0</Exclude>
            <Additive>0</Additive>
            <IKPriority>0</IKPriority>
            <IKRotLimits>-1e+010 -1e+010 -1e+010 1e+010 1e+010 1e+010</IKRotLimits>
            <IKRotLimitOrder>0</IKRotLimitOrder>
            <KeyFrames count="121">
                <i>1 0 0 0 1 0 0 0 1 0 0 0</i>
                <i>1 0 0 0 1 0 0 0 1 0 0 0</i>
                <i>1 0 0 0 1 0 0 0 1 0 0 0</i>
                <i>1 0 0 0 1 0 0 0 1 0 0 0</i>
                <i>1 0 0 0 1 0 0 0 1 0 0 0</i>
                <i>1 0 0 0 1 0 0 0 1 0 0 0</i>
                <i>1 0 0 0 1 0 0 0 1 0 0 0</i>
                <i>1 0 0 0 1 0 0 0 1 0 0 0</i>
                <i>1 0 0 0 1 0 0 0 1 0 0 0</i>
                <i>1 0 0 0 1 0 0 0 1 0 0 0</i>
                <i>1 0 0 0 1 0 0 0 1 0 0 0</i>
                <i>1 0 0 0 1 0 0 0 1 0 0 0</i>
                <i>1 0 0 0 1 0 0 0 1 0 0 0</i>
                <i>1 0 0 0 1 0 0 0 1 0 0 0</i>
                <i>1 0 0 0 1 0 0 0 1 0 0 0</i>
                <i>1 0 0 0 1 0 0 0 1 0 0 0</i>
                <i>1 0 0 0 1 0 0 0 1 0 0 0</i>
                <i>1 0 0 0 1 0 0 0 1 0 0 0</i>
                <i>1 0 0 0 1 0 0 0 1 0 0 0</i>
                <i>1 0 0 0 1 0 0 0 1 0 0 0</i>
                <i>1 0 0 0 1 0 0 0 1 0 0 0</i>
                <i>1 0 0 0 1 0 0 0 1 0 0 0</i>
                <i>1 0 0 0 1 0 0 0 1 0 0 0</i>
                <i>1 0 0 0 1 0 0 0 1 0 0 0</i>
                <i>1 0 0 0 1 0 0 0 1 0 0 0</i>
                <i>1 0 0 0 1 0 0 0 1 0 0 0</i>
                <i>1 0 0 0 1 0 0 0 1 0 0 0</i>
                <i>1 0 0 0 1 0 0 0 1 0 0 0</i>
                <i>1 0 0 0 1 0 0 0 1 0 0 0</i>
                <i>1 0 0 0 1 0 0 0 1 0 0 0</i>
                <i>1 0 0 0 1 0 0 0 1 0 0 0</i>
                <i>1 0 0 0 1 0 0 0 1 0 0 0</i>
                <i>1 0 0 0 1 0 0 0 1 0 0 0</i>
                <i>1 0 0 0 1 0 0 0 1 0 0 0</i>
                <i>1 0 0 0 1 0 0 0 1 0 0 0</i>
                <i>1 0 0 0 1 0 0 0 1 0 0 0</i>
                <i>1 0 0 0 1 0 0 0 1 0 0 0</i>
                <i>1 0 0 0 1 0 0 0 1 0 0 0</i>
                <i>1 0 0 0 1 0 0 0 1 0 0 0</i>
                <i>1 0 0 0 1 0 0 0 1 0 0 0</i>
                <i>1 0 0 0 1 0 0 0 1 0 0 0</i>
                <i>1 0 0 0 1 0 0 0 1 0 0 0</i>
                <i>1 0 0 0 1 0 0 0 1 0 0 0</i>
                <i>1 0 0 0 1 0 0 0 1 0 0 0</i>
                <i>1 0 0 0 1 0 0 0 1 0 0 0</i>
                <i>1 0 0 0 1 0 0 0 1 0 0 0</i>
                <i>1 0 0 0 1 0 0 0 1 0 0 0</i>
                <i>1 0 0 0 1 0 0 0 1 0 0 0</i>
                <i>1 0 0 0 1 0 0 0 1 0 0 0</i>
                <i>1 0 0 0 1 0 0 0 1 0 0 0</i>
                <i>1 0 0 0 1 0 0 0 1 0 0 0</i>
                <i>1 0 0 0 1 0 0 0 1 0 0 0</i>
                <i>1 0 0 0 1 0 0 0 1 0 0 0</i>
                <i>1 0 0 0 1 0 0 0 1 0 0 0</i>
                <i>1 0 0 0 1 0 0 0 1 0 0 0</i>
                <i>1 0 0 0 1 0 0 0 1 0 0 0</i>
                <i>1 0 0 0 1 0 0 0 1 0 0 0</i>
                <i>1 0 0 0 1 0 0 0 1 0 0 0</i>
                <i>1 0 0 0 1 0 0 0 1 0 0 0</i>
                <i>1 0 0 0 1 0 0 0 1 0 0 0</i>
                <i>1 0 0 0 1 0 0 0 1 0 0 0</i>
                <i>1 0 0 0 1 0 0 0 1 0 0 0</i>
                <i>1 0 0 0 1 0 0 0 1 0 0 0</i>
                <i>1 0 0 0 1 0 0 0 1 0 0 0</i>
                <i>1 0 0 0 1 0 0 0 1 0 0 0</i>
                <i>1 0 0 0 1 0 0 0 1 0 0 0</i>
                <i>1 0 0 0 1 0 0 0 1 0 0 0</i>
                <i>1 0 0 0 1 0 0 0 1 0 0 0</i>
                <i>1 0 0 0 1 0 0 0 1 0 0.012695 0</i>
                <i>1 0 0 0 1 0 0 0 1 0 0.0502965 0</i>
                <i>1 0 0 0 1 0 0 0 1 0 0.112079 0</i>
                <i>1 0 0 0 1 0 0 0 1 0 0.197318 0</i>
                <i>1 0 0 0 1 0 0 0 1 0 0.305286 0</i>
                <i>1 0 0 0 1 0 0 0 1 0 0.435259 0</i>
                <i>1 0 0 0 1 0 0 0 1 0 0.586511 0</i>
                <i>1 0 0 0 1 0 0 0 1 0 0.758317 0</i>
                <i>1 0 0 0 1 0 0 0 1 0 0.949952 0</i>
                <i>1 0 0 0 1 0 0 0 1 0 1.16069 0</i>
                <i>1 0 0 0 1 0 0 0 1 0 1.38981 0</i>
                <i>1 0 0 0 1 0 0 0 1 0 1.63657 0</i>
                <i>1 0 0 0 1 0 0 0 1 0 1.90027 0</i>
                <i>1 0 0 0 1 0 0 0 1 0 2.18016 0</i>
                <i>1 0 0 0 1 0 0 0 1 0 2.47553 0</i>
                <i>1 0 0 0 1 0 0 0 1 0 2.78566 0</i>
                <i>1 0 0 0 1 0 0 0 1 0 3.1098 0</i>
                <i>1 0 0 0 1 0 0 0 1 0 3.44725 0</i>
                <i>1 0 0 0 1 0 0 0 1 0 3.79727 0</i>
                <i>1 0 0 0 1 0 0 0 1 0 4.15914 0</i>
                <i>1 0 0 0 1 0 0 0 1 0 4.53213 0</i>
                <i>1 0 0 0 1 0 0 0 1 0 4.91552 0</i>
                <i>1 0 0 0 1 0 0 0 1 0 5.30858 0</i>
                <i>1 0 0 0 1 0 0 0 1 0 5.71059 0</i>
                <i>1 0 0 0 1 0 0 0 1 0 6.12082 0</i>
                <i>1 0 0 0 1 0 0 0 1 0 6.53855 0</i>
                <i>1 0 0 0 1 0 0 0 1 0 6.96305 0</i>
                <i>1 0 0 0 1 0 0 0 1 0 7.39359 0</i>
                <i>1 0 0 0 1 0 0 0 1 0 7.82946 0</i>
                <i>1 0 0 0 1 0 0 0 1 0 8.26991 0</i>
                <i>1 0 0 0 1 0 0 0 1 0 8.71424 0</i>
                <i>1 0 0 0 1 0 0 0 1 0 9.16171 0</i>
                <i>1 0 0 0 1 0 0 0 1 0 9.6116 0</i>
                <i>1 0 0 0 1 0 0 0 1 0 10.0632 0</i>
                <i>1 0 0 0 1 0 0 0 1 0 10.5157 0</i>
                <i>1 0 0 0 1 0 0 0 1 0 10.9685 0</i>
                <i>1 0 0 0 1 0 0 0 1 0 11.4208 0</i>
                <i>1 0 0 0 1 0 0 0 1 0 11.8719 0</i>
                <i>1 0 0 0 1 0 0 0 1 0 12.3211 0</i>
                <i>1 0 0 0 1 0 0 0 1 0 12.7676 0</i>
                <i>1 0 0 0 1 0 0 0 1 0 13.2107 0</i>
                <i>1 0 0 0 1 0 0 0 1 0 13.6497 0</i>
                <i>1 0 0 0 1 0 0 0 1 0 14.0839 0</i>
                <i>1 0 0 0 1 0 0 0 1 0 14.5125 0</i>
                <i>1 0 0 0 1 0 0 0 1 0 14.9348 0</i>
                <i>1 0 0 0 1 0 0 0 1 0 15.3501 0</i>
                <i>1 0 0 0 1 0 0 0 1 0 15.7577 0</i>
                <i>1 0 0 0 1 0 0 0 1 0 16.1568 0</i>
                <i>1 0 0 0 1 0 0 0 1 0 16.5467 0</i>
                <i>1 0 0 0 1 0 0 0 1 0 16.9267 0</i>
                <i>1 0 0 0 1 0 0 0 1 0 17.2961 0</i>
                <i>1 0 0 0 1 0 0 0 1 0 17.6541 0</i>
                <i>1 0 0 0 1 0 0 0 1 0 18 0</i>
            </KeyFrames>
        </RefFrame>
        <Bones count="9">
            <i>
                <p>
                    <Name><![CDATA[mi8hip_root]]></Name>
                    <Exclude>0</Exclude>
                    <Additive>0</Additive>
                    <IKPriority>0</IKPriority>
                    <IKRotLimits>-1e+010 -1e+010 -1e+010 1e+010 1e+010 1e+010</IKRotLimits>
                    <IKRotLimitOrder>0</IKRotLimitOrder>
                    <KeyFrames count="121">
                        <i>1 0 0 0 0.998202 -0.059939 0 0.059939 0.998202 0 3.63087 0</i>
                        <i>1 0 0 0 0.998202 -0.059939 0 0.059939 0.998202 0 3.63087 0</i>
                        <i>1 0 0 0 0.998202 -0.059939 0 0.059939 0.998202 0 3.63087 0</i>
                        <i>1 0 0 0 0.998202 -0.059939 0 0.059939 0.998202 0 3.63087 0</i>
                        <i>1 0 0 0 0.998202 -0.059939 0 0.059939 0.998202 0 3.63087 0</i>
                        <i>1 0 0 0 0.998202 -0.059939 0 0.059939 0.998202 0 3.63087 0</i>
                        <i>1 0 0 0 0.998202 -0.059939 0 0.059939 0.998202 0 3.63087 0</i>
                        <i>1 0 0 0 0.998202 -0.059939 0 0.059939 0.998202 0 3.63087 0</i>
                        <i>1 0 0 0 0.998202 -0.059939 0 0.059939 0.998202 0 3.63087 0</i>
                        <i>1 0 0 0 0.998202 -0.059939 0 0.059939 0.998202 0 3.63087 0</i>
                        <i>1 0 0 0 0.998202 -0.059939 0 0.059939 0.998202 0 3.63087 0</i>
                        <i>1 0 0 0 0.998202 -0.059939 0 0.059939 0.998202 0 3.63087 0</i>
                        <i>1 0 0 0 0.998202 -0.059939 0 0.059939 0.998202 0 3.63087 0</i>
                        <i>1 0 0 0 0.998202 -0.059939 0 0.059939 0.998202 0 3.63087 0</i>
                        <i>1 0 0 0 0.998202 -0.059939 0 0.059939 0.998202 0 3.63087 0</i>
                        <i>1 0 0 0 0.998202 -0.059939 0 0.059939 0.998202 0 3.63087 0</i>
                        <i>1 0 0 0 0.998202 -0.059939 0 0.059939 0.998202 0 3.63087 0</i>
                        <i>1 0 0 0 0.998202 -0.059939 0 0.059939 0.998202 0 3.63087 0</i>
                        <i>1 0 0 0 0.998202 -0.059939 0 0.059939 0.998202 0 3.63087 0</i>
                        <i>1 0 0 0 0.998202 -0.059939 0 0.059939 0.998202 0 3.63087 0</i>
                        <i>1 0 0 0 0.998202 -0.059939 0 0.059939 0.998202 0 3.63087 0</i>
                        <i>1 0 0 0 0.998202 -0.059939 0 0.059939 0.998202 0 3.63087 0</i>
                        <i>1 0 0 0 0.998202 -0.059939 0 0.059939 0.998202 0 3.63087 0</i>
                        <i>1 0 0 0 0.998202 -0.059939 0 0.059939 0.998202 0 3.63087 0</i>
                        <i>1 0 0 0 0.998202 -0.059939 0 0.059939 0.998202 0 3.63087 0</i>
                        <i>1 0 0 0 0.998202 -0.059939 0 0.059939 0.998202 0 3.63087 0</i>
                        <i>1 0 0 0 0.998202 -0.059939 0 0.059939 0.998202 0 3.63087 0</i>
                        <i>1 0 0 0 0.998202 -0.059939 0 0.059939 0.998202 0 3.63087 0</i>
                        <i>1 0 0 0 0.998202 -0.059939 0 0.059939 0.998202 0 3.63087 0</i>
                        <i>1 0 0 0 0.998202 -0.059939 0 0.059939 0.998202 0 3.63087 0</i>
                        <i>1 0 0 0 0.998202 -0.059939 0 0.059939 0.998202 0 3.63087 0</i>
                        <i>1 0 0 0 0.998202 -0.059939 0 0.059939 0.998202 0 3.63087 0</i>
                        <i>1 0 0 0 0.998202 -0.059939 0 0.059939 0.998202 0 3.63087 0</i>
                        <i>1 0 0 0 0.998202 -0.059939 0 0.059939 0.998202 0 3.63087 0</i>
                        <i>1 0 0 0 0.998202 -0.059939 0 0.059939 0.998202 0 3.63087 0</i>
                        <i>1 0 0 0 0.998202 -0.059939 0 0.059939 0.998202 0 3.63087 0</i>
                        <i>1 0 0 0 0.998202 -0.059939 0 0.059939 0.998202 0 3.63087 0</i>
                        <i>1 0 0 0 0.998202 -0.059939 0 0.059939 0.998202 0 3.63087 0</i>
                        <i>1 0 0 0 0.998202 -0.059939 0 0.059939 0.998202 0 3.63087 0</i>
                        <i>1 0 0 0 0.998202 -0.059939 0 0.059939 0.998202 0 3.63087 0</i>
                        <i>1 0 0 0 0.998202 -0.059939 0 0.059939 0.998202 0 3.63087 0</i>
                        <i>1 0 0 0 0.998202 -0.059939 0 0.059939 0.998202 0 3.63087 0</i>
                        <i>1 0 0 0 0.998202 -0.059939 0 0.059939 0.998202 0 3.63087 0</i>
                        <i>1 0 0 0 0.998202 -0.059939 0 0.059939 0.998202 0 3.63087 0</i>
                        <i>1 0 0 0 0.998202 -0.059939 0 0.059939 0.998202 0 3.63087 0</i>
                        <i>1 0 0 0 0.998202 -0.059939 0 0.059939 0.998202 0 3.63087 0</i>
                        <i>1 0 0 0 0.998202 -0.059939 0 0.059939 0.998202 0 3.63087 0</i>
                        <i>1 0 0 0 0.998202 -0.059939 0 0.059939 0.998202 0 3.63087 0</i>
                        <i>1 0 0 0 0.998202 -0.059939 0 0.059939 0.998202 0 3.63087 0</i>
                        <i>1 0 0 0 0.998202 -0.059939 0 0.059939 0.998202 0 3.63087 0</i>
                        <i>1 0 0 0 0.998202 -0.059939 0 0.059939 0.998202 0 3.63087 0</i>
                        <i>1 0 0 0 0.998202 -0.059939 0 0.059939 0.998202 0 3.63087 0</i>
                        <i>1 0 0 0 0.998202 -0.059939 0 0.059939 0.998202 0 3.63087 0</i>
                        <i>1 0 0 0 0.998202 -0.059939 0 0.059939 0.998202 0 3.63087 0</i>
                        <i>1 0 0 0 0.998202 -0.059939 0 0.059939 0.998202 0 3.63087 0</i>
                        <i>1 0 0 0 0.998202 -0.059939 0 0.059939 0.998202 0 3.63087 0</i>
                        <i>1 0 0 0 0.998202 -0.059939 0 0.059939 0.998202 0 3.63087 0</i>
                        <i>1 0 0 0 0.998202 -0.059939 0 0.059939 0.998202 0 3.63087 0</i>
                        <i>1 0 0 0 0.998202 -0.059939 0 0.059939 0.998202 0 3.63087 0</i>
                        <i>1 0 0 0 0.99823 -0.0594694 0 0.0594694 0.99823 0 3.63087 0</i>
                        <i>1 0 0 0 0.99831 -0.0581162 0 0.0581162 0.99831 0 3.63087 0</i>
                        <i>1 0 0 0 0.998433 -0.0559624 0 0.0559624 0.998433 0 3.63087 0</i>
                        <i>1 0 0 0 0.99859 -0.0530912 0 0.0530912 0.99859 0 3.63087 0</i>
                        <i>1 0 0 0 0.99877 -0.0495856 0 0.0495856 0.99877 0 3.63087 0</i>
                        <i>1 0 0 0 0.998963 -0.0455287 0 0.0455287 0.998963 0 3.63087 0</i>
                        <i>1 0 0 0 0.999159 -0.0410037 0 0.0410037 0.999159 0 3.63087 0</i>
                        <i>1 0 0 0 0.999348 -0.0360939 0 0.0360939 0.999348 0 3.63087 0</i>
                        <i>1 0 0 0 0.999523 -0.0308826 0 0.0308826 0.999523 0 3.63087 0</i>
                        <i>1 0.00042366 8.47033e-022 -0.000423522 0.999676 -0.0254532 -1.07835e-005 0.0254532 0.999676 0 3.64356 0</i>
                        <i>0.999999 0.00161295 -3.38813e-021 -0.00161263 0.999801 -0.0198893 -3.20803e-005 0.0198892 0.999802 0 3.68116 0</i>
                        <i>0.999994 0.00344532 0 -0.00344497 0.999892 -0.0142744 -4.91798e-005 0.0142743 0.999898 0 3.74295 0</i>
                        <i>0.999983 0.00579824 -3.38813e-021 -0.00579802 0.999945 -0.0086922 -5.03995e-005 0.00869206 0.999962 0 3.82819 0</i>
                        <i>0.999963 0.00854911 -3.38813e-021 -0.00854907 0.999958 -0.00322642 -2.7583e-005 0.0032263 0.999995 0 3.93615 0</i>
                        <i>0.999933 0.0115754 0 -0.0115754 0.999931 0.00203932 2.36059e-005 -0.00203919 0.999998 0 4.06613 0</i>
                        <i>0.999891 0.0147545 6.77626e-021 -0.0147541 0.999866 0.00702141 0.000103597 -0.00702064 0.999975 0 4.21738 0</i>
                        <i>0.999839 0.0179638 0 -0.0179626 0.999771 0.0116362 0.000209031 -0.0116344 0.999932 0 4.38919 0</i>
                        <i>0.999778 0.0210808 2.71051e-020 -0.0210782 0.999653 0.0158003 0.000333083 -0.0157968 0.999875 0 4.58082 0</i>
                        <i>0.999712 0.023983 5.42101e-020 -0.0239785 0.999524 0.0194301 0.000465992 -0.0194245 0.999811 0 4.79156 0</i>
                        <i>0.999648 0.0265479 5.42101e-020 -0.0265412 0.999396 0.0224423 0.000595796 -0.0224344 0.999748 0 5.02067 0</i>
                        <i>0.999589 0.0286531 -5.42101e-020 -0.0286443 0.999283 0.0247534 0.000709261 -0.0247432 0.999694 0 5.26744 0</i>
                        <i>0.999545 0.0301761 0 -0.0301657 0.999201 0.0262189 0.000791184 -0.0262069 0.999656 0 5.53114 0</i>
                        <i>0.99952 0.0309946 0 -0.0309834 0.99916 0.0268272 0.000831499 -0.0268144 0.99964 0 5.81103 0</i>
                        <i>0.99952 0.0309861 0 -0.030975 0.999164 0.0266948 0.000827165 -0.0266819 0.999644 0 6.1064 0</i>
                        <i>0.999541 0.0303106 0 -0.0303004 0.999204 0.0259377 0.000786186 -0.0259257 0.999664 0 6.41652 0</i>
                        <i>0.999573 0.0292354 0 -0.0292265 0.999268 0.0246722 0.000721302 -0.0246616 0.999696 0 6.74067 0</i>
                        <i>0.999614 0.0277989 5.42101e-020 -0.0277916 0.999349 0.0230145 0.000639777 -0.0230056 0.999735 0 7.07812 0</i>
                        <i>0.999661 0.0260393 -5.42101e-020 -0.0260336 0.999439 0.0210808 0.00054893 -0.0210736 0.999778 0 7.42814 0</i>
                        <i>0.999712 0.0239951 0 -0.0239907 0.999532 0.0189874 0.000455604 -0.0189819 0.99982 0 7.79001 0</i>
                        <i>0.999764 0.0217044 0 -0.0217013 0.999622 0.0168505 0.00036573 -0.0168465 0.999858 0 8.163 0</i>
                        <i>0.999816 0.0192058 0 -0.0192037 0.999706 0.0147864 0.000283984 -0.0147837 0.999891 0 8.54639 0</i>
                        <i>0.999863 0.0165375 1.35525e-020 -0.0165361 0.99978 0.0129114 0.000213521 -0.0129096 0.999917 0 8.93945 0</i>
                        <i>0.999906 0.0137379 -1.35525e-020 -0.013737 0.999841 0.0113417 0.000155811 -0.0113407 0.999936 0 9.34146 0</i>
                        <i>0.999941 0.0108454 0 -0.0108448 0.999889 0.0101938 0.000110555 -0.0101932 0.999948 0 9.75169 0</i>
                        <i>0.999969 0.00789838 0 -0.00789802 0.999923 0.00958379 7.56965e-005 -0.00958349 0.999954 0 10.1694 0</i>
                        <i>0.999988 0.00493531 3.38813e-021 -0.00493509 0.999941 0.00962807 4.75176e-005 -0.00962795 0.999954 0 10.5939 0</i>
                        <i>0.999998 0.00199456 1.69407e-021 -0.00199446 0.999947 0.0101454 2.02357e-005 -0.0101454 0.999949 0 11.0245 0</i>
                        <i>1 -0.000885464 8.47033e-022 0.000885412 0.999941 0.010865 -9.62059e-006 -0.010865 0.999941 0 11.4603 0</i>
                        <i>0.999993 -0.00366635 -3.38813e-021 0.0036661 0.999924 0.0117687 -4.31482e-005 -0.0117686 0.999931 0 11.9008 0</i>
                        <i>0.99998 -0.00630971 0 0.00630919 0.999898 0.0128383 -8.10058e-005 -0.012838 0.999918 0 12.3451 0</i>
                        <i>0.999961 -0.00877713 0 0.00877626 0.999863 0.0140556 -0.000123368 -0.014055 0.999901 0 12.7926 0</i>
                        <i>0.999939 -0.0110302 0 0.0110289 0.999821 0.0154024 -0.000169892 -0.0154015 0.999881 0 13.2425 0</i>
                        <i>0.999915 -0.0130306 0 0.0130288 0.999773 0.0168607 -0.000219705 -0.0168592 0.999858 0 13.694 0</i>
                        <i>0.999891 -0.01474 -2.71051e-020 0.0147375 0.999722 0.0184121 -0.000271394 -0.0184101 0.99983 0 14.1466 0</i>
                        <i>0.99987 -0.0161199 -2.71051e-020 0.0161166 0.999669 0.0200385 -0.000323018 -0.0200359 0.999799 0 14.5994 0</i>
                        <i>0.999853 -0.017132 -2.71051e-020 0.017128 0.999617 0.0217218 -0.000372137 -0.0217186 0.999764 0 15.0517 0</i>
                        <i>0.999843 -0.017719 0 0.0177142 0.999568 0.0234437 -0.0004154 -0.02344 0.999725 0 15.5028 0</i>
                        <i>0.99984 -0.0178788 -2.71051e-020 0.0178731 0.999523 0.0251861 -0.000450296 -0.0251821 0.999683 0 15.952 0</i>
                        <i>0.999844 -0.0176554 -2.71051e-020 0.017649 0.999481 0.0269308 -0.000475474 -0.0269266 0.999637 0 16.3985 0</i>
                        <i>0.999854 -0.0170931 0 0.0170861 0.999443 0.0286597 -0.000489883 -0.0286555 0.999589 0 16.8416 0</i>
                        <i>0.999868 -0.0162361 -5.42101e-020 0.0162286 0.999407 0.0303546 -0.00049284 -0.0303506 0.999539 0 17.2806 0</i>
                        <i>0.999886 -0.0151286 0 0.0151208 0.999374 0.0319973 -0.000484074 -0.0319936 0.999488 0 17.7148 0</i>
                        <i>0.999905 -0.0138148 -2.71051e-020 0.013807 0.999341 0.0335696 -0.000463756 -0.0335664 0.999436 0 18.1434 0</i>
                        <i>0.999924 -0.0123388 0 0.0123312 0.999309 0.0350535 -0.000432518 -0.0350508 0.999385 0 18.5657 0</i>
                        <i>0.999942 -0.010745 -2.71051e-020 0.0107378 0.999278 0.0364307 -0.000391446 -0.0364286 0.999336 0 18.981 0</i>
                        <i>0.999959 -0.00907738 5.42101e-020 0.00907093 0.999249 0.0376832 -0.000342064 -0.0376816 0.99929 0 19.3886 0</i>
                        <i>0.999973 -0.00738031 0 0.00737475 0.99922 0.0387927 -0.000286302 -0.0387917 0.999247 0 19.7877 0</i>
                        <i>0.999984 -0.00569794 0 0.00569344 0.999194 0.0397412 -0.000226443 -0.0397406 0.99921 0 20.1776 0</i>
                        <i>0.999992 -0.00407451 0 0.00407117 0.999171 0.0405105 -0.000165061 -0.0405101 0.999179 0 20.5576 0</i>
                        <i>0.999997 -0.00255424 -6.77626e-021 0.00255208 0.999152 0.0410824 -0.000104934 -0.0410823 0.999156 0 20.927 0</i>
                        <i>0.999999 -0.00118133 -3.38813e-021 0.00118031 0.99914 0.0414389 -4.8953e-005 -0.0414389 0.999141 0 21.285 0</i>
                        <i>1 0 0 0 0.999136 0.0415618 0 -0.0415618 0.999136 0 21.6309 0</i>
                    </KeyFrames>
                </p>
            </i>
            <i>
                <p>
                    <Name><![CDATA[rotor]]></Name>
                    <Exclude>0</Exclude>
                    <Additive>0</Additive>
                    <IKPriority>0</IKPriority>
                    <IKRotLimits>-1e+010 -1e+010 -1e+010 1e+010 1e+010 1e+010</IKRotLimits>
                    <IKRotLimitOrder>0</IKRotLimitOrder>
                    <KeyFrames count="121">
                        <i>0.954551 -0.0178647 -0.297512 0 0.998202 -0.059939 0.298048 0.0572148 0.952835 0 6.1912 -0.15374</i>
                        <i>0.954551 -0.0178647 -0.297512 0 0.998202 -0.059939 0.298048 0.0572148 0.952835 0 6.1912 -0.15374</i>
                        <i>0.954551 -0.0178647 -0.297512 0 0.998202 -0.059939 0.298048 0.0572148 0.952835 0 6.1912 -0.15374</i>
                        <i>0.954551 -0.0178647 -0.297512 0 0.998202 -0.059939 0.298048 0.0572148 0.952835 0 6.1912 -0.15374</i>
                        <i>0.954551 -0.0178647 -0.297512 0 0.998202 -0.059939 0.298048 0.0572148 0.952835 0 6.1912 -0.15374</i>
                        <i>0.954551 -0.0178647 -0.297512 0 0.998202 -0.059939 0.298048 0.0572148 0.952835 0 6.1912 -0.15374</i>
                        <i>0.954551 -0.0178647 -0.297512 0 0.998202 -0.059939 0.298048 0.0572148 0.952835 0 6.1912 -0.15374</i>
                        <i>0.954551 -0.0178647 -0.297512 0 0.998202 -0.059939 0.298048 0.0572148 0.952835 0 6.1912 -0.15374</i>
                        <i>0.954551 -0.0178647 -0.297512 0 0.998202 -0.059939 0.298048 0.0572148 0.952835 0 6.1912 -0.15374</i>
                        <i>0.954551 -0.0178647 -0.297512 0 0.998202 -0.059939 0.298048 0.0572148 0.952835 0 6.1912 -0.15374</i>
                        <i>0.954551 -0.0178647 -0.297512 0 0.998202 -0.059939 0.298048 0.0572148 0.952835 0 6.1912 -0.15374</i>
                        <i>0.954551 -0.0178647 -0.297512 0 0.998202 -0.059939 0.298048 0.0572148 0.952835 0 6.1912 -0.15374</i>
                        <i>0.954551 -0.0178647 -0.297512 0 0.998202 -0.059939 0.298048 0.0572148 0.952835 0 6.1912 -0.15374</i>
                        <i>0.954551 -0.0178647 -0.297512 0 0.998202 -0.059939 0.298048 0.0572148 0.952835 0 6.1912 -0.15374</i>
                        <i>0.954551 -0.0178647 -0.297512 0 0.998202 -0.059939 0.298048 0.0572148 0.952835 0 6.1912 -0.15374</i>
                        <i>0.954551 -0.0178647 -0.297512 0 0.998202 -0.059939 0.298048 0.0572148 0.952835 0 6.1912 -0.15374</i>
                        <i>0.954551 -0.0178647 -0.297512 0 0.998202 -0.059939 0.298048 0.0572148 0.952835 0 6.1912 -0.15374</i>
                        <i>0.954551 -0.0178647 -0.297512 0 0.998202 -0.059939 0.298048 0.0572148 0.952835 0 6.1912 -0.15374</i>
                        <i>0.954551 -0.0178647 -0.297512 0 0.998202 -0.059939 0.298048 0.0572148 0.952835 0 6.1912 -0.15374</i>
                        <i>0.954551 -0.0178647 -0.297512 0 0.998202 -0.059939 0.298048 0.0572148 0.952835 0 6.1912 -0.15374</i>
                        <i>0.954551 -0.0178647 -0.297512 0 0.998202 -0.059939 0.298048 0.0572148 0.952835 0 6.1912 -0.15374</i>
                        <i>0.954551 -0.0178647 -0.297512 0 0.998202 -0.059939 0.298048 0.0572148 0.952835 0 6.1912 -0.15374</i>
                        <i>0.954551 -0.0178647 -0.297512 0 0.998202 -0.059939 0.298048 0.0572148 0.952835 0 6.1912 -0.15374</i>
                        <i>0.954551 -0.0178647 -0.297512 0 0.998202 -0.059939 0.298048 0.0572148 0.952835 0 6.1912 -0.15374</i>
                        <i>0.954551 -0.0178647 -0.297512 0 0.998202 -0.059939 0.298048 0.0572148 0.952835 0 6.1912 -0.15374</i>
                        <i>0.954551 -0.0178647 -0.297512 0 0.998202 -0.059939 0.298048 0.0572148 0.952835 0 6.1912 -0.15374</i>
                        <i>0.954551 -0.0178647 -0.297512 0 0.998202 -0.059939 0.298048 0.0572148 0.952835 0 6.1912 -0.15374</i>
                        <i>0.954551 -0.0178647 -0.297512 0 0.998202 -0.059939 0.298048 0.0572148 0.952835 0 6.1912 -0.15374</i>
                        <i>0.954551 -0.0178647 -0.297512 0 0.998202 -0.059939 0.298048 0.0572148 0.952835 0 6.1912 -0.15374</i>
                        <i>0.954551 -0.0178647 -0.297512 0 0.998202 -0.059939 0.298048 0.0572148 0.952835 0 6.1912 -0.15374</i>
                        <i>0.954551 -0.0178647 -0.297512 0 0.998202 -0.059939 0.298048 0.0572148 0.952835 0 6.1912 -0.15374</i>
                        <i>0.965644 -0.0155763 -0.259403 0 0.998202 -0.059939 0.25987 0.0578797 0.963907 0 6.1912 -0.15374</i>
                        <i>0.989367 -0.00871775 -0.145182 0 0.998202 -0.059939 0.145444 0.0593016 0.987588 0 6.1912 -0.15374</i>
                        <i>0.999006 0.00267242 0.0445056 0 0.998202 -0.059939 -0.0445857 0.0598794 0.997209 0 6.1912 -0.15374</i>
                        <i>0.953766 0.0180146 0.300009 0 0.998202 -0.059939 -0.300549 0.0571678 0.952051 0 6.1912 -0.15374</i>
                        <i>0.806544 0.0354344 0.590111 0 0.998202 -0.059939 -0.591174 0.0483435 0.805094 0 6.1912 -0.15374</i>
                        <i>0.520975 0.0511623 0.852037 0 0.998202 -0.059939 -0.853572 0.0312267 0.520038 0 6.1912 -0.15374</i>
                        <i>0.0980294 0.0596503 0.993394 0 0.998202 -0.059939 -0.995184 0.00587578 0.0978531 0 6.1912 -0.15374</i>
                        <i>-0.396411 0.0550284 0.916422 0 0.998202 -0.059939 -0.918073 -0.0237605 -0.395699 0 6.1912 -0.15374</i>
                        <i>-0.822535 0.0340882 0.567692 0 0.998202 -0.059939 -0.568715 -0.0493019 -0.821056 0 6.1912 -0.15374</i>
                        <i>-0.999997 -0.000133734 -0.00222715 0 0.998202 -0.059939 0.00223116 -0.0599389 -0.9982 0 6.1912 -0.15374</i>
                        <i>-0.79317 -0.0365029 -0.607906 0 0.998202 -0.059939 0.609001 -0.0475418 -0.791743 0 6.1912 -0.15374</i>
                        <i>-0.219753 -0.0584738 -0.973801 0 0.998202 -0.059939 0.975556 -0.0131718 -0.219358 0 6.1912 -0.15374</i>
                        <i>0.489235 -0.0522759 -0.870584 0 0.998202 -0.059939 0.872152 0.0293242 0.488355 0 6.1912 -0.15374</i>
                        <i>0.957668 -0.017255 -0.287358 0 0.998202 -0.059939 0.287876 0.0574017 0.955946 0 6.1912 -0.15374</i>
                        <i>0.874281 0.0290956 0.484548 0 0.998202 -0.059939 -0.48542 0.0524035 0.872709 0 6.1912 -0.15374</i>
                        <i>0.23513 0.0582586 0.970216 0 0.998202 -0.059939 -0.971964 0.0140934 0.234707 0 6.1912 -0.15374</i>
                        <i>-0.575701 0.0490097 0.81619 0 0.998202 -0.059939 -0.81766 -0.0345069 -0.574666 0 6.1912 -0.15374</i>
                        <i>-0.996318 0.00513863 0.0855769 0 0.998202 -0.059939 -0.085731 -0.0597183 -0.994527 0 6.1912 -0.15374</i>
                        <i>-0.694683 -0.0431151 -0.718023 0 0.998202 -0.059939 0.719316 -0.0416386 -0.693434 0 6.1912 -0.15374</i>
                        <i>0.133901 -0.0593992 -0.989213 0 0.998202 -0.059939 0.990995 0.00802589 0.13366 0 6.1912 -0.15374</i>
                        <i>0.865766 -0.0299964 -0.499549 0 0.998202 -0.059939 0.500449 0.0518932 0.86421 0 6.1912 -0.15374</i>
                        <i>0.923064 0.0230553 0.383954 0 0.998202 -0.059939 -0.384645 0.0553276 0.921405 0 6.1912 -0.15374</i>
                        <i>0.251274 0.0580159 0.966176 0 0.998202 -0.059939 -0.967916 0.0150611 0.250823 0 6.1912 -0.15374</i>
                        <i>-0.619015 0.0470748 0.783967 0 0.998202 -0.059939 -0.785379 -0.0371031 -0.617902 0 6.1912 -0.15374</i>
                        <i>-0.9999 -0.000847996 -0.0141222 0 0.998202 -0.059939 0.0141476 -0.059933 -0.998102 0 6.1912 -0.15374</i>
                        <i>-0.602593 -0.0478342 -0.796614 0 0.998202 -0.059939 0.798049 -0.0361188 -0.60151 0 6.1912 -0.15374</i>
                        <i>0.24941 -0.0580448 -0.966657 0 0.998202 -0.059939 0.968398 0.0149494 0.248961 0 6.1912 -0.15374</i>
                        <i>0.907072 -0.0252328 -0.420218 0 0.998202 -0.059939 0.420975 0.054369 0.905441 0 6.1912 -0.15374</i>
                        <i>0.908324 0.0248741 0.417527 0 0.99823 -0.0594694 -0.418268 0.0540175 0.906716 0 6.19127 -0.152536</i>
                        <i>0.290621 0.0556078 0.955221 0 0.99831 -0.0581162 -0.956838 0.0168898 0.29013 0 6.19148 -0.149065</i>
                        <i>-0.500609 0.0484452 0.864317 0 0.998433 -0.0559624 -0.865674 -0.0280153 -0.499824 0 6.19179 -0.14354</i>
                        <i>-0.967397 0.013446 0.252906 0 0.99859 -0.0530912 -0.253263 -0.0513603 -0.966033 0 6.19219 -0.136176</i>
                        <i>-0.876559 -0.0238653 -0.480703 0 0.99877 -0.0495856 0.481295 -0.0434647 -0.87548 0 6.19266 -0.127184</i>
                        <i>-0.339403 -0.0428262 -0.939666 0 0.998963 -0.0455287 0.940641 -0.0154526 -0.339051 0 6.19315 -0.116779</i>
                        <i>0.330446 -0.0387004 -0.943031 0 0.999159 -0.0410037 0.943825 0.0135495 0.330168 0 6.19365 -0.105172</i>
                        <i>0.828811 -0.0201956 -0.559165 0 0.999348 -0.0360939 0.559529 0.029915 0.82827 0 6.19414 -0.0925788</i>
                        <i>1 0 0 0 0.999523 -0.0308826 0 0.0308826 0.999523 0 6.19459 -0.0792121</i>
                        <i>0.846887 0.0138939 0.531591 -0.000423522 0.999676 -0.0254532 -0.531773 0.0213308 0.846618 -0.00108631 6.20767 -0.065286</i>
                        <i>0.449668 0.01849 0.893004 -0.00161263 0.999801 -0.0198893 -0.893194 0.00750348 0.449608 -0.0041363 6.2456 -0.0510148</i>
                        <i>-0.0610894 0.0140374 0.998034 -0.00344497 0.999892 -0.0142744 -0.998126 -0.00431021 -0.0610345 -0.00883614 6.30761 -0.036613</i>
                        <i>-0.542368 0.00415815 0.84013 -0.00579802 0.999945 -0.0086922 -0.840121 -0.00958547 -0.542315 -0.0148716 6.39299 -0.022295</i>
                        <i>-0.877557 -0.00595569 0.479435 -0.00854907 0.999958 -0.00322642 -0.479396 -0.00693009 -0.877572 -0.0219279 6.50099 -0.00827559</i>
                        <i>-0.999801 -0.0116069 0.0161964 -0.0115754 0.999931 0.00203932 -0.0162189 0.00185144 -0.999867 -0.0296901 6.63089 0.00523075</i>
                        <i>-0.898351 -0.0101722 -0.439161 -0.0147541 0.999866 0.00702141 0.439031 0.0127871 -0.898381 -0.0378434 6.78198 0.0180095</i>
                        <i>-0.611111 -0.00176693 -0.791543 -0.0179626 0.999771 0.0116362 0.791341 0.0213292 -0.611002 -0.0460729 6.95354 0.0298463</i>
                        <i>-0.208699 0.0110562 -0.977917 -0.0210782 0.999653 0.0158003 0.977753 0.0239102 -0.208394 -0.0540643 7.14487 0.0405268</i>
                        <i>0.224486 0.0243227 -0.974174 -0.0239785 0.999524 0.0194301 0.974182 0.0189974 0.224963 -0.0615034 7.35528 0.0498371</i>
                        <i>0.607803 0.0339572 -0.793361 -0.0265412 0.999396 0.0224423 0.793644 0.0074163 0.608337 -0.0680768 7.58407 0.0575632</i>
                        <i>0.877685 0.0369946 -0.477809 -0.0286443 0.999283 0.0247534 0.478382 -0.00803918 0.878115 -0.073471 7.83055 0.0634911</i>
                        <i>0.995599 0.0323647 -0.087948 -0.0301657 0.999201 0.0262189 0.0887263 -0.0234505 0.99578 -0.0773734 8.09403 0.0672499</i>
                        <i>0.950637 0.0211666 0.309581 -0.0309834 0.99916 0.0268272 -0.308753 -0.0350949 0.950495 -0.0794707 8.37382 0.0688104</i>
                        <i>0.757644 0.00605104 0.65264 -0.030975 0.999164 0.0266948 -0.651932 -0.0404407 0.757198 -0.0794491 8.6692 0.0684705</i>
                        <i>0.45211 -0.00944251 0.891912 -0.0303004 0.999204 0.0259377 -0.891447 -0.038752 0.451464 -0.0777188 8.97943 0.0665286</i>
                        <i>0.0831559 -0.0221665 0.99629 -0.0292265 0.999268 0.0246722 -0.996108 -0.0311698 0.0824472 -0.0749644 9.30374 0.0632827</i>
                        <i>-0.294234 -0.0301816 0.955257 -0.0277916 0.999349 0.0230145 -0.955329 -0.0197764 -0.294881 -0.0712838 9.64139 0.0590308</i>
                        <i>-0.626733 -0.0327468 0.778546 -0.0260336 0.999439 0.0210808 -0.778799 -0.00705629 -0.627234 -0.0667746 9.99164 0.054071</i>
                        <i>-0.86919 -0.0302379 0.493552 -0.0239907 0.999532 0.0189874 -0.493895 0.00466296 -0.869509 -0.0615349 10.3537 0.0487016</i>
                        <i>-0.989718 -0.0238636 0.14103 -0.0217013 0.999622 0.0168505 -0.141379 0.0136167 -0.989862 -0.0556627 10.727 0.0432206</i>
                        <i>-0.972994 -0.0152839 -0.230325 -0.0192037 0.999706 0.0147864 0.230032 0.0188102 -0.973001 -0.0492563 11.1106 0.0379263</i>
                        <i>-0.821704 -0.00623118 -0.569881 -0.0165361 0.99978 0.0129114 0.569675 0.0200329 -0.821626 -0.0424141 11.5038 0.033117</i>
                        <i>-0.556078 0.0017879 -0.831129 -0.013737 0.999841 0.0113417 0.831017 0.0177241 -0.555965 -0.0352346 11.906 0.0290909</i>
                        <i>-0.211599 0.00766874 -0.977326 -0.0108448 0.999889 0.0101938 0.977296 0.0127559 -0.211493 -0.0278163 12.3164 0.0261465</i>
                        <i>0.164955 0.0107556 -0.986242 -0.00789802 0.999923 0.00958379 0.986269 0.00620847 0.165027 -0.020258 12.7342 0.0245819</i>
                        <i>0.520899 0.0107894 -0.85355 -0.00493509 0.999941 0.00962807 0.853604 -0.000802911 0.520922 -0.0126582 13.1587 0.0246955</i>
                        <i>0.804108 0.00763496 -0.594434 -0.00199446 0.999947 0.0101454 0.59448 -0.00697244 0.80408 -0.00511567 13.5893 0.0260224</i>
                        <i>0.970022 0.00178153 -0.243009 0.000885412 0.999941 0.010865 0.243014 -0.0107545 0.969963 0.00227103 14.0251 0.0278682</i>
                        <i>0.988558 -0.00539861 0.150743 0.0036661 0.999924 0.0117687 -0.150795 -0.0110814 0.988503 0.00940334 14.4655 0.0301861</i>
                        <i>0.853199 -0.0120787 0.521446 0.00630919 0.999898 0.0128383 -0.521547 -0.00766371 0.853188 0.0161827 14.9098 0.0329295</i>
                        <i>0.589043 -0.0165278 0.807933 0.00877626 0.999863 0.0140556 -0.808054 -0.00118871 0.589107 0.0225106 15.3572 0.0360518</i>
                        <i>0.24003 -0.0176001 0.970606 0.0110289 0.999821 0.0154024 -0.970703 0.00700769 0.240181 0.0282885 15.8069 0.0395064</i>
                        <i>-0.14023 -0.0148685 0.990007 0.0130288 0.999773 0.0168607 -0.990033 0.015263 -0.140004 0.0334181 16.2584 0.0432466</i>
                        <i>-0.496652 -0.00866298 0.867907 0.0147375 0.999722 0.0184121 -0.867825 0.0219352 -0.496386 0.0378008 16.7108 0.0472259</i>
                        <i>-0.780248 4.15043e-005 0.62547 0.0161166 0.999669 0.0200385 -0.625263 0.0257155 -0.779991 0.0413383 17.1635 0.0513976</i>
                        <i>-0.954167 0.00984948 0.299111 0.017128 0.999617 0.0217218 -0.298783 0.0258494 -0.953971 0.0439322 17.6157 0.0557151</i>
                        <i>-0.997687 0.0192101 -0.0652027 0.0177142 0.999568 0.0234437 0.0656249 0.0222345 -0.997597 0.0454358 18.0666 0.0601317</i>
                        <i>-0.907895 0.0267761 -0.418342 0.0178731 0.999523 0.0251861 0.418817 0.0153893 -0.90794 0.0458434 18.5157 0.0646009</i>
                        <i>-0.69911 0.0315921 -0.714315 0.017649 0.999481 0.0269308 0.714796 0.00622069 -0.699305 0.0452686 18.9621 0.0690761</i>
                        <i>-0.400321 0.0331043 -0.915777 0.0170861 0.999443 0.0286597 0.916216 -0.00417394 -0.400664 0.0438248 19.4051 0.0735106</i>
                        <i>-0.0510803 0.0311476 -0.998209 0.0162286 0.999407 0.0303546 0.998563 -0.014649 -0.0515555 0.0416255 19.844 0.0778578</i>
                        <i>0.303612 0.025901 -0.952444 0.0151208 0.999374 0.0319973 0.952676 -0.0241165 0.30303 0.0387841 20.2781 0.0820712</i>
                        <i>0.618812 0.0178313 -0.785337 0.013807 0.999341 0.0335696 0.785418 -0.0316164 0.618158 0.0354141 20.7066 0.0861042</i>
                        <i>0.854964 0.00764235 -0.518631 0.0123312 0.999309 0.0350535 0.518541 -0.0363648 0.854279 0.0316289 21.1289 0.0899102</i>
                        <i>0.982507 -0.00376973 -0.186188 0.0107378 0.999278 0.0364307 0.185916 -0.0377927 0.981838 0.0275419 21.5441 0.0934427</i>
                        <i>0.985309 -0.0153588 0.170091 0.00907093 0.999249 0.0376832 -0.170542 -0.0355867 0.984708 0.0232664 21.9516 0.0966552</i>
                        <i>0.862594 -0.0259809 0.505229 0.00737475 0.99922 0.0387927 -0.505843 -0.0297364 0.862113 0.0189158 22.3506 0.0995011</i>
                        <i>0.629162 -0.0344693 0.776509 0.00569344 0.999194 0.0397412 -0.777253 -0.0205827 0.628851 0.0146033 22.7405 0.101934</i>
                        <i>0.313859 -0.0397405 0.948638 0.00407117 0.999171 0.0405105 -0.949461 -0.00885252 0.313761 0.0104423 23.1204 0.103907</i>
                        <i>-0.0436171 -0.0409322 0.998209 0.00255208 0.999152 0.0410824 -0.999045 0.00433941 -0.0434757 0.00654595 23.4897 0.105374</i>
                        <i>-0.397265 -0.0375602 0.916935 0.00118031 0.99914 0.0414389 -0.917703 0.0175445 -0.39688 0.00302744 23.8477 0.106288</i>
                        <i>-0.700297 -0.0296689 0.713235 0 0.999136 0.0415618 -0.713852 0.0291056 -0.699692 0 24.1936 0.106604</i>
                    </KeyFrames>
                </p>
            </i>
            <i>
                <p>
                    <Name><![CDATA[blades]]></Name>
                    <Exclude>0</Exclude>
                    <Additive>0</Additive>
                    <IKPriority>0</IKPriority>
                    <IKRotLimits>-1e+010 -1e+010 -1e+010 1e+010 1e+010 1e+010</IKRotLimits>
                    <IKRotLimitOrder>0</IKRotLimitOrder>
                    <KeyFrames count="121">
                        <i>0.954551 -0.0178647 -0.297512 0 0.998202 -0.059939 0.298048 0.0572148 0.952835 -0.0269398 5.63823 -0.206971</i>
                        <i>0.954551 -0.0178647 -0.297512 0 0.998202 -0.059939 0.298048 0.0572148 0.952835 -0.0269398 5.63823 -0.206971</i>
                        <i>0.954551 -0.0178647 -0.297512 0 0.998202 -0.059939 0.298048 0.0572148 0.952835 -0.0269398 5.63823 -0.206971</i>
                        <i>0.954551 -0.0178647 -0.297512 0 0.998202 -0.059939 0.298048 0.0572148 0.952835 -0.0269398 5.63823 -0.206971</i>
                        <i>0.954551 -0.0178647 -0.297512 0 0.998202 -0.059939 0.298048 0.0572148 0.952835 -0.0269398 5.63823 -0.206971</i>
                        <i>0.954551 -0.0178647 -0.297512 0 0.998202 -0.059939 0.298048 0.0572148 0.952835 -0.0269398 5.63823 -0.206971</i>
                        <i>0.954551 -0.0178647 -0.297512 0 0.998202 -0.059939 0.298048 0.0572148 0.952835 -0.0269398 5.63823 -0.206971</i>
                        <i>0.954551 -0.0178647 -0.297512 0 0.998202 -0.059939 0.298048 0.0572148 0.952835 -0.0269398 5.63823 -0.206971</i>
                        <i>0.954551 -0.0178647 -0.297512 0 0.998202 -0.059939 0.298048 0.0572148 0.952835 -0.0269398 5.63823 -0.206971</i>
                        <i>0.954551 -0.0178647 -0.297512 0 0.998202 -0.059939 0.298048 0.0572148 0.952835 -0.0269398 5.63823 -0.206971</i>
                        <i>0.954551 -0.0178647 -0.297512 0 0.998202 -0.059939 0.298048 0.0572148 0.952835 -0.0269398 5.63823 -0.206971</i>
                        <i>0.954551 -0.0178647 -0.297512 0 0.998202 -0.059939 0.298048 0.0572148 0.952835 -0.0269398 5.63823 -0.206971</i>
                        <i>0.954551 -0.0178647 -0.297512 0 0.998202 -0.059939 0.298048 0.0572148 0.952835 -0.0269398 5.63823 -0.206971</i>
                        <i>0.954551 -0.0178647 -0.297512 0 0.998202 -0.059939 0.298048 0.0572148 0.952835 -0.0269398 5.63823 -0.206971</i>
                        <i>0.954551 -0.0178647 -0.297512 0 0.998202 -0.059939 0.298048 0.0572148 0.952835 -0.0269398 5.63823 -0.206971</i>
