<?xml version="1.0" encoding="ISO-8859-1" ?>
<Animl Version="1">
    <ModellingPackage>
        <![CDATA[Maya.2010]]>
</ModellingPackage>
    <SrcFile>
        <![CDATA[anims\vehicles\blue\~src\air\apache_forward.mb]]>
</SrcFile>
    <FramesPerSecond>30</FramesPerSecond>
    <TotalFrames>31</TotalFrames>
    <Skeleton>
        <RefFrame>
            <Name>
                <![CDATA[apache_ref_frame]]>
</Name>
            <Exclude>0</Exclude>
            <Additive>0</Additive>
            <IKPriority>0</IKPriority>
            <IKRotLimits>-1e+010 -1e+010 -1e+010 1e+010 1e+010 1e+010</IKRotLimits>
            <IKRotLimitOrder>0</IKRotLimitOrder>
            <KeyFrames count="31">
                <i>1 0 0 0 1 0 0 0 1 0 0 0</i>
                <i>1 0 0 0 1 0 0 0 1 0 0 0</i>
                <i>1 0 0 0 1 0 0 0 1 0 0 0</i>
                <i>1 0 0 0 1 0 0 0 1 0 0 0</i>
                <i>1 0 0 0 1 0 0 0 1 0 0 0</i>
                <i>1 0 0 0 1 0 0 0 1 0 0 0</i>
                <i>1 0 0 0 1 0 0 0 1 0 0 0</i>
                <i>1 0 0 0 1 0 0 0 1 0 0 0</i>
                <i>1 0 0 0 1 0 0 0 1 0 0 0</i>
                <i>1 0 0 0 1 0 0 0 1 0 0 0</i>
                <i>1 0 0 0 1 0 0 0 1 0 0 0</i>
                <i>1 0 0 0 1 0 0 0 1 0 0 0</i>
                <i>1 0 0 0 1 0 0 0 1 0 0 0</i>
                <i>1 0 0 0 1 0 0 0 1 0 0 0</i>
                <i>1 0 0 0 1 0 0 0 1 0 0 0</i>
                <i>1 0 0 0 1 0 0 0 1 0 0 0</i>
                <i>1 0 0 0 1 0 0 0 1 0 0 0</i>
                <i>1 0 0 0 1 0 0 0 1 0 0 0</i>
                <i>1 0 0 0 1 0 0 0 1 0 0 0</i>
                <i>1 0 0 0 1 0 0 0 1 0 0 0</i>
                <i>1 0 0 0 1 0 0 0 1 0 0 0</i>
                <i>1 0 0 0 1 0 0 0 1 0 0 0</i>
                <i>1 0 0 0 1 0 0 0 1 0 0 0</i>
                <i>1 0 0 0 1 0 0 0 1 0 0 0</i>
                <i>1 0 0 0 1 0 0 0 1 0 0 0</i>
                <i>1 0 0 0 1 0 0 0 1 0 0 0</i>
                <i>1 0 0 0 1 0 0 0 1 0 0 0</i>
                <i>1 0 0 0 1 0 0 0 1 0 0 0</i>
                <i>1 0 0 0 1 0 0 0 1 0 0 0</i>
                <i>1 0 0 0 1 0 0 0 1 0 0 0</i>
                <i>1 0 0 0 1 0 0 0 1 0 0 0</i>
            </KeyFrames>
        </RefFrame>
        <Bones count="15">
            <i>
                <p>
                    <Name>
                        <![CDATA[apache_root]]>
</Name>
                    <Exclude>0</Exclude>
                    <Additive>0</Additive>
                    <IKPriority>0</IKPriority>
                    <IKRotLimits>-1e+010 -1e+010 -1e+010 1e+010 1e+010 1e+010</IKRotLimits>
                    <IKRotLimitOrder>0</IKRotLimitOrder>
                    <KeyFrames count="31">
                        <i>1 0 0 0 1 0 0 0 1 0 3.43506 0</i>
                        <i>0.999999 -0.00112725 0.00019913 0.00112725 0.999999 -1.32349e-023 -0.00019913 2.2447e-007 1 0 3.43506 0</i>
                        <i>0.999997 -0.00244983 0.000432208 0.00244983 0.999997 0 -0.000432207 1.05884e-006 1 0 3.43506 0</i>
                        <i>0.999992 -0.00385054 0.00068226 0.00385055 0.999993 2.11758e-022 -0.000682255 2.62707e-006 1 0 3.43506 0</i>
                        <i>0.999986 -0.00521218 0.000932312 0.00521218 0.999986 -4.23516e-022 -0.000932299 4.85938e-006 1 0 3.43506 0</i>
                        <i>0.999979 -0.00641754 0.00116539 0.00641755 0.999979 4.23516e-022 -0.00116537 7.47894e-006 0.999999 0 3.43506 0</i>
                        <i>0.999972 -0.00734944 0.00136452 0.00734944 0.999973 0 -0.00136448 1.00285e-005 0.999999 0 3.43506 0</i>
                        <i>0.999968 -0.00789067 0.00151273 0.00789068 0.999969 -8.47033e-022 -0.00151268 1.19365e-005 0.999999 0 3.43506 0</i>
                        <i>0.999967 -0.00792406 0.00159304 0.00792407 0.999969 -8.47033e-022 -0.00159299 1.26234e-005 0.999999 0 3.43506 0</i>
                        <i>0.999971 -0.00750318 0.00158849 0.00750318 0.999972 0 -0.00158844 1.19187e-005 0.999999 0 3.43506 0</i>
                        <i>0.999976 -0.00679376 0.00149702 0.00679377 0.999977 0 -0.00149698 1.01704e-005 0.999999 0 3.43506 0</i>
                        <i>0.999982 -0.00584686 0.00133682 0.00584687 0.999983 0 -0.00133679 7.81618e-006 0.999999 0 3.43506 0</i>
                        <i>0.999988 -0.00471353 0.00112124 0.00471354 0.999989 0 -0.00112123 5.28501e-006 0.999999 0 3.43506 0</i>
                        <i>0.999994 -0.00344482 0.000863661 0.00344482 0.999994 0 -0.000863656 2.97516e-006 1 0 3.43506 0</i>
                        <i>0.999998 -0.00209179 0.000577438 0.00209179 0.999998 2.11758e-022 -0.000577437 1.20788e-006 1 0 3.43506 0</i>
                        <i>1 -0.000705485 0.000275934 0.000705485 1 1.32349e-023 -0.000275934 1.94668e-007 1 0 3.43506 0</i>
                        <i>1 0.000663027 -2.74851e-005 -0.000663027 1 0 2.74851e-005 1.82233e-008 1 0 3.43506 0</i>
                        <i>0.999998 0.0019627 -0.000319458 -0.0019627 0.999998 1.05879e-022 0.000319457 6.26998e-007 1 0 3.43506 0</i>
                        <i>0.999995 0.00314246 -0.000586619 -0.00314246 0.999995 0 0.000586616 1.84343e-006 1 0 3.43506 0</i>
                        <i>0.999991 0.00415127 -0.000815606 -0.00415127 0.999991 0 0.000815599 3.3858e-006 1 0 3.43506 0</i>
                        <i>0.999987 0.00493806 -0.000993055 -0.00493806 0.999988 -4.23516e-022 0.000993043 4.90377e-006 1 0 3.43506 0</i>
                        <i>0.999985 0.00545179 -0.0011056 -0.00545179 0.999985 0 0.00110559 6.02752e-006 0.999999 0 3.43506 0</i>
                        <i>0.999984 0.00560925 -0.00113959 -0.00560925 0.999984 0 0.00113957 6.39223e-006 0.999999 0 3.43506 0</i>
                        <i>0.999985 0.00540895 -0.00110006 -0.00540896 0.999985 -4.23516e-022 0.00110004 5.95016e-006 0.999999 0 3.43506 0</i>
                        <i>0.999987 0.00492245 -0.00100172 -0.00492246 0.999988 0 0.00100171 4.93091e-006 1 0 3.43506 0</i>
                        <i>0.999991 0.0042213 -0.000859269 -0.0042213 0.999991 0 0.000859261 3.62724e-006 1 0 3.43506 0</i>
                        <i>0.999994 0.00337705 -0.000687415 -0.00337705 0.999994 0 0.000687412 2.32143e-006 1 0 3.43506 0</i>
                        <i>0.999997 0.00246124 -0.000500859 -0.00246124 0.999997 0 0.000500857 1.23273e-006 1 0 3.43506 0</i>
                        <i>0.999999 0.00154542 -0.000314302 -0.00154542 0.999999 5.29396e-023 0.000314302 4.8573e-007 1 0 3.43506 0</i>
                        <i>1 0.000701159 -0.000142448 -0.000701159 1 0 0.000142448 9.98789e-008 1 0 3.43506 0</i>
                        <i>1 0 0 0 1 0 0 0 1 0 3.43506 0</i>
                    </KeyFrames>
                </p>
            </i>
            <i>
                <p>
                    <Name>
                        <![CDATA[rotor]]>
</Name>
                    <Exclude>0</Exclude>
                    <Additive>0</Additive>
                    <IKPriority>0</IKPriority>
                    <IKRotLimits>-1e+010 -1e+010 -1e+010 1e+010 1e+010 1e+010</IKRotLimits>
                    <IKRotLimitOrder>0</IKRotLimitOrder>
                    <KeyFrames count="31">
                        <i>1 0 0 0 1 0 0 0 1 0 4.91999 0.0729556</i>
                        <i>0.669325 0.0413353 -0.741819 -0.0409674 0.998985 0.0187011 0.741839 0.0178733 0.67034 0.00165936 4.91998 0.0729556</i>
                        <i>-0.103961 0.0565819 -0.992971 -0.0539128 0.996592 0.0624328 0.993119 0.0600244 -0.100556 0.0036063 4.91998 0.0729555</i>
                        <i>-0.808483 0.036404 -0.587393 -0.0295319 0.994318 0.102271 0.587779 0.100031 -0.802814 0.00566801 4.91997 0.0729555</i>
                        <i>-0.978389 -0.00667614 0.206666 0.0168502 0.99358 0.111868 -0.206086 0.112933 -0.971995 0.0076717 4.91997 0.0729555</i>
                        <i>-0.501311 -0.0458332 0.864052 0.0553362 0.994854 0.0848768 -0.863496 0.090363 -0.496195 0.00944458 4.91996 0.0729555</i>
                        <i>0.307317 -0.0561254 0.949951 0.0611437 0.997361 0.0391461 -0.949641 0.0460532 0.309938 0.0108139 4.91995 0.0729555</i>
                        <i>0.91272 -0.0302394 0.407465 0.0309168 0.99951 0.00492352 -0.407414 0.00810371 0.913208 0.0116067 4.91994 0.0729555</i>
                        <i>0.914345 0.0157917 -0.404629 -0.0151217 0.999874 0.004852 0.404654 0.00168226 0.914468 0.0116505 4.91994 0.0729555</i>
                        <i>0.31092 0.0515339 -0.949038 -0.0464393 0.99816 0.038987 0.949301 0.0319508 0.312741 0.0110258 4.91994 0.0729555</i>
                        <i>-0.498361 0.0524363 -0.865382 -0.0424141 0.995499 0.0847462 0.865932 0.0789386 -0.493894 0.00997904 4.91995 0.0729555</i>
                        <i>-0.977784 0.0174928 -0.208885 -0.00611509 0.993707 0.111841 0.209527 0.110634 -0.971524 0.00858465 4.91996 0.0729555</i>
                        <i>-0.809822 -0.0294738 0.585935 0.0378617 0.99403 0.102331 -0.585453 0.105054 -0.803871 0.00691746 4.91997 0.0729555</i>
                        <i>-0.105579 -0.0559637 0.992835 0.0597054 0.996257 0.0625058 -0.992617 0.0658769 -0.101842 0.00505231 4.91998 0.0729555</i>
                        <i>0.668613 -0.0434884 0.742338 0.0441684 0.998848 0.0187338 -0.742298 0.0202623 0.669764 0.00306403 4.91998 0.0729555</i>
                        <i>1 -0.000705414 0.00027486 0.000705414 1 -1.97117e-011 -0.00027486 1.9391e-007 1 0.00102746 4.91998 0.0729555</i>
                        <i>0.669082 0.0425334 -0.741971 -0.0427516 0.99891 0.0187107 0.741958 0.0192014 0.670171 -0.000982543 4.91998 0.0729556</i>
                        <i>-0.104957 0.0561212 -0.992892 -0.0582628 0.996345 0.0624752 0.992769 0.0644058 -0.101304 -0.00289116 4.91998 0.0729555</i>
                        <i>-0.809462 0.030747 -0.586367 -0.0363546 0.994088 0.102313 0.586046 0.104136 -0.803558 -0.00462353 4.91998 0.0729555</i>
                        <i>-0.977921 -0.0158354 0.208376 0.00774182 0.993695 0.111848 -0.208834 0.110991 -0.971632 -0.00610483 4.91997 0.0729555</i>
                        <i>-0.498893 -0.0515136 0.865131 0.0442187 0.995419 0.0847709 -0.865535 0.0805466 -0.494329 -0.00726022 4.91997 0.0729555</i>
                        <i>0.310356 -0.0521741 0.949187 0.048468 0.998063 0.039013 -0.949384 0.0338973 0.312284 -0.00801487 4.91996 0.0729555</i>
                        <i>0.914122 -0.0179092 0.405042 0.017434 0.999836 0.00486244 -0.405063 0.00261664 0.914285 -0.0082462 4.91996 0.0729555</i>
                        <i>0.91296 0.0279751 -0.407089 -0.0284383 0.999583 0.00491405 0.407057 0.00709057 0.913375 -0.00795166 4.91996 0.0729555</i>
                        <i>0.307797 0.0553811 -0.949839 -0.0587371 0.997506 0.0391266 0.949637 0.0437477 0.310282 -0.00723642 4.91997 0.0729555</i>
                        <i>-0.500946 0.0469351 -0.864205 -0.053177 0.994973 0.0848618 0.863843 0.088467 -0.495932 -0.00620565 4.91997 0.0729555</i>
                        <i>-0.978324 0.00847177 -0.206906 -0.0150542 0.993609 0.111865 0.206531 0.112555 -0.971945 -0.00496452 4.91998 0.0729555</i>
                        <i>-0.808638 -0.035281 0.587247 0.0308948 0.994276 0.102277 -0.587494 0.100848 -0.80292 -0.00361822 4.91998 0.0729555</i>
                        <i>-0.104129 -0.0564881 0.992958 0.0548067 0.996543 0.0624394 -0.993053 0.0609225 -0.100673 -0.00227191 4.91998 0.0729555</i>
                        <i>0.669266 -0.0416205 0.741856 0.041392 0.998968 0.0187035 -0.741869 0.0181893 0.670298 -0.00103078 4.91998 0.0729556</i>
                        <i>1 0 0 0 1 0 0 0 1 0 4.91999 0.0729556</i>
                    </KeyFrames>
                </p>
            </i>
            <i>
                <p>
                    <Name>
                        <![CDATA[rotor_1]]>
</Name>
                    <Exclude>0</Exclude>
                    <Additive>0</Additive>
                    <IKPriority>0</IKPriority>
                    <IKRotLimits>-1e+010 -1e+010 -1e+010 1e+010 1e+010 1e+010</IKRotLimits>
                    <IKRotLimitOrder>0</IKRotLimitOrder>
                    <KeyFrames count="31">
                        <i>0.999981 0.00613539 -1.0842e-019 -0.00584287 0.952305 0.305093 0.00187187 -0.305088 0.952322 4.96535 5.33712 0.103049</i>
                        <i>0.669061 0.0474637 -0.74169 0.183406 0.95655 0.22666 0.720222 -0.287679 0.631285 3.33033 5.54248 -3.58246</i>
                        <i>-0.10429 0.0626954 -0.992569 0.25226 0.967041 0.0345778 0.962023 -0.246779 -0.116668 -0.5052 5.61845 -4.83447</i>
                        <i>-0.808648 0.0425038 -0.586755 0.155928 0.9772 -0.144108 0.567252 -0.208024 -0.796839 -4.00336 5.51851 -2.82516</i>
                        <i>-0.978267 -0.000580014 0.207349 -0.0411124 0.980685 -0.191224 -0.203233 -0.195593 -0.959396 -4.84955 5.30467 1.11654</i>
                        <i>-0.500962 -0.0397285 0.864557 -0.207821 0.975241 -0.0756059 -0.840147 -0.217548 -0.496815 -2.48265 5.11009 4.38375</i>
                        <i>0.307687 -0.0500052 0.950173 -0.233297 0.96417 0.126289 -0.922443 -0.26053 0.284996 1.53368 5.05869 4.81545</i>
                        <i>0.912893 -0.0241064 0.407487 -0.10019 0.954487 0.280921 -0.395713 -0.297277 0.868929 4.54422 5.18697 2.1257</i>
                        <i>0.914235 0.021926 -0.404591 0.103714 0.952605 0.285983 0.391686 -0.303417 0.868631 4.55756 5.41549 -1.90662</i>
                        <i>0.310629 0.057657 -0.948781 0.243584 0.959999 0.138088 0.918791 -0.274002 0.284159 1.56405 5.59316 -4.61368</i>
                        <i>-0.498612 0.0585431 -0.864846 0.226711 0.971796 -0.0649232 0.836653 -0.228441 -0.497821 -2.45619 5.59795 -4.20348</i>
                        <i>-0.977803 0.0235893 -0.208195 0.0638148 0.979963 -0.188678 0.199572 -0.197776 -0.959716 -4.8427 5.42466 -0.946814</i>
                        <i>-0.809575 -0.0233745 0.586551 -0.13783 0.978843 -0.151229 -0.570607 -0.203276 -0.795668 -4.01596 5.19143 3.00082</i>
                        <i>-0.105211 -0.0498502 0.9932 -0.245366 0.969166 0.0226521 -0.963704 -0.241314 -0.114198 -0.52415 5.05966 5.02574</i>
                        <i>0.668871 -0.0373593 0.742439 -0.188315 0.957644 0.217843 -0.719131 -0.285521 0.633505 3.31905 5.12131 3.78689</i>
                        <i>0.999985 0.00542999 0.000274855 -0.00525496 0.952308 0.305092 0.0013949 -0.305089 0.952323 4.96666 5.33362 0.104414</i>
                        <i>0.668807 0.0486613 -0.741842 0.181745 0.956877 0.226618 0.720879 -0.28639 0.631122 3.32574 5.54844 -3.58322</i>
                        <i>-0.105312 0.0622331 -0.99249 0.248016 0.968145 0.0343897 0.963015 -0.242532 -0.117393 -0.518467 5.6162 -4.83409</i>
                        <i>-0.80967 0.0368456 -0.585728 0.148908 0.978266 -0.144301 0.567681 -0.204056 -0.797559 -4.02141 5.49045 -2.82007</i>
                        <i>-0.977855 -0.00973836 0.209059 -0.0506274 0.980256 -0.191143 -0.20307 -0.197494 -0.959041 -4.86488 5.25919 1.12503</i>
                        <i>-0.498612 -0.0454053 0.865635 -0.219044 0.972817 -0.0751437 -0.838693 -0.22708 -0.495004 -2.49204 5.08184 4.38912</i>
                        <i>0.310648 -0.0460496 0.949409 -0.245308 0.961106 0.126882 -0.918326 -0.272313 0.287269 1.52466 5.07825 4.81168</i>
                        <i>0.914212 -0.0117745 0.405065 -0.112321 0.953052 0.281206 -0.389359 -0.302579 0.869969 4.52578 5.24819 2.11368</i>
                        <i>0.912768 0.0341074 -0.407051 0.0917742 0.953908 0.285723 0.398035 -0.298156 0.867567 4.5256 5.47605 -1.91885</i>
                        <i>0.307431 0.0615002 -0.949581 0.231994 0.962953 0.137475 0.922857 -0.262561 0.281774 1.52516 5.61237 -4.61767</i>
                        <i>-0.501263 0.0530388 -0.863668 0.215839 0.974234 -0.0654417 0.837943 -0.219217 -0.499795 -2.48976 5.57072 -4.19765</i>
                        <i>-0.978398 0.0145678 -0.206215 0.0543912 0.980509 -0.188795 0.199446 -0.195933 -0.960121 -4.86275 5.3799 -0.93699</i>
                        <i>-0.808433 -0.02918 0.587864 -0.145095 0.977828 -0.150998 -0.570423 -0.207368 -0.794743 -4.02358 5.16258 3.00735</i>
                        <i>-0.103791 -0.0503728 0.993323 -0.250173 0.967929 0.0229449 -0.962622 -0.246121 -0.113064 -0.526333 5.05703 5.02636</i>
                        <i>0.669508 -0.0354906 0.741957 -0.190832 0.957114 0.21798 -0.717874 -0.287528 0.634022 3.31705 5.13058 3.78451</i>
                        <i>0.999981 0.00613539 -1.0842e-019 -0.00584287 0.952305 0.305093 0.00187187 -0.305088 0.952322 4.96535 5.33712 0.103049</i>
                    </KeyFrames>
                </p>
            </i>
            <i>
                <p>
                    <Name>
                        <![CDATA[rotor_2]]>
</Name>
                    <Exclude>0</Exclude>
                    <Additive>0</Additive>
                    <IKPriority>0</IKPriority>
                    <IKRotLimits>-1e+010 -1e+010 -1e+010 1e+010 1e+010 1e+010</IKRotLimits>
                    <IKRotLimitOrder>0</IKRotLimitOrder>
                    <KeyFrames count="31">
                        <i>0.999643 -0.0267271 -4.33681e-019 0.0257357 0.96256 -0.269844 0.00721216 0.269748 0.962904 -4.99706 5.21023 0.103049</i>
                        <i>0.670181 0.0146205 -0.742054 -0.222389 0.957824 -0.181977 0.708096 0.286982 0.645167 -3.33256 5.00391 3.80547</i>
                        <i>-0.102483 0.0299257 -0.994284 -0.322557 0.944539 0.0616751 0.940986 0.327034 -0.0871465 0.537345 4.9283 5.04998</i>
                        <i>-0.807404 0.00981568 -0.589917 -0.207842 0.931035 0.299959 0.552178 0.364798 -0.749682 4.05482 5.02966 3.01372</i>
                        <i>-0.97849 -0.0332293 0.203603 0.0466511 0.925734 0.375286 -0.200952 0.376711 -0.904271 4.89542 5.2451 -0.95655</i>
                        <i>-0.502611 -0.0724064 0.861475 0.273372 0.932043 0.237831 -0.820152 0.35504 -0.448661 2.5046 5.44045 -4.23506</i>
                        <i>0.305573 -0.082762 0.948565 0.323018 0.946148 -0.0215069 -0.895703 0.312976 0.315851 -1.5357 5.49127 -4.65331</i>
                        <i>0.911568 -0.0569426 0.407187 0.163187 0.959123 -0.231198 -0.377378 0.2772 0.883598 -4.5526 5.36139 -1.93426</i>
                        <i>0.914422 -0.0109377 -0.404614 -0.100218 0.962391 -0.252507 0.392158 0.271447 0.878936 -4.54959 5.13128 2.12384</i>
                        <i>0.31205 0.0248375 -0.949741 -0.292862 0.953494 -0.071288 0.903801 0.300389 0.304811 -1.52757 4.95309 4.83608</i>
                        <i>-0.497049 0.0258108 -0.867338 -0.287318 0.938276 0.192576 0.818774 0.344922 -0.458954 2.51407 4.94923 4.40705</i>
                        <i>-0.977271 -0.00907238 -0.211799 -0.0875896 0.927099 0.364438 0.193053 0.374706 -0.906822 4.89916 5.12429 1.11999</i>
                        <i>-0.810545 -0.0560309 0.58299 0.173584 0.927706 0.330499 -0.559362 0.369082 -0.742222 4.04702 5.35892 -2.84948</i>
                        <i>-0.107137 -0.0825708 0.99081 0.322605 0.939741 0.113198 -0.940451 0.331768 -0.0740432 0.520094 5.49077 -4.87322</i>
                        <i>0.667194 -0.0701692 0.741572 0.260027 0.954865 -0.143595 -0.698025 0.288634 0.655325 -3.34755 5.42781 -3.61096</i>
                        <i>0.999624 -0.0274323 0.000274762 0.0264888 0.962542 -0.269837 0.00713777 0.269743 0.962906 -4.99583 5.21375 0.101676</i>
                        <i>0.669986 0.0158202 -0.742206 -0.224145 0.957425 -0.181927 0.707728 0.28825 0.645007 -3.3345 4.99795 3.80622</i>
                        <i>-0.103362 0.0294717 -0.994207 -0.326675 0.943106 0.0619195 0.939468 0.331183 -0.0878539 0.534551 4.93066 5.04958</i>
                        <i>-0.808201 0.00416695 -0.588892 -0.213967 0.92956 0.300227 0.548661 0.368647 -0.75038 4.04739 5.05799 3.00858</i>
                        <i>-0.977778 -0.0423883 0.205313 0.0386371 0.926133 0.375212 -0.206052 0.374807 -0.903915 4.87658 5.29085 -0.965091</i>
                        <i>-0.499896 -0.0780999 0.862557 0.263283 0.93509 0.237254 -0.825097 0.345699 -0.446886 2.47252 5.46872 -4.24043</i>
                        <i>0.30895 -0.0788308 0.947806 0.310826 0.950205 -0.0222876 -0.898853 0.301489 0.318069 -1.57339 5.47138 -4.64947</i>
                        <i>0.91333 -0.0446256 0.404768 0.149611 0.961235 -0.23161 -0.378741 0.272094 0.884602 -4.5833 5.29973 -1.92214</i>
                        <i>0.913394 0.0012491 -0.407075 -0.11372 0.960966 -0.252216 0.39087 0.276665 0.877882 -4.56607 5.0705 2.13612</i>
                        <i>0.309257 0.0287008 -0.950545 -0.304871 0.94978 -0.0705109 0.900785 0.311599 0.302476 -1.53378 4.93406 4.84005</i>
                        <i>-0.499346 0.0203256 -0.866164 -0.297181 0.935057 0.193268 0.813841 0.353915 -0.460876 2.50761 4.97688 4.40114</i>
                        <i>-0.977572 -0.0180876 -0.209822 -0.0953996 0.926254 0.364626 0.187753 0.376465 -0.907206 4.88562 5.16942 1.11009</i>
                        <i>-0.809175 -0.0618425 0.584304 0.167459 0.928929 0.330224 -0.563199 0.365056 -0.74131 4.02848 5.3879 -2.85603</i>
                        <i>-0.105557 -0.0831026 0.990935 0.318044 0.941339 0.112822 -0.942181 0.32707 -0.0729345 0.50409 5.49333 -4.87382</i>
                        <i>0.667921 -0.0683051 0.741091 0.257255 0.955587 -0.143781 -0.698356 0.286684 0.655828 -3.3557 5.41845 -3.60854</i>
                        <i>0.999643 -0.0267271 -4.33681e-019 0.0257357 0.96256 -0.269844 0.00721216 0.269748 0.962904 -4.99706 5.21023 0.103049</i>
                    </KeyFrames>
                </p>
            </i>
            <i>
                <p>
                    <Name>
                        <![CDATA[rotor_3]]>
</Name>
                    <Exclude>0</Exclude>
                    <Additive>0</Additive>
                    <IKPriority>0</IKPriority>
                    <IKRotLimits>-1e+010 -1e+010 -1e+010 1e+010 1e+010 1e+010</IKRotLimits>
                    <IKRotLimitOrder>0</IKRotLimitOrder>
                    <KeyFrames count="31">
                        <i>0.973113 0.23033 0 -0.229811 0.970922 -0.0670664 -0.0154474 0.0652632 0.997748 -0.00251062 4.99908 5.07792</i>
                        <i>0.641893 0.27032 -0.717566 -0.243347 0.959239 0.143678 0.727156 0.0823915 0.68151 3.70962 5.08835 3.43132</i>
                        <i>-0.113584 0.284605 -0.951892 -0.0950586 0.950584 0.295557 0.98897 0.124056 -0.0809166 4.97013 5.29908 -0.422895</i>
                        <i>-0.793547 0.264446 -0.548044 0.117705 0.95033 0.288128 0.597017 0.164136 -0.785258 2.94717 5.49918 -3.93553</i>
                        <i>-0.948201 0.222354 0.226876 0.255026 0.958649 0.126309 -0.189409 0.177626 -0.965698 -1.01999 5.56379 -4.78352</i>
                        <i>-0.475087 0.184544 0.86037 0.226846 0.970398 -0.0828821 -0.850196 0.155795 -0.502886 -4.30668 5.45102 -2.40594</i>
                        <i>0.313137 0.175106 0.933425 0.0524298 0.978169 -0.201088 -0.948259 0.111907 0.297121 -4.73804 5.22946 1.62489</i>
                        <i>0.895301 0.200791 0.397643 -0.152412 0.976852 -0.150105 -0.418578 0.0737838 0.905179 -2.02733 5.03963 4.64289</i>
                        <i>0.886277 0.245668 -0.392632 -0.251947 0.967057 0.036369 0.388632 0.0666895 0.918976 2.03344 5.0074 4.65124</i>
                        <i>0.291864 0.280054 -0.914541 -0.180208 0.955149 0.234979 0.93933 0.0962259 0.329241 4.75779 5.15867 1.64368</i>
                        <i>-0.494731 0.28032 -0.822595 0.0152732 0.949207 0.31428 0.868912 0.14292 -0.473883 4.34183 5.39364 -2.39009</i>
                        <i>-0.952902 0.245903 -0.177508 0.204716 0.953372 0.22175 0.22376 0.174967 -0.958811 1.05923 5.55223 -4.78012</i>
                        <i>-0.779327 0.200273 0.59375 0.262131 0.964853 0.0186135 -0.569154 0.170146 -0.804434 -2.91822 5.52445 -3.94377</i>
                        <i>-0.0889883 0.175009 0.980537 0.148804 0.975731 -0.160646 -0.984855 0.131612 -0.112871 -4.95797 5.32862 -0.434311</i>
                        <i>0.660809 0.187745 0.726693 -0.0609874 0.978439 -0.197327 -0.748072 0.0860764 0.658011 -3.7103 5.1005 3.42472</i>
                        <i>0.973275 0.229643 0.00026747 -0.229108 0.971084 -0.0671296 -0.0156756 0.0652743 0.997744 -0.00280303 4.99908 5.07792</i>
                        <i>0.641245 0.271469 -0.717711 -0.245031 0.958801 0.143734 0.727162 0.0836933 0.681345 3.70743 5.09499 3.43048</i>
                        <i>-0.115555 0.2841 -0.951806 -0.0990297 0.950156 0.29563 0.988352 0.128419 -0.0816605 4.96154 5.32099 -0.426631</i>
                        <i>-0.796071 0.258888 -0.547035 0.111422 0.951131 0.287983 0.594858 0.168304 -0.786014 2.92767 5.51972 -3.93926</i>
                        <i>-0.949844 0.213468 0.228536 0.24626 0.960996 0.125872 -0.192752 0.175838 -0.965364 -1.04824 5.55411 -4.78171</i>
                        <i>-0.475294 0.179146 0.861396 0.215632 0.97291 -0.0833581 -0.852994 0.146125 -0.501048 -4.33448 5.40196 -2.39661</i>
                        <i>0.313175 0.179112 0.932652 0.039407 0.978757 -0.201199 -0.948877 0.0997636 0.299464 -4.75659 5.16869 1.63663</i>
                        <i>0.89356 0.212864 0.395272 -0.165982 0.974703 -0.14968 -0.417134 0.0681399 0.906287 -2.03649 5.01218 4.64829</i>
                        <i>0.881863 0.257457 -0.395012 -0.26472 0.963613 0.037068 0.390182 0.0718785 0.917928 2.02481 5.03444 4.64578</i>
                        <i>0.285992 0.283648 -0.915288 -0.191453 0.952839 0.235463 0.938911 0.107894 0.32681 4.74025 5.21768 1.63139</i>
                        <i>-0.499725 0.274845 -0.821423 0.00555736 0.949321 0.314259 0.866166 0.152478 -0.475927 4.31435 5.44132 -2.40028</i>
                        <i>-0.955487 0.237102 -0.175577 0.196362 0.955221 0.221346 0.220196 0.177017 -0.959259 1.02998 5.56188 -4.78223</i>
                        <i>-0.77978 0.194679 0.595015 0.255232 0.966709 0.0181956 -0.571664 0.166055 -0.803508 -2.93953 5.50345 -3.93901</i>
                        <i>-0.0887059 0.174564 0.980642 0.143744 0.976461 -0.160817 -0.985631 0.126696 -0.11171 -4.96787 5.30386 -0.428466</i>
                        <i>0.660805 0.189591 0.726218 -0.063862 0.978265 -0.197282 -0.747836 0.0839871 0.65855 -3.71246 5.09014 3.42739</i>
                        <i>0.973113 0.23033 0 -0.229811 0.970922 -0.0670664 -0.0154474 0.0652632 0.997748 -0.00251062 4.99908 5.07792</i>
                    </KeyFrames>
                </p>
            </i>
            <i>
                <p>
                    <Name>
                        <![CDATA[rotor_4]]>
</Name>
                    <Exclude>0</Exclude>
                    <Additive>0</Additive>
                    <IKPriority>0</IKPriority>
                    <IKRotLimits>-1e+010 -1e+010 -1e+010 1e+010 1e+010 1e+010</IKRotLimits>
                    <IKRotLimitOrder>0</IKRotLimitOrder>
                    <KeyFrames count="31">
                        <i>0.987835 -0.155507 2.1684e-019 0.155487 0.987711 0.0158637 -0.00246691 -0.0156707 0.999874 0 5.30999 -4.86955</i>
                        <i>0.667553 -0.114516 -0.735703 0.0753757 0.993419 -0.0862378 0.740737 0.00211425 0.671792 -3.68086 5.22125 -3.23291</i>
                        <i>-0.0943127 -0.099083 -0.9906 -0.0536603 0.994094 -0.0943237 0.994095 0.0442599 -0.0990725 -4.92592 5.01199 0.594305</i>
                        <i>-0.794055 -0.118662 -0.596151 -0.145553 0.989346 -0.0030537 0.590162 0.0843469 -0.802866 -2.91095 4.81336 4.08075</i>
                        <i>-0.969107 -0.161103 0.186756 -0.138753 0.982123 0.127208 -0.203911 0.0973651 -0.974136 1.03283 4.74929 4.92068</i>
                        <i>-0.503818 -0.199982 0.840342 -0.0369895 0.976934 0.210311 -0.863017 0.0748747 -0.499595 4.29886 4.86133 2.55851</i>
                        <i>0.29407 -0.210539 0.932307 0.0931113 0.977108 0.191287 -0.951238 0.0305565 0.306942 4.72827 5.0813 -1.44365</i>
                        <i>0.896809 -0.185302 0.401742 0.16599 0.982653 0.0827053 -0.410099 -0.00748573 0.912011 2.03731 5.2697 -4.43866</i>
                        <i>0.905573 -0.139887 -0.400461 0.133652 0.990068 -0.0436153 0.402585 -0.0140256 0.915275 -1.99425 5.30158 -4.44492</i>
                        <i>0.314359 -0.104313 -0.943556 0.0175348 0.994413 -0.104094 0.949142 0.0161778 0.314432 -4.69901 5.15131 -1.45756</i>
                        <i>-0.485703 -0.103008 -0.868034 -0.105645 0.992671 -0.058686 0.867717 0.0631991 -0.493025 -4.28644 4.91805 2.54708</i>
                        <i>-0.964938 -0.137248 -0.223736 -0.154749 0.98597 0.0625761 0.212008 0.0950049 -0.972639 -1.02939 4.7607 4.91834</i>
                        <i>-0.805858 -0.183693 0.562894 -0.0978078 0.978897 0.179426 -0.583974 0.0895365 -0.806819 2.91529 4.78841 4.08601</i>
                        <i>-0.113579 -0.210207 0.971037 0.026809 0.976357 0.214495 -0.993167 0.0503946 -0.105258 4.93435 4.98292 0.60069</i>
                        <i>0.653611 -0.198287 0.730394 0.135811 0.980133 0.144552 -0.744546 0.00471433 0.667555 3.6891 5.20939 -3.23005</i>
                        <i>0.987725 -0.156203 0.000271516 0.156179 0.987601 0.0159064 -0.00275279 -0.0156688 0.999873 0.00266108 5.30999 -4.86955</i>
                        <i>0.667591 -0.113321 -0.735854 0.0735775 0.993552 -0.0862547 0.740884 0.00344048 0.671624 -3.68479 5.21466 -3.23207</i>
                        <i>-0.0946199 -0.0994996 -0.990529 -0.0581172 0.993848 -0.0942814 0.993816 0.0486459 -0.0998204 -4.93238 4.99024 0.598015</i>
                        <i>-0.793961 -0.124214 -0.595144 -0.152472 0.988304 -0.0028642 0.588539 0.0884686 -0.803614 -2.91534 4.79299 4.08445</i>
                        <i>-0.967228 -0.170169 0.188449 -0.14772 0.980782 0.127459 -0.206516 0.0954444 -0.973777 1.02908 4.75894 4.91888</i>
                        <i>-0.4997 -0.205681 0.841425 -0.0476266 0.976454 0.210404 -0.864888 0.0650646 -0.49773 4.2879 4.91008 2.54924</i>
                        <i>0.299044 -0.206745 0.931574 0.081068 0.978222 0.191074 -0.95079 0.0183814 0.309292 4.70323 5.14167 -1.45529</i>
                        <i>0.900291 -0.173172 0.399359 0.152928 0.984806 0.0822854 -0.40754 -0.0130076 0.913095 2.00058 5.29697 -4.44401</i>
                        <i>0.906276 -0.127807 -0.402901 0.120322 0.991761 -0.0439539 0.405199 -0.0086435 0.914188 -2.03093 5.27476 -4.43949</i>
                        <i>0.313186 -0.100411 -0.944369 0.00490794 0.994553 -0.10412 0.949679 0.027974 0.311973 -4.72373 5.09278 -1.44536</i>
                        <i>-0.486582 -0.108361 -0.866888 -0.11671 0.991446 -0.058421 0.865804 0.0727482 -0.495067 -4.2965 4.87077 2.5572</i>
                        <i>-0.964082 -0.146144 -0.221784 -0.16371 0.984501 0.0629008 0.209154 0.0969497 -0.973065 -1.03162 4.75118 4.92043</i>
                        <i>-0.803605 -0.189468 0.564199 -0.104537 0.978171 0.179592 -0.58591 0.0853411 -0.80587 2.91213 4.80931 4.08128</i>
                        <i>-0.111385 -0.21077 0.971169 0.0221889 0.976479 0.214467 -0.99353 0.0454377 -0.104089 4.92727 5.00753 0.594886</i>
                        <i>0.654688 -0.19646 0.729923 0.133177 0.980508 0.144456 -0.744075 0.00263516 0.668091 3.68181 5.21969 -3.2327</i>
                        <i>0.987835 -0.155507 2.1684e-019 0.155487 0.987711 0.0158637 -0.00246691 -0.0156707 0.999874 0 5.30999 -4.86955</i>
                    </KeyFrames>
                </p>
            </i>
            <i>
                <p>
                    <Name>
                        <![CDATA[tail_rotor]]>
</Name>
                    <Exclude>0</Exclude>
                    <Additive>0</Additive>
                    <IKPriority>0</IKPriority>
                    <IKRotLimits>-1e+010 -1e+010 -1e+010 1e+010 1e+010 1e+010</IKRotLimits>
                    <IKRotLimitOrder>0</IKRotLimitOrder>
                    <KeyFrames count="31">
                        <i>1 0 0 0 1 0 0 0 1 0.298642 4.85817 -10.4207</i>
                        <i>0.999999 -0.00112725 0.00019913 0.000736078 0.499999 -0.866025 0.000876664 0.866025 0.5 0.302321 4.85783 -10.4206</i>
                        <i>0.999997 -0.00244983 0.000432208 -0.000850615 -0.5 -0.866025 0.00233772 0.866022 -0.5 0.306631 4.85742 -10.4205</i>
                        <i>0.999992 -0.00385054 0.00068226 -0.00385055 -0.999993 3.24529e-007 0.000682254 -2.9516e-006 -1 0.311229 4.85698 -10.4205</i>
                        <i>0.999986 -0.00521218 0.000932312 -0.00341348 -0.499989 0.866025 -0.00404773 -0.866016 -0.5 0.31577 4.85654 -10.4204</i>
                        <i>0.999979 -0.00641754 0.00116539 0.00219954 0.499996 0.866025 -0.00614044 -0.866004 0.5 0.319912 4.85614 -10.4203</i>
                        <i>0.999972 -0.00734944 0.00136452 0.00734944 0.999973 -2.61057e-007 -0.00136448 1.02895e-005 0.999999 0.323311 4.85583 -10.4202</i>
                        <i>0.999968 -0.00789067 0.00151273 0.00525536 0.499974 -0.866025 0.00607719 0.866005 0.499999 0.325624 4.85564 -10.4202</i>
                        <i>0.999967 -0.00792406 0.00159304 -0.00258247 -0.499996 -0.866024 0.00765894 0.865992 -0.5 0.326509 4.85563 -10.4202</i>
                        <i>0.999971 -0.00750318 0.00158849 -0.00750319 -0.999972 6.38041e-007 0.00158844 -1.25567e-005 -0.999999 0.325863 4.85576 -10.4202</i>
                        <i>0.999976 -0.00679376 0.00149702 -0.00469331 -0.499979 0.866025 -0.00513509 -0.866011 -0.499999 0.323902 4.856 -10.4202</i>
                        <i>0.999982 -0.00584686 0.00133682 0.00176574 0.499999 0.866024 -0.00573193 -0.866006 0.5 0.320887 4.85632 -10.4203</i>
                        <i>0.999988 -0.00471353 0.00112124 0.00471354 0.999989 -5.28442e-007 -0.00112123 5.81345e-006 0.999999 0.31703 4.85669 -10.4203</i>
                        <i>0.999994 -0.00344482 0.000863661 0.00247036 0.499994 -0.866025 0.00255148 0.866022 0.499999 0.312542 4.8571 -10.4204</i>
                        <i>0.999998 -0.00209179 0.000577438 -0.000545821 -0.5 -0.866025 0.00210026 0.866023 -0.5 0.307635 4.85753 -10.4205</i>
                        <i>1 -0.000705485 0.000275934 -0.000705486 -1 1.34588e-006 0.000275933 -1.54055e-006 -1 0.302521 4.85796 -10.4206</i>
                        <i>1 0.000663027 -2.74851e-005 0.000355316 -0.5 0.866026 0.000560456 -0.866025 -0.5 0.297412 4.85837 -10.4207</i>
                        <i>0.999998 0.0019627 -0.000319458 -0.000704692 0.500001 0.866025 0.00185947 -0.866023 0.500001 0.292519 4.85875 -10.4208</i>
                        <i>0.999995 0.00314246 -0.000586619 -0.00314246 0.999995 -2.90792e-007 0.000586615 2.13422e-006 1 0.288055 4.85908 -10.4208</i>
                        <i>0.999991 0.00415127 -0.000815606 -0.00278196 0.499992 -0.866026 -0.00318731 0.86602 0.499999 0.284232 4.85936 -10.4209</i>
                        <i>0.999987 0.00493806 -0.000993055 0.00160903 -0.499998 -0.866025 -0.00477301 0.866012 -0.5 0.281262 4.85957 -10.421</i>
                        <i>0.999985 0.00545179 -0.0011056 0.0054518 -0.999985 1.11746e-006 -0.00110558 -7.14496e-006 -0.999999 0.279358 4.85971 -10.421</i>
                        <i>0.999984 0.00560925 -0.00113959 0.00379152 -0.499986 0.866025 0.00428797 -0.866015 -0.5 0.278779 4.85975 -10.421</i>
                        <i>0.999985 0.00540895 -0.00110006 -0.00175182 0.499999 0.866024 0.00523431 -0.866009 0.500001 0.279476 4.8597 -10.421</i>
                        <i>0.999987 0.00492245 -0.00100172 -0.00492246 0.999988 -9.00433e-008 0.00100171 5.02095e-006 1 0.281194 4.85957 -10.421</i>
                        <i>0.999991 0.0042213 -0.000859269 -0.00285479 0.499992 -0.866026 -0.00322613 0.86602 0.499999 0.283677 4.85938 -10.4209</i>
                        <i>0.999994 0.00337705 -0.000687415 0.00109321 -0.499999 -0.866025 -0.00326831 0.866019 -0.5 0.286671 4.85914 -10.4209</i>
                        <i>0.999997 0.00246124 -0.000500859 0.00246124 -0.999997 9.62838e-007 -0.000500855 -2.19557e-006 -1 0.289919 4.85889 -10.4208</i>
                        <i>0.999999 0.00154542 -0.000314302 0.0010449 -0.499999 0.866025 0.00118122 -0.866025 -0.5 0.293167 4.85862 -10.4208</i>
                        <i>1 0.000701159 -0.000142448 -0.000227217 0.500001 0.866025 0.000678446 -0.866025 0.500001 0.296159 4.85838 -10.4207</i>
                        <i>1 0 0 0 1 1.22465e-015 0 -1.22465e-015 1 0.298642 4.85817 -10.4207</i>
                    </KeyFrames>
                </p>
            </i>
            <i>
                <p>
                    <Name>
                        <![CDATA[front_gear]]>
</Name>
                    <Exclude>0</Exclude>
                    <Additive>0</Additive>
                    <IKPriority>0</IKPriority>
                    <IKRotLimits>-1e+010 -1e+010 -1e+010 1e+010 1e+010 1e+010</IKRotLimits>
                    <IKRotLimitOrder>0</IKRotLimitOrder>
                    <KeyFrames count="31">
                        <i>1 0 0 0 0.861563 0.50765 0 -0.50765 0.861563 0 1.48048 2.2673</i>
                        <i>0.999999 -0.00112725 0.00019913 0.00087011 0.861563 0.50765 -0.000743813 -0.507649 0.861563 -0.00265479 1.48048 2.2673</i>
                        <i>0.999997 -0.00244983 0.000432208 0.00189128 0.861561 0.50765 -0.00161603 -0.507648 0.861563 -0.00576834 1.48048 2.2673</i>
                        <i>0.999992 -0.00385054 0.00068226 0.00297114 0.861558 0.50765 -0.00254254 -0.507644 0.861563 -0.00907308 1.4805 2.2673</i>
                        <i>0.999986 -0.00521218 0.000932312 0.00401734 0.861554 0.50765 -0.0034492 -0.507639 0.861563 -0.0123014 1.48051 2.2673</i>
                        <i>0.999979 -0.00641754 0.00116539 0.00493753 0.861549 0.50765 -0.0042619 -0.507633 0.861563 -0.0151858 1.48053 2.2673</i>
                        <i>0.999972 -0.00734944 0.00136452 0.00563933 0.861545 0.50765 -0.00490653 -0.507628 0.861563 -0.0174588 1.48055 2.2673</i>
                        <i>0.999968 -0.00789067 0.00151273 0.00603041 0.861543 0.507649 -0.00530898 -0.507624 0.861562 -0.0188527 1.48056 2.2673</i>
                        <i>0.999967 -0.00792406 0.00159304 0.00601841 0.861543 0.507649 -0.00539512 -0.507623 0.861562 -0.0191 1.48057 2.2673</i>
                        <i>0.999971 -0.00750318 0.00158849 0.0056581 0.861545 0.507649 -0.00517754 -0.507625 0.861562 -0.0182671 1.48056 2.2673</i>
                        <i>0.999976 -0.00679376 0.00149702 0.00509332 0.861549 0.507649 -0.0047386 -0.50763 0.861562 -0.0166731 1.48054 2.2673</i>
                        <i>0.999982 -0.00584686 0.00133682 0.00435882 0.861553 0.50765 -0.00411989 -0.507635 0.861563 -0.0144591 1.48053 2.2673</i>
                        <i>0.999988 -0.00471353 0.00112124 0.00349182 0.861557 0.50765 -0.00335884 -0.50764 0.861563 -0.0117551 1.48051 2.2673</i>
                        <i>0.999994 -0.00344482 0.000863661 0.0025295 0.86156 0.50765 -0.00249286 -0.507644 0.861563 -0.00869135 1.48049 2.2673</i>
                        <i>0.999998 -0.00209179 0.000577438 0.00150907 0.861562 0.50765 -0.0015594 -0.507648 0.861563 -0.00539779 1.48048 2.2673</i>
                        <i>1 -0.000705485 0.000275934 0.000467742 0.861563 0.50765 -0.000595874 -0.50765 0.861563 -0.00200455 1.48048 2.2673</i>
                        <i>1 0.000663027 -2.74851e-005 -0.000557287 0.861563 0.50765 0.000360266 -0.50765 0.861563 0.00135826 1.48048 2.2673</i>
                        <i>0.999998 0.0019627 -0.000319458 -0.00152881 0.861562 0.50765 0.00127159 -0.507649 0.861563 0.00456055 1.48048 2.2673</i>
                        <i>0.999995 0.00314246 -0.000586619 -0.00240963 0.86156 0.50765 0.00210068 -0.507646 0.861563 0.00747222 1.48049 2.2673</i>
                        <i>0.999991 0.00415127 -0.000815606 -0.00316254 0.861558 0.50765 0.00281008 -0.507643 0.861563 0.00996319 1.4805 2.2673</i>
                        <i>0.999987 0.00493806 -0.000993055 -0.00375034 0.861555 0.50765 0.00336238 -0.50764 0.861563 0.0119034 1.48051 2.2673</i>
                        <i>0.999985 0.00545179 -0.0011056 -0.00413582 0.861554 0.50765 0.00372014 -0.507637 0.861563 0.0131627 1.48052 2.2673</i>
                        <i>0.999984 0.00560925 -0.00113959 -0.00425422 0.861553 0.50765 0.00382935 -0.507637 0.861563 0.0135475 1.48052 2.2673</i>
