<?xml version="1.0" encoding="ISO-8859-1" ?>
<Animl Version="1">
    <ModellingPackage>
        <![CDATA[Maya.2010]]>
</ModellingPackage>
    <SrcFile>
        <![CDATA[anims\vehicles\blue\~src\air\apache_takeoff.mb]]>
</SrcFile>
    <FramesPerSecond>30</FramesPerSecond>
    <TotalFrames>121</TotalFrames>
    <Skeleton>
        <RefFrame>
            <Name>
                <![CDATA[apache_ref_frame]]>
</Name>
            <Exclude>0</Exclude>
            <Additive>0</Additive>
            <IKPriority>0</IKPriority>
            <IKRotLimits>-1e+010 -1e+010 -1e+010 1e+010 1e+010 1e+010</IKRotLimits>
            <IKRotLimitOrder>0</IKRotLimitOrder>
            <KeyFrames count="121">
                <i>1 0 0 0 1 0 0 0 1 0 0 0</i>
                <i>1 0 0 0 1 0 0 0 1 0 0 0</i>
                <i>1 0 0 0 1 0 0 0 1 0 0 0</i>
                <i>1 0 0 0 1 0 0 0 1 0 0 0</i>
                <i>1 0 0 0 1 0 0 0 1 0 0 0</i>
                <i>1 0 0 0 1 0 0 0 1 0 0 0</i>
                <i>1 0 0 0 1 0 0 0 1 0 0 0</i>
                <i>1 0 0 0 1 0 0 0 1 0 0 0</i>
                <i>1 0 0 0 1 0 0 0 1 0 0 0</i>
                <i>1 0 0 0 1 0 0 0 1 0 0 0</i>
                <i>1 0 0 0 1 0 0 0 1 0 0 0</i>
                <i>1 0 0 0 1 0 0 0 1 0 0 0</i>
                <i>1 0 0 0 1 0 0 0 1 0 0 0</i>
                <i>1 0 0 0 1 0 0 0 1 0 0 0</i>
                <i>1 0 0 0 1 0 0 0 1 0 0 0</i>
                <i>1 0 0 0 1 0 0 0 1 0 0 0</i>
                <i>1 0 0 0 1 0 0 0 1 0 0 0</i>
                <i>1 0 0 0 1 0 0 0 1 0 0 0</i>
                <i>1 0 0 0 1 0 0 0 1 0 0 0</i>
                <i>1 0 0 0 1 0 0 0 1 0 0 0</i>
                <i>1 0 0 0 1 0 0 0 1 0 0 0</i>
                <i>1 0 0 0 1 0 0 0 1 0 0 0</i>
                <i>1 0 0 0 1 0 0 0 1 0 0 0</i>
                <i>1 0 0 0 1 0 0 0 1 0 0 0</i>
                <i>1 0 0 0 1 0 0 0 1 0 0 0</i>
                <i>1 0 0 0 1 0 0 0 1 0 0 0</i>
                <i>1 0 0 0 1 0 0 0 1 0 0 0</i>
                <i>1 0 0 0 1 0 0 0 1 0 0 0</i>
                <i>1 0 0 0 1 0 0 0 1 0 0 0</i>
                <i>1 0 0 0 1 0 0 0 1 0 0 0</i>
                <i>1 0 0 0 1 0 0 0 1 0 0 0</i>
                <i>1 0 0 0 1 0 0 0 1 0 0 0</i>
                <i>1 0 0 0 1 0 0 0 1 0 0 0</i>
                <i>1 0 0 0 1 0 0 0 1 0 0 0</i>
                <i>1 0 0 0 1 0 0 0 1 0 0 0</i>
                <i>1 0 0 0 1 0 0 0 1 0 0 0</i>
                <i>1 0 0 0 1 0 0 0 1 0 0 0</i>
                <i>1 0 0 0 1 0 0 0 1 0 0 0</i>
                <i>1 0 0 0 1 0 0 0 1 0 0 0</i>
                <i>1 0 0 0 1 0 0 0 1 0 0 0</i>
                <i>1 0 0 0 1 0 0 0 1 0 0 0</i>
                <i>1 0 0 0 1 0 0 0 1 0 0 0</i>
                <i>1 0 0 0 1 0 0 0 1 0 0 0</i>
                <i>1 0 0 0 1 0 0 0 1 0 0 0</i>
                <i>1 0 0 0 1 0 0 0 1 0 0 0</i>
                <i>1 0 0 0 1 0 0 0 1 0 0 0</i>
                <i>1 0 0 0 1 0 0 0 1 0 0 0</i>
                <i>1 0 0 0 1 0 0 0 1 0 0 0</i>
                <i>1 0 0 0 1 0 0 0 1 0 0 0</i>
                <i>1 0 0 0 1 0 0 0 1 0 0 0</i>
                <i>1 0 0 0 1 0 0 0 1 0 0 0</i>
                <i>1 0 0 0 1 0 0 0 1 0 0 0</i>
                <i>1 0 0 0 1 0 0 0 1 0 0 0</i>
                <i>1 0 0 0 1 0 0 0 1 0 0 0</i>
                <i>1 0 0 0 1 0 0 0 1 0 0 0</i>
                <i>1 0 0 0 1 0 0 0 1 0 0 0</i>
                <i>1 0 0 0 1 0 0 0 1 0 0 0</i>
                <i>1 0 0 0 1 0 0 0 1 0 0 0</i>
                <i>1 0 0 0 1 0 0 0 1 0 0 0</i>
                <i>1 0 0 0 1 0 0 0 1 0 0 0</i>
                <i>1 0 0 0 1 0 0 0 1 0 0 0</i>
                <i>1 0 0 0 1 0 0 0 1 0 0 0</i>
                <i>1 0 0 0 1 0 0 0 1 0 0 0</i>
                <i>1 0 0 0 1 0 0 0 1 0 0 0</i>
                <i>1 0 0 0 1 0 0 0 1 0 0 0</i>
                <i>1 0 0 0 1 0 0 0 1 0 0 0</i>
                <i>1 0 0 0 1 0 0 0 1 0 0 0</i>
                <i>1 0 0 0 1 0 0 0 1 0 0 0</i>
                <i>1 0 0 0 1 0 0 0 1 0 0.012695 0</i>
                <i>1 0 0 0 1 0 0 0 1 0 0.0502965 0</i>
                <i>1 0 0 0 1 0 0 0 1 0 0.112079 0</i>
                <i>1 0 0 0 1 0 0 0 1 0 0.197318 0</i>
                <i>1 0 0 0 1 0 0 0 1 0 0.305286 0</i>
                <i>1 0 0 0 1 0 0 0 1 0 0.435259 0</i>
                <i>1 0 0 0 1 0 0 0 1 0 0.586511 0</i>
                <i>1 0 0 0 1 0 0 0 1 0 0.758317 0</i>
                <i>1 0 0 0 1 0 0 0 1 0 0.949952 0</i>
                <i>1 0 0 0 1 0 0 0 1 0 1.16069 0</i>
                <i>1 0 0 0 1 0 0 0 1 0 1.38981 0</i>
                <i>1 0 0 0 1 0 0 0 1 0 1.63657 0</i>
                <i>1 0 0 0 1 0 0 0 1 0 1.90027 0</i>
                <i>1 0 0 0 1 0 0 0 1 0 2.18016 0</i>
                <i>1 0 0 0 1 0 0 0 1 0 2.47553 0</i>
                <i>1 0 0 0 1 0 0 0 1 0 2.78566 0</i>
                <i>1 0 0 0 1 0 0 0 1 0 3.1098 0</i>
                <i>1 0 0 0 1 0 0 0 1 0 3.44725 0</i>
                <i>1 0 0 0 1 0 0 0 1 0 3.79727 0</i>
                <i>1 0 0 0 1 0 0 0 1 0 4.15914 0</i>
                <i>1 0 0 0 1 0 0 0 1 0 4.53213 0</i>
                <i>1 0 0 0 1 0 0 0 1 0 4.91552 0</i>
                <i>1 0 0 0 1 0 0 0 1 0 5.30858 0</i>
                <i>1 0 0 0 1 0 0 0 1 0 5.71059 0</i>
                <i>1 0 0 0 1 0 0 0 1 0 6.12082 0</i>
                <i>1 0 0 0 1 0 0 0 1 0 6.53855 0</i>
                <i>1 0 0 0 1 0 0 0 1 0 6.96305 0</i>
                <i>1 0 0 0 1 0 0 0 1 0 7.39359 0</i>
                <i>1 0 0 0 1 0 0 0 1 0 7.82946 0</i>
                <i>1 0 0 0 1 0 0 0 1 0 8.26991 0</i>
                <i>1 0 0 0 1 0 0 0 1 0 8.71424 0</i>
                <i>1 0 0 0 1 0 0 0 1 0 9.16171 0</i>
                <i>1 0 0 0 1 0 0 0 1 0 9.6116 0</i>
                <i>1 0 0 0 1 0 0 0 1 0 10.0632 0</i>
                <i>1 0 0 0 1 0 0 0 1 0 10.5157 0</i>
                <i>1 0 0 0 1 0 0 0 1 0 10.9685 0</i>
                <i>1 0 0 0 1 0 0 0 1 0 11.4208 0</i>
                <i>1 0 0 0 1 0 0 0 1 0 11.8719 0</i>
                <i>1 0 0 0 1 0 0 0 1 0 12.3211 0</i>
                <i>1 0 0 0 1 0 0 0 1 0 12.7676 0</i>
                <i>1 0 0 0 1 0 0 0 1 0 13.2107 0</i>
                <i>1 0 0 0 1 0 0 0 1 0 13.6497 0</i>
                <i>1 0 0 0 1 0 0 0 1 0 14.0839 0</i>
                <i>1 0 0 0 1 0 0 0 1 0 14.5125 0</i>
                <i>1 0 0 0 1 0 0 0 1 0 14.9348 0</i>
                <i>1 0 0 0 1 0 0 0 1 0 15.3501 0</i>
                <i>1 0 0 0 1 0 0 0 1 0 15.7577 0</i>
                <i>1 0 0 0 1 0 0 0 1 0 16.1568 0</i>
                <i>1 0 0 0 1 0 0 0 1 0 16.5467 0</i>
                <i>1 0 0 0 1 0 0 0 1 0 16.9267 0</i>
                <i>1 0 0 0 1 0 0 0 1 0 17.2961 0</i>
                <i>1 0 0 0 1 0 0 0 1 0 17.6541 0</i>
                <i>1 0 0 0 1 0 0 0 1 0 18 0</i>
            </KeyFrames>
        </RefFrame>
        <Bones count="15">
            <i>
                <p>
                    <Name>
                        <![CDATA[apache_root]]>
</Name>
                    <Exclude>0</Exclude>
                    <Additive>0</Additive>
                    <IKPriority>0</IKPriority>
                    <IKRotLimits>-1e+010 -1e+010 -1e+010 1e+010 1e+010 1e+010</IKRotLimits>
                    <IKRotLimitOrder>0</IKRotLimitOrder>
                    <KeyFrames count="121">
                        <i>1 0 0 0 0.997383 -0.072304 0 0.072304 0.997383 0 2.98042 0</i>
                        <i>1 0 0 0 0.997379 -0.0723499 0 0.0723499 0.997379 0 2.98049 0</i>
                        <i>1 0 0 0 0.997376 -0.0724005 0 0.0724005 0.997376 0 2.98061 0</i>
                        <i>1 0 0 0 0.997372 -0.0724547 0 0.0724547 0.997372 0 2.98077 0</i>
                        <i>1 0 0 0 0.997368 -0.0725111 0 0.0725111 0.997368 0 2.98096 0</i>
                        <i>1 0 0 0 0.997363 -0.0725683 0 0.0725683 0.997363 0 2.98115 0</i>
                        <i>1 0 0 0 0.997359 -0.0726251 0 0.0726251 0.997359 0 2.98133 0</i>
                        <i>1 0 0 0 0.997355 -0.0726802 0 0.0726802 0.997355 0 2.9815 0</i>
                        <i>1 0 0 0 0.997352 -0.0727322 0 0.0727322 0.997352 0 2.98164 0</i>
                        <i>1 0 0 0 0.997348 -0.0727798 0 0.0727798 0.997348 0 2.98173 0</i>
                        <i>1 0 0 0 0.997345 -0.0728217 0 0.0728217 0.997345 0 2.98176 0</i>
                        <i>1 0 0 0 0.997342 -0.0728565 0 0.0728565 0.997342 0 2.98172 0</i>
                        <i>1 0 0 0 0.997341 -0.0728831 0 0.0728831 0.997341 0 2.98159 0</i>
                        <i>1 0 0 0 0.997339 -0.0729 0 0.0729 0.997339 0 2.98136 0</i>
                        <i>1 0 0 0 0.997339 -0.0729059 0 0.0729059 0.997339 0 2.98101 0</i>
                        <i>1 0 0 0 0.997338 -0.0729129 0 0.0729129 0.997338 0 2.98052 0</i>
                        <i>1 0 0 0 0.997337 -0.0729329 0 0.0729329 0.997337 0 2.97987 0</i>
                        <i>1 0 0 0 0.997335 -0.0729645 0 0.0729645 0.997335 0 2.9791 0</i>
                        <i>1 0 0 0 0.997332 -0.073006 0 0.073006 0.997332 0 2.97822 0</i>
                        <i>1 0 0 0 0.997328 -0.0730559 0 0.0730559 0.997328 0 2.97725 0</i>
                        <i>1 0 0 0 0.997324 -0.0731127 0 0.0731127 0.997324 0 2.97623 0</i>
                        <i>1 0 0 0 0.997319 -0.0731749 0 0.0731749 0.997319 0 2.97517 0</i>
                        <i>1 0 0 0 0.997314 -0.0732409 0 0.0732409 0.997314 0 2.9741 0</i>
                        <i>1 0 0 0 0.997309 -0.0733093 0 0.0733093 0.997309 0 2.97304 0</i>
                        <i>1 0 0 0 0.997304 -0.0733784 0 0.0733784 0.997304 0 2.97201 0</i>
                        <i>1 0 0 0 0.997299 -0.0734468 0 0.0734468 0.997299 0 2.97104 0</i>
                        <i>1 0 0 0 0.997294 -0.073513 0 0.073513 0.997294 0 2.97016 0</i>
                        <i>1 0 0 0 0.99729 -0.0735753 0 0.0735753 0.99729 0 2.96938 0</i>
                        <i>1 0 0 0 0.997285 -0.0736323 0 0.0736323 0.997285 0 2.96872 0</i>
                        <i>1 0 0 0 0.997282 -0.0736824 0 0.0736824 0.997282 0 2.96822 0</i>
                        <i>1 0 0 0 0.997279 -0.0737242 0 0.0737242 0.997279 0 2.9679 0</i>
                        <i>1 0 0 0 0.997276 -0.073756 0 0.073756 0.997276 0 2.96777 0</i>
                        <i>1 0 0 0 0.997275 -0.0737764 0 0.0737764 0.997275 0 2.96774 0</i>
                        <i>1 0 0 0 0.997274 -0.0737838 0 0.0737838 0.997274 0 2.9677 0</i>
                        <i>1 0 0 0 0.997275 -0.0737767 0 0.0737767 0.997275 0 2.9677 0</i>
                        <i>1 0 0 0 0.997276 -0.0737536 0 0.0737536 0.997276 0 2.96776 0</i>
                        <i>1 0 0 0 0.99728 -0.0737129 0 0.0737129 0.99728 0 2.96793 0</i>
                        <i>1 0 0 0 0.997284 -0.0736531 0 0.0736531 0.997284 0 2.96825 0</i>
                        <i>1 0 0 0 0.99729 -0.0735727 0 0.0735727 0.99729 0 2.96875 0</i>
                        <i>1 0 0 0 0.997297 -0.0734702 0 0.0734702 0.997297 0 2.96946 0</i>
                        <i>1 0 0 0 0.997307 -0.0733439 0 0.0733439 0.997307 0 2.97044 0</i>
                        <i>1 0 0 0 0.997318 -0.0731925 0 0.0731925 0.997318 0 2.9717 0</i>
                        <i>1 0 0 0 0.997331 -0.0730143 0 0.0730143 0.997331 0 2.97329 0</i>
                        <i>1 0 0 0 0.997346 -0.0728079 0 0.0728079 0.997346 0 2.97525 0</i>
                        <i>1 0 0 0 0.997363 -0.0725716 0 0.0725716 0.997363 0 2.97762 0</i>
                        <i>1 0 0 0 0.997383 -0.072304 0 0.072304 0.997383 0 2.98042 0</i>
                        <i>1 4.29593e-005 0 -4.28481e-005 0.997412 -0.0719016 -3.08884e-006 0.0719016 0.997412 0 2.98398 0</i>
                        <i>1 0.000152744 0 -0.000152355 0.997456 -0.0712782 -1.08873e-005 0.0712782 0.997456 0 2.9885 0</i>
                        <i>1 0.000300714 -1.69407e-021 -0.000299966 0.997515 -0.0704582 -2.11877e-005 0.0704582 0.997515 0 2.99382 0</i>
                        <i>1 0.00045823 3.38813e-021 -0.000457123 0.997584 -0.0694661 -3.18315e-005 0.0694661 0.997584 0 2.99979 0</i>
                        <i>1 0.000596654 0 -0.00059526 0.997663 -0.0683262 -4.07672e-005 0.0683262 0.997663 0 3.00625 0</i>
                        <i>1 0.000687346 -3.38813e-021 -0.000685798 0.997748 -0.0670632 -4.60956e-005 0.0670632 0.997749 0 3.01306 0</i>
                        <i>1 0.000701665 0 -0.000700149 0.997839 -0.0657014 -4.61004e-005 0.0657013 0.997839 0 3.02005 0</i>
                        <i>1 0.000610974 3.38813e-021 -0.000609711 0.997933 -0.0642652 -3.92644e-005 0.0642652 0.997933 0 3.02708 0</i>
                        <i>1 0.000386632 -1.69407e-021 -0.000385869 0.998027 -0.0627792 -2.42724e-005 0.0627792 0.998027 0 3.034 0</i>
                        <i>1 0 0 0 0.998121 -0.0612678 0 0.0612678 0.998121 0 3.04064 0</i>
                        <i>1 -0.000578562 -3.38813e-021 0.00057753 0.998215 -0.0597141 3.45483e-005 0.0597141 0.998215 0 3.04697 0</i>
                        <i>0.999999 -0.00133595 0 0.00133369 0.99831 -0.0580907 7.7606e-005 0.0580906 0.998311 0 3.0531 0</i>
                        <i>0.999997 -0.00223667 0 0.00223311 0.998405 -0.0564059 0.000126161 0.0564058 0.998408 0 3.05908 0</i>
                        <i>0.999995 -0.00324524 0 0.00324038 0.998499 -0.0546683 0.000177412 0.0546681 0.998505 0 3.06499 0</i>
                        <i>0.999991 -0.00432616 -1.35525e-020 0.00432011 0.998591 -0.0528864 0.000228795 0.0528859 0.998601 0 3.0709 0</i>
                        <i>0.999985 -0.00544396 0 0.00543686 0.99868 -0.0510687 0.000278016 0.0510679 0.998695 0 3.07688 0</i>
                        <i>0.999978 -0.00656314 2.71051e-020 0.00655519 0.998766 -0.0492235 0.000323061 0.0492225 0.998788 0 3.083 0</i>
                        <i>0.999971 -0.00764823 0 0.00763965 0.998849 -0.0473595 0.000362217 0.0473581 0.998878 0 3.08932 0</i>
                        <i>0.999962 -0.00866373 0 0.00865476 0.998928 -0.0454852 0.000394071 0.0454835 0.998965 0 3.09592 0</i>
                        <i>0.999954 -0.00957415 -2.71051e-020 0.00956504 0.999003 -0.043609 0.000417519 0.043607 0.999049 0 3.10286 0</i>
                        <i>0.999946 -0.010344 2.71051e-020 0.010335 0.999075 -0.0417394 0.000431753 0.0417372 0.999129 0 3.11021 0</i>
                        <i>0.99994 -0.0109379 2.71051e-020 0.0109292 0.999144 -0.039885 0.000436256 0.0398826 0.999204 0 3.11804 0</i>
                        <i>0.999936 -0.0113202 0 0.011312 0.999212 -0.0380543 0.000430781 0.0380518 0.999276 0 3.13913 0</i>
                        <i>0.999934 -0.0114555 2.71051e-020 0.011448 0.999277 -0.0362557 0.000415327 0.0362533 0.999343 0 3.18573 0</i>
                        <i>0.999941 -0.0108827 2.71051e-020 0.0108763 0.999346 -0.0344978 0.000375431 0.0344958 0.999405 0 3.25945 0</i>
                        <i>0.999956 -0.0093904 0 0.00938535 0.999418 -0.0327892 0.000307904 0.0327877 0.999462 0 3.36057 0</i>
                        <i>0.999973 -0.00731749 0 0.00731394 0.999488 -0.0311383 0.000227854 0.0311374 0.999515 0 3.48652 0</i>
                        <i>0.999987 -0.00500297 -1.35525e-020 0.00500079 0.999551 -0.0295536 0.000147856 0.0295533 0.999563 0 3.63469 0</i>
                        <i>0.999996 -0.00278587 0 0.00278477 0.999603 -0.0280437 7.81262e-005 0.0280436 0.999607 0 3.80251 0</i>
                        <i>1 -0.0010052 1.69407e-021 0.00100485 0.999645 -0.0266171 2.67557e-005 0.0266171 0.999646 0 3.98738 0</i>
                        <i>1 0 0 0 0.99968 -0.0252823 0 0.0252823 0.99968 0 4.18672 0</i>
                        <i>1 0.000316841 8.47033e-022 -0.000316747 0.999704 -0.0243072 -7.70151e-006 0.0243072 0.999705 0 4.40133 0</i>
                        <i>1 0.000307279 0 -0.000307191 0.999715 -0.0238691 -7.33447e-006 0.0238691 0.999715 0 4.63332 0</i>
                        <i>1 4.45968e-005 0 -4.45841e-005 0.999716 -0.0238409 -1.06323e-006 0.0238409 0.999716 0 4.88206 0</i>
                        <i>1 -0.000397922 0 0.000397807 0.99971 -0.0240953 9.58807e-006 0.0240953 0.99971 0 5.14695 0</i>
                        <i>1 -0.000946997 -1.69407e-021 0.000946712 0.999699 -0.0245052 2.32063e-005 0.0245052 0.9997 0 5.42734 0</i>
                        <i>0.999999 -0.00152934 3.38813e-021 0.00152887 0.999688 -0.0249432 3.81468e-005 0.0249432 0.999689 0 5.72263 0</i>
                        <i>0.999998 -0.00207168 0 0.00207102 0.999678 -0.0252823 5.2377e-005 0.0252823 0.99968 0 6.03218 0</i>
                        <i>0.999997 -0.00250073 -6.77626e-021 0.00249991 0.999669 -0.0256112 6.40467e-005 0.0256112 0.999672 0 6.35538 0</i>
                        <i>0.999996 -0.0027432 0 0.00274227 0.999656 -0.0260835 7.15524e-005 0.0260834 0.99966 0 6.6916 0</i>
                        <i>0.999996 -0.00272582 6.77626e-021 0.00272485 0.999641 -0.0266692 7.26956e-005 0.0266691 0.999644 0 7.04023 0</i>
                        <i>0.999997 -0.0023753 0 0.00237442 0.999623 -0.0273384 6.4937e-005 0.0273383 0.999626 0 7.40064 0</i>
                        <i>0.999999 -0.0016352 -3.38813e-021 0.00163456 0.999605 -0.028061 4.58855e-005 0.028061 0.999606 0 7.7722 0</i>
                        <i>1 -0.000549107 0 0.000548879 0.999585 -0.0288071 1.58182e-005 0.0288071 0.999585 0 8.1543 0</i>
                        <i>1 0.000806229 0 -0.000805877 0.999563 -0.0295468 -2.38215e-005 0.0295468 0.999563 0 8.54631 0</i>
                        <i>0.999997 0.00235404 0 -0.00235297 0.99954 -0.03025 -7.12098e-005 0.0302499 0.999542 0 8.94762 0</i>
                        <i>0.999992 0.00401757 -1.35525e-020 -0.00401566 0.999515 -0.0308867 -0.00012409 0.0308865 0.999523 0 9.35759 0</i>
                        <i>0.999984 0.00572007 -1.35525e-020 -0.00571724 0.99949 -0.0314271 -0.000179765 0.0314266 0.999506 0 9.77532 0</i>
                        <i>0.999973 0.00738474 1.35525e-020 -0.007381 0.999466 -0.0318412 -0.000235139 0.0318403 0.999493 0 10.1998 0</i>
                        <i>0.99996 0.00893484 2.71051e-020 -0.00893024 0.999445 -0.0320989 -0.000286799 0.0320976 0.999485 0 10.6304 0</i>
                        <i>0.999947 0.0102936 0 -0.0102883 0.999429 -0.0321704 -0.00033115 0.0321687 0.999482 0 11.0662 0</i>
                        <i>0.999935 0.0113843 0 -0.0113785 0.999422 -0.0320256 -0.00036459 0.0320236 0.999487 0 11.5067 0</i>
                        <i>0.999926 0.0121302 2.71051e-020 -0.0121241 0.999426 -0.0316347 -0.000383735 0.0316323 0.999499 0 11.951 0</i>
                        <i>0.999922 0.0124545 0 -0.0124486 0.999443 -0.0309675 -0.000385686 0.0309651 0.99952 0 12.3985 0</i>
                        <i>0.999923 0.0124094 2.71051e-020 -0.0124038 0.999474 -0.0299546 -0.000371719 0.0299523 0.999551 0 12.8484 0</i>
                        <i>0.999927 0.0121186 0 -0.0121136 0.999518 -0.0285791 -0.000346338 0.028577 0.999592 0 13.2999 0</i>
                        <i>0.999933 0.0116129 0 -0.0116087 0.999571 -0.02689 -0.00031227 0.0268881 0.999638 0 13.7525 0</i>
                        <i>0.99994 0.0109231 -2.71051e-020 -0.0109197 0.999629 -0.0249362 -0.000272382 0.0249347 0.999689 0 14.2053 0</i>
                        <i>0.999949 0.0100801 0 -0.0100775 0.99969 -0.0227668 -0.000229492 0.0227656 0.999741 0 14.6576 0</i>
                        <i>0.999958 0.0091147 -1.35525e-020 -0.0091128 0.99975 -0.0204307 -0.00018622 0.0204299 0.999791 0 15.1087 0</i>
                        <i>0.999968 0.00805763 -1.35525e-020 -0.00805632 0.999806 -0.0179771 -0.000144853 0.0179765 0.999838 0 15.5578 0</i>
                        <i>0.999976 0.00693973 0 -0.00693891 0.999856 -0.0154549 -0.000107253 0.0154545 0.999881 0 16.0044 0</i>
                        <i>0.999983 0.00579183 0 -0.00579135 0.9999 -0.0129131 -7.47907e-005 0.0129129 0.999917 0 16.4475 0</i>
                        <i>0.999989 0.00464474 -3.38813e-021 -0.00464449 0.999935 -0.0104009 -4.83096e-005 0.0104008 0.999946 0 16.8865 0</i>
                        <i>0.999994 0.00352928 -1.69407e-021 -0.00352917 0.999962 -0.00796731 -2.81189e-005 0.00796726 0.999968 0 17.3206 0</i>
                        <i>0.999997 0.00247626 -8.47033e-022 -0.00247622 0.999981 -0.00566135 -1.4019e-005 0.00566133 0.999984 0 17.7493 0</i>
                        <i>0.999999 0.0015165 0 -0.00151649 0.999993 -0.00353211 -5.35643e-006 0.00353211 0.999994 0 18.1716 0</i>
                        <i>1 0.000680804 -1.05879e-022 -0.000680803 0.999998 -0.00162864 -1.10878e-006 0.00162864 0.999999 0 18.5869 0</i>
                        <i>1 0 0 0 1 0 0 0 1 0 18.9945 0</i>
                        <i>1 -0.000411867 0 0.000411867 0.999999 0.00102422 -4.21843e-007 -0.00102422 0.999999 0 19.3936 0</i>
                        <i>1 -0.00052719 5.29396e-023 0.00052719 0.999999 0.001311 -6.91148e-007 -0.001311 0.999999 0 19.7835 0</i>
                        <i>1 -0.000444816 0 0.000444816 0.999999 0.00110616 -4.92037e-007 -0.00110616 0.999999 0 20.1635 0</i>
                        <i>1 -0.000263595 1.32349e-023 0.000263595 1 0.0006555 -1.72786e-007 -0.0006555 1 0 20.5329 0</i>
                        <i>1 -8.23733e-005 0 8.23733e-005 1 0.000204844 -1.68737e-008 -0.000204844 1 0 20.8909 0</i>
                        <i>1 0 0 0 1 0 0 0 1 0 21.2368 0</i>
                    </KeyFrames>
                </p>
            </i>
            <i>
                <p>
                    <Name>
                        <![CDATA[rotor]]>
</Name>
                    <Exclude>0</Exclude>
                    <Additive>0</Additive>
                    <IKPriority>0</IKPriority>
                    <IKRotLimits>-1e+010 -1e+010 -1e+010 1e+010 1e+010 1e+010</IKRotLimits>
                    <IKRotLimitOrder>0</IKRotLimitOrder>
                    <KeyFrames count="121">
                        <i>1 0 0 0 0.997383 -0.072304 0 0.072304 0.997383 0 4.46674 -0.0346017</i>
                        <i>1 1.52472e-005 0.000968274 5.48473e-005 0.997379 -0.0723499 -0.00096684 0.0723499 0.997379 0 4.46681 -0.03467</i>
                        <i>0.999996 4.38551e-005 0.00277606 0.000157248 0.997376 -0.0724003 -0.00277195 0.0724005 0.997372 0 4.46693 -0.0347455</i>
                        <i>0.999993 6.11097e-005 0.00385504 0.000218367 0.997372 -0.0724543 -0.00384933 0.0724546 0.997364 0 4.46708 -0.0348263</i>
                        <i>0.999996 4.3271e-005 0.00272 0.000154073 0.997368 -0.0725109 -0.00271598 0.072511 0.997364 0 4.46727 -0.0349103</i>
                        <i>0.999998 -3.27746e-005 -0.0020528 -0.00011628 0.997363 -0.0725682 0.00204976 0.0725683 0.997361 0 4.46745 -0.0349956</i>
                        <i>0.99993 -0.000189775 -0.011844 -0.000670902 0.997359 -0.0726212 0.0118266 0.072624 0.997289 0 4.46764 -0.0350802</i>
                        <i>0.999608 -0.000450278 -0.0280058 -0.00158638 0.997356 -0.072658 0.0279644 0.0726739 0.996964 0 4.46781 -0.0351623</i>
                        <i>0.998654 -0.000836652 -0.0518688 -0.00293809 0.997353 -0.0726559 0.0517923 0.0727105 0.996007 0 4.46794 -0.0352397</i>
                        <i>0.996402 -0.00137088 -0.0847377 -0.00479995 0.997351 -0.072576 0.0846127 0.0727217 0.993757 0 4.46803 -0.0353107</i>
                        <i>0.991789 -0.00207396 -0.127865 -0.00724288 0.997352 -0.0723567 0.127676 0.0726887 0.989149 0 4.46806 -0.0353731</i>
                        <i>0.983222 -0.00296473 -0.18239 -0.0103314 0.997358 -0.0719064 0.182121 0.0725843 0.980593 0 4.46802 -0.0354251</i>
                        <i>0.968437 -0.00405778 -0.249226 -0.0141174 0.99737 -0.0710957 0.248859 0.0723701 0.965832 0 4.46789 -0.0354646</i>
                        <i>0.944359 -0.00536012 -0.328873 -0.018629 0.997391 -0.069749 0.328389 0.0719947 0.941795 0 4.46765 -0.0354898</i>
                        <i>0.90698 -0.00686607 -0.421118 -0.0238542 0.997425 -0.0676382 0.420498 0.0713919 0.90448 0 4.46731 -0.0354986</i>
                        <i>0.851302 -0.00855707 -0.524606 -0.0297162 0.997476 -0.0644922 0.523833 0.0704916 0.848899 0 4.46681 -0.0355091</i>
                        <i>0.771422 -0.0103907 -0.636239 -0.0360397 0.997548 -0.0599886 0.635302 0.0692064 0.769157 0 4.46617 -0.0355389</i>
                        <i>0.660865 -0.012279 -0.750404 -0.0425066 0.997649 -0.0537594 0.7493 0.0674248 0.65879 0 4.46539 -0.0355859</i>
                        <i>0.513342 -0.0140764 -0.858069 -0.0486053 0.997784 -0.0454466 0.856807 0.0650363 0.51152 0 4.46451 -0.0356477</i>
                        <i>0.324144 -0.0155643 -0.94588 -0.0535794 0.997958 -0.0347824 0.944489 0.0619541 0.322648 0 4.46354 -0.0357221</i>
                        <i>0.0924304 -0.0164389 -0.995583 -0.0563949 0.998172 -0.0217174 0.994121 0.0581532 0.0913344 0 4.46252 -0.0358068</i>
                        <i>-0.175433 -0.0163149 -0.984356 -0.055759 0.998422 -0.00661066 0.982911 0.053727 -0.176066 0 4.46146 -0.0358995</i>
                        <i>-0.461543 -0.01476 -0.886995 -0.050244 0.998692 0.0095255 0.885694 0.0489626 -0.46168 0 4.46038 -0.0359979</i>
                        <i>-0.731913 -0.0113839 -0.681303 -0.0385926 0.998948 0.024768 0.680304 0.0444213 -0.731583 0 4.45932 -0.0360998</i>
                        <i>-0.933673 -0.00600793 -0.358077 -0.0202834 0.999141 0.0361243 0.357552 0.0409912 -0.932993 0 4.45829 -0.0362028</i>
                        <i>-0.997966 0.00107377 0.0637368 0.0036104 0.999205 0.0396966 -0.0636435 0.039846 -0.997177 0 4.45732 -0.0363048</i>
                        <i>-0.854684 0.00877926 0.519075 0.0294033 0.999071 0.0315164 -0.518316 0.042199 -0.854147 0 4.45643 -0.0364033</i>
                        <i>-0.46579 0.0150196 0.884768 0.0501181 0.998699 0.0094312 -0.883475 0.0487359 -0.465936 0 4.45565 -0.0364962</i>
                        <i>0.121483 0.0169044 0.99245 0.0562179 0.998133 -0.0238826 -0.991 0.0586947 0.120306 0 4.45499 -0.0365812</i>
                        <i>0.719538 0.0118618 0.694352 0.039332 0.997553 -0.0578001 -0.693338 0.0688996 0.717311 0 4.45449 -0.0366559</i>
                        <i>1 0 0 0 0.997279 -0.0737242 0 0.0737242 0.997279 0 4.45416 -0.0367181</i>
                        <i>0.660632 -0.0128781 -0.7506 -0.0425182 0.997606 -0.0545379 0.749505 0.0679437 0.658503 0 4.45404 -0.0367655</i>
                        <i>-0.173505 -0.0169145 -0.984688 -0.0557783 0.998416 -0.007322 0.983252 0.0536538 -0.174173 0 4.454 -0.0367959</i>
                        <i>-0.891231 -0.00779305 -0.453482 -0.0256878 0.999115 0.0333147 0.452821 0.0413401 -0.890643 0 4.45396 -0.036807</i>
                        <i>-0.888951 0.00786631 0.457934 0.02594 0.999112 0.0331927 -0.457266 0.0413855 -0.888366 0 4.45396 -0.0367964</i>
                        <i>-0.132544 0.0170008 0.991031 0.0561377 0.998377 -0.00961876 -0.989586 0.0543593 -0.133283 0 4.45403 -0.0367619</i>
                        <i>0.745593 0.011403 0.666304 0.0377432 0.997526 -0.0593061 -0.665332 0.0693667 0.743318 0 4.4542 -0.0367013</i>
                        <i>0.96769 -0.00429936 -0.252105 -0.0142806 0.997315 -0.0718234 0.251737 0.0731031 0.965031 0 4.45452 -0.0366122</i>
                        <i>0.317825 -0.0160908 -0.948013 -0.0537007 0.997946 -0.0349417 0.946627 0.0620143 0.316308 0 4.45502 -0.0364924</i>
                        <i>-0.625644 -0.0131588 -0.779998 -0.0441833 0.99885 0.0185889 0.778857 0.0460929 -0.625506 0 4.45574 -0.0363395</i>
                        <i>-0.993905 0.00184564 0.110229 0.00624393 0.999197 0.0395697 -0.110067 0.0400168 -0.993118 0 4.45672 -0.0361514</i>
                        <i>-0.434869 0.0149388 0.90037 0.0510016 0.998666 0.0080635 -0.899048 0.0494269 -0.435051 0 4.45798 -0.0359257</i>
                        <i>0.535435 0.0138603 0.844463 0.0478346 0.997763 -0.0467062 -0.843221 0.0654026 0.533574 0 4.45958 -0.0356602</i>
                        <i>0.999914 -0.000212176 -0.0130924 -0.000741614 0.997346 -0.072803 0.0130731 0.0728065 0.99726 0 4.46155 -0.0353525</i>
                        <i>0.510131 -0.0137333 -0.859987 -0.0487136 0.997806 -0.0448303 0.858716 0.0647624 0.508343 0 4.46392 -0.0350005</i>
                        <i>-0.470759 -0.0138505 -0.882153 -0.049969 0.99869 0.0109856 0.880846 0.0492519 -0.470834 0 4.46674 -0.0346017</i>
                        <i>-0.99863 -0.000843393 -0.0523292 -0.00300706 0.999143 0.0412822 0.0522495 0.041383 -0.997776 -6.38517e-005 4.47031 -0.034002</i>
                        <i>-0.558322 0.0120857 0.829536 0.0468352 0.998758 0.0169714 -0.828301 0.0483271 -0.558195 -0.000227031 4.47485 -0.033073</i>
                        <i>0.42657 0.0126536 0.904366 0.0509257 0.99798 -0.037984 -0.90302 0.0622583 0.425064 -0.000446974 4.4802 -0.0318511</i>
                        <i>0.995491 0.0016753 0.0948369 0.00491463 0.99759 -0.0692108 -0.0947243 0.0693648 0.993084 -0.000681118 4.4862 -0.0303728</i>
                        <i>0.588198 -0.00912046 -0.808666 -0.0463992 0.997909 -0.0450041 0.807385 0.0639928 0.586544 -0.000886892 4.49269 -0.0286745</i>
                        <i>-0.398432 -0.00985461 -0.917145 -0.0526339 0.99854 0.0121363 0.915687 0.0531084 -0.398369 -0.00102172 4.49954 -0.0267927</i>
                        <i>-0.992708 -0.00179112 -0.120531 -0.00752769 0.998859 0.0471558 0.120309 0.0477192 -0.991589 -0.00104303 4.50657 -0.0247639</i>
                        <i>-0.605268 0.00571322 0.796001 0.0444746 0.998655 0.0266501 -0.794778 0.0515323 -0.604708 -0.000908242 4.51363 -0.0226244</i>
                        <i>0.382661 0.0058324 0.923871 0.0519406 0.998263 -0.0278155 -0.922428 0.0586303 0.381693 -0.000574758 4.52058 -0.0204109</i>
                        <i>0.991005 0.000620736 0.133822 0.00757943 0.998124 -0.0607583 -0.133609 0.0612261 0.989141 0 4.52725 -0.0181597</i>
                        <i>0.61321 -0.00278929 -0.789915 -0.0441613 0.998309 -0.0378076 0.788684 0.0580677 0.61205 0.000860111 4.53361 -0.0158458</i>
                        <i>-0.376198 -0.000846201 -0.926539 -0.0511429 0.998494 0.0198534 0.925127 0.0548547 -0.375674 0.0019861 4.53975 -0.0134281</i>
                        <i>-0.990423 0.00224725 -0.138048 -0.0055856 0.998397 0.0563265 0.137953 0.0565582 -0.988823 0.00332521 4.54576 -0.0109193</i>
                        <i>-0.614664 0.000439188 0.788789 0.0479146 0.998174 0.0367817 -0.787333 0.0604029 -0.613562 0.00482468 4.55168 -0.00833212</i>
                        <i>0.376467 -0.00510885 0.926416 0.0567892 0.998232 -0.0175725 -0.924688 0.0592258 0.376091 0.00643174 4.5576 -0.0056791</i>
                        <i>0.990707 -0.00615121 0.135873 0.0131323 0.998636 -0.0505434 -0.135377 0.0518581 0.989436 0.00809363 4.56358 -0.00297294</i>
                        <i>0.611664 0.00185915 -0.791116 -0.0382529 0.998897 -0.0272284 0.790193 0.046917 0.61106 0.00975755 4.56969 -0.000226295</i>
                        <i>-0.381246 0.0115045 -0.924402 -0.0447223 0.998522 0.0308716 0.923391 0.0531111 -0.380169 0.0113708 4.57599 0.00254819</i>
                        <i>-0.991524 0.0100372 -0.129535 0.00130716 0.997732 0.0673053 0.129916 0.0665655 -0.989288 0.0128805 4.58257 0.00533784</i>
                        <i>-0.605899 -0.00457741 0.795529 0.0546121 0.997385 0.0473331 -0.793665 0.0721245 -0.604064 0.0142339 4.58949 0.00812998</i>
                        <i>0.388575 -0.0177628 0.921246 0.0625096 0.998019 -0.00712297 -0.919294 0.0603545 0.388915 0.0153782 4.59681 0.010912</i>
                        <i>0.992562 -0.0128879 0.121058 0.0177861 0.999062 -0.0394684 -0.120436 0.041328 0.99186 0.0162608 4.60461 0.0136712</i>
                        <i>0.598914 0.00812018 -0.800772 -0.0340514 0.999302 -0.0153344 0.800089 0.0364514 0.598773 0.0168289 4.62566 0.0163949</i>
                        <i>-0.396683 0.0232723 -0.917661 -0.0405518 0.998258 0.0428459 0.91706 0.054209 -0.395048 0.0170297 4.67223 0.0190705</i>
                        <i>-0.993581 0.0133038 -0.112339 0.00448527 0.996913 0.0783904 0.113035 0.0773834 -0.990573 0.0161779 4.74592 0.0216853</i>
                        <i>-0.592163 -0.0136778 0.805702 0.055009 0.996837 0.0573523 -0.803939 0.0782827 -0.589538 0.013959 4.84703 0.0242267</i>
                        <i>0.403959 -0.0263012 0.914399 0.0591123 0.998248 0.00259862 -0.912865 0.0530025 0.404806 0.0108773 4.97296 0.0266821</i>
                        <i>0.994413 -0.00782955 0.105266 0.0109648 0.999512 -0.0292388 -0.104986 0.0302297 0.994014 0.0074366 5.12111 0.0290387</i>
                        <i>0.587141 0.0215302 -0.809198 -0.0430665 0.999061 -0.00466655 0.808338 0.0375893 0.587517 0.00414089 5.28889 0.0312839</i>
                        <i>-0.408574 0.0278312 -0.912301 -0.0506912 0.9973 0.0531263 0.911316 0.0679516 -0.40606 0.00149408 5.47372 0.0334052</i>
                        <i>-0.994795 0.0031972 -0.101845 -0.00577105 0.996135 0.0876419 0.101731 0.0877735 -0.990932 0 5.67302 0.0353898</i>
                        <i>-0.585669 -0.0264087 0.81012 0.0455913 0.996813 0.0654543 -0.809267 0.075269 -0.582599 -0.000470909 5.88759 0.0368396</i>
                        <i>0.408416 -0.0298056 0.912309 0.0513917 0.998632 0.00961916 -0.911348 0.0429565 0.409389 -0.000456692 6.11957 0.0374909</i>
                        <i>0.994544 -0.00337913 0.104259 0.00586356 0.999706 -0.0235321 -0.104149 0.024015 0.994272 -6.62817e-005 6.36831 0.0375328</i>
                        <i>0.58968 0.0260657 -0.807216 -0.0453453 0.998971 -0.000867625 0.806363 0.0371151 0.590255 0.000591414 6.6332 0.0371546</i>
                        <i>-0.401298 0.0298315 -0.915462 -0.0509318 0.997196 0.0548212 0.914531 0.0686258 -0.398653 0.00140749 6.91361 0.0365452</i>
                        <i>-0.993345 0.00517022 -0.115057 -0.00499642 0.996117 0.0878982 0.115065 0.0878881 -0.989462 0.00227304 7.20891 0.0358939</i>
                        <i>-0.601234 -0.0238286 0.798717 0.0473246 0.996739 0.0653598 -0.79767 0.0770955 -0.598146 0.00307914 7.51847 0.0353898</i>
                        <i>0.384545 -0.029622 0.922631 0.0547776 0.998456 0.0092256 -0.92148 0.0469919 0.385573 0.00371686 7.84168 0.0349008</i>
                        <i>0.990507 -0.00691687 0.137286 0.0105213 0.999618 -0.025547 -0.137057 0.0267489 0.990202 0.00407729 8.17792 0.0341986</i>
                        <i>0.622675 0.0217715 -0.782178 -0.0415972 0.99912 -0.00530465 0.781375 0.0358395 0.623032 0.00405151 8.52657 0.0333277</i>
                        <i>-0.354566 0.0282582 -0.934604 -0.050587 0.9975 0.0493514 0.933662 0.0647772 -0.35225 0.00353057 8.887 0.0323327</i>
                        <i>-0.984581 0.00661126 -0.174803 -0.00827513 0.996406 0.084295 0.174732 0.0844418 -0.980988 0.00243055 9.25859 0.0312582</i>
                        <i>-0.656688 -0.0206453 0.753879 0.0432617 0.996948 0.0649862 -0.75292 0.0752899 -0.653791 0.0008162 9.64071 0.0301487</i>
                        <i>0.306207 -0.0255642 0.951621 0.0531121 0.998541 0.00973452 -0.950482 0.0475618 0.307118 -0.00119841 10.0327 0.0290489</i>
                        <i>0.972895 -0.0038183 0.231215 0.0107471 0.99953 -0.0287147 -0.230997 0.0304213 0.972479 -0.00349918 10.4341 0.0280031</i>
                        <i>0.701779 0.0211783 -0.71208 -0.0443573 0.998918 -0.0140064 0.711012 0.0414153 0.701959 -0.00597202 10.8441 0.0270561</i>
                        <i>-0.245801 0.0230538 -0.969046 -0.0606079 0.997395 0.0391016 0.967424 0.068343 -0.243764 -0.00850281 11.2618 0.0262525</i>
                        <i>-0.956425 0.00018575 -0.291978 -0.0239022 0.996594 0.0789299 0.290998 0.0824694 -0.953163 -0.0109774 11.6863 0.0256367</i>
                        <i>-0.745122 -0.0230339 0.66653 0.0288518 0.997354 0.0667203 -0.666304 0.0689454 -0.742486 -0.0132817 12.1168 0.0252534</i>
                        <i>0.184401 -0.0221734 0.982601 0.045389 0.998871 0.0140226 -0.981802 0.0420135 0.185199 -0.0153015 12.5527 0.0251471</i>
                        <i>0.936155 0.00199411 0.351581 0.00853993 0.99956 -0.0284086 -0.351483 0.0295973 0.935726 -0.0169228 12.9931 0.0253624</i>
                        <i>0.785542 0.0250086 -0.618303 -0.0471479 0.998697 -0.019506 0.61701 0.0444745 0.785698 -0.0180315 13.4374 0.0259439</i>
                        <i>-0.122238 0.0239802 -0.992211 -0.0686386 0.99711 0.0325547 0.990125 0.0720835 -0.120239 -0.0185134 13.8848 0.0269361</i>
                        <i>-0.91219 -0.000372832 -0.409768 -0.0355826 0.996294 0.0783044 0.40822 0.0860091 -0.908823 -0.0184459 14.3347 0.0284424</i>
                        <i>-0.822902 -0.0259191 0.567592 0.0200787 0.997009 0.0746389 -0.567828 0.072817 -0.81992 -0.0180131 14.7862 0.0304879</i>
                        <i>0.0595621 -0.0290281 0.997802 0.0449439 0.998641 0.0263697 -0.997212 0.0432745 0.0607858 -0.0172609 15.2387 0.0329995</i>
                        <i>0.884626 -0.00513671 0.466273 0.0155027 0.999711 -0.0183988 -0.466044 0.0235046 0.88445 -0.0162349 15.6915 0.0359044</i>
                        <i>0.857045 0.0260909 -0.514581 -0.0392345 0.999122 -0.0146873 0.513746 0.032777 0.857316 -0.0149811 16.1437 0.0391296</i>
                        <i>0.00339995 0.0362598 -0.999337 -0.0657288 0.997189 0.0359583 0.997832 0.0655629 0.00577371 -0.0135454 16.5947 0.0426021</i>
                        <i>-0.853534 0.0132852 -0.520868 -0.0375453 0.995508 0.086916 0.519683 0.0937419 -0.849201 -0.0119736 17.0438 0.0462491</i>
                        <i>-0.88782 -0.0251098 0.459505 0.0191383 0.995632 0.0913841 -0.459793 0.0899268 -0.883461 -0.0103116 17.4902 0.0499974</i>
                        <i>-0.0664056 -0.0440283 0.996821 0.0507344 0.997585 0.0474418 -0.996502 0.0537235 -0.0640114 -0.00860519 17.9332 0.0537744</i>
                        <i>0.819015 -0.0227407 0.573321 0.0278635 0.999612 -0.00015493 -0.573095 0.0161016 0.819331 -0.00690026 18.3721 0.057507</i>
                        <i>0.915082 0.0228529 -0.40262 -0.0263586 0.999648 -0.00316773 0.402406 0.0135112 0.915362 -0.00524261 18.8061 0.0611224</i>
                        <i>0.129206 0.0508761 -0.990312 -0.0586315 0.997328 0.0435869 0.989883 0.0524318 0.131844 -0.00367803 19.2346 0.0645477</i>
                        <i>-0.781201 0.0319745 -0.623461 -0.0368694 0.994581 0.0972052 0.623191 0.0989234 -0.775788 -0.00225226 19.6568 0.0677102</i>
                        <i>-0.938702 -0.0196012 0.344173 0.0188459 0.993971 0.108009 -0.344215 0.107874 -0.932673 -0.00101102 20.0719 0.070537</i>
                        <i>-0.191491 -0.0555892 0.979919 0.0555893 0.996178 0.0673746 -0.979919 0.0673746 -0.187669 0 20.4794 0.0729556</i>
                        <i>0.740287 -0.0390681 0.671155 0.0384873 0.999136 0.0157083 -0.671188 0.0142023 0.741151 0.000611562 20.8784 0.0744764</i>
                        <i>0.958557 0.0160053 -0.284452 -0.0156106 0.999871 0.00365479 0.284474 0.000937164 0.958683 0.000782789 21.2683 0.0749022</i>
                        <i>0.252908 0.0557524 -0.965883 -0.0543527 0.99758 0.0433503 0.965962 0.0415347 0.255327 0.000660484 21.6483 0.0745981</i>
                        <i>-0.696514 0.0412923 -0.716354 -0.040377 0.994506 0.0965843 0.716406 0.0961966 -0.69102 0.000391406 22.0177 0.0739289</i>
                        <i>-0.974583 -0.0126541 0.223669 0.0127704 0.993642 0.111859 -0.223662 0.111872 -0.968225 0.000122317 22.3758 0.0732597</i>
                        <i>-0.31328 -0.0537863 0.948136 0.0537863 0.995787 0.0742613 -0.948136 0.0742613 -0.309068 0 22.7217 0.0729556</i>
                    </KeyFrames>
                </p>
            </i>
            <i>
                <p>
                    <Name>
                        <![CDATA[rotor_1]]>
</Name>
                    <Exclude>0</Exclude>
                    <Additive>0</Additive>
                    <IKPriority>0</IKPriority>
                    <IKRotLimits>-1e+010 -1e+010 -1e+010 1e+010 1e+010 1e+010</IKRotLimits>
                    <IKRotLimitOrder>0</IKRotLimitOrder>
                    <KeyFrames count="121">
                        <i>0.995173 -0.09788 0.00709569 0.0981368 0.992568 -0.071955 0 0.072304 0.997383 4.96535 3.89569 -0.00505404</i>
                        <i>0.995274 -0.0967804 0.00798525 0.0971044 0.992673 -0.0719144 -0.00096684 0.0723499 0.997379 4.96533 3.90228 -0.000288593</i>
