<?xml version="1.0" encoding="ISO-8859-1" ?>
<Animl Version="1">
    <ModellingPackage><![CDATA[Maya.2010]]></ModellingPackage>
    <SrcFile><![CDATA[anims\vehicles\red\~src\land\tank_t80\tank_t80_right_tread.mb]]></SrcFile>
    <FramesPerSecond>30</FramesPerSecond>
    <TotalFrames>61</TotalFrames>
    <Skeleton>
        <RefFrame>
            <Name><![CDATA[t80_ref_frame]]></Name>
            <Exclude>1</Exclude>
            <Additive>0</Additive>
            <IKPriority>0</IKPriority>
            <IKRotLimits>-1e+010 -1e+010 -1e+010 1e+010 1e+010 1e+010</IKRotLimits>
            <IKRotLimitOrder>0</IKRotLimitOrder>
            <KeyFrames count="61">
                <i>1 0 0 0 1 0 0 0 1 0 0 0</i>
                <i>1 0 0 0 1 0 0 0 1 0 0 0</i>
                <i>1 0 0 0 1 0 0 0 1 0 0 0</i>
                <i>1 0 0 0 1 0 0 0 1 0 0 0</i>
                <i>1 0 0 0 1 0 0 0 1 0 0 0</i>
                <i>1 0 0 0 1 0 0 0 1 0 0 0</i>
                <i>1 0 0 0 1 0 0 0 1 0 0 0</i>
                <i>1 0 0 0 1 0 0 0 1 0 0 0</i>
                <i>1 0 0 0 1 0 0 0 1 0 0 0</i>
                <i>1 0 0 0 1 0 0 0 1 0 0 0</i>
                <i>1 0 0 0 1 0 0 0 1 0 0 0</i>
                <i>1 0 0 0 1 0 0 0 1 0 0 0</i>
                <i>1 0 0 0 1 0 0 0 1 0 0 0</i>
                <i>1 0 0 0 1 0 0 0 1 0 0 0</i>
                <i>1 0 0 0 1 0 0 0 1 0 0 0</i>
                <i>1 0 0 0 1 0 0 0 1 0 0 0</i>
                <i>1 0 0 0 1 0 0 0 1 0 0 0</i>
                <i>1 0 0 0 1 0 0 0 1 0 0 0</i>
                <i>1 0 0 0 1 0 0 0 1 0 0 0</i>
                <i>1 0 0 0 1 0 0 0 1 0 0 0</i>
                <i>1 0 0 0 1 0 0 0 1 0 0 0</i>
                <i>1 0 0 0 1 0 0 0 1 0 0 0</i>
                <i>1 0 0 0 1 0 0 0 1 0 0 0</i>
                <i>1 0 0 0 1 0 0 0 1 0 0 0</i>
                <i>1 0 0 0 1 0 0 0 1 0 0 0</i>
                <i>1 0 0 0 1 0 0 0 1 0 0 0</i>
                <i>1 0 0 0 1 0 0 0 1 0 0 0</i>
                <i>1 0 0 0 1 0 0 0 1 0 0 0</i>
                <i>1 0 0 0 1 0 0 0 1 0 0 0</i>
                <i>1 0 0 0 1 0 0 0 1 0 0 0</i>
                <i>1 0 0 0 1 0 0 0 1 0 0 0</i>
                <i>1 0 0 0 1 0 0 0 1 0 0 0</i>
                <i>1 0 0 0 1 0 0 0 1 0 0 0</i>
                <i>1 0 0 0 1 0 0 0 1 0 0 0</i>
                <i>1 0 0 0 1 0 0 0 1 0 0 0</i>
                <i>1 0 0 0 1 0 0 0 1 0 0 0</i>
                <i>1 0 0 0 1 0 0 0 1 0 0 0</i>
                <i>1 0 0 0 1 0 0 0 1 0 0 0</i>
                <i>1 0 0 0 1 0 0 0 1 0 0 0</i>
                <i>1 0 0 0 1 0 0 0 1 0 0 0</i>
                <i>1 0 0 0 1 0 0 0 1 0 0 0</i>
                <i>1 0 0 0 1 0 0 0 1 0 0 0</i>
                <i>1 0 0 0 1 0 0 0 1 0 0 0</i>
                <i>1 0 0 0 1 0 0 0 1 0 0 0</i>
                <i>1 0 0 0 1 0 0 0 1 0 0 0</i>
                <i>1 0 0 0 1 0 0 0 1 0 0 0</i>
                <i>1 0 0 0 1 0 0 0 1 0 0 0</i>
                <i>1 0 0 0 1 0 0 0 1 0 0 0</i>
                <i>1 0 0 0 1 0 0 0 1 0 0 0</i>
                <i>1 0 0 0 1 0 0 0 1 0 0 0</i>
                <i>1 0 0 0 1 0 0 0 1 0 0 0</i>
                <i>1 0 0 0 1 0 0 0 1 0 0 0</i>
                <i>1 0 0 0 1 0 0 0 1 0 0 0</i>
                <i>1 0 0 0 1 0 0 0 1 0 0 0</i>
                <i>1 0 0 0 1 0 0 0 1 0 0 0</i>
                <i>1 0 0 0 1 0 0 0 1 0 0 0</i>
                <i>1 0 0 0 1 0 0 0 1 0 0 0</i>
                <i>1 0 0 0 1 0 0 0 1 0 0 0</i>
                <i>1 0 0 0 1 0 0 0 1 0 0 0</i>
                <i>1 0 0 0 1 0 0 0 1 0 0 0</i>
                <i>1 0 0 0 1 0 0 0 1 0 0 0</i>
            </KeyFrames>
        </RefFrame>
        <Bones count="20">
            <i>
                <p>
                    <Name><![CDATA[t80_root]]></Name>
                    <Exclude>1</Exclude>
                    <Additive>0</Additive>
                    <IKPriority>0</IKPriority>
                    <IKRotLimits>-1e+010 -1e+010 -1e+010 1e+010 1e+010 1e+010</IKRotLimits>
                    <IKRotLimitOrder>0</IKRotLimitOrder>
                    <KeyFrames count="61">
                        <i>1 0 0 0 1 0 0 0 1 0 0 0</i>
                        <i>1 0 0 0 1 0 0 0 1 0 0 0</i>
                        <i>1 0 0 0 1 0 0 0 1 0 0 0</i>
                        <i>1 0 0 0 1 0 0 0 1 0 0 0</i>
                        <i>1 0 0 0 1 0 0 0 1 0 0 0</i>
                        <i>1 0 0 0 1 0 0 0 1 0 0 0</i>
                        <i>1 0 0 0 1 0 0 0 1 0 0 0</i>
                        <i>1 0 0 0 1 0 0 0 1 0 0 0</i>
                        <i>1 0 0 0 1 0 0 0 1 0 0 0</i>
                        <i>1 0 0 0 1 0 0 0 1 0 0 0</i>
                        <i>1 0 0 0 1 0 0 0 1 0 0 0</i>
                        <i>1 0 0 0 1 0 0 0 1 0 0 0</i>
                        <i>1 0 0 0 1 0 0 0 1 0 0 0</i>
                        <i>1 0 0 0 1 0 0 0 1 0 0 0</i>
                        <i>1 0 0 0 1 0 0 0 1 0 0 0</i>
                        <i>1 0 0 0 1 0 0 0 1 0 0 0</i>
                        <i>1 0 0 0 1 0 0 0 1 0 0 0</i>
                        <i>1 0 0 0 1 0 0 0 1 0 0 0</i>
                        <i>1 0 0 0 1 0 0 0 1 0 0 0</i>
                        <i>1 0 0 0 1 0 0 0 1 0 0 0</i>
                        <i>1 0 0 0 1 0 0 0 1 0 0 0</i>
                        <i>1 0 0 0 1 0 0 0 1 0 0 0</i>
                        <i>1 0 0 0 1 0 0 0 1 0 0 0</i>
                        <i>1 0 0 0 1 0 0 0 1 0 0 0</i>
                        <i>1 0 0 0 1 0 0 0 1 0 0 0</i>
                        <i>1 0 0 0 1 0 0 0 1 0 0 0</i>
                        <i>1 0 0 0 1 0 0 0 1 0 0 0</i>
                        <i>1 0 0 0 1 0 0 0 1 0 0 0</i>
                        <i>1 0 0 0 1 0 0 0 1 0 0 0</i>
                        <i>1 0 0 0 1 0 0 0 1 0 0 0</i>
                        <i>1 0 0 0 1 0 0 0 1 0 0 0</i>
                        <i>1 0 0 0 1 0 0 0 1 0 0 0</i>
                        <i>1 0 0 0 1 0 0 0 1 0 0 0</i>
                        <i>1 0 0 0 1 0 0 0 1 0 0 0</i>
                        <i>1 0 0 0 1 0 0 0 1 0 0 0</i>
                        <i>1 0 0 0 1 0 0 0 1 0 0 0</i>
                        <i>1 0 0 0 1 0 0 0 1 0 0 0</i>
                        <i>1 0 0 0 1 0 0 0 1 0 0 0</i>
                        <i>1 0 0 0 1 0 0 0 1 0 0 0</i>
                        <i>1 0 0 0 1 0 0 0 1 0 0 0</i>
                        <i>1 0 0 0 1 0 0 0 1 0 0 0</i>
                        <i>1 0 0 0 1 0 0 0 1 0 0 0</i>
                        <i>1 0 0 0 1 0 0 0 1 0 0 0</i>
                        <i>1 0 0 0 1 0 0 0 1 0 0 0</i>
                        <i>1 0 0 0 1 0 0 0 1 0 0 0</i>
                        <i>1 0 0 0 1 0 0 0 1 0 0 0</i>
                        <i>1 0 0 0 1 0 0 0 1 0 0 0</i>
                        <i>1 0 0 0 1 0 0 0 1 0 0 0</i>
                        <i>1 0 0 0 1 0 0 0 1 0 0 0</i>
                        <i>1 0 0 0 1 0 0 0 1 0 0 0</i>
                        <i>1 0 0 0 1 0 0 0 1 0 0 0</i>
                        <i>1 0 0 0 1 0 0 0 1 0 0 0</i>
                        <i>1 0 0 0 1 0 0 0 1 0 0 0</i>
                        <i>1 0 0 0 1 0 0 0 1 0 0 0</i>
                        <i>1 0 0 0 1 0 0 0 1 0 0 0</i>
                        <i>1 0 0 0 1 0 0 0 1 0 0 0</i>
                        <i>1 0 0 0 1 0 0 0 1 0 0 0</i>
                        <i>1 0 0 0 1 0 0 0 1 0 0 0</i>
                        <i>1 0 0 0 1 0 0 0 1 0 0 0</i>
                        <i>1 0 0 0 1 0 0 0 1 0 0 0</i>
                        <i>1 0 0 0 1 0 0 0 1 0 0 0</i>
                    </KeyFrames>
                </p>
            </i>
            <i>
                <p>
                    <Name><![CDATA[l_tread]]></Name>
                    <Exclude>1</Exclude>
                    <Additive>0</Additive>
                    <IKPriority>1</IKPriority>
                    <IKRotLimits>-1e+010 -1e+010 -1e+010 1e+010 1e+010 1e+010</IKRotLimits>
                    <IKRotLimitOrder>0</IKRotLimitOrder>
                    <KeyFrames count="61">
                        <i>1 0 0 0 1 0 0 0 1 2.24938 0.569337 -2.73283</i>
                        <i>1 0 0 0 1 0 0 0 1 2.24938 0.569337 -2.73283</i>
                        <i>1 0 0 0 1 0 0 0 1 2.24938 0.569337 -2.73283</i>
                        <i>1 0 0 0 1 0 0 0 1 2.24938 0.569337 -2.73283</i>
                        <i>1 0 0 0 1 0 0 0 1 2.24938 0.569337 -2.73283</i>
                        <i>1 0 0 0 1 0 0 0 1 2.24938 0.569337 -2.73283</i>
                        <i>1 0 0 0 1 0 0 0 1 2.24938 0.569337 -2.73283</i>
                        <i>1 0 0 0 1 0 0 0 1 2.24938 0.569337 -2.73283</i>
                        <i>1 0 0 0 1 0 0 0 1 2.24938 0.569337 -2.73283</i>
                        <i>1 0 0 0 1 0 0 0 1 2.24938 0.569337 -2.73283</i>
                        <i>1 0 0 0 1 0 0 0 1 2.24938 0.569337 -2.73283</i>
                        <i>1 0 0 0 1 0 0 0 1 2.24938 0.569337 -2.73283</i>
                        <i>1 0 0 0 1 0 0 0 1 2.24938 0.569337 -2.73283</i>
                        <i>1 0 0 0 1 0 0 0 1 2.24938 0.569337 -2.73283</i>
                        <i>1 0 0 0 1 0 0 0 1 2.24938 0.569337 -2.73283</i>
                        <i>1 0 0 0 1 0 0 0 1 2.24938 0.569337 -2.73283</i>
                        <i>1 0 0 0 1 0 0 0 1 2.24938 0.569337 -2.73283</i>
                        <i>1 0 0 0 1 0 0 0 1 2.24938 0.569337 -2.73283</i>
                        <i>1 0 0 0 1 0 0 0 1 2.24938 0.569337 -2.73283</i>
                        <i>1 0 0 0 1 0 0 0 1 2.24938 0.569337 -2.73283</i>
                        <i>1 0 0 0 1 0 0 0 1 2.24938 0.569337 -2.73283</i>
                        <i>1 0 0 0 1 0 0 0 1 2.24938 0.569337 -2.73283</i>
                        <i>1 0 0 0 1 0 0 0 1 2.24938 0.569337 -2.73283</i>
                        <i>1 0 0 0 1 0 0 0 1 2.24938 0.569337 -2.73283</i>
                        <i>1 0 0 0 1 0 0 0 1 2.24938 0.569337 -2.73283</i>
                        <i>1 0 0 0 1 0 0 0 1 2.24938 0.569337 -2.73283</i>
                        <i>1 0 0 0 1 0 0 0 1 2.24938 0.569337 -2.73283</i>
                        <i>1 0 0 0 1 0 0 0 1 2.24938 0.569337 -2.73283</i>
                        <i>1 0 0 0 1 0 0 0 1 2.24938 0.569337 -2.73283</i>
                        <i>1 0 0 0 1 0 0 0 1 2.24938 0.569337 -2.73283</i>
                        <i>1 0 0 0 1 0 0 0 1 2.24938 0.569337 -2.73283</i>
                        <i>1 0 0 0 1 0 0 0 1 2.24938 0.569337 -2.73283</i>
                        <i>1 0 0 0 1 0 0 0 1 2.24938 0.569337 -2.73283</i>
                        <i>1 0 0 0 1 0 0 0 1 2.24938 0.569337 -2.73283</i>
                        <i>1 0 0 0 1 0 0 0 1 2.24938 0.569337 -2.73283</i>
                        <i>1 0 0 0 1 0 0 0 1 2.24938 0.569337 -2.73283</i>
                        <i>1 0 0 0 1 0 0 0 1 2.24938 0.569337 -2.73283</i>
                        <i>1 0 0 0 1 0 0 0 1 2.24938 0.569337 -2.73283</i>
                        <i>1 0 0 0 1 0 0 0 1 2.24938 0.569337 -2.73283</i>
                        <i>1 0 0 0 1 0 0 0 1 2.24938 0.569337 -2.73283</i>
                        <i>1 0 0 0 1 0 0 0 1 2.24938 0.569337 -2.73283</i>
                        <i>1 0 0 0 1 0 0 0 1 2.24938 0.569337 -2.73283</i>
                        <i>1 0 0 0 1 0 0 0 1 2.24938 0.569337 -2.73283</i>
                        <i>1 0 0 0 1 0 0 0 1 2.24938 0.569337 -2.73283</i>
                        <i>1 0 0 0 1 0 0 0 1 2.24938 0.569337 -2.73283</i>
                        <i>1 0 0 0 1 0 0 0 1 2.24938 0.569337 -2.73283</i>
                        <i>1 0 0 0 1 0 0 0 1 2.24938 0.569337 -2.73283</i>
                        <i>1 0 0 0 1 0 0 0 1 2.24938 0.569337 -2.73283</i>
                        <i>1 0 0 0 1 0 0 0 1 2.24938 0.569337 -2.73283</i>
                        <i>1 0 0 0 1 0 0 0 1 2.24938 0.569337 -2.73283</i>
                        <i>1 0 0 0 1 0 0 0 1 2.24938 0.569337 -2.73283</i>
                        <i>1 0 0 0 1 0 0 0 1 2.24938 0.569337 -2.73283</i>
                        <i>1 0 0 0 1 0 0 0 1 2.24938 0.569337 -2.73283</i>
                        <i>1 0 0 0 1 0 0 0 1 2.24938 0.569337 -2.73283</i>
                        <i>1 0 0 0 1 0 0 0 1 2.24938 0.569337 -2.73283</i>
                        <i>1 0 0 0 1 0 0 0 1 2.24938 0.569337 -2.73283</i>
                        <i>1 0 0 0 1 0 0 0 1 2.24938 0.569337 -2.73283</i>
                        <i>1 0 0 0 1 0 0 0 1 2.24938 0.569337 -2.73283</i>
                        <i>1 0 0 0 1 0 0 0 1 2.24938 0.569337 -2.73283</i>
                        <i>1 0 0 0 1 0 0 0 1 2.24938 0.569337 -2.73283</i>
                        <i>1 0 0 0 1 0 0 0 1 2.24938 0.569337 -2.73283</i>
                    </KeyFrames>
                </p>
            </i>
            <i>
                <p>
                    <Name><![CDATA[lwheel_1]]></Name>
                    <Exclude>1</Exclude>
                    <Additive>0</Additive>
                    <IKPriority>0</IKPriority>
                    <IKRotLimits>-1e+010 -1e+010 -1e+010 1e+010 1e+010 1e+010</IKRotLimits>
                    <IKRotLimitOrder>0</IKRotLimitOrder>
                    <KeyFrames count="61">
                        <i>1 0 0 0 1 0 0 0 1 2.38945 1.1664 4.28012</i>
                        <i>1 0 0 0 0.978148 0.207912 0 -0.207912 0.978148 2.38945 1.16036 4.28012</i>
                        <i>1 0 0 0 0.913545 0.406737 0 -0.406737 0.913545 2.38945 1.1709 4.28012</i>
                        <i>1 0 0 0 0.809017 0.587785 0 -0.587785 0.809017 2.38945 1.18112 4.28012</i>
                        <i>1 0 0 0 0.669131 0.743145 0 -0.743145 0.669131 2.38945 1.18533 4.28012</i>
                        <i>1 0 0 0 0.5 0.866025 0 -0.866025 0.5 2.38945 1.17443 4.28012</i>
                        <i>1 0 0 0 0.309017 0.951057 0 -0.951057 0.309017 2.38945 1.17161 4.28012</i>
                        <i>1 0 0 0 0.104528 0.994522 0 -0.994522 0.104528 2.38945 1.17073 4.28012</i>
                        <i>1 0 0 0 -0.104529 0.994522 0 -0.994522 -0.104529 2.38945 1.17353 4.28012</i>
                        <i>1 0 0 0 -0.309017 0.951056 0 -0.951056 -0.309017 2.38945 1.18081 4.28012</i>
                        <i>1 0 0 0 -0.5 0.866025 0 -0.866025 -0.5 2.38945 1.1768 4.28012</i>
                        <i>1 0 0 0 -0.669131 0.743145 0 -0.743145 -0.669131 2.38945 1.18131 4.28012</i>
                        <i>1 0 0 0 -0.809017 0.587785 0 -0.587785 -0.809017 2.38945 1.17088 4.28012</i>
                        <i>1 0 0 0 -0.913545 0.406737 0 -0.406737 -0.913545 2.38945 1.17525 4.28012</i>
                        <i>1 0 0 0 -0.978148 0.207912 0 -0.207912 -0.978148 2.38945 1.17198 4.28012</i>
                        <i>1 0 0 0 -1 -1.78502e-007 0 1.78502e-007 -1 2.38945 1.1789 4.28012</i>
                        <i>1 0 0 0 -0.978148 -0.207912 0 0.207912 -0.978148 2.38945 1.18059 4.28012</i>
                        <i>1 0 0 0 -0.913545 -0.406737 0 0.406737 -0.913545 2.38945 1.18258 4.28012</i>
                        <i>1 0 0 0 -0.809017 -0.587785 0 0.587785 -0.809017 2.38945 1.16967 4.28012</i>
                        <i>1 0 0 0 -0.669131 -0.743145 0 0.743145 -0.669131 2.38945 1.17381 4.28012</i>
                        <i>1 0 0 0 -0.5 -0.866025 0 0.866025 -0.5 2.38945 1.18497 4.28012</i>
                        <i>1 0 0 0 -0.309017 -0.951057 0 0.951057 -0.309017 2.38945 1.17886 4.28012</i>
                        <i>1 0 0 0 -0.104529 -0.994522 0 0.994522 -0.104529 2.38945 1.17994 4.28012</i>
                        <i>1 0 0 0 0.104529 -0.994522 0 0.994522 0.104529 2.38945 1.18354 4.28012</i>
                        <i>1 0 0 0 0.309017 -0.951057 0 0.951057 0.309017 2.38945 1.18012 4.28012</i>
                        <i>1 0 0 0 0.5 -0.866025 0 0.866025 0.5 2.38945 1.16669 4.28012</i>
                        <i>1 0 0 0 0.669131 -0.743145 0 0.743145 0.669131 2.38945 1.16775 4.28012</i>
                        <i>1 0 0 0 0.809017 -0.587785 0 0.587785 0.809017 2.38945 1.16284 4.28012</i>
                        <i>1 0 0 0 0.913545 -0.406737 0 0.406737 0.913545 2.38945 1.16987 4.28012</i>
                        <i>1 0 0 0 0.978148 -0.207912 0 0.207912 0.978148 2.38945 1.15705 4.28012</i>
                        <i>1 0 0 0 1 -1.0533e-007 0 1.0533e-007 1 2.38945 1.16015 4.28012</i>
                        <i>1 0 0 0 0.978148 0.207912 0 -0.207912 0.978148 2.38945 1.17237 4.28012</i>
                        <i>1 0 0 0 0.913545 0.406737 0 -0.406737 0.913545 2.38945 1.16797 4.28012</i>
                        <i>1 0 0 0 0.809017 0.587785 0 -0.587785 0.809017 2.38945 1.17412 4.28012</i>
                        <i>1 0 0 0 0.669131 0.743145 0 -0.743145 0.669131 2.38945 1.18579 4.28012</i>
                        <i>1 0 0 0 0.5 0.866026 0 -0.866026 0.5 2.38945 1.18252 4.28012</i>
                        <i>1 0 0 0 0.309017 0.951057 0 -0.951057 0.309017 2.38945 1.17582 4.28012</i>
                        <i>1 0 0 0 0.104528 0.994522 0 -0.994522 0.104528 2.38945 1.16526 4.28012</i>
                        <i>1 0 0 0 -0.104528 0.994522 -0 -0.994522 -0.104528 2.38945 1.17153 4.28012</i>
                        <i>1 0 0 0 -0.309017 0.951056 -0 -0.951056 -0.309017 2.38945 1.1756 4.28012</i>
                        <i>1 0 0 0 -0.5 0.866025 -0 -0.866025 -0.5 2.38945 1.18147 4.28012</i>
                        <i>1 0 0 0 -0.669131 0.743145 -0 -0.743145 -0.669131 2.38945 1.17633 4.28012</i>
                        <i>1 0 0 0 -0.809017 0.587785 -0 -0.587785 -0.809017 2.38945 1.17329 4.28012</i>
                        <i>1 0 0 0 -0.913546 0.406736 -0 -0.406736 -0.913546 2.38945 1.17047 4.28012</i>
                        <i>1 0 0 0 -0.978148 0.207912 -0 -0.207912 -0.978148 2.38945 1.17849 4.28012</i>
                        <i>1 0 0 0 -1 1.46556e-008 -0 -1.46556e-008 -1 2.38945 1.18599 4.28012</i>
                        <i>1 0 0 -0 -0.978148 -0.207912 0 0.207912 -0.978148 2.38945 1.18371 4.28012</i>
                        <i>1 0 0 -0 -0.913545 -0.406737 0 0.406737 -0.913545 2.38945 1.18196 4.28012</i>
                        <i>1 0 0 -0 -0.809017 -0.587785 0 0.587785 -0.809017 2.38945 1.18967 4.28012</i>
                        <i>1 0 0 -0 -0.669131 -0.743145 0 0.743145 -0.669131 2.38945 1.18253 4.28012</i>
                        <i>1 0 0 -0 -0.5 -0.866026 0 0.866026 -0.5 2.38945 1.17981 4.28012</i>
                        <i>1 0 0 -0 -0.309017 -0.951057 0 0.951057 -0.309017 2.38945 1.18547 4.28012</i>
                        <i>1 0 0 -0 -0.104528 -0.994522 0 0.994522 -0.104528 2.38945 1.17587 4.28012</i>
                        <i>1 0 0 0 0.104528 -0.994522 0 0.994522 0.104528 2.38945 1.17004 4.28012</i>
                        <i>1 0 0 0 0.309017 -0.951056 0 0.951056 0.309017 2.38945 1.17084 4.28012</i>
                        <i>1 0 0 0 0.5 -0.866025 0 0.866025 0.5 2.38945 1.17549 4.28012</i>
                        <i>1 0 0 0 0.669131 -0.743145 0 0.743145 0.669131 2.38945 1.17448 4.28012</i>
                        <i>1 0 0 0 0.809017 -0.587785 0 0.587785 0.809017 2.38945 1.1815 4.28012</i>
                        <i>1 0 0 0 0.913546 -0.406736 0 0.406736 0.913546 2.38945 1.1708 4.28012</i>
                        <i>1 0 0 0 0.978148 -0.207911 0 0.207911 0.978148 2.38945 1.18105 4.28012</i>
                        <i>1 0 0 0 1 0 0 0 1 2.38945 1.1712 4.28012</i>
                    </KeyFrames>
                </p>
            </i>
            <i>
                <p>
                    <Name><![CDATA[lwheel_2]]></Name>
                    <Exclude>1</Exclude>
                    <Additive>0</Additive>
                    <IKPriority>0</IKPriority>
                    <IKRotLimits>-1e+010 -1e+010 -1e+010 1e+010 1e+010 1e+010</IKRotLimits>
                    <IKRotLimitOrder>0</IKRotLimitOrder>
                    <KeyFrames count="61">
                        <i>1 0 0 0 0.403336 0.915052 0 -0.915052 0.403336 2.24938 0.561479 3.29936</i>
                        <i>1 0 0 0 0.204273 0.978914 0 -0.978914 0.204273 2.24938 0.562932 3.29936</i>
                        <i>1 0 0 0 -0.003719 0.999993 0 -0.999993 -0.003719 2.24938 0.562896 3.29936</i>
                        <i>1 0 0 0 -0.211548 0.977368 0 -0.977368 -0.211548 2.24938 0.560577 3.29936</i>
                        <i>1 0 0 0 -0.410131 0.912026 0 -0.912026 -0.410131 2.24938 0.558636 3.29936</i>
                        <i>1 0 0 0 -0.59079 0.806825 0 -0.806825 -0.59079 2.24938 0.567319 3.29936</i>
                        <i>1 0 0 0 -0.745628 0.666362 0 -0.666362 -0.745628 2.24938 0.573484 3.29936</i>
                        <i>1 0 0 0 -0.867879 0.496776 0 -0.496776 -0.867879 2.24938 0.580043 3.29936</i>
                        <i>1 0 0 0 -0.952199 0.305478 0 -0.305478 -0.952199 2.24938 0.573588 3.29936</i>
                        <i>1 0 0 0 -0.994904 0.100829 0 -0.100829 -0.994904 2.24938 0.577377 3.29936</i>
                        <i>1 0 0 0 -0.994126 -0.108226 0 0.108226 -0.994126 2.24938 0.573719 3.29936</i>
                        <i>1 0 0 0 -0.949901 -0.312552 0 0.312552 -0.949901 2.24938 0.575706 3.29936</i>
                        <i>1 0 0 0 -0.86416 -0.503217 0 0.503217 -0.86416 2.24938 0.577062 3.29936</i>
                        <i>1 0 0 0 -0.740651 -0.67189 0 0.67189 -0.740651 2.24938 0.57555 3.29936</i>
                        <i>1 0 0 0 -0.584772 -0.811197 0 0.811197 -0.584772 2.24938 0.582925 3.29936</i>
                        <i>1 0 0 0 -0.403336 -0.915052 0 0.915052 -0.403336 2.24938 0.570135 3.29936</i>
                        <i>1 0 0 0 -0.204273 -0.978914 0 0.978914 -0.204273 2.24938 0.567712 3.29936</i>
                        <i>1 0 0 0 0.00371917 -0.999993 0 0.999993 0.00371917 2.24938 0.560358 3.29936</i>
                        <i>1 0 0 0 0.211548 -0.977368 0 0.977368 0.211548 2.24938 0.561501 3.29936</i>
                        <i>1 0 0 0 0.410131 -0.912026 0 0.912026 0.410131 2.24938 0.559048 3.29936</i>
                        <i>1 0 0 0 0.59079 -0.806825 0 0.806825 0.59079 2.24938 0.568044 3.29936</i>
                        <i>1 0 0 0 0.745628 -0.666362 0 0.666362 0.745628 2.24938 0.570522 3.29936</i>
                        <i>1 0 0 0 0.867879 -0.496776 0 0.496776 0.867879 2.24938 0.566336 3.29936</i>
                        <i>1 0 0 0 0.952199 -0.305478 0 0.305478 0.952199 2.24938 0.575922 3.29936</i>
                        <i>1 0 0 0 0.994904 -0.100829 0 0.100829 0.994904 2.24938 0.583187 3.29936</i>
                        <i>1 0 0 0 0.994126 0.108226 0 -0.108226 0.994126 2.24938 0.573145 3.29936</i>
                        <i>1 0 0 0 0.949901 0.312552 0 -0.312552 0.949901 2.24938 0.565174 3.29936</i>
                        <i>1 0 0 0 0.86416 0.503217 0 -0.503217 0.86416 2.24938 0.57571 3.29936</i>
                        <i>1 0 0 0 0.740651 0.67189 0 -0.67189 0.740651 2.24938 0.568978 3.29936</i>
                        <i>1 0 0 0 0.584772 0.811197 0 -0.811197 0.584772 2.24938 0.557913 3.29936</i>
                        <i>1 0 0 0 0.403336 0.915052 0 -0.915052 0.403336 2.24938 0.553286 3.29936</i>
                        <i>1 0 0 0 0.204272 0.978914 0 -0.978914 0.204272 2.24938 0.572588 3.29936</i>
                        <i>1 0 0 0 -0.00371927 0.999993 -0 -0.999993 -0.00371927 2.24938 0.570486 3.29936</i>
                        <i>1 0 0 0 -0.211548 0.977368 -0 -0.977368 -0.211548 2.24938 0.562665 3.29936</i>
                        <i>1 0 0 0 -0.410131 0.912027 -0 -0.912027 -0.410131 2.24938 0.568543 3.29936</i>
                        <i>1 0 0 0 -0.59079 0.806825 -0 -0.806825 -0.59079 2.24938 0.577035 3.29936</i>
                        <i>1 0 0 0 -0.745628 0.666362 -0 -0.666362 -0.745628 2.24938 0.574757 3.29936</i>
                        <i>1 0 0 0 -0.867879 0.496776 -0 -0.496776 -0.867879 2.24938 0.568325 3.29936</i>
                        <i>1 0 0 0 -0.952199 0.305478 -0 -0.305478 -0.952199 2.24938 0.564976 3.29936</i>
                        <i>1 0 0 0 -0.994904 0.100829 -0 -0.100829 -0.994904 2.24938 0.560846 3.29936</i>
                        <i>1 0 0 -0 -0.994126 -0.108227 0 0.108227 -0.994126 2.24938 0.562226 3.29936</i>
                        <i>1 0 0 -0 -0.949901 -0.312552 0 0.312552 -0.949901 2.24938 0.564451 3.29936</i>
                        <i>1 0 0 -0 -0.86416 -0.503217 0 0.503217 -0.86416 2.24938 0.556293 3.29936</i>
                        <i>1 0 0 -0 -0.740651 -0.67189 0 0.67189 -0.740651 2.24938 0.556585 3.29936</i>
                        <i>1 0 0 -0 -0.584772 -0.811197 0 0.811197 -0.584772 2.24938 0.560456 3.29936</i>
                        <i>1 0 0 -0 -0.403336 -0.915052 0 0.915052 -0.403336 2.24938 0.574821 3.29936</i>
                        <i>1 0 0 -0 -0.204272 -0.978914 0 0.978914 -0.204272 2.24938 0.573541 3.29936</i>
                        <i>1 0 0 0 0.00371935 -0.999993 0 0.999993 0.00371935 2.24938 0.574752 3.29936</i>
                        <i>1 0 0 0 0.211548 -0.977368 0 0.977368 0.211548 2.24938 0.577949 3.29936</i>
                        <i>1 0 0 0 0.410131 -0.912027 0 0.912027 0.410131 2.24938 0.577299 3.29936</i>
                        <i>1 0 0 0 0.59079 -0.806825 0 0.806825 0.59079 2.24938 0.562398 3.29936</i>
                        <i>1 0 0 0 0.745628 -0.666362 0 0.666362 0.745628 2.24938 0.560841 3.29936</i>
                        <i>1 0 0 0 0.867879 -0.496776 0 0.496776 0.867879 2.24938 0.569365 3.29936</i>
                        <i>1 0 0 0 0.952199 -0.305478 0 0.305478 0.952199 2.24938 0.566648 3.29936</i>
                        <i>1 0 0 0 0.994904 -0.100829 0 0.100829 0.994904 2.24938 0.569019 3.29936</i>
                        <i>1 0 0 0 0.994126 0.108227 0 -0.108227 0.994126 2.24938 0.571969 3.29936</i>
                        <i>1 0 0 0 0.949901 0.312552 0 -0.312552 0.949901 2.24938 0.560533 3.29936</i>
                        <i>1 0 0 0 0.86416 0.503217 0 -0.503217 0.86416 2.24938 0.550012 3.29936</i>
                        <i>1 0 0 0 0.740651 0.67189 0 -0.67189 0.740651 2.24938 0.563914 3.29936</i>
                        <i>1 0 0 0 0.584772 0.811198 0 -0.811198 0.584772 2.24938 0.568258 3.29936</i>
                        <i>1 0 0 0 0.403336 0.915052 0 -0.915052 0.403336 2.24938 0.567831 3.29936</i>
                    </KeyFrames>
                </p>
            </i>
            <i>
                <p>
                    <Name><![CDATA[lwheel_3]]></Name>
                    <Exclude>1</Exclude>
                    <Additive>0</Additive>
                    <IKPriority>0</IKPriority>
                    <IKRotLimits>-1e+010 -1e+010 -1e+010 1e+010 1e+010 1e+010</IKRotLimits>
                    <IKRotLimitOrder>0</IKRotLimitOrder>
                    <KeyFrames count="61">
                        <i>1 0 0 0 0.907558 -0.419926 0 0.419926 0.907558 2.24938 0.565421 2.13795</i>
                        <i>1 0 0 0 0.975034 -0.222057 0 0.222057 0.975034 2.24938 0.569274 2.13795</i>
                        <i>1 0 0 0 0.999895 -0.0144841 0 0.0144841 0.999895 2.24938 0.566448 2.13795</i>
                        <i>1 0 0 0 0.981056 0.193722 0 -0.193722 0.981056 2.24938 0.563614 2.13795</i>
                        <i>1 0 0 0 0.919341 0.393462 0 -0.393462 0.919341 2.24938 0.563613 2.13795</i>
                        <i>1 0 0 0 0.817446 0.576006 0 -0.576006 0.817446 2.24938 0.56613 2.13795</i>
                        <i>1 0 0 0 0.679824 0.733375 0 -0.733375 0.679824 2.24938 0.566184 2.13795</i>
                        <i>1 0 0 0 0.512491 0.858693 0 -0.858693 0.512491 2.24938 0.573545 2.13795</i>
                        <i>1 0 0 0 0.32276 0.946481 0 -0.946481 0.32276 2.24938 0.568886 2.13795</i>
                        <i>1 0 0 0 0.118922 0.992904 0 -0.992904 0.118922 2.24938 0.569047 2.13795</i>
                        <i>1 0 0 0 -0.0901128 0.995932 0 -0.995932 -0.0901128 2.24938 0.563933 2.13795</i>
                        <i>1 0 0 0 -0.295209 0.955433 0 -0.955433 -0.295209 2.24938 0.560965 2.13795</i>
                        <i>1 0 0 0 -0.487404 0.873177 0 -0.873177 -0.487404 2.24938 0.562264 2.13795</i>
                        <i>1 0 0 0 -0.658297 0.752759 0 -0.752759 -0.658297 2.24938 0.560002 2.13795</i>
                        <i>1 0 0 0 -0.800419 0.599441 0 -0.599441 -0.800419 2.24938 0.553909 2.13795</i>
                        <i>1 0 0 0 -0.907559 0.419926 0 -0.419926 -0.907559 2.24938 0.567562 2.13795</i>
                        <i>1 0 0 0 -0.975034 0.222057 0 -0.222057 -0.975034 2.24938 0.571925 2.13795</i>
                        <i>1 0 0 0 -0.999895 0.0144839 0 -0.0144839 -0.999895 2.24938 0.564655 2.13795</i>
                        <i>1 0 0 0 -0.981056 -0.193722 0 0.193722 -0.981056 2.24938 0.556389 2.13795</i>
                        <i>1 0 0 0 -0.919341 -0.393462 0 0.393462 -0.919341 2.24938 0.571145 2.13795</i>
                        <i>1 0 0 0 -0.817446 -0.576006 0 0.576006 -0.817446 2.24938 0.580716 2.13795</i>
                        <i>1 0 0 0 -0.679824 -0.733375 0 0.733375 -0.679824 2.24938 0.571902 2.13795</i>
                        <i>1 0 0 0 -0.512491 -0.858692 0 0.858692 -0.512491 2.24938 0.563188 2.13795</i>
                        <i>1 0 0 0 -0.32276 -0.946481 0 0.946481 -0.32276 2.24938 0.567046 2.13795</i>
                        <i>1 0 0 0 -0.118922 -0.992904 0 0.992904 -0.118922 2.24938 0.572936 2.13795</i>
                        <i>1 0 0 0 0.0901129 -0.995932 0 0.995932 0.0901129 2.24938 0.568138 2.13795</i>
                        <i>1 0 0 0 0.295209 -0.955433 0 0.955433 0.295209 2.24938 0.572003 2.13795</i>
                        <i>1 0 0 0 0.487404 -0.873177 0 0.873177 0.487404 2.24938 0.58179 2.13795</i>
                        <i>1 0 0 0 0.658297 -0.752759 0 0.752759 0.658297 2.24938 0.571609 2.13795</i>
                        <i>1 0 0 0 0.800419 -0.599441 0 0.599441 0.800419 2.24938 0.557644 2.13795</i>
                        <i>1 0 0 0 0.907558 -0.419926 0 0.419926 0.907558 2.24938 0.561692 2.13795</i>
                        <i>1 0 0 0 0.975034 -0.222057 0 0.222057 0.975034 2.24938 0.561141 2.13795</i>
                        <i>1 0 0 0 0.999895 -0.0144838 0 0.0144838 0.999895 2.24938 0.566476 2.13795</i>
                        <i>1 0 0 0 0.981056 0.193722 0 -0.193722 0.981056 2.24938 0.568951 2.13795</i>
                        <i>1 0 0 0 0.919341 0.393462 0 -0.393462 0.919341 2.24938 0.567183 2.13795</i>
                        <i>1 0 0 0 0.817445 0.576006 0 -0.576006 0.817445 2.24938 0.558764 2.13795</i>
                        <i>1 0 0 0 0.679824 0.733375 0 -0.733375 0.679824 2.24938 0.566937 2.13795</i>
                        <i>1 0 0 0 0.512491 0.858693 0 -0.858693 0.512491 2.24938 0.568713 2.13795</i>
                        <i>1 0 0 0 0.32276 0.946481 0 -0.946481 0.32276 2.24938 0.573937 2.13795</i>
                        <i>1 0 0 0 0.118922 0.992904 0 -0.992904 0.118922 2.24938 0.572113 2.13795</i>
                        <i>1 0 0 0 -0.090113 0.995932 -0 -0.995932 -0.090113 2.24938 0.57328 2.13795</i>
                        <i>1 0 0 0 -0.295209 0.955433 -0 -0.955433 -0.295209 2.24938 0.577746 2.13795</i>
                        <i>1 0 0 0 -0.487404 0.873177 -0 -0.873177 -0.487404 2.24938 0.571935 2.13795</i>
                        <i>1 0 0 0 -0.658297 0.752758 -0 -0.752758 -0.658297 2.24938 0.570895 2.13795</i>
                        <i>1 0 0 0 -0.800419 0.599441 -0 -0.599441 -0.800419 2.24938 0.568815 2.13795</i>
                        <i>1 0 0 0 -0.907558 0.419926 -0 -0.419926 -0.907558 2.24938 0.559015 2.13795</i>
                        <i>1 0 0 0 -0.975034 0.222057 -0 -0.222057 -0.975034 2.24938 0.5626 2.13795</i>
                        <i>1 0 0 0 -0.999895 0.0144838 -0 -0.0144838 -0.999895 2.24938 0.567873 2.13795</i>
                        <i>1 0 0 -0 -0.981056 -0.193722 0 0.193722 -0.981056 2.24938 0.578315 2.13795</i>
                        <i>1 0 0 -0 -0.919341 -0.393462 0 0.393462 -0.919341 2.24938 0.567304 2.13795</i>
                        <i>1 0 0 -0 -0.817445 -0.576006 0 0.576006 -0.817445 2.24938 0.563275 2.13795</i>
                        <i>1 0 0 -0 -0.679824 -0.733375 0 0.733375 -0.679824 2.24938 0.564334 2.13795</i>
                        <i>1 0 0 -0 -0.512491 -0.858693 0 0.858693 -0.512491 2.24938 0.566433 2.13795</i>
                        <i>1 0 0 -0 -0.32276 -0.946481 0 0.946481 -0.32276 2.24938 0.561846 2.13795</i>
                        <i>1 0 0 -0 -0.118922 -0.992904 0 0.992904 -0.118922 2.24938 0.563812 2.13795</i>
                        <i>1 0 0 0 0.090113 -0.995932 0 0.995932 0.090113 2.24938 0.57281 2.13795</i>
                        <i>1 0 0 0 0.295209 -0.955433 0 0.955433 0.295209 2.24938 0.571293 2.13795</i>
                        <i>1 0 0 0 0.487404 -0.873177 0 0.873177 0.487404 2.24938 0.571139 2.13795</i>
                        <i>1 0 0 0 0.658297 -0.752758 0 0.752758 0.658297 2.24938 0.577219 2.13795</i>
                        <i>1 0 0 0 0.800419 -0.599441 0 0.599441 0.800419 2.24938 0.57554 2.13795</i>
                        <i>1 0 0 0 0.907558 -0.419926 0 0.419926 0.907558 2.24938 0.571237 2.13795</i>
                    </KeyFrames>
                </p>
            </i>
            <i>
                <p>
                    <Name><![CDATA[lwheel_4]]></Name>
                    <Exclude>1</Exclude>
                    <Additive>0</Additive>
                    <IKPriority>0</IKPriority>
                    <IKRotLimits>-1e+010 -1e+010 -1e+010 1e+010 1e+010 1e+010</IKRotLimits>
                    <IKRotLimitOrder>0</IKRotLimitOrder>
                    <KeyFrames count="61">
                        <i>1 0 0 0 -0.922242 0.386613 0 -0.386613 -0.922242 2.24938 0.5715 0.870071</i>
                        <i>1 0 0 0 -0.98247 0.18642 0 -0.18642 -0.98247 2.24938 0.569467 0.870071</i>
                        <i>1 0 0 0 -0.99976 -0.0219209 0 0.0219209 -0.99976 2.24938 0.570285 0.870071</i>
                        <i>1 0 0 0 -0.973355 -0.229304 0 0.229304 -0.973355 2.24938 0.57499 0.870071</i>
                        <i>1 0 0 0 -0.90441 -0.426665 0 0.426665 -0.90441 2.24938 0.574909 0.870071</i>
                        <i>1 0 0 0 -0.795938 -0.605378 0 0.605378 -0.795938 2.24938 0.570537 0.870071</i>
                        <i>1 0 0 0 -0.652679 -0.757634 0 0.757634 -0.652679 2.24938 0.567563 0.870071</i>
                        <i>1 0 0 0 -0.480896 -0.876778 0 0.876778 -0.480896 2.24938 0.575818 0.870071</i>
                        <i>1 0 0 0 -0.288095 -0.957602 0 0.957602 -0.288095 2.24938 0.579536 0.870071</i>
                        <i>1 0 0 0 -0.0827025 -0.996574 0 0.996574 -0.0827025 2.24938 0.567351 0.870071</i>
                        <i>1 0 0 0 0.126304 -0.991992 0 0.991992 0.126304 2.24938 0.572157 0.870071</i>
                        <i>1 0 0 0 0.329791 -0.944054 0 0.944054 0.329791 2.24938 0.568001 0.870071</i>
                        <i>1 0 0 0 0.518864 -0.854857 0 0.854857 0.518864 2.24938 0.563462 0.870071</i>
                        <i>1 0 0 0 0.68526 -0.728298 0 0.728298 0.68526 2.24938 0.567393 0.870071</i>
                        <i>1 0 0 0 0.821707 -0.56991 0 0.56991 0.821707 2.24938 0.574876 0.870071</i>
                        <i>1 0 0 0 0.922242 -0.386613 0 0.386613 0.922242 2.24938 0.566431 0.870071</i>
                        <i>1 0 0 0 0.98247 -0.18642 0 0.18642 0.98247 2.24938 0.561632 0.870071</i>
                        <i>1 0 0 0 0.99976 0.021921 0 -0.021921 0.99976 2.24938 0.566264 0.870071</i>
                        <i>1 0 0 0 0.973355 0.229304 0 -0.229304 0.973355 2.24938 0.563182 0.870071</i>
                        <i>1 0 0 0 0.90441 0.426665 0 -0.426665 0.90441 2.24938 0.567014 0.870071</i>
                        <i>1 0 0 0 0.795938 0.605378 0 -0.605378 0.795938 2.24938 0.57614 0.870071</i>
                        <i>1 0 0 0 0.652679 0.757634 0 -0.757634 0.652679 2.24938 0.57108 0.870071</i>
                        <i>1 0 0 0 0.480896 0.876778 0 -0.876778 0.480896 2.24938 0.575304 0.870071</i>
                        <i>1 0 0 0 0.288095 0.957602 0 -0.957602 0.288095 2.24938 0.576715 0.870071</i>
                        <i>1 0 0 0 0.0827026 0.996574 0 -0.996574 0.0827026 2.24938 0.57109 0.870071</i>
                        <i>1 0 0 0 -0.126304 0.991992 -0 -0.991992 -0.126304 2.24938 0.576478 0.870071</i>
                        <i>1 0 0 0 -0.329791 0.944054 -0 -0.944054 -0.329791 2.24938 0.57627 0.870071</i>
                        <i>1 0 0 0 -0.518864 0.854857 -0 -0.854857 -0.518864 2.24938 0.567704 0.870071</i>
                        <i>1 0 0 0 -0.68526 0.728298 -0 -0.728298 -0.68526 2.24938 0.57353 0.870071</i>
                        <i>1 0 0 0 -0.821707 0.56991 -0 -0.56991 -0.821707 2.24938 0.590226 0.870071</i>
                        <i>1 0 0 0 -0.922242 0.386613 -0 -0.386613 -0.922242 2.24938 0.59591 0.870071</i>
                        <i>1 0 0 0 -0.98247 0.186419 -0 -0.186419 -0.98247 2.24938 0.587995 0.870071</i>
                        <i>1 0 0 -0 -0.99976 -0.0219211 0 0.0219211 -0.99976 2.24938 0.580258 0.870071</i>
                        <i>1 0 0 -0 -0.973355 -0.229304 0 0.229304 -0.973355 2.24938 0.58175 0.870071</i>
                        <i>1 0 0 -0 -0.90441 -0.426665 0 0.426665 -0.90441 2.24938 0.579608 0.870071</i>
                        <i>1 0 0 -0 -0.795938 -0.605379 0 0.605379 -0.795938 2.24938 0.570105 0.870071</i>
                        <i>1 0 0 -0 -0.652679 -0.757634 0 0.757634 -0.652679 2.24938 0.566411 0.870071</i>
                        <i>1 0 0 -0 -0.480896 -0.876778 0 0.876778 -0.480896 2.24938 0.568669 0.870071</i>
                        <i>1 0 0 -0 -0.288095 -0.957602 0 0.957602 -0.288095 2.24938 0.574293 0.870071</i>
                        <i>1 0 0 -0 -0.0827021 -0.996574 0 0.996574 -0.0827021 2.24938 0.58282 0.870071</i>
                        <i>1 0 0 0 0.126304 -0.991992 0 0.991992 0.126304 2.24938 0.575554 0.870071</i>
                        <i>1 0 0 0 0.329791 -0.944054 0 0.944054 0.329791 2.24938 0.572463 0.870071</i>
                        <i>1 0 0 0 0.518864 -0.854857 0 0.854857 0.518864 2.24938 0.567192 0.870071</i>
                        <i>1 0 0 0 0.68526 -0.728298 0 0.728298 0.68526 2.24938 0.556056 0.870071</i>
                        <i>1 0 0 0 0.821707 -0.56991 0 0.56991 0.821707 2.24938 0.560376 0.870071</i>
                        <i>1 0 0 0 0.922242 -0.386613 0 0.386613 0.922242 2.24938 0.572564 0.870071</i>
                        <i>1 0 0 0 0.98247 -0.186419 0 0.186419 0.98247 2.24938 0.571682 0.870071</i>
                        <i>1 0 0 0 0.99976 0.0219212 0 -0.0219212 0.99976 2.24938 0.560558 0.870071</i>
                        <i>1 0 0 0 0.973355 0.229304 0 -0.229304 0.973355 2.24938 0.556671 0.870071</i>
                        <i>1 0 0 0 0.90441 0.426665 0 -0.426665 0.90441 2.24938 0.546062 0.870071</i>
                        <i>1 0 0 0 0.795938 0.605379 0 -0.605379 0.795938 2.24938 0.552109 0.870071</i>
                        <i>1 0 0 0 0.652679 0.757634 0 -0.757634 0.652679 2.24938 0.566958 0.870071</i>
                        <i>1 0 0 0 0.480896 0.876778 0 -0.876778 0.480896 2.24938 0.563835 0.870071</i>
                        <i>1 0 0 0 0.288095 0.957602 0 -0.957602 0.288095 2.24938 0.562749 0.870071</i>
                        <i>1 0 0 0 0.0827021 0.996574 0 -0.996574 0.0827021 2.24938 0.558062 0.870071</i>
                        <i>1 0 0 0 -0.126304 0.991992 0 -0.991992 -0.126304 2.24938 0.552059 0.870071</i>
                        <i>1 0 0 0 -0.329791 0.944054 0 -0.944054 -0.329791 2.24938 0.568109 0.870071</i>
                        <i>1 0 0 0 -0.518864 0.854857 0 -0.854857 -0.518864 2.24938 0.580105 0.870071</i>
                        <i>1 0 0 0 -0.685261 0.728298 0 -0.728298 -0.685261 2.24938 0.572823 0.870071</i>
                        <i>1 0 0 0 -0.821707 0.569909 0 -0.569909 -0.821707 2.24938 0.569089 0.870071</i>
                        <i>1 0 0 0 -0.922242 0.386613 0 -0.386613 -0.922242 2.24938 0.575218 0.870071</i>
                    </KeyFrames>
                </p>
            </i>
            <i>
                <p>
                    <Name><![CDATA[lwheel_5]]></Name>
                    <Exclude>1</Exclude>
                    <Additive>0</Additive>
                    <IKPriority>0</IKPriority>
                    <IKRotLimits>-1e+010 -1e+010 -1e+010 1e+010 1e+010 1e+010</IKRotLimits>
