<?xml version="1.0" encoding="ISO-8859-1" ?>
<Animl Version="1">
    <ModellingPackage><![CDATA[Maya.2010]]></ModellingPackage>
    <SrcFile><![CDATA[anims\turrets\machinegun\red\~src\mgun_pkp\mgun_pkp_idle.mb]]></SrcFile>
    <FramesPerSecond>30</FramesPerSecond>
    <TotalFrames>97</TotalFrames>
    <Skeleton>
        <RefFrame>
            <Name><![CDATA[mgun_pkp_ref_frame]]></Name>
            <Exclude>0</Exclude>
            <Additive>0</Additive>
            <IKPriority>0</IKPriority>
            <IKRotLimits>-1e+010 -1e+010 -1e+010 1e+010 1e+010 1e+010</IKRotLimits>
            <IKRotLimitOrder>0</IKRotLimitOrder>
            <KeyFrames count="97">
                <i>1 0 0 0 1 0 0 0 1 -0.18 0.95 0.79</i>
                <i>1 0 0 0 1 0 0 0 1 -0.18 0.95 0.79</i>
                <i>1 0 0 0 1 0 0 0 1 -0.18 0.95 0.79</i>
                <i>1 0 0 0 1 0 0 0 1 -0.18 0.95 0.79</i>
                <i>1 0 0 0 1 0 0 0 1 -0.18 0.95 0.79</i>
                <i>1 0 0 0 1 0 0 0 1 -0.18 0.95 0.79</i>
                <i>1 0 0 0 1 0 0 0 1 -0.18 0.95 0.79</i>
                <i>1 0 0 0 1 0 0 0 1 -0.18 0.95 0.79</i>
                <i>1 0 0 0 1 0 0 0 1 -0.18 0.95 0.79</i>
                <i>1 0 0 0 1 0 0 0 1 -0.18 0.95 0.79</i>
                <i>1 0 0 0 1 0 0 0 1 -0.18 0.95 0.79</i>
                <i>1 0 0 0 1 0 0 0 1 -0.18 0.95 0.79</i>
                <i>1 0 0 0 1 0 0 0 1 -0.18 0.95 0.79</i>
                <i>1 0 0 0 1 0 0 0 1 -0.18 0.95 0.79</i>
                <i>1 0 0 0 1 0 0 0 1 -0.18 0.95 0.79</i>
                <i>1 0 0 0 1 0 0 0 1 -0.18 0.95 0.79</i>
                <i>1 0 0 0 1 0 0 0 1 -0.18 0.95 0.79</i>
                <i>1 0 0 0 1 0 0 0 1 -0.18 0.95 0.79</i>
                <i>1 0 0 0 1 0 0 0 1 -0.18 0.95 0.79</i>
                <i>1 0 0 0 1 0 0 0 1 -0.18 0.95 0.79</i>
                <i>1 0 0 0 1 0 0 0 1 -0.18 0.95 0.79</i>
                <i>1 0 0 0 1 0 0 0 1 -0.18 0.95 0.79</i>
                <i>1 0 0 0 1 0 0 0 1 -0.18 0.95 0.79</i>
                <i>1 0 0 0 1 0 0 0 1 -0.18 0.95 0.79</i>
                <i>1 0 0 0 1 0 0 0 1 -0.18 0.95 0.79</i>
                <i>1 0 0 0 1 0 0 0 1 -0.18 0.95 0.79</i>
                <i>1 0 0 0 1 0 0 0 1 -0.18 0.95 0.79</i>
                <i>1 0 0 0 1 0 0 0 1 -0.18 0.95 0.79</i>
                <i>1 0 0 0 1 0 0 0 1 -0.18 0.95 0.79</i>
                <i>1 0 0 0 1 0 0 0 1 -0.18 0.95 0.79</i>
                <i>1 0 0 0 1 0 0 0 1 -0.18 0.95 0.79</i>
                <i>1 0 0 0 1 0 0 0 1 -0.18 0.95 0.79</i>
                <i>1 0 0 0 1 0 0 0 1 -0.18 0.95 0.79</i>
                <i>1 0 0 0 1 0 0 0 1 -0.18 0.95 0.79</i>
                <i>1 0 0 0 1 0 0 0 1 -0.18 0.95 0.79</i>
                <i>1 0 0 0 1 0 0 0 1 -0.18 0.95 0.79</i>
                <i>1 0 0 0 1 0 0 0 1 -0.18 0.95 0.79</i>
                <i>1 0 0 0 1 0 0 0 1 -0.18 0.95 0.79</i>
                <i>1 0 0 0 1 0 0 0 1 -0.18 0.95 0.79</i>
                <i>1 0 0 0 1 0 0 0 1 -0.18 0.95 0.79</i>
                <i>1 0 0 0 1 0 0 0 1 -0.18 0.95 0.79</i>
                <i>1 0 0 0 1 0 0 0 1 -0.18 0.95 0.79</i>
                <i>1 0 0 0 1 0 0 0 1 -0.18 0.95 0.79</i>
                <i>1 0 0 0 1 0 0 0 1 -0.18 0.95 0.79</i>
                <i>1 0 0 0 1 0 0 0 1 -0.18 0.95 0.79</i>
                <i>1 0 0 0 1 0 0 0 1 -0.18 0.95 0.79</i>
                <i>1 0 0 0 1 0 0 0 1 -0.18 0.95 0.79</i>
                <i>1 0 0 0 1 0 0 0 1 -0.18 0.95 0.79</i>
                <i>1 0 0 0 1 0 0 0 1 -0.18 0.95 0.79</i>
                <i>1 0 0 0 1 0 0 0 1 -0.18 0.95 0.79</i>
                <i>1 0 0 0 1 0 0 0 1 -0.18 0.95 0.79</i>
                <i>1 0 0 0 1 0 0 0 1 -0.18 0.95 0.79</i>
                <i>1 0 0 0 1 0 0 0 1 -0.18 0.95 0.79</i>
                <i>1 0 0 0 1 0 0 0 1 -0.18 0.95 0.79</i>
                <i>1 0 0 0 1 0 0 0 1 -0.18 0.95 0.79</i>
                <i>1 0 0 0 1 0 0 0 1 -0.18 0.95 0.79</i>
                <i>1 0 0 0 1 0 0 0 1 -0.18 0.95 0.79</i>
                <i>1 0 0 0 1 0 0 0 1 -0.18 0.95 0.79</i>
                <i>1 0 0 0 1 0 0 0 1 -0.18 0.95 0.79</i>
                <i>1 0 0 0 1 0 0 0 1 -0.18 0.95 0.79</i>
                <i>1 0 0 0 1 0 0 0 1 -0.18 0.95 0.79</i>
                <i>1 0 0 0 1 0 0 0 1 -0.18 0.95 0.79</i>
                <i>1 0 0 0 1 0 0 0 1 -0.18 0.95 0.79</i>
                <i>1 0 0 0 1 0 0 0 1 -0.18 0.95 0.79</i>
                <i>1 0 0 0 1 0 0 0 1 -0.18 0.95 0.79</i>
                <i>1 0 0 0 1 0 0 0 1 -0.18 0.95 0.79</i>
                <i>1 0 0 0 1 0 0 0 1 -0.18 0.95 0.79</i>
                <i>1 0 0 0 1 0 0 0 1 -0.18 0.95 0.79</i>
                <i>1 0 0 0 1 0 0 0 1 -0.18 0.95 0.79</i>
                <i>1 0 0 0 1 0 0 0 1 -0.18 0.95 0.79</i>
                <i>1 0 0 0 1 0 0 0 1 -0.18 0.95 0.79</i>
                <i>1 0 0 0 1 0 0 0 1 -0.18 0.95 0.79</i>
                <i>1 0 0 0 1 0 0 0 1 -0.18 0.95 0.79</i>
                <i>1 0 0 0 1 0 0 0 1 -0.18 0.95 0.79</i>
                <i>1 0 0 0 1 0 0 0 1 -0.18 0.95 0.79</i>
                <i>1 0 0 0 1 0 0 0 1 -0.18 0.95 0.79</i>
                <i>1 0 0 0 1 0 0 0 1 -0.18 0.95 0.79</i>
                <i>1 0 0 0 1 0 0 0 1 -0.18 0.95 0.79</i>
                <i>1 0 0 0 1 0 0 0 1 -0.18 0.95 0.79</i>
                <i>1 0 0 0 1 0 0 0 1 -0.18 0.95 0.79</i>
                <i>1 0 0 0 1 0 0 0 1 -0.18 0.95 0.79</i>
                <i>1 0 0 0 1 0 0 0 1 -0.18 0.95 0.79</i>
                <i>1 0 0 0 1 0 0 0 1 -0.18 0.95 0.79</i>
                <i>1 0 0 0 1 0 0 0 1 -0.18 0.95 0.79</i>
                <i>1 0 0 0 1 0 0 0 1 -0.18 0.95 0.79</i>
                <i>1 0 0 0 1 0 0 0 1 -0.18 0.95 0.79</i>
                <i>1 0 0 0 1 0 0 0 1 -0.18 0.95 0.79</i>
                <i>1 0 0 0 1 0 0 0 1 -0.18 0.95 0.79</i>
                <i>1 0 0 0 1 0 0 0 1 -0.18 0.95 0.79</i>
                <i>1 0 0 0 1 0 0 0 1 -0.18 0.95 0.79</i>
                <i>1 0 0 0 1 0 0 0 1 -0.18 0.95 0.79</i>
                <i>1 0 0 0 1 0 0 0 1 -0.18 0.95 0.79</i>
                <i>1 0 0 0 1 0 0 0 1 -0.18 0.95 0.79</i>
                <i>1 0 0 0 1 0 0 0 1 -0.18 0.95 0.79</i>
                <i>1 0 0 0 1 0 0 0 1 -0.18 0.95 0.79</i>
                <i>1 0 0 0 1 0 0 0 1 -0.18 0.95 0.79</i>
                <i>1 0 0 0 1 0 0 0 1 -0.18 0.95 0.79</i>
            </KeyFrames>
        </RefFrame>
        <Bones count="18">
            <i>
                <p>
                    <Name><![CDATA[mgun_pkp_root]]></Name>
                    <Exclude>0</Exclude>
                    <Additive>0</Additive>
                    <IKPriority>0</IKPriority>
                    <IKRotLimits>-1e+010 -1e+010 -1e+010 1e+010 1e+010 1e+010</IKRotLimits>
                    <IKRotLimitOrder>0</IKRotLimitOrder>
                    <KeyFrames count="97">
                        <i>1 0 0 0 1 0 0 0 1 -0.179208 0.94458 0.789494</i>
                        <i>1 0 0 0 1 0 0 0 1 -0.179208 0.94458 0.789494</i>
                        <i>1 0 0 0 1 0 0 0 1 -0.179208 0.94458 0.789494</i>
                        <i>1 0 0 0 1 0 0 0 1 -0.179208 0.94458 0.789494</i>
                        <i>1 0 0 0 1 0 0 0 1 -0.179208 0.94458 0.789494</i>
                        <i>1 0 0 0 1 0 0 0 1 -0.179208 0.94458 0.789494</i>
                        <i>1 0 0 0 1 0 0 0 1 -0.179208 0.94458 0.789494</i>
                        <i>1 0 0 0 1 0 0 0 1 -0.179208 0.94458 0.789494</i>
                        <i>1 0 0 0 1 0 0 0 1 -0.179208 0.94458 0.789494</i>
                        <i>1 0 0 0 1 0 0 0 1 -0.179208 0.94458 0.789494</i>
                        <i>1 0 0 0 1 0 0 0 1 -0.179208 0.94458 0.789494</i>
                        <i>1 0 0 0 1 0 0 0 1 -0.179208 0.94458 0.789494</i>
                        <i>1 0 0 0 1 0 0 0 1 -0.179208 0.94458 0.789494</i>
                        <i>1 0 0 0 1 0 0 0 1 -0.179208 0.94458 0.789494</i>
                        <i>1 0 0 0 1 0 0 0 1 -0.179208 0.94458 0.789494</i>
                        <i>1 0 0 0 1 0 0 0 1 -0.179208 0.94458 0.789494</i>
                        <i>1 0 0 0 1 0 0 0 1 -0.179208 0.94458 0.789494</i>
                        <i>1 0 0 0 1 0 0 0 1 -0.179208 0.94458 0.789494</i>
                        <i>1 0 0 0 1 0 0 0 1 -0.179208 0.94458 0.789494</i>
                        <i>1 0 0 0 1 0 0 0 1 -0.179208 0.94458 0.789494</i>
                        <i>1 0 0 0 1 0 0 0 1 -0.179208 0.94458 0.789494</i>
                        <i>1 0 0 0 1 0 0 0 1 -0.179208 0.94458 0.789494</i>
                        <i>1 0 0 0 1 0 0 0 1 -0.179208 0.94458 0.789494</i>
                        <i>1 0 0 0 1 0 0 0 1 -0.179208 0.94458 0.789494</i>
                        <i>1 0 0 0 1 0 0 0 1 -0.179208 0.94458 0.789494</i>
                        <i>1 0 0 0 1 0 0 0 1 -0.179208 0.94458 0.789494</i>
                        <i>1 0 0 0 1 0 0 0 1 -0.179208 0.94458 0.789494</i>
                        <i>1 0 0 0 1 0 0 0 1 -0.179208 0.94458 0.789494</i>
                        <i>1 0 0 0 1 0 0 0 1 -0.179208 0.94458 0.789494</i>
                        <i>1 0 0 0 1 0 0 0 1 -0.179208 0.94458 0.789494</i>
                        <i>1 0 0 0 1 0 0 0 1 -0.179208 0.94458 0.789494</i>
                        <i>1 0 0 0 1 0 0 0 1 -0.179208 0.94458 0.789494</i>
                        <i>1 0 0 0 1 0 0 0 1 -0.179208 0.94458 0.789494</i>
                        <i>1 0 0 0 1 0 0 0 1 -0.179208 0.94458 0.789494</i>
                        <i>1 0 0 0 1 0 0 0 1 -0.179208 0.94458 0.789494</i>
                        <i>1 0 0 0 1 0 0 0 1 -0.179208 0.94458 0.789494</i>
                        <i>1 0 0 0 1 0 0 0 1 -0.179208 0.94458 0.789494</i>
                        <i>1 0 0 0 1 0 0 0 1 -0.179208 0.94458 0.789494</i>
                        <i>1 0 0 0 1 0 0 0 1 -0.179208 0.94458 0.789494</i>
                        <i>1 0 0 0 1 0 0 0 1 -0.179208 0.94458 0.789494</i>
                        <i>1 0 0 0 1 0 0 0 1 -0.179208 0.94458 0.789494</i>
                        <i>1 0 0 0 1 0 0 0 1 -0.179208 0.94458 0.789494</i>
                        <i>1 0 0 0 1 0 0 0 1 -0.179208 0.94458 0.789494</i>
                        <i>1 0 0 0 1 0 0 0 1 -0.179208 0.94458 0.789494</i>
                        <i>1 0 0 0 1 0 0 0 1 -0.179208 0.94458 0.789494</i>
                        <i>1 0 0 0 1 0 0 0 1 -0.179208 0.94458 0.789494</i>
                        <i>1 0 0 0 1 0 0 0 1 -0.179208 0.94458 0.789494</i>
                        <i>1 0 0 0 1 0 0 0 1 -0.179208 0.94458 0.789494</i>
                        <i>1 0 0 0 1 0 0 0 1 -0.179208 0.94458 0.789494</i>
                        <i>1 0 0 0 1 0 0 0 1 -0.179208 0.94458 0.789494</i>
                        <i>1 0 0 0 1 0 0 0 1 -0.179208 0.94458 0.789494</i>
                        <i>1 0 0 0 1 0 0 0 1 -0.179208 0.94458 0.789494</i>
                        <i>1 0 0 0 1 0 0 0 1 -0.179208 0.94458 0.789494</i>
                        <i>1 0 0 0 1 0 0 0 1 -0.179208 0.94458 0.789494</i>
                        <i>1 0 0 0 1 0 0 0 1 -0.179208 0.94458 0.789494</i>
                        <i>1 0 0 0 1 0 0 0 1 -0.179208 0.94458 0.789494</i>
                        <i>1 0 0 0 1 0 0 0 1 -0.179208 0.94458 0.789494</i>
                        <i>1 0 0 0 1 0 0 0 1 -0.179208 0.94458 0.789494</i>
                        <i>1 0 0 0 1 0 0 0 1 -0.179208 0.94458 0.789494</i>
                        <i>1 0 0 0 1 0 0 0 1 -0.179208 0.94458 0.789494</i>
                        <i>1 0 0 0 1 0 0 0 1 -0.179208 0.94458 0.789494</i>
                        <i>1 0 0 0 1 0 0 0 1 -0.179208 0.94458 0.789494</i>
                        <i>1 0 0 0 1 0 0 0 1 -0.179208 0.94458 0.789494</i>
                        <i>1 0 0 0 1 0 0 0 1 -0.179208 0.94458 0.789494</i>
                        <i>1 0 0 0 1 0 0 0 1 -0.179208 0.94458 0.789494</i>
                        <i>1 0 0 0 1 0 0 0 1 -0.179208 0.94458 0.789494</i>
                        <i>1 0 0 0 1 0 0 0 1 -0.179208 0.94458 0.789494</i>
                        <i>1 0 0 0 1 0 0 0 1 -0.179208 0.94458 0.789494</i>
                        <i>1 0 0 0 1 0 0 0 1 -0.179208 0.94458 0.789494</i>
                        <i>1 0 0 0 1 0 0 0 1 -0.179208 0.94458 0.789494</i>
                        <i>1 0 0 0 1 0 0 0 1 -0.179208 0.94458 0.789494</i>
                        <i>1 0 0 0 1 0 0 0 1 -0.179208 0.94458 0.789494</i>
                        <i>1 0 0 0 1 0 0 0 1 -0.179208 0.94458 0.789494</i>
                        <i>1 0 0 0 1 0 0 0 1 -0.179208 0.94458 0.789494</i>
                        <i>1 0 0 0 1 0 0 0 1 -0.179208 0.94458 0.789494</i>
                        <i>1 0 0 0 1 0 0 0 1 -0.179208 0.94458 0.789494</i>
                        <i>1 0 0 0 1 0 0 0 1 -0.179208 0.94458 0.789494</i>
                        <i>1 0 0 0 1 0 0 0 1 -0.179208 0.94458 0.789494</i>
                        <i>1 0 0 0 1 0 0 0 1 -0.179208 0.94458 0.789494</i>
                        <i>1 0 0 0 1 0 0 0 1 -0.179208 0.94458 0.789494</i>
                        <i>1 0 0 0 1 0 0 0 1 -0.179208 0.94458 0.789494</i>
                        <i>1 0 0 0 1 0 0 0 1 -0.179208 0.94458 0.789494</i>
                        <i>1 0 0 0 1 0 0 0 1 -0.179208 0.94458 0.789494</i>
                        <i>1 0 0 0 1 0 0 0 1 -0.179208 0.94458 0.789494</i>
                        <i>1 0 0 0 1 0 0 0 1 -0.179208 0.94458 0.789494</i>
                        <i>1 0 0 0 1 0 0 0 1 -0.179208 0.94458 0.789494</i>
                        <i>1 0 0 0 1 0 0 0 1 -0.179208 0.94458 0.789494</i>
                        <i>1 0 0 0 1 0 0 0 1 -0.179208 0.94458 0.789494</i>
                        <i>1 0 0 0 1 0 0 0 1 -0.179208 0.94458 0.789494</i>
                        <i>1 0 0 0 1 0 0 0 1 -0.179208 0.94458 0.789494</i>
                        <i>1 0 0 0 1 0 0 0 1 -0.179208 0.94458 0.789494</i>
                        <i>1 0 0 0 1 0 0 0 1 -0.179208 0.94458 0.789494</i>
                        <i>1 0 0 0 1 0 0 0 1 -0.179208 0.94458 0.789494</i>
                        <i>1 0 0 0 1 0 0 0 1 -0.179208 0.94458 0.789494</i>
                        <i>1 0 0 0 1 0 0 0 1 -0.179208 0.94458 0.789494</i>
                        <i>1 0 0 0 1 0 0 0 1 -0.179208 0.94458 0.789494</i>
                        <i>1 0 0 0 1 0 0 0 1 -0.179208 0.94458 0.789494</i>
                    </KeyFrames>
                </p>
            </i>
            <i>
                <p>
                    <Name><![CDATA[body]]></Name>
                    <Exclude>0</Exclude>
                    <Additive>0</Additive>
                    <IKPriority>0</IKPriority>
                    <IKRotLimits>-1e+010 -1e+010 -1e+010 1e+010 1e+010 1e+010</IKRotLimits>
                    <IKRotLimitOrder>0</IKRotLimitOrder>
                    <KeyFrames count="97">
                        <i>1 0 0 0 1 0 0 0 1 -0.179208 0.94458 1.95294</i>
                        <i>1 0 0 0 1 0 0 0 1 -0.179208 0.94458 1.95294</i>
                        <i>1 0 0 0 1 0 0 0 1 -0.179208 0.94458 1.95294</i>
                        <i>1 0 0 0 1 0 0 0 1 -0.179208 0.94458 1.95294</i>
                        <i>1 0 0 0 1 0 0 0 1 -0.179208 0.94458 1.95294</i>
                        <i>1 0 0 0 1 0 0 0 1 -0.179208 0.94458 1.95294</i>
                        <i>1 0 0 0 1 0 0 0 1 -0.179208 0.94458 1.95294</i>
                        <i>1 0 0 0 1 0 0 0 1 -0.179208 0.94458 1.95294</i>
                        <i>1 0 0 0 1 0 0 0 1 -0.179208 0.94458 1.95294</i>
                        <i>1 0 0 0 1 0 0 0 1 -0.179208 0.94458 1.95294</i>
                        <i>1 0 0 0 1 0 0 0 1 -0.179208 0.94458 1.95294</i>
                        <i>1 0 0 0 1 0 0 0 1 -0.179208 0.94458 1.95294</i>
                        <i>1 0 0 0 1 0 0 0 1 -0.179208 0.94458 1.95294</i>
                        <i>1 0 0 0 1 0 0 0 1 -0.179208 0.94458 1.95294</i>
                        <i>1 0 0 0 1 0 0 0 1 -0.179208 0.94458 1.95294</i>
                        <i>1 0 0 0 1 0 0 0 1 -0.179208 0.94458 1.95294</i>
                        <i>1 0 0 0 1 0 0 0 1 -0.179208 0.94458 1.95294</i>
                        <i>1 0 0 0 1 0 0 0 1 -0.179208 0.94458 1.95294</i>
                        <i>1 0 0 0 1 0 0 0 1 -0.179208 0.94458 1.95294</i>
                        <i>1 0 0 0 1 0 0 0 1 -0.179208 0.94458 1.95294</i>
                        <i>1 0 0 0 1 0 0 0 1 -0.179208 0.94458 1.95294</i>
                        <i>1 0 0 0 1 0 0 0 1 -0.179208 0.94458 1.95294</i>
                        <i>1 0 0 0 1 0 0 0 1 -0.179208 0.94458 1.95294</i>
                        <i>1 0 0 0 1 0 0 0 1 -0.179208 0.94458 1.95294</i>
                        <i>1 0 0 0 1 0 0 0 1 -0.179208 0.94458 1.95294</i>
                        <i>1 0 0 0 1 0 0 0 1 -0.179208 0.94458 1.95294</i>
                        <i>1 0 0 0 1 0 0 0 1 -0.179208 0.94458 1.95294</i>
                        <i>1 0 0 0 1 0 0 0 1 -0.179208 0.94458 1.95294</i>
                        <i>1 0 0 0 1 0 0 0 1 -0.179208 0.94458 1.95294</i>
                        <i>1 0 0 0 1 0 0 0 1 -0.179208 0.94458 1.95294</i>
                        <i>1 0 0 0 1 0 0 0 1 -0.179208 0.94458 1.95294</i>
                        <i>1 0 0 0 1 0 0 0 1 -0.179208 0.94458 1.95294</i>
                        <i>1 0 0 0 1 0 0 0 1 -0.179208 0.94458 1.95294</i>
                        <i>1 0 0 0 1 0 0 0 1 -0.179208 0.94458 1.95294</i>
                        <i>1 0 0 0 1 0 0 0 1 -0.179208 0.94458 1.95294</i>
                        <i>1 0 0 0 1 0 0 0 1 -0.179208 0.94458 1.95294</i>
                        <i>1 0 0 0 1 0 0 0 1 -0.179208 0.94458 1.95294</i>
                        <i>1 0 0 0 1 0 0 0 1 -0.179208 0.94458 1.95294</i>
                        <i>1 0 0 0 1 0 0 0 1 -0.179208 0.94458 1.95294</i>
                        <i>1 0 0 0 1 0 0 0 1 -0.179208 0.94458 1.95294</i>
                        <i>1 0 0 0 1 0 0 0 1 -0.179208 0.94458 1.95294</i>
                        <i>1 0 0 0 1 0 0 0 1 -0.179208 0.94458 1.95294</i>
                        <i>1 0 0 0 1 0 0 0 1 -0.179208 0.94458 1.95294</i>
                        <i>1 0 0 0 1 0 0 0 1 -0.179208 0.94458 1.95294</i>
                        <i>1 0 0 0 1 0 0 0 1 -0.179208 0.94458 1.95294</i>
                        <i>1 0 0 0 1 0 0 0 1 -0.179208 0.94458 1.95294</i>
                        <i>1 0 0 0 1 0 0 0 1 -0.179208 0.94458 1.95294</i>
                        <i>1 0 0 0 1 0 0 0 1 -0.179208 0.94458 1.95294</i>
                        <i>1 0 0 0 1 0 0 0 1 -0.179208 0.94458 1.95294</i>
                        <i>1 0 0 0 1 0 0 0 1 -0.179208 0.94458 1.95294</i>
                        <i>1 0 0 0 1 0 0 0 1 -0.179208 0.94458 1.95294</i>
                        <i>1 0 0 0 1 0 0 0 1 -0.179208 0.94458 1.95294</i>
                        <i>1 0 0 0 1 0 0 0 1 -0.179208 0.94458 1.95294</i>
                        <i>1 0 0 0 1 0 0 0 1 -0.179208 0.94458 1.95294</i>
                        <i>1 0 0 0 1 0 0 0 1 -0.179208 0.94458 1.95294</i>
                        <i>1 0 0 0 1 0 0 0 1 -0.179208 0.94458 1.95294</i>
                        <i>1 0 0 0 1 0 0 0 1 -0.179208 0.94458 1.95294</i>
                        <i>1 0 0 0 1 0 0 0 1 -0.179208 0.94458 1.95294</i>
                        <i>1 0 0 0 1 0 0 0 1 -0.179208 0.94458 1.95294</i>
                        <i>1 0 0 0 1 0 0 0 1 -0.179208 0.94458 1.95294</i>
                        <i>1 0 0 0 1 0 0 0 1 -0.179208 0.94458 1.95294</i>
                        <i>1 0 0 0 1 0 0 0 1 -0.179208 0.94458 1.95294</i>
                        <i>1 0 0 0 1 0 0 0 1 -0.179208 0.94458 1.95294</i>
                        <i>1 0 0 0 1 0 0 0 1 -0.179208 0.94458 1.95294</i>
                        <i>1 0 0 0 1 0 0 0 1 -0.179208 0.94458 1.95294</i>
                        <i>1 0 0 0 1 0 0 0 1 -0.179208 0.94458 1.95294</i>
                        <i>1 0 0 0 1 0 0 0 1 -0.179208 0.94458 1.95294</i>
                        <i>1 0 0 0 1 0 0 0 1 -0.179208 0.94458 1.95294</i>
                        <i>1 0 0 0 1 0 0 0 1 -0.179208 0.94458 1.95294</i>
                        <i>1 0 0 0 1 0 0 0 1 -0.179208 0.94458 1.95294</i>
                        <i>1 0 0 0 1 0 0 0 1 -0.179208 0.94458 1.95294</i>
                        <i>1 0 0 0 1 0 0 0 1 -0.179208 0.94458 1.95294</i>
                        <i>1 0 0 0 1 0 0 0 1 -0.179208 0.94458 1.95294</i>
                        <i>1 0 0 0 1 0 0 0 1 -0.179208 0.94458 1.95294</i>
                        <i>1 0 0 0 1 0 0 0 1 -0.179208 0.94458 1.95294</i>
                        <i>1 0 0 0 1 0 0 0 1 -0.179208 0.94458 1.95294</i>
                        <i>1 0 0 0 1 0 0 0 1 -0.179208 0.94458 1.95294</i>
                        <i>1 0 0 0 1 0 0 0 1 -0.179208 0.94458 1.95294</i>
                        <i>1 0 0 0 1 0 0 0 1 -0.179208 0.94458 1.95294</i>
                        <i>1 0 0 0 1 0 0 0 1 -0.179208 0.94458 1.95294</i>
                        <i>1 0 0 0 1 0 0 0 1 -0.179208 0.94458 1.95294</i>
                        <i>1 0 0 0 1 0 0 0 1 -0.179208 0.94458 1.95294</i>
                        <i>1 0 0 0 1 0 0 0 1 -0.179208 0.94458 1.95294</i>
                        <i>1 0 0 0 1 0 0 0 1 -0.179208 0.94458 1.95294</i>
                        <i>1 0 0 0 1 0 0 0 1 -0.179208 0.94458 1.95294</i>
                        <i>1 0 0 0 1 0 0 0 1 -0.179208 0.94458 1.95294</i>
                        <i>1 0 0 0 1 0 0 0 1 -0.179208 0.94458 1.95294</i>
                        <i>1 0 0 0 1 0 0 0 1 -0.179208 0.94458 1.95294</i>
                        <i>1 0 0 0 1 0 0 0 1 -0.179208 0.94458 1.95294</i>
                        <i>1 0 0 0 1 0 0 0 1 -0.179208 0.94458 1.95294</i>
                        <i>1 0 0 0 1 0 0 0 1 -0.179208 0.94458 1.95294</i>
                        <i>1 0 0 0 1 0 0 0 1 -0.179208 0.94458 1.95294</i>
                        <i>1 0 0 0 1 0 0 0 1 -0.179208 0.94458 1.95294</i>
                        <i>1 0 0 0 1 0 0 0 1 -0.179208 0.94458 1.95294</i>
                        <i>1 0 0 0 1 0 0 0 1 -0.179208 0.94458 1.95294</i>
                        <i>1 0 0 0 1 0 0 0 1 -0.179208 0.94458 1.95294</i>
                        <i>1 0 0 0 1 0 0 0 1 -0.179208 0.94458 1.95294</i>
                    </KeyFrames>
                </p>
            </i>
            <i>
                <p>
                    <Name><![CDATA[pitch]]></Name>
                    <Exclude>0</Exclude>
                    <Additive>0</Additive>
                    <IKPriority>0</IKPriority>
                    <IKRotLimits>-1e+010 -1e+010 -1e+010 1e+010 1e+010 1e+010</IKRotLimits>
                    <IKRotLimitOrder>0</IKRotLimitOrder>
                    <KeyFrames count="97">
                        <i>1 0 0 0 1 0 0 0 1 -0.179208 1.85568 1.95293</i>
                        <i>0.999986 0 -0.00525304 0 1 0 0.00525304 0 0.999986 -0.179208 1.85568 1.95293</i>
                        <i>0.999944 0 -0.0105553 0 1 0 0.0105553 0 0.999944 -0.179208 1.85568 1.95293</i>
                        <i>0.999874 0 -0.0158823 0 1 0 0.0158823 0 0.999874 -0.179208 1.85568 1.95293</i>
                        <i>0.999775 0 -0.0212097 0 1 0 0.0212097 0 0.999775 -0.179208 1.85568 1.95293</i>
                        <i>0.999648 0 -0.0265131 0 1 0 0.0265131 0 0.999648 -0.179208 1.85568 1.95293</i>
                        <i>0.999495 0 -0.0317681 0 1 0 0.0317681 0 0.999495 -0.179208 1.85568 1.95293</i>
                        <i>0.999317 0 -0.0369502 0 1 0 0.0369502 0 0.999317 -0.179208 1.85568 1.95293</i>
                        <i>0.999116 0 -0.0420353 0 1 0 0.0420353 0 0.999116 -0.179208 1.85568 1.95293</i>
                        <i>0.998895 0 -0.0469989 0 1 0 0.0469989 0 0.998895 -0.179208 1.85568 1.95293</i>
                        <i>0.998657 0 -0.0518169 0 1 0 0.0518169 0 0.998657 -0.179208 1.85568 1.95293</i>
                        <i>0.998405 0 -0.0564649 0 1 0 0.0564649 0 0.998405 -0.179208 1.85568 1.95293</i>
                        <i>0.998143 0 -0.0609187 0 1 0 0.0609187 0 0.998143 -0.179208 1.85568 1.95293</i>
                        <i>0.997875 0 -0.0651544 0 1 0 0.0651544 0 0.997875 -0.179208 1.85568 1.95293</i>
                        <i>0.997606 0 -0.0691476 0 1 0 0.0691476 0 0.997606 -0.179208 1.85568 1.95293</i>
                        <i>0.997341 0 -0.0728744 0 1 0 0.0728744 0 0.997341 -0.179208 1.85568 1.95293</i>
                        <i>0.997084 0 -0.0763108 0 1 0 0.0763108 0 0.997084 -0.179208 1.85568 1.95293</i>
                        <i>0.99684 0 -0.0794327 0 1 0 0.0794327 0 0.99684 -0.179208 1.85568 1.95293</i>
                        <i>0.996615 0 -0.0822162 0 1 0 0.0822162 0 0.996615 -0.179208 1.85568 1.95293</i>
                        <i>0.996412 0 -0.0846372 0 1 0 0.0846372 0 0.996412 -0.179208 1.85568 1.95293</i>
                        <i>0.996237 0 -0.0866719 0 1 0 0.0866719 0 0.996237 -0.179208 1.85568 1.95293</i>
                        <i>0.996094 0 -0.0882963 0 1 0 0.0882963 0 0.996094 -0.179208 1.85568 1.95293</i>
                        <i>0.995988 0 -0.0894863 0 1 0 0.0894863 0 0.995988 -0.179208 1.85568 1.95293</i>
                        <i>0.995922 0 -0.090218 0 1 0 0.090218 0 0.995922 -0.179208 1.85568 1.95293</i>
                        <i>0.995899 0 -0.0904672 0 1 0 0.0904672 0 0.995899 -0.179208 1.85568 1.95293</i>
                        <i>0.995926 0 -0.0901713 0 1 0 0.0901713 0 0.995926 -0.179208 1.85568 1.95293</i>
                        <i>0.996004 0 -0.0893075 0 1 0 0.0893075 0 0.996004 -0.179208 1.85568 1.95293</i>
                        <i>0.996128 0 -0.0879122 0 1 0 0.0879122 0 0.996128 -0.179208 1.85568 1.95293</i>
                        <i>0.996293 0 -0.0860214 0 1 0 0.0860214 0 0.996293 -0.179208 1.85568 1.95293</i>
                        <i>0.996493 0 -0.0836715 0 1 0 0.0836715 0 0.996493 -0.179208 1.85568 1.95293</i>
                        <i>0.996722 0 -0.0808984 0 1 0 0.0808984 0 0.996722 -0.179208 1.85568 1.95293</i>
                        <i>0.996974 0 -0.0777383 0 1 0 0.0777383 0 0.996974 -0.179208 1.85568 1.95293</i>
                        <i>0.997241 0 -0.0742274 0 1 0 0.0742274 0 0.997241 -0.179208 1.85568 1.95293</i>
                        <i>0.997519 0 -0.0704017 0 1 0 0.0704017 0 0.997519 -0.179208 1.85568 1.95293</i>
                        <i>0.9978 0 -0.0662976 0 1 0 0.0662976 0 0.9978 -0.179208 1.85568 1.95293</i>
                        <i>0.998079 0 -0.0619513 0 1 0 0.0619513 0 0.998079 -0.179208 1.85568 1.95293</i>
                        <i>0.998351 0 -0.0573991 0 1 0 0.0573991 0 0.998351 -0.179208 1.85568 1.95293</i>
                        <i>0.998612 0 -0.0526774 0 1 0 0.0526774 0 0.998612 -0.179208 1.85568 1.95293</i>
                        <i>0.998856 0 -0.0478226 0 1 0 0.0478226 0 0.998856 -0.179208 1.85568 1.95293</i>
                        <i>0.999081 0 -0.0428713 0 1 0 0.0428713 0 0.999081 -0.179208 1.85568 1.95293</i>
                        <i>0.999283 0 -0.0378599 0 1 0 0.0378599 0 0.999283 -0.179208 1.85568 1.95293</i>
                        <i>0.999461 0 -0.032825 0 1 0 0.032825 0 0.999461 -0.179208 1.85568 1.95293</i>
                        <i>0.999613 0 -0.0278033 0 1 0 0.0278033 0 0.999613 -0.179208 1.85568 1.95293</i>
                        <i>0.999739 0 -0.0228313 0 1 0 0.0228313 0 0.999739 -0.179208 1.85568 1.95293</i>
                        <i>0.999839 0 -0.0179457 0 1 0 0.0179457 0 0.999839 -0.179208 1.85568 1.95293</i>
                        <i>0.999913 0 -0.0131831 0 1 0 0.0131831 0 0.999913 -0.179208 1.85568 1.95293</i>
                        <i>0.999963 0 -0.00858027 0 1 0 0.00858027 0 0.999963 -0.179208 1.85568 1.95293</i>
                        <i>0.999991 0 -0.00417368 0 1 0 0.00417368 0 0.999991 -0.179208 1.85568 1.95293</i>
                        <i>1 0 0 0 1 0 0 0 1 -0.179208 1.85568 1.95293</i>
                        <i>0.999991 0 0.0042394 0 1 0 -0.0042394 0 0.999991 -0.179208 1.85568 1.95293</i>
                        <i>0.999961 0 0.00883562 0 1 0 -0.00883562 0 0.999961 -0.179208 1.85568 1.95293</i>
                        <i>0.999906 0 0.0137408 0 1 0 -0.0137408 0 0.999906 -0.179208 1.85568 1.95293</i>
                        <i>0.999821 0 0.018907 0 1 0 -0.018907 0 0.999821 -0.179208 1.85568 1.95293</i>
                        <i>0.999705 0 0.0242862 0 1 0 -0.0242862 0 0.999705 -0.179208 1.85568 1.95293</i>
                        <i>0.999555 0 0.0298304 0 1 0 -0.0298304 0 0.999555 -0.179208 1.85568 1.95293</i>
                        <i>0.99937 0 0.0354918 0 1 0 -0.0354918 0 0.99937 -0.179208 1.85568 1.95293</i>
                        <i>0.99915 0 0.0412223 0 1 0 -0.0412223 0 0.99915 -0.179208 1.85568 1.95293</i>
                        <i>0.998896 0 0.0469739 0 1 0 -0.0469739 0 0.998896 -0.179208 1.85568 1.95293</i>
                        <i>0.99861 0 0.0526987 0 1 0 -0.0526987 0 0.99861 -0.179208 1.85568 1.95293</i>
                        <i>0.998296 0 0.058349 0 1 0 -0.058349 0 0.998296 -0.179208 1.85568 1.95293</i>
                        <i>0.997958 0 0.0638768 0 1 0 -0.0638768 0 0.997958 -0.179208 1.85568 1.95293</i>
                        <i>0.9976 0 0.0692346 0 1 0 -0.0692346 0 0.9976 -0.179208 1.85568 1.95293</i>
                        <i>0.99723 0 0.0743746 0 1 0 -0.0743746 0 0.99723 -0.179208 1.85568 1.95293</i>
                        <i>0.996855 0 0.0792494 0 1 0 -0.0792494 0 0.996855 -0.179208 1.85568 1.95293</i>
                        <i>0.996482 0 0.0838116 0 1 0 -0.0838116 0 0.996482 -0.179208 1.85568 1.95293</i>
                        <i>0.996119 0 0.0880138 0 1 0 -0.0880138 0 0.996119 -0.179208 1.85568 1.95293</i>
                        <i>0.995777 0 0.0918088 0 1 0 -0.0918088 0 0.995777 -0.179208 1.85568 1.95293</i>
                        <i>0.995463 0 0.0951494 0 1 0 -0.0951494 0 0.995463 -0.179208 1.85568 1.95293</i>
                        <i>0.995188 0 0.0979884 0 1 0 -0.0979884 0 0.995188 -0.179208 1.85568 1.95293</i>
                        <i>0.994959 0 0.100279 0 1 0 -0.100279 0 0.994959 -0.179208 1.85568 1.95293</i>
                        <i>0.994787 0 0.101973 0 1 0 -0.101973 0 0.994787 -0.179208 1.85568 1.95293</i>
                        <i>0.994679 0 0.103024 0 1 0 -0.103024 0 0.994679 -0.179208 1.85568 1.95293</i>
                        <i>0.994641 0 0.103385 0 1 0 -0.103385 0 0.994641 -0.179208 1.85568 1.95293</i>
                        <i>0.994665 0 0.103155 0 1 0 -0.103155 0 0.994665 -0.179208 1.85568 1.95293</i>
                        <i>0.994736 0 0.102473 0 1 0 -0.102473 0 0.994736 -0.179208 1.85568 1.95293</i>
                        <i>0.994851 0 0.101353 0 1 0 -0.101353 0 0.994851 -0.179208 1.85568 1.95293</i>
                        <i>0.995007 0 0.099807 0 1 0 -0.099807 0 0.995007 -0.179208 1.85568 1.95293</i>
                        <i>0.995201 0 0.0978495 0 1 0 -0.0978495 0 0.995201 -0.179208 1.85568 1.95293</i>
                        <i>0.99543 0 0.0954934 0 1 0 -0.0954934 0 0.99543 -0.179208 1.85568 1.95293</i>
                        <i>0.995689 0 0.0927518 0 1 0 -0.0927518 0 0.995689 -0.179208 1.85568 1.95293</i>
                        <i>0.995974 0 0.0896378 0 1 0 -0.0896378 0 0.995974 -0.179208 1.85568 1.95293</i>
                        <i>0.996281 0 0.0861647 0 1 0 -0.0861647 0 0.996281 -0.179208 1.85568 1.95293</i>
                        <i>0.996604 0 0.0823456 0 1 0 -0.0823456 0 0.996604 -0.179208 1.85568 1.95293</i>
                        <i>0.996938 0 0.0781938 0 1 0 -0.0781938 0 0.996938 -0.179208 1.85568 1.95293</i>
                        <i>0.997279 0 0.0737223 0 1 0 -0.0737223 0 0.997279 -0.179208 1.85568 1.95293</i>
                        <i>0.997621 0 0.0689445 0 1 0 -0.0689445 0 0.997621 -0.179208 1.85568 1.95293</i>
                        <i>0.997958 0 0.0638735 0 1 0 -0.0638735 0 0.997958 -0.179208 1.85568 1.95293</i>
                        <i>0.998286 0 0.0585228 0 1 0 -0.0585228 0 0.998286 -0.179208 1.85568 1.95293</i>
                        <i>0.9986 0 0.0529057 0 1 0 -0.0529057 0 0.9986 -0.179208 1.85568 1.95293</i>
                        <i>0.998893 0 0.0470356 0 1 0 -0.0470356 0 0.998893 -0.179208 1.85568 1.95293</i>
                        <i>0.999162 0 0.0409259 0 1 0 -0.0409259 0 0.999162 -0.179208 1.85568 1.95293</i>
                        <i>0.999402 0 0.0345903 0 1 0 -0.0345903 0 0.999402 -0.179208 1.85568 1.95293</i>
                        <i>0.999607 0 0.0280423 0 1 0 -0.0280423 0 0.999607 -0.179208 1.85568 1.95293</i>
                        <i>0.999773 0 0.0212955 0 1 0 -0.0212955 0 0.999773 -0.179208 1.85568 1.95293</i>
                        <i>0.999897 0 0.0143636 0 1 0 -0.0143636 0 0.999897 -0.179208 1.85568 1.95293</i>
                        <i>0.999974 0 0.00726054 0 1 0 -0.00726054 0 0.999974 -0.179208 1.85568 1.95293</i>
                        <i>1 0 0 0 1 0 0 0 1 -0.179208 1.85568 1.95293</i>
                    </KeyFrames>
                </p>
            </i>
            <i>
                <p>
                    <Name><![CDATA[handle]]></Name>
                    <Exclude>0</Exclude>
                    <Additive>0</Additive>
                    <IKPriority>0</IKPriority>
                    <IKRotLimits>-1e+010 -1e+010 -1e+010 1e+010 1e+010 1e+010</IKRotLimits>
                    <IKRotLimitOrder>0</IKRotLimitOrder>
                    <KeyFrames count="97">
                        <i>1 0 0 0 1 0 0 0 1 -0.149366 2.21112 1.16372</i>
                        <i>0.999986 0 -0.00525304 0 1 0 0.00525304 0 0.999986 -0.153512 2.21112 1.16357</i>
                        <i>0.999944 0 -0.0105553 0 1 0 0.0105553 0 0.999944 -0.157698 2.21112 1.16344</i>
                        <i>0.999874 0 -0.0158823 0 1 0 0.0158823 0 0.999874 -0.161905 2.21112 1.16334</i>
                        <i>0.999775 0 -0.0212097 0 1 0 0.0212097 0 0.999775 -0.166112 2.21112 1.16326</i>
                        <i>0.999648 0 -0.0265131 0 1 0 0.0265131 0 0.999648 -0.170301 2.21112 1.1632</i>
                        <i>0.999495 0 -0.0317681 0 1 0 0.0317681 0 0.999495 -0.174453 2.21112 1.16317</i>
                        <i>0.999317 0 -0.0369502 0 1 0 0.0369502 0 0.999317 -0.178548 2.21112 1.16315</i>
                        <i>0.999116 0 -0.0420353 0 1 0 0.0420353 0 0.999116 -0.182568 2.21112 1.16316</i>
                        <i>0.998895 0 -0.0469989 0 1 0 0.0469989 0 0.998895 -0.186492 2.21112 1.16319</i>
                        <i>0.998657 0 -0.0518169 0 1 0 0.0518169 0 0.998657 -0.190301 2.21112 1.16323</i>
                        <i>0.998405 0 -0.0564649 0 1 0 0.0564649 0 0.998405 -0.193977 2.21112 1.16329</i>
                        <i>0.998143 0 -0.0609187 0 1 0 0.0609187 0 0.998143 -0.1975 2.21112 1.16336</i>
                        <i>0.997875 0 -0.0651544 0 1 0 0.0651544 0 0.997875 -0.200851 2.21112 1.16345</i>
                        <i>0.997606 0 -0.0691476 0 1 0 0.0691476 0 0.997606 -0.20401 2.21112 1.16354</i>
                        <i>0.997341 0 -0.0728744 0 1 0 0.0728744 0 0.997341 -0.206959 2.21112 1.16364</i>
                        <i>0.997084 0 -0.0763108 0 1 0 0.0763108 0 0.997084 -0.209679 2.21112 1.16374</i>
                        <i>0.99684 0 -0.0794327 0 1 0 0.0794327 0 0.99684 -0.21215 2.21112 1.16384</i>
                        <i>0.996615 0 -0.0822162 0 1 0 0.0822162 0 0.996615 -0.214354 2.21112 1.16393</i>
                        <i>0.996412 0 -0.0846372 0 1 0 0.0846372 0 0.996412 -0.216271 2.21112 1.16402</i>
                        <i>0.996237 0 -0.0866719 0 1 0 0.0866719 0 0.996237 -0.217882 2.21112 1.1641</i>
                        <i>0.996094 0 -0.0882963 0 1 0 0.0882963 0 0.996094 -0.219168 2.21112 1.16416</i>
                        <i>0.995988 0 -0.0894863 0 1 0 0.0894863 0 0.995988 -0.22011 2.21112 1.16421</i>
                        <i>0.995922 0 -0.090218 0 1 0 0.090218 0 0.995922 -0.22069 2.21112 1.16424</i>
                        <i>0.995899 0 -0.0904672 0 1 0 0.0904672 0 0.995899 -0.220887 2.21112 1.16425</i>
                        <i>0.995926 0 -0.0901713 0 1 0 0.0901713 0 0.995926 -0.220653 2.21112 1.16424</i>
                        <i>0.996004 0 -0.0893075 0 1 0 0.0893075 0 0.996004 -0.219969 2.21112 1.1642</i>
                        <i>0.996128 0 -0.0879122 0 1 0 0.0879122 0 0.996128 -0.218864 2.21112 1.16415</i>
                        <i>0.996293 0 -0.0860214 0 1 0 0.0860214 0 0.996293 -0.217367 2.21112 1.16407</i>
                        <i>0.996493 0 -0.0836715 0 1 0 0.0836715 0 0.996493 -0.215506 2.21112 1.16399</i>
                        <i>0.996722 0 -0.0808984 0 1 0 0.0808984 0 0.996722 -0.213311 2.21112 1.16389</i>
                        <i>0.996974 0 -0.0777383 0 1 0 0.0777383 0 0.996974 -0.210809 2.21112 1.16378</i>
                        <i>0.997241 0 -0.0742274 0 1 0 0.0742274 0 0.997241 -0.20803 2.21112 1.16368</i>
                        <i>0.997519 0 -0.0704017 0 1 0 0.0704017 0 0.997519 -0.205003 2.21112 1.16357</i>
                        <i>0.9978 0 -0.0662976 0 1 0 0.0662976 0 0.9978 -0.201755 2.21112 1.16347</i>
                        <i>0.998079 0 -0.0619513 0 1 0 0.0619513 0 0.998079 -0.198317 2.21112 1.16338</i>
                        <i>0.998351 0 -0.0573991 0 1 0 0.0573991 0 0.998351 -0.194716 2.21112 1.1633</i>
                        <i>0.998612 0 -0.0526774 0 1 0 0.0526774 0 0.998612 -0.190982 2.21112 1.16324</i>
                        <i>0.998856 0 -0.0478226 0 1 0 0.0478226 0 0.998856 -0.187143 2.21112 1.16319</i>
                        <i>0.999081 0 -0.0428713 0 1 0 0.0428713 0 0.999081 -0.183228 2.21112 1.16316</i>
                        <i>0.999283 0 -0.0378599 0 1 0 0.0378599 0 0.999283 -0.179267 2.21112 1.16315</i>
                        <i>0.999461 0 -0.032825 0 1 0 0.032825 0 0.999461 -0.175288 2.21112 1.16316</i>
                        <i>0.999613 0 -0.0278033 0 1 0 0.0278033 0 0.999613 -0.171321 2.21112 1.16319</i>
                        <i>0.999739 0 -0.0228313 0 1 0 0.0228313 0 0.999739 -0.167393 2.21112 1.16324</i>
                        <i>0.999839 0 -0.0179457 0 1 0 0.0179457 0 0.999839 -0.163534 2.21112 1.16331</i>
                        <i>0.999913 0 -0.0131831 0 1 0 0.0131831 0 0.999913 -0.159773 2.21112 1.16339</i>
                        <i>0.999963 0 -0.00858027 0 1 0 0.00858027 0 0.999963 -0.156139 2.21112 1.16349</i>
                        <i>0.999991 0 -0.00417368 0 1 0 0.00417368 0 0.999991 -0.15266 2.21112 1.1636</i>
                        <i>1 0 0 0 1 0 0 0 1 -0.149366 2.21112 1.16372</i>
                        <i>0.999991 0 0.0042394 0 1 0 -0.0042394 0 0.999991 -0.146021 2.21112 1.16385</i>
                        <i>0.999961 0 0.00883562 0 1 0 -0.00883562 0 0.999961 -0.142394 2.21112 1.16401</i>
                        <i>0.999906 0 0.0137408 0 1 0 -0.0137408 0 0.999906 -0.138525 2.21112 1.1642</i>
                        <i>0.999821 0 0.018907 0 1 0 -0.018907 0 0.999821 -0.13445 2.21112 1.16442</i>
                        <i>0.999705 0 0.0242862 0 1 0 -0.0242862 0 0.999705 -0.130208 2.21112 1.16467</i>
                        <i>0.999555 0 0.0298304 0 1 0 -0.0298304 0 0.999555 -0.125837 2.21112 1.16496</i>
                        <i>0.99937 0 0.0354918 0 1 0 -0.0354918 0 0.99937 -0.121374 2.21112 1.16527</i>
                        <i>0.99915 0 0.0412223 0 1 0 -0.0412223 0 0.99915 -0.116858 2.21112 1.16562</i>
                        <i>0.998896 0 0.0469739 0 1 0 -0.0469739 0 0.998896 -0.112327 2.21112 1.16599</i>
                        <i>0.99861 0 0.0526987 0 1 0 -0.0526987 0 0.99861 -0.107817 2.21112 1.16638</i>
                        <i>0.998296 0 0.058349 0 1 0 -0.058349 0 0.998296 -0.103367 2.21112 1.1668</i>
                        <i>0.997958 0 0.0638768 0 1 0 -0.0638768 0 0.997958 -0.0990145 2.21112 1.16723</i>
                        <i>0.9976 0 0.0692346 0 1 0 -0.0692346 0 0.9976 -0.0947967 2.21112 1.16768</i>
                        <i>0.99723 0 0.0743746 0 1 0 -0.0743746 0 0.99723 -0.0907511 2.21112 1.16812</i>
                        <i>0.996855 0 0.0792494 0 1 0 -0.0792494 0 0.996855 -0.086915 2.21112 1.16856</i>
                        <i>0.996482 0 0.0838116 0 1 0 -0.0838116 0 0.996482 -0.0833256 2.21112 1.16899</i>
                        <i>0.996119 0 0.0880138 0 1 0 -0.0880138 0 0.996119 -0.08002 2.21112 1.1694</i>
                        <i>0.995777 0 0.0918088 0 1 0 -0.0918088 0 0.995777 -0.0770351 2.21112 1.16979</i>
