<?xml version="1.0" encoding="ISO-8859-1" ?>
<Animl Version="1">
    <ModellingPackage><![CDATA[Maya.2010]]></ModellingPackage>
    <SrcFile><![CDATA[anims\turrets\machinegun\red\~src\mgun_pkp\mgun_pkp_reload_low.mb]]></SrcFile>
    <FramesPerSecond>30</FramesPerSecond>
    <TotalFrames>107</TotalFrames>
    <Skeleton>
        <RefFrame>
            <Name><![CDATA[mgun_pkp_ref_frame]]></Name>
            <Exclude>0</Exclude>
            <Additive>0</Additive>
            <IKPriority>0</IKPriority>
            <IKRotLimits>-1e+010 -1e+010 -1e+010 1e+010 1e+010 1e+010</IKRotLimits>
            <IKRotLimitOrder>0</IKRotLimitOrder>
            <KeyFrames count="107">
                <i>1 0 0 0 1 0 0 0 1 -0.18 0.95 0.79</i>
                <i>1 0 0 0 1 0 0 0 1 -0.18 0.95 0.79</i>
                <i>1 0 0 0 1 0 0 0 1 -0.18 0.95 0.79</i>
                <i>1 0 0 0 1 0 0 0 1 -0.18 0.95 0.79</i>
                <i>1 0 0 0 1 0 0 0 1 -0.18 0.95 0.79</i>
                <i>1 0 0 0 1 0 0 0 1 -0.18 0.95 0.79</i>
                <i>1 0 0 0 1 0 0 0 1 -0.18 0.95 0.79</i>
                <i>1 0 0 0 1 0 0 0 1 -0.18 0.95 0.79</i>
                <i>1 0 0 0 1 0 0 0 1 -0.18 0.95 0.79</i>
                <i>1 0 0 0 1 0 0 0 1 -0.18 0.95 0.79</i>
                <i>1 0 0 0 1 0 0 0 1 -0.18 0.95 0.79</i>
                <i>1 0 0 0 1 0 0 0 1 -0.18 0.95 0.79</i>
                <i>1 0 0 0 1 0 0 0 1 -0.18 0.95 0.79</i>
                <i>1 0 0 0 1 0 0 0 1 -0.18 0.95 0.79</i>
                <i>1 0 0 0 1 0 0 0 1 -0.18 0.95 0.79</i>
                <i>1 0 0 0 1 0 0 0 1 -0.18 0.95 0.79</i>
                <i>1 0 0 0 1 0 0 0 1 -0.18 0.95 0.79</i>
                <i>1 0 0 0 1 0 0 0 1 -0.18 0.95 0.79</i>
                <i>1 0 0 0 1 0 0 0 1 -0.18 0.95 0.79</i>
                <i>1 0 0 0 1 0 0 0 1 -0.18 0.95 0.79</i>
                <i>1 0 0 0 1 0 0 0 1 -0.18 0.95 0.79</i>
                <i>1 0 0 0 1 0 0 0 1 -0.18 0.95 0.79</i>
                <i>1 0 0 0 1 0 0 0 1 -0.18 0.95 0.79</i>
                <i>1 0 0 0 1 0 0 0 1 -0.18 0.95 0.79</i>
                <i>1 0 0 0 1 0 0 0 1 -0.18 0.95 0.79</i>
                <i>1 0 0 0 1 0 0 0 1 -0.18 0.95 0.79</i>
                <i>1 0 0 0 1 0 0 0 1 -0.18 0.95 0.79</i>
                <i>1 0 0 0 1 0 0 0 1 -0.18 0.95 0.79</i>
                <i>1 0 0 0 1 0 0 0 1 -0.18 0.95 0.79</i>
                <i>1 0 0 0 1 0 0 0 1 -0.18 0.95 0.79</i>
                <i>1 0 0 0 1 0 0 0 1 -0.18 0.95 0.79</i>
                <i>1 0 0 0 1 0 0 0 1 -0.18 0.95 0.79</i>
                <i>1 0 0 0 1 0 0 0 1 -0.18 0.95 0.79</i>
                <i>1 0 0 0 1 0 0 0 1 -0.18 0.95 0.79</i>
                <i>1 0 0 0 1 0 0 0 1 -0.18 0.95 0.79</i>
                <i>1 0 0 0 1 0 0 0 1 -0.18 0.95 0.79</i>
                <i>1 0 0 0 1 0 0 0 1 -0.18 0.95 0.79</i>
                <i>1 0 0 0 1 0 0 0 1 -0.18 0.95 0.79</i>
                <i>1 0 0 0 1 0 0 0 1 -0.18 0.95 0.79</i>
                <i>1 0 0 0 1 0 0 0 1 -0.18 0.95 0.79</i>
                <i>1 0 0 0 1 0 0 0 1 -0.18 0.95 0.79</i>
                <i>1 0 0 0 1 0 0 0 1 -0.18 0.95 0.79</i>
                <i>1 0 0 0 1 0 0 0 1 -0.18 0.95 0.79</i>
                <i>1 0 0 0 1 0 0 0 1 -0.18 0.95 0.79</i>
                <i>1 0 0 0 1 0 0 0 1 -0.18 0.95 0.79</i>
                <i>1 0 0 0 1 0 0 0 1 -0.18 0.95 0.79</i>
                <i>1 0 0 0 1 0 0 0 1 -0.18 0.95 0.79</i>
                <i>1 0 0 0 1 0 0 0 1 -0.18 0.95 0.79</i>
                <i>1 0 0 0 1 0 0 0 1 -0.18 0.95 0.79</i>
                <i>1 0 0 0 1 0 0 0 1 -0.18 0.95 0.79</i>
                <i>1 0 0 0 1 0 0 0 1 -0.18 0.95 0.79</i>
                <i>1 0 0 0 1 0 0 0 1 -0.18 0.95 0.79</i>
                <i>1 0 0 0 1 0 0 0 1 -0.18 0.95 0.79</i>
                <i>1 0 0 0 1 0 0 0 1 -0.18 0.95 0.79</i>
                <i>1 0 0 0 1 0 0 0 1 -0.18 0.95 0.79</i>
                <i>1 0 0 0 1 0 0 0 1 -0.18 0.95 0.79</i>
                <i>1 0 0 0 1 0 0 0 1 -0.18 0.95 0.79</i>
                <i>1 0 0 0 1 0 0 0 1 -0.18 0.95 0.79</i>
                <i>1 0 0 0 1 0 0 0 1 -0.18 0.95 0.79</i>
                <i>1 0 0 0 1 0 0 0 1 -0.18 0.95 0.79</i>
                <i>1 0 0 0 1 0 0 0 1 -0.18 0.95 0.79</i>
                <i>1 0 0 0 1 0 0 0 1 -0.18 0.95 0.79</i>
                <i>1 0 0 0 1 0 0 0 1 -0.18 0.95 0.79</i>
                <i>1 0 0 0 1 0 0 0 1 -0.18 0.95 0.79</i>
                <i>1 0 0 0 1 0 0 0 1 -0.18 0.95 0.79</i>
                <i>1 0 0 0 1 0 0 0 1 -0.18 0.95 0.79</i>
                <i>1 0 0 0 1 0 0 0 1 -0.18 0.95 0.79</i>
                <i>1 0 0 0 1 0 0 0 1 -0.18 0.95 0.79</i>
                <i>1 0 0 0 1 0 0 0 1 -0.18 0.95 0.79</i>
                <i>1 0 0 0 1 0 0 0 1 -0.18 0.95 0.79</i>
                <i>1 0 0 0 1 0 0 0 1 -0.18 0.95 0.79</i>
                <i>1 0 0 0 1 0 0 0 1 -0.18 0.95 0.79</i>
                <i>1 0 0 0 1 0 0 0 1 -0.18 0.95 0.79</i>
                <i>1 0 0 0 1 0 0 0 1 -0.18 0.95 0.79</i>
                <i>1 0 0 0 1 0 0 0 1 -0.18 0.95 0.79</i>
                <i>1 0 0 0 1 0 0 0 1 -0.18 0.95 0.79</i>
                <i>1 0 0 0 1 0 0 0 1 -0.18 0.95 0.79</i>
                <i>1 0 0 0 1 0 0 0 1 -0.18 0.95 0.79</i>
                <i>1 0 0 0 1 0 0 0 1 -0.18 0.95 0.79</i>
                <i>1 0 0 0 1 0 0 0 1 -0.18 0.95 0.79</i>
                <i>1 0 0 0 1 0 0 0 1 -0.18 0.95 0.79</i>
                <i>1 0 0 0 1 0 0 0 1 -0.18 0.95 0.79</i>
                <i>1 0 0 0 1 0 0 0 1 -0.18 0.95 0.79</i>
                <i>1 0 0 0 1 0 0 0 1 -0.18 0.95 0.79</i>
                <i>1 0 0 0 1 0 0 0 1 -0.18 0.95 0.79</i>
                <i>1 0 0 0 1 0 0 0 1 -0.18 0.95 0.79</i>
                <i>1 0 0 0 1 0 0 0 1 -0.18 0.95 0.79</i>
                <i>1 0 0 0 1 0 0 0 1 -0.18 0.95 0.79</i>
                <i>1 0 0 0 1 0 0 0 1 -0.18 0.95 0.79</i>
                <i>1 0 0 0 1 0 0 0 1 -0.18 0.95 0.79</i>
                <i>1 0 0 0 1 0 0 0 1 -0.18 0.95 0.79</i>
                <i>1 0 0 0 1 0 0 0 1 -0.18 0.95 0.79</i>
                <i>1 0 0 0 1 0 0 0 1 -0.18 0.95 0.79</i>
                <i>1 0 0 0 1 0 0 0 1 -0.18 0.95 0.79</i>
                <i>1 0 0 0 1 0 0 0 1 -0.18 0.95 0.79</i>
                <i>1 0 0 0 1 0 0 0 1 -0.18 0.95 0.79</i>
                <i>1 0 0 0 1 0 0 0 1 -0.18 0.95 0.79</i>
                <i>1 0 0 0 1 0 0 0 1 -0.18 0.95 0.79</i>
                <i>1 0 0 0 1 0 0 0 1 -0.18 0.95 0.79</i>
                <i>1 0 0 0 1 0 0 0 1 -0.18 0.95 0.79</i>
                <i>1 0 0 0 1 0 0 0 1 -0.18 0.95 0.79</i>
                <i>1 0 0 0 1 0 0 0 1 -0.18 0.95 0.79</i>
                <i>1 0 0 0 1 0 0 0 1 -0.18 0.95 0.79</i>
                <i>1 0 0 0 1 0 0 0 1 -0.18 0.95 0.79</i>
                <i>1 0 0 0 1 0 0 0 1 -0.18 0.95 0.79</i>
                <i>1 0 0 0 1 0 0 0 1 -0.18 0.95 0.79</i>
                <i>1 0 0 0 1 0 0 0 1 -0.18 0.95 0.79</i>
            </KeyFrames>
        </RefFrame>
        <Bones count="18">
            <i>
                <p>
                    <Name><![CDATA[mgun_pkp_root]]></Name>
                    <Exclude>0</Exclude>
                    <Additive>0</Additive>
                    <IKPriority>0</IKPriority>
                    <IKRotLimits>-1e+010 -1e+010 -1e+010 1e+010 1e+010 1e+010</IKRotLimits>
                    <IKRotLimitOrder>0</IKRotLimitOrder>
                    <KeyFrames count="107">
                        <i>1 0 0 0 1 0 0 0 1 -0.179208 0.94458 0.789494</i>
                        <i>1 0 0 0 1 0 0 0 1 -0.179208 0.94458 0.789494</i>
                        <i>1 0 0 0 1 0 0 0 1 -0.179208 0.94458 0.789494</i>
                        <i>1 0 0 0 1 0 0 0 1 -0.179208 0.94458 0.789494</i>
                        <i>1 0 0 0 1 0 0 0 1 -0.179208 0.94458 0.789494</i>
                        <i>1 0 0 0 1 0 0 0 1 -0.179208 0.94458 0.789494</i>
                        <i>1 0 0 0 1 0 0 0 1 -0.179208 0.94458 0.789494</i>
                        <i>1 0 0 0 1 0 0 0 1 -0.179208 0.94458 0.789494</i>
                        <i>1 0 0 0 1 0 0 0 1 -0.179208 0.94458 0.789494</i>
                        <i>1 0 0 0 1 0 0 0 1 -0.179208 0.94458 0.789494</i>
                        <i>1 0 0 0 1 0 0 0 1 -0.179208 0.94458 0.789494</i>
                        <i>1 0 0 0 1 0 0 0 1 -0.179208 0.94458 0.789494</i>
                        <i>1 0 0 0 1 0 0 0 1 -0.179208 0.94458 0.789494</i>
                        <i>1 0 0 0 1 0 0 0 1 -0.179208 0.94458 0.789494</i>
                        <i>1 0 0 0 1 0 0 0 1 -0.179208 0.94458 0.789494</i>
                        <i>1 0 0 0 1 0 0 0 1 -0.179208 0.94458 0.789494</i>
                        <i>1 0 0 0 1 0 0 0 1 -0.179208 0.94458 0.789494</i>
                        <i>1 0 0 0 1 0 0 0 1 -0.179208 0.94458 0.789494</i>
                        <i>1 0 0 0 1 0 0 0 1 -0.179208 0.94458 0.789494</i>
                        <i>1 0 0 0 1 0 0 0 1 -0.179208 0.94458 0.789494</i>
                        <i>1 0 0 0 1 0 0 0 1 -0.179208 0.94458 0.789494</i>
                        <i>1 0 0 0 1 0 0 0 1 -0.179208 0.94458 0.789494</i>
                        <i>1 0 0 0 1 0 0 0 1 -0.179208 0.94458 0.789494</i>
                        <i>1 0 0 0 1 0 0 0 1 -0.179208 0.94458 0.789494</i>
                        <i>1 0 0 0 1 0 0 0 1 -0.179208 0.94458 0.789494</i>
                        <i>1 0 0 0 1 0 0 0 1 -0.179208 0.94458 0.789494</i>
                        <i>1 0 0 0 1 0 0 0 1 -0.179208 0.94458 0.789494</i>
                        <i>1 0 0 0 1 0 0 0 1 -0.179208 0.94458 0.789494</i>
                        <i>1 0 0 0 1 0 0 0 1 -0.179208 0.94458 0.789494</i>
                        <i>1 0 0 0 1 0 0 0 1 -0.179208 0.94458 0.789494</i>
                        <i>1 0 0 0 1 0 0 0 1 -0.179208 0.94458 0.789494</i>
                        <i>1 0 0 0 1 0 0 0 1 -0.179208 0.94458 0.789494</i>
                        <i>1 0 0 0 1 0 0 0 1 -0.179208 0.94458 0.789494</i>
                        <i>1 0 0 0 1 0 0 0 1 -0.179208 0.94458 0.789494</i>
                        <i>1 0 0 0 1 0 0 0 1 -0.179208 0.94458 0.789494</i>
                        <i>1 0 0 0 1 0 0 0 1 -0.179208 0.94458 0.789494</i>
                        <i>1 0 0 0 1 0 0 0 1 -0.179208 0.94458 0.789494</i>
                        <i>1 0 0 0 1 0 0 0 1 -0.179208 0.94458 0.789494</i>
                        <i>1 0 0 0 1 0 0 0 1 -0.179208 0.94458 0.789494</i>
                        <i>1 0 0 0 1 0 0 0 1 -0.179208 0.94458 0.789494</i>
                        <i>1 0 0 0 1 0 0 0 1 -0.179208 0.94458 0.789494</i>
                        <i>1 0 0 0 1 0 0 0 1 -0.179208 0.94458 0.789494</i>
                        <i>1 0 0 0 1 0 0 0 1 -0.179208 0.94458 0.789494</i>
                        <i>1 0 0 0 1 0 0 0 1 -0.179208 0.94458 0.789494</i>
                        <i>1 0 0 0 1 0 0 0 1 -0.179208 0.94458 0.789494</i>
                        <i>1 0 0 0 1 0 0 0 1 -0.179208 0.94458 0.789494</i>
                        <i>1 0 0 0 1 0 0 0 1 -0.179208 0.94458 0.789494</i>
                        <i>1 0 0 0 1 0 0 0 1 -0.179208 0.94458 0.789494</i>
                        <i>1 0 0 0 1 0 0 0 1 -0.179208 0.94458 0.789494</i>
                        <i>1 0 0 0 1 0 0 0 1 -0.179208 0.94458 0.789494</i>
                        <i>1 0 0 0 1 0 0 0 1 -0.179208 0.94458 0.789494</i>
                        <i>1 0 0 0 1 0 0 0 1 -0.179208 0.94458 0.789494</i>
                        <i>1 0 0 0 1 0 0 0 1 -0.179208 0.94458 0.789494</i>
                        <i>1 0 0 0 1 0 0 0 1 -0.179208 0.94458 0.789494</i>
                        <i>1 0 0 0 1 0 0 0 1 -0.179208 0.94458 0.789494</i>
                        <i>1 0 0 0 1 0 0 0 1 -0.179208 0.94458 0.789494</i>
                        <i>1 0 0 0 1 0 0 0 1 -0.179208 0.94458 0.789494</i>
                        <i>1 0 0 0 1 0 0 0 1 -0.179208 0.94458 0.789494</i>
                        <i>1 0 0 0 1 0 0 0 1 -0.179208 0.94458 0.789494</i>
                        <i>1 0 0 0 1 0 0 0 1 -0.179208 0.94458 0.789494</i>
                        <i>1 0 0 0 1 0 0 0 1 -0.179208 0.94458 0.789494</i>
                        <i>1 0 0 0 1 0 0 0 1 -0.179208 0.94458 0.789494</i>
                        <i>1 0 0 0 1 0 0 0 1 -0.179208 0.94458 0.789494</i>
                        <i>1 0 0 0 1 0 0 0 1 -0.179208 0.94458 0.789494</i>
                        <i>1 0 0 0 1 0 0 0 1 -0.179208 0.94458 0.789494</i>
                        <i>1 0 0 0 1 0 0 0 1 -0.179208 0.94458 0.789494</i>
                        <i>1 0 0 0 1 0 0 0 1 -0.179208 0.94458 0.789494</i>
                        <i>1 0 0 0 1 0 0 0 1 -0.179208 0.94458 0.789494</i>
                        <i>1 0 0 0 1 0 0 0 1 -0.179208 0.94458 0.789494</i>
                        <i>1 0 0 0 1 0 0 0 1 -0.179208 0.94458 0.789494</i>
                        <i>1 0 0 0 1 0 0 0 1 -0.179208 0.94458 0.789494</i>
                        <i>1 0 0 0 1 0 0 0 1 -0.179208 0.94458 0.789494</i>
                        <i>1 0 0 0 1 0 0 0 1 -0.179208 0.94458 0.789494</i>
                        <i>1 0 0 0 1 0 0 0 1 -0.179208 0.94458 0.789494</i>
                        <i>1 0 0 0 1 0 0 0 1 -0.179208 0.94458 0.789494</i>
                        <i>1 0 0 0 1 0 0 0 1 -0.179208 0.94458 0.789494</i>
                        <i>1 0 0 0 1 0 0 0 1 -0.179208 0.94458 0.789494</i>
                        <i>1 0 0 0 1 0 0 0 1 -0.179208 0.94458 0.789494</i>
                        <i>1 0 0 0 1 0 0 0 1 -0.179208 0.94458 0.789494</i>
                        <i>1 0 0 0 1 0 0 0 1 -0.179208 0.94458 0.789494</i>
                        <i>1 0 0 0 1 0 0 0 1 -0.179208 0.94458 0.789494</i>
                        <i>1 0 0 0 1 0 0 0 1 -0.179208 0.94458 0.789494</i>
                        <i>1 0 0 0 1 0 0 0 1 -0.179208 0.94458 0.789494</i>
                        <i>1 0 0 0 1 0 0 0 1 -0.179208 0.94458 0.789494</i>
                        <i>1 0 0 0 1 0 0 0 1 -0.179208 0.94458 0.789494</i>
                        <i>1 0 0 0 1 0 0 0 1 -0.179208 0.94458 0.789494</i>
                        <i>1 0 0 0 1 0 0 0 1 -0.179208 0.94458 0.789494</i>
                        <i>1 0 0 0 1 0 0 0 1 -0.179208 0.94458 0.789494</i>
                        <i>1 0 0 0 1 0 0 0 1 -0.179208 0.94458 0.789494</i>
                        <i>1 0 0 0 1 0 0 0 1 -0.179208 0.94458 0.789494</i>
                        <i>1 0 0 0 1 0 0 0 1 -0.179208 0.94458 0.789494</i>
                        <i>1 0 0 0 1 0 0 0 1 -0.179208 0.94458 0.789494</i>
                        <i>1 0 0 0 1 0 0 0 1 -0.179208 0.94458 0.789494</i>
                        <i>1 0 0 0 1 0 0 0 1 -0.179208 0.94458 0.789494</i>
                        <i>1 0 0 0 1 0 0 0 1 -0.179208 0.94458 0.789494</i>
                        <i>1 0 0 0 1 0 0 0 1 -0.179208 0.94458 0.789494</i>
                        <i>1 0 0 0 1 0 0 0 1 -0.179208 0.94458 0.789494</i>
                        <i>1 0 0 0 1 0 0 0 1 -0.179208 0.94458 0.789494</i>
                        <i>1 0 0 0 1 0 0 0 1 -0.179208 0.94458 0.789494</i>
                        <i>1 0 0 0 1 0 0 0 1 -0.179208 0.94458 0.789494</i>
                        <i>1 0 0 0 1 0 0 0 1 -0.179208 0.94458 0.789494</i>
                        <i>1 0 0 0 1 0 0 0 1 -0.179208 0.94458 0.789494</i>
                        <i>1 0 0 0 1 0 0 0 1 -0.179208 0.94458 0.789494</i>
                        <i>1 0 0 0 1 0 0 0 1 -0.179208 0.94458 0.789494</i>
                        <i>1 0 0 0 1 0 0 0 1 -0.179208 0.94458 0.789494</i>
                        <i>1 0 0 0 1 0 0 0 1 -0.179208 0.94458 0.789494</i>
                        <i>1 0 0 0 1 0 0 0 1 -0.179208 0.94458 0.789494</i>
                    </KeyFrames>
                </p>
            </i>
            <i>
                <p>
                    <Name><![CDATA[body]]></Name>
                    <Exclude>0</Exclude>
                    <Additive>0</Additive>
                    <IKPriority>0</IKPriority>
                    <IKRotLimits>-1e+010 -1e+010 -1e+010 1e+010 1e+010 1e+010</IKRotLimits>
                    <IKRotLimitOrder>0</IKRotLimitOrder>
                    <KeyFrames count="107">
                        <i>1 0 0 0 1 0 0 0 1 -0.179208 0.94458 1.95294</i>
                        <i>1 0 0 0 1 0 0 0 1 -0.179208 0.94458 1.95294</i>
                        <i>1 0 0 0 1 0 0 0 1 -0.179208 0.94458 1.95294</i>
                        <i>1 0 0 0 1 0 0 0 1 -0.179208 0.94458 1.95294</i>
                        <i>1 0 0 0 1 0 0 0 1 -0.179208 0.94458 1.95294</i>
                        <i>1 0 0 0 1 0 0 0 1 -0.179208 0.94458 1.95294</i>
                        <i>1 0 0 0 1 0 0 0 1 -0.179208 0.94458 1.95294</i>
                        <i>1 0 0 0 1 0 0 0 1 -0.179208 0.94458 1.95294</i>
                        <i>1 0 0 0 1 0 0 0 1 -0.179208 0.94458 1.95294</i>
                        <i>1 0 0 0 1 0 0 0 1 -0.179208 0.94458 1.95294</i>
                        <i>1 0 0 0 1 0 0 0 1 -0.179208 0.94458 1.95294</i>
                        <i>1 0 0 0 1 0 0 0 1 -0.179208 0.94458 1.95294</i>
                        <i>1 0 0 0 1 0 0 0 1 -0.179208 0.94458 1.95294</i>
                        <i>1 0 0 0 1 0 0 0 1 -0.179208 0.94458 1.95294</i>
                        <i>1 0 0 0 1 0 0 0 1 -0.179208 0.94458 1.95294</i>
                        <i>1 0 0 0 1 0 0 0 1 -0.179208 0.94458 1.95294</i>
                        <i>1 0 0 0 1 0 0 0 1 -0.179208 0.94458 1.95294</i>
                        <i>1 0 0 0 1 0 0 0 1 -0.179208 0.94458 1.95294</i>
                        <i>1 0 0 0 1 0 0 0 1 -0.179208 0.94458 1.95294</i>
                        <i>1 0 0 0 1 0 0 0 1 -0.179208 0.94458 1.95294</i>
                        <i>1 0 0 0 1 0 0 0 1 -0.179208 0.94458 1.95294</i>
                        <i>1 0 0 0 1 0 0 0 1 -0.179208 0.94458 1.95294</i>
                        <i>1 0 0 0 1 0 0 0 1 -0.179208 0.94458 1.95294</i>
                        <i>1 0 0 0 1 0 0 0 1 -0.179208 0.94458 1.95294</i>
                        <i>1 0 0 0 1 0 0 0 1 -0.179208 0.94458 1.95294</i>
                        <i>1 0 0 0 1 0 0 0 1 -0.179208 0.94458 1.95294</i>
                        <i>1 0 0 0 1 0 0 0 1 -0.179208 0.94458 1.95294</i>
                        <i>1 0 0 0 1 0 0 0 1 -0.179208 0.94458 1.95294</i>
                        <i>1 0 0 0 1 0 0 0 1 -0.179208 0.94458 1.95294</i>
                        <i>1 0 0 0 1 0 0 0 1 -0.179208 0.94458 1.95294</i>
                        <i>1 0 0 0 1 0 0 0 1 -0.179208 0.94458 1.95294</i>
                        <i>1 0 0 0 1 0 0 0 1 -0.179208 0.94458 1.95294</i>
                        <i>1 0 0 0 1 0 0 0 1 -0.179208 0.94458 1.95294</i>
                        <i>1 0 0 0 1 0 0 0 1 -0.179208 0.94458 1.95294</i>
                        <i>1 0 0 0 1 0 0 0 1 -0.179208 0.94458 1.95294</i>
                        <i>1 0 0 0 1 0 0 0 1 -0.179208 0.94458 1.95294</i>
                        <i>1 0 0 0 1 0 0 0 1 -0.179208 0.94458 1.95294</i>
                        <i>1 0 0 0 1 0 0 0 1 -0.179208 0.94458 1.95294</i>
                        <i>1 0 0 0 1 0 0 0 1 -0.179208 0.94458 1.95294</i>
                        <i>1 0 0 0 1 0 0 0 1 -0.179208 0.94458 1.95294</i>
                        <i>1 0 0 0 1 0 0 0 1 -0.179208 0.94458 1.95294</i>
                        <i>1 0 0 0 1 0 0 0 1 -0.179208 0.94458 1.95294</i>
                        <i>1 0 0 0 1 0 0 0 1 -0.179208 0.94458 1.95294</i>
                        <i>1 0 0 0 1 0 0 0 1 -0.179208 0.94458 1.95294</i>
                        <i>1 0 0 0 1 0 0 0 1 -0.179208 0.94458 1.95294</i>
                        <i>1 0 0 0 1 0 0 0 1 -0.179208 0.94458 1.95294</i>
                        <i>1 0 0 0 1 0 0 0 1 -0.179208 0.94458 1.95294</i>
                        <i>1 0 0 0 1 0 0 0 1 -0.179208 0.94458 1.95294</i>
                        <i>1 0 0 0 1 0 0 0 1 -0.179208 0.94458 1.95294</i>
                        <i>1 0 0 0 1 0 0 0 1 -0.179208 0.94458 1.95294</i>
                        <i>1 0 0 0 1 0 0 0 1 -0.179208 0.94458 1.95294</i>
                        <i>1 0 0 0 1 0 0 0 1 -0.179208 0.94458 1.95294</i>
                        <i>1 0 0 0 1 0 0 0 1 -0.179208 0.94458 1.95294</i>
                        <i>1 0 0 0 1 0 0 0 1 -0.179208 0.94458 1.95294</i>
                        <i>1 0 0 0 1 0 0 0 1 -0.179208 0.94458 1.95294</i>
                        <i>1 0 0 0 1 0 0 0 1 -0.179208 0.94458 1.95294</i>
                        <i>1 0 0 0 1 0 0 0 1 -0.179208 0.94458 1.95294</i>
                        <i>1 0 0 0 1 0 0 0 1 -0.179208 0.94458 1.95294</i>
                        <i>1 0 0 0 1 0 0 0 1 -0.179208 0.94458 1.95294</i>
                        <i>1 0 0 0 1 0 0 0 1 -0.179208 0.94458 1.95294</i>
                        <i>1 0 0 0 1 0 0 0 1 -0.179208 0.94458 1.95294</i>
                        <i>1 0 0 0 1 0 0 0 1 -0.179208 0.94458 1.95294</i>
                        <i>1 0 0 0 1 0 0 0 1 -0.179208 0.94458 1.95294</i>
                        <i>1 0 0 0 1 0 0 0 1 -0.179208 0.94458 1.95294</i>
                        <i>1 0 0 0 1 0 0 0 1 -0.179208 0.94458 1.95294</i>
                        <i>1 0 0 0 1 0 0 0 1 -0.179208 0.94458 1.95294</i>
                        <i>1 0 0 0 1 0 0 0 1 -0.179208 0.94458 1.95294</i>
                        <i>1 0 0 0 1 0 0 0 1 -0.179208 0.94458 1.95294</i>
                        <i>1 0 0 0 1 0 0 0 1 -0.179208 0.94458 1.95294</i>
                        <i>1 0 0 0 1 0 0 0 1 -0.179208 0.94458 1.95294</i>
                        <i>1 0 0 0 1 0 0 0 1 -0.179208 0.94458 1.95294</i>
                        <i>1 0 0 0 1 0 0 0 1 -0.179208 0.94458 1.95294</i>
                        <i>1 0 0 0 1 0 0 0 1 -0.179208 0.94458 1.95294</i>
                        <i>1 0 0 0 1 0 0 0 1 -0.179208 0.94458 1.95294</i>
                        <i>1 0 0 0 1 0 0 0 1 -0.179208 0.94458 1.95294</i>
                        <i>1 0 0 0 1 0 0 0 1 -0.179208 0.94458 1.95294</i>
                        <i>1 0 0 0 1 0 0 0 1 -0.179208 0.94458 1.95294</i>
                        <i>1 0 0 0 1 0 0 0 1 -0.179208 0.94458 1.95294</i>
                        <i>1 0 0 0 1 0 0 0 1 -0.179208 0.94458 1.95294</i>
                        <i>1 0 0 0 1 0 0 0 1 -0.179208 0.94458 1.95294</i>
                        <i>1 0 0 0 1 0 0 0 1 -0.179208 0.94458 1.95294</i>
                        <i>1 0 0 0 1 0 0 0 1 -0.179208 0.94458 1.95294</i>
                        <i>1 0 0 0 1 0 0 0 1 -0.179208 0.94458 1.95294</i>
                        <i>1 0 0 0 1 0 0 0 1 -0.179208 0.94458 1.95294</i>
                        <i>1 0 0 0 1 0 0 0 1 -0.179208 0.94458 1.95294</i>
                        <i>1 0 0 0 1 0 0 0 1 -0.179208 0.94458 1.95294</i>
                        <i>1 0 0 0 1 0 0 0 1 -0.179208 0.94458 1.95294</i>
                        <i>1 0 0 0 1 0 0 0 1 -0.179208 0.94458 1.95294</i>
                        <i>1 0 0 0 1 0 0 0 1 -0.179208 0.94458 1.95294</i>
                        <i>1 0 0 0 1 0 0 0 1 -0.179208 0.94458 1.95294</i>
                        <i>1 0 0 0 1 0 0 0 1 -0.179208 0.94458 1.95294</i>
                        <i>1 0 0 0 1 0 0 0 1 -0.179208 0.94458 1.95294</i>
                        <i>1 0 0 0 1 0 0 0 1 -0.179208 0.94458 1.95294</i>
                        <i>1 0 0 0 1 0 0 0 1 -0.179208 0.94458 1.95294</i>
                        <i>1 0 0 0 1 0 0 0 1 -0.179208 0.94458 1.95294</i>
                        <i>1 0 0 0 1 0 0 0 1 -0.179208 0.94458 1.95294</i>
                        <i>1 0 0 0 1 0 0 0 1 -0.179208 0.94458 1.95294</i>
                        <i>1 0 0 0 1 0 0 0 1 -0.179208 0.94458 1.95294</i>
                        <i>1 0 0 0 1 0 0 0 1 -0.179208 0.94458 1.95294</i>
                        <i>1 0 0 0 1 0 0 0 1 -0.179208 0.94458 1.95294</i>
                        <i>1 0 0 0 1 0 0 0 1 -0.179208 0.94458 1.95294</i>
                        <i>1 0 0 0 1 0 0 0 1 -0.179208 0.94458 1.95294</i>
                        <i>1 0 0 0 1 0 0 0 1 -0.179208 0.94458 1.95294</i>
                        <i>1 0 0 0 1 0 0 0 1 -0.179208 0.94458 1.95294</i>
                        <i>1 0 0 0 1 0 0 0 1 -0.179208 0.94458 1.95294</i>
                        <i>1 0 0 0 1 0 0 0 1 -0.179208 0.94458 1.95294</i>
                        <i>1 0 0 0 1 0 0 0 1 -0.179208 0.94458 1.95294</i>
                    </KeyFrames>
                </p>
            </i>
            <i>
                <p>
                    <Name><![CDATA[pitch]]></Name>
                    <Exclude>0</Exclude>
                    <Additive>0</Additive>
                    <IKPriority>0</IKPriority>
                    <IKRotLimits>-1e+010 -1e+010 -1e+010 1e+010 1e+010 1e+010</IKRotLimits>
                    <IKRotLimitOrder>0</IKRotLimitOrder>
                    <KeyFrames count="107">
                        <i>1 0 0 0 0.965926 0.258819 0 -0.258819 0.965926 -0.179208 1.85568 1.95293</i>
                        <i>1 0 0 0 0.998107 -0.0615046 0 0.0615046 0.998107 -0.179208 1.85568 1.95293</i>
                        <i>0.99999 0.000130735 -0.00436338 -0.00058008 0.994667 -0.10314 0.00432663 0.103141 0.994657 -0.179208 2.24868 1.95293</i>
                        <i>1 0 0 0 0.996871 -0.0790475 0 0.0790475 0.996871 -0.179208 2.52322 1.95293</i>
                        <i>0.999639 -0.000909982 0.0268526 0.00218057 0.998877 -0.0473259 -0.0267794 0.0473673 0.998519 -0.179208 2.34978 1.95293</i>
                        <i>0.998109 -0.00204916 0.0614301 0.00227089 0.999991 -0.0035399 -0.0614223 0.00367271 0.998105 -0.179208 2.02158 1.95293</i>
                        <i>0.996191 -0.00260477 0.0871572 1.73472e-018 0.999554 0.0298725 -0.0871961 -0.0297588 0.995747 -0.179208 1.78358 1.95293</i>
                        <i>0.995374 -0.00149791 0.0960618 -0.00259393 0.999095 0.0424569 -0.0960385 -0.0425097 0.994469 -0.179208 1.75082 1.95293</i>
                        <i>0.995363 0.000185167 0.0961897 -0.00451934 0.998984 0.0448427 -0.0960836 -0.0450695 0.994352 -0.179208 1.80826 1.95293</i>
                        <i>0.995471 -4.33681e-019 0.0950673 -0.00443101 0.998913 0.0463981 -0.094964 -0.0466092 0.994389 -0.179208 1.85568 1.95293</i>
                        <i>0.995186 -0.00315818 0.0979541 -0.00180975 0.998718 0.0505867 -0.0979883 -0.0505204 0.993904 -0.179208 1.86144 1.95293</i>
                        <i>0.994677 -0.00787239 0.102741 0.00226784 0.998508 0.0545538 -0.103017 -0.0540304 0.993211 -0.179208 1.86216 1.95293</i>
                        <i>0.994294 -0.0128123 0.105901 0.00666725 0.998284 0.0581779 -0.106464 -0.0571399 0.992673 -0.179208 1.86 1.95293</i>
                        <i>0.994447 -0.0166565 0.103911 0.010307 0.998063 0.0613454 -0.104732 -0.0599338 0.992693 -0.179208 1.85712 1.95293</i>
                        <i>0.995479 -0.0180852 0.0932422 0.0121397 0.99788 0.0639408 -0.0942009 -0.0625198 0.993588 -0.179208 1.85568 1.95293</i>
                        <i>0.997462 -0.0164876 0.0692688 0.0118973 0.997738 0.0661645 -0.070203 -0.0651724 0.995402 -0.179208 1.85568 1.95293</i>
                        <i>0.999335 -0.0127882 0.03415 0.0104375 0.997621 0.0681471 -0.0349402 -0.0677454 0.997091 -0.179208 1.85568 1.95293</i>
                        <i>0.999953 -0.00798489 -0.00542685 0.00834371 0.997535 0.0696763 0.00485712 -0.0697183 0.997555 -0.179208 1.85568 1.95293</i>
                        <i>0.999082 -0.00310802 -0.0427149 0.00612139 0.997486 0.0705977 0.0423881 -0.0707944 0.99659 -0.179208 1.85568 1.95293</i>
                        <i>0.997477 0.000808829 -0.0709881 0.00423196 0.997479 0.0708297 0.0708665 -0.0709514 0.994959 -0.179208 1.85568 1.95293</i>
                        <i>0.996496 0.00275472 -0.083591 0.00314271 0.997518 0.0703376 0.0835773 -0.0703538 0.994015 -0.179208 1.85568 1.95293</i>
                        <i>0.996291 0.00332537 -0.0859794 0.00266734 0.997579 0.0694906 0.0860024 -0.0694622 0.99387 -0.179208 1.85584 1.95293</i>
                        <i>0.99611 0.00378654 -0.0880383 0.00227729 0.997636 0.0686749 0.0880902 -0.0686082 0.993747 -0.179208 1.8563 1.95293</i>
                        <i>0.995952 0.00414613 -0.0897857 0.00196601 0.997692 0.0678795 0.0898599 -0.0677812 0.993645 -0.179208 1.85703 1.95293</i>
                        <i>0.995819 0.00441202 -0.0912398 0.00172674 0.997745 0.0670934 0.0913301 -0.0669705 0.993566 -0.179208 1.85798 1.95293</i>
                        <i>0.99571 0.00459208 -0.0924189 0.0015526 0.997798 0.0663057 0.0925199 -0.0661648 0.99351 -0.179208 1.85912 1.95293</i>
                        <i>0.995623 0.00469415 -0.0933409 0.00143656 0.997851 0.0655055 0.0934478 -0.0653529 0.993477 -0.179208 1.86041 1.95293</i>
                        <i>0.995559 0.00472606 -0.0940239 0.00137155 0.997905 0.0646816 0.0941326 -0.0645233 0.993467 -0.179208 1.86182 1.95293</i>
                        <i>0.995515 0.00469563 -0.0944861 0.00135041 0.99796 0.0638231 0.0945931 -0.0636645 0.993478 -0.179208 1.8633 1.95293</i>
                        <i>0.995491 0.00461066 -0.0947454 0.00136593 0.998018 0.062919 0.0948477 -0.0627647 0.993511 -0.179208 1.86481 1.95293</i>
                        <i>0.995484 0.00447894 -0.09482 0.00141091 0.998078 0.0619582 0.0949152 -0.0618122 0.993564 -0.179208 1.86633 1.95293</i>
                        <i>0.995494 0.00430829 -0.0947277 0.00147811 0.998141 0.0609297 0.0948141 -0.0607951 0.993637 -0.179208 1.86781 1.95293</i>
                        <i>0.995518 0.00410647 -0.0944866 0.00156029 0.998208 0.0598223 0.0945629 -0.0597016 0.993727 -0.179208 1.86921 1.95293</i>
                        <i>0.995554 0.00388129 -0.0941147 0.00165021 0.998279 0.0586251 0.0941802 -0.0585197 0.993834 -0.179208 1.8705 1.95293</i>
                        <i>0.9956 0.00364052 -0.09363 0.00174065 0.998354 0.057327 0.0936846 -0.0572377 0.993955 -0.179208 1.87164 1.95293</i>
                        <i>0.995656 0.00339197 -0.0930506 0.00182436 0.998434 0.0559168 0.0930945 -0.0558437 0.99409 -0.179208 1.8726 1.95293</i>
                        <i>0.995718 0.00314343 -0.0923943 0.00189408 0.998518 0.0543836 0.0924284 -0.0543257 0.994236 -0.179208 1.87332 1.95293</i>
                        <i>0.995784 0.00290268 -0.0916793 0.00194253 0.998608 0.0527162 0.0917046 -0.0526721 0.994392 -0.179208 1.87379 1.95293</i>
                        <i>0.995854 0.00267755 -0.0909234 0.0019624 0.998702 0.0509036 0.0909417 -0.050871 0.994556 -0.179208 1.87395 1.95293</i>
                        <i>0.995926 0.00247582 -0.0901449 0.00194629 0.9988 0.0489348 0.0901578 -0.0489108 0.994726 -0.179208 1.87377 1.95293</i>
                        <i>0.995997 0.00230532 -0.0893615 0.00188675 0.998903 0.0467985 0.0893713 -0.0467798 0.994899 -0.179208 1.87322 1.95293</i>
                        <i>0.996066 0.00217385 -0.0885914 0.00177618 0.999009 0.0444839 0.0886003 -0.0444662 0.995074 -0.179208 1.87226 1.95293</i>
                        <i>0.996131 0.00208924 -0.0878526 0.00160685 0.999117 0.0419798 0.0878628 -0.0419585 0.995248 -0.179208 1.87084 1.95293</i>
                        <i>0.996192 0.0020593 -0.0871632 0.00137087 0.999227 0.0392752 0.0871767 -0.0392451 0.99542 -0.179208 1.86894 1.95293</i>
                        <i>0.996246 0.00209185 -0.0865411 0.000232972 0.99964 0.0268449 0.086566 -0.0267643 0.995887 -0.179208 1.8665 1.95293</i>
                        <i>0.996292 0.0021947 -0.0860044 -0.00175474 0.999985 0.00519079 0.0860145 -0.00502062 0.996281 -0.179208 1.86351 1.95293</i>
                        <i>0.996329 0.00237568 -0.0855711 -0.00329768 0.999938 -0.0106349 0.0855405 0.010878 0.996275 -0.179208 1.85991 1.95293</i>
                        <i>0.996355 0.00264261 -0.0852593 -0.00312932 0.99998 -0.00557553 0.0852429 0.00582202 0.996343 -0.179208 1.85568 1.95293</i>
                        <i>0.996399 0.00382823 -0.0846971 -0.00117563 0.999508 0.0313464 0.0847754 -0.0311339 0.995914 -0.179208 1.72776 1.95293</i>
                        <i>0.996489 0.00622931 -0.0834861 0.00128488 0.995972 0.0896507 0.0837083 -0.0894433 0.992468 -0.179208 1.73459 1.95293</i>
                        <i>0.996624 0.00904967 -0.081605 0.00348036 0.988357 0.15211 0.0820314 -0.15188 0.984989 -0.179208 1.76131 1.95293</i>
                        <i>0.996806 0.0114929 -0.0790322 0.00470449 0.979423 0.201764 0.0797248 -0.201491 0.97624 -0.179208 1.79322 1.95293</i>
                        <i>0.997045 0.0127618 -0.0757463 0.00440645 0.974976 0.222267 0.0766873 -0.221944 0.972039 -0.179208 1.81565 1.95293</i>
                        <i>0.997295 0.013146 -0.0723148 0.00218899 0.978126 0.208 0.0734673 -0.207596 0.975452 -0.179208 1.82736 1.95293</i>
                        <i>0.997529 0.0134698 -0.0689509 -0.00149858 0.985304 0.170803 0.0702383 -0.170277 0.98289 -0.179208 1.83694 1.95293</i>
                        <i>0.997784 0.0137381 -0.0651007 -0.00578494 0.992658 0.120814 0.0662825 -0.12017 0.990538 -0.179208 1.84449 1.95293</i>
                        <i>0.998088 0.0139554 -0.0602098 -0.00981581 0.997602 0.0685081 0.0610215 -0.0677861 0.995832 -0.179208 1.85008 1.95293</i>
                        <i>0.998456 0.0141261 -0.0537228 -0.0128169 0.999614 0.0246372 0.0540501 -0.0239106 0.998252 -0.179208 1.85378 1.95293</i>
                        <i>0.998882 0.0142545 -0.0450838 -0.0142691 0.999898 5.42101e-020 0.0450792 0.000643304 0.998983 -0.179208 1.85568 1.95293</i>
                        <i>0.999299 0.0143439 -0.0345776 -0.0147042 0.99984 -0.0101894 0.034426 0.0106907 0.99935 -0.179208 1.85665 1.95293</i>
                        <i>0.999632 0.0143973 -0.0229914 -0.0148137 0.999727 -0.0180442 0.0227254 0.0183781 0.999573 -0.179208 1.85754 1.95293</i>
                        <i>0.999841 0.0144184 -0.0105222 -0.0146657 0.999609 -0.0238183 0.0101747 0.0239688 0.999661 -0.179208 1.85835 1.95293</i>
                        <i>0.999893 0.0144109 0.00263191 -0.0143324 0.999512 -0.0277666 -0.00303077 0.0277259 0.999611 -0.179208 1.85908 1.95293</i>
                        <i>0.999764 0.0143789 0.0162723 -0.0138837 0.999449 -0.0301455 -0.0166968 0.0299124 0.999413 -0.179208 1.85973 1.95293</i>
                        <i>0.999441 0.0143264 0.0301997 -0.013383 0.999423 -0.0312128 -0.0306294 0.0307912 0.999056 -0.179208 1.86032 1.95293</i>
                        <i>0.99892 0.0142576 0.0442145 -0.0128826 0.999429 -0.0312278 -0.0446345 0.0306245 0.998534 -0.179208 1.86084 1.95293</i>
                        <i>0.998209 0.014177 0.0581177 -0.0124218 0.999459 -0.0304507 -0.0585179 0.0296742 0.997845 -0.179208 1.86129 1.95293</i>
                        <i>0.997326 0.0140891 0.0717106 -0.0120245 0.999503 -0.0291421 -0.0720856 0.0282019 0.997 -0.179208 1.86168 1.95293</i>
                        <i>0.9963 0.0139987 0.0847958 -0.0116985 0.999552 -0.0275629 -0.0851436 0.0264689 0.996017 -0.179208 1.86201 1.95293</i>
                        <i>0.99517 0.0139106 0.0971766 -0.0114363 0.999597 -0.0259729 -0.0974988 0.0247361 0.994928 -0.179208 1.86228 1.95293</i>
                        <i>0.993983 0.0138298 0.108658 -0.0112158 0.999634 -0.0246313 -0.108959 0.0232644 0.993774 -0.179208 1.8625 1.95293</i>
                        <i>0.992793 0.0137611 0.119047 -0.0110028 0.999656 -0.0237956 -0.119334 0.0223142 0.992603 -0.179208 1.86268 1.95293</i>
                        <i>0.99166 0.0137095 0.128151 -0.0107546 0.999661 -0.0237222 -0.128432 0.0221462 0.991471 -0.179208 1.86281 1.95293</i>
                        <i>0.990645 0.0136802 0.135778 -0.0104237 0.999641 -0.0246665 -0.136067 0.0230204 0.990432 -0.179208 1.86289 1.95293</i>
                        <i>0.98981 0.0136782 0.141738 -0.00996366 0.999589 -0.0268835 -0.142048 0.0251973 0.989539 -0.179208 1.86294 1.95293</i>
                        <i>0.989103 0.0137082 0.146583 -0.00886265 0.999394 -0.0336585 -0.146956 0.0319927 0.988626 -0.179208 1.86295 1.95293</i>
                        <i>0.988439 0.0137684 0.150991 -0.00708979 0.998976 -0.0446813 -0.151452 0.0430942 0.987525 -0.179208 1.86292 1.95293</i>
                        <i>0.987823 0.0138539 0.154964 -0.00540235 0.998481 -0.0548277 -0.155488 0.0533229 0.986398 -0.179208 1.86287 1.95293</i>
                        <i>0.98726 0.0139597 0.158502 -0.00464346 0.998247 -0.0589959 -0.159048 0.0575083 0.985595 -0.179208 1.86279 1.95293</i>
                        <i>0.986755 0.0140809 0.161607 -0.00507324 0.998417 -0.0560161 -0.16214 0.0544542 0.985264 -0.179208 1.86268 1.95293</i>
                        <i>0.986311 0.0142125 0.164279 -0.00617594 0.998764 -0.0493276 -0.164777 0.0476377 0.98518 -0.179208 1.86256 1.95293</i>
                        <i>0.985934 0.0143495 0.16652 -0.00765881 0.99914 -0.0407521 -0.166962 0.0389035 0.985196 -0.179208 1.86242 1.95293</i>
                        <i>0.985624 0.014487 0.168331 -0.00920614 0.999442 -0.0321102 -0.168702 0.0300989 0.985207 -0.179208 1.86226 1.95293</i>
                        <i>0.985385 0.0146201 0.169712 -0.0104875 0.999627 -0.025222 -0.170017 0.0230735 0.985171 -0.179208 1.86209 1.95293</i>
                        <i>0.985219 0.0147439 0.170663 -0.0111657 0.999698 -0.0219074 -0.170935 0.019678 0.985086 -0.179208 1.86192 1.95293</i>
                        <i>0.985127 0.0148533 0.171186 -0.010613 0.999614 -0.0256589 -0.171501 0.0234605 0.984905 -0.179208 1.86174 1.95293</i>
                        <i>0.985109 0.0149434 0.171281 -0.00904818 0.999341 -0.0351478 -0.171693 0.0330746 0.984595 -0.179208 1.86156 1.95293</i>
                        <i>0.985166 0.0150093 0.170948 -0.00741713 0.998961 -0.0449646 -0.171445 0.0430297 0.984254 -0.179208 1.86138 1.95293</i>
                        <i>0.985297 0.0150459 0.170187 -0.00666565 0.998742 -0.0497062 -0.170721 0.0478409 0.984157 -0.179208 1.86121 1.95293</i>
                        <i>0.985501 0.0150483 0.169 -0.00652154 0.998683 -0.0508964 -0.169543 0.0490563 0.984301 -0.179208 1.86105 1.95293</i>
                        <i>0.985777 0.0150113 0.167385 -0.00621051 0.998576 -0.0529782 -0.167942 0.0511852 0.984467 -0.179208 1.86089 1.95293</i>
                        <i>0.986123 0.0149299 0.165343 -0.00590708 0.998473 -0.0549284 -0.16591 0.0531894 0.984705 -0.179208 1.86076 1.95293</i>
                        <i>0.986536 0.014799 0.162873 -0.00577784 0.99843 -0.0557224 -0.163442 0.0540311 0.985072 -0.179208 1.86064 1.95293</i>
                        <i>0.987013 0.0146134 0.159977 -0.00597698 0.998505 -0.0543341 -0.160531 0.0526723 0.985624 -0.179208 1.86054 1.95293</i>
                        <i>0.987549 0.0143679 0.156652 -0.00664168 0.99874 -0.0497334 -0.15717 0.0480737 0.986401 -0.179208 1.86046 1.95293</i>
                        <i>0.988142 0.0140574 0.1529 -0.00788741 0.999133 -0.0408849 -0.153342 0.0391941 0.987396 -0.179208 1.86042 1.95293</i>
                        <i>0.988785 0.0136765 0.148719 -0.00980304 0.999594 -0.0267472 -0.149025 0.0249893 0.988518 -0.179208 1.8604 1.95293</i>
                        <i>0.98973 0.0130832 0.142352 -0.0121483 0.999899 -0.00743476 -0.142435 0.00562907 0.989788 -0.179208 1.86031 1.95293</i>
                        <i>0.991115 0.0121737 0.132446 -0.0143928 0.999771 0.0158101 -0.132224 -0.0175759 0.991064 -0.179208 1.86006 1.95293</i>
                        <i>0.99276 0.0110001 0.119614 -0.0161685 0.998973 0.0423253 -0.119026 -0.0439528 0.991918 -0.179208 1.85968 1.95293</i>
                        <i>0.994482 0.00961519 0.104468 -0.017145 0.997299 0.0714206 -0.1035 -0.0728176 0.99196 -0.179208 1.85919 1.95293</i>
                        <i>0.996121 0.00807317 0.0876279 -0.0170667 0.994599 0.102375 -0.0863281 -0.103474 0.990879 -0.179208 1.85863 1.95293</i>
                        <i>0.997546 0.00642976 0.0697163 -0.0157823 0.990795 0.134444 -0.0682101 -0.135215 0.988466 -0.179208 1.85802 1.95293</i>
                        <i>0.998669 0.00474222 0.0513636 -0.0132639 0.98589 0.166868 -0.0498475 -0.167327 0.98464 -0.179208 1.85739 1.95293</i>
                        <i>0.999444 0.00306884 0.0332031 -0.0096165 0.979975 0.19889 -0.0319278 -0.199099 0.979459 -0.179208 1.85677 1.95293</i>
                        <i>0.999873 0.0014685 0.0158701 -0.00507638 0.973231 0.229775 -0.0151078 -0.229826 0.973114 -0.179208 1.85619 1.95293</i>
                        <i>1 0 0 0 0.965926 0.258819 0 -0.258819 0.965926 -0.179208 1.85568 1.95293</i>
                    </KeyFrames>
                </p>
            </i>
            <i>
                <p>
