<?xml version="1.0" encoding="ISO-8859-1" ?>
<Animl Version="1">
    <ModellingPackage><![CDATA[Maya.2010]]></ModellingPackage>
    <SrcFile><![CDATA[anims\vehicles\blue\~src\air\transport_c130\transport_c130_maxspeed_turn_left.mb]]></SrcFile>
    <FramesPerSecond>30</FramesPerSecond>
    <TotalFrames>61</TotalFrames>
    <Skeleton>
        <RefFrame>
            <Name><![CDATA[c130_ref_frame]]></Name>
            <Exclude>0</Exclude>
            <Additive>0</Additive>
            <IKPriority>0</IKPriority>
            <IKRotLimits>-1e+010 -1e+010 -1e+010 1e+010 1e+010 1e+010</IKRotLimits>
            <IKRotLimitOrder>0</IKRotLimitOrder>
            <KeyFrames count="61">
                <i>1 0 0 0 1 0 0 0 1 0 0 0</i>
                <i>1 0 0 0 1 0 0 0 1 0 0 0</i>
                <i>1 0 0 0 1 0 0 0 1 0 0 0</i>
                <i>1 0 0 0 1 0 0 0 1 0 0 0</i>
                <i>1 0 0 0 1 0 0 0 1 0 0 0</i>
                <i>1 0 0 0 1 0 0 0 1 0 0 0</i>
                <i>1 0 0 0 1 0 0 0 1 0 0 0</i>
                <i>1 0 0 0 1 0 0 0 1 0 0 0</i>
                <i>1 0 0 0 1 0 0 0 1 0 0 0</i>
                <i>1 0 0 0 1 0 0 0 1 0 0 0</i>
                <i>1 0 0 0 1 0 0 0 1 0 0 0</i>
                <i>1 0 0 0 1 0 0 0 1 0 0 0</i>
                <i>1 0 0 0 1 0 0 0 1 0 0 0</i>
                <i>1 0 0 0 1 0 0 0 1 0 0 0</i>
                <i>1 0 0 0 1 0 0 0 1 0 0 0</i>
                <i>1 0 0 0 1 0 0 0 1 0 0 0</i>
                <i>1 0 0 0 1 0 0 0 1 0 0 0</i>
                <i>1 0 0 0 1 0 0 0 1 0 0 0</i>
                <i>1 0 0 0 1 0 0 0 1 0 0 0</i>
                <i>1 0 0 0 1 0 0 0 1 0 0 0</i>
                <i>1 0 0 0 1 0 0 0 1 0 0 0</i>
                <i>1 0 0 0 1 0 0 0 1 0 0 0</i>
                <i>1 0 0 0 1 0 0 0 1 0 0 0</i>
                <i>1 0 0 0 1 0 0 0 1 0 0 0</i>
                <i>1 0 0 0 1 0 0 0 1 0 0 0</i>
                <i>1 0 0 0 1 0 0 0 1 0 0 0</i>
                <i>1 0 0 0 1 0 0 0 1 0 0 0</i>
                <i>1 0 0 0 1 0 0 0 1 0 0 0</i>
                <i>1 0 0 0 1 0 0 0 1 0 0 0</i>
                <i>1 0 0 0 1 0 0 0 1 0 0 0</i>
                <i>1 0 0 0 1 0 0 0 1 0 0 0</i>
                <i>1 0 0 0 1 0 0 0 1 0 0 0</i>
                <i>1 0 0 0 1 0 0 0 1 0 0 0</i>
                <i>1 0 0 0 1 0 0 0 1 0 0 0</i>
                <i>1 0 0 0 1 0 0 0 1 0 0 0</i>
                <i>1 0 0 0 1 0 0 0 1 0 0 0</i>
                <i>1 0 0 0 1 0 0 0 1 0 0 0</i>
                <i>1 0 0 0 1 0 0 0 1 0 0 0</i>
                <i>1 0 0 0 1 0 0 0 1 0 0 0</i>
                <i>1 0 0 0 1 0 0 0 1 0 0 0</i>
                <i>1 0 0 0 1 0 0 0 1 0 0 0</i>
                <i>1 0 0 0 1 0 0 0 1 0 0 0</i>
                <i>1 0 0 0 1 0 0 0 1 0 0 0</i>
                <i>1 0 0 0 1 0 0 0 1 0 0 0</i>
                <i>1 0 0 0 1 0 0 0 1 0 0 0</i>
                <i>1 0 0 0 1 0 0 0 1 0 0 0</i>
                <i>1 0 0 0 1 0 0 0 1 0 0 0</i>
                <i>1 0 0 0 1 0 0 0 1 0 0 0</i>
                <i>1 0 0 0 1 0 0 0 1 0 0 0</i>
                <i>1 0 0 0 1 0 0 0 1 0 0 0</i>
                <i>1 0 0 0 1 0 0 0 1 0 0 0</i>
                <i>1 0 0 0 1 0 0 0 1 0 0 0</i>
                <i>1 0 0 0 1 0 0 0 1 0 0 0</i>
                <i>1 0 0 0 1 0 0 0 1 0 0 0</i>
                <i>1 0 0 0 1 0 0 0 1 0 0 0</i>
                <i>1 0 0 0 1 0 0 0 1 0 0 0</i>
                <i>1 0 0 0 1 0 0 0 1 0 0 0</i>
                <i>1 0 0 0 1 0 0 0 1 0 0 0</i>
                <i>1 0 0 0 1 0 0 0 1 0 0 0</i>
                <i>1 0 0 0 1 0 0 0 1 0 0 0</i>
                <i>1 0 0 0 1 0 0 0 1 0 0 0</i>
            </KeyFrames>
        </RefFrame>
        <Bones count="13">
            <i>
                <p>
                    <Name><![CDATA[c130_root]]></Name>
                    <Exclude>0</Exclude>
                    <Additive>0</Additive>
                    <IKPriority>0</IKPriority>
                    <IKRotLimits>-1e+010 -1e+010 -1e+010 1e+010 1e+010 1e+010</IKRotLimits>
                    <IKRotLimitOrder>0</IKRotLimitOrder>
                    <KeyFrames count="61">
                        <i>0.999984 0.00566062 -3.38813e-021 -0.00566041 0.999947 0.00864567 4.89398e-005 -0.00864553 0.999963 0.00104008 -0.00595285 -0.00704481</i>
                        <i>0.999986 0.00528975 -1.70455e-005 -0.00528939 0.999946 0.00897548 6.45226e-005 -0.00897526 0.99996 0.0026851 0.00422251 -0.00398561</i>
                        <i>0.999988 0.0048502 -3.59617e-005 -0.00484965 0.999945 0.00931344 8.11318e-005 -0.00931316 0.999957 0.0100872 -0.01327 -0.00251053</i>
                        <i>0.999991 0.0043411 -5.63747e-005 -0.00434035 0.999944 0.00965752 9.82958e-005 -0.00965718 0.999953 0.00197031 -0.0268395 -0.00212758</i>
                        <i>0.999993 0.00376163 -7.79101e-005 -0.00376066 0.999943 0.0100057 0.000115543 -0.0100053 0.99995 0.00780004 -0.0336439 -0.00144783</i>
                        <i>0.999995 0.00311093 -0.000100194 -0.00310972 0.999942 0.0103558 0.000132404 -0.0103555 0.999946 0.00294896 -0.0410628 0.000865682</i>
                        <i>0.999997 0.00238815 -0.000122852 -0.0023867 0.99994 0.010706 0.000148412 -0.0107057 0.999943 -0.000756578 -0.0455151 0.00174482</i>
                        <i>0.999999 0.00159245 -0.00014551 -0.00159074 0.999938 0.0110542 0.000163104 -0.0110539 0.999939 -0.00172915 -0.0653869 0.00385904</i>
                        <i>1 0.00086104 -0.000167793 -0.000859071 0.999935 0.0113982 0.000177597 -0.0113981 0.999935 -0.00156482 -0.0780589 0.00160977</i>
                        <i>1 0.000121953 -0.000189329 -0.000119723 0.999931 0.0117362 0.000190747 -0.0117362 0.999931 0.00369406 -0.0788303 0.000546745</i>
                        <i>1 -0.00061632 -0.000209742 0.000618806 0.999927 0.012066 0.00020229 -0.0120661 0.999927 0.0041126 -0.0833942 -0.000645471</i>
                        <i>0.999999 -0.00134529 -0.000228658 0.00134802 0.999922 0.0123856 0.000211978 -0.0123859 0.999923 -0.00720714 -0.0932133 0.00069032</i>
                        <i>0.999998 -0.00205645 -0.000245703 0.0020594 0.999917 0.012693 0.00021958 -0.0126935 0.999919 -0.0163024 -0.100769 0.00229615</i>
                        <i>0.999996 -0.00274132 -0.000260504 0.00274447 0.999912 0.0129861 0.000224882 -0.0129868 0.999916 0.000342135 -0.0987458 0.000174687</i>
                        <i>0.999994 -0.00339141 -0.000272685 0.00339472 0.999906 0.013263 0.00022768 -0.0132638 0.999912 0.00812069 -0.0961817 -0.00184541</i>
                        <i>0.999992 -0.00399821 -0.000281873 0.00400165 0.999901 0.0135214 0.000227784 -0.0135225 0.999909 -0.000421987 -0.095041 0.00521899</i>
                        <i>0.99999 -0.00455323 -0.000287694 0.00455672 0.999897 0.0135905 0.000225783 -0.0135917 0.999908 0.00808113 -0.0825407 0.0076036</i>
                        <i>0.999987 -0.00504799 -0.000289773 0.00505142 0.999897 0.013405 0.000222075 -0.0134063 0.99991 0.00076025 -0.0799543 0.00436942</i>
                        <i>0.999985 -0.00547399 -0.000287736 0.0054773 0.999899 0.0131214 0.000215881 -0.0131228 0.999914 -0.00334016 -0.0736514 -0.00150139</i>
                        <i>0.999983 -0.00582274 -0.000282151 0.00582588 0.999901 0.0128331 0.000207399 -0.0128346 0.999918 0.00276882 -0.088665 -0.00123855</i>
                        <i>0.999981 -0.00608573 -0.000273968 0.00608869 0.999903 0.01253 0.000197687 -0.0125315 0.999921 0.0125347 -0.0681631 0.0013742</i>
                        <i>0.99998 -0.00625449 -0.000263386 0.00625724 0.999906 0.0122139 0.00018697 -0.0122153 0.999925 -0.0099462 -0.0599886 0.00195852</i>
                        <i>0.99998 -0.00632052 -0.000250606 0.00632305 0.999909 0.0118863 0.000175456 -0.0118876 0.999929 0.00973046 -0.0474198 0.000270617</i>
                        <i>0.99998 -0.00627532 -0.000235828 0.00627762 0.999914 0.011549 0.000163335 -0.0115502 0.999933 -0.00982997 -0.0340721 -0.000127017</i>
                        <i>0.999981 -0.00614098 -0.000219253 0.00614305 0.999918 0.0112037 0.000150433 -0.0112048 0.999937 -0.00729838 -0.0444321 0.000228583</i>
                        <i>0.999982 -0.00594801 -0.000201079 0.00594984 0.999923 0.010852 0.000136515 -0.010853 0.999941 0.0010401 -0.0358775 -0.00307949</i>
                        <i>0.999984 -0.00570056 -0.000181507 0.00570215 0.999929 0.0104958 0.000121662 -0.0104967 0.999945 0.00268508 -0.00726782 -0.00330958</i>
                        <i>0.999985 -0.00540279 -0.000160737 0.00540414 0.999934 0.0101367 0.00010596 -0.0101374 0.999949 0.0100872 -0.00561983 -0.000800384</i>
                        <i>0.999987 -0.00505885 -0.00013897 0.00505996 0.999939 0.00977634 8.95047e-005 -0.00977692 0.999952 0.00197031 0.000400974 -0.000498056</i>
                        <i>0.999989 -0.00467287 -0.000116405 0.00467376 0.999945 0.00941649 7.23966e-005 -0.00941693 0.999956 0.00780001 0.0133801 0.000344053</i>
                        <i>0.999991 -0.00424903 -9.32425e-005 0.0042497 0.99995 0.00905882 5.47467e-005 -0.00905913 0.999959 0.00294896 0.0256813 0.00166294</i>
                        <i>0.999993 -0.00379146 -6.96822e-005 0.00379192 0.999955 0.00870503 3.66743e-005 -0.00870524 0.999962 -0.000756574 0.0406292 -0.00262698</i>
                        <i>0.999995 -0.00330432 -4.59245e-005 0.00330458 0.99996 0.00835684 1.83091e-005 -0.00835694 0.999965 -0.0017292 0.0395814 -0.00256767</i>
                        <i>0.999996 -0.00279175 -2.21694e-005 0.00279184 0.999964 0.00801592 -2.09845e-007 -0.00801595 0.999968 -0.00156483 0.0449004 -0.00170281</i>
                        <i>0.999997 -0.00225792 1.38306e-006 0.00225784 0.999968 0.00768399 -1.87328e-005 -0.00768397 0.99997 0.00369406 0.0610305 -0.00112943</i>
                        <i>0.999999 -0.00170696 2.45329e-005 0.00170673 0.999971 0.00736275 -3.71001e-005 -0.00736269 0.999973 0.00411258 0.0720223 -0.00323231</i>
                        <i>0.999999 -0.00114303 4.708e-005 0.00114267 0.999974 0.00705388 -5.51416e-005 -0.00705382 0.999975 -0.00720714 0.0761563 -0.000592633</i>
                        <i>1 -0.000570289 6.88242e-005 0.00056981 0.999977 0.00675909 -7.26772e-005 -0.00675905 0.999977 -0.0163024 0.0806946 -0.000787274</i>
                        <i>1 7.12328e-006 8.95655e-005 -7.70352e-006 0.999979 0.00648009 -8.95174e-005 -0.00648009 0.999979 0.000342164 0.0926967 0.000238434</i>
                        <i>1 0.000585054 0.000109104 -0.000585721 0.999981 0.00621856 -0.000105464 -0.00621862 0.999981 0.00812069 0.102867 -0.000768533</i>
                        <i>0.999999 0.00115935 0.000127239 -0.00116009 0.999981 0.00597621 -0.000120308 -0.00597635 0.999982 -0.000421989 0.108986 -0.000180627</i>
                        <i>0.999999 0.00172586 0.000143771 -0.00172666 0.999982 0.00575474 -0.000133837 -0.00575498 0.999983 0.00808111 0.124227 0.00142601</i>
                        <i>0.999997 0.00228043 0.000158501 -0.00228127 0.999982 0.00555584 -0.000145828 -0.00555619 0.999985 0.000760224 0.127877 -0.00126683</i>
                        <i>0.999996 0.00281892 0.000171226 -0.0028198 0.999982 0.00538122 -0.000156054 -0.00538168 0.999986 -0.00334016 0.133569 -0.00204481</i>
                        <i>0.999994 0.00333716 0.000181749 -0.00333807 0.999981 0.00523257 -0.000164284 -0.00523315 0.999986 0.00276885 0.116268 -0.00210116</i>
                        <i>0.999993 0.00383102 0.000189868 -0.00383194 0.99998 0.0051116 -0.000170282 -0.00511229 0.999987 0.0125347 0.132807 -0.00316728</i>
                        <i>0.999991 0.00429634 0.000194205 -0.00429726 0.999978 0.00503411 -0.000172572 -0.0050349 0.999987 -0.00994617 0.134478 0.00265896</i>
                        <i>0.999989 0.00472897 0.000193859 -0.00472988 0.999976 0.00501298 -0.000170148 -0.00501384 0.999987 0.00973047 0.137375 0.00623657</i>
                        <i>0.999987 0.00512475 0.000189351 -0.00512564 0.999974 0.00504554 -0.000163489 -0.00504644 0.999987 -0.00982986 0.138238 0.00725373</i>
                        <i>0.999985 0.00547955 0.000181202 -0.0054804 0.999972 0.00512909 -0.000153092 -0.00513 0.999987 -0.00729838 0.112934 0.00162365</i>
                        <i>0.999983 0.0057892 0.000169932 -0.00579001 0.999969 0.00526095 -0.00013947 -0.00526184 0.999986 0.0010401 0.104441 0.00228734</i>
                        <i>0.999982 0.00604956 0.00015606 -0.00605032 0.999967 0.00543843 -0.000123155 -0.00543928 0.999985 0.00268513 0.114254 0.00438636</i>
                        <i>0.99998 0.00625647 0.000140107 -0.00625717 0.999964 0.00565885 -0.000104698 -0.00565962 0.999984 0.0100872 0.0957107 0.0053368</i>
                        <i>0.999979 0.00640461 0.000122594 -0.00640522 0.999962 0.00591953 -8.46768e-005 -0.00592019 0.999982 0.00197031 0.0805004 0.00183571</i>
                        <i>0.999979 0.00649083 0.00010404 -0.00649136 0.99996 0.00621777 -6.36771e-005 -0.00621831 0.999981 0.00780007 0.0715634 -0.00167372</i>
                        <i>0.999979 0.0065143 8.49658e-005 -0.00651472 0.999957 0.00655088 -4.22877e-005 -0.0065513 0.999979 0.00294896 0.0616182 -0.00115832</i>
                        <i>0.999979 0.00647416 6.58917e-005 -0.00647446 0.999955 0.0069162 -2.11121e-005 -0.00691648 0.999976 -0.000756578 0.0543443 -0.00203974</i>
                        <i>0.99998 0.00636957 4.73378e-005 -0.00636975 0.999953 0.00731102 -7.67569e-007 -0.00731117 0.999973 -0.0017292 0.0314538 -0.00213381</i>
                        <i>0.999981 0.00619968 2.98244e-005 -0.00619973 0.999951 0.00773266 1.81171e-005 -0.0077327 0.99997 -0.00156483 0.0156639 -0.000739473</i>
                        <i>0.999982 0.00596365 1.38717e-005 -0.00596356 0.999949 0.00817844 3.49023e-005 -0.00817838 0.999967 0.00369407 0.011774 -0.000463273</i>
                        <i>0.999984 0.00566062 -3.38813e-021 -0.00566041 0.999947 0.00864567 4.89398e-005 -0.00864553 0.999963 0.00411262 0.00418903 -0.00011883</i>
                    </KeyFrames>
                </p>
            </i>
            <i>
                <p>
                    <Name><![CDATA[rudder]]></Name>
                    <Exclude>0</Exclude>
                    <Additive>0</Additive>
                    <IKPriority>0</IKPriority>
                    <IKRotLimits>-1e+010 -1e+010 -1e+010 1e+010 1e+010 1e+010</IKRotLimits>
                    <IKRotLimitOrder>0</IKRotLimitOrder>
                    <KeyFrames count="61">
                        <i>0.963569 -0.00309458 0.267441 -0.00565773 0.999474 0.0319493 -0.267399 -0.0322985 0.963044 -0.0401618 7.27261 -20.8452</i>
                        <i>0.963573 -0.00354013 0.267422 -0.00528645 0.999465 0.032279 -0.267393 -0.0325168 0.963039 -0.0362088 7.28967 -20.8398</i>
                        <i>0.963577 -0.00405404 0.267401 -0.00484644 0.999456 0.0326168 -0.267388 -0.0327247 0.963033 -0.0260325 7.27924 -20.8358</i>
                        <i>0.96358 -0.00463659 0.267378 -0.00433688 0.999447 0.0329607 -0.267383 -0.0329198 0.963028 -0.030893 7.27285 -20.8329</i>
                        <i>0.963584 -0.00528805 0.267354 -0.00375695 0.999438 0.0333086 -0.26738 -0.0331001 0.963022 -0.021309 7.27332 -20.8297</i>
                        <i>0.963586 -0.00600869 0.26733 -0.00310579 0.999429 0.0336586 -0.267379 -0.0332633 0.963017 -0.0218919 7.27321 -20.8248</i>
                        <i>0.963588 -0.00679879 0.267305 -0.00238259 0.999419 0.0340086 -0.267381 -0.0334072 0.963012 -0.0207998 7.27606 -20.8214</i>
                        <i>0.963589 -0.00765862 0.26728 -0.00158651 0.999408 0.0343566 -0.267385 -0.0335297 0.963006 -0.0164295 7.26345 -20.8167</i>
                        <i>0.963589 -0.0084554 0.267255 -0.000854699 0.999397 0.0347005 -0.267388 -0.0336654 0.963001 -0.0113745 7.25795 -20.8164</i>
                        <i>0.963588 -0.00925795 0.267231 -0.000115245 0.999386 0.0350382 -0.267392 -0.0337932 0.962995 -0.00114243 7.26422 -20.815</i>
                        <i>0.963586 -0.0100575 0.267209 0.000623353 0.999374 0.0353679 -0.267397 -0.0339134 0.962989 0.00427712 7.26652 -20.8138</i>
                        <i>0.963584 -0.0108454 0.267187 0.00135259 0.999362 0.0356873 -0.267404 -0.0340263 0.962984 -0.002069 7.26336 -20.8101</i>
                        <i>0.96358 -0.0116129 0.267168 0.00206396 0.99935 0.0359945 -0.267412 -0.0341322 0.962978 -0.00627351 7.26219 -20.8062</i>
                        <i>0.963576 -0.0123513 0.267151 0.00274897 0.999338 0.0362875 -0.267422 -0.0342313 0.962971 0.015123 7.27031 -20.8062</i>
                        <i>0.96357 -0.0130517 0.267136 0.00339911 0.999326 0.0365642 -0.267433 -0.0343241 0.962965 0.0274587 7.27862 -20.8062</i>
                        <i>0.963564 -0.0137055 0.267125 0.00400588 0.999314 0.0368225 -0.267446 -0.0344108 0.962958 0.023222 7.28513 -20.7972</i>
                        <i>0.963558 -0.0142588 0.267119 0.00456075 0.999309 0.0368915 -0.26746 -0.0343289 0.962957 0.0357069 7.29905 -20.7943</i>
                        <i>0.963552 -0.0146859 0.267118 0.00505523 0.999313 0.0367061 -0.267474 -0.0340179 0.962964 0.0319751 7.29776 -20.7989</i>
                        <i>0.963545 -0.0150206 0.267123 0.00548084 0.999321 0.0364227 -0.267489 -0.0336309 0.962974 0.0310271 7.29815 -20.8069</i>
                        <i>0.963539 -0.0152795 0.267131 0.00582913 0.99933 0.0361346 -0.267505 -0.0332599 0.962982 0.0397877 7.27713 -20.8087</i>
                        <i>0.963533 -0.0154519 0.267142 0.00609164 0.999339 0.0358317 -0.267519 -0.0328977 0.962991 0.0516221 7.29131 -20.8084</i>
                        <i>0.963528 -0.0155299 0.267155 0.0062599 0.99935 0.0355157 -0.267533 -0.032548 0.962999 0.0305615 7.2929 -20.8101</i>
                        <i>0.963524 -0.0155059 0.267171 0.00632542 0.999361 0.0351882 -0.267546 -0.0322148 0.963006 0.050946 7.29864 -20.8142</i>
                        <i>0.963522 -0.0153721 0.267188 0.00627972 0.999373 0.0348511 -0.267556 -0.0319019 0.963014 0.0313164 7.30497 -20.8171</i>
                        <i>0.96352 -0.0151503 0.267207 0.00614489 0.999386 0.034506 -0.267566 -0.0316053 0.963021 0.0331624 7.28742 -20.8193</i>
                        <i>0.963519 -0.0148703 0.267228 0.00595141 0.999399 0.0341546 -0.267575 -0.0313182 0.963028 0.0404203 7.28866 -20.8251</i>
                        <i>0.963517 -0.0145366 0.26725 0.00570344 0.999412 0.0337985 -0.267585 -0.0310412 0.963034 0.0406176 7.30986 -20.828</i>
                        <i>0.963517 -0.0141536 0.267274 0.00540515 0.999426 0.0334396 -0.267593 -0.030775 0.96304 0.0462325 7.30404 -20.8281</i>
                        <i>0.963516 -0.0137258 0.267298 0.00506068 0.99944 0.0330794 -0.267602 -0.0305199 0.963046 0.0360165 7.30256 -20.8304</i>
                        <i>0.963516 -0.0132576 0.267323 0.00467418 0.999454 0.0327197 -0.26761 -0.0302765 0.963051 0.0394624 7.30805 -20.8322</i>
                        <i>0.963516 -0.0127535 0.267348 0.00424982 0.999467 0.0323623 -0.267618 -0.0300454 0.963057 0.0319702 7.31291 -20.8335</i>
                        <i>0.963515 -0.012218 0.267374 0.00379175 0.99948 0.0320086 -0.267626 -0.029827 0.963061 0.0253929 7.3205 -20.8404</i>
                        <i>0.963515 -0.0116555 0.2674 0.00330411 0.999493 0.0316606 -0.267633 -0.029622 0.963065 0.0213449 7.31221 -20.8428</i>
                        <i>0.963515 -0.0110704 0.267425 0.00279108 0.999506 0.0313198 -0.26764 -0.0294307 0.963069 0.0182567 7.31043 -20.8445</i>
                        <i>0.963515 -0.0104673 0.267451 0.00225679 0.999517 0.0309881 -0.267646 -0.0292539 0.963073 0.0201123 7.31965 -20.8463</i>
                        <i>0.963514 -0.0098505 0.267476 0.0017054 0.999528 0.030667 -0.267652 -0.0290919 0.963076 0.0170028 7.32395 -20.8507</i>
                        <i>0.963514 -0.00922453 0.2675 0.00114108 0.999538 0.0303582 -0.267657 -0.0289453 0.96308 0.00205631 7.32165 -20.8503</i>
                        <i>0.963513 -0.00859383 0.267523 0.000567962 0.999548 0.0300636 -0.267661 -0.0288147 0.963082 -0.0107388 7.32005 -20.8527</i>
                        <i>0.963512 -0.00796286 0.267546 -9.7878e-006 0.999556 0.0297847 -0.267664 -0.0287005 0.963085 0.00215843 7.32623 -20.8536</i>
                        <i>0.963511 -0.00733607 0.267567 -0.00058802 0.999564 0.0295233 -0.267666 -0.0286033 0.963087 0.00616732 7.33095 -20.8565</i>
                        <i>0.963511 -0.00671792 0.267586 -0.00116258 0.999571 0.029281 -0.267668 -0.0285237 0.963089 -0.0061421 7.33201 -20.8577</i>
                        <i>0.96351 -0.00611285 0.267604 -0.00172931 0.999576 0.0290596 -0.267668 -0.028462 0.963091 -0.00137788 7.34263 -20.8577</i>
                        <i>0.963509 -0.00552532 0.267619 -0.00228405 0.999581 0.0288608 -0.267667 -0.0284189 0.963092 -0.012385 7.34213 -20.8618</i>
                        <i>0.963508 -0.00495979 0.267633 -0.00282267 0.999584 0.0286863 -0.267664 -0.0283949 0.963094 -0.0200942 7.34417 -20.8639</i>
                        <i>0.963508 -0.0044207 0.267644 -0.00334099 0.999587 0.0285377 -0.26766 -0.0283905 0.963095 -0.017492 7.32376 -20.865</i>
                        <i>0.963507 -0.00391251 0.267653 -0.00383487 0.999589 0.0284168 -0.267654 -0.0284062 0.963096 -0.0111064 7.33776 -20.8669</i>
                        <i>0.963508 -0.00344345 0.267658 -0.00430012 0.999589 0.0283393 -0.267645 -0.0284561 0.963097 -0.0368424 7.3378 -20.8617</i>
                        <i>0.963509 -0.00302095 0.267658 -0.00473256 0.999588 0.0283182 -0.267633 -0.0285515 0.963098 -0.0202872 7.34025 -20.8582</i>
                        <i>0.963512 -0.00264831 0.267653 -0.00512806 0.999585 0.0283507 -0.267617 -0.0286888 0.963098 -0.042796 7.34178 -20.857</i>
                        <i>0.963515 -0.00232879 0.267644 -0.00548248 0.999581 0.0284342 -0.267598 -0.0288642 0.963098 -0.043 7.3182 -20.862</i>
                        <i>0.963519 -0.00206568 0.267633 -0.00579169 0.999575 0.028566 -0.267578 -0.029074 0.963098 -0.0371439 7.31245 -20.8604</i>
                        <i>0.963523 -0.00186226 0.267618 -0.00605154 0.999569 0.0287435 -0.267556 -0.0293145 0.963096 -0.0376876 7.32595 -20.857</i>
                        <i>0.963528 -0.00172182 0.267601 -0.00625791 0.999561 0.0289638 -0.267533 -0.0295821 0.963094 -0.0321395 7.312 -20.8545</i>
                        <i>0.963534 -0.00164877 0.267582 -0.00640546 0.999552 0.0292244 -0.26751 -0.0298726 0.963092 -0.0417258 7.30221 -20.8561</i>
                        <i>0.963539 -0.00164543 0.267562 -0.00649108 0.999543 0.0295225 -0.267488 -0.0301828 0.963088 -0.0369463 7.29949 -20.8575</i>
                        <i>0.963545 -0.00171188 0.267541 -0.00651393 0.999533 0.0298555 -0.267467 -0.0305098 0.963084 -0.0424103 7.29649 -20.8545</i>
                        <i>0.963551 -0.00184823 0.267519 -0.0064732 0.999522 0.0302206 -0.267447 -0.0308508 0.963078 -0.0462727 7.29683 -20.8528</i>
                        <i>0.963556 -0.00205457 0.267498 -0.00636804 0.999511 0.0306153 -0.26743 -0.031203 0.963072 -0.0469272 7.28218 -20.85</i>
                        <i>0.963561 -0.00233101 0.267478 -0.00619762 0.999499 0.0310367 -0.267416 -0.0315635 0.963064 -0.0459507 7.27518 -20.8456</i>
                        <i>0.963566 -0.00267765 0.267459 -0.00596113 0.999487 0.0314823 -0.267406 -0.0319296 0.963055 -0.0393663 7.28059 -20.842</i>
                        <i>0.963569 -0.00309458 0.267441 -0.00565773 0.999474 0.0319493 -0.267399 -0.0322985 0.963044 -0.0370892 7.28275 -20.8383</i>
                    </KeyFrames>
                </p>
            </i>
            <i>
                <p>
                    <Name><![CDATA[l_taileron]]></Name>
                    <Exclude>0</Exclude>
                    <Additive>0</Additive>
                    <IKPriority>0</IKPriority>
                    <IKRotLimits>-1e+010 -1e+010 -1e+010 1e+010 1e+010 1e+010</IKRotLimits>
                    <IKRotLimitOrder>0</IKRotLimitOrder>
                    <KeyFrames count="61">
                        <i>0.999984 0.00566062 -3.38813e-021 -0.00543316 0.959801 0.280629 0.00158854 -0.280625 0.959816 5.16817 3.10058 -20.5482</i>
                        <i>0.999986 0.00528975 -1.70455e-005 -0.00507191 0.95971 0.280946 0.00150249 -0.280942 0.959724 5.17058 3.11561 -20.5442</i>
                        <i>0.999988 0.0048502 -3.59617e-005 -0.00464427 0.959617 0.28127 0.00139873 -0.281267 0.959629 5.17893 3.10278 -20.5418</i>
                        <i>0.999991 0.0043411 -5.63747e-005 -0.00414955 0.959523 0.281601 0.00127655 -0.281598 0.959532 5.17195 3.09365 -20.5405</i>
                        <i>0.999993 0.00376163 -7.79101e-005 -0.00358707 0.959427 0.281935 0.00113528 -0.281932 0.959434 5.17912 3.091 -20.5388</i>
                        <i>0.999995 0.00311093 -0.000100194 -0.00295614 0.95933 0.282271 0.000974242 -0.282269 0.959335 5.17582 3.0874 -20.5355</i>
                        <i>0.999997 0.00238815 -0.000122852 -0.00225608 0.959233 0.282607 0.000792749 -0.282605 0.959236 5.17389 3.0864 -20.5337</i>
                        <i>0.999999 0.00159245 -0.00014551 -0.0014862 0.959136 0.28294 0.000590131 -0.28294 0.959137 5.17493 3.06956 -20.5306</i>
                        <i>1 0.00086104 -0.000167793 -0.000778241 0.95904 0.28327 0.000404828 -0.28327 0.95904 5.17693 3.06016 -20.5319</i>
                        <i>1 0.000121953 -0.000189329 -6.32538e-005 0.958944 0.283595 0.000216141 -0.283595 0.958944 5.18406 3.0625 -20.532</i>
                        <i>1 -0.00061632 -0.000209742 0.000650507 0.95885 0.283911 2.61308e-005 -0.283911 0.958851 5.18638 3.06089 -20.5323</i>
                        <i>0.999999 -0.00134529 -0.000228658 0.0013548 0.958759 0.284217 -0.000163126 -0.284217 0.95876 5.17697 3.05385 -20.53</i>
                        <i>0.999998 -0.00205645 -0.000245703 0.00204137 0.95867 0.284512 -0.000349537 -0.284512 0.958672 5.16978 3.04892 -20.5275</i>
                        <i>0.999996 -0.00274132 -0.000260504 0.00270199 0.958585 0.284793 -0.000530995 -0.284793 0.958589 5.18829 3.05341 -20.5288</i>
                        <i>0.999994 -0.00339141 -0.000272685 0.00332843 0.958504 0.285058 -0.000705379 -0.285058 0.95851 5.19789 3.05828 -20.53</i>
                        <i>0.999992 -0.00399821 -0.000281873 0.00391245 0.958428 0.285306 -0.000870558 -0.285305 0.958436 5.19109 3.06158 -20.5222</i>
                        <i>0.99999 -0.00455323 -0.000287694 0.004446 0.958406 0.285372 -0.00102364 -0.285371 0.958417 5.20123 3.07262 -20.5196</i>
                        <i>0.999987 -0.00504799 -0.000289773 0.00492099 0.958457 0.285195 -0.00116193 -0.285192 0.95847 5.19541 3.06883 -20.5234</i>
                        <i>0.999985 -0.00547399 -0.000287736 0.00532908 0.958536 0.284923 -0.00128386 -0.28492 0.95855 5.19266 3.06709 -20.5302</i>
                        <i>0.999983 -0.00582274 -0.000282151 0.00566218 0.958616 0.284646 -0.00138695 -0.284643 0.958633 5.19994 3.04435 -20.5308</i>
                        <i>0.999981 -0.00608573 -0.000273968 0.00591241 0.958701 0.284356 -0.00146786 -0.284352 0.958719 5.21066 3.05726 -20.5291</i>
                        <i>0.99998 -0.00625449 -0.000263386 0.00607168 0.958789 0.284053 -0.00152407 -0.284049 0.958809 5.18889 3.05807 -20.5295</i>
                        <i>0.99998 -0.00632052 -0.000250606 0.00613186 0.958882 0.283738 -0.00155307 -0.283734 0.958902 5.20899 3.06356 -20.5321</i>
                        <i>0.99998 -0.00627532 -0.000235828 0.00608485 0.958978 0.283415 -0.00155237 -0.283411 0.958997 5.18955 3.07022 -20.5335</i>
                        <i>0.999981 -0.00614098 -0.000219253 0.00595185 0.959077 0.283084 -0.00152813 -0.28308 0.959095 5.19196 3.05346 -20.5342</i>
                        <i>0.999982 -0.00594801 -0.000201079 0.00576215 0.959177 0.282747 -0.00148891 -0.282743 0.959195 5.20003 3.0558 -20.5385</i>
                        <i>0.999984 -0.00570056 -0.000181507 0.00551978 0.959279 0.282405 -0.00143575 -0.282401 0.959295 5.20127 3.07838 -20.5397</i>
                        <i>0.999985 -0.00540279 -0.000160737 0.00522876 0.959382 0.28206 -0.0013697 -0.282057 0.959397 5.20814 3.0742 -20.5382</i>
                        <i>0.999987 -0.00505885 -0.00013897 0.0048931 0.959486 0.281715 -0.00129181 -0.281712 0.959498 5.19937 3.0746 -20.5389</i>
                        <i>0.999989 -0.00467287 -0.000116405 0.00451684 0.959589 0.281369 -0.0012031 -0.281367 0.9596 5.20444 3.08219 -20.5391</i>
                        <i>0.999991 -0.00424903 -9.32425e-005 0.004104 0.959691 0.281026 -0.0011046 -0.281024 0.9597 5.19873 3.08935 -20.5387</i>
                        <i>0.999993 -0.00379146 -6.96822e-005 0.0036586 0.959793 0.280686 -0.000997331 -0.280685 0.9598 5.19408 3.09941 -20.544</i>
                        <i>0.999995 -0.00330432 -4.59245e-005 0.00318468 0.959892 0.280352 -0.00088229 -0.280351 0.959897 5.19208 3.09373 -20.5449</i>
                        <i>0.999996 -0.00279175 -2.21694e-005 0.00268627 0.959989 0.280025 -0.000760478 -0.280024 0.959993 5.19115 3.09471 -20.5449</i>
                        <i>0.999997 -0.00225792 1.38306e-006 0.00216741 0.960083 0.279706 -0.000632881 -0.279706 0.960086 5.19525 3.10679 -20.5453</i>
                        <i>0.999999 -0.00170696 2.45329e-005 0.00163213 0.960174 0.279398 -0.000500476 -0.279397 0.960175 5.19445 3.11404 -20.5482</i>
                        <i>0.999999 -0.00114303 4.708e-005 0.00108447 0.960261 0.279101 -0.000364231 -0.279101 0.960262 5.18187 3.11476 -20.5464</i>
                        <i>1 -0.000570289 6.88242e-005 0.000528484 0.960344 0.278818 -0.000225102 -0.278818 0.960344 5.17148 3.11621 -20.5474</i>
                        <i>1 7.12328e-006 8.95655e-005 -3.17898e-005 0.960422 0.27855 -8.40364e-005 -0.27855 0.960422 5.1868 3.12547 -20.5471</i>
                        <i>1 0.000585054 0.000109104 -0.000592304 0.960494 0.278299 5.80262e-005 -0.278299 0.960495 5.19323 3.13327 -20.5488</i>
                        <i>0.999999 0.00115935 0.000127239 -0.00114901 0.960561 0.278066 0.000200154 -0.278066 0.960562 5.18332 3.13738 -20.5488</i>
                        <i>0.999999 0.00172586 0.000143771 -0.00169785 0.960622 0.277853 0.000341425 -0.277853 0.960623 5.19046 3.15101 -20.5478</i>
                        <i>0.999997 0.00228043 0.000158501 -0.00223477 0.960676 0.277662 0.000480922 -0.277662 0.960679 5.18177 3.15345 -20.551</i>
                        <i>0.999996 0.00281892 0.000171226 -0.00275572 0.960723 0.277495 0.000617733 -0.277494 0.960727 5.17631 3.15834 -20.5523</i>
                        <i>0.999994 0.00333716 0.000181749 -0.00325665 0.960763 0.277352 0.00075095 -0.277351 0.960768 5.18108 3.14067 -20.5527</i>
                        <i>0.999993 0.00383102 0.000189868 -0.00373349 0.960795 0.277236 0.00087967 -0.277234 0.960802 5.18952 3.15728 -20.5541</i>
                        <i>0.999991 0.00429634 0.000194205 -0.00418185 0.960814 0.277161 0.00100418 -0.277159 0.960823 5.16573 3.15977 -20.5485</i>
                        <i>0.999989 0.00472897 0.000193859 -0.00459745 0.960818 0.277141 0.00112433 -0.277139 0.960829 5.18409 3.16447 -20.545</i>
                        <i>0.999987 0.00512475 0.000189351 -0.00497645 0.960807 0.277172 0.00123851 -0.277169 0.96082 5.16324 3.16805 -20.5439</i>
                        <i>0.999985 0.00547955 0.000181202 -0.00531497 0.960782 0.277252 0.00134512 -0.277249 0.960797 5.16452 3.14629 -20.5493</i>
                        <i>0.999983 0.0057892 0.000169932 -0.00560917 0.960744 0.277379 0.00144254 -0.277375 0.960761 5.17167 3.14211 -20.5483</i>
                        <i>0.999982 0.00604956 0.00015606 -0.00585519 0.960693 0.27755 0.00152913 -0.277545 0.960711 5.17222 3.15692 -20.5458</i>
                        <i>0.99998 0.00625647 0.000140107 -0.0060492 0.960631 0.277761 0.00160322 -0.277757 0.96065 5.17863 3.14397 -20.5442</i>
                        <i>0.999979 0.00640461 0.000122594 -0.00618621 0.960558 0.278012 0.0016628 -0.278007 0.960578 5.16967 3.13488 -20.547</i>
                        <i>0.999979 0.00649083 0.00010404 -0.00626337 0.960474 0.278298 0.00170646 -0.278293 0.960495 5.17481 3.13251 -20.5497</i>
                        <i>0.999979 0.0065143 8.49658e-005 -0.00628002 0.960381 0.278618 0.0017334 -0.278613 0.960402 5.16946 3.12953 -20.5483</i>
                        <i>0.999979 0.00647416 6.58917e-005 -0.00623552 0.96028 0.278969 0.00174282 -0.278964 0.9603 5.16543 3.12955 -20.5482</i>
                        <i>0.99998 0.00636957 4.73378e-005 -0.00612922 0.96017 0.279348 0.00173388 -0.279343 0.96019 5.16435 3.11423 -20.5472</i>
                        <i>0.999981 0.00619968 2.98244e-005 -0.00596049 0.960054 0.279753 0.00170575 -0.279748 0.960072 5.16462 3.10623 -20.5446</i>
                        <i>0.999982 0.00596365 1.38717e-005 -0.00572867 0.95993 0.280181 0.00165758 -0.280176 0.959947 5.17023 3.11027 -20.543</i>
                        <i>0.999984 0.00566062 -3.38813e-021 -0.00543316 0.959801 0.280629 0.00158854 -0.280625 0.959816 5.17125 3.11072 -20.5413</i>
                    </KeyFrames>
                </p>
            </i>
            <i>
                <p>
                    <Name><![CDATA[l_flap]]></Name>
                    <Exclude>0</Exclude>
                    <Additive>0</Additive>
                    <IKPriority>0</IKPriority>
                    <IKRotLimits>-1e+010 -1e+010 -1e+010 1e+010 1e+010 1e+010</IKRotLimits>
                    <IKRotLimitOrder>0</IKRotLimitOrder>
                    <KeyFrames count="61">
                        <i>0.999984 0.00566062 -3.38813e-021 -0.00566041 0.999947 0.00864567 4.89398e-005 -0.00864553 0.999963 4.60687 3.19831 -2.66836</i>
                        <i>0.999986 0.00528975 -1.70455e-005 -0.00528939 0.999946 0.00897548 6.45226e-005 -0.00897526 0.99996 4.60966 3.20766 -2.66433</i>
                        <i>0.999988 0.0048502 -3.59617e-005 -0.00484965 0.999945 0.00931344 8.11318e-005 -0.00931316 0.999957 4.61841 3.18904 -2.66186</i>
                        <i>0.999991 0.0043411 -5.63747e-005 -0.00434035 0.999944 0.00965752 9.82958e-005 -0.00965718 0.999953 4.61187 3.17404 -2.66048</i>
                        <i>0.999993 0.00376163 -7.79101e-005 -0.00376066 0.999943 0.0100057 0.000115543 -0.0100053 0.99995 4.61949 3.16548 -2.65879</i>
                        <i>0.999995 0.00311093 -0.000100194 -0.00310972 0.999942 0.0103558 0.000132404 -0.0103555 0.999946 4.61666 3.15599 -2.65547</i>
                        <i>0.999997 0.00238815 -0.000122852 -0.0023867 0.99994 0.010706 0.000148412 -0.0107057 0.999943 4.6152 3.14914 -2.65358</i>
                        <i>0.999999 0.00159245 -0.00014551 -0.00159074 0.999938 0.0110542 0.000163104 -0.0110539 0.999939 4.6167 3.12651 -2.65046</i>
                        <i>1 0.00086104 -0.000167793 -0.000859071 0.999935 0.0113982 0.000177597 -0.0113981 0.999935 4.61914 3.11138 -2.65172</i>
                        <i>1 0.000121953 -0.000189329 -0.000119723 0.999931 0.0117362 0.000190747 -0.0117362 0.999931 4.6267 3.10808 -2.6518</i>
                        <i>1 -0.00061632 -0.000209742 0.000618806 0.999927 0.012066 0.00020229 -0.0120661 0.999927 4.62942 3.10098 -2.65204</i>
                        <i>0.999999 -0.00134529 -0.000228658 0.00134802 0.999922 0.0123856 0.000211978 -0.0123859 0.999923 4.62037 3.08864 -2.64977</i>
                        <i>0.999998 -0.00205645 -0.000245703 0.0020594 0.999917 0.012693 0.00021958 -0.0126935 0.999919 4.61349 3.0786 -2.64726</i>
                        <i>0.999996 -0.00274132 -0.000260504 0.00274447 0.999912 0.0129861 0.000224882 -0.0129868 0.999916 4.63228 3.07823 -2.64852</i>
                        <i>0.999994 -0.00339141 -0.000272685 0.00339472 0.999906 0.013263 0.00022768 -0.0132638 0.999912 4.64209 3.07852 -2.64971</i>
                        <i>0.999992 -0.00399821 -0.000281873 0.00400165 0.999901 0.0135214 0.000227784 -0.0135225 0.999909 4.63545 3.07753 -2.64187</i>
                        <i>0.99999 -0.00455323 -0.000287694 0.00455672 0.999897 0.0135905 0.000225783 -0.0135917 0.999908 4.6457 3.08764 -2.63929</i>
                        <i>0.999987 -0.00504799 -0.000289773 0.00505142 0.999897 0.013405 0.000222075 -0.0134063 0.99991 4.63994 3.08744 -2.64312</i>
                        <i>0.999985 -0.00547399 -0.000287736 0.0054773 0.999899 0.0131214 0.000215881 -0.0131228 0.999914 4.63719 3.09101 -2.64989</i>
                        <i>0.999983 -0.00582274 -0.000282151 0.00582588 0.999901 0.0128331 0.000207399 -0.0128346 0.999918 4.64441 3.07362 -2.65052</i>
                        <i>0.999981 -0.00608573 -0.000273968 0.00608869 0.999903 0.01253 0.000197687 -0.0125315 0.999921 4.65502 3.0921 -2.64884</i>
                        <i>0.99998 -0.00625449 -0.000263386 0.00625724 0.999906 0.0122139 0.00018697 -0.0122153 0.999925 4.6331 3.09865 -2.64921</i>
                        <i>0.99998 -0.00632052 -0.000250606 0.00632305 0.999909 0.0118863 0.000175456 -0.0118876 0.999929 4.65301 3.11004 -2.65188</i>
                        <i>0.99998 -0.00627532 -0.000235828 0.00627762 0.999914 0.011549 0.000163335 -0.0115502 0.999933 4.63334 3.12271 -2.65329</i>
                        <i>0.999981 -0.00614098 -0.000219253 0.00614305 0.999918 0.0112037 0.000150433 -0.0112048 0.999937 4.63549 3.11205 -2.65396</i>
                        <i>0.999982 -0.00594801 -0.000201079 0.00594984 0.999923 0.010852 0.000136515 -0.010853 0.999941 4.64326 3.12057 -2.6583</i>
                        <i>0.999984 -0.00570056 -0.000181507 0.00570215 0.999929 0.0104958 0.000121662 -0.0104967 0.999945 4.64417 3.14938 -2.65957</i>
                        <i>0.999985 -0.00540279 -0.000160737 0.00540414 0.999934 0.0101367 0.00010596 -0.0101374 0.999949 4.65068 3.15146 -2.65811</i>
                        <i>0.999987 -0.00505885 -0.00013897 0.00505996 0.999939 0.00977634 8.95047e-005 -0.00977692 0.999952 4.64153 3.15812 -2.65886</i>
                        <i>0.999989 -0.00467287 -0.000116405 0.00467376 0.999945 0.00941649 7.23966e-005 -0.00941693 0.999956 4.6462 3.17193 -2.65905</i>
                        <i>0.999991 -0.00424903 -9.32425e-005 0.0042497 0.99995 0.00905882 5.47467e-005 -0.00905913 0.999959 4.64006 3.18525 -2.65877</i>
                        <i>0.999993 -0.00379146 -6.96822e-005 0.00379192 0.999955 0.00870503 3.66743e-005 -0.00870524 0.999962 4.63497 3.20137 -2.66407</i>
                        <i>0.999995 -0.00330432 -4.59245e-005 0.00330458 0.99996 0.00835684 1.83091e-005 -0.00835694 0.999965 4.63252 3.20166 -2.66501</i>
                        <i>0.999996 -0.00279175 -2.21694e-005 0.00279184 0.999964 0.00801592 -2.09845e-007 -0.00801595 0.999968 4.63112 3.20844 -2.66512</i>
                        <i>0.999997 -0.00225792 1.38306e-006 0.00225784 0.999968 0.00768399 -1.87328e-005 -0.00768397 0.99997 4.63475 3.22616 -2.66549</i>
                        <i>0.999999 -0.00170696 2.45329e-005 0.00170673 0.999971 0.00736275 -3.71001e-005 -0.00736269 0.999973 4.63349 3.23885 -2.6685</i>
                        <i>0.999999 -0.00114303 4.708e-005 0.00114267 0.999974 0.00705388 -5.51416e-005 -0.00705382 0.999975 4.62044 3.24477 -2.66674</i>
                        <i>1 -0.000570289 6.88242e-005 0.00056981 0.999977 0.00675909 -7.26772e-005 -0.00675905 0.999977 4.60959 3.25117 -2.66777</i>
                        <i>1 7.12328e-006 8.95655e-005 -7.70352e-006 0.999979 0.00648009 -8.95174e-005 -0.00648009 0.999979 4.62446 3.2651 -2.66753</i>
                        <i>1 0.000585054 0.000109104 -0.000585721 0.999981 0.00621856 -0.000105464 -0.00621862 0.999981 4.63045 3.27724 -2.66928</i>
                        <i>0.999999 0.00115935 0.000127239 -0.00116009 0.999981 0.00597621 -0.000120308 -0.00597635 0.999982 4.62014 3.28537 -2.66938</i>
                        <i>0.999999 0.00172586 0.000143771 -0.00172666 0.999982 0.00575474 -0.000133837 -0.00575498 0.999983 4.62688 3.30264 -2.6684</i>
                        <i>0.999997 0.00228043 0.000158501 -0.00228127 0.999982 0.00555584 -0.000145828 -0.00555619 0.999985 4.61784 3.30832 -2.67165</i>
