<?xml version="1.0" encoding="ISO-8859-1" ?>
<Animl Version="1">
    <ModellingPackage><![CDATA[Maya.2010]]></ModellingPackage>
    <SrcFile><![CDATA[anims\vehicles\blue\~src\air\transport_c130\transport_c130_maxspeed_turn_right.mb]]></SrcFile>
    <FramesPerSecond>30</FramesPerSecond>
    <TotalFrames>61</TotalFrames>
    <Skeleton>
        <RefFrame>
            <Name><![CDATA[c130_ref_frame]]></Name>
            <Exclude>0</Exclude>
            <Additive>0</Additive>
            <IKPriority>0</IKPriority>
            <IKRotLimits>-1e+010 -1e+010 -1e+010 1e+010 1e+010 1e+010</IKRotLimits>
            <IKRotLimitOrder>0</IKRotLimitOrder>
            <KeyFrames count="61">
                <i>1 0 0 0 1 0 0 0 1 0 0 0</i>
                <i>1 0 0 0 1 0 0 0 1 0 0 0</i>
                <i>1 0 0 0 1 0 0 0 1 0 0 0</i>
                <i>1 0 0 0 1 0 0 0 1 0 0 0</i>
                <i>1 0 0 0 1 0 0 0 1 0 0 0</i>
                <i>1 0 0 0 1 0 0 0 1 0 0 0</i>
                <i>1 0 0 0 1 0 0 0 1 0 0 0</i>
                <i>1 0 0 0 1 0 0 0 1 0 0 0</i>
                <i>1 0 0 0 1 0 0 0 1 0 0 0</i>
                <i>1 0 0 0 1 0 0 0 1 0 0 0</i>
                <i>1 0 0 0 1 0 0 0 1 0 0 0</i>
                <i>1 0 0 0 1 0 0 0 1 0 0 0</i>
                <i>1 0 0 0 1 0 0 0 1 0 0 0</i>
                <i>1 0 0 0 1 0 0 0 1 0 0 0</i>
                <i>1 0 0 0 1 0 0 0 1 0 0 0</i>
                <i>1 0 0 0 1 0 0 0 1 0 0 0</i>
                <i>1 0 0 0 1 0 0 0 1 0 0 0</i>
                <i>1 0 0 0 1 0 0 0 1 0 0 0</i>
                <i>1 0 0 0 1 0 0 0 1 0 0 0</i>
                <i>1 0 0 0 1 0 0 0 1 0 0 0</i>
                <i>1 0 0 0 1 0 0 0 1 0 0 0</i>
                <i>1 0 0 0 1 0 0 0 1 0 0 0</i>
                <i>1 0 0 0 1 0 0 0 1 0 0 0</i>
                <i>1 0 0 0 1 0 0 0 1 0 0 0</i>
                <i>1 0 0 0 1 0 0 0 1 0 0 0</i>
                <i>1 0 0 0 1 0 0 0 1 0 0 0</i>
                <i>1 0 0 0 1 0 0 0 1 0 0 0</i>
                <i>1 0 0 0 1 0 0 0 1 0 0 0</i>
                <i>1 0 0 0 1 0 0 0 1 0 0 0</i>
                <i>1 0 0 0 1 0 0 0 1 0 0 0</i>
                <i>1 0 0 0 1 0 0 0 1 0 0 0</i>
                <i>1 0 0 0 1 0 0 0 1 0 0 0</i>
                <i>1 0 0 0 1 0 0 0 1 0 0 0</i>
                <i>1 0 0 0 1 0 0 0 1 0 0 0</i>
                <i>1 0 0 0 1 0 0 0 1 0 0 0</i>
                <i>1 0 0 0 1 0 0 0 1 0 0 0</i>
                <i>1 0 0 0 1 0 0 0 1 0 0 0</i>
                <i>1 0 0 0 1 0 0 0 1 0 0 0</i>
                <i>1 0 0 0 1 0 0 0 1 0 0 0</i>
                <i>1 0 0 0 1 0 0 0 1 0 0 0</i>
                <i>1 0 0 0 1 0 0 0 1 0 0 0</i>
                <i>1 0 0 0 1 0 0 0 1 0 0 0</i>
                <i>1 0 0 0 1 0 0 0 1 0 0 0</i>
                <i>1 0 0 0 1 0 0 0 1 0 0 0</i>
                <i>1 0 0 0 1 0 0 0 1 0 0 0</i>
                <i>1 0 0 0 1 0 0 0 1 0 0 0</i>
                <i>1 0 0 0 1 0 0 0 1 0 0 0</i>
                <i>1 0 0 0 1 0 0 0 1 0 0 0</i>
                <i>1 0 0 0 1 0 0 0 1 0 0 0</i>
                <i>1 0 0 0 1 0 0 0 1 0 0 0</i>
                <i>1 0 0 0 1 0 0 0 1 0 0 0</i>
                <i>1 0 0 0 1 0 0 0 1 0 0 0</i>
                <i>1 0 0 0 1 0 0 0 1 0 0 0</i>
                <i>1 0 0 0 1 0 0 0 1 0 0 0</i>
                <i>1 0 0 0 1 0 0 0 1 0 0 0</i>
                <i>1 0 0 0 1 0 0 0 1 0 0 0</i>
                <i>1 0 0 0 1 0 0 0 1 0 0 0</i>
                <i>1 0 0 0 1 0 0 0 1 0 0 0</i>
                <i>1 0 0 0 1 0 0 0 1 0 0 0</i>
                <i>1 0 0 0 1 0 0 0 1 0 0 0</i>
                <i>1 0 0 0 1 0 0 0 1 0 0 0</i>
            </KeyFrames>
        </RefFrame>
        <Bones count="13">
            <i>
                <p>
                    <Name><![CDATA[c130_root]]></Name>
                    <Exclude>0</Exclude>
                    <Additive>0</Additive>
                    <IKPriority>0</IKPriority>
                    <IKRotLimits>-1e+010 -1e+010 -1e+010 1e+010 1e+010 1e+010</IKRotLimits>
                    <IKRotLimitOrder>0</IKRotLimitOrder>
                    <KeyFrames count="61">
                        <i>0.999984 0.00566062 -3.38813e-021 -0.00566041 0.999947 0.00864567 4.89398e-005 -0.00864553 0.999963 0.00104008 -0.00595285 -0.00704481</i>
                        <i>0.999986 0.00528975 -1.70455e-005 -0.00528939 0.999946 0.00897548 6.45226e-005 -0.00897526 0.99996 0.0026851 0.00422251 -0.00398561</i>
                        <i>0.999988 0.0048502 -3.59617e-005 -0.00484965 0.999945 0.00931344 8.11318e-005 -0.00931316 0.999957 0.0100872 -0.01327 -0.00251053</i>
                        <i>0.999991 0.0043411 -5.63747e-005 -0.00434035 0.999944 0.00965752 9.82958e-005 -0.00965718 0.999953 0.00197031 -0.0268395 -0.00212758</i>
                        <i>0.999993 0.00376163 -7.79101e-005 -0.00376066 0.999943 0.0100057 0.000115543 -0.0100053 0.99995 0.00780004 -0.0336439 -0.00144783</i>
                        <i>0.999995 0.00311093 -0.000100194 -0.00310972 0.999942 0.0103558 0.000132404 -0.0103555 0.999946 0.00294896 -0.0410628 0.000865682</i>
                        <i>0.999997 0.00238815 -0.000122852 -0.0023867 0.99994 0.010706 0.000148412 -0.0107057 0.999943 -0.000756578 -0.0455151 0.00174482</i>
                        <i>0.999999 0.00159245 -0.00014551 -0.00159074 0.999938 0.0110542 0.000163104 -0.0110539 0.999939 -0.00172915 -0.0653869 0.00385904</i>
                        <i>1 0.00086104 -0.000167793 -0.000859071 0.999935 0.0113982 0.000177597 -0.0113981 0.999935 -0.00156482 -0.0780589 0.00160977</i>
                        <i>1 0.000121953 -0.000189329 -0.000119723 0.999931 0.0117362 0.000190747 -0.0117362 0.999931 0.00369406 -0.0788303 0.000546745</i>
                        <i>1 -0.00061632 -0.000209742 0.000618806 0.999927 0.012066 0.00020229 -0.0120661 0.999927 0.0041126 -0.0833942 -0.000645471</i>
                        <i>0.999999 -0.00134529 -0.000228658 0.00134802 0.999922 0.0123856 0.000211978 -0.0123859 0.999923 -0.00720714 -0.0932133 0.00069032</i>
                        <i>0.999998 -0.00205645 -0.000245703 0.0020594 0.999917 0.012693 0.00021958 -0.0126935 0.999919 -0.0163024 -0.100769 0.00229615</i>
                        <i>0.999996 -0.00274132 -0.000260504 0.00274447 0.999912 0.0129861 0.000224882 -0.0129868 0.999916 0.000342135 -0.0987458 0.000174687</i>
                        <i>0.999994 -0.00339141 -0.000272685 0.00339472 0.999906 0.013263 0.00022768 -0.0132638 0.999912 0.00812069 -0.0961817 -0.00184541</i>
                        <i>0.999992 -0.00399821 -0.000281873 0.00400165 0.999901 0.0135214 0.000227784 -0.0135225 0.999909 -0.000421987 -0.095041 0.00521899</i>
                        <i>0.99999 -0.00455323 -0.000287694 0.00455672 0.999897 0.0135905 0.000225783 -0.0135917 0.999908 0.00808113 -0.0825407 0.0076036</i>
                        <i>0.999987 -0.00504799 -0.000289773 0.00505142 0.999897 0.013405 0.000222075 -0.0134063 0.99991 0.00076025 -0.0799543 0.00436942</i>
                        <i>0.999985 -0.00547399 -0.000287736 0.0054773 0.999899 0.0131214 0.000215881 -0.0131228 0.999914 -0.00334016 -0.0736514 -0.00150139</i>
                        <i>0.999983 -0.00582274 -0.000282151 0.00582588 0.999901 0.0128331 0.000207399 -0.0128346 0.999918 0.00276882 -0.088665 -0.00123855</i>
                        <i>0.999981 -0.00608573 -0.000273968 0.00608869 0.999903 0.01253 0.000197687 -0.0125315 0.999921 0.0125347 -0.0681631 0.0013742</i>
                        <i>0.99998 -0.00625449 -0.000263386 0.00625724 0.999906 0.0122139 0.00018697 -0.0122153 0.999925 -0.0099462 -0.0599886 0.00195852</i>
                        <i>0.99998 -0.00632052 -0.000250606 0.00632305 0.999909 0.0118863 0.000175456 -0.0118876 0.999929 0.00973046 -0.0474198 0.000270617</i>
                        <i>0.99998 -0.00627532 -0.000235828 0.00627762 0.999914 0.011549 0.000163335 -0.0115502 0.999933 -0.00982997 -0.0340721 -0.000127017</i>
                        <i>0.999981 -0.00614098 -0.000219253 0.00614305 0.999918 0.0112037 0.000150433 -0.0112048 0.999937 -0.00729838 -0.0444321 0.000228583</i>
                        <i>0.999982 -0.00594801 -0.000201079 0.00594984 0.999923 0.010852 0.000136515 -0.010853 0.999941 0.0010401 -0.0358775 -0.00307949</i>
                        <i>0.999984 -0.00570056 -0.000181507 0.00570215 0.999929 0.0104958 0.000121662 -0.0104967 0.999945 0.00268508 -0.00726782 -0.00330958</i>
                        <i>0.999985 -0.00540279 -0.000160737 0.00540414 0.999934 0.0101367 0.00010596 -0.0101374 0.999949 0.0100872 -0.00561983 -0.000800384</i>
                        <i>0.999987 -0.00505885 -0.00013897 0.00505996 0.999939 0.00977634 8.95047e-005 -0.00977692 0.999952 0.00197031 0.000400974 -0.000498056</i>
                        <i>0.999989 -0.00467287 -0.000116405 0.00467376 0.999945 0.00941649 7.23966e-005 -0.00941693 0.999956 0.00780001 0.0133801 0.000344053</i>
                        <i>0.999991 -0.00424903 -9.32425e-005 0.0042497 0.99995 0.00905882 5.47467e-005 -0.00905913 0.999959 0.00294896 0.0256813 0.00166294</i>
                        <i>0.999993 -0.00379146 -6.96822e-005 0.00379192 0.999955 0.00870503 3.66743e-005 -0.00870524 0.999962 -0.000756574 0.0406292 -0.00262698</i>
                        <i>0.999995 -0.00330432 -4.59245e-005 0.00330458 0.99996 0.00835684 1.83091e-005 -0.00835694 0.999965 -0.0017292 0.0395814 -0.00256767</i>
                        <i>0.999996 -0.00279175 -2.21694e-005 0.00279184 0.999964 0.00801592 -2.09845e-007 -0.00801595 0.999968 -0.00156483 0.0449004 -0.00170281</i>
                        <i>0.999997 -0.00225792 1.38306e-006 0.00225784 0.999968 0.00768399 -1.87328e-005 -0.00768397 0.99997 0.00369406 0.0610305 -0.00112943</i>
                        <i>0.999999 -0.00170696 2.45329e-005 0.00170673 0.999971 0.00736275 -3.71001e-005 -0.00736269 0.999973 0.00411258 0.0720223 -0.00323231</i>
                        <i>0.999999 -0.00114303 4.708e-005 0.00114267 0.999974 0.00705388 -5.51416e-005 -0.00705382 0.999975 -0.00720714 0.0761563 -0.000592633</i>
                        <i>1 -0.000570289 6.88242e-005 0.00056981 0.999977 0.00675909 -7.26772e-005 -0.00675905 0.999977 -0.0163024 0.0806946 -0.000787274</i>
                        <i>1 7.12328e-006 8.95655e-005 -7.70352e-006 0.999979 0.00648009 -8.95174e-005 -0.00648009 0.999979 0.000342164 0.0926967 0.000238434</i>
                        <i>1 0.000585054 0.000109104 -0.000585721 0.999981 0.00621856 -0.000105464 -0.00621862 0.999981 0.00812069 0.102867 -0.000768533</i>
                        <i>0.999999 0.00115935 0.000127239 -0.00116009 0.999981 0.00597621 -0.000120308 -0.00597635 0.999982 -0.000421989 0.108986 -0.000180627</i>
                        <i>0.999999 0.00172586 0.000143771 -0.00172666 0.999982 0.00575474 -0.000133837 -0.00575498 0.999983 0.00808111 0.124227 0.00142601</i>
                        <i>0.999997 0.00228043 0.000158501 -0.00228127 0.999982 0.00555584 -0.000145828 -0.00555619 0.999985 0.000760224 0.127877 -0.00126683</i>
                        <i>0.999996 0.00281892 0.000171226 -0.0028198 0.999982 0.00538122 -0.000156054 -0.00538168 0.999986 -0.00334016 0.133569 -0.00204481</i>
                        <i>0.999994 0.00333716 0.000181749 -0.00333807 0.999981 0.00523257 -0.000164284 -0.00523315 0.999986 0.00276885 0.116268 -0.00210116</i>
                        <i>0.999993 0.00383102 0.000189868 -0.00383194 0.99998 0.0051116 -0.000170282 -0.00511229 0.999987 0.0125347 0.132807 -0.00316728</i>
                        <i>0.999991 0.00429634 0.000194205 -0.00429726 0.999978 0.00503411 -0.000172572 -0.0050349 0.999987 -0.00994617 0.134478 0.00265896</i>
                        <i>0.999989 0.00472897 0.000193859 -0.00472988 0.999976 0.00501298 -0.000170148 -0.00501384 0.999987 0.00973047 0.137375 0.00623657</i>
                        <i>0.999987 0.00512475 0.000189351 -0.00512564 0.999974 0.00504554 -0.000163489 -0.00504644 0.999987 -0.00982986 0.138238 0.00725373</i>
                        <i>0.999985 0.00547955 0.000181202 -0.0054804 0.999972 0.00512909 -0.000153092 -0.00513 0.999987 -0.00729838 0.112934 0.00162365</i>
                        <i>0.999983 0.0057892 0.000169932 -0.00579001 0.999969 0.00526095 -0.00013947 -0.00526184 0.999986 0.0010401 0.104441 0.00228734</i>
                        <i>0.999982 0.00604956 0.00015606 -0.00605032 0.999967 0.00543843 -0.000123155 -0.00543928 0.999985 0.00268513 0.114254 0.00438636</i>
                        <i>0.99998 0.00625647 0.000140107 -0.00625717 0.999964 0.00565885 -0.000104698 -0.00565962 0.999984 0.0100872 0.0957107 0.0053368</i>
                        <i>0.999979 0.00640461 0.000122594 -0.00640522 0.999962 0.00591953 -8.46768e-005 -0.00592019 0.999982 0.00197031 0.0805004 0.00183571</i>
                        <i>0.999979 0.00649083 0.00010404 -0.00649136 0.99996 0.00621777 -6.36771e-005 -0.00621831 0.999981 0.00780007 0.0715634 -0.00167372</i>
                        <i>0.999979 0.0065143 8.49658e-005 -0.00651472 0.999957 0.00655088 -4.22877e-005 -0.0065513 0.999979 0.00294896 0.0616182 -0.00115832</i>
                        <i>0.999979 0.00647416 6.58917e-005 -0.00647446 0.999955 0.0069162 -2.11121e-005 -0.00691648 0.999976 -0.000756578 0.0543443 -0.00203974</i>
                        <i>0.99998 0.00636957 4.73378e-005 -0.00636975 0.999953 0.00731102 -7.67569e-007 -0.00731117 0.999973 -0.0017292 0.0314538 -0.00213381</i>
                        <i>0.999981 0.00619968 2.98244e-005 -0.00619973 0.999951 0.00773266 1.81171e-005 -0.0077327 0.99997 -0.00156483 0.0156639 -0.000739473</i>
                        <i>0.999982 0.00596365 1.38717e-005 -0.00596356 0.999949 0.00817844 3.49023e-005 -0.00817838 0.999967 0.00369407 0.011774 -0.000463273</i>
                        <i>0.999984 0.00566062 -3.38813e-021 -0.00566041 0.999947 0.00864567 4.89398e-005 -0.00864553 0.999963 0.00411262 0.00418903 -0.00011883</i>
                    </KeyFrames>
                </p>
            </i>
            <i>
                <p>
                    <Name><![CDATA[rudder]]></Name>
                    <Exclude>0</Exclude>
                    <Additive>0</Additive>
                    <IKPriority>0</IKPriority>
                    <IKRotLimits>-1e+010 -1e+010 -1e+010 1e+010 1e+010 1e+010</IKRotLimits>
                    <IKRotLimitOrder>0</IKRotLimitOrder>
                    <KeyFrames count="61">
                        <i>0.965864 0.0137367 -0.258687 -0.00565773 0.999474 0.0319493 0.25899 -0.0293951 0.965433 -0.0401618 7.27261 -20.8452</i>
                        <i>0.965864 0.0134638 -0.258701 -0.00528645 0.999465 0.032279 0.258997 -0.0298095 0.965418 -0.0362088 7.28967 -20.8398</i>
                        <i>0.965864 0.0131266 -0.258716 -0.00484644 0.999456 0.0326168 0.259004 -0.0302495 0.965403 -0.0260325 7.27924 -20.8358</i>
                        <i>0.965865 0.0127239 -0.258733 -0.00433688 0.999447 0.0329607 0.259009 -0.0307135 0.965386 -0.030893 7.27285 -20.8329</i>
                        <i>0.965866 0.0122542 -0.258751 -0.00375695 0.999438 0.0333086 0.259013 -0.0311996 0.96537 -0.021309 7.27332 -20.8297</i>
                        <i>0.965868 0.0117163 -0.258769 -0.00310579 0.999429 0.0336586 0.259016 -0.0317061 0.965353 -0.0218919 7.27321 -20.8248</i>
                        <i>0.96587 0.0111088 -0.258788 -0.00238259 0.999419 0.0340086 0.259015 -0.0322313 0.965335 -0.0207998 7.27606 -20.8214</i>
                        <i>0.965873 0.0104303 -0.258807 -0.00158651 0.999408 0.0343566 0.259012 -0.0327735 0.965318 -0.0164295 7.26345 -20.8167</i>
                        <i>0.965874 0.0098128 -0.258825 -0.000854699 0.999397 0.0347005 0.25901 -0.0332951 0.965301 -0.0113745 7.25795 -20.8164</i>
                        <i>0.965876 0.00918636 -0.258843 -0.000115245 0.999386 0.0350382 0.259006 -0.0338128 0.965284 -0.00114243 7.26422 -20.815</i>
                        <i>0.965877 0.00855859 -0.25886 0.000623353 0.999374 0.0353679 0.259 -0.0343224 0.965267 0.00427712 7.26652 -20.8138</i>
                        <i>0.965878 0.00793718 -0.258875 0.00135259 0.999362 0.0356873 0.258993 -0.0348197 0.965251 -0.002069 7.26336 -20.8101</i>
                        <i>0.965879 0.0073298 -0.258889 0.00206396 0.99935 0.0359945 0.258984 -0.0353007 0.965236 -0.00627351 7.26219 -20.8062</i>
                        <i>0.965881 0.00674413 -0.2589 0.00274897 0.999338 0.0362875 0.258973 -0.0357611 0.965222 0.015123 7.27031 -20.8062</i>
                        <i>0.965882 0.00618784 -0.258909 0.00339911 0.999326 0.0365642 0.258961 -0.0361967 0.965209 0.0274587 7.27862 -20.8062</i>
                        <i>0.965883 0.00566861 -0.258916 0.00400588 0.999314 0.0368225 0.258947 -0.0366034 0.965198 0.023222 7.28513 -20.7972</i>
                        <i>0.965885 0.00515039 -0.258921 0.00456075 0.999309 0.0368915 0.258932 -0.0368139 0.965194 0.0357069 7.29905 -20.7943</i>
                        <i>0.965886 0.0046245 -0.258925 0.00505523 0.999313 0.0367061 0.258916 -0.0367628 0.9652 0.0319751 7.29776 -20.7989</i>
                        <i>0.965889 0.00413968 -0.258925 0.00548084 0.999321 0.0364227 0.2589 -0.0365994 0.96521 0.0310271 7.29815 -20.8069</i>
                        <i>0.965891 0.00372825 -0.258923 0.00582913 0.99933 0.0361346 0.258884 -0.0364114 0.965222 0.0397877 7.27713 -20.8087</i>
                        <i>0.965894 0.00339581 -0.258917 0.00609164 0.999339 0.0358317 0.258868 -0.0361868 0.965235 0.0516221 7.29131 -20.8084</i>
                        <i>0.965896 0.003151 -0.25891 0.0062599 0.99935 0.0355157 0.258854 -0.0359252 0.965248 0.0305615 7.2929 -20.8101</i>
                        <i>0.965899 0.00300246 -0.258901 0.00632542 0.999361 0.0351882 0.258841 -0.0356259 0.965263 0.050946 7.29864 -20.8142</i>
                        <i>0.965902 0.00295885 -0.25889 0.00627972 0.999373 0.0348511 0.25883 -0.0352885 0.965278 0.0313164 7.30497 -20.8171</i>
                        <i>0.965906 0.00299926 -0.258877 0.00614489 0.999386 0.034506 0.258821 -0.0349203 0.965294 0.0331624 7.28742 -20.8193</i>
                        <i>0.965909 0.00309467 -0.258862 0.00595141 0.999399 0.0341546 0.258812 -0.0345308 0.96531 0.0404203 7.28866 -20.8251</i>
                        <i>0.965913 0.00324151 -0.258846 0.00570344 0.999412 0.0337985 0.258804 -0.0341228 0.965327 0.0406176 7.30986 -20.828</i>
                        <i>0.965917 0.0034362 -0.25883 0.00540515 0.999426 0.0334396 0.258796 -0.0336989 0.965344 0.0462325 7.30404 -20.8281</i>
                        <i>0.965921 0.00367519 -0.258812 0.00506068 0.99944 0.0330794 0.258788 -0.0332619 0.965361 0.0360165 7.30256 -20.8304</i>
                        <i>0.965925 0.00395489 -0.258793 0.00467418 0.999454 0.0327197 0.258781 -0.0328145 0.965378 0.0394624 7.30805 -20.8322</i>
                        <i>0.965929 0.00427175 -0.258774 0.00424982 0.999467 0.0323623 0.258774 -0.0323594 0.965396 0.0319702 7.31291 -20.8335</i>
                        <i>0.965932 0.00462219 -0.258754 0.00379175 0.99948 0.0320086 0.258767 -0.0318993 0.965413 0.0253929 7.3205 -20.8404</i>
                        <i>0.965936 0.00500264 -0.258734 0.00330411 0.999493 0.0316606 0.258761 -0.031437 0.96543 0.0213449 7.31221 -20.8428</i>
                        <i>0.965939 0.00540953 -0.258713 0.00279108 0.999506 0.0313198 0.258755 -0.0309752 0.965446 0.0182567 7.31043 -20.8445</i>
                        <i>0.965942 0.0058393 -0.258693 0.00225679 0.999517 0.0309881 0.258749 -0.0305165 0.965462 0.0201123 7.31965 -20.8463</i>
                        <i>0.965944 0.00628838 -0.258674 0.0017054 0.999528 0.030667 0.258744 -0.0300637 0.965478 0.0170028 7.32395 -20.8507</i>
                        <i>0.965946 0.00675319 -0.258654 0.00114108 0.999538 0.0303582 0.25874 -0.0296196 0.965493 0.00205631 7.32165 -20.8503</i>
                        <i>0.965948 0.00723016 -0.258636 0.000567962 0.999548 0.0300636 0.258736 -0.0291867 0.965507 -0.0107388 7.32005 -20.8527</i>
                        <i>0.965949 0.00771573 -0.258618 -9.7878e-006 0.999556 0.0297847 0.258733 -0.028768 0.96552 0.00215843 7.32623 -20.8536</i>
                        <i>0.965949 0.00820632 -0.258601 -0.00058802 0.999564 0.0295233 0.25873 -0.0283659 0.965533 0.00616732 7.33095 -20.8565</i>
                        <i>0.965949 0.00869836 -0.258585 -0.00116258 0.999571 0.029281 0.258729 -0.0279834 0.965545 -0.0061421 7.33201 -20.8577</i>
                        <i>0.965949 0.00918829 -0.258571 -0.00172931 0.999576 0.0290596 0.258728 -0.027623 0.965555 -0.00137788 7.34263 -20.8577</i>
                        <i>0.965947 0.00967253 -0.258558 -0.00228405 0.999581 0.0288608 0.258729 -0.0272875 0.965564 -0.012385 7.34213 -20.8618</i>
                        <i>0.965945 0.0101475 -0.258547 -0.00282267 0.999584 0.0286863 0.258731 -0.0269796 0.965573 -0.0200942 7.34417 -20.8639</i>
                        <i>0.965943 0.0106097 -0.258538 -0.00334099 0.999587 0.0285377 0.258734 -0.026702 0.965579 -0.017492 7.32376 -20.865</i>
                        <i>0.96594 0.0110554 -0.258531 -0.00383487 0.999589 0.0284168 0.258739 -0.0264574 0.965585 -0.0111064 7.33776 -20.8669</i>
                        <i>0.965936 0.0114848 -0.258527 -0.00430012 0.999589 0.0283393 0.258747 -0.0262622 0.965588 -0.0368424 7.3378 -20.8617</i>
                        <i>0.96593 0.0118973 -0.258528 -0.00473256 0.999588 0.0283182 0.258758 -0.0261299 0.965589 -0.0202872 7.34025 -20.8582</i>
                        <i>0.965925 0.012288 -0.258532 -0.00512806 0.999585 0.0283507 0.258773 -0.0260589 0.965587 -0.042796 7.34178 -20.857</i>
                        <i>0.965918 0.0126523 -0.258539 -0.00548248 0.999581 0.0284342 0.258791 -0.0260477 0.965582 -0.043 7.3182 -20.862</i>
                        <i>0.965911 0.0129855 -0.258549 -0.00579169 0.999575 0.028566 0.25881 -0.0260948 0.965576 -0.0371439 7.31245 -20.8604</i>
                        <i>0.965904 0.0132829 -0.258561 -0.00605154 0.999569 0.0287435 0.258832 -0.0261987 0.965567 -0.0376876 7.32595 -20.857</i>
                        <i>0.965896 0.0135397 -0.258575 -0.00625791 0.999561 0.0289638 0.258854 -0.0263579 0.965557 -0.0321395 7.312 -20.8545</i>
                        <i>0.965889 0.0137502 -0.25859 -0.00640546 0.999552 0.0292244 0.258876 -0.0265711 0.965545 -0.0417258 7.30221 -20.8561</i>
                        <i>0.965883 0.0139107 -0.258606 -0.00649108 0.999543 0.0295225 0.258898 -0.0268366 0.965532 -0.0369463 7.29949 -20.8575</i>
                        <i>0.965877 0.0140195 -0.258622 -0.00651393 0.999533 0.0298555 0.258919 -0.0271521 0.965517 -0.0424103 7.29649 -20.8545</i>
                        <i>0.965872 0.0140752 -0.258637 -0.0064732 0.999522 0.0302206 0.258939 -0.027515 0.965502 -0.0462727 7.29683 -20.8528</i>
                        <i>0.965868 0.0140763 -0.258652 -0.00636804 0.999511 0.0306153 0.258956 -0.0279232 0.965485 -0.0469272 7.28218 -20.85</i>
                        <i>0.965865 0.0140212 -0.258666 -0.00619762 0.999499 0.0310367 0.258971 -0.0283742 0.965468 -0.0459507 7.27518 -20.8456</i>
                        <i>0.965864 0.0139085 -0.258677 -0.00596113 0.999487 0.0314823 0.258982 -0.0288656 0.965451 -0.0393663 7.28059 -20.842</i>
                        <i>0.965864 0.0137367 -0.258687 -0.00565773 0.999474 0.0319493 0.25899 -0.0293951 0.965433 -0.0370892 7.28275 -20.8383</i>
                    </KeyFrames>
                </p>
            </i>
            <i>
                <p>
                    <Name><![CDATA[l_taileron]]></Name>
                    <Exclude>0</Exclude>
                    <Additive>0</Additive>
                    <IKPriority>0</IKPriority>
                    <IKRotLimits>-1e+010 -1e+010 -1e+010 1e+010 1e+010 1e+010</IKRotLimits>
                    <IKRotLimitOrder>0</IKRotLimitOrder>
                    <KeyFrames count="61">
                        <i>0.999984 0.00566062 -3.38813e-021 -0.0054802 0.968112 -0.250458 -0.00141775 0.250454 0.968127 5.16817 3.10058 -20.5482</i>
                        <i>0.999986 0.00528975 -1.70455e-005 -0.00512585 0.968196 -0.250139 -0.00130667 0.250136 0.96821 5.17058 3.11561 -20.5442</i>
                        <i>0.999988 0.0048502 -3.59617e-005 -0.0047054 0.968283 -0.249812 -0.00117681 0.249809 0.968294 5.17893 3.10278 -20.5418</i>
                        <i>0.999991 0.0043411 -5.63747e-005 -0.0042179 0.968371 -0.249479 -0.00102842 0.249476 0.96838 5.17195 3.09365 -20.5405</i>
                        <i>0.999993 0.00376163 -7.79101e-005 -0.00366242 0.96846 -0.249141 -0.000861724 0.24914 0.968467 5.17912 3.091 -20.5388</i>
                        <i>0.999995 0.00311093 -0.000100194 -0.00303803 0.96855 -0.248802 -0.000676963 0.248801 0.968554 5.17582 3.0874 -20.5355</i>
                        <i>0.999997 0.00238815 -0.000122852 -0.00234378 0.968639 -0.248463 -0.000474367 0.248463 0.968641 5.17389 3.0864 -20.5337</i>
                        <i>0.999999 0.00159245 -0.00014551 -0.00157875 0.968727 -0.248126 -0.000254168 0.248126 0.968728 5.17493 3.06956 -20.5306</i>
                        <i>1 0.00086104 -0.000167793 -0.000875764 0.968813 -0.247792 -5.07989e-005 0.247792 0.968813 5.17693 3.06016 -20.5319</i>
                        <i>1 0.000121953 -0.000189329 -0.000165012 0.968897 -0.247465 0.000153261 0.247465 0.968897 5.18406 3.0625 -20.532</i>
                        <i>1 -0.00061632 -0.000209742 0.000545364 0.968978 -0.247145 0.000355556 0.247145 0.968978 5.18638 3.06089 -20.5323</i>
                        <i>0.999999 -0.00134529 -0.000228658 0.00124722 0.969057 -0.246836 0.000553647 0.246835 0.969057 5.17697 3.05385 -20.53</i>
                        <i>0.999998 -0.00205645 -0.000245703 0.0019324 0.969131 -0.246538 0.000745112 0.246537 0.969133 5.16978 3.04892 -20.5275</i>
                        <i>0.999996 -0.00274132 -0.000260504 0.00259276 0.969202 -0.246254 0.000927541 0.246252 0.969205 5.18829 3.05341 -20.5288</i>
                        <i>0.999994 -0.00339141 -0.000272685 0.00322012 0.969268 -0.245985 0.00109854 0.245983 0.969274 5.19789 3.05828 -20.53</i>
                        <i>0.999992 -0.00399821 -0.000281873 0.00380635 0.96933 -0.245735 0.00125573 0.245732 0.969337 5.19109 3.06158 -20.5222</i>
                        <i>0.99999 -0.00455323 -0.000287694 0.00434302 0.969344 -0.245668 0.00139746 0.245664 0.969354 5.20123 3.07262 -20.5196</i>
                        <i>0.999987 -0.00504799 -0.000289773 0.00482182 0.969296 -0.245848 0.00152191 0.245843 0.969308 5.19541 3.06883 -20.5234</i>
                        <i>0.999985 -0.00547399 -0.000287736 0.00523479 0.969225 -0.246122 0.00162615 0.246117 0.969239 5.19266 3.06709 -20.5302</i>
                        <i>0.999983 -0.00582274 -0.000282151 0.00557369 0.969152 -0.246402 0.00170818 0.246396 0.969168 5.19994 3.04435 -20.5308</i>
                        <i>0.999981 -0.00608573 -0.000273968 0.00583006 0.969075 -0.246696 0.00176682 0.246689 0.969093 5.21066 3.05726 -20.5291</i>
                        <i>0.99998 -0.00625449 -0.000263386 0.00599564 0.968996 -0.247002 0.00180009 0.246996 0.969015 5.18889 3.05807 -20.5295</i>
                        <i>0.99998 -0.00632052 -0.000250606 0.00606219 0.968915 -0.24732 0.001806 0.247313 0.968934 5.20899 3.06356 -20.5321</i>
                        <i>0.99998 -0.00627532 -0.000235828 0.00602144 0.968832 -0.247646 0.00178254 0.24764 0.96885 5.18955 3.07022 -20.5335</i>
                        <i>0.999981 -0.00614098 -0.000219253 0.00589479 0.968747 -0.247981 0.00173525 0.247975 0.968765 5.19196 3.05346 -20.5342</i>
                        <i>0.999982 -0.00594801 -0.000201079 0.00571177 0.968661 -0.248322 0.0016718 0.248316 0.968678 5.20003 3.0558 -20.5385</i>
                        <i>0.999984 -0.00570056 -0.000181507 0.00547637 0.968574 -0.248667 0.00159334 0.248662 0.968589 5.20127 3.07838 -20.5397</i>
                        <i>0.999985 -0.00540279 -0.000160737 0.00519258 0.968486 -0.249014 0.00150105 0.24901 0.9685 5.20814 3.0742 -20.5382</i>
                        <i>0.999987 -0.00505885 -0.00013897 0.00486438 0.968398 -0.249363 0.00139607 0.24936 0.96841 5.19937 3.0746 -20.5389</i>
                        <i>0.999989 -0.00467287 -0.000116405 0.00449577 0.96831 -0.249712 0.00127959 0.249709 0.96832 5.20444 3.08219 -20.5391</i>
                        <i>0.999991 -0.00424903 -9.32425e-005 0.00409072 0.968222 -0.250058 0.00115278 0.250056 0.968231 5.19873 3.08935 -20.5387</i>
                        <i>0.999993 -0.00379146 -6.96822e-005 0.00365322 0.968135 -0.250401 0.00101685 0.250399 0.968142 5.19408 3.09941 -20.544</i>
                        <i>0.999995 -0.00330432 -4.59245e-005 0.00318724 0.96805 -0.250738 0.000872975 0.250736 0.968055 5.19208 3.09373 -20.5449</i>
                        <i>0.999996 -0.00279175 -2.21694e-005 0.00269676 0.967966 -0.251068 0.000722379 0.251067 0.967969 5.19115 3.09471 -20.5449</i>
                        <i>0.999997 -0.00225792 1.38306e-006 0.00218575 0.967884 -0.251389 0.000566277 0.251389 0.967886 5.19525 3.10679 -20.5453</i>
                        <i>0.999999 -0.00170696 2.45329e-005 0.00165818 0.967804 -0.2517 0.000405899 0.2517 0.967805 5.19445 3.11404 -20.5482</i>
                        <i>0.999999 -0.00114303 4.708e-005 0.00111801 0.967727 -0.251999 0.000242483 0.251999 0.967727 5.18187 3.11476 -20.5464</i>
                        <i>1 -0.000570289 6.88242e-005 0.000569205 0.967653 -0.252284 7.7277e-005 0.252284 0.967653 5.17148 3.11621 -20.5474</i>
                        <i>1 7.12328e-006 8.95655e-005 1.57278e-005 0.967583 -0.252554 -8.8461e-005 0.252554 0.967583 5.1868 3.12547 -20.5471</i>
                        <i>1 0.000585054 0.000109104 -0.000538467 0.967516 -0.252807 -0.000253466 0.252807 0.967517 5.19323 3.13327 -20.5488</i>
                        <i>0.999999 0.00115935 0.000127239 -0.00108942 0.967455 -0.253042 -0.000416462 0.253042 0.967455 5.18332 3.13738 -20.5488</i>
                        <i>0.999999 0.00172586 0.000143771 -0.00163318 0.967398 -0.253256 -0.000576168 0.253255 0.967399 5.19046 3.15101 -20.5478</i>
                        <i>0.999997 0.00228043 0.000158501 -0.0021658 0.967346 -0.253449 -0.000731296 0.253448 0.967349 5.18177 3.15345 -20.551</i>
                        <i>0.999996 0.00281892 0.000171226 -0.00268332 0.967301 -0.253617 -0.000880554 0.253616 0.967305 5.17631 3.15834 -20.5523</i>
                        <i>0.999994 0.00333716 0.000181749 -0.00318181 0.967262 -0.253761 -0.00102264 0.253759 0.967267 5.18108 3.14067 -20.5527</i>
                        <i>0.999993 0.00383102 0.000189868 -0.0036573 0.967229 -0.253878 -0.00115626 0.253876 0.967236 5.18952 3.15728 -20.5541</i>
                        <i>0.999991 0.00429634 0.000194205 -0.00410617 0.967208 -0.253953 -0.0012789 0.25395 0.967216 5.16573 3.15977 -20.5485</i>
                        <i>0.999989 0.00472897 0.000193859 -0.00452467 0.967201 -0.253974 -0.00138853 0.25397 0.967211 5.18409 3.16447 -20.545</i>
                        <i>0.999987 0.00512475 0.000189351 -0.00490868 0.967207 -0.253942 -0.00148453 0.253938 0.967219 5.16324 3.16805 -20.5439</i>
                        <i>0.999985 0.00547955 0.000181202 -0.00525404 0.967226 -0.253861 -0.00156631 0.253857 0.967241 5.16452 3.14629 -20.5493</i>
                        <i>0.999983 0.0057892 0.000169932 -0.00555662 0.967258 -0.253734 -0.00163328 0.253729 0.967274 5.17167 3.14211 -20.5483</i>
                        <i>0.999982 0.00604956 0.00015606 -0.00581228 0.967302 -0.253562 -0.0016849 0.253557 0.967319 5.17222 3.15692 -20.5458</i>
                        <i>0.99998 0.00625647 0.000140107 -0.00601686 0.967356 -0.253349 -0.0017206 0.253343 0.967375 5.17863 3.14397 -20.5442</i>
                        <i>0.999979 0.00640461 0.000122594 -0.00616505 0.967421 -0.253097 -0.00173959 0.253091 0.967441 5.16967 3.13488 -20.547</i>
                        <i>0.999979 0.00649083 0.00010404 -0.00625369 0.967496 -0.252808 -0.00174159 0.252802 0.967516 5.17481 3.13251 -20.5497</i>
                        <i>0.999979 0.0065143 8.49658e-005 -0.00628179 0.96758 -0.252486 -0.00172698 0.25248 0.967601 5.16946 3.12953 -20.5483</i>
                        <i>0.999979 0.00647416 6.58917e-005 -0.00624839 0.967673 -0.252132 -0.00169611 0.252127 0.967693 5.16543 3.12955 -20.5482</i>
                        <i>0.99998 0.00636957 4.73378e-005 -0.00615251 0.967773 -0.25175 -0.00164935 0.251745 0.967792 5.16435 3.11423 -20.5472</i>
                        <i>0.999981 0.00619968 2.98244e-005 -0.00599317 0.96788 -0.251342 -0.00158711 0.251337 0.967898 5.16462 3.10623 -20.5446</i>
                        <i>0.999982 0.00596365 1.38717e-005 -0.00576939 0.967993 -0.250911 -0.00150977 0.250906 0.96801 5.17023 3.11027 -20.543</i>
                        <i>0.999984 0.00566062 -3.38813e-021 -0.0054802 0.968112 -0.250458 -0.00141775 0.250454 0.968127 5.17125 3.11072 -20.5413</i>
                    </KeyFrames>
                </p>
            </i>
            <i>
                <p>
                    <Name><![CDATA[l_flap]]></Name>
                    <Exclude>0</Exclude>
                    <Additive>0</Additive>
                    <IKPriority>0</IKPriority>
                    <IKRotLimits>-1e+010 -1e+010 -1e+010 1e+010 1e+010 1e+010</IKRotLimits>
                    <IKRotLimitOrder>0</IKRotLimitOrder>
                    <KeyFrames count="61">
                        <i>0.999984 0.00566062 -3.38813e-021 -0.00566041 0.999947 0.00864567 4.89398e-005 -0.00864553 0.999963 4.60687 3.19831 -2.66836</i>
                        <i>0.999986 0.00528975 -1.70455e-005 -0.00528939 0.999946 0.00897548 6.45226e-005 -0.00897526 0.99996 4.60966 3.20766 -2.66433</i>
                        <i>0.999988 0.0048502 -3.59617e-005 -0.00484965 0.999945 0.00931344 8.11318e-005 -0.00931316 0.999957 4.61841 3.18904 -2.66186</i>
                        <i>0.999991 0.0043411 -5.63747e-005 -0.00434035 0.999944 0.00965752 9.82958e-005 -0.00965718 0.999953 4.61187 3.17404 -2.66048</i>
                        <i>0.999993 0.00376163 -7.79101e-005 -0.00376066 0.999943 0.0100057 0.000115543 -0.0100053 0.99995 4.61949 3.16548 -2.65879</i>
                        <i>0.999995 0.00311093 -0.000100194 -0.00310972 0.999942 0.0103558 0.000132404 -0.0103555 0.999946 4.61666 3.15599 -2.65547</i>
                        <i>0.999997 0.00238815 -0.000122852 -0.0023867 0.99994 0.010706 0.000148412 -0.0107057 0.999943 4.6152 3.14914 -2.65358</i>
                        <i>0.999999 0.00159245 -0.00014551 -0.00159074 0.999938 0.0110542 0.000163104 -0.0110539 0.999939 4.6167 3.12651 -2.65046</i>
                        <i>1 0.00086104 -0.000167793 -0.000859071 0.999935 0.0113982 0.000177597 -0.0113981 0.999935 4.61914 3.11138 -2.65172</i>
                        <i>1 0.000121953 -0.000189329 -0.000119723 0.999931 0.0117362 0.000190747 -0.0117362 0.999931 4.6267 3.10808 -2.6518</i>
                        <i>1 -0.00061632 -0.000209742 0.000618806 0.999927 0.012066 0.00020229 -0.0120661 0.999927 4.62942 3.10098 -2.65204</i>
                        <i>0.999999 -0.00134529 -0.000228658 0.00134802 0.999922 0.0123856 0.000211978 -0.0123859 0.999923 4.62037 3.08864 -2.64977</i>
                        <i>0.999998 -0.00205645 -0.000245703 0.0020594 0.999917 0.012693 0.00021958 -0.0126935 0.999919 4.61349 3.0786 -2.64726</i>
                        <i>0.999996 -0.00274132 -0.000260504 0.00274447 0.999912 0.0129861 0.000224882 -0.0129868 0.999916 4.63228 3.07823 -2.64852</i>
                        <i>0.999994 -0.00339141 -0.000272685 0.00339472 0.999906 0.013263 0.00022768 -0.0132638 0.999912 4.64209 3.07852 -2.64971</i>
                        <i>0.999992 -0.00399821 -0.000281873 0.00400165 0.999901 0.0135214 0.000227784 -0.0135225 0.999909 4.63545 3.07753 -2.64187</i>
                        <i>0.99999 -0.00455323 -0.000287694 0.00455672 0.999897 0.0135905 0.000225783 -0.0135917 0.999908 4.6457 3.08764 -2.63929</i>
                        <i>0.999987 -0.00504799 -0.000289773 0.00505142 0.999897 0.013405 0.000222075 -0.0134063 0.99991 4.63994 3.08744 -2.64312</i>
                        <i>0.999985 -0.00547399 -0.000287736 0.0054773 0.999899 0.0131214 0.000215881 -0.0131228 0.999914 4.63719 3.09101 -2.64989</i>
                        <i>0.999983 -0.00582274 -0.000282151 0.00582588 0.999901 0.0128331 0.000207399 -0.0128346 0.999918 4.64441 3.07362 -2.65052</i>
                        <i>0.999981 -0.00608573 -0.000273968 0.00608869 0.999903 0.01253 0.000197687 -0.0125315 0.999921 4.65502 3.0921 -2.64884</i>
                        <i>0.99998 -0.00625449 -0.000263386 0.00625724 0.999906 0.0122139 0.00018697 -0.0122153 0.999925 4.6331 3.09865 -2.64921</i>
                        <i>0.99998 -0.00632052 -0.000250606 0.00632305 0.999909 0.0118863 0.000175456 -0.0118876 0.999929 4.65301 3.11004 -2.65188</i>
                        <i>0.99998 -0.00627532 -0.000235828 0.00627762 0.999914 0.011549 0.000163335 -0.0115502 0.999933 4.63334 3.12271 -2.65329</i>
                        <i>0.999981 -0.00614098 -0.000219253 0.00614305 0.999918 0.0112037 0.000150433 -0.0112048 0.999937 4.63549 3.11205 -2.65396</i>
                        <i>0.999982 -0.00594801 -0.000201079 0.00594984 0.999923 0.010852 0.000136515 -0.010853 0.999941 4.64326 3.12057 -2.6583</i>
                        <i>0.999984 -0.00570056 -0.000181507 0.00570215 0.999929 0.0104958 0.000121662 -0.0104967 0.999945 4.64417 3.14938 -2.65957</i>
                        <i>0.999985 -0.00540279 -0.000160737 0.00540414 0.999934 0.0101367 0.00010596 -0.0101374 0.999949 4.65068 3.15146 -2.65811</i>
                        <i>0.999987 -0.00505885 -0.00013897 0.00505996 0.999939 0.00977634 8.95047e-005 -0.00977692 0.999952 4.64153 3.15812 -2.65886</i>
                        <i>0.999989 -0.00467287 -0.000116405 0.00467376 0.999945 0.00941649 7.23966e-005 -0.00941693 0.999956 4.6462 3.17193 -2.65905</i>
                        <i>0.999991 -0.00424903 -9.32425e-005 0.0042497 0.99995 0.00905882 5.47467e-005 -0.00905913 0.999959 4.64006 3.18525 -2.65877</i>
                        <i>0.999993 -0.00379146 -6.96822e-005 0.00379192 0.999955 0.00870503 3.66743e-005 -0.00870524 0.999962 4.63497 3.20137 -2.66407</i>
                        <i>0.999995 -0.00330432 -4.59245e-005 0.00330458 0.99996 0.00835684 1.83091e-005 -0.00835694 0.999965 4.63252 3.20166 -2.66501</i>
                        <i>0.999996 -0.00279175 -2.21694e-005 0.00279184 0.999964 0.00801592 -2.09845e-007 -0.00801595 0.999968 4.63112 3.20844 -2.66512</i>
                        <i>0.999997 -0.00225792 1.38306e-006 0.00225784 0.999968 0.00768399 -1.87328e-005 -0.00768397 0.99997 4.63475 3.22616 -2.66549</i>
                        <i>0.999999 -0.00170696 2.45329e-005 0.00170673 0.999971 0.00736275 -3.71001e-005 -0.00736269 0.999973 4.63349 3.23885 -2.6685</i>
                        <i>0.999999 -0.00114303 4.708e-005 0.00114267 0.999974 0.00705388 -5.51416e-005 -0.00705382 0.999975 4.62044 3.24477 -2.66674</i>
                        <i>1 -0.000570289 6.88242e-005 0.00056981 0.999977 0.00675909 -7.26772e-005 -0.00675905 0.999977 4.60959 3.25117 -2.66777</i>
                        <i>1 7.12328e-006 8.95655e-005 -7.70352e-006 0.999979 0.00648009 -8.95174e-005 -0.00648009 0.999979 4.62446 3.2651 -2.66753</i>
                        <i>1 0.000585054 0.000109104 -0.000585721 0.999981 0.00621856 -0.000105464 -0.00621862 0.999981 4.63045 3.27724 -2.66928</i>
                        <i>0.999999 0.00115935 0.000127239 -0.00116009 0.999981 0.00597621 -0.000120308 -0.00597635 0.999982 4.62014 3.28537 -2.66938</i>
                        <i>0.999999 0.00172586 0.000143771 -0.00172666 0.999982 0.00575474 -0.000133837 -0.00575498 0.999983 4.62688 3.30264 -2.6684</i>
                        <i>0.999997 0.00228043 0.000158501 -0.00228127 0.999982 0.00555584 -0.000145828 -0.00555619 0.999985 4.61784 3.30832 -2.67165</i>
                        <i>0.999996 0.00281892 0.000171226 -0.0028198 0.999982 0.00538122 -0.000156054 -0.00538168 0.999986 4.61206 3.31603 -2.67292</i>
