<?xml version="1.0" encoding="ISO-8859-1" ?>
<Animl Version="1">
    <ModellingPackage><![CDATA[Maya.2010]]></ModellingPackage>
    <SrcFile><![CDATA[anims\vehicles\red\~src\air\fighter_mig23flogger\fighter_mig23flogger_180.mb]]></SrcFile>
    <FramesPerSecond>30</FramesPerSecond>
    <TotalFrames>71</TotalFrames>
    <Skeleton>
        <RefFrame>
            <Name><![CDATA[mig23flogger_ref_frame]]></Name>
            <Exclude>0</Exclude>
            <Additive>0</Additive>
            <IKPriority>0</IKPriority>
            <IKRotLimits>-1e+010 -1e+010 -1e+010 1e+010 1e+010 1e+010</IKRotLimits>
            <IKRotLimitOrder>0</IKRotLimitOrder>
            <KeyFrames count="71">
                <i>1 0 0 0 1 0 0 0 1 0 0 0</i>
                <i>1 0 0 0 1 0 0 0 1 0 0.075757 2.44264</i>
                <i>1 0 0 0 1 0 0 0 1 0 0.298982 5.02124</i>
                <i>1 0 0 0 1 0 0 0 1 0 0.661816 7.72021</i>
                <i>1 0 0 0 1 0 0 0 1 0 1.15634 10.524</i>
                <i>1 0 0 0 1 0 0 0 1 0 1.77459 13.4169</i>
                <i>1 0 0 0 1 0 0 0 1 0 2.50856 16.3835</i>
                <i>1 0 0 0 1 0 0 0 1 0 3.3502 19.4082</i>
                <i>1 0 0 0 1 0 0 0 1 0 4.29142 22.4754</i>
                <i>1 0 0 0 1 0 0 0 1 0 5.32413 25.5697</i>
                <i>1 0 0 0 1 0 0 0 1 0 6.44019 28.6754</i>
                <i>0.999983 0 -0.00579228 0 1 0 0.00579228 0 0.999983 0 7.63147 31.7772</i>
                <i>0.999741 0 -0.0227746 0 1 0 0.0227746 0 0.999741 0 8.88983 34.8596</i>
                <i>0.998732 0 -0.0503424 0 1 0 0.0503424 0 0.998732 0 10.2071 37.9072</i>
                <i>0.996134 0 -0.0878512 0 1 0 0.0878512 0 0.996134 0 11.5752 40.9046</i>
                <i>0.990903 0 -0.134581 0 1 0 0.134581 0 0.990903 0 12.9859 43.8365</i>
                <i>0.981843 0 -0.189695 0 1 0 0.189695 0 0.981843 0 14.4312 46.6875</i>
                <i>0.967673 0 -0.252207 0 1 0 0.252207 0 0.967673 0 15.9031 49.4425</i>
                <i>0.947098 0 -0.320944 0 1 0 0.320944 0 0.947098 0 17.3933 52.086</i>
                <i>0.918882 0 -0.394533 0 1 0 0.394533 0 0.918882 0 18.8941 54.603</i>
                <i>0.881921 0 -0.471397 0 1 0 0.471397 0 0.881921 0 20.3973 56.9782</i>
                <i>0.835322 0 -0.549761 0 1 0 0.549761 0 0.835322 0 21.8951 59.1965</i>
                <i>0.778462 0 -0.627691 0 1 0 0.627691 0 0.778462 0 23.3798 61.2426</i>
                <i>0.711053 0 -0.703139 0 1 0 0.703139 0 0.711053 0 24.8434 63.1016</i>
                <i>0.633178 0 -0.774006 0 1 0 0.774006 0 0.633178 0 26.2783 64.7581</i>
                <i>0.545325 0 -0.838225 0 1 0 0.838225 0 0.545325 0 27.6769 66.1972</i>
                <i>0.448383 0 -0.893841 0 1 0 0.893841 0 0.448383 0 29.0315 67.4035</i>
                <i>0.343629 0 -0.939105 0 1 0 0.939105 0 0.343629 0 30.3346 68.362</i>
                <i>0.232682 0 -0.972553 0 1 0 0.972553 0 0.232682 0 31.5789 69.0575</i>
                <i>0.11744 0 -0.99308 0 1 0 0.99308 0 0.11744 0 32.7569 69.4746</i>
                <i>2.1066e-007 0 -1 0 1 0 1 0 2.1066e-007 0 33.8613 69.5981</i>
                <i>-0.11744 0 -0.99308 0 1 0 0.99308 0 -0.11744 0 34.9625 69.4601</i>
                <i>-0.232682 0 -0.972553 0 1 0 0.972553 0 -0.232682 0 36.1309 69.1249</i>
                <i>-0.343629 0 -0.939106 0 1 0 0.939106 0 -0.343629 0 37.3594 68.6029</i>
                <i>-0.448383 0 -0.893842 0 1 0 0.893842 0 -0.448383 0 38.6407 67.9049</i>
                <i>-0.545325 0 -0.838225 0 1 0 0.838225 0 -0.545325 0 39.9679 67.0413</i>
                <i>-0.633178 0 -0.774006 0 1 0 0.774006 0 -0.633178 0 41.3339 66.0226</i>
                <i>-0.711053 0 -0.703139 0 1 0 0.703139 0 -0.711053 0 42.7314 64.8591</i>
                <i>-0.778462 0 -0.627692 0 1 0 0.627692 0 -0.778462 0 44.1535 63.5611</i>
                <i>-0.835322 0 -0.549761 0 1 0 0.549761 0 -0.835322 0 45.593 62.1388</i>
                <i>-0.881921 0 -0.471397 0 1 0 0.471397 0 -0.881921 0 47.0428 60.6023</i>
                <i>-0.918882 0 -0.394534 0 1 0 0.394534 0 -0.918882 0 48.4958 58.9616</i>
                <i>-0.947098 0 -0.320944 0 1 0 0.320944 0 -0.947098 0 49.9446 57.2268</i>
                <i>-0.967673 0 -0.252207 0 1 0 0.252207 0 -0.967673 0 51.3822 55.4078</i>
                <i>-0.981843 0 -0.189695 0 1 0 0.189695 0 -0.981843 0 52.8011 53.5144</i>
                <i>-0.990903 0 -0.134581 0 1 0 0.134581 0 -0.990903 0 54.194 51.5565</i>
                <i>-0.996134 0 -0.0878512 0 1 0 0.0878512 0 -0.996134 0 55.5535 49.5439</i>
                <i>-0.998732 0 -0.0503424 0 1 0 0.0503424 0 -0.998732 0 56.8721 47.4863</i>
                <i>-0.999741 0 -0.0227746 0 1 0 0.0227746 0 -0.999741 0 58.1421 45.3935</i>
                <i>-0.999983 0 -0.00579231 0 1 0 0.00579231 0 -0.999983 0 59.356 43.2752</i>
                <i>-1 0 -1.22465e-016 0 1 0 1.22465e-016 0 -1 0 60.5061 41.1411</i>
                <i>-1 0 -1.22465e-016 0 1 0 1.22465e-016 0 -1 0 61.5844 39.001</i>
                <i>-1 0 -1.22465e-016 0 1 0 1.22465e-016 0 -1 0 62.5833 36.8646</i>
                <i>-1 0 -1.22465e-016 0 1 0 1.22465e-016 0 -1 0 63.4948 34.7418</i>
                <i>-1 0 -1.22465e-016 0 1 0 1.22465e-016 0 -1 0 64.311 32.6422</i>
                <i>-1 0 -1.22465e-016 0 1 0 1.22465e-016 0 -1 0 65.0237 30.5757</i>
                <i>-1 0 -1.22465e-016 0 1 0 1.22465e-016 0 -1 0 65.6249 28.5521</i>
                <i>-1 0 -1.22465e-016 0 1 0 1.22465e-016 0 -1 0 66.1066 26.5815</i>
                <i>-1 0 -1.22465e-016 0 1 0 1.22465e-016 0 -1 0 66.4606 24.6736</i>
                <i>-1 0 -1.22465e-016 0 1 0 1.22465e-016 0 -1 0 66.6787 22.8384</i>
                <i>-1 0 -1.22465e-016 0 1 0 1.22465e-016 0 -1 0 66.7527 21.0861</i>
                <i>-1 0 -1.22465e-016 0 1 0 1.22465e-016 0 -1 0 66.7512 19.302</i>
                <i>-1 0 -1.22465e-016 0 1 0 1.22465e-016 0 -1 0 66.75 17.381</i>
                <i>-1 0 -1.22465e-016 0 1 0 1.22465e-016 0 -1 0 66.748 15.3474</i>
                <i>-1 0 -1.22465e-016 0 1 0 1.22465e-016 0 -1 0 66.7448 13.2251</i>
                <i>-1 0 -1.22465e-016 0 1 0 1.22465e-016 0 -1 0 66.7362 11.0386</i>
                <i>-1 0 -1.22465e-016 0 1 0 1.22465e-016 0 -1 0 66.7212 8.81179</i>
                <i>-1 0 -1.22465e-016 0 1 0 1.22465e-016 0 -1 0 66.7036 6.56851</i>
                <i>-1 0 -1.22465e-016 0 1 0 1.22465e-016 0 -1 0 66.687 4.33283</i>
                <i>-1 0 -1.22465e-016 0 1 0 1.22465e-016 0 -1 0 66.6747 2.12919</i>
                <i>-1 0 -1.22465e-016 0 1 0 1.22465e-016 0 -1 0 66.6698 -0.0177462</i>
            </KeyFrames>
        </RefFrame>
        <Bones count="21">
            <i>
                <p>
                    <Name><![CDATA[mig23flogger_root]]></Name>
                    <Exclude>0</Exclude>
                    <Additive>0</Additive>
                    <IKPriority>0</IKPriority>
                    <IKRotLimits>-1e+010 -1e+010 -1e+010 1e+010 1e+010 1e+010</IKRotLimits>
                    <IKRotLimitOrder>0</IKRotLimitOrder>
                    <KeyFrames count="71">
                        <i>1 0 0 0 1 0 0 0 1 0 1.63199 0.00887311</i>
                        <i>0.999999 -0.000930302 0.00108456 0.000932311 0.999998 -0.00185342 -0.00108283 0.00185443 0.999998 0 1.70774 2.45151</i>
                        <i>0.999996 -0.00194561 0.00226786 0.00196222 0.999971 -0.00734702 -0.0022535 0.00735143 0.99997 0 1.93097 5.03011</i>
                        <i>0.999989 -0.00300551 0.0035378 0.00306308 0.999861 -0.0163805 -0.00348808 0.0163911 0.99986 0 2.2938 7.72908</i>
                        <i>0.99998 -0.00406903 0.00488208 0.00420825 0.999575 -0.028852 -0.0047626 0.028872 0.999572 0 2.78833 10.5328</i>
                        <i>0.999967 -0.0050953 0.00628705 0.00537108 0.998988 -0.0446568 -0.00605314 0.0446891 0.998983 0 3.40658 13.4258</i>
                        <i>0.999952 -0.00604432 0.00773655 0.00652494 0.997949 -0.0636851 -0.00733574 0.0637325 0.99794 0 4.14055 16.3924</i>
                        <i>0.999934 -0.00687779 0.00921096 0.00764321 0.996281 -0.0858203 -0.00858645 0.0858851 0.996268 0 4.98219 19.4171</i>
                        <i>0.999914 -0.00755995 0.0106864 0.00869925 0.993789 -0.110936 -0.00978132 0.11102 0.99377 0 5.92341 22.4843</i>
                        <i>0.999894 -0.00805856 0.0121339 0.00966643 0.99026 -0.138895 -0.0108964 0.138998 0.990233 0 6.95612 25.5785</i>
                        <i>0.999874 -0.00834599 0.0135193 0.0105181 0.985466 -0.169545 -0.0119078 0.169666 0.98543 0 8.07218 28.6843</i>
                        <i>0.999855 -0.00840033 0.0148026 0.0112278 0.979173 -0.202718 -0.0127915 0.202854 0.979125 0 9.26346 31.7861</i>
                        <i>0.999839 -0.00820662 0.0159386 0.0117687 0.971138 -0.238226 -0.0135236 0.238376 0.971079 0 10.5218 34.8685</i>
                        <i>0.999828 -0.00775813 0.0168765 0.0121142 0.96112 -0.275865 -0.0140801 0.276022 0.961048 0 11.8391 37.9161</i>
                        <i>0.999821 -0.0070576 0.017561 0.0122378 0.948878 -0.315405 -0.0144372 0.315563 0.948795 0 13.2072 40.9135</i>
                        <i>0.99982 -0.00617782 0.0179466 0.0121731 0.93418 -0.356595 -0.0145624 0.356749 0.934087 0 14.6179 43.8454</i>
                        <i>0.999823 -0.00519826 0.0180797 0.0119846 0.916802 -0.399162 -0.0145006 0.399309 0.916702 0 16.0632 46.6964</i>
                        <i>0.999829 -0.00413228 0.0180189 0.0116857 0.896539 -0.44281 -0.0143248 0.442945 0.896434 0 17.535 49.4513</i>
                        <i>0.999838 -0.00301221 0.0177644 0.0112873 0.873207 -0.487219 -0.0140444 0.487341 0.873099 0 19.0253 52.0949</i>
                        <i>0.999848 -0.00187056 0.0173199 0.0108004 0.846644 -0.53205 -0.0136686 0.532157 0.846536 0 20.526 54.6119</i>
                        <i>0.99986 -0.000739465 0.0166928 0.0102362 0.816719 -0.576945 -0.0132067 0.577036 0.816612 0 22.0293 56.9871</i>
                        <i>0.999874 0.000350109 0.0158941 0.00960563 0.783332 -0.621529 -0.012668 0.621604 0.78323 0 23.5271 59.2053</i>
                        <i>0.999887 0.00136903 0.014939 0.00891979 0.74642 -0.665415 -0.0120618 0.665473 0.746324 0 25.0118 61.2515</i>
                        <i>0.999902 0.00229078 0.0138464 0.00818971 0.70596 -0.708205 -0.0113974 0.708248 0.705871 0 26.4754 63.1104</i>
                        <i>0.999915 0.00309218 0.0126388 0.00742644 0.661967 -0.749497 -0.010684 0.749527 0.661888 0 27.9103 64.767</i>
                        <i>0.999929 0.00375405 0.0113418 0.00664102 0.614501 -0.788888 -0.00993108 0.788907 0.614432 0 29.3089 66.206</i>
                        <i>0.999941 0.00426191 0.00998385 0.00584452 0.563667 -0.825981 -0.00914782 0.825991 0.563609 0 30.6635 67.4124</i>
                        <i>0.999952 0.00460642 0.00859521 0.00504796 0.509614 -0.860388 -0.00834355 0.860391 0.509567 0 31.9666 68.3709</i>
                        <i>0.999963 0.00478387 0.00720742 0.00426242 0.452534 -0.891737 -0.00752756 0.891734 0.452497 0 33.2109 69.0663</i>
                        <i>0.999971 0.00479644 0.00585229 0.00349892 0.392663 -0.919676 -0.00670915 0.91967 0.392635 0 34.3889 69.4835</i>
                        <i>0.999979 0.00465232 0.004561 0.00276853 0.330278 -0.94388 -0.00589762 0.943872 0.330258 0 35.4933 69.607</i>
                        <i>0.999985 0.00436566 0.00336307 0.0020823 0.265692 -0.964056 -0.00510228 0.964048 0.265678 0 36.5945 69.469</i>
                        <i>0.99999 0.00395638 0.00228541 0.00145128 0.199254 -0.979947 -0.00433242 0.97994 0.199246 0 37.7629 69.1337</i>
                        <i>0.999993 0.00344974 0.00135131 0.000886517 0.131342 -0.991337 -0.00359733 0.991331 0.131338 0 38.9913 68.6118</i>
                        <i>0.999996 0.00287578 0.000579531 0.000399073 0.0623592 -0.998054 -0.00290632 0.99805 0.0623578 0 40.2727 67.9138</i>
                        <i>0.999997 0.00226862 -1.64984e-005 8.67362e-019 -0.00727227 -0.999974 -0.00226868 0.999971 -0.00727225 0 41.5999 67.0502</i>
                        <i>0.999964 0.00229056 0.00817935 0.00833164 -0.0771146 -0.996987 -0.00165291 0.99702 -0.0771309 0 42.9658 66.0315</i>
                        <i>0.999521 0.00557071 0.0304294 0.0309174 -0.146663 -0.988703 -0.0010449 0.989171 -0.146765 0 44.3634 64.868</i>
                        <i>0.997956 0.0142518 0.0622883 0.0638961 -0.215237 -0.974469 -0.000481218 0.976458 -0.215708 0 45.7855 63.57</i>
                        <i>0.994643 0.0293059 0.0991255 0.103367 -0.281995 -0.953831 6.93889e-018 0.958968 -0.283513 0 47.225 62.1476</i>
                        <i>0.988965 0.051503 0.138908 0.148148 -0.346071 -0.926438 0.0003576 0.936793 -0.349883 0 48.6748 60.6111</i>
                        <i>0.980683 0.0805232 0.178258 0.195601 -0.40658 -0.892431 0.000614956 0.91006 -0.414477 0 50.1278 58.9705</i>
                        <i>0.970785 0.11373 0.211287 0.23995 -0.463077 -0.853219 0.000805668 0.878991 -0.476838 0 51.5766 57.2357</i>
                        <i>0.961257 0.147137 0.2331 0.275652 -0.515974 -0.81104 0.000939978 0.843873 -0.536542 0 53.0142 55.4166</i>
                        <i>0.954753 0.175649 0.239989 0.297399 -0.56661 -0.768444 0.00100426 0.805047 -0.59321 0 54.4331 53.5233</i>
                        <i>0.953951 0.193223 0.22944 0.299961 -0.616961 -0.727587 0.000969198 0.762905 -0.64651 0 55.826 51.5654</i>
                        <i>0.960623 0.192874 0.200008 0.277854 -0.668907 -0.689464 0.00080723 0.717888 -0.696158 0 57.1855 49.5527</i>
                        <i>0.974362 0.166581 0.151226 0.224985 -0.72298 -0.653209 0.000520918 0.670486 -0.741922 0 58.5041 47.4951</i>
                        <i>0.990902 0.105352 0.0837521 0.134586 -0.776515 -0.615558 0.000184729 0.62123 -0.783629 0 59.7741 45.4023</i>
                        <i>1 0 0 -0 -0.821182 -0.570666 0 0.570666 -0.821182 0 60.988 43.284</i>
                        <i>0.97985 -0.170865 -0.103434 -0.199733 -0.837242 -0.509051 0.000379937 0.519453 -0.854499 0 62.1381 41.15</i>
                        <i>0.889258 -0.405155 -0.212296 -0.457401 -0.785522 -0.41682 0.00211381 0.467765 -0.88385 0 63.2164 39.0099</i>
                        <i>0.694248 -0.656503 -0.294996 -0.719713 -0.629983 -0.291779 0.0057114 0.41488 -0.909858 0 64.2153 36.8735</i>
                        <i>0.392389 -0.859726 -0.326959 -0.919737 -0.362613 -0.150316 0.0106714 0.359698 -0.933008 0 65.1268 34.7506</i>
                        <i>0.0218269 -0.953299 -0.301237 -0.999644 -0.0161768 -0.0212381 0.0153732 0.301594 -0.953313 0 65.9429 32.651</i>
                        <i>-0.350653 -0.907308 -0.232024 -0.936336 0.34437 0.068437 0.0178087 0.24125 -0.9703 0 66.6557 30.5846</i>
                        <i>-0.658265 -0.738314 -0.146901 -0.7526 0.649796 0.106577 0.0167687 0.180714 -0.983393 0 67.2569 28.561</i>
                        <i>-0.862581 -0.500661 -0.0727452 -0.505762 0.856935 0.0993389 0.0126028 0.12248 -0.992391 0 67.7386 26.5903</i>
                        <i>-0.964945 -0.261292 -0.0246645 -0.26236 0.962839 0.0640906 0.00700156 0.0683149 -0.997639 0 68.0926 24.6824</i>
                        <i>-0.997099 -0.0760373 -0.00349906 -0.0760893 0.996929 0.0185146 0.00208052 0.0187271 -0.999822 0 68.3107 22.8473</i>
                        <i>-0.999057 0.043416 -6.26884e-008 0.0434026 0.998749 -0.0248354 -0.00107819 -0.024812 -0.999692 0 68.3847 21.0949</i>
                        <i>-0.992759 0.120044 -0.0043659 0.120102 0.991242 -0.0549091 -0.00226386 -0.0550358 -0.998482 0 68.3832 19.3108</i>
                        <i>-0.986998 0.160466 -0.00922833 0.16072 0.984654 -0.0680177 -0.0018278 -0.0686165 -0.997641 0 68.382 17.3899</i>
                        <i>-0.985047 0.171908 -0.0113579 0.172282 0.982603 -0.0693498 -0.000761535 -0.0702696 -0.997528 0 68.38 15.3562</i>
                        <i>-0.986869 0.161183 -0.0104313 0.16152 0.984809 -0.063734 -3.20924e-017 -0.064582 -0.997912 0 68.3768 13.234</i>
                        <i>-0.99089 0.134458 -0.00755101 0.13467 0.989427 -0.0538365 0.000232402 -0.054363 -0.998521 0 68.3682 11.0475</i>
                        <i>-0.995098 0.0987995 -0.00425938 0.098891 0.994268 -0.0406532 0.000218442 -0.0408752 -0.999164 0 68.3532 8.82066</i>
                        <i>-0.99815 0.0607779 -0.00171891 0.0608021 0.997802 -0.0263551 0.000113321 -0.0264109 -0.999651 0 68.3356 6.57739</i>
                        <i>-0.999632 0.0271258 -0.000389596 0.0271286 0.999544 -0.0132514 2.99624e-005 -0.0132571 -0.999912 0 68.319 4.34171</i>
                        <i>-0.999989 0.00462148 -1.86671e-005 0.00462152 0.999982 -0.00369399 1.59508e-006 -0.00369404 -0.999993 0 68.3066 2.13807</i>
                        <i>-1 1.22465e-016 0 1.22465e-016 1 1.22465e-016 1.49976e-032 1.22465e-016 -1 0 68.3018 -0.00887311</i>
                    </KeyFrames>
                </p>
            </i>
            <i>
                <p>
                    <Name><![CDATA[cockpit_hatch]]></Name>
                    <Exclude>0</Exclude>
                    <Additive>0</Additive>
                    <IKPriority>0</IKPriority>
                    <IKRotLimits>-1e+010 -1e+010 -1e+010 1e+010 1e+010 1e+010</IKRotLimits>
                    <IKRotLimitOrder>0</IKRotLimitOrder>
                    <KeyFrames count="71">
                        <i>1 0 0 0 1 0 0 0 1 0 3.50356 4.76083</i>
                        <i>0.999999 -0.000930302 0.00108456 0.000932311 0.999998 -0.00185342 -0.00108283 0.00185443 0.999998 -0.0034007 3.58812 7.19999</i>
                        <i>0.999996 -0.00194561 0.00226786 0.00196222 0.999971 -0.00734702 -0.0022535 0.00735143 0.99997 -0.00703612 3.83742 9.76818</i>
                        <i>0.999989 -0.00300551 0.0035378 0.00306308 0.999861 -0.0163805 -0.00348808 0.0163911 0.99986 -0.0108424 4.243 12.4497</i>
                        <i>0.99998 -0.00406903 0.00488208 0.00420825 0.999575 -0.028852 -0.0047626 0.028872 0.999572 -0.0147557 4.7963 15.2288</i>
                        <i>0.999967 -0.0050953 0.00628705 0.00537108 0.998988 -0.0446568 -0.00605314 0.0446891 0.998983 -0.0187119 5.48862 18.0893</i>
                        <i>0.999952 -0.00604432 0.00773655 0.00652494 0.997949 -0.0636851 -0.00733574 0.0637325 0.99794 -0.0226472 6.31114 21.0154</i>
                        <i>0.999934 -0.00687779 0.00921096 0.00764321 0.996281 -0.0858203 -0.00858645 0.0858851 0.996268 -0.0264976 7.25492 23.9907</i>
                        <i>0.999914 -0.00755995 0.0106864 0.00869925 0.993789 -0.110936 -0.00978132 0.11102 0.99377 -0.0301991 8.31092 26.999</i>
                        <i>0.999894 -0.00805856 0.0121339 0.00966643 0.99026 -0.138895 -0.0108964 0.138998 0.990233 -0.0336878 9.46997 30.0241</i>
                        <i>0.999874 -0.00834599 0.0135193 0.0105181 0.985466 -0.169545 -0.0119078 0.169666 0.98543 -0.0368997 10.7228 33.0497</i>
                        <i>0.999855 -0.00840033 0.0148026 0.0112278 0.979173 -0.202718 -0.0127915 0.202854 0.979125 -0.0397709 12.06 36.0594</i>
                        <i>0.999839 -0.00820662 0.0159386 0.0117687 0.971138 -0.238226 -0.0135236 0.238376 0.971079 -0.0422375 13.4721 39.0371</i>
                        <i>0.999828 -0.00775813 0.0168765 0.0121142 0.96112 -0.275865 -0.0140801 0.276022 0.961048 -0.0442355 14.9495 41.9666</i>
                        <i>0.999821 -0.0070576 0.017561 0.0122378 0.948878 -0.315405 -0.0144372 0.315563 0.948795 -0.0457012 16.4826 44.8318</i>
                        <i>0.99982 -0.00617782 0.0179466 0.0121731 0.93418 -0.356595 -0.0145624 0.356749 0.934087 -0.046417 18.0616 47.6167</i>
                        <i>0.999823 -0.00519826 0.0180797 0.0119846 0.916802 -0.399162 -0.0145006 0.399309 0.916702 -0.046476 19.6766 50.3055</i>
                        <i>0.999829 -0.00413228 0.0180189 0.0116857 0.896539 -0.44281 -0.0143248 0.442945 0.896434 -0.0462003 21.3178 52.8824</i>
                        <i>0.999838 -0.00301221 0.0177644 0.0112873 0.873207 -0.487219 -0.0140444 0.487341 0.873099 -0.0456134 22.9754 55.3319</i>
                        <i>0.999848 -0.00187056 0.0173199 0.0108004 0.846644 -0.53205 -0.0136686 0.532157 0.846536 -0.0447388 24.6394 57.6388</i>
                        <i>0.99986 -0.000739465 0.0166928 0.0102362 0.816719 -0.576945 -0.0132067 0.577036 0.816612 -0.0435998 26.2999 59.7878</i>
                        <i>0.999874 0.000350109 0.0158941 0.00960563 0.783332 -0.621529 -0.012668 0.621604 0.78323 -0.0422201 27.947 61.764</i>
                        <i>0.999887 0.00136903 0.014939 0.00891979 0.74642 -0.665415 -0.0120618 0.665473 0.746324 -0.040623 29.571 63.5526</i>
                        <i>0.999902 0.00229078 0.0138464 0.00818971 0.70596 -0.708205 -0.0113974 0.708248 0.705871 -0.0388321 31.1622 65.1393</i>
                        <i>0.999915 0.00309218 0.0126388 0.00742644 0.661967 -0.749497 -0.010684 0.749527 0.661888 -0.0368709 32.7109 66.5095</i>
                        <i>0.999929 0.00375405 0.0113418 0.00664102 0.614501 -0.788888 -0.00993108 0.788907 0.614432 -0.0347629 34.2078 67.6493</i>
                        <i>0.999941 0.00426191 0.00998385 0.00584452 0.563667 -0.825981 -0.00914782 0.825991 0.563609 -0.0325316 35.6435 68.5448</i>
                        <i>0.999952 0.00460642 0.00859521 0.00504796 0.509614 -0.860388 -0.00834355 0.860391 0.509567 -0.0302005 37.0089 69.1821</i>
                        <i>0.999963 0.00478387 0.00720742 0.00426242 0.452534 -0.891737 -0.00752756 0.891734 0.452497 -0.0277932 38.2953 69.5476</i>
                        <i>0.999971 0.00479644 0.00585229 0.00349892 0.392663 -0.919676 -0.00670915 0.91967 0.392635 -0.0253331 39.494 69.628</i>
                        <i>0.999979 0.00465232 0.004561 0.00276853 0.330278 -0.94388 -0.00589762 0.943872 0.330258 -0.0228437 40.5967 69.4098</i>
                        <i>0.999985 0.00436566 0.00336307 0.0020823 0.265692 -0.964056 -0.00510228 0.964048 0.265678 -0.0203486 41.6729 68.9272</i>
                        <i>0.99999 0.00395638 0.00228541 0.00145128 0.199254 -0.979947 -0.00433242 0.97994 0.199246 -0.0178713 42.7924 68.2465</i>
                        <i>0.999993 0.00344974 0.00135131 0.000886517 0.131342 -0.991337 -0.00359733 0.991331 0.131338 -0.0154352 43.9479 67.3805</i>
                        <i>0.999996 0.00287578 0.000579531 0.000399073 0.0623592 -0.998054 -0.00290632 0.99805 0.0623578 -0.0130638 45.1321 66.3422</i>
                        <i>0.999997 0.00226862 -1.64984e-005 8.67362e-019 -0.00727227 -0.999974 -0.00226868 0.999971 -0.00727225 -0.0107807 46.3381 65.1441</i>
                        <i>0.999964 0.00229056 0.00817935 0.00833164 -0.0771146 -0.996987 -0.00165291 0.99702 -0.0771309 0.00773868 47.5593 63.799</i>
                        <i>0.999521 0.00557071 0.0304294 0.0309174 -0.146663 -0.988703 -0.0010449 0.989171 -0.146765 0.0528988 48.7894 62.3201</i>
                        <i>0.997956 0.0142518 0.0622883 0.0638961 -0.215237 -0.974469 -0.000481218 0.976458 -0.215708 0.117299 50.0227 60.7211</i>
                        <i>0.994643 0.0293059 0.0991255 0.103367 -0.281995 -0.953831 6.93889e-018 0.958968 -0.283513 0.193458 51.2542 59.0152</i>
                        <i>0.988965 0.051503 0.138908 0.148148 -0.346071 -0.926438 0.0003576 0.936793 -0.349883 0.278968 52.4787 57.2146</i>
                        <i>0.980683 0.0805232 0.178258 0.195601 -0.40658 -0.892431 0.000614956 0.91006 -0.414477 0.369003 53.6914 55.3307</i>
                        <i>0.970785 0.11373 0.211287 0.23995 -0.463077 -0.853219 0.000805668 0.878991 -0.476838 0.452913 54.8869 53.3729</i>
                        <i>0.961257 0.147137 0.2331 0.275652 -0.515974 -0.81104 0.000939978 0.843873 -0.536542 0.520369 56.0586 51.3491</i>
                        <i>0.954753 0.175649 0.239989 0.297399 -0.56661 -0.768444 0.00100426 0.805047 -0.59321 0.561376 57.1982 49.2662</i>
                        <i>0.953951 0.193223 0.22944 0.299961 -0.616961 -0.727587 0.000969198 0.762905 -0.64651 0.566004 58.2966 47.1315</i>
                        <i>0.960623 0.192874 0.200008 0.277854 -0.668907 -0.689464 0.00080723 0.717888 -0.696158 0.523859 59.345 44.9542</i>
                        <i>0.974362 0.166581 0.151226 0.224985 -0.72298 -0.653209 0.000520918 0.670486 -0.741922 0.423551 60.3371 42.747</i>
                        <i>0.990902 0.105352 0.0837521 0.134586 -0.776515 -0.615558 0.000184729 0.62123 -0.783629 0.252765 61.2729 40.5265</i>
                        <i>1 0 0 0 -0.821182 -0.570666 0 0.570666 -0.821182 0 62.1629 38.3138</i>
                        <i>0.97985 -0.170865 -0.103434 -0.199733 -0.837242 -0.509051 0.000379937 0.519453 -0.854499 -0.372008 63.0395 36.1367</i>
                        <i>0.889258 -0.405155 -0.212296 -0.457401 -0.785522 -0.41682 0.00211381 0.467765 -0.88385 -0.846014 63.9691 34.0297</i>
                        <i>0.694248 -0.656503 -0.294996 -0.719713 -0.629983 -0.291779 0.0057114 0.41488 -0.909858 -1.31985 65.0078 32.0038</i>
                        <i>0.392389 -0.859726 -0.326959 -0.919737 -0.362613 -0.150316 0.0106714 0.359698 -0.933008 -1.67064 66.1574 30.0357</i>
                        <i>0.0218269 -0.953299 -0.301237 -0.999644 -0.0161768 -0.0212381 0.0153732 0.301594 -0.953313 -1.79785 67.3458 28.0812</i>
                        <i>-0.350653 -0.907308 -0.232024 -0.936336 0.34437 0.068437 0.0178087 0.24125 -0.9703 -1.66779 68.4466 26.1018</i>
                        <i>-0.658265 -0.738314 -0.146901 -0.7526 0.649796 0.106577 0.0167687 0.180714 -0.983393 -1.32886 69.3318 24.0875</i>
                        <i>-0.862581 -0.500661 -0.0727452 -0.505762 0.856935 0.0993389 0.0126028 0.12248 -0.992391 -0.886681 69.9245 22.0605</i>
                        <i>-0.964945 -0.261292 -0.0246645 -0.26236 0.962839 0.0640906 0.00700156 0.0683149 -0.997639 -0.457755 70.2193 20.0617</i>
                        <i>-0.997099 -0.0760373 -0.00349906 -0.0760893 0.996929 0.0185146 0.00208052 0.0187271 -0.999822 -0.13252 70.2655 18.1308</i>
                        <i>-0.999057 0.043416 -6.26884e-008 0.0434026 0.998749 -0.0248354 -0.00107819 -0.024812 -0.999692 0.0761075 70.136 16.298</i>
                        <i>-0.992759 0.120044 -0.0043659 0.120102 0.991242 -0.0549091 -0.00226386 -0.0550358 -0.998482 0.214022 69.9768 14.4633</i>
                        <i>-0.986998 0.160466 -0.00922833 0.16072 0.984654 -0.0680177 -0.0018278 -0.0686165 -0.997641 0.292114 69.8988 12.5219</i>
                        <i>-0.985047 0.171908 -0.0113579 0.172282 0.982603 -0.0693498 -0.000761535 -0.0702696 -0.997528 0.318818 69.8851 10.4862</i>
                        <i>-0.986869 0.161183 -0.0104313 0.16152 0.984809 -0.063734 -3.20924e-017 -0.064582 -0.997912 0.302296 69.9131 8.37266</i>
                        <i>-0.99089 0.134458 -0.00755101 0.13467 0.989427 -0.0538365 0.000232402 -0.054363 -0.998521 0.253149 69.9616 6.20176</i>
                        <i>-0.995098 0.0987995 -0.00425938 0.098891 0.994268 -0.0406532 0.000218442 -0.0408752 -0.999164 0.186119 70.0198 3.99659</i>
                        <i>-0.99815 0.0607779 -0.00171891 0.0608021 0.997802 -0.0263551 0.000113321 -0.0264109 -0.999651 0.114334 70.0776 1.77776</i>
                        <i>-0.999632 0.0271258 -0.000389596 0.0271286 0.999544 -0.0132514 2.99624e-005 -0.0132571 -0.999912 0.0509155 70.1267 -0.434633</i>
                        <i>-0.999989 0.00462148 -1.86671e-005 0.00462152 0.999982 -0.00369399 1.59508e-006 -0.00369404 -0.999993 0.00865708 70.1606 -2.62077</i>
                        <i>-1 1.22465e-016 0 1.22465e-016 1 1.22465e-016 1.49976e-032 1.22465e-016 -1 -2.29201e-016 70.1734 -4.76083</i>
                    </KeyFrames>
                </p>
            </i>
            <i>
                <p>
                    <Name><![CDATA[left_frontgear_hatch]]></Name>
                    <Exclude>0</Exclude>
                    <Additive>0</Additive>
                    <IKPriority>0</IKPriority>
                    <IKRotLimits>-1e+010 -1e+010 -1e+010 1e+010 1e+010 1e+010</IKRotLimits>
                    <IKRotLimitOrder>0</IKRotLimitOrder>
                    <KeyFrames count="71">
                        <i>0.458693 -0.888595 0 0.888595 0.458693 0 0 0 1 0.364417 1.50424 6.09628</i>
                        <i>0.457864 -0.889019 0.00214442 0.889021 0.457866 0.000113583 -0.00108283 0.00185443 0.999998 0.357706 1.59095 8.53954</i>
                        <i>0.456948 -0.889461 0.00756877 0.889491 0.456951 -0.00135481 -0.0022535 0.00735143 0.99997 0.350447 1.84727 11.1191</i>
                        <i>0.455967 -0.88985 0.0161784 0.88999 0.455959 -0.00436995 -0.00348808 0.0163911 0.99986 0.342788 2.26476 13.819</i>
                        <i>0.454945 -0.890083 0.0278771 0.890507 0.454883 -0.00889603 -0.0047626 0.028872 0.999572 0.33488 2.83491 16.6231</i>
                        <i>0.453906 -0.890033 0.0425656 0.891029 0.453701 -0.0148971 -0.00605314 0.0446891 0.998983 0.326871 3.54915 19.515</i>
                        <i>0.452873 -0.889544 0.060139 0.891545 0.452381 -0.0223373 -0.00733574 0.0637325 0.99794 0.31891 4.39883 22.4782</i>
                        <i>0.451871 -0.888445 0.0804845 0.892042 0.450876 -0.0311804 -0.00858645 0.0858851 0.996268 0.311147 5.37523 25.4961</i>
                        <i>0.450924 -0.886544 0.103479 0.892509 0.449127 -0.0413899 -0.00978132 0.11102 0.99377 0.303732 6.46953 28.5518</i>
                        <i>0.450055 -0.883636 0.128987 0.892934 0.447065 -0.0529282 -0.0108964 0.138998 0.990233 0.296813 7.67282 31.6286</i>
                        <i>0.449289 -0.879508 0.156858 0.893307 0.444611 -0.065756 -0.0119078 0.169666 0.98543 0.29054 8.97608 34.7096</i>
                        <i>0.44865 -0.873941 0.186924 0.893616 0.441676 -0.0798317 -0.0127915 0.202854 0.979125 0.285063 10.3702 37.7777</i>
                        <i>0.448162 -0.866713 0.218998 0.89385 0.438162 -0.0951099 -0.0135236 0.238376 0.971079 0.280532 11.8459 40.8161</i>
                        <i>0.44785 -0.857605 0.252873 0.893998 0.433966 -0.111541 -0.0140801 0.276022 0.961048 0.277095 13.3938 43.8078</i>
                        <i>0.447737 -0.846405 0.288322 0.894049 0.428973 -0.129069 -0.0144372 0.315563 0.948795 0.274903 15.0044 46.7359</i>
                        <i>0.447794 -0.832941 0.325101 0.894018 0.423012 -0.147621 -0.0145624 0.356749 0.934087 0.274149 16.668 49.5836</i>
                        <i>0.447963 -0.81705 0.362987 0.893935 0.415912 -0.167028 -0.0145006 0.399309 0.916702 0.27455 18.375 52.3343</i>
                        <i>0.448231 -0.798555 0.401744 0.893803 0.407565 -0.187103 -0.0143248 0.442945 0.896434 0.275661 20.1154 54.9714</i>
                        <i>0.448589 -0.777309 0.441089 0.893628 0.397857 -0.207699 -0.0140444 0.487341 0.873099 0.277422 21.8793 57.4785</i>
                        <i>0.449026 -0.753181 0.480722 0.893414 0.386688 -0.228658 -0.0136686 0.532157 0.846536 0.279776 23.6567 59.8393</i>
                        <i>0.449533 -0.726071 0.520327 0.893166 0.373966 -0.249808 -0.0132067 0.577036 0.816612 0.282664 25.4373 62.0379</i>
                        <i>0.4501 -0.695904 0.559578 0.892888 0.35962 -0.270968 -0.012668 0.621604 0.78323 0.286029 27.2112 64.0584</i>
                        <i>0.450716 -0.662637 0.598137 0.892586 0.343595 -0.291947 -0.0120618 0.665473 0.746324 0.289812 28.9679 65.8851</i>
                        <i>0.451371 -0.626261 0.635658 0.892264 0.325855 -0.312545 -0.0113974 0.708248 0.705871 0.293954 30.6974 67.5029</i>
                        <i>0.452055 -0.586802 0.671796 0.891926 0.306387 -0.332558 -0.010684 0.749527 0.661888 0.298399 32.3895 68.8965</i>
                        <i>0.452759 -0.54432 0.706204 0.891577 0.285203 -0.351779 -0.00993108 0.788907 0.614432 0.303088 34.0341 70.0513</i>
                        <i>0.453473 -0.498917 0.738542 0.891223 0.262338 -0.37 -0.00914782 0.825991 0.563609 0.307962 35.6212 70.9525</i>
                        <i>0.454186 -0.450727 0.768479 0.890868 0.23785 -0.387017 -0.00834355 0.860391 0.509567 0.312964 37.1408 71.5859</i>
                        <i>0.454889 -0.399925 0.795699 0.890517 0.211825 -0.402629 -0.00752756 0.891734 0.452497 0.318035 38.5832 71.9374</i>
                        <i>0.455571 -0.346718 0.819903 0.890174 0.184374 -0.416649 -0.00670915 0.91967 0.392635 0.323118 39.9389 71.9932</i>
                        <i>0.456223 -0.291349 0.840819 0.889846 0.15563 -0.428898 -0.00589762 0.943872 0.330258 0.328154 41.1985 71.7397</i>
                        <i>0.456836 -0.23409 0.858197 0.889536 0.12575 -0.439218 -0.00510228 0.964048 0.265678 0.333086 42.4307 71.2107</i>
                        <i>0.457399 -0.175241 0.871824 0.889251 0.0949119 -0.447464 -0.00433242 0.97994 0.199246 0.337855 43.7042 70.4726</i>
                        <i>0.457902 -0.115127 0.881516 0.888995 0.063311 -0.453519 -0.00359733 0.991331 0.131338 0.342403 45.0105 69.5384</i>
                        <i>0.458337 -0.054093 0.887131 0.888774 0.0311592 -0.457286 -0.00290632 0.99805 0.0623578 0.346672 46.3414 68.4211</i>
                        <i>0.458692 0.0075027 0.888564 0.888592 -0.00131986 -0.458696 -0.00226868 0.999971 -0.00727225 0.350606 47.6889 67.1337</i>
                        <i>0.451273 0.0695742 0.889669 0.892384 -0.0333365 -0.450043 -0.00165291 0.99702 -0.0771309 0.353278 49.0458 65.6923</i>
                        <i>0.431001 0.13288 0.892514 0.902351 -0.0623234 -0.426472 -0.0010449 0.989171 -0.146765 0.353932 50.4056 64.1119</i>
                        <i>0.400978 0.197796 0.894479 0.916088 -0.0860637 -0.391633 -0.000481218 0.976458 -0.215708 0.352581 51.7623 62.404</i>
                        <i>0.364385 0.264021 0.893038 0.931248 -0.103308 -0.349434 6.93889e-018 0.958968 -0.283513 0.349261 53.1093 60.5798</i>
                        <i>0.321988 0.331141 0.886944 0.946744 -0.112975 -0.301518 0.0003576 0.936793 -0.349883 0.343648 54.4404 58.6502</i>
                        <i>0.276023 0.398221 0.874775 0.961151 -0.114943 -0.250953 0.000614956 0.91006 -0.414477 0.336135 55.7489 56.6264</i>
                        <i>0.232074 0.463655 0.855082 0.972698 -0.11135 -0.203617 0.000805668 0.878991 -0.476838 0.328023 57.028 54.519</i>
                        <i>0.195979 0.525982 0.827608 0.980608 -0.105929 -0.164887 0.000939978 0.843873 -0.536542 0.320808 58.2707 52.339</i>
                        <i>0.173671 0.584056 0.792917 0.984803 -0.10382 -0.139227 0.00100426 0.805047 -0.59321 0.316051 59.4701 50.0978</i>
                        <i>0.171027 0.636858 0.751772 0.985266 -0.111299 -0.12986 0.000969198 0.762905 -0.64651 0.315218 60.6194 47.8064</i>
                        <i>0.193732 0.682857 0.704396 0.981054 -0.135437 -0.138527 0.00080723 0.717888 -0.696158 0.319487 61.7113 45.4759</i>
                        <i>0.247013 0.718846 0.649804 0.969012 -0.183603 -0.165244 0.000520918 0.670486 -0.741922 0.329505 62.7387 43.1173</i>
                        <i>0.334928 0.738331 0.585398 0.942244 -0.262567 -0.207931 0.000184729 0.62123 -0.783629 0.345034 63.6934 40.7412</i>
                        <i>0.458693 0.729698 0.507091 0.888595 -0.376671 -0.261761 0 0.570666 -0.821182 0.364417 64.5668 38.358</i>
                        <i>0.626932 0.665594 0.404896 0.779074 -0.535867 -0.325409 0.000379937 0.519453 -0.854499 0.384901 65.3449 35.9756</i>
                        <i>0.814341 0.512169 0.273006 0.580383 -0.720333 -0.379838 0.00211381 0.467765 -0.88385 0.395358 66.0166 33.6054</i>
                        <i>0.95798 0.258666 0.123961 0.286778 -0.872334 -0.395969 0.0057114 0.41488 -0.909858 0.379702 66.5821 31.2646</i>
                        <i>0.99726 -0.0721344 -0.0164034 -0.0732023 -0.930276 -0.359483 0.0106714 0.359698 -0.933008 0.325444 67.0495 28.9711</i>
                        <i>0.89829 -0.422897 -0.119304 -0.439135 -0.854517 -0.27742 0.0153732 0.301594 -0.953313 0.229234 67.4335 26.7408</i>
                        <i>0.671181 -0.722182 -0.167241 -0.741079 -0.648269 -0.174784 0.0178087 0.24125 -0.9703 0.100235 67.7496 24.5846</i>
                        <i>0.366814 -0.916065 -0.162086 -0.930143 -0.358005 -0.0816496 0.0167687 0.180714 -0.983393 -0.0416658 68.005 22.5076</i>
                        <i>0.0537568 -0.991118 -0.12164 -0.998474 -0.0518148 -0.0190749 0.0126028 0.12248 -0.992391 -0.173014 68.1923 20.5101</i>
                        <i>-0.209482 -0.975427 -0.068264 -0.977787 0.209465 0.00748122 0.00700156 0.0683149 -0.997639 -0.275506 68.2903 18.5922</i>
                        <i>-0.38975 -0.920744 -0.0180569 -0.920918 0.389718 0.00538326 0.00208052 0.0187271 -0.999822 -0.340975 68.2697 16.7573</i>
                        <i>-0.496828 -0.867568 0.0220686 -0.867848 0.496699 -0.0113919 -0.00107819 -0.024812 -0.999692 -0.376181 68.1219 15.0126</i>
                        <i>-0.562094 -0.825749 0.0467893 -0.82707 0.561347 -0.0290659 -0.00226386 -0.0550358 -0.998482 -0.390901 67.9653 13.2381</i>
                        <i>-0.595545 -0.801353 0.0562072 -0.80332 0.594243 -0.0393995 -0.0018278 -0.0686165 -0.997641 -0.391336 67.897 11.3222</i>
                        <i>-0.604923 -0.794283 0.0564141 -0.796283 0.603471 -0.0419029 -0.000761535 -0.0702696 -0.997528 -0.385611 67.8894 9.28861</i>
                        <i>-0.596196 -0.801163 0.051849 -0.802839 0.594952 -0.0385036 -3.20924e-017 -0.064582 -0.997912 -0.380265 67.9166 7.16362</i>
                        <i>-0.574182 -0.817524 0.0443753 -0.818728 0.573322 -0.0314042 0.000232402 -0.054363 -0.998521 -0.376886 67.9599 4.97317</i>
                        <i>-0.544319 -0.838182 0.0341705 -0.838878 0.543857 -0.0224322 0.000218442 -0.0408752 -0.999164 -0.373933 68.0134 2.74198</i>
                        <i>-0.511873 -0.858763 0.0226306 -0.859061 0.511692 -0.0136163 0.000113321 -0.0264109 -0.999651 -0.37082 68.0695 0.49484</i>
                        <i>-0.482631 -0.875747 0.0115964 -0.875824 0.482588 -0.00642453 2.99624e-005 -0.0132571 -0.999912 -0.367566 68.1205 -1.74362</i>
                        <i>-0.462795 -0.886459 0.0032739 -0.886465 0.462792 -0.001711 1.59508e-006 -0.00369404 -0.999993 -0.364994 68.1581 -3.94884</i>
                        <i>-0.458693 -0.888595 -1.08821e-016 -0.888595 0.458693 5.61737e-017 1.49976e-032 1.22465e-016 -1 -0.364417 68.1741 -6.09628</i>
                    </KeyFrames>
                </p>
            </i>
            <i>
                <p>
                    <Name><![CDATA[front_gear]]></Name>
                    <Exclude>0</Exclude>
                    <Additive>0</Additive>
                    <IKPriority>0</IKPriority>
                    <IKRotLimits>-1e+010 -1e+010 -1e+010 1e+010 1e+010 1e+010</IKRotLimits>
                    <IKRotLimitOrder>0</IKRotLimitOrder>
                    <KeyFrames count="71">
                        <i>1 0 0 0 -0.601741 0.798691 0 -0.798691 -0.601741 0 1.53488 6.8762</i>
                        <i>0.999999 -0.000930302 0.00108456 -0.00142586 -0.600259 0.799805 -9.30426e-005 -0.799805 -0.600259 -0.00752671 1.62338 9.31901</i>
                        <i>0.999996 -0.00194561 0.00226786 -0.0029806 -0.595852 0.803089 -0.000211182 -0.803092 -0.595855 -0.0156661 1.88435 11.898</i>
                        <i>0.999989 -0.00300551 0.0035378 -0.00462908 -0.588566 0.808436 -0.000347538 -0.808444 -0.588574 -0.0242512 2.30928 14.597</i>
                        <i>0.99998 -0.00406903 0.00488208 -0.00633613 -0.578425 0.815711 -0.000495236 -0.815725 -0.57844 -0.033115 2.88954 17.4</i>
                        <i>0.999967 -0.0050953 0.00628705 -0.00806659 -0.565439 0.82475 -0.000647409 -0.824774 -0.565462 -0.0420905 3.61647 20.2905</i>
                        <i>0.999952 -0.00604432 0.00773655 -0.00978532 -0.549604 0.835368 -0.000797198 -0.835403 -0.549637 -0.0510106 4.48132 23.2518</i>
                        <i>0.999934 -0.00687779 0.00921096 -0.0114572 -0.530908 0.847352 -0.000937743 -0.847402 -0.530951 -0.0597082 5.47525 26.2671</i>
                        <i>0.999914 -0.00755995 0.0106864 -0.0130469 -0.509333 0.86047 -0.00106219 -0.860536 -0.509388 -0.0680163 6.58932 29.3196</i>
