<?xml version="1.0" encoding="ISO-8859-1" ?>
<Animl Version="1">
    <ModellingPackage><![CDATA[Maya.2010]]></ModellingPackage>
    <SrcFile><![CDATA[anims\vehicles\red\~src\air\fighter_mig23flogger\fighter_mig23flogger_roll_right.mb]]></SrcFile>
    <FramesPerSecond>30</FramesPerSecond>
    <TotalFrames>51</TotalFrames>
    <Skeleton>
        <RefFrame>
            <Name><![CDATA[mig23flogger_ref_frame]]></Name>
            <Exclude>0</Exclude>
            <Additive>0</Additive>
            <IKPriority>0</IKPriority>
            <IKRotLimits>-1e+010 -1e+010 -1e+010 1e+010 1e+010 1e+010</IKRotLimits>
            <IKRotLimitOrder>0</IKRotLimitOrder>
            <KeyFrames count="51">
                <i>1 0 0 0 1 0 0 0 1 0 0 0</i>
                <i>1 0 0 0 1 0 0 0 1 0 0 0</i>
                <i>1 0 0 0 1 0 0 0 1 0 0 0</i>
                <i>1 0 0 0 1 0 0 0 1 -0.13735 0 0</i>
                <i>1 0 0 0 1 0 0 0 1 -0.540947 0 0</i>
                <i>1 0 0 0 1 0 0 0 1 -1.19811 0 0</i>
                <i>1 0 0 0 1 0 0 0 1 -2.09617 0 0</i>
                <i>1 0 0 0 1 0 0 0 1 -3.22244 0 0</i>
                <i>1 0 0 0 1 0 0 0 1 -4.56424 0 0</i>
                <i>1 0 0 0 1 0 0 0 1 -6.10889 0 0</i>
                <i>1 0 0 0 1 0 0 0 1 -7.84373 0 0</i>
                <i>1 0 0 0 1 0 0 0 1 -9.75606 0 0</i>
                <i>1 0 0 0 1 0 0 0 1 -11.8332 0 0</i>
                <i>1 0 0 0 1 0 0 0 1 -14.0625 0 0</i>
                <i>1 0 0 0 1 0 0 0 1 -16.4313 0 0</i>
                <i>1 0 0 0 1 0 0 0 1 -18.9268 0 0</i>
                <i>1 0 0 0 1 0 0 0 1 -21.5364 0 0</i>
                <i>1 0 0 0 1 0 0 0 1 -24.2475 0 0</i>
                <i>1 0 0 0 1 0 0 0 1 -27.0473 0 0</i>
                <i>1 0 0 0 1 0 0 0 1 -29.9232 0 0</i>
                <i>1 0 0 0 1 0 0 0 1 -32.8625 0 0</i>
                <i>1 0 0 0 1 0 0 0 1 -35.8525 0 0</i>
                <i>1 0 0 0 1 0 0 0 1 -38.8805 0 0</i>
                <i>1 0 0 0 1 0 0 0 1 -41.9339 0 0</i>
                <i>1 0 0 0 1 0 0 0 1 -45 0 0</i>
                <i>1 0 0 0 1 0 0 0 1 -48.0661 0 0</i>
                <i>1 0 0 0 1 0 0 0 1 -51.1195 0 0</i>
                <i>1 0 0 0 1 0 0 0 1 -54.1475 0 0</i>
                <i>1 0 0 0 1 0 0 0 1 -57.1375 0 0</i>
                <i>1 0 0 0 1 0 0 0 1 -60.0768 0 0</i>
                <i>1 0 0 0 1 0 0 0 1 -62.9527 0 0</i>
                <i>1 0 0 0 1 0 0 0 1 -65.7525 0 0</i>
                <i>1 0 0 0 1 0 0 0 1 -68.4636 0 0</i>
                <i>1 0 0 0 1 0 0 0 1 -71.0732 0 0</i>
                <i>1 0 0 0 1 0 0 0 1 -73.5687 0 0</i>
                <i>1 0 0 0 1 0 0 0 1 -75.9375 0 0</i>
                <i>1 0 0 0 1 0 0 0 1 -78.1668 0 0</i>
                <i>1 0 0 0 1 0 0 0 1 -80.2439 0 0</i>
                <i>1 0 0 0 1 0 0 0 1 -82.1563 0 0</i>
                <i>1 0 0 0 1 0 0 0 1 -83.8911 0 0</i>
                <i>1 0 0 0 1 0 0 0 1 -85.4358 0 0</i>
                <i>1 0 0 0 1 0 0 0 1 -86.7776 0 0</i>
                <i>1 0 0 0 1 0 0 0 1 -87.9038 0 0</i>
                <i>1 0 0 0 1 0 0 0 1 -88.8019 0 0</i>
                <i>1 0 0 0 1 0 0 0 1 -89.4591 0 0</i>
                <i>1 0 0 0 1 0 0 0 1 -89.8626 0 0</i>
                <i>1 0 0 0 1 0 0 0 1 -90 0 0</i>
                <i>1 0 0 0 1 0 0 0 1 -90 0 0</i>
                <i>1 0 0 0 1 0 0 0 1 -90 0 0</i>
                <i>1 0 0 0 1 0 0 0 1 -90 0 0</i>
                <i>1 0 0 0 1 0 0 0 1 -90 0 0</i>
            </KeyFrames>
        </RefFrame>
        <Bones count="21">
            <i>
                <p>
                    <Name><![CDATA[mig23flogger_root]]></Name>
                    <Exclude>0</Exclude>
                    <Additive>0</Additive>
                    <IKPriority>0</IKPriority>
                    <IKRotLimits>-1e+010 -1e+010 -1e+010 1e+010 1e+010 1e+010</IKRotLimits>
                    <IKRotLimitOrder>0</IKRotLimitOrder>
                    <KeyFrames count="51">
                        <i>1 0 0 0 1 0 0 0 1 0 1.63199 0.00887311</i>
                        <i>0.999919 -0.0127132 0 0.0127132 0.999919 0.000371453 -4.72236e-006 -0.000371423 1 0 1.63199 0.00887311</i>
                        <i>0.999092 -0.0425983 0 0.0425983 0.999091 0.00140793 -5.99754e-005 -0.00140665 0.999999 0 1.63199 0.00887311</i>
                        <i>0.997012 -0.0772513 -1.35525e-020 0.0772509 0.997007 0.00299261 -0.000231183 -0.00298366 0.999996 -0.13735 1.63199 0.00887311</i>
                        <i>0.994545 -0.10431 0 0.104309 0.994532 0.00500865 -0.000522454 -0.00498133 0.999987 -0.540947 1.63199 0.00887311</i>
                        <i>0.993761 -0.11153 5.42101e-020 0.111527 0.993734 0.00733923 -0.000818545 -0.00729344 0.999973 -1.19811 1.63199 0.00887311</i>
                        <i>0.99624 -0.086642 0 0.0866377 0.996191 0.0098675 -0.000854939 -0.00983039 0.999951 -2.09617 1.63199 0.00887311</i>
                        <i>0.999854 -0.0170991 1.35525e-020 0.0170977 0.999776 0.0124766 -0.000213339 -0.0124748 0.999922 -3.22244 1.63199 0.00887311</i>
                        <i>0.994005 0.109335 0 -0.109323 0.993892 0.0150498 0.00164547 -0.0149595 0.999887 -4.56424 1.63199 0.00887311</i>
                        <i>0.96227 0.272098 4.33681e-019 -0.272056 0.962123 0.0174637 0.00475183 -0.0168048 0.999847 -6.10889 1.63199 0.00887311</i>
                        <i>0.899465 0.436992 0 -0.436908 0.899292 0.0196057 0.00856755 -0.0176347 0.999808 -7.84373 1.63199 0.00887311</i>
                        <i>0.802675 0.596417 -1.73472e-018 -0.596281 0.802491 0.0213606 0.0127398 -0.0171456 0.999772 -9.75606 1.63199 0.00887311</i>
                        <i>0.670923 0.741527 -1.73472e-018 -0.741338 0.670751 0.022613 0.0167682 -0.0151716 0.999744 -11.8332 1.63199 0.00887311</i>
                        <i>0.505678 0.862723 0 -0.862489 0.505541 0.0232478 0.0200564 -0.0117559 0.99973 -14.0625 1.63199 0.00887311</i>
                        <i>0.311217 0.950339 1.73472e-018 -0.950084 0.311133 0.0231497 0.0220001 -0.00720457 0.999732 -16.4313 1.63199 0.00887311</i>
                        <i>0.0954849 0.995431 3.46945e-018 -0.995183 0.0954612 0.0223061 0.0222042 -0.00212989 0.999751 -18.9268 1.63199 0.00887311</i>
                        <i>-0.130435 0.991457 0 -0.991241 -0.130406 0.02088 0.0207016 0.00272347 0.999782 -21.5364 1.63199 0.00887311</i>
                        <i>-0.353997 0.935246 0 -0.935079 -0.353934 0.0189512 0.0177241 0.00670869 0.99982 -24.2475 1.63199 0.00887311</i>
                        <i>-0.561727 0.827323 8.67362e-019 -0.827209 -0.561649 0.0165998 0.0137334 0.00932457 0.999862 -27.0473 1.63199 0.00887311</i>
                        <i>-0.740421 0.672143 0 -0.672078 -0.740349 0.0139057 0.00934662 0.0102961 0.999903 -29.9232 1.63199 0.00887311</i>
                        <i>-0.878406 0.477915 0 -0.477887 -0.878353 0.0109488 0.00523258 0.00961745 0.99994 -32.8625 1.63199 0.00887311</i>
                        <i>-0.966681 0.255983 0 -0.255975 -0.966652 0.00780898 0.00199897 0.0075488 0.999969 -35.8525 1.63199 0.00887311</i>
                        <i>-0.999803 0.019854 0 -0.0198538 -0.999792 0.00456638 9.0661e-005 0.00456548 0.99999 -38.8805 1.63199 0.00887311</i>
                        <i>-0.976386 -0.216032 0 0.216032 -0.976385 0.00130093 -0.000281042 0.00127021 0.999999 -41.9339 1.63199 0.00887311</i>
                        <i>-0.899162 -0.437617 0 0.437616 -0.89916 -0.00190734 0.000834684 -0.00171501 0.999998 -45 1.63199 0.00887311</i>
                        <i>-0.774584 -0.632471 4.33681e-019 0.632463 -0.774575 -0.00497843 0.00314871 -0.00385621 0.999988 -48.0661 1.63199 0.00887311</i>
                        <i>-0.612068 -0.790806 0 0.790781 -0.612049 -0.00783233 0.00619385 -0.00479391 0.999969 -51.1195 1.63199 0.00887311</i>
                        <i>-0.422945 -0.906155 0 0.906106 -0.422923 -0.0103891 0.00941411 -0.00439401 0.999946 -54.1475 1.63199 0.00887311</i>
                        <i>-0.219324 -0.975652 8.67362e-019 0.975575 -0.219307 -0.0125687 0.0122627 -0.00275661 0.999921 -57.1375 1.63199 0.00887311</i>
                        <i>-0.0129565 -0.999916 0 0.999814 -0.0129552 -0.0142912 0.01429 -0.000185164 0.999898 -60.0768 1.63199 0.00887311</i>
                        <i>0.185716 -0.982603 -2.60209e-018 0.982486 0.185693 -0.0154767 0.0152075 0.00287427 0.99988 -62.9527 1.63199 0.00887311</i>
                        <i>0.369654 -0.929169 -8.67362e-019 0.929052 0.369607 -0.0159045 0.014778 0.00587917 0.999874 -65.7525 1.63199 0.00887311</i>
                        <i>0.533633 -0.845716 0 0.845614 0.533569 -0.0155045 0.0131124 0.0082737 0.99988 -68.4636 1.63199 0.00887311</i>
                        <i>0.673064 -0.739584 -8.67362e-019 0.739507 0.672994 -0.0144224 0.0106666 0.0097072 0.999896 -71.0732 1.63199 0.00887311</i>
                        <i>0.785669 -0.618647 8.67362e-019 0.618596 0.785605 -0.0128041 0.00792121 0.0100598 0.999918 -73.5687 1.63199 0.00887311</i>
                        <i>0.871362 -0.490641 0 0.490612 0.871311 -0.0107954 0.00529666 0.00940669 0.999942 -75.9375 1.63199 0.00887311</i>
                        <i>0.931932 -0.362633 -2.1684e-019 0.362619 0.931898 -0.00854209 0.00309764 0.00796065 0.999964 -78.1668 1.63199 0.00887311</i>
                        <i>0.970612 -0.240651 0 0.240646 0.970593 -0.00619004 0.00148964 0.00600813 0.999981 -80.2439 1.63199 0.00887311</i>
                        <i>0.991578 -0.129514 5.42101e-020 0.129513 0.99157 -0.0038851 0.000503177 0.00385238 0.999992 -82.1563 1.63199 0.00887311</i>
                        <i>0.999461 -0.0328339 0 0.0328338 0.999459 -0.00177313 5.82187e-005 0.00177218 0.999998 -83.8911 1.63199 0.00887311</i>
                        <i>0.998902 0.0468449 0 -0.0468449 0.998902 0 0 0 1 -85.4358 1.63199 0.00887311</i>
                        <i>0.994741 0.102421 0 -0.102421 0.994741 0 0 0 1 -86.7776 1.63199 0.00887311</i>
                        <i>0.991172 0.132585 0 -0.132585 0.991172 0 0 0 1 -87.9038 1.63199 0.00887311</i>
                        <i>0.989869 0.141982 0 -0.141982 0.989869 0 0 0 1 -88.8019 1.63199 0.00887311</i>
                        <i>0.990829 0.135125 0 -0.135125 0.990829 0 0 0 1 -89.4591 1.63199 0.00887311</i>
                        <i>0.993201 0.116415 0 -0.116415 0.993201 0 0 0 1 -89.8626 1.63199 0.00887311</i>
                        <i>0.99592 0.0902369 0 -0.0902369 0.99592 0 0 0 1 -90 1.63199 0.00887311</i>
                        <i>0.998137 0.061018 0 -0.061018 0.998137 0 0 0 1 -90 1.63199 0.00887311</i>
                        <i>0.999447 0.033238 0 -0.033238 0.999447 0 0 0 1 -90 1.63199 0.00887311</i>
                        <i>0.999935 0.0113999 0 -0.0113999 0.999935 0 0 0 1 -90 1.63199 0.00887311</i>
                        <i>1 -2.44929e-016 0 2.44929e-016 1 0 0 0 1 -90 1.63199 0.00887311</i>
                    </KeyFrames>
                </p>
            </i>
            <i>
                <p>
                    <Name><![CDATA[cockpit_hatch]]></Name>
                    <Exclude>0</Exclude>
                    <Additive>0</Additive>
                    <IKPriority>0</IKPriority>
                    <IKRotLimits>-1e+010 -1e+010 -1e+010 1e+010 1e+010 1e+010</IKRotLimits>
                    <IKRotLimitOrder>0</IKRotLimitOrder>
                    <KeyFrames count="51">
                        <i>1 0 0 0 1 0 0 0 1 0 3.50356 4.76083</i>
                        <i>0.999919 -0.0127132 0 0.0127132 0.999919 0.000371453 -4.72236e-006 -0.000371423 1 0.0237712 3.50164 4.76152</i>
                        <i>0.999092 -0.0425983 0 0.0425983 0.999091 0.00140793 -5.99754e-005 -0.00140665 0.999999 0.0794406 3.49517 4.76346</i>
                        <i>0.997012 -0.0772513 -1.35525e-020 0.0772509 0.997007 0.00299261 -0.000231183 -0.00298366 0.999996 0.00613219 3.48378 4.76641</i>
                        <i>0.994545 -0.10431 0 0.104309 0.994532 0.00500865 -0.000522454 -0.00498133 0.999987 -0.348208 3.46965 4.77014</i>
                        <i>0.993761 -0.11153 5.42101e-020 0.111527 0.993734 0.00733923 -0.000818545 -0.00729344 0.999973 -0.993271 3.45717 4.77444</i>
                        <i>0.99624 -0.086642 0 0.0866377 0.996191 0.0098675 -0.000854939 -0.00983039 0.999951 -1.93808 3.44972 4.77907</i>
                        <i>0.999854 -0.0170991 1.35525e-020 0.0170977 0.999776 0.0124766 -0.000213339 -0.0124748 0.999922 -3.19145 3.44386 4.78381</i>
                        <i>0.994005 0.109335 0 -0.109323 0.993892 0.0150498 0.00164547 -0.0149595 0.999887 -4.76102 3.42104 4.78846</i>
                        <i>0.96227 0.272098 4.33681e-019 -0.272056 0.962123 0.0174637 0.00475183 -0.0168048 0.999847 -6.59549 3.35281 4.79279</i>
                        <i>0.899465 0.436992 0 -0.436908 0.899292 0.0196057 0.00856755 -0.0176347 0.999808 -8.62072 3.23128 4.79661</i>
                        <i>0.802675 0.596417 -1.73472e-018 -0.596281 0.802491 0.0213606 0.0127398 -0.0171456 0.999772 -10.8115 3.05243 4.79972</i>
                        <i>0.670923 0.741527 -1.73472e-018 -0.741338 0.670751 0.022613 0.0167682 -0.0151716 0.999744 -13.141 2.81525 4.80194</i>
                        <i>0.505678 0.862723 0 -0.862489 0.505541 0.0232478 0.0200564 -0.0117559 0.99973 -15.5814 2.52228 4.80305</i>
                        <i>0.311217 0.950339 1.73472e-018 -0.950084 0.311133 0.0231497 0.0220001 -0.00720457 0.999732 -18.1049 2.18006 4.80288</i>
                        <i>0.0954849 0.995431 3.46945e-018 -0.995183 0.0954612 0.0223061 0.0222042 -0.00212989 0.999751 -20.6838 1.80053 4.80139</i>
                        <i>-0.130435 0.991457 0 -0.991241 -0.130406 0.02088 0.0207016 0.00272347 0.999782 -23.2932 1.40086 4.79887</i>
                        <i>-0.353997 0.935246 0 -0.935079 -0.353934 0.0189512 0.0177241 0.00670869 0.99982 -25.9134 1.00145 4.79544</i>
                        <i>-0.561727 0.827323 8.67362e-019 -0.827209 -0.561649 0.0165998 0.0137334 0.00932457 0.999862 -28.5303 0.625131 4.79124</i>
                        <i>-0.740421 0.672143 0 -0.672078 -0.740349 0.0139057 0.00934662 0.0102961 0.999903 -31.1367 0.295298 4.78639</i>
                        <i>-0.878406 0.477915 0 -0.477887 -0.878353 0.0109488 0.00523258 0.00961745 0.99994 -33.732 0.033789 4.78103</i>
                        <i>-0.966681 0.255983 0 -0.255975 -0.966652 0.00780898 0.00199897 0.0075488 0.999969 -36.3221 -0.141298 4.7753</i>
                        <i>-0.999803 0.019854 0 -0.0198538 -0.999792 0.00456638 9.0661e-005 0.00456548 0.99999 -38.9173 -0.2175 4.76933</i>
                        <i>-0.976386 -0.216032 0 0.216032 -0.976385 0.00130093 -0.000281042 0.00127021 0.999999 -41.5309 -0.189351 4.76326</i>
                        <i>-0.899162 -0.437617 0 0.437616 -0.89916 -0.00190734 0.000834684 -0.00171501 0.999998 -44.177 -0.0590034 4.75725</i>
                        <i>-0.774584 -0.632471 4.33681e-019 0.632463 -0.774575 -0.00497843 0.00314871 -0.00385621 0.999988 -46.8674 0.163992 4.75145</i>
                        <i>-0.612068 -0.790806 0 0.790781 -0.612049 -0.00783233 0.00619385 -0.00479391 0.999969 -49.61 0.463714 4.74602</i>
                        <i>-0.422945 -0.906155 0 0.906106 -0.422923 -0.0103891 0.00941411 -0.00439401 0.999946 -52.4069 0.819578 4.74113</i>
                        <i>-0.219324 -0.975652 8.67362e-019 0.975575 -0.219307 -0.0125687 0.0122627 -0.00275661 0.999921 -55.2534 1.20844 4.73693</i>
                        <i>-0.0129565 -0.999916 0 0.999814 -0.0129552 -0.0142912 0.01429 -0.000185164 0.999898 -58.1376 1.60686 4.7336</i>
                        <i>0.185716 -0.982603 -2.60209e-018 0.982486 0.185693 -0.0154767 0.0152075 0.00287427 0.99988 -61.0416 1.99318 4.73129</i>
                        <i>0.369654 -0.929169 -8.67362e-019 0.929052 0.369607 -0.0159045 0.014778 0.00587917 0.999874 -63.9435 2.35167 4.73046</i>
                        <i>0.533633 -0.845716 0 0.845614 0.533569 -0.0155045 0.0131124 0.0082737 0.99988 -66.8186 2.66992 4.73124</i>
                        <i>0.673064 -0.739584 -8.67362e-019 0.739507 0.672994 -0.0144224 0.0106666 0.0097072 0.999896 -69.6385 2.93767 4.73334</i>
                        <i>0.785669 -0.618647 8.67362e-019 0.618596 0.785605 -0.0128041 0.00792121 0.0100598 0.999918 -72.3734 3.15011 4.73648</i>
                        <i>0.871362 -0.490641 0 0.490612 0.871311 -0.0107954 0.00529666 0.00940669 0.999942 -74.9941 3.30741 4.74035</i>
                        <i>0.931932 -0.362633 -2.1684e-019 0.362619 0.931898 -0.00854209 0.00309764 0.00796065 0.999964 -77.4734 3.41393 4.74467</i>
                        <i>0.970612 -0.240651 0 0.240646 0.970593 -0.00619004 0.00148964 0.00600813 0.999981 -79.7865 3.47707 4.74915</i>
                        <i>0.991578 -0.129514 5.42101e-020 0.129513 0.99157 -0.0038851 0.000503177 0.00385238 0.999992 -81.9115 3.50609 4.75352</i>
                        <i>0.999461 -0.0328339 0 0.0328338 0.999459 -0.00177313 5.82187e-005 0.00177218 0.999998 -83.8294 3.51097 4.7575</i>
                        <i>0.998902 0.0468449 0 -0.0468449 0.998902 0 0 0 1 -85.5234 3.5015 4.76083</i>
                        <i>0.994741 0.102421 0 -0.102421 0.994741 0 0 0 1 -86.9692 3.49372 4.76083</i>
                        <i>0.991172 0.132585 0 -0.132585 0.991172 0 0 0 1 -88.152 3.48703 4.76083</i>
                        <i>0.989869 0.141982 0 -0.141982 0.989869 0 0 0 1 -89.0676 3.4846 4.76083</i>
                        <i>0.990829 0.135125 0 -0.135125 0.990829 0 0 0 1 -89.712 3.48639 4.76083</i>
                        <i>0.993201 0.116415 0 -0.116415 0.993201 0 0 0 1 -90.0805 3.49083 4.76083</i>
                        <i>0.99592 0.0902369 0 -0.0902369 0.99592 0 0 0 1 -90.1689 3.49592 4.76083</i>
                        <i>0.998137 0.061018 0 -0.061018 0.998137 0 0 0 1 -90.1142 3.50007 4.76083</i>
                        <i>0.999447 0.033238 0 -0.033238 0.999447 0 0 0 1 -90.0622 3.50252 4.76083</i>
                        <i>0.999935 0.0113999 0 -0.0113999 0.999935 0 0 0 1 -90.0213 3.50344 4.76083</i>
                        <i>1 -2.44929e-016 0 2.44929e-016 1 0 0 0 1 -90 3.50356 4.76083</i>
                    </KeyFrames>
                </p>
            </i>
            <i>
                <p>
                    <Name><![CDATA[left_frontgear_hatch]]></Name>
                    <Exclude>0</Exclude>
                    <Additive>0</Additive>
                    <IKPriority>0</IKPriority>
                    <IKRotLimits>-1e+010 -1e+010 -1e+010 1e+010 1e+010 1e+010</IKRotLimits>
                    <IKRotLimitOrder>0</IKRotLimitOrder>
                    <KeyFrames count="51">
                        <i>0.458693 -0.888595 0 0.888595 0.458693 0 0 0 1 0.364417 1.50424 6.09628</i>
                        <i>0.447359 -0.894354 -0.000330071 0.894354 0.447359 0.000170383 -4.72236e-006 -0.000371423 1 0.362735 1.49736 6.09623</i>
                        <i>0.420424 -0.907327 -0.00125108 0.907328 0.420424 0.000645808 -5.99754e-005 -0.00140665 0.999999 0.358279 1.48027 6.0961</i>
                        <i>0.388678 -0.92137 -0.00265921 0.921374 0.388675 0.00137269 -0.000231183 -0.00298366 0.999996 0.214703 1.45831 6.09587</i>
                        <i>0.363503 -0.931583 -0.00445066 0.931593 0.363496 0.00229743 -0.000522454 -0.00498133 0.999987 -0.195023 1.43661 6.09557</i>
                        <i>0.356729 -0.934185 -0.0065216 0.934207 0.356714 0.00336646 -0.000818545 -0.00729344 0.999973 -0.855199 1.42 6.09518</i>
                        <i>0.379983 -0.924952 -0.00876821 0.924993 0.379957 0.00452616 -0.000854939 -0.00983039 0.999951 -1.74939 1.41332 6.09473</i>
                        <i>0.443433 -0.896239 -0.0110867 0.896307 0.443396 0.00572294 -0.000213339 -0.0124748 0.999922 -2.86156 1.4221 6.09421</i>
                        <i>0.553087 -0.833016 -0.0133731 0.833122 0.553047 0.00690322 0.00164547 -0.0149595 0.999887 -4.17802 1.4538 6.09367</i>
                        <i>0.683134 -0.730128 -0.0155182 0.730277 0.683104 0.00801049 0.00475183 -0.0168048 0.999847 -5.69455 1.50594 6.09312</i>
                        <i>0.800813 -0.598661 -0.0174216 0.598853 0.800808 0.00899302 0.00856755 -0.0176347 0.999808 -7.40798 1.56901 6.09261</i>
                        <i>0.898034 -0.439517 -0.0189809 0.439742 0.898071 0.00979795 0.0127398 -0.0171456 0.999772 -9.30983 1.64245 6.09216</i>
                        <i>0.966496 -0.255892 -0.0200938 0.256132 0.966586 0.0103724 0.0167682 -0.0151716 0.999744 -11.3919 1.72417 6.09184</i>
                        <i>0.998354 -0.0534958 -0.0206579 0.0537242 0.998499 0.0106636 0.0200564 -0.0117559 0.99973 -13.646 1.81024 6.09167</i>
                        <i>0.986993 0.159443 -0.0205707 -0.159252 0.987181 0.0106186 0.0220001 -0.00720457 0.999732 -16.0626 1.8947 6.09169</i>
                        <i>0.928113 0.371771 -0.0198211 -0.371636 0.928322 0.0102316 0.0222042 -0.00212989 0.999751 -18.6297 1.96958 6.09192</i>
                        <i>0.820982 0.570653 -0.0185538 -0.570579 0.821187 0.0095775 0.0207016 0.00272347 0.999782 -21.3313 2.02653 6.09229</i>
                        <i>0.66853 0.743495 -0.01684 -0.743474 0.668708 0.00869281 0.0177241 0.00670869 0.99982 -24.1492 2.05886 6.09277</i>
                        <i>0.477393 0.878566 -0.0147505 -0.878582 0.47753 0.00761424 0.0137334 0.00932457 0.999862 -27.0628 2.06199 6.09332</i>
                        <i>0.257579 0.966178 -0.0123565 -0.966212 0.25767 0.00637845 0.00934662 0.0102961 0.999903 -30.0503 2.03418 6.09392</i>
                        <i>0.0217286 0.999717 -0.00972901 -0.99975 0.0217782 0.00502212 0.00523258 0.00961745 0.99994 -33.0897 1.9769 6.09452</i>
                        <i>-0.215952 0.976379 -0.00693902 -0.976402 -0.215931 0.00358193 0.00199897 0.0075488 0.999969 -36.1599 1.89471 6.0951</i>
                        <i>-0.440961 0.897517 -0.00405766 -0.897526 -0.440956 0.00209457 9.0661e-005 0.00456548 0.99999 -39.2418 1.79473 6.09564</i>
                        <i>-0.639827 0.768518 -0.001156 -0.768519 -0.639826 0.000596727 -0.000281042 0.00127021 0.999999 -42.319 1.68572 6.09611</i>
                        <i>-0.801303 0.598257 0.00169485 -0.598258 -0.801303 -0.000874884 0.000834684 -0.00171501 0.999998 -45.3785 1.57693 6.09651</i>
                        <i>-0.9173 0.398173 0.0044238 -0.398185 -0.917302 -0.00228357 0.00314871 -0.00385621 0.999988 -48.41 1.47698 6.09684</i>
                        <i>-0.983435 0.181126 0.00695977 -0.181154 -0.983448 -0.00359264 0.00619385 -0.00479391 0.999969 -51.4058 1.39281 6.0971</i>
                        <i>-0.999163 -0.0398405 0.00923167 0.0397978 -0.999196 -0.0047654 0.00941411 -0.00439401 0.999946 -54.3601 1.32905 6.09728</i>
                        <i>-0.967493 -0.25265 0.0111685 0.252599 -0.967554 -0.00576517 0.0122627 -0.00275661 0.999921 -57.2674 1.28768 6.09741</i>
                        <i>-0.894372 -0.447143 0.0126991 0.447095 -0.894463 -0.00655528 0.01429 -0.000185164 0.999898 -60.1222 1.26813 6.09749</i>
                        <i>-0.787845 -0.61572 0.0137525 0.615686 -0.78796 -0.00709906 0.0152075 0.00287427 0.99988 -62.9179 1.26769 6.09753</i>
                        <i>-0.655993 -0.754635 0.0141327 0.754622 -0.656119 -0.00729529 0.014778 0.00587917 0.999874 -65.6465 1.28196 6.09754</i>
                        <i>-0.506634 -0.862051 0.0137772 0.862061 -0.506754 -0.00711179 0.0131124 0.0082737 0.99988 -68.2973 1.306 6.09753</i>
                        <i>-0.348392 -0.937261 0.0128157 0.937288 -0.348492 -0.00661546 0.0106666 0.0097072 0.999896 -70.8575 1.33559 6.09749</i>
                        <i>-0.1893 -0.981853 0.0113777 0.981887 -0.189374 -0.00587315 0.00792121 0.0100598 0.999918 -73.3132 1.36742 6.09742</i>
                        <i>-0.0362676 -0.999296 0.00959272 0.999328 -0.0363162 -0.00495177 0.00529666 0.00940669 0.999942 -75.6504 1.39915 6.09731</i>
                        <i>0.105249 -0.994417 0.00759045 0.994441 0.105222 -0.0039182 0.00309764 0.00796065 0.999964 -77.8546 1.42925 6.09715</i>
                        <i>0.231376 -0.972849 0.00550044 0.972863 0.231364 -0.00283933 0.00148964 0.00600813 0.999981 -79.9119 1.45688 6.09696</i>
                        <i>0.339745 -0.940511 0.00345228 0.940517 0.339741 -0.00178207 0.000503177 0.00385238 0.999992 -81.8084 1.48158 6.09673</i>
                        <i>0.42927 -0.903175 0.0015756 0.903176 0.429269 -0.000813324 5.82187e-005 0.00177218 0.999998 -83.5307 1.50314 6.0965</i>
                        <i>0.499816 -0.866132 0 0.866132 0.499816 0 0 0 1 -85.0658 1.52146 6.09628</i>
                        <i>0.547292 -0.836942 0 0.836942 0.547292 0 0 0 1 -86.402 1.54224 6.09628</i>
                        <i>0.572458 -0.819934 0 0.819934 0.572458 0 0 0 1 -87.5257 1.55369 6.09628</i>
                        <i>0.580211 -0.814466 0 0.814466 0.580211 0 0 0 1 -88.423 1.55728 6.09628</i>
                        <i>0.574558 -0.818464 0 0.818464 0.574558 0 0 0 1 -89.0807 1.55466 6.09628</i>
                        <i>0.55902 -0.829154 0 0.829154 0.55902 0 0 0 1 -89.4858 1.54754 6.09628</i>
                        <i>0.537006 -0.843578 0 0.843578 0.537006 0 0 0 1 -89.6255 1.53765 6.09628</i>
                        <i>0.512059 -0.85895 0 0.85895 0.512059 0 0 0 1 -89.6285 1.52672 6.09628</i>
                        <i>0.487975 -0.872858 0 0.872858 0.487975 0 0 0 1 -89.6315 1.51643 6.09628</i>
                        <i>0.468793 -0.883308 0 0.883308 0.468793 0 0 0 1 -89.6341 1.50841 6.09628</i>
                        <i>0.458693 -0.888595 0 0.888595 0.458693 0 0 0 1 -89.6356 1.50424 6.09628</i>
                    </KeyFrames>
                </p>
            </i>
            <i>
                <p>
                    <Name><![CDATA[front_gear]]></Name>
                    <Exclude>0</Exclude>
                    <Additive>0</Additive>
                    <IKPriority>0</IKPriority>
                    <IKRotLimits>-1e+010 -1e+010 -1e+010 1e+010 1e+010 1e+010</IKRotLimits>
                    <IKRotLimitOrder>0</IKRotLimitOrder>
                    <KeyFrames count="51">
                        <i>1 0 0 0 -0.601741 0.798691 0 -0.798691 -0.601741 0 1.53488 6.8762</i>
                        <i>0.999919 -0.0127132 0 -0.00765384 -0.601989 0.798468 -0.0101511 -0.798403 -0.602038 -0.00126692 1.53234 6.87617</i>
                        <i>0.999092 -0.0425983 0 -0.025681 -0.602318 0.797843 -0.0339868 -0.797119 -0.602865 -0.00454829 1.52531 6.87606</i>
                        <i>0.997012 -0.0772513 -1.35525e-020 -0.0466697 -0.602323 0.796887 -0.0615605 -0.794506 -0.604129 -0.146439 1.51469 6.87588</i>
                        <i>0.994545 -0.10431 0 -0.0631842 -0.60243 0.795667 -0.0829962 -0.791327 -0.605734 -0.554663 1.50121 6.87563</i>
                        <i>0.993761 -0.11153 5.42101e-020 -0.0677642 -0.603796 0.794253 -0.0885832 -0.789298 -0.607587 -1.21456 1.48541 6.87531</i>
                        <i>0.99624 -0.086642 0 -0.0528163 -0.607301 0.792715 -0.0686824 -0.789734 -0.609593 -2.11045 1.46775 6.87491</i>
                        <i>0.999854 -0.0170991 1.35525e-020 -0.0104588 -0.61157 0.791121 -0.0135274 -0.791006 -0.611659 -3.22556 1.44924 6.87446</i>
                        <i>0.994005 0.109335 0 0.0670983 -0.610014 0.789545 0.0863251 -0.784811 -0.613693 -4.54232 1.43275 6.87396</i>
                        <i>0.96227 0.272098 4.33681e-019 0.167503 -0.592371 0.788061 0.214429 -0.758327 -0.615597 -6.04984 1.42316 6.87346</i>
                        <i>0.899465 0.436992 0 0.269748 -0.555226 0.78674 0.343799 -0.707645 -0.617284 -7.74247 1.42356 6.87298</i>
                        <i>0.802675 0.596417 -1.73472e-018 0.368982 -0.496586 0.785655 0.468579 -0.630626 -0.618664 -9.61067 1.43632 6.87256</i>
                        <i>0.670923 0.741527 -1.73472e-018 0.459486 -0.415736 0.78488 0.58201 -0.526594 -0.619648 -11.6461 1.46267 6.87225</i>
                        <i>0.505678 0.862723 0 0.535014 -0.313594 0.784486 0.676794 -0.396697 -0.620146 -13.841 1.50217 6.87209</i>
                        <i>0.311217 0.950339 1.73472e-018 0.589276 -0.192976 0.784547 0.745586 -0.244164 -0.620069 -16.1879 1.5523 6.87212</i>
                        <i>0.0954849 0.995431 3.46945e-018 0.616577 -0.0591441 0.78507 0.781483 -0.0749624 -0.619407 -18.6777 1.60809 6.87233</i>
                        <i>-0.130435 0.991457 0 0.613004 0.080646 0.785953 0.779238 0.102516 -0.618286 -21.298 1.66335 6.87268</i>
                        <i>-0.353997 0.935246 0 0.576831 0.218335 0.787144 0.736174 0.278647 -0.616769 -24.035 1.71243 6.87313</i>
                        <i>-0.561727 0.827323 8.67362e-019 0.508734 0.345415 0.788592 0.652421 0.442973 -0.614916 -26.8727 1.75056 6.87364</i>
                        <i>-0.740421 0.672143 0 0.411882 0.453722 0.790246 0.531159 0.585115 -0.612789 -29.7938 1.77458 6.87419</i>
                        <i>-0.878406 0.477915 0 0.291743 0.536223 0.792055 0.378535 0.695746 -0.61045 -32.7802 1.78332 6.87473</i>
                        <i>-0.966681 0.255983 0 0.155628 0.587703 0.793968 0.203242 0.767514 -0.60796 -35.8139 1.77769 6.87524</i>
                        <i>-0.999803 0.019854 0 0.0120193 0.605263 0.795935 0.0158025 0.795778 -0.605382 -38.878 1.76042 6.87569</i>
                        <i>-0.976386 -0.216032 0 -0.13022 0.588546 0.797908 -0.172374 0.779066 -0.60278 -41.9568 1.73552 6.87607</i>
                        <i>-0.899162 -0.437617 0 -0.262665 0.539692 0.799838 -0.350022 0.719183 -0.600217 -45.0368 1.70752 6.87638</i>
                        <i>-0.774584 -0.632471 4.33681e-019 -0.378064 0.463014 0.801677 -0.507037 0.620967 -0.597757 -48.1059 1.68072 6.8766</i>
                        <i>-0.612068 -0.790806 0 -0.470899 0.364466 0.80338 -0.635317 0.491723 -0.595467 -51.1537 1.6585 6.87675</i>
                        <i>-0.422945 -0.906155 0 -0.537722 0.25098 0.8049 -0.729364 0.340429 -0.593411 -54.1708 1.64288 6.87684</i>
                        <i>-0.219324 -0.975652 8.67362e-019 -0.577249 0.129764 0.806191 -0.786562 0.176817 -0.591655 -57.148 1.63435 6.87688</i>
                        <i>-0.0129565 -0.999916 0 -0.590216 0.00764778 0.807209 -0.807142 0.0104586 -0.590265 -60.0757 1.63197 6.87689</i>
                        <i>0.185716 -0.982603 -2.60209e-018 -0.579056 -0.109444 0.807909 -0.793854 -0.150041 -0.589308 -62.9436 1.63369 6.87688</i>
                        <i>0.369654 -0.929169 -8.67362e-019 -0.547246 -0.217712 0.808161 -0.750918 -0.29874 -0.588962 -65.7412 1.63647 6.87688</i>
                        <i>0.533633 -0.845716 0 -0.498368 -0.314462 0.807925 -0.683275 -0.431136 -0.589285 -68.4556 1.63699 6.87688</i>
                        <i>0.673064 -0.739584 -8.67362e-019 -0.436472 -0.397215 0.807287 -0.597056 -0.543356 -0.590159 -71.0718 1.6333 6.87689</i>
                        <i>0.785669 -0.618647 8.67362e-019 -0.365908 -0.464696 0.806331 -0.498834 -0.633509 -0.591465 -73.5744 1.62479 6.87688</i>
                        <i>0.871362 -0.490641 0 -0.290991 -0.516791 0.805141 -0.395035 -0.701569 -0.593084 -75.9488 1.61198 6.87685</i>
                        <i>0.931932 -0.362633 -2.1684e-019 -0.215729 -0.554403 0.803802 -0.291485 -0.749089 -0.594897 -78.1807 1.59617 6.87678</i>
                        <i>0.970612 -0.240651 0 -0.143617 -0.579247 0.802401 -0.193098 -0.77882 -0.596786 -80.2571 1.579 6.87667</i>
                        <i>0.991578 -0.129514 5.42101e-020 -0.0775316 -0.593592 0.801023 -0.103744 -0.794276 -0.598634 -82.1654 1.56216 6.87653</i>
                        <i>0.999461 -0.0328339 0 -0.0197109 -0.6 0.799757 -0.0262591 -0.799326 -0.600324 -83.8939 1.54711 6.87636</i>
                        <i>0.998902 0.0468449 0 0.0281885 -0.60108 0.798691 0.0374146 -0.797814 -0.601741 -85.4312 1.53499 6.8762</i>
                        <i>0.994741 0.102421 0 0.061631 -0.598577 0.798691 0.0818028 -0.794491 -0.601741 -86.7676 1.53539 6.8762</i>
                        <i>0.991172 0.132585 0 0.0797817 -0.596429 0.798691 0.105894 -0.79164 -0.601741 -87.891 1.53574 6.8762</i>
                        <i>0.989869 0.141982 0 0.0854367 -0.595645 0.798691 0.1134 -0.7906 -0.601741 -88.7881 1.53587 6.8762</i>
                        <i>0.990829 0.135125 0 0.0813103 -0.596222 0.798691 0.107923 -0.791366 -0.601741 -89.4459 1.53577 6.8762</i>
                        <i>0.993201 0.116415 0 0.0700518 -0.59765 0.798691 0.0929798 -0.793261 -0.601741 -89.8513 1.53554 6.8762</i>
                        <i>0.99592 0.0902369 0 0.0542992 -0.599286 0.798691 0.0720714 -0.795433 -0.601741 -89.9912 1.53528 6.8762</i>
                        <i>0.998137 0.061018 0 0.0367171 -0.60062 0.798691 0.0487346 -0.797203 -0.601741 -89.9941 1.53507 6.8762</i>
                        <i>0.999447 0.033238 0 0.0200007 -0.601409 0.798691 0.0265469 -0.79825 -0.601741 -89.9968 1.53494 6.8762</i>
                        <i>0.999935 0.0113999 0 0.00685979 -0.601702 0.798691 0.00910501 -0.798639 -0.601741 -89.9989 1.53489 6.8762</i>
                        <i>1 -2.44929e-016 0 -1.47384e-016 -0.601741 0.798691 -1.95623e-016 -0.798691 -0.601741 -90 1.53488 6.8762</i>
                    </KeyFrames>
                </p>
            </i>
            <i>
                <p>
                    <Name><![CDATA[left_gear]]></Name>
                    <Exclude>0</Exclude>
                    <Additive>0</Additive>
                    <IKPriority>0</IKPriority>
                    <IKRotLimits>-1e+010 -1e+010 -1e+010 1e+010 1e+010 1e+010</IKRotLimits>
                    <IKRotLimitOrder>0</IKRotLimitOrder>
                    <KeyFrames count="51">
                        <i>1 0 0 0 -0.246011 0.969267 0 -0.969267 -0.246011 0.481512 1.67173 -1.52266</i>
                        <i>0.999919 -0.0127132 0 -0.00313217 -0.246351 0.969176 -0.0123213 -0.969097 -0.246371 0.481986 1.66617 -1.52264</i>
                        <i>0.999092 -0.0425983 0 -0.0105378 -0.247151 0.96892 -0.0412743 -0.96804 -0.247375 0.48286 1.65334 -1.5226</i>
                        <i>0.997012 -0.0772513 -1.35525e-020 -0.0192286 -0.248167 0.968527 -0.0748199 -0.965632 -0.24891 0.346148 1.63898 -1.52253</i>
                        <i>0.994545 -0.10431 0 -0.0261675 -0.249494 0.968023 -0.100975 -0.962742 -0.250863 -0.0571156 1.62891 -1.52244</i>
                        <i>0.993761 -0.11153 5.42101e-020 -0.0282303 -0.251539 0.967435 -0.107898 -0.9614 -0.253118 -0.713918 1.62895 -1.52232</i>
                        <i>0.99624 -0.086642 0 -0.0221425 -0.254602 0.966792 -0.0837648 -0.963157 -0.255563 -1.61171 1.64491 -1.52219</i>
                        <i>0.999854 -0.0170991 1.35525e-020 -0.00441301 -0.258047 0.966122 -0.0165198 -0.965981 -0.258085 -2.73999 1.68259 -1.52204</i>
                        <i>0.994005 0.109335 0 0.0284895 -0.259008 0.965455 0.105558 -0.959667 -0.26057 -4.09248 1.74704 -1.52189</i>
                        <i>0.96227 0.272098 4.33681e-019 0.0715346 -0.252981 0.964823 0.262526 -0.92842 -0.2629 -5.66364 1.82698 -1.52173</i>
                        <i>0.899465 0.436992 0 0.115788 -0.238328 0.964258 0.421373 -0.867316 -0.264967 -7.44111 1.90515 -1.52158</i>
                        <i>0.802675 0.596417 -1.73472e-018 0.15904 -0.21404 0.963791 0.574822 -0.77361 -0.266659 -9.41277 1.97732 -1.52146</i>
                        <i>0.670923 0.741527 -1.73472e-018 0.19863 -0.179717 0.963456 0.714429 -0.646405 -0.267866 -11.5653 2.03893 -1.52137</i>
                        <i>0.505678 0.862723 0 0.231622 -0.135763 0.963286 0.831048 -0.487112 -0.268478 -13.884 2.08549 -1.52132</i>
                        <i>0.311217 0.950339 1.73472e-018 0.255055 -0.0835253 0.963312 0.915473 -0.299799 -0.268383 -16.3529 2.11299 -1.52133</i>
                        <i>0.0954849 0.995431 3.46945e-018 0.266348 -0.0255489 0.963538 0.959136 -0.0920034 -0.26757 -18.9544 2.11836 -1.52139</i>
                        <i>-0.130435 0.991457 0 0.263921 0.0347211 0.963919 0.955684 0.125728 -0.266196 -21.6703 2.10003 -1.52149</i>
                        <i>-0.353997 0.935246 0 0.247219 0.0935741 0.964431 0.90198 0.341406 -0.264336 -24.4823 2.05798 -1.52163</i>
                        <i>-0.561727 0.827323 8.67362e-019 0.216814 0.14721 0.96505 0.798408 0.542094 -0.262067 -27.3717 1.99375 -1.52179</i>
                        <i>-0.740421 0.672143 0 0.174398 0.192114 0.965752 0.649124 0.715063 -0.259465 -30.3208 1.91044 -1.52196</i>
                        <i>-0.878406 0.477915 0 0.122637 0.225406 0.966515 0.461913 0.848993 -0.256608 -33.3125 1.81247 -1.52213</i>
                        <i>-0.966681 0.255983 0 0.0649103 0.245124 0.967316 0.247617 0.935087 -0.253572 -36.3312 1.70527 -1.5223</i>
                        <i>-0.999803 0.019854 0 0.00497213 0.250385 0.968134 0.0192214 0.967943 -0.250434 -39.3629 1.59482 -1.52246</i>
                        <i>-0.976386 -0.216032 0 -0.0534186 0.241433 0.968946 -0.209324 0.946066 -0.247272 -42.3951 1.48722 -1.5226</i>
                        <i>-0.899162 -0.437617 0 -0.106849 0.219541 0.969734 -0.424372 0.871948 -0.244162 -45.4168 1.38816 -1.52273</i>
                        <i>-0.774584 -0.632471 4.33681e-019 -0.152541 0.186816 0.97048 -0.6138 0.751718 -0.241182 -48.4187 1.30257 -1.52284</i>
                        <i>-0.612068 -0.790806 0 -0.188537 0.145924 0.971164 -0.768002 0.594418 -0.238412 -51.3922 1.23422 -1.52292</i>
                        <i>-0.422945 -0.906155 0 -0.213787 0.0997846 0.971771 -0.880575 0.411006 -0.235928 -54.3295 1.18558 -1.52299</i>
                        <i>-0.219324 -0.975652 8.67362e-019 -0.228116 0.05128 0.972283 -0.948609 0.213245 -0.233809 -57.2231 1.1577 -1.52304</i>
                        <i>-0.0129565 -0.999916 0 -0.232114 0.00300765 0.972684 -0.972602 0.0126026 -0.232134 -60.0652 1.15028 -1.52307</i>
                        <i>0.185716 -0.982603 -2.60209e-018 -0.226962 -0.0428967 0.972958 -0.956032 -0.180694 -0.23098 -62.8475 1.16183 -1.52309</i>
                        <i>0.369654 -0.929169 -8.67362e-019 -0.214233 -0.0852289 0.973057 -0.904135 -0.359694 -0.230564 -65.5602 1.19027 -1.5231</i>
                        <i>0.533633 -0.845716 0 -0.195321 -0.123244 0.972965 -0.822852 -0.519206 -0.230953 -68.1931 1.2333 -1.52309</i>
                        <i>0.673064 -0.739584 -8.67362e-019 -0.171588 -0.156155 0.972714 -0.719404 -0.654699 -0.232006 -70.7361 1.28775 -1.52307</i>
                        <i>0.785669 -0.618647 8.67362e-019 -0.144504 -0.183517 0.972338 -0.601533 -0.763936 -0.23358 -73.178 1.34992 -1.52304</i>
                        <i>0.871362 -0.490641 0 -0.115562 -0.205234 0.971866 -0.476837 -0.846847 -0.235533 -75.5065 1.41596 -1.523</i>
                        <i>0.931932 -0.362633 -2.1684e-019 -0.0862059 -0.221541 0.971333 -0.352237 -0.905217 -0.237722 -77.7084 1.48222 -1.52294</i>
                        <i>0.970612 -0.240651 0 -0.0577577 -0.232953 0.970771 -0.233617 -0.942242 -0.240006 -79.7693 1.54548 -1.52287</i>
                        <i>0.991578 -0.129514 5.42101e-020 -0.031374 -0.240203 0.970215 -0.125657 -0.962044 -0.242243 -81.6744 1.60313 -1.5228</i>
                        <i>0.999461 -0.0328339 0 -0.00802104 -0.24416 0.969702 -0.031839 -0.969179 -0.244292 -83.4086 1.65318 -1.52272</i>
                        <i>0.998902 0.0468449 0 0.0115244 -0.245741 0.969267 0.0454053 -0.968203 -0.246011 -84.9566 1.69424 -1.52266</i>
                        <i>0.994741 0.102421 0 0.0251967 -0.244717 0.969267 0.0992734 -0.96417 -0.246011 -86.3027 1.72084 -1.52266</i>
                        <i>0.991172 0.132585 0 0.0326173 -0.243839 0.969267 0.12851 -0.96071 -0.246011 -87.4318 1.73522 -1.52266</i>
                        <i>0.989869 0.141982 0 0.0349292 -0.243519 0.969267 0.137619 -0.959448 -0.246011 -88.3309 1.73969 -1.52266</i>
                        <i>0.990829 0.135125 0 0.0332423 -0.243755 0.969267 0.130972 -0.960378 -0.246011 -88.9873 1.73643 -1.52266</i>
                        <i>0.993201 0.116415 0 0.0286394 -0.244338 0.969267 0.112837 -0.962677 -0.246011 -89.389 1.72751 -1.52266</i>
                        <i>0.99592 0.0902369 0 0.0221993 -0.245007 0.969267 0.0874636 -0.965313 -0.246011 -89.524 1.71502 -1.52266</i>
