<?xml version="1.0" encoding="ISO-8859-1" ?>
<Animl Version="1">
    <ModellingPackage><![CDATA[Maya.2010]]></ModellingPackage>
    <SrcFile><![CDATA[anims\vehicles\red\~src\air\fighter_mig23flogger\fighter_mig23flogger_roll_left.mb]]></SrcFile>
    <FramesPerSecond>30</FramesPerSecond>
    <TotalFrames>51</TotalFrames>
    <Skeleton>
        <RefFrame>
            <Name><![CDATA[mig23flogger_ref_frame]]></Name>
            <Exclude>0</Exclude>
            <Additive>0</Additive>
            <IKPriority>0</IKPriority>
            <IKRotLimits>-1e+010 -1e+010 -1e+010 1e+010 1e+010 1e+010</IKRotLimits>
            <IKRotLimitOrder>0</IKRotLimitOrder>
            <KeyFrames count="51">
                <i>1 0 0 0 1 0 0 0 1 0 0 0</i>
                <i>1 0 0 0 1 0 0 0 1 0 0 0</i>
                <i>1 0 0 0 1 0 0 0 1 0 0 0</i>
                <i>1 0 0 0 1 0 0 0 1 0.13735 0 0</i>
                <i>1 0 0 0 1 0 0 0 1 0.540947 0 0</i>
                <i>1 0 0 0 1 0 0 0 1 1.19811 0 0</i>
                <i>1 0 0 0 1 0 0 0 1 2.09617 0 0</i>
                <i>1 0 0 0 1 0 0 0 1 3.22244 0 0</i>
                <i>1 0 0 0 1 0 0 0 1 4.56424 0 0</i>
                <i>1 0 0 0 1 0 0 0 1 6.10889 0 0</i>
                <i>1 0 0 0 1 0 0 0 1 7.84373 0 0</i>
                <i>1 0 0 0 1 0 0 0 1 9.75606 0 0</i>
                <i>1 0 0 0 1 0 0 0 1 11.8332 0 0</i>
                <i>1 0 0 0 1 0 0 0 1 14.0625 0 0</i>
                <i>1 0 0 0 1 0 0 0 1 16.4313 0 0</i>
                <i>1 0 0 0 1 0 0 0 1 18.9268 0 0</i>
                <i>1 0 0 0 1 0 0 0 1 21.5364 0 0</i>
                <i>1 0 0 0 1 0 0 0 1 24.2475 0 0</i>
                <i>1 0 0 0 1 0 0 0 1 27.0473 0 0</i>
                <i>1 0 0 0 1 0 0 0 1 29.9232 0 0</i>
                <i>1 0 0 0 1 0 0 0 1 32.8625 0 0</i>
                <i>1 0 0 0 1 0 0 0 1 35.8525 0 0</i>
                <i>1 0 0 0 1 0 0 0 1 38.8805 0 0</i>
                <i>1 0 0 0 1 0 0 0 1 41.9339 0 0</i>
                <i>1 0 0 0 1 0 0 0 1 45 0 0</i>
                <i>1 0 0 0 1 0 0 0 1 48.0661 0 0</i>
                <i>1 0 0 0 1 0 0 0 1 51.1195 0 0</i>
                <i>1 0 0 0 1 0 0 0 1 54.1475 0 0</i>
                <i>1 0 0 0 1 0 0 0 1 57.1375 0 0</i>
                <i>1 0 0 0 1 0 0 0 1 60.0768 0 0</i>
                <i>1 0 0 0 1 0 0 0 1 62.9527 0 0</i>
                <i>1 0 0 0 1 0 0 0 1 65.7525 0 0</i>
                <i>1 0 0 0 1 0 0 0 1 68.4636 0 0</i>
                <i>1 0 0 0 1 0 0 0 1 71.0732 0 0</i>
                <i>1 0 0 0 1 0 0 0 1 73.5687 0 0</i>
                <i>1 0 0 0 1 0 0 0 1 75.9375 0 0</i>
                <i>1 0 0 0 1 0 0 0 1 78.1668 0 0</i>
                <i>1 0 0 0 1 0 0 0 1 80.2439 0 0</i>
                <i>1 0 0 0 1 0 0 0 1 82.1563 0 0</i>
                <i>1 0 0 0 1 0 0 0 1 83.8911 0 0</i>
                <i>1 0 0 0 1 0 0 0 1 85.4358 0 0</i>
                <i>1 0 0 0 1 0 0 0 1 86.7776 0 0</i>
                <i>1 0 0 0 1 0 0 0 1 87.9038 0 0</i>
                <i>1 0 0 0 1 0 0 0 1 88.8019 0 0</i>
                <i>1 0 0 0 1 0 0 0 1 89.4591 0 0</i>
                <i>1 0 0 0 1 0 0 0 1 89.8626 0 0</i>
                <i>1 0 0 0 1 0 0 0 1 90 0 0</i>
                <i>1 0 0 0 1 0 0 0 1 90 0 0</i>
                <i>1 0 0 0 1 0 0 0 1 90 0 0</i>
                <i>1 0 0 0 1 0 0 0 1 90 0 0</i>
                <i>1 0 0 0 1 0 0 0 1 90 0 0</i>
            </KeyFrames>
        </RefFrame>
        <Bones count="21">
            <i>
                <p>
                    <Name><![CDATA[mig23flogger_root]]></Name>
                    <Exclude>0</Exclude>
                    <Additive>0</Additive>
                    <IKPriority>0</IKPriority>
                    <IKRotLimits>-1e+010 -1e+010 -1e+010 1e+010 1e+010 1e+010</IKRotLimits>
                    <IKRotLimitOrder>0</IKRotLimitOrder>
                    <KeyFrames count="51">
                        <i>1 0 0 0 1 0 0 0 1 0 1.63199 0.00887311</i>
                        <i>0.999988 0.00482963 0 -0.00482963 0.999988 0.000371453 1.79398e-006 -0.000371448 1 0 1.63199 0.00887311</i>
                        <i>0.999879 0.01558 1.69407e-021 -0.0155799 0.999878 0.00140793 2.19355e-005 -0.00140776 0.999999 0 1.63199 0.00887311</i>
                        <i>0.999645 0.0266427 0 -0.0266426 0.999641 0.00299261 7.97311e-005 -0.00299154 0.999996 0.13735 1.63199 0.00887311</i>
                        <i>0.999475 0.0324127 -1.35525e-020 -0.0324123 0.999462 0.00500865 0.000162344 -0.00500602 0.999987 0.540947 1.63199 0.00887311</i>
                        <i>0.999628 0.0272879 -1.35525e-020 -0.0272871 0.999601 0.00733923 0.000200272 -0.0073365 0.999973 1.19811 1.63199 0.00887311</i>
                        <i>0.999984 0.0056574 0 -0.00565713 0.999935 0.0098675 5.58244e-005 -0.00986734 0.999951 2.09617 1.63199 0.00887311</i>
                        <i>0.999275 -0.0380809 2.71051e-020 0.0380779 0.999197 0.0124766 -0.00047512 -0.0124676 0.999922 3.22244 1.63199 0.00887311</i>
                        <i>0.994004 -0.109339 0 0.109327 0.993892 0.0150498 -0.00164553 -0.0149595 0.999887 4.56424 1.63199 0.00887311</i>
                        <i>0.979324 -0.202296 -2.1684e-019 0.202265 0.979175 0.0174637 -0.00353284 -0.0171026 0.999847 6.10889 1.63199 0.00887311</i>
                        <i>0.951748 -0.306879 -4.33681e-019 0.30682 0.951565 0.0196057 -0.0060166 -0.0186597 0.999808 7.84373 1.63199 0.00887311</i>
                        <i>0.906105 -0.423052 0 0.422956 0.905899 0.0213606 -0.00903664 -0.0193549 0.999772 9.75606 1.63199 0.00887311</i>
                        <i>0.835903 -0.548877 8.67362e-019 0.548737 0.835689 0.022613 -0.0124118 -0.0189023 0.999744 11.8332 1.63199 0.00887311</i>
                        <i>0.733621 -0.679559 0 0.679375 0.733423 0.0232478 -0.0157982 -0.0170551 0.99973 14.0625 1.63199 0.00887311</i>
                        <i>0.591519 -0.806291 -1.73472e-018 0.806075 0.59136 0.0231497 -0.0186654 -0.0136935 0.999732 16.4313 1.63199 0.00887311</i>
                        <i>0.412203 -0.911092 0 0.910865 0.4121 0.0223061 -0.0203229 -0.00919463 0.999751 18.9268 1.63199 0.00887311</i>
                        <i>0.207545 -0.978225 1.73472e-018 0.978012 0.2075 0.02088 -0.0204253 -0.00433353 0.999782 21.5364 1.63199 0.00887311</i>
                        <i>-0.0134034 -0.99991 1.73472e-018 0.999731 -0.013401 0.0189512 -0.0189495 0.00025401 0.99982 24.2475 1.63199 0.00887311</i>
                        <i>-0.239121 -0.97099 0 0.970856 -0.239088 0.0165998 -0.0161183 0.00396937 0.999862 27.0473 1.63199 0.00887311</i>
                        <i>-0.456479 -0.889734 0 0.889648 -0.456434 0.0139057 -0.0123724 0.00634765 0.999903 29.9232 1.63199 0.00887311</i>
                        <i>-0.65187 -0.758331 -8.67362e-019 0.758285 -0.651831 0.0109488 -0.00830278 0.00713716 0.99994 32.8625 1.63199 0.00887311</i>
                        <i>-0.812502 -0.582959 0 0.582941 -0.812477 0.00780898 -0.00455232 0.00634481 0.999969 35.8525 1.63199 0.00887311</i>
                        <i>-0.927664 -0.373415 0 0.373411 -0.927655 0.00456638 -0.00170515 0.00423606 0.99999 38.8805 1.63199 0.00887311</i>
                        <i>-0.989823 -0.142303 0 0.142303 -0.989822 0.00130093 -0.000185126 0.00128769 0.999999 41.9339 1.63199 0.00887311</i>
                        <i>-0.995371 0.0961115 0 -0.0961113 -0.995369 -0.00190734 -0.000183317 -0.00189851 0.999998 45 1.63199 0.00887311</i>
                        <i>-0.944941 0.327242 1.0842e-019 -0.327238 -0.944929 -0.00497843 -0.00162915 -0.00470432 0.999988 48.0661 1.63199 0.00887311</i>
                        <i>-0.843243 0.537532 4.33681e-019 -0.537515 -0.843218 -0.00783233 -0.00421013 -0.00660456 0.999969 51.1195 1.63199 0.00887311</i>
                        <i>-0.698455 0.715654 0 -0.715615 -0.698417 -0.0103891 -0.00743498 -0.0072563 0.999946 54.1475 1.63199 0.00887311</i>
                        <i>-0.521263 0.853396 8.67362e-019 -0.853329 -0.521221 -0.0125687 -0.0107261 -0.00655158 0.999921 57.1375 1.63199 0.00887311</i>
                        <i>-0.323704 0.946158 8.67362e-019 -0.946062 -0.323671 -0.0142912 -0.0135217 -0.00462611 0.999898 60.0768 1.63199 0.00887311</i>
                        <i>-0.11797 0.993017 0 -0.992898 -0.117956 -0.0154767 -0.0153686 -0.00182579 0.99988 62.9527 1.63199 0.00887311</i>
                        <i>0.0890347 0.996029 0 -0.995903 0.0890234 -0.0159045 -0.0158413 0.00141605 0.999874 65.7525 1.63199 0.00887311</i>
                        <i>0.290795 0.956786 8.67362e-019 -0.95667 0.29076 -0.0155045 -0.0148344 0.00450862 0.99988 68.4636 1.63199 0.00887311</i>
                        <i>0.476976 0.878916 8.67362e-019 -0.878825 0.476927 -0.0144224 -0.0126761 0.00687914 0.999896 71.0732 1.63199 0.00887311</i>
                        <i>0.639123 0.769105 0 -0.769042 0.639071 -0.0128041 -0.00984769 0.00818339 0.999918 73.5687 1.63199 0.00887311</i>
                        <i>0.771528 0.636196 0 -0.636159 0.771483 -0.0107954 -0.00686798 0.00832894 0.999942 75.9375 1.63199 0.00887311</i>
                        <i>0.871669 0.490095 0 -0.490077 0.871637 -0.00854209 -0.00418644 0.00744587 0.999964 78.1668 1.63199 0.00887311</i>
                        <i>0.940186 0.340662 -2.1684e-019 -0.340655 0.940168 -0.00619004 -0.00210871 0.00581979 0.999981 80.2439 1.63199 0.00887311</i>
                        <i>0.980446 0.196787 5.42101e-020 -0.196786 0.980439 -0.0038851 -0.000764539 0.00380914 0.999992 82.1563 1.63199 0.00887311</i>
                        <i>0.997834 0.0657857 0 -0.0657856 0.997832 -0.00177313 -0.000116647 0.00176929 0.999998 83.8911 1.63199 0.00887311</i>
                        <i>0.998902 -0.0468436 0 0.0468436 0.998902 0 0 0 1 85.4358 1.63199 0.00887311</i>
                        <i>0.991821 -0.127637 0 0.127637 0.991821 0 0 0 1 86.7776 1.63199 0.00887311</i>
                        <i>0.985057 -0.172229 0 0.172229 0.985057 0 0 0 1 87.9038 1.63199 0.00887311</i>
                        <i>0.98228 -0.187419 0 0.187419 0.98228 0 0 0 1 88.8019 1.63199 0.00887311</i>
                        <i>0.983724 -0.179689 0 0.179689 0.983724 0 0 0 1 89.4591 1.63199 0.00887311</i>
                        <i>0.987879 -0.155225 0 0.155225 0.987879 0 0 0 1 89.8626 1.63199 0.00887311</i>
                        <i>0.992755 -0.120156 0 0.120156 0.992755 0 0 0 1 90 1.63199 0.00887311</i>
                        <i>0.996737 -0.0807125 0 0.0807125 0.996737 0 0 0 1 90 1.63199 0.00887311</i>
                        <i>0.999064 -0.0432595 0 0.0432595 0.999064 0 0 0 1 90 1.63199 0.00887311</i>
                        <i>0.999899 -0.0142203 0 0.0142203 0.999899 0 0 0 1 90 1.63199 0.00887311</i>
                        <i>1 2.44929e-016 0 -2.44929e-016 1 0 0 0 1 90 1.63199 0.00887311</i>
                    </KeyFrames>
                </p>
            </i>
            <i>
                <p>
                    <Name><![CDATA[cockpit_hatch]]></Name>
                    <Exclude>0</Exclude>
                    <Additive>0</Additive>
                    <IKPriority>0</IKPriority>
                    <IKRotLimits>-1e+010 -1e+010 -1e+010 1e+010 1e+010 1e+010</IKRotLimits>
                    <IKRotLimitOrder>0</IKRotLimitOrder>
                    <KeyFrames count="51">
                        <i>1 0 0 0 1 0 0 0 1 0 3.50356 4.76083</i>
                        <i>0.999988 0.00482963 0 -0.00482963 0.999988 0.000371453 1.79398e-006 -0.000371448 1 -0.00903046 3.50177 4.76152</i>
                        <i>0.999879 0.01558 1.69407e-021 -0.0155799 0.999878 0.00140793 2.19355e-005 -0.00140776 0.999999 -0.0290547 3.49664 4.76346</i>
                        <i>0.999645 0.0266427 0 -0.0266426 0.999641 0.00299261 7.97311e-005 -0.00299154 0.999996 0.0878652 3.48867 4.76641</i>
                        <i>0.999475 0.0324127 -1.35525e-020 -0.0324123 0.999462 0.00500865 0.000162344 -0.00500602 0.999987 0.481056 3.47876 4.77014</i>
                        <i>0.999628 0.0272879 -1.35525e-020 -0.0272871 0.999601 0.00733923 0.000200272 -0.0073365 0.999973 1.14799 3.46795 4.77444</i>
                        <i>0.999984 0.0056574 0 -0.00565713 0.999935 0.0098675 5.58244e-005 -0.00986734 0.999951 2.08585 3.45655 4.77907</i>
                        <i>0.999275 -0.0380809 2.71051e-020 0.0380779 0.999197 0.0124766 -0.00047512 -0.0124676 0.999922 3.29144 3.44281 4.78381</i>
                        <i>0.994004 -0.109339 0 0.109327 0.993892 0.0150498 -0.00164553 -0.0149595 0.999887 4.76103 3.42104 4.78846</i>
                        <i>0.979324 -0.202296 -2.1684e-019 0.202265 0.979175 0.0174637 -0.00353284 -0.0171026 0.999847 6.47066 3.38331 4.79279</i>
                        <i>0.951748 -0.306879 -4.33681e-019 0.30682 0.951565 0.0196057 -0.0060166 -0.0186597 0.999808 8.38937 3.32424 4.79661</i>
                        <i>0.906105 -0.423052 0 0.422956 0.905899 0.0213606 -0.00903664 -0.0193549 0.999772 10.5047 3.23547 4.79972</i>
                        <i>0.835903 -0.548877 8.67362e-019 0.548737 0.835689 0.022613 -0.0124118 -0.0189023 0.999744 12.8012 3.10622 4.80194</i>
                        <i>0.733621 -0.679559 0 0.679375 0.733423 0.0232478 -0.0157982 -0.0170551 0.99973 15.2589 2.92359 4.80305</i>
                        <i>0.591519 -0.806291 -1.73472e-018 0.806075 0.59136 0.0231497 -0.0186654 -0.0136935 0.999732 17.8512 2.67369 4.80288</i>
                        <i>0.412203 -0.911092 0 0.910865 0.4121 0.0223061 -0.0203229 -0.00919463 0.999751 20.535 2.35957 4.80139</i>
                        <i>0.207545 -0.978225 1.73472e-018 0.978012 0.2075 0.02088 -0.0204253 -0.00433353 0.999782 23.2698 1.99975 4.79887</i>
                        <i>-0.0134034 -0.99991 1.73472e-018 0.999731 -0.013401 0.0189512 -0.0189495 0.00025401 0.99982 26.0285 1.60811 4.79544</i>
                        <i>-0.239121 -0.97099 0 0.970856 -0.239088 0.0165998 -0.0161183 0.00396937 0.999862 28.7878 1.20338 4.79124</i>
                        <i>-0.456479 -0.889734 0 0.889648 -0.456434 0.0139057 -0.0123724 0.00634765 0.999903 31.5295 0.807902 4.78639</i>
                        <i>-0.65187 -0.758331 -8.67362e-019 0.758285 -0.651831 0.0109488 -0.00830278 0.00713716 0.99994 34.2422 0.445956 4.78103</i>
                        <i>-0.812502 -0.582959 0 0.582941 -0.812477 0.00780898 -0.00455232 0.00634481 0.999969 36.9219 0.14153 4.7753</i>
                        <i>-0.927664 -0.373415 0 0.373411 -0.927655 0.00456638 -0.00170515 0.00423606 0.99999 39.5713 -0.0840542 4.76933</i>
                        <i>-0.989823 -0.142303 0 0.142303 -0.989822 0.00130093 -0.000185126 0.00128769 0.999999 42.1994 -0.214416 4.76326</i>
                        <i>-0.995371 0.0961115 0 -0.0961113 -0.995369 -0.00190734 -0.000183317 -0.00189851 0.999998 44.8192 -0.239937 4.75725</i>
                        <i>-0.944941 0.327242 1.0842e-019 -0.327238 -0.944929 -0.00497843 -0.00162915 -0.00470432 0.999988 47.4459 -0.158868 4.75145</i>
                        <i>-0.843243 0.537532 4.33681e-019 -0.537515 -0.843218 -0.00783233 -0.00421013 -0.00660456 0.999969 50.0934 0.0224616 4.74602</i>
                        <i>-0.698455 0.715654 0 -0.715615 -0.698417 -0.0103891 -0.00743498 -0.0072563 0.999946 52.7728 0.290368 4.74113</i>
                        <i>-0.521263 0.853396 8.67362e-019 -0.853329 -0.521221 -0.0125687 -0.0107261 -0.00655158 0.999921 55.4895 0.625352 4.73693</i>
                        <i>-0.323704 0.946158 8.67362e-019 -0.946062 -0.323671 -0.0142912 -0.0135217 -0.00462611 0.999898 58.2419 1.00423 4.7336</i>
                        <i>-0.11797 0.993017 0 -0.992898 -0.117956 -0.0154767 -0.0153686 -0.00182579 0.99988 61.0214 1.40255 4.73129</i>
                        <i>0.0890347 0.996029 0 -0.995903 0.0890234 -0.0159045 -0.0158413 0.00141605 0.999874 63.8133 1.80533 4.73046</i>
                        <i>0.290795 0.956786 8.67362e-019 -0.95667 0.29076 -0.0155045 -0.0148344 0.00450862 0.99988 66.6026 2.19759 4.73124</i>
                        <i>0.476976 0.878916 8.67362e-019 -0.878825 0.476927 -0.0144224 -0.0126761 0.00687914 0.999896 69.3682 2.55728 4.73334</i>
                        <i>0.639123 0.769105 0 -0.769042 0.639071 -0.0128041 -0.00984769 0.00818339 0.999918 72.0826 2.86694 4.73648</i>
                        <i>0.771528 0.636196 0 -0.636159 0.771483 -0.0107954 -0.00686798 0.00832894 0.999942 74.7142 3.11545 4.74035</i>
                        <i>0.871669 0.490095 0 -0.490077 0.871637 -0.00854209 -0.00418644 0.00744587 0.999964 77.2297 3.2987 4.74467</i>
                        <i>0.940186 0.340662 -2.1684e-019 -0.340655 0.940168 -0.00619004 -0.00210871 0.00581979 0.999981 79.5964 3.41923 4.74915</i>
                        <i>0.980446 0.196787 5.42101e-020 -0.196786 0.980439 -0.0038851 -0.000764539 0.00380914 0.999992 81.7843 3.48505 4.75352</i>
                        <i>0.997834 0.0657857 0 -0.0657856 0.997832 -0.00177313 -0.000116647 0.00176929 0.999998 83.7674 3.50791 4.7575</i>
                        <i>0.998902 -0.0468436 0 0.0468436 0.998902 0 0 0 1 85.5234 3.5015 4.76083</i>
                        <i>0.991821 -0.127637 0 0.127637 0.991821 0 0 0 1 87.0164 3.48825 4.76083</i>
                        <i>0.985057 -0.172229 0 0.172229 0.985057 0 0 0 1 88.2262 3.47559 4.76083</i>
                        <i>0.98228 -0.187419 0 0.187419 0.98228 0 0 0 1 89.1526 3.47039 4.76083</i>
                        <i>0.983724 -0.179689 0 0.179689 0.983724 0 0 0 1 89.7954 3.47309 4.76083</i>
                        <i>0.987879 -0.155225 0 0.155225 0.987879 0 0 0 1 90.1532 3.48087 4.76083</i>
                        <i>0.992755 -0.120156 0 0.120156 0.992755 0 0 0 1 90.2249 3.49 4.76083</i>
                        <i>0.996737 -0.0807125 0 0.0807125 0.996737 0 0 0 1 90.1511 3.49745 4.76083</i>
                        <i>0.999064 -0.0432595 0 0.0432595 0.999064 0 0 0 1 90.081 3.50181 4.76083</i>
                        <i>0.999899 -0.0142203 0 0.0142203 0.999899 0 0 0 1 90.0266 3.50337 4.76083</i>
                        <i>1 2.44929e-016 0 -2.44929e-016 1 0 0 0 1 90 3.50356 4.76083</i>
                    </KeyFrames>
                </p>
            </i>
            <i>
                <p>
                    <Name><![CDATA[left_frontgear_hatch]]></Name>
                    <Exclude>0</Exclude>
                    <Additive>0</Additive>
                    <IKPriority>0</IKPriority>
                    <IKRotLimits>-1e+010 -1e+010 -1e+010 1e+010 1e+010 1e+010</IKRotLimits>
                    <IKRotLimitOrder>0</IKRotLimitOrder>
                    <KeyFrames count="51">
                        <i>0.458693 -0.888595 0 0.888595 0.458693 0 0 0 1 0.364417 1.50424 6.09628</i>
                        <i>0.46298 -0.886369 -0.000330071 0.886369 0.462979 0.000170383 1.79398e-006 -0.000371448 1 0.365041 1.50374 6.09623</i>
                        <i>0.472482 -0.881339 -0.00125108 0.88134 0.472481 0.000645808 2.19355e-005 -0.00140776 0.999999 0.366496 1.50137 6.0961</i>
                        <i>0.482205 -0.876054 -0.00265921 0.876058 0.482203 0.00137269 7.97311e-005 -0.00299154 0.999996 0.505526 1.49579 6.09587</i>
                        <i>0.487254 -0.873249 -0.00445066 0.87326 0.487248 0.00229743 0.000162344 -0.00500602 0.999987 0.910301 1.48565 6.09557</i>
                        <i>0.48277 -0.875723 -0.0065216 0.875747 0.482758 0.00336646 0.000200272 -0.0073365 0.999973 1.5671 1.46958 6.09518</i>
                        <i>0.463713 -0.885942 -0.00876821 0.885986 0.463691 0.00452616 5.58244e-005 -0.00986734 0.999951 2.46164 1.44625 6.09473</i>
                        <i>0.424525 -0.905348 -0.0110867 0.905416 0.424486 0.00572294 -0.00047512 -0.0124676 0.999922 3.57883 1.41457 6.09421</i>
                        <i>0.358796 -0.93332 -0.0133731 0.933415 0.358733 0.00690322 -0.00164553 -0.0149595 0.999887 4.90249 1.37412 6.09367</i>
                        <i>0.269478 -0.962882 -0.0155182 0.963 0.269382 0.00801049 -0.00353284 -0.0171026 0.999847 6.41843 1.32907 6.09312</i>
                        <i>0.163922 -0.986319 -0.0174216 0.986455 0.163785 0.00899302 -0.0060166 -0.0186597 0.999808 8.11474 1.28501 6.09261</i>
                        <i>0.0397881 -0.999028 -0.0189809 0.999167 0.0396075 0.00979795 -0.00903664 -0.0193549 0.999772 9.97722 1.24428 6.09216</i>
                        <i>-0.104181 -0.994355 -0.0200938 0.994481 -0.104404 0.0103724 -0.0124118 -0.0189023 0.999744 11.9922 1.21015 6.09184</i>
                        <i>-0.267182 -0.963425 -0.0206579 0.963517 -0.267436 0.0106636 -0.0157982 -0.0170551 0.99973 14.1469 1.18683 6.09167</i>
                        <i>-0.444948 -0.89532 -0.0205707 0.895362 -0.445213 0.0106186 -0.0186654 -0.0136935 0.999732 16.4302 1.17926 6.09169</i>
                        <i>-0.620315 -0.784102 -0.0198211 0.784089 -0.620564 0.0102316 -0.0203229 -0.00919463 0.999751 18.8369 1.19136 6.09192</i>
                        <i>-0.773857 -0.633089 -0.0185538 0.633031 -0.774067 0.0095775 -0.0204253 -0.00433353 0.999782 21.3628 1.22262 6.09229</i>
                        <i>-0.894503 -0.446744 -0.01684 0.44666 -0.894662 0.00869281 -0.0189495 0.00025401 0.99982 23.9996 1.27086 6.09277</i>
                        <i>-0.972381 -0.232934 -0.0147505 0.232843 -0.972484 0.00761424 -0.0161183 0.00396937 0.999862 26.7381 1.33285 6.09332</i>
                        <i>-0.99992 -0.00253002 -0.0123565 0.00245135 -0.999977 0.00637845 -0.0123724 0.00634765 0.999903 29.5679 1.4047 6.09392</i>
                        <i>-0.972817 0.231372 -0.00972901 -0.231428 -0.972839 0.00502212 -0.00830278 0.00713716 0.99994 32.4775 1.48235 6.09452</i>
                        <i>-0.890687 0.454563 -0.00693902 -0.454593 -0.890692 0.00358193 -0.00455232 0.00634481 0.999969 35.4542 1.56196 6.0951</i>
                        <i>-0.757325 0.653026 -0.00405766 -0.653036 -0.757324 0.00209457 -0.00170515 0.00423606 0.99999 38.4844 1.6402 6.09564</i>
                        <i>-0.580475 0.814277 -0.001156 -0.814278 -0.580475 0.000596727 -0.000185126 0.00128769 0.999999 41.5539 1.71441 6.09611</i>
                        <i>-0.371166 0.928565 0.00169485 -0.928567 -0.371165 -0.000874884 -0.000183317 -0.00189851 0.999998 44.6484 1.78261 6.09651</i>
                        <i>-0.142656 0.989762 0.0044238 -0.989771 -0.142647 -0.00228357 -0.00162915 -0.00470432 0.999988 47.7536 1.84331 6.09684</i>
                        <i>0.0908431 0.995841 0.00695977 -0.995856 0.0908696 -0.00359264 -0.00421013 -0.00660456 0.999969 50.8552 1.89538 6.0971</i>
                        <i>0.315515 0.948876 0.00923167 -0.948891 0.315567 -0.0047654 -0.00743498 -0.0072563 0.999946 53.9391 1.93783 6.09728</i>
                        <i>0.519164 0.854602 0.0111685 -0.854607 0.519243 -0.00576517 -0.0107261 -0.00655158 0.999921 56.9912 1.96968 6.09741</i>
                        <i>0.692185 0.721609 0.0126991 -0.721594 0.692286 -0.00655528 -0.0135217 -0.00462611 0.999898 59.9973 1.98997 6.09749</i>
                        <i>0.828172 0.560306 0.0137525 -0.560264 0.828284 -0.00709906 -0.0153686 -0.00182579 0.99988 62.943 1.99781 6.09753</i>
                        <i>0.925793 0.377766 0.0141327 -0.377698 0.9259 -0.00729529 -0.0158413 0.00141605 0.999874 65.8157 1.9922 6.09754</i>
                        <i>0.983478 0.180504 0.0137772 -0.18042 0.983564 -0.00711179 -0.0148344 0.00450862 0.99988 68.6014 1.97096 6.09753</i>
                        <i>0.999705 -0.0206416 0.0128157 0.0207276 0.999763 -0.00661546 -0.0126761 0.00687914 0.999896 71.2821 1.93323 6.09749</i>
                        <i>0.976528 -0.215092 0.0113777 0.215167 0.97656 -0.00587315 -0.00984769 0.00818339 0.999918 73.8399 1.88044 6.09742</i>
                        <i>0.919182 -0.393717 0.00959272 0.393774 0.919194 -0.00495177 -0.00686798 0.00832894 0.999942 76.2581 1.81598 6.09731</i>
                        <i>0.835309 -0.549729 0.00759045 0.549765 0.83531 -0.0039182 -0.00418644 0.00744587 0.999964 78.5216 1.74457 6.09715</i>
                        <i>0.733962 -0.679169 0.00550044 0.679188 0.733959 -0.00283933 -0.00210871 0.00581979 0.999981 80.6172 1.67146 6.09696</i>
                        <i>0.624587 -0.780948 0.00345228 0.780955 0.624585 -0.00178207 -0.000764539 0.00380914 0.999992 82.534 1.60164 6.09673</i>
                        <i>0.516156 -0.856493 0.0015756 0.856494 0.516156 -0.000813324 -0.000116647 0.00176929 0.999998 84.2624 1.53927 6.0965</i>
                        <i>0.416565 -0.909106 0 0.909106 0.416565 0 0 0 1 85.7938 1.48731 6.09628</i>
                        <i>0.341524 -0.939873 0 0.939873 0.341524 0 0 0 1 87.1227 1.45878 6.09628</i>
                        <i>0.298798 -0.954316 0 0.954316 0.298798 0 0 0 1 88.2408 1.44339 6.09628</i>
                        <i>0.284025 -0.958817 0 0.958817 0.284025 0 0 0 1 89.1359 1.43821 6.09628</i>
                        <i>0.291557 -0.956553 0 0.956553 0.291557 0 0 0 1 89.7946 1.44084 6.09628</i>
                        <i>0.315201 -0.949025 0 0.949025 0.315201 0 0 0 1 90.2028 1.44923 6.09628</i>
                        <i>0.3486 -0.937271 0 0.937271 0.3486 0 0 0 1 90.3464 1.46138 6.09628</i>
                        <i>0.385476 -0.922718 0 0.922718 0.385476 0 0 0 1 90.3529 1.47525 6.09628</i>
                        <i>0.419824 -0.907606 0 0.907606 0.419824 0 0 0 1 90.3586 1.4886 6.09628</i>
                        <i>0.446011 -0.895028 0 0.895028 0.446011 0 0 0 1 90.3626 1.49908 6.09628</i>
                        <i>0.458693 -0.888595 0 0.888595 0.458693 0 0 0 1 90.3644 1.50424 6.09628</i>
                    </KeyFrames>
                </p>
            </i>
            <i>
                <p>
                    <Name><![CDATA[front_gear]]></Name>
                    <Exclude>0</Exclude>
                    <Additive>0</Additive>
                    <IKPriority>0</IKPriority>
                    <IKRotLimits>-1e+010 -1e+010 -1e+010 1e+010 1e+010 1e+010</IKRotLimits>
                    <IKRotLimitOrder>0</IKRotLimitOrder>
                    <KeyFrames count="51">
                        <i>1 0 0 0 -0.601741 0.798691 0 -0.798691 -0.601741 0 1.53488 6.8762</i>
                        <i>0.999988 0.00482963 0 0.00290762 -0.602031 0.798468 0.0038563 -0.798458 -0.602038 0.000481291 1.53233 6.87617</i>
                        <i>0.999879 0.01558 1.69407e-021 0.00939261 -0.602792 0.797843 0.0124304 -0.797746 -0.602865 0.0016635 1.52523 6.87606</i>
                        <i>0.999645 0.0266427 0 0.0160956 -0.603914 0.796887 0.0212312 -0.796604 -0.604129 0.140484 1.51438 6.87588</i>
                        <i>0.999475 0.0324127 -1.35525e-020 0.0196335 -0.605416 0.795667 0.0257897 -0.795249 -0.605734 0.545209 1.50056 6.87563</i>
                        <i>0.999628 0.0272879 -1.35525e-020 0.0165797 -0.60736 0.794253 0.0216735 -0.793958 -0.607587 1.20214 1.48454 6.87531</i>
                        <i>0.999984 0.0056574 0 0.00344871 -0.609583 0.792715 0.00448471 -0.792702 -0.609593 2.0971 1.46713 6.87491</i>
                        <i>0.999275 -0.0380809 2.71051e-020 -0.0232925 -0.611216 0.791121 -0.0301266 -0.790548 -0.611659 3.21548 1.44934 6.87446</i>
                        <i>0.994004 -0.109339 0 -0.0671007 -0.610014 0.789545 -0.0863282 -0.784811 -0.613693 4.54232 1.43275 6.87396</i>
                        <i>0.979324 -0.202296 -2.1684e-019 -0.124533 -0.60287 0.788061 -0.159422 -0.771767 -0.615597 6.06499 1.41946 6.87346</i>
                        <i>0.951748 -0.306879 -4.33681e-019 -0.189432 -0.587499 0.78674 -0.241434 -0.748779 -0.617284 7.77261 1.41144 6.87298</i>
                        <i>0.906105 -0.423052 0 -0.261727 -0.560575 0.785655 -0.332373 -0.711887 -0.618664 9.65293 1.41111 6.87256</i>
                        <i>0.835903 -0.548877 8.67362e-019 -0.340111 -0.517966 0.78488 -0.430803 -0.656083 -0.619648 11.6947 1.42103 6.87225</i>
                        <i>0.733621 -0.679559 0 -0.421426 -0.454952 0.784486 -0.533105 -0.575516 -0.620146 13.888 1.44365 6.87209</i>
                        <i>0.591519 -0.806291 -1.73472e-018 -0.499956 -0.366783 0.784547 -0.632573 -0.464074 -0.620069 16.2248 1.48053 6.87212</i>
                        <i>0.412203 -0.911092 0 -0.564337 -0.255321 0.78507 -0.715271 -0.323608 -0.619407 18.6988 1.52883 6.87233</i>
                        <i>0.207545 -0.978225 1.73472e-018 -0.604824 -0.128322 0.785953 -0.768839 -0.163121 -0.618286 21.3012 1.58208 6.87268</i>
                        <i>-0.0134034 -0.99991 1.73472e-018 -0.616714 0.00826678 0.787144 -0.787073 0.0105504 -0.616769 24.0203 1.63503 6.87313</i>
                        <i>-0.239121 -0.97099 0 -0.597077 0.14704 0.788592 -0.765715 0.188569 -0.614916 26.8424 1.68246 6.87364</i>
                        <i>-0.456479 -0.889734 0 -0.54522 0.279725 0.790246 -0.703109 0.360731 -0.612789 29.7519 1.7199 6.87419</i>
                        <i>-0.65187 -0.758331 -8.67362e-019 -0.462923 0.397934 0.792055 -0.60064 0.516317 -0.61045 32.7319 1.7443 6.87473</i>
                        <i>-0.812502 -0.582959 0 -0.354416 0.493968 0.793968 -0.462851 0.6451 -0.60796 35.7646 1.75445 6.87524</i>
                        <i>-0.927664 -0.373415 0 -0.226059 0.561591 0.795935 -0.297214 0.738361 -0.605382 38.8326 1.75116 6.87569</i>
                        <i>-0.989823 -0.142303 0 -0.0857774 0.596645 0.797908 -0.113545 0.789788 -0.60278 41.9188 1.73694 6.87607</i>
                        <i>-0.995371 0.0961115 0 0.0576877 0.597438 0.799838 0.0768736 0.796135 -0.600217 45.0081 1.7156 6.87638</i>
                        <i>-0.944941 0.327242 1.0842e-019 0.195611 0.564845 0.801677 0.262342 0.757537 -0.597757 48.0867 1.69144 6.8766</i>
                        <i>-0.843243 0.537532 4.33681e-019 0.320082 0.502124 0.80338 0.431842 0.677445 -0.595467 51.1427 1.66851 6.87675</i>
                        <i>-0.698455 0.715654 0 0.424677 0.414471 0.8049 0.57603 0.562186 -0.593411 54.1659 1.64997 6.87684</i>
                        <i>-0.521263 0.853396 8.67362e-019 0.504916 0.308408 0.806191 0.688001 0.420237 -0.591655 57.1467 1.63761 6.87688</i>
                        <i>-0.323704 0.946158 8.67362e-019 0.558485 0.191071 0.807209 0.763748 0.261297 -0.590265 60.0758 1.63165 6.87689</i>
                        <i>-0.11797 0.993017 0 0.585193 0.0695208 0.807909 0.802267 0.0953092 -0.589308 62.9435 1.6309 6.87688</i>
                        <i>0.0890347 0.996029 0 0.586623 -0.0524381 0.808161 0.804951 -0.0719543 -0.588962 65.7404 1.63307 6.87688</i>
                        <i>0.290795 0.956786 8.67362e-019 0.56382 -0.171361 0.807925 0.773011 -0.23494 -0.589285 68.4546 1.63472 6.87688</i>
                        <i>0.476976 0.878916 8.67362e-019 0.518701 -0.281492 0.807287 0.709537 -0.385057 -0.590159 71.0715 1.63292 6.87689</i>
                        <i>0.639123 0.769105 0 0.454899 -0.378019 0.806331 0.620153 -0.515344 -0.591465 73.5758 1.62613 6.87688</i>
                        <i>0.771528 0.636196 0 0.377317 -0.457581 0.805141 0.512227 -0.621188 -0.593084 75.9521 1.61427 6.87685</i>
                        <i>0.871669 0.490095 0 0.291556 -0.518553 0.803802 0.39394 -0.700649 -0.594897 78.1856 1.59848 6.87678</i>
                        <i>0.940186 0.340662 -2.1684e-019 0.203302 -0.561089 0.802401 0.273347 -0.754406 -0.596786 80.2625 1.58066 6.87667</i>
                        <i>0.980446 0.196787 5.42101e-020 0.117803 -0.586928 0.801023 0.157631 -0.78536 -0.598634 82.1701 1.56294 6.87653</i>
                        <i>0.997834 0.0657857 0 0.0394927 -0.599024 0.799757 0.0526126 -0.798025 -0.600324 83.8967 1.54725 6.87636</i>
                        <i>0.998902 -0.0468436 0 -0.0281877 -0.601081 0.798691 -0.0374136 -0.797815 -0.601741 85.4312 1.53499 6.8762</i>
                        <i>0.991821 -0.127637 0 -0.0768044 -0.596819 0.798691 -0.101942 -0.792159 -0.601741 86.7652 1.53568 6.8762</i>
                        <i>0.985057 -0.172229 0 -0.103637 -0.592749 0.798691 -0.137558 -0.786756 -0.601741 87.8871 1.53634 6.8762</i>
                        <i>0.98228 -0.187419 0 -0.112778 -0.591078 0.798691 -0.14969 -0.784538 -0.601741 88.7837 1.5366 6.8762</i>
                        <i>0.983724 -0.179689 0 -0.108126 -0.591947 0.798691 -0.143516 -0.785691 -0.601741 89.4416 1.53646 6.8762</i>
                        <i>0.987879 -0.155225 0 -0.0934054 -0.594447 0.798691 -0.123977 -0.78901 -0.601741 89.8476 1.53606 6.8762</i>
                        <i>0.992755 -0.120156 0 -0.0723026 -0.597381 0.798691 -0.0959673 -0.792905 -0.601741 89.9883 1.53559 6.8762</i>
                        <i>0.996737 -0.0807125 0 -0.0485681 -0.599778 0.798691 -0.0644644 -0.796085 -0.601741 89.9922 1.5352 6.8762</i>
                        <i>0.999064 -0.0432595 0 -0.026031 -0.601178 0.798691 -0.034551 -0.797944 -0.601741 89.9958 1.53498 6.8762</i>
                        <i>0.999899 -0.0142203 0 -0.00855691 -0.60168 0.798691 -0.0113576 -0.798611 -0.601741 89.9986 1.53489 6.8762</i>
                        <i>1 2.44929e-016 0 1.47384e-016 -0.601741 0.798691 1.95623e-016 -0.798691 -0.601741 90 1.53488 6.8762</i>
                    </KeyFrames>
                </p>
            </i>
            <i>
                <p>
                    <Name><![CDATA[left_gear]]></Name>
                    <Exclude>0</Exclude>
                    <Additive>0</Additive>
                    <IKPriority>0</IKPriority>
                    <IKRotLimits>-1e+010 -1e+010 -1e+010 1e+010 1e+010 1e+010</IKRotLimits>
                    <IKRotLimitOrder>0</IKRotLimitOrder>
                    <KeyFrames count="51">
                        <i>1 0 0 0 -0.246011 0.969267 0 -0.969267 -0.246011 0.481512 1.67173 -1.52266</i>
                        <i>0.999988 0.00482963 0 0.00118988 -0.246368 0.969176 0.00468076 -0.969164 -0.246371 0.481312 1.67462 -1.52264</i>
                        <i>0.999879 0.01558 1.69407e-021 0.0038541 -0.247345 0.96892 0.0150957 -0.968802 -0.247375 0.480801 1.68138 -1.5226</i>
                        <i>0.999645 0.0266427 0 0.00663164 -0.248822 0.968527 0.0258041 -0.968183 -0.24891 0.61751 1.68913 -1.52253</i>
                        <i>0.999475 0.0324127 -1.35525e-020 0.00813113 -0.250731 0.968023 0.0313762 -0.967514 -0.250863 1.02067 1.69498 -1.52244</i>
                        <i>0.999628 0.0272879 -1.35525e-020 0.00690705 -0.253024 0.967435 0.0263992 -0.967075 -0.253118 1.67805 1.69609 -1.52232</i>
                        <i>0.999984 0.0056574 0 0.00144582 -0.255559 0.966792 0.00546953 -0.966777 -0.255563 2.57736 1.68956 -1.52219</i>
                        <i>0.999275 -0.0380809 2.71051e-020 -0.0098281 -0.257898 0.966122 -0.0367908 -0.965421 -0.258085 3.70584 1.67246 -1.52204</i>
                        <i>0.994004 -0.109339 0 -0.0284905 -0.259008 0.965455 -0.105562 -0.959666 -0.26057 5.04973 1.64175 -1.52189</i>
                        <i>0.979324 -0.202296 -2.1684e-019 -0.0531838 -0.257465 0.964823 -0.19518 -0.944875 -0.2629 6.5939 1.59969 -1.52173</i>
                        <i>0.951748 -0.306879 -4.33681e-019 -0.0813129 -0.252182 0.964258 -0.295911 -0.917731 -0.264967 8.32341 1.55062 -1.52158</i>
                        <i>0.906105 -0.423052 0 -0.112811 -0.241621 0.963791 -0.407734 -0.873296 -0.266659 10.223 1.49393 -1.52146</i>
                        <i>0.835903 -0.548877 8.67362e-019 -0.147026 -0.22391 0.963456 -0.528819 -0.805356 -0.267866 12.2765 1.42986 -1.52137</i>
                        <i>0.733621 -0.679559 0 -0.182446 -0.196961 0.963286 -0.654609 -0.706687 -0.268478 14.4669 1.36004 -1.52132</i>
                        <i>0.591519 -0.806291 -1.73472e-018 -0.216395 -0.158754 0.963312 -0.77671 -0.569817 -0.268383 16.7767 1.28822 -1.52133</i>
                        <i>0.412203 -0.911092 0 -0.243781 -0.110293 0.963538 -0.877872 -0.397173 -0.26757 19.1926 1.22374 -1.52139</i>
                        <i>0.207545 -0.978225 1.73472e-018 -0.260399 -0.0552476 0.963919 -0.94293 -0.200057 -0.266196 21.7065 1.17584 -1.52149</i>
                        <i>-0.0134034 -0.99991 1.73472e-018 -0.264312 0.00354298 0.964431 -0.964344 0.0129266 -0.264336 24.3098 1.1496 -1.52163</i>
                        <i>-0.239121 -0.97099 0 -0.254464 0.0626657 0.96505 -0.937053 0.230764 -0.262067 26.9955 1.14886 -1.52179</i>
                        <i>-0.456479 -0.889734 0 -0.230855 0.11844 0.965752 -0.859263 0.440845 -0.259465 29.7577 1.17571 -1.52196</i>
                        <i>-0.65187 -0.758331 -8.67362e-019 -0.194594 0.167275 0.966515 -0.732939 0.630042 -0.256608 32.5915 1.23001 -1.52213</i>
                        <i>-0.812502 -0.582959 0 -0.147822 0.206028 0.967316 -0.563906 0.785946 -0.253572 35.4914 1.30928 -1.5223</i>
                        <i>-0.927664 -0.373415 0 -0.093516 0.232319 0.968134 -0.361516 0.898103 -0.250434 38.4513 1.40883 -1.52246</i>
                        <i>-0.989823 -0.142303 0 -0.0351875 0.244755 0.968946 -0.137884 0.959085 -0.247272 41.4633 1.52216 -1.5226</i>
                        <i>-0.995371 0.0961115 0 0.0234667 0.243031 0.969734 0.0932026 0.965245 -0.244162 44.5172 1.64162 -1.52273</i>
                        <i>-0.944941 0.327242 1.0842e-019 0.078925 0.227903 0.97048 0.317582 0.917046 -0.241182 47.6006 1.75921 -1.52284</i>
                        <i>-0.843243 0.537532 4.33681e-019 0.128154 0.201039 0.971164 0.522032 0.818928 -0.238412 50.6985 1.86742 -1.52292</i>
                        <i>-0.698455 0.715654 0 0.168843 0.164785 0.971771 0.695451 0.678738 -0.235928 53.7941 1.95994 -1.52299</i>
                        <i>-0.521263 0.853396 8.67362e-019 0.199532 0.121876 0.972283 0.829742 0.506814 -0.233809 56.869 2.03223 -1.52304</i>
                        <i>-0.323704 0.946158 8.67362e-019 0.219635 0.0751426 0.972684 0.920313 0.314861 -0.232134 59.904 2.0818 -1.52307</i>
                        <i>-0.11797 0.993017 0 0.229367 0.0272488 0.972958 0.966164 0.11478 -0.23098 62.8799 2.10825 -1.52309</i>
                        <i>0.0890347 0.996029 0 0.229648 -0.0205282 0.973057 0.969193 -0.0866358 -0.230564 65.78 2.11296 -1.5231</i>
                        <i>0.290795 0.956786 8.67362e-019 0.220973 -0.06716 0.972965 0.930919 -0.282933 -0.230953 68.5883 2.09734 -1.52309</i>
                        <i>0.476976 0.878916 8.67362e-019 0.203914 -0.110661 0.972714 0.854934 -0.463962 -0.232006 71.2874 2.06361 -1.52307</i>
                        <i>0.639123 0.769105 0 0.179648 -0.149286 0.972338 0.747829 -0.621443 -0.23358 73.861 2.01519 -1.52304</i>
                        <i>0.771528 0.636196 0 0.149845 -0.18172 0.971866 0.618297 -0.749822 -0.235533 76.2942 1.95623 -1.523</i>
                        <i>0.871669 0.490095 0 0.116507 -0.207215 0.971333 0.476046 -0.846681 -0.237722 78.5734 1.89121 -1.52294</i>
                        <i>0.940186 0.340662 -2.1684e-019 0.081761 -0.225651 0.970771 0.330705 -0.912705 -0.240006 80.6863 1.82447 -1.52287</i>
                        <i>0.980446 0.196787 5.42101e-020 0.0476704 -0.237507 0.970215 0.190926 -0.951244 -0.242243 82.6217 1.75987 -1.5228</i>
                        <i>0.997834 0.0657857 0 0.0160709 -0.243763 0.969702 0.0637925 -0.967601 -0.244292 84.3691 1.70061 -1.52272</i>
                        <i>0.998902 -0.0468436 0 -0.011524 -0.245741 0.969267 -0.045404 -0.968203 -0.246011 85.9186 1.64913 -1.52266</i>
                        <i>0.991821 -0.127637 0 -0.0314001 -0.243999 0.969267 -0.123714 -0.961339 -0.246011 87.2602 1.60995 -1.52266</i>
                        <i>0.985057 -0.172229 0 -0.0423701 -0.242335 0.969267 -0.166936 -0.954783 -0.246011 88.385 1.58821 -1.52266</i>
                        <i>0.98228 -0.187419 0 -0.0461072 -0.241652 0.969267 -0.181659 -0.952092 -0.246011 89.2823 1.58078 -1.52266</i>
                        <i>0.983724 -0.179689 0 -0.0442054 -0.242007 0.969267 -0.174166 -0.953491 -0.246011 89.9399 1.58456 -1.52266</i>
                        <i>0.987879 -0.155225 0 -0.0381871 -0.243029 0.969267 -0.150455 -0.957519 -0.246011 90.3445 1.59651 -1.52266</i>
                        <i>0.992755 -0.120156 0 -0.0295596 -0.244229 0.969267 -0.116463 -0.962245 -0.246011 90.4828 1.61359 -1.52266</i>
