<?xml version="1.0" encoding="ISO-8859-1" ?>
<Animl Version="1">
    <ModellingPackage>
        <![CDATA[Maya.2010]]>
</ModellingPackage>
    <SrcFile>
        <![CDATA[anims\vehicles\red\~src\air\fighter_mig23flogger\fighter_mig23flogger_takeoff.mb]]>
</SrcFile>
    <FramesPerSecond>30</FramesPerSecond>
    <TotalFrames>131</TotalFrames>
    <Skeleton>
        <RefFrame>
            <Name>
                <![CDATA[mig23flogger_ref_frame]]>
</Name>
            <Exclude>0</Exclude>
            <Additive>0</Additive>
            <IKPriority>0</IKPriority>
            <IKRotLimits>-1e+010 -1e+010 -1e+010 1e+010 1e+010 1e+010</IKRotLimits>
            <IKRotLimitOrder>0</IKRotLimitOrder>
            <KeyFrames count="131">
                <i>1 0 0 0 1 0 0 0 1 0 0 0</i>
                <i>1 0 0 0 1 0 0 0 1 0 0 0</i>
                <i>1 0 0 0 1 0 0 0 1 0 0 0</i>
                <i>1 0 0 0 1 0 0 0 1 0 0 0</i>
                <i>1 0 0 0 1 0 0 0 1 0 0 0</i>
                <i>1 0 0 0 1 0 0 0 1 0 0 0</i>
                <i>1 0 0 0 1 0 0 0 1 0 0 0</i>
                <i>1 0 0 0 1 0 0 0 1 0 0 0</i>
                <i>1 0 0 0 1 0 0 0 1 0 0 0</i>
                <i>1 0 0 0 1 0 0 0 1 0 0 0</i>
                <i>1 0 0 0 1 0 0 0 1 0 0 0</i>
                <i>1 0 0 0 1 0 0 0 1 0 0 0</i>
                <i>1 0 0 0 1 0 0 0 1 0 0 0</i>
                <i>1 0 0 0 1 0 0 0 1 0 0 0</i>
                <i>1 0 0 0 1 0 0 0 1 0 0 0</i>
                <i>1 0 0 0 1 0 0 0 1 0 0 0</i>
                <i>1 0 0 0 1 0 0 0 1 0 0 0</i>
                <i>1 0 0 0 1 0 0 0 1 0 0 0</i>
                <i>1 0 0 0 1 0 0 0 1 0 0 0</i>
                <i>1 0 0 0 1 0 0 0 1 0 0 0</i>
                <i>1 0 0 0 1 0 0 0 1 0 0 0</i>
                <i>1 0 0 0 1 0 0 0 1 0 0 0</i>
                <i>1 0 0 0 1 0 0 0 1 0 0 0</i>
                <i>1 0 0 0 1 0 0 0 1 0 0 0</i>
                <i>1 0 0 0 1 0 0 0 1 0 0 0</i>
                <i>1 0 0 0 1 0 0 0 1 0 0 0.0128661</i>
                <i>1 0 0 0 1 0 0 0 1 0 0 0.050585</i>
                <i>1 0 0 0 1 0 0 0 1 0 0 0.112775</i>
                <i>1 0 0 0 1 0 0 0 1 0 0 0.199052</i>
                <i>1 0 0 0 1 0 0 0 1 0 0 0.309036</i>
                <i>1 0 0 0 1 0 0 0 1 0 0 0.442343</i>
                <i>1 0 0 0 1 0 0 0 1 0 0 0.598592</i>
                <i>1 0 0 0 1 0 0 0 1 0 0 0.7774</i>
                <i>1 0 0 0 1 0 0 0 1 0 0 0.978385</i>
                <i>1 0 0 0 1 0 0 0 1 0 0 1.20116</i>
                <i>1 0 0 0 1 0 0 0 1 0 0 1.44536</i>
                <i>1 0 0 0 1 0 0 0 1 0 0 1.71058</i>
                <i>1 0 0 0 1 0 0 0 1 0 0 1.99645</i>
                <i>1 0 0 0 1 0 0 0 1 0 0 2.30258</i>
                <i>1 0 0 0 1 0 0 0 1 0 0 2.6286</i>
                <i>1 0 0 0 1 0 0 0 1 0 0 2.97412</i>
                <i>1 0 0 0 1 0 0 0 1 0 0 3.33876</i>
                <i>1 0 0 0 1 0 0 0 1 0 0 3.72213</i>
                <i>1 0 0 0 1 0 0 0 1 0 0 4.12386</i>
                <i>1 0 0 0 1 0 0 0 1 0 0 4.54356</i>
                <i>1 0 0 0 1 0 0 0 1 0 0 4.98085</i>
                <i>1 0 0 0 1 0 0 0 1 0 0 5.43535</i>
                <i>1 0 0 0 1 0 0 0 1 0 0 5.90668</i>
                <i>1 0 0 0 1 0 0 0 1 0 0 6.39444</i>
                <i>1 0 0 0 1 0 0 0 1 0 0 6.89827</i>
                <i>1 0 0 0 1 0 0 0 1 0 0 7.41777</i>
                <i>1 0 0 0 1 0 0 0 1 0 0 7.95257</i>
                <i>1 0 0 0 1 0 0 0 1 0 0 8.51244</i>
                <i>1 0 0 0 1 0 0 0 1 0 0 9.10691</i>
                <i>1 0 0 0 1 0 0 0 1 0 0 9.73529</i>
                <i>1 0 0 0 1 0 0 0 1 0 0 10.3968</i>
                <i>1 0 0 0 1 0 0 0 1 0 0 11.0909</i>
                <i>1 0 0 0 1 0 0 0 1 0 0 11.8167</i>
                <i>1 0 0 0 1 0 0 0 1 0 0 12.5735</i>
                <i>1 0 0 0 1 0 0 0 1 0 0 13.3607</i>
                <i>1 0 0 0 1 0 0 0 1 0 0 14.1775</i>
                <i>1 0 0 0 1 0 0 0 1 0 0 15.0233</i>
                <i>1 0 0 0 1 0 0 0 1 0 0 15.8972</i>
                <i>1 0 0 0 1 0 0 0 1 0 0 16.7987</i>
                <i>1 0 0 0 1 0 0 0 1 0 0 17.7269</i>
                <i>1 0 0 0 1 0 0 0 1 0 0 18.6812</i>
                <i>1 0 0 0 1 0 0 0 1 0 0 19.6608</i>
                <i>1 0 0 0 1 0 0 0 1 0 0 20.6651</i>
                <i>1 0 0 0 1 0 0 0 1 0 0 21.6934</i>
                <i>1 0 0 0 1 0 0 0 1 0 0 22.7448</i>
                <i>1 0 0 0 1 0 0 0 1 0 0 23.8188</i>
                <i>1 0 0 0 1 0 0 0 1 0 0 24.9146</i>
                <i>1 0 0 0 1 0 0 0 1 0 0 26.0314</i>
                <i>1 0 0 0 1 0 0 0 1 0 0.0382501 27.1722</i>
                <i>1 0 0 0 1 0 0 0 1 0 0.150712 28.3392</i>
                <i>1 0 0 0 1 0 0 0 1 0 0.333951 29.5325</i>
                <i>1 0 0 0 1 0 0 0 1 0 0.584536 30.7523</i>
                <i>1 0 0 0 1 0 0 0 1 0 0.899034 31.9985</i>
                <i>1 0 0 0 1 0 0 0 1 0 1.27401 33.2714</i>
                <i>1 0 0 0 1 0 0 0 1 0 1.70604 34.571</i>
                <i>1 0 0 0 1 0 0 0 1 0 2.19167 35.8974</i>
                <i>1 0 0 0 1 0 0 0 1 0 2.72748 37.2507</i>
                <i>1 0 0 0 1 0 0 0 1 0 3.39798 38.5653</i>
                <i>1 0 0 0 1 0 0 0 1 0 4.0986 39.8825</i>
                <i>1 0 0 0 1 0 0 0 1 0 4.8268 41.2021</i>
                <i>1 0 0 0 1 0 0 0 1 0 5.57999 42.5239</i>
                <i>1 0 0 0 1 0 0 0 1 0 6.35563 43.8479</i>
                <i>1 0 0 0 1 0 0 0 1 0 7.15112 45.1739</i>
                <i>1 0 0 0 1 0 0 0 1 0 7.96392 46.5018</i>
                <i>1 0 0 0 1 0 0 0 1 0 8.79145 47.8314</i>
                <i>1 0 0 0 1 0 0 0 1 0 9.63114 49.1626</i>
                <i>1 0 0 0 1 0 0 0 1 0 10.4804 50.4953</i>
                <i>1 0 0 0 1 0 0 0 1 0 11.3367 51.8293</i>
                <i>1 0 0 0 1 0 0 0 1 0 12.1975 53.1646</i>
                <i>1 0 0 0 1 0 0 0 1 0 13.0602 54.5008</i>
                <i>1 0 0 0 1 0 0 0 1 0 13.9222 55.8381</i>
                <i>1 0 0 0 1 0 0 0 1 0 14.781 57.1761</i>
                <i>1 0 0 0 1 0 0 0 1 0 15.634 58.5148</i>
                <i>1 0 0 0 1 0 0 0 1 0 16.4785 59.854</i>
                <i>1 0 0 0 1 0 0 0 1 0 17.3122 61.1936</i>
                <i>1 0 0 0 1 0 0 0 1 0 18.1323 62.5334</i>
                <i>1 0 0 0 1 0 0 0 1 0 18.9364 63.8734</i>
                <i>1 0 0 0 1 0 0 0 1 0 19.7218 65.2134</i>
                <i>1 0 0 0 1 0 0 0 1 0 20.486 66.5532</i>
                <i>1 0 0 0 1 0 0 0 1 0 21.2265 67.8928</i>
                <i>1 0 0 0 1 0 0 0 1 0 21.9406 69.2319</i>
                <i>1 0 0 0 1 0 0 0 1 0 22.6258 70.5705</i>
                <i>1 0 0 0 1 0 0 0 1 0 23.2795 71.9085</i>
                <i>1 0 0 0 1 0 0 0 1 0 23.8991 73.2456</i>
                <i>1 0 0 0 1 0 0 0 1 0 24.4822 74.5817</i>
                <i>1 0 0 0 1 0 0 0 1 0 25.026 75.9168</i>
                <i>1 0 0 0 1 0 0 0 1 0 25.5282 77.2507</i>
                <i>1 0 0 0 1 0 0 0 1 0 25.9633 78.5839</i>
                <i>1 0 0 0 1 0 0 0 1 0 26.3128 79.9171</i>
                <i>1 0 0 0 1 0 0 0 1 0 26.584 81.2502</i>
                <i>1 0 0 0 1 0 0 0 1 0 26.7844 82.5833</i>
                <i>1 0 0 0 1 0 0 0 1 0 26.9211 83.9163</i>
                <i>1 0 0 0 1 0 0 0 1 0 27.0015 85.2494</i>
                <i>1 0 0 0 1 0 0 0 1 0 27.033 86.5824</i>
                <i>1 0 0 0 1 0 0 0 1 0 27.023 87.9154</i>
                <i>1 0 0 0 1 0 0 0 1 0 26.9787 89.2484</i>
                <i>1 0 0 0 1 0 0 0 1 0 26.9074 90.5814</i>
                <i>1 0 0 0 1 0 0 0 1 0 26.8167 91.9144</i>
                <i>1 0 0 0 1 0 0 0 1 0 26.7136 93.2473</i>
                <i>1 0 0 0 1 0 0 0 1 0 26.6057 94.5803</i>
                <i>1 0 0 0 1 0 0 0 1 0 26.5003 95.9133</i>
                <i>1 0 0 0 1 0 0 0 1 0 26.4046 97.2462</i>
                <i>1 0 0 0 1 0 0 0 1 0 26.326 98.5792</i>
                <i>1 0 0 0 1 0 0 0 1 0 26.2719 99.9122</i>
                <i>1 0 0 0 1 0 0 0 1 0 26.2496 101.245</i>
                <i>1 0 0 0 1 0 0 0 1 0 26.2665 102.578</i>
            </KeyFrames>
        </RefFrame>
        <Bones count="21">
            <i>
                <p>
                    <Name>
                        <![CDATA[mig23flogger_root]]>
</Name>
                    <Exclude>0</Exclude>
                    <Additive>0</Additive>
                    <IKPriority>0</IKPriority>
                    <IKRotLimits>-1e+010 -1e+010 -1e+010 1e+010 1e+010 1e+010</IKRotLimits>
                    <IKRotLimitOrder>0</IKRotLimitOrder>
                    <KeyFrames count="131">
                        <i>1 0 0 0 0.998508 -0.0545993 0 0.0545993 0.998508 0 1.63199 0.00887311</i>
                        <i>1 0 0 0 0.998508 -0.0545993 0 0.0545993 0.998508 0 1.63199 0.00887311</i>
                        <i>1 0 0 0 0.998508 -0.0545993 0 0.0545993 0.998508 0 1.63199 0.00887311</i>
                        <i>1 0 0 0 0.998508 -0.0545993 0 0.0545993 0.998508 0 1.63199 0.00887311</i>
                        <i>1 0 0 0 0.998508 -0.0545993 0 0.0545993 0.998508 0 1.63199 0.00887311</i>
                        <i>1 0 0 0 0.998508 -0.0545993 0 0.0545993 0.998508 0 1.63199 0.00887311</i>
                        <i>1 0 0 0 0.998508 -0.0545993 0 0.0545993 0.998508 0 1.63199 0.00887311</i>
                        <i>1 0 0 0 0.998508 -0.0545993 0 0.0545993 0.998508 0 1.63199 0.00887311</i>
                        <i>1 0 0 0 0.998508 -0.0545993 0 0.0545993 0.998508 0 1.63199 0.00887311</i>
                        <i>1 0 0 0 0.998508 -0.0545993 0 0.0545993 0.998508 0 1.63199 0.00887311</i>
                        <i>1 0 0 0 0.998508 -0.0545993 0 0.0545993 0.998508 0 1.63199 0.00887311</i>
                        <i>1 0 0 0 0.998508 -0.0545993 0 0.0545993 0.998508 0 1.63199 0.00887311</i>
                        <i>1 0 0 0 0.998508 -0.0545993 0 0.0545993 0.998508 0 1.63199 0.00887311</i>
                        <i>1 0 0 0 0.998508 -0.0545993 0 0.0545993 0.998508 0 1.63199 0.00887311</i>
                        <i>1 0 0 0 0.998508 -0.0545993 0 0.0545993 0.998508 0 1.63199 0.00887311</i>
                        <i>1 0 0 0 0.998508 -0.0545993 0 0.0545993 0.998508 0 1.63199 0.00887311</i>
                        <i>1 0 0 0 0.998508 -0.0545993 0 0.0545993 0.998508 0 1.63199 0.00887311</i>
                        <i>1 0 0 0 0.998508 -0.0545993 0 0.0545993 0.998508 0 1.63199 0.00887311</i>
                        <i>1 0 0 0 0.998508 -0.0545993 0 0.0545993 0.998508 0 1.63199 0.00887311</i>
                        <i>1 0 0 0 0.998508 -0.0545993 0 0.0545993 0.998508 0 1.63199 0.00887311</i>
                        <i>1 0 0 0 0.998508 -0.0545993 0 0.0545993 0.998508 0 1.63199 0.00887311</i>
                        <i>1 0 0 0 0.998508 -0.0545993 0 0.0545993 0.998508 0 1.63199 0.00887311</i>
                        <i>0.999999 -0.00115518 -6.77626e-021 0.00115352 0.99856 -0.053634 6.19568e-005 0.053634 0.998561 0 1.61565 0.00933128</i>
                        <i>0.999995 -0.00322355 -1.35525e-020 0.00321926 0.998665 -0.0515595 0.000166204 0.0515592 0.99867 0 1.5797 0.00989162</i>
                        <i>0.999992 -0.00410936 0 0.0041043 0.99876 -0.049608 0.000203857 0.0496075 0.998769 0 1.54374 0.00933284</i>
                        <i>0.999996 -0.00276026 0 0.00275699 0.99881 -0.0486835 0.000134379 0.0486833 0.998814 0 1.5274 0.0192998</i>
                        <i>1 -0.000471833 0 0.000471228 0.998718 -0.0506245 2.38863e-005 0.0506245 0.998718 0 1.55195 0.0506914</i>
                        <i>0.999998 0.00192162 -6.77626e-021 -0.00191883 0.998548 -0.0538296 -0.00010344 0.0538295 0.99855 0 1.59975 0.103117</i>
                        <i>0.999995 0.00317734 0 -0.0031726 0.998503 -0.0545993 -0.000173481 0.054599 0.998508 0 1.63199 0.17659</i>
                        <i>0.999995 0.00312177 1.35525e-020 -0.00311773 0.998699 -0.0509071 -0.000158921 0.0509069 0.998703 0 1.63448 0.271064</i>
                        <i>0.999997 0.00260056 -6.77626e-021 -0.00259793 0.998985 -0.0449596 -0.00011692 0.0449594 0.998989 0 1.62512 0.386843</i>
                        <i>0.999998 0.00176994 0 -0.00176857 0.999222 -0.0394093 -6.97522e-005 0.0394092 0.999223 0 1.61323 0.52447</i>
                        <i>1 0.000786198 1.69407e-021 -0.000785663 0.999318 -0.0369114 -2.90197e-005 0.0369114 0.999319 0 1.60816 0.684489</i>
                        <i>1 -3.74666e-005 1.05879e-022 3.74399e-005 0.999288 -0.0377181 1.41317e-006 0.0377181 0.999288 0 1.61723 0.865459</i>
                        <i>1 -0.000921525 3.38813e-021 0.000920802 0.999215 -0.0396149 3.65062e-005 0.0396149 0.999215 0 1.63288 1.06738</i>
                        <i>0.999999 -0.00148276 0 0.00148146 0.999121 -0.0418816 6.21003e-005 0.0418815 0.999123 0 1.64212 1.29294</i>
                        <i>0.999999 -0.00150411 0 0.00150262 0.999008 -0.044505 6.69406e-005 0.044505 0.999009 0 1.64118 1.54135</i>
                        <i>0.999999 -0.00117951 6.77626e-021 0.00117817 0.998865 -0.0476069 5.61529e-005 0.0476069 0.998866 0 1.63643 1.81047</i>
                        <i>1 -0.000695959 3.38813e-021 0.000695065 0.998715 -0.0506687 3.52633e-005 0.0506687 0.998716 0 1.63013 2.10103</i>
                        <i>1 -0.000240454 8.47033e-022 0.000240114 0.998585 -0.0531721 1.27855e-005 0.0531721 0.998585 0 1.62452 2.41374</i>
                        <i>1 0 0 0 0.998508 -0.0545993 0 0.0545993 0.998508 0 1.62185 2.74932</i>
                        <i>1 5.73338e-005 -2.11758e-022 -5.7247e-005 0.998486 -0.0550016 -3.15345e-006 0.0550016 0.998486 0 1.62153 3.11076</i>
                        <i>1 0.00010161 0 -0.000101457 0.998493 -0.0548738 -5.57574e-006 0.0548738 0.998493 0 1.62144 3.49946</i>
                        <i>1 0.00013401 0 -0.000133812 0.998521 -0.0543628 -7.28515e-006 0.0543628 0.998521 0 1.62155 3.91401</i>
                        <i>1 0.000155713 0 -0.000155489 0.998562 -0.0536153 -8.34861e-006 0.0536153 0.998562 0 1.62184 4.35302</i>
                        <i>1 0.000167901 0 -0.000167667 0.998606 -0.0527782 -8.86153e-006 0.0527782 0.998606 0 1.62229 4.81511</i>
                        <i>1 0.000171755 0 -0.000171522 0.998647 -0.0519984 -8.93097e-006 0.0519984 0.998647 0 1.62287 5.29888</i>
                        <i>1 0.000168454 8.47033e-022 -0.000168231 0.998677 -0.0514228 -8.66237e-006 0.0514227 0.998677 0 1.62356 5.80294</i>
                        <i>1 0.00015918 0 -0.000158971 0.998689 -0.0511982 -8.14973e-006 0.0511982 0.998689 0 1.62434 6.32589</i>
                        <i>1 0.000144994 -4.23516e-022 -0.000144804 0.998684 -0.0512802 -7.43534e-006 0.0512802 0.998684 0 1.62519 6.86635</i>
                        <i>1 0.000127252 0 -0.000127083 0.998673 -0.0515046 -6.55406e-006 0.0515046 0.998673 0 1.62608 7.42292</i>
                        <i>1 0.000107142 4.23516e-022 -0.000106998 0.998655 -0.0518397 -5.5542e-006 0.0518397 0.998655 0 1.62699 7.99421</i>
                        <i>1 8.58535e-005 4.23516e-022 -8.57362e-005 0.998634 -0.0522535 -4.48615e-006 0.0522535 0.998634 0 1.6279 8.58897</i>
                        <i>1 6.45769e-005 -4.23516e-022 -6.44871e-005 0.99861 -0.052714 -3.40411e-006 0.052714 0.99861 0 1.62878 9.21576</i>
                        <i>1 4.45012e-005 0 -4.44383e-005 0.998584 -0.0531893 -2.36699e-006 0.0531893 0.998584 0 1.62961 9.87283</i>
                        <i>1 2.68163e-005 0 -2.67776e-005 0.99856 -0.0536473 -1.43862e-006 0.0536473 0.99856 0 1.63037 10.5585</i>
                        <i>1 1.27114e-005 0 -1.26928e-005 0.998538 -0.0540563 -6.8713e-007 0.0540563 0.998538 0 1.63104 11.271</i>
                        <i>1 3.37611e-006 0 -3.37111e-006 0.99852 -0.0543843 -1.83607e-007 0.0543843 0.99852 0 1.63158 12.0086</i>
                        <i>1 0 0 0 0.998508 -0.0545993 0 0.0545993 0.998508 0 1.63199 12.7696</i>
                        <i>1 0 0 0 0.998501 -0.0547253 0 0.0547253 0.998501 0 1.63227 13.5538</i>
                        <i>1 0 0 0 0.998497 -0.054811 0 0.054811 0.998497 0 1.63246 14.3626</i>
                        <i>1 0 0 0 0.998494 -0.0548618 0 0.0548618 0.998494 0 1.63257 15.196</i>
                        <i>1 0 0 0 0.998493 -0.0548827 0 0.0548827 0.998493 0 1.63261 16.0543</i>
                        <i>1 0 0 0 0.998493 -0.0548793 0 0.0548793 0.998493 0 1.63261 16.9377</i>
                        <i>1 0 0 0 0.998494 -0.0548565 0 0.0548565 0.998494 0 1.63256 17.8463</i>
                        <i>1 0 0 0 0.998496 -0.0548198 0 0.0548198 0.998496 0 1.63247 18.7802</i>
                        <i>1 0 0 0 0.998499 -0.0547743 0 0.0547743 0.998499 0 1.63237 19.7397</i>
                        <i>1 0 0 0 0.998501 -0.0547253 0 0.0547253 0.998501 0 1.63227 20.7249</i>
                        <i>1 0 0 0 0.998504 -0.054678 0 0.054678 0.998504 0 1.63216 21.7359</i>
                        <i>1 0 0 0 0.998506 -0.0546378 0 0.0546378 0.998506 0 1.63207 22.773</i>
                        <i>1 0 0 0 0.998508 -0.0546098 0 0.0546098 0.998508 0 1.63201 23.8363</i>
                        <i>1 0 0 0 0.998508 -0.0545993 0 0.0545993 0.998508 0 1.63199 24.926</i>
                        <i>1 0 0 0 0.998406 -0.0564397 0 0.0564397 0.998406 0 1.63265 26.0395</i>
                        <i>1 0 0 0 0.99811 -0.0614491 0 0.0614491 0.99811 0 1.67284 27.1772</i>
                        <i>1 0 0 0 0.997614 -0.0690395 0 0.0690395 0.997614 0 1.78839 28.3415</i>
                        <i>1 0 0 0 0.996904 -0.0786222 0 0.0786222 0.996904 0 1.97579 29.5324</i>
                        <i>1 0 0 0 0.995977 -0.0896082 0 0.0896082 0.995977 0 2.23149 30.7501</i>
                        <i>1 0 0 0 0.994845 -0.101409 0 0.101409 0.994845 0 2.55196 31.9945</i>
                        <i>1 0 0 0 0.993545 -0.113438 0 0.113438 0.993545 0 2.93366 33.2658</i>
                        <i>1 0 0 0 0.992143 -0.125111 0 0.125111 0.992143 0 3.37305 34.5641</i>
                        <i>1 0.00071358 0 -0.000706841 0.990557 -0.137099 -9.78313e-005 0.137099 0.990557 0 3.86661 35.8894</i>
                        <i>0.999997 0.00257737 2.71051e-020 -0.00254812 0.988647 -0.150234 -0.00038721 0.150234 0.98865 0 4.41078 37.2419</i>
                        <i>0.999986 0.00524387 0 -0.00517272 0.986418 -0.164172 -0.000860898 0.16417 0.986432 0 5.08998 38.5559</i>
                        <i>0.999965 0.00836554 -1.0842e-019 -0.00823108 0.983893 -0.178571 -0.00149384 0.178565 0.983927 0 5.79955 39.8727</i>
                        <i>0.999933 0.0115949 2.1684e-019 -0.0113767 0.981115 -0.193091 -0.00223886 0.193078 0.981181 0 6.53683 41.192</i>
                        <i>0.999894 0.0145844 0 -0.0142673 0.978153 -0.207395 -0.00302472 0.207373 0.978257 0 7.29914 42.5138</i>
                        <i>0.999856 0.0169866 0 -0.016566 0.975099 -0.221152 -0.00375661 0.22112 0.975239 0 8.08383 43.8379</i>
                        <i>0.99983 0.0184541 0 -0.0179416 0.972063 -0.234033 -0.00431887 0.233993 0.972229 0 8.8882 45.1642</i>
                        <i>0.999826 0.0186397 -4.33681e-019 -0.0180682 0.969174 -0.245715 -0.00458005 0.245673 0.969342 0 9.7096 46.4925</i>
                        <i>0.999844 0.0176469 4.33681e-019 -0.0170608 0.96664 -0.25557 -0.00451002 0.25553 0.96679 0 10.5454 47.8226</i>
                        <i>0.999873 0.0159654 -4.33681e-019 -0.0154035 0.964677 -0.262983 -0.00419864 0.26295 0.9648 0 11.3928 49.1545</i>
                        <i>0.999906 0.013716 -2.1684e-019 -0.0132156 0.963424 -0.267654 -0.00367116 0.267629 0.963515 0 12.2492 50.4879</i>
                        <i>0.999939 0.0110195 -2.1684e-019 -0.0106125 0.963004 -0.26928 -0.00296733 0.269263 0.963062 0 13.1121 51.8228</i>
                        <i>0.999968 0.00798946 -2.1684e-019 -0.00769497 0.963109 -0.269 -0.00214917 0.268991 0.96314 0 13.9785 53.1589</i>
                        <i>0.999989 0.00476134 0 -0.00458684 0.963341 -0.268242 -0.00127719 0.268239 0.963352 0 14.846 54.4962</i>
                        <i>0.999999 0.00145739 0 -0.00140443 0.963661 -0.267125 -0.000389305 0.267125 0.963662 0 15.7118 55.8344</i>
                        <i>0.999998 -0.00180014 2.71051e-020 0.0017354 0.964035 -0.265771 0.000478424 0.265771 0.964036 0 16.5733 57.1735</i>
                        <i>0.999988 -0.00488897 0 0.00471513 0.964429 -0.264299 0.00129215 0.264296 0.964441 0 17.4278 58.5132</i>
                        <i>0.99997 -0.00768688 0 0.00741662 0.964813 -0.262831 0.00202035 0.262823 0.964842 0 18.2726 59.8535</i>
                        <i>0.999949 -0.0100716 0 0.0097212 0.965158 -0.261487 0.0026336 0.261474 0.965207 0 19.1051 61.1942</i>
                        <i>0.999929 -0.011921 -2.1684e-019 0.0115098 0.965435 -0.260389 0.00310409 0.26037 0.965504 0 19.9226 62.5351</i>
                        <i>0.999914 -0.0131128 2.1684e-019 0.0126631 0.965618 -0.259657 0.00340483 0.259634 0.965701 0 20.7223 63.8762</i>
                        <i>0.999909 -0.0135201 -2.1684e-019 0.0130572 0.965676 -0.259422 0.00350741 0.259398 0.965764 0 21.5018 65.2172</i>
                        <i>0.999913 -0.0131981 2.1684e-019 0.012745 0.965582 -0.259785 0.00342868 0.259763 0.965666 0 22.2581 66.5579</i>
                        <i>0.999925 -0.012287 -2.1684e-019 0.0118623 0.96536 -0.260653 0.00320265 0.260633 0.965433 0 22.9889 67.8984</i>
                        <i>0.99994 -0.0109128 0 0.010532 0.965044 -0.261878 0.00285783 0.261862 0.965101 0 23.6912 69.2383</i>
                        <i>0.999958 -0.00920155 0 0.00887682 0.964669 -0.263315 0.0024229 0.263304 0.96471 0 24.3625 70.5777</i>
                        <i>0.999974 -0.00727919 -1.0842e-019 0.00701931 0.964273 -0.264818 0.00192766 0.264811 0.964298 0 25.0001 71.9162</i>
                        <i>0.999986 -0.00527179 -2.1684e-019 0.00508151 0.963893 -0.266243 0.00140358 0.266239 0.963906 0 25.6014 73.2538</i>
                        <i>0.999995 -0.00330543 5.42101e-020 0.00318503 0.963568 -0.267443 0.000884015 0.267442 0.963574 0 26.1636 74.5903</i>
                        <i>0.999999 -0.00150615 0 0.00145094 0.963341 -0.268275 0.000404062 0.268274 0.963342 0 26.684 75.9256</i>
                        <i>1 0 0 0 0.963254 -0.268592 0 0.268592 0.963254 0 27.1601 77.2596</i>
                        <i>1 0 0 0 0.963852 -0.266439 0 0.266439 0.963852 0 27.5707 78.5928</i>
                        <i>1 0 0 0 0.965502 -0.260394 0 0.260394 0.965502 0 27.9009 79.9259</i>
                        <i>1 0 0 0 0.968014 -0.250897 0 0.250897 0.968014 0 28.1577 81.259</i>
                        <i>1 0 0 0 0.971171 -0.238383 0 0.238383 0.971171 0 28.348 82.5921</i>
                        <i>1 0 0 0 0.974753 -0.223287 0 0.223287 0.974753 0 28.4786 83.9252</i>
                        <i>1 0 0 0 0.978541 -0.206051 0 0.206051 0.978541 0 28.5564 85.2583</i>
                        <i>1 0 0 0 0.982337 -0.187121 0 0.187121 0.982337 0 28.5884 86.5913</i>
                        <i>1 0 0 0 0.985965 -0.166955 0 0.166955 0.985965 0 28.5814 87.9243</i>
                        <i>1 0 0 0 0.989282 -0.146017 0 0.146017 0.989282 0 28.5423 89.2573</i>
                        <i>1 0 0 0 0.992184 -0.124782 0 0.124782 0.992184 0 28.4779 90.5903</i>
                        <i>1 0 0 0 0.994606 -0.103728 0 0.103728 0.994606 0 28.3952 91.9232</i>
                        <i>1 0 0 0 0.996521 -0.0833402 0 0.0833402 0.996521 0 28.3009 93.2562</i>
                        <i>1 0 0 0 0.997943 -0.0641052 0 0.0641052 0.997943 0 28.2022 94.5892</i>
                        <i>1 0 0 0 0.998918 -0.0465095 0 0.0465095 0.998918 0 28.1057 95.9221</i>
                        <i>1 0 0 0 0.999518 -0.0310379 0 0.0310379 0.999518 0 28.0183 97.2551</i>
                        <i>1 0 0 0 0.999835 -0.0181727 0 0.0181727 0.999835 0 27.9471 98.5881</i>
                        <i>1 0 0 0 0.999965 -0.00839359 0 0.00839359 0.999965 0 27.8988 99.9211</i>
                        <i>1 0 0 0 0.999998 -0.00217755 0 0.00217755 0.999998 0 27.8803 101.254</i>
                        <i>1 0 0 0 1 0 0 0 1 0 27.8985 102.587</i>
                    </KeyFrames>
                </p>
            </i>
            <i>
                <p>
                    <Name>
                        <![CDATA[cockpit_hatch]]>
</Name>
                    <Exclude>0</Exclude>
                    <Additive>0</Additive>
                    <IKPriority>0</IKPriority>
                    <IKRotLimits>-1e+010 -1e+010 -1e+010 1e+010 1e+010 1e+010</IKRotLimits>
                    <IKRotLimitOrder>0</IKRotLimitOrder>
                    <KeyFrames count="131">
                        <i>1 0 0 0 0.582757 -0.812647 0 0.812647 0.582757 0 3.77718 4.56647</i>
                        <i>1 0 0 0 0.619895 -0.784685 0 0.784685 0.619895 0 3.77436 4.58065</i>
                        <i>1 0 0 0 0.709588 -0.704617 0 0.704617 0.709588 0 3.77153 4.59483</i>
                        <i>1 0 0 0 0.818287 -0.574809 0 0.574809 0.818287 0 3.7687 4.60901</i>
                        <i>1 0 0 0 0.913799 -0.406166 0 0.406166 0.913799 0 3.76587 4.62319</i>
                        <i>1 0 0 0 0.974986 -0.222267 0 0.222267 0.974986 0 3.76305 4.63737</i>
                        <i>1 0 0 0 0.998508 -0.0545993 0 0.0545993 0.998508 0 3.76022 4.65155</i>
                        <i>1 0 0 0 0.998508 -0.0545993 0 0.0545993 0.998508 0 3.76022 4.65155</i>
                        <i>1 0 0 0 0.998508 -0.0545993 0 0.0545993 0.998508 0 3.76022 4.65155</i>
                        <i>1 0 0 0 0.998508 -0.0545993 0 0.0545993 0.998508 0 3.76022 4.65155</i>
                        <i>1 0 0 0 0.998508 -0.0545993 0 0.0545993 0.998508 0 3.76022 4.65155</i>
                        <i>1 0 0 0 0.998508 -0.0545993 0 0.0545993 0.998508 0 3.76022 4.65155</i>
                        <i>1 0 0 0 0.998508 -0.0545993 0 0.0545993 0.998508 0 3.76022 4.65155</i>
                        <i>1 0 0 0 0.998508 -0.0545993 0 0.0545993 0.998508 0 3.76022 4.65155</i>
                        <i>1 0 0 0 0.998508 -0.0545993 0 0.0545993 0.998508 0 3.76022 4.65155</i>
                        <i>1 0 0 0 0.998508 -0.0545993 0 0.0545993 0.998508 0 3.76022 4.65155</i>
                        <i>1 0 0 0 0.998508 -0.0545993 0 0.0545993 0.998508 0 3.76022 4.65155</i>
                        <i>1 0 0 0 0.998508 -0.0545993 0 0.0545993 0.998508 0 3.76022 4.65155</i>
                        <i>1 0 0 0 0.998508 -0.0545993 0 0.0545993 0.998508 0 3.76022 4.65155</i>
                        <i>1 0 0 0 0.998508 -0.0545993 0 0.0545993 0.998508 0 3.76022 4.65155</i>
                        <i>1 0 0 0 0.998508 -0.0545993 0 0.0545993 0.998508 0 3.76022 4.65155</i>
                        <i>1 0 0 0 0.998508 -0.0545993 0 0.0545993 0.998508 0 3.76022 4.65155</i>
                        <i>0.999999 -0.00115518 -6.77626e-021 0.00115352 0.99856 -0.053634 6.19568e-005 0.053634 0.998561 0.0024533 3.73939 4.65407</i>
                        <i>0.999995 -0.00322355 -1.35525e-020 0.00321926 0.998665 -0.0515595 0.000166204 0.0515592 0.99867 0.00681487 3.69377 4.65903</i>
                        <i>0.999992 -0.00410936 0 0.0041043 0.99876 -0.049608 0.000203857 0.0496075 0.998769 0.0086502 3.64873 4.66259</i>
                        <i>0.999996 -0.00276026 0 0.00275699 0.99881 -0.0486835 0.000134379 0.0486833 0.998814 0.00579846 3.62809 4.67451</i>
                        <i>1 -0.000471833 0 0.000471228 0.998718 -0.0506245 2.38863e-005 0.0506245 0.998718 0.000995443 3.66169 4.70181</i>
                        <i>0.999998 0.00192162 -6.77626e-021 -0.00191883 0.998548 -0.0538296 -0.00010344 0.0538295 0.99855 -0.00408278 3.72439 4.74744</i>
                        <i>0.999995 0.00317734 0 -0.0031726 0.998503 -0.0545993 -0.000173481 0.054599 0.998508 -0.00676212 3.76021 4.81927</i>
                        <i>0.999995 0.00312177 1.35525e-020 -0.00311773 0.998699 -0.0509071 -0.000158921 0.0509069 0.998703 -0.00659023 3.74552 4.92158</i>
                        <i>0.999997 0.00260056 -6.77626e-021 -0.00259793 0.998985 -0.0449596 -0.00011692 0.0449594 0.998989 -0.0054178 3.70843 5.04985</i>
                        <i>0.999998 0.00176994 0 -0.00176857 0.999222 -0.0394093 -6.97522e-005 0.0394092 0.999223 -0.00364146 3.67061 5.19898</i>
                        <i>1 0.000786198 1.69407e-021 -0.000785663 0.999318 -0.0369114 -2.90197e-005 0.0369114 0.999319 -0.00160832 3.65385 5.36412</i>
                        <i>1 -3.74666e-005 1.05879e-022 3.74399e-005 0.999288 -0.0377181 1.41317e-006 0.0377181 0.999288 7.67867e-005 3.6667 5.54344</i>
                        <i>1 -0.000921525 3.38813e-021 0.000920802 0.999215 -0.0396149 3.65062e-005 0.0396149 0.999215 0.00189682 3.69123 5.74146</i>
                        <i>0.999999 -0.00148276 0 0.00148146 0.999121 -0.0418816 6.21003e-005 0.0418815 0.999123 0.00306775 3.71107 5.96234</i>
                        <i>0.999999 -0.00150411 0 0.00150262 0.999008 -0.044505 6.69406e-005 0.044505 0.999009 0.00313036 3.72238 6.2053</i>
                        <i>0.999999 -0.00117951 6.77626e-021 0.00117817 0.998865 -0.0476069 5.61529e-005 0.0476069 0.998866 0.00247187 3.7321 6.46794</i>
                        <i>1 -0.000695959 3.38813e-021 0.000695065 0.998715 -0.0506687 3.52633e-005 0.0506687 0.998716 0.00146843 3.74007 6.75205</i>
                        <i>1 -0.000240454 8.47033e-022 0.000240114 0.998585 -0.0531721 1.27855e-005 0.0531721 0.998585 0.000510146 3.74611 7.05946</i>
                        <i>1 0 0 0 0.998508 -0.0545993 0 0.0545993 0.998508 0 3.75008 7.392</i>
                        <i>1 5.73338e-005 -2.11758e-022 -5.7247e-005 0.998486 -0.0550016 -3.15345e-006 0.0550016 0.998486 -0.000122127 3.75163 7.75259</i>
                        <i>1 0.00010161 0 -0.000101457 0.998493 -0.0548738 -5.57574e-006 0.0548738 0.998493 -0.00021638 3.75095 8.14155</i>
                        <i>1 0.00013401 0 -0.000133812 0.998521 -0.0543628 -7.28515e-006 0.0543628 0.998521 -0.000285057 3.74868 8.55719</i>
                        <i>1 0.000155713 0 -0.000155489 0.998562 -0.0536153 -8.34861e-006 0.0536153 0.998562 -0.000330682 3.74549 8.9978</i>
                        <i>1 0.000167901 0 -0.000167667 0.998606 -0.0527782 -8.86153e-006 0.0527782 0.998606 -0.000355911 3.74205 9.46167</i>
                        <i>1 0.000171755 0 -0.000171522 0.998647 -0.0519984 -8.93097e-006 0.0519984 0.998647 -0.000363456 3.739 9.94709</i>
                        <i>1 0.000168454 8.47033e-022 -0.000168231 0.998677 -0.0514228 -8.66237e-006 0.0514227 0.998677 -0.00035602 3.73702 10.4524</i>
                        <i>1 0.00015918 0 -0.000158971 0.998689 -0.0511982 -8.14973e-006 0.0511982 0.998689 -0.000336253 3.73675 10.9758</i>
                        <i>1 0.000144994 -4.23516e-022 -0.000144804 0.998684 -0.0512802 -7.43534e-006 0.0512802 0.998684 -0.000306343 3.73798 11.5161</i>
                        <i>1 0.000127252 0 -0.000127083 0.998673 -0.0515046 -6.55406e-006 0.0515046 0.998673 -0.000268989 3.73992 12.0722</i>
                        <i>1 0.000107142 4.23516e-022 -0.000106998 0.998655 -0.0518397 -5.5542e-006 0.0518397 0.998655 -0.000226647 3.74239 12.6428</i>
                        <i>1 8.58535e-005 4.23516e-022 -8.57362e-005 0.998634 -0.0522535 -4.48615e-006 0.0522535 0.998634 -0.000181779 3.74522 13.2366</i>
                        <i>1 6.45769e-005 -4.23516e-022 -6.44871e-005 0.99861 -0.052714 -3.40411e-006 0.052714 0.99861 -0.000136868 3.74824 13.8624</i>
                        <i>1 4.45012e-005 0 -4.44383e-005 0.998584 -0.0531893 -2.36699e-006 0.0531893 0.998584 -9.44171e-005 3.75129 14.5185</i>
                        <i>1 2.68163e-005 0 -2.67776e-005 0.99856 -0.0536473 -1.43862e-006 0.0536473 0.99856 -5.69525e-005 3.75418 15.2032</i>
                        <i>1 1.27114e-005 0 -1.26928e-005 0.998538 -0.0540563 -6.8713e-007 0.0540563 0.998538 -2.70207e-005 3.75674 15.9148</i>
                        <i>1 3.37611e-006 0 -3.37111e-006 0.99852 -0.0543843 -1.83607e-007 0.0543843 0.99852 -7.18177e-006 3.75881 16.6517</i>
                        <i>1 0 0 0 0.998508 -0.0545993 0 0.0545993 0.998508 0 3.76022 17.4123</i>
                        <i>1 0 0 0 0.998501 -0.0547253 0 0.0547253 0.998501 0 3.76108 18.1962</i>
                        <i>1 0 0 0 0.998497 -0.054811 0 0.054811 0.998497 0 3.76167 19.0048</i>
                        <i>1 0 0 0 0.998494 -0.0548618 0 0.0548618 0.998494 0 3.76202 19.8381</i>
                        <i>1 0 0 0 0.998493 -0.0548827 0 0.0548827 0.998493 0 3.76216 20.6964</i>
                        <i>1 0 0 0 0.998493 -0.0548793 0 0.0548793 0.998493 0 3.76214 21.5798</i>
                        <i>1 0 0 0 0.998494 -0.0548565 0 0.0548565 0.998494 0 3.76198 22.4884</i>
                        <i>1 0 0 0 0.998496 -0.0548198 0 0.0548198 0.998496 0 3.76173 23.4224</i>
                        <i>1 0 0 0 0.998499 -0.0547743 0 0.0547743 0.998499 0 3.76142 24.382</i>
                        <i>1 0 0 0 0.998501 -0.0547253 0 0.0547253 0.998501 0 3.76108 25.3673</i>
                        <i>1 0 0 0 0.998504 -0.054678 0 0.054678 0.998504 0 3.76076 26.3784</i>
                        <i>1 0 0 0 0.998506 -0.0546378 0 0.0546378 0.998506 0 3.76048 27.4156</i>
                        <i>1 0 0 0 0.998508 -0.0546098 0 0.0546098 0.998508 0 3.76029 28.479</i>
                        <i>1 0 0 0 0.998508 -0.0545993 0 0.0545993 0.998508 0 3.76022 29.5687</i>
                        <i>1 0 0 0 0.998406 -0.0564397 0 0.0564397 0.998406 0 3.76944 30.6782</i>
                        <i>1 0 0 0 0.99811 -0.0614491 0 0.0614491 0.99811 0 3.83287 31.8052</i>
                        <i>1 0 0 0 0.997614 -0.0690395 0 0.0690395 0.997614 0 3.98357 32.9529</i>
                        <i>1 0 0 0 0.996904 -0.0786222 0 0.0786222 0.996904 0 4.21518 34.1225</i>
                        <i>1 0 0 0 0.995977 -0.0896082 0 0.0896082 0.995977 0 4.52135 35.3152</i>
                        <i>1 0 0 0 0.994845 -0.101409 0 0.101409 0.994845 0 4.89577 36.5321</i>
                        <i>1 0 0 0 0.993545 -0.113438 0 0.113438 0.993545 0 5.3322 37.7748</i>
                        <i>1 0 0 0 0.992143 -0.125111 0 0.125111 0.992143 0 5.82444 39.0446</i>
                        <i>1 0.00071358 0 -0.000706841 0.990557 -0.137099 -9.78313e-005 0.137099 0.990557 -0.00178779 6.37199 40.3399</i>
                        <i>0.999997 0.00257737 2.71051e-020 -0.00254812 0.988647 -0.150234 -0.00038721 0.150234 0.98865 -0.00660899 6.97501 41.6587</i>
                        <i>0.999986 0.00524387 0 -0.00517272 0.986418 -0.164172 -0.000860898 0.16417 0.986432 -0.013772 7.71626 42.9361</i>
                        <i>0.999965 0.00836554 -1.0842e-019 -0.00823108 0.983893 -0.178571 -0.00149384 0.178565 0.983927 -0.0225037 8.48951 44.214</i>
                        <i>0.999933 0.0115949 2.1684e-019 -0.0113767 0.981115 -0.193091 -0.00223886 0.193078 0.981181 -0.0319312 9.29055 45.4932</i>
                        <i>0.999894 0.0145844 0 -0.0142673 0.978153 -0.207395 -0.00302472 0.207373 0.978257 -0.0410755 10.1153 46.7743</i>
                        <i>0.999856 0.0169866 0 -0.016566 0.975099 -0.221152 -0.00375661 0.22112 0.975239 -0.0488557 10.9595 48.0583</i>
                        <i>0.99983 0.0184541 0 -0.0179416 0.972063 -0.234033 -0.00431887 0.233993 0.972229 -0.0541021 11.8194 49.3462</i>
                        <i>0.999826 0.0186397 -4.33681e-019 -0.0180682 0.969174 -0.245715 -0.00458005 0.245673 0.969342 -0.0555801 12.6909 50.6389</i>
                        <i>0.999844 0.0176469 4.33681e-019 -0.0170608 0.96664 -0.25557 -0.00451002 0.25553 0.96679 -0.053362 13.5688 51.9384</i>
                        <i>0.999873 0.0159654 -4.33681e-019 -0.0154035 0.964677 -0.262983 -0.00419864 0.26295 0.9648 -0.0487804 14.4478 53.247</i>
                        <i>0.999906 0.013716 -2.1684e-019 -0.0132156 0.963424 -0.267654 -0.00367116 0.267629 0.963515 -0.0421791 15.3241 54.5656</i>
                        <i>0.999939 0.0110195 -2.1684e-019 -0.0106125 0.963004 -0.26928 -0.00296733 0.269263 0.963062 -0.0339627 16.1939 55.8952</i>
                        <i>0.999968 0.00798946 -2.1684e-019 -0.00769497 0.963109 -0.269 -0.00214917 0.268991 0.96314 -0.0246144 17.0593 57.2322</i>
                        <i>0.999989 0.00476134 0 -0.00458684 0.963341 -0.268242 -0.00127719 0.268239 0.963352 -0.0146538 17.9236 58.5719</i>
                        <i>0.999999 0.00145739 0 -0.00140443 0.963661 -0.267125 -0.000389305 0.267125 0.963662 -0.00447844 18.7848 59.9137</i>
                        <i>0.999998 -0.00180014 2.71051e-020 0.0017354 0.964035 -0.265771 0.000478424 0.265771 0.964036 0.00552137 19.6405 61.2571</i>
                        <i>0.999988 -0.00488897 0 0.00471513 0.964429 -0.264299 0.00129215 0.264296 0.964441 0.0149649 20.4887 62.6015</i>
                        <i>0.99997 -0.00768688 0 0.00741662 0.964813 -0.262831 0.00202035 0.262823 0.964842 0.0234813 21.3273 63.9465</i>
                        <i>0.999949 -0.0100716 0 0.0097212 0.965158 -0.261487 0.0026336 0.261474 0.965207 0.0307086 22.154 65.2914</i>
                        <i>0.999929 -0.011921 -2.1684e-019 0.0115098 0.965435 -0.260389 0.00310409 0.26037 0.965504 0.0362918 22.9667 66.6358</i>
                        <i>0.999914 -0.0131128 2.1684e-019 0.0126631 0.965618 -0.259657 0.00340483 0.259634 0.965701 0.0398794 23.7633 67.9792</i>
                        <i>0.999909 -0.0135201 -2.1684e-019 0.0130572 0.965676 -0.259422 0.00350741 0.259398 0.965764 0.0411046 24.5417 69.3209</i>
                        <i>0.999913 -0.0131981 2.1684e-019 0.012745 0.965582 -0.259785 0.00342868 0.259763 0.965666 0.0401461 25.2997 70.6605</i>
                        <i>0.999925 -0.012287 -2.1684e-019 0.0118623 0.96536 -0.260653 0.00320265 0.260633 0.965433 0.03742 26.0341 71.9983</i>
                        <i>0.99994 -0.0109128 0 0.010532 0.965044 -0.261878 0.00285783 0.261862 0.965101 0.0332916 26.7417 73.3343</i>
                        <i>0.999958 -0.00920155 0 0.00887682 0.964669 -0.263315 0.0024229 0.263304 0.96471 0.0281271 27.4192 74.6691</i>
                        <i>0.999974 -0.00727919 -1.0842e-019 0.00701931 0.964273 -0.264818 0.00192766 0.264811 0.964298 0.0222973 28.0632 76.0029</i>
                        <i>0.999986 -0.00527179 -2.1684e-019 0.00508151 0.963893 -0.266243 0.00140358 0.266239 0.963906 0.0161801 28.6705 77.336</i>
                        <i>0.999995 -0.00330543 5.42101e-020 0.00318503 0.963568 -0.267443 0.000884015 0.267442 0.963574 0.0101618 29.2378 78.6687</i>
                        <i>0.999999 -0.00150615 0 0.00145094 0.963341 -0.268275 0.000404062 0.268274 0.963342 0.00463562 29.7618 80.0013</i>
                        <i>1 0 0 0 0.963254 -0.268592 0 0.268592 0.963254 0 30.2393 81.3342</i>
                        <i>1 0 0 0 0.963852 -0.266439 0 0.266439 0.963852 0 30.6407 82.6743</i>
                        <i>1 0 0 0 0.965502 -0.260394 0 0.260394 0.965502 0 30.9453 84.0266</i>
                        <i>1 0 0 0 0.968014 -0.250897 0 0.250897 0.968014 0 31.1616 85.3894</i>
                        <i>1 0 0 0 0.971171 -0.238383 0 0.238383 0.971171 0 31.2984 86.761</i>
                        <i>1 0 0 0 0.974753 -0.223287 0 0.223287 0.974753 0 31.364 88.1393</i>
                        <i>1 0 0 0 0.978541 -0.206051 0 0.206051 0.978541 0 31.367 89.5226</i>
                        <i>1 0 0 0 0.982337 -0.187121 0 0.187121 0.982337 0 31.3161 90.9091</i>
                        <i>1 0 0 0 0.985965 -0.166955 0 0.166955 0.985965 0 31.2201 92.2971</i>
                        <i>1 0 0 0 0.989282 -0.146017 0 0.146017 0.989282 0 31.0876 93.685</i>
                        <i>1 0 0 0 0.992184 -0.124782 0 0.124782 0.992184 0 30.9278 95.0715</i>
                        <i>1 0 0 0 0.994606 -0.103728 0 0.103728 0.994606 0 30.7495 96.4554</i>
                        <i>1 0 0 0 0.996521 -0.0833402 0 0.0833402 0.996521 0 30.562 97.8356</i>
                        <i>1 0 0 0 0.997943 -0.0641052 0 0.0641052 0.997943 0 30.3745 99.2114</i>
                        <i>1 0 0 0 0.998918 -0.0465095 0 0.0465095 0.998918 0 30.1962 100.582</i>
                        <i>1 0 0 0 0.999518 -0.0310379 0 0.0310379 0.999518 0 30.0365 101.947</i>
                        <i>1 0 0 0 0.999835 -0.0181727 0 0.0181727 0.999835 0 29.9047 103.305</i>
