<?xml version="1.0" encoding="ISO-8859-1" ?>
<Animl Version="1">
    <ModellingPackage>
        <![CDATA[Maya.2010]]>
</ModellingPackage>
    <SrcFile>
        <![CDATA[anims\bases\~src\blue\base_clock_lvl2_up.mb]]>
</SrcFile>
    <FramesPerSecond>30</FramesPerSecond>
    <TotalFrames>270</TotalFrames>
    <Skeleton>
        <RefFrame>
            <Name>
                <![CDATA[clock_ref_frame]]>
</Name>
            <Exclude>0</Exclude>
            <Additive>0</Additive>
            <IKPriority>0</IKPriority>
            <IKRotLimits>-1e+010 -1e+010 -1e+010 1e+010 1e+010 1e+010</IKRotLimits>
            <IKRotLimitOrder>0</IKRotLimitOrder>
            <KeyFrames count="270">
                <i>1 0 0 0 1 0 0 0 1 0 0 0</i>
                <i>1 0 0 0 1 0 0 0 1 0 0 0</i>
                <i>1 0 0 0 1 0 0 0 1 0 0 0</i>
                <i>1 0 0 0 1 0 0 0 1 0 0 0</i>
                <i>1 0 0 0 1 0 0 0 1 0 0 0</i>
                <i>1 0 0 0 1 0 0 0 1 0 0 0</i>
                <i>1 0 0 0 1 0 0 0 1 0 0 0</i>
                <i>1 0 0 0 1 0 0 0 1 0 0 0</i>
                <i>1 0 0 0 1 0 0 0 1 0 0 0</i>
                <i>1 0 0 0 1 0 0 0 1 0 0 0</i>
                <i>1 0 0 0 1 0 0 0 1 0 0 0</i>
                <i>1 0 0 0 1 0 0 0 1 0 0 0</i>
                <i>1 0 0 0 1 0 0 0 1 0 0 0</i>
                <i>1 0 0 0 1 0 0 0 1 0 0 0</i>
                <i>1 0 0 0 1 0 0 0 1 0 0 0</i>
                <i>1 0 0 0 1 0 0 0 1 0 0 0</i>
                <i>1 0 0 0 1 0 0 0 1 0 0 0</i>
                <i>1 0 0 0 1 0 0 0 1 0 0 0</i>
                <i>1 0 0 0 1 0 0 0 1 0 0 0</i>
                <i>1 0 0 0 1 0 0 0 1 0 0 0</i>
                <i>1 0 0 0 1 0 0 0 1 0 0 0</i>
                <i>1 0 0 0 1 0 0 0 1 0 0 0</i>
                <i>1 0 0 0 1 0 0 0 1 0 0 0</i>
                <i>1 0 0 0 1 0 0 0 1 0 0 0</i>
                <i>1 0 0 0 1 0 0 0 1 0 0 0</i>
                <i>1 0 0 0 1 0 0 0 1 0 0 0</i>
                <i>1 0 0 0 1 0 0 0 1 0 0 0</i>
                <i>1 0 0 0 1 0 0 0 1 0 0 0</i>
                <i>1 0 0 0 1 0 0 0 1 0 0 0</i>
                <i>1 0 0 0 1 0 0 0 1 0 0 0</i>
                <i>1 0 0 0 1 0 0 0 1 0 0 0</i>
                <i>1 0 0 0 1 0 0 0 1 0 0 0</i>
                <i>1 0 0 0 1 0 0 0 1 0 0 0</i>
                <i>1 0 0 0 1 0 0 0 1 0 0 0</i>
                <i>1 0 0 0 1 0 0 0 1 0 0 0</i>
                <i>1 0 0 0 1 0 0 0 1 0 0 0</i>
                <i>1 0 0 0 1 0 0 0 1 0 0 0</i>
                <i>1 0 0 0 1 0 0 0 1 0 0 0</i>
                <i>1 0 0 0 1 0 0 0 1 0 0 0</i>
                <i>1 0 0 0 1 0 0 0 1 0 0 0</i>
                <i>1 0 0 0 1 0 0 0 1 0 0 0</i>
                <i>1 0 0 0 1 0 0 0 1 0 0 0</i>
                <i>1 0 0 0 1 0 0 0 1 0 0 0</i>
                <i>1 0 0 0 1 0 0 0 1 0 0 0</i>
                <i>1 0 0 0 1 0 0 0 1 0 0 0</i>
                <i>1 0 0 0 1 0 0 0 1 0 0 0</i>
                <i>1 0 0 0 1 0 0 0 1 0 0 0</i>
                <i>1 0 0 0 1 0 0 0 1 0 0 0</i>
                <i>1 0 0 0 1 0 0 0 1 0 0 0</i>
                <i>1 0 0 0 1 0 0 0 1 0 0 0</i>
                <i>1 0 0 0 1 0 0 0 1 0 0 0</i>
                <i>1 0 0 0 1 0 0 0 1 0 0 0</i>
                <i>1 0 0 0 1 0 0 0 1 0 0 0</i>
                <i>1 0 0 0 1 0 0 0 1 0 0 0</i>
                <i>1 0 0 0 1 0 0 0 1 0 0 0</i>
                <i>1 0 0 0 1 0 0 0 1 0 0 0</i>
                <i>1 0 0 0 1 0 0 0 1 0 0 0</i>
                <i>1 0 0 0 1 0 0 0 1 0 0 0</i>
                <i>1 0 0 0 1 0 0 0 1 0 0 0</i>
                <i>1 0 0 0 1 0 0 0 1 0 0 0</i>
                <i>1 0 0 0 1 0 0 0 1 0 0 0</i>
                <i>1 0 0 0 1 0 0 0 1 0 0 0</i>
                <i>1 0 0 0 1 0 0 0 1 0 0 0</i>
                <i>1 0 0 0 1 0 0 0 1 0 0 0</i>
                <i>1 0 0 0 1 0 0 0 1 0 0 0</i>
                <i>1 0 0 0 1 0 0 0 1 0 0 0</i>
                <i>1 0 0 0 1 0 0 0 1 0 0 0</i>
                <i>1 0 0 0 1 0 0 0 1 0 0 0</i>
                <i>1 0 0 0 1 0 0 0 1 0 0 0</i>
                <i>1 0 0 0 1 0 0 0 1 0 0 0</i>
                <i>1 0 0 0 1 0 0 0 1 0 0 0</i>
                <i>1 0 0 0 1 0 0 0 1 0 0 0</i>
                <i>1 0 0 0 1 0 0 0 1 0 0 0</i>
                <i>1 0 0 0 1 0 0 0 1 0 0 0</i>
                <i>1 0 0 0 1 0 0 0 1 0 0 0</i>
                <i>1 0 0 0 1 0 0 0 1 0 0 0</i>
                <i>1 0 0 0 1 0 0 0 1 0 0 0</i>
                <i>1 0 0 0 1 0 0 0 1 0 0 0</i>
                <i>1 0 0 0 1 0 0 0 1 0 0 0</i>
                <i>1 0 0 0 1 0 0 0 1 0 0 0</i>
                <i>1 0 0 0 1 0 0 0 1 0 0 0</i>
                <i>1 0 0 0 1 0 0 0 1 0 0 0</i>
                <i>1 0 0 0 1 0 0 0 1 0 0 0</i>
                <i>1 0 0 0 1 0 0 0 1 0 0 0</i>
                <i>1 0 0 0 1 0 0 0 1 0 0 0</i>
                <i>1 0 0 0 1 0 0 0 1 0 0 0</i>
                <i>1 0 0 0 1 0 0 0 1 0 0 0</i>
                <i>1 0 0 0 1 0 0 0 1 0 0 0</i>
                <i>1 0 0 0 1 0 0 0 1 0 0 0</i>
                <i>1 0 0 0 1 0 0 0 1 0 0 0</i>
                <i>1 0 0 0 1 0 0 0 1 0 0 0</i>
                <i>1 0 0 0 1 0 0 0 1 0 0 0</i>
                <i>1 0 0 0 1 0 0 0 1 0 0 0</i>
                <i>1 0 0 0 1 0 0 0 1 0 0 0</i>
                <i>1 0 0 0 1 0 0 0 1 0 0 0</i>
                <i>1 0 0 0 1 0 0 0 1 0 0 0</i>
                <i>1 0 0 0 1 0 0 0 1 0 0 0</i>
                <i>1 0 0 0 1 0 0 0 1 0 0 0</i>
                <i>1 0 0 0 1 0 0 0 1 0 0 0</i>
                <i>1 0 0 0 1 0 0 0 1 0 0 0</i>
                <i>1 0 0 0 1 0 0 0 1 0 0 0</i>
                <i>1 0 0 0 1 0 0 0 1 0 0 0</i>
                <i>1 0 0 0 1 0 0 0 1 0 0 0</i>
                <i>1 0 0 0 1 0 0 0 1 0 0 0</i>
                <i>1 0 0 0 1 0 0 0 1 0 0 0</i>
                <i>1 0 0 0 1 0 0 0 1 0 0 0</i>
                <i>1 0 0 0 1 0 0 0 1 0 0 0</i>
                <i>1 0 0 0 1 0 0 0 1 0 0 0</i>
                <i>1 0 0 0 1 0 0 0 1 0 0 0</i>
                <i>1 0 0 0 1 0 0 0 1 0 0 0</i>
                <i>1 0 0 0 1 0 0 0 1 0 0 0</i>
                <i>1 0 0 0 1 0 0 0 1 0 0 0</i>
                <i>1 0 0 0 1 0 0 0 1 0 0 0</i>
                <i>1 0 0 0 1 0 0 0 1 0 0 0</i>
                <i>1 0 0 0 1 0 0 0 1 0 0 0</i>
                <i>1 0 0 0 1 0 0 0 1 0 0 0</i>
                <i>1 0 0 0 1 0 0 0 1 0 0 0</i>
                <i>1 0 0 0 1 0 0 0 1 0 0 0</i>
                <i>1 0 0 0 1 0 0 0 1 0 0 0</i>
                <i>1 0 0 0 1 0 0 0 1 0 0 0</i>
                <i>1 0 0 0 1 0 0 0 1 0 0 0</i>
                <i>1 0 0 0 1 0 0 0 1 0 0 0</i>
                <i>1 0 0 0 1 0 0 0 1 0 0 0</i>
                <i>1 0 0 0 1 0 0 0 1 0 0 0</i>
                <i>1 0 0 0 1 0 0 0 1 0 0 0</i>
                <i>1 0 0 0 1 0 0 0 1 0 0 0</i>
                <i>1 0 0 0 1 0 0 0 1 0 0 0</i>
                <i>1 0 0 0 1 0 0 0 1 0 0 0</i>
                <i>1 0 0 0 1 0 0 0 1 0 0 0</i>
                <i>1 0 0 0 1 0 0 0 1 0 0 0</i>
                <i>1 0 0 0 1 0 0 0 1 0 0 0</i>
                <i>1 0 0 0 1 0 0 0 1 0 0 0</i>
                <i>1 0 0 0 1 0 0 0 1 0 0 0</i>
                <i>1 0 0 0 1 0 0 0 1 0 0 0</i>
                <i>1 0 0 0 1 0 0 0 1 0 0 0</i>
                <i>1 0 0 0 1 0 0 0 1 0 0 0</i>
                <i>1 0 0 0 1 0 0 0 1 0 0 0</i>
                <i>1 0 0 0 1 0 0 0 1 0 0 0</i>
                <i>1 0 0 0 1 0 0 0 1 0 0 0</i>
                <i>1 0 0 0 1 0 0 0 1 0 0 0</i>
                <i>1 0 0 0 1 0 0 0 1 0 0 0</i>
                <i>1 0 0 0 1 0 0 0 1 0 0 0</i>
                <i>1 0 0 0 1 0 0 0 1 0 0 0</i>
                <i>1 0 0 0 1 0 0 0 1 0 0 0</i>
                <i>1 0 0 0 1 0 0 0 1 0 0 0</i>
                <i>1 0 0 0 1 0 0 0 1 0 0 0</i>
                <i>1 0 0 0 1 0 0 0 1 0 0 0</i>
                <i>1 0 0 0 1 0 0 0 1 0 0 0</i>
                <i>1 0 0 0 1 0 0 0 1 0 0 0</i>
                <i>1 0 0 0 1 0 0 0 1 0 0 0</i>
                <i>1 0 0 0 1 0 0 0 1 0 0 0</i>
                <i>1 0 0 0 1 0 0 0 1 0 0 0</i>
                <i>1 0 0 0 1 0 0 0 1 0 0 0</i>
                <i>1 0 0 0 1 0 0 0 1 0 0 0</i>
                <i>1 0 0 0 1 0 0 0 1 0 0 0</i>
                <i>1 0 0 0 1 0 0 0 1 0 0 0</i>
                <i>1 0 0 0 1 0 0 0 1 0 0 0</i>
                <i>1 0 0 0 1 0 0 0 1 0 0 0</i>
                <i>1 0 0 0 1 0 0 0 1 0 0 0</i>
                <i>1 0 0 0 1 0 0 0 1 0 0 0</i>
                <i>1 0 0 0 1 0 0 0 1 0 0 0</i>
                <i>1 0 0 0 1 0 0 0 1 0 0 0</i>
                <i>1 0 0 0 1 0 0 0 1 0 0 0</i>
                <i>1 0 0 0 1 0 0 0 1 0 0 0</i>
                <i>1 0 0 0 1 0 0 0 1 0 0 0</i>
                <i>1 0 0 0 1 0 0 0 1 0 0 0</i>
                <i>1 0 0 0 1 0 0 0 1 0 0 0</i>
                <i>1 0 0 0 1 0 0 0 1 0 0 0</i>
                <i>1 0 0 0 1 0 0 0 1 0 0 0</i>
                <i>1 0 0 0 1 0 0 0 1 0 0 0</i>
                <i>1 0 0 0 1 0 0 0 1 0 0 0</i>
                <i>1 0 0 0 1 0 0 0 1 0 0 0</i>
                <i>1 0 0 0 1 0 0 0 1 0 0 0</i>
                <i>1 0 0 0 1 0 0 0 1 0 0 0</i>
                <i>1 0 0 0 1 0 0 0 1 0 0 0</i>
                <i>1 0 0 0 1 0 0 0 1 0 0 0</i>
                <i>1 0 0 0 1 0 0 0 1 0 0 0</i>
                <i>1 0 0 0 1 0 0 0 1 0 0 0</i>
                <i>1 0 0 0 1 0 0 0 1 0 0 0</i>
                <i>1 0 0 0 1 0 0 0 1 0 0 0</i>
                <i>1 0 0 0 1 0 0 0 1 0 0 0</i>
                <i>1 0 0 0 1 0 0 0 1 0 0 0</i>
                <i>1 0 0 0 1 0 0 0 1 0 0 0</i>
                <i>1 0 0 0 1 0 0 0 1 0 0 0</i>
                <i>1 0 0 0 1 0 0 0 1 0 0 0</i>
                <i>1 0 0 0 1 0 0 0 1 0 0 0</i>
                <i>1 0 0 0 1 0 0 0 1 0 0 0</i>
                <i>1 0 0 0 1 0 0 0 1 0 0 0</i>
                <i>1 0 0 0 1 0 0 0 1 0 0 0</i>
                <i>1 0 0 0 1 0 0 0 1 0 0 0</i>
                <i>1 0 0 0 1 0 0 0 1 0 0 0</i>
                <i>1 0 0 0 1 0 0 0 1 0 0 0</i>
                <i>1 0 0 0 1 0 0 0 1 0 0 0</i>
                <i>1 0 0 0 1 0 0 0 1 0 0 0</i>
                <i>1 0 0 0 1 0 0 0 1 0 0 0</i>
                <i>1 0 0 0 1 0 0 0 1 0 0 0</i>
                <i>1 0 0 0 1 0 0 0 1 0 0 0</i>
                <i>1 0 0 0 1 0 0 0 1 0 0 0</i>
                <i>1 0 0 0 1 0 0 0 1 0 0 0</i>
                <i>1 0 0 0 1 0 0 0 1 0 0 0</i>
                <i>1 0 0 0 1 0 0 0 1 0 0 0</i>
                <i>1 0 0 0 1 0 0 0 1 0 0 0</i>
                <i>1 0 0 0 1 0 0 0 1 0 0 0</i>
                <i>1 0 0 0 1 0 0 0 1 0 0 0</i>
                <i>1 0 0 0 1 0 0 0 1 0 0 0</i>
                <i>1 0 0 0 1 0 0 0 1 0 0 0</i>
                <i>1 0 0 0 1 0 0 0 1 0 0 0</i>
                <i>1 0 0 0 1 0 0 0 1 0 0 0</i>
                <i>1 0 0 0 1 0 0 0 1 0 0 0</i>
                <i>1 0 0 0 1 0 0 0 1 0 0 0</i>
                <i>1 0 0 0 1 0 0 0 1 0 0 0</i>
                <i>1 0 0 0 1 0 0 0 1 0 0 0</i>
                <i>1 0 0 0 1 0 0 0 1 0 0 0</i>
                <i>1 0 0 0 1 0 0 0 1 0 0 0</i>
                <i>1 0 0 0 1 0 0 0 1 0 0 0</i>
                <i>1 0 0 0 1 0 0 0 1 0 0 0</i>
                <i>1 0 0 0 1 0 0 0 1 0 0 0</i>
                <i>1 0 0 0 1 0 0 0 1 0 0 0</i>
                <i>1 0 0 0 1 0 0 0 1 0 0 0</i>
                <i>1 0 0 0 1 0 0 0 1 0 0 0</i>
                <i>1 0 0 0 1 0 0 0 1 0 0 0</i>
                <i>1 0 0 0 1 0 0 0 1 0 0 0</i>
                <i>1 0 0 0 1 0 0 0 1 0 0 0</i>
                <i>1 0 0 0 1 0 0 0 1 0 0 0</i>
                <i>1 0 0 0 1 0 0 0 1 0 0 0</i>
                <i>1 0 0 0 1 0 0 0 1 0 0 0</i>
                <i>1 0 0 0 1 0 0 0 1 0 0 0</i>
                <i>1 0 0 0 1 0 0 0 1 0 0 0</i>
                <i>1 0 0 0 1 0 0 0 1 0 0 0</i>
                <i>1 0 0 0 1 0 0 0 1 0 0 0</i>
                <i>1 0 0 0 1 0 0 0 1 0 0 0</i>
                <i>1 0 0 0 1 0 0 0 1 0 0 0</i>
                <i>1 0 0 0 1 0 0 0 1 0 0 0</i>
                <i>1 0 0 0 1 0 0 0 1 0 0 0</i>
                <i>1 0 0 0 1 0 0 0 1 0 0 0</i>
                <i>1 0 0 0 1 0 0 0 1 0 0 0</i>
                <i>1 0 0 0 1 0 0 0 1 0 0 0</i>
                <i>1 0 0 0 1 0 0 0 1 0 0 0</i>
                <i>1 0 0 0 1 0 0 0 1 0 0 0</i>
                <i>1 0 0 0 1 0 0 0 1 0 0 0</i>
                <i>1 0 0 0 1 0 0 0 1 0 0 0</i>
                <i>1 0 0 0 1 0 0 0 1 0 0 0</i>
                <i>1 0 0 0 1 0 0 0 1 0 0 0</i>
                <i>1 0 0 0 1 0 0 0 1 0 0 0</i>
                <i>1 0 0 0 1 0 0 0 1 0 0 0</i>
                <i>1 0 0 0 1 0 0 0 1 0 0 0</i>
                <i>1 0 0 0 1 0 0 0 1 0 0 0</i>
                <i>1 0 0 0 1 0 0 0 1 0 0 0</i>
                <i>1 0 0 0 1 0 0 0 1 0 0 0</i>
                <i>1 0 0 0 1 0 0 0 1 0 0 0</i>
                <i>1 0 0 0 1 0 0 0 1 0 0 0</i>
                <i>1 0 0 0 1 0 0 0 1 0 0 0</i>
                <i>1 0 0 0 1 0 0 0 1 0 0 0</i>
                <i>1 0 0 0 1 0 0 0 1 0 0 0</i>
                <i>1 0 0 0 1 0 0 0 1 0 0 0</i>
                <i>1 0 0 0 1 0 0 0 1 0 0 0</i>
                <i>1 0 0 0 1 0 0 0 1 0 0 0</i>
                <i>1 0 0 0 1 0 0 0 1 0 0 0</i>
                <i>1 0 0 0 1 0 0 0 1 0 0 0</i>
                <i>1 0 0 0 1 0 0 0 1 0 0 0</i>
                <i>1 0 0 0 1 0 0 0 1 0 0 0</i>
                <i>1 0 0 0 1 0 0 0 1 0 0 0</i>
                <i>1 0 0 0 1 0 0 0 1 0 0 0</i>
                <i>1 0 0 0 1 0 0 0 1 0 0 0</i>
                <i>1 0 0 0 1 0 0 0 1 0 0 0</i>
                <i>1 0 0 0 1 0 0 0 1 0 0 0</i>
                <i>1 0 0 0 1 0 0 0 1 0 0 0</i>
                <i>1 0 0 0 1 0 0 0 1 0 0 0</i>
                <i>1 0 0 0 1 0 0 0 1 0 0 0</i>
                <i>1 0 0 0 1 0 0 0 1 0 0 0</i>
            </KeyFrames>
        </RefFrame>
        <Bones count="4">
            <i>
                <p>
                    <Name>
                        <![CDATA[clock_root]]>
</Name>
                    <Exclude>0</Exclude>
                    <Additive>0</Additive>
                    <IKPriority>0</IKPriority>
                    <IKRotLimits>-1e+010 -1e+010 -1e+010 1e+010 1e+010 1e+010</IKRotLimits>
                    <IKRotLimitOrder>0</IKRotLimitOrder>
                    <KeyFrames count="270">
                        <i>1 0 0 0 1 0 0 0 1 0 1 0</i>
                        <i>1 0 0 0 1 0 0 0 1 0 1 0</i>
                        <i>1 0 0 0 1 0 0 0 1 0 1 0</i>
                        <i>1 0 0 0 1 0 0 0 1 0 1 0</i>
                        <i>1 0 0 0 1 0 0 0 1 0 1 0</i>
                        <i>1 0 0 0 1 0 0 0 1 0 1 0</i>
                        <i>1 0 0 0 1 0 0 0 1 0 1 0</i>
                        <i>1 0 0 0 1 0 0 0 1 0 1 0</i>
                        <i>1 0 0 0 1 0 0 0 1 0 1 0</i>
                        <i>1 0 0 0 1 0 0 0 1 0 1 0</i>
                        <i>1 0 0 0 1 0 0 0 1 0 1 0</i>
                        <i>1 0 0 0 1 0 0 0 1 0 1 0</i>
                        <i>1 0 0 0 1 0 0 0 1 0 1 0</i>
                        <i>1 0 0 0 1 0 0 0 1 0 1 0</i>
                        <i>1 0 0 0 1 0 0 0 1 0 1 0</i>
                        <i>1 0 0 0 1 0 0 0 1 0 1 0</i>
                        <i>1 0 0 0 1 0 0 0 1 0 1 0</i>
                        <i>1 0 0 0 1 0 0 0 1 0 1 0</i>
                        <i>1 0 0 0 1 0 0 0 1 0 1 0</i>
                        <i>1 0 0 0 1 0 0 0 1 0 1 0</i>
                        <i>1 0 0 0 1 0 0 0 1 0 1 0</i>
                        <i>1 0 0 0 1 0 0 0 1 0 1 0</i>
                        <i>1 0 0 0 1 0 0 0 1 0 1 0</i>
                        <i>1 0 0 0 1 0 0 0 1 0 1 0</i>
                        <i>1 0 0 0 1 0 0 0 1 0 1 0</i>
                        <i>1 0 0 0 1 0 0 0 1 0 1 0</i>
                        <i>1 0 0 0 1 0 0 0 1 0 1 0</i>
                        <i>1 0 0 0 1 0 0 0 1 0 1 0</i>
                        <i>1 0 0 0 1 0 0 0 1 0 1 0</i>
                        <i>1 0 0 0 1 0 0 0 1 0 1 0</i>
                        <i>1 0 0 0 1 0 0 0 1 0 1 0</i>
                        <i>1 0 0 0 1 0 0 0 1 0 1 0</i>
                        <i>1 0 0 0 1 0 0 0 1 0 1 0</i>
                        <i>1 0 0 0 1 0 0 0 1 0 1 0</i>
                        <i>1 0 0 0 1 0 0 0 1 0 1 0</i>
                        <i>1 0 0 0 1 0 0 0 1 0 1 0</i>
                        <i>1 0 0 0 1 0 0 0 1 0 1 0</i>
                        <i>1 0 0 0 1 0 0 0 1 0 1 0</i>
                        <i>1 0 0 0 1 0 0 0 1 0 1 0</i>
                        <i>1 0 0 0 1 0 0 0 1 0 1 0</i>
                        <i>1 0 0 0 1 0 0 0 1 0 1 0</i>
                        <i>1 0 0 0 1 0 0 0 1 0 1 0</i>
                        <i>1 0 0 0 1 0 0 0 1 0 1 0</i>
                        <i>1 0 0 0 1 0 0 0 1 0 1 0</i>
                        <i>1 0 0 0 1 0 0 0 1 0 1 0</i>
                        <i>1 0 0 0 1 0 0 0 1 0 1 0</i>
                        <i>1 0 0 0 1 0 0 0 1 0 1 0</i>
                        <i>1 0 0 0 1 0 0 0 1 0 1 0</i>
                        <i>1 0 0 0 1 0 0 0 1 0 1 0</i>
                        <i>1 0 0 0 1 0 0 0 1 0 1 0</i>
                        <i>1 0 0 0 1 0 0 0 1 0 1 0</i>
                        <i>1 0 0 0 1 0 0 0 1 0 1 0</i>
                        <i>1 0 0 0 1 0 0 0 1 0 1 0</i>
                        <i>1 0 0 0 1 0 0 0 1 0 1 0</i>
                        <i>1 0 0 0 1 0 0 0 1 0 1 0</i>
                        <i>1 0 0 0 1 0 0 0 1 0 1 0</i>
                        <i>1 0 0 0 1 0 0 0 1 0 1 0</i>
                        <i>1 0 0 0 1 0 0 0 1 0 1 0</i>
                        <i>1 0 0 0 1 0 0 0 1 0 1 0</i>
                        <i>1 0 0 0 1 0 0 0 1 0 1 0</i>
                        <i>1 0 0 0 1 0 0 0 1 0 1 0</i>
                        <i>1 0 0 0 1 0 0 0 1 0 1 0</i>
                        <i>1 0 0 0 1 0 0 0 1 0 1 0</i>
                        <i>1 0 0 0 1 0 0 0 1 0 1 0</i>
                        <i>1 0 0 0 1 0 0 0 1 0 1 0</i>
                        <i>1 0 0 0 1 0 0 0 1 0 1 0</i>
                        <i>1 0 0 0 1 0 0 0 1 0 1 0</i>
                        <i>1 0 0 0 1 0 0 0 1 0 1 0</i>
                        <i>1 0 0 0 1 0 0 0 1 0 1 0</i>
                        <i>1 0 0 0 1 0 0 0 1 0 1 0</i>
                        <i>1 0 0 0 1 0 0 0 1 0 1 0</i>
                        <i>1 0 0 0 1 0 0 0 1 0 1 0</i>
                        <i>1 0 0 0 1 0 0 0 1 0 1 0</i>
                        <i>1 0 0 0 1 0 0 0 1 0 1 0</i>
                        <i>1 0 0 0 1 0 0 0 1 0 1 0</i>
                        <i>1 0 0 0 1 0 0 0 1 0 1 0</i>
                        <i>1 0 0 0 1 0 0 0 1 0 1 0</i>
                        <i>1 0 0 0 1 0 0 0 1 0 1 0</i>
                        <i>1 0 0 0 1 0 0 0 1 0 1 0</i>
                        <i>1 0 0 0 1 0 0 0 1 0 1 0</i>
                        <i>1 0 0 0 1 0 0 0 1 0 1 0</i>
                        <i>1 0 0 0 1 0 0 0 1 0 1 0</i>
                        <i>1 0 0 0 1 0 0 0 1 0 1 0</i>
                        <i>1 0 0 0 1 0 0 0 1 0 1 0</i>
                        <i>1 0 0 0 1 0 0 0 1 0 1 0</i>
                        <i>1 0 0 0 1 0 0 0 1 0 1 0</i>
                        <i>1 0 0 0 1 0 0 0 1 0 1 0</i>
                        <i>1 0 0 0 1 0 0 0 1 0 1 0</i>
                        <i>1 0 0 0 1 0 0 0 1 0 1 0</i>
                        <i>1 0 0 0 1 0 0 0 1 0 1 0</i>
                        <i>1 0 0 0 1 0 0 0 1 0 1 0</i>
                        <i>1 0 0 0 1 0 0 0 1 0 1 0</i>
                        <i>1 0 0 0 1 0 0 0 1 0 1 0</i>
                        <i>1 0 0 0 1 0 0 0 1 0 1 0</i>
                        <i>1 0 0 0 1 0 0 0 1 0 1 0</i>
                        <i>1 0 0 0 1 0 0 0 1 0 1 0</i>
                        <i>1 0 0 0 1 0 0 0 1 0 1 0</i>
                        <i>1 0 0 0 1 0 0 0 1 0 1 0</i>
                        <i>1 0 0 0 1 0 0 0 1 0 1 0</i>
                        <i>1 0 0 0 1 0 0 0 1 0 1 0</i>
                        <i>1 0 0 0 1 0 0 0 1 0 1 0</i>
                        <i>1 0 0 0 1 0 0 0 1 0 1 0</i>
                        <i>1 0 0 0 1 0 0 0 1 0 1 0</i>
                        <i>1 0 0 0 1 0 0 0 1 0 1 0</i>
                        <i>1 0 0 0 1 0 0 0 1 0 1 0</i>
                        <i>1 0 0 0 1 0 0 0 1 0 1 0</i>
                        <i>1 0 0 0 1 0 0 0 1 0 1 0</i>
                        <i>1 0 0 0 1 0 0 0 1 0 1 0</i>
                        <i>1 0 0 0 1 0 0 0 1 0 1 0</i>
                        <i>1 0 0 0 1 0 0 0 1 0 1 0</i>
                        <i>1 0 0 0 1 0 0 0 1 0 1 0</i>
                        <i>1 0 0 0 1 0 0 0 1 0 1 0</i>
                        <i>1 0 0 0 1 0 0 0 1 0 1 0</i>
                        <i>1 0 0 0 1 0 0 0 1 0 1 0</i>
                        <i>1 0 0 0 1 0 0 0 1 0 1 0</i>
                        <i>1 0 0 0 1 0 0 0 1 0 1 0</i>
                        <i>1 0 0 0 1 0 0 0 1 0 1 0</i>
                        <i>1 0 0 0 1 0 0 0 1 0 1 0</i>
                        <i>1 0 0 0 1 0 0 0 1 0 1 0</i>
                        <i>1 0 0 0 1 0 0 0 1 0 1 0</i>
                        <i>1 0 0 0 1 0 0 0 1 0 1 0</i>
                        <i>1 0 0 0 1 0 0 0 1 0 1 0</i>
                        <i>1 0 0 0 1 0 0 0 1 0 1 0</i>
                        <i>1 0 0 0 1 0 0 0 1 0 1 0</i>
                        <i>1 0 0 0 1 0 0 0 1 0 1 0</i>
                        <i>1 0 0 0 1 0 0 0 1 0 1 0</i>
                        <i>1 0 0 0 1 0 0 0 1 0 1 0</i>
                        <i>1 0 0 0 1 0 0 0 1 0 1 0</i>
                        <i>1 0 0 0 1 0 0 0 1 0 1 0</i>
                        <i>1 0 0 0 1 0 0 0 1 0 1 0</i>
                        <i>1 0 0 0 1 0 0 0 1 0 1 0</i>
                        <i>1 0 0 0 1 0 0 0 1 0 1 0</i>
                        <i>1 0 0 0 1 0 0 0 1 0 1 0</i>
                        <i>1 0 0 0 1 0 0 0 1 0 1 0</i>
                        <i>1 0 0 0 1 0 0 0 1 0 1 0</i>
                        <i>1 0 0 0 1 0 0 0 1 0 1 0</i>
                        <i>1 0 0 0 1 0 0 0 1 0 1 0</i>
                        <i>1 0 0 0 1 0 0 0 1 0 1 0</i>
                        <i>1 0 0 0 1 0 0 0 1 0 1 0</i>
                        <i>1 0 0 0 1 0 0 0 1 0 1 0</i>
                        <i>1 0 0 0 1 0 0 0 1 0 1 0</i>
                        <i>1 0 0 0 1 0 0 0 1 0 1 0</i>
                        <i>1 0 0 0 1 0 0 0 1 0 1 0</i>
                        <i>1 0 0 0 1 0 0 0 1 0 1 0</i>
                        <i>1 0 0 0 1 0 0 0 1 0 1 0</i>
                        <i>1 0 0 0 1 0 0 0 1 0 1 0</i>
                        <i>1 0 0 0 1 0 0 0 1 0 1 0</i>
                        <i>1 0 0 0 1 0 0 0 1 0 1 0</i>
                        <i>1 0 0 0 1 0 0 0 1 0 1 0</i>
                        <i>1 0 0 0 1 0 0 0 1 0 1 0</i>
                        <i>1 0 0 0 1 0 0 0 1 0 1 0</i>
                        <i>1 0 0 0 1 0 0 0 1 0 1 0</i>
                        <i>1 0 0 0 1 0 0 0 1 0 1 0</i>
                        <i>1 0 0 0 1 0 0 0 1 0 1 0</i>
                        <i>1 0 0 0 1 0 0 0 1 0 1 0</i>
                        <i>1 0 0 0 1 0 0 0 1 0 1 0</i>
                        <i>1 0 0 0 1 0 0 0 1 0 1 0</i>
                        <i>1 0 0 0 1 0 0 0 1 0 1 0</i>
                        <i>1 0 0 0 1 0 0 0 1 0 1 0</i>
                        <i>1 0 0 0 1 0 0 0 1 0 1 0</i>
                        <i>1 0 0 0 1 0 0 0 1 0 1 0</i>
                        <i>1 0 0 0 1 0 0 0 1 0 1 0</i>
                        <i>1 0 0 0 1 0 0 0 1 0 1 0</i>
                        <i>1 0 0 0 1 0 0 0 1 0 1 0</i>
                        <i>1 0 0 0 1 0 0 0 1 0 1 0</i>
                        <i>1 0 0 0 1 0 0 0 1 0 1 0</i>
                        <i>1 0 0 0 1 0 0 0 1 0 1 0</i>
                        <i>1 0 0 0 1 0 0 0 1 0 1 0</i>
                        <i>1 0 0 0 1 0 0 0 1 0 1 0</i>
                        <i>1 0 0 0 1 0 0 0 1 0 1 0</i>
                        <i>1 0 0 0 1 0 0 0 1 0 1 0</i>
                        <i>1 0 0 0 1 0 0 0 1 0 1 0</i>
                        <i>1 0 0 0 1 0 0 0 1 0 1 0</i>
                        <i>1 0 0 0 1 0 0 0 1 0 1 0</i>
                        <i>1 0 0 0 1 0 0 0 1 0 1 0</i>
                        <i>1 0 0 0 1 0 0 0 1 0 1 0</i>
                        <i>1 0 0 0 1 0 0 0 1 0 1 0</i>
                        <i>1 0 0 0 1 0 0 0 1 0 1 0</i>
                        <i>1 0 0 0 1 0 0 0 1 0 1 0</i>
                        <i>1 0 0 0 1 0 0 0 1 0 1 0</i>
                        <i>1 0 0 0 1 0 0 0 1 0 1 0</i>
                        <i>1 0 0 0 1 0 0 0 1 0 1 0</i>
                        <i>1 0 0 0 1 0 0 0 1 0 1 0</i>
                        <i>1 0 0 0 1 0 0 0 1 0 1 0</i>
                        <i>1 0 0 0 1 0 0 0 1 0 1 0</i>
                        <i>1 0 0 0 1 0 0 0 1 0 1 0</i>
                        <i>1 0 0 0 1 0 0 0 1 0 1 0</i>
                        <i>1 0 0 0 1 0 0 0 1 0 1 0</i>
                        <i>1 0 0 0 1 0 0 0 1 0 1 0</i>
                        <i>1 0 0 0 1 0 0 0 1 0 1 0</i>
                        <i>1 0 0 0 1 0 0 0 1 0 1 0</i>
                        <i>1 0 0 0 1 0 0 0 1 0 1 0</i>
                        <i>1 0 0 0 1 0 0 0 1 0 1 0</i>
                        <i>1 0 0 0 1 0 0 0 1 0 1 0</i>
                        <i>1 0 0 0 1 0 0 0 1 0 1 0</i>
                        <i>1 0 0 0 1 0 0 0 1 0 1 0</i>
                        <i>1 0 0 0 1 0 0 0 1 0 1 0</i>
                        <i>1 0 0 0 1 0 0 0 1 0 1 0</i>
                        <i>1 0 0 0 1 0 0 0 1 0 1 0</i>
                        <i>1 0 0 0 1 0 0 0 1 0 1 0</i>
                        <i>1 0 0 0 1 0 0 0 1 0 1 0</i>
                        <i>1 0 0 0 1 0 0 0 1 0 1 0</i>
                        <i>1 0 0 0 1 0 0 0 1 0 1 0</i>
                        <i>1 0 0 0 1 0 0 0 1 0 1 0</i>
                        <i>1 0 0 0 1 0 0 0 1 0 1 0</i>
                        <i>1 0 0 0 1 0 0 0 1 0 1 0</i>
                        <i>1 0 0 0 1 0 0 0 1 0 1 0</i>
                        <i>1 0 0 0 1 0 0 0 1 0 1 0</i>
                        <i>1 0 0 0 1 0 0 0 1 0 1 0</i>
                        <i>1 0 0 0 1 0 0 0 1 0 1 0</i>
                        <i>1 0 0 0 1 0 0 0 1 0 1 0</i>
                        <i>1 0 0 0 1 0 0 0 1 0 1 0</i>
                        <i>1 0 0 0 1 0 0 0 1 0 1 0</i>
                        <i>1 0 0 0 1 0 0 0 1 0 1 0</i>
                        <i>1 0 0 0 1 0 0 0 1 0 1 0</i>
                        <i>1 0 0 0 1 0 0 0 1 0 1 0</i>
                        <i>1 0 0 0 1 0 0 0 1 0 1 0</i>
                        <i>1 0 0 0 1 0 0 0 1 0 1 0</i>
                        <i>1 0 0 0 1 0 0 0 1 0 1 0</i>
                        <i>1 0 0 0 1 0 0 0 1 0 1 0</i>
                        <i>1 0 0 0 1 0 0 0 1 0 1 0</i>
                        <i>1 0 0 0 1 0 0 0 1 0 1 0</i>
                        <i>1 0 0 0 1 0 0 0 1 0 1 0</i>
                        <i>1 0 0 0 1 0 0 0 1 0 1 0</i>
                        <i>1 0 0 0 1 0 0 0 1 0 1 0</i>
                        <i>1 0 0 0 1 0 0 0 1 0 1 0</i>
                        <i>1 0 0 0 1 0 0 0 1 0 1 0</i>
                        <i>1 0 0 0 1 0 0 0 1 0 1 0</i>
                        <i>1 0 0 0 1 0 0 0 1 0 1 0</i>
                        <i>1 0 0 0 1 0 0 0 1 0 1 0</i>
                        <i>1 0 0 0 1 0 0 0 1 0 1 0</i>
                        <i>1 0 0 0 1 0 0 0 1 0 1 0</i>
                        <i>1 0 0 0 1 0 0 0 1 0 1 0</i>
                        <i>1 0 0 0 1 0 0 0 1 0 1 0</i>
                        <i>1 0 0 0 1 0 0 0 1 0 1 0</i>
                        <i>1 0 0 0 1 0 0 0 1 0 1 0</i>
                        <i>1 0 0 0 1 0 0 0 1 0 1 0</i>
                        <i>1 0 0 0 1 0 0 0 1 0 1 0</i>
                        <i>1 0 0 0 1 0 0 0 1 0 1 0</i>
                        <i>1 0 0 0 1 0 0 0 1 0 1 0</i>
                        <i>1 0 0 0 1 0 0 0 1 0 1 0</i>
                        <i>1 0 0 0 1 0 0 0 1 0 1 0</i>
                        <i>1 0 0 0 1 0 0 0 1 0 1 0</i>
                        <i>1 0 0 0 1 0 0 0 1 0 1 0</i>
                        <i>1 0 0 0 1 0 0 0 1 0 1 0</i>
                        <i>1 0 0 0 1 0 0 0 1 0 1 0</i>
                        <i>1 0 0 0 1 0 0 0 1 0 1 0</i>
                        <i>1 0 0 0 1 0 0 0 1 0 1 0</i>
                        <i>1 0 0 0 1 0 0 0 1 0 1 0</i>
                        <i>1 0 0 0 1 0 0 0 1 0 1 0</i>
                        <i>1 0 0 0 1 0 0 0 1 0 1 0</i>
                        <i>1 0 0 0 1 0 0 0 1 0 1 0</i>
                        <i>1 0 0 0 1 0 0 0 1 0 1 0</i>
                        <i>1 0 0 0 1 0 0 0 1 0 1 0</i>
                        <i>1 0 0 0 1 0 0 0 1 0 1 0</i>
                        <i>1 0 0 0 1 0 0 0 1 0 1 0</i>
                        <i>1 0 0 0 1 0 0 0 1 0 1 0</i>
                        <i>1 0 0 0 1 0 0 0 1 0 1 0</i>
                        <i>1 0 0 0 1 0 0 0 1 0 1 0</i>
                        <i>1 0 0 0 1 0 0 0 1 0 1 0</i>
                        <i>1 0 0 0 1 0 0 0 1 0 1 0</i>
                        <i>1 0 0 0 1 0 0 0 1 0 1 0</i>
                        <i>1 0 0 0 1 0 0 0 1 0 1 0</i>
                        <i>1 0 0 0 1 0 0 0 1 0 1 0</i>
                        <i>1 0 0 0 1 0 0 0 1 0 1 0</i>
                        <i>1 0 0 0 1 0 0 0 1 0 1 0</i>
                        <i>1 0 0 0 1 0 0 0 1 0 1 0</i>
                        <i>1 0 0 0 1 0 0 0 1 0 1 0</i>
                        <i>1 0 0 0 1 0 0 0 1 0 1 0</i>
                        <i>1 0 0 0 1 0 0 0 1 0 1 0</i>
                    </KeyFrames>
                </p>
            </i>
            <i>
                <p>
                    <Name>
                        <![CDATA[second_hand]]>
</Name>
                    <Exclude>0</Exclude>
                    <Additive>0</Additive>
                    <IKPriority>0</IKPriority>
                    <IKRotLimits>-1e+010 -1e+010 -1e+010 1e+010 1e+010 1e+010</IKRotLimits>
                    <IKRotLimitOrder>0</IKRotLimitOrder>
                    <KeyFrames count="270">
                        <i>-1 0 1.22465e-016 0 1 0 -1.22465e-016 -0 -1 0 1.3644 0</i>
                        <i>-0.975482 -0 -0.22008 0 1 0 0.22008 0 -0.975482 0 1.3644 0</i>
                        <i>-0.903129 -0 -0.429369 0 1 0 0.429369 0 -0.903129 0 1.3644 0</i>
                        <i>-0.78649 -0 -0.617603 0 1 0 0.617603 0 -0.78649 0 1.3644 0</i>
                        <i>-0.631285 -0 -0.775551 0 1 0 0.775551 0 -0.631285 0 1.3644 0</i>
                        <i>-0.445123 -0 -0.895469 0 1 0 0.895469 0 -0.445123 0 1.3644 0</i>
                        <i>-0.237134 -0 -0.971477 0 1 0 0.971477 0 -0.237134 0 1.3644 0</i>
                        <i>-0.0175171 -0 -0.999847 0 1 0 0.999847 0 -0.0175171 0 1.3644 0</i>
                        <i>0.202959 0 -0.979187 0 1 0 0.979187 0 0.202959 0 1.3644 0</i>
                        <i>0.413483 0 -0.910512 0 1 0 0.910512 0 0.413483 0 1.3644 0</i>
                        <i>0.603731 0 -0.797188 0 1 0 0.797188 0 0.603731 0 1.3644 0</i>
                        <i>0.764374 0 -0.644773 0 1 0 0.644773 0 0.764374 0 1.3644 0</i>
                        <i>0.887535 0 -0.460741 0 1 0 0.460741 0 0.887535 0 1.3644 0</i>
                        <i>0.967174 0 -0.254115 0 1 0 0.254115 0 0.967174 0 1.3644 0</i>
                        <i>0.999386 0 -0.035029 0 1 0 0.035029 0 0.999386 0 1.3644 0</i>
                        <i>0.982592 0 0.185775 0 1 0 -0.185775 0 0.982592 0 1.3644 0</i>
                        <i>0.917615 0 0.39747 0 1 0 -0.39747 0 0.917615 0 1.3644 0</i>
                        <i>0.807642 0 0.589674 0 1 0 -0.589674 0 0.807642 0 1.3644 0</i>
                        <i>0.658064 0 0.752962 0 1 0 -0.752962 0 0.658064 0 1.3644 0</i>
                        <i>0.476217 0 0.879328 0 1 0 -0.879328 0 0.476217 0 1.3644 0</i>
                        <i>0.271019 0 0.962574 0 1 0 -0.962574 0 0.271019 0 1.3644 0</i>
                        <i>0.0525299 0 0.998619 0 1 0 -0.998619 0 0.0525299 0 1.3644 0</i>
                        <i>-0.168534 0 0.985696 0 1 0 -0.985696 0 -0.168534 0 1.3644 0</i>
                        <i>-0.381335 0 0.924437 0 1 0 -0.924437 0 -0.381335 0 1.3644 0</i>
                        <i>-0.575435 0 0.817847 0 1 0 -0.817847 0 -0.575435 0 1.3644 0</i>
                        <i>-0.741319 0 0.671153 0 1 0 -0.671153 0 -0.741319 0 1.3644 0</i>
                        <i>-0.870851 0 0.491548 0 1 0 -0.491548 0 -0.870851 0 1.3644 0</i>
                        <i>-0.957679 0 0.287839 0 1 0 -0.287839 0 -0.957679 0 1.3644 0</i>
                        <i>-0.997546 0 0.0700152 0 1 0 -0.0700152 0 -0.997546 0 1.3644 0</i>
                        <i>-0.988497 0 -0.151242 0 1 0 0.151242 0 -0.988497 0 1.3644 0</i>
                        <i>-0.930975 0 -0.365082 0 1 0 0.365082 0 -0.930975 0 1.3644 0</i>
                        <i>-0.827802 0 -0.561021 0 1 0 0.561021 0 -0.827802 0 1.3644 0</i>
                        <i>-0.684036 0 -0.729448 0 1 0 0.729448 0 -0.684036 0 1.3644 0</i>
                        <i>-0.506727 0 -0.862106 0 1 0 0.862106 0 -0.506727 0 1.3644 0</i>
                        <i>-0.304571 0 -0.95249 0 1 0 0.95249 0 -0.304571 0 1.3644 0</i>
                        <i>-0.0874782 0 -0.996166 0 1 0 0.996166 0 -0.0874782 0 1.3644 0</i>
                        <i>0.133903 0 -0.990994 0 1 0 0.990994 0 0.133903 0 1.3644 0</i>
                        <i>0.348718 0 -0.937228 0 1 0 0.937228 0 0.348718 0 1.3644 0</i>
                        <i>0.546434 0 -0.837502 0 1 0 0.837502 0 0.546434 0 1.3644 0</i>
                        <i>0.717354 0 -0.696709 0 1 0 0.696709 0 0.717354 0 1.3644 0</i>
                        <i>0.853098 0 -0.521751 0 1 0 0.521751 0 0.853098 0 1.3644 0</i>
                        <i>0.947008 0 -0.321209 0 1 0 0.321209 0 0.947008 0 1.3644 0</i>
                        <i>0.994481 0 -0.104916 0 1 0 0.104916 0 0.994481 0 1.3644 0</i>
                        <i>0.993188 0 0.116523 0 1 0 -0.116523 0 0.993188 0 1.3644 0</i>
                        <i>0.943192 0 0.332247 0 1 0 -0.332247 0 0.943192 0 1.3644 0</i>
                        <i>0.846946 0 0.531679 0 1 0 -0.531679 0 0.846946 0 1.3644 0</i>
                        <i>0.709168 0 0.70504 0 1 0 -0.70504 0 0.709168 0 1.3644 0</i>
                        <i>0.536615 0 0.843827 0 1 0 -0.843827 0 0.536615 0 1.3644 0</i>
                        <i>0.337748 0 0.941236 0 1 0 -0.941236 0 0.337748 0 1.3644 0</i>
                        <i>0.12232 0 0.992491 0 1 0 -0.992491 0 0.12232 0 1.3644 0</i>
                        <i>-0.0991075 0 0.995077 0 1 0 -0.995077 -0 -0.0991075 0 1.3644 0</i>
                        <i>-0.315674 0 0.948868 0 1 0 -0.948868 -0 -0.315674 0 1.3644 0</i>
                        <i>-0.516761 0 0.856129 0 1 0 -0.856129 -0 -0.516761 0 1.3644 0</i>
                        <i>-0.692508 0 0.72141 0 1 0 -0.72141 -0 -0.692508 0 1.3644 0</i>
                        <i>-0.834298 0 0.551314 0 1 0 -0.551314 -0 -0.834298 0 1.3644 0</i>
                        <i>-0.935176 0 0.354184 0 1 0 -0.354184 -0 -0.935176 0 1.3644 0</i>
                        <i>-0.990196 0 0.139687 0 1 0 -0.139687 -0 -0.990196 0 1.3644 0</i>
                        <i>-0.99666 -0 -0.0816605 0 1 0 0.0816605 0 -0.99666 0 1.3644 0</i>
                        <i>-0.954252 -0 -0.299004 0 1 0 0.299004 0 -0.954252 0 1.3644 0</i>
                        <i>-0.86505 -0 -0.501685 0 1 0 0.501685 0 -0.86505 0 1.3644 0</i>
                        <i>-0.73343 -0 -0.679765 0 1 0 0.679765 0 -0.73343 0 1.3644 0</i>
                        <i>-0.565845 -0 -0.824512 0 1 0 0.824512 0 -0.565845 0 1.3644 0</i>
                        <i>-0.370512 -0 -0.928828 0 1 0 0.928828 0 -0.370512 0 1.3644 0</i>
                        <i>-0.15701 -0 -0.987597 0 1 0 0.987597 0 -0.15701 0 1.3644 0</i>
                        <i>0.0641901 0 -0.997938 0 1 0 0.997938 0 0.0641901 0 1.3644 0</i>
                        <i>0.282243 0 -0.959343 0 1 0 0.959343 0 0.282243 0 1.3644 0</i>
                        <i>0.486455 0 -0.873706 0 1 0 0.873706 0 0.486455 0 1.3644 0</i>
                        <i>0.666813 0 -0.745225 0 1 0 0.745225 0 0.666813 0 1.3644 0</i>
                        <i>0.814473 0 -0.580201 0 1 0 0.580201 0 0.814473 0 1.3644 0</i>
                        <i>0.922195 0 -0.386726 0 1 0 0.386726 0 0.922195 0 1.3644 0</i>
                        <i>0.984695 0 -0.174287 0 1 0 0.174287 0 0.984695 0 1.3644 0</i>
                        <i>0.998909 0 0.0466992 0 1 0 -0.0466992 0 0.998909 0 1.3644 0</i>
                        <i>0.96414 0 0.265394 0 1 0 -0.265394 0 0.96414 0 1.3644 0</i>
                        <i>0.882093 0 0.471075 0 1 0 -0.471075 0 0.882093 0 1.3644 0</i>
                        <i>0.756791 0 0.653657 0 1 0 -0.653657 0 0.756791 0 1.3644 0</i>
                        <i>0.594379 0 0.804185 0 1 0 -0.804185 0 0.594379 0 1.3644 0</i>
                        <i>0.402821 0 0.915279 0 1 0 -0.915279 0 0.402821 0 1.3644 0</i>
                        <i>0.19151 0 0.981491 0 1 0 -0.981491 0 0.19151 0 1.3644 0</i>
                        <i>-0.029194 0 0.999574 0 1 0 -0.999574 0 -0.029194 0 1.3644 0</i>
                        <i>-0.248465 0 0.968641 0 1 0 -0.968641 0 -0.248465 0 1.3644 0</i>
                        <i>-0.455551 0 0.890209 0 1 0 -0.890209 0 -0.455551 0 1.3644 0</i>
                        <i>-0.640299 0 0.768125 0 1 0 -0.768125 0 -0.640299 0 1.3644 0</i>
                        <i>-0.79365 0 0.608375 0 1 0 -0.608375 0 -0.79365 0 1.3644 0</i>
                        <i>-0.908082 0 0.418792 0 1 0 -0.418792 0 -0.908082 0 1.3644 0</i>
                        <i>-0.977985 0 0.208673 0 1 0 -0.208673 0 -0.977985 0 1.3644 0</i>
                        <i>-0.999932 0 -0.0116782 0 1 0 0.0116782 0 -0.999932 0 1.3644 0</i>
                        <i>-0.972845 0 -0.231459 0 1 0 0.231459 0 -0.972845 0 1.3644 0</i>
                        <i>-0.898053 0 -0.439887 0 1 0 0.439887 0 -0.898053 0 1.3644 0</i>
                        <i>-0.779224 0 -0.626746 0 1 0 0.626746 0 -0.779224 0 1.3644 0</i>
                        <i>-0.622184 0 -0.782871 0 1 0 0.782871 0 -0.622184 0 1.3644 0</i>
                        <i>-0.434635 0 -0.900607 0 1 0 0.900607 0 -0.434635 0 1.3644 0</i>
                        <i>-0.225773 0 -0.97418 0 1 0 0.97418 0 -0.225773 0 1.3644 0</i>
                        <i>-0.00583966 0 -0.999983 0 1 0 0.999983 0 -0.00583966 0 1.3644 0</i>
                        <i>0.214382 0 -0.97675 0 1 0 0.97675 0 0.214382 0 1.3644 0</i>
                        <i>0.424089 0 -0.905621 0 1 0 0.905621 0 0.424089 0 1.3644 0</i>
                        <i>0.613 0 -0.790083 0 1 0 0.790083 0 0.613 0 1.3644 0</i>
                        <i>0.771852 0 -0.635803 0 1 0 0.635803 0 0.771852 0 1.3644 0</i>
                        <i>0.892855 0 -0.450344 0 1 0 0.450344 0 0.892855 0 1.3644 0</i>
                        <i>0.970076 0 -0.242803 0 1 0 0.242803 0 0.970076 0 1.3644 0</i>
                        <i>0.999727 0 -0.0233557 0 1 0 0.0233557 0 0.999727 0 1.3644 0</i>
                        <i>0.980356 0 0.197237 0 1 0 -0.197237 0 0.980356 0 1.3644 0</i>
                        <i>0.912911 0 0.40816 0 1 0 -0.40816 0 0.912911 0 1.3644 0</i>
                        <i>0.8007 0 0.599066 0 1 0 -0.599066 0 0.8007 0 1.3644 0</i>
                        <i>0.649226 0 0.760596 0 1 0 -0.760596 0 0.649226 0 1.3644 0</i>
                        <i>0.465916 0 0.884829 0 1 0 -0.884829 0 0.465916 0 1.3644 0</i>
                        <i>0.259759 0 0.965674 0 1 0 -0.965674 0 0.259759 0 1.3644 0</i>
                        <i>0.0408645 0 0.999165 0 1 0 -0.999165 0 0.0408645 0 1.3644 0</i>
                        <i>-0.180034 0 0.98366 0 1 0 -0.98366 -0 -0.180034 0 1.3644 0</i>
                        <i>-0.392105 0 0.91992 0 1 0 -0.91992 -0 -0.392105 0 1.3644 0</i>
                        <i>-0.584948 0 0.811071 0 1 0 -0.811071 -0 -0.584948 0 1.3644 0</i>
                        <i>-0.749107 0 0.66245 0 1 0 -0.66245 -0 -0.749107 0 1.3644 0</i>
                        <i>-0.876532 0 0.481344 0 1 0 -0.481344 -0 -0.876532 0 1.3644 0</i>
                        <i>-0.960975 0 0.276635 0 1 0 -0.276635 -0 -0.960975 0 1.3644 0</i>
                        <i>-0.998296 0 0.0583609 0 1 0 -0.0583609 -0 -0.998296 0 1.3644 0</i>
                        <i>-0.986663 -0 -0.162775 0 1 0 0.162775 0 -0.986663 0 1.3644 0</i>
                        <i>-0.926648 -0 -0.375929 0 1 0 0.375929 0 -0.926648 0 1.3644 0</i>
                        <i>-0.821193 -0 -0.57065 0 1 0 0.57065 0 -0.821193 0 1.3644 0</i>
                        <i>-0.67547 -0 -0.737387 0 1 0 0.737387 0 -0.67547 0 1.3644 0</i>
                        <i>-0.496625 -0 -0.867965 0 1 0 0.867965 0 -0.496625 0 1.3644 0</i>
