<?xml version="1.0" encoding="ISO-8859-1" ?>
<Animl Version="1">
    <ModellingPackage>
        <![CDATA[Maya.2010]]>
</ModellingPackage>
    <SrcFile>
        <![CDATA[anims\characters\allied\australian\~src\machineguns\lvl1\machinegun_lvl1_fire_soldiers.mb]]>
</SrcFile>
    <FramesPerSecond>30</FramesPerSecond>
    <TotalFrames>22</TotalFrames>
    <Skeleton>
        <RefFrame>
            <Name>
                <![CDATA[mg_aus_lvl1_ref_frame]]>
</Name>
            <Exclude>1</Exclude>
            <Additive>0</Additive>
            <KeyFrames count="22">
                <i>1 0 0 0 1 0 0 0 1 0 0 0</i>
                <i>1 0 0 0 1 0 0 0 1 0 0 0</i>
                <i>1 0 0 0 1 0 0 0 1 0 0 0</i>
                <i>1 0 0 0 1 0 0 0 1 0 0 0</i>
                <i>1 0 0 0 1 0 0 0 1 0 0 0</i>
                <i>1 0 0 0 1 0 0 0 1 0 0 0</i>
                <i>1 0 0 0 1 0 0 0 1 0 0 0</i>
                <i>1 0 0 0 1 0 0 0 1 0 0 0</i>
                <i>1 0 0 0 1 0 0 0 1 0 0 0</i>
                <i>1 0 0 0 1 0 0 0 1 0 0 0</i>
                <i>1 0 0 0 1 0 0 0 1 0 0 0</i>
                <i>1 0 0 0 1 0 0 0 1 0 0 0</i>
                <i>1 0 0 0 1 0 0 0 1 0 0 0</i>
                <i>1 0 0 0 1 0 0 0 1 0 0 0</i>
                <i>1 0 0 0 1 0 0 0 1 0 0 0</i>
                <i>1 0 0 0 1 0 0 0 1 0 0 0</i>
                <i>1 0 0 0 1 0 0 0 1 0 0 0</i>
                <i>1 0 0 0 1 0 0 0 1 0 0 0</i>
                <i>1 0 0 0 1 0 0 0 1 0 0 0</i>
                <i>1 0 0 0 1 0 0 0 1 0 0 0</i>
                <i>1 0 0 0 1 0 0 0 1 0 0 0</i>
                <i>1 0 0 0 1 0 0 0 1 0 0 0</i>
            </KeyFrames>
        </RefFrame>
        <Bones count="5">
            <i>
                <p>
                    <Name>
                        <![CDATA[root]]>
</Name>
                    <Exclude>1</Exclude>
                    <Additive>0</Additive>
                    <KeyFrames count="22">
                        <i>2.22045e-016 1 0 -1 2.22045e-016 0 0 0 1 0 0 0</i>
                        <i>2.22045e-016 1 0 -1 2.22045e-016 0 0 0 1 0 0 0</i>
                        <i>2.22045e-016 1 0 -1 2.22045e-016 0 0 0 1 0 0 0</i>
                        <i>2.22045e-016 1 0 -1 2.22045e-016 0 0 0 1 0 0 0</i>
                        <i>2.22045e-016 1 0 -1 2.22045e-016 0 0 0 1 0 0 0</i>
                        <i>2.22045e-016 1 0 -1 2.22045e-016 0 0 0 1 0 0 0</i>
                        <i>2.22045e-016 1 0 -1 2.22045e-016 0 0 0 1 0 0 0</i>
                        <i>2.22045e-016 1 0 -1 2.22045e-016 0 0 0 1 0 0 0</i>
                        <i>2.22045e-016 1 0 -1 2.22045e-016 0 0 0 1 0 0 0</i>
                        <i>2.22045e-016 1 0 -1 2.22045e-016 0 0 0 1 0 0 0</i>
                        <i>2.22045e-016 1 0 -1 2.22045e-016 0 0 0 1 0 0 0</i>
                        <i>2.22045e-016 1 0 -1 2.22045e-016 0 0 0 1 0 0 0</i>
                        <i>2.22045e-016 1 0 -1 2.22045e-016 0 0 0 1 0 0 0</i>
                        <i>2.22045e-016 1 0 -1 2.22045e-016 0 0 0 1 0 0 0</i>
                        <i>2.22045e-016 1 0 -1 2.22045e-016 0 0 0 1 0 0 0</i>
                        <i>2.22045e-016 1 0 -1 2.22045e-016 0 0 0 1 0 0 0</i>
                        <i>2.22045e-016 1 0 -1 2.22045e-016 0 0 0 1 0 0 0</i>
                        <i>2.22045e-016 1 0 -1 2.22045e-016 0 0 0 1 0 0 0</i>
                        <i>2.22045e-016 1 0 -1 2.22045e-016 0 0 0 1 0 0 0</i>
                        <i>2.22045e-016 1 0 -1 2.22045e-016 0 0 0 1 0 0 0</i>
                        <i>2.22045e-016 1 0 -1 2.22045e-016 0 0 0 1 0 0 0</i>
                        <i>2.22045e-016 1 0 -1 2.22045e-016 0 0 0 1 0 0 0</i>
                    </KeyFrames>
                </p>
            </i>
            <i>
                <p>
                    <Name>
                        <![CDATA[gun_yaw]]>
</Name>
                    <Exclude>0</Exclude>
                    <Additive>1</Additive>
                    <KeyFrames count="22">
                        <i>0.00533598 0.999986 -0.000112473 -0.999971 0.00533528 -0.00546561 -0.00546494 0.000141634 0.999985 0 1.01304 0.519733</i>
                        <i>0.00259736 0.999793 -0.0201829 -0.999991 0.00266141 0.00314718 0.00320024 0.0201745 0.999791 0 1.01396 0.519733</i>
                        <i>-0.0103774 0.999707 0.0218882 -0.999946 -0.0103789 -4.52951e-005 0.000181893 -0.0218874 0.99976 0 1.01654 0.519733</i>
                        <i>-0.000591098 0.999959 -0.0090561 -0.999999 -0.000576578 0.00160586 0.00160057 0.00905703 0.999958 0 1.01364 0.519733</i>
                        <i>0.0196573 0.999705 -0.0142589 -0.999806 0.0196369 -0.00156563 -0.00128517 0.0142869 0.999897 0 1.01219 0.519733</i>
                        <i>-0.00769586 0.999781 -0.0194613 -0.99997 -0.00769873 -7.26674e-005 -0.000222478 0.0194601 0.999811 0 1.01587 0.519733</i>
                        <i>-0.00662907 0.999746 0.0215266 -0.999977 -0.00665589 0.00117435 0.00131733 -0.0215183 0.999768 0 1.01306 0.519733</i>
                        <i>-0.00440753 0.999971 -0.00621327 -0.999984 -0.00438529 0.0035885 0.00356115 0.00622899 0.999974 0 1.01127 0.519733</i>
                        <i>-6.04333e-005 0.999681 0.0252741 -1 -3.76712e-005 -0.000901085 -0.000899845 -0.0252741 0.99968 0 1.012 0.519733</i>
                        <i>0.0182284 0.999608 0.021266 -0.999829 0.0182924 -0.00281648 -0.00320438 -0.021211 0.99977 0 1.01711 0.519733</i>
                        <i>0.0109071 0.999792 0.0172577 -0.999937 0.0109499 -0.00238728 -0.00257576 -0.0172306 0.999848 0 1.0111 0.519733</i>
                        <i>-0.0056026 0.999812 -0.0185803 -0.999983 -0.00563504 -0.00169403 -0.00179841 0.0185705 0.999826 0 1.01147 0.519733</i>
                        <i>-0.0114607 0.999618 0.0251499 -0.999934 -0.0114814 0.000680871 0.000969367 -0.0251404 0.999683 0 1.01372 0.519733</i>
                        <i>0.00488356 0.999928 -0.0109582 -0.999987 0.00486998 -0.00126608 -0.00121262 0.0109643 0.999939 0 1.00938 0.519733</i>
                        <i>0.00256806 0.99989 0.0145982 -0.999995 0.00259387 -0.0017492 -0.00178687 -0.0145936 0.999892 0 1.00461 0.519733</i>
                        <i>-0.0139432 0.999826 -0.0123949 -0.999891 -0.0140013 -0.00461325 -0.004786 0.0123292 0.999913 0 1.00933 0.519733</i>
                        <i>-0.0080398 0.999871 0.0138934 -0.999968 -0.00803141 -0.000659412 -0.000547743 -0.0138983 0.999903 0 1.01214 0.519733</i>
                        <i>0.0106196 0.999922 -0.00652123 -0.999943 0.0106232 0.000511092 0.000580328 0.00651543 0.999979 0 1.01451 0.519733</i>
                        <i>0.00417389 0.99979 0.0200595 -0.999991 0.00417878 -0.000201598 -0.00028538 -0.0200585 0.999799 0 1.01219 0.519733</i>
                        <i>-0.00223074 0.999989 -0.00412738 -0.999993 -0.00221838 0.00299609 0.0029869 0.00413404 0.999987 0 1.01509 0.519733</i>
                        <i>-0.0121849 0.999839 0.0131583 -0.999925 -0.0122021 0.00122599 0.00138635 -0.0131424 0.999913 0 1.01348 0.519733</i>
                        <i>0.00990852 0.999951 -0.000112474 -0.999948 0.00990877 0.00250202 0.00250301 8.76773e-005 0.999997 0 1.01078 0.519733</i>
                    </KeyFrames>
                </p>
            </i>
            <i>
                <p>
                    <Name>
                        <![CDATA[gun_pitch]]>
</Name>
                    <Exclude>1</Exclude>
                    <Additive>0</Additive>
                    <KeyFrames count="22">
                        <i>0.999971 -0.00533528 0.00546561 0.00533598 0.999986 -0.000112473 -0.00546494 0.000141634 0.999985 0.00051115 1.10883 0.519722</i>
                        <i>0.999991 -0.00266141 -0.00314718 0.00259736 0.999793 -0.0201829 0.00320024 0.0201745 0.999791 0.00024881 1.10973 0.5178</i>
                        <i>0.999946 0.0103789 4.52951e-005 -0.0103774 0.999707 0.0218882 0.000181893 -0.0218874 0.99976 -0.000994082 1.1123 0.52183</i>
                        <i>0.999999 0.000576578 -0.00160586 -0.000591098 0.999959 -0.0090561 0.00160057 0.00905703 0.999958 -5.66231e-005 1.10943 0.518866</i>
                        <i>0.999806 -0.0196369 0.00156563 0.0196573 0.999705 -0.0142589 -0.00128517 0.0142869 0.999897 0.00188303 1.10796 0.518367</i>
                        <i>0.99997 0.00769873 7.26674e-005 -0.00769586 0.999781 -0.0194613 -0.000222478 0.0194601 0.999811 -0.000737211 1.11164 0.517869</i>
                        <i>0.999977 0.00665589 -0.00117435 -0.00662907 0.999746 0.0215266 0.00131733 -0.0215183 0.999768 -0.00063502 1.10883 0.521795</i>
                        <i>0.999984 0.00438529 -0.0035885 -0.00440753 0.999971 -0.00621327 0.00356115 0.00622899 0.999974 -0.000422212 1.10706 0.519138</i>
                        <i>1 3.76712e-005 0.000901085 -6.04333e-005 0.999681 0.0252741 -0.000899845 -0.0252741 0.99968 -5.7891e-006 1.10776 0.522154</i>
                        <i>0.999829 -0.0182924 0.00281648 0.0182284 0.999608 0.021266 -0.00320438 -0.021211 0.99977 0.00174616 1.11287 0.52177</i>
                        <i>0.999937 -0.0109499 0.00238728 0.0109071 0.999792 0.0172577 -0.00257576 -0.0172306 0.999848 0.00104483 1.10687 0.521386</i>
                        <i>0.999983 0.00563504 0.00169403 -0.0056026 0.999812 -0.0185803 -0.00179841 0.0185705 0.999826 -0.000536691 1.10724 0.517953</i>
                        <i>0.999934 0.0114814 -0.000680871 -0.0114607 0.999618 0.0251499 0.000969367 -0.0251404 0.999683 -0.00109785 1.10948 0.522142</i>
                        <i>0.999987 -0.00486998 0.00126608 0.00488356 0.999928 -0.0109582 -0.00121262 0.0109643 0.999939 0.000467812 1.10516 0.518683</i>
                        <i>0.999995 -0.00259387 0.0017492 0.00256806 0.99989 0.0145982 -0.00178687 -0.0145936 0.999892 0.000246003 1.1004 0.521132</i>
                        <i>0.999891 0.0140013 0.00461325 -0.0139432 0.999826 -0.0123949 -0.004786 0.0123292 0.999913 -0.00133566 1.10511 0.518546</i>
                        <i>0.999968 0.00803141 0.000659412 -0.0080398 0.999871 0.0138934 -0.000547743 -0.0138983 0.999903 -0.000770158 1.10792 0.521064</i>
                        <i>0.999943 -0.0106232 -0.000511092 0.0106196 0.999922 -0.00652123 0.000580328 0.00651543 0.999979 0.00101729 1.1103 0.519108</i>
                        <i>0.999991 -0.00417878 0.000201598 0.00417389 0.99979 0.0200595 -0.00028538 -0.0200585 0.999799 0.000399831 1.10797 0.521655</i>
                        <i>0.999993 0.00221838 -0.00299609 -0.00223074 0.999989 -0.00412738 0.0029869 0.00413404 0.999987 -0.00021369 1.11088 0.519338</i>
                        <i>0.999925 0.0122021 -0.00122599 -0.0121849 0.999839 0.0131583 0.00138635 -0.0131424 0.999913 -0.00116723 1.10926 0.520994</i>
                        <i>0.999948 -0.00990877 -0.00250202 0.00990852 0.999951 -0.000112474 0.00250301 8.76773e-005 0.999997 0.000949168 1.10657 0.519722</i>
                    </KeyFrames>
                </p>
            </i>
            <i>
                <p>
                    <Name>
                        <![CDATA[ammo_1]]>
</Name>
                    <Exclude>0</Exclude>
                    <Additive>1</Additive>
                    <KeyFrames count="22">
                        <i>0.999213 0.0176152 0.0355354 -0.0167819 0.99958 -0.0236147 -0.0359365 0.0229998 0.999089 0.0117458 1.76736 -0.892899</i>
                        <i>0.996756 0.0760063 -0.0264616 -0.0770085 0.99626 -0.0391763 0.023385 0.041087 0.998882 -0.00253136 1.75116 -0.907997</i>
                        <i>0.999591 0.0283547 -0.00365429 -0.0282514 0.999269 0.025759 0.00438201 -0.0256453 0.999662 -0.00814046 1.80692 -0.875869</i>
                        <i>0.994016 0.0834079 -0.0705304 -0.0826734 0.996488 0.0132747 0.0713899 -0.00736429 0.997421 -0.00272328 1.78302 -0.899859</i>
                        <i>0.998563 -0.0415961 0.0337804 0.0420157 0.999047 -0.0118078 -0.033257 0.0132102 0.99936 0.0168622 1.75725 -0.903604</i>
                        <i>0.999353 0.0337069 -0.0125459 -0.0337424 0.999427 -0.00263193 0.01245 0.00305356 0.999918 -0.00546845 1.73962 -0.907191</i>
                        <i>0.99889 0.0392746 0.0260225 -0.0394471 0.999203 0.00614677 -0.0257604 -0.00716645 0.999642 -0.00691519 1.80572 -0.876094</i>
                        <i>0.999664 0.0178587 0.018801 -0.0187271 0.998716 0.0470702 -0.0179362 -0.0474064 0.998715 -0.00843328 1.77451 -0.897596</i>
                        <i>0.998829 0.0326748 0.0356831 -0.0332163 0.99934 0.0146905 -0.0351795 -0.0158586 0.999255 0.00122637 1.78752 -0.873679</i>
                        <i>0.99749 -0.0406011 -0.0580067 0.0426826 0.998472 0.0351072 0.0564926 -0.037495 0.997699 0.0184251 1.80925 -0.876295</i>
                        <i>0.996913 0.0752627 0.0223597 -0.0756256 0.99701 0.0158565 -0.0210994 -0.0174985 0.999624 0.0119644 1.79863 -0.879447</i>
                        <i>0.999341 0.0349627 -0.00976942 -0.035261 0.998858 -0.0322427 0.00863097 0.0325659 0.999432 -0.00169481 1.74103 -0.906635</i>
                        <i>0.996574 0.0823798 0.00734097 -0.0824626 0.996524 0.0118034 -0.00634309 -0.0123683 0.999903 -0.0103038 1.82851 -0.872782</i>
                        <i>0.99721 0.0498228 0.055591 -0.0494131 0.99874 -0.00872009 -0.0559555 0.00594883 0.998416 0.00556872 1.78338 -0.901401</i>
                        <i>0.997824 -0.0656105 0.00646093 0.0656182 0.997844 -0.000992756 -0.00638187 0.00141455 0.999979 0.00451682 1.80111 -0.881355</i>
                        <i>0.998462 0.0479122 -0.027888 -0.0485953 0.998522 -0.0243553 0.0266798 0.0256731 0.999314 -0.00390481 1.7567 -0.902193</i>
                        <i>0.998931 0.0454038 -0.0086917 -0.045444 0.998957 -0.00448087 0.00847919 0.00487107 0.999952 -0.00524069 1.77976 -0.882305</i>
                        <i>0.996353 0.0754399 0.0398675 -0.0752252 0.997143 -0.00685859 -0.040271 0.00383454 0.999181 0.00717622 1.75819 -0.897715</i>
                        <i>0.993252 0.0782789 0.085577 -0.0794625 0.996782 0.0105075 -0.0844792 -0.0172368 0.996276 0.00366774 1.82252 -0.876861</i>
                        <i>0.997499 0.0648711 0.0280525 -0.0648012 0.997892 -0.00339204 -0.0282134 0.00156572 0.999601 -0.00597421 1.79598 -0.896064</i>
                        <i>0.996964 0.0778519 -0.00111042 -0.0778557 0.996957 -0.00389733 0.000803628 0.00397195 0.999992 -0.0112519 1.79464 -0.882676</i>
                        <i>0.997389 0.0368934 -0.0620771 -0.0363807 0.999294 0.00936982 0.062379 -0.00708695 0.998027 0.00421001 1.79234 -0.892918</i>
                    </KeyFrames>
                </p>
            </i>
            <i>
                <p>
                    <Name>
                        <![CDATA[gun_crosshair_stay]]>
</Name>
                    <Exclude>1</Exclude>
                    <Additive>0</Additive>
                    <KeyFrames count="22">
                        <i>2.22045e-016 1 0 -1 2.22045e-016 0 0 0 1 0 1.10261 0.519733</i>
                        <i>2.22045e-016 1 0 -1 2.22045e-016 0 0 0 1 0 1.10261 0.519733</i>
                        <i>2.22045e-016 1 0 -1 2.22045e-016 0 0 0 1 0 1.10261 0.519733</i>
                        <i>2.22045e-016 1 0 -1 2.22045e-016 0 0 0 1 0 1.10261 0.519733</i>
                        <i>2.22045e-016 1 0 -1 2.22045e-016 0 0 0 1 0 1.10261 0.519733</i>
                        <i>2.22045e-016 1 0 -1 2.22045e-016 0 0 0 1 0 1.10261 0.519733</i>
                        <i>2.22045e-016 1 0 -1 2.22045e-016 0 0 0 1 0 1.10261 0.519733</i>
                        <i>2.22045e-016 1 0 -1 2.22045e-016 0 0 0 1 0 1.10261 0.519733</i>
                        <i>2.22045e-016 1 0 -1 2.22045e-016 0 0 0 1 0 1.10261 0.519733</i>
                        <i>2.22045e-016 1 0 -1 2.22045e-016 0 0 0 1 0 1.10261 0.519733</i>
                        <i>2.22045e-016 1 0 -1 2.22045e-016 0 0 0 1 0 1.10261 0.519733</i>
                        <i>2.22045e-016 1 0 -1 2.22045e-016 0 0 0 1 0 1.10261 0.519733</i>
                        <i>2.22045e-016 1 0 -1 2.22045e-016 0 0 0 1 0 1.10261 0.519733</i>
                        <i>2.22045e-016 1 0 -1 2.22045e-016 0 0 0 1 0 1.10261 0.519733</i>
                        <i>2.22045e-016 1 0 -1 2.22045e-016 0 0 0 1 0 1.10261 0.519733</i>
                        <i>2.22045e-016 1 0 -1 2.22045e-016 0 0 0 1 0 1.10261 0.519733</i>
                        <i>2.22045e-016 1 0 -1 2.22045e-016 0 0 0 1 0 1.10261 0.519733</i>
                        <i>2.22045e-016 1 0 -1 2.22045e-016 0 0 0 1 0 1.10261 0.519733</i>
                        <i>2.22045e-016 1 0 -1 2.22045e-016 0 0 0 1 0 1.10261 0.519733</i>
                        <i>2.22045e-016 1 0 -1 2.22045e-016 0 0 0 1 0 1.10261 0.519733</i>
                        <i>2.22045e-016 1 0 -1 2.22045e-016 0 0 0 1 0 1.10261 0.519733</i>
                        <i>2.22045e-016 1 0 -1 2.22045e-016 0 0 0 1 0 1.10261 0.519733</i>
                    </KeyFrames>
                </p>
            </i>
        </Bones>
    </Skeleton>
</Animl>
