<?xml version="1.0" encoding="ISO-8859-1" ?>
<Animl Version="1">
    <ModellingPackage>
        <![CDATA[Maya.2010]]>
</ModellingPackage>
    <SrcFile>
        <![CDATA[anims\characters\allied\australian\~src\machineguns\lvl1\machinegun_lvl1_sweep_low_soldiers.mb]]>
</SrcFile>
    <FramesPerSecond>30</FramesPerSecond>
    <TotalFrames>121</TotalFrames>
    <Skeleton>
        <RefFrame>
            <Name>
                <![CDATA[mg_aus_lvl1_ref_frame]]>
</Name>
            <Exclude>1</Exclude>
            <Additive>0</Additive>
            <KeyFrames count="121">
                <i>1 0 0 0 1 0 0 0 1 0 0 0</i>
                <i>1 0 0 0 1 0 0 0 1 0 0 0</i>
                <i>1 0 0 0 1 0 0 0 1 0 0 0</i>
                <i>1 0 0 0 1 0 0 0 1 0 0 0</i>
                <i>1 0 0 0 1 0 0 0 1 0 0 0</i>
                <i>1 0 0 0 1 0 0 0 1 0 0 0</i>
                <i>1 0 0 0 1 0 0 0 1 0 0 0</i>
                <i>1 0 0 0 1 0 0 0 1 0 0 0</i>
                <i>1 0 0 0 1 0 0 0 1 0 0 0</i>
                <i>1 0 0 0 1 0 0 0 1 0 0 0</i>
                <i>1 0 0 0 1 0 0 0 1 0 0 0</i>
                <i>1 0 0 0 1 0 0 0 1 0 0 0</i>
                <i>1 0 0 0 1 0 0 0 1 0 0 0</i>
                <i>1 0 0 0 1 0 0 0 1 0 0 0</i>
                <i>1 0 0 0 1 0 0 0 1 0 0 0</i>
                <i>1 0 0 0 1 0 0 0 1 0 0 0</i>
                <i>1 0 0 0 1 0 0 0 1 0 0 0</i>
                <i>1 0 0 0 1 0 0 0 1 0 0 0</i>
                <i>1 0 0 0 1 0 0 0 1 0 0 0</i>
                <i>1 0 0 0 1 0 0 0 1 0 0 0</i>
                <i>1 0 0 0 1 0 0 0 1 0 0 0</i>
                <i>1 0 0 0 1 0 0 0 1 0 0 0</i>
                <i>1 0 0 0 1 0 0 0 1 0 0 0</i>
                <i>1 0 0 0 1 0 0 0 1 0 0 0</i>
                <i>1 0 0 0 1 0 0 0 1 0 0 0</i>
                <i>1 0 0 0 1 0 0 0 1 0 0 0</i>
                <i>1 0 0 0 1 0 0 0 1 0 0 0</i>
                <i>1 0 0 0 1 0 0 0 1 0 0 0</i>
                <i>1 0 0 0 1 0 0 0 1 0 0 0</i>
                <i>1 0 0 0 1 0 0 0 1 0 0 0</i>
                <i>1 0 0 0 1 0 0 0 1 0 0 0</i>
                <i>1 0 0 0 1 0 0 0 1 0 0 0</i>
                <i>1 0 0 0 1 0 0 0 1 0 0 0</i>
                <i>1 0 0 0 1 0 0 0 1 0 0 0</i>
                <i>1 0 0 0 1 0 0 0 1 0 0 0</i>
                <i>1 0 0 0 1 0 0 0 1 0 0 0</i>
                <i>1 0 0 0 1 0 0 0 1 0 0 0</i>
                <i>1 0 0 0 1 0 0 0 1 0 0 0</i>
                <i>1 0 0 0 1 0 0 0 1 0 0 0</i>
                <i>1 0 0 0 1 0 0 0 1 0 0 0</i>
                <i>1 0 0 0 1 0 0 0 1 0 0 0</i>
                <i>1 0 0 0 1 0 0 0 1 0 0 0</i>
                <i>1 0 0 0 1 0 0 0 1 0 0 0</i>
                <i>1 0 0 0 1 0 0 0 1 0 0 0</i>
                <i>1 0 0 0 1 0 0 0 1 0 0 0</i>
                <i>1 0 0 0 1 0 0 0 1 0 0 0</i>
                <i>1 0 0 0 1 0 0 0 1 0 0 0</i>
                <i>1 0 0 0 1 0 0 0 1 0 0 0</i>
                <i>1 0 0 0 1 0 0 0 1 0 0 0</i>
                <i>1 0 0 0 1 0 0 0 1 0 0 0</i>
                <i>1 0 0 0 1 0 0 0 1 0 0 0</i>
                <i>1 0 0 0 1 0 0 0 1 0 0 0</i>
                <i>1 0 0 0 1 0 0 0 1 0 0 0</i>
                <i>1 0 0 0 1 0 0 0 1 0 0 0</i>
                <i>1 0 0 0 1 0 0 0 1 0 0 0</i>
                <i>1 0 0 0 1 0 0 0 1 0 0 0</i>
                <i>1 0 0 0 1 0 0 0 1 0 0 0</i>
                <i>1 0 0 0 1 0 0 0 1 0 0 0</i>
                <i>1 0 0 0 1 0 0 0 1 0 0 0</i>
                <i>1 0 0 0 1 0 0 0 1 0 0 0</i>
                <i>1 0 0 0 1 0 0 0 1 0 0 0</i>
                <i>1 0 0 0 1 0 0 0 1 0 0 0</i>
                <i>1 0 0 0 1 0 0 0 1 0 0 0</i>
                <i>1 0 0 0 1 0 0 0 1 0 0 0</i>
                <i>1 0 0 0 1 0 0 0 1 0 0 0</i>
                <i>1 0 0 0 1 0 0 0 1 0 0 0</i>
                <i>1 0 0 0 1 0 0 0 1 0 0 0</i>
                <i>1 0 0 0 1 0 0 0 1 0 0 0</i>
                <i>1 0 0 0 1 0 0 0 1 0 0 0</i>
                <i>1 0 0 0 1 0 0 0 1 0 0 0</i>
                <i>1 0 0 0 1 0 0 0 1 0 0 0</i>
                <i>1 0 0 0 1 0 0 0 1 0 0 0</i>
                <i>1 0 0 0 1 0 0 0 1 0 0 0</i>
                <i>1 0 0 0 1 0 0 0 1 0 0 0</i>
                <i>1 0 0 0 1 0 0 0 1 0 0 0</i>
                <i>1 0 0 0 1 0 0 0 1 0 0 0</i>
                <i>1 0 0 0 1 0 0 0 1 0 0 0</i>
                <i>1 0 0 0 1 0 0 0 1 0 0 0</i>
                <i>1 0 0 0 1 0 0 0 1 0 0 0</i>
                <i>1 0 0 0 1 0 0 0 1 0 0 0</i>
                <i>1 0 0 0 1 0 0 0 1 0 0 0</i>
                <i>1 0 0 0 1 0 0 0 1 0 0 0</i>
                <i>1 0 0 0 1 0 0 0 1 0 0 0</i>
                <i>1 0 0 0 1 0 0 0 1 0 0 0</i>
                <i>1 0 0 0 1 0 0 0 1 0 0 0</i>
                <i>1 0 0 0 1 0 0 0 1 0 0 0</i>
                <i>1 0 0 0 1 0 0 0 1 0 0 0</i>
                <i>1 0 0 0 1 0 0 0 1 0 0 0</i>
                <i>1 0 0 0 1 0 0 0 1 0 0 0</i>
                <i>1 0 0 0 1 0 0 0 1 0 0 0</i>
                <i>1 0 0 0 1 0 0 0 1 0 0 0</i>
                <i>1 0 0 0 1 0 0 0 1 0 0 0</i>
                <i>1 0 0 0 1 0 0 0 1 0 0 0</i>
                <i>1 0 0 0 1 0 0 0 1 0 0 0</i>
                <i>1 0 0 0 1 0 0 0 1 0 0 0</i>
                <i>1 0 0 0 1 0 0 0 1 0 0 0</i>
                <i>1 0 0 0 1 0 0 0 1 0 0 0</i>
                <i>1 0 0 0 1 0 0 0 1 0 0 0</i>
                <i>1 0 0 0 1 0 0 0 1 0 0 0</i>
                <i>1 0 0 0 1 0 0 0 1 0 0 0</i>
                <i>1 0 0 0 1 0 0 0 1 0 0 0</i>
                <i>1 0 0 0 1 0 0 0 1 0 0 0</i>
                <i>1 0 0 0 1 0 0 0 1 0 0 0</i>
                <i>1 0 0 0 1 0 0 0 1 0 0 0</i>
                <i>1 0 0 0 1 0 0 0 1 0 0 0</i>
                <i>1 0 0 0 1 0 0 0 1 0 0 0</i>
                <i>1 0 0 0 1 0 0 0 1 0 0 0</i>
                <i>1 0 0 0 1 0 0 0 1 0 0 0</i>
                <i>1 0 0 0 1 0 0 0 1 0 0 0</i>
                <i>1 0 0 0 1 0 0 0 1 0 0 0</i>
                <i>1 0 0 0 1 0 0 0 1 0 0 0</i>
                <i>1 0 0 0 1 0 0 0 1 0 0 0</i>
                <i>1 0 0 0 1 0 0 0 1 0 0 0</i>
                <i>1 0 0 0 1 0 0 0 1 0 0 0</i>
                <i>1 0 0 0 1 0 0 0 1 0 0 0</i>
                <i>1 0 0 0 1 0 0 0 1 0 0 0</i>
                <i>1 0 0 0 1 0 0 0 1 0 0 0</i>
                <i>1 0 0 0 1 0 0 0 1 0 0 0</i>
                <i>1 0 0 0 1 0 0 0 1 0 0 0</i>
                <i>1 0 0 0 1 0 0 0 1 0 0 0</i>
                <i>1 0 0 0 1 0 0 0 1 0 0 0</i>
            </KeyFrames>
        </RefFrame>
        <Bones count="5">
            <i>
                <p>
                    <Name>
                        <![CDATA[root]]>
</Name>
                    <Exclude>1</Exclude>
                    <Additive>0</Additive>
                    <KeyFrames count="121">
                        <i>2.22045e-016 1 0 -1 2.22045e-016 0 0 0 1 0 0 0</i>
                        <i>2.22045e-016 1 0 -1 2.22045e-016 0 0 0 1 0 0 0</i>
                        <i>2.22045e-016 1 0 -1 2.22045e-016 0 0 0 1 0 0 0</i>
                        <i>2.22045e-016 1 0 -1 2.22045e-016 0 0 0 1 0 0 0</i>
                        <i>2.22045e-016 1 0 -1 2.22045e-016 0 0 0 1 0 0 0</i>
                        <i>2.22045e-016 1 0 -1 2.22045e-016 0 0 0 1 0 0 0</i>
                        <i>2.22045e-016 1 0 -1 2.22045e-016 0 0 0 1 0 0 0</i>
                        <i>2.22045e-016 1 0 -1 2.22045e-016 0 0 0 1 0 0 0</i>
                        <i>2.22045e-016 1 0 -1 2.22045e-016 0 0 0 1 0 0 0</i>
                        <i>2.22045e-016 1 0 -1 2.22045e-016 0 0 0 1 0 0 0</i>
                        <i>2.22045e-016 1 0 -1 2.22045e-016 0 0 0 1 0 0 0</i>
                        <i>2.22045e-016 1 0 -1 2.22045e-016 0 0 0 1 0 0 0</i>
                        <i>2.22045e-016 1 0 -1 2.22045e-016 0 0 0 1 0 0 0</i>
                        <i>2.22045e-016 1 0 -1 2.22045e-016 0 0 0 1 0 0 0</i>
                        <i>2.22045e-016 1 0 -1 2.22045e-016 0 0 0 1 0 0 0</i>
                        <i>2.22045e-016 1 0 -1 2.22045e-016 0 0 0 1 0 0 0</i>
                        <i>2.22045e-016 1 0 -1 2.22045e-016 0 0 0 1 0 0 0</i>
                        <i>2.22045e-016 1 0 -1 2.22045e-016 0 0 0 1 0 0 0</i>
                        <i>2.22045e-016 1 0 -1 2.22045e-016 0 0 0 1 0 0 0</i>
                        <i>2.22045e-016 1 0 -1 2.22045e-016 0 0 0 1 0 0 0</i>
                        <i>2.22045e-016 1 0 -1 2.22045e-016 0 0 0 1 0 0 0</i>
                        <i>2.22045e-016 1 0 -1 2.22045e-016 0 0 0 1 0 0 0</i>
                        <i>2.22045e-016 1 0 -1 2.22045e-016 0 0 0 1 0 0 0</i>
                        <i>2.22045e-016 1 0 -1 2.22045e-016 0 0 0 1 0 0 0</i>
                        <i>2.22045e-016 1 0 -1 2.22045e-016 0 0 0 1 0 0 0</i>
                        <i>2.22045e-016 1 0 -1 2.22045e-016 0 0 0 1 0 0 0</i>
                        <i>2.22045e-016 1 0 -1 2.22045e-016 0 0 0 1 0 0 0</i>
                        <i>2.22045e-016 1 0 -1 2.22045e-016 0 0 0 1 0 0 0</i>
                        <i>2.22045e-016 1 0 -1 2.22045e-016 0 0 0 1 0 0 0</i>
                        <i>2.22045e-016 1 0 -1 2.22045e-016 0 0 0 1 0 0 0</i>
                        <i>2.22045e-016 1 0 -1 2.22045e-016 0 0 0 1 0 0 0</i>
                        <i>2.22045e-016 1 0 -1 2.22045e-016 0 0 0 1 0 0 0</i>
                        <i>2.22045e-016 1 0 -1 2.22045e-016 0 0 0 1 0 0 0</i>
                        <i>2.22045e-016 1 0 -1 2.22045e-016 0 0 0 1 0 0 0</i>
                        <i>2.22045e-016 1 0 -1 2.22045e-016 0 0 0 1 0 0 0</i>
                        <i>2.22045e-016 1 0 -1 2.22045e-016 0 0 0 1 0 0 0</i>
                        <i>2.22045e-016 1 0 -1 2.22045e-016 0 0 0 1 0 0 0</i>
                        <i>2.22045e-016 1 0 -1 2.22045e-016 0 0 0 1 0 0 0</i>
                        <i>2.22045e-016 1 0 -1 2.22045e-016 0 0 0 1 0 0 0</i>
                        <i>2.22045e-016 1 0 -1 2.22045e-016 0 0 0 1 0 0 0</i>
                        <i>2.22045e-016 1 0 -1 2.22045e-016 0 0 0 1 0 0 0</i>
                        <i>2.22045e-016 1 0 -1 2.22045e-016 0 0 0 1 0 0 0</i>
                        <i>2.22045e-016 1 0 -1 2.22045e-016 0 0 0 1 0 0 0</i>
                        <i>2.22045e-016 1 0 -1 2.22045e-016 0 0 0 1 0 0 0</i>
                        <i>2.22045e-016 1 0 -1 2.22045e-016 0 0 0 1 0 0 0</i>
                        <i>2.22045e-016 1 0 -1 2.22045e-016 0 0 0 1 0 0 0</i>
                        <i>2.22045e-016 1 0 -1 2.22045e-016 0 0 0 1 0 0 0</i>
                        <i>2.22045e-016 1 0 -1 2.22045e-016 0 0 0 1 0 0 0</i>
                        <i>2.22045e-016 1 0 -1 2.22045e-016 0 0 0 1 0 0 0</i>
                        <i>2.22045e-016 1 0 -1 2.22045e-016 0 0 0 1 0 0 0</i>
                        <i>2.22045e-016 1 0 -1 2.22045e-016 0 0 0 1 0 0 0</i>
                        <i>2.22045e-016 1 0 -1 2.22045e-016 0 0 0 1 0 0 0</i>
                        <i>2.22045e-016 1 0 -1 2.22045e-016 0 0 0 1 0 0 0</i>
                        <i>2.22045e-016 1 0 -1 2.22045e-016 0 0 0 1 0 0 0</i>
                        <i>2.22045e-016 1 0 -1 2.22045e-016 0 0 0 1 0 0 0</i>
                        <i>2.22045e-016 1 0 -1 2.22045e-016 0 0 0 1 0 0 0</i>
                        <i>2.22045e-016 1 0 -1 2.22045e-016 0 0 0 1 0 0 0</i>
                        <i>2.22045e-016 1 0 -1 2.22045e-016 0 0 0 1 0 0 0</i>
                        <i>2.22045e-016 1 0 -1 2.22045e-016 0 0 0 1 0 0 0</i>
                        <i>2.22045e-016 1 0 -1 2.22045e-016 0 0 0 1 0 0 0</i>
                        <i>2.22045e-016 1 0 -1 2.22045e-016 0 0 0 1 0 0 0</i>
                        <i>2.22045e-016 1 0 -1 2.22045e-016 0 0 0 1 0 0 0</i>
                        <i>2.22045e-016 1 0 -1 2.22045e-016 0 0 0 1 0 0 0</i>
                        <i>2.22045e-016 1 0 -1 2.22045e-016 0 0 0 1 0 0 0</i>
                        <i>2.22045e-016 1 0 -1 2.22045e-016 0 0 0 1 0 0 0</i>
                        <i>2.22045e-016 1 0 -1 2.22045e-016 0 0 0 1 0 0 0</i>
                        <i>2.22045e-016 1 0 -1 2.22045e-016 0 0 0 1 0 0 0</i>
                        <i>2.22045e-016 1 0 -1 2.22045e-016 0 0 0 1 0 0 0</i>
                        <i>2.22045e-016 1 0 -1 2.22045e-016 0 0 0 1 0 0 0</i>
                        <i>2.22045e-016 1 0 -1 2.22045e-016 0 0 0 1 0 0 0</i>
                        <i>2.22045e-016 1 0 -1 2.22045e-016 0 0 0 1 0 0 0</i>
                        <i>2.22045e-016 1 0 -1 2.22045e-016 0 0 0 1 0 0 0</i>
                        <i>2.22045e-016 1 0 -1 2.22045e-016 0 0 0 1 0 0 0</i>
                        <i>2.22045e-016 1 0 -1 2.22045e-016 0 0 0 1 0 0 0</i>
                        <i>2.22045e-016 1 0 -1 2.22045e-016 0 0 0 1 0 0 0</i>
                        <i>2.22045e-016 1 0 -1 2.22045e-016 0 0 0 1 0 0 0</i>
                        <i>2.22045e-016 1 0 -1 2.22045e-016 0 0 0 1 0 0 0</i>
                        <i>2.22045e-016 1 0 -1 2.22045e-016 0 0 0 1 0 0 0</i>
                        <i>2.22045e-016 1 0 -1 2.22045e-016 0 0 0 1 0 0 0</i>
                        <i>2.22045e-016 1 0 -1 2.22045e-016 0 0 0 1 0 0 0</i>
                        <i>2.22045e-016 1 0 -1 2.22045e-016 0 0 0 1 0 0 0</i>
                        <i>2.22045e-016 1 0 -1 2.22045e-016 0 0 0 1 0 0 0</i>
                        <i>2.22045e-016 1 0 -1 2.22045e-016 0 0 0 1 0 0 0</i>
                        <i>2.22045e-016 1 0 -1 2.22045e-016 0 0 0 1 0 0 0</i>
                        <i>2.22045e-016 1 0 -1 2.22045e-016 0 0 0 1 0 0 0</i>
                        <i>2.22045e-016 1 0 -1 2.22045e-016 0 0 0 1 0 0 0</i>
                        <i>2.22045e-016 1 0 -1 2.22045e-016 0 0 0 1 0 0 0</i>
                        <i>2.22045e-016 1 0 -1 2.22045e-016 0 0 0 1 0 0 0</i>
                        <i>2.22045e-016 1 0 -1 2.22045e-016 0 0 0 1 0 0 0</i>
                        <i>2.22045e-016 1 0 -1 2.22045e-016 0 0 0 1 0 0 0</i>
                        <i>2.22045e-016 1 0 -1 2.22045e-016 0 0 0 1 0 0 0</i>
                        <i>2.22045e-016 1 0 -1 2.22045e-016 0 0 0 1 0 0 0</i>
                        <i>2.22045e-016 1 0 -1 2.22045e-016 0 0 0 1 0 0 0</i>
                        <i>2.22045e-016 1 0 -1 2.22045e-016 0 0 0 1 0 0 0</i>
                        <i>2.22045e-016 1 0 -1 2.22045e-016 0 0 0 1 0 0 0</i>
                        <i>2.22045e-016 1 0 -1 2.22045e-016 0 0 0 1 0 0 0</i>
                        <i>2.22045e-016 1 0 -1 2.22045e-016 0 0 0 1 0 0 0</i>
                        <i>2.22045e-016 1 0 -1 2.22045e-016 0 0 0 1 0 0 0</i>
                        <i>2.22045e-016 1 0 -1 2.22045e-016 0 0 0 1 0 0 0</i>
                        <i>2.22045e-016 1 0 -1 2.22045e-016 0 0 0 1 0 0 0</i>
                        <i>2.22045e-016 1 0 -1 2.22045e-016 0 0 0 1 0 0 0</i>
                        <i>2.22045e-016 1 0 -1 2.22045e-016 0 0 0 1 0 0 0</i>
                        <i>2.22045e-016 1 0 -1 2.22045e-016 0 0 0 1 0 0 0</i>
                        <i>2.22045e-016 1 0 -1 2.22045e-016 0 0 0 1 0 0 0</i>
                        <i>2.22045e-016 1 0 -1 2.22045e-016 0 0 0 1 0 0 0</i>
                        <i>2.22045e-016 1 0 -1 2.22045e-016 0 0 0 1 0 0 0</i>
                        <i>2.22045e-016 1 0 -1 2.22045e-016 0 0 0 1 0 0 0</i>
                        <i>2.22045e-016 1 0 -1 2.22045e-016 0 0 0 1 0 0 0</i>
                        <i>2.22045e-016 1 0 -1 2.22045e-016 0 0 0 1 0 0 0</i>
                        <i>2.22045e-016 1 0 -1 2.22045e-016 0 0 0 1 0 0 0</i>
                        <i>2.22045e-016 1 0 -1 2.22045e-016 0 0 0 1 0 0 0</i>
                        <i>2.22045e-016 1 0 -1 2.22045e-016 0 0 0 1 0 0 0</i>
                        <i>2.22045e-016 1 0 -1 2.22045e-016 0 0 0 1 0 0 0</i>
                        <i>2.22045e-016 1 0 -1 2.22045e-016 0 0 0 1 0 0 0</i>
                        <i>2.22045e-016 1 0 -1 2.22045e-016 0 0 0 1 0 0 0</i>
                        <i>2.22045e-016 1 0 -1 2.22045e-016 0 0 0 1 0 0 0</i>
                        <i>2.22045e-016 1 0 -1 2.22045e-016 0 0 0 1 0 0 0</i>
                        <i>2.22045e-016 1 0 -1 2.22045e-016 0 0 0 1 0 0 0</i>
                        <i>2.22045e-016 1 0 -1 2.22045e-016 0 0 0 1 0 0 0</i>
                        <i>2.22045e-016 1 0 -1 2.22045e-016 0 0 0 1 0 0 0</i>
                        <i>2.22045e-016 1 0 -1 2.22045e-016 0 0 0 1 0 0 0</i>
                    </KeyFrames>
                </p>
            </i>
            <i>
                <p>
                    <Name>
                        <![CDATA[gun_yaw]]>
</Name>
                    <Exclude>0</Exclude>
                    <Additive>0</Additive>
                    <KeyFrames count="121">
                        <i>2.22045e-016 1 0 -1 2.22045e-016 0 0 0 1 0 1.00682 0.519733</i>
                        <i>2.22045e-016 1 0 -0.999919 2.22027e-016 0.0127178 0.0127178 -2.82392e-018 0.999919 0 1.00682 0.519733</i>
                        <i>2.22045e-016 1 0 -0.999669 2.21971e-016 0.0257094 0.0257094 -5.70864e-018 0.999669 0 1.00682 0.519733</i>
                        <i>2.22045e-016 1 0 -0.999243 2.21876e-016 0.0389126 0.0389126 -8.64033e-018 0.999243 0 1.00682 0.519733</i>
                        <i>2.22045e-016 1 0 -0.998633 2.21741e-016 0.0522648 0.0522648 -1.16051e-017 0.998633 0 1.00682 0.519733</i>
                        <i>2.22045e-016 1 0 -0.997839 2.21565e-016 0.0657037 0.0657037 -1.45891e-017 0.997839 0 1.00682 0.519733</i>
                        <i>2.22045e-016 1 0 -0.996861 2.21348e-016 0.0791666 0.0791666 -1.75785e-017 0.996861 0 1.00682 0.519733</i>
                        <i>2.22045e-016 1 0 -0.995704 2.21091e-016 0.0925915 0.0925915 -2.05594e-017 0.995704 0 1.00682 0.519733</i>
                        <i>2.22045e-016 1 0 -0.994375 2.20796e-016 0.105916 0.105916 -2.35181e-017 0.994375 0 1.00682 0.519733</i>
                        <i>2.22045e-016 1 0 -0.992885 2.20465e-016 0.119079 0.119079 -2.64409e-017 0.992885 0 1.00682 0.519733</i>
                        <i>2.22045e-016 1 0 -0.991247 2.20101e-016 0.13202 0.13202 -2.93143e-017 0.991247 0 1.00682 0.519733</i>
                        <i>2.22045e-016 1 0 -0.989479 2.19708e-016 0.144677 0.144677 -3.21247e-017 0.989479 0 1.00682 0.519733</i>
                        <i>2.22045e-016 1 0 -0.9876 2.19291e-016 0.156991 0.156991 -3.48589e-017 0.9876 0 1.00682 0.519733</i>
                        <i>2.22045e-016 1 0 -0.985633 2.18854e-016 0.168902 0.168902 -3.75038e-017 0.985633 0 1.00682 0.519733</i>
                        <i>2.22045e-016 1 0 -0.983602 2.18404e-016 0.180353 0.180353 -4.00464e-017 0.983602 0 1.00682 0.519733</i>
                        <i>2.22045e-016 1 0 -0.981535 2.17944e-016 0.191285 0.191285 -4.24738e-017 0.981535 0 1.00682 0.519733</i>
                        <i>2.22045e-016 1 0 -0.979459 2.17484e-016 0.201642 0.201642 -4.47735e-017 0.979459 0 1.00682 0.519733</i>
                        <i>2.22045e-016 1 0 -0.977407 2.17028e-016 0.211367 0.211367 -4.69329e-017 0.977407 0 1.00682 0.519733</i>
                        <i>2.22045e-016 1 0 -0.975409 2.16584e-016 0.220405 0.220405 -4.89396e-017 0.975409 0 1.00682 0.519733</i>
                        <i>2.22045e-016 1 0 -0.973497 2.1616e-016 0.2287 0.2287 -5.07816e-017 0.973497 0 1.00682 0.519733</i>
                        <i>2.22045e-016 1 0 -0.971705 2.15762e-016 0.236198 0.236198 -5.24465e-017 0.971705 0 1.00682 0.519733</i>
                        <i>2.22045e-016 1 0 -0.970065 2.15398e-016 0.242845 0.242845 -5.39225e-017 0.970065 0 1.00682 0.519733</i>
                        <i>2.22045e-016 1 0 -0.96861 2.15075e-016 0.248587 0.248587 -5.51973e-017 0.96861 0 1.00682 0.519733</i>
                        <i>2.22045e-016 1 0 -0.96737 2.14799e-016 0.253369 0.253369 -5.62592e-017 0.96737 0 1.00682 0.519733</i>
                        <i>2.22045e-016 1 0 -0.966375 2.14578e-016 0.257137 0.257137 -5.70958e-017 0.966375 0 1.00682 0.519733</i>
                        <i>2.22045e-016 1 0 -0.965653 2.14418e-016 0.259836 0.259836 -5.76951e-017 0.965653 0 1.00682 0.519733</i>
                        <i>2.22045e-016 1 0 -0.965228 2.14324e-016 0.261411 0.261411 -5.80448e-017 0.965228 0 1.00682 0.519733</i>
                        <i>2.22045e-016 1 0 -0.965121 2.143e-016 0.261805 0.261805 -5.81323e-017 0.965121 0 1.00682 0.519733</i>
                        <i>2.22045e-016 1 0 -0.965349 2.14351e-016 0.26096 0.26096 -5.79448e-017 0.965349 0 1.00682 0.519733</i>
                        <i>2.22045e-016 1 0 -0.965926 2.14479e-016 0.258819 0.258819 -5.74694e-017 0.965926 0 1.00682 0.519733</i>
                        <i>2.22045e-016 1 0 -0.966745 2.14661e-016 0.255741 0.255741 -5.67859e-017 0.966745 0 1.00682 0.519733</i>
                        <i>2.22045e-016 1 0 -0.967692 2.14871e-016 0.252137 0.252137 -5.59856e-017 0.967692 0 1.00682 0.519733</i>
                        <i>2.22045e-016 1 0 -0.968754 2.15107e-016 0.248023 0.248023 -5.50721e-017 0.968754 0 1.00682 0.519733</i>
                        <i>2.22045e-016 1 0 -0.969922 2.15366e-016 0.243416 0.243416 -5.40491e-017 0.969922 0 1.00682 0.519733</i>
                        <i>2.22045e-016 1 0 -0.971184 2.15646e-016 0.238331 0.238331 -5.29201e-017 0.971184 0 1.00682 0.519733</i>
                        <i>2.22045e-016 1 0 -0.972528 2.15945e-016 0.232785 0.232785 -5.16888e-017 0.972528 0 1.00682 0.519733</i>
                        <i>2.22045e-016 1 0 -0.973943 2.16259e-016 0.226795 0.226795 -5.03586e-017 0.973943 0 1.00682 0.519733</i>
                        <i>2.22045e-016 1 0 -0.975415 2.16586e-016 0.220376 0.220376 -4.89332e-017 0.975415 0 1.00682 0.519733</i>
                        <i>2.22045e-016 1 0 -0.976933 2.16923e-016 0.213544 0.213544 -4.74162e-017 0.976933 0 1.00682 0.519733</i>
                        <i>2.22045e-016 1 0 -0.978485 2.17267e-016 0.206316 0.206316 -4.58114e-017 0.978485 0 1.00682 0.519733</i>
                        <i>2.22045e-016 1 0 -0.980059 2.17617e-016 0.198709 0.198709 -4.41222e-017 0.980059 0 1.00682 0.519733</i>
                        <i>2.22045e-016 1 0 -0.981641 2.17968e-016 0.190739 0.190739 -4.23525e-017 0.981641 0 1.00682 0.519733</i>
                        <i>2.22045e-016 1 0 -0.98322 2.18319e-016 0.182423 0.182423 -4.0506e-017 0.98322 0 1.00682 0.519733</i>
                        <i>2.22045e-016 1 0 -0.984785 2.18666e-016 0.173778 0.173778 -3.85865e-017 0.984785 0 1.00682 0.519733</i>
                        <i>2.22045e-016 1 0 -0.986323 2.19008e-016 0.164822 0.164822 -3.65978e-017 0.986323 0 1.00682 0.519733</i>
                        <i>2.22045e-016 1 0 -0.987825 2.19341e-016 0.155572 0.155572 -3.45438e-017 0.987825 0 1.00682 0.519733</i>
                        <i>2.22045e-016 1 0 -0.989278 2.19664e-016 0.146045 0.146045 -3.24285e-017 0.989278 0 1.00682 0.519733</i>
                        <i>2.22045e-016 1 0 -0.990673 2.19974e-016 0.13626 0.13626 -3.02557e-017 0.990673 0 1.00682 0.519733</i>
                        <i>2.22045e-016 1 0 -0.992 2.20268e-016 0.126234 0.126234 -2.80296e-017 0.992 0 1.00682 0.519733</i>
                        <i>2.22045e-016 1 0 -0.993251 2.20546e-016 0.115986 0.115986 -2.57542e-017 0.993251 0 1.00682 0.519733</i>
                        <i>2.22045e-016 1 0 -0.994416 2.20805e-016 0.105535 0.105535 -2.34336e-017 0.994416 0 1.00682 0.519733</i>
                        <i>2.22045e-016 1 0 -0.995487 2.21042e-016 0.0948996 0.0948996 -2.1072e-017 0.995487 0 1.00682 0.519733</i>
                        <i>2.22045e-016 1 0 -0.996457 2.21258e-016 0.0840981 0.0840981 -1.86735e-017 0.996457 0 1.00682 0.519733</i>
                        <i>2.22045e-016 1 0 -0.997321 2.2145e-016 0.07315 0.07315 -1.62426e-017 0.997321 0 1.00682 0.519733</i>
                        <i>2.22045e-016 1 0 -0.998071 2.21616e-016 0.0620745 0.0620745 -1.37833e-017 0.998071 0 1.00682 0.519733</i>
                        <i>2.22045e-016 1 0 -0.998704 2.21757e-016 0.050891 0.050891 -1.13001e-017 0.998704 0 1.00682 0.519733</i>
                        <i>2.22045e-016 1 0 -0.999215 2.2187e-016 0.0396192 0.0396192 -8.79723e-018 0.999215 0 1.00682 0.519733</i>
                        <i>2.22045e-016 1 0 -0.9996 2.21956e-016 0.0282787 0.0282787 -6.27913e-018 0.9996 0 1.00682 0.519733</i>
                        <i>2.22045e-016 1 0 -0.999857 2.22013e-016 0.0168891 0.0168891 -3.75013e-018 0.999857 0 1.00682 0.519733</i>
                        <i>2.22045e-016 1 0 -0.999985 2.22041e-016 0.00547038 0.00547038 -1.21467e-018 0.999985 0 1.00682 0.519733</i>
                        <i>2.22045e-016 1 0 -0.999982 2.22041e-016 -0.00595772 -0.00595772 1.32288e-018 0.999982 0 1.00682 0.519733</i>
                        <i>2.22045e-016 1 0 -0.999849 2.22011e-016 -0.0173753 -0.0173753 3.8581e-018 0.999849 0 1.00682 0.519733</i>
                        <i>2.22045e-016 1 0 -0.999586 2.21953e-016 -0.0287626 -0.0287626 6.38659e-018 0.999586 0 1.00682 0.519733</i>
                        <i>2.22045e-016 1 0 -0.999196 2.21866e-016 -0.0400999 -0.0400999 8.90397e-018 0.999196 0 1.00682 0.519733</i>
                        <i>2.22045e-016 1 0 -0.99868 2.21751e-016 -0.0513673 -0.0513673 1.14058e-017 0.99868 0 1.00682 0.519733</i>
                        <i>2.22045e-016 1 0 -0.998042 2.2161e-016 -0.0625452 -0.0625452 1.38878e-017 0.998042 0 1.00682 0.519733</i>
                        <i>2.22045e-016 1 0 -0.997287 2.21442e-016 -0.0736141 -0.0736141 1.63456e-017 0.997287 0 1.00682 0.519733</i>
                        <i>2.22045e-016 1 0 -0.996419 2.21249e-016 -0.0845545 -0.0845545 1.87749e-017 0.996419 0 1.00682 0.519733</i>
                        <i>2.22045e-016 1 0 -0.995444 2.21033e-016 -0.0953472 -0.0953472 2.11713e-017 0.995444 0 1.00682 0.519733</i>
                        <i>2.22045e-016 1 0 -0.994369 2.20794e-016 -0.105973 -0.105973 2.35308e-017 0.994369 0 1.00682 0.519733</i>
                        <i>2.22045e-016 1 0 -0.993201 2.20535e-016 -0.116413 -0.116413 2.58489e-017 0.993201 0 1.00682 0.519733</i>
                        <i>2.22045e-016 1 0 -0.991948 2.20257e-016 -0.126649 -0.126649 2.81217e-017 0.991948 0 1.00682 0.519733</i>
                        <i>2.22045e-016 1 0 -0.990618 2.19961e-016 -0.136661 -0.136661 3.03449e-017 0.990618 0 1.00682 0.519733</i>
                        <i>2.22045e-016 1 0 -0.989221 2.19651e-016 -0.146433 -0.146433 3.25146e-017 0.989221 0 1.00682 0.519733</i>
                        <i>2.22045e-016 1 0 -0.987766 2.19328e-016 -0.155944 -0.155944 3.46266e-017 0.987766 0 1.00682 0.519733</i>
                        <i>2.22045e-016 1 0 -0.986264 2.18995e-016 -0.165179 -0.165179 3.6677e-017 0.986264 0 1.00682 0.519733</i>
                        <i>2.22045e-016 1 0 -0.984725 2.18653e-016 -0.174118 -0.174118 3.86619e-017 0.984725 0 1.00682 0.519733</i>
                        <i>2.22045e-016 1 0 -0.98316 2.18305e-016 -0.182744 -0.182744 4.05774e-017 0.98316 0 1.00682 0.519733</i>
                        <i>2.22045e-016 1 0 -0.981582 2.17955e-016 -0.191041 -0.191041 4.24197e-017 0.981582 0 1.00682 0.519733</i>
                        <i>2.22045e-016 1 0 -0.980001 2.17604e-016 -0.198991 -0.198991 4.41849e-017 0.980001 0 1.00682 0.519733</i>
                        <i>2.22045e-016 1 0 -0.97843 2.17255e-016 -0.206578 -0.206578 4.58694e-017 0.97843 0 1.00682 0.519733</i>
                        <i>2.22045e-016 1 0 -0.976881 2.16911e-016 -0.213783 -0.213783 4.74694e-017 0.976881 0 1.00682 0.519733</i>
                        <i>2.22045e-016 1 0 -0.975366 2.16575e-016 -0.220592 -0.220592 4.89813e-017 0.975366 0 1.00682 0.519733</i>
                        <i>2.22045e-016 1 0 -0.973898 2.16249e-016 -0.226988 -0.226988 5.04014e-017 0.973898 0 1.00682 0.519733</i>
                        <i>2.22045e-016 1 0 -0.972488 2.15936e-016 -0.232954 -0.232954 5.17261e-017 0.972488 0 1.00682 0.519733</i>
                        <i>2.22045e-016 1 0 -0.971149 2.15638e-016 -0.238474 -0.238474 5.29518e-017 0.971149 0 1.00682 0.519733</i>
                        <i>2.22045e-016 1 0 -0.969893 2.1536e-016 -0.243532 -0.243532 5.40749e-017 0.969893 0 1.00682 0.519733</i>
                        <i>2.22045e-016 1 0 -0.968732 2.15102e-016 -0.248111 -0.248111 5.50918e-017 0.968732 0 1.00682 0.519733</i>
                        <i>2.22045e-016 1 0 -0.967676 2.14867e-016 -0.252197 -0.252197 5.59989e-017 0.967676 0 1.00682 0.519733</i>
                        <i>2.22045e-016 1 0 -0.966737 2.14659e-016 -0.255771 -0.255771 5.67926e-017 0.966737 0 1.00682 0.519733</i>
                        <i>2.22045e-016 1 0 -0.965926 2.14479e-016 -0.258819 -0.258819 5.74694e-017 0.965926 0 1.00682 0.519733</i>
                        <i>2.22045e-016 1 0 -0.965331 2.14347e-016 -0.261029 -0.261029 5.79601e-017 0.965331 0 1.00682 0.519733</i>
                        <i>2.22045e-016 1 0 -0.965033 2.1428e-016 -0.262129 -0.262129 5.82044e-017 0.965033 0 1.00682 0.519733</i>
                        <i>2.22045e-016 1 0 -0.965024 2.14278e-016 -0.262161 -0.262161 5.82114e-017 0.965024 0 1.00682 0.519733</i>
                        <i>2.22045e-016 1 0 -0.965294 2.14338e-016 -0.261164 -0.261164 5.799e-017 0.965294 0 1.00682 0.519733</i>
                        <i>2.22045e-016 1 0 -0.965829 2.14457e-016 -0.259178 -0.259178 5.75491e-017 0.965829 0 1.00682 0.519733</i>
                        <i>2.22045e-016 1 0 -0.966613 2.14631e-016 -0.256242 -0.256242 5.68973e-017 0.966613 0 1.00682 0.519733</i>
                        <i>2.22045e-016 1 0 -0.967624 2.14856e-016 -0.252394 -0.252394 5.60428e-017 0.967624 0 1.00682 0.519733</i>
                        <i>2.22045e-016 1 0 -0.968844 2.15127e-016 -0.247672 -0.247672 5.49942e-017 0.968844 0 1.00682 0.519733</i>
                        <i>2.22045e-016 1 0 -0.970248 2.15438e-016 -0.242112 -0.242112 5.37597e-017 0.970248 0 1.00682 0.519733</i>
                        <i>2.22045e-016 1 0 -0.971813 2.15786e-016 -0.235752 -0.235752 5.23475e-017 0.971813 0 1.00682 0.519733</i>
                        <i>2.22045e-016 1 0 -0.973514 2.16163e-016 -0.228629 -0.228629 5.07658e-017 0.973514 0 1.00682 0.519733</i>
                        <i>2.22045e-016 1 0 -0.975324 2.16565e-016 -0.22078 -0.22078 4.9023e-017 0.975324 0 1.00682 0.519733</i>
                        <i>2.22045e-016 1 0 -0.977217 2.16986e-016 -0.212242 -0.212242 4.71272e-017 0.977217 0 1.00682 0.519733</i>
                        <i>2.22045e-016 1 0 -0.979168 2.17419e-016 -0.203053 -0.203053 4.50868e-017 0.979168 0 1.00682 0.519733</i>
                        <i>2.22045e-016 1 0 -0.981149 2.17859e-016 -0.193251 -0.193251 4.29103e-017 0.981149 0 1.00682 0.519733</i>
                        <i>2.22045e-016 1 0 -0.983136 2.183e-016 -0.182874 -0.182874 4.06061e-017 0.983136 0 1.00682 0.519733</i>
                        <i>2.22045e-016 1 0 -0.985104 2.18737e-016 -0.17196 -0.17196 3.81829e-017 0.985104 0 1.00682 0.519733</i>
                        <i>2.22045e-016 1 0 -0.987028 2.19164e-016 -0.160551 -0.160551 3.56494e-017 0.987028 0 1.00682 0.519733</i>
                        <i>2.22045e-016 1 0 -0.988885 2.19577e-016 -0.148684 -0.148684 3.30145e-017 0.988885 0 1.00682 0.519733</i>
                        <i>2.22045e-016 1 0 -0.990654 2.19969e-016 -0.136402 -0.136402 3.02873e-017 0.990654 0 1.00682 0.519733</i>
                        <i>2.22045e-016 1 0 -0.992314 2.20338e-016 -0.123744 -0.123744 2.74768e-017 0.992314 0 1.00682 0.519733</i>
                        <i>2.22045e-016 1 0 -0.993848 2.20679e-016 -0.110754 -0.110754 2.45923e-017 0.993848 0 1.00682 0.519733</i>
                        <i>2.22045e-016 1 0 -0.995238 2.20987e-016 -0.0974726 -0.0974726 2.16433e-017 0.995238 0 1.00682 0.519733</i>
                        <i>2.22045e-016 1 0 -0.996471 2.21261e-016 -0.0839431 -0.0839431 1.86391e-017 0.996471 0 1.00682 0.519733</i>
                        <i>2.22045e-016 1 0 -0.997532 2.21497e-016 -0.0702087 -0.0702087 1.55895e-017 0.997532 0 1.00682 0.519733</i>
                        <i>2.22045e-016 1 0 -0.998413 2.21692e-016 -0.0563129 -0.0563129 1.2504e-017 0.998413 0 1.00682 0.519733</i>
                        <i>2.22045e-016 1 0 -0.999105 2.21846e-016 -0.0422999 -0.0422999 9.39246e-018 0.999105 0 1.00682 0.519733</i>
                        <i>2.22045e-016 1 0 -0.999602 2.21956e-016 -0.0282138 -0.0282138 6.26472e-018 0.999602 0 1.00682 0.519733</i>
                        <i>2.22045e-016 1 0 -0.999901 2.22023e-016 -0.014099 -0.014099 3.13061e-018 0.999901 0 1.00682 0.519733</i>
                        <i>2.22045e-016 1 0 -1 2.22045e-016 0 0 0 1 0 1.00682 0.519733</i>
                    </KeyFrames>
                </p>
            </i>
            <i>
                <p>
                    <Name>
                        <![CDATA[gun_pitch]]>
</Name>
                    <Exclude>0</Exclude>
                    <Additive>1</Additive>
                    <KeyFrames count="121">
                        <i>1 -2.22045e-016 0 2.14479e-016 0.965926 0.258819 -2.97138e-017 -0.258819 0.965926 0 1.10261 0.519733</i>
                        <i>0.999919 -2.22027e-016 -0.0127178 0.00325504 0.966692 0.255923 0.0122942 -0.255944 0.966613 -2.35129e-019 1.10261 0.519733</i>
                        <i>0.999669 -1.10949e-016 -0.0257094 0.00649812 0.967531 0.252669 0.0248747 -0.252753 0.967211 7.16619e-018 1.10261 0.519733</i>
                        <i>0.999243 -1.10854e-016 -0.0389126 0.00970793 0.96838 0.249291 0.0376822 -0.24948 0.967646 4.61253e-018 1.10261 0.519733</i>
                        <i>0.998633 -1.10719e-016 -0.0522648 0.0128761 0.969178 0.246026 0.0506539 -0.246362 0.967853 2.08871e-018 1.10261 0.519733</i>
                        <i>0.997839 -1.10542e-016 -0.0657037 0.0160077 0.969867 0.243108 0.0637238 -0.243634 0.967771 8.45093e-018 1.10261 0.519733</i>
                        <i>0.996861 -1.10325e-016 -0.0791666 0.0191214 0.970392 0.240775 0.0768227 -0.241534 0.967347 1.48128e-017 1.10261 0.519733</i>
                        <i>0.995704 9.53865e-019 -0.0925915 0.0222494 0.9707 0.239264 0.0898785 -0.240296 0.96653 1.67411e-017 1.10261 0.519733</i>
                        <i>0.994375 -1.09773e-016 -0.105916 0.0254093 0.970798 0.23855 0.102823 -0.239899 0.965337 -1.40569e-017 1.10261 0.519733</i>
                        <i>0.992885 -2.20465e-016 -0.119079 0.0285939 0.970742 0.238416 0.115595 -0.240125 0.963835 2.05554e-017 1.10261 0.519733</i>
                        <i>0.991247 -2.20101e-016 -0.13202 0.031806 0.970545 0.23881 0.128131 -0.240919 0.96205 2.24234e-017 1.10261 0.519733</i>
                        <i>0.989479 2.33614e-018 -0.144677 0.0350446 0.97022 0.239678 0.140368 -0.242227 0.960012 2.42535e-017 1.10261 0.519733</i>
                        <i>0.9876 -1.08269e-016 -0.156991 0.0383047 0.969777 0.240968 0.152246 -0.243994 0.957752 -2.66138e-018 1.10261 0.519733</i>
                        <i>0.985633 -2.18854e-016 -0.168902 0.0415779 0.969228 0.242629 0.163705 -0.246166 0.955303 2.22573e-017 1.10261 0.519733</i>
                        <i>0.983602 -2.18404e-016 -0.180353 0.0448515 0.968584 0.24461 0.174687 -0.248688 0.952701 -5.51679e-018 1.10261 0.519733</i>
                        <i>0.981535 4.10016e-018 -0.191285 0.0482219 0.967703 0.247439 0.185107 -0.252094 0.949834 1.35825e-017 1.10261 0.519733</i>
                        <i>0.979459 4.56094e-018 -0.201642 0.0517474 0.96651 0.251359 0.194889 -0.25663 0.946657 -1.96694e-017 1.10261 0.519733</i>
                        <i>0.977407 -1.06006e-016 -0.211367 0.0553372 0.96512 0.255892 0.203994 -0.261807 0.943315 1.65829e-017 1.10261 0.519733</i>
                        <i>0.975409 -1.05562e-016 -0.220405 0.0588781 0.963659 0.260567 0.212395 -0.267137 0.939961 1.79383e-017 1.10261 0.519733</i>
                        <i>0.973497 5.88485e-018 -0.2287 0.0622375 0.962259 0.264924 0.220068 -0.272136 0.936756 -3.0608e-017 1.10261 0.519733</i>
                        <i>0.971705 -2.15762e-016 -0.236198 0.0652671 0.961065 0.268505 0.227002 -0.276324 0.933871 2.12704e-017 1.10261 0.519733</i>
                        <i>0.970065 -1.04375e-016 -0.242845 0.0678073 0.960227 0.270862 0.233187 -0.27922 0.931483 4.03855e-018 1.10261 0.519733</i>
                        <i>0.96861 6.97006e-018 -0.248587 0.0696905 0.959899 0.271547 0.238618 -0.280347 0.929767 2.21847e-017 1.10261 0.519733</i>
                        <i>0.96737 -1.03777e-016 -0.253369 0.0708017 0.960163 0.270323 0.243275 -0.279441 0.928832 3.92733e-017 1.10261 0.519733</i>
                        <i>0.966375 -1.03556e-016 -0.257137 0.0711917 0.960909 0.267554 0.247085 -0.276863 0.928599 4.06454e-017 1.10261 0.519733</i>
                        <i>0.965653 -1.03396e-016 -0.259836 0.0709519 0.961996 0.263685 0.249961 -0.273064 0.928954 5.81953e-017 1.10261 0.519733</i>
                        <i>0.965228 -1.03301e-016 -0.261411 0.0701878 0.963281 0.25916 0.251812 -0.268496 0.929785 2.26988e-017 1.10261 0.519733</i>
                        <i>0.965121 -2.143e-016 -0.261805 0.0690152 0.964628 0.254419 0.252544 -0.263613 0.930983 4.1331e-017 1.10261 0.519733</i>
                        <i>0.965349 -1.03328e-016 -0.26096 0.0675553 0.965912 0.249902 0.252065 -0.258872 0.932442 2.4059e-017 1.10261 0.519733</i>
                        <i>0.965926 -1.03456e-016 -0.258819 0.0659292 0.967012 0.246051 0.250281 -0.254731 0.934062 2.12704e-017 1.10261 0.519733</i>
                        <i>0.966745 7.38401e-018 -0.255741 0.0643574 0.967818 0.243282 0.247511 -0.251651 0.935634 2.12704e-017 1.10261 0.519733</i>
                        <i>0.967692 -2.14871e-016 -0.252137 0.0630575 0.968222 0.242012 0.244124 -0.250092 0.93694 7.42908e-017 1.10261 0.519733</i>
                        <i>0.968754 -1.04084e-016 -0.248023 0.0619345 0.96832 0.24191 0.240166 -0.249713 0.938064 3.9308e-017 1.10261 0.519733</i>
                        <i>0.969922 6.67864e-018 -0.243416 0.0608097 0.968293 0.242304 0.235698 -0.249819 0.939168 4.04109e-018 1.10261 0.519733</i>
                        <i>0.971184 -1.04624e-016 -0.238331 0.0596651 0.968157 0.243132 0.230742 -0.250346 0.940258 3.78876e-017 1.10261 0.519733</i>
                        <i>0.972528 -1.04922e-016 -0.232785 0.0584827 0.967927 0.244328 0.225319 -0.25123 0.941337 3.70756e-017 1.10261 0.519733</i>
                        <i>0.973943 -1.05236e-016 -0.226795 0.0572447 0.967621 0.24583 0.219452 -0.252407 0.942407 3.61992e-017 1.10261 0.519733</i>
                        <i>0.975415 -1.05563e-016 -0.220376 0.0559344 0.967253 0.247574 0.213159 -0.253814 0.943473 5.25876e-017 1.10261 0.519733</i>
                        <i>0.976933 -2.16923e-016 -0.213544 0.0545359 0.966839 0.249494 0.206463 -0.255385 0.944538 -1.77985e-017 1.10261 0.519733</i>
                        <i>0.978485 -2.17267e-016 -0.206316 0.0530351 0.966396 0.251527 0.199383 -0.257058 0.945604 -1.55455e-018 1.10261 0.519733</i>
                        <i>0.980059 -2.17617e-016 -0.198709 0.0514193 0.96594 0.253607 0.191941 -0.258767 0.946678 1.46899e-017 1.10261 0.519733</i>
                        <i>0.981641 -1.06946e-016 -0.190739 0.0496778 0.965487 0.255668 0.184156 -0.26045 0.947762 -2.13738e-017 1.10261 0.519733</i>
                        <i>0.98322 -2.18319e-016 -0.182423 0.0478024 0.965057 0.257645 0.176048 -0.262042 0.948863 2.97287e-017 1.10261 0.519733</i>
                        <i>0.984785 -1.07644e-016 -0.173778 0.0457871 0.964665 0.259471 0.167638 -0.26348 0.949987 -6.51415e-018 1.10261 0.519733</i>
                        <i>0.986323 3.03682e-018 -0.164822 0.0436285 0.964331 0.261081 0.158943 -0.264701 0.951142 5.05949e-017 1.10261 0.519733</i>
                        <i>0.987825 2.70348e-018 -0.155572 0.0413262 0.964072 0.262406 0.149982 -0.265641 0.952334 -2.77019e-018 1.10261 0.519733</i>
                        <i>0.989278 2.38077e-018 -0.146045 0.0389137 0.963849 0.263594 0.140765 -0.26645 0.953514 3.3238e-017 1.10261 0.519733</i>
                        <i>0.990673 -1.08951e-016 -0.13626 0.0364173 0.963623 0.264771 0.131303 -0.267264 0.954636 2.30361e-017 1.10261 0.519733</i>
                        <i>0.992 -2.20268e-016 -0.126234 0.0338297 0.963421 0.265848 0.121617 -0.267992 0.955714 2.15878e-017 1.10261 0.519733</i>
                        <i>0.993251 -2.20546e-016 -0.115986 0.0311477 0.963267 0.266733 0.111726 -0.268546 0.956766 3.7753e-017 1.10261 0.519733</i>
