<?xml version="1.0" encoding="ISO-8859-1" ?>
<Animl Version="1">
    <ModellingPackage>
        <![CDATA[Maya.2010]]>
</ModellingPackage>
    <SrcFile>
        <![CDATA[anims\characters\allied\australian\~src\machineguns\lvl1\machinegun_lvl1_user_sweep_low_soldiers.mb]]>
</SrcFile>
    <FramesPerSecond>30</FramesPerSecond>
    <TotalFrames>121</TotalFrames>
    <Skeleton>
        <RefFrame>
            <Name>
                <![CDATA[mg_aus_lvl1_ref_frame]]>
</Name>
            <Exclude>1</Exclude>
            <Additive>0</Additive>
            <KeyFrames count="121">
                <i>1 0 0 0 1 0 0 0 1 0 0 0</i>
                <i>1 0 0 0 1 0 0 0 1 0 0 0</i>
                <i>1 0 0 0 1 0 0 0 1 0 0 0</i>
                <i>1 0 0 0 1 0 0 0 1 0 0 0</i>
                <i>1 0 0 0 1 0 0 0 1 0 0 0</i>
                <i>1 0 0 0 1 0 0 0 1 0 0 0</i>
                <i>1 0 0 0 1 0 0 0 1 0 0 0</i>
                <i>1 0 0 0 1 0 0 0 1 0 0 0</i>
                <i>1 0 0 0 1 0 0 0 1 0 0 0</i>
                <i>1 0 0 0 1 0 0 0 1 0 0 0</i>
                <i>1 0 0 0 1 0 0 0 1 0 0 0</i>
                <i>1 0 0 0 1 0 0 0 1 0 0 0</i>
                <i>1 0 0 0 1 0 0 0 1 0 0 0</i>
                <i>1 0 0 0 1 0 0 0 1 0 0 0</i>
                <i>1 0 0 0 1 0 0 0 1 0 0 0</i>
                <i>1 0 0 0 1 0 0 0 1 0 0 0</i>
                <i>1 0 0 0 1 0 0 0 1 0 0 0</i>
                <i>1 0 0 0 1 0 0 0 1 0 0 0</i>
                <i>1 0 0 0 1 0 0 0 1 0 0 0</i>
                <i>1 0 0 0 1 0 0 0 1 0 0 0</i>
                <i>1 0 0 0 1 0 0 0 1 0 0 0</i>
                <i>1 0 0 0 1 0 0 0 1 0 0 0</i>
                <i>1 0 0 0 1 0 0 0 1 0 0 0</i>
                <i>1 0 0 0 1 0 0 0 1 0 0 0</i>
                <i>1 0 0 0 1 0 0 0 1 0 0 0</i>
                <i>1 0 0 0 1 0 0 0 1 0 0 0</i>
                <i>1 0 0 0 1 0 0 0 1 0 0 0</i>
                <i>1 0 0 0 1 0 0 0 1 0 0 0</i>
                <i>1 0 0 0 1 0 0 0 1 0 0 0</i>
                <i>1 0 0 0 1 0 0 0 1 0 0 0</i>
                <i>1 0 0 0 1 0 0 0 1 0 0 0</i>
                <i>1 0 0 0 1 0 0 0 1 0 0 0</i>
                <i>1 0 0 0 1 0 0 0 1 0 0 0</i>
                <i>1 0 0 0 1 0 0 0 1 0 0 0</i>
                <i>1 0 0 0 1 0 0 0 1 0 0 0</i>
                <i>1 0 0 0 1 0 0 0 1 0 0 0</i>
                <i>1 0 0 0 1 0 0 0 1 0 0 0</i>
                <i>1 0 0 0 1 0 0 0 1 0 0 0</i>
                <i>1 0 0 0 1 0 0 0 1 0 0 0</i>
                <i>1 0 0 0 1 0 0 0 1 0 0 0</i>
                <i>1 0 0 0 1 0 0 0 1 0 0 0</i>
                <i>1 0 0 0 1 0 0 0 1 0 0 0</i>
                <i>1 0 0 0 1 0 0 0 1 0 0 0</i>
                <i>1 0 0 0 1 0 0 0 1 0 0 0</i>
                <i>1 0 0 0 1 0 0 0 1 0 0 0</i>
                <i>1 0 0 0 1 0 0 0 1 0 0 0</i>
                <i>1 0 0 0 1 0 0 0 1 0 0 0</i>
                <i>1 0 0 0 1 0 0 0 1 0 0 0</i>
                <i>1 0 0 0 1 0 0 0 1 0 0 0</i>
                <i>1 0 0 0 1 0 0 0 1 0 0 0</i>
                <i>1 0 0 0 1 0 0 0 1 0 0 0</i>
                <i>1 0 0 0 1 0 0 0 1 0 0 0</i>
                <i>1 0 0 0 1 0 0 0 1 0 0 0</i>
                <i>1 0 0 0 1 0 0 0 1 0 0 0</i>
                <i>1 0 0 0 1 0 0 0 1 0 0 0</i>
                <i>1 0 0 0 1 0 0 0 1 0 0 0</i>
                <i>1 0 0 0 1 0 0 0 1 0 0 0</i>
                <i>1 0 0 0 1 0 0 0 1 0 0 0</i>
                <i>1 0 0 0 1 0 0 0 1 0 0 0</i>
                <i>1 0 0 0 1 0 0 0 1 0 0 0</i>
                <i>1 0 0 0 1 0 0 0 1 0 0 0</i>
                <i>1 0 0 0 1 0 0 0 1 0 0 0</i>
                <i>1 0 0 0 1 0 0 0 1 0 0 0</i>
                <i>1 0 0 0 1 0 0 0 1 0 0 0</i>
                <i>1 0 0 0 1 0 0 0 1 0 0 0</i>
                <i>1 0 0 0 1 0 0 0 1 0 0 0</i>
                <i>1 0 0 0 1 0 0 0 1 0 0 0</i>
                <i>1 0 0 0 1 0 0 0 1 0 0 0</i>
                <i>1 0 0 0 1 0 0 0 1 0 0 0</i>
                <i>1 0 0 0 1 0 0 0 1 0 0 0</i>
                <i>1 0 0 0 1 0 0 0 1 0 0 0</i>
                <i>1 0 0 0 1 0 0 0 1 0 0 0</i>
                <i>1 0 0 0 1 0 0 0 1 0 0 0</i>
                <i>1 0 0 0 1 0 0 0 1 0 0 0</i>
                <i>1 0 0 0 1 0 0 0 1 0 0 0</i>
                <i>1 0 0 0 1 0 0 0 1 0 0 0</i>
                <i>1 0 0 0 1 0 0 0 1 0 0 0</i>
                <i>1 0 0 0 1 0 0 0 1 0 0 0</i>
                <i>1 0 0 0 1 0 0 0 1 0 0 0</i>
                <i>1 0 0 0 1 0 0 0 1 0 0 0</i>
                <i>1 0 0 0 1 0 0 0 1 0 0 0</i>
                <i>1 0 0 0 1 0 0 0 1 0 0 0</i>
                <i>1 0 0 0 1 0 0 0 1 0 0 0</i>
                <i>1 0 0 0 1 0 0 0 1 0 0 0</i>
                <i>1 0 0 0 1 0 0 0 1 0 0 0</i>
                <i>1 0 0 0 1 0 0 0 1 0 0 0</i>
                <i>1 0 0 0 1 0 0 0 1 0 0 0</i>
                <i>1 0 0 0 1 0 0 0 1 0 0 0</i>
                <i>1 0 0 0 1 0 0 0 1 0 0 0</i>
                <i>1 0 0 0 1 0 0 0 1 0 0 0</i>
                <i>1 0 0 0 1 0 0 0 1 0 0 0</i>
                <i>1 0 0 0 1 0 0 0 1 0 0 0</i>
                <i>1 0 0 0 1 0 0 0 1 0 0 0</i>
                <i>1 0 0 0 1 0 0 0 1 0 0 0</i>
                <i>1 0 0 0 1 0 0 0 1 0 0 0</i>
                <i>1 0 0 0 1 0 0 0 1 0 0 0</i>
                <i>1 0 0 0 1 0 0 0 1 0 0 0</i>
                <i>1 0 0 0 1 0 0 0 1 0 0 0</i>
                <i>1 0 0 0 1 0 0 0 1 0 0 0</i>
                <i>1 0 0 0 1 0 0 0 1 0 0 0</i>
                <i>1 0 0 0 1 0 0 0 1 0 0 0</i>
                <i>1 0 0 0 1 0 0 0 1 0 0 0</i>
                <i>1 0 0 0 1 0 0 0 1 0 0 0</i>
                <i>1 0 0 0 1 0 0 0 1 0 0 0</i>
                <i>1 0 0 0 1 0 0 0 1 0 0 0</i>
                <i>1 0 0 0 1 0 0 0 1 0 0 0</i>
                <i>1 0 0 0 1 0 0 0 1 0 0 0</i>
                <i>1 0 0 0 1 0 0 0 1 0 0 0</i>
                <i>1 0 0 0 1 0 0 0 1 0 0 0</i>
                <i>1 0 0 0 1 0 0 0 1 0 0 0</i>
                <i>1 0 0 0 1 0 0 0 1 0 0 0</i>
                <i>1 0 0 0 1 0 0 0 1 0 0 0</i>
                <i>1 0 0 0 1 0 0 0 1 0 0 0</i>
                <i>1 0 0 0 1 0 0 0 1 0 0 0</i>
                <i>1 0 0 0 1 0 0 0 1 0 0 0</i>
                <i>1 0 0 0 1 0 0 0 1 0 0 0</i>
                <i>1 0 0 0 1 0 0 0 1 0 0 0</i>
                <i>1 0 0 0 1 0 0 0 1 0 0 0</i>
                <i>1 0 0 0 1 0 0 0 1 0 0 0</i>
                <i>1 0 0 0 1 0 0 0 1 0 0 0</i>
                <i>1 0 0 0 1 0 0 0 1 0 0 0</i>
            </KeyFrames>
        </RefFrame>
        <Bones count="5">
            <i>
                <p>
                    <Name>
                        <![CDATA[root]]>
</Name>
                    <Exclude>1</Exclude>
                    <Additive>0</Additive>
                    <KeyFrames count="121">
                        <i>2.22045e-016 1 0 -1 2.22045e-016 0 0 0 1 0 0 0</i>
                        <i>2.22045e-016 1 0 -1 2.22045e-016 0 0 0 1 0 0 0</i>
                        <i>2.22045e-016 1 0 -1 2.22045e-016 0 0 0 1 0 0 0</i>
                        <i>2.22045e-016 1 0 -1 2.22045e-016 0 0 0 1 0 0 0</i>
                        <i>2.22045e-016 1 0 -1 2.22045e-016 0 0 0 1 0 0 0</i>
                        <i>2.22045e-016 1 0 -1 2.22045e-016 0 0 0 1 0 0 0</i>
                        <i>2.22045e-016 1 0 -1 2.22045e-016 0 0 0 1 0 0 0</i>
                        <i>2.22045e-016 1 0 -1 2.22045e-016 0 0 0 1 0 0 0</i>
                        <i>2.22045e-016 1 0 -1 2.22045e-016 0 0 0 1 0 0 0</i>
                        <i>2.22045e-016 1 0 -1 2.22045e-016 0 0 0 1 0 0 0</i>
                        <i>2.22045e-016 1 0 -1 2.22045e-016 0 0 0 1 0 0 0</i>
                        <i>2.22045e-016 1 0 -1 2.22045e-016 0 0 0 1 0 0 0</i>
                        <i>2.22045e-016 1 0 -1 2.22045e-016 0 0 0 1 0 0 0</i>
                        <i>2.22045e-016 1 0 -1 2.22045e-016 0 0 0 1 0 0 0</i>
                        <i>2.22045e-016 1 0 -1 2.22045e-016 0 0 0 1 0 0 0</i>
                        <i>2.22045e-016 1 0 -1 2.22045e-016 0 0 0 1 0 0 0</i>
                        <i>2.22045e-016 1 0 -1 2.22045e-016 0 0 0 1 0 0 0</i>
                        <i>2.22045e-016 1 0 -1 2.22045e-016 0 0 0 1 0 0 0</i>
                        <i>2.22045e-016 1 0 -1 2.22045e-016 0 0 0 1 0 0 0</i>
                        <i>2.22045e-016 1 0 -1 2.22045e-016 0 0 0 1 0 0 0</i>
                        <i>2.22045e-016 1 0 -1 2.22045e-016 0 0 0 1 0 0 0</i>
                        <i>2.22045e-016 1 0 -1 2.22045e-016 0 0 0 1 0 0 0</i>
                        <i>2.22045e-016 1 0 -1 2.22045e-016 0 0 0 1 0 0 0</i>
                        <i>2.22045e-016 1 0 -1 2.22045e-016 0 0 0 1 0 0 0</i>
                        <i>2.22045e-016 1 0 -1 2.22045e-016 0 0 0 1 0 0 0</i>
                        <i>2.22045e-016 1 0 -1 2.22045e-016 0 0 0 1 0 0 0</i>
                        <i>2.22045e-016 1 0 -1 2.22045e-016 0 0 0 1 0 0 0</i>
                        <i>2.22045e-016 1 0 -1 2.22045e-016 0 0 0 1 0 0 0</i>
                        <i>2.22045e-016 1 0 -1 2.22045e-016 0 0 0 1 0 0 0</i>
                        <i>2.22045e-016 1 0 -1 2.22045e-016 0 0 0 1 0 0 0</i>
                        <i>2.22045e-016 1 0 -1 2.22045e-016 0 0 0 1 0 0 0</i>
                        <i>2.22045e-016 1 0 -1 2.22045e-016 0 0 0 1 0 0 0</i>
                        <i>2.22045e-016 1 0 -1 2.22045e-016 0 0 0 1 0 0 0</i>
                        <i>2.22045e-016 1 0 -1 2.22045e-016 0 0 0 1 0 0 0</i>
                        <i>2.22045e-016 1 0 -1 2.22045e-016 0 0 0 1 0 0 0</i>
                        <i>2.22045e-016 1 0 -1 2.22045e-016 0 0 0 1 0 0 0</i>
                        <i>2.22045e-016 1 0 -1 2.22045e-016 0 0 0 1 0 0 0</i>
                        <i>2.22045e-016 1 0 -1 2.22045e-016 0 0 0 1 0 0 0</i>
                        <i>2.22045e-016 1 0 -1 2.22045e-016 0 0 0 1 0 0 0</i>
                        <i>2.22045e-016 1 0 -1 2.22045e-016 0 0 0 1 0 0 0</i>
                        <i>2.22045e-016 1 0 -1 2.22045e-016 0 0 0 1 0 0 0</i>
                        <i>2.22045e-016 1 0 -1 2.22045e-016 0 0 0 1 0 0 0</i>
                        <i>2.22045e-016 1 0 -1 2.22045e-016 0 0 0 1 0 0 0</i>
                        <i>2.22045e-016 1 0 -1 2.22045e-016 0 0 0 1 0 0 0</i>
                        <i>2.22045e-016 1 0 -1 2.22045e-016 0 0 0 1 0 0 0</i>
                        <i>2.22045e-016 1 0 -1 2.22045e-016 0 0 0 1 0 0 0</i>
                        <i>2.22045e-016 1 0 -1 2.22045e-016 0 0 0 1 0 0 0</i>
                        <i>2.22045e-016 1 0 -1 2.22045e-016 0 0 0 1 0 0 0</i>
                        <i>2.22045e-016 1 0 -1 2.22045e-016 0 0 0 1 0 0 0</i>
                        <i>2.22045e-016 1 0 -1 2.22045e-016 0 0 0 1 0 0 0</i>
                        <i>2.22045e-016 1 0 -1 2.22045e-016 0 0 0 1 0 0 0</i>
                        <i>2.22045e-016 1 0 -1 2.22045e-016 0 0 0 1 0 0 0</i>
                        <i>2.22045e-016 1 0 -1 2.22045e-016 0 0 0 1 0 0 0</i>
                        <i>2.22045e-016 1 0 -1 2.22045e-016 0 0 0 1 0 0 0</i>
                        <i>2.22045e-016 1 0 -1 2.22045e-016 0 0 0 1 0 0 0</i>
                        <i>2.22045e-016 1 0 -1 2.22045e-016 0 0 0 1 0 0 0</i>
                        <i>2.22045e-016 1 0 -1 2.22045e-016 0 0 0 1 0 0 0</i>
                        <i>2.22045e-016 1 0 -1 2.22045e-016 0 0 0 1 0 0 0</i>
                        <i>2.22045e-016 1 0 -1 2.22045e-016 0 0 0 1 0 0 0</i>
                        <i>2.22045e-016 1 0 -1 2.22045e-016 0 0 0 1 0 0 0</i>
                        <i>2.22045e-016 1 0 -1 2.22045e-016 0 0 0 1 0 0 0</i>
                        <i>2.22045e-016 1 0 -1 2.22045e-016 0 0 0 1 0 0 0</i>
                        <i>2.22045e-016 1 0 -1 2.22045e-016 0 0 0 1 0 0 0</i>
                        <i>2.22045e-016 1 0 -1 2.22045e-016 0 0 0 1 0 0 0</i>
                        <i>2.22045e-016 1 0 -1 2.22045e-016 0 0 0 1 0 0 0</i>
                        <i>2.22045e-016 1 0 -1 2.22045e-016 0 0 0 1 0 0 0</i>
                        <i>2.22045e-016 1 0 -1 2.22045e-016 0 0 0 1 0 0 0</i>
                        <i>2.22045e-016 1 0 -1 2.22045e-016 0 0 0 1 0 0 0</i>
                        <i>2.22045e-016 1 0 -1 2.22045e-016 0 0 0 1 0 0 0</i>
                        <i>2.22045e-016 1 0 -1 2.22045e-016 0 0 0 1 0 0 0</i>
                        <i>2.22045e-016 1 0 -1 2.22045e-016 0 0 0 1 0 0 0</i>
                        <i>2.22045e-016 1 0 -1 2.22045e-016 0 0 0 1 0 0 0</i>
                        <i>2.22045e-016 1 0 -1 2.22045e-016 0 0 0 1 0 0 0</i>
                        <i>2.22045e-016 1 0 -1 2.22045e-016 0 0 0 1 0 0 0</i>
                        <i>2.22045e-016 1 0 -1 2.22045e-016 0 0 0 1 0 0 0</i>
                        <i>2.22045e-016 1 0 -1 2.22045e-016 0 0 0 1 0 0 0</i>
                        <i>2.22045e-016 1 0 -1 2.22045e-016 0 0 0 1 0 0 0</i>
                        <i>2.22045e-016 1 0 -1 2.22045e-016 0 0 0 1 0 0 0</i>
                        <i>2.22045e-016 1 0 -1 2.22045e-016 0 0 0 1 0 0 0</i>
                        <i>2.22045e-016 1 0 -1 2.22045e-016 0 0 0 1 0 0 0</i>
                        <i>2.22045e-016 1 0 -1 2.22045e-016 0 0 0 1 0 0 0</i>
                        <i>2.22045e-016 1 0 -1 2.22045e-016 0 0 0 1 0 0 0</i>
                        <i>2.22045e-016 1 0 -1 2.22045e-016 0 0 0 1 0 0 0</i>
                        <i>2.22045e-016 1 0 -1 2.22045e-016 0 0 0 1 0 0 0</i>
                        <i>2.22045e-016 1 0 -1 2.22045e-016 0 0 0 1 0 0 0</i>
                        <i>2.22045e-016 1 0 -1 2.22045e-016 0 0 0 1 0 0 0</i>
                        <i>2.22045e-016 1 0 -1 2.22045e-016 0 0 0 1 0 0 0</i>
                        <i>2.22045e-016 1 0 -1 2.22045e-016 0 0 0 1 0 0 0</i>
                        <i>2.22045e-016 1 0 -1 2.22045e-016 0 0 0 1 0 0 0</i>
                        <i>2.22045e-016 1 0 -1 2.22045e-016 0 0 0 1 0 0 0</i>
                        <i>2.22045e-016 1 0 -1 2.22045e-016 0 0 0 1 0 0 0</i>
                        <i>2.22045e-016 1 0 -1 2.22045e-016 0 0 0 1 0 0 0</i>
                        <i>2.22045e-016 1 0 -1 2.22045e-016 0 0 0 1 0 0 0</i>
                        <i>2.22045e-016 1 0 -1 2.22045e-016 0 0 0 1 0 0 0</i>
                        <i>2.22045e-016 1 0 -1 2.22045e-016 0 0 0 1 0 0 0</i>
                        <i>2.22045e-016 1 0 -1 2.22045e-016 0 0 0 1 0 0 0</i>
                        <i>2.22045e-016 1 0 -1 2.22045e-016 0 0 0 1 0 0 0</i>
                        <i>2.22045e-016 1 0 -1 2.22045e-016 0 0 0 1 0 0 0</i>
                        <i>2.22045e-016 1 0 -1 2.22045e-016 0 0 0 1 0 0 0</i>
                        <i>2.22045e-016 1 0 -1 2.22045e-016 0 0 0 1 0 0 0</i>
                        <i>2.22045e-016 1 0 -1 2.22045e-016 0 0 0 1 0 0 0</i>
                        <i>2.22045e-016 1 0 -1 2.22045e-016 0 0 0 1 0 0 0</i>
                        <i>2.22045e-016 1 0 -1 2.22045e-016 0 0 0 1 0 0 0</i>
                        <i>2.22045e-016 1 0 -1 2.22045e-016 0 0 0 1 0 0 0</i>
                        <i>2.22045e-016 1 0 -1 2.22045e-016 0 0 0 1 0 0 0</i>
                        <i>2.22045e-016 1 0 -1 2.22045e-016 0 0 0 1 0 0 0</i>
                        <i>2.22045e-016 1 0 -1 2.22045e-016 0 0 0 1 0 0 0</i>
                        <i>2.22045e-016 1 0 -1 2.22045e-016 0 0 0 1 0 0 0</i>
                        <i>2.22045e-016 1 0 -1 2.22045e-016 0 0 0 1 0 0 0</i>
                        <i>2.22045e-016 1 0 -1 2.22045e-016 0 0 0 1 0 0 0</i>
                        <i>2.22045e-016 1 0 -1 2.22045e-016 0 0 0 1 0 0 0</i>
                        <i>2.22045e-016 1 0 -1 2.22045e-016 0 0 0 1 0 0 0</i>
                        <i>2.22045e-016 1 0 -1 2.22045e-016 0 0 0 1 0 0 0</i>
                        <i>2.22045e-016 1 0 -1 2.22045e-016 0 0 0 1 0 0 0</i>
                        <i>2.22045e-016 1 0 -1 2.22045e-016 0 0 0 1 0 0 0</i>
                        <i>2.22045e-016 1 0 -1 2.22045e-016 0 0 0 1 0 0 0</i>
                        <i>2.22045e-016 1 0 -1 2.22045e-016 0 0 0 1 0 0 0</i>
                        <i>2.22045e-016 1 0 -1 2.22045e-016 0 0 0 1 0 0 0</i>
                        <i>2.22045e-016 1 0 -1 2.22045e-016 0 0 0 1 0 0 0</i>
                        <i>2.22045e-016 1 0 -1 2.22045e-016 0 0 0 1 0 0 0</i>
                        <i>2.22045e-016 1 0 -1 2.22045e-016 0 0 0 1 0 0 0</i>
                    </KeyFrames>
                </p>
            </i>
            <i>
                <p>
                    <Name>
                        <![CDATA[gun_yaw]]>
</Name>
                    <Exclude>0</Exclude>
                    <Additive>0</Additive>
                    <KeyFrames count="121">
                        <i>2.22045e-016 1 0 -1 2.22045e-016 0 0 0 1 0 1.00682 0.519733</i>
                        <i>2.22045e-016 1 0 -1 2.22045e-016 0.000848025 0.000848025 -1.88299e-019 1 0 1.00682 0.519733</i>
                        <i>2.22045e-016 1 0 -0.999999 2.22044e-016 0.00168009 0.00168009 -3.73054e-019 0.999999 0 1.00682 0.519733</i>
                        <i>2.22045e-016 1 0 -0.999997 2.22044e-016 0.00249481 0.00249481 -5.5396e-019 0.999997 0 1.00682 0.519733</i>
                        <i>2.22045e-016 1 0 -0.999995 2.22043e-016 0.00329083 0.00329083 -7.3071e-019 0.999995 0 1.00682 0.519733</i>
                        <i>2.22045e-016 1 0 -0.999992 2.22043e-016 0.00406675 0.00406675 -9.03e-019 0.999992 0 1.00682 0.519733</i>
                        <i>2.22045e-016 1 0 -0.999988 2.22042e-016 0.00482122 0.00482122 -1.07052e-018 0.999988 0 1.00682 0.519733</i>
                        <i>2.22045e-016 1 0 -0.999985 2.22041e-016 0.00555284 0.00555284 -1.23298e-018 0.999985 0 1.00682 0.519733</i>
                        <i>2.22045e-016 1 0 -0.99998 2.2204e-016 0.00626026 0.00626026 -1.39006e-018 0.99998 0 1.00682 0.519733</i>
                        <i>2.22045e-016 1 0 -0.999976 2.22039e-016 0.00694209 0.00694209 -1.54145e-018 0.999976 0 1.00682 0.519733</i>
                        <i>2.22045e-016 1 0 -0.999971 2.22038e-016 0.00759696 0.00759696 -1.68686e-018 0.999971 0 1.00682 0.519733</i>
                        <i>2.22045e-016 1 0 -0.999966 2.22037e-016 0.0082235 0.0082235 -1.82598e-018 0.999966 0 1.00682 0.519733</i>
                        <i>2.22045e-016 1 0 -0.999961 2.22036e-016 0.00882033 0.00882033 -1.95851e-018 0.999961 0 1.00682 0.519733</i>
                        <i>2.22045e-016 1 0 -0.999956 2.22035e-016 0.00938607 0.00938607 -2.08413e-018 0.999956 0 1.00682 0.519733</i>
                        <i>2.22045e-016 1 0 -0.999951 2.22034e-016 0.00991936 0.00991936 -2.20254e-018 0.999951 0 1.00682 0.519733</i>
                        <i>2.22045e-016 1 0 -0.999946 2.22033e-016 0.0104188 0.0104188 -2.31344e-018 0.999946 0 1.00682 0.519733</i>
                        <i>2.22045e-016 1 0 -0.999941 2.22031e-016 0.0108831 0.0108831 -2.41653e-018 0.999941 0 1.00682 0.519733</i>
                        <i>2.22045e-016 1 0 -0.999936 2.2203e-016 0.0113107 0.0113107 -2.51149e-018 0.999936 0 1.00682 0.519733</i>
                        <i>2.22045e-016 1 0 -0.999932 2.22029e-016 0.0117005 0.0117005 -2.59803e-018 0.999932 0 1.00682 0.519733</i>
                        <i>2.22045e-016 1 0 -0.999927 2.22028e-016 0.0120509 0.0120509 -2.67583e-018 0.999927 0 1.00682 0.519733</i>
                        <i>2.22045e-016 1 0 -0.999924 2.22028e-016 0.0123606 0.0123606 -2.7446e-018 0.999924 0 1.00682 0.519733</i>
                        <i>2.22045e-016 1 0 -0.99992 2.22027e-016 0.0126282 0.0126282 -2.80402e-018 0.99992 0 1.00682 0.519733</i>
                        <i>2.22045e-016 1 0 -0.999917 2.22026e-016 0.0128524 0.0128524 -2.8538e-018 0.999917 0 1.00682 0.519733</i>
                        <i>2.22045e-016 1 0 -0.999915 2.22026e-016 0.0130317 0.0130317 -2.89362e-018 0.999915 0 1.00682 0.519733</i>
                        <i>2.22045e-016 1 0 -0.999913 2.22025e-016 0.0131649 0.0131649 -2.92319e-018 0.999913 0 1.00682 0.519733</i>
                        <i>2.22045e-016 1 0 -0.999912 2.22025e-016 0.0132504 0.0132504 -2.94219e-018 0.999912 0 1.00682 0.519733</i>
                        <i>2.22045e-016 1 0 -0.999912 2.22025e-016 0.0132871 0.0132871 -2.95033e-018 0.999912 0 1.00682 0.519733</i>
                        <i>2.22045e-016 1 0 -0.999912 2.22025e-016 0.0132734 0.0132734 -2.94729e-018 0.999912 0 1.00682 0.519733</i>
                        <i>2.22045e-016 1 0 -0.999913 2.22025e-016 0.013208 0.013208 -2.93277e-018 0.999913 0 1.00682 0.519733</i>
                        <i>2.22045e-016 1 0 -0.999914 2.22026e-016 0.0130896 0.0130896 -2.90647e-018 0.999914 0 1.00682 0.519733</i>
                        <i>2.22045e-016 1 0 -0.999916 2.22026e-016 0.0129303 0.0129303 -2.87111e-018 0.999916 0 1.00682 0.519733</i>
                        <i>2.22045e-016 1 0 -0.999919 2.22027e-016 0.012744 0.012744 -2.82974e-018 0.999919 0 1.00682 0.519733</i>
                        <i>2.22045e-016 1 0 -0.999922 2.22027e-016 0.0125316 0.0125316 -2.78258e-018 0.999922 0 1.00682 0.519733</i>
                        <i>2.22045e-016 1 0 -0.999924 2.22028e-016 0.012294 0.012294 -2.72981e-018 0.999924 0 1.00682 0.519733</i>
                        <i>2.22045e-016 1 0 -0.999928 2.22029e-016 0.0120321 0.0120321 -2.67166e-018 0.999928 0 1.00682 0.519733</i>
                        <i>2.22045e-016 1 0 -0.999931 2.22029e-016 0.0117468 0.0117468 -2.60831e-018 0.999931 0 1.00682 0.519733</i>
                        <i>2.22045e-016 1 0 -0.999935 2.2203e-016 0.011439 0.011439 -2.53997e-018 0.999935 0 1.00682 0.519733</i>
                        <i>2.22045e-016 1 0 -0.999938 2.22031e-016 0.0111097 0.0111097 -2.46686e-018 0.999938 0 1.00682 0.519733</i>
                        <i>2.22045e-016 1 0 -0.999942 2.22032e-016 0.0107598 0.0107598 -2.38916e-018 0.999942 0 1.00682 0.519733</i>
                        <i>2.22045e-016 1 0 -0.999946 2.22033e-016 0.0103902 0.0103902 -2.3071e-018 0.999946 0 1.00682 0.519733</i>
                        <i>2.22045e-016 1 0 -0.99995 2.22034e-016 0.0100018 0.0100018 -2.22086e-018 0.99995 0 1.00682 0.519733</i>
                        <i>2.22045e-016 1 0 -0.999954 2.22034e-016 0.00959559 0.00959559 -2.13065e-018 0.999954 0 1.00682 0.519733</i>
                        <i>2.22045e-016 1 0 -0.999958 2.22035e-016 0.00917238 0.00917238 -2.03668e-018 0.999958 0 1.00682 0.519733</i>
                        <i>2.22045e-016 1 0 -0.999962 2.22036e-016 0.00873314 0.00873314 -1.93915e-018 0.999962 0 1.00682 0.519733</i>
                        <i>2.22045e-016 1 0 -0.999966 2.22037e-016 0.00827878 0.00827878 -1.83826e-018 0.999966 0 1.00682 0.519733</i>
                        <i>2.22045e-016 1 0 -0.999969 2.22038e-016 0.00781022 0.00781022 -1.73422e-018 0.999969 0 1.00682 0.519733</i>
                        <i>2.22045e-016 1 0 -0.999973 2.22039e-016 0.00732839 0.00732839 -1.62723e-018 0.999973 0 1.00682 0.519733</i>
                        <i>2.22045e-016 1 0 -0.999977 2.22039e-016 0.00683419 0.00683419 -1.51749e-018 0.999977 0 1.00682 0.519733</i>
                        <i>2.22045e-016 1 0 -0.99998 2.2204e-016 0.00632854 0.00632854 -1.40522e-018 0.99998 0 1.00682 0.519733</i>
                        <i>2.22045e-016 1 0 -0.999983 2.22041e-016 0.00581237 0.00581237 -1.29061e-018 0.999983 0 1.00682 0.519733</i>
                        <i>2.22045e-016 1 0 -0.999986 2.22042e-016 0.00528659 0.00528659 -1.17386e-018 0.999986 0 1.00682 0.519733</i>
                        <i>2.22045e-016 1 0 -0.999989 2.22042e-016 0.00475212 0.00475212 -1.05518e-018 0.999989 0 1.00682 0.519733</i>
                        <i>2.22045e-016 1 0 -0.999991 2.22043e-016 0.00420987 0.00420987 -9.34778e-019 0.999991 0 1.00682 0.519733</i>
                        <i>2.22045e-016 1 0 -0.999993 2.22043e-016 0.00366076 0.00366076 -8.12852e-019 0.999993 0 1.00682 0.519733</i>
                        <i>2.22045e-016 1 0 -0.999995 2.22044e-016 0.00310571 0.00310571 -6.89607e-019 0.999995 0 1.00682 0.519733</i>
                        <i>2.22045e-016 1 0 -0.999997 2.22044e-016 0.00254565 0.00254565 -5.65247e-019 0.999997 0 1.00682 0.519733</i>
                        <i>2.22045e-016 1 0 -0.999998 2.22044e-016 0.00198148 0.00198148 -4.39977e-019 0.999998 0 1.00682 0.519733</i>
                        <i>2.22045e-016 1 0 -0.999999 2.22044e-016 0.00141412 0.00141412 -3.13998e-019 0.999999 0 1.00682 0.519733</i>
                        <i>2.22045e-016 1 0 -1 2.22045e-016 0.000844495 0.000844495 -1.87516e-019 1 0 1.00682 0.519733</i>
                        <i>2.22045e-016 1 0 -1 2.22045e-016 0.00027352 0.00027352 -6.07337e-020 1 0 1.00682 0.519733</i>
                        <i>2.22045e-016 1 0 -1 2.22045e-016 -0.000297888 -0.000297888 6.61443e-020 1 0 1.00682 0.519733</i>
                        <i>2.22045e-016 1 0 -1 2.22045e-016 -0.00086881 -0.00086881 1.92915e-019 1 0 1.00682 0.519733</i>
                        <i>2.22045e-016 1 0 -0.999999 2.22044e-016 -0.00143833 -0.00143833 3.19373e-019 0.999999 0 1.00682 0.519733</i>
                        <i>2.22045e-016 1 0 -0.999998 2.22044e-016 -0.00200553 -0.00200553 4.45318e-019 0.999998 0 1.00682 0.519733</i>
                        <i>2.22045e-016 1 0 -0.999997 2.22044e-016 -0.00256949 -0.00256949 5.70542e-019 0.999997 0 1.00682 0.519733</i>
                        <i>2.22045e-016 1 0 -0.999995 2.22044e-016 -0.0031293 -0.0031293 6.94844e-019 0.999995 0 1.00682 0.519733</i>
                        <i>2.22045e-016 1 0 -0.999993 2.22043e-016 -0.00368403 -0.00368403 8.18019e-019 0.999993 0 1.00682 0.519733</i>
                        <i>2.22045e-016 1 0 -0.999991 2.22043e-016 -0.00423277 -0.00423277 9.39863e-019 0.999991 0 1.00682 0.519733</i>
                        <i>2.22045e-016 1 0 -0.999989 2.22042e-016 -0.0047746 -0.0047746 1.06017e-018 0.999989 0 1.00682 0.519733</i>
                        <i>2.22045e-016 1 0 -0.999986 2.22041e-016 -0.0053086 -0.0053086 1.17875e-018 0.999986 0 1.00682 0.519733</i>
                        <i>2.22045e-016 1 0 -0.999983 2.22041e-016 -0.00583386 -0.00583386 1.29538e-018 0.999983 0 1.00682 0.519733</i>
                        <i>2.22045e-016 1 0 -0.99998 2.2204e-016 -0.00634945 -0.00634945 1.40986e-018 0.99998 0 1.00682 0.519733</i>
                        <i>2.22045e-016 1 0 -0.999977 2.22039e-016 -0.00685447 -0.00685447 1.522e-018 0.999977 0 1.00682 0.519733</i>
                        <i>2.22045e-016 1 0 -0.999973 2.22039e-016 -0.00734799 -0.00734799 1.63158e-018 0.999973 0 1.00682 0.519733</i>
                        <i>2.22045e-016 1 0 -0.999969 2.22038e-016 -0.00782909 -0.00782909 1.73841e-018 0.999969 0 1.00682 0.519733</i>
                        <i>2.22045e-016 1 0 -0.999966 2.22037e-016 -0.00829686 -0.00829686 1.84227e-018 0.999966 0 1.00682 0.519733</i>
                        <i>2.22045e-016 1 0 -0.999962 2.22036e-016 -0.00875038 -0.00875038 1.94297e-018 0.999962 0 1.00682 0.519733</i>
                        <i>2.22045e-016 1 0 -0.999958 2.22035e-016 -0.00918873 -0.00918873 2.04031e-018 0.999958 0 1.00682 0.519733</i>
                        <i>2.22045e-016 1 0 -0.999954 2.22034e-016 -0.00961099 -0.00961099 2.13407e-018 0.999954 0 1.00682 0.519733</i>
                        <i>2.22045e-016 1 0 -0.99995 2.22033e-016 -0.0100163 -0.0100163 2.22406e-018 0.99995 0 1.00682 0.519733</i>
                        <i>2.22045e-016 1 0 -0.999946 2.22033e-016 -0.0104036 -0.0104036 2.31006e-018 0.999946 0 1.00682 0.519733</i>
                        <i>2.22045e-016 1 0 -0.999942 2.22032e-016 -0.0107721 -0.0107721 2.39189e-018 0.999942 0 1.00682 0.519733</i>
                        <i>2.22045e-016 1 0 -0.999938 2.22031e-016 -0.0111209 -0.0111209 2.46933e-018 0.999938 0 1.00682 0.519733</i>
                        <i>2.22045e-016 1 0 -0.999934 2.2203e-016 -0.0114489 -0.0114489 2.54217e-018 0.999934 0 1.00682 0.519733</i>
                        <i>2.22045e-016 1 0 -0.999931 2.22029e-016 -0.0117554 -0.0117554 2.61023e-018 0.999931 0 1.00682 0.519733</i>
                        <i>2.22045e-016 1 0 -0.999928 2.22029e-016 -0.0120394 -0.0120394 2.67328e-018 0.999928 0 1.00682 0.519733</i>
                        <i>2.22045e-016 1 0 -0.999924 2.22028e-016 -0.0123 -0.0123 2.73114e-018 0.999924 0 1.00682 0.519733</i>
                        <i>2.22045e-016 1 0 -0.999921 2.22027e-016 -0.0125362 -0.0125362 2.78359e-018 0.999921 0 1.00682 0.519733</i>
                        <i>2.22045e-016 1 0 -0.999919 2.22027e-016 -0.0127471 -0.0127471 2.83043e-018 0.999919 0 1.00682 0.519733</i>
                        <i>2.22045e-016 1 0 -0.999916 2.22026e-016 -0.0129319 -0.0129319 2.87146e-018 0.999916 0 1.00682 0.519733</i>
                        <i>2.22045e-016 1 0 -0.999914 2.22026e-016 -0.0130896 -0.0130896 2.90647e-018 0.999914 0 1.00682 0.519733</i>
                        <i>2.22045e-016 1 0 -0.999913 2.22025e-016 -0.0132089 -0.0132089 2.93297e-018 0.999913 0 1.00682 0.519733</i>
                        <i>2.22045e-016 1 0 -0.999912 2.22025e-016 -0.0132799 -0.0132799 2.94873e-018 0.999912 0 1.00682 0.519733</i>
                        <i>2.22045e-016 1 0 -0.999911 2.22025e-016 -0.0133036 -0.0133036 2.95399e-018 0.999911 0 1.00682 0.519733</i>
                        <i>2.22045e-016 1 0 -0.999912 2.22025e-016 -0.0132811 -0.0132811 2.949e-018 0.999912 0 1.00682 0.519733</i>
                        <i>2.22045e-016 1 0 -0.999913 2.22025e-016 -0.0132136 -0.0132136 2.934e-018 0.999913 0 1.00682 0.519733</i>
                        <i>2.22045e-016 1 0 -0.999914 2.22026e-016 -0.0131019 -0.0131019 2.90921e-018 0.999914 0 1.00682 0.519733</i>
                        <i>2.22045e-016 1 0 -0.999916 2.22026e-016 -0.0129473 -0.0129473 2.87489e-018 0.999916 0 1.00682 0.519733</i>
                        <i>2.22045e-016 1 0 -0.999919 2.22027e-016 -0.0127509 -0.0127509 2.83126e-018 0.999919 0 1.00682 0.519733</i>
                        <i>2.22045e-016 1 0 -0.999922 2.22027e-016 -0.0125136 -0.0125136 2.77857e-018 0.999922 0 1.00682 0.519733</i>
                        <i>2.22045e-016 1 0 -0.999925 2.22028e-016 -0.0122365 -0.0122365 2.71705e-018 0.999925 0 1.00682 0.519733</i>
                        <i>2.22045e-016 1 0 -0.999929 2.22029e-016 -0.0119208 -0.0119208 2.64694e-018 0.999929 0 1.00682 0.519733</i>
                        <i>2.22045e-016 1 0 -0.999933 2.2203e-016 -0.0115674 -0.0115674 2.56849e-018 0.999933 0 1.00682 0.519733</i>
                        <i>2.22045e-016 1 0 -0.999938 2.22031e-016 -0.0111776 -0.0111776 2.48192e-018 0.999938 0 1.00682 0.519733</i>
                        <i>2.22045e-016 1 0 -0.999942 2.22032e-016 -0.0107522 -0.0107522 2.38748e-018 0.999942 0 1.00682 0.519733</i>
                        <i>2.22045e-016 1 0 -0.999947 2.22033e-016 -0.0102925 -0.0102925 2.2854e-018 0.999947 0 1.00682 0.519733</i>
                        <i>2.22045e-016 1 0 -0.999952 2.22034e-016 -0.0097995 -0.0097995 2.17593e-018 0.999952 0 1.00682 0.519733</i>
                        <i>2.22045e-016 1 0 -0.999957 2.22035e-016 -0.00927424 -0.00927424 2.05929e-018 0.999957 0 1.00682 0.519733</i>
                        <i>2.22045e-016 1 0 -0.999962 2.22036e-016 -0.0087178 -0.0087178 1.93574e-018 0.999962 0 1.00682 0.519733</i>
                        <i>2.22045e-016 1 0 -0.999967 2.22037e-016 -0.00813127 -0.00813127 1.8055e-018 0.999967 0 1.00682 0.519733</i>
                        <i>2.22045e-016 1 0 -0.999972 2.22038e-016 -0.00751572 -0.00751572 1.66882e-018 0.999972 0 1.00682 0.519733</i>
                        <i>2.22045e-016 1 0 -0.999976 2.22039e-016 -0.00687221 -0.00687221 1.52594e-018 0.999976 0 1.00682 0.519733</i>
                        <i>2.22045e-016 1 0 -0.999981 2.2204e-016 -0.00620183 -0.00620183 1.37708e-018 0.999981 0 1.00682 0.519733</i>
                        <i>2.22045e-016 1 0 -0.999985 2.22041e-016 -0.00550565 -0.00550565 1.2225e-018 0.999985 0 1.00682 0.519733</i>
                        <i>2.22045e-016 1 0 -0.999989 2.22042e-016 -0.00478474 -0.00478474 1.06242e-018 0.999989 0 1.00682 0.519733</i>
                        <i>2.22045e-016 1 0 -0.999992 2.22043e-016 -0.00404016 -0.00404016 8.97097e-019 0.999992 0 1.00682 0.519733</i>
                        <i>2.22045e-016 1 0 -0.999995 2.22043e-016 -0.003273 -0.003273 7.26752e-019 0.999995 0 1.00682 0.519733</i>
                        <i>2.22045e-016 1 0 -0.999997 2.22044e-016 -0.00248433 -0.00248433 5.51633e-019 0.999997 0 1.00682 0.519733</i>
                        <i>2.22045e-016 1 0 -0.999999 2.22044e-016 -0.00167523 -0.00167523 3.71976e-019 0.999999 0 1.00682 0.519733</i>
                        <i>2.22045e-016 1 0 -1 2.22045e-016 -0.00084676 -0.00084676 1.88018e-019 1 0 1.00682 0.519733</i>
                        <i>2.22045e-016 1 0 -1 2.22045e-016 0 0 0 1 0 1.00682 0.519733</i>
                    </KeyFrames>
                </p>
            </i>
            <i>
                <p>
                    <Name>
                        <![CDATA[gun_pitch]]>
</Name>
                    <Exclude>0</Exclude>
                    <Additive>1</Additive>
                    <KeyFrames count="121">
                        <i>1 -2.22045e-016 0 2.14479e-016 0.965926 0.258819 -2.97138e-017 -0.258819 0.965926 0 1.10261 0.519733</i>
                        <i>1 7.94093e-023 -0.000848025 0.000219281 0.96599 0.258579 0.000819184 -0.258579 0.96599 1.57866e-019 1.10261 0.519733</i>
                        <i>0.999999 -1.11022e-016 -0.00168009 0.000433987 0.966062 0.258312 0.00162307 -0.258312 0.96606 -1.42271e-021 1.10261 0.519733</i>
                        <i>0.999997 -1.11022e-016 -0.00249481 0.000643749 0.966136 0.258034 0.00241033 -0.258035 0.966133 2.5317e-019 1.10261 0.519733</i>
                        <i>0.999995 -1.11021e-016 -0.00329083 0.000848253 0.966208 0.257762 0.00317962 -0.257763 0.966203 -3.78869e-019 1.10261 0.519733</i>
                        <i>0.999992 1.83965e-021 -0.00406675 0.00104724 0.966275 0.25751 0.0039296 -0.257512 0.966267 4.76667e-019 1.10261 0.519733</i>
                        <i>0.999988 -2.22042e-016 -0.00482122 0.00124049 0.966332 0.257295 0.0046589 -0.257298 0.966321 1.41661e-018 1.10261 0.519733</i>
                        <i>0.999985 -2.22041e-016 -0.00555284 0.00142784 0.966375 0.257132 0.00536613 -0.257136 0.96636 2.07576e-018 1.10261 0.519733</i>
                        <i>0.99998 4.35428e-021 -0.00626026 0.00160916 0.9664 0.257038 0.00604991 -0.257043 0.966381 1.62128e-018 1.10261 0.519733</i>
                        <i>0.999976 -1.11017e-016 -0.00694209 0.00178451 0.966397 0.25705 0.00670881 -0.257056 0.966373 6.08066e-019 1.10261 0.519733</i>
                        <i>0.999971 -1.11016e-016 -0.00759696 0.00195378 0.966364 0.257171 0.00734143 -0.257179 0.966336 1.25633e-018 1.10261 0.519733</i>
                        <i>0.999966 -2.22037e-016 -0.0082235 0.00211654 0.966311 0.257368 0.00794646 -0.257376 0.966279 1.34547e-018 1.10261 0.519733</i>
                        <i>0.999961 8.64238e-021 -0.00882033 0.00227224 0.966248 0.257604 0.00852262 -0.257614 0.96621 1.43039e-018 1.10261 0.519733</i>
                        <i>0.999956 -2.22035e-016 -0.00938607 0.00242025 0.966183 0.257844 0.00906867 -0.257856 0.966141 9.55809e-019 1.10261 0.519733</i>
                        <i>0.999951 1.09188e-020 -0.00991936 0.00255986 0.966127 0.258054 0.00958336 -0.258067 0.96608 4.76621e-019 1.10261 0.519733</i>
                        <i>0.999946 1.2057e-020 -0.0104188 0.0026909 0.966072 0.258259 0.0100653 -0.258273 0.966019 5.47712e-019 1.10261 0.519733</i>
                        <i>0.999941 1.31555e-020 -0.0108831 0.00281342 0.966008 0.258498 0.0105131 -0.258513 0.96595 6.13796e-019 1.10261 0.519733</i>
                        <i>0.999936 -1.11008e-016 -0.0113107 0.00292686 0.96594 0.258751 0.0109255 -0.258768 0.965878 1.78483e-018 1.10261 0.519733</i>
                        <i>0.999932 -1.11007e-016 -0.0117005 0.00303064 0.965872 0.259001 0.0113012 -0.259019 0.965806 7.30159e-019 1.10261 0.519733</i>
                        <i>0.999927 -2.22028e-016 -0.0120509 0.00312416 0.965811 0.259229 0.0116389 -0.259248 0.965741 7.80046e-019 1.10261 0.519733</i>
                        <i>0.999924 -1.11005e-016 -0.0123606 0.00320679 0.96576 0.259417 0.0119373 -0.259437 0.965686 1.93428e-018 1.10261 0.519733</i>
                        <i>0.99992 1.77083e-020 -0.0126282 0.00327787 0.965725 0.259547 0.0121954 -0.259568 0.965648 -4.26273e-018 1.10261 0.519733</i>
                        <i>0.999917 -2.22026e-016 -0.0128524 0.00333675 0.96571 0.2596 0.0124117 -0.259622 0.965631 8.94167e-019 1.10261 0.519733</i>
                        <i>0.999915 -1.11003e-016 -0.0130317 0.00338288 0.965719 0.259566 0.012585 -0.259589 0.965637 -1.90423e-019 1.10261 0.519733</i>
                        <i>0.999913 -1.11003e-016 -0.0131649 0.00341606 0.965748 0.25946 0.0127139 -0.259483 0.965664 9.38667e-019 1.10261 0.519733</i>
                        <i>0.999912 -1.11003e-016 -0.0132504 0.00343615 0.965791 0.2593 0.0127972 -0.259323 0.965706 9.50854e-019 1.10261 0.519733</i>
                        <i>0.999912 1.96009e-020 -0.0132871 0.00344305 0.965843 0.259105 0.0128332 -0.259128 0.965758 2.0662e-018 1.10261 0.519733</i>
                        <i>0.999912 1.95612e-020 -0.0132734 0.00343668 0.9659 0.258892 0.0128208 -0.258915 0.965815 -1.56002e-019 1.10261 0.519733</i>
                        <i>0.999913 -1.11003e-016 -0.013208 0.00341696 0.965957 0.258681 0.0127584 -0.258703 0.965873 -1.65313e-019 1.10261 0.519733</i>
                        <i>0.999914 -2.22026e-016 -0.0130896 0.00338381 0.966008 0.258489 0.0126447 -0.258511 0.965926 -1.29231e-018 1.10261 0.519733</i>
                        <i>0.999916 -1.11004e-016 -0.0129303 0.00334065 0.966049 0.258336 0.0124913 -0.258357 0.965969 -2.0486e-019 1.10261 0.519733</i>
                        <i>0.999919 -1.11004e-016 -0.012744 0.00329128 0.966075 0.258239 0.0123117 -0.25826 0.965997 -2.31391e-019 1.10261 0.519733</i>
                        <i>0.999922 -1.11005e-016 -0.0125316 0.00323614 0.966081 0.258218 0.0121066 -0.258238 0.966005 -1.37178e-018 1.10261 0.519733</i>
                        <i>0.999924 -1.11006e-016 -0.012294 0.00317527 0.966071 0.258259 0.0118769 -0.258278 0.965998 -2.95478e-019 1.10261 0.519733</i>
                        <i>0.999928 -1.11006e-016 -0.0120321 0.00310851 0.966051 0.258333 0.0116236 -0.258352 0.965981 -3.32774e-019 1.10261 0.519733</i>
                        <i>0.999931 -1.11007e-016 -0.0117468 0.00303601 0.966023 0.258437 0.0113477 -0.258455 0.965957 -1.48354e-018 1.10261 0.519733</i>
                        <i>0.999935 -2.2203e-016 -0.011439 0.00295792 0.965989 0.258565 0.01105 -0.258582 0.965926 -1.52736e-018 1.10261 0.519733</i>
                        <i>0.999938 -1.11009e-016 -0.0111097 0.0028744 0.96595 0.258712 0.0107315 -0.258728 0.965891 -1.57425e-018 1.10261 0.519733</i>
                        <i>0.999942 -2.22032e-016 -0.0107598 0.00278561 0.965907 0.258874 0.010393 -0.258889 0.965851 -5.13906e-019 1.10261 0.519733</i>
                        <i>0.999946 1.19908e-020 -0.0103902 0.0026917 0.965861 0.259046 0.0100355 -0.25906 0.965809 5.43643e-019 1.10261 0.519733</i>
                        <i>0.99995 -1.11011e-016 -0.0100018 0.00259285 0.965814 0.259224 0.00965992 -0.259237 0.965766 4.88361e-019 1.10261 0.519733</i>
                        <i>0.999954 1.02173e-020 -0.00959559 0.00248923 0.965766 0.259402 0.00926709 -0.259414 0.965722 1.28727e-018 1.10261 0.519733</i>
                        <i>0.999958 9.34383e-021 -0.00917238 0.00238103 0.96572 0.259576 0.00885795 -0.259586 0.965679 1.48049e-018 1.10261 0.519733</i>
                        <i>0.999962 8.47033e-021 -0.00873314 0.00226843 0.965676 0.25974 0.00843338 -0.25975 0.965639 2.52816e-018 1.10261 0.519733</i>
                        <i>0.999966 -2.22037e-016 -0.00827878 0.00215166 0.965635 0.259891 0.00799428 -0.2599 0.965602 1.35333e-018 1.10261 0.519733</i>
                        <i>0.999969 6.77626e-021 -0.00781022 0.00203091 0.9656 0.260024 0.00754155 -0.260032 0.965571 1.28667e-018 1.10261 0.519733</i>
                        <i>0.999973 -1.11016e-016 -0.00732839 0.00190641 0.965571 0.260134 0.00707608 -0.260141 0.965545 1.77321e-018 1.10261 0.519733</i>
