<?xml version="1.0" encoding="ISO-8859-1" ?>
<Animl Version="1">
    <ModellingPackage><![CDATA[Maya.2010]]></ModellingPackage>
    <SrcFile><![CDATA[anims\vehicles\blue\~src\air\helicopter_uh1iroquois\helicopter_uh1iroquois_exit.mb]]></SrcFile>
    <FramesPerSecond>30</FramesPerSecond>
    <TotalFrames>68</TotalFrames>
    <Skeleton>
        <RefFrame>
            <Name><![CDATA[uh1_ref_frame]]></Name>
            <Exclude>0</Exclude>
            <Additive>0</Additive>
            <IKPriority>0</IKPriority>
            <IKRotLimits>-1e+010 -1e+010 -1e+010 1e+010 1e+010 1e+010</IKRotLimits>
            <IKRotLimitOrder>0</IKRotLimitOrder>
            <KeyFrames count="68">
                <i>1 0 0 0 1 0 0 0 1 0 0 0</i>
                <i>1 0 0 0 1 0 0 0 1 0 0 0</i>
                <i>1 0 0 0 1 0 0 0 1 0 0 0</i>
                <i>1 0 0 0 1 0 0 0 1 0 0 0</i>
                <i>1 0 0 0 1 0 0 0 1 0 0 0</i>
                <i>1 0 0 0 1 0 0 0 1 0 0 0</i>
                <i>1 0 0 0 1 0 0 0 1 0 0 0</i>
                <i>1 0 0 0 1 0 0 0 1 0 0 0</i>
                <i>1 0 0 0 1 0 0 0 1 0 0 0</i>
                <i>1 0 0 0 1 0 0 0 1 0 0 0</i>
                <i>1 0 0 0 1 0 0 0 1 0 0 0</i>
                <i>1 0 0 0 1 0 0 0 1 0 0 0</i>
                <i>1 0 0 0 1 0 0 0 1 0 0 0</i>
                <i>1 0 0 0 1 0 0 0 1 0 0 0</i>
                <i>1 0 0 0 1 0 0 0 1 0 0 0</i>
                <i>1 0 0 0 1 0 0 0 1 0 0 0</i>
                <i>1 0 0 0 1 0 0 0 1 0 0 0</i>
                <i>1 0 0 0 1 0 0 0 1 0 0 0</i>
                <i>1 0 0 0 1 0 0 0 1 0 0 0</i>
                <i>1 0 0 0 1 0 0 0 1 0 0 0</i>
                <i>1 0 0 0 1 0 0 0 1 0 0 0</i>
                <i>1 0 0 0 1 0 0 0 1 0 0 0</i>
                <i>1 0 0 0 1 0 0 0 1 0 0 0</i>
                <i>1 0 0 0 1 0 0 0 1 0 0 0</i>
                <i>1 0 0 0 1 0 0 0 1 0 0 0</i>
                <i>1 0 0 0 1 0 0 0 1 0 0 0</i>
                <i>1 0 0 0 1 0 0 0 1 0 0 0</i>
                <i>1 0 0 0 1 0 0 0 1 0 0 0</i>
                <i>1 0 0 0 1 0 0 0 1 0 0 0</i>
                <i>1 0 0 0 1 0 0 0 1 0 0 0</i>
                <i>1 0 0 0 1 0 0 0 1 0 0 0</i>
                <i>1 0 0 0 1 0 0 0 1 0 0 0</i>
                <i>1 0 0 0 1 0 0 0 1 0 0 0</i>
                <i>1 0 0 0 1 0 0 0 1 0 0 0</i>
                <i>1 0 0 0 1 0 0 0 1 0 0 0</i>
                <i>1 0 0 0 1 0 0 0 1 0 0 0</i>
                <i>1 0 0 0 1 0 0 0 1 0 0 0</i>
                <i>1 0 0 0 1 0 0 0 1 0 0 0</i>
                <i>1 0 0 0 1 0 0 0 1 0 0 0</i>
                <i>1 0 0 0 1 0 0 0 1 0 0 0</i>
                <i>1 0 0 0 1 0 0 0 1 0 0 0</i>
                <i>1 0 0 0 1 0 0 0 1 0 0 0</i>
                <i>1 0 0 0 1 0 0 0 1 0 0 0</i>
                <i>1 0 0 0 1 0 0 0 1 0 0 0</i>
                <i>1 0 0 0 1 0 0 0 1 0 0 0</i>
                <i>1 0 0 0 1 0 0 0 1 0 0 0</i>
                <i>1 0 0 0 1 0 0 0 1 0 0 0</i>
                <i>1 0 0 0 1 0 0 0 1 0 0 0</i>
                <i>1 0 0 0 1 0 0 0 1 0 0 0</i>
                <i>1 0 0 0 1 0 0 0 1 0 0 0</i>
                <i>1 0 0 0 1 0 0 0 1 0 0 0</i>
                <i>1 0 0 0 1 0 0 0 1 0 0 0</i>
                <i>1 0 0 0 1 0 0 0 1 0 0 0</i>
                <i>1 0 0 0 1 0 0 0 1 0 0 0</i>
                <i>1 0 0 0 1 0 0 0 1 0 0 0</i>
                <i>1 0 0 0 1 0 0 0 1 0 0 0</i>
                <i>1 0 0 0 1 0 0 0 1 0 0 0</i>
                <i>1 0 0 0 1 0 0 0 1 0 0 0</i>
                <i>1 0 0 0 1 0 0 0 1 0 0 0</i>
                <i>1 0 0 0 1 0 0 0 1 0 0 0</i>
                <i>1 0 0 0 1 0 0 0 1 0 0 0</i>
                <i>1 0 0 0 1 0 0 0 1 0 0 0</i>
                <i>1 0 0 0 1 0 0 0 1 0 0 0</i>
                <i>1 0 0 0 1 0 0 0 1 0 0 0</i>
                <i>1 0 0 0 1 0 0 0 1 0 0 0</i>
                <i>1 0 0 0 1 0 0 0 1 0 0 0</i>
                <i>1 0 0 0 1 0 0 0 1 0 0 0</i>
                <i>1 0 0 0 1 0 0 0 1 0 0 0</i>
            </KeyFrames>
        </RefFrame>
        <Bones count="7">
            <i>
                <p>
                    <Name><![CDATA[uh1_root]]></Name>
                    <Exclude>0</Exclude>
                    <Additive>0</Additive>
                    <IKPriority>0</IKPriority>
                    <IKRotLimits>-1e+010 -1e+010 -1e+010 1e+010 1e+010 1e+010</IKRotLimits>
                    <IKRotLimitOrder>0</IKRotLimitOrder>
                    <KeyFrames count="68">
                        <i>1 0 0 0 0.999993 0.0038054 0 -0.0038054 0.999993 0 1.5 -0.00158426</i>
                        <i>1 0 0 0 0.999991 0.00416676 0 -0.00416676 0.999991 0 1.5 -0.00200819</i>
                        <i>1 0 0 0 0.99999 0.00450907 0 -0.00450907 0.99999 0 1.5 -0.0023435</i>
                        <i>1 0 0 0 0.999988 0.00482329 0 -0.00482329 0.999988 0 1.5 -0.00259647</i>
                        <i>1 0 0 0 0.999987 0.00510038 0 -0.00510038 0.999987 0 1.5 -0.00277337</i>
                        <i>1 0 0 0 0.999986 0.00533132 0 -0.00533132 0.999986 0 1.5 -0.00288048</i>
                        <i>1 0 0 0 0.999985 0.00553762 0 -0.00553762 0.999985 0 1.5 -0.00292407</i>
                        <i>1 0 0 0 0.999984 0.00573773 0 -0.00573773 0.999984 0 1.5 -0.00291042</i>
                        <i>1 0 0 0 0.999982 0.005918 0 -0.005918 0.999982 0 1.5 -0.0028458</i>
                        <i>1 0 0 0 0.999982 0.0060648 0 -0.0060648 0.999982 0 1.5 -0.00273648</i>
                        <i>1 0 0 0 0.999981 0.00616448 0 -0.00616448 0.999981 0 1.5 -0.00258875</i>
                        <i>1 0 0 0 0.999981 0.0062034 0 -0.0062034 0.999981 0 1.5 -0.00240886</i>
                        <i>1 0 0 0 0.999981 0.00616792 0 -0.00616792 0.999981 0 1.5 -0.00220311</i>
                        <i>1 0 0 0 0.999982 0.0060444 0 -0.0060444 0.999982 0 1.5 -0.00197776</i>
                        <i>1 0 0 0 0.999983 0.0058192 0 -0.0058192 0.999983 0 1.5 -0.00173909</i>
                        <i>1 0 0 0 0.999985 0.00542899 0 -0.00542899 0.999985 0 1.5 -0.00149337</i>
                        <i>1 0 0 0 0.999988 0.00485485 0 -0.00485485 0.999988 0 1.5 -0.00124687</i>
                        <i>1 0 0 0 0.999991 0.00414979 0 -0.00414979 0.999991 0 1.5 -0.00100588</i>
                        <i>1 0 0 0 0.999994 0.00336679 0 -0.00336679 0.999994 0 1.5 -0.000776657</i>
                        <i>1 0 0 0 0.999997 0.00255886 0 -0.00255886 0.999997 0 1.5 -0.000565489</i>
                        <i>1 0 0 0 0.999998 0.00177899 0 -0.00177899 0.999998 0 1.5 -0.000378645</i>
                        <i>1 0 0 0 0.999999 0.00108018 0 -0.00108018 0.999999 0 1.5 -0.000222399</i>
                        <i>1 0 0 0 1 0.000515409 0 -0.000515409 1 0 1.5 -0.000103027</i>
                        <i>1 0 0 0 1 0.000137685 0 -0.000137685 1 0 1.5 -2.68025e-005</i>
                        <i>1 0 0 0 1 0 0 0 1 0 1.5 0</i>
                        <i>1 0 0 0 1 0 0 0 1 0 1.5 0</i>
                        <i>1 0 0 0 1 0 0 0 1 0 1.5 0</i>
                        <i>1 0 0 0 1 0 0 0 1 0 1.5 0</i>
                        <i>1 0 0 0 1 0 0 0 1 0 1.5 0</i>
                        <i>1 0 0 0 1 0 0 0 1 0 1.5 0</i>
                        <i>1 0 0 0 1 0 0 0 1 0 1.5 0</i>
                        <i>1 0 0 0 1 0 0 0 1 0 1.5 0</i>
                        <i>1 0 0 0 1 0 0 0 1 0 1.5 0</i>
                        <i>1 0 0 0 1 0 0 0 1 0 1.5 0</i>
                        <i>1 0 0 0 1 0 0 0 1 0 1.5 0</i>
                        <i>1 0 0 0 1 0 0 0 1 0 1.5 0</i>
                        <i>1 0 0 0 1 0 0 0 1 0 1.5 0</i>
                        <i>1 0 0 0 1 0 0 0 1 0 1.5 0</i>
                        <i>1 0 0 0 1 0 0 0 1 0 1.5 0</i>
                        <i>1 0 0 0 1 0 0 0 1 0 1.5 0</i>
                        <i>1 0 0 0 1 0 0 0 1 0 1.5 0</i>
                        <i>1 0 0 0 1 0 0 0 1 0 1.5 0</i>
                        <i>1 0 0 0 1 0 0 0 1 0 1.5 0</i>
                        <i>1 0 0 0 1 0 0 0 1 0 1.5 0</i>
                        <i>1 0 0 0 1 0 0 0 1 0 1.5 0</i>
                        <i>1 0 0 0 1 0 0 0 1 0 1.5 0</i>
                        <i>1 0 0 0 1 0 0 0 1 0 1.5 0</i>
                        <i>1 0 0 0 1 0 0 0 1 0 1.5 0</i>
                        <i>1 0 0 0 1 0 0 0 1 0 1.5 0</i>
                        <i>1 0 0 0 1 0 0 0 1 0 1.5 0</i>
                        <i>1 0 0 0 1 0 0 0 1 0 1.5 0</i>
                        <i>1 0 0 0 1 0 0 0 1 0 1.5 0</i>
                        <i>1 0 0 0 1 0 0 0 1 0 1.5 0</i>
                        <i>1 0 0 0 1 0 0 0 1 0 1.5 0</i>
                        <i>1 0 0 0 1 0 0 0 1 0 1.5 0</i>
                        <i>1 0 0 0 1 0 0 0 1 0 1.5 0</i>
                        <i>1 0 0 0 1 0 0 0 1 0 1.5 0</i>
                        <i>1 0 0 0 1 0 0 0 1 0 1.5 0</i>
                        <i>1 0 0 0 1 0 0 0 1 0 1.5 0</i>
                        <i>1 0 0 0 1 0 0 0 1 0 1.5 0</i>
                        <i>1 0 0 0 1 0 0 0 1 0 1.5 0</i>
                        <i>1 0 0 0 1 0 0 0 1 0 1.5 0</i>
                        <i>1 0 0 0 1 0 0 0 1 0 1.5 0</i>
                        <i>1 0 0 0 1 0 0 0 1 0 1.5 0</i>
                        <i>1 0 0 0 1 0 0 0 1 0 1.5 0</i>
                        <i>1 0 0 0 1 0 0 0 1 0 1.5 0</i>
                        <i>1 0 0 0 1 0 0 0 1 0 1.5 0</i>
                        <i>1 0 0 0 1 0 0 0 1 0 1.5 0</i>
                    </KeyFrames>
                </p>
            </i>
            <i>
                <p>
                    <Name><![CDATA[rotor]]></Name>
                    <Exclude>0</Exclude>
                    <Additive>0</Additive>
                    <IKPriority>0</IKPriority>
                    <IKRotLimits>-1e+010 -1e+010 -1e+010 1e+010 1e+010 1e+010</IKRotLimits>
                    <IKRotLimitOrder>0</IKRotLimitOrder>
                    <KeyFrames count="68">
                        <i>-0.599609 -0.00304544 0.800287 0 0.999993 0.0038054 -0.800293 0.00228176 -0.599605 0 3.99998 0.00792925</i>
                        <i>0.0192636 -0.00416599 0.999806 0 0.999991 0.00416676 -0.999814 -8.02669e-005 0.0192634 0 3.99998 0.00840872</i>
                        <i>0.616897 -0.00354883 0.787036 0 0.99999 0.00450907 -0.787044 -0.00278163 0.616891 0 3.99997 0.00892917</i>
                        <i>0.961861 -0.00131936 0.273537 0 0.999988 0.00482329 -0.27354 -0.00463933 0.96185 0 3.99997 0.00946174</i>
                        <i>0.944279 0.00167878 -0.329143 0 0.999987 0.00510038 0.329147 -0.00481618 0.944266 0 3.99997 0.00997757</i>
                        <i>0.59658 0.00427867 -0.802542 0 0.999986 0.00533132 0.802554 -0.00318056 0.596571 0 3.99996 0.0104478</i>
                        <i>0.059196 0.00552791 -0.998231 0 0.999985 0.00553762 0.998246 -0.000327805 0.0591951 0 3.99996 0.01092</i>
                        <i>-0.483594 0.00502219 -0.875278 0 0.999984 0.00573773 0.875292 0.00277473 -0.483586 0 3.99996 0.0114339</i>
                        <i>-0.868851 0.00292985 -0.495066 0 0.999982 0.005918 0.495074 0.00514186 -0.868836 0 3.99996 0.0119492</i>
                        <i>-0.999895 -8.78051e-005 0.0144776 0 0.999982 0.0060648 -0.0144778 0.00606416 -0.999877 0 3.99995 0.0124255</i>
                        <i>-0.862148 -0.00312328 0.506647 0 0.999981 0.00616448 -0.506657 0.00531469 -0.862131 0 3.99995 0.0128224</i>
                        <i>-0.512499 -0.00532678 0.858671 0 0.999981 0.0062034 -0.858688 0.00317924 -0.512489 0 3.99995 0.0130996</i>
                        <i>-0.0519524 -0.00615959 0.998631 0 0.999981 0.00616792 -0.99865 0.000320438 -0.0519514 0 3.99995 0.0132167</i>
                        <i>0.406854 -0.00552152 0.913476 0 0.999982 0.0060444 -0.913493 -0.00245919 0.406847 0 3.99995 0.0131332</i>
                        <i>0.767546 -0.00373007 0.640983 0 0.999983 0.0058192 -0.640994 -0.00446651 0.767533 0 3.99996 0.0128089</i>
                        <i>0.967755 -0.00136752 0.251889 0 0.999985 0.00542899 -0.251892 -0.00525393 0.967741 0 3.99996 0.0120791</i>
                        <i>0.985274 0.000830105 -0.170983 0 0.999988 0.00485485 0.170985 -0.00478336 0.985262 0 3.99997 0.0108903</i>
                        <i>0.834404 0.00228717 -0.551149 0 0.999991 0.00414979 0.551154 -0.0034626 0.834396 0 3.99998 0.0093686</i>
                        <i>0.555969 0.00279849 -0.831198 0 0.999994 0.00336679 0.831203 -0.00187183 0.555966 0 3.99999 0.00764033</i>
                        <i>0.204803 0.00250463 -0.9788 0 0.999997 0.00255886 0.978803 -0.000524062 0.204802 0 3.99999 0.00583167</i>
                        <i>-0.162179 0.00175544 -0.98676 0 0.999998 0.00177899 0.986761 0.000288516 -0.162179 0 4 0.00406884</i>
                        <i>-0.495231 0.000938416 -0.868761 0 0.999999 0.00108018 0.868761 0.000534937 -0.495231 0 4 0.00247804</i>
                        <i>-0.75751 0.000336471 -0.652823 0 1 0.000515409 0.652823 0.000390427 -0.75751 0 4 0.00118549</i>
                        <i>-0.927331 5.15275e-005 -0.374243 0 1 0.000137685 0.374243 0.000127679 -0.927331 0 4 0.000317409</i>
                        <i>-0.997595 -0 -0.0693179 0 1 0 0.0693179 0 -0.997595 0 4 0</i>
                        <i>-0.973332 0 0.229401 0 1 0 -0.229401 -0 -0.973332 0 4 0</i>
                        <i>-0.868278 0 0.496078 0 1 0 -0.496078 -0 -0.868278 0 4 0</i>
                        <i>-0.701277 0 0.712889 0 1 0 -0.712889 -0 -0.701277 0 4 0</i>
                        <i>-0.493043 0 0.870005 0 1 0 -0.870005 -0 -0.493043 0 4 0</i>
                        <i>-0.263612 0 0.964629 0 1 0 -0.964629 -0 -0.263612 0 4 0</i>
                        <i>-0.0305782 0 0.999532 0 1 0 -0.999532 -0 -0.0305782 0 4 0</i>
                        <i>0.191911 0 0.981412 0 1 0 -0.981412 0 0.191911 0 4 0</i>
                        <i>0.39352 0 0.919316 0 1 0 -0.919316 0 0.39352 0 4 0</i>
                        <i>0.567619 0 0.823291 0 1 0 -0.823291 0 0.567619 0 4 0</i>
                        <i>0.710855 0 0.703338 0 1 0 -0.703338 0 0.710855 0 4 0</i>
                        <i>0.822569 0 0.568666 0 1 0 -0.568666 0 0.822569 0 4 0</i>
                        <i>0.904138 0 0.427241 0 1 0 -0.427241 0 0.904138 0 4 0</i>
                        <i>0.958357 0 0.285573 0 1 0 -0.285573 0 0.958357 0 4 0</i>
                        <i>0.988886 0 0.148678 0 1 0 -0.148678 0 0.988886 0 4 0</i>
                        <i>0.999797 0 0.020173 0 1 0 -0.020173 0 0.999797 0 4 0</i>
                        <i>0.99523 0 -0.097559 0 1 0 0.097559 0 0.99523 0 4 0</i>
                        <i>0.979146 0 -0.203158 0 1 0 0.203158 0 0.979146 0 4 0</i>
                        <i>0.955167 0 -0.296069 0 1 0 0.296069 0 0.955167 0 4 0</i>
                        <i>0.926483 0 -0.376337 0 1 0 0.376337 0 0.926483 0 4 0</i>
                        <i>0.89582 0 -0.444416 0 1 0 0.444416 0 0.89582 0 4 0</i>
                        <i>0.865438 0 -0.501015 0 1 0 0.501015 0 0.865438 0 4 0</i>
                        <i>0.837156 0 -0.546964 0 1 0 0.546964 0 0.837156 0 4 0</i>
                        <i>0.812392 0 -0.583112 0 1 0 0.583112 0 0.812392 0 4 0</i>
                        <i>0.792205 0 -0.610255 0 1 0 0.610255 0 0.792205 0 4 0</i>
                        <i>0.777345 0 -0.629075 0 1 0 0.629075 0 0.777345 0 4 0</i>
                        <i>0.768282 0 -0.640112 0 1 0 0.640112 0 0.768282 0 4 0</i>
                        <i>0.765247 0 -0.643737 0 1 0 0.643737 0 0.765247 0 4 0</i>
                        <i>0.765247 0 -0.643737 0 1 0 0.643737 0 0.765247 0 4 0</i>
                        <i>0.765247 0 -0.643737 0 1 0 0.643737 0 0.765247 0 4 0</i>
                        <i>0.765247 0 -0.643737 0 1 0 0.643737 0 0.765247 0 4 0</i>
                        <i>0.765247 0 -0.643737 0 1 0 0.643737 0 0.765247 0 4 0</i>
                        <i>0.765247 0 -0.643737 0 1 0 0.643737 0 0.765247 0 4 0</i>
                        <i>0.765247 0 -0.643737 0 1 0 0.643737 0 0.765247 0 4 0</i>
                        <i>0.765247 0 -0.643737 0 1 0 0.643737 0 0.765247 0 4 0</i>
                        <i>0.765247 0 -0.643737 0 1 0 0.643737 0 0.765247 0 4 0</i>
                        <i>0.765247 0 -0.643737 0 1 0 0.643737 0 0.765247 0 4 0</i>
                        <i>0.765247 0 -0.643737 0 1 0 0.643737 0 0.765247 0 4 0</i>
                        <i>0.765247 0 -0.643737 0 1 0 0.643737 0 0.765247 0 4 0</i>
                        <i>0.765247 0 -0.643737 0 1 0 0.643737 0 0.765247 0 4 0</i>
                        <i>0.765247 0 -0.643737 0 1 0 0.643737 0 0.765247 0 4 0</i>
                        <i>0.765247 0 -0.643737 0 1 0 0.643737 0 0.765247 0 4 0</i>
                        <i>0.765247 0 -0.643737 0 1 0 0.643737 0 0.765247 0 4 0</i>
                        <i>0.765247 0 -0.643737 0 1 0 0.643737 0 0.765247 0 4 0</i>
                    </KeyFrames>
                </p>
            </i>
            <i>
                <p>
                    <Name><![CDATA[blades]]></Name>
                    <Exclude>0</Exclude>
                    <Additive>0</Additive>
                    <IKPriority>0</IKPriority>
                    <IKRotLimits>-1e+010 -1e+010 -1e+010 1e+010 1e+010 1e+010</IKRotLimits>
                    <IKRotLimitOrder>0</IKRotLimitOrder>
                    <KeyFrames count="68">
                        <i>-0.581527 0.240773 0.777081 0.146142 0.970579 -0.191362 -0.800293 0.00228176 -0.599605 -1.1086e-018 5.18999 0.0124577</i>
                        <i>0.0187289 0.229916 0.97303 -0.00450707 0.973211 -0.229871 -0.999814 -8.02669e-005 0.0192634 1.63009e-019 5.16177 0.0132497</i>
                        <i>0.601313 0.219891 0.768161 -0.137785 0.97552 -0.171391 -0.787044 -0.00278163 0.616891 -1.55869e-018 5.13116 0.0140298</i>
                        <i>0.94 0.210696 0.268342 -0.203903 0.977541 -0.0532728 -0.27354 -0.00463933 0.96185 4.605e-019 5.09847 0.0147602</i>
                        <i>0.925204 0.201625 -0.321474 -0.188839 0.979451 0.0708202 0.329147 -0.00481618 0.944266 -2.41423e-018 5.06403 0.0154048</i>
                        <i>0.586005 0.191645 -0.787318 -0.111826 0.981459 0.155669 0.802554 -0.00318056 0.596571 -7.33309e-018 5.02816 0.0159295</i>
                        <i>0.058288 0.179925 -0.981952 -0.0103288 0.98368 0.179628 0.998246 -0.000327805 0.0591951 -2.12788e-020 4.99117 0.016409</i>
                        <i>-0.477269 0.166168 -0.862904 0.0779622 0.986094 0.14677 0.875292 0.00277473 -0.483586 -3.22139e-018 4.95338 0.0169044</i>
                        <i>-0.859315 0.150642 -0.488758 0.12837 0.988575 0.0789973 0.495074 0.00514186 -0.868836 -2.0639e-018 4.91512 0.0173652</i>
                        <i>-0.990851 0.134107 0.0151605 0.134182 0.990948 0.00406711 -0.0144778 0.00606416 -0.999877 -3.72344e-020 4.8767 0.0177429</i>
                        <i>-0.855847 0.117575 0.503689 0.104042 0.99305 -0.0550218 -0.506657 0.00531469 -0.862131 -1.29283e-018 4.83844 0.0179914</i>
                        <i>-0.50954 0.10201 0.854379 0.0549953 0.994778 -0.0859748 -0.858688 0.00317924 -0.512489 -4.18262e-018 4.80066 0.0180669</i>
                        <i>-0.0517213 0.0880692 0.994771 0.00489408 0.996114 -0.0879337 -0.99865 0.000320438 -0.0519514 9.25283e-020 4.76369 0.0179275</i>
                        <i>0.405501 0.0759755 0.910932 -0.0331505 0.997107 -0.0684059 -0.913493 -0.00245919 0.406847 1.34653e-018 4.72785 0.017533</i>
                        <i>0.765703 0.0655336 0.639847 -0.0531571 0.99784 -0.0385866 -0.640994 -0.00446651 0.767533 4.55088e-018 4.69344 0.0168445</i>
                        <i>0.966146 0.0562812 0.251783 -0.0557885 0.998401 -0.00910074 -0.251892 -0.00525393 0.967741 1.44249e-018 4.6608 0.0156668</i>
                        <i>0.984195 0.0475998 -0.170568 -0.0460824 0.998855 0.0128466 0.170985 -0.00478336 0.985262 -3.79662e-019 4.63024 0.0139502</i>
                        <i>0.83384 0.0390291 -0.550625 -0.0306592 0.999232 0.0243983 0.551154 -0.0034626 0.834396 -1.20677e-018 4.60208 0.0118672</i>
                        <i>0.555756 0.0304784 -0.830787 -0.0153898 0.999534 0.026374 0.831203 -0.00187183 0.555966 -1.69591e-018 4.57664 0.00958182</i>
                        <i>0.204763 0.0222026 -0.97856 -0.00403432 0.999753 0.0218393 0.978803 -0.000524062 0.204802 -3.60264e-019 4.55424 0.00724991</i>
                        <i>-0.162166 0.0146664 -0.986655 0.00209392 0.999892 0.0145191 0.986761 0.000288516 -0.162179 5.04648e-019 4.53519 0.00502094</i>
                        <i>-0.495217 0.00837184 -0.868729 0.00368127 0.999965 0.00753804 0.868761 0.000534937 -0.495231 5.85935e-019 4.51981 0.00303954</i>
                        <i>-0.757506 0.00371615 -0.652818 0.00256015 0.999993 0.00272174 0.652823 0.000390427 -0.75751 1.3761e-019 4.50844 0.00144755</i>
                        <i>-0.92733 0.000915426 -0.374243 0.00080112 1 0.000460993 0.374243 0.000127679 -0.927331 6.80233e-020 4.50138 0.000386441</i>
                        <i>-0.997595 0 -0.0693179 0 1 0 0.0693179 0 -0.997595 0 4.49895 0</i>
                        <i>-0.973332 0 0.229401 0 1 0 -0.229401 0 -0.973332 0 4.49895 0</i>
                        <i>-0.868278 0 0.496078 0 1 0 -0.496078 0 -0.868278 0 4.49895 0</i>
                        <i>-0.701277 0 0.712889 0 1 0 -0.712889 0 -0.701277 0 4.49895 0</i>
                        <i>-0.493043 0 0.870005 0 1 0 -0.870005 0 -0.493043 0 4.49895 0</i>
                        <i>-0.263612 0 0.964629 0 1 0 -0.964629 0 -0.263612 0 4.49895 0</i>
                        <i>-0.0305782 0 0.999532 0 1 0 -0.999532 0 -0.0305782 0 4.49895 0</i>
                        <i>0.191911 0 0.981412 0 1 0 -0.981412 0 0.191911 0 4.49895 0</i>
                        <i>0.39352 0 0.919316 0 1 0 -0.919316 0 0.39352 0 4.49895 0</i>
                        <i>0.567619 0 0.823291 0 1 0 -0.823291 0 0.567619 0 4.49895 0</i>
                        <i>0.710855 0 0.703338 0 1 0 -0.703338 0 0.710855 0 4.49895 0</i>
                        <i>0.822569 0 0.568666 0 1 0 -0.568666 0 0.822569 0 4.49895 0</i>
                        <i>0.904138 0 0.427241 0 1 0 -0.427241 0 0.904138 0 4.49895 0</i>
                        <i>0.958357 0 0.285573 0 1 0 -0.285573 0 0.958357 0 4.49895 0</i>
                        <i>0.988886 0 0.148678 0 1 0 -0.148678 0 0.988886 0 4.49895 0</i>
                        <i>0.999797 0 0.020173 0 1 0 -0.020173 0 0.999797 0 4.49895 0</i>
                        <i>0.99523 0 -0.097559 0 1 0 0.097559 0 0.99523 0 4.49895 0</i>
                        <i>0.979146 0 -0.203158 0 1 0 0.203158 0 0.979146 0 4.49895 0</i>
                        <i>0.955167 0 -0.296069 0 1 0 0.296069 0 0.955167 0 4.49895 0</i>
                        <i>0.926483 0 -0.376337 0 1 0 0.376337 0 0.926483 0 4.49895 0</i>
                        <i>0.89582 0 -0.444416 0 1 0 0.444416 0 0.89582 0 4.49895 0</i>
                        <i>0.865438 0 -0.501015 0 1 0 0.501015 0 0.865438 0 4.49895 0</i>
                        <i>0.837156 0 -0.546964 0 1 0 0.546964 0 0.837156 0 4.49895 0</i>
                        <i>0.812392 0 -0.583112 0 1 0 0.583112 0 0.812392 0 4.49895 0</i>
                        <i>0.792205 0 -0.610255 0 1 0 0.610255 0 0.792205 0 4.49895 0</i>
                        <i>0.777345 0 -0.629075 0 1 0 0.629075 0 0.777345 0 4.49895 0</i>
                        <i>0.768282 0 -0.640112 0 1 0 0.640112 0 0.768282 0 4.49895 0</i>
                        <i>0.765247 0 -0.643737 0 1 0 0.643737 0 0.765247 0 4.49895 0</i>
                        <i>0.765247 0 -0.643737 0 1 0 0.643737 0 0.765247 0 4.49895 0</i>
                        <i>0.765247 0 -0.643737 0 1 0 0.643737 0 0.765247 0 4.49895 0</i>
                        <i>0.765247 0 -0.643737 0 1 0 0.643737 0 0.765247 0 4.49895 0</i>
                        <i>0.765247 0 -0.643737 0 1 0 0.643737 0 0.765247 0 4.49895 0</i>
                        <i>0.765247 0 -0.643737 0 1 0 0.643737 0 0.765247 0 4.49895 0</i>
                        <i>0.765247 0 -0.643737 0 1 0 0.643737 0 0.765247 0 4.49895 0</i>
                        <i>0.765247 0 -0.643737 0 1 0 0.643737 0 0.765247 0 4.49895 0</i>
                        <i>0.765247 0 -0.643737 0 1 0 0.643737 0 0.765247 0 4.49895 0</i>
                        <i>0.765247 0 -0.643737 0 1 0 0.643737 0 0.765247 0 4.49895 0</i>
                        <i>0.765247 0 -0.643737 0 1 0 0.643737 0 0.765247 0 4.49895 0</i>
                        <i>0.765247 0 -0.643737 0 1 0 0.643737 0 0.765247 0 4.49895 0</i>
                        <i>0.765247 0 -0.643737 0 1 0 0.643737 0 0.765247 0 4.49895 0</i>
                        <i>0.765247 0 -0.643737 0 1 0 0.643737 0 0.765247 0 4.49895 0</i>
                        <i>0.765247 0 -0.643737 0 1 0 0.643737 0 0.765247 0 4.49895 0</i>
                        <i>0.765247 0 -0.643737 0 1 0 0.643737 0 0.765247 0 4.49895 0</i>
                        <i>0.765247 0 -0.643737 0 1 0 0.643737 0 0.765247 0 4.49895 0</i>
                    </KeyFrames>
                </p>
            </i>
            <i>
                <p>
                    <Name><![CDATA[stabilizer_bar]]></Name>
                    <Exclude>0</Exclude>
                    <Additive>0</Additive>
                    <IKPriority>0</IKPriority>
                    <IKRotLimits>-1e+010 -1e+010 -1e+010 1e+010 1e+010 1e+010</IKRotLimits>
                    <IKRotLimitOrder>0</IKRotLimitOrder>
                    <KeyFrames count="68">
                        <i>0.256162 0.00367843 -0.966627 0 0.999993 0.0038054 0.966634 -0.0009748 0.25616 0 4.99997 0.0117346</i>
                        <i>0.650041 0.00316632 -0.759893 0 0.999991 0.00416676 0.7599 -0.00270856 0.650035 0 4.99997 0.0125755</i>
                        <i>0.910905 0.00186051 -0.412611 0 0.99999 0.00450907 0.412616 -0.00410733 0.910896 0 4.99996 0.0134382</i>
                        <i>0.999999 -4.92056e-006 0.00102016 0 0.999988 0.00482329 -0.00102017 -0.00482328 0.999988 0 4.99996 0.014285</i>
                        <i>0.915066 -0.00205701 0.4033 0 0.999987 0.00510038 -0.403305 -0.00466718 0.915054 0 4.99995 0.015078</i>
                        <i>0.684954 -0.00388432 0.728576 0 0.999986 0.00533132 -0.728586 -0.00365171 0.684945 0 4.99995 0.0157791</i>
                        <i>0.358937 -0.0051686 0.933347 0 0.999985 0.00553762 -0.933362 -0.00198766 0.358932 0 4.99995 0.0164576</i>
                        <i>-0.00582483 -0.00573763 0.999967 0 0.999984 0.00573773 -0.999983 3.34213e-005 -0.00582473 0 4.99994 0.0171716</i>
                        <i>-0.355622 -0.00553114 0.934614 0 0.999982 0.005918 -0.93463 0.00210457 -0.355615 0 4.99994 0.0178672</i>
                        <i>-0.648333 -0.00461747 0.761343 0 0.999982 0.0060648 -0.761357 0.00393201 -0.648321 0 4.99994 0.0184903</i>
                        <i>-0.857569 -0.00317081 0.514359 0 0.999981 0.00616448 -0.514369 0.00528647 -0.857553 0 4.99993 0.0189869</i>
                        <i>-0.97308 -0.00142969 0.230465 0 0.999981 0.0062034 -0.230469 0.0060364 -0.973061 0 4.99993 0.019303</i>
                        <i>-0.998377 0.000351295 -0.056954 0 0.999981 0.00616792 0.0569551 0.00615791 -0.998358 0 4.99993 0.0193846</i>
                        <i>-0.946809 0.00194507 -0.321791 0 0.999982 0.0060444 0.321797 0.00572289 -0.946791 0 4.99994 0.0191777</i>
                        <i>-0.837217 0.00318235 -0.546861 0 0.999983 0.0058192 0.54687 0.00487194 -0.837203 0 4.99994 0.0186281</i>
                        <i>-0.690057 0.00392926 -0.723745 0 0.999985 0.00542899 0.723755 0.00374631 -0.690046 0 4.99995 0.0175081</i>
                        <i>-0.524466 0.00413357 -0.851421 0 0.999988 0.00485485 0.851431 0.0025462 -0.52446 0 4.99996 0.0157451</i>
                        <i>-0.356461 0.00387719 -0.934302 0 0.999991 0.00414979 0.93431 0.00147924 -0.356458 0 4.99997 0.0135184</i>
                        <i>-0.198156 0.00330003 -0.980165 0 0.999994 0.00336679 0.98017 0.00066715 -0.198155 0 4.99998 0.0110071</i>
                        <i>-0.0577955 0.00255459 -0.998325 0 0.999997 0.00255886 0.998328 0.000147891 -0.0577953 0 4.99999 0.00839054</i>
                        <i>0.0596929 0.00177582 -0.998215 0 0.999998 0.00177899 0.998217 -0.000106193 0.0596928 0 4.99999 0.00584783</i>
                        <i>0.151861 0.00106765 -0.988401 0 0.999999 0.00108018 0.988402 -0.000164037 0.151861 0 5 0.00355822</i>
                        <i>0.217838 0.000503031 -0.975985 0 1 0.000515409 0.975985 -0.000112276 0.217838 0 5 0.0017009</i>
                        <i>0.257497 0.000133042 -0.966279 0 1 0.000137685 0.966279 -3.54534e-005 0.257497 0 5 0.000455094</i>
                        <i>0.270783 0 -0.96264 0 1 0 0.96264 0 0.270783 0 5 0</i>
                        <i>0.270783 0 -0.96264 0 1 0 0.96264 0 0.270783 0 5 0</i>
                        <i>0.270783 0 -0.96264 0 1 0 0.96264 0 0.270783 0 5 0</i>
                        <i>0.270783 0 -0.96264 0 1 0 0.96264 0 0.270783 0 5 0</i>
                        <i>0.270783 0 -0.96264 0 1 0 0.96264 0 0.270783 0 5 0</i>
                        <i>0.270783 0 -0.96264 0 1 0 0.96264 0 0.270783 0 5 0</i>
                        <i>0.270783 0 -0.96264 0 1 0 0.96264 0 0.270783 0 5 0</i>
                        <i>0.270783 0 -0.96264 0 1 0 0.96264 0 0.270783 0 5 0</i>
                        <i>0.270783 0 -0.96264 0 1 0 0.96264 0 0.270783 0 5 0</i>
                        <i>0.270783 0 -0.96264 0 1 0 0.96264 0 0.270783 0 5 0</i>
                        <i>0.270783 0 -0.96264 0 1 0 0.96264 0 0.270783 0 5 0</i>
                        <i>0.270783 0 -0.96264 0 1 0 0.96264 0 0.270783 0 5 0</i>
                        <i>0.270783 0 -0.96264 0 1 0 0.96264 0 0.270783 0 5 0</i>
                        <i>0.270783 0 -0.96264 0 1 0 0.96264 0 0.270783 0 5 0</i>
                        <i>0.270783 0 -0.96264 0 1 0 0.96264 0 0.270783 0 5 0</i>
                        <i>0.270783 0 -0.96264 0 1 0 0.96264 0 0.270783 0 5 0</i>
                        <i>0.270783 0 -0.96264 0 1 0 0.96264 0 0.270783 0 5 0</i>
                        <i>0.270783 0 -0.96264 0 1 0 0.96264 0 0.270783 0 5 0</i>
                        <i>0.270783 0 -0.96264 0 1 0 0.96264 0 0.270783 0 5 0</i>
                        <i>0.270783 0 -0.96264 0 1 0 0.96264 0 0.270783 0 5 0</i>
                        <i>0.270783 0 -0.96264 0 1 0 0.96264 0 0.270783 0 5 0</i>
                        <i>0.270783 0 -0.96264 0 1 0 0.96264 0 0.270783 0 5 0</i>
                        <i>0.270783 0 -0.96264 0 1 0 0.96264 0 0.270783 0 5 0</i>
                        <i>0.270783 0 -0.96264 0 1 0 0.96264 0 0.270783 0 5 0</i>
                        <i>0.270783 0 -0.96264 0 1 0 0.96264 0 0.270783 0 5 0</i>
                        <i>0.270783 0 -0.96264 0 1 0 0.96264 0 0.270783 0 5 0</i>
                        <i>0.270783 0 -0.96264 0 1 0 0.96264 0 0.270783 0 5 0</i>
                        <i>0.270783 0 -0.96264 0 1 0 0.96264 0 0.270783 0 5 0</i>
                        <i>0.270783 0 -0.96264 0 1 0 0.96264 0 0.270783 0 5 0</i>
                        <i>0.270783 0 -0.96264 0 1 0 0.96264 0 0.270783 0 5 0</i>
                        <i>0.270783 0 -0.96264 0 1 0 0.96264 0 0.270783 0 5 0</i>
                        <i>0.270783 0 -0.96264 0 1 0 0.96264 0 0.270783 0 5 0</i>
                        <i>0.270783 0 -0.96264 0 1 0 0.96264 0 0.270783 0 5 0</i>
                        <i>0.270783 0 -0.96264 0 1 0 0.96264 0 0.270783 0 5 0</i>
                        <i>0.270783 0 -0.96264 0 1 0 0.96264 0 0.270783 0 5 0</i>
                        <i>0.270783 0 -0.96264 0 1 0 0.96264 0 0.270783 0 5 0</i>
                        <i>0.270783 0 -0.96264 0 1 0 0.96264 0 0.270783 0 5 0</i>
                        <i>0.270783 0 -0.96264 0 1 0 0.96264 0 0.270783 0 5 0</i>
                        <i>0.270783 0 -0.96264 0 1 0 0.96264 0 0.270783 0 5 0</i>
                        <i>0.270783 0 -0.96264 0 1 0 0.96264 0 0.270783 0 5 0</i>
                        <i>0.270783 0 -0.96264 0 1 0 0.96264 0 0.270783 0 5 0</i>
                        <i>0.270783 0 -0.96264 0 1 0 0.96264 0 0.270783 0 5 0</i>
                        <i>0.270783 0 -0.96264 0 1 0 0.96264 0 0.270783 0 5 0</i>
                        <i>0.270783 0 -0.96264 0 1 0 0.96264 0 0.270783 0 5 0</i>
                    </KeyFrames>
                </p>
            </i>
            <i>
                <p>
                    <Name><![CDATA[tail_rotor]]></Name>
                    <Exclude>0</Exclude>
                    <Additive>0</Additive>
                    <IKPriority>0</IKPriority>
                    <IKRotLimits>-1e+010 -1e+010 -1e+010 1e+010 1e+010 1e+010</IKRotLimits>
                    <IKRotLimitOrder>0</IKRotLimitOrder>
                    <KeyFrames count="68">
                        <i>1 0 0 0 -0.672659 0.739953 0 -0.739953 -0.672659 0 4.7903 -11.5437</i>
                        <i>1 0 0 0 -0.27536 0.961341 0 -0.961341 -0.27536 0 4.79447 -11.5429</i>
                        <i>1 0 0 0 0.188024 0.982164 0 -0.982164 0.188024 0 4.79842 -11.5421</i>
                        <i>1 0 0 0 0.61743 0.786626 0 -0.786626 0.61743 0 4.80205 -11.5414</i>
                        <i>1 0 0 0 0.912321 0.409475 0 -0.409475 0.912321 0 4.80525 -11.5406</i>
                        <i>1 0 0 0 0.997715 -0.067569 0 0.067569 0.997715 0 4.80791 -11.54</i>
                        <i>1 0 0 0 0.846156 -0.532935 0 0.532935 0.846156 0 4.81029 -11.5393</i>
                        <i>1 0 0 0 0.488565 -0.872528 0 0.872528 0.488565 0 4.8126 -11.5387</i>
                        <i>1 0 0 0 0.00938574 -0.999956 0 0.999956 0.00938574 0 4.81468 -11.538</i>
                        <i>1 0 0 -0 -0.473598 -0.880741 0 0.880741 -0.473598 0 4.81637 -11.5374</i>
                        <i>1 0 0 -0 -0.839714 -0.543028 0 0.543028 -0.839714 0 4.81752 -11.5369</i>
                        <i>1 0 0 -0 -0.997474 -0.0710341 0 0.0710341 -0.997474 0 4.81797 -11.5366</i>
                        <i>1 0 0 0 -0.908827 0.417174 -0 -0.417174 -0.908827 0 4.81756 -11.5365</i>
                        <i>1 0 0 0 -0.598496 0.801126 -0 -0.801126 -0.598496 0 4.81614 -11.5367</i>
                        <i>1 0 0 0 -0.145917 0.989297 -0 -0.989297 -0.145917 0 4.81354 -11.5372</i>
                        <i>1 0 0 0 0.337315 0.941392 0 -0.941392 0.337315 0 4.80904 -11.5383</i>
                        <i>1 0 0 0 0.737135 0.675745 0 -0.675745 0.737135 0 4.80241 -11.5399</i>
                        <i>1 0 0 0 0.965328 0.261042 0 -0.261042 0.965328 0 4.79428 -11.542</i>
                        <i>1 0 0 0 0.978907 -0.204305 0 0.204305 0.978907 0 4.78524 -11.5443</i>
                        <i>1 0 0 0 0.786024 -0.618196 0 0.618196 0.786024 0 4.77591 -11.5468</i>
                        <i>1 0 0 0 0.438524 -0.898719 0 0.898719 0.438524 0 4.76691 -11.5491</i>
                        <i>1 0 0 0 0.0149978 -0.999888 0 0.999888 0.0149978 0 4.75884 -11.5513</i>
                        <i>1 0 0 0 -0.39988 -0.916568 0 0.916568 -0.39988 0 4.75231 -11.553</i>
                        <i>1 0 0 0 -0.733907 -0.679249 0 0.679249 -0.733907 0 4.74795 -11.5541</i>
                        <i>1 0 0 0 -0.939743 -0.341882 0 0.341882 -0.939743 0 4.74636 -11.5546</i>
                        <i>1 0 0 0 -0.999453 0.0330637 0 -0.0330637 -0.999453 0 4.74636 -11.5546</i>
                        <i>1 0 0 0 -0.921729 0.387834 0 -0.387834 -0.921729 0 4.74636 -11.5546</i>
                        <i>1 0 0 0 -0.734666 0.678429 0 -0.678429 -0.734666 0 4.74636 -11.5546</i>
                        <i>1 0 0 0 -0.4766 0.87912 0 -0.87912 -0.4766 0 4.74636 -11.5546</i>
                        <i>1 0 0 0 -0.187314 0.9823 0 -0.9823 -0.187314 0 4.74636 -11.5546</i>
                        <i>1 0 0 0 0.0986469 0.995122 0 -0.995122 0.0986469 0 4.74636 -11.5546</i>
                        <i>1 0 0 0 0.355862 0.934538 0 -0.934538 0.355862 0 4.74636 -11.5546</i>
                        <i>1 0 0 0 0.569235 0.822175 0 -0.822175 0.569235 0 4.74636 -11.5546</i>
                        <i>1 0 0 0 0.733147 0.68007 0 -0.68007 0.733147 0 4.74636 -11.5546</i>
                        <i>1 0 0 0 0.849396 0.527757 0 -0.527757 0.849396 0 4.74636 -11.5546</i>
                        <i>1 0 0 0 0.92468 0.380746 0 -0.380746 0.92468 0 4.74636 -11.5546</i>
                        <i>1 0 0 0 0.968196 0.250193 0 -0.250193 0.968196 0 4.74636 -11.5546</i>
                        <i>1 0 0 0 0.989668 0.143376 0 -0.143376 0.989668 0 4.74636 -11.5546</i>
                        <i>1 0 0 0 0.99791 0.0646215 0 -0.0646215 0.99791 0 4.74636 -11.5546</i>
                        <i>1 0 0 0 0.999866 0.0163468 0 -0.0163468 0.999866 0 4.74636 -11.5546</i>
                        <i>1 0 0 0 1 0 0 0 1 0 4.74636 -11.5546</i>
                        <i>1 0 0 0 1 0 0 0 1 0 4.74636 -11.5546</i>
                        <i>1 0 0 0 1 0 0 0 1 0 4.74636 -11.5546</i>
                        <i>1 0 0 0 1 0 0 0 1 0 4.74636 -11.5546</i>
                        <i>1 0 0 0 1 0 0 0 1 0 4.74636 -11.5546</i>
                        <i>1 0 0 0 1 0 0 0 1 0 4.74636 -11.5546</i>
                        <i>1 0 0 0 1 0 0 0 1 0 4.74636 -11.5546</i>
                        <i>1 0 0 0 1 0 0 0 1 0 4.74636 -11.5546</i>
                        <i>1 0 0 0 1 0 0 0 1 0 4.74636 -11.5546</i>
                        <i>1 0 0 0 1 0 0 0 1 0 4.74636 -11.5546</i>
                        <i>1 0 0 0 1 0 0 0 1 0 4.74636 -11.5546</i>
                        <i>1 0 0 0 1 0 0 0 1 0 4.74636 -11.5546</i>
                        <i>1 0 0 0 1 0 0 0 1 0 4.74636 -11.5546</i>
                        <i>1 0 0 0 1 0 0 0 1 0 4.74636 -11.5546</i>
                        <i>1 0 0 0 1 0 0 0 1 0 4.74636 -11.5546</i>
                        <i>1 0 0 0 1 0 0 0 1 0 4.74636 -11.5546</i>
                        <i>1 0 0 0 1 0 0 0 1 0 4.74636 -11.5546</i>
                        <i>1 0 0 0 1 0 0 0 1 0 4.74636 -11.5546</i>
                        <i>1 0 0 0 1 0 0 0 1 0 4.74636 -11.5546</i>
                        <i>1 0 0 0 1 0 0 0 1 0 4.74636 -11.5546</i>
                        <i>1 0 0 0 1 0 0 0 1 0 4.74636 -11.5546</i>
                        <i>1 0 0 0 1 0 0 0 1 0 4.74636 -11.5546</i>
                        <i>1 0 0 0 1 0 0 0 1 0 4.74636 -11.5546</i>
                        <i>1 0 0 0 1 0 0 0 1 0 4.74636 -11.5546</i>
                        <i>1 0 0 0 1 0 0 0 1 0 4.74636 -11.5546</i>
                        <i>1 0 0 0 1 0 0 0 1 0 4.74636 -11.5546</i>
                        <i>1 0 0 0 1 0 0 0 1 0 4.74636 -11.5546</i>
                        <i>1 0 0 0 1 0 0 0 1 0 4.74636 -11.5546</i>
                    </KeyFrames>
                </p>
            </i>
            <i>
                <p>
                    <Name><![CDATA[left_gatling]]></Name>
                    <Exclude>0</Exclude>
                    <Additive>0</Additive>
                    <IKPriority>0</IKPriority>
                    <IKRotLimits>-1e+010 -1e+010 -1e+010 1e+010 1e+010 1e+010</IKRotLimits>
                    <IKRotLimitOrder>0</IKRotLimitOrder>
                    <KeyFrames count="68">
                        <i>1 0 0 0 0.999993 0.0038054 0 -0.0038054 0.999993 2.24429 1.02854 -0.149473</i>
                        <i>1 0 0 0 0.999991 0.00416676 0 -0.00416676 0.999991 2.24429 1.02859 -0.150068</i>
                        <i>1 0 0 0 0.99999 0.00450907 0 -0.00450907 0.99999 2.24429 1.02864 -0.150564</i>
                        <i>1 0 0 0 0.999988 0.00482329 0 -0.00482329 0.999988 2.24429 1.02869 -0.150965</i>
                        <i>1 0 0 0 0.999987 0.00510038 0 -0.00510038 0.999987 2.24429 1.02873 -0.151273</i>
                        <i>1 0 0 0 0.999986 0.00533132 0 -0.00533132 0.999986 2.24429 1.02876 -0.151489</i>
                        <i>1 0 0 0 0.999985 0.00553762 0 -0.00553762 0.999985 2.24429 1.0288 -0.15163</i>
                        <i>1 0 0 0 0.999984 0.00573773 0 -0.00573773 0.999984 2.24429 1.02883 -0.15171</i>
                        <i>1 0 0 0 0.999982 0.005918 0 -0.005918 0.999982 2.24429 1.02885 -0.151731</i>
                        <i>1 0 0 0 0.999982 0.0060648 0 -0.0060648 0.999982 2.24429 1.02887 -0.151691</i>
                        <i>1 0 0 0 0.999981 0.00616448 0 -0.00616448 0.999981 2.24429 1.02889 -0.15159</i>
