<?xml version="1.0" encoding="ISO-8859-1" ?>
<Animl Version="1">
    <ModellingPackage><![CDATA[Maya.2010]]></ModellingPackage>
    <SrcFile><![CDATA[anims\vehicles\blue\~src\air\helicopter_uh1iroquois\helicopter_uh1iroquois_forward.mb]]></SrcFile>
    <FramesPerSecond>30</FramesPerSecond>
    <TotalFrames>61</TotalFrames>
    <Skeleton>
        <RefFrame>
            <Name><![CDATA[uh1_ref_frame]]></Name>
            <Exclude>0</Exclude>
            <Additive>0</Additive>
            <IKPriority>0</IKPriority>
            <IKRotLimits>-1e+010 -1e+010 -1e+010 1e+010 1e+010 1e+010</IKRotLimits>
            <IKRotLimitOrder>0</IKRotLimitOrder>
            <KeyFrames count="61">
                <i>1 0 0 0 1 0 0 0 1 0 0 0</i>
                <i>1 0 0 0 1 0 0 0 1 0 0 0</i>
                <i>1 0 0 0 1 0 0 0 1 0 0 0</i>
                <i>1 0 0 0 1 0 0 0 1 0 0 0</i>
                <i>1 0 0 0 1 0 0 0 1 0 0 0</i>
                <i>1 0 0 0 1 0 0 0 1 0 0 0</i>
                <i>1 0 0 0 1 0 0 0 1 0 0 0</i>
                <i>1 0 0 0 1 0 0 0 1 0 0 0</i>
                <i>1 0 0 0 1 0 0 0 1 0 0 0</i>
                <i>1 0 0 0 1 0 0 0 1 0 0 0</i>
                <i>1 0 0 0 1 0 0 0 1 0 0 0</i>
                <i>1 0 0 0 1 0 0 0 1 0 0 0</i>
                <i>1 0 0 0 1 0 0 0 1 0 0 0</i>
                <i>1 0 0 0 1 0 0 0 1 0 0 0</i>
                <i>1 0 0 0 1 0 0 0 1 0 0 0</i>
                <i>1 0 0 0 1 0 0 0 1 0 0 0</i>
                <i>1 0 0 0 1 0 0 0 1 0 0 0</i>
                <i>1 0 0 0 1 0 0 0 1 0 0 0</i>
                <i>1 0 0 0 1 0 0 0 1 0 0 0</i>
                <i>1 0 0 0 1 0 0 0 1 0 0 0</i>
                <i>1 0 0 0 1 0 0 0 1 0 0 0</i>
                <i>1 0 0 0 1 0 0 0 1 0 0 0</i>
                <i>1 0 0 0 1 0 0 0 1 0 0 0</i>
                <i>1 0 0 0 1 0 0 0 1 0 0 0</i>
                <i>1 0 0 0 1 0 0 0 1 0 0 0</i>
                <i>1 0 0 0 1 0 0 0 1 0 0 0</i>
                <i>1 0 0 0 1 0 0 0 1 0 0 0</i>
                <i>1 0 0 0 1 0 0 0 1 0 0 0</i>
                <i>1 0 0 0 1 0 0 0 1 0 0 0</i>
                <i>1 0 0 0 1 0 0 0 1 0 0 0</i>
                <i>1 0 0 0 1 0 0 0 1 0 0 0</i>
                <i>1 0 0 0 1 0 0 0 1 0 0 0</i>
                <i>1 0 0 0 1 0 0 0 1 0 0 0</i>
                <i>1 0 0 0 1 0 0 0 1 0 0 0</i>
                <i>1 0 0 0 1 0 0 0 1 0 0 0</i>
                <i>1 0 0 0 1 0 0 0 1 0 0 0</i>
                <i>1 0 0 0 1 0 0 0 1 0 0 0</i>
                <i>1 0 0 0 1 0 0 0 1 0 0 0</i>
                <i>1 0 0 0 1 0 0 0 1 0 0 0</i>
                <i>1 0 0 0 1 0 0 0 1 0 0 0</i>
                <i>1 0 0 0 1 0 0 0 1 0 0 0</i>
                <i>1 0 0 0 1 0 0 0 1 0 0 0</i>
                <i>1 0 0 0 1 0 0 0 1 0 0 0</i>
                <i>1 0 0 0 1 0 0 0 1 0 0 0</i>
                <i>1 0 0 0 1 0 0 0 1 0 0 0</i>
                <i>1 0 0 0 1 0 0 0 1 0 0 0</i>
                <i>1 0 0 0 1 0 0 0 1 0 0 0</i>
                <i>1 0 0 0 1 0 0 0 1 0 0 0</i>
                <i>1 0 0 0 1 0 0 0 1 0 0 0</i>
                <i>1 0 0 0 1 0 0 0 1 0 0 0</i>
                <i>1 0 0 0 1 0 0 0 1 0 0 0</i>
                <i>1 0 0 0 1 0 0 0 1 0 0 0</i>
                <i>1 0 0 0 1 0 0 0 1 0 0 0</i>
                <i>1 0 0 0 1 0 0 0 1 0 0 0</i>
                <i>1 0 0 0 1 0 0 0 1 0 0 0</i>
                <i>1 0 0 0 1 0 0 0 1 0 0 0</i>
                <i>1 0 0 0 1 0 0 0 1 0 0 0</i>
                <i>1 0 0 0 1 0 0 0 1 0 0 0</i>
                <i>1 0 0 0 1 0 0 0 1 0 0 0</i>
                <i>1 0 0 0 1 0 0 0 1 0 0 0</i>
                <i>1 0 0 0 1 0 0 0 1 0 0 0</i>
            </KeyFrames>
        </RefFrame>
        <Bones count="7">
            <i>
                <p>
                    <Name><![CDATA[uh1_root]]></Name>
                    <Exclude>0</Exclude>
                    <Additive>0</Additive>
                    <IKPriority>0</IKPriority>
                    <IKRotLimits>-1e+010 -1e+010 -1e+010 1e+010 1e+010 1e+010</IKRotLimits>
                    <IKRotLimitOrder>0</IKRotLimitOrder>
                    <KeyFrames count="61">
                        <i>1 0.000231912 1.69407e-021 -0.000230697 0.994761 0.10223 2.37084e-005 -0.10223 0.994761 0 1.45279 0</i>
                        <i>0.999999 0.00137105 0 -0.0013638 0.994715 0.102664 0.000140757 -0.102664 0.994716 0.000857819 1.45688 0</i>
                        <i>0.999997 0.00244082 0 -0.00242782 0.994672 0.103062 0.000251554 -0.103061 0.994675 0.0017227 1.46027 0</i>
                        <i>0.999994 0.00343978 0 -0.00342133 0.994631 0.103425 0.000355758 -0.103424 0.994637 0.00258627 1.46299 0</i>
                        <i>0.99999 0.00436648 0 -0.00434292 0.994594 0.103753 0.000453036 -0.103752 0.994603 0.00344014 1.46506 0</i>
                        <i>0.999986 0.00521949 0 -0.00519116 0.994559 0.104048 0.000543075 -0.104046 0.994572 0.00427596 1.46654 0</i>
                        <i>0.999982 0.00599734 -5.42101e-020 -0.00596463 0.994527 0.104309 0.000625575 -0.104307 0.994545 0.00508533 1.46744 0</i>
                        <i>0.999978 0.00669861 5.42101e-020 -0.00666191 0.994499 0.104537 0.000700251 -0.104534 0.994521 0.00585988 1.4678 0</i>
                        <i>0.999973 0.00732185 0 -0.00728158 0.994474 0.104732 0.000766834 -0.104729 0.9945 0.00659125 1.46765 0</i>
                        <i>0.999969 0.00786561 0 -0.00782221 0.994452 0.104896 0.000825069 -0.104892 0.994483 0.00727105 1.46702 0</i>
                        <i>0.999965 0.00832844 -5.42101e-020 -0.00828238 0.994435 0.105028 0.000874717 -0.105024 0.994469 0.0078909 1.46595 0</i>
                        <i>0.999962 0.00870891 0 -0.00866065 0.994421 0.105129 0.000915555 -0.105125 0.994459 0.00844244 1.46446 0</i>
                        <i>0.999959 0.00900557 5.42101e-020 -0.0089556 0.994411 0.105199 0.000947376 -0.105195 0.994451 0.00891728 1.46259 0</i>
                        <i>0.999958 0.00921697 -5.42101e-020 -0.00916579 0.994405 0.105239 0.000969986 -0.105235 0.994447 0.00930705 1.46037 0</i>
                        <i>0.999956 0.00934168 0 -0.00928979 0.994402 0.10525 0.00098321 -0.105245 0.994446 0.00960338 1.45784 0</i>
                        <i>0.999956 0.00937824 -1.0842e-019 -0.00932617 0.994404 0.105231 0.000986885 -0.105227 0.994448 0.00979789 1.45502 0</i>
                        <i>0.999957 0.00932521 1.0842e-019 -0.00927348 0.99441 0.105184 0.000980866 -0.10518 0.994453 0.0098822 1.45194 0</i>
                        <i>0.999958 0.00918114 -5.42101e-020 -0.00913028 0.994419 0.105109 0.000965023 -0.105105 0.994461 0.00984795 1.44865 0</i>
                        <i>0.99996 0.00893625 -5.42101e-020 -0.00888685 0.994432 0.105003 0.00093833 -0.104998 0.994472 0.00968674 1.44516 0</i>
                        <i>0.999963 0.00856763 5.42101e-020 -0.0085204 0.994451 0.104854 0.00089835 -0.10485 0.994488 0.00938639 1.44152 0</i>
                        <i>0.999967 0.00808409 -5.42101e-020 -0.00803969 0.994475 0.104666 0.000846133 -0.104663 0.994507 0.00889779 1.43775 0</i>
                        <i>0.999972 0.00749681 0 -0.00745581 0.994503 0.104444 0.000782999 -0.104441 0.994531 0.00822403 1.43388 0</i>
                        <i>0.999977 0.00681695 -5.42101e-020 -0.00677985 0.994534 0.104192 0.000710271 -0.104189 0.994557 0.00738542 1.42996 0</i>
                        <i>0.999982 0.00605569 0 -0.00602291 0.994568 0.103913 0.000629267 -0.103911 0.994586 0.00640224 1.426 0</i>
                        <i>0.999986 0.0052242 0 -0.00519608 0.994604 0.103613 0.000541294 -0.103611 0.994618 0.00529478 1.42205 0</i>
                        <i>0.999991 0.00433364 -2.71051e-020 -0.00431046 0.994641 0.103295 0.000447643 -0.103294 0.994651 0.00408332 1.41813 0</i>
                        <i>0.999994 0.0033952 -2.71051e-020 -0.00337715 0.994679 0.102963 0.000349581 -0.102963 0.994685 0.00278815 1.41428 0</i>
                        <i>0.999997 0.00242003 -2.71051e-020 -0.00240725 0.994717 0.102623 0.00024835 -0.102623 0.99472 0.00142956 1.41053 0</i>
                        <i>0.999999 0.00141932 1.35525e-020 -0.00141187 0.994755 0.102277 0.000145164 -0.102277 0.994756 2.78446e-005 1.4069 0</i>
                        <i>1 0.000404227 0 -0.000402122 0.994791 0.101931 4.12034e-005 -0.101931 0.994791 -0.00139672 1.40344 0</i>
                        <i>1 -0.000614061 6.77626e-021 0.000610884 0.994826 0.101589 -6.23819e-005 -0.101589 0.994826 -0.00282384 1.40017 0</i>
                        <i>0.999999 -0.00162438 0 0.00161603 0.994859 0.101254 -0.000164476 -0.101254 0.994861 -0.00423324 1.39713 0</i>
                        <i>0.999997 -0.00261556 2.71051e-020 0.0026022 0.99489 0.100932 -0.000263994 -0.100932 0.994893 -0.00560461 1.39435 0</i>
                        <i>0.999994 -0.00357641 0 0.00355826 0.994918 0.100626 -0.000359881 -0.100625 0.994924 -0.00691768 1.39185 0</i>
                        <i>0.99999 -0.00449578 0 0.00447309 0.994943 0.100341 -0.00045111 -0.10034 0.994953 -0.00815216 1.38968 0</i>
                        <i>0.999986 -0.0053625 0 0.00533557 0.994965 0.10008 -0.00053668 -0.100079 0.994979 -0.00928775 1.38787 0</i>
                        <i>0.999981 -0.00616538 -5.42101e-020 0.00613456 0.994984 0.099849 -0.000615606 -0.0998471 0.995003 -0.0103042 1.38643 0</i>
                        <i>0.999976 -0.00689325 0 0.00685894 0.994999 0.0996511 -0.00068692 -0.0996487 0.995022 -0.0111811 1.38542 0</i>
                        <i>0.999972 -0.00753496 5.42101e-020 0.00749757 0.99501 0.0994908 -0.000749659 -0.099488 0.995039 -0.0118984 1.38486 0</i>
                        <i>0.999967 -0.00807932 0 0.00803933 0.995018 0.0993724 -0.000802861 -0.0993692 0.99505 -0.0124356 1.38478 0</i>
                        <i>0.999964 -0.00851517 0 0.00847308 0.995021 0.0993002 -0.000845558 -0.0992966 0.995058 -0.0127724 1.38526 0</i>
                        <i>0.999961 -0.00883133 -5.42101e-020 0.0087877 0.995021 0.0992784 -0.00087676 -0.0992745 0.99506 -0.0129177 1.38629 0</i>
                        <i>0.999959 -0.00903009 0 0.00898546 0.995017 0.0992982 -0.000896672 -0.0992941 0.995058 -0.0129023 1.38781 0</i>
                        <i>0.999958 -0.00914951 0 0.00910427 0.995014 0.0993205 -0.000908734 -0.0993163 0.995055 -0.0127392 1.3898 0</i>
                        <i>0.999958 -0.00919304 0 0.00914756 0.995011 0.0993447 -0.00091328 -0.0993405 0.995053 -0.0124415 1.39219 0</i>
                        <i>0.999958 -0.00916093 -5.42101e-020 0.00911558 0.995008 0.0993736 -0.000910354 -0.0993694 0.99505 -0.0120222 1.39497 0</i>
                        <i>0.999959 -0.00905341 -5.42101e-020 0.00900856 0.995006 0.0994099 -0.000899998 -0.0994058 0.995047 -0.0114943 1.39807 0</i>
                        <i>0.999961 -0.00887073 0 0.00882675 0.995003 0.0994563 -0.000882251 -0.0994524 0.995042 -0.0108709 1.40146 0</i>
                        <i>0.999963 -0.00861315 0 0.00857039 0.994999 0.0995157 -0.000857143 -0.099512 0.995036 -0.010165 1.4051 0</i>
                        <i>0.999966 -0.00828089 -5.42101e-020 0.00823972 0.994994 0.0995907 -0.0008247 -0.0995873 0.995028 -0.00938954 1.40895 0</i>
                        <i>0.999969 -0.00787422 5.42101e-020 0.007835 0.994988 0.099684 -0.000784934 -0.0996809 0.995019 -0.00855766 1.41296 0</i>
                        <i>0.999973 -0.00739336 -5.42101e-020 0.00735645 0.99498 0.0997985 -0.000737846 -0.0997957 0.995008 -0.00768235 1.41709 0</i>
                        <i>0.999977 -0.00683858 0 0.00680434 0.994971 0.0999368 -0.000683425 -0.0999344 0.994994 -0.00677664 1.4213 0</i>
                        <i>0.999981 -0.00621011 0 0.00617891 0.994958 0.100102 -0.000621642 -0.1001 0.994977 -0.00585356 1.42555 0</i>
                        <i>0.999985 -0.00550819 -5.42101e-020 0.00548041 0.994943 0.100296 -0.000552448 -0.100294 0.994958 -0.00492614 1.42979 0</i>
                        <i>0.999989 -0.00473307 0 0.0047091 0.994924 0.100522 -0.000475778 -0.100521 0.994935 -0.0040074 1.43399 0</i>
                        <i>0.999992 -0.003885 2.71051e-020 0.00386522 0.994901 0.100783 -0.000391543 -0.100782 0.994908 -0.00311038 1.43809 0</i>
                        <i>0.999996 -0.00296422 -2.71051e-020 0.00294904 0.994874 0.101082 -0.000299629 -0.101081 0.994878 -0.0022481 1.44207 0</i>
                        <i>0.999998 -0.00197098 1.35525e-020 0.00196081 0.994842 0.101421 -0.000199898 -0.10142 0.994844 -0.00143359 1.44587 0</i>
                        <i>1 -0.000905518 -6.77626e-021 0.000900814 0.994804 0.101803 -9.21841e-005 -0.101802 0.994805 -0.000679879 1.44946 0</i>
                        <i>1 0.000231912 1.69407e-021 -0.000230697 0.994761 0.10223 2.37084e-005 -0.10223 0.994761 0 1.45279 0</i>
                    </KeyFrames>
                </p>
            </i>
            <i>
                <p>
                    <Name><![CDATA[rotor]]></Name>
                    <Exclude>0</Exclude>
                    <Additive>0</Additive>
                    <IKPriority>0</IKPriority>
                    <IKRotLimits>-1e+010 -1e+010 -1e+010 1e+010 1e+010 1e+010</IKRotLimits>
                    <IKRotLimitOrder>0</IKRotLimitOrder>
                    <KeyFrames count="61">
                        <i>1 0.000231912 1.69407e-021 -0.000230697 0.994761 0.10223 2.37084e-005 -0.10223 0.994761 -0.000576743 3.9397 0.255575</i>
                        <i>0.669025 0.0772113 -0.739218 -0.0013638 0.994715 0.102664 0.743238 -0.0676764 0.665595 -0.00255169 3.94367 0.256659</i>
                        <i>-0.104778 0.102242 -0.989226 -0.00242782 0.994672 0.103062 0.994493 0.0132003 -0.103972 -0.00434685 3.94695 0.257654</i>
                        <i>-0.809221 0.0580083 -0.584633 -0.00342133 0.994631 0.103425 0.587494 0.0856936 -0.804679 -0.00596706 3.94956 0.258562</i>
                        <i>-0.978044 -0.0258424 0.20679 -0.00434292 0.994594 0.103753 -0.208353 0.100577 -0.972869 -0.00741714 3.95155 0.259383</i>
                        <i>-0.499523 -0.0927165 0.861325 -0.00519116 0.994559 0.104048 -0.866285 0.0475029 -0.497286 -0.00870193 3.95294 0.260119</i>
                        <i>0.309606 -0.0973484 0.945868 -0.00596463 0.994527 0.104309 -0.950846 -0.0379364 0.307331 -0.00982624 3.95376 0.260772</i>
                        <i>0.91381 -0.0363985 0.404508 -0.00666191 0.994499 0.104537 -0.406088 -0.0982215 0.90854 -0.0107949 3.95405 0.261342</i>
                        <i>0.913209 0.0492862 -0.4045 -0.00728158 0.994474 0.104732 0.407426 -0.092697 0.908521 -0.0116127 3.95383 0.261831</i>
                        <i>0.308223 0.102189 -0.94581 -0.00782221 0.994452 0.104896 0.951282 -0.0249329 0.307312 -0.0122845 3.95315 0.262239</i>
                        <i>-0.50074 0.0867892 -0.861236 -0.00828238 0.994435 0.105028 0.865558 0.0597247 -0.497235 -0.0128151 3.95203 0.262569</i>
                        <i>-0.978301 0.013338 -0.206759 -0.00866065 0.994421 0.105129 0.207008 0.104638 -0.972727 -0.0132092 3.95051 0.262821</i>
                        <i>-0.808427 -0.0691175 0.584524 -0.0089556 0.994411 0.105199 -0.588528 0.0798109 -0.804528 -0.0134717 3.94862 0.262997</i>
                        <i>-0.103559 -0.105622 0.988999 -0.00916579 0.994405 0.105239 -0.994581 0.00183353 -0.103948 -0.0136074 3.94639 0.263098</i>
                        <i>0.669832 -0.0719616 0.739017 -0.00928979 0.994402 0.10525 -0.742454 -0.077365 0.665414 -0.0136211 3.94384 0.263125</i>
                        <i>0.999956 0.00937832 -7.83025e-007 -0.00932617 0.994404 0.105231 0.000987672 -0.105227 0.994448 -0.0135175 3.94103 0.263079</i>
                        <i>0.668373 0.0844036 -0.739022 -0.00927348 0.99441 0.105184 0.743769 -0.0634491 0.665419 -0.0133015 3.93797 0.262961</i>
                        <i>-0.105485 0.103569 -0.989013 -0.00913028 0.994419 0.105109 0.994379 0.0201174 -0.10395 -0.0129778 3.93469 0.262773</i>
                        <i>-0.809536 0.054487 -0.584536 -0.00888685 0.994432 0.105003 0.587003 0.0901981 -0.804545 -0.0125304 3.93124 0.262507</i>
                        <i>-0.977925 -0.03018 0.206766 -0.0085204 0.994451 0.104854 -0.208784 0.100778 -0.972756 -0.0119146 3.92764 0.262135</i>
                        <i>-0.499251 -0.0946829 0.861269 -0.00803969 0.994475 0.104666 -0.86642 0.0453305 -0.497254 -0.0112014 3.92393 0.261666</i>
                        <i>0.309754 -0.097013 0.945855 -0.00745581 0.994503 0.104444 -0.950788 -0.0394041 0.307328 -0.0104155 3.92014 0.261111</i>
                        <i>0.913813 -0.0361501 0.404523 -0.00677985 0.994534 0.104192 -0.406078 -0.0979545 0.908573 -0.0095642 3.91629 0.26048</i>
                        <i>0.913273 0.0477968 -0.404535 -0.00602291 0.994568 0.103913 0.407305 -0.0924647 0.9086 -0.00865503 3.91242 0.259783</i>
                        <i>0.308498 0.100155 -0.945938 -0.00519608 0.994604 0.103613 0.951211 -0.0270492 0.307354 -0.00769542 3.90856 0.259032</i>
                        <i>-0.500384 0.0872882 -0.861393 -0.00431046 0.994641 0.103295 0.865793 0.0554 -0.497326 -0.00669283 3.90474 0.258237</i>
                        <i>-0.978215 0.0180862 -0.206807 -0.00337715 0.994679 0.102963 0.207569 0.101419 -0.972949 -0.00565472 3.90098 0.257408</i>
                        <i>-0.808868 -0.0622779 0.584682 -0.00240725 0.994717 0.102623 -0.587985 0.0816009 -0.804745 -0.00458856 3.89732 0.256557</i>
                        <i>-0.104384 -0.101865 0.989307 -0.00141187 0.994755 0.102277 -0.994536 0.00927936 -0.10398 -0.00350184 3.89379 0.255694</i>
                        <i>0.669162 -0.0754793 0.739274 -0.000402122 0.994791 0.101931 -0.743117 -0.0685059 0.665646 -0.00240203 3.89042 0.254828</i>
                        <i>1 -0.000614075 1.31327e-007 0.000610884 0.994826 0.101589 -6.25139e-005 -0.101589 0.994826 -0.00129663 3.88724 0.253972</i>
                        <i>0.66925 0.0741599 -0.739327 0.00161603 0.994859 0.101254 0.743035 -0.0689594 0.66569 -0.000193155 3.88428 0.253136</i>
                        <i>-0.104267 0.100652 -0.989443 0.0026022 0.99489 0.100932 0.994546 0.00794915 -0.103996 0.000900885 3.88157 0.25233</i>
                        <i>-0.808801 0.0620395 -0.584801 0.00355826 0.994918 0.100626 0.588072 0.0793056 -0.804911 0.00197797 3.87915 0.251565</i>
                        <i>-0.978231 -0.0164642 0.206862 0.00447309 0.994943 0.100341 -0.207468 0.0990818 -0.973211 0.00303058 3.87704 0.250852</i>
                        <i>-0.500456 -0.0839897 0.861678 0.00533557 0.994965 0.10008 -0.865746 0.0546833 -0.497488 0.00405118 3.87528 0.250201</i>
                        <i>0.308427 -0.0968654 0.946303 0.00613456 0.994984 0.099849 -0.951228 -0.0249909 0.307474 0.00503223 3.87389 0.249622</i>
                        <i>0.913244 -0.046828 0.404712 0.00685894 0.994999 0.0996511 -0.407354 -0.0882299 0.908998 0.0059662 3.87292 0.249128</i>
                        <i>0.913825 0.0335818 -0.404718 0.00749757 0.99501 0.0994908 0.40604 -0.0939515 0.909013 0.00684555 3.87238 0.248727</i>
                        <i>0.309769 0.0920091 -0.94635 0.00803933 0.995018 0.0993724 0.950778 -0.0383905 0.307486 0.00766275 3.87233 0.248431</i>
                        <i>-0.499251 0.0902509 -0.861745 0.00847308 0.995021 0.0993002 0.866416 0.042274 -0.49753 0.00841025 3.87282 0.24825</i>
                        <i>-0.977927 0.0292787 -0.206884 0.0087877 0.995021 0.0992784 0.208761 0.095269 -0.973315 0.00905154 3.87384 0.248196</i>
                        <i>-0.809511 -0.0510581 0.58488 0.00898546 0.995017 0.0992982 -0.587035 0.0856384 -0.805019 0.00956136 3.87536 0.248245</i>
                        <i>-0.105426 -0.0978159 0.989605 0.00910427 0.995014 0.0993205 -0.994385 0.0194806 -0.10401 0.0100215 3.87733 0.248301</i>
                        <i>0.668424 -0.0799757 0.739468 0.00914756 0.995011 0.0993447 -0.743724 -0.0596401 0.665821 0.0104274 3.87972 0.248362</i>
                        <i>0.999958 -0.00916093 -5.42101e-020 0.00911558 0.995008 0.0993736 -0.000910354 -0.0993694 0.99505 0.0107667 3.88249 0.248434</i>
                        <i>0.669771 0.0678151 -0.739464 0.00900856 0.995006 0.0994099 0.742513 -0.0732434 0.665815 0.0110271 3.88558 0.248525</i>
                        <i>-0.103646 0.0998349 -0.989591 0.00882675 0.995003 0.0994563 0.994575 0.00157336 -0.104009 0.011196 3.88897 0.248641</i>
                        <i>-0.808481 0.0654601 -0.58487 0.00857039 0.994999 0.0995157 0.588459 0.075444 -0.804999 0.011261 3.8926 0.248789</i>
                        <i>-0.978287 -0.0126049 0.206873 0.00823972 0.994994 0.0995907 -0.207093 0.0991328 -0.973286 0.0112098 3.89643 0.248977</i>
                        <i>-0.500668 -0.0823889 0.86171 0.007835 0.994988 0.099684 -0.865604 0.0566601 -0.497513 0.0110298 3.90043 0.24921</i>
                        <i>0.308301 -0.0971962 0.94631 0.00735645 0.99498 0.0997985 -0.95126 -0.0238065 0.307468 0.0107088 3.90454 0.249496</i>
                        <i>0.913243 -0.0468951 0.404708 0.00680434 0.994971 0.0999368 -0.407359 -0.0885128 0.908969 0.0102342 3.90872 0.249842</i>
                        <i>0.913785 0.03504 -0.404684 0.00617891 0.994958 0.100102 0.406151 -0.0939719 0.908961 0.00959372 3.91294 0.250254</i>
                        <i>0.309547 0.0936831 -0.946258 0.00548041 0.994943 0.100296 0.950868 -0.0362321 0.307468 0.00877489 3.91715 0.25074</i>
                        <i>-0.499572 0.0894208 -0.861645 0.0047091 0.994924 0.100522 0.866259 0.0461605 -0.497458 0.00776534 3.92129 0.251305</i>
                        <i>-0.978056 0.0247553 -0.206866 0.00386522 0.994901 0.100783 0.208306 0.097772 -0.973164 0.00655267 3.92534 0.251958</i>
                        <i>-0.809199 -0.0570147 0.584762 0.00294904 0.994874 0.101082 -0.587528 0.0835197 -0.804882 0.0051245 3.92925 0.252704</i>
                        <i>-0.104742 -0.100659 0.989392 0.00196081 0.994842 0.101421 -0.994498 0.012563 -0.104004 0.00346845 3.93298 0.253552</i>
                        <i>0.669049 -0.076261 0.739295 0.000900814 0.994804 0.101803 -0.743217 -0.067445 0.665642 0.00157216 3.93647 0.254506</i>
                        <i>1 0.000230002 1.8582e-005 -0.000230697 0.994761 0.10223 5.02857e-006 -0.10223 0.994761 -0.000576743 3.9397 0.255575</i>
                    </KeyFrames>
                </p>
            </i>
            <i>
                <p>
                    <Name><![CDATA[blades]]></Name>
                    <Exclude>0</Exclude>
                    <Additive>0</Additive>
                    <IKPriority>0</IKPriority>
                    <IKRotLimits>-1e+010 -1e+010 -1e+010 1e+010 1e+010 1e+010</IKRotLimits>
                    <IKRotLimitOrder>0</IKRotLimitOrder>
                    <KeyFrames count="61">
                        <i>0.961079 0.27483 0.028221 -0.276275 0.956043 0.0982577 2.37084e-005 -0.10223 0.994761 -0.000872954 5.21695 0.386837</i>
                        <i>0.642652 0.348806 -0.682153 -0.185998 0.934748 0.302738 0.743238 -0.0676764 0.665595 -0.00430278 5.22087 0.388477</i>
                        <i>-0.101377 0.372852 -0.922336 0.026591 0.927797 0.372136 0.994493 0.0132003 -0.103972 -0.00746412 5.22409 0.389983</i>
                        <i>-0.778721 0.330326 -0.533365 0.2201 0.939969 0.260796 0.587494 0.0856936 -0.804679 -0.01036 5.22665 0.391357</i>
                        <i>-0.941238 0.249723 0.227396 0.265819 0.96308 0.0426365 -0.208353 0.100577 -0.972869 -0.0129934 5.22859 0.3926</i>
                        <i>-0.481546 0.185438 0.856578 0.132906 0.981507 -0.137767 -0.866285 0.0475029 -0.497286 -0.0153673 5.22993 0.393715</i>
                        <i>0.295929 0.180977 0.937909 -0.0912008 0.982755 -0.160855 -0.950846 -0.0379364 0.307331 -0.0174847 5.23071 0.394702</i>
                        <i>0.876462 0.239551 0.417647 -0.258664 0.965903 -0.0111912 -0.406088 -0.0982215 0.90854 -0.0193487 5.23096 0.395565</i>
                        <i>0.875714 0.321899 -0.35987 -0.259093 0.942225 0.212326 0.407426 -0.092697 0.908521 -0.0209621 5.23072 0.396305</i>
                        <i>0.294086 0.372741 -0.880101 -0.0926043 0.927601 0.361914 0.951282 -0.0249329 0.307312 -0.0223281 5.23001 0.396924</i>
                        <i>-0.483569 0.357934 -0.798777 0.130271 0.931835 0.338694 0.865558 0.0597247 -0.497235 -0.0234495 5.22887 0.397423</i>
                        <i>-0.942677 0.287333 -0.169704 0.261739 0.952098 0.15812 0.207008 0.104638 -0.972727 -0.0243293 5.22733 0.397805</i>
                        <i>-0.779486 0.208079 0.590851 0.214562 0.97485 -0.0602489 -0.588528 0.0798109 -0.804528 -0.0249706 5.22543 0.398071</i>
                        <i>-0.102065 0.172992 0.979621 0.0197783 0.984922 -0.171867 -0.994581 0.00183353 -0.103948 -0.0253761 5.22318 0.398223</i>
                        <i>0.641239 0.205343 0.739355 -0.193838 0.975627 -0.102848 -0.742454 -0.077365 0.665414 -0.025549 5.22064 0.398263</i>
                        <i>0.958525 0.283523 0.0290488 -0.285005 0.953175 0.101143 0.000987672 -0.105227 0.994448 -0.0254922 5.21782 0.398194</i>
                        <i>0.639841 0.355634 -0.681269 -0.19342 0.932469 0.305107 0.743769 -0.0634491 0.665419 -0.0252085 5.21477 0.398016</i>
                        <i>-0.103906 0.374058 -0.921566 0.0203439 0.927187 0.374046 0.994379 0.0201174 -0.10395 -0.0247009 5.21151 0.397732</i>
                        <i>-0.780533 0.326886 -0.532836 0.214934 0.940749 0.262286 0.587003 0.0901981 -0.804545 -0.0239409 5.20807 0.397328</i>
                        <i>-0.942277 0.245515 0.227677 0.26177 0.96414 0.043701 -0.208784 0.100778 -0.972756 -0.0228547 5.2045 0.396766</i>
                        <i>-0.48207 0.183525 0.856695 0.130093 0.981969 -0.137157 -0.86642 0.0453305 -0.497254 -0.0215243 5.20082 0.396056</i>
                        <i>0.295659 0.181293 0.937933 -0.0926747 0.982639 -0.160721 -0.950788 -0.0394041 0.307328 -0.0199886 5.19706 0.395216</i>
                        <i>0.876433 0.239799 0.417567 -0.258778 0.965868 -0.0115269 -0.406078 -0.0979545 0.908573 -0.0182694 5.19326 0.39426</i>
                        <i>0.876122 0.320494 -0.36013 -0.257901 0.942727 0.211549 0.407305 -0.0924647 0.9086 -0.0163883 5.18943 0.393206</i>
                        <i>0.295076 0.370827 -0.880578 -0.0901562 0.928308 0.360716 0.951211 -0.0270492 0.307354 -0.0143671 5.18561 0.392069</i>
                        <i>-0.48213 0.358471 -0.799406 0.13399 0.931896 0.337072 0.865793 0.0554 -0.497326 -0.0122274 5.18184 0.390866</i>
                        <i>-0.941136 0.291968 -0.170347 0.266794 0.951036 0.156052 0.207569 0.101419 -0.972949 -0.00999093 5.17813 0.389612</i>
                        <i>-0.778102 0.214738 0.590292 0.220977 0.973257 -0.0627687 -0.587985 0.0816009 -0.804745 -0.00767943 5.17452 0.388323</i>
                        <i>-0.100718 0.176699 0.979098 0.0274586 0.984221 -0.174799 -0.994536 0.00927936 -0.10398 -0.00531466 5.17104 0.387016</i>
                        <i>0.643049 0.20207 0.738686 -0.185111 0.976972 -0.106109 -0.743117 -0.0685059 0.665646 -0.00291834 5.16771 0.385707</i>
                        <i>0.961311 0.274035 0.0280441 -0.275467 0.956339 0.0976414 -6.25139e-005 -0.101589 0.994826 -0.000512268 5.16458 0.384411</i>
                        <i>0.643691 0.345913 -0.682647 -0.183196 0.935729 0.301414 0.743035 -0.0689594 0.66569 0.0018818 5.16166 0.383145</i>
                        <i>-0.099497 0.371384 -0.923133 0.0312843 0.928445 0.37015 0.994546 0.00794915 -0.103996 0.00424206 5.15899 0.381925</i>
                        <i>-0.77639 0.33428 -0.534299 0.226692 0.939131 0.258153 0.588072 0.0793056 -0.804911 0.00654672 5.15661 0.380767</i>
                        <i>-0.938985 0.258833 0.226523 0.274344 0.960827 0.0393367 -0.207468 0.0990818 -0.973211 0.00877395 5.15453 0.379688</i>
                        <i>-0.479536 0.193938 0.855823 0.143281 0.979489 -0.141678 -0.865746 0.0546833 -0.497488 0.010902 5.1528 0.378702</i>
                        <i>0.298135 0.181568 0.937096 -0.0792462 0.983061 -0.165262 -0.951228 -0.0249909 0.307474 0.0129089 5.15143 0.377827</i>
                        <i>0.879651 0.229665 0.416495 -0.245512 0.969262 -0.0159433 -0.407354 -0.0882299 0.908998 0.014773 5.15048 0.377078</i>
                        <i>0.880385 0.306953 -0.361527 -0.245058 0.947076 0.207349 0.40604 -0.0939515 0.909013 0.0164723 5.14996 0.376471</i>
                        <i>0.299951 0.363112 -0.882144 -0.0777859 0.930954 0.356754 0.950778 -0.0383905 0.307486 0.0179851 5.14991 0.376023</i>
                        <i>-0.477512 0.361423 -0.800847 0.145964 0.931443 0.333329 0.866416 0.042274 -0.49753 0.0192895 5.15041 0.37575</i>
                        <i>-0.937501 0.30282 -0.171439 0.278407 0.948274 0.152532 0.208761 0.095269 -0.973315 0.0203348 5.15143 0.375668</i>
                        <i>-0.775575 0.225604 0.589564 0.232105 0.970448 -0.0660186 -0.587035 0.0856384 -0.805019 0.0210985 5.15294 0.375743</i>
                        <i>-0.0988163 0.180662 0.978569 0.0378538 0.983352 -0.177723 -0.994385 0.0194806 -0.10401 0.0217112 5.15491 0.375827</i>
                        <i>0.644976 0.197809 0.738158 -0.175729 0.978425 -0.108649 -0.743724 -0.0596401 0.665821 0.0221727 5.1573 0.375919</i>
                        <i>0.963618 0.265871 0.0274324 -0.267281 0.958874 0.0955121 -0.000910354 -0.0993694 0.99505 0.022471 5.16006 0.376028</i>
                        <i>0.646232 0.339855 -0.683288 -0.176234 0.937621 0.299679 0.742513 -0.0732434 0.665815 0.0225939 5.16315 0.376165</i>
                        <i>-0.0971817 0.37063 -0.923682 0.0370956 0.928779 0.368772 0.994575 0.00157336 -0.104009 0.0225294 5.16653 0.376341</i>
                        <i>-0.7747 0.33759 -0.534672 0.231422 0.938265 0.257104 0.588459 0.075444 -0.804999 0.0222652 5.17016 0.376566</i>
                        <i>-0.937998 0.262557 0.226327 0.277979 0.959811 0.0386127 -0.207093 0.0991328 -0.973286 0.0217894 5.17399 0.376849</i>
                        <i>-0.47905 0.195483 0.855744 0.145742 0.979069 -0.142068 -0.865604 0.0566601 -0.497513 0.0210898 5.17798 0.377203</i>
                        <i>0.298352 0.181249 0.937089 -0.078037 0.983149 -0.165312 -0.95126 -0.0238065 0.307468 0.0201543 5.18208 0.377636</i>
                        <i>0.879634 0.229592 0.41657 -0.245564 0.969254 -0.0156677 -0.407359 -0.0885128 0.908969 0.0189709 5.18625 0.378159</i>
                        <i>0.879983 0.30834 -0.361326 -0.246315 0.946623 0.207927 0.406151 -0.0939719 0.908961 0.0175273 5.19045 0.378783</i>
                        <i>0.299031 0.3647 -0.881802 -0.080184 0.93042 0.357617 0.950868 -0.0362321 0.307468 0.0158116 5.19463 0.379518</i>
                        <i>-0.47886 0.360598 -0.800413 0.142435 0.931578 0.334476 0.866259 0.0461605 -0.497458 0.0138117 5.19876 0.380374</i>
                        <i>-0.938984 0.298439 -0.171006 0.273711 0.949407 0.153973 0.208306 0.097772 -0.973164 0.0115155 5.20278 0.381362</i>
                        <i>-0.776941 0.219839 0.589944 0.226217 0.971954 -0.0642718 -0.587528 0.0835197 -0.804882 0.00891102 5.20665 0.382492</i>
                        <i>-0.10013 0.177882 0.978944 0.0307989 0.983972 -0.175646 -0.994498 0.012563 -0.104004 0.0059861 5.21034 0.383774</i>
                        <i>0.6433 0.201322 0.738671 -0.183828 0.9772 -0.106238 -0.743217 -0.067445 0.665642 0.00272879 5.21378 0.385219</i>
                        <i>0.961079 0.274828 0.0282389 -0.276275 0.956043 0.0982526 5.02857e-006 -0.10223 0.994761 -0.000872954 5.21695 0.386837</i>
                    </KeyFrames>
                </p>
            </i>
            <i>
                <p>
                    <Name><![CDATA[stabilizer_bar]]></Name>
                    <Exclude>0</Exclude>
                    <Additive>0</Additive>
                    <IKPriority>0</IKPriority>
                    <IKRotLimits>-1e+010 -1e+010 -1e+010 1e+010 1e+010 1e+010</IKRotLimits>
                    <IKRotLimitOrder>0</IKRotLimitOrder>
                    <KeyFrames count="61">
                        <i>1 0.000231912 1.69407e-021 -0.000230697 0.994761 0.10223 2.37084e-005 -0.10223 0.994761 -0.00080744 4.93446 0.357805</i>
                        <i>0.961222 0.0296158 -0.274181 -0.0013638 0.994715 0.102664 0.275772 -0.0983086 0.956182 -0.00391549 4.93838 0.359323</i>
                        <i>0.847912 0.0566841 -0.527097 -0.00242782 0.994672 0.103062 0.530131 -0.0861075 0.843532 -0.00677467 4.94162 0.360716</i>
                        <i>0.668862 0.0791607 -0.73916 -0.00342133 0.994631 0.103425 0.743379 -0.0666479 0.665542 -0.00938839 4.94419 0.361986</i>
                        <i>0.43796 0.095166 -0.893943 -0.00434292 0.994594 0.103753 0.898984 -0.0415574 0.436005 -0.0117601 4.94614 0.363136</i>
                        <i>0.173111 0.103372 -0.979462 -0.00519116 0.994559 0.104048 0.984889 -0.0129273 0.172706 -0.0138931 4.94749 0.364167</i>
                        <i>-0.105149 0.103109 -0.989097 -0.00596463 0.994527 0.104309 0.994439 0.0168675 -0.103958 -0.0157909 4.94828 0.365081</i>
                        <i>-0.375248 0.0944133 -0.922104 -0.00666191 0.994499 0.104537 0.926901 0.0453701 -0.372554 -0.0174568 4.94854 0.365879</i>
                        <i>-0.616249 0.0780201 -0.783677 -0.00728158 0.994474 0.104732 0.787517 0.0702476 -0.612276 -0.0188943 4.94831 0.366563</i>
                        <i>-0.809477 0.0552908 -0.584543 -0.00782221 0.994452 0.104896 0.587099 0.0894831 -0.804554 -0.0201067 4.9476 0.367135</i>
                        <i>-0.939959 0.0280941 -0.340128 -0.00828238 0.994435 0.105028 0.341186 0.101539 -0.934496 -0.0210974 4.94647 0.367597</i>
                        <i>-0.99759 -0.00135459 -0.0693698 -0.00866065 0.994421 0.105129 0.0688404 0.105476 -0.992036 -0.0218698 4.94493 0.36795</i>
                        <i>-0.977911 -0.03068 0.206758 -0.0089556 0.994411 0.105199 -0.20883 0.101023 -0.97272 -0.0224273 4.94303 0.368196</i>
                        <i>-0.882455 -0.0575428 0.466865 -0.00916579 0.994405 0.105239 -0.470308 0.0885896 -0.878044 -0.0227732 4.94079 0.368337</i>
                        <i>-0.718625 -0.0798293 0.6908 -0.00928979 0.994402 0.10525 -0.695335 0.0692178 -0.715344 -0.0229109 4.93825 0.368374</i>
                        <i>-0.499123 -0.0958182 0.861217 -0.00932617 0.994404 0.105231 -0.866481 0.0444916 -0.497224 -0.0228437 4.93543 0.36831</i>
                        <i>-0.24096 -0.104312 0.964913 -0.00927348 0.99441 0.105184 -0.970491 0.0163971 -0.24058 -0.022575 4.93238 0.368145</i>
                        <i>0.0358627 -0.10472 0.993855 -0.00913028 0.994419 0.105109 -0.999315 -0.0128437 0.0347065 -0.022108 4.92911 0.367883</i>
                        <i>0.309897 -0.097098 0.945799 -0.00888685 0.994432 0.105003 -0.950729 -0.0409452 0.307309 -0.0214172 4.92567 0.367509</i>
                        <i>0.559917 -0.0821337 0.824467 -0.0085204 0.994451 0.104854 -0.828505 -0.0657344 0.556111 -0.020435 4.92209 0.366989</i>
                        <i>0.766563 -0.0610833 0.639257 -0.00803969 0.994475 0.104666 -0.642118 -0.0853729 0.761837 -0.0192411 4.91841 0.366333</i>
                        <i>0.913838 -0.0356314 0.404512 -0.00745581 0.994503 0.104444 -0.40601 -0.0984612 0.908549 -0.0178713 4.91464 0.365555</i>
                        <i>0.990344 -0.00774976 0.138416 -0.00677985 0.994534 0.104192 -0.138467 -0.104124 0.984878 -0.0163441 4.91083 0.364672</i>
                        <i>0.990162 0.0204585 -0.13842 -0.00602291 0.994568 0.103913 0.139794 -0.102057 0.984907 -0.0146779 4.90699 0.363696</i>
                        <i>0.913313 0.0469151 -0.404547 -0.00519608 0.994604 0.103613 0.407226 -0.0925289 0.908629 -0.0128915 4.90316 0.362645</i>
                        <i>0.765749 0.0697158 -0.639349 -0.00431046 0.994641 0.103295 0.643125 -0.076342 0.761947 -0.0110033 4.89938 0.361532</i>
                        <i>0.5589 0.0872586 -0.824631 -0.00337715 0.994679 0.102963 0.829228 -0.0547613 0.556221 -0.00903187 4.89566 0.360372</i>
                        <i>0.30878 0.0983476 -0.946035 -0.00240725 0.994717 0.102623 0.951131 -0.0294105 0.307385 -0.00699582 4.89204 0.35918</i>
                        <i>0.0347545 0.102265 -0.99415 -0.00141187 0.994755 0.102277 0.999395 -0.00215098 0.0347165 -0.00491371 4.88854 0.357971</i>
                        <i>-0.241962 0.0988058 -0.965242 -0.000402122 0.994791 0.101931 0.970286 0.0250517 -0.240662 -0.00280415 4.88521 0.35676</i>
                        <i>-0.499946 0.0882857 -0.861545 0.000610884 0.994826 0.101589 0.866057 0.0502627 -0.497413 -0.000685748 4.88206 0.355561</i>
                        <i>-0.719225 0.0715056 -0.691088 0.00161603 0.994859 0.101254 0.694775 0.0717079 -0.715643 0.00142288 4.87914 0.354391</i>
                        <i>-0.882821 0.049694 -0.467074 0.0026022 0.99489 0.100932 0.469703 0.0878895 -0.878439 0.00350308 4.87646 0.353262</i>
                        <i>-0.978067 0.0244195 -0.206856 0.00355826 0.994918 0.100626 0.208262 0.097683 -0.973183 0.00553623 4.87407 0.352191</i>
                        <i>-0.997585 -0.0025145 0.0694043 0.00447309 0.994943 0.100341 -0.0693056 0.100409 -0.99253 0.00750367 4.87198 0.351193</i>
                        <i>-0.939862 -0.0291899 0.340304 0.00533557 0.994965 0.10008 -0.341511 0.0958774 -0.934975 0.00938676 4.87024 0.350281</i>
                        <i>-0.809363 -0.0537008 0.584848 0.00613456 0.994984 0.099849 -0.587276 0.0844019 -0.804974 0.0111668 4.86888 0.349471</i>
                        <i>-0.616188 -0.0742803 0.784088 0.00685894 0.994999 0.0996511 -0.787569 0.0667818 -0.612597 0.0128251 4.86792 0.348779</i>
                        <i>-0.375291 -0.089421 0.922584 0.00749757 0.99501 0.0994908 -0.926877 0.0442551 -0.372748 0.0143431 4.86739 0.348218</i>
                        <i>-0.105323 -0.0979803 0.989599 0.00803933 0.995018 0.0993724 -0.994406 0.0184219 -0.104011 0.0157021 4.86734 0.347803</i>
                        <i>0.172809 -0.0992667 0.97994 0.00847308 0.995021 0.0993002 -0.984919 -0.0088569 0.17279 0.0168833 4.86784 0.347551</i>
                        <i>0.437566 -0.0930987 0.894354 0.0087877 0.995021 0.0992784 -0.899143 -0.0355815 0.436205 0.0178392 4.86886 0.347474</i>
                        <i>0.668437 -0.0798323 0.739472 0.00898546 0.995017 0.0992982 -0.743715 -0.0597301 0.665823 0.0185468 4.87037 0.347544</i>
                        <i>0.847531 -0.0603888 0.527299 0.00910427 0.995014 0.0993205 -0.530667 -0.0793765 0.843855 0.0191257 4.87234 0.347622</i>
                        <i>0.960969 -0.0362188 0.274274 0.00914756 0.995011 0.0993447 -0.276503 -0.0929583 0.956506 0.019575 4.87473 0.347706</i>
                        <i>0.999958 -0.00916093 -5.42101e-020 0.00911558 0.995008 0.0993736 -0.000910354 -0.0993694 0.99505 0.0198823 4.87749 0.347808</i>
                        <i>0.96147 0.0186973 -0.274273 0.00900856 0.995006 0.0994099 0.274762 -0.0980504 0.9565 0.0200356 4.88059 0.347935</i>
                        <i>0.848482 0.045179 -0.527292 0.00882675 0.995003 0.0994563 0.529151 -0.0890412 0.843843 0.0200227 4.88397 0.348097</i>
                        <i>0.669743 0.0681885 -0.739456 0.00857039 0.994999 0.0995157 0.742544 -0.0729873 0.665809 0.0198314 4.8876 0.348305</i>
                        <i>0.439097 0.0858783 -0.894326 0.00823972 0.994994 0.0995907 0.898402 -0.051099 0.436192 0.0194495 4.89143 0.348567</i>
                        <i>0.174415 0.0967992 -0.979903 0.007835 0.994988 0.099684 0.984641 -0.0250639 0.172782 0.0188648 4.89542 0.348894</i>
                        <i>-0.103793 0.100022 -0.989557 0.00735645 0.99498 0.0997985 0.994572 0.00307871 -0.104007 0.0180652 4.89952 0.349295</i>
                        <i>-0.373965 0.0952193 -0.922542 0.00680434 0.994971 0.0999368 0.927418 0.0310955 -0.372732 0.0170386 4.9037 0.349779</i>
                        <i>-0.61516 0.0827029 -0.784052 0.00617891 0.994958 0.100102 0.788378 0.0567339 -0.612569 0.0157726 4.9079 0.350356</i>
                        <i>-0.808681 0.0634077 -0.58482 0.00548041 0.994943 0.100296 0.588222 0.0779023 -0.804938 0.0142553 4.91209 0.351036</i>
