<?xml version="1.0" encoding="ISO-8859-1" ?>
<Animl Version="1">
    <ModellingPackage><![CDATA[Maya.2010]]></ModellingPackage>
    <SrcFile><![CDATA[anims\vehicles\blue\~src\air\helicopter_uh1iroquois\helicopter_uh1iroquois_hangtime_takeoff.mb]]></SrcFile>
    <FramesPerSecond>30</FramesPerSecond>
    <TotalFrames>61</TotalFrames>
    <Skeleton>
        <RefFrame>
            <Name><![CDATA[uh1_ref_frame]]></Name>
            <Exclude>0</Exclude>
            <Additive>0</Additive>
            <IKPriority>0</IKPriority>
            <IKRotLimits>-1e+010 -1e+010 -1e+010 1e+010 1e+010 1e+010</IKRotLimits>
            <IKRotLimitOrder>0</IKRotLimitOrder>
            <KeyFrames count="61">
                <i>1 0 0 0 1 0 0 0 1 0 0 0</i>
                <i>1 0 0 0 1 0 0 0 1 0 0 0</i>
                <i>1 0 0 0 1 0 0 0 1 0 0 0</i>
                <i>1 0 0 0 1 0 0 0 1 0 0 0</i>
                <i>1 0 0 0 1 0 0 0 1 0 0 0</i>
                <i>1 0 0 0 1 0 0 0 1 0 0 0</i>
                <i>1 0 0 0 1 0 0 0 1 0 0 0</i>
                <i>1 0 0 0 1 0 0 0 1 0 0 0</i>
                <i>1 0 0 0 1 0 0 0 1 0 0 0</i>
                <i>1 0 0 0 1 0 0 0 1 0 0.00357148 0</i>
                <i>1 0 0 0 1 0 0 0 1 0 0.0144829 0</i>
                <i>1 0 0 0 1 0 0 0 1 0 0.0330431 0</i>
                <i>1 0 0 0 1 0 0 0 1 0 0.0595793 0</i>
                <i>1 0 0 0 1 0 0 0 1 0 0.0944388 0</i>
                <i>1 0 0 0 1 0 0 0 1 0 0.13799 0</i>
                <i>1 0 0 0 1 0 0 0 1 0 0.190626 0</i>
                <i>1 0 0 0 1 0 0 0 1 0 0.252762 0</i>
                <i>1 0 0 0 1 0 0 0 1 0 0.324841 0</i>
                <i>1 0 0 0 1 0 0 0 1 0 0.407335 0</i>
                <i>1 0 0 0 1 0 0 0 1 0 0.500744 0</i>
                <i>1 0 0 0 1 0 0 0 1 0 0.605601 0</i>
                <i>1 0 0 0 1 0 0 0 1 0 0.722474 0</i>
                <i>1 0 0 0 1 0 0 0 1 0 0.851964 0</i>
                <i>1 0 0 0 1 0 0 0 1 0 0.994714 0</i>
                <i>1 0 0 0 1 0 0 0 1 0 1.1514 0</i>
                <i>1 0 0 0 1 0 0 0 1 0 1.32275 0</i>
                <i>1 0 0 0 1 0 0 0 1 0 1.50952 0</i>
                <i>1 0 0 0 1 0 0 0 1 0 1.71252 0</i>
                <i>1 0 0 0 1 0 0 0 1 0 1.9326 0</i>
                <i>1 0 0 0 1 0 0 0 1 0 2.17063 0</i>
                <i>1 0 0 0 1 0 0 0 1 0 2.42753 0</i>
                <i>1 0 0 0 1 0 0 0 1 0 2.70427 0</i>
                <i>1 0 0 0 1 0 0 0 1 0 3.0018 0</i>
                <i>1 0 0 0 1 0 0 0 1 0 3.3211 0</i>
                <i>1 0 0 0 1 0 0 0 1 0 3.66313 0</i>
                <i>1 0 0 0 1 0 0 0 1 0 4.02882 0</i>
                <i>1 0 0 0 1 0 0 0 1 0 4.41901 0</i>
                <i>1 0 0 0 1 0 0 0 1 0 4.83445 0</i>
                <i>1 0 0 0 1 0 0 0 1 0 5.27571 0</i>
                <i>1 0 0 0 1 0 0 0 1 0 5.74314 0</i>
                <i>1 0 0 0 1 0 0 0 1 0 6.23679 0</i>
                <i>1 0 0 0 1 0 0 0 1 0 6.75634 0</i>
                <i>1 0 0 0 1 0 0 0 1 0 7.301 0</i>
                <i>1 0 0 0 1 0 0 0 1 0 7.86946 0</i>
                <i>1 0 0 0 1 0 0 0 1 0 8.45981 0</i>
                <i>1 0 0 0 1 0 0 0 1 0 9.06953 0</i>
                <i>1 0 0 0 1 0 0 0 1 0 9.69548 0</i>
                <i>1 0 0 0 1 0 0 0 1 0 10.334 0</i>
                <i>1 0 0 0 1 0 0 0 1 0 10.9809 0</i>
                <i>1 0 0 0 1 0 0 0 1 0 11.6318 0</i>
                <i>1 0 0 0 1 0 0 0 1 0 12.2821 0</i>
                <i>1 0 0 0 1 0 0 0 1 0 12.9275 0</i>
                <i>1 0 0 0 1 0 0 0 1 0 13.5639 0</i>
                <i>1 0 0 0 1 0 0 0 1 0 14.1874 0</i>
                <i>1 0 0 0 1 0 0 0 1 0 14.7951 0</i>
                <i>1 0 0 0 1 0 0 0 1 0 15.3841 0</i>
                <i>1 0 0 0 1 0 0 0 1 0 15.9527 0</i>
                <i>1 0 0 0 1 0 0 0 1 0 16.4992 0</i>
                <i>1 0 0 0 1 0 0 0 1 0 17.0229 0</i>
                <i>1 0 0 0 1 0 0 0 1 0 17.5232 0</i>
                <i>1 0 0 0 1 0 0 0 1 0 18 0</i>
            </KeyFrames>
        </RefFrame>
        <Bones count="7">
            <i>
                <p>
                    <Name><![CDATA[uh1_root]]></Name>
                    <Exclude>0</Exclude>
                    <Additive>0</Additive>
                    <IKPriority>0</IKPriority>
                    <IKRotLimits>-1e+010 -1e+010 -1e+010 1e+010 1e+010 1e+010</IKRotLimits>
                    <IKRotLimitOrder>0</IKRotLimitOrder>
                    <KeyFrames count="61">
                        <i>1 0 0 0 0.999993 0.0038054 0 -0.0038054 0.999993 0 1.5 -0.00155122</i>
                        <i>1 0 0 0 0.999994 0.00343402 0 -0.00343402 0.999994 0 1.5 -0.00102189</i>
                        <i>1 0 0 0 0.999995 0.00306164 0 -0.00306164 0.999995 0 1.5 -0.000394672</i>
                        <i>1 0 0 0 0.999996 0.00269731 0 -0.00269731 0.999996 0 1.5 0.00033626</i>
                        <i>1 0 0 0 0.999997 0.00235006 0 -0.00235006 0.999997 0 1.5 0.00117672</i>
                        <i>1 0 0 0 0.999998 0.00202891 0 -0.00202891 0.999998 0 1.5 0.00213253</i>
                        <i>1 0 0 0 0.999999 0.00174291 0 -0.00174291 0.999999 0 1.5 0.00320951</i>
                        <i>1 0 0 0 0.999999 0.00150108 0 -0.00150108 0.999999 0 1.5 0.00441348</i>
                        <i>1 0 0 0 0.999999 0.00131247 0 -0.00131247 0.999999 0 1.5 0.00575028</i>
                        <i>1 -0.000148999 0 0.000148999 0.999999 0.00113801 -1.69561e-007 -0.00113801 0.999999 0 1.50357 0.00742162</i>
                        <i>1 -0.000297998 0 0.000297998 0.999999 0.00139729 -4.16389e-007 -0.00139729 0.999999 0 1.51448 0.00959135</i>
                        <i>1 0 0 0 0.999996 0.00278731 0 -0.00278731 0.999996 0 1.53304 0.0122084</i>
                        <i>1 0.000830735 -4.23516e-022 -0.000830724 0.999986 0.00516371 4.28967e-006 -0.0051637 0.999987 0 1.55958 0.0152218</i>
                        <i>0.999998 0.00191425 -8.47033e-022 -0.00191419 0.999967 0.00785505 1.50365e-005 -0.00785504 0.999969 0 1.59444 0.0185804</i>
                        <i>0.999995 0.00314898 0 -0.0031488 0.999937 0.0107677 3.39074e-005 -0.0107677 0.999942 0 1.63799 0.0222331</i>
                        <i>0.99999 0.00443337 -6.77626e-021 -0.00443295 0.999895 0.0138081 6.12166e-005 -0.013808 0.999905 0 1.69063 0.026129</i>
                        <i>0.999984 0.00566587 -6.77626e-021 -0.00566506 0.999841 0.0168826 9.56547e-005 -0.0168823 0.999857 0 1.75276 0.030217</i>
                        <i>0.999977 0.00674492 0 -0.00674358 0.999779 0.0198976 0.000134208 -0.0198971 0.999802 0 1.82484 0.034446</i>
                        <i>0.999971 0.00756897 -1.35525e-020 -0.00756701 0.999712 0.0227595 0.000172266 -0.0227588 0.999741 0 1.90734 0.0387651</i>
                        <i>0.999968 0.00803646 -1.35525e-020 -0.00803388 0.999646 0.0253747 0.000203923 -0.0253739 0.999678 0 2.00074 0.043123</i>
                        <i>0.999968 0.00804586 0 -0.00804336 0.999657 0.0249385 0.000200652 -0.0249377 0.999689 0 2.1056 0.0474689</i>
                        <i>0.999971 0.00761406 0 -0.00761209 0.999713 0.0227309 0.000173074 -0.0227302 0.999742 0 2.22247 0.0517516</i>
                        <i>0.999976 0.00686471 1.35525e-020 -0.00686334 0.999776 0.020043 0.000137589 -0.0200425 0.999799 0 2.35196 0.0559201</i>
                        <i>0.999983 0.00585642 -6.77626e-021 -0.00585557 0.999837 0.0170969 0.000100127 -0.0170966 0.999854 0 2.49471 0.0599233</i>
                        <i>0.999989 0.00464778 0 -0.00464732 0.99989 0.0141146 6.56018e-005 -0.0141145 0.9999 0 2.6514 0.0637103</i>
                        <i>0.999995 0.00329738 0 -0.00329717 0.999931 0.0113184 3.73211e-005 -0.0113183 0.999936 0 2.82275 0.0672299</i>
                        <i>0.999998 0.00186381 1.69407e-021 -0.00186373 0.999958 0.00893032 1.66444e-005 -0.00893031 0.99996 0 3.00952 0.0704311</i>
                        <i>1 0.000405683 0 -0.000405672 0.999974 0.0071726 2.9098e-006 -0.0071726 0.999974 0 3.21252 0.0732628</i>
                        <i>0.999999 -0.0010184 0 0.00101838 0.99998 0.00626738 -6.38269e-006 -0.00626738 0.99998 0 3.4326 0.0756741</i>
                        <i>0.999997 -0.00234984 -8.47033e-022 0.00234979 0.999977 0.00643682 -1.51255e-005 -0.0064368 0.999979 0 3.67063 0.0776138</i>
                        <i>0.999994 -0.00353004 0 0.00352994 0.999967 0.00736196 -2.5988e-005 -0.00736191 0.999973 0 3.92753 0.0790309</i>
                        <i>0.99999 -0.00450039 3.38813e-021 0.00450023 0.999953 0.00856059 -3.8526e-005 -0.00856051 0.999963 0 4.20427 0.0798743</i>
                        <i>0.999986 -0.00520232 -3.38813e-021 0.00520206 0.999936 0.0100099 -5.20749e-005 -0.0100098 0.99995 0 4.5018 0.0800931</i>
                        <i>0.999984 -0.00557722 0 0.00557684 0.999916 0.0116873 -6.51824e-005 -0.0116871 0.999932 0 4.8211 0.0797896</i>
                        <i>0.999984 -0.00558052 0 0.00558001 0.999892 0.0135697 -7.57262e-005 -0.0135695 0.999908 0 5.16313 0.0791143</i>
                        <i>0.999986 -0.00524721 0 0.00524657 0.999864 0.0156346 -8.20379e-005 -0.0156344 0.999878 0 5.52882 0.0780883</i>
                        <i>0.999989 -0.00463796 0 0.00463722 0.99983 0.017859 -8.28294e-005 -0.0178588 0.99984 0 5.91901 0.0767325</i>
                        <i>0.999993 -0.00381345 0 0.00381267 0.999788 0.0202203 -7.7109e-005 -0.0202201 0.999796 0 6.33445 0.0750681</i>
                        <i>0.999996 -0.00283437 0 0.00283364 0.999738 0.0226956 -6.43276e-005 -0.0226955 0.999742 0 6.77571 0.0731161</i>
                        <i>0.999998 -0.0017614 0 0.00176084 0.999679 0.0252621 -4.44965e-005 -0.025262 0.999681 0 7.24314 0.0708975</i>
                        <i>1 -0.000655223 1.69407e-021 0.000654968 0.999611 0.027897 -1.82788e-005 -0.027897 0.999611 0 7.73679 0.0684334</i>
                        <i>1 0.000423476 0 -0.000423278 0.999532 0.0305776 1.29489e-005 -0.0305776 0.999532 0 8.25634 0.0657448</i>
                        <i>0.999999 0.001414 0 -0.00141321 0.999445 0.0332811 4.70594e-005 -0.0332811 0.999446 0 8.801 0.0628527</i>
                        <i>0.999997 0.00225566 -6.77626e-021 -0.0022542 0.99935 0.0359847 8.11693e-005 -0.0359846 0.999352 0 9.36946 0.0597783</i>
                        <i>0.999996 0.00288779 6.77626e-021 -0.00288563 0.999248 0.0386656 0.000111658 -0.0386654 0.999252 0 9.95981 0.0565426</i>
                        <i>0.999995 0.00324969 0 -0.00324692 0.999141 0.041301 0.000134216 -0.0413008 0.999147 0 10.5695 0.0531665</i>
                        <i>0.999994 0.00340171 1.35525e-020 -0.00339842 0.999027 0.0439648 0.000149556 -0.0439646 0.999033 0 11.1955 0.0496712</i>
                        <i>0.999994 0.00345216 0 -0.00344838 0.998901 0.0467376 0.000161346 -0.0467374 0.998907 0 11.834 0.0460776</i>
                        <i>0.999994 0.00341232 0 -0.00340812 0.998763 0.0496073 0.000169276 -0.049607 0.998769 0 12.4809 0.0424069</i>
                        <i>0.999995 0.00329348 -1.35525e-020 -0.00328893 0.998612 0.0525616 0.000173111 -0.0525613 0.998618 0 13.1318 0.0386801</i>
                        <i>0.999995 0.00310693 0 -0.00310213 0.998449 0.0555883 0.000172709 -0.055588 0.998454 0 13.7821 0.0349182</i>
                        <i>0.999996 0.00286395 0 -0.00285902 0.998273 0.0586752 0.000168043 -0.058675 0.998277 0 14.4275 0.0311423</i>
                        <i>0.999997 0.00257583 -1.35525e-020 -0.00257091 0.998085 0.0618101 0.000159212 -0.0618099 0.998088 0 15.0639 0.0273734</i>
                        <i>0.999997 0.00225385 0 -0.00224909 0.997884 0.0649808 0.000146457 -0.0649807 0.997887 0 15.6874 0.0236325</i>
                        <i>0.999998 0.0019093 0 -0.00190486 0.997672 0.0681752 0.000130167 -0.0681751 0.997673 0 16.2951 0.0199408</i>
                        <i>0.999999 0.00155347 6.77626e-021 -0.00154951 0.997448 0.071381 0.000110888 -0.0713809 0.997449 0 16.8841 0.0163192</i>
                        <i>0.999999 0.00119763 6.77626e-021 -0.00119429 0.997214 0.074586 8.93265e-005 -0.074586 0.997215 0 17.4527 0.0127887</i>
                        <i>1 0.00085308 0 -0.000850496 0.99697 0.0777781 6.6351e-005 -0.0777781 0.996971 0 17.9992 0.00937058</i>
                        <i>1 0.000531101 -3.38813e-021 -0.000529359 0.996718 0.0809452 4.29901e-005 -0.0809452 0.996719 0 18.5229 0.00608571</i>
                        <i>1 0.00024298 0 -0.000242119 0.996459 0.0840751 2.04285e-005 -0.0840751 0.996459 0 19.0232 0.00295517</i>
                        <i>1 0 0 0 0.996195 0.0871557 0 -0.0871557 0.996195 0 19.5 0</i>
                    </KeyFrames>
                </p>
            </i>
            <i>
                <p>
                    <Name><![CDATA[rotor]]></Name>
                    <Exclude>0</Exclude>
                    <Additive>0</Additive>
                    <IKPriority>0</IKPriority>
                    <IKRotLimits>-1e+010 -1e+010 -1e+010 1e+010 1e+010 1e+010</IKRotLimits>
                    <IKRotLimitOrder>0</IKRotLimitOrder>
                    <KeyFrames count="61">
                        <i>0.765247 0.00244968 -0.643732 0 0.999993 0.0038054 0.643737 -0.00291207 0.765242 0 3.99998 0.00796228</i>
                        <i>0.732181 0.00233895 -0.681107 0 0.999994 0.00343402 0.681111 -0.00251432 0.732176 0 3.99999 0.00756316</i>
                        <i>0.623705 0.00239316 -0.781656 0 0.999995 0.00306164 0.78166 -0.00190956 0.623702 0 3.99999 0.00725944</i>
                        <i>0.416695 0.00245198 -0.909043 0 0.999996 0.00269731 0.909046 -0.00112396 0.416693 0 3.99999 0.00707954</i>
                        <i>0.0929023 0.00233989 -0.995672 0 0.999997 0.00235006 0.995675 -0.000218326 0.092902 0 3.99999 0.00705186</i>
                        <i>-0.328128 0.00191658 -0.944631 0 0.999998 0.00202891 0.944633 0.000665744 -0.328128 0 3.99999 0.00720481</i>
                        <i>-0.751116 0.00115062 -0.660169 0 0.999999 0.00174291 0.66017 0.00130913 -0.751115 0 4 0.00756678</i>
                        <i>-0.992801 0.000179787 -0.119771 0 0.999999 0.00150108 0.119772 0.00149028 -0.9928 0 4 0.00816619</i>
                        <i>-0.845143 -0.000701567 0.53454 0 0.999999 0.00131247 -0.534541 0.00110922 -0.845142 0 4 0.00903144</i>
                        <i>-0.239922 -0.00106902 0.970792 0.000148999 0.999999 0.00113801 -0.970792 0.000417679 -0.239922 0.000372496 4.00357 0.0102666</i>
                        <i>0.564863 -0.00132135 0.825183 0.000297998 0.999999 0.00139729 -0.825184 -0.000543372 0.564863 0.000744995 4.01448 0.0130846</i>
                        <i>0.998623 -0.000146206 0.052454 0 0.999996 0.00278731 -0.0524542 -0.00278347 0.998619 0 4.03303 0.0191767</i>
                        <i>0.590963 0.00465648 -0.806685 -0.000830724 0.999986 0.00516371 0.806698 -0.00238143 0.590959 -0.00207681 4.05955 0.028131</i>
                        <i>-0.416172 0.00634589 -0.909264 -0.00191419 0.999967 0.00785505 0.909284 0.00500956 -0.416147 -0.00478547 4.09436 0.038218</i>
                        <i>-0.999922 -0.00301778 -0.0121619 -0.0031488 0.999937 0.0107677 0.0121287 0.0108052 -0.999868 -0.00787199 4.13783 0.0491525</i>
                        <i>-0.378387 -0.0144588 0.925534 -0.00443295 0.999895 0.0138081 -0.925637 0.00112197 -0.378412 -0.0110824 4.19036 0.0606493</i>
                        <i>0.76414 -0.00656172 0.645017 -0.00566506 0.999841 0.0168826 -0.645026 -0.0165547 0.763981 -0.0141627 4.25237 0.0724235</i>
                        <i>0.815536 0.0170133 -0.578456 -0.00674358 0.999779 0.0198976 0.578666 -0.0123263 0.815471 -0.016859 4.32429 0.08419</i>
                        <i>-0.409918 0.0176588 -0.911951 -0.00756701 0.999712 0.0227595 0.912091 0.0162303 -0.409667 -0.0189175 4.40662 0.0956638</i>
                        <i>-0.960194 -0.0147974 0.278941 -0.00803388 0.999646 0.0253747 -0.279218 0.0221237 -0.959973 -0.0200847 4.49986 0.10656</i>
                        <i>0.195142 -0.0228906 0.980508 -0.00804336 0.999657 0.0249385 -0.980742 -0.0127531 0.194891 -0.0201084 4.60474 0.109815</i>
                        <i>0.987178 0.0111372 -0.159235 -0.00761209 0.999713 0.0227309 0.159442 -0.0212273 0.986979 -0.0190302 4.72176 0.108579</i>
                        <i>-0.170809 0.0185768 -0.985129 -0.00686334 0.999776 0.020043 0.98528 0.0101848 -0.170643 -0.0171583 4.8514 0.106028</i>
                        <i>-0.973997 -0.0095749 0.226358 -0.00585557 0.999837 0.0170969 -0.226485 0.0153269 -0.973894 -0.0146389 4.99431 0.102666</i>
                        <i>0.322212 -0.0118647 0.946593 -0.00464732 0.99989 0.0141146 -0.946656 -0.00894703 0.322121 -0.0116183 5.15113 0.0989969</i>
                        <i>0.892497 0.00804765 -0.450981 -0.00329717 0.999931 0.0113184 0.45104 -0.00861469 0.892462 -0.00824292 5.32258 0.0955259</i>
                        <i>-0.601647 0.00601194 -0.798739 -0.00186373 0.999958 0.00893032 0.79876 0.00686154 -0.601611 -0.00465933 5.50942 0.0927569</i>
                        <i>-0.653637 -0.00569344 0.756787 -0.000405672 0.999974 0.0071726 -0.756808 0.00438127 -0.653622 -0.00101418 5.71246 0.0911943</i>
                        <i>0.893008 -0.00372997 0.450025 0.00101838 0.99998 0.00626738 -0.450039 -0.00513853 0.892994 0.00254595 5.93255 0.0913425</i>
                        <i>0.189883 0.00587355 -0.981789 0.00234979 0.999977 0.00643682 0.981804 -0.00352924 0.189864 0.00587447 6.17057 0.0937058</i>
                        <i>-0.993683 0.00268181 0.112187 0.00352994 0.999967 0.00736196 -0.112164 0.00771147 -0.99366 0.00882485 6.42745 0.0974358</i>
                        <i>0.426846 -0.00966247 0.904273 0.00450023 0.999953 0.00856059 -0.904313 0.000415382 0.426869 0.0112506 6.70415 0.101276</i>
                        <i>0.70223 0.00347368 -0.711942 0.00520206 0.999936 0.0100099 0.711931 -0.0107328 0.702167 0.0130051 7.00164 0.105118</i>
                        <i>-0.918242 0.00974868 -0.395899 0.00557684 0.999916 0.0116873 0.395979 0.00852388 -0.91822 0.0139421 7.32089 0.109008</i>
                        <i>-0.0181398 -0.0134665 0.999745 0.00558001 0.999892 0.0135697 -0.99982 0.00582474 -0.0180627 0.01395 7.66286 0.113039</i>
                        <i>0.926424 0.00102569 -0.37648 0.00524657 0.999864 0.0156346 0.376445 -0.0164595 0.926293 0.0131164 8.02848 0.117175</i>
                        <i>-0.719192 0.0157432 -0.694633 0.00463722 0.99983 0.017859 0.694795 0.00962291 -0.719143 0.011593 8.41859 0.12138</i>
                        <i>-0.33479 -0.0177774 0.942125 0.00381267 0.999788 0.0202203 -0.942285 0.0103616 -0.334651 0.00953168 8.83392 0.125619</i>
                        <i>0.995681 -0.000714555 -0.0928389 0.00283364 0.999738 0.0226956 0.0927984 -0.0228606 0.995422 0.0070841 9.27506 0.129855</i>
                        <i>-0.507507 0.0226604 -0.86135 0.00176084 0.999679 0.0252621 0.861646 0.011304 -0.507384 0.00440209 9.74234 0.134053</i>
                        <i>-0.561855 -0.0227095 0.826924 0.000654968 0.999611 0.027897 -0.827235 0.0162157 -0.561622 0.00163742 10.2358 0.138176</i>
                        <i>0.988053 -0.00429434 0.154052 -0.000423278 0.999532 0.0305776 -0.154111 -0.0302775 0.987589 -0.00105819 10.7552 0.142189</i>
                        <i>-0.280815 0.0315453 -0.959243 -0.00141321 0.999445 0.0332811 0.959761 0.0107014 -0.280614 -0.00353303 11.2996 0.146056</i>
                        <i>-0.752475 -0.0253954 0.658131 -0.0022542 0.99935 0.0359847 -0.658617 0.025594 -0.752043 -0.00563551 11.8678 0.14974</i>
                        <i>0.911023 -0.0133168 0.41214 -0.00288563 0.999248 0.0386656 -0.412345 -0.0364145 0.9103 -0.00721408 12.4579 0.153206</i>
                        <i>0.00831597 0.0413268 -0.999111 -0.00324692 0.999141 0.041301 0.99996 0.00290058 0.00844302 -0.0081173 13.0674 0.156419</i>
                        <i>-0.92268 -0.0200835 0.385043 -0.00339842 0.999027 0.0439648 -0.385551 0.0392569 -0.921851 -0.00849605 13.693 0.159583</i>
                        <i>0.706701 -0.0306332 0.706849 -0.00344838 0.998901 0.0467376 -0.707504 -0.035467 0.705818 -0.00862096 14.3312 0.162922</i>
                        <i>0.402775 0.0467768 -0.914103 -0.00340812 0.998763 0.0496073 0.915293 -0.0168652 0.402436 -0.00852029 14.9778 0.166425</i>
                        <i>-0.997993 4.60666e-005 -0.0633225 -0.00328893 0.998612 0.0525616 0.063237 0.0526644 -0.996608 -0.00822232 15.6283 0.170084</i>
                        <i>0.262234 -0.052831 0.963557 -0.00310213 0.998449 0.0555883 -0.964999 -0.0175662 0.261664 -0.00775532 16.2783 0.173889</i>
                        <i>0.842551 0.034008 -0.537542 -0.00285902 0.998273 0.0586752 0.53861 -0.0479 0.841193 -0.00714754 16.9232 0.17783</i>
                        <i>-0.747673 0.0391275 -0.662913 -0.00257091 0.998085 0.0618101 0.664062 0.0479181 -0.74614 -0.00642726 17.5591 0.181899</i>
                        <i>-0.462377 -0.0586553 0.884741 -0.00224909 0.997884 0.0649808 -0.886681 0.0280558 -0.46153 -0.00562272 18.1822 0.186085</i>
                        <i>0.964347 -0.0162088 0.264144 -0.00190486 0.997672 0.0681752 -0.264634 -0.0662477 0.962071 -0.00476215 18.7892 0.190379</i>
                        <i>0.0900832 0.07123 -0.993384 -0.00154951 0.997448 0.071381 0.995933 -0.00489097 0.0899636 -0.00387376 19.3777 0.194772</i>
                        <i>-0.998766 -0.00489327 0.0494304 -0.00119429 0.997214 0.074586 -0.0496577 0.0744349 -0.995989 -0.00298574 19.9457 0.199254</i>
                        <i>0.148733 -0.076787 0.985892 -0.000850496 0.99697 0.0777781 -0.988877 -0.0124067 0.148217 -0.00212624 20.4917 0.203816</i>
                        <i>0.978833 0.0170828 -0.203947 -0.000529359 0.996718 0.0809452 0.204661 -0.0791239 0.97563 -0.0013234 21.0147 0.208449</i>
                        <i>-0.21594 0.0820394 -0.972954 -0.000242119 0.996459 0.0840751 0.976407 0.0183908 -0.215156 -0.000605298 21.5144 0.213143</i>
                        <i>-0.983595 -0.0157221 0.179704 0 0.996195 0.0871557 -0.180391 0.085726 -0.979852 0 21.9905 0.217889</i>
                    </KeyFrames>
                </p>
            </i>
            <i>
                <p>
                    <Name><![CDATA[blades]]></Name>
                    <Exclude>0</Exclude>
                    <Additive>0</Additive>
                    <IKPriority>0</IKPriority>
                    <IKRotLimits>-1e+010 -1e+010 -1e+010 1e+010 1e+010 1e+010</IKRotLimits>
                    <IKRotLimitOrder>0</IKRotLimitOrder>
                    <KeyFrames count="61">
                        <i>0.735511 0.278406 -0.617667 -0.211249 0.960459 0.181362 0.643737 -0.00291207 0.765242 2.69808e-019 5.28396 0.0128484</i>
                        <i>0.702955 0.281957 -0.652959 -0.2048 0.959424 0.193811 0.681111 -0.00251432 0.732176 2.93014e-018 5.28396 0.0119724</i>
                        <i>0.598185 0.285416 -0.748807 -0.176585 0.958402 0.224241 0.78166 -0.00190956 0.623702 -1.99418e-018 5.28396 0.0111905</i>
                        <i>0.399253 0.288637 -0.870221 -0.119295 0.957438 0.262833 0.909046 -0.00112396 0.416693 6.33207e-020 5.28397 0.0105428</i>
                        <i>0.0889319 0.291459 -0.95244 -0.0268692 0.956583 0.290218 0.995675 -0.000218326 0.092902 3.25962e-019 5.28397 0.0100693</i>
                        <i>-0.313836 0.293755 -0.902893 0.095788 0.955881 0.2777 0.944633 0.000665744 -0.328128 9.45339e-020 5.28397 0.00980989</i>
                        <i>-0.717828 0.295502 -0.630398 0.221131 0.955341 0.196021 0.66017 0.00130913 -0.751115 -2.68028e-018 5.28398 0.00980465</i>
                        <i>-0.948106 0.296839 -0.113934 0.294533 0.954926 0.0369659 0.119772 0.00149028 -0.9928 -5.7715e-019 5.28398 0.0100936</i>
                        <i>-0.806553 0.298055 0.510525 0.252465 0.954548 -0.158428 -0.534541 0.00110922 -0.845142 1.40745e-018 5.28398 0.0107166</i>
                        <i>-0.228782 0.29956 0.926241 0.0722578 0.954077 -0.290715 -0.970792 0.000417679 -0.239922 0.000563808 5.28755 0.0117278</i>
                        <i>0.538536 0.30098 0.787013 -0.17044 0.95363 -0.248072 -0.825184 -0.000543372 0.564863 0.00112762 5.29846 0.0148787</i>
                        <i>0.951452 0.303571 0.0508228 -0.303293 0.952805 -0.0132752 -0.0524542 -0.00278347 0.998619 -1.85765e-019 5.31701 0.0227556</i>
                        <i>0.562552 0.309431 -0.766673 -0.181035 0.950919 0.250957 0.806698 -0.00238143 0.590959 -0.00314345 5.34351 0.0347611</i>
                        <i>-0.39678 0.312146 -0.86321 0.125574 0.950021 0.285817 0.909284 0.00500956 -0.416147 -0.00724326 5.3783 0.0483037</i>
                        <i>-0.952583 0.304168 -0.00826805 0.304038 0.952557 0.013982 0.0121287 0.0108052 -0.999868 -0.011915 5.42173 0.062978</i>
                        <i>-0.361377 0.294052 0.884839 0.112266 0.955789 -0.27178 -0.925637 0.00112197 -0.378412 -0.0167742 5.47421 0.0783787</i>
                        <i>0.725129 0.302176 0.618771 -0.241101 0.953108 -0.182907 -0.645026 -0.0165547 0.763981 -0.0214365 5.53614 0.0941005</i>
                        <i>0.773558 0.325055 -0.544011 -0.258367 0.945615 0.197634 0.578666 -0.0123263 0.815471 -0.0255176 5.60799 0.109738</i>
                        <i>-0.392161 0.325978 -0.860202 0.119581 0.945238 0.303687 0.912091 0.0162303 -0.409667 -0.0286334 5.69023 0.124887</i>
                        <i>-0.915544 0.295288 0.2731 0.289511 0.955152 -0.0621945 -0.279218 0.0221237 -0.959973 -0.0304 5.78339 0.139141</i>
                        <i>0.183068 0.28766 0.940073 -0.068051 0.957648 -0.279785 -0.980742 -0.0127531 0.194891 -0.0304359 5.88828 0.141836</i>
                        <i>0.93636 0.319973 -0.144383 -0.312741 0.947189 0.0708936 0.159442 -0.0212273 0.986979 -0.028804 6.00537 0.137765</i>
                        <i>-0.164557 0.326888 -0.930626 0.0463029 0.945008 0.323752 0.98528 0.0101848 -0.170643 -0.0259707 6.1351 0.131762</i>
                        <i>-0.928141 0.299842 0.220564 0.295395 0.953866 -0.0536842 -0.226485 0.0153269 -0.973894 -0.0221574 6.27808 0.124618</i>
                        <i>0.305051 0.29728 0.904748 -0.103855 0.954748 -0.278693 -0.946656 -0.00894703 0.322121 -0.0175854 6.43497 0.11712</i>
                        <i>0.848065 0.315736 -0.425555 -0.278117 0.948808 0.149716 0.45104 -0.00861469 0.892462 -0.0124764 6.60647 0.110059</i>
                        <i>-0.573068 0.313217 -0.75729 0.183239 0.949657 0.254117 0.79876 0.00686154 -0.601611 -0.00705233 6.79335 0.104223</i>
                        <i>-0.622233 0.301402 0.722484 0.200169 0.953487 -0.225378 -0.756808 0.00438127 -0.653622 -0.00153506 6.99641 0.100404</i>
                        <i>0.850464 0.30251 0.430346 -0.272351 0.953132 -0.131772 -0.450039 -0.00513853 0.892994 0.00385353 7.2165 0.0993897</i>
                        <i>0.181538 0.310817 -0.932972 -0.0557204 0.950463 0.305802 0.981804 -0.00352924 0.189864 0.00889156 7.45452 0.101971</i>
                        <i>-0.945477 0.30687 0.109106 0.305766 0.95172 -0.0271286 -0.112164 0.00771147 -0.99366 0.0133572 7.71139 0.106888</i>
                        <i>0.408097 0.294136 0.864258 -0.125198 0.955764 -0.26616 -0.904313 0.000415382 0.426869 0.0170288 7.98807 0.112267</i>
                        <i>0.67094 0.305624 -0.675599 -0.207348 0.952092 0.224784 0.711931 -0.0107328 0.702167 0.0196845 8.28554 0.117971</i>
                        <i>-0.873904 0.310527 -0.373986 0.281944 0.950526 0.130411 0.395979 0.00852388 -0.91822 0.0211026 8.60477 0.124014</i>
                        <i>-0.0156287 0.287259 0.957726 0.0107672 0.957835 -0.287116 -0.99982 0.00582474 -0.0180627 0.0211147 8.94671 0.130462</i>
                        <i>0.885618 0.299917 -0.354585 -0.271975 0.953823 0.127479 0.376445 -0.0164595 0.926293 0.0198529 9.31229 0.137249</i>
                        <i>-0.685183 0.312767 -0.6578 0.218595 0.949781 0.223903 0.694795 0.00962291 -0.719143 0.0175472 9.70235 0.144311</i>
                        <i>-0.318597 0.279534 0.905736 0.102931 0.96008 -0.260099 -0.942285 0.0103616 -0.334651 0.0144271 10.1176 0.151581</i>
                        <i>0.952103 0.29458 -0.0819947 -0.291357 0.955353 0.0491022 0.0927984 -0.0228606 0.995422 0.0107224 10.5587 0.158996</i>
                        <i>-0.484545 0.315656 -0.815829 0.150937 0.948806 0.277461 0.861646 0.011304 -0.507384 0.00666297 11.0259 0.166489</i>
                        <i>-0.537033 0.27101 0.798842 0.165159 0.96244 -0.215481 -0.827235 0.0162157 -0.561622 0.00247839 11.5193 0.173995</i>
                        <i>0.944995 0.287339 0.156274 -0.288505 0.95735 -0.0156701 -0.154111 -0.0302775 0.987589 -0.00160168 12.0386 0.18145</i>
                        <i>-0.269129 0.32036 -0.908262 0.0801778 0.947236 0.310349 0.959761 0.0107014 -0.280614 -0.00534758 12.5829 0.188788</i>
                        <i>-0.720996 0.264598 0.640432 0.215381 0.964019 -0.155816 -0.658617 0.025594 -0.752043 -0.00852986 13.151 0.195944</i>
                        <i>0.871626 0.274909 0.405824 -0.265028 0.96078 -0.0816178 -0.412345 -0.0364145 0.9103 -0.0109192 13.7409 0.202852</i>
                        <i>0.00703606 0.326031 -0.945333 -0.0054947 0.945355 0.325998 0.99996 0.00290058 0.00844302 -0.0122863 14.3503 0.209449</i>
                        <i>-0.885241 0.265997 0.381567 0.260189 0.963174 -0.0678037 -0.385551 0.0392569 -0.921851 -0.0128596 14.9758 0.216033</i>
                        <i>0.676538 0.254716 0.690953 -0.20429 0.966365 -0.156218 -0.707504 -0.035467 0.705818 -0.0130486 15.6138 0.222932</i>
                        <i>0.385306 0.327825 -0.862595 -0.117381 0.944588 0.306554 0.915293 -0.0168652 0.402436 -0.0128963 16.2602 0.23012</i>
                        <i>-0.958334 0.281936 -0.0459099 0.278562 0.957987 0.0682989 0.063237 0.0526644 -0.996608 -0.0124452 16.9105 0.237572</i>
                        <i>0.250772 0.230174 0.940284 -0.0767455 0.972991 -0.217713 -0.964999 -0.0175662 0.261664 -0.0117384 17.5602 0.245263</i>
                        <i>0.80795 0.312555 -0.499526 -0.238992 0.948691 0.207046 0.53861 -0.0479 0.841193 -0.0108185 18.205 0.253168</i>
                        <i>-0.718583 0.316584 -0.619204 0.206545 0.947353 0.244665 0.664062 0.0479181 -0.74614 -0.00972826 18.8406 0.261262</i>
                        <i>-0.444672 0.221864 0.86778 0.126743 0.974674 -0.184247 -0.886681 0.0280558 -0.46153 -0.00851051 19.4634 0.269519</i>
                        <i>0.925777 0.261881 0.272683 -0.270012 0.962824 -0.00797186 -0.264634 -0.0662477 0.962071 -0.00720796 20.0702 0.277914</i>
                        <i>0.0861152 0.345224 -0.934561 -0.0264867 0.938508 0.344241 0.995933 -0.00489097 0.0899636 -0.0058633 20.6584 0.286423</i>
                        <i>-0.960016 0.271522 0.0681563 0.275506 0.959549 0.0579755 -0.0496577 0.0744349 -0.995989 -0.00451919 21.2261 0.295021</i>
                        <i>0.142695 0.201964 0.968942 -0.0419558 0.979314 -0.197947 -0.988877 -0.0124067 0.148217 -0.00321826 21.7718 0.303682</i>
                        <i>0.940583 0.291809 -0.173643 -0.270958 0.953198 0.134144 0.204661 -0.0791239 0.97563 -0.00200308 22.2945 0.312381</i>
                        <i>-0.207612 0.353988 -0.911915 0.0593917 0.935069 0.349455 0.976407 0.0183908 -0.215156 -0.000916175 22.7938 0.321094</i>
                        <i>-0.945375 0.259892 0.196781 0.271525 0.961825 0.0341611 -0.180391 0.085726 -0.979852 2.28284e-016 23.2696 0.329796</i>
                    </KeyFrames>
                </p>
            </i>
            <i>
                <p>
                    <Name><![CDATA[stabilizer_bar]]></Name>
                    <Exclude>0</Exclude>
                    <Additive>0</Additive>
                    <IKPriority>0</IKPriority>
                    <IKRotLimits>-1e+010 -1e+010 -1e+010 1e+010 1e+010 1e+010</IKRotLimits>
                    <IKRotLimitOrder>0</IKRotLimitOrder>
                    <KeyFrames count="61">
                        <i>0.0615462 0.00379819 -0.998097 0 0.999993 0.0038054 0.998104 -0.000234208 0.0615457 0 4.99997 0.0117677</i>
                        <i>-0.381256 0.00317465 -0.924464 0 0.999994 0.00343402 0.924469 0.00130924 -0.381254 0 4.99998 0.0109972</i>
                        <i>-0.752966 0.00201475 -0.658057 0 0.999995 0.00306164 0.65806 0.00230531 -0.752962 0 4.99998 0.0103211</i>
                        <i>-0.969195 0.000664337 -0.246295 0 0.999996 0.00269731 0.246296 0.00261422 -0.969191 0 4.99999 0.00977685</i>
                        <i>-0.974163 -0.000530754 0.225847 0 0.999997 0.00235006 -0.225847 0.00228934 -0.97416 0 4.99999 0.00940192</i>
                        <i>-0.757653 -0.00132418 0.652656 0 0.999998 0.00202891 -0.652657 0.00153721 -0.757652 0 4.99999 0.00923372</i>
                        <i>-0.362099 -0.00162464 0.932138 0 0.999999 0.00174291 -0.93214 0.000631106 -0.362099 0 4.99999 0.00930969</i>
                        <i>0.123587 -0.00148958 0.992333 0 0.999999 0.00150108 -0.992334 -0.000185515 0.123587 0 5 0.00966728</i>
                        <i>0.58337 -0.00106599 0.812206 0 0.999999 0.00131247 -0.812206 -0.000765654 0.58337 0 5 0.0103439</i>
                        <i>0.902569 -0.000624445 0.430545 0.000148999 0.999999 0.00113801 -0.430546 -0.000962978 0.902568 0.000521495 5.00357 0.0114046</i>
                        <i>0.998146 -0.0002124 -0.060865 0.000297998 0.999999 0.00139729 0.0608647 -0.00141283 0.998145 0.00104299 5.01448 0.0144818</i>
                        <i>0.842228 0.0015027 -0.539119 0 0.999996 0.00278731 0.539121 -0.00234755 0.842225 0 5.03303 0.021964</i>
                        <i>0.471607 0.00494517 -0.881795 -0.000830724 0.999986 0.00516371 0.881808 -0.00170271 0.471605 -0.00290754 5.05953 0.0332947</i>
                        <i>-0.0202976 0.0078146 -0.999763 -0.00191419 0.999967 0.00785505 0.999792 0.00207317 -0.020282 -0.00669966 5.09432 0.046073</i>
                        <i>-0.507382 0.00768126 -0.861687 -0.0031488 0.999937 0.0107677 0.861716 0.00817663 -0.507326 -0.0110208 5.13777 0.0599202</i>
                        <i>-0.864285 0.00311439 -0.502993 -0.00443295 0.999895 0.0138081 0.502983 0.0141639 -0.86418 -0.0155153 5.19026 0.0744575</i>
                        <i>-0.99985 -0.00538675 -0.0164852 -0.00566506 0.999841 0.0168826 0.0163917 0.0169735 -0.999722 -0.0198277 5.25221 0.0893061</i>
                        <i>-0.881067 -0.0153514 0.472742 -0.00674358 0.999779 0.0198976 -0.472943 0.0143431 -0.880976 -0.0236025 5.32407 0.104088</i>
                        <i>-0.540826 -0.0232356 0.840814 -0.00756701 0.999712 0.0227595 -0.8411 0.00594648 -0.540846 -0.0264845 5.40633 0.118423</i>
                        <i>-0.0676778 -0.0258609 0.997372 -0.00803388 0.999646 0.0253747 -0.997675 -0.00629546 -0.0678616 -0.0281186 5.4995 0.131935</i>
                        <i>0.4189 -0.0192771 0.907827 -0.00804336 0.999657 0.0249385 -0.907997 -0.0177487 0.418601 -0.0281518 5.6044 0.134754</i>
                        <i>0.800297 -0.00753867 0.599556 -0.00761209 0.999713 0.0227309 -0.599555 -0.0227553 0.80001 -0.0266423 5.72147 0.13131</i>
                        <i>0.988378 0.00373843 0.151972 -0.00686334 0.999776 0.020043 -0.151863 -0.0208531 0.988182 -0.0240217 5.85118 0.126071</i>
                        <i>0.945277 0.0111119 -0.326079 -0.00585557 0.999837 0.0170969 0.326215 -0.0142519 0.945188 -0.0204945 5.99414 0.119762</i>
                        <i>0.689034 0.0134312 -0.724605 -0.00464732 0.99989 0.0141146 0.724714 -0.006358 0.68902 -0.0162656 6.15102 0.113112</i>
                        <i>0.274248 0.0117887 -0.961587 -0.00329717 0.999931 0.0113184 0.961653 6.64637e-005 0.274268 -0.0115401 6.32251 0.106844</i>
                        <i>-0.217325 0.00831188 -0.976064 -0.00186373 0.999958 0.00893032 0.976098 0.0037599 -0.217301 -0.00652306 6.50938 0.101687</i>
                        <i>-0.666753 0.00507511 -0.745261 -0.000405672 0.999974 0.0071726 0.745279 0.00508468 -0.666734 -0.00141985 6.71243 0.0983669</i>
                        <i>-0.950198 0.00292085 -0.311634 0.00101838 0.99998 0.00626738 0.311646 0.00563789 -0.950181 0.00356432 6.93253 0.0976099</i>
                        <i>-0.975955 0.000890268 0.217971 0.00234979 0.999977 0.00643682 -0.21796 0.00679423 -0.975934 0.00822426 7.17054 0.100143</i>
                        <i>-0.719045 -0.00257816 0.694959 0.00352994 0.999967 0.00736196 -0.694955 0.00774674 -0.719012 0.0123548 7.42742 0.104798</i>
                        <i>-0.240066 -0.00723001 0.97073 0.00450023 0.999953 0.00856059 -0.970746 0.00642362 -0.240023 0.0157508 7.70411 0.109836</i>
                        <i>0.322418 -0.0111527 0.946532 0.00520206 0.999936 0.0100099 -0.946583 0.00169653 0.322456 0.0182072 8.00158 0.115128</i>
                        <i>0.788947 -0.0115809 0.614352 0.00557684 0.999916 0.0116873 -0.614436 -0.00579449 0.788946 0.0195189 8.32081 0.120695</i>
                        <i>0.997437 -0.00653324 0.0712488 0.00558001 0.999892 0.0135697 -0.0713298 -0.0131374 0.997366 0.01953 8.66276 0.126608</i>
                        <i>0.863936 0.00334118 -0.503591 0.00524657 0.999864 0.0156346 0.503574 -0.0161494 0.863801 0.018363 9.02834 0.132809</i>
                        <i>0.422056 0.0142337 -0.906458 0.00463722 0.99983 0.017859 0.906558 -0.011741 0.421918 0.0162303 9.41842 0.139239</i>
                        <i>-0.178244 0.0205761 -0.983771 0.00381267 0.999788 0.0202203 0.983979 -0.000146645 -0.178285 0.0133443 9.83371 0.145839</i>
                        <i>-0.7181 0.0178291 -0.695712 0.00283364 0.999738 0.0226956 0.695934 0.0143263 -0.717963 0.00991773 10.2748 0.152551</i>
                        <i>-0.989999 0.00530627 -0.140976 0.00176084 0.999679 0.0252621 0.141065 0.0247612 -0.989691 0.00616292 10.742 0.159315</i>
                        <i>-0.881231 -0.0126096 0.472518 0.000654968 0.999611 0.027897 -0.472686 0.0248932 -0.880879 0.00229239 11.2354 0.166073</i>
                        <i>-0.425513 -0.0278513 0.904524 -0.000423278 0.999532 0.0305776 -0.904952 0.0126283 -0.425325 -0.00148147 11.7547 0.172766</i>
                        <i>0.202411 -0.0323063 0.978768 -0.00141321 0.999445 0.0332811 -0.9793 -0.00811967 0.202253 -0.00494625 12.2991 0.179337</i>
                        <i>0.751908 -0.0220297 0.6589 -0.0022542 0.99935 0.0359847 -0.659265 -0.0285424 0.751369 -0.00788971 12.8672 0.185725</i>
                        <i>0.997578 0.000189211 0.0695599 -0.00288563 0.999248 0.0386656 -0.0695002 -0.0387726 0.996828 -0.0100997 13.4572 0.191872</i>
                        <i>0.834675 0.0254539 -0.550154 -0.00324692 0.999141 0.041301 0.550733 -0.0326866 0.834041 -0.0113642 14.0665 0.19772</i>
                        <i>0.326747 0.0426612 -0.944148 -0.00339842 0.999027 0.0439648 0.945106 -0.0111568 0.326574 -0.0118945 14.6921 0.203548</i>
                        <i>-0.317492 0.0432261 -0.947275 -0.00344838 0.998901 0.0467376 0.948255 0.0181054 -0.316994 -0.0120693 15.3301 0.209659</i>
                        <i>-0.830306 0.0248201 -0.556755 -0.00340812 0.998763 0.0496073 0.557298 0.0430867 -0.829194 -0.0119284 15.9765 0.216033</i>
                        <i>-0.997854 -0.00671447 0.065129 -0.00328893 0.998612 0.0525616 -0.0653915 0.0522346 -0.996492 -0.0115112 16.6269 0.222646</i>
                        <i>-0.750896 -0.0390374 0.659266 -0.00310213 0.998449 0.0555883 -0.660414 0.0396959 -0.749852 -0.0108574 17.2767 0.229477</i>
                        <i>-0.193525 -0.0581186 0.979372 -0.00285902 0.998273 0.0586752 -0.981091 0.00855505 -0.193357 -0.0100066 17.9215 0.236506</i>
                        <i>0.442169 -0.054305 0.895286 -0.00257091 0.998085 0.0618101 -0.896928 -0.0296322 0.441182 -0.00899817 18.5572 0.243709</i>
                        <i>0.894921 -0.0269873 0.445407 -0.00224909 0.997884 0.0649808 -0.446218 -0.0591545 0.892967 -0.00787181 19.18 0.251065</i>
                        <i>0.983018 0.0143784 -0.182947 -0.00190486 0.997672 0.0681752 0.183501 -0.0666689 0.980756 -0.00666701 19.7869 0.258554</i>
                        <i>0.676466 0.0536157 -0.734519 -0.00154951 0.997448 0.071381 0.736472 -0.0471487 0.674823 -0.00542327 20.3752 0.266153</i>
