<?xml version="1.0" encoding="ISO-8859-1" ?>
<Animl Version="1">
    <ModellingPackage><![CDATA[Maya.2010]]></ModellingPackage>
    <SrcFile><![CDATA[anims\vehicles\blue\~src\air\helicopter_uh1iroquois\helicopter_uh1iroquois_hangtime_exit.mb]]></SrcFile>
    <FramesPerSecond>30</FramesPerSecond>
    <TotalFrames>68</TotalFrames>
    <Skeleton>
        <RefFrame>
            <Name><![CDATA[uh1_ref_frame]]></Name>
            <Exclude>0</Exclude>
            <Additive>0</Additive>
            <IKPriority>0</IKPriority>
            <IKRotLimits>-1e+010 -1e+010 -1e+010 1e+010 1e+010 1e+010</IKRotLimits>
            <IKRotLimitOrder>0</IKRotLimitOrder>
            <KeyFrames count="68">
                <i>1 0 0 0 1 0 0 0 1 0 0 0</i>
                <i>1 0 0 0 1 0 0 0 1 0 0 0</i>
                <i>1 0 0 0 1 0 0 0 1 0 0 0</i>
                <i>1 0 0 0 1 0 0 0 1 0 0 0</i>
                <i>1 0 0 0 1 0 0 0 1 0 0 0</i>
                <i>1 0 0 0 1 0 0 0 1 0 0 0</i>
                <i>1 0 0 0 1 0 0 0 1 0 0 0</i>
                <i>1 0 0 0 1 0 0 0 1 0 0 0</i>
                <i>1 0 0 0 1 0 0 0 1 0 0 0</i>
                <i>1 0 0 0 1 0 0 0 1 0 0 0</i>
                <i>1 0 0 0 1 0 0 0 1 0 0 0</i>
                <i>1 0 0 0 1 0 0 0 1 0 0 0</i>
                <i>1 0 0 0 1 0 0 0 1 0 0 0</i>
                <i>1 0 0 0 1 0 0 0 1 0 0 0</i>
                <i>1 0 0 0 1 0 0 0 1 0 0 0</i>
                <i>1 0 0 0 1 0 0 0 1 0 0 0</i>
                <i>1 0 0 0 1 0 0 0 1 0 0 0</i>
                <i>1 0 0 0 1 0 0 0 1 0 0 0</i>
                <i>1 0 0 0 1 0 0 0 1 0 0 0</i>
                <i>1 0 0 0 1 0 0 0 1 0 0 0</i>
                <i>1 0 0 0 1 0 0 0 1 0 0 0</i>
                <i>1 0 0 0 1 0 0 0 1 0 0 0</i>
                <i>1 0 0 0 1 0 0 0 1 0 0 0</i>
                <i>1 0 0 0 1 0 0 0 1 0 0 0</i>
                <i>1 0 0 0 1 0 0 0 1 0 0 0</i>
                <i>1 0 0 0 1 0 0 0 1 0 0 0</i>
                <i>1 0 0 0 1 0 0 0 1 0 0 0</i>
                <i>1 0 0 0 1 0 0 0 1 0 0 0</i>
                <i>1 0 0 0 1 0 0 0 1 0 0 0</i>
                <i>1 0 0 0 1 0 0 0 1 0 0 0</i>
                <i>1 0 0 0 1 0 0 0 1 0 0 0</i>
                <i>1 0 0 0 1 0 0 0 1 0 0 0</i>
                <i>1 0 0 0 1 0 0 0 1 0 0 0</i>
                <i>1 0 0 0 1 0 0 0 1 0 0 0</i>
                <i>1 0 0 0 1 0 0 0 1 0 0 0</i>
                <i>1 0 0 0 1 0 0 0 1 0 0 0</i>
                <i>1 0 0 0 1 0 0 0 1 0 0 0</i>
                <i>1 0 0 0 1 0 0 0 1 0 0 0</i>
                <i>1 0 0 0 1 0 0 0 1 0 0 0</i>
                <i>1 0 0 0 1 0 0 0 1 0 0 0</i>
                <i>1 0 0 0 1 0 0 0 1 0 0 0</i>
                <i>1 0 0 0 1 0 0 0 1 0 0 0</i>
                <i>1 0 0 0 1 0 0 0 1 0 0 0</i>
                <i>1 0 0 0 1 0 0 0 1 0 0 0</i>
                <i>1 0 0 0 1 0 0 0 1 0 0 0</i>
                <i>1 0 0 0 1 0 0 0 1 0 0 0</i>
                <i>1 0 0 0 1 0 0 0 1 0 0 0</i>
                <i>1 0 0 0 1 0 0 0 1 0 0 0</i>
                <i>1 0 0 0 1 0 0 0 1 0 0 0</i>
                <i>1 0 0 0 1 0 0 0 1 0 0 0</i>
                <i>1 0 0 0 1 0 0 0 1 0 0 0</i>
                <i>1 0 0 0 1 0 0 0 1 0 0 0</i>
                <i>1 0 0 0 1 0 0 0 1 0 0 0</i>
                <i>1 0 0 0 1 0 0 0 1 0 0 0</i>
                <i>1 0 0 0 1 0 0 0 1 0 0 0</i>
                <i>1 0 0 0 1 0 0 0 1 0 0 0</i>
                <i>1 0 0 0 1 0 0 0 1 0 0 0</i>
                <i>1 0 0 0 1 0 0 0 1 0 0 0</i>
                <i>1 0 0 0 1 0 0 0 1 0 0 0</i>
                <i>1 0 0 0 1 0 0 0 1 0 0 0</i>
                <i>1 0 0 0 1 0 0 0 1 0 0 0</i>
                <i>1 0 0 0 1 0 0 0 1 0 0 0</i>
                <i>1 0 0 0 1 0 0 0 1 0 0 0</i>
                <i>1 0 0 0 1 0 0 0 1 0 0 0</i>
                <i>1 0 0 0 1 0 0 0 1 0 0 0</i>
                <i>1 0 0 0 1 0 0 0 1 0 0 0</i>
                <i>1 0 0 0 1 0 0 0 1 0 0 0</i>
                <i>1 0 0 0 1 0 0 0 1 0 0 0</i>
            </KeyFrames>
        </RefFrame>
        <Bones count="7">
            <i>
                <p>
                    <Name><![CDATA[uh1_root]]></Name>
                    <Exclude>0</Exclude>
                    <Additive>0</Additive>
                    <IKPriority>0</IKPriority>
                    <IKRotLimits>-1e+010 -1e+010 -1e+010 1e+010 1e+010 1e+010</IKRotLimits>
                    <IKRotLimitOrder>0</IKRotLimitOrder>
                    <KeyFrames count="68">
                        <i>1 0 0 0 0.999993 0.0038054 0 -0.0038054 0.999993 0 1.5 -0.00158426</i>
                        <i>1 0 0 0 0.999991 0.00416676 0 -0.00416676 0.999991 0 1.5 -0.00200819</i>
                        <i>1 0 0 0 0.99999 0.00450907 0 -0.00450907 0.99999 0 1.5 -0.0023435</i>
                        <i>1 0 0 0 0.999988 0.00482329 0 -0.00482329 0.999988 0 1.5 -0.00259647</i>
                        <i>1 0 0 0 0.999987 0.00510038 0 -0.00510038 0.999987 0 1.5 -0.00277337</i>
                        <i>1 0 0 0 0.999986 0.00533132 0 -0.00533132 0.999986 0 1.5 -0.00288048</i>
                        <i>1 0 0 0 0.999985 0.00553762 0 -0.00553762 0.999985 0 1.5 -0.00292407</i>
                        <i>1 0 0 0 0.999984 0.00573773 0 -0.00573773 0.999984 0 1.5 -0.00291042</i>
                        <i>1 0 0 0 0.999982 0.005918 0 -0.005918 0.999982 0 1.5 -0.0028458</i>
                        <i>1 0 0 0 0.999982 0.0060648 0 -0.0060648 0.999982 0 1.5 -0.00273648</i>
                        <i>1 0 0 0 0.999981 0.00616448 0 -0.00616448 0.999981 0 1.5 -0.00258875</i>
                        <i>1 0 0 0 0.999981 0.0062034 0 -0.0062034 0.999981 0 1.5 -0.00240886</i>
                        <i>1 0 0 0 0.999981 0.00616792 0 -0.00616792 0.999981 0 1.5 -0.00220311</i>
                        <i>1 0 0 0 0.999982 0.0060444 0 -0.0060444 0.999982 0 1.5 -0.00197776</i>
                        <i>1 0 0 0 0.999983 0.0058192 0 -0.0058192 0.999983 0 1.5 -0.00173909</i>
                        <i>1 0 0 0 0.999985 0.00542899 0 -0.00542899 0.999985 0 1.5 -0.00149337</i>
                        <i>1 0 0 0 0.999988 0.00485485 0 -0.00485485 0.999988 0 1.5 -0.00124687</i>
                        <i>1 0 0 0 0.999991 0.00414979 0 -0.00414979 0.999991 0 1.5 -0.00100588</i>
                        <i>1 0 0 0 0.999994 0.00336679 0 -0.00336679 0.999994 0 1.5 -0.000776657</i>
                        <i>1 0 0 0 0.999997 0.00255886 0 -0.00255886 0.999997 0 1.5 -0.000565489</i>
                        <i>1 0 0 0 0.999998 0.00177899 0 -0.00177899 0.999998 0 1.5 -0.000378645</i>
                        <i>1 0 0 0 0.999999 0.00108018 0 -0.00108018 0.999999 0 1.5 -0.000222399</i>
                        <i>1 0 0 0 1 0.000515409 0 -0.000515409 1 0 1.5 -0.000103027</i>
                        <i>1 0 0 0 1 0.000137685 0 -0.000137685 1 0 1.5 -2.68025e-005</i>
                        <i>1 0 0 0 1 0 0 0 1 0 1.5 0</i>
                        <i>1 0 0 0 1 0 0 0 1 0 1.5 0</i>
                        <i>1 0 0 0 1 0 0 0 1 0 1.5 0</i>
                        <i>1 0 0 0 1 0 0 0 1 0 1.5 0</i>
                        <i>1 0 0 0 1 0 0 0 1 0 1.5 0</i>
                        <i>1 0 0 0 1 0 0 0 1 0 1.5 0</i>
                        <i>1 0 0 0 1 0 0 0 1 0 1.5 0</i>
                        <i>1 0 0 0 1 0 0 0 1 0 1.5 0</i>
                        <i>1 0 0 0 1 0 0 0 1 0 1.5 0</i>
                        <i>1 0 0 0 1 0 0 0 1 0 1.5 0</i>
                        <i>1 0 0 0 1 0 0 0 1 0 1.5 0</i>
                        <i>1 0 0 0 1 0 0 0 1 0 1.5 0</i>
                        <i>1 0 0 0 1 0 0 0 1 0 1.5 0</i>
                        <i>1 0 0 0 1 0 0 0 1 0 1.5 0</i>
                        <i>1 0 0 0 1 0 0 0 1 0 1.5 0</i>
                        <i>1 0 0 0 1 0 0 0 1 0 1.5 0</i>
                        <i>1 0 0 0 1 0 0 0 1 0 1.5 0</i>
                        <i>1 0 0 0 1 0 0 0 1 0 1.5 0</i>
                        <i>1 0 0 0 1 0 0 0 1 0 1.5 0</i>
                        <i>1 0 0 0 1 0 0 0 1 0 1.5 0</i>
                        <i>1 0 0 0 1 0 0 0 1 0 1.5 0</i>
                        <i>1 0 0 0 1 0 0 0 1 0 1.5 0</i>
                        <i>1 0 0 0 1 0 0 0 1 0 1.5 0</i>
                        <i>1 0 0 0 1 0 0 0 1 0 1.5 0</i>
                        <i>1 0 0 0 1 0 0 0 1 0 1.5 0</i>
                        <i>1 0 0 0 1 0 0 0 1 0 1.5 0</i>
                        <i>1 0 0 0 1 0 0 0 1 0 1.5 0</i>
                        <i>1 0 0 0 1 0 0 0 1 0 1.5 0</i>
                        <i>1 0 0 0 1 0 0 0 1 0 1.5 0</i>
                        <i>1 0 0 0 1 0 0 0 1 0 1.5 0</i>
                        <i>1 0 0 0 1 0 0 0 1 0 1.5 0</i>
                        <i>1 0 0 0 1 0 0 0 1 0 1.5 0</i>
                        <i>1 0 0 0 1 0 0 0 1 0 1.5 0</i>
                        <i>1 0 0 0 1 0 0 0 1 0 1.5 0</i>
                        <i>1 0 0 0 1 0 0 0 1 0 1.5 0</i>
                        <i>1 0 0 0 1 0 0 0 1 0 1.5 0</i>
                        <i>1 0 0 0 1 0 0 0 1 0 1.5 0</i>
                        <i>1 0 0 0 1 0 0 0 1 0 1.5 0</i>
                        <i>1 0 0 0 1 0 0 0 1 0 1.5 0</i>
                        <i>1 0 0 0 1 0 0 0 1 0 1.5 0</i>
                        <i>1 0 0 0 1 0 0 0 1 0 1.5 0</i>
                        <i>1 0 0 0 1 0 0 0 1 0 1.5 0</i>
                        <i>1 0 0 0 1 0 0 0 1 0 1.5 0</i>
                        <i>1 0 0 0 1 0 0 0 1 0 1.5 0</i>
                    </KeyFrames>
                </p>
            </i>
            <i>
                <p>
                    <Name><![CDATA[rotor]]></Name>
                    <Exclude>0</Exclude>
                    <Additive>0</Additive>
                    <IKPriority>0</IKPriority>
                    <IKRotLimits>-1e+010 -1e+010 -1e+010 1e+010 1e+010 1e+010</IKRotLimits>
                    <IKRotLimitOrder>0</IKRotLimitOrder>
                    <KeyFrames count="68">
                        <i>-0.976262 -0.000824221 0.216591 0 0.999993 0.0038054 -0.216592 0.00371507 -0.976255 0 3.99998 0.00792925</i>
                        <i>0.0155425 -0.00416626 0.99987 0 0.999991 0.00416676 -0.999879 -6.47618e-005 0.0155423 0 3.99998 0.00840872</i>
                        <i>0.982522 -0.000839337 0.186142 0 0.99999 0.00450907 -0.186144 -0.00443026 0.982512 0 3.99997 0.00892917</i>
                        <i>0.380194 0.00446109 -0.924896 0 0.999988 0.00482329 0.924907 -0.00183378 0.38019 0 3.99997 0.00946174</i>
                        <i>-0.829388 0.00284945 -0.558666 0 0.999987 0.00510038 0.558674 0.00423019 -0.829377 0 3.99997 0.00997757</i>
                        <i>-0.714259 -0.00373129 0.699871 0 0.999986 0.00533132 -0.699881 0.00380794 -0.714249 0 3.99996 0.0104478</i>
                        <i>0.541695 -0.00465478 0.840563 0 0.999985 0.00553762 -0.840575 -0.0029997 0.541686 0 3.99996 0.01092</i>
                        <i>0.932446 0.0020731 -0.361304 0 0.999984 0.00573773 0.36131 -0.00535012 0.932431 0 3.99996 0.0114339</i>
                        <i>-0.166119 0.00583577 -0.986088 0 0.999982 0.005918 0.986106 0.000983093 -0.166116 0 3.99996 0.0119492</i>
                        <i>-0.999356 0.000217599 -0.0358784 0 0.999982 0.0060648 0.035879 0.00606089 -0.999338 0 3.99995 0.0124255</i>
                        <i>-0.236407 -0.00598974 0.971636 0 0.999981 0.00616448 -0.971654 0.00145733 -0.236402 0 3.99995 0.0128224</i>
                        <i>0.904139 -0.00265033 0.42723 0 0.999981 0.0062034 -0.427238 -0.00560874 0.904122 0 3.99995 0.0130996</i>
                        <i>0.600571 0.00493169 -0.799556 0 0.999981 0.00616792 0.799571 -0.00370428 0.60056 0 3.99995 0.0132167</i>
                        <i>-0.662238 0.00452903 -0.74928 0 0.999982 0.0060444 0.749294 0.00400283 -0.662226 0 3.99995 0.0131332</i>
                        <i>-0.867311 -0.0028966 0.497758 0 0.999983 0.0058192 -0.497767 0.00504706 -0.867296 0 3.99996 0.0128089</i>
                        <i>0.312898 -0.00515638 0.949773 0 0.999985 0.00542899 -0.949787 -0.00169872 0.312893 0 3.99996 0.0120791</i>
                        <i>0.993342 0.00055931 -0.115205 0 0.999988 0.00485485 0.115207 -0.00482253 0.99333 0 3.99997 0.0108903</i>
                        <i>0.0872057 0.00413398 -0.996182 0 0.999991 0.00414979 0.99619 -0.000361885 0.0872049 0 3.99998 0.0093686</i>
                        <i>-0.958219 0.000963021 -0.286033 0 0.999994 0.00336679 0.286035 0.00322613 -0.958214 0 3.99999 0.00764033</i>
                        <i>-0.473153 -0.00225431 0.880978 0 0.999997 0.00255886 -0.88098 0.00121073 -0.473151 0 3.99999 0.00583167</i>
                        <i>0.76764 -0.00114012 0.64088 0 0.999998 0.00177899 -0.640881 -0.00136563 0.767639 0 4 0.00406884</i>
                        <i>0.782347 0.000672781 -0.622843 0 0.999999 0.00108018 0.622843 -0.000845073 0.782346 0 4 0.00247804</i>
                        <i>-0.452523 0.000459617 -0.891753 0 1 0.000515409 0.891753 0.000233234 -0.452522 0 4 0.00118549</i>
                        <i>-0.964616 -3.63017e-005 0.263658 0 1 0.000137685 -0.263658 0.000132813 -0.964616 0 4 0.000317409</i>
                        <i>0.0639893 0 0.997951 0 1 0 -0.997951 0 0.0639893 0 4 0</i>
                        <i>0.99039 0 0.138302 0 1 0 -0.138302 0 0.99039 0 4 0</i>
                        <i>0.334916 0 -0.942248 0 1 0 0.942248 0 0.334916 0 4 0</i>
                        <i>-0.855492 0 -0.517816 0 1 0 0.517816 0 -0.855492 0 4 0</i>
                        <i>-0.679496 0 0.733679 0 1 0 -0.733679 0 -0.679496 0 4 0</i>
                        <i>0.581801 0 0.813331 0 1 0 -0.813331 0 0.581801 0 4 0</i>
                        <i>0.913837 0 -0.406082 0 1 0 0.406082 0 0.913837 0 4 0</i>
                        <i>-0.213721 -0 -0.976895 0 1 0 0.976895 0 -0.213721 0 4 0</i>
                        <i>-0.999921 0 0.0126029 0 1 0 -0.0126029 -0 -0.999921 0 4 0</i>
                        <i>-0.189022 0 0.981973 0 1 0 -0.981973 -0 -0.189022 0 4 0</i>
                        <i>0.923785 0 0.382912 0 1 0 -0.382912 0 0.923785 0 4 0</i>
                        <i>0.561109 0 -0.827742 0 1 0 0.827742 0 0.561109 0 4 0</i>
                        <i>-0.697778 0 -0.716314 0 1 0 0.716314 0 -0.697778 0 4 0</i>
                        <i>-0.842164 0 0.539221 0 1 0 -0.539221 0 -0.842164 0 4 0</i>
                        <i>0.358567 0 0.933504 0 1 0 -0.933504 0 0.358567 0 4 0</i>
                        <i>0.98659 0 -0.163219 0 1 0 0.163219 0 0.98659 0 4 0</i>
                        <i>0.0388169 0 -0.999246 0 1 0 0.999246 0 0.0388169 0 4 0</i>
                        <i>-0.970957 -0 -0.239253 0 1 0 0.239253 0 -0.970957 0 4 0</i>
                        <i>-0.429894 0 0.902879 0 1 0 -0.902879 -0 -0.429894 0 4 0</i>
                        <i>0.797802 0 0.602919 0 1 0 -0.602919 0 0.797802 0 4 0</i>
                        <i>0.751237 0 -0.660032 0 1 0 0.660032 0 0.751237 0 4 0</i>
                        <i>-0.495215 0 -0.868771 0 1 0 0.868771 0 -0.495215 0 4 0</i>
                        <i>-0.950703 0 0.310104 0 1 0 -0.310104 0 -0.950703 0 4 0</i>
                        <i>0.112286 0 0.993676 0 1 0 -0.993676 0 0.112286 0 4 0</i>
                        <i>0.995931 0 0.0901243 0 1 0 -0.0901243 0 0.995931 0 4 0</i>
                        <i>0.288851 0 -0.957374 0 1 0 0.957374 0 0.288851 0 4 0</i>
                        <i>-0.879586 -0 -0.47574 0 1 0 0.47574 0 -0.879586 0 4 0</i>
                        <i>-0.643135 0 0.765753 0 1 0 -0.765753 -0 -0.643135 0 4 0</i>
                        <i>0.62054 0 0.784175 0 1 0 -0.784175 0 0.62054 0 4 0</i>
                        <i>0.89308 0 -0.449899 0 1 0 0.449899 0 0.89308 0 4 0</i>
                        <i>-0.260821 0 -0.965387 0 1 0 0.965387 0 -0.260821 0 4 0</i>
                        <i>-0.998134 0 0.0610551 0 1 0 -0.0610551 0 -0.998134 0 4 0</i>
                        <i>-0.141203 0 0.989981 0 1 0 -0.989981 0 -0.141203 0 4 0</i>
                        <i>0.941259 0 0.337685 0 1 0 -0.337685 0 0.941259 0 4 0</i>
                        <i>0.520328 0 -0.853966 0 1 0 0.853966 0 0.520328 0 4 0</i>
                        <i>-0.731679 -0 -0.68165 0 1 0 0.68165 0 -0.731679 0 4 0</i>
                        <i>-0.815038 0 0.579408 0 1 0 -0.579408 -0 -0.815038 0 4 0</i>
                        <i>0.403393 0 0.915027 0 1 0 -0.915027 0 0.403393 0 4 0</i>
                        <i>0.977519 0 -0.210848 0 1 0 0.210848 0 0.977519 0 4 0</i>
                        <i>-0.00966314 0 -0.999953 0 1 0 0.999953 0 -0.00966314 0 4 0</i>
                        <i>-0.981411 0 -0.191918 0 1 0 0.191918 0 -0.981411 0 4 0</i>
                        <i>-0.385635 0 0.922652 0 1 0 -0.922652 0 -0.385635 0 4 0</i>
                        <i>0.826083 0 0.563549 0 1 0 -0.563549 0 0.826083 0 4 0</i>
                        <i>0.718355 0 -0.695677 0 1 0 0.695677 0 0.718355 0 4 0</i>
                    </KeyFrames>
                </p>
            </i>
            <i>
                <p>
                    <Name><![CDATA[blades]]></Name>
                    <Exclude>0</Exclude>
                    <Additive>0</Additive>
                    <IKPriority>0</IKPriority>
                    <IKRotLimits>-1e+010 -1e+010 -1e+010 1e+010 1e+010 1e+010</IKRotLimits>
                    <IKRotLimitOrder>0</IKRotLimitOrder>
                    <KeyFrames count="68">
                        <i>-0.946822 0.242927 0.210987 0.237943 0.970037 -0.0490987 -0.216592 0.00371507 -0.976255 1.71376e-018 5.18999 0.0124577</i>
                        <i>0.0151111 0.229915 0.973093 -0.00363644 0.973211 -0.229887 -0.999879 -6.47618e-005 0.0155423 1.72556e-020 5.16177 0.0132497</i>
                        <i>0.957702 0.222532 0.182447 -0.219449 0.974915 -0.0371802 -0.186144 -0.00443026 0.982512 1.29748e-018 5.13116 0.0140298</i>
                        <i>0.371553 0.216345 -0.902853 -0.0805966 0.976315 0.200781 0.924907 -0.00183378 0.38019 -2.01917e-018 5.09847 0.0147602</i>
                        <i>-0.812634 0.202772 -0.546361 0.165863 0.979217 0.116721 0.558674 0.00423019 -0.829377 4.90458e-018 5.06403 0.0154048</i>
                        <i>-0.701599 0.183777 0.688466 0.133884 0.982961 -0.12595 -0.699881 0.00380794 -0.714249 -3.9809e-018 5.02816 0.0159295</i>
                        <i>0.533385 0.169898 0.828634 -0.0945173 0.985457 -0.141212 -0.840575 -0.0029997 0.541686 -1.53463e-018 4.99117 0.016409</i>
                        <i>0.920249 0.163257 -0.355653 -0.150323 0.986569 0.06391 0.36131 -0.00535012 0.932431 2.32954e-019 4.95338 0.0169044</i>
                        <i>-0.164296 0.153516 -0.974392 0.0245435 0.988146 0.151544 0.986106 0.000983093 -0.166116 2.85477e-019 4.91512 0.0173652</i>
                        <i>-0.990317 0.134409 -0.03474 0.13411 0.990907 0.0108247 0.035879 0.00606089 -0.999338 2.28679e-019 4.8767 0.0177429</i>
                        <i>-0.234679 0.11473 0.965279 0.0285291 0.993396 -0.111136 -0.971654 0.00145733 -0.236402 3.71784e-018 4.83844 0.0179914</i>
                        <i>0.898918 0.104671 0.425429 -0.0970215 0.994491 -0.0396777 -0.427238 -0.00560874 0.904122 1.11407e-018 4.80066 0.0180669</i>
                        <i>0.597901 0.0991112 -0.795419 -0.0565758 0.995069 0.0814613 0.799571 -0.00370428 0.60056 1.55447e-018 4.76369 0.0179275</i>
                        <i>-0.660036 0.0859926 -0.746296 0.0539592 0.996288 0.0670758 0.749294 0.00400283 -0.662226 1.31514e-018 4.72785 0.017533</i>
                        <i>-0.865229 0.066365 0.496966 0.0600664 0.997783 -0.0286674 -0.497767 0.00504706 -0.867296 -7.11777e-019 4.69344 0.0168445</i>
                        <i>0.312377 0.0524986 0.948506 -0.0180377 0.99862 -0.0493319 -0.949787 -0.00169872 0.312893 3.69066e-018 4.6608 0.0156668</i>
                        <i>0.992254 0.0473293 -0.114852 -0.0464597 0.998868 0.0102378 0.115207 -0.00482253 0.99333 1.35864e-018 4.63024 0.0139502</i>
                        <i>0.0871468 0.0408747 -0.995357 -0.00320427 0.999164 0.0407505 0.99619 -0.000361885 0.0872049 6.77724e-019 4.60208 0.0118672</i>
                        <i>-0.957852 0.0286436 -0.285831 0.0265246 0.999584 0.0112832 0.286035 0.00322613 -0.958214 7.46274e-019 4.57664 0.00958182</i>
                        <i>-0.473061 0.0174446 0.880857 0.00932043 0.999847 -0.0147956 -0.88098 0.00121073 -0.473151 -1.35734e-019 4.55424 0.00724991</i>
                        <i>0.767576 0.0117711 0.640849 -0.00991113 0.99993 -0.00649566 -0.640881 -0.00136563 0.767639 -4.59342e-019 4.53519 0.00502094</i>
                        <i>0.782325 0.00810621 -0.622817 -0.00581554 0.999967 0.00571002 0.622843 -0.000845073 0.782346 -4.00602e-020 4.51981 0.00303954</i>
                        <i>-0.45252 0.0038393 -0.891746 0.00152938 0.999993 0.00352925 0.891753 0.000233234 -0.452522 1.81944e-019 4.50844 0.00144755</i>
                        <i>-0.964616 0.000827597 0.263658 0.000833331 1 -9.00894e-005 -0.263658 0.000132813 -0.964616 6.84952e-020 4.50138 0.000386441</i>
                        <i>0.0639893 0 0.997951 0 1 0 -0.997951 0 0.0639893 0 4.49895 0</i>
                        <i>0.99039 0 0.138302 0 1 0 -0.138302 0 0.99039 0 4.49895 0</i>
                        <i>0.334916 0 -0.942248 0 1 0 0.942248 0 0.334916 0 4.49895 0</i>
                        <i>-0.855492 0 -0.517816 0 1 0 0.517816 0 -0.855492 0 4.49895 0</i>
                        <i>-0.679496 0 0.733679 0 1 0 -0.733679 0 -0.679496 0 4.49895 0</i>
                        <i>0.581801 0 0.813331 0 1 0 -0.813331 0 0.581801 0 4.49895 0</i>
                        <i>0.913837 0 -0.406082 0 1 0 0.406082 0 0.913837 0 4.49895 0</i>
                        <i>-0.213721 0 -0.976895 0 1 0 0.976895 0 -0.213721 0 4.49895 0</i>
                        <i>-0.999921 0 0.0126029 0 1 0 -0.0126029 0 -0.999921 0 4.49895 0</i>
                        <i>-0.189022 0 0.981973 0 1 0 -0.981973 0 -0.189022 0 4.49895 0</i>
                        <i>0.923785 0 0.382912 0 1 0 -0.382912 0 0.923785 0 4.49895 0</i>
                        <i>0.561109 0 -0.827742 0 1 0 0.827742 0 0.561109 0 4.49895 0</i>
                        <i>-0.697778 0 -0.716314 0 1 0 0.716314 0 -0.697778 0 4.49895 0</i>
                        <i>-0.842164 0 0.539221 0 1 0 -0.539221 0 -0.842164 0 4.49895 0</i>
                        <i>0.358567 0 0.933504 0 1 0 -0.933504 0 0.358567 0 4.49895 0</i>
                        <i>0.98659 0 -0.163219 0 1 0 0.163219 0 0.98659 0 4.49895 0</i>
                        <i>0.0388169 0 -0.999246 0 1 0 0.999246 0 0.0388169 0 4.49895 0</i>
                        <i>-0.970957 0 -0.239253 0 1 0 0.239253 0 -0.970957 0 4.49895 0</i>
                        <i>-0.429894 0 0.902879 0 1 0 -0.902879 0 -0.429894 0 4.49895 0</i>
                        <i>0.797802 0 0.602919 0 1 0 -0.602919 0 0.797802 0 4.49895 0</i>
                        <i>0.751237 0 -0.660032 0 1 0 0.660032 0 0.751237 0 4.49895 0</i>
                        <i>-0.495215 0 -0.868771 0 1 0 0.868771 0 -0.495215 0 4.49895 0</i>
                        <i>-0.950703 0 0.310104 0 1 0 -0.310104 0 -0.950703 0 4.49895 0</i>
                        <i>0.112286 0 0.993676 0 1 0 -0.993676 0 0.112286 0 4.49895 0</i>
                        <i>0.995931 0 0.0901243 0 1 0 -0.0901243 0 0.995931 0 4.49895 0</i>
                        <i>0.288851 0 -0.957374 0 1 0 0.957374 0 0.288851 0 4.49895 0</i>
                        <i>-0.879586 0 -0.47574 0 1 0 0.47574 0 -0.879586 0 4.49895 0</i>
                        <i>-0.643135 0 0.765753 0 1 0 -0.765753 0 -0.643135 0 4.49895 0</i>
                        <i>0.62054 0 0.784175 0 1 0 -0.784175 0 0.62054 0 4.49895 0</i>
                        <i>0.89308 0 -0.449899 0 1 0 0.449899 0 0.89308 0 4.49895 0</i>
                        <i>-0.260821 0 -0.965387 0 1 0 0.965387 0 -0.260821 0 4.49895 0</i>
                        <i>-0.998134 0 0.0610551 0 1 0 -0.0610551 0 -0.998134 0 4.49895 0</i>
                        <i>-0.141203 0 0.989981 0 1 0 -0.989981 0 -0.141203 0 4.49895 0</i>
                        <i>0.941259 0 0.337685 0 1 0 -0.337685 0 0.941259 0 4.49895 0</i>
                        <i>0.520328 0 -0.853966 0 1 0 0.853966 0 0.520328 0 4.49895 0</i>
                        <i>-0.731679 0 -0.68165 0 1 0 0.68165 0 -0.731679 0 4.49895 0</i>
                        <i>-0.815038 0 0.579408 0 1 0 -0.579408 0 -0.815038 0 4.49895 0</i>
                        <i>0.403393 0 0.915027 0 1 0 -0.915027 0 0.403393 0 4.49895 0</i>
                        <i>0.977519 0 -0.210848 0 1 0 0.210848 0 0.977519 0 4.49895 0</i>
                        <i>-0.00966314 0 -0.999953 0 1 0 0.999953 0 -0.00966314 0 4.49895 0</i>
                        <i>-0.981411 0 -0.191918 0 1 0 0.191918 0 -0.981411 0 4.49895 0</i>
                        <i>-0.385635 0 0.922652 0 1 0 -0.922652 0 -0.385635 0 4.49895 0</i>
                        <i>0.826083 0 0.563549 0 1 0 -0.563549 0 0.826083 0 4.49895 0</i>
                        <i>0.718355 0 -0.695677 0 1 0 0.695677 0 0.718355 0 4.49895 0</i>
                    </KeyFrames>
                </p>
            </i>
            <i>
                <p>
                    <Name><![CDATA[stabilizer_bar]]></Name>
                    <Exclude>0</Exclude>
                    <Additive>0</Additive>
                    <IKPriority>0</IKPriority>
                    <IKRotLimits>-1e+010 -1e+010 -1e+010 1e+010 1e+010 1e+010</IKRotLimits>
                    <IKRotLimitOrder>0</IKRotLimitOrder>
                    <KeyFrames count="68">
                        <i>0.256162 0.00367843 -0.966627 0 0.999993 0.0038054 0.966634 -0.0009748 0.25616 0 4.99997 0.0117346</i>
                        <i>0.650041 0.00316632 -0.759893 0 0.999991 0.00416676 0.7599 -0.00270856 0.650035 0 4.99997 0.0125755</i>
                        <i>0.910905 0.00186051 -0.412611 0 0.99999 0.00450907 0.412616 -0.00410733 0.910896 0 4.99996 0.0134382</i>
                        <i>0.999999 -4.92056e-006 0.00102016 0 0.999988 0.00482329 -0.00102017 -0.00482328 0.999988 0 4.99996 0.014285</i>
                        <i>0.915066 -0.00205701 0.4033 0 0.999987 0.00510038 -0.403305 -0.00466718 0.915054 0 4.99995 0.015078</i>
                        <i>0.684954 -0.00388432 0.728576 0 0.999986 0.00533132 -0.728586 -0.00365171 0.684945 0 4.99995 0.0157791</i>
                        <i>0.358937 -0.0051686 0.933347 0 0.999985 0.00553762 -0.933362 -0.00198766 0.358932 0 4.99995 0.0164576</i>
                        <i>-0.00582483 -0.00573763 0.999967 0 0.999984 0.00573773 -0.999983 3.34213e-005 -0.00582473 0 4.99994 0.0171716</i>
                        <i>-0.355622 -0.00553114 0.934614 0 0.999982 0.005918 -0.93463 0.00210457 -0.355615 0 4.99994 0.0178672</i>
                        <i>-0.648333 -0.00461747 0.761343 0 0.999982 0.0060648 -0.761357 0.00393201 -0.648321 0 4.99994 0.0184903</i>
                        <i>-0.857569 -0.00317081 0.514359 0 0.999981 0.00616448 -0.514369 0.00528647 -0.857553 0 4.99993 0.0189869</i>
                        <i>-0.97308 -0.00142969 0.230465 0 0.999981 0.0062034 -0.230469 0.0060364 -0.973061 0 4.99993 0.019303</i>
                        <i>-0.998377 0.000351295 -0.056954 0 0.999981 0.00616792 0.0569551 0.00615791 -0.998358 0 4.99993 0.0193846</i>
                        <i>-0.946809 0.00194507 -0.321791 0 0.999982 0.0060444 0.321797 0.00572289 -0.946791 0 4.99994 0.0191777</i>
                        <i>-0.837217 0.00318235 -0.546861 0 0.999983 0.0058192 0.54687 0.00487194 -0.837203 0 4.99994 0.0186281</i>
                        <i>-0.690057 0.00392926 -0.723745 0 0.999985 0.00542899 0.723755 0.00374631 -0.690046 0 4.99995 0.0175081</i>
                        <i>-0.524466 0.00413357 -0.851421 0 0.999988 0.00485485 0.851431 0.0025462 -0.52446 0 4.99996 0.0157451</i>
                        <i>-0.356461 0.00387719 -0.934302 0 0.999991 0.00414979 0.93431 0.00147924 -0.356458 0 4.99997 0.0135184</i>
                        <i>-0.198156 0.00330003 -0.980165 0 0.999994 0.00336679 0.98017 0.00066715 -0.198155 0 4.99998 0.0110071</i>
                        <i>-0.0577955 0.00255459 -0.998325 0 0.999997 0.00255886 0.998328 0.000147891 -0.0577953 0 4.99999 0.00839054</i>
                        <i>0.0596929 0.00177582 -0.998215 0 0.999998 0.00177899 0.998217 -0.000106193 0.0596928 0 4.99999 0.00584783</i>
                        <i>0.151861 0.00106765 -0.988401 0 0.999999 0.00108018 0.988402 -0.000164037 0.151861 0 5 0.00355822</i>
                        <i>0.217838 0.000503031 -0.975985 0 1 0.000515409 0.975985 -0.000112276 0.217838 0 5 0.0017009</i>
                        <i>0.257497 0.000133042 -0.966279 0 1 0.000137685 0.966279 -3.54534e-005 0.257497 0 5 0.000455094</i>
                        <i>0.270783 0 -0.96264 0 1 0 0.96264 0 0.270783 0 5 0</i>
                        <i>0.270783 0 -0.96264 0 1 0 0.96264 0 0.270783 0 5 0</i>
                        <i>0.270783 0 -0.96264 0 1 0 0.96264 0 0.270783 0 5 0</i>
                        <i>0.270783 0 -0.96264 0 1 0 0.96264 0 0.270783 0 5 0</i>
                        <i>0.270783 0 -0.96264 0 1 0 0.96264 0 0.270783 0 5 0</i>
                        <i>0.270783 0 -0.96264 0 1 0 0.96264 0 0.270783 0 5 0</i>
                        <i>0.270783 0 -0.96264 0 1 0 0.96264 0 0.270783 0 5 0</i>
                        <i>0.270783 0 -0.96264 0 1 0 0.96264 0 0.270783 0 5 0</i>
                        <i>0.270783 0 -0.96264 0 1 0 0.96264 0 0.270783 0 5 0</i>
                        <i>0.270783 0 -0.96264 0 1 0 0.96264 0 0.270783 0 5 0</i>
                        <i>0.270783 0 -0.96264 0 1 0 0.96264 0 0.270783 0 5 0</i>
                        <i>0.270783 0 -0.96264 0 1 0 0.96264 0 0.270783 0 5 0</i>
                        <i>0.270783 0 -0.96264 0 1 0 0.96264 0 0.270783 0 5 0</i>
                        <i>0.270783 0 -0.96264 0 1 0 0.96264 0 0.270783 0 5 0</i>
                        <i>0.270783 0 -0.96264 0 1 0 0.96264 0 0.270783 0 5 0</i>
                        <i>0.270783 0 -0.96264 0 1 0 0.96264 0 0.270783 0 5 0</i>
                        <i>0.270783 0 -0.96264 0 1 0 0.96264 0 0.270783 0 5 0</i>
                        <i>0.270783 0 -0.96264 0 1 0 0.96264 0 0.270783 0 5 0</i>
                        <i>0.270783 0 -0.96264 0 1 0 0.96264 0 0.270783 0 5 0</i>
                        <i>0.270783 0 -0.96264 0 1 0 0.96264 0 0.270783 0 5 0</i>
                        <i>0.270783 0 -0.96264 0 1 0 0.96264 0 0.270783 0 5 0</i>
                        <i>0.270783 0 -0.96264 0 1 0 0.96264 0 0.270783 0 5 0</i>
                        <i>0.270783 0 -0.96264 0 1 0 0.96264 0 0.270783 0 5 0</i>
                        <i>0.270783 0 -0.96264 0 1 0 0.96264 0 0.270783 0 5 0</i>
                        <i>0.270783 0 -0.96264 0 1 0 0.96264 0 0.270783 0 5 0</i>
                        <i>0.270783 0 -0.96264 0 1 0 0.96264 0 0.270783 0 5 0</i>
                        <i>0.270783 0 -0.96264 0 1 0 0.96264 0 0.270783 0 5 0</i>
                        <i>0.270783 0 -0.96264 0 1 0 0.96264 0 0.270783 0 5 0</i>
                        <i>0.270783 0 -0.96264 0 1 0 0.96264 0 0.270783 0 5 0</i>
                        <i>0.270783 0 -0.96264 0 1 0 0.96264 0 0.270783 0 5 0</i>
                        <i>0.270783 0 -0.96264 0 1 0 0.96264 0 0.270783 0 5 0</i>
                        <i>0.270783 0 -0.96264 0 1 0 0.96264 0 0.270783 0 5 0</i>
                        <i>0.270783 0 -0.96264 0 1 0 0.96264 0 0.270783 0 5 0</i>
                        <i>0.270783 0 -0.96264 0 1 0 0.96264 0 0.270783 0 5 0</i>
                        <i>0.270783 0 -0.96264 0 1 0 0.96264 0 0.270783 0 5 0</i>
                        <i>0.270783 0 -0.96264 0 1 0 0.96264 0 0.270783 0 5 0</i>
                        <i>0.270783 0 -0.96264 0 1 0 0.96264 0 0.270783 0 5 0</i>
                        <i>0.270783 0 -0.96264 0 1 0 0.96264 0 0.270783 0 5 0</i>
                        <i>0.270783 0 -0.96264 0 1 0 0.96264 0 0.270783 0 5 0</i>
                        <i>0.270783 0 -0.96264 0 1 0 0.96264 0 0.270783 0 5 0</i>
                        <i>0.270783 0 -0.96264 0 1 0 0.96264 0 0.270783 0 5 0</i>
                        <i>0.270783 0 -0.96264 0 1 0 0.96264 0 0.270783 0 5 0</i>
                        <i>0.270783 0 -0.96264 0 1 0 0.96264 0 0.270783 0 5 0</i>
                        <i>0.270783 0 -0.96264 0 1 0 0.96264 0 0.270783 0 5 0</i>
                    </KeyFrames>
                </p>
            </i>
            <i>
                <p>
                    <Name><![CDATA[tail_rotor]]></Name>
                    <Exclude>0</Exclude>
                    <Additive>0</Additive>
                    <IKPriority>0</IKPriority>
                    <IKRotLimits>-1e+010 -1e+010 -1e+010 1e+010 1e+010 1e+010</IKRotLimits>
                    <IKRotLimitOrder>0</IKRotLimitOrder>
                    <KeyFrames count="68">
                        <i>1 0 0 0 -0.672659 0.739953 0 -0.739953 -0.672659 0 4.7903 -11.5437</i>
                        <i>1 0 0 0 0.310723 0.9505 0 -0.9505 0.310723 0 4.79447 -11.5429</i>
                        <i>1 0 0 0 0.979853 0.199721 0 -0.199721 0.979853 0 4.79842 -11.5421</i>
                        <i>1 0 0 0 0.657928 -0.753081 0 0.753081 0.657928 0 4.80205 -11.5414</i>
                        <i>1 0 0 -0 -0.329496 -0.944157 0 0.944157 -0.329496 0 4.80525 -11.5406</i>
                        <i>1 0 0 -0 -0.983638 -0.180156 0 0.180156 -0.983638 0 4.80791 -11.54</i>
                        <i>1 0 0 0 -0.642715 0.766106 -0 -0.766106 -0.642715 0 4.81029 -11.5393</i>
                        <i>1 0 0 0 0.348411 0.937342 0 -0.937342 0.348411 0 4.8126 -11.5387</i>
                        <i>1 0 0 0 0.987069 0.160295 0 -0.160295 0.987069 0 4.81468 -11.538</i>
                        <i>1 0 0 0 0.627097 -0.778941 0 0.778941 0.627097 0 4.81637 -11.5374</i>
                        <i>1 0 0 0 -0.367381 -0.930071 0 0.930071 -0.367381 0 4.81752 -11.5369</i>
                        <i>1 0 0 0 -0.990143 -0.140063 0 0.140063 -0.990143 0 4.81797 -11.5366</i>
                        <i>1 0 0 0 -0.610882 0.791722 0 -0.791722 -0.610882 0 4.81756 -11.5365</i>
                        <i>1 0 0 0 0.38671 0.922201 0 -0.922201 0.38671 0 4.81614 -11.5367</i>
                        <i>1 0 0 0 0.992881 0.119115 0 -0.119115 0.992881 0 4.81354 -11.5372</i>
                        <i>1 0 0 0 0.593735 -0.804661 0 0.804661 0.593735 0 4.80904 -11.5383</i>
                        <i>1 0 0 -0 -0.406841 -0.913499 0 0.913499 -0.406841 0 4.80241 -11.5399</i>
                        <i>1 0 0 -0 -0.995301 -0.0968342 0 0.0968342 -0.995301 0 4.79428 -11.542</i>
                        <i>1 0 0 0 -0.575226 0.817995 -0 -0.817995 -0.575226 0 4.78524 -11.5443</i>
                        <i>1 0 0 0 0.427784 0.903881 0 -0.903881 0.427784 0 4.77591 -11.5468</i>
                        <i>1 0 0 0 0.997273 0.0737982 0 -0.0737982 0.997273 0 4.76691 -11.5491</i>
                        <i>1 0 0 0 0.556237 -0.831024 0 0.831024 0.556237 0 4.75884 -11.5513</i>
                        <i>1 0 0 0 -0.448267 -0.8939 0 0.8939 -0.448267 0 4.75231 -11.553</i>
                        <i>1 0 0 0 -0.998675 -0.0514588 0 0.0514588 -0.998675 0 4.74795 -11.5541</i>
                        <i>1 0 0 0 -0.537971 0.842963 0 -0.842963 -0.537971 0 4.74636 -11.5546</i>
                        <i>1 0 0 0 0.467166 0.884169 0 -0.884169 0.467166 0 4.74636 -11.5546</i>
                        <i>1 0 0 0 0.999532 0.030589 0 -0.030589 0.999532 0 4.74636 -11.5546</i>
                        <i>1 0 0 0 0.520365 -0.853944 0 0.853944 0.520365 0 4.74636 -11.5546</i>
                        <i>1 0 0 -0 -0.485411 -0.874286 0 0.874286 -0.485411 0 4.74636 -11.5546</i>
                        <i>1 0 0 -0 -0.999951 -0.00985108 0 0.00985108 -0.999951 0 4.74636 -11.5546</i>
                        <i>1 0 0 0 -0.502541 0.864553 -0 -0.864553 -0.502541 0 4.74636 -11.5546</i>
                        <i>1 0 0 0 0.50344 0.86403 0 -0.86403 0.50344 0 4.74636 -11.5546</i>
                        <i>1 0 0 0 0.999941 -0.0108911 0 0.0108911 0.999941 0 4.74636 -11.5546</i>
                        <i>1 0 0 0 0.484495 -0.874794 0 0.874794 0.484495 0 4.74636 -11.5546</i>
                        <i>1 0 0 0 -0.521259 -0.853398 0 0.853398 -0.521259 0 4.74636 -11.5546</i>
                        <i>1 0 0 0 -0.999499 0.0316361 0 -0.0316361 -0.999499 0 4.74636 -11.5546</i>
                        <i>1 0 0 0 -0.466247 0.884655 0 -0.884655 -0.466247 0 4.74636 -11.5546</i>
                        <i>1 0 0 0 0.538848 0.842403 0 -0.842403 0.538848 0 4.74636 -11.5546</i>
                        <i>1 0 0 0 0.998628 -0.0523599 0 0.0523599 0.998628 0 4.74636 -11.5546</i>
                        <i>1 0 0 0 0.447798 -0.894135 0 0.894135 0.447798 0 4.74636 -11.5546</i>
                        <i>1 0 0 -0 -0.556204 -0.831046 0 0.831046 -0.556204 0 4.74636 -11.5546</i>
                        <i>1 0 0 0 -0.997327 0.0730688 -0 -0.0730688 -0.997327 0 4.74636 -11.5546</i>
                        <i>1 0 0 0 -0.429149 0.903234 -0 -0.903234 -0.429149 0 4.74636 -11.5546</i>
                        <i>1 0 0 0 0.573327 0.819326 0 -0.819326 0.573327 0 4.74636 -11.5546</i>
                        <i>1 0 0 0 0.995597 -0.0937386 0 0.0937386 0.995597 0 4.74636 -11.5546</i>
                        <i>1 0 0 0 0.410323 -0.91194 0 0.91194 0.410323 0 4.74636 -11.5546</i>
                        <i>1 0 0 0 -0.590198 -0.807259 0 0.807259 -0.590198 0 4.74636 -11.5546</i>
                        <i>1 0 0 0 -0.993438 0.114368 0 -0.114368 -0.993438 0 4.74636 -11.5546</i>
                        <i>1 0 0 0 -0.391313 0.920258 0 -0.920258 -0.391313 0 4.74636 -11.5546</i>
                        <i>1 0 0 0 0.60682 0.794839 0 -0.794839 0.60682 0 4.74636 -11.5546</i>
                        <i>1 0 0 0 0.990852 -0.134956 0 0.134956 0.990852 0 4.74636 -11.5546</i>
                        <i>1 0 0 0 0.372142 -0.928176 0 0.928176 0.372142 0 4.74636 -11.5546</i>
                        <i>1 0 0 -0 -0.623175 -0.782082 0 0.782082 -0.623175 0 4.74636 -11.5546</i>
                        <i>1 0 0 0 -0.987839 0.155478 -0 -0.155478 -0.987839 0 4.74636 -11.5546</i>
                        <i>1 0 0 0 -0.35281 0.935695 -0 -0.935695 -0.35281 0 4.74636 -11.5546</i>
                        <i>1 0 0 0 0.639262 0.768989 0 -0.768989 0.639262 0 4.74636 -11.5546</i>
                        <i>1 0 0 0 0.984401 -0.175941 0 0.175941 0.984401 0 4.74636 -11.5546</i>
                        <i>1 0 0 0 0.33332 -0.942814 0 0.942814 0.33332 0 4.74636 -11.5546</i>
                        <i>1 0 0 0 -0.65508 -0.755559 0 0.755559 -0.65508 0 4.74636 -11.5546</i>
                        <i>1 0 0 0 -0.98054 0.196321 0 -0.196321 -0.98054 0 4.74636 -11.5546</i>
                        <i>1 0 0 0 -0.313694 0.949524 0 -0.949524 -0.313694 0 4.74636 -11.5546</i>
                        <i>1 0 0 0 0.67061 0.74181 0 -0.74181 0.67061 0 4.74636 -11.5546</i>
                        <i>1 0 0 0 0.976257 -0.216616 0 0.216616 0.976257 0 4.74636 -11.5546</i>
                        <i>1 0 0 0 0.293932 -0.955826 0 0.955826 0.293932 0 4.74636 -11.5546</i>
                        <i>1 0 0 -0 -0.685852 -0.727741 0 0.727741 -0.685852 0 4.74636 -11.5546</i>
                        <i>1 0 0 0 -0.971554 0.236818 -0 -0.236818 -0.971554 0 4.74636 -11.5546</i>
                        <i>1 0 0 0 -0.274044 0.961717 -0 -0.961717 -0.274044 0 4.74636 -11.5546</i>
                        <i>1 0 0 0 0.700809 0.713349 0 -0.713349 0.700809 0 4.74636 -11.5546</i>
                    </KeyFrames>
                </p>
            </i>
            <i>
                <p>
                    <Name><![CDATA[left_gatling]]></Name>
                    <Exclude>0</Exclude>
                    <Additive>0</Additive>
                    <IKPriority>0</IKPriority>
                    <IKRotLimits>-1e+010 -1e+010 -1e+010 1e+010 1e+010 1e+010</IKRotLimits>
                    <IKRotLimitOrder>0</IKRotLimitOrder>
                    <KeyFrames count="68">
                        <i>1 0 0 0 0.999993 0.0038054 0 -0.0038054 0.999993 2.24429 1.02854 -0.149473</i>
                        <i>1 0 0 0 0.999991 0.00416676 0 -0.00416676 0.999991 2.24429 1.02859 -0.150068</i>
