<?xml version="1.0" encoding="ISO-8859-1" ?>
<Animl Version="1">
    <ModellingPackage><![CDATA[Maya.2010]]></ModellingPackage>
    <SrcFile><![CDATA[anims\vehicles\blue\~src\air\helicopter_uh1iroquois\helicopter_uh1iroquois_hover.mb]]></SrcFile>
    <FramesPerSecond>30</FramesPerSecond>
    <TotalFrames>61</TotalFrames>
    <Skeleton>
        <RefFrame>
            <Name><![CDATA[uh1_ref_frame]]></Name>
            <Exclude>0</Exclude>
            <Additive>0</Additive>
            <IKPriority>0</IKPriority>
            <IKRotLimits>-1e+010 -1e+010 -1e+010 1e+010 1e+010 1e+010</IKRotLimits>
            <IKRotLimitOrder>0</IKRotLimitOrder>
            <KeyFrames count="61">
                <i>1 0 0 0 1 0 0 0 1 0 0 0</i>
                <i>1 0 0 0 1 0 0 0 1 0 0 0</i>
                <i>1 0 0 0 1 0 0 0 1 0 0 0</i>
                <i>1 0 0 0 1 0 0 0 1 0 0 0</i>
                <i>1 0 0 0 1 0 0 0 1 0 0 0</i>
                <i>1 0 0 0 1 0 0 0 1 0 0 0</i>
                <i>1 0 0 0 1 0 0 0 1 0 0 0</i>
                <i>1 0 0 0 1 0 0 0 1 0 0 0</i>
                <i>1 0 0 0 1 0 0 0 1 0 0 0</i>
                <i>1 0 0 0 1 0 0 0 1 0 0 0</i>
                <i>1 0 0 0 1 0 0 0 1 0 0 0</i>
                <i>1 0 0 0 1 0 0 0 1 0 0 0</i>
                <i>1 0 0 0 1 0 0 0 1 0 0 0</i>
                <i>1 0 0 0 1 0 0 0 1 0 0 0</i>
                <i>1 0 0 0 1 0 0 0 1 0 0 0</i>
                <i>1 0 0 0 1 0 0 0 1 0 0 0</i>
                <i>1 0 0 0 1 0 0 0 1 0 0 0</i>
                <i>1 0 0 0 1 0 0 0 1 0 0 0</i>
                <i>1 0 0 0 1 0 0 0 1 0 0 0</i>
                <i>1 0 0 0 1 0 0 0 1 0 0 0</i>
                <i>1 0 0 0 1 0 0 0 1 0 0 0</i>
                <i>1 0 0 0 1 0 0 0 1 0 0 0</i>
                <i>1 0 0 0 1 0 0 0 1 0 0 0</i>
                <i>1 0 0 0 1 0 0 0 1 0 0 0</i>
                <i>1 0 0 0 1 0 0 0 1 0 0 0</i>
                <i>1 0 0 0 1 0 0 0 1 0 0 0</i>
                <i>1 0 0 0 1 0 0 0 1 0 0 0</i>
                <i>1 0 0 0 1 0 0 0 1 0 0 0</i>
                <i>1 0 0 0 1 0 0 0 1 0 0 0</i>
                <i>1 0 0 0 1 0 0 0 1 0 0 0</i>
                <i>1 0 0 0 1 0 0 0 1 0 0 0</i>
                <i>1 0 0 0 1 0 0 0 1 0 0 0</i>
                <i>1 0 0 0 1 0 0 0 1 0 0 0</i>
                <i>1 0 0 0 1 0 0 0 1 0 0 0</i>
                <i>1 0 0 0 1 0 0 0 1 0 0 0</i>
                <i>1 0 0 0 1 0 0 0 1 0 0 0</i>
                <i>1 0 0 0 1 0 0 0 1 0 0 0</i>
                <i>1 0 0 0 1 0 0 0 1 0 0 0</i>
                <i>1 0 0 0 1 0 0 0 1 0 0 0</i>
                <i>1 0 0 0 1 0 0 0 1 0 0 0</i>
                <i>1 0 0 0 1 0 0 0 1 0 0 0</i>
                <i>1 0 0 0 1 0 0 0 1 0 0 0</i>
                <i>1 0 0 0 1 0 0 0 1 0 0 0</i>
                <i>1 0 0 0 1 0 0 0 1 0 0 0</i>
                <i>1 0 0 0 1 0 0 0 1 0 0 0</i>
                <i>1 0 0 0 1 0 0 0 1 0 0 0</i>
                <i>1 0 0 0 1 0 0 0 1 0 0 0</i>
                <i>1 0 0 0 1 0 0 0 1 0 0 0</i>
                <i>1 0 0 0 1 0 0 0 1 0 0 0</i>
                <i>1 0 0 0 1 0 0 0 1 0 0 0</i>
                <i>1 0 0 0 1 0 0 0 1 0 0 0</i>
                <i>1 0 0 0 1 0 0 0 1 0 0 0</i>
                <i>1 0 0 0 1 0 0 0 1 0 0 0</i>
                <i>1 0 0 0 1 0 0 0 1 0 0 0</i>
                <i>1 0 0 0 1 0 0 0 1 0 0 0</i>
                <i>1 0 0 0 1 0 0 0 1 0 0 0</i>
                <i>1 0 0 0 1 0 0 0 1 0 0 0</i>
                <i>1 0 0 0 1 0 0 0 1 0 0 0</i>
                <i>1 0 0 0 1 0 0 0 1 0 0 0</i>
                <i>1 0 0 0 1 0 0 0 1 0 0 0</i>
                <i>1 0 0 0 1 0 0 0 1 0 0 0</i>
            </KeyFrames>
        </RefFrame>
        <Bones count="7">
            <i>
                <p>
                    <Name><![CDATA[uh1_root]]></Name>
                    <Exclude>0</Exclude>
                    <Additive>0</Additive>
                    <IKPriority>0</IKPriority>
                    <IKRotLimits>-1e+010 -1e+010 -1e+010 1e+010 1e+010 1e+010</IKRotLimits>
                    <IKRotLimitOrder>0</IKRotLimitOrder>
                    <KeyFrames count="61">
                        <i>1 0.000231912 -8.27181e-025 -0.000231912 1 -5.11107e-005 -1.18532e-008 5.11107e-005 1 0 1.45279 0</i>
                        <i>0.999999 0.00137105 0 -0.00137105 0.999999 0.00038466 5.27387e-007 -0.00038466 1 0.000857819 1.45688 0</i>
                        <i>0.999997 0.00244082 0 -0.00244082 0.999997 0.000784785 1.91552e-006 -0.000784783 1 0.0017227 1.46027 0</i>
                        <i>0.999994 0.00343978 0 -0.00343977 0.999993 0.00114976 3.9549e-006 -0.00114975 0.999999 0.00258627 1.46299 0</i>
                        <i>0.99999 0.00436648 0 -0.00436648 0.999989 0.00148006 6.46267e-006 -0.00148005 0.999999 0.00344014 1.46506 0</i>
                        <i>0.999986 0.00521949 0 -0.00521948 0.999985 0.0017762 9.27087e-006 -0.00177618 0.999998 0.00427596 1.46654 0</i>
                        <i>0.999982 0.00599734 8.47033e-022 -0.00599733 0.99998 0.00203866 1.22266e-005 -0.00203863 0.999998 0.00508533 1.46744 0</i>
                        <i>0.999978 0.00669861 0 -0.0066986 0.999975 0.00226794 1.5192e-005 -0.00226789 0.999997 0.00585988 1.4678 0</i>
                        <i>0.999973 0.00732185 -1.69407e-021 -0.00732183 0.99997 0.00246451 1.80448e-005 -0.00246445 0.999997 0.00659125 1.46765 0</i>
                        <i>0.999969 0.00786561 0 -0.00786558 0.999966 0.00262889 2.06778e-005 -0.00262881 0.999997 0.00727105 1.46702 0</i>
                        <i>0.999965 0.00832844 0 -0.00832841 0.999961 0.00276156 2.29995e-005 -0.00276146 0.999996 0.0078909 1.46595 0</i>
                        <i>0.999962 0.00870891 1.69407e-021 -0.00870888 0.999958 0.002863 2.49337e-005 -0.0028629 0.999996 0.00844244 1.46446 0</i>
                        <i>0.999959 0.00900557 0 -0.00900553 0.999955 0.00293373 2.64199e-005 -0.00293361 0.999996 0.00891728 1.46259 0</i>
                        <i>0.999958 0.00921697 1.69407e-021 -0.00921693 0.999953 0.00297421 2.74132e-005 -0.00297408 0.999996 0.00930705 1.46037 0</i>
                        <i>0.999956 0.00934168 -3.38813e-021 -0.00934163 0.999952 0.00298495 2.78845e-005 -0.00298482 0.999996 0.00960338 1.45784 0</i>
                        <i>0.999956 0.00937824 0 -0.00937819 0.999952 0.00296645 2.782e-005 -0.00296632 0.999996 0.00979789 1.45502 0</i>
                        <i>0.999957 0.00932521 0 -0.00932517 0.999952 0.00291918 2.7222e-005 -0.00291905 0.999996 0.0098822 1.45194 0</i>
                        <i>0.999958 0.00918114 -1.69407e-021 -0.0091811 0.999954 0.00284365 2.61079e-005 -0.00284353 0.999996 0.00984795 1.44865 0</i>
                        <i>0.99996 0.00893625 0 -0.00893622 0.999956 0.00273642 2.44533e-005 -0.00273631 0.999996 0.00968674 1.44516 0</i>
                        <i>0.999963 0.00856763 1.69407e-021 -0.0085676 0.99996 0.00258692 2.21638e-005 -0.00258683 0.999997 0.00938639 1.44152 0</i>
                        <i>0.999967 0.00808409 -1.69407e-021 -0.00808407 0.999964 0.00239837 1.93886e-005 -0.00239829 0.999997 0.00889779 1.43775 0</i>
                        <i>0.999972 0.00749681 -1.69407e-021 -0.00749679 0.99997 0.00217502 1.63057e-005 -0.00217496 0.999998 0.00822403 1.43388 0</i>
                        <i>0.999977 0.00681695 -8.47033e-022 -0.00681694 0.999975 0.00192116 1.30965e-005 -0.00192112 0.999998 0.00738542 1.42996 0</i>
                        <i>0.999982 0.00605569 8.47033e-022 -0.00605568 0.99998 0.00164106 9.93776e-006 -0.00164103 0.999999 0.00640224 1.426 0</i>
                        <i>0.999986 0.0052242 0 -0.00522419 0.999985 0.00133899 6.99513e-006 -0.00133897 0.999999 0.00529478 1.42205 0</i>
                        <i>0.999991 0.00433364 0 -0.00433364 0.99999 0.00101921 4.4169e-006 -0.0010192 0.999999 0.00408332 1.41813 0</i>
                        <i>0.999994 0.0033952 0 -0.00339519 0.999994 0.000686013 2.32915e-006 -0.000686009 1 0.00278815 1.41428 0</i>
                        <i>0.999997 0.00242003 1.05879e-022 -0.00242003 0.999997 0.000343659 8.31665e-007 -0.000343658 1 0.00142956 1.41053 0</i>
                        <i>0.999999 0.00141932 0 -0.00141932 0.999999 -3.57597e-006 -5.07543e-009 3.57597e-006 1 2.78446e-005 1.4069 0</i>
                        <i>1 0.000404227 -1.32349e-023 -0.000404227 1 -0.000351421 -1.42054e-007 0.000351421 1 -0.00139672 1.40344 0</i>
                        <i>1 -0.000614061 0 0.000614061 1 -0.000695602 4.27142e-007 0.000695602 1 -0.00282384 1.40017 0</i>
                        <i>0.999999 -0.00162438 1.05879e-022 0.00162438 0.999998 -0.00103185 1.67612e-006 0.00103185 0.999999 -0.00423324 1.39713 0</i>
                        <i>0.999997 -0.00261556 0 0.00261555 0.999996 -0.00135589 3.5464e-006 0.00135588 0.999999 -0.00560461 1.39435 0</i>
                        <i>0.999994 -0.00357641 0 0.00357641 0.999992 -0.00166344 5.94916e-006 0.00166343 0.999999 -0.00691768 1.39185 0</i>
                        <i>0.99999 -0.00449578 8.47033e-022 0.00449578 0.999988 -0.00195025 8.7679e-006 0.00195023 0.999998 -0.00815216 1.38968 0</i>
                        <i>0.999986 -0.0053625 8.47033e-022 0.00536248 0.999983 -0.00221203 1.1862e-005 0.002212 0.999998 -0.00928775 1.38787 0</i>
                        <i>0.999981 -0.00616538 0 0.00616536 0.999978 -0.00244451 1.50713e-005 0.00244447 0.999997 -0.0103042 1.38643 0</i>
                        <i>0.999976 -0.00689325 -1.69407e-021 0.00689323 0.999973 -0.00264342 1.82218e-005 0.00264336 0.999996 -0.0111811 1.38542 0</i>
                        <i>0.999972 -0.00753496 -1.69407e-021 0.00753493 0.999968 -0.0028045 2.11317e-005 0.00280442 0.999996 -0.0118984 1.38486 0</i>
                        <i>0.999967 -0.00807932 1.69407e-021 0.00807928 0.999963 -0.00292345 2.36195e-005 0.00292336 0.999996 -0.0124356 1.38478 0</i>
                        <i>0.999964 -0.00851517 0 0.00851513 0.999959 -0.00299602 2.55116e-005 0.00299591 0.999996 -0.0127724 1.38526 0</i>
                        <i>0.999961 -0.00883133 1.69407e-021 0.00883129 0.999956 -0.00301793 2.66524e-005 0.00301782 0.999995 -0.0129177 1.38629 0</i>
                        <i>0.999959 -0.00903009 0 0.00903005 0.999955 -0.00299803 2.70725e-005 0.00299791 0.999996 -0.0129023 1.38781 0</i>
                        <i>0.999958 -0.00914951 -1.69407e-021 0.00914947 0.999954 -0.00297564 2.72257e-005 0.00297552 0.999996 -0.0127392 1.3898 0</i>
                        <i>0.999958 -0.00919304 -1.69407e-021 0.009193 0.999953 -0.00295131 2.71315e-005 0.00295118 0.999996 -0.0124415 1.39219 0</i>
                        <i>0.999958 -0.00916093 0 0.00916089 0.999954 -0.00292227 2.67707e-005 0.00292215 0.999996 -0.0120222 1.39497 0</i>
                        <i>0.999959 -0.00905341 1.69407e-021 0.00905337 0.999955 -0.00288579 2.61262e-005 0.00288567 0.999996 -0.0114943 1.39807 0</i>
                        <i>0.999961 -0.00887073 -1.69407e-021 0.0088707 0.999957 -0.0028391 2.51849e-005 0.00283899 0.999996 -0.0108709 1.40146 0</i>
                        <i>0.999963 -0.00861315 0 0.00861311 0.999959 -0.00277946 2.39399e-005 0.00277936 0.999996 -0.010165 1.4051 0</i>
                        <i>0.999966 -0.00828089 -1.69407e-021 0.00828086 0.999962 -0.00270411 2.23925e-005 0.00270402 0.999996 -0.00938954 1.40895 0</i>
                        <i>0.999969 -0.00787422 0 0.00787419 0.999966 -0.0026103 2.0554e-005 0.00261022 0.999997 -0.00855766 1.41296 0</i>
                        <i>0.999973 -0.00739336 1.69407e-021 0.00739334 0.99997 -0.00249527 1.84484e-005 0.0024952 0.999997 -0.00768235 1.41709 0</i>
                        <i>0.999977 -0.00683858 0 0.00683856 0.999974 -0.00235627 1.61136e-005 0.00235622 0.999997 -0.00677664 1.4213 0</i>
                        <i>0.999981 -0.00621011 8.47033e-022 0.00621009 0.999978 -0.00219056 1.36036e-005 0.00219052 0.999998 -0.00585356 1.42555 0</i>
                        <i>0.999985 -0.00550819 0 0.00550818 0.999983 -0.00199537 1.09909e-005 0.00199534 0.999998 -0.00492614 1.42979 0</i>
                        <i>0.999989 -0.00473307 0 0.00473306 0.999987 -0.00176795 8.36783e-006 0.00176793 0.999998 -0.0040074 1.43399 0</i>
                        <i>0.999992 -0.003885 0 0.003885 0.999991 -0.00150555 5.84908e-006 0.00150554 0.999999 -0.00311038 1.43809 0</i>
                        <i>0.999996 -0.00296422 0 0.00296422 0.999995 -0.00120542 3.57315e-006 0.00120542 0.999999 -0.0022481 1.44207 0</i>
                        <i>0.999998 -0.00197098 0 0.00197098 0.999998 -0.000864809 1.70452e-006 0.000864807 1 -0.00143359 1.44587 0</i>
                        <i>1 -0.000905518 2.64698e-023 0.000905518 0.999999 -0.000480955 4.35514e-007 0.000480955 1 -0.000679879 1.44946 0</i>
                        <i>1 0.000231912 -8.27181e-025 -0.000231912 1 -5.11107e-005 -1.18532e-008 5.11107e-005 1 0 1.45279 0</i>
                    </KeyFrames>
                </p>
            </i>
            <i>
                <p>
                    <Name><![CDATA[rotor]]></Name>
                    <Exclude>0</Exclude>
                    <Additive>0</Additive>
                    <IKPriority>0</IKPriority>
                    <IKRotLimits>-1e+010 -1e+010 -1e+010 1e+010 1e+010 1e+010</IKRotLimits>
                    <IKRotLimitOrder>0</IKRotLimitOrder>
                    <KeyFrames count="61">
                        <i>1 0.000231912 -8.27181e-025 -0.000231912 1 -5.11107e-005 -1.18532e-008 5.11107e-005 1 -0.00057978 3.95279 -0.000127777</i>
                        <i>0.66913 0.00120327 -0.743145 -0.00137105 0.999999 0.00038466 0.743144 0.000761498 0.669131 -0.0025698 3.95688 0.000961651</i>
                        <i>-0.10453 0.000525349 -0.994522 -0.00244082 0.999997 0.000784785 0.994519 0.00250948 -0.104528 -0.00437934 3.96026 0.00196196</i>
                        <i>-0.809015 -0.00210703 -0.587785 -0.00343977 0.999993 0.00114976 0.587779 0.00295202 -0.809017 -0.00601317 3.96297 0.00287439</i>
                        <i>-0.978137 -0.00457878 0.207911 -0.00436648 0.999989 0.00148006 -0.207916 0.000539865 -0.978146 -0.00747605 3.96504 0.00370016</i>
                        <i>-0.499985 -0.00414796 0.866024 -0.00521948 0.999985 0.0017762 -0.866018 -0.00363212 -0.499999 -0.00877274 3.9665 0.00444051</i>
                        <i>0.309023 -8.55676e-005 0.951055 -0.00599733 0.99998 0.00203866 -0.951036 -0.00633378 0.309016 -0.009908 3.96739 0.00509666</i>
                        <i>0.913531 0.00519706 0.406735 -0.0066986 0.999975 0.00226794 -0.406713 -0.00479639 0.913543 -0.0108866 3.96774 0.00566984</i>
                        <i>0.913514 0.00769122 -0.406736 -0.00732183 0.99997 0.00246451 0.406742 0.00072668 0.913543 -0.0117133 3.96757 0.00616129</i>
                        <i>0.308988 0.00493075 -0.951053 -0.00786558 0.999966 0.00262889 0.951034 0.00666829 0.309016 -0.0123929 3.96693 0.00657223</i>
                        <i>-0.500003 -0.00177273 -0.866022 -0.00832841 0.999961 0.00276156 0.865984 0.00859337 -0.499998 -0.0129301 3.96585 0.00690389</i>
                        <i>-0.978116 -0.00792337 -0.207911 -0.00870888 0.999958 0.002863 0.207879 0.00461102 -0.978144 -0.0133298 3.96436 0.00715751</i>
                        <i>-0.808969 -0.00900999 0.587783 -0.00900553 0.999955 0.00293373 -0.587783 -0.00292 -0.809013 -0.0135965 3.96248 0.00733431</i>
                        <i>-0.104497 -0.00392123 0.994518 -0.00921693 0.999953 0.00297421 -0.994483 -0.0088556 -0.104528 -0.0137353 3.96026 0.00743553</i>
                        <i>0.669122 0.00403265 0.743141 -0.00934163 0.999952 0.00298495 -0.743094 -0.00893946 0.669128 -0.0137507 3.95772 0.00746239</i>
                        <i>0.999956 0.00937824 -7.87394e-007 -0.00937819 0.999952 0.00296645 2.86074e-005 -0.00296631 0.999996 -0.0136476 3.9549 0.00741612</i>
                        <i>0.669081 0.00840906 -0.743142 -0.00932517 0.999952 0.00291918 0.743131 0.00497675 0.669128 -0.0134307 3.95182 0.00729795</i>
                        <i>-0.104551 0.00186825 -0.994518 -0.0091811 0.999954 0.00284365 0.994477 0.00942808 -0.104529 -0.0131048 3.94853 0.00710912</i>
                        <i>-0.808999 -0.00562122 -0.587783 -0.00893622 0.999956 0.00273642 0.587742 0.00746632 -0.809014 -0.0126538 3.94505 0.00684105</i>
                        <i>-0.978107 -0.00891824 0.207912 -0.0085676 0.99996 0.00258692 -0.207926 0.000748983 -0.978144 -0.0120326 3.94142 0.00646731</i>
                        <i>-0.499967 -0.00611902 0.866023 -0.00808407 0.999964 0.00239837 -0.866007 -0.00580188 -0.499999 -0.0113124 3.93766 0.00599592</i>
                        <i>0.309025 0.000248135 0.951054 -0.00749679 0.99997 0.00217502 -0.951025 -0.00780199 0.309017 -0.0105179 3.93381 0.00543756</i>
                        <i>0.91353 0.00544621 0.406736 -0.00681694 0.999975 0.00192116 -0.406715 -0.00452773 0.913544 -0.00965693 3.92989 0.00480291</i>
                        <i>0.913524 0.00619962 -0.406737 -0.00605568 0.99998 0.00164106 0.406739 0.000963921 0.913544 -0.00873697 3.92595 0.00410265</i>
                        <i>0.309006 0.0028878 -0.951056 -0.00522419 0.999985 0.00133899 0.951046 0.00455474 0.309017 -0.00776571 3.92201 0.00334746</i>
                        <i>-0.5 -0.00128417 -0.866025 -0.00433364 0.99999 0.00101921 0.866015 0.00426264 -0.5 -0.00675078 3.91811 0.00254803</i>
                        <i>-0.978142 -0.00317837 -0.207912 -0.00339519 0.999994 0.000686013 0.207908 0.00137692 -0.978147 -0.00569983 3.91426 0.00171503</i>
                        <i>-0.809014 -0.00215984 0.587786 -0.00242003 0.999997 0.000343659 -0.587785 -0.00114443 -0.809017 -0.00462051 3.91052 0.000859148</i>
                        <i>-0.104528 -0.000144803 0.994522 -0.00141932 0.999999 -3.57597e-006 -0.994521 -0.00141191 -0.104529 -0.00352044 3.9069 -8.93993e-006</i>
                        <i>0.669131 0.000531637 0.743144 -0.000404227 1 -0.000351421 -0.743144 -6.52525e-005 0.669131 -0.00240729 3.90344 -0.000878552</i>
                        <i>1 -0.000614061 1.3201e-007 0.000614061 1 -0.000695602 2.95133e-007 0.000695602 1 -0.00128869 3.90017 -0.001739</i>
                        <i>0.669127 -0.00185373 -0.743146 0.00162438 0.999998 -0.00103185 0.743146 -0.000516715 0.669129 -0.000172286 3.89713 -0.00257962</i>
                        <i>-0.104533 -0.00107505 -0.994521 0.00261555 0.999996 -0.00135589 0.994518 -0.00274296 -0.10453 0.000934271 3.89434 -0.00338972</i>
                        <i>-0.809016 0.00191564 -0.587784 0.00357641 0.999992 -0.00166344 0.587776 -0.00344791 -0.809016 0.00202334 3.89183 -0.00415861</i>
                        <i>-0.978136 0.00480302 0.207911 0.00449578 0.999988 -0.00195025 -0.207918 -0.000972887 -0.978146 0.00308728 3.88965 -0.00487562</i>
                        <i>-0.499981 0.00459689 0.866024 0.00536248 0.999983 -0.00221203 -0.86602 0.00353807 -0.499997 0.00411846 3.88782 -0.00553007</i>
                        <i>0.309027 0.00041961 0.951053 0.00616536 0.999978 -0.00244451 -0.951033 0.006619 0.309017 0.00510921 3.88638 -0.00611128</i>
                        <i>0.913531 -0.00522215 0.406735 0.00689323 0.999973 -0.00264342 -0.40671 0.00521857 0.913542 0.00605192 3.88535 -0.00660856</i>
                        <i>0.913511 -0.00802418 -0.406735 0.00753493 0.999968 -0.0028045 0.406744 -0.000502779 0.913542 0.00693894 3.88478 -0.00701124</i>
                        <i>0.308983 -0.00527691 -0.951053 0.00807928 0.999963 -0.00292345 0.951033 -0.00678053 0.309014 0.00776264 3.88469 -0.00730863</i>
                        <i>-0.500005 0.00166305 -0.866021 0.00851513 0.999959 -0.00299602 0.865981 -0.00887231 -0.499999 0.00851537 3.88516 -0.00749006</i>
                        <i>-0.978115 0.00801091 -0.20791 0.00883129 0.999956 -0.00301793 0.207877 -0.004788 -0.978143 0.00916051 3.88618 -0.00754483</i>
                        <i>-0.808968 0.00906763 0.587782 0.00903005 0.999955 -0.00299803 -0.587783 0.00288239 -0.809014 0.00967283 3.8877 -0.00749509</i>
                        <i>-0.104495 0.00391559 0.994518 0.00914947 0.999954 -0.00297564 -0.994483 0.00878837 -0.104526 0.0101345 3.88968 -0.00743911</i>
                        <i>0.669123 -0.0039582 0.743141 0.009193 0.999953 -0.00295131 -0.743095 0.00880648 0.669128 0.010541 3.89208 -0.00737827</i>
                        <i>0.999958 -0.00916093 0 0.00916089 0.999954 -0.00292227 2.67707e-005 0.00292215 0.999996 0.01088 3.89485 -0.00730568</i>
                        <i>0.669083 -0.00820238 -0.743142 0.00905337 0.999955 -0.00288579 0.743132 -0.00479711 0.669127 0.0111391 3.89796 -0.00721448</i>
                        <i>-0.104548 -0.00189621 -0.994518 0.0088707 0.999957 -0.0028391 0.99448 -0.00911889 -0.104527 0.0113058 3.90135 -0.00709776</i>
                        <i>-0.808999 0.00533449 -0.587786 0.00861311 0.999959 -0.00277946 0.587747 -0.00731125 -0.809012 0.0113678 3.905 -0.00694865</i>
                        <i>-0.97811 0.00866213 0.207906 0.00828086 0.999962 -0.00270411 -0.207921 -0.000923279 -0.978145 0.0113126 3.90885 -0.00676028</i>
                        <i>-0.49997 0.00619765 0.86602 0.00787419 0.999966 -0.0026103 -0.866007 0.00551414 -0.500002 0.0111278 3.91287 -0.00652574</i>
                        <i>0.30902 8.84511e-005 0.951056 0.00739334 0.99997 -0.00249527 -0.951027 0.00780257 0.30901 0.010801 3.91701 -0.00623817</i>
                        <i>0.913527 -0.00528895 0.406743 0.00683856 0.999974 -0.00235627 -0.40672 0.00493406 0.91354 0.0103198 3.92123 -0.00589069</i>
                        <i>0.913526 -0.00656418 -0.406726 0.00621009 0.999978 -0.00219056 0.406732 -0.000524674 0.913547 0.00967166 3.92549 -0.00547639</i>
                        <i>0.309011 -0.00359984 -0.951052 0.00550818 0.999983 -0.00199537 0.951043 -0.00462197 0.309025 0.0088443 3.92975 -0.00498842</i>
                        <i>-0.499992 0.000835406 -0.86603 0.00473306 0.999987 -0.00176795 0.866017 -0.00498293 -0.499989 0.00782526 3.93395 -0.00441988</i>
                        <i>-0.978139 0.00348705 -0.207925 0.003885 0.999991 -0.00150555 0.207918 -0.00228043 -0.978144 0.00660211 3.93807 -0.00376388</i>
                        <i>-0.80902 0.00310665 0.587772 0.00296422 0.999995 -0.00120542 -0.587773 0.000767073 -0.809026 0.00516245 3.94206 -0.00301356</i>
                        <i>-0.104541 0.00106612 0.99452 0.00197098 0.999998 -0.000864809 -0.994519 0.00186977 -0.104543 0.00349386 3.94587 -0.00216202</i>
                        <i>0.669118 -0.000248474 0.743156 0.000905518 0.999999 -0.000480955 -0.743155 0.000994757 0.669118 0.00158392 3.94946 -0.00120239</i>
                        <i>1 0.000231913 1.86798e-005 -0.000231912 1 -5.11107e-005 -1.86917e-005 5.11064e-005 1 -0.00057978 3.95279 -0.000127777</i>
                    </KeyFrames>
                </p>
            </i>
            <i>
                <p>
                    <Name><![CDATA[blades]]></Name>
                    <Exclude>0</Exclude>
                    <Additive>0</Additive>
                    <IKPriority>0</IKPriority>
                    <IKRotLimits>-1e+010 -1e+010 -1e+010 1e+010 1e+010 1e+010</IKRotLimits>
                    <IKRotLimitOrder>0</IKRotLimitOrder>
                    <KeyFrames count="61">
                        <i>0.961078 0.276277 -1.41093e-005 -0.276277 0.961078 -4.91246e-005 -1.18532e-008 5.11107e-005 1 -0.000877551 5.23678 -0.000193402</i>
                        <i>0.64275 0.27721 -0.714162 -0.186033 0.960809 0.205518 0.743144 0.000761498 0.669131 -0.0043302 5.24086 0.00145555</i>
                        <i>-0.101142 0.276558 -0.95566 0.0265099 0.960994 0.275296 0.994519 0.00250948 -0.104528 -0.0075133 5.24424 0.00296961</i>
                        <i>-0.778528 0.274027 -0.564627 0.220025 0.961718 0.163365 0.587779 0.00295202 -0.809017 -0.0104298 5.24694 0.00435066</i>
                        <i>-0.941334 0.27165 0.200241 0.265822 0.962396 -0.0559722 -0.207916 0.000539865 -0.978146 -0.0130825 5.24901 0.00560054</i>
                        <i>-0.481998 0.272063 0.832863 0.133006 0.962273 -0.237362 -0.866018 -0.00363212 -0.499999 -0.0154745 5.25046 0.00672112</i>
                        <i>0.295359 0.275966 0.914661 -0.0910712 0.961146 -0.260583 -0.951036 -0.00633378 0.309016 -0.0176085 5.25135 0.00771426</i>
                        <i>0.876184 0.281042 0.391557 -0.258622 0.959683 -0.110101 -0.406713 -0.00479639 0.913543 -0.0194875 5.25169 0.00858183</i>
                        <i>0.875995 0.283438 -0.39025 -0.259216 0.95899 0.11465 0.406742 0.00072668 0.913543 -0.0211144 5.25152 0.00932568</i>
                        <i>0.29481 0.280783 -0.913372 -0.0928571 0.959748 0.265069 0.951034 0.00666829 0.309016 -0.0224922 5.25087 0.00994768</i>
                        <i>-0.482873 0.274339 -0.831608 0.130023 0.961595 0.241723 0.865984 0.00859337 -0.499998 -0.0236237 5.24978 0.0104497</i>
                        <i>-0.942512 0.268427 -0.199041 0.261642 0.963289 0.0601463 0.207879 0.00461102 -0.978144 -0.0245118 5.24828 0.0108336</i>
                        <i>-0.78002 0.267381 0.565753 0.214663 0.963586 -0.15944 -0.587783 -0.00292 -0.809013 -0.0251595 5.24641 0.0111012</i>
                        <i>-0.102981 0.272272 0.956694 0.0199879 0.96218 -0.271682 -0.994483 -0.0088556 -0.104528 -0.0255697 5.24418 0.0112544</i>
                        <i>0.640543 0.279916 0.715089 -0.193692 0.959983 -0.202278 -0.743094 -0.00893946 0.669128 -0.0257452 5.24164 0.011295</i>
                        <i>0.958511 0.285054 0.000818142 -0.285055 0.958507 0.00285139 2.86074e-005 -0.00296631 0.999996 -0.025689 5.23882 0.011225</i>
                        <i>0.640508 0.284123 -0.713459 -0.193665 0.958775 0.207953 0.743131 0.00497675 0.669128 -0.0254041 5.23574 0.0110461</i>
                        <i>-0.103023 0.277837 -0.955088 0.0200373 0.960582 0.277273 0.994477 0.00942808 -0.104529 -0.0248932 5.23245 0.0107603</i>
                        <i>-0.78003 0.270639 -0.564188 0.214738 0.962652 0.16489 0.587742 0.00746632 -0.809014 -0.0241277 5.22898 0.0103546</i>
                        <i>-0.942465 0.267471 0.200547 0.261775 0.963566 -0.0549084 -0.207926 0.000748983 -0.978144 -0.0230333 5.22535 0.00978887</i>
                        <i>-0.482771 0.270163 0.833033 0.130248 0.962797 -0.236764 -0.866007 -0.00580188 -0.499999 -0.0216922 5.22159 0.00907538</i>
                        <i>0.294947 0.276284 0.914699 -0.0925129 0.961044 -0.260451 -0.951025 -0.00780199 0.309017 -0.0201437 5.21775 0.00823025</i>
                        <i>0.87615 0.281281 0.391461 -0.258735 0.959615 -0.110434 -0.406715 -0.00452773 0.913544 -0.0184098 5.21385 0.00726965</i>
                        <i>0.876355 0.282007 -0.390479 -0.258002 0.959412 0.113858 0.406739 0.000963921 0.913544 -0.0165124 5.20991 0.00620974</i>
                        <i>0.295557 0.278825 -0.91373 -0.0903235 0.960331 0.263829 0.951046 0.00455474 0.309017 -0.0144735 5.20598 0.0050667</i>
                        <i>-0.481767 0.274817 -0.832091 0.133862 0.961487 0.240049 0.866015 0.00426264 -0.5 -0.0123151 5.20208 0.00385668</i>
                        <i>-0.941071 0.272997 -0.199643 0.266757 0.962014 0.0580542 0.207908 0.00137692 -0.978147 -0.0100592 5.19824 0.00259586</i>
                        <i>-0.778245 0.273977 0.565041 0.221005 0.961736 -0.16193 -0.587785 -0.00114443 -0.809017 -0.00772778 5.1945 0.0013004</i>
                        <i>-0.100859 0.275914 0.955876 0.0274913 0.961181 -0.274545 -0.994521 -0.00141191 -0.104529 -0.00534282 5.19088 -1.35314e-005</i>
                        <i>0.643018 0.276565 0.71417 -0.185105 0.960995 -0.205486 -0.743144 -6.52525e-005 0.669131 -0.00292631 5.18742 -0.00132977</i>
                        <i>0.961312 0.275463 -0.000191897 -0.275463 0.961311 -0.000668609 2.95133e-007 0.000695602 1 -0.000500247 5.18415 -0.00263215</i>
                        <i>0.643575 0.274272 -0.714554 -0.183154 0.961652 0.204156 0.743146 -0.000516715 0.669129 0.00191339 5.18111 -0.0039045</i>
                        <i>-0.099749 0.275019 -0.95625 0.0313706 0.961435 0.273238 0.994518 -0.00274296 -0.10453 0.0042926 5.17831 -0.00513065</i>
                        <i>-0.776592 0.277893 -0.565403 0.226769 0.960606 0.160661 0.587776 -0.00344791 -0.809016 0.00661539 5.17581 -0.00629444</i>
                        <i>-0.938887 0.280667 0.199294 0.274339 0.959805 -0.0592691 -0.207918 -0.000972887 -0.978146 0.00885978 5.17362 -0.00737971</i>
                        <i>-0.479072 0.280467 0.831762 0.143176 0.959857 -0.241195 -0.86602 0.00353807 -0.499997 0.0110038 5.17178 -0.00837028</i>
                        <i>0.298721 0.276451 0.913423 -0.0793822 0.961005 -0.264891 -0.951033 0.006619 0.309017 0.0130254 5.17033 -0.00924999</i>
                        <i>0.879936 0.271027 0.3902 -0.245558 0.962558 -0.114821 -0.40671 0.00521857 0.913542 0.0149027 5.1693 -0.0100027</i>
                        <i>0.880094 0.268332 -0.391704 -0.244936 0.963326 0.109585 0.406744 -0.000502779 0.913542 0.0166137 5.16872 -0.0106122</i>
                        <i>0.299207 0.270972 -0.914904 -0.0775305 0.962563 0.259732 0.951033 -0.00678053 0.309014 0.0181363 5.16862 -0.0110623</i>
                        <i>-0.478225 0.277641 -0.833196 0.146212 0.960644 0.236189 0.865981 -0.00887231 -0.499999 0.0194486 5.16909 -0.0113369</i>
                        <i>-0.93767 0.283741 -0.200665 0.2785 0.958889 0.0544938 0.207877 -0.004788 -0.978143 0.0204997 5.17011 -0.0114198</i>
                        <i>-0.775041 0.284757 0.564115 0.231998 0.958596 -0.165141 -0.587783 0.00288239 -0.809014 0.0212673 5.17162 -0.0113445</i>
                        <i>-0.0979092 0.279804 0.955051 0.0376403 0.960017 -0.2774 -0.994483 0.00878837 -0.104526 0.0218822 5.1736 -0.0112598</i>
                        <i>0.64566 0.272236 0.713449 -0.175878 0.96219 -0.207983 -0.743095 0.00880648 0.669128 0.0223446 5.176 -0.0111677</i>
                        <i>0.963631 0.267236 -0.000806704 -0.267237 0.963627 -0.00280872 2.67707e-005 0.00292215 0.999996 0.0226424 5.17877 -0.0110578</i>
                        <i>0.645583 0.268158 -0.715062 -0.176001 0.963363 0.202374 0.743132 -0.00479711 0.669127 0.0227635 5.18188 -0.0109198</i>
                        <i>-0.098037 0.274219 -0.956657 0.037387 0.961624 0.271812 0.99448 -0.00911889 -0.104527 0.0226957 5.18528 -0.0107431</i>
                        <i>-0.775186 0.28117 -0.565713 0.231606 0.95963 0.159589 0.587747 -0.00731125 -0.809012 0.0224269 5.18893 -0.0105174</i>
                        <i>-0.937817 0.284369 0.199081 0.27797 0.958714 -0.0599922 -0.207921 -0.000923279 -0.978145 0.0219451 5.19279 -0.0102323</i>
                        <i>-0.478369 0.282001 0.831648 0.145587 0.959398 -0.241577 -0.866007 0.00551414 -0.500002 0.0212381 5.19681 -0.00987732</i>
                        <i>0.299053 0.27613 0.913411 -0.0782001 0.961088 -0.264941 -0.951027 0.00780257 0.30901 0.0202939 5.20096 -0.00944206</i>
                        <i>0.879917 0.270963 0.390287 -0.24561 0.962577 -0.114548 -0.40672 0.00493406 0.91354 0.0191003 5.20518 -0.0089161</i>
                        <i>0.879743 0.269739 -0.391526 -0.246214 0.962933 0.110173 0.406732 -0.000524674 0.913547 0.0176453 5.20945 -0.00828903</i>
                        <i>0.298524 0.272589 -0.914647 -0.0800094 0.962119 0.260624 0.951043 -0.00462197 0.309025 0.0159167 5.21371 -0.00755043</i>
                        <i>-0.479257 0.276853 -0.832866 0.142574 0.960899 0.237371 0.866017 -0.00498293 -0.499989 0.0139024 5.21792 -0.00668989</i>
                        <i>-0.939058 0.279403 -0.200261 0.273753 0.960171 0.0559513 0.207918 -0.00228043 -0.978144 0.0115904 5.22204 -0.00569699</i>
                        <i>-0.776765 0.279038 0.5646 0.226182 0.96028 -0.163415 -0.587773 0.000767073 -0.809026 0.00896846 5.22603 -0.00456131</i>
                        <i>-0.0999347 0.277078 0.955636 0.0307533 0.960846 -0.275372 -0.994519 0.00186977 -0.104543 0.00602456 5.22985 -0.00327242</i>
                        <i>0.643368 0.275815 0.714146 -0.183842 0.96121 -0.205613 -0.743155 0.000994757 0.669118 0.00274659 5.23344 -0.00181993</i>
                        <i>0.961078 0.276277 3.84468e-006 -0.276277 0.961078 -5.42813e-005 -1.86917e-005 5.11064e-005 1 -0.000877551 5.23678 -0.000193402</i>
                    </KeyFrames>
                </p>
            </i>
            <i>
                <p>
                    <Name><![CDATA[stabilizer_bar]]></Name>
                    <Exclude>0</Exclude>
                    <Additive>0</Additive>
                    <IKPriority>0</IKPriority>
                    <IKRotLimits>-1e+010 -1e+010 -1e+010 1e+010 1e+010 1e+010</IKRotLimits>
                    <IKRotLimitOrder>0</IKRotLimitOrder>
                    <KeyFrames count="61">
                        <i>1 0.000231912 -8.27181e-025 -0.000231912 1 -5.11107e-005 -1.18532e-008 5.11107e-005 1 -0.000811692 4.95279 -0.000178887</i>
                        <i>0.961261 0.00142396 -0.275637 -0.00137105 0.999999 0.00038466 0.275638 8.15267e-006 0.961262 -0.00394084 4.95688 0.00134631</i>
                        <i>0.848045 0.0024858 -0.529919 -0.00244082 0.999997 0.000784785 0.529919 0.000627902 0.848048 -0.00682015 4.96026 0.00274675</i>
                        <i>0.669124 0.00315609 -0.743144 -0.00343977 0.999993 0.00114976 0.743143 0.00178692 0.66913 -0.00945294 4.96296 0.00402415</i>
                        <i>0.438361 0.0032444 -0.898793 -0.00436648 0.999989 0.00148006 0.898788 0.00327576 0.438371 -0.0118425 4.96503 0.00518023</i>
                        <i>0.173637 0.00265555 -0.984806 -0.00521948 0.999985 0.0017762 0.984796 0.00483176 0.173648 -0.0139922 4.96649 0.00621671</i>
                        <i>-0.104539 0.00140056 -0.99452 -0.00599733 0.99998 0.00203866 0.994503 0.00617759 -0.104528 -0.0159053 4.96737 0.00713532</i>
                        <i>-0.374612 -0.0004066 -0.927181 -0.0066986 0.999975 0.00226794 0.927157 0.00706041 -0.374606 -0.0175852 4.96771 0.00793778</i>
                        <i>-0.615659 -0.00256577 -0.788008 -0.00732183 0.99997 0.00246451 0.787978 0.00728696 -0.61566 -0.0190351 4.96754 0.0086258</i>
                        <i>-0.809004 -0.00481824 -0.587783 -0.00786558 0.999966 0.00262889 0.58775 0.00675004 -0.809014 -0.0202585 4.9669 0.00920112</i>
                        <i>-0.939668 -0.0068817 -0.342019 -0.00832841 0.999961 0.00276156 0.341987 0.00544342 -0.939689 -0.0212585 4.96581 0.00966545</i>
                        <i>-0.997528 -0.00848799 -0.0697561 -0.00870888 0.999958 0.002863 0.0697289 0.00346342 -0.99756 -0.0220386 4.96431 0.0100205</i>
                        <i>-0.978102 -0.00941871 0.207911 -0.00900553 0.999955 0.00293373 -0.207929 0.000997136 -0.978143 -0.0226021 4.96244 0.010268</i>
                        <i>-0.882897 -0.00953435 0.46947 -0.00921693 0.999953 0.00297421 -0.469476 -0.00170115 -0.882944 -0.0229522 4.96021 0.0104097</i>
                        <i>-0.719289 -0.00879327 0.694655 -0.00934163 0.999952 0.00298495 -0.694648 -0.00434217 -0.719337 -0.0230923 4.95767 0.0104473</i>
                        <i>-0.499954 -0.00725802 0.866022 -0.00937819 0.999952 0.00296645 -0.866001 -0.00663863 -0.499998 -0.0230258 4.95485 0.0103826</i>
                        <i>-0.241885 -0.00508832 0.970292 -0.00932517 0.999952 0.00291918 -0.97026 -0.00834202 -0.241921 -0.0227559 4.95178 0.0102171</i>
                        <i>0.0349244 -0.00252137 0.999387 -0.0091811 0.999954 0.00284365 -0.999348 -0.00927479 0.0348996 -0.0222859 4.94848 0.00995276</i>
                        <i>0.309028 0.000159069 0.951053 -0.00893622 0.999956 0.00273642 -0.951011 -0.00934445 0.309016 -0.02159 4.94501 0.00957747</i>
                        <i>0.559191 0.00264638 0.829035 -0.0085676 0.99996 0.00258692 -0.828995 -0.00854942 0.559191 -0.0206002 4.94138 0.00905423</i>
                        <i>0.766032 0.00465118 0.642786 -0.00808407 0.999964 0.00239837 -0.642752 -0.00703355 0.766042 -0.0193965 4.93762 0.00839429</i>
                        <i>0.913527 0.00596404 0.406735 -0.00749679 0.99997 0.00217502 -0.40671 -0.00503615 0.913543 -0.0180147 4.93378 0.00761258</i>
                        <i>0.990247 0.00648324 0.139173 -0.00681694 0.999975 0.00192116 -0.139157 -0.00285116 0.990266 -0.0164739 4.92987 0.00672407</i>
                        <i>0.990249 0.00622515 -0.139173 -0.00605568 0.99998 0.00164106 0.139181 -0.000782269 0.990267 -0.0147927 4.92593 0.00574371</i>
                        <i>0.91353 0.00531715 -0.406736 -0.00522419 0.999985 0.00133899 0.406737 0.000901665 0.913545 -0.0129899 4.922 0.00468645</i>
                        <i>0.766034 0.00397489 -0.642787 -0.00433364 0.99999 0.00101921 0.642785 0.00200486 0.766044 -0.0110844 4.9181 0.00356724</i>
                        <i>0.559188 0.0024673 -0.829037 -0.00339519 0.999994 0.000686013 0.829034 0.00243113 0.559193 -0.00909503 4.91426 0.00240105</i>
                        <i>0.309015 0.00107467 -0.951057 -0.00242003 0.999997 0.000343659 0.951054 0.00219539 0.309017 -0.00704053 4.91051 0.00120281</i>
                        <i>0.0348995 4.59597e-005 -0.999391 -0.00141932 0.999999 -3.57597e-006 0.99939 0.00141858 0.0348996 -0.00493976 4.9069 -1.25159e-005</i>
                        <i>-0.241922 -0.000438774 -0.970296 -0.000404227 1 -0.000351421 0.970296 0.000307203 -0.241922 -0.00281152 4.90344 -0.00122997</i>
                        <i>-0.5 -0.000295378 -0.866025 0.000614061 1 -0.000695602 0.866025 -0.000879594 -0.5 -0.00067463 4.90017 -0.00243461</i>
                        <i>-0.719341 0.000451703 -0.694658 0.00162438 0.999998 -0.00103185 0.694656 -0.00187064 -0.71934 0.0014521 4.89712 -0.00361147</i>
                        <i>-0.882946 0.00167285 -0.469471 0.00261555 0.999996 -0.00135589 0.469466 -0.0024251 -0.882947 0.00354983 4.89433 -0.0047456</i>
                        <i>-0.978143 0.00315241 -0.207911 0.00357641 0.999992 -0.00166344 0.207904 -0.00237066 -0.978146 0.00559975 4.89183 -0.00582205</i>
                        <i>-0.997553 0.00462087 0.0697562 0.00449578 0.999988 -0.00195025 -0.0697644 -0.00163187 -0.997562 0.00758306 4.88964 -0.00682587</i>
                        <i>-0.939675 0.00579565 0.34202 0.00536248 0.999983 -0.00221203 -0.342027 -0.000244512 -0.93969 0.00948094 4.88781 -0.0077421</i>
                        <i>-0.808993 0.00642471 0.587784 0.00616536 0.999978 -0.00244451 -0.587787 0.00164631 -0.809014 0.0112746 4.88636 -0.00855579</i>
                        <i>-0.615632 0.00632691 0.788008 0.00689323 0.999973 -0.00264342 -0.788003 0.00380454 -0.615659 0.0129452 4.88533 -0.00925198</i>
                        <i>-0.374577 0.00542285 0.92718 0.00753493 0.999968 -0.0028045 -0.927165 0.00593574 -0.374605 0.0144739 4.88474 -0.00981573</i>
                        <i>-0.104501 0.00375186 0.994518 0.00807928 0.999963 -0.00292345 -0.994492 0.00772949 -0.104527 0.0158419 4.88465 -0.0102321</i>
                        <i>0.173667 0.00147175 0.984803 0.00851513 0.999959 -0.00299602 -0.984768 0.00890604 0.173648 0.0170305 4.88512 -0.0104861</i>
                        <i>0.438378 -0.00115901 0.89879 0.00883129 0.999956 -0.00301793 -0.898747 0.00926047 0.438369 0.0179918 4.88614 -0.0105628</i>
                        <i>0.669123 -0.00381442 0.743142 0.00903005 0.999955 -0.00299803 -0.743097 0.00871666 0.669127 0.0187029 4.88765 -0.0104931</i>
                        <i>0.848027 -0.00618245 0.529916 0.00914947 0.999954 -0.00297564 -0.529874 0.00737188 0.848045 0.0192839 4.88963 -0.0104147</i>
                        <i>0.961229 -0.00802347 0.275636 0.009193 0.999953 -0.00295131 -0.275599 0.0053708 0.961258 0.019734 4.89203 -0.0103296</i>
                        <i>0.999958 -0.00916093 0 0.00916089 0.999954 -0.00292227 2.67707e-005 0.00292215 0.999996 0.0200409 4.8948 -0.010228</i>
                        <i>0.999959 -0.00905341 1.69407e-021 0.00905337 0.999955 -0.00288579 2.61262e-005 0.00288567 0.999996 0.0201925 4.89791 -0.0101003</i>
                        <i>0.999961 -0.00887073 -1.69407e-021 0.0088707 0.999957 -0.0028391 2.51849e-005 0.00283899 0.999996 0.0201765 4.90131 -0.00993686</i>
