<?xml version="1.0" encoding="ISO-8859-1" ?>
<Animl Version="1">
    <ModellingPackage>
        <![CDATA[Maya.2010]]>
</ModellingPackage>
    <SrcFile>
        <![CDATA[anims\vehicles\blue\~src\air\helicopter_uh1iroquois\helicopter_uh1iroquois_takeoff.mb]]>
</SrcFile>
    <FramesPerSecond>30</FramesPerSecond>
    <TotalFrames>121</TotalFrames>
    <Skeleton>
        <RefFrame>
            <Name>
                <![CDATA[uh1_ref_frame]]>
</Name>
            <Exclude>0</Exclude>
            <Additive>0</Additive>
            <IKPriority>0</IKPriority>
            <IKRotLimits>-1e+010 -1e+010 -1e+010 1e+010 1e+010 1e+010</IKRotLimits>
            <IKRotLimitOrder>0</IKRotLimitOrder>
            <KeyFrames count="121">
                <i>1 0 0 0 1 0 0 0 1 0 0 0</i>
                <i>1 0 0 0 1 0 0 0 1 0 0 0</i>
                <i>1 0 0 0 1 0 0 0 1 0 0 0</i>
                <i>1 0 0 0 1 0 0 0 1 0 0 0</i>
                <i>1 0 0 0 1 0 0 0 1 0 0 0</i>
                <i>1 0 0 0 1 0 0 0 1 0 0 0</i>
                <i>1 0 0 0 1 0 0 0 1 0 0 0</i>
                <i>1 0 0 0 1 0 0 0 1 0 0 0</i>
                <i>1 0 0 0 1 0 0 0 1 0 0 0</i>
                <i>1 0 0 0 1 0 0 0 1 0 0 0</i>
                <i>1 0 0 0 1 0 0 0 1 0 0 0</i>
                <i>1 0 0 0 1 0 0 0 1 0 0 0</i>
                <i>1 0 0 0 1 0 0 0 1 0 0 0</i>
                <i>1 0 0 0 1 0 0 0 1 0 0 0</i>
                <i>1 0 0 0 1 0 0 0 1 0 0 0</i>
                <i>1 0 0 0 1 0 0 0 1 0 0 0</i>
                <i>1 0 0 0 1 0 0 0 1 0 0 0</i>
                <i>1 0 0 0 1 0 0 0 1 0 0 0</i>
                <i>1 0 0 0 1 0 0 0 1 0 0 0</i>
                <i>1 0 0 0 1 0 0 0 1 0 0 0</i>
                <i>1 0 0 0 1 0 0 0 1 0 0 0</i>
                <i>1 0 0 0 1 0 0 0 1 0 0 0</i>
                <i>1 0 0 0 1 0 0 0 1 0 0 0</i>
                <i>1 0 0 0 1 0 0 0 1 0 0 0</i>
                <i>1 0 0 0 1 0 0 0 1 0 0 0</i>
                <i>1 0 0 0 1 0 0 0 1 0 0 0</i>
                <i>1 0 0 0 1 0 0 0 1 0 0 0</i>
                <i>1 0 0 0 1 0 0 0 1 0 0 0</i>
                <i>1 0 0 0 1 0 0 0 1 0 0 0</i>
                <i>1 0 0 0 1 0 0 0 1 0 0 0</i>
                <i>1 0 0 0 1 0 0 0 1 0 0 0</i>
                <i>1 0 0 0 1 0 0 0 1 0 0 0</i>
                <i>1 0 0 0 1 0 0 0 1 0 0 0</i>
                <i>1 0 0 0 1 0 0 0 1 0 0 0</i>
                <i>1 0 0 0 1 0 0 0 1 0 0 0</i>
                <i>1 0 0 0 1 0 0 0 1 0 0 0</i>
                <i>1 0 0 0 1 0 0 0 1 0 0 0</i>
                <i>1 0 0 0 1 0 0 0 1 0 0 0</i>
                <i>1 0 0 0 1 0 0 0 1 0 0 0</i>
                <i>1 0 0 0 1 0 0 0 1 0 0 0</i>
                <i>1 0 0 0 1 0 0 0 1 0 0 0</i>
                <i>1 0 0 0 1 0 0 0 1 0 0 0</i>
                <i>1 0 0 0 1 0 0 0 1 0 0 0</i>
                <i>1 0 0 0 1 0 0 0 1 0 0 0</i>
                <i>1 0 0 0 1 0 0 0 1 0 0 0</i>
                <i>1 0 0 0 1 0 0 0 1 0 0 0</i>
                <i>1 0 0 0 1 0 0 0 1 0 0 0</i>
                <i>1 0 0 0 1 0 0 0 1 0 0 0</i>
                <i>1 0 0 0 1 0 0 0 1 0 0 0</i>
                <i>1 0 0 0 1 0 0 0 1 0 0 0</i>
                <i>1 0 0 0 1 0 0 0 1 0 0 0</i>
                <i>1 0 0 0 1 0 0 0 1 0 0 0</i>
                <i>1 0 0 0 1 0 0 0 1 0 0 0</i>
                <i>1 0 0 0 1 0 0 0 1 0 0 0</i>
                <i>1 0 0 0 1 0 0 0 1 0 0 0</i>
                <i>1 0 0 0 1 0 0 0 1 0 0 0</i>
                <i>1 0 0 0 1 0 0 0 1 0 0 0</i>
                <i>1 0 0 0 1 0 0 0 1 0 0 0</i>
                <i>1 0 0 0 1 0 0 0 1 0 0 0</i>
                <i>1 0 0 0 1 0 0 0 1 0 0 0</i>
                <i>1 0 0 0 1 0 0 0 1 0 0 0</i>
                <i>1 0 0 0 1 0 0 0 1 0 0 0</i>
                <i>1 0 0 0 1 0 0 0 1 0 0 0</i>
                <i>1 0 0 0 1 0 0 0 1 0 0 0</i>
                <i>1 0 0 0 1 0 0 0 1 0 0 0</i>
                <i>1 0 0 0 1 0 0 0 1 0 0 0</i>
                <i>1 0 0 0 1 0 0 0 1 0 0 0</i>
                <i>1 0 0 0 1 0 0 0 1 0 0 0</i>
                <i>1 0 0 0 1 0 0 0 1 0 0 0</i>
                <i>1 0 0 0 1 0 0 0 1 0 0.00357148 0</i>
                <i>1 0 0 0 1 0 0 0 1 0 0.0144829 0</i>
                <i>1 0 0 0 1 0 0 0 1 0 0.0330431 0</i>
                <i>1 0 0 0 1 0 0 0 1 0 0.0595793 0</i>
                <i>1 0 0 0 1 0 0 0 1 0 0.0944388 0</i>
                <i>1 0 0 0 1 0 0 0 1 0 0.13799 0</i>
                <i>1 0 0 0 1 0 0 0 1 0 0.190626 0</i>
                <i>1 0 0 0 1 0 0 0 1 0 0.252762 0</i>
                <i>1 0 0 0 1 0 0 0 1 0 0.324841 0</i>
                <i>1 0 0 0 1 0 0 0 1 0 0.407335 0</i>
                <i>1 0 0 0 1 0 0 0 1 0 0.500744 0</i>
                <i>1 0 0 0 1 0 0 0 1 0 0.605601 0</i>
                <i>1 0 0 0 1 0 0 0 1 0 0.722474 0</i>
                <i>1 0 0 0 1 0 0 0 1 0 0.851964 0</i>
                <i>1 0 0 0 1 0 0 0 1 0 0.994714 0</i>
                <i>1 0 0 0 1 0 0 0 1 0 1.1514 0</i>
                <i>1 0 0 0 1 0 0 0 1 0 1.32275 0</i>
                <i>1 0 0 0 1 0 0 0 1 0 1.50952 0</i>
                <i>1 0 0 0 1 0 0 0 1 0 1.71252 0</i>
                <i>1 0 0 0 1 0 0 0 1 0 1.9326 0</i>
                <i>1 0 0 0 1 0 0 0 1 0 2.17063 0</i>
                <i>1 0 0 0 1 0 0 0 1 0 2.42753 0</i>
                <i>1 0 0 0 1 0 0 0 1 0 2.70427 0</i>
                <i>1 0 0 0 1 0 0 0 1 0 3.0018 0</i>
                <i>1 0 0 0 1 0 0 0 1 0 3.3211 0</i>
                <i>1 0 0 0 1 0 0 0 1 0 3.66313 0</i>
                <i>1 0 0 0 1 0 0 0 1 0 4.02882 0</i>
                <i>1 0 0 0 1 0 0 0 1 0 4.41901 0</i>
                <i>1 0 0 0 1 0 0 0 1 0 4.83445 0</i>
                <i>1 0 0 0 1 0 0 0 1 0 5.27571 0</i>
                <i>1 0 0 0 1 0 0 0 1 0 5.74314 0</i>
                <i>1 0 0 0 1 0 0 0 1 0 6.23679 0</i>
                <i>1 0 0 0 1 0 0 0 1 0 6.75634 0</i>
                <i>1 0 0 0 1 0 0 0 1 0 7.301 0</i>
                <i>1 0 0 0 1 0 0 0 1 0 7.86946 0</i>
                <i>1 0 0 0 1 0 0 0 1 0 8.45981 0</i>
                <i>1 0 0 0 1 0 0 0 1 0 9.06953 0</i>
                <i>1 0 0 0 1 0 0 0 1 0 9.69548 0</i>
                <i>1 0 0 0 1 0 0 0 1 0 10.334 0</i>
                <i>1 0 0 0 1 0 0 0 1 0 10.9809 0</i>
                <i>1 0 0 0 1 0 0 0 1 0 11.6318 0</i>
                <i>1 0 0 0 1 0 0 0 1 0 12.2821 0</i>
                <i>1 0 0 0 1 0 0 0 1 0 12.9275 0</i>
                <i>1 0 0 0 1 0 0 0 1 0 13.5639 0</i>
                <i>1 0 0 0 1 0 0 0 1 0 14.1874 0</i>
                <i>1 0 0 0 1 0 0 0 1 0 14.7951 0</i>
                <i>1 0 0 0 1 0 0 0 1 0 15.3841 0</i>
                <i>1 0 0 0 1 0 0 0 1 0 15.9527 0</i>
                <i>1 0 0 0 1 0 0 0 1 0 16.4992 0</i>
                <i>1 0 0 0 1 0 0 0 1 0 17.0229 0</i>
                <i>1 0 0 0 1 0 0 0 1 0 17.5232 0</i>
                <i>1 0 0 0 1 0 0 0 1 0 18 0</i>
            </KeyFrames>
        </RefFrame>
        <Bones count="7">
            <i>
                <p>
                    <Name>
                        <![CDATA[uh1_root]]>
</Name>
                    <Exclude>0</Exclude>
                    <Additive>0</Additive>
                    <IKPriority>0</IKPriority>
                    <IKRotLimits>-1e+010 -1e+010 -1e+010 1e+010 1e+010 1e+010</IKRotLimits>
                    <IKRotLimitOrder>0</IKRotLimitOrder>
                    <KeyFrames count="121">
                        <i>1 0 0 0 1 0 0 0 1 0 1.5 0</i>
                        <i>1 0 0 0 1 0 0 0 1 0 1.5 0</i>
                        <i>1 0 0 0 1 0 0 0 1 0 1.5 0</i>
                        <i>1 0 0 0 1 0 0 0 1 0 1.5 0</i>
                        <i>1 0 0 0 1 0 0 0 1 0 1.5 0</i>
                        <i>1 0 0 0 1 0 0 0 1 0 1.5 0</i>
                        <i>1 0 0 0 1 0 0 0 1 0 1.5 0</i>
                        <i>1 0 0 0 1 0 0 0 1 0 1.5 0</i>
                        <i>1 0 0 0 1 0 0 0 1 0 1.5 0</i>
                        <i>1 0 0 0 1 0 0 0 1 0 1.5 0</i>
                        <i>1 0 0 0 1 0 0 0 1 0 1.5 0</i>
                        <i>1 0 0 0 1 0 0 0 1 0 1.5 0</i>
                        <i>1 0 0 0 1 0 0 0 1 0 1.5 0</i>
                        <i>1 0 0 0 1 0 0 0 1 0 1.5 0</i>
                        <i>1 0 0 0 1 0 0 0 1 0 1.5 0</i>
                        <i>1 0 0 0 1 0 0 0 1 0 1.5 0</i>
                        <i>1 0 0 0 1 0 0 0 1 0 1.5 0</i>
                        <i>1 0 0 0 1 0 0 0 1 0 1.5 0</i>
                        <i>1 0 0 0 1 0 0 0 1 0 1.5 0</i>
                        <i>1 0 0 0 1 0 0 0 1 0 1.5 0</i>
                        <i>1 0 0 0 1 0 0 0 1 0 1.5 0</i>
                        <i>1 0 0 0 1 0 0 0 1 0 1.5 0</i>
                        <i>1 0 0 0 1 0 0 0 1 0 1.5 0</i>
                        <i>1 0 0 0 1 0 0 0 1 0 1.5 0</i>
                        <i>1 0 0 0 1 0 0 0 1 0 1.5 0</i>
                        <i>1 0 0 0 1 0 0 0 1 0 1.5 0</i>
                        <i>1 0 0 0 1 0 0 0 1 0 1.5 0</i>
                        <i>1 0 0 0 1 0 0 0 1 0 1.5 0</i>
                        <i>1 0 0 0 1 0 0 0 1 0 1.5 0</i>
                        <i>1 0 0 0 1 0 0 0 1 0 1.5 0</i>
                        <i>1 0 0 0 1 0 0 0 1 0 1.5 0</i>
                        <i>1 0 0 0 1 0 0 0 1 0 1.5 0</i>
                        <i>1 0 0 0 1 0 0 0 1 0 1.5 0</i>
                        <i>1 0 0 0 1 0 0 0 1 0 1.5 0</i>
                        <i>1 0 0 0 1 0 0 0 1 0 1.5 0</i>
                        <i>1 0 0 0 1 0 0 0 1 0 1.5 0</i>
                        <i>1 0 0 0 1 0.000113504 0 -0.000113504 1 0 1.5 -2.57688e-005</i>
                        <i>1 0 0 0 1 0.000427851 0 -0.000427851 1 0 1.5 -9.91939e-005</i>
                        <i>1 0 0 0 1 0.000903794 0 -0.000903794 1 0 1.5 -0.000214454</i>
                        <i>1 0 0 0 0.999999 0.00150209 0 -0.00150209 0.999999 0 1.5 -0.000365727</i>
                        <i>1 0 0 0 0.999998 0.00218349 0 -0.00218349 0.999998 0 1.5 -0.000547192</i>
                        <i>1 0 0 0 0.999996 0.00290874 0 -0.00290874 0.999996 0 1.5 -0.000753025</i>
                        <i>1 0 0 0 0.999993 0.0036386 0 -0.0036386 0.999993 0 1.5 -0.000977407</i>
                        <i>1 0 0 0 0.999991 0.00433382 0 -0.00433382 0.999991 0 1.5 -0.00121452</i>
                        <i>1 0 0 0 0.999988 0.00495516 0 -0.00495516 0.999988 0 1.5 -0.00145853</i>
                        <i>1 0 0 0 0.999985 0.00546337 0 -0.00546337 0.999985 0 1.5 -0.00170362</i>
                        <i>1 0 0 0 0.999983 0.0058192 0 -0.0058192 0.999983 0 1.5 -0.00194398</i>
                        <i>1 0 0 0 0.999982 0.00603332 0 -0.00603332 0.999982 0 1.5 -0.00217378</i>
                        <i>1 0 0 0 0.999981 0.00615095 0 -0.00615095 0.999981 0 1.5 -0.00238719</i>
                        <i>1 0 0 0 0.999981 0.00618469 0 -0.00618469 0.999981 0 1.5 -0.0025784</i>
                        <i>1 0 0 0 0.999981 0.00614716 0 -0.00614716 0.999981 0 1.5 -0.00274158</i>
                        <i>1 0 0 0 0.999982 0.00605094 0 -0.00605094 0.999982 0 1.5 -0.00287092</i>
                        <i>1 0 0 0 0.999983 0.00590865 0 -0.00590865 0.999983 0 1.5 -0.00296059</i>
                        <i>1 0 0 0 0.999984 0.00573288 0 -0.00573288 0.999984 0 1.5 -0.00300476</i>
                        <i>1 0 0 0 0.999985 0.00553623 0 -0.00553623 0.999985 0 1.5 -0.00299763</i>
                        <i>1 0 0 0 0.999986 0.00533132 0 -0.00533132 0.999986 0 1.5 -0.00293335</i>
                        <i>1 0 0 0 0.999987 0.00510038 0 -0.00510038 0.999987 0 1.5 -0.00280613</i>
                        <i>1 0 0 0 0.999988 0.00482328 0 -0.00482328 0.999988 0 1.5 -0.00261012</i>
                        <i>1 0 0 0 0.99999 0.00450907 0 -0.00450907 0.99999 0 1.5 -0.00233952</i>
                        <i>1 0 0 0 0.999991 0.00416676 0 -0.00416676 0.999991 0 1.5 -0.00198849</i>
                        <i>1 0 0 0 0.999993 0.0038054 0 -0.0038054 0.999993 0 1.5 -0.00155122</i>
                        <i>1 0 0 0 0.999994 0.00343402 0 -0.00343402 0.999994 0 1.5 -0.00102189</i>
                        <i>1 0 0 0 0.999995 0.00306164 0 -0.00306164 0.999995 0 1.5 -0.000394672</i>
                        <i>1 0 0 0 0.999996 0.00269731 0 -0.00269731 0.999996 0 1.5 0.00033626</i>
                        <i>1 0 0 0 0.999997 0.00235006 0 -0.00235006 0.999997 0 1.5 0.00117672</i>
                        <i>1 0 0 0 0.999998 0.00202891 0 -0.00202891 0.999998 0 1.5 0.00213253</i>
                        <i>1 0 0 0 0.999999 0.00174291 0 -0.00174291 0.999999 0 1.5 0.00320951</i>
                        <i>1 0 0 0 0.999999 0.00150108 0 -0.00150108 0.999999 0 1.5 0.00441348</i>
                        <i>1 0 0 0 0.999999 0.00131247 0 -0.00131247 0.999999 0 1.5 0.00575028</i>
                        <i>1 -0.000148999 0 0.000148999 0.999999 0.00113801 -1.69561e-007 -0.00113801 0.999999 0 1.50357 0.00742162</i>
                        <i>1 -0.000297998 0 0.000297998 0.999999 0.00139729 -4.16389e-007 -0.00139729 0.999999 0 1.51448 0.00959135</i>
                        <i>1 0 0 0 0.999996 0.00278731 0 -0.00278731 0.999996 0 1.53304 0.0122084</i>
                        <i>1 0.000830735 -4.23516e-022 -0.000830724 0.999986 0.00516371 4.28967e-006 -0.0051637 0.999987 0 1.55958 0.0152218</i>
                        <i>0.999998 0.00191425 -8.47033e-022 -0.00191419 0.999967 0.00785505 1.50365e-005 -0.00785504 0.999969 0 1.59444 0.0185804</i>
                        <i>0.999995 0.00314898 0 -0.0031488 0.999937 0.0107677 3.39074e-005 -0.0107677 0.999942 0 1.63799 0.0222331</i>
                        <i>0.99999 0.00443337 -6.77626e-021 -0.00443295 0.999895 0.0138081 6.12166e-005 -0.013808 0.999905 0 1.69063 0.026129</i>
                        <i>0.999984 0.00566587 -6.77626e-021 -0.00566506 0.999841 0.0168826 9.56547e-005 -0.0168823 0.999857 0 1.75276 0.030217</i>
                        <i>0.999977 0.00674492 0 -0.00674358 0.999779 0.0198976 0.000134208 -0.0198971 0.999802 0 1.82484 0.034446</i>
                        <i>0.999971 0.00756897 -1.35525e-020 -0.00756701 0.999712 0.0227595 0.000172266 -0.0227588 0.999741 0 1.90734 0.0387651</i>
                        <i>0.999968 0.00803646 -1.35525e-020 -0.00803388 0.999646 0.0253747 0.000203923 -0.0253739 0.999678 0 2.00074 0.043123</i>
                        <i>0.999968 0.00804586 0 -0.00804336 0.999657 0.0249385 0.000200652 -0.0249377 0.999689 0 2.1056 0.0474689</i>
                        <i>0.999971 0.00761406 0 -0.00761209 0.999713 0.0227309 0.000173074 -0.0227302 0.999742 0 2.22247 0.0517516</i>
                        <i>0.999976 0.00686471 1.35525e-020 -0.00686334 0.999776 0.020043 0.000137589 -0.0200425 0.999799 0 2.35196 0.0559201</i>
                        <i>0.999983 0.00585642 -6.77626e-021 -0.00585557 0.999837 0.0170969 0.000100127 -0.0170966 0.999854 0 2.49471 0.0599233</i>
                        <i>0.999989 0.00464778 0 -0.00464732 0.99989 0.0141146 6.56018e-005 -0.0141145 0.9999 0 2.6514 0.0637103</i>
                        <i>0.999995 0.00329738 0 -0.00329717 0.999931 0.0113184 3.73211e-005 -0.0113183 0.999936 0 2.82275 0.0672299</i>
                        <i>0.999998 0.00186381 1.69407e-021 -0.00186373 0.999958 0.00893032 1.66444e-005 -0.00893031 0.99996 0 3.00952 0.0704311</i>
                        <i>1 0.000405683 0 -0.000405672 0.999974 0.0071726 2.9098e-006 -0.0071726 0.999974 0 3.21252 0.0732628</i>
                        <i>0.999999 -0.0010184 0 0.00101838 0.99998 0.00626738 -6.38269e-006 -0.00626738 0.99998 0 3.4326 0.0756741</i>
                        <i>0.999997 -0.00234984 -8.47033e-022 0.00234979 0.999977 0.00643682 -1.51255e-005 -0.0064368 0.999979 0 3.67063 0.0776138</i>
                        <i>0.999994 -0.00353004 0 0.00352994 0.999967 0.00736196 -2.5988e-005 -0.00736191 0.999973 0 3.92753 0.0790309</i>
                        <i>0.99999 -0.00450039 3.38813e-021 0.00450023 0.999953 0.00856059 -3.8526e-005 -0.00856051 0.999963 0 4.20427 0.0798743</i>
                        <i>0.999986 -0.00520232 -3.38813e-021 0.00520206 0.999936 0.0100099 -5.20749e-005 -0.0100098 0.99995 0 4.5018 0.0800931</i>
                        <i>0.999984 -0.00557722 0 0.00557684 0.999916 0.0116873 -6.51824e-005 -0.0116871 0.999932 0 4.8211 0.0797896</i>
                        <i>0.999984 -0.00558052 0 0.00558001 0.999892 0.0135697 -7.57262e-005 -0.0135695 0.999908 0 5.16313 0.0791143</i>
                        <i>0.999986 -0.00524721 0 0.00524657 0.999864 0.0156346 -8.20379e-005 -0.0156344 0.999878 0 5.52882 0.0780883</i>
                        <i>0.999989 -0.00463796 0 0.00463722 0.99983 0.017859 -8.28294e-005 -0.0178588 0.99984 0 5.91901 0.0767325</i>
                        <i>0.999993 -0.00381345 0 0.00381267 0.999788 0.0202203 -7.7109e-005 -0.0202201 0.999796 0 6.33445 0.0750681</i>
                        <i>0.999996 -0.00283437 0 0.00283364 0.999738 0.0226956 -6.43276e-005 -0.0226955 0.999742 0 6.77571 0.0731161</i>
                        <i>0.999998 -0.0017614 0 0.00176084 0.999679 0.0252621 -4.44965e-005 -0.025262 0.999681 0 7.24314 0.0708975</i>
                        <i>1 -0.000655223 1.69407e-021 0.000654968 0.999611 0.027897 -1.82788e-005 -0.027897 0.999611 0 7.73679 0.0684334</i>
                        <i>1 0.000423476 0 -0.000423278 0.999532 0.0305776 1.29489e-005 -0.0305776 0.999532 0 8.25634 0.0657448</i>
                        <i>0.999999 0.001414 0 -0.00141321 0.999445 0.0332811 4.70594e-005 -0.0332811 0.999446 0 8.801 0.0628527</i>
                        <i>0.999997 0.00225566 -6.77626e-021 -0.0022542 0.99935 0.0359847 8.11693e-005 -0.0359846 0.999352 0 9.36946 0.0597783</i>
                        <i>0.999996 0.00288779 6.77626e-021 -0.00288563 0.999248 0.0386656 0.000111658 -0.0386654 0.999252 0 9.95981 0.0565426</i>
                        <i>0.999995 0.00324969 0 -0.00324692 0.999141 0.041301 0.000134216 -0.0413008 0.999147 0 10.5695 0.0531665</i>
                        <i>0.999994 0.00340171 1.35525e-020 -0.00339842 0.999027 0.0439648 0.000149556 -0.0439646 0.999033 0 11.1955 0.0496712</i>
                        <i>0.999994 0.00345216 0 -0.00344838 0.998901 0.0467376 0.000161346 -0.0467374 0.998907 0 11.834 0.0460776</i>
                        <i>0.999994 0.00341232 0 -0.00340812 0.998763 0.0496073 0.000169276 -0.049607 0.998769 0 12.4809 0.0424069</i>
                        <i>0.999995 0.00329348 -1.35525e-020 -0.00328893 0.998612 0.0525616 0.000173111 -0.0525613 0.998618 0 13.1318 0.0386801</i>
                        <i>0.999995 0.00310693 0 -0.00310213 0.998449 0.0555883 0.000172709 -0.055588 0.998454 0 13.7821 0.0349182</i>
                        <i>0.999996 0.00286395 0 -0.00285902 0.998273 0.0586752 0.000168043 -0.058675 0.998277 0 14.4275 0.0311423</i>
                        <i>0.999997 0.00257583 -1.35525e-020 -0.00257091 0.998085 0.0618101 0.000159212 -0.0618099 0.998088 0 15.0639 0.0273734</i>
                        <i>0.999997 0.00225385 0 -0.00224909 0.997884 0.0649808 0.000146457 -0.0649807 0.997887 0 15.6874 0.0236325</i>
                        <i>0.999998 0.0019093 0 -0.00190486 0.997672 0.0681752 0.000130167 -0.0681751 0.997673 0 16.2951 0.0199408</i>
                        <i>0.999999 0.00155347 6.77626e-021 -0.00154951 0.997448 0.071381 0.000110888 -0.0713809 0.997449 0 16.8841 0.0163192</i>
                        <i>0.999999 0.00119763 6.77626e-021 -0.00119429 0.997214 0.074586 8.93265e-005 -0.074586 0.997215 0 17.4527 0.0127887</i>
                        <i>1 0.00085308 0 -0.000850496 0.99697 0.0777781 6.6351e-005 -0.0777781 0.996971 0 17.9992 0.00937058</i>
                        <i>1 0.000531101 -3.38813e-021 -0.000529359 0.996718 0.0809452 4.29901e-005 -0.0809452 0.996719 0 18.5229 0.00608571</i>
                        <i>1 0.00024298 0 -0.000242119 0.996459 0.0840751 2.04285e-005 -0.0840751 0.996459 0 19.0232 0.00295517</i>
                        <i>1 0 0 0 0.996195 0.0871557 0 -0.0871557 0.996195 0 19.5 0</i>
                    </KeyFrames>
                </p>
            </i>
            <i>
                <p>
                    <Name>
                        <![CDATA[rotor]]>
</Name>
                    <Exclude>0</Exclude>
                    <Additive>0</Additive>
                    <IKPriority>0</IKPriority>
                    <IKRotLimits>-1e+010 -1e+010 -1e+010 1e+010 1e+010 1e+010</IKRotLimits>
                    <IKRotLimitOrder>0</IKRotLimitOrder>
                    <KeyFrames count="121">
                        <i>0.765247 0 -0.643737 0 1 0 0.643737 0 0.765247 0 4 0</i>
                        <i>0.765247 0 -0.643737 0 1 0 0.643737 0 0.765247 0 4 0</i>
                        <i>0.765247 0 -0.643737 0 1 0 0.643737 0 0.765247 0 4 0</i>
                        <i>0.765247 0 -0.643737 0 1 0 0.643737 0 0.765247 0 4 0</i>
                        <i>0.765247 0 -0.643737 0 1 0 0.643737 0 0.765247 0 4 0</i>
                        <i>0.765247 0 -0.643737 0 1 0 0.643737 0 0.765247 0 4 0</i>
                        <i>0.765247 0 -0.643737 0 1 0 0.643737 0 0.765247 0 4 0</i>
                        <i>0.765247 0 -0.643737 0 1 0 0.643737 0 0.765247 0 4 0</i>
                        <i>0.765247 0 -0.643737 0 1 0 0.643737 0 0.765247 0 4 0</i>
                        <i>0.765247 0 -0.643737 0 1 0 0.643737 0 0.765247 0 4 0</i>
                        <i>0.765247 0 -0.643737 0 1 0 0.643737 0 0.765247 0 4 0</i>
                        <i>0.765247 0 -0.643737 0 1 0 0.643737 0 0.765247 0 4 0</i>
                        <i>0.765247 0 -0.643737 0 1 0 0.643737 0 0.765247 0 4 0</i>
                        <i>0.765247 0 -0.643737 0 1 0 0.643737 0 0.765247 0 4 0</i>
                        <i>0.765247 0 -0.643737 0 1 0 0.643737 0 0.765247 0 4 0</i>
                        <i>0.765247 0 -0.643737 0 1 0 0.643737 0 0.765247 0 4 0</i>
                        <i>0.765247 0 -0.643737 0 1 0 0.643737 0 0.765247 0 4 0</i>
                        <i>0.765247 0 -0.643737 0 1 0 0.643737 0 0.765247 0 4 0</i>
                        <i>0.765247 0 -0.643737 0 1 0 0.643737 0 0.765247 0 4 0</i>
                        <i>0.765247 0 -0.643737 0 1 0 0.643737 0 0.765247 0 4 0</i>
                        <i>0.765247 0 -0.643737 0 1 0 0.643737 0 0.765247 0 4 0</i>
                        <i>0.765247 0 -0.643737 0 1 0 0.643737 0 0.765247 0 4 0</i>
                        <i>0.765247 0 -0.643737 0 1 0 0.643737 0 0.765247 0 4 0</i>
                        <i>0.765247 0 -0.643737 0 1 0 0.643737 0 0.765247 0 4 0</i>
                        <i>0.765247 0 -0.643737 0 1 0 0.643737 0 0.765247 0 4 0</i>
                        <i>0.765247 0 -0.643737 0 1 0 0.643737 0 0.765247 0 4 0</i>
                        <i>0.765247 0 -0.643737 0 1 0 0.643737 0 0.765247 0 4 0</i>
                        <i>0.765247 0 -0.643737 0 1 0 0.643737 0 0.765247 0 4 0</i>
                        <i>0.765247 0 -0.643737 0 1 0 0.643737 0 0.765247 0 4 0</i>
                        <i>0.765247 0 -0.643737 0 1 0 0.643737 0 0.765247 0 4 0</i>
                        <i>0.765247 0 -0.643737 0 1 0 0.643737 0 0.765247 0 4 0</i>
                        <i>0.765247 0 -0.643737 0 1 0 0.643737 0 0.765247 0 4 0</i>
                        <i>0.765247 0 -0.643737 0 1 0 0.643737 0 0.765247 0 4 0</i>
                        <i>0.765247 0 -0.643737 0 1 0 0.643737 0 0.765247 0 4 0</i>
                        <i>0.765247 0 -0.643737 0 1 0 0.643737 0 0.765247 0 4 0</i>
                        <i>0.765247 0 -0.643737 0 1 0 0.643737 0 0.765247 0 4 0</i>
                        <i>0.743245 7.59363e-005 -0.66902 0 1 0.000113504 0.66902 -8.43611e-005 0.743245 0 4 0.000257991</i>
                        <i>0.673388 0.000316306 -0.73929 0 1 0.000427851 0.73929 -0.000288109 0.673388 0 4 0.000970433</i>
                        <i>0.544832 0.000757872 -0.838545 0 1 0.000903794 0.838545 -0.000492416 0.544832 0 4 0.00204503</i>
                        <i>0.34503 0.00140985 -0.938591 0 0.999999 0.00150209 0.938592 -0.000518266 0.34503 0 4 0.0033895</i>
                        <i>0.0691141 0.00217826 -0.997606 0 0.999998 0.00218349 0.997609 -0.00015091 0.0691139 0 3.99999 0.00491152</i>
                        <i>-0.267671 0.0028026 -0.963506 0 0.999996 0.00290874 0.96351 0.000778584 -0.267669 0 3.99999 0.00651882</i>
                        <i>-0.617861 0.00286098 -0.786282 0 0.999993 0.0036386 0.786287 0.00224815 -0.617857 0 3.99998 0.00811909</i>
                        <i>-0.897393 0.00191222 -0.441228 0 0.999991 0.00433382 0.441232 0.00388914 -0.897385 0 3.99998 0.00962004</i>
                        <i>-0.999141 -0.000205341 0.0414393 0 0.999988 0.00495516 -0.0414398 0.0049509 -0.999129 0 3.99997 0.0109294</i>
                        <i>-0.831857 -0.00303211 0.554982 0 0.999985 0.00546337 -0.55499 0.00454474 -0.831845 0 3.99996 0.0119548</i>
                        <i>-0.379456 -0.00538398 0.925194 0 0.999983 0.0058192 -0.92521 0.00220813 -0.37945 0 3.99996 0.012604</i>
                        <i>0.245679 -0.00584841 0.969334 0 0.999982 0.00603332 -0.969351 -0.00148226 0.245674 0 3.99995 0.0129095</i>
                        <i>0.800243 -0.00368857 0.599664 0 0.999981 0.00615095 -0.599676 -0.00492226 0.800228 0 3.99995 0.0129902</i>
                        <i>0.997091 0.000471411 -0.0762208 0 0.999981 0.00618469 0.0762222 -0.0061667 0.997072 0 3.99995 0.0128833</i>
                        <i>0.672318 0.00455051 -0.740248 0 0.999981 0.00614716 0.740262 -0.00413285 0.672305 0 3.99995 0.0126263</i>
                        <i>-0.0554256 0.00604164 -0.998444 0 0.999982 0.00605094 0.998463 0.000335377 -0.0554246 0 3.99995 0.0122564</i>
                        <i>-0.77184 0.00375681 -0.635805 0 0.999983 0.00590865 0.635816 0.00456053 -0.771827 0 3.99996 0.011811</i>
                        <i>-0.985828 -0.000961742 0.167756 0 0.999984 0.00573288 -0.167759 0.00565163 -0.985812 0 3.99996 0.0113274</i>
                        <i>-0.492893 -0.00481702 0.870077 0 0.999985 0.00553623 -0.87009 0.00272877 -0.492885 0 3.99996 0.010843</i>
                        <i>0.388015 -0.00491362 0.92164 0 0.999986 0.00533132 -0.921653 -0.00206863 0.38801 0 3.99996 0.0103949</i>
                        <i>0.97286 -0.00118019 0.23139 0 0.999987 0.00510038 -0.231393 -0.00496196 0.972848 0 3.99997 0.00994482</i>
                        <i>0.746454 0.00320959 -0.66543 0 0.999988 0.00482328 0.665438 -0.00360036 0.746445 0 3.99997 0.00944809</i>
                        <i>-0.139062 0.00446526 -0.990274 0 0.99999 0.00450907 0.990284 0.000627042 -0.139061 0 3.99997 0.00893315</i>
                        <i>-0.908733 0.00173911 -0.417374 0 0.999991 0.00416676 0.417377 0.00378648 -0.908725 0 3.99998 0.00842842</i>
                        <i>-0.83287 -0.00210617 0.553464 0 0.999993 0.0038054 -0.553468 0.00316941 -0.832864 0 3.99998 0.00796228</i>
                        <i>0.0470027 -0.00343022 0.998889 0 0.999994 0.00343402 -0.998895 -0.000161408 0.0470024 0 3.99999 0.00756316</i>
                        <i>0.886806 -0.00141492 0.462141 0 0.999995 0.00306164 -0.462143 -0.00271508 0.886801 0 3.99999 0.00725944</i>
                        <i>0.840335 0.00146212 -0.542065 0 0.999996 0.00269731 0.542067 -0.00226665 0.840332 0 3.99999 0.00707954</i>
                        <i>-0.0631444 0.00234537 -0.998002 0 0.999997 0.00235006 0.998004 0.000148393 -0.0631443 0 3.99999 0.00705186</i>
                        <i>-0.904379 0.000865798 -0.426729 0 0.999998 0.00202891 0.42673 0.00183491 -0.904377 0 3.99999 0.00720481</i>
                        <i>-0.808399 -0.00102594 0.588634 0 0.999999 0.00174291 -0.588635 0.00140897 -0.808398 0 4 0.00756678</i>
                        <i>0.129813 -0.00148838 0.991537 0 0.999999 0.00150108 -0.991538 -0.000194861 0.129813 0 4 0.00816619</i>
                        <i>0.932406 -0.000474343 0.361413 0 0.999999 0.00131247 -0.361413 -0.00122375 0.932405 0 4 0.00903144</i>
                        <i>0.766045 0.000617356 -0.642787 0.000148999 0.999999 0.00113801 0.642788 -0.000967537 0.766044 0.000372496 4.00357 0.0102666</i>
                        <i>-0.20017 0.00142866 -0.97976 0.000297998 0.999999 0.00139729 0.979761 -1.22714e-005 -0.200171 0.000744995 4.01448 0.0130846</i>
                        <i>-0.961473 0.000766231 -0.274899 0 0.999996 0.00278731 0.2749 0.00267992 -0.961469 0 4.03303 0.0191767</i>
                        <i>-0.676084 -0.00436638 0.736812 -0.000830724 0.999986 0.00516371 -0.736824 0.00287901 -0.676078 -0.00207681 4.05955 0.028131</i>
                        <i>0.370909 -0.00658479 0.928646 -0.00191419 0.999967 0.00785505 -0.928667 -0.00469111 0.370884 -0.00478547 4.09436 0.038218</i>
                        <i>0.998574 0.00257038 0.0533158 -0.0031488 0.999937 0.0107677 -0.0532848 -0.0109203 0.99852 -0.00787199 4.13783 0.0491525</i>
                        <i>0.454695 0.0143137 -0.890532 -0.00443295 0.999895 0.0138081 0.890636 -0.00233081 0.454711 -0.0110824 4.19036 0.0606493</i>
                        <i>-0.639688 0.00935321 -0.768578 -0.00566506 0.999841 0.0168826 0.768614 0.0151536 -0.639534 -0.0141627 4.25237 0.0724235</i>
                        <i>-0.954419 -0.0123726 0.298213 -0.00674358 0.999779 0.0198976 -0.298393 0.0169796 -0.954292 -0.016859 4.32429 0.08419</i>
                        <i>-0.0749363 -0.0232631 0.996917 -0.00756701 0.999712 0.0227595 -0.99716 -0.00583817 -0.0750908 -0.0189175 4.40662 0.0956638</i>
                        <i>0.904513 -0.0035551 0.426432 -0.00803388 0.999646 0.0253747 -0.426371 -0.0263777 0.904164 -0.0200847 4.49986 0.10656</i>
                        <i>0.713109 0.0232174 -0.700668 -0.00804336 0.999657 0.0249385 0.701007 -0.0121481 0.713051 -0.0201084 4.60474 0.109815</i>
                        <i>-0.42131 0.0174092 -0.906749 -0.00761209 0.999713 0.0227309 0.906885 0.016479 -0.421057 -0.0190302 4.72176 0.108579</i>
                        <i>-0.994573 -0.00890578 0.103662 -0.00686334 0.999776 0.020043 -0.103817 0.0192228 -0.994411 -0.0171583 4.8514 0.106028</i>
                        <i>-0.214656 -0.0179554 0.976525 -0.00585557 0.999837 0.0170969 -0.976672 -0.00204815 -0.214726 -0.0146389 4.99431 0.102666</i>
                        <i>0.864488 -0.00307743 0.502644 -0.00464732 0.99989 0.0141146 -0.502632 -0.0145379 0.864378 -0.0116183 5.15113 0.0989969</i>
                        <i>0.736171 0.0100874 -0.67672 -0.00329717 0.999931 0.0113184 0.676788 -0.00610102 0.736153 -0.00824292 5.32258 0.0955259</i>
                        <i>-0.436493 0.00722121 -0.899679 -0.00186373 0.999958 0.00893032 0.899706 0.00557478 -0.436462 -0.00465933 5.50942 0.0927569</i>
                        <i>-0.985831 -0.00160305 0.167733 -0.000405672 0.999974 0.0071726 -0.16774 0.00700293 -0.985806 -0.00101418 5.71246 0.0911943</i>
                        <i>-0.106382 -0.00612348 0.994306 0.00101838 0.99998 0.00626738 -0.994325 0.00167932 -0.106374 0.00254595 5.93255 0.0913425</i>
                        <i>0.930808 -0.00453983 0.365479 0.00234979 0.999977 0.00643682 -0.3655 -0.00513264 0.930797 0.00587447 6.17057 0.0937058</i>
                        <i>0.592955 0.00383507 -0.805226 0.00352994 0.999967 0.00736196 0.805228 -0.00720771 0.592922 0.00882485 6.42745 0.0974358</i>
                        <i>-0.63037 0.0094823 -0.776237 0.00450023 0.999953 0.00856059 0.776282 0.00190309 -0.630383 0.0112506 6.70415 0.101276</i>
                        <i>-0.907265 0.000509899 0.420559 0.00520206 0.999936 0.0100099 -0.420528 0.0112694 -0.90721 0.0130051 7.00164 0.105118</i>
                        <i>0.190391 -0.0125354 0.981628 0.00557684 0.999916 0.0116873 -0.981693 0.00324923 0.190445 0.0139421 7.32089 0.109008</i>
                        <i>0.998932 -0.00619614 0.0457952 0.00558001 0.999892 0.0135697 -0.0458743 -0.0132997 0.998859 0.01395 7.66286 0.113039</i>
                        <i>0.275219 0.0135872 -0.961286 0.00524657 0.999864 0.0156346 0.961367 -0.00934638 0.27511 0.0131164 8.02848 0.117175</i>
                        <i>-0.873842 0.0127346 -0.486043 0.00463722 0.99983 0.017859 0.486188 0.0133521 -0.873752 0.011593 8.41859 0.12138</i>
                        <i>-0.669181 -0.0124748 0.742995 0.00381267 0.999788 0.0202203 -0.74309 0.0163638 -0.668991 0.00953168 8.83392 0.125619</i>
                        <i>0.577218 -0.0201682 0.816341 0.00283364 0.999738 0.0226956 -0.816585 -0.0107871 0.577124 0.0070841 9.27506 0.129855</i>
                        <i>0.922812 0.00810773 -0.385165 0.00176084 0.999679 0.0252621 0.385246 -0.0239904 0.922502 0.00440209 9.74234 0.134053</i>
                        <i>-0.176712 0.0275737 -0.983876 0.000654968 0.999611 0.027897 0.984262 0.00428532 -0.176661 0.00163742 10.2358 0.138176</i>
                        <i>-0.999252 0.0007592 -0.0386494 -0.000423278 0.999532 0.0305776 0.0386545 0.0305711 -0.998785 -0.00105819 10.7552 0.142189</i>
                        <i>-0.251253 -0.0325684 0.967373 -0.00141321 0.999445 0.0332811 -0.96792 0.00699489 -0.25116 -0.00353303 11.2996 0.146056</i>
                        <i>0.892116 -0.0142483 0.451582 -0.0022542 0.99935 0.0359847 -0.451801 -0.0331205 0.891504 -0.00563551 11.8678 0.14974</i>
                        <i>0.631583 0.0317989 -0.774656 -0.00288563 0.999248 0.0386656 0.775303 -0.0221852 0.6312 -0.00721408 12.4579 0.153206</i>
                        <i>-0.622453 0.0303053 -0.78207 -0.00324692 0.999141 0.041301 0.782651 0.0282473 -0.62182 -0.0081173 13.0674 0.156419</i>
                        <i>-0.898017 -0.0223913 0.43939 -0.00339842 0.999027 0.0439648 -0.439947 0.0379879 -0.89722 -0.00849605 13.693 0.159583</i>
                        <i>0.235464 -0.0446127 0.970859 -0.00344838 0.998901 0.0467376 -0.971877 -0.0143529 0.235052 -0.00862096 14.3312 0.162922</i>
                        <i>0.999835 0.00428882 -0.017658 -0.00340812 0.998763 0.0496073 0.0178489 -0.049539 0.998613 -0.00852029 14.9778 0.166425</i>
                        <i>0.203099 0.0521335 -0.977769 -0.00328893 0.998612 0.0525616 0.979153 -0.00745939 0.202989 -0.00822232 15.6283 0.170084</i>
                        <i>-0.908998 0.0203534 -0.416304 -0.00310213 0.998449 0.0555883 0.41679 0.0518211 -0.907524 -0.00775532 16.2783 0.173889</i>
                        <i>-0.612185 -0.0481427 0.789248 -0.00285902 0.998273 0.0586752 -0.79071 0.0336636 -0.611265 -0.00714754 16.9232 0.17783</i>
                        <i>0.628044 -0.0464878 0.776788 -0.00257091 0.998085 0.0618101 -0.778173 -0.0408165 0.626722 -0.00642726 17.5591 0.181899</i>
                        <i>0.904074 0.0298001 -0.426336 -0.00224909 0.997884 0.0649808 0.42737 -0.0577886 0.902228 -0.00562272 18.1822 0.186085</i>
                        <i>-0.197788 0.0664526 -0.97799 -0.00190486 0.997672 0.0681752 0.980243 0.0153472 -0.197201 -0.00476215 18.7892 0.190379</i>
                        <i>-0.998803 0.00194609 -0.0488754 -0.00154951 0.997448 0.071381 0.0488896 0.0713712 -0.996251 -0.00387376 19.3777 0.194772</i>
                        <i>-0.298326 -0.071545 0.951779 -0.00119429 0.997214 0.074586 -0.954463 0.0211143 -0.297581 -0.00298574 19.9457 0.199254</i>
                        <i>0.845386 -0.0408288 0.532594 -0.000850496 0.99697 0.0777781 -0.534156 -0.0662055 0.84279 -0.00212624 20.4917 0.203816</i>
                        <i>0.73868 0.0549514 -0.671812 -0.000529359 0.996718 0.0809452 0.674056 -0.059437 0.736285 -0.0013234 21.0147 0.208449</i>
                        <i>-0.448022 0.075057 -0.890866 -0.000242119 0.996459 0.0840751 0.894023 0.0378832 -0.446417 -0.000605298 21.5144 0.213143</i>
                        <i>-0.983595 -0.0157221 0.179704 0 0.996195 0.0871557 -0.180391 0.085726 -0.979852 0 21.9905 0.217889</i>
                    </KeyFrames>
                </p>
            </i>
            <i>
                <p>
                    <Name>
                        <![CDATA[blades]]>
</Name>
                    <Exclude>0</Exclude>
                    <Additive>0</Additive>
                    <IKPriority>0</IKPriority>
                    <IKRotLimits>-1e+010 -1e+010 -1e+010 1e+010 1e+010 1e+010</IKRotLimits>
                    <IKRotLimitOrder>0</IKRotLimitOrder>
                    <KeyFrames count="121">
                        <i>0.765247 0 -0.643737 0 1 0 0.643737 0 0.765247 0 4.49895 0</i>
                        <i>0.765247 0 -0.643737 0 1 0 0.643737 0 0.765247 0 4.49895 0</i>
                        <i>0.765247 0 -0.643737 0 1 0 0.643737 0 0.765247 0 4.49895 0</i>
                        <i>0.765247 0 -0.643737 0 1 0 0.643737 0 0.765247 0 4.49895 0</i>
                        <i>0.765247 0 -0.643737 0 1 0 0.643737 0 0.765247 0 4.49895 0</i>
                        <i>0.765247 0 -0.643737 0 1 0 0.643737 0 0.765247 0 4.49895 0</i>
                        <i>0.765247 0 -0.643737 0 1 0 0.643737 0 0.765247 0 4.49895 0</i>
                        <i>0.765247 0 -0.643737 0 1 0 0.643737 0 0.765247 0 4.49895 0</i>
                        <i>0.765247 0 -0.643737 0 1 0 0.643737 0 0.765247 0 4.49895 0</i>
                        <i>0.765247 0 -0.643737 0 1 0 0.643737 0 0.765247 0 4.49895 0</i>
                        <i>0.765247 0 -0.643737 0 1 0 0.643737 0 0.765247 0 4.49895 0</i>
                        <i>0.765247 0 -0.643737 0 1 0 0.643737 0 0.765247 0 4.49895 0</i>
                        <i>0.765247 0 -0.643737 0 1 0 0.643737 0 0.765247 0 4.49895 0</i>
                        <i>0.765247 0 -0.643737 0 1 0 0.643737 0 0.765247 0 4.49895 0</i>
                        <i>0.765247 0 -0.643737 0 1 0 0.643737 0 0.765247 0 4.49895 0</i>
                        <i>0.765247 0 -0.643737 0 1 0 0.643737 0 0.765247 0 4.49895 0</i>
                        <i>0.765247 0 -0.643737 0 1 0 0.643737 0 0.765247 0 4.49895 0</i>
                        <i>0.765247 0 -0.643737 0 1 0 0.643737 0 0.765247 0 4.49895 0</i>
                        <i>0.765247 0 -0.643737 0 1 0 0.643737 0 0.765247 0 4.49895 0</i>
                        <i>0.765247 0 -0.643737 0 1 0 0.643737 0 0.765247 0 4.49895 0</i>
                        <i>0.765247 0 -0.643737 0 1 0 0.643737 0 0.765247 0 4.49895 0</i>
                        <i>0.765247 0 -0.643737 0 1 0 0.643737 0 0.765247 0 4.49895 0</i>
                        <i>0.765247 0 -0.643737 0 1 0 0.643737 0 0.765247 0 4.49895 0</i>
                        <i>0.765247 0 -0.643737 0 1 0 0.643737 0 0.765247 0 4.49895 0</i>
                        <i>0.765247 0 -0.643737 0 1 0 0.643737 0 0.765247 0 4.49895 0</i>
                        <i>0.765247 0 -0.643737 0 1 0 0.643737 0 0.765247 0 4.49895 0</i>
                        <i>0.765247 0 -0.643737 0 1 0 0.643737 0 0.765247 0 4.49895 0</i>
                        <i>0.765247 0 -0.643737 0 1 0 0.643737 0 0.765247 0 4.49895 0</i>
                        <i>0.765247 0 -0.643737 0 1 0 0.643737 0 0.765247 0 4.49895 0</i>
                        <i>0.765247 0 -0.643737 0 1 0 0.643737 0 0.765247 0 4.49895 0</i>
                        <i>0.765247 0 -0.643737 0 1 0 0.643737 0 0.765247 0 4.49895 0</i>
                        <i>0.765247 0 -0.643737 0 1 0 0.643737 0 0.765247 0 4.49895 0</i>
                        <i>0.765247 0 -0.643737 0 1 0 0.643737 0 0.765247 0 4.49895 0</i>
                        <i>0.765247 0 -0.643737 0 1 0 0.643737 0 0.765247 0 4.49895 0</i>
                        <i>0.765247 0 -0.643737 0 1 0 0.643737 0 0.765247 0 4.49895 0</i>
                        <i>0.765247 0 -0.643737 0 1 0 0.643737 0 0.765247 0 4.49895 0</i>
                        <i>0.743245 0.000881479 -0.669019 -0.000598715 1 0.000652427 0.66902 -8.43611e-005 0.743245 2.5752e-021 4.50121 0.00031488</i>
                        <i>0.673384 0.00347022 -0.739285 -0.00212381 0.999994 0.00275951 0.73929 -0.000288109 0.673388 -1.82915e-020 4.5078 0.0011877</i>
                        <i>0.544819 0.00770057 -0.838518 -0.00378262 0.99997 0.00672555 0.838545 -0.000492416 0.544832 2.79415e-019 4.51844 0.00251359</i>
                        <i>0.345005 0.0134792 -0.938504 -0.00416433 0.999909 0.0128303 0.938592 -0.000518266 0.34503 -5.82297e-019 4.53283 0.00418986</i>
                        <i>0.0691023 0.0206093 -0.997397 -0.00127387 0.999788 0.0205704 0.997609 -0.00015091 0.0691139 -4.58751e-020 4.55068 0.00611394</i>
