<?xml version="1.0" encoding="ISO-8859-1" ?>
<Animl Version="1">
    <ModellingPackage><![CDATA[Maya.2010]]></ModellingPackage>
    <SrcFile><![CDATA[anims\preplaced\red\~src\gen_ussr_armor\gen_ussr_armor_shutdown.mb]]></SrcFile>
    <FramesPerSecond>30</FramesPerSecond>
    <TotalFrames>166</TotalFrames>
    <Skeleton>
        <RefFrame>
            <Name><![CDATA[gen_ussr_armor_ref_frame]]></Name>
            <Exclude>0</Exclude>
            <Additive>0</Additive>
            <IKPriority>0</IKPriority>
            <IKRotLimits>-1e+010 -1e+010 -1e+010 1e+010 1e+010 1e+010</IKRotLimits>
            <IKRotLimitOrder>0</IKRotLimitOrder>
            <KeyFrames count="166">
                <i>1 0 0 0 1 0 0 0 1 0 0 0</i>
                <i>1 0 0 0 1 0 0 0 1 0 0 0</i>
                <i>1 0 0 0 1 0 0 0 1 0 0 0</i>
                <i>1 0 0 0 1 0 0 0 1 0 0 0</i>
                <i>1 0 0 0 1 0 0 0 1 0 0 0</i>
                <i>1 0 0 0 1 0 0 0 1 0 0 0</i>
                <i>1 0 0 0 1 0 0 0 1 0 0 0</i>
                <i>1 0 0 0 1 0 0 0 1 0 0 0</i>
                <i>1 0 0 0 1 0 0 0 1 0 0 0</i>
                <i>1 0 0 0 1 0 0 0 1 0 0 0</i>
                <i>1 0 0 0 1 0 0 0 1 0 0 0</i>
                <i>1 0 0 0 1 0 0 0 1 0 0 0</i>
                <i>1 0 0 0 1 0 0 0 1 0 0 0</i>
                <i>1 0 0 0 1 0 0 0 1 0 0 0</i>
                <i>1 0 0 0 1 0 0 0 1 0 0 0</i>
                <i>1 0 0 0 1 0 0 0 1 0 0 0</i>
                <i>1 0 0 0 1 0 0 0 1 0 0 0</i>
                <i>1 0 0 0 1 0 0 0 1 0 0 0</i>
                <i>1 0 0 0 1 0 0 0 1 0 0 0</i>
                <i>1 0 0 0 1 0 0 0 1 0 0 0</i>
                <i>1 0 0 0 1 0 0 0 1 0 0 0</i>
                <i>1 0 0 0 1 0 0 0 1 0 0 0</i>
                <i>1 0 0 0 1 0 0 0 1 0 0 0</i>
                <i>1 0 0 0 1 0 0 0 1 0 0 0</i>
                <i>1 0 0 0 1 0 0 0 1 0 0 0</i>
                <i>1 0 0 0 1 0 0 0 1 0 0 0</i>
                <i>1 0 0 0 1 0 0 0 1 0 0 0</i>
                <i>1 0 0 0 1 0 0 0 1 0 0 0</i>
                <i>1 0 0 0 1 0 0 0 1 0 0 0</i>
                <i>1 0 0 0 1 0 0 0 1 0 0 0</i>
                <i>1 0 0 0 1 0 0 0 1 0 0 0</i>
                <i>1 0 0 0 1 0 0 0 1 0 0 0</i>
                <i>1 0 0 0 1 0 0 0 1 0 0 0</i>
                <i>1 0 0 0 1 0 0 0 1 0 0 0</i>
                <i>1 0 0 0 1 0 0 0 1 0 0 0</i>
                <i>1 0 0 0 1 0 0 0 1 0 0 0</i>
                <i>1 0 0 0 1 0 0 0 1 0 0 0</i>
                <i>1 0 0 0 1 0 0 0 1 0 0 0</i>
                <i>1 0 0 0 1 0 0 0 1 0 0 0</i>
                <i>1 0 0 0 1 0 0 0 1 0 0 0</i>
                <i>1 0 0 0 1 0 0 0 1 0 0 0</i>
                <i>1 0 0 0 1 0 0 0 1 0 0 0</i>
                <i>1 0 0 0 1 0 0 0 1 0 0 0</i>
                <i>1 0 0 0 1 0 0 0 1 0 0 0</i>
                <i>1 0 0 0 1 0 0 0 1 0 0 0</i>
                <i>1 0 0 0 1 0 0 0 1 0 0 0</i>
                <i>1 0 0 0 1 0 0 0 1 0 0 0</i>
                <i>1 0 0 0 1 0 0 0 1 0 0 0</i>
                <i>1 0 0 0 1 0 0 0 1 0 0 0</i>
                <i>1 0 0 0 1 0 0 0 1 0 0 0</i>
                <i>1 0 0 0 1 0 0 0 1 0 0 0</i>
                <i>1 0 0 0 1 0 0 0 1 0 0 0</i>
                <i>1 0 0 0 1 0 0 0 1 0 0 0</i>
                <i>1 0 0 0 1 0 0 0 1 0 0 0</i>
                <i>1 0 0 0 1 0 0 0 1 0 0 0</i>
                <i>1 0 0 0 1 0 0 0 1 0 0 0</i>
                <i>1 0 0 0 1 0 0 0 1 0 0 0</i>
                <i>1 0 0 0 1 0 0 0 1 0 0 0</i>
                <i>1 0 0 0 1 0 0 0 1 0 0 0</i>
                <i>1 0 0 0 1 0 0 0 1 0 0 0</i>
                <i>1 0 0 0 1 0 0 0 1 0 0 0</i>
                <i>1 0 0 0 1 0 0 0 1 0 0 0</i>
                <i>1 0 0 0 1 0 0 0 1 0 0 0</i>
                <i>1 0 0 0 1 0 0 0 1 0 0 0</i>
                <i>1 0 0 0 1 0 0 0 1 0 0 0</i>
                <i>1 0 0 0 1 0 0 0 1 0 0 0</i>
                <i>1 0 0 0 1 0 0 0 1 0 0 0</i>
                <i>1 0 0 0 1 0 0 0 1 0 0 0</i>
                <i>1 0 0 0 1 0 0 0 1 0 0 0</i>
                <i>1 0 0 0 1 0 0 0 1 0 0 0</i>
                <i>1 0 0 0 1 0 0 0 1 0 0 0</i>
                <i>1 0 0 0 1 0 0 0 1 0 0 0</i>
                <i>1 0 0 0 1 0 0 0 1 0 0 0</i>
                <i>1 0 0 0 1 0 0 0 1 0 0 0</i>
                <i>1 0 0 0 1 0 0 0 1 0 0 0</i>
                <i>1 0 0 0 1 0 0 0 1 0 0 0</i>
                <i>1 0 0 0 1 0 0 0 1 0 0 0</i>
                <i>1 0 0 0 1 0 0 0 1 0 0 0</i>
                <i>1 0 0 0 1 0 0 0 1 0 0 0</i>
                <i>1 0 0 0 1 0 0 0 1 0 0 0</i>
                <i>1 0 0 0 1 0 0 0 1 0 0 0</i>
                <i>1 0 0 0 1 0 0 0 1 0 0 0</i>
                <i>1 0 0 0 1 0 0 0 1 0 0 0</i>
                <i>1 0 0 0 1 0 0 0 1 0 0 0</i>
                <i>1 0 0 0 1 0 0 0 1 0 0 0</i>
                <i>1 0 0 0 1 0 0 0 1 0 0 0</i>
                <i>1 0 0 0 1 0 0 0 1 0 0 0</i>
                <i>1 0 0 0 1 0 0 0 1 0 0 0</i>
                <i>1 0 0 0 1 0 0 0 1 0 0 0</i>
                <i>1 0 0 0 1 0 0 0 1 0 0 0</i>
                <i>1 0 0 0 1 0 0 0 1 0 0 0</i>
                <i>1 0 0 0 1 0 0 0 1 0 0 0</i>
                <i>1 0 0 0 1 0 0 0 1 0 0 0</i>
                <i>1 0 0 0 1 0 0 0 1 0 0 0</i>
                <i>1 0 0 0 1 0 0 0 1 0 0 0</i>
                <i>1 0 0 0 1 0 0 0 1 0 0 0</i>
                <i>1 0 0 0 1 0 0 0 1 0 0 0</i>
                <i>1 0 0 0 1 0 0 0 1 0 0 0</i>
                <i>1 0 0 0 1 0 0 0 1 0 0 0</i>
                <i>1 0 0 0 1 0 0 0 1 0 0 0</i>
                <i>1 0 0 0 1 0 0 0 1 0 0 0</i>
                <i>1 0 0 0 1 0 0 0 1 0 0 0</i>
                <i>1 0 0 0 1 0 0 0 1 0 0 0</i>
                <i>1 0 0 0 1 0 0 0 1 0 0 0</i>
                <i>1 0 0 0 1 0 0 0 1 0 0 0</i>
                <i>1 0 0 0 1 0 0 0 1 0 0 0</i>
                <i>1 0 0 0 1 0 0 0 1 0 0 0</i>
                <i>1 0 0 0 1 0 0 0 1 0 0 0</i>
                <i>1 0 0 0 1 0 0 0 1 0 0 0</i>
                <i>1 0 0 0 1 0 0 0 1 0 0 0</i>
                <i>1 0 0 0 1 0 0 0 1 0 0 0</i>
                <i>1 0 0 0 1 0 0 0 1 0 0 0</i>
                <i>1 0 0 0 1 0 0 0 1 0 0 0</i>
                <i>1 0 0 0 1 0 0 0 1 0 0 0</i>
                <i>1 0 0 0 1 0 0 0 1 0 0 0</i>
                <i>1 0 0 0 1 0 0 0 1 0 0 0</i>
                <i>1 0 0 0 1 0 0 0 1 0 0 0</i>
                <i>1 0 0 0 1 0 0 0 1 0 0 0</i>
                <i>1 0 0 0 1 0 0 0 1 0 0 0</i>
                <i>1 0 0 0 1 0 0 0 1 0 0 0</i>
                <i>1 0 0 0 1 0 0 0 1 0 0 0</i>
                <i>1 0 0 0 1 0 0 0 1 0 0 0</i>
                <i>1 0 0 0 1 0 0 0 1 0 0 0</i>
                <i>1 0 0 0 1 0 0 0 1 0 0 0</i>
                <i>1 0 0 0 1 0 0 0 1 0 0 0</i>
                <i>1 0 0 0 1 0 0 0 1 0 0 0</i>
                <i>1 0 0 0 1 0 0 0 1 0 0 0</i>
                <i>1 0 0 0 1 0 0 0 1 0 0 0</i>
                <i>1 0 0 0 1 0 0 0 1 0 0 0</i>
                <i>1 0 0 0 1 0 0 0 1 0 0 0</i>
                <i>1 0 0 0 1 0 0 0 1 0 0 0</i>
                <i>1 0 0 0 1 0 0 0 1 0 0 0</i>
                <i>1 0 0 0 1 0 0 0 1 0 0 0</i>
                <i>1 0 0 0 1 0 0 0 1 0 0 0</i>
                <i>1 0 0 0 1 0 0 0 1 0 0 0</i>
                <i>1 0 0 0 1 0 0 0 1 0 0 0</i>
                <i>1 0 0 0 1 0 0 0 1 0 0 0</i>
                <i>1 0 0 0 1 0 0 0 1 0 0 0</i>
                <i>1 0 0 0 1 0 0 0 1 0 0 0</i>
                <i>1 0 0 0 1 0 0 0 1 0 0 0</i>
                <i>1 0 0 0 1 0 0 0 1 0 0 0</i>
                <i>1 0 0 0 1 0 0 0 1 0 0 0</i>
                <i>1 0 0 0 1 0 0 0 1 0 0 0</i>
                <i>1 0 0 0 1 0 0 0 1 0 0 0</i>
                <i>1 0 0 0 1 0 0 0 1 0 0 0</i>
                <i>1 0 0 0 1 0 0 0 1 0 0 0</i>
                <i>1 0 0 0 1 0 0 0 1 0 0 0</i>
                <i>1 0 0 0 1 0 0 0 1 0 0 0</i>
                <i>1 0 0 0 1 0 0 0 1 0 0 0</i>
                <i>1 0 0 0 1 0 0 0 1 0 0 0</i>
                <i>1 0 0 0 1 0 0 0 1 0 0 0</i>
                <i>1 0 0 0 1 0 0 0 1 0 0 0</i>
                <i>1 0 0 0 1 0 0 0 1 0 0 0</i>
                <i>1 0 0 0 1 0 0 0 1 0 0 0</i>
                <i>1 0 0 0 1 0 0 0 1 0 0 0</i>
                <i>1 0 0 0 1 0 0 0 1 0 0 0</i>
                <i>1 0 0 0 1 0 0 0 1 0 0 0</i>
                <i>1 0 0 0 1 0 0 0 1 0 0 0</i>
                <i>1 0 0 0 1 0 0 0 1 0 0 0</i>
                <i>1 0 0 0 1 0 0 0 1 0 0 0</i>
                <i>1 0 0 0 1 0 0 0 1 0 0 0</i>
                <i>1 0 0 0 1 0 0 0 1 0 0 0</i>
                <i>1 0 0 0 1 0 0 0 1 0 0 0</i>
                <i>1 0 0 0 1 0 0 0 1 0 0 0</i>
                <i>1 0 0 0 1 0 0 0 1 0 0 0</i>
                <i>1 0 0 0 1 0 0 0 1 0 0 0</i>
            </KeyFrames>
        </RefFrame>
        <Bones count="7">
            <i>
                <p>
                    <Name><![CDATA[gen_ussr_armor_root]]></Name>
                    <Exclude>0</Exclude>
                    <Additive>0</Additive>
                    <IKPriority>0</IKPriority>
                    <IKRotLimits>-1e+010 -1e+010 -1e+010 1e+010 1e+010 1e+010</IKRotLimits>
                    <IKRotLimitOrder>0</IKRotLimitOrder>
                    <KeyFrames count="166">
                        <i>1 0 0 0 1 0 0 0 1 0 0 10</i>
                        <i>1 0 0 0 1 0 0 0 1 0 0 10</i>
                        <i>1 0 0 0 1 0 0 0 1 0 0 10</i>
                        <i>1 0 0 0 1 0 0 0 1 0 0 10</i>
                        <i>1 0 0 0 1 0 0 0 1 0 0 10</i>
                        <i>1 0 0 0 1 0 0 0 1 0 0 10</i>
                        <i>1 0 0 0 1 0 0 0 1 0 0 10</i>
                        <i>1 0 0 0 1 0 0 0 1 0 0 10</i>
                        <i>1 0 0 0 1 0 0 0 1 0 0 10</i>
                        <i>1 0 0 0 1 0 0 0 1 0 0 10</i>
                        <i>1 0 0 0 1 0 0 0 1 0 0 10</i>
                        <i>1 0 0 0 1 0 0 0 1 0 0 10</i>
                        <i>1 0 0 0 1 0 0 0 1 0 0 10</i>
                        <i>1 0 0 0 1 0 0 0 1 0 0 10</i>
                        <i>1 0 0 0 1 0 0 0 1 0 0 10</i>
                        <i>1 0 0 0 1 0 0 0 1 0 0 10</i>
                        <i>1 0 0 0 1 0 0 0 1 0 0 10</i>
                        <i>1 0 0 0 1 0 0 0 1 0 0 10</i>
                        <i>1 0 0 0 1 0 0 0 1 0 0 10</i>
                        <i>1 0 0 0 1 0 0 0 1 0 0 10</i>
                        <i>1 0 0 0 1 0 0 0 1 0 0 10</i>
                        <i>1 0 0 0 1 0 0 0 1 0 0 10</i>
                        <i>1 0 0 0 1 0 0 0 1 0 0 10</i>
                        <i>1 0 0 0 1 0 0 0 1 0 0 10</i>
                        <i>1 0 0 0 1 0 0 0 1 0 0 10</i>
                        <i>1 0 0 0 1 0 0 0 1 0 0 10</i>
                        <i>1 0 0 0 1 0 0 0 1 0 0 10</i>
                        <i>1 0 0 0 1 0 0 0 1 0 0 10</i>
                        <i>1 0 0 0 1 0 0 0 1 0 0 10</i>
                        <i>1 0 0 0 1 0 0 0 1 0 0 10</i>
                        <i>1 0 0 0 1 0 0 0 1 0 0 10</i>
                        <i>1 0 0 0 1 0 0 0 1 0 0 10</i>
                        <i>1 0 0 0 1 0 0 0 1 0 0 10</i>
                        <i>1 0 0 0 1 0 0 0 1 0 0 10</i>
                        <i>1 0 0 0 1 0 0 0 1 0 0 10</i>
                        <i>1 0 0 0 1 0 0 0 1 0 0 10</i>
                        <i>1 0 0 0 1 0 0 0 1 0 0 10</i>
                        <i>1 0 0 0 1 0 0 0 1 0 0 10</i>
                        <i>1 0 0 0 1 0 0 0 1 0 0 10</i>
                        <i>1 0 0 0 1 0 0 0 1 0 0 10</i>
                        <i>1 0 0 0 1 0 0 0 1 0 0 10</i>
                        <i>1 0 0 0 1 0 0 0 1 0 0 10</i>
                        <i>1 0 0 0 1 0 0 0 1 0 0 10</i>
                        <i>1 0 0 0 1 0 0 0 1 0 0 10</i>
                        <i>1 0 0 0 1 0 0 0 1 0 0 10</i>
                        <i>1 0 0 0 1 0 0 0 1 0 0 10</i>
                        <i>1 0 0 0 1 0 0 0 1 0 0 10</i>
                        <i>1 0 0 0 1 0 0 0 1 0 0 10</i>
                        <i>1 0 0 0 1 0 0 0 1 0 0 10</i>
                        <i>1 0 0 0 1 0 0 0 1 0 0 10</i>
                        <i>1 0 0 0 1 0 0 0 1 0 0 10</i>
                        <i>1 0 0 0 1 0 0 0 1 0 0 10</i>
                        <i>1 0 0 0 1 0 0 0 1 0 0 10</i>
                        <i>1 0 0 0 1 0 0 0 1 0 0 10</i>
                        <i>1 0 0 0 1 0 0 0 1 0 0 10</i>
                        <i>1 0 0 0 1 0 0 0 1 0 0 10</i>
                        <i>1 0 0 0 1 0 0 0 1 0 0 10</i>
                        <i>1 0 0 0 1 0 0 0 1 0 0 10</i>
                        <i>1 0 0 0 1 0 0 0 1 0 0 10</i>
                        <i>1 0 0 0 1 0 0 0 1 0 0 10</i>
                        <i>1 0 0 0 1 0 0 0 1 0 0 10</i>
                        <i>1 0 0 0 1 0 0 0 1 0 0 10</i>
                        <i>1 0 0 0 1 0 0 0 1 0 0 10</i>
                        <i>1 0 0 0 1 0 0 0 1 0 0 10</i>
                        <i>1 0 0 0 1 0 0 0 1 0 0 10</i>
                        <i>1 0 0 0 1 0 0 0 1 0 0 10</i>
                        <i>1 0 0 0 1 0 0 0 1 0 0 10</i>
                        <i>1 0 0 0 1 0 0 0 1 0 0 10</i>
                        <i>1 0 0 0 1 0 0 0 1 0 0 10</i>
                        <i>1 0 0 0 1 0 0 0 1 0 0 10</i>
                        <i>1 0 0 0 1 0 0 0 1 0 0 10</i>
                        <i>1 0 0 0 1 0 0 0 1 0 0 10</i>
                        <i>1 0 0 0 1 0 0 0 1 0 0 10</i>
                        <i>1 0 0 0 1 0 0 0 1 0 0 10</i>
                        <i>1 0 0 0 1 0 0 0 1 0 0 10</i>
                        <i>1 0 0 0 1 0 0 0 1 0 0 10</i>
                        <i>1 0 0 0 1 0 0 0 1 0 0 10</i>
                        <i>1 0 0 0 1 0 0 0 1 0 0 10</i>
                        <i>1 0 0 0 1 0 0 0 1 0 0 10</i>
                        <i>1 0 0 0 1 0 0 0 1 0 0 10</i>
                        <i>1 0 0 0 1 0 0 0 1 0 0 10</i>
                        <i>1 0 0 0 1 0 0 0 1 0 0 10</i>
                        <i>1 0 0 0 1 0 0 0 1 0 0 10</i>
                        <i>1 0 0 0 1 0 0 0 1 0 0 10</i>
                        <i>1 0 0 0 1 0 0 0 1 0 0 10</i>
                        <i>1 0 0 0 1 0 0 0 1 0 0 10</i>
                        <i>1 0 0 0 1 0 0 0 1 0 0 10</i>
                        <i>1 0 0 0 1 0 0 0 1 0 0 10</i>
                        <i>1 0 0 0 1 0 0 0 1 0 0 10</i>
                        <i>1 0 0 0 1 0 0 0 1 0 0 10</i>
                        <i>1 0 0 0 1 0 0 0 1 0 0 10</i>
                        <i>1 0 0 0 1 0 0 0 1 0 0 10</i>
                        <i>1 0 0 0 1 0 0 0 1 0 0 10</i>
                        <i>1 0 0 0 1 0 0 0 1 0 0 10</i>
                        <i>1 0 0 0 1 0 0 0 1 0 0 10</i>
                        <i>1 0 0 0 1 0 0 0 1 0 0 10</i>
                        <i>1 0 0 0 1 0 0 0 1 0 0 10</i>
                        <i>1 0 0 0 1 0 0 0 1 0 0 10</i>
                        <i>1 0 0 0 1 0 0 0 1 0 0 10</i>
                        <i>1 0 0 0 1 0 0 0 1 0 0 10</i>
                        <i>1 0 0 0 1 0 0 0 1 0 0 10</i>
                        <i>1 0 0 0 1 0 0 0 1 0 0 10</i>
                        <i>1 0 0 0 1 0 0 0 1 0 0 10</i>
                        <i>1 0 0 0 1 0 0 0 1 0 0 10</i>
                        <i>1 0 0 0 1 0 0 0 1 0 0 10</i>
                        <i>1 0 0 0 1 0 0 0 1 0 0 10</i>
                        <i>1 0 0 0 1 0 0 0 1 0 0 10</i>
                        <i>1 0 0 0 1 0 0 0 1 0 0 10</i>
                        <i>1 0 0 0 1 0 0 0 1 0 0 10</i>
                        <i>1 0 0 0 1 0 0 0 1 0 0 10</i>
                        <i>1 0 0 0 1 0 0 0 1 0 0 10</i>
                        <i>1 0 0 0 1 0 0 0 1 0 0 10</i>
                        <i>1 0 0 0 1 0 0 0 1 0 0 10</i>
                        <i>1 0 0 0 1 0 0 0 1 0 0 10</i>
                        <i>1 0 0 0 1 0 0 0 1 0 0 10</i>
                        <i>1 0 0 0 1 0 0 0 1 0 0 10</i>
                        <i>1 0 0 0 1 0 0 0 1 0 0 10</i>
                        <i>1 0 0 0 1 0 0 0 1 0 0 10</i>
                        <i>1 0 0 0 1 0 0 0 1 0 0 10</i>
                        <i>1 0 0 0 1 0 0 0 1 0 0 10</i>
                        <i>1 0 0 0 1 0 0 0 1 0 0 10</i>
                        <i>1 0 0 0 1 0 0 0 1 0 0 10</i>
                        <i>1 0 0 0 1 0 0 0 1 0 0 10</i>
                        <i>1 0 0 0 1 0 0 0 1 0 0 10</i>
                        <i>1 0 0 0 1 0 0 0 1 0 0 10</i>
                        <i>1 0 0 0 1 0 0 0 1 0 0 10</i>
                        <i>1 0 0 0 1 0 0 0 1 0 0 10</i>
                        <i>1 0 0 0 1 0 0 0 1 0 0 10</i>
                        <i>1 0 0 0 1 0 0 0 1 0 0 10</i>
                        <i>1 0 0 0 1 0 0 0 1 0 0 10</i>
                        <i>1 0 0 0 1 0 0 0 1 0 0 10</i>
                        <i>1 0 0 0 1 0 0 0 1 0 0 10</i>
                        <i>1 0 0 0 1 0 0 0 1 0 0 10</i>
                        <i>1 0 0 0 1 0 0 0 1 0 0 10</i>
                        <i>1 0 0 0 1 0 0 0 1 0 0 10</i>
                        <i>1 0 0 0 1 0 0 0 1 0 0 10</i>
                        <i>1 0 0 0 1 0 0 0 1 0 0 10</i>
                        <i>1 0 0 0 1 0 0 0 1 0 0 10</i>
                        <i>1 0 0 0 1 0 0 0 1 0 0 10</i>
                        <i>1 0 0 0 1 0 0 0 1 0 0 10</i>
                        <i>1 0 0 0 1 0 0 0 1 0 0 10</i>
                        <i>1 0 0 0 1 0 0 0 1 0 0 10</i>
                        <i>1 0 0 0 1 0 0 0 1 0 0 10</i>
                        <i>1 0 0 0 1 0 0 0 1 0 0 10</i>
                        <i>1 0 0 0 1 0 0 0 1 0 0 10</i>
                        <i>1 0 0 0 1 0 0 0 1 0 0 10</i>
                        <i>1 0 0 0 1 0 0 0 1 0 0 10</i>
                        <i>1 0 0 0 1 0 0 0 1 0 0 10</i>
                        <i>1 0 0 0 1 0 0 0 1 0 0 10</i>
                        <i>1 0 0 0 1 0 0 0 1 0 0 10</i>
                        <i>1 0 0 0 1 0 0 0 1 0 0 10</i>
                        <i>1 0 0 0 1 0 0 0 1 0 0 10</i>
                        <i>1 0 0 0 1 0 0 0 1 0 0 10</i>
                        <i>1 0 0 0 1 0 0 0 1 0 0 10</i>
                        <i>1 0 0 0 1 0 0 0 1 0 0 10</i>
                        <i>1 0 0 0 1 0 0 0 1 0 0 10</i>
                        <i>1 0 0 0 1 0 0 0 1 0 0 10</i>
                        <i>1 0 0 0 1 0 0 0 1 0 0 10</i>
                        <i>1 0 0 0 1 0 0 0 1 0 0 10</i>
                        <i>1 0 0 0 1 0 0 0 1 0 0 10</i>
                        <i>1 0 0 0 1 0 0 0 1 0 0 10</i>
                        <i>1 0 0 0 1 0 0 0 1 0 0 10</i>
                        <i>1 0 0 0 1 0 0 0 1 0 0 10</i>
                        <i>1 0 0 0 1 0 0 0 1 0 0 10</i>
                        <i>1 0 0 0 1 0 0 0 1 0 0 10</i>
                        <i>1 0 0 0 1 0 0 0 1 0 0 10</i>
                    </KeyFrames>
                </p>
            </i>
            <i>
                <p>
                    <Name><![CDATA[spotlight_base]]></Name>
                    <Exclude>0</Exclude>
                    <Additive>0</Additive>
                    <IKPriority>0</IKPriority>
                    <IKRotLimits>-1e+010 -1e+010 -1e+010 1e+010 1e+010 1e+010</IKRotLimits>
                    <IKRotLimitOrder>0</IKRotLimitOrder>
                    <KeyFrames count="166">
                        <i>-1 0 -1.22465e-016 0 1 0 1.22465e-016 0 -1 15.3266 17.2871 13.3665</i>
                        <i>-0.996407 0 0.0846905 0 1 0 -0.0846905 0 -0.996407 15.3266 17.2871 13.3665</i>
                        <i>-0.984971 0 0.172721 0 1 0 -0.172721 0 -0.984971 15.3266 17.2871 13.3665</i>
                        <i>-0.964816 0 0.262928 0 1 0 -0.262928 0 -0.964816 15.3266 17.2871 13.3665</i>
                        <i>-0.935247 0 0.353995 0 1 0 -0.353995 0 -0.935247 15.3266 17.2871 13.3665</i>
                        <i>-0.895785 0 0.444487 0 1 0 -0.444487 0 -0.895785 15.3266 17.2871 13.3665</i>
                        <i>-0.846193 0 0.532877 0 1 0 -0.532877 0 -0.846193 15.3266 17.2871 13.3665</i>
                        <i>-0.786496 0 0.617596 0 1 0 -0.617596 0 -0.786496 15.3266 17.2871 13.3665</i>
                        <i>-0.716995 0 0.697078 0 1 0 -0.697078 0 -0.716995 15.3266 17.2871 13.3665</i>
                        <i>-0.638269 0 0.769814 0 1 0 -0.769814 0 -0.638269 15.3266 17.2871 13.3665</i>
                        <i>-0.551159 0 0.8344 0 1 0 -0.8344 0 -0.551159 15.3266 17.2871 13.3665</i>
                        <i>-0.456753 0 0.889593 0 1 0 -0.889593 0 -0.456753 15.3266 17.2871 13.3665</i>
                        <i>-0.35635 0 0.934352 0 1 0 -0.934352 0 -0.35635 15.3266 17.2871 13.3665</i>
                        <i>-0.251419 0 0.967878 0 1 0 -0.967878 0 -0.251419 15.3266 17.2871 13.3665</i>
                        <i>-0.143551 0 0.989643 0 1 0 -0.989643 0 -0.143551 15.3266 17.2871 13.3665</i>
                        <i>-0.0344023 0 0.999408 0 1 0 -0.999408 0 -0.0344023 15.3266 17.2871 13.3665</i>
                        <i>0.0743603 0 0.997231 0 1 0 -0.997231 0 0.0743603 15.3266 17.2871 13.3665</i>
                        <i>0.181117 0 0.983462 0 1 0 -0.983462 0 0.181117 15.3266 17.2871 13.3665</i>
                        <i>0.284349 0 0.958721 0 1 0 -0.958721 0 0.284349 15.3266 17.2871 13.3665</i>
                        <i>0.382684 0 0.923879 0 1 0 -0.923879 0 0.382684 15.3266 17.2871 13.3665</i>
                        <i>0.47494 0 0.880018 0 1 0 -0.880018 0 0.47494 15.3266 17.2871 13.3665</i>
                        <i>0.560156 0 0.828387 0 1 0 -0.828387 0 0.560156 15.3266 17.2871 13.3665</i>
                        <i>0.637608 0 0.770361 0 1 0 -0.770361 0 0.637608 15.3266 17.2871 13.3665</i>
                        <i>0.706823 0 0.70739 0 1 0 -0.70739 0 0.706823 15.3266 17.2871 13.3665</i>
                        <i>0.76758 0 0.640954 0 1 0 -0.640954 0 0.76758 15.3266 17.2871 13.3665</i>
                        <i>0.819892 0 0.572518 0 1 0 -0.572518 0 0.819892 15.3266 17.2871 13.3665</i>
                        <i>0.863996 0 0.503499 0 1 0 -0.503499 0 0.863996 15.3266 17.2871 13.3665</i>
                        <i>0.900319 0 0.435232 0 1 0 -0.435232 0 0.900319 15.3266 17.2871 13.3665</i>
                        <i>0.929452 0 0.368942 0 1 0 -0.368942 0 0.929452 15.3266 17.2871 13.3665</i>
                        <i>0.952116 0 0.305737 0 1 0 -0.305737 0 0.952116 15.3266 17.2871 13.3665</i>
                        <i>0.969119 0 0.246595 0 1 0 -0.246595 0 0.969119 15.3266 17.2871 13.3665</i>
                        <i>0.981323 0 0.192366 0 1 0 -0.192366 0 0.981323 15.3266 17.2871 13.3665</i>
                        <i>0.98961 0 0.143778 0 1 0 -0.143778 0 0.98961 15.3266 17.2871 13.3665</i>
                        <i>0.994841 0 0.101449 0 1 0 -0.101449 0 0.994841 15.3266 17.2871 13.3665</i>
                        <i>0.997826 0 0.0659076 0 1 0 -0.0659076 0 0.997826 15.3266 17.2871 13.3665</i>
                        <i>0.999293 0 0.0376064 0 1 0 -0.0376064 0 0.999293 15.3266 17.2871 13.3665</i>
                        <i>0.999856 0 0.0169461 0 1 0 -0.0169461 0 0.999856 15.3266 17.2871 13.3665</i>
                        <i>0.999991 0 0.00429396 0 1 0 -0.00429396 0 0.999991 15.3266 17.2871 13.3665</i>
                        <i>1 0 2.44929e-016 0 1 0 -2.44929e-016 0 1 15.3266 17.2871 13.3665</i>
                        <i>1 0 2.44929e-016 0 1 0 -2.44929e-016 0 1 15.3266 17.2871 13.3665</i>
                        <i>1 0 2.44929e-016 0 1 0 -2.44929e-016 0 1 15.3266 17.2871 13.3665</i>
                        <i>1 0 2.44929e-016 0 1 0 -2.44929e-016 0 1 15.3266 17.2871 13.3665</i>
                        <i>1 0 2.44929e-016 0 1 0 -2.44929e-016 0 1 15.3266 17.2871 13.3665</i>
                        <i>1 0 2.44929e-016 0 1 0 -2.44929e-016 0 1 15.3266 17.2871 13.3665</i>
                        <i>1 0 2.44929e-016 0 1 0 -2.44929e-016 0 1 15.3266 17.2871 13.3665</i>
                        <i>1 0 2.44929e-016 0 1 0 -2.44929e-016 0 1 15.3266 17.2871 13.3665</i>
                        <i>1 0 2.44929e-016 0 1 0 -2.44929e-016 0 1 15.3266 17.2871 13.3665</i>
                        <i>1 0 2.44929e-016 0 1 0 -2.44929e-016 0 1 15.3266 17.2871 13.3665</i>
                        <i>1 0 2.44929e-016 0 1 0 -2.44929e-016 0 1 15.3266 17.2871 13.3665</i>
                        <i>1 0 2.44929e-016 0 1 0 -2.44929e-016 0 1 15.3266 17.2871 13.3665</i>
                        <i>1 0 2.44929e-016 0 1 0 -2.44929e-016 0 1 15.3266 17.2871 13.3665</i>
                        <i>1 0 2.44929e-016 0 1 0 -2.44929e-016 0 1 15.3266 17.2871 13.3665</i>
                        <i>1 0 2.44929e-016 0 1 0 -2.44929e-016 0 1 15.3266 17.2871 13.3665</i>
                        <i>1 0 2.44929e-016 0 1 0 -2.44929e-016 0 1 15.3266 17.2871 13.3665</i>
                        <i>1 0 2.44929e-016 0 1 0 -2.44929e-016 0 1 15.3266 17.2871 13.3665</i>
                        <i>1 0 2.44929e-016 0 1 0 -2.44929e-016 0 1 15.3266 17.2871 13.3665</i>
                        <i>1 0 2.44929e-016 0 1 0 -2.44929e-016 0 1 15.3266 17.2871 13.3665</i>
                        <i>1 0 2.44929e-016 0 1 0 -2.44929e-016 0 1 15.3266 17.2871 13.3665</i>
                        <i>1 0 2.44929e-016 0 1 0 -2.44929e-016 0 1 15.3266 17.2871 13.3665</i>
                        <i>1 0 2.44929e-016 0 1 0 -2.44929e-016 0 1 15.3266 17.2871 13.3665</i>
                        <i>1 0 2.44929e-016 0 1 0 -2.44929e-016 0 1 15.3266 17.2871 13.3665</i>
                        <i>1 0 2.44929e-016 0 1 0 -2.44929e-016 0 1 15.3266 17.2871 13.3665</i>
                        <i>1 0 2.44929e-016 0 1 0 -2.44929e-016 0 1 15.3266 17.2871 13.3665</i>
                        <i>1 0 2.44929e-016 0 1 0 -2.44929e-016 0 1 15.3266 17.2871 13.3665</i>
                        <i>1 0 2.44929e-016 0 1 0 -2.44929e-016 0 1 15.3266 17.2871 13.3665</i>
                        <i>1 0 2.44929e-016 0 1 0 -2.44929e-016 0 1 15.3266 17.2871 13.3665</i>
                        <i>1 0 2.44929e-016 0 1 0 -2.44929e-016 0 1 15.3266 17.2871 13.3665</i>
                        <i>1 0 2.44929e-016 0 1 0 -2.44929e-016 0 1 15.3266 17.2871 13.3665</i>
                        <i>1 0 2.44929e-016 0 1 0 -2.44929e-016 0 1 15.3266 17.2871 13.3665</i>
                        <i>1 0 2.44929e-016 0 1 0 -2.44929e-016 0 1 15.3266 17.2871 13.3665</i>
                        <i>1 0 2.44929e-016 0 1 0 -2.44929e-016 0 1 15.3266 17.2871 13.3665</i>
                        <i>1 0 2.44929e-016 0 1 0 -2.44929e-016 0 1 15.3266 17.2871 13.3665</i>
                        <i>1 0 2.44929e-016 0 1 0 -2.44929e-016 0 1 15.3266 17.2871 13.3665</i>
                        <i>1 0 2.44929e-016 0 1 0 -2.44929e-016 0 1 15.3266 17.2871 13.3665</i>
                        <i>1 0 2.44929e-016 0 1 0 -2.44929e-016 0 1 15.3266 17.2871 13.3665</i>
                        <i>1 0 2.44929e-016 0 1 0 -2.44929e-016 0 1 15.3266 17.2871 13.3665</i>
                        <i>1 0 2.44929e-016 0 1 0 -2.44929e-016 0 1 15.3266 17.2871 13.3665</i>
                        <i>1 0 2.44929e-016 0 1 0 -2.44929e-016 0 1 15.3266 17.2871 13.3665</i>
                        <i>1 0 2.44929e-016 0 1 0 -2.44929e-016 0 1 15.3266 17.2871 13.3665</i>
                        <i>1 0 2.44929e-016 0 1 0 -2.44929e-016 0 1 15.3266 17.2871 13.3665</i>
                        <i>1 0 2.44929e-016 0 1 0 -2.44929e-016 0 1 15.3266 17.2871 13.3665</i>
                        <i>1 0 2.44929e-016 0 1 0 -2.44929e-016 0 1 15.3266 17.2871 13.3665</i>
                        <i>1 0 2.44929e-016 0 1 0 -2.44929e-016 0 1 15.3266 17.2871 13.3665</i>
                        <i>1 0 2.44929e-016 0 1 0 -2.44929e-016 0 1 15.3266 17.2871 13.3665</i>
                        <i>1 0 2.44929e-016 0 1 0 -2.44929e-016 0 1 15.3266 17.2871 13.3665</i>
                        <i>1 0 2.44929e-016 0 1 0 -2.44929e-016 0 1 15.3266 17.2871 13.3665</i>
                        <i>1 0 2.44929e-016 0 1 0 -2.44929e-016 0 1 15.3266 17.2871 13.3665</i>
                        <i>1 0 2.44929e-016 0 1 0 -2.44929e-016 0 1 15.3266 17.2871 13.3665</i>
                        <i>1 0 2.44929e-016 0 1 0 -2.44929e-016 0 1 15.3266 17.2871 13.3665</i>
                        <i>1 0 2.44929e-016 0 1 0 -2.44929e-016 0 1 15.3266 17.2871 13.3665</i>
                        <i>1 0 2.44929e-016 0 1 0 -2.44929e-016 0 1 15.3266 17.2871 13.3665</i>
                        <i>1 0 2.44929e-016 0 1 0 -2.44929e-016 0 1 15.3266 17.2871 13.3665</i>
                        <i>1 0 2.44929e-016 0 1 0 -2.44929e-016 0 1 15.3266 17.2871 13.3665</i>
                        <i>1 0 2.44929e-016 0 1 0 -2.44929e-016 0 1 15.3266 17.2871 13.3665</i>
                        <i>1 0 2.44929e-016 0 1 0 -2.44929e-016 0 1 15.3266 17.2871 13.3665</i>
                        <i>1 0 2.44929e-016 0 1 0 -2.44929e-016 0 1 15.3266 17.2871 13.3665</i>
                        <i>1 0 2.44929e-016 0 1 0 -2.44929e-016 0 1 15.3266 17.2871 13.3665</i>
                        <i>1 0 2.44929e-016 0 1 0 -2.44929e-016 0 1 15.3266 17.2871 13.3665</i>
                        <i>1 0 2.44929e-016 0 1 0 -2.44929e-016 0 1 15.3266 17.2871 13.3665</i>
                        <i>1 0 2.44929e-016 0 1 0 -2.44929e-016 0 1 15.3266 17.2871 13.3665</i>
                        <i>1 0 2.44929e-016 0 1 0 -2.44929e-016 0 1 15.3266 17.2871 13.3665</i>
                        <i>1 0 2.44929e-016 0 1 0 -2.44929e-016 0 1 15.3266 17.2871 13.3665</i>
                        <i>1 0 2.44929e-016 0 1 0 -2.44929e-016 0 1 15.3266 17.2871 13.3665</i>
                        <i>1 0 2.44929e-016 0 1 0 -2.44929e-016 0 1 15.3266 17.2871 13.3665</i>
                        <i>1 0 2.44929e-016 0 1 0 -2.44929e-016 0 1 15.3266 17.2871 13.3665</i>
                        <i>1 0 2.44929e-016 0 1 0 -2.44929e-016 0 1 15.3266 17.2871 13.3665</i>
                        <i>1 0 2.44929e-016 0 1 0 -2.44929e-016 0 1 15.3266 17.2871 13.3665</i>
                        <i>1 0 2.44929e-016 0 1 0 -2.44929e-016 0 1 15.3266 17.2871 13.3665</i>
                        <i>1 0 2.44929e-016 0 1 0 -2.44929e-016 0 1 15.3266 17.2871 13.3665</i>
                        <i>1 0 2.44929e-016 0 1 0 -2.44929e-016 0 1 15.3266 17.2871 13.3665</i>
                        <i>1 0 2.44929e-016 0 1 0 -2.44929e-016 0 1 15.3266 17.2871 13.3665</i>
                        <i>1 0 2.44929e-016 0 1 0 -2.44929e-016 0 1 15.3266 17.2871 13.3665</i>
                        <i>1 0 2.44929e-016 0 1 0 -2.44929e-016 0 1 15.3266 17.2871 13.3665</i>
                        <i>1 0 2.44929e-016 0 1 0 -2.44929e-016 0 1 15.3266 17.2871 13.3665</i>
                        <i>1 0 2.44929e-016 0 1 0 -2.44929e-016 0 1 15.3266 17.2871 13.3665</i>
                        <i>1 0 2.44929e-016 0 1 0 -2.44929e-016 0 1 15.3266 17.2871 13.3665</i>
                        <i>1 0 2.44929e-016 0 1 0 -2.44929e-016 0 1 15.3266 17.2871 13.3665</i>
                        <i>1 0 2.44929e-016 0 1 0 -2.44929e-016 0 1 15.3266 17.2871 13.3665</i>
                        <i>1 0 2.44929e-016 0 1 0 -2.44929e-016 0 1 15.3266 17.2871 13.3665</i>
                        <i>1 0 2.44929e-016 0 1 0 -2.44929e-016 0 1 15.3266 17.2871 13.3665</i>
                        <i>1 0 2.44929e-016 0 1 0 -2.44929e-016 0 1 15.3266 17.2871 13.3665</i>
                        <i>1 0 2.44929e-016 0 1 0 -2.44929e-016 0 1 15.3266 17.2871 13.3665</i>
                        <i>1 0 2.44929e-016 0 1 0 -2.44929e-016 0 1 15.3266 17.2871 13.3665</i>
                        <i>1 0 2.44929e-016 0 1 0 -2.44929e-016 0 1 15.3266 17.2871 13.3665</i>
                        <i>1 0 2.44929e-016 0 1 0 -2.44929e-016 0 1 15.3266 17.2871 13.3665</i>
                        <i>1 0 2.44929e-016 0 1 0 -2.44929e-016 0 1 15.3266 17.2871 13.3665</i>
                        <i>1 0 2.44929e-016 0 1 0 -2.44929e-016 0 1 15.3266 17.2871 13.3665</i>
                        <i>1 0 2.44929e-016 0 1 0 -2.44929e-016 0 1 15.3266 17.2871 13.3665</i>
                        <i>1 0 2.44929e-016 0 1 0 -2.44929e-016 0 1 15.3266 17.2871 13.3665</i>
                        <i>1 0 2.44929e-016 0 1 0 -2.44929e-016 0 1 15.3266 17.2871 13.3665</i>
                        <i>1 0 2.44929e-016 0 1 0 -2.44929e-016 0 1 15.3266 17.2871 13.3665</i>
                        <i>1 0 2.44929e-016 0 1 0 -2.44929e-016 0 1 15.3266 17.2871 13.3665</i>
                        <i>1 0 2.44929e-016 0 1 0 -2.44929e-016 0 1 15.3266 17.2871 13.3665</i>
                        <i>1 0 2.44929e-016 0 1 0 -2.44929e-016 0 1 15.3266 17.2871 13.3665</i>
                        <i>1 0 2.44929e-016 0 1 0 -2.44929e-016 0 1 15.3266 17.2871 13.3665</i>
                        <i>1 0 2.44929e-016 0 1 0 -2.44929e-016 0 1 15.3266 17.2871 13.3665</i>
                        <i>1 0 2.44929e-016 0 1 0 -2.44929e-016 0 1 15.3266 17.2871 13.3665</i>
                        <i>1 0 2.44929e-016 0 1 0 -2.44929e-016 0 1 15.3266 17.2871 13.3665</i>
                        <i>1 0 2.44929e-016 0 1 0 -2.44929e-016 0 1 15.3266 17.2871 13.3665</i>
                        <i>1 0 2.44929e-016 0 1 0 -2.44929e-016 0 1 15.3266 17.2871 13.3665</i>
                        <i>1 0 2.44929e-016 0 1 0 -2.44929e-016 0 1 15.3266 17.2871 13.3665</i>
                        <i>1 0 2.44929e-016 0 1 0 -2.44929e-016 0 1 15.3266 17.2871 13.3665</i>
                        <i>1 0 2.44929e-016 0 1 0 -2.44929e-016 0 1 15.3266 17.2871 13.3665</i>
                        <i>1 0 2.44929e-016 0 1 0 -2.44929e-016 0 1 15.3266 17.2871 13.3665</i>
                        <i>1 0 2.44929e-016 0 1 0 -2.44929e-016 0 1 15.3266 17.2871 13.3665</i>
                        <i>1 0 2.44929e-016 0 1 0 -2.44929e-016 0 1 15.3266 17.2871 13.3665</i>
                        <i>1 0 2.44929e-016 0 1 0 -2.44929e-016 0 1 15.3266 17.2871 13.3665</i>
                        <i>1 0 2.44929e-016 0 1 0 -2.44929e-016 0 1 15.3266 17.2871 13.3665</i>
                        <i>1 0 2.44929e-016 0 1 0 -2.44929e-016 0 1 15.3266 17.2871 13.3665</i>
                        <i>1 0 2.44929e-016 0 1 0 -2.44929e-016 0 1 15.3266 17.2871 13.3665</i>
                        <i>1 0 2.44929e-016 0 1 0 -2.44929e-016 0 1 15.3266 17.2871 13.3665</i>
                        <i>1 0 2.44929e-016 0 1 0 -2.44929e-016 0 1 15.3266 17.2871 13.3665</i>
                        <i>1 0 2.44929e-016 0 1 0 -2.44929e-016 0 1 15.3266 17.2871 13.3665</i>
                        <i>1 0 2.44929e-016 0 1 0 -2.44929e-016 0 1 15.3266 17.2871 13.3665</i>
                        <i>1 0 2.44929e-016 0 1 0 -2.44929e-016 0 1 15.3266 17.2871 13.3665</i>
                        <i>1 0 2.44929e-016 0 1 0 -2.44929e-016 0 1 15.3266 17.2871 13.3665</i>
                        <i>1 0 2.44929e-016 0 1 0 -2.44929e-016 0 1 15.3266 17.2871 13.3665</i>
                        <i>1 0 2.44929e-016 0 1 0 -2.44929e-016 0 1 15.3266 17.2871 13.3665</i>
                        <i>1 0 2.44929e-016 0 1 0 -2.44929e-016 0 1 15.3266 17.2871 13.3665</i>
                        <i>1 0 2.44929e-016 0 1 0 -2.44929e-016 0 1 15.3266 17.2871 13.3665</i>
                        <i>1 0 2.44929e-016 0 1 0 -2.44929e-016 0 1 15.3266 17.2871 13.3665</i>
                        <i>1 0 2.44929e-016 0 1 0 -2.44929e-016 0 1 15.3266 17.2871 13.3665</i>
                        <i>1 0 2.44929e-016 0 1 0 -2.44929e-016 0 1 15.3266 17.2871 13.3665</i>
                        <i>1 0 2.44929e-016 0 1 0 -2.44929e-016 0 1 15.3266 17.2871 13.3665</i>
                        <i>1 0 2.44929e-016 0 1 0 -2.44929e-016 0 1 15.3266 17.2871 13.3665</i>
                        <i>1 0 2.44929e-016 0 1 0 -2.44929e-016 0 1 15.3266 17.2871 13.3665</i>
                    </KeyFrames>
                </p>
            </i>
            <i>
                <p>
                    <Name><![CDATA[spotlight]]></Name>
                    <Exclude>0</Exclude>
                    <Additive>0</Additive>
                    <IKPriority>0</IKPriority>
                    <IKRotLimits>-1e+010 -1e+010 -1e+010 1e+010 1e+010 1e+010</IKRotLimits>
                    <IKRotLimitOrder>0</IKRotLimitOrder>
                    <KeyFrames count="166">
                        <i>-0.835862 0 0.548939 -0.0625301 0.993491 -0.0952137 -0.545366 -0.113911 -0.830422 15.3345 20.8294 13.3764</i>
                        <i>-0.786369 0 0.617757 -0.0675289 0.994007 -0.0859605 -0.614055 -0.109313 -0.781657 15.3353 20.8294 13.3757</i>
                        <i>-0.728486 0 0.68506 -0.0703456 0.994714 -0.0748048 -0.681439 -0.102685 -0.724636 15.3361 20.8294 13.3749</i>
                        <i>-0.662122 -3.46945e-018 0.749396 -0.0706244 0.995549 -0.0623995 -0.746061 -0.0942417 -0.659175 15.3369 20.8294 13.374</i>
                        <i>-0.587416 0 0.809285 -0.0681398 0.996449 -0.0494589 -0.806412 -0.0841975 -0.58533 15.3375 20.8294 13.373</i>
                        <i>-0.504757 0 0.863262 -0.0628181 0.997349 -0.0367303 -0.860973 -0.0727684 -0.503419 15.3381 20.8294 13.3718</i>
                        <i>-0.414784 0 0.90992 -0.0547512 0.998188 -0.0249581 -0.908271 -0.0601714 -0.414032 15.3386 20.8294 13.3707</i>
                        <i>-0.31838 0 0.947963 -0.0441989 0.998912 -0.0148445 -0.946932 -0.0466251 -0.318033 15.339 20.8294 13.3694</i>
                        <i>-0.216656 1.73472e-018 0.976248 -0.031581 0.999477 -0.00700869 -0.975737 -0.0323494 -0.216543 15.3392 20.8294 13.3681</i>
                        <i>-0.110924 -8.67362e-019 0.993829 -0.0174571 0.999846 -0.00194843 -0.993676 -0.0175655 -0.110907 15.3393 20.8294 13.3667</i>
                        <i>-0.00265785 1.0842e-019 0.999996 -0.00249592 0.999997 -6.63381e-006 -0.999993 -0.00249593 -0.0026578 15.3392 20.8294 13.3653</i>
                        <i>0.10655 0 0.994307 0.0125646 0.99992 -0.00134643 -0.994228 0.0126366 0.106542 15.339 20.8294 13.364</i>
                        <i>0.215043 -8.67362e-019 0.976605 0.026963 0.999619 -0.00593711 -0.976232 0.0276089 0.214961 15.3387 20.8294 13.3626</i>
                        <i>0.321155 -1.73472e-018 0.947027 0.0399632 0.999109 -0.0135523 -0.946183 0.0421986 0.320869 15.3382 20.8294 13.3613</i>
                        <i>0.423265 3.46945e-018 0.906006 0.0509027 0.99842 -0.0237806 -0.904575 0.0561837 0.422596 15.3375 20.8294 13.3601</i>
                        <i>0.519859 0 0.854252 0.0592369 0.997593 -0.0360488 -0.852196 0.0693435 0.518607 15.3368 20.8294 13.3589</i>
                        <i>0.609574 0 0.792729 0.0645749 0.996677 -0.0496554 -0.790094 0.0814591 0.607549 15.3359 20.8294 13.3579</i>
                        <i>0.691249 -3.46945e-018 0.722616 0.0667066 0.99573 -0.063811 -0.719531 0.0923126 0.688298 15.3349 20.8294 13.3569</i>
                        <i>0.763956 3.46945e-018 0.645268 0.065616 0.994816 -0.0776851 -0.641923 0.101688 0.759996 15.3338 20.8294 13.3561</i>
                        <i>0.827025 0 0.562166 0.061484 0.994001 -0.0904517 -0.558793 0.10937 0.822063 15.3327 20.8294 13.3554</i>
                        <i>0.880061 0 0.47486 0.0546774 0.993349 -0.101334 -0.471702 0.115144 0.874208 15.3315 20.8294 13.3548</i>
                        <i>0.922947 -6.93889e-018 0.384926 0.0457276 0.992919 -0.109642 -0.3822 0.118796 0.916412 15.3304 20.8294 13.3544</i>
                        <i>0.955834 0 0.293908 0.035419 0.992712 -0.115188 -0.291766 0.12051 0.948868 15.3292 20.8294 13.3541</i>
                        <i>0.979121 -6.93889e-018 0.203278 0.0245361 0.992689 -0.118182 -0.201791 0.120702 0.971963 15.328 20.8294 13.3539</i>
                        <i>0.993435 0 0.114394 0.0136702 0.992834 -0.118717 -0.113574 0.119501 0.986317 15.3269 20.8294 13.3538</i>
                        <i>0.999595 6.93889e-018 0.0284755 0.00333261 0.993128 -0.116987 -0.0282798 0.117035 0.992725 15.3258 20.8294 13.3538</i>
                        <i>0.998572 3.46945e-018 -0.0534249 -0.00606003 0.993546 -0.113269 0.0530801 0.113431 0.992127 15.3247 20.8294 13.354</i>
                        <i>0.991458 3.46945e-018 -0.130427 -0.0141927 0.994062 -0.107888 0.129652 0.108817 0.98557 15.3238 20.8294 13.3541</i>
                        <i>0.979421 0 -0.201828 -0.0208533 0.994648 -0.101196 0.200748 0.103322 0.974179 15.3229 20.8294 13.3544</i>
                        <i>0.963669 0 -0.2671 -0.0259279 0.995277 -0.0935453 0.265838 0.0970721 0.959118 15.3221 20.8294 13.3546</i>
                        <i>0.945415 -3.46945e-018 -0.325868 -0.029392 0.995924 -0.0852729 0.324539 0.0901962 0.941562 15.3213 20.8294 13.3549</i>
                        <i>0.925848 0 -0.377895 -0.0312983 0.996564 -0.0766813 0.376597 0.0828227 0.922667 15.3207 20.8294 13.3553</i>
