<?xml version="1.0" encoding="ISO-8859-1" ?>
<Animl Version="1">
    <ModellingPackage>
        <![CDATA[Maya.2008]]>
</ModellingPackage>
    <SrcFile>
        <![CDATA[units\heavyartillery\german\anims\~src\lvl2\gerhow_lvl2_fire.mb]]>
</SrcFile>
    <FramesPerSecond>30</FramesPerSecond>
    <TotalFrames>41</TotalFrames>
    <Skeleton>
        <RefFrame>
            <Name>
                <![CDATA[gerhow2_ref_frame]]>
</Name>
            <Exclude>1</Exclude>
            <Additive>0</Additive>
            <KeyFrames count="41">
                <i>1 0 0 0 1 0 0 0 1 0 1.49 1.46</i>
                <i>1 0 0 0 1 0 0 0 1 0 1.49 1.46</i>
                <i>1 0 0 0 1 0 0 0 1 0 1.49 1.46</i>
                <i>1 0 0 0 1 0 0 0 1 0 1.49 1.46</i>
                <i>1 0 0 0 1 0 0 0 1 0 1.49 1.46</i>
                <i>1 0 0 0 1 0 0 0 1 0 1.49 1.46</i>
                <i>1 0 0 0 1 0 0 0 1 0 1.49 1.46</i>
                <i>1 0 0 0 1 0 0 0 1 0 1.49 1.46</i>
                <i>1 0 0 0 1 0 0 0 1 0 1.49 1.46</i>
                <i>1 0 0 0 1 0 0 0 1 0 1.49 1.46</i>
                <i>1 0 0 0 1 0 0 0 1 0 1.49 1.46</i>
                <i>1 0 0 0 1 0 0 0 1 0 1.49 1.46</i>
                <i>1 0 0 0 1 0 0 0 1 0 1.49 1.46</i>
                <i>1 0 0 0 1 0 0 0 1 0 1.49 1.46</i>
                <i>1 0 0 0 1 0 0 0 1 0 1.49 1.46</i>
                <i>1 0 0 0 1 0 0 0 1 0 1.49 1.46</i>
                <i>1 0 0 0 1 0 0 0 1 0 1.49 1.46</i>
                <i>1 0 0 0 1 0 0 0 1 0 1.49 1.46</i>
                <i>1 0 0 0 1 0 0 0 1 0 1.49 1.46</i>
                <i>1 0 0 0 1 0 0 0 1 0 1.49 1.46</i>
                <i>1 0 0 0 1 0 0 0 1 0 1.49 1.46</i>
                <i>1 0 0 0 1 0 0 0 1 0 1.49 1.46</i>
                <i>1 0 0 0 1 0 0 0 1 0 1.49 1.46</i>
                <i>1 0 0 0 1 0 0 0 1 0 1.49 1.46</i>
                <i>1 0 0 0 1 0 0 0 1 0 1.49 1.46</i>
                <i>1 0 0 0 1 0 0 0 1 0 1.49 1.46</i>
                <i>1 0 0 0 1 0 0 0 1 0 1.49 1.46</i>
                <i>1 0 0 0 1 0 0 0 1 0 1.49 1.46</i>
                <i>1 0 0 0 1 0 0 0 1 0 1.49 1.46</i>
                <i>1 0 0 0 1 0 0 0 1 0 1.49 1.46</i>
                <i>1 0 0 0 1 0 0 0 1 0 1.49 1.46</i>
                <i>1 0 0 0 1 0 0 0 1 0 1.49 1.46</i>
                <i>1 0 0 0 1 0 0 0 1 0 1.49 1.46</i>
                <i>1 0 0 0 1 0 0 0 1 0 1.49 1.46</i>
                <i>1 0 0 0 1 0 0 0 1 0 1.49 1.46</i>
                <i>1 0 0 0 1 0 0 0 1 0 1.49 1.46</i>
                <i>1 0 0 0 1 0 0 0 1 0 1.49 1.46</i>
                <i>1 0 0 0 1 0 0 0 1 0 1.49 1.46</i>
                <i>1 0 0 0 1 0 0 0 1 0 1.49 1.46</i>
                <i>1 0 0 0 1 0 0 0 1 0 1.49 1.46</i>
                <i>1 0 0 0 1 0 0 0 1 0 1.49 1.46</i>
            </KeyFrames>
        </RefFrame>
        <Bones count="6">
            <i>
                <p>
                    <Name>
                        <![CDATA[root]]>
</Name>
                    <Exclude>0</Exclude>
                    <Additive>0</Additive>
                    <KeyFrames count="41">
                        <i>1 0 0 0 1 0 0 0 1 0 1.49 1.46</i>
                        <i>1 1.74993e-005 3.30872e-024 -1.74992e-005 0.999995 0.00323209 5.65593e-008 -0.00323209 0.999995 0 1.49 1.46</i>
                        <i>1 3.49986e-005 1.32349e-023 -3.49979e-005 0.999979 0.00646414 2.26236e-007 -0.00646414 0.999979 0 1.49 1.46</i>
                        <i>1 5.24979e-005 0 -5.24979e-005 1 0 0 0 1 -0.000158756 1.49 1.46</i>
                        <i>0.999971 0.00757751 0 -0.00757651 0.999839 -0.0162345 -0.000123017 0.016234 0.999868 -0.000344411 1.61 1.22</i>
                        <i>0.999993 -0.00384008 0 0.00383769 0.999371 -0.0352686 0.000135434 0.0352684 0.999378 -0.000495651 1.73369 0.983056</i>
                        <i>0.999973 0.00732242 0 -0.00731084 0.998391 -0.0562285 -0.000411729 0.056227 0.998418 -0.00055814 1.868 0.714444</i>
                        <i>0.999999 0.0017412 0 -0.00173586 0.996933 -0.0782377 -0.000136227 0.0782376 0.996935 -0.000538781 1.97581 0.4475</i>
                        <i>0.999993 -0.00384008 0 0.00382067 0.994938 -0.100421 0.000385625 0.10042 0.994945 -0.000486373 2.02 0.215556</i>
                        <i>0.999999 0.0017412 0 -0.00172821 0.99254 -0.121909 -0.000212267 0.121908 0.992541 -0.000409419 2.0008 0.0519444</i>
                        <i>0.999973 0.00732242 0 -0.00724839 0.989863 -0.14184 -0.00103861 0.141836 0.98989 -0.000316422 1.94679 -0.01</i>
                        <i>0.999993 0.00366124 0 -0.00361444 0.987213 -0.159365 -0.000583474 0.159364 0.98722 -0.000215886 1.86333 -0.01</i>
                        <i>1 0 0 0 0.984808 -0.173648 0 0.173648 0.984808 -0.000116314 1.75579 -0.01</i>
                        <i>1 0 0 0 0.984417 -0.175848 0 0.175848 0.984417 -2.62081e-005 1.62956 -0.01</i>
                        <i>1 0 0 0 0.986358 -0.164614 0 0.164614 0.986358 0 1.49 0.000657499</i>
                        <i>1 0 0 0 0.988635 -0.150334 0 0.150334 0.988635 0 1.55032 0.03116</i>
                        <i>1 0 0 0 0.990463 -0.137782 0 0.137782 0.990463 0 1.61896 0.0793025</i>
                        <i>1 0 0 0 0.99218 -0.124818 0 0.124818 0.99218 0 1.68344 0.14288</i>
                        <i>1 0 0 0 0.993764 -0.111504 0 0.111504 0.993764 0 1.73128 0.219687</i>
                        <i>0.999987 0.00512725 -5.42101e-020 -0.00510262 0.995183 -0.0979021 -0.000501968 0.0979008 0.995196 0 1.75 0.30752</i>
                        <i>0.999947 0.0102543 0 -0.010218 0.996407 -0.0840755 -0.00086214 0.0840711 0.996459 0 1.72028 0.404172</i>
                        <i>1 0.000470664 0 -0.000469506 0.997541 -0.0700882 -3.2988e-005 0.0700882 0.997541 0 1.64909 0.50744</i>
                        <i>0.999957 -0.00931305 0 0.00929843 0.998387 -0.0560045 0.000521573 0.0560021 0.99843 0 1.56335 0.615117</i>
                        <i>0.999996 -0.00270047 0 0.0026981 0.999119 -0.0418889 0.00011312 0.0418888 0.999122 0 1.49 0.725</i>
                        <i>0.999992 0.00391222 6.77626e-021 -0.00391071 0.999606 -0.0278064 -0.000108785 0.0278062 0.999613 0 1.54296 0.834882</i>
                        <i>0.999998 0.00195611 -1.69407e-021 -0.00195593 0.999903 -0.0138217 -2.70369e-005 0.0138217 0.999904 0 1.59593 0.94256</i>
                        <i>1 0 0 0 1 0 0 0 1 0 1.62 1.04583</i>
                        <i>1 0 0 0 1 0 0 0 1 0 1.59593 1.14248</i>
                        <i>1 0 0 0 1 0 0 0 1 0 1.54296 1.23031</i>
                        <i>1 0 0 0 1 0 0 0 1 0 1.49 1.30712</i>
                        <i>1 0 0 0 1 0 0 0 1 0 1.49 1.3707</i>
                        <i>1 0 0 0 1 0 0 0 1 0 1.49 1.41884</i>
                        <i>1 0 0 0 1 0 0 0 1 0 1.49 1.44934</i>
                        <i>1 0 0 0 1 0 0 0 1 0 1.49 1.46</i>
                        <i>1 0 0 0 1 0 0 0 1 0 1.49 1.46</i>
                        <i>1 0 0 0 1 0 0 0 1 0 1.49 1.46</i>
                        <i>1 0 0 0 1 0 0 0 1 0 1.49 1.46</i>
                        <i>1 0 0 0 1 0 0 0 1 0 1.49 1.46</i>
                        <i>1 0 0 0 1 0 0 0 1 0 1.49 1.46</i>
                        <i>1 0 0 0 1 0 0 0 1 0 1.49 1.46</i>
                        <i>1 0 0 0 1 0 0 0 1 0 1.49 1.46</i>
                    </KeyFrames>
                </p>
            </i>
            <i>
                <p>
                    <Name>
                        <![CDATA[wheel_axle]]>
</Name>
                    <Exclude>0</Exclude>
                    <Additive>0</Additive>
                    <KeyFrames count="41">
                        <i>1 0 0 0 1 0 0 0 1 0 3.19445 1.46</i>
                        <i>1 1.74993e-005 3.30872e-024 -1.74992e-005 0.999995 0.00323209 5.65593e-008 -0.00323209 0.999995 -2.98266e-005 3.19444 1.46551</i>
                        <i>1 3.49986e-005 1.32349e-023 -3.49979e-005 0.999979 0.00646414 2.26236e-007 -0.00646414 0.999979 -5.96523e-005 3.19442 1.47102</i>
                        <i>1 5.24979e-005 0 -5.24979e-005 1 0 0 0 1 -0.000248236 3.19445 1.46</i>
                        <i>0.999971 0.00757751 0 -0.0074617 0.984688 -0.174164 -0.00131973 0.174159 0.984717 -0.0132582 3.31418 1.19233</i>
                        <i>0.999993 -0.00384008 0 0.00358872 0.934536 -0.35585 0.00136649 0.355847 0.934543 0.00604552 3.43707 0.922942</i>
                        <i>0.999973 0.00732242 0 -0.00622514 0.850124 -0.526545 -0.00385559 0.526531 0.850147 -0.0130191 3.56971 0.618606</i>
                        <i>0.999999 0.0017412 0 -0.00129119 0.741553 -0.670893 -0.00116816 0.670892 0.741554 -0.00349747 3.67504 0.314147</i>
                        <i>0.999993 -0.00384008 0 0.00240295 0.62575 -0.78002 0.00299534 0.780015 0.625754 0.00602578 3.71583 0.0443925</i>
                        <i>0.999999 0.0017412 0 -0.000910364 0.522837 -0.852432 -0.00148425 0.852431 0.522838 -0.00335507 3.69254 -0.155843</i>
                        <i>0.999973 0.00732242 0 -0.00331252 0.452369 -0.891825 -0.00653032 0.891801 0.452381 -0.012671 3.63396 -0.251759</i>
                        <i>0.999993 0.00366124 0 -0.00152773 0.417269 -0.908782 -0.00332726 0.908775 0.417272 -0.00637654 3.54598 -0.281631</i>
                        <i>1 0 0 0 0.40969 -0.912225 0 0.912225 0.40969 -0.000116314 3.43435 -0.305975</i>
                        <i>1 0 0 0 0.427301 -0.904109 0 0.904109 0.427301 -2.62081e-005 3.30745 -0.309724</i>
                        <i>1 0 0 0 0.460047 -0.887895 0 0.887895 0.460047 0 3.1712 -0.27992</i>
                        <i>1 0 0 0 0.502142 -0.864785 0 0.864785 0.502142 0 3.2354 -0.225077</i>
                        <i>1 0 0 0 0.555292 -0.831655 0 0.831655 0.555292 0 3.30716 -0.155541</i>
                        <i>1 0 0 0 0.613732 -0.789514 0 0.789514 0.613732 0 3.37456 -0.0698671</i>
                        <i>1 0 0 0 0.670472 -0.741935 0 0.741935 0.670472 0 3.4251 0.0296338</i>
                        <i>0.999987 0.00512725 -5.42101e-020 -0.0036905 0.719772 -0.694201 -0.00355934 0.694192 0.719781 -0.00869717 3.44624 0.14065</i>
                        <i>0.999947 0.0102543 0 -0.00781788 0.762357 -0.64711 -0.00663569 0.647075 0.762397 -0.0174162 3.41861 0.26087</i>
                        <i>1 0.000470664 0 -0.000377249 0.801525 -0.597961 -0.000281439 0.597961 0.801525 -0.000800252 3.34935 0.387978</i>
                        <i>0.999957 -0.00931305 0 0.00778978 0.836401 -0.548062 0.00510413 0.548039 0.836437 0.0158487 3.26506 0.51966</i>
                        <i>0.999996 -0.00270047 0 0.00234044 0.866675 -0.498868 0.00134718 0.498866 0.866678 0.00459878 3.19295 0.653602</i>
                        <i>0.999992 0.00391222 6.77626e-021 -0.00347139 0.887312 -0.461157 -0.00180415 0.461153 0.887319 -0.00666562 3.24674 0.787488</i>
                        <i>0.999998 0.00195611 -1.69407e-021 -0.00177541 0.907621 -0.419787 -0.00082115 0.419786 0.907623 -0.00333378 3.30021 0.919002</i>
                        <i>1 0 0 0 0.934271 -0.356564 0 0.356564 0.934271 0 3.32445 1.04583</i>
                        <i>1 0 0 0 0.955391 -0.295343 0 0.295343 0.955391 0 3.30038 1.14248</i>
                        <i>1 0 0 0 0.973576 -0.228362 0 0.228362 0.973576 0 3.24742 1.23031</i>
                        <i>1 0 0 0 0.986962 -0.160952 0 0.160952 0.986962 0 3.19445 1.30712</i>
                        <i>1 0 0 0 0.995111 -0.0987584 0 0.0987584 0.995111 0 3.19445 1.3707</i>
                        <i>1 0 0 0 0.998871 -0.0474968 0 0.0474968 0.998871 0 3.19445 1.41884</i>
                        <i>1 0 0 0 0.999919 -0.0127659 0 0.0127659 0.999919 0 3.19445 1.44934</i>
                        <i>1 0 0 0 1 0 0 0 1 0 3.19445 1.46</i>
                        <i>1 0 0 0 1 0 0 0 1 0 3.19445 1.46</i>
                        <i>1 0 0 0 1 0 0 0 1 0 3.19445 1.46</i>
                        <i>1 0 0 0 1 0 0 0 1 0 3.19445 1.46</i>
                        <i>1 0 0 0 1 0 0 0 1 0 3.19445 1.46</i>
                        <i>1 0 0 0 1 0 0 0 1 0 3.19445 1.46</i>
                        <i>1 0 0 0 1 0 0 0 1 0 3.19445 1.46</i>
                        <i>1 0 0 0 1 0 0 0 1 0 3.19445 1.46</i>
                    </KeyFrames>
                </p>
            </i>
            <i>
                <p>
                    <Name>
                        <![CDATA[angle_pivot]]>
</Name>
                    <Exclude>0</Exclude>
                    <Additive>1</Additive>
                    <KeyFrames count="41">
                        <i>-1 1.22465e-016 -7.70372e-034 -1.22046e-016 -0.996584 0.0825835 1.01136e-017 0.0825835 0.996584 0 3.74996 2.55269</i>
                        <i>-1 -1.74993e-005 3.95813e-019 1.74441e-005 -0.996846 0.079362 -1.38878e-006 0.079362 0.996846 -3.94857e-005 3.74642 2.55999</i>
                        <i>-1 -3.49986e-005 7.91615e-019 3.47602e-005 -0.993188 0.116524 -4.07819e-006 0.116524 0.993188 -7.83843e-005 3.72964 2.44442</i>
                        <i>-1 -5.24979e-005 0 5.18378e-005 -0.987425 0.158088 -8.29927e-006 0.158088 0.987425 -0.000275929 3.72195 2.30972</i>
                        <i>-0.999971 -0.00757751 -1.98815e-018 0.00744805 -0.982887 0.184058 -0.0013947 0.184053 0.982915 -0.0172378 3.83935 1.90827</i>
                        <i>-0.999993 0.00384008 -4.31916e-018 -0.00376035 -0.97923 0.202716 0.000778447 0.202715 0.979237 0.0081954 3.99692 1.48973</i>
                        <i>-0.999973 -0.00732242 -6.886e-018 0.00715389 -0.976957 0.213315 -0.00156198 0.213309 0.976984 -0.0173879 4.16632 1.15482</i>
                        <i>-0.999999 -0.0017412 -9.58135e-018 0.00170483 -0.979115 0.203301 -0.000353987 0.203301 0.979116 -0.00434942 4.16433 0.862006</i>
                        <i>-0.999993 0.00384008 -1.2298e-017 -0.00377572 -0.983232 0.182317 0.000700113 0.182316 0.98324 0.00749605 4.0987 0.608189</i>
                        <i>-0.999999 -0.0017412 -1.49295e-017 0.00168779 -0.969328 0.245764 -0.000427923 0.245764 0.96933 -0.0042062 4.18135 0.387693</i>
                        <i>-0.999973 -0.00732242 -1.73704e-017 0.00700675 -0.956865 0.290449 -0.00212679 0.290442 0.95689 -0.0170101 4.22652 0.263535</i>
                        <i>-0.999993 -0.00366124 -1.95166e-017 0.00350794 -0.958123 0.286336 -0.00104834 0.286334 0.958129 -0.00859335 4.15146 0.216412</i>
                        <i>-1 1.20604e-016 -2.12658e-017 -1.21929e-016 -0.964286 0.264863 1.14372e-017 0.264863 0.964286 -0.000116314 4.05876 0.218221</i>
                        <i>-1 1.20556e-016 -2.15351e-017 -1.21952e-016 -0.964219 0.265107 1.11957e-017 0.265107 0.964219 -2.62081e-005 3.95227 0.287455</i>
                        <i>-1 1.20794e-016 -2.01594e-017 -1.21447e-016 -0.956993 0.290112 1.57513e-017 0.290112 0.956993 0 3.82868 0.40558</i>
                        <i>-1 1.21073e-016 -1.84106e-017 -1.2147e-016 -0.961492 0.274834 1.55734e-017 0.274834 0.961492 0 3.90107 0.551747</i>
                        <i>-1 1.21297e-016 -1.68735e-017 -1.21531e-016 -0.965927 0.258814 1.50947e-017 0.258814 0.965927 0 3.97875 0.706541</i>
                        <i>-1 1.21507e-016 -1.52858e-017 -1.21616e-016 -0.970628 0.240583 1.43957e-017 0.240583 0.970628 0 4.0474 0.866899</i>
                        <i>-1 1.21701e-016 -1.36553e-017 -1.21712e-016 -0.975313 0.220826 1.35566e-017 0.220826 0.975313 0 4.09392 1.02448</i>
                        <i>-0.999987 -0.00512725 -1.19353e-017 0.0050234 -0.979734 0.20024 -0.00102668 0.200238 0.979747 -0.0120779 4.1056 1.17089</i>
                        <i>-0.999947 -0.0102543 -1.02963e-017 0.0100877 -0.983699 0.179539 -0.00184105 0.179529 0.983751 -0.0240344 4.06399 1.30299</i>
                        <i>-1 -0.000470664 -8.58333e-018 0.000464642 -0.987207 0.159446 -7.50455e-005 0.159446 0.987207 -0.00109711 3.98008 1.43905</i>
                        <i>-0.999957 0.00931305 -6.85857e-018 -0.00922041 -0.99001 0.140697 0.00131032 0.140691 0.990053 0.021584 3.88086 1.57953</i>
                        <i>-0.999996 0.00270047 -5.12991e-018 -0.00267962 -0.992278 0.124005 0.000334871 0.124004 0.992282 0.0062212 3.79374 1.72207</i>
                        <i>-0.999992 -0.00391222 -3.41207e-018 0.00388912 -0.994089 0.108498 -0.000424468 0.108497 0.994097 -0.00895691 3.83241 1.86431</i>
                        <i>-0.999998 -0.00195611 -1.69098e-018 0.00194755 -0.995623 0.0934396 -0.000182778 0.0934394 0.995625 -0.00444985 3.87077 2.00391</i>
                        <i>-1 1.22465e-016 0 -1.22083e-016 -0.996886 0.0788614 9.65774e-018 0.0788614 0.996886 0 3.87996 2.13852</i>
                        <i>-1 1.22465e-016 -7.70372e-034 -1.22088e-016 -0.996926 0.0783536 9.59555e-018 0.0783536 0.996926 0 3.85589 2.23517</i>
                        <i>-1 1.22465e-016 0 -1.22091e-016 -0.996945 0.0781098 9.56569e-018 0.0781098 0.996945 0 3.80292 2.32301</i>
                        <i>-1 1.22465e-016 -7.70372e-034 -1.22091e-016 -0.996946 0.0780937 9.56372e-018 0.0780937 0.996946 0 3.74996 2.39981</i>
                        <i>-1 1.22465e-016 7.70372e-034 -1.22089e-016 -0.996932 0.0782691 9.5852e-018 0.0782691 0.996932 0 3.74996 2.46339</i>
                        <i>-1 1.22465e-016 0 -1.22086e-016 -0.996906 0.0785998 9.6257e-018 0.0785998 0.996906 0 3.74996 2.51153</i>
                        <i>-1 1.22465e-016 7.70372e-034 -1.22081e-016 -0.996871 0.0790495 9.68077e-018 0.0790495 0.996871 0 3.74996 2.54204</i>
                        <i>-1 1.22465e-016 7.70372e-034 -1.22076e-016 -0.996828 0.079582 9.74598e-018 0.079582 0.996828 0 3.74996 2.55269</i>
                        <i>-1 1.22465e-016 -7.70372e-034 -1.22071e-016 -0.996782 0.080161 9.81689e-018 0.080161 0.996782 0 3.74996 2.55269</i>
                        <i>-1 1.22465e-016 7.70372e-034 -1.22065e-016 -0.996734 0.0807503 9.88906e-018 0.0807503 0.996734 0 3.74996 2.55269</i>
                        <i>-1 1.22465e-016 0 -1.22059e-016 -0.996689 0.0813137 9.95805e-018 0.0813137 0.996689 0 3.74996 2.55269</i>
                        <i>-1 1.22465e-016 0 -1.22054e-016 -0.996648 0.0818149 1.00194e-017 0.0818149 0.996648 0 3.74996 2.55269</i>
                        <i>-1 1.22465e-016 -7.70372e-034 -1.2205e-016 -0.996614 0.0822177 1.00688e-017 0.0822177 0.996614 0 3.74996 2.55269</i>
                        <i>-1 1.22465e-016 7.70372e-034 -1.22047e-016 -0.996592 0.082486 1.01016e-017 0.082486 0.996592 0 3.74996 2.55269</i>
                        <i>-1 1.22465e-016 -7.70372e-034 -1.22046e-016 -0.996584 0.0825835 1.01136e-017 0.0825835 0.996584 0 3.74996 2.55269</i>
                    </KeyFrames>
                </p>
            </i>
            <i>
                <p>
                    <Name>
                        <![CDATA[barrel]]>
</Name>
                    <Exclude>0</Exclude>
                    <Additive>1</Additive>
                    <KeyFrames count="41">
                        <i>1 -4.18318e-019 -1.01136e-017 -4.18328e-019 0.996584 -0.0825835 1.01136e-017 0.0825835 0.996584 -4.76414e-008 5.01093 3.78309</i>
                        <i>1 1.74993e-005 -1.01149e-017 -1.74441e-005 0.996846 -0.079362 -1.38878e-006 0.079362 0.996846 -6.09003e-005 4.96743 3.34264</i>
                        <i>1 3.49986e-005 -1.50617e-017 -3.47602e-005 0.993188 -0.116524 -4.07819e-006 0.116524 0.993188 -0.000115832 4.79824 1.64008</i>
                        <i>1 5.24979e-005 -1.93601e-017 -5.18378e-005 0.987425 -0.158088 -8.29927e-006 0.158088 0.987425 -0.000330693 4.76421 1.51335</i>
                        <i>0.999971 0.00757751 -2.05524e-017 -0.00744805 0.982887 -0.184058 -0.0013947 0.184053 0.982915 -0.0250474 4.86994 1.13656</i>
                        <i>0.999993 -0.00384008 -2.05064e-017 0.00376035 0.97923 -0.202716 0.000778447 0.202715 0.979237 0.012137 5.02336 0.75022</i>
                        <i>0.999973 0.00732242 -1.92375e-017 -0.00715389 0.976957 -0.213315 -0.00156198 0.213309 0.976984 -0.0249273 5.19593 0.455769</i>
                        <i>0.999999 0.0017412 -1.53158e-017 -0.00170483 0.979115 -0.203301 -0.000353987 0.203301 0.979116 -0.0061733 5.21179 0.225187</i>
                        <i>0.999993 -0.00384008 -1.00294e-017 0.00377572 0.983232 -0.182317 0.000700113 0.182316 0.98324 0.0116066 5.16914 0.0457855</i>
                        <i>0.999999 0.0017412 -1.51679e-017 -0.00168779 0.969328 -0.245764 -0.000427923 0.245764 0.96933 -0.00602519 5.226 -0.191881</i>
                        <i>0.999973 0.00732242 -1.81994e-017 -0.00700675 0.956865 -0.290449 -0.00212679 0.290442 0.95689 -0.0245667 5.25847 -0.313377</i>
                        <i>0.999993 0.00366124 -1.55494e-017 -0.00350794 0.958123 -0.286336 -0.00104834 0.286334 0.958129 -0.012436 5.201 -0.305517</i>
                        <i>1 -2.51316e-018 -1.11705e-017 -5.35245e-019 0.964286 -0.264863 1.14372e-017 0.264863 0.964286 -0.000116361 5.13368 -0.229263</i>
                        <i>1 -2.47358e-018 -1.09311e-017 -5.12839e-019 0.964219 -0.265107 1.11957e-017 0.265107 0.964219 -2.62557e-005 5.04106 -0.109433</i>
                        <i>1 -3.59621e-018 -1.5369e-017 -1.01719e-018 0.956993 -0.290112 1.57513e-017 0.290112 0.956993 -4.76414e-008 4.92208 0.0309752</i>
                        <i>1 -3.32415e-018 -1.52469e-017 -9.94245e-019 0.961492 -0.274834 1.55734e-017 0.274834 0.961492 -4.76414e-008 5.01479 0.245325</i>
                        <i>1 -3.00471e-018 -1.48221e-017 -9.33841e-019 0.965927 -0.258814 1.50947e-017 0.258814 0.965927 -4.76414e-008 5.11107 0.469631</i>
                        <i>1 -2.63926e-018 -1.41771e-017 -8.49058e-019 0.970628 -0.240583 1.43957e-017 0.240583 0.970628 -4.76414e-008 5.19666 0.702554</i>
                        <i>1 -2.25957e-018 -1.33881e-017 -7.52655e-019 0.975313 -0.220826 1.35566e-017 0.220826 0.975313 -4.76414e-008 5.25794 0.934955</i>
                        <i>0.999987 0.00512725 -1.2587e-017 -0.0050234 0.979734 -0.20024 -0.00102668 0.200238 0.979747 -0.0181087 5.28179 1.15758</i>
                        <i>0.999947 0.0102543 -1.16909e-017 -0.0100877 0.983699 -0.179539 -0.00184105 0.179529 0.983751 -0.036193 5.24962 1.36638</i>
                        <i>1 0.000470664 -1.09432e-017 -0.000464642 0.987207 -0.159446 -7.50455e-005 0.159446 0.987207 -0.00165846 5.17265 1.57868</i>
                        <i>0.999957 -0.00931305 -1.03718e-017 0.00922041 0.99001 -0.140697 0.00131032 0.140691 0.990053 0.0327329 5.07794 1.79398</i>
                        <i>0.999996 -0.00270047 -1.00563e-017 0.00267962 0.992278 -0.124005 0.000334871 0.124004 0.992282 0.00946142 4.99363 2.00899</i>
                        <i>0.999992 0.00391222 -9.87509e-018 -0.00388912 0.994089 -0.108498 -0.000424468 0.108497 0.994097 -0.0136555 5.0334 2.22238</i>
                        <i>0.999998 0.00195611 -9.75207e-018 -0.00194755 0.995623 -0.0934396 -0.000182778 0.0934394 0.995625 -0.00679795 5.07113 2.43264</i>
                        <i>1 -3.81404e-019 -9.65774e-018 -3.81416e-019 0.996886 -0.0788614 9.65774e-018 0.0788614 0.996886 -4.76414e-008 5.07808 2.63736</i>
                        <i>1 -3.76499e-019 -9.59555e-018 -3.76506e-019 0.996926 -0.0783536 9.59555e-018 0.0783536 0.996926 -4.76414e-008 5.05789 2.78721</i>
                        <i>1 -3.74156e-019 -9.56569e-018 -3.74164e-019 0.996945 -0.0781098 9.56569e-018 0.0781098 0.996945 -4.76414e-008 5.00891 2.92793</i>
                        <i>1 -3.74003e-019 -9.56372e-018 -3.74005e-019 0.996946 -0.0780937 9.56372e-018 0.0780937 0.996946 -4.76414e-008 4.96006 3.05735</i>
                        <i>1 -3.75689e-019 -9.5852e-018 -3.75699e-019 0.996932 -0.0782691 9.5852e-018 0.0782691 0.996932 -4.76414e-008 4.9643 3.17331</i>
                        <i>1 -3.78879e-019 -9.6257e-018 -3.78875e-019 0.996906 -0.0785998 9.6257e-018 0.0785998 0.996906 -4.76414e-008 4.96868 3.27364</i>
                        <i>1 -3.83229e-019 -9.68077e-018 -3.83229e-019 0.996871 -0.0790495 9.68077e-018 0.0790495 0.996871 -4.76414e-008 4.9732 3.35618</i>
                        <i>1 -3.88419e-019 -9.74598e-018 -3.88418e-019 0.996828 -0.079582 9.74598e-018 0.079582 0.996828 -4.76414e-008 4.97783 3.41877</i>
                        <i>1 -3.94098e-019 -9.81689e-018 -3.94109e-019 0.996782 -0.080161 9.81689e-018 0.080161 0.996782 -4.76414e-008 4.98256 3.47065</i>
                        <i>1 -3.99923e-019 -9.88906e-018 -3.99932e-019 0.996734 -0.0807503 9.88906e-018 0.0807503 0.996734 -4.76414e-008 4.98736 3.5225</i>
                        <i>1 -4.05536e-019 -9.95805e-018 -4.05543e-019 0.996689 -0.0813137 9.95805e-018 0.0813137 0.996689 -4.76414e-008 4.9922 3.57438</i>
                        <i>1 -4.10558e-019 -1.00194e-017 -4.1056e-019 0.996648 -0.0818149 1.00194e-017 0.0818149 0.996648 -4.76414e-008 4.99703 3.62633</i>
                        <i>1 -4.14617e-019 -1.00688e-017 -4.14623e-019 0.996614 -0.0822177 1.00688e-017 0.0822177 0.996614 -4.76414e-008 5.0018 3.67841</i>
                        <i>1 -4.17332e-019 -1.01016e-017 -4.17336e-019 0.996592 -0.082486 1.01016e-017 0.082486 0.996592 -4.76414e-008 5.00646 3.73064</i>
                        <i>1 -4.18318e-019 -1.01136e-017 -4.18328e-019 0.996584 -0.0825835 1.01136e-017 0.0825835 0.996584 -4.76414e-008 5.01093 3.78309</i>
                    </KeyFrames>
                </p>
            </i>
            <i>
                <p>
                    <Name>
                        <![CDATA[hatch]]>
</Name>
                    <Exclude>0</Exclude>
                    <Additive>0</Additive>
                    <KeyFrames count="41">
                        <i>1 -4.18318e-019 -1.01136e-017 -4.18328e-019 0.996584 -0.0825835 1.01136e-017 0.0825835 0.996584 -0.631075 4.76881 0.861351</i>
                        <i>1 1.74993e-005 -1.01149e-017 -1.74441e-005 0.996846 -0.079362 -1.38878e-006 0.079362 0.996846 -0.631132 4.77072 0.871952</i>
                        <i>1 3.49986e-005 -1.50617e-017 -3.47602e-005 0.993188 -0.116524 -4.07819e-006 0.116524 0.993188 -0.631187 4.69019 0.719312</i>
                        <i>1 5.24979e-005 -1.93601e-017 -5.18378e-005 0.987425 -0.158088 -8.29927e-006 0.158088 0.987425 -0.631397 4.60928 0.545833</i>
                        <i>0.999971 0.00757751 -2.05524e-017 -0.00744805 0.982887 -0.184058 -0.0013947 0.184053 0.982915 -0.654664 4.67511 0.121612</i>
                        <i>0.999993 -0.00384008 -2.05064e-017 0.00376035 0.97923 -0.202716 0.000778447 0.202715 0.979237 -0.619778 4.80577 -0.31259</i>
                        <i>0.999973 0.00732242 -1.92375e-017 -0.00715389 0.976957 -0.213315 -0.00156198 0.213309 0.976984 -0.654207 4.94854 -0.656135</i>
                        <i>0.999999 0.0017412 -1.53158e-017 -0.00170483 0.979115 -0.203301 -0.000353987 0.203301 0.979116 -0.636825 4.96859 -0.940797</i>
                        <i>0.999993 -0.00384008 -1.00294e-017 0.00377572 0.983232 -0.182317 0.000700113 0.182316 0.98324 -0.620334 4.94484 -1.17698</i>
                        <i>0.999999 0.0017412 -1.51679e-017 -0.00168779 0.969328 -0.245764 -0.000427923 0.245764 0.96933 -0.636544 4.90631 -1.44848</i>
                        <i>0.999973 0.00732242 -1.81994e-017 -0.00700675 0.956865 -0.290449 -0.00212679 0.290442 0.95689 -0.652755 4.86201 -1.60434</i>
                        <i>0.999993 0.00366124 -1.55494e-017 -0.00350794 0.958123 -0.286336 -0.00104834 0.286334 0.958129 -0.642037 4.79729 -1.64869</i>
                        <i>1 -2.51316e-018 -1.11705e-017 -5.35245e-019 0.964286 -0.264863 1.14372e-017 0.264863 0.964286 -0.631191 4.7484 -1.63194</i>
                        <i>1 -2.47358e-018 -1.09311e-017 -5.12839e-019 0.964219 -0.265107 1.11957e-017 0.265107 0.964219 -0.631101 4.64145 -1.56288</i>
                        <i>1 -3.59621e-018 -1.5369e-017 -1.01719e-018 0.956993 -0.290112 1.57513e-017 0.290112 0.956993 -0.631075 4.46947 -1.46206</i>
                        <i>1 -3.32415e-018 -1.52469e-017 -9.94245e-019 0.961492 -0.274834 1.55734e-017 0.274834 0.961492 -0.631075 4.57152 -1.30546</i>
                        <i>1 -3.00471e-018 -1.48221e-017 -9.33841e-019 0.965927 -0.258814 1.50947e-017 0.258814 0.965927 -0.631075 4.67998 -1.13926</i>
                        <i>1 -2.63926e-018 -1.41771e-017 -8.49058e-019 0.970628 -0.240583 1.43957e-017 0.240583 0.970628 -0.631075 4.78325 -0.965374</i>
                        <i>1 -2.25957e-018 -1.33881e-017 -7.52655e-019 0.975313 -0.220826 1.35566e-017 0.220826 0.975313 -0.631075 4.86682 -0.792475</i>
                        <i>0.999987 0.00512725 -1.2587e-017 -0.0050234 0.979734 -0.20024 -0.00102668 0.200238 0.979747 -0.647302 4.91334 -0.629386</i>
                        <i>0.999947 0.0102543 -1.16909e-017 -0.0100877 0.983699 -0.179539 -0.00184105 0.179529 0.983751 -0.663779 4.90624 -0.479789</i>
                        <i>1 0.000470664 -1.09432e-017 -0.000464642 0.987207 -0.159446 -7.50455e-005 0.159446 0.987207 -0.632588 4.86471 -0.326055</i>
                        <i>0.999957 -0.00931305 -1.03718e-017 0.00922041 0.99001 -0.140697 0.00131032 0.140691 0.990053 -0.600912 4.80494 -0.168478</i>
                        <i>0.999996 -0.00270047 -1.00563e-017 0.00267962 0.992278 -0.124005 0.000334871 0.124004 0.992282 -0.622292 4.74299 -0.0102286</i>
                        <i>0.999992 0.00391222 -9.87509e-018 -0.00388912 0.994089 -0.108498 -0.000424468 0.108497 0.994097 -0.643839 4.80442 0.147021</i>
                        <i>0.999998 0.00195611 -9.75207e-018 -0.00194755 0.995623 -0.0934396 -0.000182778 0.0934394 0.995625 -0.63748 4.86989 0.301567</i>
                        <i>1 -3.81404e-019 -9.65774e-018 -3.81416e-019 0.996886 -0.0788614 9.65774e-018 0.0788614 0.996886 -0.631075 4.90512 0.450995</i>
                        <i>1 -3.76499e-019 -9.59555e-018 -3.76506e-019 0.996926 -0.0783536 9.59555e-018 0.0783536 0.996926 -0.631075 4.88191 0.54817</i>
                        <i>1 -3.74156e-019 -9.56569e-018 -3.74164e-019 0.996945 -0.0781098 9.56569e-018 0.0781098 0.996945 -0.631075 4.82936 0.636253</i>
                        <i>1 -3.74003e-019 -9.56372e-018 -3.74005e-019 0.996946 -0.0780937 9.56372e-018 0.0780937 0.996946 -0.631075 4.77642 0.713078</i>
                        <i>1 -3.75689e-019 -9.5852e-018 -3.75699e-019 0.996932 -0.0782691 9.5852e-018 0.0782691 0.996932 -0.631075 4.77612 0.776475</i>
                        <i>1 -3.78879e-019 -9.6257e-018 -3.78875e-019 0.996906 -0.0785998 9.6257e-018 0.0785998 0.996906 -0.631075 4.77557 0.824277</i>
                        <i>1 -3.83229e-019 -9.68077e-018 -3.83229e-019 0.996871 -0.0790495 9.68077e-018 0.0790495 0.996871 -0.631075 4.7748 0.854317</i>
                        <i>1 -3.88419e-019 -9.74598e-018 -3.88418e-019 0.996828 -0.079582 9.74598e-018 0.079582 0.996828 -0.631075 4.7739 0.864427</i>
                        <i>1 -3.94098e-019 -9.81689e-018 -3.94109e-019 0.996782 -0.080161 9.81689e-018 0.080161 0.996782 -0.631075 4.77292 0.863833</i>
                        <i>1 -3.99923e-019 -9.88906e-018 -3.99932e-019 0.996734 -0.0807503 9.88906e-018 0.0807503 0.996734 -0.631075 4.77192 0.863228</i>
                        <i>1 -4.05536e-019 -9.95805e-018 -4.05543e-019 0.996689 -0.0813137 9.95805e-018 0.0813137 0.996689 -0.631075 4.77097 0.862651</i>
                        <i>1 -4.10558e-019 -1.00194e-017 -4.1056e-019 0.996648 -0.0818149 1.00194e-017 0.0818149 0.996648 -0.631075 4.77012 0.862138</i>
                        <i>1 -4.14617e-019 -1.00688e-017 -4.14623e-019 0.996614 -0.0822177 1.00688e-017 0.0822177 0.996614 -0.631075 4.76943 0.861725</i>
                        <i>1 -4.17332e-019 -1.01016e-017 -4.17336e-019 0.996592 -0.082486 1.01016e-017 0.082486 0.996592 -0.631075 4.76898 0.861451</i>
                        <i>1 -4.18318e-019 -1.01136e-017 -4.18328e-019 0.996584 -0.0825835 1.01136e-017 0.0825835 0.996584 -0.631075 4.76881 0.861351</i>
                    </KeyFrames>
                </p>
            </i>
            <i>
                <p>
                    <Name>
                        <![CDATA[sled_rotate]]>
</Name>
                    <Exclude>0</Exclude>
                    <Additive>0</Additive>
                    <KeyFrames count="41">
                        <i>1 0 0 0 0.99795 -0.0639944 0 0.0639944 0.99795 0 3.74877 2.55269</i>
                        <i>1 0.000267544 -5.80135e-005 -0.000270571 0.998158 -0.0606715 4.16743e-005 0.0606716 0.998158 -3.94649e-005 3.74523 2.55999</i>
                        <i>1 0.000535461 -0.00011441 -0.000541141 0.998354 -0.057348 8.35142e-005 0.057348 0.998354 -7.88049e-005 3.74166 2.56727</i>
                        <i>1 3.12823e-007 1.37327e-005 5.66633e-007 0.99795 -0.0639945 -1.37245e-005 0.0639945 0.99795 -0.000277337 3.74877 2.55269</i>
                        <i>0.999986 0.00517173 0.000616117 -0.00510393 0.99663 -0.0818678 -0.00103744 0.0818635 0.996643 -0.0175924 3.88615 2.27588</i>
                        <i>0.999955 -0.00937015 0.00152641 0.00947742 0.994657 -0.102796 -0.000555045 0.102806 0.994701 0.0083208 4.02957 1.9954</i>
                        <i>0.999998 0.00011171 0.00214808 0.000152514 0.992455 -0.122612 -0.00214557 0.122612 0.992452 -0.0175215 4.18457 1.6784</i>
                        <i>0.999988 -0.00440002 0.00195923 0.00463193 0.99004 -0.140709 -0.0013206 0.140716 0.990049 -0.00460854 4.31314 1.36012</i>
                        <i>0.999971 -0.00753997 0.00123946 0.00764108 0.987449 -0.15775 -3.44731e-005 0.157755 0.987478 0.00856501 4.37706 1.0759</i>
                        <i>1 4.02358e-005 0.000574745 5.8944e-005 0.98518 -0.171525 -0.000573128 0.171525 0.98518 -0.00454499 4.37593 0.861124</i>
                        <i>0.999978 0.00654806 0.000261576 -0.00639425 0.983674 -0.179843 -0.00143493 0.179838 0.983695 -0.0178237 4.33764 0.751262</i>
                        <i>0.999994 0.00340072 9.0322e-005 -0.0033302 0.98399 -0.17819 -0.000694852 0.178189 0.983996 -0.00901764 4.26735 0.708758</i>
                        <i>1 0 0 0 0.985954 -0.167016 0 0.167016 0.985954 -0.000116314 4.16999 0.673861</i>
                        <i>1 0.000135536 -5.44416e-005 -0.000141947 0.989647 -0.143522 3.44255e-005 0.143522 0.989647 -2.62081e-005 4.04528 0.668467</i>
                        <i>1 0.00018758 -7.33171e-005 -0.000194632 0.993662 -0.112409 5.17667e-005 0.112409 0.993662 0 3.89783 0.706619</i>
                        <i>1 0.000177979 -6.71898e-005 -0.000183323 0.995908 -0.0903719 5.08305e-005 0.0903719 0.995908 0 3.94769 0.771866</i>
                        <i>1 0.000128398 -4.72269e-005 -0.000132215 0.995715 -0.0924799 3.51503e-005 0.0924799 0.995715 0 4.00674 0.850356</i>
                        <i>1 6.14504e-005 -2.21615e-005 -6.3547e-005 0.993699 -0.112079 1.51346e-005 0.112079 0.993699 0 4.06093 0.945092</i>
                        <i>1 0 0 0 0.991061 -0.133411 0 0.133411 0.991061 0 4.0978 1.0537</i>
                        <i>0.999987 0.00512576 -2.77135e-006 -0.00507506 0.99002 -0.140835 -0.000719144 0.140833 0.990033 -0.0120741 4.10486 1.17383</i>
                        <i>0.999948 0.0101828 1.69978e-005 -0.010099 0.991921 -0.12645 -0.00130448 0.126443 0.991973 -0.0240222 4.0628 1.30309</i>
                        <i>1 5.44632e-006 0.00014591 9.15678e-006 0.994998 -0.0998964 -0.000145724 0.0998964 0.994998 -0.00109655 3.97889 1.43913</i>
                        <i>0.99994 -0.0109619 0.000520879 0.0109709 0.997345 -0.0719854 0.000269598 0.0719868 0.997406 0.0215729 3.87967 1.57959</i>
                        <i>0.999982 -0.00586962 0.000964279 0.0059129 0.998543 -0.0536385 -0.000648036 0.0536433 0.99856 0.00621798 3.79255 1.72212</i>
                        <i>0.999999 2.23413e-005 0.00112821 5.35442e-005 0.997738 -0.067217 -0.00112716 0.067217 0.997738 -0.00895225 3.83122 1.86434</i>
                        <i>0.999999 -0.000955917 0.000801388 0.00101852 0.99662 -0.0821492 -0.000720151 0.0821499 0.99662 -0.00444753 3.86958 2.00393</i>
                        <i>0.999999 -0.00110755 0.000288483 0.00112496 0.997567 -0.0697002 -0.000210585 0.0697005 0.997568 0 3.87877 2.13852</i>
                        <i>1 0 0 0 0.997959 -0.0638556 0 0.0638556 0.997959 0 3.85469 2.23517</i>
                        <i>1 0.000208744 -5.42987e-005 -0.000211466 0.998419 -0.0562022 4.2481e-005 0.0562022 0.998419 0 3.80173 2.32301</i>
                        <i>1 0.000350806 -9.12521e-005 -0.000355086 0.998641 -0.0521167 7.28452e-005 0.0521168 0.998641 0 3.74877 2.39981</i>
                        <i>1 0.000434884 -0.000113122 -0.000440464 0.998476 -0.0551839 8.89515e-005 0.0551839 0.998476 0 3.74877 2.46339</i>
                        <i>1 0.000469675 -0.000122172 -0.000476291 0.998112 -0.0614104 9.30987e-005 0.0614105 0.998113 0 3.74877 2.51153</i>
                        <i>1 0.000463876 -0.000120664 -0.000470722 0.997897 -0.0648142 9.03444e-005 0.0648143 0.997897 0 3.74877 2.54204</i>
                        <i>1 0.000426186 -0.00011086 -0.000432465 0.997906 -0.0646861 8.30595e-005 0.0646862 0.997906 0 3.74877 2.55269</i>
                        <i>1 0.000365303 -9.50229e-005 -0.000370664 0.997924 -0.0644044 7.12985e-005 0.0644044 0.997924 0 3.74877 2.55269</i>
                        <i>1 0.000289923 -7.5415e-005 -0.000294162 0.997942 -0.0641225 5.66692e-005 0.0641226 0.997942 0 3.74877 2.55269</i>
                        <i>1 0.000208744 -5.42988e-005 -0.000211791 0.99795 -0.0639944 4.0829e-005 0.0639945 0.99795 0 3.74877 2.55269</i>
                        <i>1 0.000130465 -3.39368e-005 -0.00013237 0.99795 -0.0639944 2.55181e-005 0.0639945 0.99795 0 3.74877 2.55269</i>
                        <i>1 6.37831e-005 -1.65913e-005 -6.47141e-005 0.99795 -0.0639944 1.24755e-005 0.0639944 0.99795 0 3.74877 2.55269</i>
                        <i>1 1.73953e-005 -4.52489e-006 -1.76492e-005 0.99795 -0.0639944 3.40241e-006 0.0639944 0.99795 0 3.74877 2.55269</i>
                        <i>1 0 0 0 0.99795 -0.0639944 0 0.0639944 0.99795 0 3.74877 2.55269</i>
                    </KeyFrames>
                </p>
            </i>
        </Bones>
    </Skeleton>
</Animl>
