<?xml version="1.0" encoding="ISO-8859-1" ?>
<Animl Version="1">
    <ModellingPackage>
        <![CDATA[Maya.2008]]>
</ModellingPackage>
    <SrcFile>
        <![CDATA[units\heavyartillery\german\anims\~src\lvl2\gerhow_lvl2_openhatch.mb]]>
</SrcFile>
    <FramesPerSecond>30</FramesPerSecond>
    <TotalFrames>60</TotalFrames>
    <Skeleton>
        <RefFrame>
            <Name>
                <![CDATA[gerhow2_ref_frame]]>
</Name>
            <Exclude>1</Exclude>
            <Additive>0</Additive>
            <KeyFrames count="60">
                <i>1 0 0 0 1 0 0 0 1 0 1.49 1.46</i>
                <i>1 0 0 0 1 0 0 0 1 0 1.49 1.46</i>
                <i>1 0 0 0 1 0 0 0 1 0 1.49 1.46</i>
                <i>1 0 0 0 1 0 0 0 1 0 1.49 1.46</i>
                <i>1 0 0 0 1 0 0 0 1 0 1.49 1.46</i>
                <i>1 0 0 0 1 0 0 0 1 0 1.49 1.46</i>
                <i>1 0 0 0 1 0 0 0 1 0 1.49 1.46</i>
                <i>1 0 0 0 1 0 0 0 1 0 1.49 1.46</i>
                <i>1 0 0 0 1 0 0 0 1 0 1.49 1.46</i>
                <i>1 0 0 0 1 0 0 0 1 0 1.49 1.46</i>
                <i>1 0 0 0 1 0 0 0 1 0 1.49 1.46</i>
                <i>1 0 0 0 1 0 0 0 1 0 1.49 1.46</i>
                <i>1 0 0 0 1 0 0 0 1 0 1.49 1.46</i>
                <i>1 0 0 0 1 0 0 0 1 0 1.49 1.46</i>
                <i>1 0 0 0 1 0 0 0 1 0 1.49 1.46</i>
                <i>1 0 0 0 1 0 0 0 1 0 1.49 1.46</i>
                <i>1 0 0 0 1 0 0 0 1 0 1.49 1.46</i>
                <i>1 0 0 0 1 0 0 0 1 0 1.49 1.46</i>
                <i>1 0 0 0 1 0 0 0 1 0 1.49 1.46</i>
                <i>1 0 0 0 1 0 0 0 1 0 1.49 1.46</i>
                <i>1 0 0 0 1 0 0 0 1 0 1.49 1.46</i>
                <i>1 0 0 0 1 0 0 0 1 0 1.49 1.46</i>
                <i>1 0 0 0 1 0 0 0 1 0 1.49 1.46</i>
                <i>1 0 0 0 1 0 0 0 1 0 1.49 1.46</i>
                <i>1 0 0 0 1 0 0 0 1 0 1.49 1.46</i>
                <i>1 0 0 0 1 0 0 0 1 0 1.49 1.46</i>
                <i>1 0 0 0 1 0 0 0 1 0 1.49 1.46</i>
                <i>1 0 0 0 1 0 0 0 1 0 1.49 1.46</i>
                <i>1 0 0 0 1 0 0 0 1 0 1.49 1.46</i>
                <i>1 0 0 0 1 0 0 0 1 0 1.49 1.46</i>
                <i>1 0 0 0 1 0 0 0 1 0 1.49 1.46</i>
                <i>1 0 0 0 1 0 0 0 1 0 1.49 1.46</i>
                <i>1 0 0 0 1 0 0 0 1 0 1.49 1.46</i>
                <i>1 0 0 0 1 0 0 0 1 0 1.49 1.46</i>
                <i>1 0 0 0 1 0 0 0 1 0 1.49 1.46</i>
                <i>1 0 0 0 1 0 0 0 1 0 1.49 1.46</i>
                <i>1 0 0 0 1 0 0 0 1 0 1.49 1.46</i>
                <i>1 0 0 0 1 0 0 0 1 0 1.49 1.46</i>
                <i>1 0 0 0 1 0 0 0 1 0 1.49 1.46</i>
                <i>1 0 0 0 1 0 0 0 1 0 1.49 1.46</i>
                <i>1 0 0 0 1 0 0 0 1 0 1.49 1.46</i>
                <i>1 0 0 0 1 0 0 0 1 0 1.49 1.46</i>
                <i>1 0 0 0 1 0 0 0 1 0 1.49 1.46</i>
                <i>1 0 0 0 1 0 0 0 1 0 1.49 1.46</i>
                <i>1 0 0 0 1 0 0 0 1 0 1.49 1.46</i>
                <i>1 0 0 0 1 0 0 0 1 0 1.49 1.46</i>
                <i>1 0 0 0 1 0 0 0 1 0 1.49 1.46</i>
                <i>1 0 0 0 1 0 0 0 1 0 1.49 1.46</i>
                <i>1 0 0 0 1 0 0 0 1 0 1.49 1.46</i>
                <i>1 0 0 0 1 0 0 0 1 0 1.49 1.46</i>
                <i>1 0 0 0 1 0 0 0 1 0 1.49 1.46</i>
                <i>1 0 0 0 1 0 0 0 1 0 1.49 1.46</i>
                <i>1 0 0 0 1 0 0 0 1 0 1.49 1.46</i>
                <i>1 0 0 0 1 0 0 0 1 0 1.49 1.46</i>
                <i>1 0 0 0 1 0 0 0 1 0 1.49 1.46</i>
                <i>1 0 0 0 1 0 0 0 1 0 1.49 1.46</i>
                <i>1 0 0 0 1 0 0 0 1 0 1.49 1.46</i>
                <i>1 0 0 0 1 0 0 0 1 0 1.49 1.46</i>
                <i>1 0 0 0 1 0 0 0 1 0 1.49 1.46</i>
                <i>1 0 0 0 1 0 0 0 1 0 1.49 1.46</i>
            </KeyFrames>
        </RefFrame>
        <Bones count="8">
            <i>
                <p>
                    <Name>
                        <![CDATA[root]]>
</Name>
                    <Exclude>1</Exclude>
                    <Additive>0</Additive>
                    <KeyFrames count="60">
                        <i>1 0 0 0 1 0 0 0 1 0 1.49 1.46</i>
                        <i>1 0 0 0 1 0 0 0 1 0 1.49 1.46</i>
                        <i>1 0 0 0 1 0 0 0 1 0 1.49 1.46</i>
                        <i>1 0 0 0 1 0 0 0 1 0 1.49 1.46</i>
                        <i>1 0 0 0 1 0 0 0 1 0 1.49 1.46</i>
                        <i>1 0 0 0 1 0 0 0 1 0 1.49 1.46</i>
                        <i>1 0 0 0 1 0 0 0 1 0 1.49 1.46</i>
                        <i>1 0 0 0 1 0 0 0 1 0 1.49 1.46</i>
                        <i>1 0 0 0 1 0 0 0 1 0 1.49 1.46</i>
                        <i>1 0 0 0 1 0 0 0 1 0 1.49 1.46</i>
                        <i>1 0 0 0 1 0 0 0 1 0 1.49 1.46</i>
                        <i>1 0 0 0 1 0 0 0 1 0 1.49 1.46</i>
                        <i>1 0 0 0 1 0 0 0 1 0 1.49 1.46</i>
                        <i>1 0 0 0 1 0 0 0 1 0 1.49 1.46</i>
                        <i>1 0 0 0 1 0 0 0 1 0 1.49 1.46</i>
                        <i>1 0 0 0 1 0 0 0 1 0 1.49 1.46</i>
                        <i>1 0 0 0 1 0 0 0 1 0 1.49 1.46</i>
                        <i>1 0 0 0 1 0 0 0 1 0 1.49 1.46</i>
                        <i>1 0 0 0 1 0 0 0 1 0 1.49 1.46</i>
                        <i>1 0 0 0 1 0 0 0 1 0 1.49 1.46</i>
                        <i>1 0 0 0 1 0 0 0 1 0 1.49 1.46</i>
                        <i>1 0 0 0 1 0 0 0 1 0 1.49 1.46</i>
                        <i>1 0 0 0 1 0 0 0 1 0 1.49 1.46</i>
                        <i>1 0 0 0 1 0 0 0 1 0 1.49 1.46</i>
                        <i>1 0 0 0 1 0 0 0 1 0 1.49 1.46</i>
                        <i>1 0 0 0 1 0 0 0 1 0 1.49 1.46</i>
                        <i>1 0 0 0 1 0 0 0 1 0 1.49 1.46</i>
                        <i>1 0 0 0 1 0 0 0 1 0 1.49 1.46</i>
                        <i>1 0 0 0 1 0 0 0 1 0 1.49 1.46</i>
                        <i>1 0 0 0 1 0 0 0 1 0 1.49 1.46</i>
                        <i>1 0 0 0 1 0 0 0 1 0 1.49 1.46</i>
                        <i>1 0 0 0 1 0 0 0 1 0 1.49 1.46</i>
                        <i>1 0 0 0 1 0 0 0 1 0 1.49 1.46</i>
                        <i>1 0 0 0 1 0 0 0 1 0 1.49 1.46</i>
                        <i>1 0 0 0 1 0 0 0 1 0 1.49 1.46</i>
                        <i>1 0 0 0 1 0 0 0 1 0 1.49 1.46</i>
                        <i>1 0 0 0 1 0 0 0 1 0 1.49 1.46</i>
                        <i>1 0 0 0 1 0 0 0 1 0 1.49 1.46</i>
                        <i>1 0 0 0 1 0 0 0 1 0 1.49 1.46</i>
                        <i>1 0 0 0 1 0 0 0 1 0 1.49 1.46</i>
                        <i>1 0 0 0 1 0 0 0 1 0 1.49 1.46</i>
                        <i>1 0 0 0 1 0 0 0 1 0 1.49 1.46</i>
                        <i>1 0 0 0 1 0 0 0 1 0 1.49 1.46</i>
                        <i>1 0 0 0 1 0 0 0 1 0 1.49 1.46</i>
                        <i>1 0 0 0 1 0 0 0 1 0 1.49 1.46</i>
                        <i>1 0 0 0 1 0 0 0 1 0 1.49 1.46</i>
                        <i>1 0 0 0 1 0 0 0 1 0 1.49 1.46</i>
                        <i>1 0 0 0 1 0 0 0 1 0 1.49 1.46</i>
                        <i>1 0 0 0 1 0 0 0 1 0 1.49 1.46</i>
                        <i>1 0 0 0 1 0 0 0 1 0 1.49 1.46</i>
                        <i>1 0 0 0 1 0 0 0 1 0 1.49 1.46</i>
                        <i>1 0 0 0 1 0 0 0 1 0 1.49 1.46</i>
                        <i>1 0 0 0 1 0 0 0 1 0 1.49 1.46</i>
                        <i>1 0 0 0 1 0 0 0 1 0 1.49 1.46</i>
                        <i>1 0 0 0 1 0 0 0 1 0 1.49 1.46</i>
                        <i>1 0 0 0 1 0 0 0 1 0 1.49 1.46</i>
                        <i>1 0 0 0 1 0 0 0 1 0 1.49 1.46</i>
                        <i>1 0 0 0 1 0 0 0 1 0 1.49 1.46</i>
                        <i>1 0 0 0 1 0 0 0 1 0 1.49 1.46</i>
                        <i>1 0 0 0 1 0 0 0 1 0 1.49 1.46</i>
                    </KeyFrames>
                </p>
            </i>
            <i>
                <p>
                    <Name>
                        <![CDATA[wheel_axle]]>
</Name>
                    <Exclude>1</Exclude>
                    <Additive>0</Additive>
                    <KeyFrames count="60">
                        <i>1 0 0 0 1 0 0 0 1 0 3.19445 1.46</i>
                        <i>1 0 0 0 1 0 0 0 1 0 3.19445 1.46</i>
                        <i>1 0 0 0 1 0 0 0 1 0 3.19445 1.46</i>
                        <i>1 0 0 0 1 0 0 0 1 0 3.19445 1.46</i>
                        <i>1 0 0 0 1 0 0 0 1 0 3.19445 1.46</i>
                        <i>1 0 0 0 1 0 0 0 1 0 3.19445 1.46</i>
                        <i>1 0 0 0 1 0 0 0 1 0 3.19445 1.46</i>
                        <i>1 0 0 0 1 0 0 0 1 0 3.19445 1.46</i>
                        <i>1 0 0 0 1 0 0 0 1 0 3.19445 1.46</i>
                        <i>1 0 0 0 1 0 0 0 1 0 3.19445 1.46</i>
                        <i>1 0 0 0 1 0 0 0 1 0 3.19445 1.46</i>
                        <i>1 0 0 0 1 0 0 0 1 0 3.19445 1.46</i>
                        <i>1 0 0 0 1 0 0 0 1 0 3.19445 1.46</i>
                        <i>1 0 0 0 1 0 0 0 1 0 3.19445 1.46</i>
                        <i>1 0 0 0 1 0 0 0 1 0 3.19445 1.46</i>
                        <i>1 0 0 0 1 0 0 0 1 0 3.19445 1.46</i>
                        <i>1 0 0 0 1 0 0 0 1 0 3.19445 1.46</i>
                        <i>1 0 0 0 1 0 0 0 1 0 3.19445 1.46</i>
                        <i>1 0 0 0 1 0 0 0 1 0 3.19445 1.46</i>
                        <i>1 0 0 0 1 0 0 0 1 0 3.19445 1.46</i>
                        <i>1 0 0 0 1 0 0 0 1 0 3.19445 1.46</i>
                        <i>1 0 0 0 1 0 0 0 1 0 3.19445 1.46</i>
                        <i>1 0 0 0 1 0 0 0 1 0 3.19445 1.46</i>
                        <i>1 0 0 0 1 0 0 0 1 0 3.19445 1.46</i>
                        <i>1 0 0 0 1 0 0 0 1 0 3.19445 1.46</i>
                        <i>1 0 0 0 1 0 0 0 1 0 3.19445 1.46</i>
                        <i>1 0 0 0 1 0 0 0 1 0 3.19445 1.46</i>
                        <i>1 0 0 0 1 0 0 0 1 0 3.19445 1.46</i>
                        <i>1 0 0 0 1 0 0 0 1 0 3.19445 1.46</i>
                        <i>1 0 0 0 1 0 0 0 1 0 3.19445 1.46</i>
                        <i>1 0 0 0 1 0 0 0 1 0 3.19445 1.46</i>
                        <i>1 0 0 0 1 0 0 0 1 0 3.19445 1.46</i>
                        <i>1 0 0 0 1 0 0 0 1 0 3.19445 1.46</i>
                        <i>1 0 0 0 1 0 0 0 1 0 3.19445 1.46</i>
                        <i>1 0 0 0 1 0 0 0 1 0 3.19445 1.46</i>
                        <i>1 0 0 0 1 0 0 0 1 0 3.19445 1.46</i>
                        <i>1 0 0 0 1 0 0 0 1 0 3.19445 1.46</i>
                        <i>1 0 0 0 1 0 0 0 1 0 3.19445 1.46</i>
                        <i>1 0 0 0 1 0 0 0 1 0 3.19445 1.46</i>
                        <i>1 0 0 0 1 0 0 0 1 0 3.19445 1.46</i>
                        <i>1 0 0 0 1 0 0 0 1 0 3.19445 1.46</i>
                        <i>1 0 0 0 1 0 0 0 1 0 3.19445 1.46</i>
                        <i>1 0 0 0 1 0 0 0 1 0 3.19445 1.46</i>
                        <i>1 0 0 0 1 0 0 0 1 0 3.19445 1.46</i>
                        <i>1 0 0 0 1 0 0 0 1 0 3.19445 1.46</i>
                        <i>1 0 0 0 1 0 0 0 1 0 3.19445 1.46</i>
                        <i>1 0 0 0 1 0 0 0 1 0 3.19445 1.46</i>
                        <i>1 0 0 0 1 0 0 0 1 0 3.19445 1.46</i>
                        <i>1 0 0 0 1 0 0 0 1 0 3.19445 1.46</i>
                        <i>1 0 0 0 1 0 0 0 1 0 3.19445 1.46</i>
                        <i>1 0 0 0 1 0 0 0 1 0 3.19445 1.46</i>
                        <i>1 0 0 0 1 0 0 0 1 0 3.19445 1.46</i>
                        <i>1 0 0 0 1 0 0 0 1 0 3.19445 1.46</i>
                        <i>1 0 0 0 1 0 0 0 1 0 3.19445 1.46</i>
                        <i>1 0 0 0 1 0 0 0 1 0 3.19445 1.46</i>
                        <i>1 0 0 0 1 0 0 0 1 0 3.19445 1.46</i>
                        <i>1 0 0 0 1 0 0 0 1 0 3.19445 1.46</i>
                        <i>1 0 0 0 1 0 0 0 1 0 3.19445 1.46</i>
                        <i>1 0 0 0 1 0 0 0 1 0 3.19445 1.46</i>
                        <i>1 0 0 0 1 0 0 0 1 0 3.19445 1.46</i>
                    </KeyFrames>
                </p>
            </i>
            <i>
                <p>
                    <Name>
                        <![CDATA[angle_pivot]]>
</Name>
                    <Exclude>1</Exclude>
                    <Additive>0</Additive>
                    <KeyFrames count="60">
                        <i>-1 3.67394e-016 0 -3.67394e-016 -1 -0 0 0 1 0 3.74996 2.55269</i>
                        <i>-1 3.67394e-016 0 -3.67394e-016 -1 -0 0 0 1 0 3.74996 2.55269</i>
                        <i>-1 3.67394e-016 0 -3.67394e-016 -1 -0 0 0 1 0 3.74996 2.55269</i>
                        <i>-1 3.67394e-016 0 -3.67394e-016 -1 -0 0 0 1 0 3.74996 2.55269</i>
                        <i>-1 3.67394e-016 0 -3.67394e-016 -1 -0 0 0 1 0 3.74996 2.55269</i>
                        <i>-1 3.67394e-016 0 -3.67394e-016 -1 -0 0 0 1 0 3.74996 2.55269</i>
                        <i>-1 3.67394e-016 0 -3.67394e-016 -1 -0 0 0 1 0 3.74996 2.55269</i>
                        <i>-1 3.67394e-016 0 -3.67394e-016 -1 -0 0 0 1 0 3.74996 2.55269</i>
                        <i>-1 3.67394e-016 0 -3.67394e-016 -1 -0 0 0 1 0 3.74996 2.55269</i>
                        <i>-1 3.67394e-016 0 -3.67394e-016 -1 -0 0 0 1 0 3.74996 2.55269</i>
                        <i>-1 3.67394e-016 0 -3.67394e-016 -1 -0 0 0 1 0 3.74996 2.55269</i>
                        <i>-1 3.67394e-016 0 -3.67394e-016 -1 -0 0 0 1 0 3.74996 2.55269</i>
                        <i>-1 3.67394e-016 0 -3.67394e-016 -1 -0 0 0 1 0 3.74996 2.55269</i>
                        <i>-1 3.67394e-016 0 -3.67394e-016 -1 -0 0 0 1 0 3.74996 2.55269</i>
                        <i>-1 3.67394e-016 0 -3.67394e-016 -1 -0 0 0 1 0 3.74996 2.55269</i>
                        <i>-1 3.67394e-016 0 -3.67394e-016 -1 -0 0 0 1 0 3.74996 2.55269</i>
                        <i>-1 3.67394e-016 0 -3.67394e-016 -1 -0 0 0 1 0 3.74996 2.55269</i>
                        <i>-1 3.67394e-016 0 -3.67394e-016 -1 -0 0 0 1 0 3.74996 2.55269</i>
                        <i>-1 3.67394e-016 0 -3.67394e-016 -1 -0 0 0 1 0 3.74996 2.55269</i>
                        <i>-1 3.67394e-016 0 -3.67394e-016 -1 -0 0 0 1 0 3.74996 2.55269</i>
                        <i>-1 3.67394e-016 0 -3.67394e-016 -1 -0 0 0 1 0 3.74996 2.55269</i>
                        <i>-1 3.67394e-016 0 -3.67394e-016 -1 -0 0 0 1 0 3.74996 2.55269</i>
                        <i>-1 3.67394e-016 0 -3.67394e-016 -1 -0 0 0 1 0 3.74996 2.55269</i>
                        <i>-1 3.67394e-016 0 -3.67394e-016 -1 -0 0 0 1 0 3.74996 2.55269</i>
                        <i>-1 3.67394e-016 0 -3.67394e-016 -1 -0 0 0 1 0 3.74996 2.55269</i>
                        <i>-1 3.67394e-016 0 -3.67394e-016 -1 -0 0 0 1 0 3.74996 2.55269</i>
                        <i>-1 3.67394e-016 0 -3.67394e-016 -1 -0 0 0 1 0 3.74996 2.55269</i>
                        <i>-1 3.67394e-016 0 -3.67394e-016 -1 -0 0 0 1 0 3.74996 2.55269</i>
                        <i>-1 3.67394e-016 0 -3.67394e-016 -1 -0 0 0 1 0 3.74996 2.55269</i>
                        <i>-1 3.67394e-016 0 -3.67394e-016 -1 -0 0 0 1 0 3.74996 2.55269</i>
                        <i>-1 3.67394e-016 0 -3.67394e-016 -1 -0 0 0 1 0 3.74996 2.55269</i>
                        <i>-1 3.67394e-016 0 -3.67394e-016 -1 -0 0 0 1 0 3.74996 2.55269</i>
                        <i>-1 3.67394e-016 0 -3.67394e-016 -1 -0 0 0 1 0 3.74996 2.55269</i>
                        <i>-1 3.67394e-016 0 -3.67394e-016 -1 -0 0 0 1 0 3.74996 2.55269</i>
                        <i>-1 3.67394e-016 0 -3.67394e-016 -1 -0 0 0 1 0 3.74996 2.55269</i>
                        <i>-1 3.67394e-016 0 -3.67394e-016 -1 -0 0 0 1 0 3.74996 2.55269</i>
                        <i>-1 3.67394e-016 0 -3.67394e-016 -1 -0 0 0 1 0 3.74996 2.55269</i>
                        <i>-1 3.67394e-016 0 -3.67394e-016 -1 -0 0 0 1 0 3.74996 2.55269</i>
                        <i>-1 3.67394e-016 0 -3.67394e-016 -1 -0 0 0 1 0 3.74996 2.55269</i>
                        <i>-1 3.67394e-016 0 -3.67394e-016 -1 -0 0 0 1 0 3.74996 2.55269</i>
                        <i>-1 3.67394e-016 0 -3.67394e-016 -1 -0 0 0 1 0 3.74996 2.55269</i>
                        <i>-1 3.67394e-016 0 -3.67394e-016 -1 -0 0 0 1 0 3.74996 2.55269</i>
                        <i>-1 3.67394e-016 0 -3.67394e-016 -1 -0 0 0 1 0 3.74996 2.55269</i>
                        <i>-1 3.67394e-016 0 -3.67394e-016 -1 -0 0 0 1 0 3.74996 2.55269</i>
                        <i>-1 3.67394e-016 0 -3.67394e-016 -1 -0 0 0 1 0 3.74996 2.55269</i>
                        <i>-1 3.67394e-016 0 -3.67394e-016 -1 -0 0 0 1 0 3.74996 2.55269</i>
                        <i>-1 3.67394e-016 0 -3.67394e-016 -1 -0 0 0 1 0 3.74996 2.55269</i>
                        <i>-1 3.67394e-016 0 -3.67394e-016 -1 -0 0 0 1 0 3.74996 2.55269</i>
                        <i>-1 3.67394e-016 0 -3.67394e-016 -1 -0 0 0 1 0 3.74996 2.55269</i>
                        <i>-1 3.67394e-016 0 -3.67394e-016 -1 -0 0 0 1 0 3.74996 2.55269</i>
                        <i>-1 3.67394e-016 0 -3.67394e-016 -1 -0 0 0 1 0 3.74996 2.55269</i>
                        <i>-1 3.67394e-016 0 -3.67394e-016 -1 -0 0 0 1 0 3.74996 2.55269</i>
                        <i>-1 3.67394e-016 0 -3.67394e-016 -1 -0 0 0 1 0 3.74996 2.55269</i>
                        <i>-1 3.67394e-016 0 -3.67394e-016 -1 -0 0 0 1 0 3.74996 2.55269</i>
                        <i>-1 3.67394e-016 0 -3.67394e-016 -1 -0 0 0 1 0 3.74996 2.55269</i>
                        <i>-1 3.67394e-016 0 -3.67394e-016 -1 -0 0 0 1 0 3.74996 2.55269</i>
                        <i>-1 3.67394e-016 0 -3.67394e-016 -1 -0 0 0 1 0 3.74996 2.55269</i>
                        <i>-1 3.67394e-016 0 -3.67394e-016 -1 -0 0 0 1 0 3.74996 2.55269</i>
                        <i>-1 3.67394e-016 0 -3.67394e-016 -1 -0 0 0 1 0 3.74996 2.55269</i>
                        <i>-1 3.67394e-016 0 -3.67394e-016 -1 -0 0 0 1 0 3.74996 2.55269</i>
                    </KeyFrames>
                </p>
            </i>
            <i>
                <p>
                    <Name>
                        <![CDATA[barrel]]>
</Name>
                    <Exclude>1</Exclude>
                    <Additive>0</Additive>
                    <KeyFrames count="60">
                        <i>1 -2.44929e-016 0 2.44929e-016 1 0 0 0 1 -4.76414e-008 4.90501 3.88303</i>
                        <i>1 -2.44929e-016 0 2.44929e-016 1 0 0 0 1 -4.76414e-008 4.90501 3.88303</i>
                        <i>1 -2.44929e-016 0 2.44929e-016 1 0 0 0 1 -4.76414e-008 4.90501 3.88303</i>
                        <i>1 -2.44929e-016 0 2.44929e-016 1 0 0 0 1 -4.76414e-008 4.90501 3.88303</i>
                        <i>1 -2.44929e-016 0 2.44929e-016 1 0 0 0 1 -4.76414e-008 4.90501 3.88303</i>
                        <i>1 -2.44929e-016 0 2.44929e-016 1 0 0 0 1 -4.76414e-008 4.90501 3.88303</i>
                        <i>1 -2.44929e-016 0 2.44929e-016 1 0 0 0 1 -4.76414e-008 4.90501 3.88303</i>
                        <i>1 -2.44929e-016 0 2.44929e-016 1 0 0 0 1 -4.76414e-008 4.90501 3.88303</i>
                        <i>1 -2.44929e-016 0 2.44929e-016 1 0 0 0 1 -4.76414e-008 4.90501 3.88303</i>
                        <i>1 -2.44929e-016 0 2.44929e-016 1 0 0 0 1 -4.76414e-008 4.90501 3.88303</i>
                        <i>1 -2.44929e-016 0 2.44929e-016 1 0 0 0 1 -4.76414e-008 4.90501 3.88303</i>
                        <i>1 -2.44929e-016 0 2.44929e-016 1 0 0 0 1 -4.76414e-008 4.90501 3.88303</i>
                        <i>1 -2.44929e-016 0 2.44929e-016 1 0 0 0 1 -4.76414e-008 4.90501 3.88303</i>
                        <i>1 -2.44929e-016 0 2.44929e-016 1 0 0 0 1 -4.76414e-008 4.90501 3.88303</i>
                        <i>1 -2.44929e-016 0 2.44929e-016 1 0 0 0 1 -4.76414e-008 4.90501 3.88303</i>
                        <i>1 -2.44929e-016 0 2.44929e-016 1 0 0 0 1 -4.76414e-008 4.90501 3.88303</i>
                        <i>1 -2.44929e-016 0 2.44929e-016 1 0 0 0 1 -4.76414e-008 4.90501 3.88303</i>
                        <i>1 -2.44929e-016 0 2.44929e-016 1 0 0 0 1 -4.76414e-008 4.90501 3.88303</i>
                        <i>1 -2.44929e-016 0 2.44929e-016 1 0 0 0 1 -4.76414e-008 4.90501 3.88303</i>
                        <i>1 -2.44929e-016 0 2.44929e-016 1 0 0 0 1 -4.76414e-008 4.90501 3.88303</i>
                        <i>1 -2.44929e-016 0 2.44929e-016 1 0 0 0 1 -4.76414e-008 4.90501 3.88303</i>
                        <i>1 -2.44929e-016 0 2.44929e-016 1 0 0 0 1 -4.76414e-008 4.90501 3.88303</i>
                        <i>1 -2.44929e-016 0 2.44929e-016 1 0 0 0 1 -4.76414e-008 4.90501 3.88303</i>
                        <i>1 -2.44929e-016 0 2.44929e-016 1 0 0 0 1 -4.76414e-008 4.90501 3.88303</i>
                        <i>1 -2.44929e-016 0 2.44929e-016 1 0 0 0 1 -4.76414e-008 4.90501 3.88303</i>
                        <i>1 -2.44929e-016 0 2.44929e-016 1 0 0 0 1 -4.76414e-008 4.90501 3.88303</i>
                        <i>1 -2.44929e-016 0 2.44929e-016 1 0 0 0 1 -4.76414e-008 4.90501 3.88303</i>
                        <i>1 -2.44929e-016 0 2.44929e-016 1 0 0 0 1 -4.76414e-008 4.90501 3.88303</i>
                        <i>1 -2.44929e-016 0 2.44929e-016 1 0 0 0 1 -4.76414e-008 4.90501 3.88303</i>
                        <i>1 -2.44929e-016 0 2.44929e-016 1 0 0 0 1 -4.76414e-008 4.90501 3.88303</i>
                        <i>1 -2.44929e-016 0 2.44929e-016 1 0 0 0 1 -4.76414e-008 4.90501 3.88303</i>
                        <i>1 -2.44929e-016 0 2.44929e-016 1 0 0 0 1 -4.76414e-008 4.90501 3.88303</i>
                        <i>1 -2.44929e-016 0 2.44929e-016 1 0 0 0 1 -4.76414e-008 4.90501 3.88303</i>
                        <i>1 -2.44929e-016 0 2.44929e-016 1 0 0 0 1 -4.76414e-008 4.90501 3.88303</i>
                        <i>1 -2.44929e-016 0 2.44929e-016 1 0 0 0 1 -4.76414e-008 4.90501 3.88303</i>
                        <i>1 -2.44929e-016 0 2.44929e-016 1 0 0 0 1 -4.76414e-008 4.90501 3.88303</i>
                        <i>1 -2.44929e-016 0 2.44929e-016 1 0 0 0 1 -4.76414e-008 4.90501 3.88303</i>
                        <i>1 -2.44929e-016 0 2.44929e-016 1 0 0 0 1 -4.76414e-008 4.90501 3.88303</i>
                        <i>1 -2.44929e-016 0 2.44929e-016 1 0 0 0 1 -4.76414e-008 4.90501 3.88303</i>
                        <i>1 -2.44929e-016 0 2.44929e-016 1 0 0 0 1 -4.76414e-008 4.90501 3.88303</i>
                        <i>1 -2.44929e-016 0 2.44929e-016 1 0 0 0 1 -4.76414e-008 4.90501 3.88303</i>
                        <i>1 -2.44929e-016 0 2.44929e-016 1 0 0 0 1 -4.76414e-008 4.90501 3.88303</i>
                        <i>1 -2.44929e-016 0 2.44929e-016 1 0 0 0 1 -4.76414e-008 4.90501 3.88303</i>
                        <i>1 -2.44929e-016 0 2.44929e-016 1 0 0 0 1 -4.76414e-008 4.90501 3.88303</i>
                        <i>1 -2.44929e-016 0 2.44929e-016 1 0 0 0 1 -4.76414e-008 4.90501 3.88303</i>
                        <i>1 -2.44929e-016 0 2.44929e-016 1 0 0 0 1 -4.76414e-008 4.90501 3.88303</i>
                        <i>1 -2.44929e-016 0 2.44929e-016 1 0 0 0 1 -4.76414e-008 4.90501 3.88303</i>
                        <i>1 -2.44929e-016 0 2.44929e-016 1 0 0 0 1 -4.76414e-008 4.90501 3.88303</i>
                        <i>1 -2.44929e-016 0 2.44929e-016 1 0 0 0 1 -4.76414e-008 4.90501 3.88303</i>
                        <i>1 -2.44929e-016 0 2.44929e-016 1 0 0 0 1 -4.76414e-008 4.90501 3.88303</i>
                        <i>1 -2.44929e-016 0 2.44929e-016 1 0 0 0 1 -4.76414e-008 4.90501 3.88303</i>
                        <i>1 -2.44929e-016 0 2.44929e-016 1 0 0 0 1 -4.76414e-008 4.90501 3.88303</i>
                        <i>1 -2.44929e-016 0 2.44929e-016 1 0 0 0 1 -4.76414e-008 4.90501 3.88303</i>
                        <i>1 -2.44929e-016 0 2.44929e-016 1 0 0 0 1 -4.76414e-008 4.90501 3.88303</i>
                        <i>1 -2.44929e-016 0 2.44929e-016 1 0 0 0 1 -4.76414e-008 4.90501 3.88303</i>
                        <i>1 -2.44929e-016 0 2.44929e-016 1 0 0 0 1 -4.76414e-008 4.90501 3.88303</i>
                        <i>1 -2.44929e-016 0 2.44929e-016 1 0 0 0 1 -4.76414e-008 4.90501 3.88303</i>
                        <i>1 -2.44929e-016 0 2.44929e-016 1 0 0 0 1 -4.76414e-008 4.90501 3.88303</i>
                        <i>1 -2.44929e-016 0 2.44929e-016 1 0 0 0 1 -4.76414e-008 4.90501 3.88303</i>
                        <i>1 -2.44929e-016 0 2.44929e-016 1 0 0 0 1 -4.76414e-008 4.90501 3.88303</i>
                    </KeyFrames>
                </p>
            </i>
            <i>
                <p>
                    <Name>
                        <![CDATA[hatch]]>
</Name>
                    <Exclude>0</Exclude>
                    <Additive>0</Additive>
                    <KeyFrames count="60">
                        <i>1 -2.44929e-016 0 2.44929e-016 1 0 0 0 1 -0.631075 4.90501 0.951269</i>
                        <i>0.989435 -2.42342e-016 -0.144977 2.44929e-016 1 0 0.144977 -3.55092e-017 0.989435 -0.631075 4.90501 0.951269</i>
                        <i>0.953457 -2.3353e-016 -0.301528 2.44929e-016 1 0 0.301528 -7.3853e-017 0.953457 -0.631075 4.90501 0.951269</i>
                        <i>0.887808 -2.1745e-016 -0.460215 2.44929e-016 1 0 0.460215 -1.1272e-016 0.887808 -0.631075 4.90501 0.951269</i>
                        <i>0.791742 -1.93921e-016 -0.610856 2.44929e-016 1 0 0.610856 -1.49616e-016 0.791742 -0.631075 4.90501 0.951269</i>
                        <i>0.668334 -1.63695e-016 -0.743861 2.44929e-016 1 6.16298e-033 0.743861 -1.82193e-016 0.668334 -0.631075 4.90501 0.951269</i>
                        <i>0.524111 -1.2837e-016 -0.85165 2.44929e-016 1 0 0.85165 -2.08594e-016 0.524111 -0.631075 4.90501 0.951269</i>
                        <i>0.36808 -9.01537e-017 -0.929794 2.44929e-016 1 0 0.929794 -2.27734e-016 0.36808 -0.631075 4.90501 0.951269</i>
                        <i>0.210379 -5.15279e-017 -0.97762 2.44929e-016 1 0 0.97762 -2.39448e-016 0.210379 -0.631075 4.90501 0.951269</i>
                        <i>0.0608658 -1.49078e-017 -0.998146 2.44929e-016 1 0 0.998146 -2.44475e-016 0.0608658 -0.631075 4.90501 0.951269</i>
                        <i>-0.0719939 1.76334e-017 -0.997405 2.44929e-016 1 0 0.997405 -2.44294e-016 -0.0719939 -0.631075 4.90501 0.951269</i>
                        <i>-0.181725 4.45097e-017 -0.98335 2.44929e-016 1 0 0.98335 -2.40851e-016 -0.181725 -0.631075 4.90501 0.951269</i>
                        <i>-0.263811 6.4615e-017 -0.964574 2.44929e-016 1 0 0.964574 -2.36253e-016 -0.263811 -0.631075 4.90501 0.951269</i>
                        <i>-0.31511 7.71797e-017 -0.949055 2.44929e-016 1 0 0.949055 -2.32451e-016 -0.31511 -0.631075 4.90501 0.951269</i>
                        <i>-0.332891 8.15348e-017 -0.942965 2.44929e-016 1 0 0.942965 -2.3096e-016 -0.332891 -0.631075 4.90501 0.951269</i>
                        <i>-0.318992 7.81305e-017 -0.947757 2.44929e-016 1 -1.2326e-032 0.947757 -2.32134e-016 -0.318992 -0.631075 4.90501 0.951269</i>
                        <i>-0.280927 6.88073e-017 -0.959729 2.44929e-016 1 0 0.959729 -2.35066e-016 -0.280927 -0.631075 4.90501 0.951269</i>
                        <i>-0.224034 5.48725e-017 -0.974581 2.44929e-016 1 1.2326e-032 0.974581 -2.38704e-016 -0.224034 -0.631075 4.90501 0.951269</i>
                        <i>-0.153927 3.77014e-017 -0.988082 2.44929e-016 1 0 0.988082 -2.4201e-016 -0.153927 -0.631075 4.90501 0.951269</i>
                        <i>-0.0767554 1.87996e-017 -0.99705 2.44929e-016 1 -1.2326e-032 0.99705 -2.44207e-016 -0.0767554 -0.631075 4.90501 0.951269</i>
                        <i>0.000879847 -2.155e-019 -1 2.44929e-016 1 0 1 -2.44929e-016 0.000879847 -0.631075 4.90501 0.951269</i>
                        <i>0.072227 -1.76905e-017 -0.997388 2.44929e-016 1 0 0.997388 -2.4429e-016 0.072227 -0.631075 4.90501 0.951269</i>
                        <i>0.130723 -3.20179e-017 -0.991419 2.44929e-016 1 0 0.991419 -2.42828e-016 0.130723 -0.631075 4.90501 0.951269</i>
                        <i>0.170171 -4.168e-017 -0.985414 2.44929e-016 1 1.2326e-032 0.985414 -2.41357e-016 0.170171 -0.631075 4.90501 0.951269</i>
                        <i>0.18464 -4.52238e-017 -0.982806 2.44929e-016 1 -1.2326e-032 0.982806 -2.40718e-016 0.18464 -0.631075 4.90501 0.951269</i>
                        <i>0.17792 -4.35779e-017 -0.984045 2.44929e-016 1 0 0.984045 -2.41021e-016 0.17792 -0.631075 4.90501 0.951269</i>
                        <i>0.160398 -3.92863e-017 -0.987052 2.44929e-016 1 -1.2326e-032 0.987052 -2.41758e-016 0.160398 -0.631075 4.90501 0.951269</i>
                        <i>0.136031 -3.33179e-017 -0.990705 2.44929e-016 1 0 0.990705 -2.42653e-016 0.136031 -0.631075 4.90501 0.951269</i>
                        <i>0.108817 -2.66526e-017 -0.994062 2.44929e-016 1 0 0.994062 -2.43475e-016 0.108817 -0.631075 4.90501 0.951269</i>
                        <i>0.0828205 -2.02852e-017 -0.996565 2.44929e-016 1 0 0.996565 -2.44088e-016 0.0828205 -0.631075 4.90501 0.951269</i>
                        <i>0.0621428 -1.52206e-017 -0.998067 2.44929e-016 1 0 0.998067 -2.44456e-016 0.0621428 -0.631075 4.90501 0.951269</i>
                        <i>0.0508957 -1.24659e-017 -0.998704 2.44929e-016 1 1.2326e-032 0.998704 -2.44612e-016 0.0508957 -0.631075 4.90501 0.951269</i>
                        <i>0.0488121 -1.19555e-017 -0.998808 2.44929e-016 1 1.2326e-032 0.998808 -2.44637e-016 0.0488121 -0.631075 4.90501 0.951269</i>
                        <i>0.052008 -1.27383e-017 -0.998647 2.44929e-016 1 1.2326e-032 0.998647 -2.44598e-016 0.052008 -0.631075 4.90501 0.951269</i>
                        <i>0.05916 -1.449e-017 -0.998249 2.44929e-016 1 0 0.998249 -2.445e-016 0.05916 -0.631075 4.90501 0.951269</i>
                        <i>0.0689431 -1.68862e-017 -0.997621 2.44929e-016 1 0 0.997621 -2.44347e-016 0.0689431 -0.631075 4.90501 0.951269</i>
                        <i>0.0800323 -1.96023e-017 -0.996792 2.44929e-016 1 0 0.996792 -2.44144e-016 0.0800323 -0.631075 4.90501 0.951269</i>
                        <i>0.0911055 -2.23144e-017 -0.995841 2.44929e-016 1 1.2326e-032 0.995841 -2.43911e-016 0.0911055 -0.631075 4.90501 0.951269</i>
                        <i>0.100845 -2.46999e-017 -0.994902 2.44929e-016 1 0 0.994902 -2.43681e-016 0.100845 -0.631075 4.90501 0.951269</i>
                        <i>0.107939 -2.64374e-017 -0.994158 2.44929e-016 1 0 0.994158 -2.43498e-016 0.107939 -0.631075 4.90501 0.951269</i>
                        <i>0.111833 -2.73913e-017 -0.993727 2.44929e-016 1 0 0.993727 -2.43393e-016 0.111833 -0.631075 4.90501 0.951269</i>
                        <i>0.113584 -2.782e-017 -0.993528 2.44929e-016 1 0 0.993528 -2.43344e-016 0.113584 -0.631075 4.90501 0.951269</i>
                        <i>0.114289 -2.79927e-017 -0.993448 2.44929e-016 1 0 0.993448 -2.43324e-016 0.114289 -0.631075 4.90501 0.951269</i>
                        <i>0.115046 -2.81782e-017 -0.99336 2.44929e-016 1 -1.2326e-032 0.99336 -2.43303e-016 0.115046 -0.631075 4.90501 0.951269</i>
                        <i>0.116212 -2.84638e-017 -0.993224 2.44929e-016 1 0 0.993224 -2.4327e-016 0.116212 -0.631075 4.90501 0.951269</i>
                        <i>0.117409 -2.87569e-017 -0.993084 2.44929e-016 1 0 0.993084 -2.43235e-016 0.117409 -0.631075 4.90501 0.951269</i>
                        <i>0.118635 -2.90572e-017 -0.992938 2.44929e-016 1 0 0.992938 -2.432e-016 0.118635 -0.631075 4.90501 0.951269</i>
                        <i>0.119889 -2.93643e-017 -0.992787 2.44929e-016 1 0 0.992787 -2.43163e-016 0.119889 -0.631075 4.90501 0.951269</i>
                        <i>0.121169 -2.96778e-017 -0.992632 2.44929e-016 1 0 0.992632 -2.43125e-016 0.121169 -0.631075 4.90501 0.951269</i>
                        <i>0.122473 -2.99972e-017 -0.992472 2.44929e-016 1 0 0.992472 -2.43085e-016 0.122473 -0.631075 4.90501 0.951269</i>
                        <i>0.1238 -3.03222e-017 -0.992307 2.44929e-016 1 0 0.992307 -2.43045e-016 0.1238 -0.631075 4.90501 0.951269</i>
                        <i>0.125148 -3.06524e-017 -0.992138 2.44929e-016 1 0 0.992138 -2.43004e-016 0.125148 -0.631075 4.90501 0.951269</i>
                        <i>0.126516 -3.09874e-017 -0.991965 2.44929e-016 1 0 0.991965 -2.42961e-016 0.126516 -0.631075 4.90501 0.951269</i>
                        <i>0.127901 -3.13268e-017 -0.991787 2.44929e-016 1 0 0.991787 -2.42918e-016 0.127901 -0.631075 4.90501 0.951269</i>
                        <i>0.129303 -3.16701e-017 -0.991605 2.44929e-016 1 0 0.991605 -2.42873e-016 0.129303 -0.631075 4.90501 0.951269</i>
                        <i>0.130719 -3.2017e-017 -0.991419 2.44929e-016 1 0 0.991419 -2.42828e-016 0.130719 -0.631075 4.90501 0.951269</i>
                        <i>0.132149 -3.23671e-017 -0.99123 2.44929e-016 1 0 0.99123 -2.42781e-016 0.132149 -0.631075 4.90501 0.951269</i>
                        <i>0.13359 -3.272e-017 -0.991037 2.44929e-016 1 0 0.991037 -2.42734e-016 0.13359 -0.631075 4.90501 0.951269</i>
                        <i>0.13504 -3.30753e-017 -0.99084 2.44929e-016 1 0 0.99084 -2.42686e-016 0.13504 -0.631075 4.90501 0.951269</i>
                        <i>0.136499 -3.34326e-017 -0.99064 2.44929e-016 1 0 0.99064 -2.42637e-016 0.136499 -0.631075 4.90501 0.951269</i>
                    </KeyFrames>
                </p>
            </i>
            <i>
                <p>
                    <Name>
                        <![CDATA[shell_shelf]]>
</Name>
                    <Exclude>1</Exclude>
                    <Additive>0</Additive>
                    <KeyFrames count="60">
                        <i>1 0 0 0 1 0 0 0 1 0 3.53322 -2.68714</i>
                        <i>1 0 0 0 1 0 0 0 1 0 3.53322 -2.68714</i>
                        <i>1 0 0 0 1 0 0 0 1 0 3.53322 -2.68714</i>
                        <i>1 0 0 0 1 0 0 0 1 0 3.53322 -2.68714</i>
                        <i>1 0 0 0 1 0 0 0 1 0 3.53322 -2.68714</i>
                        <i>1 0 0 0 1 0 0 0 1 0 3.53322 -2.68714</i>
                        <i>1 0 0 0 1 0 0 0 1 0 3.53322 -2.68714</i>
                        <i>1 0 0 0 1 0 0 0 1 0 3.53322 -2.68714</i>
                        <i>1 0 0 0 1 0 0 0 1 0 3.53322 -2.68714</i>
                        <i>1 0 0 0 1 0 0 0 1 0 3.53322 -2.68714</i>
                        <i>1 0 0 0 1 0 0 0 1 0 3.53322 -2.68714</i>
                        <i>1 0 0 0 1 0 0 0 1 0 3.53322 -2.68714</i>
                        <i>1 0 0 0 1 0 0 0 1 0 3.53322 -2.68714</i>
                        <i>1 0 0 0 1 0 0 0 1 0 3.53322 -2.68714</i>
                        <i>1 0 0 0 1 0 0 0 1 0 3.53322 -2.68714</i>
                        <i>1 0 0 0 1 0 0 0 1 0 3.53322 -2.68714</i>
                        <i>1 0 0 0 1 0 0 0 1 0 3.53322 -2.68714</i>
                        <i>1 0 0 0 1 0 0 0 1 0 3.53322 -2.68714</i>
                        <i>1 0 0 0 1 0 0 0 1 0 3.53322 -2.68714</i>
                        <i>1 0 0 0 1 0 0 0 1 0 3.53322 -2.68714</i>
                        <i>1 0 0 0 1 0 0 0 1 0 3.53322 -2.68714</i>
                        <i>1 0 0 0 1 0 0 0 1 0 3.53322 -2.68714</i>
                        <i>1 0 0 0 1 0 0 0 1 0 3.53322 -2.68714</i>
                        <i>1 0 0 0 1 0 0 0 1 0 3.53322 -2.68714</i>
                        <i>1 0 0 0 1 0 0 0 1 0 3.53322 -2.68714</i>
                        <i>1 0 0 0 1 0 0 0 1 0 3.53322 -2.68714</i>
                        <i>1 0 0 0 1 0 0 0 1 0 3.53322 -2.68714</i>
                        <i>1 0 0 0 1 0 0 0 1 0 3.53322 -2.68714</i>
                        <i>1 0 0 0 1 0 0 0 1 0 3.53322 -2.68714</i>
                        <i>1 0 0 0 1 0 0 0 1 0 3.53322 -2.68714</i>
                        <i>1 0 0 0 1 0 0 0 1 0 3.53322 -2.68714</i>
                        <i>1 0 0 0 1 0 0 0 1 0 3.53322 -2.68714</i>
                        <i>1 0 0 0 1 0 0 0 1 0 3.53322 -2.68714</i>
                        <i>1 0 0 0 1 0 0 0 1 0 3.53322 -2.68714</i>
                        <i>1 0 0 0 1 0 0 0 1 0 3.53322 -2.68714</i>
                        <i>1 0 0 0 1 0 0 0 1 0 3.53322 -2.68714</i>
                        <i>1 0 0 0 1 0 0 0 1 0 3.53322 -2.68714</i>
                        <i>1 0 0 0 1 0 0 0 1 0 3.53322 -2.68714</i>
                        <i>1 0 0 0 1 0 0 0 1 0 3.53322 -2.68714</i>
                        <i>1 0 0 0 1 0 0 0 1 0 3.53322 -2.68714</i>
                        <i>1 0 0 0 1 0 0 0 1 0 3.53322 -2.68714</i>
                        <i>1 0 0 0 1 0 0 0 1 0 3.53322 -2.68714</i>
                        <i>1 0 0 0 1 0 0 0 1 0 3.53322 -2.68714</i>
                        <i>1 0 0 0 1 0 0 0 1 0 3.53322 -2.68714</i>
                        <i>1 0 0 0 1 0 0 0 1 0 3.53322 -2.68714</i>
                        <i>1 0 0 0 1 0 0 0 1 0 3.53322 -2.68714</i>
                        <i>1 0 0 0 1 0 0 0 1 0 3.53322 -2.68714</i>
                        <i>1 0 0 0 1 0 0 0 1 0 3.53322 -2.68714</i>
                        <i>1 0 0 0 1 0 0 0 1 0 3.53322 -2.68714</i>
                        <i>1 0 0 0 1 0 0 0 1 0 3.53322 -2.68714</i>
                        <i>1 0 0 0 1 0 0 0 1 0 3.53322 -2.68714</i>
                        <i>1 0 0 0 1 0 0 0 1 0 3.53322 -2.68714</i>
                        <i>1 0 0 0 1 0 0 0 1 0 3.53322 -2.68714</i>
                        <i>1 0 0 0 1 0 0 0 1 0 3.53322 -2.68714</i>
                        <i>1 0 0 0 1 0 0 0 1 0 3.53322 -2.68714</i>
                        <i>1 0 0 0 1 0 0 0 1 0 3.53322 -2.68714</i>
                        <i>1 0 0 0 1 0 0 0 1 0 3.53322 -2.68714</i>
                        <i>1 0 0 0 1 0 0 0 1 0 3.53322 -2.68714</i>
                        <i>1 0 0 0 1 0 0 0 1 0 3.53322 -2.68714</i>
                        <i>1 0 0 0 1 0 0 0 1 0 3.53322 -2.68714</i>
                    </KeyFrames>
                </p>
            </i>
            <i>
                <p>
                    <Name>
                        <![CDATA[barrel_piston]]>
</Name>
                    <Exclude>1</Exclude>
                    <Additive>0</Additive>
                    <KeyFrames count="60">
                        <i>1 0 0 0 0.897811 -0.44038 0 0.44038 0.897811 0 4.22053 1.54782</i>
                        <i>1 0 0 0 0.897811 -0.44038 0 0.44038 0.897811 0 4.22053 1.54782</i>
                        <i>1 0 0 0 0.897811 -0.44038 0 0.44038 0.897811 0 4.22053 1.54782</i>
                        <i>1 0 0 0 0.897811 -0.44038 0 0.44038 0.897811 0 4.22053 1.54782</i>
                        <i>1 0 0 0 0.897811 -0.44038 0 0.44038 0.897811 0 4.22053 1.54782</i>
                        <i>1 0 0 0 0.897811 -0.44038 0 0.44038 0.897811 0 4.22053 1.54782</i>
                        <i>1 0 0 0 0.897811 -0.44038 0 0.44038 0.897811 0 4.22053 1.54782</i>
                        <i>1 0 0 0 0.897811 -0.44038 0 0.44038 0.897811 0 4.22053 1.54782</i>
                        <i>1 0 0 0 0.897811 -0.44038 0 0.44038 0.897811 0 4.22053 1.54782</i>
                        <i>1 0 0 0 0.897811 -0.44038 0 0.44038 0.897811 0 4.22053 1.54782</i>
                        <i>1 0 0 0 0.897811 -0.44038 0 0.44038 0.897811 0 4.22053 1.54782</i>
                        <i>1 0 0 0 0.897811 -0.44038 0 0.44038 0.897811 0 4.22053 1.54782</i>
                        <i>1 0 0 0 0.897811 -0.44038 0 0.44038 0.897811 0 4.22053 1.54782</i>
                        <i>1 0 0 0 0.897811 -0.44038 0 0.44038 0.897811 0 4.22053 1.54782</i>
                        <i>1 0 0 0 0.897811 -0.44038 0 0.44038 0.897811 0 4.22053 1.54782</i>
                        <i>1 0 0 0 0.897811 -0.44038 0 0.44038 0.897811 0 4.22053 1.54782</i>
                        <i>1 0 0 0 0.897811 -0.44038 0 0.44038 0.897811 0 4.22053 1.54782</i>
                        <i>1 0 0 0 0.897811 -0.44038 0 0.44038 0.897811 0 4.22053 1.54782</i>
                        <i>1 0 0 0 0.897811 -0.44038 0 0.44038 0.897811 0 4.22053 1.54782</i>
                        <i>1 0 0 0 0.897811 -0.44038 0 0.44038 0.897811 0 4.22053 1.54782</i>
                        <i>1 0 0 0 0.897811 -0.44038 0 0.44038 0.897811 0 4.22053 1.54782</i>
                        <i>1 0 0 0 0.897811 -0.44038 0 0.44038 0.897811 0 4.22053 1.54782</i>
                        <i>1 0 0 0 0.897811 -0.44038 0 0.44038 0.897811 0 4.22053 1.54782</i>
                        <i>1 0 0 0 0.897811 -0.44038 0 0.44038 0.897811 0 4.22053 1.54782</i>
                        <i>1 0 0 0 0.897811 -0.44038 0 0.44038 0.897811 0 4.22053 1.54782</i>
