<?xml version="1.0" encoding="ISO-8859-1" ?>
<Animl Version="1">
    <ModellingPackage><![CDATA[Maya.2010]]></ModellingPackage>
    <SrcFile><![CDATA[anims\turrets\antitank\blue\~src\at_bgm71tow\antitank_bgm71tow_idle.mb]]></SrcFile>
    <FramesPerSecond>30</FramesPerSecond>
    <TotalFrames>120</TotalFrames>
    <Skeleton>
        <RefFrame>
            <Name><![CDATA[bgm71tow_ref_frame]]></Name>
            <Exclude>0</Exclude>
            <Additive>0</Additive>
            <IKPriority>0</IKPriority>
            <IKRotLimits>-1e+010 -1e+010 -1e+010 1e+010 1e+010 1e+010</IKRotLimits>
            <IKRotLimitOrder>0</IKRotLimitOrder>
            <KeyFrames count="120">
                <i>1 0 0 0 1 0 0 0 1 0 0.91 0</i>
                <i>1 0 0 0 1 0 0 0 1 0 0.91 0</i>
                <i>1 0 0 0 1 0 0 0 1 0 0.91 0</i>
                <i>1 0 0 0 1 0 0 0 1 0 0.91 0</i>
                <i>1 0 0 0 1 0 0 0 1 0 0.91 0</i>
                <i>1 0 0 0 1 0 0 0 1 0 0.91 0</i>
                <i>1 0 0 0 1 0 0 0 1 0 0.91 0</i>
                <i>1 0 0 0 1 0 0 0 1 0 0.91 0</i>
                <i>1 0 0 0 1 0 0 0 1 0 0.91 0</i>
                <i>1 0 0 0 1 0 0 0 1 0 0.91 0</i>
                <i>1 0 0 0 1 0 0 0 1 0 0.91 0</i>
                <i>1 0 0 0 1 0 0 0 1 0 0.91 0</i>
                <i>1 0 0 0 1 0 0 0 1 0 0.91 0</i>
                <i>1 0 0 0 1 0 0 0 1 0 0.91 0</i>
                <i>1 0 0 0 1 0 0 0 1 0 0.91 0</i>
                <i>1 0 0 0 1 0 0 0 1 0 0.91 0</i>
                <i>1 0 0 0 1 0 0 0 1 0 0.91 0</i>
                <i>1 0 0 0 1 0 0 0 1 0 0.91 0</i>
                <i>1 0 0 0 1 0 0 0 1 0 0.91 0</i>
                <i>1 0 0 0 1 0 0 0 1 0 0.91 0</i>
                <i>1 0 0 0 1 0 0 0 1 0 0.91 0</i>
                <i>1 0 0 0 1 0 0 0 1 0 0.91 0</i>
                <i>1 0 0 0 1 0 0 0 1 0 0.91 0</i>
                <i>1 0 0 0 1 0 0 0 1 0 0.91 0</i>
                <i>1 0 0 0 1 0 0 0 1 0 0.91 0</i>
                <i>1 0 0 0 1 0 0 0 1 0 0.91 0</i>
                <i>1 0 0 0 1 0 0 0 1 0 0.91 0</i>
                <i>1 0 0 0 1 0 0 0 1 0 0.91 0</i>
                <i>1 0 0 0 1 0 0 0 1 0 0.91 0</i>
                <i>1 0 0 0 1 0 0 0 1 0 0.91 0</i>
                <i>1 0 0 0 1 0 0 0 1 0 0.91 0</i>
                <i>1 0 0 0 1 0 0 0 1 0 0.91 0</i>
                <i>1 0 0 0 1 0 0 0 1 0 0.91 0</i>
                <i>1 0 0 0 1 0 0 0 1 0 0.91 0</i>
                <i>1 0 0 0 1 0 0 0 1 0 0.91 0</i>
                <i>1 0 0 0 1 0 0 0 1 0 0.91 0</i>
                <i>1 0 0 0 1 0 0 0 1 0 0.91 0</i>
                <i>1 0 0 0 1 0 0 0 1 0 0.91 0</i>
                <i>1 0 0 0 1 0 0 0 1 0 0.91 0</i>
                <i>1 0 0 0 1 0 0 0 1 0 0.91 0</i>
                <i>1 0 0 0 1 0 0 0 1 0 0.91 0</i>
                <i>1 0 0 0 1 0 0 0 1 0 0.91 0</i>
                <i>1 0 0 0 1 0 0 0 1 0 0.91 0</i>
                <i>1 0 0 0 1 0 0 0 1 0 0.91 0</i>
                <i>1 0 0 0 1 0 0 0 1 0 0.91 0</i>
                <i>1 0 0 0 1 0 0 0 1 0 0.91 0</i>
                <i>1 0 0 0 1 0 0 0 1 0 0.91 0</i>
                <i>1 0 0 0 1 0 0 0 1 0 0.91 0</i>
                <i>1 0 0 0 1 0 0 0 1 0 0.91 0</i>
                <i>1 0 0 0 1 0 0 0 1 0 0.91 0</i>
                <i>1 0 0 0 1 0 0 0 1 0 0.91 0</i>
                <i>1 0 0 0 1 0 0 0 1 0 0.91 0</i>
                <i>1 0 0 0 1 0 0 0 1 0 0.91 0</i>
                <i>1 0 0 0 1 0 0 0 1 0 0.91 0</i>
                <i>1 0 0 0 1 0 0 0 1 0 0.91 0</i>
                <i>1 0 0 0 1 0 0 0 1 0 0.91 0</i>
                <i>1 0 0 0 1 0 0 0 1 0 0.91 0</i>
                <i>1 0 0 0 1 0 0 0 1 0 0.91 0</i>
                <i>1 0 0 0 1 0 0 0 1 0 0.91 0</i>
                <i>1 0 0 0 1 0 0 0 1 0 0.91 0</i>
                <i>1 0 0 0 1 0 0 0 1 0 0.91 0</i>
                <i>1 0 0 0 1 0 0 0 1 0 0.91 0</i>
                <i>1 0 0 0 1 0 0 0 1 0 0.91 0</i>
                <i>1 0 0 0 1 0 0 0 1 0 0.91 0</i>
                <i>1 0 0 0 1 0 0 0 1 0 0.91 0</i>
                <i>1 0 0 0 1 0 0 0 1 0 0.91 0</i>
                <i>1 0 0 0 1 0 0 0 1 0 0.91 0</i>
                <i>1 0 0 0 1 0 0 0 1 0 0.91 0</i>
                <i>1 0 0 0 1 0 0 0 1 0 0.91 0</i>
                <i>1 0 0 0 1 0 0 0 1 0 0.91 0</i>
                <i>1 0 0 0 1 0 0 0 1 0 0.91 0</i>
                <i>1 0 0 0 1 0 0 0 1 0 0.91 0</i>
                <i>1 0 0 0 1 0 0 0 1 0 0.91 0</i>
                <i>1 0 0 0 1 0 0 0 1 0 0.91 0</i>
                <i>1 0 0 0 1 0 0 0 1 0 0.91 0</i>
                <i>1 0 0 0 1 0 0 0 1 0 0.91 0</i>
                <i>1 0 0 0 1 0 0 0 1 0 0.91 0</i>
                <i>1 0 0 0 1 0 0 0 1 0 0.91 0</i>
                <i>1 0 0 0 1 0 0 0 1 0 0.91 0</i>
                <i>1 0 0 0 1 0 0 0 1 0 0.91 0</i>
                <i>1 0 0 0 1 0 0 0 1 0 0.91 0</i>
                <i>1 0 0 0 1 0 0 0 1 0 0.91 0</i>
                <i>1 0 0 0 1 0 0 0 1 0 0.91 0</i>
                <i>1 0 0 0 1 0 0 0 1 0 0.91 0</i>
                <i>1 0 0 0 1 0 0 0 1 0 0.91 0</i>
                <i>1 0 0 0 1 0 0 0 1 0 0.91 0</i>
                <i>1 0 0 0 1 0 0 0 1 0 0.91 0</i>
                <i>1 0 0 0 1 0 0 0 1 0 0.91 0</i>
                <i>1 0 0 0 1 0 0 0 1 0 0.91 0</i>
                <i>1 0 0 0 1 0 0 0 1 0 0.91 0</i>
                <i>1 0 0 0 1 0 0 0 1 0 0.91 0</i>
                <i>1 0 0 0 1 0 0 0 1 0 0.91 0</i>
                <i>1 0 0 0 1 0 0 0 1 0 0.91 0</i>
                <i>1 0 0 0 1 0 0 0 1 0 0.91 0</i>
                <i>1 0 0 0 1 0 0 0 1 0 0.91 0</i>
                <i>1 0 0 0 1 0 0 0 1 0 0.91 0</i>
                <i>1 0 0 0 1 0 0 0 1 0 0.91 0</i>
                <i>1 0 0 0 1 0 0 0 1 0 0.91 0</i>
                <i>1 0 0 0 1 0 0 0 1 0 0.91 0</i>
                <i>1 0 0 0 1 0 0 0 1 0 0.91 0</i>
                <i>1 0 0 0 1 0 0 0 1 0 0.91 0</i>
                <i>1 0 0 0 1 0 0 0 1 0 0.91 0</i>
                <i>1 0 0 0 1 0 0 0 1 0 0.91 0</i>
                <i>1 0 0 0 1 0 0 0 1 0 0.91 0</i>
                <i>1 0 0 0 1 0 0 0 1 0 0.91 0</i>
                <i>1 0 0 0 1 0 0 0 1 0 0.91 0</i>
                <i>1 0 0 0 1 0 0 0 1 0 0.91 0</i>
                <i>1 0 0 0 1 0 0 0 1 0 0.91 0</i>
                <i>1 0 0 0 1 0 0 0 1 0 0.91 0</i>
                <i>1 0 0 0 1 0 0 0 1 0 0.91 0</i>
                <i>1 0 0 0 1 0 0 0 1 0 0.91 0</i>
                <i>1 0 0 0 1 0 0 0 1 0 0.91 0</i>
                <i>1 0 0 0 1 0 0 0 1 0 0.91 0</i>
                <i>1 0 0 0 1 0 0 0 1 0 0.91 0</i>
                <i>1 0 0 0 1 0 0 0 1 0 0.91 0</i>
                <i>1 0 0 0 1 0 0 0 1 0 0.91 0</i>
                <i>1 0 0 0 1 0 0 0 1 0 0.91 0</i>
                <i>1 0 0 0 1 0 0 0 1 0 0.91 0</i>
                <i>1 0 0 0 1 0 0 0 1 0 0.91 0</i>
                <i>1 0 0 0 1 0 0 0 1 0 0.91 0</i>
            </KeyFrames>
        </RefFrame>
        <Bones count="6">
            <i>
                <p>
                    <Name><![CDATA[bgm71tow_root]]></Name>
                    <Exclude>0</Exclude>
                    <Additive>0</Additive>
                    <IKPriority>0</IKPriority>
                    <IKRotLimits>-1e+010 -1e+010 -1e+010 1e+010 1e+010 1e+010</IKRotLimits>
                    <IKRotLimitOrder>0</IKRotLimitOrder>
                    <KeyFrames count="120">
                        <i>1 0 0 0 1 0 0 0 1 0 0.906332 0</i>
                        <i>1 0 0 0 1 0 0 0 1 0 0.906332 0</i>
                        <i>1 0 0 0 1 0 0 0 1 0 0.906332 0</i>
                        <i>1 0 0 0 1 0 0 0 1 0 0.906332 0</i>
                        <i>1 0 0 0 1 0 0 0 1 0 0.906332 0</i>
                        <i>1 0 0 0 1 0 0 0 1 0 0.906332 0</i>
                        <i>1 0 0 0 1 0 0 0 1 0 0.906332 0</i>
                        <i>1 0 0 0 1 0 0 0 1 0 0.906332 0</i>
                        <i>1 0 0 0 1 0 0 0 1 0 0.906332 0</i>
                        <i>1 0 0 0 1 0 0 0 1 0 0.906332 0</i>
                        <i>1 0 0 0 1 0 0 0 1 0 0.906332 0</i>
                        <i>1 0 0 0 1 0 0 0 1 0 0.906332 0</i>
                        <i>1 0 0 0 1 0 0 0 1 0 0.906332 0</i>
                        <i>1 0 0 0 1 0 0 0 1 0 0.906332 0</i>
                        <i>1 0 0 0 1 0 0 0 1 0 0.906332 0</i>
                        <i>1 0 0 0 1 0 0 0 1 0 0.906332 0</i>
                        <i>1 0 0 0 1 0 0 0 1 0 0.906332 0</i>
                        <i>1 0 0 0 1 0 0 0 1 0 0.906332 0</i>
                        <i>1 0 0 0 1 0 0 0 1 0 0.906332 0</i>
                        <i>1 0 0 0 1 0 0 0 1 0 0.906332 0</i>
                        <i>1 0 0 0 1 0 0 0 1 0 0.906332 0</i>
                        <i>1 0 0 0 1 0 0 0 1 0 0.906332 0</i>
                        <i>1 0 0 0 1 0 0 0 1 0 0.906332 0</i>
                        <i>1 0 0 0 1 0 0 0 1 0 0.906332 0</i>
                        <i>1 0 0 0 1 0 0 0 1 0 0.906332 0</i>
                        <i>1 0 0 0 1 0 0 0 1 0 0.906332 0</i>
                        <i>1 0 0 0 1 0 0 0 1 0 0.906332 0</i>
                        <i>1 0 0 0 1 0 0 0 1 0 0.906332 0</i>
                        <i>1 0 0 0 1 0 0 0 1 0 0.906332 0</i>
                        <i>1 0 0 0 1 0 0 0 1 0 0.906332 0</i>
                        <i>1 0 0 0 1 0 0 0 1 0 0.906332 0</i>
                        <i>1 0 0 0 1 0 0 0 1 0 0.906332 0</i>
                        <i>1 0 0 0 1 0 0 0 1 0 0.906332 0</i>
                        <i>1 0 0 0 1 0 0 0 1 0 0.906332 0</i>
                        <i>1 0 0 0 1 0 0 0 1 0 0.906332 0</i>
                        <i>1 0 0 0 1 0 0 0 1 0 0.906332 0</i>
                        <i>1 0 0 0 1 0 0 0 1 0 0.906332 0</i>
                        <i>1 0 0 0 1 0 0 0 1 0 0.906332 0</i>
                        <i>1 0 0 0 1 0 0 0 1 0 0.906332 0</i>
                        <i>1 0 0 0 1 0 0 0 1 0 0.906332 0</i>
                        <i>1 0 0 0 1 0 0 0 1 0 0.906332 0</i>
                        <i>1 0 0 0 1 0 0 0 1 0 0.906332 0</i>
                        <i>1 0 0 0 1 0 0 0 1 0 0.906332 0</i>
                        <i>1 0 0 0 1 0 0 0 1 0 0.906332 0</i>
                        <i>1 0 0 0 1 0 0 0 1 0 0.906332 0</i>
                        <i>1 0 0 0 1 0 0 0 1 0 0.906332 0</i>
                        <i>1 0 0 0 1 0 0 0 1 0 0.906332 0</i>
                        <i>1 0 0 0 1 0 0 0 1 0 0.906332 0</i>
                        <i>1 0 0 0 1 0 0 0 1 0 0.906332 0</i>
                        <i>1 0 0 0 1 0 0 0 1 0 0.906332 0</i>
                        <i>1 0 0 0 1 0 0 0 1 0 0.906332 0</i>
                        <i>1 0 0 0 1 0 0 0 1 0 0.906332 0</i>
                        <i>1 0 0 0 1 0 0 0 1 0 0.906332 0</i>
                        <i>1 0 0 0 1 0 0 0 1 0 0.906332 0</i>
                        <i>1 0 0 0 1 0 0 0 1 0 0.906332 0</i>
                        <i>1 0 0 0 1 0 0 0 1 0 0.906332 0</i>
                        <i>1 0 0 0 1 0 0 0 1 0 0.906332 0</i>
                        <i>1 0 0 0 1 0 0 0 1 0 0.906332 0</i>
                        <i>1 0 0 0 1 0 0 0 1 0 0.906332 0</i>
                        <i>1 0 0 0 1 0 0 0 1 0 0.906332 0</i>
                        <i>1 0 0 0 1 0 0 0 1 0 0.906332 0</i>
                        <i>1 0 0 0 1 0 0 0 1 0 0.906332 0</i>
                        <i>1 0 0 0 1 0 0 0 1 0 0.906332 0</i>
                        <i>1 0 0 0 1 0 0 0 1 0 0.906332 0</i>
                        <i>1 0 0 0 1 0 0 0 1 0 0.906332 0</i>
                        <i>1 0 0 0 1 0 0 0 1 0 0.906332 0</i>
                        <i>1 0 0 0 1 0 0 0 1 0 0.906332 0</i>
                        <i>1 0 0 0 1 0 0 0 1 0 0.906332 0</i>
                        <i>1 0 0 0 1 0 0 0 1 0 0.906332 0</i>
                        <i>1 0 0 0 1 0 0 0 1 0 0.906332 0</i>
                        <i>1 0 0 0 1 0 0 0 1 0 0.906332 0</i>
                        <i>1 0 0 0 1 0 0 0 1 0 0.906332 0</i>
                        <i>1 0 0 0 1 0 0 0 1 0 0.906332 0</i>
                        <i>1 0 0 0 1 0 0 0 1 0 0.906332 0</i>
                        <i>1 0 0 0 1 0 0 0 1 0 0.906332 0</i>
                        <i>1 0 0 0 1 0 0 0 1 0 0.906332 0</i>
                        <i>1 0 0 0 1 0 0 0 1 0 0.906332 0</i>
                        <i>1 0 0 0 1 0 0 0 1 0 0.906332 0</i>
                        <i>1 0 0 0 1 0 0 0 1 0 0.906332 0</i>
                        <i>1 0 0 0 1 0 0 0 1 0 0.906332 0</i>
                        <i>1 0 0 0 1 0 0 0 1 0 0.906332 0</i>
                        <i>1 0 0 0 1 0 0 0 1 0 0.906332 0</i>
                        <i>1 0 0 0 1 0 0 0 1 0 0.906332 0</i>
                        <i>1 0 0 0 1 0 0 0 1 0 0.906332 0</i>
                        <i>1 0 0 0 1 0 0 0 1 0 0.906332 0</i>
                        <i>1 0 0 0 1 0 0 0 1 0 0.906332 0</i>
                        <i>1 0 0 0 1 0 0 0 1 0 0.906332 0</i>
                        <i>1 0 0 0 1 0 0 0 1 0 0.906332 0</i>
                        <i>1 0 0 0 1 0 0 0 1 0 0.906332 0</i>
                        <i>1 0 0 0 1 0 0 0 1 0 0.906332 0</i>
                        <i>1 0 0 0 1 0 0 0 1 0 0.906332 0</i>
                        <i>1 0 0 0 1 0 0 0 1 0 0.906332 0</i>
                        <i>1 0 0 0 1 0 0 0 1 0 0.906332 0</i>
                        <i>1 0 0 0 1 0 0 0 1 0 0.906332 0</i>
                        <i>1 0 0 0 1 0 0 0 1 0 0.906332 0</i>
                        <i>1 0 0 0 1 0 0 0 1 0 0.906332 0</i>
                        <i>1 0 0 0 1 0 0 0 1 0 0.906332 0</i>
                        <i>1 0 0 0 1 0 0 0 1 0 0.906332 0</i>
                        <i>1 0 0 0 1 0 0 0 1 0 0.906332 0</i>
                        <i>1 0 0 0 1 0 0 0 1 0 0.906332 0</i>
                        <i>1 0 0 0 1 0 0 0 1 0 0.906332 0</i>
                        <i>1 0 0 0 1 0 0 0 1 0 0.906332 0</i>
                        <i>1 0 0 0 1 0 0 0 1 0 0.906332 0</i>
                        <i>1 0 0 0 1 0 0 0 1 0 0.906332 0</i>
                        <i>1 0 0 0 1 0 0 0 1 0 0.906332 0</i>
                        <i>1 0 0 0 1 0 0 0 1 0 0.906332 0</i>
                        <i>1 0 0 0 1 0 0 0 1 0 0.906332 0</i>
                        <i>1 0 0 0 1 0 0 0 1 0 0.906332 0</i>
                        <i>1 0 0 0 1 0 0 0 1 0 0.906332 0</i>
                        <i>1 0 0 0 1 0 0 0 1 0 0.906332 0</i>
                        <i>1 0 0 0 1 0 0 0 1 0 0.906332 0</i>
                        <i>1 0 0 0 1 0 0 0 1 0 0.906332 0</i>
                        <i>1 0 0 0 1 0 0 0 1 0 0.906332 0</i>
                        <i>1 0 0 0 1 0 0 0 1 0 0.906332 0</i>
                        <i>1 0 0 0 1 0 0 0 1 0 0.906332 0</i>
                        <i>1 0 0 0 1 0 0 0 1 0 0.906332 0</i>
                        <i>1 0 0 0 1 0 0 0 1 0 0.906332 0</i>
                        <i>1 0 0 0 1 0 0 0 1 0 0.906332 0</i>
                        <i>1 0 0 0 1 0 0 0 1 0 0.906332 0</i>
                        <i>1 0 0 0 1 0 0 0 1 0 0.906332 0</i>
                    </KeyFrames>
                </p>
            </i>
            <i>
                <p>
                    <Name><![CDATA[body]]></Name>
                    <Exclude>0</Exclude>
                    <Additive>0</Additive>
                    <IKPriority>0</IKPriority>
                    <IKRotLimits>-1e+010 -1e+010 -1e+010 1e+010 1e+010 1e+010</IKRotLimits>
                    <IKRotLimitOrder>0</IKRotLimitOrder>
                    <KeyFrames count="120">
                        <i>1 0 0 0 1 0 0 0 1 0 2.05367 0</i>
                        <i>0.99981 0 -0.0194934 0 1 0 0.0194934 0 0.99981 0 2.05367 0</i>
                        <i>0.999261 0 -0.0384463 0 1 0 0.0384463 0 0.999261 0 2.05367 0</i>
                        <i>0.998383 0 -0.0568418 0 1 0 0.0568418 0 0.998383 0 2.05367 0</i>
                        <i>0.997209 0 -0.074664 0 1 0 0.074664 0 0.997209 0 2.05367 0</i>
                        <i>0.995768 0 -0.0918985 0 1 0 0.0918985 0 0.995768 0 2.05367 0</i>
                        <i>0.994093 0 -0.108532 0 1 0 0.108532 0 0.994093 0 2.05367 0</i>
                        <i>0.992213 0 -0.124551 0 1 0 0.124551 0 0.992213 0 2.05367 0</i>
                        <i>0.990159 0 -0.139944 0 1 0 0.139944 0 0.990159 0 2.05367 0</i>
                        <i>0.987961 0 -0.154701 0 1 0 0.154701 0 0.987961 0 2.05367 0</i>
                        <i>0.985648 0 -0.168811 0 1 0 0.168811 0 0.985648 0 2.05367 0</i>
                        <i>0.983249 0 -0.182265 0 1 0 0.182265 0 0.983249 0 2.05367 0</i>
                        <i>0.980792 0 -0.195055 0 1 0 0.195055 0 0.980792 0 2.05367 0</i>
                        <i>0.978305 0 -0.207172 0 1 0 0.207172 0 0.978305 0 2.05367 0</i>
                        <i>0.975813 0 -0.218608 0 1 0 0.218608 0 0.975813 0 2.05367 0</i>
                        <i>0.973342 0 -0.229357 0 1 0 0.229357 0 0.973342 0 2.05367 0</i>
                        <i>0.970918 0 -0.239411 0 1 0 0.239411 0 0.970918 0 2.05367 0</i>
                        <i>0.968564 0 -0.248764 0 1 0 0.248764 0 0.968564 0 2.05367 0</i>
                        <i>0.966303 0 -0.257409 0 1 0 0.257409 0 0.966303 0 2.05367 0</i>
                        <i>0.964155 0 -0.265339 0 1 0 0.265339 0 0.964155 0 2.05367 0</i>
                        <i>0.962142 0 -0.272549 0 1 0 0.272549 0 0.962142 0 2.05367 0</i>
                        <i>0.960282 0 -0.279032 0 1 0 0.279032 0 0.960282 0 2.05367 0</i>
                        <i>0.958593 0 -0.28478 0 1 0 0.28478 0 0.958593 0 2.05367 0</i>
                        <i>0.957091 0 -0.289788 0 1 0 0.289788 0 0.957091 0 2.05367 0</i>
                        <i>0.955791 0 -0.294048 0 1 0 0.294048 0 0.955791 0 2.05367 0</i>
                        <i>0.954705 0 -0.297553 0 1 0 0.297553 0 0.954705 0 2.05367 0</i>
                        <i>0.953847 0 -0.300294 0 1 0 0.300294 0 0.953847 0 2.05367 0</i>
                        <i>0.953225 0 -0.302263 0 1 0 0.302263 0 0.953225 0 2.05367 0</i>
                        <i>0.952847 0 -0.303452 0 1 0 0.303452 0 0.952847 0 2.05367 0</i>
                        <i>0.95272 0 -0.30385 0 1 0 0.30385 0 0.95272 0 2.05367 0</i>
                        <i>0.95272 0 -0.30385 0 1 0 0.30385 0 0.95272 0 2.05367 0</i>
                        <i>0.95272 0 -0.30385 0 1 0 0.30385 0 0.95272 0 2.05367 0</i>
                        <i>0.95272 0 -0.30385 0 1 0 0.30385 0 0.95272 0 2.05367 0</i>
                        <i>0.95272 0 -0.30385 0 1 0 0.30385 0 0.95272 0 2.05367 0</i>
                        <i>0.95272 0 -0.30385 0 1 0 0.30385 0 0.95272 0 2.05367 0</i>
                        <i>0.95272 0 -0.30385 0 1 0 0.30385 0 0.95272 0 2.05367 0</i>
                        <i>0.95272 0 -0.30385 0 1 0 0.30385 0 0.95272 0 2.05367 0</i>
                        <i>0.95272 0 -0.30385 0 1 0 0.30385 0 0.95272 0 2.05367 0</i>
                        <i>0.95272 0 -0.30385 0 1 0 0.30385 0 0.95272 0 2.05367 0</i>
                        <i>0.95272 0 -0.30385 0 1 0 0.30385 0 0.95272 0 2.05367 0</i>
                        <i>0.95272 0 -0.30385 0 1 0 0.30385 0 0.95272 0 2.05367 0</i>
                        <i>0.95272 0 -0.30385 0 1 0 0.30385 0 0.95272 0 2.05367 0</i>
                        <i>0.95272 0 -0.30385 0 1 0 0.30385 0 0.95272 0 2.05367 0</i>
                        <i>0.95272 0 -0.30385 0 1 0 0.30385 0 0.95272 0 2.05367 0</i>
                        <i>0.95272 0 -0.30385 0 1 0 0.30385 0 0.95272 0 2.05367 0</i>
                        <i>0.95272 0 -0.30385 0 1 0 0.30385 0 0.95272 0 2.05367 0</i>
                        <i>0.95272 0 -0.30385 0 1 0 0.30385 0 0.95272 0 2.05367 0</i>
                        <i>0.95272 0 -0.30385 0 1 0 0.30385 0 0.95272 0 2.05367 0</i>
                        <i>0.95272 0 -0.30385 0 1 0 0.30385 0 0.95272 0 2.05367 0</i>
                        <i>0.95272 0 -0.30385 0 1 0 0.30385 0 0.95272 0 2.05367 0</i>
                        <i>0.953266 0 -0.302132 0 1 0 0.302132 0 0.953266 0 2.05367 0</i>
                        <i>0.954838 0 -0.297127 0 1 0 0.297127 0 0.954838 0 2.05367 0</i>
                        <i>0.957313 0 -0.289054 0 1 0 0.289054 0 0.957313 0 2.05367 0</i>
                        <i>0.960544 0 -0.278128 0 1 0 0.278128 0 0.960544 0 2.05367 0</i>
                        <i>0.96437 0 -0.264559 0 1 0 0.264559 0 0.96437 0 2.05367 0</i>
                        <i>0.968618 0 -0.248555 0 1 0 0.248555 0 0.968618 0 2.05367 0</i>
                        <i>0.973113 0 -0.23033 0 1 0 0.23033 0 0.973113 0 2.05367 0</i>
                        <i>0.97768 0 -0.210101 0 1 0 0.210101 0 0.97768 0 2.05367 0</i>
                        <i>0.982152 0 -0.188092 0 1 0 0.188092 0 0.982152 0 2.05367 0</i>
                        <i>0.986372 0 -0.164532 0 1 0 0.164532 0 0.986372 0 2.05367 0</i>
                        <i>0.990199 0 -0.139661 0 1 0 0.139661 0 0.990199 0 2.05367 0</i>
                        <i>0.993512 0 -0.113724 0 1 0 0.113724 0 0.993512 0 2.05367 0</i>
                        <i>0.996211 0 -0.0869739 0 1 0 0.0869739 0 0.996211 0 2.05367 0</i>
                        <i>0.998218 0 -0.0596703 0 1 0 0.0596703 0 0.998218 0 2.05367 0</i>
                        <i>0.999485 0 -0.0320763 0 1 0 0.0320763 0 0.999485 0 2.05367 0</i>
                        <i>0.99999 0 -0.00445782 0 1 0 0.00445782 0 0.99999 0 2.05367 0</i>
                        <i>0.999737 0 0.0229182 0 1 0 -0.0229182 0 0.999737 0 2.05367 0</i>
                        <i>0.99876 0 0.0497858 0 1 0 -0.0497858 0 0.99876 0 2.05367 0</i>
                        <i>0.997117 0 0.0758819 0 1 0 -0.0758819 0 0.997117 0 2.05367 0</i>
                        <i>0.994892 0 0.100947 0 1 0 -0.100947 0 0.994892 0 2.05367 0</i>
                        <i>0.992191 0 0.124729 0 1 0 -0.124729 0 0.992191 0 2.05367 0</i>
                        <i>0.989139 0 0.146981 0 1 0 -0.146981 0 0.989139 0 2.05367 0</i>
                        <i>0.985879 0 0.167461 0 1 0 -0.167461 0 0.985879 0 2.05367 0</i>
                        <i>0.982562 0 0.185936 0 1 0 -0.185936 0 0.982562 0 2.05367 0</i>
                        <i>0.979349 0 0.202179 0 1 0 -0.202179 0 0.979349 0 2.05367 0</i>
                        <i>0.976401 0 0.215966 0 1 0 -0.215966 0 0.976401 0 2.05367 0</i>
                        <i>0.973877 0 0.227077 0 1 0 -0.227077 0 0.973877 0 2.05367 0</i>
                        <i>0.971925 0 0.235291 0 1 0 -0.235291 0 0.971925 0 2.05367 0</i>
                        <i>0.970677 0 0.240387 0 1 0 -0.240387 0 0.970677 0 2.05367 0</i>
                        <i>0.970242 0 0.242137 0 1 0 -0.242137 0 0.970242 0 2.05367 0</i>
                        <i>0.970242 0 0.242137 0 1 0 -0.242137 0 0.970242 0 2.05367 0</i>
                        <i>0.970242 0 0.242137 0 1 0 -0.242137 0 0.970242 0 2.05367 0</i>
                        <i>0.970242 0 0.242137 0 1 0 -0.242137 0 0.970242 0 2.05367 0</i>
                        <i>0.970242 0 0.242137 0 1 0 -0.242137 0 0.970242 0 2.05367 0</i>
                        <i>0.970242 0 0.242137 0 1 0 -0.242137 0 0.970242 0 2.05367 0</i>
                        <i>0.970242 0 0.242137 0 1 0 -0.242137 0 0.970242 0 2.05367 0</i>
                        <i>0.970242 0 0.242137 0 1 0 -0.242137 0 0.970242 0 2.05367 0</i>
                        <i>0.970242 0 0.242137 0 1 0 -0.242137 0 0.970242 0 2.05367 0</i>
                        <i>0.970242 0 0.242137 0 1 0 -0.242137 0 0.970242 0 2.05367 0</i>
                        <i>0.970242 0 0.242137 0 1 0 -0.242137 0 0.970242 0 2.05367 0</i>
                        <i>0.970242 0 0.242137 0 1 0 -0.242137 0 0.970242 0 2.05367 0</i>
                        <i>0.970242 0 0.242137 0 1 0 -0.242137 0 0.970242 0 2.05367 0</i>
                        <i>0.970242 0 0.242137 0 1 0 -0.242137 0 0.970242 0 2.05367 0</i>
                        <i>0.970242 0 0.242137 0 1 0 -0.242137 0 0.970242 0 2.05367 0</i>
                        <i>0.970242 0 0.242137 0 1 0 -0.242137 0 0.970242 0 2.05367 0</i>
                        <i>0.970242 0 0.242137 0 1 0 -0.242137 0 0.970242 0 2.05367 0</i>
                        <i>0.970242 0 0.242137 0 1 0 -0.242137 0 0.970242 0 2.05367 0</i>
                        <i>0.970242 0 0.242137 0 1 0 -0.242137 0 0.970242 0 2.05367 0</i>
                        <i>0.970242 0 0.242137 0 1 0 -0.242137 0 0.970242 0 2.05367 0</i>
                        <i>0.970242 0 0.242137 0 1 0 -0.242137 0 0.970242 0 2.05367 0</i>
                        <i>0.970449 0 0.241306 0 1 0 -0.241306 0 0.970449 0 2.05367 0</i>
                        <i>0.971054 0 0.238862 0 1 0 -0.238862 0 0.971054 0 2.05367 0</i>
                        <i>0.972025 0 0.234876 0 1 0 -0.234876 0 0.972025 0 2.05367 0</i>
                        <i>0.973327 0 0.229421 0 1 0 -0.229421 0 0.973327 0 2.05367 0</i>
                        <i>0.974918 0 0.222566 0 1 0 -0.222566 0 0.974918 0 2.05367 0</i>
                        <i>0.976751 0 0.214379 0 1 0 -0.214379 0 0.976751 0 2.05367 0</i>
                        <i>0.978777 0 0.20493 0 1 0 -0.20493 0 0.978777 0 2.05367 0</i>
                        <i>0.980945 0 0.194287 0 1 0 -0.194287 0 0.980945 0 2.05367 0</i>
                        <i>0.983202 0 0.182521 0 1 0 -0.182521 0 0.983202 0 2.05367 0</i>
                        <i>0.985495 0 0.169702 0 1 0 -0.169702 0 0.985495 0 2.05367 0</i>
                        <i>0.987773 0 0.155901 0 1 0 -0.155901 0 0.987773 0 2.05367 0</i>
                        <i>0.989982 0 0.141191 0 1 0 -0.141191 0 0.989982 0 2.05367 0</i>
                        <i>0.992075 0 0.125646 0 1 0 -0.125646 0 0.992075 0 2.05367 0</i>
                        <i>0.994004 0 0.109342 0 1 0 -0.109342 0 0.994004 0 2.05367 0</i>
                        <i>0.995726 0 0.092356 0 1 0 -0.092356 0 0.995726 0 2.05367 0</i>
                        <i>0.997201 0 0.0747667 0 1 0 -0.0747667 0 0.997201 0 2.05367 0</i>
                        <i>0.998394 0 0.0566543 0 1 0 -0.0566543 0 0.998394 0 2.05367 0</i>
                        <i>0.999274 0 0.0381005 0 1 0 -0.0381005 0 0.999274 0 2.05367 0</i>
                        <i>0.999816 0 0.0191879 0 1 0 -0.0191879 0 0.999816 0 2.05367 0</i>
                        <i>1 0 0 0 1 0 0 0 1 0 2.05367 0</i>
                    </KeyFrames>
                </p>
            </i>
            <i>
                <p>
                    <Name><![CDATA[pitch]]></Name>
                    <Exclude>0</Exclude>
                    <Additive>0</Additive>
                    <IKPriority>0</IKPriority>
                    <IKRotLimits>-1e+010 -1e+010 -1e+010 1e+010 1e+010 1e+010</IKRotLimits>
                    <IKRotLimitOrder>0</IKRotLimitOrder>
                    <KeyFrames count="120">
                        <i>1 0 0 0 1 0 0 0 1 0 2.85998 -1.27509e-008</i>
                        <i>0.99981 0 -0.0194934 0 1 0 0.0194934 0 0.99981 -2.48559e-010 2.85998 -1.27485e-008</i>
                        <i>0.999261 0 -0.0384463 0 1 0 0.0384463 0 0.999261 -4.90226e-010 2.85998 -1.27415e-008</i>
                        <i>0.998383 0 -0.0568418 0 1 0 0.0568418 0 0.998383 -7.24784e-010 2.85998 -1.27303e-008</i>
                        <i>0.997209 0 -0.074664 0 1 0 0.074664 0 0.997209 -9.52035e-010 2.85998 -1.27153e-008</i>
                        <i>0.995768 0 -0.0918985 0 1 0 0.0918985 0 0.995768 -1.17179e-009 2.85998 -1.2697e-008</i>
                        <i>0.994093 0 -0.108532 0 1 0 0.108532 0 0.994093 -1.38388e-009 2.85998 -1.26756e-008</i>
                        <i>0.992213 0 -0.124551 0 1 0 0.124551 0 0.992213 -1.58814e-009 2.85998 -1.26516e-008</i>
                        <i>0.990159 0 -0.139944 0 1 0 0.139944 0 0.990159 -1.78441e-009 2.85998 -1.26254e-008</i>
                        <i>0.987961 0 -0.154701 0 1 0 0.154701 0 0.987961 -1.97258e-009 2.85998 -1.25974e-008</i>
                        <i>0.985648 0 -0.168811 0 1 0 0.168811 0 0.985648 -2.1525e-009 2.85998 -1.25679e-008</i>
                        <i>0.983249 0 -0.182265 0 1 0 0.182265 0 0.983249 -2.32405e-009 2.85998 -1.25373e-008</i>
                        <i>0.980792 0 -0.195055 0 1 0 0.195055 0 0.980792 -2.48713e-009 2.85998 -1.2506e-008</i>
                        <i>0.978305 0 -0.207172 0 1 0 0.207172 0 0.978305 -2.64163e-009 2.85998 -1.24743e-008</i>
                        <i>0.975813 0 -0.218608 0 1 0 0.218608 0 0.975813 -2.78746e-009 2.85998 -1.24425e-008</i>
                        <i>0.973342 0 -0.229357 0 1 0 0.229357 0 0.973342 -2.92451e-009 2.85998 -1.2411e-008</i>
                        <i>0.970918 0 -0.239411 0 1 0 0.239411 0 0.970918 -3.05271e-009 2.85998 -1.23801e-008</i>
                        <i>0.968564 0 -0.248764 0 1 0 0.248764 0 0.968564 -3.17197e-009 2.85998 -1.23501e-008</i>
                        <i>0.966303 0 -0.257409 0 1 0 0.257409 0 0.966303 -3.28219e-009 2.85998 -1.23212e-008</i>
                        <i>0.964155 0 -0.265339 0 1 0 0.265339 0 0.964155 -3.38332e-009 2.85998 -1.22939e-008</i>
                        <i>0.962142 0 -0.272549 0 1 0 0.272549 0 0.962142 -3.47525e-009 2.85998 -1.22682e-008</i>
                        <i>0.960282 0 -0.279032 0 1 0 0.279032 0 0.960282 -3.55791e-009 2.85998 -1.22445e-008</i>
                        <i>0.958593 0 -0.28478 0 1 0 0.28478 0 0.958593 -3.63121e-009 2.85998 -1.22229e-008</i>
                        <i>0.957091 0 -0.289788 0 1 0 0.289788 0 0.957091 -3.69506e-009 2.85998 -1.22038e-008</i>
                        <i>0.955791 0 -0.294048 0 1 0 0.294048 0 0.955791 -3.74938e-009 2.85998 -1.21872e-008</i>
                        <i>0.954705 0 -0.297553 0 1 0 0.297553 0 0.954705 -3.79407e-009 2.85998 -1.21734e-008</i>
                        <i>0.953847 0 -0.300294 0 1 0 0.300294 0 0.953847 -3.82902e-009 2.85998 -1.21624e-008</i>
                        <i>0.953225 0 -0.302263 0 1 0 0.302263 0 0.953225 -3.85413e-009 2.85998 -1.21545e-008</i>
                        <i>0.952847 0 -0.303452 0 1 0 0.303452 0 0.952847 -3.86929e-009 2.85998 -1.21497e-008</i>
                        <i>0.95272 0 -0.30385 0 1 0 0.30385 0 0.95272 -3.87437e-009 2.85998 -1.2148e-008</i>
                        <i>0.95272 0 -0.30385 0 1 0 0.30385 0 0.95272 -3.87437e-009 2.85998 -1.2148e-008</i>
                        <i>0.95272 0 -0.30385 0 1 0 0.30385 0 0.95272 -3.87437e-009 2.85998 -1.2148e-008</i>
                        <i>0.95272 0 -0.30385 0 1 0 0.30385 0 0.95272 -3.87437e-009 2.85998 -1.2148e-008</i>
                        <i>0.95272 0 -0.30385 0 1 0 0.30385 0 0.95272 -3.87437e-009 2.85998 -1.2148e-008</i>
                        <i>0.95272 0 -0.30385 0 1 0 0.30385 0 0.95272 -3.87437e-009 2.85998 -1.2148e-008</i>
                        <i>0.95272 0 -0.30385 0 1 0 0.30385 0 0.95272 -3.87437e-009 2.85998 -1.2148e-008</i>
                        <i>0.95272 0 -0.30385 0 1 0 0.30385 0 0.95272 -3.87437e-009 2.85998 -1.2148e-008</i>
                        <i>0.95272 0 -0.30385 0 1 0 0.30385 0 0.95272 -3.87437e-009 2.85998 -1.2148e-008</i>
                        <i>0.95272 0 -0.30385 0 1 0 0.30385 0 0.95272 -3.87437e-009 2.85998 -1.2148e-008</i>
                        <i>0.95272 0 -0.30385 0 1 0 0.30385 0 0.95272 -3.87437e-009 2.85998 -1.2148e-008</i>
                        <i>0.95272 0 -0.30385 0 1 0 0.30385 0 0.95272 -3.87437e-009 2.85998 -1.2148e-008</i>
                        <i>0.95272 0 -0.30385 0 1 0 0.30385 0 0.95272 -3.87437e-009 2.85998 -1.2148e-008</i>
                        <i>0.95272 0 -0.30385 0 1 0 0.30385 0 0.95272 -3.87437e-009 2.85998 -1.2148e-008</i>
                        <i>0.95272 0 -0.30385 0 1 0 0.30385 0 0.95272 -3.87437e-009 2.85998 -1.2148e-008</i>
                        <i>0.95272 0 -0.30385 0 1 0 0.30385 0 0.95272 -3.87437e-009 2.85998 -1.2148e-008</i>
                        <i>0.95272 0 -0.30385 0 1 0 0.30385 0 0.95272 -3.87437e-009 2.85998 -1.2148e-008</i>
                        <i>0.95272 0 -0.30385 0 1 0 0.30385 0 0.95272 -3.87437e-009 2.85998 -1.2148e-008</i>
                        <i>0.95272 0 -0.30385 0 1 0 0.30385 0 0.95272 -3.87437e-009 2.85998 -1.2148e-008</i>
                        <i>0.95272 0 -0.30385 0 1 0 0.30385 0 0.95272 -3.87437e-009 2.85998 -1.2148e-008</i>
                        <i>0.95272 0 -0.30385 0 1 0 0.30385 0 0.95272 -3.87437e-009 2.85998 -1.2148e-008</i>
                        <i>0.953266 0 -0.302132 0 1 0 0.302132 0 0.953266 -3.85245e-009 2.85998 -1.2155e-008</i>
                        <i>0.954838 0 -0.297127 0 1 0 0.297127 0 0.954838 -3.78864e-009 2.85998 -1.21751e-008</i>
                        <i>0.957313 0 -0.289054 0 1 0 0.289054 0 0.957313 -3.68571e-009 2.85998 -1.22066e-008</i>
                        <i>0.960544 0 -0.278128 0 1 0 0.278128 0 0.960544 -3.54639e-009 2.85998 -1.22478e-008</i>
                        <i>0.96437 0 -0.264559 0 1 0 0.264559 0 0.96437 -3.37336e-009 2.85998 -1.22966e-008</i>
                        <i>0.968618 0 -0.248555 0 1 0 0.248555 0 0.968618 -3.1693e-009 2.85998 -1.23508e-008</i>
                        <i>0.973113 0 -0.23033 0 1 0 0.23033 0 0.973113 -2.93692e-009 2.85998 -1.24081e-008</i>
                        <i>0.97768 0 -0.210101 0 1 0 0.210101 0 0.97768 -2.67898e-009 2.85998 -1.24663e-008</i>
                        <i>0.982152 0 -0.188092 0 1 0 0.188092 0 0.982152 -2.39834e-009 2.85998 -1.25233e-008</i>
                        <i>0.986372 0 -0.164532 0 1 0 0.164532 0 0.986372 -2.09793e-009 2.85998 -1.25771e-008</i>
                        <i>0.990199 0 -0.139661 0 1 0 0.139661 0 0.990199 -1.7808e-009 2.85998 -1.26259e-008</i>
                        <i>0.993512 0 -0.113724 0 1 0 0.113724 0 0.993512 -1.45008e-009 2.85998 -1.26682e-008</i>
                        <i>0.996211 0 -0.0869739 0 1 0 0.0869739 0 0.996211 -1.109e-009 2.85998 -1.27026e-008</i>
                        <i>0.998218 0 -0.0596703 0 1 0 0.0596703 0 0.998218 -7.6085e-010 2.85998 -1.27282e-008</i>
                        <i>0.999485 0 -0.0320763 0 1 0 0.0320763 0 0.999485 -4.09002e-010 2.85998 -1.27444e-008</i>
                        <i>0.99999 0 -0.00445782 0 1 0 0.00445782 0 0.99999 -5.68413e-011 2.85998 -1.27508e-008</i>
                        <i>0.999737 0 0.0229182 0 1 0 -0.0229182 0 0.999737 2.92228e-010 2.85998 -1.27476e-008</i>
                        <i>0.99876 0 0.0497858 0 1 0 -0.0497858 0 0.99876 6.34815e-010 2.85998 -1.27351e-008</i>
                        <i>0.997117 0 0.0758819 0 1 0 -0.0758819 0 0.997117 9.67563e-010 2.85998 -1.27141e-008</i>
                        <i>0.994892 0 0.100947 0 1 0 -0.100947 0 0.994892 1.28717e-009 2.85998 -1.26858e-008</i>
                        <i>0.992191 0 0.124729 0 1 0 -0.124729 0 0.992191 1.59041e-009 2.85998 -1.26513e-008</i>
                        <i>0.989139 0 0.146981 0 1 0 -0.146981 0 0.989139 1.87414e-009 2.85998 -1.26124e-008</i>
                        <i>0.985879 0 0.167461 0 1 0 -0.167461 0 0.985879 2.13528e-009 2.85998 -1.25709e-008</i>
                        <i>0.982562 0 0.185936 0 1 0 -0.185936 0 0.982562 2.37086e-009 2.85998 -1.25286e-008</i>
                        <i>0.979349 0 0.202179 0 1 0 -0.202179 0 0.979349 2.57797e-009 2.85998 -1.24876e-008</i>
                        <i>0.976401 0 0.215966 0 1 0 -0.215966 0 0.976401 2.75377e-009 2.85998 -1.245e-008</i>
                        <i>0.973877 0 0.227077 0 1 0 -0.227077 0 0.973877 2.89544e-009 2.85998 -1.24178e-008</i>
                        <i>0.971925 0 0.235291 0 1 0 -0.235291 0 0.971925 3.00018e-009 2.85998 -1.23929e-008</i>
                        <i>0.970677 0 0.240387 0 1 0 -0.240387 0 0.970677 3.06515e-009 2.85998 -1.2377e-008</i>
                        <i>0.970242 0 0.242137 0 1 0 -0.242137 0 0.970242 3.08747e-009 2.85998 -1.23715e-008</i>
                        <i>0.970242 0 0.242137 0 1 0 -0.242137 0 0.970242 3.08747e-009 2.85998 -1.23715e-008</i>
                        <i>0.970242 0 0.242137 0 1 0 -0.242137 0 0.970242 3.08747e-009 2.85998 -1.23715e-008</i>
                        <i>0.970242 0 0.242137 0 1 0 -0.242137 0 0.970242 3.08747e-009 2.85998 -1.23715e-008</i>
                        <i>0.970242 0 0.242137 0 1 0 -0.242137 0 0.970242 3.08747e-009 2.85998 -1.23715e-008</i>
                        <i>0.970242 0 0.242137 0 1 0 -0.242137 0 0.970242 3.08747e-009 2.85998 -1.23715e-008</i>
                        <i>0.970242 0 0.242137 0 1 0 -0.242137 0 0.970242 3.08747e-009 2.85998 -1.23715e-008</i>
                        <i>0.970242 0 0.242137 0 1 0 -0.242137 0 0.970242 3.08747e-009 2.85998 -1.23715e-008</i>
                        <i>0.970242 0 0.242137 0 1 0 -0.242137 0 0.970242 3.08747e-009 2.85998 -1.23715e-008</i>
                        <i>0.970242 0 0.242137 0 1 0 -0.242137 0 0.970242 3.08747e-009 2.85998 -1.23715e-008</i>
                        <i>0.970242 0 0.242137 0 1 0 -0.242137 0 0.970242 3.08747e-009 2.85998 -1.23715e-008</i>
                        <i>0.970242 0 0.242137 0 1 0 -0.242137 0 0.970242 3.08747e-009 2.85998 -1.23715e-008</i>
                        <i>0.970242 0 0.242137 0 1 0 -0.242137 0 0.970242 3.08747e-009 2.85998 -1.23715e-008</i>
                        <i>0.970242 0 0.242137 0 1 0 -0.242137 0 0.970242 3.08747e-009 2.85998 -1.23715e-008</i>
                        <i>0.970242 0 0.242137 0 1 0 -0.242137 0 0.970242 3.08747e-009 2.85998 -1.23715e-008</i>
                        <i>0.970242 0 0.242137 0 1 0 -0.242137 0 0.970242 3.08747e-009 2.85998 -1.23715e-008</i>
                        <i>0.970242 0 0.242137 0 1 0 -0.242137 0 0.970242 3.08747e-009 2.85998 -1.23715e-008</i>
                        <i>0.970242 0 0.242137 0 1 0 -0.242137 0 0.970242 3.08747e-009 2.85998 -1.23715e-008</i>
                        <i>0.970242 0 0.242137 0 1 0 -0.242137 0 0.970242 3.08747e-009 2.85998 -1.23715e-008</i>
                        <i>0.970242 0 0.242137 0 1 0 -0.242137 0 0.970242 3.08747e-009 2.85998 -1.23715e-008</i>
                        <i>0.970242 0 0.242137 0 1 0 -0.242137 0 0.970242 3.08747e-009 2.85998 -1.23715e-008</i>
                        <i>0.970449 0 0.241306 0 1 0 -0.241306 0 0.970449 3.07687e-009 2.85998 -1.23741e-008</i>
                        <i>0.971054 0 0.238862 0 1 0 -0.238862 0 0.971054 3.0457e-009 2.85998 -1.23818e-008</i>
                        <i>0.972025 0 0.234876 0 1 0 -0.234876 0 0.972025 2.99489e-009 2.85998 -1.23942e-008</i>
                        <i>0.973327 0 0.229421 0 1 0 -0.229421 0 0.973327 2.92533e-009 2.85998 -1.24108e-008</i>
                        <i>0.974918 0 0.222566 0 1 0 -0.222566 0 0.974918 2.83792e-009 2.85998 -1.24311e-008</i>
                        <i>0.976751 0 0.214379 0 1 0 -0.214379 0 0.976751 2.73353e-009 2.85998 -1.24545e-008</i>
                        <i>0.978777 0 0.20493 0 1 0 -0.20493 0 0.978777 2.61304e-009 2.85998 -1.24803e-008</i>
                        <i>0.980945 0 0.194287 0 1 0 -0.194287 0 0.980945 2.47734e-009 2.85998 -1.25079e-008</i>
                        <i>0.983202 0 0.182521 0 1 0 -0.182521 0 0.983202 2.32731e-009 2.85998 -1.25367e-008</i>
                        <i>0.985495 0 0.169702 0 1 0 -0.169702 0 0.985495 2.16386e-009 2.85998 -1.2566e-008</i>
                        <i>0.987773 0 0.155901 0 1 0 -0.155901 0 0.987773 1.98788e-009 2.85998 -1.2595e-008</i>
                        <i>0.989982 0 0.141191 0 1 0 -0.141191 0 0.989982 1.80032e-009 2.85998 -1.26232e-008</i>
                        <i>0.992075 0 0.125646 0 1 0 -0.125646 0 0.992075 1.6021e-009 2.85998 -1.26499e-008</i>
                        <i>0.994004 0 0.109342 0 1 0 -0.109342 0 0.994004 1.39421e-009 2.85998 -1.26745e-008</i>
                        <i>0.995726 0 0.092356 0 1 0 -0.092356 0 0.995726 1.17762e-009 2.85998 -1.26964e-008</i>
                        <i>0.997201 0 0.0747667 0 1 0 -0.0747667 0 0.997201 9.53344e-010 2.85998 -1.27152e-008</i>
                        <i>0.998394 0 0.0566543 0 1 0 -0.0566543 0 0.998394 7.22394e-010 2.85998 -1.27304e-008</i>
                        <i>0.999274 0 0.0381005 0 1 0 -0.0381005 0 0.999274 4.85816e-010 2.85998 -1.27417e-008</i>
                        <i>0.999816 0 0.0191879 0 1 0 -0.0191879 0 0.999816 2.44663e-010 2.85998 -1.27486e-008</i>
                        <i>1 0 0 0 1 0 0 0 1 0 2.85998 -1.27509e-008</i>
                    </KeyFrames>
                </p>
            </i>
            <i>
                <p>
                    <Name><![CDATA[lever]]></Name>
                    <Exclude>0</Exclude>
                    <Additive>0</Additive>
                    <IKPriority>0</IKPriority>
