<?xml version="1.0" encoding="ISO-8859-1" ?>
<Animl Version="1">
    <ModellingPackage><![CDATA[Maya.2010]]></ModellingPackage>
    <SrcFile><![CDATA[anims\vehicles\red\~src\air\helicopter_hormone\helicopter_hormone_exit.mb]]></SrcFile>
    <FramesPerSecond>30</FramesPerSecond>
    <TotalFrames>121</TotalFrames>
    <Skeleton>
        <RefFrame>
            <Name><![CDATA[hormone_ref_frame]]></Name>
            <Exclude>0</Exclude>
            <Additive>0</Additive>
            <IKPriority>0</IKPriority>
            <IKRotLimits>-1e+010 -1e+010 -1e+010 1e+010 1e+010 1e+010</IKRotLimits>
            <IKRotLimitOrder>0</IKRotLimitOrder>
            <KeyFrames count="121">
                <i>1 0 0 0 1 0 0 0 1 0 18 0</i>
                <i>1 0 0 0 1 0 0 0 1 0 17.6606 0</i>
                <i>1 0 0 0 1 0 0 0 1 0 17.3096 0</i>
                <i>1 0 0 0 1 0 0 0 1 0 16.9475 0</i>
                <i>1 0 0 0 1 0 0 0 1 0 16.5752 0</i>
                <i>1 0 0 0 1 0 0 0 1 0 16.1933 0</i>
                <i>1 0 0 0 1 0 0 0 1 0 15.8025 0</i>
                <i>1 0 0 0 1 0 0 0 1 0 15.4034 0</i>
                <i>1 0 0 0 1 0 0 0 1 0 14.9968 0</i>
                <i>1 0 0 0 1 0 0 0 1 0 14.5833 0</i>
                <i>1 0 0 0 1 0 0 0 1 0 14.1637 0</i>
                <i>1 0 0 0 1 0 0 0 1 0 13.7386 0</i>
                <i>1 0 0 0 1 0 0 0 1 0 13.3086 0</i>
                <i>1 0 0 0 1 0 0 0 1 0 12.8746 0</i>
                <i>1 0 0 0 1 0 0 0 1 0 12.4371 0</i>
                <i>1 0 0 0 1 0 0 0 1 0 11.9969 0</i>
                <i>1 0 0 0 1 0 0 0 1 0 11.5546 0</i>
                <i>1 0 0 0 1 0 0 0 1 0 11.111 0</i>
                <i>1 0 0 0 1 0 0 0 1 0 10.6667 0</i>
                <i>1 0 0 0 1 0 0 0 1 0 10.2223 0</i>
                <i>1 0 0 0 1 0 0 0 1 0 9.77869 0</i>
                <i>1 0 0 0 1 0 0 0 1 0 9.33642 0</i>
                <i>1 0 0 0 1 0 0 0 1 0 8.8962 0</i>
                <i>1 0 0 0 1 0 0 0 1 0 8.45873 0</i>
                <i>1 0 0 0 1 0 0 0 1 0 8.02469 0</i>
                <i>1 0 0 0 1 0 0 0 1 0 7.59476 0</i>
                <i>1 0 0 0 1 0 0 0 1 0 7.16964 0</i>
                <i>1 0 0 0 1 0 0 0 1 0 6.75 0</i>
                <i>1 0 0 0 1 0 0 0 1 0 6.33653 0</i>
                <i>1 0 0 0 1 0 0 0 1 0 5.92993 0</i>
                <i>1 0 0 0 1 0 0 0 1 0 5.53086 0</i>
                <i>1 0 0 0 1 0 0 0 1 0 5.14003 0</i>
                <i>1 0 0 0 1 0 0 0 1 0 4.75812 0</i>
                <i>1 0 0 0 1 0 0 0 1 0 4.3858 0</i>
                <i>1 0 0 0 1 0 0 0 1 0 4.02378 0</i>
                <i>1 0 0 0 1 0 0 0 1 0 3.67272 0</i>
                <i>1 0 0 0 1 0 0 0 1 0 3.33333 0</i>
                <i>1 0 0 0 1 0 0 0 1 0 3.00629 0</i>
                <i>1 0 0 0 1 0 0 0 1 0 2.69227 0</i>
                <i>1 0 0 0 1 0 0 0 1 0 2.39198 0</i>
                <i>1 0 0 0 1 0 0 0 1 0 2.10608 0</i>
                <i>1 0 0 0 1 0 0 0 1 0 1.83528 0</i>
                <i>1 0 0 0 1 0 0 0 1 0 1.58025 0</i>
                <i>1 0 0 0 1 0 0 0 1 0 1.34168 0</i>
                <i>1 0 0 0 1 0 0 0 1 0 1.12026 0</i>
                <i>1 0 0 0 1 0 0 0 1 0 0.916667 0</i>
                <i>1 0 0 0 1 0 0 0 1 0 0.731596 0</i>
                <i>1 0 0 0 1 0 0 0 1 0 0.565729 0</i>
                <i>1 0 0 0 1 0 0 0 1 0 0.419753 0</i>
                <i>1 0 0 0 1 0 0 0 1 0 0.294353 0</i>
                <i>1 0 0 0 1 0 0 0 1 0 0.190215 0</i>
                <i>1 0 0 0 1 0 0 0 1 0 0.108025 0</i>
                <i>1 0 0 0 1 0 0 0 1 0 0.0484683 0</i>
                <i>1 0 0 0 1 0 0 0 1 0 0.0122314 0</i>
                <i>1 0 0 0 1 0 0 0 1 0 0 0</i>
                <i>1 0 0 0 1 0 0 0 1 0 0 0</i>
                <i>1 0 0 0 1 0 0 0 1 0 0 0</i>
                <i>1 0 0 0 1 0 0 0 1 0 0 0</i>
                <i>1 0 0 0 1 0 0 0 1 0 0 0</i>
                <i>1 0 0 0 1 0 0 0 1 0 0 0</i>
                <i>1 0 0 0 1 0 0 0 1 0 0 0</i>
                <i>1 0 0 0 1 0 0 0 1 0 0 0</i>
                <i>1 0 0 0 1 0 0 0 1 0 0 0</i>
                <i>1 0 0 0 1 0 0 0 1 0 0 0</i>
                <i>1 0 0 0 1 0 0 0 1 0 0 0</i>
                <i>1 0 0 0 1 0 0 0 1 0 0 0</i>
                <i>1 0 0 0 1 0 0 0 1 0 0 0</i>
                <i>1 0 0 0 1 0 0 0 1 0 0 0</i>
                <i>1 0 0 0 1 0 0 0 1 0 0 0</i>
                <i>1 0 0 0 1 0 0 0 1 0 0 0</i>
                <i>1 0 0 0 1 0 0 0 1 0 0 0</i>
                <i>1 0 0 0 1 0 0 0 1 0 0 0</i>
                <i>1 0 0 0 1 0 0 0 1 0 0 0</i>
                <i>1 0 0 0 1 0 0 0 1 0 0 0</i>
                <i>1 0 0 0 1 0 0 0 1 0 0 0</i>
                <i>1 0 0 0 1 0 0 0 1 0 0 0</i>
                <i>1 0 0 0 1 0 0 0 1 0 0 0</i>
                <i>1 0 0 0 1 0 0 0 1 0 0 0</i>
                <i>1 0 0 0 1 0 0 0 1 0 0 0</i>
                <i>1 0 0 0 1 0 0 0 1 0 0 0</i>
                <i>1 0 0 0 1 0 0 0 1 0 0 0</i>
                <i>1 0 0 0 1 0 0 0 1 0 0 0</i>
                <i>1 0 0 0 1 0 0 0 1 0 0 0</i>
                <i>1 0 0 0 1 0 0 0 1 0 0 0</i>
                <i>1 0 0 0 1 0 0 0 1 0 0 0</i>
                <i>1 0 0 0 1 0 0 0 1 0 0 0</i>
                <i>1 0 0 0 1 0 0 0 1 0 0 0</i>
                <i>1 0 0 0 1 0 0 0 1 0 0 0</i>
                <i>1 0 0 0 1 0 0 0 1 0 0 0</i>
                <i>1 0 0 0 1 0 0 0 1 0 0 0</i>
                <i>1 0 0 0 1 0 0 0 1 0 0 0</i>
                <i>1 0 0 0 1 0 0 0 1 0 0 0</i>
                <i>1 0 0 0 1 0 0 0 1 0 0 0</i>
                <i>1 0 0 0 1 0 0 0 1 0 0 0</i>
                <i>1 0 0 0 1 0 0 0 1 0 0 0</i>
                <i>1 0 0 0 1 0 0 0 1 0 0 0</i>
                <i>1 0 0 0 1 0 0 0 1 0 0 0</i>
                <i>1 0 0 0 1 0 0 0 1 0 0 0</i>
                <i>1 0 0 0 1 0 0 0 1 0 0 0</i>
                <i>1 0 0 0 1 0 0 0 1 0 0 0</i>
                <i>1 0 0 0 1 0 0 0 1 0 0 0</i>
                <i>1 0 0 0 1 0 0 0 1 0 0 0</i>
                <i>1 0 0 0 1 0 0 0 1 0 0 0</i>
                <i>1 0 0 0 1 0 0 0 1 0 0 0</i>
                <i>1 0 0 0 1 0 0 0 1 0 0 0</i>
                <i>1 0 0 0 1 0 0 0 1 0 0 0</i>
                <i>1 0 0 0 1 0 0 0 1 0 0 0</i>
                <i>1 0 0 0 1 0 0 0 1 0 0 0</i>
                <i>1 0 0 0 1 0 0 0 1 0 0 0</i>
                <i>1 0 0 0 1 0 0 0 1 0 0 0</i>
                <i>1 0 0 0 1 0 0 0 1 0 0 0</i>
                <i>1 0 0 0 1 0 0 0 1 0 0 0</i>
                <i>1 0 0 0 1 0 0 0 1 0 0 0</i>
                <i>1 0 0 0 1 0 0 0 1 0 0 0</i>
                <i>1 0 0 0 1 0 0 0 1 0 0 0</i>
                <i>1 0 0 0 1 0 0 0 1 0 0 0</i>
                <i>1 0 0 0 1 0 0 0 1 0 0 0</i>
                <i>1 0 0 0 1 0 0 0 1 0 0 0</i>
                <i>1 0 0 0 1 0 0 0 1 0 0 0</i>
                <i>1 0 0 0 1 0 0 0 1 0 0 0</i>
                <i>1 0 0 0 1 0 0 0 1 0 0 0</i>
            </KeyFrames>
        </RefFrame>
        <Bones count="5">
            <i>
                <p>
                    <Name><![CDATA[hormone_root]]></Name>
                    <Exclude>0</Exclude>
                    <Additive>0</Additive>
                    <IKPriority>0</IKPriority>
                    <IKRotLimits>-1e+010 -1e+010 -1e+010 1e+010 1e+010 1e+010</IKRotLimits>
                    <IKRotLimitOrder>0</IKRotLimitOrder>
                    <KeyFrames count="121">
                        <i>1 0 0 0 0.999391 0.0348995 0 -0.0348995 0.999391 0 21 0</i>
                        <i>1 0 0 0 0.999452 0.0331005 0 -0.0331005 0.999452 0 20.6606 0</i>
                        <i>1 0 0 0 0.999511 0.0312825 0 -0.0312825 0.999511 0 20.3096 0</i>
                        <i>1 0 0 0 0.999566 0.029447 0 -0.029447 0.999566 0 19.9475 0</i>
                        <i>1 0 0 0 0.999619 0.0275957 0 -0.0275957 0.999619 0 19.5752 0</i>
                        <i>1 0 0 0 0.999669 0.0257302 0 -0.0257302 0.999669 0 19.1933 0</i>
                        <i>1 0 0 0 0.999716 0.0238519 0 -0.0238519 0.999716 0 18.8025 0</i>
                        <i>1 0 0 0 0.999759 0.0219626 0 -0.0219626 0.999759 0 18.4034 0</i>
                        <i>1 0 0 0 0.999799 0.0200637 0 -0.0200637 0.999799 0 17.9968 0</i>
                        <i>1 0 0 0 0.999835 0.0181568 0 -0.0181568 0.999835 0 17.5833 0</i>
                        <i>1 0 0 0 0.999868 0.0162436 0 -0.0162436 0.999868 0 17.1637 0</i>
                        <i>1 0 0 0 0.999897 0.0143257 0 -0.0143257 0.999897 0 16.7386 0</i>
                        <i>1 0 0 0 0.999923 0.0124045 0 -0.0124045 0.999923 0 16.3086 0</i>
                        <i>1 0 0 0 0.999945 0.0104817 0 -0.0104817 0.999945 0 15.8746 0</i>
                        <i>1 0 0 0 0.999963 0.00855882 0 -0.00855882 0.999963 0 15.4371 0</i>
                        <i>1 0 0 0 0.999978 0.00663751 0 -0.00663751 0.999978 0 14.9969 0</i>
                        <i>1 0 0 0 0.999989 0.00471934 0 -0.00471934 0.999989 0 14.5546 0</i>
                        <i>1 0 0 0 0.999996 0.00280587 0 -0.00280587 0.999996 0 14.111 0</i>
                        <i>1 0 0 0 1 0.000898693 0 -0.000898693 1 0 13.6667 0</i>
                        <i>1 0 0 0 1 -0.00100061 0 0.00100061 1 0 13.2223 0</i>
                        <i>1 0 0 0 0.999996 -0.00289046 0 0.00289046 0.999996 0 12.7787 0</i>
                        <i>1 0 0 0 0.999989 -0.00476927 0 0.00476927 0.999989 0 12.3364 0</i>
                        <i>1 0 0 0 0.999978 -0.00663546 0 0.00663546 0.999978 0 11.8962 0</i>
                        <i>1 0 0 0 0.999964 -0.00848746 0 0.00848746 0.999964 0 11.4587 0</i>
                        <i>1 0 0 0 0.999947 -0.0103237 0 0.0103237 0.999947 0 11.0247 0</i>
                        <i>1 0 0 0 0.999926 -0.0121425 0 0.0121425 0.999926 0 10.5948 0</i>
                        <i>1 0 0 0 0.999903 -0.0139424 0 0.0139424 0.999903 0 10.1696 0</i>
                        <i>1 0 0 0 0.999876 -0.0157218 0 0.0157218 0.999876 0 9.75 0</i>
                        <i>1 0 0 0 0.999847 -0.0174791 0 0.0174791 0.999847 0 9.33653 0</i>
                        <i>1 0 0 0 0.999815 -0.0192127 0 0.0192127 0.999815 0 8.92993 0</i>
                        <i>1 0 0 0 0.999781 -0.020921 0 0.020921 0.999781 0 8.53086 0</i>
                        <i>1 0 0 0 0.999745 -0.0226025 0 0.0226025 0.999745 0 8.14003 0</i>
                        <i>1 0 0 0 0.999706 -0.0242556 0 0.0242556 0.999706 0 7.75812 0</i>
                        <i>1 0 0 0 0.999665 -0.0258787 0 0.0258787 0.999665 0 7.3858 0</i>
                        <i>1 0 0 0 0.999623 -0.0274703 0 0.0274703 0.999623 0 7.02378 0</i>
                        <i>1 0 0 0 0.999579 -0.0290287 0 0.0290287 0.999579 0 6.67273 0</i>
                        <i>1 0 0 0 0.999533 -0.0305524 0 0.0305524 0.999533 0 6.33333 0</i>
                        <i>1 0 0 0 0.999487 -0.0320398 0 0.0320398 0.999487 0 6.00629 0</i>
                        <i>1 0 0 0 0.999439 -0.0334894 0 0.0334894 0.999439 0 5.69227 0</i>
                        <i>1 0 0 0 0.999391 -0.0348995 0 0.0348995 0.999391 0 5.39197 0</i>
                        <i>1 0 0 0 0.999343 -0.0362544 0 0.0362544 0.999343 0 5.10608 0</i>
                        <i>1 0 0 0 0.999296 -0.0375126 0 0.0375126 0.999296 0 4.83528 0</i>
                        <i>1 0 0 0 0.999253 -0.0386344 0 0.0386344 0.999253 0 4.58025 0</i>
                        <i>1 0 0 0 0.999216 -0.0395799 0 0.0395799 0.999216 0 4.34168 0</i>
                        <i>1 0 0 0 0.999187 -0.0403092 0 0.0403092 0.999187 0 4.12026 0</i>
                        <i>1 0 0 0 0.999168 -0.0407825 0 0.0407825 0.999168 0 3.91667 0</i>
                        <i>1 0 0 0 0.999161 -0.0409599 0 0.0409599 0.999161 0 3.7316 0</i>
                        <i>1 0 0 0 0.999167 -0.0408016 0 0.0408016 0.999167 0 3.56573 0</i>
                        <i>1 0 0 0 0.999189 -0.0402676 0 0.0402676 0.999189 0 3.41975 0</i>
                        <i>1 0 0 0 0.999227 -0.0393182 0 0.0393182 0.999227 0 3.29435 0</i>
                        <i>1 0 0 0 0.999281 -0.0379133 0 0.0379133 0.999281 0 3.19021 0</i>
                        <i>1 0 0 0 0.999351 -0.036013 0 0.036013 0.999351 0 3.10802 0</i>
                        <i>1 0 0 0 0.99945 -0.0331493 0 0.0331493 0.99945 0 3.0398 -4.54392e-005</i>
                        <i>1 0 0 0 0.999577 -0.0290718 0 0.0290718 0.999577 0 2.99384 -9.62866e-005</i>
                        <i>1 0 0 0 0.99971 -0.0240676 0 0.0240676 0.99971 0 2.97122 -0.000150515</i>
                        <i>1 0 0 0 0.99983 -0.018424 0 0.018424 0.99983 0 2.96057 -0.000206094</i>
                        <i>1 0 0 0 0.999923 -0.0124282 0 0.0124282 0.999923 0 2.95006 -0.000260998</i>
                        <i>1 0 0 0 0.99998 -0.00636784 0 0.00636784 0.99998 0 2.94007 -0.000313198</i>
                        <i>1 0 0 0 1 -0.000530657 0 0.000530657 1 0 2.93101 -0.000360665</i>
                        <i>1 0 0 0 0.999988 0.00479566 0 -0.00479566 0.999988 0 2.92327 -0.000401372</i>
                        <i>1 0 0 0 0.999957 0.00932355 0 -0.00932355 0.999957 0 2.91725 -0.00043329</i>
                        <i>1 0 0 0 0.999919 0.0127655 0 -0.0127655 0.999919 0 2.91334 -0.000454392</i>
                        <i>1 0 0 0 0.99989 0.0148343 0 -0.0148343 0.99989 0 2.91195 -0.000462649</i>
                        <i>1 0 0 0 0.999875 0.0158399 0 -0.0158399 0.999875 0 2.91612 -0.000459841</i>
                        <i>1 0 0 0 0.999867 0.0163227 0 -0.0163227 0.999867 0 2.92705 -0.000449662</i>
                        <i>1 0 0 0 0.999866 0.0163401 0 -0.0163401 0.999866 0 2.94235 -0.000432954</i>
                        <i>1 0 0 0 0.999873 0.01595 0 -0.01595 0.999873 0 2.95967 -0.000410561</i>
                        <i>1 0 0 0 0.999884 0.0152098 0 -0.0152098 0.999884 0 2.97664 -0.000383326</i>
                        <i>1 0 0 0 0.9999 0.0141772 0 -0.0141772 0.9999 0 2.99087 -0.000352092</i>
                        <i>1 0 0 0 0.999917 0.0129097 0 -0.0129097 0.999917 0 3 -0.000317702</i>
                        <i>1 0 0 0 0.999934 0.0114652 0 -0.0114652 0.999934 0 3.00438 -0.000280998</i>
                        <i>1 0 0 0 0.999951 0.00990103 0 -0.00990103 0.999951 0 3.00633 -0.000242825</i>
                        <i>1 0 0 0 0.999966 0.00827497 0 -0.00827497 0.999966 0 3.00641 -0.000204024</i>
                        <i>1 0 0 0 0.999978 0.00664462 0 -0.00664462 0.999978 0 3.0052 -0.00016544</i>
                        <i>1 0 0 0 0.999987 0.00506761 0 -0.00506761 0.999987 0 3.00326 -0.000127915</i>
                        <i>1 0 0 0 0.999994 0.00360158 0 -0.00360158 0.999994 0 3.00117 -9.22919e-005</i>
                        <i>1 0 0 0 0.999997 0.00230417 0 -0.00230417 0.999997 0 2.9995 -5.9414e-005</i>
                        <i>1 0 0 0 0.999999 0.00123302 0 -0.00123302 0.999999 0 2.99881 -3.01242e-005</i>
                        <i>1 0 0 0 1 0.000445744 0 -0.000445744 1 0 2.99881 -8.43352e-006</i>
                        <i>1 0 0 0 1 0 0 0 1 0 2.99882 0</i>
                        <i>1 0 0 0 1 -0.000243448 0 0.000243448 1 0 2.99882 6.66806e-007</i>
                        <i>1 0 0 0 1 -0.000462855 0 0.000462855 1 0 2.99883 1.26776e-006</i>
                        <i>1 0 0 0 1 -0.000659135 0 0.000659135 1 0 2.99884 1.80538e-006</i>
                        <i>1 0 0 0 1 -0.0008332 0 0.0008332 1 0 2.99885 2.28214e-006</i>
                        <i>1 0 0 0 1 -0.000985964 0 0.000985964 1 0 2.99887 2.70056e-006</i>
                        <i>1 0 0 0 0.999999 -0.00111834 0 0.00111834 0.999999 0 2.99889 3.06314e-006</i>
                        <i>1 0 0 0 0.999999 -0.00123124 0 0.00123124 0.999999 0 2.9989 3.37237e-006</i>
                        <i>1 0 0 0 0.999999 -0.00132557 0 0.00132557 0.999999 0 2.99893 3.63076e-006</i>
                        <i>1 0 0 0 0.999999 -0.00140226 0 0.00140226 0.999999 0 2.99895 3.8408e-006</i>
                        <i>1 0 0 0 0.999999 -0.00146221 0 0.00146221 0.999999 0 2.99897 4.00501e-006</i>
                        <i>1 0 0 0 0.999999 -0.00150633 0 0.00150633 0.999999 0 2.999 4.12586e-006</i>
                        <i>1 0 0 0 0.999999 -0.00153555 0 0.00153555 0.999999 0 2.99902 4.20588e-006</i>
                        <i>1 0 0 0 0.999999 -0.00155076 0 0.00155076 0.999999 0 2.99905 4.24756e-006</i>
                        <i>1 0 0 0 0.999999 -0.00155289 0 0.00155289 0.999999 0 2.99908 4.25339e-006</i>
                        <i>1 0 0 0 0.999999 -0.00154285 0 0.00154285 0.999999 0 2.99911 4.22589e-006</i>
                        <i>1 0 0 0 0.999999 -0.00152155 0 0.00152155 0.999999 0 2.99914 4.16754e-006</i>
                        <i>1 0 0 0 0.999999 -0.0014899 0 0.0014899 0.999999 0 2.99917 4.08085e-006</i>
                        <i>1 0 0 0 0.999999 -0.00144882 0 0.00144882 0.999999 0 2.99921 3.96833e-006</i>
                        <i>1 0 0 0 0.999999 -0.00139922 0 0.00139922 0.999999 0 2.99924 3.83247e-006</i>
                        <i>1 0 0 0 0.999999 -0.00134201 0 0.00134201 0.999999 0 2.99927 3.67577e-006</i>
                        <i>1 0 0 0 0.999999 -0.0012781 0 0.0012781 0.999999 0 2.99931 3.50073e-006</i>
                        <i>1 0 0 0 0.999999 -0.00120841 0 0.00120841 0.999999 0 2.99935 3.30986e-006</i>
                        <i>1 0 0 0 0.999999 -0.00113386 0 0.00113386 0.999999 0 2.99938 3.10565e-006</i>
                        <i>1 0 0 0 0.999999 -0.00105535 0 0.00105535 0.999999 0 2.99942 2.89061e-006</i>
                        <i>1 0 0 0 1 -0.000973792 0 0.000973792 1 0 2.99945 2.66723e-006</i>
                        <i>1 0 0 0 1 -0.000890107 0 0.000890107 1 0 2.99949 2.43801e-006</i>
                        <i>1 0 0 0 1 -0.000805204 0 0.000805204 1 0 2.99953 2.20546e-006</i>
                        <i>1 0 0 0 1 -0.000719998 0 0.000719998 1 0 2.99956 1.97208e-006</i>
                        <i>1 0 0 0 1 -0.000635399 0 0.000635399 1 0 2.9996 1.74036e-006</i>
                        <i>1 0 0 0 1 -0.000552322 0 0.000552322 1 0 2.99964 1.51282e-006</i>
                        <i>1 0 0 0 1 -0.00047168 0 0.00047168 1 0 2.99967 1.29194e-006</i>
                        <i>1 0 0 0 1 -0.000394386 0 0.000394386 1 0 2.99971 1.08023e-006</i>
                        <i>1 0 0 0 1 -0.000321351 0 0.000321351 1 0 2.99975 8.80184e-007</i>
                        <i>1 0 0 0 1 -0.00025349 0 0.00025349 1 0 2.99978 6.94312e-007</i>
                        <i>1 0 0 0 1 -0.000191715 0 0.000191715 1 0 2.99981 5.2511e-007</i>
                        <i>1 0 0 0 1 -0.00013694 0 0.00013694 1 0 2.99985 3.75079e-007</i>
                        <i>1 0 0 0 1 -9.00756e-005 0 9.00756e-005 1 0 2.99988 2.46718e-007</i>
                        <i>1 0 0 0 1 -5.20369e-005 0 5.20369e-005 1 0 2.99991 1.4253e-007</i>
                        <i>1 0 0 0 1 -2.37361e-005 0 2.37361e-005 1 0 2.99994 6.50135e-008</i>
                        <i>1 0 0 0 1 -6.08619e-006 0 6.08619e-006 1 0 2.99997 1.66701e-008</i>
                        <i>1 0 0 0 1 0 0 0 1 0 3 0</i>
                    </KeyFrames>
                </p>
            </i>
            <i>
                <p>
                    <Name><![CDATA[rotor]]></Name>
                    <Exclude>0</Exclude>
                    <Additive>0</Additive>
                    <IKPriority>0</IKPriority>
                    <IKRotLimits>-1e+010 -1e+010 -1e+010 1e+010 1e+010 1e+010</IKRotLimits>
                    <IKRotLimitOrder>0</IKRotLimitOrder>
                    <KeyFrames count="121">
                        <i>0.766044 -0.022433 0.642396 0 0.999391 0.0348995 -0.642788 -0.0267346 0.765578 0 23.4985 0.0872487</i>
                        <i>0.962248 -0.00900914 0.272026 0 0.999452 0.0331005 -0.272176 -0.0318509 0.96172 0 23.1592 0.0827512</i>
                        <i>0.987916 0.00484841 -0.154912 0 0.999511 0.0312825 0.154988 -0.0309044 0.987433 0 22.8083 0.0782061</i>
                        <i>0.827936 0.0165145 -0.560579 0 0.999566 0.029447 0.560822 -0.0243803 0.827577 0 22.4464 0.0736175</i>
                        <i>0.503338 0.0238452 -0.863761 0 0.999619 0.0275957 0.86409 -0.01389 0.503146 0 22.0743 0.0689893</i>
                        <i>0.0715342 0.0256642 -0.997108 0 0.999669 0.0257302 0.997438 -0.00184059 0.0715106 0 21.6925 0.0643254</i>
                        <i>-0.381919 0.0220438 -0.923933 0 0.999716 0.0238519 0.924196 0.0091095 -0.38181 0 21.3018 0.0596298</i>
                        <i>-0.759567 0.0142851 -0.650272 0 0.999759 0.0219626 0.650429 0.016682 -0.759384 0 20.9028 0.0549064</i>
                        <i>-0.973584 0.00458111 -0.228282 0 0.999799 0.0200637 0.228328 0.0195337 -0.973388 0 20.4963 0.0501592</i>
                        <i>-0.967879 -0.00456494 0.251376 0 0.999835 0.0181568 -0.251417 0.0175736 -0.967719 0 20.0829 0.0453921</i>
                        <i>-0.735041 -0.0110136 0.677933 0 0.999868 0.0162436 -0.678022 0.0119398 -0.734944 0 19.6634 0.0406091</i>
                        <i>-0.322794 -0.0135588 0.946372 0 0.999897 0.0143257 -0.946469 0.00462423 -0.322761 0 19.2383 0.0358142</i>
                        <i>0.173316 -0.0122167 0.984791 0 0.999923 0.0124045 -0.984866 -0.00214989 0.173303 0 18.8084 0.0310112</i>
                        <i>0.630814 -0.00813308 0.775891 0 0.999945 0.0104817 -0.775934 -0.00661198 0.630779 0 18.3745 0.0262042</i>
                        <i>0.930671 -0.0031313 0.365844 0 0.999963 0.00855882 -0.365857 -0.00796545 0.930637 0 17.937 0.0213971</i>
                        <i>0.989646 0.000952675 -0.143526 0 0.999978 0.00663751 0.143529 -0.00656879 0.989624 0 17.4969 0.0165938</i>
                        <i>0.785528 0.00292045 -0.618819 0 0.999989 0.00471934 0.618826 -0.00370717 0.785519 0 17.0546 0.0117983</i>
                        <i>0.367186 0.00260987 -0.930144 0 0.999996 0.00280587 0.930148 -0.00103027 0.367184 0 16.611 0.00701467</i>
                        <i>-0.155007 0.000887831 -0.987913 0 1 0.000898693 0.987913 0.000139304 -0.155007 0 16.1667 0.00224673</i>
                        <i>-0.637312 -0.000771078 -0.770605 0 1 -0.00100061 0.770606 -0.000637703 -0.637312 0 15.7223 -0.00250153</i>
                        <i>-0.942432 -0.00096656 -0.334395 0 0.999996 -0.00289046 0.334397 -0.00272406 -0.942428 0 15.2787 -0.00722615</i>
                        <i>-0.979863 0.000952288 0.199669 0 0.999989 -0.00476927 -0.199672 -0.00467323 -0.979852 0 14.8364 -0.0119232</i>
                        <i>-0.734495 0.00450292 0.678599 0 0.999978 -0.00663546 -0.678614 -0.00487371 -0.734479 0 14.3961 -0.0165887</i>
                        <i>-0.273955 0.00816275 0.961708 0 0.999964 -0.00848746 -0.961743 -0.00232518 -0.273945 0 13.9586 -0.0212186</i>
                        <i>0.26884 0.0099436 0.963134 0 0.999947 -0.0103237 -0.963185 0.00277541 0.268825 0 13.5246 -0.0258092</i>
                        <i>0.73377 0.00824959 0.679347 0 0.999926 -0.0121425 -0.679397 0.00890982 0.733716 0 13.0946 -0.0303563</i>
                        <i>0.981319 0.00268237 0.19237 0 0.999903 -0.0139424 -0.192389 0.013682 0.981223 0 12.6694 -0.034856</i>
                        <i>0.935497 -0.00555505 -0.35329 0 0.999876 -0.0157218 0.353334 0.0147077 0.935382 0 12.2497 -0.0393045</i>
                        <i>0.608246 -0.013874 -0.793627 0 0.999847 -0.0174791 0.793748 0.0106316 0.608153 0 11.8362 -0.0436977</i>
                        <i>0.0970909 -0.0191219 -0.995092 0 0.999815 -0.0192127 0.995275 0.00186538 0.097073 0 11.4295 -0.0480317</i>
                        <i>-0.443817 -0.0187477 -0.895921 0 0.999781 -0.020921 0.896117 -0.00928512 -0.44372 0 11.0303 -0.0523026</i>
                        <i>-0.850614 -0.0118842 -0.525656 0 0.999745 -0.0226025 0.525791 -0.019226 -0.850397 0 10.6394 -0.0565064</i>
                        <i>-0.999994 8.61685e-005 0.00355147 0 0.999706 -0.0242556 -0.00355252 -0.0242555 -0.999699 0 10.2574 -0.0606391</i>
                        <i>-0.847067 0.0137542 0.531308 0 0.999665 -0.0258787 -0.531486 -0.021921 -0.846783 0 9.88496 -0.0646969</i>
                        <i>-0.438862 0.0246836 0.898216 0 0.999623 -0.0274703 -0.898555 -0.0120557 -0.438696 0 9.52283 -0.0686757</i>
                        <i>0.100623 0.0288814 0.994505 0 0.999579 -0.0290287 -0.994925 0.00292095 0.10058 0 9.17167 -0.0725718</i>
                        <i>0.608868 0.0242364 0.792902 0 0.999533 -0.0305524 -0.793272 0.0186024 0.608583 0 8.83217 -0.076381</i>
                        <i>0.934514 0.0114038 0.355744 0 0.999487 -0.0320398 -0.355927 0.0299417 0.934034 0 8.505 -0.0800995</i>
                        <i>0.982664 -0.00620885 -0.185294 0 0.999439 -0.0334894 0.185398 0.0329088 0.982112 0 8.19087 -0.0837234</i>
                        <i>0.74204 -0.0233951 -0.669947 0 0.999391 -0.0348995 0.670355 0.0258968 0.741588 0 7.89045 -0.0872487</i>
                        <i>0.286305 -0.0347367 -0.957509 0 0.999343 -0.0362544 0.958138 0.0103798 0.286117 0 7.60444 -0.0906359</i>
                        <i>-0.249928 -0.0363222 -0.967583 0 0.999296 -0.0375126 0.968264 -0.00937545 -0.249752 0 7.33352 -0.0937816</i>
                        <i>-0.712124 -0.0271235 -0.70153 0 0.999253 -0.0386344 0.702054 -0.0275125 -0.711592 0 7.07838 -0.0965861</i>
                        <i>-0.970927 -0.00947442 -0.239187 0 0.999216 -0.0395799 0.239374 -0.0384292 -0.970167 0 6.83972 -0.0989498</i>
                        <i>-0.957906 0.011572 0.286848 0 0.999187 -0.0403092 -0.287082 -0.0386124 -0.957128 0 6.61822 -0.100773</i>
                        <i>-0.682127 0.0298215 0.730625 0 0.999168 -0.0407825 -0.731233 -0.0278189 -0.68156 0 6.41459 -0.101956</i>
                        <i>-0.224046 0.0399187 0.973761 0 0.999161 -0.0409599 -0.974579 -0.00917689 -0.223858 0 6.2295 -0.1024</i>
                        <i>0.28997 0.0390486 0.956239 0 0.999167 -0.0408016 -0.957036 0.0118312 0.289728 0 6.06365 -0.102004</i>
                        <i>0.723953 0.0277786 0.68929 0 0.999189 -0.0402676 -0.68985 0.0291519 0.723365 0 5.91773 -0.100669</i>
                        <i>0.96864 0.00976929 0.248275 0 0.999227 -0.0393182 -0.248467 0.0380852 0.967891 0 5.79242 -0.0982955</i>
                        <i>0.968002 -0.00951412 -0.250764 0 0.999281 -0.0379133 0.250944 0.0367001 0.967306 0 5.68842 -0.0947832</i>
                        <i>0.729861 -0.0246184 -0.683153 0 0.999351 -0.036013 0.683596 0.0262845 0.729387 0 5.6064 -0.0900326</i>
                        <i>0.319422 -0.0314127 -0.947092 0 0.99945 -0.0331493 0.947612 0.0105886 0.319247 0 5.53843 -0.0829187</i>
                        <i>-0.160855 -0.0286933 -0.986561 0 0.999577 -0.0290718 0.986978 -0.00467635 -0.160787 0 5.49279 -0.0727758</i>
                        <i>-0.598493 -0.0192813 -0.800896 0 0.99971 -0.0240676 0.801128 -0.0144043 -0.598319 0 5.4705 -0.0603196</i>
                        <i>-0.897807 -0.00811371 -0.440315 0 0.99983 -0.018424 0.440389 -0.0165412 -0.897654 0 5.46015 -0.046266</i>
                        <i>-0.999951 0.00012308 0.00990258 0 0.999923 -0.0124282 -0.00990334 -0.0124275 -0.999874 0 5.44986 -0.0313314</i>
                        <i>-0.892322 0.00287444 0.45139 0 0.99998 -0.00636784 -0.451399 -0.00568216 -0.892304 0 5.44002 -0.0162328</i>
                        <i>-0.606646 0.000421858 0.794972 0 1 -0.000530657 -0.794972 -0.000321921 -0.606646 0 5.43101 -0.00168731</i>
                        <i>-0.207782 -0.004691 0.978164 0 0.999988 0.00479566 -0.978175 0.000996454 -0.20778 0 5.42324 0.0115878</i>
                        <i>0.222936 -0.00908891 0.974791 0 0.999957 0.00932355 -0.974833 -0.00207856 0.222927 0 5.41714 0.0228756</i>
                        <i>0.605399 -0.0101604 0.795858 0 0.999919 0.0127655 -0.795922 -0.00772824 0.605349 0 5.41314 0.0314595</i>
                        <i>0.875621 -0.00716493 0.482946 0 0.99989 0.0148343 -0.482999 -0.0129892 0.875525 0 5.41168 0.036623</i>
                        <i>0.995308 -0.00153256 0.0967407 0 0.999875 0.0158399 -0.0967529 -0.0157656 0.995184 0 5.41581 0.0391399</i>
                        <i>0.955134 0.00483434 -0.296134 0 0.999867 0.0163227 0.296174 -0.0155903 0.955007 0 5.42671 0.040357</i>
                        <i>0.772266 0.0103809 -0.635215 0 0.999866 0.0163401 0.635299 -0.0126189 0.772163 0 5.44202 0.0404174</i>
                        <i>0.483686 0.0139601 -0.87513 0 0.999873 0.01595 0.875241 -0.00771477 0.483625 0 5.45936 0.0394643</i>
                        <i>0.137356 0.0150656 -0.990407 0 0.999884 0.0152098 0.990522 -0.00208916 0.137341 0 5.47635 0.0376411</i>
                        <i>-0.216777 0.01384 -0.976123 0 0.9999 0.0141772 0.976221 0.00307328 -0.216755 0 5.49062 0.0350908</i>
                        <i>-0.534363 0.010912 -0.845185 0 0.999917 0.0129097 0.845255 0.00689849 -0.534318 0 5.49979 0.0319567</i>
                        <i>-0.781856 0.00714806 -0.623418 0 0.999934 0.0114652 0.623459 0.00896411 -0.781805 0 5.50422 0.0283819</i>
                        <i>-0.939054 0.00340367 -0.343752 0 0.999951 0.00990103 0.343769 0.0092976 -0.939008 0 5.50621 0.0245097</i>
                        <i>-0.999174 0.000336282 -0.040637 0 0.999966 0.00827497 0.0406384 0.00826813 -0.99914 0 5.50632 0.0204834</i>
                        <i>-0.96706 -0.00169138 0.254543 0 0.999978 0.00664462 -0.254549 0.00642574 -0.967039 0 5.50514 0.0164461</i>
                        <i>-0.85623 -0.0026179 0.516588 0 0.999987 0.00506761 -0.516595 0.00433904 -0.856219 0 5.50323 0.0125411</i>
                        <i>-0.685492 -0.00262224 0.728075 0 0.999994 0.00360158 -0.72808 0.00246886 -0.685488 0 5.50115 0.00891167</i>
                        <i>-0.475707 -0.00202676 0.879601 0 0.999997 0.00230417 -0.879604 0.00109611 -0.475706 0 5.49949 0.00570102</i>
                        <i>-0.247102 -0.00119478 0.968989 0 0.999999 0.00123302 -0.968989 0.000304681 -0.247102 0 5.49881 0.00305242</i>
                        <i>-0.0173358 -0.000445677 0.99985 0 1 0.000445744 -0.99985 7.72731e-006 -0.0173358 0 5.49881 0.00110593</i>
                        <i>0.199638 0 0.97987 0 1 0 -0.97987 0 0.199638 0 5.49882 0</i>
                        <i>0.394012 0.000223754 0.919105 0 1 -0.000243448 -0.919105 9.59215e-005 0.394012 0 5.49882 -0.000607953</i>
                        <i>0.559995 0.000383474 0.828496 0 1 -0.000462855 -0.828496 0.000259197 0.559995 0 5.49883 -0.00115587</i>
                        <i>0.695311 0.000473726 0.718709 0 1 -0.000659135 -0.718709 0.000458304 0.695311 0 5.49884 -0.00164603</i>
                        <i>0.800492 0.000499373 0.599344 0 1 -0.0008332 -0.599344 0.00066697 0.800491 0 5.49885 -0.00208072</i>
                        <i>0.878097 0.000471766 0.478482 0 1 -0.000985964 -0.478482 0.000865772 0.878097 0 5.49887 -0.00246221</i>
                        <i>0.931976 0.000405421 0.362521 0 0.999999 -0.00111834 -0.362521 0.00104226 0.931975 0 5.49888 -0.00279278</i>
                        <i>0.966617 0.000315476 0.256227 0 0.999999 -0.00123124 -0.256227 0.00119014 0.966616 0 5.4989 -0.00307472</i>
                        <i>0.986638 0.000215974 0.162928 0 0.999999 -0.00132557 -0.162928 0.00130786 0.986637 0 5.49892 -0.0033103</i>
                        <i>0.996399 0.000118896 0.0847889 0 0.999999 -0.00140226 -0.084789 0.00139721 0.996398 0 5.49894 -0.00350181</i>
                        <i>0.999733 3.37914e-005 0.0231098 0 0.999999 -0.00146221 -0.0231098 0.00146182 0.999732 0 5.49897 -0.00365152</i>
                        <i>0.999771 -3.22072e-005 -0.0213812 0 0.999999 -0.00150633 0.0213812 0.00150599 0.99977 0 5.49899 -0.00376171</i>
                        <i>0.998834 -7.41334e-005 -0.0482781 0 0.999999 -0.00153555 0.0482782 0.00153376 0.998833 0 5.49902 -0.00383466</i>
                        <i>0.998357 -8.8863e-005 -0.0573027 0 0.999999 -0.00155076 0.0573028 0.00154821 0.998356 0 5.49905 -0.00387266</i>
                        <i>0.998357 -8.89851e-005 -0.0573027 0 0.999999 -0.00155289 0.0573028 0.00155034 0.998356 0 5.49908 -0.00387798</i>
                        <i>0.998357 -8.84096e-005 -0.0573027 0 0.999999 -0.00154285 0.0573028 0.00154032 0.998356 0 5.49911 -0.0038529</i>
                        <i>0.998357 -8.7189e-005 -0.0573027 0 0.999999 -0.00152155 0.0573028 0.00151905 0.998356 0 5.49914 -0.00379971</i>
                        <i>0.998357 -8.53754e-005 -0.0573027 0 0.999999 -0.0014899 0.0573028 0.00148745 0.998356 0 5.49917 -0.00372067</i>
                        <i>0.998357 -8.30214e-005 -0.0573027 0 0.999999 -0.00144882 0.0573028 0.00144644 0.998356 0 5.4992 -0.00361808</i>
                        <i>0.998357 -8.0179e-005 -0.0573027 0 0.999999 -0.00139922 0.0573028 0.00139692 0.998356 0 5.49924 -0.00349421</i>
                        <i>0.998357 -7.69007e-005 -0.0573027 0 0.999999 -0.00134201 0.0573028 0.0013398 0.998356 0 5.49927 -0.00335134</i>
                        <i>0.998357 -7.32388e-005 -0.0573027 0 0.999999 -0.0012781 0.0573028 0.001276 0.998356 0 5.49931 -0.00319175</i>
                        <i>0.998357 -6.92455e-005 -0.0573027 0 0.999999 -0.00120841 0.0573028 0.00120643 0.998356 0 5.49934 -0.00301773</i>
                        <i>0.998357 -6.49732e-005 -0.0573027 0 0.999999 -0.00113386 0.0573028 0.001132 0.998356 0 5.49938 -0.00283154</i>
                        <i>0.998357 -6.04743e-005 -0.0573027 0 0.999999 -0.00105535 0.0573028 0.00105361 0.998356 0 5.49942 -0.00263548</i>
                        <i>0.998357 -5.5801e-005 -0.0573027 0 1 -0.000973792 0.0573028 0.000972192 0.998356 0 5.49945 -0.00243181</i>
                        <i>0.998357 -5.10056e-005 -0.0573027 0 1 -0.000890107 0.0573028 0.000888644 0.998356 0 5.49949 -0.00222283</i>
                        <i>0.998357 -4.61404e-005 -0.0573027 0 1 -0.000805204 0.0573028 0.000803881 0.998357 0 5.49953 -0.00201081</i>
                        <i>0.998357 -4.12579e-005 -0.0573028 0 1 -0.000719998 0.0573028 0.000718814 0.998357 0 5.49956 -0.00179802</i>
                        <i>0.998357 -3.64101e-005 -0.0573028 0 1 -0.000635399 0.0573028 0.000634355 0.998357 0 5.4996 -0.00158676</i>
                        <i>0.998357 -3.16496e-005 -0.0573028 0 1 -0.000552322 0.0573028 0.000551415 0.998357 0 5.49964 -0.00137929</i>
                        <i>0.998357 -2.70286e-005 -0.0573028 0 1 -0.00047168 0.0573028 0.000470905 0.998357 0 5.49967 -0.00117791</i>
                        <i>0.998357 -2.25994e-005 -0.0573028 0 1 -0.000394386 0.0573028 0.000393738 0.998357 0 5.49971 -0.000984884</i>
                        <i>0.998357 -1.84143e-005 -0.0573028 0 1 -0.000321351 0.0573028 0.000320823 0.998357 0 5.49975 -0.000802498</i>
                        <i>0.998357 -1.45257e-005 -0.0573028 0 1 -0.00025349 0.0573028 0.000253074 0.998357 0 5.49978 -0.000633031</i>
                        <i>0.998357 -1.09858e-005 -0.0573028 0 1 -0.000191715 0.0573028 0.0001914 0.998357 0 5.49981 -0.000478763</i>
                        <i>0.998357 -7.84702e-006 -0.0573028 0 1 -0.00013694 0.0573028 0.000136715 0.998357 0 5.49985 -0.000341974</i>
                        <i>0.998357 -5.16158e-006 -0.0573028 0 1 -9.00756e-005 0.0573028 8.99276e-005 0.998357 0 5.49988 -0.000224942</i>
                        <i>0.998357 -2.98186e-006 -0.0573028 0 1 -5.20369e-005 0.0573028 5.19514e-005 0.998357 0 5.49991 -0.00012995</i>
                        <i>0.998357 -1.36015e-006 -0.0573028 0 1 -2.37361e-005 0.0573028 2.36971e-005 0.998357 0 5.49994 -5.92753e-005</i>
                        <i>0.998357 -3.48755e-007 -0.0573028 0 1 -6.08619e-006 0.0573028 6.07619e-006 0.998357 0 5.49997 -1.51988e-005</i>
                        <i>0.998357 0 -0.0573028 0 1 0 0.0573028 0 0.998357 0 5.5 0</i>
                    </KeyFrames>
                </p>
            </i>
            <i>
                <p>
                    <Name><![CDATA[blades]]></Name>
                    <Exclude>0</Exclude>
                    <Additive>0</Additive>
                    <IKPriority>0</IKPriority>
                    <IKRotLimits>-1e+010 -1e+010 -1e+010 1e+010 1e+010 1e+010</IKRotLimits>
                    <IKRotLimitOrder>0</IKRotLimitOrder>
                    <KeyFrames count="121">
                        <i>0.766044 -0.022433 0.642396 0 0.999391 0.0348995 -0.642788 -0.0267346 0.765578 -1.37018e-016 23.9876 0.104328</i>
                        <i>0.962248 -0.00900914 0.272026 0 0.999452 0.0331005 -0.272176 -0.0318509 0.96172 -5.93867e-017 23.6372 0.0985797</i>
                        <i>0.987916 0.00484841 -0.154912 0 0.999511 0.0312825 0.154988 -0.0309044 0.987433 1.75489e-017 23.2749 0.0928074</i>
                        <i>0.827936 0.0165145 -0.560579 0 0.999566 0.029447 0.560822 -0.0243803 0.827577 -9.86772e-017 22.9013 0.0870182</i>
                        <i>0.503338 0.0238452 -0.863761 0 0.999619 0.0275957 0.86409 -0.01389 0.503146 -6.13973e-017 22.5173 0.0812188</i>
                        <i>0.0715342 0.0256642 -0.997108 0 0.999669 0.0257302 0.997438 -0.00184059 0.0715106 -5.08281e-018 22.1234 0.0754161</i>
                        <i>-0.381919 0.0220438 -0.923933 0 0.999716 0.0238519 0.924196 0.0091095 -0.38181 5.9971e-017 21.7203 0.0696164</i>
                        <i>-0.759567 0.0142851 -0.650272 0 0.999759 0.0219626 0.650429 0.016682 -0.759384 1.14757e-017 21.3089 0.0638264</i>
                        <i>-0.973584 0.00458111 -0.228282 0 0.999799 0.0200637 0.228328 0.0195337 -0.973388 0 20.8896 0.0580523</i>
                        <i>-0.967879 -0.00456494 0.251376 0 0.999835 0.0181568 -0.251417 0.0175736 -0.967719 1.85355e-017 20.4633 0.0523004</i>
                        <i>-0.735041 -0.0110136 0.677933 0 0.999868 0.0162436 -0.678022 0.0119398 -0.734944 -2.00367e-017 20.0307 0.0465766</i>
                        <i>-0.322794 -0.0135588 0.946372 0 0.999897 0.0143257 -0.946469 0.00462423 -0.322761 1.37511e-017 19.5924 0.0408869</i>
                        <i>0.173316 -0.0122167 0.984791 0 0.999923 0.0124045 -0.984866 -0.00214989 0.173303 -6.96363e-018 19.1491 0.0352371</i>
                        <i>0.630814 -0.00813308 0.775891 0 0.999945 0.0104817 -0.775934 -0.00661198 0.630779 -2.49889e-017 18.7015 0.0296327</i>
                        <i>0.930671 -0.0031313 0.365844 0 0.999963 0.00855882 -0.365857 -0.00796545 0.930637 1.76709e-018 18.2504 0.0240792</i>
                        <i>0.989646 0.000952675 -0.143526 0 0.999978 0.00663751 0.143529 -0.00656879 0.989624 -7.0426e-019 17.7964 0.0185819</i>
                        <i>0.785528 0.00292045 -0.618819 0 0.999989 0.00471934 0.618826 -0.00370717 0.785519 4.01567e-018 17.3402 0.013146</i>
                        <i>0.367186 0.00260987 -0.930144 0 0.999996 0.00280587 0.930148 -0.00103027 0.367184 -6.95724e-018 16.8824 0.00777636</i>
                        <i>-0.155007 0.000887831 -0.987913 0 1 0.000898693 0.987913 0.000139304 -0.155007 1.16679e-018 16.4239 0.00247794</i>
                        <i>-0.637312 -0.000771078 -0.770605 0 1 -0.00100061 0.770606 -0.000637703 -0.637312 -8.55544e-019 15.9653 -0.00274466</i>
                        <i>-0.942432 -0.00096656 -0.334395 0 0.999996 -0.00289046 0.334397 -0.00272406 -0.942428 -4.18524e-018 15.5073 -0.00788693</i>
                        <i>-0.979863 0.000952288 0.199669 0 0.999989 -0.00476927 -0.199672 -0.00467323 -0.979852 -2.57802e-018 15.0505 -0.0129445</i>
                        <i>-0.734495 0.00450292 0.678599 0 0.999978 -0.00663546 -0.678614 -0.00487371 -0.734479 -7.51628e-018 14.5958 -0.0179133</i>
                        <i>-0.273955 0.00816275 0.961708 0 0.999964 -0.00848746 -0.961743 -0.00232518 -0.273945 1.78624e-018 14.1437 -0.0227892</i>
                        <i>0.26884 0.0099436 0.963134 0 0.999947 -0.0103237 -0.963185 0.00277541 0.268825 -9.05295e-018 13.695 -0.0275685</i>
                        <i>0.73377 0.00824959 0.679347 0 0.999926 -0.0121425 -0.679397 0.00890982 0.733716 3.91031e-017 13.2503 -0.0322474</i>
                        <i>0.981319 0.00268237 0.19237 0 0.999903 -0.0139424 -0.192389 0.013682 0.981223 -5.96275e-019 12.8104 -0.0368224</i>
                        <i>0.935497 -0.00555505 -0.35329 0 0.999876 -0.0157218 0.353334 0.0147077 0.935382 -1.88294e-017 12.376 -0.0412903</i>
                        <i>0.608246 -0.013874 -0.793627 0 0.999847 -0.0174791 0.793748 0.0106316 0.608153 2.16093e-017 11.9477 -0.0456477</i>
