<?xml version="1.0" encoding="ISO-8859-1" ?>
<Animl Version="1">
    <ModellingPackage><![CDATA[Maya.2010]]></ModellingPackage>
    <SrcFile><![CDATA[anims\vehicles\red\~src\air\helicopter_hormone\helicopter_hormone_forward.mb]]></SrcFile>
    <FramesPerSecond>30</FramesPerSecond>
    <TotalFrames>61</TotalFrames>
    <Skeleton>
        <RefFrame>
            <Name><![CDATA[hormone_ref_frame]]></Name>
            <Exclude>0</Exclude>
            <Additive>0</Additive>
            <IKPriority>0</IKPriority>
            <IKRotLimits>-1e+010 -1e+010 -1e+010 1e+010 1e+010 1e+010</IKRotLimits>
            <IKRotLimitOrder>0</IKRotLimitOrder>
            <KeyFrames count="61">
                <i>1 0 0 0 1 0 0 0 1 0 0 0</i>
                <i>1 0 0 0 1 0 0 0 1 0 0 0</i>
                <i>1 0 0 0 1 0 0 0 1 0 0 0</i>
                <i>1 0 0 0 1 0 0 0 1 0 0 0</i>
                <i>1 0 0 0 1 0 0 0 1 0 0 0</i>
                <i>1 0 0 0 1 0 0 0 1 0 0 0</i>
                <i>1 0 0 0 1 0 0 0 1 0 0 0</i>
                <i>1 0 0 0 1 0 0 0 1 0 0 0</i>
                <i>1 0 0 0 1 0 0 0 1 0 0 0</i>
                <i>1 0 0 0 1 0 0 0 1 0 0 0</i>
                <i>1 0 0 0 1 0 0 0 1 0 0 0</i>
                <i>1 0 0 0 1 0 0 0 1 0 0 0</i>
                <i>1 0 0 0 1 0 0 0 1 0 0 0</i>
                <i>1 0 0 0 1 0 0 0 1 0 0 0</i>
                <i>1 0 0 0 1 0 0 0 1 0 0 0</i>
                <i>1 0 0 0 1 0 0 0 1 0 0 0</i>
                <i>1 0 0 0 1 0 0 0 1 0 0 0</i>
                <i>1 0 0 0 1 0 0 0 1 0 0 0</i>
                <i>1 0 0 0 1 0 0 0 1 0 0 0</i>
                <i>1 0 0 0 1 0 0 0 1 0 0 0</i>
                <i>1 0 0 0 1 0 0 0 1 0 0 0</i>
                <i>1 0 0 0 1 0 0 0 1 0 0 0</i>
                <i>1 0 0 0 1 0 0 0 1 0 0 0</i>
                <i>1 0 0 0 1 0 0 0 1 0 0 0</i>
                <i>1 0 0 0 1 0 0 0 1 0 0 0</i>
                <i>1 0 0 0 1 0 0 0 1 0 0 0</i>
                <i>1 0 0 0 1 0 0 0 1 0 0 0</i>
                <i>1 0 0 0 1 0 0 0 1 0 0 0</i>
                <i>1 0 0 0 1 0 0 0 1 0 0 0</i>
                <i>1 0 0 0 1 0 0 0 1 0 0 0</i>
                <i>1 0 0 0 1 0 0 0 1 0 0 0</i>
                <i>1 0 0 0 1 0 0 0 1 0 0 0</i>
                <i>1 0 0 0 1 0 0 0 1 0 0 0</i>
                <i>1 0 0 0 1 0 0 0 1 0 0 0</i>
                <i>1 0 0 0 1 0 0 0 1 0 0 0</i>
                <i>1 0 0 0 1 0 0 0 1 0 0 0</i>
                <i>1 0 0 0 1 0 0 0 1 0 0 0</i>
                <i>1 0 0 0 1 0 0 0 1 0 0 0</i>
                <i>1 0 0 0 1 0 0 0 1 0 0 0</i>
                <i>1 0 0 0 1 0 0 0 1 0 0 0</i>
                <i>1 0 0 0 1 0 0 0 1 0 0 0</i>
                <i>1 0 0 0 1 0 0 0 1 0 0 0</i>
                <i>1 0 0 0 1 0 0 0 1 0 0 0</i>
                <i>1 0 0 0 1 0 0 0 1 0 0 0</i>
                <i>1 0 0 0 1 0 0 0 1 0 0 0</i>
                <i>1 0 0 0 1 0 0 0 1 0 0 0</i>
                <i>1 0 0 0 1 0 0 0 1 0 0 0</i>
                <i>1 0 0 0 1 0 0 0 1 0 0 0</i>
                <i>1 0 0 0 1 0 0 0 1 0 0 0</i>
                <i>1 0 0 0 1 0 0 0 1 0 0 0</i>
                <i>1 0 0 0 1 0 0 0 1 0 0 0</i>
                <i>1 0 0 0 1 0 0 0 1 0 0 0</i>
                <i>1 0 0 0 1 0 0 0 1 0 0 0</i>
                <i>1 0 0 0 1 0 0 0 1 0 0 0</i>
                <i>1 0 0 0 1 0 0 0 1 0 0 0</i>
                <i>1 0 0 0 1 0 0 0 1 0 0 0</i>
                <i>1 0 0 0 1 0 0 0 1 0 0 0</i>
                <i>1 0 0 0 1 0 0 0 1 0 0 0</i>
                <i>1 0 0 0 1 0 0 0 1 0 0 0</i>
                <i>1 0 0 0 1 0 0 0 1 0 0 0</i>
                <i>1 0 0 0 1 0 0 0 1 0 0 0</i>
            </KeyFrames>
        </RefFrame>
        <Bones count="5">
            <i>
                <p>
                    <Name><![CDATA[hormone_root]]></Name>
                    <Exclude>0</Exclude>
                    <Additive>0</Additive>
                    <IKPriority>0</IKPriority>
                    <IKRotLimits>-1e+010 -1e+010 -1e+010 1e+010 1e+010 1e+010</IKRotLimits>
                    <IKRotLimitOrder>0</IKRotLimitOrder>
                    <KeyFrames count="61">
                        <i>0.999872 0.0160268 1.35525e-020 -0.0160255 0.999794 0.0124382 0.000199345 -0.0124366 0.999923 0 3.00152 0</i>
                        <i>0.999862 0.0166181 0 -0.0166168 0.999785 0.0124382 0.000206699 -0.0124365 0.999923 0 3.0149 0</i>
                        <i>0.999855 0.0170527 1.35525e-020 -0.0170514 0.999777 0.0124382 0.000212105 -0.0124364 0.999923 0 3.03 0</i>
                        <i>0.99985 0.0173178 1.35525e-020 -0.0173164 0.999773 0.0124382 0.000215402 -0.0124364 0.999923 0 3.04638 0</i>
                        <i>0.999849 0.0174006 -1.35525e-020 -0.0173992 0.999771 0.0124382 0.000216432 -0.0124363 0.999923 0 3.06362 0</i>
                        <i>0.999851 0.0172882 -1.35525e-020 -0.0172869 0.999773 0.0124382 0.000215034 -0.0124364 0.999923 0 3.08129 0</i>
                        <i>0.999856 0.0169679 0 -0.0169666 0.999779 0.0124382 0.00021105 -0.0124364 0.999923 0 3.09896 0</i>
                        <i>0.999864 0.016476 0 -0.0164748 0.999787 0.0124382 0.000204933 -0.0124365 0.999923 0 3.1162 0</i>
                        <i>0.999874 0.0158638 -1.35525e-020 -0.0158625 0.999797 0.0124382 0.000197317 -0.0124367 0.999923 0 3.13259 0</i>
                        <i>0.999885 0.01514 0 -0.0151388 0.999808 0.0124382 0.000188315 -0.0124368 0.999923 0 3.14768 0</i>
                        <i>0.999898 0.0143139 0 -0.0143128 0.99982 0.0124382 0.000178039 -0.0124369 0.999923 0 3.16106 0</i>
                        <i>0.99991 0.0133944 0 -0.0133933 0.999833 0.0124382 0.000166602 -0.0124371 0.999923 0 3.1723 0</i>
                        <i>0.999923 0.0123905 0 -0.0123895 0.999846 0.0124382 0.000154115 -0.0124373 0.999923 0 3.18096 0</i>
                        <i>0.999936 0.0113113 0 -0.0113104 0.999859 0.0124382 0.000140692 -0.0124374 0.999923 0 3.18662 0</i>
                        <i>0.999948 0.0101658 0 -0.010165 0.999871 0.0124382 0.000126444 -0.0124376 0.999923 0 3.18885 0</i>
                        <i>0.99996 0.00896306 6.77626e-021 -0.00896236 0.999882 0.0124382 0.000111484 -0.0124377 0.999923 0 3.18722 0</i>
                        <i>0.99997 0.0077121 6.77626e-021 -0.0077115 0.999893 0.0124382 9.59248e-005 -0.0124379 0.999923 0 3.18275 0</i>
                        <i>0.999979 0.00642195 0 -0.00642145 0.999902 0.0124382 7.98776e-005 -0.012438 0.999923 0 3.17679 0</i>
                        <i>0.999987 0.00510165 0 -0.00510125 0.99991 0.0124382 6.34554e-005 -0.0124381 0.999923 0 3.16947 0</i>
                        <i>0.999993 0.00376022 0 -0.00375993 0.999916 0.0124382 4.67705e-005 -0.0124381 0.999923 0 3.16088 0</i>
                        <i>0.999997 0.00240672 -3.38813e-021 -0.00240654 0.99992 0.0124382 2.99353e-005 -0.0124382 0.999923 0 3.15113 0</i>
                        <i>0.999999 0.00105017 8.47033e-022 -0.00105009 0.999922 0.0124382 1.30623e-005 -0.0124382 0.999923 0 3.14032 0</i>
                        <i>1 -0.000300388 0 0.000300364 0.999923 0.0124382 -3.73629e-006 -0.0124382 0.999923 0 3.12856 0</i>
                        <i>0.999999 -0.00163592 1.69407e-021 0.0016358 0.999921 0.0124382 -2.0348e-005 -0.0124382 0.999923 0 3.11595 0</i>
                        <i>0.999996 -0.00294739 3.38813e-021 0.00294716 0.999918 0.0124382 -3.66603e-005 -0.0124382 0.999923 0 3.10259 0</i>
                        <i>0.999991 -0.00422577 0 0.00422544 0.999914 0.0124382 -5.2561e-005 -0.0124381 0.999923 0 3.08859 0</i>
                        <i>0.999985 -0.00546201 0 0.00546159 0.999908 0.0124382 -6.79377e-005 -0.012438 0.999923 0 3.07406 0</i>
                        <i>0.999978 -0.00664708 6.77626e-021 0.00664657 0.999901 0.0124382 -8.26779e-005 -0.0124379 0.999923 0 3.05909 0</i>
                        <i>0.99997 -0.00777195 6.77626e-021 0.00777135 0.999892 0.0124382 -9.66693e-005 -0.0124378 0.999923 0 3.0438 0</i>
                        <i>0.999961 -0.00882759 0 0.00882691 0.999884 0.0124382 -0.0001098 -0.0124377 0.999923 0 3.02828 0</i>
                        <i>0.999952 -0.00980496 -1.35525e-020 0.0098042 0.999875 0.0124382 -0.000121956 -0.0124376 0.999923 0 3.01265 0</i>
                        <i>0.999943 -0.010695 -1.35525e-020 0.0106942 0.999865 0.0124382 -0.000133027 -0.0124375 0.999923 0 2.997 0</i>
                        <i>0.999934 -0.0114888 0 0.0114879 0.999857 0.0124382 -0.0001429 -0.0124374 0.999923 0 2.98144 0</i>
                        <i>0.999926 -0.0121771 0 0.0121762 0.999848 0.0124382 -0.000151462 -0.0124373 0.999923 0 2.96607 0</i>
                        <i>0.999919 -0.0127511 1.35525e-020 0.0127501 0.999841 0.0124382 -0.000158601 -0.0124372 0.999923 0 2.95101 0</i>
                        <i>0.999913 -0.0132017 0 0.0132007 0.999835 0.0124382 -0.000164205 -0.0124371 0.999923 0 2.93635 0</i>
                        <i>0.999909 -0.0135198 0 0.0135187 0.999831 0.0124382 -0.000168162 -0.0124371 0.999923 0 2.92219 0</i>
                        <i>0.999908 -0.0135708 0 0.0135698 0.999831 0.0124382 -0.000168797 -0.0124371 0.999923 0 2.90865 0</i>
                        <i>0.999912 -0.0132536 0 0.0132526 0.999835 0.0124382 -0.000164851 -0.0124371 0.999923 0 2.89583 0</i>
                        <i>0.99992 -0.0126089 1.35525e-020 0.012608 0.999843 0.0124382 -0.000156833 -0.0124372 0.999923 0 2.88383 0</i>
                        <i>0.999932 -0.0116778 0 0.0116769 0.999854 0.0124382 -0.000145251 -0.0124374 0.999923 0 2.87275 0</i>
                        <i>0.999945 -0.0105011 0 0.0105003 0.999867 0.0124382 -0.000130615 -0.0124375 0.999923 0 2.8627 0</i>
                        <i>0.999958 -0.00911972 1.35525e-020 0.00911901 0.999881 0.0124382 -0.000113433 -0.0124377 0.999923 0 2.85378 0</i>
                        <i>0.999971 -0.00757463 6.77626e-021 0.00757404 0.999894 0.0124382 -9.42149e-005 -0.0124379 0.999923 0 2.84611 0</i>
                        <i>0.999983 -0.00590675 0 0.00590629 0.999905 0.0124382 -7.34694e-005 -0.012438 0.999923 0 2.83978 0</i>
                        <i>0.999991 -0.00415699 3.38813e-021 0.00415667 0.999914 0.0124382 -5.17056e-005 -0.0124381 0.999923 0 2.83489 0</i>
                        <i>0.999997 -0.00236628 1.69407e-021 0.0023661 0.99992 0.0124382 -2.94324e-005 -0.0124382 0.999923 0 2.83273 0</i>
                        <i>1 -0.000575579 0 0.000575535 0.999922 0.0124382 -7.15918e-006 -0.0124382 0.999923 0 2.83422 0</i>
                        <i>0.999999 0.0011742 8.47033e-022 -0.00117411 0.999922 0.0124382 1.4605e-005 -0.0124382 0.999923 0 2.83897 0</i>
                        <i>0.999996 0.00284212 0 -0.0028419 0.999919 0.0124382 3.53509e-005 -0.0124382 0.999923 0 2.84655 0</i>
                        <i>0.99999 0.00438725 3.38813e-021 -0.00438691 0.999913 0.0124382 5.45696e-005 -0.0124381 0.999923 0 2.85658 0</i>
                        <i>0.999983 0.00576866 0 -0.00576821 0.999906 0.0124382 7.17518e-005 -0.012438 0.999923 0 2.86864 0</i>
                        <i>0.999974 0.00719343 0 -0.00719287 0.999897 0.0124382 8.94735e-005 -0.0124379 0.999923 0 2.88232 0</i>
                        <i>0.999963 0.00857687 6.77626e-021 -0.00857621 0.999886 0.0124382 0.000106681 -0.0124378 0.999923 0 2.89722 0</i>
                        <i>0.999951 0.00990616 -1.35525e-020 -0.00990539 0.999874 0.0124382 0.000123215 -0.0124376 0.999923 0 2.91293 0</i>
                        <i>0.999938 0.0111685 0 -0.0111676 0.99986 0.0124382 0.000138916 -0.0124374 0.999923 0 2.92905 0</i>
                        <i>0.999924 0.012351 1.35525e-020 -0.01235 0.999846 0.0124382 0.000153624 -0.0124373 0.999923 0 2.94517 0</i>
                        <i>0.99991 0.0134409 0 -0.0134399 0.999832 0.0124382 0.000167181 -0.0124371 0.999923 0 2.96088 0</i>
                        <i>0.999896 0.0144254 0 -0.0144243 0.999819 0.0124382 0.000179426 -0.0124369 0.999923 0 2.97579 0</i>
                        <i>0.999883 0.0152916 0 -0.0152904 0.999806 0.0124382 0.0001902 -0.0124368 0.999923 0 2.98947 0</i>
                        <i>0.999872 0.0160268 1.35525e-020 -0.0160255 0.999794 0.0124382 0.000199345 -0.0124366 0.999923 0 3.00152 0</i>
                    </KeyFrames>
                </p>
            </i>
            <i>
                <p>
                    <Name><![CDATA[rotor]]></Name>
                    <Exclude>0</Exclude>
                    <Additive>0</Additive>
                    <IKPriority>0</IKPriority>
                    <IKRotLimits>-1e+010 -1e+010 -1e+010 1e+010 1e+010 1e+010</IKRotLimits>
                    <IKRotLimitOrder>0</IKRotLimitOrder>
                    <KeyFrames count="61">
                        <i>0.899884 0.0144241 1.21973e-020 -0.014423 0.899815 0.0111944 0.00017941 -0.011193 0.89993 -0.0400638 5.50101 0.0310956</i>
                        <i>0.822153 0.00911069 0.366035 -0.0149551 0.899806 0.0111944 -0.365843 -0.0163084 0.822127 -0.041542 5.51437 0.0310956</i>
                        <i>0.602272 0.00195157 0.668779 -0.0153462 0.8998 0.0111944 -0.668605 -0.0188948 0.602171 -0.0426284 5.52944 0.0310956</i>
                        <i>0.278258 -0.00582857 0.855885 -0.0155848 0.899795 0.0111944 -0.855763 -0.0182819 0.278094 -0.0432911 5.54581 0.0310956</i>
                        <i>-0.0938678 -0.0127684 0.895 -0.0156593 0.899794 0.0111944 -0.894955 -0.0144048 -0.0940685 -0.043498 5.56305 0.0310956</i>
                        <i>-0.449765 -0.0174729 0.779362 -0.0155582 0.899796 0.0111944 -0.779403 -0.00787845 -0.449965 -0.0432172 5.58073 0.0310956</i>
                        <i>-0.727899 -0.0189335 0.528966 -0.0152699 0.899801 0.0111944 -0.529084 7.90399e-005 -0.728059 -0.0424164 5.59841 0.0310956</i>
                        <i>-0.880175 -0.0168315 0.187106 -0.0148273 0.899808 0.0111944 -0.187275 0.00786529 -0.880265 -0.0411869 5.61567 0.0310956</i>
                        <i>-0.880259 -0.0116382 -0.187106 -0.0142763 0.899817 0.0111944 0.186924 0.0139168 -0.880265 -0.0396563 5.63208 0.0310956</i>
                        <i>-0.728131 -0.00444453 -0.528966 -0.013625 0.899827 0.0111944 0.528809 0.0170646 -0.728059 -0.0378471 5.6472 0.0310956</i>
                        <i>-0.450092 0.0032524 -0.779363 -0.0128815 0.899838 0.0111944 0.779263 0.0167532 -0.449965 -0.0357819 5.66061 0.0310956</i>
                        <i>-0.0942161 0.009872 -0.895 -0.012054 0.89985 0.0111944 0.894974 0.0131589 -0.0940681 -0.0334833 5.67188 0.0310956</i>
                        <i>0.277962 0.0140917 -0.855885 -0.0111506 0.899861 0.0111944 0.855928 0.00714664 0.278094 -0.0309738 5.68058 0.0310956</i>
                        <i>0.602085 0.0151304 -0.668778 -0.0101794 0.899873 0.0111944 0.668872 7.52863e-005 0.602171 -0.028276 5.68627 0.0310956</i>
                        <i>0.822102 0.0129112 -0.366035 -0.00914851 0.899884 0.0111944 0.366148 -0.00650475 0.822127 -0.0254125 5.68853 0.0310956</i>
                        <i>0.899964 0.00806674 4.94927e-007 -0.00806613 0.899894 0.0111944 9.98411e-005 -0.011194 0.89993 -0.0224059 5.68693 0.0310956</i>
                        <i>0.822202 0.00178778 0.366035 -0.00694035 0.899904 0.0111944 -0.365973 -0.0130494 0.822127 -0.0192787 5.68248 0.0310956</i>
                        <i>0.602258 -0.00445149 0.668779 -0.0057793 0.899912 0.0111944 -0.668769 -0.0117856 0.602171 -0.0160536 5.67655 0.0310956</i>
                        <i>0.278166 -0.00922752 0.855885 -0.00459113 0.899919 0.0111944 -0.855922 -0.00782597 0.278094 -0.0127531 5.66925 0.0310956</i>
                        <i>-0.0940335 -0.0114867 0.895 -0.00338394 0.899924 0.0111944 -0.895068 -0.00219553 -0.0940688 -0.00939983 5.66067 0.0310956</i>
                        <i>-0.449975 -0.0107776 0.779362 -0.00216588 0.899928 0.0111944 -0.779434 0.00372133 -0.449965 -0.00601634 5.65093 0.0310956</i>
                        <i>-0.728108 -0.00734454 0.528965 -0.000945081 0.89993 0.0111944 -0.529016 0.00850091 -0.728059 -0.00262522 5.64013 0.0310956</i>
                        <i>-0.880333 -0.00206301 0.187106 0.000270328 0.89993 0.0111944 -0.187117 0.011006 -0.880265 0.000750911 5.62836 0.0310956</i>
                        <i>-0.880328 0.0037676 -0.187106 0.00147222 0.899929 0.0111944 0.187139 0.0106436 -0.880265 0.00408949 5.61575 0.0310956</i>
                        <i>-0.728093 0.00872592 -0.528966 0.00265245 0.899926 0.0111944 0.529031 0.00749723 -0.728059 0.00736791 5.60238 0.0310956</i>
                        <i>-0.449955 0.0115961 -0.779363 0.0038029 0.899922 0.0111944 0.77944 0.00230349 -0.449965 0.0105636 5.58837 0.0310956</i>
                        <i>-0.0940135 0.0116468 -0.895 0.00491543 0.899917 0.0111944 0.895063 -0.00371876 -0.0940684 0.013654 5.57382 0.0310956</i>
                        <i>0.27818 0.00879761 -0.855885 0.00598191 0.899911 0.0111944 0.855909 -0.00914876 0.278094 0.0166164 5.55884 0.0310956</i>
                        <i>0.602264 0.00363841 -0.668779 0.00699422 0.899903 0.0111944 0.668752 -0.0126884 0.602171 0.0194284 5.54353 0.0310956</i>
                        <i>0.822199 -0.00270497 -0.366035 0.00794422 0.899895 0.0111944 0.365958 -0.0134576 0.822127 0.0220673 5.52799 0.0310956</i>
                        <i>0.899957 -0.00882446 -1.8958e-007 0.00882378 0.899887 0.0111944 -0.000109571 -0.0111939 0.89993 0.0245105 5.51233 0.0310956</i>
                        <i>0.822095 -0.0133463 0.366035 0.00962478 0.899879 0.0111944 -0.366152 -0.00631094 0.822127 0.0267355 5.49666 0.0310956</i>
                        <i>0.602082 -0.0152372 0.668779 0.0103391 0.899871 0.0111944 -0.668873 0.00019402 0.602171 0.0287197 5.48108 0.0310956</i>
                        <i>0.277965 -0.0140324 0.855885 0.0109586 0.899864 0.0111944 -0.85593 0.00696403 0.278094 0.0304405 5.4657 0.0310956</i>
                        <i>-0.0942096 -0.00993261 0.895 0.0114751 0.899857 0.0111944 -0.894982 0.0125832 -0.0940681 0.0318753 5.45061 0.0310956</i>
                        <i>-0.450089 -0.00375302 0.779362 0.0118806 0.899852 0.0111944 -0.779281 0.0158864 -0.449966 0.0330017 5.43594 0.0310956</i>
                        <i>-0.728138 0.00326467 0.528966 0.0121669 0.899848 0.0111944 -0.528836 0.0162077 -0.728059 0.0337968 5.42177 0.0310956</i>
                        <i>-0.880283 0.00961963 0.187106 0.0122128 0.899847 0.0111944 -0.186955 0.0134882 -0.880265 0.0339245 5.40823 0.0310956</i>
                        <i>-0.880225 0.0139948 -0.187106 0.0119273 0.899851 0.0111944 0.187249 0.0084688 -0.880265 0.0331314 5.39542 0.0310956</i>
                        <i>-0.727974 0.0157601 -0.528966 0.0113472 0.899859 0.0111944 0.529079 0.00238552 -0.728059 0.0315199 5.38343 0.0310956</i>
                        <i>-0.449856 0.014949 -0.779363 0.0105092 0.899869 0.0111944 0.779435 -0.00350512 -0.449965 0.0291922 5.37238 0.0310956</i>
                        <i>-0.0939536 0.0121204 -0.895 0.00945024 0.899881 0.0111944 0.895033 -0.00822912 -0.0940685 0.0262507 5.36237 0.0310956</i>
                        <i>0.2782 0.00810974 -0.855885 0.00820711 0.899893 0.0111944 0.855884 -0.0112651 0.278093 0.0227975 5.35349 0.0310956</i>
                        <i>0.602264 0.00375724 -0.668778 0.00681664 0.899905 0.0111944 0.668754 -0.0125564 0.602171 0.0189351 5.34584 0.0310956</i>
                        <i>0.822204 -0.000303381 -0.366035 0.00531566 0.899915 0.0111944 0.365996 -0.0123887 0.822127 0.0147657 5.33954 0.0310956</i>
                        <i>0.899992 -0.00374129 -2.00026e-007 0.003741 0.899923 0.0111944 -4.6335e-005 -0.0111943 0.89993 0.0103917 5.33468 0.0310956</i>
                        <i>0.822178 -0.00649871 0.366035 0.00212949 0.899928 0.0111944 -0.366087 -0.00936035 0.822127 0.00591525 5.33253 0.0310956</i>
                        <i>0.602212 -0.00866569 0.668779 0.000517981 0.89993 0.0111944 -0.668835 -0.00710555 0.602171 0.00143884 5.33403 0.0310956</i>
                        <i>0.278128 -0.0103199 0.855885 -0.0010567 0.89993 0.0111944 -0.855946 -0.00446431 0.278094 -0.00293527 5.33877 0.0310956</i>
                        <i>-0.0940433 -0.0114004 0.895 -0.00255771 0.899927 0.0111944 -0.895069 -0.00137377 -0.0940681 -0.00710475 5.34635 0.0310956</i>
                        <i>-0.449954 -0.0116688 0.779362 -0.00394822 0.899922 0.0111944 -0.77944 0.00217763 -0.449966 -0.0109673 5.35636 0.0310956</i>
                        <i>-0.728065 -0.01078 0.528965 -0.00519139 0.899915 0.0111944 -0.52905 0.00600466 -0.728059 -0.0144205 5.3684 0.0310956</i>
                        <i>-0.880293 -0.00866 0.187106 -0.00647359 0.899907 0.0111944 -0.187194 0.00960345 -0.880265 -0.0179822 5.38206 0.0310956</i>
                        <i>-0.88032 -0.00522314 -0.187106 -0.00771859 0.899897 0.0111944 0.187019 0.0125543 -0.880265 -0.0214405 5.39693 0.0310956</i>
                        <i>-0.728144 -0.000633233 -0.528966 -0.00891485 0.899886 0.0111944 0.528892 0.0142964 -0.728059 -0.0247635 5.41262 0.0310956</i>
                        <i>-0.45008 0.00466823 -0.779363 -0.0100508 0.899874 0.0111944 0.779312 0.0143018 -0.449965 -0.027919 5.4287 0.0310956</i>
                        <i>-0.0942059 0.0099703 -0.895 -0.011115 0.899862 0.0111944 0.894987 0.012225 -0.0940683 -0.0308751 5.44479 0.0310956</i>
                        <i>0.277947 0.0143837 -0.855885 -0.0120959 0.899849 0.0111944 0.85592 0.0080458 0.278093 -0.0335996 5.46047 0.0310956</i>
                        <i>0.602035 0.0170054 -0.668778 -0.0129818 0.899837 0.0111944 0.668868 0.00215838 0.602171 -0.0360606 5.47533 0.0310956</i>
                        <i>0.822025 0.0171253 -0.366034 -0.0137614 0.899825 0.0111944 0.366176 -0.00462771 0.822127 -0.0382261 5.48898 0.0310956</i>
                        <i>0.899884 0.0144241 1.21973e-020 -0.014423 0.899815 0.0111944 0.00017941 -0.011193 0.89993 -0.0400638 5.50101 0.0310956</i>
                    </KeyFrames>
                </p>
            </i>
            <i>
                <p>
                    <Name><![CDATA[blades]]></Name>
                    <Exclude>0</Exclude>
                    <Additive>0</Additive>
                    <IKPriority>0</IKPriority>
                    <IKRotLimits>-1e+010 -1e+010 -1e+010 1e+010 1e+010 1e+010</IKRotLimits>
                    <IKRotLimitOrder>0</IKRotLimitOrder>
                    <KeyFrames count="61">
                        <i>0.999872 0.0160268 1.35525e-020 -0.0160255 0.999794 0.0124382 0.000199345 -0.0124366 0.999923 -0.0347162 5.16738 0.026945</i>
                        <i>0.913503 0.010123 0.406705 -0.0166168 0.999785 0.0124382 -0.406492 -0.0181205 0.913475 -0.035997 5.18074 0.026945</i>
                        <i>0.669191 0.00216841 0.743087 -0.0170514 0.999777 0.0124382 -0.742895 -0.0209942 0.669079 -0.0369384 5.19582 0.026945</i>
                        <i>0.309175 -0.00647619 0.950983 -0.0173164 0.999773 0.0124382 -0.950847 -0.0203132 0.308993 -0.0375127 5.21219 0.026945</i>
                        <i>-0.104298 -0.0141871 0.994445 -0.0173992 0.999771 0.0124382 -0.994394 -0.0160053 -0.104521 -0.037692 5.22943 0.026945</i>
                        <i>-0.499739 -0.0194143 0.865958 -0.0172869 0.999773 0.0124382 -0.866003 -0.00875384 -0.499961 -0.0374486 5.24711 0.026945</i>
                        <i>-0.808777 -0.0210372 0.58774 -0.0169666 0.999779 0.0124382 -0.587871 8.78221e-005 -0.808955 -0.0367547 5.26479 0.026945</i>
                        <i>-0.977972 -0.0187017 0.207895 -0.0164748 0.999787 0.0124382 -0.208084 0.00873921 -0.978072 -0.0356894 5.28204 0.026945</i>
                        <i>-0.978065 -0.0129314 -0.207896 -0.0158625 0.999797 0.0124382 0.207693 0.0154632 -0.978072 -0.0343631 5.29845 0.026945</i>
                        <i>-0.809035 -0.00493836 -0.58774 -0.0151388 0.999808 0.0124382 0.587566 0.0189607 -0.808954 -0.0327954 5.31357 0.026945</i>
                        <i>-0.500103 0.00361378 -0.865959 -0.0143128 0.99982 0.0124382 0.865848 0.0186147 -0.499961 -0.0310058 5.32698 0.026945</i>
                        <i>-0.104685 0.0109689 -0.994445 -0.0133933 0.999833 0.0124382 0.994415 0.014621 -0.10452 -0.029014 5.33824 0.026945</i>
                        <i>0.308847 0.0156574 -0.950983 -0.0123895 0.999846 0.0124382 0.951031 0.00794071 0.308993 -0.0268395 5.34693 0.026945</i>
                        <i>0.668983 0.0168115 -0.743087 -0.0113104 0.999859 0.0124382 0.743191 8.36515e-005 0.669079 -0.0245018 5.35262 0.026945</i>
                        <i>0.913447 0.0143457 -0.406705 -0.010165 0.999871 0.0124382 0.406831 -0.0072275 0.913475 -0.0220205 5.35488 0.026945</i>
                        <i>0.99996 0.00896305 5.49919e-007 -0.00896236 0.999882 0.0124382 0.000110935 -0.0124377 0.999923 -0.0194152 5.35327 0.026945</i>
                        <i>0.913557 0.00198642 0.406705 -0.0077115 0.999893 0.0124382 -0.406637 -0.0144993 0.913475 -0.0167055 5.34882 0.026945</i>
                        <i>0.669176 -0.0049461 0.743088 -0.00642145 0.999902 0.0124382 -0.743076 -0.0130951 0.669078 -0.0139108 5.34289 0.026945</i>
                        <i>0.309073 -0.0102528 0.950983 -0.00510125 0.99991 0.0124382 -0.951025 -0.00869552 0.308993 -0.0110509 5.33558 0.026945</i>
                        <i>-0.104482 -0.0127631 0.994445 -0.00375993 0.999916 0.0124382 -0.99452 -0.00243948 -0.104521 -0.00814516 5.327 0.026945</i>
                        <i>-0.499973 -0.0119751 0.865958 -0.00240654 0.99992 0.0124382 -0.866038 0.00413481 -0.499961 -0.00521329 5.31726 0.026945</i>
                        <i>-0.809009 -0.0081606 0.587739 -0.00105009 0.999922 0.0124382 -0.587795 0.00944546 -0.808955 -0.00227481 5.30646 0.026945</i>
                        <i>-0.978148 -0.00229223 0.207896 0.000300364 0.999923 0.0124382 -0.207908 0.0122289 -0.978072 0.000650681 5.29469 0.026945</i>
                        <i>-0.978142 0.00418623 -0.207896 0.0016358 0.999921 0.0124382 0.207932 0.0118263 -0.978072 0.00354363 5.28208 0.026945</i>
                        <i>-0.808992 0.00969546 -0.58774 0.00294716 0.999918 0.0124382 0.587812 0.00833026 -0.808954 0.00638446 5.26871 0.026945</i>
                        <i>-0.49995 0.0128846 -0.865959 0.00422544 0.999914 0.0124382 0.866044 0.00255943 -0.499961 0.00915359 5.25471 0.026945</i>
                        <i>-0.104459 0.0129408 -0.994445 0.00546159 0.999908 0.0124382 0.994514 -0.00413196 -0.10452 0.0118315 5.24016 0.026945</i>
                        <i>0.309089 0.00977513 -0.950983 0.00664657 0.999901 0.0124382 0.95101 -0.0101653 0.308993 0.0143985 5.22518 0.026945</i>
                        <i>0.669182 0.00404267 -0.743087 0.00777135 0.999892 0.0124382 0.743058 -0.0140982 0.669079 0.0168351 5.20987 0.026945</i>
                        <i>0.913555 -0.00300552 -0.406705 0.00882691 0.999884 0.0124382 0.40662 -0.0149529 0.913475 0.0191218 5.19433 0.026945</i>
                        <i>0.999952 -0.00980496 -2.10644e-007 0.0098042 0.999875 0.0124382 -0.000121746 -0.0124376 0.999923 0.0212389 5.17868 0.026945</i>
                        <i>0.913439 -0.0148292 0.406706 0.0106942 0.999866 0.0124382 -0.406836 -0.00701216 0.913475 0.0231669 5.16301 0.026945</i>
                        <i>0.66898 -0.0169303 0.743088 0.0114879 0.999857 0.0124382 -0.743192 0.000215578 0.669078 0.0248862 5.14743 0.026945</i>
                        <i>0.30885 -0.0155915 0.950983 0.0121762 0.999848 0.0124382 -0.951033 0.00773781 0.308993 0.0263773 5.13205 0.026945</i>
                        <i>-0.104677 -0.0110362 0.994445 0.0127501 0.999841 0.0124382 -0.994425 0.0139813 -0.10452 0.0276207 5.11697 0.026945</i>
                        <i>-0.500099 -0.00417002 0.865958 0.0132007 0.999835 0.0124382 -0.865867 0.0176516 -0.499962 0.0285966 5.1023 0.026945</i>
                        <i>-0.809042 0.00362741 0.58774 0.0135187 0.999831 0.0124382 -0.587595 0.0180085 -0.808955 0.0292857 5.08813 0.026945</i>
                        <i>-0.978093 0.0106885 0.207896 0.0135698 0.999831 0.0124382 -0.207727 0.0149868 -0.978072 0.0293963 5.07459 0.026945</i>
                        <i>-0.978028 0.0155498 -0.207895 0.0132526 0.999835 0.0124382 0.208054 0.00940978 -0.978072 0.0287091 5.06178 0.026945</i>
                        <i>-0.80886 0.0175113 -0.58774 0.012608 0.999843 0.0124382 0.587866 0.00265058 -0.808954 0.0273127 5.04979 0.026945</i>
                        <i>-0.49984 0.01661 -0.865959 0.0116769 0.999854 0.0124382 0.866039 -0.00389458 -0.499961 0.0252957 5.03874 0.026945</i>
                        <i>-0.104393 0.0134671 -0.994445 0.0105003 0.999867 0.0124382 0.994481 -0.00914347 -0.104521 0.0227468 5.02872 0.026945</i>
                        <i>0.309112 0.00901082 -0.950983 0.00911901 0.999881 0.0124382 0.950982 -0.0125168 0.308993 0.0197546 5.01983 0.026945</i>
                        <i>0.669182 0.00417471 -0.743087 0.00757404 0.999894 0.0124382 0.74306 -0.0139516 0.669079 0.0164077 5.01218 0.026945</i>
                        <i>0.913559 -0.00033709 -0.406705 0.00590629 0.999905 0.0124382 0.406662 -0.0137652 0.913475 0.0127948 5.00588 0.026945</i>
                        <i>0.999991 -0.00415699 -2.22251e-007 0.00415667 0.999914 0.0124382 -5.14833e-005 -0.0124381 0.999923 0.00900461 5.00101 0.026945</i>
                        <i>0.913531 -0.00722079 0.406706 0.0023661 0.99992 0.0124382 -0.406763 -0.0104004 0.913475 0.0051257 4.99886 0.026945</i>
                        <i>0.669125 -0.00962854 0.743088 0.000575535 0.999922 0.0124382 -0.74315 -0.00789505 0.669078 0.00124678 5.00036 0.026945</i>
                        <i>0.309031 -0.0114666 0.950983 -0.00117411 0.999922 0.0124382 -0.951051 -0.00496035 0.308993 -0.00254348 5.0051 0.026945</i>
                        <i>-0.104493 -0.0126671 0.994445 -0.0028419 0.999919 0.0124382 -0.994522 -0.00152641 -0.10452 -0.00615642 5.01268 0.026945</i>
                        <i>-0.499949 -0.0129653 0.865958 -0.00438691 0.999913 0.0124382 -0.866044 0.00241959 -0.499962 -0.00950339 5.0227 0.026945</i>
                        <i>-0.808962 -0.0119778 0.587739 -0.00576821 0.999906 0.0124382 -0.587833 0.00667184 -0.808955 -0.0124957 5.03474 0.026945</i>
                        <i>-0.978104 -0.00962222 0.207896 -0.00719287 0.999897 0.0124382 -0.207994 0.0106705 -0.978072 -0.015582 5.0484 0.026945</i>
                        <i>-0.978134 -0.00580349 -0.207895 -0.00857621 0.999886 0.0124382 0.207799 0.0139492 -0.978072 -0.0185787 5.06328 0.026945</i>
                        <i>-0.809049 -0.000703592 -0.58774 -0.00990539 0.999874 0.0124382 0.587657 0.0158849 -0.808954 -0.0214581 5.07896 0.026945</i>
                        <i>-0.500089 0.00518692 -0.865959 -0.0111676 0.99986 0.0124382 0.865902 0.0158909 -0.499961 -0.0241924 5.09505 0.026945</i>
                        <i>-0.104673 0.0110781 -0.994445 -0.01235 0.999846 0.0124382 0.99443 0.0135834 -0.10452 -0.0267539 5.11114 0.026945</i>
                        <i>0.30883 0.0159818 -0.950983 -0.0134399 0.999832 0.0124382 0.951022 0.00893978 0.308993 -0.0291148 5.12683 0.026945</i>
                        <i>0.668928 0.0188949 -0.743087 -0.0144243 0.999819 0.0124382 0.743187 0.0023982 0.669079 -0.0312473 5.1417 0.026945</i>
                        <i>0.913361 0.0190281 -0.406705 -0.0152904 0.999806 0.0124382 0.406863 -0.0051419 0.913475 -0.0331237 5.15535 0.026945</i>
                        <i>0.999872 0.0160268 1.35525e-020 -0.0160255 0.999794 0.0124382 0.000199345 -0.0124366 0.999923 -0.0347162 5.16738 0.026945</i>
                    </KeyFrames>
                </p>
            </i>
            <i>
                <p>
                    <Name><![CDATA[rotor_top]]></Name>
                    <Exclude>0</Exclude>
                    <Additive>0</Additive>
                    <IKPriority>0</IKPriority>
                    <IKRotLimits>-1e+010 -1e+010 -1e+010 1e+010 1e+010 1e+010</IKRotLimits>
                    <IKRotLimitOrder>0</IKRotLimitOrder>
                    <KeyFrames count="61">
                        <i>0.899884 0.0144241 1.21973e-020 -0.014423 0.899815 0.0111944 0.00017941 -0.011193 0.89993 -0.0647294 7.03983 0.0502397</i>
                        <i>0.822002 0.0182158 -0.366035 -0.0149551 0.899806 0.0111944 0.366182 -0.00414192 0.822127 -0.0671176 7.05318 0.0502397</i>
                        <i>0.601988 0.0185873 -0.668779 -0.0153462 0.8998 0.0111944 0.668861 0.00391593 0.602171 -0.0688729 7.06824 0.0502397</i>
                        <i>0.277889 0.0154613 -0.855885 -0.0155848 0.899795 0.0111944 0.855882 0.0113644 0.278094 -0.0699436 7.08461 0.0502397</i>
                        <i>-0.0942552 0.00949442 -0.895 -0.0156593 0.899794 0.0111944 0.894914 0.0167447 -0.0940685 -0.0702779 7.10184 0.0502397</i>
                        <i>-0.4501 0.00191349 -0.779362 -0.0155582 0.899796 0.0111944 0.77921 0.0190712 -0.449965 -0.0698241 7.11952 0.0502397</i>
                        <i>-0.728122 -0.00577561 -0.528966 -0.0152699 0.899801 0.0111944 0.528777 0.0180313 -0.728059 -0.0685303 7.13721 0.0502397</i>
                        <i>-0.880252 -0.0121773 -0.187106 -0.0148273 0.899808 0.0111944 0.186914 0.0140313 -0.880265 -0.0665439 7.15448 0.0502397</i>
                        <i>-0.880185 -0.0162925 0.187106 -0.0142763 0.899817 0.0111944 -0.187271 0.00797996 -0.880265 -0.064071 7.17091 0.0502397</i>
                        <i>-0.727932 -0.0176028 0.528966 -0.013625 0.899827 0.0111944 -0.529083 0.00104624 -0.728059 -0.061148 7.18605 0.0502397</i>
                        <i>-0.449815 -0.0161349 0.779363 -0.0128815 0.899838 0.0111944 -0.779423 -0.00555994 -0.449965 -0.0578113 7.19948 0.0502397</i>
                        <i>-0.0939178 -0.0123922 0.895 -0.012054 0.89985 0.0111944 -0.895005 -0.0108189 -0.0940681 -0.0540975 7.21077 0.0502397</i>
                        <i>0.278226 -0.00719971 0.855885 -0.0111506 0.899861 0.0111944 -0.855842 -0.0140646 0.278094 -0.050043 7.21948 0.0502397</i>
                        <i>0.602273 -0.00150668 0.668778 -0.0101794 0.899873 0.0111944 -0.668703 -0.0150554 0.602171 -0.0456843 7.22519 0.0502397</i>
                        <i>0.822195 0.00380529 0.366035 -0.00914851 0.899884 0.0111944 -0.36594 -0.0139474 0.822127 -0.0410579 7.22747 0.0502397</i>
                        <i>0.899964 0.00806676 -4.94927e-007 -0.00806613 0.899894 0.0111944 0.000100831 -0.0111939 0.89993 -0.0362003 7.22589 0.0502397</i>
                        <i>0.822131 0.0108939 -0.366035 -0.00694035 0.899904 0.0111944 0.366131 -0.00740318 0.822127 -0.0311478 7.22146 0.0502397</i>
                        <i>0.602151 0.0121863 -0.668779 -0.0057793 0.899912 0.0111944 0.668865 -0.00319516 0.602171 -0.0259371 7.21554 0.0502397</i>
                        <i>0.278057 0.0120652 -0.855885 -0.00459113 0.899919 0.0111944 0.855957 0.000907544 0.278094 -0.0206047 7.20825 0.0502397</i>
                        <i>-0.0941172 0.0107793 -0.895 -0.00338394 0.899924 0.0111944 0.895059 0.00453579 -0.0940688 -0.0151869 7.19968 0.0502397</i>
                        <i>-0.450022 0.00861158 -0.779362 -0.00216588 0.899928 0.0111944 0.779407 0.00747304 -0.449965 -0.00972034 7.18995 0.0502397</i>
                        <i>-0.728122 0.00581525 -0.528965 -0.000945081 0.89993 0.0111944 0.528997 0.00961201 -0.728059 -0.00424146 7.17915 0.0502397</i>
                        <i>-0.880332 0.00259189 -0.187106 0.000270328 0.89993 0.0111944 0.187124 0.0108936 -0.880265 0.00121321 7.16739 0.0502397</i>
                        <i>-0.880335 -0.000887291 0.187106 0.00147222 0.899929 0.0111944 -0.187103 0.0112559 -0.880265 0.00660721 7.15477 0.0502397</i>
                        <i>-0.728132 -0.00443383 0.528966 0.00265245 0.899926 0.0111944 -0.528978 0.0106156 -0.728059 0.011904 7.1414 0.0502397</i>
                        <i>-0.450037 -0.00779296 0.779363 0.0038029 0.899922 0.0111944 -0.779392 0.00889081 -0.449965 0.0170672 7.12738 0.0502397</i>
                        <i>-0.0941351 -0.0106191 0.895 0.00491543 0.899917 0.0111944 -0.89505 0.00605899 -0.0940684 0.0220601 7.11282 0.0502397</i>
                        <i>0.278039 -0.0124949 0.855885 0.00598191 0.899911 0.0111944 -0.855955 0.00223039 0.278094 0.0268464 7.09783 0.0502397</i>
                        <i>0.602135 -0.0129992 0.668779 0.00699422 0.899903 0.0111944 -0.668868 -0.00229217 0.602171 0.0313896 7.0825 0.0502397</i>
                        <i>0.822119 -0.011811 0.366035 0.00794422 0.899895 0.0111944 -0.366139 -0.00699474 0.822127 0.0356531 7.06695 0.0502397</i>
                        <i>0.899957 -0.00882446 1.8958e-007 0.00882378 0.899887 0.0111944 -0.00010995 -0.0111939 0.89993 0.0396006 7.05128 0.0502397</i>
                        <i>0.822192 -0.00424043 -0.366035 0.00962478 0.899879 0.0111944 0.365933 -0.0141411 0.822127 0.0431954 7.03559 0.0502397</i>
                        <i>0.602273 0.00139978 -0.668779 0.0103391 0.899871 0.0111944 0.6687 -0.0151741 0.602171 0.0464012 7.02 0.0502397</i>
                        <i>0.278224 0.00725907 -0.855885 0.0109586 0.899864 0.0111944 0.855845 -0.013882 0.278094 0.0491814 7.0046 0.0502397</i>
                        <i>-0.0939257 0.0123317 -0.895 0.0114751 0.899857 0.0111944 0.895012 -0.0102431 -0.0940681 0.0514996 6.98951 0.0502397</i>
                        <i>-0.449833 0.0156345 -0.779362 0.0118806 0.899852 0.0111944 0.779428 -0.00469297 -0.449966 0.0533193 6.97483 0.0502397</i>
                        <i>-0.72796 0.0164233 -0.528966 0.0121669 0.899848 0.0111944 0.529081 0.00190358 -0.728059 0.0546041 6.96066 0.0502397</i>
                        <i>-0.88022 0.0142741 -0.187106 0.0122128 0.899847 0.0111944 0.187252 0.00840938 -0.880265 0.0548103 6.94711 0.0502397</i>
                        <i>-0.880286 0.00934033 0.187106 0.0119273 0.899851 0.0111944 -0.186959 0.0134288 -0.880265 0.053529 6.9343 0.0502397</i>
                        <i>-0.72814 0.00260136 0.528966 0.0113472 0.899859 0.0111944 -0.528851 0.0157259 -0.728059 0.0509253 6.92233 0.0502397</i>
                        <i>-0.450082 -0.00443897 0.779363 0.0105092 0.899869 0.0111944 -0.779305 0.0146987 -0.449965 0.0471646 6.9113 0.0502397</i>
                        <i>-0.0941875 -0.0101446 0.895 0.00945024 0.899881 0.0111944 -0.895008 0.0105693 -0.0940685 0.0424121 6.90131 0.0502397</i>
                        <i>0.278006 -0.0131824 0.855885 0.00820711 0.899893 0.0111944 -0.855947 0.00434692 0.278093 0.036833 6.89245 0.0502397</i>
                        <i>0.602138 -0.0128804 0.668778 0.00681664 0.899905 0.0111944 -0.668868 -0.00242417 0.602171 0.0305926 6.88482 0.0502397</i>
                        <i>0.82215 -0.00940956 0.366035 0.00531566 0.899915 0.0111944 -0.366117 -0.00806418 0.822127 0.0238563 6.87854 0.0502397</i>
                        <i>0.899992 -0.00374129 2.00026e-007 0.003741 0.899923 0.0111944 -4.6735e-005 -0.0111943 0.89993 0.0167894 6.87369 0.0502397</i>
                        <i>0.822199 0.00260763 -0.366035 0.00212949 0.899928 0.0111944 0.366039 -0.0110928 0.822127 0.00955702 6.87155 0.0502397</i>
                        <i>0.602222 0.00797244 -0.668779 0.000517981 0.89993 0.0111944 0.668826 -0.00787548 0.602171 0.00232467 6.87305 0.0502397</i>
                        <i>0.278103 0.0109731 -0.855885 -0.0010567 0.89993 0.0111944 0.855954 -0.0024542 0.278094 -0.00474239 6.87779 0.0502397</i>
                        <i>-0.0941066 0.0108657 -0.895 -0.00255771 0.899927 0.0111944 0.895063 0.00371402 -0.0940681 -0.0114788 6.88537 0.0502397</i>
                        <i>-0.450039 0.00772027 -0.779362 -0.00394822 0.899922 0.0111944 0.779391 0.00901668 -0.449966 -0.0177194 6.89537 0.0502397</i>
                        <i>-0.728141 0.00237954 -0.528965 -0.00519139 0.899915 0.0111944 0.528945 0.012108 -0.728059 -0.0232986 6.9074 0.0502397</i>
                        <i>-0.880327 -0.00400523 -0.187106 -0.00647359 0.899907 0.0111944 0.187037 0.0122955 -0.880265 -0.029053 6.92104 0.0502397</i>
                        <i>-0.880281 -0.00987786 0.187106 -0.00771859 0.899897 0.0111944 -0.187207 0.00934447 -0.880265 -0.0346405 6.9359 0.0502397</i>
                        <i>-0.728014 -0.0137924 0.528966 -0.00891485 0.899886 0.0111944 -0.529071 0.00381558 -0.728059 -0.0400093 6.95156 0.0502397</i>
