<?xml version="1.0" encoding="ISO-8859-1" ?>
<Animl Version="1">
    <ModellingPackage><![CDATA[Maya.2010]]></ModellingPackage>
    <SrcFile><![CDATA[anims\vehicles\red\~src\air\helicopter_hormone\helicopter_hormone_takeoff.mb]]></SrcFile>
    <FramesPerSecond>30</FramesPerSecond>
    <TotalFrames>121</TotalFrames>
    <Skeleton>
        <RefFrame>
            <Name><![CDATA[hormone_ref_frame]]></Name>
            <Exclude>0</Exclude>
            <Additive>0</Additive>
            <IKPriority>0</IKPriority>
            <IKRotLimits>-1e+010 -1e+010 -1e+010 1e+010 1e+010 1e+010</IKRotLimits>
            <IKRotLimitOrder>0</IKRotLimitOrder>
            <KeyFrames count="121">
                <i>1 0 0 0 1 0 0 0 1 0 0 0</i>
                <i>1 0 0 0 1 0 0 0 1 0 0 0</i>
                <i>1 0 0 0 1 0 0 0 1 0 0 0</i>
                <i>1 0 0 0 1 0 0 0 1 0 0 0</i>
                <i>1 0 0 0 1 0 0 0 1 0 0 0</i>
                <i>1 0 0 0 1 0 0 0 1 0 0 0</i>
                <i>1 0 0 0 1 0 0 0 1 0 0 0</i>
                <i>1 0 0 0 1 0 0 0 1 0 0 0</i>
                <i>1 0 0 0 1 0 0 0 1 0 0 0</i>
                <i>1 0 0 0 1 0 0 0 1 0 0 0</i>
                <i>1 0 0 0 1 0 0 0 1 0 0 0</i>
                <i>1 0 0 0 1 0 0 0 1 0 0 0</i>
                <i>1 0 0 0 1 0 0 0 1 0 0 0</i>
                <i>1 0 0 0 1 0 0 0 1 0 0 0</i>
                <i>1 0 0 0 1 0 0 0 1 0 0 0</i>
                <i>1 0 0 0 1 0 0 0 1 0 0 0</i>
                <i>1 0 0 0 1 0 0 0 1 0 0 0</i>
                <i>1 0 0 0 1 0 0 0 1 0 0 0</i>
                <i>1 0 0 0 1 0 0 0 1 0 0 0</i>
                <i>1 0 0 0 1 0 0 0 1 0 0 0</i>
                <i>1 0 0 0 1 0 0 0 1 0 0 0</i>
                <i>1 0 0 0 1 0 0 0 1 0 0 0</i>
                <i>1 0 0 0 1 0 0 0 1 0 0 0</i>
                <i>1 0 0 0 1 0 0 0 1 0 0 0</i>
                <i>1 0 0 0 1 0 0 0 1 0 0 0</i>
                <i>1 0 0 0 1 0 0 0 1 0 0 0</i>
                <i>1 0 0 0 1 0 0 0 1 0 0 0</i>
                <i>1 0 0 0 1 0 0 0 1 0 0 0</i>
                <i>1 0 0 0 1 0 0 0 1 0 0 0</i>
                <i>1 0 0 0 1 0 0 0 1 0 0 0</i>
                <i>1 0 0 0 1 0 0 0 1 0 0 0</i>
                <i>1 0 0 0 1 0 0 0 1 0 0 0</i>
                <i>1 0 0 0 1 0 0 0 1 0 0 0</i>
                <i>1 0 0 0 1 0 0 0 1 0 0 0</i>
                <i>1 0 0 0 1 0 0 0 1 0 0 0</i>
                <i>1 0 0 0 1 0 0 0 1 0 0 0</i>
                <i>1 0 0 0 1 0 0 0 1 0 0 0</i>
                <i>1 0 0 0 1 0 0 0 1 0 0 0</i>
                <i>1 0 0 0 1 0 0 0 1 0 0 0</i>
                <i>1 0 0 0 1 0 0 0 1 0 0 0</i>
                <i>1 0 0 0 1 0 0 0 1 0 0 0</i>
                <i>1 0 0 0 1 0 0 0 1 0 0 0</i>
                <i>1 0 0 0 1 0 0 0 1 0 0 0</i>
                <i>1 0 0 0 1 0 0 0 1 0 0 0</i>
                <i>1 0 0 0 1 0 0 0 1 0 0 0</i>
                <i>1 0 0 0 1 0 0 0 1 0 0 0</i>
                <i>1 0 0 0 1 0 0 0 1 0 0 0</i>
                <i>1 0 0 0 1 0 0 0 1 0 0 0</i>
                <i>1 0 0 0 1 0 0 0 1 0 0 0</i>
                <i>1 0 0 0 1 0 0 0 1 0 0 0</i>
                <i>1 0 0 0 1 0 0 0 1 0 0 0</i>
                <i>1 0 0 0 1 0 0 0 1 0 0 0</i>
                <i>1 0 0 0 1 0 0 0 1 0 0 0</i>
                <i>1 0 0 0 1 0 0 0 1 0 0 0</i>
                <i>1 0 0 0 1 0 0 0 1 0 0 0</i>
                <i>1 0 0 0 1 0 0 0 1 0 0 0</i>
                <i>1 0 0 0 1 0 0 0 1 0 0 0</i>
                <i>1 0 0 0 1 0 0 0 1 0 0 0</i>
                <i>1 0 0 0 1 0 0 0 1 0 0 0</i>
                <i>1 0 0 0 1 0 0 0 1 0 0 0</i>
                <i>1 0 0 0 1 0 0 0 1 0 0 0</i>
                <i>1 0 0 0 1 0 0 0 1 0 0 0</i>
                <i>1 0 0 0 1 0 0 0 1 0 0 0</i>
                <i>1 0 0 0 1 0 0 0 1 0 0 0</i>
                <i>1 0 0 0 1 0 0 0 1 0 0 0</i>
                <i>1 0 0 0 1 0 0 0 1 0 0 0</i>
                <i>1 0 0 0 1 0 0 0 1 0 0 0</i>
                <i>1 0 0 0 1 0 0 0 1 0 0 0</i>
                <i>1 0 0 0 1 0 0 0 1 0 0.012695 0</i>
                <i>1 0 0 0 1 0 0 0 1 0 0.0502965 0</i>
                <i>1 0 0 0 1 0 0 0 1 0 0.112079 0</i>
                <i>1 0 0 0 1 0 0 0 1 0 0.197318 0</i>
                <i>1 0 0 0 1 0 0 0 1 0 0.305286 0</i>
                <i>1 0 0 0 1 0 0 0 1 0 0.435259 0</i>
                <i>1 0 0 0 1 0 0 0 1 0 0.586511 0</i>
                <i>1 0 0 0 1 0 0 0 1 0 0.758317 0</i>
                <i>1 0 0 0 1 0 0 0 1 0 0.949952 0</i>
                <i>1 0 0 0 1 0 0 0 1 0 1.16069 0</i>
                <i>1 0 0 0 1 0 0 0 1 0 1.38981 0</i>
                <i>1 0 0 0 1 0 0 0 1 0 1.63657 0</i>
                <i>1 0 0 0 1 0 0 0 1 0 1.90027 0</i>
                <i>1 0 0 0 1 0 0 0 1 0 2.18016 0</i>
                <i>1 0 0 0 1 0 0 0 1 0 2.47553 0</i>
                <i>1 0 0 0 1 0 0 0 1 0 2.78566 0</i>
                <i>1 0 0 0 1 0 0 0 1 0 3.1098 0</i>
                <i>1 0 0 0 1 0 0 0 1 0 3.44725 0</i>
                <i>1 0 0 0 1 0 0 0 1 0 3.79727 0</i>
                <i>1 0 0 0 1 0 0 0 1 0 4.15914 0</i>
                <i>1 0 0 0 1 0 0 0 1 0 4.53213 0</i>
                <i>1 0 0 0 1 0 0 0 1 0 4.91552 0</i>
                <i>1 0 0 0 1 0 0 0 1 0 5.30858 0</i>
                <i>1 0 0 0 1 0 0 0 1 0 5.71059 0</i>
                <i>1 0 0 0 1 0 0 0 1 0 6.12082 0</i>
                <i>1 0 0 0 1 0 0 0 1 0 6.53855 0</i>
                <i>1 0 0 0 1 0 0 0 1 0 6.96305 0</i>
                <i>1 0 0 0 1 0 0 0 1 0 7.39359 0</i>
                <i>1 0 0 0 1 0 0 0 1 0 7.82946 0</i>
                <i>1 0 0 0 1 0 0 0 1 0 8.26991 0</i>
                <i>1 0 0 0 1 0 0 0 1 0 8.71424 0</i>
                <i>1 0 0 0 1 0 0 0 1 0 9.16171 0</i>
                <i>1 0 0 0 1 0 0 0 1 0 9.6116 0</i>
                <i>1 0 0 0 1 0 0 0 1 0 10.0632 0</i>
                <i>1 0 0 0 1 0 0 0 1 0 10.5157 0</i>
                <i>1 0 0 0 1 0 0 0 1 0 10.9685 0</i>
                <i>1 0 0 0 1 0 0 0 1 0 11.4208 0</i>
                <i>1 0 0 0 1 0 0 0 1 0 11.8719 0</i>
                <i>1 0 0 0 1 0 0 0 1 0 12.3211 0</i>
                <i>1 0 0 0 1 0 0 0 1 0 12.7676 0</i>
                <i>1 0 0 0 1 0 0 0 1 0 13.2107 0</i>
                <i>1 0 0 0 1 0 0 0 1 0 13.6497 0</i>
                <i>1 0 0 0 1 0 0 0 1 0 14.0839 0</i>
                <i>1 0 0 0 1 0 0 0 1 0 14.5125 0</i>
                <i>1 0 0 0 1 0 0 0 1 0 14.9348 0</i>
                <i>1 0 0 0 1 0 0 0 1 0 15.3501 0</i>
                <i>1 0 0 0 1 0 0 0 1 0 15.7577 0</i>
                <i>1 0 0 0 1 0 0 0 1 0 16.1568 0</i>
                <i>1 0 0 0 1 0 0 0 1 0 16.5467 0</i>
                <i>1 0 0 0 1 0 0 0 1 0 16.9267 0</i>
                <i>1 0 0 0 1 0 0 0 1 0 17.2961 0</i>
                <i>1 0 0 0 1 0 0 0 1 0 17.6541 0</i>
                <i>1 0 0 0 1 0 0 0 1 0 18 0</i>
            </KeyFrames>
        </RefFrame>
        <Bones count="5">
            <i>
                <p>
                    <Name><![CDATA[hormone_root]]></Name>
                    <Exclude>0</Exclude>
                    <Additive>0</Additive>
                    <IKPriority>0</IKPriority>
                    <IKRotLimits>-1e+010 -1e+010 -1e+010 1e+010 1e+010 1e+010</IKRotLimits>
                    <IKRotLimitOrder>0</IKRotLimitOrder>
                    <KeyFrames count="121">
                        <i>1 0 0 0 0.999391 0.0348995 0 -0.0348995 0.999391 0 3 0</i>
                        <i>1 0 0 0 0.999391 0.0348995 0 -0.0348995 0.999391 0 3 0</i>
                        <i>1 0 0 0 0.999391 0.0348995 0 -0.0348995 0.999391 0 3 0</i>
                        <i>1 0 0 0 0.999391 0.0348995 0 -0.0348995 0.999391 0 3 0</i>
                        <i>1 0 0 0 0.999391 0.0348995 0 -0.0348995 0.999391 0 3 0</i>
                        <i>1 0 0 0 0.999391 0.0348995 0 -0.0348995 0.999391 0 3 0</i>
                        <i>1 0 0 0 0.999391 0.0348995 0 -0.0348995 0.999391 0 3 0</i>
                        <i>1 0 0 0 0.999391 0.0348995 0 -0.0348995 0.999391 0 3 0</i>
                        <i>1 0 0 0 0.999391 0.0348995 0 -0.0348995 0.999391 0 3 0</i>
                        <i>1 0 0 0 0.999391 0.0348995 0 -0.0348995 0.999391 0 3 0</i>
                        <i>1 0 0 0 0.999391 0.0348995 0 -0.0348995 0.999391 0 3 0</i>
                        <i>1 0 0 0 0.999391 0.0348995 0 -0.0348995 0.999391 0 3 0</i>
                        <i>1 0 0 0 0.999391 0.0348995 0 -0.0348995 0.999391 0 3 0</i>
                        <i>1 0 0 0 0.999391 0.0348995 0 -0.0348995 0.999391 0 3 0</i>
                        <i>1 0 0 0 0.999391 0.0348995 0 -0.0348995 0.999391 0 3 0</i>
                        <i>1 0 0 0 0.999391 0.0348995 0 -0.0348995 0.999391 0 3 0</i>
                        <i>1 0 0 0 0.999391 0.0348995 0 -0.0348995 0.999391 0 3 0</i>
                        <i>1 0 0 0 0.999391 0.0348995 0 -0.0348995 0.999391 0 3 0</i>
                        <i>1 0 0 0 0.999391 0.0348995 0 -0.0348995 0.999391 0 3 0</i>
                        <i>1 0 0 0 0.999391 0.0348995 0 -0.0348995 0.999391 0 3 0</i>
                        <i>1 0 0 0 0.999391 0.0348995 0 -0.0348995 0.999391 0 3 0</i>
                        <i>1 0 0 0 0.999391 0.0348995 0 -0.0348995 0.999391 0 3 0</i>
                        <i>1 0 0 0 0.999391 0.0348995 0 -0.0348995 0.999391 0 3 0</i>
                        <i>1 0 0 0 0.999391 0.0348995 0 -0.0348995 0.999391 0 3 0</i>
                        <i>1 0 0 0 0.999391 0.0348995 0 -0.0348995 0.999391 0 3 0</i>
                        <i>1 0 0 0 0.999391 0.0348995 0 -0.0348995 0.999391 0 3 0</i>
                        <i>1 0 0 0 0.999391 0.0348995 0 -0.0348995 0.999391 0 3 0</i>
                        <i>1 0 0 0 0.999391 0.0348995 0 -0.0348995 0.999391 0 3 0</i>
                        <i>1 0 0 0 0.999391 0.0348995 0 -0.0348995 0.999391 0 3 0</i>
                        <i>1 0 0 0 0.999391 0.0348995 0 -0.0348995 0.999391 0 3 0</i>
                        <i>1 0 0 0 0.999391 0.0348995 0 -0.0348995 0.999391 0 3 0</i>
                        <i>1 0 0 0 0.999391 0.0348995 0 -0.0348995 0.999391 0 3 0</i>
                        <i>1 0 0 0 0.999391 0.0348995 0 -0.0348995 0.999391 0 3 0</i>
                        <i>1 0 0 0 0.999391 0.0348995 0 -0.0348995 0.999391 0 3 0</i>
                        <i>1 0 0 0 0.999391 0.0348995 0 -0.0348995 0.999391 0 3 0</i>
                        <i>1 0 0 0 0.999391 0.0348995 0 -0.0348995 0.999391 0 3 0</i>
                        <i>1 0 0 0 0.999391 0.0348995 0 -0.0348995 0.999391 0 3 0</i>
                        <i>1 0 0 0 0.999391 0.0348995 0 -0.0348995 0.999391 0 3 0</i>
                        <i>1 0 0 0 0.999391 0.0348995 0 -0.0348995 0.999391 0 3 0</i>
                        <i>1 0 0 0 0.999391 0.0348995 0 -0.0348995 0.999391 0 3 0</i>
                        <i>1 0 0 0 0.999391 0.0348995 0 -0.0348995 0.999391 0 3 0</i>
                        <i>1 0 0 0 0.999391 0.0348995 0 -0.0348995 0.999391 0 3 0</i>
                        <i>1 0 0 0 0.999391 0.0348995 0 -0.0348995 0.999391 0 3 0</i>
                        <i>1 0 0 0 0.999391 0.0348995 0 -0.0348995 0.999391 0 3 0</i>
                        <i>1 0 0 0 0.999391 0.0348995 0 -0.0348995 0.999391 0 3 0</i>
                        <i>1 0 0 0 0.999391 0.0348995 0 -0.0348995 0.999391 0 3 0</i>
                        <i>1 0 0 0 0.999391 0.0348995 0 -0.0348995 0.999391 0 3 0</i>
                        <i>1 0 0 0 0.999391 0.0348995 0 -0.0348995 0.999391 0 3 0</i>
                        <i>1 0 0 0 0.999391 0.0348995 0 -0.0348995 0.999391 0 3 0</i>
                        <i>1 0 0 0 0.999391 0.0348995 0 -0.0348995 0.999391 0 3 0</i>
                        <i>1 0 0 0 0.999391 0.0348995 0 -0.0348995 0.999391 0 3 0</i>
                        <i>1 0 0 0 0.999391 0.0348995 0 -0.0348995 0.999391 0 3 0</i>
                        <i>1 0 0 0 0.999391 0.0348995 0 -0.0348995 0.999391 0 3 0</i>
                        <i>1 0 0 0 0.999391 0.0348995 0 -0.0348995 0.999391 0 3 0</i>
                        <i>1 0 0 0 0.999391 0.0348995 0 -0.0348995 0.999391 0 3 0</i>
                        <i>1 0 0 0 0.999391 0.0348995 0 -0.0348995 0.999391 0 3 0</i>
                        <i>1 0 0 0 0.999391 0.0348995 0 -0.0348995 0.999391 0 3 0</i>
                        <i>1 0 0 0 0.999391 0.0348995 0 -0.0348995 0.999391 0 3 0</i>
                        <i>1 0 0 0 0.999391 0.0348995 0 -0.0348995 0.999391 0 3 0</i>
                        <i>1 0 0 0 0.999391 0.0348995 0 -0.0348995 0.999391 0 3 0</i>
                        <i>1 0 0 0 0.999391 0.0348995 0 -0.0348995 0.999391 0 3 0</i>
                        <i>1 0 0 0 0.999391 0.0348995 0 -0.0348995 0.999391 0 3 0</i>
                        <i>1 0 0 0 0.999391 0.0348995 0 -0.0348995 0.999391 0 3 0</i>
                        <i>1 0 0 0 0.999391 0.0348995 0 -0.0348995 0.999391 0 3 0</i>
                        <i>1 0 0 0 0.999391 0.0348995 0 -0.0348995 0.999391 0 3 0</i>
                        <i>1 0 0 0 0.999391 0.0348995 0 -0.0348995 0.999391 0 3 0</i>
                        <i>1 0 0 0 0.999391 0.0348995 0 -0.0348995 0.999391 0 3 0</i>
                        <i>1 0 0 0 0.999391 0.0348995 0 -0.0348995 0.999391 0 3 0</i>
                        <i>1 0 0 0 0.999391 0.0348995 0 -0.0348995 0.999391 0 3.01269 0</i>
                        <i>1 0 0 0 0.999391 0.0348995 0 -0.0348995 0.999391 0 3.0503 0</i>
                        <i>1 0 0 0 0.999391 0.0348995 0 -0.0348995 0.999391 0 3.11208 0</i>
                        <i>1 0 0 0 0.999391 0.0348995 0 -0.0348995 0.999391 0 3.19732 0</i>
                        <i>1 0 0 0 0.999391 0.0348995 0 -0.0348995 0.999391 0 3.30529 0</i>
                        <i>1 0 0 0 0.999391 0.0348995 0 -0.0348995 0.999391 0 3.43526 0</i>
                        <i>1 0 0 0 0.999391 0.0348995 0 -0.0348995 0.999391 0 3.58651 0</i>
                        <i>1 0 0 0 0.999391 0.0348995 0 -0.0348995 0.999391 0 3.75832 0</i>
                        <i>1 0 0 0 0.999391 0.0348995 0 -0.0348995 0.999391 0 3.94995 0</i>
                        <i>1 0 0 0 0.999391 0.0348995 0 -0.0348995 0.999391 0 4.16069 0</i>
                        <i>1 0 0 0 0.999391 0.0348995 0 -0.0348995 0.999391 0 4.38981 0</i>
                        <i>1 0 0 0 0.999391 0.0348995 0 -0.0348995 0.999391 0 4.63657 0</i>
                        <i>1 0 0 0 0.999391 0.0348995 0 -0.0348995 0.999391 0 4.90027 0</i>
                        <i>1 0 0 0 0.999391 0.0348995 0 -0.0348995 0.999391 0 5.18016 0</i>
                        <i>1 0 0 0 0.999391 0.0348995 0 -0.0348995 0.999391 0 5.47553 0</i>
                        <i>1 0 0 0 0.999391 0.0348995 0 -0.0348995 0.999391 0 5.78565 0</i>
                        <i>1 0 0 0 0.999391 0.0348995 0 -0.0348995 0.999391 0 6.1098 0</i>
                        <i>1 0 0 0 0.999391 0.0348995 0 -0.0348995 0.999391 0 6.44725 0</i>
                        <i>1 0 0 0 0.999391 0.0348995 0 -0.0348995 0.999391 0 6.79727 0</i>
                        <i>1 0 0 0 0.999391 0.0348995 0 -0.0348995 0.999391 0 7.15914 0</i>
                        <i>1 0 0 0 0.999391 0.0348995 0 -0.0348995 0.999391 0 7.53213 0</i>
                        <i>1 0 0 0 0.999391 0.0348995 0 -0.0348995 0.999391 0 7.91552 0</i>
                        <i>1 0 0 0 0.999391 0.0348995 0 -0.0348995 0.999391 0 8.30858 0</i>
                        <i>1 0 0 0 0.999391 0.0348995 0 -0.0348995 0.999391 0 8.71059 0</i>
                        <i>1 0 0 0 0.999391 0.0348995 0 -0.0348995 0.999391 0 9.12082 0</i>
                        <i>1 0 0 0 0.999391 0.0348995 0 -0.0348995 0.999391 0 9.53855 0</i>
                        <i>1 0 0 0 0.999391 0.0348995 0 -0.0348995 0.999391 0 9.96305 0</i>
                        <i>1 0 0 0 0.999391 0.0348995 0 -0.0348995 0.999391 0 10.3936 0</i>
                        <i>1 0 0 0 0.999391 0.0348995 0 -0.0348995 0.999391 0 10.8295 0</i>
                        <i>1 0 0 0 0.999391 0.0348995 0 -0.0348995 0.999391 0 11.2699 0</i>
                        <i>1 0 0 0 0.999391 0.0348995 0 -0.0348995 0.999391 0 11.7142 0</i>
                        <i>1 0 0 0 0.999391 0.0348995 0 -0.0348995 0.999391 0 12.1617 0</i>
                        <i>1 0 0 0 0.999391 0.0348995 0 -0.0348995 0.999391 0 12.6116 0</i>
                        <i>1 0 0 0 0.999391 0.0348995 0 -0.0348995 0.999391 0 13.0632 0</i>
                        <i>1 0 0 0 0.999391 0.0348995 0 -0.0348995 0.999391 0 13.5157 0</i>
                        <i>1 0 0 0 0.999391 0.0348995 0 -0.0348995 0.999391 0 13.9685 0</i>
                        <i>1 0 0 0 0.999391 0.0348995 0 -0.0348995 0.999391 0 14.4208 0</i>
                        <i>1 0 0 0 0.999391 0.0348995 0 -0.0348995 0.999391 0 14.8719 0</i>
                        <i>1 0 0 0 0.999391 0.0348995 0 -0.0348995 0.999391 0 15.3211 0</i>
                        <i>1 0 0 0 0.999391 0.0348995 0 -0.0348995 0.999391 0 15.7676 0</i>
                        <i>1 0 0 0 0.999391 0.0348995 0 -0.0348995 0.999391 0 16.2107 0</i>
                        <i>1 0 0 0 0.999391 0.0348995 0 -0.0348995 0.999391 0 16.6497 0</i>
                        <i>1 0 0 0 0.999391 0.0348995 0 -0.0348995 0.999391 0 17.0839 0</i>
                        <i>1 0 0 0 0.999391 0.0348995 0 -0.0348995 0.999391 0 17.5125 0</i>
                        <i>1 0 0 0 0.999391 0.0348995 0 -0.0348995 0.999391 0 17.9348 0</i>
                        <i>1 0 0 0 0.999391 0.0348995 0 -0.0348995 0.999391 0 18.3501 0</i>
                        <i>1 0 0 0 0.999391 0.0348995 0 -0.0348995 0.999391 0 18.7577 0</i>
                        <i>1 0 0 0 0.999391 0.0348995 0 -0.0348995 0.999391 0 19.1568 0</i>
                        <i>1 0 0 0 0.999391 0.0348995 0 -0.0348995 0.999391 0 19.5467 0</i>
                        <i>1 0 0 0 0.999391 0.0348995 0 -0.0348995 0.999391 0 19.9267 0</i>
                        <i>1 0 0 0 0.999391 0.0348995 0 -0.0348995 0.999391 0 20.2961 0</i>
                        <i>1 0 0 0 0.999391 0.0348995 0 -0.0348995 0.999391 0 20.6541 0</i>
                        <i>1 0 0 0 0.999391 0.0348995 0 -0.0348995 0.999391 0 21 0</i>
                    </KeyFrames>
                </p>
            </i>
            <i>
                <p>
                    <Name><![CDATA[rotor]]></Name>
                    <Exclude>0</Exclude>
                    <Additive>0</Additive>
                    <IKPriority>0</IKPriority>
                    <IKRotLimits>-1e+010 -1e+010 -1e+010 1e+010 1e+010 1e+010</IKRotLimits>
                    <IKRotLimitOrder>0</IKRotLimitOrder>
                    <KeyFrames count="121">
                        <i>0.998357 0.00199984 -0.0572679 0 0.999391 0.0348995 0.0573028 -0.0348421 0.997749 0 5.49848 0.0872487</i>
                        <i>0.998357 0.00199984 -0.0572679 0 0.999391 0.0348995 0.0573028 -0.0348421 0.997749 0 5.49848 0.0872487</i>
                        <i>0.998357 0.00199984 -0.0572679 0 0.999391 0.0348995 0.0573028 -0.0348421 0.997749 0 5.49848 0.0872487</i>
                        <i>0.998357 0.00199984 -0.0572679 0 0.999391 0.0348995 0.0573028 -0.0348421 0.997749 0 5.49848 0.0872487</i>
                        <i>0.998357 0.00199984 -0.0572679 0 0.999391 0.0348995 0.0573028 -0.0348421 0.997749 0 5.49848 0.0872487</i>
                        <i>0.998357 0.00199984 -0.0572679 0 0.999391 0.0348995 0.0573028 -0.0348421 0.997749 0 5.49848 0.0872487</i>
                        <i>0.998357 0.00199984 -0.0572679 0 0.999391 0.0348995 0.0573028 -0.0348421 0.997749 0 5.49848 0.0872487</i>
                        <i>0.998357 0.00199984 -0.0572679 0 0.999391 0.0348995 0.0573028 -0.0348421 0.997749 0 5.49848 0.0872487</i>
                        <i>0.998357 0.00199984 -0.0572679 0 0.999391 0.0348995 0.0573028 -0.0348421 0.997749 0 5.49848 0.0872487</i>
                        <i>0.998357 0.00199984 -0.0572679 0 0.999391 0.0348995 0.0573028 -0.0348421 0.997749 0 5.49848 0.0872487</i>
                        <i>0.998357 0.00199984 -0.0572679 0 0.999391 0.0348995 0.0573028 -0.0348421 0.997749 0 5.49848 0.0872487</i>
                        <i>0.998357 0.00199984 -0.0572679 0 0.999391 0.0348995 0.0573028 -0.0348421 0.997749 0 5.49848 0.0872487</i>
                        <i>0.998357 0.00199984 -0.0572679 0 0.999391 0.0348995 0.0573028 -0.0348421 0.997749 0 5.49848 0.0872487</i>
                        <i>0.998357 0.00199984 -0.0572679 0 0.999391 0.0348995 0.0573028 -0.0348421 0.997749 0 5.49848 0.0872487</i>
                        <i>0.998357 0.00199984 -0.0572679 0 0.999391 0.0348995 0.0573028 -0.0348421 0.997749 0 5.49848 0.0872487</i>
                        <i>0.998357 0.00199984 -0.0572679 0 0.999391 0.0348995 0.0573028 -0.0348421 0.997749 0 5.49848 0.0872487</i>
                        <i>0.998357 0.00199984 -0.0572679 0 0.999391 0.0348995 0.0573028 -0.0348421 0.997749 0 5.49848 0.0872487</i>
                        <i>0.998357 0.00199984 -0.0572679 0 0.999391 0.0348995 0.0573028 -0.0348421 0.997749 0 5.49848 0.0872487</i>
                        <i>0.998357 0.00199984 -0.0572679 0 0.999391 0.0348995 0.0573028 -0.0348421 0.997749 0 5.49848 0.0872487</i>
                        <i>0.998357 0.00199984 -0.0572679 0 0.999391 0.0348995 0.0573028 -0.0348421 0.997749 0 5.49848 0.0872487</i>
                        <i>0.998357 0.00199984 -0.0572679 0 0.999391 0.0348995 0.0573028 -0.0348421 0.997749 0 5.49848 0.0872487</i>
                        <i>0.998357 0.00199984 -0.0572679 0 0.999391 0.0348995 0.0573028 -0.0348421 0.997749 0 5.49848 0.0872487</i>
                        <i>0.998357 0.00199984 -0.0572679 0 0.999391 0.0348995 0.0573028 -0.0348421 0.997749 0 5.49848 0.0872487</i>
                        <i>0.998357 0.00199984 -0.0572679 0 0.999391 0.0348995 0.0573028 -0.0348421 0.997749 0 5.49848 0.0872487</i>
                        <i>0.998357 0.00199984 -0.0572679 0 0.999391 0.0348995 0.0573028 -0.0348421 0.997749 0 5.49848 0.0872487</i>
                        <i>0.998357 0.00199984 -0.0572679 0 0.999391 0.0348995 0.0573028 -0.0348421 0.997749 0 5.49848 0.0872487</i>
                        <i>0.998357 0.00199984 -0.0572679 0 0.999391 0.0348995 0.0573028 -0.0348421 0.997749 0 5.49848 0.0872487</i>
                        <i>0.998357 0.00199984 -0.0572679 0 0.999391 0.0348995 0.0573028 -0.0348421 0.997749 0 5.49848 0.0872487</i>
                        <i>0.998357 0.00199984 -0.0572679 0 0.999391 0.0348995 0.0573028 -0.0348421 0.997749 0 5.49848 0.0872487</i>
                        <i>0.998357 0.00199984 -0.0572679 0 0.999391 0.0348995 0.0573028 -0.0348421 0.997749 0 5.49848 0.0872487</i>
                        <i>0.998357 0.00199984 -0.0572679 0 0.999391 0.0348995 0.0573028 -0.0348421 0.997749 0 5.49848 0.0872487</i>
                        <i>0.995635 0.00325739 -0.0932796 0 0.999391 0.0348995 0.0933364 -0.0347471 0.995028 0 5.49848 0.0872487</i>
                        <i>0.980085 0.00693027 -0.198457 0 0.999391 0.0348995 0.198578 -0.0342045 0.979488 0 5.49848 0.0872487</i>
                        <i>0.930995 0.0127394 -0.364809 0 0.999391 0.0348995 0.365032 -0.0324913 0.930428 0 5.49848 0.0872487</i>
                        <i>0.818626 0.0200437 -0.573977 0 0.999391 0.0348995 0.574327 -0.0285696 0.818127 0 5.49848 0.0872487</i>
                        <i>0.612732 0.0275808 -0.78981 0 0.999391 0.0348995 0.790291 -0.021384 0.612358 0 5.49848 0.0872487</i>
                        <i>0.297045 0.0333243 -0.954282 0 0.999391 0.0348995 0.954863 -0.0103667 0.296864 0 5.49848 0.0872487</i>
                        <i>-0.111531 0.0346818 -0.993156 0 0.999391 0.0348995 0.993761 0.00389238 -0.111463 0 5.49848 0.0872487</i>
                        <i>-0.546014 0.029238 -0.837266 0 0.999391 0.0348995 0.837776 0.0190556 -0.545681 0 5.49848 0.0872487</i>
                        <i>-0.887983 0.0160495 -0.459597 0 0.999391 0.0348995 0.459877 0.0309901 -0.887442 0 5.49848 0.0872487</i>
                        <i>-0.996473 -0.00292869 0.0838666 0 0.999391 0.0348995 -0.0839177 0.0347764 -0.995866 0 5.49848 0.0872487</i>
                        <i>-0.771594 -0.0222001 0.635728 0 0.999391 0.0348995 -0.636116 0.0269282 -0.771124 0 5.49848 0.0872487</i>
                        <i>-0.233147 -0.0339377 0.971849 0 0.999391 0.0348995 -0.972441 0.00813671 -0.233005 0 5.49848 0.0872487</i>
                        <i>0.433473 -0.0314503 0.900617 0 0.999391 0.0348995 -0.901166 -0.015128 0.433209 0 5.49848 0.0872487</i>
                        <i>0.919438 -0.0137237 0.392994 0 0.999391 0.0348995 -0.393234 -0.0320879 0.918878 0 5.49848 0.0872487</i>
                        <i>0.94079 0.0118306 -0.338783 0 0.999391 0.0348995 0.33899 -0.0328331 0.940217 0 5.49848 0.0872487</i>
                        <i>0.431585 0.0314819 -0.901523 0 0.999391 0.0348995 0.902072 -0.0150621 0.431322 0 5.49848 0.0872487</i>
                        <i>-0.350584 0.0326845 -0.935961 0 0.999391 0.0348995 0.936531 0.0122352 -0.350371 0 5.49848 0.0872487</i>
                        <i>-0.926654 0.0131193 -0.375687 0 0.999391 0.0348995 0.375916 0.0323397 -0.926089 0 5.49848 0.0872487</i>
                        <i>-0.895327 -0.0155446 0.445139 0 0.999391 0.0348995 -0.44541 0.0312465 -0.894781 0 5.49848 0.0872487</i>
                        <i>-0.242859 -0.0338547 0.969471 0 0.999391 0.0348995 -0.970062 0.00847566 -0.242711 0 5.49848 0.0872487</i>
                        <i>0.591081 -0.0281504 0.806121 0 0.999391 0.0348995 -0.806612 -0.0206284 0.590721 0 5.49848 0.0872487</i>
                        <i>0.99876 -0.00173718 0.0497462 0 0.999391 0.0348995 -0.0497766 -0.0348562 0.998152 0 5.49848 0.0872487</i>
                        <i>0.66244 0.0261437 -0.748658 0 0.999391 0.0348995 0.749115 -0.0231188 0.662037 0 5.49848 0.0872487</i>
                        <i>-0.176475 0.0343518 -0.983706 0 0.999391 0.0348995 0.984305 0.00615888 -0.176367 0 5.49848 0.0872487</i>
                        <i>-0.882361 0.0164228 -0.470286 0 0.999391 0.0348995 0.470573 0.030794 -0.881823 0 5.49848 0.0872487</i>
                        <i>-0.916113 -0.0139919 0.400677 0 0.999391 0.0348995 -0.400921 0.0319719 -0.915554 0 5.49848 0.0872487</i>
                        <i>-0.25686 -0.0337286 0.96586 0 0.999391 0.0348995 -0.966448 0.0089643 -0.256704 0 5.49848 0.0872487</i>
                        <i>0.5906 -0.0281627 0.806473 0 0.999391 0.0348995 -0.806964 -0.0206116 0.59024 0 5.49848 0.0872487</i>
                        <i>0.998357 -0.00199947 0.0572572 0 0.999391 0.0348995 -0.0572921 -0.0348422 0.997749 0 5.49848 0.0872487</i>
                        <i>0.688429 0.0253127 -0.724862 0 0.999391 0.0348995 0.725304 -0.0240258 0.688009 0 5.49848 0.0872487</i>
                        <i>-0.0935009 0.0347466 -0.995013 0 0.999391 0.0348995 0.995619 0.00326313 -0.0934439 0 5.49848 0.0872487</i>
                        <i>-0.800293 0.020926 -0.599244 0 0.999391 0.0348995 0.599609 0.0279298 -0.799806 0 5.49848 0.0872487</i>
                        <i>-0.985693 -0.0058823 0.168447 0 0.999391 0.0348995 -0.16855 0.0344002 -0.985093 0 5.49848 0.0872487</i>
                        <i>-0.575999 -0.0285286 0.816952 0 0.999391 0.0348995 -0.81745 0.0201021 -0.575648 0 5.49848 0.0872487</i>
                        <i>0.145545 -0.0345279 0.988749 0 0.999391 0.0348995 -0.989352 -0.00507946 0.145457 0 5.49848 0.0872487</i>
                        <i>0.767711 -0.0223635 0.640406 0 0.999391 0.0348995 -0.640796 -0.0267927 0.767244 0 5.49848 0.0872487</i>
                        <i>1 0 0 0 0.999391 0.0348995 0 -0.0348995 0.999391 0 5.49848 0.0872487</i>
                        <i>0.779009 0.0218824 -0.626631 0 0.999391 0.0348995 0.627013 -0.027187 0.778535 0 5.51117 0.0872487</i>
                        <i>0.21371 0.0340932 -0.976302 0 0.999391 0.0348995 0.976897 -0.00745838 0.21358 0 5.54877 0.0872487</i>
                        <i>-0.446045 0.0312354 -0.894466 0 0.999391 0.0348995 0.895011 0.0155667 -0.445773 0 5.61056 0.0872487</i>
                        <i>-0.908658 0.014572 -0.417287 0 0.999391 0.0348995 0.417541 0.0317117 -0.908104 0 5.69579 0.0872487</i>
                        <i>-0.969657 -0.00853193 0.244322 0 0.999391 0.0348995 -0.244471 0.0338405 -0.969066 0 5.80376 0.0872487</i>
                        <i>-0.602085 -0.0278649 0.797946 0 0.999391 0.0348995 -0.798432 0.0210124 -0.601718 0 5.93374 0.0872487</i>
                        <i>0.0315978 -0.0348821 0.998892 0 0.999391 0.0348995 -0.999501 -0.00110275 0.0315786 0 6.08499 0.0872487</i>
                        <i>0.651315 -0.026482 0.758346 0 0.999391 0.0348995 -0.758808 -0.0227305 0.650918 0 6.25679 0.0872487</i>
                        <i>0.983162 -0.00637739 0.182624 0 0.999391 0.0348995 -0.182736 -0.0343119 0.982563 0 6.44843 0.0872487</i>
                        <i>0.88047 0.0165459 -0.473813 0 0.999391 0.0348995 0.474102 -0.030728 0.879933 0 6.65917 0.0872487</i>
                        <i>0.388621 0.0321563 -0.920836 0 0.999391 0.0348995 0.921398 -0.0135627 0.388385 0 6.88828 0.0872487</i>
                        <i>-0.274988 0.033554 -0.960862 0 0.999391 0.0348995 0.961448 0.00959695 -0.274821 0 7.13505 0.0872487</i>
                        <i>-0.817058 0.0201215 -0.576204 0 0.999391 0.0348995 0.576555 0.0285149 -0.81656 0 7.39874 0.0872487</i>
                        <i>-0.998003 -0.00220439 0.0631256 0 0.999391 0.0348995 -0.063164 0.0348298 -0.997395 0 7.67864 0.0872487</i>
                        <i>-0.737849 -0.023556 0.674555 0 0.999391 0.0348995 -0.674966 0.0257506 -0.737399 0 7.97401 0.0872487</i>
                        <i>-0.151579 -0.0344962 0.987843 0 0.999391 0.0348995 -0.988445 0.00529002 -0.151486 0 8.28413 0.0872487</i>
                        <i>0.501686 -0.0301898 0.864523 0 0.999391 0.0348995 -0.86505 -0.0175086 0.501381 0 8.60828 0.0872487</i>
                        <i>0.933215 -0.01254 0.359099 0 0.999391 0.0348995 -0.359318 -0.0325687 0.932647 0 8.94572 0.0872487</i>
                        <i>0.952278 0.0106524 -0.305045 0 0.999391 0.0348995 0.305231 -0.033234 0.951698 0 9.29575 0.0872487</i>
                        <i>0.55045 0.0291365 -0.83436 0 0.999391 0.0348995 0.834868 -0.0192104 0.550115 0 9.65762 0.0872487</i>
                        <i>-0.0946672 0.0347428 -0.994903 0 0.999391 0.0348995 0.995509 0.00330384 -0.0946096 0 10.0306 0.0872487</i>
                        <i>-0.697943 0.0249934 -0.715717 0 0.999391 0.0348995 0.716153 0.0243579 -0.697518 0 10.414 0.0872487</i>
                        <i>-0.992741 0.00419738 -0.120197 0 0.999391 0.0348995 0.12027 0.0346462 -0.992136 0 10.8071 0.0872487</i>
                        <i>-0.848765 -0.0184538 0.528447 0 0.999391 0.0348995 -0.52877 0.0296215 -0.848248 0 11.2091 0.0872487</i>
                        <i>-0.329651 -0.0329487 0.943528 0 0.999391 0.0348995 -0.944103 0.0115046 -0.32945 0 11.6193 0.0872487</i>
                        <i>0.335168 -0.0328809 0.941584 0 0.999391 0.0348995 -0.942158 -0.0116972 0.334964 0 12.037 0.0872487</i>
                        <i>0.851844 -0.0182802 0.523476 0 0.999391 0.0348995 -0.523795 -0.0297289 0.851325 0 12.4615 0.0872487</i>
                        <i>0.992021 0.00439998 -0.125999 0 0.999391 0.0348995 0.126076 -0.034621 0.991416 0 12.8921 0.0872487</i>
                        <i>0.693742 0.0251354 -0.719785 0 0.999391 0.0348995 0.720224 -0.0242112 0.693319 0 13.3279 0.0872487</i>
                        <i>0.0888419 0.0347615 -0.995439 0 0.999391 0.0348995 0.996046 -0.00310054 0.0887877 0 13.7684 0.0872487</i>
                        <i>-0.555325 0.0290236 -0.831127 0 0.999391 0.0348995 0.831634 0.0193806 -0.554986 0 14.2127 0.0872487</i>
                        <i>-0.954048 0.0104578 -0.299472 0 0.999391 0.0348995 0.299655 0.0332958 -0.953467 0 14.6602 0.0872487</i>
                        <i>-0.931099 -0.0127302 0.364544 0 0.999391 0.0348995 -0.364766 0.0324949 -0.930532 0 15.1101 0.0872487</i>
                        <i>-0.496617 -0.0302917 0.867441 0 0.999391 0.0348995 -0.86797 0.0173317 -0.496315 0 15.5617 0.0872487</i>
                        <i>0.157359 -0.0344647 0.98694 0 0.999391 0.0348995 -0.987542 -0.00549173 0.157263 0 16.0142 0.0872487</i>
                        <i>0.741785 -0.0234049 0.670229 0 0.999391 0.0348995 -0.670638 -0.0258879 0.741333 0 16.467 0.0872487</i>
                        <i>0.998356 -0.0020006 0.0572897 0 0.999391 0.0348995 -0.0573247 -0.0348421 0.997747 0 16.9193 0.0872487</i>
                        <i>0.813671 0.020288 -0.580971 0 0.999391 0.0348995 0.581325 -0.0283967 0.813176 0 17.3704 0.0872487</i>
                        <i>0.269359 0.0336096 -0.962453 0 0.999391 0.0348995 0.96304 -0.0094005 0.269195 0 17.8196 0.0872487</i>
                        <i>-0.394005 0.0320764 -0.918548 0 0.999391 0.0348995 0.919108 0.0137506 -0.393765 0 18.2661 0.0872487</i>
                        <i>-0.883228 0.0163659 -0.468658 0 0.999391 0.0348995 0.468943 0.0308242 -0.88269 0 18.7092 0.0872487</i>
                        <i>-0.982076 -0.006578 0.188369 0 0.999391 0.0348995 -0.188484 0.034274 -0.981478 0 19.1482 0.0872487</i>
                        <i>-0.646864 -0.0266145 0.762141 0 0.999391 0.0348995 -0.762605 0.0225752 -0.64647 0 19.5824 0.0872487</i>
                        <i>-0.0257502 -0.0348879 0.999059 0 0.999391 0.0348995 -0.999668 0.000898668 -0.0257345 0 20.011 0.0872487</i>
                        <i>0.606745 -0.0277415 0.794412 0 0.999391 0.0348995 -0.794896 -0.0211751 0.606376 0 20.4333 0.0872487</i>
                        <i>0.97107 -0.00833381 0.238649 0 0.999391 0.0348995 -0.238795 -0.0338899 0.970479 0 20.8486 0.0872487</i>
                        <i>0.9062 0.0147573 -0.422592 0 0.999391 0.0348995 0.42285 -0.0316259 0.905648 0 21.2562 0.0872487</i>
                        <i>0.440805 0.0313259 -0.897056 0 0.999391 0.0348995 0.897603 -0.0153839 0.440537 0 21.6553 0.0872487</i>
                        <i>-0.219421 0.034049 -0.975036 0 0.999391 0.0348995 0.97563 0.0076577 -0.219288 0 22.0452 0.0872487</i>
                        <i>-0.782664 0.021723 -0.622066 0 0.999391 0.0348995 0.622445 0.0273146 -0.782187 0 22.4252 0.0872487</i>
                        <i>-0.999983 -0.000204162 0.00584643 0 0.999391 0.0348995 -0.00585 0.0348989 -0.999374 0 22.7946 0.0872487</i>
                        <i>-0.775328 -0.0220411 0.631174 0 0.999391 0.0348995 -0.631559 0.0270585 -0.774855 0 23.1526 0.0872487</i>
                        <i>-0.207992 -0.0341363 0.977535 0 0.999391 0.0348995 -0.978131 0.00725881 -0.207865 0 23.4985 0.0872487</i>
                    </KeyFrames>
                </p>
            </i>
            <i>
                <p>
                    <Name><![CDATA[blades]]></Name>
                    <Exclude>0</Exclude>
                    <Additive>0</Additive>
                    <IKPriority>0</IKPriority>
                    <IKRotLimits>-1e+010 -1e+010 -1e+010 1e+010 1e+010 1e+010</IKRotLimits>
                    <IKRotLimitOrder>0</IKRotLimitOrder>
                    <KeyFrames count="121">
                        <i>0.998357 0.00199984 -0.0572679 0 0.999391 0.0348995 0.0573028 -0.0348421 0.997749 -2.71491e-019 5.03661 0.0711201</i>
                        <i>0.998357 0.00199984 -0.0572679 0 0.999391 0.0348995 0.0573028 -0.0348421 0.997749 -2.71491e-019 5.03661 0.0711201</i>
                        <i>0.998357 0.00199984 -0.0572679 0 0.999391 0.0348995 0.0573028 -0.0348421 0.997749 -2.71491e-019 5.03661 0.0711201</i>
                        <i>0.998357 0.00199984 -0.0572679 0 0.999391 0.0348995 0.0573028 -0.0348421 0.997749 -2.71491e-019 5.03661 0.0711201</i>
                        <i>0.998357 0.00199984 -0.0572679 0 0.999391 0.0348995 0.0573028 -0.0348421 0.997749 -2.71491e-019 5.03661 0.0711201</i>
                        <i>0.998357 0.00199984 -0.0572679 0 0.999391 0.0348995 0.0573028 -0.0348421 0.997749 -2.71491e-019 5.03661 0.0711201</i>
                        <i>0.998357 0.00199984 -0.0572679 0 0.999391 0.0348995 0.0573028 -0.0348421 0.997749 -2.71491e-019 5.03661 0.0711201</i>
                        <i>0.998357 0.00199984 -0.0572679 0 0.999391 0.0348995 0.0573028 -0.0348421 0.997749 -2.71491e-019 5.03661 0.0711201</i>
                        <i>0.998357 0.00199984 -0.0572679 0 0.999391 0.0348995 0.0573028 -0.0348421 0.997749 -2.71491e-019 5.03661 0.0711201</i>
                        <i>0.998357 0.00199984 -0.0572679 0 0.999391 0.0348995 0.0573028 -0.0348421 0.997749 -2.71491e-019 5.03661 0.0711201</i>
                        <i>0.998357 0.00199984 -0.0572679 0 0.999391 0.0348995 0.0573028 -0.0348421 0.997749 -2.71491e-019 5.03661 0.0711201</i>
                        <i>0.998357 0.00199984 -0.0572679 0 0.999391 0.0348995 0.0573028 -0.0348421 0.997749 -2.71491e-019 5.03661 0.0711201</i>
                        <i>0.998357 0.00199984 -0.0572679 0 0.999391 0.0348995 0.0573028 -0.0348421 0.997749 -2.71491e-019 5.03661 0.0711201</i>
                        <i>0.998357 0.00199984 -0.0572679 0 0.999391 0.0348995 0.0573028 -0.0348421 0.997749 -2.71491e-019 5.03661 0.0711201</i>
                        <i>0.998357 0.00199984 -0.0572679 0 0.999391 0.0348995 0.0573028 -0.0348421 0.997749 -2.71491e-019 5.03661 0.0711201</i>
                        <i>0.998357 0.00199984 -0.0572679 0 0.999391 0.0348995 0.0573028 -0.0348421 0.997749 -2.71491e-019 5.03661 0.0711201</i>
                        <i>0.998357 0.00199984 -0.0572679 0 0.999391 0.0348995 0.0573028 -0.0348421 0.997749 -2.71491e-019 5.03661 0.0711201</i>
                        <i>0.998357 0.00199984 -0.0572679 0 0.999391 0.0348995 0.0573028 -0.0348421 0.997749 -2.71491e-019 5.03661 0.0711201</i>
                        <i>0.998357 0.00199984 -0.0572679 0 0.999391 0.0348995 0.0573028 -0.0348421 0.997749 -2.71491e-019 5.03661 0.0711201</i>
                        <i>0.998357 0.00199984 -0.0572679 0 0.999391 0.0348995 0.0573028 -0.0348421 0.997749 -2.71491e-019 5.03661 0.0711201</i>
                        <i>0.998357 0.00199984 -0.0572679 0 0.999391 0.0348995 0.0573028 -0.0348421 0.997749 -2.71491e-019 5.03661 0.0711201</i>
                        <i>0.998357 0.00199984 -0.0572679 0 0.999391 0.0348995 0.0573028 -0.0348421 0.997749 -2.71491e-019 5.03661 0.0711201</i>
                        <i>0.998357 0.00199984 -0.0572679 0 0.999391 0.0348995 0.0573028 -0.0348421 0.997749 -2.71491e-019 5.03661 0.0711201</i>
                        <i>0.998357 0.00199984 -0.0572679 0 0.999391 0.0348995 0.0573028 -0.0348421 0.997749 -2.71491e-019 5.03661 0.0711201</i>
                        <i>0.998357 0.00199984 -0.0572679 0 0.999391 0.0348995 0.0573028 -0.0348421 0.997749 -2.71491e-019 5.03661 0.0711201</i>
                        <i>0.998357 0.00199984 -0.0572679 0 0.999391 0.0348995 0.0573028 -0.0348421 0.997749 -2.71491e-019 5.03661 0.0711201</i>
                        <i>0.998357 0.00199984 -0.0572679 0 0.999391 0.0348995 0.0573028 -0.0348421 0.997749 -2.71491e-019 5.03661 0.0711201</i>
                        <i>0.998357 0.00199984 -0.0572679 0 0.999391 0.0348995 0.0573028 -0.0348421 0.997749 -2.71491e-019 5.03661 0.0711201</i>
                        <i>0.998357 0.00199984 -0.0572679 0 0.999391 0.0348995 0.0573028 -0.0348421 0.997749 -2.71491e-019 5.03661 0.0711201</i>
                        <i>0.998357 0.00199984 -0.0572679 0 0.999391 0.0348995 0.0573028 -0.0348421 0.997749 -2.71491e-019 5.03661 0.0711201</i>
                        <i>0.998357 0.00199984 -0.0572679 0 0.999391 0.0348995 0.0573028 -0.0348421 0.997749 -2.71491e-019 5.03661 0.0711201</i>
                        <i>0.995635 0.00325739 -0.0932796 0 0.999391 0.0348995 0.0933364 -0.0347471 0.995028 9.94808e-018 5.06831 0.072227</i>
                        <i>0.980085 0.00693027 -0.198457 0 0.999391 0.0348995 0.198578 -0.0342045 0.979488 -5.17745e-018 5.10001 0.0733339</i>
                        <i>0.930995 0.0127394 -0.364809 0 0.999391 0.0348995 0.365032 -0.0324913 0.930428 -1.47532e-017 5.13171 0.0744409</i>
                        <i>0.818626 0.0200437 -0.573977 0 0.999391 0.0348995 0.574327 -0.0285696 0.818127 2.93124e-018 5.16341 0.0755478</i>
                        <i>0.612732 0.0275808 -0.78981 0 0.999391 0.0348995 0.790291 -0.021384 0.612358 -4.57612e-018 5.19511 0.0766548</i>
