<?xml version="1.0" encoding="ISO-8859-1" ?>
<Animl Version="1">
    <ModellingPackage><![CDATA[Maya.2010]]></ModellingPackage>
    <SrcFile><![CDATA[anims\turrets\antiair\blue\~src\aa_chaparral\aa_chaparral_fire.mb]]></SrcFile>
    <FramesPerSecond>30</FramesPerSecond>
    <TotalFrames>49</TotalFrames>
    <Skeleton>
        <RefFrame>
            <Name><![CDATA[aa_chaparral_ref_frame]]></Name>
            <Exclude>1</Exclude>
            <Additive>0</Additive>
            <IKPriority>0</IKPriority>
            <IKRotLimits>-1e+010 -1e+010 -1e+010 1e+010 1e+010 1e+010</IKRotLimits>
            <IKRotLimitOrder>0</IKRotLimitOrder>
            <KeyFrames count="49">
                <i>1 0 0 0 1 0 0 0 1 0 1.28854 1.11182</i>
                <i>1 0 0 0 1 0 0 0 1 0 1.28854 1.11182</i>
                <i>1 0 0 0 1 0 0 0 1 0 1.28854 1.11182</i>
                <i>1 0 0 0 1 0 0 0 1 0 1.28854 1.11182</i>
                <i>1 0 0 0 1 0 0 0 1 0 1.28854 1.11182</i>
                <i>1 0 0 0 1 0 0 0 1 0 1.28854 1.11182</i>
                <i>1 0 0 0 1 0 0 0 1 0 1.28854 1.11182</i>
                <i>1 0 0 0 1 0 0 0 1 0 1.28854 1.11182</i>
                <i>1 0 0 0 1 0 0 0 1 0 1.28854 1.11182</i>
                <i>1 0 0 0 1 0 0 0 1 0 1.28854 1.11182</i>
                <i>1 0 0 0 1 0 0 0 1 0 1.28854 1.11182</i>
                <i>1 0 0 0 1 0 0 0 1 0 1.28854 1.11182</i>
                <i>1 0 0 0 1 0 0 0 1 0 1.28854 1.11182</i>
                <i>1 0 0 0 1 0 0 0 1 0 1.28854 1.11182</i>
                <i>1 0 0 0 1 0 0 0 1 0 1.28854 1.11182</i>
                <i>1 0 0 0 1 0 0 0 1 0 1.28854 1.11182</i>
                <i>1 0 0 0 1 0 0 0 1 0 1.28854 1.11182</i>
                <i>1 0 0 0 1 0 0 0 1 0 1.28854 1.11182</i>
                <i>1 0 0 0 1 0 0 0 1 0 1.28854 1.11182</i>
                <i>1 0 0 0 1 0 0 0 1 0 1.28854 1.11182</i>
                <i>1 0 0 0 1 0 0 0 1 0 1.28854 1.11182</i>
                <i>1 0 0 0 1 0 0 0 1 0 1.28854 1.11182</i>
                <i>1 0 0 0 1 0 0 0 1 0 1.28854 1.11182</i>
                <i>1 0 0 0 1 0 0 0 1 0 1.28854 1.11182</i>
                <i>1 0 0 0 1 0 0 0 1 0 1.28854 1.11182</i>
                <i>1 0 0 0 1 0 0 0 1 0 1.28854 1.11182</i>
                <i>1 0 0 0 1 0 0 0 1 0 1.28854 1.11182</i>
                <i>1 0 0 0 1 0 0 0 1 0 1.28854 1.11182</i>
                <i>1 0 0 0 1 0 0 0 1 0 1.28854 1.11182</i>
                <i>1 0 0 0 1 0 0 0 1 0 1.28854 1.11182</i>
                <i>1 0 0 0 1 0 0 0 1 0 1.28854 1.11182</i>
                <i>1 0 0 0 1 0 0 0 1 0 1.28854 1.11182</i>
                <i>1 0 0 0 1 0 0 0 1 0 1.28854 1.11182</i>
                <i>1 0 0 0 1 0 0 0 1 0 1.28854 1.11182</i>
                <i>1 0 0 0 1 0 0 0 1 0 1.28854 1.11182</i>
                <i>1 0 0 0 1 0 0 0 1 0 1.28854 1.11182</i>
                <i>1 0 0 0 1 0 0 0 1 0 1.28854 1.11182</i>
                <i>1 0 0 0 1 0 0 0 1 0 1.28854 1.11182</i>
                <i>1 0 0 0 1 0 0 0 1 0 1.28854 1.11182</i>
                <i>1 0 0 0 1 0 0 0 1 0 1.28854 1.11182</i>
                <i>1 0 0 0 1 0 0 0 1 0 1.28854 1.11182</i>
                <i>1 0 0 0 1 0 0 0 1 0 1.28854 1.11182</i>
                <i>1 0 0 0 1 0 0 0 1 0 1.28854 1.11182</i>
                <i>1 0 0 0 1 0 0 0 1 0 1.28854 1.11182</i>
                <i>1 0 0 0 1 0 0 0 1 0 1.28854 1.11182</i>
                <i>1 0 0 0 1 0 0 0 1 0 1.28854 1.11182</i>
                <i>1 0 0 0 1 0 0 0 1 0 1.28854 1.11182</i>
                <i>1 0 0 0 1 0 0 0 1 0 1.28854 1.11182</i>
                <i>1 0 0 0 1 0 0 0 1 0 1.28854 1.11182</i>
            </KeyFrames>
        </RefFrame>
        <Bones count="35">
            <i>
                <p>
                    <Name><![CDATA[aa_chaparral_root]]></Name>
                    <Exclude>0</Exclude>
                    <Additive>0</Additive>
                    <IKPriority>0</IKPriority>
                    <IKRotLimits>-1e+010 -1e+010 -1e+010 1e+010 1e+010 1e+010</IKRotLimits>
                    <IKRotLimitOrder>0</IKRotLimitOrder>
                    <KeyFrames count="49">
                        <i>1 0 0 0 1 0 0 0 1 0 1.28854 1.11182</i>
                        <i>1 0 0 0 1 0 0 0 1 0 1.28854 1.11182</i>
                        <i>1 0 0 0 1 0 0 0 1 0 1.28854 1.11182</i>
                        <i>1 0 0 0 1 0 0 0 1 0 1.28854 1.11182</i>
                        <i>1 0 0 0 1 0 0 0 1 0 1.28854 1.11182</i>
                        <i>1 0 0 0 1 0 0 0 1 0 1.28854 1.11182</i>
                        <i>1 0 0 0 1 0 0 0 1 0 1.28854 1.11182</i>
                        <i>1 0 0 0 1 0 0 0 1 0 1.28854 1.11182</i>
                        <i>1 0 0 0 1 0 0 0 1 0 1.28854 1.11182</i>
                        <i>1 0 0 0 1 0 0 0 1 0 1.28854 1.11182</i>
                        <i>1 0 0 0 1 0 0 0 1 0 1.28854 1.11182</i>
                        <i>1 0 0 0 1 0 0 0 1 0 1.28854 1.11182</i>
                        <i>1 0 0 0 1 0 0 0 1 0 1.28854 1.11182</i>
                        <i>1 0 0 0 1 0 0 0 1 0 1.28854 1.11182</i>
                        <i>1 0 0 0 1 0 0 0 1 0 1.28854 1.11182</i>
                        <i>1 0 0 0 1 0 0 0 1 0 1.28854 1.11182</i>
                        <i>1 0 0 0 1 0 0 0 1 0 1.28854 1.11182</i>
                        <i>1 0 0 0 1 0 0 0 1 0 1.28854 1.11182</i>
                        <i>1 0 0 0 1 0 0 0 1 0 1.28854 1.11182</i>
                        <i>1 0 0 0 1 0 0 0 1 0 1.28854 1.11182</i>
                        <i>1 0 0 0 1 0 0 0 1 0 1.28854 1.11182</i>
                        <i>1 0 0 0 1 0 0 0 1 0 1.28854 1.11182</i>
                        <i>1 0 0 0 1 0 0 0 1 0 1.28854 1.11182</i>
                        <i>1 0 0 0 1 0 0 0 1 0 1.28854 1.11182</i>
                        <i>1 0 0 0 1 0 0 0 1 0 1.28854 1.11182</i>
                        <i>1 0 0 0 1 0 0 0 1 0 1.28854 1.11182</i>
                        <i>1 0 0 0 1 0 0 0 1 0 1.28854 1.11182</i>
                        <i>1 0 0 0 1 0 0 0 1 0 1.28854 1.11182</i>
                        <i>1 0 0 0 1 0 0 0 1 0 1.28854 1.11182</i>
                        <i>1 0 0 0 1 0 0 0 1 0 1.28854 1.11182</i>
                        <i>1 0 0 0 1 0 0 0 1 0 1.28854 1.11182</i>
                        <i>1 0 0 0 1 0 0 0 1 0 1.28854 1.11182</i>
                        <i>1 0 0 0 1 0 0 0 1 0 1.28854 1.11182</i>
                        <i>1 0 0 0 1 0 0 0 1 0 1.28854 1.11182</i>
                        <i>1 0 0 0 1 0 0 0 1 0 1.28854 1.11182</i>
                        <i>1 0 0 0 1 0 0 0 1 0 1.28854 1.11182</i>
                        <i>1 0 0 0 1 0 0 0 1 0 1.28854 1.11182</i>
                        <i>1 0 0 0 1 0 0 0 1 0 1.28854 1.11182</i>
                        <i>1 0 0 0 1 0 0 0 1 0 1.28854 1.11182</i>
                        <i>1 0 0 0 1 0 0 0 1 0 1.28854 1.11182</i>
                        <i>1 0 0 0 1 0 0 0 1 0 1.28854 1.11182</i>
                        <i>1 0 0 0 1 0 0 0 1 0 1.28854 1.11182</i>
                        <i>1 0 0 0 1 0 0 0 1 0 1.28854 1.11182</i>
                        <i>1 0 0 0 1 0 0 0 1 0 1.28854 1.11182</i>
                        <i>1 0 0 0 1 0 0 0 1 0 1.28854 1.11182</i>
                        <i>1 0 0 0 1 0 0 0 1 0 1.28854 1.11182</i>
                        <i>1 0 0 0 1 0 0 0 1 0 1.28854 1.11182</i>
                        <i>1 0 0 0 1 0 0 0 1 0 1.28854 1.11182</i>
                        <i>1 0 0 0 1 0 0 0 1 0 1.28854 1.11182</i>
                    </KeyFrames>
                </p>
            </i>
            <i>
                <p>
                    <Name><![CDATA[all]]></Name>
                    <Exclude>0</Exclude>
                    <Additive>1</Additive>
                    <IKPriority>0</IKPriority>
                    <IKRotLimits>-1e+010 -1e+010 -1e+010 1e+010 1e+010 1e+010</IKRotLimits>
                    <IKRotLimitOrder>0</IKRotLimitOrder>
                    <KeyFrames count="49">
                        <i>0.866025 0 -0.5 0 1 0 0.5 0 0.866025 0 2.1571 1.16901</i>
                        <i>0.866025 0 -0.5 0 1 0 0.5 0 0.866025 0 2.1571 1.16901</i>
                        <i>0.866025 0 -0.5 0 1 0 0.5 0 0.866025 0 2.1571 1.16901</i>
                        <i>0.866025 0 -0.5 0 1 0 0.5 0 0.866025 0 2.1571 1.16901</i>
                        <i>0.866025 0 -0.5 0 1 0 0.5 0 0.866025 0 2.1571 1.16901</i>
                        <i>0.866025 0 -0.5 0 1 0 0.5 0 0.866025 0 2.1571 1.16901</i>
                        <i>0.866025 0 -0.5 0 1 0 0.5 0 0.866025 0 2.1571 1.16901</i>
                        <i>0.866025 0 -0.5 0 1 0 0.5 0 0.866025 0 2.1571 1.16901</i>
                        <i>0.866025 0 -0.5 0 1 0 0.5 0 0.866025 0 2.1571 1.16901</i>
                        <i>0.866025 0 -0.5 0 1 0 0.5 0 0.866025 0 2.1571 1.16901</i>
                        <i>0.866025 0 -0.5 0 1 0 0.5 0 0.866025 0 2.1571 1.16901</i>
                        <i>0.866025 0 -0.5 0 1 0 0.5 0 0.866025 0 2.1571 1.16901</i>
                        <i>0.866025 0 -0.5 0 1 0 0.5 0 0.866025 0 2.1571 1.16901</i>
                        <i>0.866025 0 -0.5 0 1 0 0.5 0 0.866025 0 2.1571 1.16901</i>
                        <i>0.866025 0 -0.5 0 1 0 0.5 0 0.866025 0 2.1571 1.16901</i>
                        <i>0.866025 0 -0.5 0 1 0 0.5 0 0.866025 0 2.1571 1.16901</i>
                        <i>0.866025 0 -0.5 0 1 0 0.5 0 0.866025 0 2.1571 1.16901</i>
                        <i>0.866025 0 -0.5 0 1 0 0.5 0 0.866025 0 2.1571 1.16901</i>
                        <i>0.866025 0 -0.5 0 1 0 0.5 0 0.866025 0 2.1571 1.16901</i>
                        <i>0.866025 0 -0.5 0 1 0 0.5 0 0.866025 0 2.1571 1.16901</i>
                        <i>0.866025 0 -0.5 0 1 0 0.5 0 0.866025 0 2.1571 1.16901</i>
                        <i>0.866025 0 -0.5 0 1 0 0.5 0 0.866025 0 2.1571 1.16901</i>
                        <i>0.866025 0 -0.5 0 1 0 0.5 0 0.866025 0 2.1571 1.16901</i>
                        <i>0.866025 0 -0.5 0 1 0 0.5 0 0.866025 0 2.1571 1.16901</i>
                        <i>0.866025 0 -0.5 0 1 0 0.5 0 0.866025 0 2.1571 1.16901</i>
                        <i>0.866025 0 -0.5 0 1 0 0.5 0 0.866025 0 2.1571 1.16901</i>
                        <i>0.866025 0 -0.5 0 1 0 0.5 0 0.866025 0 2.1571 1.16901</i>
                        <i>0.866025 0 -0.5 0 1 0 0.5 0 0.866025 0 2.1571 1.16901</i>
                        <i>0.866025 0 -0.5 0 1 0 0.5 0 0.866025 0 2.1571 1.16901</i>
                        <i>0.866025 0 -0.5 0 1 0 0.5 0 0.866025 0 2.1571 1.16901</i>
                        <i>0.866025 0 -0.5 0 1 0 0.5 0 0.866025 0 2.1571 1.16901</i>
                        <i>0.866025 0 -0.5 0 1 0 0.5 0 0.866025 0 2.1571 1.16901</i>
                        <i>0.866025 0 -0.5 0 1 0 0.5 0 0.866025 0 2.1571 1.16901</i>
                        <i>0.866025 0 -0.5 0 1 0 0.5 0 0.866025 0 2.1571 1.16901</i>
                        <i>0.866025 0 -0.5 0 1 0 0.5 0 0.866025 0 2.1571 1.16901</i>
                        <i>0.866025 0 -0.5 0 1 0 0.5 0 0.866025 0 2.1571 1.16901</i>
                        <i>0.866025 0 -0.5 0 1 0 0.5 0 0.866025 0 2.1571 1.16901</i>
                        <i>0.866025 0 -0.5 0 1 0 0.5 0 0.866025 0 2.1571 1.16901</i>
                        <i>0.866025 0 -0.5 0 1 0 0.5 0 0.866025 0 2.1571 1.16901</i>
                        <i>0.866025 0 -0.5 0 1 0 0.5 0 0.866025 0 2.1571 1.16901</i>
                        <i>0.866025 0 -0.5 0 1 0 0.5 0 0.866025 0 2.1571 1.16901</i>
                        <i>0.866025 0 -0.5 0 1 0 0.5 0 0.866025 0 2.1571 1.16901</i>
                        <i>0.866025 0 -0.5 0 1 0 0.5 0 0.866025 0 2.1571 1.16901</i>
                        <i>0.866025 0 -0.5 0 1 0 0.5 0 0.866025 0 2.1571 1.16901</i>
                        <i>0.866025 0 -0.5 0 1 0 0.5 0 0.866025 0 2.1571 1.16901</i>
                        <i>0.866025 0 -0.5 0 1 0 0.5 0 0.866025 0 2.1571 1.16901</i>
                        <i>0.866025 0 -0.5 0 1 0 0.5 0 0.866025 0 2.1571 1.16901</i>
                        <i>0.866025 0 -0.5 0 1 0 0.5 0 0.866025 0 2.1571 1.16901</i>
                        <i>0.866025 0 -0.5 0 1 0 0.5 0 0.866025 0 2.1571 1.16901</i>
                    </KeyFrames>
                </p>
            </i>
            <i>
                <p>
                    <Name><![CDATA[body]]></Name>
                    <Exclude>0</Exclude>
                    <Additive>1</Additive>
                    <IKPriority>0</IKPriority>
                    <IKRotLimits>-1e+010 -1e+010 -1e+010 1e+010 1e+010 1e+010</IKRotLimits>
                    <IKRotLimitOrder>0</IKRotLimitOrder>
                    <KeyFrames count="49">
                        <i>0.866025 0 -0.5 0 1 0 0.5 0 0.866025 7.10543e-017 2.1571 1.16901</i>
                        <i>0.866072 -0.00503297 -0.499894 -0.00336012 0.999868 -0.0158882 0.499908 0.01544 0.865941 -3.40958e-009 2.1571 1.12432</i>
                        <i>0.866098 -0.0161049 -0.499615 -0.00238948 0.999336 -0.0363554 0.499869 0.0326812 0.865484 -3.03244e-009 2.1571 1.07452</i>
                        <i>0.866017 -0.0271748 -0.499275 0.000381748 0.998558 -0.0536879 0.500014 0.0463041 0.864779 -1.16507e-009 2.1571 1.03494</i>
                        <i>0.865946 -0.0322056 -0.4991 0.00243207 0.998184 -0.0601905 0.500132 0.0509078 0.864451 -8.55272e-009 2.1571 1.02089</i>
                        <i>0.866007 -0.0289046 -0.499195 0.00268482 0.998582 -0.0531626 0.500024 0.044699 0.864857 -5.75371e-006 2.17312 1.02714</i>
                        <i>0.866121 -0.0206507 -0.499408 0.00199721 0.999281 -0.0378569 0.499831 0.0317912 0.865539 -2.12487e-005 2.21318 1.03774</i>
                        <i>0.866179 -0.00991867 -0.499635 0.000763224 0.999828 -0.0185253 0.499733 0.0156649 0.866038 -4.38193e-005 2.26525 1.05197</i>
                        <i>0.866138 0.000814517 -0.499804 -0.000614016 1 0.00056561 0.499804 -0.000183008 0.866138 -7.08222e-005 2.31732 1.06908</i>
                        <i>0.866039 0.00907081 -0.499895 -0.00173055 0.999884 0.0151453 0.499974 -0.0122513 0.865954 -9.95934e-005 2.35738 1.08835</i>
                        <i>0.865982 0.0123732 -0.499921 -0.00218996 0.999778 0.0209513 0.50007 -0.0170486 0.865817 -0.000127477 2.3734 1.10905</i>
                        <i>0.865984 0.0127962 -0.499907 -0.00195987 0.999752 0.0221958 0.500067 -0.0182414 0.865795 -0.000151821 2.36586 1.13043</i>
                        <i>0.86599 0.0139114 -0.499868 -0.0013533 0.999674 0.0254766 0.50006 -0.021386 0.865727 -0.00016997 2.34563 1.15177</i>
                        <i>0.865995 0.0154881 -0.499813 -0.000495801 0.999546 0.0301146 0.500053 -0.0258313 0.86561 -0.000179265 2.31626 1.17234</i>
                        <i>0.865998 0.0172954 -0.499748 0.00048715 0.999372 0.0354307 0.500047 -0.0309264 0.865446 -0.000177052 2.28132 1.19139</i>
                        <i>0.865999 0.0191027 -0.499681 0.00147012 0.999168 0.0407458 0.500044 -0.0360204 0.865251 -0.000160675 2.24437 1.20819</i>
                        <i>0.865997 0.0206792 -0.499622 0.00232766 0.998967 0.0453815 0.500044 -0.0404632 0.865054 -0.000127475 2.20898 1.22202</i>
                        <i>0.865994 0.0217943 -0.499579 0.00293428 0.998811 0.0486598 0.500045 -0.043605 0.864901 -7.48045e-005 2.1787 1.23214</i>
                        <i>0.865993 0.0222172 -0.499562 0.00316439 0.998749 0.0499032 0.500046 -0.0447966 0.864839 -8.48831e-010 2.1571 1.23781</i>
                        <i>0.866002 0.0216135 -0.499574 0.00310165 0.998814 0.0485893 0.500032 -0.0436279 0.864907 0.000117065 2.14153 1.23828</i>
                        <i>0.866023 0.0199445 -0.499606 0.00292843 0.998985 0.0449561 0.499995 -0.0403961 0.865086 0.000286796 2.12699 1.23382</i>
                        <i>0.866052 0.0174231 -0.49965 0.00266733 0.999217 0.0394666 0.499947 -0.0355129 0.865328 0.000497253 2.11355 1.22529</i>
                        <i>0.86608 0.0142623 -0.499702 0.00234083 0.999466 0.0325835 0.4999 -0.0293896 0.865584 0.000736515 2.10127 1.21353</i>
                        <i>0.866101 0.0106752 -0.499755 0.00197114 0.999691 0.0247703 0.499865 -0.0224387 0.865812 0.000992646 2.0902 1.19938</i>
                        <i>0.866111 0.0068748 -0.499804 0.00158011 0.999863 0.0164913 0.499849 -0.015073 0.865981 0.00125371 2.08042 1.18368</i>
                        <i>0.866109 0.00307433 -0.499846 0.00118933 0.999966 0.00821115 0.499854 -0.00770624 0.866075 0.00150779 2.07197 1.16728</i>
                        <i>0.866095 -0.000513082 -0.499879 0.000820351 1 0.000394937 0.499878 -0.000752129 0.866095 0.00174293 2.06492 1.15102</i>
                        <i>0.866074 -0.00367426 -0.499902 0.000494861 0.999979 -0.00649245 0.499915 0.00537556 0.866058 0.00194722 2.05934 1.13574</i>
                        <i>0.866051 -0.00619607 -0.499917 0.00023481 0.999928 -0.0119865 0.499956 0.0102636 0.86599 0.00210873 2.05527 1.12228</i>
                        <i>0.866033 -0.00786542 -0.499926 6.2413e-005 0.999878 -0.0156231 0.499987 0.0134989 0.865927 0.00221551 2.05279 1.11149</i>
                        <i>0.866025 -0.00846922 -0.499928 -5.91459e-011 0.999857 -0.0169384 0.5 0.0146691 0.865901 0.00225564 2.05195 1.10421</i>
                        <i>0.866026 -0.00839371 -0.499929 3.40882e-009 0.999859 -0.0167874 0.5 0.0145383 0.865904 0.00220779 2.05289 1.10015</i>
                        <i>0.866026 -0.00817879 -0.499931 1.3411e-008 0.999866 -0.0163576 0.499998 0.0141661 0.865911 0.00207124 2.05556 1.09824</i>
                        <i>0.866028 -0.00784188 -0.499935 2.66923e-008 0.999877 -0.0156838 0.499996 0.0135826 0.865921 0.00186495 2.05974 1.09816</i>
                        <i>0.866029 -0.00740042 -0.499939 3.97815e-008 0.99989 -0.014801 0.499994 0.012818 0.865934 0.00160791 2.06522 1.09961</i>
                        <i>0.86603 -0.00687183 -0.499945 4.9145e-008 0.999906 -0.0137438 0.499992 0.0119025 0.865948 0.00131909 2.07178 1.10226</i>
                        <i>0.866031 -0.00627353 -0.49995 5.35777e-008 0.999921 -0.0125472 0.49999 0.0108663 0.865963 0.00101744 2.07921 1.10579</i>
                        <i>0.866032 -0.00562295 -0.499956 5.16825e-008 0.999937 -0.0112461 0.499988 0.00973944 0.865978 0.000721958 2.08729 1.10989</i>
                        <i>0.866033 -0.00493751 -0.499963 4.42995e-008 0.999951 -0.00987521 0.499987 0.00855223 0.865991 0.000451611 2.0958 1.11424</i>
                        <i>0.866033 -0.00423465 -0.499969 3.29962e-008 0.999964 -0.00846947 0.499987 0.00733483 0.866002 0.000225357 2.10453 1.11852</i>
                        <i>0.866033 -0.00353178 -0.499974 1.96978e-008 0.999975 -0.00706371 0.499987 0.0061174 0.866011 6.21843e-005 2.11325 1.12242</i>
                        <i>0.866032 -0.00284634 -0.49998 6.74254e-009 0.999984 -0.0056928 0.499988 0.00493015 0.866018 -3.6432e-005 2.12176 1.12718</i>
                        <i>0.866031 -0.00219575 -0.499985 -3.05262e-009 0.99999 -0.00439159 0.49999 0.00380326 0.866023 -8.85101e-005 2.12984 1.13375</i>
                        <i>0.86603 -0.00159744 -0.499989 -9.16907e-009 0.999995 -0.00319494 0.499992 0.00276692 0.866026 -0.000104343 2.13727 1.14138</i>
                        <i>0.866029 -0.00106883 -0.499993 -1.08303e-008 0.999998 -0.0021377 0.499994 0.00185132 0.866027 -9.42216e-005 2.14383 1.14932</i>
                        <i>0.866028 -0.000627357 -0.499996 -8.96186e-009 0.999999 -0.00125474 0.499996 0.00108664 0.866027 -6.84355e-005 2.14931 1.1568</i>
                        <i>0.866026 -0.000290444 -0.499998 -5.12721e-009 1 -0.000580898 0.499998 0.000503076 0.866026 -3.72764e-005 2.15349 1.16308</i>
                        <i>0.866026 -7.55151e-005 -0.5 -1.50067e-009 1 -0.000151033 0.5 0.000130799 0.866026 -1.10341e-005 2.15616 1.1674</i>
                        <i>0.866025 0 -0.5 0 1 0 0.5 0 0.866025 7.10543e-017 2.1571 1.16901</i>
                    </KeyFrames>
                </p>
            </i>
            <i>
                <p>
                    <Name><![CDATA[turret]]></Name>
                    <Exclude>0</Exclude>
                    <Additive>1</Additive>
                    <IKPriority>0</IKPriority>
                    <IKRotLimits>-1e+010 -1e+010 -1e+010 1e+010 1e+010 1e+010</IKRotLimits>
                    <IKRotLimitOrder>0</IKRotLimitOrder>
                    <KeyFrames count="49">
                        <i>1 0 0 0 1 0 0 0 1 -0.666914 3.66171 0.013881</i>
                        <i>0.999994 0.00336134 4.99957e-005 -0.00335882 0.999641 -0.0265847 -0.00013931 0.0265844 0.999647 -0.671846 3.64092 -0.054601</i>
                        <i>0.999997 0.00239335 6.29956e-005 -0.0023853 0.998205 -0.0598363 -0.000206057 0.059836 0.998208 -0.670334 3.61712 -0.134582</i>
                        <i>1 -0.000382052 4.62722e-006 0.00038092 0.99595 -0.0899104 2.97378e-005 0.0899104 0.99595 -0.666357 3.59778 -0.199302</i>
                        <i>0.999997 -0.00243695 -7.61841e-006 0.00242213 0.994252 -0.107039 0.000268481 0.107038 0.994255 -0.66343 3.59108 -0.2227</i>
                        <i>0.999996 -0.0026826 0.000113102 0.0026794 0.994311 -0.10648 0.000173201 0.10648 0.994315 -0.662912 3.61598 -0.206422</i>
                        <i>0.999998 -0.00198844 0.000269197 0.00200472 0.995814 -0.0913781 -8.63354e-005 0.0913785 0.995816 -0.663705 3.67431 -0.1737</i>
                        <i>1 -0.000757381 0.000322374 0.000776654 0.997904 -0.0647067 -0.000272652 0.064707 0.997904 -0.665453 3.74871 -0.131053</i>
                        <i>1 0.000613888 0.000226277 -0.00060626 0.999478 -0.0322907 -0.000245993 0.0322905 0.999478 -0.667647 3.82218 -0.0853465</i>
                        <i>0.999998 0.00172991 5.53886e-005 -0.00172988 0.999998 -0.000547789 -5.63253e-005 0.000547692 1 -0.669582 3.87816 -0.0438915</i>
                        <i>0.999998 0.00219119 -3.60357e-005 -0.00218969 0.999708 0.0240847 8.87755e-005 -0.0240846 0.99971 -0.670429 3.90042 -0.0142786</i>
                        <i>0.999998 0.00196112 -3.48429e-005 -0.00195773 0.999045 0.0436605 0.000120451 -0.0436603 0.999046 -0.670103 3.89444 0.00900851</i>
                        <i>0.999999 0.00135465 -3.55312e-005 -0.00134976 0.998036 0.0626274 0.000120311 -0.0626273 0.998037 -0.6692 3.87828 0.0353759</i>
                        <i>1 0.00049741 -4.59718e-005 -0.000492297 0.99694 0.0781655 8.46875e-005 -0.0781655 0.99694 -0.667909 3.85465 0.063073</i>
                        <i>1 -0.000484924 -7.1415e-005 0.000489312 0.996167 0.0874693 2.8728e-005 -0.0874693 0.996167 -0.66642 3.82624 0.0903414</i>
                        <i>0.999999 -0.0014668 -0.000111294 0.00147083 0.995783 0.0917306 -2.37244e-005 -0.0917307 0.995784 -0.664921 3.79578 0.115406</i>
                        <i>0.999997 -0.00232289 -0.000157895 0.00232747 0.995599 0.093687 -6.04558e-005 -0.0936871 0.995602 -0.663597 3.76601 0.136471</i>
                        <i>0.999996 -0.00292814 -0.000197466 0.00293382 0.995675 0.0928575 -7.52833e-005 -0.0928577 0.995679 -0.662634 3.73969 0.151726</i>
                        <i>0.999995 -0.00315765 -0.000213916 0.00316417 0.996048 0.0887591 -6.72373e-005 -0.0887593 0.996053 -0.662214 3.71958 0.15935</i>
                        <i>0.999995 -0.00309608 -0.00019005 0.00310129 0.996704 0.0810609 -6.15521e-005 -0.0810611 0.996709 -0.662172 3.70255 0.157747</i>
                        <i>0.999996 -0.00292563 -0.000128218 0.00292741 0.997529 0.0701888 -7.74371e-005 -0.0701889 0.997534 -0.662214 3.68395 0.147589</i>
                        <i>0.999996 -0.00266758 -4.6231e-005 0.0026659 0.998382 0.0567946 -0.000105307 -0.0567945 0.998386 -0.662332 3.66435 0.130478</i>
                        <i>0.999997 -0.00234329 3.71336e-005 0.00233972 0.999134 0.0415326 -0.000134368 -0.0415324 0.999137 -0.662522 3.64428 0.108018</i>
                        <i>0.999998 -0.00197436 0.000105542 0.0019711 0.999684 0.0250613 -0.000154911 -0.025061 0.999686 -0.662775 3.62428 0.0818073</i>
                        <i>0.999999 -0.00158276 0.000147656 0.00158152 0.999966 0.00804237 -0.00016036 -0.00804212 0.999968 -0.663081 3.60493 0.0534275</i>
                        <i>0.999999 -0.00119067 0.000158547 0.00119203 0.99996 -0.00886046 -0.000147931 0.00886064 0.999961 -0.663421 3.58681 0.024442</i>
                        <i>1 -0.000820406 0.00014011 0.000823652 0.999687 -0.0249834 -0.000119578 0.0249835 0.999688 -0.663774 3.57054 -0.00360807</i>
                        <i>1 -0.000494217 0.000100852 0.000497828 0.999213 -0.0396641 -8.11582e-005 0.0396642 0.999213 -0.664109 3.55675 -0.0292022</i>
                        <i>1 -0.00023418 5.40084e-005 0.000236682 0.998634 -0.0522435 -4.16964e-005 0.0522435 0.998634 -0.664392 3.54609 -0.0508361</i>
                        <i>1 -6.21793e-005 1.54257e-005 6.30176e-005 0.998072 -0.0620652 -1.1545e-005 0.0620652 0.998072 -0.664587 3.53921 -0.0670146</i>
                        <i>1 5.91459e-011 1.55899e-008 -3.67922e-010 0.997653 -0.0684755 -1.33339e-008 0.0684755 0.997653 -0.664658 3.53678 -0.0762393</i>
                        <i>1 5.37188e-009 5.40627e-007 3.28211e-008 0.997395 -0.0721368 -5.56331e-007 0.0721368 0.997395 -0.664705 3.5379 -0.0800778</i>
                        <i>1 1.99739e-008 2.03617e-006 1.31269e-007 0.997255 -0.0740413 -2.05506e-006 0.0740413 0.997255 -0.66484 3.54107 -0.0813492</i>
                        <i>1 4.00776e-008 4.23186e-006 2.76076e-007 0.997238 -0.0742776 -4.27149e-006 0.0742776 0.997238 -0.665044 3.54605 -0.080422</i>
                        <i>1 6.16455e-008 6.83152e-006 4.39418e-007 0.997321 -0.0731433 -6.84702e-006 0.0731433 0.997321 -0.665298 3.55257 -0.0776644</i>
                        <i>1 8.1447e-008 9.52701e-006 5.9094e-007 0.997491 -0.0707931 -9.46964e-006 0.0707931 0.997491 -0.665583 3.56038 -0.0734448</i>
                        <i>1 9.61888e-008 1.19109e-005 7.08314e-007 0.997727 -0.0673814 -1.19033e-005 0.0673814 0.997727 -0.665882 3.56921 -0.0681315</i>
                        <i>1 1.04383e-007 1.38539e-005 7.69551e-007 0.99801 -0.0630625 -1.3827e-005 0.0630626 0.99801 -0.666175 3.57882 -0.062093</i>
                        <i>1 1.0466e-007 1.50977e-005 7.70197e-007 0.998317 -0.0579911 -1.5062e-005 0.0579911 0.998317 -0.666444 3.58893 -0.0556981</i>
                        <i>1 9.86351e-008 1.55248e-005 7.15292e-007 0.99863 -0.0523215 -1.55324e-005 0.0523215 0.99863 -0.66667 3.5993 -0.0493156</i>
                        <i>1 8.71277e-008 1.51113e-005 6.10416e-007 0.998932 -0.0462088 -1.50826e-005 0.0462088 0.998932 -0.666834 3.60967 -0.0433148</i>
                        <i>1 7.20966e-008 1.3875e-005 4.79234e-007 0.999207 -0.039808 -1.384e-005 0.039808 0.999207 -0.666934 3.61977 -0.0365033</i>
                        <i>1 5.55268e-008 1.19192e-005 3.40408e-007 0.999446 -0.0332744 -1.19002e-005 0.0332744 0.999446 -0.666988 3.62936 -0.0279807</i>
                        <i>1 3.95211e-008 9.49607e-006 2.14493e-007 0.999642 -0.0267636 -9.48898e-006 0.0267636 0.999642 -0.667007 3.63818 -0.018554</i>
                        <i>1 2.54866e-008 6.85793e-006 1.13795e-007 0.999791 -0.0204313 -6.81007e-006 0.0204313 0.999791 -0.667 3.64597 -0.00903043</i>
                        <i>1 1.4283e-008 4.25117e-006 4.69969e-008 0.999896 -0.014433 -4.24921e-006 0.014433 0.999896 -0.666977 3.65247 -0.000217716</i>
                        <i>1 6.30041e-009 2.07304e-006 1.20517e-008 0.99996 -0.00892467 -2.06237e-006 0.00892467 0.99996 -0.666948 3.65744 0.0070767</i>
                        <i>1 1.58551e-009 5.61965e-007 7.17972e-010 0.999992 -0.00406179 -5.66399e-007 0.00406179 0.999992 -0.666924 3.6606 0.0120454</i>
                        <i>1 0 0 0 1 0 0 0 1 -0.666914 3.66171 0.013881</i>
                    </KeyFrames>
                </p>
            </i>
            <i>
                <p>
                    <Name><![CDATA[pitch]]></Name>
                    <Exclude>0</Exclude>
                    <Additive>1</Additive>
                    <IKPriority>0</IKPriority>
                    <IKRotLimits>-1e+010 -1e+010 -1e+010 1e+010 1e+010 1e+010</IKRotLimits>
                    <IKRotLimitOrder>0</IKRotLimitOrder>
                    <KeyFrames count="49">
                        <i>1 0 0 0 0.999391 -0.0348995 0 0.0348995 0.999391 -0.666914 5.28798 0.0346778</i>
                        <i>0.999994 0.00336134 4.99957e-005 -0.00335191 0.998104 -0.0614556 -0.000256447 0.0614551 0.99811 -0.677311 5.26715 -0.0770452</i>
                        <i>0.999997 0.00239335 6.29956e-005 -0.00237665 0.995509 -0.0946368 -0.000289177 0.0946364 0.995512 -0.674217 5.24171 -0.211132</i>
                        <i>1 -0.000382052 4.62722e-006 0.00037965 0.992205 -0.124614 4.30136e-005 0.124614 0.992205 -0.665737 5.21933 -0.324808</i>
                        <i>0.999997 -0.00243695 -7.61841e-006 0.00241128 0.989911 -0.141672 0.000352848 0.141672 0.989914 -0.659486 5.21022 -0.376095</i>
                        <i>0.999996 -0.0026826 0.000113102 0.00267172 0.989989 -0.141116 0.000266605 0.141116 0.989993 -0.658551 5.23521 -0.358908</i>
                        <i>0.999998 -0.00198844 0.000269197 0.00200651 0.992019 -0.126076 -1.63191e-005 0.126076 0.992021 -0.660446 5.29566 -0.301595</i>
                        <i>1 -0.000757381 0.000322374 0.000785696 0.995038 -0.0994937 -0.000245382 0.0994939 0.995038 -0.664195 5.37291 -0.21553</i>
                        <i>1 0.000613888 0.000226277 -0.000597306 0.997743 -0.0671523 -0.000267002 0.0671522 0.997743 -0.668638 5.44827 -0.117074</i>
                        <i>0.999998 0.00172991 5.53886e-005 -0.00172686 0.99937 -0.0354469 -0.000116663 0.0354468 0.999372 -0.672397 5.50443 -0.0239855</i>
                        <i>0.999998 0.00219119 -3.60357e-005 -0.00219146 0.999939 -0.0108193 1.23024e-005 0.0108194 0.999941 -0.673988 5.52571 0.0456803</i>
                        <i>0.999998 0.00196112 -3.48429e-005 -0.00196074 0.99996 0.00876767 5.20536e-005 -0.00876759 0.999962 -0.673285 5.51824 0.100789</i>
                        <i>0.999999 0.00135465 -3.55312e-005 -0.00135314 0.999614 0.0277583 7.31321e-005 -0.0277582 0.999615 -0.671393 5.50005 0.157981</i>
                        <i>1 0.00049741 -4.59718e-005 -0.000494952 0.999061 0.0433252 6.7455e-005 -0.0433252 0.999061 -0.668708 5.47431 0.210924</i>
                        <i>1 -0.000484924 -7.1415e-005 0.000488011 0.998613 0.0526503 4.57872e-005 -0.0526503 0.998613 -0.665624 5.44445 0.253307</i>
                        <i>0.999999 -0.0014668 -0.000111294 0.00147076 0.998378 0.0569224 2.76212e-005 -0.0569225 0.998379 -0.662529 5.41328 0.285293</i>
                        <i>0.999997 -0.00232289 -0.000157895 0.00232816 0.998262 0.058884 2.08085e-005 -0.0588842 0.998265 -0.659814 5.38317 0.309536</i>
                        <i>0.999996 -0.00292814 -0.000197466 0.00293466 0.998309 0.0580522 2.71515e-005 -0.0580526 0.998314 -0.657864 5.35698 0.323443</i>
                        <i>0.999995 -0.00315765 -0.000213916 0.00316459 0.998539 0.0539433 4.32316e-005 -0.0539437 0.998544 -0.657069 5.33757 0.32441</i>
                        <i>0.999995 -0.00309608 -0.00019005 0.00310155 0.998926 0.0462268 4.6719e-005 -0.0462272 0.998931 -0.65713 5.32176 0.310301</i>
                        <i>0.999996 -0.00292563 -0.000128218 0.00292833 0.999371 0.0353327 2.47753e-005 -0.0353329 0.999376 -0.657455 5.30474 0.28248</i>
                        <i>0.999996 -0.00266758 -4.6231e-005 0.00266795 0.999756 0.0219168 -1.22043e-005 -0.0219168 0.99976 -0.657999 5.2868 0.243604</i>
                        <i>0.999997 -0.00234329 3.71336e-005 0.00234299 0.999975 0.0066379 -5.26314e-005 -0.00663779 0.999978 -0.65872 5.26827 0.19634</i>
                        <i>0.999998 -0.00197436 0.000105542 0.00197531 0.99995 -0.0098425 -8.60263e-005 0.00984269 0.999952 -0.659573 5.24951 0.143354</i>
                        <i>0.999999 -0.00158276 0.000147656 0.00158615 0.999638 -0.0268609 -0.000105069 0.0268611 0.999639 -0.660512 5.23097 0.0873026</i>
                        <i>0.999999 -0.00119067 0.000158547 0.00119647 0.999042 -0.0437532 -0.00010624 0.0437533 0.999042 -0.661486 5.21319 0.0308286</i>
                        <i>1 -0.000820406 0.00014011 0.000827324 0.998207 -0.0598568 -9.07596e-005 0.0598569 0.998207 -0.662437 5.19681 -0.0234473</i>
                        <i>1 -0.000494217 0.000100852 0.000500357 0.99722 -0.074512 -6.37349e-005 0.074512 0.99722 -0.663301 5.18256 -0.0729261</i>
                        <i>1 -0.00023418 5.40084e-005 0.000237993 0.996203 -0.0870635 -3.34109e-005 0.0870635 0.996203 -0.664008 5.17122 -0.115029</i>
                        <i>1 -6.21793e-005 1.54257e-005 6.33822e-005 0.995298 -0.0968596 -9.33864e-006 0.0968596 0.995298 -0.664485 5.16363 -0.147192</i>
                        <i>1 5.91459e-011 1.55899e-008 9.76482e-011 0.994655 -0.103251 -1.33386e-008 0.103251 0.994655 -0.664658 5.16065 -0.16685</i>
                        <i>1 5.37188e-009 5.40627e-007 5.22167e-008 0.99427 -0.106901 -5.54847e-007 0.106901 0.99427 -0.664705 5.16142 -0.176648</i>
                        <i>1 1.99739e-008 2.03617e-006 2.0291e-007 0.994064 -0.1088 -2.04923e-006 0.1088 0.994064 -0.66484 5.16441 -0.18102</i>
                        <i>1 4.00776e-008 4.23186e-006 4.24981e-007 0.994038 -0.109035 -4.25925e-006 0.109035 0.994038 -0.665043 5.16936 -0.180477</i>
                        <i>1 6.16455e-008 6.83152e-006 6.78109e-007 0.994161 -0.107905 -6.82752e-006 0.107905 0.994161 -0.665297 5.176 -0.175874</i>
                        <i>1 8.1447e-008 9.52701e-006 9.21066e-007 0.994413 -0.105562 -9.44325e-006 0.105562 0.994413 -0.665583 5.18403 -0.167828</i>
                        <i>1 9.61888e-008 1.19109e-005 1.1233e-006 0.994768 -0.102161 -1.18714e-005 0.102161 0.994768 -0.665881 5.19318 -0.156962</i>
                        <i>1 1.04383e-007 1.38539e-005 1.25164e-006 0.995201 -0.0978542 -1.37917e-005 0.0978542 0.995201 -0.666174 5.20315 -0.143894</i>
                        <i>1 1.0466e-007 1.50977e-005 1.29538e-006 0.995685 -0.0927965 -1.50259e-005 0.0927965 0.995685 -0.666443 5.21366 -0.129245</i>
                        <i>1 9.86351e-008 1.55248e-005 1.25693e-006 0.996196 -0.0871413 -1.5498e-005 0.0871413 0.996196 -0.666669 5.22442 -0.113636</i>
                        <i>1 8.71277e-008 1.51113e-005 1.13642e-006 0.996711 -0.0810428 -1.50521e-005 0.0810428 0.996711 -0.666833 5.23515 -0.0976878</i>
                        <i>1 7.20966e-008 1.3875e-005 9.61951e-007 0.997209 -0.0746556 -1.38149e-005 0.0746556 0.997209 -0.666933 5.24558 -0.0804611</i>
                        <i>1 5.55268e-008 1.19192e-005 7.5551e-007 0.997676 -0.0681343 -1.1881e-005 0.0681343 0.997676 -0.666988 5.25542 -0.0613083</i>
                        <i>1 3.95211e-008 9.49607e-006 5.45523e-007 0.998099 -0.0616343 -9.47571e-006 0.0616343 0.998099 -0.667007 5.26442 -0.0412893</i>
                        <i>1 2.54866e-008 6.85793e-006 3.51393e-007 0.998469 -0.055311 -6.80195e-006 0.055311 0.998469 -0.667 5.27232 -0.0214646</i>
                        <i>1 1.4283e-008 4.25117e-006 1.95263e-007 0.998783 -0.0493201 -4.24498e-006 0.0493201 0.998783 -0.666977 5.27887 -0.00289499</i>
                        <i>1 6.30041e-009 2.07304e-006 8.40201e-008 0.99904 -0.0438173 -2.0607e-006 0.0438173 0.99904 -0.666948 5.28382 0.0133588</i>
                        <i>1 1.58551e-009 5.61965e-007 2.04846e-008 0.999241 -0.0389585 -5.66029e-007 0.0389585 0.999241 -0.666924 5.28693 0.0262365</i>
                        <i>1 0 0 0 0.999391 -0.0348995 0 0.0348995 0.999391 -0.666914 5.28798 0.0346778</i>
                    </KeyFrames>
                </p>
            </i>
            <i>
                <p>
                    <Name><![CDATA[ant_01]]></Name>
                    <Exclude>0</Exclude>
                    <Additive>1</Additive>
                    <IKPriority>0</IKPriority>
                    <IKRotLimits>-1e+010 -1e+010 -1e+010 1e+010 1e+010 1e+010</IKRotLimits>
                    <IKRotLimitOrder>0</IKRotLimitOrder>
                    <KeyFrames count="49">
                        <i>-1 7.48699e-006 1.18797e-006 1.24597e-006 0.00775171 0.99997 7.47756e-006 0.99997 -0.00775171 -1.37328 6.03458 -1.04594</i>
                        <i>-0.999447 -0.033257 0.000747574 0.012308 -0.348816 0.93711 -0.0309047 0.936601 0.349032 -1.38603 5.98239 -1.17716</i>
                        <i>-0.994744 -0.102219 0.00592572 0.0537284 -0.47184 0.880046 -0.0871616 0.875739 0.474852 -1.38214 5.92063 -1.33453</i>
                        <i>-0.983556 -0.178376 0.0282758 0.0433923 -0.0814211 0.995735 -0.175313 0.980588 0.0878223 -1.37185 5.86602 -1.46818</i>
                        <i>-0.970166 -0.234828 0.0602843 -0.061531 0.479004 0.875654 -0.234504 0.84582 -0.479162 -1.36433 5.83859 -1.53041</i>
                        <i>-0.965809 -0.248565 0.073676 -0.15126 0.771063 0.618532 -0.210554 0.58624 -0.782298 -1.3631 5.86439 -1.51296</i>
                        <i>-0.996825 -0.062005 0.0499488 -0.0103024 0.722503 0.691291 -0.0789517 0.688581 -0.720848 -1.36522 5.9418 -1.4461</i>
                        <i>-0.991767 0.124785 0.0287522 0.0830756 0.456112 0.886036 0.0974502 0.88113 -0.462724 -1.36969 6.04856 -1.34242</i>
                        <i>-0.994499 0.102874 0.0197373 0.033711 0.135921 0.990146 0.0991777 0.985364 -0.138641 -1.37519 6.15915 -1.22139</i>
                        <i>-0.999381 0.0343764 0.00745725 -0.000296538 -0.220224 0.975449 0.0351747 0.974843 0.220098 -1.37999 6.24922 -1.10505</i>
                        <i>-0.998661 -0.0517115 -0.00115585 0.018978 -0.387112 0.921837 -0.048117 0.920582 0.387575 -1.38209 6.29657 -1.01661</i>
                        <i>-0.991928 -0.126688 -0.00541582 0.0392185 -0.347125 0.936999 -0.120586 0.929223 0.349291 -1.38124 6.30992 -0.946175</i>
                        <i>-0.986694 -0.162276 -0.0100632 0.0270962 -0.225151 0.973947 -0.160314 0.960715 0.226553 -1.3789 6.3119 -0.873731</i>
                        <i>-0.989205 -0.146095 -0.0113702 -0.00351918 -0.0538858 0.998541 -0.146495 0.987802 0.05279 -1.37553 6.30274 -0.807994</i>
                        <i>-0.995227 -0.097218 -0.00850765 -0.0211315 0.129571 0.991345 -0.0952743 0.986793 -0.131007 -1.37166 6.28306 -0.757812</i>
                        <i>-0.999372 -0.0352753 -0.00327371 -0.012944 0.277562 0.960621 -0.0329776 0.96006 -0.277844 -1.36777 6.25689 -0.722201</i>
                        <i>-0.999804 0.0196977 0.00179239 0.00849743 0.345936 0.93822 0.0178607 0.938051 -0.346036 -1.36438 6.22936 -0.696268</i>
                        <i>-0.998857 0.0475942 0.00436271 0.0193988 0.320304 0.947116 0.0436799 0.946118 -0.320861 -1.36196 6.20277 -0.683036</i>
                        <i>-0.99859 0.0528791 0.00464449 0.0166277 0.228509 0.9734 0.0504112 0.972105 -0.229066 -1.361 6.17937 -0.685521</i>
                        <i>-0.99854 0.0538416 0.00431721 0.00966576 0.0994783 0.994993 0.0531425 0.993582 -0.0998534 -1.36111 6.15569 -0.706104</i>
                        <i>-0.998679 0.0512655 0.00352985 0.00176951 -0.0343428 0.999409 0.0513565 0.998094 0.0342067 -1.36155 6.12741 -0.742977</i>
                        <i>-0.998949 0.0457696 0.00249865 -0.00388586 -0.138875 0.990302 0.0456727 0.989252 0.138907 -1.36226 6.09546 -0.792831</i>
                        <i>-0.999278 0.0379758 0.00144461 -0.00549838 -0.182087 0.983267 0.0376034 0.982549 0.182164 -1.36319 6.06076 -0.852361</i>
                        <i>-0.999593 0.0285197 0.000355594 -0.00438255 -0.165903 0.986132 0.0281832 0.98573 0.165961 -1.3643 6.02435 -0.918286</i>
                        <i>-0.999837 0.018031 -0.000761153 -0.00289946 -0.118865 0.992906 0.0178126 0.992747 0.118898 -1.36553 5.98736 -0.987378</i>
                        <i>-0.999973 0.00713947 -0.00172585 -0.00208429 -0.0505157 0.998721 0.00704316 0.998698 0.0505292 -1.3668 5.95103 -1.05647</i>
                        <i>-0.999991 -0.00351327 -0.00243376 -0.00253507 0.029122 0.999573 -0.00344089 0.99957 -0.0291306 -1.36806 5.91677 -1.12248</i>
                        <i>-0.999908 -0.0132781 -0.00285318 -0.00429148 0.109588 0.993968 -0.0128853 0.993888 -0.109635 -1.36921 5.88606 -1.18238</i>
