<?xml version="1.0" encoding="ISO-8859-1" ?>
<Animl Version="1">
    <ModellingPackage>
        <![CDATA[Maya.2010]]>
</ModellingPackage>
    <SrcFile>
        <![CDATA[anims\turrets\antiair\blue\~src\aa_chaparral\aa_chaparral_idle_ai.mb]]>
</SrcFile>
    <FramesPerSecond>30</FramesPerSecond>
    <TotalFrames>97</TotalFrames>
    <Skeleton>
        <RefFrame>
            <Name>
                <![CDATA[aa_chaparral_ref_frame]]>
</Name>
            <Exclude>0</Exclude>
            <Additive>0</Additive>
            <IKPriority>0</IKPriority>
            <IKRotLimits>-1e+010 -1e+010 -1e+010 1e+010 1e+010 1e+010</IKRotLimits>
            <IKRotLimitOrder>0</IKRotLimitOrder>
            <KeyFrames count="97">
                <i>1 0 0 0 1 0 0 0 1 0 1.28854 1.11182</i>
                <i>1 0 0 0 1 0 0 0 1 0 1.28854 1.11182</i>
                <i>1 0 0 0 1 0 0 0 1 0 1.28854 1.11182</i>
                <i>1 0 0 0 1 0 0 0 1 0 1.28854 1.11182</i>
                <i>1 0 0 0 1 0 0 0 1 0 1.28854 1.11182</i>
                <i>1 0 0 0 1 0 0 0 1 0 1.28854 1.11182</i>
                <i>1 0 0 0 1 0 0 0 1 0 1.28854 1.11182</i>
                <i>1 0 0 0 1 0 0 0 1 0 1.28854 1.11182</i>
                <i>1 0 0 0 1 0 0 0 1 0 1.28854 1.11182</i>
                <i>1 0 0 0 1 0 0 0 1 0 1.28854 1.11182</i>
                <i>1 0 0 0 1 0 0 0 1 0 1.28854 1.11182</i>
                <i>1 0 0 0 1 0 0 0 1 0 1.28854 1.11182</i>
                <i>1 0 0 0 1 0 0 0 1 0 1.28854 1.11182</i>
                <i>1 0 0 0 1 0 0 0 1 0 1.28854 1.11182</i>
                <i>1 0 0 0 1 0 0 0 1 0 1.28854 1.11182</i>
                <i>1 0 0 0 1 0 0 0 1 0 1.28854 1.11182</i>
                <i>1 0 0 0 1 0 0 0 1 0 1.28854 1.11182</i>
                <i>1 0 0 0 1 0 0 0 1 0 1.28854 1.11182</i>
                <i>1 0 0 0 1 0 0 0 1 0 1.28854 1.11182</i>
                <i>1 0 0 0 1 0 0 0 1 0 1.28854 1.11182</i>
                <i>1 0 0 0 1 0 0 0 1 0 1.28854 1.11182</i>
                <i>1 0 0 0 1 0 0 0 1 0 1.28854 1.11182</i>
                <i>1 0 0 0 1 0 0 0 1 0 1.28854 1.11182</i>
                <i>1 0 0 0 1 0 0 0 1 0 1.28854 1.11182</i>
                <i>1 0 0 0 1 0 0 0 1 0 1.28854 1.11182</i>
                <i>1 0 0 0 1 0 0 0 1 0 1.28854 1.11182</i>
                <i>1 0 0 0 1 0 0 0 1 0 1.28854 1.11182</i>
                <i>1 0 0 0 1 0 0 0 1 0 1.28854 1.11182</i>
                <i>1 0 0 0 1 0 0 0 1 0 1.28854 1.11182</i>
                <i>1 0 0 0 1 0 0 0 1 0 1.28854 1.11182</i>
                <i>1 0 0 0 1 0 0 0 1 0 1.28854 1.11182</i>
                <i>1 0 0 0 1 0 0 0 1 0 1.28854 1.11182</i>
                <i>1 0 0 0 1 0 0 0 1 0 1.28854 1.11182</i>
                <i>1 0 0 0 1 0 0 0 1 0 1.28854 1.11182</i>
                <i>1 0 0 0 1 0 0 0 1 0 1.28854 1.11182</i>
                <i>1 0 0 0 1 0 0 0 1 0 1.28854 1.11182</i>
                <i>1 0 0 0 1 0 0 0 1 0 1.28854 1.11182</i>
                <i>1 0 0 0 1 0 0 0 1 0 1.28854 1.11182</i>
                <i>1 0 0 0 1 0 0 0 1 0 1.28854 1.11182</i>
                <i>1 0 0 0 1 0 0 0 1 0 1.28854 1.11182</i>
                <i>1 0 0 0 1 0 0 0 1 0 1.28854 1.11182</i>
                <i>1 0 0 0 1 0 0 0 1 0 1.28854 1.11182</i>
                <i>1 0 0 0 1 0 0 0 1 0 1.28854 1.11182</i>
                <i>1 0 0 0 1 0 0 0 1 0 1.28854 1.11182</i>
                <i>1 0 0 0 1 0 0 0 1 0 1.28854 1.11182</i>
                <i>1 0 0 0 1 0 0 0 1 0 1.28854 1.11182</i>
                <i>1 0 0 0 1 0 0 0 1 0 1.28854 1.11182</i>
                <i>1 0 0 0 1 0 0 0 1 0 1.28854 1.11182</i>
                <i>1 0 0 0 1 0 0 0 1 0 1.28854 1.11182</i>
                <i>1 0 0 0 1 0 0 0 1 0 1.28854 1.11182</i>
                <i>1 0 0 0 1 0 0 0 1 0 1.28854 1.11182</i>
                <i>1 0 0 0 1 0 0 0 1 0 1.28854 1.11182</i>
                <i>1 0 0 0 1 0 0 0 1 0 1.28854 1.11182</i>
                <i>1 0 0 0 1 0 0 0 1 0 1.28854 1.11182</i>
                <i>1 0 0 0 1 0 0 0 1 0 1.28854 1.11182</i>
                <i>1 0 0 0 1 0 0 0 1 0 1.28854 1.11182</i>
                <i>1 0 0 0 1 0 0 0 1 0 1.28854 1.11182</i>
                <i>1 0 0 0 1 0 0 0 1 0 1.28854 1.11182</i>
                <i>1 0 0 0 1 0 0 0 1 0 1.28854 1.11182</i>
                <i>1 0 0 0 1 0 0 0 1 0 1.28854 1.11182</i>
                <i>1 0 0 0 1 0 0 0 1 0 1.28854 1.11182</i>
                <i>1 0 0 0 1 0 0 0 1 0 1.28854 1.11182</i>
                <i>1 0 0 0 1 0 0 0 1 0 1.28854 1.11182</i>
                <i>1 0 0 0 1 0 0 0 1 0 1.28854 1.11182</i>
                <i>1 0 0 0 1 0 0 0 1 0 1.28854 1.11182</i>
                <i>1 0 0 0 1 0 0 0 1 0 1.28854 1.11182</i>
                <i>1 0 0 0 1 0 0 0 1 0 1.28854 1.11182</i>
                <i>1 0 0 0 1 0 0 0 1 0 1.28854 1.11182</i>
                <i>1 0 0 0 1 0 0 0 1 0 1.28854 1.11182</i>
                <i>1 0 0 0 1 0 0 0 1 0 1.28854 1.11182</i>
                <i>1 0 0 0 1 0 0 0 1 0 1.28854 1.11182</i>
                <i>1 0 0 0 1 0 0 0 1 0 1.28854 1.11182</i>
                <i>1 0 0 0 1 0 0 0 1 0 1.28854 1.11182</i>
                <i>1 0 0 0 1 0 0 0 1 0 1.28854 1.11182</i>
                <i>1 0 0 0 1 0 0 0 1 0 1.28854 1.11182</i>
                <i>1 0 0 0 1 0 0 0 1 0 1.28854 1.11182</i>
                <i>1 0 0 0 1 0 0 0 1 0 1.28854 1.11182</i>
                <i>1 0 0 0 1 0 0 0 1 0 1.28854 1.11182</i>
                <i>1 0 0 0 1 0 0 0 1 0 1.28854 1.11182</i>
                <i>1 0 0 0 1 0 0 0 1 0 1.28854 1.11182</i>
                <i>1 0 0 0 1 0 0 0 1 0 1.28854 1.11182</i>
                <i>1 0 0 0 1 0 0 0 1 0 1.28854 1.11182</i>
                <i>1 0 0 0 1 0 0 0 1 0 1.28854 1.11182</i>
                <i>1 0 0 0 1 0 0 0 1 0 1.28854 1.11182</i>
                <i>1 0 0 0 1 0 0 0 1 0 1.28854 1.11182</i>
                <i>1 0 0 0 1 0 0 0 1 0 1.28854 1.11182</i>
                <i>1 0 0 0 1 0 0 0 1 0 1.28854 1.11182</i>
                <i>1 0 0 0 1 0 0 0 1 0 1.28854 1.11182</i>
                <i>1 0 0 0 1 0 0 0 1 0 1.28854 1.11182</i>
                <i>1 0 0 0 1 0 0 0 1 0 1.28854 1.11182</i>
                <i>1 0 0 0 1 0 0 0 1 0 1.28854 1.11182</i>
                <i>1 0 0 0 1 0 0 0 1 0 1.28854 1.11182</i>
                <i>1 0 0 0 1 0 0 0 1 0 1.28854 1.11182</i>
                <i>1 0 0 0 1 0 0 0 1 0 1.28854 1.11182</i>
                <i>1 0 0 0 1 0 0 0 1 0 1.28854 1.11182</i>
                <i>1 0 0 0 1 0 0 0 1 0 1.28854 1.11182</i>
                <i>1 0 0 0 1 0 0 0 1 0 1.28854 1.11182</i>
            </KeyFrames>
        </RefFrame>
        <Bones count="35">
            <i>
                <p>
                    <Name>
                        <![CDATA[aa_chaparral_root]]>
</Name>
                    <Exclude>0</Exclude>
                    <Additive>0</Additive>
                    <IKPriority>0</IKPriority>
                    <IKRotLimits>-1e+010 -1e+010 -1e+010 1e+010 1e+010 1e+010</IKRotLimits>
                    <IKRotLimitOrder>0</IKRotLimitOrder>
                    <KeyFrames count="97">
                        <i>1 0 0 0 1 0 0 0 1 0 1.28854 1.11182</i>
                        <i>1 0 0 0 1 0 0 0 1 0 1.28854 1.11182</i>
                        <i>1 0 0 0 1 0 0 0 1 0 1.28854 1.11182</i>
                        <i>1 0 0 0 1 0 0 0 1 0 1.28854 1.11182</i>
                        <i>1 0 0 0 1 0 0 0 1 0 1.28854 1.11182</i>
                        <i>1 0 0 0 1 0 0 0 1 0 1.28854 1.11182</i>
                        <i>1 0 0 0 1 0 0 0 1 0 1.28854 1.11182</i>
                        <i>1 0 0 0 1 0 0 0 1 0 1.28854 1.11182</i>
                        <i>1 0 0 0 1 0 0 0 1 0 1.28854 1.11182</i>
                        <i>1 0 0 0 1 0 0 0 1 0 1.28854 1.11182</i>
                        <i>1 0 0 0 1 0 0 0 1 0 1.28854 1.11182</i>
                        <i>1 0 0 0 1 0 0 0 1 0 1.28854 1.11182</i>
                        <i>1 0 0 0 1 0 0 0 1 0 1.28854 1.11182</i>
                        <i>1 0 0 0 1 0 0 0 1 0 1.28854 1.11182</i>
                        <i>1 0 0 0 1 0 0 0 1 0 1.28854 1.11182</i>
                        <i>1 0 0 0 1 0 0 0 1 0 1.28854 1.11182</i>
                        <i>1 0 0 0 1 0 0 0 1 0 1.28854 1.11182</i>
                        <i>1 0 0 0 1 0 0 0 1 0 1.28854 1.11182</i>
                        <i>1 0 0 0 1 0 0 0 1 0 1.28854 1.11182</i>
                        <i>1 0 0 0 1 0 0 0 1 0 1.28854 1.11182</i>
                        <i>1 0 0 0 1 0 0 0 1 0 1.28854 1.11182</i>
                        <i>1 0 0 0 1 0 0 0 1 0 1.28854 1.11182</i>
                        <i>1 0 0 0 1 0 0 0 1 0 1.28854 1.11182</i>
                        <i>1 0 0 0 1 0 0 0 1 0 1.28854 1.11182</i>
                        <i>1 0 0 0 1 0 0 0 1 0 1.28854 1.11182</i>
                        <i>1 0 0 0 1 0 0 0 1 0 1.28854 1.11182</i>
                        <i>1 0 0 0 1 0 0 0 1 0 1.28854 1.11182</i>
                        <i>1 0 0 0 1 0 0 0 1 0 1.28854 1.11182</i>
                        <i>1 0 0 0 1 0 0 0 1 0 1.28854 1.11182</i>
                        <i>1 0 0 0 1 0 0 0 1 0 1.28854 1.11182</i>
                        <i>1 0 0 0 1 0 0 0 1 0 1.28854 1.11182</i>
                        <i>1 0 0 0 1 0 0 0 1 0 1.28854 1.11182</i>
                        <i>1 0 0 0 1 0 0 0 1 0 1.28854 1.11182</i>
                        <i>1 0 0 0 1 0 0 0 1 0 1.28854 1.11182</i>
                        <i>1 0 0 0 1 0 0 0 1 0 1.28854 1.11182</i>
                        <i>1 0 0 0 1 0 0 0 1 0 1.28854 1.11182</i>
                        <i>1 0 0 0 1 0 0 0 1 0 1.28854 1.11182</i>
                        <i>1 0 0 0 1 0 0 0 1 0 1.28854 1.11182</i>
                        <i>1 0 0 0 1 0 0 0 1 0 1.28854 1.11182</i>
                        <i>1 0 0 0 1 0 0 0 1 0 1.28854 1.11182</i>
                        <i>1 0 0 0 1 0 0 0 1 0 1.28854 1.11182</i>
                        <i>1 0 0 0 1 0 0 0 1 0 1.28854 1.11182</i>
                        <i>1 0 0 0 1 0 0 0 1 0 1.28854 1.11182</i>
                        <i>1 0 0 0 1 0 0 0 1 0 1.28854 1.11182</i>
                        <i>1 0 0 0 1 0 0 0 1 0 1.28854 1.11182</i>
                        <i>1 0 0 0 1 0 0 0 1 0 1.28854 1.11182</i>
                        <i>1 0 0 0 1 0 0 0 1 0 1.28854 1.11182</i>
                        <i>1 0 0 0 1 0 0 0 1 0 1.28854 1.11182</i>
                        <i>1 0 0 0 1 0 0 0 1 0 1.28854 1.11182</i>
                        <i>1 0 0 0 1 0 0 0 1 0 1.28854 1.11182</i>
                        <i>1 0 0 0 1 0 0 0 1 0 1.28854 1.11182</i>
                        <i>1 0 0 0 1 0 0 0 1 0 1.28854 1.11182</i>
                        <i>1 0 0 0 1 0 0 0 1 0 1.28854 1.11182</i>
                        <i>1 0 0 0 1 0 0 0 1 0 1.28854 1.11182</i>
                        <i>1 0 0 0 1 0 0 0 1 0 1.28854 1.11182</i>
                        <i>1 0 0 0 1 0 0 0 1 0 1.28854 1.11182</i>
                        <i>1 0 0 0 1 0 0 0 1 0 1.28854 1.11182</i>
                        <i>1 0 0 0 1 0 0 0 1 0 1.28854 1.11182</i>
                        <i>1 0 0 0 1 0 0 0 1 0 1.28854 1.11182</i>
                        <i>1 0 0 0 1 0 0 0 1 0 1.28854 1.11182</i>
                        <i>1 0 0 0 1 0 0 0 1 0 1.28854 1.11182</i>
                        <i>1 0 0 0 1 0 0 0 1 0 1.28854 1.11182</i>
                        <i>1 0 0 0 1 0 0 0 1 0 1.28854 1.11182</i>
                        <i>1 0 0 0 1 0 0 0 1 0 1.28854 1.11182</i>
                        <i>1 0 0 0 1 0 0 0 1 0 1.28854 1.11182</i>
                        <i>1 0 0 0 1 0 0 0 1 0 1.28854 1.11182</i>
                        <i>1 0 0 0 1 0 0 0 1 0 1.28854 1.11182</i>
                        <i>1 0 0 0 1 0 0 0 1 0 1.28854 1.11182</i>
                        <i>1 0 0 0 1 0 0 0 1 0 1.28854 1.11182</i>
                        <i>1 0 0 0 1 0 0 0 1 0 1.28854 1.11182</i>
                        <i>1 0 0 0 1 0 0 0 1 0 1.28854 1.11182</i>
                        <i>1 0 0 0 1 0 0 0 1 0 1.28854 1.11182</i>
                        <i>1 0 0 0 1 0 0 0 1 0 1.28854 1.11182</i>
                        <i>1 0 0 0 1 0 0 0 1 0 1.28854 1.11182</i>
                        <i>1 0 0 0 1 0 0 0 1 0 1.28854 1.11182</i>
                        <i>1 0 0 0 1 0 0 0 1 0 1.28854 1.11182</i>
                        <i>1 0 0 0 1 0 0 0 1 0 1.28854 1.11182</i>
                        <i>1 0 0 0 1 0 0 0 1 0 1.28854 1.11182</i>
                        <i>1 0 0 0 1 0 0 0 1 0 1.28854 1.11182</i>
                        <i>1 0 0 0 1 0 0 0 1 0 1.28854 1.11182</i>
                        <i>1 0 0 0 1 0 0 0 1 0 1.28854 1.11182</i>
                        <i>1 0 0 0 1 0 0 0 1 0 1.28854 1.11182</i>
                        <i>1 0 0 0 1 0 0 0 1 0 1.28854 1.11182</i>
                        <i>1 0 0 0 1 0 0 0 1 0 1.28854 1.11182</i>
                        <i>1 0 0 0 1 0 0 0 1 0 1.28854 1.11182</i>
                        <i>1 0 0 0 1 0 0 0 1 0 1.28854 1.11182</i>
                        <i>1 0 0 0 1 0 0 0 1 0 1.28854 1.11182</i>
                        <i>1 0 0 0 1 0 0 0 1 0 1.28854 1.11182</i>
                        <i>1 0 0 0 1 0 0 0 1 0 1.28854 1.11182</i>
                        <i>1 0 0 0 1 0 0 0 1 0 1.28854 1.11182</i>
                        <i>1 0 0 0 1 0 0 0 1 0 1.28854 1.11182</i>
                        <i>1 0 0 0 1 0 0 0 1 0 1.28854 1.11182</i>
                        <i>1 0 0 0 1 0 0 0 1 0 1.28854 1.11182</i>
                        <i>1 0 0 0 1 0 0 0 1 0 1.28854 1.11182</i>
                        <i>1 0 0 0 1 0 0 0 1 0 1.28854 1.11182</i>
                        <i>1 0 0 0 1 0 0 0 1 0 1.28854 1.11182</i>
                        <i>1 0 0 0 1 0 0 0 1 0 1.28854 1.11182</i>
                    </KeyFrames>
                </p>
            </i>
            <i>
                <p>
                    <Name>
                        <![CDATA[all]]>
</Name>
                    <Exclude>0</Exclude>
                    <Additive>0</Additive>
                    <IKPriority>0</IKPriority>
                    <IKRotLimits>-1e+010 -1e+010 -1e+010 1e+010 1e+010 1e+010</IKRotLimits>
                    <IKRotLimitOrder>0</IKRotLimitOrder>
                    <KeyFrames count="97">
                        <i>0.866025 0 -0.5 0 1 0 0.5 0 0.866025 0 2.1571 1.16901</i>
                        <i>0.866025 0 -0.5 0 1 0 0.5 0 0.866025 0 2.1571 1.16901</i>
                        <i>0.866025 0 -0.5 0 1 0 0.5 0 0.866025 0 2.1571 1.16901</i>
                        <i>0.866025 0 -0.5 0 1 0 0.5 0 0.866025 0 2.1571 1.16901</i>
                        <i>0.866025 0 -0.5 0 1 0 0.5 0 0.866025 0 2.1571 1.16901</i>
                        <i>0.866025 0 -0.5 0 1 0 0.5 0 0.866025 0 2.1571 1.16901</i>
                        <i>0.866025 0 -0.5 0 1 0 0.5 0 0.866025 0 2.1571 1.16901</i>
                        <i>0.866025 0 -0.5 0 1 0 0.5 0 0.866025 0 2.1571 1.16901</i>
                        <i>0.866025 0 -0.5 0 1 0 0.5 0 0.866025 0 2.1571 1.16901</i>
                        <i>0.866025 0 -0.5 0 1 0 0.5 0 0.866025 0 2.1571 1.16901</i>
                        <i>0.866025 0 -0.5 0 1 0 0.5 0 0.866025 0 2.1571 1.16901</i>
                        <i>0.866025 0 -0.5 0 1 0 0.5 0 0.866025 0 2.1571 1.16901</i>
                        <i>0.866025 0 -0.5 0 1 0 0.5 0 0.866025 0 2.1571 1.16901</i>
                        <i>0.866025 0 -0.5 0 1 0 0.5 0 0.866025 0 2.1571 1.16901</i>
                        <i>0.866025 0 -0.5 0 1 0 0.5 0 0.866025 0 2.1571 1.16901</i>
                        <i>0.866025 0 -0.5 0 1 0 0.5 0 0.866025 0 2.1571 1.16901</i>
                        <i>0.866025 0 -0.5 0 1 0 0.5 0 0.866025 0 2.1571 1.16901</i>
                        <i>0.866025 0 -0.5 0 1 0 0.5 0 0.866025 0 2.1571 1.16901</i>
                        <i>0.866025 0 -0.5 0 1 0 0.5 0 0.866025 0 2.1571 1.16901</i>
                        <i>0.866025 0 -0.5 0 1 0 0.5 0 0.866025 0 2.1571 1.16901</i>
                        <i>0.866025 0 -0.5 0 1 0 0.5 0 0.866025 0 2.1571 1.16901</i>
                        <i>0.866025 0 -0.5 0 1 0 0.5 0 0.866025 0 2.1571 1.16901</i>
                        <i>0.866025 0 -0.5 0 1 0 0.5 0 0.866025 0 2.1571 1.16901</i>
                        <i>0.866025 0 -0.5 0 1 0 0.5 0 0.866025 0 2.1571 1.16901</i>
                        <i>0.866025 0 -0.5 0 1 0 0.5 0 0.866025 0 2.1571 1.16901</i>
                        <i>0.866025 0 -0.5 0 1 0 0.5 0 0.866025 0 2.1571 1.16901</i>
                        <i>0.866025 0 -0.5 0 1 0 0.5 0 0.866025 0 2.1571 1.16901</i>
                        <i>0.866025 0 -0.5 0 1 0 0.5 0 0.866025 0 2.1571 1.16901</i>
                        <i>0.866025 0 -0.5 0 1 0 0.5 0 0.866025 0 2.1571 1.16901</i>
                        <i>0.866025 0 -0.5 0 1 0 0.5 0 0.866025 0 2.1571 1.16901</i>
                        <i>0.866025 0 -0.5 0 1 0 0.5 0 0.866025 0 2.1571 1.16901</i>
                        <i>0.866025 0 -0.5 0 1 0 0.5 0 0.866025 0 2.1571 1.16901</i>
                        <i>0.866025 0 -0.5 0 1 0 0.5 0 0.866025 0 2.1571 1.16901</i>
                        <i>0.866025 0 -0.5 0 1 0 0.5 0 0.866025 0 2.1571 1.16901</i>
                        <i>0.866025 0 -0.5 0 1 0 0.5 0 0.866025 0 2.1571 1.16901</i>
                        <i>0.866025 0 -0.5 0 1 0 0.5 0 0.866025 0 2.1571 1.16901</i>
                        <i>0.866025 0 -0.5 0 1 0 0.5 0 0.866025 0 2.1571 1.16901</i>
                        <i>0.866025 0 -0.5 0 1 0 0.5 0 0.866025 0 2.1571 1.16901</i>
                        <i>0.866025 0 -0.5 0 1 0 0.5 0 0.866025 0 2.1571 1.16901</i>
                        <i>0.866025 0 -0.5 0 1 0 0.5 0 0.866025 0 2.1571 1.16901</i>
                        <i>0.866025 0 -0.5 0 1 0 0.5 0 0.866025 0 2.1571 1.16901</i>
                        <i>0.866025 0 -0.5 0 1 0 0.5 0 0.866025 0 2.1571 1.16901</i>
                        <i>0.866025 0 -0.5 0 1 0 0.5 0 0.866025 0 2.1571 1.16901</i>
                        <i>0.866025 0 -0.5 0 1 0 0.5 0 0.866025 0 2.1571 1.16901</i>
                        <i>0.866025 0 -0.5 0 1 0 0.5 0 0.866025 0 2.1571 1.16901</i>
                        <i>0.866025 0 -0.5 0 1 0 0.5 0 0.866025 0 2.1571 1.16901</i>
                        <i>0.866025 0 -0.5 0 1 0 0.5 0 0.866025 0 2.1571 1.16901</i>
                        <i>0.866025 0 -0.5 0 1 0 0.5 0 0.866025 0 2.1571 1.16901</i>
                        <i>0.866025 0 -0.5 0 1 0 0.5 0 0.866025 0 2.1571 1.16901</i>
                        <i>0.866025 0 -0.5 0 1 0 0.5 0 0.866025 0 2.1571 1.16901</i>
                        <i>0.866025 0 -0.5 0 1 0 0.5 0 0.866025 0 2.1571 1.16901</i>
                        <i>0.866025 0 -0.5 0 1 0 0.5 0 0.866025 0 2.1571 1.16901</i>
                        <i>0.866025 0 -0.5 0 1 0 0.5 0 0.866025 0 2.1571 1.16901</i>
                        <i>0.866025 0 -0.5 0 1 0 0.5 0 0.866025 0 2.1571 1.16901</i>
                        <i>0.866025 0 -0.5 0 1 0 0.5 0 0.866025 0 2.1571 1.16901</i>
                        <i>0.866025 0 -0.5 0 1 0 0.5 0 0.866025 0 2.1571 1.16901</i>
                        <i>0.866025 0 -0.5 0 1 0 0.5 0 0.866025 0 2.1571 1.16901</i>
                        <i>0.866025 0 -0.5 0 1 0 0.5 0 0.866025 0 2.1571 1.16901</i>
                        <i>0.866025 0 -0.5 0 1 0 0.5 0 0.866025 0 2.1571 1.16901</i>
                        <i>0.866025 0 -0.5 0 1 0 0.5 0 0.866025 0 2.1571 1.16901</i>
                        <i>0.866025 0 -0.5 0 1 0 0.5 0 0.866025 0 2.1571 1.16901</i>
                        <i>0.866025 0 -0.5 0 1 0 0.5 0 0.866025 0 2.1571 1.16901</i>
                        <i>0.866025 0 -0.5 0 1 0 0.5 0 0.866025 0 2.1571 1.16901</i>
                        <i>0.866025 0 -0.5 0 1 0 0.5 0 0.866025 0 2.1571 1.16901</i>
                        <i>0.866025 0 -0.5 0 1 0 0.5 0 0.866025 0 2.1571 1.16901</i>
                        <i>0.866025 0 -0.5 0 1 0 0.5 0 0.866025 0 2.1571 1.16901</i>
                        <i>0.866025 0 -0.5 0 1 0 0.5 0 0.866025 0 2.1571 1.16901</i>
                        <i>0.866025 0 -0.5 0 1 0 0.5 0 0.866025 0 2.1571 1.16901</i>
                        <i>0.866025 0 -0.5 0 1 0 0.5 0 0.866025 0 2.1571 1.16901</i>
                        <i>0.866025 0 -0.5 0 1 0 0.5 0 0.866025 0 2.1571 1.16901</i>
                        <i>0.866025 0 -0.5 0 1 0 0.5 0 0.866025 0 2.1571 1.16901</i>
                        <i>0.866025 0 -0.5 0 1 0 0.5 0 0.866025 0 2.1571 1.16901</i>
                        <i>0.866025 0 -0.5 0 1 0 0.5 0 0.866025 0 2.1571 1.16901</i>
                        <i>0.866025 0 -0.5 0 1 0 0.5 0 0.866025 0 2.1571 1.16901</i>
                        <i>0.866025 0 -0.5 0 1 0 0.5 0 0.866025 0 2.1571 1.16901</i>
                        <i>0.866025 0 -0.5 0 1 0 0.5 0 0.866025 0 2.1571 1.16901</i>
                        <i>0.866025 0 -0.5 0 1 0 0.5 0 0.866025 0 2.1571 1.16901</i>
                        <i>0.866025 0 -0.5 0 1 0 0.5 0 0.866025 0 2.1571 1.16901</i>
                        <i>0.866025 0 -0.5 0 1 0 0.5 0 0.866025 0 2.1571 1.16901</i>
                        <i>0.866025 0 -0.5 0 1 0 0.5 0 0.866025 0 2.1571 1.16901</i>
                        <i>0.866025 0 -0.5 0 1 0 0.5 0 0.866025 0 2.1571 1.16901</i>
                        <i>0.866025 0 -0.5 0 1 0 0.5 0 0.866025 0 2.1571 1.16901</i>
                        <i>0.866025 0 -0.5 0 1 0 0.5 0 0.866025 0 2.1571 1.16901</i>
                        <i>0.866025 0 -0.5 0 1 0 0.5 0 0.866025 0 2.1571 1.16901</i>
                        <i>0.866025 0 -0.5 0 1 0 0.5 0 0.866025 0 2.1571 1.16901</i>
                        <i>0.866025 0 -0.5 0 1 0 0.5 0 0.866025 0 2.1571 1.16901</i>
                        <i>0.866025 0 -0.5 0 1 0 0.5 0 0.866025 0 2.1571 1.16901</i>
                        <i>0.866025 0 -0.5 0 1 0 0.5 0 0.866025 0 2.1571 1.16901</i>
                        <i>0.866025 0 -0.5 0 1 0 0.5 0 0.866025 0 2.1571 1.16901</i>
                        <i>0.866025 0 -0.5 0 1 0 0.5 0 0.866025 0 2.1571 1.16901</i>
                        <i>0.866025 0 -0.5 0 1 0 0.5 0 0.866025 0 2.1571 1.16901</i>
                        <i>0.866025 0 -0.5 0 1 0 0.5 0 0.866025 0 2.1571 1.16901</i>
                        <i>0.866025 0 -0.5 0 1 0 0.5 0 0.866025 0 2.1571 1.16901</i>
                        <i>0.866025 0 -0.5 0 1 0 0.5 0 0.866025 0 2.1571 1.16901</i>
                        <i>0.866025 0 -0.5 0 1 0 0.5 0 0.866025 0 2.1571 1.16901</i>
                        <i>0.866025 0 -0.5 0 1 0 0.5 0 0.866025 0 2.1571 1.16901</i>
                        <i>0.866025 0 -0.5 0 1 0 0.5 0 0.866025 0 2.1571 1.16901</i>
                    </KeyFrames>
                </p>
            </i>
            <i>
                <p>
                    <Name>
                        <![CDATA[body]]>
</Name>
                    <Exclude>0</Exclude>
                    <Additive>0</Additive>
                    <IKPriority>0</IKPriority>
                    <IKRotLimits>-1e+010 -1e+010 -1e+010 1e+010 1e+010 1e+010</IKRotLimits>
                    <IKRotLimitOrder>0</IKRotLimitOrder>
                    <KeyFrames count="97">
                        <i>0.866025 0 -0.5 0 1 0 0.5 0 0.866025 7.10543e-017 2.1571 1.16901</i>
                        <i>0.866025 0 -0.5 0 1 0 0.5 0 0.866025 7.10543e-017 2.1571 1.16901</i>
                        <i>0.866025 0 -0.5 0 1 0 0.5 0 0.866025 7.10543e-017 2.1571 1.16901</i>
                        <i>0.866025 0 -0.5 0 1 0 0.5 0 0.866025 7.10543e-017 2.1571 1.16901</i>
                        <i>0.866025 0 -0.5 0 1 0 0.5 0 0.866025 7.10543e-017 2.1571 1.16901</i>
                        <i>0.866025 0 -0.5 0 1 0 0.5 0 0.866025 7.10543e-017 2.1571 1.16901</i>
                        <i>0.866025 0 -0.5 0 1 0 0.5 0 0.866025 7.10543e-017 2.1571 1.16901</i>
                        <i>0.866025 0 -0.5 0 1 0 0.5 0 0.866025 7.10543e-017 2.1571 1.16901</i>
                        <i>0.866025 0 -0.5 0 1 0 0.5 0 0.866025 7.10543e-017 2.1571 1.16901</i>
                        <i>0.866025 0 -0.5 0 1 0 0.5 0 0.866025 7.10543e-017 2.1571 1.16901</i>
                        <i>0.866025 0 -0.5 0 1 0 0.5 0 0.866025 7.10543e-017 2.1571 1.16901</i>
                        <i>0.866025 0 -0.5 0 1 0 0.5 0 0.866025 7.10543e-017 2.1571 1.16901</i>
                        <i>0.866025 0 -0.5 0 1 0 0.5 0 0.866025 7.10543e-017 2.1571 1.16901</i>
                        <i>0.866025 0 -0.5 0 1 0 0.5 0 0.866025 7.10543e-017 2.1571 1.16901</i>
                        <i>0.866025 0 -0.5 0 1 0 0.5 0 0.866025 7.10543e-017 2.1571 1.16901</i>
                        <i>0.866025 0 -0.5 0 1 0 0.5 0 0.866025 7.10543e-017 2.1571 1.16901</i>
                        <i>0.866025 0 -0.5 0 1 0 0.5 0 0.866025 7.10543e-017 2.1571 1.16901</i>
                        <i>0.866025 0 -0.5 0 1 0 0.5 0 0.866025 7.10543e-017 2.1571 1.16901</i>
                        <i>0.866025 0 -0.5 0 1 0 0.5 0 0.866025 7.10543e-017 2.1571 1.16901</i>
                        <i>0.866025 0 -0.5 0 1 0 0.5 0 0.866025 7.10543e-017 2.1571 1.16901</i>
                        <i>0.866025 0 -0.5 0 1 0 0.5 0 0.866025 7.10543e-017 2.1571 1.16901</i>
                        <i>0.866025 0 -0.5 0 1 0 0.5 0 0.866025 7.10543e-017 2.1571 1.16901</i>
                        <i>0.866025 0 -0.5 0 1 0 0.5 0 0.866025 7.10543e-017 2.1571 1.16901</i>
                        <i>0.866025 0 -0.5 0 1 0 0.5 0 0.866025 7.10543e-017 2.1571 1.16901</i>
                        <i>0.866025 0 -0.5 0 1 0 0.5 0 0.866025 7.10543e-017 2.1571 1.16901</i>
                        <i>0.866025 0 -0.5 0 1 0 0.5 0 0.866025 7.10543e-017 2.1571 1.16901</i>
                        <i>0.866025 0 -0.5 0 1 0 0.5 0 0.866025 7.10543e-017 2.1571 1.16901</i>
                        <i>0.866025 0 -0.5 0 1 0 0.5 0 0.866025 7.10543e-017 2.1571 1.16901</i>
                        <i>0.866025 0 -0.5 0 1 0 0.5 0 0.866025 7.10543e-017 2.1571 1.16901</i>
                        <i>0.866025 0 -0.5 0 1 0 0.5 0 0.866025 7.10543e-017 2.1571 1.16901</i>
                        <i>0.866025 0 -0.5 0 1 0 0.5 0 0.866025 7.10543e-017 2.1571 1.16901</i>
                        <i>0.866025 0 -0.5 0 1 0 0.5 0 0.866025 7.10543e-017 2.1571 1.16901</i>
                        <i>0.866025 0 -0.5 0 1 0 0.5 0 0.866025 7.10543e-017 2.1571 1.16901</i>
                        <i>0.866025 0 -0.5 0 1 0 0.5 0 0.866025 7.10543e-017 2.1571 1.16901</i>
                        <i>0.866025 0 -0.5 0 1 0 0.5 0 0.866025 7.10543e-017 2.1571 1.16901</i>
                        <i>0.866025 0 -0.5 0 1 0 0.5 0 0.866025 7.10543e-017 2.1571 1.16901</i>
                        <i>0.866025 0 -0.5 0 1 0 0.5 0 0.866025 7.10543e-017 2.1571 1.16901</i>
                        <i>0.866025 0 -0.5 0 1 0 0.5 0 0.866025 7.10543e-017 2.1571 1.16901</i>
                        <i>0.866025 0 -0.5 0 1 0 0.5 0 0.866025 7.10543e-017 2.1571 1.16901</i>
                        <i>0.866025 0 -0.5 0 1 0 0.5 0 0.866025 7.10543e-017 2.1571 1.16901</i>
                        <i>0.866025 0 -0.5 0 1 0 0.5 0 0.866025 7.10543e-017 2.1571 1.16901</i>
                        <i>0.866025 0 -0.5 0 1 0 0.5 0 0.866025 7.10543e-017 2.1571 1.16901</i>
                        <i>0.866025 0 -0.5 0 1 0 0.5 0 0.866025 7.10543e-017 2.1571 1.16901</i>
                        <i>0.866025 0 -0.5 0 1 0 0.5 0 0.866025 7.10543e-017 2.1571 1.16901</i>
                        <i>0.866025 0 -0.5 0 1 0 0.5 0 0.866025 7.10543e-017 2.1571 1.16901</i>
                        <i>0.866025 0 -0.5 0 1 0 0.5 0 0.866025 7.10543e-017 2.1571 1.16901</i>
                        <i>0.866025 0 -0.5 0 1 0 0.5 0 0.866025 7.10543e-017 2.1571 1.16901</i>
                        <i>0.866025 0 -0.5 0 1 0 0.5 0 0.866025 7.10543e-017 2.1571 1.16901</i>
                        <i>0.866025 0 -0.5 0 1 0 0.5 0 0.866025 7.10543e-017 2.1571 1.16901</i>
                        <i>0.866025 0 -0.5 0 1 0 0.5 0 0.866025 7.10543e-017 2.1571 1.16901</i>
                        <i>0.866025 0 -0.5 0 1 0 0.5 0 0.866025 7.10543e-017 2.1571 1.16901</i>
                        <i>0.866025 0 -0.5 0 1 0 0.5 0 0.866025 7.10543e-017 2.1571 1.16901</i>
                        <i>0.866025 0 -0.5 0 1 0 0.5 0 0.866025 7.10543e-017 2.1571 1.16901</i>
                        <i>0.866025 0 -0.5 0 1 0 0.5 0 0.866025 7.10543e-017 2.1571 1.16901</i>
                        <i>0.866025 0 -0.5 0 1 0 0.5 0 0.866025 7.10543e-017 2.1571 1.16901</i>
                        <i>0.866025 0 -0.5 0 1 0 0.5 0 0.866025 7.10543e-017 2.1571 1.16901</i>
                        <i>0.866025 0 -0.5 0 1 0 0.5 0 0.866025 7.10543e-017 2.1571 1.16901</i>
                        <i>0.866025 0 -0.5 0 1 0 0.5 0 0.866025 7.10543e-017 2.1571 1.16901</i>
                        <i>0.866025 0 -0.5 0 1 0 0.5 0 0.866025 7.10543e-017 2.1571 1.16901</i>
                        <i>0.866025 0 -0.5 0 1 0 0.5 0 0.866025 7.10543e-017 2.1571 1.16901</i>
                        <i>0.866025 0 -0.5 0 1 0 0.5 0 0.866025 7.10543e-017 2.1571 1.16901</i>
                        <i>0.866025 0 -0.5 0 1 0 0.5 0 0.866025 7.10543e-017 2.1571 1.16901</i>
                        <i>0.866025 0 -0.5 0 1 0 0.5 0 0.866025 7.10543e-017 2.1571 1.16901</i>
                        <i>0.866025 0 -0.5 0 1 0 0.5 0 0.866025 7.10543e-017 2.1571 1.16901</i>
                        <i>0.866025 0 -0.5 0 1 0 0.5 0 0.866025 7.10543e-017 2.1571 1.16901</i>
                        <i>0.866025 0 -0.5 0 1 0 0.5 0 0.866025 7.10543e-017 2.1571 1.16901</i>
                        <i>0.866025 0 -0.5 0 1 0 0.5 0 0.866025 7.10543e-017 2.1571 1.16901</i>
                        <i>0.866025 0 -0.5 0 1 0 0.5 0 0.866025 7.10543e-017 2.1571 1.16901</i>
                        <i>0.866025 0 -0.5 0 1 0 0.5 0 0.866025 7.10543e-017 2.1571 1.16901</i>
                        <i>0.866025 0 -0.5 0 1 0 0.5 0 0.866025 7.10543e-017 2.1571 1.16901</i>
                        <i>0.866025 0 -0.5 0 1 0 0.5 0 0.866025 7.10543e-017 2.1571 1.16901</i>
                        <i>0.866025 0 -0.5 0 1 0 0.5 0 0.866025 7.10543e-017 2.1571 1.16901</i>
                        <i>0.866025 0 -0.5 0 1 0 0.5 0 0.866025 7.10543e-017 2.1571 1.16901</i>
                        <i>0.866025 0 -0.5 0 1 0 0.5 0 0.866025 7.10543e-017 2.1571 1.16901</i>
                        <i>0.866025 0 -0.5 0 1 0 0.5 0 0.866025 7.10543e-017 2.1571 1.16901</i>
                        <i>0.866025 0 -0.5 0 1 0 0.5 0 0.866025 7.10543e-017 2.1571 1.16901</i>
                        <i>0.866025 0 -0.5 0 1 0 0.5 0 0.866025 7.10543e-017 2.1571 1.16901</i>
                        <i>0.866025 0 -0.5 0 1 0 0.5 0 0.866025 7.10543e-017 2.1571 1.16901</i>
                        <i>0.866025 0 -0.5 0 1 0 0.5 0 0.866025 7.10543e-017 2.1571 1.16901</i>
                        <i>0.866025 0 -0.5 0 1 0 0.5 0 0.866025 7.10543e-017 2.1571 1.16901</i>
                        <i>0.866025 0 -0.5 0 1 0 0.5 0 0.866025 7.10543e-017 2.1571 1.16901</i>
                        <i>0.866025 0 -0.5 0 1 0 0.5 0 0.866025 7.10543e-017 2.1571 1.16901</i>
                        <i>0.866025 0 -0.5 0 1 0 0.5 0 0.866025 7.10543e-017 2.1571 1.16901</i>
                        <i>0.866025 0 -0.5 0 1 0 0.5 0 0.866025 7.10543e-017 2.1571 1.16901</i>
                        <i>0.866025 0 -0.5 0 1 0 0.5 0 0.866025 7.10543e-017 2.1571 1.16901</i>
                        <i>0.866025 0 -0.5 0 1 0 0.5 0 0.866025 7.10543e-017 2.1571 1.16901</i>
                        <i>0.866025 0 -0.5 0 1 0 0.5 0 0.866025 7.10543e-017 2.1571 1.16901</i>
                        <i>0.866025 0 -0.5 0 1 0 0.5 0 0.866025 7.10543e-017 2.1571 1.16901</i>
                        <i>0.866025 0 -0.5 0 1 0 0.5 0 0.866025 7.10543e-017 2.1571 1.16901</i>
                        <i>0.866025 0 -0.5 0 1 0 0.5 0 0.866025 7.10543e-017 2.1571 1.16901</i>
                        <i>0.866025 0 -0.5 0 1 0 0.5 0 0.866025 7.10543e-017 2.1571 1.16901</i>
                        <i>0.866025 0 -0.5 0 1 0 0.5 0 0.866025 7.10543e-017 2.1571 1.16901</i>
                        <i>0.866025 0 -0.5 0 1 0 0.5 0 0.866025 7.10543e-017 2.1571 1.16901</i>
                        <i>0.866025 0 -0.5 0 1 0 0.5 0 0.866025 7.10543e-017 2.1571 1.16901</i>
                        <i>0.866025 0 -0.5 0 1 0 0.5 0 0.866025 7.10543e-017 2.1571 1.16901</i>
                        <i>0.866025 0 -0.5 0 1 0 0.5 0 0.866025 7.10543e-017 2.1571 1.16901</i>
                        <i>0.866025 0 -0.5 0 1 0 0.5 0 0.866025 7.10543e-017 2.1571 1.16901</i>
                    </KeyFrames>
                </p>
            </i>
            <i>
                <p>
                    <Name>
                        <![CDATA[turret]]>
</Name>
                    <Exclude>0</Exclude>
                    <Additive>0</Additive>
                    <IKPriority>0</IKPriority>
                    <IKRotLimits>-1e+010 -1e+010 -1e+010 1e+010 1e+010 1e+010</IKRotLimits>
                    <IKRotLimitOrder>0</IKRotLimitOrder>
                    <KeyFrames count="97">
                        <i>0.974783 0 0.223154 0 1 0 -0.223154 0 0.974783 -0.666914 3.66171 0.013881</i>
                        <i>0.974917 0 0.222569 0 1 0 -0.222569 0 0.974917 -0.666914 3.66171 0.013881</i>
                        <i>0.975309 0 0.220845 0 1 0 -0.220845 0 0.975309 -0.666914 3.66171 0.013881</i>
                        <i>0.975942 0 0.218031 0 1 0 -0.218031 0 0.975942 -0.666914 3.66171 0.013881</i>
                        <i>0.976795 0 0.214175 0 1 0 -0.214175 0 0.976795 -0.666914 3.66171 0.013881</i>
                        <i>0.977847 0 0.209323 0 1 0 -0.209323 0 0.977847 -0.666914 3.66171 0.013881</i>
                        <i>0.97907 0 0.203522 0 1 0 -0.203522 0 0.97907 -0.666914 3.66171 0.013881</i>
                        <i>0.98044 0 0.196818 0 1 0 -0.196818 0 0.98044 -0.666914 3.66171 0.013881</i>
                        <i>0.981927 0 0.189258 0 1 0 -0.189258 0 0.981927 -0.666914 3.66171 0.013881</i>
                        <i>0.983504 0 0.180888 0 1 0 -0.180888 0 0.983504 -0.666914 3.66171 0.013881</i>
                        <i>0.98514 0 0.171755 0 1 0 -0.171755 0 0.98514 -0.666914 3.66171 0.013881</i>
                        <i>0.986806 0 0.161906 0 1 0 -0.161906 0 0.986806 -0.666914 3.66171 0.013881</i>
                        <i>0.988474 0 0.15139 0 1 0 -0.15139 0 0.988474 -0.666914 3.66171 0.013881</i>
                        <i>0.990116 0 0.140253 0 1 0 -0.140253 0 0.990116 -0.666914 3.66171 0.013881</i>
                        <i>0.991704 0 0.128544 0 1 0 -0.128544 0 0.991704 -0.666914 3.66171 0.013881</i>
                        <i>0.993212 0 0.116314 0 1 0 -0.116314 0 0.993212 -0.666914 3.66171 0.013881</i>
                        <i>0.994618 0 0.103612 0 1 0 -0.103612 0 0.994618 -0.666914 3.66171 0.013881</i>
                        <i>0.995897 0 0.0904888 0 1 0 -0.0904888 0 0.995897 -0.666914 3.66171 0.013881</i>
                        <i>0.997031 0 0.0769956 0 1 0 -0.0769956 0 0.997031 -0.666914 3.66171 0.013881</i>
                        <i>0.998002 0 0.0631843 0 1 0 -0.0631843 0 0.998002 -0.666914 3.66171 0.013881</i>
                        <i>0.998793 0 0.0491076 0 1 0 -0.0491076 0 0.998793 -0.666914 3.66171 0.013881</i>
                        <i>0.999394 0 0.0348182 0 1 0 -0.0348182 0 0.999394 -0.666914 3.66171 0.013881</i>
                        <i>0.999793 0 0.0203695 0 1 0 -0.0203695 0 0.999793 -0.666914 3.66171 0.013881</i>
                        <i>0.999983 0 0.00581506 0 1 0 -0.00581506 0 0.999983 -0.666914 3.66171 0.013881</i>
                        <i>0.999961 0 -0.00879138 0 1 0 0.00879138 0 0.999961 -0.666914 3.66171 0.013881</i>
                        <i>0.999726 0 -0.0233959 0 1 0 0.0233959 0 0.999726 -0.666914 3.66171 0.013881</i>
                        <i>0.99928 0 -0.0379448 0 1 0 0.0379448 0 0.99928 -0.666914 3.66171 0.013881</i>
                        <i>0.998627 0 -0.0523842 0 1 0 0.0523842 0 0.998627 -0.666914 3.66171 0.013881</i>
                        <i>0.997776 0 -0.0666609 0 1 0 0.0666609 0 0.997776 -0.666914 3.66171 0.013881</i>
                        <i>0.996737 0 -0.0807215 0 1 0 0.0807215 0 0.996737 -0.666914 3.66171 0.013881</i>
                        <i>0.995524 0 -0.0945135 0 1 0 0.0945135 0 0.995524 -0.666914 3.66171 0.013881</i>
                        <i>0.994153 0 -0.107985 0 1 0 0.107985 0 0.994153 -0.666914 3.66171 0.013881</i>
                        <i>0.992642 0 -0.121084 0 1 0 0.121084 0 0.992642 -0.666914 3.66171 0.013881</i>
                        <i>0.991014 0 -0.133759 0 1 0 0.133759 0 0.991014 -0.666914 3.66171 0.013881</i>
                        <i>0.98929 0 -0.145961 0 1 0 0.145961 0 0.98929 -0.666914 3.66171 0.013881</i>
                        <i>0.987497 0 -0.157639 0 1 0 0.157639 0 0.987497 -0.666914 3.66171 0.013881</i>
                        <i>0.98566 0 -0.168746 0 1 0 0.168746 0 0.98566 -0.666914 3.66171 0.013881</i>
                        <i>0.983807 0 -0.179231 0 1 0 0.179231 0 0.983807 -0.666914 3.66171 0.013881</i>
                        <i>0.981968 0 -0.189049 0 1 0 0.189049 0 0.981968 -0.666914 3.66171 0.013881</i>
                        <i>0.980171 0 -0.198152 0 1 0 0.198152 0 0.980171 -0.666914 3.66171 0.013881</i>
                        <i>0.978448 0 -0.206493 0 1 0 0.206493 0 0.978448 -0.666914 3.66171 0.013881</i>
                        <i>0.976828 0 -0.214025 0 1 0 0.214025 0 0.976828 -0.666914 3.66171 0.013881</i>
                        <i>0.975341 0 -0.220704 0 1 0 0.220704 0 0.975341 -0.666914 3.66171 0.013881</i>
                        <i>0.974015 0 -0.226483 0 1 0 0.226483 0 0.974015 -0.666914 3.66171 0.013881</i>
                        <i>0.972879 0 -0.231316 0 1 0 0.231316 0 0.972879 -0.666914 3.66171 0.013881</i>
                        <i>0.971957 0 -0.235157 0 1 0 0.235157 0 0.971957 -0.666914 3.66171 0.013881</i>
                        <i>0.971275 0 -0.237959 0 1 0 0.237959 0 0.971275 -0.666914 3.66171 0.013881</i>
                        <i>0.970853 0 -0.239675 0 1 0 0.239675 0 0.970853 -0.666914 3.66171 0.013881</i>
                        <i>0.970709 0 -0.240258 0 1 0 0.240258 0 0.970709 -0.666914 3.66171 0.013881</i>
                        <i>0.970853 0 -0.239675 0 1 0 0.239675 0 0.970853 -0.666914 3.66171 0.013881</i>
                        <i>0.971275 0 -0.237959 0 1 0 0.237959 0 0.971275 -0.666914 3.66171 0.013881</i>
                        <i>0.971957 0 -0.235157 0 1 0 0.235157 0 0.971957 -0.666914 3.66171 0.013881</i>
                        <i>0.972879 0 -0.231316 0 1 0 0.231316 0 0.972879 -0.666914 3.66171 0.013881</i>
                        <i>0.974015 0 -0.226483 0 1 0 0.226483 0 0.974015 -0.666914 3.66171 0.013881</i>
                        <i>0.975341 0 -0.220704 0 1 0 0.220704 0 0.975341 -0.666914 3.66171 0.013881</i>
                        <i>0.976828 0 -0.214025 0 1 0 0.214025 0 0.976828 -0.666914 3.66171 0.013881</i>
                        <i>0.978448 0 -0.206493 0 1 0 0.206493 0 0.978448 -0.666914 3.66171 0.013881</i>
                        <i>0.980171 0 -0.198152 0 1 0 0.198152 0 0.980171 -0.666914 3.66171 0.013881</i>
                        <i>0.981968 0 -0.189049 0 1 0 0.189049 0 0.981968 -0.666914 3.66171 0.013881</i>
                        <i>0.983807 0 -0.179231 0 1 0 0.179231 0 0.983807 -0.666914 3.66171 0.013881</i>
                        <i>0.98566 0 -0.168746 0 1 0 0.168746 0 0.98566 -0.666914 3.66171 0.013881</i>
                        <i>0.987497 0 -0.157639 0 1 0 0.157639 0 0.987497 -0.666914 3.66171 0.013881</i>
                        <i>0.98929 0 -0.145961 0 1 0 0.145961 0 0.98929 -0.666914 3.66171 0.013881</i>
                        <i>0.991014 0 -0.133759 0 1 0 0.133759 0 0.991014 -0.666914 3.66171 0.013881</i>
                        <i>0.992642 0 -0.121084 0 1 0 0.121084 0 0.992642 -0.666914 3.66171 0.013881</i>
                        <i>0.994153 0 -0.107985 0 1 0 0.107985 0 0.994153 -0.666914 3.66171 0.013881</i>
                        <i>0.995524 0 -0.0945135 0 1 0 0.0945135 0 0.995524 -0.666914 3.66171 0.013881</i>
                        <i>0.996737 0 -0.0807215 0 1 0 0.0807215 0 0.996737 -0.666914 3.66171 0.013881</i>
                        <i>0.997776 0 -0.0666609 0 1 0 0.0666609 0 0.997776 -0.666914 3.66171 0.013881</i>
                        <i>0.998627 0 -0.0523843 0 1 0 0.0523843 0 0.998627 -0.666914 3.66171 0.013881</i>
