<?xml version="1.0" encoding="ISO-8859-1" ?>
<Animl Version="1">
    <ModellingPackage><![CDATA[Maya.2010]]></ModellingPackage>
    <SrcFile><![CDATA[anims\turrets\antiair\blue\~src\aa_chaparral\aa_chaparral_reload_low.mb]]></SrcFile>
    <FramesPerSecond>30</FramesPerSecond>
    <TotalFrames>97</TotalFrames>
    <Skeleton>
        <RefFrame>
            <Name><![CDATA[aa_chaparral_ref_frame]]></Name>
            <Exclude>0</Exclude>
            <Additive>0</Additive>
            <IKPriority>0</IKPriority>
            <IKRotLimits>-1e+010 -1e+010 -1e+010 1e+010 1e+010 1e+010</IKRotLimits>
            <IKRotLimitOrder>0</IKRotLimitOrder>
            <KeyFrames count="97">
                <i>1 0 0 0 1 0 0 0 1 0 1.28854 1.11182</i>
                <i>1 0 0 0 1 0 0 0 1 0 1.28854 1.11182</i>
                <i>1 0 0 0 1 0 0 0 1 0 1.28854 1.11182</i>
                <i>1 0 0 0 1 0 0 0 1 0 1.28854 1.11182</i>
                <i>1 0 0 0 1 0 0 0 1 0 1.28854 1.11182</i>
                <i>1 0 0 0 1 0 0 0 1 0 1.28854 1.11182</i>
                <i>1 0 0 0 1 0 0 0 1 0 1.28854 1.11182</i>
                <i>1 0 0 0 1 0 0 0 1 0 1.28854 1.11182</i>
                <i>1 0 0 0 1 0 0 0 1 0 1.28854 1.11182</i>
                <i>1 0 0 0 1 0 0 0 1 0 1.28854 1.11182</i>
                <i>1 0 0 0 1 0 0 0 1 0 1.28854 1.11182</i>
                <i>1 0 0 0 1 0 0 0 1 0 1.28854 1.11182</i>
                <i>1 0 0 0 1 0 0 0 1 0 1.28854 1.11182</i>
                <i>1 0 0 0 1 0 0 0 1 0 1.28854 1.11182</i>
                <i>1 0 0 0 1 0 0 0 1 0 1.28854 1.11182</i>
                <i>1 0 0 0 1 0 0 0 1 0 1.28854 1.11182</i>
                <i>1 0 0 0 1 0 0 0 1 0 1.28854 1.11182</i>
                <i>1 0 0 0 1 0 0 0 1 0 1.28854 1.11182</i>
                <i>1 0 0 0 1 0 0 0 1 0 1.28854 1.11182</i>
                <i>1 0 0 0 1 0 0 0 1 0 1.28854 1.11182</i>
                <i>1 0 0 0 1 0 0 0 1 0 1.28854 1.11182</i>
                <i>1 0 0 0 1 0 0 0 1 0 1.28854 1.11182</i>
                <i>1 0 0 0 1 0 0 0 1 0 1.28854 1.11182</i>
                <i>1 0 0 0 1 0 0 0 1 0 1.28854 1.11182</i>
                <i>1 0 0 0 1 0 0 0 1 0 1.28854 1.11182</i>
                <i>1 0 0 0 1 0 0 0 1 0 1.28854 1.11182</i>
                <i>1 0 0 0 1 0 0 0 1 0 1.28854 1.11182</i>
                <i>1 0 0 0 1 0 0 0 1 0 1.28854 1.11182</i>
                <i>1 0 0 0 1 0 0 0 1 0 1.28854 1.11182</i>
                <i>1 0 0 0 1 0 0 0 1 0 1.28854 1.11182</i>
                <i>1 0 0 0 1 0 0 0 1 0 1.28854 1.11182</i>
                <i>1 0 0 0 1 0 0 0 1 0 1.28854 1.11182</i>
                <i>1 0 0 0 1 0 0 0 1 0 1.28854 1.11182</i>
                <i>1 0 0 0 1 0 0 0 1 0 1.28854 1.11182</i>
                <i>1 0 0 0 1 0 0 0 1 0 1.28854 1.11182</i>
                <i>1 0 0 0 1 0 0 0 1 0 1.28854 1.11182</i>
                <i>1 0 0 0 1 0 0 0 1 0 1.28854 1.11182</i>
                <i>1 0 0 0 1 0 0 0 1 0 1.28854 1.11182</i>
                <i>1 0 0 0 1 0 0 0 1 0 1.28854 1.11182</i>
                <i>1 0 0 0 1 0 0 0 1 0 1.28854 1.11182</i>
                <i>1 0 0 0 1 0 0 0 1 0 1.28854 1.11182</i>
                <i>1 0 0 0 1 0 0 0 1 0 1.28854 1.11182</i>
                <i>1 0 0 0 1 0 0 0 1 0 1.28854 1.11182</i>
                <i>1 0 0 0 1 0 0 0 1 0 1.28854 1.11182</i>
                <i>1 0 0 0 1 0 0 0 1 0 1.28854 1.11182</i>
                <i>1 0 0 0 1 0 0 0 1 0 1.28854 1.11182</i>
                <i>1 0 0 0 1 0 0 0 1 0 1.28854 1.11182</i>
                <i>1 0 0 0 1 0 0 0 1 0 1.28854 1.11182</i>
                <i>1 0 0 0 1 0 0 0 1 0 1.28854 1.11182</i>
                <i>1 0 0 0 1 0 0 0 1 0 1.28854 1.11182</i>
                <i>1 0 0 0 1 0 0 0 1 0 1.28854 1.11182</i>
                <i>1 0 0 0 1 0 0 0 1 0 1.28854 1.11182</i>
                <i>1 0 0 0 1 0 0 0 1 0 1.28854 1.11182</i>
                <i>1 0 0 0 1 0 0 0 1 0 1.28854 1.11182</i>
                <i>1 0 0 0 1 0 0 0 1 0 1.28854 1.11182</i>
                <i>1 0 0 0 1 0 0 0 1 0 1.28854 1.11182</i>
                <i>1 0 0 0 1 0 0 0 1 0 1.28854 1.11182</i>
                <i>1 0 0 0 1 0 0 0 1 0 1.28854 1.11182</i>
                <i>1 0 0 0 1 0 0 0 1 0 1.28854 1.11182</i>
                <i>1 0 0 0 1 0 0 0 1 0 1.28854 1.11182</i>
                <i>1 0 0 0 1 0 0 0 1 0 1.28854 1.11182</i>
                <i>1 0 0 0 1 0 0 0 1 0 1.28854 1.11182</i>
                <i>1 0 0 0 1 0 0 0 1 0 1.28854 1.11182</i>
                <i>1 0 0 0 1 0 0 0 1 0 1.28854 1.11182</i>
                <i>1 0 0 0 1 0 0 0 1 0 1.28854 1.11182</i>
                <i>1 0 0 0 1 0 0 0 1 0 1.28854 1.11182</i>
                <i>1 0 0 0 1 0 0 0 1 0 1.28854 1.11182</i>
                <i>1 0 0 0 1 0 0 0 1 0 1.28854 1.11182</i>
                <i>1 0 0 0 1 0 0 0 1 0 1.28854 1.11182</i>
                <i>1 0 0 0 1 0 0 0 1 0 1.28854 1.11182</i>
                <i>1 0 0 0 1 0 0 0 1 0 1.28854 1.11182</i>
                <i>1 0 0 0 1 0 0 0 1 0 1.28854 1.11182</i>
                <i>1 0 0 0 1 0 0 0 1 0 1.28854 1.11182</i>
                <i>1 0 0 0 1 0 0 0 1 0 1.28854 1.11182</i>
                <i>1 0 0 0 1 0 0 0 1 0 1.28854 1.11182</i>
                <i>1 0 0 0 1 0 0 0 1 0 1.28854 1.11182</i>
                <i>1 0 0 0 1 0 0 0 1 0 1.28854 1.11182</i>
                <i>1 0 0 0 1 0 0 0 1 0 1.28854 1.11182</i>
                <i>1 0 0 0 1 0 0 0 1 0 1.28854 1.11182</i>
                <i>1 0 0 0 1 0 0 0 1 0 1.28854 1.11182</i>
                <i>1 0 0 0 1 0 0 0 1 0 1.28854 1.11182</i>
                <i>1 0 0 0 1 0 0 0 1 0 1.28854 1.11182</i>
                <i>1 0 0 0 1 0 0 0 1 0 1.28854 1.11182</i>
                <i>1 0 0 0 1 0 0 0 1 0 1.28854 1.11182</i>
                <i>1 0 0 0 1 0 0 0 1 0 1.28854 1.11182</i>
                <i>1 0 0 0 1 0 0 0 1 0 1.28854 1.11182</i>
                <i>1 0 0 0 1 0 0 0 1 0 1.28854 1.11182</i>
                <i>1 0 0 0 1 0 0 0 1 0 1.28854 1.11182</i>
                <i>1 0 0 0 1 0 0 0 1 0 1.28854 1.11182</i>
                <i>1 0 0 0 1 0 0 0 1 0 1.28854 1.11182</i>
                <i>1 0 0 0 1 0 0 0 1 0 1.28854 1.11182</i>
                <i>1 0 0 0 1 0 0 0 1 0 1.28854 1.11182</i>
                <i>1 0 0 0 1 0 0 0 1 0 1.28854 1.11182</i>
                <i>1 0 0 0 1 0 0 0 1 0 1.28854 1.11182</i>
                <i>1 0 0 0 1 0 0 0 1 0 1.28854 1.11182</i>
                <i>1 0 0 0 1 0 0 0 1 0 1.28854 1.11182</i>
                <i>1 0 0 0 1 0 0 0 1 0 1.28854 1.11182</i>
            </KeyFrames>
        </RefFrame>
        <Bones count="35">
            <i>
                <p>
                    <Name><![CDATA[aa_chaparral_root]]></Name>
                    <Exclude>0</Exclude>
                    <Additive>0</Additive>
                    <IKPriority>0</IKPriority>
                    <IKRotLimits>-1e+010 -1e+010 -1e+010 1e+010 1e+010 1e+010</IKRotLimits>
                    <IKRotLimitOrder>0</IKRotLimitOrder>
                    <KeyFrames count="97">
                        <i>1 0 0 0 1 0 0 0 1 0 1.28854 1.11182</i>
                        <i>1 0 0 0 1 0 0 0 1 0 1.28854 1.11182</i>
                        <i>1 0 0 0 1 0 0 0 1 0 1.28854 1.11182</i>
                        <i>1 0 0 0 1 0 0 0 1 0 1.28854 1.11182</i>
                        <i>1 0 0 0 1 0 0 0 1 0 1.28854 1.11182</i>
                        <i>1 0 0 0 1 0 0 0 1 0 1.28854 1.11182</i>
                        <i>1 0 0 0 1 0 0 0 1 0 1.28854 1.11182</i>
                        <i>1 0 0 0 1 0 0 0 1 0 1.28854 1.11182</i>
                        <i>1 0 0 0 1 0 0 0 1 0 1.28854 1.11182</i>
                        <i>1 0 0 0 1 0 0 0 1 0 1.28854 1.11182</i>
                        <i>1 0 0 0 1 0 0 0 1 0 1.28854 1.11182</i>
                        <i>1 0 0 0 1 0 0 0 1 0 1.28854 1.11182</i>
                        <i>1 0 0 0 1 0 0 0 1 0 1.28854 1.11182</i>
                        <i>1 0 0 0 1 0 0 0 1 0 1.28854 1.11182</i>
                        <i>1 0 0 0 1 0 0 0 1 0 1.28854 1.11182</i>
                        <i>1 0 0 0 1 0 0 0 1 0 1.28854 1.11182</i>
                        <i>1 0 0 0 1 0 0 0 1 0 1.28854 1.11182</i>
                        <i>1 0 0 0 1 0 0 0 1 0 1.28854 1.11182</i>
                        <i>1 0 0 0 1 0 0 0 1 0 1.28854 1.11182</i>
                        <i>1 0 0 0 1 0 0 0 1 0 1.28854 1.11182</i>
                        <i>1 0 0 0 1 0 0 0 1 0 1.28854 1.11182</i>
                        <i>1 0 0 0 1 0 0 0 1 0 1.28854 1.11182</i>
                        <i>1 0 0 0 1 0 0 0 1 0 1.28854 1.11182</i>
                        <i>1 0 0 0 1 0 0 0 1 0 1.28854 1.11182</i>
                        <i>1 0 0 0 1 0 0 0 1 0 1.28854 1.11182</i>
                        <i>1 0 0 0 1 0 0 0 1 0 1.28854 1.11182</i>
                        <i>1 0 0 0 1 0 0 0 1 0 1.28854 1.11182</i>
                        <i>1 0 0 0 1 0 0 0 1 0 1.28854 1.11182</i>
                        <i>1 0 0 0 1 0 0 0 1 0 1.28854 1.11182</i>
                        <i>1 0 0 0 1 0 0 0 1 0 1.28854 1.11182</i>
                        <i>1 0 0 0 1 0 0 0 1 0 1.28854 1.11182</i>
                        <i>1 0 0 0 1 0 0 0 1 0 1.28854 1.11182</i>
                        <i>1 0 0 0 1 0 0 0 1 0 1.28854 1.11182</i>
                        <i>1 0 0 0 1 0 0 0 1 0 1.28854 1.11182</i>
                        <i>1 0 0 0 1 0 0 0 1 0 1.28854 1.11182</i>
                        <i>1 0 0 0 1 0 0 0 1 0 1.28854 1.11182</i>
                        <i>1 0 0 0 1 0 0 0 1 0 1.28854 1.11182</i>
                        <i>1 0 0 0 1 0 0 0 1 0 1.28854 1.11182</i>
                        <i>1 0 0 0 1 0 0 0 1 0 1.28854 1.11182</i>
                        <i>1 0 0 0 1 0 0 0 1 0 1.28854 1.11182</i>
                        <i>1 0 0 0 1 0 0 0 1 0 1.28854 1.11182</i>
                        <i>1 0 0 0 1 0 0 0 1 0 1.28854 1.11182</i>
                        <i>1 0 0 0 1 0 0 0 1 0 1.28854 1.11182</i>
                        <i>1 0 0 0 1 0 0 0 1 0 1.28854 1.11182</i>
                        <i>1 0 0 0 1 0 0 0 1 0 1.28854 1.11182</i>
                        <i>1 0 0 0 1 0 0 0 1 0 1.28854 1.11182</i>
                        <i>1 0 0 0 1 0 0 0 1 0 1.28854 1.11182</i>
                        <i>1 0 0 0 1 0 0 0 1 0 1.28854 1.11182</i>
                        <i>1 0 0 0 1 0 0 0 1 0 1.28854 1.11182</i>
                        <i>1 0 0 0 1 0 0 0 1 0 1.28854 1.11182</i>
                        <i>1 0 0 0 1 0 0 0 1 0 1.28854 1.11182</i>
                        <i>1 0 0 0 1 0 0 0 1 0 1.28854 1.11182</i>
                        <i>1 0 0 0 1 0 0 0 1 0 1.28854 1.11182</i>
                        <i>1 0 0 0 1 0 0 0 1 0 1.28854 1.11182</i>
                        <i>1 0 0 0 1 0 0 0 1 0 1.28854 1.11182</i>
                        <i>1 0 0 0 1 0 0 0 1 0 1.28854 1.11182</i>
                        <i>1 0 0 0 1 0 0 0 1 0 1.28854 1.11182</i>
                        <i>1 0 0 0 1 0 0 0 1 0 1.28854 1.11182</i>
                        <i>1 0 0 0 1 0 0 0 1 0 1.28854 1.11182</i>
                        <i>1 0 0 0 1 0 0 0 1 0 1.28854 1.11182</i>
                        <i>1 0 0 0 1 0 0 0 1 0 1.28854 1.11182</i>
                        <i>1 0 0 0 1 0 0 0 1 0 1.28854 1.11182</i>
                        <i>1 0 0 0 1 0 0 0 1 0 1.28854 1.11182</i>
                        <i>1 0 0 0 1 0 0 0 1 0 1.28854 1.11182</i>
                        <i>1 0 0 0 1 0 0 0 1 0 1.28854 1.11182</i>
                        <i>1 0 0 0 1 0 0 0 1 0 1.28854 1.11182</i>
                        <i>1 0 0 0 1 0 0 0 1 0 1.28854 1.11182</i>
                        <i>1 0 0 0 1 0 0 0 1 0 1.28854 1.11182</i>
                        <i>1 0 0 0 1 0 0 0 1 0 1.28854 1.11182</i>
                        <i>1 0 0 0 1 0 0 0 1 0 1.28854 1.11182</i>
                        <i>1 0 0 0 1 0 0 0 1 0 1.28854 1.11182</i>
                        <i>1 0 0 0 1 0 0 0 1 0 1.28854 1.11182</i>
                        <i>1 0 0 0 1 0 0 0 1 0 1.28854 1.11182</i>
                        <i>1 0 0 0 1 0 0 0 1 0 1.28854 1.11182</i>
                        <i>1 0 0 0 1 0 0 0 1 0 1.28854 1.11182</i>
                        <i>1 0 0 0 1 0 0 0 1 0 1.28854 1.11182</i>
                        <i>1 0 0 0 1 0 0 0 1 0 1.28854 1.11182</i>
                        <i>1 0 0 0 1 0 0 0 1 0 1.28854 1.11182</i>
                        <i>1 0 0 0 1 0 0 0 1 0 1.28854 1.11182</i>
                        <i>1 0 0 0 1 0 0 0 1 0 1.28854 1.11182</i>
                        <i>1 0 0 0 1 0 0 0 1 0 1.28854 1.11182</i>
                        <i>1 0 0 0 1 0 0 0 1 0 1.28854 1.11182</i>
                        <i>1 0 0 0 1 0 0 0 1 0 1.28854 1.11182</i>
                        <i>1 0 0 0 1 0 0 0 1 0 1.28854 1.11182</i>
                        <i>1 0 0 0 1 0 0 0 1 0 1.28854 1.11182</i>
                        <i>1 0 0 0 1 0 0 0 1 0 1.28854 1.11182</i>
                        <i>1 0 0 0 1 0 0 0 1 0 1.28854 1.11182</i>
                        <i>1 0 0 0 1 0 0 0 1 0 1.28854 1.11182</i>
                        <i>1 0 0 0 1 0 0 0 1 0 1.28854 1.11182</i>
                        <i>1 0 0 0 1 0 0 0 1 0 1.28854 1.11182</i>
                        <i>1 0 0 0 1 0 0 0 1 0 1.28854 1.11182</i>
                        <i>1 0 0 0 1 0 0 0 1 0 1.28854 1.11182</i>
                        <i>1 0 0 0 1 0 0 0 1 0 1.28854 1.11182</i>
                        <i>1 0 0 0 1 0 0 0 1 0 1.28854 1.11182</i>
                        <i>1 0 0 0 1 0 0 0 1 0 1.28854 1.11182</i>
                        <i>1 0 0 0 1 0 0 0 1 0 1.28854 1.11182</i>
                        <i>1 0 0 0 1 0 0 0 1 0 1.28854 1.11182</i>
                    </KeyFrames>
                </p>
            </i>
            <i>
                <p>
                    <Name><![CDATA[all]]></Name>
                    <Exclude>0</Exclude>
                    <Additive>0</Additive>
                    <IKPriority>0</IKPriority>
                    <IKRotLimits>-1e+010 -1e+010 -1e+010 1e+010 1e+010 1e+010</IKRotLimits>
                    <IKRotLimitOrder>0</IKRotLimitOrder>
                    <KeyFrames count="97">
                        <i>0.866025 0 -0.5 0 1 0 0.5 0 0.866025 0 2.1571 1.16901</i>
                        <i>0.866025 0 -0.5 0 1 0 0.5 0 0.866025 0 2.1571 1.16901</i>
                        <i>0.866025 0 -0.5 0 1 0 0.5 0 0.866025 0 2.1571 1.16901</i>
                        <i>0.866025 0 -0.5 0 1 0 0.5 0 0.866025 0 2.1571 1.16901</i>
                        <i>0.866025 0 -0.5 0 1 0 0.5 0 0.866025 0 2.1571 1.16901</i>
                        <i>0.866025 0 -0.5 0 1 0 0.5 0 0.866025 0 2.1571 1.16901</i>
                        <i>0.866025 0 -0.5 0 1 0 0.5 0 0.866025 0 2.1571 1.16901</i>
                        <i>0.866025 0 -0.5 0 1 0 0.5 0 0.866025 0 2.1571 1.16901</i>
                        <i>0.866025 0 -0.5 0 1 0 0.5 0 0.866025 0 2.1571 1.16901</i>
                        <i>0.866025 0 -0.5 0 1 0 0.5 0 0.866025 0 2.1571 1.16901</i>
                        <i>0.866025 0 -0.5 0 1 0 0.5 0 0.866025 0 2.1571 1.16901</i>
                        <i>0.866025 0 -0.5 0 1 0 0.5 0 0.866025 0 2.1571 1.16901</i>
                        <i>0.866025 0 -0.5 0 1 0 0.5 0 0.866025 0 2.1571 1.16901</i>
                        <i>0.866025 0 -0.5 0 1 0 0.5 0 0.866025 0 2.1571 1.16901</i>
                        <i>0.866025 0 -0.5 0 1 0 0.5 0 0.866025 0 2.1571 1.16901</i>
                        <i>0.866025 0 -0.5 0 1 0 0.5 0 0.866025 0 2.1571 1.16901</i>
                        <i>0.866025 0 -0.5 0 1 0 0.5 0 0.866025 0 2.1571 1.16901</i>
                        <i>0.866025 0 -0.5 0 1 0 0.5 0 0.866025 0 2.1571 1.16901</i>
                        <i>0.866025 0 -0.5 0 1 0 0.5 0 0.866025 0 2.1571 1.16901</i>
                        <i>0.866025 0 -0.5 0 1 0 0.5 0 0.866025 0 2.1571 1.16901</i>
                        <i>0.866025 0 -0.5 0 1 0 0.5 0 0.866025 0 2.1571 1.16901</i>
                        <i>0.866025 0 -0.5 0 1 0 0.5 0 0.866025 0 2.1571 1.16901</i>
                        <i>0.866025 0 -0.5 0 1 0 0.5 0 0.866025 0 2.1571 1.16901</i>
                        <i>0.866025 0 -0.5 0 1 0 0.5 0 0.866025 0 2.1571 1.16901</i>
                        <i>0.866025 0 -0.5 0 1 0 0.5 0 0.866025 0 2.1571 1.16901</i>
                        <i>0.866025 0 -0.5 0 1 0 0.5 0 0.866025 0 2.1571 1.16901</i>
                        <i>0.866025 0 -0.5 0 1 0 0.5 0 0.866025 0 2.1571 1.16901</i>
                        <i>0.866025 0 -0.5 0 1 0 0.5 0 0.866025 0 2.1571 1.16901</i>
                        <i>0.866025 0 -0.5 0 1 0 0.5 0 0.866025 0 2.1571 1.16901</i>
                        <i>0.866025 0 -0.5 0 1 0 0.5 0 0.866025 0 2.1571 1.16901</i>
                        <i>0.866025 0 -0.5 0 1 0 0.5 0 0.866025 0 2.1571 1.16901</i>
                        <i>0.866025 0 -0.5 0 1 0 0.5 0 0.866025 0 2.1571 1.16901</i>
                        <i>0.866025 0 -0.5 0 1 0 0.5 0 0.866025 0 2.1571 1.16901</i>
                        <i>0.866025 0 -0.5 0 1 0 0.5 0 0.866025 0 2.1571 1.16901</i>
                        <i>0.866025 0 -0.5 0 1 0 0.5 0 0.866025 0 2.1571 1.16901</i>
                        <i>0.866025 0 -0.5 0 1 0 0.5 0 0.866025 0 2.1571 1.16901</i>
                        <i>0.866025 0 -0.5 0 1 0 0.5 0 0.866025 0 2.1571 1.16901</i>
                        <i>0.866025 0 -0.5 0 1 0 0.5 0 0.866025 0 2.1571 1.16901</i>
                        <i>0.866025 0 -0.5 0 1 0 0.5 0 0.866025 0 2.1571 1.16901</i>
                        <i>0.866025 0 -0.5 0 1 0 0.5 0 0.866025 0 2.1571 1.16901</i>
                        <i>0.866025 0 -0.5 0 1 0 0.5 0 0.866025 0 2.1571 1.16901</i>
                        <i>0.866025 0 -0.5 0 1 0 0.5 0 0.866025 0 2.1571 1.16901</i>
                        <i>0.866025 0 -0.5 0 1 0 0.5 0 0.866025 0 2.1571 1.16901</i>
                        <i>0.866025 0 -0.5 0 1 0 0.5 0 0.866025 0 2.1571 1.16901</i>
                        <i>0.866025 0 -0.5 0 1 0 0.5 0 0.866025 0 2.1571 1.16901</i>
                        <i>0.866025 0 -0.5 0 1 0 0.5 0 0.866025 0 2.1571 1.16901</i>
                        <i>0.866025 0 -0.5 0 1 0 0.5 0 0.866025 0 2.1571 1.16901</i>
                        <i>0.866025 0 -0.5 0 1 0 0.5 0 0.866025 0 2.1571 1.16901</i>
                        <i>0.866025 0 -0.5 0 1 0 0.5 0 0.866025 0 2.1571 1.16901</i>
                        <i>0.866025 0 -0.5 0 1 0 0.5 0 0.866025 0 2.1571 1.16901</i>
                        <i>0.866025 0 -0.5 0 1 0 0.5 0 0.866025 0 2.1571 1.16901</i>
                        <i>0.866025 0 -0.5 0 1 0 0.5 0 0.866025 0 2.1571 1.16901</i>
                        <i>0.866025 0 -0.5 0 1 0 0.5 0 0.866025 0 2.1571 1.16901</i>
                        <i>0.866025 0 -0.5 0 1 0 0.5 0 0.866025 0 2.1571 1.16901</i>
                        <i>0.866025 0 -0.5 0 1 0 0.5 0 0.866025 0 2.1571 1.16901</i>
                        <i>0.866025 0 -0.5 0 1 0 0.5 0 0.866025 0 2.1571 1.16901</i>
                        <i>0.866025 0 -0.5 0 1 0 0.5 0 0.866025 0 2.1571 1.16901</i>
                        <i>0.866025 0 -0.5 0 1 0 0.5 0 0.866025 0 2.1571 1.16901</i>
                        <i>0.866025 0 -0.5 0 1 0 0.5 0 0.866025 0 2.1571 1.16901</i>
                        <i>0.866025 0 -0.5 0 1 0 0.5 0 0.866025 0 2.1571 1.16901</i>
                        <i>0.866025 0 -0.5 0 1 0 0.5 0 0.866025 0 2.1571 1.16901</i>
                        <i>0.866025 0 -0.5 0 1 0 0.5 0 0.866025 0 2.1571 1.16901</i>
                        <i>0.866025 0 -0.5 0 1 0 0.5 0 0.866025 0 2.1571 1.16901</i>
                        <i>0.866025 0 -0.5 0 1 0 0.5 0 0.866025 0 2.1571 1.16901</i>
                        <i>0.866025 0 -0.5 0 1 0 0.5 0 0.866025 0 2.1571 1.16901</i>
                        <i>0.866025 0 -0.5 0 1 0 0.5 0 0.866025 0 2.1571 1.16901</i>
                        <i>0.866025 0 -0.5 0 1 0 0.5 0 0.866025 0 2.1571 1.16901</i>
                        <i>0.866025 0 -0.5 0 1 0 0.5 0 0.866025 0 2.1571 1.16901</i>
                        <i>0.866025 0 -0.5 0 1 0 0.5 0 0.866025 0 2.1571 1.16901</i>
                        <i>0.866025 0 -0.5 0 1 0 0.5 0 0.866025 0 2.1571 1.16901</i>
                        <i>0.866025 0 -0.5 0 1 0 0.5 0 0.866025 0 2.1571 1.16901</i>
                        <i>0.866025 0 -0.5 0 1 0 0.5 0 0.866025 0 2.1571 1.16901</i>
                        <i>0.866025 0 -0.5 0 1 0 0.5 0 0.866025 0 2.1571 1.16901</i>
                        <i>0.866025 0 -0.5 0 1 0 0.5 0 0.866025 0 2.1571 1.16901</i>
                        <i>0.866025 0 -0.5 0 1 0 0.5 0 0.866025 0 2.1571 1.16901</i>
                        <i>0.866025 0 -0.5 0 1 0 0.5 0 0.866025 0 2.1571 1.16901</i>
                        <i>0.866025 0 -0.5 0 1 0 0.5 0 0.866025 0 2.1571 1.16901</i>
                        <i>0.866025 0 -0.5 0 1 0 0.5 0 0.866025 0 2.1571 1.16901</i>
                        <i>0.866025 0 -0.5 0 1 0 0.5 0 0.866025 0 2.1571 1.16901</i>
                        <i>0.866025 0 -0.5 0 1 0 0.5 0 0.866025 0 2.1571 1.16901</i>
                        <i>0.866025 0 -0.5 0 1 0 0.5 0 0.866025 0 2.1571 1.16901</i>
                        <i>0.866025 0 -0.5 0 1 0 0.5 0 0.866025 0 2.1571 1.16901</i>
                        <i>0.866025 0 -0.5 0 1 0 0.5 0 0.866025 0 2.1571 1.16901</i>
                        <i>0.866025 0 -0.5 0 1 0 0.5 0 0.866025 0 2.1571 1.16901</i>
                        <i>0.866025 0 -0.5 0 1 0 0.5 0 0.866025 0 2.1571 1.16901</i>
                        <i>0.866025 0 -0.5 0 1 0 0.5 0 0.866025 0 2.1571 1.16901</i>
                        <i>0.866025 0 -0.5 0 1 0 0.5 0 0.866025 0 2.1571 1.16901</i>
                        <i>0.866025 0 -0.5 0 1 0 0.5 0 0.866025 0 2.1571 1.16901</i>
                        <i>0.866025 0 -0.5 0 1 0 0.5 0 0.866025 0 2.1571 1.16901</i>
                        <i>0.866025 0 -0.5 0 1 0 0.5 0 0.866025 0 2.1571 1.16901</i>
                        <i>0.866025 0 -0.5 0 1 0 0.5 0 0.866025 0 2.1571 1.16901</i>
                        <i>0.866025 0 -0.5 0 1 0 0.5 0 0.866025 0 2.1571 1.16901</i>
                        <i>0.866025 0 -0.5 0 1 0 0.5 0 0.866025 0 2.1571 1.16901</i>
                        <i>0.866025 0 -0.5 0 1 0 0.5 0 0.866025 0 2.1571 1.16901</i>
                        <i>0.866025 0 -0.5 0 1 0 0.5 0 0.866025 0 2.1571 1.16901</i>
                        <i>0.866025 0 -0.5 0 1 0 0.5 0 0.866025 0 2.1571 1.16901</i>
                        <i>0.866025 0 -0.5 0 1 0 0.5 0 0.866025 0 2.1571 1.16901</i>
                    </KeyFrames>
                </p>
            </i>
            <i>
                <p>
                    <Name><![CDATA[body]]></Name>
                    <Exclude>0</Exclude>
                    <Additive>0</Additive>
                    <IKPriority>0</IKPriority>
                    <IKRotLimits>-1e+010 -1e+010 -1e+010 1e+010 1e+010 1e+010</IKRotLimits>
                    <IKRotLimitOrder>0</IKRotLimitOrder>
                    <KeyFrames count="97">
                        <i>0.866025 0 -0.5 0 1 0 0.5 0 0.866025 1.16067e-009 2.1571 1.16901</i>
                        <i>0.866106 0.000560043 -0.49986 -0.000327482 1 0.000552972 0.499861 -0.000315237 0.866106 1.16067e-009 2.1571 1.16901</i>
                        <i>0.866198 0.00122362 -0.4997 -0.000713637 0.999999 0.00121167 0.499701 -0.000692938 0.866198 1.16067e-009 2.1571 1.16901</i>
                        <i>0.866289 0.0018872 -0.49954 -0.00109991 0.999998 0.00187043 0.499542 -0.00107088 0.866289 1.16067e-009 2.1571 1.16901</i>
                        <i>0.866368 0.00244724 -0.4994 -0.00142769 0.999996 0.00242357 0.499404 -0.00138672 0.866368 1.16067e-009 2.1571 1.16901</i>
                        <i>0.866424 0.00280021 -0.4993 -0.00163829 0.999995 0.00276536 0.499306 -0.00157798 0.866425 1.16067e-009 2.1571 1.16901</i>
                        <i>0.866446 0.00284258 -0.499263 -0.00167302 0.999995 0.00279008 0.499268 -0.00158218 0.866446 1.16067e-009 2.1571 1.16901</i>
                        <i>0.866484 0.00227664 -0.499199 -0.00135187 0.999997 0.00221406 0.499202 -0.00124359 0.866485 1.16067e-009 2.1571 1.16901</i>
                        <i>0.866559 0.00112568 -0.499074 -0.000685626 0.999999 0.00106506 0.499075 -0.000580756 0.866559 1.16067e-009 2.1571 1.16901</i>
                        <i>0.866608 -0.000232354 -0.498989 9.80175e-005 1 -0.000295419 0.498989 0.000207103 0.866608 1.16067e-009 2.1571 1.16901</i>
                        <i>0.866574 -0.00141951 -0.499047 0.000770986 0.999999 -0.00150565 0.499048 0.000920001 0.866574 1.16067e-009 2.1571 1.16901</i>
                        <i>0.866398 -0.00205784 -0.499349 0.001105 0.999997 -0.00220381 0.499352 0.0013576 0.866398 1.16067e-009 2.1571 1.16901</i>
                        <i>0.866024 -0.00176941 -0.499999 0.000872123 0.999998 -0.00202825 0.500002 0.00132045 0.866023 1.16067e-009 2.1571 1.16901</i>
                        <i>0.864962 0.000672604 -0.501837 -0.00061485 1 0.000280534 0.501837 6.59032e-005 0.864962 1.16067e-009 2.1571 1.16901</i>
                        <i>0.86329 0.00498056 -0.504683 -0.00319593 0.999985 0.00440172 0.504698 -0.00218703 0.863293 1.16067e-009 2.1571 1.16901</i>
                        <i>0.861821 0.00926074 -0.507129 -0.00584104 0.999948 0.00833383 0.507179 -0.00422011 0.86183 1.16067e-009 2.1571 1.16901</i>
                        <i>0.861406 0.0116199 -0.507784 -0.00754163 0.999921 0.0100881 0.507861 -0.00486041 0.861425 1.16067e-009 2.1571 1.16901</i>
                        <i>0.862276 0.0120052 -0.506296 -0.00842436 0.999921 0.0093624 0.506368 -0.00380775 0.862309 1.16067e-009 2.1571 1.16901</i>
                        <i>0.863843 0.0117024 -0.503625 -0.00917976 0.99993 0.00748907 0.503678 -0.00184622 0.86389 1.16067e-009 2.1571 1.16901</i>
                        <i>0.865748 0.0108262 -0.500362 -0.00965204 0.999941 0.00493499 0.500386 0.00055706 0.865802 1.16067e-009 2.1571 1.16901</i>
                        <i>0.86764 0.00949151 -0.497102 -0.00969431 0.999951 0.00217233 0.497098 0.00293426 0.867689 1.16067e-009 2.1571 1.16901</i>
                        <i>0.869175 0.00781354 -0.494443 -0.00917127 0.999958 -0.000320002 0.49442 0.00481281 0.86921 1.16067e-009 2.1571 1.16901</i>
                        <i>0.870016 0.00590738 -0.492989 -0.00795612 0.999966 -0.0020584 0.49296 0.00571312 0.870033 1.16067e-009 2.1571 1.16901</i>
                        <i>0.870045 0.00337463 -0.492961 -0.00553001 0.99998 -0.00291462 0.492942 0.00526193 0.870046 1.16067e-009 2.1571 1.16901</i>
                        <i>0.869506 4.35007e-005 -0.493922 -0.00189475 0.999993 -0.00324748 0.493918 0.00375956 0.8695 1.16067e-009 2.1571 1.16901</i>
                        <i>0.86861 -0.00363094 -0.495483 0.00229539 0.999992 -0.00330407 0.495491 0.00173262 0.868611 1.16067e-009 2.1571 1.16901</i>
                        <i>0.867571 -0.00719357 -0.497262 0.00638294 0.999974 -0.00332969 0.497273 -0.000285253 0.867594 1.16067e-009 2.1571 1.16901</i>
                        <i>0.866611 -0.0101892 -0.49888 0.00970403 0.999947 -0.00356601 0.49889 -0.00175081 0.866664 1.16067e-009 2.1571 1.16901</i>
                        <i>0.865961 -0.0121627 -0.499963 0.0115895 0.999924 -0.00425166 0.499977 -0.00211257 0.866036 1.16067e-009 2.1571 1.16901</i>
                        <i>0.865732 -0.0124194 -0.500354 0.0107698 0.999923 -0.00618492 0.500393 -3.42377e-005 0.865799 1.16067e-009 2.1418 1.16901</i>
                        <i>0.86577 -0.0111229 -0.500318 0.0076128 0.99993 -0.00905668 0.500384 0.00403218 0.865794 1.16067e-009 2.12456 1.16901</i>
                        <i>0.865914 -0.009106 -0.50011 0.00390563 0.999927 -0.0114443 0.500178 0.0079565 0.865886 1.16067e-009 2.11119 1.16901</i>
                        <i>0.866003 -0.00720118 -0.499987 0.00143121 0.999928 -0.0119228 0.500037 0.00960957 0.865951 1.16067e-009 2.1075 1.16901</i>
                        <i>0.866013 -0.00526454 -0.499993 0.000295186 0.99995 -0.0100174 0.500021 0.00852763 0.865971 1.16067e-009 2.11536 1.16901</i>
                        <i>0.866022 -0.00285993 -0.499998 -0.000573111 0.999977 -0.00671241 0.500006 0.00609965 0.866001 1.16067e-009 2.13031 1.16901</i>
                        <i>0.866025 -0.000381799 -0.5 -0.00115821 0.999995 -0.00276967 0.499999 0.00297771 0.866021 1.16067e-009 2.1487 1.16901</i>
                        <i>0.866024 0.00177541 -0.499999 -0.00144455 0.999998 0.00104878 0.5 -0.000185995 0.866025 1.16067e-009 2.16688 1.16901</i>
                        <i>0.866021 0.00321722 -0.499997 -0.00141657 0.999991 0.00398084 0.500006 -0.00273921 0.866018 1.16067e-009 2.1812 1.16901</i>
                        <i>0.86602 0.0035492 -0.499997 -0.00105876 0.999986 0.00526451 0.500008 -0.00402979 0.866011 1.16067e-009 2.188 1.16901</i>
                        <i>0.866022 0.00260518 -0.499998 -0.000224032 0.999988 0.00482228 0.500005 -0.00406419 0.866013 1.16067e-009 2.18723 1.16901</i>
                        <i>0.866025 0.00070387 -0.5 0.0010996 0.999994 0.00331229 0.499999 -0.00341832 0.866019 1.16067e-009 2.18211 1.16901</i>
                        <i>0.866024 -0.00182179 -0.499999 0.00272486 0.999996 0.00107603 0.499995 -0.0022943 0.866025 1.16067e-009 2.17396 1.16901</i>
                        <i>0.866016 -0.00463886 -0.499995 0.00446451 0.999989 -0.00154496 0.499996 -0.000894265 0.866027 1.16067e-009 2.16407 1.16901</i>
                        <i>0.866002 -0.0074144 -0.499986 0.00613124 0.999972 -0.00420918 0.500004 0.000579624 0.866023 1.16067e-009 2.15373 1.16901</i>
                        <i>0.865984 -0.00981548 -0.499976 0.00753778 0.99995 -0.0065751 0.500015 0.00192522 0.866014 1.16067e-009 2.14426 1.16901</i>
                        <i>0.865968 -0.0115092 -0.499967 0.00849691 0.999929 -0.00830121 0.500027 0.00294041 0.866005 1.16067e-009 2.13693 1.16901</i>
                        <i>0.865961 -0.0121627 -0.499963 0.00882144 0.99992 -0.00904605 0.500033 0.00342314 0.866 1.16067e-009 2.13305 1.16901</i>
                        <i>0.865965 -0.0117902 -0.499965 0.00849884 0.999925 -0.00885975 0.500032 0.00342312 0.866 1.16067e-009 2.13223 1.16901</i>
                        <i>0.865975 -0.0107342 -0.499971 0.00771436 0.999937 -0.00810668 0.500027 0.00316323 0.866004 1.16067e-009 2.13297 1.16901</i>
                        <i>0.865989 -0.00915463 -0.499979 0.00657747 0.999954 -0.00691668 0.50002 0.00270118 0.86601 1.16067e-009 2.13497 1.16901</i>
                        <i>0.866003 -0.00721111 -0.499987 0.00519763 0.999972 -0.00541963 0.500012 0.00209467 0.866016 1.16067e-009 2.13789 1.16901</i>
                        <i>0.866014 -0.00506341 -0.499994 0.00368431 0.999986 -0.0037454 0.500006 0.00140143 0.866021 1.16067e-009 2.14143 1.16901</i>
                        <i>0.866022 -0.00287132 -0.499998 0.00214703 0.999996 -0.00202387 0.500002 0.000679199 0.866024 1.16067e-009 2.14526 1.16901</i>
                        <i>0.866025 -0.000794598 -0.5 0.000695288 1 -0.000384921 0.5 -1.42924e-005 0.866025 1.16067e-009 2.14906 1.16901</i>
                        <i>0.866025 0.00100698 -0.5 -0.000561418 0.999999 0.00104155 0.5 -0.000621296 0.866025 1.16067e-009 2.15251 1.16901</i>
                        <i>0.866023 0.00237364 -0.499999 -0.00151359 0.999997 0.00212566 0.500002 -0.00108408 0.866024 1.16067e-009 2.1553 1.16901</i>
                        <i>0.866021 0.00314561 -0.499998 -0.00205172 0.999994 0.00273752 0.500003 -0.0013449 0.866023 1.16067e-009 2.1571 1.16901</i>
                        <i>0.866021 0.00333849 -0.499997 -0.00218292 0.999993 0.00289605 0.500004 -0.00141659 0.866022 1.16067e-009 2.1583 1.16901</i>
                        <i>0.866021 0.00312663 -0.499998 -0.00202466 0.999994 0.00274643 0.500003 -0.00136614 0.866022 1.16067e-009 2.15946 1.16901</i>
                        <i>0.866023 0.00258838 -0.499998 -0.00163306 0.999996 0.00234821 0.500002 -0.00121707 0.866023 1.16067e-009 2.16048 1.16901</i>
                        <i>0.866024 0.00180212 -0.499999 -0.00106422 0.999998 0.00176096 0.500001 -0.000992923 0.866024 1.16067e-009 2.16128 1.16901</i>
                        <i>0.866025 0.000846201 -0.5 -0.000374226 0.999999 0.00104422 0.5 -0.000717211 0.866025 1.16067e-009 2.16179 1.16901</i>
                        <i>0.866025 -0.000201004 -0.5 0.000380806 1 0.000257568 0.5 -0.000413463 0.866025 1.16067e-009 2.16193 1.16901</i>
                        <i>0.866025 -0.00126113 -0.5 0.00114478 0.999999 -0.000539452 0.5 -0.000105209 0.866025 1.16067e-009 2.16161 1.16901</i>
                        <i>0.866023 -0.00225582 -0.499999 0.00186159 0.999997 -0.00128728 0.5 0.000184025 0.866025 1.16067e-009 2.16075 1.16901</i>
                        <i>0.866021 -0.0031067 -0.499998 0.00247513 0.999995 -0.00192636 0.500001 0.000430709 0.866025 1.16067e-009 2.15927 1.16901</i>
                        <i>0.866019 -0.00373541 -0.499997 0.0029293 0.999993 -0.00239712 0.500002 0.000611317 0.866024 1.16067e-009 2.1571 1.16901</i>
                        <i>0.866018 -0.00408314 -0.499996 0.00318045 0.999991 -0.00265759 0.500002 0.000711309 0.866024 1.16067e-009 2.14953 1.16901</i>
                        <i>0.866018 -0.0041712 -0.499996 0.00324324 0.999991 -0.00272494 0.500003 0.000738236 0.866024 1.16067e-009 2.1365 1.16901</i>
                        <i>0.866018 -0.00404136 -0.499996 0.00314907 0.999992 -0.00262838 0.500002 0.000701703 0.866024 1.16067e-009 2.12483 1.16901</i>
                        <i>0.866019 -0.00373541 -0.499997 0.0029293 0.999993 -0.00239712 0.500002 0.000611317 0.866024 1.16067e-009 2.12139 1.16901</i>
                        <i>0.866021 -0.00330068 -0.499997 0.00261958 0.999994 -0.00206411 0.500001 0.000477775 0.866024 1.16067e-009 2.1272 1.16901</i>
                        <i>0.866022 -0.0027735 -0.499998 0.0022461 0.999996 -0.00165663 0.500001 0.000311634 0.866025 1.16067e-009 2.1375 1.16901</i>
                        <i>0.866023 -0.00217912 -0.499999 0.00182603 0.999998 -0.00119547 0.5 0.000122291 0.866025 1.16067e-009 2.15044 1.16901</i>
                        <i>0.866024 -0.00154278 -0.499999 0.00137652 0.999999 -0.000701362 0.5 -8.08607e-005 0.866025 1.16067e-009 2.16416 1.16901</i>
                        <i>0.866025 -0.000889725 -0.5 0.000914737 1 -0.000195079 0.5 -0.000288425 0.866025 1.16067e-009 2.17681 1.16901</i>
                        <i>0.866025 -0.000245197 -0.5 0.000457851 1 0.000302627 0.5 -0.000491009 0.866025 1.16067e-009 2.18653 1.16901</i>
                        <i>0.866025 0.000365559 -0.5 2.3024e-005 1 0.000770997 0.5 -0.000679215 0.866025 1.16067e-009 2.19421 1.16901</i>
                        <i>0.866025 0.000917301 -0.5 -0.000372581 0.999999 0.00118927 0.5 -0.000843649 0.866025 1.16067e-009 2.20116 1.16901</i>
                        <i>0.866025 0.00138479 -0.5 -0.000711802 0.999999 0.0015367 0.500001 -0.000974918 0.866024 1.16067e-009 2.20615 1.16901</i>
                        <i>0.866024 0.00174277 -0.499999 -0.000977469 0.999998 0.00179251 0.500001 -0.00106362 0.866024 1.16067e-009 2.20796 1.16901</i>
                        <i>0.866024 0.00196601 -0.499999 -0.00115242 0.999997 0.00193596 0.500002 -0.00110038 0.866024 1.16067e-009 2.20536 1.16901</i>
                        <i>0.866024 0.00172851 -0.499999 -0.00102082 0.999998 0.00168891 0.500001 -0.000952222 0.866024 1.16067e-009 2.19525 1.16901</i>
                        <i>0.866025 0.000942897 -0.5 -0.000524988 0.999999 0.000976488 0.5 -0.000583169 0.866025 1.16067e-009 2.17846 1.16901</i>
                        <i>0.866025 -5.81939e-005 -0.5 0.000115022 1 8.28355e-005 0.5 -0.000129248 0.866025 1.16067e-009 2.15962 1.16901</i>
                        <i>0.866025 -0.000942111 -0.5 0.000679139 1 -0.000707918 0.5 0.000273505 0.866025 1.16067e-009 2.14338 1.16901</i>
                        <i>0.866025 -0.00137621 -0.5 0.0009473 0.999999 -0.00111164 0.500001 0.000489056 0.866025 1.16067e-009 2.13439 1.16901</i>
                        <i>0.866025 -0.00121578 -0.5 0.000822754 0.999999 -0.0010065 0.5 0.000460278 0.866025 1.16067e-009 2.135 1.16901</i>
                        <i>0.866025 -0.000682595 -0.5 0.000452215 1 -0.000581931 0.5 0.00027786 0.866025 1.16067e-009 2.1421 1.16901</i>
                        <i>0.866025 6.29318e-006 -0.5 -1.91968e-005 1 -2.06634e-005 0.5 2.74934e-005 0.866025 1.16067e-009 2.15218 1.16901</i>
                        <i>0.866025 0.000633842 -0.5 -0.000446358 1 0.000494568 0.5 -0.000205129 0.866025 1.16067e-009 2.16172 1.16901</i>
                        <i>0.866025 0.000983004 -0.5 -0.000684148 0.999999 0.000781028 0.5 -0.000334316 0.866025 1.16067e-009 2.16719 1.16901</i>
                        <i>0.866025 0.0010003 -0.5 -0.000695517 0.999999 0.000795939 0.5 -0.000341545 0.866025 1.16067e-009 2.16792 1.16901</i>
                        <i>0.866025 0.000830442 -0.5 -0.000577212 1 0.000661123 0.5 -0.000283943 0.866025 1.16067e-009 2.16624 1.16901</i>
                        <i>0.866025 0.000553627 -0.5 -0.000384807 1 0.000440748 0.5 -0.000189295 0.866025 1.16067e-009 2.1632 1.16901</i>
                        <i>0.866025 0.000250076 -0.5 -0.000173879 1 0.000198984 0.5 -8.53861e-005 0.866025 1.16067e-009 2.15981 1.16901</i>
                        <i>0.866025 0 -0.5 0 1 0 0.5 0 0.866025 1.16067e-009 2.1571 1.16901</i>
                    </KeyFrames>
                </p>
            </i>
            <i>
                <p>
                    <Name><![CDATA[turret]]></Name>
                    <Exclude>0</Exclude>
                    <Additive>0</Additive>
                    <IKPriority>0</IKPriority>
                    <IKRotLimits>-1e+010 -1e+010 -1e+010 1e+010 1e+010 1e+010</IKRotLimits>
                    <IKRotLimitOrder>0</IKRotLimitOrder>
                    <KeyFrames count="97">
                        <i>1 0 0 0 1 0 0 0 1 -0.666914 3.66171 0.0138809</i>
                        <i>0.999077 0.000350937 -0.0429624 -0.000327482 1 0.000552972 0.0429626 -0.000538392 0.999077 -0.66722 3.66213 0.0146057</i>
                        <i>0.99589 0.000820445 -0.0905699 -0.000713637 0.999999 0.00121167 0.0905708 -0.00114205 0.995889 -0.667589 3.66264 0.0154744</i>
                        <i>0.989969 0.00135313 -0.141275 -0.00109991 0.999998 0.00187043 0.141277 -0.00169628 0.989969 -0.667958 3.66314 0.0163437</i>
                        <i>0.981097 0.00186968 -0.193506 -0.00142769 0.999996 0.00242357 0.193509 -0.00210149 0.981096 -0.668266 3.66356 0.01707</i>
                        <i>0.969343 0.00226752 -0.245701 -0.00163829 0.999995 0.00276536 0.245706 -0.00227806 0.969342 -0.668452 3.66381 0.0175094</i>
                        <i>0.955076 0.00242471 -0.29635 -0.00167302 0.999995 0.00279008 0.296355 -0.00216894 0.955075 -0.668455 3.66382 0.0175179</i>
                        <i>0.938999 0.00203086 -0.343913 -0.00135187 0.999997 0.00221406 0.343916 -0.00161407 0.938999 -0.667884 3.66337 0.0165998</i>
                        <i>0.922066 0.0010444 -0.387031 -0.000685626 0.999999 0.00106506 0.387032 -0.000716694 0.922066 -0.666711 3.66249 0.0147721</i>
                        <i>0.905372 -0.000214183 -0.42462 9.80175e-005 1 -0.000295419 0.42462 0.000225844 0.905372 -0.665418 3.66144 0.0126592</i>
                        <i>0.890129 -0.00137241 -0.455706 0.000770986 0.999999 -0.00150565 0.455707 0.000988882 0.890129 -0.664484 3.66048 0.010884</i>
                        <i>0.877595 -0.00202625 -0.479398 0.001105 0.999997 -0.00220381 0.479401 0.00140432 0.877595 -0.664387 3.6599 0.0100679</i>
                        <i>0.868988 -0.00176151 -0.494831 0.000872123 0.999998 -0.00202825 0.494833 0.00133097 0.868987 -0.665603 3.65995 0.0108318</i>
                        <i>0.864962 0.000672604 -0.501837 -0.00061485 1 0.000280534 0.501837 6.59032e-005 0.864962 -0.670289 3.66162 0.0157209</i>
                        <i>0.87508 0.004927 -0.483954 -0.00319593 0.999985 0.00440172 0.483968 -0.00230517 0.875082 -0.677988 3.66461 0.024148</i>
                        <i>0.885022 0.009049 -0.465461 -0.00584104 0.999948 0.00833383 0.465512 -0.00465685 0.885029 -0.685278 3.66726 0.0320158</i>
                        <i>0.873272 0.0115007 -0.487098 -0.00754163 0.999921 0.0100881 0.487175 -0.00513611 0.873289 -0.688746 3.66808 0.0351951</i>
                        <i>0.862276 0.0120052 -0.506296 -0.00842436 0.999921 0.0093624 0.506368 -0.00380775 0.862309 -0.688083 3.66667 0.0329249</i>
