<?xml version="1.0" encoding="ISO-8859-1" ?>
<Animl Version="1">
    <ModellingPackage><![CDATA[Maya.2010]]></ModellingPackage>
    <SrcFile><![CDATA[anims\vehicles\attachments\~src\tank_palette\tank_palette_chute_idle.mb]]></SrcFile>
    <FramesPerSecond>30</FramesPerSecond>
    <TotalFrames>76</TotalFrames>
    <Skeleton>
        <RefFrame>
            <Name><![CDATA[tank_palette_ref_frame]]></Name>
            <Exclude>0</Exclude>
            <Additive>0</Additive>
            <IKPriority>0</IKPriority>
            <IKRotLimits>-1e+010 -1e+010 -1e+010 1e+010 1e+010 1e+010</IKRotLimits>
            <IKRotLimitOrder>0</IKRotLimitOrder>
            <KeyFrames count="76">
                <i>1 0 0 0 1 0 0 0 1 0 0 0</i>
                <i>1 0 0 0 1 0 0 0 1 0 0 0</i>
                <i>1 0 0 0 1 0 0 0 1 0 0 0</i>
                <i>1 0 0 0 1 0 0 0 1 0 0 0</i>
                <i>1 0 0 0 1 0 0 0 1 0 0 0</i>
                <i>1 0 0 0 1 0 0 0 1 0 0 0</i>
                <i>1 0 0 0 1 0 0 0 1 0 0 0</i>
                <i>1 0 0 0 1 0 0 0 1 0 0 0</i>
                <i>1 0 0 0 1 0 0 0 1 0 0 0</i>
                <i>1 0 0 0 1 0 0 0 1 0 0 0</i>
                <i>1 0 0 0 1 0 0 0 1 0 0 0</i>
                <i>1 0 0 0 1 0 0 0 1 0 0 0</i>
                <i>1 0 0 0 1 0 0 0 1 0 0 0</i>
                <i>1 0 0 0 1 0 0 0 1 0 0 0</i>
                <i>1 0 0 0 1 0 0 0 1 0 0 0</i>
                <i>1 0 0 0 1 0 0 0 1 0 0 0</i>
                <i>1 0 0 0 1 0 0 0 1 0 0 0</i>
                <i>1 0 0 0 1 0 0 0 1 0 0 0</i>
                <i>1 0 0 0 1 0 0 0 1 0 0 0</i>
                <i>1 0 0 0 1 0 0 0 1 0 0 0</i>
                <i>1 0 0 0 1 0 0 0 1 0 0 0</i>
                <i>1 0 0 0 1 0 0 0 1 0 0 0</i>
                <i>1 0 0 0 1 0 0 0 1 0 0 0</i>
                <i>1 0 0 0 1 0 0 0 1 0 0 0</i>
                <i>1 0 0 0 1 0 0 0 1 0 0 0</i>
                <i>1 0 0 0 1 0 0 0 1 0 0 0</i>
                <i>1 0 0 0 1 0 0 0 1 0 0 0</i>
                <i>1 0 0 0 1 0 0 0 1 0 0 0</i>
                <i>1 0 0 0 1 0 0 0 1 0 0 0</i>
                <i>1 0 0 0 1 0 0 0 1 0 0 0</i>
                <i>1 0 0 0 1 0 0 0 1 0 0 0</i>
                <i>1 0 0 0 1 0 0 0 1 0 0 0</i>
                <i>1 0 0 0 1 0 0 0 1 0 0 0</i>
                <i>1 0 0 0 1 0 0 0 1 0 0 0</i>
                <i>1 0 0 0 1 0 0 0 1 0 0 0</i>
                <i>1 0 0 0 1 0 0 0 1 0 0 0</i>
                <i>1 0 0 0 1 0 0 0 1 0 0 0</i>
                <i>1 0 0 0 1 0 0 0 1 0 0 0</i>
                <i>1 0 0 0 1 0 0 0 1 0 0 0</i>
                <i>1 0 0 0 1 0 0 0 1 0 0 0</i>
                <i>1 0 0 0 1 0 0 0 1 0 0 0</i>
                <i>1 0 0 0 1 0 0 0 1 0 0 0</i>
                <i>1 0 0 0 1 0 0 0 1 0 0 0</i>
                <i>1 0 0 0 1 0 0 0 1 0 0 0</i>
                <i>1 0 0 0 1 0 0 0 1 0 0 0</i>
                <i>1 0 0 0 1 0 0 0 1 0 0 0</i>
                <i>1 0 0 0 1 0 0 0 1 0 0 0</i>
                <i>1 0 0 0 1 0 0 0 1 0 0 0</i>
                <i>1 0 0 0 1 0 0 0 1 0 0 0</i>
                <i>1 0 0 0 1 0 0 0 1 0 0 0</i>
                <i>1 0 0 0 1 0 0 0 1 0 0 0</i>
                <i>1 0 0 0 1 0 0 0 1 0 0 0</i>
                <i>1 0 0 0 1 0 0 0 1 0 0 0</i>
                <i>1 0 0 0 1 0 0 0 1 0 0 0</i>
                <i>1 0 0 0 1 0 0 0 1 0 0 0</i>
                <i>1 0 0 0 1 0 0 0 1 0 0 0</i>
                <i>1 0 0 0 1 0 0 0 1 0 0 0</i>
                <i>1 0 0 0 1 0 0 0 1 0 0 0</i>
                <i>1 0 0 0 1 0 0 0 1 0 0 0</i>
                <i>1 0 0 0 1 0 0 0 1 0 0 0</i>
                <i>1 0 0 0 1 0 0 0 1 0 0 0</i>
                <i>1 0 0 0 1 0 0 0 1 0 0 0</i>
                <i>1 0 0 0 1 0 0 0 1 0 0 0</i>
                <i>1 0 0 0 1 0 0 0 1 0 0 0</i>
                <i>1 0 0 0 1 0 0 0 1 0 0 0</i>
                <i>1 0 0 0 1 0 0 0 1 0 0 0</i>
                <i>1 0 0 0 1 0 0 0 1 0 0 0</i>
                <i>1 0 0 0 1 0 0 0 1 0 0 0</i>
                <i>1 0 0 0 1 0 0 0 1 0 0 0</i>
                <i>1 0 0 0 1 0 0 0 1 0 0 0</i>
                <i>1 0 0 0 1 0 0 0 1 0 0 0</i>
                <i>1 0 0 0 1 0 0 0 1 0 0 0</i>
                <i>1 0 0 0 1 0 0 0 1 0 0 0</i>
                <i>1 0 0 0 1 0 0 0 1 0 0 0</i>
                <i>1 0 0 0 1 0 0 0 1 0 0 0</i>
                <i>1 0 0 0 1 0 0 0 1 0 0 0</i>
            </KeyFrames>
        </RefFrame>
        <Bones count="16">
            <i>
                <p>
                    <Name><![CDATA[tank_palette_root]]></Name>
                    <Exclude>0</Exclude>
                    <Additive>0</Additive>
                    <IKPriority>0</IKPriority>
                    <IKRotLimits>-1e+010 -1e+010 -1e+010 1e+010 1e+010 1e+010</IKRotLimits>
                    <IKRotLimitOrder>0</IKRotLimitOrder>
                    <KeyFrames count="76">
                        <i>1 0 0 0 1 0 0 0 1 0 0 0</i>
                        <i>1 0 0 0 1 0 0 0 1 0 0 0</i>
                        <i>1 0 0 0 1 0 0 0 1 0 0 0</i>
                        <i>1 0 0 0 1 0 0 0 1 0 0 0</i>
                        <i>1 0 0 0 1 0 0 0 1 0 0 0</i>
                        <i>1 0 0 0 1 0 0 0 1 0 0 0</i>
                        <i>1 0 0 0 1 0 0 0 1 0 0 0</i>
                        <i>1 0 0 0 1 0 0 0 1 0 0 0</i>
                        <i>1 0 0 0 1 0 0 0 1 0 0 0</i>
                        <i>1 0 0 0 1 0 0 0 1 0 0 0</i>
                        <i>1 0 0 0 1 0 0 0 1 0 0 0</i>
                        <i>1 0 0 0 1 0 0 0 1 0 0 0</i>
                        <i>1 0 0 0 1 0 0 0 1 0 0 0</i>
                        <i>1 0 0 0 1 0 0 0 1 0 0 0</i>
                        <i>1 0 0 0 1 0 0 0 1 0 0 0</i>
                        <i>1 0 0 0 1 0 0 0 1 0 0 0</i>
                        <i>1 0 0 0 1 0 0 0 1 0 0 0</i>
                        <i>1 0 0 0 1 0 0 0 1 0 0 0</i>
                        <i>1 0 0 0 1 0 0 0 1 0 0 0</i>
                        <i>1 0 0 0 1 0 0 0 1 0 0 0</i>
                        <i>1 0 0 0 1 0 0 0 1 0 0 0</i>
                        <i>1 0 0 0 1 0 0 0 1 0 0 0</i>
                        <i>1 0 0 0 1 0 0 0 1 0 0 0</i>
                        <i>1 0 0 0 1 0 0 0 1 0 0 0</i>
                        <i>1 0 0 0 1 0 0 0 1 0 0 0</i>
                        <i>1 0 0 0 1 0 0 0 1 0 0 0</i>
                        <i>1 0 0 0 1 0 0 0 1 0 0 0</i>
                        <i>1 0 0 0 1 0 0 0 1 0 0 0</i>
                        <i>1 0 0 0 1 0 0 0 1 0 0 0</i>
                        <i>1 0 0 0 1 0 0 0 1 0 0 0</i>
                        <i>1 0 0 0 1 0 0 0 1 0 0 0</i>
                        <i>1 0 0 0 1 0 0 0 1 0 0 0</i>
                        <i>1 0 0 0 1 0 0 0 1 0 0 0</i>
                        <i>1 0 0 0 1 0 0 0 1 0 0 0</i>
                        <i>1 0 0 0 1 0 0 0 1 0 0 0</i>
                        <i>1 0 0 0 1 0 0 0 1 0 0 0</i>
                        <i>1 0 0 0 1 0 0 0 1 0 0 0</i>
                        <i>1 0 0 0 1 0 0 0 1 0 0 0</i>
                        <i>1 0 0 0 1 0 0 0 1 0 0 0</i>
                        <i>1 0 0 0 1 0 0 0 1 0 0 0</i>
                        <i>1 0 0 0 1 0 0 0 1 0 0 0</i>
                        <i>1 0 0 0 1 0 0 0 1 0 0 0</i>
                        <i>1 0 0 0 1 0 0 0 1 0 0 0</i>
                        <i>1 0 0 0 1 0 0 0 1 0 0 0</i>
                        <i>1 0 0 0 1 0 0 0 1 0 0 0</i>
                        <i>1 0 0 0 1 0 0 0 1 0 0 0</i>
                        <i>1 0 0 0 1 0 0 0 1 0 0 0</i>
                        <i>1 0 0 0 1 0 0 0 1 0 0 0</i>
                        <i>1 0 0 0 1 0 0 0 1 0 0 0</i>
                        <i>1 0 0 0 1 0 0 0 1 0 0 0</i>
                        <i>1 0 0 0 1 0 0 0 1 0 0 0</i>
                        <i>1 0 0 0 1 0 0 0 1 0 0 0</i>
                        <i>1 0 0 0 1 0 0 0 1 0 0 0</i>
                        <i>1 0 0 0 1 0 0 0 1 0 0 0</i>
                        <i>1 0 0 0 1 0 0 0 1 0 0 0</i>
                        <i>1 0 0 0 1 0 0 0 1 0 0 0</i>
                        <i>1 0 0 0 1 0 0 0 1 0 0 0</i>
                        <i>1 0 0 0 1 0 0 0 1 0 0 0</i>
                        <i>1 0 0 0 1 0 0 0 1 0 0 0</i>
                        <i>1 0 0 0 1 0 0 0 1 0 0 0</i>
                        <i>1 0 0 0 1 0 0 0 1 0 0 0</i>
                        <i>1 0 0 0 1 0 0 0 1 0 0 0</i>
                        <i>1 0 0 0 1 0 0 0 1 0 0 0</i>
                        <i>1 0 0 0 1 0 0 0 1 0 0 0</i>
                        <i>1 0 0 0 1 0 0 0 1 0 0 0</i>
                        <i>1 0 0 0 1 0 0 0 1 0 0 0</i>
                        <i>1 0 0 0 1 0 0 0 1 0 0 0</i>
                        <i>1 0 0 0 1 0 0 0 1 0 0 0</i>
                        <i>1 0 0 0 1 0 0 0 1 0 0 0</i>
                        <i>1 0 0 0 1 0 0 0 1 0 0 0</i>
                        <i>1 0 0 0 1 0 0 0 1 0 0 0</i>
                        <i>1 0 0 0 1 0 0 0 1 0 0 0</i>
                        <i>1 0 0 0 1 0 0 0 1 0 0 0</i>
                        <i>1 0 0 0 1 0 0 0 1 0 0 0</i>
                        <i>1 0 0 0 1 0 0 0 1 0 0 0</i>
                        <i>1 0 0 0 1 0 0 0 1 0 0 0</i>
                    </KeyFrames>
                </p>
            </i>
            <i>
                <p>
                    <Name><![CDATA[main_rope]]></Name>
                    <Exclude>0</Exclude>
                    <Additive>0</Additive>
                    <IKPriority>0</IKPriority>
                    <IKRotLimits>-1e+010 -1e+010 -1e+010 1e+010 1e+010 1e+010</IKRotLimits>
                    <IKRotLimitOrder>0</IKRotLimitOrder>
                    <KeyFrames count="76">
                        <i>1 0 0 0 1 0 0 0 1 0.0300369 10 0</i>
                        <i>1 -0.000942019 -8.52067e-005 0.000942012 1 -8.3663e-005 8.52855e-005 8.35827e-005 1 0.02763 10.0055 0.00519667</i>
                        <i>0.999998 -0.00212023 3.10006e-005 0.00212024 0.999998 -0.000197589 -3.05816e-005 0.000197654 1 0.0247844 10.0108 0.0106653</i>
                        <i>0.999994 -0.003504 0.000328786 0.00350411 0.999994 -0.000338114 -0.000327599 0.000339264 1 0.0215475 10.016 0.0163607</i>
                        <i>0.999987 -0.00506268 0.000788314 0.00506308 0.999987 -0.000501575 -0.000785764 0.00050556 1 0.0179667 10.021 0.0222375</i>
                        <i>0.999976 -0.00676563 0.00138975 0.00676659 0.999977 -0.00068431 -0.00138509 0.000693698 0.999999 0.0140894 10.0258 0.0282507</i>
                        <i>0.999961 -0.00858221 0.00211325 0.00858409 0.999963 -0.000882655 -0.0021056 0.000900761 0.999997 0.00996318 10.0304 0.0343549</i>
                        <i>0.999941 -0.0104818 0.00293899 0.010485 0.999944 -0.00109295 -0.00292737 0.0011237 0.999995 0.00563536 10.0349 0.0405049</i>
                        <i>0.999915 -0.0124336 0.00384712 0.0124388 0.999922 -0.00131152 -0.00383051 0.00135926 0.999992 0.00115342 10.0391 0.0466555</i>
                        <i>0.999885 -0.0144072 0.00481781 0.0144147 0.999895 -0.00153471 -0.0047952 0.00160398 0.999987 -0.0034352 10.0431 0.0527615</i>
                        <i>0.999849 -0.0163718 0.00583123 0.0163823 0.999864 -0.00175886 -0.00580164 0.00185412 0.999981 -0.00808306 10.0468 0.0587777</i>
                        <i>0.999809 -0.0182968 0.00686753 0.0183108 0.99983 -0.0019803 -0.00683013 0.00210567 0.999974 -0.0127427 10.0503 0.0646588</i>
                        <i>0.999766 -0.0201515 0.00790687 0.0201694 0.999794 -0.00219536 -0.00786101 0.00235432 0.999966 -0.0173667 10.0536 0.0703595</i>
                        <i>0.99972 -0.0219053 0.00892943 0.0219276 0.999757 -0.00240039 -0.00887468 0.00259552 0.999957 -0.0219077 10.0566 0.0758348</i>
                        <i>0.999674 -0.0235277 0.00991537 0.0235545 0.999719 -0.00259172 -0.00985161 0.00282443 0.999947 -0.0263181 10.0593 0.0810392</i>
                        <i>0.999629 -0.024988 0.0108448 0.0250193 0.999683 -0.00276569 -0.0107723 0.003036 0.999937 -0.0305506 10.0617 0.0859277</i>
                        <i>0.999587 -0.0262555 0.011698 0.0262914 0.99965 -0.00291864 -0.0116173 0.003225 0.999927 -0.0345576 10.0638 0.090455</i>
                        <i>0.99955 -0.0272998 0.0124551 0.0273398 0.999622 -0.00304691 -0.0123672 0.00338606 0.999918 -0.0382918 10.0657 0.0945759</i>
                        <i>0.99952 -0.0280903 0.0130962 0.0281338 0.999599 -0.00314684 -0.0130025 0.00351377 0.999909 -0.0417057 10.0671 0.098245</i>
                        <i>0.999498 -0.0285963 0.0136015 0.0286425 0.999585 -0.00321477 -0.0135039 0.00360274 0.999902 -0.0447519 10.0683 0.101417</i>
                        <i>0.999488 -0.0287873 0.0139512 0.0288352 0.999579 -0.00324703 -0.0138519 0.00364765 0.999897 -0.047383 10.0691 0.104048</i>
                        <i>0.99949 -0.0286327 0.0141254 0.0286811 0.999583 -0.00323997 -0.0140268 0.00364345 0.999895 -0.0495514 10.0696 0.10609</i>
                        <i>0.999502 -0.0281984 0.01418 0.0282465 0.999596 -0.00320202 -0.014084 0.00360096 0.999894 -0.0512098 10.0697 0.107501</i>
                        <i>0.999519 -0.0275789 0.0141855 0.0276262 0.999613 -0.00314487 -0.0140933 0.00353525 0.999894 -0.0523106 10.0694 0.108233</i>
                        <i>0.999541 -0.0267861 0.0141445 0.026832 0.999635 -0.00306974 -0.0140572 0.00344786 0.999895 -0.0528066 10.0687 0.108242</i>
                        <i>0.999567 -0.0258318 0.0140597 0.0258761 0.999661 -0.00297782 -0.013978 0.00334035 0.999897 -0.0526502 10.0676 0.107484</i>
                        <i>0.999597 -0.0247282 0.0139334 0.0247704 0.999689 -0.00287035 -0.0138581 0.00321433 0.999899 -0.0519668 10.0661 0.106042</i>
                        <i>0.999629 -0.0234869 0.0137684 0.0235269 0.999719 -0.00274852 -0.0137 0.00307143 0.999901 -0.0509263 10.0642 0.104055</i>
                        <i>0.999663 -0.0221201 0.0135671 0.0221576 0.999751 -0.00261356 -0.0135059 0.0029133 0.999905 -0.0495476 10.0619 0.101552</i>
                        <i>0.999698 -0.0206397 0.0133322 0.0206744 0.999783 -0.00246668 -0.0132784 0.00274157 0.999908 -0.0478501 10.0592 0.0985646</i>
                        <i>0.999733 -0.0190576 0.0130661 0.0190893 0.999815 -0.00230908 -0.0130197 0.00255789 0.999912 -0.0458527 10.0561 0.0951222</i>
                        <i>0.999767 -0.0173857 0.0127714 0.0174144 0.999846 -0.00214199 -0.0127322 0.0023639 0.999916 -0.0435746 10.0527 0.0912558</i>
                        <i>0.9998 -0.015636 0.0124507 0.0156617 0.999875 -0.00196661 -0.0124184 0.00216122 0.999921 -0.0410349 10.049 0.0869958</i>
                        <i>0.999831 -0.0138205 0.0121066 0.0138431 0.999903 -0.00178417 -0.0120807 0.00195146 0.999925 -0.0382528 10.045 0.0823728</i>
                        <i>0.99986 -0.011951 0.0117415 0.0119706 0.999927 -0.00159586 -0.0117216 0.00173619 0.99993 -0.0352474 10.0408 0.0774172</i>
                        <i>0.999885 -0.0100397 0.0113582 0.0100562 0.999948 -0.00140291 -0.0113435 0.00151697 0.999934 -0.0320377 10.0363 0.0721596</i>
                        <i>0.999907 -0.0080983 0.010959 0.008112 0.999966 -0.00120653 -0.0109488 0.00129532 0.999939 -0.028643 10.0316 0.0666304</i>
                        <i>0.999926 -0.00613891 0.0105466 0.00614988 0.999981 -0.00100794 -0.0105402 0.00107272 0.999944 -0.0250824 10.0268 0.0608602</i>
                        <i>0.99994 -0.00417347 0.0101235 0.00418187 0.999991 -0.000808338 -0.01012 0.000850624 0.999948 -0.0213749 10.0218 0.0548795</i>
                        <i>0.999951 -0.00221393 0.0096923 0.00221993 0.999997 -0.000608946 -0.00969093 0.000630432 0.999953 -0.0175397 10.0166 0.0487187</i>
                        <i>0.999957 -0.000272258 0.00925555 0.000276074 1 -0.000410979 -0.00925543 0.000413517 0.999957 -0.0135959 10.0114 0.0424083</i>
                        <i>0.99996 0.00163957 0.00881579 -0.00163774 0.999999 -0.000215649 -0.00881613 0.000201202 0.999961 -0.00956262 10.0061 0.035979</i>
                        <i>0.999959 0.00350961 0.00837559 -0.00350953 0.999994 -2.4169e-005 -0.00837563 -5.22634e-006 0.999965 -0.00545902 10.0007 0.029461</i>
                        <i>0.999954 0.00532588 0.00793751 -0.00532734 0.999986 0.000162247 -0.00793653 -0.000204525 0.999968 -0.0013042 9.99535 0.022885</i>
                        <i>0.999947 0.00707643 0.00750409 -0.00707919 0.999975 0.000342384 -0.00750148 -0.000395488 0.999972 0.0028827 9.98995 0.0162815</i>
                        <i>0.999937 0.00874928 0.00707791 -0.00875314 0.999962 0.000515028 -0.00707313 -0.00057695 0.999975 0.00708257 9.98458 0.00968092</i>
                        <i>0.999924 0.0103325 0.0066615 -0.0103372 0.999946 0.000678968 -0.00665413 -0.000747778 0.999978 0.0112763 9.97926 0.00311378</i>
                        <i>0.999911 0.0118141 0.00625745 -0.0118195 0.99993 0.000832987 -0.00624717 -0.000906873 0.99998 0.0154447 9.97401 -0.00338938</i>
                        <i>0.999896 0.0131821 0.00586829 -0.0131881 0.999913 0.000975873 -0.00585492 -0.00105316 0.999982 0.0195688 9.96886 -0.00979809</i>
                        <i>0.999881 0.0144246 0.0054966 -0.0144309 0.999895 0.00110641 -0.00548006 -0.0011856 0.999984 0.0236293 9.96383 -0.0160819</i>
                        <i>0.999866 0.0155297 0.00514492 -0.0155362 0.999879 0.00122339 -0.00512529 -0.00130316 0.999986 0.0276072 9.95895 -0.0222102</i>
                        <i>0.999853 0.0164853 0.00481581 -0.0164919 0.999863 0.00132559 -0.0047933 -0.00140482 0.999988 0.0314833 9.95425 -0.0281525</i>
                        <i>0.99984 0.0172796 0.00451184 -0.0172861 0.99985 0.00141181 -0.00448676 -0.00148957 0.999989 0.0352385 9.94974 -0.0338784</i>
                        <i>0.999831 0.0179005 0.00423555 -0.0179069 0.999839 0.00148082 -0.00420836 -0.00155641 0.99999 0.0388537 9.94547 -0.0393574</i>
                        <i>0.999824 0.0183114 0.0039801 -0.0183176 0.999831 0.00152951 -0.00395142 -0.00160215 0.999991 0.0423097 9.94143 -0.0445589</i>
                        <i>0.999822 0.0184946 0.00373634 -0.0185005 0.999828 0.00155664 -0.00370691 -0.00162549 0.999992 0.0455875 9.93768 -0.0494524</i>
                        <i>0.999823 0.0184668 0.00350344 -0.0184724 0.999828 0.00156377 -0.00347396 -0.00162821 0.999993 0.0486679 9.93423 -0.0540075</i>
                        <i>0.999828 0.0182447 0.00328052 -0.0182498 0.999832 0.00155249 -0.00325164 -0.0016121 0.999993 0.0515318 9.9311 -0.0581936</i>
                        <i>0.999836 0.0178448 0.00306673 -0.0178496 0.99984 0.00152438 -0.00303904 -0.00157887 0.999994 0.05416 9.92832 -0.0619803</i>
                        <i>0.999847 0.0172839 0.00286122 -0.0172882 0.999849 0.00148101 -0.00283519 -0.00153025 0.999995 0.0565335 9.92592 -0.065337</i>
                        <i>0.999859 0.0165786 0.00266313 -0.0165825 0.999861 0.00142396 -0.00263916 -0.00146792 0.999995 0.0586332 9.92392 -0.0682333</i>
                        <i>0.999873 0.0157456 0.00247161 -0.015749 0.999875 0.00135481 -0.00244996 -0.00139356 0.999996 0.0604398 9.92234 -0.0706386</i>
                        <i>0.999888 0.0148015 0.00228579 -0.0148044 0.99989 0.00127513 -0.00226666 -0.00130883 0.999997 0.0615665 9.92194 -0.0717971</i>
                        <i>0.999903 0.0137629 0.00210482 -0.0137655 0.999905 0.00118652 -0.00208829 -0.00121537 0.999997 0.0617175 9.9233 -0.07112</i>
                        <i>0.999918 0.0126466 0.00192785 -0.0126488 0.999919 0.00109053 -0.0019139 -0.00111483 0.999998 0.0610096 9.92621 -0.0688277</i>
                        <i>0.999933 0.0114692 0.00175402 -0.011471 0.999934 0.000988764 -0.00174256 -0.00100882 0.999998 0.0595601 9.93045 -0.0651404</i>
                        <i>0.999946 0.0102474 0.00158247 -0.0102488 0.999947 0.000882785 -0.00157334 -0.000898956 0.999998 0.0574861 9.93582 -0.0602783</i>
                        <i>0.999959 0.00899775 0.00141235 -0.00899885 0.999959 0.000774176 -0.00140532 -0.000786854 0.999999 0.0549046 9.94211 -0.0544618</i>
                        <i>0.999969 0.00773699 0.0012428 -0.00773782 0.99997 0.000664515 -0.00123762 -0.000674111 0.999999 0.0519327 9.9491 -0.0479111</i>
                        <i>0.999978 0.00648177 0.00107296 -0.00648237 0.999979 0.00055538 -0.00106934 -0.000562323 0.999999 0.0486876 9.95658 -0.0408464</i>
                        <i>0.999986 0.00524876 0.000901982 -0.00524916 0.999986 0.000448349 -0.000899616 -0.000453077 0.999999 0.0452864 9.96434 -0.033488</i>
                        <i>0.999992 0.0040546 0.000729005 -0.00405485 0.999992 0.000345 -0.0007276 -0.000347953 1 0.0418461 9.97218 -0.0260561</i>
                        <i>0.999996 0.00291599 0.000553175 -0.00291613 0.999996 0.000246913 -0.000552452 -0.000248525 1 0.038484 9.97987 -0.0187712</i>
                        <i>0.999998 0.00184958 0.000373635 -0.00184964 0.999998 0.000155665 -0.000373346 -0.000156356 1 0.035317 9.98722 -0.0118533</i>
                        <i>1 0.000872026 0.000189529 -0.00087204 1 7.28345e-005 -0.000189465 -7.29998e-005 1 0.0324622 9.99399 -0.00552285</i>
                        <i>1 0 0 0 1 0 0 0 1 0.0300369 10 0</i>
                    </KeyFrames>
                </p>
            </i>
            <i>
                <p>
                    <Name><![CDATA[left_rope]]></Name>
                    <Exclude>0</Exclude>
                    <Additive>0</Additive>
                    <IKPriority>0</IKPriority>
                    <IKRotLimits>-1e+010 -1e+010 -1e+010 1e+010 1e+010 1e+010</IKRotLimits>
                    <IKRotLimitOrder>0</IKRotLimitOrder>
                    <KeyFrames count="76">
                        <i>1 0 0 0 1 0 0 0 1 5.1013 18.4878 0</i>
                        <i>0.999999 -0.00144071 -0.000509019 0.00144025 0.999999 -0.000898442 0.000510313 0.000897708 0.999999 5.10688 18.4885 0.00405445</i>
                        <i>0.999995 -0.00314244 -0.000837524 0.00314087 0.999993 -0.00186743 0.000843387 0.00186479 0.999998 5.11403 18.4879 0.00914541</i>
                        <i>0.999987 -0.00507234 -0.00100339 0.00506941 0.999983 -0.00289933 0.00101808 0.00289421 0.999995 5.12252 18.486 0.0151582</i>
                        <i>0.999974 -0.00719755 -0.0010245 0.00719341 0.999966 -0.00398654 0.00105316 0.00397906 0.999992 5.13213 18.483 0.021978</i>
                        <i>0.999955 -0.0094852 -0.000918738 0.00948038 0.999942 -0.00512147 0.000967262 0.00511252 0.999986 5.14266 18.4791 0.0294901</i>
                        <i>0.999929 -0.0119024 -0.000704006 0.0118978 0.999909 -0.00629657 0.000778886 0.00628774 0.99998 5.15388 18.4744 0.0375799</i>
                        <i>0.999896 -0.0144163 -0.000398208 0.0144129 0.999868 -0.00750433 0.00050634 0.00749781 0.999972 5.16559 18.4691 0.0461325</i>
                        <i>0.999856 -0.016994 -1.92597e-005 0.0169932 0.999817 -0.0087373 0.000167738 0.00873571 0.999962 5.17756 18.4632 0.0550333</i>
                        <i>0.999808 -0.0196026 0.000414912 0.0196058 0.999758 -0.00998805 -0.00021902 0.00999427 0.99995 5.18959 18.457 0.0641675</i>
                        <i>0.999753 -0.0222091 0.00088637 0.0222177 0.99969 -0.0112492 -0.000636259 0.0112662 0.999936 5.20146 18.4505 0.0734205</i>
                        <i>0.999692 -0.0247808 0.00137717 0.0247961 0.999614 -0.0125136 -0.00106654 0.0125439 0.999921 5.21297 18.444 0.0826773</i>
                        <i>0.999626 -0.0272845 0.00186934 0.0273077 0.999532 -0.0137738 -0.00149265 0.0138197 0.999903 5.2239 18.4375 0.0918235</i>
                        <i>0.999556 -0.0296876 0.00234492 0.0297195 0.999445 -0.0150227 -0.00189764 0.0150858 0.999884 5.23405 18.4313 0.100744</i>
                        <i>0.999485 -0.0319569 0.00278593 0.0319981 0.999356 -0.0162533 -0.00226473 0.0163341 0.999864 5.24321 18.4254 0.109325</i>
                        <i>0.999415 -0.0340597 0.00317438 0.0341101 0.999266 -0.0174584 -0.00257742 0.0175565 0.999843 5.25119 18.4201 0.11745</i>
                        <i>0.999347 -0.035963 0.00349225 0.036022 0.999177 -0.0186311 -0.00281935 0.0187447 0.99982 5.25776 18.4156 0.125006</i>
                        <i>0.999285 -0.037634 0.00372155 0.0377004 0.999094 -0.0197644 -0.00297436 0.0198906 0.999798 5.26274 18.4118 0.131877</i>
                        <i>0.99923 -0.0390398 0.00384425 0.0391116 0.999017 -0.0208515 -0.00302644 0.0209858 0.999775 5.26591 18.4091 0.137949</i>
                        <i>0.999186 -0.0401473 0.00384233 0.040222 0.998951 -0.0218855 -0.00295966 0.0220222 0.999753 5.26708 18.4076 0.143108</i>
                        <i>0.999155 -0.0409239 0.00369775 0.0409979 0.998898 -0.0228596 -0.00275817 0.0229919 0.999732 5.26603 18.4074 0.147237</i>
                        <i>0.99914 -0.0413364 0.00339248 0.0414055 0.99886 -0.0237671 -0.00240616 0.0238871 0.999712 5.26256 18.4087 0.150224</i>
                        <i>0.999136 -0.0414487 0.00298421 0.0415098 0.998835 -0.0246123 -0.00196058 0.0247149 0.999693 5.25727 18.4111 0.152233</i>
                        <i>0.999141 -0.0413531 0.00254564 0.0414045 0.998819 -0.0254026 -0.00149216 0.0254862 0.999674 5.251 18.4141 0.153478</i>
                        <i>0.999155 -0.0410591 0.00208123 0.0410995 0.998813 -0.0261355 -0.00100566 0.0261989 0.999656 5.24387 18.4176 0.153918</i>
                        <i>0.999175 -0.0405765 0.00159543 0.0406047 0.998816 -0.0268086 -0.00050574 0.0268512 0.999639 5.23605 18.4216 0.153509</i>
                        <i>0.999203 -0.0399149 0.0010927 0.0399299 0.998826 -0.0274195 3.02609e-006 0.0274412 0.999623 5.2275 18.4259 0.15234</i>
                        <i>0.999236 -0.0390841 0.00057753 0.039085 0.998845 -0.0279658 0.000516156 0.027967 0.999609 5.21815 18.4306 0.150549</i>
                        <i>0.999274 -0.0380938 5.43827e-005 0.0380799 0.99887 -0.0284451 0.00102926 0.0284265 0.999595 5.20807 18.4354 0.148171</i>
                        <i>0.999317 -0.0369535 -0.000472256 0.0369245 0.998901 -0.0288549 0.00153803 0.0288177 0.999584 5.19736 18.4405 0.145239</i>
                        <i>0.999363 -0.0356731 -0.000997897 0.0356288 0.998939 -0.0291927 0.00203823 0.0291386 0.999573 5.18608 18.4457 0.141785</i>
                        <i>0.999412 -0.0342623 -0.00151805 0.0342028 0.998981 -0.0294561 0.00252574 0.0293869 0.999565 5.17432 18.4511 0.137842</i>
                        <i>0.999462 -0.0327307 -0.00202821 0.0326563 0.999027 -0.0296426 0.00299646 0.0295605 0.999559 5.16214 18.4565 0.133444</i>
                        <i>0.999513 -0.0310882 -0.00252389 0.0309994 0.999077 -0.0297498 0.00344642 0.029657 0.999554 5.14965 18.4619 0.128625</i>
                        <i>0.999565 -0.0293443 -0.00300056 0.0292421 0.999129 -0.029775 0.00387167 0.0296743 0.999552 5.1369 18.4674 0.123416</i>
                        <i>0.999616 -0.0275089 -0.00345373 0.0273943 0.999183 -0.0297157 0.00426836 0.0296097 0.999552 5.12399 18.4728 0.117852</i>
                        <i>0.999665 -0.0255917 -0.00387888 0.025466 0.999238 -0.0295695 0.00463266 0.0294608 0.999555 5.111 18.4781 0.111965</i>
                        <i>0.999713 -0.0235837 -0.00425564 0.0234491 0.999295 -0.0293035 0.00494373 0.0291953 0.999561 5.098 18.4833 0.105789</i>
                        <i>0.999759 -0.0214812 -0.00456799 0.0213405 0.999355 -0.0288932 0.0051857 0.0287888 0.999572 5.08507 18.4884 0.0993573</i>
                        <i>0.999802 -0.0193017 -0.00481792 0.0191576 0.999415 -0.0283485 0.00536228 0.0282506 0.999587 5.07231 18.4932 0.0927022</i>
                        <i>0.999842 -0.0170626 -0.00500746 0.0169177 0.999474 -0.0276792 0.0054771 0.0275901 0.999604 5.05979 18.4979 0.0858573</i>
                        <i>0.999878 -0.0147813 -0.00513859 0.014638 0.999531 -0.0268953 0.00553373 0.0268168 0.999625 5.04759 18.5022 0.0788557</i>
                        <i>0.999909 -0.0124754 -0.00521337 0.0123358 0.999586 -0.0260067 0.00553565 0.02594 0.999648 5.0358 18.5063 0.0717307</i>
                        <i>0.999935 -0.0101622 -0.00523379 0.0100282 0.999637 -0.0250234 0.00548619 0.0249693 0.999673 5.02451 18.5101 0.0645153</i>
                        <i>0.999956 -0.00785932 -0.00520192 0.00773256 0.999683 -0.0239553 0.00538854 0.023914 0.999699 5.01378 18.5135 0.0572428</i>
                        <i>0.999971 -0.00558408 -0.00511978 0.00546591 0.999725 -0.0228123 0.00524576 0.0227837 0.999727 5.00373 18.5165 0.0499463</i>
                        <i>0.999982 -0.00335395 -0.00498943 0.00324542 0.999761 -0.0216045 0.0050607 0.0215879 0.999754 4.99441 18.519 0.042659</i>
                        <i>0.999988 -0.00118638 -0.00481294 0.00108825 0.999792 -0.0203419 0.00483607 0.0203364 0.999782 4.98593 18.5212 0.035414</i>
                        <i>0.999989 0.00090122 -0.00459237 -0.000988481 0.999818 -0.0190345 0.00457438 0.0190388 0.999808 4.97836 18.5228 0.0282446</i>
                        <i>0.999986 0.00289144 -0.00432979 -0.00296762 0.999839 -0.0176923 0.00427794 0.0177049 0.999834 4.9718 18.5239 0.0211839</i>
                        <i>0.999981 0.00476687 -0.00402731 -0.00483202 0.999855 -0.0163255 0.0039489 0.0163446 0.999859 4.96632 18.5245 0.014265</i>
                        <i>0.999972 0.00651011 -0.003687 -0.00656452 0.999867 -0.014944 0.00358922 0.0149678 0.999882 4.96201 18.5245 0.00752111</i>
                        <i>0.999962 0.00810377 -0.00331098 -0.00814796 0.999875 -0.0135581 0.00320069 0.0135846 0.999903 4.95897 18.5239 0.00098545</i>
                        <i>0.99995 0.00953048 -0.00290134 -0.00956514 0.99988 -0.0121779 0.00278493 0.012205 0.999922 4.95726 18.5227 -0.00530884</i>
                        <i>0.999939 0.0107481 -0.00246961 -0.0107742 0.999883 -0.0108154 0.00235308 0.0108413 0.999938 4.9572 18.5207 -0.0113925</i>
                        <i>0.999929 0.0117335 -0.0020296 -0.0117522 0.999886 -0.0094809 0.00191813 0.00950408 0.999953 4.95891 18.5178 -0.0172919</i>
                        <i>0.999921 0.0124981 -0.00158687 -0.0125106 0.999888 -0.00818179 0.00148444 0.00820099 0.999965 4.96224 18.5143 -0.0229676</i>
                        <i>0.999914 0.013053 -0.00114697 -0.0130606 0.999891 -0.00692539 0.00105645 0.00693978 0.999975 4.96702 18.51 -0.0283799</i>
                        <i>0.99991 0.0134095 -0.000715449 -0.0134134 0.999894 -0.00571907 0.000638682 0.00572815 0.999983 4.97308 18.5053 -0.0334894</i>
                        <i>0.999908 0.013579 -0.000297846 -0.0135802 0.999897 -0.00457017 0.000235757 0.0045738 0.99999 4.98027 18.5001 -0.0382565</i>
                        <i>0.999908 0.0135726 0.000100307 -0.0135722 0.999902 -0.00348606 -0.000147612 0.00348438 0.999994 4.98843 18.4947 -0.0426415</i>
                        <i>0.99991 0.0134016 0.000473486 -0.0134004 0.999907 -0.00247408 -0.000506599 0.00246751 0.999997 4.99738 18.489 -0.0466051</i>
                        <i>0.999914 0.0130772 0.000816176 -0.0130759 0.999913 -0.00154159 -0.000836265 0.00153079 0.999999 5.0066 18.4839 -0.0493821</i>
                        <i>0.99992 0.0126106 0.00112287 -0.0126098 0.99992 -0.000695937 -0.00113156 0.000681722 0.999999 5.01565 18.4801 -0.050375</i>
                        <i>0.999927 0.0120131 0.00138807 -0.0120131 0.999928 5.55137e-005 -0.0013873 -7.21847e-005 0.999999 5.02449 18.4775 -0.0497948</i>
                        <i>0.999935 0.0112958 0.00160628 -0.0112969 0.999936 0.000705414 -0.00159821 -0.000723514 0.999998 5.03311 18.4759 -0.0478529</i>
                        <i>0.999944 0.01047 0.00177202 -0.0104722 0.999944 0.00124641 -0.00175887 -0.0012649 0.999998 5.04148 18.4752 -0.0447603</i>
                        <i>0.999953 0.00954682 0.00187981 -0.00954997 0.999953 0.00167115 -0.00186377 -0.00168902 0.999997 5.04957 18.4752 -0.0407283</i>
                        <i>0.999962 0.00853752 0.00192418 -0.00854131 0.999962 0.00197226 -0.00190727 -0.00198862 0.999996 5.05736 18.4759 -0.0359682</i>
                        <i>0.99997 0.00745325 0.00189967 -0.00745732 0.99997 0.0021424 -0.00188364 -0.0021565 0.999996 5.06482 18.4771 -0.0306911</i>
                        <i>0.999978 0.00630522 0.0018008 -0.00630913 0.999978 0.0021742 -0.00178705 -0.00218551 0.999996 5.07192 18.4787 -0.0251083</i>
                        <i>0.999986 0.00510459 0.00162212 -0.00510793 0.999985 0.00206029 -0.00161158 -0.00206854 0.999997 5.07865 18.4805 -0.0194309</i>
                        <i>0.999992 0.00386257 0.00135816 -0.003865 0.999991 0.00179329 -0.00135122 -0.00179853 0.999997 5.08497 18.4825 -0.0138701</i>
                        <i>0.999996 0.00259033 0.00100347 -0.0025917 0.999996 0.00136584 -0.000999926 -0.00136843 0.999999 5.09087 18.4844 -0.00863727</i>
                        <i>0.999999 0.00129908 0.000552571 -0.0012995 0.999999 0.000770537 -0.00055157 -0.000771255 1 5.09632 18.4863 -0.00394349</i>
                        <i>1 0 0 0 1 0 0 0 1 5.1013 18.4878 0</i>
                    </KeyFrames>
                </p>
            </i>
            <i>
                <p>
                    <Name><![CDATA[left_chute_1]]></Name>
                    <Exclude>0</Exclude>
                    <Additive>0</Additive>
                    <IKPriority>0</IKPriority>
                    <IKRotLimits>-1e+010 -1e+010 -1e+010 1e+010 1e+010 1e+010</IKRotLimits>
                    <IKRotLimitOrder>0</IKRotLimitOrder>
                    <KeyFrames count="76">
                        <i>0.999993 -0.0035353 -0.00143856 0.00354672 0.999962 0.00801508 0.00141017 -0.00802012 0.999967 5.61165 26.9642 0.013705</i>
                        <i>0.999991 -0.00291343 -0.00308875 0.00293164 0.999978 0.0059076 0.00307147 -0.0059166 0.999978 5.62568 26.9497 0.00907148</i>
                        <i>0.99999 -0.00336094 -0.00305003 0.00336806 0.999992 0.00233244 0.00304216 -0.00234269 0.999993 5.64346 26.9361 -0.00313878</i>
                        <i>0.999987 -0.00507234 -0.00100339 0.00506941 0.999983 -0.00289933 0.00101808 0.00289421 0.999995 5.66491 26.9245 -0.0242576</i>
                        <i>0.999969 -0.00754411 0.00244855 0.00756659 0.999928 -0.00930323 -0.00237819 0.00932146 0.999954 5.68928 26.9133 -0.0514472</i>
                        <i>0.999928 -0.0101284 0.00640862 0.010231 0.999817 -0.0161854 -0.00624352 0.0162498 0.999848 5.71566 26.9006 -0.0805436</i>
                        <i>0.99986 -0.0128018 0.010755 0.0130509 0.999641 -0.0234198 -0.0104513 0.0235569 0.999668 5.74373 26.8866 -0.110894</i>
                        <i>0.999761 -0.0155417 0.0153657 0.0160106 0.999395 -0.0308803 -0.0148765 0.031119 0.999405 5.77321 26.8717 -0.141848</i>
                        <i>0.99963 -0.0183257 0.020119 0.0190893 0.999079 -0.038441 -0.019396 0.0388108 0.999058 5.80376 26.8561 -0.172753</i>
                        <i>0.999467 -0.0211324 0.024893 0.0222612 0.998694 -0.0459758 -0.023889 0.0465054 0.998632 5.83508 26.8402 -0.202959</i>
                        <i>0.999276 -0.0239409 0.0295661 0.0254951 0.99825 -0.0533594 -0.0282369 0.0540745 0.998138 5.86682 26.8244 -0.231819</i>
                        <i>0.999064 -0.0267311 0.0340166 0.0287549 0.997756 -0.0604668 -0.0323239 0.0613883 0.99759 5.89863 26.809 -0.258687</i>
                        <i>0.998838 -0.0294837 0.0381231 0.032 0.997228 -0.0671737 -0.0360369 0.0683156 0.997013 5.93016 26.7944 -0.282917</i>
                        <i>0.998609 -0.0321801 0.0417642 0.035186 0.996685 -0.0733567 -0.0392651 0.0747242 0.996431 5.96104 26.781 -0.303867</i>
                        <i>0.998389 -0.0348025 0.0448187 0.038266 0.996148 -0.0788927 -0.0419004 0.0804806 0.995875 5.99091 26.7691 -0.320898</i>
                        <i>0.998189 -0.0373338 0.0471656 0.0411916 0.995643 -0.0836595 -0.0438367 0.0854508 0.995378 6.01939 26.7591 -0.333371</i>
                        <i>0.998023 -0.0397574 0.0486837 0.0439146 0.995193 -0.0875352 -0.0449695 0.0895 0.994971 6.04612 26.7515 -0.34065</i>
                        <i>0.997901 -0.0420571 0.0492522 0.0463891 0.994825 -0.0903979 -0.0451954 0.0924929 0.994687 6.07073 26.7467 -0.342101</i>
                        <i>0.997858 -0.0444364 0.0479993 0.0486837 0.994634 -0.0912817 -0.0436856 0.093423 0.994668 6.09289 26.7459 -0.333389</i>
                        <i>0.997905 -0.0469935 0.0444685 0.0508378 0.994672 -0.0896852 -0.040017 0.091758 0.994977 6.11292 26.7508 -0.311501</i>
                        <i>0.998004 -0.049552 0.0391599 0.0527785 0.99488 -0.0861815 -0.034689 0.0880762 0.99551 6.1308 26.7615 -0.278594</i>
                        <i>0.998119 -0.0519319 0.0325731 0.0544346 0.995198 -0.0813441 -0.0281923 0.0829642 0.996154 6.14578 26.7771 -0.237776</i>
                        <i>0.998218 -0.0540473 0.0252833 0.0558223 0.995562 -0.0757588 -0.0210766 0.0770352 0.996806 6.15869 26.7963 -0.191925</i>
                        <i>0.99828 -0.0558388 0.0178811 0.0569609 0.995918 -0.0700166 -0.0138985 0.0709146 0.997386 6.17075 26.8174 -0.143889</i>
                        <i>0.998305 -0.0571644 0.0108887 0.0577514 0.996232 -0.064702 -0.00714898 0.0652212 0.997845 6.18167 26.8393 -0.0967246</i>
                        <i>0.998312 -0.0578812 0.0048278 0.0580673 0.996484 -0.060401 -0.00131474 0.0605794 0.998162 6.1911 26.861 -0.0534863</i>
                        <i>0.998326 -0.0578461 0.000220083 0.0577624 0.996662 -0.0576994 0.00311834 0.0576154 0.998334 6.19843 26.8815 -0.0170942</i>
                        <i>0.998376 -0.0569155 -0.00241338 0.0566847 0.996753 -0.0571822 0.00566009 0.0569525 0.998361 6.203 26.8995 0.00958774</i>
                        <i>0.998464 -0.0552826 -0.0037423 0.0549719 0.996791 -0.0581912 0.00694725 0.0578961 0.998298 6.20471 26.9155 0.0293664</i>
                        <i>0.998569 -0.0532602 -0.00479436 0.0528804 0.996818 -0.0596422 0.00795566 0.0593034 0.998208 6.20367 26.9302 0.046841</i>
                        <i>0.998689 -0.0508826 -0.00558544 0.0504442 0.996833 -0.0614804 0.00869604 0.0611181 0.998093 6.19967 26.9431 0.0617335</i>
                        <i>0.99882 -0.0481846 -0.00613131 0.047698 0.996832 -0.0636509 0.00917888 0.0632833 0.997953 6.19255 26.9541 0.073767</i>
                        <i>0.998957 -0.0452007 -0.00644757 0.0446771 0.996812 -0.066099 0.00941474 0.065742 0.997792 6.1821 26.9625 0.0826648</i>
                        <i>0.999098 -0.041966 -0.00654972 0.0414175 0.996772 -0.06877 0.00941458 0.0684366 0.997611 6.16816 26.9682 0.0881504</i>
                        <i>0.999237 -0.0385153 -0.00645316 0.0379555 0.99671 -0.0716093 0.00918999 0.0713097 0.997412 6.15055 26.9707 0.0899469</i>
                        <i>0.999372 -0.0348838 -0.00617319 0.0343274 0.996625 -0.0745624 0.00875338 0.0743037 0.997197 6.1291 26.9696 0.0877763</i>
                        <i>0.9995 -0.0311068 -0.00572505 0.0305697 0.996518 -0.077575 0.00811823 0.0773612 0.99697 6.10364 26.9647 0.0813592</i>
                        <i>0.999617 -0.0272009 -0.00510819 0.0267015 0.996392 -0.0805626 0.00728114 0.0803954 0.996736 6.07492 26.9557 0.071809</i>
                        <i>0.999722 -0.0231882 -0.00432616 0.0227466 0.996252 -0.0834493 0.00624498 0.0833277 0.996503 6.04404 26.943 0.0605924</i>
                        <i>0.999812 -0.0191119 -0.00340034 0.0187479 0.996102 -0.0861936 0.00503441 0.0861136 0.996273 6.01139 26.9271 0.0479567</i>
                        <i>0.999884 -0.0150156 -0.0023523 0.0147476 0.995944 -0.0887543 0.00367546 0.0887093 0.996051 5.97735 26.9084 0.0341477</i>
                        <i>0.999939 -0.0109426 -0.00120375 0.0107875 0.995784 -0.09109 0.00219543 0.0910715 0.995842 5.9423 26.8873 0.0194107</i>
                        <i>0.999976 -0.00693614 2.33811e-005 0.00690815 0.995627 -0.0931594 0.000622886 0.0931573 0.995651 5.9066 26.8643 0.00399156</i>
                        <i>0.999995 -0.00303944 0.00130695 0.00314977 0.99548 -0.0949214 -0.00101254 0.094925 0.995484 5.87063 26.8397 -0.011863</i>
                        <i>0.999996 0.000704445 0.00262457 -0.000448332 0.995349 -0.0963346 -0.00268022 0.0963331 0.995346 5.83473 26.814 -0.0279042</i>
                        <i>0.999983 0.00425264 0.00395362 -0.00384755 0.995242 -0.0973577 -0.00434883 0.0973409 0.995242 5.79925 26.7877 -0.0438806</i>
                        <i>0.999958 0.00756246 0.00527122 -0.00700989 0.995167 -0.0979494 -0.00598649 0.0979083 0.995177 5.76454 26.7611 -0.0595383</i>
