<?xml version="1.0" encoding="ISO-8859-1" ?>
<Animl Version="1">
    <ModellingPackage><![CDATA[Maya.2010]]></ModellingPackage>
    <SrcFile><![CDATA[anims\vehicles\attachments\~src\tank_palette\tank_palette_land.mb]]></SrcFile>
    <FramesPerSecond>30</FramesPerSecond>
    <TotalFrames>76</TotalFrames>
    <Skeleton>
        <RefFrame>
            <Name><![CDATA[tank_palette_ref_frame]]></Name>
            <Exclude>0</Exclude>
            <Additive>0</Additive>
            <IKPriority>0</IKPriority>
            <IKRotLimits>-1e+010 -1e+010 -1e+010 1e+010 1e+010 1e+010</IKRotLimits>
            <IKRotLimitOrder>0</IKRotLimitOrder>
            <KeyFrames count="76">
                <i>1 0 0 0 1 0 0 0 1 0 0 0</i>
                <i>1 0 0 0 1 0 0 0 1 0 0 0</i>
                <i>1 0 0 0 1 0 0 0 1 0 0 0</i>
                <i>1 0 0 0 1 0 0 0 1 0 0 0</i>
                <i>1 0 0 0 1 0 0 0 1 0 0 0</i>
                <i>1 0 0 0 1 0 0 0 1 0 0 0</i>
                <i>1 0 0 0 1 0 0 0 1 0 0 0</i>
                <i>1 0 0 0 1 0 0 0 1 0 0 0</i>
                <i>1 0 0 0 1 0 0 0 1 0 0 0</i>
                <i>1 0 0 0 1 0 0 0 1 0 0 0</i>
                <i>1 0 0 0 1 0 0 0 1 0 0 0</i>
                <i>1 0 0 0 1 0 0 0 1 0 0 0</i>
                <i>1 0 0 0 1 0 0 0 1 0 0 0</i>
                <i>1 0 0 0 1 0 0 0 1 0 0 0</i>
                <i>1 0 0 0 1 0 0 0 1 0 0 0</i>
                <i>1 0 0 0 1 0 0 0 1 0 0 0</i>
                <i>1 0 0 0 1 0 0 0 1 0 0 0</i>
                <i>1 0 0 0 1 0 0 0 1 0 0 0</i>
                <i>1 0 0 0 1 0 0 0 1 0 0 0</i>
                <i>1 0 0 0 1 0 0 0 1 0 0 0</i>
                <i>1 0 0 0 1 0 0 0 1 0 0 0</i>
                <i>1 0 0 0 1 0 0 0 1 0 0 0</i>
                <i>1 0 0 0 1 0 0 0 1 0 0 0</i>
                <i>1 0 0 0 1 0 0 0 1 0 0 0</i>
                <i>1 0 0 0 1 0 0 0 1 0 0 0</i>
                <i>1 0 0 0 1 0 0 0 1 0 0 0</i>
                <i>1 0 0 0 1 0 0 0 1 0 0 0</i>
                <i>1 0 0 0 1 0 0 0 1 0 0 0</i>
                <i>1 0 0 0 1 0 0 0 1 0 0 0</i>
                <i>1 0 0 0 1 0 0 0 1 0 0 0</i>
                <i>1 0 0 0 1 0 0 0 1 0 0 0</i>
                <i>1 0 0 0 1 0 0 0 1 0 0 0</i>
                <i>1 0 0 0 1 0 0 0 1 0 0 0</i>
                <i>1 0 0 0 1 0 0 0 1 0 0 0</i>
                <i>1 0 0 0 1 0 0 0 1 0 0 0</i>
                <i>1 0 0 0 1 0 0 0 1 0 0 0</i>
                <i>1 0 0 0 1 0 0 0 1 0 0 0</i>
                <i>1 0 0 0 1 0 0 0 1 0 0 0</i>
                <i>1 0 0 0 1 0 0 0 1 0 0 0</i>
                <i>1 0 0 0 1 0 0 0 1 0 0 0</i>
                <i>1 0 0 0 1 0 0 0 1 0 0 0</i>
                <i>1 0 0 0 1 0 0 0 1 0 0 0</i>
                <i>1 0 0 0 1 0 0 0 1 0 0 0</i>
                <i>1 0 0 0 1 0 0 0 1 0 0 0</i>
                <i>1 0 0 0 1 0 0 0 1 0 0 0</i>
                <i>1 0 0 0 1 0 0 0 1 0 0 0</i>
                <i>1 0 0 0 1 0 0 0 1 0 0 0</i>
                <i>1 0 0 0 1 0 0 0 1 0 0 0</i>
                <i>1 0 0 0 1 0 0 0 1 0 0 0</i>
                <i>1 0 0 0 1 0 0 0 1 0 0 0</i>
                <i>1 0 0 0 1 0 0 0 1 0 0 0</i>
                <i>1 0 0 0 1 0 0 0 1 0 0 0</i>
                <i>1 0 0 0 1 0 0 0 1 0 0 0</i>
                <i>1 0 0 0 1 0 0 0 1 0 0 0</i>
                <i>1 0 0 0 1 0 0 0 1 0 0 0</i>
                <i>1 0 0 0 1 0 0 0 1 0 0 0</i>
                <i>1 0 0 0 1 0 0 0 1 0 0 0</i>
                <i>1 0 0 0 1 0 0 0 1 0 0 0</i>
                <i>1 0 0 0 1 0 0 0 1 0 0 0</i>
                <i>1 0 0 0 1 0 0 0 1 0 0 0</i>
                <i>1 0 0 0 1 0 0 0 1 0 0 0</i>
                <i>1 0 0 0 1 0 0 0 1 0 0 0</i>
                <i>1 0 0 0 1 0 0 0 1 0 0 0</i>
                <i>1 0 0 0 1 0 0 0 1 0 0 0</i>
                <i>1 0 0 0 1 0 0 0 1 0 0 0</i>
                <i>1 0 0 0 1 0 0 0 1 0 0 0</i>
                <i>1 0 0 0 1 0 0 0 1 0 0 0</i>
                <i>1 0 0 0 1 0 0 0 1 0 0 0</i>
                <i>1 0 0 0 1 0 0 0 1 0 0 0</i>
                <i>1 0 0 0 1 0 0 0 1 0 0 0</i>
                <i>1 0 0 0 1 0 0 0 1 0 0 0</i>
                <i>1 0 0 0 1 0 0 0 1 0 0 0</i>
                <i>1 0 0 0 1 0 0 0 1 0 0 0</i>
                <i>1 0 0 0 1 0 0 0 1 0 0 0</i>
                <i>1 0 0 0 1 0 0 0 1 0 0 0</i>
                <i>1 0 0 0 1 0 0 0 1 0 0 0</i>
            </KeyFrames>
        </RefFrame>
        <Bones count="16">
            <i>
                <p>
                    <Name><![CDATA[tank_palette_root]]></Name>
                    <Exclude>0</Exclude>
                    <Additive>0</Additive>
                    <IKPriority>0</IKPriority>
                    <IKRotLimits>-1e+010 -1e+010 -1e+010 1e+010 1e+010 1e+010</IKRotLimits>
                    <IKRotLimitOrder>0</IKRotLimitOrder>
                    <KeyFrames count="76">
                        <i>1 0 0 0 1 0 0 0 1 0 0 0</i>
                        <i>1 0 0 0 1 0 0 0 1 0 0 0</i>
                        <i>1 0 0 0 1 0 0 0 1 0 0 0</i>
                        <i>1 0 0 0 1 0 0 0 1 0 0 0</i>
                        <i>1 0 0 0 1 0 0 0 1 0 0 0</i>
                        <i>1 0 0 0 1 0 0 0 1 0 0 0</i>
                        <i>1 0 0 0 1 0 0 0 1 0 0 0</i>
                        <i>1 0 0 0 1 0 0 0 1 0 0 0</i>
                        <i>1 0 0 0 1 0 0 0 1 0 0 0</i>
                        <i>1 0 0 0 1 0 0 0 1 0 0 0</i>
                        <i>1 0 0 0 1 0 0 0 1 0 0 0</i>
                        <i>1 0 0 0 1 0 0 0 1 0 0 0</i>
                        <i>1 0 0 0 1 0 0 0 1 0 0 0</i>
                        <i>1 0 0 0 1 0 0 0 1 0 0 0</i>
                        <i>1 0 0 0 1 0 0 0 1 0 0 0</i>
                        <i>1 0 0 0 1 0 0 0 1 0 0 0</i>
                        <i>1 0 0 0 1 0 0 0 1 0 0 0</i>
                        <i>1 0 0 0 1 0 0 0 1 0 0 0</i>
                        <i>1 0 0 0 1 0 0 0 1 0 0 0</i>
                        <i>1 0 0 0 1 0 0 0 1 0 0 0</i>
                        <i>1 0 0 0 1 0 0 0 1 0 0 0</i>
                        <i>1 0 0 0 1 0 0 0 1 0 0 0</i>
                        <i>1 0 0 0 1 0 0 0 1 0 0 0</i>
                        <i>1 0 0 0 1 0 0 0 1 0 0 0</i>
                        <i>1 0 0 0 1 0 0 0 1 0 0 0</i>
                        <i>1 0 0 0 1 0 0 0 1 0 0 0</i>
                        <i>1 0 0 0 1 0 0 0 1 0 0 0</i>
                        <i>1 0 0 0 1 0 0 0 1 0 0 0</i>
                        <i>1 0 0 0 1 0 0 0 1 0 0 0</i>
                        <i>1 0 0 0 1 0 0 0 1 0 0 0</i>
                        <i>1 0 0 0 1 0 0 0 1 0 0 0</i>
                        <i>1 0 0 0 1 0 0 0 1 0 0 0</i>
                        <i>1 0 0 0 1 0 0 0 1 0 0 0</i>
                        <i>1 0 0 0 1 0 0 0 1 0 0 0</i>
                        <i>1 0 0 0 1 0 0 0 1 0 0 0</i>
                        <i>1 0 0 0 1 0 0 0 1 0 0 0</i>
                        <i>1 0 0 0 1 0 0 0 1 0 0 0</i>
                        <i>1 0 0 0 1 0 0 0 1 0 0 0</i>
                        <i>1 0 0 0 1 0 0 0 1 0 0 0</i>
                        <i>1 0 0 0 1 0 0 0 1 0 0 0</i>
                        <i>1 0 0 0 1 0 0 0 1 0 0 0</i>
                        <i>1 0 0 0 1 0 0 0 1 0 0 0</i>
                        <i>1 0 0 0 1 0 0 0 1 0 0 0</i>
                        <i>1 0 0 0 1 0 0 0 1 0 0 0</i>
                        <i>1 0 0 0 1 0 0 0 1 0 0 0</i>
                        <i>1 0 0 0 1 0 0 0 1 0 0 0</i>
                        <i>1 0 0 0 1 0 0 0 1 0 0 0</i>
                        <i>1 0 0 0 1 0 0 0 1 0 0 0</i>
                        <i>1 0 0 0 1 0 0 0 1 0 0 0</i>
                        <i>1 0 0 0 1 0 0 0 1 0 0 0</i>
                        <i>1 0 0 0 1 0 0 0 1 0 0 0</i>
                        <i>1 0 0 0 1 0 0 0 1 0 0 0</i>
                        <i>1 0 0 0 1 0 0 0 1 0 0 0</i>
                        <i>1 0 0 0 1 0 0 0 1 0 -0.00439171 0</i>
                        <i>1 0 0 0 1 0 0 0 1 0 -0.0171765 0</i>
                        <i>1 0 0 0 1 0 0 0 1 0 -0.0377688 0</i>
                        <i>1 0 0 0 1 0 0 0 1 0 -0.065583 0</i>
                        <i>1 0 0 0 1 0 0 0 1 0 -0.100034 0</i>
                        <i>1 0 0 0 1 0 0 0 1 0 -0.140535 0</i>
                        <i>1 0 0 0 1 0 0 0 1 0 -0.186502 0</i>
                        <i>1 0 0 0 1 0 0 0 1 0 -0.237348 0</i>
                        <i>1 0 0 0 1 0 0 0 1 0 -0.292489 0</i>
                        <i>1 0 0 0 1 0 0 0 1 0 -0.351338 0</i>
                        <i>1 0 0 0 1 0 0 0 1 0 -0.41331 0</i>
                        <i>1 0 0 0 1 0 0 0 1 0 -0.47782 0</i>
                        <i>1 0 0 0 1 0 0 0 1 0 -0.544281 0</i>
                        <i>1 0 0 0 1 0 0 0 1 0 -0.612109 0</i>
                        <i>1 0 0 0 1 0 0 0 1 0 -0.680717 0</i>
                        <i>1 0 0 0 1 0 0 0 1 0 -0.749521 0</i>
                        <i>1 0 0 0 1 0 0 0 1 0 -0.817934 0</i>
                        <i>1 0 0 0 1 0 0 0 1 0 -0.885371 0</i>
                        <i>1 0 0 0 1 0 0 0 1 0 -0.951247 0</i>
                        <i>1 0 0 0 1 0 0 0 1 0 -1.01498 0</i>
                        <i>1 0 0 0 1 0 0 0 1 0 -1.07597 0</i>
                        <i>1 0 0 0 1 0 0 0 1 0 -1.13365 0</i>
                        <i>1 0 0 0 1 0 0 0 1 0 -1.18742 0</i>
                    </KeyFrames>
                </p>
            </i>
            <i>
                <p>
                    <Name><![CDATA[main_rope]]></Name>
                    <Exclude>0</Exclude>
                    <Additive>0</Additive>
                    <IKPriority>0</IKPriority>
                    <IKRotLimits>-1e+010 -1e+010 -1e+010 1e+010 1e+010 1e+010</IKRotLimits>
                    <IKRotLimitOrder>0</IKRotLimitOrder>
                    <KeyFrames count="76">
                        <i>1 0 0 0 1 0 0 0 1 0 10 0</i>
                        <i>1 -0.000375615 0.000185266 0.000380197 0.999678 -0.0253864 -0.00017567 0.0253865 0.999678 0 9.81378 -0.164147</i>
                        <i>1 -0.00075123 0.000370531 0.000769127 0.998702 -0.0509329 -0.000331788 0.0509332 0.998702 0 9.62376 -0.329512</i>
                        <i>0.999999 -0.00112684 0.000555797 0.00116608 0.997065 -0.0765469 -0.000467909 0.0765474 0.997066 0 9.43157 -0.495573</i>
                        <i>0.999999 -0.00150246 0.000741062 0.00157029 0.994769 -0.102135 -0.000583732 0.102136 0.99477 0 9.23884 -0.661809</i>
                        <i>0.999998 -0.00187807 0.000926328 0.00198093 0.991823 -0.127607 -0.000679099 0.127608 0.991824 0 9.04719 -0.827696</i>
                        <i>0.999997 -0.00225369 0.00111159 0.00239713 0.988244 -0.152869 -0.000754006 0.152871 0.988246 0 8.85825 -0.992713</i>
                        <i>0.999996 -0.0026293 0.00129686 0.00281802 0.984057 -0.177833 -0.000808606 0.177836 0.98406 0 8.67367 -1.15634</i>
                        <i>0.999994 -0.00300491 0.00148212 0.00324271 0.979295 -0.202411 -0.000843209 0.202415 0.979299 0 8.49506 -1.31805</i>
                        <i>0.999993 -0.00338052 0.00166739 0.00367035 0.974 -0.226519 -0.000858286 0.226523 0.974005 0 8.32406 -1.47732</i>
                        <i>0.999991 -0.00375613 0.00185265 0.00410009 0.968219 -0.250072 -0.00085447 0.250078 0.968225 0 8.1623 -1.63364</i>
                        <i>0.999989 -0.00413174 0.00203792 0.00453132 0.961949 -0.27319 -0.000831623 0.273197 0.961958 0 8.01007 -1.7896</i>
                        <i>0.999987 -0.00450735 0.00222319 0.00496347 0.955163 -0.29604 -0.000789148 0.296047 0.955173 0 7.86585 -1.94719</i>
                        <i>0.999985 -0.00488296 0.00240845 0.00539585 0.947869 -0.318614 -0.000727115 0.318622 0.947881 0 7.72855 -2.10497</i>
                        <i>0.999983 -0.00525857 0.00259372 0.00582779 0.940079 -0.340907 -0.000645613 0.340916 0.940093 0 7.59704 -2.26149</i>
                        <i>0.99998 -0.00563417 0.00277898 0.00625859 0.931802 -0.362913 -0.000544745 0.362923 0.931819 0 7.47023 -2.41531</i>
                        <i>0.999978 -0.00600978 0.00296424 0.00668759 0.923048 -0.384626 -0.000424628 0.384637 0.923068 0 7.34702 -2.56497</i>
                        <i>0.999975 -0.00638538 0.00314951 0.00711414 0.913828 -0.40604 -0.00028539 0.406052 0.91385 0 7.22629 -2.70905</i>
                        <i>0.999972 -0.00676098 0.00333477 0.0075376 0.904149 -0.427151 -0.000127174 0.427164 0.904174 0 7.10694 -2.84607</i>
                        <i>0.999968 -0.00713658 0.00352004 0.00795732 0.894022 -0.447953 4.98639e-005 0.447967 0.89405 0 6.98787 -2.97461</i>
                        <i>0.999965 -0.00751218 0.0037053 0.00837268 0.883454 -0.468443 0.000245558 0.468457 0.883486 0 6.86797 -3.09322</i>
                        <i>0.999961 -0.00788777 0.00389057 0.00878306 0.872456 -0.488614 0.000459731 0.48863 0.872491 0 6.74734 -3.20616</i>
                        <i>0.999958 -0.00826337 0.00407583 0.00918785 0.861034 -0.508464 0.000692192 0.50848 0.861074 0 6.62683 -3.31868</i>
                        <i>0.999954 -0.00863896 0.0042611 0.00958644 0.849198 -0.527987 0.000942744 0.528003 0.849242 0 6.50643 -3.43079</i>
                        <i>0.999949 -0.00901455 0.00444636 0.00997824 0.836956 -0.54718 0.00121117 0.547197 0.837003 0 6.38613 -3.5425</i>
                        <i>0.999945 -0.00939014 0.00463162 0.0103627 0.824314 -0.566038 0.00149727 0.566055 0.824366 0 6.26593 -3.65382</i>
                        <i>0.999941 -0.00976572 0.00481689 0.0107391 0.811281 -0.584558 0.00180079 0.584575 0.811337 0 6.14584 -3.76477</i>
                        <i>0.999936 -0.0101413 0.00500215 0.011107 0.797853 -0.60275 0.0021217 0.602767 0.797914 0 6.02584 -3.87536</i>
                        <i>0.999931 -0.0105169 0.00518741 0.0114657 0.784026 -0.620622 0.00245994 0.620639 0.784093 0 5.90594 -3.9856</i>
                        <i>0.999926 -0.0108925 0.00537268 0.0118146 0.769809 -0.638165 0.00281525 0.638181 0.769881 0 5.78612 -4.09549</i>
                        <i>0.999921 -0.011268 0.00555794 0.0121532 0.755209 -0.655372 0.00318735 0.655387 0.755286 0 5.6664 -4.20506</i>
                        <i>0.999916 -0.0116436 0.0057432 0.0124808 0.740233 -0.672234 0.00357592 0.672249 0.740316 0 5.54675 -4.31432</i>
                        <i>0.99991 -0.0120192 0.00592846 0.0127969 0.724891 -0.688745 0.00398065 0.688759 0.72498 0 5.42719 -4.42327</i>
                        <i>0.999905 -0.0123947 0.00611373 0.013101 0.70919 -0.704896 0.00440121 0.704909 0.709284 0 5.30771 -4.53193</i>
                        <i>0.999899 -0.0127703 0.00629899 0.0133925 0.693138 -0.720681 0.00483725 0.720692 0.693238 0 5.1883 -4.64031</i>
                        <i>0.999893 -0.0131459 0.00648425 0.0136709 0.676743 -0.736092 0.00528841 0.736102 0.67685 0 5.06896 -4.74842</i>
                        <i>0.999886 -0.0135214 0.00666951 0.0139355 0.660015 -0.751124 0.00575429 0.751131 0.660128 0 4.94969 -4.85627</i>
                        <i>0.99988 -0.013897 0.00685477 0.0141861 0.642961 -0.765768 0.00623451 0.765773 0.643081 0 4.83049 -4.96388</i>
                        <i>0.999873 -0.0142725 0.00704003 0.0144219 0.625591 -0.780018 0.00672866 0.780021 0.625717 0 4.71135 -5.07126</i>
                        <i>0.999867 -0.0146481 0.0072253 0.0146426 0.607913 -0.793869 0.00723631 0.793869 0.608046 0 4.59226 -5.17842</i>
                        <i>0.99986 -0.0150236 0.00741056 0.0148477 0.589936 -0.807314 0.00775702 0.80731 0.590076 0 4.47324 -5.28537</i>
                        <i>0.999853 -0.0153992 0.00759582 0.0150366 0.57167 -0.820346 0.00829035 0.820339 0.571817 0 4.35426 -5.39212</i>
                        <i>0.999845 -0.0157747 0.00778108 0.015209 0.553123 -0.832961 0.00883582 0.832951 0.553277 0 4.23534 -5.49868</i>
                        <i>0.999838 -0.0161502 0.00796634 0.0153644 0.534304 -0.845153 0.00939296 0.845138 0.534466 0 4.11646 -5.60507</i>
                        <i>0.99983 -0.0165258 0.0081516 0.0155023 0.515224 -0.856915 0.00996128 0.856896 0.515393 0 3.99762 -5.7113</i>
                        <i>0.999822 -0.0169013 0.00833686 0.0156224 0.495891 -0.868244 0.0105403 0.86822 0.496067 0 3.87883 -5.81738</i>
                        <i>0.999814 -0.0172768 0.00852211 0.0157242 0.476316 -0.879134 0.0111294 0.879105 0.476499 0 3.76007 -5.92333</i>
                        <i>0.999806 -0.0176523 0.00870737 0.0158074 0.456507 -0.88958 0.0117282 0.889545 0.456697 0 3.64134 -6.02914</i>
                        <i>0.999798 -0.0180278 0.00889263 0.0158715 0.436474 -0.899577 0.012336 0.899536 0.436672 0 3.52265 -6.13484</i>
                        <i>0.999789 -0.0184033 0.00907789 0.0159162 0.416227 -0.909121 0.0129524 0.909074 0.416432 0 3.40398 -6.24044</i>
                        <i>0.999781 -0.0187788 0.00926315 0.0159412 0.395776 -0.918209 0.0135768 0.918155 0.395989 0 3.28534 -6.34595</i>
                        <i>0.999772 -0.0191543 0.0094484 0.0159461 0.375131 -0.926834 0.0142085 0.926774 0.375351 0 3.16672 -6.45138</i>
                        <i>0.999763 -0.0195298 0.00963366 0.0159307 0.354302 -0.934995 0.0148471 0.934927 0.35453 0 3.04811 -6.55674</i>
                        <i>0.999754 -0.0199053 0.00981892 0.0158945 0.333299 -0.942687 0.0154918 0.942611 0.333534 0 2.92513 -6.66205</i>
                        <i>0.999744 -0.0202808 0.0100042 0.0158374 0.312132 -0.949907 0.0161422 0.949822 0.312374 0 2.79377 -6.76731</i>
                        <i>0.999735 -0.0206563 0.0101894 0.015759 0.290811 -0.956651 0.0167976 0.956557 0.29106 0 2.65461 -6.87255</i>
                        <i>0.999725 -0.0210318 0.0103747 0.0156591 0.269347 -0.962916 0.0174574 0.962814 0.269602 0 2.50823 -6.97776</i>
                        <i>0.999715 -0.0214072 0.0105599 0.0155375 0.247749 -0.9687 0.018121 0.968588 0.248011 0 2.35521 -7.08296</i>
                        <i>0.999705 -0.0217827 0.0107452 0.0153939 0.226029 -0.973999 0.0187876 0.973877 0.226297 0 2.19615 -7.18817</i>
                        <i>0.999695 -0.0221581 0.0109305 0.0152281 0.204195 -0.978812 0.0194567 0.978679 0.204471 0 2.03162 -7.2934</i>
                        <i>0.999684 -0.0225336 0.0111157 0.01504 0.18226 -0.983135 0.0201276 0.982992 0.182542 0 1.86219 -7.39865</i>
                        <i>0.999674 -0.022909 0.011301 0.0148293 0.160234 -0.986968 0.0207997 0.986813 0.160521 0 1.68847 -7.50394</i>
                        <i>0.999663 -0.0232845 0.0114862 0.014596 0.138126 -0.990307 0.0214723 0.990141 0.138419 0 1.51102 -7.60928</i>
                        <i>0.999652 -0.0236599 0.0116715 0.0143398 0.115947 -0.993152 0.0221446 0.992974 0.116246 0 1.33043 -7.71469</i>
                        <i>0.999641 -0.0240354 0.0118567 0.0140608 0.0937093 -0.9955 0.0228161 0.995309 0.0940136 0 1.14729 -7.82017</i>
                        <i>0.999629 -0.0244108 0.012042 0.0137586 0.0714219 -0.997351 0.0234861 0.997147 0.0717313 0 0.962165 -7.92574</i>
                        <i>0.999618 -0.0247862 0.0122272 0.0134334 0.0490959 -0.998704 0.0241538 0.998486 0.0494101 0 0.775652 -8.0314</i>
                        <i>0.999606 -0.0251616 0.0124125 0.013085 0.026742 -0.999557 0.0248185 0.999326 0.0270607 0 0.588329 -8.13718</i>
                        <i>0.999595 -0.025537 0.0125977 0.0127134 0.00437078 -0.99991 0.0254796 0.999664 0.00469367 0 0.400779 -8.24308</i>
                        <i>0.999582 -0.0259124 0.012783 0.0123185 -0.0180069 -0.999762 0.0261364 0.999502 -0.0176802 0 0.213582 -8.34911</i>
                        <i>0.99957 -0.0262878 0.0129682 0.0119003 -0.0403804 -0.999114 0.0267882 0.998838 -0.0400502 0 0.0273231 -8.45529</i>
                        <i>0.999558 -0.0266632 0.0131535 0.0114589 -0.0627391 -0.997964 0.0274342 0.997674 -0.0624059 0 -0.157418 -8.56163</i>
                        <i>0.999545 -0.0270386 0.0133387 0.0109943 -0.085072 -0.996314 0.0280737 0.996008 -0.084736 0 -0.340056 -8.66813</i>
                        <i>0.999533 -0.027414 0.013524 0.0105066 -0.107368 -0.994164 0.028706 0.993841 -0.10703 0 -0.52001 -8.77482</i>
                        <i>0.99952 -0.0277893 0.0137092 0.0099957 -0.129618 -0.991514 0.0293304 0.991175 -0.129278 0 -0.696697 -8.8817</i>
                        <i>0.999507 -0.0281647 0.0138945 0.00946183 -0.151809 -0.988365 0.0299463 0.988009 -0.151467 0 -0.869535 -8.98879</i>
                    </KeyFrames>
                </p>
            </i>
            <i>
                <p>
                    <Name><![CDATA[left_rope]]></Name>
                    <Exclude>0</Exclude>
                    <Additive>0</Additive>
                    <IKPriority>0</IKPriority>
                    <IKRotLimits>-1e+010 -1e+010 -1e+010 1e+010 1e+010 1e+010</IKRotLimits>
                    <IKRotLimitOrder>0</IKRotLimitOrder>
                    <KeyFrames count="76">
                        <i>1 0 0 0 1 0 0 0 1 5.07126 18.4878 0</i>
                        <i>0.99999 0.00435226 0.000905992 -0.00437066 1.00543 -0.00584878 -0.000924911 0.00577323 0.993138 5.07289 17.9627 -0.429934</i>
                        <i>0.999959 0.0089524 0.00159686 -0.00903632 1.01119 -0.0103998 -0.00166553 0.0101277 0.986179 5.07427 17.4025 -0.846716</i>
                        <i>0.999903 0.0137756 0.00205172 -0.0139856 1.01722 -0.0139429 -0.00219361 0.0133908 0.979145 5.07537 16.8151 -1.2473</i>
                        <i>0.999821 0.0187957 0.00225314 -0.0192029 1.02349 -0.0167724 -0.00248913 0.0158826 0.972045 5.07616 16.2086 -1.62935</i>
                        <i>0.99971 0.0239855 0.00218734 -0.0246691 1.02995 -0.0191878 -0.00254097 0.0179148 0.964888 5.07664 15.5913 -1.99127</i>
                        <i>0.999568 0.0293173 0.00184439 -0.030362 1.03654 -0.0214955 -0.00234756 0.0197912 0.957675 5.07679 14.9714 -2.33221</i>
                        <i>0.999395 0.0347626 0.00121832 -0.0362576 1.04321 -0.0240091 -0.00191711 0.0218066 0.950407 5.07662 14.357 -2.65207</i>
                        <i>0.999188 0.0402935 0.000307229 -0.0423305 1.04991 -0.0270503 -0.00126776 0.0242468 0.94308 5.07614 13.7564 -2.95146</i>
                        <i>0.998946 0.0458819 -0.000886713 -0.0485557 1.05656 -0.0309487 -0.000427399 0.0273884 0.935688 5.0754 13.1776 -3.23172</i>
                        <i>0.99867 0.051501 -0.00235728 -0.0549089 1.06311 -0.036042 0.000566636 0.0314983 0.928221 5.07441 12.6285 -3.49485</i>
                        <i>0.998359 0.0571232 -0.00410683 -0.0613677 1.06946 -0.0428948 0.00166887 0.0370221 0.92065 5.07325 12.1151 -3.74744</i>
                        <i>0.998012 0.0627205 -0.00614232 -0.0679114 1.0755 -0.0521404 0.002826 0.0444373 0.912931 5.07196 11.6411 -3.99598</i>
                        <i>0.997631 0.0682655 -0.00846002 -0.0745228 1.08112 -0.0642295 0.00397666 0.0540407 0.905003 5.07063 11.2108 -4.24315</i>
                        <i>0.997217 0.073731 -0.0110544 -0.0811869 1.08612 -0.0796158 0.00505269 0.0661139 0.896776 5.06934 10.8282 -4.49209</i>
                        <i>0.99677 0.0790906 -0.0139179 -0.0878905 1.0903 -0.098751 0.00597996 0.0809215 0.888122 5.06817 10.4969 -4.74641</i>
                        <i>0.996293 0.0843181 -0.0170414 -0.0946098 1.09352 -0.120634 0.00677883 0.0975557 0.879 5.06709 10.1987 -5.00117</i>
                        <i>0.995788 0.0893883 -0.0204141 -0.101312 1.09576 -0.143898 0.00751233 0.114872 0.869446 5.06597 9.91205 -5.24814</i>
                        <i>0.995256 0.0942766 -0.0240233 -0.10797 1.0969 -0.168429 0.00816802 0.132769 0.859428 5.06484 9.6353 -5.48628</i>
                        <i>0.994702 0.0989591 -0.0278549 -0.114556 1.09684 -0.194106 0.00873568 0.151143 0.848915 5.0637 9.36689 -5.71452</i>
                        <i>0.994127 0.103413 -0.0318931 -0.121038 1.09547 -0.220795 0.00920739 0.169895 0.837884 5.06256 9.10525 -5.9317</i>
                        <i>0.993536 0.107616 -0.0361208 -0.127386 1.09269 -0.248354 0.00957753 0.188926 0.826316 5.06144 8.85001 -6.14236</i>
                        <i>0.992933 0.111548 -0.0405192 -0.133565 1.08843 -0.276629 0.00984269 0.208139 0.814199 5.06034 8.60152 -6.35196</i>
                        <i>0.992321 0.115189 -0.0450683 -0.139542 1.08261 -0.305459 0.0100017 0.227441 0.801528 5.05927 8.35933 -6.56068</i>
                        <i>0.991705 0.118519 -0.0497469 -0.145281 1.07516 -0.334673 0.0100555 0.246739 0.788301 5.05824 8.12299 -6.76866</i>
                        <i>0.991089 0.121523 -0.0545323 -0.150745 1.06603 -0.364095 0.0100071 0.265948 0.774525 5.05725 7.89205 -6.976</i>
                        <i>0.99048 0.124183 -0.0594006 -0.155898 1.0552 -0.393539 0.0098613 0.284981 0.760214 5.05632 7.66609 -7.18276</i>
                        <i>0.989881 0.126483 -0.0643295 -0.160744 1.0429 -0.422949 0.00962511 0.303774 0.745382 5.05545 7.44464 -7.38897</i>
                        <i>0.989297 0.128409 -0.0692952 -0.165299 1.02942 -0.452304 0.009307 0.322262 0.730048 5.05465 7.22723 -7.59465</i>
                        <i>0.988735 0.129949 -0.0742702 -0.16954 1.01479 -0.481476 0.00891685 0.340369 0.714243 5.05392 7.01351 -7.79973</i>
                        <i>0.9882 0.131091 -0.0792262 -0.173447 0.999054 -0.510342 0.00846584 0.358028 0.698005 5.05325 6.80314 -8.00411</i>
                        <i>0.987696 0.131827 -0.0841338 -0.176998 0.982271 -0.538784 0.00796631 0.375175 0.681374 5.05267 6.59579 -8.20769</i>
                        <i>0.98723 0.13215 -0.0889624 -0.180174 0.964504 -0.56669 0.00743153 0.391753 0.6644 5.05217 6.39117 -8.4103</i>
                        <i>0.986806 0.132052 -0.093681 -0.182955 0.945828 -0.593954 0.00687552 0.407713 0.647134 5.05176 6.18902 -8.61178</i>
                        <i>0.98643 0.131531 -0.0982574 -0.185323 0.926327 -0.62048 0.00631284 0.423009 0.629633 5.05143 5.9891 -8.81193</i>
                        <i>0.986108 0.130585 -0.102659 -0.187259 0.906091 -0.646176 0.00575836 0.437604 0.611955 5.05119 5.79121 -9.01055</i>
                        <i>0.985843 0.129212 -0.106853 -0.188748 0.885222 -0.670962 0.00522705 0.451468 0.594166 5.05104 5.59517 -9.20739</i>
                        <i>0.985641 0.127415 -0.110804 -0.189772 0.863825 -0.694767 0.00473373 0.464576 0.576329 5.051 5.40084 -9.4022</i>
                        <i>0.985505 0.125196 -0.114479 -0.190317 0.842013 -0.717528 0.00429289 0.476911 0.558512 5.05104 5.20811 -9.59473</i>
                        <i>0.98544 0.12256 -0.117842 -0.190367 0.819901 -0.739191 0.00391839 0.488461 0.540785 5.05119 5.01689 -9.78469</i>
                        <i>0.985449 0.119516 -0.120859 -0.189909 0.797611 -0.759713 0.00362327 0.49922 0.523217 5.05144 4.82716 -9.9718</i>
                        <i>0.985545 0.116027 -0.123449 -0.18886 0.775004 -0.779337 0.00337836 0.509359 0.505708 5.0518 4.63891 -10.1558</i>
                        <i>0.985736 0.112083 -0.125548 -0.18717 0.751874 -0.798318 0.00314992 0.519054 0.488119 5.05226 4.45215 -10.3363</i>
                        <i>0.986016 0.107732 -0.127148 -0.184874 0.72824 -0.816637 0.00294303 0.528315 0.470461 5.05294 4.26995 -10.5147</i>
                        <i>0.986378 0.10302 -0.128243 -0.182008 0.704121 -0.834276 0.00276264 0.537199 0.452788 5.05393 4.09499 -10.6932</i>
                        <i>0.986813 0.097992 -0.12883 -0.178607 0.679538 -0.851217 0.0026132 0.545759 0.435138 5.05522 3.92672 -10.8721</i>
                        <i>0.987315 0.0926942 -0.128907 -0.174705 0.654511 -0.867443 0.0024985 0.553994 0.417501 5.05682 3.76456 -11.0521</i>
                        <i>0.987874 0.0871705 -0.128477 -0.170338 0.629063 -0.882936 0.00242203 0.561902 0.399869 5.05871 3.60791 -11.2336</i>
                        <i>0.988482 0.0814639 -0.127544 -0.16554 0.603214 -0.89768 0.00238692 0.569481 0.382234 5.06087 3.45618 -11.4171</i>
                        <i>0.989129 0.0756167 -0.126115 -0.160347 0.576988 -0.911659 0.00239597 0.576726 0.364588 5.0633 3.30871 -11.6028</i>
                        <i>0.989808 0.0696696 -0.1242 -0.154792 0.550408 -0.924858 0.00245166 0.583631 0.346924 5.06599 3.16488 -11.7912</i>
                        <i>0.99051 0.0636623 -0.12181 -0.148909 0.523499 -0.937263 0.00255613 0.59019 0.329239 5.06892 3.02402 -11.9826</i>
                        <i>0.991225 0.0576329 -0.118961 -0.142732 0.496286 -0.948863 0.00271117 0.596396 0.311527 5.07207 2.88548 -12.1771</i>
                        <i>0.991946 0.0516181 -0.115667 -0.136295 0.468794 -0.959645 0.00291823 0.60224 0.293784 5.07543 2.74418 -12.3749</i>
                        <i>0.992665 0.0456529 -0.111948 -0.129631 0.44105 -0.9696 0.0031784 0.607712 0.27601 5.07897 2.59545 -12.5761</i>
                        <i>0.993374 0.0397706 -0.107825 -0.122773 0.413081 -0.97872 0.00349243 0.612804 0.258203 5.08268 2.43921 -12.7808</i>
                        <i>0.994067 0.0340027 -0.103321 -0.115752 0.384914 -0.986997 0.00386068 0.617503 0.240364 5.08654 2.27536 -12.9891</i>
                        <i>0.994736 0.0283789 -0.0984589 -0.108601 0.356577 -0.994428 0.00428312 0.6218 0.222495 5.09052 2.10383 -13.201</i>
                        <i>0.995377 0.0229265 -0.0932666 -0.101351 0.328099 -1.00101 0.00475936 0.625683 0.204597 5.0946 1.92453 -13.4162</i>
                        <i>0.995984 0.017671 -0.0877718 -0.0940335 0.299506 -1.00674 0.0052886 0.629139 0.186676 5.09874 1.7374 -13.6348</i>
                        <i>0.996552 0.0126358 -0.0820043 -0.0866778 0.270829 -1.01162 0.00586962 0.632157 0.168737 5.10294 1.54239 -13.8565</i>
                        <i>0.997077 0.0078417 -0.075995 -0.0793142 0.242094 -1.01565 0.00650083 0.634724 0.150788 5.10714 1.33946 -14.0811</i>
                        <i>0.997557 0.00330735 -0.0697764 -0.0719717 0.21333 -1.01883 0.00718017 0.636829 0.132836 5.11133 1.12858 -14.3084</i>
                        <i>0.997989 -0.000951103 -0.063382 -0.0646788 0.184564 -1.02118 0.0079052 0.638458 0.114892 5.11548 0.909743 -14.5381</i>
                        <i>0.998371 -0.00491989 -0.0568465 -0.0574635 0.155823 -1.02269 0.00867303 0.6396 0.0969655 5.11955 0.682981 -14.7698</i>
                        <i>0.998702 -0.00858791 -0.0502052 -0.050353 0.127134 -1.02339 0.00948036 0.640242 0.0790698 5.12351 0.44833 -15.003</i>
                        <i>0.998982 -0.0119466 -0.0434944 -0.0433739 0.0985224 -1.02328 0.0103234 0.640374 0.0612185 5.12732 0.205859 -15.2374</i>
                        <i>0.999212 -0.01499 -0.0367508 -0.036552 0.0700126 -1.02236 0.0111981 0.639983 0.0434264 5.13095 -0.0443315 -15.4725</i>
                        <i>0.999393 -0.0177149 -0.0300116 -0.0299127 0.0416284 -1.02067 0.0120998 0.63906 0.0257097 5.13437 -0.302115 -15.7077</i>
                        <i>0.999526 -0.0201207 -0.0233143 -0.0234806 0.0133925 -1.01821 0.0130235 0.637594 0.00808591 5.13753 -0.567328 -15.9426</i>
                        <i>0.999614 -0.0222095 -0.0166966 -0.0172796 -0.0146739 -1.015 0.0139639 0.635576 -0.00942629 5.1404 -0.839774 -16.1764</i>
                        <i>0.99966 -0.0239863 -0.0101958 -0.011333 -0.0425508 -1.01106 0.014915 0.632998 -0.0268072 5.14294 -1.11922 -16.4086</i>
                        <i>0.999668 -0.0254585 -0.00384954 -0.00566374 -0.0702192 -1.0064 0.0158708 0.62985 -0.0440355 5.14512 -1.40539 -16.6385</i>
                        <i>0.999643 -0.0266365 0.00230521 -0.000293836 -0.0976619 -1.00106 0.0168247 0.626128 -0.0610893 5.14689 -1.69797 -16.8654</i>
                        <i>0.999587 -0.0275334 0.00823187 0.00475506 -0.124863 -0.995035 0.0177699 0.621823 -0.0779453 5.14822 -1.99661 -17.0886</i>
                        <i>0.999507 -0.0281647 0.0138945 0.00946183 -0.151809 -0.988365 0.0186991 0.616933 -0.0945793 5.14907 -2.30089 -17.3074</i>
                    </KeyFrames>
                </p>
            </i>
            <i>
                <p>
                    <Name><![CDATA[left_chute_1]]></Name>
                    <Exclude>0</Exclude>
                    <Additive>0</Additive>
                    <IKPriority>0</IKPriority>
                    <IKRotLimits>-1e+010 -1e+010 -1e+010 1e+010 1e+010 1e+010</IKRotLimits>
                    <IKRotLimitOrder>0</IKRotLimitOrder>
                    <KeyFrames count="76">
                        <i>0.999536 -0.0115222 0.0282136 0.00754176 0.610556 -0.0178402 -0.0278629 0.0295397 0.999175 5.58744 26.592 -0.124821</i>
                        <i>0.999509 -0.0073237 0.0301362 0.00511297 0.613511 -0.022838 -0.0300366 0.0379594 0.992011 5.54875 26.1083 -0.597476</i>
                        <i>0.999454 -0.00400767 0.032059 0.00317988 0.616658 -0.0271565 -0.0322567 0.0452541 0.984746 5.50735 25.5959 -1.04864</i>
                        <i>0.999383 -0.00137516 0.0339169 0.00160552 0.61998 -0.0309399 -0.0344479 0.051701 0.977402 5.46328 25.0616 -1.47722</i>
                        <i>0.999301 0.000775454 0.0356428 0.000254949 0.623454 -0.0343367 -0.0365446 0.057568 0.969989 5.41661 24.5124 -1.88284</i>
                        <i>0.999212 0.00265069 0.0371716 -0.00100489 0.627047 -0.0375003 -0.0384916 0.0631127 0.962513 5.36749 23.9553 -2.26589</i>
                        <i>0.99912 0.00446361 0.038444 -0.00230552 0.630726 -0.0405888 -0.0402452 0.0685812 0.954971 5.31606 23.3973 -2.62758</i>
                        <i>0.999023 0.00643502 0.0394077 -0.00377736 0.634454 -0.043766 -0.0417736 0.0742069 0.947351 5.26253 22.8453 -2.96992</i>
                        <i>0.99892 0.00879407 0.0400176 -0.00555018 0.638194 -0.0472006 -0.0430568 0.0802101 0.939633 5.20712 22.3064 -3.29572</i>
                        <i>0.998801 0.0117784 0.0402348 -0.00775367 0.641906 -0.0510665 -0.044086 0.086797 0.931783 5.15009 21.787 -3.60858</i>
                        <i>0.998656 0.0156337 0.0400235 -0.010518 0.645552 -0.0555426 -0.0448627 0.0941593 0.923755 5.09169 21.2937 -3.91281</i>
                        <i>0.998463 0.0206202 0.0393407 -0.0139746 0.649084 -0.0609459 -0.045396 0.10266 0.915451 5.03222 20.8309 -4.21917</i>
                        <i>0.998196 0.0270043 0.0381284 -0.0182566 0.652453 -0.067637 -0.0457011 0.112687 0.906727 4.97201 20.4006 -4.5388</i>
                        <i>0.997813 0.035046 0.0363084 -0.0235014 0.655622 -0.0758691 -0.0457981 0.124434 0.897402 4.91139 20.0049 -4.87748</i>
                        <i>0.997263 0.0450016 0.0337676 -0.0298519 0.658563 -0.0859059 -0.0457079 0.138065 0.887226 4.85076 19.6458 -5.24134</i>
                        <i>0.996477 0.0571166 0.0303437 -0.0374609 0.661262 -0.0980253 -0.0454495 0.153701 0.875855 4.79058 19.3242 -5.63682</i>
                        <i>0.995375 0.0715605 0.0257924 -0.0464868 0.663772 -0.111634 -0.0449437 0.170299 0.863201 4.73132 19.0203 -6.04991</i>
                        <i>0.993858 0.088471 0.0198503 -0.0570912 0.66614 -0.125914 -0.0440666 0.186611 0.849384 4.67356 18.712 -6.46033</i>
                        <i>0.991574 0.110319 0.0115999 -0.0707886 0.668261 -0.140617 -0.0425216 0.201983 0.834393 4.61767 18.3871 -6.8623</i>
                        <i>0.988086 0.138513 0.000215146 -0.0885324 0.669898 -0.155548 -0.040089 0.216032 0.818219 4.56559 18.0386 -7.24985</i>
                        <i>0.983174 0.171598 -0.0143534 -0.109655 0.67083 -0.170716 -0.0368293 0.228946 0.80077 4.51989 17.6703 -7.6206</i>
                        <i>0.976688 0.208089 -0.0320521 -0.133488 0.670853 -0.186111 -0.0328272 0.240919 0.781962 4.48226 17.2863 -7.97883</i>
                        <i>0.968581 0.246485 -0.0527086 -0.159357 0.669828 -0.201715 -0.0282074 0.252124 0.761737 4.45392 16.8918 -8.33009</i>
                        <i>0.958925 0.285292 -0.0760186 -0.186593 0.667717 -0.217527 -0.0231402 0.262702 0.740068 4.43541 16.4911 -8.6751</i>
                        <i>0.947926 0.323048 -0.101536 -0.214533 0.664603 -0.233573 -0.017838 0.272744 0.716979 4.42655 16.0887 -9.01501</i>
                        <i>0.935929 0.358346 -0.128669 -0.242529 0.660698 -0.249939 -0.0125433 0.282286 0.692549 4.42637 15.6888 -9.35135</i>
                        <i>0.923416 0.389861 -0.156675 -0.269943 0.656331 -0.266781 -0.0075114 0.291317 0.666924 4.43313 15.2954 -9.68609</i>
                        <i>0.911006 0.41646 -0.184713 -0.296209 0.652181 -0.28446 -0.00299367 0.299762 0.640209 4.44411 14.9138 -10.0224</i>
                        <i>0.899437 0.437189 -0.211843 -0.320784 0.649049 -0.303492 0.000777974 0.30749 0.612527 4.45605 14.5489 -10.3642</i>
                        <i>0.88953 0.451179 -0.236987 -0.343042 0.647548 -0.324418 0.00360463 0.314369 0.58412 4.4656 14.2032 -10.7146</i>
                        <i>0.882134 0.457704 -0.258962 -0.362277 0.648281 -0.347889 0.00532824 0.320292 0.555252 4.46936 13.8789 -11.0772</i>
                        <i>0.878066 0.456173 -0.276493 -0.377638 0.651798 -0.37466 0.00583486 0.3252 0.526188 4.46412 13.5776 -11.4559</i>
                        <i>0.876968 0.448158 -0.289821 -0.389625 0.657632 -0.404792 0.00540698 0.329066 0.497181 4.45081 13.2926 -11.8482</i>
                        <i>0.877877 0.436002 -0.30002 -0.399376 0.664805 -0.437838 0.00446843 0.331874 0.468483 4.43256 13.0141 -12.2486</i>
                        <i>0.880602 0.420344 -0.307026 -0.406801 0.672983 -0.473791 0.00314754 0.333662 0.440317 4.41001 12.7395 -12.6557</i>
                        <i>0.884918 0.401793 -0.310834 -0.411778 0.681792 -0.512563 0.00156507 0.334496 0.412872 4.38395 12.4662 -13.0681</i>
                        <i>0.890575 0.380928 -0.311489 -0.414169 0.690829 -0.553984 -0.000169077 0.334463 0.386309 4.3553 12.192 -13.4841</i>
                        <i>0.897312 0.3583 -0.309094 -0.41384 0.69968 -0.597793 -0.00195793 0.333659 0.360757 4.3251 11.9143 -13.9007</i>
                        <i>0.904862 0.334422 -0.303802 -0.410681 0.707935 -0.643642 -0.00371847 0.332183 0.336317 4.29477 11.632 -14.3148</i>
                        <i>0.912966 0.309774 -0.295817 -0.404628 0.71521 -0.691103 -0.00538197 0.330135 0.313067 4.26577 11.3452 -14.7246</i>
                        <i>0.921377 0.284796 -0.285394 -0.395678 0.721161 -0.739674 -0.00689372 0.327606 0.291064 4.23948 11.0538 -15.1282</i>
                        <i>0.929892 0.259793 -0.272841 -0.383943 0.72544 -0.789295 -0.00823189 0.324682 0.270162 4.21759 10.7565 -15.5259</i>
                        <i>0.93831 0.23507 -0.258497 -0.36964 0.727674 -0.839976 -0.00938565 0.321423 0.250206 4.20146 10.4512 -15.9178</i>
                        <i>0.946424 0.211005 -0.24273 -0.353048 0.727566 -0.89126 -0.0103356 0.317873 0.231223 4.19175 10.1407 -16.304</i>
                        <i>0.954059 0.187943 -0.225943 -0.33449 0.724782 -0.94255 -0.0110742 0.314146 0.213287 4.18893 9.82751 -16.6847</i>
                        <i>0.961077 0.166189 -0.208575 -0.314396 0.719071 -0.993235 -0.0116038 0.310342 0.196446 4.19316 9.51091 -17.059</i>
                        <i>0.967376 0.146006 -0.191097 -0.293348 0.710383 -1.04286 -0.011932 0.306481 0.180682 4.20443 9.19034 -17.4256</i>
                        <i>0.972893 0.127614 -0.174013 -0.272012 0.69875 -1.09101 -0.0120721 0.302582 0.16598 4.22251 8.86534 -17.7834</i>
                        <i>0.977598 0.111179 -0.157847 -0.251128 0.684285 -1.13734 -0.0120404 0.29866 0.152322 4.24707 8.53557 -18.1311</i>
                        <i>0.981494 0.0968197 -0.143147 -0.231501 0.667168 -1.18155 -0.011854 0.294734 0.139693 4.2776 8.20085 -18.4674</i>
                        <i>0.984608 0.0845959 -0.130471 -0.213983 0.647632 -1.22341 -0.0115287 0.290821 0.128075 4.31357 7.86115 -18.7909</i>
                        <i>0.987126 0.0740921 -0.119475 -0.198241 0.626107 -1.26284 -0.0110906 0.286919 0.117488 4.35445 7.51827 -19.104</i>
                        <i>0.989247 0.0647785 -0.109405 -0.183357 0.602905 -1.29989 -0.0105814 0.283068 0.107884 4.39998 7.17441 -19.4107</i>
                        <i>0.991031 0.05651 -0.10021 -0.169326 0.578108 -1.33449 -0.0100307 0.279335 0.0991464 4.45002 6.82564 -19.7123</i>
                        <i>0.992531 0.049152 -0.0918235 -0.156122 0.55179 -1.36659 -0.00946061 0.275773 0.0911637 4.5045 6.4683 -20.0102</i>
                        <i>0.993791 0.0425808 -0.0841724 -0.143706 0.524021 -1.39615 -0.00888718 0.272423 0.0838294 4.56342 6.10317 -20.3059</i>
