<?xml version="1.0" encoding="ISO-8859-1" ?>
<Animl Version="1">
    <ModellingPackage><![CDATA[Maya.2010]]></ModellingPackage>
    <SrcFile><![CDATA[anims\turrets\machinegun\red\~src\mgun_nsv\mgun_nsv_idle_ai.mb]]></SrcFile>
    <FramesPerSecond>30</FramesPerSecond>
    <TotalFrames>97</TotalFrames>
    <Skeleton>
        <RefFrame>
            <Name><![CDATA[mgun_nsv_ref_frame]]></Name>
            <Exclude>0</Exclude>
            <Additive>0</Additive>
            <IKPriority>0</IKPriority>
            <IKRotLimits>-1e+010 -1e+010 -1e+010 1e+010 1e+010 1e+010</IKRotLimits>
            <IKRotLimitOrder>0</IKRotLimitOrder>
            <KeyFrames count="97">
                <i>1 0 0 0 1 0 0 0 1 0.24 0.92 0.75</i>
                <i>1 0 0 0 1 0 0 0 1 0.24 0.92 0.75</i>
                <i>1 0 0 0 1 0 0 0 1 0.24 0.92 0.75</i>
                <i>1 0 0 0 1 0 0 0 1 0.24 0.92 0.75</i>
                <i>1 0 0 0 1 0 0 0 1 0.24 0.92 0.75</i>
                <i>1 0 0 0 1 0 0 0 1 0.24 0.92 0.75</i>
                <i>1 0 0 0 1 0 0 0 1 0.24 0.92 0.75</i>
                <i>1 0 0 0 1 0 0 0 1 0.24 0.92 0.75</i>
                <i>1 0 0 0 1 0 0 0 1 0.24 0.92 0.75</i>
                <i>1 0 0 0 1 0 0 0 1 0.24 0.92 0.75</i>
                <i>1 0 0 0 1 0 0 0 1 0.24 0.92 0.75</i>
                <i>1 0 0 0 1 0 0 0 1 0.24 0.92 0.75</i>
                <i>1 0 0 0 1 0 0 0 1 0.24 0.92 0.75</i>
                <i>1 0 0 0 1 0 0 0 1 0.24 0.92 0.75</i>
                <i>1 0 0 0 1 0 0 0 1 0.24 0.92 0.75</i>
                <i>1 0 0 0 1 0 0 0 1 0.24 0.92 0.75</i>
                <i>1 0 0 0 1 0 0 0 1 0.24 0.92 0.75</i>
                <i>1 0 0 0 1 0 0 0 1 0.24 0.92 0.75</i>
                <i>1 0 0 0 1 0 0 0 1 0.24 0.92 0.75</i>
                <i>1 0 0 0 1 0 0 0 1 0.24 0.92 0.75</i>
                <i>1 0 0 0 1 0 0 0 1 0.24 0.92 0.75</i>
                <i>1 0 0 0 1 0 0 0 1 0.24 0.92 0.75</i>
                <i>1 0 0 0 1 0 0 0 1 0.24 0.92 0.75</i>
                <i>1 0 0 0 1 0 0 0 1 0.24 0.92 0.75</i>
                <i>1 0 0 0 1 0 0 0 1 0.24 0.92 0.75</i>
                <i>1 0 0 0 1 0 0 0 1 0.24 0.92 0.75</i>
                <i>1 0 0 0 1 0 0 0 1 0.24 0.92 0.75</i>
                <i>1 0 0 0 1 0 0 0 1 0.24 0.92 0.75</i>
                <i>1 0 0 0 1 0 0 0 1 0.24 0.92 0.75</i>
                <i>1 0 0 0 1 0 0 0 1 0.24 0.92 0.75</i>
                <i>1 0 0 0 1 0 0 0 1 0.24 0.92 0.75</i>
                <i>1 0 0 0 1 0 0 0 1 0.24 0.92 0.75</i>
                <i>1 0 0 0 1 0 0 0 1 0.24 0.92 0.75</i>
                <i>1 0 0 0 1 0 0 0 1 0.24 0.92 0.75</i>
                <i>1 0 0 0 1 0 0 0 1 0.24 0.92 0.75</i>
                <i>1 0 0 0 1 0 0 0 1 0.24 0.92 0.75</i>
                <i>1 0 0 0 1 0 0 0 1 0.24 0.92 0.75</i>
                <i>1 0 0 0 1 0 0 0 1 0.24 0.92 0.75</i>
                <i>1 0 0 0 1 0 0 0 1 0.24 0.92 0.75</i>
                <i>1 0 0 0 1 0 0 0 1 0.24 0.92 0.75</i>
                <i>1 0 0 0 1 0 0 0 1 0.24 0.92 0.75</i>
                <i>1 0 0 0 1 0 0 0 1 0.24 0.92 0.75</i>
                <i>1 0 0 0 1 0 0 0 1 0.24 0.92 0.75</i>
                <i>1 0 0 0 1 0 0 0 1 0.24 0.92 0.75</i>
                <i>1 0 0 0 1 0 0 0 1 0.24 0.92 0.75</i>
                <i>1 0 0 0 1 0 0 0 1 0.24 0.92 0.75</i>
                <i>1 0 0 0 1 0 0 0 1 0.24 0.92 0.75</i>
                <i>1 0 0 0 1 0 0 0 1 0.24 0.92 0.75</i>
                <i>1 0 0 0 1 0 0 0 1 0.24 0.92 0.75</i>
                <i>1 0 0 0 1 0 0 0 1 0.24 0.92 0.75</i>
                <i>1 0 0 0 1 0 0 0 1 0.24 0.92 0.75</i>
                <i>1 0 0 0 1 0 0 0 1 0.24 0.92 0.75</i>
                <i>1 0 0 0 1 0 0 0 1 0.24 0.92 0.75</i>
                <i>1 0 0 0 1 0 0 0 1 0.24 0.92 0.75</i>
                <i>1 0 0 0 1 0 0 0 1 0.24 0.92 0.75</i>
                <i>1 0 0 0 1 0 0 0 1 0.24 0.92 0.75</i>
                <i>1 0 0 0 1 0 0 0 1 0.24 0.92 0.75</i>
                <i>1 0 0 0 1 0 0 0 1 0.24 0.92 0.75</i>
                <i>1 0 0 0 1 0 0 0 1 0.24 0.92 0.75</i>
                <i>1 0 0 0 1 0 0 0 1 0.24 0.92 0.75</i>
                <i>1 0 0 0 1 0 0 0 1 0.24 0.92 0.75</i>
                <i>1 0 0 0 1 0 0 0 1 0.24 0.92 0.75</i>
                <i>1 0 0 0 1 0 0 0 1 0.24 0.92 0.75</i>
                <i>1 0 0 0 1 0 0 0 1 0.24 0.92 0.75</i>
                <i>1 0 0 0 1 0 0 0 1 0.24 0.92 0.75</i>
                <i>1 0 0 0 1 0 0 0 1 0.24 0.92 0.75</i>
                <i>1 0 0 0 1 0 0 0 1 0.24 0.92 0.75</i>
                <i>1 0 0 0 1 0 0 0 1 0.24 0.92 0.75</i>
                <i>1 0 0 0 1 0 0 0 1 0.24 0.92 0.75</i>
                <i>1 0 0 0 1 0 0 0 1 0.24 0.92 0.75</i>
                <i>1 0 0 0 1 0 0 0 1 0.24 0.92 0.75</i>
                <i>1 0 0 0 1 0 0 0 1 0.24 0.92 0.75</i>
                <i>1 0 0 0 1 0 0 0 1 0.24 0.92 0.75</i>
                <i>1 0 0 0 1 0 0 0 1 0.24 0.92 0.75</i>
                <i>1 0 0 0 1 0 0 0 1 0.24 0.92 0.75</i>
                <i>1 0 0 0 1 0 0 0 1 0.24 0.92 0.75</i>
                <i>1 0 0 0 1 0 0 0 1 0.24 0.92 0.75</i>
                <i>1 0 0 0 1 0 0 0 1 0.24 0.92 0.75</i>
                <i>1 0 0 0 1 0 0 0 1 0.24 0.92 0.75</i>
                <i>1 0 0 0 1 0 0 0 1 0.24 0.92 0.75</i>
                <i>1 0 0 0 1 0 0 0 1 0.24 0.92 0.75</i>
                <i>1 0 0 0 1 0 0 0 1 0.24 0.92 0.75</i>
                <i>1 0 0 0 1 0 0 0 1 0.24 0.92 0.75</i>
                <i>1 0 0 0 1 0 0 0 1 0.24 0.92 0.75</i>
                <i>1 0 0 0 1 0 0 0 1 0.24 0.92 0.75</i>
                <i>1 0 0 0 1 0 0 0 1 0.24 0.92 0.75</i>
                <i>1 0 0 0 1 0 0 0 1 0.24 0.92 0.75</i>
                <i>1 0 0 0 1 0 0 0 1 0.24 0.92 0.75</i>
                <i>1 0 0 0 1 0 0 0 1 0.24 0.92 0.75</i>
                <i>1 0 0 0 1 0 0 0 1 0.24 0.92 0.75</i>
                <i>1 0 0 0 1 0 0 0 1 0.24 0.92 0.75</i>
                <i>1 0 0 0 1 0 0 0 1 0.24 0.92 0.75</i>
                <i>1 0 0 0 1 0 0 0 1 0.24 0.92 0.75</i>
                <i>1 0 0 0 1 0 0 0 1 0.24 0.92 0.75</i>
                <i>1 0 0 0 1 0 0 0 1 0.24 0.92 0.75</i>
                <i>1 0 0 0 1 0 0 0 1 0.24 0.92 0.75</i>
                <i>1 0 0 0 1 0 0 0 1 0.24 0.92 0.75</i>
            </KeyFrames>
        </RefFrame>
        <Bones count="18">
            <i>
                <p>
                    <Name><![CDATA[mgun_nsv_root]]></Name>
                    <Exclude>0</Exclude>
                    <Additive>0</Additive>
                    <IKPriority>0</IKPriority>
                    <IKRotLimits>-1e+010 -1e+010 -1e+010 1e+010 1e+010 1e+010</IKRotLimits>
                    <IKRotLimitOrder>0</IKRotLimitOrder>
                    <KeyFrames count="97">
                        <i>1 0 0 0 1 0 0 0 1 0.24 0.92 0.75</i>
                        <i>1 0 0 0 1 0 0 0 1 0.24 0.92 0.75</i>
                        <i>1 0 0 0 1 0 0 0 1 0.24 0.92 0.75</i>
                        <i>1 0 0 0 1 0 0 0 1 0.24 0.92 0.75</i>
                        <i>1 0 0 0 1 0 0 0 1 0.24 0.92 0.75</i>
                        <i>1 0 0 0 1 0 0 0 1 0.24 0.92 0.75</i>
                        <i>1 0 0 0 1 0 0 0 1 0.24 0.92 0.75</i>
                        <i>1 0 0 0 1 0 0 0 1 0.24 0.92 0.75</i>
                        <i>1 0 0 0 1 0 0 0 1 0.24 0.92 0.75</i>
                        <i>1 0 0 0 1 0 0 0 1 0.24 0.92 0.75</i>
                        <i>1 0 0 0 1 0 0 0 1 0.24 0.92 0.75</i>
                        <i>1 0 0 0 1 0 0 0 1 0.24 0.92 0.75</i>
                        <i>1 0 0 0 1 0 0 0 1 0.24 0.92 0.75</i>
                        <i>1 0 0 0 1 0 0 0 1 0.24 0.92 0.75</i>
                        <i>1 0 0 0 1 0 0 0 1 0.24 0.92 0.75</i>
                        <i>1 0 0 0 1 0 0 0 1 0.24 0.92 0.75</i>
                        <i>1 0 0 0 1 0 0 0 1 0.24 0.92 0.75</i>
                        <i>1 0 0 0 1 0 0 0 1 0.24 0.92 0.75</i>
                        <i>1 0 0 0 1 0 0 0 1 0.24 0.92 0.75</i>
                        <i>1 0 0 0 1 0 0 0 1 0.24 0.92 0.75</i>
                        <i>1 0 0 0 1 0 0 0 1 0.24 0.92 0.75</i>
                        <i>1 0 0 0 1 0 0 0 1 0.24 0.92 0.75</i>
                        <i>1 0 0 0 1 0 0 0 1 0.24 0.92 0.75</i>
                        <i>1 0 0 0 1 0 0 0 1 0.24 0.92 0.75</i>
                        <i>1 0 0 0 1 0 0 0 1 0.24 0.92 0.75</i>
                        <i>1 0 0 0 1 0 0 0 1 0.24 0.92 0.75</i>
                        <i>1 0 0 0 1 0 0 0 1 0.24 0.92 0.75</i>
                        <i>1 0 0 0 1 0 0 0 1 0.24 0.92 0.75</i>
                        <i>1 0 0 0 1 0 0 0 1 0.24 0.92 0.75</i>
                        <i>1 0 0 0 1 0 0 0 1 0.24 0.92 0.75</i>
                        <i>1 0 0 0 1 0 0 0 1 0.24 0.92 0.75</i>
                        <i>1 0 0 0 1 0 0 0 1 0.24 0.92 0.75</i>
                        <i>1 0 0 0 1 0 0 0 1 0.24 0.92 0.75</i>
                        <i>1 0 0 0 1 0 0 0 1 0.24 0.92 0.75</i>
                        <i>1 0 0 0 1 0 0 0 1 0.24 0.92 0.75</i>
                        <i>1 0 0 0 1 0 0 0 1 0.24 0.92 0.75</i>
                        <i>1 0 0 0 1 0 0 0 1 0.24 0.92 0.75</i>
                        <i>1 0 0 0 1 0 0 0 1 0.24 0.92 0.75</i>
                        <i>1 0 0 0 1 0 0 0 1 0.24 0.92 0.75</i>
                        <i>1 0 0 0 1 0 0 0 1 0.24 0.92 0.75</i>
                        <i>1 0 0 0 1 0 0 0 1 0.24 0.92 0.75</i>
                        <i>1 0 0 0 1 0 0 0 1 0.24 0.92 0.75</i>
                        <i>1 0 0 0 1 0 0 0 1 0.24 0.92 0.75</i>
                        <i>1 0 0 0 1 0 0 0 1 0.24 0.92 0.75</i>
                        <i>1 0 0 0 1 0 0 0 1 0.24 0.92 0.75</i>
                        <i>1 0 0 0 1 0 0 0 1 0.24 0.92 0.75</i>
                        <i>1 0 0 0 1 0 0 0 1 0.24 0.92 0.75</i>
                        <i>1 0 0 0 1 0 0 0 1 0.24 0.92 0.75</i>
                        <i>1 0 0 0 1 0 0 0 1 0.24 0.92 0.75</i>
                        <i>1 0 0 0 1 0 0 0 1 0.24 0.92 0.75</i>
                        <i>1 0 0 0 1 0 0 0 1 0.24 0.92 0.75</i>
                        <i>1 0 0 0 1 0 0 0 1 0.24 0.92 0.75</i>
                        <i>1 0 0 0 1 0 0 0 1 0.24 0.92 0.75</i>
                        <i>1 0 0 0 1 0 0 0 1 0.24 0.92 0.75</i>
                        <i>1 0 0 0 1 0 0 0 1 0.24 0.92 0.75</i>
                        <i>1 0 0 0 1 0 0 0 1 0.24 0.92 0.75</i>
                        <i>1 0 0 0 1 0 0 0 1 0.24 0.92 0.75</i>
                        <i>1 0 0 0 1 0 0 0 1 0.24 0.92 0.75</i>
                        <i>1 0 0 0 1 0 0 0 1 0.24 0.92 0.75</i>
                        <i>1 0 0 0 1 0 0 0 1 0.24 0.92 0.75</i>
                        <i>1 0 0 0 1 0 0 0 1 0.24 0.92 0.75</i>
                        <i>1 0 0 0 1 0 0 0 1 0.24 0.92 0.75</i>
                        <i>1 0 0 0 1 0 0 0 1 0.24 0.92 0.75</i>
                        <i>1 0 0 0 1 0 0 0 1 0.24 0.92 0.75</i>
                        <i>1 0 0 0 1 0 0 0 1 0.24 0.92 0.75</i>
                        <i>1 0 0 0 1 0 0 0 1 0.24 0.92 0.75</i>
                        <i>1 0 0 0 1 0 0 0 1 0.24 0.92 0.75</i>
                        <i>1 0 0 0 1 0 0 0 1 0.24 0.92 0.75</i>
                        <i>1 0 0 0 1 0 0 0 1 0.24 0.92 0.75</i>
                        <i>1 0 0 0 1 0 0 0 1 0.24 0.92 0.75</i>
                        <i>1 0 0 0 1 0 0 0 1 0.24 0.92 0.75</i>
                        <i>1 0 0 0 1 0 0 0 1 0.24 0.92 0.75</i>
                        <i>1 0 0 0 1 0 0 0 1 0.24 0.92 0.75</i>
                        <i>1 0 0 0 1 0 0 0 1 0.24 0.92 0.75</i>
                        <i>1 0 0 0 1 0 0 0 1 0.24 0.92 0.75</i>
                        <i>1 0 0 0 1 0 0 0 1 0.24 0.92 0.75</i>
                        <i>1 0 0 0 1 0 0 0 1 0.24 0.92 0.75</i>
                        <i>1 0 0 0 1 0 0 0 1 0.24 0.92 0.75</i>
                        <i>1 0 0 0 1 0 0 0 1 0.24 0.92 0.75</i>
                        <i>1 0 0 0 1 0 0 0 1 0.24 0.92 0.75</i>
                        <i>1 0 0 0 1 0 0 0 1 0.24 0.92 0.75</i>
                        <i>1 0 0 0 1 0 0 0 1 0.24 0.92 0.75</i>
                        <i>1 0 0 0 1 0 0 0 1 0.24 0.92 0.75</i>
                        <i>1 0 0 0 1 0 0 0 1 0.24 0.92 0.75</i>
                        <i>1 0 0 0 1 0 0 0 1 0.24 0.92 0.75</i>
                        <i>1 0 0 0 1 0 0 0 1 0.24 0.92 0.75</i>
                        <i>1 0 0 0 1 0 0 0 1 0.24 0.92 0.75</i>
                        <i>1 0 0 0 1 0 0 0 1 0.24 0.92 0.75</i>
                        <i>1 0 0 0 1 0 0 0 1 0.24 0.92 0.75</i>
                        <i>1 0 0 0 1 0 0 0 1 0.24 0.92 0.75</i>
                        <i>1 0 0 0 1 0 0 0 1 0.24 0.92 0.75</i>
                        <i>1 0 0 0 1 0 0 0 1 0.24 0.92 0.75</i>
                        <i>1 0 0 0 1 0 0 0 1 0.24 0.92 0.75</i>
                        <i>1 0 0 0 1 0 0 0 1 0.24 0.92 0.75</i>
                        <i>1 0 0 0 1 0 0 0 1 0.24 0.92 0.75</i>
                        <i>1 0 0 0 1 0 0 0 1 0.24 0.92 0.75</i>
                        <i>1 0 0 0 1 0 0 0 1 0.24 0.92 0.75</i>
                    </KeyFrames>
                </p>
            </i>
            <i>
                <p>
                    <Name><![CDATA[body]]></Name>
                    <Exclude>0</Exclude>
                    <Additive>0</Additive>
                    <IKPriority>0</IKPriority>
                    <IKRotLimits>-1e+010 -1e+010 -1e+010 1e+010 1e+010 1e+010</IKRotLimits>
                    <IKRotLimitOrder>0</IKRotLimitOrder>
                    <KeyFrames count="97">
                        <i>1 0 0 0 1 0 0 0 1 0.24 2.01489 0.75</i>
                        <i>1 0 0 0 1 0 0 0 1 0.24 2.01489 0.75</i>
                        <i>1 0 0 0 1 0 0 0 1 0.24 2.01489 0.75</i>
                        <i>1 0 0 0 1 0 0 0 1 0.24 2.01489 0.75</i>
                        <i>1 0 0 0 1 0 0 0 1 0.24 2.01489 0.75</i>
                        <i>1 0 0 0 1 0 0 0 1 0.24 2.01489 0.75</i>
                        <i>1 0 0 0 1 0 0 0 1 0.24 2.01489 0.75</i>
                        <i>1 0 0 0 1 0 0 0 1 0.24 2.01489 0.75</i>
                        <i>1 0 0 0 1 0 0 0 1 0.24 2.01489 0.75</i>
                        <i>1 0 0 0 1 0 0 0 1 0.24 2.01489 0.75</i>
                        <i>1 0 0 0 1 0 0 0 1 0.24 2.01489 0.75</i>
                        <i>1 0 0 0 1 0 0 0 1 0.24 2.01489 0.75</i>
                        <i>1 0 0 0 1 0 0 0 1 0.24 2.01489 0.75</i>
                        <i>1 0 0 0 1 0 0 0 1 0.24 2.01489 0.75</i>
                        <i>1 0 0 0 1 0 0 0 1 0.24 2.01489 0.75</i>
                        <i>1 0 0 0 1 0 0 0 1 0.24 2.01489 0.75</i>
                        <i>1 0 0 0 1 0 0 0 1 0.24 2.01489 0.75</i>
                        <i>1 0 0 0 1 0 0 0 1 0.24 2.01489 0.75</i>
                        <i>1 0 0 0 1 0 0 0 1 0.24 2.01489 0.75</i>
                        <i>1 0 0 0 1 0 0 0 1 0.24 2.01489 0.75</i>
                        <i>1 0 0 0 1 0 0 0 1 0.24 2.01489 0.75</i>
                        <i>1 0 0 0 1 0 0 0 1 0.24 2.01489 0.75</i>
                        <i>1 0 0 0 1 0 0 0 1 0.24 2.01489 0.75</i>
                        <i>1 0 0 0 1 0 0 0 1 0.24 2.01489 0.75</i>
                        <i>1 0 0 0 1 0 0 0 1 0.24 2.01489 0.75</i>
                        <i>1 0 0 0 1 0 0 0 1 0.24 2.01489 0.75</i>
                        <i>1 0 0 0 1 0 0 0 1 0.24 2.01489 0.75</i>
                        <i>1 0 0 0 1 0 0 0 1 0.24 2.01489 0.75</i>
                        <i>1 0 0 0 1 0 0 0 1 0.24 2.01489 0.75</i>
                        <i>1 0 0 0 1 0 0 0 1 0.24 2.01489 0.75</i>
                        <i>1 0 0 0 1 0 0 0 1 0.24 2.01489 0.75</i>
                        <i>1 0 0 0 1 0 0 0 1 0.24 2.01489 0.75</i>
                        <i>1 0 0 0 1 0 0 0 1 0.24 2.01489 0.75</i>
                        <i>1 0 0 0 1 0 0 0 1 0.24 2.01489 0.75</i>
                        <i>1 0 0 0 1 0 0 0 1 0.24 2.01489 0.75</i>
                        <i>1 0 0 0 1 0 0 0 1 0.24 2.01489 0.75</i>
                        <i>1 0 0 0 1 0 0 0 1 0.24 2.01489 0.75</i>
                        <i>1 0 0 0 1 0 0 0 1 0.24 2.01489 0.75</i>
                        <i>1 0 0 0 1 0 0 0 1 0.24 2.01489 0.75</i>
                        <i>1 0 0 0 1 0 0 0 1 0.24 2.01489 0.75</i>
                        <i>1 0 0 0 1 0 0 0 1 0.24 2.01489 0.75</i>
                        <i>1 0 0 0 1 0 0 0 1 0.24 2.01489 0.75</i>
                        <i>1 0 0 0 1 0 0 0 1 0.24 2.01489 0.75</i>
                        <i>1 0 0 0 1 0 0 0 1 0.24 2.01489 0.75</i>
                        <i>1 0 0 0 1 0 0 0 1 0.24 2.01489 0.75</i>
                        <i>1 0 0 0 1 0 0 0 1 0.24 2.01489 0.75</i>
                        <i>1 0 0 0 1 0 0 0 1 0.24 2.01489 0.75</i>
                        <i>1 0 0 0 1 0 0 0 1 0.24 2.01489 0.75</i>
                        <i>1 0 0 0 1 0 0 0 1 0.24 2.01489 0.75</i>
                        <i>1 0 0 0 1 0 0 0 1 0.24 2.01489 0.75</i>
                        <i>1 0 0 0 1 0 0 0 1 0.24 2.01489 0.75</i>
                        <i>1 0 0 0 1 0 0 0 1 0.24 2.01489 0.75</i>
                        <i>1 0 0 0 1 0 0 0 1 0.24 2.01489 0.75</i>
                        <i>1 0 0 0 1 0 0 0 1 0.24 2.01489 0.75</i>
                        <i>1 0 0 0 1 0 0 0 1 0.24 2.01489 0.75</i>
                        <i>1 0 0 0 1 0 0 0 1 0.24 2.01489 0.75</i>
                        <i>1 0 0 0 1 0 0 0 1 0.24 2.01489 0.75</i>
                        <i>1 0 0 0 1 0 0 0 1 0.24 2.01489 0.75</i>
                        <i>1 0 0 0 1 0 0 0 1 0.24 2.01489 0.75</i>
                        <i>1 0 0 0 1 0 0 0 1 0.24 2.01489 0.75</i>
                        <i>1 0 0 0 1 0 0 0 1 0.24 2.01489 0.75</i>
                        <i>1 0 0 0 1 0 0 0 1 0.24 2.01489 0.75</i>
                        <i>1 0 0 0 1 0 0 0 1 0.24 2.01489 0.75</i>
                        <i>1 0 0 0 1 0 0 0 1 0.24 2.01489 0.75</i>
                        <i>1 0 0 0 1 0 0 0 1 0.24 2.01489 0.75</i>
                        <i>1 0 0 0 1 0 0 0 1 0.24 2.01489 0.75</i>
                        <i>1 0 0 0 1 0 0 0 1 0.24 2.01489 0.75</i>
                        <i>1 0 0 0 1 0 0 0 1 0.24 2.01489 0.75</i>
                        <i>1 0 0 0 1 0 0 0 1 0.24 2.01489 0.75</i>
                        <i>1 0 0 0 1 0 0 0 1 0.24 2.01489 0.75</i>
                        <i>1 0 0 0 1 0 0 0 1 0.24 2.01489 0.75</i>
                        <i>1 0 0 0 1 0 0 0 1 0.24 2.01489 0.75</i>
                        <i>1 0 0 0 1 0 0 0 1 0.24 2.01489 0.75</i>
                        <i>1 0 0 0 1 0 0 0 1 0.24 2.01489 0.75</i>
                        <i>1 0 0 0 1 0 0 0 1 0.24 2.01489 0.75</i>
                        <i>1 0 0 0 1 0 0 0 1 0.24 2.01489 0.75</i>
                        <i>1 0 0 0 1 0 0 0 1 0.24 2.01489 0.75</i>
                        <i>1 0 0 0 1 0 0 0 1 0.24 2.01489 0.75</i>
                        <i>1 0 0 0 1 0 0 0 1 0.24 2.01489 0.75</i>
                        <i>1 0 0 0 1 0 0 0 1 0.24 2.01489 0.75</i>
                        <i>1 0 0 0 1 0 0 0 1 0.24 2.01489 0.75</i>
                        <i>1 0 0 0 1 0 0 0 1 0.24 2.01489 0.75</i>
                        <i>1 0 0 0 1 0 0 0 1 0.24 2.01489 0.75</i>
                        <i>1 0 0 0 1 0 0 0 1 0.24 2.01489 0.75</i>
                        <i>1 0 0 0 1 0 0 0 1 0.24 2.01489 0.75</i>
                        <i>1 0 0 0 1 0 0 0 1 0.24 2.01489 0.75</i>
                        <i>1 0 0 0 1 0 0 0 1 0.24 2.01489 0.75</i>
                        <i>1 0 0 0 1 0 0 0 1 0.24 2.01489 0.75</i>
                        <i>1 0 0 0 1 0 0 0 1 0.24 2.01489 0.75</i>
                        <i>1 0 0 0 1 0 0 0 1 0.24 2.01489 0.75</i>
                        <i>1 0 0 0 1 0 0 0 1 0.24 2.01489 0.75</i>
                        <i>1 0 0 0 1 0 0 0 1 0.24 2.01489 0.75</i>
                        <i>1 0 0 0 1 0 0 0 1 0.24 2.01489 0.75</i>
                        <i>1 0 0 0 1 0 0 0 1 0.24 2.01489 0.75</i>
                        <i>1 0 0 0 1 0 0 0 1 0.24 2.01489 0.75</i>
                        <i>1 0 0 0 1 0 0 0 1 0.24 2.01489 0.75</i>
                        <i>1 0 0 0 1 0 0 0 1 0.24 2.01489 0.75</i>
                    </KeyFrames>
                </p>
            </i>
            <i>
                <p>
                    <Name><![CDATA[yaw]]></Name>
                    <Exclude>0</Exclude>
                    <Additive>0</Additive>
                    <IKPriority>0</IKPriority>
                    <IKRotLimits>-1e+010 -1e+010 -1e+010 1e+010 1e+010 1e+010</IKRotLimits>
                    <IKRotLimitOrder>0</IKRotLimitOrder>
                    <KeyFrames count="97">
                        <i>1 0 0 0 1 0 0 0 1 0.24 2.09485 0.70672</i>
                        <i>0.999941 0 -0.0109018 0 1 0 0.0109018 0 0.999941 0.24 2.09485 0.70672</i>
                        <i>0.999763 0 -0.0217644 0 1 0 0.0217644 0 0.999763 0.24 2.09485 0.70672</i>
                        <i>0.99947 0 -0.0325487 0 1 0 0.0325487 0 0.99947 0.24 2.09485 0.70672</i>
                        <i>0.999066 0 -0.0432157 0 1 0 0.0432157 0 0.999066 0.24 2.09485 0.70672</i>
                        <i>0.998556 0 -0.0537265 0 1 0 0.0537265 0 0.998556 0.24 2.09485 0.70672</i>
                        <i>0.997947 0 -0.0640425 0 1 0 0.0640425 0 0.997947 0.24 2.09485 0.70672</i>
                        <i>0.997249 0 -0.0741249 0 1 0 0.0741249 0 0.997249 0.24 2.09485 0.70672</i>
                        <i>0.996471 0 -0.0839355 0 1 0 0.0839355 0 0.996471 0.24 2.09485 0.70672</i>
                        <i>0.995625 0 -0.0934363 0 1 0 0.0934363 0 0.995625 0.24 2.09485 0.70672</i>
                        <i>0.994724 0 -0.10259 0 1 0 0.10259 0 0.994724 0.24 2.09485 0.70672</i>
                        <i>0.99378 0 -0.111358 0 1 0 0.111358 0 0.99378 0.24 2.09485 0.70672</i>
                        <i>0.99281 0 -0.119704 0 1 0 0.119704 0 0.99281 0.24 2.09485 0.70672</i>
                        <i>0.991827 0 -0.12759 0 1 0 0.12759 0 0.991827 0.24 2.09485 0.70672</i>
                        <i>0.990848 0 -0.134981 0 1 0 0.134981 0 0.990848 0.24 2.09485 0.70672</i>
                        <i>0.98989 0 -0.141839 0 1 0 0.141839 0 0.98989 0.24 2.09485 0.70672</i>
                        <i>0.988968 0 -0.148129 0 1 0 0.148129 0 0.988968 0.24 2.09485 0.70672</i>
                        <i>0.9881 0 -0.153814 0 1 0 0.153814 0 0.9881 0.24 2.09485 0.70672</i>
                        <i>0.987301 0 -0.158858 0 1 0 0.158858 0 0.987301 0.24 2.09485 0.70672</i>
                        <i>0.986589 0 -0.163226 0 1 0 0.163226 0 0.986589 0.24 2.09485 0.70672</i>
                        <i>0.985977 0 -0.16688 0 1 0 0.16688 0 0.985977 0.24 2.09485 0.70672</i>
                        <i>0.985481 0 -0.169786 0 1 0 0.169786 0 0.985481 0.24 2.09485 0.70672</i>
                        <i>0.985113 0 -0.171907 0 1 0 0.171907 0 0.985113 0.24 2.09485 0.70672</i>
                        <i>0.984885 0 -0.173207 0 1 0 0.173207 0 0.984885 0.24 2.09485 0.70672</i>
                        <i>0.984808 0 -0.173648 0 1 0 0.173648 0 0.984808 0.24 2.09485 0.70672</i>
                        <i>0.984885 0 -0.173207 0 1 0 0.173207 0 0.984885 0.24 2.09485 0.70672</i>
                        <i>0.985113 0 -0.171907 0 1 0 0.171907 0 0.985113 0.24 2.09485 0.70672</i>
                        <i>0.985481 0 -0.169786 0 1 0 0.169786 0 0.985481 0.24 2.09485 0.70672</i>
                        <i>0.985977 0 -0.16688 0 1 0 0.16688 0 0.985977 0.24 2.09485 0.70672</i>
                        <i>0.986589 0 -0.163226 0 1 0 0.163226 0 0.986589 0.24 2.09485 0.70672</i>
                        <i>0.987301 0 -0.158858 0 1 0 0.158858 0 0.987301 0.24 2.09485 0.70672</i>
                        <i>0.9881 0 -0.153814 0 1 0 0.153814 0 0.9881 0.24 2.09485 0.70672</i>
                        <i>0.988968 0 -0.148129 0 1 0 0.148129 0 0.988968 0.24 2.09485 0.70672</i>
                        <i>0.98989 0 -0.141839 0 1 0 0.141839 0 0.98989 0.24 2.09485 0.70672</i>
                        <i>0.990848 0 -0.134981 0 1 0 0.134981 0 0.990848 0.24 2.09485 0.70672</i>
                        <i>0.991827 0 -0.12759 0 1 0 0.12759 0 0.991827 0.24 2.09485 0.70672</i>
                        <i>0.99281 0 -0.119704 0 1 0 0.119704 0 0.99281 0.24 2.09485 0.70672</i>
                        <i>0.99378 0 -0.111358 0 1 0 0.111358 0 0.99378 0.24 2.09485 0.70672</i>
                        <i>0.994724 0 -0.10259 0 1 0 0.10259 0 0.994724 0.24 2.09485 0.70672</i>
                        <i>0.995625 0 -0.0934364 0 1 0 0.0934364 0 0.995625 0.24 2.09485 0.70672</i>
                        <i>0.996471 0 -0.0839355 0 1 0 0.0839355 0 0.996471 0.24 2.09485 0.70672</i>
                        <i>0.997249 0 -0.0741249 0 1 0 0.0741249 0 0.997249 0.24 2.09485 0.70672</i>
                        <i>0.997947 0 -0.0640425 0 1 0 0.0640425 0 0.997947 0.24 2.09485 0.70672</i>
                        <i>0.998556 0 -0.0537266 0 1 0 0.0537266 0 0.998556 0.24 2.09485 0.70672</i>
                        <i>0.999066 0 -0.0432158 0 1 0 0.0432158 0 0.999066 0.24 2.09485 0.70672</i>
                        <i>0.99947 0 -0.0325487 0 1 0 0.0325487 0 0.99947 0.24 2.09485 0.70672</i>
                        <i>0.999763 0 -0.0217644 0 1 0 0.0217644 0 0.999763 0.24 2.09485 0.70672</i>
                        <i>0.999941 0 -0.0109018 0 1 0 0.0109018 0 0.999941 0.24 2.09485 0.70672</i>
                        <i>1 0 0 0 1 0 0 0 1 0.24 2.09485 0.70672</i>
                        <i>0.999941 0 0.0109018 0 1 0 -0.0109018 0 0.999941 0.24 2.09485 0.70672</i>
                        <i>0.999763 0 0.0217644 0 1 0 -0.0217644 0 0.999763 0.24 2.09485 0.70672</i>
                        <i>0.99947 0 0.0325487 0 1 0 -0.0325487 0 0.99947 0.24 2.09485 0.70672</i>
                        <i>0.999066 0 0.0432157 0 1 0 -0.0432157 0 0.999066 0.24 2.09485 0.70672</i>
                        <i>0.998556 0 0.0537266 0 1 0 -0.0537266 0 0.998556 0.24 2.09485 0.70672</i>
                        <i>0.997947 0 0.0640424 0 1 0 -0.0640424 0 0.997947 0.24 2.09485 0.70672</i>
                        <i>0.997249 0 0.0741249 0 1 0 -0.0741249 0 0.997249 0.24 2.09485 0.70672</i>
                        <i>0.996471 0 0.0839355 0 1 0 -0.0839355 0 0.996471 0.24 2.09485 0.70672</i>
                        <i>0.995625 0 0.0934363 0 1 0 -0.0934363 0 0.995625 0.24 2.09485 0.70672</i>
                        <i>0.994724 0 0.10259 0 1 0 -0.10259 0 0.994724 0.24 2.09485 0.70672</i>
                        <i>0.99378 0 0.111358 0 1 0 -0.111358 0 0.99378 0.24 2.09485 0.70672</i>
                        <i>0.99281 0 0.119704 0 1 0 -0.119704 0 0.99281 0.24 2.09485 0.70672</i>
                        <i>0.991827 0 0.12759 0 1 0 -0.12759 0 0.991827 0.24 2.09485 0.70672</i>
                        <i>0.990848 0 0.134981 0 1 0 -0.134981 0 0.990848 0.24 2.09485 0.70672</i>
                        <i>0.98989 0 0.141839 0 1 0 -0.141839 0 0.98989 0.24 2.09485 0.70672</i>
                        <i>0.988968 0 0.148129 0 1 0 -0.148129 0 0.988968 0.24 2.09485 0.70672</i>
                        <i>0.9881 0 0.153814 0 1 0 -0.153814 0 0.9881 0.24 2.09485 0.70672</i>
                        <i>0.987301 0 0.158858 0 1 0 -0.158858 0 0.987301 0.24 2.09485 0.70672</i>
                        <i>0.986589 0 0.163226 0 1 0 -0.163226 0 0.986589 0.24 2.09485 0.70672</i>
                        <i>0.985977 0 0.16688 0 1 0 -0.16688 0 0.985977 0.24 2.09485 0.70672</i>
                        <i>0.985481 0 0.169786 0 1 0 -0.169786 0 0.985481 0.24 2.09485 0.70672</i>
                        <i>0.985113 0 0.171907 0 1 0 -0.171907 0 0.985113 0.24 2.09485 0.70672</i>
                        <i>0.984886 0 0.173207 0 1 0 -0.173207 0 0.984886 0.24 2.09485 0.70672</i>
                        <i>0.984808 0 0.173648 0 1 0 -0.173648 0 0.984808 0.24 2.09485 0.70672</i>
                        <i>0.984885 0 0.173207 0 1 0 -0.173207 0 0.984885 0.24 2.09485 0.70672</i>
                        <i>0.985113 0 0.171907 0 1 0 -0.171907 0 0.985113 0.24 2.09485 0.70672</i>
                        <i>0.985481 0 0.169786 0 1 0 -0.169786 0 0.985481 0.24 2.09485 0.70672</i>
                        <i>0.985977 0 0.16688 0 1 0 -0.16688 0 0.985977 0.24 2.09485 0.70672</i>
                        <i>0.986589 0 0.163226 0 1 0 -0.163226 0 0.986589 0.24 2.09485 0.70672</i>
                        <i>0.987301 0 0.158858 0 1 0 -0.158858 0 0.987301 0.24 2.09485 0.70672</i>
                        <i>0.9881 0 0.153814 0 1 0 -0.153814 0 0.9881 0.24 2.09485 0.70672</i>
                        <i>0.988968 0 0.148129 0 1 0 -0.148129 0 0.988968 0.24 2.09485 0.70672</i>
                        <i>0.98989 0 0.141839 0 1 0 -0.141839 0 0.98989 0.24 2.09485 0.70672</i>
                        <i>0.990848 0 0.134981 0 1 0 -0.134981 0 0.990848 0.24 2.09485 0.70672</i>
                        <i>0.991827 0 0.12759 0 1 0 -0.12759 0 0.991827 0.24 2.09485 0.70672</i>
                        <i>0.99281 0 0.119704 0 1 0 -0.119704 0 0.99281 0.24 2.09485 0.70672</i>
                        <i>0.99378 0 0.111358 0 1 0 -0.111358 0 0.99378 0.24 2.09485 0.70672</i>
                        <i>0.994724 0 0.10259 0 1 0 -0.10259 0 0.994724 0.24 2.09485 0.70672</i>
                        <i>0.995625 0 0.0934363 0 1 0 -0.0934363 0 0.995625 0.24 2.09485 0.70672</i>
                        <i>0.996471 0 0.0839355 0 1 0 -0.0839355 0 0.996471 0.24 2.09485 0.70672</i>
                        <i>0.997249 0 0.0741249 0 1 0 -0.0741249 0 0.997249 0.24 2.09485 0.70672</i>
                        <i>0.997947 0 0.0640425 0 1 0 -0.0640425 0 0.997947 0.24 2.09485 0.70672</i>
                        <i>0.998556 0 0.0537266 0 1 0 -0.0537266 0 0.998556 0.24 2.09485 0.70672</i>
                        <i>0.999066 0 0.0432158 0 1 0 -0.0432158 0 0.999066 0.24 2.09485 0.70672</i>
                        <i>0.99947 0 0.0325488 0 1 0 -0.0325488 0 0.99947 0.24 2.09485 0.70672</i>
                        <i>0.999763 0 0.0217644 0 1 0 -0.0217644 0 0.999763 0.24 2.09485 0.70672</i>
                        <i>0.999941 0 0.0109018 0 1 0 -0.0109018 0 0.999941 0.24 2.09485 0.70672</i>
                        <i>1 0 0 0 1 0 0 0 1 0.24 2.09485 0.70672</i>
                    </KeyFrames>
                </p>
            </i>
            <i>
                <p>
                    <Name><![CDATA[pitch]]></Name>
                    <Exclude>0</Exclude>
                    <Additive>0</Additive>
                    <IKPriority>0</IKPriority>
                    <IKRotLimits>-1e+010 -1e+010 -1e+010 1e+010 1e+010 1e+010</IKRotLimits>
                    <IKRotLimitOrder>0</IKRotLimitOrder>
                    <KeyFrames count="97">
                        <i>1 0 0 0 1 0 0 0 1 0.24 2.20673 0.817702</i>
                        <i>0.999941 0 -0.0109018 0 1 0 0.0109018 0 0.999941 0.24121 2.20673 0.817696</i>
                        <i>0.999763 0 -0.0217644 0 1 0 0.0217644 0 0.999763 0.242415 2.20673 0.817676</i>
                        <i>0.99947 0 -0.0325487 0 1 0 0.0325487 0 0.99947 0.243612 2.20673 0.817644</i>
                        <i>0.999066 0 -0.0432157 0 1 0 0.0432157 0 0.999066 0.244796 2.20673 0.817599</i>
                        <i>0.998556 0 -0.0537265 0 1 0 0.0537265 0 0.998556 0.245963 2.20673 0.817542</i>
                        <i>0.997947 0 -0.0640425 0 1 0 0.0640425 0 0.997947 0.247108 2.20673 0.817475</i>
                        <i>0.997249 0 -0.0741249 0 1 0 0.0741249 0 0.997249 0.248227 2.20673 0.817397</i>
                        <i>0.996471 0 -0.0839355 0 1 0 0.0839355 0 0.996471 0.249315 2.20673 0.817311</i>
                        <i>0.995625 0 -0.0934363 0 1 0 0.0934363 0 0.995625 0.25037 2.20673 0.817217</i>
                        <i>0.994724 0 -0.10259 0 1 0 0.10259 0 0.994724 0.251386 2.20673 0.817117</i>
                        <i>0.99378 0 -0.111358 0 1 0 0.111358 0 0.99378 0.252359 2.20673 0.817012</i>
                        <i>0.99281 0 -0.119704 0 1 0 0.119704 0 0.99281 0.253285 2.20673 0.816904</i>
                        <i>0.991827 0 -0.12759 0 1 0 0.12759 0 0.991827 0.25416 2.20673 0.816795</i>
                        <i>0.990848 0 -0.134981 0 1 0 0.134981 0 0.990848 0.25498 2.20673 0.816687</i>
                        <i>0.98989 0 -0.141839 0 1 0 0.141839 0 0.98989 0.255742 2.20673 0.81658</i>
                        <i>0.988968 0 -0.148129 0 1 0 0.148129 0 0.988968 0.25644 2.20673 0.816478</i>
                        <i>0.9881 0 -0.153814 0 1 0 0.153814 0 0.9881 0.257071 2.20673 0.816382</i>
                        <i>0.987301 0 -0.158858 0 1 0 0.158858 0 0.987301 0.25763 2.20673 0.816293</i>
                        <i>0.986589 0 -0.163226 0 1 0 0.163226 0 0.986589 0.258115 2.20673 0.816214</i>
                        <i>0.985977 0 -0.16688 0 1 0 0.16688 0 0.985977 0.258521 2.20673 0.816146</i>
                        <i>0.985481 0 -0.169786 0 1 0 0.169786 0 0.985481 0.258843 2.20673 0.816091</i>
                        <i>0.985113 0 -0.171907 0 1 0 0.171907 0 0.985113 0.259079 2.20673 0.81605</i>
                        <i>0.984885 0 -0.173207 0 1 0 0.173207 0 0.984885 0.259223 2.20673 0.816025</i>
                        <i>0.984808 0 -0.173648 0 1 0 0.173648 0 0.984808 0.259272 2.20673 0.816016</i>
                        <i>0.984885 0 -0.173207 0 1 0 0.173207 0 0.984885 0.259223 2.20673 0.816025</i>
                        <i>0.985113 0 -0.171907 0 1 0 0.171907 0 0.985113 0.259079 2.20673 0.81605</i>
                        <i>0.985481 0 -0.169786 0 1 0 0.169786 0 0.985481 0.258843 2.20673 0.816091</i>
                        <i>0.985977 0 -0.16688 0 1 0 0.16688 0 0.985977 0.258521 2.20673 0.816146</i>
                        <i>0.986589 0 -0.163226 0 1 0 0.163226 0 0.986589 0.258115 2.20673 0.816214</i>
                        <i>0.987301 0 -0.158858 0 1 0 0.158858 0 0.987301 0.25763 2.20673 0.816293</i>
                        <i>0.9881 0 -0.153814 0 1 0 0.153814 0 0.9881 0.257071 2.20673 0.816382</i>
                        <i>0.988968 0 -0.148129 0 1 0 0.148129 0 0.988968 0.25644 2.20673 0.816478</i>
                        <i>0.98989 0 -0.141839 0 1 0 0.141839 0 0.98989 0.255742 2.20673 0.81658</i>
                        <i>0.990848 0 -0.134981 0 1 0 0.134981 0 0.990848 0.25498 2.20673 0.816687</i>
                        <i>0.991827 0 -0.12759 0 1 0 0.12759 0 0.991827 0.25416 2.20673 0.816795</i>
                        <i>0.99281 0 -0.119704 0 1 0 0.119704 0 0.99281 0.253285 2.20673 0.816904</i>
                        <i>0.99378 0 -0.111358 0 1 0 0.111358 0 0.99378 0.252359 2.20673 0.817012</i>
                        <i>0.994724 0 -0.10259 0 1 0 0.10259 0 0.994724 0.251386 2.20673 0.817117</i>
                        <i>0.995625 0 -0.0934364 0 1 0 0.0934364 0 0.995625 0.25037 2.20673 0.817217</i>
                        <i>0.996471 0 -0.0839355 0 1 0 0.0839355 0 0.996471 0.249315 2.20673 0.817311</i>
                        <i>0.997249 0 -0.0741249 0 1 0 0.0741249 0 0.997249 0.248227 2.20673 0.817397</i>
                        <i>0.997947 0 -0.0640425 0 1 0 0.0640425 0 0.997947 0.247108 2.20673 0.817475</i>
                        <i>0.998556 0 -0.0537266 0 1 0 0.0537266 0 0.998556 0.245963 2.20673 0.817542</i>
                        <i>0.999066 0 -0.0432158 0 1 0 0.0432158 0 0.999066 0.244796 2.20673 0.817599</i>
                        <i>0.99947 0 -0.0325487 0 1 0 0.0325487 0 0.99947 0.243612 2.20673 0.817644</i>
                        <i>0.999763 0 -0.0217644 0 1 0 0.0217644 0 0.999763 0.242415 2.20673 0.817676</i>
                        <i>0.999941 0 -0.0109018 0 1 0 0.0109018 0 0.999941 0.24121 2.20673 0.817696</i>
                        <i>1 0 0 0 1 0 0 0 1 0.24 2.20673 0.817702</i>
                        <i>0.999941 0 0.0109018 0 1 0 -0.0109018 0 0.999941 0.23879 2.20673 0.817696</i>
                        <i>0.999763 0 0.0217644 0 1 0 -0.0217644 0 0.999763 0.237585 2.20673 0.817676</i>
                        <i>0.99947 0 0.0325487 0 1 0 -0.0325487 0 0.99947 0.236388 2.20673 0.817644</i>
                        <i>0.999066 0 0.0432157 0 1 0 -0.0432157 0 0.999066 0.235204 2.20673 0.817599</i>
                        <i>0.998556 0 0.0537266 0 1 0 -0.0537266 0 0.998556 0.234037 2.20673 0.817542</i>
                        <i>0.997947 0 0.0640424 0 1 0 -0.0640424 0 0.997947 0.232892 2.20673 0.817475</i>
                        <i>0.997249 0 0.0741249 0 1 0 -0.0741249 0 0.997249 0.231773 2.20673 0.817397</i>
                        <i>0.996471 0 0.0839355 0 1 0 -0.0839355 0 0.996471 0.230685 2.20673 0.817311</i>
                        <i>0.995625 0 0.0934363 0 1 0 -0.0934363 0 0.995625 0.22963 2.20673 0.817217</i>
                        <i>0.994724 0 0.10259 0 1 0 -0.10259 0 0.994724 0.228614 2.20673 0.817117</i>
                        <i>0.99378 0 0.111358 0 1 0 -0.111358 0 0.99378 0.227641 2.20673 0.817012</i>
                        <i>0.99281 0 0.119704 0 1 0 -0.119704 0 0.99281 0.226715 2.20673 0.816904</i>
                        <i>0.991827 0 0.12759 0 1 0 -0.12759 0 0.991827 0.22584 2.20673 0.816795</i>
                        <i>0.990848 0 0.134981 0 1 0 -0.134981 0 0.990848 0.22502 2.20673 0.816687</i>
                        <i>0.98989 0 0.141839 0 1 0 -0.141839 0 0.98989 0.224258 2.20673 0.81658</i>
                        <i>0.988968 0 0.148129 0 1 0 -0.148129 0 0.988968 0.22356 2.20673 0.816478</i>
                        <i>0.9881 0 0.153814 0 1 0 -0.153814 0 0.9881 0.222929 2.20673 0.816382</i>
                        <i>0.987301 0 0.158858 0 1 0 -0.158858 0 0.987301 0.22237 2.20673 0.816293</i>
                        <i>0.986589 0 0.163226 0 1 0 -0.163226 0 0.986589 0.221885 2.20673 0.816214</i>
                        <i>0.985977 0 0.16688 0 1 0 -0.16688 0 0.985977 0.221479 2.20673 0.816146</i>
                        <i>0.985481 0 0.169786 0 1 0 -0.169786 0 0.985481 0.221157 2.20673 0.816091</i>
                        <i>0.985113 0 0.171907 0 1 0 -0.171907 0 0.985113 0.220921 2.20673 0.81605</i>
                        <i>0.984886 0 0.173207 0 1 0 -0.173207 0 0.984886 0.220777 2.20673 0.816025</i>
                        <i>0.984808 0 0.173648 0 1 0 -0.173648 0 0.984808 0.220728 2.20673 0.816016</i>
                        <i>0.984885 0 0.173207 0 1 0 -0.173207 0 0.984885 0.220777 2.20673 0.816025</i>
                        <i>0.985113 0 0.171907 0 1 0 -0.171907 0 0.985113 0.220921 2.20673 0.81605</i>
                        <i>0.985481 0 0.169786 0 1 0 -0.169786 0 0.985481 0.221157 2.20673 0.816091</i>
                        <i>0.985977 0 0.16688 0 1 0 -0.16688 0 0.985977 0.221479 2.20673 0.816146</i>
                        <i>0.986589 0 0.163226 0 1 0 -0.163226 0 0.986589 0.221885 2.20673 0.816214</i>
                        <i>0.987301 0 0.158858 0 1 0 -0.158858 0 0.987301 0.22237 2.20673 0.816293</i>
                        <i>0.9881 0 0.153814 0 1 0 -0.153814 0 0.9881 0.222929 2.20673 0.816382</i>
                        <i>0.988968 0 0.148129 0 1 0 -0.148129 0 0.988968 0.22356 2.20673 0.816478</i>
                        <i>0.98989 0 0.141839 0 1 0 -0.141839 0 0.98989 0.224258 2.20673 0.81658</i>
                        <i>0.990848 0 0.134981 0 1 0 -0.134981 0 0.990848 0.22502 2.20673 0.816687</i>
                        <i>0.991827 0 0.12759 0 1 0 -0.12759 0 0.991827 0.22584 2.20673 0.816795</i>
                        <i>0.99281 0 0.119704 0 1 0 -0.119704 0 0.99281 0.226715 2.20673 0.816904</i>
                        <i>0.99378 0 0.111358 0 1 0 -0.111358 0 0.99378 0.227641 2.20673 0.817012</i>
                        <i>0.994724 0 0.10259 0 1 0 -0.10259 0 0.994724 0.228614 2.20673 0.817117</i>
                        <i>0.995625 0 0.0934363 0 1 0 -0.0934363 0 0.995625 0.22963 2.20673 0.817217</i>
                        <i>0.996471 0 0.0839355 0 1 0 -0.0839355 0 0.996471 0.230685 2.20673 0.817311</i>
                        <i>0.997249 0 0.0741249 0 1 0 -0.0741249 0 0.997249 0.231773 2.20673 0.817397</i>
                        <i>0.997947 0 0.0640425 0 1 0 -0.0640425 0 0.997947 0.232892 2.20673 0.817475</i>
                        <i>0.998556 0 0.0537266 0 1 0 -0.0537266 0 0.998556 0.234037 2.20673 0.817542</i>
                        <i>0.999066 0 0.0432158 0 1 0 -0.0432158 0 0.999066 0.235204 2.20673 0.817599</i>
                        <i>0.99947 0 0.0325488 0 1 0 -0.0325488 0 0.99947 0.236388 2.20673 0.817644</i>
