<?xml version="1.0" encoding="ISO-8859-1" ?>
<Animl Version="1">
    <ModellingPackage><![CDATA[Maya.2010]]></ModellingPackage>
    <SrcFile><![CDATA[anims\turrets\machinegun\red\~src\mgun_nsv\mgun_nsv_reload_low.mb]]></SrcFile>
    <FramesPerSecond>30</FramesPerSecond>
    <TotalFrames>107</TotalFrames>
    <Skeleton>
        <RefFrame>
            <Name><![CDATA[mgun_nsv_ref_frame]]></Name>
            <Exclude>0</Exclude>
            <Additive>0</Additive>
            <IKPriority>0</IKPriority>
            <IKRotLimits>-1e+010 -1e+010 -1e+010 1e+010 1e+010 1e+010</IKRotLimits>
            <IKRotLimitOrder>0</IKRotLimitOrder>
            <KeyFrames count="107">
                <i>1 0 0 0 1 0 0 0 1 0.24 0.92 0.75</i>
                <i>1 0 0 0 1 0 0 0 1 0.24 0.92 0.75</i>
                <i>1 0 0 0 1 0 0 0 1 0.24 0.92 0.75</i>
                <i>1 0 0 0 1 0 0 0 1 0.24 0.92 0.75</i>
                <i>1 0 0 0 1 0 0 0 1 0.24 0.92 0.75</i>
                <i>1 0 0 0 1 0 0 0 1 0.24 0.92 0.75</i>
                <i>1 0 0 0 1 0 0 0 1 0.24 0.92 0.75</i>
                <i>1 0 0 0 1 0 0 0 1 0.24 0.92 0.75</i>
                <i>1 0 0 0 1 0 0 0 1 0.24 0.92 0.75</i>
                <i>1 0 0 0 1 0 0 0 1 0.24 0.92 0.75</i>
                <i>1 0 0 0 1 0 0 0 1 0.24 0.92 0.75</i>
                <i>1 0 0 0 1 0 0 0 1 0.24 0.92 0.75</i>
                <i>1 0 0 0 1 0 0 0 1 0.24 0.92 0.75</i>
                <i>1 0 0 0 1 0 0 0 1 0.24 0.92 0.75</i>
                <i>1 0 0 0 1 0 0 0 1 0.24 0.92 0.75</i>
                <i>1 0 0 0 1 0 0 0 1 0.24 0.92 0.75</i>
                <i>1 0 0 0 1 0 0 0 1 0.24 0.92 0.75</i>
                <i>1 0 0 0 1 0 0 0 1 0.24 0.92 0.75</i>
                <i>1 0 0 0 1 0 0 0 1 0.24 0.92 0.75</i>
                <i>1 0 0 0 1 0 0 0 1 0.24 0.92 0.75</i>
                <i>1 0 0 0 1 0 0 0 1 0.24 0.92 0.75</i>
                <i>1 0 0 0 1 0 0 0 1 0.24 0.92 0.75</i>
                <i>1 0 0 0 1 0 0 0 1 0.24 0.92 0.75</i>
                <i>1 0 0 0 1 0 0 0 1 0.24 0.92 0.75</i>
                <i>1 0 0 0 1 0 0 0 1 0.24 0.92 0.75</i>
                <i>1 0 0 0 1 0 0 0 1 0.24 0.92 0.75</i>
                <i>1 0 0 0 1 0 0 0 1 0.24 0.92 0.75</i>
                <i>1 0 0 0 1 0 0 0 1 0.24 0.92 0.75</i>
                <i>1 0 0 0 1 0 0 0 1 0.24 0.92 0.75</i>
                <i>1 0 0 0 1 0 0 0 1 0.24 0.92 0.75</i>
                <i>1 0 0 0 1 0 0 0 1 0.24 0.92 0.75</i>
                <i>1 0 0 0 1 0 0 0 1 0.24 0.92 0.75</i>
                <i>1 0 0 0 1 0 0 0 1 0.24 0.92 0.75</i>
                <i>1 0 0 0 1 0 0 0 1 0.24 0.92 0.75</i>
                <i>1 0 0 0 1 0 0 0 1 0.24 0.92 0.75</i>
                <i>1 0 0 0 1 0 0 0 1 0.24 0.92 0.75</i>
                <i>1 0 0 0 1 0 0 0 1 0.24 0.92 0.75</i>
                <i>1 0 0 0 1 0 0 0 1 0.24 0.92 0.75</i>
                <i>1 0 0 0 1 0 0 0 1 0.24 0.92 0.75</i>
                <i>1 0 0 0 1 0 0 0 1 0.24 0.92 0.75</i>
                <i>1 0 0 0 1 0 0 0 1 0.24 0.92 0.75</i>
                <i>1 0 0 0 1 0 0 0 1 0.24 0.92 0.75</i>
                <i>1 0 0 0 1 0 0 0 1 0.24 0.92 0.75</i>
                <i>1 0 0 0 1 0 0 0 1 0.24 0.92 0.75</i>
                <i>1 0 0 0 1 0 0 0 1 0.24 0.92 0.75</i>
                <i>1 0 0 0 1 0 0 0 1 0.24 0.92 0.75</i>
                <i>1 0 0 0 1 0 0 0 1 0.24 0.92 0.75</i>
                <i>1 0 0 0 1 0 0 0 1 0.24 0.92 0.75</i>
                <i>1 0 0 0 1 0 0 0 1 0.24 0.92 0.75</i>
                <i>1 0 0 0 1 0 0 0 1 0.24 0.92 0.75</i>
                <i>1 0 0 0 1 0 0 0 1 0.24 0.92 0.75</i>
                <i>1 0 0 0 1 0 0 0 1 0.24 0.92 0.75</i>
                <i>1 0 0 0 1 0 0 0 1 0.24 0.92 0.75</i>
                <i>1 0 0 0 1 0 0 0 1 0.24 0.92 0.75</i>
                <i>1 0 0 0 1 0 0 0 1 0.24 0.92 0.75</i>
                <i>1 0 0 0 1 0 0 0 1 0.24 0.92 0.75</i>
                <i>1 0 0 0 1 0 0 0 1 0.24 0.92 0.75</i>
                <i>1 0 0 0 1 0 0 0 1 0.24 0.92 0.75</i>
                <i>1 0 0 0 1 0 0 0 1 0.24 0.92 0.75</i>
                <i>1 0 0 0 1 0 0 0 1 0.24 0.92 0.75</i>
                <i>1 0 0 0 1 0 0 0 1 0.24 0.92 0.75</i>
                <i>1 0 0 0 1 0 0 0 1 0.24 0.92 0.75</i>
                <i>1 0 0 0 1 0 0 0 1 0.24 0.92 0.75</i>
                <i>1 0 0 0 1 0 0 0 1 0.24 0.92 0.75</i>
                <i>1 0 0 0 1 0 0 0 1 0.24 0.92 0.75</i>
                <i>1 0 0 0 1 0 0 0 1 0.24 0.92 0.75</i>
                <i>1 0 0 0 1 0 0 0 1 0.24 0.92 0.75</i>
                <i>1 0 0 0 1 0 0 0 1 0.24 0.92 0.75</i>
                <i>1 0 0 0 1 0 0 0 1 0.24 0.92 0.75</i>
                <i>1 0 0 0 1 0 0 0 1 0.24 0.92 0.75</i>
                <i>1 0 0 0 1 0 0 0 1 0.24 0.92 0.75</i>
                <i>1 0 0 0 1 0 0 0 1 0.24 0.92 0.75</i>
                <i>1 0 0 0 1 0 0 0 1 0.24 0.92 0.75</i>
                <i>1 0 0 0 1 0 0 0 1 0.24 0.92 0.75</i>
                <i>1 0 0 0 1 0 0 0 1 0.24 0.92 0.75</i>
                <i>1 0 0 0 1 0 0 0 1 0.24 0.92 0.75</i>
                <i>1 0 0 0 1 0 0 0 1 0.24 0.92 0.75</i>
                <i>1 0 0 0 1 0 0 0 1 0.24 0.92 0.75</i>
                <i>1 0 0 0 1 0 0 0 1 0.24 0.92 0.75</i>
                <i>1 0 0 0 1 0 0 0 1 0.24 0.92 0.75</i>
                <i>1 0 0 0 1 0 0 0 1 0.24 0.92 0.75</i>
                <i>1 0 0 0 1 0 0 0 1 0.24 0.92 0.75</i>
                <i>1 0 0 0 1 0 0 0 1 0.24 0.92 0.75</i>
                <i>1 0 0 0 1 0 0 0 1 0.24 0.92 0.75</i>
                <i>1 0 0 0 1 0 0 0 1 0.24 0.92 0.75</i>
                <i>1 0 0 0 1 0 0 0 1 0.24 0.92 0.75</i>
                <i>1 0 0 0 1 0 0 0 1 0.24 0.92 0.75</i>
                <i>1 0 0 0 1 0 0 0 1 0.24 0.92 0.75</i>
                <i>1 0 0 0 1 0 0 0 1 0.24 0.92 0.75</i>
                <i>1 0 0 0 1 0 0 0 1 0.24 0.92 0.75</i>
                <i>1 0 0 0 1 0 0 0 1 0.24 0.92 0.75</i>
                <i>1 0 0 0 1 0 0 0 1 0.24 0.92 0.75</i>
                <i>1 0 0 0 1 0 0 0 1 0.24 0.92 0.75</i>
                <i>1 0 0 0 1 0 0 0 1 0.24 0.92 0.75</i>
                <i>1 0 0 0 1 0 0 0 1 0.24 0.92 0.75</i>
                <i>1 0 0 0 1 0 0 0 1 0.24 0.92 0.75</i>
                <i>1 0 0 0 1 0 0 0 1 0.24 0.92 0.75</i>
                <i>1 0 0 0 1 0 0 0 1 0.24 0.92 0.75</i>
                <i>1 0 0 0 1 0 0 0 1 0.24 0.92 0.75</i>
                <i>1 0 0 0 1 0 0 0 1 0.24 0.92 0.75</i>
                <i>1 0 0 0 1 0 0 0 1 0.24 0.92 0.75</i>
                <i>1 0 0 0 1 0 0 0 1 0.24 0.92 0.75</i>
                <i>1 0 0 0 1 0 0 0 1 0.24 0.92 0.75</i>
                <i>1 0 0 0 1 0 0 0 1 0.24 0.92 0.75</i>
                <i>1 0 0 0 1 0 0 0 1 0.24 0.92 0.75</i>
                <i>1 0 0 0 1 0 0 0 1 0.24 0.92 0.75</i>
                <i>1 0 0 0 1 0 0 0 1 0.24 0.92 0.75</i>
            </KeyFrames>
        </RefFrame>
        <Bones count="18">
            <i>
                <p>
                    <Name><![CDATA[mgun_nsv_root]]></Name>
                    <Exclude>0</Exclude>
                    <Additive>0</Additive>
                    <IKPriority>0</IKPriority>
                    <IKRotLimits>-1e+010 -1e+010 -1e+010 1e+010 1e+010 1e+010</IKRotLimits>
                    <IKRotLimitOrder>0</IKRotLimitOrder>
                    <KeyFrames count="107">
                        <i>1 0 0 0 1 0 0 0 1 0.24 0.92 0.75</i>
                        <i>1 0 0 0 1 0 0 0 1 0.24 0.92 0.75</i>
                        <i>1 0 0 0 1 0 0 0 1 0.24 0.92 0.75</i>
                        <i>1 0 0 0 1 0 0 0 1 0.24 0.92 0.75</i>
                        <i>1 0 0 0 1 0 0 0 1 0.24 0.92 0.75</i>
                        <i>1 0 0 0 1 0 0 0 1 0.24 0.92 0.75</i>
                        <i>1 0 0 0 1 0 0 0 1 0.24 0.92 0.75</i>
                        <i>1 0 0 0 1 0 0 0 1 0.24 0.92 0.75</i>
                        <i>1 0 0 0 1 0 0 0 1 0.24 0.92 0.75</i>
                        <i>1 0 0 0 1 0 0 0 1 0.24 0.92 0.75</i>
                        <i>1 0 0 0 1 0 0 0 1 0.24 0.92 0.75</i>
                        <i>1 0 0 0 1 0 0 0 1 0.24 0.92 0.75</i>
                        <i>1 0 0 0 1 0 0 0 1 0.24 0.92 0.75</i>
                        <i>1 0 0 0 1 0 0 0 1 0.24 0.92 0.75</i>
                        <i>1 0 0 0 1 0 0 0 1 0.24 0.92 0.75</i>
                        <i>1 0 0 0 1 0 0 0 1 0.24 0.92 0.75</i>
                        <i>1 0 0 0 1 0 0 0 1 0.24 0.92 0.75</i>
                        <i>1 0 0 0 1 0 0 0 1 0.24 0.92 0.75</i>
                        <i>1 0 0 0 1 0 0 0 1 0.24 0.92 0.75</i>
                        <i>1 0 0 0 1 0 0 0 1 0.24 0.92 0.75</i>
                        <i>1 0 0 0 1 0 0 0 1 0.24 0.92 0.75</i>
                        <i>1 0 0 0 1 0 0 0 1 0.24 0.92 0.75</i>
                        <i>1 0 0 0 1 0 0 0 1 0.24 0.92 0.75</i>
                        <i>1 0 0 0 1 0 0 0 1 0.24 0.92 0.75</i>
                        <i>1 0 0 0 1 0 0 0 1 0.24 0.92 0.75</i>
                        <i>1 0 0 0 1 0 0 0 1 0.24 0.92 0.75</i>
                        <i>1 0 0 0 1 0 0 0 1 0.24 0.92 0.75</i>
                        <i>1 0 0 0 1 0 0 0 1 0.24 0.92 0.75</i>
                        <i>1 0 0 0 1 0 0 0 1 0.24 0.92 0.75</i>
                        <i>1 0 0 0 1 0 0 0 1 0.24 0.92 0.75</i>
                        <i>1 0 0 0 1 0 0 0 1 0.24 0.92 0.75</i>
                        <i>1 0 0 0 1 0 0 0 1 0.24 0.92 0.75</i>
                        <i>1 0 0 0 1 0 0 0 1 0.24 0.92 0.75</i>
                        <i>1 0 0 0 1 0 0 0 1 0.24 0.92 0.75</i>
                        <i>1 0 0 0 1 0 0 0 1 0.24 0.92 0.75</i>
                        <i>1 0 0 0 1 0 0 0 1 0.24 0.92 0.75</i>
                        <i>1 0 0 0 1 0 0 0 1 0.24 0.92 0.75</i>
                        <i>1 0 0 0 1 0 0 0 1 0.24 0.92 0.75</i>
                        <i>1 0 0 0 1 0 0 0 1 0.24 0.92 0.75</i>
                        <i>1 0 0 0 1 0 0 0 1 0.24 0.92 0.75</i>
                        <i>1 0 0 0 1 0 0 0 1 0.24 0.92 0.75</i>
                        <i>1 0 0 0 1 0 0 0 1 0.24 0.92 0.75</i>
                        <i>1 0 0 0 1 0 0 0 1 0.24 0.92 0.75</i>
                        <i>1 0 0 0 1 0 0 0 1 0.24 0.92 0.75</i>
                        <i>1 0 0 0 1 0 0 0 1 0.24 0.92 0.75</i>
                        <i>1 0 0 0 1 0 0 0 1 0.24 0.92 0.75</i>
                        <i>1 0 0 0 1 0 0 0 1 0.24 0.92 0.75</i>
                        <i>1 0 0 0 1 0 0 0 1 0.24 0.92 0.75</i>
                        <i>1 0 0 0 1 0 0 0 1 0.24 0.92 0.75</i>
                        <i>1 0 0 0 1 0 0 0 1 0.24 0.92 0.75</i>
                        <i>1 0 0 0 1 0 0 0 1 0.24 0.92 0.75</i>
                        <i>1 0 0 0 1 0 0 0 1 0.24 0.92 0.75</i>
                        <i>1 0 0 0 1 0 0 0 1 0.24 0.92 0.75</i>
                        <i>1 0 0 0 1 0 0 0 1 0.24 0.92 0.75</i>
                        <i>1 0 0 0 1 0 0 0 1 0.24 0.92 0.75</i>
                        <i>1 0 0 0 1 0 0 0 1 0.24 0.92 0.75</i>
                        <i>1 0 0 0 1 0 0 0 1 0.24 0.92 0.75</i>
                        <i>1 0 0 0 1 0 0 0 1 0.24 0.92 0.75</i>
                        <i>1 0 0 0 1 0 0 0 1 0.24 0.92 0.75</i>
                        <i>1 0 0 0 1 0 0 0 1 0.24 0.92 0.75</i>
                        <i>1 0 0 0 1 0 0 0 1 0.24 0.92 0.75</i>
                        <i>1 0 0 0 1 0 0 0 1 0.24 0.92 0.75</i>
                        <i>1 0 0 0 1 0 0 0 1 0.24 0.92 0.75</i>
                        <i>1 0 0 0 1 0 0 0 1 0.24 0.92 0.75</i>
                        <i>1 0 0 0 1 0 0 0 1 0.24 0.92 0.75</i>
                        <i>1 0 0 0 1 0 0 0 1 0.24 0.92 0.75</i>
                        <i>1 0 0 0 1 0 0 0 1 0.24 0.92 0.75</i>
                        <i>1 0 0 0 1 0 0 0 1 0.24 0.92 0.75</i>
                        <i>1 0 0 0 1 0 0 0 1 0.24 0.92 0.75</i>
                        <i>1 0 0 0 1 0 0 0 1 0.24 0.92 0.75</i>
                        <i>1 0 0 0 1 0 0 0 1 0.24 0.92 0.75</i>
                        <i>1 0 0 0 1 0 0 0 1 0.24 0.92 0.75</i>
                        <i>1 0 0 0 1 0 0 0 1 0.24 0.92 0.75</i>
                        <i>1 0 0 0 1 0 0 0 1 0.24 0.92 0.75</i>
                        <i>1 0 0 0 1 0 0 0 1 0.24 0.92 0.75</i>
                        <i>1 0 0 0 1 0 0 0 1 0.24 0.92 0.75</i>
                        <i>1 0 0 0 1 0 0 0 1 0.24 0.92 0.75</i>
                        <i>1 0 0 0 1 0 0 0 1 0.24 0.92 0.75</i>
                        <i>1 0 0 0 1 0 0 0 1 0.24 0.92 0.75</i>
                        <i>1 0 0 0 1 0 0 0 1 0.24 0.92 0.75</i>
                        <i>1 0 0 0 1 0 0 0 1 0.24 0.92 0.75</i>
                        <i>1 0 0 0 1 0 0 0 1 0.24 0.92 0.75</i>
                        <i>1 0 0 0 1 0 0 0 1 0.24 0.92 0.75</i>
                        <i>1 0 0 0 1 0 0 0 1 0.24 0.92 0.75</i>
                        <i>1 0 0 0 1 0 0 0 1 0.24 0.92 0.75</i>
                        <i>1 0 0 0 1 0 0 0 1 0.24 0.92 0.75</i>
                        <i>1 0 0 0 1 0 0 0 1 0.24 0.92 0.75</i>
                        <i>1 0 0 0 1 0 0 0 1 0.24 0.92 0.75</i>
                        <i>1 0 0 0 1 0 0 0 1 0.24 0.92 0.75</i>
                        <i>1 0 0 0 1 0 0 0 1 0.24 0.92 0.75</i>
                        <i>1 0 0 0 1 0 0 0 1 0.24 0.92 0.75</i>
                        <i>1 0 0 0 1 0 0 0 1 0.24 0.92 0.75</i>
                        <i>1 0 0 0 1 0 0 0 1 0.24 0.92 0.75</i>
                        <i>1 0 0 0 1 0 0 0 1 0.24 0.92 0.75</i>
                        <i>1 0 0 0 1 0 0 0 1 0.24 0.92 0.75</i>
                        <i>1 0 0 0 1 0 0 0 1 0.24 0.92 0.75</i>
                        <i>1 0 0 0 1 0 0 0 1 0.24 0.92 0.75</i>
                        <i>1 0 0 0 1 0 0 0 1 0.24 0.92 0.75</i>
                        <i>1 0 0 0 1 0 0 0 1 0.24 0.92 0.75</i>
                        <i>1 0 0 0 1 0 0 0 1 0.24 0.92 0.75</i>
                        <i>1 0 0 0 1 0 0 0 1 0.24 0.92 0.75</i>
                        <i>1 0 0 0 1 0 0 0 1 0.24 0.92 0.75</i>
                        <i>1 0 0 0 1 0 0 0 1 0.24 0.92 0.75</i>
                        <i>1 0 0 0 1 0 0 0 1 0.24 0.92 0.75</i>
                        <i>1 0 0 0 1 0 0 0 1 0.24 0.92 0.75</i>
                        <i>1 0 0 0 1 0 0 0 1 0.24 0.92 0.75</i>
                        <i>1 0 0 0 1 0 0 0 1 0.24 0.92 0.75</i>
                    </KeyFrames>
                </p>
            </i>
            <i>
                <p>
                    <Name><![CDATA[body]]></Name>
                    <Exclude>0</Exclude>
                    <Additive>0</Additive>
                    <IKPriority>0</IKPriority>
                    <IKRotLimits>-1e+010 -1e+010 -1e+010 1e+010 1e+010 1e+010</IKRotLimits>
                    <IKRotLimitOrder>0</IKRotLimitOrder>
                    <KeyFrames count="107">
                        <i>1 0 0 0 1 0 0 0 1 0.24 2.01489 0.75</i>
                        <i>1 0 0 0 1 0 0 0 1 0.24 1.9482 0.75</i>
                        <i>1 0 0 0 0.999976 0.00694893 0 -0.00694893 0.999976 0.24 2.00883 0.75</i>
                        <i>1 0 0 0 0.999885 0.0151453 0 -0.0151453 0.999885 0.24 2.09098 0.75</i>
                        <i>1 0 0 0 0.999748 0.02246 0 -0.02246 0.999748 0.24 2.13534 0.75</i>
                        <i>1 0 0 0 0.999551 0.0299642 0 -0.0299642 0.999551 0.24 2.1078 0.75</i>
                        <i>1 0 0 0 0.99933 0.0365866 0 -0.0365866 0.99933 0.24 2.04247 0.75</i>
                        <i>1 0 0 0 0.999316 0.0369876 0 -0.0369876 0.999316 0.24 1.98234 0.75</i>
                        <i>1 0 0 0 0.999821 0.0189153 0 -0.0189153 0.999821 0.24 1.93866 0.75</i>
                        <i>1 0 0 0 1 0 0 0 1 0.24 1.9193 0.75</i>
                        <i>1 0 0 0 0.999994 -0.00346837 0 0.00346837 0.999994 0.24 1.9364 0.75</i>
                        <i>1 0 0 0 0.999995 -0.003083 0 0.003083 0.999995 0.24 1.96744 0.75</i>
                        <i>1 0 0 0 0.999999 -0.00115612 0 0.00115612 0.999999 0.24 1.9983 0.75</i>
                        <i>1 0 0 0 1 0 0 0 1 0.24 2.01489 0.75</i>
                        <i>1 0 0 0 1 -0.000151768 0 0.000151768 1 0.24 2.01923 0.75</i>
                        <i>1 0 0 0 1 -0.000569131 0 0.000569131 1 0.24 2.0228 0.75</i>
                        <i>1 0 0 0 0.999999 -0.00119518 0 0.00119518 0.999999 0.24 2.02564 0.75</i>
                        <i>1 0 0 0 0.999998 -0.00197299 0 0.00197299 0.999998 0.24 2.02781 0.75</i>
                        <i>1 0 0 0 0.999996 -0.00284565 0 0.00284565 0.999996 0.24 2.02936 0.75</i>
                        <i>1 0 0 0 0.999993 -0.00375626 0 0.00375626 0.999993 0.24 2.03034 0.75</i>
                        <i>1 0 0 0 0.999989 -0.00464789 0 0.00464789 0.999989 0.24 2.03082 0.75</i>
                        <i>1 0 0 0 0.999985 -0.00546363 0 0.00546363 0.999985 0.24 2.03083 0.75</i>
                        <i>1 0 0 0 0.999981 -0.00614658 0 0.00614658 0.999981 0.24 2.03044 0.75</i>
                        <i>1 0 0 0 0.999978 -0.00663981 0 0.00663981 0.999978 0.24 2.02969 0.75</i>
                        <i>1 0 0 0 0.999976 -0.00688643 0 0.00688643 0.999976 0.24 2.02864 0.75</i>
                        <i>1 0 0 0 0.999977 -0.00682952 0 0.00682952 0.999977 0.24 2.02734 0.75</i>
                        <i>1 0 0 0 0.999979 -0.00641217 0 0.00641217 0.999979 0.24 2.02585 0.75</i>
                        <i>1 0 0 0 0.999984 -0.00557746 0 0.00557746 0.999984 0.24 2.02422 0.75</i>
                        <i>1 0 0 0 0.999991 -0.00426847 0 0.00426847 0.999991 0.24 2.02249 0.75</i>
                        <i>1 0 0 0 0.999997 -0.00242829 0 0.00242829 0.999997 0.24 2.02073 0.75</i>
                        <i>1 0 0 0 1 0 0 0 1 0.24 2.01899 0.75</i>
                        <i>1 0 0 0 0.999988 0.00492411 0 -0.00492411 0.999988 0.24 2.01835 0.75</i>
                        <i>1 0 0 0 0.999909 0.0135029 0 -0.0135029 0.999909 0.24 2.01825 0.75</i>
                        <i>1 0 0 0 0.999696 0.0246689 0 -0.0246689 0.999696 0.24 2.01631 0.75</i>
                        <i>1 0 0 0 0.999302 0.0373539 0 -0.0373539 0.999302 0.24 2.01012 0.75</i>
                        <i>1 0 0 0 0.998725 0.0504894 0 -0.0504894 0.998725 0.24 1.99727 0.75</i>
                        <i>1 0 0 0 0.998013 0.0630085 0 -0.0630085 0.998013 0.24 1.97537 0.75</i>
                        <i>1 0 0 0 0.997118 0.0758679 0 -0.0758679 0.997118 0.24 1.93711 0.75</i>
                        <i>1 0 0 0 0.995932 0.0901052 0 -0.0901052 0.995932 0.24 1.88296 0.75</i>
                        <i>1 0 0 0 0.994496 0.104779 0 -0.104779 0.994496 0.24 1.82216 0.75</i>
                        <i>1 0 0 0 0.9929 0.118951 0 -0.118951 0.9929 0.24 1.76394 0.75</i>
                        <i>1 0 0 0 0.991291 0.131691 0 -0.131691 0.991291 0.24 1.71755 0.75</i>
                        <i>1 0 0 0 0.989856 0.142073 0 -0.142073 0.989856 0.24 1.69224 0.75</i>
                        <i>1 0 0 0 0.988533 0.151003 0 -0.151003 0.988533 0.24 1.6799 0.75</i>
                        <i>1 0 0 0 0.987287 0.158951 0 -0.158951 0.987287 0.24 1.66722 0.75</i>
                        <i>1 0 0 0 0.986403 0.164346 0 -0.164346 0.986403 0.24 1.65562 0.75</i>
                        <i>1 0 0 0 0.986189 0.165624 0 -0.165624 0.986189 0.24 1.6465 0.75</i>
                        <i>1 0 0 0 0.98692 0.161213 0 -0.161213 0.98692 0.24 1.64128 0.75</i>
                        <i>1 0 0 0 0.989378 0.145366 0 -0.145366 0.989378 0.24 1.61433 0.75</i>
                        <i>1 0 0 0 0.992887 0.119061 0 -0.119061 0.992887 0.24 1.55395 0.75</i>
                        <i>1 0 0 0 0.995862 0.0908758 0 -0.0908758 0.995862 0.24 1.48242 0.75</i>
                        <i>1 0 0 0 0.997582 0.0694979 0 -0.0694979 0.997582 0.24 1.42205 0.75</i>
                        <i>1 0 0 0 0.997972 0.0636577 0 -0.0636577 0.997972 0.24 1.39513 0.75</i>
                        <i>1 0 0 0 0.997129 0.0757255 0 -0.0757255 0.997129 0.24 1.40074 0.75</i>
                        <i>1 0 0 0 0.995069 0.0991876 0 -0.0991876 0.995069 0.24 1.42037 0.75</i>
                        <i>1 0 0 0 0.99159 0.129418 0 -0.129418 0.99159 0.24 1.44997 0.75</i>
                        <i>1 0 0 0 0.986824 0.161798 0 -0.161798 0.986824 0.24 1.48548 0.75</i>
                        <i>1 0 0 0 0.98144 0.191771 0 -0.191771 0.98144 0.24 1.52284 0.75</i>
                        <i>1 0 0 0 0.976641 0.214876 0 -0.214876 0.976641 0.24 1.558 0.75</i>
                        <i>1 0 0 0 0.973955 0.226742 0 -0.226742 0.973955 0.24 1.5869 0.75</i>
                        <i>1 0 0 0 0.974819 0.222996 0 -0.222996 0.974819 0.24 1.60548 0.75</i>
                        <i>1 0 0 0 0.981677 0.19055 0 -0.19055 0.981677 0.24 1.60727 0.75</i>
                        <i>1 0 0 0 0.99171 0.128496 0 -0.128496 0.99171 0.24 1.5942 0.75</i>
                        <i>1 0 0 0 0.998696 0.05106 0 -0.05106 0.998696 0.24 1.5748 0.75</i>
                        <i>1 0 0 0 0.999641 -0.0267772 0 0.0267772 0.999641 0.24 1.55763 0.75</i>
                        <i>1 0 0 0 0.995959 -0.089806 0 0.089806 0.995959 0.24 1.55121 0.75</i>
                        <i>1 0 0 0 0.992377 -0.123237 0 0.123237 0.992377 0.24 1.5641 0.75</i>
                        <i>1 0 0 0 0.992717 -0.120472 0 0.120472 0.992717 0.24 1.60157 0.75</i>
                        <i>1 0 0 0 0.995768 -0.0919077 0 0.0919077 0.995768 0.24 1.65785 0.75</i>
                        <i>1 0 0 0 0.99882 -0.0485753 0 0.0485753 0.99882 0.24 1.72489 0.75</i>
                        <i>1 0 0 0 0.999999 -0.0016627 0 0.0016627 0.999999 0.24 1.79465 0.75</i>
                        <i>1 0 0 0 0.999296 0.0375219 0 -0.0375219 0.999296 0.24 1.85906 0.75</i>
                        <i>1 0 0 0 0.998332 0.0577272 0 -0.0577272 0.998332 0.24 1.91009 0.75</i>
                        <i>1 0 0 0 0.9984 0.0565411 0 -0.0565411 0.9984 0.24 1.94971 0.75</i>
                        <i>1 0 0 0 0.999099 0.0424452 0 -0.0424452 0.999099 0.24 1.98477 0.75</i>
                        <i>1 0 0 0 0.999788 0.0206049 0 -0.0206049 0.999788 0.24 2.01449 0.75</i>
                        <i>1 0 0 0 0.999993 -0.00379651 0 0.00379651 0.999993 0.24 2.0381 0.75</i>
                        <i>1 0 0 0 0.999673 -0.0255611 0 0.0255611 0.999673 0.24 2.05483 0.75</i>
                        <i>1 0 0 0 0.99922 -0.0394984 0 0.0394984 0.99922 0.24 2.06391 0.75</i>
                        <i>1 0 0 0 0.998936 -0.046121 0 0.046121 0.998936 0.24 2.06148 0.75</i>
                        <i>1 0 0 0 0.998765 -0.0496801 0 0.0496801 0.998765 0.24 2.04742 0.75</i>
                        <i>1 0 0 0 0.998719 -0.0506066 0 0.0506066 0.998719 0.24 2.02647 0.75</i>
                        <i>1 0 0 0 0.998783 -0.0493301 0 0.0493301 0.998783 0.24 2.0034 0.75</i>
                        <i>1 0 0 0 0.998929 -0.0462795 0 0.0462795 0.998929 0.24 1.98298 0.75</i>
                        <i>1 0 0 0 0.999123 -0.0418836 0 0.0418836 0.999123 0.24 1.96997 0.75</i>
                        <i>1 0 0 0 0.999406 -0.0344705 0 0.0344705 0.999406 0.24 1.9642 0.75</i>
                        <i>1 0 0 0 0.999727 -0.0233603 0 0.0233603 0.999727 0.24 1.96183 0.75</i>
                        <i>1 0 0 0 0.999945 -0.0104712 0 0.0104712 0.999945 0.24 1.96211 0.75</i>
                        <i>1 0 0 0 0.999997 0.00227501 0 -0.00227501 0.999997 0.24 1.96428 0.75</i>
                        <i>1 0 0 0 0.999916 0.0129559 0 -0.0129559 0.999916 0.24 1.9676 0.75</i>
                        <i>1 0 0 0 0.999807 0.0196507 0 -0.0196507 0.999807 0.24 1.97132 0.75</i>
                        <i>1 0 0 0 0.999779 0.0210213 0 -0.0210213 0.999779 0.24 1.97656 0.75</i>
                        <i>1 0 0 0 0.999834 0.0182141 0 -0.0182141 0.999834 0.24 1.98419 0.75</i>
                        <i>1 0 0 0 0.999915 0.0130357 0 -0.0130357 0.999915 0.24 1.99311 0.75</i>
                        <i>1 0 0 0 0.999973 0.00729299 0 -0.00729299 0.999973 0.24 2.00218 0.75</i>
                        <i>1 0 0 0 0.999996 0.00279355 0 -0.00279355 0.999996 0.24 2.01029 0.75</i>
                        <i>1 0 0 0 1 0 0 0 1 0.24 2.01489 0.75</i>
                        <i>1 0 0 0 1 -0.000205707 0 0.000205707 1 0.24 2.01523 0.75</i>
                        <i>1 0 0 0 1 -0.000325067 0 0.000325067 1 0.24 2.01543 0.75</i>
                        <i>1 0 0 0 1 -0.00037332 0 0.00037332 1 0.24 2.01551 0.75</i>
                        <i>1 0 0 0 1 -0.000365701 0 0.000365701 1 0.24 2.0155 0.75</i>
                        <i>1 0 0 0 1 -0.000317449 0 0.000317449 1 0.24 2.01542 0.75</i>
                        <i>1 0 0 0 1 -0.0002438 0 0.0002438 1 0.24 2.0153 0.75</i>
                        <i>1 0 0 0 1 -0.000159994 0 0.000159994 1 0.24 2.01516 0.75</i>
                        <i>1 0 0 0 1 -8.12668e-005 0 8.12668e-005 1 0.24 2.01503 0.75</i>
                        <i>1 0 0 0 1 -2.28563e-005 0 2.28563e-005 1 0.24 2.01493 0.75</i>
                        <i>1 0 0 0 1 0 0 0 1 0.24 2.01489 0.75</i>
                    </KeyFrames>
                </p>
            </i>
            <i>
                <p>
                    <Name><![CDATA[yaw]]></Name>
                    <Exclude>0</Exclude>
                    <Additive>0</Additive>
                    <IKPriority>0</IKPriority>
                    <IKRotLimits>-1e+010 -1e+010 -1e+010 1e+010 1e+010 1e+010</IKRotLimits>
                    <IKRotLimitOrder>0</IKRotLimitOrder>
                    <KeyFrames count="107">
                        <i>1 0 0 0 1 0 0 0 1 0.24 2.09485 0.70672</i>
                        <i>1 0 0 0 1 0 0 0 1 0.24 2.02816 0.70672</i>
                        <i>1 0 0 0 0.999976 0.00694893 0 -0.00694893 0.999976 0.24 2.08909 0.707277</i>
                        <i>1 0 0 0 0.999885 0.0151453 0 -0.0151453 0.999885 0.24 2.17159 0.707936</i>
                        <i>1 0 0 0 0.999748 0.02246 0 -0.02246 0.999748 0.24 2.21625 0.708527</i>
                        <i>1 0 0 0 0.999551 0.0299642 0 -0.0299642 0.999551 0.24 2.18902 0.709136</i>
                        <i>1 0 0 0 0.99933 0.0365866 0 -0.0365866 0.99933 0.24 2.12396 0.709675</i>
                        <i>1 0 0 0 0.999316 0.0369876 0 -0.0369876 0.999316 0.24 2.06384 0.709707</i>
                        <i>1 0 0 0 0.999821 0.0189153 0 -0.0189153 0.999821 0.24 2.01942 0.708241</i>
                        <i>1 0 0 0 1 0 0 0 1 0.24 1.99926 0.70672</i>
                        <i>1 0 0 0 0.999994 -0.00346837 0 0.00346837 0.999994 0.24 2.01621 0.706443</i>
                        <i>1 0 0 0 0.999995 -0.003083 0 0.003083 0.999995 0.24 2.04726 0.706474</i>
                        <i>1 0 0 0 0.999999 -0.00115612 0 0.00115612 0.999999 0.24 2.07822 0.706628</i>
                        <i>1 0 0 0 1 0 0 0 1 0.24 2.09485 0.70672</i>
                        <i>1 0 0 0 1 -0.000151768 0 0.000151768 1 0.24 2.09919 0.706708</i>
                        <i>1 0 0 0 1 -0.000569131 0 0.000569131 1 0.24 2.10274 0.706675</i>
                        <i>1 0 0 0 0.999999 -0.00119518 0 0.00119518 0.999999 0.24 2.10555 0.706625</i>
                        <i>1 0 0 0 0.999998 -0.00197299 0 0.00197299 0.999998 0.24 2.10768 0.706563</i>
                        <i>1 0 0 0 0.999996 -0.00284565 0 0.00284565 0.999996 0.24 2.1092 0.706493</i>
                        <i>1 0 0 0 0.999993 -0.00375626 0 0.00375626 0.999993 0.24 2.11014 0.70642</i>
                        <i>1 0 0 0 0.999989 -0.00464789 0 0.00464789 0.999989 0.24 2.11058 0.706349</i>
                        <i>1 0 0 0 0.999985 -0.00546363 0 0.00546363 0.999985 0.24 2.11055 0.706284</i>
                        <i>1 0 0 0 0.999981 -0.00614658 0 0.00614658 0.999981 0.24 2.11013 0.70623</i>
                        <i>1 0 0 0 0.999978 -0.00663981 0 0.00663981 0.999978 0.24 2.10936 0.70619</i>
                        <i>1 0 0 0 0.999976 -0.00688643 0 0.00688643 0.999976 0.24 2.1083 0.706171</i>
                        <i>1 0 0 0 0.999977 -0.00682952 0 0.00682952 0.999977 0.24 2.10701 0.706175</i>
                        <i>1 0 0 0 0.999979 -0.00641217 0 0.00641217 0.999979 0.24 2.10553 0.706208</i>
                        <i>1 0 0 0 0.999984 -0.00557746 0 0.00557746 0.999984 0.24 2.10394 0.706275</i>
                        <i>1 0 0 0 0.999991 -0.00426847 0 0.00426847 0.999991 0.24 2.10227 0.706379</i>
                        <i>1 0 0 0 0.999997 -0.00242829 0 0.00242829 0.999997 0.24 2.10059 0.706526</i>
                        <i>1 0 0 0 1 0 0 0 1 0.24 2.09895 0.70672</i>
                        <i>0.999464 0.000161252 -0.0327472 0 0.999988 0.00492411 0.0327475 -0.00492146 0.999452 0.24 2.09852 0.707115</i>
                        <i>0.997699 0.000915544 -0.0677975 0 0.999909 0.0135029 0.0678037 -0.0134718 0.997608 0.24 2.09879 0.707804</i>
                        <i>0.994542 0.0025738 -0.104302 0 0.999696 0.0246689 0.104334 -0.0245343 0.99424 0.24 2.09732 0.708706</i>
                        <i>0.989938 0.00528552 -0.1414 0 0.999302 0.0373539 0.141499 -0.036978 0.989248 0.24 2.09164 0.709737</i>
                        <i>0.983946 0.00901058 -0.178237 0 0.998725 0.0504894 0.178465 -0.0496788 0.982691 0.24 2.07931 0.710813</i>
                        <i>0.976742 0.0135101 -0.21399 0 0.998013 0.0630085 0.214417 -0.061543 0.974802 0.24 2.0579 0.711845</i>
                        <i>0.968616 0.018858 -0.247847 0 0.997118 0.0758679 0.248563 -0.0734868 0.965824 0.24 2.02012 0.712911</i>
                        <i>0.959956 0.0252429 -0.27901 0 0.995932 0.0901052 0.28015 -0.086497 0.956051 0.24 1.96649 0.714101</i>
                        <i>0.951238 0.0323198 -0.30676 0 0.994496 0.104779 0.308458 -0.0996694 0.946002 0.24 1.90621 0.715337</i>
                        <i>0.942995 0.0395877 -0.330444 0 0.9929 0.118951 0.332807 -0.11217 0.9363 0.24 1.84848 0.716539</i>
                        <i>0.935795 0.0464267 -0.349473 0 0.991291 0.131691 0.352544 -0.123235 0.927645 0.24 1.80252 0.717627</i>
                        <i>0.930208 0.0521453 -0.363309 0 0.989856 0.142073 0.367032 -0.132157 0.920772 0.24 1.77753 0.71852</i>
                        <i>0.925801 0.057081 -0.373677 0 0.988533 0.151003 0.378012 -0.139799 0.915185 0.24 1.76548 0.719291</i>
                        <i>0.921804 0.0616182 -0.382727 0 0.987287 0.158951 0.387656 -0.146522 0.910085 0.24 1.75304 0.71998</i>
                        <i>0.918259 0.0650777 -0.390595 0 0.986403 0.164346 0.39598 -0.150912 0.905774 0.24 1.7416 0.72045</i>
                        <i>0.915201 0.0667459 -0.397432 0 0.986189 0.165624 0.402998 -0.151579 0.902561 0.24 1.73253 0.720561</i>
                        <i>0.912659 0.0658913 -0.403376 0 0.98692 0.161213 0.408722 -0.147132 0.900721 0.24 1.72718 0.720177</i>
                        <i>0.910657 0.06006 -0.408775 0 0.989378 0.145366 0.413163 -0.132379 0.900984 0.24 1.69974 0.718804</i>
                        <i>0.909214 0.0495686 -0.413368 0 0.992887 0.119061 0.41633 -0.108252 0.902746 0.24 1.63849 0.716548</i>
                        <i>0.908342 0.0380067 -0.416497 0 0.995862 0.0908758 0.418227 -0.0825464 0.904584 0.24 1.56598 0.714166</i>
                        <i>0.908051 0.0291098 -0.417847 0 0.997582 0.0694979 0.418859 -0.0631076 0.905856 0.24 1.50482 0.712382</i>
                        <i>0.908342 0.0266234 -0.417379 0 0.997972 0.0636577 0.418227 -0.057823 0.9065 0.24 1.47768 0.711898</i>
                        <i>0.909214 0.0315268 -0.415134 0 0.997129 0.0757255 0.41633 -0.0688507 0.906603 0.24 1.48375 0.7129</i>
                        <i>0.910657 0.0409807 -0.411126 0 0.995069 0.0991876 0.413163 -0.0903258 0.906166 0.24 1.50423 0.714865</i>
                        <i>0.912659 0.0528959 -0.405285 0 0.99159 0.129418 0.408722 -0.118114 0.904984 0.24 1.53486 0.717433</i>
                        <i>0.915201 0.0652043 -0.397688 0 0.986824 0.161798 0.402998 -0.148078 0.903142 0.24 1.57139 0.720228</i>
                        <i>0.918259 0.0759374 -0.38863 0 0.98144 0.191771 0.395979 -0.176096 0.901216 0.24 1.60962 0.722858</i>
                        <i>0.921804 0.0832979 -0.3786 0 0.976641 0.214876 0.387656 -0.198074 0.900272 0.24 1.64539 0.724913</i>
                        <i>0.925801 0.0857111 -0.368166 0 0.973955 0.226742 0.378012 -0.209918 0.901688 0.24 1.67459 0.725978</i>
                        <i>0.930208 0.0818467 -0.35779 0 0.974819 0.222996 0.367032 -0.207433 0.906785 0.24 1.69308 0.725641</i>
                        <i>0.935795 0.0671773 -0.346084 0 0.981677 0.19055 0.352544 -0.178316 0.918649 0.24 1.69401 0.72275</i>
                        <i>0.942995 0.0427643 -0.330048 0 0.99171 0.128496 0.332807 -0.121171 0.935178 0.24 1.67906 0.717354</i>
                        <i>0.951238 0.0157499 -0.308056 0 0.998696 0.05106 0.308458 -0.0485702 0.949997 0.24 1.65687 0.71086</i>
                        <i>0.959956 -0.00750162 -0.280049 0 0.999641 -0.0267772 0.28015 0.0257049 0.959612 0.24 1.6364 0.704595</i>
                        <i>0.968616 -0.0223225 -0.247559 0 0.995959 -0.089806 0.248563 0.0869875 0.964702 0.24 1.62696 0.699714</i>
                        <i>0.976742 -0.0264241 -0.212782 0 0.992377 -0.123237 0.214416 0.120371 0.969297 0.24 1.63812 0.697196</i>
                        <i>0.983946 -0.0215001 -0.177165 0 0.992717 -0.120472 0.178465 0.118538 0.97678 0.24 1.67574 0.697403</i>
                        <i>0.989938 -0.0130048 -0.1409 0 0.995768 -0.0919077 0.141499 0.0909829 0.985749 0.24 1.7335 0.699555</i>
                        <i>0.994542 -0.00506804 -0.104211 0 0.99882 -0.0485753 0.104334 0.0483101 0.993368 0.24 1.80266 0.702887</i>
                        <i>0.997699 -0.000112737 -0.0678037 0 0.999999 -0.0016627 0.0678038 0.00165887 0.997697 0.24 1.87453 0.706587</i>
                        <i>0.999464 0.00122876 -0.0327247 0 0.999296 0.0375219 0.0327478 -0.0375018 0.99876 0.24 1.94059 0.709751</i>
                        <i>1 0 0 0 0.998332 0.0577272 0 -0.0577272 0.998332 0.24 1.99241 0.711408</i>
                        <i>1 0 0 0 0.9984 0.0565411 0 -0.0565411 0.9984 0.24 2.03199 0.711311</i>
                        <i>1 0 0 0 0.999099 0.0424452 0 -0.0424452 0.999099 0.24 2.0665 0.710153</i>
                        <i>1 0 0 0 0.999788 0.0206049 0 -0.0206049 0.999788 0.24 2.09533 0.708377</i>
                        <i>1 0 0 0 0.999993 -0.00379651 0 0.00379651 0.999993 0.24 2.1179 0.706417</i>
                        <i>1 0 0 0 0.999673 -0.0255611 0 0.0255611 0.999673 0.24 2.13366 0.704691</i>
                        <i>1 0 0 0 0.99922 -0.0394984 0 0.0394984 0.99922 0.24 2.14209 0.703596</i>
                        <i>1 0 0 0 0.998936 -0.046121 0 0.046121 0.998936 0.24 2.13936 0.703079</i>
                        <i>1 0 0 0 0.998765 -0.0496801 0 0.0496801 0.998765 0.24 2.12513 0.702801</i>
                        <i>1 0 0 0 0.998719 -0.0506066 0 0.0506066 0.998719 0.24 2.10413 0.702729</i>
                        <i>1 0 0 0 0.998783 -0.0493301 0 0.0493301 0.998783 0.24 2.08113 0.702829</i>
                        <i>1 0 0 0 0.998929 -0.0462795 0 0.0462795 0.998929 0.24 2.06085 0.703066</i>
                        <i>1 0 0 0 0.999123 -0.0418836 0 0.0418836 0.999123 0.24 2.04805 0.703409</i>
                        <i>1 0 0 0 0.999406 -0.0344705 0 0.0344705 0.999406 0.24 2.04262 0.70399</i>
                        <i>1 0 0 0 0.999727 -0.0233603 0 0.0233603 0.999727 0.24 2.04076 0.704864</i>
                        <i>1 0 0 0 0.999945 -0.0104712 0 0.0104712 0.999945 0.24 2.04161 0.705885</i>
                        <i>1 0 0 0 0.999997 0.00227501 0 -0.00227501 0.999997 0.24 2.04434 0.706902</i>
                        <i>1 0 0 0 0.999916 0.0129559 0 -0.0129559 0.999916 0.24 2.04812 0.70776</i>
                        <i>1 0 0 0 0.999807 0.0196507 0 -0.0196507 0.999807 0.24 2.05211 0.7083</i>
                        <i>1 0 0 0 0.999779 0.0210213 0 -0.0210213 0.999779 0.24 2.05741 0.708411</i>
                        <i>1 0 0 0 0.999834 0.0182141 0 -0.0182141 0.999834 0.24 2.06493 0.708184</i>
                        <i>1 0 0 0 0.999915 0.0130357 0 -0.0130357 0.999915 0.24 2.07362 0.707766</i>
                        <i>1 0 0 0 0.999973 0.00729299 0 -0.00729299 0.999973 0.24 2.08245 0.707305</i>
                        <i>1 0 0 0 0.999996 0.00279355 0 -0.00279355 0.999996 0.24 2.09038 0.706944</i>
                        <i>1 0 0 0 1 0 0 0 1 0.24 2.09485 0.70672</i>
                        <i>1 0 0 0 1 -0.000205707 0 0.000205707 1 0.24 2.09518 0.706704</i>
                        <i>1 0 0 0 1 -0.000325067 0 0.000325067 1 0.24 2.09538 0.706694</i>
                        <i>1 0 0 0 1 -0.00037332 0 0.00037332 1 0.24 2.09545 0.70669</i>
                        <i>1 0 0 0 1 -0.000365701 0 0.000365701 1 0.24 2.09544 0.706691</i>
                        <i>1 0 0 0 1 -0.000317449 0 0.000317449 1 0.24 2.09536 0.706695</i>
                        <i>1 0 0 0 1 -0.0002438 0 0.0002438 1 0.24 2.09525 0.706701</i>
                        <i>1 0 0 0 1 -0.000159994 0 0.000159994 1 0.24 2.09511 0.706708</i>
                        <i>1 0 0 0 1 -8.12668e-005 0 8.12668e-005 1 0.24 2.09498 0.706714</i>
                        <i>1 0 0 0 1 -2.28563e-005 0 2.28563e-005 1 0.24 2.09489 0.706719</i>
                        <i>1 0 0 0 1 0 0 0 1 0.24 2.09485 0.70672</i>
                    </KeyFrames>
                </p>
            </i>
            <i>
                <p>
                    <Name><![CDATA[pitch]]></Name>
                    <Exclude>0</Exclude>
                    <Additive>0</Additive>
                    <IKPriority>0</IKPriority>
                    <IKRotLimits>-1e+010 -1e+010 -1e+010 1e+010 1e+010 1e+010</IKRotLimits>
                    <IKRotLimitOrder>0</IKRotLimitOrder>
                    <KeyFrames count="107">
                        <i>1 0 0 0 0.965926 0.258819 0 -0.258819 0.965926 0.24 2.20673 0.817702</i>
                        <i>1 0 0 0 0.984808 -0.173648 0 0.173648 0.984808 0.24 2.07334 0.817702</i>
                        <i>1 0 0 0 0.991608 -0.129279 0 0.129279 0.991608 0.24 2.2125 0.819253</i>
                        <i>1 0 0 0 0.999992 0.00399428 0 -0.00399428 0.999992 0.24 2.39768 0.822654</i>
                        <i>1 0 0 0 0.993521 0.113649 0 -0.113649 0.993521 0.24 2.50195 0.826425</i>
                        <i>1 0 0 0 0.987037 0.160495 0 -0.160495 0.987037 0.24 2.45306 0.828705</i>
                        <i>1 0 0 0 0.982981 0.183704 0 -0.183704 0.982981 0.24 2.32333 0.828762</i>
                        <i>1 0 0 0 0.982249 0.18758 0 -0.18758 0.982249 0.24 2.20274 0.82668</i>
                        <i>1 0 0 0 0.989244 0.146278 0 -0.146278 0.989244 0.24 2.11548 0.821479</i>
                        <i>1 0 0 0 0.995823 0.0913055 0 -0.0913055 0.995823 0.24 2.0715 0.817702</i>
                        <i>1 0 0 0 0.998221 0.0596178 0 -0.0596178 0.998221 0.24 2.09202 0.81709</i>
                        <i>1 0 0 0 0.999534 0.0305124 0 -0.0305124 0.999534 0.24 2.13683 0.817116</i>
                        <i>1 0 0 0 0.99996 0.00898063 0 -0.00898063 0.99996 0.24 2.1828 0.817465</i>
                        <i>1 0 0 0 1 0 0 0 1 0.24 2.20673 0.817702</i>
                        <i>1 0 0 0 0.999999 -0.00121106 0 0.00121106 0.999999 0.24 2.21153 0.817673</i>
                        <i>1 0 0 0 0.999996 -0.00270335 0 0.00270335 0.999996 0.24 2.21554 0.817593</i>
                        <i>1 0 0 0 0.99999 -0.00441843 0 0.00441843 0.99999 0.24 2.21883 0.817472</i>
                        <i>1 0 0 0 0.99998 -0.00629784 0 0.00629784 0.99998 0.24 2.22143 0.81732</i>
                        <i>1 0 0 0 0.999966 -0.00828312 0 0.00828312 0.999966 0.24 2.2234 0.81715</i>
                        <i>1 0 0 0 0.999947 -0.0103158 0 0.0103158 0.999947 0.24 2.22479 0.816972</i>
                        <i>1 0 0 0 0.999924 -0.0123374 0 0.0123374 0.999924 0.24 2.22564 0.816797</i>
                        <i>1 0 0 0 0.999898 -0.0142896 0 0.0142896 0.999898 0.24 2.22601 0.816637</i>
                        <i>1 0 0 0 0.99987 -0.0161138 0 0.0161138 0.99987 0.24 2.22595 0.816502</i>
                        <i>1 0 0 0 0.999842 -0.0177516 0 0.0177516 0.999842 0.24 2.2255 0.816404</i>
                        <i>1 0 0 0 0.999817 -0.0191446 0 0.0191446 0.999817 0.24 2.22471 0.816354</i>
                        <i>1 0 0 0 0.999795 -0.0202344 0 0.0202344 0.999795 0.24 2.22364 0.816363</i>
