<?xml version="1.0" encoding="ISO-8859-1" ?>
<Animl Version="1">
    <ModellingPackage><![CDATA[Maya.2010]]></ModellingPackage>
    <SrcFile><![CDATA[anims\bosses\red\~src\sub_typhoon_artillery\sub_typhoon_artillery_reload_high.mb]]></SrcFile>
    <FramesPerSecond>30</FramesPerSecond>
    <TotalFrames>241</TotalFrames>
    <Skeleton>
        <RefFrame>
            <Name><![CDATA[typhoon_artillery_ref_frame]]></Name>
            <Exclude>0</Exclude>
            <Additive>0</Additive>
            <IKPriority>0</IKPriority>
            <IKRotLimits>-1e+010 -1e+010 -1e+010 1e+010 1e+010 1e+010</IKRotLimits>
            <IKRotLimitOrder>0</IKRotLimitOrder>
            <KeyFrames count="241">
                <i>1 0 0 0 1 0 0 0 1 0 0 0</i>
                <i>1 0 0 0 1 0 0 0 1 0 0 0</i>
                <i>1 0 0 0 1 0 0 0 1 0 0 0</i>
                <i>1 0 0 0 1 0 0 0 1 0 0 0</i>
                <i>1 0 0 0 1 0 0 0 1 0 0 0</i>
                <i>1 0 0 0 1 0 0 0 1 0 0 0</i>
                <i>1 0 0 0 1 0 0 0 1 0 0 0</i>
                <i>1 0 0 0 1 0 0 0 1 0 0 0</i>
                <i>1 0 0 0 1 0 0 0 1 0 0 0</i>
                <i>1 0 0 0 1 0 0 0 1 0 0 0</i>
                <i>1 0 0 0 1 0 0 0 1 0 0 0</i>
                <i>1 0 0 0 1 0 0 0 1 0 0 0</i>
                <i>1 0 0 0 1 0 0 0 1 0 0 0</i>
                <i>1 0 0 0 1 0 0 0 1 0 0 0</i>
                <i>1 0 0 0 1 0 0 0 1 0 0 0</i>
                <i>1 0 0 0 1 0 0 0 1 0 0 0</i>
                <i>1 0 0 0 1 0 0 0 1 0 0 0</i>
                <i>1 0 0 0 1 0 0 0 1 0 0 0</i>
                <i>1 0 0 0 1 0 0 0 1 0 0 0</i>
                <i>1 0 0 0 1 0 0 0 1 0 0 0</i>
                <i>1 0 0 0 1 0 0 0 1 0 0 0</i>
                <i>1 0 0 0 1 0 0 0 1 0 0 0</i>
                <i>1 0 0 0 1 0 0 0 1 0 0 0</i>
                <i>1 0 0 0 1 0 0 0 1 0 0 0</i>
                <i>1 0 0 0 1 0 0 0 1 0 0 0</i>
                <i>1 0 0 0 1 0 0 0 1 0 0 0</i>
                <i>1 0 0 0 1 0 0 0 1 0 0 0</i>
                <i>1 0 0 0 1 0 0 0 1 0 0 0</i>
                <i>1 0 0 0 1 0 0 0 1 0 0 0</i>
                <i>1 0 0 0 1 0 0 0 1 0 0 0</i>
                <i>1 0 0 0 1 0 0 0 1 0 0 0</i>
                <i>1 0 0 0 1 0 0 0 1 0 0 0</i>
                <i>1 0 0 0 1 0 0 0 1 0 0 0</i>
                <i>1 0 0 0 1 0 0 0 1 0 0 0</i>
                <i>1 0 0 0 1 0 0 0 1 0 0 0</i>
                <i>1 0 0 0 1 0 0 0 1 0 0 0</i>
                <i>1 0 0 0 1 0 0 0 1 0 0 0</i>
                <i>1 0 0 0 1 0 0 0 1 0 0 0</i>
                <i>1 0 0 0 1 0 0 0 1 0 0 0</i>
                <i>1 0 0 0 1 0 0 0 1 0 0 0</i>
                <i>1 0 0 0 1 0 0 0 1 0 0 0</i>
                <i>1 0 0 0 1 0 0 0 1 0 0 0</i>
                <i>1 0 0 0 1 0 0 0 1 0 0 0</i>
                <i>1 0 0 0 1 0 0 0 1 0 0 0</i>
                <i>1 0 0 0 1 0 0 0 1 0 0 0</i>
                <i>1 0 0 0 1 0 0 0 1 0 0 0</i>
                <i>1 0 0 0 1 0 0 0 1 0 0 0</i>
                <i>1 0 0 0 1 0 0 0 1 0 0 0</i>
                <i>1 0 0 0 1 0 0 0 1 0 0 0</i>
                <i>1 0 0 0 1 0 0 0 1 0 0 0</i>
                <i>1 0 0 0 1 0 0 0 1 0 0 0</i>
                <i>1 0 0 0 1 0 0 0 1 0 0 0</i>
                <i>1 0 0 0 1 0 0 0 1 0 0 0</i>
                <i>1 0 0 0 1 0 0 0 1 0 0 0</i>
                <i>1 0 0 0 1 0 0 0 1 0 0 0</i>
                <i>1 0 0 0 1 0 0 0 1 0 0 0</i>
                <i>1 0 0 0 1 0 0 0 1 0 0 0</i>
                <i>1 0 0 0 1 0 0 0 1 0 0 0</i>
                <i>1 0 0 0 1 0 0 0 1 0 0 0</i>
                <i>1 0 0 0 1 0 0 0 1 0 0 0</i>
                <i>1 0 0 0 1 0 0 0 1 0 0 0</i>
                <i>1 0 0 0 1 0 0 0 1 0 0 0</i>
                <i>1 0 0 0 1 0 0 0 1 0 0 0</i>
                <i>1 0 0 0 1 0 0 0 1 0 0 0</i>
                <i>1 0 0 0 1 0 0 0 1 0 0 0</i>
                <i>1 0 0 0 1 0 0 0 1 0 0 0</i>
                <i>1 0 0 0 1 0 0 0 1 0 0 0</i>
                <i>1 0 0 0 1 0 0 0 1 0 0 0</i>
                <i>1 0 0 0 1 0 0 0 1 0 0 0</i>
                <i>1 0 0 0 1 0 0 0 1 0 0 0</i>
                <i>1 0 0 0 1 0 0 0 1 0 0 0</i>
                <i>1 0 0 0 1 0 0 0 1 0 0 0</i>
                <i>1 0 0 0 1 0 0 0 1 0 0 0</i>
                <i>1 0 0 0 1 0 0 0 1 0 0 0</i>
                <i>1 0 0 0 1 0 0 0 1 0 0 0</i>
                <i>1 0 0 0 1 0 0 0 1 0 0 0</i>
                <i>1 0 0 0 1 0 0 0 1 0 0 0</i>
                <i>1 0 0 0 1 0 0 0 1 0 0 0</i>
                <i>1 0 0 0 1 0 0 0 1 0 0 0</i>
                <i>1 0 0 0 1 0 0 0 1 0 0 0</i>
                <i>1 0 0 0 1 0 0 0 1 0 0 0</i>
                <i>1 0 0 0 1 0 0 0 1 0 0 0</i>
                <i>1 0 0 0 1 0 0 0 1 0 0 0</i>
                <i>1 0 0 0 1 0 0 0 1 0 0 0</i>
                <i>1 0 0 0 1 0 0 0 1 0 0 0</i>
                <i>1 0 0 0 1 0 0 0 1 0 0 0</i>
                <i>1 0 0 0 1 0 0 0 1 0 0 0</i>
                <i>1 0 0 0 1 0 0 0 1 0 0 0</i>
                <i>1 0 0 0 1 0 0 0 1 0 0 0</i>
                <i>1 0 0 0 1 0 0 0 1 0 0 0</i>
                <i>1 0 0 0 1 0 0 0 1 0 0 0</i>
                <i>1 0 0 0 1 0 0 0 1 0 0 0</i>
                <i>1 0 0 0 1 0 0 0 1 0 0 0</i>
                <i>1 0 0 0 1 0 0 0 1 0 0 0</i>
                <i>1 0 0 0 1 0 0 0 1 0 0 0</i>
                <i>1 0 0 0 1 0 0 0 1 0 0 0</i>
                <i>1 0 0 0 1 0 0 0 1 0 0 0</i>
                <i>1 0 0 0 1 0 0 0 1 0 0 0</i>
                <i>1 0 0 0 1 0 0 0 1 0 0 0</i>
                <i>1 0 0 0 1 0 0 0 1 0 0 0</i>
                <i>1 0 0 0 1 0 0 0 1 0 0 0</i>
                <i>1 0 0 0 1 0 0 0 1 0 0 0</i>
                <i>1 0 0 0 1 0 0 0 1 0 0 0</i>
                <i>1 0 0 0 1 0 0 0 1 0 0 0</i>
                <i>1 0 0 0 1 0 0 0 1 0 0 0</i>
                <i>1 0 0 0 1 0 0 0 1 0 0 0</i>
                <i>1 0 0 0 1 0 0 0 1 0 0 0</i>
                <i>1 0 0 0 1 0 0 0 1 0 0 0</i>
                <i>1 0 0 0 1 0 0 0 1 0 0 0</i>
                <i>1 0 0 0 1 0 0 0 1 0 0 0</i>
                <i>1 0 0 0 1 0 0 0 1 0 0 0</i>
                <i>1 0 0 0 1 0 0 0 1 0 0 0</i>
                <i>1 0 0 0 1 0 0 0 1 0 0 0</i>
                <i>1 0 0 0 1 0 0 0 1 0 0 0</i>
                <i>1 0 0 0 1 0 0 0 1 0 0 0</i>
                <i>1 0 0 0 1 0 0 0 1 0 0 0</i>
                <i>1 0 0 0 1 0 0 0 1 0 0 0</i>
                <i>1 0 0 0 1 0 0 0 1 0 0 0</i>
                <i>1 0 0 0 1 0 0 0 1 0 0 0</i>
                <i>1 0 0 0 1 0 0 0 1 0 0 0</i>
                <i>1 0 0 0 1 0 0 0 1 0 0 0</i>
                <i>1 0 0 0 1 0 0 0 1 0 0 0</i>
                <i>1 0 0 0 1 0 0 0 1 0 0 0</i>
                <i>1 0 0 0 1 0 0 0 1 0 0 0</i>
                <i>1 0 0 0 1 0 0 0 1 0 0 0</i>
                <i>1 0 0 0 1 0 0 0 1 0 0 0</i>
                <i>1 0 0 0 1 0 0 0 1 0 0 0</i>
                <i>1 0 0 0 1 0 0 0 1 0 0 0</i>
                <i>1 0 0 0 1 0 0 0 1 0 0 0</i>
                <i>1 0 0 0 1 0 0 0 1 0 0 0</i>
                <i>1 0 0 0 1 0 0 0 1 0 0 0</i>
                <i>1 0 0 0 1 0 0 0 1 0 0 0</i>
                <i>1 0 0 0 1 0 0 0 1 0 0 0</i>
                <i>1 0 0 0 1 0 0 0 1 0 0 0</i>
                <i>1 0 0 0 1 0 0 0 1 0 0 0</i>
                <i>1 0 0 0 1 0 0 0 1 0 0 0</i>
                <i>1 0 0 0 1 0 0 0 1 0 0 0</i>
                <i>1 0 0 0 1 0 0 0 1 0 0 0</i>
                <i>1 0 0 0 1 0 0 0 1 0 0 0</i>
                <i>1 0 0 0 1 0 0 0 1 0 0 0</i>
                <i>1 0 0 0 1 0 0 0 1 0 0 0</i>
                <i>1 0 0 0 1 0 0 0 1 0 0 0</i>
                <i>1 0 0 0 1 0 0 0 1 0 0 0</i>
                <i>1 0 0 0 1 0 0 0 1 0 0 0</i>
                <i>1 0 0 0 1 0 0 0 1 0 0 0</i>
                <i>1 0 0 0 1 0 0 0 1 0 0 0</i>
                <i>1 0 0 0 1 0 0 0 1 0 0 0</i>
                <i>1 0 0 0 1 0 0 0 1 0 0 0</i>
                <i>1 0 0 0 1 0 0 0 1 0 0 0</i>
                <i>1 0 0 0 1 0 0 0 1 0 0 0</i>
                <i>1 0 0 0 1 0 0 0 1 0 0 0</i>
                <i>1 0 0 0 1 0 0 0 1 0 0 0</i>
                <i>1 0 0 0 1 0 0 0 1 0 0 0</i>
                <i>1 0 0 0 1 0 0 0 1 0 0 0</i>
                <i>1 0 0 0 1 0 0 0 1 0 0 0</i>
                <i>1 0 0 0 1 0 0 0 1 0 0 0</i>
                <i>1 0 0 0 1 0 0 0 1 0 0 0</i>
                <i>1 0 0 0 1 0 0 0 1 0 0 0</i>
                <i>1 0 0 0 1 0 0 0 1 0 0 0</i>
                <i>1 0 0 0 1 0 0 0 1 0 0 0</i>
                <i>1 0 0 0 1 0 0 0 1 0 0 0</i>
                <i>1 0 0 0 1 0 0 0 1 0 0 0</i>
                <i>1 0 0 0 1 0 0 0 1 0 0 0</i>
                <i>1 0 0 0 1 0 0 0 1 0 0 0</i>
                <i>1 0 0 0 1 0 0 0 1 0 0 0</i>
                <i>1 0 0 0 1 0 0 0 1 0 0 0</i>
                <i>1 0 0 0 1 0 0 0 1 0 0 0</i>
                <i>1 0 0 0 1 0 0 0 1 0 0 0</i>
                <i>1 0 0 0 1 0 0 0 1 0 0 0</i>
                <i>1 0 0 0 1 0 0 0 1 0 0 0</i>
                <i>1 0 0 0 1 0 0 0 1 0 0 0</i>
                <i>1 0 0 0 1 0 0 0 1 0 0 0</i>
                <i>1 0 0 0 1 0 0 0 1 0 0 0</i>
                <i>1 0 0 0 1 0 0 0 1 0 0 0</i>
                <i>1 0 0 0 1 0 0 0 1 0 0 0</i>
                <i>1 0 0 0 1 0 0 0 1 0 0 0</i>
                <i>1 0 0 0 1 0 0 0 1 0 0 0</i>
                <i>1 0 0 0 1 0 0 0 1 0 0 0</i>
                <i>1 0 0 0 1 0 0 0 1 0 0 0</i>
                <i>1 0 0 0 1 0 0 0 1 0 0 0</i>
                <i>1 0 0 0 1 0 0 0 1 0 0 0</i>
                <i>1 0 0 0 1 0 0 0 1 0 0 0</i>
                <i>1 0 0 0 1 0 0 0 1 0 0 0</i>
                <i>1 0 0 0 1 0 0 0 1 0 0 0</i>
                <i>1 0 0 0 1 0 0 0 1 0 0 0</i>
                <i>1 0 0 0 1 0 0 0 1 0 0 0</i>
                <i>1 0 0 0 1 0 0 0 1 0 0 0</i>
                <i>1 0 0 0 1 0 0 0 1 0 0 0</i>
                <i>1 0 0 0 1 0 0 0 1 0 0 0</i>
                <i>1 0 0 0 1 0 0 0 1 0 0 0</i>
                <i>1 0 0 0 1 0 0 0 1 0 0 0</i>
                <i>1 0 0 0 1 0 0 0 1 0 0 0</i>
                <i>1 0 0 0 1 0 0 0 1 0 0 0</i>
                <i>1 0 0 0 1 0 0 0 1 0 0 0</i>
                <i>1 0 0 0 1 0 0 0 1 0 0 0</i>
                <i>1 0 0 0 1 0 0 0 1 0 0 0</i>
                <i>1 0 0 0 1 0 0 0 1 0 0 0</i>
                <i>1 0 0 0 1 0 0 0 1 0 0 0</i>
                <i>1 0 0 0 1 0 0 0 1 0 0 0</i>
                <i>1 0 0 0 1 0 0 0 1 0 0 0</i>
                <i>1 0 0 0 1 0 0 0 1 0 0 0</i>
                <i>1 0 0 0 1 0 0 0 1 0 0 0</i>
                <i>1 0 0 0 1 0 0 0 1 0 0 0</i>
                <i>1 0 0 0 1 0 0 0 1 0 0 0</i>
                <i>1 0 0 0 1 0 0 0 1 0 0 0</i>
                <i>1 0 0 0 1 0 0 0 1 0 0 0</i>
                <i>1 0 0 0 1 0 0 0 1 0 0 0</i>
                <i>1 0 0 0 1 0 0 0 1 0 0 0</i>
                <i>1 0 0 0 1 0 0 0 1 0 0 0</i>
                <i>1 0 0 0 1 0 0 0 1 0 0 0</i>
                <i>1 0 0 0 1 0 0 0 1 0 0 0</i>
                <i>1 0 0 0 1 0 0 0 1 0 0 0</i>
                <i>1 0 0 0 1 0 0 0 1 0 0 0</i>
                <i>1 0 0 0 1 0 0 0 1 0 0 0</i>
                <i>1 0 0 0 1 0 0 0 1 0 0 0</i>
                <i>1 0 0 0 1 0 0 0 1 0 0 0</i>
                <i>1 0 0 0 1 0 0 0 1 0 0 0</i>
                <i>1 0 0 0 1 0 0 0 1 0 0 0</i>
                <i>1 0 0 0 1 0 0 0 1 0 0 0</i>
                <i>1 0 0 0 1 0 0 0 1 0 0 0</i>
                <i>1 0 0 0 1 0 0 0 1 0 0 0</i>
                <i>1 0 0 0 1 0 0 0 1 0 0 0</i>
                <i>1 0 0 0 1 0 0 0 1 0 0 0</i>
                <i>1 0 0 0 1 0 0 0 1 0 0 0</i>
                <i>1 0 0 0 1 0 0 0 1 0 0 0</i>
                <i>1 0 0 0 1 0 0 0 1 0 0 0</i>
                <i>1 0 0 0 1 0 0 0 1 0 0 0</i>
                <i>1 0 0 0 1 0 0 0 1 0 0 0</i>
                <i>1 0 0 0 1 0 0 0 1 0 0 0</i>
                <i>1 0 0 0 1 0 0 0 1 0 0 0</i>
                <i>1 0 0 0 1 0 0 0 1 0 0 0</i>
                <i>1 0 0 0 1 0 0 0 1 0 0 0</i>
                <i>1 0 0 0 1 0 0 0 1 0 0 0</i>
                <i>1 0 0 0 1 0 0 0 1 0 0 0</i>
                <i>1 0 0 0 1 0 0 0 1 0 0 0</i>
                <i>1 0 0 0 1 0 0 0 1 0 0 0</i>
                <i>1 0 0 0 1 0 0 0 1 0 0 0</i>
                <i>1 0 0 0 1 0 0 0 1 0 0 0</i>
                <i>1 0 0 0 1 0 0 0 1 0 0 0</i>
                <i>1 0 0 0 1 0 0 0 1 0 0 0</i>
                <i>1 0 0 0 1 0 0 0 1 0 0 0</i>
            </KeyFrames>
        </RefFrame>
        <Bones count="4">
            <i>
                <p>
                    <Name><![CDATA[typhoon_artillery_root]]></Name>
                    <Exclude>0</Exclude>
                    <Additive>0</Additive>
                    <IKPriority>0</IKPriority>
                    <IKRotLimits>-1e+010 -1e+010 -1e+010 1e+010 1e+010 1e+010</IKRotLimits>
                    <IKRotLimitOrder>0</IKRotLimitOrder>
                    <KeyFrames count="241">
                        <i>1 0 0 0 1 0 0 0 1 3.43832e-009 3.87337 1.03149e-008</i>
                        <i>1 0 0 0 1 0 0 0 1 3.43832e-009 3.86036 1.03149e-008</i>
                        <i>1 0 0 0 1 0 0 0 1 3.43832e-009 3.84736 1.03149e-008</i>
                        <i>1 0 0 0 1 0 0 0 1 3.43832e-009 3.8549 1.03149e-008</i>
                        <i>1 0 0 0 1 0 0 0 1 3.43832e-009 3.86315 1.03149e-008</i>
                        <i>1 0 0 0 1 0 0 0 1 3.43832e-009 3.87 1.03149e-008</i>
                        <i>1 0 0 0 1 0 0 0 1 3.43832e-009 3.87337 1.03149e-008</i>
                        <i>1 0 0 0 1 0 0 0 1 3.43832e-009 3.87422 1.03149e-008</i>
                        <i>1 0 0 0 1 0 0 0 1 3.43832e-009 3.87493 1.03149e-008</i>
                        <i>1 0 0 0 1 0 0 0 1 3.43832e-009 3.8755 1.03149e-008</i>
                        <i>1 0 0 0 1 0 0 0 1 3.43832e-009 3.87595 1.03149e-008</i>
                        <i>1 0 0 0 1 0 0 0 1 3.43832e-009 3.87628 1.03149e-008</i>
                        <i>1 0 0 0 1 0 0 0 1 3.43832e-009 3.87651 1.03149e-008</i>
                        <i>1 0 0 0 1 0 0 0 1 3.43832e-009 3.87663 1.03149e-008</i>
                        <i>1 0 0 0 1 0 0 0 1 3.43832e-009 3.87667 1.03149e-008</i>
                        <i>1 0 0 0 1 0 0 0 1 3.43832e-009 3.87664 1.03149e-008</i>
                        <i>1 0 0 0 1 0 0 0 1 3.43832e-009 3.87653 1.03149e-008</i>
                        <i>1 0 0 0 1 0 0 0 1 3.43832e-009 3.87637 1.03149e-008</i>
                        <i>1 0 0 0 1 0 0 0 1 3.43832e-009 3.87616 1.03149e-008</i>
                        <i>1 0 0 0 1 0 0 0 1 3.43832e-009 3.87591 1.03149e-008</i>
                        <i>1 0 0 0 1 0 0 0 1 3.43832e-009 3.87563 1.03149e-008</i>
                        <i>1 0 0 0 1 0 0 0 1 3.43832e-009 3.87533 1.03149e-008</i>
                        <i>1 0 0 0 1 0 0 0 1 3.43832e-009 3.87502 1.03149e-008</i>
                        <i>1 0 0 0 1 0 0 0 1 3.43832e-009 3.87471 1.03149e-008</i>
                        <i>1 0 0 0 1 0 0 0 1 3.43832e-009 3.87442 1.03149e-008</i>
                        <i>1 0 0 0 1 0 0 0 1 3.43832e-009 3.87414 1.03149e-008</i>
                        <i>1 0 0 0 1 0 0 0 1 3.43832e-009 3.87389 1.03149e-008</i>
                        <i>1 0 0 0 1 0 0 0 1 3.43832e-009 3.87368 1.03149e-008</i>
                        <i>1 0 0 0 1 0 0 0 1 3.43832e-009 3.87351 1.03149e-008</i>
                        <i>1 0 0 0 1 0 0 0 1 3.43832e-009 3.87341 1.03149e-008</i>
                        <i>1 0 0 0 1 0 0 0 1 3.43832e-009 3.87337 1.03149e-008</i>
                        <i>1 0 0 0 1 0 0 0 1 3.43832e-009 3.87337 1.03149e-008</i>
                        <i>1 0 0 0 1 0 0 0 1 3.43832e-009 3.87337 1.03149e-008</i>
                        <i>1 0 0 0 1 0 0 0 1 3.43832e-009 3.87337 1.03149e-008</i>
                        <i>1 0 0 0 1 0 0 0 1 3.43832e-009 3.87337 1.03149e-008</i>
                        <i>1 0 0 0 1 0 0 0 1 3.43832e-009 3.87337 1.03149e-008</i>
                        <i>1 0 0 0 1 0 0 0 1 3.43832e-009 3.87337 1.03149e-008</i>
                        <i>1 0 0 0 1 0 0 0 1 3.43832e-009 3.87337 1.03149e-008</i>
                        <i>1 0 0 0 1 0 0 0 1 3.43832e-009 3.87337 1.03149e-008</i>
                        <i>1 0 0 0 1 0 0 0 1 3.43832e-009 3.87337 1.03149e-008</i>
                        <i>1 0 0 0 1 0 0 0 1 3.43832e-009 3.87337 1.03149e-008</i>
                        <i>1 0 0 0 1 0 0 0 1 3.43832e-009 3.87337 1.03149e-008</i>
                        <i>1 0 0 0 1 0 0 0 1 3.43832e-009 3.87337 1.03149e-008</i>
                        <i>1 0 0 0 1 0 0 0 1 3.43832e-009 3.87337 1.03149e-008</i>
                        <i>1 0 0 0 1 0 0 0 1 3.43832e-009 3.87337 1.03149e-008</i>
                        <i>1 0 0 0 1 0 0 0 1 3.43832e-009 3.87337 1.03149e-008</i>
                        <i>1 0 0 0 1 0 0 0 1 3.43832e-009 3.87337 1.03149e-008</i>
                        <i>1 0 0 0 1 0 0 0 1 3.43832e-009 3.87337 1.03149e-008</i>
                        <i>1 0 0 0 1 0 0 0 1 3.43832e-009 3.87337 1.03149e-008</i>
                        <i>1 0 0 0 1 0 0 0 1 3.43832e-009 3.87337 1.03149e-008</i>
                        <i>1 0 0 0 1 0 0 0 1 3.43832e-009 3.87337 1.03149e-008</i>
                        <i>1 0 0 0 1 0 0 0 1 3.43832e-009 3.87337 1.03149e-008</i>
                        <i>1 0 0 0 1 0 0 0 1 3.43832e-009 3.87337 1.03149e-008</i>
                        <i>1 0 0 0 1 0 0 0 1 3.43832e-009 3.87337 1.03149e-008</i>
                        <i>1 0 0 0 1 0 0 0 1 3.43832e-009 3.87337 1.03149e-008</i>
                        <i>1 0 0 0 1 0 0 0 1 3.43832e-009 3.87337 1.03149e-008</i>
                        <i>1 0 0 0 1 0 0 0 1 3.43832e-009 3.87337 1.03149e-008</i>
                        <i>1 0 0 0 1 0 0 0 1 3.43832e-009 3.87337 1.03149e-008</i>
                        <i>1 0 0 0 1 0 0 0 1 3.43832e-009 3.87337 1.03149e-008</i>
                        <i>1 0 0 0 1 0 0 0 1 3.43832e-009 3.87337 1.03149e-008</i>
                        <i>1 0 0 0 1 0 0 0 1 3.43832e-009 3.87337 1.03149e-008</i>
                        <i>1 0 0 0 1 0 0 0 1 3.43832e-009 3.87337 1.03149e-008</i>
                        <i>1 0 0 0 1 0 0 0 1 3.43832e-009 3.87337 1.03149e-008</i>
                        <i>1 0 0 0 1 0 0 0 1 3.43832e-009 3.87337 1.03149e-008</i>
                        <i>1 0 0 0 1 0 0 0 1 3.43832e-009 3.87337 1.03149e-008</i>
                        <i>1 0 0 0 1 0 0 0 1 3.43832e-009 3.87337 1.03149e-008</i>
                        <i>1 0 0 0 1 0 0 0 1 3.43832e-009 3.87337 1.03149e-008</i>
                        <i>1 0 0 0 1 0 0 0 1 3.43832e-009 3.87337 1.03149e-008</i>
                        <i>1 0 0 0 1 0 0 0 1 3.43832e-009 3.87337 1.03149e-008</i>
                        <i>1 0 0 0 1 0 0 0 1 3.43832e-009 3.87337 1.03149e-008</i>
                        <i>1 0 0 0 1 0 0 0 1 3.43832e-009 3.87337 1.03149e-008</i>
                        <i>1 0 0 0 1 0 0 0 1 3.43832e-009 3.87337 1.03149e-008</i>
                        <i>1 0 0 0 1 0 0 0 1 3.43832e-009 3.87337 1.03149e-008</i>
                        <i>1 0 0 0 1 0 0 0 1 3.43832e-009 3.87337 1.03149e-008</i>
                        <i>1 0 0 0 1 0 0 0 1 3.43832e-009 3.87337 1.03149e-008</i>
                        <i>1 0 0 0 1 0 0 0 1 3.43832e-009 3.87337 1.03149e-008</i>
                        <i>1 0 0 0 1 0 0 0 1 3.43832e-009 3.87337 1.03149e-008</i>
                        <i>1 0 0 0 1 0 0 0 1 3.43832e-009 3.87337 1.03149e-008</i>
                        <i>1 0 0 0 1 0 0 0 1 3.43832e-009 3.87337 1.03149e-008</i>
                        <i>1 0 0 0 1 0 0 0 1 3.43832e-009 3.87337 1.03149e-008</i>
                        <i>1 0 0 0 1 0 0 0 1 3.43832e-009 3.87337 1.03149e-008</i>
                        <i>1 0 0 0 1 0 0 0 1 3.43832e-009 3.87337 1.03149e-008</i>
                        <i>1 0 0 0 1 0 0 0 1 3.43832e-009 3.87337 1.03149e-008</i>
                        <i>1 0 0 0 1 0 0 0 1 3.43832e-009 3.87337 1.03149e-008</i>
                        <i>1 0 0 0 1 0 0 0 1 3.43832e-009 3.87337 1.03149e-008</i>
                        <i>1 0 0 0 1 0 0 0 1 3.43832e-009 3.87337 1.03149e-008</i>
                        <i>1 0 0 0 1 0 0 0 1 3.43832e-009 3.87337 1.03149e-008</i>
                        <i>1 0 0 0 1 0 0 0 1 3.43832e-009 3.87337 1.03149e-008</i>
                        <i>1 0 0 0 1 0 0 0 1 3.43832e-009 3.87337 1.03149e-008</i>
                        <i>1 0 0 0 1 0 0 0 1 3.43832e-009 3.87337 1.03149e-008</i>
                        <i>1 0 0 0 1 0 0 0 1 3.43832e-009 3.87337 1.03149e-008</i>
                        <i>1 0 0 0 1 0 0 0 1 3.43832e-009 3.87337 1.03149e-008</i>
                        <i>1 0 0 0 1 0 0 0 1 3.43832e-009 3.87337 1.03149e-008</i>
                        <i>1 0 0 0 1 0 0 0 1 3.43832e-009 3.87337 1.03149e-008</i>
                        <i>1 0 0 0 1 0 0 0 1 3.43832e-009 3.87337 1.03149e-008</i>
                        <i>1 0 0 0 1 0 0 0 1 3.43832e-009 3.87337 1.03149e-008</i>
                        <i>1 0 0 0 1 0 0 0 1 3.43832e-009 3.87337 1.03149e-008</i>
                        <i>1 0 0 0 1 0 0 0 1 3.43832e-009 3.87337 1.03149e-008</i>
                        <i>1 0 0 0 1 0 0 0 1 3.43832e-009 3.87337 1.03149e-008</i>
                        <i>1 0 0 0 1 0 0 0 1 3.43832e-009 3.87337 1.03149e-008</i>
                        <i>1 0 0 0 1 0 0 0 1 3.43832e-009 3.87337 1.03149e-008</i>
                        <i>1 0 0 0 1 0 0 0 1 3.43832e-009 3.87337 1.03149e-008</i>
                        <i>1 0 0 0 1 0 0 0 1 3.43832e-009 3.87337 1.03149e-008</i>
                        <i>1 0 0 0 1 0 0 0 1 3.43832e-009 3.87337 1.03149e-008</i>
                        <i>1 0 0 0 1 0 0 0 1 3.43832e-009 3.87337 1.03149e-008</i>
                        <i>1 0 0 0 1 0 0 0 1 3.43832e-009 3.87337 1.03149e-008</i>
                        <i>1 0 0 0 1 0 0 0 1 3.43832e-009 3.87337 1.03149e-008</i>
                        <i>1 0 0 0 1 0 0 0 1 3.43832e-009 3.87337 1.03149e-008</i>
                        <i>1 0 0 0 1 0 0 0 1 3.43832e-009 3.87337 1.03149e-008</i>
                        <i>1 0 0 0 1 0 0 0 1 3.43832e-009 3.87337 1.03149e-008</i>
                        <i>1 0 0 0 1 0 0 0 1 3.43832e-009 3.87337 1.03149e-008</i>
                        <i>1 0 0 0 1 0 0 0 1 3.43832e-009 3.87337 1.03149e-008</i>
                        <i>1 0 0 0 1 0 0 0 1 3.43832e-009 3.87337 1.03149e-008</i>
                        <i>1 0 0 0 1 0 0 0 1 3.43832e-009 3.87337 1.03149e-008</i>
                        <i>1 0 0 0 1 0 0 0 1 3.43832e-009 3.87337 1.03149e-008</i>
                        <i>1 0 0 0 1 0 0 0 1 3.43832e-009 3.87337 1.03149e-008</i>
                        <i>1 0 0 0 1 0 0 0 1 3.43832e-009 3.87337 1.03149e-008</i>
                        <i>1 0 0 0 1 0 0 0 1 3.43832e-009 3.87337 1.03149e-008</i>
                        <i>1 0 0 0 1 0 0 0 1 3.43832e-009 3.87337 1.03149e-008</i>
                        <i>1 0 0 0 1 0 0 0 1 3.43832e-009 3.87337 1.03149e-008</i>
                        <i>1 0 0 0 1 0 0 0 1 3.43832e-009 3.87337 1.03149e-008</i>
                        <i>1 0 0 0 1 0 0 0 1 3.43832e-009 3.87337 1.03149e-008</i>
                        <i>1 0 0 0 1 0 0 0 1 3.43832e-009 3.87337 1.03149e-008</i>
                        <i>1 0 0 0 1 0 0 0 1 3.43832e-009 3.87337 1.03149e-008</i>
                        <i>1 0 0 0 1 0 0 0 1 3.43832e-009 3.87337 1.03149e-008</i>
                        <i>1 0 0 0 1 0 0 0 1 3.43832e-009 3.87337 1.03149e-008</i>
                        <i>1 0 0 0 1 0 0 0 1 3.43832e-009 3.87337 1.03149e-008</i>
                        <i>1 0 0 0 1 0 0 0 1 3.43832e-009 3.87337 1.03149e-008</i>
                        <i>1 0 0 0 1 0 0 0 1 3.43832e-009 3.87337 1.03149e-008</i>
                        <i>1 0 0 0 1 0 0 0 1 3.43832e-009 3.87337 1.03149e-008</i>
                        <i>1 0 0 0 1 0 0 0 1 3.43832e-009 3.87337 1.03149e-008</i>
                        <i>1 0 0 0 1 0 0 0 1 3.43832e-009 3.87337 1.03149e-008</i>
                        <i>1 0 0 0 1 0 0 0 1 3.43832e-009 3.87337 1.03149e-008</i>
                        <i>1 0 0 0 1 0 0 0 1 3.43832e-009 3.87337 1.03149e-008</i>
                        <i>1 0 0 0 1 0 0 0 1 3.43832e-009 3.87337 1.03149e-008</i>
                        <i>1 0 0 0 1 0 0 0 1 3.43832e-009 3.87337 1.03149e-008</i>
                        <i>1 0 0 0 1 0 0 0 1 3.43832e-009 3.87337 1.03149e-008</i>
                        <i>1 0 0 0 1 0 0 0 1 3.43832e-009 3.87337 1.03149e-008</i>
                        <i>1 0 0 0 1 0 0 0 1 3.43832e-009 3.87337 1.03149e-008</i>
                        <i>1 0 0 0 1 0 0 0 1 3.43832e-009 3.87337 1.03149e-008</i>
                        <i>1 0 0 0 1 0 0 0 1 3.43832e-009 3.87337 1.03149e-008</i>
                        <i>1 0 0 0 1 0 0 0 1 3.43832e-009 3.87337 1.03149e-008</i>
                        <i>1 0 0 0 1 0 0 0 1 3.43832e-009 3.87337 1.03149e-008</i>
                        <i>1 0 0 0 1 0 0 0 1 3.43832e-009 3.87337 1.03149e-008</i>
                        <i>1 0 0 0 1 0 0 0 1 3.43832e-009 3.87337 1.03149e-008</i>
                        <i>1 0 0 0 1 0 0 0 1 3.43832e-009 3.87337 1.03149e-008</i>
                        <i>1 0 0 0 1 0 0 0 1 3.43832e-009 3.87337 1.03149e-008</i>
                        <i>1 0 0 0 1 0 0 0 1 3.43832e-009 3.87337 1.03149e-008</i>
                        <i>1 0 0 0 1 0 0 0 1 3.43832e-009 3.87337 1.03149e-008</i>
                        <i>1 0 0 0 1 0 0 0 1 3.43832e-009 3.87337 1.03149e-008</i>
                        <i>1 0 0 0 1 0 0 0 1 3.43832e-009 3.87337 1.03149e-008</i>
                        <i>1 0 0 0 1 0 0 0 1 3.43832e-009 3.87337 1.03149e-008</i>
                        <i>1 0 0 0 1 0 0 0 1 3.43832e-009 3.87337 1.03149e-008</i>
                        <i>1 0 0 0 1 0 0 0 1 3.43832e-009 3.87337 1.03149e-008</i>
                        <i>1 0 0 0 1 0 0 0 1 3.43832e-009 3.87337 1.03149e-008</i>
                        <i>1 0 0 0 1 0 0 0 1 3.43832e-009 3.87337 1.03149e-008</i>
                        <i>1 0 0 0 1 0 0 0 1 3.43832e-009 3.87337 1.03149e-008</i>
                        <i>1 0 0 0 1 0 0 0 1 3.43832e-009 3.87337 1.03149e-008</i>
                        <i>1 0 0 0 1 0 0 0 1 3.43832e-009 3.87337 1.03149e-008</i>
                        <i>1 0 0 0 1 0 0 0 1 3.43832e-009 3.87337 1.03149e-008</i>
                        <i>1 0 0 0 1 0 0 0 1 3.43832e-009 3.87337 1.03149e-008</i>
                        <i>1 0 0 0 1 0 0 0 1 3.43832e-009 3.87337 1.03149e-008</i>
                        <i>1 0 0 0 1 0 0 0 1 3.43832e-009 3.87337 1.03149e-008</i>
                        <i>1 0 0 0 1 0 0 0 1 3.43832e-009 3.87337 1.03149e-008</i>
                        <i>1 0 0 0 1 0 0 0 1 3.43832e-009 3.87337 1.03149e-008</i>
                        <i>1 0 0 0 1 0 0 0 1 3.43832e-009 3.87337 1.03149e-008</i>
                        <i>1 0 0 0 1 0 0 0 1 3.43832e-009 3.87337 1.03149e-008</i>
                        <i>1 0 0 0 1 0 0 0 1 3.43832e-009 3.87337 1.03149e-008</i>
                        <i>1 0 0 0 1 0 0 0 1 3.43832e-009 3.87337 1.03149e-008</i>
                        <i>1 0 0 0 1 0 0 0 1 3.43832e-009 3.87337 1.03149e-008</i>
                        <i>1 0 0 0 1 0 0 0 1 3.43832e-009 3.87337 1.03149e-008</i>
                        <i>1 0 0 0 1 0 0 0 1 3.43832e-009 3.87337 1.03149e-008</i>
                        <i>1 0 0 0 1 0 0 0 1 3.43832e-009 3.87337 1.03149e-008</i>
                        <i>1 0 0 0 1 0 0 0 1 3.43832e-009 3.87337 1.03149e-008</i>
                        <i>1 0 0 0 1 0 0 0 1 3.43832e-009 3.87337 1.03149e-008</i>
                        <i>1 0 0 0 1 0 0 0 1 3.43832e-009 3.87337 1.03149e-008</i>
                        <i>1 0 0 0 1 0 0 0 1 3.43832e-009 3.87337 1.03149e-008</i>
                        <i>1 0 0 0 1 0 0 0 1 3.43832e-009 3.87337 1.03149e-008</i>
                        <i>1 0 0 0 1 0 0 0 1 3.43832e-009 3.87337 1.03149e-008</i>
                        <i>1 0 0 0 1 0 0 0 1 3.43832e-009 3.87337 1.03149e-008</i>
                        <i>1 0 0 0 1 0 0 0 1 3.43832e-009 3.87337 1.03149e-008</i>
                        <i>1 0 0 0 1 0 0 0 1 3.43832e-009 3.87337 1.03149e-008</i>
                        <i>1 0 0 0 1 0 0 0 1 3.43832e-009 3.87337 1.03149e-008</i>
                        <i>1 0 0 0 1 0 0 0 1 3.43832e-009 3.87337 1.03149e-008</i>
                        <i>1 0 0 0 1 0 0 0 1 3.43832e-009 3.87337 1.03149e-008</i>
                        <i>1 0 0 0 1 0 0 0 1 3.43832e-009 3.87337 1.03149e-008</i>
                        <i>1 0 0 0 1 0 0 0 1 3.43832e-009 3.87337 1.03149e-008</i>
                        <i>1 0 0 0 1 0 0 0 1 3.43832e-009 3.87337 1.03149e-008</i>
                        <i>1 0 0 0 1 0 0 0 1 3.43832e-009 3.87337 1.03149e-008</i>
                        <i>1 0 0 0 1 0 0 0 1 3.43832e-009 3.87337 1.03149e-008</i>
                        <i>1 0 0 0 1 0 0 0 1 3.43832e-009 3.87337 1.03149e-008</i>
                        <i>1 0 0 0 1 0 0 0 1 3.43832e-009 3.87337 1.03149e-008</i>
                        <i>1 0 0 0 1 0 0 0 1 3.43832e-009 3.87337 1.03149e-008</i>
                        <i>1 0 0 0 1 0 0 0 1 3.43832e-009 3.87337 1.03149e-008</i>
                        <i>1 0 0 0 1 0 0 0 1 3.43832e-009 3.87337 1.03149e-008</i>
                        <i>1 0 0 0 1 0 0 0 1 3.43832e-009 3.87337 1.03149e-008</i>
                        <i>1 0 0 0 1 0 0 0 1 3.43832e-009 3.87337 1.03149e-008</i>
                        <i>1 0 0 0 1 0 0 0 1 3.43832e-009 3.87337 1.03149e-008</i>
                        <i>1 0 0 0 1 0 0 0 1 3.43832e-009 3.87337 1.03149e-008</i>
                        <i>1 0 0 0 1 0 0 0 1 3.43832e-009 3.87337 1.03149e-008</i>
                        <i>1 0 0 0 1 0 0 0 1 3.43832e-009 3.87337 1.03149e-008</i>
                        <i>1 0 0 0 1 0 0 0 1 3.43832e-009 3.87337 1.03149e-008</i>
                        <i>1 0 0 0 1 0 0 0 1 3.43832e-009 3.87337 1.03149e-008</i>
                        <i>1 0 0 0 1 0 0 0 1 3.43832e-009 3.87337 1.03149e-008</i>
                        <i>1 0 0 0 1 0 0 0 1 3.43832e-009 3.87337 1.03149e-008</i>
                        <i>1 0 0 0 1 0 0 0 1 3.43832e-009 3.87337 1.03149e-008</i>
                        <i>1 0 0 0 1 0 0 0 1 3.43832e-009 3.87337 1.03149e-008</i>
                        <i>1 0 0 0 1 0 0 0 1 3.43832e-009 3.87337 1.03149e-008</i>
                        <i>1 0 0 0 1 0 0 0 1 3.43832e-009 3.87337 1.03149e-008</i>
                        <i>1 0 0 0 1 0 0 0 1 3.43832e-009 3.87337 1.03149e-008</i>
                        <i>1 0 0 0 1 0 0 0 1 3.43832e-009 3.87337 1.03149e-008</i>
                        <i>1 0 0 0 1 0 0 0 1 3.43832e-009 3.87337 1.03149e-008</i>
                        <i>1 0 0 0 1 0 0 0 1 3.43832e-009 3.87337 1.03149e-008</i>
                        <i>1 0 0 0 1 0 0 0 1 3.43832e-009 3.87337 1.03149e-008</i>
                        <i>1 0 0 0 1 0 0 0 1 3.43832e-009 3.87337 1.03149e-008</i>
                        <i>1 0 0 0 1 0 0 0 1 3.43832e-009 3.87337 1.03149e-008</i>
                        <i>1 0 0 0 1 0 0 0 1 3.43832e-009 3.87337 1.03149e-008</i>
                        <i>1 0 0 0 1 0 0 0 1 3.43832e-009 3.87337 1.03149e-008</i>
                        <i>1 0 0 0 1 0 0 0 1 3.43832e-009 3.87337 1.03149e-008</i>
                        <i>1 0 0 0 1 0 0 0 1 3.43832e-009 3.87337 1.03149e-008</i>
                        <i>1 0 0 0 1 0 0 0 1 3.43832e-009 3.87337 1.03149e-008</i>
                        <i>1 0 0 0 1 0 0 0 1 3.43832e-009 3.87337 1.03149e-008</i>
                        <i>1 0 0 0 1 0 0 0 1 3.43832e-009 3.87337 1.03149e-008</i>
                        <i>1 0 0 0 1 0 0 0 1 3.43832e-009 3.87337 1.03149e-008</i>
                        <i>1 0 0 0 1 0 0 0 1 3.43832e-009 3.87337 1.03149e-008</i>
                        <i>1 0 0 0 1 0 0 0 1 3.43832e-009 3.87337 1.03149e-008</i>
                        <i>1 0 0 0 1 0 0 0 1 3.43832e-009 3.87337 1.03149e-008</i>
                        <i>1 0 0 0 1 0 0 0 1 3.43832e-009 3.87337 1.03149e-008</i>
                        <i>1 0 0 0 1 0 0 0 1 3.43832e-009 3.87337 1.03149e-008</i>
                        <i>1 0 0 0 1 0 0 0 1 3.43832e-009 3.87337 1.03149e-008</i>
                        <i>1 0 0 0 1 0 0 0 1 3.43832e-009 3.87337 1.03149e-008</i>
                        <i>1 0 0 0 1 0 0 0 1 3.43832e-009 3.87337 1.03149e-008</i>
                        <i>1 0 0 0 1 0 0 0 1 3.43832e-009 3.87337 1.03149e-008</i>
                        <i>1 0 0 0 1 0 0 0 1 3.43832e-009 3.87337 1.03149e-008</i>
                        <i>1 0 0 0 1 0 0 0 1 3.43832e-009 3.87337 1.03149e-008</i>
                        <i>1 0 0 0 1 0 0 0 1 3.43832e-009 3.87337 1.03149e-008</i>
                        <i>1 0 0 0 1 0 0 0 1 3.43832e-009 3.87337 1.03149e-008</i>
                        <i>1 0 0 0 1 0 0 0 1 3.43832e-009 3.87337 1.03149e-008</i>
                        <i>1 0 0 0 1 0 0 0 1 3.43832e-009 3.87337 1.03149e-008</i>
                        <i>1 0 0 0 1 0 0 0 1 3.43832e-009 3.87337 1.03149e-008</i>
                        <i>1 0 0 0 1 0 0 0 1 3.43832e-009 3.87337 1.03149e-008</i>
                    </KeyFrames>
                </p>
            </i>
            <i>
                <p>
                    <Name><![CDATA[mid_pitch]]></Name>
                    <Exclude>0</Exclude>
                    <Additive>0</Additive>
                    <IKPriority>0</IKPriority>
                    <IKRotLimits>-1e+010 -1e+010 -1e+010 1e+010 1e+010 1e+010</IKRotLimits>
                    <IKRotLimitOrder>0</IKRotLimitOrder>
                    <KeyFrames count="241">
                        <i>1 0 0 0 0.866025 -0.5 0 0.5 0.866025 0 6.78827 -4.08979</i>
                        <i>1 0 0 0 0.873086 -0.487565 0 0.487565 0.873086 0 6.78948 -4.08979</i>
                        <i>1 0 0 0 0.879969 -0.475031 0 0.475031 0.879969 0 6.7907 -4.08979</i>
                        <i>1 0 0 0 0.886671 -0.4624 0 0.4624 0.886671 0 6.79191 -4.08979</i>
                        <i>1 0 0 0 0.893193 -0.449674 0 0.449674 0.893193 0 6.79312 -4.08979</i>
                        <i>1 0 0 0 0.899531 -0.436856 0 0.436856 0.899531 0 6.79433 -4.08979</i>
                        <i>1 0 0 0 0.905686 -0.423949 0 0.423949 0.905686 0 6.79554 -4.08979</i>
                        <i>1 0 0 0 0.911656 -0.410955 0 0.410955 0.911656 0 6.79675 -4.08979</i>
                        <i>1 0 0 0 0.917439 -0.397877 0 0.397877 0.917439 0 6.79796 -4.08979</i>
                        <i>1 0 0 0 0.923034 -0.384718 0 0.384718 0.923034 0 6.79918 -4.08979</i>
                        <i>1 0 0 0 0.928441 -0.37148 0 0.37148 0.928441 0 6.80039 -4.08979</i>
                        <i>1 0 0 0 0.933658 -0.358166 0 0.358166 0.933658 0 6.8016 -4.08979</i>
                        <i>1 0 0 0 0.938684 -0.344779 0 0.344779 0.938684 0 6.80281 -4.08979</i>
                        <i>1 0 0 0 0.943518 -0.331322 0 0.331322 0.943518 0 6.80402 -4.08979</i>
                        <i>1 0 0 0 0.948159 -0.317796 0 0.317796 0.948159 0 6.80523 -4.08979</i>
                        <i>1 0 0 0 0.952606 -0.304206 0 0.304206 0.952606 0 6.80644 -4.08979</i>
                        <i>1 0 0 0 0.956859 -0.290553 0 0.290553 0.956859 0 6.80766 -4.08979</i>
                        <i>1 0 0 0 0.960916 -0.276841 0 0.276841 0.960916 0 6.80887 -4.08979</i>
                        <i>1 0 0 0 0.964776 -0.263073 0 0.263073 0.964776 0 6.81008 -4.08979</i>
                        <i>1 0 0 0 0.968439 -0.249251 0 0.249251 0.968439 0 6.81129 -4.08979</i>
                        <i>1 0 0 0 0.971904 -0.235377 0 0.235377 0.971904 0 6.8125 -4.08979</i>
                        <i>1 0 0 0 0.97517 -0.221456 0 0.221456 0.97517 0 6.81371 -4.08979</i>
                        <i>1 0 0 0 0.978237 -0.207489 0 0.207489 0.978237 0 6.81492 -4.08979</i>
                        <i>1 0 0 0 0.981104 -0.19348 0 0.19348 0.981104 0 6.81614 -4.08979</i>
                        <i>1 0 0 0 0.98377 -0.179431 0 0.179431 0.98377 0 6.81735 -4.08979</i>
                        <i>1 0 0 0 0.986236 -0.165346 0 0.165346 0.986236 0 6.81856 -4.08979</i>
                        <i>1 0 0 0 0.988499 -0.151227 0 0.151227 0.988499 0 6.81977 -4.08979</i>
                        <i>1 0 0 0 0.99056 -0.137077 0 0.137077 0.99056 0 6.82098 -4.08979</i>
                        <i>1 0 0 0 0.992419 -0.122898 0 0.122898 0.992419 0 6.82219 -4.08979</i>
                        <i>1 0 0 0 0.994075 -0.108695 0 0.108695 0.994075 0 6.8234 -4.08979</i>
                        <i>1 0 0 0 0.995528 -0.0944696 0 0.0944696 0.995528 0 6.82462 -4.08979</i>
                        <i>1 0 0 0 0.996777 -0.0802247 0 0.0802247 0.996777 0 6.82583 -4.08979</i>
                        <i>1 0 0 0 0.997822 -0.0659635 0 0.0659635 0.997822 0 6.82704 -4.08979</i>
                        <i>1 0 0 0 0.998663 -0.0516888 0 0.0516888 0.998663 0 6.82825 -4.08979</i>
                        <i>1 0 0 0 0.9993 -0.0374035 0 0.0374035 0.9993 0 6.82946 -4.08979</i>
                        <i>1 0 0 0 0.999733 -0.0231105 0 0.0231105 0.999733 0 6.83067 -4.08979</i>
                        <i>1 0 0 0 0.999961 -0.00881289 0 0.00881289 0.999961 0 6.83188 -4.08979</i>
                        <i>1 0 0 0 0.999985 0.00548656 0 -0.00548656 0.999985 0 6.83309 -4.08979</i>
                        <i>1 0 0 0 0.999804 0.0197849 0 -0.0197849 0.999804 0 6.83431 -4.08979</i>
                        <i>1 0 0 0 0.999419 0.0340792 0 -0.0340792 0.999419 0 6.83552 -4.08979</i>
                        <i>1 0 0 0 0.99883 0.0483665 0 -0.0483665 0.99883 0 6.83673 -4.08979</i>
                        <i>1 0 0 0 0.998036 0.062644 0 -0.062644 0.998036 0 6.83794 -4.08979</i>
                        <i>1 0 0 0 0.997038 0.0769086 0 -0.0769086 0.997038 0 6.83915 -4.08979</i>
                        <i>1 0 0 0 0.995836 0.0911575 0 -0.0911575 0.995836 0 6.84036 -4.08979</i>
                        <i>1 0 0 0 0.994431 0.105388 0 -0.105388 0.994431 0 6.84157 -4.08979</i>
                        <i>1 0 0 0 0.992823 0.119596 0 -0.119596 0.992823 0 6.84279 -4.08979</i>
                        <i>1 0 0 0 0.991011 0.133781 0 -0.133781 0.991011 0 6.844 -4.08979</i>
                        <i>1 0 0 0 0.988997 0.147938 0 -0.147938 0.988997 0 6.84521 -4.08979</i>
                        <i>1 0 0 0 0.98678 0.162064 0 -0.162064 0.98678 0 6.84642 -4.08979</i>
                        <i>1 0 0 0 0.98678 0.162064 0 -0.162064 0.98678 0 6.83885 -4.08979</i>
                        <i>1 0 0 0 0.98678 0.162064 0 -0.162064 0.98678 0 6.83128 -4.08979</i>
                        <i>1 0 0 0 0.98678 0.162064 0 -0.162064 0.98678 0 6.82371 -4.08979</i>
                        <i>1 0 0 0 0.98678 0.162064 0 -0.162064 0.98678 0 6.81614 -4.08979</i>
                        <i>1 0 0 0 0.98678 0.162064 0 -0.162064 0.98678 0 6.82286 -4.08979</i>
                        <i>1 0 0 0 0.98678 0.162064 0 -0.162064 0.98678 0 6.83025 -4.08979</i>
                        <i>1 0 0 0 0.98678 0.162064 0 -0.162064 0.98678 0 6.83731 -4.08979</i>
                        <i>1 0 0 0 0.98678 0.162064 0 -0.162064 0.98678 0 6.84303 -4.08979</i>
                        <i>1 0 0 0 0.98678 0.162064 0 -0.162064 0.98678 0 6.84642 -4.08979</i>
                        <i>1 0 0 0 0.98678 0.162064 0 -0.162064 0.98678 0 6.84799 -4.08979</i>
                        <i>1 0 0 0 0.98678 0.162064 0 -0.162064 0.98678 0 6.84896 -4.08979</i>
                        <i>1 0 0 0 0.98678 0.162064 0 -0.162064 0.98678 0 6.84942 -4.08979</i>
                        <i>1 0 0 0 0.98678 0.162064 0 -0.162064 0.98678 0 6.84949 -4.08979</i>
                        <i>1 0 0 0 0.98678 0.162064 0 -0.162064 0.98678 0 6.84924 -4.08979</i>
                        <i>1 0 0 0 0.98678 0.162064 0 -0.162064 0.98678 0 6.84877 -4.08979</i>
                        <i>1 0 0 0 0.98678 0.162064 0 -0.162064 0.98678 0 6.84817 -4.08979</i>
                        <i>1 0 0 0 0.98678 0.162064 0 -0.162064 0.98678 0 6.84755 -4.08979</i>
                        <i>1 0 0 0 0.98678 0.162064 0 -0.162064 0.98678 0 6.84698 -4.08979</i>
                        <i>1 0 0 0 0.98678 0.162064 0 -0.162064 0.98678 0 6.84658 -4.08979</i>
                        <i>1 0 0 0 0.98678 0.162064 0 -0.162064 0.98678 0 6.84642 -4.08979</i>
                        <i>1 0 0 0 0.98678 0.162064 0 -0.162064 0.98678 0 6.84612 -4.08979</i>
                        <i>1 0 0 0 0.98678 0.162064 0 -0.162064 0.98678 0 6.84524 -4.08979</i>
                        <i>1 0 0 0 0.98678 0.162064 0 -0.162064 0.98678 0 6.84379 -4.08979</i>
