<?xml version="1.0" encoding="ISO-8859-1" ?>
<Animl Version="1">
    <ModellingPackage><![CDATA[Maya.2010]]></ModellingPackage>
    <SrcFile><![CDATA[anims\turrets\artillery\red\~src\artillery_d30\artillery_d30_fire.mb]]></SrcFile>
    <FramesPerSecond>30</FramesPerSecond>
    <TotalFrames>65</TotalFrames>
    <Skeleton>
        <RefFrame>
            <Name><![CDATA[artillery_d30_ref_frame]]></Name>
            <Exclude>1</Exclude>
            <Additive>0</Additive>
            <IKPriority>0</IKPriority>
            <IKRotLimits>-1e+010 -1e+010 -1e+010 1e+010 1e+010 1e+010</IKRotLimits>
            <IKRotLimitOrder>0</IKRotLimitOrder>
            <KeyFrames count="65">
                <i>1 0 0 0 1 0 0 0 1 0 1.31 0</i>
                <i>1 0 0 0 1 0 0 0 1 0 1.31 0</i>
                <i>1 0 0 0 1 0 0 0 1 0 1.31 0</i>
                <i>1 0 0 0 1 0 0 0 1 0 1.31 0</i>
                <i>1 0 0 0 1 0 0 0 1 0 1.31 0</i>
                <i>1 0 0 0 1 0 0 0 1 0 1.31 0</i>
                <i>1 0 0 0 1 0 0 0 1 0 1.31 0</i>
                <i>1 0 0 0 1 0 0 0 1 0 1.31 0</i>
                <i>1 0 0 0 1 0 0 0 1 0 1.31 0</i>
                <i>1 0 0 0 1 0 0 0 1 0 1.31 0</i>
                <i>1 0 0 0 1 0 0 0 1 0 1.31 0</i>
                <i>1 0 0 0 1 0 0 0 1 0 1.31 0</i>
                <i>1 0 0 0 1 0 0 0 1 0 1.31 0</i>
                <i>1 0 0 0 1 0 0 0 1 0 1.31 0</i>
                <i>1 0 0 0 1 0 0 0 1 0 1.31 0</i>
                <i>1 0 0 0 1 0 0 0 1 0 1.31 0</i>
                <i>1 0 0 0 1 0 0 0 1 0 1.31 0</i>
                <i>1 0 0 0 1 0 0 0 1 0 1.31 0</i>
                <i>1 0 0 0 1 0 0 0 1 0 1.31 0</i>
                <i>1 0 0 0 1 0 0 0 1 0 1.31 0</i>
                <i>1 0 0 0 1 0 0 0 1 0 1.31 0</i>
                <i>1 0 0 0 1 0 0 0 1 0 1.31 0</i>
                <i>1 0 0 0 1 0 0 0 1 0 1.31 0</i>
                <i>1 0 0 0 1 0 0 0 1 0 1.31 0</i>
                <i>1 0 0 0 1 0 0 0 1 0 1.31 0</i>
                <i>1 0 0 0 1 0 0 0 1 0 1.31 0</i>
                <i>1 0 0 0 1 0 0 0 1 0 1.31 0</i>
                <i>1 0 0 0 1 0 0 0 1 0 1.31 0</i>
                <i>1 0 0 0 1 0 0 0 1 0 1.31 0</i>
                <i>1 0 0 0 1 0 0 0 1 0 1.31 0</i>
                <i>1 0 0 0 1 0 0 0 1 0 1.31 0</i>
                <i>1 0 0 0 1 0 0 0 1 0 1.31 0</i>
                <i>1 0 0 0 1 0 0 0 1 0 1.31 0</i>
                <i>1 0 0 0 1 0 0 0 1 0 1.31 0</i>
                <i>1 0 0 0 1 0 0 0 1 0 1.31 0</i>
                <i>1 0 0 0 1 0 0 0 1 0 1.31 0</i>
                <i>1 0 0 0 1 0 0 0 1 0 1.31 0</i>
                <i>1 0 0 0 1 0 0 0 1 0 1.31 0</i>
                <i>1 0 0 0 1 0 0 0 1 0 1.31 0</i>
                <i>1 0 0 0 1 0 0 0 1 0 1.31 0</i>
                <i>1 0 0 0 1 0 0 0 1 0 1.31 0</i>
                <i>1 0 0 0 1 0 0 0 1 0 1.31 0</i>
                <i>1 0 0 0 1 0 0 0 1 0 1.31 0</i>
                <i>1 0 0 0 1 0 0 0 1 0 1.31 0</i>
                <i>1 0 0 0 1 0 0 0 1 0 1.31 0</i>
                <i>1 0 0 0 1 0 0 0 1 0 1.31 0</i>
                <i>1 0 0 0 1 0 0 0 1 0 1.31 0</i>
                <i>1 0 0 0 1 0 0 0 1 0 1.31 0</i>
                <i>1 0 0 0 1 0 0 0 1 0 1.31 0</i>
                <i>1 0 0 0 1 0 0 0 1 0 1.31 0</i>
                <i>1 0 0 0 1 0 0 0 1 0 1.31 0</i>
                <i>1 0 0 0 1 0 0 0 1 0 1.31 0</i>
                <i>1 0 0 0 1 0 0 0 1 0 1.31 0</i>
                <i>1 0 0 0 1 0 0 0 1 0 1.31 0</i>
                <i>1 0 0 0 1 0 0 0 1 0 1.31 0</i>
                <i>1 0 0 0 1 0 0 0 1 0 1.31 0</i>
                <i>1 0 0 0 1 0 0 0 1 0 1.31 0</i>
                <i>1 0 0 0 1 0 0 0 1 0 1.31 0</i>
                <i>1 0 0 0 1 0 0 0 1 0 1.31 0</i>
                <i>1 0 0 0 1 0 0 0 1 0 1.31 0</i>
                <i>1 0 0 0 1 0 0 0 1 0 1.31 0</i>
                <i>1 0 0 0 1 0 0 0 1 0 1.31 0</i>
                <i>1 0 0 0 1 0 0 0 1 0 1.31 0</i>
                <i>1 0 0 0 1 0 0 0 1 0 1.31 0</i>
                <i>1 0 0 0 1 0 0 0 1 0 1.31 0</i>
            </KeyFrames>
        </RefFrame>
        <Bones count="11">
            <i>
                <p>
                    <Name><![CDATA[artillery_d30_root]]></Name>
                    <Exclude>0</Exclude>
                    <Additive>1</Additive>
                    <IKPriority>0</IKPriority>
                    <IKRotLimits>-1e+010 -1e+010 -1e+010 1e+010 1e+010 1e+010</IKRotLimits>
                    <IKRotLimitOrder>0</IKRotLimitOrder>
                    <KeyFrames count="65">
                        <i>1 0 0 0 1 0 0 0 1 0 1.31707 0</i>
                        <i>1 0 0 0 1 0 0 0 1 0 1.31707 0</i>
                        <i>1 0 0 0 1 0 0 0 1 0 1.31707 0</i>
                        <i>1 0 0 0 1 0 0 0 1 0 1.31707 0</i>
                        <i>1 0 0 0 1 0 0 0 1 0 1.31707 0</i>
                        <i>1 0 0 0 1 0 0 0 1 0 1.31707 0</i>
                        <i>1 0 0 0 1 0 0 0 1 0 1.31707 0</i>
                        <i>1 0 0 0 1 0 0 0 1 0 1.31707 0</i>
                        <i>1 0 0 0 1 0 0 0 1 0 1.31707 0</i>
                        <i>1 0 0 0 1 0 0 0 1 0 1.31707 0</i>
                        <i>1 0 0 0 1 0 0 0 1 0 1.31707 0</i>
                        <i>1 0 0 0 1 0 0 0 1 0 1.31707 0</i>
                        <i>1 0 0 0 1 0 0 0 1 0 1.31707 0</i>
                        <i>1 0 0 0 1 0 0 0 1 0 1.31707 0</i>
                        <i>1 0 0 0 1 0 0 0 1 0 1.31707 0</i>
                        <i>1 0 0 0 1 0 0 0 1 0 1.31707 0</i>
                        <i>1 0 0 0 1 0 0 0 1 0 1.31707 0</i>
                        <i>1 0 0 0 1 0 0 0 1 0 1.31707 0</i>
                        <i>1 0 0 0 1 0 0 0 1 0 1.31707 0</i>
                        <i>1 0 0 0 1 0 0 0 1 0 1.31707 0</i>
                        <i>1 0 0 0 1 0 0 0 1 0 1.31707 0</i>
                        <i>1 0 0 0 1 0 0 0 1 0 1.31707 0</i>
                        <i>1 0 0 0 1 0 0 0 1 0 1.31707 0</i>
                        <i>1 0 0 0 1 0 0 0 1 0 1.31707 0</i>
                        <i>1 0 0 0 1 0 0 0 1 0 1.31707 0</i>
                        <i>1 0 0 0 1 0 0 0 1 0 1.31707 0</i>
                        <i>1 0 0 0 1 0 0 0 1 0 1.31707 0</i>
                        <i>1 0 0 0 1 0 0 0 1 0 1.31707 0</i>
                        <i>1 0 0 0 1 0 0 0 1 0 1.31707 0</i>
                        <i>1 0 0 0 1 0 0 0 1 0 1.31707 0</i>
                        <i>1 0 0 0 1 0 0 0 1 0 1.31707 0</i>
                        <i>1 0 0 0 1 0 0 0 1 0 1.31707 0</i>
                        <i>1 0 0 0 1 0 0 0 1 0 1.31707 0</i>
                        <i>1 0 0 0 1 0 0 0 1 0 1.31707 0</i>
                        <i>1 0 0 0 1 0 0 0 1 0 1.31707 0</i>
                        <i>1 0 0 0 1 0 0 0 1 0 1.31707 0</i>
                        <i>1 0 0 0 1 0 0 0 1 0 1.31707 0</i>
                        <i>1 0 0 0 1 0 0 0 1 0 1.31707 0</i>
                        <i>1 0 0 0 1 0 0 0 1 0 1.31707 0</i>
                        <i>1 0 0 0 1 0 0 0 1 0 1.31707 0</i>
                        <i>1 0 0 0 1 0 0 0 1 0 1.31707 0</i>
                        <i>1 0 0 0 1 0 0 0 1 0 1.31707 0</i>
                        <i>1 0 0 0 1 0 0 0 1 0 1.31707 0</i>
                        <i>1 0 0 0 1 0 0 0 1 0 1.31707 0</i>
                        <i>1 0 0 0 1 0 0 0 1 0 1.31707 0</i>
                        <i>1 0 0 0 1 0 0 0 1 0 1.31707 0</i>
                        <i>1 0 0 0 1 0 0 0 1 0 1.31707 0</i>
                        <i>1 0 0 0 1 0 0 0 1 0 1.31707 0</i>
                        <i>1 0 0 0 1 0 0 0 1 0 1.31707 0</i>
                        <i>1 0 0 0 1 0 0 0 1 0 1.31707 0</i>
                        <i>1 0 0 0 1 0 0 0 1 0 1.31707 0</i>
                        <i>1 0 0 0 1 0 0 0 1 0 1.31707 0</i>
                        <i>1 0 0 0 1 0 0 0 1 0 1.31707 0</i>
                        <i>1 0 0 0 1 0 0 0 1 0 1.31707 0</i>
                        <i>1 0 0 0 1 0 0 0 1 0 1.31707 0</i>
                        <i>1 0 0 0 1 0 0 0 1 0 1.31707 0</i>
                        <i>1 0 0 0 1 0 0 0 1 0 1.31707 0</i>
                        <i>1 0 0 0 1 0 0 0 1 0 1.31707 0</i>
                        <i>1 0 0 0 1 0 0 0 1 0 1.31707 0</i>
                        <i>1 0 0 0 1 0 0 0 1 0 1.31707 0</i>
                        <i>1 0 0 0 1 0 0 0 1 0 1.31707 0</i>
                        <i>1 0 0 0 1 0 0 0 1 0 1.31707 0</i>
                        <i>1 0 0 0 1 0 0 0 1 0 1.31707 0</i>
                        <i>1 0 0 0 1 0 0 0 1 0 1.31707 0</i>
                        <i>1 0 0 0 1 0 0 0 1 0 1.31707 0</i>
                    </KeyFrames>
                </p>
            </i>
            <i>
                <p>
                    <Name><![CDATA[body]]></Name>
                    <Exclude>0</Exclude>
                    <Additive>1</Additive>
                    <IKPriority>0</IKPriority>
                    <IKRotLimits>-1e+010 -1e+010 -1e+010 1e+010 1e+010 1e+010</IKRotLimits>
                    <IKRotLimitOrder>0</IKRotLimitOrder>
                    <KeyFrames count="65">
                        <i>1 0 0 0 1 0 0 0 1 0 1.62851 0</i>
                        <i>1 0 0 0 1 0 0 0 1 0 1.49083 0.901125</i>
                        <i>1 0 0 0 1 0 0 0 1 0 1.41326 -1.02643</i>
                        <i>1 0 0 0 1 0 0 0 1 0 1.51455 -1.02163</i>
                        <i>1 0 0 0 1 0 0 0 1 0 1.64391 -0.848748</i>
                        <i>1 0 0 0 1 0 0 0 1 0 1.78207 -0.574416</i>
                        <i>1 0 0 0 1 0 0 0 1 0 1.90977 -0.265273</i>
                        <i>1 0 0 0 1 0 0 0 1 0 2.00773 0.0120398</i>
                        <i>1 0 0 0 1 0 0 0 1 0 2.05669 0.190883</i>
                        <i>1 0 0 0 1 0 0 0 1 0 2.06366 0.287205</i>
                        <i>1 0 0 0 1 0 0 0 1 0 2.05073 0.362591</i>
                        <i>1 0 0 0 1 0 0 0 1 0 2.02128 0.418859</i>
                        <i>1 0 0 0 1 0 0 0 1 0 1.97869 0.45783</i>
                        <i>1 0 0 0 1 0 0 0 1 0 1.92633 0.481322</i>
                        <i>1 0 0 0 1 0 0 0 1 0 1.86759 0.491154</i>
                        <i>1 0 0 0 1 0 0 0 1 0 1.80583 0.489145</i>
                        <i>1 0 0 0 1 0 0 0 1 0 1.74444 0.477113</i>
                        <i>1 0 0 0 1 0 0 0 1 0 1.6868 0.455147</i>
                        <i>1 0 0 0 1 0 0 0 1 0 1.63628 0.423355</i>
                        <i>1 0 0 0 1 0 0 0 1 0 1.59626 0.383593</i>
                        <i>1 0 0 0 1 0 0 0 1 0 1.57011 0.337714</i>
                        <i>1 0 0 0 1 0 0 0 1 0 1.55786 0.287571</i>
                        <i>1 0 0 0 1 0 0 0 1 0 1.5559 0.235019</i>
                        <i>1 0 0 0 1 0 0 0 1 0 1.56211 0.181912</i>
                        <i>1 0 0 0 1 0 0 0 1 0 1.57442 0.130103</i>
                        <i>1 0 0 0 1 0 0 0 1 0 1.59072 0.0814459</i>
                        <i>1 0 0 0 1 0 0 0 1 0 1.60893 0.0377948</i>
                        <i>1 0 0 0 1 0 0 0 1 0 1.62694 0.00100359</i>
                        <i>1 0 0 0 1 0 0 0 1 0 1.64266 -0.027074</i>
                        <i>1 0 0 0 1 0 0 0 1 0 1.654 -0.0445842</i>
                        <i>1 0 0 0 1 0 0 0 1 0 1.65886 -0.0496731</i>
                        <i>1 0 0 0 1 0 0 0 1 0 1.65905 -0.0472338</i>
                        <i>1 0 0 0 1 0 0 0 1 0 1.6579 -0.0435773</i>
                        <i>1 0 0 0 1 0 0 0 1 0 1.65569 -0.0389758</i>
                        <i>1 0 0 0 1 0 0 0 1 0 1.65264 -0.033702</i>
                        <i>1 0 0 0 1 0 0 0 1 0 1.64903 -0.0280282</i>
                        <i>1 0 0 0 1 0 0 0 1 0 1.64508 -0.0222269</i>
                        <i>1 0 0 0 1 0 0 0 1 0 1.64106 -0.0165706</i>
                        <i>1 0 0 0 1 0 0 0 1 0 1.63721 -0.0113318</i>
                        <i>1 0 0 0 1 0 0 0 1 0 1.63378 -0.00678282</i>
                        <i>1 0 0 0 1 0 0 0 1 0 1.63102 -0.00319622</i>
                        <i>1 0 0 0 1 0 0 0 1 0 1.62918 -0.000844465</i>
                        <i>1 0 0 0 1 0 0 0 1 0 1.62851 0</i>
                        <i>1 0 0 0 1 0 0 0 1 0 1.62851 0</i>
                        <i>1 0 0 0 1 0 0 0 1 0 1.62851 0</i>
                        <i>1 0 0 0 1 0 0 0 1 0 1.62851 0</i>
                        <i>1 0 0 0 1 0 0 0 1 0 1.62851 0</i>
                        <i>1 0 0 0 1 0 0 0 1 0 1.62851 0</i>
                        <i>1 0 0 0 1 0 0 0 1 0 1.62851 0</i>
                        <i>1 0 0 0 1 0 0 0 1 0 1.62851 0</i>
                        <i>1 0 0 0 1 0 0 0 1 0 1.62851 0</i>
                        <i>1 0 0 0 1 0 0 0 1 0 1.62851 0</i>
                        <i>1 0 0 0 1 0 0 0 1 0 1.62851 0</i>
                        <i>1 0 0 0 1 0 0 0 1 0 1.62851 0</i>
                        <i>1 0 0 0 1 0 0 0 1 0 1.62851 0</i>
                        <i>1 0 0 0 1 0 0 0 1 0 1.62851 0</i>
                        <i>1 0 0 0 1 0 0 0 1 0 1.62851 0</i>
                        <i>1 0 0 0 1 0 0 0 1 0 1.62851 0</i>
                        <i>1 0 0 0 1 0 0 0 1 0 1.62851 0</i>
                        <i>1 0 0 0 1 0 0 0 1 0 1.62851 0</i>
                        <i>1 0 0 0 1 0 0 0 1 0 1.62851 0</i>
                        <i>1 0 0 0 1 0 0 0 1 0 1.62851 0</i>
                        <i>1 0 0 0 1 0 0 0 1 0 1.62851 0</i>
                        <i>1 0 0 0 1 0 0 0 1 0 1.62851 0</i>
                        <i>1 0 0 0 1 0 0 0 1 0 1.62851 0</i>
                    </KeyFrames>
                </p>
            </i>
            <i>
                <p>
                    <Name><![CDATA[yaw]]></Name>
                    <Exclude>0</Exclude>
                    <Additive>1</Additive>
                    <IKPriority>0</IKPriority>
                    <IKRotLimits>-1e+010 -1e+010 -1e+010 1e+010 1e+010 1e+010</IKRotLimits>
                    <IKRotLimitOrder>0</IKRotLimitOrder>
                    <KeyFrames count="65">
                        <i>1 0 0 0 1 0 0 0 1 0 2.15632 0</i>
                        <i>1 0 0 0 0.998881 -0.0473047 0 0.0473047 0.998881 0 2.01864 0.901125</i>
                        <i>1 0 0 0 0.996553 -0.0829592 0 0.0829592 0.996553 0 1.94107 -1.02643</i>
                        <i>1 0 0 0 0.994859 -0.101266 0 0.101266 0.994859 0 2.04237 -1.02163</i>
                        <i>1 0 0 0 0.992947 -0.11856 0 0.11856 0.992947 0 2.17173 -0.848748</i>
                        <i>1 0 0 0 0.99108 -0.133266 0 0.133266 0.99108 0 2.30989 -0.574416</i>
                        <i>1 0 0 0 0.989604 -0.143822 0 0.143822 0.989604 0 2.43758 -0.265273</i>
                        <i>1 0 0 0 0.988887 -0.14867 0 0.14867 0.988887 0 2.53554 0.0120398</i>
                        <i>1 0 0 0 0.989248 -0.146251 0 0.146251 0.989248 0 2.5845 0.190883</i>
                        <i>1 0 0 0 0.990857 -0.134913 0 0.134913 0.990857 0 2.59147 0.287205</i>
                        <i>1 0 0 0 0.993269 -0.115829 0 0.115829 0.993269 0 2.57854 0.362591</i>
                        <i>1 0 0 0 0.99579 -0.0916687 0 0.0916687 0.99579 0 2.54909 0.418859</i>
                        <i>1 0 0 0 0.997877 -0.0651301 0 0.0651301 0.997877 0 2.5065 0.45783</i>
                        <i>1 0 0 0 0.999241 -0.0389432 0 0.0389432 0.999241 0 2.45414 0.481322</i>
                        <i>1 0 0 0 0.999874 -0.0158548 0 0.0158548 0.999874 0 2.3954 0.491154</i>
                        <i>1 0 0 0 0.999999 0.00138919 0 -0.00138919 0.999999 0 2.33364 0.489145</i>
                        <i>1 0 0 0 0.999949 0.0100534 0 -0.0100534 0.999949 0 2.27226 0.477113</i>
                        <i>1 0 0 0 0.999913 0.0131552 0 -0.0131552 0.999913 0 2.21461 0.455147</i>
                        <i>1 0 0 0 0.999879 0.0155605 0 -0.0155605 0.999879 0 2.16409 0.423355</i>
                        <i>1 0 0 0 0.99985 0.0173134 0 -0.0173134 0.99985 0 2.12407 0.383593</i>
                        <i>1 0 0 0 0.99983 0.0184579 0 -0.0184579 0.99983 0 2.09792 0.337714</i>
                        <i>1 0 0 0 0.999819 0.0190381 0 -0.0190381 0.999819 0 2.08568 0.287571</i>
                        <i>1 0 0 0 0.999818 0.0190982 0 -0.0190982 0.999818 0 2.08371 0.235019</i>
                        <i>1 0 0 0 0.999825 0.0186821 0 -0.0186821 0.999825 0 2.08993 0.181912</i>
                        <i>1 0 0 0 0.999841 0.0178339 0 -0.0178339 0.999841 0 2.10223 0.130103</i>
                        <i>1 0 0 0 0.999862 0.0165976 0 -0.0165976 0.999862 0 2.11853 0.0814459</i>
                        <i>1 0 0 0 0.999887 0.0150173 0 -0.0150173 0.999887 0 2.13674 0.0377948</i>
                        <i>1 0 0 0 0.999914 0.013137 0 -0.013137 0.999914 0 2.15475 0.00100359</i>
                        <i>1 0 0 0 0.99994 0.0110007 0 -0.0110007 0.99994 0 2.17047 -0.027074</i>
                        <i>1 0 0 0 0.999963 0.00865254 0 -0.00865254 0.999963 0 2.18181 -0.0445842</i>
                        <i>1 0 0 0 0.999981 0.0061365 0 -0.0061365 0.999981 0 2.18667 -0.0496731</i>
                        <i>1 0 0 0 0.999994 0.00349667 0 -0.00349667 0.999994 0 2.18686 -0.0472338</i>
                        <i>1 0 0 0 1 0.000777123 0 -0.000777123 1 0 2.18572 -0.0435773</i>
                        <i>1 0 0 0 0.999998 -0.00197806 0 0.00197806 0.999998 0 2.1835 -0.0389758</i>
                        <i>1 0 0 0 0.999989 -0.00472479 0 0.00472479 0.999989 0 2.18046 -0.033702</i>
                        <i>1 0 0 0 0.999972 -0.00741901 0 0.00741901 0.999972 0 2.17684 -0.0280282</i>
                        <i>1 0 0 0 0.99995 -0.0100166 0 0.0100166 0.99995 0 2.17289 -0.0222269</i>
                        <i>1 0 0 0 0.999922 -0.0124736 0 0.0124736 0.999922 0 2.16887 -0.0165706</i>
                        <i>1 0 0 0 0.999891 -0.0147458 0 0.0147458 0.999891 0 2.16502 -0.0113318</i>
                        <i>1 0 0 0 0.999859 -0.0167893 0 0.0167893 0.999859 0 2.16159 -0.00678282</i>
                        <i>1 0 0 0 0.999828 -0.01856 0 0.01856 0.999828 0 2.15883 -0.00319622</i>
                        <i>1 0 0 0 0.9998 -0.0200138 0 0.0200138 0.9998 0 2.15699 -0.000844465</i>
                        <i>1 0 0 0 0.999777 -0.0211067 0 0.0211067 0.999777 0 2.15632 0</i>
                        <i>1 0 0 0 0.999762 -0.0217948 0 0.0217948 0.999762 0 2.15632 0</i>
                        <i>1 0 0 0 0.999757 -0.0220339 0 0.0220339 0.999757 0 2.15632 0</i>
                        <i>1 0 0 0 0.999761 -0.0218742 0 0.0218742 0.999761 0 2.15632 0</i>
                        <i>1 0 0 0 0.999771 -0.0214171 0 0.0214171 0.999771 0 2.15632 0</i>
                        <i>1 0 0 0 0.999786 -0.0206956 0 0.0206956 0.999786 0 2.15632 0</i>
                        <i>1 0 0 0 0.999805 -0.0197427 0 0.0197427 0.999805 0 2.15632 0</i>
                        <i>1 0 0 0 0.999827 -0.0185916 0 0.0185916 0.999827 0 2.15632 0</i>
                        <i>1 0 0 0 0.999851 -0.0172751 0 0.0172751 0.999851 0 2.15632 0</i>
                        <i>1 0 0 0 0.999875 -0.0158265 0 0.0158265 0.999875 0 2.15632 0</i>
                        <i>1 0 0 0 0.999898 -0.0142787 0 0.0142787 0.999898 0 2.15632 0</i>
                        <i>1 0 0 0 0.99992 -0.0126647 0 0.0126647 0.99992 0 2.15632 0</i>
                        <i>1 0 0 0 0.999939 -0.0110176 0 0.0110176 0.999939 0 2.15632 0</i>
                        <i>1 0 0 0 0.999956 -0.00937055 0 0.00937055 0.999956 0 2.15632 0</i>
                        <i>1 0 0 0 0.99997 -0.0077565 0 0.0077565 0.99997 0 2.15632 0</i>
                        <i>1 0 0 0 0.999981 -0.00620853 0 0.00620853 0.999981 0 2.15632 0</i>
                        <i>1 0 0 0 0.999989 -0.0047597 0 0.0047597 0.999989 0 2.15632 0</i>
                        <i>1 0 0 0 0.999994 -0.00344308 0 0.00344308 0.999994 0 2.15632 0</i>
                        <i>1 0 0 0 0.999997 -0.00229172 0 0.00229172 0.999997 0 2.15632 0</i>
                        <i>1 0 0 0 0.999999 -0.00133867 0 0.00133867 0.999999 0 2.15632 0</i>
                        <i>1 0 0 0 1 -0.000617003 0 0.000617003 1 0 2.15632 0</i>
                        <i>1 0 0 0 1 -0.000159761 0 0.000159761 1 0 2.15632 0</i>
                        <i>1 0 0 0 1 0 0 0 1 0 2.15632 0</i>
                    </KeyFrames>
                </p>
            </i>
            <i>
                <p>
                    <Name><![CDATA[pitch]]></Name>
                    <Exclude>0</Exclude>
                    <Additive>1</Additive>
                    <IKPriority>0</IKPriority>
                    <IKRotLimits>-1e+010 -1e+010 -1e+010 1e+010 1e+010 1e+010</IKRotLimits>
                    <IKRotLimitOrder>0</IKRotLimitOrder>
                    <KeyFrames count="65">
                        <i>1 0 0 0 1 0 0 0 1 0 2.51869 -0.822241</i>
                        <i>1 0 0 0 0.919931 -0.392081 0 0.392081 0.919931 0 2.3417 0.0626631</i>
                        <i>1 0 0 0 0.901968 -0.431804 0 0.431804 0.901968 0 2.23397 -1.87589</i>
                        <i>1 0 0 0 0.925139 -0.379629 0 0.379629 0.925139 0 2.3196 -1.87634</i>
                        <i>1 0 0 0 0.950862 -0.309614 0 0.309614 0.950862 0 2.43405 -1.70815</i>
                        <i>1 0 0 0 0.970002 -0.243099 0 0.243099 0.970002 0 2.55944 -1.43761</i>
                        <i>1 0 0 0 0.979142 -0.203178 0 0.203178 0.979142 0 2.67792 -1.13108</i>
                        <i>1 0 0 0 0.982801 -0.184666 0 0.184666 0.982801 0 2.77163 -0.854936</i>
                        <i>1 0 0 0 0.986292 -0.165008 0 0.165008 0.986292 0 2.82272 -0.675512</i>
                        <i>1 0 0 0 0.98993 -0.141556 0 0.141556 0.98993 0 2.83959 -0.576406</i>
                        <i>1 0 0 0 0.993425 -0.114486 0 0.114486 0.993425 0 2.84322 -0.496088</i>
                        <i>1 0 0 0 0.996339 -0.0854896 0 0.0854896 0.996339 0 2.83455 -0.433137</i>
                        <i>1 0 0 0 0.998415 -0.0562843 0 0.0562843 0.998415 0 2.81454 -0.386266</i>
                        <i>1 0 0 0 0.999591 -0.0286063 0 0.0286063 0.999591 0 2.78421 -0.354407</i>
                        <i>1 0 0 0 0.999991 -0.00419493 0 0.00419493 0.999991 0 2.74468 -0.336729</i>
                        <i>1 0 0 0 0.999884 0.0152185 0 -0.0152185 0.999884 0 2.69715 -0.332592</i>
                        <i>1 0 0 0 0.99961 0.0279158 0 -0.0279158 0.99961 0 2.64287 -0.341444</i>
                        <i>1 0 0 0 0.999354 0.0359483 0 -0.0359483 0.999354 0 2.58776 -0.362257</i>
                        <i>1 0 0 0 0.999094 0.0425499 0 -0.0425499 0.999094 0 2.5392 -0.393148</i>
                        <i>1 0 0 0 0.998858 0.0477845 0 -0.0477845 0.998858 0 2.50061 -0.432251</i>
                        <i>1 0 0 0 0.998662 0.0517159 0 -0.0517159 0.998662 0 2.4754 -0.477699</i>
                        <i>1 0 0 0 0.998519 0.0544079 0 -0.0544079 0.998519 0 2.46363 -0.527622</i>
                        <i>1 0 0 0 0.998435 0.055924 0 -0.055924 0.998435 0 2.46171 -0.580151</i>
                        <i>1 0 0 0 0.998412 0.0563276 0 -0.0563276 0.998412 0 2.46759 -0.633416</i>
                        <i>1 0 0 0 0.998449 0.0556819 0 -0.0556819 0.998449 0 2.4792 -0.685545</i>
                        <i>1 0 0 0 0.998538 0.0540497 0 -0.0540497 0.998538 0 2.49449 -0.734668</i>
                        <i>1 0 0 0 0.998673 0.0514939 0 -0.0514939 0.998673 0 2.51141 -0.778912</i>
                        <i>1 0 0 0 0.998844 0.0480772 0 -0.0480772 0.998844 0 2.52788 -0.816406</i>
                        <i>1 0 0 0 0.999038 0.0438623 0 -0.0438623 0.999038 0 2.54186 -0.845279</i>
                        <i>1 0 0 0 0.999243 0.0389119 0 -0.0389119 0.999243 0 2.55127 -0.863659</i>
                        <i>1 0 0 0 0.999446 0.0332889 0 -0.0332889 0.999446 0 2.55408 -0.869675</i>
                        <i>1 0 0 0 0.999635 0.0270275 0 -0.0270275 0.999635 0 2.55209 -0.868203</i>
                        <i>1 0 0 0 0.999795 0.0202274 0 -0.0202274 0.999795 0 2.54872 -0.865537</i>
                        <i>1 0 0 0 0.999915 0.0130488 0 -0.0130488 0.999915 0 2.54423 -0.861932</i>
                        <i>1 0 0 0 0.999984 0.00565251 0 -0.00565251 0.999984 0 2.53893 -0.857646</i>
                        <i>1 0 0 0 0.999998 -0.00180086 0 0.00180086 0.999998 0 2.53309 -0.852935</i>
                        <i>1 0 0 0 0.999958 -0.00915052 0 0.00915052 0.999958 0 2.527 -0.848057</i>
                        <i>1 0 0 0 0.999868 -0.0162357 0 0.0162357 0.999868 0 2.52095 -0.843268</i>
                        <i>1 0 0 0 0.999738 -0.0228957 0 0.0228957 0.999738 0 2.51522 -0.838827</i>
                        <i>1 0 0 0 0.99958 -0.0289701 0 0.0289701 0.99958 0 2.5101 -0.834992</i>
                        <i>1 0 0 0 0.999412 -0.0342988 0 0.0342988 0.999412 0 2.50587 -0.832021</i>
                        <i>1 0 0 0 0.99925 -0.0387217 0 0.0387217 0.99925 0 2.50283 -0.830173</i>
                        <i>1 0 0 0 0.999114 -0.0420788 0 0.0420788 0.999114 0 2.50125 -0.829706</i>
                        <i>1 0 0 0 0.999022 -0.0442103 0 0.0442103 0.999022 0 2.50068 -0.829944</i>
                        <i>1 0 0 0 0.998989 -0.0449564 0 0.0449564 0.998989 0 2.50048 -0.830026</i>
                        <i>1 0 0 0 0.999004 -0.0446307 0 0.0446307 0.999004 0 2.50061 -0.829971</i>
                        <i>1 0 0 0 0.999045 -0.0436984 0 0.0436984 0.999045 0 2.50099 -0.829813</i>
                        <i>1 0 0 0 0.999108 -0.0422269 0 0.0422269 0.999108 0 2.50159 -0.829564</i>
                        <i>1 0 0 0 0.999188 -0.0402836 0 0.0402836 0.999188 0 2.50238 -0.829235</i>
                        <i>1 0 0 0 0.99928 -0.0379356 0 0.0379356 0.99928 0 2.50334 -0.828836</i>
                        <i>1 0 0 0 0.999379 -0.0352504 0 0.0352504 0.999379 0 2.50443 -0.828378</i>
                        <i>1 0 0 0 0.999478 -0.0322952 0 0.0322952 0.999478 0 2.50563 -0.827873</i>
                        <i>1 0 0 0 0.999575 -0.0291374 0 0.0291374 0.999575 0 2.50691 -0.827331</i>
                        <i>1 0 0 0 0.999666 -0.0258445 0 0.0258445 0.999666 0 2.50824 -0.826764</i>
                        <i>1 0 0 0 0.999747 -0.0224839 0 0.0224839 0.999747 0 2.50961 -0.826184</i>
                        <i>1 0 0 0 0.999817 -0.019123 0 0.019123 0.999817 0 2.51097 -0.825601</i>
                        <i>1 0 0 0 0.999875 -0.0158293 0 0.0158293 0.999875 0 2.5123 -0.825027</i>
                        <i>1 0 0 0 0.99992 -0.0126704 0 0.0126704 0.99992 0 2.51358 -0.824475</i>
                        <i>1 0 0 0 0.999953 -0.00971371 0 0.00971371 0.999953 0 2.51477 -0.823957</i>
                        <i>1 0 0 0 0.999975 -0.00702675 0 0.00702675 0.999975 0 2.51585 -0.823484</i>
                        <i>1 0 0 0 0.999989 -0.00467703 0 0.00467703 0.999989 0 2.5168 -0.82307</i>
                        <i>1 0 0 0 0.999996 -0.00273202 0 0.00273202 0.999996 0 2.51759 -0.822726</i>
                        <i>1 0 0 0 0.999999 -0.00125921 0 0.00125921 0.999999 0 2.51818 -0.822465</i>
                        <i>1 0 0 0 1 -0.000326047 0 0.000326047 1 0 2.51856 -0.822299</i>
                        <i>1 0 0 0 1 0 0 0 1 0 2.51869 -0.822241</i>
                    </KeyFrames>
                </p>
            </i>
            <i>
                <p>
                    <Name><![CDATA[back]]></Name>
                    <Exclude>0</Exclude>
                    <Additive>1</Additive>
                    <IKPriority>0</IKPriority>
                    <IKRotLimits>-1e+010 -1e+010 -1e+010 1e+010 1e+010 1e+010</IKRotLimits>
                    <IKRotLimitOrder>0</IKRotLimitOrder>
                    <KeyFrames count="65">
                        <i>1 0 0 0 1 0 0 0 1 0 3.20466 -1.58564</i>
                        <i>1 0 0 0 0.919931 -0.392081 0 0.392081 0.919931 0 2.59278 -1.05971</i>
                        <i>1 0 0 0 0.901968 -0.431804 0 0.431804 0.901968 0 2.34874 -3.15562</i>
                        <i>1 0 0 0 0.925139 -0.379629 0 0.379629 0.925139 0 2.47148 -3.21662</i>
                        <i>1 0 0 0 0.950862 -0.309614 0 0.309614 0.950862 0 2.68925 -3.02436</i>
                        <i>1 0 0 0 0.970002 -0.243099 0 0.243099 0.970002 0 2.91393 -2.70739</i>
                        <i>1 0 0 0 0.979142 -0.203178 0 0.203178 0.979142 0 3.09589 -2.34606</i>
                        <i>1 0 0 0 0.982801 -0.184666 0 0.184666 0.982801 0 3.22629 -2.01238</i>
                        <i>1 0 0 0 0.986292 -0.165008 0 0.165008 0.986292 0 3.31498 -1.76724</i>
                        <i>1 0 0 0 0.98993 -0.141556 0 0.141556 0.98993 0 3.37165 -1.59605</i>
                        <i>1 0 0 0 0.993425 -0.114486 0 0.114486 0.993425 0 3.4153 -1.44037</i>
                        <i>1 0 0 0 0.996339 -0.0854896 0 0.0854896 0.996339 0 3.44392 -1.30296</i>
                        <i>1 0 0 0 0.998415 -0.0562843 0 0.0562843 0.998415 0 3.45645 -1.18707</i>
                        <i>1 0 0 0 0.999591 -0.0286063 0 0.0286063 0.999591 0 3.44806 -1.13712</i>
                        <i>1 0 0 0 0.999991 -0.00419493 0 0.00419493 0.999991 0 3.42744 -1.103</i>
                        <i>1 0 0 0 0.999884 0.0152185 0 -0.0152185 0.999884 0 3.39466 -1.08546</i>
                        <i>1 0 0 0 0.99961 0.0279158 0 -0.0279158 0.99961 0 3.34988 -1.0854</i>
                        <i>1 0 0 0 0.999354 0.0359483 0 -0.0359483 0.999354 0 3.30073 -1.1005</i>
                        <i>1 0 0 0 0.999094 0.0425499 0 -0.0425499 0.999094 0 3.25704 -1.12667</i>
                        <i>1 0 0 0 0.998858 0.0477845 0 -0.0477845 0.998858 0 3.22228 -1.162</i>
                        <i>1 0 0 0 0.998662 0.0517159 0 -0.0517159 0.998662 0 3.19993 -1.2046</i>
                        <i>1 0 0 0 0.998519 0.0544079 0 -0.0544079 0.998519 0 3.19011 -1.25257</i>
                        <i>1 0 0 0 0.998435 0.055924 0 -0.055924 0.998435 0 3.1893 -1.30399</i>
                        <i>1 0 0 0 0.998412 0.0563276 0 -0.0563276 0.998412 0 3.19547 -1.35696</i>
                        <i>1 0 0 0 0.998449 0.0556819 0 -0.0556819 0.998449 0 3.20661 -1.40956</i>
                        <i>1 0 0 0 0.998538 0.0540497 0 -0.0540497 0.998538 0 3.22072 -1.45988</i>
                        <i>1 0 0 0 0.998673 0.0514939 0 -0.0514939 0.998673 0 3.23578 -1.50598</i>
                        <i>1 0 0 0 0.998844 0.0480772 0 -0.0480772 0.998844 0 3.24976 -1.54594</i>
                        <i>1 0 0 0 0.999038 0.0438623 0 -0.0438623 0.999038 0 3.26065 -1.57786</i>
                        <i>1 0 0 0 0.999243 0.0389119 0 -0.0389119 0.999243 0 3.26643 -1.59979</i>
                        <i>1 0 0 0 0.999446 0.0332889 0 -0.0332889 0.999446 0 3.26508 -1.60982</i>
                        <i>1 0 0 0 0.999635 0.0270275 0 -0.0270275 0.999635 0 3.25844 -1.61278</i>
                        <i>1 0 0 0 0.999795 0.0202274 0 -0.0202274 0.999795 0 3.24999 -1.61491</i>
                        <i>1 0 0 0 0.999915 0.0130488 0 -0.0130488 0.999915 0 3.24011 -1.61632</i>
                        <i>1 0 0 0 0.999984 0.00565251 0 -0.00565251 0.999984 0 3.2292 -1.61716</i>
                        <i>1 0 0 0 0.999998 -0.00180086 0 0.00180086 0.999998 0 3.21768 -1.61757</i>
                        <i>1 0 0 0 0.999958 -0.00915052 0 0.00915052 0.999958 0 3.20596 -1.6177</i>
                        <i>1 0 0 0 0.999868 -0.0162357 0 0.0162357 0.999868 0 3.19443 -1.6177</i>
                        <i>1 0 0 0 0.999738 -0.0228957 0 0.0228957 0.999738 0 3.18353 -1.61773</i>
                        <i>1 0 0 0 0.99958 -0.0289701 0 0.0289701 0.99958 0 3.17366 -1.61794</i>
                        <i>1 0 0 0 0.999412 -0.0342988 0 0.0342988 0.999412 0 3.16525 -1.6185</i>
                        <i>1 0 0 0 0.99925 -0.0387217 0 0.0387217 0.99925 0 3.15872 -1.61956</i>
                        <i>1 0 0 0 0.999114 -0.0420788 0 0.0420788 0.999114 0 3.15449 -1.62129</i>
                        <i>1 0 0 0 0.999022 -0.0442103 0 0.0442103 0.999022 0 3.15223 -1.62292</i>
                        <i>1 0 0 0 0.998989 -0.0449564 0 0.0449564 0.998989 0 3.15144 -1.62349</i>
                        <i>1 0 0 0 0.999004 -0.0446307 0 0.0446307 0.999004 0 3.15183 -1.62323</i>
                        <i>1 0 0 0 0.999045 -0.0436984 0 0.0436984 0.999045 0 3.15295 -1.62246</i>
                        <i>1 0 0 0 0.999108 -0.0422269 0 0.0422269 0.999108 0 3.15471 -1.62125</i>
                        <i>1 0 0 0 0.999188 -0.0402836 0 0.0402836 0.999188 0 3.15704 -1.61965</i>
                        <i>1 0 0 0 0.99928 -0.0379356 0 0.0379356 0.99928 0 3.15985 -1.61771</i>
                        <i>1 0 0 0 0.999379 -0.0352504 0 0.0352504 0.999379 0 3.16306 -1.61548</i>
                        <i>1 0 0 0 0.999478 -0.0322952 0 0.0322952 0.999478 0 3.16659 -1.61303</i>
                        <i>1 0 0 0 0.999575 -0.0291374 0 0.0291374 0.999575 0 3.17034 -1.61039</i>
                        <i>1 0 0 0 0.999666 -0.0258445 0 0.0258445 0.999666 0 3.17425 -1.60764</i>
                        <i>1 0 0 0 0.999747 -0.0224839 0 0.0224839 0.999747 0 3.17824 -1.60481</i>
                        <i>1 0 0 0 0.999817 -0.019123 0 0.019123 0.999817 0 3.18221 -1.60198</i>
                        <i>1 0 0 0 0.999875 -0.0158293 0 0.0158293 0.999875 0 3.1861 -1.59919</i>
                        <i>1 0 0 0 0.99992 -0.0126704 0 0.0126704 0.99992 0 3.18982 -1.59651</i>
                        <i>1 0 0 0 0.999953 -0.00971371 0 0.00971371 0.999953 0 3.19329 -1.59398</i>
                        <i>1 0 0 0 0.999975 -0.00702675 0 0.00702675 0.999975 0 3.19644 -1.59169</i>
                        <i>1 0 0 0 0.999989 -0.00467703 0 0.00467703 0.999989 0 3.19919 -1.58967</i>
                        <i>1 0 0 0 0.999996 -0.00273202 0 0.00273202 0.999996 0 3.20147 -1.588</i>
                        <i>1 0 0 0 0.999999 -0.00125921 0 0.00125921 0.999999 0 3.20319 -1.58673</i>
                        <i>1 0 0 0 1 -0.000326047 0 0.000326047 1 0 3.20428 -1.58592</i>
                        <i>1 0 0 0 1 0 0 0 1 0 3.20466 -1.58564</i>
                    </KeyFrames>
                </p>
            </i>
            <i>
                <p>
                    <Name><![CDATA[barrel]]></Name>
                    <Exclude>0</Exclude>
                    <Additive>1</Additive>
                    <IKPriority>0</IKPriority>
                    <IKRotLimits>-1e+010 -1e+010 -1e+010 1e+010 1e+010 1e+010</IKRotLimits>
                    <IKRotLimitOrder>0</IKRotLimitOrder>
                    <KeyFrames count="65">
                        <i>1 0 0 0 1 0 0 0 1 0 3.28149 -0.755267</i>
                        <i>0.606168 0 0 0 0.68369 -0.291393 0 0.206725 0.485035 0 2.71783 -0.834211</i>
                        <i>0.708273 0 0 0 0.730392 -0.349664 0 0.280593 0.586113 0 2.18942 -3.43341</i>
                        <i>0.897895 0 0 0 0.863545 -0.354354 0 0.3331 0.81175 0 2.07298 -3.99744</i>
                        <i>1 0 0 0 0.950862 -0.309614 0 0.309614 0.950862 0 2.2698 -4.02143</i>
                        <i>1 0 0 0 0.970002 -0.243099 0 0.243099 0.970002 0 2.60294 -3.61979</i>
                        <i>1 0 0 0 0.979142 -0.203178 0 0.203178 0.979142 0 2.87509 -3.09543</i>
                        <i>1 0 0 0 0.982801 -0.184666 0 0.184666 0.982801 0 3.0826 -2.54107</i>
                        <i>1 0 0 0 0.986292 -0.165008 0 0.165008 0.986292 0 3.24937 -2.03764</i>
                        <i>1 0 0 0 0.98993 -0.141556 0 0.141556 0.98993 0 3.37875 -1.58395</i>
                        <i>1 0 0 0 0.993425 -0.114486 0 0.114486 0.993425 0 3.4821 -1.13493</i>
                        <i>1 0 0 0 0.996339 -0.0854896 0 0.0854896 0.996339 0 3.55211 -0.707543</i>
                        <i>1 0 0 0 0.998415 -0.0562843 0 0.0562843 0.998415 0 3.58601 -0.320055</i>
                        <i>1 0 0 0 0.999591 -0.0286063 0 0.0286063 0.999591 0 3.58085 -0.0323336</i>
                        <i>1 0 0 0 0.999991 -0.00419493 0 0.00419493 0.999991 0 3.55024 0.190308</i>
                        <i>1 0 0 0 0.999884 0.0152185 0 -0.0152185 0.999884 0 3.50114 0.332012</i>
                        <i>1 0 0 0 0.99961 0.0279158 0 -0.0279158 0.99961 0 3.44096 0.377208</i>
                        <i>1 0 0 0 0.999354 0.0359483 0 -0.0359483 0.999354 0 3.37891 0.340517</i>
                        <i>1 0 0 0 0.999094 0.0425499 0 -0.0425499 0.999094 0 3.32297 0.254052</i>
                        <i>1 0 0 0 0.998858 0.0477845 0 -0.0477845 0.998858 0 3.27741 0.128796</i>
                        <i>1 0 0 0 0.998662 0.0517159 0 -0.0517159 0.998662 0 3.24605 -0.0242504</i>
                        <i>1 0 0 0 0.998519 0.0544079 0 -0.0544079 0.998519 0 3.22905 -0.194083</i>
                        <i>1 0 0 0 0.998435 0.055924 0 -0.055924 0.998435 0 3.22273 -0.369695</i>
                        <i>1 0 0 0 0.998412 0.0563276 0 -0.0563276 0.998412 0 3.22489 -0.540084</i>
                        <i>1 0 0 0 0.998449 0.0556819 0 -0.0556819 0.998449 0 3.23336 -0.694251</i>
                        <i>1 0 0 0 0.998538 0.0540497 0 -0.0540497 0.998538 0 3.2461 -0.821198</i>
                        <i>1 0 0 0 0.998673 0.0514939 0 -0.0514939 0.998673 0 3.26126 -0.909935</i>
                        <i>1 0 0 0 0.998844 0.0480772 0 -0.0480772 0.998844 0 3.27658 -0.967982</i>
                        <i>1 0 0 0 0.999038 0.0438623 0 -0.0438623 0.999038 0 3.2895 -1.0095</i>
                        <i>1 0 0 0 0.999243 0.0389119 0 -0.0389119 0.999243 0 3.298 -1.03349</i>
                        <i>1 0 0 0 0.999446 0.0332889 0 -0.0332889 0.999446 0 3.30009 -1.03893</i>
                        <i>1 0 0 0 0.999635 0.0270275 0 -0.0270275 0.999635 0 3.29767 -1.03158</i>
                        <i>1 0 0 0 0.999795 0.0202274 0 -0.0202274 0.999795 0 3.2942 -1.01857</i>
                        <i>1 0 0 0 0.999915 0.0130488 0 -0.0130488 0.999915 0 3.29004 -1.00095</i>
                        <i>1 0 0 0 0.999984 0.00565251 0 -0.00565251 0.999984 0 3.28552 -0.979772</i>
                        <i>1 0 0 0 0.999998 -0.00180086 0 0.00180086 0.999998 0 3.28094 -0.95608</i>
                        <i>1 0 0 0 0.999958 -0.00915052 0 0.00915052 0.999958 0 3.27657 -0.930923</i>
                        <i>1 0 0 0 0.999868 -0.0162357 0 0.0162357 0.999868 0 3.27262 -0.905345</i>
                        <i>1 0 0 0 0.999738 -0.0228957 0 0.0228957 0.999738 0 3.26928 -0.880385</i>
                        <i>1 0 0 0 0.99958 -0.0289701 0 0.0289701 0.99958 0 3.2667 -0.857079</i>
                        <i>1 0 0 0 0.999412 -0.0342988 0 0.0342988 0.999412 0 3.265 -0.836459</i>
                        <i>1 0 0 0 0.99925 -0.0387217 0 0.0387217 0.99925 0 3.26426 -0.819551</i>
                        <i>1 0 0 0 0.999114 -0.0420788 0 0.0420788 0.999114 0 3.26457 -0.807378</i>
                        <i>1 0 0 0 0.999022 -0.0442103 0 0.0442103 0.999022 0 3.26526 -0.80003</i>
                        <i>1 0 0 0 0.998989 -0.0449564 0 0.0449564 0.998989 0 3.26552 -0.797412</i>
                        <i>1 0 0 0 0.999004 -0.0446307 0 0.0446307 0.999004 0 3.26565 -0.797108</i>
                        <i>1 0 0 0 0.999045 -0.0436984 0 0.0436984 0.999045 0 3.26599 -0.796236</i>
                        <i>1 0 0 0 0.999108 -0.0422269 0 0.0422269 0.999108 0 3.26654 -0.794861</i>
                        <i>1 0 0 0 0.999188 -0.0402836 0 0.0402836 0.999188 0 3.26726 -0.793043</i>
                        <i>1 0 0 0 0.99928 -0.0379356 0 0.0379356 0.99928 0 3.26813 -0.790847</i>
                        <i>1 0 0 0 0.999379 -0.0352504 0 0.0352504 0.999379 0 3.26912 -0.788335</i>
                        <i>1 0 0 0 0.999478 -0.0322952 0 0.0322952 0.999478 0 3.2702 -0.785569</i>
                        <i>1 0 0 0 0.999575 -0.0291374 0 0.0291374 0.999575 0 3.27134 -0.782612</i>
                        <i>1 0 0 0 0.999666 -0.0258445 0 0.0258445 0.999666 0 3.27252 -0.779527</i>
                        <i>1 0 0 0 0.999747 -0.0224839 0 0.0224839 0.999747 0 3.27372 -0.776377</i>
                        <i>1 0 0 0 0.999817 -0.019123 0 0.019123 0.999817 0 3.27491 -0.773226</i>
                        <i>1 0 0 0 0.999875 -0.0158293 0 0.0158293 0.999875 0 3.27606 -0.770136</i>
                        <i>1 0 0 0 0.99992 -0.0126704 0 0.0126704 0.99992 0 3.27716 -0.767171</i>
                        <i>1 0 0 0 0.999953 -0.00971371 0 0.00971371 0.999953 0 3.27819 -0.764395</i>
                        <i>1 0 0 0 0.999975 -0.00702675 0 0.00702675 0.999975 0 3.27911 -0.761871</i>
