<?xml version="1.0" encoding="ISO-8859-1" ?>
<Animl Version="1">
    <ModellingPackage><![CDATA[Maya.2010]]></ModellingPackage>
    <SrcFile><![CDATA[anims\turrets\artillery\red\~src\artillery_d30\artillery_d30_reload_high.mb]]></SrcFile>
    <FramesPerSecond>30</FramesPerSecond>
    <TotalFrames>66</TotalFrames>
    <Skeleton>
        <RefFrame>
            <Name><![CDATA[artillery_d30_ref_frame]]></Name>
            <Exclude>0</Exclude>
            <Additive>0</Additive>
            <IKPriority>0</IKPriority>
            <IKRotLimits>-1e+010 -1e+010 -1e+010 1e+010 1e+010 1e+010</IKRotLimits>
            <IKRotLimitOrder>0</IKRotLimitOrder>
            <KeyFrames count="66">
                <i>1 0 0 0 1 0 0 0 1 0 1.31 0</i>
                <i>1 0 0 0 1 0 0 0 1 0 1.31 0</i>
                <i>1 0 0 0 1 0 0 0 1 0 1.31 0</i>
                <i>1 0 0 0 1 0 0 0 1 0 1.31 0</i>
                <i>1 0 0 0 1 0 0 0 1 0 1.31 0</i>
                <i>1 0 0 0 1 0 0 0 1 0 1.31 0</i>
                <i>1 0 0 0 1 0 0 0 1 0 1.31 0</i>
                <i>1 0 0 0 1 0 0 0 1 0 1.31 0</i>
                <i>1 0 0 0 1 0 0 0 1 0 1.31 0</i>
                <i>1 0 0 0 1 0 0 0 1 0 1.31 0</i>
                <i>1 0 0 0 1 0 0 0 1 0 1.31 0</i>
                <i>1 0 0 0 1 0 0 0 1 0 1.31 0</i>
                <i>1 0 0 0 1 0 0 0 1 0 1.31 0</i>
                <i>1 0 0 0 1 0 0 0 1 0 1.31 0</i>
                <i>1 0 0 0 1 0 0 0 1 0 1.31 0</i>
                <i>1 0 0 0 1 0 0 0 1 0 1.31 0</i>
                <i>1 0 0 0 1 0 0 0 1 0 1.31 0</i>
                <i>1 0 0 0 1 0 0 0 1 0 1.31 0</i>
                <i>1 0 0 0 1 0 0 0 1 0 1.31 0</i>
                <i>1 0 0 0 1 0 0 0 1 0 1.31 0</i>
                <i>1 0 0 0 1 0 0 0 1 0 1.31 0</i>
                <i>1 0 0 0 1 0 0 0 1 0 1.31 0</i>
                <i>1 0 0 0 1 0 0 0 1 0 1.31 0</i>
                <i>1 0 0 0 1 0 0 0 1 0 1.31 0</i>
                <i>1 0 0 0 1 0 0 0 1 0 1.31 0</i>
                <i>1 0 0 0 1 0 0 0 1 0 1.31 0</i>
                <i>1 0 0 0 1 0 0 0 1 0 1.31 0</i>
                <i>1 0 0 0 1 0 0 0 1 0 1.31 0</i>
                <i>1 0 0 0 1 0 0 0 1 0 1.31 0</i>
                <i>1 0 0 0 1 0 0 0 1 0 1.31 0</i>
                <i>1 0 0 0 1 0 0 0 1 0 1.31 0</i>
                <i>1 0 0 0 1 0 0 0 1 0 1.31 0</i>
                <i>1 0 0 0 1 0 0 0 1 0 1.31 0</i>
                <i>1 0 0 0 1 0 0 0 1 0 1.31 0</i>
                <i>1 0 0 0 1 0 0 0 1 0 1.31 0</i>
                <i>1 0 0 0 1 0 0 0 1 0 1.31 0</i>
                <i>1 0 0 0 1 0 0 0 1 0 1.31 0</i>
                <i>1 0 0 0 1 0 0 0 1 0 1.31 0</i>
                <i>1 0 0 0 1 0 0 0 1 0 1.31 0</i>
                <i>1 0 0 0 1 0 0 0 1 0 1.31 0</i>
                <i>1 0 0 0 1 0 0 0 1 0 1.31 0</i>
                <i>1 0 0 0 1 0 0 0 1 0 1.31 0</i>
                <i>1 0 0 0 1 0 0 0 1 0 1.31 0</i>
                <i>1 0 0 0 1 0 0 0 1 0 1.31 0</i>
                <i>1 0 0 0 1 0 0 0 1 0 1.31 0</i>
                <i>1 0 0 0 1 0 0 0 1 0 1.31 0</i>
                <i>1 0 0 0 1 0 0 0 1 0 1.31 0</i>
                <i>1 0 0 0 1 0 0 0 1 0 1.31 0</i>
                <i>1 0 0 0 1 0 0 0 1 0 1.31 0</i>
                <i>1 0 0 0 1 0 0 0 1 0 1.31 0</i>
                <i>1 0 0 0 1 0 0 0 1 0 1.31 0</i>
                <i>1 0 0 0 1 0 0 0 1 0 1.31 0</i>
                <i>1 0 0 0 1 0 0 0 1 0 1.31 0</i>
                <i>1 0 0 0 1 0 0 0 1 0 1.31 0</i>
                <i>1 0 0 0 1 0 0 0 1 0 1.31 0</i>
                <i>1 0 0 0 1 0 0 0 1 0 1.31 0</i>
                <i>1 0 0 0 1 0 0 0 1 0 1.31 0</i>
                <i>1 0 0 0 1 0 0 0 1 0 1.31 0</i>
                <i>1 0 0 0 1 0 0 0 1 0 1.31 0</i>
                <i>1 0 0 0 1 0 0 0 1 0 1.31 0</i>
                <i>1 0 0 0 1 0 0 0 1 0 1.31 0</i>
                <i>1 0 0 0 1 0 0 0 1 0 1.31 0</i>
                <i>1 0 0 0 1 0 0 0 1 0 1.31 0</i>
                <i>1 0 0 0 1 0 0 0 1 0 1.31 0</i>
                <i>1 0 0 0 1 0 0 0 1 0 1.31 0</i>
                <i>1 0 0 0 1 0 0 0 1 0 1.31 0</i>
            </KeyFrames>
        </RefFrame>
        <Bones count="11">
            <i>
                <p>
                    <Name><![CDATA[artillery_d30_root]]></Name>
                    <Exclude>0</Exclude>
                    <Additive>0</Additive>
                    <IKPriority>0</IKPriority>
                    <IKRotLimits>-1e+010 -1e+010 -1e+010 1e+010 1e+010 1e+010</IKRotLimits>
                    <IKRotLimitOrder>0</IKRotLimitOrder>
                    <KeyFrames count="66">
                        <i>1 0 0 0 1 0 0 0 1 0 1.31707 0</i>
                        <i>1 0 0 0 1 0 0 0 1 0 1.31707 0</i>
                        <i>1 0 0 0 1 0 0 0 1 0 1.31707 0</i>
                        <i>1 0 0 0 1 0 0 0 1 0 1.31707 0</i>
                        <i>1 0 0 0 1 0 0 0 1 0 1.31707 0</i>
                        <i>1 0 0 0 1 0 0 0 1 0 1.31707 0</i>
                        <i>1 0 0 0 1 0 0 0 1 0 1.31707 0</i>
                        <i>1 0 0 0 1 0 0 0 1 0 1.31707 0</i>
                        <i>1 0 0 0 1 0 0 0 1 0 1.31707 0</i>
                        <i>1 0 0 0 1 0 0 0 1 0 1.31707 0</i>
                        <i>1 0 0 0 1 0 0 0 1 0 1.31707 0</i>
                        <i>1 0 0 0 1 0 0 0 1 0 1.31707 0</i>
                        <i>1 0 0 0 1 0 0 0 1 0 1.31707 0</i>
                        <i>1 0 0 0 1 0 0 0 1 0 1.31707 0</i>
                        <i>1 0 0 0 1 0 0 0 1 0 1.31707 0</i>
                        <i>1 0 0 0 1 0 0 0 1 0 1.31707 0</i>
                        <i>1 0 0 0 1 0 0 0 1 0 1.31707 0</i>
                        <i>1 0 0 0 1 0 0 0 1 0 1.31707 0</i>
                        <i>1 0 0 0 1 0 0 0 1 0 1.31707 0</i>
                        <i>1 0 0 0 1 0 0 0 1 0 1.31707 0</i>
                        <i>1 0 0 0 1 0 0 0 1 0 1.31707 0</i>
                        <i>1 0 0 0 1 0 0 0 1 0 1.31707 0</i>
                        <i>1 0 0 0 1 0 0 0 1 0 1.31707 0</i>
                        <i>1 0 0 0 1 0 0 0 1 0 1.31707 0</i>
                        <i>1 0 0 0 1 0 0 0 1 0 1.31707 0</i>
                        <i>1 0 0 0 1 0 0 0 1 0 1.31707 0</i>
                        <i>1 0 0 0 1 0 0 0 1 0 1.31707 0</i>
                        <i>1 0 0 0 1 0 0 0 1 0 1.31707 0</i>
                        <i>1 0 0 0 1 0 0 0 1 0 1.31707 0</i>
                        <i>1 0 0 0 1 0 0 0 1 0 1.31707 0</i>
                        <i>1 0 0 0 1 0 0 0 1 0 1.31707 0</i>
                        <i>1 0 0 0 1 0 0 0 1 0 1.31707 0</i>
                        <i>1 0 0 0 1 0 0 0 1 0 1.31707 0</i>
                        <i>1 0 0 0 1 0 0 0 1 0 1.31707 0</i>
                        <i>1 0 0 0 1 0 0 0 1 0 1.31707 0</i>
                        <i>1 0 0 0 1 0 0 0 1 0 1.31707 0</i>
                        <i>1 0 0 0 1 0 0 0 1 0 1.31707 0</i>
                        <i>1 0 0 0 1 0 0 0 1 0 1.31707 0</i>
                        <i>1 0 0 0 1 0 0 0 1 0 1.31707 0</i>
                        <i>1 0 0 0 1 0 0 0 1 0 1.31707 0</i>
                        <i>1 0 0 0 1 0 0 0 1 0 1.31707 0</i>
                        <i>1 0 0 0 1 0 0 0 1 0 1.31707 0</i>
                        <i>1 0 0 0 1 0 0 0 1 0 1.31707 0</i>
                        <i>1 0 0 0 1 0 0 0 1 0 1.31707 0</i>
                        <i>1 0 0 0 1 0 0 0 1 0 1.31707 0</i>
                        <i>1 0 0 0 1 0 0 0 1 0 1.31707 0</i>
                        <i>1 0 0 0 1 0 0 0 1 0 1.31707 0</i>
                        <i>1 0 0 0 1 0 0 0 1 0 1.31707 0</i>
                        <i>1 0 0 0 1 0 0 0 1 0 1.31707 0</i>
                        <i>1 0 0 0 1 0 0 0 1 0 1.31707 0</i>
                        <i>1 0 0 0 1 0 0 0 1 0 1.31707 0</i>
                        <i>1 0 0 0 1 0 0 0 1 0 1.31707 0</i>
                        <i>1 0 0 0 1 0 0 0 1 0 1.31707 0</i>
                        <i>1 0 0 0 1 0 0 0 1 0 1.31707 0</i>
                        <i>1 0 0 0 1 0 0 0 1 0 1.31707 0</i>
                        <i>1 0 0 0 1 0 0 0 1 0 1.31707 0</i>
                        <i>1 0 0 0 1 0 0 0 1 0 1.31707 0</i>
                        <i>1 0 0 0 1 0 0 0 1 0 1.31707 0</i>
                        <i>1 0 0 0 1 0 0 0 1 0 1.31707 0</i>
                        <i>1 0 0 0 1 0 0 0 1 0 1.31707 0</i>
                        <i>1 0 0 0 1 0 0 0 1 0 1.31707 0</i>
                        <i>1 0 0 0 1 0 0 0 1 0 1.31707 0</i>
                        <i>1 0 0 0 1 0 0 0 1 0 1.31707 0</i>
                        <i>1 0 0 0 1 0 0 0 1 0 1.31707 0</i>
                        <i>1 0 0 0 1 0 0 0 1 0 1.31707 0</i>
                        <i>1 0 0 0 1 0 0 0 1 0 1.31707 0</i>
                    </KeyFrames>
                </p>
            </i>
            <i>
                <p>
                    <Name><![CDATA[body]]></Name>
                    <Exclude>0</Exclude>
                    <Additive>0</Additive>
                    <IKPriority>0</IKPriority>
                    <IKRotLimits>-1e+010 -1e+010 -1e+010 1e+010 1e+010 1e+010</IKRotLimits>
                    <IKRotLimitOrder>0</IKRotLimitOrder>
                    <KeyFrames count="66">
                        <i>1 0 0 0 1 0 0 0 1 0 1.62851 0</i>
                        <i>1 0 0 0 0.999414 -0.0342381 0 0.0342381 0.999414 0 1.69039 0</i>
                        <i>1 0 0 0 0.998582 -0.0532356 0 0.0532356 0.998582 0 1.72845 0</i>
                        <i>1 0 0 0 0.998906 -0.0467575 0 0.0467575 0.998906 0 1.72804 0</i>
                        <i>1 0 0 0 0.999354 -0.0359382 0 0.0359382 0.999354 0 1.7229 0</i>
                        <i>1 0 0 0 0.999753 -0.0222365 0 0.0222365 0.999753 0 1.71408 0</i>
                        <i>1 0 0 0 0.999975 -0.00711469 0 0.00711469 0.999975 0 1.70263 0</i>
                        <i>1 0 0 0 0.999968 0.00796132 0 -0.00796132 0.999968 0 1.68961 0</i>
                        <i>1 0 0 0 0.999768 0.0215253 0 -0.0215253 0.999768 0 1.67607 0</i>
                        <i>1 0 0 0 0.999484 0.032113 0 -0.032113 0.999484 0 1.66307 0</i>
                        <i>1 0 0 0 0.999268 0.0382637 0 -0.0382637 0.999268 0 1.65166 0</i>
                        <i>1 0 0 0 0.999461 0.0328203 0 -0.0328203 0.999461 0 1.63873 0</i>
                        <i>1 0 0 0 0.99987 0.0161194 0 -0.0161194 0.99987 0 1.62358 0</i>
                        <i>1 0 0 0 0.999998 -0.00204829 0 0.00204829 0.999998 0 1.61088 0</i>
                        <i>1 0 0 0 0.999929 -0.0118821 0 0.0118821 0.999929 0 1.60527 0</i>
                        <i>1 0 0 0 0.999931 -0.0117166 0 0.0117166 0.999931 0 1.6078 0</i>
                        <i>1 0 0 0 0.999971 -0.00756963 0 0.00756963 0.999971 0 1.61493 0</i>
                        <i>1 0 0 0 0.999999 -0.00116981 0 0.00116981 0.999999 0 1.62453 0</i>
                        <i>1 0 0 0 0.999983 0.00575406 0 -0.00575406 0.999983 0 1.63445 0</i>
                        <i>1 0 0 0 0.999934 0.011473 0 -0.011473 0.999934 0 1.64256 0</i>
                        <i>1 0 0 0 0.999898 0.0142584 0 -0.0142584 0.999898 0 1.6467 0</i>
                        <i>1 0 0 0 0.999895 0.0144607 0 -0.0144607 0.999895 0 1.64737 0</i>
                        <i>1 0 0 0 0.999906 0.0137261 0 -0.0137261 0.999906 0 1.64667 0</i>
                        <i>1 0 0 0 0.999925 0.0122704 0 -0.0122704 0.999925 0 1.64491 0</i>
                        <i>1 0 0 0 0.999947 0.010309 0 -0.010309 0.999947 0 1.64239 0</i>
                        <i>1 0 0 0 0.999968 0.00805768 0 -0.00805768 0.999968 0 1.63942 0</i>
                        <i>1 0 0 0 0.999984 0.00573205 0 -0.00573205 0.999984 0 1.63631 0</i>
                        <i>1 0 0 0 0.999994 0.00354779 0 -0.00354779 0.999994 0 1.63336 0</i>
                        <i>1 0 0 0 0.999999 0.00172057 0 -0.00172057 0.999999 0 1.63087 0</i>
                        <i>1 0 0 0 1 0.000466089 0 -0.000466089 1 0 1.62915 0</i>
                        <i>1 0 0 0 1 0 0 0 1 0 1.62851 0</i>
                        <i>1 0 0 0 1 -3.74547e-005 0 3.74547e-005 1 0 1.62857 0</i>
                        <i>1 0 0 0 1 -0.000142685 0 0.000142685 1 0 1.62874 0</i>
                        <i>1 0 0 0 1 -0.000304989 0 0.000304989 1 0 1.62899 0</i>
                        <i>1 0 0 0 1 -0.000513665 0 0.000513665 1 0 1.62932 0</i>
                        <i>1 0 0 0 1 -0.000758013 0 0.000758013 1 0 1.6297 0</i>
                        <i>1 0 0 0 0.999999 -0.00102733 0 0.00102733 0.999999 0 1.63012 0</i>
                        <i>1 0 0 0 0.999999 -0.00131092 0 0.00131092 0.999999 0 1.63056 0</i>
                        <i>1 0 0 0 0.999999 -0.00159807 0 0.00159807 0.999999 0 1.63101 0</i>
                        <i>1 0 0 0 0.999998 -0.00187809 0 0.00187809 0.999998 0 1.63145 0</i>
                        <i>1 0 0 0 0.999998 -0.00214027 0 0.00214027 0.999998 0 1.63186 0</i>
                        <i>1 0 0 0 0.999997 -0.00237392 0 0.00237392 0.999997 0 1.63222 0</i>
                        <i>1 0 0 0 0.999997 -0.00256832 0 0.00256832 0.999997 0 1.63253 0</i>
                        <i>1 0 0 0 0.999996 -0.00271279 0 0.00271279 0.999996 0 1.63275 0</i>
                        <i>1 0 0 0 0.999996 -0.00279662 0 0.00279662 0.999996 0 1.63289 0</i>
                        <i>1 0 0 0 0.999996 -0.0028091 0 0.0028091 0.999996 0 1.6329 0</i>
                        <i>1 0 0 0 0.999996 -0.00273955 0 0.00273955 0.999996 0 1.6328 0</i>
                        <i>1 0 0 0 0.999997 -0.00257724 0 0.00257724 0.999997 0 1.63254 0</i>
                        <i>1 0 0 0 0.999997 -0.00231149 0 0.00231149 0.999997 0 1.63213 0</i>
                        <i>1 0 0 0 0.999998 -0.0019316 0 0.0019316 0.999998 0 1.63153 0</i>
                        <i>1 0 0 0 0.999999 -0.00142685 0 0.00142685 0.999999 0 1.63074 0</i>
                        <i>1 0 0 0 1 -0.000786549 0 0.000786549 1 0 1.62974 0</i>
                        <i>1 0 0 0 1 0 0 0 1 0 1.62851 0</i>
                        <i>1 0 0 0 0.999992 0.00399248 0 -0.00399248 0.999992 0 1.62227 0</i>
                        <i>1 0 0 0 0.999932 0.0116535 0 -0.0116535 0.999932 0 1.61029 0</i>
                        <i>1 0 0 0 0.999818 0.0190981 0 -0.0190981 0.999818 0 1.59865 0</i>
                        <i>1 0 0 0 0.999748 0.0224424 0 -0.0224424 0.999748 0 1.59342 0</i>
                        <i>1 0 0 0 0.999769 0.0214783 0 -0.0214783 0.999769 0 1.59493 0</i>
                        <i>1 0 0 0 0.999821 0.0189363 0 -0.0189363 0.999821 0 1.59891 0</i>
                        <i>1 0 0 0 0.999882 0.0153422 0 -0.0153422 0.999882 0 1.60453 0</i>
                        <i>1 0 0 0 0.999937 0.0112219 0 -0.0112219 0.999937 0 1.61097 0</i>
                        <i>1 0 0 0 0.999975 0.00710148 0 -0.00710148 0.999975 0 1.61741 0</i>
                        <i>1 0 0 0 0.999994 0.00350693 0 -0.00350693 0.999994 0 1.62303 0</i>
                        <i>1 0 0 0 1 0.000964415 0 -0.000964415 1 0 1.62701 0</i>
                        <i>1 0 0 0 1 0 0 0 1 0 1.62851 0</i>
                        <i>1 0 0 0 1 0 0 0 1 0 1.62851 0</i>
                    </KeyFrames>
                </p>
            </i>
            <i>
                <p>
                    <Name><![CDATA[yaw]]></Name>
                    <Exclude>0</Exclude>
                    <Additive>0</Additive>
                    <IKPriority>0</IKPriority>
                    <IKRotLimits>-1e+010 -1e+010 -1e+010 1e+010 1e+010 1e+010</IKRotLimits>
                    <IKRotLimitOrder>0</IKRotLimitOrder>
                    <KeyFrames count="66">
                        <i>1 0 0 0 1 0 0 0 1 0 2.15632 0</i>
                        <i>1 0 0 0 0.999414 -0.0342381 0 0.0342381 0.999414 0 2.21771 -0.0287345</i>
                        <i>1 0 0 0 0.998582 -0.0532356 0 0.0532356 0.998582 0 2.25507 -0.0446782</i>
                        <i>1 0 0 0 0.998906 -0.0467575 0 0.0467575 0.998906 0 2.25494 -0.0392414</i>
                        <i>1 0 0 0 0.999354 -0.0359382 0 0.0359382 0.999354 0 2.25017 -0.0301613</i>
                        <i>1 0 0 0 0.999753 -0.0222365 0 0.0222365 0.999753 0 2.24168 -0.018662</i>
                        <i>1 0 0 0 0.999975 -0.00711469 0 0.00711469 0.999975 0 2.23042 -0.00597103</i>
                        <i>1 0 0 0 0.999968 0.00796132 0 -0.00796132 0.999968 0 2.2174 0.00668157</i>
                        <i>1 0 0 0 0.999768 0.0215253 0 -0.0215253 0.999768 0 2.20369 0.0180652</i>
                        <i>1 0 0 0 0.999484 0.032113 0 -0.032113 0.999484 0 2.19045 0.026951</i>
                        <i>1 0 0 0 0.999268 0.0382637 0 -0.0382637 0.999268 0 2.17886 0.032113</i>
                        <i>1 0 0 0 0.999461 0.0328203 0 -0.0328203 0.999461 0 2.16609 0.0275445</i>
                        <i>1 0 0 0 0.99987 0.0161194 0 -0.0161194 0.99987 0 2.15129 0.0135283</i>
                        <i>1 0 0 0 0.999998 -0.00204829 0 0.00204829 0.999998 0 2.13869 -0.00171904</i>
                        <i>1 0 0 0 0.999929 -0.0118821 0 0.0118821 0.999929 0 2.13303 -0.00997214</i>
                        <i>1 0 0 0 0.999931 -0.0117166 0 0.0117166 0.999931 0 2.13555 -0.00983317</i>
                        <i>1 0 0 0 0.999971 -0.00756963 0 0.00756963 0.999971 0 2.14272 -0.00635284</i>
                        <i>1 0 0 0 0.999999 -0.00116981 0 0.00116981 0.999999 0 2.15234 -0.000981769</i>
                        <i>1 0 0 0 0.999983 0.00575406 0 -0.00575406 0.999983 0 2.16225 0.00482912</i>
                        <i>1 0 0 0 0.999934 0.011473 0 -0.011473 0.999934 0 2.17031 0.00962876</i>
                        <i>1 0 0 0 0.999898 0.0142584 0 -0.0142584 0.999898 0 2.17443 0.0119664</i>
                        <i>1 0 0 0 0.999895 0.0144607 0 -0.0144607 0.999895 0 2.17509 0.0121362</i>
                        <i>1 0 0 0 0.999906 0.0137261 0 -0.0137261 0.999906 0 2.1744 0.0115197</i>
                        <i>1 0 0 0 0.999925 0.0122704 0 -0.0122704 0.999925 0 2.17266 0.010298</i>
                        <i>1 0 0 0 0.999947 0.010309 0 -0.010309 0.999947 0 2.17016 0.00865188</i>
                        <i>1 0 0 0 0.999968 0.00805768 0 -0.00805768 0.999968 0 2.16721 0.00676244</i>
                        <i>1 0 0 0 0.999984 0.00573205 0 -0.00573205 0.999984 0 2.16411 0.00481065</i>
                        <i>1 0 0 0 0.999994 0.00354779 0 -0.00354779 0.999994 0 2.16116 0.0029775</i>
                        <i>1 0 0 0 0.999999 0.00172057 0 -0.00172057 0.999999 0 2.15868 0.001444</i>
                        <i>1 0 0 0 1 0.000466089 0 -0.000466089 1 0 2.15696 0.000391167</i>
                        <i>1 0 0 0 1 0 0 0 1 0 2.15632 0</i>
                        <i>1 0 0 0 1 -3.74547e-005 0 3.74547e-005 1 0 2.15638 -3.1434e-005</i>
                        <i>1 0 0 0 1 -0.000142685 0 0.000142685 1 0 2.15655 -0.000119749</i>
                        <i>1 0 0 0 1 -0.000304989 0 0.000304989 1 0 2.1568 -0.000255963</i>
                        <i>1 0 0 0 1 -0.000513665 0 0.000513665 1 0 2.15713 -0.000431096</i>
                        <i>1 0 0 0 1 -0.000758013 0 0.000758013 1 0 2.15751 -0.000636165</i>
                        <i>1 0 0 0 0.999999 -0.00102733 0 0.00102733 0.999999 0 2.15793 -0.000862192</i>
                        <i>1 0 0 0 0.999999 -0.00131092 0 0.00131092 0.999999 0 2.15837 -0.00110019</i>
                        <i>1 0 0 0 0.999999 -0.00159807 0 0.00159807 0.999999 0 2.15882 -0.00134119</i>
                        <i>1 0 0 0 0.999998 -0.00187809 0 0.00187809 0.999998 0 2.15926 -0.00157619</i>
                        <i>1 0 0 0 0.999998 -0.00214027 0 0.00214027 0.999998 0 2.15967 -0.00179623</i>
                        <i>1 0 0 0 0.999997 -0.00237392 0 0.00237392 0.999997 0 2.16003 -0.00199232</i>
                        <i>1 0 0 0 0.999997 -0.00256832 0 0.00256832 0.999997 0 2.16034 -0.00215548</i>
                        <i>1 0 0 0 0.999996 -0.00271279 0 0.00271279 0.999996 0 2.16056 -0.00227672</i>
                        <i>1 0 0 0 0.999996 -0.00279662 0 0.00279662 0.999996 0 2.16069 -0.00234707</i>
                        <i>1 0 0 0 0.999996 -0.0028091 0 0.0028091 0.999996 0 2.16071 -0.00235755</i>
                        <i>1 0 0 0 0.999996 -0.00273955 0 0.00273955 0.999996 0 2.1606 -0.00229917</i>
                        <i>1 0 0 0 0.999997 -0.00257724 0 0.00257724 0.999997 0 2.16035 -0.00216296</i>
                        <i>1 0 0 0 0.999997 -0.00231149 0 0.00231149 0.999997 0 2.15994 -0.00193993</i>
                        <i>1 0 0 0 0.999998 -0.0019316 0 0.0019316 0.999998 0 2.15934 -0.0016211</i>
                        <i>1 0 0 0 0.999999 -0.00142685 0 0.00142685 0.999999 0 2.15855 -0.00119749</i>
                        <i>1 0 0 0 1 -0.000786549 0 0.000786549 1 0 2.15755 -0.000660115</i>
                        <i>1 0 0 0 1 0 0 0 1 0 2.15632 0</i>
                        <i>1 0 0 0 0.999992 0.00399248 0 -0.00399248 0.999992 0 2.15008 0.00335071</i>
                        <i>1 0 0 0 0.999932 0.0116535 0 -0.0116535 0.999932 0 2.13805 0.00978025</i>
                        <i>1 0 0 0 0.999818 0.0190981 0 -0.0190981 0.999818 0 2.12631 0.0160282</i>
                        <i>1 0 0 0 0.999748 0.0224424 0 -0.0224424 0.999748 0 2.12102 0.0188349</i>
                        <i>1 0 0 0 0.999769 0.0214783 0 -0.0214783 0.999769 0 2.12255 0.0180257</i>
                        <i>1 0 0 0 0.999821 0.0189363 0 -0.0189363 0.999821 0 2.12657 0.0158923</i>
                        <i>1 0 0 0 0.999882 0.0153422 0 -0.0153422 0.999882 0 2.13224 0.012876</i>
                        <i>1 0 0 0 0.999937 0.0112219 0 -0.0112219 0.999937 0 2.13873 0.00941805</i>
                        <i>1 0 0 0 0.999975 0.00710148 0 -0.00710148 0.999975 0 2.1452 0.00595994</i>
                        <i>1 0 0 0 0.999994 0.00350693 0 -0.00350693 0.999994 0 2.15084 0.00294321</i>
                        <i>1 0 0 0 1 0.000964415 0 -0.000964415 1 0 2.15482 0.000809389</i>
                        <i>1 0 0 0 1 0 0 0 1 0 2.15632 0</i>
                        <i>1 0 0 0 1 0 0 0 1 0 2.15632 0</i>
                    </KeyFrames>
                </p>
            </i>
            <i>
                <p>
                    <Name><![CDATA[pitch]]></Name>
                    <Exclude>0</Exclude>
                    <Additive>0</Additive>
                    <IKPriority>0</IKPriority>
                    <IKRotLimits>-1e+010 -1e+010 -1e+010 1e+010 1e+010 1e+010</IKRotLimits>
                    <IKRotLimitOrder>0</IKRotLimitOrder>
                    <KeyFrames count="66">
                        <i>1 0 0 0 0.819152 -0.573576 0 0.573576 0.819152 0 2.51869 -0.822241</i>
                        <i>1 0 0 0 0.839031 -0.544084 0 0.544084 0.839031 0 2.55171 -0.8629</i>
                        <i>1 0 0 0 0.865575 -0.50078 0 0.50078 0.865575 0 2.57314 -0.885044</i>
                        <i>1 0 0 0 0.901228 -0.433344 0 0.433344 0.901228 0 2.57846 -0.877526</i>
                        <i>1 0 0 0 0.933207 -0.359338 0 0.359338 0.933207 0 2.58275 -0.864894</i>
                        <i>1 0 0 0 0.959932 -0.280234 0 0.280234 0.959932 0 2.58567 -0.848758</i>
                        <i>1 0 0 0 0.980245 -0.197788 0 0.197788 0.980245 0 2.58693 -0.83077</i>
                        <i>1 0 0 0 0.993485 -0.113964 0 0.113964 0.993485 0 2.58629 -0.812649</i>
                        <i>1 0 0 0 0.999525 -0.0308281 0 0.0308281 0.999525 0 2.58367 -0.796186</i>
                        <i>1 0 0 0 0.998772 0.0495516 0 -0.0495516 0.998772 0 2.57903 -0.78323</i>
                        <i>1 0 0 0 0.99213 0.12521 0 -0.12521 0.99213 0 2.57242 -0.775661</i>
                        <i>1 0 0 0 0.996071 0.0885605 0 -0.0885605 0.996071 0 2.55524 -0.782361</i>
                        <i>1 0 0 0 0.998589 0.0530961 0 -0.0530961 0.998589 0 2.52685 -0.802765</i>
                        <i>1 0 0 0 0.999182 0.0404395 0 -0.0404395 0.999182 0 2.49936 -0.824701</i>
                        <i>1 0 0 0 0.999034 0.0439539 0 -0.0439539 0.999034 0 2.48559 -0.836461</i>
                        <i>1 0 0 0 0.998163 0.0605899 0 -0.0605899 0.998163 0 2.48825 -0.836264</i>
                        <i>1 0 0 0 0.996826 0.0796124 0 -0.0796124 0.996826 0 2.49884 -0.831313</i>
                        <i>1 0 0 0 0.996296 0.0859903 0 -0.0859903 0.996296 0 2.51374 -0.823646</i>
                        <i>1 0 0 0 0.995677 0.0928865 0 -0.0928865 0.995677 0 2.52934 -0.815313</i>
                        <i>1 0 0 0 0.995129 0.0985793 0 -0.0985793 0.995129 0 2.54208 -0.808401</i>
                        <i>1 0 0 0 0.994851 0.101351 0 -0.101351 0.994851 0 2.54848 -0.805025</i>
                        <i>1 0 0 0 0.99483 0.101552 0 -0.101552 0.99483 0 2.54931 -0.804779</i>
                        <i>1 0 0 0 0.994905 0.100821 0 -0.100821 0.994905 0 2.54802 -0.80567</i>
                        <i>1 0 0 0 0.99505 0.0993729 0 -0.0993729 0.99505 0 2.54508 -0.807435</i>
                        <i>1 0 0 0 0.995243 0.0974209 0 -0.0974209 0.995243 0 2.54098 -0.80981</i>
                        <i>1 0 0 0 0.99546 0.0951799 0 -0.0951799 0.99546 0 2.53618 -0.812532</i>
                        <i>1 0 0 0 0.995679 0.0928646 0 -0.0928646 0.995679 0 2.53118 -0.81534</i>
                        <i>1 0 0 0 0.995879 0.0906895 0 -0.0906895 0.995879 0 2.52644 -0.817973</i>
                        <i>1 0 0 0 0.996043 0.0888696 0 -0.0888696 0.996043 0 2.52246 -0.820173</i>
                        <i>1 0 0 0 0.996154 0.08762 0 -0.08762 0.996154 0 2.51971 -0.821681</i>
                        <i>1 0 0 0 0.996195 0.0871557 0 -0.0871557 0.996195 0 2.51869 -0.822241</i>
                        <i>1 0 0 0 0.996198 0.0871184 0 -0.0871184 0.996198 0 2.51871 -0.822286</i>
                        <i>1 0 0 0 0.996207 0.0870136 0 -0.0870136 0.996207 0 2.51879 -0.822413</i>
                        <i>1 0 0 0 0.996221 0.0868519 0 -0.0868519 0.996221 0 2.51891 -0.822608</i>
                        <i>1 0 0 0 0.996239 0.086644 0 -0.086644 0.996239 0 2.51907 -0.822858</i>
                        <i>1 0 0 0 0.99626 0.0864006 0 -0.0864006 0.99626 0 2.51925 -0.823152</i>
                        <i>1 0 0 0 0.996284 0.0861323 0 -0.0861323 0.996284 0 2.51945 -0.823475</i>
                        <i>1 0 0 0 0.996308 0.0858497 0 -0.0858497 0.996308 0 2.51966 -0.823816</i>
                        <i>1 0 0 0 0.996333 0.0855636 0 -0.0855636 0.996333 0 2.51987 -0.82416</i>
                        <i>1 0 0 0 0.996357 0.0852847 0 -0.0852847 0.996357 0 2.52008 -0.824497</i>
                        <i>1 0 0 0 0.996379 0.0850234 0 -0.0850234 0.996379 0 2.52027 -0.824811</i>
                        <i>1 0 0 0 0.996399 0.0847906 0 -0.0847906 0.996399 0 2.52044 -0.825091</i>
                        <i>1 0 0 0 0.996415 0.0845969 0 -0.0845969 0.996415 0 2.52059 -0.825325</i>
                        <i>1 0 0 0 0.996427 0.084453 0 -0.084453 0.996427 0 2.52069 -0.825498</i>
                        <i>1 0 0 0 0.996435 0.0843694 0 -0.0843694 0.996435 0 2.52076 -0.825598</i>
                        <i>1 0 0 0 0.996436 0.084357 0 -0.084357 0.996436 0 2.52076 -0.825613</i>
                        <i>1 0 0 0 0.99643 0.0844263 0 -0.0844263 0.99643 0 2.52071 -0.82553</i>
                        <i>1 0 0 0 0.996416 0.084588 0 -0.084588 0.996416 0 2.52059 -0.825335</i>
                        <i>1 0 0 0 0.996394 0.0848528 0 -0.0848528 0.996394 0 2.5204 -0.825017</i>
                        <i>1 0 0 0 0.996361 0.0852313 0 -0.0852313 0.996361 0 2.52012 -0.824561</i>
                        <i>1 0 0 0 0.996318 0.0857342 0 -0.0857342 0.996318 0 2.51974 -0.823955</i>
                        <i>1 0 0 0 0.996263 0.0863722 0 -0.0863722 0.996263 0 2.51927 -0.823186</i>
                        <i>1 0 0 0 0.996195 0.0871557 0 -0.0871557 0.996195 0 2.51869 -0.822241</i>
                        <i>1 0 0 0 0.995839 0.0911323 0 -0.0911323 0.995839 0 2.51572 -0.817437</i>
                        <i>1 0 0 0 0.995111 0.098759 0 -0.098759 0.995111 0 2.50997 -0.808182</i>
                        <i>1 0 0 0 0.995458 0.0952064 0 -0.0952064 0.995458 0 2.50431 -0.799143</i>
                        <i>1 0 0 0 0.997706 0.0676976 0 -0.0676976 0.997706 0 2.50175 -0.795067</i>
                        <i>1 0 0 0 0.999819 0.0190529 0 -0.0190529 0.999819 0 2.50249 -0.796243</i>
                        <i>1 0 0 0 0.998994 -0.0448418 0 0.0448418 0.998994 0 2.50443 -0.79934</i>
                        <i>1 0 0 0 0.992771 -0.12002 0 0.12002 0.992771 0 2.50717 -0.803709</i>
                        <i>1 0 0 0 0.979338 -0.202229 0 0.202229 0.979338 0 2.51029 -0.808705</i>
                        <i>1 0 0 0 0.957914 -0.287056 0 0.287056 0.957914 0 2.51339 -0.813687</i>
                        <i>1 0 0 0 0.928964 -0.370171 0 0.370171 0.928964 0 2.51608 -0.818022</i>
                        <i>1 0 0 0 0.894232 -0.447605 0 0.447605 0.894232 0 2.51797 -0.821082</i>
                        <i>1 0 0 0 0.856599 -0.515982 0 0.515982 0.856599 0 2.51869 -0.822241</i>
                        <i>1 0 0 0 0.819152 -0.573576 0 0.573576 0.819152 0 2.51869 -0.822241</i>
                    </KeyFrames>
                </p>
            </i>
            <i>
                <p>
                    <Name><![CDATA[back]]></Name>
                    <Exclude>0</Exclude>
                    <Additive>0</Additive>
                    <IKPriority>0</IKPriority>
                    <IKRotLimits>-1e+010 -1e+010 -1e+010 1e+010 1e+010 1e+010</IKRotLimits>
                    <IKRotLimitOrder>0</IKRotLimitOrder>
                    <KeyFrames count="66">
                        <i>1 0 0 0 0.819152 -0.573576 0 0.573576 0.819152 0 2.64273 -1.84104</i>
                        <i>1 0 0 0 0.839031 -0.544084 0 0.544084 0.839031 0 2.71191 -1.87664</i>
                        <i>1 0 0 0 0.865575 -0.50078 0 0.50078 0.865575 0 2.78461 -1.88934</i>
                        <i>1 0 0 0 0.901228 -0.433344 0 0.433344 0.901228 0 2.86586 -1.86279</i>
                        <i>1 0 0 0 0.933207 -0.359338 0 0.359338 0.933207 0 2.94858 -1.8238</i>
                        <i>1 0 0 0 0.959932 -0.280234 0 0.280234 0.959932 0 3.03023 -1.7738</i>
                        <i>1 0 0 0 0.980245 -0.197788 0 0.197788 0.980245 0 3.10835 -1.71477</i>
                        <i>1 0 0 0 0.993485 -0.113964 0 0.113964 0.993485 0 3.18079 -1.64925</i>
                        <i>1 0 0 0 0.999525 -0.0308281 0 0.0308281 0.999525 0 3.24578 -1.58037</i>
                        <i>1 0 0 0 0.998772 0.0495516 0 -0.0495516 0.998772 0 3.30199 -1.5117</i>
                        <i>1 0 0 0 0.99213 0.12521 0 -0.12521 0.99213 0 3.34857 -1.44716</i>
                        <i>1 0 0 0 0.996071 0.0885605 0 -0.0885605 0.996071 0 3.30613 -1.48201</i>
                        <i>1 0 0 0 0.998589 0.0530961 0 -0.0530961 0.998589 0 3.25239 -1.52867</i>
                        <i>1 0 0 0 0.999182 0.0404395 0 -0.0404395 0.999182 0 3.21564 -1.55974</i>
                        <i>1 0 0 0 0.999034 0.0439539 0 -0.0439539 0.999034 0 3.20445 -1.56897</i>
                        <i>1 0 0 0 0.998163 0.0605899 0 -0.0605899 0.998163 0 3.21922 -1.5567</i>
                        <i>1 0 0 0 0.996826 0.0796124 0 -0.0796124 0.996826 0 3.24341 -1.53768</i>
                        <i>1 0 0 0 0.996296 0.0859903 0 -0.0859903 0.996296 0 3.26281 -1.52523</i>
                        <i>1 0 0 0 0.995677 0.0928865 0 -0.0928865 0.995677 0 3.28325 -1.5117</i>
                        <i>1 0 0 0 0.995129 0.0985793 0 -0.0985793 0.995129 0 3.29997 -1.50046</i>
                        <i>1 0 0 0 0.994851 0.101351 0 -0.101351 0.994851 0 3.30829 -1.49497</i>
                        <i>1 0 0 0 0.99483 0.101552 0 -0.101552 0.99483 0 3.30926 -1.49457</i>
                        <i>1 0 0 0 0.994905 0.100821 0 -0.100821 0.994905 0 3.30746 -1.49602</i>
                        <i>1 0 0 0 0.99505 0.0993729 0 -0.0993729 0.99505 0 3.30352 -1.49889</i>
                        <i>1 0 0 0 0.995243 0.0974209 0 -0.0974209 0.995243 0 3.29806 -1.50275</i>
                        <i>1 0 0 0 0.99546 0.0951799 0 -0.0951799 0.99546 0 3.2917 -1.50718</i>
                        <i>1 0 0 0 0.995679 0.0928646 0 -0.0928646 0.995679 0 3.28507 -1.51174</i>
                        <i>1 0 0 0 0.995879 0.0906895 0 -0.0906895 0.995879 0 3.27882 -1.51602</i>
                        <i>1 0 0 0 0.996043 0.0888696 0 -0.0888696 0.996043 0 3.27355 -1.51959</i>
                        <i>1 0 0 0 0.996154 0.08762 0 -0.08762 0.996154 0 3.26993 -1.52204</i>
                        <i>1 0 0 0 0.996195 0.0871557 0 -0.0871557 0.996195 0 3.26858 -1.52295</i>
                        <i>1 0 0 0 0.996198 0.0871184 0 -0.0871184 0.996198 0 3.26858 -1.52302</i>
                        <i>1 0 0 0 0.996207 0.0870136 0 -0.0870136 0.996207 0 3.26859 -1.52323</i>
                        <i>1 0 0 0 0.996221 0.0868519 0 -0.0868519 0.996221 0 3.26859 -1.52355</i>
                        <i>1 0 0 0 0.996239 0.086644 0 -0.086644 0.996239 0 3.2686 -1.52395</i>
                        <i>1 0 0 0 0.99626 0.0864006 0 -0.0864006 0.99626 0 3.26861 -1.52443</i>
                        <i>1 0 0 0 0.996284 0.0861323 0 -0.0861323 0.996284 0 3.26862 -1.52495</i>
                        <i>1 0 0 0 0.996308 0.0858497 0 -0.0858497 0.996308 0 3.26863 -1.52551</i>
                        <i>1 0 0 0 0.996333 0.0855636 0 -0.0855636 0.996333 0 3.26864 -1.52607</i>
                        <i>1 0 0 0 0.996357 0.0852847 0 -0.0852847 0.996357 0 3.26865 -1.52661</i>
                        <i>1 0 0 0 0.996379 0.0850234 0 -0.0850234 0.996379 0 3.26866 -1.52712</i>
                        <i>1 0 0 0 0.996399 0.0847906 0 -0.0847906 0.996399 0 3.26867 -1.52758</i>
                        <i>1 0 0 0 0.996415 0.0845969 0 -0.0845969 0.996415 0 3.26868 -1.52796</i>
                        <i>1 0 0 0 0.996427 0.084453 0 -0.084453 0.996427 0 3.26868 -1.52824</i>
                        <i>1 0 0 0 0.996435 0.0843694 0 -0.0843694 0.996435 0 3.26869 -1.5284</i>
                        <i>1 0 0 0 0.996436 0.084357 0 -0.084357 0.996436 0 3.26869 -1.52843</i>
                        <i>1 0 0 0 0.99643 0.0844263 0 -0.0844263 0.99643 0 3.26868 -1.52829</i>
                        <i>1 0 0 0 0.996416 0.084588 0 -0.084588 0.996416 0 3.26868 -1.52797</i>
                        <i>1 0 0 0 0.996394 0.0848528 0 -0.0848528 0.996394 0 3.26867 -1.52746</i>
                        <i>1 0 0 0 0.996361 0.0852313 0 -0.0852313 0.996361 0 3.26866 -1.52672</i>
                        <i>1 0 0 0 0.996318 0.0857342 0 -0.0857342 0.996318 0 3.26864 -1.52573</i>
                        <i>1 0 0 0 0.996263 0.0863722 0 -0.0863722 0.996263 0 3.26861 -1.52448</i>
                        <i>1 0 0 0 0.996195 0.0871557 0 -0.0871557 0.996195 0 3.26858 -1.52295</i>
                        <i>1 0 0 0 0.995839 0.0911323 0 -0.0911323 0.995839 0 3.2684 -1.51515</i>
                        <i>1 0 0 0 0.995111 0.098759 0 -0.098759 0.995111 0 3.26798 -1.5001</i>
                        <i>1 0 0 0 0.995458 0.0952064 0 -0.0952064 0.995458 0 3.25985 -1.49377</i>
                        <i>1 0 0 0 0.997706 0.0676976 0 -0.0676976 0.997706 0 3.23782 -1.51028</i>
                        <i>1 0 0 0 0.999819 0.0190529 0 -0.0190529 0.999819 0 3.20288 -1.54643</i>
                        <i>1 0 0 0 0.998994 -0.0448418 0 0.0448418 0.998994 0 3.15548 -1.59273</i>
                        <i>1 0 0 0 0.992771 -0.12002 0 0.12002 0.992771 0 3.09656 -1.64392</i>
                        <i>1 0 0 0 0.979338 -0.202229 0 0.202229 0.979338 0 3.02771 -1.69505</i>
                        <i>1 0 0 0 0.957914 -0.287056 0 0.287056 0.957914 0 2.95135 -1.74187</i>
                        <i>1 0 0 0 0.928964 -0.370171 0 0.370171 0.928964 0 2.87073 -1.78112</i>
                        <i>1 0 0 0 0.894232 -0.447605 0 0.447605 0.894232 0 2.78969 -1.81078</i>
                        <i>1 0 0 0 0.856599 -0.515982 0 0.515982 0.856599 0 2.71239 -1.83012</i>
                        <i>1 0 0 0 0.819152 -0.573576 0 0.573576 0.819152 0 2.64273 -1.84104</i>
                    </KeyFrames>
                </p>
            </i>
            <i>
                <p>
                    <Name><![CDATA[barrel]]></Name>
                    <Exclude>0</Exclude>
                    <Additive>0</Additive>
                    <IKPriority>0</IKPriority>
                    <IKRotLimits>-1e+010 -1e+010 -1e+010 1e+010 1e+010 1e+010</IKRotLimits>
                    <IKRotLimitOrder>0</IKRotLimitOrder>
                    <KeyFrames count="66">
                        <i>1 0 0 0 0.819152 -0.573576 0 0.573576 0.819152 0 3.18195 -1.2049</i>
                        <i>1 0 0 0 0.839031 -0.544084 0 0.544084 0.839031 0 3.22816 -1.22174</i>
                        <i>1 0 0 0 0.865575 -0.50078 0 0.50078 0.865575 0 3.26695 -1.20907</i>
                        <i>1 0 0 0 0.901228 -0.433344 0 0.433344 0.901228 0 3.29494 -1.14772</i>
                        <i>1 0 0 0 0.933207 -0.359338 0 0.359338 0.933207 0 3.31867 -1.0765</i>
                        <i>1 0 0 0 0.959932 -0.280234 0 0.280234 0.959932 0 3.33668 -0.99823</i>
                        <i>1 0 0 0 0.980245 -0.197788 0 0.197788 0.980245 0 3.34791 -0.915992</i>
                        <i>1 0 0 0 0.993485 -0.113964 0 0.113964 0.993485 0 3.35176 -0.833042</i>
                        <i>1 0 0 0 0.999525 -0.0308281 0 0.0308281 0.999525 0 3.34817 -0.752759</i>
                        <i>1 0 0 0 0.998772 0.0495516 0 -0.0495516 0.998772 0 3.33758 -0.678539</i>
                        <i>1 0 0 0 0.99213 0.12521 0 -0.12521 0.99213 0 3.32083 -0.613703</i>
                        <i>1 0 0 0 0.996071 0.0885605 0 -0.0885605 0.996071 0 3.30912 -0.648096</i>
                        <i>1 0 0 0 0.998589 0.0530961 0 -0.0530961 0.998589 0 3.28502 -0.695383</i>
                        <i>1 0 0 0 0.999182 0.0404395 0 -0.0404395 0.999182 0 3.25883 -0.726934</i>
                        <i>1 0 0 0 0.999034 0.0439539 0 -0.0439539 0.999034 0 3.24471 -0.736023</i>
                        <i>1 0 0 0 0.998163 0.0605899 0 -0.0605899 0.998163 0 3.2456 -0.723194</i>
                        <i>1 0 0 0 0.996826 0.0796124 0 -0.0796124 0.996826 0 3.25389 -0.703823</i>
                        <i>1 0 0 0 0.996296 0.0859903 0 -0.0859903 0.996296 0 3.26796 -0.691326</i>
                        <i>1 0 0 0 0.995677 0.0928865 0 -0.0928865 0.995677 0 3.28262 -0.677775</i>
                        <i>1 0 0 0 0.995129 0.0985793 0 -0.0985793 0.995129 0 3.29457 -0.666556</i>
                        <i>1 0 0 0 0.994851 0.101351 0 -0.101351 0.994851 0 3.30056 -0.661084</i>
                        <i>1 0 0 0 0.99483 0.101552 0 -0.101552 0.99483 0 3.30136 -0.660687</i>
                        <i>1 0 0 0 0.994905 0.100821 0 -0.100821 0.994905 0 3.30018 -0.66213</i>
                        <i>1 0 0 0 0.99505 0.0993729 0 -0.0993729 0.99505 0 3.29745 -0.66499</i>
                        <i>1 0 0 0 0.995243 0.0974209 0 -0.0974209 0.995243 0 3.29363 -0.668841</i>
                        <i>1 0 0 0 0.99546 0.0951799 0 -0.0951799 0.99546 0 3.28915 -0.673259</i>
                        <i>1 0 0 0 0.995679 0.0928646 0 -0.0928646 0.995679 0 3.28446 -0.677818</i>
                        <i>1 0 0 0 0.995879 0.0906895 0 -0.0906895 0.995879 0 3.28003 -0.682096</i>
                        <i>1 0 0 0 0.996043 0.0888696 0 -0.0888696 0.996043 0 3.27629 -0.685673</i>
                        <i>1 0 0 0 0.996154 0.08762 0 -0.08762 0.996154 0 3.27371 -0.688128</i>
                        <i>1 0 0 0 0.996195 0.0871557 0 -0.0871557 0.996195 0 3.27275 -0.689039</i>
                        <i>1 0 0 0 0.996198 0.0871184 0 -0.0871184 0.996198 0 3.27278 -0.689112</i>
                        <i>1 0 0 0 0.996207 0.0870136 0 -0.0870136 0.996207 0 3.27287 -0.689318</i>
                        <i>1 0 0 0 0.996221 0.0868519 0 -0.0868519 0.996221 0 3.27302 -0.689636</i>
                        <i>1 0 0 0 0.996239 0.086644 0 -0.086644 0.996239 0 3.2732 -0.690044</i>
                        <i>1 0 0 0 0.99626 0.0864006 0 -0.0864006 0.99626 0 3.27341 -0.690521</i>
                        <i>1 0 0 0 0.996284 0.0861323 0 -0.0861323 0.996284 0 3.27365 -0.691048</i>
                        <i>1 0 0 0 0.996308 0.0858497 0 -0.0858497 0.996308 0 3.27389 -0.691602</i>
