<?xml version="1.0" encoding="ISO-8859-1" ?>
<Animl Version="1">
    <ModellingPackage>
        <![CDATA[Maya.2010]]>
</ModellingPackage>
    <SrcFile>
        <![CDATA[anims\turrets\howitzer\allied\~src\lvl1\brithow_lvl1_fire.mb]]>
</SrcFile>
    <FramesPerSecond>30</FramesPerSecond>
    <TotalFrames>50</TotalFrames>
    <Skeleton>
        <RefFrame>
            <Name>
                <![CDATA[brithow1_ref_frame]]>
</Name>
            <Exclude>1</Exclude>
            <Additive>0</Additive>
            <KeyFrames count="50">
                <i>1 0 0 0 1 0 0 0 1 0 0 0</i>
                <i>1 0 0 0 1 0 0 0 1 0 0 0</i>
                <i>1 0 0 0 1 0 0 0 1 0 0 0</i>
                <i>1 0 0 0 1 0 0 0 1 0 0 0</i>
                <i>1 0 0 0 1 0 0 0 1 0 0 0</i>
                <i>1 0 0 0 1 0 0 0 1 0 0 0</i>
                <i>1 0 0 0 1 0 0 0 1 0 0 0</i>
                <i>1 0 0 0 1 0 0 0 1 0 0 0</i>
                <i>1 0 0 0 1 0 0 0 1 0 0 0</i>
                <i>1 0 0 0 1 0 0 0 1 0 0 0</i>
                <i>1 0 0 0 1 0 0 0 1 0 0 0</i>
                <i>1 0 0 0 1 0 0 0 1 0 0 0</i>
                <i>1 0 0 0 1 0 0 0 1 0 0 0</i>
                <i>1 0 0 0 1 0 0 0 1 0 0 0</i>
                <i>1 0 0 0 1 0 0 0 1 0 0 0</i>
                <i>1 0 0 0 1 0 0 0 1 0 0 0</i>
                <i>1 0 0 0 1 0 0 0 1 0 0 0</i>
                <i>1 0 0 0 1 0 0 0 1 0 0 0</i>
                <i>1 0 0 0 1 0 0 0 1 0 0 0</i>
                <i>1 0 0 0 1 0 0 0 1 0 0 0</i>
                <i>1 0 0 0 1 0 0 0 1 0 0 0</i>
                <i>1 0 0 0 1 0 0 0 1 0 0 0</i>
                <i>1 0 0 0 1 0 0 0 1 0 0 0</i>
                <i>1 0 0 0 1 0 0 0 1 0 0 0</i>
                <i>1 0 0 0 1 0 0 0 1 0 0 0</i>
                <i>1 0 0 0 1 0 0 0 1 0 0 0</i>
                <i>1 0 0 0 1 0 0 0 1 0 0 0</i>
                <i>1 0 0 0 1 0 0 0 1 0 0 0</i>
                <i>1 0 0 0 1 0 0 0 1 0 0 0</i>
                <i>1 0 0 0 1 0 0 0 1 0 0 0</i>
                <i>1 0 0 0 1 0 0 0 1 0 0 0</i>
                <i>1 0 0 0 1 0 0 0 1 0 0 0</i>
                <i>1 0 0 0 1 0 0 0 1 0 0 0</i>
                <i>1 0 0 0 1 0 0 0 1 0 0 0</i>
                <i>1 0 0 0 1 0 0 0 1 0 0 0</i>
                <i>1 0 0 0 1 0 0 0 1 0 0 0</i>
                <i>1 0 0 0 1 0 0 0 1 0 0 0</i>
                <i>1 0 0 0 1 0 0 0 1 0 0 0</i>
                <i>1 0 0 0 1 0 0 0 1 0 0 0</i>
                <i>1 0 0 0 1 0 0 0 1 0 0 0</i>
                <i>1 0 0 0 1 0 0 0 1 0 0 0</i>
                <i>1 0 0 0 1 0 0 0 1 0 0 0</i>
                <i>1 0 0 0 1 0 0 0 1 0 0 0</i>
                <i>1 0 0 0 1 0 0 0 1 0 0 0</i>
                <i>1 0 0 0 1 0 0 0 1 0 0 0</i>
                <i>1 0 0 0 1 0 0 0 1 0 0 0</i>
                <i>1 0 0 0 1 0 0 0 1 0 0 0</i>
                <i>1 0 0 0 1 0 0 0 1 0 0 0</i>
                <i>1 0 0 0 1 0 0 0 1 0 0 0</i>
                <i>1 0 0 0 1 0 0 0 1 0 0 0</i>
            </KeyFrames>
        </RefFrame>
        <Bones count="7">
            <i>
                <p>
                    <Name>
                        <![CDATA[root]]>
</Name>
                    <Exclude>0</Exclude>
                    <Additive>0</Additive>
                    <KeyFrames count="50">
                        <i>1 0 9.08184e-005 0 1 0 -9.08184e-005 0 1 0 0 0</i>
                        <i>1 0 9.08184e-005 0 1 0 -9.08184e-005 0 1 0 0 0</i>
                        <i>1 0 9.08184e-005 0 1 0 -9.08184e-005 0 1 0 0 0</i>
                        <i>1 4.23516e-022 9.08184e-005 4.58224e-006 0.998726 -0.050455 -9.07027e-005 0.050455 0.998726 0 0.375919 -0.166817</i>
                        <i>1 0 9.08184e-005 9.37287e-006 0.99466 -0.103205 -9.03334e-005 0.103205 0.99466 0 0.787963 -0.357898</i>
                        <i>1 0 9.08184e-005 1.41373e-005 0.98781 -0.155665 -8.97113e-005 0.155665 0.98781 0 1.12776 -0.555045</i>
                        <i>0.999993 -0.00284667 -0.00244944 0.00228316 0.978695 -0.205306 0.0029817 0.205299 0.978695 0 1.28693 -0.74006</i>
                        <i>0.999999 -0.000965194 -0.000374896 0.000841001 0.96832 -0.249712 0.000604039 0.249711 0.96832 0 1.32154 -0.894744</i>
                        <i>0.999998 0.000916296 0.00169965 -0.000390732 0.958049 -0.286603 -0.00189096 0.286602 0.958048 0 1.35402 -1.0009</i>
                        <i>0.999998 -0.0010472 -0.00188494 0.000415969 0.951421 -0.307891 0.00211579 0.30789 0.95142 0 1.37559 -1.04033</i>
                        <i>0.999994 0.00356796 -0.000347965 -0.0034996 0.950546 -0.310564 -0.000777325 0.310564 0.950552 0 1.37745 -1.04033</i>
                        <i>0.999966 0.00818304 0.00118901 -0.00745017 0.953971 -0.299805 -0.0035876 0.299786 0.954 0 1.35083 -1.04033</i>
                        <i>0.999998 -0.00209439 -0.000529899 0.00185857 0.959055 -0.283212 0.00110136 0.283211 0.959057 0 1.28693 -1.04033</i>
                        <i>0.999996 0.00287979 0.000472798 -0.00265134 0.964202 -0.265156 -0.00121947 0.265154 0.964205 0 1.16204 -1.04033</i>
                        <i>0.999999 -0.001309 -0.00110287 0.000997708 0.969312 -0.245831 0.00139082 0.24583 0.969312 0 0.972641 -1.04033</i>
                        <i>0.999998 0.00123215 0.00142775 -0.000878563 0.974257 -0.225436 -0.00166876 0.225435 0.974257 0 0.740232 -1.02778</i>
                        <i>1 -0.000637318 9.08184e-005 0.000642435 0.978933 -0.204179 4.12217e-005 0.204179 0.978934 0 0.48632 -0.992507</i>
                        <i>1 -1.69407e-021 9.08184e-005 1.65534e-005 0.983249 -0.182269 -8.9297e-005 0.182269 0.983249 0 0.232408 -0.938055</i>
                        <i>1 0 9.08184e-005 1.45242e-005 0.987129 -0.159925 -8.96494e-005 0.159925 0.987129 0 0 -0.867975</i>
                        <i>1 0 9.08184e-005 1.24756e-005 0.99052 -0.137369 -8.99574e-005 0.137369 0.99052 0 0.0642001 -0.785818</i>
                        <i>1 0 9.08184e-005 1.04281e-005 0.993386 -0.114824 -9.02177e-005 0.114824 0.993386 0 0.135158 -0.695135</i>
                        <i>1 8.47033e-022 9.08184e-005 8.40249e-006 0.995711 -0.0925198 -9.04288e-005 0.0925198 0.995711 0 0.1926 -0.599476</i>
                        <i>1 0 9.08184e-005 6.41944e-006 0.997499 -0.0706844 -9.05912e-005 0.0706844 0.997499 0 0.216253 -0.502391</i>
                        <i>1 0 9.08184e-005 4.49981e-006 0.998772 -0.0495473 -9.07068e-005 0.0495473 0.998772 0 0.1926 -0.40743</i>
                        <i>1 0 9.08184e-005 2.66434e-006 0.99957 -0.029337 -9.07793e-005 0.029337 0.99957 0 0.135158 -0.318145</i>
                        <i>1 -5.29396e-023 9.08184e-005 9.33627e-007 0.999947 -0.0102802 -9.08136e-005 0.0102802 0.999947 0 0.0642 -0.238084</i>
                        <i>1 0 9.08184e-005 -6.71929e-007 0.999973 0.0073986 -9.08159e-005 -0.0073986 0.999973 0 0 -0.170799</i>
                        <i>1 -1.05879e-022 9.08184e-005 -1.19198e-006 0.999914 0.0131248 -9.08105e-005 -0.0131248 0.999914 0 0.0497974 -0.119839</i>
                        <i>1 5.29396e-023 9.08184e-005 -5.38572e-007 0.999982 0.00593021 -9.08168e-005 -0.00593021 0.999982 0 0.0995946 -0.0832774</i>
                        <i>1 0 9.08184e-005 0 1 0 -9.08184e-005 0 1 0 0.12223 -0.0559401</i>
                        <i>1 3.30872e-024 9.08184e-005 4.18667e-008 1 -0.000460994 -9.08183e-005 0.000460994 1 0 0.0905407 -0.0365095</i>
                        <i>1 -6.61744e-024 9.08184e-005 6.61598e-008 1 -0.000728485 -9.08183e-005 0.000728485 1 0 0.0316891 -0.0236677</i>
                        <i>1 0 9.08184e-005 7.59803e-008 1 -0.000836619 -9.08183e-005 0.000836619 1 0 0 -0.016097</i>
                        <i>1 -6.61744e-024 9.08184e-005 7.44297e-008 1 -0.000819545 -9.08183e-005 0.000819545 1 0 0 -0.0124797</i>
                        <i>1 0 9.08184e-005 6.46091e-008 1 -0.000711411 -9.08183e-005 0.000711411 1 0 0 -0.0114979</i>
                        <i>1 3.30872e-024 9.08184e-005 4.96198e-008 1 -0.000546363 -9.08183e-005 0.000546363 1 0 0 -0.0118338</i>
                        <i>1 3.30872e-024 9.08184e-005 3.2563e-008 1 -0.000358551 -9.08184e-005 0.000358551 1 0 0 -0.0121698</i>
                        <i>1 1.65436e-024 9.08184e-005 1.654e-008 1 -0.000182121 -9.08184e-005 0.000182121 1 0 0 -0.011188</i>
                        <i>1 0 9.08184e-005 4.65188e-009 1 -5.12218e-005 -9.08184e-005 5.12218e-005 1 0 0 -0.00757069</i>
                        <i>1 0 9.08184e-005 0 1 0 -9.08184e-005 0 1 0 0 0</i>
                        <i>1 0 9.08184e-005 0 1 0 -9.08184e-005 0 1 0 0 0</i>
                        <i>1 0 9.08184e-005 0 1 0 -9.08184e-005 0 1 0 0 0</i>
                        <i>1 0 9.08184e-005 0 1 0 -9.08184e-005 0 1 0 0 0</i>
                        <i>1 0 9.08184e-005 0 1 0 -9.08184e-005 0 1 0 0 0</i>
                        <i>1 0 9.08184e-005 0 1 0 -9.08184e-005 0 1 0 0 0</i>
                        <i>1 0 9.08184e-005 0 1 0 -9.08184e-005 0 1 0 0 0</i>
                        <i>1 0 9.08184e-005 0 1 0 -9.08184e-005 0 1 0 0 0</i>
                        <i>1 0 9.08184e-005 0 1 0 -9.08184e-005 0 1 0 0 0</i>
                        <i>1 0 9.08184e-005 0 1 0 -9.08184e-005 0 1 0 0 0</i>
                        <i>1 0 9.08184e-005 0 1 0 -9.08184e-005 0 1 0 0 0</i>
                    </KeyFrames>
                </p>
            </i>
            <i>
                <p>
                    <Name>
                        <![CDATA[wheel_axle]]>
</Name>
                    <Exclude>0</Exclude>
                    <Additive>0</Additive>
                    <KeyFrames count="50">
                        <i>1 0 9.08184e-005 0 1 0 -9.08184e-005 0 1 -5.28245e-012 1.5 5.8165e-008</i>
                        <i>1 0 9.08184e-005 -1.26505e-006 0.999903 0.0139295 -9.08095e-005 -0.0139295 0.999903 1.09049e-007 1.5 -0.00120074</i>
                        <i>1 0 9.08184e-005 0 1 0 -9.08184e-005 0 1 -5.28245e-012 1.5 5.8165e-008</i>
                        <i>1 4.23516e-022 9.08184e-005 1.17141e-005 0.991647 -0.128983 -9.00597e-005 0.128983 0.991647 6.39241e-006 1.87428 -0.237204</i>
                        <i>1 0 9.08184e-005 2.56076e-005 0.959425 -0.281965 -8.71334e-005 0.281965 0.959425 1.30263e-005 2.28113 -0.50133</i>
                        <i>1 0 9.08184e-005 3.82465e-005 0.907 -0.421131 -8.23722e-005 0.421131 0.907 1.95779e-005 2.6123 -0.770616</i>
                        <i>0.999993 -0.00284667 -0.00244944 0.00117838 0.857145 -0.515074 0.00356577 0.515068 0.857142 0.00349983 2.76015 -1.02337</i>
                        <i>0.999999 -0.000965194 -0.000374896 0.000576465 0.819722 -0.572761 0.000860136 0.572761 0.819722 0.00128101 2.78208 -1.23804</i>
                        <i>0.999998 0.000916296 0.00169965 0.000332001 0.785531 -0.618822 -0.00190215 0.618821 0.78553 -0.000660293 2.80234 -1.39322</i>
                        <i>0.999998 -0.0010472 -0.00188494 -0.000422404 0.762085 -0.647477 0.00211452 0.647476 0.762083 0.000720736 2.8168 -1.45865</i>
                        <i>0.999994 0.00356796 -0.000347965 -0.00291766 0.753631 -0.657291 -0.00208295 0.657288 0.753637 -0.00528948 2.81929 -1.45716</i>
                        <i>0.999966 0.00818304 0.00118901 -0.0054231 0.757549 -0.652756 -0.00624226 0.652727 0.757567 -0.0113778 2.79872 -1.43617</i>
                        <i>0.999998 -0.00209439 -0.000529899 0.00127088 0.768644 -0.639676 0.00174704 0.639674 0.768645 0.00285412 2.74256 -1.40744</i>
                        <i>0.999996 0.00287979 0.000472798 -0.00196328 0.783716 -0.621117 -0.00215922 0.621113 0.783718 -0.00405316 2.6249 -1.37786</i>
                        <i>0.999999 -0.001309 -0.00110287 0.00039222 0.802421 -0.596758 0.00166612 0.596757 0.80242 0.001557 2.43729 -1.36695</i>
                        <i>0.999998 0.00123215 0.00142775 -0.000207189 0.824256 -0.566217 -0.00187449 0.566216 0.824255 -0.0013497 2.20592 -1.34734</i>
                        <i>1 -0.000637318 9.08184e-005 0.000588865 0.848582 -0.529064 0.000260115 0.529064 0.848582 0.000964114 1.95701 -1.28782</i>
                        <i>1 -1.69407e-021 9.08184e-005 4.22076e-005 0.885443 -0.464748 -8.04145e-005 0.464748 0.885443 2.43231e-005 1.70832 -1.20588</i>
                        <i>1 0 9.08184e-005 3.29936e-005 0.931675 -0.363292 -8.46132e-005 0.363292 0.931675 2.16122e-005 1.481 -1.10595</i>
                        <i>1 0 9.08184e-005 2.20823e-005 0.969989 -0.243148 -8.80928e-005 0.243148 0.969989 1.87695e-005 1.54989 -0.992489</i>
                        <i>1 0 9.08184e-005 1.15524e-005 0.991877 -0.127204 -9.00806e-005 0.127204 0.991877 1.58792e-005 1.62494 -0.869981</i>
                        <i>1 8.47033e-022 9.08184e-005 3.66637e-006 0.999185 -0.0403703 -9.07443e-005 0.0403703 0.999185 1.27884e-005 1.68598 -0.740289</i>
                        <i>1 0 9.08184e-005 1.63783e-006 0.999837 -0.0180341 -9.08036e-005 0.0180341 0.999837 9.51755e-006 1.71259 -0.607189</i>
                        <i>1 0 9.08184e-005 3.59939e-006 0.999214 -0.0396328 -9.0747e-005 0.0396328 0.999214 6.41404e-006 1.69094 -0.478055</i>
                        <i>1 0 9.08184e-005 4.15591e-006 0.998952 -0.0457607 -9.07232e-005 0.0457607 0.998952 3.59932e-006 1.63464 -0.357777</i>
                        <i>1 -5.29396e-023 9.08184e-005 1.57202e-006 0.99985 -0.0173095 -9.08047e-005 0.0173095 0.99985 9.75553e-007 1.56417 -0.248826</i>
                        <i>1 0 9.08184e-005 -1.85274e-006 0.999792 0.0204005 -9.07995e-005 -0.0204005 0.999792 -1.43772e-006 1.49992 -0.154968</i>
                        <i>1 -1.05879e-022 9.08184e-005 -4.51333e-006 0.998764 0.0496963 -9.07061e-005 -0.0496963 0.998764 -2.21119e-006 1.54961 -0.0954918</i>
                        <i>1 5.29396e-023 9.08184e-005 -5.68079e-006 0.998042 0.0625512 -9.06405e-005 -0.0625512 0.998042 -1.22414e-006 1.59954 -0.0697985</i>
                        <i>1 0 9.08184e-005 -6.00245e-006 0.997813 0.0660929 -9.06198e-005 -0.0660929 0.997813 -4.08088e-007 1.62223 -0.0514467</i>
                        <i>1 3.30872e-024 9.08184e-005 -5.30438e-006 0.998293 0.0584064 -9.06633e-005 -0.0584064 0.998293 -3.25803e-007 1.59054 -0.0329221</i>
                        <i>1 -6.61744e-024 9.08184e-005 -3.51986e-006 0.999249 0.0387571 -9.07501e-005 -0.0387572 0.999249 -2.55877e-007 1.53169 -0.0208502</i>
                        <i>1 0 9.08184e-005 -1.45676e-006 0.999871 0.0160404 -9.08067e-005 -0.0160404 0.999871 -1.90942e-007 1.5 -0.0139946</i>
                        <i>1 -6.61744e-024 9.08184e-005 7.44297e-008 1 -0.000819545 -9.08183e-005 0.000819545 1 -9.74669e-008 1.5 -0.0114065</i>
                        <i>1 0 9.08184e-005 3.14894e-007 0.999994 -0.00346729 -9.08178e-005 0.00346729 0.999994 1.17143e-008 1.5 -0.0116269</i>
                        <i>1 3.30872e-024 9.08184e-005 4.96198e-008 1 -0.000546363 -9.08183e-005 0.000546363 1 7.44244e-008 1.5 -0.0126533</i>
                        <i>1 3.30872e-024 9.08184e-005 3.2563e-008 1 -0.000358551 -9.08184e-005 0.000358551 1 7.33407e-008 1.5 -0.0129774</i>
                        <i>1 1.65436e-024 9.08184e-005 1.654e-008 1 -0.000182121 -9.08184e-005 0.000182121 1 4.65838e-008 1.5 -0.011701</i>
                        <i>1 0 9.08184e-005 4.65188e-009 1 -5.12218e-005 -9.08184e-005 5.12218e-005 1 1.51397e-008 1.5 -0.00773739</i>
                        <i>1 0 9.08184e-005 0 1 0 -9.08184e-005 0 1 -5.28245e-012 1.5 5.8165e-008</i>
                        <i>1 0 9.08184e-005 0 1 0 -9.08184e-005 0 1 -5.28245e-012 1.5 5.8165e-008</i>
                        <i>1 0 9.08184e-005 0 1 0 -9.08184e-005 0 1 -5.28245e-012 1.5 5.8165e-008</i>
                        <i>1 0 9.08184e-005 0 1 0 -9.08184e-005 0 1 -5.28245e-012 1.5 5.8165e-008</i>
                        <i>1 0 9.08184e-005 0 1 0 -9.08184e-005 0 1 -5.28245e-012 1.5 5.8165e-008</i>
                        <i>1 0 9.08184e-005 0 1 0 -9.08184e-005 0 1 -5.28245e-012 1.5 5.8165e-008</i>
                        <i>1 0 9.08184e-005 0 1 0 -9.08184e-005 0 1 -5.28245e-012 1.5 5.8165e-008</i>
                        <i>1 0 9.08184e-005 0 1 0 -9.08184e-005 0 1 -5.28245e-012 1.5 5.8165e-008</i>
                        <i>1 0 9.08184e-005 0 1 0 -9.08184e-005 0 1 -5.28245e-012 1.5 5.8165e-008</i>
                        <i>1 0 9.08184e-005 0 1 0 -9.08184e-005 0 1 -5.28245e-012 1.5 5.8165e-008</i>
                        <i>1 0 9.08184e-005 0 1 0 -9.08184e-005 0 1 -5.28245e-012 1.5 5.8165e-008</i>
                    </KeyFrames>
                </p>
            </i>
            <i>
                <p>
                    <Name>
                        <![CDATA[angle_pivot]]>
</Name>
                    <Exclude>0</Exclude>
                    <Additive>1</Additive>
                    <KeyFrames count="50">
                        <i>-1 1.22465e-016 -9.08184e-005 -1.22465e-016 -1 -1.1122e-020 -9.08184e-005 0 1 0 1.49927 0</i>
                        <i>-1 1.22465e-016 -9.08184e-005 -1.69974e-006 -0.999825 0.0187159 -9.08024e-005 0.0187159 0.999825 0 1.49927 0</i>
                        <i>-1 1.22465e-016 -9.08184e-005 -3.52735e-006 -0.999245 0.0388396 -9.07498e-005 0.0388396 0.999245 0 1.49927 0</i>
                        <i>-1 1.22308e-016 -9.08184e-005 -9.95292e-006 -0.993977 0.109592 -9.02713e-005 0.109592 0.993977 6.87003e-006 1.87328 -0.242463</i>
                        <i>-1 1.21811e-016 -9.08184e-005 -1.64828e-005 -0.983393 0.181491 -8.93101e-005 0.181491 0.983393 1.40525e-005 2.27923 -0.512629</i>
                        <i>-1 1.20972e-016 -9.08184e-005 -2.277e-005 -0.96806 0.25072 -8.79176e-005 0.25072 0.96806 2.11956e-005 2.60875 -0.788429</i>
                        <i>-0.999993 0.00284667 0.00244944 -0.00193463 -0.949523 0.313691 0.00321878 0.313684 0.949522 0.00342307 2.75426 -1.04787</i>
                        <i>-0.999999 0.000965194 0.000374896 -0.000760125 -0.930152 0.367175 0.000703105 0.367174 0.930152 0.00126089 2.77331 -1.26913</i>
                        <i>-0.999998 -0.000916296 -0.00169965 0.000139552 -0.912227 0.409684 -0.00192586 0.409683 0.912226 -0.000585814 2.7904 -1.4306</i>
                        <i>-0.999998 0.0010472 0.00188494 -0.00012409 -0.900655 0.434535 0.00215272 0.434534 0.900653 0.00062365 2.80203 -1.50194</i>
                        <i>-0.999994 -0.00356796 0.000347965 0.00335903 -0.898659 0.438635 -0.00125233 0.438634 0.898665 -0.00524685 2.80258 -1.50595</i>
                        <i>-0.999966 -0.00818304 -0.00118901 0.00689487 -0.904509 0.426399 -0.00456471 0.426376 0.904535 -0.0111698 2.78109 -1.48982</i>
                        <i>-0.999998 0.00209439 0.000529899 -0.00170134 -0.914623 0.404304 0.00133143 0.404303 0.914624 0.0027865 2.72482 -1.46494</i>
                        <i>-0.999996 -0.00287979 -0.000472798 0.00249115 -0.926727 0.375727 -0.00152017 0.375725 0.92673 -0.00397508 2.60764 -1.43787</i>
                        <i>-0.999999 0.001309 0.00110287 -0.000860569 -0.941461 0.337121 0.0014796 0.33712 0.941461 0.00149583 2.4259 -1.4089</i>
                        <i>-0.999998 -0.00123215 -0.00142775 0.000768767 -0.957633 0.287991 -0.00172211 0.287989 0.957632 -0.0013172 2.20091 -1.36577</i>
                        <i>-1 0.000637318 -9.08184e-005 -0.000640966 -0.972585 0.232545 5.98764e-005 0.232545 0.972586 0.000963184 1.95401 -1.29863</i>
                        <i>-1 1.20415e-016 -9.08184e-005 -1.59243e-005 -0.984508 0.175342 -8.94114e-005 0.175342 0.984508 2.4818e-005 1.70656 -1.21133</i>
                        <i>-1 1.20888e-016 -9.08184e-005 -1.1008e-005 -0.992627 0.121208 -9.01488e-005 0.121208 0.992627 2.17757e-005 1.47997 -1.10775</i>
                        <i>-1 1.21304e-016 -9.08184e-005 -6.81908e-006 -0.997177 0.0750848 -9.0562e-005 0.0750848 0.997177 1.87043e-005 1.54926 -0.991771</i>
                        <i>-1 1.21655e-016 -9.08184e-005 -3.80402e-006 -0.999122 0.041886 -9.07387e-005 0.041886 0.999122 1.56346e-005 1.62451 -0.867288</i>
                        <i>-1 1.21939e-016 -9.08184e-005 -3.04005e-006 -0.99944 0.0334739 -9.07675e-005 0.0334739 0.99944 1.25976e-005 1.68544 -0.738188</i>
                        <i>-1 1.22158e-016 -9.08184e-005 -4.44914e-006 -0.998799 0.0489894 -9.07093e-005 0.0489894 0.998799 9.62449e-006 1.71177 -0.608366</i>
                        <i>-1 1.22314e-016 -9.08184e-005 -6.73517e-006 -0.997246 0.0741609 -9.05683e-005 0.0741609 0.997246 6.74643e-006 1.69003 -0.481715</i>
                        <i>-1 1.22412e-016 -9.08184e-005 -8.6043e-006 -0.995502 0.0947418 -9.04098e-005 0.0947418 0.995502 3.99457e-006 1.63378 -0.362129</i>
                        <i>-1 1.22458e-016 -9.08184e-005 -8.77014e-006 -0.995326 0.0965679 -9.03939e-005 0.0965679 0.995326 1.39976e-006 1.56339 -0.253497</i>
                        <i>-1 1.22461e-016 -9.08184e-005 -6.20541e-006 -0.997663 0.0683277 -9.06061e-005 0.0683277 0.997663 -1.0074e-006 1.49923 -0.159706</i>
                        <i>-1 1.22454e-016 -9.08184e-005 -2.73041e-006 -0.999548 0.0300646 -9.07773e-005 0.0300646 0.999548 -1.78709e-006 1.54894 -0.100161</i>
                        <i>-1 1.22462e-016 -9.08184e-005 -6.54686e-009 -1 7.20879e-005 -9.08184e-005 7.20879e-005 1 -8.07466e-007 1.59884 -0.0743864</i>
                        <i>-1 1.22465e-016 -9.08184e-005 1.67788e-006 -0.999829 -0.0184751 -9.08029e-005 -0.0184751 0.999829 1.61326e-021 1.6215 -0.0559401</i>
                        <i>-1 1.22465e-016 -9.08184e-005 1.73669e-006 -0.999817 -0.0191226 -9.08017e-005 -0.0191226 0.999817 6.27695e-008 1.58981 -0.0372006</i>
                        <i>-1 1.22465e-016 -9.08184e-005 6.92652e-007 -0.999971 -0.00762678 -9.08157e-005 -0.00762678 0.999971 9.91915e-008 1.53096 -0.0247599</i>
                        <i>-1 1.22465e-016 -9.08184e-005 -7.59803e-008 -1 0.000836619 -9.08183e-005 0.000836619 1 1.13915e-007 1.49927 -0.0173513</i>
                        <i>-1 1.22465e-016 -9.08184e-005 -1.97709e-007 -0.999998 0.00217698 -9.08181e-005 0.00217698 0.999998 1.1159e-007 1.49927 -0.0137084</i>
                        <i>-1 1.22465e-016 -9.08184e-005 -2.35831e-007 -0.999997 0.00259673 -9.08181e-005 0.00259673 0.999997 9.68666e-008 1.49927 -0.0125645</i>
                        <i>-1 1.22465e-016 -9.08184e-005 -2.13993e-007 -0.999997 0.00235627 -9.08181e-005 0.00235627 0.999997 7.43935e-008 1.49927 -0.012653</i>
                        <i>-1 1.22465e-016 -9.08184e-005 -1.55843e-007 -0.999999 0.00171598 -9.08182e-005 0.00171598 0.999999 4.88208e-008 1.49927 -0.0127074</i>
                        <i>-1 1.22465e-016 -9.08184e-005 -8.50288e-008 -1 0.000936251 -9.08183e-005 0.000936251 1 2.47979e-008 1.49927 -0.0114611</i>
                        <i>-1 1.22465e-016 -9.08184e-005 -2.51986e-008 -1 0.000277462 -9.08184e-005 0.000277462 1 6.97443e-009 1.49927 -0.00764748</i>
                        <i>-1 1.22465e-016 -9.08184e-005 -1.22465e-016 -1 -1.1122e-020 -9.08184e-005 0 1 0 1.49927 0</i>
                        <i>-1 1.22465e-016 -9.08184e-005 -1.22465e-016 -1 -1.1122e-020 -9.08184e-005 0 1 0 1.49927 0</i>
                        <i>-1 1.22465e-016 -9.08184e-005 -1.22465e-016 -1 -1.1122e-020 -9.08184e-005 0 1 0 1.49927 0</i>
                        <i>-1 1.22465e-016 -9.08184e-005 -1.22465e-016 -1 -1.1122e-020 -9.08184e-005 0 1 0 1.49927 0</i>
                        <i>-1 1.22465e-016 -9.08184e-005 -1.22465e-016 -1 -1.1122e-020 -9.08184e-005 0 1 0 1.49927 0</i>
                        <i>-1 1.22465e-016 -9.08184e-005 -1.22465e-016 -1 -1.1122e-020 -9.08184e-005 0 1 0 1.49927 0</i>
                        <i>-1 1.22465e-016 -9.08184e-005 -1.22465e-016 -1 -1.1122e-020 -9.08184e-005 0 1 0 1.49927 0</i>
                        <i>-1 1.22465e-016 -9.08184e-005 -1.22465e-016 -1 -1.1122e-020 -9.08184e-005 0 1 0 1.49927 0</i>
                        <i>-1 1.22465e-016 -9.08184e-005 -1.22465e-016 -1 -1.1122e-020 -9.08184e-005 0 1 0 1.49927 0</i>
                        <i>-1 1.22465e-016 -9.08184e-005 -1.22465e-016 -1 -1.1122e-020 -9.08184e-005 0 1 0 1.49927 0</i>
                        <i>-1 1.22465e-016 -9.08184e-005 -1.22465e-016 -1 -1.1122e-020 -9.08184e-005 0 1 0 1.49927 0</i>
                    </KeyFrames>
                </p>
            </i>
            <i>
                <p>
                    <Name>
                        <![CDATA[barrel]]>
</Name>
                    <Exclude>0</Exclude>
                    <Additive>1</Additive>
                    <KeyFrames count="50">
                        <i>1 0 9.08184e-005 0 1 3.5354e-028 -9.08184e-005 0 1 -9.31766e-008 1.98217 -8.46214e-012</i>
                        <i>1 -2.14531e-020 9.08184e-005 1.69974e-006 0.999825 -0.0187159 -9.08024e-005 0.0187159 0.999825 2.09035e-005 1.97793 -0.231195</i>
                        <i>1 -9.24039e-020 9.08184e-005 3.52735e-006 0.999245 -0.0388396 -9.07498e-005 0.0388396 0.999245 3.84323e-005 1.96605 -0.424203</i>
                        <i>1 -5.8123e-019 9.08184e-005 9.95292e-006 0.993977 -0.109592 -9.02713e-005 0.109592 0.993977 4.85028e-005 2.30845 -0.701906</i>
                        <i>1 -1.37988e-018 9.08184e-005 1.64828e-005 0.983393 -0.181491 -8.93101e-005 0.181491 0.983393 5.91548e-005 2.67844 -1.01028</i>
                        <i>1 -2.41871e-018 9.08184e-005 2.277e-005 0.96806 -0.25072 -8.79176e-005 0.25072 0.96806 6.96351e-005 2.96918 -1.32282</i>
                        <i>0.999993 -0.00284667 -0.00244944 0.00193463 0.949523 -0.313691 0.00321878 0.313684 0.949522 0.0029524 3.07588 -1.61376</i>
                        <i>0.999999 -0.000965194 -0.000374896 0.000760125 0.930152 -0.367175 0.000703105 0.367174 0.930152 0.00131655 3.05991 -1.85827</i>
                        <i>0.999998 0.000916296 0.00169965 -0.000139552 0.912227 -0.409684 -0.00192586 0.409683 0.912226 0.000200391 3.04931 -2.0328</i>
                        <i>0.999998 -0.0010472 -0.00188494 0.00012409 0.900655 -0.434535 0.00215272 0.434534 0.900653 -0.000253751 3.04777 -2.1039</i>
                        <i>0.999994 0.00356796 -0.000347965 -0.00335903 0.898659 -0.438635 -0.00125233 0.438634 0.898665 -0.00634752 3.05389 -2.09198</i>
                        <i>0.999966 0.00818304 0.00118901 -0.00689487 0.904509 -0.426399 -0.00456471 0.426376 0.904535 -0.0127689 3.05624 -2.03864</i>
                        <i>0.999998 -0.00209439 -0.000529899 0.00170134 0.914623 -0.404304 0.00133143 0.404303 0.914624 0.00317817 3.03597 -1.95544</i>
                        <i>0.999996 0.00287979 0.000472798 -0.00249115 0.926727 -0.375727 -0.00152017 0.375725 0.92673 -0.0047906 2.95937 -1.85557</i>
                        <i>0.999999 -0.001309 -0.00110287 0.000860569 0.941461 -0.337121 0.0014796 0.33712 0.941461 0.00164077 2.81889 -1.74383</i>
                        <i>0.999998 0.00123215 0.00142775 -0.000768767 0.957633 -0.287991 -0.00172211 0.287989 0.957632 -0.00149234 2.63054 -1.61394</i>
                        <i>1 -0.000637318 9.08184e-005 0.000640966 0.972585 -0.232545 5.98764e-005 0.232545 0.972586 0.00126929 2.41075 -1.46495</i>
                        <i>1 1.52477e-019 9.08184e-005 1.59243e-005 0.984508 -0.175342 -8.94114e-005 0.175342 0.984508 3.37665e-005 2.17933 -1.31088</i>
                        <i>1 6.73314e-019 9.08184e-005 1.1008e-005 0.992627 -0.121208 -9.01488e-005 0.121208 0.992627 2.69982e-005 1.95931 -1.16628</i>
                        <i>1 8.15269e-019 9.08184e-005 6.81908e-006 0.997177 -0.0750848 -9.0562e-005 0.0750848 0.997177 2.1904e-005 2.03079 -1.02803</i>
                        <i>1 7.02532e-019 9.08184e-005 3.80402e-006 0.999122 -0.041886 -9.07387e-005 0.041886 0.999122 1.73784e-005 2.10699 -0.887515</i>
                        <i>1 4.57484e-019 9.08184e-005 3.04005e-006 0.99944 -0.0334739 -9.07675e-005 0.0334739 0.99944 1.39725e-005 2.16807 -0.754353</i>
                        <i>1 1.59268e-019 9.08184e-005 4.44914e-006 0.998799 -0.0489894 -9.07093e-005 0.0489894 0.998799 1.16798e-005 2.19409 -0.632023</i>
                        <i>1 -1.86821e-019 9.08184e-005 6.73517e-006 0.997246 -0.0741609 -9.05683e-005 0.0741609 0.997246 9.90566e-006 2.1716 -0.517527</i>
                        <i>1 -4.98147e-019 9.08184e-005 8.6043e-006 0.995502 -0.0947418 -9.04098e-005 0.0947418 0.995502 8.05639e-006 2.11451 -0.407879</i>
                        <i>1 -5.65932e-019 9.08184e-005 8.77014e-006 0.995326 -0.0965679 -9.03939e-005 0.0965679 0.995326 5.54167e-006 2.04403 -0.300129</i>
                        <i>1 -2.82856e-019 9.08184e-005 6.20541e-006 0.997663 -0.0683277 -9.06061e-005 0.0683277 0.997663 1.896e-006 1.981 -0.192702</i>
                        <i>1 -4.49168e-020 9.08184e-005 2.73041e-006 0.999548 -0.0300646 -9.07773e-005 0.0300646 0.999548 -5.61758e-007 2.03162 -0.11468</i>
                        <i>1 2.21023e-021 9.08184e-005 6.54686e-009 1 -7.20879e-005 -9.08184e-005 7.20879e-005 1 -8.97481e-007 2.08174 -0.0744212</i>
                        <i>1 -2.09057e-020 9.08184e-005 -1.67788e-006 0.999829 0.0184751 -9.08029e-005 -0.0184751 0.999829 -9.03422e-007 2.10432 -0.0470185</i>
                        <i>1 -2.23815e-020 9.08184e-005 -1.73669e-006 0.999817 0.0191226 -9.08017e-005 -0.0191226 0.999817 -8.6905e-007 2.07262 -0.0279663</i>
                        <i>1 -3.53567e-021 9.08184e-005 -6.92652e-007 0.999971 0.00762678 -9.08157e-005 -0.00762678 0.999971 -3.28466e-007 2.01384 -0.0210769</i>
                        <i>1 -4.09211e-024 9.08184e-005 7.59803e-008 1 -0.000836619 -9.08183e-005 0.000836619 1 5.74294e-008 1.98217 -0.0177553</i>
                        <i>1 -2.52274e-022 9.08184e-005 1.97709e-007 0.999998 -0.00217698 -9.08181e-005 0.00217698 0.999998 1.13887e-007 1.98217 -0.0147596</i>
                        <i>1 -3.896e-022 9.08184e-005 2.35831e-007 0.999997 -0.00259673 -9.08181e-005 0.00259673 0.999997 1.17572e-007 1.98217 -0.0138184</i>
                        <i>1 -3.16605e-022 9.08184e-005 2.13993e-007 0.999997 -0.00235627 -9.08181e-005 0.00235627 0.999997 8.45537e-008 1.98217 -0.0137908</i>
                        <i>1 -1.61952e-022 9.08184e-005 1.55843e-007 0.999999 -0.00171598 -9.08182e-005 0.00171598 0.999999 3.09005e-008 1.98217 -0.013536</i>
                        <i>1 -5.10963e-023 9.08184e-005 8.50288e-008 1 -0.000936251 -9.08183e-005 0.000936251 1 -2.73184e-008 1.98217 -0.0119132</i>
                        <i>1 0 9.08184e-005 2.51986e-008 1 -0.000277462 -9.08184e-005 0.000277462 1 -7.40338e-008 1.98217 -0.00778147</i>
                        <i>1 0 9.08184e-005 0 1 3.5354e-028 -9.08184e-005 0 1 -9.31766e-008 1.98217 -8.46214e-012</i>
                        <i>1 0 9.08184e-005 0 1 3.5354e-028 -9.08184e-005 0 1 -9.31766e-008 1.98217 -8.46214e-012</i>
                        <i>1 0 9.08184e-005 0 1 3.5354e-028 -9.08184e-005 0 1 -9.31766e-008 1.98217 -8.46214e-012</i>
                        <i>1 0 9.08184e-005 0 1 3.5354e-028 -9.08184e-005 0 1 -9.31766e-008 1.98217 -8.46214e-012</i>
                        <i>1 0 9.08184e-005 0 1 3.5354e-028 -9.08184e-005 0 1 -9.31766e-008 1.98217 -8.46214e-012</i>
                        <i>1 0 9.08184e-005 0 1 3.5354e-028 -9.08184e-005 0 1 -9.31766e-008 1.98217 -8.46214e-012</i>
                        <i>1 0 9.08184e-005 0 1 3.5354e-028 -9.08184e-005 0 1 -9.31766e-008 1.98217 -8.46214e-012</i>
                        <i>1 0 9.08184e-005 0 1 3.5354e-028 -9.08184e-005 0 1 -9.31766e-008 1.98217 -8.46214e-012</i>
                        <i>1 0 9.08184e-005 0 1 3.5354e-028 -9.08184e-005 0 1 -9.31766e-008 1.98217 -8.46214e-012</i>
                        <i>1 0 9.08184e-005 0 1 3.5354e-028 -9.08184e-005 0 1 -9.31766e-008 1.98217 -8.46214e-012</i>
                        <i>1 0 9.08184e-005 0 1 3.5354e-028 -9.08184e-005 0 1 -9.31766e-008 1.98217 -8.46214e-012</i>
                    </KeyFrames>
                </p>
            </i>
            <i>
                <p>
                    <Name>
                        <![CDATA[hatch]]>
</Name>
                    <Exclude>1</Exclude>
                    <Additive>0</Additive>
                    <KeyFrames count="50">
                        <i>1 0 9.08184e-005 0 1 3.5354e-028 -9.08184e-005 0 1 -0.267597 1.73526 -1.70122</i>
                        <i>1 -2.14531e-020 9.08184e-005 1.69974e-006 0.999825 -0.0187159 -9.08024e-005 0.0187159 0.999825 -0.267576 1.69922 -1.9275</i>
                        <i>1 -9.24039e-020 9.08184e-005 3.52735e-006 0.999245 -0.0388396 -9.07498e-005 0.0388396 0.999245 -0.267559 1.65324 -2.11455</i>
                        <i>1 -5.8123e-019 9.08184e-005 9.95292e-006 0.993977 -0.109592 -9.02713e-005 0.109592 0.993977 -0.267552 1.87659 -2.36582</i>
                        <i>1 -1.37988e-018 9.08184e-005 1.64828e-005 0.983393 -0.181491 -8.93101e-005 0.181491 0.983393 -0.267544 2.12687 -2.63844</i>
                        <i>1 -2.41871e-018 9.08184e-005 2.277e-005 0.96806 -0.25072 -8.79176e-005 0.25072 0.96806 -0.267538 2.30363 -2.9078</i>
                        <i>0.999993 -0.00284667 -0.00244944 0.00193463 0.949523 -0.313691 0.00321878 0.313684 0.949522 -0.27075 2.30855 -3.15098</i>
                        <i>0.999999 -0.000965194 -0.000374896 0.000760125 0.930152 -0.367175 0.000703105 0.367174 0.930152 -0.267818 2.20587 -3.34988</i>
                        <i>0.999998 0.000916296 0.00169965 -0.000139552 0.912227 -0.409684 -0.00192586 0.409683 0.912226 -0.26424 2.12687 -3.48398</i>
                        <i>0.999998 -0.0010472 -0.00188494 0.00012409 0.900655 -0.434535 0.00215272 0.434534 0.900653 -0.271697 2.08644 -3.52829</i>
                        <i>0.999994 0.00356796 -0.000347965 -0.00335903 0.898659 -0.438635 -0.00125233 0.438634 0.898665 -0.271137 2.08484 -3.51239</i>
                        <i>0.999966 0.00818304 0.00118901 -0.00689487 0.904509 -0.426399 -0.00456471 0.426376 0.904535 -0.271043 2.10536 -3.47247</i>
                        <i>0.999998 -0.00209439 -0.000529899 0.00170134 0.914623 -0.404304 0.00133143 0.404303 0.914624 -0.267258 2.1229 -3.41143</i>
                        <i>0.999996 0.00287979 0.000472798 -0.00249115 0.926727 -0.375727 -0.00152017 0.375725 0.92673 -0.269339 2.09059 -3.33948</i>
                        <i>0.999999 -0.001309 -0.00110287 0.000860569 0.941461 -0.337121 0.0014796 0.33712 0.941461 -0.26884 2.01327 -3.26191</i>
                        <i>0.999998 0.00123215 0.00142775 -0.000768767 0.957633 -0.287991 -0.00172211 0.287989 0.957632 -0.266124 1.90383 -3.17234</i>
                        <i>1 -0.000637318 9.08184e-005 0.000640966 0.972585 -0.232545 5.98764e-005 0.232545 0.972586 -0.266742 1.77517 -3.06212</i>
                        <i>1 1.52477e-019 9.08184e-005 1.59243e-005 0.984508 -0.175342 -8.94114e-005 0.175342 0.984508 -0.267569 1.63795 -2.94246</i>
                        <i>1 6.73314e-019 9.08184e-005 1.1008e-005 0.992627 -0.121208 -9.01488e-005 0.121208 0.992627 -0.267574 1.50802 -2.82503</i>
                        <i>1 8.15269e-019 9.08184e-005 6.81908e-006 0.997177 -0.0750848 -9.0562e-005 0.0750848 0.997177 -0.267577 1.65684 -2.70591</i>
                        <i>1 7.02532e-019 9.08184e-005 3.80402e-006 0.999122 -0.041886 -9.07387e-005 0.041886 0.999122 -0.26758 1.78903 -2.5769</i>
                        <i>1 4.57484e-019 9.08184e-005 3.04005e-006 0.99944 -0.0334739 -9.07675e-005 0.0334739 0.99944 -0.267584 1.86435 -2.44636</i>
                        <i>1 1.59268e-019 9.08184e-005 4.44914e-006 0.998799 -0.0489894 -9.07093e-005 0.0489894 0.998799 -0.267586 1.86413 -2.31911</i>
                        <i>1 -1.86821e-019 9.08184e-005 6.73517e-006 0.997246 -0.0741609 -9.05683e-005 0.0741609 0.997246 -0.267589 1.7992 -2.19576</i>
                        <i>1 -4.98147e-019 9.08184e-005 8.6043e-006 0.995502 -0.0947418 -9.04098e-005 0.0947418 0.995502 -0.267591 1.70753 -2.07806</i>
                        <i>1 -5.65932e-019 9.08184e-005 8.77014e-006 0.995326 -0.0965679 -9.03939e-005 0.0965679 0.995326 -0.267594 1.63399 -1.96956</i>
                        <i>1 -2.82856e-019 9.08184e-005 6.20541e-006 0.997663 -0.0683277 -9.06061e-005 0.0683277 0.997663 -0.267597 1.61842 -1.87308</i>
                        <i>1 -4.49168e-020 9.08184e-005 2.73041e-006 0.999548 -0.0300646 -9.07773e-005 0.0300646 0.999548 -0.267598 1.73367 -1.80771</i>
                        <i>1 2.21023e-021 9.08184e-005 6.54686e-009 1 -7.20879e-005 -9.08184e-005 7.20879e-005 1 -0.267598 1.8347 -1.77563</i>
                        <i>1 -2.09057e-020 9.08184e-005 -1.67788e-006 0.999829 0.0184751 -9.08029e-005 -0.0184751 0.999829 -0.267597 1.88887 -1.75251</i>
                        <i>1 -2.23815e-020 9.08184e-005 -1.73669e-006 0.999817 0.0191226 -9.08017e-005 -0.0191226 0.999817 -0.267597 1.85828 -1.7336</i>
                        <i>1 -3.53567e-021 9.08184e-005 -6.92652e-007 0.999971 0.00762678 -9.08157e-005 -0.00762678 0.999971 -0.267597 1.77991 -1.72414</i>
                        <i>1 -4.09211e-024 9.08184e-005 7.59803e-008 1 -0.000836619 -9.08183e-005 0.000836619 1 -0.267597 1.73383 -1.71877</i>
                        <i>1 -2.52274e-022 9.08184e-005 1.97709e-007 0.999998 -0.00217698 -9.08181e-005 0.00217698 0.999998 -0.267597 1.73155 -1.71544</i>
                        <i>1 -3.896e-022 9.08184e-005 2.35831e-007 0.999997 -0.00259673 -9.08181e-005 0.00259673 0.999997 -0.267597 1.73084 -1.7144</i>
                        <i>1 -3.16605e-022 9.08184e-005 2.13993e-007 0.999997 -0.00235627 -9.08181e-005 0.00235627 0.999997 -0.267597 1.73125 -1.71443</i>
                        <i>1 -1.61952e-022 9.08184e-005 1.55843e-007 0.999999 -0.00171598 -9.08182e-005 0.00171598 0.999999 -0.267597 1.73234 -1.71433</i>
                        <i>1 -5.10963e-023 9.08184e-005 8.50288e-008 1 -0.000936251 -9.08183e-005 0.000936251 1 -0.267597 1.73366 -1.71291</i>
                        <i>1 0 9.08184e-005 2.51986e-008 1 -0.000277462 -9.08184e-005 0.000277462 1 -0.267597 1.73478 -1.70894</i>
                        <i>1 0 9.08184e-005 0 1 3.5354e-028 -9.08184e-005 0 1 -0.267597 1.73526 -1.70122</i>
                        <i>1 0 9.08184e-005 0 1 3.5354e-028 -9.08184e-005 0 1 -0.267597 1.73526 -1.70122</i>
                        <i>1 0 9.08184e-005 0 1 3.5354e-028 -9.08184e-005 0 1 -0.267597 1.73526 -1.70122</i>
                        <i>1 0 9.08184e-005 0 1 3.5354e-028 -9.08184e-005 0 1 -0.267597 1.73526 -1.70122</i>
                        <i>1 0 9.08184e-005 0 1 3.5354e-028 -9.08184e-005 0 1 -0.267597 1.73526 -1.70122</i>
                        <i>1 0 9.08184e-005 0 1 3.5354e-028 -9.08184e-005 0 1 -0.267597 1.73526 -1.70122</i>
                        <i>1 0 9.08184e-005 0 1 3.5354e-028 -9.08184e-005 0 1 -0.267597 1.73526 -1.70122</i>
                        <i>1 0 9.08184e-005 0 1 3.5354e-028 -9.08184e-005 0 1 -0.267597 1.73526 -1.70122</i>
                        <i>1 0 9.08184e-005 0 1 3.5354e-028 -9.08184e-005 0 1 -0.267597 1.73526 -1.70122</i>
                        <i>1 0 9.08184e-005 0 1 3.5354e-028 -9.08184e-005 0 1 -0.267597 1.73526 -1.70122</i>
                        <i>1 0 9.08184e-005 0 1 3.5354e-028 -9.08184e-005 0 1 -0.267597 1.73526 -1.70122</i>
                    </KeyFrames>
                </p>
            </i>
            <i>
                <p>
                    <Name>
                        <![CDATA[crank]]>
</Name>
                    <Exclude>1</Exclude>
                    <Additive>0</Additive>
                    <KeyFrames count="50">
                        <i>1 0 9.08184e-005 0 1 3.5354e-028 -9.08184e-005 0 1 -0.329679 2.0963 -0.708853</i>
                        <i>1 -2.14531e-020 9.08184e-005 1.69974e-006 0.999825 -0.0187159 -9.08024e-005 0.0187159 0.999825 -0.329678 2.08293 -0.719903</i>
                        <i>1 -9.24039e-020 9.08184e-005 3.52735e-006 0.999245 -0.0388396 -9.07498e-005 0.0388396 0.999245 -0.329677 2.06832 -0.731507</i>
                        <i>1 -5.8123e-019 9.08184e-005 9.95292e-006 0.993977 -0.109592 -9.02713e-005 0.109592 0.993977 -0.329666 2.38904 -1.01248</i>
                        <i>1 -1.37988e-018 9.08184e-005 1.64828e-005 0.983393 -0.181491 -8.93101e-005 0.181491 0.983393 -0.329656 2.7377 -1.31807</i>
