<?xml version="1.0" encoding="ISO-8859-1" ?>
<Animl Version="1">
    <ModellingPackage><![CDATA[Maya.2010]]></ModellingPackage>
    <SrcFile><![CDATA[anims\vehicles\red\~src\land\tank_t55\tank_t55_forward.mb]]></SrcFile>
    <FramesPerSecond>30</FramesPerSecond>
    <TotalFrames>61</TotalFrames>
    <Skeleton>
        <RefFrame>
            <Name><![CDATA[t55_ref_frame]]></Name>
            <Exclude>0</Exclude>
            <Additive>0</Additive>
            <IKPriority>0</IKPriority>
            <IKRotLimits>-1e+010 -1e+010 -1e+010 1e+010 1e+010 1e+010</IKRotLimits>
            <IKRotLimitOrder>0</IKRotLimitOrder>
            <KeyFrames count="61">
                <i>1 0 0 0 1 0 0 0 1 0 0 0</i>
                <i>1 0 0 0 1 0 0 0 1 0 0 0</i>
                <i>1 0 0 0 1 0 0 0 1 0 0 0</i>
                <i>1 0 0 0 1 0 0 0 1 0 0 0</i>
                <i>1 0 0 0 1 0 0 0 1 0 0 0</i>
                <i>1 0 0 0 1 0 0 0 1 0 0 0</i>
                <i>1 0 0 0 1 0 0 0 1 0 0 0</i>
                <i>1 0 0 0 1 0 0 0 1 0 0 0</i>
                <i>1 0 0 0 1 0 0 0 1 0 0 0</i>
                <i>1 0 0 0 1 0 0 0 1 0 0 0</i>
                <i>1 0 0 0 1 0 0 0 1 0 0 0</i>
                <i>1 0 0 0 1 0 0 0 1 0 0 0</i>
                <i>1 0 0 0 1 0 0 0 1 0 0 0</i>
                <i>1 0 0 0 1 0 0 0 1 0 0 0</i>
                <i>1 0 0 0 1 0 0 0 1 0 0 0</i>
                <i>1 0 0 0 1 0 0 0 1 0 0 0</i>
                <i>1 0 0 0 1 0 0 0 1 0 0 0</i>
                <i>1 0 0 0 1 0 0 0 1 0 0 0</i>
                <i>1 0 0 0 1 0 0 0 1 0 0 0</i>
                <i>1 0 0 0 1 0 0 0 1 0 0 0</i>
                <i>1 0 0 0 1 0 0 0 1 0 0 0</i>
                <i>1 0 0 0 1 0 0 0 1 0 0 0</i>
                <i>1 0 0 0 1 0 0 0 1 0 0 0</i>
                <i>1 0 0 0 1 0 0 0 1 0 0 0</i>
                <i>1 0 0 0 1 0 0 0 1 0 0 0</i>
                <i>1 0 0 0 1 0 0 0 1 0 0 0</i>
                <i>1 0 0 0 1 0 0 0 1 0 0 0</i>
                <i>1 0 0 0 1 0 0 0 1 0 0 0</i>
                <i>1 0 0 0 1 0 0 0 1 0 0 0</i>
                <i>1 0 0 0 1 0 0 0 1 0 0 0</i>
                <i>1 0 0 0 1 0 0 0 1 0 0 0</i>
                <i>1 0 0 0 1 0 0 0 1 0 0 0</i>
                <i>1 0 0 0 1 0 0 0 1 0 0 0</i>
                <i>1 0 0 0 1 0 0 0 1 0 0 0</i>
                <i>1 0 0 0 1 0 0 0 1 0 0 0</i>
                <i>1 0 0 0 1 0 0 0 1 0 0 0</i>
                <i>1 0 0 0 1 0 0 0 1 0 0 0</i>
                <i>1 0 0 0 1 0 0 0 1 0 0 0</i>
                <i>1 0 0 0 1 0 0 0 1 0 0 0</i>
                <i>1 0 0 0 1 0 0 0 1 0 0 0</i>
                <i>1 0 0 0 1 0 0 0 1 0 0 0</i>
                <i>1 0 0 0 1 0 0 0 1 0 0 0</i>
                <i>1 0 0 0 1 0 0 0 1 0 0 0</i>
                <i>1 0 0 0 1 0 0 0 1 0 0 0</i>
                <i>1 0 0 0 1 0 0 0 1 0 0 0</i>
                <i>1 0 0 0 1 0 0 0 1 0 0 0</i>
                <i>1 0 0 0 1 0 0 0 1 0 0 0</i>
                <i>1 0 0 0 1 0 0 0 1 0 0 0</i>
                <i>1 0 0 0 1 0 0 0 1 0 0 0</i>
                <i>1 0 0 0 1 0 0 0 1 0 0 0</i>
                <i>1 0 0 0 1 0 0 0 1 0 0 0</i>
                <i>1 0 0 0 1 0 0 0 1 0 0 0</i>
                <i>1 0 0 0 1 0 0 0 1 0 0 0</i>
                <i>1 0 0 0 1 0 0 0 1 0 0 0</i>
                <i>1 0 0 0 1 0 0 0 1 0 0 0</i>
                <i>1 0 0 0 1 0 0 0 1 0 0 0</i>
                <i>1 0 0 0 1 0 0 0 1 0 0 0</i>
                <i>1 0 0 0 1 0 0 0 1 0 0 0</i>
                <i>1 0 0 0 1 0 0 0 1 0 0 0</i>
                <i>1 0 0 0 1 0 0 0 1 0 0 0</i>
                <i>1 0 0 0 1 0 0 0 1 0 0 0</i>
            </KeyFrames>
        </RefFrame>
        <Bones count="20">
            <i>
                <p>
                    <Name><![CDATA[t55_root]]></Name>
                    <Exclude>0</Exclude>
                    <Additive>0</Additive>
                    <IKPriority>0</IKPriority>
                    <IKRotLimits>-1e+010 -1e+010 -1e+010 1e+010 1e+010 1e+010</IKRotLimits>
                    <IKRotLimitOrder>0</IKRotLimitOrder>
                    <KeyFrames count="61">
                        <i>1 0 0 0 1 0 0 0 1 0 0 0</i>
                        <i>1 0 0 0 1 0 0 0 1 0 0 0</i>
                        <i>1 0 0 0 1 0 0 0 1 0 0 0</i>
                        <i>1 0 0 0 1 0 0 0 1 0 0 0</i>
                        <i>1 0 0 0 1 0 0 0 1 0 0 0</i>
                        <i>1 0 0 0 1 0 0 0 1 0 0 0</i>
                        <i>1 0 0 0 1 0 0 0 1 0 0 0</i>
                        <i>1 0 0 0 1 0 0 0 1 0 0 0</i>
                        <i>1 0 0 0 1 0 0 0 1 0 0 0</i>
                        <i>1 0 0 0 1 0 0 0 1 0 0 0</i>
                        <i>1 0 0 0 1 0 0 0 1 0 0 0</i>
                        <i>1 0 0 0 1 0 0 0 1 0 0 0</i>
                        <i>1 0 0 0 1 0 0 0 1 0 0 0</i>
                        <i>1 0 0 0 1 0 0 0 1 0 0 0</i>
                        <i>1 0 0 0 1 0 0 0 1 0 0 0</i>
                        <i>1 0 0 0 1 0 0 0 1 0 0 0</i>
                        <i>1 0 0 0 1 0 0 0 1 0 0 0</i>
                        <i>1 0 0 0 1 0 0 0 1 0 0 0</i>
                        <i>1 0 0 0 1 0 0 0 1 0 0 0</i>
                        <i>1 0 0 0 1 0 0 0 1 0 0 0</i>
                        <i>1 0 0 0 1 0 0 0 1 0 0 0</i>
                        <i>1 0 0 0 1 0 0 0 1 0 0 0</i>
                        <i>1 0 0 0 1 0 0 0 1 0 0 0</i>
                        <i>1 0 0 0 1 0 0 0 1 0 0 0</i>
                        <i>1 0 0 0 1 0 0 0 1 0 0 0</i>
                        <i>1 0 0 0 1 0 0 0 1 0 0 0</i>
                        <i>1 0 0 0 1 0 0 0 1 0 0 0</i>
                        <i>1 0 0 0 1 0 0 0 1 0 0 0</i>
                        <i>1 0 0 0 1 0 0 0 1 0 0 0</i>
                        <i>1 0 0 0 1 0 0 0 1 0 0 0</i>
                        <i>1 0 0 0 1 0 0 0 1 0 0 0</i>
                        <i>1 0 0 0 1 0 0 0 1 0 0 0</i>
                        <i>1 0 0 0 1 0 0 0 1 0 0 0</i>
                        <i>1 0 0 0 1 0 0 0 1 0 0 0</i>
                        <i>1 0 0 0 1 0 0 0 1 0 0 0</i>
                        <i>1 0 0 0 1 0 0 0 1 0 0 0</i>
                        <i>1 0 0 0 1 0 0 0 1 0 0 0</i>
                        <i>1 0 0 0 1 0 0 0 1 0 0 0</i>
                        <i>1 0 0 0 1 0 0 0 1 0 0 0</i>
                        <i>1 0 0 0 1 0 0 0 1 0 0 0</i>
                        <i>1 0 0 0 1 0 0 0 1 0 0 0</i>
                        <i>1 0 0 0 1 0 0 0 1 0 0 0</i>
                        <i>1 0 0 0 1 0 0 0 1 0 0 0</i>
                        <i>1 0 0 0 1 0 0 0 1 0 0 0</i>
                        <i>1 0 0 0 1 0 0 0 1 0 0 0</i>
                        <i>1 0 0 0 1 0 0 0 1 0 0 0</i>
                        <i>1 0 0 0 1 0 0 0 1 0 0 0</i>
                        <i>1 0 0 0 1 0 0 0 1 0 0 0</i>
                        <i>1 0 0 0 1 0 0 0 1 0 0 0</i>
                        <i>1 0 0 0 1 0 0 0 1 0 0 0</i>
                        <i>1 0 0 0 1 0 0 0 1 0 0 0</i>
                        <i>1 0 0 0 1 0 0 0 1 0 0 0</i>
                        <i>1 0 0 0 1 0 0 0 1 0 0 0</i>
                        <i>1 0 0 0 1 0 0 0 1 0 0 0</i>
                        <i>1 0 0 0 1 0 0 0 1 0 0 0</i>
                        <i>1 0 0 0 1 0 0 0 1 0 0 0</i>
                        <i>1 0 0 0 1 0 0 0 1 0 0 0</i>
                        <i>1 0 0 0 1 0 0 0 1 0 0 0</i>
                        <i>1 0 0 0 1 0 0 0 1 0 0 0</i>
                        <i>1 0 0 0 1 0 0 0 1 0 0 0</i>
                        <i>1 0 0 0 1 0 0 0 1 0 0 0</i>
                    </KeyFrames>
                </p>
            </i>
            <i>
                <p>
                    <Name><![CDATA[t55_body]]></Name>
                    <Exclude>0</Exclude>
                    <Additive>0</Additive>
                    <IKPriority>0</IKPriority>
                    <IKRotLimits>-1e+010 -1e+010 -1e+010 1e+010 1e+010 1e+010</IKRotLimits>
                    <IKRotLimitOrder>0</IKRotLimitOrder>
                    <KeyFrames count="61">
                        <i>0.999987 -0.00513519 0 0.00513515 0.999979 -0.00392105 2.01353e-005 0.00392099 0.999992 0 0.998068 0</i>
                        <i>0.999988 -0.00485978 0 0.00485971 0.999973 -0.00544653 2.64689e-005 0.00544646 0.999985 0 1.00221 0</i>
                        <i>0.999996 -0.00282014 -2.11758e-022 0.00282014 0.999995 -0.00120549 3.39966e-006 0.00120549 0.999999 0 0.999409 0</i>
                        <i>0.999999 -0.00109346 0 0.00109346 0.999996 0.00262139 -2.86639e-006 -0.00262138 0.999997 0 1.0035 0</i>
                        <i>1 -0.000192649 0 0.000192647 0.999992 0.00410622 -7.91059e-007 -0.00410622 0.999992 0 1.00225 0</i>
                        <i>1 7.87453e-005 0 -7.87452e-005 0.999998 0.00186147 1.46582e-007 -0.00186147 0.999998 0 1.008 0</i>
                        <i>1 0.000137564 -6.61744e-024 -0.000137564 1 0.000617903 8.50011e-008 -0.000617903 1 0 1.00905 0</i>
                        <i>1 1.19208e-005 1.65436e-024 -1.19208e-005 0.999999 0.00114807 1.36858e-008 -0.00114807 0.999999 0 1.00572 0</i>
                        <i>1 0.000240398 0 -0.000240398 0.999999 0.00159335 3.83039e-007 -0.00159335 0.999999 0 1.0021 0</i>
                        <i>0.999999 0.00109551 0 -0.00109551 0.999999 -0.00113922 -1.24803e-006 0.00113922 0.999999 0 1.00179 0</i>
                        <i>0.999997 0.00227307 2.11758e-022 -0.00227307 0.999996 -0.00138168 -3.14066e-006 0.00138168 0.999999 0 0.999389 0</i>
                        <i>0.999997 0.0024446 -2.64698e-023 -0.0024446 0.999997 0.000100213 2.44981e-007 -0.000100213 1 0 1.00429 0</i>
                        <i>0.999999 0.00145492 0 -0.00145492 0.999999 -0.000411248 -5.98332e-007 0.000411247 1 0 1.00816 0</i>
                        <i>1 0.000316048 0 -0.000316047 0.999998 0.00188072 5.94397e-007 -0.00188072 0.999998 0 1.00243 0</i>
                        <i>1 0.000126626 0 -0.000126626 0.999999 0.00120865 1.53047e-007 -0.00120865 0.999999 0 1.00252 0</i>
                        <i>1 0.000755929 -1.05879e-022 -0.000755927 0.999997 0.00223759 1.69146e-006 -0.00223759 0.999997 0 1.00008 0</i>
                        <i>1 0.000833846 -2.11758e-022 -0.000833841 0.999994 0.00341088 2.84415e-006 -0.00341088 0.999994 0 0.998944 0</i>
                        <i>1 -4.01347e-006 8.27181e-025 4.01345e-006 0.999996 0.00266455 -1.06941e-008 -0.00266455 0.999996 0 0.998522 0</i>
                        <i>1 -0.000928218 0 0.000928217 0.999999 -0.000586879 5.44751e-007 0.000586878 1 0 0.999992 0</i>
                        <i>1 -4.96628e-005 0 4.96627e-005 0.999999 -0.00152914 7.59414e-008 0.00152914 0.999999 0 0.998741 0</i>
                        <i>0.999996 0.00265173 8.47033e-022 -0.00265172 0.999991 -0.003217 -8.53061e-006 0.00321698 0.999995 0 1.01017 0</i>
                        <i>0.999989 0.00472737 0 -0.00472734 0.999983 -0.00354133 -1.67412e-005 0.00354129 0.999994 0 1.00184 0</i>
                        <i>0.999988 0.00484653 -1.69407e-021 -0.00484651 0.999983 -0.00336298 -1.62988e-005 0.00336294 0.999994 0 0.998444 0</i>
                        <i>0.999994 0.0033428 0 -0.0033428 0.999994 -0.000528491 -1.76664e-006 0.000528488 1 0 0.99959 0</i>
                        <i>0.999998 0.00178936 -1.05879e-022 -0.00178935 0.999998 -0.000577901 -1.03407e-006 0.0005779 1 0 1.00286 0</i>
                        <i>1 0.000387991 0 -0.000387991 0.999998 -0.00184045 -7.14077e-007 0.00184045 0.999998 0 0.998075 0</i>
                        <i>1 -0.000463565 -2.64698e-023 0.000463565 1 -0.000746325 3.4597e-007 0.000746325 1 0 1.00044 0</i>
                        <i>1 -0.000297673 5.29396e-023 0.000297672 0.999998 0.00179488 -5.34288e-007 -0.00179488 0.999998 0 1.00432 0</i>
                        <i>1 0.000766867 0 -0.000766864 0.999997 0.00250475 1.92081e-006 -0.00250475 0.999997 0 1.00089 0</i>
                        <i>0.999999 0.00134096 -2.11758e-022 -0.00134095 0.999997 -0.00182871 -2.45222e-006 0.00182871 0.999998 0 0.994212 0</i>
                        <i>0.999999 0.00102706 -2.11758e-022 -0.00102706 0.999997 -0.00200286 -2.05706e-006 0.00200286 0.999998 0 0.988962 0</i>
                        <i>1 4.56233e-005 0 -4.56232e-005 0.999998 -0.00188314 -8.59148e-008 0.00188314 0.999998 0 0.985688 0</i>
                        <i>0.999999 -0.00106447 -4.23516e-022 0.00106446 0.999986 -0.00521432 5.55049e-006 0.00521432 0.999986 0 0.990847 0</i>
                        <i>0.999997 -0.00226994 -8.47033e-022 0.00226991 0.999986 -0.00469677 1.06614e-005 0.00469676 0.999989 0 0.995192 0</i>
                        <i>0.999995 -0.00305433 0 0.00305432 0.999994 -0.00187214 5.71812e-006 0.00187213 0.999998 0 1.00015 0</i>
                        <i>0.999995 -0.00311601 0 0.003116 0.999995 -0.00101722 3.16965e-006 0.00101721 0.999999 0 1.00201 0</i>
                        <i>0.999997 -0.00254036 -2.11758e-022 0.00254036 0.999996 0.000725438 -1.84287e-006 -0.000725435 1 0 1.00298 0</i>
                        <i>0.999998 -0.00176294 5.29396e-023 0.00176294 0.999998 -0.000412176 7.2664e-007 0.000412176 1 0 1.00578 0</i>
                        <i>1 -0.000844861 0 0.000844861 0.999999 -0.000646001 5.45781e-007 0.000646001 1 0 1.00271 0</i>
                        <i>1 -0.000253758 -2.64698e-023 0.000253758 1 -0.00097108 2.46419e-007 0.00097108 1 0 0.99966 0</i>
                        <i>1 -0.000584014 0 0.000584014 1 0.000620804 -3.62558e-007 -0.000620804 1 0 1.00447 0</i>
                        <i>0.999999 -0.00172696 0 0.00172695 0.999995 0.00251818 -4.34879e-006 -0.00251817 0.999997 0 1.00728 0</i>
                        <i>0.999997 -0.00224289 0 0.00224288 0.999992 0.00344947 -7.7368e-006 -0.00344947 0.999994 0 1.00792 0</i>
                        <i>0.999999 -0.00168884 4.23516e-022 0.00168883 0.999995 0.00253154 -4.27536e-006 -0.00253154 0.999997 0 1.00916 0</i>
                        <i>1 -0.000529811 0 0.00052981 0.999997 0.00244221 -1.29391e-006 -0.00244221 0.999997 0 1.00081 0</i>
                        <i>1 1.40991e-005 0 -1.40991e-005 0.999997 0.00242096 3.41334e-008 -0.00242096 0.999997 0 0.99884 0</i>
                        <i>1 -0.00011573 2.64698e-023 0.00011573 0.999997 0.002387 -2.76247e-007 -0.002387 0.999997 0 0.997952 0</i>
                        <i>1 -0.000488305 1.05879e-022 0.000488304 0.999998 0.00201125 -9.82103e-007 -0.00201125 0.999998 0 0.998265 0</i>
                        <i>1 -0.000832874 2.11758e-022 0.000832871 0.999996 -0.00265333 2.20989e-006 0.00265333 0.999996 0 1.00173 0</i>
                        <i>0.999999 -0.00111958 -4.23516e-022 0.00111955 0.99998 -0.00626047 7.00907e-006 0.00626046 0.99998 0 1.00226 0</i>
                        <i>0.999999 -0.00118338 -4.23516e-022 0.00118338 0.999996 -0.00256189 3.0317e-006 0.00256189 0.999997 0 0.997689 0</i>
                        <i>1 -0.000999015 0 0.000999015 0.999999 -0.000809704 8.08906e-007 0.000809703 1 0 1.00633 0</i>
                        <i>1 -0.000523161 -5.29396e-023 0.000523161 0.999999 -0.00153799 8.04619e-007 0.00153799 0.999999 0 1.00616 0</i>
                        <i>1 0.000303615 0 -0.000303614 0.999997 -0.00259873 -7.89015e-007 0.00259873 0.999997 0 0.9986 0</i>
                        <i>0.999999 0.00139248 3.30872e-024 -0.00139248 0.999999 3.76088e-005 5.23697e-008 -3.76088e-005 1 0 0.992033 0</i>
                        <i>0.999999 0.00143782 0 -0.00143782 0.999998 0.00142469 2.04845e-006 -0.00142469 0.999999 0 0.997009 0</i>
                        <i>1 7.99156e-006 0 -7.99156e-006 0.999999 0.00118373 9.45982e-009 -0.00118373 0.999999 0 1.00528 0</i>
                        <i>0.999998 -0.0022063 0 0.00220629 0.999994 0.00281964 -6.22098e-006 -0.00281963 0.999996 0 1.00746 0</i>
                        <i>0.999995 -0.00325963 0 0.00325961 0.999988 0.00357811 -1.16633e-005 -0.00357809 0.999994 0 0.998581 0</i>
                        <i>0.999995 -0.00303782 -8.47033e-022 0.00303779 0.999986 0.00443316 -1.34672e-005 -0.00443314 0.99999 0 0.992113 0</i>
                        <i>0.999998 -0.00186104 0 0.00186103 0.999996 -0.00220819 4.10953e-006 0.00220819 0.999998 0 0.988663 0</i>
                    </KeyFrames>
                </p>
            </i>
            <i>
                <p>
                    <Name><![CDATA[l_tread]]></Name>
                    <Exclude>0</Exclude>
                    <Additive>0</Additive>
                    <IKPriority>0</IKPriority>
                    <IKRotLimits>-1e+010 -1e+010 -1e+010 1e+010 1e+010 1e+010</IKRotLimits>
                    <IKRotLimitOrder>0</IKRotLimitOrder>
                    <KeyFrames count="61">
                        <i>1 0 0 0 1 0 0 0 1 2.13854 0.655266 0</i>
                        <i>1 0 0 0 1 0 0 0 1 2.13854 0.655266 0</i>
                        <i>1 0 0 0 1 0 0 0 1 2.13854 0.655266 0</i>
                        <i>1 0 0 0 1 0 0 0 1 2.13854 0.655266 0</i>
                        <i>1 0 0 0 1 0 0 0 1 2.13854 0.655266 0</i>
                        <i>1 0 0 0 1 0 0 0 1 2.13854 0.655266 0</i>
                        <i>1 0 0 0 1 0 0 0 1 2.13854 0.655266 0</i>
                        <i>1 0 0 0 1 0 0 0 1 2.13854 0.655266 0</i>
                        <i>1 0 0 0 1 0 0 0 1 2.13854 0.655266 0</i>
                        <i>1 0 0 0 1 0 0 0 1 2.13854 0.655266 0</i>
                        <i>1 0 0 0 1 0 0 0 1 2.13854 0.655266 0</i>
                        <i>1 0 0 0 1 0 0 0 1 2.13854 0.655266 0</i>
                        <i>1 0 0 0 1 0 0 0 1 2.13854 0.655266 0</i>
                        <i>1 0 0 0 1 0 0 0 1 2.13854 0.655266 0</i>
                        <i>1 0 0 0 1 0 0 0 1 2.13854 0.655266 0</i>
                        <i>1 0 0 0 1 0 0 0 1 2.13854 0.655266 0</i>
                        <i>1 0 0 0 1 0 0 0 1 2.13854 0.655266 0</i>
                        <i>1 0 0 0 1 0 0 0 1 2.13854 0.655266 0</i>
                        <i>1 0 0 0 1 0 0 0 1 2.13854 0.655266 0</i>
                        <i>1 0 0 0 1 0 0 0 1 2.13854 0.655266 0</i>
                        <i>1 0 0 0 1 0 0 0 1 2.13854 0.655266 0</i>
                        <i>1 0 0 0 1 0 0 0 1 2.13854 0.655266 0</i>
                        <i>1 0 0 0 1 0 0 0 1 2.13854 0.655266 0</i>
                        <i>1 0 0 0 1 0 0 0 1 2.13854 0.655266 0</i>
                        <i>1 0 0 0 1 0 0 0 1 2.13854 0.655266 0</i>
                        <i>1 0 0 0 1 0 0 0 1 2.13854 0.655266 0</i>
                        <i>1 0 0 0 1 0 0 0 1 2.13854 0.655266 0</i>
                        <i>1 0 0 0 1 0 0 0 1 2.13854 0.655266 0</i>
                        <i>1 0 0 0 1 0 0 0 1 2.13854 0.655266 0</i>
                        <i>1 0 0 0 1 0 0 0 1 2.13854 0.655266 0</i>
                        <i>1 0 0 0 1 0 0 0 1 2.13854 0.655266 0</i>
                        <i>1 0 0 0 1 0 0 0 1 2.13854 0.655266 0</i>
                        <i>1 0 0 0 1 0 0 0 1 2.13854 0.655266 0</i>
                        <i>1 0 0 0 1 0 0 0 1 2.13854 0.655266 0</i>
                        <i>1 0 0 0 1 0 0 0 1 2.13854 0.655266 0</i>
                        <i>1 0 0 0 1 0 0 0 1 2.13854 0.655266 0</i>
                        <i>1 0 0 0 1 0 0 0 1 2.13854 0.655266 0</i>
                        <i>1 0 0 0 1 0 0 0 1 2.13854 0.655266 0</i>
                        <i>1 0 0 0 1 0 0 0 1 2.13854 0.655266 0</i>
                        <i>1 0 0 0 1 0 0 0 1 2.13854 0.655266 0</i>
                        <i>1 0 0 0 1 0 0 0 1 2.13854 0.655266 0</i>
                        <i>1 0 0 0 1 0 0 0 1 2.13854 0.655266 0</i>
                        <i>1 0 0 0 1 0 0 0 1 2.13854 0.655266 0</i>
                        <i>1 0 0 0 1 0 0 0 1 2.13854 0.655266 0</i>
                        <i>1 0 0 0 1 0 0 0 1 2.13854 0.655266 0</i>
                        <i>1 0 0 0 1 0 0 0 1 2.13854 0.655266 0</i>
                        <i>1 0 0 0 1 0 0 0 1 2.13854 0.655266 0</i>
                        <i>1 0 0 0 1 0 0 0 1 2.13854 0.655266 0</i>
                        <i>1 0 0 0 1 0 0 0 1 2.13854 0.655266 0</i>
                        <i>1 0 0 0 1 0 0 0 1 2.13854 0.655266 0</i>
                        <i>1 0 0 0 1 0 0 0 1 2.13854 0.655266 0</i>
                        <i>1 0 0 0 1 0 0 0 1 2.13854 0.655266 0</i>
                        <i>1 0 0 0 1 0 0 0 1 2.13854 0.655266 0</i>
                        <i>1 0 0 0 1 0 0 0 1 2.13854 0.655266 0</i>
                        <i>1 0 0 0 1 0 0 0 1 2.13854 0.655266 0</i>
                        <i>1 0 0 0 1 0 0 0 1 2.13854 0.655266 0</i>
                        <i>1 0 0 0 1 0 0 0 1 2.13854 0.655266 0</i>
                        <i>1 0 0 0 1 0 0 0 1 2.13854 0.655266 0</i>
                        <i>1 0 0 0 1 0 0 0 1 2.13854 0.655266 0</i>
                        <i>1 0 0 0 1 0 0 0 1 2.13854 0.655266 0</i>
                        <i>1 0 0 0 1 0 0 0 1 2.13854 0.655266 0</i>
                    </KeyFrames>
                </p>
            </i>
            <i>
                <p>
                    <Name><![CDATA[l_tread1]]></Name>
                    <Exclude>0</Exclude>
                    <Additive>0</Additive>
                    <IKPriority>0</IKPriority>
                    <IKRotLimits>-1e+010 -1e+010 -1e+010 1e+010 1e+010 1e+010</IKRotLimits>
                    <IKRotLimitOrder>0</IKRotLimitOrder>
                    <KeyFrames count="61">
                        <i>0.999976 0.00689468 0 -0.00689468 0.999976 0.000392575 2.70668e-006 -0.000392566 1 2.13854 1.43162 0</i>
                        <i>1 0.000184205 1.65436e-024 -0.000184205 1 0.00013325 2.45453e-008 -0.00013325 1 2.13854 1.44084 0</i>
                        <i>0.999999 0.00136362 0 -0.00136361 0.999995 0.00269684 3.67747e-006 -0.00269684 0.999996 2.13854 1.44874 0</i>
                        <i>0.999993 0.00383509 0 -0.00383507 0.999987 0.0034441 1.32085e-005 -0.00344408 0.999994 2.13854 1.44514 0</i>
                        <i>0.999992 0.00406805 -2.11758e-022 -0.00406805 0.999992 0.000585936 2.38361e-006 -0.000585931 1 2.13854 1.44383 0</i>
                        <i>0.999951 0.00993129 -1.69407e-021 -0.00993125 0.999947 0.00267489 2.65651e-005 -0.00267476 0.999996 2.13854 1.44009 0</i>
                        <i>0.999998 -0.00190686 -4.23516e-022 0.00190685 0.999994 -0.00277446 5.2905e-006 0.00277445 0.999996 2.13854 1.43927 0</i>
                        <i>0.999998 0.00196378 2.11758e-022 -0.00196378 0.999997 0.00146459 2.87614e-006 -0.00146459 0.999999 2.13854 1.44298 0</i>
                        <i>1 0.000919525 -1.05879e-022 -0.000919523 0.999998 -0.00195328 -1.79609e-006 0.00195328 0.999998 2.13854 1.4447 0</i>
                        <i>0.999998 0.00192256 0 -0.00192256 0.999997 -0.00147453 -2.83488e-006 0.00147453 0.999999 2.13854 1.45162 0</i>
                        <i>0.99999 -0.00452779 -8.47033e-022 0.00452776 0.999985 0.0032014 -1.44953e-005 -0.00320137 0.999995 2.13854 1.44787 0</i>
                        <i>0.999966 -0.00825423 0 0.00825422 0.999965 0.00165824 -1.36875e-005 -0.00165819 0.999999 2.13854 1.448 0</i>
                        <i>0.999973 -0.00730129 1.69407e-021 0.00730128 0.999971 -0.00219065 1.59946e-005 0.00219059 0.999998 2.13854 1.44523 0</i>
                        <i>0.999995 0.00301073 -2.11758e-022 -0.00301073 0.999995 0.000821393 2.47299e-006 -0.000821389 1 2.13854 1.45038 0</i>
                        <i>0.999957 -0.00928389 0 0.00928389 0.999957 -0.00081676 7.58271e-006 0.000816724 1 2.13854 1.44912 0</i>
                        <i>0.999977 -0.00681343 0 0.00681343 0.999976 -0.000845297 5.75937e-006 0.000845277 1 2.13854 1.45579 0</i>
                        <i>0.999998 0.0017694 -2.11758e-022 -0.0017694 0.999996 -0.00209339 -3.70405e-006 0.00209338 0.999998 2.13854 1.4527 0</i>
                        <i>0.999991 0.00434123 0 -0.00434122 0.999989 -0.00185002 -8.03137e-006 0.00185 0.999998 2.13854 1.45597 0</i>
                        <i>0.999992 0.00412127 0 -0.00412126 0.999991 -0.00138056 -5.68965e-006 0.00138055 0.999999 2.13854 1.45158 0</i>
                        <i>0.999998 0.00200787 8.47033e-022 -0.00200784 0.999986 -0.00490213 -9.84283e-006 0.00490212 0.999988 2.13854 1.45894 0</i>
                        <i>0.999993 0.00380572 0 -0.00380572 0.999993 0.000332419 1.26509e-006 -0.000332416 1 2.13854 1.4575 0</i>
                        <i>0.999998 0.00193761 0 -0.00193761 0.999997 0.00164843 3.19403e-006 -0.00164843 0.999999 2.13854 1.4529 0</i>
                        <i>1 -0.000445676 -5.29396e-023 0.000445675 0.999999 0.00158655 -7.07086e-007 -0.00158655 0.999999 2.13854 1.44646 0</i>
                        <i>0.999999 0.00121808 0 -0.00121808 0.999999 0.00105099 1.28019e-006 -0.00105099 0.999999 2.13854 1.44468 0</i>
                        <i>0.999994 0.0035361 0 -0.0035361 0.999992 -0.00167797 -5.93347e-006 0.00167796 0.999999 2.13854 1.44339 0</i>
                        <i>0.999996 -0.00264896 8.47033e-022 0.00264893 0.999985 -0.00480231 1.27212e-005 0.0048023 0.999988 2.13854 1.44531 0</i>
                        <i>0.999997 0.00243999 6.61744e-024 -0.00243999 0.999997 4.07089e-005 9.93292e-008 -4.07088e-005 1 2.13854 1.44287 0</i>
                        <i>0.999992 0.00410888 -2.11758e-022 -0.00410888 0.999991 -0.000606334 -2.49135e-006 0.000606329 1 2.13854 1.44154 0</i>
                        <i>0.999962 0.00871609 0 -0.00871604 0.999956 0.00340483 2.96768e-005 -0.0034047 0.999994 2.13854 1.44268 0</i>
                        <i>0.999996 0.00264323 -2.11758e-022 -0.00264323 0.999996 0.00137228 3.62725e-006 -0.00137227 0.999999 2.13854 1.45029 0</i>
                        <i>0.999996 0.00266718 0 -0.00266718 0.999996 0.000985477 2.62845e-006 -0.000985473 1 2.13854 1.44499 0</i>
                        <i>0.999997 0.00238746 -4.23516e-022 -0.00238746 0.999996 0.0017069 4.07515e-006 -0.00170689 0.999999 2.13854 1.43508 0</i>
                        <i>0.999997 -0.00228351 -2.64698e-023 0.00228351 0.999997 -8.87218e-005 2.02597e-007 8.87215e-005 1 2.13854 1.43871 0</i>
                        <i>0.999971 -0.00761267 0 0.00761267 0.999971 0.000147125 -1.12001e-006 -0.000147121 1 2.13854 1.4472 0</i>
                        <i>0.999995 0.0031969 0 -0.00319689 0.999992 0.0022576 7.21733e-006 -0.00225759 0.999997 2.13854 1.44447 0</i>
                        <i>0.99999 -0.00448704 0 0.00448704 0.99999 -5.70166e-005 2.55836e-007 5.7016e-005 1 2.13854 1.44412 0</i>
                        <i>0.999945 -0.0104797 0 0.0104797 0.99994 -0.00333923 3.49942e-005 0.00333905 0.999994 2.13854 1.44585 0</i>
                        <i>0.999945 -0.0105 5.29396e-023 0.0105 0.999945 -4.82204e-005 5.06314e-007 4.82177e-005 1 2.13854 1.44374 0</i>
                        <i>0.999989 -0.00462542 0 0.00462541 0.999989 0.0012244 -5.66337e-006 -0.00122439 0.999999 2.13854 1.44455 0</i>
                        <i>0.999995 -0.00325327 2.11758e-022 0.00325327 0.999994 -0.000752228 2.4472e-006 0.000752224 1 2.13854 1.44496 0</i>
                        <i>0.999995 -0.00324478 0 0.00324477 0.999992 -0.00228218 7.40518e-006 0.00228217 0.999997 2.13854 1.45206 0</i>
                        <i>0.999994 0.00335286 0 -0.00335286 0.999994 0.00105893 3.55045e-006 -0.00105893 0.999999 2.13854 1.45265 0</i>
                        <i>0.999993 0.00364637 0 -0.00364637 0.999993 0.000486617 1.77438e-006 -0.000486613 1 2.13854 1.44566 0</i>
                        <i>0.999999 0.00109805 0 -0.00109805 0.999999 0.000897416 9.85407e-007 -0.000897416 1 2.13854 1.43956 0</i>
                        <i>1 -0.0006812 0 0.000681199 0.999998 0.00210475 -1.43376e-006 -0.00210475 0.999998 2.13854 1.44326 0</i>
                        <i>0.99999 0.00439998 -8.47033e-022 -0.00439996 0.999985 0.00317291 1.39607e-005 -0.00317288 0.999995 2.13854 1.447 0</i>
                        <i>0.999975 0.00709033 0 -0.00709032 0.999973 0.00203274 1.44128e-005 -0.00203269 0.999998 2.13854 1.45456 0</i>
                        <i>0.999967 0.00817196 0 -0.00817195 0.999965 0.00167665 1.37015e-005 -0.00167659 0.999999 2.13854 1.45628 0</i>
                        <i>0.99999 -0.00447385 8.47033e-022 0.00447383 0.999986 -0.00296111 1.32475e-005 0.00296108 0.999996 2.13854 1.45972 0</i>
                        <i>0.999996 0.00285928 0 -0.00285927 0.999995 0.00091386 2.61298e-006 -0.000913857 1 2.13854 1.45753 0</i>
                        <i>0.999996 0.00289004 0 -0.00289004 0.999995 -0.000933905 -2.69903e-006 0.000933901 1 2.13854 1.46184 0</i>
                        <i>1 0.000290049 6.61744e-024 -0.000290049 1 -0.000263785 -7.65106e-008 0.000263785 1 2.13854 1.46186 0</i>
                        <i>0.999974 -0.00715394 0 0.00715389 0.999968 0.00353672 -2.53015e-005 -0.00353663 0.999994 2.13854 1.45824 0</i>
                        <i>0.999966 -0.00823486 0 0.00823485 0.999965 -0.00115242 9.49006e-006 0.00115239 0.999999 2.13854 1.45115 0</i>
                        <i>0.999987 -0.00517107 2.11758e-022 0.00517107 0.999986 -0.000542249 2.80401e-006 0.000542242 1 2.13854 1.44555 0</i>
                        <i>1 0.000744674 0 -0.000744674 1 -0.000280353 -2.08771e-007 0.000280353 1 2.13854 1.44188 0</i>
                        <i>0.999945 -0.010514 0 0.010514 0.999945 0.00015127 -1.59045e-006 -0.000151261 1 2.13854 1.44572 0</i>
                        <i>0.999993 -0.00382775 0 0.00382775 0.999991 -0.00160702 6.15128e-006 0.00160701 0.999999 2.13854 1.44634 0</i>
                        <i>0.999997 0.00226033 -4.23516e-022 -0.00226033 0.999994 -0.00246331 -5.56789e-006 0.0024633 0.999997 2.13854 1.44893 0</i>
                        <i>0.999981 0.00612651 -8.47033e-022 -0.00612651 0.99998 -0.00150084 -9.1949e-006 0.00150081 0.999999 2.13854 1.45011 0</i>
                        <i>1 -0.000567208 -1.05879e-022 0.000567206 0.999997 -0.00216228 1.22646e-006 0.00216228 0.999998 2.13854 1.45732 0</i>
                    </KeyFrames>
                </p>
            </i>
            <i>
                <p>
                    <Name><![CDATA[l_wheel_1]]></Name>
                    <Exclude>0</Exclude>
                    <Additive>0</Additive>
                    <IKPriority>0</IKPriority>
                    <IKRotLimits>-1e+010 -1e+010 -1e+010 1e+010 1e+010 1e+010</IKRotLimits>
                    <IKRotLimitOrder>0</IKRotLimitOrder>
                    <KeyFrames count="61">
                        <i>1 0 0 0 1 0 0 0 1 2.34369 1.11061 4.16078</i>
                        <i>1 0 0 0 1 0 0 0 1 2.34369 1.11208 4.16078</i>
                        <i>1 0 0 0 1 0 0 0 1 2.34369 1.11163 4.16078</i>
                        <i>1 0 0 0 1 0 0 0 1 2.34369 1.11054 4.16078</i>
                        <i>1 0 0 0 1 0 0 0 1 2.34369 1.10956 4.16078</i>
                        <i>1 0 0 0 1 0 0 0 1 2.34369 1.11211 4.16078</i>
                        <i>1 0 0 0 1 0 0 0 1 2.34369 1.11211 4.16078</i>
                        <i>1 0 0 0 1 0 0 0 1 2.34369 1.11281 4.16078</i>
                        <i>1 0 0 0 1 0 0 0 1 2.34369 1.10972 4.16078</i>
                        <i>1 0 0 0 1 0 0 0 1 2.34369 1.11212 4.16078</i>
                        <i>1 0 0 0 1 0 0 0 1 2.34369 1.11164 4.16078</i>
                        <i>1 0 0 0 1 0 0 0 1 2.34369 1.1129 4.16078</i>
                        <i>1 0 0 0 1 0 0 0 1 2.34369 1.11107 4.16078</i>
                        <i>1 0 0 0 1 0 0 0 1 2.34369 1.10991 4.16078</i>
                        <i>1 0 0 0 1 0 0 0 1 2.34369 1.11152 4.16078</i>
                        <i>1 0 0 0 1 0 0 0 1 2.34369 1.1133 4.16078</i>
                        <i>1 0 0 0 1 0 0 0 1 2.34369 1.11127 4.16078</i>
                        <i>1 0 0 0 1 0 0 0 1 2.34369 1.11136 4.16078</i>
                        <i>1 0 0 0 1 0 0 0 1 2.34369 1.11282 4.16078</i>
                        <i>1 0 0 0 1 0 0 0 1 2.34369 1.11249 4.16078</i>
                        <i>1 0 0 0 1 0 0 0 1 2.34369 1.11102 4.16078</i>
                        <i>1 0 0 0 1 0 0 0 1 2.34369 1.10917 4.16078</i>
                        <i>1 0 0 0 1 0 0 0 1 2.34369 1.11022 4.16078</i>
                        <i>1 0 0 0 1 0 0 0 1 2.34369 1.11012 4.16078</i>
                        <i>1 0 0 0 1 0 0 0 1 2.34369 1.11158 4.16078</i>
                        <i>1 0 0 0 1 0 0 0 1 2.34369 1.1129 4.16078</i>
                        <i>1 0 0 0 1 0 0 0 1 2.34369 1.11405 4.16078</i>
                        <i>1 0 0 0 1 0 0 0 1 2.34369 1.11439 4.16078</i>
                        <i>1 0 0 0 1 0 0 0 1 2.34369 1.11443 4.16078</i>
                        <i>1 0 0 0 1 0 0 0 1 2.34369 1.10945 4.16078</i>
                        <i>1 0 0 0 1 0 0 0 1 2.34369 1.11203 4.16078</i>
                        <i>1 0 0 0 1 0 0 0 1 2.34369 1.11117 4.16078</i>
                        <i>1 0 0 0 1 0 0 0 1 2.34369 1.11217 4.16078</i>
                        <i>1 0 0 0 1 0 0 0 1 2.34369 1.10989 4.16078</i>
                        <i>1 0 0 0 1 0 0 0 1 2.34369 1.11154 4.16078</i>
                        <i>1 0 0 0 1 0 0 0 1 2.34369 1.11395 4.16078</i>
                        <i>1 0 0 0 1 0 0 0 1 2.34369 1.11313 4.16078</i>
                        <i>1 0 0 0 1 0 0 0 1 2.34369 1.11126 4.16078</i>
                        <i>1 0 0 0 1 0 0 0 1 2.34369 1.11148 4.16078</i>
                        <i>1 0 0 0 1 0 0 0 1 2.34369 1.11103 4.16078</i>
                        <i>1 0 0 0 1 0 0 0 1 2.34369 1.11243 4.16078</i>
                        <i>1 0 0 0 1 0 0 0 1 2.34369 1.11125 4.16078</i>
                        <i>1 0 0 0 1 0 0 0 1 2.34369 1.11116 4.16078</i>
                        <i>1 0 0 0 1 0 0 0 1 2.34369 1.11159 4.16078</i>
                        <i>1 0 0 0 1 0 0 0 1 2.34369 1.11094 4.16078</i>
                        <i>1 0 0 0 1 0 0 0 1 2.34369 1.11002 4.16078</i>
                        <i>1 0 0 0 1 0 0 0 1 2.34369 1.11165 4.16078</i>
                        <i>1 0 0 0 1 0 0 0 1 2.34369 1.11179 4.16078</i>
                        <i>1 0 0 0 1 0 0 0 1 2.34369 1.11197 4.16078</i>
                        <i>1 0 0 0 1 0 0 0 1 2.34369 1.11199 4.16078</i>
                        <i>1 0 0 0 1 0 0 0 1 2.34369 1.10926 4.16078</i>
                        <i>1 0 0 0 1 0 0 0 1 2.34369 1.11304 4.16078</i>
                        <i>1 0 0 0 1 0 0 0 1 2.34369 1.11149 4.16078</i>
                        <i>1 0 0 0 1 0 0 0 1 2.34369 1.11284 4.16078</i>
                        <i>1 0 0 0 1 0 0 0 1 2.34369 1.11074 4.16078</i>
                        <i>1 0 0 0 1 0 0 0 1 2.34369 1.11127 4.16078</i>
                        <i>1 0 0 0 1 0 0 0 1 2.34369 1.1111 4.16078</i>
                        <i>1 0 0 0 1 0 0 0 1 2.34369 1.11306 4.16078</i>
                        <i>1 0 0 0 1 0 0 0 1 2.34369 1.11045 4.16078</i>
                        <i>1 0 0 0 1 0 0 0 1 2.34369 1.11231 4.16078</i>
                        <i>1 0 0 0 1 0 0 0 1 2.34369 1.11266 4.16078</i>
                    </KeyFrames>
                </p>
            </i>
            <i>
                <p>
                    <Name><![CDATA[l_wheel_2]]></Name>
                    <Exclude>0</Exclude>
                    <Additive>0</Additive>
                    <IKPriority>0</IKPriority>
                    <IKRotLimits>-1e+010 -1e+010 -1e+010 1e+010 1e+010 1e+010</IKRotLimits>
                    <IKRotLimitOrder>0</IKRotLimitOrder>
                    <KeyFrames count="61">
                        <i>1 0 0 0 1 0 0 0 1 2.25755 0.674446 3.10264</i>
                        <i>1 0 0 0 1 0 0 0 1 2.25755 0.670671 3.10264</i>
                        <i>1 0 0 0 1 0 0 0 1 2.25755 0.673659 3.10264</i>
                        <i>1 0 0 0 1 0 0 0 1 2.25755 0.675315 3.10264</i>
                        <i>1 0 0 0 1 0 0 0 1 2.25755 0.675966 3.10264</i>
                        <i>1 0 0 0 1 0 0 0 1 2.25755 0.674338 3.10264</i>
                        <i>1 0 0 0 1 0 0 0 1 2.25755 0.674493 3.10264</i>
                        <i>1 0 0 0 1 0 0 0 1 2.25755 0.673918 3.10264</i>
                        <i>1 0 0 0 1 0 0 0 1 2.25755 0.672099 3.10264</i>
                        <i>1 0 0 0 1 0 0 0 1 2.25755 0.672989 3.10264</i>
                        <i>1 0 0 0 1 0 0 0 1 2.25755 0.67435 3.10264</i>
                        <i>1 0 0 0 1 0 0 0 1 2.25755 0.671693 3.10264</i>
                        <i>1 0 0 0 1 0 0 0 1 2.25755 0.672299 3.10264</i>
                        <i>1 0 0 0 1 0 0 0 1 2.25755 0.673222 3.10264</i>
                        <i>1 0 0 0 1 0 0 0 1 2.25755 0.668898 3.10264</i>
                        <i>1 0 0 0 1 0 0 0 1 2.25755 0.670866 3.10264</i>
                        <i>1 0 0 0 1 0 0 0 1 2.25755 0.671541 3.10264</i>
                        <i>1 0 0 0 1 0 0 0 1 2.25755 0.671369 3.10264</i>
                        <i>1 0 0 0 1 0 0 0 1 2.25755 0.675185 3.10264</i>
                        <i>1 0 0 0 1 0 0 0 1 2.25755 0.675773 3.10264</i>
                        <i>1 0 0 0 1 0 0 0 1 2.25755 0.673786 3.10264</i>
                        <i>1 0 0 0 1 0 0 0 1 2.25755 0.673311 3.10264</i>
                        <i>1 0 0 0 1 0 0 0 1 2.25755 0.673095 3.10264</i>
                        <i>1 0 0 0 1 0 0 0 1 2.25755 0.6731 3.10264</i>
                        <i>1 0 0 0 1 0 0 0 1 2.25755 0.674424 3.10264</i>
                        <i>1 0 0 0 1 0 0 0 1 2.25755 0.674179 3.10264</i>
                        <i>1 0 0 0 1 0 0 0 1 2.25755 0.671385 3.10264</i>
                        <i>1 0 0 0 1 0 0 0 1 2.25755 0.671573 3.10264</i>
                        <i>1 0 0 0 1 0 0 0 1 2.25755 0.673961 3.10264</i>
                        <i>1 0 0 0 1 0 0 0 1 2.25755 0.672746 3.10264</i>
                        <i>1 0 0 0 1 0 0 0 1 2.25755 0.673623 3.10264</i>
                        <i>1 0 0 0 1 0 0 0 1 2.25755 0.674682 3.10264</i>
                        <i>1 0 0 0 1 0 0 0 1 2.25755 0.66993 3.10264</i>
                        <i>1 0 0 0 1 0 0 0 1 2.25755 0.671351 3.10264</i>
                        <i>1 0 0 0 1 0 0 0 1 2.25755 0.672528 3.10264</i>
                        <i>1 0 0 0 1 0 0 0 1 2.25755 0.669344 3.10264</i>
                        <i>1 0 0 0 1 0 0 0 1 2.25755 0.672113 3.10264</i>
                        <i>1 0 0 0 1 0 0 0 1 2.25755 0.674595 3.10264</i>
                        <i>1 0 0 0 1 0 0 0 1 2.25755 0.672298 3.10264</i>
                        <i>1 0 0 0 1 0 0 0 1 2.25755 0.672317 3.10264</i>
                        <i>1 0 0 0 1 0 0 0 1 2.25755 0.67284 3.10264</i>
                        <i>1 0 0 0 1 0 0 0 1 2.25755 0.674826 3.10264</i>
                        <i>1 0 0 0 1 0 0 0 1 2.25755 0.672163 3.10264</i>
                        <i>1 0 0 0 1 0 0 0 1 2.25755 0.671741 3.10264</i>
                        <i>1 0 0 0 1 0 0 0 1 2.25755 0.674345 3.10264</i>
                        <i>1 0 0 0 1 0 0 0 1 2.25755 0.675566 3.10264</i>
                        <i>1 0 0 0 1 0 0 0 1 2.25755 0.675363 3.10264</i>
                        <i>1 0 0 0 1 0 0 0 1 2.25755 0.674347 3.10264</i>
                        <i>1 0 0 0 1 0 0 0 1 2.25755 0.674534 3.10264</i>
                        <i>1 0 0 0 1 0 0 0 1 2.25755 0.673483 3.10264</i>
                        <i>1 0 0 0 1 0 0 0 1 2.25755 0.671988 3.10264</i>
                        <i>1 0 0 0 1 0 0 0 1 2.25755 0.673672 3.10264</i>
                        <i>1 0 0 0 1 0 0 0 1 2.25755 0.674671 3.10264</i>
                        <i>1 0 0 0 1 0 0 0 1 2.25755 0.671363 3.10264</i>
                        <i>1 0 0 0 1 0 0 0 1 2.25755 0.672423 3.10264</i>
                        <i>1 0 0 0 1 0 0 0 1 2.25755 0.671443 3.10264</i>
                        <i>1 0 0 0 1 0 0 0 1 2.25755 0.669059 3.10264</i>
                        <i>1 0 0 0 1 0 0 0 1 2.25755 0.670763 3.10264</i>
                        <i>1 0 0 0 1 0 0 0 1 2.25755 0.671784 3.10264</i>
                        <i>1 0 0 0 1 0 0 0 1 2.25755 0.672678 3.10264</i>
                        <i>1 0 0 0 1 0 0 0 1 2.25755 0.67555 3.10264</i>
                    </KeyFrames>
                </p>
            </i>
            <i>
                <p>
                    <Name><![CDATA[l_wheel_3]]></Name>
                    <Exclude>0</Exclude>
                    <Additive>0</Additive>
                    <IKPriority>0</IKPriority>
                    <IKRotLimits>-1e+010 -1e+010 -1e+010 1e+010 1e+010 1e+010</IKRotLimits>
                    <IKRotLimitOrder>0</IKRotLimitOrder>
                    <KeyFrames count="61">
