<?xml version="1.0" encoding="ISO-8859-1" ?>
<Animl Version="1">
    <ModellingPackage><![CDATA[Maya.2010]]></ModellingPackage>
    <SrcFile><![CDATA[anims\vehicles\red\~src\land\tank_t55\tank_t55_left_tread.mb]]></SrcFile>
    <FramesPerSecond>30</FramesPerSecond>
    <TotalFrames>61</TotalFrames>
    <Skeleton>
        <RefFrame>
            <Name><![CDATA[t55_ref_frame]]></Name>
            <Exclude>1</Exclude>
            <Additive>0</Additive>
            <IKPriority>0</IKPriority>
            <IKRotLimits>-1e+010 -1e+010 -1e+010 1e+010 1e+010 1e+010</IKRotLimits>
            <IKRotLimitOrder>0</IKRotLimitOrder>
            <KeyFrames count="61">
                <i>1 0 0 0 1 0 0 0 1 0 0 0</i>
                <i>1 0 0 0 1 0 0 0 1 0 0 0</i>
                <i>1 0 0 0 1 0 0 0 1 0 0 0</i>
                <i>1 0 0 0 1 0 0 0 1 0 0 0</i>
                <i>1 0 0 0 1 0 0 0 1 0 0 0</i>
                <i>1 0 0 0 1 0 0 0 1 0 0 0</i>
                <i>1 0 0 0 1 0 0 0 1 0 0 0</i>
                <i>1 0 0 0 1 0 0 0 1 0 0 0</i>
                <i>1 0 0 0 1 0 0 0 1 0 0 0</i>
                <i>1 0 0 0 1 0 0 0 1 0 0 0</i>
                <i>1 0 0 0 1 0 0 0 1 0 0 0</i>
                <i>1 0 0 0 1 0 0 0 1 0 0 0</i>
                <i>1 0 0 0 1 0 0 0 1 0 0 0</i>
                <i>1 0 0 0 1 0 0 0 1 0 0 0</i>
                <i>1 0 0 0 1 0 0 0 1 0 0 0</i>
                <i>1 0 0 0 1 0 0 0 1 0 0 0</i>
                <i>1 0 0 0 1 0 0 0 1 0 0 0</i>
                <i>1 0 0 0 1 0 0 0 1 0 0 0</i>
                <i>1 0 0 0 1 0 0 0 1 0 0 0</i>
                <i>1 0 0 0 1 0 0 0 1 0 0 0</i>
                <i>1 0 0 0 1 0 0 0 1 0 0 0</i>
                <i>1 0 0 0 1 0 0 0 1 0 0 0</i>
                <i>1 0 0 0 1 0 0 0 1 0 0 0</i>
                <i>1 0 0 0 1 0 0 0 1 0 0 0</i>
                <i>1 0 0 0 1 0 0 0 1 0 0 0</i>
                <i>1 0 0 0 1 0 0 0 1 0 0 0</i>
                <i>1 0 0 0 1 0 0 0 1 0 0 0</i>
                <i>1 0 0 0 1 0 0 0 1 0 0 0</i>
                <i>1 0 0 0 1 0 0 0 1 0 0 0</i>
                <i>1 0 0 0 1 0 0 0 1 0 0 0</i>
                <i>1 0 0 0 1 0 0 0 1 0 0 0</i>
                <i>1 0 0 0 1 0 0 0 1 0 0 0</i>
                <i>1 0 0 0 1 0 0 0 1 0 0 0</i>
                <i>1 0 0 0 1 0 0 0 1 0 0 0</i>
                <i>1 0 0 0 1 0 0 0 1 0 0 0</i>
                <i>1 0 0 0 1 0 0 0 1 0 0 0</i>
                <i>1 0 0 0 1 0 0 0 1 0 0 0</i>
                <i>1 0 0 0 1 0 0 0 1 0 0 0</i>
                <i>1 0 0 0 1 0 0 0 1 0 0 0</i>
                <i>1 0 0 0 1 0 0 0 1 0 0 0</i>
                <i>1 0 0 0 1 0 0 0 1 0 0 0</i>
                <i>1 0 0 0 1 0 0 0 1 0 0 0</i>
                <i>1 0 0 0 1 0 0 0 1 0 0 0</i>
                <i>1 0 0 0 1 0 0 0 1 0 0 0</i>
                <i>1 0 0 0 1 0 0 0 1 0 0 0</i>
                <i>1 0 0 0 1 0 0 0 1 0 0 0</i>
                <i>1 0 0 0 1 0 0 0 1 0 0 0</i>
                <i>1 0 0 0 1 0 0 0 1 0 0 0</i>
                <i>1 0 0 0 1 0 0 0 1 0 0 0</i>
                <i>1 0 0 0 1 0 0 0 1 0 0 0</i>
                <i>1 0 0 0 1 0 0 0 1 0 0 0</i>
                <i>1 0 0 0 1 0 0 0 1 0 0 0</i>
                <i>1 0 0 0 1 0 0 0 1 0 0 0</i>
                <i>1 0 0 0 1 0 0 0 1 0 0 0</i>
                <i>1 0 0 0 1 0 0 0 1 0 0 0</i>
                <i>1 0 0 0 1 0 0 0 1 0 0 0</i>
                <i>1 0 0 0 1 0 0 0 1 0 0 0</i>
                <i>1 0 0 0 1 0 0 0 1 0 0 0</i>
                <i>1 0 0 0 1 0 0 0 1 0 0 0</i>
                <i>1 0 0 0 1 0 0 0 1 0 0 0</i>
                <i>1 0 0 0 1 0 0 0 1 0 0 0</i>
            </KeyFrames>
        </RefFrame>
        <Bones count="20">
            <i>
                <p>
                    <Name><![CDATA[t55_root]]></Name>
                    <Exclude>1</Exclude>
                    <Additive>0</Additive>
                    <IKPriority>0</IKPriority>
                    <IKRotLimits>-1e+010 -1e+010 -1e+010 1e+010 1e+010 1e+010</IKRotLimits>
                    <IKRotLimitOrder>0</IKRotLimitOrder>
                    <KeyFrames count="61">
                        <i>1 0 0 0 1 0 0 0 1 0 0 0</i>
                        <i>1 0 0 0 1 0 0 0 1 0 0 0</i>
                        <i>1 0 0 0 1 0 0 0 1 0 0 0</i>
                        <i>1 0 0 0 1 0 0 0 1 0 0 0</i>
                        <i>1 0 0 0 1 0 0 0 1 0 0 0</i>
                        <i>1 0 0 0 1 0 0 0 1 0 0 0</i>
                        <i>1 0 0 0 1 0 0 0 1 0 0 0</i>
                        <i>1 0 0 0 1 0 0 0 1 0 0 0</i>
                        <i>1 0 0 0 1 0 0 0 1 0 0 0</i>
                        <i>1 0 0 0 1 0 0 0 1 0 0 0</i>
                        <i>1 0 0 0 1 0 0 0 1 0 0 0</i>
                        <i>1 0 0 0 1 0 0 0 1 0 0 0</i>
                        <i>1 0 0 0 1 0 0 0 1 0 0 0</i>
                        <i>1 0 0 0 1 0 0 0 1 0 0 0</i>
                        <i>1 0 0 0 1 0 0 0 1 0 0 0</i>
                        <i>1 0 0 0 1 0 0 0 1 0 0 0</i>
                        <i>1 0 0 0 1 0 0 0 1 0 0 0</i>
                        <i>1 0 0 0 1 0 0 0 1 0 0 0</i>
                        <i>1 0 0 0 1 0 0 0 1 0 0 0</i>
                        <i>1 0 0 0 1 0 0 0 1 0 0 0</i>
                        <i>1 0 0 0 1 0 0 0 1 0 0 0</i>
                        <i>1 0 0 0 1 0 0 0 1 0 0 0</i>
                        <i>1 0 0 0 1 0 0 0 1 0 0 0</i>
                        <i>1 0 0 0 1 0 0 0 1 0 0 0</i>
                        <i>1 0 0 0 1 0 0 0 1 0 0 0</i>
                        <i>1 0 0 0 1 0 0 0 1 0 0 0</i>
                        <i>1 0 0 0 1 0 0 0 1 0 0 0</i>
                        <i>1 0 0 0 1 0 0 0 1 0 0 0</i>
                        <i>1 0 0 0 1 0 0 0 1 0 0 0</i>
                        <i>1 0 0 0 1 0 0 0 1 0 0 0</i>
                        <i>1 0 0 0 1 0 0 0 1 0 0 0</i>
                        <i>1 0 0 0 1 0 0 0 1 0 0 0</i>
                        <i>1 0 0 0 1 0 0 0 1 0 0 0</i>
                        <i>1 0 0 0 1 0 0 0 1 0 0 0</i>
                        <i>1 0 0 0 1 0 0 0 1 0 0 0</i>
                        <i>1 0 0 0 1 0 0 0 1 0 0 0</i>
                        <i>1 0 0 0 1 0 0 0 1 0 0 0</i>
                        <i>1 0 0 0 1 0 0 0 1 0 0 0</i>
                        <i>1 0 0 0 1 0 0 0 1 0 0 0</i>
                        <i>1 0 0 0 1 0 0 0 1 0 0 0</i>
                        <i>1 0 0 0 1 0 0 0 1 0 0 0</i>
                        <i>1 0 0 0 1 0 0 0 1 0 0 0</i>
                        <i>1 0 0 0 1 0 0 0 1 0 0 0</i>
                        <i>1 0 0 0 1 0 0 0 1 0 0 0</i>
                        <i>1 0 0 0 1 0 0 0 1 0 0 0</i>
                        <i>1 0 0 0 1 0 0 0 1 0 0 0</i>
                        <i>1 0 0 0 1 0 0 0 1 0 0 0</i>
                        <i>1 0 0 0 1 0 0 0 1 0 0 0</i>
                        <i>1 0 0 0 1 0 0 0 1 0 0 0</i>
                        <i>1 0 0 0 1 0 0 0 1 0 0 0</i>
                        <i>1 0 0 0 1 0 0 0 1 0 0 0</i>
                        <i>1 0 0 0 1 0 0 0 1 0 0 0</i>
                        <i>1 0 0 0 1 0 0 0 1 0 0 0</i>
                        <i>1 0 0 0 1 0 0 0 1 0 0 0</i>
                        <i>1 0 0 0 1 0 0 0 1 0 0 0</i>
                        <i>1 0 0 0 1 0 0 0 1 0 0 0</i>
                        <i>1 0 0 0 1 0 0 0 1 0 0 0</i>
                        <i>1 0 0 0 1 0 0 0 1 0 0 0</i>
                        <i>1 0 0 0 1 0 0 0 1 0 0 0</i>
                        <i>1 0 0 0 1 0 0 0 1 0 0 0</i>
                        <i>1 0 0 0 1 0 0 0 1 0 0 0</i>
                    </KeyFrames>
                </p>
            </i>
            <i>
                <p>
                    <Name><![CDATA[t55_body]]></Name>
                    <Exclude>1</Exclude>
                    <Additive>0</Additive>
                    <IKPriority>0</IKPriority>
                    <IKRotLimits>-1e+010 -1e+010 -1e+010 1e+010 1e+010 1e+010</IKRotLimits>
                    <IKRotLimitOrder>0</IKRotLimitOrder>
                    <KeyFrames count="61">
                        <i>0.999987 -0.00513519 0 0.00513515 0.999979 -0.00392105 2.01353e-005 0.00392099 0.999992 0 0.998068 0</i>
                        <i>0.999988 -0.00485978 0 0.00485971 0.999973 -0.00544653 2.64689e-005 0.00544646 0.999985 0 1.00221 0</i>
                        <i>0.999996 -0.00282014 -2.11758e-022 0.00282014 0.999995 -0.00120549 3.39966e-006 0.00120549 0.999999 0 0.999409 0</i>
                        <i>0.999999 -0.00109346 0 0.00109346 0.999996 0.00262139 -2.86639e-006 -0.00262138 0.999997 0 1.0035 0</i>
                        <i>1 -0.000192649 0 0.000192647 0.999992 0.00410622 -7.91059e-007 -0.00410622 0.999992 0 1.00225 0</i>
                        <i>1 7.87453e-005 0 -7.87452e-005 0.999998 0.00186147 1.46582e-007 -0.00186147 0.999998 0 1.008 0</i>
                        <i>1 0.000137564 -6.61744e-024 -0.000137564 1 0.000617903 8.50011e-008 -0.000617903 1 0 1.00905 0</i>
                        <i>1 1.19208e-005 1.65436e-024 -1.19208e-005 0.999999 0.00114807 1.36858e-008 -0.00114807 0.999999 0 1.00572 0</i>
                        <i>1 0.000240398 0 -0.000240398 0.999999 0.00159335 3.83039e-007 -0.00159335 0.999999 0 1.0021 0</i>
                        <i>0.999999 0.00109551 0 -0.00109551 0.999999 -0.00113922 -1.24803e-006 0.00113922 0.999999 0 1.00179 0</i>
                        <i>0.999997 0.00227307 2.11758e-022 -0.00227307 0.999996 -0.00138168 -3.14066e-006 0.00138168 0.999999 0 0.999389 0</i>
                        <i>0.999997 0.0024446 -2.64698e-023 -0.0024446 0.999997 0.000100213 2.44981e-007 -0.000100213 1 0 1.00429 0</i>
                        <i>0.999999 0.00145492 0 -0.00145492 0.999999 -0.000411248 -5.98332e-007 0.000411247 1 0 1.00816 0</i>
                        <i>1 0.000316048 0 -0.000316047 0.999998 0.00188072 5.94397e-007 -0.00188072 0.999998 0 1.00243 0</i>
                        <i>1 0.000126626 0 -0.000126626 0.999999 0.00120865 1.53047e-007 -0.00120865 0.999999 0 1.00252 0</i>
                        <i>1 0.000755929 -1.05879e-022 -0.000755927 0.999997 0.00223759 1.69146e-006 -0.00223759 0.999997 0 1.00008 0</i>
                        <i>1 0.000833846 -2.11758e-022 -0.000833841 0.999994 0.00341088 2.84415e-006 -0.00341088 0.999994 0 0.998944 0</i>
                        <i>1 -4.01347e-006 8.27181e-025 4.01345e-006 0.999996 0.00266455 -1.06941e-008 -0.00266455 0.999996 0 0.998522 0</i>
                        <i>1 -0.000928218 0 0.000928217 0.999999 -0.000586879 5.44751e-007 0.000586878 1 0 0.999992 0</i>
                        <i>1 -4.96628e-005 0 4.96627e-005 0.999999 -0.00152914 7.59414e-008 0.00152914 0.999999 0 0.998741 0</i>
                        <i>0.999996 0.00265173 8.47033e-022 -0.00265172 0.999991 -0.003217 -8.53061e-006 0.00321698 0.999995 0 1.01017 0</i>
                        <i>0.999989 0.00472737 0 -0.00472734 0.999983 -0.00354133 -1.67412e-005 0.00354129 0.999994 0 1.00184 0</i>
                        <i>0.999988 0.00484653 -1.69407e-021 -0.00484651 0.999983 -0.00336298 -1.62988e-005 0.00336294 0.999994 0 0.998444 0</i>
                        <i>0.999994 0.0033428 0 -0.0033428 0.999994 -0.000528491 -1.76664e-006 0.000528488 1 0 0.99959 0</i>
                        <i>0.999998 0.00178936 -1.05879e-022 -0.00178935 0.999998 -0.000577901 -1.03407e-006 0.0005779 1 0 1.00286 0</i>
                        <i>1 0.000387991 0 -0.000387991 0.999998 -0.00184045 -7.14077e-007 0.00184045 0.999998 0 0.998075 0</i>
                        <i>1 -0.000463565 -2.64698e-023 0.000463565 1 -0.000746325 3.4597e-007 0.000746325 1 0 1.00044 0</i>
                        <i>1 -0.000297673 5.29396e-023 0.000297672 0.999998 0.00179488 -5.34288e-007 -0.00179488 0.999998 0 1.00432 0</i>
                        <i>1 0.000766867 0 -0.000766864 0.999997 0.00250475 1.92081e-006 -0.00250475 0.999997 0 1.00089 0</i>
                        <i>0.999999 0.00134096 -2.11758e-022 -0.00134095 0.999997 -0.00182871 -2.45222e-006 0.00182871 0.999998 0 0.994212 0</i>
                        <i>0.999999 0.00102706 -2.11758e-022 -0.00102706 0.999997 -0.00200286 -2.05706e-006 0.00200286 0.999998 0 0.988962 0</i>
                        <i>1 4.56233e-005 0 -4.56232e-005 0.999998 -0.00188314 -8.59148e-008 0.00188314 0.999998 0 0.985688 0</i>
                        <i>0.999999 -0.00106447 -4.23516e-022 0.00106446 0.999986 -0.00521432 5.55049e-006 0.00521432 0.999986 0 0.990847 0</i>
                        <i>0.999997 -0.00226994 -8.47033e-022 0.00226991 0.999986 -0.00469677 1.06614e-005 0.00469676 0.999989 0 0.995192 0</i>
                        <i>0.999995 -0.00305433 0 0.00305432 0.999994 -0.00187214 5.71812e-006 0.00187213 0.999998 0 1.00015 0</i>
                        <i>0.999995 -0.00311601 0 0.003116 0.999995 -0.00101722 3.16965e-006 0.00101721 0.999999 0 1.00201 0</i>
                        <i>0.999997 -0.00254036 -2.11758e-022 0.00254036 0.999996 0.000725438 -1.84287e-006 -0.000725435 1 0 1.00298 0</i>
                        <i>0.999998 -0.00176294 5.29396e-023 0.00176294 0.999998 -0.000412176 7.2664e-007 0.000412176 1 0 1.00578 0</i>
                        <i>1 -0.000844861 0 0.000844861 0.999999 -0.000646001 5.45781e-007 0.000646001 1 0 1.00271 0</i>
                        <i>1 -0.000253758 -2.64698e-023 0.000253758 1 -0.00097108 2.46419e-007 0.00097108 1 0 0.99966 0</i>
                        <i>1 -0.000584014 0 0.000584014 1 0.000620804 -3.62558e-007 -0.000620804 1 0 1.00447 0</i>
                        <i>0.999999 -0.00172696 0 0.00172695 0.999995 0.00251818 -4.34879e-006 -0.00251817 0.999997 0 1.00728 0</i>
                        <i>0.999997 -0.00224289 0 0.00224288 0.999992 0.00344947 -7.7368e-006 -0.00344947 0.999994 0 1.00792 0</i>
                        <i>0.999999 -0.00168884 4.23516e-022 0.00168883 0.999995 0.00253154 -4.27536e-006 -0.00253154 0.999997 0 1.00916 0</i>
                        <i>1 -0.000529811 0 0.00052981 0.999997 0.00244221 -1.29391e-006 -0.00244221 0.999997 0 1.00081 0</i>
                        <i>1 1.40991e-005 0 -1.40991e-005 0.999997 0.00242096 3.41334e-008 -0.00242096 0.999997 0 0.99884 0</i>
                        <i>1 -0.00011573 2.64698e-023 0.00011573 0.999997 0.002387 -2.76247e-007 -0.002387 0.999997 0 0.997952 0</i>
                        <i>1 -0.000488305 1.05879e-022 0.000488304 0.999998 0.00201125 -9.82103e-007 -0.00201125 0.999998 0 0.998265 0</i>
                        <i>1 -0.000832874 2.11758e-022 0.000832871 0.999996 -0.00265333 2.20989e-006 0.00265333 0.999996 0 1.00173 0</i>
                        <i>0.999999 -0.00111958 -4.23516e-022 0.00111955 0.99998 -0.00626047 7.00907e-006 0.00626046 0.99998 0 1.00226 0</i>
                        <i>0.999999 -0.00118338 -4.23516e-022 0.00118338 0.999996 -0.00256189 3.0317e-006 0.00256189 0.999997 0 0.997689 0</i>
                        <i>1 -0.000999015 0 0.000999015 0.999999 -0.000809704 8.08906e-007 0.000809703 1 0 1.00633 0</i>
                        <i>1 -0.000523161 -5.29396e-023 0.000523161 0.999999 -0.00153799 8.04619e-007 0.00153799 0.999999 0 1.00616 0</i>
                        <i>1 0.000303615 0 -0.000303614 0.999997 -0.00259873 -7.89015e-007 0.00259873 0.999997 0 0.9986 0</i>
                        <i>0.999999 0.00139248 3.30872e-024 -0.00139248 0.999999 3.76088e-005 5.23697e-008 -3.76088e-005 1 0 0.992033 0</i>
                        <i>0.999999 0.00143782 0 -0.00143782 0.999998 0.00142469 2.04845e-006 -0.00142469 0.999999 0 0.997009 0</i>
                        <i>1 7.99156e-006 0 -7.99156e-006 0.999999 0.00118373 9.45982e-009 -0.00118373 0.999999 0 1.00528 0</i>
                        <i>0.999998 -0.0022063 0 0.00220629 0.999994 0.00281964 -6.22098e-006 -0.00281963 0.999996 0 1.00746 0</i>
                        <i>0.999995 -0.00325963 0 0.00325961 0.999988 0.00357811 -1.16633e-005 -0.00357809 0.999994 0 0.998581 0</i>
                        <i>0.999995 -0.00303782 -8.47033e-022 0.00303779 0.999986 0.00443316 -1.34672e-005 -0.00443314 0.99999 0 0.992113 0</i>
                        <i>0.999998 -0.00186104 0 0.00186103 0.999996 -0.00220819 4.10953e-006 0.00220819 0.999998 0 0.988663 0</i>
                    </KeyFrames>
                </p>
            </i>
            <i>
                <p>
                    <Name><![CDATA[l_tread]]></Name>
                    <Exclude>0</Exclude>
                    <Additive>0</Additive>
                    <IKPriority>0</IKPriority>
                    <IKRotLimits>-1e+010 -1e+010 -1e+010 1e+010 1e+010 1e+010</IKRotLimits>
                    <IKRotLimitOrder>0</IKRotLimitOrder>
                    <KeyFrames count="61">
                        <i>1 0 0 0 1 -0.000272009 0 0.000272009 1 2.13854 0.655266 0</i>
                        <i>1 0 0 0 0.999995 -0.0032767 0 0.0032767 0.999995 2.13854 0.655266 0</i>
                        <i>1 0 0 0 0.999999 0.00164547 0 -0.00164547 0.999999 2.13854 0.655266 0</i>
                        <i>1 0 0 0 1 0.000864915 0 -0.000864915 1 2.13854 0.655266 0</i>
                        <i>1 0 0 0 0.999996 -0.00273863 0 0.00273863 0.999996 2.13854 0.655266 0</i>
                        <i>1 0 0 0 0.999995 -0.00317076 0 0.00317076 0.999995 2.13854 0.655266 0</i>
                        <i>1 0 0 0 0.999976 0.00686967 0 -0.00686967 0.999976 2.13854 0.655266 0</i>
                        <i>1 0 0 0 0.999994 0.00341526 0 -0.00341526 0.999994 2.13854 0.655266 0</i>
                        <i>1 0 0 0 0.999999 0.00131077 0 -0.00131077 0.999999 2.13854 0.655266 0</i>
                        <i>1 0 0 0 0.999994 -0.00339734 0 0.00339734 0.999994 2.13854 0.655266 0</i>
                        <i>1 0 0 0 1 -0.00057155 0 0.00057155 1 2.13854 0.655266 0</i>
                        <i>1 0 0 0 1 -0.000351617 0 0.000351617 1 2.13854 0.655266 0</i>
                        <i>1 0 0 0 1 0.000590582 0 -0.000590582 1 2.13854 0.655266 0</i>
                        <i>1 0 0 0 0.999998 0.00185906 0 -0.00185906 0.999998 2.13854 0.655266 0</i>
                        <i>1 0 0 0 0.999994 -0.00342653 0 0.00342653 0.999994 2.13854 0.655266 0</i>
                        <i>1 0 0 0 1 0.00088052 0 -0.00088052 1 2.13854 0.655266 0</i>
                        <i>1 0 0 0 1 -0.000261167 0 0.000261167 1 2.13854 0.655266 0</i>
                        <i>1 0 0 0 0.999998 0.0017787 0 -0.0017787 0.999998 2.13854 0.655266 0</i>
                        <i>1 0 0 0 1 -0.000223018 0 0.000223018 1 2.13854 0.655266 0</i>
                        <i>1 0 0 0 0.999999 -0.00118221 0 0.00118221 0.999999 2.13854 0.655266 0</i>
                        <i>1 0 0 0 0.999998 -0.00174969 0 0.00174969 0.999998 2.13854 0.655266 0</i>
                        <i>1 0 0 0 1 0.000754367 0 -0.000754367 1 2.13854 0.655266 0</i>
                        <i>1 0 0 0 0.999996 -0.00273658 0 0.00273658 0.999996 2.13854 0.655266 0</i>
                        <i>1 0 0 0 1 0.000641824 0 -0.000641824 1 2.13854 0.655266 0</i>
                        <i>1 0 0 0 0.999999 0.00154918 0 -0.00154918 0.999999 2.13854 0.655266 0</i>
                        <i>1 0 0 0 1 -0.000252833 0 0.000252833 1 2.13854 0.655266 0</i>
                        <i>1 0 0 0 0.999993 -0.00386412 0 0.00386412 0.999993 2.13854 0.655266 0</i>
                        <i>1 0 0 0 0.999999 0.00130003 0 -0.00130003 0.999999 2.13854 0.655266 0</i>
                        <i>1 0 0 0 0.999999 0.00158928 0 -0.00158928 0.999999 2.13854 0.655266 0</i>
                        <i>1 0 0 0 0.999992 0.00395638 0 -0.00395638 0.999992 2.13854 0.655266 0</i>
                        <i>1 0 0 0 0.999997 0.00256263 0 -0.00256263 0.999997 2.13854 0.655266 0</i>
                        <i>1 0 0 0 0.999995 0.00325891 0 -0.00325891 0.999995 2.13854 0.655266 0</i>
                        <i>1 0 0 0 0.999996 -0.00275398 0 0.00275398 0.999996 2.13854 0.655266 0</i>
                        <i>1 0 0 0 1 -0.000737241 0 0.000737241 1 2.13854 0.655266 0</i>
                        <i>1 0 0 0 1 0.000104758 0 -0.000104758 1 2.13854 0.655266 0</i>
                        <i>1 0 0 0 0.999996 -0.00266026 0 0.00266026 0.999996 2.13854 0.655266 0</i>
                        <i>1 0 0 0 0.999998 0.00177323 0 -0.00177323 0.999998 2.13854 0.655266 0</i>
                        <i>1 0 0 0 0.999999 -0.00102354 0 0.00102354 0.999999 2.13854 0.655266 0</i>
                        <i>1 0 0 0 0.999998 0.00202467 0 -0.00202467 0.999998 2.13854 0.655266 0</i>
                        <i>1 0 0 0 0.999999 0.00113113 0 -0.00113113 0.999999 2.13854 0.655266 0</i>
                        <i>1 0 0 0 1 -8.65943e-006 0 8.65943e-006 1 2.13854 0.655266 0</i>
                        <i>1 0 0 0 0.999998 -0.00195118 0 0.00195118 0.999998 2.13854 0.655266 0</i>
                        <i>1 0 0 0 1 -0.000322159 0 0.000322159 1 2.13854 0.655266 0</i>
                        <i>1 0 0 0 0.99999 -0.00441274 0 0.00441274 0.99999 2.13854 0.655266 0</i>
                        <i>1 0 0 0 0.999996 0.00291773 0 -0.00291773 0.999996 2.13854 0.655266 0</i>
                        <i>1 0 0 0 1 -0.000965482 0 0.000965482 1 2.13854 0.655266 0</i>
                        <i>1 0 0 0 0.999997 -0.00224719 0 0.00224719 0.999997 2.13854 0.655266 0</i>
                        <i>1 0 0 0 1 -0.000551122 0 0.000551122 1 2.13854 0.655266 0</i>
                        <i>1 0 0 0 0.999985 0.00548885 0 -0.00548885 0.999985 2.13854 0.655266 0</i>
                        <i>1 0 0 0 0.999997 0.0025148 0 -0.0025148 0.999997 2.13854 0.655266 0</i>
                        <i>1 0 0 0 1 -0.000510175 0 0.000510175 1 2.13854 0.655266 0</i>
                        <i>1 0 0 0 0.999995 -0.00301453 0 0.00301453 0.999995 2.13854 0.655266 0</i>
                        <i>1 0 0 0 1 -0.000966857 0 0.000966857 1 2.13854 0.655266 0</i>
                        <i>1 0 0 0 1 -0.0001522 0 0.0001522 1 2.13854 0.655266 0</i>
                        <i>1 0 0 0 0.999997 0.00238896 0 -0.00238896 0.999997 2.13854 0.655266 0</i>
                        <i>1 0 0 0 1 -0.000928953 0 0.000928953 1 2.13854 0.655266 0</i>
                        <i>1 0 0 0 0.999997 -0.00245693 0 0.00245693 0.999997 2.13854 0.655266 0</i>
                        <i>1 0 0 0 0.999999 0.00124747 0 -0.00124747 0.999999 2.13854 0.655266 0</i>
                        <i>1 0 0 0 1 -0.000357306 0 0.000357306 1 2.13854 0.655266 0</i>
                        <i>1 0 0 0 1 0.000890559 0 -0.000890559 1 2.13854 0.655266 0</i>
                        <i>1 0 0 0 1 -0.000413631 0 0.000413631 1 2.13854 0.655266 0</i>
                    </KeyFrames>
                </p>
            </i>
            <i>
                <p>
                    <Name><![CDATA[l_tread1]]></Name>
                    <Exclude>0</Exclude>
                    <Additive>0</Additive>
                    <IKPriority>0</IKPriority>
                    <IKRotLimits>-1e+010 -1e+010 -1e+010 1e+010 1e+010 1e+010</IKRotLimits>
                    <IKRotLimitOrder>0</IKRotLimitOrder>
                    <KeyFrames count="61">
                        <i>0.999905 0.013789 -3.75073e-006 -0.013789 0.999904 0.00129832 2.16529e-005 -0.00129814 0.999999 2.13854 1.41354 -0.000206257</i>
                        <i>1 0.000368409 -1.20717e-006 -0.000368411 0.999996 -0.0027437 1.96362e-007 0.0027437 0.999996 2.13854 1.43197 -0.00254503</i>
                        <i>0.999996 0.00272723 4.48758e-006 -0.00272708 0.999919 0.0124325 2.94192e-005 -0.0124325 0.999923 2.13854 1.44777 0.00130404</i>
                        <i>0.999971 0.00767013 6.63401e-006 -0.0076694 0.999863 0.0146408 0.000105664 -0.0146404 0.999893 2.13854 1.44057 0.000679224</i>
                        <i>0.999967 0.00813599 -2.22816e-005 -0.008136 0.999967 -0.000394801 1.90687e-005 0.000394969 1 2.13854 1.43796 -0.00214352</i>
                        <i>0.999803 0.0198615 -6.29763e-005 -0.0198605 0.999774 0.00752937 0.000212507 -0.00752664 0.999972 2.13854 1.43048 -0.00245803</i>
                        <i>0.999993 -0.00381362 -2.61989e-005 0.00381348 0.999984 -0.00422816 4.23231e-005 0.00422803 0.999991 2.13854 1.42881 0.00531415</i>
                        <i>0.999992 0.00392753 1.34136e-005 -0.00392748 0.999949 0.00927349 2.30089e-005 -0.00927347 0.999957 2.13854 1.43625 0.00266727</i>
                        <i>0.999998 0.00183905 2.41058e-006 -0.00183899 0.999977 -0.00650231 -1.43686e-005 0.0065023 0.999979 2.13854 1.43969 0.0010282</i>
                        <i>0.999993 0.00384509 -1.30631e-005 -0.00384504 0.999949 -0.00929533 -2.26789e-005 0.00929531 0.999957 2.13854 1.45353 -0.002712</i>
                        <i>0.999959 -0.00905548 5.17566e-006 0.00905474 0.999884 0.0122338 -0.000115958 -0.0122333 0.999925 2.13854 1.44603 -0.000451959</i>
                        <i>0.999864 -0.0165079 5.80446e-006 0.0165075 0.999844 0.00628137 -0.000109496 -0.00628041 0.99998 2.13854 1.44629 -0.000278137</i>
                        <i>0.999893 -0.0146022 -8.62379e-006 0.0146016 0.99986 -0.00817201 0.000127952 0.00817101 0.999967 2.13854 1.44075 0.000463891</i>
                        <i>0.999982 0.00602142 1.11942e-005 -0.0060214 0.999969 0.00514458 1.97838e-005 -0.00514455 0.999987 2.13854 1.45105 0.00147942</i>
                        <i>0.999828 -0.0185669 6.36203e-005 0.0185669 0.999805 -0.00669293 6.0659e-005 0.00669296 0.999978 2.13854 1.44852 -0.00271812</i>
                        <i>0.999907 -0.0136265 -1.19984e-005 0.0136265 0.999904 -0.00250075 4.60738e-005 0.00250035 0.999997 2.13854 1.46188 0.000710239</i>
                        <i>0.999994 0.0035388 -9.24217e-007 -0.00353868 0.999956 -0.00863461 -2.9632e-005 0.00863456 0.999963 2.13854 1.4557 -0.000209046</i>
                        <i>0.999962 0.00868237 1.54433e-005 -0.00868214 0.999946 -0.00562143 -6.42498e-005 0.00562109 0.999984 2.13854 1.46224 0.00143537</i>
                        <i>0.999966 0.00824247 -1.83822e-006 -0.00824234 0.99995 -0.00574522 -4.55166e-005 0.00574504 0.999983 2.13854 1.45345 -0.000178009</i>
                        <i>0.999992 0.00401573 -4.74744e-006 -0.00401496 0.999776 -0.0207893 -7.87378e-005 0.0207892 0.999784 2.13854 1.46816 -0.000961017</i>
                        <i>0.999971 0.00761137 -1.33176e-005 -0.00761138 0.999971 -0.000419966 1.01207e-005 0.000420055 1 2.13854 1.46529 -0.00141729</i>
                        <i>0.999992 0.00387522 2.92334e-006 -0.00387514 0.999965 0.00734804 2.5552e-005 -0.00734799 0.999973 2.13854 1.45608 0.000604111</i>
                        <i>1 -0.000891348 2.43925e-006 0.000891334 0.999993 0.0036096 -5.65665e-006 -0.0036096 0.999993 2.13854 1.44322 -0.0021563</i>
                        <i>0.999997 0.00243616 1.56358e-006 -0.00243614 0.999985 0.00484577 1.02415e-005 -0.00484576 0.999988 2.13854 1.43966 0.000503441</i>
                        <i>0.999975 0.00707216 1.09561e-005 -0.00707201 0.999962 -0.00516271 -4.74671e-005 0.0051625 0.999987 2.13854 1.43708 0.00121117</i>
                        <i>0.999986 -0.00529791 1.33949e-006 0.00529693 0.999797 -0.0194609 0.000101763 0.0194607 0.999811 2.13854 1.44091 -0.000198638</i>
                        <i>0.999988 0.00487992 -1.88567e-005 -0.00487996 0.999981 -0.00370124 7.94631e-007 0.00370128 0.999993 2.13854 1.43602 -0.00301697</i>
                        <i>0.999966 0.00821768 1.06832e-005 -0.00821766 0.999966 -0.00112535 -1.99306e-005 0.00112523 0.999999 2.13854 1.43337 0.00101156</i>
                        <i>0.999848 0.0174315 2.77035e-005 -0.0174299 0.999732 0.0152078 0.000237399 -0.015206 0.999884 2.13854 1.43565 0.00124025</i>
                        <i>0.999986 0.0052864 2.09152e-005 -0.00528636 0.999941 0.00944531 2.90177e-005 -0.00944529 0.999955 2.13854 1.45087 0.00314775</i>
                        <i>0.999986 0.00533433 1.367e-005 -0.00533431 0.999965 0.00650446 2.10275e-005 -0.00650444 0.999979 2.13854 1.44027 0.00201168</i>
                        <i>0.999989 0.00477488 1.5561e-005 -0.00477479 0.999938 0.0100863 3.26009e-005 -0.0100863 0.999949 2.13854 1.42046 0.00249371</i>
                        <i>0.99999 -0.004567 1.25775e-005 0.00456701 0.999985 -0.00310884 1.62077e-006 0.00310886 0.999995 2.13854 1.4277 -0.00212729</i>
                        <i>0.999884 -0.0152249 1.12244e-005 0.0152249 0.999884 -0.000148655 -8.95985e-006 0.000148809 1 2.13854 1.4447 -0.000582003</i>
                        <i>0.99998 0.00639377 6.69798e-007 -0.0063935 0.999938 0.00913505 5.77376e-005 -0.00913487 0.999958 2.13854 1.43924 8.21277e-005</i>
                        <i>0.99996 -0.00897396 2.38732e-005 0.008974 0.999956 -0.00288822 2.04667e-006 0.00288832 0.999996 2.13854 1.43852 -0.00208368</i>
                        <i>0.99978 -0.0209583 -3.7164e-005 0.0209564 0.999713 -0.0115838 0.000279931 0.0115805 0.999933 2.13854 1.44198 0.00139504</i>
                        <i>0.99978 -0.0209988 2.14931e-005 0.0209989 0.999779 -0.00121619 4.05029e-006 0.00121638 0.999999 2.13854 1.43777 -0.000800928</i>
                        <i>0.999957 -0.00925072 -1.87297e-005 0.00925063 0.999933 0.00692215 -4.53063e-005 -0.00692202 0.999976 2.13854 1.43938 0.00158759</i>
                        <i>0.999979 -0.00650651 -7.35971e-006 0.00650648 0.999977 -0.00187781 1.95775e-005 0.00187772 0.999998 2.13854 1.44021 0.00088787</i>
                        <i>0.999979 -0.00648952 5.61956e-008 0.00648925 0.999937 -0.00913727 5.92404e-005 0.00913708 0.999958 2.13854 1.45441 -6.92012e-006</i>
                        <i>0.999978 0.00670567 -1.3084e-005 -0.00670562 0.999975 0.00228459 2.84034e-005 -0.00228445 0.999997 2.13854 1.45559 -0.00156158</i>
                        <i>0.999973 0.00729269 -2.34941e-006 -0.00729267 0.999972 0.00162432 1.4195e-005 -0.00162426 0.999999 2.13854 1.44161 -0.000253327</i>
                        <i>0.999998 0.00219607 -9.69079e-006 -0.00219608 0.999997 -0.000823076 7.88323e-006 0.000823095 1 2.13854 1.42941 -0.00341613</i>
                        <i>0.999999 -0.00136239 -3.97511e-006 0.00136235 0.999935 0.0113365 -1.14699e-005 -0.0113365 0.999936 2.13854 1.4368 0.00228033</i>
                        <i>0.999961 0.00879987 -8.49612e-006 -0.00879917 0.999893 0.0117259 0.000111682 -0.0117254 0.999931 2.13854 1.44429 -0.000761785</i>
                        <i>0.999899 0.0141803 -3.18658e-005 -0.0141798 0.999882 0.00588399 0.000115299 -0.00588294 0.999983 2.13854 1.45941 -0.00180707</i>
                        <i>0.999866 0.0163434 -9.0072e-006 -0.016343 0.999847 0.00615552 0.000109608 -0.00615455 0.999981 2.13854 1.46286 -0.000445084</i>
                        <i>0.99996 -0.00894748 -4.91121e-005 0.00894698 0.99994 -0.00635574 0.000105977 0.00635505 0.99998 2.13854 1.46973 0.00447052</i>
                        <i>0.999984 0.00571851 1.4381e-005 -0.00571849 0.999965 0.00617017 2.09037e-005 -0.00617015 0.999981 2.13854 1.46536 0.00203723</i>
                        <i>0.999983 0.00578006 -2.94884e-006 -0.00578002 0.999974 -0.00424577 -2.15921e-005 0.00424572 0.999991 2.13854 1.47397 -0.000417685</i>
                        <i>1 0.000580096 -1.74873e-006 -0.000580099 0.999992 -0.00406966 -6.12084e-007 0.00406966 0.999992 2.13854 1.47401 -0.00246815</i>
                        <i>0.999898 -0.0143075 1.38333e-005 0.0143061 0.999811 0.0131798 -0.0002024 -0.0131782 0.999913 2.13854 1.46678 -0.00078462</i>
                        <i>0.999864 -0.0164692 2.50661e-006 0.016469 0.999853 -0.00476186 7.59176e-005 0.00476126 0.999989 2.13854 1.4526 -0.000121354</i>
                        <i>0.999947 -0.010342 -2.47066e-005 0.010342 0.999946 0.000219839 2.24318e-005 -0.000220083 1 2.13854 1.4414 0.00187804</i>
                        <i>0.999999 0.00148935 -1.38353e-006 -0.00148935 0.999997 -0.00205036 -1.67017e-006 0.00205036 0.999998 2.13854 1.43406 -0.000723465</i>
                        <i>0.999779 -0.0210267 5.16613e-005 0.0210268 0.999777 -0.00185131 -1.27229e-005 0.00185198 0.999998 2.13854 1.44173 -0.00193228</i>
                        <i>0.999971 -0.00765544 -9.54991e-006 0.00765529 0.999957 -0.00518064 4.92096e-005 0.00518041 0.999987 2.13854 1.44298 0.000982651</i>
                        <i>0.99999 0.00452065 -1.61526e-006 -0.00452044 0.999938 -0.0102104 -4.45424e-005 0.0102103 0.999948 2.13854 1.44815 -0.000283301</i>
                        <i>0.999925 0.0122528 1.09118e-005 -0.0122526 0.999912 -0.00511284 -7.35574e-005 0.00511232 0.999987 2.13854 1.45051 0.000708212</i>
                        <i>0.999999 -0.00113441 4.69229e-007 0.00113437 0.999958 -0.00906265 9.8116e-006 0.00906265 0.999959 2.13854 1.46494 -0.000334905</i>
                    </KeyFrames>
                </p>
            </i>
            <i>
                <p>
                    <Name><![CDATA[l_wheel_1]]></Name>
                    <Exclude>0</Exclude>
                    <Additive>0</Additive>
                    <IKPriority>0</IKPriority>
                    <IKRotLimits>-1e+010 -1e+010 -1e+010 1e+010 1e+010 1e+010</IKRotLimits>
                    <IKRotLimitOrder>0</IKRotLimitOrder>
                    <KeyFrames count="61">
                        <i>1 0 0 0 1 -0.000272009 0 0.000272009 1 2.34369 1.10973 4.16066</i>
                        <i>1 0 0 0 0.978824 0.204705 0 -0.204705 0.978824 2.34369 1.12812 4.15926</i>
                        <i>1 0 0 0 0.912875 0.408239 0 -0.408239 0.912875 2.34369 1.10585 4.16153</i>
                        <i>1 0 0 0 0.808508 0.588485 0 -0.588485 0.808508 2.34369 1.10475 4.16117</i>
                        <i>1 0 0 0 0.671163 0.74131 0 -0.74131 0.671163 2.34369 1.11582 4.15954</i>
                        <i>1 0 0 0 0.502743 0.864436 0 -0.864436 0.502743 2.34369 1.1278 4.15931</i>
                        <i>1 0 0 0 0.302476 0.953157 0 -0.953157 0.302476 2.34369 1.08603 4.16384</i>
                        <i>1 0 0 0 0.101131 0.994873 0 -0.994873 0.101131 2.34369 1.10319 4.16234</i>
                        <i>1 0 0 0 -0.105832 0.994384 0 -0.994384 -0.105832 2.34369 1.09961 4.16137</i>
                        <i>1 0 0 0 -0.305784 0.952101 0 -0.952101 -0.305784 2.34369 1.1288 4.1592</i>
                        <i>1 0 0 0 -0.499505 0.866311 0 -0.866311 -0.499505 2.34369 1.11513 4.16052</i>
                        <i>1 0 0 0 -0.668869 0.74338 0 -0.74338 -0.668869 2.34369 1.11922 4.16062</i>
                        <i>1 0 0 0 -0.809364 0.587307 0 -0.587307 -0.809364 2.34369 1.10802 4.16105</i>
                        <i>1 0 0 0 -0.9143 0.405038 0 -0.405038 -0.9143 2.34369 1.09807 4.16161</i>
                        <i>1 0 0 0 -0.977429 0.211262 0 -0.211262 -0.977429 2.34369 1.12652 4.15919</i>
                        <i>1 0 0 0 -1 -0.000880698 0 0.000880698 -1 2.34369 1.11569 4.16119</i>
                        <i>1 0 0 0 -0.978202 -0.207656 0 0.207656 -0.978202 2.34369 1.11234 4.16066</i>
                        <i>1 0 0 0 -0.91282 -0.408361 0 0.408361 -0.91282 2.34369 1.10422 4.16159</i>
                        <i>1 0 0 0 -0.809148 -0.587605 0 0.587605 -0.809148 2.34369 1.11839 4.16068</i>
                        <i>1 0 0 0 -0.670009 -0.742353 0 0.742353 -0.670009 2.34369 1.12107 4.16023</i>
                        <i>1 0 0 0 -0.501515 -0.865149 0 0.865149 -0.501515 2.34369 1.11754 4.15998</i>
                        <i>1 0 0 0 -0.308299 -0.951289 0 0.951289 -0.308299 2.34369 1.0997 4.16112</i>
                        <i>1 0 0 0 -0.10725 -0.994232 0 0.994232 -0.10725 2.34369 1.11844 4.15953</i>
                        <i>1 0 0 0 0.105167 -0.994455 0 0.994455 0.105167 2.34369 1.10399 4.16107</i>
                        <i>1 0 0 0 0.31049 -0.950577 0 0.950577 0.31049 2.34369 1.10603 4.16149</i>
                        <i>1 0 0 0 0.499781 -0.866152 0 0.866152 0.499781 2.34369 1.11882 4.16067</i>
                        <i>1 0 0 0 0.666254 -0.745725 0 0.745725 0.666254 2.34369 1.13844 4.15895</i>
                        <i>1 0 0 0 0.80978 -0.586733 0 0.586733 0.80978 2.34369 1.11831 4.16139</i>
                        <i>1 0 0 0 0.914191 -0.405284 0 0.405284 0.914191 2.34369 1.1173 4.16152</i>
                        <i>1 0 0 0 0.978963 -0.20404 0 0.20404 0.978963 2.34369 1.0875 4.16252</i>
                        <i>1 0 0 0 0.999997 0.00256253 0 -0.00256253 0.999997 2.34369 1.10361 4.16194</i>
                        <i>1 0 0 0 0.977465 0.211099 0 -0.211099 0.977465 2.34369 1.0973 4.16225</i>
                        <i>1 0 0 0 0.914662 0.404219 0 -0.404219 0.914662 2.34369 1.12633 4.1595</i>
                        <i>1 0 0 0 0.80945 0.587189 0 -0.587189 0.80945 2.34369 1.1088 4.16045</i>
                        <i>1 0 0 0 0.669053 0.743215 0 -0.743215 0.669053 2.34369 1.11191 4.16083</i>
                        <i>1 0 0 0 0.502302 0.864692 0 -0.864692 0.502302 2.34369 1.13304 4.15953</i>
                        <i>1 0 0 0 0.30733 0.951603 0 -0.951603 0.30733 2.34369 1.11132 4.1616</i>
                        <i>1 0 0 0 0.105546 0.994414 0 -0.994414 0.105546 2.34369 1.11549 4.16031</i>
                        <i>1 0 0 0 -0.106542 0.994308 -0 -0.994308 -0.106542 2.34369 1.10368 4.1617</i>
                        <i>1 0 0 0 -0.310093 0.950706 -0 -0.950706 -0.310093 2.34369 1.10559 4.16129</i>
                        <i>1 0 0 0 -0.499993 0.86603 -0 -0.86603 -0.499993 2.34369 1.11593 4.16078</i>
                        <i>1 0 0 0 -0.667679 0.744449 -0 -0.744449 -0.667679 2.34369 1.1193 4.15988</i>
                        <i>1 0 0 0 -0.808827 0.588046 -0 -0.588046 -0.808827 2.34369 1.11217 4.16064</i>
                        <i>1 0 0 0 -0.911742 0.410764 -0 -0.410764 -0.911742 2.34369 1.13089 4.15872</i>
                        <i>1 0 0 0 -0.97875 0.205057 -0 -0.205057 -0.97875 2.34369 1.09779 4.16209</i>
                        <i>1 0 0 0 -1 0.000965496 -0 -0.000965496 -1 2.34369 1.11028 4.16035</i>
                        <i>1 0 0 -0 -0.978612 -0.205714 0 0.205714 -0.978612 2.34369 1.12214 4.15974</i>
                        <i>1 0 0 -0 -0.913769 -0.406233 0 0.406233 -0.913769 2.34369 1.11564 4.16053</i>
                        <i>1 0 0 -0 -0.805778 -0.592217 0 0.592217 -0.805778 2.34369 1.09119 4.16324</i>
                        <i>1 0 0 -0 -0.66726 -0.744825 0 0.744825 -0.66726 2.34369 1.10367 4.16192</i>
                        <i>1 0 0 -0 -0.500441 -0.86577 0 0.86577 -0.500441 2.34369 1.10532 4.16055</i>
                        <i>1 0 0 -0 -0.311882 -0.950121 0 0.950121 -0.311882 2.34369 1.13087 4.15937</i>
                        <i>1 0 0 -0 -0.10549 -0.99442 0 0.99442 -0.10549 2.34369 1.11614 4.16034</i>
                        <i>1 0 0 0 0.104377 -0.994538 0 0.994538 0.104377 2.34369 1.11819 4.16071</i>
                        <i>1 0 0 0 0.311289 -0.950315 0 0.950315 0.311289 2.34369 1.09921 4.16185</i>
                        <i>1 0 0 0 0.499196 -0.866489 0 0.866489 0.499196 2.34369 1.11512 4.16036</i>
                        <i>1 0 0 0 0.667303 -0.744787 0 0.744787 0.667303 2.34369 1.12079 4.15965</i>
                        <i>1 0 0 0 0.80975 -0.586776 0 0.586776 0.80975 2.34369 1.11323 4.16136</i>
                        <i>1 0 0 0 0.9134 -0.407063 0 0.407063 0.9134 2.34369 1.10944 4.16062</i>
                        <i>1 0 0 0 0.978332 -0.20704 0 0.20704 0.978332 2.34369 1.11171 4.16119</i>
                        <i>1 0 0 0 1 -0.000413631 0 0.000413631 1 2.34369 1.11855 4.16059</i>
                    </KeyFrames>
                </p>
            </i>
            <i>
                <p>
                    <Name><![CDATA[l_wheel_2]]></Name>
                    <Exclude>0</Exclude>
                    <Additive>0</Additive>
                    <IKPriority>0</IKPriority>
                    <IKRotLimits>-1e+010 -1e+010 -1e+010 1e+010 1e+010 1e+010</IKRotLimits>
                    <IKRotLimitOrder>0</IKRotLimitOrder>
                    <KeyFrames count="61">
                        <i>1 0 0 0 0.79465 -0.607067 0 0.607067 0.79465 2.25755 0.679934 3.10263</i>
                        <i>1 0 0 0 0.90221 -0.431297 0 0.431297 0.90221 2.25755 0.674154 3.1026</i>
                        <i>1 0 0 0 0.973308 -0.229504 0 0.229504 0.973308 2.25755 0.670834 3.10267</i>
                        <i>1 0 0 0 0.999738 -0.0229073 0 0.0229073 0.999738 2.25755 0.679881 3.10266</i>
