<?xml version="1.0" encoding="ISO-8859-1" ?>
<Animl Version="1">
    <ModellingPackage><![CDATA[Maya.2010]]></ModellingPackage>
    <SrcFile><![CDATA[anims\vehicles\red\~src\air\helicopter_mi24hind\heli_mi24hind_exit.mb]]></SrcFile>
    <FramesPerSecond>30</FramesPerSecond>
    <TotalFrames>61</TotalFrames>
    <Skeleton>
        <RefFrame>
            <Name><![CDATA[hind_ref_frame]]></Name>
            <Exclude>0</Exclude>
            <Additive>0</Additive>
            <IKPriority>0</IKPriority>
            <IKRotLimits>-1e+010 -1e+010 -1e+010 1e+010 1e+010 1e+010</IKRotLimits>
            <IKRotLimitOrder>0</IKRotLimitOrder>
            <KeyFrames count="61">
                <i>1 0 0 0 1 0 0 0 1 0 0 0</i>
                <i>1 0 0 0 1 0 0 0 1 0 0 0</i>
                <i>1 0 0 0 1 0 0 0 1 0 0 0</i>
                <i>1 0 0 0 1 0 0 0 1 0 0 0</i>
                <i>1 0 0 0 1 0 0 0 1 0 0 0</i>
                <i>1 0 0 0 1 0 0 0 1 0 0 0</i>
                <i>1 0 0 0 1 0 0 0 1 0 0 0</i>
                <i>1 0 0 0 1 0 0 0 1 0 0 0</i>
                <i>1 0 0 0 1 0 0 0 1 0 0 0</i>
                <i>1 0 0 0 1 0 0 0 1 0 0 0</i>
                <i>1 0 0 0 1 0 0 0 1 0 0 0</i>
                <i>1 0 0 0 1 0 0 0 1 0 0 0</i>
                <i>1 0 0 0 1 0 0 0 1 0 0 0</i>
                <i>1 0 0 0 1 0 0 0 1 0 0 0</i>
                <i>1 0 0 0 1 0 0 0 1 0 0 0</i>
                <i>1 0 0 0 1 0 0 0 1 0 0 0</i>
                <i>1 0 0 0 1 0 0 0 1 0 0 0</i>
                <i>1 0 0 0 1 0 0 0 1 0 0 0</i>
                <i>1 0 0 0 1 0 0 0 1 0 0 0</i>
                <i>1 0 0 0 1 0 0 0 1 0 0 0</i>
                <i>1 0 0 0 1 0 0 0 1 0 0 0</i>
                <i>1 0 0 0 1 0 0 0 1 0 0 0</i>
                <i>1 0 0 0 1 0 0 0 1 0 0 0</i>
                <i>1 0 0 0 1 0 0 0 1 0 0 0</i>
                <i>1 0 0 0 1 0 0 0 1 0 0 0</i>
                <i>1 0 0 0 1 0 0 0 1 0 0 0</i>
                <i>1 0 0 0 1 0 0 0 1 0 0 0</i>
                <i>1 0 0 0 1 0 0 0 1 0 0 0</i>
                <i>1 0 0 0 1 0 0 0 1 0 0 0</i>
                <i>1 0 0 0 1 0 0 0 1 0 0 0</i>
                <i>1 0 0 0 1 0 0 0 1 0 0 0</i>
                <i>1 0 0 0 1 0 0 0 1 0 0 0</i>
                <i>1 0 0 0 1 0 0 0 1 0 0 0</i>
                <i>1 0 0 0 1 0 0 0 1 0 0 0</i>
                <i>1 0 0 0 1 0 0 0 1 0 0 0</i>
                <i>1 0 0 0 1 0 0 0 1 0 0 0</i>
                <i>1 0 0 0 1 0 0 0 1 0 0 0</i>
                <i>1 0 0 0 1 0 0 0 1 0 0 0</i>
                <i>1 0 0 0 1 0 0 0 1 0 0 0</i>
                <i>1 0 0 0 1 0 0 0 1 0 0 0</i>
                <i>1 0 0 0 1 0 0 0 1 0 0 0</i>
                <i>1 0 0 0 1 0 0 0 1 0 0 0</i>
                <i>1 0 0 0 1 0 0 0 1 0 0 0</i>
                <i>1 0 0 0 1 0 0 0 1 0 0 0</i>
                <i>1 0 0 0 1 0 0 0 1 0 0 0</i>
                <i>1 0 0 0 1 0 0 0 1 0 0 0</i>
                <i>1 0 0 0 1 0 0 0 1 0 0 0</i>
                <i>1 0 0 0 1 0 0 0 1 0 0 0</i>
                <i>1 0 0 0 1 0 0 0 1 0 0 0</i>
                <i>1 0 0 0 1 0 0 0 1 0 0 0</i>
                <i>1 0 0 0 1 0 0 0 1 0 0 0</i>
                <i>1 0 0 0 1 0 0 0 1 0 0 0</i>
                <i>1 0 0 0 1 0 0 0 1 0 0 0</i>
                <i>1 0 0 0 1 0 0 0 1 0 0 0</i>
                <i>1 0 0 0 1 0 0 0 1 0 0 0</i>
                <i>1 0 0 0 1 0 0 0 1 0 0 0</i>
                <i>1 0 0 0 1 0 0 0 1 0 0 0</i>
                <i>1 0 0 0 1 0 0 0 1 0 0 0</i>
                <i>1 0 0 0 1 0 0 0 1 0 0 0</i>
                <i>1 0 0 0 1 0 0 0 1 0 0 0</i>
                <i>1 0 0 0 1 0 0 0 1 0 0 0</i>
            </KeyFrames>
        </RefFrame>
        <Bones count="15">
            <i>
                <p>
                    <Name><![CDATA[hind_root]]></Name>
                    <Exclude>0</Exclude>
                    <Additive>0</Additive>
                    <IKPriority>0</IKPriority>
                    <IKRotLimits>-1e+010 -1e+010 -1e+010 1e+010 1e+010 1e+010</IKRotLimits>
                    <IKRotLimitOrder>0</IKRotLimitOrder>
                    <KeyFrames count="61">
                        <i>1 0 0 0 0.999391 -0.0348995 0 0.0348995 0.999391 0 3.05236 1.5</i>
                        <i>1 -0.000120567 -4.23516e-022 0.000120494 0.999391 -0.0348995 4.20773e-006 0.0348995 0.999391 0 3.04961 1.5</i>
                        <i>1 -0.000221458 8.47033e-022 0.000221323 0.999391 -0.0348995 7.72878e-006 0.0348995 0.999391 0 3.0473 1.5</i>
                        <i>1 -0.00030393 8.47033e-022 0.000303745 0.999391 -0.0348995 1.0607e-005 0.0348995 0.999391 0 3.04542 1.5</i>
                        <i>1 -0.000369237 0 0.000369012 0.999391 -0.0348995 1.28862e-005 0.0348995 0.999391 0 3.04393 1.5</i>
                        <i>1 -0.000418636 0 0.000418381 0.999391 -0.0348995 1.46102e-005 0.0348995 0.999391 0 3.0428 1.5</i>
                        <i>1 -0.000453383 0 0.000453106 0.999391 -0.0348995 1.58228e-005 0.0348995 0.999391 0 3.04201 1.5</i>
                        <i>1 -0.000474733 0 0.000474444 0.999391 -0.0348995 1.65679e-005 0.0348995 0.999391 0 3.04152 1.5</i>
                        <i>1 -0.000483943 -1.69407e-021 0.000483648 0.999391 -0.0348995 1.68894e-005 0.0348995 0.999391 0 3.04131 1.5</i>
                        <i>1 -0.000482268 0 0.000481975 0.999391 -0.0348995 1.68309e-005 0.0348995 0.999391 0 3.04135 1.5</i>
                        <i>1 -0.000470965 0 0.000470678 0.999391 -0.0348995 1.64364e-005 0.0348995 0.999391 0 3.04161 1.5</i>
                        <i>1 -0.000451289 1.69407e-021 0.000451014 0.999391 -0.0348995 1.57498e-005 0.0348995 0.999391 0 3.04206 1.5</i>
                        <i>1 -0.000424497 0 0.000424238 0.999391 -0.0348995 1.48147e-005 0.0348995 0.999391 0 3.04267 1.5</i>
                        <i>1 -0.000391843 8.47033e-022 0.000391604 0.999391 -0.0348995 1.36751e-005 0.0348995 0.999391 0 3.04341 1.5</i>
                        <i>1 -0.000354584 0 0.000354368 0.999391 -0.0348995 1.23748e-005 0.0348995 0.999391 0 3.04426 1.5</i>
                        <i>1 -0.000313977 0 0.000313785 0.999391 -0.0348995 1.09576e-005 0.0348995 0.999391 0 3.04519 1.5</i>
                        <i>1 -0.000271276 8.47033e-022 0.000271111 0.999391 -0.0348995 9.46739e-006 0.0348995 0.999391 0 3.04617 1.5</i>
                        <i>1 -0.000227738 0 0.000227599 0.999391 -0.0348995 7.94794e-006 0.0348995 0.999391 0 3.04716 1.5</i>
                        <i>1 -0.000184618 0 0.000184506 0.999391 -0.0348995 6.44308e-006 0.0348995 0.999391 0 3.04814 1.5</i>
                        <i>1 -0.000143173 0 0.000143086 0.999391 -0.0348995 4.99667e-006 0.0348995 0.999391 0 3.04909 1.5</i>
                        <i>1 -0.000104659 0 0.000104595 0.999391 -0.0348995 3.65254e-006 0.0348995 0.999391 0 3.04997 1.5</i>
                        <i>1 -7.03307e-005 0 7.02879e-005 0.999391 -0.0348995 2.45451e-006 0.0348995 0.999391 0 3.05075 1.5</i>
                        <i>1 -4.14449e-005 0 4.14196e-005 0.999391 -0.0348995 1.44641e-006 0.0348995 0.999391 0 3.05141 1.5</i>
                        <i>1 -1.92572e-005 5.29396e-023 1.92455e-005 0.999391 -0.0348995 6.72067e-007 0.0348995 0.999391 0 3.05192 1.5</i>
                        <i>1 -5.02362e-006 0 5.02056e-006 0.999391 -0.0348995 1.75322e-007 0.0348995 0.999391 0 3.05224 1.5</i>
                        <i>1 0 0 0 0.999391 -0.0348995 0 0.0348995 0.999391 0 3.05236 1.5</i>
                        <i>1 0 0 0 0.999391 -0.0348995 0 0.0348995 0.999391 0 3.05236 1.5</i>
                        <i>1 0 0 0 0.999391 -0.0348995 0 0.0348995 0.999391 0 3.05236 1.5</i>
                        <i>1 0 0 0 0.999391 -0.0348995 0 0.0348995 0.999391 0 3.05236 1.5</i>
                        <i>1 0 0 0 0.999391 -0.0348995 0 0.0348995 0.999391 0 3.05236 1.5</i>
                        <i>1 0 0 0 0.999391 -0.0348995 0 0.0348995 0.999391 0 3.05236 1.5</i>
                        <i>1 0 0 0 0.999391 -0.0348995 0 0.0348995 0.999391 0 3.05236 1.5</i>
                        <i>1 0 0 0 0.999391 -0.0348995 0 0.0348995 0.999391 0 3.05236 1.5</i>
                        <i>1 0 0 0 0.999391 -0.0348995 0 0.0348995 0.999391 0 3.05236 1.5</i>
                        <i>1 0 0 0 0.999391 -0.0348995 0 0.0348995 0.999391 0 3.05236 1.5</i>
                        <i>1 0 0 0 0.999391 -0.0348995 0 0.0348995 0.999391 0 3.05236 1.5</i>
                        <i>1 0 0 0 0.999391 -0.0348995 0 0.0348995 0.999391 0 3.05236 1.5</i>
                        <i>1 0 0 0 0.999391 -0.0348995 0 0.0348995 0.999391 0 3.05236 1.5</i>
                        <i>1 0 0 0 0.999391 -0.0348995 0 0.0348995 0.999391 0 3.05236 1.5</i>
                        <i>1 0 0 0 0.999391 -0.0348995 0 0.0348995 0.999391 0 3.05236 1.5</i>
                        <i>1 0 0 0 0.999391 -0.0348995 0 0.0348995 0.999391 0 3.05236 1.5</i>
                        <i>1 0 0 0 0.999391 -0.0348995 0 0.0348995 0.999391 0 3.05236 1.5</i>
                        <i>1 0 0 0 0.999391 -0.0348995 0 0.0348995 0.999391 0 3.05236 1.5</i>
                        <i>1 0 0 0 0.999391 -0.0348995 0 0.0348995 0.999391 0 3.05236 1.5</i>
                        <i>1 0 0 0 0.999391 -0.0348995 0 0.0348995 0.999391 0 3.05236 1.5</i>
                        <i>1 0 0 0 0.999391 -0.0348995 0 0.0348995 0.999391 0 3.05236 1.5</i>
                        <i>1 0 0 0 0.999391 -0.0348995 0 0.0348995 0.999391 0 3.05236 1.5</i>
                        <i>1 0 0 0 0.999391 -0.0348995 0 0.0348995 0.999391 0 3.05236 1.5</i>
                        <i>1 0 0 0 0.999391 -0.0348995 0 0.0348995 0.999391 0 3.05236 1.5</i>
                        <i>1 0 0 0 0.999391 -0.0348995 0 0.0348995 0.999391 0 3.05236 1.5</i>
                        <i>1 0 0 0 0.999391 -0.0348995 0 0.0348995 0.999391 0 3.05236 1.5</i>
                        <i>1 0 0 0 0.999391 -0.0348995 0 0.0348995 0.999391 0 3.05236 1.5</i>
                        <i>1 0 0 0 0.999391 -0.0348995 0 0.0348995 0.999391 0 3.05236 1.5</i>
                        <i>1 0 0 0 0.999391 -0.0348995 0 0.0348995 0.999391 0 3.05236 1.5</i>
                        <i>1 0 0 0 0.999391 -0.0348995 0 0.0348995 0.999391 0 3.05236 1.5</i>
                        <i>1 0 0 0 0.999391 -0.0348995 0 0.0348995 0.999391 0 3.05236 1.5</i>
                        <i>1 0 0 0 0.999391 -0.0348995 0 0.0348995 0.999391 0 3.05236 1.5</i>
                        <i>1 0 0 0 0.999391 -0.0348995 0 0.0348995 0.999391 0 3.05236 1.5</i>
                        <i>1 0 0 0 0.999391 -0.0348995 0 0.0348995 0.999391 0 3.05236 1.5</i>
                        <i>1 0 0 0 0.999391 -0.0348995 0 0.0348995 0.999391 0 3.05236 1.5</i>
                        <i>1 0 0 0 0.999391 -0.0348995 0 0.0348995 0.999391 0 3.05236 1.5</i>
                    </KeyFrames>
                </p>
            </i>
            <i>
                <p>
                    <Name><![CDATA[rotor]]></Name>
                    <Exclude>0</Exclude>
                    <Additive>0</Additive>
                    <IKPriority>0</IKPriority>
                    <IKRotLimits>-1e+010 -1e+010 -1e+010 1e+010 1e+010 1e+010</IKRotLimits>
                    <IKRotLimitOrder>0</IKRotLimitOrder>
                    <KeyFrames count="61">
                        <i>-0.519701 0.0298163 0.853828 0.00338352 0.999455 -0.0328423 -0.854341 -0.0141792 -0.519519 0 6.34107 -0.115759</i>
                        <i>-0.764791 0.0225771 0.643882 0.00285835 0.999495 -0.0316512 -0.644272 -0.0223661 -0.76447 0.00039651 6.33832 -0.115759</i>
                        <i>-0.928574 0.0131582 0.370913 0.00190851 0.999527 -0.0306805 -0.371142 -0.0277812 -0.928161 0.000728312 6.33602 -0.115759</i>
                        <i>-0.9979 0.00256362 0.0647272 0.000617855 0.999548 -0.0300631 -0.064775 -0.02996 -0.99745 0.000999538 6.33413 -0.115759</i>
                        <i>-0.96986 -0.00814608 -0.243528 -0.000888005 0.999553 -0.0298988 0.243663 -0.0287814 -0.969433 0.00121431 6.33264 -0.115759</i>
                        <i>-0.851154 -0.0179634 -0.524609 -0.00245526 0.99954 -0.0302422 0.52491 -0.0244528 -0.850806 0.00137677 6.33151 -0.115759</i>
                        <i>-0.656548 -0.0260269 -0.753835 -0.00391853 0.999509 -0.0310961 0.754274 -0.0174622 -0.656327 0.00149105 6.33072 -0.115759</i>
                        <i>-0.406709 -0.0316899 -0.913008 -0.00511853 0.999462 -0.0324105 0.913544 -0.00850837 -0.406652 0.00156126 6.33023 -0.115759</i>
                        <i>-0.125731 -0.0345618 -0.991462 -0.00591855 0.999401 -0.034088 0.992047 0.00158212 -0.12586 0.00159155 6.33002 -0.115759</i>
                        <i>0.161375 -0.0345198 -0.986289 -0.00621803 0.999333 -0.0359937 0.986874 0.0119413 0.161052 0.00158604 6.33006 -0.115759</i>
                        <i>0.430962 -0.031695 -0.901814 -0.00596187 0.999261 -0.037969 0.902351 0.0217397 0.430454 0.00154887 6.33032 -0.115759</i>
                        <i>0.66263 -0.0264365 -0.74848 -0.00514478 0.999193 -0.0398465 0.748929 0.0302542 0.661959 0.00148416 6.33077 -0.115759</i>
                        <i>0.840575 -0.0192613 -0.541352 -0.00381058 0.999133 -0.0414658 0.541682 0.036918 0.839773 0.00139605 6.33138 -0.115759</i>
                        <i>0.954381 -0.0107942 -0.298396 -0.00204686 0.999086 -0.0426876 0.298584 0.041351 0.953487 0.00128866 6.33213 -0.115759</i>
                        <i>0.999247 -0.00170761 -0.0387531 2.39628e-005 0.999058 -0.0434043 0.0387907 0.0433707 0.998306 0.00116613 6.33298 -0.115759</i>
                        <i>0.975731 0.00733609 0.218851 0.00225622 0.999049 -0.0435482 -0.218962 0.0429851 0.974786 0.00103258 6.3339 -0.115759</i>
                        <i>0.889095 0.0157334 0.457452 0.00449364 0.999061 -0.043095 -0.4577 0.0403712 0.88819 0.000892149 6.33488 -0.115759</i>
                        <i>0.748386 0.0229773 0.662866 0.00658207 0.999093 -0.0420635 -0.663231 0.0358427 0.747556 0.000748965 6.33587 -0.115759</i>
                        <i>0.565343 0.0286828 0.824357 0.00838089 0.999144 -0.040512 -0.824814 0.029812 0.564618 0.000607156 6.33686 -0.115759</i>
                        <i>0.353281 0.0325986 0.934949 0.00977244 0.99921 -0.0385317 -0.935466 0.0227493 0.352683 0.000470856 6.3378 -0.115759</i>
                        <i>0.126006 0.0346082 0.991426 0.0106689 0.999286 -0.0362385 -0.991972 0.0151437 0.125547 0.000344193 6.33868 -0.115759</i>
                        <i>-0.103134 0.0347206 0.994061 0.0110163 0.999369 -0.0337631 -0.994606 0.00746881 -0.103451 0.000231298 6.33947 -0.115759</i>
                        <i>-0.322022 0.0330538 0.946155 0.0107956 0.999454 -0.0312415 -0.946671 0.000153806 -0.322203 0.0001363 6.34013 -0.115759</i>
                        <i>-0.520353 0.0298125 0.853431 0.010021 0.999535 -0.0288063 -0.853893 -0.00643725 -0.520409 6.33315e-005 6.34063 -0.115759</i>
                        <i>-0.689992 0.0252643 0.723376 0.00873675 0.999609 -0.0265783 -0.723764 -0.0120189 -0.689943 1.65212e-005 6.34096 -0.115759</i>
                        <i>-0.825152 0.0197151 0.564566 0.00701187 0.999671 -0.024661 -0.564867 -0.0163904 -0.825019 0 6.34107 -0.115759</i>
                        <i>-0.922385 0.0134807 0.386038 0.0049283 0.99972 -0.0231355 -0.386242 -0.0194373 -0.922193 0 6.34107 -0.115759</i>
                        <i>-0.980433 0.00687003 0.196732 0.0025791 0.999753 -0.022059 -0.196835 -0.02112 -0.980209 0 6.34107 -0.115759</i>
                        <i>-0.999987 0.000175706 0.00503157 6.76722e-005 0.99977 -0.0214634 -0.00503418 -0.0214628 -0.999757 0 6.34107 -0.115759</i>
                        <i>-0.983355 -0.00634105 -0.181584 -0.00250321 0.999769 -0.0213568 0.181677 -0.0205467 -0.983144 0 6.34107 -0.115759</i>
                        <i>-0.934106 -0.012459 -0.356779 -0.00503663 0.999751 -0.0217254 0.356961 -0.0184968 -0.933936 0 6.34107 -0.115759</i>
                        <i>-0.856704 -0.0180015 -0.515494 -0.00744565 0.999718 -0.0225369 0.515755 -0.0154693 -0.856597 0 6.34107 -0.115759</i>
                        <i>-0.756157 -0.0228379 -0.653991 -0.00965639 0.999671 -0.0237444 0.654319 -0.0116393 -0.756129 0 6.34107 -0.115759</i>
                        <i>-0.6377 -0.0268826 -0.769816 -0.0116099 0.999613 -0.0252899 0.770197 -0.0071899 -0.637765 0 6.34107 -0.115759</i>
                        <i>-0.506522 -0.0300913 -0.861702 -0.0132628 0.999545 -0.0271088 0.862125 -0.00230268 -0.506691 0 6.34107 -0.115759</i>
                        <i>-0.367548 -0.0324567 -0.929438 -0.0145875 0.999469 -0.0291336 0.92989 0.00285017 -0.367826 0 6.34107 -0.115759</i>
                        <i>-0.225268 -0.0340025 -0.973703 -0.0155712 0.999389 -0.031297 0.974173 0.00811151 -0.225659 0 6.34107 -0.115759</i>
                        <i>-0.0836256 -0.0347773 -0.99589 -0.0162143 0.999306 -0.033535 0.996365 0.0133433 -0.0841315 0 6.34107 -0.115759</i>
                        <i>0.054049 -0.0348485 -0.99793 -0.0165288 0.999223 -0.0357888 0.998401 0.0184289 0.053431 0 6.34107 -0.115759</i>
                        <i>0.185069 -0.0342966 -0.982127 -0.0165359 0.999141 -0.0380067 0.982586 0.0232743 0.184343 0 6.34107 -0.115759</i>
                        <i>0.307382 -0.0332099 -0.951007 -0.0162643 0.999061 -0.0401449 0.951447 0.0278072 0.306553 0 6.34107 -0.115759</i>
                        <i>0.419536 -0.0316796 -0.907186 -0.0157474 0.998986 -0.0421679 0.907602 0.0319768 0.418612 0 6.34107 -0.115759</i>
                        <i>0.520628 -0.0297966 -0.853264 -0.0150222 0.998916 -0.0440489 0.853652 0.035751 0.519616 0 6.34107 -0.115759</i>
                        <i>0.610237 -0.027648 -0.791736 -0.0141269 0.998852 -0.0457691 0.792093 0.0391148 0.609146 0 6.34107 -0.115759</i>
                        <i>0.688355 -0.0253152 -0.724932 -0.0130996 0.998794 -0.0473173 0.725256 0.0420675 0.687193 0 6.34107 -0.115759</i>
                        <i>0.75531 -0.022872 -0.654969 -0.0119773 0.998742 -0.048689 0.655259 0.04462 0.754086 0 6.34107 -0.115759</i>
                        <i>0.811694 -0.0203842 -0.583727 -0.0107945 0.998697 -0.0498855 0.583983 0.0467928 0.810416 0 6.34107 -0.115759</i>
                        <i>0.858298 -0.0179087 -0.512839 -0.00958328 0.998657 -0.0509126 0.513062 0.0486129 0.856974 0 6.34107 -0.115759</i>
                        <i>0.896045 -0.0154941 -0.443693 -0.00837212 0.998623 -0.0517803 0.443884 0.0501122 0.894682 0 6.34107 -0.115759</i>
                        <i>0.92594 -0.0131805 -0.377439 -0.00718623 0.998595 -0.0525011 0.377601 0.0513253 0.924545 0 6.34107 -0.115759</i>
                        <i>0.949023 -0.0110005 -0.315013 -0.00604733 0.998571 -0.0530893 0.315147 0.052288 0.947601 0 6.34107 -0.115759</i>
                        <i>0.966329 -0.00898001 -0.257154 -0.00497377 0.998552 -0.0535606 0.257262 0.0530362 0.964885 0 6.34107 -0.115759</i>
                        <i>0.978855 -0.00713888 -0.204431 -0.00398083 0.998537 -0.0539307 0.204517 0.0536041 0.977394 0 6.34107 -0.115759</i>
                        <i>0.98754 -0.00549204 -0.157272 -0.00308095 0.998525 -0.0542151 0.157337 0.0540242 0.986066 0 6.34107 -0.115759</i>
                        <i>0.993243 -0.00405031 -0.115986 -0.0022841 0.998515 -0.0544288 0.116034 0.0543259 0.991758 0 6.34107 -0.115759</i>
                        <i>0.996727 -0.0028213 -0.0807913 -0.00159815 0.998508 -0.0545851 0.0808248 0.0545356 0.995235 0 6.34107 -0.115759</i>
                        <i>0.998654 -0.00181018 -0.0518368 -0.00102918 0.998503 -0.0546961 0.0518582 0.0546758 0.997157 0 6.34107 -0.115759</i>
                        <i>0.999572 -0.00102045 -0.0292219 -0.000581863 0.998499 -0.0547718 0.0292339 0.0547653 0.998071 0 6.34107 -0.115759</i>
                        <i>0.999915 -0.000454434 -0.0130133 -0.000259662 0.998496 -0.0548202 0.0130186 0.0548189 0.998411 0 6.34107 -0.115759</i>
                        <i>0.999995 -0.000113824 -0.00325949 -6.5121e-005 0.998495 -0.054847 0.00326083 0.0548469 0.998489 0 6.34107 -0.115759</i>
                        <i>1 0 0 0 0.998494 -0.0548556 0 0.0548556 0.998494 0 6.34107 -0.115759</i>
                    </KeyFrames>
                </p>
            </i>
            <i>
                <p>
                    <Name><![CDATA[blades]]></Name>
                    <Exclude>0</Exclude>
                    <Additive>0</Additive>
                    <IKPriority>0</IKPriority>
                    <IKRotLimits>-1e+010 -1e+010 -1e+010 1e+010 1e+010 1e+010</IKRotLimits>
                    <IKRotLimitOrder>0</IKRotLimitOrder>
                    <KeyFrames count="61">
                        <i>-0.519711 0.0212738 0.854077 -0.000565361 0.999681 -0.0252446 -0.854342 -0.0136028 -0.519534 0.000163385 6.48525 -0.12022</i>
                        <i>-0.76479 0.0145293 0.644116 -0.00294915 0.999656 -0.0260509 -0.644273 -0.0218231 -0.764484 0.000302527 6.43578 -0.118696</i>
                        <i>-0.928562 0.00560652 0.371134 -0.00491763 0.999612 -0.0274043 -0.371144 -0.0272717 -0.928175 0.000449097 6.38664 -0.11729</i>
                        <i>-0.997879 -0.00449255 0.0649379 -0.00639578 0.999555 -0.0291303 -0.0647781 -0.0294839 -0.997464 0.000661479 6.33797 -0.115963</i>
                        <i>-0.969833 -0.0147091 -0.243327 -0.00736417 0.99949 -0.0310677 0.243659 -0.0283386 -0.969447 0.000976086 6.28993 -0.114657</i>
                        <i>-0.851123 -0.0240375 -0.524415 -0.00784311 0.999422 -0.033081 0.524907 -0.024043 -0.85082 0.00140037 6.24265 -0.113302</i>
                        <i>-0.656515 -0.0316181 -0.75365 -0.00787617 0.999354 -0.0350651 0.754272 -0.0170849 -0.65634 0.00191048 6.19629 -0.111834</i>
                        <i>-0.406677 -0.0368062 -0.91283 -0.00751616 0.999289 -0.0369437 0.913541 -0.00816319 -0.406665 0.00245407 6.15099 -0.1102</i>
                        <i>-0.125702 -0.0392129 -0.991293 -0.00681521 0.999229 -0.0386626 0.992045 0.00189591 -0.125872 0.00295771 6.10688 -0.108376</i>
                        <i>0.161399 -0.0387173 -0.986129 -0.00581981 0.999175 -0.040182 0.986872 0.0122244 0.161041 0.0033378 6.06413 -0.106366</i>
                        <i>0.430981 -0.0354523 -0.901664 -0.00457022 0.999129 -0.041469 0.902349 0.0219932 0.430444 0.00351313 6.02286 -0.104211</i>
                        <i>0.662644 -0.0297689 -0.748343 -0.00310328 0.999092 -0.0424915 0.748928 0.0304791 0.66195 0.00341738 5.98322 -0.101983</i>
                        <i>0.840583 -0.0221858 -0.541229 -0.00145708 0.999065 -0.0432161 0.541681 0.0371153 0.839764 0.00300958 5.94535 -0.0997744</i>
                        <i>0.954383 -0.0133297 -0.298287 0.000324106 0.999049 -0.043608 0.298584 0.0415221 0.95348 0.00228119 5.9094 -0.0976947</i>
                        <i>0.999245 -0.00387484 -0.0386589 0.00218593 0.999045 -0.0436344 0.038791 0.0435169 0.998299 0.00125902 5.87549 -0.0958529</i>
                        <i>0.975725 0.00551463 0.21893 0.00406208 0.999055 -0.043269 -0.218962 0.043108 0.974781 3.56412e-006 5.84377 -0.094347</i>
                        <i>0.889088 0.0142334 0.457516 0.00587488 0.999079 -0.0424981 -0.457699 0.0404724 0.888185 -0.00139663 5.81438 -0.0932532</i>
                        <i>0.748377 0.0217727 0.662916 0.00753837 0.999117 -0.041325 -0.663231 0.035924 0.747553 -0.00283386 5.78746 -0.0926177</i>
                        <i>0.565334 0.0277456 0.824395 0.00896339 0.999169 -0.0397744 -0.824813 0.0298752 0.564616 -0.00419211 5.76316 -0.0924523</i>
                        <i>0.353274 0.031899 0.934976 0.010064 0.999231 -0.0378938 -0.935466 0.0227965 0.352681 -0.00535851 5.74162 -0.0927337</i>
                        <i>0.126001 0.0341147 0.991443 0.0107642 0.999303 -0.0357532 -0.991972 0.015177 0.125546 -0.0062341 5.72298 -0.0934066</i>
                        <i>-0.103137 0.0344 0.994072 0.0110048 0.99938 -0.0334419 -0.994606 0.00749045 -0.103452 -0.00674274 5.7074 -0.0943902</i>
                        <i>-0.322024 0.0328707 0.946161 0.0107483 0.99946 -0.0310642 -0.94667 0.000166162 -0.322203 -0.00683736 5.69501 -0.0955862</i>
                        <i>-0.520353 0.0297299 0.853433 0.00998271 0.999537 -0.0287329 -0.853893 -0.00643167 -0.52041 -0.00650315 5.68598 -0.096889</i>
                        <i>-0.689993 0.0252433 0.723376 0.00872331 0.999609 -0.0265622 -0.723764 -0.0120175 -0.689943 -0.00575753 5.68043 -0.0981956</i>
                        <i>-0.825152 0.0197151 0.564566 0.00701187 0.999671 -0.024661 -0.564867 -0.0163904 -0.825019 -0.00464724 5.67852 -0.0994143</i>
                        <i>-0.922385 0.0134807 0.386038 0.0049283 0.99972 -0.0231355 -0.386242 -0.0194373 -0.922193 -0.00326631 5.67849 -0.100425</i>
                        <i>-0.980433 0.00687003 0.196732 0.0025791 0.999753 -0.022059 -0.196835 -0.02112 -0.980209 -0.00170934 5.67847 -0.101139</i>
                        <i>-0.999987 0.000175706 0.00503157 6.76722e-005 0.99977 -0.0214634 -0.00503418 -0.0214628 -0.999757 -4.48509e-005 5.67846 -0.101534</i>
                        <i>-0.983355 -0.00634105 -0.181584 -0.00250321 0.999769 -0.0213568 0.181677 -0.0205467 -0.983144 0.00165904 5.67846 -0.101604</i>
                        <i>-0.934106 -0.012459 -0.356779 -0.00503663 0.999751 -0.0217254 0.356961 -0.0184968 -0.933936 0.00333811 5.67847 -0.10136</i>
                        <i>-0.856704 -0.0180015 -0.515494 -0.00744565 0.999718 -0.0225369 0.515755 -0.0154693 -0.856597 0.00493473 5.67849 -0.100822</i>
                        <i>-0.756157 -0.0228379 -0.653991 -0.00965639 0.999671 -0.0237444 0.654319 -0.0116393 -0.756129 0.00639993 5.67852 -0.100022</i>
                        <i>-0.6377 -0.0268826 -0.769816 -0.0116099 0.999613 -0.0252899 0.770197 -0.0071899 -0.637765 0.00769462 5.67856 -0.0989975</i>
                        <i>-0.506522 -0.0300913 -0.861702 -0.0132628 0.999545 -0.0271088 0.862125 -0.00230268 -0.506691 0.00879011 5.67861 -0.0977919</i>
                        <i>-0.367548 -0.0324567 -0.929438 -0.0145875 0.999469 -0.0291336 0.92989 0.00285017 -0.367826 0.0096681 5.67866 -0.09645</i>
                        <i>-0.225268 -0.0340025 -0.973703 -0.0155712 0.999389 -0.031297 0.974173 0.00811151 -0.225659 0.0103201 5.67871 -0.0950161</i>
                        <i>-0.0836256 -0.0347773 -0.99589 -0.0162143 0.999306 -0.033535 0.996365 0.0133433 -0.0841315 0.0107463 5.67877 -0.0935329</i>
                        <i>0.054049 -0.0348485 -0.99793 -0.0165288 0.999223 -0.0357888 0.998401 0.0184289 0.053431 0.0109547 5.67882 -0.0920391</i>
                        <i>0.185069 -0.0342966 -0.982127 -0.0165359 0.999141 -0.0380067 0.982586 0.0232743 0.184343 0.0109595 5.67888 -0.0905691</i>
                        <i>0.307382 -0.0332099 -0.951007 -0.0162643 0.999061 -0.0401449 0.951447 0.0278072 0.306553 0.0107794 5.67893 -0.0891521</i>
                        <i>0.419536 -0.0316796 -0.907186 -0.0157474 0.998986 -0.0421679 0.907602 0.0319768 0.418612 0.0104369 5.67898 -0.0878113</i>
                        <i>0.520628 -0.0297966 -0.853264 -0.0150222 0.998916 -0.0440489 0.853652 0.035751 0.519616 0.00995624 5.67902 -0.0865646</i>
                        <i>0.610237 -0.027648 -0.791736 -0.0141269 0.998852 -0.0457691 0.792093 0.0391148 0.609146 0.00936285 5.67907 -0.0854245</i>
                        <i>0.688355 -0.0253152 -0.724932 -0.0130996 0.998794 -0.0473173 0.725256 0.0420675 0.687193 0.008682 5.67911 -0.0843984</i>
                        <i>0.75531 -0.022872 -0.654969 -0.0119773 0.998742 -0.048689 0.655259 0.04462 0.754086 0.00793814 5.67914 -0.0834893</i>
                        <i>0.811694 -0.0203842 -0.583727 -0.0107945 0.998697 -0.0498855 0.583983 0.0467928 0.810416 0.00715426 5.67917 -0.0826963</i>
                        <i>0.858298 -0.0179087 -0.512839 -0.00958328 0.998657 -0.0509126 0.513062 0.0486129 0.856974 0.00635148 5.6792 -0.0820155</i>
                        <i>0.896045 -0.0154941 -0.443693 -0.00837212 0.998623 -0.0517803 0.443884 0.0501122 0.894682 0.00554876 5.67922 -0.0814405</i>
                        <i>0.92594 -0.0131805 -0.377439 -0.00718623 0.998595 -0.0525011 0.377601 0.0513253 0.924545 0.0047628 5.67924 -0.0809628</i>
                        <i>0.949023 -0.0110005 -0.315013 -0.00604733 0.998571 -0.0530893 0.315147 0.052288 0.947601 0.00400797 5.67925 -0.0805729</i>
                        <i>0.966329 -0.00898001 -0.257154 -0.00497377 0.998552 -0.0535606 0.257262 0.0530362 0.964885 0.00329645 5.67927 -0.0802606</i>
                        <i>0.978855 -0.00713888 -0.204431 -0.00398083 0.998537 -0.0539307 0.204517 0.0536041 0.977394 0.00263836 5.67928 -0.0800153</i>
                        <i>0.98754 -0.00549204 -0.157272 -0.00308095 0.998525 -0.0542151 0.157337 0.0540242 0.986066 0.00204195 5.67928 -0.0798267</i>
                        <i>0.993243 -0.00405031 -0.115986 -0.0022841 0.998515 -0.0544288 0.116034 0.0543259 0.991758 0.00151382 5.67929 -0.0796852</i>
                        <i>0.996727 -0.0028213 -0.0807913 -0.00159815 0.998508 -0.0545851 0.0808248 0.0545356 0.995235 0.0010592 5.6793 -0.0795816</i>
                        <i>0.998654 -0.00181018 -0.0518368 -0.00102918 0.998503 -0.0546961 0.0518582 0.0546758 0.997157 0.000682109 5.6793 -0.079508</i>
                        <i>0.999572 -0.00102045 -0.0292219 -0.000581863 0.998499 -0.0547718 0.0292339 0.0547653 0.998071 0.00038564 5.6793 -0.0794578</i>
                        <i>0.999915 -0.000454434 -0.0130133 -0.000259662 0.998496 -0.0548202 0.0130186 0.0548189 0.998411 0.000172095 5.6793 -0.0794258</i>
                        <i>0.999995 -0.000113824 -0.00325949 -6.5121e-005 0.998495 -0.054847 0.00326083 0.0548469 0.998489 4.316e-005 5.6793 -0.079408</i>
                        <i>1 0 0 0 0.998494 -0.0548556 0 0.0548556 0.998494 0 5.6793 -0.0794023</i>
                    </KeyFrames>
                </p>
            </i>
            <i>
                <p>
                    <Name><![CDATA[tail_rotor]]></Name>
                    <Exclude>0</Exclude>
                    <Additive>0</Additive>
                    <IKPriority>0</IKPriority>
                    <IKRotLimits>-1e+010 -1e+010 -1e+010 1e+010 1e+010 1e+010</IKRotLimits>
                    <IKRotLimitOrder>0</IKRotLimitOrder>
                    <KeyFrames count="61">
                        <i>1 0 0 0 0.899359 0.437212 0 -0.437212 0.899359 1.13262 6.69209 -18.7176</i>
                        <i>1 -0.000120567 -4.23516e-022 0.000119932 0.994732 -0.102515 1.23599e-005 0.102515 0.994732 1.13305 6.6892 -18.7176</i>
                        <i>1 -0.000221458 8.47033e-022 0.000176072 0.795056 -0.606536 0.000134322 0.606536 0.795056 1.13342 6.68678 -18.7176</i>
                        <i>1 -0.00030393 8.47033e-022 0.000111809 0.367877 -0.929875 0.000282617 0.929875 0.367877 1.13372 6.68481 -18.7176</i>
                        <i>1 -0.000369237 0 -5.83084e-005 -0.157916 -0.987453 0.000364604 0.987453 -0.157916 1.13396 6.68324 -18.7176</i>
                        <i>1 -0.000418636 0 -0.000265306 -0.633739 -0.773547 0.000323835 0.773547 -0.633739 1.13414 6.68206 -18.7176</i>
                        <i>1 -0.000453383 0 -0.000423585 -0.934278 -0.356546 0.000161652 0.356546 -0.934278 1.13427 6.68123 -18.7176</i>
                        <i>1 -0.000474733 0 -0.00046962 -0.98923 0.14637 -6.94869e-005 -0.14637 -0.98923 1.13434 6.68071 -18.7176</i>
                        <i>1 -0.000483943 -1.69407e-021 -0.000385394 -0.796362 0.604821 -0.000292699 -0.604821 -0.796362 1.13438 6.68049 -18.7176</i>
                        <i>1 -0.000482268 0 -0.000200112 -0.414939 0.909849 -0.000438791 -0.909849 -0.414939 1.13437 6.68053 -18.7176</i>
                        <i>1 -0.000470965 0 2.6267e-005 0.0557728 0.998444 -0.000470232 -0.998443 0.0557728 1.13433 6.6808 -18.7176</i>
                        <i>1 -0.000451289 1.69407e-021 0.000227885 0.504965 0.86314 -0.000389526 -0.863139 0.504965 1.13426 6.68128 -18.7176</i>
                        <i>1 -0.000424497 0 0.000355425 0.837285 0.546766 -0.0002321 -0.546766 0.837285 1.13416 6.68192 -18.7176</i>
                        <i>1 -0.000391843 8.47033e-022 0.000388709 0.992002 0.126222 -4.9459e-005 -0.126222 0.992002 1.13404 6.6827 -18.7176</i>
                        <i>1 -0.000354584 0 0.000337256 0.95113 -0.308791 0.000109492 0.308791 0.95113 1.13391 6.68359 -18.7176</i>
                        <i>1 -0.000313977 0 0.000231331 0.736777 -0.676135 0.000212291 0.676135 0.736777 1.13376 6.68457 -18.7176</i>
                        <i>1 -0.000271276 8.47033e-022 0.000108641 0.400483 -0.916304 0.000248571 0.916304 0.400483 1.1336 6.68559 -18.7176</i>
                        <i>1 -0.000227738 0 1.95193e-006 0.00857094 -0.999963 0.000227729 0.999963 0.00857094 1.13344 6.68663 -18.7176</i>
                        <i>1 -0.000184618 0 -6.87684e-005 -0.37249 -0.928036 0.000171332 0.928036 -0.37249 1.13329 6.68767 -18.7176</i>
                        <i>1 -0.000143173 0 -9.84582e-005 -0.687686 -0.726008 0.000103945 0.726008 -0.687686 1.13314 6.68866 -18.7176</i>
                        <i>1 -0.000104659 0 -9.42404e-005 -0.900454 -0.434952 4.55215e-005 0.434952 -0.900454 1.133 6.68958 -18.7176</i>
                        <i>1 -7.03307e-005 0 -6.99652e-005 -0.994802 -0.101824 7.16137e-006 0.101824 -0.994802 1.13287 6.69041 -18.7176</i>
                        <i>1 -4.14449e-005 0 -4.03439e-005 -0.973435 0.228964 -9.48937e-006 -0.228964 -0.973435 1.13277 6.6911 -18.7176</i>
                        <i>1 -1.92572e-005 5.29396e-023 -1.64311e-005 -0.853246 0.521509 -1.00428e-005 -0.521509 -0.853246 1.13269 6.69163 -18.7176</i>
                        <i>1 -5.02362e-006 0 -3.31409e-006 -0.659701 0.751528 -3.77539e-006 -0.751528 -0.659701 1.13263 6.69197 -18.7176</i>
                        <i>1 0 0 0 -0.421365 0.906891 0 -0.906891 -0.421365 1.13262 6.69209 -18.7176</i>
                        <i>1 0 0 0 -0.165439 0.98622 0 -0.98622 -0.165439 1.13262 6.69209 -18.7176</i>
                        <i>1 0 0 0 0.0852739 0.996358 0 -0.996358 0.0852739 1.13262 6.69209 -18.7176</i>
                        <i>1 0 0 0 0.313954 0.949438 0 -0.949438 0.313954 1.13262 6.69209 -18.7176</i>
                        <i>1 0 0 0 0.510089 0.860122 0 -0.860122 0.510089 1.13262 6.69209 -18.7176</i>
                        <i>1 0 0 0 0.668909 0.743344 0 -0.743344 0.668909 1.13262 6.69209 -18.7176</i>
                        <i>1 0 0 0 0.790284 0.612741 0 -0.612741 0.790284 1.13262 6.69209 -18.7176</i>
                        <i>1 0 0 0 0.877414 0.479735 0 -0.479735 0.877414 1.13262 6.69209 -18.7176</i>
                        <i>1 0 0 0 0.935552 0.353189 0 -0.353189 0.935552 1.13262 6.69209 -18.7176</i>
                        <i>1 0 0 0 0.970898 0.239492 0 -0.239492 0.970898 1.13262 6.69209 -18.7176</i>
                        <i>1 0 0 0 0.989738 0.142893 0 -0.142893 0.989738 1.13262 6.69209 -18.7176</i>
                        <i>1 0 0 0 0.99782 0.065992 0 -0.065992 0.99782 1.13262 6.69209 -18.7176</i>
                        <i>1 0 0 0 0.999947 0.010251 0 -0.010251 0.999947 1.13262 6.69209 -18.7176</i>
                        <i>1 0 0 0 0.999723 -0.0235418 0 0.0235418 0.999723 1.13262 6.69209 -18.7176</i>
                        <i>1 0 0 0 0.999391 -0.0348995 0 0.0348995 0.999391 1.13262 6.69209 -18.7176</i>
                        <i>1 0 0 0 0.999391 -0.0348995 0 0.0348995 0.999391 1.13262 6.69209 -18.7176</i>
                        <i>1 0 0 0 0.999391 -0.0348995 0 0.0348995 0.999391 1.13262 6.69209 -18.7176</i>
                        <i>1 0 0 0 0.999391 -0.0348995 0 0.0348995 0.999391 1.13262 6.69209 -18.7176</i>
                        <i>1 0 0 0 0.999391 -0.0348995 0 0.0348995 0.999391 1.13262 6.69209 -18.7176</i>
                        <i>1 0 0 0 0.999391 -0.0348995 0 0.0348995 0.999391 1.13262 6.69209 -18.7176</i>
                        <i>1 0 0 0 0.999391 -0.0348995 0 0.0348995 0.999391 1.13262 6.69209 -18.7176</i>
                        <i>1 0 0 0 0.999391 -0.0348995 0 0.0348995 0.999391 1.13262 6.69209 -18.7176</i>
                        <i>1 0 0 0 0.999391 -0.0348995 0 0.0348995 0.999391 1.13262 6.69209 -18.7176</i>
                        <i>1 0 0 0 0.999391 -0.0348995 0 0.0348995 0.999391 1.13262 6.69209 -18.7176</i>
                        <i>1 0 0 0 0.999391 -0.0348995 0 0.0348995 0.999391 1.13262 6.69209 -18.7176</i>
                        <i>1 0 0 0 0.999391 -0.0348995 0 0.0348995 0.999391 1.13262 6.69209 -18.7176</i>
                        <i>1 0 0 0 0.999391 -0.0348995 0 0.0348995 0.999391 1.13262 6.69209 -18.7176</i>
                        <i>1 0 0 0 0.999391 -0.0348995 0 0.0348995 0.999391 1.13262 6.69209 -18.7176</i>
                        <i>1 0 0 0 0.999391 -0.0348995 0 0.0348995 0.999391 1.13262 6.69209 -18.7176</i>
                        <i>1 0 0 0 0.999391 -0.0348995 0 0.0348995 0.999391 1.13262 6.69209 -18.7176</i>
                        <i>1 0 0 0 0.999391 -0.0348995 0 0.0348995 0.999391 1.13262 6.69209 -18.7176</i>
                        <i>1 0 0 0 0.999391 -0.0348995 0 0.0348995 0.999391 1.13262 6.69209 -18.7176</i>
                        <i>1 0 0 0 0.999391 -0.0348995 0 0.0348995 0.999391 1.13262 6.69209 -18.7176</i>
                        <i>1 0 0 0 0.999391 -0.0348995 0 0.0348995 0.999391 1.13262 6.69209 -18.7176</i>
                        <i>1 0 0 0 0.999391 -0.0348995 0 0.0348995 0.999391 1.13262 6.69209 -18.7176</i>
                        <i>1 0 0 0 0.999391 -0.0348995 0 0.0348995 0.999391 1.13262 6.69209 -18.7176</i>
                    </KeyFrames>
                </p>
            </i>
            <i>
                <p>
                    <Name><![CDATA[right_gear]]></Name>
                    <Exclude>0</Exclude>
                    <Additive>0</Additive>
                    <IKPriority>0</IKPriority>
                    <IKRotLimits>-1e+010 -1e+010 -1e+010 1e+010 1e+010 1e+010</IKRotLimits>
                    <IKRotLimitOrder>0</IKRotLimitOrder>
                    <KeyFrames count="61">
                        <i>1 0 0 0 1 0 0 0 1 -2.28431 0.468097 -2.75727</i>
                        <i>1 -3.00423e-012 4.86715e-013 -3.00423e-012 1 0 4.86715e-013 0 1 -2.28431 0.468097 -2.75727</i>
                        <i>1 -1.46988e-011 3.82974e-013 -1.46988e-011 1 2.08017e-009 3.82974e-013 2.08017e-009 1 -2.28431 0.468097 -2.75727</i>
                        <i>1 -8.60623e-012 4.95821e-013 -8.60623e-012 1 2.08017e-009 4.95821e-013 2.08017e-009 1 -2.28431 0.468097 -2.75727</i>
                        <i>1 -9.34796e-012 1.35551e-012 -9.34796e-012 1 2.08017e-009 1.35551e-012 2.08017e-009 1 -2.28431 0.468097 -2.75727</i>
                        <i>1 -3.45539e-011 1.21682e-012 -3.45539e-011 1 4.37323e-010 1.21682e-012 4.37323e-010 1 -2.28431 0.468097 -2.75727</i>
                        <i>1 2.82413e-011 1.08451e-012 2.82413e-011 1 4.37323e-010 1.08451e-012 4.37323e-010 1 -2.28431 0.468096 -2.75727</i>
                        <i>1 -3.9471e-012 4.65781e-013 -3.9471e-012 1 4.37323e-010 4.65781e-013 4.37323e-010 1 -2.28431 0.468097 -2.75727</i>
                        <i>1 1.87369e-011 1.0608e-012 1.87369e-011 1 4.37323e-010 1.0608e-012 4.37323e-010 1 -2.28431 0.468096 -2.75727</i>
                        <i>1 1.72731e-011 1.46781e-012 1.72731e-011 1 4.37323e-010 1.46781e-012 4.37323e-010 1 -2.28431 0.468096 -2.75727</i>
                        <i>1 2.64368e-014 8.73707e-013 2.64368e-014 1 4.37323e-010 8.73707e-013 4.37323e-010 1 -2.28431 0.468096 -2.75727</i>
                        <i>1 3.35311e-011 -9.18478e-014 3.35311e-011 1 4.37323e-010 -9.18478e-014 4.37323e-010 1 -2.28431 0.468097 -2.75727</i>
                        <i>1 -1.9156e-011 7.53186e-013 -1.9156e-011 1 4.37323e-010 7.53186e-013 4.37323e-010 1 -2.28431 0.468097 -2.75727</i>
                        <i>1 1.53906e-012 -2.43605e-014 1.53906e-012 1 4.16034e-009 -2.43605e-014 4.16034e-009 1 -2.28431 0.468097 -2.75727</i>
                        <i>1 -6.23422e-013 8.25234e-013 -6.23422e-013 1 2.08017e-009 8.25234e-013 2.08017e-009 1 -2.28431 0.468097 -2.75727</i>
                        <i>1 2.91169e-011 4.57438e-013 2.91169e-011 1 2.08017e-009 4.57438e-013 2.08017e-009 1 -2.28431 0.468096 -2.75727</i>
