<?xml version="1.0" encoding="ISO-8859-1" ?>
<Animl Version="1">
    <ModellingPackage>
        <![CDATA[Maya.2010]]>
</ModellingPackage>
    <SrcFile>
        <![CDATA[anims\vehicles\red\~src\air\helicopter_mi24hind\heli_mi24hind_forward.mb]]>
</SrcFile>
    <FramesPerSecond>30</FramesPerSecond>
    <TotalFrames>46</TotalFrames>
    <Skeleton>
        <RefFrame>
            <Name>
                <![CDATA[hind_ref_frame]]>
</Name>
            <Exclude>0</Exclude>
            <Additive>0</Additive>
            <IKPriority>0</IKPriority>
            <IKRotLimits>-1e+010 -1e+010 -1e+010 1e+010 1e+010 1e+010</IKRotLimits>
            <IKRotLimitOrder>0</IKRotLimitOrder>
            <KeyFrames count="46">
                <i>1 0 0 0 1 0 0 0 1 0 0 0</i>
                <i>1 0 0 0 1 0 0 0 1 0 0 0</i>
                <i>1 0 0 0 1 0 0 0 1 0 0 0</i>
                <i>1 0 0 0 1 0 0 0 1 0 0 0</i>
                <i>1 0 0 0 1 0 0 0 1 0 0 0</i>
                <i>1 0 0 0 1 0 0 0 1 0 0 0</i>
                <i>1 0 0 0 1 0 0 0 1 0 0 0</i>
                <i>1 0 0 0 1 0 0 0 1 0 0 0</i>
                <i>1 0 0 0 1 0 0 0 1 0 0 0</i>
                <i>1 0 0 0 1 0 0 0 1 0 0 0</i>
                <i>1 0 0 0 1 0 0 0 1 0 0 0</i>
                <i>1 0 0 0 1 0 0 0 1 0 0 0</i>
                <i>1 0 0 0 1 0 0 0 1 0 0 0</i>
                <i>1 0 0 0 1 0 0 0 1 0 0 0</i>
                <i>1 0 0 0 1 0 0 0 1 0 0 0</i>
                <i>1 0 0 0 1 0 0 0 1 0 0 0</i>
                <i>1 0 0 0 1 0 0 0 1 0 0 0</i>
                <i>1 0 0 0 1 0 0 0 1 0 0 0</i>
                <i>1 0 0 0 1 0 0 0 1 0 0 0</i>
                <i>1 0 0 0 1 0 0 0 1 0 0 0</i>
                <i>1 0 0 0 1 0 0 0 1 0 0 0</i>
                <i>1 0 0 0 1 0 0 0 1 0 0 0</i>
                <i>1 0 0 0 1 0 0 0 1 0 0 0</i>
                <i>1 0 0 0 1 0 0 0 1 0 0 0</i>
                <i>1 0 0 0 1 0 0 0 1 0 0 0</i>
                <i>1 0 0 0 1 0 0 0 1 0 0 0</i>
                <i>1 0 0 0 1 0 0 0 1 0 0 0</i>
                <i>1 0 0 0 1 0 0 0 1 0 0 0</i>
                <i>1 0 0 0 1 0 0 0 1 0 0 0</i>
                <i>1 0 0 0 1 0 0 0 1 0 0 0</i>
                <i>1 0 0 0 1 0 0 0 1 0 0 0</i>
                <i>1 0 0 0 1 0 0 0 1 0 0 0</i>
                <i>1 0 0 0 1 0 0 0 1 0 0 0</i>
                <i>1 0 0 0 1 0 0 0 1 0 0 0</i>
                <i>1 0 0 0 1 0 0 0 1 0 0 0</i>
                <i>1 0 0 0 1 0 0 0 1 0 0 0</i>
                <i>1 0 0 0 1 0 0 0 1 0 0 0</i>
                <i>1 0 0 0 1 0 0 0 1 0 0 0</i>
                <i>1 0 0 0 1 0 0 0 1 0 0 0</i>
                <i>1 0 0 0 1 0 0 0 1 0 0 0</i>
                <i>1 0 0 0 1 0 0 0 1 0 0 0</i>
                <i>1 0 0 0 1 0 0 0 1 0 0 0</i>
                <i>1 0 0 0 1 0 0 0 1 0 0 0</i>
                <i>1 0 0 0 1 0 0 0 1 0 0 0</i>
                <i>1 0 0 0 1 0 0 0 1 0 0 0</i>
                <i>1 0 0 0 1 0 0 0 1 0 0 0</i>
            </KeyFrames>
        </RefFrame>
        <Bones count="15">
            <i>
                <p>
                    <Name>
                        <![CDATA[hind_root]]>
</Name>
                    <Exclude>0</Exclude>
                    <Additive>0</Additive>
                    <IKPriority>0</IKPriority>
                    <IKRotLimits>-1e+010 -1e+010 -1e+010 1e+010 1e+010 1e+010</IKRotLimits>
                    <IKRotLimitOrder>0</IKRotLimitOrder>
                    <KeyFrames count="46">
                        <i>1 0 0 0 0.995638 0.0932978 0 -0.0932978 0.995638 0 3.1569 1.5</i>
                        <i>1 -0.000647621 -3.38813e-021 0.00064481 0.995659 0.0930782 -6.02794e-005 -0.0930782 0.995659 -5.54284e-006 3.15421 1.5</i>
                        <i>0.999999 -0.00135874 0 0.00135288 0.995682 0.0928208 -0.00012612 -0.0928207 0.995683 -1.11786e-005 3.15111 1.5</i>
                        <i>0.999998 -0.00211432 0 0.00210524 0.995707 0.0925368 -0.000195652 -0.0925366 0.995709 -1.68725e-005 3.14775 1.49999</i>
                        <i>0.999996 -0.00289529 -2.71051e-020 0.00288295 0.995733 0.0922376 -0.000267055 -0.0922372 0.995737 -2.25896e-005 3.14428 1.49999</i>
                        <i>0.999993 -0.00368261 0 0.00366701 0.995758 0.0919347 -0.00033856 -0.0919341 0.995765 -2.82951e-005 3.14087 1.49999</i>
                        <i>0.99999 -0.00445723 -2.71051e-020 0.00443847 0.995782 0.0916393 -0.000408457 -0.0916384 0.995792 -3.39541e-005 3.13766 1.49999</i>
                        <i>0.999986 -0.00520009 0 0.00517834 0.995804 0.0913629 -0.000475095 -0.0913616 0.995818 -3.95318e-005 3.13482 1.49999</i>
                        <i>0.999983 -0.00589215 5.42101e-020 0.00586764 0.995823 0.0911167 -0.000536874 -0.0911151 0.99584 -4.49933e-005 3.1325 1.49998</i>
                        <i>0.999979 -0.00651436 0 0.00648739 0.995838 0.0909122 -0.000592235 -0.0909103 0.995859 -5.03038e-005 3.13085 1.49998</i>
                        <i>0.999975 -0.00704767 5.42101e-020 0.00701858 0.995848 0.0907608 -0.000639652 -0.0907585 0.995873 -5.54284e-005 3.13003 1.49998</i>
                        <i>0.999972 -0.00747302 0 0.00744224 0.995853 0.0906737 -0.000677607 -0.0906712 0.995881 -6.03323e-005 3.1302 1.49998</i>
                        <i>0.99997 -0.00777138 0 0.00773937 0.995852 0.0906624 -0.000704572 -0.0906597 0.995882 -6.51287e-005 3.13124 1.49998</i>
                        <i>0.999969 -0.00792368 0 0.007891 0.995844 0.0907382 -0.000718981 -0.0907354 0.995875 -6.98991e-005 3.13282 1.49997</i>
                        <i>0.999969 -0.00790417 -5.42101e-020 0.00787143 0.995827 0.0909165 -0.000718619 -0.0909137 0.995858 -7.4561e-005 3.13482 1.49997</i>
                        <i>0.999971 -0.00767649 -5.42101e-020 0.00764449 0.995801 0.0912251 -0.000700289 -0.0912224 0.99583 -7.90321e-005 3.13716 1.49997</i>
                        <i>0.999974 -0.00724599 0 0.00721548 0.995764 0.0916648 -0.000664202 -0.0916624 0.99579 -8.32298e-005 3.13973 1.49997</i>
                        <i>0.999978 -0.0066424 5.42101e-020 0.0066141 0.995717 0.0922156 -0.000612533 -0.0922135 0.995739 -8.70717e-005 3.14244 1.49997</i>
                        <i>0.999983 -0.00589547 0 0.00587 0.995662 0.0928572 -0.000547437 -0.0928556 0.995679 -9.04753e-005 3.14518 1.49997</i>
                        <i>0.999987 -0.00503496 0 0.00501287 0.9956 0.0935695 -0.000471118 -0.0935684 0.995613 -9.33581e-005 3.14785 1.49997</i>
                        <i>0.999992 -0.0040906 0 0.00407236 0.995532 0.0943325 -0.000385877 -0.0943317 0.995541 -9.56377e-005 3.15035 1.49996</i>
                        <i>0.999995 -0.00309216 0 0.00307814 0.995461 0.0951258 -0.000294144 -0.0951254 0.995465 -9.6885e-005 3.15289 1.49996</i>
                        <i>0.999998 -0.00206939 0 0.00205984 0.995386 0.0959295 -0.000198515 -0.0959293 0.995388 -9.68873e-005 3.15567 1.49996</i>
                        <i>0.999999 -0.00105203 -1.35525e-020 0.00104709 0.995311 0.0967234 -0.000101756 -0.0967233 0.995311 -9.57978e-005 3.15862 1.49996</i>
                        <i>1 -6.98367e-005 0 6.95041e-005 0.995237 0.0974873 -6.80819e-006 -0.0974873 0.995237 -9.37698e-005 3.16167 1.49997</i>
                        <i>1 0.000847434 0 -0.000843338 0.995166 0.0982012 8.3219e-005 -0.0982011 0.995167 -9.09563e-005 3.16473 1.49997</i>
                        <i>0.999999 0.00167003 1.35525e-020 -0.00166185 0.995101 0.0988449 0.000165074 -0.0988447 0.995103 -8.75108e-005 3.16774 1.49997</i>
                        <i>0.999997 0.0023682 0 -0.00235647 0.995045 0.0993983 0.000235395 -0.099398 0.995048 -8.35864e-005 3.17061 1.49997</i>
                        <i>0.999996 0.0029122 -2.71051e-020 -0.00289765 0.994999 0.0998413 0.000290758 -0.0998409 0.995003 -7.93364e-005 3.17327 1.49997</i>
                        <i>0.999995 0.00327227 0 -0.00325582 0.994967 0.100154 0.000327731 -0.100153 0.994972 -7.4914e-005 3.17565 1.49997</i>
                        <i>0.999994 0.0034716 2.71051e-020 -0.00345409 0.99495 0.100313 0.000348247 -0.100313 0.994956 -7.04724e-005 3.17767 1.49997</i>
                        <i>0.999994 0.00356715 -2.71051e-020 -0.00354916 0.994949 0.100318 0.000357849 -0.100317 0.994955 -6.61648e-005 3.17926 1.49998</i>
                        <i>0.999994 0.00357262 0 -0.00355464 0.994962 0.100192 0.000357949 -0.100192 0.994968 -6.21446e-005 3.18033 1.49998</i>
                        <i>0.999994 0.003498 0 -0.00348048 0.994986 0.0999514 0.00034963 -0.0999508 0.994992 -5.81779e-005 3.18072 1.49998</i>
                        <i>0.999994 0.00335331 2.71051e-020 -0.00333664 0.995021 0.0996091 0.000334021 -0.0996086 0.995027 -5.39512e-005 3.18042 1.49998</i>
                        <i>0.999995 0.00314857 -2.71051e-020 -0.00313304 0.995065 0.0991801 0.000312275 -0.0991796 0.99507 -4.94985e-005 3.1795 1.49998</i>
                        <i>0.999996 0.00289377 0 -0.00287965 0.995115 0.0986788 0.000285554 -0.0986784 0.995119 -4.48538e-005 3.17806 1.49998</i>
                        <i>0.999997 0.00259893 0 -0.00258639 0.995171 0.0981196 0.000255006 -0.0981193 0.995175 -4.00508e-005 3.1762 1.49999</i>
                        <i>0.999997 0.00227407 0 -0.00226323 0.995231 0.097517 0.00022176 -0.0975168 0.995234 -3.51236e-005 3.174 1.49999</i>
                        <i>0.999998 0.00192918 0 -0.00192011 0.995294 0.0968855 0.00018691 -0.0968853 0.995296 -3.01059e-005 3.17156 1.49999</i>
                        <i>0.999999 0.00157429 0 -0.00156698 0.995357 0.0962394 0.000151508 -0.0962393 0.995358 -2.50318e-005 3.16896 1.49999</i>
                        <i>0.999999 0.00121939 6.77626e-021 -0.0012138 0.99542 0.0955933 0.000116565 -0.0955932 0.99542 -1.9935e-005 3.16631 1.49999</i>
                        <i>1 0.000874502 -6.77626e-021 -0.00087055 0.995481 0.0949616 8.30441e-005 -0.0949616 0.995481 -1.48496e-005 3.16368 1.49999</i>
                        <i>1 0.000549634 0 -0.000547182 0.995538 0.0943588 5.18628e-005 -0.0943588 0.995538 -9.8093e-006 3.16118 1.5</i>
                        <i>1 0.000254797 1.69407e-021 -0.000253674 0.995591 0.0937994 2.38998e-005 -0.0937994 0.995591 -4.84815e-006 3.15889 1.5</i>
                        <i>1 0 0 0 0.995638 0.0932978 0 -0.0932978 0.995638 0 3.1569 1.5</i>
                    </KeyFrames>
                </p>
            </i>
            <i>
                <p>
                    <Name>
                        <![CDATA[rotor]]>
</Name>
                    <Exclude>0</Exclude>
                    <Additive>0</Additive>
                    <IKPriority>0</IKPriority>
                    <IKRotLimits>-1e+010 -1e+010 -1e+010 1e+010 1e+010 1e+010</IKRotLimits>
                    <IKRotLimitOrder>0</IKRotLimitOrder>
                    <KeyFrames count="46">
                        <i>1 0 0 0 0.995638 0.0932978 0 -0.0932978 0.995638 0 6.62536 0.318446</i>
                        <i>0.848016 -0.0498732 0.527619 0.00064481 0.995659 0.0930782 -0.52997 -0.0785916 0.844367 0.00224054 6.62242 0.317679</i>
                        <i>0.438257 -0.0840223 0.894914 0.00135288 0.995682 0.0928208 -0.898849 -0.0394687 0.436479 0.00470081 6.61901 0.316781</i>
                        <i>-0.104723 -0.0918086 0.990255 0.00210524 0.995707 0.0925368 -0.994499 0.0117754 -0.10408 0.00731465 6.6153 0.315789</i>
                        <i>-0.615869 -0.0709014 0.784651 0.00288295 0.995733 0.0922376 -0.787843 0.0590684 -0.613037 0.010016 6.61147 0.314746</i>
                        <i>-0.939802 -0.0279828 0.340572 0.00366701 0.995758 0.0919347 -0.3417 0.0876493 -0.935713 0.0127387 6.60769 0.313689</i>
                        <i>-0.978053 0.0234125 -0.207037 0.00443847 0.995782 0.0916393 0.208309 0.0887092 -0.974032 0.015417 6.60412 0.312658</i>
                        <i>-0.719 0.0672058 -0.691753 0.00517834 0.995804 0.0913629 0.694991 0.0621078 -0.716331 0.0179848 6.60094 0.311694</i>
                        <i>-0.241397 0.0898341 -0.96626 0.00586764 0.995823 0.0911167 0.970409 0.0163256 -0.240915 0.0203764 6.59831 0.310835</i>
                        <i>0.309574 0.0844478 -0.947118 0.00648739 0.995838 0.0909122 0.950853 -0.0342884 0.307738 0.022526 6.5964 0.310122</i>
                        <i>0.766437 0.0529396 -0.640135 0.00701858 0.995848 0.0907608 0.642281 -0.0740552 0.762883 0.0243679 6.59539 0.309593</i>
                        <i>0.990335 0.00521867 -0.1386 0.00744224 0.995853 0.0906737 0.138498 -0.0908288 0.986189 0.0258362 6.59545 0.309288</i>
                        <i>0.913231 -0.0439741 0.405062 0.00773937 0.995852 0.0906624 -0.407368 -0.0796608 0.909783 0.0268652 6.59646 0.309247</i>
                        <i>0.558579 -0.0796539 0.825618 0.007891 0.995844 0.0907382 -0.829414 -0.0441695 0.556886 0.027389 6.59812 0.309509</i>
                        <i>0.0341801 -0.0911342 0.995252 0.00787143 0.995827 0.0909165 -0.999385 0.00472652 0.0347548 0.0273183 6.60034 0.310128</i>
                        <i>-0.500592 -0.0751626 0.862414 0.00764449 0.995801 0.0912251 -0.865649 0.0522593 -0.497916 0.0265277 6.60306 0.3112</i>
                        <i>-0.883236 -0.0366351 0.467495 0.00721548 0.995764 0.0916648 -0.468873 0.0843349 -0.87923 0.0250352 6.60617 0.312729</i>
                        <i>-0.997499 0.0130588 -0.0694598 0.0066141 0.995717 0.0922156 0.0703666 0.0915256 -0.993313 0.0229433 6.60954 0.314645</i>
                        <i>-0.808681 0.0593487 -0.585246 0.00587 0.995662 0.0928572 0.588218 0.0716565 -0.805522 0.0203547 6.61306 0.316878</i>
                        <i>-0.374165 0.0886412 -0.923116 0.00501287 0.9956 0.0935695 0.927349 0.0303829 -0.372963 0.0173718 6.61659 0.319359</i>
                        <i>0.174027 0.0921882 -0.980416 0.00407236 0.995532 0.0943325 0.984733 -0.020409 0.172874 0.0140975 6.62002 0.322017</i>
                        <i>0.669346 0.0686228 -0.739775 0.00307814 0.995461 0.0951258 0.742944 -0.0659493 0.666097 0.0106349 6.6235 0.324782</i>
                        <i>0.961314 0.0244525 -0.274366 0.00205984 0.995386 0.0959295 0.275446 -0.0927836 0.956828 0.00708714 6.62724 0.327584</i>
                        <i>0.961233 -0.0276719 0.274345 0.00104709 0.995311 0.0967234 -0.275735 -0.0926864 0.956755 0.00355737 6.63113 0.330354</i>
                        <i>0.669126 -0.0724939 0.739605 6.95041e-005 0.995237 0.0974873 -0.743149 -0.0651798 0.665943 0.000148802 6.63507 0.33302</i>
                        <i>0.17373 -0.0965621 0.980048 -0.000843338 0.995166 0.0982012 -0.984793 -0.017887 0.172808 -0.00303515 6.63897 0.335513</i>
                        <i>-0.374453 -0.0922728 0.922643 -0.00166185 0.995101 0.0988449 -0.927244 0.0354794 -0.372772 -0.00589085 6.64273 0.337762</i>
                        <i>-0.808877 -0.0603406 0.584874 -0.00235647 0.995045 0.0993983 -0.587974 0.0790227 -0.805011 -0.00831461 6.64624 0.339696</i>
                        <i>-0.99754 -0.00986967 0.0694081 -0.00289765 0.994999 0.0998413 -0.0700464 0.0993945 -0.99258 -0.0102026 6.64942 0.341245</i>
                        <i>-0.883097 0.0441299 -0.467111 -0.00325582 0.994967 0.100154 0.46918 0.0899664 -0.878508 -0.011451 6.65216 0.342339</i>
                        <i>-0.500299 0.0851374 -0.861657 -0.00345409 0.99495 0.100313 0.865846 0.0531628 -0.497478 -0.0121402 6.65436 0.342897</i>
                        <i>0.0345429 0.100381 -0.994349 -0.00354916 0.994949 0.100318 0.999397 6.38319e-005 0.0347247 -0.0124681 6.65595 0.342915</i>
                        <i>0.558893 0.0850605 -0.824865 -0.00355464 0.994962 0.100192 0.829232 -0.0530648 0.55638 -0.0124826 6.65688 0.342478</i>
                        <i>0.913398 0.0438492 -0.4047 -0.00348048 0.994986 0.0999514 0.407053 -0.0898868 0.908971 -0.0122182 6.65699 0.341638</i>
                        <i>0.990309 -0.0105421 0.138481 -0.00333664 0.995021 0.0996091 -0.138841 -0.0991059 0.985343 -0.0117097 6.65628 0.340443</i>
                        <i>0.766241 -0.0613396 0.639619 -0.00313304 0.995065 0.0991801 -0.642546 -0.0779998 0.762267 -0.010992 6.65487 0.338947</i>
                        <i>0.309287 -0.0929545 0.946415 -0.00287965 0.995115 0.0986788 -0.950965 -0.0332454 0.307508 -0.0101001 6.65285 0.337197</i>
                        <i>-0.241674 -0.0958335 0.965614 -0.00258639 0.995171 0.0981196 -0.970354 0.0212155 -0.240755 -0.00906913 6.65033 0.335247</i>
                        <i>-0.719184 -0.0693767 0.691348 -0.00226323 0.995231 0.097517 -0.694816 0.068568 -0.715911 -0.00793397 6.64743 0.333145</i>
                        <i>-0.978107 -0.0220305 0.206932 -0.00192011 0.995294 0.0968855 -0.208093 0.094367 -0.973546 -0.00672957 6.64425 0.330943</i>
                        <i>-0.939743 0.0314365 -0.340433 -0.00156698 0.995357 0.0962394 0.341878 0.0909737 -0.935331 -0.00549086 6.6409 0.328691</i>
                        <i>-0.615753 0.0745778 -0.784402 -0.0012138 0.99542 0.0955933 0.787939 0.0598139 -0.612842 -0.00425265 6.63748 0.32644</i>
                        <i>-0.104611 0.09435 -0.990028 -0.00087055 0.995481 0.0949616 0.994513 0.0107959 -0.104057 -0.00304975 6.63411 0.324239</i>
                        <i>0.438325 0.08505 -0.894783 -0.000547182 0.995538 0.0943588 0.898816 -0.0408703 0.436416 -0.00191689 6.6309 0.32214</i>
                        <i>0.848036 0.0499221 -0.527582 -0.000253674 0.995591 0.0937994 0.529939 -0.0794114 0.844309 -0.000888754 6.62794 0.320192</i>
                        <i>1 0 0 0 0.995638 0.0932978 0 -0.0932978 0.995638 0 6.62536 0.318446</i>
                    </KeyFrames>
                </p>
            </i>
            <i>
                <p>
                    <Name>
                        <![CDATA[blades]]>
</Name>
                    <Exclude>0</Exclude>
                    <Additive>0</Additive>
                    <IKPriority>0</IKPriority>
                    <IKRotLimits>-1e+010 -1e+010 -1e+010 1e+010 1e+010 1e+010</IKRotLimits>
                    <IKRotLimitOrder>0</IKRotLimitOrder>
                    <KeyFrames count="46">
                        <i>0.999873 -0.0158807 -0.00148813 0.0159503 0.995593 0.0924107 1.40208e-005 -0.0924227 0.99572 0.000616333 7.19035 0.371594</i>
                        <i>0.847898 -0.0657479 0.526067 0.0146367 0.994805 0.10074 -0.529958 -0.0777172 0.844455 0.00302079 7.18738 0.370997</i>
                        <i>0.43818 -0.099893 0.893319 0.00913316 0.994249 0.106699 -0.898841 -0.0385947 0.436573 0.00555492 7.18397 0.370095</i>
                        <i>-0.104743 -0.107679 0.988653 0.00130881 0.994105 0.108411 -0.994498 0.0126493 -0.103985 0.00824151 7.18029 0.368891</i>
                        <i>-0.615837 -0.0867746 0.78308 -0.00624818 0.994423 0.10528 -0.787849 0.0599426 -0.612945 0.0111114 7.1765 0.367447</i>
                        <i>-0.939741 -0.0438619 0.339062 -0.0110232 0.995108 0.0981777 -0.341709 0.0885241 -0.935627 0.0141706 7.17276 0.365878</i>
                        <i>-0.977999 0.00752652 -0.208472 -0.0113454 0.995951 0.0891815 0.208299 0.0895847 -0.973954 0.0173755 7.16924 0.364335</i>
                        <i>-0.718991 0.0513139 -0.693123 -0.0069015 0.996694 0.0809472 0.694985 0.0629839 -0.71626 0.0206223 7.16608 0.362968</i>
                        <i>-0.241459 0.073939 -0.96759 0.00116353 0.997114 0.0759047 0.97041 0.0172021 -0.240849 0.0237557 7.16347 0.361897</i>
                        <i>0.309431 0.0685531 -0.948448 0.0105885 0.997088 0.0755233 0.950863 -0.0334119 0.307804 0.0265926 7.16156 0.361191</i>
                        <i>0.766227 0.0370488 -0.641501 0.018678 0.99663 0.0798683 0.642298 -0.0731792 0.762953 0.0289544 7.16053 0.360859</i>
                        <i>0.99009 -0.0106661 -0.140028 0.0231157 0.995889 0.0875846 0.138518 -0.0899534 0.986266 0.0306982 7.16055 0.360859</i>
                        <i>0.912992 -0.0598527 0.403564 0.0226628 0.995093 0.096312 -0.407348 -0.0787861 0.909868 0.0317367 7.16154 0.361131</i>
                        <i>0.558382 -0.0955278 0.824065 0.0175286 0.994485 0.103406 -0.829399 -0.0432954 0.556977 0.0320416 7.16318 0.361623</i>
                        <i>0.0340502 -0.107006 0.993675 0.0092941 0.994243 0.106749 -0.999377 0.0056005 0.0348487 0.031602 7.16539 0.362341</i>
                        <i>-0.500651 -0.0910364 0.860849 0.000419849 0.994429 0.105407 -0.865649 0.0531335 -0.497823 0.0303803 7.16811 0.363398</i>
                        <i>-0.883239 -0.0525131 0.465973 -0.00646116 0.994978 0.0998827 -0.468879 0.0852095 -0.879143 0.0284896 7.17123 0.364855</i>
                        <i>-0.997478 -0.00282489 -0.0709219 -0.00935901 0.995718 0.0919691 0.0703584 0.0924009 -0.993233 0.0260962 7.17461 0.366729</i>
                        <i>-0.808672 0.04346 -0.586652 -0.00754652 0.996419 0.0842186 0.588212 0.0725324 -0.805448 0.0233076 7.17812 0.369047</i>
                        <i>-0.374197 0.0727498 -0.924491 -0.00177098 0.99686 0.0791615 0.927348 0.0312592 -0.372893 0.0201754 7.18163 0.371812</i>
                        <i>0.17394 0.0762975 -0.981796 0.00598201 0.996894 0.0785305 0.984738 -0.0195327 0.172943 0.016717 7.18501 0.374979</i>
                        <i>0.669212 0.0527362 -0.741198 0.0131009 0.996486 0.0827286 0.742956 -0.0650733 0.66617 0.012946 7.18843 0.378443</i>
                        <i>0.961159 0.00857266 -0.275861 0.0171507 0.995731 0.0907 0.275461 -0.0919083 0.956909 0.00890484 7.19209 0.382048</i>
                        <i>0.961094 -0.0435439 0.272768 0.0166213 0.994824 0.100246 -0.275721 -0.091812 0.956843 0.00468765 7.19591 0.385606</i>
                        <i>0.669039 -0.088359 0.737956 0.0113955 0.994011 0.108686 -0.74314 -0.0643061 0.666039 0.000448749 7.19979 0.388934</i>
                        <i>0.173721 -0.112423 0.978357 0.00279348 0.993515 0.113669 -0.984791 -0.0170136 0.172908 -0.00360793 7.20364 0.391879</i>
                        <i>-0.374379 -0.108133 0.920949 -0.0068192 0.993472 0.113876 -0.927251 0.0363528 -0.372672 -0.00725423 7.20737 0.394346</i>
                        <i>-0.808736 -0.0762042 0.583214 -0.0147411 0.993886 0.109422 -0.587987 0.0798964 -0.804915 -0.0102706 7.21088 0.396298</i>
                        <i>-0.997366 -0.025739 0.0678067 -0.0187468 0.994627 0.101808 -0.0700629 0.100269 -0.99249 -0.0124761 7.21407 0.397743</i>
                        <i>-0.882932 0.0282543 -0.468649 -0.0177535 0.995464 0.0934628 0.469165 0.0908415 -0.878426 -0.013747 7.21682 0.398706</i>
                        <i>-0.50018 0.0692568 -0.863147 -0.0121947 0.996134 0.086994 0.865836 0.0540384 -0.497402 -0.0142317 7.21903 0.399189</i>
                        <i>0.0345952 0.0844981 -0.995823 -0.00387624 0.996423 0.0844144 0.999394 0.000939721 0.0347989 -0.0142566 7.22062 0.399237</i>
                        <i>0.558879 0.0691798 -0.826359 0.0046314 0.996238 0.0865337 0.829236 -0.0521891 0.556456 -0.0139858 7.22153 0.39894</i>
                        <i>0.913337 0.0279733 -0.406242 0.0107311 0.995638 0.0926846 0.407063 -0.0890117 0.909053 -0.0135472 7.22163 0.398294</i>
                        <i>0.990236 -0.0264117 0.136874 0.0125816 0.994813 0.100939 -0.13883 -0.0982315 0.985432 -0.0130212 7.22091 0.397256</i>
                        <i>0.766193 -0.0772034 0.637956 0.00965394 0.994028 0.1087 -0.642538 -0.077126 0.762363 -0.012429 7.21949 0.395779</i>
                        <i>0.309293 -0.108815 0.944721 0.00288986 0.993535 0.113492 -0.950962 -0.032372 0.307608 -0.011738 7.21749 0.393841</i>
                        <i>-0.241602 -0.111695 0.963926 -0.00558786 0.993497 0.113721 -0.970359 0.0220888 -0.240655 -0.0108841 7.21501 0.391473</i>
                        <i>-0.719056 -0.0852421 0.689704 -0.0131234 0.993937 0.109161 -0.694828 0.0694417 -0.715815 -0.00980357 7.21217 0.388764</i>
                        <i>-0.977952 -0.0379029 0.205361 -0.017338 0.994732 0.10103 -0.208108 0.0952415 -0.973458 -0.00846456 7.20906 0.385852</i>
                        <i>-0.939599 0.0155562 -0.341925 -0.0168565 0.995651 0.0916193 0.341863 0.091849 -0.93525 -0.00688939 7.20578 0.382904</i>
                        <i>-0.615655 0.058691 -0.785827 -0.0117277 0.99643 0.0836084 0.787929 0.0606899 -0.612769 -0.00515991 7.20242 0.380078</i>
                        <i>-0.104584 0.0784597 -0.991416 -0.00341323 0.996849 0.0792497 0.99451 0.0116722 -0.103987 -0.00340497 7.19908 0.377496</i>
                        <i>0.438278 0.0691601 -0.896175 0.00565422 0.996804 0.0796911 0.898822 -0.0399941 0.436486 -0.00177353 7.19588 0.375224</i>
                        <i>0.847932 0.0340358 -0.529011 0.0128069 0.99633 0.0846302 0.529951 -0.0785356 0.844384 -0.000401717 7.19293 0.373268</i>
                        <i>0.999873 -0.0158807 -0.00148813 0.0159503 0.995593 0.0924107 1.40208e-005 -0.0924227 0.99572 0.000616333 7.19035 0.371594</i>
                    </KeyFrames>
                </p>
            </i>
            <i>
                <p>
                    <Name>
                        <![CDATA[tail_rotor]]>
</Name>
                    <Exclude>0</Exclude>
                    <Additive>0</Additive>
                    <IKPriority>0</IKPriority>
                    <IKRotLimits>-1e+010 -1e+010 -1e+010 1e+010 1e+010 1e+010</IKRotLimits>
                    <IKRotLimitOrder>0</IKRotLimitOrder>
                    <KeyFrames count="46">
                        <i>1 0 0 0 0.995638 0.0932978 0 -0.0932978 0.995638 1.13262 9.35431 -18.0855</i>
                        <i>1 -0.000647621 -3.38813e-021 0.0005327 0.822548 -0.568695 0.000368299 0.568695 0.822548 1.13662 9.34657 -18.0869</i>
                        <i>0.999999 -0.00135874 0 0.000359128 0.264309 -0.964438 0.00131042 0.964437 0.264309 1.14101 9.3376 -18.0885</i>
                        <i>0.999998 -0.00211432 0 -0.000883183 -0.417715 -0.908578 0.00192102 0.908576 -0.417715 1.14567 9.32778 -18.0902</i>
                        <i>0.999996 -0.00289529 -2.71051e-020 -0.00261775 -0.904136 -0.427237 0.00123697 0.427235 -0.90414 1.15047 9.31753 -18.0921</i>
                        <i>0.999993 -0.00368261 0 -0.00356166 -0.96715 0.254181 -0.00093605 -0.25418 -0.967157 1.1553 9.30725 -18.094</i>
                        <i>0.99999 -0.00445723 -2.71051e-020 -0.00257297 -0.577252 0.816562 -0.0036396 -0.816554 -0.577258 1.16005 9.29734 -18.0958</i>
                        <i>0.999986 -0.00520009 0 0.000431333 0.0829461 0.996554 -0.00518217 -0.99654 0.0829472 1.16459 9.28819 -18.0975</i>
                        <i>0.999983 -0.00589215 5.42101e-020 0.00414978 0.704277 0.709913 -0.00418292 -0.709901 0.704289 1.16881 9.28022 -18.099</i>
                        <i>0.999979 -0.00651436 0 0.00648739 0.995838 0.0909121 -0.000592235 -0.0909102 0.995859 1.17261 9.27382 -18.1003</i>
                        <i>0.999975 -0.00704767 5.42101e-020 0.00578771 0.821202 -0.570608 0.00402146 0.570594 0.821223 1.17586 9.26939 -18.1012</i>
                        <i>0.999972 -0.00747302 0 0.00195964 0.262222 -0.965006 0.00721151 0.964979 0.262229 1.17845 9.26735 -18.1018</i>
                        <i>0.99997 -0.00777138 0 -0.00325951 -0.419412 -0.90779 0.00705478 0.907763 -0.419425 1.18028 9.26781 -18.1018</i>
                        <i>0.999969 -0.00792368 0 -0.0071692 -0.904754 -0.425875 0.0033745 0.425862 -0.904782 1.18122 9.2707 -18.1014</i>
                        <i>0.999969 -0.00790417 -5.42101e-020 -0.00764251 -0.966866 0.25517 -0.00201691 -0.255162 -0.966896 1.18112 9.27624 -18.1003</i>
                        <i>0.999971 -0.00767649 -5.42101e-020 -0.00442871 -0.576901 0.816802 -0.00627018 -0.816778 -0.576918 1.17976 9.28492 -18.0984</i>
                        <i>0.999974 -0.00724599 0 0.000598844 0.0826427 0.996579 -0.0072212 -0.996553 0.0826449 1.17718 9.29665 -18.0957</i>
                        <i>0.999978 -0.0066424 5.42101e-020 0.00467297 0.70349 0.71069 -0.00472068 -0.710674 0.703506 1.17353 9.3109 -18.0922</i>
                        <i>0.999983 -0.00589547 0 0.00587 0.995662 0.0928572 -0.000547437 -0.0928556 0.995679 1.16899 9.32714 -18.0883</i>
                        <i>0.999987 -0.00503496 0 0.00414291 0.822818 -0.56829 0.00286131 0.568282 0.822829 1.16374 9.34483 -18.0838</i>
                        <i>0.999992 -0.0040906 0 0.00108717 0.265771 -0.964036 0.00394349 0.964027 0.265773 1.15794 9.36343 -18.0791</i>
                        <i>0.999995 -0.00309216 0 -0.00128433 -0.41535 -0.909661 0.00281282 0.909657 -0.415352 1.15179 9.38272 -18.0741</i>
                        <i>0.999998 -0.00206939 0 -0.00186772 -0.902547 -0.430587 0.000891051 0.430586 -0.902549 1.14545 9.40248 -18.0691</i>
                        <i>0.999999 -0.00105203 -1.35525e-020 -0.00101875 -0.968367 0.249527 -0.000262509 -0.249527 -0.968368 1.13911 9.4222 -18.0641</i>
                        <i>1 -6.98367e-005 0 -4.06481e-005 -0.582045 0.813157 -5.67882e-005 -0.813157 -0.582045 1.13296 9.44137 -18.0593</i>
                        <i>1 0.000847434 0 -6.44898e-005 0.0761001 0.9971 0.000844976 -0.9971 0.0761002 1.12719 9.4595 -18.0548</i>
                        <i>0.999999 0.00167003 1.35525e-020 -0.00116694 0.698756 0.715359 0.00119467 -0.715358 0.698757 1.12199 9.47608 -18.0507</i>
                        <i>0.999997 0.0023682 0 -0.00235647 0.995045 0.0993977 0.000235394 -0.0993974 0.995048 1.11757 9.49061 -18.0472</i>
                        <i>0.999996 0.0029122 -2.71051e-020 -0.00240662 0.82639 -0.563093 -0.00163984 0.563091 0.826394 1.11411 9.50258 -18.0443</i>
                        <i>0.999995 0.00327227 0 -0.000888117 0.271405 -0.962465 -0.00314944 0.96246 0.271407 1.11181 9.51151 -18.0424</i>
                        <i>0.999994 0.0034716 2.71051e-020 0.00142545 -0.410602 -0.911814 -0.00316546 0.911808 -0.410604 1.11054 9.51687 -18.0413</i>
                        <i>0.999994 0.00356715 -2.71051e-020 0.00321273 -0.900637 -0.434561 -0.00155015 0.434558 -0.900642 1.10994 9.51866 -18.0413</i>
                        <i>0.999994 0.00357262 0 0.00346269 -0.969226 0.24615 0.0008794 -0.246149 -0.969232 1.10992 9.51727 -18.0421</i>
                        <i>0.999994 0.003498 0 0.00204303 -0.584053 0.811713 0.00283937 -0.811708 -0.584056 1.11041 9.51285 -18.0436</i>
                        <i>0.999994 0.00335331 2.71051e-020 -0.000250454 0.0746881 0.997207 0.00334395 -0.997201 0.0746886 1.11136 9.50566 -18.0458</i>
                        <i>0.999995 0.00314857 -2.71051e-020 -0.00219933 0.698513 0.715594 0.00225309 -0.71559 0.698517 1.11268 9.49608 -18.0485</i>
                        <i>0.999996 0.00289377 0 -0.00287965 0.995115 0.0986778 0.000285551 -0.0986773 0.995119 1.11433 9.48451 -18.0517</i>
                        <i>0.999997 0.00259893 0 -0.00214521 0.825415 -0.564522 -0.00146716 0.56452 0.825418 1.11622 9.47133 -18.0553</i>
                        <i>0.999997 0.00227407 0 -0.000611398 0.268856 -0.96318 -0.00219034 0.963178 0.268856 1.1183 9.45693 -18.0591</i>
                        <i>0.999998 0.00192918 0 0.000798187 -0.413743 -0.910393 -0.00175631 0.910392 -0.413744 1.12049 9.44169 -18.063</i>
                        <i>0.999999 0.00157429 0 0.00142066 -0.902414 -0.430867 -0.000678308 0.430867 -0.902415 1.12274 9.426 -18.0671</i>
                        <i>0.999999 0.00121939 6.77626e-021 0.00118047 -0.968083 0.250626 0.00030561 -0.250626 -0.968084 1.12498 9.41024 -18.0712</i>
                        <i>1 0.000874502 -6.77626e-021 0.000507194 -0.57998 0.814631 0.000712396 -0.81463 -0.57998 1.12715 9.3948 -18.0751</i>
                        <i>1 0.000549634 0 -4.39429e-005 0.0799495 0.996799 0.000547875 -0.996799 0.0799495 1.12919 9.38008 -18.0789</i>
                        <i>1 0.000254797 1.69407e-021 -0.000178963 0.702374 0.711808 0.000181366 -0.711808 0.702374 1.13103 9.36645 -18.0824</i>
                        <i>1 0 0 0 0.995638 0.0932978 0 -0.0932978 0.995638 1.13262 9.35431 -18.0855</i>
                    </KeyFrames>
                </p>
            </i>
            <i>
                <p>
                    <Name>
                        <![CDATA[right_gear]]>
</Name>
                    <Exclude>0</Exclude>
                    <Additive>0</Additive>
                    <IKPriority>0</IKPriority>
                    <IKRotLimits>-1e+010 -1e+010 -1e+010 1e+010 1e+010 1e+010</IKRotLimits>
                    <IKRotLimitOrder>0</IKRotLimitOrder>
                    <KeyFrames count="46">
                        <i>1 0 0 0 0.995638 0.0932978 0 -0.0932978 0.995638 -0.745755 2.36352 -2.43464</i>
                        <i>1 -0.000647621 -3.38813e-021 0.00064481 0.995659 0.0930782 -6.02794e-005 -0.0930782 0.995659 -0.746275 2.36045 -2.43447</i>
                        <i>0.999999 -0.00135874 0 0.00135288 0.995682 0.0928208 -0.00012612 -0.0928207 0.995683 -0.746846 2.35686 -2.43426</i>
                        <i>0.999998 -0.00211432 0 0.00210524 0.995707 0.0925368 -0.000195652 -0.0925366 0.995709 -0.747454 2.35294 -2.43404</i>
                        <i>0.999996 -0.00289529 -2.71051e-020 0.00288295 0.995733 0.0922376 -0.000267055 -0.0922372 0.995737 -0.748084 2.34888 -2.4338</i>
                        <i>0.999993 -0.00368261 0 0.00366701 0.995758 0.0919347 -0.00033856 -0.0919341 0.995765 -0.74872 2.34486 -2.43356</i>
                        <i>0.99999 -0.00445723 -2.71051e-020 0.00443847 0.995782 0.0916393 -0.000408457 -0.0916384 0.995792 -0.749347 2.34106 -2.43332</i>
                        <i>0.999986 -0.00520009 0 0.00517834 0.995804 0.0913629 -0.000475095 -0.0913616 0.995818 -0.74995 2.33769 -2.4331</i>
                        <i>0.999983 -0.00589215 5.42101e-020 0.00586764 0.995823 0.0911167 -0.000536874 -0.0911151 0.99584 -0.750513 2.33491 -2.43291</i>
                        <i>0.999979 -0.00651436 0 0.00648739 0.995838 0.0909122 -0.000592235 -0.0909103 0.995859 -0.75102 2.33292 -2.43275</i>
                        <i>0.999975 -0.00704767 5.42101e-020 0.00701858 0.995848 0.0907608 -0.000639652 -0.0907585 0.995873 -0.751454 2.33191 -2.43263</i>
                        <i>0.999972 -0.00747302 0 0.00744224 0.995853 0.0906737 -0.000677607 -0.0906712 0.995881 -0.751801 2.33205 -2.43256</i>
                        <i>0.99997 -0.00777138 0 0.00773937 0.995852 0.0906624 -0.000704572 -0.0906597 0.995882 -0.752044 2.33327 -2.43255</i>
                        <i>0.999969 -0.00792368 0 0.007891 0.995844 0.0907382 -0.000718981 -0.0907354 0.995875 -0.752168 2.33526 -2.43261</i>
                        <i>0.999969 -0.00790417 -5.42101e-020 0.00787143 0.995827 0.0909165 -0.000718619 -0.0909137 0.995858 -0.752152 2.33796 -2.43276</i>
                        <i>0.999971 -0.00767649 -5.42101e-020 0.00764449 0.995801 0.0912251 -0.000700289 -0.0912224 0.99583 -0.751966 2.34134 -2.43301</i>
                        <i>0.999974 -0.00724599 0 0.00721548 0.995764 0.0916648 -0.000664202 -0.0916624 0.99579 -0.751615 2.34533 -2.43336</i>
                        <i>0.999978 -0.0066424 5.42101e-020 0.0066141 0.995717 0.0922156 -0.000612533 -0.0922135 0.995739 -0.751124 2.34976 -2.43381</i>
                        <i>0.999983 -0.00589547 0 0.00587 0.995662 0.0928572 -0.000547437 -0.0928556 0.995679 -0.75052 2.35447 -2.43432</i>
                        <i>0.999987 -0.00503496 0 0.00501287 0.9956 0.0935695 -0.000471118 -0.0935684 0.995613 -0.749828 2.35931 -2.43489</i>
                        <i>0.999992 -0.0040906 0 0.00407236 0.995532 0.0943325 -0.000385877 -0.0943317 0.995541 -0.749073 2.36412 -2.4355</i>
                        <i>0.999995 -0.00309216 0 0.00307814 0.995461 0.0951258 -0.000294144 -0.0951254 0.995465 -0.74828 2.36905 -2.43613</i>
                        <i>0.999998 -0.00206939 0 0.00205984 0.995386 0.0959295 -0.000198515 -0.0959293 0.995388 -0.747471 2.37424 -2.43676</i>
                        <i>0.999999 -0.00105203 -1.35525e-020 0.00104709 0.995311 0.0967234 -0.000101756 -0.0967233 0.995311 -0.746671 2.37957 -2.43738</i>
                        <i>1 -6.98367e-005 0 6.95041e-005 0.995237 0.0974873 -6.80819e-006 -0.0974873 0.995237 -0.745903 2.38491 -2.43798</i>
                        <i>1 0.000847434 0 -0.000843338 0.995166 0.0982012 8.3219e-005 -0.0982011 0.995167 -0.74519 2.39011 -2.43853</i>
                        <i>0.999999 0.00167003 1.35525e-020 -0.00166185 0.995101 0.0988449 0.000165074 -0.0988447 0.995103 -0.744554 2.39505 -2.43903</i>
                        <i>0.999997 0.0023682 0 -0.00235647 0.995045 0.0993983 0.000235395 -0.099398 0.995048 -0.744015 2.3996 -2.43946</i>
                        <i>0.999996 0.0029122 -2.71051e-020 -0.00289765 0.994999 0.0998413 0.000290758 -0.0998409 0.995003 -0.743596 2.40361 -2.4398</i>
                        <i>0.999995 0.00327227 0 -0.00325582 0.994967 0.100154 0.000327731 -0.100153 0.994972 -0.743319 2.40696 -2.44004</i>
                        <i>0.999994 0.0034716 2.71051e-020 -0.00345409 0.99495 0.100313 0.000348247 -0.100313 0.994956 -0.743163 2.40946 -2.44016</i>
                        <i>0.999994 0.00356715 -2.71051e-020 -0.00354916 0.994949 0.100318 0.000357849 -0.100317 0.994955 -0.743086 2.411 -2.44016</i>
                        <i>0.999994 0.00357262 0 -0.00355464 0.994962 0.100192 0.000357949 -0.100192 0.994968 -0.743076 2.41157 -2.44006</i>
                        <i>0.999994 0.003498 0 -0.00348048 0.994986 0.0999514 0.00034963 -0.0999508 0.994992 -0.743126 2.41106 -2.43988</i>
                        <i>0.999994 0.00335331 2.71051e-020 -0.00333664 0.995021 0.0996091 0.000334021 -0.0996086 0.995027 -0.743228 2.40951 -2.43961</i>
                        <i>0.999995 0.00314857 -2.71051e-020 -0.00313304 0.995065 0.0991801 0.000312275 -0.0991796 0.99507 -0.743376 2.40704 -2.43928</i>
                        <i>0.999996 0.00289377 0 -0.00287965 0.995115 0.0986788 0.000285554 -0.0986784 0.995119 -0.743563 2.40381 -2.43889</i>
                        <i>0.999997 0.00259893 0 -0.00258639 0.995171 0.0981196 0.000255006 -0.0981193 0.995175 -0.74378 2.39995 -2.43845</i>
                        <i>0.999997 0.00227407 0 -0.00226323 0.995231 0.097517 0.00022176 -0.0975168 0.995234 -0.744022 2.39561 -2.43798</i>
                        <i>0.999998 0.00192918 0 -0.00192011 0.995294 0.0968855 0.00018691 -0.0968853 0.995296 -0.744281 2.39093 -2.43748</i>
                        <i>0.999999 0.00157429 0 -0.00156698 0.995357 0.0962394 0.000151508 -0.0962393 0.995358 -0.744549 2.38604 -2.43698</i>
                        <i>0.999999 0.00121939 6.77626e-021 -0.0012138 0.99542 0.0955933 0.000116565 -0.0955932 0.99542 -0.744818 2.38109 -2.43647</i>
                        <i>1 0.000874502 -6.77626e-021 -0.00087055 0.995481 0.0949616 8.30441e-005 -0.0949616 0.995481 -0.745082 2.37623 -2.43597</i>
                        <i>1 0.000549634 0 -0.000547182 0.995538 0.0943588 5.18628e-005 -0.0943588 0.995538 -0.745331 2.37158 -2.43549</i>
                        <i>1 0.000254797 1.69407e-021 -0.000253674 0.995591 0.0937994 2.38998e-005 -0.0937994 0.995591 -0.745559 2.3673 -2.43504</i>
                        <i>1 0 0 0 0.995638 0.0932978 0 -0.0932978 0.995638 -0.745755 2.36352 -2.43464</i>
                    </KeyFrames>
                </p>
            </i>
            <i>
                <p>
                    <Name>
                        <![CDATA[right_gear_hatch]]>
</Name>
                    <Exclude>0</Exclude>
                    <Additive>0</Additive>
                    <IKPriority>0</IKPriority>
                    <IKRotLimits>-1e+010 -1e+010 -1e+010 1e+010 1e+010 1e+010</IKRotLimits>
                    <IKRotLimitOrder>0</IKRotLimitOrder>
                    <KeyFrames count="46">
                        <i>2.22045e-016 0.995638 0.0932978 1 -2.21076e-016 -2.07163e-017 0 0.0932978 -0.995638 -1.55851 2.3562 -2.58295</i>
                        <i>0.00064481 0.995659 0.0930782 1 -0.000647621 -2.06709e-017 6.02794e-005 0.0930782 -0.995659 -1.55903 2.35362 -2.58277</i>
                        <i>0.00135288 0.995682 0.0928208 0.999999 -0.00135874 -2.06103e-017 0.00012612 0.0928207 -0.995683 -1.55961 2.35057 -2.58257</i>
                        <i>0.00210524 0.995707 0.0925368 0.999998 -0.00211432 -2.05473e-017 0.000195652 0.0925366 -0.995709 -1.56022 2.34723 -2.58234</i>
