<?xml version="1.0" encoding="ISO-8859-1" ?>
<Animl Version="1">
    <ModellingPackage><![CDATA[Maya.2010]]></ModellingPackage>
    <SrcFile><![CDATA[anims\vehicles\red\~src\air\helicopter_mi24hind\heli_mi24hind_takeoff.mb]]></SrcFile>
    <FramesPerSecond>30</FramesPerSecond>
    <TotalFrames>121</TotalFrames>
    <Skeleton>
        <RefFrame>
            <Name><![CDATA[hind_ref_frame]]></Name>
            <Exclude>0</Exclude>
            <Additive>0</Additive>
            <IKPriority>0</IKPriority>
            <IKRotLimits>-1e+010 -1e+010 -1e+010 1e+010 1e+010 1e+010</IKRotLimits>
            <IKRotLimitOrder>0</IKRotLimitOrder>
            <KeyFrames count="121">
                <i>1 0 0 0 1 0 0 0 1 0 0 0</i>
                <i>1 0 0 0 1 0 0 0 1 0 0 0</i>
                <i>1 0 0 0 1 0 0 0 1 0 0 0</i>
                <i>1 0 0 0 1 0 0 0 1 0 0 0</i>
                <i>1 0 0 0 1 0 0 0 1 0 0 0</i>
                <i>1 0 0 0 1 0 0 0 1 0 0 0</i>
                <i>1 0 0 0 1 0 0 0 1 0 0 0</i>
                <i>1 0 0 0 1 0 0 0 1 0 0 0</i>
                <i>1 0 0 0 1 0 0 0 1 0 0 0</i>
                <i>1 0 0 0 1 0 0 0 1 0 0 0</i>
                <i>1 0 0 0 1 0 0 0 1 0 0 0</i>
                <i>1 0 0 0 1 0 0 0 1 0 0 0</i>
                <i>1 0 0 0 1 0 0 0 1 0 0 0</i>
                <i>1 0 0 0 1 0 0 0 1 0 0 0</i>
                <i>1 0 0 0 1 0 0 0 1 0 0 0</i>
                <i>1 0 0 0 1 0 0 0 1 0 0 0</i>
                <i>1 0 0 0 1 0 0 0 1 0 0 0</i>
                <i>1 0 0 0 1 0 0 0 1 0 0 0</i>
                <i>1 0 0 0 1 0 0 0 1 0 0 0</i>
                <i>1 0 0 0 1 0 0 0 1 0 0 0</i>
                <i>1 0 0 0 1 0 0 0 1 0 0 0</i>
                <i>1 0 0 0 1 0 0 0 1 0 0 0</i>
                <i>1 0 0 0 1 0 0 0 1 0 0 0</i>
                <i>1 0 0 0 1 0 0 0 1 0 0 0</i>
                <i>1 0 0 0 1 0 0 0 1 0 0 0</i>
                <i>1 0 0 0 1 0 0 0 1 0 0 0</i>
                <i>1 0 0 0 1 0 0 0 1 0 0 0</i>
                <i>1 0 0 0 1 0 0 0 1 0 0 0</i>
                <i>1 0 0 0 1 0 0 0 1 0 0 0</i>
                <i>1 0 0 0 1 0 0 0 1 0 0 0</i>
                <i>1 0 0 0 1 0 0 0 1 0 0 0</i>
                <i>1 0 0 0 1 0 0 0 1 0 0 0</i>
                <i>1 0 0 0 1 0 0 0 1 0 0 0</i>
                <i>1 0 0 0 1 0 0 0 1 0 0 0</i>
                <i>1 0 0 0 1 0 0 0 1 0 0 0</i>
                <i>1 0 0 0 1 0 0 0 1 0 0 0</i>
                <i>1 0 0 0 1 0 0 0 1 0 0 0</i>
                <i>1 0 0 0 1 0 0 0 1 0 0 0</i>
                <i>1 0 0 0 1 0 0 0 1 0 0 0</i>
                <i>1 0 0 0 1 0 0 0 1 0 0 0</i>
                <i>1 0 0 0 1 0 0 0 1 0 0 0</i>
                <i>1 0 0 0 1 0 0 0 1 0 0 0</i>
                <i>1 0 0 0 1 0 0 0 1 0 0 0</i>
                <i>1 0 0 0 1 0 0 0 1 0 0 0</i>
                <i>1 0 0 0 1 0 0 0 1 0 0 0</i>
                <i>1 0 0 0 1 0 0 0 1 0 0 0</i>
                <i>1 0 0 0 1 0 0 0 1 0 0 0</i>
                <i>1 0 0 0 1 0 0 0 1 0 0 0</i>
                <i>1 0 0 0 1 0 0 0 1 0 0 0</i>
                <i>1 0 0 0 1 0 0 0 1 0 0 0</i>
                <i>1 0 0 0 1 0 0 0 1 0 0 0</i>
                <i>1 0 0 0 1 0 0 0 1 0 0 0</i>
                <i>1 0 0 0 1 0 0 0 1 0 0 0</i>
                <i>1 0 0 0 1 0 0 0 1 0 0 0</i>
                <i>1 0 0 0 1 0 0 0 1 0 0 0</i>
                <i>1 0 0 0 1 0 0 0 1 0 0 0</i>
                <i>1 0 0 0 1 0 0 0 1 0 0 0</i>
                <i>1 0 0 0 1 0 0 0 1 0 0 0</i>
                <i>1 0 0 0 1 0 0 0 1 0 0 0</i>
                <i>1 0 0 0 1 0 0 0 1 0 0 0</i>
                <i>1 0 0 0 1 0 0 0 1 0 0 0</i>
                <i>1 0 0 0 1 0 0 0 1 0 0 0</i>
                <i>1 0 0 0 1 0 0 0 1 0 0 0</i>
                <i>1 0 0 0 1 0 0 0 1 0 0 0</i>
                <i>1 0 0 0 1 0 0 0 1 0 0 0</i>
                <i>1 0 0 0 1 0 0 0 1 0 0 0</i>
                <i>1 0 0 0 1 0 0 0 1 0 0 0</i>
                <i>1 0 0 0 1 0 0 0 1 0 0 0</i>
                <i>1 0 0 0 1 0 0 0 1 0 0 0</i>
                <i>1 0 0 0 1 0 0 0 1 0 0 0</i>
                <i>1 0 0 0 1 0 0 0 1 0 0.00612515 0</i>
                <i>1 0 0 0 1 0 0 0 1 0 0.0247764 0</i>
                <i>1 0 0 0 1 0 0 0 1 0 0.0563781 0</i>
                <i>1 0 0 0 1 0 0 0 1 0 0.101369 0</i>
                <i>1 0 0 0 1 0 0 0 1 0 0.160202 0</i>
                <i>1 0 0 0 1 0 0 0 1 0 0.233344 0</i>
                <i>1 0 0 0 1 0 0 0 1 0 0.321274 0</i>
                <i>1 0 0 0 1 0 0 0 1 0 0.424482 0</i>
                <i>1 0 0 0 1 0 0 0 1 0 0.543469 0</i>
                <i>1 0 0 0 1 0 0 0 1 0 0.678741 0</i>
                <i>1 0 0 0 1 0 0 0 1 0 0.83081 0</i>
                <i>1 0 0 0 1 0 0 0 1 0 1.00019 0</i>
                <i>1 0 0 0 1 0 0 0 1 0 1.18739 0</i>
                <i>1 0 0 0 1 0 0 0 1 0 1.39291 0</i>
                <i>1 0 0 0 1 0 0 0 1 0 1.61723 0</i>
                <i>1 0 0 0 1 0 0 0 1 0 1.86083 0</i>
                <i>1 0 0 0 1 0 0 0 1 0 2.12412 0</i>
                <i>1 0 0 0 1 0 0 0 1 0 2.40749 0</i>
                <i>1 0 0 0 1 0 0 0 1 0 2.71127 0</i>
                <i>1 0 0 0 1 0 0 0 1 0 3.03573 0</i>
                <i>1 0 0 0 1 0 0 0 1 0 3.38103 0</i>
                <i>1 0 0 0 1 0 0 0 1 0 3.74725 0</i>
                <i>1 0 0 0 1 0 0 0 1 0 4.13432 0</i>
                <i>1 0 0 0 1 0 0 0 1 0 4.54206 0</i>
                <i>1 0 0 0 1 0 0 0 1 0 4.9701 0</i>
                <i>1 0 0 0 1 0 0 0 1 0 5.41789 0</i>
                <i>1 0 0 0 1 0 0 0 1 0 5.88468 0</i>
                <i>1 0 0 0 1 0 0 0 1 0 6.36949 0</i>
                <i>1 0 0 0 1 0 0 0 1 0 6.87114 0</i>
                <i>1 0 0 0 1 0 0 0 1 0 7.38817 0</i>
                <i>1 0 0 0 1 0 0 0 1 0 7.9189 0</i>
                <i>1 0 0 0 1 0 0 0 1 0 8.46145 0</i>
                <i>1 0 0 0 1 0 0 0 1 0 9.01367 0</i>
                <i>1 0 0 0 1 0 0 0 1 0 9.57329 0</i>
                <i>1 0 0 0 1 0 0 0 1 0 10.1379 0</i>
                <i>1 0 0 0 1 0 0 0 1 0 10.7049 0</i>
                <i>1 0 0 0 1 0 0 0 1 0 11.2717 0</i>
                <i>1 0 0 0 1 0 0 0 1 0 11.8357 0</i>
                <i>1 0 0 0 1 0 0 0 1 0 12.3945 0</i>
                <i>1 0 0 0 1 0 0 0 1 0 12.9455 0</i>
                <i>1 0 0 0 1 0 0 0 1 0 13.4866 0</i>
                <i>1 0 0 0 1 0 0 0 1 0 14.0156 0</i>
                <i>1 0 0 0 1 0 0 0 1 0 14.5307 0</i>
                <i>1 0 0 0 1 0 0 0 1 0 15.0301 0</i>
                <i>1 0 0 0 1 0 0 0 1 0 15.5126 0</i>
                <i>1 0 0 0 1 0 0 0 1 0 15.9768 0</i>
                <i>1 0 0 0 1 0 0 0 1 0 16.422 0</i>
                <i>1 0 0 0 1 0 0 0 1 0 16.8473 0</i>
                <i>1 0 0 0 1 0 0 0 1 0 17.2523 0</i>
                <i>1 0 0 0 1 0 0 0 1 0 17.6366 0</i>
                <i>1 0 0 0 1 0 0 0 1 0 18 0</i>
            </KeyFrames>
        </RefFrame>
        <Bones count="15">
            <i>
                <p>
                    <Name><![CDATA[hind_root]]></Name>
                    <Exclude>0</Exclude>
                    <Additive>0</Additive>
                    <IKPriority>0</IKPriority>
                    <IKRotLimits>-1e+010 -1e+010 -1e+010 1e+010 1e+010 1e+010</IKRotLimits>
                    <IKRotLimitOrder>0</IKRotLimitOrder>
                    <KeyFrames count="121">
                        <i>1 0 0 0 0.999391 -0.0348995 0 0.0348995 0.999391 0 3.05236 1.5</i>
                        <i>1 0 0 0 0.999391 -0.0348995 0 0.0348995 0.999391 0 3.05236 1.5</i>
                        <i>1 0 0 0 0.999391 -0.0348995 0 0.0348995 0.999391 0 3.05236 1.5</i>
                        <i>1 0 0 0 0.999391 -0.0348995 0 0.0348995 0.999391 0 3.05236 1.5</i>
                        <i>1 0 0 0 0.999391 -0.0348995 0 0.0348995 0.999391 0 3.05236 1.5</i>
                        <i>1 0 0 0 0.999391 -0.0348995 0 0.0348995 0.999391 0 3.05236 1.5</i>
                        <i>1 0 0 0 0.999391 -0.0348995 0 0.0348995 0.999391 0 3.05236 1.5</i>
                        <i>1 0 0 0 0.999391 -0.0348995 0 0.0348995 0.999391 0 3.05236 1.5</i>
                        <i>1 0 0 0 0.999391 -0.0348995 0 0.0348995 0.999391 0 3.05236 1.5</i>
                        <i>1 0 0 0 0.999391 -0.0348995 0 0.0348995 0.999391 0 3.05236 1.5</i>
                        <i>1 0 0 0 0.999391 -0.0348995 0 0.0348995 0.999391 0 3.05236 1.5</i>
                        <i>1 0 0 0 0.999391 -0.0348995 0 0.0348995 0.999391 0 3.05236 1.5</i>
                        <i>1 0 0 0 0.999391 -0.0348995 0 0.0348995 0.999391 0 3.05236 1.5</i>
                        <i>1 0 0 0 0.999391 -0.0348995 0 0.0348995 0.999391 0 3.05236 1.5</i>
                        <i>1 0 0 0 0.999391 -0.0348995 0 0.0348995 0.999391 0 3.05236 1.5</i>
                        <i>1 0 0 0 0.999391 -0.0348995 0 0.0348995 0.999391 0 3.05236 1.5</i>
                        <i>1 0 0 0 0.999391 -0.0348995 0 0.0348995 0.999391 0 3.05236 1.5</i>
                        <i>1 0 0 0 0.999391 -0.0348995 0 0.0348995 0.999391 0 3.05236 1.5</i>
                        <i>1 0 0 0 0.999391 -0.0348995 0 0.0348995 0.999391 0 3.05236 1.5</i>
                        <i>1 0 0 0 0.999391 -0.0348995 0 0.0348995 0.999391 0 3.05236 1.5</i>
                        <i>1 0 0 0 0.999391 -0.0348995 0 0.0348995 0.999391 0 3.05236 1.5</i>
                        <i>1 0 0 0 0.999391 -0.0348995 0 0.0348995 0.999391 0 3.05236 1.5</i>
                        <i>1 0 0 0 0.999391 -0.0348995 0 0.0348995 0.999391 0 3.05236 1.5</i>
                        <i>1 0 0 0 0.999391 -0.0348995 0 0.0348995 0.999391 0 3.05236 1.5</i>
                        <i>1 0 0 0 0.999391 -0.0348995 0 0.0348995 0.999391 0 3.05236 1.5</i>
                        <i>1 0 0 0 0.999391 -0.0348995 0 0.0348995 0.999391 0 3.05236 1.5</i>
                        <i>1 0 0 0 0.999391 -0.0348995 0 0.0348995 0.999391 0 3.05236 1.5</i>
                        <i>1 0 0 0 0.999391 -0.0348995 0 0.0348995 0.999391 0 3.05236 1.5</i>
                        <i>1 0 0 0 0.999391 -0.0348995 0 0.0348995 0.999391 0 3.05236 1.5</i>
                        <i>1 0 0 0 0.999391 -0.0348995 0 0.0348995 0.999391 0 3.05236 1.5</i>
                        <i>1 0 0 0 0.999391 -0.0348995 0 0.0348995 0.999391 0 3.05236 1.5</i>
                        <i>1 0 0 0 0.999391 -0.0348995 0 0.0348995 0.999391 0 3.05236 1.5</i>
                        <i>1 0 0 0 0.999391 -0.0348995 0 0.0348995 0.999391 0 3.05236 1.5</i>
                        <i>1 0 0 0 0.999391 -0.0348995 0 0.0348995 0.999391 0 3.05236 1.5</i>
                        <i>1 0 0 0 0.999391 -0.0348995 0 0.0348995 0.999391 0 3.05236 1.5</i>
                        <i>1 -5.02365e-006 1.32349e-023 5.02059e-006 0.999391 -0.0348995 1.75323e-007 0.0348995 0.999391 0 3.05224 1.5</i>
                        <i>1 -1.92573e-005 0 1.92455e-005 0.999391 -0.0348995 6.72069e-007 0.0348995 0.999391 0 3.05192 1.5</i>
                        <i>1 -4.1445e-005 -1.05879e-022 4.14197e-005 0.999391 -0.0348995 1.44641e-006 0.0348995 0.999391 0 3.05141 1.5</i>
                        <i>1 -7.03308e-005 0 7.02879e-005 0.999391 -0.0348995 2.45451e-006 0.0348995 0.999391 0 3.05075 1.5</i>
                        <i>1 -0.000104659 2.11758e-022 0.000104595 0.999391 -0.0348995 3.65255e-006 0.0348995 0.999391 0 3.04997 1.5</i>
                        <i>1 -0.000143173 0 0.000143086 0.999391 -0.0348995 4.99668e-006 0.0348995 0.999391 0 3.04909 1.5</i>
                        <i>1 -0.000184618 0 0.000184506 0.999391 -0.0348995 6.44309e-006 0.0348995 0.999391 0 3.04814 1.5</i>
                        <i>1 -0.000227738 8.47033e-022 0.000227599 0.999391 -0.0348995 7.94794e-006 0.0348995 0.999391 0 3.04716 1.5</i>
                        <i>1 -0.000271276 0 0.000271111 0.999391 -0.0348995 9.4674e-006 0.0348995 0.999391 0 3.04617 1.5</i>
                        <i>1 -0.000313977 8.47033e-022 0.000313786 0.999391 -0.0348995 1.09576e-005 0.0348995 0.999391 0 3.04519 1.5</i>
                        <i>1 -0.000354584 8.47033e-022 0.000354368 0.999391 -0.0348995 1.23748e-005 0.0348995 0.999391 0 3.04426 1.5</i>
                        <i>1 -0.000391843 0 0.000391604 0.999391 -0.0348995 1.36751e-005 0.0348995 0.999391 0 3.04341 1.5</i>
                        <i>1 -0.000424497 0 0.000424238 0.999391 -0.0348995 1.48147e-005 0.0348995 0.999391 0 3.04267 1.5</i>
                        <i>1 -0.000451289 -1.69407e-021 0.000451014 0.999391 -0.0348995 1.57498e-005 0.0348995 0.999391 0 3.04206 1.5</i>
                        <i>1 -0.000470965 0 0.000470678 0.999391 -0.0348995 1.64364e-005 0.0348995 0.999391 0 3.04161 1.5</i>
                        <i>1 -0.000482268 0 0.000481975 0.999391 -0.0348995 1.68309e-005 0.0348995 0.999391 0 3.04135 1.5</i>
                        <i>1 -0.000483943 -1.69407e-021 0.000483648 0.999391 -0.0348995 1.68894e-005 0.0348995 0.999391 0 3.04131 1.5</i>
                        <i>1 -0.000474733 0 0.000474444 0.999391 -0.0348995 1.65679e-005 0.0348995 0.999391 0 3.04152 1.5</i>
                        <i>1 -0.000453383 0 0.000453106 0.999391 -0.0348995 1.58228e-005 0.0348995 0.999391 0 3.04201 1.5</i>
                        <i>1 -0.000418636 -8.47033e-022 0.000418381 0.999391 -0.0348995 1.46102e-005 0.0348995 0.999391 0 3.0428 1.5</i>
                        <i>1 -0.000369237 0 0.000369012 0.999391 -0.0348995 1.28862e-005 0.0348995 0.999391 0 3.04393 1.5</i>
                        <i>1 -0.00030393 0 0.000303744 0.999391 -0.0348995 1.0607e-005 0.0348995 0.999391 0 3.04542 1.5</i>
                        <i>1 -0.000221458 0 0.000221324 0.999391 -0.0348995 7.72879e-006 0.0348995 0.999391 0 3.0473 1.5</i>
                        <i>1 -0.000120567 -4.23516e-022 0.000120494 0.999391 -0.0348995 4.20773e-006 0.0348995 0.999391 0 3.04961 1.5</i>
                        <i>1 0 0 0 0.999391 -0.0348995 0 0.0348995 0.999391 0 3.05236 1.5</i>
                        <i>1 0.000268147 -8.47033e-022 -0.000267991 0.999418 -0.0341049 -9.14514e-006 0.0341049 0.999418 0 3.05755 1.5</i>
                        <i>1 0.000764446 0 -0.000764056 0.99949 -0.0319191 -2.44004e-005 0.0319191 0.99949 0 3.06651 1.5</i>
                        <i>0.999999 0.00141915 3.38813e-021 -0.00141857 0.999589 -0.0286391 -4.06431e-005 0.028639 0.99959 0 3.07825 1.5</i>
                        <i>0.999998 0.00216252 0 -0.00216187 0.999696 -0.0245617 -5.31151e-005 0.0245616 0.999698 0 3.09181 1.5</i>
                        <i>0.999996 0.0029248 0 -0.00292421 0.999796 -0.0199841 -5.84495e-005 0.019984 0.9998 0 3.10622 1.5</i>
                        <i>0.999993 0.00363624 0 -0.00363582 0.999878 -0.0152036 -5.52839e-005 0.0152035 0.999884 0 3.1205 1.5</i>
                        <i>0.999991 0.00422711 3.38813e-021 -0.00422687 0.999936 -0.0105175 -4.44585e-005 0.0105174 0.999945 0 3.13368 1.5</i>
                        <i>0.999989 0.00462766 1.69407e-021 -0.00462757 0.99997 -0.00622319 -2.87988e-005 0.00622313 0.999981 0 3.14479 1.5</i>
                        <i>0.999989 0.00476814 0 -0.00476812 0.999985 -0.00261823 -1.24841e-005 0.0026182 0.999997 0 3.15285 1.5</i>
                        <i>0.99999 0.00457881 0 -0.00457881 0.99999 0 0 0 1 0 3.1569 1.5</i>
                        <i>0.999993 0.0037587 0 -0.00375869 0.999991 0.00198424 7.45815e-006 -0.00198423 0.999998 0 3.16467 1.5</i>
                        <i>0.999997 0.00223164 8.47033e-022 -0.00223162 0.99999 0.00388896 8.67874e-006 -0.00388895 0.999992 0 3.18484 1.5</i>
                        <i>1 0.000265178 0 -0.000265173 0.999984 0.00571934 1.51664e-006 -0.00571934 0.999984 0 3.21783 1.5</i>
                        <i>0.999998 -0.00187316 0 0.0018731 0.99997 0.00748062 -1.40124e-005 -0.00748061 0.999972 0 3.26409 1.5</i>
                        <i>0.999992 -0.00391583 0 0.00391566 0.99995 0.00917801 -3.59395e-005 -0.00917794 0.999958 0 3.32407 1.5</i>
                        <i>0.999984 -0.00559531 0 0.00559498 0.999926 0.0108167 -6.05229e-005 -0.0108166 0.999941 0 3.39825 1.5</i>
                        <i>0.999978 -0.00664408 0 0.00664357 0.999901 0.012402 -8.23998e-005 -0.0124017 0.999923 0 3.4871 1.5</i>
                        <i>0.999977 -0.00679464 -6.77626e-021 0.00679398 0.99988 0.013939 -9.47105e-005 -0.0139387 0.999903 0 3.59113 1.5</i>
                        <i>0.999982 -0.00597385 0 0.00597314 0.999863 0.015433 -9.21946e-005 -0.0154327 0.999881 0 3.71083 1.5</i>
                        <i>0.99999 -0.0044151 0 0.00441447 0.999848 0.0168892 -7.45676e-005 -0.0168891 0.999857 0 3.84672 1.5</i>
                        <i>0.999997 -0.00231056 3.38813e-021 0.00231017 0.99983 0.0183128 -4.23128e-005 -0.0183128 0.999832 0 3.99931 1.5</i>
                        <i>1 0.000147569 0 -0.00014754 0.999806 0.0197091 2.90844e-006 -0.0197091 0.999806 0 4.16912 1.5</i>
                        <i>0.999996 0.00276706 0 -0.00276645 0.999774 0.0210832 5.83385e-005 -0.0210831 0.999778 0 4.35666 1.5</i>
                        <i>0.999986 0.00535571 0 -0.00535436 0.999734 0.0224404 0.000120184 -0.02244 0.999748 0 4.56244 1.5</i>
                        <i>0.99997 0.00772129 0 -0.00771911 0.999687 0.0237858 0.000183657 -0.0237851 0.999717 0 4.78694 1.5</i>
                        <i>0.999953 0.00967162 1.35525e-020 -0.00966857 0.999638 0.0251248 0.000242997 -0.0251236 0.999684 0 5.03064 1.5</i>
                        <i>0.999939 0.0110145 0 -0.0110107 0.999589 0.0264625 0.000291471 -0.0264609 0.99965 0 5.29397 1.5</i>
                        <i>0.999933 0.0115578 0 -0.0115533 0.999547 0.0278041 0.000321354 -0.0278022 0.999613 0 5.57731 1.5</i>
                        <i>0.999934 0.0115032 0 -0.0114983 0.999509 0.0291548 0.000335374 -0.0291529 0.999575 0 5.88099 1.5</i>
                        <i>0.999937 0.0111994 0 -0.0111942 0.999471 0.0305199 0.000341805 -0.030518 0.999534 0 6.20529 1.5</i>
                        <i>0.999943 0.0106745 0 -0.0106691 0.999434 0.0319046 0.000340567 -0.0319028 0.999491 0 6.55039 1.5</i>
                        <i>0.99995 0.00995677 0 -0.00995125 0.999395 0.0333141 0.000331701 -0.0333124 0.999445 0 6.91634 1.5</i>
                        <i>0.999959 0.00907428 -2.71051e-020 -0.0090688 0.999355 0.0347536 0.000315364 -0.0347521 0.999396 0 7.30311 1.5</i>
                        <i>0.999968 0.00805522 -2.71051e-020 -0.00804993 0.999311 0.0362282 0.000291826 -0.0362271 0.999344 0 7.71049 1.5</i>
                        <i>0.999976 0.00692778 -2.71051e-020 -0.00692284 0.999263 0.0377433 0.000261477 -0.0377424 0.999287 0 8.13814 1.5</i>
                        <i>0.999984 0.00572012 0 -0.0057157 0.999211 0.039304 0.000224823 -0.0393034 0.999227 0 8.58549 1.5</i>
                        <i>0.99999 0.0044604 1.35525e-020 -0.00445667 0.999153 0.0409155 0.0001825 -0.0409151 0.999163 0 9.05182 1.5</i>
                        <i>0.999995 0.00317681 0 -0.00317393 0.999088 0.042583 0.000135278 -0.0425828 0.999093 0 9.53615 1.5</i>
                        <i>0.999998 0.00189751 0 -0.00189565 0.999016 0.0443118 8.40822e-005 -0.0443117 0.999018 0 10.0373 1.5</i>
                        <i>1 0.000650688 0 -0.000649996 0.998936 0.0461069 3.00012e-005 -0.0461069 0.998937 0 10.5538 1.5</i>
                        <i>1 -0.000535494 3.38813e-021 0.000534878 0.998848 0.047976 -2.56909e-005 -0.047976 0.998848 0 11.084 1.5</i>
                        <i>0.999999 -0.00163287 0 0.00163083 0.998752 0.0499193 -8.15116e-005 -0.0499192 0.998753 0 11.626 1.5</i>
                        <i>0.999997 -0.00261324 1.35525e-020 0.00260972 0.998647 0.051931 -0.000135708 -0.0519308 0.998651 0 12.1776 1.5</i>
                        <i>0.999994 -0.00344846 -1.35525e-020 0.00344343 0.998535 0.0540053 -0.000186235 -0.054005 0.998541 0 12.7367 1.5</i>
                        <i>0.999992 -0.00411034 2.71051e-020 0.00410386 0.998415 0.0561366 -0.000230741 -0.0561362 0.998423 0 13.3007 1.5</i>
                        <i>0.99999 -0.00457072 0 0.00456295 0.998288 0.0583191 -0.000266561 -0.0583185 0.998298 0 13.8671 1.5</i>
                        <i>0.999988 -0.00483655 0 0.00482767 0.998154 0.0605471 -0.000292839 -0.0605464 0.998165 0 14.4333 1.5</i>
                        <i>0.999988 -0.00494518 0 0.00493542 0.998013 0.0628147 -0.00031063 -0.0628139 0.998025 0 14.9968 1.5</i>
                        <i>0.999988 -0.0049141 0 0.00490367 0.997866 0.0651163 -0.000319988 -0.0651155 0.997878 0 15.5551 1.5</i>
                        <i>0.999989 -0.00476075 0 0.00474991 0.997712 0.0674461 -0.000321094 -0.0674454 0.997723 0 16.1056 1.5</i>
                        <i>0.99999 -0.00450261 2.71051e-020 0.00449163 0.997551 0.0697984 -0.000314275 -0.0697977 0.997561 0 16.6462 1.5</i>
                        <i>0.999991 -0.00415715 2.71051e-020 0.00414631 0.997384 0.0721674 -0.000300011 -0.0721668 0.997393 0 17.1747 1.5</i>
                        <i>0.999993 -0.00374182 0 0.00373141 0.997211 0.0745475 -0.000278943 -0.074547 0.997217 0 17.6894 1.5</i>
                        <i>0.999995 -0.00327409 0 0.00326439 0.997031 0.0769328 -0.000251885 -0.0769324 0.997036 0 18.1884 1.5</i>
                        <i>0.999996 -0.00277144 -1.35525e-020 0.0027627 0.996846 0.0793177 -0.000219824 -0.0793174 0.996849 0 18.6705 1.5</i>
                        <i>0.999997 -0.00225131 0 0.00224379 0.996655 0.0816964 -0.000183924 -0.0816962 0.996657 0 19.1345 1.5</i>
                        <i>0.999999 -0.00173119 0 0.00172506 0.996459 0.0840633 -0.000145529 -0.0840632 0.99646 0 19.5794 1.5</i>
                        <i>0.999999 -0.00122853 -6.77626e-021 0.00122393 0.996259 0.0864126 -0.00010616 -0.0864125 0.996259 0 20.0045 1.5</i>
                        <i>1 -0.0007608 6.77626e-021 0.000757798 0.996055 0.0887385 -6.75123e-005 -0.0887385 0.996055 0 20.4094 1.5</i>
                        <i>1 -0.000345469 -3.38813e-021 0.000344034 0.995848 0.0910355 -3.14499e-005 -0.0910355 0.995848 0 20.7935 1.5</i>
                        <i>1 0 0 0 0.995638 0.0932978 0 -0.0932978 0.995638 0 21.1569 1.5</i>
                    </KeyFrames>
                </p>
            </i>
            <i>
                <p>
                    <Name><![CDATA[rotor]]></Name>
                    <Exclude>0</Exclude>
                    <Additive>0</Additive>
                    <IKPriority>0</IKPriority>
                    <IKRotLimits>-1e+010 -1e+010 -1e+010 1e+010 1e+010 1e+010</IKRotLimits>
                    <IKRotLimitOrder>0</IKRotLimitOrder>
                    <KeyFrames count="121">
                        <i>1 0 0 0 0.998494 -0.0548556 0 0.0548556 0.998494 0 6.34107 -0.115759</i>
                        <i>1 0 0 0 0.998494 -0.0548556 0 0.0548556 0.998494 0 6.34107 -0.115759</i>
                        <i>1 0 0 0 0.998494 -0.0548556 0 0.0548556 0.998494 0 6.34107 -0.115759</i>
                        <i>1 0 0 0 0.998494 -0.0548556 0 0.0548556 0.998494 0 6.34107 -0.115759</i>
                        <i>1 0 0 0 0.998494 -0.0548556 0 0.0548556 0.998494 0 6.34107 -0.115759</i>
                        <i>1 0 0 0 0.998494 -0.0548556 0 0.0548556 0.998494 0 6.34107 -0.115759</i>
                        <i>1 0 0 0 0.998494 -0.0548556 0 0.0548556 0.998494 0 6.34107 -0.115759</i>
                        <i>1 0 0 0 0.998494 -0.0548556 0 0.0548556 0.998494 0 6.34107 -0.115759</i>
                        <i>1 0 0 0 0.998494 -0.0548556 0 0.0548556 0.998494 0 6.34107 -0.115759</i>
                        <i>1 0 0 0 0.998494 -0.0548556 0 0.0548556 0.998494 0 6.34107 -0.115759</i>
                        <i>1 0 0 0 0.998494 -0.0548556 0 0.0548556 0.998494 0 6.34107 -0.115759</i>
                        <i>1 0 0 0 0.998494 -0.0548556 0 0.0548556 0.998494 0 6.34107 -0.115759</i>
                        <i>1 0 0 0 0.998494 -0.0548556 0 0.0548556 0.998494 0 6.34107 -0.115759</i>
                        <i>1 0 0 0 0.998494 -0.0548556 0 0.0548556 0.998494 0 6.34107 -0.115759</i>
                        <i>1 0 0 0 0.998494 -0.0548556 0 0.0548556 0.998494 0 6.34107 -0.115759</i>
                        <i>1 0 0 0 0.998494 -0.0548556 0 0.0548556 0.998494 0 6.34107 -0.115759</i>
                        <i>1 0 0 0 0.998494 -0.0548556 0 0.0548556 0.998494 0 6.34107 -0.115759</i>
                        <i>1 0 0 0 0.998494 -0.0548556 0 0.0548556 0.998494 0 6.34107 -0.115759</i>
                        <i>1 0 0 0 0.998494 -0.0548556 0 0.0548556 0.998494 0 6.34107 -0.115759</i>
                        <i>1 0 0 0 0.998494 -0.0548556 0 0.0548556 0.998494 0 6.34107 -0.115759</i>
                        <i>1 0 0 0 0.998494 -0.0548556 0 0.0548556 0.998494 0 6.34107 -0.115759</i>
                        <i>1 0 0 0 0.998494 -0.0548556 0 0.0548556 0.998494 0 6.34107 -0.115759</i>
                        <i>1 0 0 0 0.998494 -0.0548556 0 0.0548556 0.998494 0 6.34107 -0.115759</i>
                        <i>1 0 0 0 0.998494 -0.0548556 0 0.0548556 0.998494 0 6.34107 -0.115759</i>
                        <i>1 0 0 0 0.998494 -0.0548556 0 0.0548556 0.998494 0 6.34107 -0.115759</i>
                        <i>1 0 0 0 0.998494 -0.0548556 0 0.0548556 0.998494 0 6.34107 -0.115759</i>
                        <i>1 0 0 0 0.998494 -0.0548556 0 0.0548556 0.998494 0 6.34107 -0.115759</i>
                        <i>1 0 0 0 0.998494 -0.0548556 0 0.0548556 0.998494 0 6.34107 -0.115759</i>
                        <i>1 0 0 0 0.998494 -0.0548556 0 0.0548556 0.998494 0 6.34107 -0.115759</i>
                        <i>1 0 0 0 0.998494 -0.0548556 0 0.0548556 0.998494 0 6.34107 -0.115759</i>
                        <i>1 0 0 0 0.998494 -0.0548556 0 0.0548556 0.998494 0 6.34107 -0.115759</i>
                        <i>1 3.37966e-005 0.000967808 1.9344e-005 0.998494 -0.0548556 -0.000968205 0.0548556 0.998494 0 6.34107 -0.115759</i>
                        <i>0.999996 9.68954e-005 0.00277472 5.54595e-005 0.998494 -0.0548555 -0.00277586 0.0548555 0.99849 0 6.34107 -0.115759</i>
                        <i>0.999993 0.000134556 0.00385317 7.70149e-005 0.998494 -0.0548555 -0.00385475 0.0548553 0.998487 0 6.34107 -0.115759</i>
                        <i>0.999996 9.49386e-005 0.00271869 5.43395e-005 0.998494 -0.0548555 -0.0027198 0.0548555 0.998491 0 6.34107 -0.115759</i>
                        <i>0.999998 -7.66748e-005 -0.00205182 -3.5896e-005 0.998497 -0.0548076 0.00205294 0.0548076 0.998495 1.65214e-005 6.34096 -0.115759</i>
                        <i>0.99993 -0.000432661 -0.0118384 -0.00021516 0.998505 -0.0546663 0.0118443 0.054665 0.998434 6.33317e-005 6.34063 -0.115759</i>
                        <i>0.999608 -0.00101894 -0.0279923 -0.000506485 0.998517 -0.0544334 0.0280063 0.0544262 0.998125 0.000136301 6.34013 -0.115759</i>
                        <i>0.998653 -0.00188066 -0.0518439 -0.000928492 0.998535 -0.0541076 0.0518697 0.0540829 0.997188 0.000231298 6.33947 -0.115759</i>
                        <i>0.996402 -0.00306197 -0.0846972 -0.00149461 0.998557 -0.0536828 0.0847393 0.0536163 0.99496 0.000344194 6.33868 -0.115759</i>
                        <i>0.991789 -0.004605 -0.127804 -0.00221205 0.998584 -0.0531469 0.127868 0.0529932 0.990375 0.000470857 6.3378 -0.115759</i>
                        <i>0.983221 -0.00654767 -0.182303 -0.00308049 0.998617 -0.0524809 0.182394 0.0521619 0.981841 0.000607157 6.33686 -0.115759</i>
                        <i>0.968435 -0.00891957 -0.249107 -0.00409018 0.998656 -0.0516591 0.249233 0.0510474 0.967097 0.000748964 6.33587 -0.115759</i>
                        <i>0.944356 -0.0117352 -0.328716 -0.00521949 0.998703 -0.0506487 0.328884 0.0495461 0.94307 0.000892149 6.33488 -0.115759</i>
                        <i>0.906975 -0.0149835 -0.420917 -0.00643173 0.998758 -0.0494119 0.421135 0.0475226 0.905752 0.00103258 6.3339 -0.115759</i>
                        <i>0.851296 -0.0186128 -0.524356 -0.00767162 0.998822 -0.0479096 0.52463 0.0448079 0.85015 0.00116613 6.33298 -0.115759</i>
                        <i>0.771413 -0.0225096 -0.635936 -0.00886168 0.998897 -0.0461066 0.636273 0.0412027 0.770363 0.00128866 6.33213 -0.115759</i>
                        <i>0.660854 -0.0264728 -0.750047 -0.00989954 0.998983 -0.0439812 0.750449 0.0364903 0.65992 0.00139605 6.33138 -0.115759</i>
                        <i>0.513328 -0.0301819 -0.857661 -0.0106578 0.99908 -0.0415375 0.858126 0.0304632 0.512534 0.00148416 6.33077 -0.115759</i>
                        <i>0.324129 -0.0331678 -0.945431 -0.0109891 0.999186 -0.0388212 0.945949 0.0229725 0.323501 0.00154887 6.33032 -0.115759</i>
                        <i>0.0924131 -0.0347947 -0.995113 -0.0107389 0.999296 -0.0359382 0.995663 0.0140076 0.0919744 0.00158604 6.33006 -0.115759</i>
                        <i>-0.175449 -0.0342733 -0.983892 -0.00977085 0.999405 -0.0330714 0.98444 0.00381111 -0.17568 0.00159155 6.33002 -0.115759</i>
                        <i>-0.461557 -0.0307409 -0.886578 -0.00800651 0.999503 -0.0304882 0.887074 -0.00697364 -0.461574 0.00156126 6.33023 -0.115759</i>
                        <i>-0.731923 -0.0234486 -0.680983 -0.00547982 0.999578 -0.0285292 0.681365 -0.0171495 -0.731743 0.00149105 6.33072 -0.115759</i>
                        <i>-0.933678 -0.0121076 -0.357908 -0.00239726 0.999617 -0.027562 0.358105 -0.024876 -0.93335 0.00137677 6.33151 -0.115759</i>
                        <i>-0.997965 0.00259318 0.063707 0.000817334 0.999611 -0.0278855 -0.0637546 -0.0277767 -0.997579 0.00121431 6.33264 -0.115759</i>
                        <i>-0.854678 0.0183778 0.518833 0.00353318 0.999556 -0.0295855 -0.519147 -0.0234529 -0.854363 0.000999537 6.33413 -0.115759</i>
                        <i>-0.465784 0.0309855 0.884356 0.00503033 0.999463 -0.0323692 -0.884884 -0.0106284 -0.46569 0.000728313 6.33602 -0.115759</i>
                        <i>0.121488 0.0346264 0.991989 0.0047651 0.999359 -0.0354672 -0.992581 0.00903578 0.121246 0.00039651 6.33832 -0.115759</i>
                        <i>0.719538 0.0242361 0.69403 0.00275028 0.999284 -0.0377471 -0.694447 0.0290693 0.718956 0 6.34107 -0.115759</i>
                        <i>1 0.000268147 2.44786e-016 -0.00026796 0.999301 -0.0373862 -1.0025e-005 0.0373862 0.999301 -0.000882204 6.34755 -0.113143</i>
                        <i>0.660652 -0.0234569 -0.750325 -0.00275632 0.999429 -0.0336714 0.750687 0.0243132 0.66021 -0.00251772 6.36002 -0.105944</i>
                        <i>-0.173461 -0.0284509 -0.98443 -0.00346463 0.999594 -0.0282787 0.984835 -0.00149457 -0.173489 -0.00468145 6.37702 -0.095128</i>
                        <i>-0.891207 -0.0130671 -0.453409 -0.00286943 0.999727 -0.0231718 0.453588 -0.0193499 -0.891001 -0.00714766 6.39705 -0.0816597</i>
                        <i>-0.888973 0.00655279 0.457913 -0.00241745 0.999817 -0.0190006 -0.457954 -0.017998 -0.888794 -0.00968825 6.41866 -0.0665094</i>
                        <i>-0.132597 0.0145874 0.991063 -0.00291909 0.999882 -0.0151078 -0.991166 -0.00489625 -0.132539 -0.012072 6.44039 -0.0506538</i>
                        <i>0.745557 0.0101605 0.666365 -0.00395021 0.999934 -0.010827 -0.66643 0.00543984 0.745547 -0.0140642 6.46079 -0.035078</i>
                        <i>0.967687 0.00290903 -0.252137 -0.00467502 0.999969 -0.00640534 0.25211 0.00737711 0.96767 -0.0154272 6.47845 -0.0207757</i>
                        <i>0.317833 -0.000967014 -0.948146 -0.00481362 0.999985 -0.00263349 0.948134 0.00540103 0.317824 -0.0159216 6.49198 -0.00874783</i>
                        <i>-0.625634 -0.00286469 -0.780111 -0.00457881 0.99999 0 0.780103 0.00357198 -0.625641 -0.0153074 6.49996 0</i>
                        <i>-0.993897 -0.00395453 0.11024 -0.00375869 0.999991 0.00198424 -0.110247 0.00155777 -0.993903 -0.0125769 6.51072 0.00663646</i>
                        <i>-0.434857 -0.00447244 0.900488 -0.00223162 0.99999 0.00388896 -0.900497 -0.000318407 -0.434862 -0.00747354 6.53374 0.0130125</i>
                        <i>0.53544 -0.00468842 0.844561 -0.000265173 0.999984 0.00571934 -0.844573 -0.00328632 0.53543 -0.000888776 6.56946 0.0191448</i>
                        <i>0.999913 -0.00177504 -0.0130937 0.0018731 0.99997 0.00748062 0.01308 -0.00750449 0.999886 0.00628299 6.61831 0.0250504</i>
                        <i>0.510158 0.00589633 -0.860061 0.00391566 0.99995 0.00917801 0.860072 -0.00804994 0.510109 0.0131444 6.68077 0.0307462</i>
                        <i>-0.470698 0.0121771 -0.88221 0.00559498 0.999926 0.0108167 0.882277 0.000155459 -0.470731 0.0187954 6.75733 0.0362492</i>
                        <i>-0.998603 0.00728407 -0.052335 0.00664357 0.999901 0.012402 0.0524201 0.012037 -0.998553 0.0223337 6.84847 0.0415764</i>
                        <i>-0.558389 -0.00777026 0.829543 0.00679398 0.99988 0.013939 -0.829551 0.0134193 -0.558269 0.022855 6.95473 0.0467452</i>
                        <i>0.426486 -0.0165065 0.904343 0.00597314 0.999863 0.015433 -0.904474 -0.0011802 0.426527 0.0201071 7.07662 0.0517728</i>
                        <i>0.995476 -0.00599697 0.0948275 0.00441447 0.999848 0.0168892 -0.0949144 -0.0163942 0.99535 0.0148699 7.21464 0.0566763</i>
                        <i>0.588225 0.0134509 -0.808586 0.00231017 0.99983 0.0183128 0.808694 -0.01264 0.588093 0.0077866 7.36931 0.0614731</i>
                        <i>-0.398441 0.0180183 -0.917017 -0.00014754 0.999806 0.0197091 0.917194 0.0079882 -0.398361 -0.000497603 7.54113 0.0661808</i>
                        <i>-0.992712 -0.000205622 -0.120509 -0.00276645 0.999774 0.0210832 0.120477 0.0212629 -0.992488 -0.00933602 7.73063 0.0708166</i>
                        <i>-0.60516 -0.0211044 0.795824 -0.00535436 0.999734 0.0224404 -0.796086 0.00931888 -0.605112 -0.0180804 7.93831 0.0753981</i>
                        <i>0.382818 -0.0190202 0.923628 -0.00771911 0.999687 0.0237858 -0.923792 -0.0162352 0.382551 -0.0260812 8.16467 0.0799427</i>
                        <i>0.990991 0.00622239 0.133785 -0.00966857 0.999638 0.0251248 -0.13358 -0.0261919 0.990692 -0.0326875 8.41021 0.0844681</i>
                        <i>0.612941 0.0276562 -0.789644 -0.0110107 0.999589 0.0264625 0.790052 -0.00752543 0.612994 -0.0372469 8.67538 0.0889919</i>
                        <i>-0.376472 0.0214118 -0.92618 -0.0115533 0.999547 0.0278041 0.926356 0.0211679 -0.376054 -0.039106 8.96059 0.0935316</i>
                        <i>-0.990406 -0.00736858 -0.137989 -0.0114983 0.999509 0.0291548 0.137707 0.0304618 -0.990004 -0.0389431 9.26618 0.0981051</i>
                        <i>-0.614354 -0.0309562 0.788423 -0.0111942 0.999471 0.0305199 -0.788951 0.00992427 -0.614375 -0.037936 9.5924 0.10273</i>
                        <i>0.376779 -0.0255367 0.925951 -0.0106691 0.999434 0.0319046 -0.926242 -0.0219001 0.376294 -0.0361787 9.93945 0.107424</i>
                        <i>0.990722 0.00533809 0.1358 -0.00995125 0.999395 0.0333141 -0.13554 -0.0343564 0.990176 -0.0337656 10.3074 0.112205</i>
                        <i>0.611364 0.0330439 -0.79066 -0.0090688 0.999355 0.0347536 0.791298 -0.0140767 0.611269 -0.0307909 10.6962 0.117091</i>
                        <i>-0.381581 0.0304182 -0.923835 -0.00804993 0.999311 0.0362282 0.9243 0.0212608 -0.381073 -0.0273495 11.1056 0.122099</i>
                        <i>-0.991584 -0.00198015 -0.129451 -0.00692284 0.999263 0.0377433 0.12928 0.0383218 -0.990867 -0.023536 11.5354 0.127248</i>
                        <i>-0.605638 -0.034735 0.794982 -0.0057157 0.999211 0.039304 -0.79572 0.0192601 -0.605359 -0.0194454 11.9849 0.132556</i>
                        <i>0.388902 -0.0359631 0.920577 -0.00445667 0.999153 0.0409155 -0.921268 -0.0200148 0.388412 -0.0151728 12.4535 0.138041</i>
                        <i>0.992655 -0.00200229 0.120966 -0.00317393 0.999088 0.042583 -0.120941 -0.0426542 0.991743 -0.0108137 12.9401 0.14372</i>
                        <i>0.598715 0.0366259 -0.800124 -0.00189565 0.999016 0.0443118 0.80096 -0.0250134 0.598196 -0.00646347 13.4436 0.149612</i>
                        <i>-0.396951 0.042061 -0.916876 -0.000649996 0.998936 0.0461069 0.91784 0.0188981 -0.396501 -0.002218 13.9625 0.155735</i>
                        <i>-0.993664 0.005923 -0.112237 0.000534878 0.998848 0.047976 0.112392 0.047612 -0.992523 0.00182669 14.4952 0.162116</i>
                        <i>-0.592073 -0.0392648 0.804927 0.00163083 0.998752 0.0499193 -0.805883 0.0308686 -0.59127 0.0055743 15.0398 0.168755</i>
                        <i>0.404015 -0.048557 0.913463 0.00260972 0.998647 0.051931 -0.914749 -0.018597 0.403595 0.00892811 15.5941 0.175634</i>
                        <i>0.994415 -0.00911626 0.105151 0.00344343 0.998535 0.0540053 -0.105489 -0.0533416 0.992989 0.0117911 16.1559 0.182734</i>
                        <i>0.58726 0.0430308 -0.808253 0.00410386 0.998415 0.0561366 0.809388 -0.0362838 0.586153 0.0140657 16.7227 0.190036</i>
                        <i>-0.408354 0.0550957 -0.911159 0.00456295 0.998288 0.0583191 0.912812 0.0196573 -0.407907 0.0156542 17.2919 0.19752</i>
                        <i>-0.994754 0.0109807 -0.101708 0.00482767 0.998154 0.0605471 0.102185 0.0597384 -0.99297 0.0165787 17.8611 0.205167</i>
                        <i>-0.585922 -0.0480172 0.808944 0.00493542 0.998013 0.0628147 -0.810353 0.040797 -0.58452 0.0169655 18.4275 0.212958</i>
                        <i>0.408109 -0.0614444 0.910863 0.00490367 0.997866 0.0651163 -0.91292 -0.022108 0.40754 0.0168734 18.9887 0.220874</i>
                        <i>0.9945 -0.0117704 0.104078 0.00474991 0.997712 0.0674461 -0.104634 -0.0665808 0.99228 0.0163611 19.5422 0.228895</i>
                        <i>0.589918 0.0537167 -0.805675 0.00449163 0.997551 0.0697984 0.807451 -0.0447941 0.588232 0.0154874 20.0858 0.237001</i>
                        <i>-0.401048 0.0677685 -0.913547 0.00414631 0.997384 0.0721674 0.916048 0.0251547 -0.400279 0.0143115 20.6173 0.245174</i>
                        <i>-0.993313 0.0122984 -0.114795 0.00373141 0.997211 0.0745475 0.115391 0.0736206 -0.990588 0.0128929 21.135 0.253393</i>
                        <i>-0.601382 -0.0595092 0.796742 0.00326439 0.997031 0.0769328 -0.798955 0.0488669 -0.599402 0.011291 21.637 0.26164</i>
                        <i>0.384413 -0.0742819 0.920168 0.0027627 0.996846 0.0793177 -0.923157 -0.0279486 0.383406 0.00956573 22.1221 0.269893</i>
                        <i>0.990495 -0.013451 0.136891 0.00224379 0.996655 0.0816964 -0.137532 -0.0806127 0.987212 0.00777709 22.589 0.278133</i>
                        <i>0.622726 0.0647041 -0.77976 0.00172506 0.996459 0.0840633 0.782438 -0.0536935 0.620409 0.00598533 23.0368 0.286341</i>
                        <i>-0.354532 0.0812319 -0.931509 0.00122393 0.996259 0.0864126 0.935043 0.029496 -0.353305 0.00425097 23.4647 0.294497</i>
                        <i>-0.984579 0.0162672 -0.174185 0.000757798 0.996055 0.0887385 0.174941 0.0872381 -0.980706 0.00263466 23.8724 0.302579</i>
                        <i>-0.6567 -0.0684296 0.751041 0.000344034 0.995848 0.0910355 -0.754151 0.0600415 -0.65395 0.00119732 24.2593 0.310569</i>
                        <i>0.306187 -0.0888169 0.947819 0 0.995638 0.0932978 -0.951972 -0.0285665 0.304851 0 24.6254 0.318446</i>
                    </KeyFrames>
                </p>
            </i>
            <i>
                <p>
                    <Name><![CDATA[blades]]></Name>
                    <Exclude>0</Exclude>
                    <Additive>0</Additive>
                    <IKPriority>0</IKPriority>
                    <IKRotLimits>-1e+010 -1e+010 -1e+010 1e+010 1e+010 1e+010</IKRotLimits>
                    <IKRotLimitOrder>0</IKRotLimitOrder>
                    <KeyFrames count="121">
                        <i>1 0 0 0 0.998494 -0.0548556 0 0.0548556 0.998494 0 5.6793 -0.0794023</i>
                        <i>1 0 0 0 0.998494 -0.0548556 0 0.0548556 0.998494 0 5.6793 -0.0794023</i>
                        <i>1 0 0 0 0.998494 -0.0548556 0 0.0548556 0.998494 0 5.6793 -0.0794023</i>
                        <i>1 0 0 0 0.998494 -0.0548556 0 0.0548556 0.998494 0 5.6793 -0.0794023</i>
                        <i>1 0 0 0 0.998494 -0.0548556 0 0.0548556 0.998494 0 5.6793 -0.0794023</i>
                        <i>1 0 0 0 0.998494 -0.0548556 0 0.0548556 0.998494 0 5.6793 -0.0794023</i>
                        <i>1 0 0 0 0.998494 -0.0548556 0 0.0548556 0.998494 0 5.6793 -0.0794023</i>
