<?xml version="1.0" encoding="ISO-8859-1" ?>
<Animl Version="1">
    <ModellingPackage><![CDATA[Maya.2010]]></ModellingPackage>
    <SrcFile><![CDATA[anims\bosses\red\~src\boss_beetle\boss_beetle_critical.mb]]></SrcFile>
    <FramesPerSecond>30</FramesPerSecond>
    <TotalFrames>180</TotalFrames>
    <Skeleton>
        <RefFrame>
            <Name><![CDATA[boss_beetle_torso_ref_frame]]></Name>
            <Exclude>1</Exclude>
            <Additive>0</Additive>
            <IKPriority>0</IKPriority>
            <IKRotLimits>-1e+010 -1e+010 -1e+010 1e+010 1e+010 1e+010</IKRotLimits>
            <IKRotLimitOrder>0</IKRotLimitOrder>
            <KeyFrames count="180">
                <i>1 0 0 0 1 0 0 0 1 0 35.9946 0</i>
                <i>1 0 0 0 1 0 0 0 1 0 35.9946 0</i>
                <i>1 0 0 0 1 0 0 0 1 0 35.9946 0</i>
                <i>1 0 0 0 1 0 0 0 1 0 35.9946 0</i>
                <i>1 0 0 0 1 0 0 0 1 0 35.9946 0</i>
                <i>1 0 0 0 1 0 0 0 1 0 35.9946 0</i>
                <i>1 0 0 0 1 0 0 0 1 0 35.9946 0</i>
                <i>1 0 0 0 1 0 0 0 1 0 35.9946 0</i>
                <i>1 0 0 0 1 0 0 0 1 0 35.9946 0</i>
                <i>1 0 0 0 1 0 0 0 1 0 35.9946 0</i>
                <i>1 0 0 0 1 0 0 0 1 0 35.9946 0</i>
                <i>1 0 0 0 1 0 0 0 1 0 35.9946 0</i>
                <i>1 0 0 0 1 0 0 0 1 0 35.9946 0</i>
                <i>1 0 0 0 1 0 0 0 1 0 35.9946 0</i>
                <i>1 0 0 0 1 0 0 0 1 0 35.9946 0</i>
                <i>1 0 0 0 1 0 0 0 1 0 35.9946 0</i>
                <i>1 0 0 0 1 0 0 0 1 0 35.9946 0</i>
                <i>1 0 0 0 1 0 0 0 1 0 35.9946 0</i>
                <i>1 0 0 0 1 0 0 0 1 0 35.9946 0</i>
                <i>1 0 0 0 1 0 0 0 1 0 35.9946 0</i>
                <i>1 0 0 0 1 0 0 0 1 0 35.9946 0</i>
                <i>1 0 0 0 1 0 0 0 1 0 35.9946 0</i>
                <i>1 0 0 0 1 0 0 0 1 0 35.9946 0</i>
                <i>1 0 0 0 1 0 0 0 1 0 35.9946 0</i>
                <i>1 0 0 0 1 0 0 0 1 0 35.9946 0</i>
                <i>1 0 0 0 1 0 0 0 1 0 35.9946 0</i>
                <i>1 0 0 0 1 0 0 0 1 0 35.9946 0</i>
                <i>1 0 0 0 1 0 0 0 1 0 35.9946 0</i>
                <i>1 0 0 0 1 0 0 0 1 0 35.9946 0</i>
                <i>1 0 0 0 1 0 0 0 1 0 35.9946 0</i>
                <i>1 0 0 0 1 0 0 0 1 0 35.9946 0</i>
                <i>1 0 0 0 1 0 0 0 1 0 35.9946 0</i>
                <i>1 0 0 0 1 0 0 0 1 0 35.9946 0</i>
                <i>1 0 0 0 1 0 0 0 1 0 35.9946 0</i>
                <i>1 0 0 0 1 0 0 0 1 0 35.9946 0</i>
                <i>1 0 0 0 1 0 0 0 1 0 35.9946 0</i>
                <i>1 0 0 0 1 0 0 0 1 0 35.9946 0</i>
                <i>1 0 0 0 1 0 0 0 1 0 35.9946 0</i>
                <i>1 0 0 0 1 0 0 0 1 0 35.9946 0</i>
                <i>1 0 0 0 1 0 0 0 1 0 35.9946 0</i>
                <i>1 0 0 0 1 0 0 0 1 0 35.9946 0</i>
                <i>1 0 0 0 1 0 0 0 1 0 35.9946 0</i>
                <i>1 0 0 0 1 0 0 0 1 0 35.9946 0</i>
                <i>1 0 0 0 1 0 0 0 1 0 35.9946 0</i>
                <i>1 0 0 0 1 0 0 0 1 0 35.9946 0</i>
                <i>1 0 0 0 1 0 0 0 1 0 35.9946 0</i>
                <i>1 0 0 0 1 0 0 0 1 0 35.9946 0</i>
                <i>1 0 0 0 1 0 0 0 1 0 35.9946 0</i>
                <i>1 0 0 0 1 0 0 0 1 0 35.9946 0</i>
                <i>1 0 0 0 1 0 0 0 1 0 35.9946 0</i>
                <i>1 0 0 0 1 0 0 0 1 0 35.9946 0</i>
                <i>1 0 0 0 1 0 0 0 1 0 35.9946 0</i>
                <i>1 0 0 0 1 0 0 0 1 0 35.9946 0</i>
                <i>1 0 0 0 1 0 0 0 1 0 35.9946 0</i>
                <i>1 0 0 0 1 0 0 0 1 0 35.9946 0</i>
                <i>1 0 0 0 1 0 0 0 1 0 35.9946 0</i>
                <i>1 0 0 0 1 0 0 0 1 0 35.9946 0</i>
                <i>1 0 0 0 1 0 0 0 1 0 35.9946 0</i>
                <i>1 0 0 0 1 0 0 0 1 0 35.9946 0</i>
                <i>1 0 0 0 1 0 0 0 1 0 35.9946 0</i>
                <i>1 0 0 0 1 0 0 0 1 0 35.9946 0</i>
                <i>1 0 0 0 1 0 0 0 1 0 35.9946 0</i>
                <i>1 0 0 0 1 0 0 0 1 0 35.9946 0</i>
                <i>1 0 0 0 1 0 0 0 1 0 35.9946 0</i>
                <i>1 0 0 0 1 0 0 0 1 0 35.9946 0</i>
                <i>1 0 0 0 1 0 0 0 1 0 35.9946 0</i>
                <i>1 0 0 0 1 0 0 0 1 0 35.9946 0</i>
                <i>1 0 0 0 1 0 0 0 1 0 35.9946 0</i>
                <i>1 0 0 0 1 0 0 0 1 0 35.9946 0</i>
                <i>1 0 0 0 1 0 0 0 1 0 35.9946 0</i>
                <i>1 0 0 0 1 0 0 0 1 0 35.9946 0</i>
                <i>1 0 0 0 1 0 0 0 1 0 35.9946 0</i>
                <i>1 0 0 0 1 0 0 0 1 0 35.9946 0</i>
                <i>1 0 0 0 1 0 0 0 1 0 35.9946 0</i>
                <i>1 0 0 0 1 0 0 0 1 0 35.9946 0</i>
                <i>1 0 0 0 1 0 0 0 1 0 35.9946 0</i>
                <i>1 0 0 0 1 0 0 0 1 0 35.9946 0</i>
                <i>1 0 0 0 1 0 0 0 1 0 35.9946 0</i>
                <i>1 0 0 0 1 0 0 0 1 0 35.9946 0</i>
                <i>1 0 0 0 1 0 0 0 1 0 35.9946 0</i>
                <i>1 0 0 0 1 0 0 0 1 0 35.9946 0</i>
                <i>1 0 0 0 1 0 0 0 1 0 35.9946 0</i>
                <i>1 0 0 0 1 0 0 0 1 0 35.9946 0</i>
                <i>1 0 0 0 1 0 0 0 1 0 35.9946 0</i>
                <i>1 0 0 0 1 0 0 0 1 0 35.9946 0</i>
                <i>1 0 0 0 1 0 0 0 1 0 35.9946 0</i>
                <i>1 0 0 0 1 0 0 0 1 0 35.9946 0</i>
                <i>1 0 0 0 1 0 0 0 1 0 35.9946 0</i>
                <i>1 0 0 0 1 0 0 0 1 0 35.9946 0</i>
                <i>1 0 0 0 1 0 0 0 1 0 35.9946 0</i>
                <i>1 0 0 0 1 0 0 0 1 0 35.9946 0</i>
                <i>1 0 0 0 1 0 0 0 1 0 35.9946 0</i>
                <i>1 0 0 0 1 0 0 0 1 0 35.9946 0</i>
                <i>1 0 0 0 1 0 0 0 1 0 35.9946 0</i>
                <i>1 0 0 0 1 0 0 0 1 0 35.9946 0</i>
                <i>1 0 0 0 1 0 0 0 1 0 35.9946 0</i>
                <i>1 0 0 0 1 0 0 0 1 0 35.9946 0</i>
                <i>1 0 0 0 1 0 0 0 1 0 35.9946 0</i>
                <i>1 0 0 0 1 0 0 0 1 0 35.9946 0</i>
                <i>1 0 0 0 1 0 0 0 1 0 35.9946 0</i>
                <i>1 0 0 0 1 0 0 0 1 0 35.9946 0</i>
                <i>1 0 0 0 1 0 0 0 1 0 35.9946 0</i>
                <i>1 0 0 0 1 0 0 0 1 0 35.9946 0</i>
                <i>1 0 0 0 1 0 0 0 1 0 35.9946 0</i>
                <i>1 0 0 0 1 0 0 0 1 0 35.9946 0</i>
                <i>1 0 0 0 1 0 0 0 1 0 35.9946 0</i>
                <i>1 0 0 0 1 0 0 0 1 0 35.9946 0</i>
                <i>1 0 0 0 1 0 0 0 1 0 35.9946 0</i>
                <i>1 0 0 0 1 0 0 0 1 0 35.9946 0</i>
                <i>1 0 0 0 1 0 0 0 1 0 35.9946 0</i>
                <i>1 0 0 0 1 0 0 0 1 0 35.9946 0</i>
                <i>1 0 0 0 1 0 0 0 1 0 35.9946 0</i>
                <i>1 0 0 0 1 0 0 0 1 0 35.9946 0</i>
                <i>1 0 0 0 1 0 0 0 1 0 35.9946 0</i>
                <i>1 0 0 0 1 0 0 0 1 0 35.9946 0</i>
                <i>1 0 0 0 1 0 0 0 1 0 35.9946 0</i>
                <i>1 0 0 0 1 0 0 0 1 0 35.9946 0</i>
                <i>1 0 0 0 1 0 0 0 1 0 35.9946 0</i>
                <i>1 0 0 0 1 0 0 0 1 0 35.9946 0</i>
                <i>1 0 0 0 1 0 0 0 1 0 35.9946 0</i>
                <i>1 0 0 0 1 0 0 0 1 0 35.9946 0</i>
                <i>1 0 0 0 1 0 0 0 1 0 35.9946 0</i>
                <i>1 0 0 0 1 0 0 0 1 0 35.9946 0</i>
                <i>1 0 0 0 1 0 0 0 1 0 35.9946 0</i>
                <i>1 0 0 0 1 0 0 0 1 0 35.9946 0</i>
                <i>1 0 0 0 1 0 0 0 1 0 35.9946 0</i>
                <i>1 0 0 0 1 0 0 0 1 0 35.9946 0</i>
                <i>1 0 0 0 1 0 0 0 1 0 35.9946 0</i>
                <i>1 0 0 0 1 0 0 0 1 0 35.9946 0</i>
                <i>1 0 0 0 1 0 0 0 1 0 35.9946 0</i>
                <i>1 0 0 0 1 0 0 0 1 0 35.9946 0</i>
                <i>1 0 0 0 1 0 0 0 1 0 35.9946 0</i>
                <i>1 0 0 0 1 0 0 0 1 0 35.9946 0</i>
                <i>1 0 0 0 1 0 0 0 1 0 35.9946 0</i>
                <i>1 0 0 0 1 0 0 0 1 0 35.9946 0</i>
                <i>1 0 0 0 1 0 0 0 1 0 35.9946 0</i>
                <i>1 0 0 0 1 0 0 0 1 0 35.9946 0</i>
                <i>1 0 0 0 1 0 0 0 1 0 35.9946 0</i>
                <i>1 0 0 0 1 0 0 0 1 0 35.9946 0</i>
                <i>1 0 0 0 1 0 0 0 1 0 35.9946 0</i>
                <i>1 0 0 0 1 0 0 0 1 0 35.9946 0</i>
                <i>1 0 0 0 1 0 0 0 1 0 35.9946 0</i>
                <i>1 0 0 0 1 0 0 0 1 0 35.9946 0</i>
                <i>1 0 0 0 1 0 0 0 1 0 35.9946 0</i>
                <i>1 0 0 0 1 0 0 0 1 0 35.9946 0</i>
                <i>1 0 0 0 1 0 0 0 1 0 35.9946 0</i>
                <i>1 0 0 0 1 0 0 0 1 0 35.9946 0</i>
                <i>1 0 0 0 1 0 0 0 1 0 35.9946 0</i>
                <i>1 0 0 0 1 0 0 0 1 0 35.9946 0</i>
                <i>1 0 0 0 1 0 0 0 1 0 35.9946 0</i>
                <i>1 0 0 0 1 0 0 0 1 0 35.9946 0</i>
                <i>1 0 0 0 1 0 0 0 1 0 35.9946 0</i>
                <i>1 0 0 0 1 0 0 0 1 0 35.9946 0</i>
                <i>1 0 0 0 1 0 0 0 1 0 35.9946 0</i>
                <i>1 0 0 0 1 0 0 0 1 0 35.9946 0</i>
                <i>1 0 0 0 1 0 0 0 1 0 35.9946 0</i>
                <i>1 0 0 0 1 0 0 0 1 0 35.9946 0</i>
                <i>1 0 0 0 1 0 0 0 1 0 35.9946 0</i>
                <i>1 0 0 0 1 0 0 0 1 0 35.9946 0</i>
                <i>1 0 0 0 1 0 0 0 1 0 35.9946 0</i>
                <i>1 0 0 0 1 0 0 0 1 0 35.9946 0</i>
                <i>1 0 0 0 1 0 0 0 1 0 35.9946 0</i>
                <i>1 0 0 0 1 0 0 0 1 0 35.9946 0</i>
                <i>1 0 0 0 1 0 0 0 1 0 35.9946 0</i>
                <i>1 0 0 0 1 0 0 0 1 0 35.9946 0</i>
                <i>1 0 0 0 1 0 0 0 1 0 35.9946 0</i>
                <i>1 0 0 0 1 0 0 0 1 0 35.9946 0</i>
                <i>1 0 0 0 1 0 0 0 1 0 35.9946 0</i>
                <i>1 0 0 0 1 0 0 0 1 0 35.9946 0</i>
                <i>1 0 0 0 1 0 0 0 1 0 35.9946 0</i>
                <i>1 0 0 0 1 0 0 0 1 0 35.9946 0</i>
                <i>1 0 0 0 1 0 0 0 1 0 35.9946 0</i>
                <i>1 0 0 0 1 0 0 0 1 0 35.9946 0</i>
                <i>1 0 0 0 1 0 0 0 1 0 35.9946 0</i>
                <i>1 0 0 0 1 0 0 0 1 0 35.9946 0</i>
                <i>1 0 0 0 1 0 0 0 1 0 35.9946 0</i>
                <i>1 0 0 0 1 0 0 0 1 0 35.9946 0</i>
                <i>1 0 0 0 1 0 0 0 1 0 35.9946 0</i>
                <i>1 0 0 0 1 0 0 0 1 0 35.9946 0</i>
                <i>1 0 0 0 1 0 0 0 1 0 35.9946 0</i>
            </KeyFrames>
        </RefFrame>
        <Bones count="19">
            <i>
                <p>
                    <Name><![CDATA[boss_beetle_torso_root]]></Name>
                    <Exclude>0</Exclude>
                    <Additive>1</Additive>
                    <IKPriority>0</IKPriority>
                    <IKRotLimits>-1e+010 -1e+010 -1e+010 1e+010 1e+010 1e+010</IKRotLimits>
                    <IKRotLimitOrder>0</IKRotLimitOrder>
                    <KeyFrames count="180">
                        <i>1 0.000247039 1.63396e-007 -0.000247039 0.999997 0.00245957 4.44214e-007 -0.00245957 0.999997 -0.00787524 35.994 0.0791734</i>
                        <i>1 0.0002222 1.37263e-005 -0.000222233 0.999997 0.00246934 -1.31776e-005 -0.00246934 0.999997 -0.00718654 35.9938 0.0794444</i>
                        <i>1 0.000197338 3.61407e-005 -0.000197427 0.999997 0.00247911 -3.56513e-005 -0.00247911 0.999997 -0.00649785 35.9936 0.0797153</i>
                        <i>1 0.000194243 6.68176e-005 -0.000194409 0.999997 0.00248883 -6.6334e-005 -0.00248885 0.999997 -0.00641402 35.9934 0.0799852</i>
                        <i>1 0.000262179 0.000105205 -0.000262441 0.999997 0.00249846 -0.000104549 -0.00249848 0.999997 -0.00830274 35.9932 0.080252</i>
                        <i>1 0.000322351 0.000150581 -0.000322727 0.999997 0.00250805 -0.000149772 -0.0025081 0.999997 -0.00997642 35.993 0.0805182</i>
                        <i>1 0.000253756 0.000202167 -0.000254264 0.999997 0.00251758 -0.000201528 -0.00251764 0.999997 -0.00807568 35.9928 0.0807825</i>
                        <i>1 0.000192336 0.000259527 -0.000192992 0.999997 0.00252744 -0.00025904 -0.00252749 0.999997 -0.00637458 35.9926 0.0810557</i>
                        <i>1 0.000254994 0.000322197 -0.000255811 0.999997 0.00253787 -0.000321549 -0.00253795 0.999997 -0.00811858 35.9924 0.081345</i>
                        <i>1 0.000352704 0.000389442 -0.000353696 0.999997 0.00254856 -0.000388542 -0.0025487 0.999997 -0.0108361 35.9921 0.0816417</i>
                        <i>1 0.000391689 0.000460521 -0.000392866 0.999997 0.00255951 -0.000459517 -0.00255969 0.999997 -0.0119235 35.9919 0.0819453</i>
                        <i>1 0.0002914 0.000534709 -0.000292774 0.999997 0.00257081 -0.000533958 -0.00257096 0.999997 -0.00914468 35.9917 0.0822587</i>
                        <i>1 0.000132389 0.000611481 -0.000133968 0.999997 0.00258236 -0.000611137 -0.00258244 0.999996 -0.00473581 35.9915 0.082579</i>
                        <i>1 6.25226e-005 0.000690457 -6.43134e-005 0.999997 0.00259383 -0.000690293 -0.00259387 0.999996 -0.002802 35.9913 0.0828973</i>
                        <i>1 0.000169472 0.000771095 -0.00017148 0.999997 0.00260521 -0.00077065 -0.00260534 0.999996 -0.00577719 35.9911 0.0832129</i>
                        <i>1 0.000365569 0.000852673 -0.000367799 0.999996 0.00261615 -0.000851714 -0.00261646 0.999996 -0.0112275 35.9909 0.0835163</i>
                        <i>0.999999 0.000535671 0.000934423 -0.000538122 0.999996 0.00262519 -0.000933014 -0.00262569 0.999996 -0.015956 35.9907 0.0837671</i>
                        <i>0.999999 0.000537418 0.00101554 -0.000540091 0.999996 0.00263365 -0.00101412 -0.0026342 0.999996 -0.0160107 35.9905 0.0840017</i>
                        <i>0.999999 3.9798e-005 0.00109496 -4.26951e-005 0.999996 0.00264596 -0.00109486 -0.00264601 0.999996 -0.00220169 35.9903 0.0843433</i>
                        <i>0.999999 0.000130405 0.00117351 -0.000133512 0.999996 0.00264784 -0.00117316 -0.00264799 0.999996 -0.00472296 35.99 0.084395</i>
                        <i>0.999999 0.000334612 0.00124997 -0.000337892 0.999996 0.00262497 -0.00124908 -0.00262539 0.999996 -0.010397 35.9898 0.0837598</i>
                        <i>0.999999 0.000658924 0.00132369 -0.000662237 0.999997 0.00250416 -0.00132203 -0.00250504 0.999996 -0.0194016 35.9896 0.0804057</i>
                        <i>0.999999 0.000834307 0.00139371 -0.00083763 0.999997 0.00238513 -0.00139172 -0.0023863 0.999996 -0.024271 35.9894 0.0771009</i>
                        <i>0.999999 3.65383e-005 0.00145833 -4.03818e-005 0.999997 0.0026356 -0.00145823 -0.00263565 0.999995 -0.00213734 35.9892 0.0840542</i>
                        <i>0.999999 0.00024845 0.00151955 -0.000252243 0.999997 0.00249678 -0.00151892 -0.00249716 0.999996 -0.00801911 35.989 0.0802</i>
                        <i>0.999999 0.000638472 0.00157565 -0.000642229 0.999997 0.00238513 -0.00157413 -0.00238614 0.999996 -0.018846 35.9888 0.0771001</i>
                        <i>0.999998 0.00085031 0.00162555 -0.000854857 0.999996 0.00279863 -0.00162317 -0.00280001 0.999995 -0.0247491 35.9886 0.0885794</i>
                        <i>0.999999 5.79453e-005 0.00166754 -6.22156e-005 0.999997 0.00256087 -0.00166738 -0.00256097 0.999995 -0.00274339 35.9884 0.0819783</i>
                        <i>0.999999 0.000300801 0.00170369 -0.000304774 0.999997 0.00233197 -0.00170298 -0.00233248 0.999996 -0.00947739 35.9882 0.0756232</i>
                        <i>0.999998 0.000724481 0.00173225 -0.000728728 0.999997 0.00245216 -0.00173047 -0.00245342 0.999995 -0.0212474 35.988 0.0789599</i>
                        <i>0.999998 0.000944705 0.00175211 -0.000949391 0.999996 0.00267606 -0.00174957 -0.00267772 0.999995 -0.0273735 35.9877 0.0851756</i>
                        <i>0.999998 0.000464975 0.00176198 -0.000469905 0.999996 0.00279863 -0.00176067 -0.00279945 0.999995 -0.0140618 35.9875 0.088578</i>
                        <i>0.999998 1.14101e-005 0.00176221 -1.61767e-005 0.999996 0.0027049 -0.00176218 -0.00270492 0.999995 -0.00146511 35.9873 0.0859756</i>
                        <i>0.999998 0.000310304 0.00175315 -0.000314704 0.999997 0.00250983 -0.00175237 -0.00251038 0.999995 -0.00975293 35.9871 0.0805597</i>
                        <i>0.999998 0.000835334 0.00173348 -0.000839412 0.999997 0.00235323 -0.00173151 -0.00235468 0.999996 -0.0243201 35.9869 0.0762119</i>
                        <i>0.999998 0.00115669 0.00161696 -0.0011608 0.999996 0.00254073 -0.00161402 -0.0025426 0.999995 -0.0332425 35.9867 0.0814171</i>
                        <i>0.999999 0.000297051 0.00145404 -0.000301196 0.999996 0.00285092 -0.00145319 -0.00285135 0.999995 -0.00937785 35.9865 0.0900284</i>
                        <i>0.999999 -0.000452581 0.00130466 0.00044865 0.999995 0.00301203 -0.00130602 -0.00301144 0.999995 0.0114398 35.9862 0.0945009</i>
                        <i>0.999999 0.000373097 0.00123557 -0.000376398 0.999996 0.0026726 -0.00123457 -0.00267306 0.999996 -0.0114656 35.9861 0.0850772</i>
                        <i>0.999998 0.00166433 0.0011531 -0.00166702 0.999996 0.00233316 -0.00114921 -0.00233508 0.999997 -0.0472963 35.9858 0.0756533</i>
                        <i>0.999999 -0.000927641 0.00105087 0.000924472 0.999995 0.00301203 -0.00105366 -0.00301105 0.999995 0.0246498 35.9856 0.0945001</i>
                        <i>0.999999 0.000734899 0.000925086 -0.000737351 0.999996 0.00265258 -0.000923133 -0.00265326 0.999996 -0.0214865 35.9854 0.0845206</i>
                        <i>0.999997 0.00239731 0.000811364 -0.0023992 0.999994 0.00233316 -0.000805766 -0.0023351 0.999997 -0.0676235 35.9852 0.0756525</i>
                        <i>1 -0.000481268 0.000828697 0.000478571 0.999995 0.00325222 -0.000830258 -0.00325182 0.999994 0.0122706 35.985 0.101167</i>
                        <i>0.999999 0.00124543 0.000657369 -0.0012473 0.999995 0.00285078 -0.000653816 -0.0028516 0.999996 -0.0356439 35.9848 0.0900223</i>
                        <i>0.999995 0.00297203 0.0004887 -0.00297321 0.999993 0.00242597 -0.000481486 -0.00242742 0.999997 -0.0835593 35.9845 0.0782284</i>
                        <i>0.999999 0.00161796 0.000450828 -0.00161913 0.999995 0.00261399 -0.000446597 -0.00261472 0.999996 -0.0459668 35.9844 0.0834479</i>
                        <i>0.999988 0.000279993 -0.0049569 -0.00026523 0.999996 0.00297859 0.00495771 -0.00297724 0.999983 -0.00558093 35.9277 0.123945</i>
                        <i>0.999953 -0.00105804 -0.00966893 0.00108877 0.999994 0.00317325 0.00966552 -0.00318363 0.999948 0.0349982 35.8631 0.165982</i>
                        <i>0.99999 0.00137462 -0.00428051 -0.00136182 0.999995 0.00299114 0.0042846 -0.00298528 0.999986 -0.0293042 35.8026 0.194462</i>
                        <i>0.999985 0.00380187 0.00394225 -0.00381229 0.999989 0.00263907 -0.00393218 -0.00265406 0.999989 -0.0932963 35.7576 0.205718</i>
                        <i>0.999973 0.00106672 0.00725712 -0.0010841 0.999997 0.002391 -0.00725454 -0.00239881 0.999971 -0.0148335 35.7401 0.197864</i>
                        <i>0.999998 -0.0016412 -0.000829614 0.00164398 0.999993 0.0033608 0.000824093 -0.00336216 0.999994 0.0633845 35.7975 0.171364</i>
                        <i>0.999903 0.00039993 -0.0138898 -0.000361659 0.999996 0.00275774 0.0138908 -0.00275245 0.9999 0.0106706 35.9094 0.0578802</i>
                        <i>0.999791 0.00241161 -0.0202812 -0.0023673 0.999995 0.00220832 0.0202864 -0.00215985 0.999792 -0.0429717 35.984 -0.0491322</i>
                        <i>0.999982 0.00438753 -0.0041785 -0.00437292 0.999984 0.0035 0.00419379 -0.00348166 0.999985 -0.0970827 35.9321 -0.0931002</i>
                        <i>0.999934 0.00154783 0.0113676 -0.00157992 0.999995 0.00281448 -0.0113631 -0.00283225 0.999931 -0.0191121 35.8682 -0.155317</i>
                        <i>0.999995 -0.00121913 0.00280809 0.00121309 0.999997 0.00214978 -0.0028107 -0.00214636 0.999994 0.0452792 35.9402 -0.142224</i>
                        <i>0.999917 2.01164e-005 -0.0129045 2.59088e-005 0.999994 0.00356644 0.0129044 -0.00356647 0.99991 -0.000536093 35.9901 -0.0106836</i>
                        <i>0.999758 0.00121198 -0.0219806 -0.00116097 0.999997 0.00233316 0.0219833 -0.00230708 0.999756 -0.0312561 35.7385 0.196269</i>
                        <i>0.999972 0.00237128 -0.00711152 -0.0023482 0.999992 0.00325221 0.00711917 -0.00323542 0.999969 -0.0593077 35.7959 0.168367</i>
                        <i>0.999961 0.0035124 0.00811445 -0.00353541 0.99999 0.00282326 -0.00810445 -0.00285184 0.999963 -0.0862386 35.9077 0.0596903</i>
                        <i>0.999979 0.00182417 -0.00628552 -0.00180895 0.999995 0.00242598 0.00628991 -0.00241456 0.999977 -0.0323641 35.9824 -0.0430938</i>
                        <i>0.999802 0.000138658 -0.0198821 -8.26061e-005 0.999996 0.00281998 0.0198824 -0.00281778 0.999798 0.020375 35.9305 -0.111947</i>
                        <i>0.999993 -0.0016314 -0.00350524 0.00164346 0.999993 0.00343948 0.0034996 -0.00344521 0.999988 0.0700677 35.8666 -0.138032</i>
                        <i>0.99993 0.000545906 0.0118184 -0.000589949 0.999993 0.00372346 -0.0118163 -0.00373017 0.999923 -0.00452973 35.9276 -0.0691597</i>
                        <i>0.999995 0.00281792 0.0014553 -0.0028227 0.999991 0.00329676 -0.001446 -0.00330085 0.999994 -0.0796104 35.9884 -0.0181749</i>
                        <i>0.999851 0.00509643 -0.016476 -0.00505534 0.999984 0.00253453 0.0164887 -0.00245086 0.999861 -0.140147 35.9116 0.0556383</i>
                        <i>0.999668 0.00322266 -0.0255566 -0.00317255 0.999993 0.00200126 0.0255628 -0.00191952 0.999671 -0.0847168 35.7966 0.140852</i>
                        <i>0.999987 0.00131057 -0.00500911 -0.00128985 0.999991 0.00413636 0.00501449 -0.00412985 0.999979 -0.0285798 35.7362 0.24589</i>
                        <i>0.999879 -0.00063709 0.0155706 0.000592832 0.999996 0.00284688 -0.0155724 -0.00283731 0.999875 0.0280059 35.794 0.157187</i>
                        <i>0.999994 -0.00247144 -0.00255999 0.00247554 0.999996 0.00159908 0.00255603 -0.0016054 0.999995 0.0849436 35.9058 0.0257927</i>
                        <i>0.999757 -2.86201e-005 -0.0220316 8.98347e-005 0.999996 0.0027775 0.0220315 -0.00277881 0.999753 0.023029 35.9805 -0.0333344</i>
                        <i>0.999836 0.0023662 -0.0179719 -0.00229586 0.99999 0.0039337 0.017981 -0.00389179 0.999831 -0.0401626 35.9287 -0.0810861</i>
                        <i>0.999974 0.00015495 -0.00718639 -0.000130566 0.999994 0.00339336 0.00718687 -0.00339233 0.999968 0.0209602 35.8647 -0.139316</i>
                        <i>0.999994 -0.00204134 0.0028178 0.00203473 0.999995 0.00234578 -0.00282257 -0.00234003 0.999993 0.0681331 35.9254 -0.107342</i>
                        <i>0.999987 -0.000233757 0.00514766 0.000226729 0.999999 0.00136586 -0.00514798 -0.00136468 0.999986 0.00500567 35.9865 -0.0717994</i>
                        <i>0.999998 0.00158008 0.00122583 -0.00158134 0.999998 0.00102852 -0.0012242 -0.00103046 0.999999 -0.0443947 35.9486 -0.0226572</i>
                        <i>0.99998 0.00340079 -0.00532941 -0.00338921 0.999992 0.00217932 0.00533678 -0.00216121 0.999983 -0.092346 35.8848 0.0732852</i>
                        <i>0.999956 0.00113968 -0.00928856 -0.00110134 0.999991 0.00413132 0.00929318 -0.00412091 0.999948 -0.0260654 35.8149 0.186077</i>
                        <i>0.999981 -0.00115461 -0.0060367 0.00118579 0.999986 0.00516276 0.00603065 -0.00516982 0.999968 0.0404915 35.758 0.257515</i>
                        <i>0.999999 0.00159318 0.000244726 -0.00159416 0.99999 0.00406404 -0.000238249 -0.00406443 0.999992 -0.0322419 35.7345 0.2439</i>
                        <i>0.999943 0.00435315 0.0097017 -0.00437319 0.999988 0.00204475 -0.00969269 -0.00208706 0.999951 -0.105144 35.7925 0.135071</i>
                        <i>0.999904 0.000816065 0.0138542 -0.000830166 0.999999 0.00101206 -0.0138533 -0.00102346 0.999904 -0.00398638 35.9046 0.00954295</i>
                        <i>0.999991 -0.00270732 -0.00319024 0.00271241 0.999995 0.00159394 0.00318591 -0.00160258 0.999994 0.0972022 35.9792 -0.0661937</i>
                        <i>0.999837 0.000343887 -0.0180556 -0.000292122 0.999996 0.00286953 0.0180565 -0.00286378 0.999833 0.0157482 35.9571 -0.110539</i>
                        <i>0.999862 0.0033681 -0.0162385 -0.00329669 0.999985 0.00442258 0.0162531 -0.00436844 0.999858 -0.0665852 35.9229 -0.110783</i>
                        <i>0.999936 0.00170205 -0.0111644 -0.00163695 0.999982 0.00583689 0.0111741 -0.00581824 0.999921 -0.033618 36.0135 -0.010488</i>
                        <i>0.99999 -6.61809e-006 -0.00436956 2.27672e-005 0.999993 0.00369579 0.0043695 -0.00369585 0.999984 -0.000637396 36.104 -0.00694074</i>
                        <i>0.999995 -0.00168655 0.00260346 0.0016825 0.999997 0.00155468 -0.00260608 -0.00155029 0.999995 0.045797 36.1155 -0.0318602</i>
                        <i>0.999957 0.00438791 0.00822174 -0.00438324 0.99999 -0.000586456 -0.00822423 0.000550392 0.999966 -0.121364 36.0627 -0.055126</i>
                        <i>0.99994 0.000512723 0.0109191 -0.000529155 0.999999 0.00150204 -0.0109184 -0.00150773 0.999939 -0.0128702 36.0038 0.0389826</i>
                        <i>0.999948 -0.00335952 0.00966999 0.00332494 0.999988 0.00359051 -0.00968194 -0.00355817 0.999947 0.0957964 35.9405 0.131525</i>
                        <i>0.999986 0.00101286 0.00517608 -0.00104225 0.999983 0.005679 -0.00517024 -0.00568432 0.99997 -0.0224959 35.877 0.220971</i>
                        <i>0.999985 0.00541373 -0.000323497 -0.00541105 0.999955 0.00776742 0.000365533 -0.00776556 0.99997 -0.140304 35.8156 0.30582</i>
                        <i>0.99998 0.00196378 -0.00598494 -0.00193992 0.99999 0.00398948 0.00599271 -0.00397779 0.999974 -0.0417685 35.7625 0.222991</i>
                        <i>0.999948 -0.00152906 -0.010106 0.00153127 0.999999 0.000211469 0.0101057 -0.000226933 0.999949 0.0565656 35.8004 0.132987</i>
                        <i>0.99994 0.00117652 -0.0108728 -0.00115737 0.999998 0.0017678 0.0108749 -0.00175511 0.999939 -0.0148279 35.8502 0.18086</i>
                        <i>0.999953 0.0038761 -0.00891531 -0.00384659 0.999987 0.00332412 0.00892808 -0.00328967 0.999955 -0.0866651 35.9654 0.17058</i>
                        <i>0.999981 0.00223712 -0.00571283 -0.00220925 0.999986 0.00488045 0.00572367 -0.00486774 0.999972 -0.039669 36.1352 0.116963</i>
                        <i>1 0.000569507 0.000273608 -0.000571256 0.999979 0.00643676 -0.000269937 -0.00643692 0.999979 0.00728957 36.1639 0.0685107</i>
                        <i>0.999955 -0.00109094 0.00943563 0.00106816 0.999996 0.00241795 -0.00943824 -0.00240777 0.999953 0.0537969 36.0658 -0.122907</i>
                        <i>0.999904 -0.0026844 0.0135765 0.00270638 0.999995 -0.00160087 -0.0135721 0.00163746 0.999907 0.0993819 35.9546 -0.277275</i>
                        <i>0.999977 0.00586916 -0.00327586 -0.00586622 0.999982 0.000905773 0.00328111 -0.000886535 0.999994 -0.1508 35.9699 -0.147183</i>
                        <i>0.999835 0.00194495 -0.0180534 -0.00188364 0.999992 0.00341244 0.0180599 -0.00337787 0.999831 -0.0535649 35.9854 -0.0149663</i>
                        <i>0.99986 -0.00200037 -0.0166081 0.00209893 0.99998 0.00591907 0.0165959 -0.0059531 0.999845 0.057324 36.0116 0.0860332</i>
                        <i>0.999924 0.000826087 -0.0123257 -0.00072226 0.999964 0.00842566 0.0123322 -0.00841612 0.999889 -0.0200431 36.0292 0.188149</i>
                        <i>0.999974 0.00357456 -0.00632294 -0.00354348 0.999982 0.0049195 0.00634041 -0.00489697 0.999968 -0.0967495 36.0414 0.123707</i>
                        <i>0.999998 0.00195465 0.000287538 -0.00195505 0.999997 0.00141327 -0.000284774 -0.00141383 0.999999 -0.0508483 36.0502 0.0585783</i>
                        <i>0.999979 0.000379998 0.00640339 -0.000366603 0.999998 -0.00209295 -0.00640417 0.00209056 0.999977 -0.00472292 35.9816 -0.00838214</i>
                        <i>0.99994 -0.00124937 0.0109168 0.00122184 0.999996 0.00252782 -0.0109199 -0.00251433 0.999937 0.0415222 35.9137 0.146139</i>
                        <i>0.999986 0.00046761 0.00536097 -0.000505928 0.999974 0.00714853 -0.00535749 -0.00715114 0.99996 -0.00361314 35.8484 0.29624</i>
                        <i>0.999996 0.0022242 0.00160257 -0.00223369 0.99998 0.00594723 -0.0015893 -0.00595079 0.999981 -0.0486082 35.79 0.280566</i>
                        <i>0.999975 0.00270496 -0.00654307 -0.00267393 0.999985 0.00474592 0.00655581 -0.0047283 0.999967 -0.0581541 35.7396 0.258705</i>
                        <i>0.999874 0.00350895 -0.0154967 -0.00345441 0.999988 0.0035446 0.015509 -0.00349062 0.999874 -0.0772214 35.7333 0.229601</i>
                        <i>0.999756 0.00411464 -0.0216824 -0.00406477 0.999989 0.00234328 0.0216918 -0.00225457 0.999762 -0.0920865 35.7912 0.143296</i>
                        <i>0.999699 0.00413964 -0.0241703 -0.00399458 0.999974 0.00604658 0.0241947 -0.00594821 0.99969 -0.0887505 35.9028 0.148936</i>
                        <i>0.999711 0.00298972 -0.0238579 -0.00273349 0.999938 0.0107652 0.0238886 -0.0106968 0.999657 -0.0526109 36.0552 0.191946</i>
                        <i>0.999802 -4.87641e-005 -0.0199173 0.000362058 0.999876 0.0157264 0.0199141 -0.0157305 0.999678 0.0341621 36.7399 0.246257</i>
                        <i>0.999984 -0.00502632 0.00245869 0.00497624 0.999788 0.0199654 -0.00255852 -0.0199529 0.999798 0.162002 37.2332 0.335747</i>
                        <i>0.999948 -0.0101824 -3.07377e-005 0.0101805 0.999695 0.0225175 -0.000198553 -0.0225166 0.999746 0.281428 37.5258 0.653772</i>
                        <i>0.999691 -0.0154834 0.0194298 0.0150468 0.999635 0.0224184 -0.0197698 -0.0221191 0.99956 0.416444 37.5294 0.523029</i>
                        <i>0.99938 -0.0191135 0.0295762 0.0186475 0.999699 0.0159511 -0.0298721 -0.0153897 0.999435 0.516461 37.3781 0.290557</i>
                        <i>0.999776 -0.0199923 -0.00697412 0.0200546 0.999759 0.00897274 0.00679305 -0.0091106 0.999935 0.555568 37.1087 0.0514168</i>
                        <i>0.999066 -0.0183552 -0.039122 0.0186688 0.999796 0.00766517 0.0389733 -0.00838837 0.999205 0.517117 36.7488 0.0302576</i>
                        <i>0.999268 -0.0148574 -0.0352647 0.0151475 0.999853 0.00797503 0.035141 -0.00850336 0.999346 0.419364 36.3564 0.0721466</i>
                        <i>0.999652 -0.0102523 -0.0242866 0.0104481 0.999914 0.00794758 0.024203 -0.00819856 0.999673 0.288889 35.9886 0.102455</i>
                        <i>0.99994 -0.00542946 -0.00954172 0.00552836 0.999931 0.0103697 0.00948476 -0.0104218 0.999901 0.15224 36.1093 0.221698</i>
                        <i>0.999983 -0.00140551 0.00564757 0.00134674 0.999945 0.0103963 -0.00566188 -0.0103885 0.99993 0.0360906 36.2465 0.2541</i>
                        <i>0.99984 0.00102478 0.0178711 -0.00113855 0.999979 0.00635717 -0.0178642 -0.0063765 0.99982 -0.0329466 36.383 0.136429</i>
                        <i>0.999709 -0.0045807 0.0236916 0.00433467 0.999936 0.0104258 -0.0237379 -0.0103201 0.999665 0.119035 36.4993 0.235366</i>
                        <i>0.999745 -0.00979848 0.0203405 0.00951629 0.999858 0.0139242 -0.020474 -0.0137271 0.999696 0.262931 36.5773 0.313307</i>
                        <i>0.999943 -0.00379423 0.0100112 0.00364971 0.999889 0.0144148 -0.0100648 -0.0143774 0.999846 0.100005 36.5808 0.306119</i>
                        <i>0.99998 0.00546847 -0.00321756 -0.00542902 0.999911 0.012145 0.00328369 -0.0121273 0.999921 -0.152125 36.5068 0.224496</i>
                        <i>0.999827 0.0107833 -0.0151824 -0.0106396 0.999898 0.00951271 0.0152835 -0.00934953 0.999839 -0.296826 36.3939 0.139001</i>
                        <i>0.999717 0.00980047 -0.0216802 -0.0096524 0.999929 0.00692381 0.0217466 -0.00671258 0.999741 -0.269398 36.352 0.061443</i>
                        <i>0.999795 0.00602936 -0.0193194 -0.00594533 0.999973 0.00440401 0.0193455 -0.00428825 0.999804 -0.166433 36.2883 -0.0103965</i>
                        <i>0.999939 0.00117392 -0.0110048 -0.00115012 0.999997 0.00216914 0.0110073 -0.00215635 0.999937 -0.0332495 36.2091 -0.0718114</i>
                        <i>0.999993 -0.00310031 -0.00199143 0.00310118 0.999995 0.000434979 0.00199007 -0.000441152 0.999998 0.0848253 36.1215 -0.118071</i>
                        <i>0.999993 -0.00282159 0.00247059 0.00281684 0.999994 0.00192661 -0.00247601 -0.00191964 0.999995 0.0769379 36.0353 -0.074701</i>
                        <i>0.999989 -0.00253629 0.00382531 0.00252377 0.999991 0.00327576 -0.00383359 -0.00326607 0.999987 0.068794 36.0616 -0.0362603</i>
                        <i>0.999991 -0.00224086 0.00354423 0.00222488 0.999987 0.00450618 -0.00355428 -0.00449825 0.999984 0.0604883 36.0902 -0.00201846</i>
                        <i>0.999995 -0.00193653 0.00233837 0.00192309 0.999982 0.0057366 -0.00234944 -0.00573208 0.999981 0.0521021 36.1176 0.0322883</i>
                        <i>0.999998 -0.00162532 0.000919213 0.00162131 0.999989 0.0043466 -0.000926268 -0.0043451 0.99999 0.0437174 36.1487 -0.00612985</i>
                        <i>0.999999 -0.00132244 -1.91276e-006 0.00132244 0.999995 0.00295659 -1.99716e-006 -0.00295659 0.999996 0.0354158 36.1605 -0.0445126</i>
                        <i>0.999999 -0.00102868 -0.00044153 0.00102937 0.999998 0.00156658 0.000439918 -0.00156704 0.999999 0.0272796 36.141 -0.0828794</i>
                        <i>0.999999 -0.000744855 -0.000968327 0.000745026 1 0.000176566 0.000968195 -0.000177288 1 0.019389 36.0947 -0.121228</i>
                        <i>0.999999 -0.0004711 -0.00152058 0.000472306 1 0.000792608 0.00152021 -0.000793325 0.999999 0.011823 36.0378 -0.10383</i>
                        <i>0.999998 -0.000211248 -0.00203657 0.000214117 0.999999 0.00140865 0.00203627 -0.00140908 0.999997 0.00465995 35.9863 -0.0863781</i>
                        <i>0.999997 3.16033e-005 -0.00245458 -2.66336e-005 0.999998 0.00202469 0.00245464 -0.00202462 0.999995 -0.00202885 36.0166 -0.0687758</i>
                        <i>0.999996 0.000254203 -0.0027129 -0.000247039 0.999996 0.00264073 0.00271356 -0.00264005 0.999993 -0.00815297 36.05 -0.0511305</i>
                        <i>0.999996 0.000373705 -0.0027499 -0.000364749 0.999995 0.00325677 0.0027511 -0.00325575 0.999991 -0.0114243 36.0772 -0.0334582</i>
                        <i>0.999998 0.000357847 -0.00203004 -0.00035167 0.999995 0.00304202 0.00203112 -0.0030413 0.999993 -0.0110614 36.0887 -0.0388473</i>
                        <i>1 0.000287998 -0.000608992 -0.000286276 0.999996 0.00282727 0.000609803 -0.0028271 0.999996 -0.00924278 36.0783 -0.0442374</i>
                        <i>1 0.000245242 0.000688021 -0.000247039 0.999997 0.00261253 -0.000687378 -0.0026127 0.999996 -0.00814867 36.0522 -0.0496239</i>
                        <i>0.999999 0.000244556 0.00103568 -0.000247039 0.999997 0.00239778 -0.00103509 -0.00239803 0.999997 -0.00814341 36.0199 -0.0549979</i>
                        <i>1 0.00024706 -8.26482e-006 -0.000247039 0.999997 0.00242328 8.86349e-006 -0.00242327 0.999997 -0.00813851 35.9907 -0.0536789</i>
                        <i>0.999998 0.000251719 -0.00190981 -0.000247039 0.999997 0.0024505 0.00191042 -0.00245003 0.999995 -0.00813725 35.9912 -0.0522592</i>
                        <i>0.999992 0.000257027 -0.00402985 -0.000247039 0.999997 0.00247894 0.00403048 -0.00247793 0.999989 -0.00813596 35.9917 -0.0507962</i>
                        <i>0.999984 0.000261405 -0.00572938 -0.000247039 0.999997 0.00250807 0.00573002 -0.00250662 0.99998 -0.00813466 35.9921 -0.0493079</i>
                        <i>0.99998 0.000263196 -0.0063694 -0.000247039 0.999997 0.00253738 0.00637004 -0.00253575 0.999977 -0.00813336 35.9926 -0.0478124</i>
                        <i>0.999991 0.000257908 -0.0042357 -0.000247039 0.999997 0.00256634 0.00423634 -0.00256527 0.999988 -0.00813206 35.993 -0.0463277</i>
                        <i>1 0.000247927 -0.000342229 -0.000247039 0.999997 0.00259443 0.000342871 -0.00259435 0.999997 -0.00813077 35.9935 -0.0448718</i>
                        <i>0.999998 0.00024217 0.00185767 -0.000247039 0.999997 0.00262114 -0.00185703 -0.00262159 0.999995 -0.00812949 35.994 -0.043463</i>
                        <i>0.999999 0.00024363 0.00128845 -0.000247039 0.999996 0.00264594 -0.0012878 -0.00264626 0.999996 -0.00812824 35.9944 -0.0421192</i>
                        <i>1 0.000247992 -0.000356851 -0.000247039 0.999996 0.00266832 0.000357512 -0.00266823 0.999996 -0.00812702 35.9949 -0.0408585</i>
                        <i>0.999997 0.000253432 -0.00237864 -0.000247039 0.999996 0.00268776 0.00237931 -0.00268716 0.999994 -0.00812585 35.9954 -0.039699</i>
                        <i>0.999992 0.000258062 -0.00407733 -0.000247039 0.999996 0.00270373 0.00407802 -0.0027027 0.999988 -0.00812471 35.9958 -0.0386587</i>
                        <i>0.999989 0.000259946 -0.00475335 -0.000247039 0.999996 0.00271572 0.00475404 -0.00271452 0.999985 -0.00812363 35.9963 -0.0377557</i>
                        <i>0.999993 0.000257021 -0.00366684 -0.000247039 0.999996 0.00272256 0.00366753 -0.00272164 0.99999 -0.00812262 35.9968 -0.0370263</i>
                        <i>0.999999 0.000250641 -0.00132219 -0.000247039 0.999996 0.00272402 0.00132287 -0.0027237 0.999995 -0.00812167 35.9972 -0.0364801</i>
                        <i>0.999999 0.000244009 0.00111379 -0.000247039 0.999996 0.00272102 -0.00111312 -0.0027213 0.999996 -0.00812079 35.9977 -0.0360956</i>
                        <i>0.999997 0.000240322 0.00247429 -0.000247039 0.999996 0.00271447 -0.00247363 -0.00271507 0.999993 -0.00812 35.9982 -0.0358511</i>
                        <i>0.999996 0.00023974 0.00269801 -0.000247039 0.999996 0.00270527 -0.00269735 -0.00270593 0.999993 -0.0081193 35.9987 -0.0357248</i>
                        <i>0.999997 0.000240117 0.00256901 -0.000247039 0.999996 0.00269435 -0.00256836 -0.00269498 0.999993 -0.0081187 35.9992 -0.0356952</i>
                        <i>0.999998 0.000241181 0.0021835 -0.000247039 0.999996 0.00268261 -0.00218285 -0.00268314 0.999994 -0.0081182 35.9996 -0.0357406</i>
                        <i>0.999999 0.000242665 0.00163767 -0.000247039 0.999996 0.00267095 -0.00163701 -0.00267135 0.999995 -0.00811781 36.0001 -0.0358393</i>
                        <i>0.999999 0.000244305 0.0010277 -0.000247039 0.999996 0.00266031 -0.00102705 -0.00266056 0.999996 -0.00811754 36.0006 -0.0359697</i>
                        <i>1 0.000245847 0.000449804 -0.000247039 0.999996 0.00265157 -0.000449151 -0.00265168 0.999996 -0.0081174 36.0011 -0.0361101</i>
                        <i>1 0.000247039 1.63396e-007 -0.000247039 0.999996 0.00264566 4.90187e-007 -0.00264566 0.999996 -0.0081174 36.0016 -0.0362389</i>
                    </KeyFrames>
                </p>
            </i>
            <i>
                <p>
                    <Name><![CDATA[l_clavicle]]></Name>
                    <Exclude>1</Exclude>
                    <Additive>0</Additive>
                    <IKPriority>0</IKPriority>
                    <IKRotLimits>-1e+010 -1e+010 -1e+010 1e+010 1e+010 1e+010</IKRotLimits>
                    <IKRotLimitOrder>0</IKRotLimitOrder>
                    <KeyFrames count="180">
                        <i>1 0.000247039 1.63396e-007 -0.000247039 0.999997 0.00245957 4.44214e-007 -0.00245957 0.999997 12.5825 48.0294 -10.439</i>
                        <i>1 0.0002222 1.37263e-005 -0.000222233 0.999997 0.00246934 -1.31776e-005 -0.00246934 0.999997 12.5836 48.029 -10.4384</i>
                        <i>1 0.000197338 3.61407e-005 -0.000197427 0.999997 0.00247911 -3.56513e-005 -0.00247911 0.999997 12.5848 48.0286 -10.4378</i>
                        <i>1 0.000194243 6.68176e-005 -0.000194409 0.999997 0.00248883 -6.6334e-005 -0.00248885 0.999997 12.5853 48.0284 -10.437</i>
                        <i>1 0.000262179 0.000105205 -0.000262441 0.999997 0.00249846 -0.000104549 -0.00249848 0.999997 12.583 48.0292 -10.4361</i>
                        <i>1 0.000322351 0.000150581 -0.000322727 0.999997 0.00250805 -0.000149772 -0.0025081 0.999997 12.5811 48.0298 -10.4352</i>
