<?xml version="1.0" encoding="ISO-8859-1" ?>
<Animl Version="1">
    <ModellingPackage><![CDATA[Maya.2010]]></ModellingPackage>
    <SrcFile><![CDATA[anims\bosses\red\~src\boss_beetle\boss_beetle_death.mb]]></SrcFile>
    <FramesPerSecond>30</FramesPerSecond>
    <TotalFrames>66</TotalFrames>
    <Skeleton>
        <RefFrame>
            <Name><![CDATA[boss_beetle_torso_ref_frame]]></Name>
            <Exclude>0</Exclude>
            <Additive>0</Additive>
            <IKPriority>0</IKPriority>
            <IKRotLimits>-1e+010 -1e+010 -1e+010 1e+010 1e+010 1e+010</IKRotLimits>
            <IKRotLimitOrder>0</IKRotLimitOrder>
            <KeyFrames count="66">
                <i>1 0 0 0 1 0 0 0 1 0 35.9946 0</i>
                <i>1 0 0 0 1 0 0 0 1 0 35.9946 0</i>
                <i>1 0 0 0 1 0 0 0 1 0 35.9946 0</i>
                <i>1 0 0 0 1 0 0 0 1 0 35.9946 0</i>
                <i>1 0 0 0 1 0 0 0 1 0 35.9946 0</i>
                <i>1 0 0 0 1 0 0 0 1 0 35.9946 0</i>
                <i>1 0 0 0 1 0 0 0 1 0 35.9946 0</i>
                <i>1 0 0 0 1 0 0 0 1 0 35.9946 0</i>
                <i>1 0 0 0 1 0 0 0 1 0 35.9946 0</i>
                <i>1 0 0 0 1 0 0 0 1 0 35.9946 0</i>
                <i>1 0 0 0 1 0 0 0 1 0 35.9946 0</i>
                <i>1 0 0 0 1 0 0 0 1 0 35.9946 0</i>
                <i>1 0 0 0 1 0 0 0 1 0 35.9946 0</i>
                <i>1 0 0 0 1 0 0 0 1 0 35.9946 0</i>
                <i>1 0 0 0 1 0 0 0 1 0 35.9946 0</i>
                <i>1 0 0 0 1 0 0 0 1 0 35.9946 0</i>
                <i>1 0 0 0 1 0 0 0 1 0 35.9946 0</i>
                <i>1 0 0 0 1 0 0 0 1 0 35.9946 0</i>
                <i>1 0 0 0 1 0 0 0 1 0 35.9946 0</i>
                <i>1 0 0 0 1 0 0 0 1 0 35.9946 0</i>
                <i>1 0 0 0 1 0 0 0 1 0 35.9946 0</i>
                <i>1 0 0 0 1 0 0 0 1 0 35.9946 0</i>
                <i>1 0 0 0 1 0 0 0 1 0 35.9946 0</i>
                <i>1 0 0 0 1 0 0 0 1 0 35.9946 0</i>
                <i>1 0 0 0 1 0 0 0 1 0 35.9946 0</i>
                <i>1 0 0 0 1 0 0 0 1 0 35.9946 0</i>
                <i>1 0 0 0 1 0 0 0 1 0 35.9946 0</i>
                <i>1 0 0 0 1 0 0 0 1 0 35.9946 0</i>
                <i>1 0 0 0 1 0 0 0 1 0 35.9946 0</i>
                <i>1 0 0 0 1 0 0 0 1 0 35.9946 0</i>
                <i>1 0 0 0 1 0 0 0 1 0 35.9946 0</i>
                <i>1 0 0 0 1 0 0 0 1 0 35.9946 0</i>
                <i>1 0 0 0 1 0 0 0 1 0 35.9946 0</i>
                <i>1 0 0 0 1 0 0 0 1 0 35.9946 0</i>
                <i>1 0 0 0 1 0 0 0 1 0 35.9946 0</i>
                <i>1 0 0 0 1 0 0 0 1 0 35.9946 0</i>
                <i>1 0 0 0 1 0 0 0 1 0 35.9946 0</i>
                <i>1 0 0 0 1 0 0 0 1 0 35.9946 0</i>
                <i>1 0 0 0 1 0 0 0 1 0 35.9946 0</i>
                <i>1 0 0 0 1 0 0 0 1 0 35.9946 0</i>
                <i>1 0 0 0 1 0 0 0 1 0 35.9946 0</i>
                <i>1 0 0 0 1 0 0 0 1 0 35.9946 0</i>
                <i>1 0 0 0 1 0 0 0 1 0 35.9946 0</i>
                <i>1 0 0 0 1 0 0 0 1 0 35.9946 0</i>
                <i>1 0 0 0 1 0 0 0 1 0 35.9946 0</i>
                <i>1 0 0 0 1 0 0 0 1 0 35.9946 0</i>
                <i>1 0 0 0 1 0 0 0 1 0 35.9946 0</i>
                <i>1 0 0 0 1 0 0 0 1 0 35.9946 0</i>
                <i>1 0 0 0 1 0 0 0 1 0 35.9946 0</i>
                <i>1 0 0 0 1 0 0 0 1 0 35.9946 0</i>
                <i>1 0 0 0 1 0 0 0 1 0 35.9946 0</i>
                <i>1 0 0 0 1 0 0 0 1 0 35.9946 0</i>
                <i>1 0 0 0 1 0 0 0 1 0 35.9946 0</i>
                <i>1 0 0 0 1 0 0 0 1 0 35.9946 0</i>
                <i>1 0 0 0 1 0 0 0 1 0 35.9946 0</i>
                <i>1 0 0 0 1 0 0 0 1 0 35.9946 0</i>
                <i>1 0 0 0 1 0 0 0 1 0 35.9946 0</i>
                <i>1 0 0 0 1 0 0 0 1 0 35.9946 0</i>
                <i>1 0 0 0 1 0 0 0 1 0 35.9946 0</i>
                <i>1 0 0 0 1 0 0 0 1 0 35.9946 0</i>
                <i>1 0 0 0 1 0 0 0 1 0 35.9946 0</i>
                <i>1 0 0 0 1 0 0 0 1 0 35.9946 0</i>
                <i>1 0 0 0 1 0 0 0 1 0 35.9946 0</i>
                <i>1 0 0 0 1 0 0 0 1 0 35.9946 0</i>
                <i>1 0 0 0 1 0 0 0 1 0 35.9946 0</i>
                <i>1 0 0 0 1 0 0 0 1 0 35.9946 0</i>
            </KeyFrames>
        </RefFrame>
        <Bones count="19">
            <i>
                <p>
                    <Name><![CDATA[boss_beetle_torso_root]]></Name>
                    <Exclude>0</Exclude>
                    <Additive>0</Additive>
                    <IKPriority>0</IKPriority>
                    <IKRotLimits>-1e+010 -1e+010 -1e+010 1e+010 1e+010 1e+010</IKRotLimits>
                    <IKRotLimitOrder>0</IKRotLimitOrder>
                    <KeyFrames count="66">
                        <i>0.999874 0.0034207 -0.0154968 -0.0034544 0.999992 -0.00214871 0.0154893 0.00220197 0.999878 -0.0772213 35.7334 0.170816</i>
                        <i>0.999757 0.00400869 -0.0216824 -0.00406475 0.999988 -0.00254172 0.021672 0.00262924 0.999762 -0.0920862 35.7912 0.092857</i>
                        <i>0.9997 0.0040424 -0.0241707 -0.00399463 0.99999 0.00202452 0.0241786 -0.00192736 0.999706 -0.0887509 35.903 0.107408</i>
                        <i>0.999711 0.00291566 -0.0238586 -0.00273355 0.999967 0.00766193 0.0238802 -0.0075945 0.999686 -0.0526116 36.0555 0.159904</i>
                        <i>0.999802 -9.11386e-005 -0.019918 0.000362067 0.999907 0.013599 0.0199149 -0.0136036 0.999709 0.0341622 36.7403 0.224291</i>
                        <i>0.999984 -0.00502361 0.00245874 0.00497633 0.99981 0.0188721 -0.00255308 -0.0188595 0.999819 0.162003 37.2335 0.324458</i>
                        <i>0.999948 -0.0101824 -3.07377e-005 0.0101805 0.999695 0.0225175 -0.000198553 -0.0225166 0.999746 0.281428 37.5258 0.653772</i>
                        <i>0.999691 -0.0155226 0.0194289 0.0150461 0.999588 0.0244331 -0.0198001 -0.0241333 0.999513 0.416437 37.5289 0.543831</i>
                        <i>0.999377 -0.0192806 0.029573 0.0186452 0.999593 0.0216128 -0.0299777 -0.021048 0.999329 0.514023 37.2558 0.398352</i>
                        <i>0.999777 -0.0199159 -0.00697302 0.0200498 0.999605 0.0196876 0.00657818 -0.019823 0.999782 0.550058 36.8514 0.270093</i>
                        <i>0.999078 -0.0176903 -0.0391112 0.0186616 0.999523 0.0246112 0.0386572 -0.0253184 0.998932 0.509044 36.3447 0.377836</i>
                        <i>0.99928 -0.0140056 -0.0352476 0.0151393 0.99937 0.0321034 0.0347757 -0.032614 0.998863 0.410195 35.7964 0.562624</i>
                        <i>0.999661 -0.00947478 -0.024268 0.0104405 0.999146 0.0399827 0.0238684 -0.0402225 0.998906 0.28051 35.2671 0.746627</i>
                        <i>0.999942 -0.00504539 -0.00952996 0.00552329 0.998693 0.0508056 0.00926118 -0.0508553 0.998663 0.146333 35.2213 1.0242</i>
                        <i>0.999983 -0.0016837 0.00563784 0.00134526 0.998227 0.0595043 -0.00572803 -0.0594957 0.998212 0.0334754 35.1939 1.21959</i>
                        <i>0.999841 -8.10545e-006 0.0178346 -0.00113687 0.997937 0.0641885 -0.0177984 -0.0641985 0.997778 -0.0329721 35.1736 1.26893</i>
                        <i>0.999702 -0.00615553 0.0236229 0.00432486 0.997039 0.0767789 -0.0240255 -0.0766538 0.996768 0.111598 35.1304 1.52031</i>
                        <i>0.999731 -0.0113182 0.0202626 0.00948506 0.996041 0.0883851 -0.0211827 -0.0881691 0.99588 0.24686 35.0581 1.74175</i>
                        <i>0.99994 -0.00461612 0.00996559 0.00363457 0.99534 0.0963567 -0.0103639 -0.0963146 0.995297 0.0921499 34.928 1.86969</i>
                        <i>0.999978 0.00575474 -0.00320137 -0.00540306 0.9949 0.100722 0.00376467 -0.100702 0.994909 -0.144537 34.7415 1.91181</i>
                        <i>0.999811 0.0122137 -0.0151013 -0.0105841 0.994558 0.103646 0.016285 -0.103466 0.9945 -0.279164 34.537 1.93121</i>
                        <i>0.999696 0.0119341 -0.0215602 -0.00959964 0.994393 0.105307 0.022696 -0.105068 0.994206 -0.252976 34.4271 1.93504</i>
                        <i>0.999784 0.00798295 -0.0192118 -0.00591253 0.994401 0.105509 0.0199465 -0.105372 0.994233 -0.156943 34.3221 1.91702</i>
                        <i>0.999937 0.00229725 -0.0109449 -0.00114393 0.994552 0.104238 0.0111247 -0.104219 0.994492 -0.0331856 34.2312 1.87738</i>
                        <i>0.999994 -0.00289734 -0.00198096 0.00308516 0.994727 0.102513 0.00167349 -0.102519 0.99473 0.0764988 34.147 1.83476</i>
                        <i>0.999992 -0.00307413 0.00245718 0.00280193 0.994574 0.103997 -0.00276354 -0.103989 0.994575 0.0691659 34.0579 1.87532</i>
                        <i>0.999988 -0.00292708 0.00380403 0.0025101 0.994433 0.105339 -0.00409119 -0.105328 0.994429 0.0615948 34.0815 1.91115</i>
                        <i>0.99999 -0.00260289 0.00352406 0.00221255 0.994304 0.106562 -0.00378136 -0.106554 0.9943 0.0538748 34.1078 1.94294</i>
                        <i>0.999995 -0.00217544 0.00232477 0.00191219 0.994172 0.107786 -0.00254571 -0.107781 0.994171 0.0460814 34.1328 1.97473</i>
                        <i>0.999998 -0.00171937 0.00091399 0.00161236 0.994322 0.106404 -0.00109175 -0.106402 0.994323 0.038299 34.1665 1.93892</i>
                        <i>0.999999 -0.00132244 -1.91276e-006 0.00131533 0.994469 0.105021 -0.000136982 -0.105021 0.99447 0.0305922 34.181 1.90309</i>
                        <i>0.999999 -0.000983771 -0.000439161 0.00102399 0.994614 0.103639 0.000334839 -0.103639 0.994615 0.0230377 34.1643 1.86721</i>
                        <i>0.999999 -0.000646126 -0.000963257 0.000741238 0.994758 0.102256 0.000892137 -0.102257 0.994758 0.0157098 34.1207 1.83129</i>
                        <i>0.999999 -0.000315965 -0.00151252 0.000469881 0.994695 0.102869 0.00147199 -0.10287 0.994694 0.00868019 34.0627 1.84711</i>
                        <i>0.999998 -3.41333e-006 -0.00202564 0.000213013 0.994631 0.103482 0.00201442 -0.103482 0.994629 0.00202537 34.01 1.86293</i>
                        <i>0.999997 0.00028213 -0.00244126 -2.64759e-005 0.994567 0.104095 0.00245736 -0.104094 0.994564 -0.00418912 34.0391 1.87886</i>
                        <i>0.999996 0.000531116 -0.00269799 -0.000245698 0.994503 0.104707 0.00273877 -0.104706 0.994499 -0.00987865 34.0714 1.8948</i>
                        <i>0.999996 0.000654403 -0.00273461 -0.000362755 0.994438 0.10532 0.00278833 -0.105319 0.994435 -0.012918 34.0974 1.91072</i>
                        <i>0.999998 0.000565073 -0.0020188 -0.000349755 0.994461 0.105106 0.00206701 -0.105105 0.994459 -0.0125822 34.1093 1.9052</i>
                        <i>1 0.000350178 -0.000605633 -0.000284719 0.994483 0.104893 0.000639023 -0.104893 0.994483 -0.0108942 34.0993 1.89965</i>
                        <i>1 0.000175034 0.000684244 -0.000245699 0.994506 0.104679 -0.000662163 -0.104679 0.994506 -0.00987896 34.0738 1.89407</i>
                        <i>0.999999 0.000138862 0.00103002 -0.000245704 0.994528 0.104466 -0.00100988 -0.104466 0.994528 -0.00987507 34.0419 1.88849</i>
                        <i>1 0.00024792 -8.21871e-006 -0.000245704 0.994526 0.104491 3.40791e-005 -0.104491 0.994526 -0.00987147 34.0127 1.88911</i>
                        <i>0.999998 0.000446666 -0.00189935 -0.000245703 0.994523 0.104518 0.00193564 -0.104518 0.994521 -0.00987152 34.0132 1.88981</i>
                        <i>0.999992 0.000668362 -0.00400778 -0.000245702 0.99452 0.104546 0.00405569 -0.104545 0.994512 -0.00987157 34.0136 1.89055</i>
                        <i>0.999983 0.000846207 -0.00569799 -0.000245702 0.994517 0.104575 0.00575524 -0.104572 0.994501 -0.00987162 34.0141 1.8913</i>
                        <i>0.999979 0.000913321 -0.00633447 -0.000245701 0.994514 0.104605 0.00639526 -0.104601 0.994494 -0.00987167 34.0145 1.89206</i>
                        <i>0.999991 0.000690251 -0.00421246 -0.0002457 0.994511 0.104633 0.00426156 -0.104631 0.994502 -0.00987172 34.015 1.8928</i>
                        <i>1 0.000282874 -0.000340349 -0.000245699 0.994508 0.104661 0.000368086 -0.104661 0.994508 -0.00987177 34.0155 1.89353</i>
                        <i>0.999998 5.25791e-005 0.00184747 -0.000245699 0.994505 0.104688 -0.00183182 -0.104688 0.994503 -0.00987183 34.0159 1.89422</i>
                        <i>0.999999 0.000112139 0.00128137 -0.000245698 0.994502 0.104713 -0.00126259 -0.104713 0.994502 -0.00987188 34.0164 1.89486</i>
                        <i>1 0.000284431 -0.000354889 -0.000245698 0.9945 0.104735 0.000382727 -0.104735 0.9945 -0.00987193 34.0168 1.89544</i>
                        <i>0.999997 0.000496229 -0.00236556 -0.000245697 0.994498 0.104754 0.00240453 -0.104753 0.994495 -0.00987199 34.0173 1.89594</i>
                        <i>0.999992 0.000674238 -0.00405491 -0.000245697 0.994496 0.10477 0.00410323 -0.104768 0.994488 -0.00987204 34.0178 1.89635</i>
                        <i>0.999989 0.00074512 -0.0047272 -0.000245696 0.994495 0.104782 0.00477925 -0.10478 0.994484 -0.0098721 34.0183 1.89666</i>
                        <i>0.999993 0.0006313 -0.00364667 -0.000245696 0.994494 0.104789 0.00369274 -0.104787 0.994488 -0.00987216 34.0188 1.89684</i>
                        <i>0.999999 0.000385609 -0.00131492 -0.000245696 0.994494 0.10479 0.00134809 -0.10479 0.994493 -0.00987223 34.0193 1.89688</i>
                        <i>0.999999 0.000130345 0.00110766 -0.000245696 0.994495 0.104787 -0.0010879 -0.104787 0.994494 -0.00987229 34.0198 1.8968</i>
                        <i>0.999997 -1.22031e-005 0.00246068 -0.000245696 0.994495 0.104781 -0.00244841 -0.104781 0.994492 -0.00987236 34.0203 1.89663</i>
                        <i>0.999996 -3.56199e-005 0.00268317 -0.000245697 0.994496 0.104772 -0.00267213 -0.104772 0.994493 -0.00987243 34.0208 1.8964</i>
                        <i>0.999997 -2.2077e-005 0.00255489 -0.000245697 0.994497 0.104761 -0.00254314 -0.104761 0.994494 -0.0098725 34.0213 1.89611</i>
                        <i>0.999998 1.83352e-005 0.0021715 -0.000245697 0.994499 0.104749 -0.00215763 -0.104749 0.994496 -0.00987257 34.0219 1.89581</i>
                        <i>0.999999 7.55302e-005 0.00162867 -0.000245697 0.9945 0.104737 -0.0016118 -0.104738 0.994499 -0.00987264 34.0224 1.89551</i>
                        <i>0.999999 0.000139428 0.00102206 -0.000245698 0.994501 0.104727 -0.00100183 -0.104727 0.994501 -0.00987271 34.0229 1.89524</i>
                        <i>1 0.000199953 0.000447334 -0.000245698 0.994502 0.104718 -0.000423935 -0.104718 0.994502 -0.00987277 34.0234 1.89501</i>
                        <i>1 0.000247039 1.63396e-007 -0.000245698 0.994503 0.104712 2.57055e-005 -0.104712 0.994503 -0.00987284 34.024 1.89486</i>
                    </KeyFrames>
                </p>
            </i>
            <i>
                <p>
                    <Name><![CDATA[l_clavicle]]></Name>
                    <Exclude>0</Exclude>
                    <Additive>0</Additive>
                    <IKPriority>0</IKPriority>
                    <IKRotLimits>-1e+010 -1e+010 -1e+010 1e+010 1e+010 1e+010</IKRotLimits>
                    <IKRotLimitOrder>0</IKRotLimitOrder>
                    <KeyFrames count="66">
                        <i>0.999874 0.0034207 -0.0154968 -0.0034544 0.999992 -0.00214871 0.0154893 0.00220197 0.999878 12.3097 47.7595 -10.5966</i>
                        <i>0.999757 0.00400869 -0.0216824 -0.00406475 0.999988 -0.00254172 0.021672 0.00262924 0.999762 12.2208 47.8202 -10.7559</i>
                        <i>0.9997 0.0040424 -0.0241707 -0.00399463 0.99999 0.00202452 0.0241786 -0.00192736 0.999706 12.1978 47.9805 -10.7173</i>
                        <i>0.999711 0.00291566 -0.0238586 -0.00273355 0.999967 0.00766193 0.0238802 -0.0075945 0.999686 12.2524 48.1783 -10.593</i>
                        <i>0.999802 -9.11386e-005 -0.019918 0.000362067 0.999907 0.013599 0.0199149 -0.0136036 0.999709 12.4193 48.8879 -10.4079</i>
                        <i>0.999984 -0.00502361 0.00245874 0.00497633 0.99981 0.0188721 -0.00255308 -0.0188595 0.999819 12.8418 49.3732 -9.96382</i>
                        <i>0.999948 -0.0101824 -3.07377e-005 0.0101805 0.999695 0.0225175 -0.000198553 -0.0225166 0.999746 12.9984 49.6378 -9.62132</i>
                        <i>0.999691 -0.0155226 0.0194289 0.0150461 0.999588 0.0244331 -0.0198001 -0.0241333 0.999513 13.3954 49.5894 -9.46073</i>
                        <i>0.999377 -0.0192806 0.029573 0.0186452 0.999593 0.0216128 -0.0299777 -0.021048 0.999329 13.6396 49.2365 -9.51039</i>
                        <i>0.999777 -0.0199159 -0.00697302 0.0200498 0.999605 0.0196876 0.00657818 -0.019823 0.999782 13.3119 48.8114 -10.1268</i>
                        <i>0.999078 -0.0176903 -0.0391112 0.0186616 0.999523 0.0246112 0.0386572 -0.0253184 0.998932 12.9071 48.3896 -10.3557</i>
                        <i>0.99928 -0.0140056 -0.0352476 0.0151393 0.99937 0.0321034 0.0347757 -0.032614 0.998863 12.8094 47.9629 -10.0316</i>
                        <i>0.999661 -0.00947478 -0.024268 0.0104405 0.999146 0.0399827 0.0238684 -0.0402225 0.998906 12.7432 47.5681 -9.61513</i>
                        <i>0.999942 -0.00504539 -0.00952996 0.00552329 0.998693 0.0508056 0.00926118 -0.0508553 0.998663 12.7076 47.6849 -9.01946</i>
                        <i>0.999983 -0.0016837 0.00563784 0.00134526 0.998227 0.0595043 -0.00572803 -0.0594957 0.998212 12.7032 47.7853 -8.52385</i>
                        <i>0.999841 -8.10545e-006 0.0178346 -0.00113687 0.997937 0.0641885 -0.0177984 -0.0641985 0.997778 12.7324 47.8323 -8.2601</i>
                        <i>0.999702 -0.00615553 0.0236229 0.00432486 0.997039 0.0767789 -0.0240255 -0.0766538 0.996768 13.0065 47.8322 -7.77401</i>
                        <i>0.999731 -0.0113182 0.0202626 0.00948506 0.996041 0.0883851 -0.0211827 -0.0881691 0.99588 13.1741 47.8044 -7.44617</i>
                        <i>0.99994 -0.00461612 0.00996559 0.00363457 0.99534 0.0963567 -0.0103639 -0.0963146 0.995297 12.8377 47.8362 -7.34604</i>
                        <i>0.999978 0.00575474 -0.00320137 -0.00540306 0.9949 0.100722 0.00376467 -0.100702 0.994909 12.3439 47.8213 -7.41324</i>
                        <i>0.999811 0.0122137 -0.0151013 -0.0105841 0.994558 0.103646 0.016285 -0.103466 0.9945 12.0129 47.7232 -7.50428</i>
                        <i>0.999696 0.0119341 -0.0215602 -0.00959964 0.994393 0.105307 0.022696 -0.105068 0.994206 11.9819 47.6247 -7.55873</i>
                        <i>0.999784 0.00798295 -0.0192118 -0.00591253 0.994401 0.105509 0.0199465 -0.105372 0.994233 12.1523 47.4733 -7.54505</i>
                        <i>0.999937 0.00229725 -0.0109449 -0.00114393 0.994552 0.104238 0.0111247 -0.104219 0.994492 12.4283 47.3004 -7.49857</i>
                        <i>0.999994 -0.00289734 -0.00198096 0.00308516 0.994727 0.102513 0.00167349 -0.102519 0.99473 12.6891 47.1349 -7.45151</i>
                        <i>0.999992 -0.00307413 0.00245718 0.00280193 0.994574 0.103997 -0.00276354 -0.103989 0.994575 12.7252 47.0573 -7.33562</i>
                        <i>0.999988 -0.00292708 0.00380403 0.0025101 0.994433 0.105339 -0.00409119 -0.105328 0.994429 12.7281 47.0952 -7.26518</i>
                        <i>0.99999 -0.00260289 0.00352406 0.00221255 0.994304 0.106562 -0.00378136 -0.106554 0.9943 12.7135 47.1369 -7.22086</i>
                        <i>0.999995 -0.00217544 0.00232477 0.00191219 0.994172 0.107786 -0.00254571 -0.107781 0.994171 12.6892 47.1786 -7.18813</i>
                        <i>0.999998 -0.00171937 0.00091399 0.00161236 0.994322 0.106404 -0.00109175 -0.106402 0.994323 12.6625 47.2054 -7.25989</i>
                        <i>0.999999 -0.00132244 -1.91276e-006 0.00131533 0.994469 0.105021 -0.000136982 -0.105021 0.99447 12.6412 47.2121 -7.32541</i>
                        <i>0.999999 -0.000983771 -0.000439161 0.00102399 0.994614 0.103639 0.000334839 -0.103639 0.994615 12.6251 47.1868 -7.38492</i>
                        <i>0.999999 -0.000646126 -0.000963257 0.000741238 0.994758 0.102256 0.000892137 -0.102257 0.994758 12.6085 47.1346 -7.44555</i>
                        <i>0.999999 -0.000315965 -0.00151252 0.000469881 0.994695 0.102869 0.00147199 -0.10287 0.994694 12.5921 47.0864 -7.42862</i>
                        <i>0.999998 -3.41333e-006 -0.00202564 0.000213013 0.994631 0.103482 0.00201442 -0.103482 0.994629 12.5766 47.0434 -7.41122</i>
                        <i>0.999997 0.00028213 -0.00244126 -2.64759e-005 0.994567 0.104095 0.00245736 -0.104094 0.994564 12.5629 47.0818 -7.39248</i>
                        <i>0.999996 0.000531116 -0.00269799 -0.000245698 0.994503 0.104707 0.00273877 -0.104706 0.994499 12.5516 47.1229 -7.37174</i>
                        <i>0.999996 0.000654403 -0.00273461 -0.000362755 0.994438 0.10532 0.00278833 -0.105319 0.994435 12.5466 47.1561 -7.34824</i>
                        <i>0.999998 0.000565073 -0.0020188 -0.000349755 0.994461 0.105106 0.00206701 -0.105105 0.994459 12.5547 47.1649 -7.34756</i>
                        <i>1 0.000350178 -0.000605633 -0.000284719 0.994483 0.104893 0.000639023 -0.104893 0.994483 12.5723 47.1503 -7.33814</i>
                        <i>1 0.000175034 0.000684244 -0.000245699 0.994506 0.104679 -0.000662163 -0.104679 0.994506 12.5875 47.1205 -7.33027</i>
                        <i>0.999999 0.000138862 0.00103002 -0.000245704 0.994528 0.104466 -0.00100988 -0.104466 0.994528 12.5912 47.0862 -7.3343</i>
                        <i>1 0.00024792 -8.21871e-006 -0.000245704 0.994526 0.104491 3.40791e-005 -0.104491 0.994526 12.5802 47.0587 -7.34643</i>
                        <i>0.999998 0.000446666 -0.00189935 -0.000245703 0.994523 0.104518 0.00193564 -0.104518 0.994521 12.5601 47.0619 -7.36916</i>
                        <i>0.999992 0.000668362 -0.00400778 -0.000245702 0.99452 0.104546 0.00405569 -0.104545 0.994512 12.5376 47.0654 -7.39455</i>
                        <i>0.999983 0.000846207 -0.00569799 -0.000245702 0.994517 0.104575 0.00575524 -0.104572 0.994501 12.5196 47.0683 -7.41461</i>
                        <i>0.999979 0.000913321 -0.00633447 -0.000245701 0.994514 0.104605 0.00639526 -0.104601 0.994494 12.5128 47.0699 -7.42145</i>
                        <i>0.999991 0.000690251 -0.00421246 -0.0002457 0.994511 0.104633 0.00426156 -0.104631 0.994502 12.5354 47.0678 -7.39372</i>
                        <i>1 0.000282874 -0.000340349 -0.000245699 0.994508 0.104661 0.000368086 -0.104661 0.994508 12.5766 47.0634 -7.34396</i>
                        <i>0.999998 5.25791e-005 0.00184747 -0.000245699 0.994505 0.104688 -0.00183182 -0.104688 0.994503 12.5998 47.0612 -7.31535</i>
                        <i>0.999999 0.000112139 0.00128137 -0.000245698 0.994502 0.104713 -0.00126259 -0.104713 0.994502 12.5938 47.0626 -7.32152</i>
                        <i>1 0.000284431 -0.000354889 -0.000245698 0.9945 0.104735 0.000382727 -0.104735 0.9945 12.5765 47.0655 -7.34127</i>
                        <i>0.999997 0.000496229 -0.00236556 -0.000245697 0.994498 0.104754 0.00240453 -0.104753 0.994495 12.5551 47.0688 -7.36581</i>
                        <i>0.999992 0.000674238 -0.00405491 -0.000245697 0.994496 0.10477 0.00410323 -0.104768 0.994488 12.5371 47.0716 -7.3864</i>
                        <i>0.999989 0.00074512 -0.0047272 -0.000245696 0.994495 0.104782 0.00477925 -0.10478 0.994484 12.53 47.0731 -7.39437</i>
                        <i>0.999993 0.0006313 -0.00364667 -0.000245696 0.994494 0.104789 0.00369274 -0.104787 0.994488 12.5415 47.0723 -7.38054</i>
                        <i>0.999999 0.000385609 -0.00131492 -0.000245696 0.994494 0.10479 0.00134809 -0.10479 0.994493 12.5663 47.0697 -7.35118</i>
                        <i>0.999999 0.000130345 0.00110766 -0.000245696 0.994495 0.104787 -0.0010879 -0.104787 0.994494 12.592 47.067 -7.32079</i>
                        <i>0.999997 -1.22031e-005 0.00246068 -0.000245696 0.994495 0.104781 -0.00244841 -0.104781 0.994492 12.6063 47.0656 -7.30398</i>
                        <i>0.999996 -3.56199e-005 0.00268317 -0.000245697 0.994496 0.104772 -0.00267213 -0.104772 0.994493 12.6087 47.0658 -7.30153</i>
                        <i>0.999997 -2.2077e-005 0.00255489 -0.000245697 0.994497 0.104761 -0.00254314 -0.104761 0.994494 12.6073 47.0664 -7.30357</i>
                        <i>0.999998 1.83352e-005 0.0021715 -0.000245697 0.994499 0.104749 -0.00215763 -0.104749 0.994496 12.6032 47.0673 -7.30887</i>
                        <i>0.999999 7.55302e-005 0.00162867 -0.000245697 0.9945 0.104737 -0.0016118 -0.104738 0.994499 12.5975 47.0684 -7.31617</i>
                        <i>0.999999 0.000139428 0.00102206 -0.000245698 0.994501 0.104727 -0.00100183 -0.104727 0.994501 12.5911 47.0697 -7.32423</i>
                        <i>1 0.000199953 0.000447334 -0.000245698 0.994502 0.104718 -0.000423935 -0.104718 0.994502 12.585 47.0709 -7.33181</i>
                        <i>1 0.000247039 1.63396e-007 -0.000245698 0.994503 0.104712 2.57055e-005 -0.104712 0.994503 12.5802 47.0719 -7.33767</i>
                    </KeyFrames>
                </p>
            </i>
            <i>
                <p>
                    <Name><![CDATA[l_shoulder]]></Name>
                    <Exclude>0</Exclude>
                    <Additive>0</Additive>
                    <IKPriority>0</IKPriority>
                    <IKRotLimits>-1e+010 -1e+010 -1e+010 1e+010 1e+010 1e+010</IKRotLimits>
                    <IKRotLimitOrder>0</IKRotLimitOrder>
                    <KeyFrames count="66">
                        <i>0.999874 0.0034207 -0.0154968 -0.0034544 0.999992 -0.00214871 0.0154893 0.00220197 0.999878 23.2996 47.7971 -10.7669</i>
                        <i>0.999757 0.00400869 -0.0216824 -0.00406475 0.999988 -0.00254172 0.021672 0.00262924 0.999762 23.2095 47.8643 -10.9943</i>
                        <i>0.9997 0.0040424 -0.0241707 -0.00399463 0.99999 0.00202452 0.0241786 -0.00192736 0.999706 23.1859 48.0249 -10.983</i>
                        <i>0.999711 0.00291566 -0.0238586 -0.00273355 0.999967 0.00766193 0.0238802 -0.0075945 0.999686 23.2406 48.2104 -10.8552</i>
                        <i>0.999802 -9.11386e-005 -0.019918 0.000362067 0.999907 0.013599 0.0199149 -0.0136036 0.999709 23.4085 48.8869 -10.6269</i>
                        <i>0.999984 -0.00502361 0.00245874 0.00497633 0.99981 0.0188721 -0.00255308 -0.0188595 0.999819 23.833 49.318 -9.93679</i>
                        <i>0.999948 -0.0101824 -3.07377e-005 0.0101805 0.999695 0.0225175 -0.000198553 -0.0225166 0.999746 23.9892 49.5258 -9.62166</i>
                        <i>0.999691 -0.0155226 0.0194289 0.0150461 0.999588 0.0244331 -0.0198001 -0.0241333 0.999513 24.3833 49.4188 -9.24718</i>
                        <i>0.999377 -0.0192806 0.029573 0.0186452 0.999593 0.0216128 -0.0299777 -0.021048 0.999329 24.6241 49.0246 -9.18534</i>
                        <i>0.999777 -0.0199159 -0.00697302 0.0200498 0.999605 0.0196876 0.00657818 -0.019823 0.999782 24.3008 48.5924 -10.2034</i>
                        <i>0.999078 -0.0176903 -0.0391112 0.0186616 0.999523 0.0246112 0.0386572 -0.0253184 0.998932 23.8883 48.1952 -10.7856</i>
                        <i>0.99928 -0.0140056 -0.0352476 0.0151393 0.99937 0.0321034 0.0347757 -0.032614 0.998863 23.7929 47.809 -10.419</i>
                        <i>0.999661 -0.00947478 -0.024268 0.0104405 0.999146 0.0399827 0.0238684 -0.0402225 0.998906 23.7308 47.464 -9.88187</i>
                        <i>0.999942 -0.00504539 -0.00952996 0.00552329 0.998693 0.0508056 0.00926118 -0.0508553 0.998663 23.6983 47.6294 -9.1242</i>
                        <i>0.999983 -0.0016837 0.00563784 0.00134526 0.998227 0.0595043 -0.00572803 -0.0594957 0.998212 23.6943 47.7668 -8.46188</i>
                        <i>0.999841 -8.10545e-006 0.0178346 -0.00113687 0.997937 0.0641885 -0.0177984 -0.0641985 0.997778 23.722 47.8322 -8.06407</i>
                        <i>0.999702 -0.00615553 0.0236229 0.00432486 0.997039 0.0767789 -0.0240255 -0.0766538 0.996768 23.9946 47.7646 -7.51436</i>
                        <i>0.999731 -0.0113182 0.0202626 0.00948506 0.996041 0.0883851 -0.0211827 -0.0881691 0.99588 24.1625 47.68 -7.22346</i>
                        <i>0.99994 -0.00461612 0.00996559 0.00363457 0.99534 0.0963567 -0.0103639 -0.0963146 0.995297 23.8284 47.7855 -7.23651</i>
                        <i>0.999978 0.00575474 -0.00320137 -0.00540306 0.9949 0.100722 0.00376467 -0.100702 0.994909 23.3351 47.8845 -7.44843</i>
                        <i>0.999811 0.0122137 -0.0151013 -0.0105841 0.994558 0.103646 0.016285 -0.103466 0.9945 23.0022 47.8574 -7.67026</i>
                        <i>0.999696 0.0119341 -0.0215602 -0.00959964 0.994393 0.105307 0.022696 -0.105068 0.994206 22.9699 47.7559 -7.79571</i>
                        <i>0.999784 0.00798295 -0.0192118 -0.00591253 0.994401 0.105509 0.0199465 -0.105372 0.994233 23.1413 47.561 -7.75621</i>
                        <i>0.999937 0.00229725 -0.0109449 -0.00114393 0.994552 0.104238 0.0111247 -0.104219 0.994492 23.419 47.3256 -7.61887</i>
                        <i>0.999994 -0.00289734 -0.00198096 0.00308516 0.994727 0.102513 0.00167349 -0.102519 0.99473 23.6804 47.1031 -7.47329</i>
                        <i>0.999992 -0.00307413 0.00245718 0.00280193 0.994574 0.103997 -0.00276354 -0.103989 0.994575 23.7165 47.0235 -7.30861</i>
                        <i>0.999988 -0.00292708 0.00380403 0.0025101 0.994433 0.105339 -0.00409119 -0.105328 0.994429 23.7193 47.063 -7.22337</i>
                        <i>0.99999 -0.00260289 0.00352406 0.00221255 0.994304 0.106562 -0.00378136 -0.106554 0.9943 23.7048 47.1083 -7.18212</i>
                        <i>0.999995 -0.00217544 0.00232477 0.00191219 0.994172 0.107786 -0.00254571 -0.107781 0.994171 23.6805 47.1547 -7.16258</i>
                        <i>0.999998 -0.00171937 0.00091399 0.00161236 0.994322 0.106404 -0.00109175 -0.106402 0.994323 23.6538 47.1865 -7.24985</i>
                        <i>0.999999 -0.00132244 -1.91276e-006 0.00131533 0.994469 0.105021 -0.000136982 -0.105021 0.99447 23.6325 47.1976 -7.32543</i>
                        <i>0.999999 -0.000983771 -0.000439161 0.00102399 0.994614 0.103639 0.000334839 -0.103639 0.994615 23.6165 47.176 -7.38975</i>
                        <i>0.999999 -0.000646126 -0.000963257 0.000741238 0.994758 0.102256 0.000892137 -0.102257 0.994758 23.5999 47.1275 -7.45613</i>
                        <i>0.999999 -0.000315965 -0.00151252 0.000469881 0.994695 0.102869 0.00147199 -0.10287 0.994694 23.5835 47.083 -7.44524</i>
                        <i>0.999998 -3.41333e-006 -0.00202564 0.000213013 0.994631 0.103482 0.00201442 -0.103482 0.994629 23.568 47.0433 -7.43348</i>
                        <i>0.999997 0.00028213 -0.00244126 -2.64759e-005 0.994567 0.104095 0.00245736 -0.104094 0.994564 23.5542 47.0849 -7.41931</i>
                        <i>0.999996 0.000531116 -0.00269799 -0.000245698 0.994503 0.104707 0.00273877 -0.104706 0.994499 23.5429 47.1287 -7.40139</i>
                        <i>0.999996 0.000654403 -0.00273461 -0.000362755 0.994438 0.10532 0.00278833 -0.105319 0.994435 23.5379 47.1633 -7.37829</i>
                        <i>0.999998 0.000565073 -0.0020188 -0.000349755 0.994461 0.105106 0.00206701 -0.105105 0.994459 23.5461 47.1711 -7.36975</i>
                        <i>1 0.000350178 -0.000605633 -0.000284719 0.994483 0.104893 0.000639023 -0.104893 0.994483 23.5636 47.1541 -7.3448</i>
                        <i>1 0.000175034 0.000684244 -0.000245699 0.994506 0.104679 -0.000662163 -0.104679 0.994506 23.5788 47.1224 -7.32275</i>
                        <i>0.999999 0.000138862 0.00103002 -0.000245704 0.994528 0.104466 -0.00100988 -0.104466 0.994528 23.5825 47.0878 -7.32298</i>
                        <i>1 0.00024792 -8.21871e-006 -0.000245704 0.994526 0.104491 3.40791e-005 -0.104491 0.994526 23.5715 47.0614 -7.34652</i>
                        <i>0.999998 0.000446666 -0.00189935 -0.000245703 0.994523 0.104518 0.00193564 -0.104518 0.994521 23.5514 47.0668 -7.39004</i>
                        <i>0.999992 0.000668362 -0.00400778 -0.000245702 0.99452 0.104546 0.00405569 -0.104545 0.994512 23.5289 47.0727 -7.4386</i>
                        <i>0.999983 0.000846207 -0.00569799 -0.000245702 0.994517 0.104575 0.00575524 -0.104572 0.994501 23.5108 47.0776 -7.47724</i>
                        <i>0.999979 0.000913321 -0.00633447 -0.000245701 0.994514 0.104605 0.00639526 -0.104601 0.994494 23.5039 47.0799 -7.49107</i>
                        <i>0.999991 0.000690251 -0.00421246 -0.0002457 0.994511 0.104633 0.00426156 -0.104631 0.994502 23.5267 47.0754 -7.44002</i>
                        <i>1 0.000282874 -0.000340349 -0.000245699 0.994508 0.104661 0.000368086 -0.104661 0.994508 23.568 47.0665 -7.3477</i>
                        <i>0.999998 5.25791e-005 0.00184747 -0.000245699 0.994505 0.104688 -0.00183182 -0.104688 0.994503 23.5911 47.0618 -7.29504</i>
                        <i>0.999999 0.000112139 0.00128137 -0.000245698 0.994502 0.104713 -0.00126259 -0.104713 0.994502 23.5852 47.0639 -7.30744</i>
                        <i>1 0.000284431 -0.000354889 -0.000245698 0.9945 0.104735 0.000382727 -0.104735 0.9945 23.5678 47.0686 -7.34517</i>
                        <i>0.999997 0.000496229 -0.00236556 -0.000245697 0.994498 0.104754 0.00240453 -0.104753 0.994495 23.5464 47.0742 -7.39181</i>
                        <i>0.999992 0.000674238 -0.00405491 -0.000245697 0.994496 0.10477 0.00410323 -0.104768 0.994488 23.5284 47.0791 -7.43097</i>
                        <i>0.999989 0.00074512 -0.0047272 -0.000245696 0.994495 0.104782 0.00477925 -0.10478 0.994484 23.5212 47.0813 -7.44633</i>
                        <i>0.999993 0.0006313 -0.00364667 -0.000245696 0.994494 0.104789 0.00369274 -0.104787 0.994488 23.5328 47.0792 -7.42063</i>
                        <i>0.999999 0.000385609 -0.00131492 -0.000245696 0.994494 0.10479 0.00134809 -0.10479 0.994493 23.5576 47.0739 -7.36564</i>
                        <i>0.999999 0.000130345 0.00110766 -0.000245696 0.994495 0.104787 -0.0010879 -0.104787 0.994494 23.5833 47.0684 -7.30862</i>
                        <i>0.999997 -1.22031e-005 0.00246068 -0.000245696 0.994495 0.104781 -0.00244841 -0.104781 0.994492 23.5976 47.0655 -7.27694</i>
                        <i>0.999996 -3.56199e-005 0.00268317 -0.000245697 0.994496 0.104772 -0.00267213 -0.104772 0.994493 23.6 47.0654 -7.27204</i>
                        <i>0.999997 -2.2077e-005 0.00255489 -0.000245697 0.994497 0.104761 -0.00254314 -0.104761 0.994494 23.5986 47.0661 -7.27549</i>
                        <i>0.999998 1.83352e-005 0.0021715 -0.000245697 0.994499 0.104749 -0.00215763 -0.104749 0.994496 23.5946 47.0675 -7.285</i>
                        <i>0.999999 7.55302e-005 0.00162867 -0.000245697 0.9945 0.104737 -0.0016118 -0.104738 0.994499 23.5888 47.0693 -7.29826</i>
                        <i>0.999999 0.000139428 0.00102206 -0.000245698 0.994501 0.104727 -0.00100183 -0.104727 0.994501 23.5824 47.0712 -7.31299</i>
                        <i>1 0.000199953 0.000447334 -0.000245698 0.994502 0.104718 -0.000423935 -0.104718 0.994502 23.5763 47.0731 -7.32689</i>
                        <i>1 0.000247039 1.63396e-007 -0.000245698 0.994503 0.104712 2.57055e-005 -0.104712 0.994503 23.5716 47.0746 -7.33767</i>
                    </KeyFrames>
                </p>
            </i>
            <i>
                <p>
                    <Name><![CDATA[l_elbow]]></Name>
                    <Exclude>0</Exclude>
                    <Additive>0</Additive>
                    <IKPriority>0</IKPriority>
                    <IKRotLimits>-1e+010 -1e+010 -1e+010 1e+010 1e+010 1e+010</IKRotLimits>
                    <IKRotLimitOrder>0</IKRotLimitOrder>
                    <KeyFrames count="66">
                        <i>0.999874 0.0034207 -0.0154968 -0.0154893 -0.00220197 -0.999878 -0.0034544 0.999992 -0.00214871 23.2737 36.3253 -10.9245</i>
                        <i>0.999757 0.00400869 -0.0216824 -0.021672 -0.00262924 -0.999762 -0.00406475 0.999988 -0.00254172 23.1894 36.3924 -11.1469</i>
                        <i>0.9997 0.0040424 -0.0241707 -0.0241786 0.00192736 -0.999706 -0.00399463 0.99999 0.00202452 23.1645 36.5539 -11.1878</i>
                        <i>0.999711 0.00291566 -0.0238586 -0.0238802 0.0075945 -0.999686 -0.00273355 0.999967 0.00766193 23.2048 36.7407 -11.1248</i>
                        <i>0.999802 -9.11386e-005 -0.019918 -0.0199149 0.0136036 -0.999709 0.000362067 0.999907 0.013599 23.3379 37.4192 -10.9648</i>
                        <i>0.999984 -0.00502361 0.00245874 0.00255308 0.0188595 -0.999819 0.00497633 0.99981 0.0188721 23.7136 37.8527 -10.3366</i>
                        <i>0.999948 -0.0101824 -3.07377e-005 0.000198553 0.0225166 -0.999746 0.0101805 0.999695 0.0225175 23.8097 38.0628 -10.0631</i>
                        <i>0.999691 -0.0155226 0.0194289 0.0198001 0.0241333 -0.999513 0.0150461 0.999588 0.0244331 24.1516 37.9577 -9.71181</i>
                        <i>0.999377 -0.0192806 0.029573 0.0299777 0.021048 -0.999329 0.0186452 0.999593 0.0216128 24.3529 37.563 -9.61822</i>
                        <i>0.999777 -0.0199159 -0.00697302 -0.00657818 0.019823 -0.999782 0.0200498 0.999605 0.0196876 24.0069 37.1306 -10.612</i>
                        <i>0.999078 -0.0176903 -0.0391112 -0.0386572 0.0253184 -0.998932 0.0186616 0.999523 0.0246112 23.6044 36.7351 -11.2485</i>
                        <i>0.99928 -0.0140056 -0.0352476 -0.0347757 0.032614 -0.998863 0.0151393 0.99937 0.0321034 23.5501 36.3518 -10.968</i>
                        <i>0.999661 -0.00947478 -0.024268 -0.0238684 0.0402225 -0.998906 0.0104405 0.999146 0.0399827 23.5439 36.0105 -10.522</i>
                        <i>0.999942 -0.00504539 -0.00952996 -0.00926118 0.0508553 -0.998663 0.00552329 0.998693 0.0508056 23.5704 36.1828 -9.88938</i>
                        <i>0.999983 -0.0016837 0.00563784 0.00572803 0.0594957 -0.998212 0.00134526 0.998227 0.0595043 23.6172 36.3269 -9.32772</i>
                        <i>0.999841 -8.10545e-006 0.0178346 0.0177984 0.0641985 -0.997778 -0.00113687 0.997937 0.0641885 23.6756 36.3963 -8.98433</i>
                        <i>0.999702 -0.00615553 0.0236229 0.0240255 0.0766538 -0.996768 0.00432486 0.997039 0.0767789 23.8866 36.3417 -8.57922</i>
                        <i>0.999731 -0.0113182 0.0202626 0.0211827 0.0881691 -0.99588 0.00948506 0.996041 0.0883851 23.9948 36.271 -8.42109</i>
                        <i>0.99994 -0.00461612 0.00996559 0.0103639 0.0963146 -0.995297 0.00363457 0.99534 0.0963567 23.7258 36.3856 -8.52482</i>
                        <i>0.999978 0.00575474 -0.00320137 -0.00376467 0.100702 -0.994909 -0.00540306 0.9949 0.100722 23.3336 36.4898 -8.78592</i>
                        <i>0.999811 0.0122137 -0.0151013 -0.016285 0.103466 -0.9945 -0.0105841 0.994558 0.103646 23.0579 36.4668 -9.04047</i>
                        <i>0.999696 0.0119341 -0.0215602 -0.022696 0.105068 -0.994206 -0.00959964 0.994393 0.105307 23.0131 36.3674 -9.18452</i>
                        <i>0.999784 0.00798295 -0.0192118 -0.0199465 0.105372 -0.994233 -0.00591253 0.994401 0.105509 23.1427 36.1727 -9.14748</i>
                        <i>0.999937 0.00229725 -0.0109449 -0.0111247 0.104219 -0.994492 -0.00114393 0.994552 0.104238 23.3673 35.9358 -8.99614</i>
                        <i>0.999994 -0.00289734 -0.00198096 -0.00167349 0.102519 -0.99473 0.00308516 0.994727 0.102513 23.582 35.7113 -8.83138</i>
                        <i>0.999992 -0.00307413 0.00245718 0.00276354 0.103989 -0.994575 0.00280193 0.994574 0.103997 23.622 35.6337 -8.68397</i>
                        <i>0.999988 -0.00292708 0.00380403 0.00409119 0.105328 -0.994429 0.0025101 0.994433 0.105339 23.6285 35.6751 -8.61418</i>
                        <i>0.99999 -0.00260289 0.00352406 0.00378136 0.106554 -0.9943 0.00221255 0.994304 0.106562 23.6173 35.722 -8.58693</i>
                        <i>0.999995 -0.00217544 0.00232477 0.00254571 0.107781 -0.994171 0.00191219 0.994172 0.107786 23.5962 35.7702 -8.58132</i>
                        <i>0.999998 -0.00171937 0.00091399 0.00109175 0.106402 -0.994323 0.00161236 0.994322 0.106404 23.5727 35.8 -8.65267</i>
