<?xml version="1.0" encoding="ISO-8859-1" ?>
<Animl Version="1">
    <ModellingPackage><![CDATA[Maya.2010]]></ModellingPackage>
    <SrcFile><![CDATA[anims\bosses\red\~src\boss_beetle\boss_beetle_fire_gun3.mb]]></SrcFile>
    <FramesPerSecond>30</FramesPerSecond>
    <TotalFrames>12</TotalFrames>
    <Skeleton>
        <RefFrame>
            <Name><![CDATA[boss_beetle_torso_ref_frame]]></Name>
            <Exclude>1</Exclude>
            <Additive>0</Additive>
            <IKPriority>0</IKPriority>
            <IKRotLimits>-1e+010 -1e+010 -1e+010 1e+010 1e+010 1e+010</IKRotLimits>
            <IKRotLimitOrder>0</IKRotLimitOrder>
            <KeyFrames count="12">
                <i>1 0 0 0 1 0 0 0 1 0 35.9946 0</i>
                <i>1 0 0 0 1 0 0 0 1 0 35.9946 0</i>
                <i>1 0 0 0 1 0 0 0 1 0 35.9946 0</i>
                <i>1 0 0 0 1 0 0 0 1 0 35.9946 0</i>
                <i>1 0 0 0 1 0 0 0 1 0 35.9946 0</i>
                <i>1 0 0 0 1 0 0 0 1 0 35.9946 0</i>
                <i>1 0 0 0 1 0 0 0 1 0 35.9946 0</i>
                <i>1 0 0 0 1 0 0 0 1 0 35.9946 0</i>
                <i>1 0 0 0 1 0 0 0 1 0 35.9946 0</i>
                <i>1 0 0 0 1 0 0 0 1 0 35.9946 0</i>
                <i>1 0 0 0 1 0 0 0 1 0 35.9946 0</i>
                <i>1 0 0 0 1 0 0 0 1 0 35.9946 0</i>
            </KeyFrames>
        </RefFrame>
        <Bones count="19">
            <i>
                <p>
                    <Name><![CDATA[boss_beetle_torso_root]]></Name>
                    <Exclude>1</Exclude>
                    <Additive>0</Additive>
                    <IKPriority>0</IKPriority>
                    <IKRotLimits>-1e+010 -1e+010 -1e+010 1e+010 1e+010 1e+010</IKRotLimits>
                    <IKRotLimitOrder>0</IKRotLimitOrder>
                    <KeyFrames count="12">
                        <i>1 0.00010148 0 -0.00010148 1 0.000335286 3.40247e-008 -0.000335286 1 -0.015688 35.9552 0.0153756</i>
                        <i>1 -0.00014242 6.61744e-024 0.00014242 1 0.000619184 -8.81842e-008 -0.000619184 1 -0.00668994 35.9561 0.0226662</i>
                        <i>1 -0.000214466 1.32349e-023 0.000214466 1 0.000689473 -1.47869e-007 -0.000689473 1 0.00632842 36.024 0.0213908</i>
                        <i>1 -0.000113215 0 0.000113215 1 0.00036464 -4.12827e-008 -0.00036464 1 0.00953127 36.0256 0.0129114</i>
                        <i>1 0.000228693 0 -0.000228693 1 9.78543e-006 2.23786e-009 -9.78543e-006 1 0.000468743 35.9851 0.00410806</i>
                        <i>1 0.000388149 4.1359e-025 -0.000388149 1 1.84205e-005 7.14992e-009 -1.84205e-005 1 -0.0110026 36.0154 0.00127486</i>
                        <i>1 0.000187158 0 -0.000187158 1 0.000109805 2.05508e-008 -0.000109805 1 -0.0161121 35.9635 0.00819028</i>
                        <i>1 0.000220291 1.65436e-024 -0.000220291 1 0.000121585 2.6784e-008 -0.000121585 1 -0.0138986 36.0122 0.0156629</i>
                        <i>1 5.52255e-005 -8.27181e-025 -5.52255e-005 1 0.000136362 7.53065e-009 -0.000136362 1 -0.00944951 35.9966 0.0192375</i>
                        <i>1 -0.000197205 0 0.000197205 1 -6.81188e-005 1.34333e-008 6.81188e-005 1 -0.000870936 36.0214 0.0101682</i>
                        <i>1 -5.97821e-005 2.06795e-025 5.97821e-005 1 -5.33868e-005 3.19157e-009 5.33868e-005 1 0.0037898 36.0339 0.00932408</i>
                        <i>1 -0.000205802 -6.61744e-024 0.000205802 1 0.00038351 -7.89274e-008 -0.00038351 1 0.0131505 36.0221 0.0303805</i>
                    </KeyFrames>
                </p>
            </i>
            <i>
                <p>
                    <Name><![CDATA[l_clavicle]]></Name>
                    <Exclude>1</Exclude>
                    <Additive>0</Additive>
                    <IKPriority>0</IKPriority>
                    <IKRotLimits>-1e+010 -1e+010 -1e+010 1e+010 1e+010 1e+010</IKRotLimits>
                    <IKRotLimitOrder>0</IKRotLimitOrder>
                    <KeyFrames count="12">
                        <i>1 0.00010148 0 -0.00010148 1 0.000335286 3.40247e-008 -0.000335286 1 12.5764 47.9664 -10.5283</i>
                        <i>1 -0.00014242 6.61744e-024 0.00014242 1 0.000619184 -8.81842e-008 -0.000619184 1 12.5884 47.9672 -10.5176</i>
                        <i>1 -0.000214466 1.32349e-023 0.000214466 1 0.000689473 -1.47869e-007 -0.000689473 1 12.6022 48.035 -10.5181</i>
                        <i>1 -0.000113215 0 0.000113215 1 0.00036464 -4.12827e-008 -0.00036464 1 12.6042 48.0344 -10.5304</i>
                        <i>1 0.000228693 0 -0.000228693 1 9.78543e-006 2.23786e-009 -9.78543e-006 1 12.5911 47.9945 -10.5435</i>
                        <i>1 0.000388149 4.1359e-025 -0.000388149 1 1.84205e-005 7.14992e-009 -1.84205e-005 1 12.5777 48.0269 -10.5462</i>
                        <i>1 0.000187158 0 -0.000187158 1 0.000109805 2.05508e-008 -0.000109805 1 12.575 47.9734 -10.5382</i>
                        <i>1 0.000220291 1.65436e-024 -0.000220291 1 0.000121585 2.6784e-008 -0.000121585 1 12.5768 48.0227 -10.5306</i>
                        <i>1 5.52255e-005 -8.27181e-025 -5.52255e-005 1 0.000136362 7.53065e-009 -0.000136362 1 12.5832 48.0051 -10.5269</i>
                        <i>1 -0.000197205 0 0.000197205 1 -6.81188e-005 1.34333e-008 6.81188e-005 1 12.5948 48.0246 -10.5384</i>
                        <i>1 -5.97821e-005 2.06795e-025 5.97821e-005 1 -5.33868e-005 3.19157e-009 5.33868e-005 1 12.5978 48.039 -10.5391</i>
                        <i>1 -0.000205802 -6.61744e-024 0.000205802 1 0.00038351 -7.89274e-008 -0.00038351 1 12.609 48.0299 -10.5127</i>
                    </KeyFrames>
                </p>
            </i>
            <i>
                <p>
                    <Name><![CDATA[l_shoulder]]></Name>
                    <Exclude>0</Exclude>
                    <Additive>1</Additive>
                    <IKPriority>0</IKPriority>
                    <IKRotLimits>-1e+010 -1e+010 -1e+010 1e+010 1e+010 1e+010</IKRotLimits>
                    <IKRotLimitOrder>0</IKRotLimitOrder>
                    <KeyFrames count="12">
                        <i>1 0.00010148 0 -0.000101479 0.999999 -0.00171785 -1.74326e-007 0.00171785 0.999999 23.5678 47.9675 -10.5283</i>
                        <i>1 -0.00014242 6.61744e-024 0.000142195 0.998421 0.0561749 -8.00043e-006 -0.0561749 0.998421 23.5797 47.9657 -10.5176</i>
                        <i>1 -0.000214466 1.32349e-023 0.00021347 0.995353 0.0962975 -2.06526e-005 -0.0962975 0.995353 23.5936 48.0326 -10.5181</i>
                        <i>1 -0.000113215 0 0.00011257 0.994302 0.106601 -1.20688e-005 -0.106601 0.994302 23.5956 48.0332 -10.5304</i>
                        <i>1 0.000228693 0 -0.000227284 0.993841 0.110816 2.53429e-005 -0.110816 0.993841 23.5824 47.997 -10.5435</i>
                        <i>1 0.000388149 4.1359e-025 -0.00038579 0.993922 0.110084 4.27291e-005 -0.110084 0.993922 23.569 48.0311 -10.5462</i>
                        <i>1 0.000187158 0 -0.000186126 0.994486 0.104865 1.96263e-005 -0.104865 0.994486 23.5663 47.9755 -10.5382</i>
                        <i>1 0.000220291 1.65436e-024 -0.000219279 0.995407 0.0957323 2.10889e-005 -0.0957323 0.995407 23.5681 48.0251 -10.5306</i>
                        <i>1 5.52255e-005 -8.27181e-025 -5.50529e-005 0.996875 0.0790003 4.36283e-006 -0.0790003 0.996875 23.5746 48.0057 -10.5269</i>
                        <i>1 -0.000197205 0 0.000196922 0.998565 0.0535509 -1.05605e-005 -0.0535509 0.998565 23.5862 48.0224 -10.5384</i>
                        <i>1 -5.97821e-005 2.06795e-025 5.97636e-005 0.99969 0.0248907 -1.48802e-006 -0.0248907 0.99969 23.5892 48.0383 -10.5391</i>
                        <i>1 -0.000205802 -6.61744e-024 0.000205802 0.999999 -0.00166962 3.43612e-007 0.00166962 0.999999 23.6003 48.0276 -10.5127</i>
                    </KeyFrames>
                </p>
            </i>
            <i>
                <p>
                    <Name><![CDATA[l_elbow]]></Name>
                    <Exclude>0</Exclude>
                    <Additive>1</Additive>
                    <IKPriority>0</IKPriority>
                    <IKRotLimits>-1e+010 -1e+010 -1e+010 1e+010 1e+010 1e+010</IKRotLimits>
                    <IKRotLimitOrder>0</IKRotLimitOrder>
                    <KeyFrames count="12">
                        <i>1 0.00010148 0 -3.45442e-005 0.340405 -0.940279 -9.54191e-005 0.940279 0.340405 23.5062 36.496 -10.6918</i>
                        <i>1 -0.00014242 6.61744e-024 4.83336e-005 0.339373 -0.940652 0.000133968 0.940652 0.339373 23.5153 36.5228 -11.345</i>
                        <i>1 -0.000214466 1.32349e-023 6.89835e-005 0.321652 -0.946858 0.000203069 0.946858 0.321652 23.5284 36.6323 -11.8051</i>
                        <i>1 -0.000113215 0 3.11581e-005 0.275212 -0.961384 0.000108843 0.961384 0.275212 23.5315 36.6468 -11.9355</i>
                        <i>1 0.000228693 0 -6.29591e-005 0.275299 -0.961359 -0.000219856 0.961359 0.275299 23.5222 36.6167 -11.9968</i>
                        <i>1 0.000388149 4.1359e-025 -0.000103999 0.267934 -0.963437 -0.000373958 0.963437 0.267934 23.5107 36.6497 -11.9912</i>
                        <i>1 0.000187158 0 -4.89489e-005 0.261538 -0.965193 -0.000180643 0.965193 0.261538 23.5057 36.5867 -11.9234</i>
                        <i>1 0.000220291 1.65436e-024 -5.83094e-005 0.264693 -0.964333 -0.000212433 0.964333 0.264693 23.5079 36.624 -11.8112</i>
                        <i>1 5.52255e-005 -8.27181e-025 -1.5416e-005 0.279146 -0.960249 -5.30302e-005 0.960249 0.279146 23.5124 36.5848 -11.6157</i>
                        <i>1 -0.000197205 0 5.88516e-005 0.298429 -0.954432 0.000188218 0.954432 0.298429 23.5211 36.5774 -11.3356</i>
                        <i>1 -5.97821e-005 2.06795e-025 1.91198e-005 0.319825 -0.947477 5.66422e-005 0.947477 0.319825 23.5257 36.5752 -11.0077</i>
                        <i>1 -0.000205802 -6.61744e-024 7.00656e-005 0.340451 -0.940262 0.000193508 0.940262 0.340451 23.5352 36.5561 -10.6768</i>
                    </KeyFrames>
                </p>
            </i>
            <i>
                <p>
                    <Name><![CDATA[l_wrist]]></Name>
                    <Exclude>0</Exclude>
                    <Additive>0</Additive>
                    <IKPriority>0</IKPriority>
                    <IKRotLimits>-1e+010 -1e+010 -1e+010 1e+010 1e+010 1e+010</IKRotLimits>
                    <IKRotLimitOrder>0</IKRotLimitOrder>
                    <KeyFrames count="12">
                        <i>1 0.00010148 0 -3.45442e-005 0.340405 -0.940279 -9.54191e-005 0.940279 0.340405 23.5064 33.9487 -3.65566</i>
                        <i>1 -0.00014242 6.61744e-024 4.83336e-005 0.339373 -0.940652 0.000133968 0.940652 0.339373 23.5149 33.9825 -4.30383</i>
                        <i>1 -0.000214466 1.32349e-023 6.89835e-005 0.321652 -0.946858 0.000203069 0.946858 0.321652 23.5279 34.2258 -4.72092</i>
                        <i>1 -0.000113215 0 3.11581e-005 0.275212 -0.961384 0.000108843 0.961384 0.275212 23.5313 34.5826 -4.72447</i>
                        <i>1 0.000228693 0 -6.29591e-005 0.275299 -0.961359 -0.000219856 0.961359 0.275299 23.5227 34.5574 -4.80578</i>
                        <i>1 0.000388149 4.1359e-025 -0.000103999 0.267934 -0.963437 -0.000373958 0.963437 0.267934 23.5114 34.634 -4.74294</i>
                        <i>1 0.000187158 0 -4.89489e-005 0.261538 -0.965193 -0.000180643 0.965193 0.261538 23.506 34.6268 -4.69058</i>
                        <i>1 0.000220291 1.65436e-024 -5.83094e-005 0.264693 -0.964333 -0.000212433 0.964333 0.264693 23.5083 34.6399 -4.58248</i>
                        <i>1 5.52255e-005 -8.27181e-025 -1.5416e-005 0.279146 -0.960249 -5.30302e-005 0.960249 0.279146 23.5125 34.4939 -4.42322</i>
                        <i>1 -0.000197205 0 5.88516e-005 0.298429 -0.954432 0.000188218 0.954432 0.298429 23.5207 34.3443 -4.19358</i>
                        <i>1 -5.97821e-005 2.06795e-025 1.91198e-005 0.319825 -0.947477 5.66422e-005 0.947477 0.319825 23.5256 34.1656 -3.86928</i>
                        <i>1 -0.000205802 -6.61744e-024 7.00656e-005 0.340451 -0.940262 0.000193508 0.940262 0.340451 23.5346 33.9912 -3.59308</i>
                    </KeyFrames>
                </p>
            </i>
            <i>
                <p>
                    <Name><![CDATA[l_wrist_gun1]]></Name>
                    <Exclude>0</Exclude>
                    <Additive>0</Additive>
                    <IKPriority>0</IKPriority>
                    <IKRotLimits>-1e+010 -1e+010 -1e+010 1e+010 1e+010 1e+010</IKRotLimits>
                    <IKRotLimitOrder>0</IKRotLimitOrder>
                    <KeyFrames count="12">
                        <i>1 0.00010148 0 -3.45442e-005 0.340405 -0.940279 -9.54191e-005 0.940279 0.340405 19.7384 30.0666 8.99351</i>
                        <i>1 -0.00014242 6.61744e-024 4.83336e-005 0.339373 -0.940652 0.000133968 0.940652 0.339373 19.746 30.1152 8.34959</i>
                        <i>1 -0.000214466 1.32349e-023 6.89835e-005 0.321652 -0.946858 0.000203069 0.946858 0.321652 19.7587 30.5971 8.0029</i>
                        <i>1 -0.000113215 0 3.11581e-005 0.275212 -0.961384 0.000108843 0.961384 0.275212 19.7626 31.5767 8.16083</i>
                        <i>1 0.000228693 0 -6.29591e-005 0.275299 -0.961359 -0.000219856 0.961359 0.275299 19.755 31.5491 8.07926</i>
                        <i>1 0.000388149 4.1359e-025 -0.000103999 0.267934 -0.963437 -0.000373958 0.963437 0.267934 19.7442 31.7237 8.16473</i>
                        <i>1 0.000187158 0 -4.89489e-005 0.261538 -0.965193 -0.000180643 0.965193 0.261538 19.7382 31.803 8.2361</i>
                        <i>1 0.000220291 1.65436e-024 -5.83094e-005 0.264693 -0.964333 -0.000212433 0.964333 0.264693 19.7406 31.7737 8.3349</i>
                        <i>1 5.52255e-005 -8.27181e-025 -1.5416e-005 0.279146 -0.960249 -5.30302e-005 0.960249 0.279146 19.7443 31.4346 8.44967</i>
                        <i>1 -0.000197205 0 5.88516e-005 0.298429 -0.954432 0.000188218 0.954432 0.298429 19.7517 31.0273 8.61509</i>
                        <i>1 -5.97821e-005 2.06795e-025 1.91198e-005 0.319825 -0.947477 5.66422e-005 0.947477 0.319825 19.757 30.5608 8.86151</i>
                        <i>1 -0.000205802 -6.61744e-024 7.00656e-005 0.340451 -0.940262 0.000193508 0.940262 0.340451 19.7655 30.1097 9.0559</i>
                    </KeyFrames>
                </p>
            </i>
            <i>
                <p>
                    <Name><![CDATA[l_wrist_gun2]]></Name>
                    <Exclude>0</Exclude>
                    <Additive>0</Additive>
                    <IKPriority>0</IKPriority>
                    <IKRotLimits>-1e+010 -1e+010 -1e+010 1e+010 1e+010 1e+010</IKRotLimits>
                    <IKRotLimitOrder>0</IKRotLimitOrder>
                    <KeyFrames count="12">
                        <i>1 0.00010148 0 -3.45442e-005 0.340405 -0.940279 -9.54191e-005 0.940279 0.340405 26.9487 30.0632 9.00192</i>
                        <i>1 -0.00014242 6.61744e-024 4.83336e-005 0.339373 -0.940652 0.000133968 0.940652 0.339373 26.9562 30.11 8.358</i>
                        <i>1 -0.000214466 1.32349e-023 6.89835e-005 0.321652 -0.946858 0.000203069 0.946858 0.321652 26.9689 30.5915 8.01138</i>
                        <i>1 -0.000113215 0 3.11581e-005 0.275212 -0.961384 0.000108843 0.961384 0.275212 26.9728 31.5723 8.1695</i>
                        <i>1 0.000228693 0 -6.29591e-005 0.275299 -0.961359 -0.000219856 0.961359 0.275299 26.9652 31.5472 8.08793</i>
                        <i>1 0.000388149 4.1359e-025 -0.000103999 0.267934 -0.963437 -0.000373958 0.963437 0.267934 26.9544 31.723 8.17343</i>
                        <i>1 0.000187158 0 -4.89489e-005 0.261538 -0.965193 -0.000180643 0.965193 0.261538 26.9484 31.8009 8.24482</i>
                        <i>1 0.000220291 1.65436e-024 -5.83094e-005 0.264693 -0.964333 -0.000212433 0.964333 0.264693 26.9508 31.7717 8.34361</i>
                        <i>1 5.52255e-005 -8.27181e-025 -1.5416e-005 0.279146 -0.960249 -5.30302e-005 0.960249 0.279146 26.9546 31.4314 8.45833</i>
                        <i>1 -0.000197205 0 5.88516e-005 0.298429 -0.954432 0.000188218 0.954432 0.298429 26.9619 31.0221 8.62367</i>
                        <i>1 -5.97821e-005 2.06795e-025 1.91198e-005 0.319825 -0.947477 5.66422e-005 0.947477 0.319825 26.9672 30.5564 8.87</i>
                        <i>1 -0.000205802 -6.61744e-024 7.00656e-005 0.340451 -0.940262 0.000193508 0.940262 0.340451 26.9757 30.104 9.0643</i>
                    </KeyFrames>
                </p>
            </i>
            <i>
                <p>
                    <Name><![CDATA[l_wrist_gun3]]></Name>
                    <Exclude>0</Exclude>
                    <Additive>0</Additive>
                    <IKPriority>0</IKPriority>
                    <IKRotLimits>-1e+010 -1e+010 -1e+010 1e+010 1e+010 1e+010</IKRotLimits>
                    <IKRotLimitOrder>0</IKRotLimitOrder>
                    <KeyFrames count="12">
                        <i>1 0.00010148 0 -3.45442e-005 0.340405 -0.940279 -9.54191e-005 0.940279 0.340405 23.3437 33.454 10.2267</i>
                        <i>1 -0.00014242 6.61744e-024 4.83336e-005 0.339373 -0.940652 0.000133968 0.940652 0.339373 23.3522 33.8531 8.60896</i>
                        <i>1 -0.000214466 1.32349e-023 6.89835e-005 0.321652 -0.946858 0.000203069 0.946858 0.321652 23.3652 34.6707 7.2155</i>
                        <i>1 -0.000113215 0 3.11581e-005 0.275212 -0.961384 0.000108843 0.961384 0.275212 23.3687 35.6075 7.17617</i>
                        <i>1 0.000228693 0 -6.29591e-005 0.275299 -0.961359 -0.000219856 0.961359 0.275299 23.3597 35.5813 7.09496</i>
                        <i>1 0.000388149 4.1359e-025 -0.000103999 0.267934 -0.963437 -0.000373958 0.963437 0.267934 23.3483 35.7488 7.14962</i>
                        <i>1 0.000187158 0 -4.89489e-005 0.261538 -0.965193 -0.000180643 0.965193 0.261538 23.3431 35.793 7.2957</i>
                        <i>1 0.000220291 1.65436e-024 -5.83094e-005 0.264693 -0.964333 -0.000212433 0.964333 0.264693 23.3453 35.6936 7.67461</i>
                        <i>1 5.52255e-005 -8.27181e-025 -1.5416e-005 0.279146 -0.960249 -5.30302e-005 0.960249 0.279146 23.3498 35.2542 8.22428</i>
                        <i>1 -0.000197205 0 5.88516e-005 0.298429 -0.954432 0.000188218 0.954432 0.298429 23.358 34.7158 8.89503</i>
                        <i>1 -5.97821e-005 2.06795e-025 1.91198e-005 0.319825 -0.947477 5.66422e-005 0.947477 0.319825 23.3628 34.099 9.64962</i>
                        <i>1 -0.000205802 -6.61744e-024 7.00656e-005 0.340451 -0.940262 0.000193508 0.940262 0.340451 23.3718 33.496 10.2893</i>
                    </KeyFrames>
                </p>
            </i>
            <i>
                <p>
                    <Name><![CDATA[l_shoulder_rockets]]></Name>
                    <Exclude>1</Exclude>
                    <Additive>0</Additive>
                    <IKPriority>0</IKPriority>
                    <IKRotLimits>-1e+010 -1e+010 -1e+010 1e+010 1e+010 1e+010</IKRotLimits>
                    <IKRotLimitOrder>0</IKRotLimitOrder>
                    <KeyFrames count="12">
                        <i>1 0.00010148 0 -0.000101479 0.999999 -0.00171785 -1.74326e-007 0.00171785 0.999999 23.2799 53.9229 -10.9908</i>
                        <i>1 -0.00014242 6.61744e-024 0.000142195 0.998421 0.0561749 -8.00043e-006 -0.0561749 0.998421 23.2933 53.9379 -10.6346</i>
                        <i>1 -0.000214466 1.32349e-023 0.00021347 0.995353 0.0962975 -2.06526e-005 -0.0962975 0.995353 23.3076 54.0047 -10.3947</i>
                        <i>1 -0.000113215 0 0.00011257 0.994302 0.106601 -1.20688e-005 -0.106601 0.994302 23.309 54.0037 -10.3452</i>
                        <i>1 0.000228693 0 -0.000227284 0.993841 0.110816 2.53429e-005 -0.110816 0.993841 23.2938 53.9666 -10.3329</i>
                        <i>1 0.000388149 4.1359e-025 -0.00038579 0.993922 0.110084 4.27291e-005 -0.110084 0.993922 23.2795 54.0008 -10.3401</i>
                        <i>1 0.000187158 0 -0.000186126 0.994486 0.104865 1.96263e-005 -0.104865 0.994486 23.278 53.9462 -10.3634</i>
                        <i>1 0.000220291 1.65436e-024 -0.000219279 0.995407 0.0957323 2.10889e-005 -0.0957323 0.995407 23.2796 53.9971 -10.4106</i>
                        <i>1 5.52255e-005 -8.27181e-025 -5.50529e-005 0.996875 0.0790003 4.36283e-006 -0.0790003 0.996875 23.287 53.979 -10.5072</i>
                        <i>1 -0.000197205 0 0.000196922 0.998565 0.0535509 -1.05605e-005 -0.0535509 0.998565 23.3001 53.9943 -10.671</i>
                        <i>1 -5.97821e-005 2.06795e-025 5.97636e-005 0.99969 0.0248907 -1.48802e-006 -0.0248907 0.99969 23.3023 54.0039 -10.8429</i>
                        <i>1 -0.000205802 -6.61744e-024 0.000205802 0.999999 -0.00166962 3.43612e-007 0.00166962 0.999999 23.3143 53.9831 -10.975</i>
                    </KeyFrames>
                </p>
            </i>
            <i>
                <p>
                    <Name><![CDATA[front_hatch]]></Name>
                    <Exclude>1</Exclude>
                    <Additive>0</Additive>
                    <IKPriority>0</IKPriority>
                    <IKRotLimits>-1e+010 -1e+010 -1e+010 1e+010 1e+010 1e+010</IKRotLimits>
                    <IKRotLimitOrder>0</IKRotLimitOrder>
                    <KeyFrames count="12">
                        <i>1 0.00010148 0 0.00010148 -1 -0.000335286 -3.40247e-008 0.000335286 -1 -0.014934 28.5256 13.7214</i>
                        <i>1 -0.00014242 6.61744e-024 -0.00014242 -1 -0.000619184 8.81842e-008 0.000619184 -1 -0.00774862 28.5226 13.7266</i>
                        <i>1 -0.000214466 1.32349e-023 -0.000214466 -1 -0.000689473 1.47869e-007 0.000689473 -1 0.00473398 28.5896 13.7248</i>
                        <i>1 -0.000113215 0 -0.000113215 -1 -0.00036464 4.12827e-008 0.00036464 -1 0.00869008 28.5956 13.7187</i>
                        <i>1 0.000228693 0 0.000228693 -1 -9.78543e-006 -2.23786e-009 9.78543e-006 -1 0.00216682 28.56 13.7125</i>
                        <i>1 0.000388149 4.1359e-025 0.000388149 -1 -1.84205e-005 -7.14992e-009 1.84205e-005 -1 -0.00812048 28.5901 13.7096</i>
                        <i>1 0.000187158 0 0.000187158 -1 -0.000109805 -2.05508e-008 0.000109805 -1 -0.0147222 28.537 13.7159</i>
                        <i>1 0.000220291 1.65436e-024 0.000220291 -1 -0.000121585 -2.6784e-008 0.000121585 -1 -0.0122626 28.5855 13.7233</i>
                        <i>1 5.52255e-005 -8.27181e-025 5.52255e-005 -1 -0.000136362 -7.53065e-009 0.000136362 -1 -0.00903936 28.5697 13.7267</i>
                        <i>1 -0.000197205 0 -0.000197205 -1 6.81188e-005 -1.34333e-008 -6.81188e-005 -1 -0.002335 28.5973 13.7192</i>
                        <i>1 -5.97821e-005 2.06795e-025 -5.97821e-005 -1 5.33868e-005 -3.19157e-009 -5.33868e-005 -1 0.00334596 28.6096 13.7182</i>
                        <i>1 -0.000205802 -6.61744e-024 -0.000205802 -1 -0.00038351 7.89274e-008 0.00038351 -1 0.0116213 28.5918 13.736</i>
                    </KeyFrames>
                </p>
            </i>
            <i>
                <p>
                    <Name><![CDATA[laser_cannon_slide]]></Name>
                    <Exclude>1</Exclude>
                    <Additive>0</Additive>
                    <IKPriority>0</IKPriority>
                    <IKRotLimits>-1e+010 -1e+010 -1e+010 1e+010 1e+010 1e+010</IKRotLimits>
                    <IKRotLimitOrder>0</IKRotLimitOrder>
                    <KeyFrames count="12">
                        <i>1 0.00010148 0 -0.00010148 1 0.000335286 3.40247e-008 -0.000335286 1 -0.0158395 37.4489 -4.92061</i>
                        <i>1 -0.00014242 6.61744e-024 0.00014242 1 0.000619184 -8.81842e-008 -0.000619184 1 -0.006477 37.4512 -4.91289</i>
                        <i>1 -0.000214466 1.32349e-023 0.000214466 1 0.000689473 -1.47869e-007 -0.000689473 1 0.00664915 37.5195 -4.91406</i>
                        <i>1 -0.000113215 0 0.000113215 1 0.00036464 -4.12827e-008 -0.00036464 1 0.00970039 37.5195 -4.92303</i>
                        <i>1 0.000228693 0 -0.000228693 1 9.78543e-006 2.23786e-009 -9.78543e-006 1 0.000127509 37.4773 -4.93236</i>
                        <i>1 0.000388149 4.1359e-025 -0.000388149 1 1.84205e-005 7.14992e-009 -1.84205e-005 1 -0.0115818 37.5075 -4.93518</i>
                        <i>1 0.000187158 0 -0.000187158 1 0.000109805 2.05508e-008 -0.000109805 1 -0.0163915 37.4561 -4.92813</i>
                        <i>1 0.000220291 1.65436e-024 -0.000220291 1 0.000121585 2.6784e-008 -0.000121585 1 -0.0142275 37.5049 -4.92064</i>
                        <i>1 5.52255e-005 -8.27181e-025 -5.52255e-005 1 0.000136362 7.53065e-009 -0.000136362 1 -0.00953195 37.4893 -4.91704</i>
                        <i>1 -0.000197205 0 0.000197205 1 -6.81188e-005 1.34333e-008 6.81188e-005 1 -0.000576762 37.5131 -4.92642</i>
                        <i>1 -5.97821e-005 2.06795e-025 5.97821e-005 1 -5.33868e-005 3.19157e-009 5.33868e-005 1 0.00387899 37.5257 -4.92724</i>
                        <i>1 -0.000205802 -6.61744e-024 0.000205802 1 0.00038351 -7.89274e-008 -0.00038351 1 0.0134579 37.516 -4.90553</i>
                    </KeyFrames>
                </p>
            </i>
            <i>
                <p>
                    <Name><![CDATA[laser_cannon]]></Name>
                    <Exclude>1</Exclude>
                    <Additive>0</Additive>
                    <IKPriority>0</IKPriority>
                    <IKRotLimits>-1e+010 -1e+010 -1e+010 1e+010 1e+010 1e+010</IKRotLimits>
                    <IKRotLimitOrder>0</IKRotLimitOrder>
                    <KeyFrames count="12">
                        <i>1 0.00010148 0 -0.00010148 1 0.000335286 3.40247e-008 -0.000335286 1 -0.0158395 37.4489 -4.92061</i>
                        <i>1 -0.00014242 6.61744e-024 0.00014242 1 0.000619184 -8.81842e-008 -0.000619184 1 -0.006477 37.4512 -4.91289</i>
                        <i>1 -0.000214466 1.32349e-023 0.000214466 1 0.000689473 -1.47869e-007 -0.000689473 1 0.00664915 37.5195 -4.91406</i>
                        <i>1 -0.000113215 0 0.000113215 1 0.00036464 -4.12827e-008 -0.00036464 1 0.00970039 37.5195 -4.92303</i>
                        <i>1 0.000228693 0 -0.000228693 1 9.78543e-006 2.23786e-009 -9.78543e-006 1 0.000127509 37.4773 -4.93236</i>
                        <i>1 0.000388149 4.1359e-025 -0.000388149 1 1.84205e-005 7.14992e-009 -1.84205e-005 1 -0.0115818 37.5075 -4.93518</i>
                        <i>1 0.000187158 0 -0.000187158 1 0.000109805 2.05508e-008 -0.000109805 1 -0.0163915 37.4561 -4.92813</i>
                        <i>1 0.000220291 1.65436e-024 -0.000220291 1 0.000121585 2.6784e-008 -0.000121585 1 -0.0142275 37.5049 -4.92064</i>
                        <i>1 5.52255e-005 -8.27181e-025 -5.52255e-005 1 0.000136362 7.53065e-009 -0.000136362 1 -0.00953195 37.4893 -4.91704</i>
                        <i>1 -0.000197205 0 0.000197205 1 -6.81188e-005 1.34333e-008 6.81188e-005 1 -0.000576762 37.5131 -4.92642</i>
                        <i>1 -5.97821e-005 2.06795e-025 5.97821e-005 1 -5.33868e-005 3.19157e-009 5.33868e-005 1 0.00387899 37.5257 -4.92724</i>
                        <i>1 -0.000205802 -6.61744e-024 0.000205802 1 0.00038351 -7.89274e-008 -0.00038351 1 0.0134579 37.516 -4.90553</i>
                    </KeyFrames>
                </p>
            </i>
            <i>
                <p>
                    <Name><![CDATA[laser_barrel]]></Name>
                    <Exclude>1</Exclude>
                    <Additive>0</Additive>
                    <IKPriority>0</IKPriority>
                    <IKRotLimits>-1e+010 -1e+010 -1e+010 1e+010 1e+010 1e+010</IKRotLimits>
                    <IKRotLimitOrder>0</IKRotLimitOrder>
                    <KeyFrames count="12">
                        <i>1 0.00010148 0 -0.00010148 1 0.000335286 3.40247e-008 -0.000335286 1 -0.0158395 37.4484 -3.25261</i>
                        <i>1 -0.00014242 6.61744e-024 0.00014242 1 0.000619184 -8.81842e-008 -0.000619184 1 -0.00647715 37.4502 -3.24489</i>
                        <i>1 -0.000214466 1.32349e-023 0.000214466 1 0.000689473 -1.47869e-007 -0.000689473 1 0.0066489 37.5184 -3.24606</i>
                        <i>1 -0.000113215 0 0.000113215 1 0.00036464 -4.12827e-008 -0.00036464 1 0.00970033 37.5189 -3.25503</i>
                        <i>1 0.000228693 0 -0.000228693 1 9.78543e-006 2.23786e-009 -9.78543e-006 1 0.000127512 37.4772 -3.26436</i>
                        <i>1 0.000388149 4.1359e-025 -0.000388149 1 1.84205e-005 7.14992e-009 -1.84205e-005 1 -0.0115818 37.5075 -3.26718</i>
                        <i>1 0.000187158 0 -0.000187158 1 0.000109805 2.05508e-008 -0.000109805 1 -0.0163914 37.4559 -3.26013</i>
                        <i>1 0.000220291 1.65436e-024 -0.000220291 1 0.000121585 2.6784e-008 -0.000121585 1 -0.0142274 37.5047 -3.25264</i>
                        <i>1 5.52255e-005 -8.27181e-025 -5.52255e-005 1 0.000136362 7.53065e-009 -0.000136362 1 -0.00953193 37.4891 -3.24904</i>
                        <i>1 -0.000197205 0 0.000197205 1 -6.81188e-005 1.34333e-008 6.81188e-005 1 -0.000576739 37.5132 -3.25842</i>
                        <i>1 -5.97821e-005 2.06795e-025 5.97821e-005 1 -5.33868e-005 3.19157e-009 5.33868e-005 1 0.00387899 37.5258 -3.25924</i>
                        <i>1 -0.000205802 -6.61744e-024 0.000205802 1 0.00038351 -7.89274e-008 -0.00038351 1 0.0134578 37.5154 -3.23753</i>
                    </KeyFrames>
                </p>
            </i>
            <i>
                <p>
                    <Name><![CDATA[r_shoulder]]></Name>
                    <Exclude>1</Exclude>
                    <Additive>0</Additive>
                    <IKPriority>0</IKPriority>
                    <IKRotLimits>-1e+010 -1e+010 -1e+010 1e+010 1e+010 1e+010</IKRotLimits>
                    <IKRotLimitOrder>0</IKRotLimitOrder>
                    <KeyFrames count="12">
                        <i>3.40247e-008 -0.000335286 1 0.00010148 -1 -0.000335286 1 0.00010148 -2.22045e-016 -16.1318 44.5274 -24.0012</i>
                        <i>-8.81842e-008 -0.000619184 1 -0.00014242 -1 -0.000619184 1 -0.00014242 -2.22045e-016 -16.1207 44.539 -23.9915</i>
                        <i>-1.47869e-007 -0.000689473 1 -0.000214466 -1 -0.000689473 1 -0.000214466 -2.22045e-016 -16.1071 44.6098 -23.9922</i>
                        <i>-4.12827e-008 -0.00036464 1 -0.000113215 -1 -0.00036464 1 -0.000113215 -2.22045e-016 -16.1047 44.602 -24.0034</i>
                        <i>2.23786e-009 -9.78543e-006 1 0.000228693 -1 -9.78543e-006 1 0.000228693 -2.22045e-016 -16.1167 44.5475 -24.0153</i>
                        <i>7.14993e-009 -1.84205e-005 1 0.000388149 -1 -1.84205e-005 1 0.000388149 -2.22045e-016 -16.1296 44.5754 -24.018</i>
                        <i>2.05508e-008 -0.000109805 1 0.000187158 -1 -0.000109805 1 0.000187158 -2.22045e-016 -16.133 44.5289 -24.0103</i>
                        <i>2.6784e-008 -0.000121585 1 0.000220291 -1 -0.000121585 1 0.000220291 -2.22045e-016 -16.131 44.5774 -24.0028</i>
                        <i>7.53065e-009 -0.000136362 1 5.52255e-005 -1 -0.000136362 1 5.52255e-005 -2.22045e-016 -16.1252 44.5647 -23.9991</i>
                        <i>1.34333e-008 6.81188e-005 1 -0.000197205 -1 6.81188e-005 1 -0.000197205 -2.22045e-016 -16.1144 44.5887 -24.0099</i>
                        <i>3.19157e-009 5.33868e-005 1 -5.97821e-005 -1 5.33868e-005 1 -5.97821e-005 -2.22045e-016 -16.1109 44.5994 -24.0106</i>
                        <i>-7.89274e-008 -0.00038351 1 -0.000205802 -1 -0.00038351 1 -0.000205802 -2.22045e-016 -16.1003 44.6004 -23.9858</i>
                    </KeyFrames>
                </p>
            </i>
            <i>
                <p>
                    <Name><![CDATA[r_elbow]]></Name>
                    <Exclude>1</Exclude>
                    <Additive>0</Additive>
                    <IKPriority>0</IKPriority>
                    <IKRotLimits>-1e+010 -1e+010 -1e+010 1e+010 1e+010 1e+010</IKRotLimits>
                    <IKRotLimitOrder>0</IKRotLimitOrder>
                    <KeyFrames count="12">
                        <i>3.40247e-008 -0.000335286 1 0.00010148 -1 -0.000335286 1 0.00010148 -2.22045e-016 -18.7215 34.8355 -23.9732</i>
                        <i>-8.81842e-008 -0.000619184 1 -0.00014242 -1 -0.000619184 1 -0.00014242 -2.22045e-016 -18.7127 34.8478 -23.9662</i>
                        <i>-1.47869e-007 -0.000689473 1 -0.000214466 -1 -0.000689473 1 -0.000214466 -2.22045e-016 -18.6998 34.9187 -23.9676</i>
                        <i>-4.12827e-008 -0.00036464 1 -0.000113215 -1 -0.00036464 1 -0.000113215 -2.22045e-016 -18.6965 34.9106 -23.9757</i>
                        <i>2.23786e-009 -9.78543e-006 1 0.000228693 -1 -9.78543e-006 1 0.000228693 -2.22045e-016 -18.7052 34.8552 -23.9841</i>
                        <i>7.14993e-009 -1.84205e-005 1 0.000388149 -1 -1.84205e-005 1 0.000388149 -2.22045e-016 -18.7165 34.8827 -23.9869</i>
                        <i>2.05508e-008 -0.000109805 1 0.000187158 -1 -0.000109805 1 0.000187158 -2.22045e-016 -18.7218 34.8368 -23.9801</i>
                        <i>2.6784e-008 -0.000121585 1 0.000220291 -1 -0.000121585 1 0.000220291 -2.22045e-016 -18.7195 34.8851 -23.9727</i>
                        <i>7.53065e-009 -0.000136362 1 5.52255e-005 -1 -0.000136362 1 5.52255e-005 -2.22045e-016 -18.7153 34.873 -23.9691</i>
                        <i>1.34333e-008 6.81188e-005 1 -0.000197205 -1 6.81188e-005 1 -0.000197205 -2.22045e-016 -18.707 34.8976 -23.9779</i>
                        <i>3.19157e-009 5.33868e-005 1 -5.97821e-005 -1 5.33868e-005 1 -5.97821e-005 -2.22045e-016 -18.7022 34.9079 -23.9788</i>
                        <i>-7.89274e-008 -0.00038351 1 -0.000205802 -1 -0.00038351 1 -0.000205802 -2.22045e-016 -18.693 34.9093 -23.9582</i>
                    </KeyFrames>
                </p>
            </i>
            <i>
                <p>
                    <Name><![CDATA[r_crusher_sled_rot]]></Name>
                    <Exclude>1</Exclude>
                    <Additive>0</Additive>
                    <IKPriority>0</IKPriority>
                    <IKRotLimits>-1e+010 -1e+010 -1e+010 1e+010 1e+010 1e+010</IKRotLimits>
                    <IKRotLimitOrder>0</IKRotLimitOrder>
                    <KeyFrames count="12">
                        <i>3.40247e-008 -0.000335286 1 0.00010148 -1 -0.000335286 1 0.00010148 -2.22045e-016 -10.1088 35.3229 -28.6714</i>
                        <i>-8.81842e-008 -0.000619184 1 -0.00014242 -1 -0.000619184 1 -0.00014242 -2.22045e-016 -10.0999 35.3344 -28.6642</i>
                        <i>-1.47869e-007 -0.000689473 1 -0.000214466 -1 -0.000689473 1 -0.000214466 -2.22045e-016 -10.0869 35.4051 -28.6656</i>
                        <i>-4.12827e-008 -0.00036464 1 -0.000113215 -1 -0.00036464 1 -0.000113215 -2.22045e-016 -10.0837 35.3964 -28.6738</i>
                        <i>2.23786e-009 -9.78543e-006 1 0.000228693 -1 -9.78543e-006 1 0.000228693 -2.22045e-016 -10.0925 35.3422 -28.6824</i>
                        <i>7.14993e-009 -1.84205e-005 1 0.000388149 -1 -1.84205e-005 1 0.000388149 -2.22045e-016 -10.1039 35.3711 -28.6853</i>
                        <i>2.05508e-008 -0.000109805 1 0.000187158 -1 -0.000109805 1 0.000187158 -2.22045e-016 -10.1091 35.3239 -28.6784</i>
                        <i>2.6784e-008 -0.000121585 1 0.000220291 -1 -0.000121585 1 0.000220291 -2.22045e-016 -10.1069 35.3726 -28.6709</i>
                        <i>7.53065e-009 -0.000136362 1 5.52255e-005 -1 -0.000136362 1 5.52255e-005 -2.22045e-016 -10.1026 35.3591 -28.6674</i>
                        <i>1.34333e-008 6.81188e-005 1 -0.000197205 -1 6.81188e-005 1 -0.000197205 -2.22045e-016 -10.0941 35.3806 -28.6763</i>
                        <i>3.19157e-009 5.33868e-005 1 -5.97821e-005 -1 5.33868e-005 1 -5.97821e-005 -2.22045e-016 -10.0894 35.3921 -28.6772</i>
                        <i>-7.89274e-008 -0.00038351 1 -0.000205802 -1 -0.00038351 1 -0.000205802 -2.22045e-016 -10.0801 35.3943 -28.6564</i>
                    </KeyFrames>
                </p>
            </i>
            <i>
                <p>
                    <Name><![CDATA[r_crusher_sled]]></Name>
                    <Exclude>1</Exclude>
                    <Additive>0</Additive>
                    <IKPriority>0</IKPriority>
                    <IKRotLimits>-1e+010 -1e+010 -1e+010 1e+010 1e+010 1e+010</IKRotLimits>
                    <IKRotLimitOrder>0</IKRotLimitOrder>
                    <KeyFrames count="12">
                        <i>3.40247e-008 -0.000335286 1 0.00010148 -1 -0.000335286 1 0.00010148 -2.22045e-016 -8.96771 37.1873 -34.0444</i>
                        <i>-8.81842e-008 -0.000619184 1 -0.00014242 -1 -0.000619184 1 -0.00014242 -2.22045e-016 -8.95841 37.2 -34.0368</i>
                        <i>-1.47869e-007 -0.000689473 1 -0.000214466 -1 -0.000689473 1 -0.000214466 -2.22045e-016 -8.9453 37.271 -34.038</i>
                        <i>-4.12827e-008 -0.00036464 1 -0.000113215 -1 -0.00036464 1 -0.000113215 -2.22045e-016 -8.94222 37.2607 -34.0469</i>
                        <i>2.23786e-009 -9.78543e-006 1 0.000228693 -1 -9.78543e-006 1 0.000228693 -2.22045e-016 -8.9517 37.205 -34.0561</i>
                        <i>7.14993e-009 -1.84205e-005 1 0.000388149 -1 -1.84205e-005 1 0.000388149 -2.22045e-016 -8.96337 37.2341 -34.0589</i>
                        <i>2.05508e-008 -0.000109805 1 0.000187158 -1 -0.000109805 1 0.000187158 -2.22045e-016 -8.96824 37.1872 -34.0519</i>
                        <i>2.6784e-008 -0.000121585 1 0.000220291 -1 -0.000121585 1 0.000220291 -2.22045e-016 -8.96606 37.236 -34.0444</i>
                        <i>7.53065e-009 -0.000136362 1 5.52255e-005 -1 -0.000136362 1 5.52255e-005 -2.22045e-016 -8.96141 37.2223 -34.0408</i>
                        <i>1.34333e-008 6.81188e-005 1 -0.000197205 -1 6.81188e-005 1 -0.000197205 -2.22045e-016 -8.95253 37.2424 -34.0501</i>
                        <i>3.19157e-009 5.33868e-005 1 -5.97821e-005 -1 5.33868e-005 1 -5.97821e-005 -2.22045e-016 -8.94803 37.2542 -34.051</i>
                        <i>-7.89274e-008 -0.00038351 1 -0.000205802 -1 -0.00038351 1 -0.000205802 -2.22045e-016 -8.93849 37.2586 -34.0294</i>
                    </KeyFrames>
                </p>
            </i>
            <i>
                <p>
                    <Name><![CDATA[r_crusher]]></Name>
                    <Exclude>1</Exclude>
                    <Additive>0</Additive>
                    <IKPriority>0</IKPriority>
                    <IKRotLimits>-1e+010 -1e+010 -1e+010 1e+010 1e+010 1e+010</IKRotLimits>
                    <IKRotLimitOrder>0</IKRotLimitOrder>
                    <KeyFrames count="12">
                        <i>3.40247e-008 -0.000335286 1 0.00010148 -1 -0.000335286 1 0.00010148 -2.22045e-016 -8.81289 23.3559 -34.1184</i>
                        <i>-8.81842e-008 -0.000619184 1 -0.00014242 -1 -0.000619184 1 -0.00014242 -2.22045e-016 -8.80697 23.3686 -34.1147</i>
                        <i>-1.47869e-007 -0.000689473 1 -0.000214466 -1 -0.000689473 1 -0.000214466 -2.22045e-016 -8.79485 23.4396 -34.1169</i>
                        <i>-4.12827e-008 -0.00036464 1 -0.000113215 -1 -0.00036464 1 -0.000113215 -2.22045e-016 -8.79038 23.4292 -34.1213</i>
                        <i>2.23786e-009 -9.78543e-006 1 0.000228693 -1 -9.78543e-006 1 0.000228693 -2.22045e-016 -8.79513 23.3736 -34.1256</i>
                        <i>7.14993e-009 -1.84205e-005 1 0.000388149 -1 -1.84205e-005 1 0.000388149 -2.22045e-016 -8.80459 23.4027 -34.1285</i>
                        <i>2.05508e-008 -0.000109805 1 0.000187158 -1 -0.000109805 1 0.000187158 -2.22045e-016 -8.81224 23.3557 -34.1228</i>
                        <i>2.6784e-008 -0.000121585 1 0.000220291 -1 -0.000121585 1 0.000220291 -2.22045e-016 -8.80961 23.4045 -34.1154</i>
                        <i>7.53065e-009 -0.000136362 1 5.52255e-005 -1 -0.000136362 1 5.52255e-005 -2.22045e-016 -8.80724 23.3909 -34.1121</i>
