<?xml version="1.0" encoding="ISO-8859-1" ?>
<Animl Version="1">
    <ModellingPackage><![CDATA[Maya.2010]]></ModellingPackage>
    <SrcFile><![CDATA[anims\bosses\red\~src\boss_beetle\boss_beetle_fire_gun2.mb]]></SrcFile>
    <FramesPerSecond>30</FramesPerSecond>
    <TotalFrames>16</TotalFrames>
    <Skeleton>
        <RefFrame>
            <Name><![CDATA[boss_beetle_torso_ref_frame]]></Name>
            <Exclude>1</Exclude>
            <Additive>0</Additive>
            <IKPriority>0</IKPriority>
            <IKRotLimits>-1e+010 -1e+010 -1e+010 1e+010 1e+010 1e+010</IKRotLimits>
            <IKRotLimitOrder>0</IKRotLimitOrder>
            <KeyFrames count="16">
                <i>1 0 0 0 1 0 0 0 1 0 35.9946 0</i>
                <i>1 0 0 0 1 0 0 0 1 0 35.9946 0</i>
                <i>1 0 0 0 1 0 0 0 1 0 35.9946 0</i>
                <i>1 0 0 0 1 0 0 0 1 0 35.9946 0</i>
                <i>1 0 0 0 1 0 0 0 1 0 35.9946 0</i>
                <i>1 0 0 0 1 0 0 0 1 0 35.9946 0</i>
                <i>1 0 0 0 1 0 0 0 1 0 35.9946 0</i>
                <i>1 0 0 0 1 0 0 0 1 0 35.9946 0</i>
                <i>1 0 0 0 1 0 0 0 1 0 35.9946 0</i>
                <i>1 0 0 0 1 0 0 0 1 0 35.9946 0</i>
                <i>1 0 0 0 1 0 0 0 1 0 35.9946 0</i>
                <i>1 0 0 0 1 0 0 0 1 0 35.9946 0</i>
                <i>1 0 0 0 1 0 0 0 1 0 35.9946 0</i>
                <i>1 0 0 0 1 0 0 0 1 0 35.9946 0</i>
                <i>1 0 0 0 1 0 0 0 1 0 35.9946 0</i>
                <i>1 0 0 0 1 0 0 0 1 0 35.9946 0</i>
            </KeyFrames>
        </RefFrame>
        <Bones count="19">
            <i>
                <p>
                    <Name><![CDATA[boss_beetle_torso_root]]></Name>
                    <Exclude>1</Exclude>
                    <Additive>0</Additive>
                    <IKPriority>0</IKPriority>
                    <IKRotLimits>-1e+010 -1e+010 -1e+010 1e+010 1e+010 1e+010</IKRotLimits>
                    <IKRotLimitOrder>0</IKRotLimitOrder>
                    <KeyFrames count="16">
                        <i>1 0.00010148 0 -0.00010148 1 0.000335286 3.40247e-008 -0.000335286 1 -0.015688 35.9552 0.0153756</i>
                        <i>1 -0.00014242 6.61744e-024 0.00014242 1 0.000619184 -8.81842e-008 -0.000619184 1 -0.00668994 35.9561 0.0226662</i>
                        <i>1 -0.000214466 1.32349e-023 0.000214466 1 0.000689473 -1.47869e-007 -0.000689473 1 0.00632842 36.024 0.0213908</i>
                        <i>1 -0.000113215 0 0.000113215 1 0.00036464 -4.12827e-008 -0.00036464 1 0.00953127 36.0256 0.0129114</i>
                        <i>1 0.000228693 0 -0.000228693 1 9.78543e-006 2.23786e-009 -9.78543e-006 1 0.000468743 35.9851 0.00410806</i>
                        <i>1 0.000388149 4.1359e-025 -0.000388149 1 1.84205e-005 7.14992e-009 -1.84205e-005 1 -0.0110026 36.0154 0.00127486</i>
                        <i>1 0.000187158 0 -0.000187158 1 0.000109805 2.05508e-008 -0.000109805 1 -0.0161121 35.9635 0.00819028</i>
                        <i>1 0.000220291 1.65436e-024 -0.000220291 1 0.000121585 2.6784e-008 -0.000121585 1 -0.0138986 36.0122 0.0156629</i>
                        <i>1 5.52255e-005 -8.27181e-025 -5.52255e-005 1 0.000136362 7.53065e-009 -0.000136362 1 -0.00944951 35.9966 0.0192375</i>
                        <i>1 -0.000197205 0 0.000197205 1 -6.81188e-005 1.34333e-008 6.81188e-005 1 -0.000870936 36.0214 0.0101682</i>
                        <i>1 -5.97821e-005 2.06795e-025 5.97821e-005 1 -5.33868e-005 3.19157e-009 5.33868e-005 1 0.0037898 36.0339 0.00932408</i>
                        <i>1 -0.000205802 -6.61744e-024 0.000205802 1 0.00038351 -7.89274e-008 -0.00038351 1 0.0131505 36.0221 0.0303805</i>
                        <i>1 -0.000300093 0 0.000300093 1 0.000439999 -1.32041e-007 -0.000439999 1 0.0245717 35.9885 0.0303949</i>
                        <i>1 -0.000563521 1.32349e-023 0.000563521 1 0.000352797 -1.98809e-007 -0.000352797 1 0.0426933 35.9717 0.0165489</i>
                        <i>1 -0.000384216 0 0.000384216 1 0.000406806 -1.56301e-007 -0.000406806 1 0.0425184 35.963 0.0146511</i>
                        <i>1 0.00018123 1.32349e-023 -0.00018123 1 0.000709039 1.28499e-007 -0.000709039 1 0.0270692 35.9653 0.0313314</i>
                    </KeyFrames>
                </p>
            </i>
            <i>
                <p>
                    <Name><![CDATA[l_clavicle]]></Name>
                    <Exclude>1</Exclude>
                    <Additive>0</Additive>
                    <IKPriority>0</IKPriority>
                    <IKRotLimits>-1e+010 -1e+010 -1e+010 1e+010 1e+010 1e+010</IKRotLimits>
                    <IKRotLimitOrder>0</IKRotLimitOrder>
                    <KeyFrames count="16">
                        <i>1 0.00010148 0 -0.00010148 1 0.000335286 3.40247e-008 -0.000335286 1 12.5764 47.9664 -10.5283</i>
                        <i>1 -0.00014242 6.61744e-024 0.00014242 1 0.000619184 -8.81842e-008 -0.000619184 1 12.5884 47.9672 -10.5176</i>
                        <i>1 -0.000214466 1.32349e-023 0.000214466 1 0.000689473 -1.47869e-007 -0.000689473 1 12.6022 48.035 -10.5181</i>
                        <i>1 -0.000113215 0 0.000113215 1 0.00036464 -4.12827e-008 -0.00036464 1 12.6042 48.0344 -10.5304</i>
                        <i>1 0.000228693 0 -0.000228693 1 9.78543e-006 2.23786e-009 -9.78543e-006 1 12.5911 47.9945 -10.5435</i>
                        <i>1 0.000388149 4.1359e-025 -0.000388149 1 1.84205e-005 7.14992e-009 -1.84205e-005 1 12.5777 48.0269 -10.5462</i>
                        <i>1 0.000187158 0 -0.000187158 1 0.000109805 2.05508e-008 -0.000109805 1 12.575 47.9734 -10.5382</i>
                        <i>1 0.000220291 1.65436e-024 -0.000220291 1 0.000121585 2.6784e-008 -0.000121585 1 12.5768 48.0227 -10.5306</i>
                        <i>1 5.52255e-005 -8.27181e-025 -5.52255e-005 1 0.000136362 7.53065e-009 -0.000136362 1 12.5832 48.0051 -10.5269</i>
                        <i>1 -0.000197205 0 0.000197205 1 -6.81188e-005 1.34333e-008 6.81188e-005 1 12.5948 48.0246 -10.5384</i>
                        <i>1 -5.97821e-005 2.06795e-025 5.97821e-005 1 -5.33868e-005 3.19157e-009 5.33868e-005 1 12.5978 48.039 -10.5391</i>
                        <i>1 -0.000205802 -6.61744e-024 0.000205802 1 0.00038351 -7.89274e-008 -0.00038351 1 12.609 48.0299 -10.5127</i>
                        <i>1 -0.000300093 0 0.000300093 1 0.000439999 -1.32041e-007 -0.000439999 1 12.6215 47.9957 -10.5121</i>
                        <i>1 -0.000563521 1.32349e-023 0.000563521 1 0.000352797 -1.98809e-007 -0.000352797 1 12.6428 47.9747 -10.5269</i>
                        <i>1 -0.000384216 0 0.000384216 1 0.000406806 -1.56301e-007 -0.000406806 1 12.6405 47.9688 -10.5282</i>
                        <i>1 0.00018123 1.32349e-023 -0.00018123 1 0.000709039 1.28499e-007 -0.000709039 1 12.6182 47.9815 -10.5079</i>
                    </KeyFrames>
                </p>
            </i>
            <i>
                <p>
                    <Name><![CDATA[l_shoulder]]></Name>
                    <Exclude>0</Exclude>
                    <Additive>1</Additive>
                    <IKPriority>0</IKPriority>
                    <IKRotLimits>-1e+010 -1e+010 -1e+010 1e+010 1e+010 1e+010</IKRotLimits>
                    <IKRotLimitOrder>0</IKRotLimitOrder>
                    <KeyFrames count="16">
                        <i>1 0.00010148 0 -0.000101479 0.999999 -0.00171785 -1.74326e-007 0.00171785 0.999999 23.5678 47.9675 -10.5283</i>
                        <i>1 -0.00014242 6.61744e-024 0.000142385 0.999752 0.0222574 -3.16989e-006 -0.0222574 0.999752 23.5797 47.9657 -10.5176</i>
                        <i>1 -0.000214466 1.32349e-023 0.000214239 0.998941 0.0460064 -9.86682e-006 -0.0460064 0.998941 23.5936 48.0326 -10.5181</i>
                        <i>1 -0.000113215 0 0.000112942 0.997593 0.0693352 -7.84977e-006 -0.0693352 0.997593 23.5956 48.0332 -10.5304</i>
                        <i>1 0.000228693 0 -0.000228238 0.998009 0.0630709 1.44239e-005 -0.0630709 0.998009 23.5824 47.997 -10.5435</i>
                        <i>1 0.000388149 4.1359e-025 -0.000387515 0.998365 0.057167 2.21893e-005 -0.0571669 0.998365 23.569 48.0311 -10.5462</i>
                        <i>1 0.000187158 0 -0.000186911 0.998681 0.0513436 9.60935e-006 -0.0513436 0.998681 23.5663 47.9755 -10.5382</i>
                        <i>1 0.000220291 1.65436e-024 -0.000220063 0.998967 0.0454391 1.00098e-005 -0.0454391 0.998967 23.5681 48.0251 -10.5306</i>
                        <i>1 5.52255e-005 -8.27181e-025 -5.51823e-005 0.999218 0.0395359 2.18339e-006 -0.0395359 0.999218 23.5746 48.0057 -10.5269</i>
                        <i>1 -0.000197205 0 0.000197094 0.999442 0.0334122 -6.58905e-006 -0.0334122 0.999442 23.5862 48.0224 -10.5384</i>
                        <i>1 -5.97821e-005 2.06795e-025 5.97595e-005 0.999622 0.0275064 -1.64439e-006 -0.0275064 0.999622 23.5892 48.0383 -10.5391</i>
                        <i>1 -0.000205802 -6.61744e-024 0.000205752 0.999757 0.0220217 -4.53213e-006 -0.0220217 0.999758 23.6003 48.0276 -10.5127</i>
                        <i>1 -0.000300093 0 0.000300054 0.999869 0.016156 -4.8483e-006 -0.016156 0.999869 23.6129 47.9924 -10.5121</i>
                        <i>1 -0.000563521 1.32349e-023 0.000563492 0.999948 0.0101461 -5.71752e-006 -0.0101461 0.999949 23.6341 47.9685 -10.5269</i>
                        <i>1 -0.000384216 0 0.000384213 0.999991 0.00427695 -1.64327e-006 -0.00427695 0.999991 23.6318 47.9646 -10.5282</i>
                        <i>1 0.00018123 1.32349e-023 -0.00018123 0.999999 -0.00134409 -2.43591e-007 0.00134409 0.999999 23.6096 47.9835 -10.5079</i>
                    </KeyFrames>
                </p>
            </i>
            <i>
                <p>
                    <Name><![CDATA[l_elbow]]></Name>
                    <Exclude>0</Exclude>
                    <Additive>1</Additive>
                    <IKPriority>0</IKPriority>
                    <IKRotLimits>-1e+010 -1e+010 -1e+010 1e+010 1e+010 1e+010</IKRotLimits>
                    <IKRotLimitOrder>0</IKRotLimitOrder>
                    <KeyFrames count="16">
                        <i>1 0.00010148 0 -3.45442e-005 0.340405 -0.940279 -9.54191e-005 0.940279 0.340405 23.5062 36.496 -10.6918</i>
                        <i>1 -0.00014242 6.61744e-024 4.84375e-005 0.340103 -0.940388 0.00013393 0.940388 0.340103 23.5153 36.5013 -10.9561</i>
                        <i>1 -0.000214466 1.32349e-023 7.28328e-005 0.3396 -0.94057 0.000201721 0.94057 0.3396 23.5284 36.582 -11.2288</i>
                        <i>1 -0.000113215 0 3.83487e-005 0.338725 -0.940885 0.000106522 0.940885 0.338725 23.5315 36.6022 -11.5086</i>
                        <i>1 0.000228693 0 -7.74202e-005 0.338533 -0.940954 -0.00021519 0.940954 0.338533 23.5222 36.5601 -11.4499</i>
                        <i>1 0.000388149 4.1359e-025 -0.00013146 0.338684 -0.9409 -0.00036521 0.9409 0.338684 23.5107 36.5891 -11.3849</i>
                        <i>1 0.000187158 0 -6.343e-005 0.338912 -0.940818 -0.000176081 0.940818 0.338912 23.5057 36.5287 -11.3102</i>
                        <i>1 0.000220291 1.65436e-024 -7.4693e-005 0.339066 -0.940763 -0.000207241 0.940763 0.339066 23.5079 36.574 -11.2349</i>
                        <i>1 5.52255e-005 -8.27181e-025 -1.87337e-005 0.339222 -0.940706 -5.1951e-005 0.940706 0.339222 23.5124 36.5506 -11.1635</i>
                        <i>1 -0.000197205 0 6.68863e-005 0.339172 -0.940724 0.000185515 0.940724 0.339172 23.5211 36.5637 -11.1048</i>
                        <i>1 -5.97821e-005 2.06795e-025 2.02858e-005 0.339328 -0.940668 5.62351e-005 0.940668 0.339328 23.5257 36.5764 -11.0377</i>
                        <i>1 -0.000205802 -6.61744e-024 6.99484e-005 0.339882 -0.940468 0.000193551 0.940468 0.339882 23.5352 36.5632 -10.9485</i>
                        <i>1 -0.000300093 0 0.000102055 0.340077 -0.940398 0.000282206 0.940398 0.340077 23.5466 36.5256 -10.8806</i>
                        <i>1 -0.000563521 1.32349e-023 0.000191675 0.340137 -0.940376 0.000529922 0.940376 0.340137 23.5649 36.4997 -10.8265</i>
                        <i>1 -0.000384216 0 0.00013076 0.34033 -0.940306 0.000361281 0.940306 0.34033 23.5646 36.4942 -10.7605</i>
                        <i>1 0.00018123 1.32349e-023 -6.17555e-005 0.340757 -0.940152 -0.000170384 0.940152 0.340757 23.5489 36.5119 -10.6757</i>
                    </KeyFrames>
                </p>
            </i>
            <i>
                <p>
                    <Name><![CDATA[l_wrist]]></Name>
                    <Exclude>0</Exclude>
                    <Additive>0</Additive>
                    <IKPriority>0</IKPriority>
                    <IKRotLimits>-1e+010 -1e+010 -1e+010 1e+010 1e+010 1e+010</IKRotLimits>
                    <IKRotLimitOrder>0</IKRotLimitOrder>
                    <KeyFrames count="16">
                        <i>1 0.00010148 0 -3.45442e-005 0.340405 -0.940279 -9.54191e-005 0.940279 0.340405 23.5064 33.9108 -3.55104</i>
                        <i>1 -0.00014242 6.61744e-024 4.84375e-005 0.340103 -0.940388 0.00013393 0.940388 0.340103 23.5149 33.8966 -3.75412</i>
                        <i>1 -0.000214466 1.32349e-023 7.28328e-005 0.3396 -0.94057 0.000201721 0.94057 0.3396 23.5278 34.0167 -4.12401</i>
                        <i>1 -0.000113215 0 3.83487e-005 0.338725 -0.940885 0.000106522 0.940885 0.338725 23.5312 34.0884 -4.52597</i>
                        <i>1 0.000228693 0 -7.74202e-005 0.338533 -0.940954 -0.00021519 0.940954 0.338533 23.5228 34.0707 -4.53046</i>
                        <i>1 0.000388149 4.1359e-025 -0.00013146 0.338684 -0.9409 -0.00036521 0.9409 0.338684 23.5117 34.0985 -4.46592</i>
                        <i>1 0.000187158 0 -6.343e-005 0.338912 -0.940818 -0.000176081 0.940818 0.338912 23.5062 34.0337 -4.38394</i>
                        <i>1 0.000220291 1.65436e-024 -7.4693e-005 0.339066 -0.940763 -0.000207241 0.940763 0.339066 23.5084 34.0726 -4.29464</i>
                        <i>1 5.52255e-005 -8.27181e-025 -1.87337e-005 0.339222 -0.940706 -5.1951e-005 0.940706 0.339222 23.5126 34.041 -4.20387</i>
                        <i>1 -0.000197205 0 6.68863e-005 0.339172 -0.940724 0.000185515 0.940724 0.339172 23.5207 34.0458 -4.12117</i>
                        <i>1 -5.97821e-005 2.06795e-025 2.02858e-005 0.339328 -0.940668 5.62351e-005 0.940668 0.339328 23.5256 34.0477 -4.02778</i>
                        <i>1 -0.000205802 -6.61744e-024 6.99484e-005 0.339882 -0.940468 0.000193551 0.940468 0.339882 23.5346 34.0201 -3.91167</i>
                        <i>1 -0.000300093 0 0.000102055 0.340077 -0.940398 0.000282206 0.940398 0.340077 23.5459 33.9706 -3.81543</i>
                        <i>1 -0.000563521 1.32349e-023 0.000191675 0.340137 -0.940376 0.000529922 0.940376 0.340137 23.5635 33.9342 -3.73358</i>
                        <i>1 -0.000384216 0 0.00013076 0.34033 -0.940306 0.000361281 0.940306 0.34033 23.5636 33.9178 -3.64211</i>
                        <i>1 0.00018123 1.32349e-023 -6.17555e-005 0.340757 -0.940152 -0.000170384 0.940152 0.340757 23.5493 33.9241 -3.53585</i>
                    </KeyFrames>
                </p>
            </i>
            <i>
                <p>
                    <Name><![CDATA[l_wrist_gun1]]></Name>
                    <Exclude>1</Exclude>
                    <Additive>0</Additive>
                    <IKPriority>0</IKPriority>
                    <IKRotLimits>-1e+010 -1e+010 -1e+010 1e+010 1e+010 1e+010</IKRotLimits>
                    <IKRotLimitOrder>0</IKRotLimitOrder>
                    <KeyFrames count="16">
                        <i>1 0.00010148 0 -3.45442e-005 0.340405 -0.940279 -9.54191e-005 0.940279 0.340405 19.7384 30.0287 9.09813</i>
                        <i>1 -0.00014242 6.61744e-024 4.84375e-005 0.340103 -0.940388 0.00013393 0.940388 0.340103 19.746 30.0195 8.8963</i>
                        <i>1 -0.000214466 1.32349e-023 7.28328e-005 0.3396 -0.94057 0.000201721 0.94057 0.3396 19.7586 30.1467 8.52849</i>
                        <i>1 -0.000113215 0 3.83487e-005 0.338725 -0.940885 0.000106522 0.940885 0.338725 19.7624 30.2298 8.13012</i>
                        <i>1 0.000228693 0 -7.74202e-005 0.338533 -0.940954 -0.00021519 0.940954 0.338533 19.7553 30.2133 8.12641</i>
                        <i>1 0.000388149 4.1359e-025 -0.00013146 0.338684 -0.9409 -0.00036521 0.9409 0.338684 19.7448 30.2385 8.19033</i>
                        <i>1 0.000187158 0 -6.343e-005 0.338912 -0.940818 -0.000176081 0.940818 0.338912 19.7385 30.1714 8.27138</i>
                        <i>1 0.000220291 1.65436e-024 -7.4693e-005 0.339066 -0.940763 -0.000207241 0.940763 0.339066 19.7409 30.2081 8.36005</i>
                        <i>1 5.52255e-005 -8.27181e-025 -1.87337e-005 0.339222 -0.940706 -5.1951e-005 0.940706 0.339222 19.7444 30.175 8.45018</i>
                        <i>1 -0.000197205 0 6.68863e-005 0.339172 -0.940724 0.000185515 0.940724 0.339172 19.7515 30.1814 8.53308</i>
                        <i>1 -5.97821e-005 2.06795e-025 2.02858e-005 0.339328 -0.940668 5.62351e-005 0.940668 0.339328 19.757 30.1808 8.62583</i>
                        <i>1 -0.000205802 -6.61744e-024 6.99484e-005 0.339882 -0.940468 0.000193551 0.940468 0.339882 19.7655 30.1462 8.73966</i>
                        <i>1 -0.000300093 0 0.000102055 0.340077 -0.940398 0.000282206 0.940398 0.340077 19.7763 30.0945 8.83509</i>
                        <i>1 -0.000563521 1.32349e-023 0.000191675 0.340137 -0.940376 0.000529922 0.940376 0.340137 19.7929 30.0582 8.9167</i>
                        <i>1 -0.000384216 0 0.00013076 0.34033 -0.940306 0.000361281 0.940306 0.34033 19.7938 30.0386 9.00738</i>
                        <i>1 0.00018123 1.32349e-023 -6.17555e-005 0.340757 -0.940152 -0.000170384 0.940152 0.340757 19.7817 30.037 9.11187</i>
                    </KeyFrames>
                </p>
            </i>
            <i>
                <p>
                    <Name><![CDATA[l_wrist_gun2]]></Name>
                    <Exclude>0</Exclude>
                    <Additive>0</Additive>
                    <IKPriority>0</IKPriority>
                    <IKRotLimits>-1e+010 -1e+010 -1e+010 1e+010 1e+010 1e+010</IKRotLimits>
                    <IKRotLimitOrder>0</IKRotLimitOrder>
                    <KeyFrames count="16">
                        <i>1 0.00010148 0 -3.45442e-005 0.340405 -0.940279 -9.54191e-005 0.940279 0.340405 26.9487 30.0253 9.10653</i>
                        <i>1 -0.00014242 6.61744e-024 4.84375e-005 0.340103 -0.940388 0.00013393 0.940388 0.340103 26.9562 30.0981 8.67315</i>
                        <i>1 -0.000214466 1.32349e-023 7.28328e-005 0.3396 -0.94057 0.000201721 0.94057 0.3396 26.9689 30.3082 8.0737</i>
                        <i>1 -0.000113215 0 3.83487e-005 0.338725 -0.940885 0.000106522 0.940885 0.338725 26.9727 30.475 7.4435</i>
                        <i>1 0.000228693 0 -7.74202e-005 0.338533 -0.940954 -0.00021519 0.940954 0.338533 26.9655 30.4576 7.44899</i>
                        <i>1 0.000388149 4.1359e-025 -0.00013146 0.338684 -0.9409 -0.00036521 0.9409 0.338684 26.9549 30.4746 7.5391</i>
                        <i>1 0.000187158 0 -6.343e-005 0.338912 -0.940818 -0.000176081 0.940818 0.338912 26.9487 30.3915 7.66082</i>
                        <i>1 0.000220291 1.65436e-024 -7.4693e-005 0.339066 -0.940763 -0.000207241 0.940763 0.339066 26.9511 30.4096 7.80221</i>
                        <i>1 5.52255e-005 -8.27181e-025 -1.87337e-005 0.339222 -0.940706 -5.1951e-005 0.940706 0.339222 26.9546 30.3529 7.95471</i>
                        <i>1 -0.000197205 0 6.68863e-005 0.339172 -0.940724 0.000185515 0.940724 0.339172 26.9618 30.3324 8.10717</i>
                        <i>1 -5.97821e-005 2.06795e-025 2.02858e-005 0.339328 -0.940668 5.62351e-005 0.940668 0.339328 26.9672 30.306 8.27434</i>
                        <i>1 -0.000205802 -6.61744e-024 6.99484e-005 0.339882 -0.940468 0.000193551 0.940468 0.339882 26.9757 30.2429 8.46503</i>
                        <i>1 -0.000300093 0 0.000102055 0.340077 -0.940398 0.000282206 0.940398 0.340077 26.9866 30.1628 8.63727</i>
                        <i>1 -0.000563521 1.32349e-023 0.000191675 0.340137 -0.940376 0.000529922 0.940376 0.340137 27.0031 30.0977 8.79325</i>
                        <i>1 -0.000384216 0 0.00013076 0.34033 -0.940306 0.000361281 0.940306 0.34033 27.004 30.0542 8.95348</i>
                        <i>1 0.00018123 1.32349e-023 -6.17555e-005 0.340757 -0.940152 -0.000170384 0.940152 0.340757 26.9919 30.0341 9.12027</i>
                    </KeyFrames>
                </p>
            </i>
            <i>
                <p>
                    <Name><![CDATA[l_wrist_gun3]]></Name>
                    <Exclude>1</Exclude>
                    <Additive>0</Additive>
                    <IKPriority>0</IKPriority>
                    <IKRotLimits>-1e+010 -1e+010 -1e+010 1e+010 1e+010 1e+010</IKRotLimits>
                    <IKRotLimitOrder>0</IKRotLimitOrder>
                    <KeyFrames count="16">
                        <i>1 0.00010148 0 -3.45442e-005 0.340405 -0.940279 -9.54191e-005 0.940279 0.340405 23.3437 33.4162 10.3313</i>
                        <i>1 -0.00014242 6.61744e-024 4.84375e-005 0.340103 -0.940388 0.00013393 0.940388 0.340103 23.3521 33.4065 10.1284</i>
                        <i>1 -0.000214466 1.32349e-023 7.28328e-005 0.3396 -0.94057 0.000201721 0.94057 0.3396 23.365 33.534 9.75879</i>
                        <i>1 -0.000113215 0 3.83487e-005 0.338725 -0.940885 0.000106522 0.940885 0.338725 23.3684 33.6187 9.35727</i>
                        <i>1 0.000228693 0 -7.74202e-005 0.338533 -0.940954 -0.00021519 0.940954 0.338533 23.3602 33.6037 9.35287</i>
                        <i>1 0.000388149 4.1359e-025 -0.00013146 0.338684 -0.9409 -0.00036521 0.9409 0.338684 23.3491 33.6293 9.41733</i>
                        <i>1 0.000187158 0 -6.343e-005 0.338912 -0.940818 -0.000176081 0.940818 0.338912 23.3435 33.5611 9.4992</i>
                        <i>1 0.000220291 1.65436e-024 -7.4693e-005 0.339066 -0.940763 -0.000207241 0.940763 0.339066 23.3458 33.5977 9.58843</i>
                        <i>1 5.52255e-005 -8.27181e-025 -1.87337e-005 0.339222 -0.940706 -5.1951e-005 0.940706 0.339222 23.3499 33.5638 9.67912</i>
                        <i>1 -0.000197205 0 6.68863e-005 0.339172 -0.940724 0.000185515 0.940724 0.339172 23.3578 33.5694 9.76184</i>
                        <i>1 -5.97821e-005 2.06795e-025 2.02858e-005 0.339328 -0.940668 5.62351e-005 0.940668 0.339328 23.3628 33.569 9.85515</i>
                        <i>1 -0.000205802 -6.61744e-024 6.99484e-005 0.339882 -0.940468 0.000193551 0.940468 0.339882 23.3718 33.5333 9.97097</i>
                        <i>1 -0.000300093 0 0.000102055 0.340077 -0.940398 0.000282206 0.940398 0.340077 23.383 33.4809 10.0671</i>
                        <i>1 -0.000563521 1.32349e-023 0.000191675 0.340137 -0.940376 0.000529922 0.940376 0.340137 23.4004 33.4436 10.1489</i>
                        <i>1 -0.000384216 0 0.00013076 0.34033 -0.940306 0.000361281 0.940306 0.34033 23.4007 33.4244 10.2403</i>
                        <i>1 0.00018123 1.32349e-023 -6.17555e-005 0.340757 -0.940152 -0.000170384 0.940152 0.340757 23.3867 33.4243 10.3463</i>
                    </KeyFrames>
                </p>
            </i>
            <i>
                <p>
                    <Name><![CDATA[l_shoulder_rockets]]></Name>
                    <Exclude>1</Exclude>
                    <Additive>0</Additive>
                    <IKPriority>0</IKPriority>
                    <IKRotLimits>-1e+010 -1e+010 -1e+010 1e+010 1e+010 1e+010</IKRotLimits>
                    <IKRotLimitOrder>0</IKRotLimitOrder>
                    <KeyFrames count="16">
                        <i>1 0.00010148 0 -0.000101479 0.999999 -0.00171785 -1.74326e-007 0.00171785 0.999999 23.2799 53.9229 -10.9908</i>
                        <i>1 -0.00014242 6.61744e-024 0.000142385 0.999752 0.0222574 -3.16989e-006 -0.0222574 0.999752 23.2933 53.9304 -10.8372</i>
                        <i>1 -0.000214466 1.32349e-023 0.000214239 0.998941 0.0460064 -9.86682e-006 -0.0460064 0.998941 23.3076 54.0034 -10.6958</i>
                        <i>1 -0.000113215 0 0.000112942 0.997593 0.0693352 -7.84977e-006 -0.0693352 0.997593 23.309 54.0064 -10.5687</i>
                        <i>1 0.000228693 0 -0.000228238 0.998009 0.0630709 1.44239e-005 -0.0630709 0.998009 23.2938 53.9698 -10.6192</i>
                        <i>1 0.000388149 4.1359e-025 -0.000387515 0.998365 0.057167 2.21893e-005 -0.0571669 0.998365 23.2795 54.0033 -10.6573</i>
                        <i>1 0.000187158 0 -0.000186911 0.998681 0.0513436 9.60935e-006 -0.0513436 0.998681 23.278 53.947 -10.6841</i>
                        <i>1 0.000220291 1.65436e-024 -0.000220063 0.998967 0.0454391 1.00098e-005 -0.0454391 0.998967 23.2796 53.9956 -10.7118</i>
                        <i>1 5.52255e-005 -8.27181e-025 -5.51823e-005 0.999218 0.0395359 2.18339e-006 -0.0395359 0.999218 23.287 53.9751 -10.7433</i>
                        <i>1 -0.000197205 0 0.000197094 0.999442 0.0334122 -6.58905e-006 -0.0334122 0.999442 23.3001 53.9904 -10.7914</i>
                        <i>1 -5.97821e-005 2.06795e-025 5.97595e-005 0.999622 0.0275064 -1.64439e-006 -0.0275064 0.999622 23.3023 54.0047 -10.8273</i>
                        <i>1 -0.000205802 -6.61744e-024 0.000205752 0.999757 0.0220217 -4.53213e-006 -0.0220217 0.999758 23.3143 53.9924 -10.8337</i>
                        <i>1 -0.000300093 0 0.000300054 0.999869 0.016156 -4.8483e-006 -0.016156 0.999869 23.3274 53.9552 -10.868</i>
                        <i>1 -0.000563521 1.32349e-023 0.000563492 0.999948 0.0101461 -5.71752e-006 -0.0101461 0.999949 23.3503 53.9291 -10.9188</i>
                        <i>1 -0.000384216 0 0.000384213 0.999991 0.00427695 -1.64327e-006 -0.00427695 0.999991 23.3469 53.9227 -10.955</i>
                        <i>1 0.00018123 1.32349e-023 -0.00018123 0.999999 -0.00134409 -2.43591e-007 0.00134409 0.999999 23.3213 53.9389 -10.9682</i>
                    </KeyFrames>
                </p>
            </i>
            <i>
                <p>
                    <Name><![CDATA[front_hatch]]></Name>
                    <Exclude>1</Exclude>
                    <Additive>0</Additive>
                    <IKPriority>0</IKPriority>
                    <IKRotLimits>-1e+010 -1e+010 -1e+010 1e+010 1e+010 1e+010</IKRotLimits>
                    <IKRotLimitOrder>0</IKRotLimitOrder>
                    <KeyFrames count="16">
                        <i>1 0.00010148 0 0.00010148 -1 -0.000335286 -3.40247e-008 0.000335286 -1 -0.014934 28.5256 13.7214</i>
                        <i>1 -0.00014242 6.61744e-024 -0.00014242 -1 -0.000619184 8.81842e-008 0.000619184 -1 -0.00774862 28.5226 13.7266</i>
                        <i>1 -0.000214466 1.32349e-023 -0.000214466 -1 -0.000689473 1.47869e-007 0.000689473 -1 0.00473398 28.5896 13.7248</i>
                        <i>1 -0.000113215 0 -0.000113215 -1 -0.00036464 4.12827e-008 0.00036464 -1 0.00869008 28.5956 13.7187</i>
                        <i>1 0.000228693 0 0.000228693 -1 -9.78543e-006 -2.23786e-009 9.78543e-006 -1 0.00216682 28.56 13.7125</i>
                        <i>1 0.000388149 4.1359e-025 0.000388149 -1 -1.84205e-005 -7.14992e-009 1.84205e-005 -1 -0.00812048 28.5901 13.7096</i>
                        <i>1 0.000187158 0 0.000187158 -1 -0.000109805 -2.05508e-008 0.000109805 -1 -0.0147222 28.537 13.7159</i>
                        <i>1 0.000220291 1.65436e-024 0.000220291 -1 -0.000121585 -2.6784e-008 0.000121585 -1 -0.0122626 28.5855 13.7233</i>
                        <i>1 5.52255e-005 -8.27181e-025 5.52255e-005 -1 -0.000136362 -7.53065e-009 0.000136362 -1 -0.00903936 28.5697 13.7267</i>
                        <i>1 -0.000197205 0 -0.000197205 -1 6.81188e-005 -1.34333e-008 -6.81188e-005 -1 -0.002335 28.5973 13.7192</i>
                        <i>1 -5.97821e-005 2.06795e-025 -5.97821e-005 -1 5.33868e-005 -3.19157e-009 -5.33868e-005 -1 0.00334596 28.6096 13.7182</i>
                        <i>1 -0.000205802 -6.61744e-024 -0.000205802 -1 -0.00038351 7.89274e-008 0.00038351 -1 0.0116213 28.5918 13.736</i>
                        <i>1 -0.000300093 0 -0.000300093 -1 -0.000439999 1.32041e-007 0.000439999 -1 0.0223417 28.5574 13.7356</i>
                        <i>1 -0.000563521 1.32349e-023 -0.000563521 -1 -0.000352797 1.98809e-007 0.000352797 -1 0.0385064 28.5419 13.7224</i>
                        <i>1 -0.000384216 0 -0.000384216 -1 -0.000406806 1.56301e-007 0.000406806 -1 0.0396635 28.5324 13.7201</i>
                        <i>1 0.00018123 1.32349e-023 0.00018123 -1 -0.000709039 -1.28499e-007 0.000709039 -1 0.0284166 28.5306 13.7346</i>
                    </KeyFrames>
                </p>
            </i>
            <i>
                <p>
                    <Name><![CDATA[laser_cannon_slide]]></Name>
                    <Exclude>1</Exclude>
                    <Additive>0</Additive>
                    <IKPriority>0</IKPriority>
                    <IKRotLimits>-1e+010 -1e+010 -1e+010 1e+010 1e+010 1e+010</IKRotLimits>
                    <IKRotLimitOrder>0</IKRotLimitOrder>
                    <KeyFrames count="16">
                        <i>1 0.00010148 0 -0.00010148 1 0.000335286 3.40247e-008 -0.000335286 1 -0.0158395 37.4489 -4.92061</i>
                        <i>1 -0.00014242 6.61744e-024 0.00014242 1 0.000619184 -8.81842e-008 -0.000619184 1 -0.006477 37.4512 -4.91289</i>
                        <i>1 -0.000214466 1.32349e-023 0.000214466 1 0.000689473 -1.47869e-007 -0.000689473 1 0.00664915 37.5195 -4.91406</i>
                        <i>1 -0.000113215 0 0.000113215 1 0.00036464 -4.12827e-008 -0.00036464 1 0.00970039 37.5195 -4.92303</i>
                        <i>1 0.000228693 0 -0.000228693 1 9.78543e-006 2.23786e-009 -9.78543e-006 1 0.000127509 37.4773 -4.93236</i>
                        <i>1 0.000388149 4.1359e-025 -0.000388149 1 1.84205e-005 7.14992e-009 -1.84205e-005 1 -0.0115818 37.5075 -4.93518</i>
                        <i>1 0.000187158 0 -0.000187158 1 0.000109805 2.05508e-008 -0.000109805 1 -0.0163915 37.4561 -4.92813</i>
                        <i>1 0.000220291 1.65436e-024 -0.000220291 1 0.000121585 2.6784e-008 -0.000121585 1 -0.0142275 37.5049 -4.92064</i>
                        <i>1 5.52255e-005 -8.27181e-025 -5.52255e-005 1 0.000136362 7.53065e-009 -0.000136362 1 -0.00953195 37.4893 -4.91704</i>
                        <i>1 -0.000197205 0 0.000197205 1 -6.81188e-005 1.34333e-008 6.81188e-005 1 -0.000576762 37.5131 -4.92642</i>
                        <i>1 -5.97821e-005 2.06795e-025 5.97821e-005 1 -5.33868e-005 3.19157e-009 5.33868e-005 1 0.00387899 37.5257 -4.92724</i>
                        <i>1 -0.000205802 -6.61744e-024 0.000205802 1 0.00038351 -7.89274e-008 -0.00038351 1 0.0134579 37.516 -4.90553</i>
                        <i>1 -0.000300093 0 0.000300093 1 0.000439999 -1.32041e-007 -0.000439999 1 0.0250201 37.4827 -4.90543</i>
                        <i>1 -0.000563521 1.32349e-023 0.000563521 1 0.000352797 -1.98809e-007 -0.000352797 1 0.0435351 37.4655 -4.91941</i>
                        <i>1 -0.000384216 0 0.000384216 1 0.000406806 -1.56301e-007 -0.000406806 1 0.0430925 37.457 -4.92123</i>
                        <i>1 0.00018123 1.32349e-023 -0.00018123 1 0.000709039 1.28499e-007 -0.000709039 1 0.0267982 37.4609 -4.90409</i>
                    </KeyFrames>
                </p>
            </i>
            <i>
                <p>
                    <Name><![CDATA[laser_cannon]]></Name>
                    <Exclude>1</Exclude>
                    <Additive>0</Additive>
                    <IKPriority>0</IKPriority>
                    <IKRotLimits>-1e+010 -1e+010 -1e+010 1e+010 1e+010 1e+010</IKRotLimits>
                    <IKRotLimitOrder>0</IKRotLimitOrder>
                    <KeyFrames count="16">
                        <i>1 0.00010148 0 -0.00010148 1 0.000335286 3.40247e-008 -0.000335286 1 -0.0158395 37.4489 -4.92061</i>
                        <i>1 -0.00014242 6.61744e-024 0.00014242 1 0.000619184 -8.81842e-008 -0.000619184 1 -0.006477 37.4512 -4.91289</i>
                        <i>1 -0.000214466 1.32349e-023 0.000214466 1 0.000689473 -1.47869e-007 -0.000689473 1 0.00664915 37.5195 -4.91406</i>
                        <i>1 -0.000113215 0 0.000113215 1 0.00036464 -4.12827e-008 -0.00036464 1 0.00970039 37.5195 -4.92303</i>
                        <i>1 0.000228693 0 -0.000228693 1 9.78543e-006 2.23786e-009 -9.78543e-006 1 0.000127509 37.4773 -4.93236</i>
                        <i>1 0.000388149 4.1359e-025 -0.000388149 1 1.84205e-005 7.14992e-009 -1.84205e-005 1 -0.0115818 37.5075 -4.93518</i>
                        <i>1 0.000187158 0 -0.000187158 1 0.000109805 2.05508e-008 -0.000109805 1 -0.0163915 37.4561 -4.92813</i>
                        <i>1 0.000220291 1.65436e-024 -0.000220291 1 0.000121585 2.6784e-008 -0.000121585 1 -0.0142275 37.5049 -4.92064</i>
                        <i>1 5.52255e-005 -8.27181e-025 -5.52255e-005 1 0.000136362 7.53065e-009 -0.000136362 1 -0.00953195 37.4893 -4.91704</i>
                        <i>1 -0.000197205 0 0.000197205 1 -6.81188e-005 1.34333e-008 6.81188e-005 1 -0.000576762 37.5131 -4.92642</i>
                        <i>1 -5.97821e-005 2.06795e-025 5.97821e-005 1 -5.33868e-005 3.19157e-009 5.33868e-005 1 0.00387899 37.5257 -4.92724</i>
                        <i>1 -0.000205802 -6.61744e-024 0.000205802 1 0.00038351 -7.89274e-008 -0.00038351 1 0.0134579 37.516 -4.90553</i>
                        <i>1 -0.000300093 0 0.000300093 1 0.000439999 -1.32041e-007 -0.000439999 1 0.0250201 37.4827 -4.90543</i>
                        <i>1 -0.000563521 1.32349e-023 0.000563521 1 0.000352797 -1.98809e-007 -0.000352797 1 0.0435351 37.4655 -4.91941</i>
                        <i>1 -0.000384216 0 0.000384216 1 0.000406806 -1.56301e-007 -0.000406806 1 0.0430925 37.457 -4.92123</i>
                        <i>1 0.00018123 1.32349e-023 -0.00018123 1 0.000709039 1.28499e-007 -0.000709039 1 0.0267982 37.4609 -4.90409</i>
                    </KeyFrames>
                </p>
            </i>
            <i>
                <p>
                    <Name><![CDATA[laser_barrel]]></Name>
                    <Exclude>1</Exclude>
                    <Additive>0</Additive>
                    <IKPriority>0</IKPriority>
                    <IKRotLimits>-1e+010 -1e+010 -1e+010 1e+010 1e+010 1e+010</IKRotLimits>
                    <IKRotLimitOrder>0</IKRotLimitOrder>
                    <KeyFrames count="16">
                        <i>1 0.00010148 0 -0.00010148 1 0.000335286 3.40247e-008 -0.000335286 1 -0.0158395 37.4484 -3.25261</i>
                        <i>1 -0.00014242 6.61744e-024 0.00014242 1 0.000619184 -8.81842e-008 -0.000619184 1 -0.00647715 37.4502 -3.24489</i>
                        <i>1 -0.000214466 1.32349e-023 0.000214466 1 0.000689473 -1.47869e-007 -0.000689473 1 0.0066489 37.5184 -3.24606</i>
                        <i>1 -0.000113215 0 0.000113215 1 0.00036464 -4.12827e-008 -0.00036464 1 0.00970033 37.5189 -3.25503</i>
                        <i>1 0.000228693 0 -0.000228693 1 9.78543e-006 2.23786e-009 -9.78543e-006 1 0.000127512 37.4772 -3.26436</i>
                        <i>1 0.000388149 4.1359e-025 -0.000388149 1 1.84205e-005 7.14992e-009 -1.84205e-005 1 -0.0115818 37.5075 -3.26718</i>
                        <i>1 0.000187158 0 -0.000187158 1 0.000109805 2.05508e-008 -0.000109805 1 -0.0163914 37.4559 -3.26013</i>
                        <i>1 0.000220291 1.65436e-024 -0.000220291 1 0.000121585 2.6784e-008 -0.000121585 1 -0.0142274 37.5047 -3.25264</i>
                        <i>1 5.52255e-005 -8.27181e-025 -5.52255e-005 1 0.000136362 7.53065e-009 -0.000136362 1 -0.00953193 37.4891 -3.24904</i>
                        <i>1 -0.000197205 0 0.000197205 1 -6.81188e-005 1.34333e-008 6.81188e-005 1 -0.000576739 37.5132 -3.25842</i>
                        <i>1 -5.97821e-005 2.06795e-025 5.97821e-005 1 -5.33868e-005 3.19157e-009 5.33868e-005 1 0.00387899 37.5258 -3.25924</i>
                        <i>1 -0.000205802 -6.61744e-024 0.000205802 1 0.00038351 -7.89274e-008 -0.00038351 1 0.0134578 37.5154 -3.23753</i>
                        <i>1 -0.000300093 0 0.000300093 1 0.000439999 -1.32041e-007 -0.000439999 1 0.0250199 37.482 -3.23743</i>
                        <i>1 -0.000563521 1.32349e-023 0.000563521 1 0.000352797 -1.98809e-007 -0.000352797 1 0.0435347 37.4649 -3.25141</i>
                        <i>1 -0.000384216 0 0.000384216 1 0.000406806 -1.56301e-007 -0.000406806 1 0.0430922 37.4563 -3.25323</i>
                        <i>1 0.00018123 1.32349e-023 -0.00018123 1 0.000709039 1.28499e-007 -0.000709039 1 0.0267984 37.4597 -3.23609</i>
                    </KeyFrames>
                </p>
            </i>
            <i>
                <p>
                    <Name><![CDATA[r_shoulder]]></Name>
                    <Exclude>1</Exclude>
                    <Additive>0</Additive>
                    <IKPriority>0</IKPriority>
                    <IKRotLimits>-1e+010 -1e+010 -1e+010 1e+010 1e+010 1e+010</IKRotLimits>
                    <IKRotLimitOrder>0</IKRotLimitOrder>
                    <KeyFrames count="16">
                        <i>3.40247e-008 -0.000335286 1 0.00010148 -1 -0.000335286 1 0.00010148 -2.22045e-016 -16.1318 44.5274 -24.0012</i>
                        <i>-8.81842e-008 -0.000619184 1 -0.00014242 -1 -0.000619184 1 -0.00014242 -2.22045e-016 -16.1207 44.539 -23.9915</i>
                        <i>-1.47869e-007 -0.000689473 1 -0.000214466 -1 -0.000689473 1 -0.000214466 -2.22045e-016 -16.1071 44.6098 -23.9922</i>
                        <i>-4.12827e-008 -0.00036464 1 -0.000113215 -1 -0.00036464 1 -0.000113215 -2.22045e-016 -16.1047 44.602 -24.0034</i>
                        <i>2.23786e-009 -9.78543e-006 1 0.000228693 -1 -9.78543e-006 1 0.000228693 -2.22045e-016 -16.1167 44.5475 -24.0153</i>
                        <i>7.14993e-009 -1.84205e-005 1 0.000388149 -1 -1.84205e-005 1 0.000388149 -2.22045e-016 -16.1296 44.5754 -24.018</i>
                        <i>2.05508e-008 -0.000109805 1 0.000187158 -1 -0.000109805 1 0.000187158 -2.22045e-016 -16.133 44.5289 -24.0103</i>
                        <i>2.6784e-008 -0.000121585 1 0.000220291 -1 -0.000121585 1 0.000220291 -2.22045e-016 -16.131 44.5774 -24.0028</i>
                        <i>7.53065e-009 -0.000136362 1 5.52255e-005 -1 -0.000136362 1 5.52255e-005 -2.22045e-016 -16.1252 44.5647 -23.9991</i>
                        <i>1.34333e-008 6.81188e-005 1 -0.000197205 -1 6.81188e-005 1 -0.000197205 -2.22045e-016 -16.1144 44.5887 -24.0099</i>
                        <i>3.19157e-009 5.33868e-005 1 -5.97821e-005 -1 5.33868e-005 1 -5.97821e-005 -2.22045e-016 -16.1109 44.5994 -24.0106</i>
                        <i>-7.89274e-008 -0.00038351 1 -0.000205802 -1 -0.00038351 1 -0.000205802 -2.22045e-016 -16.1003 44.6004 -23.9858</i>
                        <i>-1.32041e-007 -0.000439999 1 -0.000300093 -1 -0.000439999 1 -0.000300093 -2.22045e-016 -16.0881 44.5697 -23.9853</i>
                        <i>-1.98809e-007 -0.000352797 1 -0.000563521 -1 -0.000352797 1 -0.000563521 -2.22045e-016 -16.0677 44.555 -23.9999</i>
                        <i>-1.56301e-007 -0.000406806 1 -0.000384216 -1 -0.000406806 1 -0.000384216 -2.22045e-016 -16.0694 44.5447 -24.0013</i>
                        <i>1.28499e-007 -0.000709039 1 0.00018123 -1 -0.000709039 1 0.00018123 -2.22045e-016 -16.0897 44.5452 -23.982</i>
                    </KeyFrames>
                </p>
            </i>
            <i>
                <p>
                    <Name><![CDATA[r_elbow]]></Name>
                    <Exclude>1</Exclude>
                    <Additive>0</Additive>
                    <IKPriority>0</IKPriority>
                    <IKRotLimits>-1e+010 -1e+010 -1e+010 1e+010 1e+010 1e+010</IKRotLimits>
                    <IKRotLimitOrder>0</IKRotLimitOrder>
                    <KeyFrames count="16">
