<?xml version="1.0" encoding="ISO-8859-1" ?>
<Animl Version="1">
    <ModellingPackage><![CDATA[Maya.2010]]></ModellingPackage>
    <SrcFile><![CDATA[anims\bosses\red\~src\boss_beetle\boss_beetle_flyin.mb]]></SrcFile>
    <FramesPerSecond>30</FramesPerSecond>
    <TotalFrames>800</TotalFrames>
    <Skeleton>
        <RefFrame>
            <Name><![CDATA[boss_beetle_torso_ref_frame]]></Name>
            <Exclude>0</Exclude>
            <Additive>0</Additive>
            <IKPriority>0</IKPriority>
            <IKRotLimits>-1e+010 -1e+010 -1e+010 1e+010 1e+010 1e+010</IKRotLimits>
            <IKRotLimitOrder>0</IKRotLimitOrder>
            <KeyFrames count="800">
                <i>-0.692797 -0.00670761 0.721101 -0.00212857 0.999971 0.00725661 -0.721129 0.00349245 -0.692791 544.713 -14.2106 30.1298</i>
                <i>-0.692404 -0.00694251 0.721477 -0.00269267 0.999972 0.0070382 -0.721505 0.00293058 -0.692403 544.37 -12.6896 30.0607</i>
                <i>-0.691968 -0.00718308 0.721892 -0.00331984 0.999972 0.00676784 -0.721921 0.00228657 -0.691972 544.039 -11.1371 30.0048</i>
                <i>-0.69149 -0.00742924 0.722348 -0.00400879 0.999971 0.00644701 -0.722375 0.00156231 -0.6915 543.719 -9.55096 29.961</i>
                <i>-0.690971 -0.00768087 0.722841 -0.00475824 0.99997 0.00607717 -0.722866 0.000759694 -0.690987 543.41 -7.92114 29.9284</i>
                <i>-0.690412 -0.00793787 0.723373 -0.00556693 0.999968 0.00565979 -0.723395 -0.000119379 -0.690434 543.112 -6.23216 29.906</i>
                <i>-0.689813 -0.00820015 0.723941 -0.00643361 0.999966 0.00519639 -0.723959 -0.00107302 -0.689842 542.824 -4.54249 29.8924</i>
                <i>-0.689175 -0.0084676 0.724546 -0.00735702 0.999962 0.00468846 -0.724558 -0.00209933 -0.689211 542.546 -2.85243 29.8867</i>
                <i>-0.688498 -0.00874012 0.725185 -0.00833593 0.999957 0.00413751 -0.72519 -0.00319643 -0.688542 542.277 -1.16714 29.8878</i>
                <i>-0.687785 -0.00901761 0.725859 -0.00936912 0.99995 0.00354508 -0.725854 -0.00436241 -0.687835 542.017 0.53389 29.8947</i>
                <i>-0.687034 -0.00929997 0.726566 -0.0104553 0.999941 0.00291268 -0.72655 -0.00559538 -0.687091 541.767 2.22697 29.9065</i>
                <i>-0.686247 -0.00958711 0.727305 -0.0115934 0.99993 0.00224187 -0.727276 -0.00689345 -0.68631 541.524 3.9489 29.9222</i>
                <i>-0.685425 -0.00987891 0.728076 -0.012782 0.999917 0.00153416 -0.728031 -0.00825473 -0.685494 541.289 5.68935 29.9407</i>
                <i>-0.684568 -0.0101753 0.728878 -0.01402 0.999901 0.00079111 -0.728814 -0.00967731 -0.684643 541.062 7.48072 29.9609</i>
                <i>-0.683677 -0.0104761 0.72971 -0.0153062 0.999883 1.4257e-005 -0.729624 -0.0111593 -0.683757 540.841 9.28488 29.9819</i>
                <i>-0.682753 -0.0107813 0.73057 -0.0166392 0.999861 -0.000794857 -0.73046 -0.0126988 -0.682838 540.627 11.052 30.0027</i>
                <i>-0.681796 -0.0110907 0.731458 -0.018018 0.999836 -0.00163469 -0.73132 -0.0142939 -0.681885 540.42 12.8236 30.0222</i>
                <i>-0.680808 -0.0114043 0.732373 -0.0194412 0.999808 -0.0025037 -0.732204 -0.0159428 -0.680899 540.218 14.6236 30.0395</i>
                <i>-0.679788 -0.0117219 0.733315 -0.0209077 0.999776 -0.00340035 -0.73311 -0.0176434 -0.679881 540.021 16.4926 30.053</i>
                <i>-0.678738 -0.0120434 0.734281 -0.0224161 0.999739 -0.00432312 -0.734038 -0.019394 -0.678832 539.829 18.3672 30.0621</i>
                <i>-0.677659 -0.0123688 0.735272 -0.0239653 0.999699 -0.00527047 -0.734986 -0.0211926 -0.677751 539.642 20.2099 30.0661</i>
                <i>-0.676551 -0.0126978 0.736287 -0.0255539 0.999654 -0.00624089 -0.735953 -0.0230373 -0.676641 539.46 22.0495 30.0638</i>
                <i>-0.675414 -0.0130304 0.737324 -0.0271807 0.999604 -0.00723286 -0.736938 -0.0249262 -0.675501 539.28 23.9402 30.0536</i>
                <i>-0.67425 -0.0133665 0.738382 -0.0288444 0.99955 -0.00824489 -0.73794 -0.0268573 -0.674332 539.104 25.8375 30.0349</i>
                <i>-0.673059 -0.0137059 0.739461 -0.0305438 0.99949 -0.00927547 -0.738957 -0.0288289 -0.673135 538.932 27.7024 30.0072</i>
                <i>-0.671843 -0.0140486 0.74056 -0.0322775 0.999426 -0.0103231 -0.73999 -0.0308389 -0.67191 538.762 29.5937 29.9687</i>
                <i>-0.670601 -0.0143943 0.741679 -0.0340442 0.999355 -0.0113864 -0.741037 -0.0328856 -0.670659 538.594 31.4917 29.9186</i>
                <i>-0.669335 -0.014743 0.742815 -0.0358425 0.99928 -0.0124638 -0.742096 -0.0349668 -0.669381 538.429 33.3904 29.8561</i>
                <i>-0.668045 -0.0150945 0.743968 -0.0376713 0.999198 -0.0135539 -0.743167 -0.0370808 -0.668078 538.265 35.2864 29.7801</i>
                <i>-0.666732 -0.0154487 0.745137 -0.039529 0.999111 -0.0146553 -0.744248 -0.0392257 -0.66675 538.103 37.1656 29.6899</i>
                <i>-0.665397 -0.0158055 0.746322 -0.0414143 0.999018 -0.0157665 -0.74534 -0.0413994 -0.665398 537.943 39.0213 29.5848</i>
                <i>-0.664041 -0.0161648 0.747521 -0.0433258 0.998918 -0.0168862 -0.74644 -0.0436001 -0.664023 537.782 40.9167 29.4623</i>
                <i>-0.662664 -0.0165263 0.748734 -0.0452622 0.998813 -0.018013 -0.747548 -0.0458259 -0.662626 537.62 42.8255 29.3219</i>
                <i>-0.661268 -0.01689 0.74996 -0.047222 0.998701 -0.0191455 -0.748662 -0.0480749 -0.661206 537.459 44.7214 29.1632</i>
                <i>-0.659852 -0.0172557 0.751197 -0.0492038 0.998583 -0.0202823 -0.749783 -0.0503451 -0.659766 537.298 46.6036 28.9852</i>
                <i>-0.658418 -0.0176232 0.752446 -0.0512061 0.998458 -0.0214222 -0.750908 -0.0526346 -0.658306 537.136 48.4956 28.7863</i>
                <i>-0.656967 -0.0179924 0.753704 -0.0532276 0.998327 -0.0225638 -0.752038 -0.0549415 -0.656826 536.972 50.3843 28.5659</i>
                <i>-0.6555 -0.0183632 0.754972 -0.0552666 0.99819 -0.0237058 -0.75317 -0.0572639 -0.655328 536.806 52.2957 28.322</i>
                <i>-0.654016 -0.0187354 0.756248 -0.0573217 0.998047 -0.024847 -0.754305 -0.0595998 -0.653813 536.639 54.1796 28.0551</i>
                <i>-0.652518 -0.0191088 0.757532 -0.0593914 0.997896 -0.0259861 -0.755442 -0.0619473 -0.65228 536.469 56.0781 27.7629</i>
                <i>-0.651006 -0.0194833 0.758823 -0.0614741 0.99774 -0.0271219 -0.756579 -0.0643045 -0.650732 536.296 57.9722 27.4449</i>
                <i>-0.64948 -0.0198587 0.760119 -0.0635684 0.997577 -0.0282532 -0.757716 -0.0666695 -0.649169 536.121 59.8365 27.1127</i>
                <i>-0.647943 -0.0202349 0.76142 -0.0656727 0.997409 -0.0293788 -0.758853 -0.0690403 -0.647592 535.943 61.7054 26.7762</i>
                <i>-0.646393 -0.0206116 0.762726 -0.0677853 0.997234 -0.0304976 -0.759987 -0.071415 -0.646002 535.762 63.5582 26.4356</i>
                <i>-0.644833 -0.0209888 0.764035 -0.0699046 0.997053 -0.0316084 -0.76112 -0.0737917 -0.6444 535.574 65.4498 26.0885</i>
                <i>-0.643264 -0.0213662 0.765347 -0.0720292 0.996866 -0.0327101 -0.762249 -0.0761685 -0.642787 535.381 67.3368 25.7358</i>
                <i>-0.641685 -0.0217436 0.76666 -0.0741572 0.996674 -0.0338016 -0.763375 -0.0785434 -0.641163 535.184 69.2094 25.3776</i>
                <i>-0.640099 -0.0221209 0.767974 -0.0762872 0.996476 -0.0348819 -0.764496 -0.0809145 -0.63953 534.983 71.0537 25.014</i>
                <i>-0.638505 -0.0224979 0.769289 -0.0784174 0.996272 -0.03595 -0.765612 -0.0832798 -0.637889 534.783 72.8206 24.6468</i>
                <i>-0.636906 -0.0228744 0.770602 -0.0805461 0.996064 -0.0370047 -0.766723 -0.0856376 -0.636241 534.574 74.6065 24.2715</i>
                <i>-0.635301 -0.0232503 0.771915 -0.0826718 0.99585 -0.0380452 -0.767827 -0.0879857 -0.634587 534.357 76.4179 23.887</i>
                <i>-0.633692 -0.0236252 0.773225 -0.0847925 0.995632 -0.0390705 -0.768925 -0.0903223 -0.632927 534.135 78.2163 23.4948</i>
                <i>-0.632079 -0.0239992 0.774532 -0.0869067 0.99541 -0.0400796 -0.770015 -0.0926455 -0.631263 533.908 79.9753 23.0956</i>
                <i>-0.630464 -0.0243719 0.775836 -0.0890127 0.995183 -0.0410716 -0.771098 -0.0949534 -0.629597 533.676 81.6964 22.689</i>
                <i>-0.628848 -0.0247432 0.777135 -0.0911085 0.994953 -0.0420457 -0.772172 -0.0972439 -0.627928 533.437 83.4159 22.2728</i>
                <i>-0.627231 -0.0251128 0.778428 -0.0931926 0.994719 -0.0430009 -0.773238 -0.0995153 -0.626259 533.189 85.1367 21.8462</i>
                <i>-0.625615 -0.0254806 0.779716 -0.0952631 0.994482 -0.0439365 -0.774294 -0.101766 -0.62459 532.933 86.856 21.4088</i>
                <i>-0.624 -0.0258464 0.780997 -0.0973183 0.994242 -0.0448516 -0.775341 -0.103993 -0.622922 532.665 88.594 20.9592</i>
                <i>-0.622387 -0.02621 0.78227 -0.0993563 0.994 -0.0457455 -0.776378 -0.106195 -0.621257 532.392 90.2961 20.4996</i>
                <i>-0.620778 -0.0265711 0.783536 -0.101375 0.993755 -0.0466174 -0.777404 -0.10837 -0.619595 532.11 91.9691 20.0294</i>
                <i>-0.619174 -0.0269297 0.784792 -0.103374 0.993509 -0.0474665 -0.77842 -0.110517 -0.617939 531.821 93.6186 19.5478</i>
                <i>-0.617575 -0.0272854 0.786039 -0.105349 0.993262 -0.0482921 -0.779425 -0.112632 -0.616288 531.521 95.255 19.0529</i>
                <i>-0.615982 -0.027638 0.787275 -0.1073 0.993014 -0.0490935 -0.780418 -0.114716 -0.614644 531.211 96.8557 18.5448</i>
                <i>-0.614397 -0.0279875 0.788501 -0.109225 0.992765 -0.0498701 -0.7814 -0.116764 -0.613009 530.889 98.4397 18.022</i>
                <i>-0.61282 -0.0283335 0.789714 -0.111122 0.992517 -0.0506212 -0.782371 -0.118776 -0.611382 530.555 99.9972 17.4846</i>
                <i>-0.611253 -0.0286758 0.790916 -0.112989 0.992269 -0.0513462 -0.783329 -0.12075 -0.609767 530.203 101.578 16.9288</i>
                <i>-0.609696 -0.0290143 0.792104 -0.114823 0.992022 -0.0520444 -0.784274 -0.122683 -0.608163 529.835 103.169 16.3549</i>
                <i>-0.608151 -0.0293487 0.793278 -0.116624 0.991776 -0.0527153 -0.785208 -0.124575 -0.606573 529.455 104.716 15.7658</i>
                <i>-0.606619 -0.0296789 0.794438 -0.11839 0.991533 -0.0533584 -0.786128 -0.126422 -0.604996 529.061 106.249 15.159</i>
                <i>-0.605101 -0.0300046 0.795583 -0.120118 0.991291 -0.0539729 -0.787036 -0.128223 -0.603435 528.651 107.761 14.5347</i>
                <i>-0.603597 -0.0303256 0.796713 -0.121806 0.991053 -0.0545586 -0.78793 -0.129976 -0.601891 528.222 109.291 13.8895</i>
                <i>-0.602109 -0.0306417 0.797826 -0.123453 0.990819 -0.0551147 -0.788812 -0.131679 -0.600364 527.779 110.786 13.2264</i>
                <i>-0.600639 -0.0309527 0.798921 -0.125057 0.990588 -0.0556408 -0.78968 -0.133331 -0.598856 527.325 112.219 12.5469</i>
                <i>-0.599186 -0.0312584 0.799999 -0.126616 0.990362 -0.0561364 -0.790534 -0.134928 -0.597369 526.855 113.623 11.8482</i>
                <i>-0.597753 -0.0315586 0.801059 -0.128127 0.990141 -0.0566011 -0.791376 -0.136471 -0.595903 526.364 115.046 11.1265</i>
                <i>-0.596339 -0.0318531 0.8021 -0.12959 0.989926 -0.0570343 -0.792203 -0.137956 -0.59446 525.853 116.463 10.3828</i>
                <i>-0.594948 -0.0321416 0.803122 -0.131001 0.989717 -0.0574357 -0.793017 -0.139381 -0.59304 525.329 117.824 9.62018</i>
                <i>-0.593578 -0.0324241 0.804123 -0.13236 0.989515 -0.0578047 -0.793817 -0.140745 -0.591646 524.783 119.188 8.83388</i>
                <i>-0.592233 -0.0327001 0.805103 -0.133664 0.98932 -0.058141 -0.794603 -0.142047 -0.590279 524.218 120.532 8.02504</i>
                <i>-0.590912 -0.0329697 0.806062 -0.134912 0.989133 -0.0584441 -0.795375 -0.143283 -0.588938 523.637 121.835 7.19475</i>
                <i>-0.589617 -0.0332325 0.806999 -0.136101 0.988954 -0.0587136 -0.796133 -0.144452 -0.587627 523.039 123.093 6.34268</i>
                <i>-0.588349 -0.0334884 0.807913 -0.137229 0.988784 -0.0589491 -0.796877 -0.145552 -0.586346 522.425 124.303 5.46853</i>
                <i>-0.587109 -0.0337372 0.808804 -0.138295 0.988623 -0.0591502 -0.797607 -0.146581 -0.585095 521.79 125.49 4.57002</i>
                <i>-0.585899 -0.0339786 0.809672 -0.139297 0.988473 -0.0593165 -0.798323 -0.147538 -0.583878 521.127 126.717 3.6417</i>
                <i>-0.584718 -0.0342126 0.810515 -0.140232 0.988332 -0.0594475 -0.799024 -0.14842 -0.582694 520.436 127.966 2.68445</i>
                <i>-0.58357 -0.0344388 0.811332 -0.1411 0.988203 -0.0595428 -0.799711 -0.149226 -0.581545 519.727 129.164 1.71408</i>
                <i>-0.582454 -0.0346571 0.812125 -0.141897 0.988085 -0.0596021 -0.800383 -0.149954 -0.580432 519 130.305 0.741846</i>
                <i>-0.581372 -0.0348674 0.812891 -0.142623 0.98798 -0.0596249 -0.80104 -0.150601 -0.579356 518.253 131.401 -0.233204</i>
                <i>-0.580325 -0.0350693 0.81363 -0.143274 0.987886 -0.0596108 -0.801683 -0.151166 -0.578319 517.484 132.47 -1.21259</i>
                <i>-0.579314 -0.0352629 0.814342 -0.14385 0.987806 -0.0595593 -0.802311 -0.151647 -0.577322 516.688 133.544 -2.19876</i>
                <i>-0.57834 -0.0354478 0.815025 -0.144349 0.987738 -0.05947 -0.802924 -0.152042 -0.576365 515.87 134.573 -3.18805</i>
                <i>-0.577405 -0.0356239 0.81568 -0.144768 0.987685 -0.0593425 -0.803521 -0.152349 -0.575451 515.026 135.595 -4.18341</i>
                <i>-0.576509 -0.035791 0.816306 -0.145106 0.987645 -0.0591762 -0.804103 -0.152566 -0.57458 514.157 136.59 -5.18335</i>
                <i>-0.575668 -0.0359551 0.816893 -0.145226 0.987646 -0.0588703 -0.804684 -0.152523 -0.573777 513.267 137.529 -6.18552</i>
                <i>-0.574893 -0.0361221 0.817431 -0.145001 0.98771 -0.0583317 -0.805278 -0.152063 -0.573065 512.365 138.448 -7.19248</i>
                <i>-0.574183 -0.0362915 0.817922 -0.144447 0.987836 -0.0575718 -0.805884 -0.151203 -0.572441 511.464 139.321 -8.20224</i>
                <i>-0.573537 -0.0364631 0.818368 -0.143578 0.988019 -0.0566015 -0.806499 -0.149962 -0.5719 510.556 140.199 -9.21887</i>
                <i>-0.572951 -0.0366367 0.81877 -0.142407 0.988255 -0.0554316 -0.807123 -0.148358 -0.571439 509.648 141.051 -10.2398</i>
                <i>-0.572426 -0.0368118 0.81913 -0.140949 0.988539 -0.0540729 -0.807751 -0.146408 -0.571054 508.739 141.859 -11.2638</i>
                <i>-0.571958 -0.0369882 0.819448 -0.139218 0.988867 -0.0525359 -0.808383 -0.14413 -0.57074 507.83 142.623 -12.2909</i>
                <i>-0.571546 -0.0371653 0.819728 -0.137229 0.989234 -0.0508309 -0.809014 -0.141543 -0.570493 506.929 143.279 -13.3167</i>
                <i>-0.571188 -0.0373429 0.819969 -0.134996 0.989635 -0.0489682 -0.809642 -0.138663 -0.570309 506.022 143.934 -14.3488</i>
                <i>-0.570882 -0.0375205 0.820174 -0.132534 0.990065 -0.046958 -0.810264 -0.135509 -0.570184 505.106 144.609 -15.3886</i>
                <i>-0.570626 -0.0376978 0.820344 -0.129858 0.99052 -0.0448104 -0.810878 -0.132098 -0.570112 504.186 145.265 -16.4333</i>
                <i>-0.570419 -0.0378743 0.82048 -0.126982 0.990993 -0.0425356 -0.811479 -0.128449 -0.57009 503.266 145.868 -17.4805</i>
                <i>-0.570257 -0.0380496 0.820585 -0.12392 0.99148 -0.0401434 -0.812066 -0.124579 -0.570113 502.347 146.404 -18.5295</i>
                <i>-0.570139 -0.0382233 0.820658 -0.120689 0.991976 -0.037644 -0.812635 -0.120507 -0.570178 501.424 146.906 -19.5825</i>
                <i>-0.570064 -0.038395 0.820703 -0.117302 0.992478 -0.0350473 -0.813184 -0.116249 -0.570279 500.497 147.386 -20.64</i>
                <i>-0.570028 -0.0385642 0.82072 -0.113775 0.992979 -0.0323634 -0.81371 -0.111825 -0.570414 499.566 147.843 -21.702</i>
                <i>-0.57003 -0.0387305 0.82071 -0.110122 0.993477 -0.0296021 -0.81421 -0.107252 -0.570577 498.627 148.305 -22.7696</i>
                <i>-0.570068 -0.0388936 0.820676 -0.106358 0.993967 -0.0267736 -0.814684 -0.102548 -0.570766 497.686 148.717 -23.84</i>
                <i>-0.57014 -0.0390528 0.820619 -0.102499 0.994446 -0.0238879 -0.815128 -0.0977321 -0.570976 496.744 149.066 -24.9124</i>
                <i>-0.570243 -0.039208 0.82054 -0.0985596 0.99491 -0.0209551 -0.815542 -0.0928215 -0.571205 495.799 149.37 -25.9875</i>
                <i>-0.570375 -0.0393586 0.820441 -0.0945547 0.995357 -0.0179852 -0.815924 -0.0878348 -0.571449 494.852 149.634 -27.0651</i>
                <i>-0.570535 -0.0395042 0.820323 -0.0904995 0.995784 -0.0149886 -0.816272 -0.0827903 -0.571704 493.902 149.863 -28.1457</i>
                <i>-0.570719 -0.0396445 0.820188 -0.0864091 0.996188 -0.0119753 -0.816586 -0.0777062 -0.571969 492.947 150.077 -29.2298</i>
                <i>-0.570927 -0.039779 0.820037 -0.0822986 0.996567 -0.00895572 -0.816866 -0.072601 -0.572241 491.987 150.27 -30.3171</i>
                <i>-0.571154 -0.0399074 0.819872 -0.0781832 0.996921 -0.00594012 -0.817111 -0.067493 -0.572516 491.02 150.48 -31.4087</i>
                <i>-0.5714 -0.0400293 0.819695 -0.074078 0.997248 -0.0029389 -0.817321 -0.0624006 -0.572793 490.048 150.677 -32.5035</i>
                <i>-0.571662 -0.0401444 0.819506 -0.0699979 0.997547 3.75077e-005 -0.817498 -0.0573423 -0.57307 489.074 150.809 -33.6001</i>
                <i>-0.571938 -0.0402522 0.819308 -0.0659582 0.997818 0.00297861 -0.81764 -0.0523365 -0.573345 488.095 150.908 -34.6996</i>
                <i>-0.572226 -0.0403525 0.819103 -0.0619738 0.998061 0.00587387 -0.817751 -0.0474017 -0.573617 487.111 150.999 -35.8023</i>
                <i>-0.572523 -0.040445 0.818891 -0.0580597 0.998275 0.00871268 -0.817831 -0.0425563 -0.573883 486.118 151.129 -36.909</i>
                <i>-0.572826 -0.0405292 0.818674 -0.054231 0.998462 0.0114844 -0.817881 -0.0378189 -0.574143 485.119 151.254 -38.0186</i>
                <i>-0.573135 -0.0406049 0.818455 -0.0505025 0.998623 0.0141783 -0.817904 -0.0332079 -0.574396 484.116 151.32 -39.1304</i>
                <i>-0.573445 -0.0406718 0.818234 -0.0468892 0.998759 0.0167837 -0.817901 -0.0287418 -0.574641 483.108 151.358 -40.245</i>
                <i>-0.573756 -0.0407296 0.818013 -0.0434059 0.998871 0.0192897 -0.817875 -0.024439 -0.574876 482.093 151.409 -41.3626</i>
                <i>-0.574065 -0.040778 0.817794 -0.0400674 0.998962 0.0216857 -0.817829 -0.0203179 -0.575102 481.071 151.468 -42.483</i>
                <i>-0.574368 -0.0408167 0.817579 -0.0368885 0.999032 0.0239605 -0.817765 -0.0163971 -0.575318 480.043 151.468 -43.606</i>
                <i>-0.574665 -0.0408455 0.817368 -0.0338839 0.999085 0.0261035 -0.817687 -0.0126949 -0.575524 479.009 151.473 -44.7319</i>
                <i>-0.574953 -0.040864 0.817165 -0.0310683 0.999122 0.0281036 -0.817596 -0.00922972 -0.575718 477.967 151.472 -45.8605</i>
                <i>-0.575229 -0.040872 0.81697 -0.0284564 0.999146 0.0299499 -0.817497 -0.00601995 -0.575901 476.919 151.457 -46.9917</i>
                <i>-0.575492 -0.0408693 0.816786 -0.0260626 0.99916 0.0316314 -0.817392 -0.00308395 -0.576073 475.863 151.427 -48.1258</i>
                <i>-0.575738 -0.0408555 0.816613 -0.0239016 0.999165 0.0331372 -0.817285 -0.000440052 -0.576233 474.801 151.372 -49.2626</i>
                <i>-0.575965 -0.0408304 0.816454 -0.021988 0.999164 0.0344562 -0.817179 0.00189341 -0.576381 473.73 151.28 -50.4025</i>
                <i>-0.576171 -0.0407937 0.81631 -0.0203361 0.99916 0.0355775 -0.817076 0.00389813 -0.576517 472.652 151.208 -51.5449</i>
                <i>-0.576354 -0.0407451 0.816184 -0.0189607 0.999154 0.03649 -0.81698 0.00555579 -0.576639 471.567 151.153 -52.6896</i>
                <i>-0.576511 -0.0406843 0.816076 -0.017876 0.999149 0.0371828 -0.816894 0.0068481 -0.576747 470.473 151.078 -53.8372</i>
                <i>-0.57664 -0.040611 0.815988 -0.0170967 0.999145 0.0376448 -0.81682 0.00775677 -0.576841 469.371 150.991 -54.9874</i>
                <i>-0.576735 -0.040525 0.815925 -0.016732 0.999145 0.0377981 -0.81676 0.00814747 -0.57692 468.266 150.895 -56.1394</i>
                <i>-0.576793 -0.0404258 0.81589 -0.016861 0.999151 0.0375862 -0.816717 0.00792272 -0.576985 467.162 150.806 -57.292</i>
                <i>-0.576811 -0.040313 0.815882 -0.0174532 0.999162 0.0370299 -0.816691 0.00711955 -0.577031 466.059 150.736 -58.4453</i>
                <i>-0.576789 -0.0401863 0.815904 -0.018478 0.999175 0.0361505 -0.816684 0.00577496 -0.577056 464.956 150.641 -59.6002</i>
                <i>-0.576727 -0.0400452 0.815955 -0.0199049 0.99919 0.0349689 -0.816695 0.00392601 -0.577057 463.851 150.56 -60.7564</i>
                <i>-0.576622 -0.0398891 0.816037 -0.0217035 0.999203 0.0335065 -0.816723 0.00160973 -0.577028 462.744 150.483 -61.9142</i>
                <i>-0.576475 -0.0397175 0.816149 -0.0238435 0.99921 0.0317846 -0.816767 -0.00113683 -0.576966 461.634 150.38 -63.0741</i>
                <i>-0.576283 -0.0395299 0.816293 -0.0262944 0.999209 0.0298245 -0.816827 -0.0042766 -0.576867 460.519 150.288 -64.236</i>
                <i>-0.576047 -0.0393257 0.81647 -0.0290261 0.999196 0.0276479 -0.816901 -0.00777248 -0.576725 459.399 150.183 -65.4003</i>
                <i>-0.575765 -0.0391043 0.816679 -0.0320083 0.999168 0.0252762 -0.816988 -0.0115873 -0.576538 458.272 150.119 -66.5671</i>
                <i>-0.575437 -0.0388653 0.816922 -0.0352106 0.999121 0.0227312 -0.817088 -0.015684 -0.5763 457.138 150.072 -67.7368</i>
                <i>-0.575061 -0.0386078 0.817199 -0.038603 0.999054 0.0200345 -0.817199 -0.0200253 -0.576008 455.995 150.015 -68.9095</i>
                <i>-0.574637 -0.0383315 0.81751 -0.0421553 0.998963 0.0172081 -0.817322 -0.0245739 -0.575657 454.843 149.958 -70.0856</i>
                <i>-0.574165 -0.0380357 0.817856 -0.0458371 0.998847 0.0142736 -0.817456 -0.0292928 -0.575246 453.682 149.825 -71.2641</i>
                <i>-0.573642 -0.0377198 0.818237 -0.0496185 0.998705 0.0112531 -0.817602 -0.0341445 -0.574771 452.511 149.716 -72.4461</i>
                <i>-0.573069 -0.0373832 0.818654 -0.0534692 0.998536 0.00816827 -0.817761 -0.0390918 -0.574229 451.325 149.652 -73.6325</i>
                <i>-0.572444 -0.0370254 0.819107 -0.057359 0.998341 0.00504105 -0.817935 -0.0440975 -0.573618 450.126 149.59 -74.8229</i>
                <i>-0.571767 -0.0366458 0.819597 -0.0612578 0.99812 0.00189324 -0.818126 -0.0491242 -0.572937 448.914 149.492 -76.0168</i>
                <i>-0.571037 -0.0362438 0.820124 -0.0651354 0.997876 -0.00125346 -0.818336 -0.0541349 -0.572185 447.688 149.357 -77.2142</i>
                <i>-0.570253 -0.0358188 0.820688 -0.0689616 0.99761 -0.00437733 -0.818569 -0.0590921 -0.571361 446.446 149.218 -78.416</i>
                <i>-0.569415 -0.0353703 0.821289 -0.0727061 0.997326 -0.00745689 -0.818828 -0.0639587 -0.570464 445.186 149.089 -79.623</i>
                <i>-0.568522 -0.0348977 0.821928 -0.0763386 0.997027 -0.0104708 -0.819119 -0.0686976 -0.569496 443.908 148.96 -80.8352</i>
                <i>-0.567572 -0.0344004 0.822605 -0.0798288 0.996719 -0.0133977 -0.819444 -0.0732717 -0.568456 442.608 148.86 -82.054</i>
                <i>-0.566566 -0.033878 0.82332 -0.0831463 0.996405 -0.0162168 -0.819811 -0.0776439 -0.567346 441.289 148.743 -83.2778</i>
                <i>-0.565502 -0.0333297 0.824073 -0.0862606 0.996093 -0.0189074 -0.820223 -0.0817772 -0.566168 439.949 148.599 -84.5065</i>
                <i>-0.56438 -0.0327551 0.824865 -0.0891411 0.995788 -0.0214488 -0.820688 -0.0856346 -0.564923 438.588 148.452 -85.7411</i>
                <i>-0.563199 -0.0321534 0.825696 -0.091757 0.995496 -0.0238209 -0.821211 -0.0891793 -0.563612 437.204 148.286 -86.9811</i>
                <i>-0.561957 -0.0315241 0.826565 -0.0940774 0.995225 -0.0260039 -0.821799 -0.0923742 -0.56224 435.797 148.111 -88.2271</i>
                <i>-0.560655 -0.0308665 0.827474 -0.0960712 0.994981 -0.0279783 -0.822457 -0.0951826 -0.560807 434.367 147.919 -89.4788</i>
                <i>-0.559292 -0.0301799 0.828421 -0.0977071 0.994771 -0.0297248 -0.823192 -0.0975675 -0.559317 432.911 147.709 -90.7365</i>
                <i>-0.557867 -0.0294636 0.829407 -0.0989534 0.994602 -0.031225 -0.82401 -0.099492 -0.557771 431.427 147.529 -92.0032</i>
                <i>-0.556378 -0.0287169 0.830433 -0.0997782 0.99448 -0.0324603 -0.824917 -0.100919 -0.556172 429.912 147.378 -93.2792</i>
                <i>-0.554826 -0.0279388 0.831497 -0.100149 0.994411 -0.033413 -0.825917 -0.101812 -0.554523 428.371 147.203 -94.5616</i>
                <i>-0.553209 -0.0271284 0.832601 -0.100034 0.994401 -0.0340657 -0.827014 -0.102134 -0.552825 426.801 147.026 -95.8522</i>
                <i>-0.551527 -0.0262849 0.833743 -0.099399 0.994453 -0.0344016 -0.828214 -0.101847 -0.55108 425.201 146.84 -97.1505</i>
                <i>-0.549673 -0.0252956 0.834997 -0.0983623 0.994548 -0.0346221 -0.829569 -0.101163 -0.549164 423.578 146.683 -98.4613</i>
                <i>-0.547548 -0.0240544 0.836428 -0.0970692 0.994664 -0.0349391 -0.831125 -0.100322 -0.546961 421.944 146.516 -99.7836</i>
                <i>-0.545163 -0.0225694 0.838026 -0.0955275 0.994799 -0.0353522 -0.83287 -0.0993273 -0.544484 420.301 146.296 -101.114</i>
                <i>-0.542529 -0.0208487 0.839778 -0.0937447 0.99495 -0.0358616 -0.83479 -0.0981807 -0.541744 418.648 146.057 -102.455</i>
                <i>-0.539657 -0.0188999 0.841673 -0.091728 0.995116 -0.0364679 -0.836873 -0.0968851 -0.538755 416.98 145.835 -103.809</i>
                <i>-0.536557 -0.0167307 0.843698 -0.0894848 0.995294 -0.0371718 -0.839106 -0.0954429 -0.53553 415.298 145.645 -105.176</i>
                <i>-0.533241 -0.0143488 0.845842 -0.0870224 0.995482 -0.0379739 -0.841475 -0.0938564 -0.532081 413.606 145.41 -106.552</i>
                <i>-0.529719 -0.0117623 0.848091 -0.0843485 0.995678 -0.0388751 -0.843968 -0.0921282 -0.528422 411.899 145.191 -107.939</i>
                <i>-0.526003 -0.00897921 0.850435 -0.0814709 0.995878 -0.0398757 -0.846572 -0.0902605 -0.524566 410.179 144.979 -109.337</i>
                <i>-0.522103 -0.00600822 0.852861 -0.0783977 0.99608 -0.0409762 -0.849272 -0.0882561 -0.520527 408.446 144.746 -110.744</i>
                <i>-0.51803 -0.00285838 0.855358 -0.0751374 0.996281 -0.0421761 -0.852056 -0.0861179 -0.516318 406.701 144.492 -112.16</i>
                <i>-0.513795 0.000460686 0.857913 -0.0716991 0.996478 -0.0434749 -0.854912 -0.0838487 -0.511953 404.943 144.212 -113.584</i>
                <i>-0.50941 0.00393872 0.860515 -0.0680921 0.996669 -0.0448712 -0.857826 -0.0814522 -0.507445 403.17 143.927 -115.017</i>
                <i>-0.504884 0.00756482 0.863154 -0.0643267 0.996851 -0.0463631 -0.860787 -0.0789318 -0.502808 401.38 143.697 -116.464</i>
                <i>-0.500229 0.0113272 0.865819 -0.0604134 0.997021 -0.0479477 -0.863783 -0.0762919 -0.498055 399.572 143.529 -117.924</i>
                <i>-0.495457 0.0152135 0.868499 -0.0563636 0.997176 -0.0496215 -0.866802 -0.073537 -0.4932 397.749 143.344 -119.392</i>
                <i>-0.490579 0.0192528 0.871184 -0.0521681 0.997314 -0.051417 -0.869834 -0.0706722 -0.488257 395.912 143.137 -120.868</i>
                <i>-0.485608 0.023471 0.873862 -0.0478209 0.997429 -0.0533641 -0.872868 -0.0677029 -0.483237 394.061 142.899 -122.35</i>
                <i>-0.480553 0.0278494 0.876523 -0.043338 0.99752 -0.0554538 -0.875894 -0.0646353 -0.478155 392.194 142.677 -123.844</i>
                <i>-0.475425 0.0323686 0.879161 -0.0387362 0.997584 -0.0576761 -0.878903 -0.061476 -0.473022 390.309 142.487 -125.348</i>
                <i>-0.470231 0.0370083 0.881767 -0.034033 0.997617 -0.0600198 -0.881887 -0.0582323 -0.467851 388.408 142.292 -126.872</i>
                <i>-0.464982 0.0417472 0.884335 -0.0292462 0.997618 -0.0624726 -0.884837 -0.0549121 -0.462653 386.489 142.121 -128.429</i>
                <i>-0.459686 0.0465633 0.88686 -0.0243944 0.997586 -0.0650211 -0.887746 -0.0515237 -0.457441 384.552 141.964 -130.015</i>
                <i>-0.454354 0.0514336 0.889335 -0.0194965 0.997519 -0.0676508 -0.890608 -0.0480763 -0.452223 382.596 141.788 -131.627</i>
                <i>-0.448993 0.0563343 0.891758 -0.0145719 0.997416 -0.0703458 -0.893417 -0.0445794 -0.447012 380.62 141.624 -133.266</i>
                <i>-0.443613 0.061241 0.894123 -0.00964055 0.997279 -0.0730895 -0.896166 -0.0410433 -0.441816 378.624 141.448 -134.927</i>
                <i>-0.438225 0.0661284 0.89643 -0.00472263 0.997107 -0.0758639 -0.898853 -0.0374789 -0.436644 376.607 141.305 -136.615</i>
                <i>-0.432836 0.0709705 0.898675 0.000161286 0.996902 -0.0786501 -0.901473 -0.0338976 -0.431506 374.568 141.185 -138.325</i>
                <i>-0.427456 0.0757408 0.900858 0.00499039 0.996667 -0.0814282 -0.904022 -0.0303113 -0.426409 372.507 141.052 -140.054</i>
                <i>-0.422095 0.080412 0.902978 0.00974345 0.996403 -0.0841771 -0.906499 -0.0267326 -0.42136 370.423 140.926 -141.8</i>
                <i>-0.416762 0.0849563 0.905037 0.0143992 0.996115 -0.0868751 -0.908902 -0.0231744 -0.416366 368.313 140.725 -143.553</i>
                <i>-0.411467 0.0893455 0.907035 0.0189362 0.995807 -0.0894996 -0.911228 -0.0196503 -0.411433 366.178 140.55 -145.322</i>
                <i>-0.40622 0.093551 0.908974 0.0233329 0.995483 -0.092027 -0.913477 -0.0161742 -0.406568 364.02 140.441 -147.109</i>
                <i>-0.40103 0.0975436 0.910857 0.0275677 0.995149 -0.0944331 -0.91565 -0.0127603 -0.401774 361.835 140.366 -148.91</i>
                <i>-0.395909 0.101294 0.912686 0.0316188 0.994812 -0.096693 -0.917745 -0.00942359 -0.397058 359.624 140.289 -150.718</i>
                <i>-0.390867 0.104773 0.914465 0.0354648 0.994477 -0.0987814 -0.919764 -0.00617899 -0.392424 357.383 140.191 -152.528</i>
                <i>-0.385913 0.10795 0.916197 0.0390841 0.994152 -0.100672 -0.921707 -0.00304194 -0.387875 355.118 140.102 -154.343</i>
                <i>-0.381061 0.110795 0.917887 0.0424552 0.993843 -0.102339 -0.923575 -2.81194e-005 -0.383418 352.833 140.041 -156.163</i>
                <i>-0.37632 0.11328 0.919538 0.0455569 0.993559 -0.103754 -0.925369 0.00284656 -0.379057 350.527 140.007 -157.984</i>
                <i>-0.371704 0.115372 0.921154 0.0483682 0.993307 -0.104892 -0.927091 0.005566 -0.374796 348.201 140.029 -159.81</i>
                <i>-0.367224 0.117043 0.922739 0.0508682 0.993094 -0.105723 -0.928741 0.00811393 -0.370642 345.854 140.068 -161.632</i>
                <i>-0.362894 0.118263 0.924295 0.0530363 0.992927 -0.106222 -0.93032 0.010474 -0.366599 343.482 140.094 -163.446</i>
                <i>-0.358726 0.119003 0.925826 0.0548524 0.992814 -0.106359 -0.93183 0.0126298 -0.362676 341.086 140.123 -165.251</i>
                <i>-0.354736 0.119232 0.927333 0.0562965 0.99276 -0.106109 -0.93327 0.0145651 -0.35888 338.664 140.137 -167.044</i>
                <i>-0.350866 0.118788 0.928861 0.0573344 0.992786 -0.105305 -0.934669 0.0163076 -0.355146 336.218 140.165 -168.821</i>
                <i>-0.347054 0.117545 0.93045 0.0579546 0.992906 -0.103818 -0.936053 0.0178933 -0.351404 333.747 140.196 -170.574</i>
                <i>-0.343303 0.115533 0.932092 0.0581728 0.993116 -0.101671 -0.937422 0.0193185 -0.34766 331.251 140.237 -172.306</i>
                <i>-0.339619 0.11278 0.933777 0.0580049 0.993407 -0.0988856 -0.938773 0.0205803 -0.343921 328.734 140.324 -174.02</i>
                <i>-0.336007 0.109318 0.935494 0.0574676 0.99377 -0.0954871 -0.940105 0.0216762 -0.340196 326.196 140.436 -175.712</i>
                <i>-0.332474 0.105178 0.937229 0.0565777 0.994196 -0.0915004 -0.941414 0.0226047 -0.336496 323.634 140.519 -177.378</i>
                <i>-0.329026 0.100392 0.938969 0.0553528 0.994674 -0.0869515 -0.942697 0.0233652 -0.332831 321.05 140.591 -179.019</i>
                <i>-0.325669 0.0949942 0.9407 0.0538106 0.995189 -0.0818676 -0.943951 0.0239579 -0.329214 318.446 140.68 -180.638</i>
                <i>-0.322408 0.0890189 0.942406 0.0519694 0.995731 -0.0762767 -0.945173 0.024384 -0.325658 315.827 140.832 -182.239</i>
                <i>-0.31925 0.0825017 0.944073 0.0498475 0.996286 -0.0702081 -0.946359 0.0246457 -0.322177 313.191 141.018 -183.82</i>
                <i>-0.316198 0.075479 0.945686 0.0474634 0.99684 -0.0636921 -0.947505 0.0247461 -0.318782 310.536 141.164 -185.374</i>
                <i>-0.313258 0.0679882 0.947231 0.044836 0.997381 -0.05676 -0.948609 0.0246895 -0.315486 307.864 141.294 -186.906</i>
                <i>-0.310432 0.0600675 0.948696 0.0419842 0.997894 -0.0494445 -0.949668 0.0244811 -0.3123 305.177 141.438 -188.417</i>
                <i>-0.307724 0.0517562 0.950067 0.0389271 0.998368 -0.0417791 -0.950679 0.024127 -0.309236 302.478 141.623 -189.907</i>
                <i>-0.305133 0.0430937 0.951334 0.0356838 0.998791 -0.0337982 -0.951641 0.0236343 -0.306302 299.764 141.76 -191.374</i>
                <i>-0.302662 0.0341211 0.952487 0.0322736 0.999153 -0.0255376 -0.952551 0.0230109 -0.303507 297.039 141.904 -192.82</i>
                <i>-0.300309 0.0248793 0.953517 0.0287156 0.999442 -0.0170336 -0.953409 0.0222655 -0.300856 294.302 142.058 -194.246</i>
                <i>-0.298073 0.0154099 0.954419 0.0250292 0.999652 -0.00832339 -0.954215 0.0214073 -0.298355 291.555 142.205 -195.651</i>
                <i>-0.295948 0.00575503 0.955187 0.0212336 0.999774 0.000555198 -0.954968 0.0204464 -0.296004 288.798 142.347 -197.036</i>
                <i>-0.293933 -0.00404282 0.955818 0.0173482 0.999804 0.00956379 -0.955669 0.0193929 -0.293805 286.033 142.475 -198.401</i>
                <i>-0.29202 -0.0139639 0.95631 0.0133858 0.999736 0.0186854 -0.956319 0.0182575 -0.291755 283.261 142.568 -199.748</i>
                <i>-0.290202 -0.0239808 0.956665 0.00936119 0.999567 0.0278959 -0.95692 0.017051 -0.289852 280.482 142.674 -201.076</i>
                <i>-0.28847 -0.0340401 0.956883 0.00529718 0.999296 0.0371458 -0.957474 0.0157843 -0.288087 277.698 142.813 -202.384</i>
                <i>-0.286816 -0.0440875 0.956971 0.00121664 0.998923 0.0463849 -0.957985 0.0144682 -0.286453 274.909 142.935 -203.674</i>
                <i>-0.285226 -0.05407 0.956934 -0.00285798 0.998451 0.055564 -0.958456 0.0131134 -0.284939 272.117 143.051 -204.948</i>
                <i>-0.28369 -0.0639335 0.956782 -0.00690371 0.997885 0.0646331 -0.958891 0.0117304 -0.283532 269.324 143.147 -206.206</i>
                <i>-0.282195 -0.0736255 0.956528 -0.010898 0.997232 0.0735435 -0.959295 0.0103293 -0.282216 266.528 143.265 -207.447</i>
                <i>-0.280727 -0.0830926 0.956184 -0.0148179 0.996502 0.0822458 -0.959673 0.00891997 -0.280976 263.733 143.392 -208.672</i>
                <i>-0.279272 -0.0922828 0.955767 -0.0186406 0.995705 0.0906921 -0.960031 0.00751166 -0.279792 260.938 143.503 -209.884</i>
                <i>-0.277815 -0.101143 0.955295 -0.0223429 0.994853 0.0988339 -0.960375 0.00611346 -0.278645 258.145 143.622 -211.082</i>
                <i>-0.276342 -0.109623 0.954787 -0.0259019 0.993962 0.106624 -0.96071 0.00473389 -0.277512 255.356 143.75 -212.266</i>
                <i>-0.274836 -0.11767 0.954264 -0.029294 0.993047 0.114015 -0.961045 0.0033813 -0.276372 252.57 143.856 -213.44</i>
                <i>-0.273282 -0.125233 0.953747 -0.0324959 0.992125 0.120961 -0.961385 0.00206359 -0.275199 249.791 143.967 -214.598</i>
                <i>-0.271665 -0.132261 0.95326 -0.0354838 0.991215 0.127414 -0.961738 0.000788694 -0.273971 247.018 144.068 -215.739</i>
                <i>-0.269968 -0.138703 0.952827 -0.038234 0.990334 0.13333 -0.96211 -0.000435659 -0.272662 244.251 144.199 -216.86</i>
                <i>-0.268177 -0.144507 0.95247 -0.0407224 0.989502 0.13866 -0.962508 -0.00160145 -0.271247 241.492 144.362 -217.959</i>
                <i>-0.266277 -0.149623 0.952213 -0.0429249 0.988739 0.143359 -0.96294 -0.00270046 -0.269701 238.743 144.511 -219.045</i>
                <i>-0.264254 -0.153998 0.952079 -0.0448171 0.988064 0.147379 -0.963411 -0.00372387 -0.268002 236.005 144.672 -220.114</i>
                <i>-0.262094 -0.157579 0.95209 -0.0463745 0.987495 0.150673 -0.963927 -0.00466207 -0.266125 233.282 144.755 -221.179</i>
                <i>-0.259786 -0.160314 0.952266 -0.0475725 0.987051 0.153192 -0.964494 -0.00550453 -0.264048 230.572 144.849 -222.23</i>
                <i>-0.257396 -0.162285 0.952581 -0.0484996 0.986724 0.154997 -0.965088 -0.00630418 -0.26185 227.873 144.989 -223.248</i>
                <i>-0.255001 -0.163622 0.952997 -0.0492625 0.986498 0.156192 -0.965685 -0.00711787 -0.259618 225.184 145.146 -224.223</i>
                <i>-0.252599 -0.164339 0.953513 -0.0498636 0.986372 0.156792 -0.966285 -0.00793987 -0.257351 222.505 145.284 -225.159</i>
                <i>-0.250191 -0.164452 0.954128 -0.0503058 0.986346 0.156814 -0.966889 -0.00876462 -0.255048 219.837 145.398 -226.057</i>
                <i>-0.247776 -0.163978 0.954839 -0.0505921 0.986417 0.156273 -0.967495 -0.00958661 -0.252707 217.179 145.513 -226.913</i>
                <i>-0.245356 -0.162932 0.955643 -0.0507258 0.986582 0.155184 -0.968105 -0.0104005 -0.250329 214.528 145.652 -227.723</i>
                <i>-0.242932 -0.16133 0.956534 -0.0507103 0.986837 0.153562 -0.968717 -0.0112011 -0.247915 211.886 145.801 -228.489</i>
                <i>-0.240505 -0.159187 0.957506 -0.0505492 0.987176 0.151423 -0.969331 -0.0119833 -0.245467 209.251 145.987 -229.206</i>
                <i>-0.238077 -0.15652 0.958551 -0.0502464 0.987593 0.148782 -0.969946 -0.0127422 -0.242987 206.623 146.177 -229.88</i>
                <i>-0.235649 -0.153345 0.959664 -0.0498058 0.988081 0.145656 -0.970561 -0.0134731 -0.240478 204.004 146.343 -230.513</i>
                <i>-0.233225 -0.149679 0.960834 -0.0492315 0.988633 0.142059 -0.971176 -0.0141715 -0.237943 201.393 146.516 -231.101</i>
                <i>-0.230804 -0.145538 0.962054 -0.0485276 0.989242 0.138008 -0.971789 -0.0148332 -0.235384 198.789 146.669 -231.646</i>
                <i>-0.22839 -0.140938 0.963314 -0.0476983 0.989898 0.133519 -0.972401 -0.0154542 -0.232805 196.191 146.833 -232.146</i>
                <i>-0.225983 -0.135897 0.964605 -0.0467482 0.990593 0.128607 -0.973009 -0.0160306 -0.23021 193.601 146.968 -232.602</i>
                <i>-0.223584 -0.130433 0.965918 -0.0456814 0.991319 0.123289 -0.973614 -0.016559 -0.227602 191.017 147.085 -233.013</i>
                <i>-0.221194 -0.124587 0.967239 -0.0445082 0.992062 0.117606 -0.974214 -0.0170363 -0.224984 188.437 147.219 -233.395</i>
                <i>-0.218811 -0.118411 0.968556 -0.0432402 0.992811 0.111608 -0.974809 -0.0174594 -0.222359 185.861 147.381 -233.767</i>
                <i>-0.216436 -0.111933 0.969859 -0.0418837 0.993556 0.105321 -0.975398 -0.0178259 -0.21973 183.29 147.522 -234.134</i>
                <i>-0.214068 -0.105183 0.971139 -0.0404451 0.994288 0.0987749 -0.975981 -0.0181333 -0.2171 180.722 147.649 -234.496</i>
                <i>-0.211707 -0.09819 0.972388 -0.038931 0.994998 0.0919971 -0.976558 -0.0183796 -0.21447 178.159 147.76 -234.853</i>
                <i>-0.20935 -0.0909836 0.973599 -0.0373474 0.995679 0.0850163 -0.977127 -0.0185632 -0.211844 175.598 147.891 -235.202</i>
                <i>-0.206998 -0.0835943 0.974764 -0.0357006 0.996325 0.0778621 -0.97769 -0.0186824 -0.209221 173.04 148.029 -235.545</i>
                <i>-0.204647 -0.0760522 0.975877 -0.0339969 0.996928 0.0705634 -0.978245 -0.0187362 -0.206603 170.485 148.111 -235.885</i>
                <i>-0.202295 -0.0683883 0.976934 -0.0322423 0.997483 0.0631504 -0.978794 -0.0187236 -0.203991 167.933 148.171 -236.219</i>
                <i>-0.19994 -0.0606332 0.97793 -0.0304429 0.997986 0.0556525 -0.979335 -0.0186438 -0.201383 165.382 148.234 -236.548</i>
                <i>-0.197578 -0.0528183 0.978863 -0.0286047 0.998433 0.0481005 -0.97987 -0.0184965 -0.19878 162.83 148.345 -236.868</i>
                <i>-0.195206 -0.0449746 0.979731 -0.0267339 0.998821 0.0405243 -0.980398 -0.0182814 -0.196178 160.281 148.408 -237.184</i>
                <i>-0.192819 -0.0371339 0.980532 -0.0248364 0.999148 0.0329549 -0.98092 -0.0179985 -0.193577 157.731 148.475 -237.495</i>
