<?xml version="1.0" encoding="ISO-8859-1" ?>
<Animl Version="1">
    <ModellingPackage><![CDATA[Maya.2010]]></ModellingPackage>
    <SrcFile><![CDATA[anims\bosses\red\~src\boss_beetle\boss_beetle_forward_4.mb]]></SrcFile>
    <FramesPerSecond>30</FramesPerSecond>
    <TotalFrames>45</TotalFrames>
    <Skeleton>
        <RefFrame>
            <Name><![CDATA[boss_beetle_torso_ref_frame]]></Name>
            <Exclude>0</Exclude>
            <Additive>0</Additive>
            <IKPriority>0</IKPriority>
            <IKRotLimits>-1e+010 -1e+010 -1e+010 1e+010 1e+010 1e+010</IKRotLimits>
            <IKRotLimitOrder>0</IKRotLimitOrder>
            <KeyFrames count="45">
                <i>1 0 0 0 1 0 0 0 1 0 35.9946 0</i>
                <i>1 0 0 0 1 0 0 0 1 0 35.9946 0</i>
                <i>1 0 0 0 1 0 0 0 1 0 35.9946 0</i>
                <i>1 0 0 0 1 0 0 0 1 0 35.9946 0</i>
                <i>1 0 0 0 1 0 0 0 1 0 35.9946 0</i>
                <i>1 0 0 0 1 0 0 0 1 0 35.9946 0</i>
                <i>1 0 0 0 1 0 0 0 1 0 35.9946 0</i>
                <i>1 0 0 0 1 0 0 0 1 0 35.9946 0</i>
                <i>1 0 0 0 1 0 0 0 1 0 35.9946 0</i>
                <i>1 0 0 0 1 0 0 0 1 0 35.9946 0</i>
                <i>1 0 0 0 1 0 0 0 1 0 35.9946 0</i>
                <i>1 0 0 0 1 0 0 0 1 0 35.9946 0</i>
                <i>1 0 0 0 1 0 0 0 1 0 35.9946 0</i>
                <i>1 0 0 0 1 0 0 0 1 0 35.9946 0</i>
                <i>1 0 0 0 1 0 0 0 1 0 35.9946 0</i>
                <i>1 0 0 0 1 0 0 0 1 0 35.9946 0</i>
                <i>1 0 0 0 1 0 0 0 1 0 35.9946 0</i>
                <i>1 0 0 0 1 0 0 0 1 0 35.9946 0</i>
                <i>1 0 0 0 1 0 0 0 1 0 35.9946 0</i>
                <i>1 0 0 0 1 0 0 0 1 0 35.9946 0</i>
                <i>1 0 0 0 1 0 0 0 1 0 35.9946 0</i>
                <i>1 0 0 0 1 0 0 0 1 0 35.9946 0</i>
                <i>1 0 0 0 1 0 0 0 1 0 35.9946 0</i>
                <i>1 0 0 0 1 0 0 0 1 0 35.9946 0</i>
                <i>1 0 0 0 1 0 0 0 1 0 35.9946 0</i>
                <i>1 0 0 0 1 0 0 0 1 0 35.9946 0</i>
                <i>1 0 0 0 1 0 0 0 1 0 35.9946 0</i>
                <i>1 0 0 0 1 0 0 0 1 0 35.9946 0</i>
                <i>1 0 0 0 1 0 0 0 1 0 35.9946 0</i>
                <i>1 0 0 0 1 0 0 0 1 0 35.9946 0</i>
                <i>1 0 0 0 1 0 0 0 1 0 35.9946 0</i>
                <i>1 0 0 0 1 0 0 0 1 0 35.9946 0</i>
                <i>1 0 0 0 1 0 0 0 1 0 35.9946 0</i>
                <i>1 0 0 0 1 0 0 0 1 0 35.9946 0</i>
                <i>1 0 0 0 1 0 0 0 1 0 35.9946 0</i>
                <i>1 0 0 0 1 0 0 0 1 0 35.9946 0</i>
                <i>1 0 0 0 1 0 0 0 1 0 35.9946 0</i>
                <i>1 0 0 0 1 0 0 0 1 0 35.9946 0</i>
                <i>1 0 0 0 1 0 0 0 1 0 35.9946 0</i>
                <i>1 0 0 0 1 0 0 0 1 0 35.9946 0</i>
                <i>1 0 0 0 1 0 0 0 1 0 35.9946 0</i>
                <i>1 0 0 0 1 0 0 0 1 0 35.9946 0</i>
                <i>1 0 0 0 1 0 0 0 1 0 35.9946 0</i>
                <i>1 0 0 0 1 0 0 0 1 0 35.9946 0</i>
                <i>1 0 0 0 1 0 0 0 1 0 35.9946 0</i>
            </KeyFrames>
        </RefFrame>
        <Bones count="19">
            <i>
                <p>
                    <Name><![CDATA[boss_beetle_torso_root]]></Name>
                    <Exclude>0</Exclude>
                    <Additive>0</Additive>
                    <IKPriority>0</IKPriority>
                    <IKRotLimits>-1e+010 -1e+010 -1e+010 1e+010 1e+010 1e+010</IKRotLimits>
                    <IKRotLimitOrder>0</IKRotLimitOrder>
                    <KeyFrames count="45">
                        <i>0.999994 -0.00353359 -0.000210729 0.00353972 0.998726 0.0503335 3.26025e-005 -0.050334 0.998732 -0.00320969 35.4777 2.31324</i>
                        <i>0.997771 -0.00965129 0.0660294 0.0071822 0.99927 0.0375295 -0.0663434 -0.0369716 0.997112 0.0545768 35.4628 2.24968</i>
                        <i>0.989514 -0.0117836 0.143959 0.00616945 0.999205 0.0393829 -0.144308 -0.0380818 0.9888 0.0581471 35.6214 2.22008</i>
                        <i>0.974118 -0.0109976 0.225772 0.0024858 0.999277 0.0379504 -0.226026 -0.036407 0.973441 0.0142411 35.6284 2.13325</i>
                        <i>0.952733 -0.013631 0.303504 0.00108299 0.999139 0.0414739 -0.303808 -0.0391848 0.951927 -0.0319416 35.518 2.12286</i>
                        <i>0.928715 -0.0166099 0.370422 -5.24296e-005 0.99899 0.0449267 -0.370794 -0.0417435 0.927776 -0.0670027 35.6039 2.23941</i>
                        <i>0.907112 -0.0189979 0.420461 0.000223303 0.999002 0.0446567 -0.42089 -0.0404148 0.906211 -0.0598107 35.5301 2.30403</i>
                        <i>0.893794 -0.0211446 0.447979 0.000623552 0.998946 0.0459061 -0.448477 -0.0407513 0.892865 -0.0563406 35.4786 2.43497</i>
                        <i>0.893946 -0.0232704 0.44757 0.00241282 0.998887 0.0471156 -0.448168 -0.0410389 0.893007 -0.0240706 35.4252 2.36263</i>
                        <i>0.903382 -0.0220129 0.428272 0.00545031 0.99919 0.039861 -0.428803 -0.0336754 0.90277 0.0309562 35.546 2.34326</i>
                        <i>0.914972 -0.019144 0.403062 0.00427385 0.999278 0.0377603 -0.403494 -0.032827 0.914393 0.0167186 35.6494 2.30883</i>
                        <i>0.92794 -0.0205138 0.372164 0.00478776 0.999058 0.0431309 -0.372699 -0.038241 0.927164 0.040995 35.6391 2.4596</i>
                        <i>0.941593 -0.0205696 0.336125 0.00300913 0.998607 0.0526817 -0.33674 -0.0485933 0.940343 0.0409275 35.5918 2.54848</i>
                        <i>0.955169 -0.0203589 0.29536 0.00304002 0.998255 0.0589776 -0.296045 -0.0554356 0.953564 0.0761015 35.5589 2.54831</i>
                        <i>0.967991 -0.0192605 0.250244 0.00385748 0.998075 0.0618973 -0.250954 -0.0589507 0.966202 0.0761022 35.6413 2.74754</i>
                        <i>0.979388 -0.0147215 0.201449 0.00281561 0.998239 0.0592607 -0.201966 -0.0574721 0.977705 0.0192754 35.5758 2.53534</i>
                        <i>0.988694 -0.0110976 0.149538 0.00324522 0.998608 0.0526528 -0.149915 -0.0515722 0.987353 0.0153792 35.5856 2.52592</i>
                        <i>0.995426 -0.00975414 0.0950345 0.00473286 0.998588 0.0529192 -0.0954164 -0.0522274 0.994066 0.0551384 35.4549 2.39762</i>
                        <i>0.999229 -0.00597541 0.0387985 0.00408402 0.998808 0.0486466 -0.0390429 -0.0484507 0.998062 0.0536556 35.5571 2.33849</i>
                        <i>0.999829 -0.000220505 -0.0184847 0.000958335 0.999203 0.0399164 0.0184611 -0.0399273 0.999032 -0.00402441 35.4055 2.09081</i>
                        <i>0.997093 0.00275719 -0.0761409 -0.000605216 0.9996 0.0282717 0.0761884 -0.0281434 0.996696 -0.0291852 35.49 2.01324</i>
                        <i>0.991055 0.00485029 -0.133369 -0.00121133 0.999625 0.0273524 0.133452 -0.0269461 0.990689 -0.0506366 35.4279 2.00137</i>
                        <i>0.981882 0.00643391 -0.189382 -0.00169339 0.999681 0.0251827 0.189484 -0.0244057 0.98158 -0.0619968 35.4213 1.9522</i>
                        <i>0.969874 0.0103177 -0.243389 -0.00199231 0.999405 0.0344275 0.243599 -0.0329055 0.969318 -0.0676841 35.4432 2.36386</i>
                        <i>0.955498 0.014365 -0.294647 -0.00122397 0.998998 0.0447352 0.294995 -0.0423838 0.954558 -0.0363663 35.4379 2.54095</i>
                        <i>0.93931 0.0175442 -0.342621 0.000368541 0.998639 0.0521467 0.343069 -0.0491082 0.938025 0.0219394 35.4102 2.43351</i>
                        <i>0.921933 0.017041 -0.386976 0.00338305 0.998639 0.0520364 0.387336 -0.0492832 0.920621 0.0939737 35.3818 2.23072</i>
                        <i>0.90405 0.0169026 -0.427093 0.00551002 0.998674 0.0511868 0.427391 -0.0486287 0.902758 0.137664 35.3599 2.47495</i>
                        <i>0.886371 0.0222162 -0.462441 0.00173665 0.998681 0.0513065 0.462972 -0.0462797 0.885164 0.0594055 35.5065 2.43557</i>
                        <i>0.869713 0.0203302 -0.493138 -0.00388414 0.999402 0.0343513 0.493542 -0.0279604 0.869273 -0.0528455 35.6211 2.05086</i>
                        <i>0.854914 0.016829 -0.518497 -0.00474264 0.999685 0.0246272 0.518748 -0.0185951 0.854725 -0.0945376 35.6817 1.83472</i>
                        <i>0.8427 0.0135312 -0.538213 -0.00222559 0.999763 0.0216503 0.538379 -0.0170469 0.84253 -0.0508414 35.672 2.11997</i>
                        <i>0.833709 0.0126625 -0.552059 0.000546393 0.999718 0.0237556 0.552204 -0.0201069 0.833467 -0.0229342 35.5094 2.1023</i>
                        <i>0.831413 0.0146467 -0.555461 0.00173466 0.999579 0.028954 0.555652 -0.0250363 0.831038 -0.0110608 35.5393 1.92184</i>
                        <i>0.838069 0.017371 -0.545288 0.000231298 0.999482 0.0321956 0.545564 -0.0271082 0.837631 -0.0418725 35.5634 2.01065</i>
                        <i>0.852126 0.0164222 -0.523079 -0.00139891 0.999575 0.0291029 0.523335 -0.0240676 0.851787 -0.085553 35.4859 2.12537</i>
                        <i>0.871679 0.0167749 -0.489789 -0.00362761 0.999608 0.0277796 0.490063 -0.0224382 0.871398 -0.119997 35.5746 2.03174</i>
                        <i>0.894598 0.0152981 -0.446611 -0.00182552 0.999531 0.030581 0.446869 -0.0265424 0.894206 -0.0770579 35.6856 1.89895</i>
                        <i>0.918669 0.0164636 -0.394685 -0.00347605 0.999429 0.0335987 0.395013 -0.0294942 0.918202 -0.0841135 35.6703 1.88005</i>
                        <i>0.941874 0.0159014 -0.335588 -0.00494205 0.999427 0.0334859 0.335929 -0.0298811 0.941413 -0.0912773 35.6042 1.90118</i>
                        <i>0.9625 0.0105377 -0.271078 -0.00141218 0.999426 0.0338369 0.271279 -0.0321852 0.961962 -0.0129978 35.4108 2.04026</i>
                        <i>0.979139 0.00627542 -0.203096 0.00110087 0.999344 0.0361859 0.20319 -0.0356546 0.97849 0.020316 35.4409 2.21161</i>
                        <i>0.991006 0.00384348 -0.13376 0.00133559 0.999254 0.038608 0.133808 -0.0384394 0.990261 -0.0133215 35.4903 2.03928</i>
                        <i>0.997864 0.0029316 -0.0652596 -0.000239746 0.99915 0.041218 0.065325 -0.0411143 0.997017 -0.0599455 35.6215 1.91409</i>
                        <i>1 0.00021239 -2.66213e-005 -0.000211124 0.999164 0.0408917 3.5284e-005 -0.0408917 0.999164 -0.0475469 35.5926 1.8795</i>
                    </KeyFrames>
                </p>
            </i>
            <i>
                <p>
                    <Name><![CDATA[l_clavicle]]></Name>
                    <Exclude>0</Exclude>
                    <Additive>0</Additive>
                    <IKPriority>0</IKPriority>
                    <IKRotLimits>-1e+010 -1e+010 -1e+010 1e+010 1e+010 1e+010</IKRotLimits>
                    <IKRotLimitOrder>0</IKRotLimitOrder>
                    <KeyFrames count="45">
                        <i>0.999994 -0.00353359 -0.000210729 0.00353972 0.998726 0.0503335 3.26025e-005 -0.050334 0.998732 12.6322 47.9552 -7.61945</i>
                        <i>0.981708 -0.0141868 0.189866 0.0071822 0.99927 0.0375295 -0.19026 -0.0354793 0.981092 13.4058 47.7288 -6.98546</i>
                        <i>0.929494 -0.0202545 0.368281 0.00616945 0.999205 0.0393829 -0.368786 -0.0343341 0.92888 14.1156 47.8716 -5.92375</i>
                        <i>0.850695 -0.0220621 0.525196 0.0024858 0.999277 0.0379504 -0.525654 -0.0309787 0.850134 14.6955 47.8716 -4.83548</i>
                        <i>0.756119 -0.0279601 0.653837 0.00108299 0.999139 0.0414739 -0.654434 -0.0306511 0.755498 15.1836 47.7557 -3.59774</i>
                        <i>0.658137 -0.0337908 0.75214 -5.24296e-005 0.99899 0.0449267 -0.752899 -0.0296073 0.65747 15.539 47.8293 -2.34228</i>
                        <i>0.569112 -0.0368464 0.821434 0.000223303 0.999002 0.0446567 -0.82226 -0.0252313 0.568553 15.8059 47.7115 -1.42327</i>
                        <i>0.500353 -0.0400581 0.864894 0.000623552 0.998946 0.0459061 -0.865821 -0.02243 0.499851 15.9374 47.6359 -0.790026</i>
                        <i>0.461079 -0.0429198 0.88632 0.00241282 0.998887 0.0471156 -0.887356 -0.0195855 0.460669 15.9898 47.558 -0.854487</i>
                        <i>0.473367 -0.0376905 0.880059 0.00545031 0.99919 0.039861 -0.880849 -0.0140723 0.473189 15.9959 47.6207 -1.30696</i>
                        <i>0.531576 -0.0342538 0.846318 0.00427385 0.999278 0.0377603 -0.847 -0.0164554 0.531338 15.8465 47.7523 -1.80669</i>
                        <i>0.601431 -0.0373353 0.798052 0.00478776 0.999058 0.0431309 -0.79891 -0.0221194 0.601044 15.7155 47.7792 -2.11524</i>
                        <i>0.653235 -0.0418512 0.755997 0.00300913 0.998607 0.0526817 -0.757149 -0.0321386 0.652451 15.4867 47.835 -2.50456</i>
                        <i>0.672922 -0.0456687 0.738302 0.00304002 0.998255 0.0589776 -0.739707 -0.0374428 0.671886 15.264 47.8727 -3.08196</i>
                        <i>0.680054 -0.0479991 0.731589 0.00385748 0.998075 0.0618973 -0.733151 -0.0392714 0.67893 14.9597 48.0038 -3.54913</i>
                        <i>0.698492 -0.0443713 0.714241 0.00281561 0.998239 0.0592607 -0.715612 -0.0393821 0.697386 14.5171 47.9819 -4.52881</i>
                        <i>0.726509 -0.0385351 0.686075 0.00324522 0.998608 0.0526528 -0.687149 -0.0360263 0.725623 14.0865 47.9795 -5.37306</i>
                        <i>0.75138 -0.0384709 0.658748 0.00473286 0.998588 0.0529192 -0.659853 -0.0366447 0.750501 13.6541 47.8724 -6.25536</i>
                        <i>0.778177 -0.0337265 0.627139 0.00408402 0.998808 0.0486466 -0.628032 -0.0352944 0.777387 13.0981 47.9849 -7.11613</i>
                        <i>0.810847 -0.0241379 0.584761 0.000958335 0.999203 0.0399164 -0.585258 -0.0318057 0.810223 12.4039 47.8207 -8.20024</i>
                        <i>0.85162 -0.0143037 0.523964 -0.000605216 0.9996 0.0282717 -0.524159 -0.0243939 0.851271 11.7167 47.8231 -9.11908</i>
                        <i>0.900021 -0.0108316 0.435712 -0.00121133 0.999625 0.0273524 -0.435845 -0.0251455 0.89967 11.0079 47.7751 -9.79931</i>
                        <i>0.948751 -0.00635215 0.315961 -0.00169339 0.999681 0.0251827 -0.31602 -0.0244271 0.948438 10.2842 47.7623 -10.4838</i>
                        <i>0.985342 -0.00391062 0.170544 -0.00199231 0.999405 0.0344275 -0.170577 -0.0342627 0.984748 9.55292 47.9195 -10.512</i>
                        <i>0.999972 0.000889776 0.00748963 -0.00122397 0.998998 0.0447352 -0.00744232 -0.0447431 0.998971 8.87032 48.0603 -10.701</i>
                        <i>0.986629 0.00813586 -0.162779 0.000368541 0.998639 0.0521467 0.162982 -0.0515094 0.985283 8.2368 48.1391 -11.1492</i>
                        <i>0.944267 0.0139385 -0.328887 0.00338305 0.998639 0.0520364 0.329164 -0.0502488 0.942935 7.65928 48.1063 -11.7283</i>
                        <i>0.877057 0.0197622 -0.47998 0.00551002 0.998674 0.0511868 0.480355 -0.0475384 0.875785 7.08081 48.0762 -11.811</i>
                        <i>0.793589 0.0298413 -0.607722 0.00173665 0.998681 0.0513065 0.608452 -0.0417717 0.79249 6.35933 48.265 -12.1086</i>
                        <i>0.705494 0.027084 -0.708198 -0.00388414 0.999402 0.0343513 0.708705 -0.0214839 0.705178 5.64737 48.1713 -12.9158</i>
                        <i>0.625527 0.0221801 -0.779887 -0.00474264 0.999685 0.0246272 0.780188 -0.0117063 0.625436 5.14312 48.0924 -13.4146</i>
                        <i>0.565776 0.0191109 -0.824337 -0.00222559 0.999763 0.0216503 0.824556 -0.0104146 0.565685 4.85616 48.0257 -13.2848</i>
                        <i>0.536617 0.0197525 -0.843594 0.000546393 0.999718 0.0237556 0.843826 -0.0132086 0.536455 4.65831 47.8839 -13.3559</i>
                        <i>0.520257 0.0238249 -0.853677 0.00173466 0.999579 0.028954 0.854008 -0.0165444 0.519997 4.61917 47.9892 -13.4912</i>
                        <i>0.501004 0.0277477 -0.865 0.000231298 0.999482 0.0321956 0.865445 -0.0163302 0.500738 4.76052 48.0682 -13.3049</i>
                        <i>0.491303 0.0260354 -0.8706 -0.00139891 0.999575 0.0291029 0.870988 -0.0130805 0.49113 5.10876 47.9479 -13.0969</i>
                        <i>0.503861 0.0258228 -0.863399 -0.00362761 0.999608 0.0277796 0.863777 -0.010865 0.503757 5.64474 48.0242 -12.9941</i>
                        <i>0.534565 0.0268202 -0.844702 -0.00182552 0.999531 0.030581 0.845125 -0.0148055 0.534363 6.45354 48.1589 -12.79</i>
                        <i>0.582868 0.0293262 -0.812038 -0.00347605 0.999429 0.0335987 0.81256 -0.0167609 0.582637 7.27676 48.1883 -12.3719</i>
                        <i>0.663106 0.0283404 -0.747989 -0.00494205 0.999427 0.0334859 0.748509 -0.0185081 0.662866 8.16744 48.1191 -11.8527</i>
                        <i>0.75778 0.0231484 -0.6521 -0.00141218 0.999426 0.0338369 0.652509 -0.02472 0.757378 9.22975 47.8824 -11.1138</i>
                        <i>0.843987 0.0184802 -0.536044 0.00110087 0.999344 0.0361859 0.536362 -0.0311306 0.843414 10.221 47.8945 -10.2324</i>
                        <i>0.919393 0.013959 -0.393092 0.00133559 0.999254 0.038608 0.393338 -0.0360209 0.918688 11.0714 47.9415 -9.62667</i>
                        <i>0.976336 0.00914764 -0.216066 -0.000239746 0.99915 0.041218 0.216259 -0.0401908 0.975508 11.8146 48.0883 -8.92913</i>
                        <i>1 0.00021239 -2.66213e-005 -0.000211124 0.999164 0.0408917 3.5284e-005 -0.0408917 0.999164 12.5429 48.0229 -8.16878</i>
                    </KeyFrames>
                </p>
            </i>
            <i>
                <p>
                    <Name><![CDATA[l_shoulder]]></Name>
                    <Exclude>0</Exclude>
                    <Additive>0</Additive>
                    <IKPriority>0</IKPriority>
                    <IKRotLimits>-1e+010 -1e+010 -1e+010 1e+010 1e+010 1e+010</IKRotLimits>
                    <IKRotLimitOrder>0</IKRotLimitOrder>
                    <KeyFrames count="45">
                        <i>0.999994 -0.00353359 -0.000210729 0.00352633 0.999604 -0.0279233 0.000309315 0.0279223 0.99961 23.6235 47.9163 -7.62177</i>
                        <i>0.981708 -0.0141868 0.189866 0.0384004 0.99148 -0.124467 -0.186483 0.129481 0.973889 24.1961 47.5729 -4.89857</i>
                        <i>0.929494 -0.0202545 0.368281 0.092 0.979663 -0.178317 -0.357179 0.199627 0.912454 24.332 47.6489 -1.87585</i>
                        <i>0.850695 -0.0220621 0.525196 0.152843 0.966333 -0.206978 -0.502948 0.256348 0.825427 24.0458 47.6291 0.937138</i>
                        <i>0.756119 -0.0279601 0.653837 0.214391 0.954538 -0.20711 -0.618321 0.296777 0.727738 23.4944 47.4484 3.58881</i>
                        <i>0.658137 -0.0337908 0.75214 0.267115 0.944486 -0.191299 -0.703922 0.326809 0.630627 22.7728 47.4579 5.92476</i>
                        <i>0.569112 -0.0368464 0.821434 0.308403 0.935631 -0.171702 -0.762233 0.35105 0.543843 22.0612 47.3065 7.60541</i>
                        <i>0.500353 -0.0400581 0.864894 0.336474 0.929409 -0.151609 -0.797767 0.366872 0.478511 21.437 47.1956 8.71633</i>
                        <i>0.461079 -0.0429198 0.88632 0.353766 0.924911 -0.139247 -0.813791 0.377754 0.441641 21.0577 47.0863 8.88738</i>
                        <i>0.473367 -0.0376905 0.880059 0.358513 0.920835 -0.1534 -0.804607 0.388127 0.449405 21.1988 47.2064 8.36608</i>
                        <i>0.531576 -0.0342538 0.846318 0.347163 0.92021 -0.18081 -0.772596 0.389924 0.501053 21.6893 47.3758 7.49549</i>
                        <i>0.601431 -0.0373353 0.798052 0.310281 0.931411 -0.190261 -0.736211 0.362049 0.571764 22.326 47.3688 6.65643</i>
                        <i>0.653235 -0.0418512 0.755997 0.246745 0.955731 -0.160297 -0.715821 0.29125 0.634644 22.6666 47.375 5.80487</i>
                        <i>0.672922 -0.0456687 0.738302 0.184352 0.976953 -0.107596 -0.716373 0.208511 0.665832 22.6603 47.3707 5.03299</i>
                        <i>0.680054 -0.0479991 0.731589 0.133215 0.989334 -0.0589217 -0.720958 0.137529 0.679195 22.4344 47.4762 4.49202</i>
                        <i>0.698492 -0.0443713 0.714241 0.10423 0.99374 -0.0401971 -0.707987 0.102523 0.698744 22.1945 47.4942 3.32166</i>
                        <i>0.726509 -0.0385351 0.686075 0.107341 0.992534 -0.0579194 -0.678721 0.115723 0.725221 22.0719 47.5559 2.16784</i>
                        <i>0.75138 -0.0384709 0.658748 0.129333 0.987522 -0.0898485 -0.647071 0.152708 0.74698 21.9128 47.4496 0.985173</i>
                        <i>0.778177 -0.0337265 0.627139 0.153727 0.978411 -0.138132 -0.608941 0.203899 0.766561 21.6513 47.6142 -0.223019</i>
                        <i>0.810847 -0.0241379 0.584761 0.167595 0.966883 -0.192481 -0.560749 0.254075 0.78804 21.3162 47.5554 -1.77293</i>
                        <i>0.85162 -0.0143037 0.523964 0.163689 0.956891 -0.239928 -0.497945 0.290095 0.817249 21.0771 47.6659 -3.36</i>
                        <i>0.900021 -0.0108316 0.435712 0.134009 0.958142 -0.252994 -0.414734 0.286089 0.863799 20.9003 47.656 -5.01025</i>
                        <i>0.948751 -0.00635215 0.315961 0.0870136 0.966404 -0.241851 -0.30381 0.256949 0.917429 20.7123 47.6925 -7.01101</i>
                        <i>0.985342 -0.00391062 0.170544 0.0391244 0.978269 -0.203615 -0.166041 0.207303 0.964083 20.3832 47.8765 -8.63746</i>
                        <i>0.999972 0.000889776 0.00748963 0.000230552 0.988947 -0.14827 -0.00753877 0.148267 0.988919 19.8614 48.07 -10.6186</i>
                        <i>0.986629 0.00813586 -0.162779 -0.021999 0.996261 -0.0835453 0.161491 0.0860092 0.983119 19.0812 48.2286 -12.9383</i>
                        <i>0.944267 0.0139385 -0.328887 -0.02202 0.99954 -0.0208602 0.328444 0.0269397 0.944139 18.0381 48.2595 -15.3432</i>
                        <i>0.877057 0.0197622 -0.47998 -0.00129936 0.999247 0.0387677 0.480385 -0.0333778 0.876422 16.7209 48.2934 -17.0867</i>
                        <i>0.793589 0.0298413 -0.607722 0.0318934 0.995383 0.0905245 0.607618 -0.0912216 0.788973 15.0819 48.593 -18.7883</i>
                        <i>0.705494 0.027084 -0.708198 0.0754684 0.990717 0.113069 0.704686 -0.133216 0.696901 13.4017 48.469 -20.6999</i>
                        <i>0.625527 0.0221801 -0.779887 0.128608 0.98299 0.13111 0.769529 -0.182312 0.612035 12.0185 48.3362 -21.9866</i>
                        <i>0.565776 0.0191109 -0.824337 0.182763 0.971958 0.147971 0.804049 -0.234377 0.546418 11.0748 48.2358 -22.3454</i>
                        <i>0.536617 0.0197525 -0.843594 0.228743 0.958888 0.167957 0.812231 -0.283095 0.510038 10.5565 48.1011 -22.6282</i>
                        <i>0.520257 0.0238249 -0.853677 0.264416 0.945998 0.187545 0.812045 -0.323297 0.485862 10.3375 48.251 -22.8743</i>
                        <i>0.501004 0.0277477 -0.865 0.271975 0.943801 0.187802 0.821599 -0.329348 0.465301 10.2672 48.3732 -22.8124</i>
                        <i>0.491303 0.0260354 -0.8706 0.24726 0.954261 0.168073 0.835155 -0.297839 0.462393 10.5088 48.234 -22.666</i>
                        <i>0.503861 0.0258228 -0.863399 0.209881 0.965938 0.151372 0.837899 -0.257481 0.481279 11.1829 48.308 -22.484</i>
                        <i>0.534565 0.0268202 -0.844702 0.188196 0.970622 0.149917 0.823907 -0.239111 0.513813 12.3291 48.4537 -22.0745</i>
                        <i>0.582868 0.0293262 -0.812038 0.188434 0.967228 0.170186 0.790416 -0.252212 0.55824 13.6833 48.5107 -21.2973</i>
                        <i>0.663106 0.0283404 -0.747989 0.192447 0.959236 0.206953 0.723363 -0.28118 0.630622 15.4559 48.4306 -20.0741</i>
                        <i>0.75778 0.0231484 -0.6521 0.182373 0.952029 0.245724 0.626506 -0.30513 0.717207 17.5588 48.1369 -18.2812</i>
                        <i>0.843987 0.0184802 -0.536044 0.143342 0.955284 0.258622 0.516854 -0.295112 0.803599 19.4975 48.0977 -16.1243</i>
                        <i>0.919393 0.013959 -0.393092 0.07002 0.9776 0.198483 0.387058 -0.210008 0.897821 21.1768 48.095 -13.9473</i>
                        <i>0.976336 0.00914764 -0.216066 0.00725202 0.997158 0.0749867 0.216138 -0.0747792 0.973495 22.5458 48.1888 -11.304</i>
                        <i>1 0.00021239 -2.66213e-005 -0.000213237 0.999301 -0.0373699 1.86657e-005 0.0373699 0.999301 23.5342 48.0252 -8.16907</i>
                    </KeyFrames>
                </p>
            </i>
            <i>
                <p>
                    <Name><![CDATA[l_elbow]]></Name>
                    <Exclude>0</Exclude>
                    <Additive>0</Additive>
                    <IKPriority>0</IKPriority>
                    <IKRotLimits>-1e+010 -1e+010 -1e+010 1e+010 1e+010 1e+010</IKRotLimits>
                    <IKRotLimitOrder>0</IKRotLimitOrder>
                    <KeyFrames count="45">
                        <i>0.999994 -0.00353359 -0.000210729 0.0035231 0.999279 -0.037794 0.000344126 0.037793 0.999286 23.5202 36.4447 -7.48459</i>
                        <i>0.981708 -0.0141868 0.189866 0.0402402 0.990153 -0.134079 -0.186095 0.139266 0.972612 23.7282 36.1765 -3.66114</i>
                        <i>0.929494 -0.0202545 0.368281 0.095523 0.977643 -0.18732 -0.356253 0.209292 0.910648 23.2837 36.3756 -0.0206181</i>
                        <i>0.850695 -0.0220621 0.525196 0.157803 0.963754 -0.215119 -0.501414 0.265879 0.823342 22.3313 36.4985 3.12723</i>
                        <i>0.756119 -0.0279601 0.653837 0.220487 0.95156 -0.214287 -0.616174 0.306189 0.725657 21.1009 36.446 5.79024</i>
                        <i>0.658137 -0.0337908 0.75214 0.274054 0.941213 -0.197517 -0.701249 0.33612 0.628707 19.7963 36.5657 7.95644</i>
                        <i>0.569112 -0.0368464 0.821434 0.315916 0.932119 -0.177064 -0.75915 0.360274 0.542121 18.6273 36.5116 9.42383</i>
                        <i>0.500353 -0.0400581 0.864894 0.344336 0.92574 -0.156327 -0.794405 0.376033 0.476991 17.6919 36.4694 10.3135</i>
                        <i>0.461079 -0.0429198 0.88632 0.361786 0.921135 -0.143602 -0.810257 0.38687 0.440244 17.1197 36.4098 10.3482</i>
                        <i>0.473367 -0.0376905 0.880059 0.366442 0.916957 -0.157831 -0.801027 0.397202 0.447868 17.2039 36.5745 9.98819</i>
                        <i>0.531576 -0.0342538 0.846318 0.354776 0.916314 -0.185749 -0.76913 0.398993 0.499243 17.8151 36.7505 9.42467</i>
                        <i>0.601431 -0.0373353 0.798052 0.317536 0.92779 -0.195898 -0.73311 0.37123 0.569858 18.8638 36.6204 8.6841</i>
                        <i>0.653235 -0.0418512 0.755997 0.253802 0.952808 -0.166557 -0.71335 0.300675 0.63303 19.9263 36.3608 7.47994</i>
                        <i>0.672922 -0.0456687 0.738302 0.191418 0.974846 -0.114166 -0.714517 0.218149 0.664737 20.6346 36.1285 6.09891</i>
                        <i>0.680054 -0.0479991 0.731589 0.140329 0.987928 -0.0656265 -0.719607 0.147293 0.67858 20.9956 36.1051 4.99756</i>
                        <i>0.698492 -0.0443713 0.714241 0.111217 0.99268 -0.0470959 -0.706923 0.112332 0.698313 21.0847 36.0787 3.60991</i>
                        <i>0.726509 -0.0385351 0.686075 0.114039 0.991342 -0.0650788 -0.677628 0.12552 0.724614 20.9193 36.1515 2.6563</i>
                        <i>0.75138 -0.0384709 0.658748 0.135717 0.985966 -0.0972212 -0.645763 0.162454 0.746056 20.5006 36.0958 1.83763</i>
                        <i>0.778177 -0.0337265 0.627139 0.159733 0.976349 -0.145696 -0.607393 0.213552 0.765159 19.9506 36.3554 1.18171</i>
                        <i>0.810847 -0.0241379 0.584761 0.173124 0.964327 -0.200254 -0.559067 0.263612 0.7861 19.4456 36.419 0.253976</i>
                        <i>0.85162 -0.0143037 0.523964 0.168599 0.953979 -0.247988 -0.496304 0.299531 0.81484 19.2372 36.6369 -0.790345</i>
                        <i>0.900021 -0.0108316 0.435712 0.138098 0.95527 -0.261512 -0.41339 0.295537 0.861259 19.3826 36.6132 -2.29371</i>
                        <i>0.948751 -0.00635215 0.315961 0.0900097 0.963819 -0.2509 -0.302935 0.266481 0.914996 19.7102 36.5599 -4.4246</i>
                        <i>0.985342 -0.00391062 0.170544 0.0407623 0.976174 -0.213127 -0.165647 0.216954 0.962025 19.9029 36.6167 -6.48908</i>
                        <i>0.999972 0.000889776 0.00748963 0.000304993 0.987434 -0.158029 -0.00753613 0.158027 0.987406 19.7973 36.6983 -9.09945</i>
                        <i>0.986629 0.00813586 -0.162779 -0.0235928 0.995363 -0.0932504 0.161266 0.095844 0.982246 19.242 36.7839 -12.1499</i>
                        <i>0.944267 0.0139385 -0.328887 -0.0252626 0.999225 -0.0301835 0.328211 0.0368098 0.943887 18.1712 36.7877 -15.2562</i>
                        <i>0.877057 0.0197622 -0.47998 -0.00604353 0.999528 0.0301104 0.480349 -0.0235077 0.876762 16.5927 36.8356 -17.6618</i>
                        <i>0.793589 0.0298413 -0.607722 0.0258911 0.996236 0.0827283 0.607903 -0.0813868 0.789829 14.5549 37.1895 -19.9331</i>
                        <i>0.705494 0.027084 -0.708198 0.0685053 0.991984 0.106181 0.705397 -0.123425 0.697984 12.3626 37.1269 -22.0801</i>
                        <i>0.625527 0.0221801 -0.779887 0.121002 0.984743 0.125059 0.770762 -0.172595 0.6133 10.363 37.092 -23.5538</i>
                        <i>0.565776 0.0191109 -0.824337 0.174814 0.974225 0.142567 0.805815 -0.224767 0.547853 8.79545 37.1279 -24.0911</i>
                        <i>0.536617 0.0197525 -0.843594 0.22071 0.961638 0.162912 0.81445 -0.273611 0.511672 7.74998 37.152 -24.5953</i>
                        <i>0.520257 0.0238249 -0.853677 0.256383 0.949144 0.182737 0.814617 -0.313939 0.487691 7.12287 37.457 -25.0611</i>
                        <i>0.501004 0.0277477 -0.865 0.263848 0.947007 0.183198 0.824245 -0.320011 0.467133 6.96535 37.6052 -24.9977</i>
                        <i>0.491303 0.0260354 -0.8706 0.239 0.957156 0.163498 0.837556 -0.2884 0.464031 7.48859 37.3404 -24.6241</i>
                        <i>0.503861 0.0258228 -0.863399 0.201596 0.968434 0.146611 0.839931 -0.247929 0.48275 8.59011 37.273 -24.2544</i>
                        <i>0.534565 0.0268202 -0.844702 0.18005 0.972936 0.144836 0.825725 -0.229513 0.515269 9.98576 37.3616 -23.8353</i>
                        <i>0.582868 0.0293262 -0.812038 0.180619 0.969671 0.164665 0.792239 -0.242647 0.559893 11.3403 37.4597 -23.3008</i>
                        <i>0.663106 0.0283404 -0.747989 0.185294 0.961967 0.200715 0.725228 -0.271693 0.632635 13.0741 37.4767 -22.5167</i>
                        <i>0.75778 0.0231484 -0.6521 0.176177 0.954996 0.238629 0.628277 -0.295713 0.719599 15.3044 37.2703 -21.1905</i>
                        <i>0.843987 0.0184802 -0.536044 0.138231 0.958152 0.250673 0.518244 -0.285663 0.806114 17.7055 37.1922 -19.2046</i>
                        <i>0.919393 0.013959 -0.393092 0.066194 0.979626 0.189607 0.38773 -0.200343 0.899738 20.2449 36.9182 -16.364</i>
                        <i>0.976336 0.00914764 -0.216066 0.00511711 0.997848 0.0653689 0.216199 -0.0649277 0.974188 22.3618 36.7633 -12.329</i>
                        <i>1 0.00021239 -2.66213e-005 -0.000213411 0.998884 -0.0472371 1.65589e-005 0.0472371 0.998884 23.4739 36.5551 -7.92348</i>
                    </KeyFrames>
                </p>
            </i>
            <i>
                <p>
                    <Name><![CDATA[l_wrist]]></Name>
                    <Exclude>0</Exclude>
                    <Additive>0</Additive>
                    <IKPriority>0</IKPriority>
                    <IKRotLimits>-1e+010 -1e+010 -1e+010 1e+010 1e+010 1e+010</IKRotLimits>
                    <IKRotLimitOrder>0</IKRotLimitOrder>
                    <KeyFrames count="45">
                        <i>0.999994 -0.00353359 -0.000210729 0.0035231 0.999279 -0.037794 0.000344126 0.037793 0.999286 23.4934 28.8558 -7.19757</i>
                        <i>0.981708 -0.0141868 0.189866 0.0402402 0.990153 -0.134079 -0.186095 0.139266 0.972612 23.4226 28.6569 -2.6429</i>
                        <i>0.929494 -0.0202545 0.368281 0.095523 0.977643 -0.18732 -0.356253 0.209292 0.910648 22.5583 28.9511 1.40195</i>
                        <i>0.850695 -0.0220621 0.525196 0.157803 0.963754 -0.215119 -0.501414 0.265879 0.823342 21.1329 29.1794 4.76092</i>
                        <i>0.756119 -0.0279601 0.653837 0.220487 0.95156 -0.214287 -0.616174 0.306189 0.725657 19.4264 29.2195 7.41761</i>
                        <i>0.658137 -0.0337908 0.75214 0.274054 0.941213 -0.197517 -0.701249 0.33612 0.628707 17.7151 29.4178 9.45645</i>
                        <i>0.569112 -0.0368464 0.821434 0.315916 0.932119 -0.177064 -0.75915 0.360274 0.542121 16.2282 29.4328 10.7685</i>
                        <i>0.500353 -0.0400581 0.864894 0.344336 0.92574 -0.156327 -0.794405 0.376033 0.476991 15.0769 29.439 11.5007</i>
                        <i>0.461079 -0.0429198 0.88632 0.361786 0.921135 -0.143602 -0.810257 0.38687 0.440244 14.3722 29.4144 11.4387</i>
                        <i>0.473367 -0.0376905 0.880059 0.366442 0.916957 -0.157831 -0.801027 0.397202 0.447868 14.421 29.6108 11.1868</i>
                        <i>0.531576 -0.0342538 0.846318 0.354776 0.916314 -0.185749 -0.76913 0.398993 0.499243 15.1208 29.7917 10.8353</i>
                        <i>0.601431 -0.0373353 0.798052 0.317536 0.92779 -0.195898 -0.73311 0.37123 0.569858 16.4523 29.5744 10.1718</i>
                        <i>0.653235 -0.0418512 0.755997 0.253802 0.952808 -0.166557 -0.71335 0.300675 0.63303 17.9988 29.1248 8.74483</i>
                        <i>0.672922 -0.0456687 0.738302 0.191418 0.974846 -0.114166 -0.714517 0.218149 0.664737 19.1809 28.7252 6.96592</i>
                        <i>0.680054 -0.0479991 0.731589 0.140329 0.987928 -0.0656265 -0.719607 0.147293 0.67858 19.9299 28.6025 5.49595</i>
                        <i>0.698492 -0.0443713 0.714241 0.111217 0.99268 -0.0470959 -0.706923 0.112332 0.698313 20.2401 28.5399 3.96758</i>
                        <i>0.726509 -0.0385351 0.686075 0.114039 0.991342 -0.0650788 -0.677628 0.12552 0.724614 20.0532 28.6229 3.15053</i>
                        <i>0.75138 -0.0384709 0.658748 0.135717 0.985966 -0.0972212 -0.645763 0.162454 0.746056 19.4699 28.6081 2.57597</i>
                        <i>0.778177 -0.0337265 0.627139 0.159733 0.976349 -0.145696 -0.607393 0.213552 0.765159 18.7376 28.9406 2.28818</i>
                        <i>0.810847 -0.0241379 0.584761 0.173124 0.964327 -0.200254 -0.559067 0.263612 0.7861 18.1308 29.0955 1.77477</i>
                        <i>0.85162 -0.0143037 0.523964 0.168599 0.953979 -0.247988 -0.496304 0.299531 0.81484 17.9568 29.392 1.09296</i>
                        <i>0.900021 -0.0108316 0.435712 0.138098 0.95527 -0.261512 -0.41339 0.295537 0.861259 18.3338 29.3585 -0.307693</i>
                        <i>0.948751 -0.00635215 0.315961 0.0900097 0.963819 -0.2509 -0.302935 0.266481 0.914996 19.0267 29.2403 -2.51918</i>
                        <i>0.985342 -0.00391062 0.170544 0.0407623 0.976174 -0.213127 -0.165647 0.216954 0.962025 19.5934 29.2033 -4.87052</i>
                        <i>0.999972 0.000889776 0.00748963 0.000304993 0.987434 -0.158029 -0.00753613 0.158027 0.987406 19.795 29.1994 -7.89932</i>
                        <i>0.986629 0.00813586 -0.162779 -0.0235928 0.995363 -0.0932504 0.161266 0.095844 0.982246 19.4212 29.2248 -11.4417</i>
                        <i>0.944267 0.0139385 -0.328887 -0.0252626 0.999225 -0.0301835 0.328211 0.0368098 0.943887 18.363 29.1992 -15.027</i>
                        <i>0.877057 0.0197622 -0.47998 -0.00604353 0.999528 0.0301104 0.480349 -0.0235077 0.876762 16.6386 29.2448 -17.8905</i>
                        <i>0.793589 0.0298413 -0.607722 0.0258911 0.996236 0.0827283 0.607903 -0.0813868 0.789829 14.3583 29.6237 -20.5614</i>
                        <i>0.705494 0.027084 -0.708198 0.0685053 0.991984 0.106181 0.705397 -0.123425 0.697984 11.8423 29.5934 -22.8865</i>
                        <i>0.625527 0.0221801 -0.779887 0.121002 0.984743 0.125059 0.770762 -0.172595 0.6133 9.44402 29.6136 -24.5035</i>
                        <i>0.565776 0.0191109 -0.824337 0.174814 0.974225 0.142567 0.805815 -0.224767 0.547853 7.46785 29.7293 -25.1739</i>
                        <i>0.536617 0.0197525 -0.843594 0.22071 0.961638 0.162912 0.81445 -0.273611 0.511672 6.07383 29.849 -25.8326</i>
                        <i>0.520257 0.0238249 -0.853677 0.256383 0.949144 0.182737 0.814617 -0.313939 0.487691 5.17581 30.2488 -26.4488</i>
                        <i>0.501004 0.0277477 -0.865 0.263848 0.947007 0.183198 0.824245 -0.320011 0.467133 4.9616 30.4133 -26.389</i>
                        <i>0.491303 0.0260354 -0.8706 0.239 0.957156 0.163498 0.837556 -0.2884 0.464031 5.67354 30.0714 -25.8657</i>
                        <i>0.503861 0.0258228 -0.863399 0.201596 0.968434 0.146611 0.839931 -0.247929 0.48275 7.05912 29.9184 -25.3678</i>
                        <i>0.534565 0.0268202 -0.844702 0.18005 0.972936 0.144836 0.825725 -0.229513 0.515269 8.6184 29.9728 -24.9352</i>
                        <i>0.582868 0.0293262 -0.812038 0.180619 0.969671 0.164665 0.792239 -0.242647 0.559893 9.96859 30.0957 -24.5514</i>
                        <i>0.663106 0.0283404 -0.747989 0.185294 0.961967 0.200715 0.725228 -0.271693 0.632635 11.6669 30.1712 -24.041</i>
                        <i>0.75778 0.0231484 -0.6521 0.176177 0.954996 0.238629 0.628277 -0.295713 0.719599 13.9664 30.0178 -23.0027</i>
                        <i>0.843987 0.0184802 -0.536044 0.138231 0.958152 0.250673 0.518244 -0.285663 0.806114 16.6558 29.9157 -21.1083</i>
                        <i>0.919393 0.013959 -0.393092 0.066194 0.979626 0.189607 0.38773 -0.200343 0.899738 19.7422 29.4786 -17.8039</i>
                        <i>0.976336 0.00914764 -0.216066 0.00511711 0.997848 0.0653689 0.216199 -0.0649277 0.974188 22.3229 29.1853 -12.8254</i>
                        <i>1 0.00021239 -2.66213e-005 -0.000213411 0.998884 -0.0472371 1.65589e-005 0.0472371 0.998884 23.4755 28.9692 -7.56475</i>
                    </KeyFrames>
                </p>
            </i>
            <i>
                <p>
                    <Name><![CDATA[l_wrist_gun1]]></Name>
                    <Exclude>0</Exclude>
                    <Additive>0</Additive>
                    <IKPriority>0</IKPriority>
                    <IKRotLimits>-1e+010 -1e+010 -1e+010 1e+010 1e+010 1e+010</IKRotLimits>
                    <IKRotLimitOrder>0</IKRotLimitOrder>
                    <KeyFrames count="45">
                        <i>0.999994 -0.00353359 -0.000210729 0.0035231 0.999279 -0.037794 0.000344126 0.037793 0.999286 19.6787 15.6884 -6.04181</i>
                        <i>0.981708 -0.0141868 0.189866 0.0402402 0.990153 -0.134079 -0.186095 0.139266 0.972612 19.0693 15.7168 -0.948512</i>
                        <i>0.929494 -0.0202545 0.368281 0.095523 0.977643 -0.18732 -0.356253 0.209292 0.910648 17.5596 16.245 3.08694</i>
                        <i>0.850695 -0.0220621 0.525196 0.157803 0.963754 -0.215119 -0.501414 0.265879 0.823342 15.5128 16.7009 6.1647</i>
                        <i>0.756119 -0.0279601 0.653837 0.220487 0.95156 -0.214287 -0.616174 0.306189 0.725657 13.2591 16.9508 8.26154</i>
                        <i>0.658137 -0.0337908 0.75214 0.274054 0.941213 -0.197517 -0.701249 0.33612 0.628707 11.1533 17.3274 9.64472</i>
                        <i>0.569112 -0.0368464 0.821434 0.315916 0.932119 -0.177064 -0.75915 0.360274 0.542121 9.41067 17.4899 10.3686</i>
                        <i>0.500353 -0.0400581 0.864894 0.344336 0.92574 -0.156327 -0.794405 0.376033 0.476991 8.11987 17.6029 10.6202</i>
                        <i>0.461079 -0.0429198 0.88632 0.361786 0.921135 -0.143602 -0.810257 0.38687 0.440244 7.3221 17.6571 10.2852</i>
                        <i>0.473367 -0.0376905 0.880059 0.366442 0.916957 -0.157831 -0.801027 0.397202 0.447868 7.26919 17.8957 10.25</i>
                        <i>0.531576 -0.0342538 0.846318 0.354776 0.916314 -0.185749 -0.76913 0.398993 0.499243 7.92465 18.0733 10.4283</i>
                        <i>0.601431 -0.0373353 0.798052 0.317536 0.92779 -0.195898 -0.73311 0.37123 0.569858 9.50874 17.6978 10.1271</i>
                        <i>0.653235 -0.0418512 0.755997 0.253802 0.952808 -0.166557 -0.71335 0.300675 0.63303 11.7152 16.8883 8.51226</i>
                        <i>0.672922 -0.0456687 0.738302 0.191418 0.974846 -0.114166 -0.714517 0.218149 0.664737 13.6467 16.1577 6.12849</i>
