<?xml version="1.0" encoding="ISO-8859-1" ?>
<Animl Version="1">
    <ModellingPackage><![CDATA[Maya.2010]]></ModellingPackage>
    <SrcFile><![CDATA[anims\bosses\red\~src\boss_beetle\boss_beetle_forward_1.mb]]></SrcFile>
    <FramesPerSecond>30</FramesPerSecond>
    <TotalFrames>121</TotalFrames>
    <Skeleton>
        <RefFrame>
            <Name><![CDATA[boss_beetle_torso_ref_frame]]></Name>
            <Exclude>0</Exclude>
            <Additive>0</Additive>
            <IKPriority>0</IKPriority>
            <IKRotLimits>-1e+010 -1e+010 -1e+010 1e+010 1e+010 1e+010</IKRotLimits>
            <IKRotLimitOrder>0</IKRotLimitOrder>
            <KeyFrames count="121">
                <i>1 0 0 0 1 0 0 0 1 0 35.9946 0</i>
                <i>1 0 0 0 1 0 0 0 1 0 35.9946 0</i>
                <i>1 0 0 0 1 0 0 0 1 0 35.9946 0</i>
                <i>1 0 0 0 1 0 0 0 1 0 35.9946 0</i>
                <i>1 0 0 0 1 0 0 0 1 0 35.9946 0</i>
                <i>1 0 0 0 1 0 0 0 1 0 35.9946 0</i>
                <i>1 0 0 0 1 0 0 0 1 0 35.9946 0</i>
                <i>1 0 0 0 1 0 0 0 1 0 35.9946 0</i>
                <i>1 0 0 0 1 0 0 0 1 0 35.9946 0</i>
                <i>1 0 0 0 1 0 0 0 1 0 35.9946 0</i>
                <i>1 0 0 0 1 0 0 0 1 0 35.9946 0</i>
                <i>1 0 0 0 1 0 0 0 1 0 35.9946 0</i>
                <i>1 0 0 0 1 0 0 0 1 0 35.9946 0</i>
                <i>1 0 0 0 1 0 0 0 1 0 35.9946 0</i>
                <i>1 0 0 0 1 0 0 0 1 0 35.9946 0</i>
                <i>1 0 0 0 1 0 0 0 1 0 35.9946 0</i>
                <i>1 0 0 0 1 0 0 0 1 0 35.9946 0</i>
                <i>1 0 0 0 1 0 0 0 1 0 35.9946 0</i>
                <i>1 0 0 0 1 0 0 0 1 0 35.9946 0</i>
                <i>1 0 0 0 1 0 0 0 1 0 35.9946 0</i>
                <i>1 0 0 0 1 0 0 0 1 0 35.9946 0</i>
                <i>1 0 0 0 1 0 0 0 1 0 35.9946 0</i>
                <i>1 0 0 0 1 0 0 0 1 0 35.9946 0</i>
                <i>1 0 0 0 1 0 0 0 1 0 35.9946 0</i>
                <i>1 0 0 0 1 0 0 0 1 0 35.9946 0</i>
                <i>1 0 0 0 1 0 0 0 1 0 35.9946 0</i>
                <i>1 0 0 0 1 0 0 0 1 0 35.9946 0</i>
                <i>1 0 0 0 1 0 0 0 1 0 35.9946 0</i>
                <i>1 0 0 0 1 0 0 0 1 0 35.9946 0</i>
                <i>1 0 0 0 1 0 0 0 1 0 35.9946 0</i>
                <i>1 0 0 0 1 0 0 0 1 0 35.9946 0</i>
                <i>1 0 0 0 1 0 0 0 1 0 35.9946 0</i>
                <i>1 0 0 0 1 0 0 0 1 0 35.9946 0</i>
                <i>1 0 0 0 1 0 0 0 1 0 35.9946 0</i>
                <i>1 0 0 0 1 0 0 0 1 0 35.9946 0</i>
                <i>1 0 0 0 1 0 0 0 1 0 35.9946 0</i>
                <i>1 0 0 0 1 0 0 0 1 0 35.9946 0</i>
                <i>1 0 0 0 1 0 0 0 1 0 35.9946 0</i>
                <i>1 0 0 0 1 0 0 0 1 0 35.9946 0</i>
                <i>1 0 0 0 1 0 0 0 1 0 35.9946 0</i>
                <i>1 0 0 0 1 0 0 0 1 0 35.9946 0</i>
                <i>1 0 0 0 1 0 0 0 1 0 35.9946 0</i>
                <i>1 0 0 0 1 0 0 0 1 0 35.9946 0</i>
                <i>1 0 0 0 1 0 0 0 1 0 35.9946 0</i>
                <i>1 0 0 0 1 0 0 0 1 0 35.9946 0</i>
                <i>1 0 0 0 1 0 0 0 1 0 35.9946 0</i>
                <i>1 0 0 0 1 0 0 0 1 0 35.9946 0</i>
                <i>1 0 0 0 1 0 0 0 1 0 35.9946 0</i>
                <i>1 0 0 0 1 0 0 0 1 0 35.9946 0</i>
                <i>1 0 0 0 1 0 0 0 1 0 35.9946 0</i>
                <i>1 0 0 0 1 0 0 0 1 0 35.9946 0</i>
                <i>1 0 0 0 1 0 0 0 1 0 35.9946 0</i>
                <i>1 0 0 0 1 0 0 0 1 0 35.9946 0</i>
                <i>1 0 0 0 1 0 0 0 1 0 35.9946 0</i>
                <i>1 0 0 0 1 0 0 0 1 0 35.9946 0</i>
                <i>1 0 0 0 1 0 0 0 1 0 35.9946 0</i>
                <i>1 0 0 0 1 0 0 0 1 0 35.9946 0</i>
                <i>1 0 0 0 1 0 0 0 1 0 35.9946 0</i>
                <i>1 0 0 0 1 0 0 0 1 0 35.9946 0</i>
                <i>1 0 0 0 1 0 0 0 1 0 35.9946 0</i>
                <i>1 0 0 0 1 0 0 0 1 0 35.9946 0</i>
                <i>1 0 0 0 1 0 0 0 1 0 35.9946 0</i>
                <i>1 0 0 0 1 0 0 0 1 0 35.9946 0</i>
                <i>1 0 0 0 1 0 0 0 1 0 35.9946 0</i>
                <i>1 0 0 0 1 0 0 0 1 0 35.9946 0</i>
                <i>1 0 0 0 1 0 0 0 1 0 35.9946 0</i>
                <i>1 0 0 0 1 0 0 0 1 0 35.9946 0</i>
                <i>1 0 0 0 1 0 0 0 1 0 35.9946 0</i>
                <i>1 0 0 0 1 0 0 0 1 0 35.9946 0</i>
                <i>1 0 0 0 1 0 0 0 1 0 35.9946 0</i>
                <i>1 0 0 0 1 0 0 0 1 0 35.9946 0</i>
                <i>1 0 0 0 1 0 0 0 1 0 35.9946 0</i>
                <i>1 0 0 0 1 0 0 0 1 0 35.9946 0</i>
                <i>1 0 0 0 1 0 0 0 1 0 35.9946 0</i>
                <i>1 0 0 0 1 0 0 0 1 0 35.9946 0</i>
                <i>1 0 0 0 1 0 0 0 1 0 35.9946 0</i>
                <i>1 0 0 0 1 0 0 0 1 0 35.9946 0</i>
                <i>1 0 0 0 1 0 0 0 1 0 35.9946 0</i>
                <i>1 0 0 0 1 0 0 0 1 0 35.9946 0</i>
                <i>1 0 0 0 1 0 0 0 1 0 35.9946 0</i>
                <i>1 0 0 0 1 0 0 0 1 0 35.9946 0</i>
                <i>1 0 0 0 1 0 0 0 1 0 35.9946 0</i>
                <i>1 0 0 0 1 0 0 0 1 0 35.9946 0</i>
                <i>1 0 0 0 1 0 0 0 1 0 35.9946 0</i>
                <i>1 0 0 0 1 0 0 0 1 0 35.9946 0</i>
                <i>1 0 0 0 1 0 0 0 1 0 35.9946 0</i>
                <i>1 0 0 0 1 0 0 0 1 0 35.9946 0</i>
                <i>1 0 0 0 1 0 0 0 1 0 35.9946 0</i>
                <i>1 0 0 0 1 0 0 0 1 0 35.9946 0</i>
                <i>1 0 0 0 1 0 0 0 1 0 35.9946 0</i>
                <i>1 0 0 0 1 0 0 0 1 0 35.9946 0</i>
                <i>1 0 0 0 1 0 0 0 1 0 35.9946 0</i>
                <i>1 0 0 0 1 0 0 0 1 0 35.9946 0</i>
                <i>1 0 0 0 1 0 0 0 1 0 35.9946 0</i>
                <i>1 0 0 0 1 0 0 0 1 0 35.9946 0</i>
                <i>1 0 0 0 1 0 0 0 1 0 35.9946 0</i>
                <i>1 0 0 0 1 0 0 0 1 0 35.9946 0</i>
                <i>1 0 0 0 1 0 0 0 1 0 35.9946 0</i>
                <i>1 0 0 0 1 0 0 0 1 0 35.9946 0</i>
                <i>1 0 0 0 1 0 0 0 1 0 35.9946 0</i>
                <i>1 0 0 0 1 0 0 0 1 0 35.9946 0</i>
                <i>1 0 0 0 1 0 0 0 1 0 35.9946 0</i>
                <i>1 0 0 0 1 0 0 0 1 0 35.9946 0</i>
                <i>1 0 0 0 1 0 0 0 1 0 35.9946 0</i>
                <i>1 0 0 0 1 0 0 0 1 0 35.9946 0</i>
                <i>1 0 0 0 1 0 0 0 1 0 35.9946 0</i>
                <i>1 0 0 0 1 0 0 0 1 0 35.9946 0</i>
                <i>1 0 0 0 1 0 0 0 1 0 35.9946 0</i>
                <i>1 0 0 0 1 0 0 0 1 0 35.9946 0</i>
                <i>1 0 0 0 1 0 0 0 1 0 35.9946 0</i>
                <i>1 0 0 0 1 0 0 0 1 0 35.9946 0</i>
                <i>1 0 0 0 1 0 0 0 1 0 35.9946 0</i>
                <i>1 0 0 0 1 0 0 0 1 0 35.9946 0</i>
                <i>1 0 0 0 1 0 0 0 1 0 35.9946 0</i>
                <i>1 0 0 0 1 0 0 0 1 0 35.9946 0</i>
                <i>1 0 0 0 1 0 0 0 1 0 35.9946 0</i>
                <i>1 0 0 0 1 0 0 0 1 0 35.9946 0</i>
                <i>1 0 0 0 1 0 0 0 1 0 35.9946 0</i>
                <i>1 0 0 0 1 0 0 0 1 0 35.9946 0</i>
                <i>1 0 0 0 1 0 0 0 1 0 35.9946 0</i>
                <i>1 0 0 0 1 0 0 0 1 0 35.9946 0</i>
            </KeyFrames>
        </RefFrame>
        <Bones count="19">
            <i>
                <p>
                    <Name><![CDATA[boss_beetle_torso_root]]></Name>
                    <Exclude>0</Exclude>
                    <Additive>0</Additive>
                    <IKPriority>0</IKPriority>
                    <IKRotLimits>-1e+010 -1e+010 -1e+010 1e+010 1e+010 1e+010</IKRotLimits>
                    <IKRotLimitOrder>0</IKRotLimitOrder>
                    <KeyFrames count="121">
                        <i>1 0.00010148 0 -0.00010148 1 0.000167643 1.70124e-008 -0.000167643 1 -0.0342526 35.9568 0.0107214</i>
                        <i>0.999995 -0.000141475 -0.00304997 0.00014242 1 0.000309592 0.00304993 -0.000310025 0.999995 -0.026368 35.9401 0.0140712</i>
                        <i>0.99998 -0.000212296 -0.00628242 0.000214466 1 0.000344737 0.00628234 -0.000346077 0.99998 -0.0188587 35.9343 0.01182</i>
                        <i>0.999953 -0.000111445 -0.00967624 0.000113215 1 0.00018232 0.00967622 -0.000183407 0.999953 -0.0186628 35.9407 0.00784973</i>
                        <i>0.999913 0.000228738 -0.0132103 -0.000228693 1 4.89271e-006 0.0132103 -1.87118e-006 0.999913 -0.0279402 35.9747 0.00397223</i>
                        <i>0.999858 0.00038825 -0.0168636 -0.000388149 1 9.21027e-006 0.0168636 -2.66338e-006 0.999858 -0.0358893 35.9917 0.00101916</i>
                        <i>0.999787 0.00018825 -0.0206148 -0.000187158 1 5.49024e-005 0.0206148 -5.10325e-005 0.999788 -0.035654 35.9985 0.00666606</i>
                        <i>0.999701 0.000221711 -0.024443 -0.000220291 1 6.07924e-005 0.024443 -5.53896e-005 0.999701 -0.0350072 35.9929 0.0139752</i>
                        <i>0.999599 5.71347e-005 -0.0283269 -5.52255e-005 1 6.8181e-005 0.0283269 -6.65892e-005 0.999599 -0.0304914 35.9754 0.0173447</i>
                        <i>0.99948 -0.0001982 -0.0322455 0.000197205 1 -3.40594e-005 0.0322455 2.76827e-005 0.99948 -0.022698 35.9625 0.0111138</i>
                        <i>0.999345 -6.07087e-005 -0.0361777 5.97821e-005 1 -2.66934e-005 0.0361777 2.45131e-005 0.999345 -0.0222752 35.9706 0.0100652</i>
                        <i>0.999196 -0.000197947 -0.0401022 0.000205802 1 0.000191755 0.0401022 -0.000199854 0.999196 -0.015568 35.9852 0.0250569</i>
                        <i>0.999032 -0.000290123 -0.0439981 0.000300093 1 0.00022 0.043998 -0.00023299 0.999032 -0.00854851 35.9676 0.0242872</i>
                        <i>0.998855 -0.000554436 -0.0478442 0.000563521 1 0.000176399 0.0478441 -0.000203158 0.998855 0.00416901 35.9463 0.0116517</i>
                        <i>0.998667 -0.000373205 -0.0516196 0.000384216 1 0.000203403 0.0516195 -0.000222965 0.998667 0.00159261 35.9576 0.00900414</i>
                        <i>0.99847 0.000200559 -0.055303 -0.00018123 1 0.000354519 0.0553031 -0.000343954 0.99847 -0.0139811 35.9828 0.0214891</i>
                        <i>0.998265 0.000293009 -0.0588736 -0.000263716 1 0.00050532 0.0588738 -0.000488918 0.998265 -0.0179688 35.9778 0.0287102</i>
                        <i>0.998057 8.65022e-005 -0.0623104 -5.56688e-005 1 0.000496573 0.0623104 -0.000492139 0.998057 -0.00998032 35.9711 0.0291121</i>
                        <i>0.997846 7.76261e-005 -0.0655923 -5.09346e-005 1 0.000408602 0.0655923 -0.000404381 0.997846 -0.00858159 35.9956 0.0209502</i>
                        <i>0.997637 0.000386275 -0.0686984 -0.000376269 1 0.000158587 0.0686985 -0.000132363 0.997637 -0.0178024 35.9897 -0.00113114</i>
                        <i>0.997433 0.000447158 -0.0716078 -0.000455154 1 -9.53426e-005 0.0716078 0.00012769 0.997433 -0.0222901 35.9947 -0.0185434</i>
                        <i>0.997236 0.00044665 -0.0742996 -0.000464554 1 -0.000223693 0.0742995 0.000257591 0.997236 -0.0308964 35.9991 -0.0231762</i>
                        <i>0.99705 0.000501487 -0.076753 -0.000511941 1 -0.000116533 0.0767529 0.000155482 0.99705 -0.0345594 36.0004 -0.00850654</i>
                        <i>0.996879 0.000626198 -0.0789469 -0.000620382 1 9.8189e-005 0.0789469 -4.89052e-005 0.996879 -0.0354348 35.9902 0.0111175</i>
                        <i>0.996725 0.0003664 -0.0808606 -0.000356006 1 0.000142964 0.0808606 -0.000113709 0.996725 -0.0285945 35.9626 0.00920513</i>
                        <i>0.996593 -8.71772e-005 -0.0824732 0.000102422 1 0.000180612 0.0824732 -0.000188444 0.996593 -0.0152172 35.965 -0.00526178</i>
                        <i>0.996485 -0.000562393 -0.0837638 0.000568241 1 4.59763e-005 0.0837638 -9.34127e-005 0.996486 -0.00227105 35.9627 -0.00991507</i>
                        <i>0.996405 -0.000841723 -0.0847116 0.000857045 1 0.000144503 0.0847114 -0.000216585 0.996405 0.00374298 35.9524 -0.0013391</i>
                        <i>0.996356 -0.000377505 -0.0852956 0.000396718 1 0.000208298 0.0852955 -0.000241377 0.996356 -0.0102001 35.9471 0.00324714</i>
                        <i>0.996339 0.000284445 -0.0854949 -0.000277242 1 9.6128e-005 0.0854949 -7.20732e-005 0.996339 -0.0281398 35.9459 -0.00577971</i>
                        <i>0.99635 0.000616622 -0.0853629 -0.000617638 1 1.45026e-005 0.0853629 3.82737e-005 0.99635 -0.0399738 35.9445 -0.00110879</i>
                        <i>0.996383 0.000417656 -0.0849726 -0.000422843 1 -4.3043e-005 0.0849726 7.88174e-005 0.996383 -0.0344338 35.9476 0.00923518</i>
                        <i>0.996438 0.000374906 -0.0843323 -0.000395406 1 -0.00022639 0.0843322 0.000258929 0.996438 -0.0355188 35.9508 0.0120576</i>
                        <i>0.996512 0.00038137 -0.0834503 -0.00041266 1 -0.000357701 0.0834502 0.00039089 0.996512 -0.0355446 35.9452 0.0103333</i>
                        <i>0.996605 0.000481412 -0.082335 -0.000520061 1 -0.000447966 0.0823348 0.000489264 0.996605 -0.041408 35.9372 0.00391954</i>
                        <i>0.996714 0.000645599 -0.0809946 -0.000681265 1 -0.000412716 0.0809943 0.000466539 0.996714 -0.0521465 35.9539 -0.00195698</i>
                        <i>0.99684 0.000697933 -0.0794375 -0.000732957 1 -0.000411748 0.0794372 0.000468671 0.99684 -0.0563316 35.9757 -0.018034</i>
                        <i>0.996979 0.000324409 -0.077672 -0.000353492 1 -0.000360688 0.0776718 0.000387054 0.996979 -0.0487447 35.9991 -0.0281285</i>
                        <i>0.99713 0.000191002 -0.0757063 -0.000219269 1 -0.000365068 0.0757062 0.00038062 0.99713 -0.0447258 35.9755 -0.0226867</i>
                        <i>0.997292 0.000145028 -0.0735487 -0.000164489 1 -0.000258553 0.0735486 0.000269951 0.997292 -0.040394 35.9571 -0.0102849</i>
                        <i>0.997461 -0.000295173 -0.0712076 0.000295801 1 -1.7291e-006 0.0712076 -1.93385e-005 0.997461 -0.0248341 35.9671 0.00435083</i>
                        <i>0.997638 -0.000273618 -0.0686912 0.000284631 1 0.000150537 0.0686911 -0.000169733 0.997638 -0.0195969 35.9698 0.00888552</i>
                        <i>0.997819 0.000115933 -0.0660078 -0.000113723 1 3.72364e-005 0.0660078 -2.96486e-005 0.997819 -0.0304581 35.9506 -0.000572446</i>
                        <i>0.998003 0.000349481 -0.0631659 -0.000366631 1 -0.000259908 0.0631658 0.000282548 0.998003 -0.0404802 35.9325 -0.0149308</i>
                        <i>0.998188 9.11055e-005 -0.0601735 -0.000119254 1 -0.000464202 0.0601735 0.000470536 0.998188 -0.0368093 35.9268 -0.017567</i>
                        <i>0.998372 -9.0056e-005 -0.0570392 6.01679e-005 1 -0.000525709 0.0570393 0.000521421 0.998372 -0.0341858 35.9381 -0.0137283</i>
                        <i>0.998553 0.000281384 -0.0537713 -0.000308297 1 -0.000492199 0.0537711 0.000508064 0.998553 -0.0425923 35.9594 -0.0128926</i>
                        <i>0.99873 0.000467865 -0.0503781 -0.000485644 1 -0.000340674 0.0503779 0.000364707 0.99873 -0.0459626 35.9657 -0.0143011</i>
                        <i>0.998901 0.000387782 -0.0468679 -0.000397188 1 -0.000191388 0.0468678 0.000209793 0.998901 -0.0401141 35.9654 -0.014521</i>
                        <i>0.999064 0.000177025 -0.0432492 -0.000178255 1 -2.45837e-005 0.0432492 3.227e-005 0.999064 -0.0297027 35.9725 -0.0108099</i>
                        <i>0.999218 -7.48784e-005 -0.0395302 7.8437e-005 1 8.84699e-005 0.0395302 -9.15014e-005 0.999218 -0.0186834 35.958 -0.00953808</i>
                        <i>0.999362 -0.000306164 -0.0357196 0.000310399 1 0.000113017 0.0357195 -0.000124032 0.999362 -0.00758294 35.94 -0.0109761</i>
                        <i>0.999493 -0.000261424 -0.0318255 0.00026575 1 0.000131703 0.0318255 -0.000140094 0.999493 -0.00847199 35.9486 -0.0108292</i>
                        <i>0.999612 -6.43342e-005 -0.0278566 7.04081e-005 1 0.000217063 0.0278566 -0.00021894 0.999612 -0.0154376 35.9641 -0.00457364</i>
                        <i>0.999716 0.000277426 -0.0238211 -0.000270206 1 0.000306328 0.0238212 -0.000299804 0.999716 -0.0282295 35.9686 -9.4747e-005</i>
                        <i>0.999805 0.000429847 -0.0197276 -0.000425256 1 0.000236929 0.0197277 -0.000228493 0.999805 -0.0381674 35.9697 -0.00119166</i>
                        <i>0.999878 0.000460122 -0.0155845 -0.000456966 1 0.000206064 0.0155846 -0.000198917 0.999879 -0.0418094 35.9953 -0.0021892</i>
                        <i>0.999935 0.00039325 -0.0114002 -0.000393599 1 -2.83604e-005 0.0114002 3.28457e-005 0.999935 -0.0375401 35.9984 -0.0131763</i>
                        <i>0.999974 0.000238038 -0.00718326 -0.000238515 1 -6.55376e-005 0.00718325 6.72492e-005 0.999974 -0.0275192 35.9799 -0.0298399</i>
                        <i>0.999996 0.000475421 -0.00294212 -0.000475127 1 0.000100394 0.00294217 -9.89952e-005 0.999996 -0.0309168 35.9793 -0.0253001</i>
                        <i>0.999999 0.000726075 0.00131476 -0.000726392 1 0.000241076 -0.00131458 -0.000242031 0.999999 -0.0356605 35.9898 -0.0130964</i>
                        <i>0.999984 0.000749127 0.00557888 -0.000750505 1 0.000244936 -0.0055787 -0.000249119 0.999984 -0.0415624 35.9853 -0.000868372</i>
                        <i>0.999952 0.000136472 0.00984179 -0.000138351 1 0.000190286 -0.00984176 -0.000191639 0.999952 -0.0293948 35.9953 0.00718744</i>
                        <i>0.999901 -0.000304165 0.014095 0.000302478 1 0.000121812 -0.0140951 -0.000117537 0.999901 -0.0209465 35.9925 0.0108301</i>
                        <i>0.999832 -0.00062194 0.01833 0.000617925 1 0.000224668 -0.0183302 -0.000213304 0.999832 -0.00931261 35.9724 0.0153715</i>
                        <i>0.999746 -0.000679582 0.0225384 0.000677571 1 9.68808e-005 -0.0225385 -8.15848e-005 0.999746 -0.00251584 35.9362 0.0121345</i>
                        <i>0.999643 -0.000562333 0.0267117 0.000563833 1 -4.86408e-005 -0.0267117 6.36844e-005 0.999643 -0.00394404 35.9242 0.0124637</i>
                        <i>0.999524 -0.000245312 0.0308414 0.000249631 1 -0.000136214 -0.0308414 0.000143848 0.999524 -0.0132502 35.9589 0.00878011</i>
                        <i>0.99939 -0.000319113 0.0349191 0.000320087 1 -2.22838e-005 -0.0349191 3.34474e-005 0.99939 -0.0164898 35.9788 0.0084716</i>
                        <i>0.999242 -0.000472267 0.0389363 0.000471436 1 3.05157e-005 -0.0389363 -1.21366e-005 0.999242 -0.0156328 35.9685 0.013737</i>
                        <i>0.99908 -0.000358717 0.0428846 0.000355756 1 7.66639e-005 -0.0428847 -6.13368e-005 0.99908 -0.01679 35.9608 0.0144904</i>
                        <i>0.998906 -0.000528162 0.0467557 0.000525889 1 6.0904e-005 -0.0467557 -3.62491e-005 0.998906 -0.0144449 35.9656 0.00771258</i>
                        <i>0.998722 -0.000417228 0.050541 0.000419745 1 -3.91923e-005 -0.050541 6.03565e-005 0.998722 -0.0162515 35.9657 -0.00624806</i>
                        <i>0.998528 -5.50236e-005 0.0542322 5.21582e-005 1 5.42524e-005 -0.0542322 -5.13439e-005 0.998528 -0.0245783 35.9785 -0.0077452</i>
                        <i>0.998327 1.09243e-005 0.0578209 -2.11828e-005 1 0.000176806 -0.0578209 -0.000177735 0.998327 -0.0266202 35.98 -0.00470549</i>
                        <i>0.998119 8.9387e-005 0.0612987 -9.23697e-005 1 4.58251e-005 -0.0612987 -5.14011e-005 0.998119 -0.0270658 35.9799 -0.0207947</i>
                        <i>0.997908 7.52405e-005 0.0646573 -7.009e-005 1 -8.19255e-005 -0.0646573 7.72222e-005 0.997908 -0.0270816 35.9714 -0.0349807</i>
                        <i>0.997693 0.000559258 0.0678883 -0.000551539 1 -0.000132448 -0.0678884 9.46997e-005 0.997693 -0.0453549 35.9896 -0.0311924</i>
                        <i>0.997477 0.000955962 0.0709835 -0.000953655 1 -6.63887e-005 -0.0709835 -1.47261e-006 0.997477 -0.0626372 35.9965 -0.0172109</i>
                        <i>0.997263 0.000832643 0.0739344 -0.000837223 1 3.09516e-005 -0.0739344 -9.27665e-005 0.997263 -0.0605716 35.9985 -0.00636509</i>
                        <i>0.997051 0.000698637 0.0767328 -0.000710092 1 0.000121999 -0.0767327 -0.000176127 0.997052 -0.0516266 35.9517 0.00362025</i>
                        <i>0.996845 0.000931413 0.0793704 -0.000952328 1 0.000225654 -0.0793701 -0.000300528 0.996845 -0.0508359 35.9383 0.00671849</i>
                        <i>0.996645 0.00120344 0.0818389 -0.001227 0.999999 0.000237691 -0.0818385 -0.00033731 0.996646 -0.0510311 35.9536 0.00328523</i>
                        <i>0.996454 0.00120978 0.0841299 -0.00123143 0.999999 0.000205445 -0.0841296 -0.000308316 0.996455 -0.0512188 35.9603 0.0022296</i>
                        <i>0.996274 0.00116034 0.0862353 -0.00118695 0.999999 0.000257355 -0.0862349 -0.000358753 0.996275 -0.0525727 35.9448 0.0110243</i>
                        <i>0.996107 0.00116132 0.0881467 -0.00120224 0.999999 0.000411124 -0.0881462 -0.000515497 0.996107 -0.0507723 35.9354 0.0276277</i>
                        <i>0.995954 0.000955189 0.0898559 -0.000998388 0.999999 0.00043581 -0.0898555 -0.000523758 0.995955 -0.0442345 35.9347 0.0316074</i>
                        <i>0.995818 0.000411648 0.0913546 -0.000450885 1 0.000408865 -0.0913544 -0.000448345 0.995818 -0.0293196 35.9635 0.0175434</i>
                        <i>0.9957 -0.000205674 0.0926345 0.000185618 1 0.00022512 -0.0926346 -0.000206958 0.9957 -0.0117004 35.9882 0.00598798</i>
                        <i>0.995601 -0.000854243 0.0936873 0.00084558 1 0.000132162 -0.0936874 -5.23606e-005 0.995602 0.00439407 35.9998 0.0115318</i>
                        <i>0.995537 -0.000898439 0.0943731 0.000883102 1 0.000204277 -0.0943732 -0.000120024 0.995537 0.00277668 35.9906 0.0227638</i>
                        <i>0.995518 -0.000374929 0.0945739 0.000359996 1 0.00017495 -0.094574 -0.00014012 0.995518 -0.0100068 35.9809 0.0157566</i>
                        <i>0.995542 0.000168968 0.0943144 -0.000182358 1 0.000133359 -0.0943144 -0.000149964 0.995542 -0.0250119 35.9677 0.00934875</i>
                        <i>0.995608 0.000111799 0.0936192 -0.000134513 1 0.000236313 -0.0936192 -0.000247868 0.995608 -0.0206468 35.9655 0.0132447</i>
                        <i>0.995712 2.28152e-005 0.0925129 -4.07241e-005 1 0.000191695 -0.0925129 -0.000194641 0.995711 -0.0165912 35.9823 0.0138443</i>
                        <i>0.995849 -1.15246e-005 0.0910201 6.62019e-007 1 0.000119373 -0.0910201 -0.000118817 0.995849 -0.0130361 35.9746 0.0130939</i>
                        <i>0.996017 5.04035e-005 0.0891652 -4.88355e-005 1 -1.97669e-005 -0.0891652 1.53338e-005 0.996017 -0.0125202 35.9526 0.0068232</i>
                        <i>0.996211 0.000101427 0.0869728 -9.91574e-005 1 -3.04164e-005 -0.0869728 2.16772e-005 0.996211 -0.0185408 35.9477 0.00591363</i>
                        <i>0.996426 0.000278837 0.0844674 -0.000270158 1 -0.000114176 -0.0844674 9.09481e-005 0.996426 -0.0269776 35.9778 -0.00367814</i>
                        <i>0.996659 2.72245e-005 0.0816734 -1.4896e-005 1 -0.000151558 -0.0816734 0.000149835 0.996659 -0.02378 35.9806 -0.0184883</i>
                        <i>0.996905 -0.000329469 0.0786154 0.000351365 1 -0.000264687 -0.0786153 0.00029149 0.996905 -0.019042 35.9694 -0.0185438</i>
                        <i>0.99716 -0.000216728 0.0753178 0.000246096 1 -0.000380637 -0.0753177 0.000398091 0.997159 -0.0224422 35.9905 -0.00972456</i>
                        <i>0.997419 -0.000436695 0.0718054 0.000455306 1 -0.000242824 -0.0718053 0.000274891 0.997419 -0.0177079 35.9919 0.00542602</i>
                        <i>0.997678 -0.000543305 0.0681026 0.000542789 1 2.60842e-005 -0.0681026 1.09417e-005 0.997678 -0.00987327 35.9922 0.0183562</i>
                        <i>0.997935 0.000201992 0.0642341 -0.000212699 1 0.000159845 -0.064234 -0.000173177 0.997935 -0.0246445 35.9978 0.0173729</i>
                        <i>0.998184 0.000989493 0.0602245 -0.000998174 1 0.000114061 -0.0602243 -0.000173968 0.998185 -0.0449921 36.0008 0.00689598</i>
                        <i>0.998424 0.00135381 0.0560985 -0.00135062 0.999999 -9.4636e-005 -0.0560985 1.8719e-005 0.998425 -0.0550522 35.9969 -0.00522195</i>
                        <i>0.998653 0.000948886 0.0518808 -0.00093851 1 -0.000224354 -0.051881 0.000175361 0.998653 -0.0468288 35.9704 -0.0065553</i>
                        <i>0.998866 0.000829173 0.0475963 -0.000811975 1 -0.000380661 -0.0475966 0.000341582 0.998867 -0.0460085 35.9632 -0.0139405</i>
                        <i>0.999063 0.000787496 0.0432696 -0.00076644 1 -0.000503214 -0.04327 0.000469579 0.999063 -0.0459344 35.9644 -0.0257785</i>
                        <i>0.999242 0.00048476 0.0389256 -0.000464715 1 -0.000523996 -0.0389259 0.00050551 0.999242 -0.0400009 35.9601 -0.0336798</i>
                        <i>0.999402 0.000232391 0.0345892 -0.000213824 1 -0.000540481 -0.0345893 0.000532762 0.999401 -0.0320512 35.9462 -0.0324046</i>
                        <i>0.999541 4.82524e-005 0.0302851 -3.29739e-005 1 -0.000504989 -0.0302851 0.000503759 0.999541 -0.0264877 35.9416 -0.0232275</i>
                        <i>0.999661 -2.70762e-005 0.0260382 4.07603e-005 1 -0.00052501 -0.0260382 0.000525894 0.999661 -0.0229734 35.9469 -0.0148518</i>
                        <i>0.999761 -0.000119013 0.0218734 0.000130766 1 -0.000535865 -0.0218733 0.000538597 0.999761 -0.0181527 35.945 -0.0101732</i>
                        <i>0.999841 -7.51009e-005 0.0178155 8.30269e-005 1 -0.000444152 -0.0178155 0.000445561 0.999841 -0.0199552 35.9519 -0.00497593</i>
                        <i>0.999904 -6.9842e-005 0.0138894 7.30612e-005 1 -0.000231272 -0.0138894 0.000232264 0.999904 -0.019737 35.9447 0.000594637</i>
                        <i>0.999949 -8.65355e-005 0.01012 8.73111e-005 1 -7.62001e-005 -0.01012 7.70798e-005 0.999949 -0.0208284 35.9398 -0.00093434</i>
                        <i>0.999979 -0.000199635 0.00653205 0.000200099 1 -7.04937e-005 -0.00653203 7.17992e-005 0.999979 -0.021576 35.9432 -0.00404429</i>
                        <i>0.999995 -0.000258632 0.00315045 0.000259146 1 -0.000162664 -0.00315041 0.000163479 0.999995 -0.0212289 35.9699 -0.0088259</i>
                        <i>1 -0.000309789 0 0.000309789 1 -0.00039587 1.22637e-007 0.00039587 1 -0.0184854 35.9905 -0.0234559</i>
                    </KeyFrames>
                </p>
            </i>
            <i>
                <p>
                    <Name><![CDATA[l_clavicle]]></Name>
                    <Exclude>0</Exclude>
                    <Additive>0</Additive>
                    <IKPriority>0</IKPriority>
                    <IKRotLimits>-1e+010 -1e+010 -1e+010 1e+010 1e+010 1e+010</IKRotLimits>
                    <IKRotLimitOrder>0</IKRotLimitOrder>
                    <KeyFrames count="121">
                        <i>1 0.00010148 0 -0.00010148 1 0.000167643 1.70124e-008 -0.000167643 1 12.5579 47.9663 -10.535</i>
                        <i>0.999995 -0.000141475 -0.00304997 0.00014242 1 0.000309592 0.00304993 -0.000310025 0.999995 12.5364 47.9479 -10.5683</i>
                        <i>0.99998 -0.000212296 -0.00628242 0.000214466 1 0.000344737 0.00628234 -0.000346077 0.99998 12.5105 47.9417 -10.6107</i>
                        <i>0.999953 -0.000111445 -0.00967624 0.000113215 1 0.00018232 0.00967622 -0.000183407 0.999953 12.4734 47.9477 -10.6591</i>
                        <i>0.999913 0.000228738 -0.0132103 -0.000228693 1 4.89271e-006 0.0132103 -1.87118e-006 0.999913 12.4222 47.984 -10.7091</i>
                        <i>0.999858 0.00038825 -0.0168636 -0.000388149 1 9.21027e-006 0.0168636 -2.66338e-006 0.999858 12.3731 48.003 -10.7575</i>
                        <i>0.999787 0.00018825 -0.0206148 -0.000187158 1 5.49024e-005 0.0206148 -5.10325e-005 0.999788 12.3353 48.0078 -10.7978</i>
                        <i>0.999701 0.000221711 -0.024443 -0.000220291 1 6.07924e-005 0.024443 -5.53896e-005 0.999701 12.2941 48.0026 -10.8377</i>
                        <i>0.999599 5.71347e-005 -0.0283269 -5.52255e-005 1 6.8181e-005 0.0283269 -6.65892e-005 0.999599 12.2583 47.9832 -10.8821</i>
                        <i>0.99948 -0.0001982 -0.0322455 0.000197205 1 -3.40594e-005 0.0322455 2.76827e-005 0.99948 12.2263 47.9661 -10.9376</i>
                        <i>0.999345 -6.07087e-005 -0.0361777 5.97821e-005 1 -2.66934e-005 0.0361777 2.45131e-005 0.999345 12.1819 47.976 -10.9867</i>
                        <i>0.999196 -0.000197947 -0.0401022 0.000205802 1 0.000191755 0.0401022 -0.000199854 0.999196 12.1471 47.9912 -11.0169</i>
                        <i>0.999032 -0.000290123 -0.0439981 0.000300093 1 0.00022 0.043998 -0.00023299 0.999032 12.1121 47.9728 -11.0647</i>
                        <i>0.998855 -0.000554436 -0.0478442 0.000563521 1 0.000176399 0.0478441 -0.000203158 0.998855 12.0852 47.9478 -11.1244</i>
                        <i>0.998667 -0.000373205 -0.0516196 0.000384216 1 0.000203403 0.0516195 -0.000222965 0.998667 12.0383 47.9616 -11.1723</i>
                        <i>0.99847 0.000200559 -0.055303 -0.00018123 1 0.000354519 0.0553031 -0.000343954 0.99847 11.9746 47.9953 -11.2023</i>
                        <i>0.998265 0.000293009 -0.0588736 -0.000263716 1 0.00050532 0.0588738 -0.000488918 0.998265 11.9294 47.9931 -11.2361</i>
                        <i>0.998057 8.65022e-005 -0.0623104 -5.56688e-005 1 0.000496573 0.0623104 -0.000492139 0.998057 11.901 47.9838 -11.2769</i>
                        <i>0.997846 7.76261e-005 -0.0655923 -5.09346e-005 1 0.000408602 0.0655923 -0.000404381 0.997846 11.8652 48.0072 -11.3252</i>
                        <i>0.997637 0.000386275 -0.0686984 -0.000376269 1 0.000158587 0.0686985 -0.000132363 0.997637 11.8166 48.0024 -11.3872</i>
                        <i>0.997433 0.000447158 -0.0716078 -0.000455154 1 -9.53426e-005 0.0716078 0.00012769 0.997433 11.7779 48.0054 -11.4421</i>
                        <i>0.997236 0.00044665 -0.0742996 -0.000464554 1 -0.000223693 0.0742995 0.000257591 0.997236 11.7384 48.0084 -11.4801</i>
                        <i>0.99705 0.000501487 -0.076753 -0.000511941 1 -0.000116533 0.0767529 0.000155482 0.99705 11.7059 48.0115 -11.4931</i>
                        <i>0.996879 0.000626198 -0.0789469 -0.000620382 1 9.8189e-005 0.0789469 -4.89052e-005 0.996879 11.6784 48.005 -11.4967</i>
                        <i>0.996725 0.0003664 -0.0808606 -0.000356006 1 0.000142964 0.0808606 -0.000113709 0.996725 11.6663 47.9748 -11.5206</i>
                        <i>0.996593 -8.71772e-005 -0.0824732 0.000102422 1 0.000180612 0.0824732 -0.000188444 0.996593 11.6665 47.9723 -11.5535</i>
                        <i>0.996485 -0.000562393 -0.0837638 0.000568241 1 4.59763e-005 0.0837638 -9.34127e-005 0.996486 11.6701 47.963 -11.5749</i>
                        <i>0.996405 -0.000841723 -0.0847116 0.000857045 1 0.000144503 0.0847114 -0.000216585 0.996405 11.6686 47.9505 -11.5762</i>
                        <i>0.996356 -0.000377505 -0.0852956 0.000396718 1 0.000208298 0.0852955 -0.000241377 0.996356 11.6423 47.9513 -11.5777</i>
                        <i>0.996339 0.000284445 -0.0854949 -0.000277242 1 9.6128e-005 0.0854949 -7.20732e-005 0.996339 11.614 47.9566 -11.5904</i>
                        <i>0.99635 0.000616622 -0.0853629 -0.000617638 1 1.45026e-005 0.0853629 3.82737e-005 0.99635 11.5996 47.9583 -11.5852</i>
                        <i>0.996383 0.000417656 -0.0849726 -0.000422843 1 -4.3043e-005 0.0849726 7.88174e-005 0.996383 11.612 47.9585 -11.571</i>
                        <i>0.996438 0.000374906 -0.0843323 -0.000395406 1 -0.00022639 0.0843322 0.000258929 0.996438 11.6187 47.9592 -11.5628</i>
                        <i>0.996512 0.00038137 -0.0834503 -0.00041266 1 -0.000357701 0.0834502 0.00039089 0.996512 11.6287 47.9523 -11.5558</i>
                        <i>0.996605 0.000481412 -0.082335 -0.000520061 1 -0.000447966 0.0823348 0.000489264 0.996605 11.6345 47.9445 -11.5503</i>
                        <i>0.996714 0.000645599 -0.0809946 -0.000681265 1 -0.000412716 0.0809943 0.000466539 0.996714 11.6373 47.9635 -11.54</i>
                        <i>0.99684 0.000697933 -0.0794375 -0.000732957 1 -0.000411748 0.0794372 0.000468671 0.99684 11.6505 47.986 -11.5378</i>
                        <i>0.996979 0.000324409 -0.077672 -0.000353492 1 -0.000360688 0.0776718 0.000387054 0.996979 11.683 48.0055 -11.5265</i>
                        <i>0.99713 0.000191002 -0.0757063 -0.000219269 1 -0.000365068 0.0757062 0.00038062 0.99713 11.7113 47.9803 -11.4979</i>
                        <i>0.997292 0.000145028 -0.0735487 -0.000164489 1 -0.000258553 0.0735486 0.000269951 0.997292 11.7411 47.9625 -11.4588</i>
                        <i>0.997461 -0.000295173 -0.0712076 0.000295801 1 -1.7291e-006 0.0712076 -1.93385e-005 0.997461 11.789 47.9699 -11.4134</i>
                        <i>0.997638 -0.000273618 -0.0686912 0.000284631 1 0.000150537 0.0686911 -0.000169733 0.997638 11.8229 47.9746 -11.3772</i>
                        <i>0.997819 0.000115933 -0.0660078 -0.000113723 1 3.72364e-005 0.0660078 -2.96486e-005 0.997819 11.8378 47.9588 -11.3561</i>
                        <i>0.998003 0.000349481 -0.0631659 -0.000366631 1 -0.000259908 0.0631658 0.000282548 0.998003 11.857 47.9403 -11.3402</i>
                        <i>0.998188 9.11055e-005 -0.0601735 -0.000119254 1 -0.000464202 0.0601735 0.000470536 0.998188 11.8976 47.9293 -11.3095</i>
                        <i>0.998372 -9.0056e-005 -0.0570392 6.01679e-005 1 -0.000525709 0.0570393 0.000521421 0.998372 11.9377 47.9379 -11.2689</i>
                        <i>0.998553 0.000281384 -0.0537713 -0.000308297 1 -0.000492199 0.0537711 0.000508064 0.998553 11.9617 47.964 -11.2284</i>
                        <i>0.99873 0.000467865 -0.0503781 -0.000485644 1 -0.000340674 0.0503779 0.000364707 0.99873 11.9942 47.9741 -11.1872</i>
                        <i>0.998901 0.000387782 -0.0468679 -0.000397188 1 -0.000191388 0.0468678 0.000209793 0.998901 12.0403 47.9744 -11.1432</i>
                        <i>0.999064 0.000177025 -0.0432492 -0.000178255 1 -2.45837e-005 0.0432492 3.227e-005 0.999064 12.0935 47.9808 -11.0936</i>
                        <i>0.999218 -7.48784e-005 -0.0395302 7.8437e-005 1 8.84699e-005 0.0395302 -9.15014e-005 0.999218 12.1488 47.9644 -11.0458</i>
                        <i>0.999362 -0.000306164 -0.0357196 0.000310399 1 0.000113017 0.0357195 -0.000124032 0.999362 12.2047 47.9439 -11.0005</i>
                        <i>0.999493 -0.000261424 -0.0318255 0.00026575 1 0.000131703 0.0318255 -0.000140094 0.999493 12.246 47.9531 -10.9524</i>
                        <i>0.999612 -6.43342e-005 -0.0278566 7.04081e-005 1 0.000217063 0.0278566 -0.00021894 0.999612 12.28 47.972 -10.8964</i>
                        <i>0.999716 0.000277426 -0.0238211 -0.000270206 1 0.000306328 0.0238212 -0.000299804 0.999716 12.307 47.9817 -10.8411</i>
                        <i>0.999805 0.000429847 -0.0197276 -0.000425256 1 0.000236929 0.0197277 -0.000228493 0.999805 12.3395 47.9839 -10.7925</i>
                        <i>0.999878 0.000460122 -0.0155845 -0.000456966 1 0.000206064 0.0155846 -0.000198917 0.999879 12.3801 48.0095 -10.7424</i>
                        <i>0.999935 0.00039325 -0.0114002 -0.000393599 1 -2.83604e-005 0.0114002 3.28457e-005 0.999935 12.43 48.0094 -10.7041</i>
                        <i>0.999974 0.000238038 -0.00718326 -0.000238515 1 -6.55376e-005 0.00718325 6.72492e-005 0.999974 12.4869 47.9886 -10.6686</i>
                        <i>0.999996 0.000475421 -0.00294212 -0.000475127 1 0.000100394 0.00294217 -9.89952e-005 0.999996 12.5256 47.9927 -10.6088</i>
                        <i>0.999999 0.000726075 0.00131476 -0.000726392 1 0.000241076 -0.00131458 -0.000242031 0.999999 12.5628 48.0079 -10.5414</i>
                        <i>0.999984 0.000749127 0.00557888 -0.000750505 1 0.000244936 -0.0055787 -0.000249119 0.999984 12.6014 48.0038 -10.4752</i>
                        <i>0.999952 0.000136472 0.00984179 -0.000138351 1 0.000190286 -0.00984176 -0.000191639 0.999952 12.6655 48.0055 -10.4138</i>
                        <i>0.999901 -0.000304165 0.014095 0.000302478 1 0.000121812 -0.0140951 -0.000117537 0.999901 12.7234 47.9963 -10.3569</i>
                        <i>0.999832 -0.00062194 0.01833 0.000617925 1 0.000224668 -0.0183302 -0.000213304 0.999832 12.7827 47.9732 -10.2971</i>
                        <i>0.999746 -0.000679582 0.0225384 0.000677571 1 9.68808e-005 -0.0225385 -8.15848e-005 0.999746 12.8335 47.9349 -10.2479</i>
                        <i>0.999643 -0.000562333 0.0267117 0.000563833 1 -4.86408e-005 -0.0267117 6.36844e-005 0.999643 12.8734 47.9228 -10.1957</i>
                        <i>0.999524 -0.000245312 0.0308414 0.000249631 1 -0.000136214 -0.0308414 0.000143848 0.999524 12.9024 47.9607 -10.1472</i>
                        <i>0.99939 -0.000319113 0.0349191 0.000320087 1 -2.22838e-005 -0.0349191 3.34474e-005 0.99939 12.9413 47.9808 -10.0933</i>
                        <i>0.999242 -0.000472267 0.0389363 0.000471436 1 3.05157e-005 -0.0389363 -1.21366e-005 0.999242 12.9845 47.9691 -10.0353</i>
                        <i>0.99908 -0.000358717 0.0428846 0.000355756 1 7.66639e-005 -0.0428847 -6.13368e-005 0.99908 13.0216 47.9633 -9.98256</i>
                        <i>0.998906 -0.000528162 0.0467557 0.000525889 1 6.0904e-005 -0.0467557 -3.62491e-005 0.998906 13.0646 47.9657 -9.93894</i>
                        <i>0.998722 -0.000417228 0.050541 0.000419745 1 -3.91923e-005 -0.050541 6.03565e-005 0.998722 13.0991 47.9662 -9.90449</i>
                        <i>0.998528 -5.50236e-005 0.0542322 5.21582e-005 1 5.42524e-005 -0.0542322 -5.13439e-005 0.998528 13.1229 47.9847 -9.85634</i>
                        <i>0.998327 1.09243e-005 0.0578209 -2.11828e-005 1 0.000176806 -0.0578209 -0.000177735 0.998327 13.1553 47.9884 -9.80451</i>
                        <i>0.998119 8.9387e-005 0.0612987 -9.23697e-005 1 4.58251e-005 -0.0612987 -5.14011e-005 0.998119 13.188 47.988 -9.77619</i>
                        <i>0.997908 7.52405e-005 0.0646573 -7.009e-005 1 -8.19255e-005 -0.0646573 7.72222e-005 0.997908 13.221 47.9779 -9.74738</i>
                        <i>0.997693 0.000559258 0.0678883 -0.000551539 1 -0.000132448 -0.0678884 9.46997e-005 0.997693 13.2284 48.0021 -9.70124</i>
                        <i>0.997477 0.000955962 0.0709835 -0.000953655 1 -6.63887e-005 -0.0709835 -1.47261e-006 0.997477 13.2362 48.0149 -9.64522</i>
                        <i>0.997263 0.000832643 0.0739344 -0.000837223 1 3.09516e-005 -0.0739344 -9.27665e-005 0.997263 13.2681 48.0164 -9.59378</i>
                        <i>0.997051 0.000698637 0.0767328 -0.000710092 1 0.000121999 -0.0767327 -0.000176127 0.997052 13.3054 47.9687 -9.54523</i>
                        <i>0.996845 0.000931413 0.0793704 -0.000952328 1 0.000225654 -0.0793701 -0.000300528 0.996845 13.3285 47.9596 -9.50549</i>
                        <i>0.996645 0.00120344 0.0818389 -0.001227 0.999999 0.000237691 -0.0818385 -0.00033731 0.996646 13.3485 47.9787 -9.47559</i>
                        <i>0.996454 0.00120978 0.0841299 -0.00123143 0.999999 0.000205445 -0.0841296 -0.000308316 0.996455 13.3701 47.9852 -9.44617</i>
                        <i>0.996274 0.00116034 0.0862353 -0.00118695 0.999999 0.000257355 -0.0862349 -0.000358753 0.996275 13.3892 47.9696 -9.40834</i>
                        <i>0.996107 0.00116132 0.0881467 -0.00120224 0.999999 0.000411124 -0.0881462 -0.000515497 0.996107 13.4088 47.9619 -9.36405</i>
                        <i>0.995954 0.000955189 0.0898559 -0.000998388 0.999999 0.00043581 -0.0898555 -0.000523758 0.995955 13.4339 47.9586 -9.33664</i>
                        <i>0.995818 0.000411648 0.0913546 -0.000450885 1 0.000408865 -0.0913544 -0.000448345 0.995818 13.4695 47.9798 -9.33072</i>
                        <i>0.9957 -0.000205674 0.0926345 0.000185618 1 0.00022512 -0.0926346 -0.000206958 0.9957 13.5068 47.9942 -9.32711</i>
                        <i>0.995601 -0.000854243 0.0936873 0.00084558 1 0.000132162 -0.0936874 -5.23606e-005 0.995602 13.5407 47.996 -9.30839</i>
                        <i>0.995537 -0.000898439 0.0943731 0.000883102 1 0.000204277 -0.0943732 -0.000120024 0.995537 13.5459 47.9869 -9.28697</i>
                        <i>0.995518 -0.000374929 0.0945739 0.000359996 1 0.00017495 -0.094574 -0.00014012 0.995518 13.5287 47.984 -9.2916</i>
