<?xml version="1.0" encoding="ISO-8859-1" ?>
<Animl Version="1">
    <ModellingPackage><![CDATA[Maya.2010]]></ModellingPackage>
    <SrcFile><![CDATA[anims\bosses\red\~src\boss_beetle\boss_beetle_forward_2.mb]]></SrcFile>
    <FramesPerSecond>30</FramesPerSecond>
    <TotalFrames>121</TotalFrames>
    <Skeleton>
        <RefFrame>
            <Name><![CDATA[boss_beetle_torso_ref_frame]]></Name>
            <Exclude>0</Exclude>
            <Additive>0</Additive>
            <IKPriority>0</IKPriority>
            <IKRotLimits>-1e+010 -1e+010 -1e+010 1e+010 1e+010 1e+010</IKRotLimits>
            <IKRotLimitOrder>0</IKRotLimitOrder>
            <KeyFrames count="121">
                <i>1 0 0 0 1 0 0 0 1 0 35.9946 0</i>
                <i>1 0 0 0 1 0 0 0 1 0 35.9946 0</i>
                <i>1 0 0 0 1 0 0 0 1 0 35.9946 0</i>
                <i>1 0 0 0 1 0 0 0 1 0 35.9946 0</i>
                <i>1 0 0 0 1 0 0 0 1 0 35.9946 0</i>
                <i>1 0 0 0 1 0 0 0 1 0 35.9946 0</i>
                <i>1 0 0 0 1 0 0 0 1 0 35.9946 0</i>
                <i>1 0 0 0 1 0 0 0 1 0 35.9946 0</i>
                <i>1 0 0 0 1 0 0 0 1 0 35.9946 0</i>
                <i>1 0 0 0 1 0 0 0 1 0 35.9946 0</i>
                <i>1 0 0 0 1 0 0 0 1 0 35.9946 0</i>
                <i>1 0 0 0 1 0 0 0 1 0 35.9946 0</i>
                <i>1 0 0 0 1 0 0 0 1 0 35.9946 0</i>
                <i>1 0 0 0 1 0 0 0 1 0 35.9946 0</i>
                <i>1 0 0 0 1 0 0 0 1 0 35.9946 0</i>
                <i>1 0 0 0 1 0 0 0 1 0 35.9946 0</i>
                <i>1 0 0 0 1 0 0 0 1 0 35.9946 0</i>
                <i>1 0 0 0 1 0 0 0 1 0 35.9946 0</i>
                <i>1 0 0 0 1 0 0 0 1 0 35.9946 0</i>
                <i>1 0 0 0 1 0 0 0 1 0 35.9946 0</i>
                <i>1 0 0 0 1 0 0 0 1 0 35.9946 0</i>
                <i>1 0 0 0 1 0 0 0 1 0 35.9946 0</i>
                <i>1 0 0 0 1 0 0 0 1 0 35.9946 0</i>
                <i>1 0 0 0 1 0 0 0 1 0 35.9946 0</i>
                <i>1 0 0 0 1 0 0 0 1 0 35.9946 0</i>
                <i>1 0 0 0 1 0 0 0 1 0 35.9946 0</i>
                <i>1 0 0 0 1 0 0 0 1 0 35.9946 0</i>
                <i>1 0 0 0 1 0 0 0 1 0 35.9946 0</i>
                <i>1 0 0 0 1 0 0 0 1 0 35.9946 0</i>
                <i>1 0 0 0 1 0 0 0 1 0 35.9946 0</i>
                <i>1 0 0 0 1 0 0 0 1 0 35.9946 0</i>
                <i>1 0 0 0 1 0 0 0 1 0 35.9946 0</i>
                <i>1 0 0 0 1 0 0 0 1 0 35.9946 0</i>
                <i>1 0 0 0 1 0 0 0 1 0 35.9946 0</i>
                <i>1 0 0 0 1 0 0 0 1 0 35.9946 0</i>
                <i>1 0 0 0 1 0 0 0 1 0 35.9946 0</i>
                <i>1 0 0 0 1 0 0 0 1 0 35.9946 0</i>
                <i>1 0 0 0 1 0 0 0 1 0 35.9946 0</i>
                <i>1 0 0 0 1 0 0 0 1 0 35.9946 0</i>
                <i>1 0 0 0 1 0 0 0 1 0 35.9946 0</i>
                <i>1 0 0 0 1 0 0 0 1 0 35.9946 0</i>
                <i>1 0 0 0 1 0 0 0 1 0 35.9946 0</i>
                <i>1 0 0 0 1 0 0 0 1 0 35.9946 0</i>
                <i>1 0 0 0 1 0 0 0 1 0 35.9946 0</i>
                <i>1 0 0 0 1 0 0 0 1 0 35.9946 0</i>
                <i>1 0 0 0 1 0 0 0 1 0 35.9946 0</i>
                <i>1 0 0 0 1 0 0 0 1 0 35.9946 0</i>
                <i>1 0 0 0 1 0 0 0 1 0 35.9946 0</i>
                <i>1 0 0 0 1 0 0 0 1 0 35.9946 0</i>
                <i>1 0 0 0 1 0 0 0 1 0 35.9946 0</i>
                <i>1 0 0 0 1 0 0 0 1 0 35.9946 0</i>
                <i>1 0 0 0 1 0 0 0 1 0 35.9946 0</i>
                <i>1 0 0 0 1 0 0 0 1 0 35.9946 0</i>
                <i>1 0 0 0 1 0 0 0 1 0 35.9946 0</i>
                <i>1 0 0 0 1 0 0 0 1 0 35.9946 0</i>
                <i>1 0 0 0 1 0 0 0 1 0 35.9946 0</i>
                <i>1 0 0 0 1 0 0 0 1 0 35.9946 0</i>
                <i>1 0 0 0 1 0 0 0 1 0 35.9946 0</i>
                <i>1 0 0 0 1 0 0 0 1 0 35.9946 0</i>
                <i>1 0 0 0 1 0 0 0 1 0 35.9946 0</i>
                <i>1 0 0 0 1 0 0 0 1 0 35.9946 0</i>
                <i>1 0 0 0 1 0 0 0 1 0 35.9946 0</i>
                <i>1 0 0 0 1 0 0 0 1 0 35.9946 0</i>
                <i>1 0 0 0 1 0 0 0 1 0 35.9946 0</i>
                <i>1 0 0 0 1 0 0 0 1 0 35.9946 0</i>
                <i>1 0 0 0 1 0 0 0 1 0 35.9946 0</i>
                <i>1 0 0 0 1 0 0 0 1 0 35.9946 0</i>
                <i>1 0 0 0 1 0 0 0 1 0 35.9946 0</i>
                <i>1 0 0 0 1 0 0 0 1 0 35.9946 0</i>
                <i>1 0 0 0 1 0 0 0 1 0 35.9946 0</i>
                <i>1 0 0 0 1 0 0 0 1 0 35.9946 0</i>
                <i>1 0 0 0 1 0 0 0 1 0 35.9946 0</i>
                <i>1 0 0 0 1 0 0 0 1 0 35.9946 0</i>
                <i>1 0 0 0 1 0 0 0 1 0 35.9946 0</i>
                <i>1 0 0 0 1 0 0 0 1 0 35.9946 0</i>
                <i>1 0 0 0 1 0 0 0 1 0 35.9946 0</i>
                <i>1 0 0 0 1 0 0 0 1 0 35.9946 0</i>
                <i>1 0 0 0 1 0 0 0 1 0 35.9946 0</i>
                <i>1 0 0 0 1 0 0 0 1 0 35.9946 0</i>
                <i>1 0 0 0 1 0 0 0 1 0 35.9946 0</i>
                <i>1 0 0 0 1 0 0 0 1 0 35.9946 0</i>
                <i>1 0 0 0 1 0 0 0 1 0 35.9946 0</i>
                <i>1 0 0 0 1 0 0 0 1 0 35.9946 0</i>
                <i>1 0 0 0 1 0 0 0 1 0 35.9946 0</i>
                <i>1 0 0 0 1 0 0 0 1 0 35.9946 0</i>
                <i>1 0 0 0 1 0 0 0 1 0 35.9946 0</i>
                <i>1 0 0 0 1 0 0 0 1 0 35.9946 0</i>
                <i>1 0 0 0 1 0 0 0 1 0 35.9946 0</i>
                <i>1 0 0 0 1 0 0 0 1 0 35.9946 0</i>
                <i>1 0 0 0 1 0 0 0 1 0 35.9946 0</i>
                <i>1 0 0 0 1 0 0 0 1 0 35.9946 0</i>
                <i>1 0 0 0 1 0 0 0 1 0 35.9946 0</i>
                <i>1 0 0 0 1 0 0 0 1 0 35.9946 0</i>
                <i>1 0 0 0 1 0 0 0 1 0 35.9946 0</i>
                <i>1 0 0 0 1 0 0 0 1 0 35.9946 0</i>
                <i>1 0 0 0 1 0 0 0 1 0 35.9946 0</i>
                <i>1 0 0 0 1 0 0 0 1 0 35.9946 0</i>
                <i>1 0 0 0 1 0 0 0 1 0 35.9946 0</i>
                <i>1 0 0 0 1 0 0 0 1 0 35.9946 0</i>
                <i>1 0 0 0 1 0 0 0 1 0 35.9946 0</i>
                <i>1 0 0 0 1 0 0 0 1 0 35.9946 0</i>
                <i>1 0 0 0 1 0 0 0 1 0 35.9946 0</i>
                <i>1 0 0 0 1 0 0 0 1 0 35.9946 0</i>
                <i>1 0 0 0 1 0 0 0 1 0 35.9946 0</i>
                <i>1 0 0 0 1 0 0 0 1 0 35.9946 0</i>
                <i>1 0 0 0 1 0 0 0 1 0 35.9946 0</i>
                <i>1 0 0 0 1 0 0 0 1 0 35.9946 0</i>
                <i>1 0 0 0 1 0 0 0 1 0 35.9946 0</i>
                <i>1 0 0 0 1 0 0 0 1 0 35.9946 0</i>
                <i>1 0 0 0 1 0 0 0 1 0 35.9946 0</i>
                <i>1 0 0 0 1 0 0 0 1 0 35.9946 0</i>
                <i>1 0 0 0 1 0 0 0 1 0 35.9946 0</i>
                <i>1 0 0 0 1 0 0 0 1 0 35.9946 0</i>
                <i>1 0 0 0 1 0 0 0 1 0 35.9946 0</i>
                <i>1 0 0 0 1 0 0 0 1 0 35.9946 0</i>
                <i>1 0 0 0 1 0 0 0 1 0 35.9946 0</i>
                <i>1 0 0 0 1 0 0 0 1 0 35.9946 0</i>
                <i>1 0 0 0 1 0 0 0 1 0 35.9946 0</i>
                <i>1 0 0 0 1 0 0 0 1 0 35.9946 0</i>
                <i>1 0 0 0 1 0 0 0 1 0 35.9946 0</i>
                <i>1 0 0 0 1 0 0 0 1 0 35.9946 0</i>
            </KeyFrames>
        </RefFrame>
        <Bones count="19">
            <i>
                <p>
                    <Name><![CDATA[boss_beetle_torso_root]]></Name>
                    <Exclude>0</Exclude>
                    <Additive>0</Additive>
                    <IKPriority>0</IKPriority>
                    <IKRotLimits>-1e+010 -1e+010 -1e+010 1e+010 1e+010 1e+010</IKRotLimits>
                    <IKRotLimitOrder>0</IKRotLimitOrder>
                    <KeyFrames count="121">
                        <i>1 0.00010148 0 -0.00010148 1 0.000335286 3.40247e-008 -0.000335286 1 -0.015688 35.9552 0.177631</i>
                        <i>0.99999 -0.000145121 0.00436387 0.00014242 1 0.000619184 -0.00436396 -0.000618557 0.99999 -0.00668995 35.956 0.167965</i>
                        <i>0.99996 -0.000220585 0.0088871 0.000214466 1 0.000689473 -0.00888725 -0.00068754 0.99996 0.0063284 36.0239 0.17044</i>
                        <i>0.999908 -0.000118145 0.013548 0.000113215 1 0.00036464 -0.0135481 -0.000363073 0.999908 0.00953126 36.0256 0.204284</i>
                        <i>0.999832 0.000228475 0.0183249 -0.000228693 1 9.78543e-006 -0.0183249 -1.39746e-005 0.999832 0.000468744 35.9851 0.246322</i>
                        <i>0.999731 0.000387618 0.0231961 -0.000388149 1 1.84205e-005 -0.0231961 -2.74191e-005 0.999731 -0.0110026 36.0154 0.308107</i>
                        <i>0.999604 0.000183994 0.0281399 -0.000187158 1 0.000109805 -0.0281399 -0.000115028 0.999604 -0.0161121 35.9635 0.308772</i>
                        <i>0.999451 0.000216141 0.0331345 -0.000220291 1 0.000121585 -0.0331345 -0.000128817 0.999451 -0.0138986 36.0122 0.334126</i>
                        <i>0.999272 4.99819e-005 0.0381583 -5.52255e-005 1 0.000136362 -0.0381583 -0.00013837 0.999272 -0.00944951 35.9965 0.357211</i>
                        <i>0.999067 -0.000194079 0.0431896 0.000197205 1 -6.81188e-005 -0.0431896 7.65724e-005 0.999067 -0.000870932 36.0214 0.296715</i>
                        <i>0.998837 -5.7139e-005 0.0482067 5.97821e-005 1 -5.33868e-005 -0.0482067 5.62066e-005 0.998837 0.0037898 36.0339 0.275867</i>
                        <i>0.998585 -0.000225909 0.0531879 0.000205802 1 0.00038351 -0.053188 -0.000372021 0.998584 0.0131505 36.022 0.276139</i>
                        <i>0.99831 -0.000325155 0.0581116 0.000300093 1 0.000439999 -0.0581117 -0.000421817 0.99831 0.0245716 35.9884 0.288974</i>
                        <i>0.998016 -0.000584614 0.0629562 0.000563521 1 0.000352797 -0.0629564 -0.00031662 0.998016 0.0426932 35.9716 0.285645</i>
                        <i>0.997706 -0.000410876 0.0677001 0.000384216 1 0.000406806 -0.0677002 -0.000379861 0.997706 0.0425184 35.9629 0.282854</i>
                        <i>0.997381 0.000129477 0.0723218 -0.00018123 1 0.000709039 -0.0723217 -0.000720289 0.997381 0.0270692 35.9651 0.285853</i>
                        <i>0.997047 0.00018532 0.0767998 -0.000263716 0.999999 0.00101064 -0.0767995 -0.00102791 0.997046 0.0213838 35.9618 0.31222</i>
                        <i>0.996705 -2.50713e-005 0.0811126 -5.56688e-005 1 0.000993145 -0.0811126 -0.000994388 0.996704 0.0315849 35.9734 0.309524</i>
                        <i>0.996361 -1.89083e-005 0.085239 -5.09346e-005 1 0.000817203 -0.085239 -0.00081857 0.99636 0.0342509 36.0336 0.318006</i>
                        <i>0.996018 0.000346492 0.0891574 -0.000376269 1 0.000317173 -0.0891573 -0.000349457 0.996018 0.0248414 35.9779 0.312622</i>
                        <i>0.99568 0.000470892 0.0928466 -0.000455154 1 -0.000190685 -0.0928466 0.000147602 0.99568 0.0180561 35.995 0.315411</i>
                        <i>0.995354 0.000505473 0.0962852 -0.000464554 1 -0.000447386 -0.0962854 0.000400578 0.995354 0.00110441 35.9453 0.311693</i>
                        <i>0.995042 0.000532582 0.099452 -0.000511941 1 -0.000233066 -0.0994521 0.000180997 0.995042 -0.00490598 35.9527 0.240188</i>
                        <i>0.994751 0.000597031 0.102326 -0.000620382 1 0.000196378 -0.102326 -0.000258828 0.994751 -0.00364615 35.9893 0.212165</i>
                        <i>0.994484 0.000324052 0.104885 -0.000356006 1 0.000285927 -0.104885 -0.00032169 0.994484 0.00269461 35.9985 0.245996</i>
                        <i>0.994247 -0.000140523 0.107109 0.000102422 1 0.000361225 -0.107109 -0.000348177 0.994247 0.0167221 35.9551 0.22093</i>
                        <i>0.994044 -0.000574878 0.108977 0.000568241 1 9.19525e-005 -0.108977 -2.94798e-005 0.994044 0.0296821 35.9873 0.195415</i>
                        <i>0.993879 -0.000883725 0.110466 0.000857045 1 0.000289006 -0.110466 -0.000192562 0.99388 0.0336922 35.9947 0.221075</i>
                        <i>0.993758 -0.000440716 0.111556 0.000396718 1 0.000416596 -0.111557 -0.00036974 0.993758 0.0185858 36.0329 0.26169</i>
                        <i>0.993683 0.000253914 0.112226 -0.000277242 1 0.000192256 -0.112226 -0.000222155 0.993683 0.00141731 36.0075 0.280699</i>
                        <i>0.993657 0.000610459 0.112454 -0.000617638 1 2.90052e-005 -0.112454 -9.82773e-005 0.993657 -0.0128003 36.0156 0.188388</i>
                        <i>0.993678 0.000429835 0.11227 -0.000422843 1 -8.6086e-005 -0.11227 3.80691e-005 0.993678 -0.00712836 36.0252 0.159894</i>
                        <i>0.993739 0.000443518 0.111726 -0.000395406 1 -0.00045278 -0.111727 0.000405768 0.993739 -0.0100601 35.9501 0.203264</i>
                        <i>0.993839 0.000489409 0.110835 -0.00041266 1 -0.000715402 -0.110836 0.000665257 0.993839 -0.00963272 35.9804 0.20614</i>
                        <i>0.993975 0.00061513 0.10961 -0.000520061 0.999999 -0.000895933 -0.10961 0.000833531 0.993974 -0.0183779 35.9933 0.176012</i>
                        <i>0.994144 0.000766473 0.108062 -0.000681265 0.999999 -0.000825432 -0.108062 0.00074698 0.994144 -0.0353795 35.9894 0.157362</i>
                        <i>0.994344 0.00081627 0.106204 -0.000732957 0.999999 -0.000823495 -0.106205 0.000740994 0.994344 -0.0423145 36.0065 0.175004</i>
                        <i>0.994572 0.000426632 0.104049 -0.000353492 1 -0.000721375 -0.104049 0.000680679 0.994572 -0.0376757 36.0085 0.177162</i>
                        <i>0.994824 0.000292323 0.101609 -0.000219269 1 -0.000730136 -0.101609 0.000704077 0.994824 -0.0333642 36.0215 0.173073</i>
                        <i>0.995098 0.000214823 0.0988972 -0.000164489 1 -0.000517106 -0.0988973 0.000498303 0.995098 -0.0262214 36.0332 0.174037</i>
                        <i>0.995389 -0.000294105 0.0959251 0.000295801 1 -3.45821e-006 -0.0959251 3.1817e-005 0.995389 -0.00788043 35.9529 0.238808</i>
                        <i>0.995694 -0.000311316 0.0927055 0.000284631 1 0.000301073 -0.0927056 -0.00027339 0.995694 0.00290403 35.9822 0.244215</i>
                        <i>0.996009 0.000106622 0.0892509 -0.000113723 1 7.44728e-005 -0.0892509 -8.43255e-005 0.996009 -0.00775901 35.949 0.218719</i>
                        <i>0.996332 0.000409768 0.0855737 -0.000366631 1 -0.000519816 -0.0855739 0.000486536 0.996332 -0.0207818 35.9866 0.204819</i>
                        <i>0.996658 0.000194694 0.0816865 -0.000119254 1 -0.000928403 -0.0816866 0.000915559 0.996658 -0.0203079 36.0351 0.228478</i>
                        <i>0.996984 2.16053e-005 0.0776017 6.01679e-005 0.999999 -0.00105142 -0.0776017 0.00105292 0.996984 -0.020042 36.0099 0.239662</i>
                        <i>0.997308 0.000379654 0.0733319 -0.000308296 0.999999 -0.000984398 -0.0733322 0.000959139 0.997307 -0.0266256 35.9893 0.225537</i>
                        <i>0.997624 0.000531428 0.0688897 -0.000485644 1 -0.000681348 -0.06889 0.000646273 0.997624 -0.0284426 36.0014 0.224582</i>
                        <i>0.997931 0.000420974 0.0642877 -0.000397188 1 -0.000382775 -0.0642878 0.000356449 0.997931 -0.0192014 35.9655 0.282008</i>
                        <i>0.998226 0.000180866 0.0595384 -0.000178255 1 -4.91673e-005 -0.0595384 3.84671e-005 0.998226 -0.00445659 36.0093 0.316977</i>
                        <i>0.998505 -8.79903e-005 0.0546547 7.8437e-005 1 0.00017694 -0.0546547 -0.000172388 0.998505 0.0104556 36.0224 0.301685</i>
                        <i>0.998767 -0.000321238 0.0496491 0.000310399 1 0.000226033 -0.0496491 -0.000210344 0.998767 0.0262167 36.0247 0.237213</i>
                        <i>0.999008 -0.000277217 0.0445343 0.00026575 1 0.000263406 -0.0445344 -0.000251309 0.999008 0.0256781 36.0362 0.167949</i>
                        <i>0.999227 -8.74249e-005 0.0393233 7.04081e-005 1 0.000434125 -0.0393233 -0.000431021 0.999226 0.0171701 35.9956 0.118503</i>
                        <i>0.999421 0.000249202 0.0340286 -0.000270206 1 0.000612656 -0.0340284 -0.000621495 0.999421 0.00104256 35.9877 0.100444</i>
                        <i>0.999589 0.000411499 0.0286631 -0.000425256 1 0.000473857 -0.0286629 -0.000485851 0.999589 -0.0145287 35.9633 0.12598</i>
                        <i>0.99973 0.000447265 0.0232396 -0.000456966 1 0.000412127 -0.0232395 -0.000422635 0.99973 -0.0209322 35.9643 0.17173</i>
                        <i>0.999842 0.000394544 0.0177711 -0.000393599 1 -5.67208e-005 -0.0177711 4.97172e-005 0.999842 -0.0141529 35.9711 0.226303</i>
                        <i>0.999925 0.000240106 0.0122702 -0.000238515 1 -0.000131075 -0.0122702 0.000128139 0.999925 0.00158338 35.9549 0.223039</i>
                        <i>0.999977 0.000473761 0.00674989 -0.000475127 1 0.000200787 -0.00674979 -0.000203989 0.999977 0.00135717 35.995 0.275649</i>
                        <i>0.999999 0.000725802 0.00122304 -0.000726392 1 0.000482152 -0.00122269 -0.00048304 0.999999 -0.00115438 36.0174 0.364194</i>
                        <i>0.99999 0.000752603 -0.0042975 -0.000750505 1 0.000489872 0.00429787 -0.000486643 0.999991 -0.0122888 35.9855 0.388059</i>
                        <i>0.999952 0.000142074 -0.00979885 -0.000138351 1 0.000380573 0.0097989 -0.000379199 0.999952 -0.00494857 35.9803 0.40913</i>
                        <i>0.999883 -0.000298723 -0.0152682 0.000302478 1 0.000243624 0.0152681 -0.000248214 0.999883 -0.000290604 35.9405 0.378636</i>
                        <i>0.999786 -0.000608495 -0.0206926 0.000617925 1 0.000449337 0.0206923 -0.000462027 0.999786 0.0142195 35.9757 0.344051</i>
                        <i>0.99966 -0.000672292 -0.0260592 0.000677571 1 0.000193762 0.0260591 -0.000211353 0.99966 0.0261572 35.9944 0.26746</i>
                        <i>0.999508 -0.000566606 -0.0313553 0.000563833 1 -9.72816e-005 0.0313553 7.95546e-005 0.999508 0.0264585 35.9835 0.198861</i>
                        <i>0.999331 -0.000259427 -0.0365679 0.000249631 1 -0.000272428 0.036568 0.000263118 0.999331 0.0165693 35.9587 0.12296</i>
                        <i>0.999131 -0.000321666 -0.0416844 0.000320087 1 -4.45676e-005 0.0416844 3.11863e-005 0.999131 0.00813399 35.9903 0.101749</i>
                        <i>0.998909 -0.000468072 -0.0466919 0.000471436 1 6.10314e-005 0.0466919 -8.29771e-005 0.998909 0.00564612 36.0157 0.0974124</i>
                        <i>0.998669 -0.000347375 -0.0515778 0.000355756 1 0.000153328 0.0515777 -0.000171473 0.998669 0.00654341 36.0174 0.135978</i>
                        <i>0.998412 -0.000518193 -0.0563292 0.000525889 1 0.000121808 0.0563292 -0.000151238 0.998412 0.0065102 36.0222 0.20172</i>
                        <i>0.998142 -0.000423742 -0.0609336 0.000419745 1 -7.83846e-005 0.0609336 5.26623e-005 0.998142 0.0058438 36.0256 0.266528</i>
                        <i>0.997861 -4.49527e-005 -0.0653782 5.21582e-005 1 0.000108505 0.0653782 -0.000111683 0.997861 -0.000604708 36.01 0.332724</i>
                        <i>0.997571 4.57605e-005 -0.0696504 -2.11828e-005 1 0.000353611 0.0696504 -0.000351277 0.997571 -0.00265229 35.9293 0.312427</i>
                        <i>0.997278 9.88763e-005 -0.0737377 -9.23697e-005 1 9.16502e-005 0.0737377 -8.45896e-005 0.997278 -0.0015671 35.9995 0.264296</i>
                        <i>0.996982 5.71592e-005 -0.0776274 -7.009e-005 1 -0.000163851 0.0776274 0.000168797 0.996982 -0.00221724 35.9899 0.279591</i>
                        <i>0.996689 0.000528175 -0.081307 -0.000551539 1 -0.000264897 0.0813068 0.000308864 0.996689 -0.0253977 35.9871 0.239215</i>
                        <i>0.996401 0.000938968 -0.084764 -0.000953655 1 -0.000132777 0.0847639 0.000213135 0.996401 -0.0487987 36.0119 0.191177</i>
                        <i>0.996121 0.000839422 -0.087986 -0.000837223 1 6.19033e-005 0.087986 1.20007e-005 0.996122 -0.0478997 35.9987 0.200708</i>
                        <i>0.995854 0.000729342 -0.0909603 -0.000710092 1 0.000243999 0.0909604 -0.000178397 0.995854 -0.0335393 36.0281 0.258681</i>
                        <i>0.995602 0.000990416 -0.0936745 -0.000952328 0.999999 0.000451308 0.0936749 -0.000360114 0.995603 -0.0252326 35.9909 0.336463</i>
                        <i>0.995369 0.00126702 -0.0961162 -0.001227 0.999999 0.000475382 0.0961167 -0.000355246 0.99537 -0.0179974 35.9655 0.273189</i>
                        <i>0.995159 0.00126584 -0.0982728 -0.00123143 0.999999 0.000410889 0.0982733 -0.000287884 0.995159 -0.01825 35.9695 0.230245</i>
                        <i>0.994973 0.00123253 -0.100132 -0.00118695 0.999999 0.00051471 0.100133 -0.00039327 0.994974 -0.0221925 35.9456 0.283748</i>
                        <i>0.994816 0.00127962 -0.101681 -0.00120224 0.999999 0.000822247 0.101682 -0.000695739 0.994817 -0.0181672 36.0118 0.307327</i>
                        <i>0.99469 0.00108278 -0.102908 -0.000998387 0.999999 0.00087162 0.102909 -0.00076425 0.99469 -0.0107511 36.0246 0.27888</i>
                        <i>0.994598 0.000533329 -0.1038 -0.000450885 1 0.000817729 0.1038 -0.00076651 0.994598 0.00387847 35.9982 0.227212</i>
                        <i>0.994541 -0.000137625 -0.104344 0.000185618 1 0.00045024 0.104344 -0.000467151 0.994541 0.0214459 36.004 0.221102</i>
                        <i>0.994522 -0.000813318 -0.104528 0.00084558 1 0.000264324 0.104528 -0.000351263 0.994522 0.0353127 35.9824 0.215547</i>
                        <i>0.994541 -0.000835651 -0.104343 0.000883102 1 0.000408555 0.104343 -0.00049847 0.994541 0.0310362 35.9935 0.204549</i>
                        <i>0.994598 -0.000321733 -0.103797 0.000359996 1 0.000349901 0.103797 -0.000385378 0.994598 0.0199919 36.0004 0.162313</i>
                        <i>0.994691 0.000208837 -0.102906 -0.000182358 1 0.000266719 0.102906 -0.000246537 0.994691 0.005039 36.0296 0.202065</i>
                        <i>0.994817 0.000181875 -0.101686 -0.000134513 1 0.000472626 0.101686 -0.000456498 0.994816 0.0124408 36.0304 0.232158</i>
                        <i>0.994972 7.89161e-005 -0.10015 -4.07241e-005 1 0.000383391 0.100151 -0.000377384 0.994972 0.0179481 36.0343 0.250446</i>
                        <i>0.995155 2.28138e-005 -0.098316 6.62019e-007 1 0.000238746 0.098316 -0.000237655 0.995155 0.0239094 35.983 0.265376</i>
                        <i>0.995362 4.48059e-005 -0.0961975 -4.88355e-005 1 -3.95339e-005 0.0961975 4.40484e-005 0.995362 0.0263154 35.9849 0.271701</i>
                        <i>0.99559 9.30134e-005 -0.0938102 -9.91574e-005 1 -6.08328e-005 0.0938102 6.98665e-005 0.99559 0.0156712 35.9597 0.244579</i>
                        <i>0.995835 0.000248215 -0.0911693 -0.000270158 1 -0.000228351 0.0911693 0.000252031 0.995835 0.00354508 35.9604 0.179861</i>
                        <i>0.996095 -1.19244e-005 -0.0882902 -1.4896e-005 1 -0.000303117 0.0882902 0.000303248 0.996095 0.00285345 35.9642 0.123248</i>
                        <i>0.996365 -0.000395184 -0.0851881 0.000351365 1 -0.000529373 0.0851882 0.000497517 0.996365 0.00216134 35.9516 0.145102</i>
                        <i>0.996642 -0.000307601 -0.0818781 0.000246096 1 -0.000761274 0.0818783 0.000738568 0.996642 -0.0017167 36.0107 0.173882</i>
                        <i>0.996924 -0.000491969 -0.0783758 0.000455306 1 -0.000485648 0.078376 0.000448469 0.996924 0.0019439 35.9886 0.195268</i>
                        <i>0.997206 -0.000537376 -0.0746963 0.000542789 1 5.21684e-005 0.0746963 -9.2567e-005 0.997206 0.0151843 35.9955 0.198424</i>
                        <i>0.997487 0.000234816 -0.0708551 -0.000212699 1 0.00031969 0.0708551 -0.000303816 0.997487 0.00661608 35.9585 0.187141</i>
                        <i>0.997761 0.00101119 -0.0668674 -0.000998174 0.999999 0.000228122 0.0668675 -0.000160866 0.997762 -0.0122725 35.9377 0.157497</i>
                        <i>0.998028 0.00133609 -0.0627486 -0.00135062 0.999999 -0.000189272 0.0627483 0.000273649 0.998029 -0.0226078 35.984 0.137317</i>
                        <i>0.998286 0.000910646 -0.0585142 -0.00093851 0.999999 -0.000448708 0.0585138 0.000502855 0.998286 -0.0176024 35.991 0.170768</i>
                        <i>0.998531 0.000769534 -0.0541797 -0.000811975 0.999999 -0.000761321 0.054179 0.000804195 0.998531 -0.0194747 35.9711 0.208665</i>
                        <i>0.998761 0.00071541 -0.0497604 -0.000766439 0.999999 -0.00100643 0.0497596 0.00104332 0.998761 -0.0205909 35.9764 0.25884</i>
                        <i>0.998975 0.000416794 -0.0452719 -0.000464715 0.999999 -0.00104799 0.0452715 0.00106796 0.998974 -0.0171003 35.9931 0.254407</i>
                        <i>0.99917 0.000169619 -0.0407298 -0.000213824 0.999999 -0.00108096 0.0407296 0.00108877 0.99917 -0.00816617 36.0367 0.263296</i>
                        <i>0.999346 -3.55777e-006 -0.0361494 -3.29739e-005 0.999999 -0.00100998 0.0361494 0.00101051 0.999346 -0.00206005 35.9987 0.305077</i>
                        <i>0.999502 -7.38644e-005 -0.0315465 4.07603e-005 0.999999 -0.00105002 0.0315465 0.00104821 0.999502 0.00292152 36.0163 0.266233</i>
                        <i>0.999637 -0.000159587 -0.0269364 0.000130766 0.999999 -0.00107173 0.0269366 0.00106782 0.999637 0.0100643 36.0298 0.244492</i>
                        <i>0.999751 -0.000102846 -0.0223349 8.30269e-005 1 -0.000888304 0.022335 0.000886228 0.99975 0.00778466 35.9842 0.227875</i>
                        <i>0.999842 -8.12633e-005 -0.0177574 7.30612e-005 1 -0.000462543 0.0177575 0.000461173 0.999842 0.00849764 35.9477 0.252964</i>
                        <i>0.999913 -8.93182e-005 -0.0132196 8.73111e-005 1 -0.0001524 0.0132196 0.000151233 0.999913 0.00591928 36.0093 0.262678</i>
                        <i>0.999962 -0.000201324 -0.00873708 0.000200099 1 -0.000140987 0.00873711 0.000139234 0.999962 0.0012927 35.9794 0.264384</i>
                        <i>0.999991 -0.00026055 -0.00432535 0.000259146 1 -0.000325328 0.00432543 0.000324204 0.999991 0.000347736 35.994 0.240842</i>
                        <i>1 -0.000309789 0 0.000309789 1 -0.000791741 2.45273e-007 0.000791741 1 0.00442876 36.0076 0.233526</i>
                    </KeyFrames>
                </p>
            </i>
            <i>
                <p>
                    <Name><![CDATA[l_clavicle]]></Name>
                    <Exclude>0</Exclude>
                    <Additive>0</Additive>
                    <IKPriority>0</IKPriority>
                    <IKRotLimits>-1e+010 -1e+010 -1e+010 1e+010 1e+010 1e+010</IKRotLimits>
                    <IKRotLimitOrder>0</IKRotLimitOrder>
                    <KeyFrames count="121">
                        <i>1 0.00010148 0 -0.00010148 1 0.000335286 3.40247e-008 -0.000335286 1 12.5764 47.9664 -10.3661</i>
                        <i>0.999995 -0.000144341 0.00310304 0.00014242 1 0.000619184 -0.00310313 -0.000618739 0.999995 12.6343 47.9671 -10.3173</i>
                        <i>0.999991 -0.000217317 0.00413778 0.000214466 1 0.000689473 -0.00413793 -0.00068858 0.999991 12.6955 48.0348 -10.2567</i>
                        <i>0.999994 -0.000114499 0.00352352 0.000113215 1 0.00036464 -0.00352356 -0.000364239 0.999994 12.746 48.0343 -10.1675</i>
                        <i>0.999999 0.000228676 0.00167956 -0.000228693 1 9.78543e-006 -0.00167956 -1.01695e-005 0.999999 12.7822 47.9946 -10.0688</i>
                        <i>0.999999 0.000388167 -0.000974812 -0.000388149 1 1.84205e-005 0.00097482 -1.80422e-005 1 12.8189 48.027 -9.94445</i>
                        <i>0.999992 0.000187597 -0.00402028 -0.000187158 1 0.000109805 0.0040203 -0.000109051 0.999992 12.8668 47.9734 -9.87909</i>
                        <i>0.999975 0.000221141 -0.00703752 -0.000220291 1 0.000121585 0.00703755 -0.000120031 0.999975 12.9194 48.0226 -9.78908</i>
                        <i>0.999954 5.6533e-005 -0.00960723 -5.52255e-005 1 0.000136362 0.00960724 -0.000135825 0.999954 12.9765 48.005 -9.70066</i>
                        <i>0.999936 -0.000197962 -0.0113101 0.000197205 1 -6.81188e-005 0.0113102 6.5884e-005 0.999936 13.0386 48.0246 -9.69809</i>
                        <i>0.999931 -6.04041e-005 -0.011727 5.97821e-005 1 -5.33868e-005 0.011727 5.2682e-005 0.999931 13.0917 48.039 -9.65316</i>
                        <i>0.999946 -0.000201788 -0.0104386 0.000205802 1 0.00038351 0.0104385 -0.000385638 0.999945 13.1521 48.0294 -9.58225</i>
                        <i>0.999972 -0.000296822 -0.00741463 0.000300093 1 0.000439999 0.00741449 -0.000442212 0.999972 13.2132 47.9951 -9.50383</i>
                        <i>0.999995 -0.000562421 -0.00311125 0.000563521 1 0.000352797 0.00311105 -0.000354549 0.999995 13.2819 47.974 -9.4441</i>
                        <i>0.999998 -0.000385095 0.00216099 0.000384216 1 0.000406806 -0.00216115 -0.000405975 0.999998 13.3257 47.9681 -9.38323</i>
                        <i>0.999967 0.000175487 0.00809144 -0.00018123 1 0.000709039 -0.00809132 -0.000710482 0.999967 13.3481 47.9808 -9.31497</i>
                        <i>0.999897 0.000249167 0.0143693 -0.000263716 0.999999 0.00101064 -0.0143691 -0.00101433 0.999896 13.3844 47.9813 -9.22506</i>
                        <i>0.999786 3.51147e-005 0.0206839 -5.56688e-005 1 0.000993145 -0.0206839 -0.000994084 0.999786 13.4383 47.99 -9.17005</i>
                        <i>0.999643 2.90771e-005 0.0267245 -5.09346e-005 1 0.000817203 -0.0267245 -0.000818272 0.999642 13.4802 48.0484 -9.10808</i>
                        <i>0.999482 0.000365868 0.0321806 -0.000376269 1 0.000317173 -0.0321805 -0.000329117 0.999482 13.5039 47.9923 -9.06651</i>
                        <i>0.999325 0.000461853 0.0367421 -0.000455154 1 -0.000190685 -0.0367422 0.000173833 0.999325 13.5308 48.0057 -9.0198</i>
                        <i>0.999196 0.000482121 0.040099 -0.000464554 1 -0.000447386 -0.0400992 0.000428398 0.999196 13.5459 47.9538 -8.97985</i>
                        <i>0.999115 0.000521292 0.0420647 -0.000511941 1 -0.000233066 -0.0420649 0.000211325 0.999115 13.5688 47.9639 -9.00562</i>
                        <i>0.999082 0.000611402 0.0428318 -0.000620382 1 0.000196378 -0.0428316 -0.00022277 0.999082 13.5954 48.006 -8.98922</i>
                        <i>0.99909 0.000343484 0.0426584 -0.000356006 1 0.000285927 -0.0426583 -0.000300853 0.99909 13.6286 48.0123 -8.91927</i>
                        <i>0.999126 -0.000117433 0.0418031 0.000102422 1 0.000361225 -0.0418031 -0.000356628 0.999126 13.6686 47.9634 -8.91292</i>
                        <i>0.999178 -0.000571501 0.040524 0.000568241 1 9.19525e-005 -0.040524 -6.88496e-005 0.999179 13.7043 47.9867 -8.91602</i>
                        <i>0.999236 -0.000867685 0.0390794 0.000857045 1 0.000289006 -0.0390796 -0.000255292 0.999236 13.7254 47.992 -8.8675</i>
                        <i>0.999288 -0.000412153 0.0377276 0.000396718 1 0.000416596 -0.0377278 -0.000401333 0.999288 13.7147 48.0376 -8.81034</i>
                        <i>0.999325 0.000269994 0.0367271 -0.000277242 1 0.000192256 -0.036727 -0.000202308 0.999325 13.6956 48.0194 -8.78479</i>
                        <i>0.999339 0.000616176 0.0363361 -0.000617638 1 2.90052e-005 -0.0363361 -5.14286e-005 0.99934 13.6794 48.0307 -8.87592</i>
                        <i>0.999314 0.00042574 0.0370253 -0.000422843 1 -8.6086e-005 -0.0370253 7.03711e-005 0.999314 13.6857 48.0366 -8.90833</i>
                        <i>0.999245 0.000412699 0.038851 -0.000395406 1 -0.00045278 -0.0388512 0.000437076 0.999245 13.6781 47.9578 -8.87686</i>
                        <i>0.999141 0.000441959 0.0414502 -0.00041266 1 -0.000715402 -0.0414505 0.000697683 0.99914 13.6702 47.986 -8.88941</i>
                        <i>0.999011 0.00055938 0.04446 -0.000520061 0.999999 -0.000895933 -0.0444604 0.000871925 0.999011 13.649 47.9987 -8.93857</i>
                        <i>0.99887 0.000719718 0.0475176 -0.000681265 0.999999 -0.000825432 -0.0475182 0.000792127 0.99887 13.6158 47.9975 -8.97766</i>
                        <i>0.998736 0.00077342 0.0502604 -0.000732957 0.999999 -0.000823495 -0.050261 0.000785615 0.998736 13.5912 48.0154 -8.9855</i>
                        <i>0.99863 0.000390755 0.052326 -0.000353492 1 -0.000721375 -0.0523263 0.00070189 0.99863 13.5805 48.0131 -9.01165</i>
                        <i>0.998576 0.000257911 0.0533522 -0.000219269 1 -0.000730136 -0.0533524 0.000717397 0.998576 13.5639 48.0241 -9.04923</i>
                        <i>0.998596 0.000191653 0.0529765 -0.000164489 1 -0.000517106 -0.0529766 0.000507666 0.998596 13.5465 48.0371 -9.08275</i>
                        <i>0.998686 -0.000295235 0.0512422 0.000295801 1 -3.45821e-006 -0.0512422 1.86111e-005 0.998686 13.5427 47.9553 -9.05231</i>
                        <i>0.99882 -0.000298914 0.0485559 0.000284631 1 0.000301073 -0.048556 -0.000286898 0.99882 13.5233 47.9876 -9.08701</i>
                        <i>0.998982 0.000110248 0.0451004 -0.000113723 1 7.44728e-005 -0.0451004 -7.9526e-005 0.998982 13.4753 47.9577 -9.16206</i>
                        <i>0.999157 0.000387664 0.0410585 -0.000366631 1 -0.000519816 -0.0410587 0.000504325 0.999157 13.4246 47.993 -9.23281</i>
                        <i>0.99933 0.000153166 0.0366132 -0.000119254 1 -0.000928403 -0.0366133 0.000923414 0.999329 13.3911 48.0343 -9.26644</i>
                        <i>0.99949 -2.6547e-005 0.0319475 6.01679e-005 0.999999 -0.00105142 -0.0319475 0.0010528 0.999489 13.3546 48.0055 -9.31162</i>
                        <i>0.999629 0.000335002 0.0272446 -0.000308296 0.999999 -0.000984398 -0.027245 0.000975633 0.999628 13.3026 47.9903 -9.38212</i>
                        <i>0.999743 0.000500977 0.022688 -0.000485644 1 -0.000681348 -0.0226883 0.000670154 0.999742 13.2558 48.0076 -9.43872</i>
                        <i>0.999829 0.000404187 0.0184609 -0.000397188 1 -0.000382775 -0.018461 0.000375377 0.99983 13.2214 47.9734 -9.43891</i>
                        <i>0.999891 0.000178961 0.0147468 -0.000178255 1 -4.91673e-005 -0.0147468 4.65333e-005 0.999891 13.1924 48.0176 -9.46285</i>
                        <i>0.999936 -8.0439e-005 0.011343 7.8437e-005 1 0.00017694 -0.0113431 -0.000176039 0.999936 13.1624 48.0295 -9.53987</i>
                        <i>0.999969 -0.000312181 0.00792755 0.000310399 1 0.000226033 -0.00792762 -0.000223566 0.999969 13.1314 48.0293 -9.66955</i>
                        <i>0.99999 -0.000266934 0.00450453 0.00026575 1 0.000263406 -0.0045046 -0.000262206 0.99999 13.0794 48.0417 -9.80532</i>
                        <i>0.999999 -7.08762e-005 0.00107824 7.04081e-005 1 0.000434125 -0.00107827 -0.000434049 0.999999 13.0164 48.0054 -9.92065</i>
                        <i>0.999997 0.000271643 -0.00234712 -0.000270206 1 0.000612656 0.00234728 -0.00061202 0.999997 12.9428 48.0037 -10.0053</i>
                        <i>0.999983 0.000427981 -0.00576726 -0.000425256 1 0.000473857 0.00576746 -0.000471397 0.999983 12.8709 47.98 -10.0508</i>
                        <i>0.999958 0.000460729 -0.00917798 -0.000456966 1 0.000412127 0.00917817 -0.000407916 0.999958 12.8086 47.9808 -10.0755</i>
                        <i>0.999921 0.000392854 -0.012575 -0.000393599 1 -5.67208e-005 0.012575 6.16658e-005 0.999921 12.7599 47.9819 -10.0967</i>
                        <i>0.999873 0.000236394 -0.0159542 -0.000238515 1 -0.000131075 0.0159541 0.000134864 0.999873 12.7205 47.9629 -10.171</i>
                        <i>0.999813 0.000478916 -0.0193112 -0.000475127 1 0.000200787 0.0193113 -0.000191574 0.999813 12.6599 48.0095 -10.1844</i>
                        <i>0.999743 0.000737123 -0.0226418 -0.000726392 1 0.000482152 0.0226421 -0.000465581 0.999744 12.5963 48.0381 -10.1623</i>
                        <i>0.999663 0.00076296 -0.0259418 -0.000750505 1 0.000489872 0.0259422 -0.000470238 0.999663 12.5266 48.0065 -10.2078</i>
                        <i>0.999573 0.000149408 -0.029207 -0.000138351 1 0.000380573 0.0292071 -0.00037637 0.999573 12.4828 47.9925 -10.2569</i>
                        <i>0.999474 -0.000294417 -0.0324332 0.000302478 1 0.000243624 0.0324331 -0.000253306 0.999474 12.4342 47.9458 -10.3572</i>
                        <i>0.999365 -0.00060153 -0.0356161 0.000617925 1 0.000449337 0.0356158 -0.000471059 0.999365 12.394 47.9793 -10.4566</i>
                        <i>0.999249 -0.000669553 -0.0387515 0.000677571 1 0.000193762 0.0387514 -0.000219873 0.999249 12.3485 47.9946 -10.6025</i>
                        <i>0.999124 -0.000567409 -0.0418352 0.000563833 1 -9.72816e-005 0.0418353 7.36083e-005 0.999125 12.2896 47.9819 -10.7397</i>
                        <i>0.998993 -0.000261602 -0.044863 0.000249631 1 -0.000272428 0.0448631 0.000260955 0.998993 12.2188 47.9591 -10.8815</i>
                        <i>0.998855 -0.000321852 -0.0478308 0.000320087 1 -4.45676e-005 0.0478308 2.92066e-005 0.998855 12.1547 47.9923 -10.9623</i>
                        <i>0.998712 -0.000467733 -0.0507342 0.000471436 1 6.10314e-005 0.0507342 -8.48707e-005 0.998712 12.0984 48.0171 -11.0261</i>
                        <i>0.998564 -0.000347032 -0.0535692 0.000355756 1 0.000153328 0.0535691 -0.000172165 0.998564 12.0434 48.0212 -11.0454</i>
                        <i>0.998412 -0.000518193 -0.0563315 0.000525889 1 0.000121808 0.0563314 -0.000151239 0.998412 11.992 48.0237 -11.0372</i>
                        <i>0.998257 -0.00042364 -0.059017 0.000419745 1 -7.83846e-005 0.059017 5.34759e-005 0.998257 11.9381 48.0261 -11.0299</i>
                        <i>0.9981 -4.53728e-005 -0.0616214 5.21582e-005 1 0.000108505 0.0616214 -0.000111513 0.9981 11.8768 48.017 -11.0145</i>
                        <i>0.997941 4.382e-005 -0.0641406 -2.11828e-005 1 0.000353611 0.0641407 -0.000351524 0.997941 11.8252 47.9399 -11.0826</i>
                        <i>0.997782 9.8266e-005 -0.0665705 -9.23697e-005 1 9.16502e-005 0.0665706 -8.52978e-005 0.997782 11.7786 48.0081 -11.1822</i>
                        <i>0.997623 5.8633e-005 -0.0689069 -7.009e-005 1 -0.000163851 0.0689069 0.000168291 0.997623 11.7335 47.9952 -11.2159</i>
                        <i>0.997466 0.000531295 -0.0711456 -0.000551539 1 -0.000264897 0.0711455 0.000303465 0.997466 11.662 47.9969 -11.3007</i>
                        <i>0.997311 0.000941361 -0.0732825 -0.000953655 1 -0.000132777 0.0732824 0.000202307 0.997311 11.5937 48.0279 -11.3877</i>
                        <i>0.99716 0.000839507 -0.0753135 -0.000837223 1 6.19033e-005 0.0753135 1.3267e-006 0.99716 11.5585 48.0155 -11.4134</i>
                        <i>0.997013 0.000726816 -0.0772343 -0.000710092 1 0.000243999 0.0772344 -0.000188427 0.997013 11.5396 48.0456 -11.3879</i>
                        <i>0.996871 0.00098502 -0.0790408 -0.000952328 0.999999 0.000451308 0.0790412 -0.000374623 0.996871 11.5132 48.0136 -11.3391</i>
                        <i>0.996735 0.00126138 -0.0807289 -0.001227 0.999999 0.000475382 0.0807295 -0.000374775 0.996736 11.4885 47.9915 -11.4304</i>
                        <i>0.996575 0.00126118 -0.0826894 -0.00123143 0.999999 0.000410889 0.0826898 -0.000307656 0.996575 11.4628 47.9949 -11.4991</i>
                        <i>0.996361 0.0012265 -0.0852192 -0.00118695 0.999999 0.00051471 0.0852198 -0.000411686 0.996362 11.4374 47.9717 -11.4658</i>
                        <i>0.996104 0.00127006 -0.0881739 -0.00120224 0.999999 0.000822247 0.0881749 -0.000713038 0.996105 11.4229 48.0417 -11.4564</i>
                        <i>0.995813 0.00107388 -0.0914092 -0.000998387 0.999999 0.00087162 0.09141 -0.000776708 0.995813 11.4183 48.0527 -11.4983</i>
                        <i>0.995498 0.00052636 -0.0947805 -0.000450885 1 0.000817729 0.0947809 -0.000771313 0.995498 11.4289 48.0194 -11.5609</i>
                        <i>0.995172 -0.000140533 -0.0981439 0.000185618 1 0.00045024 0.0981438 -0.000466284 0.995172 11.4477 48.0136 -11.5777</i>
                        <i>0.99485 -0.000814435 -0.101355 0.00084558 1 0.000264324 0.101355 -0.000348667 0.99485 11.4673 47.9822 -11.5876</i>
                        <i>0.994548 -0.000835686 -0.104274 0.000883102 1 0.000408555 0.104274 -0.000498412 0.994549 11.4656 47.9946 -11.5947</i>
                        <i>0.994283 -0.000320577 -0.106778 0.000359996 1 0.000349901 0.106778 -0.00038634 0.994283 11.4548 48.0068 -11.6314</i>
                        <i>0.994069 0.000210283 -0.108752 -0.000182358 1 0.000266719 0.108752 -0.000245305 0.994069 11.4439 48.0412 -11.5824</i>
