<?xml version="1.0" encoding="ISO-8859-1" ?>
<Animl Version="1">
    <ModellingPackage><![CDATA[Maya.2010]]></ModellingPackage>
    <SrcFile><![CDATA[anims\bosses\red\~src\boss_beetle\boss_beetle_forward_3.mb]]></SrcFile>
    <FramesPerSecond>30</FramesPerSecond>
    <TotalFrames>121</TotalFrames>
    <Skeleton>
        <RefFrame>
            <Name><![CDATA[boss_beetle_torso_ref_frame]]></Name>
            <Exclude>0</Exclude>
            <Additive>0</Additive>
            <IKPriority>0</IKPriority>
            <IKRotLimits>-1e+010 -1e+010 -1e+010 1e+010 1e+010 1e+010</IKRotLimits>
            <IKRotLimitOrder>0</IKRotLimitOrder>
            <KeyFrames count="121">
                <i>1 0 0 0 1 0 0 0 1 0 35.9946 0</i>
                <i>1 0 0 0 1 0 0 0 1 0 35.9946 0</i>
                <i>1 0 0 0 1 0 0 0 1 0 35.9946 0</i>
                <i>1 0 0 0 1 0 0 0 1 0 35.9946 0</i>
                <i>1 0 0 0 1 0 0 0 1 0 35.9946 0</i>
                <i>1 0 0 0 1 0 0 0 1 0 35.9946 0</i>
                <i>1 0 0 0 1 0 0 0 1 0 35.9946 0</i>
                <i>1 0 0 0 1 0 0 0 1 0 35.9946 0</i>
                <i>1 0 0 0 1 0 0 0 1 0 35.9946 0</i>
                <i>1 0 0 0 1 0 0 0 1 0 35.9946 0</i>
                <i>1 0 0 0 1 0 0 0 1 0 35.9946 0</i>
                <i>1 0 0 0 1 0 0 0 1 0 35.9946 0</i>
                <i>1 0 0 0 1 0 0 0 1 0 35.9946 0</i>
                <i>1 0 0 0 1 0 0 0 1 0 35.9946 0</i>
                <i>1 0 0 0 1 0 0 0 1 0 35.9946 0</i>
                <i>1 0 0 0 1 0 0 0 1 0 35.9946 0</i>
                <i>1 0 0 0 1 0 0 0 1 0 35.9946 0</i>
                <i>1 0 0 0 1 0 0 0 1 0 35.9946 0</i>
                <i>1 0 0 0 1 0 0 0 1 0 35.9946 0</i>
                <i>1 0 0 0 1 0 0 0 1 0 35.9946 0</i>
                <i>1 0 0 0 1 0 0 0 1 0 35.9946 0</i>
                <i>1 0 0 0 1 0 0 0 1 0 35.9946 0</i>
                <i>1 0 0 0 1 0 0 0 1 0 35.9946 0</i>
                <i>1 0 0 0 1 0 0 0 1 0 35.9946 0</i>
                <i>1 0 0 0 1 0 0 0 1 0 35.9946 0</i>
                <i>1 0 0 0 1 0 0 0 1 0 35.9946 0</i>
                <i>1 0 0 0 1 0 0 0 1 0 35.9946 0</i>
                <i>1 0 0 0 1 0 0 0 1 0 35.9946 0</i>
                <i>1 0 0 0 1 0 0 0 1 0 35.9946 0</i>
                <i>1 0 0 0 1 0 0 0 1 0 35.9946 0</i>
                <i>1 0 0 0 1 0 0 0 1 0 35.9946 0</i>
                <i>1 0 0 0 1 0 0 0 1 0 35.9946 0</i>
                <i>1 0 0 0 1 0 0 0 1 0 35.9946 0</i>
                <i>1 0 0 0 1 0 0 0 1 0 35.9946 0</i>
                <i>1 0 0 0 1 0 0 0 1 0 35.9946 0</i>
                <i>1 0 0 0 1 0 0 0 1 0 35.9946 0</i>
                <i>1 0 0 0 1 0 0 0 1 0 35.9946 0</i>
                <i>1 0 0 0 1 0 0 0 1 0 35.9946 0</i>
                <i>1 0 0 0 1 0 0 0 1 0 35.9946 0</i>
                <i>1 0 0 0 1 0 0 0 1 0 35.9946 0</i>
                <i>1 0 0 0 1 0 0 0 1 0 35.9946 0</i>
                <i>1 0 0 0 1 0 0 0 1 0 35.9946 0</i>
                <i>1 0 0 0 1 0 0 0 1 0 35.9946 0</i>
                <i>1 0 0 0 1 0 0 0 1 0 35.9946 0</i>
                <i>1 0 0 0 1 0 0 0 1 0 35.9946 0</i>
                <i>1 0 0 0 1 0 0 0 1 0 35.9946 0</i>
                <i>1 0 0 0 1 0 0 0 1 0 35.9946 0</i>
                <i>1 0 0 0 1 0 0 0 1 0 35.9946 0</i>
                <i>1 0 0 0 1 0 0 0 1 0 35.9946 0</i>
                <i>1 0 0 0 1 0 0 0 1 0 35.9946 0</i>
                <i>1 0 0 0 1 0 0 0 1 0 35.9946 0</i>
                <i>1 0 0 0 1 0 0 0 1 0 35.9946 0</i>
                <i>1 0 0 0 1 0 0 0 1 0 35.9946 0</i>
                <i>1 0 0 0 1 0 0 0 1 0 35.9946 0</i>
                <i>1 0 0 0 1 0 0 0 1 0 35.9946 0</i>
                <i>1 0 0 0 1 0 0 0 1 0 35.9946 0</i>
                <i>1 0 0 0 1 0 0 0 1 0 35.9946 0</i>
                <i>1 0 0 0 1 0 0 0 1 0 35.9946 0</i>
                <i>1 0 0 0 1 0 0 0 1 0 35.9946 0</i>
                <i>1 0 0 0 1 0 0 0 1 0 35.9946 0</i>
                <i>1 0 0 0 1 0 0 0 1 0 35.9946 0</i>
                <i>1 0 0 0 1 0 0 0 1 0 35.9946 0</i>
                <i>1 0 0 0 1 0 0 0 1 0 35.9946 0</i>
                <i>1 0 0 0 1 0 0 0 1 0 35.9946 0</i>
                <i>1 0 0 0 1 0 0 0 1 0 35.9946 0</i>
                <i>1 0 0 0 1 0 0 0 1 0 35.9946 0</i>
                <i>1 0 0 0 1 0 0 0 1 0 35.9946 0</i>
                <i>1 0 0 0 1 0 0 0 1 0 35.9946 0</i>
                <i>1 0 0 0 1 0 0 0 1 0 35.9946 0</i>
                <i>1 0 0 0 1 0 0 0 1 0 35.9946 0</i>
                <i>1 0 0 0 1 0 0 0 1 0 35.9946 0</i>
                <i>1 0 0 0 1 0 0 0 1 0 35.9946 0</i>
                <i>1 0 0 0 1 0 0 0 1 0 35.9946 0</i>
                <i>1 0 0 0 1 0 0 0 1 0 35.9946 0</i>
                <i>1 0 0 0 1 0 0 0 1 0 35.9946 0</i>
                <i>1 0 0 0 1 0 0 0 1 0 35.9946 0</i>
                <i>1 0 0 0 1 0 0 0 1 0 35.9946 0</i>
                <i>1 0 0 0 1 0 0 0 1 0 35.9946 0</i>
                <i>1 0 0 0 1 0 0 0 1 0 35.9946 0</i>
                <i>1 0 0 0 1 0 0 0 1 0 35.9946 0</i>
                <i>1 0 0 0 1 0 0 0 1 0 35.9946 0</i>
                <i>1 0 0 0 1 0 0 0 1 0 35.9946 0</i>
                <i>1 0 0 0 1 0 0 0 1 0 35.9946 0</i>
                <i>1 0 0 0 1 0 0 0 1 0 35.9946 0</i>
                <i>1 0 0 0 1 0 0 0 1 0 35.9946 0</i>
                <i>1 0 0 0 1 0 0 0 1 0 35.9946 0</i>
                <i>1 0 0 0 1 0 0 0 1 0 35.9946 0</i>
                <i>1 0 0 0 1 0 0 0 1 0 35.9946 0</i>
                <i>1 0 0 0 1 0 0 0 1 0 35.9946 0</i>
                <i>1 0 0 0 1 0 0 0 1 0 35.9946 0</i>
                <i>1 0 0 0 1 0 0 0 1 0 35.9946 0</i>
                <i>1 0 0 0 1 0 0 0 1 0 35.9946 0</i>
                <i>1 0 0 0 1 0 0 0 1 0 35.9946 0</i>
                <i>1 0 0 0 1 0 0 0 1 0 35.9946 0</i>
                <i>1 0 0 0 1 0 0 0 1 0 35.9946 0</i>
                <i>1 0 0 0 1 0 0 0 1 0 35.9946 0</i>
                <i>1 0 0 0 1 0 0 0 1 0 35.9946 0</i>
                <i>1 0 0 0 1 0 0 0 1 0 35.9946 0</i>
                <i>1 0 0 0 1 0 0 0 1 0 35.9946 0</i>
                <i>1 0 0 0 1 0 0 0 1 0 35.9946 0</i>
                <i>1 0 0 0 1 0 0 0 1 0 35.9946 0</i>
                <i>1 0 0 0 1 0 0 0 1 0 35.9946 0</i>
                <i>1 0 0 0 1 0 0 0 1 0 35.9946 0</i>
                <i>1 0 0 0 1 0 0 0 1 0 35.9946 0</i>
                <i>1 0 0 0 1 0 0 0 1 0 35.9946 0</i>
                <i>1 0 0 0 1 0 0 0 1 0 35.9946 0</i>
                <i>1 0 0 0 1 0 0 0 1 0 35.9946 0</i>
                <i>1 0 0 0 1 0 0 0 1 0 35.9946 0</i>
                <i>1 0 0 0 1 0 0 0 1 0 35.9946 0</i>
                <i>1 0 0 0 1 0 0 0 1 0 35.9946 0</i>
                <i>1 0 0 0 1 0 0 0 1 0 35.9946 0</i>
                <i>1 0 0 0 1 0 0 0 1 0 35.9946 0</i>
                <i>1 0 0 0 1 0 0 0 1 0 35.9946 0</i>
                <i>1 0 0 0 1 0 0 0 1 0 35.9946 0</i>
                <i>1 0 0 0 1 0 0 0 1 0 35.9946 0</i>
                <i>1 0 0 0 1 0 0 0 1 0 35.9946 0</i>
                <i>1 0 0 0 1 0 0 0 1 0 35.9946 0</i>
                <i>1 0 0 0 1 0 0 0 1 0 35.9946 0</i>
                <i>1 0 0 0 1 0 0 0 1 0 35.9946 0</i>
                <i>1 0 0 0 1 0 0 0 1 0 35.9946 0</i>
                <i>1 0 0 0 1 0 0 0 1 0 35.9946 0</i>
            </KeyFrames>
        </RefFrame>
        <Bones count="19">
            <i>
                <p>
                    <Name><![CDATA[boss_beetle_torso_root]]></Name>
                    <Exclude>0</Exclude>
                    <Additive>0</Additive>
                    <IKPriority>0</IKPriority>
                    <IKRotLimits>-1e+010 -1e+010 -1e+010 1e+010 1e+010 1e+010</IKRotLimits>
                    <IKRotLimitOrder>0</IKRotLimitOrder>
                    <KeyFrames count="121">
                        <i>0.999888 0.000126501 -0.0149321 -0.000101479 0.999999 0.00167643 0.0149323 -0.00167473 0.999887 -0.015699 36.1132 0.401552</i>
                        <i>0.999706 -6.72535e-005 -0.0242656 0.000142419 0.999995 0.00309591 0.0242653 -0.00309846 0.999701 -0.00666831 36.1428 0.344537</i>
                        <i>0.999177 -7.44755e-005 -0.0405567 0.000214465 0.999994 0.00344736 0.0405562 -0.00345322 0.999171 0.00635585 36.1805 0.367932</i>
                        <i>0.998532 -1.42895e-005 -0.0541679 0.000113215 0.999998 0.0018232 0.0541678 -0.00182666 0.99853 0.00954368 36.1704 0.358539</i>
                        <i>0.998127 0.000231258 -0.0611712 -0.000228693 1 4.89273e-005 0.0611712 -3.48462e-005 0.998127 0.000446453 36.1223 0.31347</i>
                        <i>0.996931 0.000394168 -0.0782782 -0.000388149 1 9.21027e-005 0.0782782 -6.14365e-005 0.996932 -0.0110526 36.1873 0.39559</i>
                        <i>0.996777 0.0002306 -0.0802245 -0.000187158 1 0.000549024 0.0802246 -0.00053224 0.996777 -0.0161416 36.1716 0.243157</i>
                        <i>0.994888 0.000280557 -0.100988 -0.000220291 1 0.000607924 0.100988 -0.000582569 0.994887 -0.0139359 36.235 0.307397</i>
                        <i>0.994402 0.000126956 -0.10566 -5.52255e-005 1 0.00068181 0.10566 -0.000672158 0.994402 -0.00945415 36.1365 0.297609</i>
                        <i>0.993146 -0.000235662 -0.116881 0.000197205 1 -0.000340594 0.116881 0.00031521 0.993146 -0.000842352 36.2159 0.280093</i>
                        <i>0.990864 -9.52355e-005 -0.134863 5.97821e-005 1 -0.000266934 0.134863 0.000256432 0.990864 0.00379897 36.2298 0.188499</i>
                        <i>0.990349 6.19535e-005 -0.138598 0.000205802 0.999998 0.00191755 0.138598 -0.00192757 0.990347 0.0131862 36.2332 0.205068</i>
                        <i>0.990776 7.95073e-007 -0.135509 0.000300092 0.999998 0.00219999 0.135509 -0.00222037 0.990774 0.0246138 36.1647 0.224982</i>
                        <i>0.989665 -0.000304746 -0.143397 0.00056352 0.999998 0.00176399 0.143396 -0.00182656 0.989664 0.0427519 36.11 0.349037</i>
                        <i>0.990277 -9.75285e-005 -0.139109 0.000384216 0.999998 0.00203403 0.139109 -0.0020677 0.990275 0.0425696 36.1354 0.177114</i>
                        <i>0.990726 0.000661257 -0.135876 -0.000181229 0.999994 0.00354519 0.135877 -0.00348768 0.99072 0.0270404 36.1807 0.263039</i>
                        <i>0.991616 0.00091445 -0.129213 -0.000263713 0.999987 0.00505318 0.129216 -0.00497674 0.991604 0.0213527 36.1439 0.430915</i>
                        <i>0.992211 0.000673806 -0.124567 -5.56681e-005 0.999988 0.00496571 0.124569 -0.00492009 0.992199 0.0315783 36.1566 0.465962</i>
                        <i>0.992834 0.000538855 -0.119501 -5.09342e-005 0.999992 0.004086 0.119502 -0.00405064 0.992826 0.0342429 36.2469 0.432719</i>
                        <i>0.994398 0.000541792 -0.105703 -0.000376269 0.999999 0.00158586 0.105703 -0.00153721 0.994397 0.0247817 36.175 0.317506</i>
                        <i>0.994087 0.000348937 -0.108583 -0.000455154 0.999999 -0.000953426 0.108582 0.000997211 0.994087 0.0179946 36.1629 0.262018</i>
                        <i>0.994679 0.000231638 -0.103018 -0.000464553 0.999997 -0.00223693 0.103017 0.00227289 0.994677 0.0010687 36.0655 0.198514</i>
                        <i>0.99556 0.000399979 -0.0941271 -0.000511941 0.999999 -0.00116533 0.0941265 0.00120834 0.99556 -0.00495834 36.0984 0.205873</i>
                        <i>0.996484 0.00070046 -0.0837757 -0.000620382 0.999999 0.00098189 0.0837763 -0.000926465 0.996484 -0.00370019 36.1106 0.303185</i>
                        <i>0.997644 0.000453244 -0.0686025 -0.000356005 0.999999 0.00142964 0.0686031 -0.00140184 0.997643 0.00264971 36.1563 0.345758</i>
                        <i>0.998634 -7.89579e-006 -0.0522588 0.000102422 0.999998 0.00180612 0.0522587 -0.00180901 0.998632 0.0167389 36.1438 0.25222</i>
                        <i>0.998671 -0.000543796 -0.0515279 0.000568241 1 0.000459762 0.0515277 -0.000488432 0.998671 0.029782 36.186 0.286604</i>
                        <i>0.999215 -0.000799138 -0.0396077 0.000857044 0.999999 0.00144503 0.0396065 -0.00147784 0.999214 0.0338746 36.2368 0.34393</i>
                        <i>0.999321 -0.0003197 -0.0368455 0.000396717 0.999998 0.00208298 0.0368448 -0.00209618 0.999319 0.0186635 36.2643 0.430552</i>
                        <i>0.99976 0.000298251 -0.0219251 -0.000277242 1 0.000961279 0.0219254 -0.00095497 0.999759 0.00139951 36.1182 0.306162</i>
                        <i>0.999947 0.000619097 -0.0102882 -0.000617638 1 0.000145026 0.0102883 -0.000138664 0.999947 -0.0128856 36.205 0.29074</i>
                        <i>0.999999 0.00042244 -0.000935843 -0.000422843 1 -0.00043043 0.000935661 0.000430826 0.999999 -0.00718124 36.1999 0.282624</i>
                        <i>0.999911 0.0004255 0.0133082 -0.000395405 0.999997 -0.0022639 -0.0133091 0.00225844 0.999909 -0.0101173 36.1444 0.172455</i>
                        <i>0.999729 0.000495797 0.0232734 -0.000412657 0.999994 -0.003577 -0.023275 0.00356643 0.999723 -0.0096771 36.1368 0.061528</i>
                        <i>0.999573 0.000650654 0.0292017 -0.000520056 0.99999 -0.00447965 -0.0292044 0.00446255 0.999564 -0.0184513 36.1842 0.187151</i>
                        <i>0.999048 0.000860616 0.0436132 -0.000681259 0.999991 -0.00412715 -0.0436163 0.00409351 0.99904 -0.0355107 36.2241 0.0798539</i>
                        <i>0.998227 0.000976714 0.0595159 -0.000732951 0.999991 -0.00411746 -0.0595194 0.00406654 0.998219 -0.0424306 36.1975 -0.0216804</i>
                        <i>0.998089 0.000575669 0.0617849 -0.00035349 0.999993 -0.00360687 -0.0617866 0.00357814 0.998083 -0.0377189 36.1606 -0.0190958</i>
                        <i>0.997719 0.000465211 0.0675056 -0.000219268 0.999993 -0.00365067 -0.0675068 0.00362754 0.997712 -0.0333905 36.1735 0.0694039</i>
                        <i>0.99687 0.000368377 0.0790561 -0.000164489 0.999997 -0.00258553 -0.0790568 0.00256443 0.996867 -0.0262389 36.1774 0.128237</i>
                        <i>0.996033 -0.000293089 0.0889871 0.000295801 1 -1.72908e-005 -0.0889871 4.35447e-005 0.996033 -0.00783653 36.1493 0.207438</i>
                        <i>0.996083 -0.000416618 0.0884184 0.00028463 0.999999 0.00150537 -0.088419 -0.0014743 0.996082 0.00294156 36.1673 0.344724</i>
                        <i>0.995498 7.79182e-005 0.0947805 -0.000113723 1 0.000372364 -0.0947804 -0.000381466 0.995498 -0.00777229 36.1175 0.311006</i>
                        <i>0.995162 0.000620209 0.0982467 -0.000366629 0.999997 -0.00259908 -0.098248 0.00255048 0.995159 -0.0208327 36.1749 0.185496</i>
                        <i>0.995075 0.000578783 0.0991192 -0.000119253 0.999989 -0.004642 -0.0991209 0.00460732 0.995065 -0.0203212 36.197 0.106172</i>
                        <i>0.995082 0.000460884 0.0990569 6.01671e-005 0.999986 -0.00525706 -0.099058 0.00523717 0.995068 -0.0200357 36.1635 0.167394</i>
                        <i>0.99478 0.000808908 0.102035 -0.000308293 0.999988 -0.00492197 -0.102038 0.00486482 0.994769 -0.0266685 36.1756 0.215005</i>
                        <i>0.994772 0.000831009 0.102122 -0.000485641 0.999994 -0.00340673 -0.102124 0.00333933 0.994766 -0.0285055 36.1713 0.267193</i>
                        <i>0.993996 0.00060421 0.109415 -0.000397188 0.999998 -0.00191387 -0.109415 0.00185892 0.993994 -0.0192643 36.1553 0.123272</i>
                        <i>0.995138 0.000201601 0.0984882 -0.000178255 1 -0.000245836 -0.0984883 0.000227085 0.995138 -0.00448343 36.1891 0.273967</i>
                        <i>0.995218 -0.000164479 0.0976798 7.8437e-005 1 0.000884699 -0.0976799 -0.000872806 0.995218 0.0104606 36.1184 0.30402</i>
                        <i>0.995886 -0.000411531 0.0906137 0.000310399 0.999999 0.00113017 -0.0906141 -0.00109739 0.995885 0.0262691 36.2314 0.271608</i>
                        <i>0.997102 -0.000365178 0.0760792 0.00026575 0.999999 0.00131703 -0.0760796 -0.00129299 0.997101 0.0257192 36.2374 0.169808</i>
                        <i>0.997011 -0.000237911 0.0772647 7.04079e-005 0.999998 0.00217062 -0.077265 -0.0021587 0.997008 0.0171826 36.2232 0.18209</i>
                        <i>0.997773 6.52831e-005 0.0667 -0.000270205 0.999995 0.00306327 -0.0666994 -0.00307447 0.997768 0.00100577 36.1703 0.252793</i>
                        <i>0.998449 0.000292709 0.0556652 -0.000425254 0.999997 0.00236928 -0.0556644 -0.00238928 0.998447 -0.014585 36.1459 0.318989</i>
                        <i>0.999069 0.000367628 0.0431477 -0.000456965 0.999998 0.00206063 -0.0431469 -0.00207843 0.999067 -0.0209872 36.1357 0.148942</i>
                        <i>0.999426 0.000402983 0.033886 -0.000393599 1 -0.000283604 -0.0338861 0.000270103 0.999426 -0.0142133 36.1799 0.174865</i>
                        <i>0.999764 0.000252697 0.0217248 -0.000238515 1 -0.000655376 -0.021725 0.00065004 0.999764 0.00155884 36.1265 0.236094</i>
                        <i>0.999988 0.00047025 0.00485215 -0.000475127 0.999999 0.00100393 -0.00485168 -0.00100623 0.999988 0.00128872 36.2108 0.337686</i>
                        <i>0.999951 0.000750038 -0.00982276 -0.00072639 0.999997 0.00241076 0.00982454 -0.0024035 0.999949 -0.00126531 36.2394 0.289383</i>
                        <i>0.999854 0.000792262 -0.0170929 -0.000750503 0.999997 0.00244936 0.0170948 -0.00243617 0.999851 -0.0124211 36.2291 0.379827</i>
                        <i>0.999287 0.000210115 -0.0377653 -0.000138351 0.999998 0.00190286 0.0377656 -0.00189628 0.999285 -0.0049628 36.1453 0.339826</i>
                        <i>0.998642 -0.000238597 -0.0521047 0.000302478 0.999999 0.00121812 0.0521043 -0.00123223 0.998641 -0.000265075 36.0786 0.277435</i>
                        <i>0.997918 -0.000471746 -0.064492 0.000617924 0.999997 0.00224668 0.0644907 -0.00228185 0.997916 0.0142756 36.1066 0.330454</i>
                        <i>0.997466 -0.000606926 -0.0711472 0.000677571 0.999999 0.000968808 0.0711466 -0.00101456 0.997465 0.0262214 36.1329 0.275205</i>
                        <i>0.996947 -0.000600089 -0.0780773 0.000563833 1 -0.000486408 0.0780776 0.000440901 0.996947 0.0265328 36.1663 0.263374</i>
                        <i>0.995691 -0.000374872 -0.0927335 0.000249631 0.999999 -0.00136214 0.0927339 0.00133312 0.99569 0.0166176 36.2038 0.205463</i>
                        <i>0.993965 -0.0003426 -0.109701 0.000320087 1 -0.000222838 0.109701 0.000186379 0.993965 0.00819585 36.2347 0.317505</i>
                        <i>0.992634 -0.000430993 -0.121153 0.000471436 1 0.000305157 0.121153 -0.000360025 0.992634 0.00574508 36.2754 0.345153</i>
                        <i>0.991427 -0.000252538 -0.130659 0.000355756 1 0.000766639 0.130659 -0.000806549 0.991427 0.00659927 36.2154 0.400897</i>
                        <i>0.989978 -0.000434609 -0.141222 0.000525889 1 0.00060904 0.141222 -0.000677203 0.989978 0.00654258 36.1194 0.331489</i>
                        <i>0.989844 -0.000471198 -0.142159 0.000419745 1 -0.000391923 0.142159 0.000328272 0.989844 0.00590036 36.186 0.301605</i>
                        <i>0.989531 2.6684e-005 -0.144318 5.21582e-005 1 0.000542524 0.144318 -0.000544372 0.989531 -0.000598011 36.1623 0.250217</i>
                        <i>0.990738 0.00026107 -0.13579 -2.11828e-005 0.999998 0.00176806 0.13579 -0.0017488 0.990736 -0.00265496 36.0815 0.246276</i>
                        <i>0.989902 0.000156397 -0.141757 -9.23697e-005 1 0.000458251 0.141757 -0.000440529 0.989901 -0.00157563 36.1213 0.171133</i>
                        <i>0.990893 -4.08651e-005 -0.134655 -7.009e-005 1 -0.000819255 0.134655 0.000821231 0.990892 -0.00223102 36.2185 0.227064</i>
                        <i>0.991894 0.000378764 -0.127071 -0.000551538 0.999999 -0.00132448 0.127071 0.00138383 0.991893 -0.0254988 36.2138 0.0764198</i>
                        <i>0.993224 0.000870042 -0.116212 -0.000953655 0.999999 -0.000663886 0.116212 0.000770215 0.993224 -0.0489325 36.2109 0.0612715</i>
                        <i>0.993122 0.000867702 -0.117078 -0.000837223 1 0.000309517 0.117078 -0.000209368 0.993123 -0.0479965 36.1802 0.0978904</i>
                        <i>0.994114 0.000838077 -0.108332 -0.000710091 0.999999 0.00121999 0.108333 -0.00113589 0.994114 -0.0336235 36.2168 0.262418</i>
                        <i>0.995438 0.00116327 -0.0954076 -0.000952326 0.999997 0.00225654 0.09541 -0.00215538 0.995436 -0.0253303 36.1602 0.199924</i>
                        <i>0.995978 0.00143502 -0.08959 -0.001227 0.999996 0.00237691 0.0895931 -0.00225742 0.995976 -0.0182098 36.2008 0.31044</i>
                        <i>0.9965 0.00139884 -0.0835857 -0.00123142 0.999997 0.00205445 0.0835884 -0.00194432 0.996498 -0.0183906 36.1544 0.392489</i>
                        <i>0.99731 0.00137237 -0.0732856 -0.00118695 0.999996 0.00257355 0.0732889 -0.00247964 0.997308 -0.0223596 36.1621 0.327092</i>
                        <i>0.99781 0.00147148 -0.0661277 -0.00120223 0.999991 0.00411122 0.0661332 -0.00402272 0.997803 -0.0183351 36.212 0.398344</i>
                        <i>0.998474 0.00123749 -0.0552128 -0.000998378 0.99999 0.00435809 0.0552176 -0.00429631 0.998465 -0.0108706 36.1902 0.383375</i>
                        <i>0.999067 0.000626992 -0.0431747 -0.000450881 0.999992 0.00408863 0.0431769 -0.00406535 0.999059 0.00384089 36.1162 0.420581</i>
                        <i>0.999382 -0.000106347 -0.0351617 0.000185617 0.999997 0.0022512 0.0351613 -0.00225633 0.999379 0.0214724 36.1733 0.457324</i>
                        <i>0.999851 -0.000822656 -0.0172497 0.000845579 0.999999 0.00132162 0.0172486 -0.00133601 0.99985 0.0354409 36.1641 0.340185</i>
                        <i>0.999979 -0.000869851 -0.00647733 0.0008831 0.999997 0.00204277 0.00647554 -0.00204845 0.999977 0.0311786 36.1913 0.290751</i>
                        <i>0.999982 -0.0003706 0.0060649 0.000359996 0.999998 0.0017495 -0.00606554 -0.00174729 0.99998 0.0200341 36.1635 0.361417</i>
                        <i>0.999902 0.000163649 0.0140159 -0.000182358 0.999999 0.00133359 -0.0140157 -0.00133602 0.999901 0.00502146 36.1794 0.352472</i>
                        <i>0.999801 8.73949e-005 0.0199277 -0.000134513 0.999997 0.00236313 -0.0199274 -0.00236534 0.999799 0.01242 36.2365 0.310325</i>
                        <i>0.999608 -1.29825e-005 0.0280083 -4.07241e-005 0.999998 0.00191695 -0.0280083 -0.00191734 0.999606 0.0179415 36.245 0.183719</i>
                        <i>0.998758 -6.01281e-005 0.049816 6.62019e-007 0.999999 0.00119373 -0.049816 -0.00119222 0.998758 0.0239095 36.177 0.189771</i>
                        <i>0.998682 5.89145e-005 0.0513151 -4.88355e-005 1 -0.000197669 -0.0513151 0.000194903 0.998682 0.0263103 36.1315 0.251369</i>
                        <i>0.997926 0.000118533 0.0643768 -9.91574e-005 1 -0.000304164 -0.0643768 0.00029715 0.997926 0.0156562 36.1466 0.173809</i>
                        <i>0.997569 0.00034906 0.0696801 -0.000270158 0.999999 -0.00114176 -0.0696805 0.00112016 0.997569 0.00350533 36.1328 0.0766208</i>
                        <i>0.996708 0.000137731 0.0810805 -1.4896e-005 0.999999 -0.00151558 -0.0810806 0.00150939 0.996706 0.00285139 36.1232 0.186392</i>
                        <i>0.995989 -0.000113121 0.0894769 0.000351364 0.999996 -0.00264686 -0.0894763 0.00266769 0.995985 0.00219877 36.0869 0.20277</i>
                        <i>0.995645 0.000109837 0.0932278 0.000246094 0.999993 -0.00380636 -0.0932275 0.00381273 0.995638 -0.00167823 36.2058 0.21245</i>
                        <i>0.994421 -0.000196634 0.10548 0.000455305 0.999997 -0.00242824 -0.10548 0.00246272 0.994418 0.00200877 36.1859 0.175633</i>
                        <i>0.994713 -0.000566707 0.102696 0.000542789 1 0.000260842 -0.102696 -0.000203721 0.994713 0.0152813 36.2373 0.345089</i>
                        <i>0.994974 5.1567e-005 0.100136 -0.000212699 0.999999 0.00159845 -0.100136 -0.00161171 0.994972 0.00659901 36.1002 0.371803</i>
                        <i>0.994885 0.000877856 0.101009 -0.000998173 0.999999 0.00114061 -0.101008 -0.0012356 0.994885 -0.0123792 36.094 0.246495</i>
                        <i>0.994805 0.00143994 0.101788 -0.00135062 0.999999 -0.000946359 -0.101789 0.000803966 0.994806 -0.0227425 36.1266 0.243</i>
                        <i>0.994077 0.00117675 0.108668 -0.000938508 0.999997 -0.00224354 -0.10867 0.00212826 0.994076 -0.0177166 36.1513 0.202657</i>
                        <i>0.993379 0.00124388 0.114874 -0.000811969 0.999992 -0.0038066 -0.114878 0.00368812 0.993373 -0.0195807 36.135 0.116981</i>
                        <i>0.9947 0.00127976 0.102814 -0.00076643 0.999987 -0.00503212 -0.10282 0.00492665 0.994688 -0.0207331 36.1919 0.106421</i>
                        <i>0.995287 0.000970653 0.0969707 -0.000464709 0.999986 -0.00523994 -0.0969745 0.00517018 0.995273 -0.0171996 36.2287 0.152367</i>
                        <i>0.996428 0.000669495 0.0844489 -0.000213821 0.999985 -0.00540479 -0.0844513 0.00536742 0.996413 -0.00821158 36.2676 0.199183</i>
                        <i>0.996531 0.000453116 0.0832203 -3.29735e-005 0.999987 -0.00504987 -0.0832215 0.00502961 0.996518 -0.00206376 36.1363 0.164521</i>
                        <i>0.997464 0.000333003 0.0711712 4.07597e-005 0.999986 -0.00525008 -0.071172 0.00523967 0.99745 0.0029256 36.1523 0.153563</i>
                        <i>0.998036 0.000205206 0.0626485 0.000130764 0.999986 -0.00535862 -0.0626487 0.00535629 0.998021 0.0100812 36.2063 0.160162</i>
                        <i>0.998608 0.000151378 0.0527494 8.30261e-005 0.99999 -0.0044415 -0.0527496 0.0044397 0.998598 0.00779568 36.1762 0.124745</i>
                        <i>0.998878 3.65369e-005 0.0473538 7.30611e-005 0.999997 -0.00231272 -0.0473538 0.00231358 0.998875 0.00850495 36.1083 0.11675</i>
                        <i>0.999699 -6.85996e-005 0.0245213 8.73111e-005 1 -0.000762001 -0.0245212 0.000763912 0.999699 0.00592682 36.1552 0.237433</i>
                        <i>0.999843 -0.000187587 0.0177047 0.000200099 1 -0.000704937 -0.0177045 0.000708369 0.999843 0.00133709 36.2639 0.201075</i>
                        <i>0.999982 -0.000249426 0.00597219 0.000259145 0.999999 -0.00162664 -0.00597177 0.00162816 0.999981 0.000394368 36.235 0.0560778</i>
                        <i>0.99994 -0.000353052 -0.0109331 0.000309787 0.999992 -0.00395869 0.0109344 0.00395507 0.999932 0.00446822 36.2012 -0.0175424</i>
                    </KeyFrames>
                </p>
            </i>
            <i>
                <p>
                    <Name><![CDATA[l_clavicle]]></Name>
                    <Exclude>0</Exclude>
                    <Additive>0</Additive>
                    <IKPriority>0</IKPriority>
                    <IKRotLimits>-1e+010 -1e+010 -1e+010 1e+010 1e+010 1e+010</IKRotLimits>
                    <IKRotLimitOrder>0</IKRotLimitOrder>
                    <KeyFrames count="121">
                        <i>0.999888 0.000126501 -0.0149321 -0.000101479 0.999999 0.00167643 0.0149323 -0.00167473 0.999887 12.4175 48.1388 -10.3129</i>
                        <i>0.999854 -8.94446e-005 -0.0171046 0.000142419 0.999995 0.00309591 0.0171042 -0.0030979 0.999849 12.3287 48.181 -10.4685</i>
                        <i>0.99964 -0.00012187 -0.0268376 0.000214465 0.999994 0.00344736 0.0268371 -0.00345187 0.999634 12.1641 48.2223 -10.6404</i>
                        <i>0.999404 -5.02191e-005 -0.0345152 0.000113215 0.999998 0.0018232 0.0345151 -0.00182602 0.999403 12.0144 48.1958 -10.834</i>
                        <i>0.999344 0.000230315 -0.0362242 -0.000228693 1 4.89273e-005 0.0362242 -4.06109e-005 0.999344 11.9222 48.1319 -10.9843</i>
                        <i>0.998812 0.000392176 -0.0487183 -0.000388149 1 9.21027e-005 0.0487183 -7.30834e-005 0.998813 11.7133 48.1993 -11.1045</i>
                        <i>0.998908 0.000212599 -0.0467121 -0.000187158 1 0.000549024 0.0467123 -0.000539682 0.998908 11.6882 48.1865 -11.2743</i>
                        <i>0.997932 0.000258911 -0.0642773 -0.000220291 1 0.000607924 0.0642775 -0.000592507 0.997932 11.4472 48.251 -11.4509</i>
                        <i>0.997791 0.000100401 -0.066437 -5.52255e-005 1 0.00068181 0.0664371 -0.000676634 0.99779 11.3983 48.1516 -11.5135</i>
                        <i>0.997114 -0.000222493 -0.0759176 0.000197205 1 -0.000340594 0.0759177 0.00032464 0.997114 11.2757 48.216 -11.6714</i>
                        <i>0.995669 -8.43384e-005 -0.092964 5.97821e-005 1 -0.000266934 0.092964 0.00026022 0.995669 11.0603 48.2323 -11.9645</i>
                        <i>0.995334 -1.98224e-005 -0.0964874 0.000205802 0.999998 0.00191755 0.0964872 -0.00192846 0.995332 11.0256 48.2607 -11.9632</i>
                        <i>0.995576 -9.20567e-005 -0.0939585 0.000300092 0.999998 0.00219999 0.093958 -0.00221846 0.995574 11.0761 48.1945 -11.9055</i>
                        <i>0.994651 -0.00037831 -0.103287 0.00056352 0.999998 0.00176399 0.103286 -0.00181276 0.99465 11.0002 48.1318 -11.8743</i>
                        <i>0.994885 -0.000176787 -0.101013 0.000384216 0.999998 0.00203403 0.101013 -0.00206243 0.994883 11.0508 48.1623 -11.9955</i>
                        <i>0.994966 0.000535577 -0.100208 -0.000181229 0.999994 0.00354519 0.10021 -0.00350918 0.99496 11.0682 48.2321 -11.8554</i>
                        <i>0.995348 0.000749326 -0.0963414 -0.000263713 0.999987 0.00505318 0.096344 -0.00500427 0.995336 11.143 48.2142 -11.5948</i>
                        <i>0.995491 0.000526431 -0.0948521 -5.56681e-005 0.999988 0.00496571 0.0948536 -0.00493804 0.995479 11.2122 48.2232 -11.5086</i>
                        <i>0.995641 0.000431796 -0.0932648 -5.09342e-005 0.999992 0.004086 0.0932658 -0.00406344 0.995633 11.2762 48.3027 -11.4952</i>
                        <i>0.996531 0.000506941 -0.0832205 -0.000376269 0.999999 0.00158586 0.0832212 -0.00154905 0.99653 11.4281 48.2044 -11.4832</i>
                        <i>0.995927 0.000367341 -0.0901581 -0.000455154 0.999999 -0.000953426 0.0901578 0.000990579 0.995927 11.3861 48.1631 -11.6022</i>
                        <i>0.996043 0.000263922 -0.0888691 -0.000464553 0.999997 -0.00223693 0.0888682 0.00226936 0.996041 11.4352 48.0508 -11.6173</i>
                        <i>0.996427 0.00041169 -0.0844585 -0.000511941 0.999999 -0.00116533 0.0844579 0.0012044 0.996426 11.5335 48.097 -11.4944</i>
                        <i>0.996893 0.000695797 -0.0787686 -0.000620382 0.999999 0.00098189 0.0787692 -0.000929972 0.996892 11.6543 48.1356 -11.2507</i>
                        <i>0.997657 0.000452973 -0.0684101 -0.000356005 0.999999 0.00142964 0.0684107 -0.00140193 0.997656 11.8384 48.1832 -11.0239</i>
                        <i>0.998374 7.07757e-007 -0.0570076 0.000102422 0.999998 0.00180612 0.0570075 -0.00180903 0.998372 12.0429 48.1691 -10.9175</i>
                        <i>0.998119 -0.000538986 -0.0613057 0.000568241 1 0.000459762 0.0613055 -0.000493734 0.998119 12.0697 48.1907 -10.8905</i>
                        <i>0.998514 -0.000777045 -0.0544816 0.000857044 0.999999 0.00144503 0.0544804 -0.00148958 0.998514 12.2099 48.2487 -10.677</i>
                        <i>0.998383 -0.000277677 -0.0568412 0.000396717 0.999998 0.00208298 0.0568405 -0.00210216 0.998381 12.2196 48.2887 -10.549</i>
                        <i>0.998892 0.000322169 -0.047056 -0.000277242 1 0.000961279 0.0470563 -0.000947169 0.998892 12.3571 48.1384 -10.5036</i>
                        <i>0.999178 0.000623008 -0.0405244 -0.000617638 1 0.000145026 0.0405245 -0.000119877 0.999179 12.4638 48.2207 -10.3843</i>
                        <i>0.999344 0.000406976 -0.0362184 -0.000422843 1 -0.00043043 0.0362182 0.000445463 0.999344 12.5712 48.2071 -10.2821</i>
                        <i>0.999637 0.000334284 -0.0269353 -0.000395405 0.999997 -0.0022639 0.0269345 0.00227373 0.999635 12.7177 48.1323 -10.2339</i>
                        <i>0.999762 0.000334543 -0.0218111 -0.000412657 0.999994 -0.003577 0.0218097 0.00358515 0.999756 12.8208 48.1118 -10.2331</i>
                        <i>0.999788 0.000427772 -0.0205771 -0.000520056 0.99999 -0.00447965 0.020575 0.0044894 0.999778 12.8713 48.1516 -10.042</i>
                        <i>0.999943 0.000637149 -0.0106797 -0.000681259 0.999991 -0.00412715 0.0106769 0.00413419 0.999934 12.9977 48.1981 -9.95807</i>
                        <i>0.999999 0.000736766 0.000925109 -0.000732951 0.999991 -0.00411746 -0.000928137 0.00411678 0.999991 13.1476 48.1732 -9.85056</i>
                        <i>1 0.000350288 -0.00088849 -0.00035349 0.999993 -0.00360687 0.00088722 0.00360718 0.999993 13.179 48.1364 -9.81184</i>
                        <i>0.999999 0.000222989 0.00101913 -0.000219268 0.999993 -0.00365067 -0.00101993 0.00365045 0.999993 13.2406 48.1474 -9.64791</i>
                        <i>0.999959 0.000187924 0.00906628 -0.000164489 0.999997 -0.00258553 -0.00906673 0.00258393 0.999956 13.3596 48.1613 -9.42191</i>
                        <i>0.999875 -0.00029549 0.0158175 0.000295801 1 -1.72908e-005 -0.0158175 2.19675e-005 0.999875 13.4777 48.1515 -9.17801</i>
                        <i>0.999923 -0.000303248 0.012382 0.00028463 0.999999 0.00150537 -0.0123825 -0.00150173 0.999922 13.483 48.184 -9.03013</i>
                        <i>0.999867 0.000107644 0.0162838 -0.000113723 1 0.000372364 -0.0162838 -0.000374166 0.999867 13.5272 48.1289 -8.99117</i>
                        <i>0.999843 0.000412544 0.0176874 -0.000366629 0.999997 -0.00259908 -0.0176884 0.00259219 0.99984 13.5435 48.1621 -9.10513</i>
                        <i>0.999857 0.000197793 0.0169228 -0.000119253 0.999989 -0.004642 -0.0169235 0.00463932 0.999846 13.5551 48.162 -9.197</i>
                        <i>0.999877 2.22944e-005 0.0156844 6.01671e-005 0.999986 -0.00525706 -0.0156843 0.00525736 0.999863 13.5569 48.1202 -9.14398</i>
                        <i>0.999838 0.000396826 0.0179964 -0.000308293 0.999988 -0.00492197 -0.0179981 0.00491562 0.999826 13.5735 48.1407 -9.05168</i>
                        <i>0.999836 0.000547281 0.0181161 -0.000485641 0.999994 -0.00340673 -0.0181179 0.00339738 0.99983 13.5703 48.1529 -8.98018</i>
                        <i>0.999653 0.000447476 0.0263474 -0.000397188 0.999998 -0.00191387 -0.0263482 0.00190274 0.999651 13.6478 48.1497 -9.0062</i>
                        <i>0.999854 0.000182423 0.0170596 -0.000178255 1 -0.000245836 -0.0170597 0.00024276 0.999854 13.5643 48.1956 -8.98514</i>
                        <i>0.999826 -9.49397e-005 0.018669 7.8437e-005 1 0.000884699 -0.018669 -0.00088308 0.999825 13.5748 48.1319 -8.95253</i>
                        <i>0.999893 -0.000326922 0.0146494 0.000310399 0.999999 0.00113017 -0.0146498 -0.0011255 0.999892 13.5273 48.2442 -9.07803</i>
                        <i>0.999993 -0.000270657 0.00372705 0.00026575 0.999999 0.00131703 -0.00372739 -0.00131603 0.999992 13.3882 48.2528 -9.37344</i>
                        <i>0.999959 -9.01434e-005 0.00909329 7.04079e-005 0.999998 0.00217062 -0.00909347 -0.00216989 0.999956 13.3887 48.2493 -9.33501</i>
                        <i>0.999995 0.000260638 0.00312298 -0.000270205 0.999995 0.00306327 -0.00312217 -0.0030641 0.99999 13.2666 48.2099 -9.39465</i>
                        <i>0.999996 0.000432212 -0.00293704 -0.000425254 0.999997 0.00236928 0.00293805 -0.00236802 0.999993 13.1412 48.1812 -9.4829</i>
                        <i>0.999948 0.0004779 -0.0101706 -0.000456965 0.999998 0.00206063 0.0101716 -0.00205588 0.999946 13.0102 48.1687 -9.82083</i>
                        <i>0.999903 0.000389617 -0.0139066 -0.000393599 1 -0.000283604 0.0139065 0.00028905 0.999903 12.9246 48.1886 -9.94348</i>
                        <i>0.999792 0.000225111 -0.0203764 -0.000238515 1 -0.000655376 0.0203762 0.0006601 0.999792 12.8182 48.1292 -10.0434</i>
                        <i>0.999505 0.000506475 -0.0314593 -0.000475127 0.999999 0.00100393 0.0314598 -0.00098849 0.999505 12.6399 48.2337 -10.1368</i>
                        <i>0.999187 0.000823001 -0.0403188 -0.00072639 0.999997 0.00241076 0.0403207 -0.00237951 0.999184 12.4791 48.2805 -10.3526</i>
                        <i>0.999125 0.000852298 -0.041827 -0.000750503 0.999997 0.00244936 0.0418289 -0.00241582 0.999122 12.3897 48.2712 -10.3522</i>
                        <i>0.998383 0.000246299 -0.0568464 -0.000138351 0.999998 0.00190286 0.0568467 -0.00189192 0.998381 12.1794 48.1743 -10.6531</i>
                        <i>0.997837 -0.000221757 -0.0657299 0.000302478 0.999999 0.00121812 0.0657296 -0.00123537 0.997837 12.03 48.095 -10.8975</i>
                        <i>0.997337 -0.000452436 -0.0729268 0.000617924 0.999997 0.00224668 0.0729256 -0.00228576 0.997335 11.9086 48.1311 -10.9805</i>
                        <i>0.997204 -0.000603279 -0.0747282 0.000677571 0.999999 0.000968808 0.0747276 -0.00101673 0.997203 11.8453 48.1424 -11.1301</i>
                        <i>0.997015 -0.000599704 -0.0772064 0.000563833 1 -0.000486408 0.0772067 0.000441425 0.997015 11.7646 48.1605 -11.2413</i>
                        <i>0.99613 -0.000368379 -0.0878863 0.000249631 0.999999 -0.00136214 0.0878867 0.00133493 0.99613 11.5805 48.1914 -11.481</i>
                        <i>0.994843 -0.000341038 -0.101428 0.000320087 1 -0.000222838 0.101428 0.000189223 0.994843 11.3723 48.2348 -11.5507</i>
                        <i>0.993924 -0.000434984 -0.110067 0.000471436 1 0.000305157 0.110067 -0.000355192 0.993924 11.2341 48.2802 -11.6469</i>
                        <i>0.99308 -0.000263259 -0.117442 0.000355756 1 0.000766639 0.117442 -0.000803114 0.993079 11.1181 48.2272 -11.6926</i>
                        <i>0.99195 -0.000444535 -0.126628 0.000525889 1 0.00060904 0.126627 -0.000670729 0.99195 10.9904 48.1274 -11.8817</i>
                        <i>0.991904 -0.000466116 -0.126986 0.000419745 1 -0.000391923 0.126986 0.000335449 0.991904 10.9769 48.183 -11.934</i>
                        <i>0.991585 1.85135e-005 -0.129456 5.21582e-005 1 0.000542524 0.129456 -0.000544711 0.991585 10.9393 48.1747 -11.998</i>
                        <i>0.992516 0.000236927 -0.122113 -2.11828e-005 0.999998 0.00176806 0.122113 -0.00175224 0.992515 11.0415 48.1096 -11.8926</i>
                        <i>0.991499 0.000151209 -0.130113 -9.23697e-005 1 0.000458251 0.130113 -0.000442337 0.991499 10.9683 48.1343 -12.0498</i>
                        <i>0.992058 -3.35147e-005 -0.125783 -7.009e-005 1 -0.000819255 0.125783 0.000821564 0.992057 11.0553 48.2157 -11.9302</i>
                        <i>0.99257 0.00038629 -0.121671 -0.000551538 0.999999 -0.00132448 0.12167 0.00138175 0.99257 11.1188 48.2104 -12.002</i>
                        <i>0.993374 0.00087104 -0.114924 -0.000953655 0.999999 -0.000663886 0.114923 0.000769085 0.993374 11.2218 48.2202 -11.8865</i>
                        <i>0.992716 0.000868415 -0.120479 -0.000837223 1 0.000309517 0.120479 -0.000206394 0.992716 11.2138 48.1997 -11.848</i>
                        <i>0.993139 0.000847886 -0.11694 -0.000710091 0.999999 0.00121999 0.116941 -0.00112858 0.993138 11.3344 48.2457 -11.5728</i>
                        <i>0.993966 0.00119409 -0.109685 -0.000952326 0.999997 0.00225654 0.109688 -0.00213846 0.993964 11.4928 48.204 -11.4741</i>
                        <i>0.993939 0.00148084 -0.109921 -0.001227 0.999996 0.00237691 0.109924 -0.00222763 0.993937 11.5647 48.249 -11.2945</i>
                        <i>0.993897 0.00145052 -0.1103 -0.00123142 0.999997 0.00205445 0.110302 -0.00190608 0.993896 11.6344 48.1988 -11.1463</i>
                        <i>0.994294 0.00145468 -0.106662 -0.00118695 0.999996 0.00257355 0.106665 -0.00243226 0.994292 11.7498 48.2119 -11.0843</i>
                        <i>0.994326 0.00163271 -0.106363 -0.00120223 0.999991 0.00411122 0.106369 -0.00396002 0.994319 11.8354 48.2793 -10.9096</i>
                        <i>0.994735 0.00143969 -0.102465 -0.000998378 0.99999 0.00435809 0.10247 -0.00423284 0.994727 11.9688 48.2573 -10.7912</i>
                        <i>0.995232 0.000847506 -0.0975308 -0.000450881 0.999992 0.00408863 0.0975334 -0.00402517 0.995224 12.1246 48.1733 -10.6119</i>
                        <i>0.995321 3.27732e-005 -0.0966249 0.000185617 0.999997 0.0022512 0.0966248 -0.0022586 0.995318 12.2384 48.2021 -10.4996</i>
                        <i>0.996311 -0.000729047 -0.0858138 0.000845579 0.999999 0.00132162 0.0858127 -0.00138931 0.99631 12.4551 48.1742 -10.4073</i>
