<?xml version="1.0" encoding="ISO-8859-1" ?>
<Animl Version="1">
    <ModellingPackage><![CDATA[Maya.2010]]></ModellingPackage>
    <SrcFile><![CDATA[anims\bosses\red\~src\boss_beetle\boss_beetle_smash.mb]]></SrcFile>
    <FramesPerSecond>30</FramesPerSecond>
    <TotalFrames>215</TotalFrames>
    <Skeleton>
        <RefFrame>
            <Name><![CDATA[boss_beetle_torso_ref_frame]]></Name>
            <Exclude>0</Exclude>
            <Additive>0</Additive>
            <IKPriority>0</IKPriority>
            <IKRotLimits>-1e+010 -1e+010 -1e+010 1e+010 1e+010 1e+010</IKRotLimits>
            <IKRotLimitOrder>0</IKRotLimitOrder>
            <KeyFrames count="215">
                <i>1 0 0 0 1 0 0 0 1 0 35.9946 0</i>
                <i>1 0 0 0 1 0 0 0 1 0 35.9946 0</i>
                <i>1 0 0 0 1 0 0 0 1 0 35.9946 0</i>
                <i>1 0 0 0 1 0 0 0 1 0 35.9946 0</i>
                <i>1 0 0 0 1 0 0 0 1 0 35.9946 0</i>
                <i>1 0 0 0 1 0 0 0 1 0 35.9946 0</i>
                <i>1 0 0 0 1 0 0 0 1 0 35.9946 0</i>
                <i>1 0 0 0 1 0 0 0 1 0 35.9946 0</i>
                <i>1 0 0 0 1 0 0 0 1 0 35.9946 0</i>
                <i>1 0 0 0 1 0 0 0 1 0 35.9946 0</i>
                <i>1 0 0 0 1 0 0 0 1 0 35.9946 0</i>
                <i>1 0 0 0 1 0 0 0 1 0 35.9946 0</i>
                <i>1 0 0 0 1 0 0 0 1 0 35.9946 0</i>
                <i>1 0 0 0 1 0 0 0 1 0 35.9946 0</i>
                <i>1 0 0 0 1 0 0 0 1 0 35.9946 0</i>
                <i>1 0 0 0 1 0 0 0 1 0 35.9946 0</i>
                <i>1 0 0 0 1 0 0 0 1 0 35.9946 0</i>
                <i>1 0 0 0 1 0 0 0 1 0 35.9946 0</i>
                <i>1 0 0 0 1 0 0 0 1 0 35.9946 0</i>
                <i>1 0 0 0 1 0 0 0 1 0 35.9946 0</i>
                <i>1 0 0 0 1 0 0 0 1 0 35.9946 0</i>
                <i>1 0 0 0 1 0 0 0 1 0 35.9946 0</i>
                <i>1 0 0 0 1 0 0 0 1 0 35.9946 0</i>
                <i>1 0 0 0 1 0 0 0 1 0 35.9946 0</i>
                <i>1 0 0 0 1 0 0 0 1 0 35.9946 0</i>
                <i>1 0 0 0 1 0 0 0 1 0 35.9946 0</i>
                <i>1 0 0 0 1 0 0 0 1 0 35.9946 0</i>
                <i>1 0 0 0 1 0 0 0 1 0 35.9946 0</i>
                <i>1 0 0 0 1 0 0 0 1 0 35.9946 0</i>
                <i>1 0 0 0 1 0 0 0 1 0 35.9946 0</i>
                <i>1 0 0 0 1 0 0 0 1 0 35.9946 0</i>
                <i>1 0 0 0 1 0 0 0 1 0 35.9946 0</i>
                <i>1 0 0 0 1 0 0 0 1 0 35.9946 0</i>
                <i>1 0 0 0 1 0 0 0 1 0 35.9946 0</i>
                <i>1 0 0 0 1 0 0 0 1 0 35.9946 0</i>
                <i>1 0 0 0 1 0 0 0 1 0 35.9946 0</i>
                <i>1 0 0 0 1 0 0 0 1 0 35.9946 0</i>
                <i>1 0 0 0 1 0 0 0 1 0 35.9946 0</i>
                <i>1 0 0 0 1 0 0 0 1 0 35.9946 0</i>
                <i>1 0 0 0 1 0 0 0 1 0 35.9946 0</i>
                <i>1 0 0 0 1 0 0 0 1 0 35.9946 0</i>
                <i>1 0 0 0 1 0 0 0 1 0 35.9946 0</i>
                <i>1 0 0 0 1 0 0 0 1 0 35.9946 0</i>
                <i>1 0 0 0 1 0 0 0 1 0 35.9946 0</i>
                <i>1 0 0 0 1 0 0 0 1 0 35.9946 0</i>
                <i>1 0 0 0 1 0 0 0 1 0 35.9946 0</i>
                <i>1 0 0 0 1 0 0 0 1 0 35.9946 0</i>
                <i>1 0 0 0 1 0 0 0 1 0 35.9946 0</i>
                <i>1 0 0 0 1 0 0 0 1 0 35.9946 0</i>
                <i>1 0 0 0 1 0 0 0 1 0 35.9946 0</i>
                <i>1 0 0 0 1 0 0 0 1 0 35.9946 0</i>
                <i>1 0 0 0 1 0 0 0 1 0 35.9946 0</i>
                <i>1 0 0 0 1 0 0 0 1 0 35.9946 0</i>
                <i>1 0 0 0 1 0 0 0 1 0 35.9946 0</i>
                <i>1 0 0 0 1 0 0 0 1 0 35.9946 0</i>
                <i>1 0 0 0 1 0 0 0 1 0 35.9946 0</i>
                <i>1 0 0 0 1 0 0 0 1 0 35.9946 0</i>
                <i>1 0 0 0 1 0 0 0 1 0 35.9946 0</i>
                <i>1 0 0 0 1 0 0 0 1 0 35.9946 0</i>
                <i>1 0 0 0 1 0 0 0 1 0 35.9946 0</i>
                <i>1 0 0 0 1 0 0 0 1 0 35.9946 0</i>
                <i>1 0 0 0 1 0 0 0 1 0 35.9946 0</i>
                <i>1 0 0 0 1 0 0 0 1 0 35.9946 0</i>
                <i>1 0 0 0 1 0 0 0 1 0 35.9946 0</i>
                <i>1 0 0 0 1 0 0 0 1 0 35.9946 0</i>
                <i>1 0 0 0 1 0 0 0 1 0 35.9946 0</i>
                <i>1 0 0 0 1 0 0 0 1 0 35.9946 0</i>
                <i>1 0 0 0 1 0 0 0 1 0 35.9946 0</i>
                <i>1 0 0 0 1 0 0 0 1 0 35.9946 0</i>
                <i>1 0 0 0 1 0 0 0 1 0 35.9946 0</i>
                <i>1 0 0 0 1 0 0 0 1 0 35.9946 0</i>
                <i>1 0 0 0 1 0 0 0 1 0 35.9946 0</i>
                <i>1 0 0 0 1 0 0 0 1 0 35.9946 0</i>
                <i>1 0 0 0 1 0 0 0 1 0 35.9946 0</i>
                <i>1 0 0 0 1 0 0 0 1 0 35.9946 0</i>
                <i>1 0 0 0 1 0 0 0 1 0 35.9946 0</i>
                <i>1 0 0 0 1 0 0 0 1 0 35.9946 0</i>
                <i>1 0 0 0 1 0 0 0 1 0 35.9946 0</i>
                <i>1 0 0 0 1 0 0 0 1 0 35.9946 0</i>
                <i>1 0 0 0 1 0 0 0 1 0 35.9946 0</i>
                <i>1 0 0 0 1 0 0 0 1 0 35.9946 0</i>
                <i>1 0 0 0 1 0 0 0 1 0 35.9946 0</i>
                <i>1 0 0 0 1 0 0 0 1 0 35.9946 0</i>
                <i>1 0 0 0 1 0 0 0 1 0 35.9946 0</i>
                <i>1 0 0 0 1 0 0 0 1 0 35.9946 0</i>
                <i>1 0 0 0 1 0 0 0 1 0 35.9946 0</i>
                <i>1 0 0 0 1 0 0 0 1 0 35.9946 0</i>
                <i>1 0 0 0 1 0 0 0 1 0 35.9946 0</i>
                <i>1 0 0 0 1 0 0 0 1 0 35.9946 0</i>
                <i>1 0 0 0 1 0 0 0 1 0 35.9946 0</i>
                <i>1 0 0 0 1 0 0 0 1 0 35.9946 0</i>
                <i>1 0 0 0 1 0 0 0 1 0 35.9946 0</i>
                <i>1 0 0 0 1 0 0 0 1 0 35.9946 0</i>
                <i>1 0 0 0 1 0 0 0 1 0 35.9946 0</i>
                <i>1 0 0 0 1 0 0 0 1 0 35.9946 0</i>
                <i>1 0 0 0 1 0 0 0 1 0 35.9946 0</i>
                <i>1 0 0 0 1 0 0 0 1 0 35.9946 0</i>
                <i>1 0 0 0 1 0 0 0 1 0 35.9946 0</i>
                <i>1 0 0 0 1 0 0 0 1 0 35.9946 0</i>
                <i>1 0 0 0 1 0 0 0 1 0 35.9946 0</i>
                <i>1 0 0 0 1 0 0 0 1 0 35.9946 0</i>
                <i>1 0 0 0 1 0 0 0 1 0 35.9946 0</i>
                <i>1 0 0 0 1 0 0 0 1 0 35.9946 0</i>
                <i>1 0 0 0 1 0 0 0 1 0 35.9946 0</i>
                <i>1 0 0 0 1 0 0 0 1 0 35.9946 0</i>
                <i>1 0 0 0 1 0 0 0 1 0 35.9946 0</i>
                <i>1 0 0 0 1 0 0 0 1 0 35.9946 0</i>
                <i>1 0 0 0 1 0 0 0 1 0 35.9946 0</i>
                <i>1 0 0 0 1 0 0 0 1 0 35.9946 0</i>
                <i>1 0 0 0 1 0 0 0 1 0 35.9946 0</i>
                <i>1 0 0 0 1 0 0 0 1 0 35.9946 0</i>
                <i>1 0 0 0 1 0 0 0 1 0 35.9946 0</i>
                <i>1 0 0 0 1 0 0 0 1 0 35.9946 0</i>
                <i>1 0 0 0 1 0 0 0 1 0 35.9946 0</i>
                <i>1 0 0 0 1 0 0 0 1 0 35.9946 0</i>
                <i>1 0 0 0 1 0 0 0 1 0 35.9946 0</i>
                <i>1 0 0 0 1 0 0 0 1 0 35.9946 0</i>
                <i>1 0 0 0 1 0 0 0 1 0 35.9946 0</i>
                <i>1 0 0 0 1 0 0 0 1 0 35.9946 0</i>
                <i>1 0 0 0 1 0 0 0 1 0 35.9946 0</i>
                <i>1 0 0 0 1 0 0 0 1 0 35.9946 0</i>
                <i>1 0 0 0 1 0 0 0 1 0 35.9946 0</i>
                <i>1 0 0 0 1 0 0 0 1 0 35.9946 0</i>
                <i>1 0 0 0 1 0 0 0 1 0 35.9946 0</i>
                <i>1 0 0 0 1 0 0 0 1 0 35.9946 0</i>
                <i>1 0 0 0 1 0 0 0 1 0 35.9946 0</i>
                <i>1 0 0 0 1 0 0 0 1 0 35.9946 0</i>
                <i>1 0 0 0 1 0 0 0 1 0 35.9946 0</i>
                <i>1 0 0 0 1 0 0 0 1 0 35.9946 0</i>
                <i>1 0 0 0 1 0 0 0 1 0 35.9946 0</i>
                <i>1 0 0 0 1 0 0 0 1 0 35.9946 0</i>
                <i>1 0 0 0 1 0 0 0 1 0 35.9946 0</i>
                <i>1 0 0 0 1 0 0 0 1 0 35.9946 0</i>
                <i>1 0 0 0 1 0 0 0 1 0 35.9946 0</i>
                <i>1 0 0 0 1 0 0 0 1 0 35.9946 0</i>
                <i>1 0 0 0 1 0 0 0 1 0 35.9946 0</i>
                <i>1 0 0 0 1 0 0 0 1 0 35.9946 0</i>
                <i>1 0 0 0 1 0 0 0 1 0 35.9946 0</i>
                <i>1 0 0 0 1 0 0 0 1 0 35.9946 0</i>
                <i>1 0 0 0 1 0 0 0 1 0 35.9946 0</i>
                <i>1 0 0 0 1 0 0 0 1 0 35.9946 0</i>
                <i>1 0 0 0 1 0 0 0 1 0 35.9946 0</i>
                <i>1 0 0 0 1 0 0 0 1 0 35.9946 0</i>
                <i>1 0 0 0 1 0 0 0 1 0 35.9946 0</i>
                <i>1 0 0 0 1 0 0 0 1 0 35.9946 0</i>
                <i>1 0 0 0 1 0 0 0 1 0 35.9946 0</i>
                <i>1 0 0 0 1 0 0 0 1 0 35.9946 0</i>
                <i>1 0 0 0 1 0 0 0 1 0 35.9946 0</i>
                <i>1 0 0 0 1 0 0 0 1 0 35.9946 0</i>
                <i>1 0 0 0 1 0 0 0 1 0 35.9946 0</i>
                <i>1 0 0 0 1 0 0 0 1 0 35.9946 0</i>
                <i>1 0 0 0 1 0 0 0 1 0 35.9946 0</i>
                <i>1 0 0 0 1 0 0 0 1 0 35.9946 0</i>
                <i>1 0 0 0 1 0 0 0 1 0 35.9946 0</i>
                <i>1 0 0 0 1 0 0 0 1 0 35.9946 0</i>
                <i>1 0 0 0 1 0 0 0 1 0 35.9946 0</i>
                <i>1 0 0 0 1 0 0 0 1 0 35.9946 0</i>
                <i>1 0 0 0 1 0 0 0 1 0 35.9946 0</i>
                <i>1 0 0 0 1 0 0 0 1 0 35.9946 0</i>
                <i>1 0 0 0 1 0 0 0 1 0 35.9946 0</i>
                <i>1 0 0 0 1 0 0 0 1 0 35.9946 0</i>
                <i>1 0 0 0 1 0 0 0 1 0 35.9946 0</i>
                <i>1 0 0 0 1 0 0 0 1 0 35.9946 0</i>
                <i>1 0 0 0 1 0 0 0 1 0 35.9946 0</i>
                <i>1 0 0 0 1 0 0 0 1 0 35.9946 0</i>
                <i>1 0 0 0 1 0 0 0 1 0 35.9946 0</i>
                <i>1 0 0 0 1 0 0 0 1 0 35.9946 0</i>
                <i>1 0 0 0 1 0 0 0 1 0 35.9946 0</i>
                <i>1 0 0 0 1 0 0 0 1 0 35.9946 0</i>
                <i>1 0 0 0 1 0 0 0 1 0 35.9946 0</i>
                <i>1 0 0 0 1 0 0 0 1 0 35.9946 0</i>
                <i>1 0 0 0 1 0 0 0 1 0 35.9946 0</i>
                <i>1 0 0 0 1 0 0 0 1 0 35.9946 0</i>
                <i>1 0 0 0 1 0 0 0 1 0 35.9946 0</i>
                <i>1 0 0 0 1 0 0 0 1 0 35.9946 0</i>
                <i>1 0 0 0 1 0 0 0 1 0 35.9946 0</i>
                <i>1 0 0 0 1 0 0 0 1 0 35.9946 0</i>
                <i>1 0 0 0 1 0 0 0 1 0 35.9946 0</i>
                <i>1 0 0 0 1 0 0 0 1 0 35.9946 0</i>
                <i>1 0 0 0 1 0 0 0 1 0 35.9946 0</i>
                <i>1 0 0 0 1 0 0 0 1 0 35.9946 0</i>
                <i>1 0 0 0 1 0 0 0 1 0 35.9946 0</i>
                <i>1 0 0 0 1 0 0 0 1 0 35.9946 0</i>
                <i>1 0 0 0 1 0 0 0 1 0 35.9946 0</i>
                <i>1 0 0 0 1 0 0 0 1 0 35.9946 0</i>
                <i>1 0 0 0 1 0 0 0 1 0 35.9946 0</i>
                <i>1 0 0 0 1 0 0 0 1 0 35.9946 0</i>
                <i>1 0 0 0 1 0 0 0 1 0 35.9946 0</i>
                <i>1 0 0 0 1 0 0 0 1 0 35.9946 0</i>
                <i>1 0 0 0 1 0 0 0 1 0 35.9946 0</i>
                <i>1 0 0 0 1 0 0 0 1 0 35.9946 0</i>
                <i>1 0 0 0 1 0 0 0 1 0 35.9946 0</i>
                <i>1 0 0 0 1 0 0 0 1 0 35.9946 0</i>
                <i>1 0 0 0 1 0 0 0 1 0 35.9946 0</i>
                <i>1 0 0 0 1 0 0 0 1 0 35.9946 0</i>
                <i>1 0 0 0 1 0 0 0 1 0 35.9946 0</i>
                <i>1 0 0 0 1 0 0 0 1 0 35.9946 0</i>
                <i>1 0 0 0 1 0 0 0 1 0 35.9946 0</i>
                <i>1 0 0 0 1 0 0 0 1 0 35.9946 0</i>
                <i>1 0 0 0 1 0 0 0 1 0 35.9946 0</i>
                <i>1 0 0 0 1 0 0 0 1 0 35.9946 0</i>
                <i>1 0 0 0 1 0 0 0 1 0 35.9946 0</i>
                <i>1 0 0 0 1 0 0 0 1 0 35.9946 0</i>
                <i>1 0 0 0 1 0 0 0 1 0 35.9946 0</i>
                <i>1 0 0 0 1 0 0 0 1 0 35.9946 0</i>
                <i>1 0 0 0 1 0 0 0 1 0 35.9946 0</i>
                <i>1 0 0 0 1 0 0 0 1 0 35.9946 0</i>
                <i>1 0 0 0 1 0 0 0 1 0 35.9946 0</i>
                <i>1 0 0 0 1 0 0 0 1 0 35.9946 0</i>
                <i>1 0 0 0 1 0 0 0 1 0 35.9946 0</i>
                <i>1 0 0 0 1 0 0 0 1 0 35.9946 0</i>
                <i>1 0 0 0 1 0 0 0 1 0 35.9946 0</i>
                <i>1 0 0 0 1 0 0 0 1 0 35.9946 0</i>
                <i>1 0 0 0 1 0 0 0 1 0 35.9946 0</i>
                <i>1 0 0 0 1 0 0 0 1 0 35.9946 0</i>
            </KeyFrames>
        </RefFrame>
        <Bones count="19">
            <i>
                <p>
                    <Name><![CDATA[boss_beetle_torso_root]]></Name>
                    <Exclude>0</Exclude>
                    <Additive>0</Additive>
                    <IKPriority>0</IKPriority>
                    <IKRotLimits>-1e+010 -1e+010 -1e+010 1e+010 1e+010 1e+010</IKRotLimits>
                    <IKRotLimitOrder>0</IKRotLimitOrder>
                    <KeyFrames count="215">
                        <i>1 0.000202959 0 -0.000202959 1 0.000670573 1.36099e-007 -0.000670573 1 -0.0185071 36.0036 0.02469</i>
                        <i>1 -0.00028484 0 0.00028484 0.999999 0.00123837 -3.52737e-007 -0.00123837 0.999999 -0.00273345 36.0036 0.0398674</i>
                        <i>1 -0.000428933 -5.29396e-023 0.000428932 0.999999 0.00137895 -5.91475e-007 -0.00137895 0.999999 0.0122864 36.0036 0.0405446</i>
                        <i>1 -0.00022643 0 0.000226429 1 0.00072928 -1.65131e-007 -0.00072928 1 0.0126764 36.0036 0.0230413</i>
                        <i>1 0.000457386 0 -0.000457386 1 1.95709e-005 8.95143e-009 -1.95709e-005 1 -0.00588444 36.0036 0.0043799</i>
                        <i>1 0.000776299 -1.65436e-024 -0.000776299 1 3.68411e-005 2.85997e-008 -3.68411e-005 1 -0.0217855 36.0036 0.00178659</i>
                        <i>1 0.000374315 -6.61744e-024 -0.000374315 1 0.00021961 8.22032e-008 -0.00021961 1 -0.0213114 36.0036 0.0112407</i>
                        <i>1 0.000440581 -6.61744e-024 -0.000440581 1 0.000243169 1.07136e-007 -0.000243169 1 -0.0200184 36.0036 0.0190406</i>
                        <i>1 0.000110451 3.30872e-024 -0.000110451 1 0.000272724 3.01226e-008 -0.000272724 1 -0.0109837 36.0036 0.0230257</i>
                        <i>1 -0.000394409 0 0.000394409 1 -0.000136238 5.37334e-008 0.000136238 1 0.00460749 36.0036 0.00827585</i>
                        <i>1 -0.000119564 0 0.000119564 1 -0.000106774 1.27663e-008 0.000106774 1 0.00545058 36.0036 0.00784097</i>
                        <i>1 -0.000411605 0 0.000411605 1 0.000767021 -3.15709e-007 -0.000767021 1 0.0188678 36.0036 0.0410346</i>
                        <i>1 -0.000600185 -5.29396e-023 0.000600185 0.999999 0.000879998 -5.28162e-007 -0.000879998 1 0.0329084 36.0036 0.0426182</i>
                        <i>0.999999 -0.00112704 5.29396e-023 0.00112704 0.999999 0.000705595 -7.95235e-007 -0.000705594 1 0.0583481 36.0036 0.0263498</i>
                        <i>1 -0.000768433 -5.29396e-023 0.000768432 0.999999 0.000813611 -6.25206e-007 -0.000813611 1 0.0531921 36.0036 0.0259523</i>
                        <i>1 0.000362461 -5.29396e-023 -0.000362461 0.999999 0.00141808 5.13997e-007 -0.00141808 0.999999 0.0220346 36.0036 0.0510288</i>
                        <i>1 0.000527432 0 -0.000527431 0.999998 0.00202128 1.06609e-006 -0.00202128 0.999998 0.0140576 36.0035 0.0708151</i>
                        <i>1 0.00011043 0.000456685 -0.000111337 0.999998 0.00198629 -0.000456465 -0.00198634 0.999998 0.0300384 36.0035 0.0704881</i>
                        <i>0.999998 9.89244e-005 0.00180171 -0.000101869 0.999999 0.00163441 -0.00180155 -0.00163459 0.999997 0.0328359 36.0036 0.0549963</i>
                        <i>0.999992 0.000749997 0.00399755 -0.000752538 1 0.000634346 -0.00399708 -0.000637349 0.999992 0.0143884 36.0036 0.0120828</i>
                        <i>0.999975 0.000912958 0.00700662 -0.000910308 1 -0.00038137 -0.00700697 0.000374983 0.999975 0.00541173 36.0036 -0.0264877</i>
                        <i>0.999941 0.000938711 0.0107913 -0.000929109 0.999999 -0.000894773 -0.0107922 0.000884694 0.999941 -0.011801 36.0036 -0.0418151</i>
                        <i>0.999882 0.0010309 0.015314 -0.00102388 0.999999 -0.000466132 -0.0153145 0.000450397 0.999883 -0.0191279 36.0036 -0.0182165</i>
                        <i>0.999788 0.00123244 0.0205369 -0.00124076 0.999999 0.000392756 -0.0205364 -0.000418154 0.999789 -0.0208807 36.0036 0.0192989</i>
                        <i>0.999651 0.000696653 0.0264221 -0.000712011 1 0.000571854 -0.0264217 -0.000590467 0.999651 -0.0071954 36.0036 0.0211173</i>
                        <i>0.999458 -0.000228524 0.0329317 0.000204844 1 0.00072245 -0.0329319 -0.000715312 0.999457 0.0195674 36.0036 0.00978745</i>
                        <i>0.999198 -0.00114293 0.0400275 0.00113648 0.999999 0.000183905 -0.0400277 -0.000138267 0.999199 0.0454681 36.0036 -0.00608417</i>
                        <i>0.998862 -0.0017397 0.0476712 0.00171409 0.999998 0.000578012 -0.0476721 -0.000495641 0.998863 0.0575013 36.0035 0.0107014</i>
                        <i>0.99844 -0.000838711 0.0558242 0.000793435 0.999999 0.000833193 -0.0558249 -0.0007876 0.99844 0.0296069 36.0036 0.0206032</i>
                        <i>0.997921 0.00052855 0.0644481 -0.000554483 1 0.000384512 -0.0644478 -0.000419448 0.997921 -0.0062846 36.0036 0.00222999</i>
                        <i>0.997294 0.00122767 0.0735038 -0.00123528 0.999999 5.80104e-005 -0.0735037 -0.000148651 0.997295 -0.0299586 36.0036 9.96107e-005</i>
                        <i>0.996553 0.000857053 0.0829525 -0.000845686 1 -0.000172172 -0.0829527 0.000101427 0.996553 -0.0188751 36.0036 0.0056487</i>
                        <i>0.995689 0.000871399 0.092755 -0.000790812 0.999999 -0.00090556 -0.0927558 0.000828304 0.995689 -0.0210446 36.0036 -0.00680601</i>
                        <i>0.994694 0.000968131 0.102872 -0.000825318 0.999999 -0.0014308 -0.102873 0.00133831 0.994694 -0.0210965 36.0036 -0.0194716</i>
                        <i>0.993564 0.00123638 0.113264 -0.00104012 0.999998 -0.00179186 -0.113266 0.00166252 0.993563 -0.0328252 36.0035 -0.0334065</i>
                        <i>0.992294 0.00155656 0.123893 -0.00136253 0.999998 -0.00165086 -0.123895 0.00146934 0.992294 -0.0543052 36.0035 -0.0363458</i>
                        <i>0.990883 0.00167443 0.134718 -0.00146591 0.999998 -0.00164699 -0.13472 0.00143449 0.990883 -0.0626762 36.0035 -0.0523422</i>
                        <i>0.989328 0.000909649 0.1457 -0.000706984 0.999999 -0.00144275 -0.145701 0.00132435 0.989328 -0.0474958 36.0036 -0.0581822</i>
                        <i>0.98763 0.000662085 0.1568 -0.000438538 0.999999 -0.00146027 -0.156801 0.00137344 0.987629 -0.0394555 36.0036 -0.0531054</i>
                        <i>0.98579 0.000498031 0.167979 -0.000328979 0.999999 -0.00103421 -0.16798 0.000964254 0.98579 -0.0307909 36.0036 -0.0318284</i>
                        <i>0.983813 -0.000580786 0.179199 0.000591602 1 -6.91642e-006 -0.179199 0.000112819 0.983813 0.00033704 36.0036 0.00420675</i>
                        <i>0.981703 -0.000673506 0.190419 0.000569261 1 0.000602146 -0.190419 -0.000482731 0.981703 0.0108112 36.0036 0.0214287</i>
                        <i>0.979467 0.000192748 0.201602 -0.000227446 1 0.000148946 -0.201602 -0.000191741 0.979467 -0.0109183 36.0036 0.00253021</i>
                        <i>0.977115 0.000937622 0.21271 -0.000733261 0.999999 -0.00103963 -0.212711 0.000859868 0.977115 -0.0309669 36.0036 -0.0365872</i>
                        <i>0.974657 0.000647842 0.223706 -0.000238508 0.999998 -0.00185681 -0.223706 0.00175639 0.974655 -0.0236208 36.0035 -0.0562458</i>
                        <i>0.972104 0.000376243 0.234551 0.000120336 0.999998 -0.00210283 -0.234551 0.0020724 0.972102 -0.0183705 36.0035 -0.057532</i>
                        <i>0.969469 0.00108054 0.24521 -0.000616592 0.999998 -0.00196879 -0.245211 0.00175749 0.969468 -0.0351901 36.0035 -0.0539042</i>
                        <i>0.96677 0.00128738 0.255645 -0.000971286 0.999999 -0.0013627 -0.255647 0.00106911 0.96677 -0.0419338 36.0036 -0.0426872</i>
                        <i>0.964022 0.000969297 0.265822 -0.000794376 0.999999 -0.00076555 -0.265823 0.000526844 0.964022 -0.0302354 36.0036 -0.030468</i>
                        <i>0.961242 0.000369804 0.275705 -0.00035651 1 -9.83346e-005 -0.275705 -3.76815e-006 0.961242 -0.0094086 36.0036 -0.0128583</i>
                        <i>0.958451 -0.000251303 0.285258 0.000156874 1 0.000353879 -0.285258 -0.000294426 0.958451 0.0126346 36.0036 -0.00216648</i>
                        <i>0.955667 -0.000726386 0.294449 0.000620798 1 0.000452067 -0.294449 -0.000249232 0.955667 0.0348397 36.0036 -0.00155917</i>
                        <i>0.952913 -0.000666225 0.303243 0.0005315 1 0.000526811 -0.303243 -0.000340832 0.952913 0.0330608 36.0036 0.000144679</i>
                        <i>0.950211 -0.000404358 0.311607 0.000140816 1 0.00086825 -0.311607 -0.000781142 0.950211 0.0191261 36.0036 0.0135127</i>
                        <i>0.957195 0.000162622 0.289443 -0.000540412 0.999999 0.00122531 -0.289443 -0.00132928 0.957194 -0.00646388 36.0036 0.0254295</i>
                        <i>0.952954 0.000523234 0.303113 -0.000850511 0.999999 0.000947714 -0.303112 -0.00116093 0.952954 -0.0263425 36.0036 0.01855</i>
                        <i>0.950211 0.000611585 0.311607 -0.000913931 0.999999 0.000824254 -0.311606 -0.001068 0.950211 -0.0336269 36.0036 0.0149807</i>
                        <i>0.95162 0.000783971 0.307276 -0.000787197 1 -0.000113442 -0.307276 -0.000133934 0.95162 -0.0250872 36.0036 -0.0155394</i>
                        <i>0.954449 0.00053352 0.298373 -0.00047703 1 -0.00026215 -0.298373 0.000107876 0.954449 -0.00504266 36.0036 -0.0353007</i>
                        <i>0.955963 0.000790553 0.293485 -0.000950254 0.999999 0.000401574 -0.293485 -0.000662775 0.955964 -0.0118421 36.0036 -0.016935</i>
                        <i>0.95588 0.00110542 0.293756 -0.00145278 0.999998 0.000964304 -0.293754 -0.00134852 0.95588 -0.021334 36.0035 0.0069908</i>
                        <i>0.955646 0.00114588 0.294516 -0.00150101 0.999998 0.000979745 -0.294514 -0.00137836 0.955646 -0.0331382 36.0035 0.0195405</i>
                        <i>0.955285 3.92708e-005 0.295685 -0.000276703 1 0.000761145 -0.295685 -0.000808928 0.955285 -0.00879205 36.0036 0.0230427</i>
                        <i>0.95482 -0.000722427 0.297185 0.000604956 1 0.000487249 -0.297186 -0.000285451 0.95482 0.00811239 36.0036 0.0209799</i>
                        <i>0.954272 -0.00144798 0.298937 0.00123585 0.999999 0.000898673 -0.298937 -0.000488138 0.954273 0.0313858 36.0036 0.0340916</i>
                        <i>0.953667 -0.00140895 0.30086 0.00135514 0.999999 0.000387523 -0.30086 3.81399e-005 0.953668 0.0449805 36.0036 0.0202069</i>
                        <i>0.953029 -0.00101577 0.302877 0.00112767 0.999999 -0.000194563 -0.302876 0.000526968 0.95303 0.042122 36.0036 0.00841082</i>
                        <i>0.952382 -0.000309358 0.304908 0.000499263 1 -0.000544856 -0.304907 0.000671141 0.952382 0.0235041 36.0036 -0.0025697</i>
                        <i>0.95175 -0.000581931 0.306875 0.000640173 1 -8.91353e-005 -0.306874 0.000281287 0.95175 0.0170261 36.0036 0.00661484</i>
                        <i>0.951159 -0.000934503 0.308699 0.000942872 1 0.000122063 -0.308699 0.000174962 0.95116 0.0187428 36.0036 0.0162797</i>
                        <i>0.950638 -0.000771547 0.310302 0.000711513 1 0.000306655 -0.310302 -7.07343e-005 0.950638 0.0164265 36.0036 0.0208783</i>
                        <i>0.950211 -0.00107532 0.311607 0.00105178 0.999999 0.000243616 -0.311607 9.62546e-005 0.950211 0.0211196 36.0036 0.0127873</i>
                        <i>0.950002 -0.000748568 0.312242 0.00083949 1 -0.000156769 -0.312242 0.000411055 0.950003 0.0175045 36.0036 -0.0095137</i>
                        <i>0.950026 -0.000166847 0.312171 0.000104316 1 0.00021701 -0.312171 -0.0001736 0.950026 0.00084427 36.0036 -0.00322471</i>
                        <i>0.950142 -0.000180272 0.311818 -4.23656e-005 1 0.000707222 -0.311818 -0.000685172 0.950141 -0.00324076 36.0036 0.0209681</i>
                        <i>0.950211 0.000118424 0.311607 -0.000184739 1 0.0001833 -0.311607 -0.00023174 0.950211 -0.00413317 36.0036 0.0259218</i>
                        <i>0.950926 0.000234698 0.309419 -0.00014018 1 -0.000327702 -0.309419 0.000268246 0.950926 -0.00416437 36.0036 0.0527606</i>
                        <i>0.952985 0.00121175 0.303016 -0.00110308 0.999999 -0.000529793 -0.303017 0.000170634 0.952985 -0.0407198 36.0037 0.122419</i>
                        <i>0.956224 0.00190153 0.29263 -0.00190731 0.999998 -0.000265555 -0.29263 -0.000304206 0.956226 -0.0752917 36.0036 0.229094</i>
                        <i>0.960441 0.00157373 0.278479 -0.00167444 0.999999 0.000123807 -0.278478 -0.000585206 0.960442 -0.0711581 36.0035 0.351046</i>
                        <i>0.965398 0.00124378 0.260778 -0.00142018 0.999999 0.000487998 -0.260777 -0.000841464 0.965399 -0.0532657 36.0033 0.486116</i>
                        <i>0.970836 0.00163272 0.23974 -0.00190465 0.999998 0.000902615 -0.239738 -0.00133291 0.970837 -0.0516877 36.003 0.628551</i>
                        <i>0.976483 0.00219133 0.215585 -0.00245401 0.999997 0.000950764 -0.215582 -0.00145745 0.976485 -0.0520824 36.0028 0.768721</i>
                        <i>0.982063 0.00226374 0.188539 -0.00246285 0.999997 0.000821779 -0.188536 -0.00127138 0.982065 -0.0524578 36.0028 0.918176</i>
                        <i>0.987302 0.00218025 0.158842 -0.00237391 0.999997 0.00102942 -0.158839 -0.00139342 0.987303 -0.0551641 36.0024 1.09379</i>
                        <i>0.991932 0.00217665 0.126749 -0.00240448 0.999996 0.00164449 -0.126745 -0.00193599 0.991933 -0.0515612 36.0014 1.29369</i>
                        <i>0.995708 0.00182691 0.0925296 -0.00199677 0.999996 0.00174324 -0.092526 -0.00192052 0.995708 -0.038482 36.001 1.4769</i>
                        <i>0.998404 0.000807973 0.0564715 -0.000901768 0.999998 0.00163546 -0.0564701 -0.00168377 0.998403 -0.00864499 36.0009 1.64316</i>
                        <i>0.999822 -0.000388168 0.0188768 0.000371236 1 0.00090048 -0.0188771 -0.000893312 0.999821 0.0266019 36.002 1.80295</i>
                        <i>0.9998 -0.00168028 -0.0199384 0.00169116 0.999998 0.000528648 0.0199375 -0.000562262 0.999801 0.0588015 36.0025 1.99018</i>
                        <i>0.998218 -0.00171432 -0.0596468 0.0017662 0.999998 0.000817109 0.0596453 -0.000921001 0.998219 0.0555661 36.0018 2.19834</i>
                        <i>0.994996 -0.000646471 -0.0999133 0.000719993 1 0.000699802 0.0999128 -0.000768237 0.994996 0.0299916 36.0019 2.37998</i>
                        <i>0.990095 0.000435998 -0.140399 -0.000364716 1 0.000533438 0.1404 -0.000476948 0.990095 -2.42922e-005 35.9962 2.56008</i>
                        <i>0.983526 0.000435466 -0.180768 -0.000269026 1 0.000945251 0.180768 -0.000881048 0.983525 0.00871084 35.9779 2.76009</i>
                        <i>0.975345 0.000248657 -0.220685 -8.14482e-005 1 0.000766781 0.220685 -0.000729902 0.975345 0.016821 35.9519 2.94078</i>
                        <i>0.965654 0.000122788 -0.25983 1.32404e-006 1 0.000477492 0.25983 -0.000461437 0.965654 0.0239277 35.9186 3.11279</i>
                        <i>0.954599 6.96828e-005 -0.297893 -9.76709e-005 1 -7.90678e-005 0.297893 0.000104574 0.954599 0.0249708 35.8804 3.26744</i>
                        <i>0.942366 0.000146178 -0.334584 -0.000198315 1 -0.000121666 0.334584 0.000181007 0.942366 0.0129497 35.8363 3.43048</i>
                        <i>0.929177 0.000333237 -0.369634 -0.000540317 1 -0.000456703 0.369634 0.000624077 0.929177 -0.00384498 35.7907 3.56988</i>
                        <i>0.91529 -0.00021692 -0.402795 -2.9792e-005 1 -0.000606234 0.402795 0.00056688 0.91529 0.00244738 35.7436 3.69767</i>
                        <i>0.900987 -0.00109248 -0.433844 0.000702729 0.999999 -0.00105875 0.433845 0.000649043 0.900988 0.0117079 35.6984 3.82247</i>
                        <i>0.88573 -0.00114271 -0.464199 0.000492192 0.999999 -0.00152255 0.4642 0.00112009 0.88573 0.00494043 35.6389 3.93406</i>
                        <i>0.86875 -0.00127213 -0.495249 0.000910613 0.999999 -0.000971297 0.49525 0.000392833 0.86875 0.0141835 35.5545 4.04481</i>
                        <i>0.85002 -0.000867805 -0.526749 0.00108558 0.999999 0.000104337 0.526749 -0.000660516 0.850021 0.0296753 35.462 4.14116</i>
                        <i>0.829537 0.000709946 -0.558451 -0.000425398 1 0.00063938 0.558452 -0.000292825 0.829537 0.000972113 35.3809 4.19498</i>
                        <i>0.807317 0.00188092 -0.590115 -0.00199635 0.999998 0.000456244 0.590115 0.000809741 0.807319 -0.0386513 35.3269 4.21249</i>
                        <i>0.783407 0.00188091 -0.621506 -0.00270124 0.999996 -0.000378544 0.621503 0.00197539 0.78341 -0.0582686 35.2703 4.2082</i>
                        <i>0.757878 0.000837081 -0.652396 -0.00187702 0.999998 -0.000897415 0.652394 0.00190469 0.757877 -0.0428227 35.4604 4.21768</i>
                        <i>0.730817 0.000147493 -0.682574 -0.00162395 0.999997 -0.00152264 0.682572 0.00222124 0.730815 -0.0416599 35.6407 4.21604</i>
                        <i>0.702343 -0.000356224 -0.711839 -0.00153288 0.999997 -0.00201285 0.711837 0.00250487 0.70234 -0.0411485 35.7219 4.21096</i>
                        <i>0.672595 -0.000925922 -0.74001 -0.000929428 0.999997 -0.00209598 0.74001 0.00209753 0.672593 -0.0293348 35.3831 4.21592</i>
                        <i>0.641735 -0.0013836 -0.766925 -0.000427646 0.999998 -0.00216192 0.766926 0.00171536 0.641733 -0.0138989 35.5338 4.22723</i>
                        <i>0.609942 -0.00156048 -0.792444 -6.59477e-005 0.999998 -0.00201995 0.792446 0.00128432 0.609941 -0.00296032 35.9621 4.24869</i>
                        <i>0.577415 -0.00176165 -0.816449 8.15204e-005 0.999998 -0.00210004 0.816451 0.00114604 0.577414 0.00402545 35.5942 4.26371</i>
                        <i>0.544365 -0.0019404 -0.838846 0.000261531 0.999998 -0.00214346 0.838849 0.000947439 0.544364 0.0135497 35.5161 4.27436</i>
                        <i>0.511016 -0.00161198 -0.85957 0.000166054 0.999998 -0.00177661 0.859571 0.00076514 0.511015 0.00997611 35.2523 4.29213</i>
                        <i>0.4776 -0.000882548 -0.878577 0.000146122 1 -0.000925087 0.878577 0.000313442 0.4776 0.010431 35.5712 4.31838</i>
                        <i>0.444358 -0.00035065 -0.895849 0.000174622 1 -0.0003048 0.895849 -2.09947e-005 0.444358 0.00824836 35.4694 4.33173</i>
                        <i>0.411532 -0.000421685 -0.911395 0.000400199 1 -0.000281975 0.911395 -0.000248698 0.411532 0.00667608 35.7728 4.33045</i>
                        <i>0.379367 -0.000798639 -0.925246 0.000518291 1 -0.000650655 0.925246 -0.00023271 0.379367 0.00734782 35.7272 4.31867</i>
                        <i>0.348105 -0.00170012 -0.937454 0.000619578 0.999999 -0.00158348 0.937455 -2.96082e-005 0.348106 0.0127994 35.6281 4.28484</i>
                        <i>0.317989 -0.00144134 -0.948093 0.000277048 0.999999 -0.00142733 0.948094 0.000191209 0.317989 0.00558247 35.6179 4.28132</i>
                        <i>0.289254 -0.000431941 -0.957252 -0.000654356 1 -0.000648957 0.957252 0.000814097 0.289253 -0.0177001 35.6081 4.30819</i>
                        <i>0.262126 0.000320441 -0.965033 -0.00135853 0.999999 -3.69586e-005 0.965033 0.00132072 0.262127 -0.0392168 35.6017 4.33289</i>
                        <i>0.236831 0.00065033 -0.971551 -0.00105231 0.999999 0.000412854 0.97155 0.000924599 0.236832 -0.037745 35.5984 4.35137</i>
                        <i>0.213583 0.000698448 -0.976925 -0.000202958 1 0.000670573 0.976925 5.50511e-005 0.213584 -0.0184296 35.5982 4.36003</i>
                        <i>0.192589 0.00116033 -0.981279 0.000284842 0.999999 0.00123837 0.981279 -0.000518006 0.192589 -0.00284198 35.5985 4.37424</i>
                        <i>0.174687 0.00128281 -0.984623 0.000428932 0.999999 0.00137894 0.984624 -0.00066322 0.174687 0.012124 35.6023 4.37458</i>
                        <i>0.160413 0.000683518 -0.98705 0.000226432 1 0.000729285 0.98705 -0.000340487 0.160413 0.0125922 35.6109 4.35679</i>
                        <i>0.149498 8.77314e-005 -0.988762 -0.000457382 1 1.95735e-005 0.988762 0.000449316 0.149499 -0.00571726 35.6208 4.33686</i>
                        <i>0.141663 0.000146441 -0.989915 -0.000776299 1 3.68398e-005 0.989915 0.000763251 0.141663 -0.0215052 35.6283 4.33181</i>
                        <i>0.136617 0.000268688 -0.990624 -0.000374316 1 0.00021961 0.990624 0.000340804 0.136617 -0.0211777 35.6357 4.33793</i>
                        <i>0.134068 0.000300042 -0.990972 -0.000440581 1 0.000243169 0.990972 0.000404003 0.134068 -0.0198632 35.6439 4.3417</i>
                        <i>0.133718 0.000285043 -0.991019 -0.000110449 1 0.000272724 0.991019 7.2989e-005 0.133718 -0.0109453 35.6521 4.34101</i>
                        <i>0.135267 -0.000188339 -0.990809 0.00039441 1 -0.00013624 0.990809 -0.000372356 0.135268 0.00447354 35.6619 4.32116</i>
                        <i>0.138416 -0.000122291 -0.990374 0.000119562 1 -0.00010677 0.990374 -0.000103633 0.138416 0.00541065 35.6692 4.315</i>
                        <i>0.142861 0.000700347 -0.989742 0.000411602 1 0.000767016 0.989743 -0.000516957 0.142861 0.0187312 35.6719 4.34179</i>
                        <i>0.148302 0.00078126 -0.988942 0.000600184 0.999999 0.000879999 0.988942 -0.000724053 0.148301 0.0327128 35.6779 4.33693</i>
                        <i>0.154436 0.000523074 -0.988003 0.00112704 0.999999 0.000705595 0.988002 -0.00122249 0.154435 0.0579894 35.6853 4.31409</i>
                        <i>0.160961 0.000679316 -0.98696 0.000768431 0.999999 0.000813612 0.98696 -0.000889372 0.160961 0.0529524 35.6917 4.3069</i>
                        <i>0.167579 0.00145877 -0.985858 -0.000362462 0.999999 0.00141808 0.985859 0.000119696 0.167579 0.0221459 35.6963 4.32499</i>
                        <i>0.17399 0.00208222 -0.984745 -0.00052743 0.999998 0.00202128 0.984747 0.000167701 0.173991 0.0142172 35.701 4.33784</i>
                        <i>0.1799 0.00197391 -0.983683 -0.000111335 0.999998 0.00198629 0.983685 -0.000247815 0.1799 0.0300713 35.7087 4.33091</i>
                        <i>0.185009 0.00162504 -0.982736 -0.000101867 0.999999 0.00163441 0.982737 -0.000202272 0.185009 0.0328651 35.718 4.30912</i>
                        <i>0.189023 0.000765161 -0.981972 -0.000752537 1 0.00063435 0.981972 0.000619064 0.189023 0.0145942 35.7302 4.26038</i>
                        <i>0.191648 -0.000199841 -0.981464 -0.000910308 1 -0.000381369 0.981463 0.000966523 0.191648 0.00564935 35.7426 4.21637</i>
                        <i>0.192589 -0.000699086 -0.981279 -0.000929109 0.999999 -0.000894773 0.981279 0.00108404 0.192589 -0.0115682 35.753 4.19593</i>
                        <i>0.193474 -0.000259228 -0.981105 -0.00102388 0.999999 -0.00046613 0.981105 0.00109472 0.193474 -0.018878 35.7595 4.21474</i>
                        <i>0.196095 0.000628441 -0.980585 -0.00124076 0.999999 0.000392758 0.980584 0.00113966 0.196096 -0.0205838 35.7643 4.24803</i>
                        <i>0.200403 0.000702944 -0.979713 -0.000712006 1 0.000571856 0.979713 0.00058296 0.200403 -0.00703052 35.7722 4.24654</i>
                        <i>0.206343 0.000664638 -0.978479 0.000204837 1 0.000722453 0.97848 -0.000349502 0.206343 0.0195214 35.7803 4.23273</i>
                        <i>0.213861 -6.33972e-005 -0.976864 0.00113648 0.999999 0.000183905 0.976864 -0.00114951 0.213861 0.0452267 35.7913 4.21545</i>
                        <i>0.222899 0.000181399 -0.974842 0.00171409 0.999998 0.000578009 0.97484 -0.0017998 0.222898 0.0571499 35.7985 4.23163</i>
                        <i>0.233399 0.000624994 -0.972381 0.000793435 0.999999 0.000833193 0.972381 -0.000965987 0.233398 0.0294504 35.8064 4.238</i>
                        <i>0.245299 0.000508778 -0.969447 -0.000554486 1 0.000384511 0.969447 0.000443225 0.245299 -0.00618136 35.8172 4.20942</i>
                        <i>0.258538 0.000375404 -0.966001 -0.00123527 0.999999 5.80098e-005 0.966 0.00117828 0.258539 -0.0297412 35.8276 4.19046</i>
                        <i>0.273052 6.52838e-005 -0.961999 -0.000845685 1 -0.000172175 0.961999 0.000860561 0.273052 -0.0187348 35.8376 4.17276</i>
                        <i>0.288772 -0.000638621 -0.957398 -0.000790812 0.999999 -0.000905564 0.957398 0.00101862 0.288771 -0.0209229 35.8497 4.13096</i>
                        <i>0.305628 -0.0011101 -0.95215 -0.000825317 0.999999 -0.0014308 0.952151 0.00122312 0.305627 -0.0209787 35.8608 4.08295</i>
                        <i>0.323549 -0.00135896 -0.946211 -0.00104012 0.999998 -0.00179187 0.946211 0.00156393 0.323546 -0.0326876 35.8713 4.0279</i>
                        <i>0.342458 -0.00108443 -0.939533 -0.00136253 0.999998 -0.00165086 0.939532 0.00184549 0.342455 -0.0541364 35.8796 3.97825</i>
                        <i>0.362278 -0.00100404 -0.932069 -0.00146591 0.999998 -0.00164699 0.932069 0.001963 0.362276 -0.0625076 35.8885 3.91025</i>
                        <i>0.382929 -0.00106206 -0.923777 -0.000706981 0.999999 -0.00144275 0.923777 0.00120556 0.382928 -0.0474201 35.8966 3.84729</i>
                        <i>0.40433 -0.00115827 -0.914612 -0.000438539 0.999999 -0.00146027 0.914613 0.000991526 0.40433 -0.0394125 35.9054 3.79039</i>
                        <i>0.426396 -0.000795204 -0.904536 -0.000328972 0.999999 -0.00103421 0.904536 0.000738549 0.426396 -0.0307608 35.9125 3.74499</i>
                        <i>0.449039 -0.000271836 -0.893512 0.000591595 1 -6.92474e-006 0.893512 -0.000525488 0.449039 0.000285715 35.9173 3.70986</i>
                        <i>0.472171 0.000262005 -0.881507 0.000569265 1 0.000602146 0.881507 -0.000786127 0.472171 0.0107658 35.9237 3.65172</i>
                        <i>0.495702 0.000242106 -0.868493 -0.000227444 1 0.000148949 0.868493 0.000123699 0.495702 -0.0109023 35.9338 3.55353</i>
                        <i>0.519539 -0.000507353 -0.854447 -0.000733261 0.999999 -0.00103963 0.854446 0.00116666 0.519538 -0.0309249 35.9463 3.43136</i>
                        <i>0.543589 -0.00142886 -0.83935 -0.000238508 0.999998 -0.00185681 0.839351 0.00120953 0.543588 -0.0236098 35.9572 3.32501</i>
                        <i>0.56776 -0.00179936 -0.823192 0.000120334 0.999998 -0.00210283 0.823194 0.00109485 0.567759 -0.0183751 35.9659 3.23363</i>
                        <i>0.591959 -0.00122178 -0.805967 -0.000616599 0.999998 -0.00196879 0.805968 0.0016624 0.591957 -0.0351715 35.9732 3.14399</i>
                        <i>0.616092 -0.000474963 -0.787674 -0.000971287 0.999999 -0.0013627 0.787674 0.00160461 0.616091 -0.0419099 35.9789 3.05899</i>
                        <i>0.640066 -7.97348e-005 -0.76832 -0.000794378 0.999999 -0.000765552 0.76832 0.00110034 0.640066 -0.0302203 35.9845 2.97227</i>
                        <i>0.663792 0.000163102 -0.747917 -0.000356512 1 -9.83372e-005 0.747917 0.000331917 0.663792 -0.00940378 35.9898 2.88844</i>
                        <i>0.68718 0.000149288 -0.726487 0.000156874 1 0.000353879 0.726487 -0.000357146 0.68718 0.0126334 35.9957 2.7954</i>
                        <i>0.710146 -0.000122577 -0.704055 0.000620798 1 0.000452067 0.704054 -0.000758109 0.710146 0.0348389 36.0024 2.69021</i>
                        <i>0.732605 -3.08017e-005 -0.680654 0.000531499 1 0.000526812 0.680654 -0.000747712 0.732604 0.03306 36.0022 2.58424</i>
                        <i>0.754477 0.000463615 -0.656326 0.000140814 1 0.000868252 0.656326 -0.000747497 0.754477 0.0191258 36.0014 2.48829</i>
                        <i>0.775688 0.00119251 -0.631115 -0.000540416 0.999999 0.00122531 0.631116 -0.000609395 0.775688 -0.00646251 36.0007 2.38945</i>
                        <i>0.796168 0.00125059 -0.605074 -0.00085051 0.999999 0.000947717 0.605075 -0.00023992 0.796168 -0.0263406 36.0014 2.27059</i>
                        <i>0.81585 0.00122227 -0.578262 -0.000913932 0.999999 0.000824256 0.578262 -0.000143978 0.815851 -0.0336253 36.0018 2.15404</i>
                        <i>0.834677 0.000594578 -0.55074 -0.000787197 1 -0.000113442 0.55074 0.000528228 0.834677 -0.0250874 36.0038 2.00975</i>
