<?xml version="1.0" encoding="ISO-8859-1" ?>
<Animl Version="1">
    <ModellingPackage><![CDATA[Maya.2010]]></ModellingPackage>
    <SrcFile><![CDATA[anims\bosses\red\~src\boss_beetle\boss_beetle_2to3.mb]]></SrcFile>
    <FramesPerSecond>30</FramesPerSecond>
    <TotalFrames>121</TotalFrames>
    <Skeleton>
        <RefFrame>
            <Name><![CDATA[boss_beetle_torso_ref_frame]]></Name>
            <Exclude>0</Exclude>
            <Additive>0</Additive>
            <IKPriority>0</IKPriority>
            <IKRotLimits>-1e+010 -1e+010 -1e+010 1e+010 1e+010 1e+010</IKRotLimits>
            <IKRotLimitOrder>0</IKRotLimitOrder>
            <KeyFrames count="121">
                <i>1 0 0 0 1 0 0 0 1 0 35.9946 0</i>
                <i>1 0 0 0 1 0 0 0 1 0 35.9946 0</i>
                <i>1 0 0 0 1 0 0 0 1 0 35.9946 0</i>
                <i>1 0 0 0 1 0 0 0 1 0 35.9946 0</i>
                <i>1 0 0 0 1 0 0 0 1 0 35.9946 0</i>
                <i>1 0 0 0 1 0 0 0 1 0 35.9946 0</i>
                <i>1 0 0 0 1 0 0 0 1 0 35.9946 0</i>
                <i>1 0 0 0 1 0 0 0 1 0 35.9946 0</i>
                <i>1 0 0 0 1 0 0 0 1 0 35.9946 0</i>
                <i>1 0 0 0 1 0 0 0 1 0 35.9946 0</i>
                <i>1 0 0 0 1 0 0 0 1 0 35.9946 0</i>
                <i>1 0 0 0 1 0 0 0 1 0 35.9946 0</i>
                <i>1 0 0 0 1 0 0 0 1 0 35.9946 0</i>
                <i>1 0 0 0 1 0 0 0 1 0 35.9946 0</i>
                <i>1 0 0 0 1 0 0 0 1 0 35.9946 0</i>
                <i>1 0 0 0 1 0 0 0 1 0 35.9946 0</i>
                <i>1 0 0 0 1 0 0 0 1 0 35.9946 0</i>
                <i>1 0 0 0 1 0 0 0 1 0 35.9946 0</i>
                <i>1 0 0 0 1 0 0 0 1 0 35.9946 0</i>
                <i>1 0 0 0 1 0 0 0 1 0 35.9946 0</i>
                <i>1 0 0 0 1 0 0 0 1 0 35.9946 0</i>
                <i>1 0 0 0 1 0 0 0 1 0 35.9946 0</i>
                <i>1 0 0 0 1 0 0 0 1 0 35.9946 0</i>
                <i>1 0 0 0 1 0 0 0 1 0 35.9946 0</i>
                <i>1 0 0 0 1 0 0 0 1 0 35.9946 0</i>
                <i>1 0 0 0 1 0 0 0 1 0 35.9946 0</i>
                <i>1 0 0 0 1 0 0 0 1 0 35.9946 0</i>
                <i>1 0 0 0 1 0 0 0 1 0 35.9946 0</i>
                <i>1 0 0 0 1 0 0 0 1 0 35.9946 0</i>
                <i>1 0 0 0 1 0 0 0 1 0 35.9946 0</i>
                <i>1 0 0 0 1 0 0 0 1 0 35.9946 0</i>
                <i>1 0 0 0 1 0 0 0 1 0 35.9946 0</i>
                <i>1 0 0 0 1 0 0 0 1 0 35.9946 0</i>
                <i>1 0 0 0 1 0 0 0 1 0 35.9946 0</i>
                <i>1 0 0 0 1 0 0 0 1 0 35.9946 0</i>
                <i>1 0 0 0 1 0 0 0 1 0 35.9946 0</i>
                <i>1 0 0 0 1 0 0 0 1 0 35.9946 0</i>
                <i>1 0 0 0 1 0 0 0 1 0 35.9946 0</i>
                <i>1 0 0 0 1 0 0 0 1 0 35.9946 0</i>
                <i>1 0 0 0 1 0 0 0 1 0 35.9946 0</i>
                <i>1 0 0 0 1 0 0 0 1 0 35.9946 0</i>
                <i>1 0 0 0 1 0 0 0 1 0 35.9946 0</i>
                <i>1 0 0 0 1 0 0 0 1 0 35.9946 0</i>
                <i>1 0 0 0 1 0 0 0 1 0 35.9946 0</i>
                <i>1 0 0 0 1 0 0 0 1 0 35.9946 0</i>
                <i>1 0 0 0 1 0 0 0 1 0 35.9946 0</i>
                <i>1 0 0 0 1 0 0 0 1 0 35.9946 0</i>
                <i>1 0 0 0 1 0 0 0 1 0 35.9946 0</i>
                <i>1 0 0 0 1 0 0 0 1 0 35.9946 0</i>
                <i>1 0 0 0 1 0 0 0 1 0 35.9946 0</i>
                <i>1 0 0 0 1 0 0 0 1 0 35.9946 0</i>
                <i>1 0 0 0 1 0 0 0 1 0 35.9946 0</i>
                <i>1 0 0 0 1 0 0 0 1 0 35.9946 0</i>
                <i>1 0 0 0 1 0 0 0 1 0 35.9946 0</i>
                <i>1 0 0 0 1 0 0 0 1 0 35.9946 0</i>
                <i>1 0 0 0 1 0 0 0 1 0 35.9946 0</i>
                <i>1 0 0 0 1 0 0 0 1 0 35.9946 0</i>
                <i>1 0 0 0 1 0 0 0 1 0 35.9946 0</i>
                <i>1 0 0 0 1 0 0 0 1 0 35.9946 0</i>
                <i>1 0 0 0 1 0 0 0 1 0 35.9946 0</i>
                <i>1 0 0 0 1 0 0 0 1 0 35.9946 0</i>
                <i>1 0 0 0 1 0 0 0 1 0 35.9946 0</i>
                <i>1 0 0 0 1 0 0 0 1 0 35.9946 0</i>
                <i>1 0 0 0 1 0 0 0 1 0 35.9946 0</i>
                <i>1 0 0 0 1 0 0 0 1 0 35.9946 0</i>
                <i>1 0 0 0 1 0 0 0 1 0 35.9946 0</i>
                <i>1 0 0 0 1 0 0 0 1 0 35.9946 0</i>
                <i>1 0 0 0 1 0 0 0 1 0 35.9946 0</i>
                <i>1 0 0 0 1 0 0 0 1 0 35.9946 0</i>
                <i>1 0 0 0 1 0 0 0 1 0 35.9946 0</i>
                <i>1 0 0 0 1 0 0 0 1 0 35.9946 0</i>
                <i>1 0 0 0 1 0 0 0 1 0 35.9946 0</i>
                <i>1 0 0 0 1 0 0 0 1 0 35.9946 0</i>
                <i>1 0 0 0 1 0 0 0 1 0 35.9946 0</i>
                <i>1 0 0 0 1 0 0 0 1 0 35.9946 0</i>
                <i>1 0 0 0 1 0 0 0 1 0 35.9946 0</i>
                <i>1 0 0 0 1 0 0 0 1 0 35.9946 0</i>
                <i>1 0 0 0 1 0 0 0 1 0 35.9946 0</i>
                <i>1 0 0 0 1 0 0 0 1 0 35.9946 0</i>
                <i>1 0 0 0 1 0 0 0 1 0 35.9946 0</i>
                <i>1 0 0 0 1 0 0 0 1 0 35.9946 0</i>
                <i>1 0 0 0 1 0 0 0 1 0 35.9946 0</i>
                <i>1 0 0 0 1 0 0 0 1 0 35.9946 0</i>
                <i>1 0 0 0 1 0 0 0 1 0 35.9946 0</i>
                <i>1 0 0 0 1 0 0 0 1 0 35.9946 0</i>
                <i>1 0 0 0 1 0 0 0 1 0 35.9946 0</i>
                <i>1 0 0 0 1 0 0 0 1 0 35.9946 0</i>
                <i>1 0 0 0 1 0 0 0 1 0 35.9946 0</i>
                <i>1 0 0 0 1 0 0 0 1 0 35.9946 0</i>
                <i>1 0 0 0 1 0 0 0 1 0 35.9946 0</i>
                <i>1 0 0 0 1 0 0 0 1 0 35.9946 0</i>
                <i>1 0 0 0 1 0 0 0 1 0 35.9946 0</i>
                <i>1 0 0 0 1 0 0 0 1 0 35.9946 0</i>
                <i>1 0 0 0 1 0 0 0 1 0 35.9946 0</i>
                <i>1 0 0 0 1 0 0 0 1 0 35.9946 0</i>
                <i>1 0 0 0 1 0 0 0 1 0 35.9946 0</i>
                <i>1 0 0 0 1 0 0 0 1 0 35.9946 0</i>
                <i>1 0 0 0 1 0 0 0 1 0 35.9946 0</i>
                <i>1 0 0 0 1 0 0 0 1 0 35.9946 0</i>
                <i>1 0 0 0 1 0 0 0 1 0 35.9946 0</i>
                <i>1 0 0 0 1 0 0 0 1 0 35.9946 0</i>
                <i>1 0 0 0 1 0 0 0 1 0 35.9946 0</i>
                <i>1 0 0 0 1 0 0 0 1 0 35.9946 0</i>
                <i>1 0 0 0 1 0 0 0 1 0 35.9946 0</i>
                <i>1 0 0 0 1 0 0 0 1 0 35.9946 0</i>
                <i>1 0 0 0 1 0 0 0 1 0 35.9946 0</i>
                <i>1 0 0 0 1 0 0 0 1 0 35.9946 0</i>
                <i>1 0 0 0 1 0 0 0 1 0 35.9946 0</i>
                <i>1 0 0 0 1 0 0 0 1 0 35.9946 0</i>
                <i>1 0 0 0 1 0 0 0 1 0 35.9946 0</i>
                <i>1 0 0 0 1 0 0 0 1 0 35.9946 0</i>
                <i>1 0 0 0 1 0 0 0 1 0 35.9946 0</i>
                <i>1 0 0 0 1 0 0 0 1 0 35.9946 0</i>
                <i>1 0 0 0 1 0 0 0 1 0 35.9946 0</i>
                <i>1 0 0 0 1 0 0 0 1 0 35.9946 0</i>
                <i>1 0 0 0 1 0 0 0 1 0 35.9946 0</i>
                <i>1 0 0 0 1 0 0 0 1 0 35.9946 0</i>
                <i>1 0 0 0 1 0 0 0 1 0 35.9946 0</i>
                <i>1 0 0 0 1 0 0 0 1 0 35.9946 0</i>
                <i>1 0 0 0 1 0 0 0 1 0 35.9946 0</i>
                <i>1 0 0 0 1 0 0 0 1 0 35.9946 0</i>
            </KeyFrames>
        </RefFrame>
        <Bones count="19">
            <i>
                <p>
                    <Name><![CDATA[boss_beetle_torso_root]]></Name>
                    <Exclude>0</Exclude>
                    <Additive>0</Additive>
                    <IKPriority>0</IKPriority>
                    <IKRotLimits>-1e+010 -1e+010 -1e+010 1e+010 1e+010 1e+010</IKRotLimits>
                    <IKRotLimitOrder>0</IKRotLimitOrder>
                    <KeyFrames count="121">
                        <i>0.999984 0.00569506 -1.08541e-005 -0.00569506 0.999975 -0.00415852 -1.28292e-005 0.00415852 0.999991 -0.112544 35.965 -0.115379</i>
                        <i>0.999967 -0.00250139 0.00779189 0.00245419 0.999979 0.006061 -0.00780689 -0.00604167 0.999951 0.0609075 37.2635 0.062374</i>
                        <i>0.999784 -0.0118807 0.0170681 0.0115425 0.999738 0.0197815 -0.0172987 -0.0195803 0.999659 0.238657 38.2139 0.333516</i>
                        <i>0.9994 -0.0225952 0.0262548 0.0217275 0.999223 0.0328764 -0.0269773 -0.0322862 0.999115 0.437664 38.4546 0.613938</i>
                        <i>0.998917 -0.0318633 0.0339192 0.0305814 0.998822 0.0376623 -0.0350793 -0.0365842 0.998715 0.603142 38.3893 0.715774</i>
                        <i>0.998502 -0.0387648 0.0386044 0.0373714 0.998646 0.0361849 -0.0399548 -0.0346881 0.998599 0.730322 38.127 0.691089</i>
                        <i>0.998381 -0.0416089 0.0387828 0.040345 0.998647 0.0328215 -0.040096 -0.0312036 0.998708 0.785774 37.7102 0.631418</i>
                        <i>0.998815 -0.0382242 0.0301246 0.0374435 0.998959 0.0260648 -0.0310895 -0.0249059 0.999206 0.722796 37.1623 0.490374</i>
                        <i>0.999448 -0.0305134 0.013136 0.0302713 0.999375 0.0182445 -0.0136845 -0.0178367 0.999747 0.57832 36.5553 0.331973</i>
                        <i>0.99975 -0.021445 -0.00631564 0.0215181 0.9997 0.0117421 0.00606194 -0.011875 0.999911 0.413003 35.973 0.218803</i>
                        <i>0.999682 -0.0118351 -0.0222721 0.0119495 0.999916 0.00501201 0.0222109 -0.00527655 0.999739 0.233777 36.1118 0.103412</i>
                        <i>0.999579 -0.00350932 -0.0288045 0.0034502 0.999992 -0.00210179 0.0288117 0.00200152 0.999583 0.0707577 36.2718 -0.0259229</i>
                        <i>0.99998 0.00268999 0.00577454 -0.00263646 0.999954 -0.00925707 -0.00579918 0.00924166 0.99994 -0.055925 36.4341 -0.164312</i>
                        <i>0.999164 -0.00754396 0.0401695 0.00742565 0.999968 0.00309362 -0.0401915 -0.00279275 0.999188 0.128649 36.5861 0.082567</i>
                        <i>0.999155 -0.0180328 0.0369319 0.0174841 0.999733 0.0151265 -0.0371948 -0.014468 0.999203 0.319456 36.7095 0.321474</i>
                        <i>0.999555 -0.00708636 0.0289599 0.00645104 0.999738 0.021973 -0.029108 -0.0217764 0.999339 0.113804 36.7963 0.465971</i>
                        <i>0.99979 0.0101385 0.0178289 -0.0105118 0.999725 0.0209736 -0.0176114 -0.0211566 0.999621 -0.201877 36.8273 0.443634</i>
                        <i>0.999769 0.0209187 0.00498377 -0.0209999 0.999638 0.0168406 -0.00462968 -0.0169414 0.999846 -0.403904 36.7865 0.351755</i>
                        <i>0.999791 0.0188187 -0.00796177 -0.0187249 0.999756 0.0116993 0.00817999 -0.0115478 0.9999 -0.356591 36.6714 0.244114</i>
                        <i>0.999753 0.0109949 -0.0193202 -0.0108562 0.999915 0.00726642 0.0193984 -0.00705488 0.999787 -0.200635 36.5074 0.16288</i>
                        <i>0.999622 0.000523527 -0.0274731 -0.000452709 0.999997 0.00258388 0.0274743 -0.00257047 0.999619 0.00622061 36.3235 0.0749075</i>
                        <i>0.999494 -0.00791823 -0.0308008 0.00784155 0.999966 -0.00260965 0.0308204 0.0023668 0.999522 0.162729 36.1401 -0.0332204</i>
                        <i>0.999536 -0.00780537 -0.0294509 0.00781639 0.999969 0.000259253 0.029448 -0.000489333 0.999566 0.166614 35.98 0.0266102</i>
                        <i>0.999664 -0.00653345 -0.0250793 0.00662055 0.999972 0.00339161 0.0250564 -0.00355651 0.99968 0.138589 36.063 0.0936562</i>
                        <i>0.99982 -0.0047306 -0.0183987 0.00485948 0.999964 0.00696687 0.0183651 -0.00705502 0.999806 0.0947838 36.1496 0.173072</i>
                        <i>0.999943 -0.00334462 -0.0101192 0.00344042 0.999949 0.00946491 0.010087 -0.00949918 0.999904 0.0603514 36.2302 0.222497</i>
                        <i>0.999996 -0.00252903 -0.000951175 0.00253451 0.99998 0.00579718 0.000936494 -0.00579957 0.999983 0.0400885 36.2954 0.145773</i>
                        <i>0.999962 -0.00232736 0.00838399 0.00231086 0.999995 0.00197708 -0.00838855 -0.00195763 0.999963 0.0387587 36.3207 0.0644264</i>
                        <i>0.999851 -0.00185019 0.0171718 0.00189019 0.999996 -0.00231342 -0.0171674 0.00234553 0.99985 0.0318127 36.2834 -0.0302906</i>
                        <i>0.99969 -0.00304924 0.0246961 0.00318124 0.999981 -0.00530766 -0.0246794 0.00538458 0.999681 0.0724265 36.1876 -0.0889093</i>
                        <i>0.999536 -0.00362813 0.0302432 0.00366295 0.999993 -0.00109581 -0.030239 0.00120608 0.999542 0.0902319 36.0738 0.0176823</i>
                        <i>0.999446 -0.00348857 0.0331054 0.00338475 0.999989 0.00319142 -0.0331162 -0.00307759 0.999447 0.0867478 35.9637 0.125722</i>
                        <i>0.999425 -0.002389 0.0338139 0.0021865 0.999979 0.00602452 -0.0338276 -0.00594712 0.99941 0.0577442 36.0242 0.193389</i>
                        <i>0.999439 -0.00103462 0.0334705 0.000767184 0.999968 0.00800197 -0.0334777 -0.0079718 0.999408 0.0222333 36.0966 0.237131</i>
                        <i>0.999481 -0.000185021 0.0322189 -0.00010538 0.999959 0.00901145 -0.0322193 -0.00901017 0.99944 0.000108697 36.1509 0.253649</i>
                        <i>0.999544 -0.000564621 0.0302039 0.000384656 0.999982 0.0059638 -0.0302067 -0.00594946 0.999526 0.0136415 36.1745 0.171297</i>
                        <i>0.99962 -0.000720386 0.0275705 0.000668769 0.999998 0.00188135 -0.0275718 -0.0018622 0.999618 0.020539 36.1543 0.0596684</i>
                        <i>0.999701 -0.00050993 0.0244643 0.0005078 1 9.32786e-005 -0.0244644 -8.08277e-005 0.999701 0.0155101 36.105 0.0116044</i>
                        <i>0.999779 -9.62874e-005 0.0210303 0.000101891 1 -0.000265376 -0.0210303 0.000267461 0.999779 0.00437425 36.043 0.0029643</i>
                        <i>0.999848 -0.000368519 0.0174135 0.00036532 1 0.000186865 -0.0174136 -0.000180475 0.999848 0.0118328 35.9846 0.0122561</i>
                        <i>0.999905 -0.000966878 0.013759 0.000948351 0.999999 0.00135304 -0.0137603 -0.00133986 0.999904 0.0281033 35.9356 0.0408573</i>
                        <i>0.999947 -0.00105185 0.0102119 0.00102278 0.999995 0.00285163 -0.0102148 -0.00284104 0.999944 0.0302241 35.8828 0.0780908</i>
                        <i>0.999976 -0.00045455 0.0069173 0.000427393 0.999992 0.0039268 -0.00691904 -0.00392374 0.999968 0.0138225 35.8288 0.103028</i>
                        <i>0.999992 0.000632585 0.00402035 -0.000647584 0.999993 0.00373063 -0.00401796 -0.0037332 0.999985 -0.0157503 35.7739 0.0923882</i>
                        <i>0.999998 0.00111437 0.00166625 -0.00111974 0.999994 0.00322567 -0.00166264 -0.00322753 0.999993 -0.0286677 35.7195 0.072839</i>
                        <i>0.999999 0.00157023 1.74356e-007 -0.00157022 0.999995 0.00268317 4.03882e-006 -0.00268316 0.999996 -0.0409737 35.6718 0.0518638</i>
                        <i>0.999999 0.00131921 -0.00107002 -0.0013135 0.999985 0.00531121 0.00107701 -0.0053098 0.999985 -0.0339691 35.638 0.0456031</i>
                        <i>0.999996 0.0019905 -0.00176872 -0.00197215 0.999945 0.0103131 0.00178915 -0.0103095 0.999945 -0.0522694 35.6141 0.0469334</i>
                        <i>0.999995 0.00226303 -0.00214894 -0.0022343 0.999909 0.0132766 0.00217879 -0.0132717 0.99991 -0.0596477 35.6091 0.0647065</i>
                        <i>0.999993 0.00286204 -0.00226396 -0.00283787 0.99994 0.010607 0.00229418 -0.0106005 0.999941 -0.0760588 35.6093 0.0549901</i>
                        <i>0.999993 0.00293909 -0.00216687 -0.00292931 0.999986 0.00450272 0.00218007 -0.00449634 0.999988 -0.0782835 35.6091 0.00994471</i>
                        <i>0.999995 0.0025971 -0.00191053 -0.00259936 0.999996 -0.00118628 0.00190744 0.00119124 0.999997 -0.0689994 35.6159 -0.0191383</i>
                        <i>0.999998 0.00150112 -0.00154802 -0.00150866 0.999987 -0.00488074 0.00154068 0.00488307 0.999987 -0.0390383 35.6296 -0.0431189</i>
                        <i>0.999999 -0.00058432 -0.00113226 0.000579409 0.99999 -0.00433288 0.00113478 0.00433222 0.99999 0.0181169 35.6418 -0.0263165</i>
                        <i>1 -0.000527423 -0.000716459 0.000526066 0.999998 -0.00189247 0.000717456 0.00189209 0.999998 0.0165849 35.6532 -0.00039158</i>
                        <i>1 -0.000198991 -0.000353686 0.000199407 0.999999 0.0011767 0.000353451 -0.00117677 0.999999 0.00758976 35.6636 0.033804</i>
                        <i>1 0.000330524 -9.71641e-005 -0.000330291 0.999997 0.00238197 9.79511e-005 -0.00238193 0.999997 -0.00694902 35.6776 0.0417001</i>
                        <i>1 0.000149634 1.08741e-007 -0.000149634 0.999997 0.00231141 2.37125e-007 -0.00231141 0.999997 -0.00199233 35.696 0.038331</i>
                        <i>0.999999 -0.00104526 1.76895e-007 0.00104525 0.999995 0.00290723 -3.2157e-006 -0.00290723 0.999996 0.0308323 35.7111 0.0533822</i>
                        <i>0.999999 -0.00155243 2.01338e-007 0.00155242 0.999994 0.0031456 -5.08467e-006 -0.0031456 0.999995 0.0447944 35.7295 0.0587267</i>
                        <i>0.999999 -0.00144375 2.51616e-007 0.00144374 0.999992 0.00359056 -5.43547e-006 -0.00359056 0.999994 0.0418352 35.7473 0.069843</i>
                        <i>0.999999 -0.00147188 3.22708e-007 0.00147187 0.99999 0.00420246 -6.50823e-006 -0.00420245 0.999991 0.0426391 35.7689 0.0856337</i>
                        <i>0.999999 -0.00125339 1.18159e-007 0.00125338 0.999996 0.00258224 -3.35471e-006 -0.00258224 0.999997 0.0366515 35.7846 0.0400083</i>
                        <i>1 -0.000956078 -1.23441e-007 0.000956078 0.999999 0.000662497 -5.09958e-007 -0.000662497 1 0.0284833 35.8019 -0.0139109</i>
                        <i>1 7.76336e-005 -2.50593e-007 -7.76337e-005 1 -0.000350667 2.23369e-007 0.000350667 1 -2.93442e-005 35.8276 -0.0428479</i>
                        <i>1 0.000939558 -1.1251e-007 -0.000939557 0.999999 0.000797548 8.61853e-007 -0.000797547 1 -0.0238474 35.8474 -0.0120694</i>
                        <i>0.999999 0.00171719 6.65912e-008 -0.00171718 0.999996 0.00231563 3.90978e-006 -0.00231563 0.999997 -0.0453758 35.868 0.0290726</i>
                        <i>0.999998 0.00199805 4.23516e-022 -0.00199805 0.999996 0.00172871 3.45404e-006 -0.0017287 0.999999 -0.053206 35.8854 0.0121952</i>
                        <i>0.999998 0.00187549 5.40411e-008 -0.00187548 0.999996 0.00226758 4.19877e-006 -0.00226758 0.999997 -0.0498892 35.9027 0.0265553</i>
                        <i>0.999997 0.00247364 2.2222e-008 -0.00247364 0.999995 0.00200596 4.9398e-006 -0.00200595 0.999998 -0.0665167 35.922 0.0189052</i>
                        <i>0.999997 0.00224152 -1.54214e-007 -0.00224152 0.999997 0.00041336 1.08077e-006 -0.000413358 1 -0.0601678 35.9416 -0.0254804</i>
                        <i>0.999999 0.00126692 -1.59768e-007 -0.00126692 0.999999 0.000332311 5.80778e-007 -0.000332311 1 -0.033232 35.9538 -0.0278848</i>
                        <i>1 -7.66041e-005 0 7.66039e-005 0.999998 0.00178693 -1.36886e-007 -0.00178693 0.999998 0.00396526 35.9669 0.0124104</i>
                        <i>1 -7.47864e-005 7.43696e-008 7.4786e-005 0.999997 0.0025128 -2.62293e-007 -0.0025128 0.999997 0.00388013 35.9811 0.0326208</i>
                        <i>1 -0.000549652 7.22962e-008 0.00054965 0.999997 0.00249371 -1.44297e-006 -0.00249371 0.999997 0.0170236 35.9956 0.0322585</i>
                        <i>1 -2.38786e-005 4.8934e-008 2.38785e-005 0.999997 0.00225697 -1.02827e-007 -0.00225697 0.999997 0.0023956 36.0071 0.025932</i>
                        <i>0.999999 0.00105557 1.10581e-007 -0.00105557 0.999995 0.00288216 2.93176e-006 -0.00288216 0.999996 -0.0276196 36.0146 0.0436126</i>
                        <i>0.999998 0.00175955 1.27483e-007 -0.00175954 0.999994 0.00306326 5.26248e-006 -0.00306326 0.999995 -0.0472177 36.0213 0.049034</i>
                        <i>0.999999 0.001712 1.38916e-007 -0.00171199 0.999993 0.00319257 5.32677e-006 -0.00319257 0.999995 -0.0459407 36.023 0.053081</i>
                        <i>1 0.000885025 3.89329e-008 -0.000885023 0.999997 0.00209742 1.81733e-006 -0.00209742 0.999998 -0.0230062 36.0262 0.0231686</i>
                        <i>1 9.08728e-005 0 -9.08727e-005 0.999999 0.00144664 1.3146e-007 -0.00144664 0.999999 -0.000981495 36.0273 0.00565638</i>
                        <i>0.999997 -0.00241444 8.35041e-008 0.00241444 0.999994 0.00257421 -6.2988e-006 -0.00257421 0.999997 0.0685785 36.022 0.0376008</i>
                        <i>0.999993 -0.00362015 2.35697e-007 0.00362012 0.999984 0.00437814 -1.60852e-005 -0.00437811 0.99999 0.102025 36.0164 0.0883748</i>
                        <i>0.999995 -0.00327727 1.93668e-007 0.00327725 0.999987 0.0039046 -1.29901e-005 -0.00390457 0.999992 0.0924523 36.0152 0.0759226</i>
                        <i>0.999999 -0.00141706 9.26958e-008 0.00141706 0.999995 0.00266436 -3.86826e-006 -0.00266436 0.999996 0.0407419 36.0148 0.0422183</i>
                        <i>1 0.000367618 0 -0.000367618 0.999999 0.00141207 5.19101e-007 -0.00141207 0.999999 -0.00885911 36.0153 0.00822026</i>
                        <i>0.999999 0.00113676 -5.81179e-008 -0.00113675 0.999999 0.000648824 7.95672e-007 -0.000648824 1 -0.0302525 36.0136 -0.0121631</i>
                        <i>1 0.000173808 -6.47375e-008 -0.000173808 1 0.000495189 1.50806e-007 -0.000495189 1 -0.00355369 36.0073 -0.0155949</i>
                        <i>1 -0.000867698 -8.80495e-008 0.000867698 1 9.8122e-005 2.90928e-009 -9.8122e-005 1 0.0253237 36.0067 -0.0257665</i>
                        <i>0.999999 -0.00134183 -7.00367e-008 0.00134183 0.999999 0.000279088 -3.04453e-007 -0.000279088 1 0.0384488 36.0084 -0.0198494</i>
                        <i>0.999999 -0.00143632 -8.151e-008 0.00143632 0.999999 2.8761e-005 4.01999e-008 -2.87611e-005 1 0.0410342 36.0106 0.203198</i>
                        <i>0.999998 -0.00199481 -1.21241e-007 0.00199481 0.999998 -0.00067734 1.47241e-006 0.000677339 1 0.0565025 36.0094 0.33662</i>
                        <i>0.999997 -0.00246308 0 0.00246307 0.999996 0.00110187 -2.714e-006 -0.00110187 0.999999 0.0694628 36.0079 0.250608</i>
                        <i>0.999998 -0.00207696 1.74125e-007 0.00207694 0.99999 0.00404018 -8.56543e-006 -0.00404017 0.999992 0.0587036 36.0036 0.100119</i>
                        <i>1 -0.000740219 2.86321e-007 0.000740204 0.999981 0.00605815 -4.77067e-006 -0.00605815 0.999982 0.0215533 35.9986 0.0107375</i>
                        <i>1 0.000834579 3.4531e-007 -0.000834559 0.999973 0.00727824 5.72896e-006 -0.00727823 0.999974 -0.0222067 36.0047 0.0530801</i>
                        <i>0.999999 0.00151117 3.84786e-007 -0.00151112 0.999965 0.0082358 1.20609e-005 -0.00823579 0.999966 -0.0410287 36.0049 0.153593</i>
                        <i>0.999998 0.00177812 3.51037e-007 -0.00177807 0.999968 0.00784053 1.35904e-005 -0.00784052 0.999969 -0.0484776 36.0054 0.231858</i>
                        <i>0.999999 0.00115829 1.91078e-007 -0.00115827 0.999988 0.00481883 5.39051e-006 -0.00481883 0.999988 -0.0313087 36.0056 0.202373</i>
                        <i>0.999999 0.00139049 9.5596e-008 -0.00139049 0.999995 0.00290239 3.94016e-006 -0.00290239 0.999996 -0.0377944 36.0066 0.137008</i>
                        <i>0.999999 0.00120378 8.97454e-008 -0.00120377 0.999995 0.00282596 3.31209e-006 -0.00282596 0.999996 -0.0326493 36.0091 0.0905059</i>
                        <i>0.999999 0.00141988 1.04472e-007 -0.00141987 0.999994 0.00323639 4.4908e-006 -0.00323638 0.999995 -0.0386873 36.0116 0.0742652</i>
                        <i>0.999999 0.00148068 1.22214e-007 -0.00148067 0.999992 0.00377359 5.46525e-006 -0.00377358 0.999993 -0.0404138 36.0083 0.086642</i>
                        <i>0.999999 0.00144504 1.63708e-007 -0.00144503 0.999986 0.00501171 7.07843e-006 -0.00501171 0.999987 -0.0394628 36.0068 0.11924</i>
                        <i>1 0.000720675 1.78451e-007 -0.000720665 0.999984 0.00565461 3.89669e-006 -0.0056546 0.999984 -0.0193909 36.0067 0.136004</i>
                        <i>0.999999 -0.0011645 1.66054e-007 0.00116448 0.999984 0.00557153 -6.65409e-006 -0.00557152 0.999985 0.0329078 36.0084 0.133237</i>
                        <i>0.999999 -0.00133492 1.00562e-007 0.00133491 0.999992 0.00376842 -5.13108e-006 -0.00376841 0.999993 0.0376007 36.0074 0.0832728</i>
                        <i>0.999999 -0.0011232 5.24576e-008 0.0011232 0.999997 0.00230041 -2.63629e-006 -0.00230041 0.999997 0.0316845 36.0041 0.0430992</i>
                        <i>1 -0.000405947 0 0.000405947 1 0.000262062 -1.06383e-007 -0.000262062 1 0.0117329 36.0049 -0.0124899</i>
                        <i>1 0.000214856 -2.90629e-008 -0.000214856 1 -0.000805898 -1.44089e-007 0.000805898 1 -0.00554089 36.0063 -0.0407879</i>
                        <i>1 5.50192e-005 -3.55561e-008 -5.50192e-005 0.999999 -0.00126089 -3.38169e-008 0.00126089 0.999999 -0.00114193 36.0069 -0.0517862</i>
                        <i>1 0.000145876 0 -0.000145876 1 -0.000577648 -8.42647e-008 0.000577648 1 -0.00370291 36.0091 -0.0309709</i>
                        <i>1 0.000292974 -2.12183e-008 -0.000292974 1 -0.000932829 -2.52076e-007 0.000932829 1 -0.0078253 36.0051 -0.0388399</i>
                        <i>1 -0.00019616 -2.34259e-008 0.00019616 0.999999 -0.00128533 2.75556e-007 0.00128533 0.999999 0.0057158 36.0007 -0.0465578</i>
                        <i>1 -0.00060945 0 0.00060945 0.999999 -0.00137464 8.37776e-007 0.00137464 0.999999 0.0171513 36.0046 -0.0469609</i>
                        <i>1 -0.000620534 -5.29396e-023 0.000620533 0.999999 -0.00153443 9.52164e-007 0.00153443 0.999999 0.0174204 36.0101 -0.0493808</i>
                        <i>1 0.000447515 -2.64698e-023 -0.000447515 1 -0.000818931 -3.66484e-007 0.000818931 1 -0.01227 36.0094 -0.0276293</i>
                        <i>0.999999 0.00140127 0 -0.00140127 0.999999 -0.000406895 -5.70169e-007 0.000406895 1 -0.0387871 36.0075 -0.0144999</i>
                        <i>0.999998 0.0018364 3.30872e-024 -0.0018364 0.999998 2.84844e-005 5.23087e-008 -2.84844e-005 1 -0.0509059 36.0045 -0.000987995</i>
                        <i>0.999999 0.00132469 0 -0.00132469 0.999999 -0.000421021 -5.57722e-007 0.000421021 1 -0.0367381 36.0057 -0.0123768</i>
                        <i>1 1.19218e-005 4.1359e-025 -1.19218e-005 1 -0.000471763 -5.62427e-009 0.000471763 1 -0.000330979 36.0065 -0.0130973</i>
                    </KeyFrames>
                </p>
            </i>
            <i>
                <p>
                    <Name><![CDATA[l_clavicle]]></Name>
                    <Exclude>0</Exclude>
                    <Additive>0</Additive>
                    <IKPriority>0</IKPriority>
                    <IKRotLimits>-1e+010 -1e+010 -1e+010 1e+010 1e+010 1e+010</IKRotLimits>
                    <IKRotLimitOrder>0</IKRotLimitOrder>
                    <KeyFrames count="121">
                        <i>0.999984 0.00569506 -1.08541e-005 -0.00569506 0.999975 -0.00415852 -1.28292e-005 0.00415852 0.999991 12.4123 47.9989 -10.7131</i>
                        <i>0.999967 -0.00250139 0.00779189 0.00245419 0.999979 0.006061 -0.00780689 -0.00604167 0.999951 12.7656 49.3018 -10.3139</i>
                        <i>0.999784 -0.0118807 0.0170681 0.0115425 0.999738 0.0197815 -0.0172987 -0.0195803 0.999659 13.1503 50.2741 -9.75817</i>
                        <i>0.9994 -0.0225952 0.0262548 0.0217275 0.999223 0.0328764 -0.0269773 -0.0322862 0.999115 13.5689 50.5077 -9.19909</i>
                        <i>0.998917 -0.0318633 0.0339192 0.0305814 0.998822 0.0376623 -0.0350793 -0.0365842 0.998715 13.92 50.3662 -8.93906</i>
                        <i>0.998502 -0.0387648 0.0386044 0.0373714 0.998646 0.0361849 -0.0399548 -0.0346881 0.998599 14.1749 49.9948 -8.92126</i>
                        <i>0.998381 -0.0416089 0.0387828 0.040345 0.998647 0.0328215 -0.040096 -0.0312036 0.998708 14.266 49.5054 -9.02022</i>
                        <i>0.998815 -0.0382242 0.0301246 0.0374435 0.998959 0.0260648 -0.0310895 -0.0249059 0.999206 14.0787 48.9376 -9.35668</i>
                        <i>0.999448 -0.0305134 0.013136 0.0302713 0.999375 0.0182445 -0.0136845 -0.0178367 0.999747 13.6725 48.3581 -9.82862</i>
                        <i>0.99975 -0.021445 -0.00631564 0.0215181 0.9997 0.0117421 0.00606194 -0.011875 0.999911 13.1976 47.831 -10.2665</i>
                        <i>0.999682 -0.0118351 -0.0222721 0.0119495 0.999916 0.00501201 0.0222109 -0.00527655 0.999739 12.7323 48.0238 -10.6619</i>
                        <i>0.999579 -0.00350932 -0.0288045 0.0034502 0.999992 -0.00210179 0.0288117 0.00200152 0.999583 12.3963 48.2128 -10.9572</i>
                        <i>0.99998 0.00268999 0.00577454 -0.00263646 0.999954 -0.00925707 -0.00579918 0.00924166 0.99994 12.5667 48.3763 -10.7498</i>
                        <i>0.999164 -0.00754396 0.0401695 0.00742565 0.999968 0.00309362 -0.0401915 -0.00279275 0.999188 13.2245 48.5266 -9.91359</i>
                        <i>0.999155 -0.0180328 0.0369319 0.0174841 0.999733 0.0151265 -0.0371948 -0.014468 0.999203 13.5044 48.6382 -9.57115</i>
                        <i>0.999555 -0.00708636 0.0289599 0.00645104 0.999738 0.021973 -0.029108 -0.0217764 0.999339 13.086 48.94 -9.44627</i>
                        <i>0.99979 0.0101385 0.0178289 -0.0105118 0.999725 0.0209736 -0.0176114 -0.0211566 0.999621 12.4484 49.1812 -9.62376</i>
                        <i>0.999769 0.0209187 0.00498377 -0.0209999 0.999638 0.0168406 -0.00462968 -0.0169414 0.999846 11.9832 49.2307 -9.92939</i>
                        <i>0.999791 0.0188187 -0.00796177 -0.0187249 0.999756 0.0116993 0.00817999 -0.0115478 0.9999 11.923 49.0337 -10.2624</i>
                        <i>0.999753 0.0109949 -0.0193202 -0.0108562 0.999915 0.00726642 0.0193984 -0.00705488 0.999787 12.0546 48.7256 -10.5387</i>
                        <i>0.999622 0.000523527 -0.0274731 -0.000452709 0.999997 0.00258388 0.0274743 -0.00257047 0.999619 12.2996 48.3636 -10.7838</i>
                        <i>0.999494 -0.00791823 -0.0308008 0.00784155 0.999966 -0.00260965 0.0308204 0.0023668 0.999522 12.5188 48.0214 -10.9951</i>
                        <i>0.999536 -0.00780537 -0.0294509 0.00781639 0.999969 0.000259253 0.029448 -0.000489333 0.999566 12.5373 47.8929 -10.8843</i>
                        <i>0.999664 -0.00653345 -0.0250793 0.00662055 0.999972 0.00339161 0.0250564 -0.00355651 0.99968 12.5429 48.0243 -10.7258</i>
                        <i>0.99982 -0.0047306 -0.0183987 0.00485948 0.999964 0.00696687 0.0183651 -0.00705502 0.999806 12.5505 48.1704 -10.5207</i>
                        <i>0.999943 -0.00334462 -0.0101192 0.00344042 0.999949 0.00946491 0.010087 -0.00949918 0.999904 12.5879 48.294 -10.338</i>
                        <i>0.999996 -0.00252903 -0.000951175 0.00253451 0.99998 0.00579718 0.000936494 -0.00579957 0.999983 12.6539 48.3309 -10.3442</i>
                        <i>0.999962 -0.00232736 0.00838399 0.00231086 0.999995 0.00197708 -0.00838855 -0.00195763 0.999963 12.7478 48.3184 -10.3536</i>
                        <i>0.999851 -0.00185019 0.0171718 0.00189019 0.999996 -0.00231342 -0.0171674 0.00234553 0.99985 12.827 48.2417 -10.388</i>
                        <i>0.99969 -0.00304924 0.0246961 0.00318124 0.999981 -0.00530766 -0.0246794 0.00538458 0.999681 12.9604 48.0986 -10.386</i>
                        <i>0.999536 -0.00362813 0.0302432 0.00366295 0.999993 -0.00109581 -0.030239 0.00120608 0.999542 13.0407 48.0217 -10.1575</i>
                        <i>0.999446 -0.00348857 0.0331054 0.00338475 0.999989 0.00319142 -0.0331162 -0.00307759 0.999447 13.063 47.9584 -9.96095</i>
                        <i>0.999425 -0.002389 0.0338139 0.0021865 0.999979 0.00602452 -0.0338276 -0.00594712 0.99941 13.0269 48.063 -9.84996</i>
                        <i>0.999439 -0.00103462 0.0334705 0.000767184 0.999968 0.00800197 -0.0334777 -0.0079718 0.999408 12.9708 48.1736 -9.78678</i>
                        <i>0.999481 -0.000185021 0.0322189 -0.00010538 0.999959 0.00901145 -0.0322193 -0.00901017 0.99944 12.9255 48.2496 -9.77424</i>
                        <i>0.999544 -0.000564621 0.0302039 0.000384656 0.999982 0.0059638 -0.0302067 -0.00594946 0.999526 12.9245 48.2364 -9.91947</i>
                        <i>0.99962 -0.000720386 0.0275705 0.000668769 0.999998 0.00188135 -0.0275718 -0.0018622 0.999618 12.9079 48.1713 -10.1142</i>
                        <i>0.999701 -0.00050993 0.0244643 0.0005078 1 9.32786e-005 -0.0244644 -8.08277e-005 0.999701 12.8692 48.1058 -10.2238</i>
                        <i>0.999779 -9.62874e-005 0.0210303 0.000101891 1 -0.000265376 -0.0210303 0.000267461 0.999779 12.818 48.0454 -10.2808</i>
                        <i>0.999848 -0.000368519 0.0174135 0.00036532 1 0.000186865 -0.0174136 -0.000180475 0.999848 12.7913 47.9883 -10.3123</i>
                        <i>0.999905 -0.000966878 0.013759 0.000948351 0.999999 0.00135304 -0.0137603 -0.00133986 0.999904 12.7768 47.9439 -10.3164</i>
                        <i>0.999947 -0.00105185 0.0102119 0.00102278 0.999995 0.00285163 -0.0102148 -0.00284104 0.999944 12.7429 47.9059 -10.3062</i>
                        <i>0.999976 -0.00045455 0.0069173 0.000427393 0.999992 0.0039268 -0.00691904 -0.00392374 0.999968 12.685 47.8707 -10.3101</i>
                        <i>0.999992 0.000632585 0.00402035 -0.000647584 0.999993 0.00373063 -0.00401796 -0.0037332 0.999985 12.6121 47.8275 -10.3598</i>
                        <i>0.999998 0.00111437 0.00166625 -0.00111974 0.999994 0.00322567 -0.00166264 -0.00322753 0.999993 12.5687 47.7739 -10.4151</i>
                        <i>0.999999 0.00157023 1.74356e-007 -0.00157022 0.999995 0.00268317 4.03882e-006 -0.00268316 0.999996 12.5334 47.7262 -10.4636</i>
                        <i>0.999999 0.00131921 -0.00107002 -0.0013135 0.999985 0.00531121 0.00107701 -0.0053098 0.999985 12.5322 47.7168 -10.4517</i>
                        <i>0.999996 0.0019905 -0.00176872 -0.00197215 0.999945 0.0103131 0.00178915 -0.0103095 0.999945 12.4985 47.7537 -10.3987</i>
                        <i>0.999995 0.00226303 -0.00214894 -0.0022343 0.999909 0.0132766 0.00217879 -0.0132717 0.99991 12.4838 47.7829 -10.3497</i>
                        <i>0.999993 0.00286204 -0.00226396 -0.00283787 0.99994 0.010607 0.00229418 -0.0106005 0.999941 12.4589 47.7628 -10.3933</i>
                        <i>0.999993 0.00293909 -0.00216687 -0.00292931 0.999986 0.00450272 0.00218007 -0.00449634 0.999988 12.4568 47.6998 -10.5109</i>
                        <i>0.999995 0.0025971 -0.00191053 -0.00259936 0.999996 -0.00118628 0.00190744 0.00119124 0.999997 12.4729 47.6424 -10.6051</i>
                        <i>0.999998 0.00150112 -0.00154802 -0.00150866 0.999987 -0.00488074 0.00154068 0.00488307 0.999987 12.5199 47.6032 -10.6688</i>
                        <i>0.999999 -0.00058432 -0.00113226 0.000579409 0.99999 -0.00433288 0.00113478 0.00433222 0.99999 12.6064 47.5951 -10.6402</i>
                        <i>1 -0.000527423 -0.000716459 0.000526066 0.999998 -0.00189247 0.000717456 0.00189209 0.999998 12.6087 47.6329 -10.5798</i>
                        <i>1 -0.000198991 -0.000353686 0.000199407 0.999999 0.0011767 0.000353451 -0.00117677 0.999999 12.5996 47.6799 -10.5042</i>
                        <i>1 0.000330524 -9.71641e-005 -0.000330291 0.999997 0.00238197 9.79511e-005 -0.00238193 0.999997 12.5814 47.7132 -10.4786</i>
                        <i>1 0.000149634 1.08741e-007 -0.000149634 0.999997 0.00231141 2.37125e-007 -0.00231141 0.999997 12.5895 47.7286 -10.4816</i>
                        <i>0.999999 -0.00104526 1.76895e-007 0.00104525 0.999995 0.00290723 -3.2157e-006 -0.00290723 0.999996 12.6367 47.7349 -10.4594</i>
                        <i>0.999999 -0.00155243 2.01338e-007 0.00155242 0.999994 0.0031456 -5.08467e-006 -0.0031456 0.999995 12.6568 47.7495 -10.4512</i>
                        <i>0.999999 -0.00144375 2.51616e-007 0.00144374 0.999992 0.00359056 -5.43547e-006 -0.00359056 0.999994 12.6525 47.7733 -10.4347</i>
                        <i>0.999999 -0.00147188 3.22708e-007 0.00147187 0.99999 0.00420246 -6.50823e-006 -0.00420245 0.999991 12.6537 47.8009 -10.4115</i>
                        <i>0.999999 -0.00125339 1.18159e-007 0.00125338 0.999996 0.00258224 -3.35471e-006 -0.00258224 0.999997 12.6451 47.8024 -10.4767</i>
                        <i>1 -0.000956078 -1.23441e-007 0.000956078 0.999999 0.000662497 -5.09958e-007 -0.000662497 1 12.6333 47.8033 -10.5537</i>
                        <i>1 7.76336e-005 -2.50593e-007 -7.76337e-005 1 -0.000350667 2.23369e-007 0.000350667 1 12.5924 47.8313 -10.5948</i>
                        <i>1 0.000939558 -1.1251e-007 -0.000939557 0.999999 0.000797548 8.61853e-007 -0.000797547 1 12.5582 47.8741 -10.5502</i>
                        <i>0.999999 0.00171719 6.65912e-008 -0.00171718 0.999996 0.00231563 3.90978e-006 -0.00231563 0.999997 12.5273 47.9204 -10.4908</i>
                        <i>0.999998 0.00199805 4.23516e-022 -0.00199805 0.999996 0.00172871 3.45404e-006 -0.0017287 0.999999 12.5161 47.9352 -10.5148</i>
                        <i>0.999998 0.00187549 5.40411e-008 -0.00187548 0.999996 0.00226758 4.19877e-006 -0.00226758 0.999997 12.5209 47.9566 -10.4939</i>
                        <i>0.999997 0.00247364 2.2222e-008 -0.00247364 0.999995 0.00200596 4.9398e-006 -0.00200595 0.999998 12.497 47.9807 -10.5047</i>
                        <i>0.999997 0.00224152 -1.54214e-007 -0.00224152 0.999997 0.00041336 1.08077e-006 -0.000413358 1 12.5062 47.9805 -10.5683</i>
                        <i>0.999999 0.00126692 -1.59768e-007 -0.00126692 0.999999 0.000332311 5.80778e-007 -0.000332311 1 12.5449 47.9796 -10.5716</i>
                        <i>1 -7.66041e-005 0 7.66039e-005 0.999998 0.00178693 -1.36886e-007 -0.00178693 0.999998 12.5982 47.9912 -10.5139</i>
                        <i>1 -7.47864e-005 7.43696e-008 7.4786e-005 0.999997 0.0025128 -2.62293e-007 -0.0025128 0.999997 12.5981 48.013 -10.4849</i>
                        <i>1 -0.000549652 7.22962e-008 0.00054965 0.999997 0.00249371 -1.44297e-006 -0.00249371 0.999997 12.617 48.0214 -10.4855</i>
                        <i>1 -2.38786e-005 4.8934e-008 2.38785e-005 0.999997 0.00225697 -1.02827e-007 -0.00225697 0.999997 12.596 48.037 -10.4947</i>
                        <i>0.999999 0.00105557 1.10581e-007 -0.00105557 0.999995 0.00288216 2.93176e-006 -0.00288216 0.999996 12.553 48.0647 -10.4695</i>
                        <i>0.999998 0.00175955 1.27483e-007 -0.00175954 0.999994 0.00306326 5.26248e-006 -0.00306326 0.999995 12.5249 48.0821 -10.4619</i>
                        <i>0.999999 0.001712 1.38916e-007 -0.00171199 0.999993 0.00319257 5.32677e-006 -0.00319257 0.999995 12.5268 48.0846 -10.4563</i>
                        <i>1 0.000885025 3.89329e-008 -0.000885023 0.999997 0.00209742 1.81733e-006 -0.00209742 0.999998 12.5597 48.0658 -10.4994</i>
                        <i>1 9.08728e-005 0 -9.08727e-005 0.999999 0.00144664 1.3146e-007 -0.00144664 0.999999 12.5913 48.0501 -10.5247</i>
                        <i>0.999997 -0.00241444 8.35041e-008 0.00241444 0.999994 0.00257421 -6.2988e-006 -0.00257421 0.999997 12.6909 48.0251 -10.4792</i>
                        <i>0.999993 -0.00362015 2.35697e-007 0.00362012 0.999984 0.00437814 -1.60852e-005 -0.00437811 0.99999 12.7389 48.0232 -10.4067</i>
                        <i>0.999995 -0.00327727 1.93668e-007 0.00327725 0.999987 0.0039046 -1.29901e-005 -0.00390457 0.999992 12.7252 48.0213 -10.4248</i>
                        <i>0.999999 -0.00141706 9.26958e-008 0.00141706 0.999995 0.00266436 -3.86826e-006 -0.00266436 0.999996 12.6511 48.0314 -10.4735</i>
                        <i>1 0.000367618 0 -0.000367618 0.999999 0.00141207 5.19101e-007 -0.00141207 0.999999 12.5801 48.0412 -10.5225</i>
                        <i>0.999999 0.00113676 -5.81179e-008 -0.00113675 0.999999 0.000648824 7.95672e-007 -0.000648824 1 12.5494 48.0412 -10.5521</i>
                        <i>1 0.000173808 -6.47375e-008 -0.000173808 1 0.000495189 1.50806e-007 -0.000495189 1 12.5877 48.0211 -10.5574</i>
                        <i>1 -0.000867698 -8.80495e-008 0.000867698 1 9.8122e-005 2.90928e-009 -9.8122e-005 1 12.6291 48.0032 -10.5723</i>
                        <i>0.999999 -0.00134183 -7.00367e-008 0.00134183 0.999999 0.000279088 -3.04453e-007 -0.000279088 1 12.6479 48.0008 -10.5642</i>
