<?xml version="1.0" encoding="ISO-8859-1" ?>
<Animl Version="1">
    <ModellingPackage><![CDATA[Maya.2010]]></ModellingPackage>
    <SrcFile><![CDATA[anims\bosses\red\~src\boss_beetle\boss_beetle_3to4.mb]]></SrcFile>
    <FramesPerSecond>30</FramesPerSecond>
    <TotalFrames>121</TotalFrames>
    <Skeleton>
        <RefFrame>
            <Name><![CDATA[boss_beetle_torso_ref_frame]]></Name>
            <Exclude>0</Exclude>
            <Additive>0</Additive>
            <IKPriority>0</IKPriority>
            <IKRotLimits>-1e+010 -1e+010 -1e+010 1e+010 1e+010 1e+010</IKRotLimits>
            <IKRotLimitOrder>0</IKRotLimitOrder>
            <KeyFrames count="121">
                <i>1 0 0 0 1 0 0 0 1 0 35.9946 0</i>
                <i>1 0 0 0 1 0 0 0 1 0 35.9946 0</i>
                <i>1 0 0 0 1 0 0 0 1 0 35.9946 0</i>
                <i>1 0 0 0 1 0 0 0 1 0 35.9946 0</i>
                <i>1 0 0 0 1 0 0 0 1 0 35.9946 0</i>
                <i>1 0 0 0 1 0 0 0 1 0 35.9946 0</i>
                <i>1 0 0 0 1 0 0 0 1 0 35.9946 0</i>
                <i>1 0 0 0 1 0 0 0 1 0 35.9946 0</i>
                <i>1 0 0 0 1 0 0 0 1 0 35.9946 0</i>
                <i>1 0 0 0 1 0 0 0 1 0 35.9946 0</i>
                <i>1 0 0 0 1 0 0 0 1 0 35.9946 0</i>
                <i>1 0 0 0 1 0 0 0 1 0 35.9946 0</i>
                <i>1 0 0 0 1 0 0 0 1 0 35.9946 0</i>
                <i>1 0 0 0 1 0 0 0 1 0 35.9946 0</i>
                <i>1 0 0 0 1 0 0 0 1 0 35.9946 0</i>
                <i>1 0 0 0 1 0 0 0 1 0 35.9946 0</i>
                <i>1 0 0 0 1 0 0 0 1 0 35.9946 0</i>
                <i>1 0 0 0 1 0 0 0 1 0 35.9946 0</i>
                <i>1 0 0 0 1 0 0 0 1 0 35.9946 0</i>
                <i>1 0 0 0 1 0 0 0 1 0 35.9946 0</i>
                <i>1 0 0 0 1 0 0 0 1 0 35.9946 0</i>
                <i>1 0 0 0 1 0 0 0 1 0 35.9946 0</i>
                <i>1 0 0 0 1 0 0 0 1 0 35.9946 0</i>
                <i>1 0 0 0 1 0 0 0 1 0 35.9946 0</i>
                <i>1 0 0 0 1 0 0 0 1 0 35.9946 0</i>
                <i>1 0 0 0 1 0 0 0 1 0 35.9946 0</i>
                <i>1 0 0 0 1 0 0 0 1 0 35.9946 0</i>
                <i>1 0 0 0 1 0 0 0 1 0 35.9946 0</i>
                <i>1 0 0 0 1 0 0 0 1 0 35.9946 0</i>
                <i>1 0 0 0 1 0 0 0 1 0 35.9946 0</i>
                <i>1 0 0 0 1 0 0 0 1 0 35.9946 0</i>
                <i>1 0 0 0 1 0 0 0 1 0 35.9946 0</i>
                <i>1 0 0 0 1 0 0 0 1 0 35.9946 0</i>
                <i>1 0 0 0 1 0 0 0 1 0 35.9946 0</i>
                <i>1 0 0 0 1 0 0 0 1 0 35.9946 0</i>
                <i>1 0 0 0 1 0 0 0 1 0 35.9946 0</i>
                <i>1 0 0 0 1 0 0 0 1 0 35.9946 0</i>
                <i>1 0 0 0 1 0 0 0 1 0 35.9946 0</i>
                <i>1 0 0 0 1 0 0 0 1 0 35.9946 0</i>
                <i>1 0 0 0 1 0 0 0 1 0 35.9946 0</i>
                <i>1 0 0 0 1 0 0 0 1 0 35.9946 0</i>
                <i>1 0 0 0 1 0 0 0 1 0 35.9946 0</i>
                <i>1 0 0 0 1 0 0 0 1 0 35.9946 0</i>
                <i>1 0 0 0 1 0 0 0 1 0 35.9946 0</i>
                <i>1 0 0 0 1 0 0 0 1 0 35.9946 0</i>
                <i>1 0 0 0 1 0 0 0 1 0 35.9946 0</i>
                <i>1 0 0 0 1 0 0 0 1 0 35.9946 0</i>
                <i>1 0 0 0 1 0 0 0 1 0 35.9946 0</i>
                <i>1 0 0 0 1 0 0 0 1 0 35.9946 0</i>
                <i>1 0 0 0 1 0 0 0 1 0 35.9946 0</i>
                <i>1 0 0 0 1 0 0 0 1 0 35.9946 0</i>
                <i>1 0 0 0 1 0 0 0 1 0 35.9946 0</i>
                <i>1 0 0 0 1 0 0 0 1 0 35.9946 0</i>
                <i>1 0 0 0 1 0 0 0 1 0 35.9946 0</i>
                <i>1 0 0 0 1 0 0 0 1 0 35.9946 0</i>
                <i>1 0 0 0 1 0 0 0 1 0 35.9946 0</i>
                <i>1 0 0 0 1 0 0 0 1 0 35.9946 0</i>
                <i>1 0 0 0 1 0 0 0 1 0 35.9946 0</i>
                <i>1 0 0 0 1 0 0 0 1 0 35.9946 0</i>
                <i>1 0 0 0 1 0 0 0 1 0 35.9946 0</i>
                <i>1 0 0 0 1 0 0 0 1 0 35.9946 0</i>
                <i>1 0 0 0 1 0 0 0 1 0 35.9946 0</i>
                <i>1 0 0 0 1 0 0 0 1 0 35.9946 0</i>
                <i>1 0 0 0 1 0 0 0 1 0 35.9946 0</i>
                <i>1 0 0 0 1 0 0 0 1 0 35.9946 0</i>
                <i>1 0 0 0 1 0 0 0 1 0 35.9946 0</i>
                <i>1 0 0 0 1 0 0 0 1 0 35.9946 0</i>
                <i>1 0 0 0 1 0 0 0 1 0 35.9946 0</i>
                <i>1 0 0 0 1 0 0 0 1 0 35.9946 0</i>
                <i>1 0 0 0 1 0 0 0 1 0 35.9946 0</i>
                <i>1 0 0 0 1 0 0 0 1 0 35.9946 0</i>
                <i>1 0 0 0 1 0 0 0 1 0 35.9946 0</i>
                <i>1 0 0 0 1 0 0 0 1 0 35.9946 0</i>
                <i>1 0 0 0 1 0 0 0 1 0 35.9946 0</i>
                <i>1 0 0 0 1 0 0 0 1 0 35.9946 0</i>
                <i>1 0 0 0 1 0 0 0 1 0 35.9946 0</i>
                <i>1 0 0 0 1 0 0 0 1 0 35.9946 0</i>
                <i>1 0 0 0 1 0 0 0 1 0 35.9946 0</i>
                <i>1 0 0 0 1 0 0 0 1 0 35.9946 0</i>
                <i>1 0 0 0 1 0 0 0 1 0 35.9946 0</i>
                <i>1 0 0 0 1 0 0 0 1 0 35.9946 0</i>
                <i>1 0 0 0 1 0 0 0 1 0 35.9946 0</i>
                <i>1 0 0 0 1 0 0 0 1 0 35.9946 0</i>
                <i>1 0 0 0 1 0 0 0 1 0 35.9946 0</i>
                <i>1 0 0 0 1 0 0 0 1 0 35.9946 0</i>
                <i>1 0 0 0 1 0 0 0 1 0 35.9946 0</i>
                <i>1 0 0 0 1 0 0 0 1 0 35.9946 0</i>
                <i>1 0 0 0 1 0 0 0 1 0 35.9946 0</i>
                <i>1 0 0 0 1 0 0 0 1 0 35.9946 0</i>
                <i>1 0 0 0 1 0 0 0 1 0 35.9946 0</i>
                <i>1 0 0 0 1 0 0 0 1 0 35.9946 0</i>
                <i>1 0 0 0 1 0 0 0 1 0 35.9946 0</i>
                <i>1 0 0 0 1 0 0 0 1 0 35.9946 0</i>
                <i>1 0 0 0 1 0 0 0 1 0 35.9946 0</i>
                <i>1 0 0 0 1 0 0 0 1 0 35.9946 0</i>
                <i>1 0 0 0 1 0 0 0 1 0 35.9946 0</i>
                <i>1 0 0 0 1 0 0 0 1 0 35.9946 0</i>
                <i>1 0 0 0 1 0 0 0 1 0 35.9946 0</i>
                <i>1 0 0 0 1 0 0 0 1 0 35.9946 0</i>
                <i>1 0 0 0 1 0 0 0 1 0 35.9946 0</i>
                <i>1 0 0 0 1 0 0 0 1 0 35.9946 0</i>
                <i>1 0 0 0 1 0 0 0 1 0 35.9946 0</i>
                <i>1 0 0 0 1 0 0 0 1 0 35.9946 0</i>
                <i>1 0 0 0 1 0 0 0 1 0 35.9946 0</i>
                <i>1 0 0 0 1 0 0 0 1 0 35.9946 0</i>
                <i>1 0 0 0 1 0 0 0 1 0 35.9946 0</i>
                <i>1 0 0 0 1 0 0 0 1 0 35.9946 0</i>
                <i>1 0 0 0 1 0 0 0 1 0 35.9946 0</i>
                <i>1 0 0 0 1 0 0 0 1 0 35.9946 0</i>
                <i>1 0 0 0 1 0 0 0 1 0 35.9946 0</i>
                <i>1 0 0 0 1 0 0 0 1 0 35.9946 0</i>
                <i>1 0 0 0 1 0 0 0 1 0 35.9946 0</i>
                <i>1 0 0 0 1 0 0 0 1 0 35.9946 0</i>
                <i>1 0 0 0 1 0 0 0 1 0 35.9946 0</i>
                <i>1 0 0 0 1 0 0 0 1 0 35.9946 0</i>
                <i>1 0 0 0 1 0 0 0 1 0 35.9946 0</i>
                <i>1 0 0 0 1 0 0 0 1 0 35.9946 0</i>
                <i>1 0 0 0 1 0 0 0 1 0 35.9946 0</i>
                <i>1 0 0 0 1 0 0 0 1 0 35.9946 0</i>
                <i>1 0 0 0 1 0 0 0 1 0 35.9946 0</i>
                <i>1 0 0 0 1 0 0 0 1 0 35.9946 0</i>
            </KeyFrames>
        </RefFrame>
        <Bones count="19">
            <i>
                <p>
                    <Name><![CDATA[boss_beetle_torso_root]]></Name>
                    <Exclude>0</Exclude>
                    <Additive>0</Additive>
                    <IKPriority>0</IKPriority>
                    <IKRotLimits>-1e+010 -1e+010 -1e+010 1e+010 1e+010 1e+010</IKRotLimits>
                    <IKRotLimitOrder>0</IKRotLimitOrder>
                    <KeyFrames count="121">
                        <i>0.999998 -0.0020345 0 0.0020345 0.999997 -0.00157833 3.2111e-006 0.00157832 0.999999 0.0523108 35.9978 -0.0562838</i>
                        <i>0.986727 -0.00533787 0.162302 0.0104895 0.999467 -0.0309007 -0.16205 0.032193 0.986257 0.466866 37.8699 -1.0286</i>
                        <i>0.947441 0.00142467 0.319929 0.0192776 0.997919 -0.0615327 -0.319351 0.064466 0.945441 0.91531 38.6446 -2.04169</i>
                        <i>0.886659 0.0179991 0.462073 0.0241981 0.996067 -0.085233 -0.46179 0.0867539 0.882737 1.23706 38.9803 -2.84559</i>
                        <i>0.809316 0.0358113 0.58628 0.0242791 0.995247 -0.0943074 -0.586871 0.0905588 0.8046 1.389 38.7473 -3.2095</i>
                        <i>0.716534 0.0439442 0.696167 0.0208982 0.996213 -0.0843935 -0.69724 0.0750194 0.712902 1.41602 38.1197 -3.02355</i>
                        <i>0.610079 0.0396511 0.791348 0.0138734 0.998059 -0.0607041 -0.792219 0.0480129 0.608345 1.30354 37.2474 -2.44981</i>
                        <i>0.491553 0.025311 0.87048 0.00242623 0.999534 -0.0304336 -0.870844 0.0170717 0.491262 1.0251 36.2641 -1.68059</i>
                        <i>0.362348 0.00755009 0.932012 -0.0183812 0.999831 -0.000953223 -0.931861 -0.0167861 0.362426 0.40318 35.823 -0.91217</i>
                        <i>0.223729 -0.0100389 0.9746 -0.0438953 0.998829 0.020365 -0.973662 -0.0473366 0.223026 -0.393544 35.4758 -0.340718</i>
                        <i>0.0758231 -0.0236926 0.99684 -0.059925 0.997802 0.0282736 -0.995319 -0.0618795 0.0742367 -0.884107 35.6567 -0.105597</i>
                        <i>-0.0788714 -0.0326324 0.996351 -0.0636203 0.997591 0.0276368 -0.994853 -0.0612083 -0.0807575 -0.998909 35.9725 -0.147868</i>
                        <i>-0.234723 -0.0409055 0.971201 -0.0644877 0.997568 0.0264305 -0.969921 -0.0564266 -0.23679 -1.0546 36.3466 -0.306443</i>
                        <i>-0.387542 -0.0541648 0.920259 -0.0578155 0.997735 0.0343774 -0.920037 -0.0398826 -0.389796 -0.908426 36.7422 -0.284731</i>
                        <i>-0.53267 -0.0621413 0.844039 -0.0498326 0.997873 0.042018 -0.844855 -0.019679 -0.534633 -0.730179 37.0987 -0.311591</i>
                        <i>-0.664697 -0.0687544 0.743942 -0.0512899 0.997607 0.0463713 -0.74535 -0.00733382 -0.666633 -0.820965 37.3617 -0.441609</i>
                        <i>-0.779558 -0.0721097 0.622165 -0.0548375 0.997394 0.0468891 -0.623924 0.00243484 -0.781481 -0.979778 37.2735 -0.66354</i>
                        <i>-0.873614 -0.0699051 0.481573 -0.0546167 0.99746 0.0457121 -0.483545 0.0136328 -0.875213 -1.04192 36.7909 -0.889999</i>
                        <i>-0.943536 -0.0592496 0.325928 -0.0475704 0.997912 0.0436954 -0.327837 0.0257236 -0.944384 -0.920053 36.1969 -1.06828</i>
                        <i>-0.986255 -0.042265 0.159731 -0.036175 0.99851 0.0408454 -0.161219 0.0345057 -0.986315 -0.692701 36.1644 -1.2072</i>
                        <i>-0.999648 -0.0236578 -0.0120179 -0.0240982 0.99899 0.0379239 0.0111086 0.0382002 -0.999208 -0.467956 36.0737 -1.31693</i>
                        <i>-0.982913 -0.0062779 -0.183964 -0.0129537 0.9993 0.0351092 0.183615 0.0368923 -0.982306 -0.284932 35.9408 -1.39747</i>
                        <i>-0.93648 0.0071411 -0.350648 -0.00631608 0.999287 0.0372193 0.350664 0.0370698 -0.935767 -0.235474 35.7971 -1.32053</i>
                        <i>-0.861896 0.0202269 -0.506681 -0.000350961 0.99918 0.0404845 0.507085 0.0350713 -0.861182 -0.204428 35.7496 -1.19827</i>
                        <i>-0.761618 0.0327778 -0.647197 0.00621023 0.999043 0.0432892 0.647996 0.0289506 -0.761093 -0.148407 35.6875 -1.08116</i>
                        <i>-0.639033 0.0430205 -0.767975 0.012992 0.998896 0.0451456 0.76907 0.018872 -0.638886 -0.0704197 35.605 -0.987653</i>
                        <i>-0.498355 0.0455092 -0.865778 0.019099 0.998955 0.041516 0.866762 0.00415427 -0.498704 0.0126873 35.4964 -1.04516</i>
                        <i>-0.344303 0.0437825 -0.937837 0.0237172 0.998999 0.0379306 0.938559 -0.00918321 -0.344997 0.0868968 35.3902 -1.10835</i>
                        <i>-0.181805 0.039986 -0.982521 0.0286916 0.998963 0.0353461 0.982916 -0.021764 -0.182764 0.23308 35.2959 -1.14698</i>
                        <i>-0.0159821 0.0348245 -0.999266 0.033951 0.998836 0.0342665 0.999296 -0.0333785 -0.0171458 0.457501 35.2112 -1.13998</i>
                        <i>0.148132 0.0303999 -0.9885 0.0380111 0.998614 0.036407 0.988237 -0.042967 0.146771 0.693161 35.1517 -1.04259</i>
                        <i>0.305899 0.0242012 -0.951756 0.0418435 0.998369 0.0388352 0.951144 -0.0517045 0.304388 0.937148 35.1155 -0.934248</i>
                        <i>0.453164 0.0162667 -0.891279 0.0448445 0.998152 0.041018 0.890299 -0.0585568 0.451597 1.14434 35.1714 -0.830161</i>
                        <i>0.586457 0.00641537 -0.809955 0.0478311 0.997949 0.0425371 0.808567 -0.0636873 0.584948 1.30779 35.2277 -0.742601</i>
                        <i>0.703032 -0.00563631 -0.711136 0.0509907 0.997794 0.0425014 0.709328 -0.0661412 0.701769 1.40373 35.2647 -0.696717</i>
                        <i>0.800927 -0.0203814 -0.598414 0.054638 0.997739 0.0391465 0.596263 -0.0640497 0.80023 1.44224 35.2732 -0.734501</i>
                        <i>0.879003 -0.0344079 -0.475572 0.0582866 0.997667 0.0355498 0.473239 -0.0589679 0.878958 1.43986 35.2629 -0.769569</i>
                        <i>0.936933 -0.0461937 -0.346442 0.061372 0.997571 0.0329637 0.344078 -0.0521466 0.937492 1.39464 35.2493 -0.772342</i>
                        <i>0.975156 -0.0547778 -0.214641 0.0628649 0.99754 0.0310284 0.212413 -0.0437509 0.9762 1.292 35.2386 -0.756636</i>
                        <i>0.99464 -0.0609588 -0.0835136 0.0636872 0.997507 0.0304027 0.081452 -0.0355585 0.996043 1.17001 35.2423 -0.708727</i>
                        <i>0.996854 -0.0659034 0.0440371 0.0645688 0.997429 0.031074 -0.0459718 -0.0281328 0.998547 1.05932 35.2693 -0.632991</i>
                        <i>0.983751 -0.0691684 0.165681 0.0647967 0.997396 0.0316541 -0.167439 -0.0204042 0.985671 0.950801 35.2936 -0.571106</i>
                        <i>0.957523 -0.0704176 0.279628 0.0644345 0.997454 0.0305434 -0.281067 -0.0112283 0.959622 0.85835 35.3105 -0.570656</i>
                        <i>0.920476 -0.0701818 0.384446 0.0642057 0.997533 0.0283754 -0.38549 -0.00143519 0.922711 0.813789 35.3156 -0.61869</i>
                        <i>0.875074 -0.0685311 0.479112 0.0634289 0.997625 0.0268483 -0.479814 0.00689534 0.877343 0.783963 35.3158 -0.662322</i>
                        <i>0.826008 -0.0662138 0.559756 0.0624588 0.997713 0.0258522 -0.560188 0.0136076 0.828254 0.755408 35.316 -0.694796</i>
                        <i>0.778565 -0.0629562 0.624398 0.0607678 0.997843 0.0248378 -0.624615 0.0186055 0.780711 0.713396 35.3175 -0.730802</i>
                        <i>0.735153 -0.0596337 0.675274 0.0589847 0.997972 0.0239163 -0.675331 0.0222486 0.737179 0.674581 35.3195 -0.767102</i>
                        <i>0.697315 -0.0569209 0.714501 0.0578055 0.998061 0.0230957 -0.71443 0.0251971 0.699253 0.657451 35.3222 -0.803264</i>
                        <i>0.666007 -0.0540602 0.743984 0.0564956 0.998161 0.0219553 -0.743803 0.0274094 0.667836 0.641656 35.3222 -0.850483</i>
                        <i>0.641599 -0.0507928 0.765356 0.0554996 0.998264 0.0197243 -0.76503 0.0298219 0.643304 0.638847 35.3178 -0.929457</i>
                        <i>0.62415 -0.0474317 0.779864 0.0537958 0.998396 0.0176684 -0.779451 0.0309256 0.6257 0.620891 35.315 -1.00562</i>
                        <i>0.613384 -0.04427 0.788543 0.0512071 0.998556 0.016228 -0.788123 0.030425 0.614765 0.582586 35.3134 -1.0668</i>
                        <i>0.608775 -0.0420681 0.792227 0.0487396 0.99869 0.0155783 -0.791844 0.0291291 0.610028 0.550825 35.3157 -1.10804</i>
                        <i>0.609746 -0.0399887 0.791587 0.045413 0.998848 0.0154781 -0.791295 0.0265106 0.61086 0.498602 35.3196 -1.13567</i>
                        <i>0.615556 -0.0377471 0.787188 0.0418065 0.99901 0.015213 -0.786983 0.0235451 0.616525 0.441223 35.3239 -1.16885</i>
                        <i>0.625413 -0.0357755 0.779473 0.0382685 0.999153 0.0151532 -0.779355 0.0203522 0.626252 0.387729 35.326 -1.19732</i>
                        <i>0.638455 -0.0339236 0.768911 0.0364148 0.999241 0.013849 -0.768797 0.0191578 0.639206 0.381518 35.3249 -1.26017</i>
                        <i>0.653899 -0.0326658 0.755876 0.0353767 0.999295 0.0125814 -0.755754 0.0185134 0.654594 0.398619 35.3248 -1.32245</i>
                        <i>0.670983 -0.0313337 0.74081 0.033904 0.999358 0.0115612 -0.740697 0.0173591 0.671615 0.404718 35.3242 -1.37822</i>
                        <i>0.688933 -0.0295212 0.724223 0.0320444 0.999434 0.0102565 -0.724116 0.0161413 0.689489 0.400704 35.3237 -1.44168</i>
                        <i>0.707044 -0.0265976 0.706669 0.0290389 0.999542 0.00856645 -0.706573 0.014464 0.707492 0.365594 35.3232 -1.51535</i>
                        <i>0.724606 -0.0235166 0.688762 0.0262176 0.999635 0.00654883 -0.688664 0.0133124 0.724958 0.335042 35.3168 -1.59743</i>
                        <i>0.741025 -0.0199367 0.671181 0.0231131 0.999724 0.00417746 -0.671079 0.0124174 0.741282 0.29597 35.3089 -1.68841</i>
                        <i>0.755737 -0.0171143 0.654651 0.0207947 0.999781 0.00213122 -0.654545 0.0120026 0.755928 0.276947 35.303 -1.76968</i>
                        <i>0.77178 -0.0146943 0.63572 0.0184137 0.99983 0.000755776 -0.635623 0.0111227 0.771919 0.254573 35.3032 -1.83167</i>
                        <i>0.791867 -0.0123501 0.610569 0.015911 0.999873 -0.000410919 -0.610486 0.0100402 0.791963 0.226836 35.3045 -1.88669</i>
                        <i>0.814993 -0.0088165 0.579403 0.0124309 0.99992 -0.00227005 -0.579337 0.00905256 0.815038 0.170162 35.2997 -1.9589</i>
                        <i>0.840078 -0.00548611 0.542438 0.00890727 0.999954 -0.00368142 -0.542392 0.00792432 0.840088 0.109444 35.2982 -2.01722</i>
                        <i>0.866041 -0.00298281 0.499963 0.00608812 0.999971 -0.00458002 -0.499935 0.00701033 0.866035 0.0645073 35.2957 -2.05968</i>
                        <i>0.891833 -0.00094358 0.452363 0.00386973 0.999977 -0.00554331 -0.452348 0.00669423 0.891817 0.0321293 35.2899 -2.1017</i>
                        <i>0.916457 0.00125237 0.400132 0.00167688 0.999974 -0.00697053 -0.40013 0.00705916 0.916431 -0.00366209 35.2866 -2.15385</i>
                        <i>0.939006 0.00342962 0.343884 -0.000492475 0.999963 -0.00862807 -0.343901 0.00793245 0.938972 -0.0433276 35.2863 -2.2096</i>
                        <i>0.958706 0.00453941 0.284362 -0.00207853 0.999958 -0.0089552 -0.284391 0.00799435 0.958675 -0.072141 35.2872 -2.22651</i>
                        <i>0.974944 0.00437237 0.222409 -0.00240733 0.999956 -0.0091056 -0.222439 0.00834203 0.974911 -0.0722844 35.2871 -2.23557</i>
                        <i>0.987275 0.00467985 0.158956 -0.00314142 0.999946 -0.00992819 -0.158994 0.0093025 0.987236 -0.0891261 35.285 -2.25953</i>
                        <i>0.995465 0.00496591 0.0949977 -0.00399794 0.999938 -0.010377 -0.0950433 0.00995016 0.995423 -0.112285 35.2851 -2.26683</i>
                        <i>0.999493 0.00424511 0.0315538 -0.00392148 0.999939 -0.0103112 -0.0315957 0.0101823 0.999449 -0.110217 35.2842 -2.25101</i>
                        <i>0.999532 0.00381252 -0.0303563 -0.00410493 0.999946 -0.00957596 0.0303182 0.00969609 0.999493 -0.115181 35.2835 -2.20859</i>
                        <i>0.995957 0.00381758 -0.0897453 -0.00454124 0.999959 -0.00786063 0.0897116 0.00823641 0.995934 -0.12699 35.2812 -2.13188</i>
                        <i>0.989321 0.00458795 -0.145684 -0.00538065 0.999973 -0.00504771 0.145657 0.00577768 0.989318 -0.149709 35.2816 -2.01841</i>
                        <i>0.980324 0.00562894 -0.197317 -0.00600523 0.999981 -0.00130877 0.197306 0.00246795 0.980339 -0.16663 35.2871 -1.87353</i>
                        <i>0.969782 0.00699898 -0.243874 -0.00651563 0.999975 0.00278859 0.243887 -0.00111533 0.969803 -0.180471 35.2941 -1.7133</i>
                        <i>0.958582 0.00911951 -0.28467 -0.00750789 0.999949 0.00675208 0.284717 -0.00433515 0.958602 -0.207347 35.2949 -1.55173</i>
                        <i>0.947658 0.0110591 -0.319097 -0.00799846 0.999909 0.0109006 0.319188 -0.00777774 0.947659 -0.220661 35.2939 -1.3809</i>
                        <i>0.937918 0.0133844 -0.346598 -0.00841354 0.999839 0.0158425 0.346754 -0.0119429 0.93788 -0.231949 35.2935 -1.18508</i>
                        <i>0.930227 0.0157146 -0.366649 -0.0086657 0.999745 0.0208633 0.366883 -0.0162303 0.930125 -0.238835 35.2939 -0.984282</i>
                        <i>0.925306 0.0175651 -0.378813 -0.00828098 0.999624 0.0261239 0.37913 -0.0210357 0.925104 -0.228494 35.2956 -0.774865</i>
                        <i>0.923324 0.0189625 -0.383553 -0.00780602 0.999501 0.030623 0.383942 -0.025281 0.923011 -0.215701 35.296 -0.584633</i>
                        <i>0.924077 0.0211523 -0.38162 -0.00844993 0.999354 0.0349307 0.382113 -0.029054 0.923659 -0.233198 35.2974 -0.398872</i>
                        <i>0.927256 0.0234212 -0.373694 -0.00913276 0.99916 0.0399609 0.374316 -0.0336411 0.926691 -0.251769 35.2979 -0.19354</i>
                        <i>0.932468 0.0243169 -0.360432 -0.00853994 0.998937 0.0453006 0.361151 -0.0391633 0.931685 -0.235802 35.2975 0.0194876</i>
                        <i>0.939185 0.0253351 -0.342475 -0.00851401 0.998686 0.050531 0.343305 -0.0445421 0.938167 -0.235188 35.3023 0.228162</i>
                        <i>0.946908 0.0259305 -0.320458 -0.0085116 0.998415 0.0556382 0.321393 -0.0499567 0.945627 -0.235212 35.3094 0.431406</i>
                        <i>0.955128 0.0262184 -0.29503 -0.00869295 0.998127 0.060558 0.296065 -0.055276 0.953567 -0.240217 35.314 0.62677</i>
                        <i>0.963399 0.0254434 -0.266861 -0.00820168 0.997817 0.0655263 0.267945 -0.0609393 0.961505 -0.226986 35.3164 0.819947</i>
                        <i>0.971304 0.0237208 -0.236655 -0.00720013 0.997491 0.0704309 0.237731 -0.0667059 0.969038 -0.199902 35.3176 1.00719</i>
                        <i>0.97851 0.0201956 -0.205206 -0.00564498 0.997443 0.0712467 0.20612 -0.0685572 0.976122 -0.157722 35.3163 1.02932</i>
                        <i>0.98474 0.0169077 -0.173206 -0.00453704 0.997425 0.07157 0.17397 -0.0696921 0.982282 -0.127669 35.3094 1.03809</i>
                        <i>0.989854 0.0137435 -0.141422 -0.00350919 0.997372 0.072364 0.142045 -0.0711335 0.987301 -0.099789 35.3044 1.05963</i>
                        <i>0.99379 0.01168 -0.110658 -0.00361206 0.997338 0.0728308 0.111214 -0.0719788 0.991186 -0.102581 35.3039 1.07229</i>
                        <i>0.996597 0.0108419 -0.0817177 -0.00490826 0.997359 0.0724651 0.0822876 -0.0718173 0.994018 -0.137743 35.3053 1.06237</i>
                        <i>0.998419 0.00960284 -0.0553874 -0.00551753 0.997284 0.0734455 0.0559423 -0.0730238 0.99576 -0.154275 35.3055 1.08897</i>
                        <i>0.999443 0.00769831 -0.0324683 -0.00522723 0.997131 0.075517 0.0329565 -0.0753052 0.996616 -0.14641 35.3063 1.14517</i>
                        <i>0.999886 0.00620567 -0.0137495 -0.00513076 0.997027 0.0768782 0.0141857 -0.0767989 0.996946 -0.143799 35.3063 1.1821</i>
                        <i>0.999991 0.00421488 -2.44948e-016 -0.00420246 0.997045 0.0767106 0.000323326 -0.0767099 0.997053 -0.118612 35.3066 1.17755</i>
                        <i>0.999951 0.00254238 0.00959227 -0.00326629 0.997085 0.0762236 -0.00937052 -0.0762512 0.997045 -0.0932111 35.3033 1.16434</i>
                        <i>0.999862 0.0016469 0.0165411 -0.00290526 0.997077 0.0763418 -0.0163671 -0.0763793 0.996944 -0.0834164 35.3 1.16754</i>
                        <i>0.999776 0.00100563 0.0211408 -0.00261642 0.997081 0.076305 -0.0210023 -0.0763432 0.99686 -0.0755798 35.2956 1.16655</i>
                        <i>0.999718 0.00154278 0.0236852 -0.00334439 0.997086 0.0762145 -0.0234986 -0.0762722 0.99681 -0.0953298 35.2934 1.16409</i>
                        <i>0.999699 0.0015277 0.0244665 -0.00340857 0.997024 0.0770193 -0.024276 -0.0770795 0.996729 -0.0970736 35.2915 1.18593</i>
                        <i>0.999717 0.00118751 0.0237786 -0.00305388 0.996901 0.0786075 -0.0236116 -0.0786579 0.996622 -0.0874547 35.2913 1.22902</i>
                        <i>0.999759 0.000903279 0.0219167 -0.00266188 0.996764 0.0803447 -0.0217732 -0.0803837 0.996526 -0.0768228 35.2885 1.27616</i>
                        <i>0.999816 0.000280118 0.0191753 -0.00184635 0.996654 0.0817106 -0.0190883 -0.081731 0.996472 -0.0546958 35.2861 1.31322</i>
                        <i>0.999874 0.000399163 0.0158477 -0.00171223 0.996554 0.0829284 -0.01576 -0.0829451 0.99643 -0.0510582 35.2844 1.34627</i>
                        <i>0.999925 0.000450412 0.0122278 -0.00146952 0.99651 0.0834631 -0.0121476 -0.0834748 0.996436 -0.0444727 35.2835 1.36078</i>
                        <i>0.999963 5.99546e-005 0.00860854 -0.000777523 0.996518 0.0833763 -0.00857356 -0.0833799 0.996481 -0.0256936 35.2854 1.35842</i>
                        <i>0.999986 0.0001143 0.00528282 -0.000551186 0.996568 0.0827723 -0.00525523 -0.0827741 0.996554 -0.0195511 35.2873 1.34203</i>
                        <i>0.999997 0.000165772 0.00254364 -0.000375183 0.996587 0.0825494 -0.00252127 -0.0825501 0.996584 -0.0147749 35.2887 1.33598</i>
                        <i>1 -0.000481383 0.000684826 0.000423209 0.996587 0.0825483 -0.000722226 -0.082548 0.996587 0.00689079 35.2878 1.33595</i>
                        <i>0.999996 -0.00283234 -2.44921e-016 0.00282274 0.996606 0.0822653 -0.000233004 -0.082265 0.99661 0.0720052 35.2881 1.32827</i>
                    </KeyFrames>
                </p>
            </i>
            <i>
                <p>
                    <Name><![CDATA[l_clavicle]]></Name>
                    <Exclude>0</Exclude>
                    <Additive>0</Additive>
                    <IKPriority>0</IKPriority>
                    <IKRotLimits>-1e+010 -1e+010 -1e+010 1e+010 1e+010 1e+010</IKRotLimits>
                    <IKRotLimitOrder>0</IKRotLimitOrder>
                    <KeyFrames count="121">
                        <i>0.999998 -0.0020345 0 0.0020345 0.999997 -0.00157833 3.2111e-006 0.00157832 0.999999 12.67 47.9619 -10.623</i>
                        <i>0.986727 -0.00533787 0.162302 0.0104895 0.999467 -0.0309007 -0.16205 0.032193 0.986257 14.7282 49.4631 -9.75847</i>
                        <i>0.947441 0.00142467 0.319929 0.0192776 0.997919 -0.0615327 -0.319351 0.064466 0.945441 16.4466 49.964 -8.72377</i>
                        <i>0.886659 0.0179991 0.462073 0.0241981 0.996067 -0.085233 -0.46179 0.0867539 0.882737 17.5644 50.2511 -7.36076</i>
                        <i>0.809316 0.0358113 0.58628 0.0242791 0.995247 -0.0943074 -0.586871 0.0905588 0.8046 18.0627 50.1924 -5.44528</i>
                        <i>0.716534 0.0439442 0.696167 0.0208982 0.996213 -0.0843935 -0.69724 0.0750194 0.712902 18.0448 49.8428 -2.78925</i>
                        <i>0.610079 0.0396511 0.791348 0.0138734 0.998059 -0.0607041 -0.792219 0.0480129 0.608345 17.5092 49.2234 0.370404</i>
                        <i>0.491553 0.025311 0.87048 0.00242623 0.999534 -0.0304336 -0.870844 0.0170717 0.491262 16.43 48.4036 3.73455</i>
                        <i>0.362348 0.00755009 0.932012 -0.0183812 0.999831 -0.000953223 -0.931861 -0.0167861 0.362426 14.5747 48.0995 6.99075</i>
                        <i>0.223729 -0.0100389 0.9746 -0.0438953 0.998829 0.020365 -0.973662 -0.0473366 0.223026 12.1669 47.841 9.82483</i>
                        <i>0.0758231 -0.0236926 0.99684 -0.059925 0.997802 0.0282736 -0.995319 -0.0618795 0.0742367 9.84963 47.991 12.0044</i>
                        <i>-0.0788714 -0.0326324 0.996351 -0.0636203 0.997591 0.0276368 -0.994853 -0.0612083 -0.0807575 7.73743 48.1846 13.5831</i>
                        <i>-0.234723 -0.0409055 0.971201 -0.0644877 0.997568 0.0264305 -0.969921 -0.0564266 -0.23679 5.44565 48.4039 14.7392</i>
                        <i>-0.387542 -0.0541648 0.920259 -0.0578155 0.997735 0.0343774 -0.920037 -0.0398826 -0.389796 3.22128 48.46 15.8286</i>
                        <i>-0.53267 -0.0621413 0.844039 -0.0498326 0.997873 0.042018 -0.844855 -0.019679 -0.534633 0.874731 48.5046 16.4613</i>
                        <i>-0.664697 -0.0687544 0.743942 -0.0512899 0.997607 0.0463713 -0.74535 -0.00733382 -0.666633 -1.94577 48.5509 16.5153</i>
                        <i>-0.779558 -0.0721097 0.622165 -0.0548375 0.997394 0.0468891 -0.623924 0.00243484 -0.781481 -4.87443 48.3148 15.9774</i>
                        <i>-0.873614 -0.0699051 0.481573 -0.0546167 0.99746 0.0457121 -0.483545 0.0136328 -0.875213 -7.59907 47.7427 14.955</i>
                        <i>-0.943536 -0.0592496 0.325928 -0.0475704 0.997912 0.0436954 -0.327837 0.0257236 -0.944384 -9.91553 47.1607 13.522</i>
                        <i>-0.986255 -0.042265 0.159731 -0.036175 0.99851 0.0408454 -0.161219 0.0345057 -0.986315 -11.8468 47.2567 11.6981</i>
                        <i>-0.999648 -0.0236578 -0.0120179 -0.0240982 0.99899 0.0379239 0.0111086 0.0382002 -0.999208 -13.4634 47.3671 9.52644</i>
                        <i>-0.982913 -0.0062779 -0.183964 -0.0129537 0.9993 0.0351092 0.183615 0.0368923 -0.982306 -14.7553 47.4706 7.06843</i>
                        <i>-0.93648 0.0071411 -0.350648 -0.00631608 0.999287 0.0372193 0.350664 0.0370698 -0.935767 -15.8034 47.4939 4.58073</i>
                        <i>-0.861896 0.0202269 -0.506681 -0.000350961 0.99918 0.0404845 0.507085 0.0350713 -0.861182 -16.4114 47.6309 1.99052</i>
                        <i>-0.761618 0.0327778 -0.647197 0.00621023 0.999043 0.0432892 0.647996 0.0289506 -0.761093 -16.5 47.7898 -0.68397</i>
                        <i>-0.639033 0.0430205 -0.767975 0.012992 0.998896 0.0451456 0.76907 0.018872 -0.638886 -16.0739 47.9408 -3.37819</i>
                        <i>-0.498355 0.0455092 -0.865778 0.019099 0.998955 0.041516 0.866762 0.00415427 -0.498704 -15.1763 48.0195 -6.18954</i>
                        <i>-0.344303 0.0437825 -0.937837 0.0237172 0.998999 0.0379306 0.938559 -0.00918321 -0.344997 -13.8639 48.0328 -8.82449</i>
                        <i>-0.181805 0.039986 -0.982521 0.0286916 0.998963 0.0353461 0.982916 -0.021764 -0.182764 -12.0795 48.023 -11.1681</i>
                        <i>-0.0159821 0.0348245 -0.999266 0.033951 0.998836 0.0342665 0.999296 -0.0333785 -0.0171458 -9.87644 47.9942 -13.1318</i>
                        <i>0.148132 0.0303999 -0.9885 0.0380111 0.998614 0.036407 0.988237 -0.042967 0.146771 -7.40865 47.9775 -14.6021</i>
                        <i>0.305899 0.0242012 -0.951756 0.0418435 0.998369 0.0388352 0.951144 -0.0517045 0.304388 -4.74059 47.9525 -15.6644</i>
                        <i>0.453164 0.0162667 -0.891279 0.0448445 0.998152 0.041018 0.890299 -0.0585568 0.451597 -2.00103 47.9781 -16.3252</i>
                        <i>0.586457 0.00641537 -0.809955 0.0478311 0.997949 0.0425371 0.808567 -0.0636873 0.584948 0.73897 47.962 -16.6018</i>
                        <i>0.703032 -0.00563631 -0.711136 0.0509907 0.997794 0.0425014 0.709328 -0.0661412 0.701769 3.38767 47.8713 -16.5441</i>
                        <i>0.800927 -0.0203814 -0.598414 0.054638 0.997739 0.0391465 0.596263 -0.0640497 0.80023 5.89537 47.6713 -16.2411</i>
                        <i>0.879003 -0.0344079 -0.475572 0.0582866 0.997667 0.0355498 0.473239 -0.0589679 0.878958 8.21765 47.43 -15.6028</i>
                        <i>0.936933 -0.0461937 -0.346442 0.061372 0.997571 0.0329637 0.344078 -0.0521466 0.937492 10.3014 47.1948 -14.6278</i>
                        <i>0.975156 -0.0547778 -0.214641 0.0628649 0.99754 0.0310284 0.212413 -0.0437509 0.9762 12.0868 46.9871 -13.3838</i>
                        <i>0.99464 -0.0609588 -0.0835136 0.0636872 0.997507 0.0304027 0.081452 -0.0355585 0.996043 13.6014 46.8261 -11.9014</i>
                        <i>0.996854 -0.0659034 0.0440371 0.0645688 0.997429 0.031074 -0.0459718 -0.0281328 0.998547 14.8732 46.7116 -10.2377</i>
                        <i>0.983751 -0.0691684 0.165681 0.0647967 0.997396 0.0316541 -0.167439 -0.0204042 0.985671 15.8836 46.6129 -8.50117</i>
                        <i>0.957523 -0.0704176 0.279628 0.0644345 0.997454 0.0305434 -0.281067 -0.0112283 0.959622 16.655 46.518 -6.80433</i>
                        <i>0.920476 -0.0701818 0.384446 0.0642057 0.997533 0.0283754 -0.38549 -0.00143519 0.922711 17.2426 46.4237 -5.16905</i>
                        <i>0.875074 -0.0685311 0.479112 0.0634289 0.997625 0.0268483 -0.479814 0.00689534 0.877343 17.6266 46.3579 -3.56033</i>
                        <i>0.826008 -0.0662138 0.559756 0.0624588 0.997713 0.0258522 -0.560188 0.0136076 0.828254 17.8162 46.3175 -2.07141</i>
                        <i>0.778565 -0.0629562 0.624398 0.0607678 0.997843 0.0248378 -0.624615 0.0186055 0.780711 17.836 46.309 -0.804069</i>
                        <i>0.735153 -0.0596337 0.675274 0.0589847 0.997972 0.0239163 -0.675331 0.0222486 0.737179 17.764 46.3159 0.24842</i>
                        <i>0.697315 -0.0569209 0.714501 0.0578055 0.998061 0.0230957 -0.71443 0.0251971 0.699253 17.6686 46.3228 1.09645</i>
                        <i>0.666007 -0.0540602 0.743984 0.0564956 0.998161 0.0219553 -0.743803 0.0274094 0.667836 17.5526 46.3366 1.7382</i>
                        <i>0.641599 -0.0507928 0.765356 0.0554996 0.998264 0.0197243 -0.76503 0.0298219 0.643304 17.4544 46.3492 2.16035</i>
                        <i>0.62415 -0.0474317 0.779864 0.0537958 0.998396 0.0176684 -0.779451 0.0309256 0.6257 17.3483 46.3786 2.42789</i>
                        <i>0.613384 -0.04427 0.788543 0.0512071 0.998556 0.016228 -0.788123 0.030425 0.614765 17.2349 46.424 2.57405</i>
                        <i>0.608775 -0.0420681 0.792227 0.0487396 0.99869 0.0155783 -0.791844 0.0291291 0.610028 17.1547 46.4693 2.62136</i>
                        <i>0.609746 -0.0399887 0.791587 0.045413 0.998848 0.0154781 -0.791295 0.0265106 0.61086 17.069 46.5289 2.5757</i>
                        <i>0.615556 -0.0377471 0.787188 0.0418065 0.99901 0.015213 -0.786983 0.0235451 0.616525 16.996 46.5947 2.42419</i>
                        <i>0.625413 -0.0357755 0.779473 0.0382685 0.999153 0.0151532 -0.779355 0.0203522 0.626252 16.9437 46.6571 2.19524</i>
                        <i>0.638455 -0.0339236 0.768911 0.0364148 0.999241 0.013849 -0.768797 0.0191578 0.639206 16.9681 46.6929 1.84709</i>
                        <i>0.653899 -0.0326658 0.755876 0.0353767 0.999295 0.0125814 -0.755754 0.0185134 0.654594 17.0296 46.7161 1.44313</i>
                        <i>0.670983 -0.0313337 0.74081 0.033904 0.999358 0.0115612 -0.740697 0.0173591 0.671615 17.0744 46.7452 1.00584</i>
                        <i>0.688933 -0.0295212 0.724223 0.0320444 0.999434 0.0102565 -0.724116 0.0161413 0.689489 17.0992 46.7812 0.529294</i>
                        <i>0.707044 -0.0265976 0.706669 0.0290389 0.999542 0.00856645 -0.706573 0.014464 0.707492 17.071 46.8366 0.0243793</i>
                        <i>0.724606 -0.0235166 0.688762 0.0262176 0.999635 0.00654883 -0.688664 0.0133124 0.724958 17.0389 46.8822 -0.491655</i>
                        <i>0.741025 -0.0199367 0.671181 0.0231131 0.999724 0.00417746 -0.671079 0.0124174 0.741282 16.9838 46.9299 -1.00469</i>
                        <i>0.755737 -0.0171143 0.654651 0.0207947 0.999781 0.00213122 -0.654545 0.0120026 0.755928 16.9478 46.9647 -1.47318</i>
                        <i>0.77178 -0.0146943 0.63572 0.0184137 0.99983 0.000755776 -0.635623 0.0111227 0.771919 16.8993 47.0052 -1.95877</i>
                        <i>0.791867 -0.0123501 0.610569 0.015911 0.999873 -0.000410919 -0.610486 0.0100402 0.791963 16.8294 47.0479 -2.55594</i>
                        <i>0.814993 -0.0088165 0.579403 0.0124309 0.99992 -0.00227005 -0.579337 0.00905256 0.815038 16.6936 47.0987 -3.28634</i>
                        <i>0.840078 -0.00548611 0.542438 0.00890727 0.999954 -0.00368142 -0.542392 0.00792432 0.840088 16.5168 47.1514 -4.09134</i>
                        <i>0.866041 -0.00298281 0.499963 0.00608812 0.999971 -0.00458002 -0.499935 0.00701033 0.866035 16.3171 47.1902 -4.95317</i>
                        <i>0.891833 -0.00094358 0.452363 0.00386973 0.999977 -0.00554331 -0.452348 0.00669423 0.891817 16.081 47.2136 -5.87814</i>
                        <i>0.916457 0.00125237 0.400132 0.00167688 0.999974 -0.00697053 -0.40013 0.00705916 0.916431 15.7782 47.234 -6.86482</i>
                        <i>0.939006 0.00342962 0.343884 -0.000492475 0.999963 -0.00862807 -0.343901 0.00793245 0.938972 15.4033 47.2518 -7.88657</i>
                        <i>0.958706 0.00453941 0.284362 -0.00207853 0.999958 -0.0089552 -0.284391 0.00799435 0.958675 14.9759 47.266 -8.86481</i>
                        <i>0.974944 0.00437237 0.222409 -0.00240733 0.999956 -0.0091056 -0.222439 0.00834203 0.974911 14.5228 47.26 -9.82712</i>
                        <i>0.987275 0.00467985 0.158956 -0.00314142 0.999946 -0.00992819 -0.158994 0.0093025 0.987236 13.9833 47.2515 -10.79</i>
                        <i>0.995465 0.00496591 0.0949977 -0.00399794 0.999938 -0.010377 -0.0950433 0.00995016 0.995423 13.3784 47.2483 -11.6945</i>
                        <i>0.999493 0.00424511 0.0315538 -0.00392148 0.999939 -0.0103112 -0.0315957 0.0101823 0.999449 12.7629 47.2359 -12.5194</i>
                        <i>0.999532 0.00381252 -0.0303563 -0.00410493 0.999946 -0.00957596 0.0303182 0.00969609 0.999493 12.1032 47.235 -13.2482</i>
                        <i>0.995957 0.00381758 -0.0897453 -0.00454124 0.999959 -0.00786063 0.0897116 0.00823641 0.995934 11.4147 47.2483 -13.8613</i>
                        <i>0.989321 0.00458795 -0.145684 -0.00538065 0.999973 -0.00504771 0.145657 0.00577768 0.989318 10.7082 47.2845 -14.3487</i>
                        <i>0.980324 0.00562894 -0.197317 -0.00600523 0.999981 -0.00130877 0.197306 0.00246795 0.980339 10.0257 47.3381 -14.7145</i>
                        <i>0.969782 0.00699898 -0.243874 -0.00651563 0.999975 0.00278859 0.243887 -0.00111533 0.969803 9.38163 47.4001 -14.9802</i>
                        <i>0.958582 0.00911951 -0.28467 -0.00750789 0.999949 0.00675208 0.284717 -0.00433515 0.958602 8.77113 47.4613 -15.1667</i>
                        <i>0.947658 0.0110591 -0.319097 -0.00799846 0.999909 0.0109006 0.319188 -0.00777774 0.947659 8.25076 47.5205 -15.2642</i>
                        <i>0.937918 0.0133844 -0.346598 -0.00841354 0.999839 0.0158425 0.346754 -0.0119429 0.93788 7.82109 47.5925 -15.2522</i>
                        <i>0.930227 0.0157146 -0.366649 -0.0086657 0.999745 0.0208633 0.366883 -0.0162303 0.930125 7.50199 47.6663 -15.1618</i>
                        <i>0.925306 0.0175651 -0.378813 -0.00828098 0.999624 0.0261239 0.37913 -0.0210357 0.925104 7.32581 47.7406 -14.9895</i>
                        <i>0.923324 0.0189625 -0.383553 -0.00780602 0.999501 0.030623 0.383942 -0.025281 0.923011 7.26858 47.8018 -14.7829</i>
                        <i>0.924077 0.0211523 -0.38162 -0.00844993 0.999354 0.0349307 0.382113 -0.029054 0.923659 7.27214 47.8688 -14.5279</i>
                        <i>0.927256 0.0234212 -0.373694 -0.00913276 0.99916 0.0399609 0.374316 -0.0336411 0.926691 7.36764 47.944 -14.1943</i>
                        <i>0.932468 0.0243169 -0.360432 -0.00853994 0.998937 0.0453006 0.361151 -0.0391633 0.931685 7.59523 48.0105 -13.8028</i>
                        <i>0.939185 0.0253351 -0.342475 -0.00851401 0.998686 0.050531 0.343305 -0.0445421 0.938167 7.86897 48.0818 -13.3736</i>
                        <i>0.946908 0.0259305 -0.320458 -0.0085116 0.998415 0.0556382 0.321393 -0.0499567 0.945627 8.19736 48.1503 -12.9104</i>
                        <i>0.955128 0.0262184 -0.29503 -0.00869295 0.998127 0.060558 0.296065 -0.055276 0.953567 8.56084 48.2111 -12.4195</i>
                        <i>0.963399 0.0254434 -0.266861 -0.00820168 0.997817 0.0655263 0.267945 -0.0609393 0.961505 8.98073 48.2598 -11.8957</i>
                        <i>0.971304 0.0237208 -0.236655 -0.00720013 0.997491 0.0704309 0.237731 -0.0667059 0.969038 9.43808 48.2962 -11.3486</i>
                        <i>0.97851 0.0201956 -0.205206 -0.00564498 0.997443 0.0712467 0.20612 -0.0685572 0.976122 9.92311 48.2695 -10.9954</i>
