<?xml version="1.0" encoding="ISO-8859-1" ?>
<Animl Version="1">
    <ModellingPackage><![CDATA[Maya.2010]]></ModellingPackage>
    <SrcFile><![CDATA[anims\bosses\red\~src\boss_beetle\boss_beetle_1to2.mb]]></SrcFile>
    <FramesPerSecond>30</FramesPerSecond>
    <TotalFrames>121</TotalFrames>
    <Skeleton>
        <RefFrame>
            <Name><![CDATA[boss_beetle_torso_ref_frame]]></Name>
            <Exclude>0</Exclude>
            <Additive>0</Additive>
            <IKPriority>0</IKPriority>
            <IKRotLimits>-1e+010 -1e+010 -1e+010 1e+010 1e+010 1e+010</IKRotLimits>
            <IKRotLimitOrder>0</IKRotLimitOrder>
            <KeyFrames count="121">
                <i>1 0 0 0 1 0 0 0 1 0 35.9946 0</i>
                <i>1 0 0 0 1 0 0 0 1 0 35.9946 0</i>
                <i>1 0 0 0 1 0 0 0 1 0 35.9946 0</i>
                <i>1 0 0 0 1 0 0 0 1 0 35.9946 0</i>
                <i>1 0 0 0 1 0 0 0 1 0 35.9946 0</i>
                <i>1 0 0 0 1 0 0 0 1 0 35.9946 0</i>
                <i>1 0 0 0 1 0 0 0 1 0 35.9946 0</i>
                <i>1 0 0 0 1 0 0 0 1 0 35.9946 0</i>
                <i>1 0 0 0 1 0 0 0 1 0 35.9946 0</i>
                <i>1 0 0 0 1 0 0 0 1 0 35.9946 0</i>
                <i>1 0 0 0 1 0 0 0 1 0 35.9946 0</i>
                <i>1 0 0 0 1 0 0 0 1 0 35.9946 0</i>
                <i>1 0 0 0 1 0 0 0 1 0 35.9946 0</i>
                <i>1 0 0 0 1 0 0 0 1 0 35.9946 0</i>
                <i>1 0 0 0 1 0 0 0 1 0 35.9946 0</i>
                <i>1 0 0 0 1 0 0 0 1 0 35.9946 0</i>
                <i>1 0 0 0 1 0 0 0 1 0 35.9946 0</i>
                <i>1 0 0 0 1 0 0 0 1 0 35.9946 0</i>
                <i>1 0 0 0 1 0 0 0 1 0 35.9946 0</i>
                <i>1 0 0 0 1 0 0 0 1 0 35.9946 0</i>
                <i>1 0 0 0 1 0 0 0 1 0 35.9946 0</i>
                <i>1 0 0 0 1 0 0 0 1 0 35.9946 0</i>
                <i>1 0 0 0 1 0 0 0 1 0 35.9946 0</i>
                <i>1 0 0 0 1 0 0 0 1 0 35.9946 0</i>
                <i>1 0 0 0 1 0 0 0 1 0 35.9946 0</i>
                <i>1 0 0 0 1 0 0 0 1 0 35.9946 0</i>
                <i>1 0 0 0 1 0 0 0 1 0 35.9946 0</i>
                <i>1 0 0 0 1 0 0 0 1 0 35.9946 0</i>
                <i>1 0 0 0 1 0 0 0 1 0 35.9946 0</i>
                <i>1 0 0 0 1 0 0 0 1 0 35.9946 0</i>
                <i>1 0 0 0 1 0 0 0 1 0 35.9946 0</i>
                <i>1 0 0 0 1 0 0 0 1 0 35.9946 0</i>
                <i>1 0 0 0 1 0 0 0 1 0 35.9946 0</i>
                <i>1 0 0 0 1 0 0 0 1 0 35.9946 0</i>
                <i>1 0 0 0 1 0 0 0 1 0 35.9946 0</i>
                <i>1 0 0 0 1 0 0 0 1 0 35.9946 0</i>
                <i>1 0 0 0 1 0 0 0 1 0 35.9946 0</i>
                <i>1 0 0 0 1 0 0 0 1 0 35.9946 0</i>
                <i>1 0 0 0 1 0 0 0 1 0 35.9946 0</i>
                <i>1 0 0 0 1 0 0 0 1 0 35.9946 0</i>
                <i>1 0 0 0 1 0 0 0 1 0 35.9946 0</i>
                <i>1 0 0 0 1 0 0 0 1 0 35.9946 0</i>
                <i>1 0 0 0 1 0 0 0 1 0 35.9946 0</i>
                <i>1 0 0 0 1 0 0 0 1 0 35.9946 0</i>
                <i>1 0 0 0 1 0 0 0 1 0 35.9946 0</i>
                <i>1 0 0 0 1 0 0 0 1 0 35.9946 0</i>
                <i>1 0 0 0 1 0 0 0 1 0 35.9946 0</i>
                <i>1 0 0 0 1 0 0 0 1 0 35.9946 0</i>
                <i>1 0 0 0 1 0 0 0 1 0 35.9946 0</i>
                <i>1 0 0 0 1 0 0 0 1 0 35.9946 0</i>
                <i>1 0 0 0 1 0 0 0 1 0 35.9946 0</i>
                <i>1 0 0 0 1 0 0 0 1 0 35.9946 0</i>
                <i>1 0 0 0 1 0 0 0 1 0 35.9946 0</i>
                <i>1 0 0 0 1 0 0 0 1 0 35.9946 0</i>
                <i>1 0 0 0 1 0 0 0 1 0 35.9946 0</i>
                <i>1 0 0 0 1 0 0 0 1 0 35.9946 0</i>
                <i>1 0 0 0 1 0 0 0 1 0 35.9946 0</i>
                <i>1 0 0 0 1 0 0 0 1 0 35.9946 0</i>
                <i>1 0 0 0 1 0 0 0 1 0 35.9946 0</i>
                <i>1 0 0 0 1 0 0 0 1 0 35.9946 0</i>
                <i>1 0 0 0 1 0 0 0 1 0 35.9946 0</i>
                <i>1 0 0 0 1 0 0 0 1 0 35.9946 0</i>
                <i>1 0 0 0 1 0 0 0 1 0 35.9946 0</i>
                <i>1 0 0 0 1 0 0 0 1 0 35.9946 0</i>
                <i>1 0 0 0 1 0 0 0 1 0 35.9946 0</i>
                <i>1 0 0 0 1 0 0 0 1 0 35.9946 0</i>
                <i>1 0 0 0 1 0 0 0 1 0 35.9946 0</i>
                <i>1 0 0 0 1 0 0 0 1 0 35.9946 0</i>
                <i>1 0 0 0 1 0 0 0 1 0 35.9946 0</i>
                <i>1 0 0 0 1 0 0 0 1 0 35.9946 0</i>
                <i>1 0 0 0 1 0 0 0 1 0 35.9946 0</i>
                <i>1 0 0 0 1 0 0 0 1 0 35.9946 0</i>
                <i>1 0 0 0 1 0 0 0 1 0 35.9946 0</i>
                <i>1 0 0 0 1 0 0 0 1 0 35.9946 0</i>
                <i>1 0 0 0 1 0 0 0 1 0 35.9946 0</i>
                <i>1 0 0 0 1 0 0 0 1 0 35.9946 0</i>
                <i>1 0 0 0 1 0 0 0 1 0 35.9946 0</i>
                <i>1 0 0 0 1 0 0 0 1 0 35.9946 0</i>
                <i>1 0 0 0 1 0 0 0 1 0 35.9946 0</i>
                <i>1 0 0 0 1 0 0 0 1 0 35.9946 0</i>
                <i>1 0 0 0 1 0 0 0 1 0 35.9946 0</i>
                <i>1 0 0 0 1 0 0 0 1 0 35.9946 0</i>
                <i>1 0 0 0 1 0 0 0 1 0 35.9946 0</i>
                <i>1 0 0 0 1 0 0 0 1 0 35.9946 0</i>
                <i>1 0 0 0 1 0 0 0 1 0 35.9946 0</i>
                <i>1 0 0 0 1 0 0 0 1 0 35.9946 0</i>
                <i>1 0 0 0 1 0 0 0 1 0 35.9946 0</i>
                <i>1 0 0 0 1 0 0 0 1 0 35.9946 0</i>
                <i>1 0 0 0 1 0 0 0 1 0 35.9946 0</i>
                <i>1 0 0 0 1 0 0 0 1 0 35.9946 0</i>
                <i>1 0 0 0 1 0 0 0 1 0 35.9946 0</i>
                <i>1 0 0 0 1 0 0 0 1 0 35.9946 0</i>
                <i>1 0 0 0 1 0 0 0 1 0 35.9946 0</i>
                <i>1 0 0 0 1 0 0 0 1 0 35.9946 0</i>
                <i>1 0 0 0 1 0 0 0 1 0 35.9946 0</i>
                <i>1 0 0 0 1 0 0 0 1 0 35.9946 0</i>
                <i>1 0 0 0 1 0 0 0 1 0 35.9946 0</i>
                <i>1 0 0 0 1 0 0 0 1 0 35.9946 0</i>
                <i>1 0 0 0 1 0 0 0 1 0 35.9946 0</i>
                <i>1 0 0 0 1 0 0 0 1 0 35.9946 0</i>
                <i>1 0 0 0 1 0 0 0 1 0 35.9946 0</i>
                <i>1 0 0 0 1 0 0 0 1 0 35.9946 0</i>
                <i>1 0 0 0 1 0 0 0 1 0 35.9946 0</i>
                <i>1 0 0 0 1 0 0 0 1 0 35.9946 0</i>
                <i>1 0 0 0 1 0 0 0 1 0 35.9946 0</i>
                <i>1 0 0 0 1 0 0 0 1 0 35.9946 0</i>
                <i>1 0 0 0 1 0 0 0 1 0 35.9946 0</i>
                <i>1 0 0 0 1 0 0 0 1 0 35.9946 0</i>
                <i>1 0 0 0 1 0 0 0 1 0 35.9946 0</i>
                <i>1 0 0 0 1 0 0 0 1 0 35.9946 0</i>
                <i>1 0 0 0 1 0 0 0 1 0 35.9946 0</i>
                <i>1 0 0 0 1 0 0 0 1 0 35.9946 0</i>
                <i>1 0 0 0 1 0 0 0 1 0 35.9946 0</i>
                <i>1 0 0 0 1 0 0 0 1 0 35.9946 0</i>
                <i>1 0 0 0 1 0 0 0 1 0 35.9946 0</i>
                <i>1 0 0 0 1 0 0 0 1 0 35.9946 0</i>
                <i>1 0 0 0 1 0 0 0 1 0 35.9946 0</i>
                <i>1 0 0 0 1 0 0 0 1 0 35.9946 0</i>
                <i>1 0 0 0 1 0 0 0 1 0 35.9946 0</i>
                <i>1 0 0 0 1 0 0 0 1 0 35.9946 0</i>
                <i>1 0 0 0 1 0 0 0 1 0 35.9946 0</i>
            </KeyFrames>
        </RefFrame>
        <Bones count="19">
            <i>
                <p>
                    <Name><![CDATA[boss_beetle_torso_root]]></Name>
                    <Exclude>0</Exclude>
                    <Additive>0</Additive>
                    <IKPriority>0</IKPriority>
                    <IKRotLimits>-1e+010 -1e+010 -1e+010 1e+010 1e+010 1e+010</IKRotLimits>
                    <IKRotLimitOrder>0</IKRotLimitOrder>
                    <KeyFrames count="121">
                        <i>0.999999 0.00127021 -2.64698e-023 -0.00127021 0.999999 0.000335286 4.25883e-007 -0.000335286 1 -0.0481347 35.9864 0.0153756</i>
                        <i>0.999446 -0.00632778 -0.0326648 0.00670822 0.999911 0.0115502 0.0325888 -0.0117629 0.9994 0.177911 37.5396 0.272523</i>
                        <i>0.998555 -0.0170115 -0.0509782 0.018253 0.999546 0.023987 0.050547 -0.0248829 0.998412 0.503337 37.8277 0.561085</i>
                        <i>0.998916 -0.0212302 -0.041431 0.0226446 0.999166 0.0339743 0.0406752 -0.0348756 0.998564 0.624836 37.7844 0.7783</i>
                        <i>0.999547 -0.019133 -0.0232123 0.020003 0.999083 0.0378448 0.0224669 -0.038292 0.999014 0.544567 37.4972 0.82103</i>
                        <i>0.999871 -0.0159029 -0.00245873 0.0159817 0.999213 0.0362962 0.00187959 -0.0363308 0.999338 0.426131 37.0108 0.711941</i>
                        <i>0.999828 -0.0113258 0.0146839 0.0108399 0.999405 0.0327562 -0.0150461 -0.0325914 0.999355 0.278415 36.3483 0.549981</i>
                        <i>0.999731 -0.00707812 0.0220638 0.00646619 0.999596 0.0276838 -0.0222508 -0.0275337 0.999373 0.154827 35.6735 0.350982</i>
                        <i>0.999849 -0.0024865 0.0171978 0.00211583 0.999766 0.0215381 -0.0172473 -0.0214985 0.99962 0.0355422 35.6366 0.130405</i>
                        <i>0.999988 0.00219561 0.00437583 -0.00226006 0.999888 0.0147787 -0.00434289 -0.0147884 0.999881 -0.0801343 35.6304 -0.0968284</i>
                        <i>0.999911 0.00499628 -0.0123861 -0.00489909 0.999957 0.00786527 0.0124248 -0.00780389 0.999892 -0.144088 35.6476 -0.316398</i>
                        <i>0.999572 0.00330392 -0.0290644 -0.00326873 0.999994 0.00125803 0.0290684 -0.00116248 0.999577 -0.0881733 35.6893 -0.514546</i>
                        <i>0.999123 -0.00443323 -0.0416303 0.00424607 0.999981 -0.00458297 0.0416498 0.00440218 0.999123 0.145674 35.8503 -0.594673</i>
                        <i>0.998863 -0.0121419 -0.0461034 0.0122067 0.999925 0.00112436 0.0460863 -0.00168585 0.998936 0.423927 36.0941 -0.271964</i>
                        <i>0.999073 -0.0157552 -0.040072 0.0160414 0.999848 0.00683156 0.0399582 -0.00746804 0.999173 0.536801 36.2083 0.00618518</i>
                        <i>0.999588 -0.0116668 -0.0262375 0.0119241 0.999882 0.00967253 0.0261216 -0.0099814 0.999609 0.341547 36.1437 0.113747</i>
                        <i>0.999957 -0.00424106 -0.00827875 0.00431941 0.999946 0.00946837 0.00823815 -0.00950372 0.999921 0.0116831 36.0047 0.104416</i>
                        <i>0.999949 -0.000232229 0.0100927 0.000149574 0.999966 0.00818955 -0.0100943 -0.00818762 0.999916 -0.217899 35.8288 0.0526247</i>
                        <i>0.999683 -0.000687335 0.0251653 0.000531608 0.999981 0.00619432 -0.0251691 -0.00617897 0.999664 -0.272509 35.6594 -0.0112915</i>
                        <i>0.999436 -0.00496367 0.0332263 0.00483869 0.999981 0.00384085 -0.0332447 -0.00367791 0.99944 -0.175482 35.6364 -0.0743827</i>
                        <i>0.999349 -0.00950805 0.0347987 0.00946201 0.999954 0.00148737 -0.0348113 -0.00115714 0.999393 -0.062087 35.6087 -0.137278</i>
                        <i>0.999357 -0.0131821 0.0333412 0.0132064 0.999913 -0.00050787 -0.0333316 0.00094786 0.999444 0.0333976 35.5636 -0.19012</i>
                        <i>0.99948 -0.0129617 0.0295191 0.012946 0.999916 0.000722475 -0.029526 -0.000339946 0.999564 0.0245935 35.518 -0.154958</i>
                        <i>0.999625 -0.0130602 0.0240664 0.0130169 0.999913 0.00195282 -0.0240898 -0.00163882 0.999708 0.028484 35.4747 -0.119954</i>
                        <i>0.999749 -0.0137821 0.0176814 0.0137279 0.999901 0.00318316 -0.0177235 -0.00293963 0.999839 0.0519021 35.4359 -0.0850886</i>
                        <i>0.999839 -0.0140913 0.0110628 0.0140432 0.999892 0.00441349 -0.0111238 -0.00425743 0.999929 0.0653034 35.4001 -0.0503153</i>
                        <i>0.999889 -0.0140893 0.00493977 0.0140745 0.999896 0.00302358 -0.00498186 -0.00295372 0.999983 0.0703173 35.3784 -0.0862729</i>
                        <i>0.999898 -0.0142589 -1.88314e-005 0.0142589 0.999897 0.00163366 -4.46469e-006 -0.00163376 0.999999 0.077307 35.3715 -0.122095</i>
                        <i>0.999902 -0.0139661 7.30248e-005 0.0139661 0.999902 0.000243736 -7.64218e-005 -0.000242692 1 0.0700404 35.3526 -0.157872</i>
                        <i>0.999905 -0.013746 0.000282816 0.0137463 0.999905 -0.00114619 -0.000267034 0.00114997 0.999999 0.0650805 35.309 -0.193653</i>
                        <i>0.999912 -0.0132864 0.000536918 0.0132867 0.999912 -0.00053019 -0.000529826 0.000537277 1 0.0539667 35.2597 -0.175314</i>
                        <i>0.999928 -0.0119912 0.000807906 0.0119911 0.999928 8.58123e-005 -0.000808877 -7.61184e-005 1 0.0205698 35.2203 -0.156955</i>
                        <i>0.999931 -0.0117371 0.00104524 0.0117364 0.999931 0.000701813 -0.0010534 -0.000689497 0.999999 0.0155365 35.2702 -0.138572</i>
                        <i>0.999929 -0.0118879 0.00119838 0.0118863 0.999928 0.00131781 -0.00121396 -0.00130348 0.999998 0.0216988 35.3258 -0.120157</i>
                        <i>0.999932 -0.0116002 0.00121679 0.0115978 0.999931 0.00193382 -0.00123914 -0.00191957 0.999997 0.0162481 35.3783 -0.101708</i>
                        <i>0.999936 -0.0112809 0.00105924 0.0112791 0.999935 0.00171908 -0.00107857 -0.00170703 0.999998 0.0101921 35.416 -0.105722</i>
                        <i>0.999944 -0.0105598 0.000665753 0.0105588 0.999943 0.00150435 -0.0006816 -0.00149724 0.999999 -0.00656193 35.4336 -0.10974</i>
                        <i>0.999955 -0.00945455 -1.42437e-005 0.00945456 0.999954 0.00128962 2.05026e-006 -0.0012897 0.999999 -0.0335875 35.4385 -0.113761</i>
                        <i>0.999929 -0.0103317 -0.00593303 0.0103383 0.999946 0.00109166 0.00592144 -0.00115292 0.999982 -0.00648133 35.4359 -0.11779</i>
                        <i>0.999883 -0.0114483 -0.0101229 0.0114606 0.999934 0.00116456 0.0101089 -0.00128044 0.999948 0.0273164 35.438 -0.115289</i>
                        <i>0.999927 -0.0116425 -0.00326122 0.0116467 0.999931 0.00126546 0.00324626 -0.00130335 0.999994 0.0358443 35.4747 -0.112735</i>
                        <i>0.999912 -0.0112871 0.00701209 0.0112776 0.999935 0.00138945 -0.00702732 -0.00131024 0.999974 0.029417 35.5114 -0.110141</i>
                        <i>0.999848 -0.0115066 0.0130896 0.0114875 0.999933 0.00153161 -0.0131063 -0.00138101 0.999913 0.0389056 35.5477 -0.107522</i>
                        <i>0.999851 -0.0123738 0.0119998 0.0123544 0.999922 0.00168709 -0.0120198 -0.00153859 0.999927 0.0664232 35.5847 -0.104892</i>
                        <i>0.999894 -0.0123875 0.00764752 0.0123737 0.999922 0.00185101 -0.00766986 -0.00175618 0.999969 0.0708006 35.617 -0.102267</i>
                        <i>0.999934 -0.0111415 0.00274051 0.011136 0.999936 0.00201843 -0.00276282 -0.00198778 0.999994 0.0407186 35.6524 -0.0996613</i>
                        <i>0.999944 -0.0106066 -1.2995e-005 0.0106066 0.999941 0.00218445 -1.01753e-005 -0.00218447 0.999998 0.0300487 35.6879 -0.0970896</i>
                        <i>0.999948 -0.0101549 -0.000703213 0.0101566 0.999946 0.00234419 0.000679369 -0.00235121 0.999997 0.0215792 35.7234 -0.0945672</i>
                        <i>0.999956 -0.0092907 -0.00123712 0.00929376 0.999954 0.00249276 0.0012139 -0.00250415 0.999996 0.00171574 35.7595 -0.0921092</i>
                        <i>0.999952 -0.00969766 -0.00163154 0.00970192 0.99995 0.00262525 0.001606 -0.00264095 0.999995 0.0168044 35.793 -0.0897309</i>
                        <i>0.999956 -0.00917453 -0.0019033 0.00917972 0.999954 0.00273677 0.00187811 -0.00275413 0.999994 0.00621698 35.8224 -0.0874475</i>
                        <i>0.999953 -0.0094334 -0.00206924 0.00943922 0.999951 0.00282244 0.00204252 -0.00284184 0.999994 0.017178 35.8568 -0.0852744</i>
                        <i>0.999953 -0.00948519 -0.00214618 0.00949135 0.999951 0.00287669 0.00211879 -0.00289692 0.999994 0.0224407 35.8847 -0.0832452</i>
                        <i>0.999958 -0.00887586 -0.00215095 0.00888207 0.999956 0.00289493 0.00212516 -0.00291391 0.999994 0.00941729 35.9067 -0.081367</i>
                        <i>0.999962 -0.00848092 -0.0021004 0.00848693 0.99996 0.00287369 0.00207594 -0.00289141 0.999994 0.00230261 35.9267 -0.0796156</i>
                        <i>0.999969 -0.00757708 -0.00201136 0.00758272 0.999967 0.00280952 0.00199001 -0.00282468 0.999994 -0.0189371 35.9497 -0.0779666</i>
                        <i>0.999972 -0.0072234 -0.00190068 0.00722852 0.99997 0.00269894 0.00188113 -0.00271261 0.999995 -0.0249621 35.9713 -0.0763956</i>
                        <i>0.999975 -0.00685037 -0.00178521 0.00685489 0.999973 0.00253849 0.00176777 -0.00255067 0.999995 -0.0315487 35.9865 -0.074878</i>
                        <i>0.999971 -0.00738995 -0.00168178 0.00739385 0.99997 0.00232471 0.00166455 -0.00233708 0.999996 -0.0128341 35.9927 -0.073389</i>
                        <i>0.999974 -0.00702355 -0.00160723 0.00702685 0.999973 0.00205413 0.00159276 -0.00206537 0.999997 -0.0192891 35.9962 -0.071904</i>
                        <i>0.999978 -0.00651105 -0.00157841 0.00651377 0.999977 0.00172328 0.00156715 -0.00173352 0.999997 -0.0298368 35.9972 -0.070398</i>
                        <i>0.999976 -0.00677759 -0.00161215 0.00677974 0.999976 0.0013287 0.0016031 -0.0013396 0.999998 -0.0187981 35.9994 -0.0688432</i>
                        <i>0.999977 -0.0065742 -0.00169437 0.00656691 0.999969 -0.00427283 0.00172241 0.00426161 0.999989 -0.0208572 36.0021 -0.0672119</i>
                        <i>0.999976 -0.00664329 -0.00178474 0.00662586 0.999932 -0.00960259 0.00184841 0.00959054 0.999952 -0.0154097 36.0046 -0.0654789</i>
                        <i>0.999968 -0.00777075 -0.00186066 0.00776236 0.99996 -0.00447535 0.00189536 0.00446077 0.999988 0.0193558 36.0049 -0.0636879</i>
                        <i>0.999958 -0.00901732 -0.00189957 0.00902071 0.999958 0.00178388 0.0018834 -0.00180094 0.999997 0.0573559 36.0048 -0.0618995</i>
                        <i>0.999952 -0.00959673 -0.00187889 0.00960313 0.999948 0.00342871 0.00184588 -0.00344659 0.999992 0.0767539 36.0067 -0.060114</i>
                        <i>0.999967 -0.00797808 -0.00177606 0.00798444 0.999962 0.00360077 0.00174726 -0.00361483 0.999992 0.03504 36.0061 -0.0583316</i>
                        <i>0.999973 -0.00714167 -0.00156851 0.00714526 0.999972 0.0022951 0.00155207 -0.00230625 0.999996 0.0149507 36.0091 -0.0565525</i>
                        <i>0.999976 -0.00688303 -0.00126546 0.00687799 0.999969 -0.00394171 0.00129255 0.00393291 0.999991 0.0108031 36.0085 -0.0547771</i>
                        <i>0.999971 -0.00753509 -0.000899491 0.00752722 0.999936 -0.00844698 0.000963082 0.00843997 0.999964 0.0318354 36.0063 -0.0530056</i>
                        <i>0.999971 -0.00757848 -0.000483112 0.0075783 0.999971 -0.000376654 0.000485952 0.000372982 1 0.0359533 36.0056 -0.0511631</i>
                        <i>0.999976 -0.00687918 -2.88244e-005 0.00687919 0.999945 0.00796201 -2.59493e-005 -0.00796202 0.999968 0.0195243 36.0052 -0.0491871</i>
                        <i>0.999983 -0.00587982 0.000450865 0.00587639 0.999956 0.00726804 -0.00049358 -0.00726526 0.999973 -0.0051659 36.0048 -0.0470965</i>
                        <i>0.999984 -0.00552205 0.000943448 0.00551843 0.999978 0.00379586 -0.000964388 -0.0037906 0.999992 -0.0119787 36.0077 -0.0449101</i>
                        <i>0.999983 -0.00563139 0.00143642 0.0056295 0.999983 0.00132063 -0.00144383 -0.00131253 0.999998 -0.00576148 36.0066 -0.0426467</i>
                        <i>0.999986 -0.00491556 0.00191726 0.00491418 0.999988 0.000721963 -0.00192079 -0.000712531 0.999998 -0.022396 36.0058 -0.0403253</i>
                        <i>0.999986 -0.00478448 0.00237348 0.0047837 0.999988 0.000334289 -0.00237505 -0.00032293 0.999997 -0.0227424 36.0053 -0.0379645</i>
                        <i>0.999988 -0.00414229 0.00279255 0.00414198 0.999991 0.000115134 -0.00279301 -0.000103566 0.999996 -0.0372285 36.0039 -0.0355832</i>
                        <i>0.999988 -0.00384352 0.00316198 0.00384347 0.999993 2.20241e-005 -0.00316204 -9.87083e-006 0.999995 -0.0421341 36.0042 -0.0332004</i>
                        <i>0.999977 -0.00579667 0.00346925 0.00579666 0.999983 1.24783e-005 -0.00346926 7.632e-006 0.999994 0.0155224 36.0035 -0.0308348</i>
                        <i>0.999968 -0.00707826 0.00372603 0.00707815 0.999975 4.40197e-005 -0.00372625 -1.76449e-005 0.999993 0.0545727 36.004 -0.0285052</i>
                        <i>0.999969 -0.00686217 0.00395444 0.00686193 0.999976 7.41709e-005 -0.00395485 -4.70335e-005 0.999992 0.0520752 36.0068 -0.0262306</i>
                        <i>0.99997 -0.0064697 0.00415762 0.0064695 0.999979 6.0455e-005 -0.00415792 -3.35555e-005 0.999991 0.0447094 36.0086 -0.0240296</i>
                        <i>0.999968 -0.00679256 0.00433873 0.00679251 0.999977 2.71739e-005 -0.00433881 2.2978e-006 0.999991 0.0572273 36.0038 -0.0219212</i>
                        <i>0.999965 -0.00699578 0.00450092 0.00699575 0.999976 2.3432e-005 -0.00450097 8.05613e-006 0.99999 0.0664433 36.0037 -0.0199243</i>
                        <i>0.999973 -0.00577145 0.00464735 0.00577131 0.999983 4.39557e-005 -0.00464752 -1.71332e-005 0.999989 0.0360412 36.0054 -0.0180575</i>
                        <i>0.99998 -0.00403764 0.00478116 0.00403729 0.999992 8.34711e-005 -0.00478146 -6.41665e-005 0.999989 -0.00849469 36.0044 -0.0163399</i>
                        <i>0.999983 -0.00317184 0.00490552 0.00317121 0.999995 0.000136705 -0.00490593 -0.000121146 0.999988 -0.0289254 36.0038 -0.0147901</i>
                        <i>0.999984 -0.00262074 0.00502356 0.00261977 0.999997 0.000198383 -0.00502407 -0.000185219 0.999987 -0.0406171 36.0062 -0.0134271</i>
                        <i>0.999983 -0.00272182 0.00513846 0.0027205 0.999996 0.000263231 -0.00513916 -0.000249248 0.999987 -0.0342043 36.0073 -0.0122697</i>
                        <i>0.999978 -0.00407214 0.00525335 0.00407048 0.999992 0.000325978 -0.00525464 -0.000304587 0.999986 0.00688453 36.0029 -0.0113366</i>
                        <i>0.999979 -0.00353627 0.0053714 0.00353427 0.999994 0.000381347 -0.00537271 -0.000362355 0.999986 -0.00440384 36.0004 -0.0106469</i>
                        <i>0.99998 -0.00325213 0.00549575 0.00324985 0.999995 0.000424067 -0.0054971 -0.000406198 0.999985 -0.00871868 35.998 -0.0102192</i>
                        <i>0.99998 -0.00294575 0.00562956 0.00294322 0.999996 0.000458548 -0.00563089 -0.00044197 0.999984 -0.0136706 35.9981 -0.0100725</i>
                        <i>0.999979 -0.00297111 0.00577598 0.00296831 0.999995 0.000492736 -0.00577742 -0.000475581 0.999983 -0.00941542 36.002 0.0479252</i>
                        <i>0.999987 -0.00397535 -0.00309124 0.003977 0.999992 0.000526654 0.00308912 -0.000538942 0.999995 0.0223624 36.0028 0.153553</i>
                        <i>0.999922 -0.00369474 -0.0119582 0.0037017 0.999993 0.000560404 0.0119561 -0.000604626 0.999928 0.0184928 36.0056 0.204262</i>
                        <i>0.999877 -0.00324305 -0.015341 0.00325255 0.999995 0.000593938 0.015339 -0.000643762 0.999882 0.00968397 36.0043 0.132151</i>
                        <i>0.999964 -0.0027696 -0.00806072 0.00277475 0.999996 0.000627212 0.00805894 -0.000649555 0.999967 -0.000117982 36.0077 0.00512062</i>
                        <i>0.999984 -0.00302443 0.00470415 0.00302136 0.999995 0.0006604 -0.00470612 -0.000646177 0.999989 0.0101173 36.0071 -0.0756649</i>
                        <i>0.999915 -0.00186414 0.0128977 0.00185535 0.999998 0.000693546 -0.0128989 -0.000669557 0.999917 -0.0187508 36.0049 -0.072634</i>
                        <i>0.999938 -0.00188215 0.010982 0.00187428 0.999998 0.00072656 -0.0109833 -0.000705932 0.999939 -0.0145296 36.0052 -0.0342794</i>
                        <i>0.999989 -0.00156764 0.00449514 0.00156424 0.999999 0.000759522 -0.00449632 -0.000752482 0.99999 -0.0193642 36.0082 0.0114648</i>
                        <i>1 -0.0009918 -3.03411e-006 0.000991802 0.999999 0.000792501 2.24811e-006 -0.000792504 1 -0.031516 36.0078 0.0366648</i>
                        <i>1 -0.000665917 -0.000600107 0.000666412 0.999999 0.00082551 0.000599557 -0.00082591 0.999999 -0.0368635 36.0088 0.0416011</i>
                        <i>1 -0.000709487 -0.000119175 0.000709589 0.999999 0.000858576 0.000118566 -0.00085866 1 -0.0319872 36.0074 0.045265</i>
                        <i>0.999999 -0.00118826 0.00089673 0.00118746 0.999999 0.000891729 -0.000897789 -0.000890663 0.999999 -0.0150428 36.0041 0.047788</i>
                        <i>0.999996 -0.00203277 0.00190458 0.00203101 0.999997 0.000924906 -0.00190646 -0.000921034 0.999998 0.0120604 36.0038 0.0493019</i>
                        <i>0.999995 -0.00207128 0.00236133 0.00206902 0.999997 0.000958024 -0.00236331 -0.000953134 0.999997 0.0168104 36.0033 0.0499381</i>
                        <i>0.999994 -0.00264153 0.00232423 0.00263924 0.999996 0.000991092 -0.00232684 -0.000984952 0.999997 0.0363437 36.0046 0.0498284</i>
                        <i>0.999995 -0.00237276 0.00221966 0.00237049 0.999997 0.00102412 -0.00222208 -0.00101885 0.999997 0.032587 36.005 0.0491044</i>
                        <i>0.999995 -0.00249269 0.00205826 0.00249052 0.999996 0.00105711 -0.00206089 -0.00105197 0.999997 0.0396243 36.0055 0.0478978</i>
                        <i>0.999996 -0.00222735 0.0018507 0.00222534 0.999997 0.00109007 -0.00185312 -0.00108595 0.999998 0.0359665 36.0043 0.0463401</i>
                        <i>0.999998 -0.00114657 0.00160762 0.00114477 0.999999 0.00112301 -0.00160891 -0.00112117 0.999998 0.00966967 36.0095 0.044563</i>
                        <i>0.999999 -0.000803475 0.00133969 0.000801927 0.999999 0.00115594 -0.00134061 -0.00115486 0.999998 0.00385092 36.0051 0.0426981</i>
                        <i>0.999999 -0.000819292 0.00105754 0.000818035 0.999999 0.00118886 -0.00105852 -0.001188 0.999999 0.00799329 36.0023 0.0408772</i>
                        <i>0.999999 -0.00104172 0.000771851 0.00104078 0.999999 0.00122179 -0.000773123 -0.00122099 0.999999 0.017867 36.0009 0.0392317</i>
                        <i>1 -0.00041897 0.00049326 0.000418351 0.999999 0.00125473 -0.000493785 -0.00125452 0.999999 0.00427047 36.0056 0.0378934</i>
                        <i>1 9.53369e-005 0.000232425 -9.56361e-005 0.999999 0.00128768 -0.000232302 -0.0012877 0.999999 -0.00632292 36.0086 0.0369939</i>
                        <i>0.999999 0.00123771 -1.05879e-022 -0.00123771 0.999998 0.00132066 1.63459e-006 -0.00132066 0.999999 -0.0343618 36.0067 0.0366648</i>
                    </KeyFrames>
                </p>
            </i>
            <i>
                <p>
                    <Name><![CDATA[l_clavicle]]></Name>
                    <Exclude>0</Exclude>
                    <Additive>0</Additive>
                    <IKPriority>0</IKPriority>
                    <IKRotLimits>-1e+010 -1e+010 -1e+010 1e+010 1e+010 1e+010</IKRotLimits>
                    <IKRotLimitOrder>0</IKRotLimitOrder>
                    <KeyFrames count="121">
                        <i>0.999999 0.00127021 -2.64698e-023 -0.00127021 0.999999 0.000335286 4.25883e-007 -0.000335286 1 12.5299 48.0123 -10.5283</i>
                        <i>0.997921 -0.00595362 -0.0641705 0.00670822 0.999911 0.0115502 0.064096 -0.0119567 0.997872 12.5011 49.5893 -10.5416</i>
                        <i>0.992757 -0.0152693 -0.119167 0.018253 0.999546 0.023987 0.118747 -0.0259884 0.992584 12.7645 49.8768 -10.3239</i>
                        <i>0.989094 -0.0174435 -0.14625 0.0226446 0.999166 0.0339743 0.145535 -0.0369155 0.988664 13.0474 49.8813 -9.86813</i>
                        <i>0.987123 -0.0137265 -0.159373 0.020003 0.999083 0.0378448 0.158708 -0.0405454 0.986493 13.1354 49.6555 -9.55424</i>
                        <i>0.987163 -0.00999869 -0.159402 0.0159817 0.999213 0.0362962 0.158914 -0.0383777 0.986546 13.1899 49.1907 -9.42399</i>
                        <i>0.989107 -0.00590756 -0.14708 0.0108399 0.999405 0.0327562 0.146799 -0.0339937 0.988582 13.1584 48.5487 -9.41275</i>
                        <i>0.993279 -0.00322103 -0.1157 0.00646619 0.999596 0.0276838 0.115564 -0.0282459 0.992898 13.0571 47.8763 -9.5799</i>
                        <i>0.997572 -0.000610844 -0.0696437 0.00211583 0.999766 0.0215381 0.0696142 -0.0216332 0.997339 12.8343 47.8357 -9.93815</i>
                        <i>0.999764 0.00257861 -0.0215716 -0.00226006 0.999888 0.0147787 0.0216073 -0.0147264 0.999658 12.5317 47.8191 -10.4108</i>
                        <i>0.99987 0.00477759 0.0153927 -0.00489909 0.999957 0.00786527 -0.0153544 -0.00793966 0.999851 12.2582 47.7987 -10.9245</i>
                        <i>0.999598 0.00323201 0.028164 -0.00326873 0.999994 0.00125803 -0.0281598 -0.00134958 0.999602 12.1539 47.7495 -11.4087</i>
                        <i>0.999862 -0.00417196 0.0160619 0.00424607 0.999981 -0.00458297 -0.0160424 0.00465054 0.99986 12.3396 47.7542 -11.7124</i>
                        <i>0.99991 -0.0122002 -0.00556998 0.0122067 0.999925 0.00112436 0.00555584 -0.00119225 0.999984 12.6634 47.9645 -11.3756</i>
                        <i>0.999503 -0.0158497 -0.027246 0.0160414 0.999848 0.00683156 0.0271336 -0.00726523 0.999605 12.8896 48.0933 -10.9554</i>
                        <i>0.998939 -0.0114814 -0.0446031 0.0119241 0.999882 0.00967253 0.0444868 -0.0101941 0.998958 12.7973 48.1071 -10.6441</i>
                        <i>0.998519 -0.00379936 -0.0542711 0.00431941 0.999946 0.00946837 0.0542322 -0.00968877 0.998481 12.5694 48.0573 -10.4331</i>
                        <i>0.997481 0.00043176 -0.070937 0.000149574 0.999966 0.00818955 0.0709382 -0.00817953 0.997447 12.4831 47.9182 -10.2688</i>
                        <i>0.99557 5.31562e-005 -0.0940231 0.000531608 0.999981 0.00619432 0.0940216 -0.00621686 0.995551 12.5887 47.722 -10.1642</i>
                        <i>0.995235 -0.00444161 -0.0974032 0.00483869 0.999981 0.00384085 0.0973843 -0.00429385 0.995238 12.8195 47.6188 -10.1517</i>
                        <i>0.997044 -0.00932104 -0.0762665 0.00946201 0.999954 0.00148737 0.0762492 -0.00220461 0.997086 13.0038 47.507 -10.2225</i>
                        <i>0.998845 -0.0132157 -0.0461923 0.0132064 0.999913 -0.00050787 0.046195 -0.000102749 0.998932 13.1288 47.393 -10.3182</i>
                        <i>0.999847 -0.0129366 -0.0117664 0.012946 0.999916 0.000722475 0.0117561 -0.000874693 0.999931 13.0782 47.3638 -10.3177</i>
                        <i>0.999663 -0.0130575 0.0224485 0.0130169 0.999913 0.00195282 -0.0224721 -0.00165995 0.999746 13.0275 47.3328 -10.3381</i>
                        <i>0.998559 -0.0138746 0.051848 0.0137279 0.999901 0.00318316 -0.051887 -0.0024668 0.99865 12.9938 47.2985 -10.3702</i>
                        <i>0.997312 -0.0143242 0.0718627 0.0140432 0.999892 0.00441349 -0.0719182 -0.00339245 0.997405 12.9426 47.2726 -10.405</i>
                        <i>0.996852 -0.0142675 0.0779914 0.0140745 0.999896 0.00302358 -0.0780264 -0.00191637 0.996949 12.8838 47.2373 -10.5353</i>
                        <i>0.997491 -0.0143379 0.0693257 0.0142589 0.999897 0.00163366 -0.069342 -0.000641051 0.997593 12.8406 47.2143 -10.6504</i>
                        <i>0.998441 -0.0139589 0.0540435 0.0139661 0.999902 0.000243736 -0.0540416 0.000511423 0.998539 12.8306 47.1844 -10.7018</i>
                        <i>0.999431 -0.0137045 0.0308132 0.0137463 0.999905 -0.00114619 -0.0307945 0.00156911 0.999524 12.8251 47.1291 -10.7516</i>
                        <i>0.999907 -0.0132849 0.00316698 0.0132867 0.999912 -0.00053019 -0.00315965 0.000572219 0.999995 12.8113 47.092 -10.7226</i>
                        <i>0.999608 -0.0119851 -0.0252939 0.0119911 0.999928 8.58123e-005 0.0252911 -0.000389081 0.99968 12.7655 47.0756 -10.6935</i>
                        <i>0.998631 -0.0116853 -0.0509865 0.0117364 0.999931 0.000701813 0.0509748 -0.00129925 0.998699 12.76 47.1352 -10.6647</i>
                        <i>0.997453 -0.0117641 -0.0703471 0.0118863 0.999928 0.00131781 0.0703266 -0.00215062 0.997522 12.7696 47.1954 -10.637</i>
                        <i>0.996743 -0.0114064 -0.0798376 0.0115978 0.999931 0.00193382 0.07981 -0.00285346 0.996806 12.761 47.258 -10.6109</i>
                        <i>0.996592 -0.0111009 -0.0817349 0.0112791 0.999935 0.00171908 0.0817105 -0.00263512 0.996653 12.7495 47.2976 -10.6195</i>
                        <i>0.996659 -0.0104023 -0.0810058 0.0105588 0.999943 0.00150435 0.0809855 -0.00235465 0.996712 12.72 47.3221 -10.631</i>
                        <i>0.9969 -0.00932492 -0.0781264 0.00945456 0.999954 0.00128962 0.0781109 -0.00202427 0.996943 12.6727 47.3389 -10.6462</i>
                        <i>0.996865 -0.0102208 -0.0784601 0.0103383 0.999946 0.00109166 0.0784447 -0.00189939 0.996917 12.6476 47.3237 -10.7269</i>
                        <i>0.997082 -0.0113401 -0.0754867 0.0114606 0.999934 0.00116456 0.0754685 -0.00202629 0.997146 12.6502 47.3129 -10.776</i>
                        <i>0.998112 -0.0115492 -0.0603276 0.0116467 0.999931 0.00126546 0.0603089 -0.00196569 0.998178 12.7339 47.3474 -10.6863</i>
                        <i>0.999096 -0.0112112 -0.0410144 0.0112776 0.999935 0.00138945 0.0409962 -0.00185074 0.999158 12.8312 47.3887 -10.5526</i>
                        <i>0.999607 -0.0114446 -0.0255756 0.0114875 0.999933 0.00153161 0.0255563 -0.00182481 0.999672 12.9065 47.423 -10.4711</i>
                        <i>0.999772 -0.0123232 -0.0174203 0.0123544 0.999922 0.00168709 0.0173982 -0.00190193 0.999847 12.933 47.4505 -10.4805</i>
                        <i>0.999838 -0.0123485 -0.013077 0.0123737 0.999922 0.00185101 0.0130532 -0.00201252 0.999913 12.8923 47.4849 -10.5311</i>
                        <i>0.999886 -0.0111147 -0.0102663 0.011136 0.999936 0.00201843 0.0102432 -0.00213252 0.999945 12.7961 47.5387 -10.5886</i>
                        <i>0.999921 -0.0105917 -0.00670795 0.0106066 0.999941 0.00218445 0.00668442 -0.00225543 0.999975 12.7501 47.5831 -10.6187</i>
                        <i>0.999944 -0.0101497 -0.00291998 0.0101566 0.999946 0.00234419 0.00289603 -0.00237372 0.999993 12.729 47.6261 -10.623</i>
                        <i>0.999956 -0.0092907 -0.00123712 0.00929376 0.999954 0.00249276 0.0012139 -0.00250415 0.999996 12.6933 47.6748 -10.6255</i>
                        <i>0.999953 -0.00970008 -0.000714085 0.00970192 0.99995 0.00262525 0.000688584 -0.00263205 0.999996 12.7091 47.7045 -10.6264</i>
                        <i>0.999958 -0.00917943 -0.000119719 0.00917972 0.999954 0.00273677 9.45915e-005 -0.00273776 0.999996 12.6894 47.7418 -10.6262</i>
                        <i>0.999955 -0.00944076 0.000530238 0.00943922 0.999951 0.00282244 -0.000556859 -0.00281731 0.999996 12.7017 47.7737 -10.6251</i>
                        <i>0.999954 -0.00949489 0.00122006 0.00949135 0.999951 0.00287669 -0.00124731 -0.00286497 0.999995 12.7068 47.8016 -10.6234</i>
                        <i>0.999959 -0.00888769 0.001934 0.00888207 0.999956 0.00289493 -0.00195964 -0.00287763 0.999994 12.6865 47.8316 -10.6214</i>
                        <i>0.99996 -0.00849457 0.00265631 0.00848693 0.99996 0.00287369 -0.00268061 -0.00285103 0.999992 12.6752 47.8563 -10.6192</i>
                        <i>0.999965 -0.00759218 0.00337123 0.00758272 0.999967 0.00280952 -0.00339245 -0.00278386 0.99999 12.6441 47.8901 -10.6172</i>
                        <i>0.999966 -0.00723945 0.00406303 0.00722852 0.99997 0.00269894 -0.00408245 -0.00266948 0.999988 12.635 47.915 -10.6156</i>
                        <i>0.999965 -0.00686681 0.00471594 0.00685489 0.999973 0.00253849 -0.00473325 -0.00250608 0.999986 12.6251 47.9333 -10.6146</i>
                        <i>0.999958 -0.00740612 0.00531422 0.00739385 0.99997 0.00232471 -0.00533128 -0.00228532 0.999983 12.6514 47.9303 -10.6143</i>
                        <i>0.999958 -0.00703875 0.00584213 0.00702685 0.999973 0.00205413 -0.00585643 -0.00201299 0.999981 12.6413 47.9356 -10.6152</i>
                        <i>0.999959 -0.00652448 0.0062839 0.00651377 0.999977 0.00172328 -0.006295 -0.00168228 0.999979 12.6249 47.9396 -10.6173</i>
                        <i>0.999955 -0.0067884 0.0066238 0.00677974 0.999976 0.0013287 -0.00663266 -0.00128373 0.999977 12.6387 47.9343 -10.6209</i>
                        <i>0.999955 -0.00653743 0.00687692 0.00656691 0.999969 -0.00427283 -0.00684878 0.0043178 0.999967 12.6329 47.8804 -10.6875</i>
                        <i>0.999953 -0.00655797 0.00708452 0.00662586 0.999932 -0.00960259 -0.00702107 0.00964908 0.999929 12.6377 47.8253 -10.7505</i>
                        <i>0.999944 -0.00772969 0.00727117 0.00776236 0.99996 -0.00447535 -0.00723628 0.00453154 0.999964 12.6855 47.8659 -10.6885</i>
                        <i>0.999931 -0.00903378 0.00745965 0.00902071 0.999958 0.00178388 -0.00747545 -0.00171646 0.999971 12.7386 47.9162 -10.6121</i>
                        <i>0.999924 -0.00962922 0.00767375 0.00960313 0.999948 0.00342871 -0.00770637 -0.00335475 0.999965 12.7653 47.928 -10.5903</i>
                        <i>0.999936 -0.00801282 0.00793727 0.00798444 0.999962 0.00360077 -0.00796582 -0.00353717 0.999962 12.7054 47.9497 -10.5851</i>
                        <i>0.99994 -0.00716402 0.00827388 0.00714526 0.999972 0.0022951 -0.00829009 -0.00223585 0.999963 12.6774 47.9495 -10.5964</i>
                        <i>0.999939 -0.00684359 0.00867533 0.00687799 0.999969 -0.00394171 -0.00864808 0.00400114 0.999955 12.6728 47.8863 -10.6657</i>
                        <i>0.999931 -0.00745023 0.00910998 0.00752722 0.999936 -0.00844698 -0.00904646 0.00851497 0.999923 12.705 47.828 -10.7131</i>
                        <i>0.999926 -0.00757435 0.00956728 0.0075783 0.999971 -0.000376654 -0.00956415 0.000449129 0.999954 12.7148 47.9123 -10.6095</i>
                        <i>0.999925 -0.00695895 0.0100345 0.00687919 0.999945 0.00796201 -0.0100894 -0.00789239 0.999918 12.6954 48.0083 -10.5014</i>
                        <i>0.999927 -0.00595254 0.0105013 0.00587639 0.999956 0.00726804 -0.0105441 -0.0072058 0.999918 12.6637 48.0133 -10.5016</i>
                        <i>0.999925 -0.00555972 0.010956 0.00551843 0.999978 0.00379586 -0.0109769 -0.00373512 0.999933 12.6576 47.9842 -10.5351</i>
                        <i>0.999919 -0.00564418 0.011387 0.0056295 0.999983 0.00132063 -0.0113942 -0.00125643 0.999934 12.6702 47.9557 -10.5564</i>
                        <i>0.999918 -0.00492235 0.0117828 0.00491418 0.999988 0.000721963 -0.0117862 -0.000664001 0.99993 12.65 47.9576 -10.5552</i>
                        <i>0.999915 -0.0047874 0.0121322 0.0047837 0.999988 0.000334289 -0.0121336 -0.000276224 0.999926 12.6529 47.9547 -10.5518</i>
                        <i>0.999914 -0.00414309 0.0124236 0.00414198 0.999991 0.000115134 -0.012424 -6.3666e-005 0.999923 12.6351 47.9591 -10.5467</i>
                        <i>0.999913 -0.00384344 0.0126458 0.00384347 0.999993 2.20241e-005 -0.0126458 2.65816e-005 0.99992 12.6305 47.9622 -10.5408</i>
                        <i>0.999901 -0.00579634 0.0127873 0.00579666 0.999983 1.24783e-005 -0.0127871 6.16463e-005 0.999918 12.7148 47.9366 -10.5347</i>
                        <i>0.999892 -0.00707813 0.0128608 0.00707815 0.999975 4.40197e-005 -0.0128608 4.70155e-005 0.999917 12.7718 47.9211 -10.5287</i>
                        <i>0.999893 -0.00686231 0.0128895 0.00686193 0.999976 7.41709e-005 -0.0128897 1.42839e-005 0.999917 12.7691 47.927 -10.5232</i>
                        <i>0.999896 -0.00646975 0.0128778 0.0064695 0.999979 6.0455e-005 -0.0128779 2.2864e-005 0.999917 12.7592 47.9337 -10.5186</i>
                        <i>0.999895 -0.0067923 0.0128297 0.00679251 0.999977 2.71739e-005 -0.0128296 5.9975e-005 0.999918 12.7775 47.9244 -10.5146</i>
                        <i>0.999894 -0.00699548 0.0127497 0.00699575 0.999976 2.3432e-005 -0.0127496 6.57642e-005 0.999919 12.7908 47.9216 -10.5106</i>
                        <i>0.999903 -0.00577141 0.0126419 0.00577131 0.999983 4.39557e-005 -0.0126419 2.90088e-005 0.99992 12.7473 47.939 -10.5066</i>
                        <i>0.999914 -0.00403802 0.0125105 0.00403729 0.999992 8.34711e-005 -0.0125108 -3.29552e-005 0.999922 12.6835 47.9605 -10.5027</i>
