<?xml version="1.0" encoding="ISO-8859-1" ?>
<Animl Version="1">
    <ModellingPackage><![CDATA[Maya.2010]]></ModellingPackage>
    <SrcFile><![CDATA[anims\bosses\red\~src\sub_typhoon_aa\sub_typhoon_aa_reload_low.mb]]></SrcFile>
    <FramesPerSecond>30</FramesPerSecond>
    <TotalFrames>121</TotalFrames>
    <Skeleton>
        <RefFrame>
            <Name><![CDATA[typhoon_aa_ref_frame]]></Name>
            <Exclude>0</Exclude>
            <Additive>0</Additive>
            <IKPriority>0</IKPriority>
            <IKRotLimits>-1e+010 -1e+010 -1e+010 1e+010 1e+010 1e+010</IKRotLimits>
            <IKRotLimitOrder>0</IKRotLimitOrder>
            <KeyFrames count="121">
                <i>1 0 0 0 1 0 0 0 1 0 0 0</i>
                <i>1 0 0 0 1 0 0 0 1 0 0 0</i>
                <i>1 0 0 0 1 0 0 0 1 0 0 0</i>
                <i>1 0 0 0 1 0 0 0 1 0 0 0</i>
                <i>1 0 0 0 1 0 0 0 1 0 0 0</i>
                <i>1 0 0 0 1 0 0 0 1 0 0 0</i>
                <i>1 0 0 0 1 0 0 0 1 0 0 0</i>
                <i>1 0 0 0 1 0 0 0 1 0 0 0</i>
                <i>1 0 0 0 1 0 0 0 1 0 0 0</i>
                <i>1 0 0 0 1 0 0 0 1 0 0 0</i>
                <i>1 0 0 0 1 0 0 0 1 0 0 0</i>
                <i>1 0 0 0 1 0 0 0 1 0 0 0</i>
                <i>1 0 0 0 1 0 0 0 1 0 0 0</i>
                <i>1 0 0 0 1 0 0 0 1 0 0 0</i>
                <i>1 0 0 0 1 0 0 0 1 0 0 0</i>
                <i>1 0 0 0 1 0 0 0 1 0 0 0</i>
                <i>1 0 0 0 1 0 0 0 1 0 0 0</i>
                <i>1 0 0 0 1 0 0 0 1 0 0 0</i>
                <i>1 0 0 0 1 0 0 0 1 0 0 0</i>
                <i>1 0 0 0 1 0 0 0 1 0 0 0</i>
                <i>1 0 0 0 1 0 0 0 1 0 0 0</i>
                <i>1 0 0 0 1 0 0 0 1 0 0 0</i>
                <i>1 0 0 0 1 0 0 0 1 0 0 0</i>
                <i>1 0 0 0 1 0 0 0 1 0 0 0</i>
                <i>1 0 0 0 1 0 0 0 1 0 0 0</i>
                <i>1 0 0 0 1 0 0 0 1 0 0 0</i>
                <i>1 0 0 0 1 0 0 0 1 0 0 0</i>
                <i>1 0 0 0 1 0 0 0 1 0 0 0</i>
                <i>1 0 0 0 1 0 0 0 1 0 0 0</i>
                <i>1 0 0 0 1 0 0 0 1 0 0 0</i>
                <i>1 0 0 0 1 0 0 0 1 0 0 0</i>
                <i>1 0 0 0 1 0 0 0 1 0 0 0</i>
                <i>1 0 0 0 1 0 0 0 1 0 0 0</i>
                <i>1 0 0 0 1 0 0 0 1 0 0 0</i>
                <i>1 0 0 0 1 0 0 0 1 0 0 0</i>
                <i>1 0 0 0 1 0 0 0 1 0 0 0</i>
                <i>1 0 0 0 1 0 0 0 1 0 0 0</i>
                <i>1 0 0 0 1 0 0 0 1 0 0 0</i>
                <i>1 0 0 0 1 0 0 0 1 0 0 0</i>
                <i>1 0 0 0 1 0 0 0 1 0 0 0</i>
                <i>1 0 0 0 1 0 0 0 1 0 0 0</i>
                <i>1 0 0 0 1 0 0 0 1 0 0 0</i>
                <i>1 0 0 0 1 0 0 0 1 0 0 0</i>
                <i>1 0 0 0 1 0 0 0 1 0 0 0</i>
                <i>1 0 0 0 1 0 0 0 1 0 0 0</i>
                <i>1 0 0 0 1 0 0 0 1 0 0 0</i>
                <i>1 0 0 0 1 0 0 0 1 0 0 0</i>
                <i>1 0 0 0 1 0 0 0 1 0 0 0</i>
                <i>1 0 0 0 1 0 0 0 1 0 0 0</i>
                <i>1 0 0 0 1 0 0 0 1 0 0 0</i>
                <i>1 0 0 0 1 0 0 0 1 0 0 0</i>
                <i>1 0 0 0 1 0 0 0 1 0 0 0</i>
                <i>1 0 0 0 1 0 0 0 1 0 0 0</i>
                <i>1 0 0 0 1 0 0 0 1 0 0 0</i>
                <i>1 0 0 0 1 0 0 0 1 0 0 0</i>
                <i>1 0 0 0 1 0 0 0 1 0 0 0</i>
                <i>1 0 0 0 1 0 0 0 1 0 0 0</i>
                <i>1 0 0 0 1 0 0 0 1 0 0 0</i>
                <i>1 0 0 0 1 0 0 0 1 0 0 0</i>
                <i>1 0 0 0 1 0 0 0 1 0 0 0</i>
                <i>1 0 0 0 1 0 0 0 1 0 0 0</i>
                <i>1 0 0 0 1 0 0 0 1 0 0 0</i>
                <i>1 0 0 0 1 0 0 0 1 0 0 0</i>
                <i>1 0 0 0 1 0 0 0 1 0 0 0</i>
                <i>1 0 0 0 1 0 0 0 1 0 0 0</i>
                <i>1 0 0 0 1 0 0 0 1 0 0 0</i>
                <i>1 0 0 0 1 0 0 0 1 0 0 0</i>
                <i>1 0 0 0 1 0 0 0 1 0 0 0</i>
                <i>1 0 0 0 1 0 0 0 1 0 0 0</i>
                <i>1 0 0 0 1 0 0 0 1 0 0 0</i>
                <i>1 0 0 0 1 0 0 0 1 0 0 0</i>
                <i>1 0 0 0 1 0 0 0 1 0 0 0</i>
                <i>1 0 0 0 1 0 0 0 1 0 0 0</i>
                <i>1 0 0 0 1 0 0 0 1 0 0 0</i>
                <i>1 0 0 0 1 0 0 0 1 0 0 0</i>
                <i>1 0 0 0 1 0 0 0 1 0 0 0</i>
                <i>1 0 0 0 1 0 0 0 1 0 0 0</i>
                <i>1 0 0 0 1 0 0 0 1 0 0 0</i>
                <i>1 0 0 0 1 0 0 0 1 0 0 0</i>
                <i>1 0 0 0 1 0 0 0 1 0 0 0</i>
                <i>1 0 0 0 1 0 0 0 1 0 0 0</i>
                <i>1 0 0 0 1 0 0 0 1 0 0 0</i>
                <i>1 0 0 0 1 0 0 0 1 0 0 0</i>
                <i>1 0 0 0 1 0 0 0 1 0 0 0</i>
                <i>1 0 0 0 1 0 0 0 1 0 0 0</i>
                <i>1 0 0 0 1 0 0 0 1 0 0 0</i>
                <i>1 0 0 0 1 0 0 0 1 0 0 0</i>
                <i>1 0 0 0 1 0 0 0 1 0 0 0</i>
                <i>1 0 0 0 1 0 0 0 1 0 0 0</i>
                <i>1 0 0 0 1 0 0 0 1 0 0 0</i>
                <i>1 0 0 0 1 0 0 0 1 0 0 0</i>
                <i>1 0 0 0 1 0 0 0 1 0 0 0</i>
                <i>1 0 0 0 1 0 0 0 1 0 0 0</i>
                <i>1 0 0 0 1 0 0 0 1 0 0 0</i>
                <i>1 0 0 0 1 0 0 0 1 0 0 0</i>
                <i>1 0 0 0 1 0 0 0 1 0 0 0</i>
                <i>1 0 0 0 1 0 0 0 1 0 0 0</i>
                <i>1 0 0 0 1 0 0 0 1 0 0 0</i>
                <i>1 0 0 0 1 0 0 0 1 0 0 0</i>
                <i>1 0 0 0 1 0 0 0 1 0 0 0</i>
                <i>1 0 0 0 1 0 0 0 1 0 0 0</i>
                <i>1 0 0 0 1 0 0 0 1 0 0 0</i>
                <i>1 0 0 0 1 0 0 0 1 0 0 0</i>
                <i>1 0 0 0 1 0 0 0 1 0 0 0</i>
                <i>1 0 0 0 1 0 0 0 1 0 0 0</i>
                <i>1 0 0 0 1 0 0 0 1 0 0 0</i>
                <i>1 0 0 0 1 0 0 0 1 0 0 0</i>
                <i>1 0 0 0 1 0 0 0 1 0 0 0</i>
                <i>1 0 0 0 1 0 0 0 1 0 0 0</i>
                <i>1 0 0 0 1 0 0 0 1 0 0 0</i>
                <i>1 0 0 0 1 0 0 0 1 0 0 0</i>
                <i>1 0 0 0 1 0 0 0 1 0 0 0</i>
                <i>1 0 0 0 1 0 0 0 1 0 0 0</i>
                <i>1 0 0 0 1 0 0 0 1 0 0 0</i>
                <i>1 0 0 0 1 0 0 0 1 0 0 0</i>
                <i>1 0 0 0 1 0 0 0 1 0 0 0</i>
                <i>1 0 0 0 1 0 0 0 1 0 0 0</i>
                <i>1 0 0 0 1 0 0 0 1 0 0 0</i>
                <i>1 0 0 0 1 0 0 0 1 0 0 0</i>
                <i>1 0 0 0 1 0 0 0 1 0 0 0</i>
                <i>1 0 0 0 1 0 0 0 1 0 0 0</i>
            </KeyFrames>
        </RefFrame>
        <Bones count="23">
            <i>
                <p>
                    <Name><![CDATA[typhoon_aa_root]]></Name>
                    <Exclude>0</Exclude>
                    <Additive>0</Additive>
                    <IKPriority>0</IKPriority>
                    <IKRotLimits>-1e+010 -1e+010 -1e+010 1e+010 1e+010 1e+010</IKRotLimits>
                    <IKRotLimitOrder>0</IKRotLimitOrder>
                    <KeyFrames count="121">
                        <i>1 0 0 0 1 0 0 0 1 3.43832e-009 3.87337 0</i>
                        <i>1 0 0 0 1 0 0 0 1 3.43832e-009 3.87337 0</i>
                        <i>1 0 0 0 1 0 0 0 1 3.43832e-009 3.87337 0</i>
                        <i>1 0 0 0 1 0 0 0 1 3.43832e-009 3.87337 0</i>
                        <i>1 0 0 0 1 0 0 0 1 3.43832e-009 3.87337 0</i>
                        <i>1 0 0 0 1 0 0 0 1 3.43832e-009 3.87337 0</i>
                        <i>1 0 0 0 1 0 0 0 1 3.43832e-009 3.87337 0</i>
                        <i>1 0 0 0 1 0 0 0 1 3.43832e-009 3.87337 0</i>
                        <i>1 0 0 0 1 0 0 0 1 3.43832e-009 3.87337 0</i>
                        <i>1 0 0 0 1 0 0 0 1 3.43832e-009 3.87337 0</i>
                        <i>1 0 0 0 1 0 0 0 1 3.43832e-009 3.87337 0</i>
                        <i>1 0 0 0 1 0 0 0 1 3.43832e-009 3.87337 0</i>
                        <i>1 0 0 0 1 0 0 0 1 3.43832e-009 3.87337 0</i>
                        <i>1 0 0 0 1 0 0 0 1 3.43832e-009 3.87337 0</i>
                        <i>1 0 0 0 1 0 0 0 1 3.43832e-009 3.87337 0</i>
                        <i>1 0 0 0 1 0 0 0 1 3.43832e-009 3.87337 0</i>
                        <i>1 0 0 0 1 0 0 0 1 3.43832e-009 3.87337 0</i>
                        <i>1 0 0 0 1 0 0 0 1 3.43832e-009 3.87337 0</i>
                        <i>1 0 0 0 1 0 0 0 1 3.43832e-009 3.87337 0</i>
                        <i>1 0 0 0 1 0 0 0 1 3.43832e-009 3.87337 0</i>
                        <i>1 0 0 0 1 0 0 0 1 3.43832e-009 3.87337 0</i>
                        <i>1 0 0 0 1 0 0 0 1 3.43832e-009 3.87337 0</i>
                        <i>1 0 0 0 1 0 0 0 1 3.43832e-009 3.87337 0</i>
                        <i>1 0 0 0 1 0 0 0 1 3.43832e-009 3.87337 0</i>
                        <i>1 0 0 0 1 0 0 0 1 3.43832e-009 3.87337 0</i>
                        <i>1 0 0 0 1 0 0 0 1 3.43832e-009 3.87337 0</i>
                        <i>1 0 0 0 1 0 0 0 1 3.43832e-009 3.87337 0</i>
                        <i>1 0 0 0 1 0 0 0 1 3.43832e-009 3.87337 0</i>
                        <i>1 0 0 0 1 0 0 0 1 3.43832e-009 3.87337 0</i>
                        <i>1 0 0 0 1 0 0 0 1 3.43832e-009 3.87337 0</i>
                        <i>1 0 0 0 1 0 0 0 1 3.43832e-009 3.87337 0</i>
                        <i>1 0 0 0 1 0 0 0 1 3.43832e-009 3.87337 0</i>
                        <i>1 0 0 0 1 0 0 0 1 3.43832e-009 3.87337 0</i>
                        <i>1 0 0 0 1 0 0 0 1 3.43832e-009 3.87337 0</i>
                        <i>1 0 0 0 1 0 0 0 1 3.43832e-009 3.87337 0</i>
                        <i>1 0 0 0 1 0 0 0 1 3.43832e-009 3.87337 0</i>
                        <i>1 0 0 0 1 0 0 0 1 3.43832e-009 3.87337 0</i>
                        <i>1 0 0 0 1 0 0 0 1 3.43832e-009 3.87337 0</i>
                        <i>1 0 0 0 1 0 0 0 1 3.43832e-009 3.87337 0</i>
                        <i>1 0 0 0 1 0 0 0 1 3.43832e-009 3.87337 0</i>
                        <i>1 0 0 0 1 0 0 0 1 3.43832e-009 3.87337 0</i>
                        <i>1 0 0 0 1 0 0 0 1 3.43832e-009 3.87337 0</i>
                        <i>1 0 0 0 1 0 0 0 1 3.43832e-009 3.87337 0</i>
                        <i>1 0 0 0 1 0 0 0 1 3.43832e-009 3.87337 0</i>
                        <i>1 0 0 0 1 0 0 0 1 3.43832e-009 3.87337 0</i>
                        <i>1 0 0 0 1 0 0 0 1 3.43832e-009 3.87337 0</i>
                        <i>1 0 0 0 1 0 0 0 1 3.43832e-009 3.87337 0</i>
                        <i>1 0 0 0 1 0 0 0 1 3.43832e-009 3.87337 0</i>
                        <i>1 0 0 0 1 0 0 0 1 3.43832e-009 3.87337 0</i>
                        <i>1 0 0 0 1 0 0 0 1 3.43832e-009 3.87337 0</i>
                        <i>1 0 0 0 1 0 0 0 1 3.43832e-009 3.87337 0</i>
                        <i>1 0 0 0 1 0 0 0 1 3.43832e-009 3.87337 0</i>
                        <i>1 0 0 0 1 0 0 0 1 3.43832e-009 3.87337 0</i>
                        <i>1 0 0 0 1 0 0 0 1 3.43832e-009 3.87337 0</i>
                        <i>1 0 0 0 1 0 0 0 1 3.43832e-009 3.87337 0</i>
                        <i>1 0 0 0 1 0 0 0 1 3.43832e-009 3.87337 0</i>
                        <i>1 0 0 0 1 0 0 0 1 3.43832e-009 3.87337 0</i>
                        <i>1 0 0 0 1 0 0 0 1 3.43832e-009 3.87337 0</i>
                        <i>1 0 0 0 1 0 0 0 1 3.43832e-009 3.87337 0</i>
                        <i>1 0 0 0 1 0 0 0 1 3.43832e-009 3.87337 0</i>
                        <i>1 0 0 0 1 0 0 0 1 3.43832e-009 3.87337 0</i>
                        <i>1 0 0 0 1 0 0 0 1 3.43832e-009 3.87337 0</i>
                        <i>1 0 0 0 1 0 0 0 1 3.43832e-009 3.87337 0</i>
                        <i>1 0 0 0 1 0 0 0 1 3.43832e-009 3.87337 0</i>
                        <i>1 0 0 0 1 0 0 0 1 3.43832e-009 3.87337 0</i>
                        <i>1 0 0 0 1 0 0 0 1 3.43832e-009 3.87337 0</i>
                        <i>1 0 0 0 1 0 0 0 1 3.43832e-009 3.87337 0</i>
                        <i>1 0 0 0 1 0 0 0 1 3.43832e-009 3.87337 0</i>
                        <i>1 0 0 0 1 0 0 0 1 3.43832e-009 3.87337 0</i>
                        <i>1 0 0 0 1 0 0 0 1 3.43832e-009 3.87337 0</i>
                        <i>1 0 0 0 1 0 0 0 1 3.43832e-009 3.87337 0</i>
                        <i>1 0 0 0 1 0 0 0 1 3.43832e-009 3.87337 0</i>
                        <i>1 0 0 0 1 0 0 0 1 3.43832e-009 3.87337 0</i>
                        <i>1 0 0 0 1 0 0 0 1 3.43832e-009 3.87337 0</i>
                        <i>1 0 0 0 1 0 0 0 1 3.43832e-009 3.87337 0</i>
                        <i>1 0 0 0 1 0 0 0 1 3.43832e-009 3.87337 0</i>
                        <i>1 0 0 0 1 0 0 0 1 3.43832e-009 3.87337 0</i>
                        <i>1 0 0 0 1 0 0 0 1 3.43832e-009 3.87337 0</i>
                        <i>1 0 0 0 1 0 0 0 1 3.43832e-009 3.87337 0</i>
                        <i>1 0 0 0 1 0 0 0 1 3.43832e-009 3.87337 0</i>
                        <i>1 0 0 0 1 0 0 0 1 3.43832e-009 3.87337 0</i>
                        <i>1 0 0 0 1 0 0 0 1 3.43832e-009 3.87337 0</i>
                        <i>1 0 0 0 1 0 0 0 1 3.43832e-009 3.87337 0</i>
                        <i>1 0 0 0 1 0 0 0 1 3.43832e-009 3.87337 0</i>
                        <i>1 0 0 0 1 0 0 0 1 3.43832e-009 3.87337 0</i>
                        <i>1 0 0 0 1 0 0 0 1 3.43832e-009 3.87337 0</i>
                        <i>1 0 0 0 1 0 0 0 1 3.43832e-009 3.87337 0</i>
                        <i>1 0 0 0 1 0 0 0 1 3.43832e-009 3.87337 0</i>
                        <i>1 0 0 0 1 0 0 0 1 3.43832e-009 3.87337 0</i>
                        <i>1 0 0 0 1 0 0 0 1 3.43832e-009 3.87337 0</i>
                        <i>1 0 0 0 1 0 0 0 1 3.43832e-009 3.87337 0</i>
                        <i>1 0 0 0 1 0 0 0 1 3.43832e-009 3.87337 0</i>
                        <i>1 0 0 0 1 0 0 0 1 3.43832e-009 3.87337 0</i>
                        <i>1 0 0 0 1 0 0 0 1 3.43832e-009 3.87337 0</i>
                        <i>1 0 0 0 1 0 0 0 1 3.43832e-009 3.87337 0</i>
                        <i>1 0 0 0 1 0 0 0 1 3.43832e-009 3.87337 0</i>
                        <i>1 0 0 0 1 0 0 0 1 3.43832e-009 3.87337 0</i>
                        <i>1 0 0 0 1 0 0 0 1 3.43832e-009 3.87337 0</i>
                        <i>1 0 0 0 1 0 0 0 1 3.43832e-009 3.87337 0</i>
                        <i>1 0 0 0 1 0 0 0 1 3.43832e-009 3.87337 0</i>
                        <i>1 0 0 0 1 0 0 0 1 3.43832e-009 3.87337 0</i>
                        <i>1 0 0 0 1 0 0 0 1 3.43832e-009 3.87337 0</i>
                        <i>1 0 0 0 1 0 0 0 1 3.43832e-009 3.87337 0</i>
                        <i>1 0 0 0 1 0 0 0 1 3.43832e-009 3.87337 0</i>
                        <i>1 0 0 0 1 0 0 0 1 3.43832e-009 3.87337 0</i>
                        <i>1 0 0 0 1 0 0 0 1 3.43832e-009 3.87337 0</i>
                        <i>1 0 0 0 1 0 0 0 1 3.43832e-009 3.87337 0</i>
                        <i>1 0 0 0 1 0 0 0 1 3.43832e-009 3.87337 0</i>
                        <i>1 0 0 0 1 0 0 0 1 3.43832e-009 3.87337 0</i>
                        <i>1 0 0 0 1 0 0 0 1 3.43832e-009 3.87337 0</i>
                        <i>1 0 0 0 1 0 0 0 1 3.43832e-009 3.87337 0</i>
                        <i>1 0 0 0 1 0 0 0 1 3.43832e-009 3.87337 0</i>
                        <i>1 0 0 0 1 0 0 0 1 3.43832e-009 3.87337 0</i>
                        <i>1 0 0 0 1 0 0 0 1 3.43832e-009 3.87337 0</i>
                        <i>1 0 0 0 1 0 0 0 1 3.43832e-009 3.87337 0</i>
                        <i>1 0 0 0 1 0 0 0 1 3.43832e-009 3.87337 0</i>
                        <i>1 0 0 0 1 0 0 0 1 3.43832e-009 3.87337 0</i>
                        <i>1 0 0 0 1 0 0 0 1 3.43832e-009 3.87337 0</i>
                        <i>1 0 0 0 1 0 0 0 1 3.43832e-009 3.87337 0</i>
                        <i>1 0 0 0 1 0 0 0 1 3.43832e-009 3.87337 0</i>
                        <i>1 0 0 0 1 0 0 0 1 3.43832e-009 3.87337 0</i>
                    </KeyFrames>
                </p>
            </i>
            <i>
                <p>
                    <Name><![CDATA[left_missile1]]></Name>
                    <Exclude>0</Exclude>
                    <Additive>0</Additive>
                    <IKPriority>0</IKPriority>
                    <IKRotLimits>-1e+010 -1e+010 -1e+010 1e+010 1e+010 1e+010</IKRotLimits>
                    <IKRotLimitOrder>0</IKRotLimitOrder>
                    <KeyFrames count="121">
                        <i>1 0 0 0 2.22045e-016 -1 0 1 2.22045e-016 7.24305 3.93304 -1.70957</i>
                        <i>1 0 0 0 0.000334798 -1 0 1 0.000334798 7.24305 3.93795 -1.70749</i>
                        <i>1 0 0 0 0.00127877 -0.999999 0 0.999999 0.00127877 7.24305 3.95214 -1.70153</i>
                        <i>1 0 0 0 0.0027413 -0.999996 0 0.999996 0.0027413 7.24305 3.97464 -1.69226</i>
                        <i>1 0 0 0 0.00463173 -0.999989 0 0.999989 0.00463173 7.24305 4.00436 -1.68053</i>
                        <i>1 0 0 0 0.00685942 -0.999976 0 0.999976 0.00685942 7.24305 4.04011 -1.66733</i>
                        <i>1 0 0 0 0.00933374 -0.999956 0 0.999956 0.00933374 7.24305 4.08056 -1.65372</i>
                        <i>1 0 0 0 0.011964 -0.999928 0 0.999928 0.011964 7.24305 4.12431 -1.64074</i>
                        <i>1 0 0 0 0.0146596 -0.999893 0 0.999893 0.0146596 7.24305 4.16986 -1.62935</i>
                        <i>1 0 0 0 0.0173299 -0.99985 0 0.99985 0.0173299 7.24305 4.21566 -1.62037</i>
                        <i>1 0 0 0 0.0198842 -0.999802 0 0.999802 0.0198842 7.24305 4.26015 -1.61442</i>
                        <i>1 0 0 0 0.0222319 -0.999753 0 0.999753 0.0222319 7.24305 4.30176 -1.61188</i>
                        <i>1 0 0 0 0.0242826 -0.999705 0 0.999705 0.0242826 7.24305 4.33902 -1.61287</i>
                        <i>1 0 0 0 0.0259455 -0.999663 0 0.999663 0.0259455 7.24305 4.37053 -1.61723</i>
                        <i>1 0 0 0 0.0271301 -0.999632 0 0.999632 0.0271301 7.24305 4.39505 -1.62452</i>
                        <i>1 0 0 0 0.0277459 -0.999615 0 0.999615 0.0277459 7.24305 4.41156 -1.63407</i>
                        <i>1 0 0 0 0.0277024 -0.999616 0 0.999616 0.0277024 7.24305 4.41928 -1.64494</i>
                        <i>1 0 0 0 0.0269088 -0.999638 0 0.999638 0.0269088 7.24305 4.41773 -1.65604</i>
                        <i>1 0 0 0 0.0252747 -0.999681 0 0.999681 0.0252747 7.24305 4.40673 -1.66613</i>
                        <i>1 0 0 0 0.0227092 -0.999742 0 0.999742 0.0227092 7.24305 4.38646 -1.67389</i>
                        <i>1 0 0 0 0.0191216 -0.999817 0 0.999817 0.0191216 7.24305 4.35742 -1.67798</i>
                        <i>1 0 0 0 0.0144211 -0.999896 0 0.999896 0.0144211 7.24305 4.32046 -1.6771</i>
                        <i>1 0 0 0 0.00851697 -0.999964 0 0.999964 0.00851697 7.24305 4.27671 -1.67006</i>
                        <i>1 0 0 0 0.0013185 -0.999999 0 0.999999 0.0013185 7.24305 4.22763 -1.6558</i>
                        <i>1 0 0 -0 -0.00726466 -0.999974 0 0.999974 -0.00726466 7.24305 4.17486 -1.63345</i>
                        <i>1 0 0 -0 -0.0173224 -0.99985 0 0.99985 -0.0173224 7.24305 4.12026 -1.60236</i>
                        <i>1 0 0 -0 -0.0289436 -0.999581 0 0.999581 -0.0289436 7.24305 4.06579 -1.56207</i>
                        <i>1 0 0 -0 -0.0422161 -0.999108 0 0.999108 -0.0422161 7.24305 4.01347 -1.51238</i>
                        <i>1 0 0 -0 -0.0243102 -0.999704 0 0.999704 -0.0243102 7.24305 4.00475 -1.58547</i>
                        <i>1 0 0 -0 -0.0110538 -0.999939 0 0.999939 -0.0110538 7.24305 3.99829 -1.63955</i>
                        <i>1 0 0 -0 -0.0028256 -0.999996 0 0.999996 -0.0028256 7.24305 3.99428 -1.67312</i>
                        <i>1 0 0 0 2.22045e-016 -1 0 1 2.22045e-016 7.24305 3.9929 -1.68465</i>
                        <i>1 0 0 0 2.22045e-016 -1 0 1 2.22045e-016 7.24305 4.01021 -1.68465</i>
                        <i>1 0 0 0 2.22045e-016 -1 0 1 2.22045e-016 7.24305 4.06069 -1.68465</i>
                        <i>1 0 0 0 2.22045e-016 -1 0 1 2.22045e-016 7.24305 4.14221 -1.68465</i>
                        <i>1 0 0 0 2.22045e-016 -1 0 1 2.22045e-016 7.24305 4.25263 -1.68465</i>
                        <i>1 0 0 0 2.22045e-016 -1 0 1 2.22045e-016 7.24305 4.3898 -1.68465</i>
                        <i>1 0 0 0 2.22045e-016 -1 0 1 2.22045e-016 7.24305 4.55159 -1.68465</i>
                        <i>1 0 0 0 2.22045e-016 -1 0 1 2.22045e-016 7.24305 4.73586 -1.68465</i>
                        <i>1 0 0 0 2.22045e-016 -1 0 1 2.22045e-016 7.24305 4.94046 -1.68465</i>
                        <i>1 0 0 0 2.22045e-016 -1 0 1 2.22045e-016 7.24305 5.16326 -1.68465</i>
                        <i>1 0 0 0 2.22045e-016 -1 0 1 2.22045e-016 7.24305 5.40211 -1.68465</i>
                        <i>1 0 0 0 2.22045e-016 -1 0 1 2.22045e-016 7.24305 5.65488 -1.68465</i>
                        <i>1 0 0 0 2.22045e-016 -1 0 1 2.22045e-016 7.24305 5.91942 -1.68465</i>
                        <i>1 0 0 0 2.22045e-016 -1 0 1 2.22045e-016 7.24305 6.19359 -1.68465</i>
                        <i>1 0 0 0 2.22045e-016 -1 0 1 2.22045e-016 7.24305 6.47526 -1.68465</i>
                        <i>1 0 0 0 2.22045e-016 -1 0 1 2.22045e-016 7.24305 6.76227 -1.68465</i>
                        <i>1 0 0 0 2.22045e-016 -1 0 1 2.22045e-016 7.24305 7.0525 -1.68465</i>
                        <i>1 0 0 0 2.22045e-016 -1 0 1 2.22045e-016 7.24305 7.3438 -1.68465</i>
                        <i>1 0 0 0 2.22045e-016 -1 0 1 2.22045e-016 7.24305 7.63402 -1.68465</i>
                        <i>1 0 0 0 2.22045e-016 -1 0 1 2.22045e-016 7.24305 7.92104 -1.68465</i>
                        <i>1 0 0 0 2.22045e-016 -1 0 1 2.22045e-016 7.24305 8.2027 -1.68465</i>
                        <i>1 0 0 0 2.22045e-016 -1 0 1 2.22045e-016 7.24305 8.47687 -1.68465</i>
                        <i>1 0 0 0 2.22045e-016 -1 0 1 2.22045e-016 7.24305 8.74141 -1.68465</i>
                        <i>1 0 0 0 2.22045e-016 -1 0 1 2.22045e-016 7.24305 8.99418 -1.68465</i>
                        <i>1 0 0 0 2.22045e-016 -1 0 1 2.22045e-016 7.24305 9.23303 -1.68465</i>
                        <i>1 0 0 0 2.22045e-016 -1 0 1 2.22045e-016 7.24305 9.45583 -1.68465</i>
                        <i>1 0 0 0 2.22045e-016 -1 0 1 2.22045e-016 7.24305 9.66043 -1.68465</i>
                        <i>1 0 0 0 2.22045e-016 -1 0 1 2.22045e-016 7.24305 9.8447 -1.68465</i>
                        <i>1 0 0 0 2.22045e-016 -1 0 1 2.22045e-016 7.24305 10.0065 -1.68465</i>
                        <i>1 0 0 0 2.22045e-016 -1 0 1 2.22045e-016 7.24305 10.1437 -1.68465</i>
                        <i>1 0 0 0 2.22045e-016 -1 0 1 2.22045e-016 7.24305 10.2541 -1.68465</i>
                        <i>1 0 0 0 2.22045e-016 -1 0 1 2.22045e-016 7.24305 10.3356 -1.68465</i>
                        <i>1 0 0 0 2.22045e-016 -1 0 1 2.22045e-016 7.24305 10.3861 -1.68465</i>
                        <i>1 0 0 0 2.22045e-016 -1 0 1 2.22045e-016 7.24305 10.4034 -1.68465</i>
                        <i>1 0 0 0 0.00246686 -0.999997 0 0.999997 0.00246686 7.24305 10.4045 -1.67488</i>
                        <i>1 0 0 0 0.00963783 -0.999954 0 0.999954 0.00963783 7.24305 10.4077 -1.64647</i>
                        <i>1 0 0 0 0.0211675 -0.999776 0 0.999776 0.0211675 7.24305 10.4128 -1.60079</i>
                        <i>1 0 0 0 0.0367079 -0.999326 0 0.999326 0.0367079 7.24305 10.4197 -1.53921</i>
                        <i>1 0 0 0 0.0559055 -0.998436 0 0.998436 0.0559055 7.24305 10.4282 -1.46308</i>
                        <i>1 0 0 0 0.0784001 -0.996922 0 0.996922 0.0784001 7.24305 10.4382 -1.37377</i>
                        <i>1 0 0 0 0.103823 -0.994596 0 0.994596 0.103823 7.24305 10.4495 -1.27264</i>
                        <i>1 0 0 0 0.131794 -0.991277 0 0.991277 0.131794 7.24305 10.462 -1.16106</i>
                        <i>1 0 0 0 0.161925 -0.986803 0 0.986803 0.161925 7.24305 10.4755 -1.04039</i>
                        <i>1 0 0 0 0.19382 -0.981037 0 0.981037 0.19382 7.24305 10.4899 -0.911997</i>
                        <i>1 0 0 0 0.227076 -0.973877 0 0.973877 0.227076 7.24305 10.505 -0.777238</i>
                        <i>1 0 0 0 0.261288 -0.965261 0 0.965261 0.261288 7.24305 10.5206 -0.637479</i>
                        <i>1 0 0 0 0.296051 -0.955172 0 0.955172 0.296051 7.24305 10.5367 -0.494084</i>
                        <i>1 0 0 0 0.330969 -0.943642 0 0.943642 0.330969 7.24305 10.553 -0.348416</i>
                        <i>1 0 0 0 0.365652 -0.930752 0 0.930752 0.365652 7.24305 10.5694 -0.201839</i>
                        <i>1 0 0 0 0.399729 -0.916633 0 0.916633 0.399729 7.24305 10.5857 -0.0557175</i>
                        <i>1 0 0 0 0.432849 -0.901467 0 0.901467 0.432849 7.24305 10.6019 0.0885864</i>
                        <i>1 0 0 0 0.464683 -0.885477 0 0.885477 0.464683 7.24305 10.6177 0.229709</i>
                        <i>1 0 0 0 0.494931 -0.868932 0 0.868932 0.494931 7.24305 10.633 0.366286</i>
                        <i>1 0 0 0 0.52332 -0.852136 0 0.852136 0.52332 7.24305 10.6476 0.496955</i>
                        <i>1 0 0 0 0.549607 -0.835423 0 0.835423 0.549607 7.24305 10.6614 0.620352</i>
                        <i>1 0 0 0 0.573576 -0.819152 0 0.819152 0.573576 7.24305 10.6742 0.735114</i>
                        <i>1 0 0 0 0.573576 -0.819152 0 0.819152 0.573576 7.24305 10.6742 0.735114</i>
                        <i>1 0 0 0 0.573576 -0.819152 0 0.819152 0.573576 7.24305 10.6742 0.735114</i>
                        <i>1 0 0 0 0.573576 -0.819152 0 0.819152 0.573576 7.24305 10.6742 0.735114</i>
                        <i>1 0 0 0 0.573576 -0.819152 0 0.819152 0.573576 7.24305 10.6742 0.735114</i>
                        <i>1 0 0 0 0.575231 -0.817991 0 0.817991 0.575231 7.24305 10.6721 0.740523</i>
                        <i>1 0 0 0 0.580069 -0.814567 0 0.814567 0.580069 7.24305 10.6658 0.756356</i>
                        <i>1 0 0 0 0.587884 -0.808945 0 0.808945 0.587884 7.24305 10.6552 0.781993</i>
                        <i>1 0 0 0 0.598448 -0.801162 0 0.801162 0.598448 7.24305 10.6405 0.816771</i>
                        <i>1 0 0 0 0.611514 -0.791233 0 0.791233 0.611514 7.24305 10.6215 0.859989</i>
                        <i>1 0 0 0 0.626821 -0.779163 0 0.779163 0.626821 7.24305 10.5979 0.910913</i>
                        <i>1 0 0 0 0.644094 -0.764946 0 0.764946 0.644094 7.24305 10.5697 0.968776</i>
                        <i>1 0 0 0 0.663048 -0.748577 0 0.748577 0.663048 7.24305 10.5366 1.03278</i>
                        <i>1 0 0 0 0.683388 -0.730055 0 0.730055 0.683388 7.24305 10.4983 1.10211</i>
                        <i>1 0 0 0 0.704818 -0.709389 0 0.709389 0.704818 7.24305 10.4548 1.17593</i>
                        <i>1 0 0 0 0.727035 -0.6866 0 0.6866 0.727035 7.24305 10.4059 1.25337</i>
                        <i>1 0 0 0 0.749742 -0.661731 0 0.661731 0.749742 7.24305 10.3515 1.33357</i>
                        <i>1 0 0 0 0.772643 -0.634841 0 0.634841 0.772643 7.24305 10.2915 1.41566</i>
                        <i>1 0 0 0 0.795453 -0.606015 0 0.606015 0.795453 7.24305 10.2261 1.4988</i>
                        <i>1 0 0 0 0.817899 -0.575362 0 0.575362 0.817899 7.24305 10.1553 1.58214</i>
                        <i>1 0 0 0 0.839722 -0.543016 0 0.543016 0.839722 7.24305 10.0794 1.66488</i>
                        <i>1 0 0 0 0.860686 -0.509135 0 0.509135 0.860686 7.24305 9.9986 1.74623</i>
                        <i>1 0 0 0 0.880577 -0.473904 0 0.473904 0.880577 7.24305 9.91329 1.82548</i>
                        <i>1 0 0 0 0.899205 -0.437527 0 0.437527 0.899205 7.24305 9.82394 1.90197</i>
                        <i>1 0 0 0 0.916414 -0.40023 0 0.40023 0.916414 7.24305 9.73106 1.9751</i>
                        <i>1 0 0 0 0.932077 -0.362259 0 0.362259 0.932077 7.24305 9.63525 2.04435</i>
                        <i>1 0 0 0 0.946101 -0.323871 0 0.323871 0.946101 7.24305 9.53718 2.10929</i>
                        <i>1 0 0 0 0.958428 -0.285336 0 0.285336 0.958428 7.24305 9.43757 2.16958</i>
                        <i>1 0 0 0 0.969033 -0.246931 0 0.246931 0.969033 7.24305 9.33716 2.22497</i>
                        <i>1 0 0 0 0.977929 -0.208939 0 0.208939 0.977929 7.24305 9.23677 2.27529</i>
                        <i>1 0 0 0 0.98516 -0.171641 0 0.171641 0.98516 7.24305 9.13721 2.32049</i>
                        <i>1 0 0 0 0.990802 -0.135318 0 0.135318 0.990802 7.24305 9.03931 2.36059</i>
                        <i>1 0 0 0 0.994963 -0.100243 0 0.100243 0.994963 7.24305 8.94392 2.39571</i>
                        <i>1 0 0 0 0.997774 -0.0666847 0 0.0666847 0.997774 7.24305 8.85187 2.42604</i>
                        <i>1 0 0 0 0.999391 -0.0348995 0 0.0348995 0.999391 7.24305 8.76398 2.45183</i>
                    </KeyFrames>
                </p>
            </i>
            <i>
                <p>
                    <Name><![CDATA[left_missile2]]></Name>
                    <Exclude>0</Exclude>
                    <Additive>0</Additive>
                    <IKPriority>0</IKPriority>
                    <IKRotLimits>-1e+010 -1e+010 -1e+010 1e+010 1e+010 1e+010</IKRotLimits>
                    <IKRotLimitOrder>0</IKRotLimitOrder>
                    <KeyFrames count="121">
                        <i>1 0 0 0 2.22045e-016 -1 0 1 2.22045e-016 5.63604 3.93895 -1.70977</i>
                        <i>1 0 0 0 0.000334798 -1 0 1 0.000334798 5.63604 3.94386 -1.70772</i>
                        <i>1 0 0 0 0.00127877 -0.999999 0 0.999999 0.00127877 5.63604 3.95804 -1.70179</i>
                        <i>1 0 0 0 0.0027413 -0.999996 0 0.999996 0.0027413 5.63604 3.98054 -1.69259</i>
                        <i>1 0 0 0 0.00463173 -0.999989 0 0.999989 0.00463173 5.63604 4.01026 -1.68096</i>
                        <i>1 0 0 0 0.00685942 -0.999976 0 0.999976 0.00685942 5.63604 4.046 -1.66788</i>
                        <i>1 0 0 0 0.00933374 -0.999956 0 0.999956 0.00933374 5.63604 4.08644 -1.6544</i>
                        <i>1 0 0 0 0.011964 -0.999928 0 0.999928 0.011964 5.63604 4.13016 -1.64158</i>
                        <i>1 0 0 0 0.0146596 -0.999893 0 0.999893 0.0146596 5.63604 4.17568 -1.63037</i>
                        <i>1 0 0 0 0.0173299 -0.99985 0 0.99985 0.0173299 5.63604 4.22144 -1.62158</i>
                        <i>1 0 0 0 0.0198842 -0.999802 0 0.999802 0.0198842 5.63604 4.26589 -1.61584</i>
                        <i>1 0 0 0 0.0222319 -0.999753 0 0.999753 0.0222319 5.63604 4.30745 -1.61351</i>
                        <i>1 0 0 0 0.0242826 -0.999705 0 0.999705 0.0242826 5.63604 4.34464 -1.61472</i>
                        <i>1 0 0 0 0.0259455 -0.999663 0 0.999663 0.0259455 5.63604 4.37606 -1.61931</i>
                        <i>1 0 0 0 0.0271301 -0.999632 0 0.999632 0.0271301 5.63604 4.40048 -1.62684</i>
                        <i>1 0 0 0 0.0277459 -0.999615 0 0.999615 0.0277459 5.63604 4.41689 -1.63662</i>
                        <i>1 0 0 0 0.0277024 -0.999616 0 0.999616 0.0277024 5.63604 4.42449 -1.64773</i>
                        <i>1 0 0 0 0.0269088 -0.999638 0 0.999638 0.0269088 5.63604 4.42281 -1.65907</i>
                        <i>1 0 0 0 0.0252747 -0.999681 0 0.999681 0.0252747 5.63604 4.41167 -1.66939</i>
                        <i>1 0 0 0 0.0227092 -0.999742 0 0.999742 0.0227092 5.63604 4.39124 -1.67737</i>
                        <i>1 0 0 0 0.0191216 -0.999817 0 0.999817 0.0191216 5.63604 4.36204 -1.68167</i>
                        <i>1 0 0 0 0.0144211 -0.999896 0 0.999896 0.0144211 5.63604 4.32491 -1.681</i>
                        <i>1 0 0 0 0.00851697 -0.999964 0 0.999964 0.00851697 5.63604 4.28099 -1.67415</i>
                        <i>1 0 0 0 0.0013185 -0.999999 0 0.999999 0.0013185 5.63604 4.23172 -1.66007</i>
                        <i>1 0 0 -0 -0.00726466 -0.999974 0 0.999974 -0.00726466 5.63604 4.17878 -1.63788</i>
                        <i>1 0 0 -0 -0.0173224 -0.99985 0 0.99985 -0.0173224 5.63604 4.124 -1.60694</i>
                        <i>1 0 0 -0 -0.0289436 -0.999581 0 0.999581 -0.0289436 5.63604 4.06936 -1.56679</i>
                        <i>1 0 0 -0 -0.0422161 -0.999108 0 0.999108 -0.0422161 5.63604 4.01686 -1.51722</i>
                        <i>1 0 0 -0 -0.0243102 -0.999704 0 0.999704 -0.0243102 5.63604 4.00814 -1.59031</i>
                        <i>1 0 0 -0 -0.0110538 -0.999939 0 0.999939 -0.0110538 5.63604 4.00168 -1.6444</i>
                        <i>1 0 0 -0 -0.0028256 -0.999996 0 0.999996 -0.0028256 5.63604 3.99767 -1.67796</i>
                        <i>1 0 0 0 2.22045e-016 -1 0 1 2.22045e-016 5.63604 3.99629 -1.68949</i>
                        <i>1 0 0 0 2.22045e-016 -1 0 1 2.22045e-016 5.63604 4.0136 -1.68949</i>
                        <i>1 0 0 0 2.22045e-016 -1 0 1 2.22045e-016 5.63604 4.06408 -1.68949</i>
                        <i>1 0 0 0 2.22045e-016 -1 0 1 2.22045e-016 5.63604 4.1456 -1.68949</i>
                        <i>1 0 0 0 2.22045e-016 -1 0 1 2.22045e-016 5.63604 4.25602 -1.68949</i>
                        <i>1 0 0 0 2.22045e-016 -1 0 1 2.22045e-016 5.63604 4.39319 -1.68949</i>
                        <i>1 0 0 0 2.22045e-016 -1 0 1 2.22045e-016 5.63604 4.55498 -1.68949</i>
                        <i>1 0 0 0 2.22045e-016 -1 0 1 2.22045e-016 5.63604 4.73925 -1.68949</i>
                        <i>1 0 0 0 2.22045e-016 -1 0 1 2.22045e-016 5.63604 4.94386 -1.68949</i>
                        <i>1 0 0 0 2.22045e-016 -1 0 1 2.22045e-016 5.63604 5.16665 -1.68949</i>
                        <i>1 0 0 0 2.22045e-016 -1 0 1 2.22045e-016 5.63604 5.40551 -1.68949</i>
                        <i>1 0 0 0 2.22045e-016 -1 0 1 2.22045e-016 5.63604 5.65827 -1.68949</i>
                        <i>1 0 0 0 2.22045e-016 -1 0 1 2.22045e-016 5.63604 5.92281 -1.68949</i>
                        <i>1 0 0 0 2.22045e-016 -1 0 1 2.22045e-016 5.63604 6.19698 -1.68949</i>
                        <i>1 0 0 0 2.22045e-016 -1 0 1 2.22045e-016 5.63604 6.47865 -1.68949</i>
                        <i>1 0 0 0 2.22045e-016 -1 0 1 2.22045e-016 5.63604 6.76566 -1.68949</i>
                        <i>1 0 0 0 2.22045e-016 -1 0 1 2.22045e-016 5.63604 7.05589 -1.68949</i>
                        <i>1 0 0 0 2.22045e-016 -1 0 1 2.22045e-016 5.63604 7.34719 -1.68949</i>
                        <i>1 0 0 0 2.22045e-016 -1 0 1 2.22045e-016 5.63604 7.63741 -1.68949</i>
                        <i>1 0 0 0 2.22045e-016 -1 0 1 2.22045e-016 5.63604 7.92443 -1.68949</i>
                        <i>1 0 0 0 2.22045e-016 -1 0 1 2.22045e-016 5.63604 8.20609 -1.68949</i>
                        <i>1 0 0 0 2.22045e-016 -1 0 1 2.22045e-016 5.63604 8.48026 -1.68949</i>
                        <i>1 0 0 0 2.22045e-016 -1 0 1 2.22045e-016 5.63604 8.7448 -1.68949</i>
                        <i>1 0 0 0 2.22045e-016 -1 0 1 2.22045e-016 5.63604 8.99757 -1.68949</i>
                        <i>1 0 0 0 2.22045e-016 -1 0 1 2.22045e-016 5.63604 9.23642 -1.68949</i>
                        <i>1 0 0 0 2.22045e-016 -1 0 1 2.22045e-016 5.63604 9.45922 -1.68949</i>
                        <i>1 0 0 0 2.22045e-016 -1 0 1 2.22045e-016 5.63604 9.66382 -1.68949</i>
                        <i>1 0 0 0 2.22045e-016 -1 0 1 2.22045e-016 5.63604 9.84809 -1.68949</i>
                        <i>1 0 0 0 2.22045e-016 -1 0 1 2.22045e-016 5.63604 10.0099 -1.68949</i>
                        <i>1 0 0 0 2.22045e-016 -1 0 1 2.22045e-016 5.63604 10.1471 -1.68949</i>
                        <i>1 0 0 0 2.22045e-016 -1 0 1 2.22045e-016 5.63604 10.2575 -1.68949</i>
                        <i>1 0 0 0 2.22045e-016 -1 0 1 2.22045e-016 5.63604 10.339 -1.68949</i>
                        <i>1 0 0 0 2.22045e-016 -1 0 1 2.22045e-016 5.63604 10.3895 -1.68949</i>
                        <i>1 0 0 0 2.22045e-016 -1 0 1 2.22045e-016 5.63604 10.4068 -1.68949</i>
                        <i>1 0 0 0 0.00246686 -0.999997 0 0.999997 0.00246686 5.63604 10.4079 -1.67972</i>
                        <i>1 0 0 0 0.00963783 -0.999954 0 0.999954 0.00963783 5.63604 10.4111 -1.65131</i>
                        <i>1 0 0 0 0.0211675 -0.999776 0 0.999776 0.0211675 5.63604 10.4162 -1.60564</i>
                        <i>1 0 0 0 0.0367079 -0.999326 0 0.999326 0.0367079 5.63604 10.4231 -1.54405</i>
                        <i>1 0 0 0 0.0559055 -0.998436 0 0.998436 0.0559055 5.63604 10.4316 -1.46792</i>
                        <i>1 0 0 0 0.0784001 -0.996922 0 0.996922 0.0784001 5.63604 10.4416 -1.37861</i>
                        <i>1 0 0 0 0.103823 -0.994596 0 0.994596 0.103823 5.63604 10.4529 -1.27749</i>
                        <i>1 0 0 0 0.131794 -0.991277 0 0.991277 0.131794 5.63604 10.4654 -1.16591</i>
                        <i>1 0 0 0 0.161925 -0.986803 0 0.986803 0.161925 5.63604 10.4789 -1.04524</i>
                        <i>1 0 0 0 0.19382 -0.981037 0 0.981037 0.19382 5.63604 10.4933 -0.91684</i>
                        <i>1 0 0 0 0.227076 -0.973877 0 0.973877 0.227076 5.63604 10.5084 -0.782081</i>
                        <i>1 0 0 0 0.261288 -0.965261 0 0.965261 0.261288 5.63604 10.524 -0.642322</i>
                        <i>1 0 0 0 0.296051 -0.955172 0 0.955172 0.296051 5.63604 10.54 -0.498927</i>
                        <i>1 0 0 0 0.330969 -0.943642 0 0.943642 0.330969 5.63604 10.5564 -0.353259</i>
                        <i>1 0 0 0 0.365652 -0.930752 0 0.930752 0.365652 5.63604 10.5728 -0.206683</i>
                        <i>1 0 0 0 0.399729 -0.916633 0 0.916633 0.399729 5.63604 10.5891 -0.0605608</i>
                        <i>1 0 0 0 0.432849 -0.901467 0 0.901467 0.432849 5.63604 10.6053 0.083743</i>
                        <i>1 0 0 0 0.464683 -0.885477 0 0.885477 0.464683 5.63604 10.6211 0.224865</i>
                        <i>1 0 0 0 0.494931 -0.868932 0 0.868932 0.494931 5.63604 10.6364 0.361443</i>
                        <i>1 0 0 0 0.52332 -0.852136 0 0.852136 0.52332 5.63604 10.651 0.492112</i>
                        <i>1 0 0 0 0.549607 -0.835423 0 0.835423 0.549607 5.63604 10.6648 0.615508</i>
                        <i>1 0 0 0 0.573576 -0.819152 0 0.819152 0.573576 5.63604 10.6776 0.730271</i>
                        <i>1 0 0 0 0.573576 -0.819152 0 0.819152 0.573576 5.63604 10.6776 0.730271</i>
                        <i>1 0 0 0 0.573576 -0.819152 0 0.819152 0.573576 5.63604 10.6776 0.730271</i>
                        <i>1 0 0 0 0.573576 -0.819152 0 0.819152 0.573576 5.63604 10.6776 0.730271</i>
                        <i>1 0 0 0 0.573576 -0.819152 0 0.819152 0.573576 5.63604 10.6776 0.730271</i>
                        <i>1 0 0 0 0.575231 -0.817991 0 0.817991 0.575231 5.63604 10.6755 0.735686</i>
                        <i>1 0 0 0 0.580069 -0.814567 0 0.814567 0.580069 5.63604 10.6692 0.75154</i>
                        <i>1 0 0 0 0.587884 -0.808945 0 0.808945 0.587884 5.63604 10.6587 0.77721</i>
                        <i>1 0 0 0 0.598448 -0.801162 0 0.801162 0.598448 5.63604 10.6441 0.812034</i>
                        <i>1 0 0 0 0.611514 -0.791233 0 0.791233 0.611514 5.63604 10.6251 0.855311</i>
                        <i>1 0 0 0 0.626821 -0.779163 0 0.779163 0.626821 5.63604 10.6016 0.906306</i>
                        <i>1 0 0 0 0.644094 -0.764946 0 0.764946 0.644094 5.63604 10.5735 0.964254</i>
                        <i>1 0 0 0 0.663048 -0.748577 0 0.748577 0.663048 5.63604 10.5405 1.02836</i>
                        <i>1 0 0 0 0.683388 -0.730055 0 0.730055 0.683388 5.63604 10.5024 1.0978</i>
                        <i>1 0 0 0 0.704818 -0.709389 0 0.709389 0.704818 5.63604 10.459 1.17173</i>
                        <i>1 0 0 0 0.727035 -0.6866 0 0.6866 0.727035 5.63604 10.4102 1.24931</i>
                        <i>1 0 0 0 0.749742 -0.661731 0 0.661731 0.749742 5.63604 10.3559 1.32965</i>
                        <i>1 0 0 0 0.772643 -0.634841 0 0.634841 0.772643 5.63604 10.2961 1.41191</i>
                        <i>1 0 0 0 0.795453 -0.606015 0 0.606015 0.795453 5.63604 10.2308 1.49522</i>
                        <i>1 0 0 0 0.817899 -0.575362 0 0.575362 0.817899 5.63604 10.1602 1.57874</i>
                        <i>1 0 0 0 0.839722 -0.543016 0 0.543016 0.839722 5.63604 10.0844 1.66166</i>
                        <i>1 0 0 0 0.860686 -0.509135 0 0.509135 0.860686 5.63604 10.0037 1.74322</i>
                        <i>1 0 0 0 0.880577 -0.473904 0 0.473904 0.880577 5.63604 9.9185 1.82268</i>
