<?xml version="1.0" encoding="ISO-8859-1" ?>
<Animl Version="1">
    <ModellingPackage><![CDATA[Maya.2010]]></ModellingPackage>
    <SrcFile><![CDATA[anims\bosses\red\~src\sub_typhoon_aa\sub_typhoon_aa_reload_high.mb]]></SrcFile>
    <FramesPerSecond>30</FramesPerSecond>
    <TotalFrames>121</TotalFrames>
    <Skeleton>
        <RefFrame>
            <Name><![CDATA[typhoon_aa_ref_frame]]></Name>
            <Exclude>0</Exclude>
            <Additive>0</Additive>
            <IKPriority>0</IKPriority>
            <IKRotLimits>-1e+010 -1e+010 -1e+010 1e+010 1e+010 1e+010</IKRotLimits>
            <IKRotLimitOrder>0</IKRotLimitOrder>
            <KeyFrames count="121">
                <i>1 0 0 0 1 0 0 0 1 0 0 0</i>
                <i>1 0 0 0 1 0 0 0 1 0 0 0</i>
                <i>1 0 0 0 1 0 0 0 1 0 0 0</i>
                <i>1 0 0 0 1 0 0 0 1 0 0 0</i>
                <i>1 0 0 0 1 0 0 0 1 0 0 0</i>
                <i>1 0 0 0 1 0 0 0 1 0 0 0</i>
                <i>1 0 0 0 1 0 0 0 1 0 0 0</i>
                <i>1 0 0 0 1 0 0 0 1 0 0 0</i>
                <i>1 0 0 0 1 0 0 0 1 0 0 0</i>
                <i>1 0 0 0 1 0 0 0 1 0 0 0</i>
                <i>1 0 0 0 1 0 0 0 1 0 0 0</i>
                <i>1 0 0 0 1 0 0 0 1 0 0 0</i>
                <i>1 0 0 0 1 0 0 0 1 0 0 0</i>
                <i>1 0 0 0 1 0 0 0 1 0 0 0</i>
                <i>1 0 0 0 1 0 0 0 1 0 0 0</i>
                <i>1 0 0 0 1 0 0 0 1 0 0 0</i>
                <i>1 0 0 0 1 0 0 0 1 0 0 0</i>
                <i>1 0 0 0 1 0 0 0 1 0 0 0</i>
                <i>1 0 0 0 1 0 0 0 1 0 0 0</i>
                <i>1 0 0 0 1 0 0 0 1 0 0 0</i>
                <i>1 0 0 0 1 0 0 0 1 0 0 0</i>
                <i>1 0 0 0 1 0 0 0 1 0 0 0</i>
                <i>1 0 0 0 1 0 0 0 1 0 0 0</i>
                <i>1 0 0 0 1 0 0 0 1 0 0 0</i>
                <i>1 0 0 0 1 0 0 0 1 0 0 0</i>
                <i>1 0 0 0 1 0 0 0 1 0 0 0</i>
                <i>1 0 0 0 1 0 0 0 1 0 0 0</i>
                <i>1 0 0 0 1 0 0 0 1 0 0 0</i>
                <i>1 0 0 0 1 0 0 0 1 0 0 0</i>
                <i>1 0 0 0 1 0 0 0 1 0 0 0</i>
                <i>1 0 0 0 1 0 0 0 1 0 0 0</i>
                <i>1 0 0 0 1 0 0 0 1 0 0 0</i>
                <i>1 0 0 0 1 0 0 0 1 0 0 0</i>
                <i>1 0 0 0 1 0 0 0 1 0 0 0</i>
                <i>1 0 0 0 1 0 0 0 1 0 0 0</i>
                <i>1 0 0 0 1 0 0 0 1 0 0 0</i>
                <i>1 0 0 0 1 0 0 0 1 0 0 0</i>
                <i>1 0 0 0 1 0 0 0 1 0 0 0</i>
                <i>1 0 0 0 1 0 0 0 1 0 0 0</i>
                <i>1 0 0 0 1 0 0 0 1 0 0 0</i>
                <i>1 0 0 0 1 0 0 0 1 0 0 0</i>
                <i>1 0 0 0 1 0 0 0 1 0 0 0</i>
                <i>1 0 0 0 1 0 0 0 1 0 0 0</i>
                <i>1 0 0 0 1 0 0 0 1 0 0 0</i>
                <i>1 0 0 0 1 0 0 0 1 0 0 0</i>
                <i>1 0 0 0 1 0 0 0 1 0 0 0</i>
                <i>1 0 0 0 1 0 0 0 1 0 0 0</i>
                <i>1 0 0 0 1 0 0 0 1 0 0 0</i>
                <i>1 0 0 0 1 0 0 0 1 0 0 0</i>
                <i>1 0 0 0 1 0 0 0 1 0 0 0</i>
                <i>1 0 0 0 1 0 0 0 1 0 0 0</i>
                <i>1 0 0 0 1 0 0 0 1 0 0 0</i>
                <i>1 0 0 0 1 0 0 0 1 0 0 0</i>
                <i>1 0 0 0 1 0 0 0 1 0 0 0</i>
                <i>1 0 0 0 1 0 0 0 1 0 0 0</i>
                <i>1 0 0 0 1 0 0 0 1 0 0 0</i>
                <i>1 0 0 0 1 0 0 0 1 0 0 0</i>
                <i>1 0 0 0 1 0 0 0 1 0 0 0</i>
                <i>1 0 0 0 1 0 0 0 1 0 0 0</i>
                <i>1 0 0 0 1 0 0 0 1 0 0 0</i>
                <i>1 0 0 0 1 0 0 0 1 0 0 0</i>
                <i>1 0 0 0 1 0 0 0 1 0 0 0</i>
                <i>1 0 0 0 1 0 0 0 1 0 0 0</i>
                <i>1 0 0 0 1 0 0 0 1 0 0 0</i>
                <i>1 0 0 0 1 0 0 0 1 0 0 0</i>
                <i>1 0 0 0 1 0 0 0 1 0 0 0</i>
                <i>1 0 0 0 1 0 0 0 1 0 0 0</i>
                <i>1 0 0 0 1 0 0 0 1 0 0 0</i>
                <i>1 0 0 0 1 0 0 0 1 0 0 0</i>
                <i>1 0 0 0 1 0 0 0 1 0 0 0</i>
                <i>1 0 0 0 1 0 0 0 1 0 0 0</i>
                <i>1 0 0 0 1 0 0 0 1 0 0 0</i>
                <i>1 0 0 0 1 0 0 0 1 0 0 0</i>
                <i>1 0 0 0 1 0 0 0 1 0 0 0</i>
                <i>1 0 0 0 1 0 0 0 1 0 0 0</i>
                <i>1 0 0 0 1 0 0 0 1 0 0 0</i>
                <i>1 0 0 0 1 0 0 0 1 0 0 0</i>
                <i>1 0 0 0 1 0 0 0 1 0 0 0</i>
                <i>1 0 0 0 1 0 0 0 1 0 0 0</i>
                <i>1 0 0 0 1 0 0 0 1 0 0 0</i>
                <i>1 0 0 0 1 0 0 0 1 0 0 0</i>
                <i>1 0 0 0 1 0 0 0 1 0 0 0</i>
                <i>1 0 0 0 1 0 0 0 1 0 0 0</i>
                <i>1 0 0 0 1 0 0 0 1 0 0 0</i>
                <i>1 0 0 0 1 0 0 0 1 0 0 0</i>
                <i>1 0 0 0 1 0 0 0 1 0 0 0</i>
                <i>1 0 0 0 1 0 0 0 1 0 0 0</i>
                <i>1 0 0 0 1 0 0 0 1 0 0 0</i>
                <i>1 0 0 0 1 0 0 0 1 0 0 0</i>
                <i>1 0 0 0 1 0 0 0 1 0 0 0</i>
                <i>1 0 0 0 1 0 0 0 1 0 0 0</i>
                <i>1 0 0 0 1 0 0 0 1 0 0 0</i>
                <i>1 0 0 0 1 0 0 0 1 0 0 0</i>
                <i>1 0 0 0 1 0 0 0 1 0 0 0</i>
                <i>1 0 0 0 1 0 0 0 1 0 0 0</i>
                <i>1 0 0 0 1 0 0 0 1 0 0 0</i>
                <i>1 0 0 0 1 0 0 0 1 0 0 0</i>
                <i>1 0 0 0 1 0 0 0 1 0 0 0</i>
                <i>1 0 0 0 1 0 0 0 1 0 0 0</i>
                <i>1 0 0 0 1 0 0 0 1 0 0 0</i>
                <i>1 0 0 0 1 0 0 0 1 0 0 0</i>
                <i>1 0 0 0 1 0 0 0 1 0 0 0</i>
                <i>1 0 0 0 1 0 0 0 1 0 0 0</i>
                <i>1 0 0 0 1 0 0 0 1 0 0 0</i>
                <i>1 0 0 0 1 0 0 0 1 0 0 0</i>
                <i>1 0 0 0 1 0 0 0 1 0 0 0</i>
                <i>1 0 0 0 1 0 0 0 1 0 0 0</i>
                <i>1 0 0 0 1 0 0 0 1 0 0 0</i>
                <i>1 0 0 0 1 0 0 0 1 0 0 0</i>
                <i>1 0 0 0 1 0 0 0 1 0 0 0</i>
                <i>1 0 0 0 1 0 0 0 1 0 0 0</i>
                <i>1 0 0 0 1 0 0 0 1 0 0 0</i>
                <i>1 0 0 0 1 0 0 0 1 0 0 0</i>
                <i>1 0 0 0 1 0 0 0 1 0 0 0</i>
                <i>1 0 0 0 1 0 0 0 1 0 0 0</i>
                <i>1 0 0 0 1 0 0 0 1 0 0 0</i>
                <i>1 0 0 0 1 0 0 0 1 0 0 0</i>
                <i>1 0 0 0 1 0 0 0 1 0 0 0</i>
                <i>1 0 0 0 1 0 0 0 1 0 0 0</i>
                <i>1 0 0 0 1 0 0 0 1 0 0 0</i>
                <i>1 0 0 0 1 0 0 0 1 0 0 0</i>
            </KeyFrames>
        </RefFrame>
        <Bones count="23">
            <i>
                <p>
                    <Name><![CDATA[typhoon_aa_root]]></Name>
                    <Exclude>0</Exclude>
                    <Additive>0</Additive>
                    <IKPriority>0</IKPriority>
                    <IKRotLimits>-1e+010 -1e+010 -1e+010 1e+010 1e+010 1e+010</IKRotLimits>
                    <IKRotLimitOrder>0</IKRotLimitOrder>
                    <KeyFrames count="121">
                        <i>1 0 0 0 1 0 0 0 1 3.43832e-009 3.87337 0</i>
                        <i>1 0 0 0 1 0 0 0 1 3.43832e-009 3.87337 0</i>
                        <i>1 0 0 0 1 0 0 0 1 3.43832e-009 3.87337 0</i>
                        <i>1 0 0 0 1 0 0 0 1 3.43832e-009 3.87337 0</i>
                        <i>1 0 0 0 1 0 0 0 1 3.43832e-009 3.87337 0</i>
                        <i>1 0 0 0 1 0 0 0 1 3.43832e-009 3.87337 0</i>
                        <i>1 0 0 0 1 0 0 0 1 3.43832e-009 3.87337 0</i>
                        <i>1 0 0 0 1 0 0 0 1 3.43832e-009 3.87337 0</i>
                        <i>1 0 0 0 1 0 0 0 1 3.43832e-009 3.87337 0</i>
                        <i>1 0 0 0 1 0 0 0 1 3.43832e-009 3.87337 0</i>
                        <i>1 0 0 0 1 0 0 0 1 3.43832e-009 3.87337 0</i>
                        <i>1 0 0 0 1 0 0 0 1 3.43832e-009 3.87337 0</i>
                        <i>1 0 0 0 1 0 0 0 1 3.43832e-009 3.87337 0</i>
                        <i>1 0 0 0 1 0 0 0 1 3.43832e-009 3.87337 0</i>
                        <i>1 0 0 0 1 0 0 0 1 3.43832e-009 3.87337 0</i>
                        <i>1 0 0 0 1 0 0 0 1 3.43832e-009 3.87337 0</i>
                        <i>1 0 0 0 1 0 0 0 1 3.43832e-009 3.87337 0</i>
                        <i>1 0 0 0 1 0 0 0 1 3.43832e-009 3.87337 0</i>
                        <i>1 0 0 0 1 0 0 0 1 3.43832e-009 3.87337 0</i>
                        <i>1 0 0 0 1 0 0 0 1 3.43832e-009 3.87337 0</i>
                        <i>1 0 0 0 1 0 0 0 1 3.43832e-009 3.87337 0</i>
                        <i>1 0 0 0 1 0 0 0 1 3.43832e-009 3.87337 0</i>
                        <i>1 0 0 0 1 0 0 0 1 3.43832e-009 3.87337 0</i>
                        <i>1 0 0 0 1 0 0 0 1 3.43832e-009 3.87337 0</i>
                        <i>1 0 0 0 1 0 0 0 1 3.43832e-009 3.87337 0</i>
                        <i>1 0 0 0 1 0 0 0 1 3.43832e-009 3.87337 0</i>
                        <i>1 0 0 0 1 0 0 0 1 3.43832e-009 3.87337 0</i>
                        <i>1 0 0 0 1 0 0 0 1 3.43832e-009 3.87337 0</i>
                        <i>1 0 0 0 1 0 0 0 1 3.43832e-009 3.87337 0</i>
                        <i>1 0 0 0 1 0 0 0 1 3.43832e-009 3.87337 0</i>
                        <i>1 0 0 0 1 0 0 0 1 3.43832e-009 3.87337 0</i>
                        <i>1 0 0 0 1 0 0 0 1 3.43832e-009 3.87337 0</i>
                        <i>1 0 0 0 1 0 0 0 1 3.43832e-009 3.87337 0</i>
                        <i>1 0 0 0 1 0 0 0 1 3.43832e-009 3.87337 0</i>
                        <i>1 0 0 0 1 0 0 0 1 3.43832e-009 3.87337 0</i>
                        <i>1 0 0 0 1 0 0 0 1 3.43832e-009 3.87337 0</i>
                        <i>1 0 0 0 1 0 0 0 1 3.43832e-009 3.87337 0</i>
                        <i>1 0 0 0 1 0 0 0 1 3.43832e-009 3.87337 0</i>
                        <i>1 0 0 0 1 0 0 0 1 3.43832e-009 3.87337 0</i>
                        <i>1 0 0 0 1 0 0 0 1 3.43832e-009 3.87337 0</i>
                        <i>1 0 0 0 1 0 0 0 1 3.43832e-009 3.87337 0</i>
                        <i>1 0 0 0 1 0 0 0 1 3.43832e-009 3.87337 0</i>
                        <i>1 0 0 0 1 0 0 0 1 3.43832e-009 3.87337 0</i>
                        <i>1 0 0 0 1 0 0 0 1 3.43832e-009 3.87337 0</i>
                        <i>1 0 0 0 1 0 0 0 1 3.43832e-009 3.87337 0</i>
                        <i>1 0 0 0 1 0 0 0 1 3.43832e-009 3.87337 0</i>
                        <i>1 0 0 0 1 0 0 0 1 3.43832e-009 3.87337 0</i>
                        <i>1 0 0 0 1 0 0 0 1 3.43832e-009 3.87337 0</i>
                        <i>1 0 0 0 1 0 0 0 1 3.43832e-009 3.87337 0</i>
                        <i>1 0 0 0 1 0 0 0 1 3.43832e-009 3.87337 0</i>
                        <i>1 0 0 0 1 0 0 0 1 3.43832e-009 3.87337 0</i>
                        <i>1 0 0 0 1 0 0 0 1 3.43832e-009 3.87337 0</i>
                        <i>1 0 0 0 1 0 0 0 1 3.43832e-009 3.87337 0</i>
                        <i>1 0 0 0 1 0 0 0 1 3.43832e-009 3.87337 0</i>
                        <i>1 0 0 0 1 0 0 0 1 3.43832e-009 3.87337 0</i>
                        <i>1 0 0 0 1 0 0 0 1 3.43832e-009 3.87337 0</i>
                        <i>1 0 0 0 1 0 0 0 1 3.43832e-009 3.87337 0</i>
                        <i>1 0 0 0 1 0 0 0 1 3.43832e-009 3.87337 0</i>
                        <i>1 0 0 0 1 0 0 0 1 3.43832e-009 3.87337 0</i>
                        <i>1 0 0 0 1 0 0 0 1 3.43832e-009 3.87337 0</i>
                        <i>1 0 0 0 1 0 0 0 1 3.43832e-009 3.87337 0</i>
                        <i>1 0 0 0 1 0 0 0 1 3.43832e-009 3.87337 0</i>
                        <i>1 0 0 0 1 0 0 0 1 3.43832e-009 3.87337 0</i>
                        <i>1 0 0 0 1 0 0 0 1 3.43832e-009 3.87337 0</i>
                        <i>1 0 0 0 1 0 0 0 1 3.43832e-009 3.87337 0</i>
                        <i>1 0 0 0 1 0 0 0 1 3.43832e-009 3.87337 0</i>
                        <i>1 0 0 0 1 0 0 0 1 3.43832e-009 3.87337 0</i>
                        <i>1 0 0 0 1 0 0 0 1 3.43832e-009 3.87337 0</i>
                        <i>1 0 0 0 1 0 0 0 1 3.43832e-009 3.87337 0</i>
                        <i>1 0 0 0 1 0 0 0 1 3.43832e-009 3.87337 0</i>
                        <i>1 0 0 0 1 0 0 0 1 3.43832e-009 3.87337 0</i>
                        <i>1 0 0 0 1 0 0 0 1 3.43832e-009 3.87337 0</i>
                        <i>1 0 0 0 1 0 0 0 1 3.43832e-009 3.87337 0</i>
                        <i>1 0 0 0 1 0 0 0 1 3.43832e-009 3.87337 0</i>
                        <i>1 0 0 0 1 0 0 0 1 3.43832e-009 3.87337 0</i>
                        <i>1 0 0 0 1 0 0 0 1 3.43832e-009 3.87337 0</i>
                        <i>1 0 0 0 1 0 0 0 1 3.43832e-009 3.87337 0</i>
                        <i>1 0 0 0 1 0 0 0 1 3.43832e-009 3.87337 0</i>
                        <i>1 0 0 0 1 0 0 0 1 3.43832e-009 3.87337 0</i>
                        <i>1 0 0 0 1 0 0 0 1 3.43832e-009 3.87337 0</i>
                        <i>1 0 0 0 1 0 0 0 1 3.43832e-009 3.87337 0</i>
                        <i>1 0 0 0 1 0 0 0 1 3.43832e-009 3.87337 0</i>
                        <i>1 0 0 0 1 0 0 0 1 3.43832e-009 3.87337 0</i>
                        <i>1 0 0 0 1 0 0 0 1 3.43832e-009 3.87337 0</i>
                        <i>1 0 0 0 1 0 0 0 1 3.43832e-009 3.87337 0</i>
                        <i>1 0 0 0 1 0 0 0 1 3.43832e-009 3.87337 0</i>
                        <i>1 0 0 0 1 0 0 0 1 3.43832e-009 3.87337 0</i>
                        <i>1 0 0 0 1 0 0 0 1 3.43832e-009 3.87337 0</i>
                        <i>1 0 0 0 1 0 0 0 1 3.43832e-009 3.87337 0</i>
                        <i>1 0 0 0 1 0 0 0 1 3.43832e-009 3.87337 0</i>
                        <i>1 0 0 0 1 0 0 0 1 3.43832e-009 3.87337 0</i>
                        <i>1 0 0 0 1 0 0 0 1 3.43832e-009 3.87337 0</i>
                        <i>1 0 0 0 1 0 0 0 1 3.43832e-009 3.87337 0</i>
                        <i>1 0 0 0 1 0 0 0 1 3.43832e-009 3.87337 0</i>
                        <i>1 0 0 0 1 0 0 0 1 3.43832e-009 3.87337 0</i>
                        <i>1 0 0 0 1 0 0 0 1 3.43832e-009 3.87337 0</i>
                        <i>1 0 0 0 1 0 0 0 1 3.43832e-009 3.87337 0</i>
                        <i>1 0 0 0 1 0 0 0 1 3.43832e-009 3.87337 0</i>
                        <i>1 0 0 0 1 0 0 0 1 3.43832e-009 3.87337 0</i>
                        <i>1 0 0 0 1 0 0 0 1 3.43832e-009 3.87337 0</i>
                        <i>1 0 0 0 1 0 0 0 1 3.43832e-009 3.87337 0</i>
                        <i>1 0 0 0 1 0 0 0 1 3.43832e-009 3.87337 0</i>
                        <i>1 0 0 0 1 0 0 0 1 3.43832e-009 3.87337 0</i>
                        <i>1 0 0 0 1 0 0 0 1 3.43832e-009 3.87337 0</i>
                        <i>1 0 0 0 1 0 0 0 1 3.43832e-009 3.87337 0</i>
                        <i>1 0 0 0 1 0 0 0 1 3.43832e-009 3.87337 0</i>
                        <i>1 0 0 0 1 0 0 0 1 3.43832e-009 3.87337 0</i>
                        <i>1 0 0 0 1 0 0 0 1 3.43832e-009 3.87337 0</i>
                        <i>1 0 0 0 1 0 0 0 1 3.43832e-009 3.87337 0</i>
                        <i>1 0 0 0 1 0 0 0 1 3.43832e-009 3.87337 0</i>
                        <i>1 0 0 0 1 0 0 0 1 3.43832e-009 3.87337 0</i>
                        <i>1 0 0 0 1 0 0 0 1 3.43832e-009 3.87337 0</i>
                        <i>1 0 0 0 1 0 0 0 1 3.43832e-009 3.87337 0</i>
                        <i>1 0 0 0 1 0 0 0 1 3.43832e-009 3.87337 0</i>
                        <i>1 0 0 0 1 0 0 0 1 3.43832e-009 3.87337 0</i>
                        <i>1 0 0 0 1 0 0 0 1 3.43832e-009 3.87337 0</i>
                        <i>1 0 0 0 1 0 0 0 1 3.43832e-009 3.87337 0</i>
                        <i>1 0 0 0 1 0 0 0 1 3.43832e-009 3.87337 0</i>
                        <i>1 0 0 0 1 0 0 0 1 3.43832e-009 3.87337 0</i>
                        <i>1 0 0 0 1 0 0 0 1 3.43832e-009 3.87337 0</i>
                        <i>1 0 0 0 1 0 0 0 1 3.43832e-009 3.87337 0</i>
                    </KeyFrames>
                </p>
            </i>
            <i>
                <p>
                    <Name><![CDATA[left_missile1]]></Name>
                    <Exclude>0</Exclude>
                    <Additive>0</Additive>
                    <IKPriority>0</IKPriority>
                    <IKRotLimits>-1e+010 -1e+010 -1e+010 1e+010 1e+010 1e+010</IKRotLimits>
                    <IKRotLimitOrder>0</IKRotLimitOrder>
                    <KeyFrames count="121">
                        <i>1 0 0 0 2.22045e-016 -1 0 1 2.22045e-016 7.24305 3.91604 -1.7286</i>
                        <i>1 0 0 -0 -0.000189509 -1 0 1 -0.000189509 7.24305 3.91781 -1.72754</i>
                        <i>1 0 0 -0 -0.000723834 -1 0 1 -0.000723834 7.24305 3.92292 -1.72453</i>
                        <i>1 0 0 -0 -0.00155168 -0.999999 0 0.999999 -0.00155168 7.24305 3.93102 -1.71977</i>
                        <i>1 0 0 -0 -0.00262174 -0.999997 0 0.999997 -0.00262174 7.24305 3.94163 -1.71347</i>
                        <i>1 0 0 -0 -0.00388271 -0.999992 0 0.999992 -0.00388271 7.24305 3.95425 -1.70583</i>
                        <i>1 0 0 -0 -0.0052833 -0.999986 0 0.999986 -0.0052833 7.24305 3.96832 -1.69704</i>
                        <i>1 0 0 -0 -0.0067722 -0.999977 0 0.999977 -0.0067722 7.24305 3.98327 -1.68732</i>
                        <i>1 0 0 -0 -0.0082981 -0.999966 0 0.999966 -0.0082981 7.24305 3.99855 -1.67692</i>
                        <i>1 0 0 -0 -0.0098097 -0.999952 0 0.999952 -0.0098097 7.24305 4.01359 -1.6661</i>
                        <i>1 0 0 -0 -0.0112557 -0.999937 0 0.999937 -0.0112557 7.24305 4.02791 -1.65514</i>
                        <i>1 0 0 -0 -0.0125848 -0.999921 0 0.999921 -0.0125848 7.24305 4.04105 -1.64437</i>
                        <i>1 0 0 -0 -0.0137458 -0.999906 0 0.999906 -0.0137458 7.24305 4.05263 -1.63413</i>
                        <i>1 0 0 -0 -0.0146872 -0.999892 0 0.999892 -0.0146872 7.24305 4.06233 -1.62478</i>
                        <i>1 0 0 -0 -0.0153579 -0.999882 0 0.999882 -0.0153579 7.24305 4.06994 -1.61671</i>
                        <i>1 0 0 -0 -0.0157066 -0.999877 0 0.999877 -0.0157066 7.24305 4.07534 -1.6103</i>
                        <i>1 0 0 -0 -0.0156819 -0.999877 0 0.999877 -0.0156819 7.24305 4.07849 -1.60593</i>
                        <i>1 0 0 -0 -0.0152327 -0.999884 0 0.999884 -0.0152327 7.24305 4.07947 -1.60397</i>
                        <i>1 0 0 -0 -0.0143074 -0.999898 0 0.999898 -0.0143074 7.24305 4.07844 -1.60477</i>
                        <i>1 0 0 -0 -0.012855 -0.999917 0 0.999917 -0.012855 7.24305 4.07567 -1.60864</i>
                        <i>1 0 0 -0 -0.010824 -0.999941 0 0.999941 -0.010824 7.24305 4.0715 -1.61586</i>
                        <i>1 0 0 -0 -0.00816308 -0.999967 0 0.999967 -0.00816308 7.24305 4.06637 -1.62663</i>
                        <i>1 0 0 -0 -0.00482096 -0.999988 0 0.999988 -0.00482096 7.24305 4.06077 -1.64114</i>
                        <i>1 0 0 -0 -0.000746316 -1 0 1 -0.000746316 7.24305 4.05526 -1.65947</i>
                        <i>1 0 0 0 0.0041121 -0.999992 0 0.999992 0.0041121 7.24305 4.05044 -1.68168</i>
                        <i>1 0 0 0 0.00980546 -0.999952 0 0.999952 0.00980546 7.24305 4.04693 -1.70776</i>
                        <i>1 0 0 0 0.0163847 -0.999866 0 0.999866 0.0163847 7.24305 4.04539 -1.73764</i>
                        <i>1 0 0 0 0.0239007 -0.999714 0 0.999714 0.0239007 7.24305 4.04646 -1.77122</i>
                        <i>1 0 0 0 0.0137614 -0.999905 0 0.999905 0.0137614 7.24305 4.02374 -1.73449</i>
                        <i>1 0 0 0 0.00625693 -0.99998 0 0.99998 0.00625693 7.24305 4.00692 -1.70731</i>
                        <i>1 0 0 0 0.0015994 -0.999999 0 0.999999 0.0015994 7.24305 3.99649 -1.69044</i>
                        <i>1 0 0 0 2.22045e-016 -1 0 1 2.22045e-016 7.24305 3.9929 -1.68465</i>
                        <i>1 0 0 0 2.22045e-016 -1 0 1 2.22045e-016 7.24305 4.01021 -1.68465</i>
                        <i>1 0 0 0 2.22045e-016 -1 0 1 2.22045e-016 7.24305 4.06069 -1.68465</i>
                        <i>1 0 0 0 2.22045e-016 -1 0 1 2.22045e-016 7.24305 4.14221 -1.68465</i>
                        <i>1 0 0 0 2.22045e-016 -1 0 1 2.22045e-016 7.24305 4.25263 -1.68465</i>
                        <i>1 0 0 0 2.22045e-016 -1 0 1 2.22045e-016 7.24305 4.3898 -1.68465</i>
                        <i>1 0 0 0 2.22045e-016 -1 0 1 2.22045e-016 7.24305 4.55159 -1.68465</i>
                        <i>1 0 0 0 2.22045e-016 -1 0 1 2.22045e-016 7.24305 4.73586 -1.68465</i>
                        <i>1 0 0 0 2.22045e-016 -1 0 1 2.22045e-016 7.24305 4.94046 -1.68465</i>
                        <i>1 0 0 0 2.22045e-016 -1 0 1 2.22045e-016 7.24305 5.16326 -1.68465</i>
                        <i>1 0 0 0 2.22045e-016 -1 0 1 2.22045e-016 7.24305 5.40211 -1.68465</i>
                        <i>1 0 0 0 2.22045e-016 -1 0 1 2.22045e-016 7.24305 5.65488 -1.68465</i>
                        <i>1 0 0 0 2.22045e-016 -1 0 1 2.22045e-016 7.24305 5.91942 -1.68465</i>
                        <i>1 0 0 0 2.22045e-016 -1 0 1 2.22045e-016 7.24305 6.19359 -1.68465</i>
                        <i>1 0 0 0 2.22045e-016 -1 0 1 2.22045e-016 7.24305 6.47526 -1.68465</i>
                        <i>1 0 0 0 2.22045e-016 -1 0 1 2.22045e-016 7.24305 6.76227 -1.68465</i>
                        <i>1 0 0 0 2.22045e-016 -1 0 1 2.22045e-016 7.24305 7.0525 -1.68465</i>
                        <i>1 0 0 0 2.22045e-016 -1 0 1 2.22045e-016 7.24305 7.3438 -1.68465</i>
                        <i>1 0 0 0 2.22045e-016 -1 0 1 2.22045e-016 7.24305 7.63402 -1.68465</i>
                        <i>1 0 0 0 2.22045e-016 -1 0 1 2.22045e-016 7.24305 7.92104 -1.68465</i>
                        <i>1 0 0 0 2.22045e-016 -1 0 1 2.22045e-016 7.24305 8.2027 -1.68465</i>
                        <i>1 0 0 0 2.22045e-016 -1 0 1 2.22045e-016 7.24305 8.47687 -1.68465</i>
                        <i>1 0 0 0 2.22045e-016 -1 0 1 2.22045e-016 7.24305 8.74141 -1.68465</i>
                        <i>1 0 0 0 2.22045e-016 -1 0 1 2.22045e-016 7.24305 8.99418 -1.68465</i>
                        <i>1 0 0 0 2.22045e-016 -1 0 1 2.22045e-016 7.24305 9.23303 -1.68465</i>
                        <i>1 0 0 0 2.22045e-016 -1 0 1 2.22045e-016 7.24305 9.45583 -1.68465</i>
                        <i>1 0 0 0 2.22045e-016 -1 0 1 2.22045e-016 7.24305 9.66043 -1.68465</i>
                        <i>1 0 0 0 2.22045e-016 -1 0 1 2.22045e-016 7.24305 9.8447 -1.68465</i>
                        <i>1 0 0 0 2.22045e-016 -1 0 1 2.22045e-016 7.24305 10.0065 -1.68465</i>
                        <i>1 0 0 0 2.22045e-016 -1 0 1 2.22045e-016 7.24305 10.1437 -1.68465</i>
                        <i>1 0 0 0 2.22045e-016 -1 0 1 2.22045e-016 7.24305 10.2541 -1.68465</i>
                        <i>1 0 0 0 2.22045e-016 -1 0 1 2.22045e-016 7.24305 10.3356 -1.68465</i>
                        <i>1 0 0 0 2.22045e-016 -1 0 1 2.22045e-016 7.24305 10.3861 -1.68465</i>
                        <i>1 0 0 0 2.22045e-016 -1 0 1 2.22045e-016 7.24305 10.4034 -1.68465</i>
                        <i>1 0 0 0 0.00246686 -0.999997 0 0.999997 0.00246686 7.24305 10.4045 -1.67488</i>
                        <i>1 0 0 0 0.00963783 -0.999954 0 0.999954 0.00963783 7.24305 10.4077 -1.64647</i>
                        <i>1 0 0 0 0.0211675 -0.999776 0 0.999776 0.0211675 7.24305 10.4128 -1.60079</i>
                        <i>1 0 0 0 0.0367079 -0.999326 0 0.999326 0.0367079 7.24305 10.4197 -1.53921</i>
                        <i>1 0 0 0 0.0559055 -0.998436 0 0.998436 0.0559055 7.24305 10.4282 -1.46308</i>
                        <i>1 0 0 0 0.0784001 -0.996922 0 0.996922 0.0784001 7.24305 10.4382 -1.37377</i>
                        <i>1 0 0 0 0.103823 -0.994596 0 0.994596 0.103823 7.24305 10.4495 -1.27264</i>
                        <i>1 0 0 0 0.131794 -0.991277 0 0.991277 0.131794 7.24305 10.462 -1.16106</i>
                        <i>1 0 0 0 0.161925 -0.986803 0 0.986803 0.161925 7.24305 10.4755 -1.04039</i>
                        <i>1 0 0 0 0.19382 -0.981037 0 0.981037 0.19382 7.24305 10.4899 -0.911997</i>
                        <i>1 0 0 0 0.227076 -0.973877 0 0.973877 0.227076 7.24305 10.505 -0.777238</i>
                        <i>1 0 0 0 0.261288 -0.965261 0 0.965261 0.261288 7.24305 10.5206 -0.637479</i>
                        <i>1 0 0 0 0.296051 -0.955172 0 0.955172 0.296051 7.24305 10.5367 -0.494084</i>
                        <i>1 0 0 0 0.330969 -0.943642 0 0.943642 0.330969 7.24305 10.553 -0.348416</i>
                        <i>1 0 0 0 0.365652 -0.930752 0 0.930752 0.365652 7.24305 10.5694 -0.201839</i>
                        <i>1 0 0 0 0.399729 -0.916633 0 0.916633 0.399729 7.24305 10.5857 -0.0557175</i>
                        <i>1 0 0 0 0.432849 -0.901467 0 0.901467 0.432849 7.24305 10.6019 0.0885864</i>
                        <i>1 0 0 0 0.464683 -0.885477 0 0.885477 0.464683 7.24305 10.6177 0.229709</i>
                        <i>1 0 0 0 0.494931 -0.868932 0 0.868932 0.494931 7.24305 10.633 0.366286</i>
                        <i>1 0 0 0 0.52332 -0.852136 0 0.852136 0.52332 7.24305 10.6476 0.496955</i>
                        <i>1 0 0 0 0.549607 -0.835423 0 0.835423 0.549607 7.24305 10.6614 0.620352</i>
                        <i>1 0 0 0 0.573576 -0.819152 0 0.819152 0.573576 7.24305 10.6742 0.735114</i>
                        <i>1 0 0 0 0.573576 -0.819152 0 0.819152 0.573576 7.24305 10.6742 0.735114</i>
                        <i>1 0 0 0 0.573576 -0.819152 0 0.819152 0.573576 7.24305 10.6742 0.735114</i>
                        <i>1 0 0 0 0.573576 -0.819152 0 0.819152 0.573576 7.24305 10.6742 0.735114</i>
                        <i>1 0 0 0 0.573576 -0.819152 0 0.819152 0.573576 7.24305 10.6742 0.735114</i>
                        <i>1 0 0 0 0.572639 -0.819808 0 0.819808 0.572639 7.24305 10.6755 0.732051</i>
                        <i>1 0 0 0 0.569885 -0.821724 0 0.821724 0.569885 7.24305 10.679 0.723061</i>
                        <i>1 0 0 0 0.565399 -0.824818 0 0.824818 0.565399 7.24305 10.6846 0.708433</i>
                        <i>1 0 0 0 0.559257 -0.828994 0 0.828994 0.559257 7.24305 10.6922 0.688447</i>
                        <i>1 0 0 0 0.551533 -0.834153 0 0.834153 0.551533 7.24305 10.7015 0.663372</i>
                        <i>1 0 0 0 0.542295 -0.840188 0 0.840188 0.542295 7.24305 10.7122 0.633476</i>
                        <i>1 0 0 0 0.531612 -0.846988 0 0.846988 0.531612 7.24305 10.7241 0.599024</i>
                        <i>1 0 0 0 0.519552 -0.854439 0 0.854439 0.519552 7.24305 10.7369 0.560281</i>
                        <i>1 0 0 0 0.506184 -0.862425 0 0.862425 0.506184 7.24305 10.7503 0.517518</i>
                        <i>1 0 0 0 0.491579 -0.870833 0 0.870833 0.491579 7.24305 10.764 0.471011</i>
                        <i>1 0 0 0 0.475812 -0.879547 0 0.879547 0.475812 7.24305 10.7779 0.421044</i>
                        <i>1 0 0 0 0.45896 -0.888457 0 0.888457 0.45896 7.24305 10.7915 0.36791</i>
                        <i>1 0 0 0 0.441106 -0.897455 0 0.897455 0.441106 7.24305 10.8048 0.311913</i>
                        <i>1 0 0 0 0.422337 -0.906439 0 0.906439 0.422337 7.24305 10.8174 0.253366</i>
                        <i>1 0 0 0 0.402747 -0.915311 0 0.915311 0.402747 7.24305 10.8291 0.192593</i>
                        <i>1 0 0 0 0.382433 -0.923983 0 0.923983 0.382433 7.24305 10.8398 0.129928</i>
                        <i>1 0 0 0 0.361498 -0.932373 0 0.932373 0.361498 7.24305 10.8492 0.0657155</i>
                        <i>1 0 0 0 0.340051 -0.940407 0 0.940407 0.340051 7.24305 10.8574 0.000306954</i>
                        <i>1 0 0 0 0.318206 -0.948022 0 0.948022 0.318206 7.24305 10.8641 -0.0659373</i>
                        <i>1 0 0 0 0.296078 -0.955164 0 0.955164 0.296078 7.24305 10.8693 -0.132653</i>
                        <i>1 0 0 0 0.273791 -0.961789 0 0.961789 0.273791 7.24305 10.8729 -0.199471</i>
                        <i>1 0 0 0 0.251469 -0.967865 0 0.967865 0.251469 7.24305 10.875 -0.266021</i>
                        <i>1 0 0 0 0.229238 -0.97337 0 0.97337 0.229238 7.24305 10.8755 -0.331931</i>
                        <i>1 0 0 0 0.207229 -0.978293 0 0.978293 0.207229 7.24305 10.8745 -0.396831</i>
                        <i>1 0 0 0 0.185571 -0.982631 0 0.982631 0.185571 7.24305 10.8722 -0.460356</i>
                        <i>1 0 0 0 0.164397 -0.986394 0 0.986394 0.164397 7.24305 10.8686 -0.522144</i>
                        <i>1 0 0 0 0.143838 -0.989601 0 0.989601 0.143838 7.24305 10.8638 -0.581837</i>
                        <i>1 0 0 0 0.124025 -0.992279 0 0.992279 0.124025 7.24305 10.858 -0.639089</i>
                        <i>1 0 0 0 0.105088 -0.994463 0 0.994463 0.105088 7.24305 10.8515 -0.693557</i>
                        <i>1 0 0 0 0.0871557 -0.996195 0 0.996195 0.0871557 7.24305 10.8443 -0.74491</i>
                    </KeyFrames>
                </p>
            </i>
            <i>
                <p>
                    <Name><![CDATA[left_missile2]]></Name>
                    <Exclude>0</Exclude>
                    <Additive>0</Additive>
                    <IKPriority>0</IKPriority>
                    <IKRotLimits>-1e+010 -1e+010 -1e+010 1e+010 1e+010 1e+010</IKRotLimits>
                    <IKRotLimitOrder>0</IKRotLimitOrder>
                    <KeyFrames count="121">
                        <i>1 0 0 0 2.22045e-016 -1 0 1 2.22045e-016 5.63604 3.91655 -1.73449</i>
                        <i>1 0 0 -0 -0.000189509 -1 0 1 -0.000189509 5.63604 3.91833 -1.73343</i>
                        <i>1 0 0 -0 -0.000723834 -1 0 1 -0.000723834 5.63604 3.92347 -1.73042</i>
                        <i>1 0 0 -0 -0.00155168 -0.999999 0 0.999999 -0.00155168 5.63604 3.9316 -1.72566</i>
                        <i>1 0 0 -0 -0.00262174 -0.999997 0 0.999997 -0.00262174 5.63604 3.94227 -1.71935</i>
                        <i>1 0 0 -0 -0.00388271 -0.999992 0 0.999992 -0.00388271 5.63604 3.95495 -1.7117</i>
                        <i>1 0 0 -0 -0.0052833 -0.999986 0 0.999986 -0.0052833 5.63604 3.9691 -1.7029</i>
                        <i>1 0 0 -0 -0.0067722 -0.999977 0 0.999977 -0.0067722 5.63604 3.98415 -1.69317</i>
                        <i>1 0 0 -0 -0.0082981 -0.999966 0 0.999966 -0.0082981 5.63604 3.99952 -1.68276</i>
                        <i>1 0 0 -0 -0.0098097 -0.999952 0 0.999952 -0.0098097 5.63604 4.01468 -1.67191</i>
                        <i>1 0 0 -0 -0.0112557 -0.999937 0 0.999937 -0.0112557 5.63604 4.02911 -1.66093</i>
                        <i>1 0 0 -0 -0.0125848 -0.999921 0 0.999921 -0.0125848 5.63604 4.04238 -1.65013</i>
                        <i>1 0 0 -0 -0.0137458 -0.999906 0 0.999906 -0.0137458 5.63604 4.05408 -1.63986</i>
                        <i>1 0 0 -0 -0.0146872 -0.999892 0 0.999892 -0.0146872 5.63604 4.06392 -1.63048</i>
                        <i>1 0 0 -0 -0.0153579 -0.999882 0 0.999882 -0.0153579 5.63604 4.07167 -1.62237</i>
                        <i>1 0 0 -0 -0.0157066 -0.999877 0 0.999877 -0.0157066 5.63604 4.0772 -1.61591</i>
                        <i>1 0 0 -0 -0.0156819 -0.999877 0 0.999877 -0.0156819 5.63604 4.0805 -1.61149</i>
                        <i>1 0 0 -0 -0.0152327 -0.999884 0 0.999884 -0.0152327 5.63604 4.08162 -1.60948</i>
                        <i>1 0 0 -0 -0.0143074 -0.999898 0 0.999898 -0.0143074 5.63604 4.08073 -1.61022</i>
                        <i>1 0 0 -0 -0.012855 -0.999917 0 0.999917 -0.012855 5.63604 4.07809 -1.61403</i>
                        <i>1 0 0 -0 -0.010824 -0.999941 0 0.999941 -0.010824 5.63604 4.07406 -1.62118</i>
                        <i>1 0 0 -0 -0.00816308 -0.999967 0 0.999967 -0.00816308 5.63604 4.06907 -1.63189</i>
                        <i>1 0 0 -0 -0.00482096 -0.999988 0 0.999988 -0.00482096 5.63604 4.0636 -1.64633</i>
                        <i>1 0 0 -0 -0.000746316 -1 0 1 -0.000746316 5.63604 4.05821 -1.66459</i>
                        <i>1 0 0 0 0.0041121 -0.999992 0 0.999992 0.0041121 5.63604 4.05351 -1.68673</i>
                        <i>1 0 0 0 0.00980546 -0.999952 0 0.999952 0.00980546 5.63604 4.05012 -1.71274</i>
                        <i>1 0 0 0 0.0163847 -0.999866 0 0.999866 0.0163847 5.63604 4.04869 -1.74255</i>
                        <i>1 0 0 0 0.0239007 -0.999714 0 0.999714 0.0239007 5.63604 4.04985 -1.77606</i>
                        <i>1 0 0 0 0.0137614 -0.999905 0 0.999905 0.0137614 5.63604 4.02713 -1.73933</i>
                        <i>1 0 0 0 0.00625693 -0.99998 0 0.99998 0.00625693 5.63604 4.01031 -1.71215</i>
                        <i>1 0 0 0 0.0015994 -0.999999 0 0.999999 0.0015994 5.63604 3.99988 -1.69528</i>
                        <i>1 0 0 0 2.22045e-016 -1 0 1 2.22045e-016 5.63604 3.99629 -1.68949</i>
                        <i>1 0 0 0 2.22045e-016 -1 0 1 2.22045e-016 5.63604 4.0136 -1.68949</i>
                        <i>1 0 0 0 2.22045e-016 -1 0 1 2.22045e-016 5.63604 4.06408 -1.68949</i>
                        <i>1 0 0 0 2.22045e-016 -1 0 1 2.22045e-016 5.63604 4.1456 -1.68949</i>
                        <i>1 0 0 0 2.22045e-016 -1 0 1 2.22045e-016 5.63604 4.25602 -1.68949</i>
                        <i>1 0 0 0 2.22045e-016 -1 0 1 2.22045e-016 5.63604 4.39319 -1.68949</i>
                        <i>1 0 0 0 2.22045e-016 -1 0 1 2.22045e-016 5.63604 4.55498 -1.68949</i>
                        <i>1 0 0 0 2.22045e-016 -1 0 1 2.22045e-016 5.63604 4.73925 -1.68949</i>
                        <i>1 0 0 0 2.22045e-016 -1 0 1 2.22045e-016 5.63604 4.94386 -1.68949</i>
                        <i>1 0 0 0 2.22045e-016 -1 0 1 2.22045e-016 5.63604 5.16665 -1.68949</i>
                        <i>1 0 0 0 2.22045e-016 -1 0 1 2.22045e-016 5.63604 5.40551 -1.68949</i>
                        <i>1 0 0 0 2.22045e-016 -1 0 1 2.22045e-016 5.63604 5.65827 -1.68949</i>
                        <i>1 0 0 0 2.22045e-016 -1 0 1 2.22045e-016 5.63604 5.92281 -1.68949</i>
                        <i>1 0 0 0 2.22045e-016 -1 0 1 2.22045e-016 5.63604 6.19698 -1.68949</i>
                        <i>1 0 0 0 2.22045e-016 -1 0 1 2.22045e-016 5.63604 6.47865 -1.68949</i>
                        <i>1 0 0 0 2.22045e-016 -1 0 1 2.22045e-016 5.63604 6.76566 -1.68949</i>
                        <i>1 0 0 0 2.22045e-016 -1 0 1 2.22045e-016 5.63604 7.05589 -1.68949</i>
                        <i>1 0 0 0 2.22045e-016 -1 0 1 2.22045e-016 5.63604 7.34719 -1.68949</i>
                        <i>1 0 0 0 2.22045e-016 -1 0 1 2.22045e-016 5.63604 7.63741 -1.68949</i>
                        <i>1 0 0 0 2.22045e-016 -1 0 1 2.22045e-016 5.63604 7.92443 -1.68949</i>
                        <i>1 0 0 0 2.22045e-016 -1 0 1 2.22045e-016 5.63604 8.20609 -1.68949</i>
                        <i>1 0 0 0 2.22045e-016 -1 0 1 2.22045e-016 5.63604 8.48026 -1.68949</i>
                        <i>1 0 0 0 2.22045e-016 -1 0 1 2.22045e-016 5.63604 8.7448 -1.68949</i>
                        <i>1 0 0 0 2.22045e-016 -1 0 1 2.22045e-016 5.63604 8.99757 -1.68949</i>
                        <i>1 0 0 0 2.22045e-016 -1 0 1 2.22045e-016 5.63604 9.23642 -1.68949</i>
                        <i>1 0 0 0 2.22045e-016 -1 0 1 2.22045e-016 5.63604 9.45922 -1.68949</i>
                        <i>1 0 0 0 2.22045e-016 -1 0 1 2.22045e-016 5.63604 9.66382 -1.68949</i>
                        <i>1 0 0 0 2.22045e-016 -1 0 1 2.22045e-016 5.63604 9.84809 -1.68949</i>
                        <i>1 0 0 0 2.22045e-016 -1 0 1 2.22045e-016 5.63604 10.0099 -1.68949</i>
                        <i>1 0 0 0 2.22045e-016 -1 0 1 2.22045e-016 5.63604 10.1471 -1.68949</i>
                        <i>1 0 0 0 2.22045e-016 -1 0 1 2.22045e-016 5.63604 10.2575 -1.68949</i>
                        <i>1 0 0 0 2.22045e-016 -1 0 1 2.22045e-016 5.63604 10.339 -1.68949</i>
                        <i>1 0 0 0 2.22045e-016 -1 0 1 2.22045e-016 5.63604 10.3895 -1.68949</i>
                        <i>1 0 0 0 2.22045e-016 -1 0 1 2.22045e-016 5.63604 10.4068 -1.68949</i>
                        <i>1 0 0 0 0.00246686 -0.999997 0 0.999997 0.00246686 5.63604 10.4079 -1.67972</i>
                        <i>1 0 0 0 0.00963783 -0.999954 0 0.999954 0.00963783 5.63604 10.4111 -1.65131</i>
                        <i>1 0 0 0 0.0211675 -0.999776 0 0.999776 0.0211675 5.63604 10.4162 -1.60564</i>
                        <i>1 0 0 0 0.0367079 -0.999326 0 0.999326 0.0367079 5.63604 10.4231 -1.54405</i>
                        <i>1 0 0 0 0.0559055 -0.998436 0 0.998436 0.0559055 5.63604 10.4316 -1.46792</i>
                        <i>1 0 0 0 0.0784001 -0.996922 0 0.996922 0.0784001 5.63604 10.4416 -1.37861</i>
                        <i>1 0 0 0 0.103823 -0.994596 0 0.994596 0.103823 5.63604 10.4529 -1.27749</i>
                        <i>1 0 0 0 0.131794 -0.991277 0 0.991277 0.131794 5.63604 10.4654 -1.16591</i>
                        <i>1 0 0 0 0.161925 -0.986803 0 0.986803 0.161925 5.63604 10.4789 -1.04524</i>
                        <i>1 0 0 0 0.19382 -0.981037 0 0.981037 0.19382 5.63604 10.4933 -0.91684</i>
                        <i>1 0 0 0 0.227076 -0.973877 0 0.973877 0.227076 5.63604 10.5084 -0.782081</i>
                        <i>1 0 0 0 0.261288 -0.965261 0 0.965261 0.261288 5.63604 10.524 -0.642322</i>
                        <i>1 0 0 0 0.296051 -0.955172 0 0.955172 0.296051 5.63604 10.54 -0.498927</i>
                        <i>1 0 0 0 0.330969 -0.943642 0 0.943642 0.330969 5.63604 10.5564 -0.353259</i>
                        <i>1 0 0 0 0.365652 -0.930752 0 0.930752 0.365652 5.63604 10.5728 -0.206683</i>
                        <i>1 0 0 0 0.399729 -0.916633 0 0.916633 0.399729 5.63604 10.5891 -0.0605608</i>
                        <i>1 0 0 0 0.432849 -0.901467 0 0.901467 0.432849 5.63604 10.6053 0.083743</i>
                        <i>1 0 0 0 0.464683 -0.885477 0 0.885477 0.464683 5.63604 10.6211 0.224865</i>
                        <i>1 0 0 0 0.494931 -0.868932 0 0.868932 0.494931 5.63604 10.6364 0.361443</i>
                        <i>1 0 0 0 0.52332 -0.852136 0 0.852136 0.52332 5.63604 10.651 0.492112</i>
                        <i>1 0 0 0 0.549607 -0.835423 0 0.835423 0.549607 5.63604 10.6648 0.615508</i>
                        <i>1 0 0 0 0.573576 -0.819152 0 0.819152 0.573576 5.63604 10.6776 0.730271</i>
                        <i>1 0 0 0 0.573576 -0.819152 0 0.819152 0.573576 5.63604 10.6776 0.730271</i>
                        <i>1 0 0 0 0.573576 -0.819152 0 0.819152 0.573576 5.63604 10.6776 0.730271</i>
                        <i>1 0 0 0 0.573576 -0.819152 0 0.819152 0.573576 5.63604 10.6776 0.730271</i>
                        <i>1 0 0 0 0.573576 -0.819152 0 0.819152 0.573576 5.63604 10.6776 0.730271</i>
                        <i>1 0 0 0 0.572639 -0.819808 0 0.819808 0.572639 5.63604 10.6788 0.727203</i>
                        <i>1 0 0 0 0.569885 -0.821724 0 0.821724 0.569885 5.63604 10.6823 0.718202</i>
                        <i>1 0 0 0 0.565399 -0.824818 0 0.824818 0.565399 5.63604 10.688 0.703556</i>
                        <i>1 0 0 0 0.559257 -0.828994 0 0.828994 0.559257 5.63604 10.6955 0.683545</i>
                        <i>1 0 0 0 0.551533 -0.834153 0 0.834153 0.551533 5.63604 10.7047 0.65844</i>
                        <i>1 0 0 0 0.542295 -0.840188 0 0.840188 0.542295 5.63604 10.7154 0.628508</i>
                        <i>1 0 0 0 0.531612 -0.846988 0 0.846988 0.531612 5.63604 10.7272 0.594016</i>
                        <i>1 0 0 0 0.519552 -0.854439 0 0.854439 0.519552 5.63604 10.7399 0.555229</i>
                        <i>1 0 0 0 0.506184 -0.862425 0 0.862425 0.506184 5.63604 10.7533 0.512418</i>
                        <i>1 0 0 0 0.491579 -0.870833 0 0.870833 0.491579 5.63604 10.7669 0.465862</i>
                        <i>1 0 0 0 0.475812 -0.879547 0 0.879547 0.475812 5.63604 10.7807 0.415843</i>
                        <i>1 0 0 0 0.45896 -0.888457 0 0.888457 0.45896 5.63604 10.7943 0.362657</i>
                        <i>1 0 0 0 0.441106 -0.897455 0 0.897455 0.441106 5.63604 10.8074 0.306607</i>
                        <i>1 0 0 0 0.422337 -0.906439 0 0.906439 0.422337 5.63604 10.8199 0.248006</i>
                        <i>1 0 0 0 0.402747 -0.915311 0 0.915311 0.402747 5.63604 10.8315 0.187181</i>
                        <i>1 0 0 0 0.382433 -0.923983 0 0.923983 0.382433 5.63604 10.842 0.124465</i>
                        <i>1 0 0 0 0.361498 -0.932373 0 0.932373 0.361498 5.63604 10.8514 0.0602027</i>
