<?xml version="1.0" encoding="ISO-8859-1" ?>
<Animl Version="1">
    <ModellingPackage><![CDATA[Maya.2010]]></ModellingPackage>
    <SrcFile><![CDATA[anims\bosses\red\antonov\~src\antonov_critical.mb]]></SrcFile>
    <FramesPerSecond>30</FramesPerSecond>
    <TotalFrames>182</TotalFrames>
    <Skeleton>
        <RefFrame>
            <Name><![CDATA[antonov_ref_frame]]></Name>
            <Exclude>0</Exclude>
            <Additive>0</Additive>
            <IKPriority>0</IKPriority>
            <IKRotLimits>-1e+010 -1e+010 -1e+010 1e+010 1e+010 1e+010</IKRotLimits>
            <IKRotLimitOrder>0</IKRotLimitOrder>
            <KeyFrames count="182">
                <i>1 0 0 0 1 0 0 0 1 0 0 0</i>
                <i>1 0 0 0 1 0 0 0 1 0 0 0</i>
                <i>1 0 0 0 1 0 0 0 1 0 0 0</i>
                <i>1 0 0 0 1 0 0 0 1 0 0 0</i>
                <i>1 0 0 0 1 0 0 0 1 0 0 0</i>
                <i>1 0 0 0 1 0 0 0 1 0 0 0</i>
                <i>1 0 0 0 1 0 0 0 1 0 0 0</i>
                <i>1 0 0 0 1 0 0 0 1 0 0 0</i>
                <i>1 0 0 0 1 0 0 0 1 0 0 0</i>
                <i>1 0 0 0 1 0 0 0 1 0 0 0</i>
                <i>1 0 0 0 1 0 0 0 1 0 0 0</i>
                <i>1 0 0 0 1 0 0 0 1 0 0 0</i>
                <i>1 0 0 0 1 0 0 0 1 0 0 0</i>
                <i>1 0 0 0 1 0 0 0 1 0 0 0</i>
                <i>1 0 0 0 1 0 0 0 1 0 0 0</i>
                <i>1 0 0 0 1 0 0 0 1 0 0 0</i>
                <i>1 0 0 0 1 0 0 0 1 0 0 0</i>
                <i>1 0 0 0 1 0 0 0 1 0 0 0</i>
                <i>1 0 0 0 1 0 0 0 1 0 0 0</i>
                <i>1 0 0 0 1 0 0 0 1 0 0 0</i>
                <i>1 0 0 0 1 0 0 0 1 0 0 0</i>
                <i>1 0 0 0 1 0 0 0 1 0 0 0</i>
                <i>1 0 0 0 1 0 0 0 1 0 0 0</i>
                <i>1 0 0 0 1 0 0 0 1 0 0 0</i>
                <i>1 0 0 0 1 0 0 0 1 0 0 0</i>
                <i>1 0 0 0 1 0 0 0 1 0 0 0</i>
                <i>1 0 0 0 1 0 0 0 1 0 0 0</i>
                <i>1 0 0 0 1 0 0 0 1 0 0 0</i>
                <i>1 0 0 0 1 0 0 0 1 0 0 0</i>
                <i>1 0 0 0 1 0 0 0 1 0 0 0</i>
                <i>1 0 0 0 1 0 0 0 1 0 0 0</i>
                <i>1 0 0 0 1 0 0 0 1 0 0 0</i>
                <i>1 0 0 0 1 0 0 0 1 0 0 0</i>
                <i>1 0 0 0 1 0 0 0 1 0 0 0</i>
                <i>1 0 0 0 1 0 0 0 1 0 0 0</i>
                <i>1 0 0 0 1 0 0 0 1 0 0 0</i>
                <i>1 0 0 0 1 0 0 0 1 0 0 0</i>
                <i>1 0 0 0 1 0 0 0 1 0 0 0</i>
                <i>1 0 0 0 1 0 0 0 1 0 0 0</i>
                <i>1 0 0 0 1 0 0 0 1 0 0 0</i>
                <i>1 0 0 0 1 0 0 0 1 0 0 0</i>
                <i>1 0 0 0 1 0 0 0 1 0 0 0</i>
                <i>1 0 0 0 1 0 0 0 1 0 0 0</i>
                <i>1 0 0 0 1 0 0 0 1 0 0 0</i>
                <i>1 0 0 0 1 0 0 0 1 0 0 0</i>
                <i>1 0 0 0 1 0 0 0 1 0 0 0</i>
                <i>1 0 0 0 1 0 0 0 1 0 0 0</i>
                <i>1 0 0 0 1 0 0 0 1 0 0 0</i>
                <i>1 0 0 0 1 0 0 0 1 0 0 0</i>
                <i>1 0 0 0 1 0 0 0 1 0 0 0</i>
                <i>1 0 0 0 1 0 0 0 1 0 0 0</i>
                <i>1 0 0 0 1 0 0 0 1 0 0 0</i>
                <i>1 0 0 0 1 0 0 0 1 0 0 0</i>
                <i>1 0 0 0 1 0 0 0 1 0 0 0</i>
                <i>1 0 0 0 1 0 0 0 1 0 0 0</i>
                <i>1 0 0 0 1 0 0 0 1 0 0 0</i>
                <i>1 0 0 0 1 0 0 0 1 0 0 0</i>
                <i>1 0 0 0 1 0 0 0 1 0 0 0</i>
                <i>1 0 0 0 1 0 0 0 1 0 0 0</i>
                <i>1 0 0 0 1 0 0 0 1 0 0 0</i>
                <i>1 0 0 0 1 0 0 0 1 0 0 0</i>
                <i>1 0 0 0 1 0 0 0 1 0 0 0</i>
                <i>1 0 0 0 1 0 0 0 1 0 0 0</i>
                <i>1 0 0 0 1 0 0 0 1 0 0 0</i>
                <i>1 0 0 0 1 0 0 0 1 0 0 0</i>
                <i>1 0 0 0 1 0 0 0 1 0 0 0</i>
                <i>1 0 0 0 1 0 0 0 1 0 0 0</i>
                <i>1 0 0 0 1 0 0 0 1 0 0 0</i>
                <i>1 0 0 0 1 0 0 0 1 0 0 0</i>
                <i>1 0 0 0 1 0 0 0 1 0 0 0</i>
                <i>1 0 0 0 1 0 0 0 1 0 0 0</i>
                <i>1 0 0 0 1 0 0 0 1 0 0 0</i>
                <i>1 0 0 0 1 0 0 0 1 0 0 0</i>
                <i>1 0 0 0 1 0 0 0 1 0 0 0</i>
                <i>1 0 0 0 1 0 0 0 1 0 0 0</i>
                <i>1 0 0 0 1 0 0 0 1 0 0 0</i>
                <i>1 0 0 0 1 0 0 0 1 0 0 0</i>
                <i>1 0 0 0 1 0 0 0 1 0 0 0</i>
                <i>1 0 0 0 1 0 0 0 1 0 0 0</i>
                <i>1 0 0 0 1 0 0 0 1 0 0 0</i>
                <i>1 0 0 0 1 0 0 0 1 0 0 0</i>
                <i>1 0 0 0 1 0 0 0 1 0 0 0</i>
                <i>1 0 0 0 1 0 0 0 1 0 0 0</i>
                <i>1 0 0 0 1 0 0 0 1 0 0 0</i>
                <i>1 0 0 0 1 0 0 0 1 0 0 0</i>
                <i>1 0 0 0 1 0 0 0 1 0 0 0</i>
                <i>1 0 0 0 1 0 0 0 1 0 0 0</i>
                <i>1 0 0 0 1 0 0 0 1 0 0 0</i>
                <i>1 0 0 0 1 0 0 0 1 0 0 0</i>
                <i>1 0 0 0 1 0 0 0 1 0 0 0</i>
                <i>1 0 0 0 1 0 0 0 1 0 0 0</i>
                <i>1 0 0 0 1 0 0 0 1 0 0 0</i>
                <i>1 0 0 0 1 0 0 0 1 0 0 0</i>
                <i>1 0 0 0 1 0 0 0 1 0 0 0</i>
                <i>1 0 0 0 1 0 0 0 1 0 0 0</i>
                <i>1 0 0 0 1 0 0 0 1 0 0 0</i>
                <i>1 0 0 0 1 0 0 0 1 0 0 0</i>
                <i>1 0 0 0 1 0 0 0 1 0 0 0</i>
                <i>1 0 0 0 1 0 0 0 1 0 0 0</i>
                <i>1 0 0 0 1 0 0 0 1 0 0 0</i>
                <i>1 0 0 0 1 0 0 0 1 0 0 0</i>
                <i>1 0 0 0 1 0 0 0 1 0 0 0</i>
                <i>1 0 0 0 1 0 0 0 1 0 0 0</i>
                <i>1 0 0 0 1 0 0 0 1 0 0 0</i>
                <i>1 0 0 0 1 0 0 0 1 0 0 0</i>
                <i>1 0 0 0 1 0 0 0 1 0 0 0</i>
                <i>1 0 0 0 1 0 0 0 1 0 0 0</i>
                <i>1 0 0 0 1 0 0 0 1 0 0 0</i>
                <i>1 0 0 0 1 0 0 0 1 0 0 0</i>
                <i>1 0 0 0 1 0 0 0 1 0 0 0</i>
                <i>1 0 0 0 1 0 0 0 1 0 0 0</i>
                <i>1 0 0 0 1 0 0 0 1 0 0 0</i>
                <i>1 0 0 0 1 0 0 0 1 0 0 0</i>
                <i>1 0 0 0 1 0 0 0 1 0 0 0</i>
                <i>1 0 0 0 1 0 0 0 1 0 0 0</i>
                <i>1 0 0 0 1 0 0 0 1 0 0 0</i>
                <i>1 0 0 0 1 0 0 0 1 0 0 0</i>
                <i>1 0 0 0 1 0 0 0 1 0 0 0</i>
                <i>1 0 0 0 1 0 0 0 1 0 0 0</i>
                <i>1 0 0 0 1 0 0 0 1 0 0 0</i>
                <i>1 0 0 0 1 0 0 0 1 0 0 0</i>
                <i>1 0 0 0 1 0 0 0 1 0 0 0</i>
                <i>1 0 0 0 1 0 0 0 1 0 0 0</i>
                <i>1 0 0 0 1 0 0 0 1 0 0 0</i>
                <i>1 0 0 0 1 0 0 0 1 0 0 0</i>
                <i>1 0 0 0 1 0 0 0 1 0 0 0</i>
                <i>1 0 0 0 1 0 0 0 1 0 0 0</i>
                <i>1 0 0 0 1 0 0 0 1 0 0 0</i>
                <i>1 0 0 0 1 0 0 0 1 0 0 0</i>
                <i>1 0 0 0 1 0 0 0 1 0 0 0</i>
                <i>1 0 0 0 1 0 0 0 1 0 0 0</i>
                <i>1 0 0 0 1 0 0 0 1 0 0 0</i>
                <i>1 0 0 0 1 0 0 0 1 0 0 0</i>
                <i>1 0 0 0 1 0 0 0 1 0 0 0</i>
                <i>1 0 0 0 1 0 0 0 1 0 0 0</i>
                <i>1 0 0 0 1 0 0 0 1 0 0 0</i>
                <i>1 0 0 0 1 0 0 0 1 0 0 0</i>
                <i>1 0 0 0 1 0 0 0 1 0 0 0</i>
                <i>1 0 0 0 1 0 0 0 1 0 0 0</i>
                <i>1 0 0 0 1 0 0 0 1 0 0 0</i>
                <i>1 0 0 0 1 0 0 0 1 0 0 0</i>
                <i>1 0 0 0 1 0 0 0 1 0 0 0</i>
                <i>1 0 0 0 1 0 0 0 1 0 0 0</i>
                <i>1 0 0 0 1 0 0 0 1 0 0 0</i>
                <i>1 0 0 0 1 0 0 0 1 0 0 0</i>
                <i>1 0 0 0 1 0 0 0 1 0 0 0</i>
                <i>1 0 0 0 1 0 0 0 1 0 0 0</i>
                <i>1 0 0 0 1 0 0 0 1 0 0 0</i>
                <i>1 0 0 0 1 0 0 0 1 0 0 0</i>
                <i>1 0 0 0 1 0 0 0 1 0 0 0</i>
                <i>1 0 0 0 1 0 0 0 1 0 0 0</i>
                <i>1 0 0 0 1 0 0 0 1 0 0 0</i>
                <i>1 0 0 0 1 0 0 0 1 0 0 0</i>
                <i>1 0 0 0 1 0 0 0 1 0 0 0</i>
                <i>1 0 0 0 1 0 0 0 1 0 0 0</i>
                <i>1 0 0 0 1 0 0 0 1 0 0 0</i>
                <i>1 0 0 0 1 0 0 0 1 0 0 0</i>
                <i>1 0 0 0 1 0 0 0 1 0 0 0</i>
                <i>1 0 0 0 1 0 0 0 1 0 0 0</i>
                <i>1 0 0 0 1 0 0 0 1 0 0 0</i>
                <i>1 0 0 0 1 0 0 0 1 0 0 0</i>
                <i>1 0 0 0 1 0 0 0 1 0 0 0</i>
                <i>1 0 0 0 1 0 0 0 1 0 0 0</i>
                <i>1 0 0 0 1 0 0 0 1 0 0 0</i>
                <i>1 0 0 0 1 0 0 0 1 0 0 0</i>
                <i>1 0 0 0 1 0 0 0 1 0 0 0</i>
                <i>1 0 0 0 1 0 0 0 1 0 0 0</i>
                <i>1 0 0 0 1 0 0 0 1 0 0 0</i>
                <i>1 0 0 0 1 0 0 0 1 0 0 0</i>
                <i>1 0 0 0 1 0 0 0 1 0 0 0</i>
                <i>1 0 0 0 1 0 0 0 1 0 0 0</i>
                <i>1 0 0 0 1 0 0 0 1 0 0 0</i>
                <i>1 0 0 0 1 0 0 0 1 0 0 0</i>
                <i>1 0 0 0 1 0 0 0 1 0 0 0</i>
                <i>1 0 0 0 1 0 0 0 1 0 0 0</i>
                <i>1 0 0 0 1 0 0 0 1 0 0 0</i>
                <i>1 0 0 0 1 0 0 0 1 0 0 0</i>
                <i>1 0 0 0 1 0 0 0 1 0 0 0</i>
                <i>1 0 0 0 1 0 0 0 1 0 0 0</i>
                <i>1 0 0 0 1 0 0 0 1 0 0 0</i>
                <i>1 0 0 0 1 0 0 0 1 0 0 0</i>
                <i>1 0 0 0 1 0 0 0 1 0 0 0</i>
            </KeyFrames>
        </RefFrame>
        <Bones count="31">
            <i>
                <p>
                    <Name><![CDATA[antonov_root]]></Name>
                    <Exclude>0</Exclude>
                    <Additive>0</Additive>
                    <IKPriority>0</IKPriority>
                    <IKRotLimits>-1e+010 -1e+010 -1e+010 1e+010 1e+010 1e+010</IKRotLimits>
                    <IKRotLimitOrder>0</IKRotLimitOrder>
                    <KeyFrames count="182">
                        <i>1 0 0 0 1 -0.000919615 0 0.000919615 1 0 3.89948e-006 0.00848067</i>
                        <i>1 -9.54071e-005 0 9.5407e-005 1 -0.000870772 8.30778e-008 0.000870772 1 -0.000879841 -0.000114501 0.00803024</i>
                        <i>1 -0.000190814 0 0.000190814 1 -0.000821929 1.56836e-007 0.000821929 1 -0.00175968 -0.000232796 0.00757981</i>
                        <i>1 -0.000202423 -1.32349e-023 0.000202423 1 -0.00077328 1.5653e-007 0.00077328 1 -0.00186674 -0.000351173 0.00713117</i>
                        <i>1 5.92399e-005 0 -5.92399e-005 1 -0.000725173 -4.29592e-008 0.000725173 1 0.000546309 -0.000469718 0.00668753</i>
                        <i>1 0.000291111 0 -0.000291111 1 -0.000677184 -1.97136e-007 0.000677184 1 0.00268462 -0.000587693 0.00624497</i>
                        <i>1 2.77897e-005 -1.65436e-024 -2.77897e-005 1 -0.000629531 -1.74945e-008 0.000629531 1 0.000256276 -0.000706407 0.00580552</i>
                        <i>1 -0.000207874 0 0.000207874 1 -0.000580277 1.20624e-007 0.000580277 1 -0.00191701 -0.000824526 0.0053513</i>
                        <i>1 3.37408e-005 1.65436e-024 -3.37408e-005 1 -0.000528129 -1.78195e-008 0.000528129 1 0.000311156 -0.000943026 0.00487039</i>
                        <i>1 0.00041022 0 -0.00041022 1 -0.000474647 -1.94709e-007 0.000474647 1 0.00378303 -0.00106054 0.00437718</i>
                        <i>1 0.000560875 0 -0.000560875 1 -0.000419915 -2.3552e-007 0.000419915 1 0.00517237 -0.00117813 0.00387245</i>
                        <i>1 0.000175906 0 -0.000175906 1 -0.00036342 -6.39276e-008 0.00036342 1 0.0016222 -0.00129768 0.00335145</i>
                        <i>1 -0.000434887 0 0.000434887 1 -0.000305675 1.32934e-007 0.000305675 1 -0.00401052 -0.00141517 0.00281893</i>
                        <i>1 -0.00070279 -1.32349e-023 0.00070279 1 -0.000248306 1.74507e-007 0.000248306 1 -0.00648111 -0.00153195 0.00228987</i>
                        <i>1 -0.000290609 3.30872e-024 0.000290609 1 -0.000191422 5.56289e-008 0.000191422 1 -0.00267999 -0.001652 0.00176529</i>
                        <i>1 0.000464462 0 -0.000464462 1 -0.000136723 -6.35024e-008 0.000136723 1 0.00428325 -0.00176951 0.00126085</i>
                        <i>0.999999 0.00111955 -6.61744e-024 -0.00111955 0.999999 -9.15018e-005 -1.02441e-007 9.15018e-005 1 0.0103245 -0.00188282 0.000843828</i>
                        <i>0.999999 0.00112712 0 -0.00112712 0.999999 -4.92082e-005 -5.54638e-008 4.92082e-005 1 0.0103943 -0.00200081 0.000453797</i>
                        <i>1 -0.000785937 0 0.000785937 1 1.23685e-005 -9.72088e-009 -1.23685e-005 1 -0.00724789 -0.00212187 -0.000114062</i>
                        <i>1 -0.000436643 0 0.000436643 1 2.17286e-005 -9.48764e-009 -2.17286e-005 1 -0.00402671 -0.00224187 -0.00020038</i>
                        <i>1 0.000349436 0 -0.000349436 1 -9.26277e-005 -3.23674e-008 9.26277e-005 1 0.00322249 -0.00236019 0.00085421</i>
                        <i>0.999999 0.00159692 0 -0.00159691 0.999999 -0.000696637 -1.11247e-006 0.000696636 1 0.0147267 -0.00246484 0.00642437</i>
                        <i>0.999997 0.0022715 0 -0.0022715 0.999997 -0.00129179 -2.9343e-006 0.00129178 0.999999 0.0209477 -0.00256539 0.0119128</i>
                        <i>1 -0.000794835 3.30872e-024 0.000794835 1 -3.94603e-005 3.13644e-008 3.94603e-005 1 -0.00732995 -0.00271199 0.000363902</i>
                        <i>1 2.00188e-005 -8.27181e-025 -2.00188e-005 1 -0.000733553 -1.46849e-008 0.000733553 1 0.000184613 -0.00283047 0.00676481</i>
                        <i>0.999999 0.00151996 2.11758e-022 -0.00151996 0.999998 -0.00129179 -1.96346e-006 0.00129179 0.999999 0.014017 -0.00293264 0.0119128</i>
                        <i>0.999997 0.00233776 -1.05879e-022 -0.00233776 0.999997 0.000775682 1.81336e-006 -0.00077568 1 0.0215588 -0.00304106 -0.00715332</i>
                        <i>1 -0.000710859 -2.64698e-023 0.000710859 1 -0.000413123 2.93672e-007 0.000413123 1 -0.00655552 -0.00318395 0.00380981</i>
                        <i>1 0.000222061 0 -0.00022206 0.999999 -0.00155762 -3.45887e-007 0.00155762 0.999999 0.00204783 -0.0032937 0.0143644</i>
                        <i>0.999998 0.00185265 -1.05879e-022 -0.00185265 0.999998 -0.000956632 -1.7723e-006 0.00095663 1 0.0170851 -0.0034031 0.00882203</i>
                        <i>0.999996 0.00270136 0 -0.00270136 0.999996 0.000162875 4.39983e-007 -0.000162874 1 0.0249118 -0.00350742 -0.00150203</i>
                        <i>1 0.000857191 0 -0.00085719 0.999999 0.000775682 6.64908e-007 -0.000775682 1 0.00790499 -0.00365307 -0.00715332</i>
                        <i>1 -0.000887931 0 0.000887931 1 0.000307036 -2.72627e-007 -0.000307036 1 -0.00818848 -0.0037732 -0.00283148</i>
                        <i>1 0.000260252 -1.32349e-023 -0.000260252 1 -0.000668305 -1.73928e-007 0.000668305 1 0.00240004 -0.00389294 0.0061631</i>
                        <i>0.999997 0.00227836 2.11758e-022 -0.00227836 0.999996 -0.00145129 -3.30657e-006 0.00145129 0.999999 0.021011 -0.0039797 0.0133837</i>
                        <i>0.999993 0.00351484 -0.000850399 -0.00351528 0.999994 -0.000513795 0.000848588 0.000516781 1 0.0324178 -0.00407319 0.0047382</i>
                        <i>0.999998 0.00020948 -0.00202788 -0.000207378 0.999999 0.00103714 0.00202809 -0.00103672 0.999997 0.00191243 -0.00424427 -0.0095645</i>
                        <i>0.999992 -0.0026738 -0.00294369 0.00267923 0.999995 0.00184269 0.00293875 -0.00185056 0.999994 -0.0247078 -0.00431871 -0.0169933</i>
                        <i>0.999996 0.000499073 -0.00294369 -0.000498646 1 0.00014553 0.00294376 -0.000144062 0.999996 0.0045985 -0.00448426 -0.00134208</i>
                        <i>0.999981 0.00546255 -0.00294369 -0.00546713 0.999984 -0.00155163 0.00293517 0.0015677 0.999994 0.0504178 -0.00445462 0.0143091</i>
                        <i>0.999986 -0.00450387 -0.00294369 0.00450931 0.999988 0.00184269 0.00293536 -0.00185594 0.999994 -0.0415847 -0.00461217 -0.0169933</i>
                        <i>0.999993 0.00188739 -0.00308326 -0.00188725 0.999998 4.54524e-005 0.00308334 -3.96332e-005 0.999995 0.0174042 -0.00482319 -0.000419161</i>
                        <i>0.999961 0.00827857 -0.00294369 -0.00828316 0.999964 -0.00155163 0.00293074 0.00157596 0.999994 0.0763871 -0.0046302 0.0143091</i>
                        <i>0.999995 -0.00278986 -0.0012688 0.00279371 0.999991 0.00304363 0.0012603 -0.00304716 0.999995 -0.0257635 -0.004997 -0.0280683</i>
                        <i>0.999992 0.00384798 -0.00137061 -0.00384656 0.999992 0.00103645 0.00137459 -0.00103117 0.999999 0.0354729 -0.00512057 -0.00955811</i>
                        <i>0.999944 0.0104856 -0.0012688 -0.010487 0.999944 -0.00108756 0.00125732 0.0011008 0.999999 0.096711 -0.00479921 0.0100294</i>
                        <i>0.999986 0.00527711 0.000364945 -0.00527706 0.999986 -0.000147492 -0.000365719 0.000145564 1 0.0486649 -0.00530132 0.00136016</i>
                        <i>0.999997 6.84221e-005 0.00242782 -7.24901e-005 0.999999 0.00167552 -0.0024277 -0.00167569 0.999996 0.000668502 -0.0055349 -0.0154516</i>
                        <i>0.99998 -0.00514022 0.00355885 0.00513081 0.999983 0.00264879 -0.00357241 -0.00263048 0.99999 -0.0473162 -0.00551217 -0.024427</i>
                        <i>0.999987 0.00428587 0.00273017 -0.00429062 0.999989 0.00173823 -0.0027227 -0.00174992 0.999995 0.039568 -0.00568513 -0.0160299</i>
                        <i>0.999906 0.0137116 0.000969663 -0.0137116 0.999906 -2.20621e-005 -0.000969875 8.76438e-006 1 0.126448 -0.00503503 0.000203456</i>
                        <i>0.999995 0.00321944 0 -0.00321943 0.999994 -0.00126244 -4.06435e-006 0.00126243 0.999999 0.0296895 -0.00596488 0.0116422</i>
                        <i>0.999974 -0.00727308 0 0.00727304 0.999967 0.00358655 -2.60853e-005 -0.00358646 0.999994 -0.0670718 -0.00583484 -0.0330751</i>
                        <i>1 0.000440849 0 -0.000440849 1 0.000571242 2.51832e-007 -0.000571242 1 0.0040655 -0.0062537 -0.00526798</i>
                        <i>0.999967 0.00815476 0 -0.00815474 0.999964 -0.00217583 -1.77434e-005 0.00217576 0.999998 0.0752028 -0.00604568 0.0200655</i>
                        <i>0.999874 0.0158682 6.77626e-021 -0.0158681 0.999865 0.0042826 6.79572e-005 -0.00428206 0.999991 0.146335 -0.0052465 -0.039494</i>
                        <i>0.999987 0.00512647 0 -0.00512647 0.999986 0.000854952 4.38289e-006 -0.000854941 1 0.0472762 -0.00648567 -0.00788435</i>
                        <i>0.999984 -0.00561586 0 0.00561584 0.999981 -0.00246856 1.38631e-005 0.00246852 0.999997 -0.0517891 -0.00655474 0.022765</i>
                        <i>0.999999 -0.00104981 4.23516e-022 0.0010498 0.999989 0.00461474 -4.84462e-006 -0.00461474 0.999989 -0.00968126 -0.00674302 -0.042557</i>
                        <i>0.99999 0.00351625 -0.00294369 -0.00352083 0.999993 -0.00155163 0.00293821 0.00156198 0.999994 0.032469 -0.00689608 0.0143091</i>
                        <i>0.999967 0.00808225 -0.0012688 -0.00807836 0.999963 0.00304363 0.00129335 -0.00303328 0.999995 0.0744984 -0.00673875 -0.0280683</i>
                        <i>0.999919 0.0126481 -0.00137061 -0.0126468 0.99992 0.000898903 0.00138187 -0.000881496 0.999999 0.116629 -0.00645917 -0.00828966</i>
                        <i>0.999981 0.00600787 -0.0012688 -0.00600925 0.999981 -0.00108756 0.00126224 0.00109516 0.999999 0.0554171 -0.0071465 0.0100294</i>
                        <i>1 -0.000632596 0.000364943 0.000632273 0.999999 0.000882452 -0.000365501 -0.000882221 1 -0.00583081 -0.00743106 -0.00813795</i>
                        <i>0.999971 -0.00727306 0.00242782 0.00726336 0.999966 0.00397995 -0.00245669 -0.0039622 0.999989 -0.0669825 -0.00723824 -0.036703</i>
                        <i>0.999993 0.0013156 0.00355885 -0.0013348 0.999985 0.0053998 -0.00355169 -0.00540451 0.999979 0.0123095 -0.00752992 -0.0497968</i>
                        <i>0.999947 0.00990416 0.00273017 -0.00991306 0.999946 0.00326636 -0.00269767 -0.00329325 0.999991 0.091418 -0.00728829 -0.0301222</i>
                        <i>0.999829 0.018492 0.000969659 -0.0184915 0.999829 -0.00054472 -0.000979566 0.000526696 0.999999 0.170528 -0.00633049 0.00502339</i>
                        <i>0.999937 0.0112517 -3.38813e-021 -0.0112517 0.999932 -0.00321113 -3.61308e-005 0.00321093 0.999995 0.103763 -0.00739538 0.029613</i>
                        <i>0.999992 0.00401082 1.69407e-021 -0.0040107 0.999964 0.00746435 2.99381e-005 -0.00746429 0.999972 0.0369866 -0.00781365 -0.068836</i>
                        <i>0.999995 -0.00323031 -2.11758e-022 0.00323031 0.999994 0.00101693 -3.28501e-006 -0.00101693 0.999999 -0.0297898 -0.00820989 -0.00937813</i>
                        <i>0.999945 -0.0104713 0 0.0104711 0.999932 -0.00522204 5.46813e-005 0.00522175 0.999986 -0.0965644 -0.00774949 0.0481575</i>
                        <i>0.999999 -0.00129563 0 0.00129563 0.999999 0.000670087 -8.68188e-007 -0.000670086 1 -0.0119483 -0.00848905 -0.00617952</i>
                        <i>0.999969 0.00788004 3.38813e-021 -0.00787987 0.999948 0.00645106 5.08346e-005 -0.00645086 0.999979 0.072668 -0.00813868 -0.0594915</i>
                        <i>1 -0.00044797 0 0.000447967 0.999993 0.00374935 -1.6796e-006 -0.00374935 0.999993 -0.00413114 -0.00866919 -0.0345764</i>
                        <i>0.999961 -0.00877595 8.47033e-022 0.00877594 0.99996 -0.00148856 1.30636e-005 0.00148851 0.999999 -0.0809315 -0.00848763 0.0137275</i>
                        <i>0.999994 -0.00182211 -0.00294369 0.00180328 0.999978 -0.00638808 0.00295526 0.00638273 0.999975 -0.0166298 -0.00876786 0.0589107</i>
                        <i>0.999986 0.0051318 -0.0012688 -0.00514188 0.999954 -0.00807476 0.0012273 0.00808117 0.999967 0.0474183 -0.00866649 0.0744653</i>
                        <i>0.999926 0.0120855 -0.00137061 -0.0120886 0.999924 -0.00232089 0.00134245 0.00233729 0.999996 0.111481 -0.0085084 0.0214032</i>
                        <i>0.999994 0.00328712 -0.0012688 -0.0032776 0.999967 0.00743913 0.00129321 -0.00743493 0.999972 0.0302259 -0.00902042 -0.0686035</i>
                        <i>0.999985 -0.00551141 0.000364947 0.00550637 0.999906 0.0125961 -0.000434335 -0.0125939 0.999921 -0.0507796 -0.00857173 -0.116161</i>
                        <i>0.999984 0.00517868 0.00242782 -0.00519581 0.999961 0.00710272 -0.00239094 -0.00711522 0.999972 0.0479156 -0.00920411 -0.0655011</i>
                        <i>0.999868 0.0158681 0.00355885 -0.0158575 0.99987 -0.00299363 -0.00360589 0.0029368 0.999989 0.146237 -0.00847837 0.0276072</i>
                        <i>0.999994 0.00224311 0.00273017 -0.00222078 0.999964 -0.00815704 -0.00274837 0.00815093 0.999963 0.0204799 -0.00946774 0.075224</i>
                        <i>0.999935 -0.0113824 0.000969659 0.0113873 0.999921 -0.0052477 -0.000909852 0.0052584 0.999986 -0.105013 -0.00919041 0.0483941</i>
                        <i>1 0.000173439 1.32349e-023 -0.000173439 0.999999 0.00113018 1.96018e-007 -0.00113018 0.999999 0.00159945 0.0755081 -0.0104225</i>
                        <i>0.999931 0.0117292 0 -0.0117288 0.999892 0.00889536 0.000104336 -0.00889475 0.99996 0.108162 0.161919 -0.0820328</i>
                        <i>0.999986 0.00534584 6.77626e-021 -0.00534516 0.999858 0.0159665 8.53541e-005 -0.0159662 0.999873 0.0492929 0.247645 -0.147242</i>
                        <i>0.999999 -0.00103773 -4.23516e-022 0.00103772 0.999986 0.0052615 -5.46002e-006 -0.0052615 0.999986 -0.00956979 0.331888 -0.0485215</i>
                        <i>0.999972 -0.00742126 -3.38813e-021 0.00742115 0.999958 -0.00544405 4.04017e-005 0.0054439 0.999985 -0.0684376 0.417563 0.0502049</i>
                        <i>0.999873 0.0159079 0 -0.0159058 0.999743 -0.016149 -0.000256896 0.0161469 0.99987 0.146683 0.348144 0.148925</i>
                        <i>0.999999 0.00108506 4.23516e-022 -0.00108504 0.999983 -0.00570722 -6.19268e-006 0.00570722 0.999984 0.0100062 0.274533 0.0526318</i>
                        <i>0.999906 -0.013738 0 0.0137378 0.999894 0.00473516 -6.50516e-005 -0.00473472 0.999989 -0.12669 0.203953 -0.0436675</i>
                        <i>0.999991 0.00306334 -0.00294369 -0.00301833 0.99988 0.015177 0.00298983 -0.0151679 0.99988 0.0278349 0.132686 -0.139962</i>
                        <i>0.999802 0.0198639 -0.0012688 -0.0198249 0.999475 0.0256173 0.00177699 -0.0255871 0.999671 0.182825 0.0650233 -0.236242</i>
                        <i>0.999978 0.00651247 -0.00137061 -0.00650311 0.999956 0.00672995 0.00141438 -0.00672088 0.999976 0.0599715 -0.0108099 -0.0620634</i>
                        <i>0.999976 -0.00684016 -0.0012688 0.00682423 0.999903 -0.0121598 0.00135185 0.0121509 0.999925 -0.0629328 0.157552 0.112137</i>
                        <i>0.999994 0.00350121 0.000364948 -0.00349957 0.999984 -0.00437843 -0.000380272 0.00437712 0.99999 0.032273 0.324669 0.0403778</i>
                        <i>0.999901 0.0138422 0.00242782 -0.0138504 0.999898 0.00340321 -0.00238046 -0.0034365 0.999991 0.127728 0.49333 -0.0313843</i>
                        <i>0.999965 0.00754203 0.00355885 -0.00758141 0.999909 0.0111846 -0.00347417 -0.0112112 0.999931 0.0699155 0.661103 -0.103144</i>
                        <i>0.999996 0.00124165 0.00273018 -0.00129321 0.999819 0.0189654 -0.00270614 -0.0189688 0.999816 0.0119259 0.52742 -0.174898</i>
                        <i>0.999987 -0.00505882 0.000969667 0.00505991 0.999987 -0.00112753 -0.00096395 0.00113242 0.999999 -0.0466624 0.391371 0.0103981</i>
                        <i>0.999936 -0.0113591 0 0.0113566 0.99971 -0.0212202 0.000241043 0.0212188 0.999775 -0.10473 0.25941 0.195692</i>
                        <i>0.999766 0.0216107 2.71051e-020 -0.0216099 0.999729 -0.00868839 -0.000187762 0.00868636 0.999962 0.199286 0.124733 0.0801241</i>
                        <i>0.99998 0.00629462 3.38813e-021 -0.00629457 0.999973 0.00384477 2.42014e-005 -0.0038447 0.999993 0.0580483 -0.0120253 -0.0354564</i>
                        <i>0.999959 -0.00902293 -1.35525e-020 0.00902172 0.999825 0.0163773 -0.000147772 -0.0163767 0.999866 -0.0831981 0.111412 -0.151031</i>
                        <i>0.999998 0.00182785 0 -0.00182708 0.99958 0.0289073 5.28382e-005 -0.0289073 0.999582 0.0168493 0.235744 -0.266582</i>
                        <i>0.99992 0.0126784 -1.35525e-020 -0.0126776 0.999855 0.0113799 0.00014428 -0.011379 0.999935 0.116912 0.355289 -0.104946</i>
                        <i>0.999978 0.00656928 0 -0.00656916 0.99996 -0.00615092 -4.04071e-005 0.00615078 0.999981 0.0605806 0.4764 0.0567236</i>
                        <i>1 0.000459866 0 -0.000459737 0.99972 -0.02368 -1.08896e-005 0.02368 0.99972 0.00423969 0.38074 0.218376</i>
                        <i>0.999984 -0.00564952 -2.11758e-022 0.00564952 0.999984 -0.000578362 3.26747e-006 0.000578353 1 -0.0520997 0.280429 0.00533364</i>
                        <i>1 0.000995763 0 -0.00099551 0.999746 0.0225236 2.24282e-005 -0.0225236 0.999746 0.00918057 0.184751 -0.207712</i>
                        <i>0.999971 0.00764101 0 -0.00763996 0.999834 0.0165181 0.000126215 -0.0165176 0.999864 0.0704555 0.0860617 -0.15233</i>
                        <i>0.999956 0.00933413 0 -0.00933362 0.999901 0.010512 9.81208e-005 -0.0105116 0.999945 0.0860744 -0.0124272 -0.0969418</i>
                        <i>0.999924 0.0123358 0 -0.0123357 0.999914 0.00450559 5.55801e-005 -0.00450525 0.99999 0.113759 -0.0126612 -0.0415505</i>
                        <i>0.999892 0.0146831 0 -0.0146831 0.999891 -0.00150102 -2.20397e-005 0.00150086 0.999999 0.135407 -0.01257 0.0138424</i>
                        <i>0.999896 0.0144134 0 -0.0144113 0.999751 0.0170147 0.000245239 -0.0170129 0.999855 0.1329 -0.0113998 -0.156909</i>
                        <i>0.999954 0.00956357 0 -0.00955647 0.999212 0.0385253 0.000368439 -0.0385235 0.999258 0.0881295 -0.00654306 -0.355279</i>
                        <i>0.999997 -0.00234279 0 0.00233857 0.998195 0.0600179 -0.000140609 -0.0600177 0.998197 -0.0215662 2.11198 -0.553483</i>
                        <i>0.999798 -0.020091 -1.0842e-019 0.020029 0.996714 0.0784897 -0.00157694 -0.0784738 0.996915 -0.184707 3.56351 -0.72383</i>
                        <i>0.999196 -0.0401032 0 0.039937 0.995054 0.0909559 -0.00364762 -0.0908828 0.995855 -0.368297 3.91532 -0.838793</i>
                        <i>0.99827 -0.0588025 0 0.0585396 0.993807 0.0944444 -0.00555356 -0.094281 0.99553 -0.539851 4.09033 -0.870964</i>
                        <i>0.997359 -0.0726247 4.33681e-019 0.0723346 0.993375 0.0892982 -0.00648526 -0.0890624 0.996005 -0.667067 4.10867 -0.823506</i>
                        <i>0.996952 -0.0780203 0 0.0777785 0.993861 0.0786788 -0.00613854 -0.078439 0.9969 -0.717271 3.99317 -0.725574</i>
                        <i>0.997354 -0.0727003 4.33681e-019 0.072552 0.99532 0.0638372 -0.00464098 -0.0636683 0.99796 -0.669073 3.76717 -0.588705</i>
                        <i>0.998247 -0.0591807 2.1684e-019 0.059118 0.997189 0.0460291 -0.00272404 -0.0459485 0.99894 -0.545185 3.45965 -0.424479</i>
                        <i>0.999154 -0.0411252 -1.0842e-019 0.0411107 0.998803 0.0265181 -0.00109056 -0.0264957 0.999648 -0.379122 2.99198 -0.244549</i>
                        <i>0.999753 -0.0222117 1.35525e-020 0.0222112 0.999732 0.0065747 -0.000146035 -0.00657308 0.999978 -0.204831 2.32591 -0.0606318</i>
                        <i>0.999981 -0.00612985 0 0.00612937 0.999903 -0.0125272 7.67897e-005 0.0125269 0.999922 -0.0565249 1.54985 0.115525</i>
                        <i>0.999994 0.00342894 0 -0.00342745 0.999559 -0.029514 -0.000101202 0.0295138 0.999564 0.0316078 0.749302 0.272177</i>
                        <i>0.999845 -0.0176211 1.69407e-021 0.0176211 0.999844 -0.000981444 1.72941e-005 0.000981292 1 -0.162501 0.00143627 0.00905085</i>
                        <i>0.999295 -0.0375438 0 0.0375296 0.998916 0.0275519 -0.0010344 -0.0275325 0.99962 -0.346097 0.492614 -0.254083</i>
                        <i>0.999888 -0.0149876 0 0.0149745 0.999016 0.0417494 -0.000625723 -0.0417447 0.999128 -0.138095 1.04087 -0.385012</i>
                        <i>0.999801 0.0199304 1.0842e-019 -0.0199139 0.998972 0.0407301 0.000811767 -0.040722 0.99917 0.183645 1.55718 -0.375612</i>
                        <i>0.999201 0.0399629 0 -0.0399394 0.998612 0.0343404 0.00137234 -0.034313 0.99941 0.36832 1.94326 -0.316687</i>
                        <i>0.999346 0.0361679 5.42101e-020 -0.0361571 0.999049 0.0243679 0.000881336 -0.024352 0.999703 0.33344 2.089 -0.22472</i>
                        <i>0.99976 0.021915 0 -0.0219133 0.99968 0.0126019 0.00027617 -0.0125988 0.999921 0.202084 1.85565 -0.116214</i>
                        <i>0.999994 0.00347338 2.11758e-022 -0.00347338 0.999994 0.000834017 2.89685e-006 -0.000834012 1 0.0320314 1.3002 -0.00769128</i>
                        <i>0.999917 -0.0128774 6.77626e-021 0.0128769 0.999875 -0.00914269 0.000117734 0.00914193 0.999958 -0.11875 0.618719 0.0843136</i>
                        <i>0.999931 -0.0117839 0 0.0117838 0.999926 -0.00299068 3.52419e-005 0.00299048 0.999996 -0.10867 0.000681542 0.02758</i>
                        <i>0.999943 -0.0106568 0 0.0106567 0.999938 0.00316144 -3.36907e-005 -0.00316126 0.999995 -0.098276 0.283048 -0.0291547</i>
                        <i>0.999955 -0.0095073 0 0.00950689 0.999911 0.00931344 -8.85456e-005 -0.00931302 0.999957 -0.0876722 0.604948 -0.0858883</i>
                        <i>0.999965 -0.00834663 0 0.00834563 0.999846 0.0154651 -0.000129081 -0.0154645 0.99988 -0.0769632 0.907621 -0.142619</i>
                        <i>0.999974 -0.00718593 0 0.00718567 0.999938 0.00851544 -6.11914e-005 -0.00851522 0.999964 -0.0662661 1.13049 -0.0785292</i>
                        <i>0.999982 -0.00603642 0 0.00603642 0.999981 0.00156548 -9.44993e-006 -0.00156546 0.999999 -0.0556677 1.2167 -0.0144369</i>
                        <i>0.999988 -0.00490926 0 0.00490919 0.999973 -0.00538455 2.64342e-005 0.00538448 0.999986 -0.0452724 1.08134 0.0496562</i>
                        <i>0.999993 -0.00381563 3.38813e-021 0.00381534 0.999917 -0.0123343 4.70632e-005 0.0123342 0.999924 -0.035185 0.75515 0.113747</i>
                        <i>0.999996 -0.00276671 -1.69407e-021 0.00276659 0.999953 -0.0092543 2.56039e-005 0.00925426 0.999957 -0.0255134 0.351588 0.0853429</i>
                        <i>0.999998 -0.00177368 0 0.00177364 0.999979 -0.00617418 1.0951e-005 0.00617417 0.999981 -0.0163565 -0.0136204 0.0569381</i>
                        <i>1 -0.000847713 2.11758e-022 0.000847709 0.999995 -0.00309401 2.62283e-006 0.00309401 0.999995 -0.00781755 0.0741991 0.0285329</i>
                        <i>1 0 0 0 1 -1.3808e-005 0 1.3808e-005 1 0 0.171191 0.000127337</i>
                        <i>1 0.000452735 1.05879e-022 -0.000452733 0.999995 0.00306639 1.38826e-006 -0.00306639 0.999995 0.00417509 0.250121 -0.0282782</i>
                        <i>1 0.000402431 0 -0.00040243 0.999998 0.00199266 8.01907e-007 -0.00199266 0.999998 0.0037112 0.283593 -0.0183762</i>
                        <i>1 0.000150912 0 -0.000150912 1 0.000918921 1.38676e-007 -0.000918921 1 0.0013917 0.253533 -0.00847427</i>
                        <i>1 0 0 0 1 -0.000154817 0 0.000154817 1 0 0.178097 0.00142772</i>
                        <i>1 0 0 0 0.999999 -0.00122856 0 0.00122856 0.999999 0 0.0845166 0.0113297</i>
                        <i>1 0 0 0 0.999999 -0.00110108 0 0.00110108 0.999999 0 5.59021e-006 0.0101541</i>
                        <i>1 0 0 0 1 -0.000964939 0 0.000964939 1 0 4.29333e-006 0.00889864</i>
                        <i>1 0 0 0 1 -0.000822742 0 0.000822742 1 0 3.1212e-006 0.0075873</i>
                        <i>1 0 0 0 1 -0.000677084 0 0.000677084 1 0 2.11387e-006 0.00624405</i>
                        <i>1 0 0 0 1 -0.00053056 0 0.00053056 1 0 1.29797e-006 0.00489281</i>
                        <i>1 0 0 0 1 -0.000385768 0 0.000385768 1 0 6.86193e-007 0.00355754</i>
                        <i>1 0 0 0 1 -0.000245304 0 0.000245304 1 0 2.77462e-007 0.00226219</i>
                        <i>1 0 0 0 1 -0.000111765 0 0.000111765 1 0 5.75973e-008 0.00103069</i>
                        <i>1 0 0 0 1 1.2253e-005 0 -1.2253e-005 1 0 6.92276e-010 -0.000112997</i>
                        <i>1 0 0 0 1 0.000124152 0 -0.000124152 1 0 7.10725e-008 -0.00114493</i>
                        <i>1 0 0 0 1 0.000221336 0 -0.000221336 1 0 2.2589e-007 -0.00204115</i>
                        <i>1 0 0 0 1 0.000301207 0 -0.000301207 1 0 4.18335e-007 -0.00277772</i>
                        <i>1 0 0 0 1 0.000361169 0 -0.000361169 1 0 6.01472e-007 -0.00333069</i>
                        <i>1 0 0 0 1 0.000395356 0 -0.000395356 1 0 7.20727e-007 -0.00364596</i>
                        <i>1 0 0 0 1 0.000402669 0 -0.000402669 1 0 7.47637e-007 -0.0037134</i>
                        <i>1 0 0 0 1 0.000387664 0 -0.000387664 1 0 6.92956e-007 -0.00357503</i>
                        <i>1 0 0 0 1 0.000354897 0 -0.000354897 1 0 5.80763e-007 -0.00327285</i>
                        <i>1 0 0 0 1 0.000308922 0 -0.000308922 1 0 4.40041e-007 -0.00284887</i>
                        <i>1 0 0 0 1 0.000254298 0 -0.000254298 1 0 2.9818e-007 -0.00234513</i>
                        <i>1 0 0 0 1 0.000195578 0 -0.000195578 1 0 1.76373e-007 -0.00180361</i>
                        <i>1 0 0 0 1 0.000137318 0 -0.000137318 1 0 8.69461e-008 -0.00126634</i>
                        <i>1 0 0 0 1 8.4075e-005 0 -8.4075e-005 1 0 3.25933e-008 -0.000775338</i>
                        <i>1 0 0 0 1 4.04038e-005 0 -4.04038e-005 1 0 7.52729e-009 -0.000372603</i>
                        <i>1 0 0 0 1 1.08602e-005 0 -1.08602e-005 1 0 5.4384e-010 -0.000100153</i>
                        <i>1 0 0 0 1 0 0 0 1 0 -1.13687e-015 0</i>
                        <i>1 0 0 0 1 0 0 0 1 0 -1.13687e-015 0</i>
                    </KeyFrames>
                </p>
            </i>
            <i>
                <p>
                    <Name><![CDATA[l_wheel_01]]></Name>
                    <Exclude>0</Exclude>
                    <Additive>0</Additive>
                    <IKPriority>0</IKPriority>
                    <IKRotLimits>-1e+010 -1e+010 -1e+010 1e+010 1e+010 1e+010</IKRotLimits>
                    <IKRotLimitOrder>0</IKRotLimitOrder>
                    <KeyFrames count="182">
                        <i>1 0 0 0 1 -0.000919615 0 0.000919615 1 13.6271 7.01123 25.5377</i>
                        <i>1 1.84185e-012 6.73728e-016 0 1 -0.000870772 -7.56216e-016 0.000870772 1 13.6271 7.00987 25.5378</i>
                        <i>1 2.45966e-012 7.58721e-016 0 1 -0.000821929 8.50047e-015 0.000821929 1 13.6271 7.0085 25.5379</i>
                        <i>1 2.50711e-012 1.2191e-014 0 1 -0.00077328 7.797e-015 0.00077328 1 13.6271 7.00714 25.538</i>
                        <i>1 -2.47706e-012 -1.72708e-015 0 1 -0.000725173 1.50759e-016 0.000725173 1 13.6271 7.0058 25.5382</i>
                        <i>1 2.32206e-011 -1.19891e-015 -6.36979e-034 1 -0.000677184 -9.25471e-015 0.000677184 1 13.6271 7.00446 25.5383</i>
                        <i>1 1.04261e-011 1.74945e-008 0 1 -0.000629531 -1.74945e-008 0.000629531 1 13.6271 7.00313 25.5384</i>
                        <i>1 3.721e-012 5.28434e-015 0 1 -0.000580277 8.9985e-015 0.000580277 1 13.6271 7.00175 25.5386</i>
                        <i>1 7.66019e-012 1.78195e-008 0 1 -0.000528129 -1.78195e-008 0.000528129 1 13.6271 7.00031 25.5387</i>
                        <i>1 1.46914e-011 3.87955e-015 0 1 -0.000474647 6.94928e-015 0.000474647 1 13.6271 6.99882 25.5389</i>
                        <i>1 -7.26007e-012 1.01728e-014 0 1 -0.000419915 3.554e-015 0.000419915 1 13.6271 6.99731 25.539</i>
                        <i>1 1.80413e-012 -1.69313e-015 -1.03281e-034 1 -0.00036342 1.9781e-015 0.00036342 1 13.6271 6.99575 25.5392</i>
                        <i>1 1.15308e-011 2.38761e-015 0 1 -0.000305675 4.91641e-015 0.000305675 1 13.6271 6.99416 25.5393</i>
                        <i>1 -5.6766e-011 -6.80857e-015 0 1 -0.000248306 -1.95324e-015 0.000248306 1 13.6271 6.99258 25.5395</i>
                        <i>1 1.06486e-011 1.90406e-015 0 1 -0.000191422 -1.38233e-015 0.000191422 1 13.6271 6.99101 25.5396</i>
                        <i>1 -8.68221e-012 -3.76105e-015 0 1 -0.000136723 -9.7647e-016 0.000136723 1 13.6271 6.9895 25.5398</i>
                        <i>1 -9.37356e-012 -7.68455e-015 0 1 -9.15018e-005 -2.71465e-015 9.15018e-005 1 13.6271 6.98823 25.5399</i>
                        <i>1 -2.72927e-012 -2.40686e-015 -3.58426e-034 1 -4.92082e-005 -1.43028e-015 4.92082e-005 1 13.6271 6.98703 25.54</i>
                        <i>1 0 9.72088e-009 0 1 1.23685e-005 -9.72088e-009 -1.23685e-005 1 13.6271 6.98535 25.5402</i>
                        <i>1 0 9.48764e-009 0 1 2.17286e-005 -9.48764e-009 -2.17286e-005 1 13.6271 6.98499 25.5402</i>
                        <i>1 -2.99812e-012 5.97567e-016 -2.61462e-035 1 -9.26277e-005 -1.52973e-015 9.26277e-005 1 13.6271 6.98779 25.5399</i>
                        <i>1 -4.5008e-011 -2.44803e-014 -1.15027e-031 1 -0.000696636 -3.34507e-014 0.000696636 1 13.6271 7.00309 25.5383</i>
                        <i>1 -3.23513e-011 -1.21197e-013 1.2136e-030 0.999999 -0.00129178 1.16256e-013 0.00129178 0.999999 13.6271 7.01816 25.5366</i>
                        <i>1 1.23765e-012 -7.47698e-016 5.06719e-035 1 -3.94603e-005 -3.36211e-015 3.94603e-005 1 13.6271 6.98609 25.54</i>
                        <i>1 1.1423e-011 1.46849e-008 0 1 -0.000733553 -1.46849e-008 0.000733553 1 13.6271 7.00368 25.5382</i>
                        <i>1 -1.03871e-010 -9.90281e-014 4.06035e-031 0.999999 -0.00129179 3.88071e-014 0.00129179 0.999999 13.6271 7.01782 25.5366</i>
                        <i>1 -1.13911e-011 9.56486e-014 0 1 0.00077568 -4.9859e-014 -0.00077568 1 13.6271 6.96493 25.5422</i>
                        <i>1 -2.16261e-011 1.13047e-014 3.79562e-033 1 -0.000413123 6.88363e-015 0.000413123 1 13.6271 6.99516 25.539</i>
                        <i>1 1.12522e-012 -5.17984e-015 0 0.999999 -0.00155762 -1.13658e-014 0.00155762 0.999999 13.6271 7.02425 25.5359</i>
                        <i>1 -1.07548e-010 3.03545e-014 3.66504e-031 1 -0.00095663 -4.99488e-014 0.00095663 1 13.6271 7.0088 25.5376</i>
