<?xml version="1.0" encoding="ISO-8859-1" ?>
<Animl Version="1">
    <ModellingPackage><![CDATA[Maya.2010]]></ModellingPackage>
    <SrcFile><![CDATA[anims\bosses\red\antonov\~src\antonov_death.mb]]></SrcFile>
    <FramesPerSecond>30</FramesPerSecond>
    <TotalFrames>300</TotalFrames>
    <Skeleton>
        <RefFrame>
            <Name><![CDATA[antonov_ref_frame]]></Name>
            <Exclude>0</Exclude>
            <Additive>0</Additive>
            <IKPriority>0</IKPriority>
            <IKRotLimits>-1e+010 -1e+010 -1e+010 1e+010 1e+010 1e+010</IKRotLimits>
            <IKRotLimitOrder>0</IKRotLimitOrder>
            <KeyFrames count="300">
                <i>1 0 0 0 1 0 0 0 1 0 0 0</i>
                <i>1 0 0 0 1 0 0 0 1 0 0 0</i>
                <i>1 0 0 0 1 0 0 0 1 0 0 0</i>
                <i>1 0 0 0 1 0 0 0 1 0 0 0</i>
                <i>1 0 0 0 1 0 0 0 1 0 0 0</i>
                <i>1 0 0 0 1 0 0 0 1 0 0 0</i>
                <i>1 0 0 0 1 0 0 0 1 0 0 0</i>
                <i>1 0 0 0 1 0 0 0 1 0 0 0</i>
                <i>1 0 0 0 1 0 0 0 1 0 0 0</i>
                <i>1 0 0 0 1 0 0 0 1 0 0 0</i>
                <i>1 0 0 0 1 0 0 0 1 0 0 0</i>
                <i>1 0 0 0 1 0 0 0 1 0 0 0</i>
                <i>1 0 0 0 1 0 0 0 1 0 0 0</i>
                <i>1 0 0 0 1 0 0 0 1 0 0 0</i>
                <i>1 0 0 0 1 0 0 0 1 0 0 0</i>
                <i>1 0 0 0 1 0 0 0 1 0 0 0</i>
                <i>1 0 0 0 1 0 0 0 1 0 0 0</i>
                <i>1 0 0 0 1 0 0 0 1 0 0 0</i>
                <i>1 0 0 0 1 0 0 0 1 0 0 0</i>
                <i>1 0 0 0 1 0 0 0 1 0 0 0</i>
                <i>1 0 0 0 1 0 0 0 1 0 0 0</i>
                <i>1 0 0 0 1 0 0 0 1 0 0 0</i>
                <i>1 0 0 0 1 0 0 0 1 0 0 0</i>
                <i>1 0 0 0 1 0 0 0 1 0 0 0</i>
                <i>1 0 0 0 1 0 0 0 1 0 0 0</i>
                <i>1 0 0 0 1 0 0 0 1 0 0 0</i>
                <i>1 0 0 0 1 0 0 0 1 0 0 0</i>
                <i>1 0 0 0 1 0 0 0 1 0 0 0</i>
                <i>1 0 0 0 1 0 0 0 1 0 0 0</i>
                <i>1 0 0 0 1 0 0 0 1 0 0 0</i>
                <i>1 0 0 0 1 0 0 0 1 0 0 0</i>
                <i>1 0 0 0 1 0 0 0 1 0 0 0</i>
                <i>1 0 0 0 1 0 0 0 1 0 0 0</i>
                <i>1 0 0 0 1 0 0 0 1 0 0 0</i>
                <i>1 0 0 0 1 0 0 0 1 0 0 0</i>
                <i>1 0 0 0 1 0 0 0 1 0 0 0</i>
                <i>1 0 0 0 1 0 0 0 1 0 0 0</i>
                <i>1 0 0 0 1 0 0 0 1 0 0 0</i>
                <i>1 0 0 0 1 0 0 0 1 0 0 0</i>
                <i>1 0 0 0 1 0 0 0 1 0 0 0</i>
                <i>1 0 0 0 1 0 0 0 1 0 0 0</i>
                <i>1 0 0 0 1 0 0 0 1 0 0 0</i>
                <i>1 0 0 0 1 0 0 0 1 0 0 0</i>
                <i>1 0 0 0 1 0 0 0 1 0 0 0</i>
                <i>1 0 0 0 1 0 0 0 1 0 0 0</i>
                <i>1 0 0 0 1 0 0 0 1 0 0 0</i>
                <i>1 0 0 0 1 0 0 0 1 0 0 0</i>
                <i>1 0 0 0 1 0 0 0 1 0 0 0</i>
                <i>1 0 0 0 1 0 0 0 1 0 0 0</i>
                <i>1 0 0 0 1 0 0 0 1 0 0 0</i>
                <i>1 0 0 0 1 0 0 0 1 0 0 0</i>
                <i>1 0 0 0 1 0 0 0 1 0 0 0</i>
                <i>1 0 0 0 1 0 0 0 1 0 0 0</i>
                <i>1 0 0 0 1 0 0 0 1 0 0 0</i>
                <i>1 0 0 0 1 0 0 0 1 0 0 0</i>
                <i>1 0 0 0 1 0 0 0 1 0 0 0</i>
                <i>1 0 0 0 1 0 0 0 1 0 0 0</i>
                <i>1 0 0 0 1 0 0 0 1 0 0 0</i>
                <i>1 0 0 0 1 0 0 0 1 0 0 0</i>
                <i>1 0 0 0 1 0 0 0 1 0 0 0</i>
                <i>1 0 0 0 1 0 0 0 1 0 0 0</i>
                <i>1 0 0 0 1 0 0 0 1 0 0 0</i>
                <i>1 0 0 0 1 0 0 0 1 0 0 0</i>
                <i>1 0 0 0 1 0 0 0 1 0 0 0</i>
                <i>1 0 0 0 1 0 0 0 1 0 0 0</i>
                <i>1 0 0 0 1 0 0 0 1 0 0 0</i>
                <i>1 0 0 0 1 0 0 0 1 0 0 0</i>
                <i>1 0 0 0 1 0 0 0 1 0 0 0</i>
                <i>1 0 0 0 1 0 0 0 1 0 0 0</i>
                <i>1 0 0 0 1 0 0 0 1 0 0 0</i>
                <i>1 0 0 0 1 0 0 0 1 0 0 0</i>
                <i>1 0 0 0 1 0 0 0 1 0 0 0</i>
                <i>1 0 0 0 1 0 0 0 1 0 0 0</i>
                <i>1 0 0 0 1 0 0 0 1 0 0 0</i>
                <i>1 0 0 0 1 0 0 0 1 0 0 0</i>
                <i>1 0 0 0 1 0 0 0 1 0 0 0</i>
                <i>1 0 0 0 1 0 0 0 1 0 0 0</i>
                <i>1 0 0 0 1 0 0 0 1 0 0 0</i>
                <i>1 0 0 0 1 0 0 0 1 0 0 0</i>
                <i>1 0 0 0 1 0 0 0 1 0 0 0</i>
                <i>1 0 0 0 1 0 0 0 1 0 0 0</i>
                <i>1 0 0 0 1 0 0 0 1 0 0 0</i>
                <i>1 0 0 0 1 0 0 0 1 0 0 0</i>
                <i>1 0 0 0 1 0 0 0 1 0 0 0</i>
                <i>1 0 0 0 1 0 0 0 1 0 0 0</i>
                <i>1 0 0 0 1 0 0 0 1 0 0 0</i>
                <i>1 0 0 0 1 0 0 0 1 0 0 0</i>
                <i>1 0 0 0 1 0 0 0 1 0 0 0</i>
                <i>1 0 0 0 1 0 0 0 1 0 0 0</i>
                <i>1 0 0 0 1 0 0 0 1 0 0 0</i>
                <i>1 0 0 0 1 0 0 0 1 0 0 0</i>
                <i>1 0 0 0 1 0 0 0 1 0 0 0</i>
                <i>1 0 0 0 1 0 0 0 1 0 0 0</i>
                <i>1 0 0 0 1 0 0 0 1 0 0 0</i>
                <i>1 0 0 0 1 0 0 0 1 0 0 0</i>
                <i>1 0 0 0 1 0 0 0 1 0 0 0</i>
                <i>1 0 0 0 1 0 0 0 1 0 0 0</i>
                <i>1 0 0 0 1 0 0 0 1 0 0 0</i>
                <i>1 0 0 0 1 0 0 0 1 0 0 0</i>
                <i>1 0 0 0 1 0 0 0 1 0 0 0</i>
                <i>1 0 0 0 1 0 0 0 1 0 0 0</i>
                <i>1 0 0 0 1 0 0 0 1 0 0 0</i>
                <i>1 0 0 0 1 0 0 0 1 0 0 0</i>
                <i>1 0 0 0 1 0 0 0 1 0 0 0</i>
                <i>1 0 0 0 1 0 0 0 1 0 0 0</i>
                <i>1 0 0 0 1 0 0 0 1 0 0 0</i>
                <i>1 0 0 0 1 0 0 0 1 0 0 0</i>
                <i>1 0 0 0 1 0 0 0 1 0 0 0</i>
                <i>1 0 0 0 1 0 0 0 1 0 0 0</i>
                <i>1 0 0 0 1 0 0 0 1 0 0 0</i>
                <i>1 0 0 0 1 0 0 0 1 0 0 0</i>
                <i>1 0 0 0 1 0 0 0 1 0 0 0</i>
                <i>1 0 0 0 1 0 0 0 1 0 0 0</i>
                <i>1 0 0 0 1 0 0 0 1 0 0 0</i>
                <i>1 0 0 0 1 0 0 0 1 0 0 0</i>
                <i>1 0 0 0 1 0 0 0 1 0 0 0</i>
                <i>1 0 0 0 1 0 0 0 1 0 0 0</i>
                <i>1 0 0 0 1 0 0 0 1 0 0 0</i>
                <i>1 0 0 0 1 0 0 0 1 0 0 0</i>
                <i>1 0 0 0 1 0 0 0 1 0 0 0</i>
                <i>1 0 0 0 1 0 0 0 1 0 0 0</i>
                <i>1 0 0 0 1 0 0 0 1 0 0 0</i>
                <i>1 0 0 0 1 0 0 0 1 0 0 0</i>
                <i>1 0 0 0 1 0 0 0 1 0 0 0</i>
                <i>1 0 0 0 1 0 0 0 1 0 0 0</i>
                <i>1 0 0 0 1 0 0 0 1 0 0 0</i>
                <i>1 0 0 0 1 0 0 0 1 0 0 0</i>
                <i>1 0 0 0 1 0 0 0 1 0 0 0</i>
                <i>1 0 0 0 1 0 0 0 1 0 0 0</i>
                <i>1 0 0 0 1 0 0 0 1 0 0 0</i>
                <i>1 0 0 0 1 0 0 0 1 0 0 0</i>
                <i>1 0 0 0 1 0 0 0 1 0 0 0</i>
                <i>1 0 0 0 1 0 0 0 1 0 0 0</i>
                <i>1 0 0 0 1 0 0 0 1 0 0 0</i>
                <i>1 0 0 0 1 0 0 0 1 0 0 0</i>
                <i>1 0 0 0 1 0 0 0 1 0 0 0</i>
                <i>1 0 0 0 1 0 0 0 1 0 0 0</i>
                <i>1 0 0 0 1 0 0 0 1 0 0 0</i>
                <i>1 0 0 0 1 0 0 0 1 0 0 0</i>
                <i>1 0 0 0 1 0 0 0 1 0 0 0</i>
                <i>1 0 0 0 1 0 0 0 1 0 0 0</i>
                <i>1 0 0 0 1 0 0 0 1 0 0 0</i>
                <i>1 0 0 0 1 0 0 0 1 0 0 0</i>
                <i>1 0 0 0 1 0 0 0 1 0 0 0</i>
                <i>1 0 0 0 1 0 0 0 1 0 0 0</i>
                <i>1 0 0 0 1 0 0 0 1 0 0 0</i>
                <i>1 0 0 0 1 0 0 0 1 0 0 0</i>
                <i>1 0 0 0 1 0 0 0 1 0 0 0</i>
                <i>1 0 0 0 1 0 0 0 1 0 0 0</i>
                <i>1 0 0 0 1 0 0 0 1 0 0 0</i>
                <i>1 0 0 0 1 0 0 0 1 0 0 0</i>
                <i>1 0 0 0 1 0 0 0 1 0 0 0</i>
                <i>1 0 0 0 1 0 0 0 1 0 0 0</i>
                <i>1 0 0 0 1 0 0 0 1 0 0 0</i>
                <i>1 0 0 0 1 0 0 0 1 0 0 0</i>
                <i>1 0 0 0 1 0 0 0 1 0 0 0</i>
                <i>1 0 0 0 1 0 0 0 1 0 0 0</i>
                <i>1 0 0 0 1 0 0 0 1 0 0 0</i>
                <i>1 0 0 0 1 0 0 0 1 0 0 0</i>
                <i>1 0 0 0 1 0 0 0 1 0 0 0</i>
                <i>1 0 0 0 1 0 0 0 1 0 0 0</i>
                <i>1 0 0 0 1 0 0 0 1 0 0 0</i>
                <i>1 0 0 0 1 0 0 0 1 0 0 0</i>
                <i>1 0 0 0 1 0 0 0 1 0 0 0</i>
                <i>1 0 0 0 1 0 0 0 1 0 0 0</i>
                <i>1 0 0 0 1 0 0 0 1 0 0 0</i>
                <i>1 0 0 0 1 0 0 0 1 0 0 0</i>
                <i>1 0 0 0 1 0 0 0 1 0 0 0</i>
                <i>1 0 0 0 1 0 0 0 1 0 0 0</i>
                <i>1 0 0 0 1 0 0 0 1 0 0 0</i>
                <i>1 0 0 0 1 0 0 0 1 0 0 0</i>
                <i>1 0 0 0 1 0 0 0 1 0 0 0</i>
                <i>1 0 0 0 1 0 0 0 1 0 0 0</i>
                <i>1 0 0 0 1 0 0 0 1 0 0 0</i>
                <i>1 0 0 0 1 0 0 0 1 0 0 0</i>
                <i>1 0 0 0 1 0 0 0 1 0 0 0</i>
                <i>1 0 0 0 1 0 0 0 1 0 0 0</i>
                <i>1 0 0 0 1 0 0 0 1 0 0 0</i>
                <i>1 0 0 0 1 0 0 0 1 0 0 0</i>
                <i>1 0 0 0 1 0 0 0 1 0 0 0</i>
                <i>1 0 0 0 1 0 0 0 1 0 0 0</i>
                <i>1 0 0 0 1 0 0 0 1 0 0 0</i>
                <i>1 0 0 0 1 0 0 0 1 0 0 0</i>
                <i>1 0 0 0 1 0 0 0 1 0 0 0</i>
                <i>1 0 0 0 1 0 0 0 1 0 0 0</i>
                <i>1 0 0 0 1 0 0 0 1 0 0 0</i>
                <i>1 0 0 0 1 0 0 0 1 0 0 0</i>
                <i>1 0 0 0 1 0 0 0 1 0 0 0</i>
                <i>1 0 0 0 1 0 0 0 1 0 0 0</i>
                <i>1 0 0 0 1 0 0 0 1 0 0 0</i>
                <i>1 0 0 0 1 0 0 0 1 0 0 0</i>
                <i>1 0 0 0 1 0 0 0 1 0 0 0</i>
                <i>1 0 0 0 1 0 0 0 1 0 0 0</i>
                <i>1 0 0 0 1 0 0 0 1 0 0 0</i>
                <i>1 0 0 0 1 0 0 0 1 0 0 0</i>
                <i>1 0 0 0 1 0 0 0 1 0 0 0</i>
                <i>1 0 0 0 1 0 0 0 1 0 0 0</i>
                <i>1 0 0 0 1 0 0 0 1 0 0 0</i>
                <i>1 0 0 0 1 0 0 0 1 0 0 0</i>
                <i>1 0 0 0 1 0 0 0 1 0 0 0</i>
                <i>1 0 0 0 1 0 0 0 1 0 0 0</i>
                <i>1 0 0 0 1 0 0 0 1 0 0 0</i>
                <i>1 0 0 0 1 0 0 0 1 0 0 0</i>
                <i>1 0 0 0 1 0 0 0 1 0 0 0</i>
                <i>1 0 0 0 1 0 0 0 1 0 0 0</i>
                <i>1 0 0 0 1 0 0 0 1 0 0 0</i>
                <i>1 0 0 0 1 0 0 0 1 0 0 0</i>
                <i>1 0 0 0 1 0 0 0 1 0 0 0</i>
                <i>1 0 0 0 1 0 0 0 1 0 0 0</i>
                <i>1 0 0 0 1 0 0 0 1 0 0 0</i>
                <i>1 0 0 0 1 0 0 0 1 0 0 0</i>
                <i>1 0 0 0 1 0 0 0 1 0 0 0</i>
                <i>1 0 0 0 1 0 0 0 1 0 0 0</i>
                <i>1 0 0 0 1 0 0 0 1 0 0 0</i>
                <i>1 0 0 0 1 0 0 0 1 0 0 0</i>
                <i>1 0 0 0 1 0 0 0 1 0 0 0</i>
                <i>1 0 0 0 1 0 0 0 1 0 0 0</i>
                <i>1 0 0 0 1 0 0 0 1 0 0 0</i>
                <i>1 0 0 0 1 0 0 0 1 0 0 0</i>
                <i>1 0 0 0 1 0 0 0 1 0 0 0</i>
                <i>1 0 0 0 1 0 0 0 1 0 0 0</i>
                <i>1 0 0 0 1 0 0 0 1 0 0 0</i>
                <i>1 0 0 0 1 0 0 0 1 0 0 0</i>
                <i>1 0 0 0 1 0 0 0 1 0 0 0</i>
                <i>1 0 0 0 1 0 0 0 1 0 0 0</i>
                <i>1 0 0 0 1 0 0 0 1 0 0 0</i>
                <i>1 0 0 0 1 0 0 0 1 0 0 0</i>
                <i>1 0 0 0 1 0 0 0 1 0 0 0</i>
                <i>1 0 0 0 1 0 0 0 1 0 0 0</i>
                <i>1 0 0 0 1 0 0 0 1 0 0 0</i>
                <i>1 0 0 0 1 0 0 0 1 0 0 0</i>
                <i>1 0 0 0 1 0 0 0 1 0 0 0</i>
                <i>1 0 0 0 1 0 0 0 1 0 0 0</i>
                <i>1 0 0 0 1 0 0 0 1 0 0 0</i>
                <i>1 0 0 0 1 0 0 0 1 0 0 0</i>
                <i>1 0 0 0 1 0 0 0 1 0 0 0</i>
                <i>1 0 0 0 1 0 0 0 1 0 0 0</i>
                <i>1 0 0 0 1 0 0 0 1 0 0 0</i>
                <i>1 0 0 0 1 0 0 0 1 0 0 0</i>
                <i>1 0 0 0 1 0 0 0 1 0 0 0</i>
                <i>1 0 0 0 1 0 0 0 1 0 0 0</i>
                <i>1 0 0 0 1 0 0 0 1 0 0 0</i>
                <i>1 0 0 0 1 0 0 0 1 0 0 0</i>
                <i>1 0 0 0 1 0 0 0 1 0 0 0</i>
                <i>1 0 0 0 1 0 0 0 1 0 0 0</i>
                <i>1 0 0 0 1 0 0 0 1 0 0 0</i>
                <i>1 0 0 0 1 0 0 0 1 0 0 0</i>
                <i>1 0 0 0 1 0 0 0 1 0 0 0</i>
                <i>1 0 0 0 1 0 0 0 1 0 0 0</i>
                <i>1 0 0 0 1 0 0 0 1 0 0 0</i>
                <i>1 0 0 0 1 0 0 0 1 0 0 0</i>
                <i>1 0 0 0 1 0 0 0 1 0 0 0</i>
                <i>1 0 0 0 1 0 0 0 1 0 0 0</i>
                <i>1 0 0 0 1 0 0 0 1 0 0 0</i>
                <i>1 0 0 0 1 0 0 0 1 0 0 0</i>
                <i>1 0 0 0 1 0 0 0 1 0 0 0</i>
                <i>1 0 0 0 1 0 0 0 1 0 0 0</i>
                <i>1 0 0 0 1 0 0 0 1 0 0 0</i>
                <i>1 0 0 0 1 0 0 0 1 0 0 0</i>
                <i>1 0 0 0 1 0 0 0 1 0 0 0</i>
                <i>1 0 0 0 1 0 0 0 1 0 0 0</i>
                <i>1 0 0 0 1 0 0 0 1 0 0 0</i>
                <i>1 0 0 0 1 0 0 0 1 0 0 0</i>
                <i>1 0 0 0 1 0 0 0 1 0 0 0</i>
                <i>1 0 0 0 1 0 0 0 1 0 0 0</i>
                <i>1 0 0 0 1 0 0 0 1 0 0 0</i>
                <i>1 0 0 0 1 0 0 0 1 0 0 0</i>
                <i>1 0 0 0 1 0 0 0 1 0 0 0</i>
                <i>1 0 0 0 1 0 0 0 1 0 0 0</i>
                <i>1 0 0 0 1 0 0 0 1 0 0 0</i>
                <i>1 0 0 0 1 0 0 0 1 0 0 0</i>
                <i>1 0 0 0 1 0 0 0 1 0 0 0</i>
                <i>1 0 0 0 1 0 0 0 1 0 0 0</i>
                <i>1 0 0 0 1 0 0 0 1 0 0 0</i>
                <i>1 0 0 0 1 0 0 0 1 0 0 0</i>
                <i>1 0 0 0 1 0 0 0 1 0 0 0</i>
                <i>1 0 0 0 1 0 0 0 1 0 0 0</i>
                <i>1 0 0 0 1 0 0 0 1 0 0 0</i>
                <i>1 0 0 0 1 0 0 0 1 0 0 0</i>
                <i>1 0 0 0 1 0 0 0 1 0 0 0</i>
                <i>1 0 0 0 1 0 0 0 1 0 0 0</i>
                <i>1 0 0 0 1 0 0 0 1 0 0 0</i>
                <i>1 0 0 0 1 0 0 0 1 0 0 0</i>
                <i>1 0 0 0 1 0 0 0 1 0 0 0</i>
                <i>1 0 0 0 1 0 0 0 1 0 0 0</i>
                <i>1 0 0 0 1 0 0 0 1 0 0 0</i>
                <i>1 0 0 0 1 0 0 0 1 0 0 0</i>
                <i>1 0 0 0 1 0 0 0 1 0 0 0</i>
                <i>1 0 0 0 1 0 0 0 1 0 0 0</i>
                <i>1 0 0 0 1 0 0 0 1 0 0 0</i>
                <i>1 0 0 0 1 0 0 0 1 0 0 0</i>
                <i>1 0 0 0 1 0 0 0 1 0 0 0</i>
                <i>1 0 0 0 1 0 0 0 1 0 0 0</i>
                <i>1 0 0 0 1 0 0 0 1 0 0 0</i>
                <i>1 0 0 0 1 0 0 0 1 0 0 0</i>
                <i>1 0 0 0 1 0 0 0 1 0 0 0</i>
                <i>1 0 0 0 1 0 0 0 1 0 0 0</i>
                <i>1 0 0 0 1 0 0 0 1 0 0 0</i>
                <i>1 0 0 0 1 0 0 0 1 0 0 0</i>
                <i>1 0 0 0 1 0 0 0 1 0 0 0</i>
            </KeyFrames>
        </RefFrame>
        <Bones count="31">
            <i>
                <p>
                    <Name><![CDATA[antonov_root]]></Name>
                    <Exclude>0</Exclude>
                    <Additive>0</Additive>
                    <IKPriority>0</IKPriority>
                    <IKRotLimits>-1e+010 -1e+010 -1e+010 1e+010 1e+010 1e+010</IKRotLimits>
                    <IKRotLimitOrder>0</IKRotLimitOrder>
                    <KeyFrames count="300">
                        <i>1 0 0 0 1 0 0 0 1 0 1.13687e-015 0</i>
                        <i>0.999821 -0.0187887 -0.00213352 0.0187837 0.999821 -0.00232593 0.00217683 0.00228544 0.999995 -0.189986 0.381713 0.0203454</i>
                        <i>0.999363 -0.0354864 -0.00386537 0.0354736 0.999365 -0.0033357 0.00398129 0.00319646 0.999987 -0.353598 0.690286 0.0181354</i>
                        <i>0.998767 -0.0494004 -0.00484661 0.0493814 0.998772 -0.0039708 0.00503681 0.00372657 0.99998 -0.423239 0.98018 -0.0319468</i>
                        <i>0.997994 -0.0630007 -0.00621955 0.0629725 0.998004 -0.00463659 0.00649925 0.00423562 0.99997 -0.470842 1.3782 -0.110385</i>
                        <i>0.997048 -0.0764126 -0.00753059 0.0763736 0.997065 -0.00532847 0.00791565 0.0047376 0.999957 -0.519652 1.80423 -0.184927</i>
                        <i>0.995937 -0.089617 -0.00880885 0.0895658 0.995963 -0.00604318 0.00931486 0.00522966 0.999943 -0.56763 2.24717 -0.258086</i>
                        <i>0.99467 -0.102615 -0.0100547 0.10255 0.994705 -0.00677923 0.0106971 0.00571199 0.999926 -0.614772 2.69589 -0.329892</i>
                        <i>0.993254 -0.115408 -0.0112684 0.115328 0.993299 -0.00753518 0.0120625 0.00618479 0.999908 -0.661072 3.13929 -0.400376</i>
                        <i>0.991675 -0.128165 -0.0124444 0.128069 0.991731 -0.00822616 0.0133958 0.00656394 0.999889 -0.708932 3.56637 -0.470481</i>
                        <i>0.990376 -0.137725 -0.0136998 0.137589 0.990434 -0.0104394 0.0150065 0.00845396 0.999852 -0.712371 3.96393 -0.522724</i>
                        <i>0.989252 -0.145452 -0.0149741 0.145264 0.989308 -0.0129467 0.0166972 0.0106324 0.999804 -0.706153 4.32054 -0.573744</i>
                        <i>0.988306 -0.151572 -0.0166305 0.151329 0.988369 -0.0150573 0.0187193 0.0123646 0.999748 -0.698011 4.62431 -0.638205</i>
                        <i>0.987453 -0.156832 -0.018434 0.156527 0.987528 -0.0169571 0.0208636 0.0138589 0.999686 -0.68846 4.86511 -0.707589</i>
                        <i>0.986667 -0.161477 -0.0203333 0.161106 0.98676 -0.0187083 0.023085 0.015183 0.999618 -0.677959 5.04518 -0.78012</i>
                        <i>0.985856 -0.16612 -0.0221958 0.165678 0.985967 -0.0204722 0.0252852 0.0165053 0.999544 -0.667519 5.18743 -0.851643</i>
                        <i>0.98503 -0.170699 -0.0240214 0.17018 0.985162 -0.0222291 0.0274595 0.0178084 0.999464 -0.657128 5.29365 -0.922081</i>
                        <i>0.984199 -0.175176 -0.0257951 0.174575 0.984352 -0.0239632 0.0295893 0.0190814 0.99938 -0.646876 5.365 -0.99085</i>
                        <i>0.983356 -0.17959 -0.0275334 0.178903 0.983531 -0.025689 0.0316934 0.0203356 0.999291 -0.636676 5.40277 -1.05857</i>
                        <i>0.982497 -0.183968 -0.0292471 0.183189 0.982695 -0.0274165 0.0337847 0.0215789 0.999196 -0.626467 5.40823 -1.12565</i>
                        <i>0.981632 -0.188265 -0.0309187 0.18739 0.981854 -0.0291271 0.0358412 0.0227982 0.999097 -0.616357 5.38253 -1.19141</i>
                        <i>0.980763 -0.192469 -0.0325445 0.191495 0.98101 -0.0308154 0.0378574 0.0239905 0.998995 -0.606376 5.32686 -1.25569</i>
                        <i>0.979878 -0.196652 -0.0341525 0.195573 0.98015 -0.0325096 0.0398676 0.0251762 0.998888 -0.596356 5.24258 -1.31957</i>
                        <i>0.978991 -0.20075 -0.0357183 0.199564 0.979288 -0.0341833 0.0418408 0.026337 0.998777 -0.586453 5.1308 -1.3821</i>
                        <i>0.978099 -0.204782 -0.0372496 0.203484 0.978422 -0.0358431 0.0437858 0.0274784 0.998663 -0.576625 4.99277 -1.44355</i>
                        <i>0.977202 -0.208745 -0.0387458 0.207333 0.977552 -0.0374876 0.0457014 0.0285997 0.998546 -0.56688 4.82351 -1.50389</i>
                        <i>0.976295 -0.212675 -0.0402211 0.211145 0.976671 -0.0391313 0.0476051 0.0297112 0.998424 -0.557131 4.61865 -1.56369</i>
                        <i>0.975387 -0.216528 -0.0416585 0.214877 0.97579 -0.0407546 0.0494745 0.0308 0.9983 -0.547494 4.38272 -1.62226</i>
                        <i>0.974476 -0.220323 -0.0430662 0.218548 0.974906 -0.0423654 0.0513196 0.0318721 0.998174 -0.53792 4.12041 -1.6799</i>
                        <i>0.973561 -0.22406 -0.0444442 0.222158 0.974019 -0.0439631 0.0531399 0.0329271 0.998044 -0.528414 3.83639 -1.73661</i>
                        <i>0.972645 -0.22774 -0.0457933 0.225709 0.973129 -0.0455475 0.0549357 0.0339656 0.997912 -0.518974 3.53529 -1.79242</i>
                        <i>0.971726 -0.231364 -0.047114 0.229201 0.972238 -0.0471184 0.0567075 0.0349876 0.997778 -0.509603 3.22178 -1.84734</i>
                        <i>0.970803 -0.234945 -0.0484043 0.232647 0.971342 -0.0486911 0.0584568 0.0360083 0.99764 -0.50037 2.90056 -1.9016</i>
                        <i>0.970222 -0.237006 -0.0499649 0.234664 0.970864 -0.0485372 0.0600128 0.0353669 0.997571 -0.483357 2.57091 -1.93028</i>
                        <i>0.97025 -0.23645 -0.052023 0.23423 0.971122 -0.0453653 0.0612473 0.0318303 0.997615 -0.452769 2.23347 -1.9149</i>
                        <i>0.970259 -0.235962 -0.0540382 0.23387 0.971347 -0.0423079 0.0624728 0.0284117 0.997642 -0.42307 1.90266 -1.90099</i>
                        <i>0.970305 -0.235291 -0.0561012 0.233351 0.971609 -0.0390222 0.06369 0.0247721 0.997662 -0.393569 1.58218 -1.88738</i>
                        <i>0.970429 -0.234244 -0.058278 0.232497 0.971958 -0.0352446 0.0648996 0.0206529 0.997678 -0.363266 1.27601 -1.87533</i>
                        <i>0.970607 -0.232945 -0.0604889 0.231421 0.972354 -0.0311787 0.0660795 0.0162638 0.997682 -0.331242 1.05082 -1.86665</i>
                        <i>0.970838 -0.231385 -0.062732 0.230118 0.972793 -0.0268157 0.06723 0.0115979 0.99767 -0.297435 0.943208 -1.86143</i>
                        <i>0.97112 -0.229568 -0.0650034 0.228593 0.97327 -0.0221587 0.0683528 0.00665942 0.997639 -0.261894 0.808909 -1.85962</i>
                        <i>0.971424 -0.227581 -0.0674034 0.226948 0.973758 -0.0170001 0.0695035 0.00121725 0.997581 -0.222603 0.658271 -1.86147</i>
                        <i>0.972224 -0.223933 -0.0680776 0.223428 0.974604 -0.0150496 0.0697188 -0.000578832 0.997567 -0.215795 0.628218 -1.86186</i>
                        <i>0.973111 -0.219978 -0.0682927 0.219537 0.975504 -0.0139898 0.0696972 -0.00137916 0.997567 -0.217525 0.612452 -1.86149</i>
                        <i>0.973997 -0.215967 -0.0684648 0.215581 0.976399 -0.0130671 0.069671 -0.00203239 0.997568 -0.219171 0.580744 -1.86121</i>
                        <i>0.974945 -0.211636 -0.0685057 0.211268 0.977346 -0.0126492 0.0696308 -0.00214087 0.997571 -0.219649 0.54662 -1.86044</i>
                        <i>0.975923 -0.207086 -0.0684853 0.206714 0.978321 -0.0125547 0.0696005 -0.00190448 0.997573 -0.217509 0.5024 -1.85683</i>
                        <i>0.976917 -0.202367 -0.0684084 0.201968 0.979309 -0.0127855 0.0695803 -0.00132589 0.997575 -0.212607 0.448606 -1.85029</i>
                        <i>0.977943 -0.197392 -0.0682852 0.196942 0.980325 -0.0133336 0.0695736 -0.000408727 0.997577 -0.204972 0.38532 -1.84088</i>
                        <i>0.979015 -0.191962 -0.0684063 0.191489 0.981402 -0.0134675 0.0697194 8.58584e-005 0.997567 -0.198613 0.329324 -1.83544</i>
                        <i>0.980115 -0.186163 -0.0686854 0.185706 0.982519 -0.0130351 0.0699113 2.06449e-005 0.997553 -0.195821 0.28046 -1.83491</i>
                        <i>0.981228 -0.180142 -0.068856 0.179699 0.983641 -0.0126126 0.0700016 2.42233e-006 0.997547 -0.193915 0.229116 -1.83422</i>
                        <i>0.982378 -0.173698 -0.069011 0.173271 0.984799 -0.0121758 0.0700768 3.62382e-006 0.997542 -0.188642 0.174683 -1.83374</i>
                        <i>0.983547 -0.166889 -0.0691676 0.166478 0.985976 -0.0117112 0.070152 3.62367e-006 0.997536 -0.178988 0.117186 -1.83358</i>
                        <i>0.984728 -0.159704 -0.0693241 0.159309 0.987165 -0.0112189 0.070226 3.62335e-006 0.997531 -0.165092 0.0565804 -1.83375</i>
                        <i>0.985908 -0.152178 -0.0694792 0.151801 0.988353 -0.0107014 0.0702985 3.62312e-006 0.997526 -0.147123 -0.0068264 -1.83424</i>
                        <i>0.987096 -0.144198 -0.0696347 0.14384 0.989549 -0.0101509 0.0703706 3.62327e-006 0.997521 -0.124771 -0.0739691 -1.83505</i>
                        <i>0.988263 -0.135889 -0.0697874 0.135551 0.990724 -0.00957577 0.0704413 3.62326e-006 0.997516 -0.0984184 -0.143799 -1.83616</i>
                        <i>0.989408 -0.127206 -0.0699375 0.126889 0.991876 -0.00897298 0.0705108 3.62325e-006 0.997511 -0.0679588 -0.216672 -1.83759</i>
                        <i>0.990519 -0.118154 -0.0700845 0.117859 0.992995 -0.00834283 0.0705793 3.62321e-006 0.997506 -0.0334206 -0.292536 -1.83933</i>
                        <i>0.991587 -0.108736 -0.0702274 0.108464 0.994071 -0.00768545 0.0706467 3.6231e-006 0.997501 0.00515507 -0.371356 -1.84138</i>
                        <i>0.992601 -0.0989543 -0.0703657 0.0987064 0.995092 -0.00700096 0.0707131 3.62292e-006 0.997497 0.0477415 -0.4531 -1.84373</i>
                        <i>0.99355 -0.0888113 -0.0704985 0.0885883 0.996048 -0.00628953 0.0707785 3.62281e-006 0.997492 0.0943021 -0.537732 -1.84639</i>
                        <i>0.994424 -0.0783103 -0.070625 0.0781133 0.996929 -0.00555132 0.0708428 3.62286e-006 0.997487 0.144771 -0.625211 -1.84935</i>
                        <i>0.995211 -0.0674554 -0.0707444 0.0672854 0.997722 -0.00478661 0.0709062 3.62321e-006 0.997483 0.199068 -0.715489 -1.8526</i>
                        <i>0.995899 -0.0562507 -0.0708559 0.0561086 0.998417 -0.00399564 0.0709685 3.62396e-006 0.997479 0.257106 -0.808519 -1.85613</i>
                        <i>0.996477 -0.0446971 -0.0709587 0.044584 0.999001 -0.00317844 0.0710298 3.62447e-006 0.997474 0.318953 -0.904277 -1.85997</i>
                        <i>0.996933 -0.0327965 -0.0710519 0.0327133 0.999462 -0.00233513 0.0710903 3.62461e-006 0.99747 0.384634 -1.00273 -1.86409</i>
                        <i>0.997255 -0.0205532 -0.0711347 0.0205008 0.999789 -0.00146597 0.0711498 3.6244e-006 0.997466 0.454087 -1.10383 -1.86851</i>
                        <i>0.997432 -0.00769775 -0.0712084 0.00767795 0.99997 -0.000551724 0.0712105 3.57167e-006 0.997461 0.53019 -1.21494 -1.8734</i>
                        <i>0.997455 0.00257887 -0.0712451 -0.00257258 0.999997 0.000180072 0.0712453 3.66991e-006 0.997459 0.578311 -1.24862 -1.87654</i>
                        <i>0.997417 0.00912513 -0.0712417 -0.0091022 0.999958 0.000646499 0.0712446 3.62631e-006 0.997459 0.5863 -1.19099 -1.87711</i>
                        <i>0.997341 0.0153437 -0.071236 -0.0153049 0.999882 0.00108954 0.0712444 3.62367e-006 0.997459 0.593547 -1.14572 -1.87764</i>
                        <i>0.997242 0.0208531 -0.071229 -0.0208003 0.999783 0.00148205 0.0712444 3.62366e-006 0.997459 0.598202 -1.10156 -1.87799</i>
                        <i>0.997128 0.0257427 -0.0712209 -0.0256775 0.999669 0.00183039 0.0712444 3.63999e-006 0.997459 0.598179 -1.06112 -1.87801</i>
                        <i>0.997009 0.0300369 -0.0712123 -0.0299608 0.999549 0.0021367 0.0712444 3.26494e-006 0.997459 0.593282 -1.02553 -1.87769</i>
                        <i>0.99689 0.033756 -0.0712039 -0.0336705 0.99943 0.00240168 0.0712444 3.26075e-006 0.997459 0.583532 -0.994793 -1.87702</i>
                        <i>0.996781 0.0368568 -0.0711961 -0.0367634 0.999321 0.00262259 0.0712444 3.26076e-006 0.997459 0.569181 -0.969153 -1.87601</i>
                        <i>0.996684 0.0394054 -0.0711892 -0.0393055 0.999223 0.00280416 0.0712444 3.26076e-006 0.997459 0.550143 -0.948071 -1.87468</i>
                        <i>0.996604 0.0413931 -0.0711835 -0.0412882 0.999143 0.00294578 0.0712444 3.26076e-006 0.997459 0.526485 -0.931622 -1.87301</i>
                        <i>0.996544 0.0428107 -0.0711793 -0.0427021 0.999083 0.00304677 0.0712444 3.26076e-006 0.997459 0.498514 -0.919888 -1.87103</i>
                        <i>0.996507 0.0436825 -0.0711766 -0.0435717 0.999045 0.00310888 0.0712445 3.26076e-006 0.997459 0.466189 -0.912671 -1.86874</i>
                        <i>0.996492 0.0440182 -0.0711756 -0.0439066 0.999031 0.0031328 0.0712445 3.26076e-006 0.997459 0.429257 -0.909891 -1.86613</i>
                        <i>0.996501 0.043818 -0.0711762 -0.0437069 0.99904 0.00311854 0.0712445 3.26077e-006 0.997459 0.38806 -0.911549 -1.8632</i>
                        <i>0.996532 0.0430977 -0.0711785 -0.0429884 0.999071 0.00306722 0.0712445 3.26078e-006 0.997459 0.342957 -0.917512 -1.86</i>
                        <i>0.996585 0.0418587 -0.0711822 -0.0417526 0.999124 0.00297895 0.0712445 3.26079e-006 0.997459 0.293506 -0.927769 -1.85649</i>
                        <i>0.996657 0.0400975 -0.0711874 -0.0399958 0.999196 0.00285348 0.0712446 3.26079e-006 0.997459 0.239573 -0.942345 -1.85266</i>
                        <i>0.996744 0.0378404 -0.0711937 -0.0377445 0.999284 0.00269268 0.0712446 3.2608e-006 0.997459 0.181827 -0.961019 -1.84855</i>
                        <i>0.996845 0.0350864 -0.0712009 -0.0349975 0.999384 0.00249647 0.0712446 3.2608e-006 0.997459 0.120049 -0.983795 -1.84416</i>
                        <i>0.996953 0.031842 -0.0712086 -0.0317613 0.999493 0.00226532 0.0712446 3.26082e-006 0.997459 0.0542815 -1.01062 -1.83948</i>
                        <i>0.997065 0.0281134 -0.0712166 -0.0280422 0.999605 0.00199968 0.0712447 3.26084e-006 0.997459 -0.0154297 -1.04142 -1.83452</i>
                        <i>0.997174 0.0239078 -0.0712244 -0.0238473 0.999714 0.00170005 0.0712447 3.26089e-006 0.997459 -0.0890002 -1.07615 -1.82928</i>
                        <i>0.997274 0.0192336 -0.0712316 -0.0191849 0.999815 0.00136704 0.0712447 3.26096e-006 0.997459 -0.166281 -1.11471 -1.82378</i>
                        <i>0.99736 0.0140955 -0.0712377 -0.0140599 0.999901 0.00100098 0.0712448 3.26103e-006 0.997459 -0.247285 -1.15708 -1.81801</i>
                        <i>0.997423 0.00849865 -0.0712423 -0.00847728 0.999964 0.000602232 0.0712448 3.26109e-006 0.997459 -0.332015 -1.20318 -1.81198</i>
                        <i>0.997456 0.00228035 -0.0712446 -0.00227478 0.999997 0.000159186 0.0712448 3.28493e-006 0.997459 -0.423823 -1.25584 -1.80543</i>
                        <i>0.997458 -0.00129182 -0.0712448 0.00128834 0.999999 -9.48785e-005 0.0712448 2.85017e-006 0.997459 -0.456551 -1.25942 -1.80311</i>
                        <i>0.997454 -0.00319975 -0.0712445 0.00319142 0.999995 -0.000230792 0.0712448 2.83351e-006 0.997459 -0.459582 -1.24682 -1.80289</i>
                        <i>0.997449 -0.00454142 -0.0712441 0.00452968 0.99999 -0.000326379 0.0712448 2.83352e-006 0.997459 -0.461244 -1.23575 -1.80277</i>
                        <i>0.997444 -0.00540682 -0.0712438 0.00539288 0.999985 -0.000388034 0.0712449 2.83336e-006 0.997459 -0.462307 -1.22862 -1.8027</i>
                        <i>0.997442 -0.00580261 -0.0712437 0.00578766 0.999983 -0.000416232 0.0712449 2.8334e-006 0.997459 -0.462792 -1.22537 -1.80266</i>
                        <i>0.997442 -0.00573576 -0.0712437 0.00572098 0.999984 -0.00041147 0.0712449 2.83345e-006 0.997459 -0.46271 -1.22592 -1.80267</i>
                        <i>0.997445 -0.00521295 -0.0712439 0.0051995 0.999986 -0.000374222 0.0712449 2.83345e-006 0.997459 -0.46207 -1.23022 -1.80271</i>
                        <i>0.99745 -0.00424056 -0.0712442 0.00422958 0.999991 -0.000304944 0.0712448 2.83363e-006 0.997459 -0.460872 -1.23822 -1.8028</i>
                        <i>0.997455 -0.00282465 -0.0712446 0.00281727 0.999996 -0.000204068 0.0712449 2.8334e-006 0.997459 -0.459115 -1.24987 -1.80292</i>
                        <i>0.997458 -0.000920151 -0.0712448 0.00091761 1 -6.83823e-005 0.0712448 2.83351e-006 0.997459 -0.456724 -1.26653 -1.8031</i>
                        <i>0.997459 0.000723042 -0.0712448 -0.000721406 1 4.86867e-005 0.0712448 2.83351e-006 0.997459 -0.454646 -1.26658 -1.80324</i>
                        <i>0.997457 0.00170792 -0.0712447 -0.00170378 0.999999 0.000118854 0.0712448 2.83351e-006 0.997459 -0.453404 -1.25906 -1.80333</i>
                        <i>0.997456 0.00221331 -0.0712447 -0.00220789 0.999998 0.000154861 0.0712448 2.83352e-006 0.997459 -0.452771 -1.25489 -1.80338</i>
                        <i>0.997456 0.00225967 -0.0712447 -0.00225413 0.999997 0.000158164 0.0712448 2.83351e-006 0.997459 -0.452713 -1.25451 -1.80338</i>
                        <i>0.997457 0.00185399 -0.0712447 -0.00184948 0.999998 0.000129261 0.0712448 2.8335e-006 0.997459 -0.453221 -1.25785 -1.80335</i>
                        <i>0.997458 0.00098593 -0.0712448 -0.000983626 1 6.74161e-005 0.0712448 2.8335e-006 0.997459 -0.454314 -1.26531 -1.80327</i>
                        <i>0.997459 -0.000115259 -0.0712448 0.000114764 1 -1.10379e-005 0.0712448 2.83351e-006 0.997459 -0.455707 -1.27075 -1.80317</i>
                        <i>0.997459 -0.000763713 -0.0712448 0.00076157 1 -5.72369e-005 0.0712448 2.83351e-006 0.997459 -0.456529 -1.2671 -1.80311</i>
                        <i>0.997458 -0.000878265 -0.0712448 0.000875831 1 -6.53981e-005 0.0712448 2.83351e-006 0.997459 -0.456674 -1.26589 -1.8031</i>
                        <i>0.997459 -0.000527799 -0.0712448 0.000526239 1 -4.06737e-005 0.0712448 3.07853e-006 0.997459 -0.456231 -1.26913 -1.80313</i>
                        <i>0.997459 0.000184404 -0.0712448 -0.000183938 1 1.31125e-005 0.0712448 2.54389e-008 0.997459 -0.455328 -1.27082 -1.8032</i>
                        <i>0.997459 0.000591662 -0.0712448 -0.000590122 1 4.26593e-005 0.0712448 -5.07781e-007 0.997459 -0.454812 -1.26833 -1.80324</i>
                        <i>0.997459 0.000536586 -0.0712448 -0.000535188 1 3.87178e-005 0.0712448 -4.90053e-007 0.997459 -0.454882 -1.26875 -1.80323</i>
                        <i>0.997459 4.74603e-005 -0.0712448 -4.73064e-005 1 3.84756e-006 0.0712448 -4.67445e-007 0.997459 -0.455504 -1.27258 -1.80319</i>
                        <i>0.997459 -0.000254759 -0.0712448 0.00025411 1 -1.81728e-005 0.0712448 2.2651e-008 0.997459 -0.455759 -1.27115 -1.80316</i>
                        <i>0.997459 -7.98549e-005 -0.0712448 7.96523e-005 1 -5.68361e-006 0.0712448 -5.65382e-009 0.997459 -0.454252 -1.27222 -1.80327</i>
                        <i>0.997459 4.50496e-005 -0.0712448 -4.49347e-005 1 3.21548e-006 0.0712448 -5.94001e-009 0.997459 -0.453244 -1.2727 -1.80334</i>
                        <i>0.997459 -2.91334e-005 -0.0712448 2.90595e-005 1 -2.07307e-006 0.0712448 -2.53719e-009 0.997459 -0.453418 -1.27299 -1.80333</i>
                        <i>0.997459 1.51169e-005 -0.0712448 -1.50802e-005 1 1.05275e-006 0.0712448 2.43075e-008 0.997459 -0.453361 -1.27301 -1.80333</i>
                        <i>0.997459 8.93076e-006 -0.0712448 -8.90908e-006 1 6.22098e-007 0.0712448 1.42091e-008 0.997459 -0.453369 -1.27303 -1.80333</i>
                        <i>0.997459 6.00093e-006 -0.0712448 -5.98597e-006 1 4.23574e-007 0.0712448 3.97156e-009 0.997459 -0.453377 -1.27305 -1.80333</i>
                        <i>0.997459 5.49444e-006 -0.0712448 -5.48042e-006 1 3.92231e-007 0.0712448 -7.82321e-010 0.997459 -0.453376 -1.27304 -1.80333</i>
                        <i>0.997459 5.52645e-006 -0.0712448 -5.51251e-006 1 3.92231e-007 0.0712448 1.50378e-009 0.997459 -0.453373 -1.27302 -1.80333</i>
                        <i>0.997459 5.52057e-006 -0.0712448 -5.50661e-006 1 3.9222e-007 0.0712448 1.09492e-009 0.997459 -0.453371 -1.27301 -1.80333</i>
                        <i>0.997459 2.98067e-006 -0.0712451 -2.96916e-006 1 2.67437e-007 0.0712451 -5.52199e-008 0.997459 -0.453383 -1.273 -1.80333</i>
                        <i>0.997459 -1.99158e-006 -0.0712457 2.01958e-006 1 3.20943e-007 0.0712457 -4.64013e-007 0.997459 -0.453402 -1.27305 -1.80334</i>
                        <i>0.997459 -1.67515e-006 -0.0712457 1.70234e-006 1 3.20943e-007 0.0712457 -4.41412e-007 0.997459 -0.453401 -1.27305 -1.80334</i>
                        <i>0.997459 -1.67515e-006 -0.0712457 1.70234e-006 1 3.20943e-007 0.0712457 -4.41412e-007 0.997459 -0.453401 -1.27305 -1.80334</i>
                        <i>0.997459 -1.67515e-006 -0.0712457 1.70234e-006 1 3.20943e-007 0.0712457 -4.41412e-007 0.997459 -0.453401 -1.27305 -1.80334</i>
                        <i>0.997459 -1.67515e-006 -0.0712457 1.70234e-006 1 3.20943e-007 0.0712457 -4.41412e-007 0.997459 -0.453401 -1.27305 -1.80334</i>
                        <i>0.997459 -1.67515e-006 -0.0712457 1.70234e-006 1 3.20943e-007 0.0712457 -4.41412e-007 0.997459 -0.453401 -1.27305 -1.80334</i>
                        <i>0.997459 -1.67515e-006 -0.0712457 1.70234e-006 1 3.20943e-007 0.0712457 -4.41412e-007 0.997459 -0.453401 -1.27305 -1.80334</i>
                        <i>0.997459 -1.67515e-006 -0.0712457 1.70234e-006 1 3.20943e-007 0.0712457 -4.41412e-007 0.997459 -0.4534 -1.27305 -1.80334</i>
                        <i>0.997459 -1.67515e-006 -0.0712457 1.70234e-006 1 3.20943e-007 0.0712457 -4.41412e-007 0.997459 -0.4534 -1.27305 -1.80334</i>
                        <i>0.997459 -1.67515e-006 -0.0712457 1.70234e-006 1 3.20943e-007 0.0712457 -4.41412e-007 0.997459 -0.4534 -1.27305 -1.80334</i>
                        <i>0.997459 -1.67515e-006 -0.0712457 1.70234e-006 1 3.20943e-007 0.0712457 -4.41412e-007 0.997459 -0.4534 -1.27305 -1.80334</i>
                        <i>0.997459 -1.67515e-006 -0.0712457 1.70234e-006 1 3.20943e-007 0.0712457 -4.41412e-007 0.997459 -0.4534 -1.27305 -1.80334</i>
                        <i>0.997459 -1.67515e-006 -0.0712457 1.70234e-006 1 3.20943e-007 0.0712457 -4.41412e-007 0.997459 -0.4534 -1.27305 -1.80334</i>
                        <i>0.997459 -1.67515e-006 -0.0712457 1.70234e-006 1 3.20943e-007 0.0712457 -4.41412e-007 0.997459 -0.4534 -1.27305 -1.80334</i>
                        <i>0.997459 -1.67515e-006 -0.0712457 1.70234e-006 1 3.20943e-007 0.0712457 -4.41412e-007 0.997459 -0.4534 -1.27305 -1.80334</i>
                        <i>0.997459 -1.67515e-006 -0.0712457 1.70234e-006 1 3.20943e-007 0.0712457 -4.41412e-007 0.997459 -0.4534 -1.27305 -1.80334</i>
                        <i>0.997459 -1.67515e-006 -0.0712457 1.70234e-006 1 3.20943e-007 0.0712457 -4.41412e-007 0.997459 -0.4534 -1.27305 -1.80334</i>
                        <i>0.997459 -1.67515e-006 -0.0712457 1.70234e-006 1 3.20943e-007 0.0712457 -4.41412e-007 0.997459 -0.4534 -1.27305 -1.80334</i>
                        <i>0.997459 -1.67515e-006 -0.0712457 1.70234e-006 1 3.20943e-007 0.0712457 -4.41412e-007 0.997459 -0.4534 -1.27305 -1.80334</i>
                        <i>0.997459 -1.67515e-006 -0.0712457 1.70234e-006 1 3.20943e-007 0.0712457 -4.41412e-007 0.997459 -0.4534 -1.27305 -1.80334</i>
                        <i>0.997459 -1.67515e-006 -0.0712457 1.70234e-006 1 3.20943e-007 0.0712457 -4.41412e-007 0.997459 -0.4534 -1.27305 -1.80334</i>
                        <i>0.997459 -1.67515e-006 -0.0712457 1.70234e-006 1 3.20943e-007 0.0712457 -4.41412e-007 0.997459 -0.4534 -1.27305 -1.80334</i>
                        <i>0.997459 -1.67515e-006 -0.0712457 1.70234e-006 1 3.20943e-007 0.0712457 -4.41412e-007 0.997459 -0.4534 -1.27305 -1.80334</i>
                        <i>0.997459 -1.67515e-006 -0.0712457 1.70234e-006 1 3.20943e-007 0.0712457 -4.41412e-007 0.997459 -0.4534 -1.27305 -1.80334</i>
                        <i>0.997459 -1.67515e-006 -0.0712457 1.70234e-006 1 3.20943e-007 0.0712457 -4.41412e-007 0.997459 -0.4534 -1.27305 -1.80334</i>
                        <i>0.997459 -1.67515e-006 -0.0712457 1.70234e-006 1 3.20943e-007 0.0712457 -4.41412e-007 0.997459 -0.4534 -1.27305 -1.80334</i>
                        <i>0.997459 -1.67515e-006 -0.0712457 1.70234e-006 1 3.20943e-007 0.0712457 -4.41412e-007 0.997459 -0.4534 -1.27305 -1.80334</i>
                        <i>0.997459 -1.67515e-006 -0.0712457 1.70234e-006 1 3.20943e-007 0.0712457 -4.41412e-007 0.997459 -0.4534 -1.27305 -1.80334</i>
                        <i>0.997459 -1.67515e-006 -0.0712457 1.70234e-006 1 3.20943e-007 0.0712457 -4.41412e-007 0.997459 -0.4534 -1.27305 -1.80334</i>
                        <i>0.997459 -1.67515e-006 -0.0712457 1.70234e-006 1 3.20943e-007 0.0712457 -4.41412e-007 0.997459 -0.4534 -1.27305 -1.80334</i>
                        <i>0.997459 -1.67515e-006 -0.0712457 1.70234e-006 1 3.20943e-007 0.0712457 -4.41412e-007 0.997459 -0.4534 -1.27305 -1.80334</i>
                        <i>0.997459 -1.67515e-006 -0.0712457 1.70234e-006 1 3.20943e-007 0.0712457 -4.41412e-007 0.997459 -0.4534 -1.27305 -1.80334</i>
                        <i>0.997459 -1.67515e-006 -0.0712457 1.70234e-006 1 3.20943e-007 0.0712457 -4.41412e-007 0.997459 -0.4534 -1.27305 -1.80334</i>
                        <i>0.997459 -1.67515e-006 -0.0712457 1.70234e-006 1 3.20943e-007 0.0712457 -4.41412e-007 0.997459 -0.4534 -1.27305 -1.80334</i>
