<?xml version="1.0" encoding="ISO-8859-1" ?>
<Animl Version="1">
    <ModellingPackage><![CDATA[Maya.2010]]></ModellingPackage>
    <SrcFile><![CDATA[anims\bosses\red\antonov\~src\antonov_flinch.mb]]></SrcFile>
    <FramesPerSecond>30</FramesPerSecond>
    <TotalFrames>49</TotalFrames>
    <Skeleton>
        <RefFrame>
            <Name><![CDATA[antonov_ref_frame]]></Name>
            <Exclude>1</Exclude>
            <Additive>0</Additive>
            <IKPriority>0</IKPriority>
            <IKRotLimits>-1e+010 -1e+010 -1e+010 1e+010 1e+010 1e+010</IKRotLimits>
            <IKRotLimitOrder>0</IKRotLimitOrder>
            <KeyFrames count="49">
                <i>1 0 0 0 1 0 0 0 1 0 0 0</i>
                <i>1 0 0 0 1 0 0 0 1 0 0 0</i>
                <i>1 0 0 0 1 0 0 0 1 0 0 0</i>
                <i>1 0 0 0 1 0 0 0 1 0 0 0</i>
                <i>1 0 0 0 1 0 0 0 1 0 0 0</i>
                <i>1 0 0 0 1 0 0 0 1 0 0 0</i>
                <i>1 0 0 0 1 0 0 0 1 0 0 0</i>
                <i>1 0 0 0 1 0 0 0 1 0 0 0</i>
                <i>1 0 0 0 1 0 0 0 1 0 0 0</i>
                <i>1 0 0 0 1 0 0 0 1 0 0 0</i>
                <i>1 0 0 0 1 0 0 0 1 0 0 0</i>
                <i>1 0 0 0 1 0 0 0 1 0 0 0</i>
                <i>1 0 0 0 1 0 0 0 1 0 0 0</i>
                <i>1 0 0 0 1 0 0 0 1 0 0 0</i>
                <i>1 0 0 0 1 0 0 0 1 0 0 0</i>
                <i>1 0 0 0 1 0 0 0 1 0 0 0</i>
                <i>1 0 0 0 1 0 0 0 1 0 0 0</i>
                <i>1 0 0 0 1 0 0 0 1 0 0 0</i>
                <i>1 0 0 0 1 0 0 0 1 0 0 0</i>
                <i>1 0 0 0 1 0 0 0 1 0 0 0</i>
                <i>1 0 0 0 1 0 0 0 1 0 0 0</i>
                <i>1 0 0 0 1 0 0 0 1 0 0 0</i>
                <i>1 0 0 0 1 0 0 0 1 0 0 0</i>
                <i>1 0 0 0 1 0 0 0 1 0 0 0</i>
                <i>1 0 0 0 1 0 0 0 1 0 0 0</i>
                <i>1 0 0 0 1 0 0 0 1 0 0 0</i>
                <i>1 0 0 0 1 0 0 0 1 0 0 0</i>
                <i>1 0 0 0 1 0 0 0 1 0 0 0</i>
                <i>1 0 0 0 1 0 0 0 1 0 0 0</i>
                <i>1 0 0 0 1 0 0 0 1 0 0 0</i>
                <i>1 0 0 0 1 0 0 0 1 0 0 0</i>
                <i>1 0 0 0 1 0 0 0 1 0 0 0</i>
                <i>1 0 0 0 1 0 0 0 1 0 0 0</i>
                <i>1 0 0 0 1 0 0 0 1 0 0 0</i>
                <i>1 0 0 0 1 0 0 0 1 0 0 0</i>
                <i>1 0 0 0 1 0 0 0 1 0 0 0</i>
                <i>1 0 0 0 1 0 0 0 1 0 0 0</i>
                <i>1 0 0 0 1 0 0 0 1 0 0 0</i>
                <i>1 0 0 0 1 0 0 0 1 0 0 0</i>
                <i>1 0 0 0 1 0 0 0 1 0 0 0</i>
                <i>1 0 0 0 1 0 0 0 1 0 0 0</i>
                <i>1 0 0 0 1 0 0 0 1 0 0 0</i>
                <i>1 0 0 0 1 0 0 0 1 0 0 0</i>
                <i>1 0 0 0 1 0 0 0 1 0 0 0</i>
                <i>1 0 0 0 1 0 0 0 1 0 0 0</i>
                <i>1 0 0 0 1 0 0 0 1 0 0 0</i>
                <i>1 0 0 0 1 0 0 0 1 0 0 0</i>
                <i>1 0 0 0 1 0 0 0 1 0 0 0</i>
                <i>1 0 0 0 1 0 0 0 1 0 0 0</i>
            </KeyFrames>
        </RefFrame>
        <Bones count="31">
            <i>
                <p>
                    <Name><![CDATA[antonov_root]]></Name>
                    <Exclude>0</Exclude>
                    <Additive>0</Additive>
                    <IKPriority>0</IKPriority>
                    <IKRotLimits>-1e+010 -1e+010 -1e+010 1e+010 1e+010 1e+010</IKRotLimits>
                    <IKRotLimitOrder>0</IKRotLimitOrder>
                    <KeyFrames count="49">
                        <i>1 0 0 0 1 0 0 0 1 0 -1.13687e-015 0</i>
                        <i>0.999986 -0.00537577 -0.000154185 0.00537688 0.99995 0.00847366 0.000108625 -0.00847436 0.999964 -0.0495855 -0.310845 -0.0792522</i>
                        <i>0.999942 -0.0107514 -0.000324601 0.0107556 0.99977 0.0185716 0.000124856 -0.018574 0.999828 -0.0991874 -0.620494 -0.173965</i>
                        <i>0.99987 -0.0161267 -0.000462556 0.0161332 0.999547 0.0254185 5.24295e-005 -0.0254227 0.999677 -0.14878 0.539906 -0.237734</i>
                        <i>0.999769 -0.0215015 -0.000519361 0.0215078 0.999477 0.024142 -1.6263e-019 -0.0241476 0.999708 -0.198344 1.39835 -0.224182</i>
                        <i>0.999902 -0.0139978 -0.000500595 0.0140034 0.999805 0.0139295 0.000305515 -0.0139352 0.999903 -0.129139 2.06556 -0.125658</i>
                        <i>0.999983 -0.00579752 -0.000450383 0.00579689 0.999982 -0.00139091 0.000458439 0.00138827 0.999999 -0.0534587 2.53684 0.021365</i>
                        <i>0.999996 0.00268143 -0.000377855 -0.00268836 0.999802 -0.0197282 0.000324881 0.0197291 0.999805 0.024792 2.73505 0.197056</i>
                        <i>0.999939 0.011021 -0.00029214 -0.0110241 0.999179 -0.0389869 -0.000137776 0.0389878 0.99924 0.101664 2.70156 0.381545</i>
                        <i>0.999823 0.0188034 -0.000202368 -0.0187843 0.998193 -0.0570732 -0.000871168 0.0570669 0.99837 0.173228 2.5992 0.554971</i>
                        <i>0.999672 0.0256109 -0.000117668 -0.0255531 0.997084 -0.0719007 -0.00172412 0.0718801 0.997412 0.23565 2.43519 0.697548</i>
                        <i>0.999519 0.0310264 -4.71685e-005 -0.0309273 0.996202 -0.0813936 -0.00247836 0.0813559 0.996682 0.285211 2.21573 0.789584</i>
                        <i>0.9994 0.0346332 -2.1684e-019 -0.0345123 0.995912 -0.0834809 -0.00289121 0.0834308 0.996509 0.318272 1.94685 0.811434</i>
                        <i>0.999339 0.0363424 2.48522e-005 -0.0362342 0.996414 -0.0764543 -0.0028033 0.0764029 0.997073 0.334151 1.63613 0.747173</i>
                        <i>0.999334 0.0365038 3.65176e-005 -0.0364324 0.997439 -0.0615506 -0.00228326 0.0615082 0.998104 0.335978 1.29549 0.608655</i>
                        <i>0.999374 0.035369 3.80391e-005 -0.0353375 0.998529 -0.0411153 -0.00149219 0.0410882 0.999154 0.325882 0.938533 0.417893</i>
                        <i>0.999449 0.0331999 3.24601e-005 -0.0331942 0.999296 -0.0175073 -0.000613676 0.0174965 0.999847 0.306116 0.578291 0.197019</i>
                        <i>0.999542 0.0302645 2.28235e-005 -0.0302639 0.999518 0.0068994 0.000185994 -0.00689693 0.999976 0.279093 0.226204 -0.0316932</i>
                        <i>0.99964 0.0268324 1.21725e-005 -0.0268209 0.999198 0.0297246 0.000785419 -0.0297142 0.999558 0.247341 -0.108325 -0.245913</i>
                        <i>0.999732 0.0231703 3.55032e-006 -0.0231431 0.99855 0.0485941 0.00112239 -0.0485811 0.998819 0.213425 -0.417854 -0.423366</i>
                        <i>0.999809 0.0195379 0 -0.0195013 0.997938 0.0611469 0.00119468 -0.0611353 0.998129 0.179841 -0.696318 -0.541899</i>
                        <i>0.999876 0.015753 -1.0842e-019 -0.0157204 0.99781 0.0642487 0.00101211 -0.0642408 0.997934 0.144973 -0.454897 -0.572866</i>
                        <i>0.999927 0.0121185 -5.42101e-020 -0.0120975 0.998195 0.0588182 0.00071279 -0.0588139 0.998269 0.111563 -0.184535 -0.525228</i>
                        <i>0.999963 0.00862414 0 -0.00861396 0.998782 0.0485767 0.000418932 -0.0485748 0.998819 0.0794377 0.0671294 -0.433256</i>
                        <i>0.999986 0.00527828 1.35525e-020 -0.00527462 0.999292 0.0372483 0.000196607 -0.0372477 0.999306 0.0486424 0.252154 -0.331255</i>
                        <i>0.999998 0.00209951 -3.38813e-021 -0.00209865 0.99959 0.0285648 5.99719e-005 -0.0285647 0.999592 0.0193537 0.321269 -0.253594</i>
                        <i>1 -0.000882766 0 0.000882551 0.999756 0.0220954 -1.95051e-005 -0.0220954 0.999756 -0.00813886 0.200727 -0.196258</i>
                        <i>0.999993 -0.00362337 -3.38813e-021 0.00362295 0.999876 0.0153532 -5.56304e-005 -0.0153531 0.999882 -0.0334107 -0.0838262 -0.13627</i>
                        <i>0.999982 -0.00605049 0 0.00605024 0.999941 0.00898911 -5.43885e-005 -0.00898894 0.99996 -0.0557952 -0.433652 -0.079589</i>
                        <i>0.999968 -0.00803984 0 0.00803979 0.999961 0.00365435 -2.93804e-005 -0.00365423 0.999993 -0.0741427 -0.750166 -0.0321787</i>
                        <i>0.999956 -0.00934162 0 0.00934162 0.999956 0 0 0 1 -0.0861482 -0.498294 0</i>
                        <i>0.999961 -0.00880714 0 0.00880713 0.99996 -0.00165711 1.45944e-005 0.00165704 0.999999 -0.0812191 -0.221079 0.0143271</i>
                        <i>0.999981 -0.00620289 8.47033e-022 0.00620288 0.999979 -0.00183988 1.14126e-005 0.00183984 0.999998 -0.0572028 0.0051535 0.0157453</i>
                        <i>0.999997 -0.00244106 -2.11758e-022 0.00244105 0.999996 -0.00115694 2.82415e-006 0.00115693 0.999999 -0.0225113 0.104308 0.00963813</i>
                        <i>0.999999 0.0015661 -5.29396e-023 -0.0015661 0.999999 -0.000216896 -3.39682e-007 0.000216896 1 0.0144426 0.0256664 0.00138919</i>
                        <i>0.999988 0.00490628 -1.05879e-022 -0.00490628 0.999988 0.000371623 1.82329e-006 -0.000371619 1 0.0452456 -0.179948 -0.00361804</i>
                        <i>0.999978 0.00666723 0 -0.00666723 0.999978 0 0 0 1 0.061485 -0.436409 0</i>
                        <i>0.999976 0.00695238 -1.69407e-021 -0.00695237 0.999973 -0.00224095 -1.558e-005 0.0022409 0.999997 0.0641145 -0.667502 0.020666</i>
                        <i>0.999978 0.0065845 -3.38813e-021 -0.00658439 0.999961 -0.00580008 -3.81906e-005 0.00579996 0.999983 0.0607211 -0.351965 0.0534882</i>
                        <i>0.999984 0.0057303 0 -0.00573006 0.999942 -0.00909551 -5.212e-005 0.00909537 0.999959 0.0528425 -0.0363589 0.0838786</i>
                        <i>0.99999 0.0045565 3.38813e-021 -0.00455625 0.999934 -0.0105455 -4.80505e-005 0.0105454 0.999944 0.0420176 0.14817 0.0972502</i>
                        <i>0.999995 0.00322984 1.69407e-021 -0.0032297 0.999953 -0.00914495 -2.95367e-005 0.00914491 0.999958 0.0297842 0.157064 0.0843345</i>
                        <i>0.999998 0.00191705 8.47033e-022 -0.00191701 0.999981 -0.00593192 -1.13718e-005 0.0059319 0.999982 0.0176786 0.0728341 0.054704</i>
                        <i>1 0.000784856 0 -0.000784854 0.999997 -0.00238926 -1.87523e-006 0.00238926 0.999997 0.0072379 -0.0459428 0.0220337</i>
                        <i>1 0 0 0 1 0 0 0 1 0 -0.1406 0</i>
                        <i>1 -0.000312529 0 0.000312529 1 0.000741493 -2.31738e-007 -0.000741493 1 -0.00288213 -0.160157 -0.00683803</i>
                        <i>1 -0.000277804 1.32349e-023 0.000277803 1 0.000659105 -1.83102e-007 -0.000659105 1 -0.0025619 -0.118775 -0.00607825</i>
                        <i>1 -0.000104176 0 0.000104176 1 0.000247164 -2.57486e-008 -0.000247164 1 -0.000960709 -0.0533206 -0.00227934</i>
                        <i>1 0 0 0 1 0 0 0 1 0 -1.13687e-015 0</i>
                    </KeyFrames>
                </p>
            </i>
            <i>
                <p>
                    <Name><![CDATA[l_wheel_01]]></Name>
                    <Exclude>0</Exclude>
                    <Additive>0</Additive>
                    <IKPriority>0</IKPriority>
                    <IKRotLimits>-1e+010 -1e+010 -1e+010 1e+010 1e+010 1e+010</IKRotLimits>
                    <IKRotLimitOrder>0</IKRotLimitOrder>
                    <KeyFrames count="49">
                        <i>1 0 0 0 1 0 0 0 1 13.6271 6.98776 25.5401</i>
                        <i>1 0.000950408 -0.000132287 -0.000950221 0.999999 0.00140489 0.000133622 -0.00140477 0.999999 13.6286 6.93421 25.5452</i>
                        <i>0.999997 0.00253442 -0.000352765 -0.00253308 0.99999 0.00374637 0.000362256 -0.00374547 0.999993 13.6312 6.84495 25.5534</i>
                        <i>0.999996 0.00285122 -0.000396861 -0.00284952 0.999987 0.00421467 0.000408873 -0.00421352 0.999991 13.6318 6.8271 25.5551</i>
                        <i>1 -1.09136e-011 4.29965e-012 -1.09136e-011 1 -6.19066e-010 4.29965e-012 -6.19066e-010 1 13.6271 6.98776 25.5401</i>
                        <i>0.999957 -0.00918714 0.00127877 0.00920191 0.999885 -0.0120685 -0.00116775 0.0120797 0.999926 13.6162 7.4235 25.4968</i>
                        <i>0.999735 -0.0228077 0.00317488 0.022892 0.999297 -0.0296814 -0.00249569 0.0297462 0.999554 13.6103 8.05427 25.4272</i>
                        <i>0.99937 -0.0351574 0.0048946 0.0353503 0.998249 -0.0474272 -0.00321861 0.0475703 0.998863 13.6174 8.72198 25.3464</i>
                        <i>0.999162 -0.040539 0.00564421 0.0408047 0.99737 -0.0599053 -0.00320087 0.0600854 0.998188 13.6291 9.26922 25.2785</i>
                        <i>0.999335 -0.0361121 0.00512669 0.0363749 0.997086 -0.0670494 -0.00269045 0.0671913 0.997737 13.6326 9.74458 25.2248</i>
                        <i>0.999664 -0.0256349 0.00386586 0.0258472 0.997056 -0.0721836 -0.00200407 0.0722593 0.997384 13.6276 10.2392 25.1732</i>
                        <i>0.999909 -0.0133149 0.00229938 0.0134499 0.997092 -0.075006 -0.00129399 0.0750301 0.99718 13.6197 10.6603 25.1326</i>
                        <i>0.999994 -0.00336527 0.000864872 0.00342079 0.997162 -0.075214 -0.000609301 0.0752165 0.997167 13.6168 10.9149 25.1116</i>
                        <i>1 -1.57407e-009 -2.57612e-010 -8.14016e-011 0.997368 -0.0725043 -1.5242e-010 0.0725043 0.997368 13.6271 10.9098 25.1186</i>
                        <i>0.999996 -0.00271425 -0.000332413 0.00268566 0.99772 -0.0674415 0.000514709 0.0674403 0.997723 13.649 10.6761 25.1492</i>
                        <i>0.999969 -0.00782567 -0.000488444 0.00778132 0.998109 -0.0609791 0.000964722 0.0609734 0.998139 13.6749 10.3248 25.1914</i>
                        <i>0.999891 -0.0147807 -0.000508796 0.0147325 0.998465 -0.0533952 0.00129724 0.0533819 0.998573 13.7021 9.88163 25.2421</i>
                        <i>0.999735 -0.0230255 -0.000434173 0.0229827 0.998724 -0.0449689 0.00146905 0.044947 0.998988 13.7283 9.37255 25.298</i>
                        <i>0.999488 -0.0320061 -0.000305277 0.0319744 0.998841 -0.0359795 0.00145649 0.0359513 0.999353 13.7515 8.82355 25.3561</i>
                        <i>0.999152 -0.0411682 -0.000162814 0.0411492 0.998796 -0.0267072 0.0012621 0.0266778 0.999643 13.7706 8.26072 25.4135</i>
                        <i>0.998751 -0.0499586 -4.74874e-005 0.0499502 0.9986 -0.0174325 0.000918325 0.0174084 0.999848 13.7849 7.7102 25.4678</i>
                        <i>0.998327 -0.0578246 -2.60567e-011 0.0578226 0.998291 -0.0084365 0.000487837 0.00842238 0.999964 13.7948 7.19814 25.5166</i>
                        <i>0.99876 -0.0497938 -6.98752e-011 0.0497938 0.99876 7.11038e-010 -1.52635e-011 1.67177e-009 1 13.7608 7.06887 25.5401</i>
                        <i>0.999128 -0.0417597 -4.16403e-011 0.0417568 0.999059 0.0117148 -0.000489208 -0.0117046 0.999931 13.7267 6.86426 25.5698</i>
                        <i>0.999431 -0.0337229 -1.18409e-010 0.0337137 0.999157 0.0234281 -0.000790064 -0.0234148 0.999726 13.6975 6.6412 25.596</i>
                        <i>0.99967 -0.025684 -4.14287e-011 0.0256795 0.999494 0.0187431 -0.000481397 -0.0187369 0.999824 13.6838 6.7926 25.586</i>
                        <i>0.999844 -0.0176434 5.68486e-012 0.0176416 0.999746 0.0140577 -0.000248025 -0.0140555 0.999901 13.6682 6.89228 25.5753</i>
                        <i>0.999954 -0.00960162 1.16089e-012 0.0096012 0.99991 0.00937196 -8.9986e-005 -0.00937153 0.999956 13.6506 6.95994 25.5642</i>
                        <i>0.999999 -0.00155924 -2.66941e-012 0.00155922 0.999988 0.00468603 -7.30663e-006 -0.00468602 0.999989 13.6311 7.0092 25.5524</i>
                        <i>0.999979 0.00648323 2.78462e-014 -0.00648323 0.999979 1.53173e-011 -1.28638e-012 -1.20222e-011 1 13.6097 7.05369 25.5401</i>
                        <i>0.999895 0.0145253 0 -0.014525 0.999877 0.00584206 8.48577e-005 -0.00584145 0.999983 13.5903 6.83834 25.5554</i>
                        <i>0.999894 0.0145253 -1.36959e-014 -0.0145251 0.999882 0.0049901 7.24827e-005 -0.00498958 0.999988 13.59 6.90923 25.5532</i>
                        <i>0.999894 0.0145253 -4.86459e-013 -0.0145252 0.99989 0.00308332 4.47861e-005 -0.00308299 0.999995 13.5893 7.01223 25.5483</i>
                        <i>0.999894 0.0145253 6.07214e-013 -0.0145253 0.999894 0.00109539 1.59109e-005 -0.00109528 0.999999 13.5886 7.10694 25.5431</i>
                        <i>0.999894 0.0145253 1.56079e-013 -0.0145253 0.999894 -3.39968e-012 -6.62626e-015 9.55421e-012 1 13.5882 7.153 25.5401</i>
                        <i>0.999894 0.0145253 -2.62077e-013 -0.0145253 0.999894 -0.000279851 -4.06491e-006 0.000279821 1 13.5881 7.15851 25.5394</i>
                        <i>0.999894 0.0145253 0 -0.0145253 0.999894 -0.000476906 -6.9272e-006 0.000476856 1 13.588 7.15889 25.5388</i>
                        <i>0.999895 0.0145253 -4.91686e-015 -0.0145253 0.999894 -0.0006011 -8.73115e-006 0.000601037 1 13.5879 7.15476 25.5385</i>
                        <i>0.999894 0.0145253 -1.26556e-012 -0.0145253 0.999894 -0.000662369 -9.62111e-006 0.0006623 1 13.5879 7.14674 25.5383</i>
                        <i>0.999894 0.0145253 7.27521e-012 -0.0145253 0.999894 -0.000670648 -9.74138e-006 0.000670578 1 13.5879 7.13543 25.5383</i>
                        <i>0.999894 0.0145253 3.9263e-012 -0.0145253 0.999894 -0.000635874 -9.23626e-006 0.000635807 1 13.5879 7.12145 25.5384</i>
                        <i>0.999894 0.0145253 1.56285e-012 -0.0145253 0.999894 -0.000567982 -8.2501e-006 0.000567921 1 13.5879 7.10542 25.5386</i>
                        <i>0.999894 0.0145253 5.77932e-012 -0.0145253 0.999894 -0.000476906 -6.9272e-006 0.000476855 1 13.588 7.08796 25.5388</i>
                        <i>0.999894 0.0145253 -9.09991e-013 -0.0145253 0.999894 -0.000372583 -5.41188e-006 0.000372544 1 13.588 7.06967 25.5391</i>
                        <i>0.999894 0.0145253 0 -0.0145253 0.999894 -0.000264948 -3.84844e-006 0.00026492 1 13.5881 7.05118 25.5394</i>
                        <i>0.999894 0.0145253 5.63728e-013 -0.0145253 0.999894 -0.000163936 -2.38122e-006 0.000163919 1 13.5881 7.0331 25.5397</i>
                        <i>0.999894 0.0145253 -1.3898e-013 -0.0145253 0.999894 -7.94844e-005 -1.15453e-006 7.9476e-005 1 13.5881 7.01605 25.5399</i>
                        <i>0.999895 0.0145253 3.37119e-013 -0.0145253 0.999894 -2.15269e-005 -3.12685e-007 2.15247e-005 1 13.5881 7.00063 25.5401</i>
                        <i>0.999894 0.0145253 0 -0.0145253 0.999894 0 0 0 1 13.5882 6.98748 25.5401</i>
                    </KeyFrames>
                </p>
            </i>
            <i>
                <p>
                    <Name><![CDATA[l_wheel_02]]></Name>
                    <Exclude>0</Exclude>
                    <Additive>0</Additive>
                    <IKPriority>0</IKPriority>
                    <IKRotLimits>-1e+010 -1e+010 -1e+010 1e+010 1e+010 1e+010</IKRotLimits>
                    <IKRotLimitOrder>0</IKRotLimitOrder>
                    <KeyFrames count="49">
                        <i>1 0 0 0 1 0 0 0 1 13.6271 4.28546 19.0357</i>
                        <i>1 0.000950408 -0.000132287 -0.000950221 0.999999 0.00140489 0.000133622 -0.00140477 0.999999 13.6303 4.24105 19.0369</i>
                        <i>0.999997 0.00253442 -0.000352765 -0.00253308 0.99999 0.00374637 0.000362256 -0.00374547 0.999993 13.6357 4.16704 19.0389</i>
                        <i>0.999996 0.00285122 -0.000396861 -0.00284952 0.999987 0.00421467 0.000408873 -0.00421352 0.999991 13.6368 4.15224 19.0393</i>
                        <i>1 -1.09136e-011 4.29965e-012 -1.09136e-011 1 -6.19066e-010 4.29965e-012 -6.19066e-010 1 13.6271 4.28546 19.0357</i>
                        <i>0.999957 -0.00918714 0.00127877 0.00920191 0.999885 -0.0120685 -0.00116775 0.0120797 0.999926 13.5989 4.64294 19.0254</i>
                        <i>0.999735 -0.0228077 0.00317488 0.022892 0.999297 -0.0296814 -0.00249569 0.0297462 0.999554 13.5647 5.16039 19.0059</i>
                        <i>0.99937 -0.0351574 0.0048946 0.0353503 0.998249 -0.0474272 -0.00321861 0.0475703 0.998863 13.5428 5.71499 18.9775</i>
                        <i>0.999162 -0.040539 0.00564421 0.0408047 0.99737 -0.0599053 -0.00320087 0.0600854 0.998188 13.5396 6.1832 18.9476</i>
                        <i>0.999335 -0.0361121 0.00512669 0.0363749 0.997086 -0.0670494 -0.00269045 0.0671913 0.997737 13.5518 6.6131 18.9162</i>
                        <i>0.999664 -0.0256349 0.00386586 0.0258472 0.997056 -0.0721836 -0.00200407 0.0722593 0.997384 13.5708 7.07481 18.8808</i>
                        <i>0.999909 -0.0133149 0.00229938 0.0134499 0.997092 -0.075006 -0.00129399 0.0750301 0.99718 13.5917 7.4778 18.8491</i>
                        <i>0.999994 -0.00336527 0.000864872 0.00342079 0.997162 -0.075214 -0.000609301 0.0752165 0.997167 13.6115 7.73105 18.8288</i>
                        <i>1 -1.57407e-009 -2.57612e-010 -8.14016e-011 0.997368 -0.0725043 -1.5242e-010 0.0725043 0.997368 13.6271 7.743 18.8272</i>
                        <i>0.999996 -0.00271425 -0.000332413 0.00268566 0.99772 -0.0674415 0.000514709 0.0674403 0.997723 13.6384 7.54133 18.8418</i>
                        <i>0.999969 -0.00782567 -0.000488444 0.00778132 0.998109 -0.0609791 0.000964722 0.0609734 0.998139 13.6476 7.23101 18.8638</i>
                        <i>0.999891 -0.0147807 -0.000508796 0.0147325 0.998465 -0.0533952 0.00129724 0.0533819 0.998573 13.6539 6.83626 18.8912</i>
                        <i>0.999735 -0.0230255 -0.000434173 0.0229827 0.998724 -0.0449689 0.00146905 0.044947 0.998988 13.6567 6.38134 18.9216</i>
                        <i>0.999488 -0.0320061 -0.000305277 0.0319744 0.998841 -0.0359795 0.00145649 0.0359513 0.999353 13.6557 5.89054 18.953</i>
                        <i>0.999152 -0.0411682 -0.000162814 0.0411492 0.998796 -0.0267072 0.0012621 0.0266778 0.999643 13.6511 5.38815 18.9835</i>
                        <i>0.998751 -0.0499586 -4.74874e-005 0.0499502 0.9986 -0.0174325 0.000918325 0.0174084 0.999848 13.6439 4.89845 19.0114</i>
                        <i>0.998327 -0.0578246 -2.60567e-011 0.0578226 0.998291 -0.0084365 0.000487837 0.00842238 0.999964 13.6354 4.44567 19.0351</i>
                        <i>0.99876 -0.0497938 -6.98752e-011 0.0497938 0.99876 7.11038e-010 -1.52635e-011 1.67177e-009 1 13.6262 4.36992 19.0357</i>
                        <i>0.999128 -0.0417597 -4.16403e-011 0.0417568 0.999059 0.0117148 -0.000489208 -0.0117046 0.999931 13.6171 4.24064 19.0341</i>
                        <i>0.999431 -0.0337229 -1.18409e-010 0.0337137 0.999157 0.0234281 -0.000790064 -0.0234148 0.999726 13.6115 4.09347 19.03</i>
                        <i>0.99967 -0.025684 -4.14287e-011 0.0256795 0.999494 0.0187431 -0.000481397 -0.0187369 0.999824 13.6175 4.21354 19.032</i>
                        <i>0.999844 -0.0176434 5.68486e-012 0.0176416 0.999746 0.0140577 -0.000248025 -0.0140555 0.999901 13.6221 4.28209 19.0335</i>
                        <i>0.999954 -0.00960162 1.16089e-012 0.0096012 0.99991 0.00937196 -8.9986e-005 -0.00937153 0.999956 13.6253 4.31884 19.0347</i>
                        <i>0.999999 -0.00155924 -2.66941e-012 0.00155922 0.999988 0.00468603 -7.30663e-006 -0.00468602 0.999989 13.627 4.33741 19.0354</i>
                        <i>0.999979 0.00648323 2.78462e-014 -0.00648323 0.999979 1.53173e-011 -1.28638e-012 -1.20222e-011 1 13.6273 4.35144 19.0357</i>
                        <i>0.999895 0.0145253 0 -0.014525 0.999877 0.00584206 8.48577e-005 -0.00584145 0.999983 13.629 4.17436 19.0352</i>
                        <i>0.999894 0.0145253 -1.36959e-014 -0.0145251 0.999882 0.0049901 7.24827e-005 -0.00498958 0.999988 13.6288 4.2397 19.0353</i>
                        <i>0.999894 0.0145253 -4.86459e-013 -0.0145252 0.99989 0.00308332 4.47861e-005 -0.00308299 0.999995 13.6283 4.33028 19.0355</i>
                        <i>0.999894 0.0145253 6.07214e-013 -0.0145253 0.999894 0.00109539 1.59109e-005 -0.00109528 0.999999 13.6277 4.41205 19.0356</i>
                        <i>0.999894 0.0145253 1.56079e-013 -0.0145253 0.999894 -3.39968e-012 -6.62626e-015 9.55421e-012 1 13.6274 4.45098 19.0357</i>
                        <i>0.999894 0.0145253 -2.62077e-013 -0.0145253 0.999894 -0.000279851 -4.06491e-006 0.000279821 1 13.6273 4.45467 19.0357</i>
                        <i>0.999894 0.0145253 0 -0.0145253 0.999894 -0.000476906 -6.9272e-006 0.000476856 1 13.6273 4.45378 19.0357</i>
                        <i>0.999895 0.0145253 -4.91686e-015 -0.0145253 0.999894 -0.0006011 -8.73115e-006 0.000601037 1 13.6272 4.44884 19.0357</i>
                        <i>0.999894 0.0145253 -1.26556e-012 -0.0145253 0.999894 -0.000662369 -9.62111e-006 0.0006623 1 13.6272 4.44041 19.0357</i>
                        <i>0.999894 0.0145253 7.27521e-012 -0.0145253 0.999894 -0.000670648 -9.74138e-006 0.000670578 1 13.6272 4.42905 19.0357</i>
                        <i>0.999894 0.0145253 3.9263e-012 -0.0145253 0.999894 -0.000635874 -9.23626e-006 0.000635807 1 13.6272 4.4153 19.0357</i>
                        <i>0.999894 0.0145253 1.56285e-012 -0.0145253 0.999894 -0.000567982 -8.2501e-006 0.000567921 1 13.6272 4.39971 19.0357</i>
                        <i>0.999894 0.0145253 5.77932e-012 -0.0145253 0.999894 -0.000476906 -6.9272e-006 0.000476855 1 13.6273 4.38284 19.0357</i>
                        <i>0.999894 0.0145253 -9.09991e-013 -0.0145253 0.999894 -0.000372583 -5.41188e-006 0.000372544 1 13.6273 4.36523 19.0357</i>
                        <i>0.999894 0.0145253 0 -0.0145253 0.999894 -0.000264948 -3.84844e-006 0.00026492 1 13.6273 4.34744 19.0357</i>
                        <i>0.999894 0.0145253 5.63728e-013 -0.0145253 0.999894 -0.000163936 -2.38122e-006 0.000163919 1 13.6274 4.33002 19.0357</i>
                        <i>0.999894 0.0145253 -1.3898e-013 -0.0145253 0.999894 -7.94844e-005 -1.15453e-006 7.9476e-005 1 13.6274 4.31351 19.0357</i>
                        <i>0.999895 0.0145253 3.37119e-013 -0.0145253 0.999894 -2.15269e-005 -3.12685e-007 2.15247e-005 1 13.6274 4.29847 19.0357</i>
                        <i>0.999894 0.0145253 0 -0.0145253 0.999894 0 0 0 1 13.6274 4.28546 19.0357</i>
                    </KeyFrames>
                </p>
            </i>
            <i>
                <p>
                    <Name><![CDATA[l_wheel_03]]></Name>
                    <Exclude>0</Exclude>
                    <Additive>0</Additive>
                    <IKPriority>0</IKPriority>
                    <IKRotLimits>-1e+010 -1e+010 -1e+010 1e+010 1e+010 1e+010</IKRotLimits>
                    <IKRotLimitOrder>0</IKRotLimitOrder>
                    <KeyFrames count="49">
                        <i>1 0 0 0 1 0 0 0 1 13.6271 4.30368 8.17265</i>
                        <i>1 0.000950408 -0.000132287 -0.000950221 0.999999 0.00140489 0.000133622 -0.00140477 0.999999 13.6288 4.27453 8.17392</i>
                        <i>0.999997 0.00253442 -0.000352765 -0.00253308 0.99999 0.00374637 0.000362256 -0.00374547 0.999993 13.6317 4.22595 8.176</i>
                        <i>0.999996 0.00285122 -0.000396861 -0.00284952 0.999987 0.00421467 0.000408873 -0.00421352 0.999991 13.6323 4.21624 8.17642</i>
                        <i>1 -1.09136e-011 4.29965e-012 -1.09136e-011 1 -6.19066e-010 4.29965e-012 -6.19066e-010 1 13.6271 4.30369 8.17265</i>
                        <i>0.999957 -0.00918714 0.00127877 0.00920191 0.999885 -0.0120685 -0.00116775 0.0120797 0.999926 13.6117 4.52994 8.16299</i>
                        <i>0.999735 -0.0228077 0.00317488 0.022892 0.999297 -0.0296814 -0.00249569 0.0297462 0.999554 13.5922 4.85547 8.14715</i>
                        <i>0.99937 -0.0351574 0.0048946 0.0353503 0.998249 -0.0474272 -0.00321861 0.0475703 0.998863 13.5784 5.21642 8.12597</i>
                        <i>0.999162 -0.040539 0.00564421 0.0408047 0.99737 -0.0599053 -0.00320087 0.0600854 0.998188 13.5751 5.54867 8.10322</i>
                        <i>0.999335 -0.0361121 0.00512669 0.0363749 0.997086 -0.0670494 -0.00269045 0.0671913 0.997737 13.5817 5.90138 8.07658</i>
                        <i>0.999664 -0.0256349 0.00386586 0.0258472 0.997056 -0.0721836 -0.00200407 0.0722593 0.997384 13.593 6.30803 8.04488</i>
                        <i>0.999909 -0.0133149 0.00229938 0.0134499 0.997092 -0.075006 -0.00129399 0.0750301 0.99718 13.606 6.68092 8.01536</i>
                        <i>0.999994 -0.00336527 0.000864872 0.00342079 0.997162 -0.075214 -0.000609301 0.0752165 0.997167 13.6182 6.93215 7.99521</i>
                        <i>1 -1.57407e-009 -2.57612e-010 -8.14016e-011 0.997368 -0.0725043 -1.5242e-010 0.0725043 0.997368 13.6271 6.97356 7.99145</i>
                        <i>0.999996 -0.00271425 -0.000332413 0.00268566 0.99772 -0.0674415 0.000514709 0.0674403 0.997723 13.6329 6.82691 8.00224</i>
                        <i>0.999969 -0.00782567 -0.000488444 0.00778132 0.998109 -0.0609791 0.000964722 0.0609734 0.998139 13.6373 6.58685 8.01994</i>
                        <i>0.999891 -0.0147807 -0.000508796 0.0147325 0.998465 -0.0533952 0.00129724 0.0533819 0.998573 13.6401 6.27457 8.04271</i>
                        <i>0.999735 -0.0230255 -0.000434173 0.0229827 0.998724 -0.0449689 0.00146905 0.044947 0.998988 13.6411 5.91128 8.06877</i>
                        <i>0.999488 -0.0320061 -0.000305277 0.0319744 0.998841 -0.0359795 0.00145649 0.0359513 0.999353 13.6404 5.5182 8.09638</i>
                        <i>0.999152 -0.0411682 -0.000162814 0.0411492 0.998796 -0.0267072 0.0012621 0.0266778 0.999643 13.6382 5.11655 8.12389</i>
                        <i>0.998751 -0.0499586 -4.74874e-005 0.0499502 0.9986 -0.0174325 0.000918325 0.0174084 0.999848 13.6349 4.72755 8.14972</i>
                        <i>0.998327 -0.0578246 -2.60567e-011 0.0578226 0.998291 -0.0084365 0.000487837 0.00842238 0.999964 13.6311 4.37237 8.17236</i>
                        <i>0.99876 -0.0497938 -6.98752e-011 0.0497938 0.99876 7.11038e-010 -1.52635e-011 1.67177e-009 1 13.6271 4.38812 8.17265</i>
                        <i>0.999128 -0.0417597 -4.16403e-011 0.0417568 0.999059 0.0117148 -0.000489208 -0.0117046 0.999931 13.6232 4.38599 8.17209</i>
                        <i>0.999431 -0.0337229 -1.18409e-010 0.0337137 0.999157 0.0234281 -0.000790064 -0.0234148 0.999726 13.6207 4.36604 8.17041</i>
                        <i>0.99967 -0.025684 -4.14287e-011 0.0256795 0.999494 0.0187431 -0.000481397 -0.0187369 0.999824 13.6232 4.4353 8.17121</i>
                        <i>0.999844 -0.0176434 5.68486e-012 0.0176416 0.999746 0.0140577 -0.000248025 -0.0140555 0.999901 13.6251 4.453 8.17184</i>
                        <i>0.999954 -0.00960162 1.16089e-012 0.0096012 0.99991 0.00937196 -8.9986e-005 -0.00937153 0.999956 13.6264 4.43887 8.17229</i>
                        <i>0.999999 -0.00155924 -2.66941e-012 0.00155922 0.999988 0.00468603 -7.30663e-006 -0.00468602 0.999989 13.6271 4.40654 8.17256</i>
                        <i>0.999979 0.00648323 2.78462e-014 -0.00648323 0.999979 1.53173e-011 -1.28638e-012 -1.20222e-011 1 13.6271 4.36967 8.17265</i>
                        <i>0.999895 0.0145253 0 -0.014525 0.999877 0.00584206 8.48577e-005 -0.00584145 0.999983 13.6278 4.25604 8.17251</i>
                        <i>0.999894 0.0145253 -1.36959e-014 -0.0145251 0.999882 0.0049901 7.24827e-005 -0.00498958 0.999988 13.6277 4.31213 8.17254</i>
                        <i>0.999894 0.0145253 -4.86459e-013 -0.0145252 0.99989 0.00308332 4.47861e-005 -0.00308299 0.999995 13.6275 4.38199 8.17261</i>
                        <i>0.999894 0.0145253 6.07214e-013 -0.0145253 0.999894 0.00109539 1.59109e-005 -0.00109528 0.999999 13.6273 4.44217 8.17264</i>
                        <i>0.999894 0.0145253 1.56079e-013 -0.0145253 0.999894 -3.39968e-012 -6.62626e-015 9.55421e-012 1 13.6271 4.46921 8.17265</i>
                        <i>0.999894 0.0145253 -2.62077e-013 -0.0145253 0.999894 -0.000279851 -4.06491e-006 0.000279821 1 13.6271 4.46986 8.17265</i>
                        <i>0.999894 0.0145253 0 -0.0145253 0.999894 -0.000476906 -6.9272e-006 0.000476856 1 13.6271 4.46682 8.17264</i>
                        <i>0.999895 0.0145253 -4.91686e-015 -0.0145253 0.999894 -0.0006011 -8.73115e-006 0.000601037 1 13.6271 4.46054 8.17264</i>
                        <i>0.999894 0.0145253 -1.26556e-012 -0.0145253 0.999894 -0.000662369 -9.62111e-006 0.0006623 1 13.6271 4.45144 8.17264</i>
                        <i>0.999894 0.0145253 7.27521e-012 -0.0145253 0.999894 -0.000670648 -9.74138e-006 0.000670578 1 13.6271 4.43999 8.17264</i>
                        <i>0.999894 0.0145253 3.9263e-012 -0.0145253 0.999894 -0.000635874 -9.23626e-006 0.000635807 1 13.6271 4.42662 8.17264</i>
                        <i>0.999894 0.0145253 1.56285e-012 -0.0145253 0.999894 -0.000567982 -8.2501e-006 0.000567921 1 13.6271 4.41177 8.17264</i>
                        <i>0.999894 0.0145253 5.77932e-012 -0.0145253 0.999894 -0.000476906 -6.9272e-006 0.000476855 1 13.6271 4.39588 8.17265</i>
                        <i>0.999894 0.0145253 -9.09991e-013 -0.0145253 0.999894 -0.000372583 -5.41188e-006 0.000372544 1 13.6271 4.37941 8.17265</i>
                        <i>0.999894 0.0145253 0 -0.0145253 0.999894 -0.000264948 -3.84844e-006 0.00026492 1 13.6271 4.36279 8.17265</i>
                        <i>0.999894 0.0145253 5.63728e-013 -0.0145253 0.999894 -0.000163936 -2.38122e-006 0.000163919 1 13.6271 4.34646 8.17265</i>
                        <i>0.999894 0.0145253 -1.3898e-013 -0.0145253 0.999894 -7.94844e-005 -1.15453e-006 7.9476e-005 1 13.6271 4.33087 8.17265</i>
                        <i>0.999895 0.0145253 3.37119e-013 -0.0145253 0.999894 -2.15269e-005 -3.12685e-007 2.15247e-005 1 13.6271 4.31647 8.17265</i>
                        <i>0.999894 0.0145253 0 -0.0145253 0.999894 0 0 0 1 13.6271 4.30368 8.17265</i>
                    </KeyFrames>
                </p>
            </i>
            <i>
                <p>
                    <Name><![CDATA[l_wheel_04]]></Name>
                    <Exclude>0</Exclude>
                    <Additive>0</Additive>
                    <IKPriority>0</IKPriority>
                    <IKRotLimits>-1e+010 -1e+010 -1e+010 1e+010 1e+010 1e+010</IKRotLimits>
                    <IKRotLimitOrder>0</IKRotLimitOrder>
                    <KeyFrames count="49">
                        <i>1 0 0 0 1 0 0 0 1 13.6271 4.30368 0.0170908</i>
                        <i>1 0.000950408 -0.000132287 -0.000950221 0.999999 0.00140489 0.000133622 -0.00140477 0.999999 13.6278 4.28599 0.0183716</i>
                        <i>0.999997 0.00253442 -0.000352765 -0.00253308 0.99999 0.00374637 0.000362256 -0.00374547 0.999993 13.6288 4.2565 0.0205062</i>
                        <i>0.999996 0.00285122 -0.000396861 -0.00284952 0.999987 0.00421467 0.000408873 -0.00421352 0.999991 13.629 4.2506 0.0209331</i>
                        <i>1 -1.09136e-011 4.29965e-012 -1.09136e-011 1 -6.19066e-010 4.29965e-012 -6.19066e-010 1 13.6271 4.30368 0.0170908</i>
                        <i>0.999957 -0.00918714 0.00127877 0.00920191 0.999885 -0.0120685 -0.00116775 0.0120797 0.999926 13.6213 4.43143 0.00803763</i>
                        <i>0.999735 -0.0228077 0.00317488 0.022892 0.999297 -0.0296814 -0.00249569 0.0297462 0.999554 13.6126 4.61287 -0.00477399</i>
                        <i>0.99937 -0.0351574 0.0048946 0.0353503 0.998249 -0.0474272 -0.00321861 0.0475703 0.998863 13.6047 4.82846 -0.0203149</i>
                        <i>0.999162 -0.040539 0.00564421 0.0408047 0.99737 -0.0599053 -0.00320087 0.0600854 0.998188 13.6012 5.05864 -0.0375559</i>
                        <i>0.999335 -0.0361121 0.00512669 0.0363749 0.997086 -0.0670494 -0.00269045 0.0671913 0.997737 13.6036 5.3534 -0.060516</i>
                        <i>0.999664 -0.0256349 0.00386586 0.0258472 0.997056 -0.0721836 -0.00200407 0.0722593 0.997384 13.6094 5.71871 -0.0893421</i>
                        <i>0.999909 -0.0133149 0.00229938 0.0134499 0.997092 -0.075006 -0.00129399 0.0750301 0.99718 13.6166 6.06901 -0.117197</i>
                        <i>0.999994 -0.00336527 0.000864872 0.00342079 0.997162 -0.075214 -0.000609301 0.0752165 0.997167 13.6232 6.31872 -0.137242</i>
                        <i>1 -1.57407e-009 -2.57612e-010 -8.14016e-011 0.997368 -0.0725043 -1.5242e-010 0.0725043 0.997368 13.6271 6.38225 -0.142641</i>
                        <i>0.999996 -0.00271425 -0.000332413 0.00268566 0.99772 -0.0674415 0.000514709 0.0674403 0.997723 13.6287 6.27689 -0.134743</i>
                        <i>0.999969 -0.00782567 -0.000488444 0.00778132 0.998109 -0.0609791 0.000964722 0.0609734 0.998139 13.6294 6.08958 -0.120441</i>
                        <i>0.999891 -0.0147807 -0.000508796 0.0147325 0.998465 -0.0533952 0.00129724 0.0533819 0.998573 13.6295 5.83921 -0.101214</i>
                        <i>0.999735 -0.0230255 -0.000434173 0.0229827 0.998724 -0.0449689 0.00146905 0.044947 0.998988 13.6291 5.54472 -0.078538</i>
                        <i>0.999488 -0.0320061 -0.000305277 0.0319744 0.998841 -0.0359795 0.00145649 0.0359513 0.999353 13.6285 5.225 -0.0538919</i>
                        <i>0.999152 -0.0411682 -0.000162814 0.0411492 0.998796 -0.0267072 0.0012621 0.0266778 0.999643 13.6279 4.89898 -0.0287532</i>
                        <i>0.998751 -0.0499586 -4.74874e-005 0.0499502 0.9986 -0.0174325 0.000918325 0.0174084 0.999848 13.6274 4.58557 -0.00459972</i>
                        <i>0.998327 -0.0578246 -2.60567e-011 0.0578226 0.998291 -0.0084365 0.000487837 0.00842238 0.999964 13.6271 4.30368 0.0170908</i>
                        <i>0.99876 -0.0497938 -6.98752e-011 0.0497938 0.99876 7.11038e-010 -1.52635e-011 1.67177e-009 1 13.6271 4.38812 0.0170908</i>
                        <i>0.999128 -0.0417597 -4.16403e-011 0.0417568 0.999059 0.0117148 -0.000489208 -0.0117046 0.999931 13.6271 4.48145 0.0170908</i>
                        <i>0.999431 -0.0337229 -1.18409e-010 0.0337137 0.999157 0.0234281 -0.000790064 -0.0234148 0.999726 13.6271 4.557 0.0170908</i>
                        <i>0.99967 -0.025684 -4.14287e-011 0.0256795 0.999494 0.0187431 -0.000481397 -0.0187369 0.999824 13.6271 4.58811 0.0170908</i>
                        <i>0.999844 -0.0176434 5.68486e-012 0.0176416 0.999746 0.0140577 -0.000248025 -0.0140555 0.999901 13.6271 4.56763 0.0170908</i>
                        <i>0.999954 -0.00960162 1.16089e-012 0.0096012 0.99991 0.00937196 -8.9986e-005 -0.00937153 0.999956 13.6271 4.5153 0.0170908</i>
                        <i>0.999999 -0.00155924 -2.66941e-012 0.00155922 0.999988 0.00468603 -7.30663e-006 -0.00468602 0.999989 13.6271 4.44476 0.0170908</i>
                        <i>0.999979 0.00648323 2.78462e-014 -0.00648323 0.999979 1.53173e-011 -1.28638e-012 -1.20222e-011 1 13.6271 4.36967 0.0170908</i>
                        <i>0.999895 0.0145253 0 -0.014525 0.999877 0.00584206 8.48577e-005 -0.00584145 0.999983 13.6271 4.30368 0.0170908</i>
                        <i>0.999894 0.0145253 -1.36959e-014 -0.0145251 0.999882 0.0049901 7.24827e-005 -0.00498958 0.999988 13.6271 4.35282 0.0170908</i>
                        <i>0.999894 0.0145253 -4.86459e-013 -0.0145252 0.99989 0.00308332 4.47861e-005 -0.00308299 0.999995 13.6271 4.40714 0.0170908</i>
                        <i>0.999894 0.0145253 6.07214e-013 -0.0145253 0.999894 0.00109539 1.59109e-005 -0.00109528 0.999999 13.6271 4.4511 0.0170908</i>
                        <i>0.999894 0.0145253 1.56079e-013 -0.0145253 0.999894 -3.39968e-012 -6.62626e-015 9.55421e-012 1 13.6271 4.46921 0.0170908</i>
                        <i>0.999894 0.0145253 -2.62077e-013 -0.0145253 0.999894 -0.000279851 -4.06491e-006 0.000279821 1 13.6271 4.46758 0.0170908</i>
                        <i>0.999894 0.0145253 0 -0.0145253 0.999894 -0.000476906 -6.9272e-006 0.000476856 1 13.6271 4.46293 0.0170908</i>
                        <i>0.999895 0.0145253 -4.91686e-015 -0.0145253 0.999894 -0.0006011 -8.73115e-006 0.000601037 1 13.6271 4.45563 0.0170908</i>
                        <i>0.999894 0.0145253 -1.26556e-012 -0.0145253 0.999894 -0.000662369 -9.62111e-006 0.0006623 1 13.6271 4.44604 0.0170908</i>
                        <i>0.999894 0.0145253 7.27521e-012 -0.0145253 0.999894 -0.000670648 -9.74138e-006 0.000670578 1 13.6271 4.43452 0.0170908</i>
                        <i>0.999894 0.0145253 3.9263e-012 -0.0145253 0.999894 -0.000635874 -9.23626e-006 0.000635807 1 13.6271 4.42143 0.0170908</i>
