<?xml version="1.0" encoding="ISO-8859-1" ?>
<Animl Version="1">
    <ModellingPackage><![CDATA[Maya.2010]]></ModellingPackage>
    <SrcFile><![CDATA[anims\bosses\red\antonov\~src\antonov_left_tread.mb]]></SrcFile>
    <FramesPerSecond>30</FramesPerSecond>
    <TotalFrames>62</TotalFrames>
    <Skeleton>
        <RefFrame>
            <Name><![CDATA[antonov_ref_frame]]></Name>
            <Exclude>1</Exclude>
            <Additive>0</Additive>
            <IKPriority>0</IKPriority>
            <IKRotLimits>-1e+010 -1e+010 -1e+010 1e+010 1e+010 1e+010</IKRotLimits>
            <IKRotLimitOrder>0</IKRotLimitOrder>
            <KeyFrames count="62">
                <i>1 0 0 0 1 0 0 0 1 0 0 0</i>
                <i>1 0 0 0 1 0 0 0 1 0 0 0</i>
                <i>1 0 0 0 1 0 0 0 1 0 0 0</i>
                <i>1 0 0 0 1 0 0 0 1 0 0 0</i>
                <i>1 0 0 0 1 0 0 0 1 0 0 0</i>
                <i>1 0 0 0 1 0 0 0 1 0 0 0</i>
                <i>1 0 0 0 1 0 0 0 1 0 0 0</i>
                <i>1 0 0 0 1 0 0 0 1 0 0 0</i>
                <i>1 0 0 0 1 0 0 0 1 0 0 0</i>
                <i>1 0 0 0 1 0 0 0 1 0 0 0</i>
                <i>1 0 0 0 1 0 0 0 1 0 0 0</i>
                <i>1 0 0 0 1 0 0 0 1 0 0 0</i>
                <i>1 0 0 0 1 0 0 0 1 0 0 0</i>
                <i>1 0 0 0 1 0 0 0 1 0 0 0</i>
                <i>1 0 0 0 1 0 0 0 1 0 0 0</i>
                <i>1 0 0 0 1 0 0 0 1 0 0 0</i>
                <i>1 0 0 0 1 0 0 0 1 0 0 0</i>
                <i>1 0 0 0 1 0 0 0 1 0 0 0</i>
                <i>1 0 0 0 1 0 0 0 1 0 0 0</i>
                <i>1 0 0 0 1 0 0 0 1 0 0 0</i>
                <i>1 0 0 0 1 0 0 0 1 0 0 0</i>
                <i>1 0 0 0 1 0 0 0 1 0 0 0</i>
                <i>1 0 0 0 1 0 0 0 1 0 0 0</i>
                <i>1 0 0 0 1 0 0 0 1 0 0 0</i>
                <i>1 0 0 0 1 0 0 0 1 0 0 0</i>
                <i>1 0 0 0 1 0 0 0 1 0 0 0</i>
                <i>1 0 0 0 1 0 0 0 1 0 0 0</i>
                <i>1 0 0 0 1 0 0 0 1 0 0 0</i>
                <i>1 0 0 0 1 0 0 0 1 0 0 0</i>
                <i>1 0 0 0 1 0 0 0 1 0 0 0</i>
                <i>1 0 0 0 1 0 0 0 1 0 0 0</i>
                <i>1 0 0 0 1 0 0 0 1 0 0 0</i>
                <i>1 0 0 0 1 0 0 0 1 0 0 0</i>
                <i>1 0 0 0 1 0 0 0 1 0 0 0</i>
                <i>1 0 0 0 1 0 0 0 1 0 0 0</i>
                <i>1 0 0 0 1 0 0 0 1 0 0 0</i>
                <i>1 0 0 0 1 0 0 0 1 0 0 0</i>
                <i>1 0 0 0 1 0 0 0 1 0 0 0</i>
                <i>1 0 0 0 1 0 0 0 1 0 0 0</i>
                <i>1 0 0 0 1 0 0 0 1 0 0 0</i>
                <i>1 0 0 0 1 0 0 0 1 0 0 0</i>
                <i>1 0 0 0 1 0 0 0 1 0 0 0</i>
                <i>1 0 0 0 1 0 0 0 1 0 0 0</i>
                <i>1 0 0 0 1 0 0 0 1 0 0 0</i>
                <i>1 0 0 0 1 0 0 0 1 0 0 0</i>
                <i>1 0 0 0 1 0 0 0 1 0 0 0</i>
                <i>1 0 0 0 1 0 0 0 1 0 0 0</i>
                <i>1 0 0 0 1 0 0 0 1 0 0 0</i>
                <i>1 0 0 0 1 0 0 0 1 0 0 0</i>
                <i>1 0 0 0 1 0 0 0 1 0 0 0</i>
                <i>1 0 0 0 1 0 0 0 1 0 0 0</i>
                <i>1 0 0 0 1 0 0 0 1 0 0 0</i>
                <i>1 0 0 0 1 0 0 0 1 0 0 0</i>
                <i>1 0 0 0 1 0 0 0 1 0 0 0</i>
                <i>1 0 0 0 1 0 0 0 1 0 0 0</i>
                <i>1 0 0 0 1 0 0 0 1 0 0 0</i>
                <i>1 0 0 0 1 0 0 0 1 0 0 0</i>
                <i>1 0 0 0 1 0 0 0 1 0 0 0</i>
                <i>1 0 0 0 1 0 0 0 1 0 0 0</i>
                <i>1 0 0 0 1 0 0 0 1 0 0 0</i>
                <i>1 0 0 0 1 0 0 0 1 0 0 0</i>
                <i>1 0 0 0 1 0 0 0 1 0 0 0</i>
            </KeyFrames>
        </RefFrame>
        <Bones count="31">
            <i>
                <p>
                    <Name><![CDATA[antonov_root]]></Name>
                    <Exclude>1</Exclude>
                    <Additive>0</Additive>
                    <IKPriority>0</IKPriority>
                    <IKRotLimits>-1e+010 -1e+010 -1e+010 1e+010 1e+010 1e+010</IKRotLimits>
                    <IKRotLimitOrder>0</IKRotLimitOrder>
                    <KeyFrames count="62">
                        <i>1 0.000322902 -2.64698e-023 -0.000322902 0.999999 0.00105342 3.40151e-007 -0.00105342 0.999999 0.00297779 -0.00674245 -0.00971459</i>
                        <i>1 0.000290748 0 -0.000290748 0.999999 0.00130327 3.78923e-007 -0.00130327 0.999999 0.00268127 -0.0163091 -0.0120187</i>
                        <i>1 0.000323626 0 -0.000323625 0.999999 0.00138963 4.49719e-007 -0.00138963 0.999999 0.00298446 -0.00796624 -0.0128151</i>
                        <i>1 0.000214872 0 -0.000214872 1 0.000822284 1.76686e-007 -0.000822284 1 0.00198154 -0.000785921 -0.00758308</i>
                        <i>1 0.000353769 -6.61744e-024 -0.000353769 1 -0.000293332 -1.03772e-007 0.000293332 1 0.00326245 -0.00424145 0.0027051</i>
                        <i>1 0.000164481 0 -0.000164481 0.999999 -0.00117302 -1.92939e-007 0.00117302 0.999999 0.00151683 -0.00533001 0.0108176</i>
                        <i>1 0.000112604 0 -0.000112604 0.999999 -0.00143449 -1.61529e-007 0.00143449 0.999999 0.00103843 -0.00858643 0.0132288</i>
                        <i>1 0.000229711 2.64698e-023 -0.000229711 0.999999 -0.00132808 -3.05075e-007 0.00132808 0.999999 0.00211839 -0.00942556 0.0122475</i>
                        <i>1 0.000315726 0 -0.000315726 0.999999 -0.00107156 -3.38319e-007 0.00107156 0.999999 0.00291162 -0.00609151 0.00988188</i>
                        <i>1 0.000272663 0 -0.000272663 1 -6.71075e-005 -1.82978e-008 6.71075e-005 1 0.00251449 -0.00454807 0.000618864</i>
                        <i>1 -0.000138303 -6.61744e-024 0.000138303 1 -0.000459137 6.35001e-008 0.000459137 1 -0.00127543 0.00178977 0.00423415</i>
                        <i>1 0.000461113 -2.64698e-023 -0.000461113 1 -0.000563021 -2.59616e-007 0.000563021 1 0.00425237 -0.00158273 0.00519216</i>
                        <i>1 0.000298411 0 -0.000298411 1 0.000472888 1.41115e-007 -0.000472888 1 0.00275193 -0.00148136 -0.00436096</i>
                        <i>1 -8.31406e-005 -1.32349e-023 8.31404e-005 0.999998 0.00180021 -1.49671e-007 -0.00180021 0.999998 -0.000766719 -0.00406612 -0.0166015</i>
                        <i>1 -0.00039961 5.29396e-023 0.000399609 0.999998 0.00204379 -8.16719e-007 -0.00204379 0.999998 -0.00368518 0.000567976 -0.0188478</i>
                        <i>1 -0.00013629 0 0.00013629 0.999997 0.0023664 -3.22517e-007 -0.0023664 0.999997 -0.00125686 -0.000611375 -0.0218229</i>
                        <i>1 -0.000872078 2.11758e-022 0.000872075 0.999996 0.00259849 -2.26609e-006 -0.00259849 0.999997 -0.00804225 0.00550142 -0.0239632</i>
                        <i>1 -0.000473321 1.05879e-022 0.00047332 0.999997 0.00226764 -1.07332e-006 -0.00226764 0.999997 -0.00436495 0.0026117 -0.0209122</i>
                        <i>1 -0.000461838 -5.29396e-023 0.000461838 0.999998 0.00174233 -8.04676e-007 -0.00174233 0.999999 -0.00425906 0.00579357 -0.0160677</i>
                        <i>1 -0.000255287 2.64698e-023 0.000255287 0.999999 0.00154042 -3.9325e-007 -0.00154042 0.999999 -0.00235425 0.0016687 -0.0142057</i>
                        <i>1 -1.26529e-005 -8.27181e-025 1.26529e-005 1 0.00080452 -1.01795e-008 -0.00080452 1 -0.000116684 0.00818581 -0.00741926</i>
                        <i>1 0.000191485 -3.30872e-024 -0.000191485 1 0.000294437 5.63803e-008 -0.000294437 1 0.00176587 0.00709563 -0.00271529</i>
                        <i>1 0.000272733 0 -0.000272733 1 -0.000408521 -1.11417e-007 0.000408521 1 0.00251514 0.00282689 0.00376737</i>
                        <i>1 0.000185027 0 -0.000185027 0.999999 -0.00169113 -3.12905e-007 0.00169113 0.999999 0.00170631 -0.00306254 0.0155956</i>
                        <i>1 0.000294322 5.29396e-023 -0.00029432 0.999995 -0.00317548 -9.34614e-007 0.00317548 0.999995 0.00271421 -0.00445131 0.0292842</i>
                        <i>1 0.000399375 0 -0.000399372 0.999992 -0.0039729 -1.58668e-006 0.0039729 0.999992 0.003683 -0.00551369 0.036638</i>
                        <i>1 -0.000146013 5.29396e-023 0.000146011 0.999989 -0.00464497 6.78226e-007 0.00464497 0.999989 -0.00134651 -0.00378808 0.0428358</i>
                        <i>1 -0.000280981 -1.05879e-022 0.000280978 0.999987 -0.00500598 1.40659e-006 0.00500598 0.999987 -0.00259117 -0.00588901 0.046165</i>
                        <i>1 -0.000604056 -2.11758e-022 0.00060405 0.99999 -0.00442083 2.67043e-006 0.00442083 0.99999 -0.00557054 -0.00721227 0.0407688</i>
                        <i>1 -0.000263412 -5.29396e-023 0.000263411 0.999996 -0.00290218 7.6447e-007 0.00290218 0.999996 -0.00242917 -0.00635578 0.0267639</i>
                        <i>1 0.000374136 -2.64698e-023 -0.000374136 0.999999 -0.00107283 -4.01383e-007 0.00107283 0.999999 0.00345027 0.000471226 0.00989358</i>
                        <i>1 0.000514391 2.64698e-023 -0.000514391 1 0.000598682 3.07957e-007 -0.000598682 1 0.0047437 -0.00423661 -0.00552103</i>
                        <i>1 0.00059743 0 -0.000597428 0.999998 0.00202719 1.2111e-006 -0.00202719 0.999998 0.00550947 -0.0131635 -0.0186947</i>
                        <i>1 0.000730061 0 -0.000730058 0.999996 0.00261299 1.90764e-006 -0.00261299 0.999997 0.00673258 -0.00999997 -0.024097</i>
                        <i>1 0.000675009 -1.05879e-022 -0.000675008 0.999998 0.00178746 1.20655e-006 -0.00178746 0.999998 0.00622491 -0.00212518 -0.0164839</i>
                        <i>1 0.00024246 0 -0.00024246 1 0.000290868 7.05238e-008 -0.000290868 1 0.00223596 -0.00484202 -0.00268238</i>
                        <i>1 0.000106861 0 -0.000106861 1 0.000167692 1.79197e-008 -0.000167692 1 0.000985467 -0.00512945 -0.00154645</i>
                        <i>1 -0.000330922 0 0.000330921 0.999999 0.00148394 -4.91068e-007 -0.00148394 0.999999 -0.00305175 -0.00332911 -0.0136849</i>
                        <i>1 3.30294e-006 -4.1359e-025 -3.30294e-006 0.999999 0.00148863 4.91687e-009 -0.00148863 0.999999 3.04596e-005 -0.00541948 -0.0137281</i>
                        <i>1 0.000450714 -1.32349e-023 -0.000450714 1 0.000506402 2.28242e-007 -0.000506402 1 0.00415647 -0.00479786 -0.00467003</i>
                        <i>1 0.00059331 0 -0.00059331 1 -0.000207971 -1.23391e-007 0.000207971 1 0.00547149 -0.00428851 0.0019179</i>
                        <i>1 0.000213789 0 -0.000213789 1 -5.87872e-006 -1.25681e-009 5.87872e-006 1 0.00197156 0.00223256 5.42134e-005</i>
                        <i>1 0.000188766 0 -0.000188766 1 0.000594799 1.12278e-007 -0.000594799 1 0.00174079 0.00271232 -0.00548522</i>
                        <i>1 0.000336454 -5.29396e-023 -0.000336454 0.999999 0.00163929 5.51547e-007 -0.00163929 0.999999 0.00310277 -0.00352678 -0.0151175</i>
                        <i>1 -2.92954e-005 -6.61744e-024 2.92952e-005 0.999992 0.00387604 -1.1355e-007 -0.00387604 0.999992 -0.00027016 -0.00906943 -0.0357447</i>
                        <i>1 -0.00030592 -1.05879e-022 0.000305915 0.999985 0.00540657 -1.65397e-006 -0.00540657 0.999985 -0.00282114 -0.00573369 -0.0498592</i>
                        <i>1 6.09768e-005 0 -6.09762e-005 0.999991 0.00416664 2.54068e-007 -0.00416664 0.999991 0.000562321 -0.00248128 -0.0384246</i>
                        <i>1 -4.19939e-005 0 4.19939e-005 1 0.000835215 -3.5074e-008 -0.000835215 1 -0.000387267 0.0043753 -0.00770233</i>
                        <i>1 5.28152e-005 1.03398e-025 -5.28152e-005 1 -2.13401e-005 -1.12708e-009 2.13401e-005 1 0.000487061 0.00586313 0.000196798</i>
                        <i>1 -0.000218088 3.30872e-024 0.000218088 1 -0.00019275 4.20365e-008 0.00019275 1 -0.0020112 0.00908964 0.00177754</i>
                        <i>1 -0.000509841 0 0.00050984 1 -0.000645096 3.28896e-007 0.000645095 1 -0.00470174 0.0071039 0.00594905</i>
                        <i>1 -0.000596198 0 0.000596197 0.999998 -0.00165478 9.86579e-007 0.00165478 0.999999 -0.00549812 0.0108073 0.0152604</i>
                        <i>1 -0.000415683 0 0.000415681 0.999995 -0.00313954 1.30505e-006 0.00313954 0.999995 -0.0038334 0.0109705 0.0289527</i>
                        <i>1 -9.65161e-005 -2.64698e-023 9.65151e-005 0.99999 -0.00446809 4.31242e-007 0.00446809 0.99999 -0.00089006 0.00779184 0.0412046</i>
                        <i>1 -0.000249235 0 0.000249233 0.99999 -0.00441988 1.10159e-006 0.00441988 0.99999 -0.00229842 0.00133099 0.04076</i>
                        <i>1 -0.000349591 0 0.000349588 0.999993 -0.00368192 1.28716e-006 0.00368192 0.999993 -0.00322389 -0.00367986 0.0339545</i>
                        <i>1 -4.50259e-005 0 4.50257e-005 0.999996 -0.00292141 1.31539e-007 0.00292141 0.999996 -0.000415226 -0.0070171 0.0269411</i>
                        <i>1 0.00025687 -5.29396e-023 -0.00025687 0.999997 -0.00237517 -6.1011e-007 0.00237517 0.999997 0.00236885 -0.00350596 0.0219037</i>
                        <i>1 0.000740497 1.05879e-022 -0.000740495 0.999997 -0.00225824 -1.67222e-006 0.00225824 0.999997 0.00682883 -0.00290679 0.0208254</i>
                        <i>1 0.000448448 1.05879e-022 -0.000448446 0.999994 -0.00329076 -1.47574e-006 0.00329076 0.999995 0.00413556 -0.00060348 0.0303473</i>
                        <i>1 0.00029073 0 -0.000290728 0.999996 -0.00293849 -8.54306e-007 0.00293849 0.999996 0.00268109 0.000341232 0.0270987</i>
                        <i>1 0.000388709 0 -0.000388709 0.999999 -0.00112171 -4.36017e-007 0.00112171 0.999999 0.00358466 0.00680501 0.0103443</i>
                    </KeyFrames>
                </p>
            </i>
            <i>
                <p>
                    <Name><![CDATA[l_wheel_01]]></Name>
                    <Exclude>0</Exclude>
                    <Additive>0</Additive>
                    <IKPriority>0</IKPriority>
                    <IKRotLimits>-1e+010 -1e+010 -1e+010 1e+010 1e+010 1e+010</IKRotLimits>
                    <IKRotLimitOrder>0</IKRotLimitOrder>
                    <KeyFrames count="62">
                        <i>1 -1.04797e-011 1.44708e-014 -3.71843e-012 0.999992 -0.00396587 -4.71783e-014 0.00396587 0.999992 13.6271 7.08026 25.5292</i>
                        <i>1 1.07159e-011 2.27457e-014 3.14315e-012 0.979838 0.199794 3.73973e-013 -0.199794 0.979838 13.6271 6.91869 25.5361</i>
                        <i>1 3.83499e-012 1.60523e-015 -7.62941e-012 0.919381 0.393368 -6.79997e-012 -0.393368 0.919381 13.6271 7.11096 25.5371</i>
                        <i>1 4.31793e-012 -1.06776e-014 -6.95526e-012 0.821322 0.570465 5.20754e-012 -0.570465 0.821322 13.6271 7.03756 25.5374</i>
                        <i>1 -9.35323e-012 7.26233e-015 -1.11333e-011 0.689751 0.724047 1.1474e-011 -0.724047 0.689751 13.6271 7.10795 25.5371</i>
                        <i>1 7.7393e-012 2.27479e-014 5.79648e-013 0.530463 0.847708 1.31984e-011 -0.847708 0.530463 13.6271 7.10527 25.5351</i>
                        <i>1 -1.19711e-012 -1.19183e-014 1.69057e-012 0.348842 0.937182 -1.0664e-012 -0.937182 0.348842 13.6271 7.11592 25.5355</i>
                        <i>1 3.94041e-012 9.19261e-015 2.93394e-012 0.153207 0.988194 -1.08252e-011 -0.988194 0.153207 13.6271 7.11254 25.5351</i>
                        <i>1 -1.85367e-011 -1.2173e-014 3.5115e-013 -0.0495202 0.998773 3.02478e-011 -0.998773 -0.0495202 13.6271 7.05631 25.5371</i>
                        <i>1 0 1.82978e-008 -1.77222e-008 -0.249637 0.968339 4.5596e-009 -0.968339 -0.249637 13.6271 7.06727 25.5373</i>
                        <i>1 -1.88366e-012 -2.97226e-015 7.9436e-013 -0.438792 0.898588 -5.69519e-012 -0.898589 -0.438792 13.6271 7.08436 25.5353</i>
                        <i>1 -3.88889e-012 -1.82482e-014 1.62179e-012 -0.610395 0.792097 -1.12631e-011 -0.792097 -0.610395 13.6271 7.11135 25.5342</i>
                        <i>1 -2.05432e-012 1.92795e-016 -8.45309e-012 -0.758002 0.652252 -2.51629e-012 -0.652252 -0.758002 13.6271 7.07374 25.5369</i>
                        <i>1 -2.6038e-012 -8.86599e-015 -2.539e-012 -0.873775 0.48633 5.11361e-013 -0.48633 -0.873775 13.6271 6.96506 25.537</i>
                        <i>1 -8.4555e-012 1.9972e-014 1.64564e-011 -0.953551 0.301232 4.55478e-012 -0.301232 -0.953551 13.6271 7.03175 25.5348</i>
                        <i>1 3.05113e-012 -1.56874e-014 7.54842e-012 -0.994539 0.104366 3.72575e-013 -0.104366 -0.994539 13.6271 7.14113 25.5311</i>
                        <i>1 -4.30287e-011 6.18825e-014 -1.00847e-012 -0.995172 -0.0981419 -8.58488e-012 0.0981419 -0.995172 13.6271 7.06489 25.5318</i>
                        <i>1 2.75416e-011 -3.84097e-014 2.7322e-012 -0.954986 -0.296651 6.59222e-012 0.296651 -0.954986 13.6271 7.02082 25.5325</i>
                        <i>1 1.53299e-011 -2.34561e-014 -2.45624e-011 -0.876271 -0.481818 6.27998e-012 0.481818 -0.876271 13.6271 7.17708 25.5289</i>
                        <i>1 2.56229e-011 1.72556e-014 -1.45039e-011 -0.76171 -0.647918 3.20537e-012 0.647918 -0.76171 13.6271 7.27936 25.5268</i>
                        <i>1 -7.40883e-012 1.01795e-008 8.01823e-009 -0.615379 -0.788231 6.27096e-009 0.788231 -0.615379 13.6271 7.17277 25.5285</i>
                        <i>1 9.36483e-012 -2.91962e-015 1.50878e-012 -0.44294 -0.896551 1.04429e-011 0.896551 -0.44294 13.6271 7.0236 25.5325</i>
                        <i>1 -1.56164e-013 -2.82711e-015 7.24683e-012 -0.253061 -0.96745 -2.24977e-012 0.96745 -0.253061 13.6271 7.14674 25.5331</i>
                        <i>1 -2.54528e-012 8.32043e-015 3.19042e-013 -0.0526296 -0.998614 3.33578e-013 0.998614 -0.0526296 13.6271 7.14569 25.5345</i>
                        <i>1 -9.95723e-012 -2.23997e-014 1.24707e-012 0.150452 -0.988617 3.17816e-012 0.988617 0.150452 13.6271 7.09812 25.5374</i>
                        <i>1 3.45859e-011 2.50511e-014 1.16414e-011 0.347205 -0.937789 9.40489e-012 0.937789 0.347205 13.6271 7.00811 25.5398</i>
                        <i>1 3.49574e-012 7.59602e-015 -4.0219e-012 0.530029 -0.84798 -5.91372e-012 0.84798 0.530029 13.6271 7.05426 25.5436</i>
                        <i>1 2.77862e-012 -8.46144e-014 1.12805e-011 0.690252 -0.723569 -1.68887e-012 0.723569 0.690252 13.6271 6.99194 25.545</i>
                        <i>1 2.18396e-011 4.75347e-014 2.4269e-011 0.8214 -0.570353 5.06453e-012 0.570353 0.8214 13.6271 6.91064 25.5431</i>
                        <i>1 1.36521e-011 -4.38598e-014 9.77475e-012 0.919606 -0.392841 2.36616e-012 0.392841 0.919606 13.6271 6.9344 25.5445</i>
                        <i>1 2.52184e-011 7.16394e-015 1.53445e-011 0.979898 -0.199501 5.44105e-012 0.199501 0.979898 13.6271 6.93915 25.5451</i>
                        <i>1 2.40276e-011 1.99806e-014 6.90752e-011 0.999997 0.00263074 -1.05045e-013 -0.00263074 0.999997 13.6271 6.91397 25.5471</i>
                        <i>1 -2.20536e-011 5.28939e-014 -2.04423e-011 0.978763 0.204996 -2.16258e-012 -0.204996 0.978763 13.6271 6.80755 25.5498</i>
                        <i>1 4.21282e-011 -1.87956e-014 -1.68799e-012 0.917839 0.396952 -8.17203e-012 -0.396952 0.917839 13.6271 6.96486 25.5477</i>
                        <i>1 -2.26197e-011 -1.54712e-014 -2.99309e-011 0.820139 0.572164 1.32922e-011 -0.572164 0.820139 13.6271 7.07425 25.5432</i>
                        <i>1 8.49051e-012 -1.09743e-015 1.22156e-011 0.688237 0.725486 -1.14417e-011 -0.725486 0.688237 13.6271 7.10757 25.543</i>
                        <i>1 0 -1.79197e-008 1.52128e-008 0.528232 0.8491 9.47e-009 -0.8491 0.528232 13.6271 7.03257 25.5425</i>
                        <i>1 -4.67359e-012 -5.02105e-014 -3.98209e-012 0.346755 0.937956 3.29544e-013 -0.937956 0.346755 13.6271 7.07992 25.5418</i>
                        <i>1 7.37852e-012 -4.91687e-009 4.85941e-009 0.150962 0.98854 7.49381e-010 -0.98854 0.150962 13.6271 7.10856 25.5415</i>
                        <i>1 -3.64554e-012 1.23831e-015 2.02691e-013 -0.0515474 0.998671 5.65941e-012 -0.998671 -0.0515474 13.6271 6.98645 25.5426</i>
                        <i>1 3.25459e-011 3.12503e-015 -1.16226e-011 -0.252806 0.967517 -1.60561e-011 -0.967517 -0.252806 13.6271 7.00352 25.5462</i>
                        <i>1 0 1.25681e-009 -1.12773e-009 -0.443155 0.896445 5.58987e-010 -0.896445 -0.443155 13.6271 6.89055 25.5482</i>
                        <i>1 -3.92494e-012 3.0771e-015 -7.68072e-012 -0.614578 0.788856 4.77839e-014 -0.788856 -0.614578 13.6271 6.96619 25.5485</i>
                        <i>1 2.70637e-012 3.09325e-014 -6.44818e-012 -0.759908 0.65003 -8.08853e-012 -0.65003 -0.759908 13.6271 7.03666 25.545</i>
                        <i>1 1.46792e-014 3.475e-015 4.97309e-013 -0.874506 0.485014 -3.30384e-013 -0.485014 -0.874506 13.6271 6.966 25.541</i>
                        <i>1 -6.98962e-012 -8.06016e-014 1.20222e-011 -0.954268 0.298952 2.82874e-012 -0.298952 -0.954268 13.6271 6.95654 25.5413</i>
                        <i>1 3.16792e-012 3.6253e-016 -2.20736e-012 -0.994911 0.100756 1.03935e-013 -0.100756 -0.994911 13.6271 7.08894 25.5413</i>
                        <i>1 -2.75802e-013 8.82227e-016 -1.17133e-012 -0.994849 -0.101365 4.32138e-013 0.101365 -0.994849 13.6271 7.09558 25.5407</i>
                        <i>1 0 1.12708e-009 3.38553e-010 -0.953805 -0.300425 1.07486e-009 0.300425 -0.953805 13.6271 6.89617 25.543</i>
                        <i>1 -4.89648e-012 -9.69871e-016 1.30177e-011 -0.873234 -0.487301 -3.60407e-012 0.487301 -0.873234 13.6271 7.0384 25.5464</i>
                        <i>1 -2.58015e-011 -1.0096e-014 -1.06904e-011 -0.756953 -0.653469 1.76316e-012 0.653469 -0.756953 13.6271 7.06301 25.5478</i>
                        <i>1 3.36018e-013 -3.01735e-014 -2.72696e-012 -0.610319 -0.792156 5.58506e-012 0.792156 -0.610319 13.6271 7.08357 25.5465</i>
                        <i>1 -2.55661e-011 3.54296e-014 -8.7181e-013 -0.438375 -0.898792 2.40921e-013 0.898792 -0.438375 13.6271 6.83991 25.546</i>
                        <i>1 -6.11389e-014 -2.08841e-014 6.50545e-013 -0.249113 -0.968475 -1.11146e-012 0.968475 -0.249113 13.6271 6.96472 25.5444</i>
                        <i>1 2.74715e-012 6.45143e-014 -4.22919e-014 -0.0492059 -0.998789 1.61513e-011 0.998789 -0.0492059 13.6271 7.05724 25.5442</i>
                        <i>1 -2.27124e-011 -5.86137e-014 -8.92044e-013 0.154045 -0.988064 -1.24211e-011 0.988064 0.154045 13.6271 6.90873 25.5473</i>
                        <i>1 -1.76379e-012 4.10431e-015 5.44342e-013 0.349475 -0.936946 1.86595e-012 0.936946 0.349475 13.6271 6.96524 25.5465</i>
                        <i>1 -1.91599e-012 -1.58513e-014 4.13128e-012 0.529548 -0.84828 2.15797e-012 0.84828 0.529548 13.6271 7.0576 25.542</i>
                        <i>1 -5.98635e-011 -4.35135e-014 -2.99372e-011 0.689832 -0.723969 -5.36291e-011 0.723969 0.689832 13.6271 6.99707 25.5434</i>
                        <i>1 -8.29922e-012 -5.63274e-014 -2.53982e-011 0.822679 -0.568506 -2.1589e-011 0.568506 0.822679 13.6271 6.89384 25.5491</i>
                        <i>1 -1.12345e-011 7.78059e-015 -2.68899e-011 0.920763 -0.390124 -2.92308e-012 0.390124 0.920762 13.6271 6.78724 25.5522</i>
                        <i>1 -1.39556e-012 1.44677e-014 -1.75576e-011 0.980093 -0.19854 -4.31185e-012 0.19854 0.980093 13.6271 6.86352 25.5477</i>
                    </KeyFrames>
                </p>
            </i>
            <i>
                <p>
                    <Name><![CDATA[l_wheel_02]]></Name>
                    <Exclude>0</Exclude>
                    <Additive>0</Additive>
                    <IKPriority>0</IKPriority>
                    <IKRotLimits>-1e+010 -1e+010 -1e+010 1e+010 1e+010 1e+010</IKRotLimits>
                    <IKRotLimitOrder>0</IKRotLimitOrder>
                    <KeyFrames count="62">
                        <i>1 -1.04797e-011 1.44708e-014 -3.71843e-012 0.999992 -0.00396587 -4.71783e-014 0.00396587 0.999992 13.6271 4.46144 19.035</i>
                        <i>1 1.07159e-011 2.27457e-014 3.14315e-012 0.979838 0.199794 3.73973e-013 -0.199794 0.979838 13.6271 4.31307 19.0356</i>
                        <i>1 3.83499e-012 1.60523e-015 -7.62941e-012 0.919381 0.393368 -6.79997e-012 -0.393368 0.919381 13.6271 4.31414 19.0356</i>
                        <i>1 4.31793e-012 -1.06776e-014 -6.95526e-012 0.821322 0.570465 5.20754e-012 -0.570465 0.821322 13.6271 4.24585 19.0357</i>
                        <i>1 -9.35323e-012 7.26233e-015 -1.11333e-011 0.689751 0.724047 1.1474e-011 -0.724047 0.689751 13.6271 4.34133 19.0356</i>
                        <i>1 7.7393e-012 2.27479e-014 5.79648e-013 0.530463 0.847708 1.31984e-011 -0.847708 0.530463 13.6271 4.29501 19.0356</i>
                        <i>1 -1.19711e-012 -1.19183e-014 1.69057e-012 0.348842 0.937182 -1.0664e-012 -0.937182 0.348842 13.6271 4.27525 19.0357</i>
                        <i>1 3.94041e-012 9.19261e-015 2.93394e-012 0.153207 0.988194 -1.08252e-011 -0.988194 0.153207 13.6271 4.28532 19.0358</i>
                        <i>1 -1.85367e-011 -1.2173e-014 3.5115e-013 -0.0495202 0.998773 3.02478e-011 -0.998773 -0.0495202 13.6271 4.40336 19.0356</i>
                        <i>1 0 1.82978e-008 -1.77222e-008 -0.249637 0.968339 4.5596e-009 -0.968339 -0.249637 13.6271 4.32246 19.0357</i>
                        <i>1 -1.88366e-012 -2.97226e-015 7.9436e-013 -0.438792 0.898588 -5.69519e-012 -0.898589 -0.438792 13.6271 4.31677 19.0357</i>
                        <i>1 -3.88889e-012 -1.82482e-014 1.62179e-012 -0.610395 0.792097 -1.12631e-011 -0.792097 -0.610395 13.6271 4.35286 19.0357</i>
                        <i>1 -2.05432e-012 1.92795e-016 -8.45309e-012 -0.758002 0.652252 -2.51629e-012 -0.652252 -0.758002 13.6271 4.30621 19.0357</i>
                        <i>1 -2.6038e-012 -8.86599e-015 -2.539e-012 -0.873775 0.48633 5.11361e-013 -0.48633 -0.873775 13.6271 4.303 19.0356</i>
                        <i>1 -8.4555e-012 1.9972e-014 1.64564e-011 -0.953551 0.301232 4.55478e-012 -0.301232 -0.953551 13.6271 4.37959 19.0355</i>
                        <i>1 3.05113e-012 -1.56874e-014 7.54842e-012 -0.994539 0.104366 3.72575e-013 -0.104366 -0.994539 13.6271 4.51332 19.0351</i>
                        <i>1 -4.30287e-011 6.18825e-014 -1.00847e-012 -0.995172 -0.0981419 -8.58488e-012 0.0981419 -0.995172 13.6271 4.41377 19.0354</i>
                        <i>1 2.75416e-011 -3.84097e-014 2.7322e-012 -0.954986 -0.296651 6.59222e-012 0.296651 -0.954986 13.6271 4.34009 19.0356</i>
                        <i>1 1.53299e-011 -2.34561e-014 -2.45624e-011 -0.876271 -0.481818 6.27998e-012 0.481818 -0.876271 13.6271 4.31449 19.0357</i>
                        <i>1 2.56229e-011 1.72556e-014 -1.45039e-011 -0.76171 -0.647918 3.20537e-012 0.647918 -0.76171 13.6271 4.31257 19.0358</i>
                        <i>1 -7.40883e-012 1.01795e-008 8.01823e-009 -0.615379 -0.788231 6.27096e-009 0.788231 -0.615379 13.6271 4.51515 19.035</i>
                        <i>1 9.36483e-012 -2.91962e-015 1.50878e-012 -0.44294 -0.896551 1.04429e-011 0.896551 -0.44294 13.6271 4.50857 19.0352</i>
                        <i>1 -1.56164e-013 -2.82711e-015 7.24683e-012 -0.253061 -0.96745 -2.24977e-012 0.96745 -0.253061 13.6271 4.32765 19.0357</i>
                        <i>1 -2.54528e-012 8.32043e-015 3.19042e-013 -0.0526296 -0.998614 3.33578e-013 0.998614 -0.0526296 13.6271 4.36727 19.0356</i>
                        <i>1 -9.95723e-012 -2.23997e-014 1.24707e-012 0.150452 -0.988617 3.17816e-012 0.988617 0.150452 13.6271 4.32345 19.0357</i>
                        <i>1 3.45859e-011 2.50511e-014 1.16414e-011 0.347205 -0.937789 9.40489e-012 0.937789 0.347205 13.6271 4.16516 19.0357</i>
                        <i>1 3.49574e-012 7.59602e-015 -4.0219e-012 0.530029 -0.84798 -5.91372e-012 0.84798 0.530029 13.6271 4.34482 19.0357</i>
                        <i>1 2.77862e-012 -8.46144e-014 1.12805e-011 0.690252 -0.723569 -1.68887e-012 0.723569 0.690252 13.6271 4.19002 19.0355</i>
                        <i>1 2.18396e-011 4.75347e-014 2.4269e-011 0.8214 -0.570353 5.06453e-012 0.570353 0.8214 13.6271 4.11745 19.0355</i>
                        <i>1 1.36521e-011 -4.38598e-014 9.77475e-012 0.919606 -0.392841 2.36616e-012 0.392841 0.919606 13.6271 4.31328 19.0357</i>
                        <i>1 2.52184e-011 7.16394e-015 1.53445e-011 0.979898 -0.199501 5.44105e-012 0.199501 0.979898 13.6271 4.34423 19.0358</i>
                        <i>1 2.40276e-011 1.99806e-014 6.90752e-011 0.999997 0.00263074 -1.05045e-013 -0.00263074 0.999997 13.6271 4.36829 19.0359</i>
                        <i>1 -2.20536e-011 5.28939e-014 -2.04423e-011 0.978763 0.204996 -2.16258e-012 -0.204996 0.978763 13.6271 4.16778 19.0353</i>
                        <i>1 4.21282e-011 -1.87956e-014 -1.68799e-012 0.917839 0.396952 -8.17203e-012 -0.396952 0.917839 13.6271 4.27753 19.0356</i>
                        <i>1 -2.26197e-011 -1.54712e-014 -2.99309e-011 0.820139 0.572164 1.32922e-011 -0.572164 0.820139 13.6271 4.31511 19.0357</i>
                        <i>1 8.49051e-012 -1.09743e-015 1.22156e-011 0.688237 0.725486 -1.14417e-011 -0.725486 0.688237 13.6271 4.28828 19.0356</i>
                        <i>1 0 -1.79197e-008 1.52128e-008 0.528232 0.8491 9.47e-009 -0.8491 0.528232 13.6271 4.36655 19.0357</i>
                        <i>1 -4.67359e-012 -5.02105e-014 -3.98209e-012 0.346755 0.937956 3.29544e-013 -0.937956 0.346755 13.6271 4.27417 19.0357</i>
                        <i>1 7.37852e-012 -4.91687e-009 4.85941e-009 0.150962 0.98854 7.49381e-010 -0.98854 0.150962 13.6271 4.21793 19.0356</i>
                        <i>1 -3.64554e-012 1.23831e-015 2.02691e-013 -0.0515474 0.998671 5.65941e-012 -0.998671 -0.0515474 13.6271 4.35905 19.0357</i>
                        <i>1 3.25459e-011 3.12503e-015 -1.16226e-011 -0.252806 0.967517 -1.60561e-011 -0.967517 -0.252806 13.6271 4.3187 19.0358</i>
                        <i>1 0 1.25681e-009 -1.12773e-009 -0.443155 0.896445 5.58987e-010 -0.896445 -0.443155 13.6271 4.14451 19.0352</i>
                        <i>1 -3.92494e-012 3.0771e-015 -7.68072e-012 -0.614578 0.788856 4.77839e-014 -0.788856 -0.614578 13.6271 4.28595 19.0356</i>
                        <i>1 2.70637e-012 3.09325e-014 -6.44818e-012 -0.759908 0.65003 -8.08853e-012 -0.65003 -0.759908 13.6271 4.30319 19.0357</i>
                        <i>1 1.46792e-014 3.475e-015 4.97309e-013 -0.874506 0.485014 -3.30384e-013 -0.485014 -0.874506 13.6271 4.24116 19.0356</i>
                        <i>1 -6.98962e-012 -8.06016e-014 1.20222e-011 -0.954268 0.298952 2.82874e-012 -0.298952 -0.954268 13.6271 4.34917 19.0357</i>
                        <i>1 3.16792e-012 3.6253e-016 -2.20736e-012 -0.994911 0.100756 1.03935e-013 -0.100756 -0.994911 13.6271 4.44776 19.0357</i>
                        <i>1 -2.75802e-013 8.82227e-016 -1.17133e-012 -0.994849 -0.101365 4.32138e-013 0.101365 -0.994849 13.6271 4.45117 19.0357</i>
                        <i>1 0 1.12708e-009 3.38553e-010 -0.953805 -0.300425 1.07486e-009 0.300425 -0.953805 13.6271 4.35978 19.0357</i>
                        <i>1 -4.89648e-012 -9.69871e-016 1.30177e-011 -0.873234 -0.487301 -3.60407e-012 0.487301 -0.873234 13.6271 4.24706 19.0355</i>
                        <i>1 -2.58015e-011 -1.0096e-014 -1.06904e-011 -0.756953 -0.653469 1.76316e-012 0.653469 -0.756953 13.6271 4.15437 19.0353</i>
                        <i>1 3.36018e-013 -3.01735e-014 -2.72696e-012 -0.610319 -0.792156 5.58506e-012 0.792156 -0.610319 13.6271 4.33043 19.0358</i>
                        <i>1 -2.55661e-011 3.54296e-014 -8.7181e-013 -0.438375 -0.898792 2.40921e-013 0.898792 -0.438375 13.6271 4.3463 19.0359</i>
                        <i>1 -6.11389e-014 -2.08841e-014 6.50545e-013 -0.249113 -0.968475 -1.11146e-012 0.968475 -0.249113 13.6271 4.27392 19.0357</i>
                        <i>1 2.74715e-012 6.45143e-014 -4.22919e-014 -0.0492059 -0.998789 1.61513e-011 0.998789 -0.0492059 13.6271 4.22928 19.0356</i>
                        <i>1 -2.27124e-011 -5.86137e-014 -8.92044e-013 0.154045 -0.988064 -1.24211e-011 0.988064 0.154045 13.6271 4.26612 19.0358</i>
                        <i>1 -1.76379e-012 4.10431e-015 5.44342e-013 0.349475 -0.936946 1.86595e-012 0.936946 0.349475 13.6271 4.07789 19.0353</i>
                        <i>1 -1.91599e-012 -1.58513e-014 4.13128e-012 0.529548 -0.84828 2.15797e-012 0.84828 0.529548 13.6271 4.3198 19.0357</i>
                        <i>1 -5.98635e-011 -4.35135e-014 -2.99372e-011 0.689832 -0.723969 -5.36291e-011 0.723969 0.689832 13.6271 4.23941 19.0356</i>
                        <i>1 -8.29922e-012 -5.63274e-014 -2.53982e-011 0.822679 -0.568506 -2.1589e-011 0.568506 0.822679 13.6271 4.10314 19.0352</i>
                        <i>1 -1.12345e-011 7.78059e-015 -2.68899e-011 0.920763 -0.390124 -2.92308e-012 0.390124 0.920762 13.6271 4.19071 19.0357</i>
                        <i>1 -1.39556e-012 1.44677e-014 -1.75576e-011 0.980093 -0.19854 -4.31185e-012 0.19854 0.980093 13.6271 4.25996 19.0358</i>
                    </KeyFrames>
                </p>
            </i>
            <i>
                <p>
                    <Name><![CDATA[l_wheel_03]]></Name>
                    <Exclude>0</Exclude>
                    <Additive>0</Additive>
                    <IKPriority>0</IKPriority>
                    <IKRotLimits>-1e+010 -1e+010 -1e+010 1e+010 1e+010 1e+010</IKRotLimits>
                    <IKRotLimitOrder>0</IKRotLimitOrder>
                    <KeyFrames count="62">
                        <i>1 -1.04797e-011 1.44708e-014 -3.71843e-012 0.999992 -0.00396587 -4.71783e-014 0.00396587 0.999992 13.6271 4.30281 8.17257</i>
                        <i>1 1.07159e-011 2.27457e-014 3.14315e-012 0.979838 0.199794 3.73973e-013 -0.199794 0.979838 13.6271 4.256 8.17269</i>
                        <i>1 3.83499e-012 1.60523e-015 -7.62941e-012 0.919381 0.393368 -6.79997e-012 -0.393368 0.919381 13.6271 4.32061 8.17261</i>
                        <i>1 4.31793e-012 -1.06776e-014 -6.95526e-012 0.821322 0.570465 5.20754e-012 -0.570465 0.821322 13.6271 4.20411 8.17271</i>
                        <i>1 -9.35323e-012 7.26233e-015 -1.11333e-011 0.689751 0.724047 1.1474e-011 -0.724047 0.689751 13.6271 4.22689 8.17267</i>
                        <i>1 7.7393e-012 2.27479e-014 5.79648e-013 0.530463 0.847708 1.31984e-011 -0.847708 0.530463 13.6271 4.3952 8.17242</i>
                        <i>1 -1.19711e-012 -1.19183e-014 1.69057e-012 0.348842 0.937182 -1.0664e-012 -0.937182 0.348842 13.6271 4.26037 8.17268</i>
                        <i>1 3.94041e-012 9.19261e-015 2.93394e-012 0.153207 0.988194 -1.08252e-011 -0.988194 0.153207 13.6271 4.4312 8.17246</i>
                        <i>1 -1.85367e-011 -1.2173e-014 3.5115e-013 -0.0495202 0.998773 3.02478e-011 -0.998773 -0.0495202 13.6271 4.46404 8.17249</i>
                        <i>1 0 1.82978e-008 -1.77222e-008 -0.249637 0.968339 4.5596e-009 -0.968339 -0.249637 13.6271 4.35812 8.1726</i>
                        <i>1 -1.88366e-012 -2.97226e-015 7.9436e-013 -0.438792 0.898588 -5.69519e-012 -0.898589 -0.438792 13.6271 4.48075 8.1724</i>
                        <i>1 -3.88889e-012 -1.82482e-014 1.62179e-012 -0.610395 0.792097 -1.12631e-011 -0.792097 -0.610395 13.6271 4.39461 8.17252</i>
                        <i>1 -2.05432e-012 1.92795e-016 -8.45309e-012 -0.758002 0.652252 -2.51629e-012 -0.652252 -0.758002 13.6271 4.22345 8.17272</i>
                        <i>1 -2.6038e-012 -8.86599e-015 -2.539e-012 -0.873775 0.48633 5.11361e-013 -0.48633 -0.873775 13.6271 4.31093 8.17261</i>
                        <i>1 -8.4555e-012 1.9972e-014 1.64564e-011 -0.953551 0.301232 4.55478e-012 -0.301232 -0.953551 13.6271 4.19995 8.17282</i>
                        <i>1 3.05113e-012 -1.56874e-014 7.54842e-012 -0.994539 0.104366 3.72575e-013 -0.104366 -0.994539 13.6271 4.28185 8.17274</i>
                        <i>1 -4.30287e-011 6.18825e-014 -1.00847e-012 -0.995172 -0.0981419 -8.58488e-012 0.0981419 -0.995172 13.6271 4.3509 8.17249</i>
                        <i>1 2.75416e-011 -3.84097e-014 2.7322e-012 -0.954986 -0.296651 6.59222e-012 0.296651 -0.954986 13.6271 4.31156 8.17261</i>
                        <i>1 1.53299e-011 -2.34561e-014 -2.45624e-011 -0.876271 -0.481818 6.27998e-012 0.481818 -0.876271 13.6271 4.28326 8.17276</i>
                        <i>1 2.56229e-011 1.72556e-014 -1.45039e-011 -0.76171 -0.647918 3.20537e-012 0.647918 -0.76171 13.6271 4.34025 8.17253</i>
                        <i>1 -7.40883e-012 1.01795e-008 8.01823e-009 -0.615379 -0.788231 6.27096e-009 0.788231 -0.615379 13.6271 4.32973 8.17269</i>
                        <i>1 9.36483e-012 -2.91962e-015 1.50878e-012 -0.44294 -0.896551 1.04429e-011 0.896551 -0.44294 13.6271 4.4347 8.17233</i>
                        <i>1 -1.56164e-013 -2.82711e-015 7.24683e-012 -0.253061 -0.96745 -2.24977e-012 0.96745 -0.253061 13.6271 4.23896 8.17283</i>
                        <i>1 -2.54528e-012 8.32043e-015 3.19042e-013 -0.0526296 -0.998614 3.33578e-013 0.998614 -0.0526296 13.6271 4.30063 8.17266</i>
                        <i>1 -9.95723e-012 -2.23997e-014 1.24707e-012 0.150452 -0.988617 3.17816e-012 0.988617 0.150452 13.6271 4.45566 8.17251</i>
                        <i>1 3.45859e-011 2.50511e-014 1.16414e-011 0.347205 -0.937789 9.40489e-012 0.937789 0.347205 13.6271 4.50011 8.17263</i>
                        <i>1 3.49574e-012 7.59602e-015 -4.0219e-012 0.530029 -0.84798 -5.91372e-012 0.84798 0.530029 13.6271 4.37373 8.17276</i>
                        <i>1 2.77862e-012 -8.46144e-014 1.12805e-011 0.690252 -0.723569 -1.68887e-012 0.723569 0.690252 13.6271 4.34234 8.17278</i>
                        <i>1 2.18396e-011 4.75347e-014 2.4269e-011 0.8214 -0.570353 5.06453e-012 0.570353 0.8214 13.6271 4.2204 8.17257</i>
                        <i>1 1.36521e-011 -4.38598e-014 9.77475e-012 0.919606 -0.392841 2.36616e-012 0.392841 0.919606 13.6271 4.252 8.17261</i>
                        <i>1 2.52184e-011 7.16394e-015 1.53445e-011 0.979898 -0.199501 5.44105e-012 0.199501 0.979898 13.6271 4.33059 8.17276</i>
                        <i>1 2.40276e-011 1.99806e-014 6.90752e-011 0.999997 0.00263074 -1.05045e-013 -0.00263074 0.999997 13.6271 4.31335 8.17272</i>
                        <i>1 -2.20536e-011 5.28939e-014 -2.04423e-011 0.978763 0.204996 -2.16258e-012 -0.204996 0.978763 13.6271 4.19769 8.17231</i>
                        <i>1 4.21282e-011 -1.87956e-014 -1.68799e-012 0.917839 0.396952 -8.17203e-012 -0.396952 0.917839 13.6271 4.3325 8.17272</i>
                        <i>1 -2.26197e-011 -1.54712e-014 -2.99309e-011 0.820139 0.572164 1.32922e-011 -0.572164 0.820139 13.6271 4.23411 8.17256</i>
                        <i>1 8.49051e-012 -1.09743e-015 1.22156e-011 0.688237 0.725486 -1.14417e-011 -0.725486 0.688237 13.6271 4.25668 8.17259</i>
                        <i>1 0 -1.79197e-008 1.52128e-008 0.528232 0.8491 9.47e-009 -0.8491 0.528232 13.6271 4.34008 8.17267</i>
                        <i>1 -4.67359e-012 -5.02105e-014 -3.98209e-012 0.346755 0.937956 3.29544e-013 -0.937956 0.346755 13.6271 4.32782 8.17267</i>
                        <i>1 7.37852e-012 -4.91687e-009 4.85941e-009 0.150962 0.98854 7.49381e-010 -0.98854 0.150962 13.6271 4.31595 8.17266</i>
                        <i>1 -3.64554e-012 1.23831e-015 2.02691e-013 -0.0515474 0.998671 5.65941e-012 -0.998671 -0.0515474 13.6271 4.31768 8.17267</i>
                        <i>1 3.25459e-011 3.12503e-015 -1.16226e-011 -0.252806 0.967517 -1.60561e-011 -0.967517 -0.252806 13.6271 4.28677 8.17264</i>
                        <i>1 0 1.25681e-009 -1.12773e-009 -0.443155 0.896445 5.58987e-010 -0.896445 -0.443155 13.6271 4.38889 8.1729</i>
                        <i>1 -3.92494e-012 3.0771e-015 -7.68072e-012 -0.614578 0.788856 4.77839e-014 -0.788856 -0.614578 13.6271 4.36166 8.17277</i>
                        <i>1 2.70637e-012 3.09325e-014 -6.44818e-012 -0.759908 0.65003 -8.08853e-012 -0.65003 -0.759908 13.6271 4.31428 8.17267</i>
                        <i>1 1.46792e-014 3.475e-015 4.97309e-013 -0.874506 0.485014 -3.30384e-013 -0.485014 -0.874506 13.6271 4.29506 8.17265</i>
                        <i>1 -6.98962e-012 -8.06016e-014 1.20222e-011 -0.954268 0.298952 2.82874e-012 -0.298952 -0.954268 13.6271 4.17826 8.17259</i>
