<?xml version="1.0" encoding="ISO-8859-1" ?>
<Animl Version="1">
    <ModellingPackage><![CDATA[Maya.2010]]></ModellingPackage>
    <SrcFile><![CDATA[anims\turrets\mortar\blue\~src\mortar_m120\mortar_m120_reload_low.mb]]></SrcFile>
    <FramesPerSecond>30</FramesPerSecond>
    <TotalFrames>150</TotalFrames>
    <Skeleton>
        <RefFrame>
            <Name><![CDATA[mortar_m120_ref_frame]]></Name>
            <Exclude>0</Exclude>
            <Additive>0</Additive>
            <IKPriority>0</IKPriority>
            <IKRotLimits>-1e+010 -1e+010 -1e+010 1e+010 1e+010 1e+010</IKRotLimits>
            <IKRotLimitOrder>0</IKRotLimitOrder>
            <KeyFrames count="150">
                <i>1 0 0 0 1 0 0 0 1 0 0.97 -2.02</i>
                <i>1 0 0 0 1 0 0 0 1 0 0.97 -2.02</i>
                <i>1 0 0 0 1 0 0 0 1 0 0.97 -2.02</i>
                <i>1 0 0 0 1 0 0 0 1 0 0.97 -2.02</i>
                <i>1 0 0 0 1 0 0 0 1 0 0.97 -2.02</i>
                <i>1 0 0 0 1 0 0 0 1 0 0.97 -2.02</i>
                <i>1 0 0 0 1 0 0 0 1 0 0.97 -2.02</i>
                <i>1 0 0 0 1 0 0 0 1 0 0.97 -2.02</i>
                <i>1 0 0 0 1 0 0 0 1 0 0.97 -2.02</i>
                <i>1 0 0 0 1 0 0 0 1 0 0.97 -2.02</i>
                <i>1 0 0 0 1 0 0 0 1 0 0.97 -2.02</i>
                <i>1 0 0 0 1 0 0 0 1 0 0.97 -2.02</i>
                <i>1 0 0 0 1 0 0 0 1 0 0.97 -2.02</i>
                <i>1 0 0 0 1 0 0 0 1 0 0.97 -2.02</i>
                <i>1 0 0 0 1 0 0 0 1 0 0.97 -2.02</i>
                <i>1 0 0 0 1 0 0 0 1 0 0.97 -2.02</i>
                <i>1 0 0 0 1 0 0 0 1 0 0.97 -2.02</i>
                <i>1 0 0 0 1 0 0 0 1 0 0.97 -2.02</i>
                <i>1 0 0 0 1 0 0 0 1 0 0.97 -2.02</i>
                <i>1 0 0 0 1 0 0 0 1 0 0.97 -2.02</i>
                <i>1 0 0 0 1 0 0 0 1 0 0.97 -2.02</i>
                <i>1 0 0 0 1 0 0 0 1 0 0.97 -2.02</i>
                <i>1 0 0 0 1 0 0 0 1 0 0.97 -2.02</i>
                <i>1 0 0 0 1 0 0 0 1 0 0.97 -2.02</i>
                <i>1 0 0 0 1 0 0 0 1 0 0.97 -2.02</i>
                <i>1 0 0 0 1 0 0 0 1 0 0.97 -2.02</i>
                <i>1 0 0 0 1 0 0 0 1 0 0.97 -2.02</i>
                <i>1 0 0 0 1 0 0 0 1 0 0.97 -2.02</i>
                <i>1 0 0 0 1 0 0 0 1 0 0.97 -2.02</i>
                <i>1 0 0 0 1 0 0 0 1 0 0.97 -2.02</i>
                <i>1 0 0 0 1 0 0 0 1 0 0.97 -2.02</i>
                <i>1 0 0 0 1 0 0 0 1 0 0.97 -2.02</i>
                <i>1 0 0 0 1 0 0 0 1 0 0.97 -2.02</i>
                <i>1 0 0 0 1 0 0 0 1 0 0.97 -2.02</i>
                <i>1 0 0 0 1 0 0 0 1 0 0.97 -2.02</i>
                <i>1 0 0 0 1 0 0 0 1 0 0.97 -2.02</i>
                <i>1 0 0 0 1 0 0 0 1 0 0.97 -2.02</i>
                <i>1 0 0 0 1 0 0 0 1 0 0.97 -2.02</i>
                <i>1 0 0 0 1 0 0 0 1 0 0.97 -2.02</i>
                <i>1 0 0 0 1 0 0 0 1 0 0.97 -2.02</i>
                <i>1 0 0 0 1 0 0 0 1 0 0.97 -2.02</i>
                <i>1 0 0 0 1 0 0 0 1 0 0.97 -2.02</i>
                <i>1 0 0 0 1 0 0 0 1 0 0.97 -2.02</i>
                <i>1 0 0 0 1 0 0 0 1 0 0.97 -2.02</i>
                <i>1 0 0 0 1 0 0 0 1 0 0.97 -2.02</i>
                <i>1 0 0 0 1 0 0 0 1 0 0.97 -2.02</i>
                <i>1 0 0 0 1 0 0 0 1 0 0.97 -2.02</i>
                <i>1 0 0 0 1 0 0 0 1 0 0.97 -2.02</i>
                <i>1 0 0 0 1 0 0 0 1 0 0.97 -2.02</i>
                <i>1 0 0 0 1 0 0 0 1 0 0.97 -2.02</i>
                <i>1 0 0 0 1 0 0 0 1 0 0.97 -2.02</i>
                <i>1 0 0 0 1 0 0 0 1 0 0.97 -2.02</i>
                <i>1 0 0 0 1 0 0 0 1 0 0.97 -2.02</i>
                <i>1 0 0 0 1 0 0 0 1 0 0.97 -2.02</i>
                <i>1 0 0 0 1 0 0 0 1 0 0.97 -2.02</i>
                <i>1 0 0 0 1 0 0 0 1 0 0.97 -2.02</i>
                <i>1 0 0 0 1 0 0 0 1 0 0.97 -2.02</i>
                <i>1 0 0 0 1 0 0 0 1 0 0.97 -2.02</i>
                <i>1 0 0 0 1 0 0 0 1 0 0.97 -2.02</i>
                <i>1 0 0 0 1 0 0 0 1 0 0.97 -2.02</i>
                <i>1 0 0 0 1 0 0 0 1 0 0.97 -2.02</i>
                <i>1 0 0 0 1 0 0 0 1 0 0.97 -2.02</i>
                <i>1 0 0 0 1 0 0 0 1 0 0.97 -2.02</i>
                <i>1 0 0 0 1 0 0 0 1 0 0.97 -2.02</i>
                <i>1 0 0 0 1 0 0 0 1 0 0.97 -2.02</i>
                <i>1 0 0 0 1 0 0 0 1 0 0.97 -2.02</i>
                <i>1 0 0 0 1 0 0 0 1 0 0.97 -2.02</i>
                <i>1 0 0 0 1 0 0 0 1 0 0.97 -2.02</i>
                <i>1 0 0 0 1 0 0 0 1 0 0.97 -2.02</i>
                <i>1 0 0 0 1 0 0 0 1 0 0.97 -2.02</i>
                <i>1 0 0 0 1 0 0 0 1 0 0.97 -2.02</i>
                <i>1 0 0 0 1 0 0 0 1 0 0.97 -2.02</i>
                <i>1 0 0 0 1 0 0 0 1 0 0.97 -2.02</i>
                <i>1 0 0 0 1 0 0 0 1 0 0.97 -2.02</i>
                <i>1 0 0 0 1 0 0 0 1 0 0.97 -2.02</i>
                <i>1 0 0 0 1 0 0 0 1 0 0.97 -2.02</i>
                <i>1 0 0 0 1 0 0 0 1 0 0.97 -2.02</i>
                <i>1 0 0 0 1 0 0 0 1 0 0.97 -2.02</i>
                <i>1 0 0 0 1 0 0 0 1 0 0.97 -2.02</i>
                <i>1 0 0 0 1 0 0 0 1 0 0.97 -2.02</i>
                <i>1 0 0 0 1 0 0 0 1 0 0.97 -2.02</i>
                <i>1 0 0 0 1 0 0 0 1 0 0.97 -2.02</i>
                <i>1 0 0 0 1 0 0 0 1 0 0.97 -2.02</i>
                <i>1 0 0 0 1 0 0 0 1 0 0.97 -2.02</i>
                <i>1 0 0 0 1 0 0 0 1 0 0.97 -2.02</i>
                <i>1 0 0 0 1 0 0 0 1 0 0.97 -2.02</i>
                <i>1 0 0 0 1 0 0 0 1 0 0.97 -2.02</i>
                <i>1 0 0 0 1 0 0 0 1 0 0.97 -2.02</i>
                <i>1 0 0 0 1 0 0 0 1 0 0.97 -2.02</i>
                <i>1 0 0 0 1 0 0 0 1 0 0.97 -2.02</i>
                <i>1 0 0 0 1 0 0 0 1 0 0.97 -2.02</i>
                <i>1 0 0 0 1 0 0 0 1 0 0.97 -2.02</i>
                <i>1 0 0 0 1 0 0 0 1 0 0.97 -2.02</i>
                <i>1 0 0 0 1 0 0 0 1 0 0.97 -2.02</i>
                <i>1 0 0 0 1 0 0 0 1 0 0.97 -2.02</i>
                <i>1 0 0 0 1 0 0 0 1 0 0.97 -2.02</i>
                <i>1 0 0 0 1 0 0 0 1 0 0.97 -2.02</i>
                <i>1 0 0 0 1 0 0 0 1 0 0.97 -2.02</i>
                <i>1 0 0 0 1 0 0 0 1 0 0.97 -2.02</i>
                <i>1 0 0 0 1 0 0 0 1 0 0.97 -2.02</i>
                <i>1 0 0 0 1 0 0 0 1 0 0.97 -2.02</i>
                <i>1 0 0 0 1 0 0 0 1 0 0.97 -2.02</i>
                <i>1 0 0 0 1 0 0 0 1 0 0.97 -2.02</i>
                <i>1 0 0 0 1 0 0 0 1 0 0.97 -2.02</i>
                <i>1 0 0 0 1 0 0 0 1 0 0.97 -2.02</i>
                <i>1 0 0 0 1 0 0 0 1 0 0.97 -2.02</i>
                <i>1 0 0 0 1 0 0 0 1 0 0.97 -2.02</i>
                <i>1 0 0 0 1 0 0 0 1 0 0.97 -2.02</i>
                <i>1 0 0 0 1 0 0 0 1 0 0.97 -2.02</i>
                <i>1 0 0 0 1 0 0 0 1 0 0.97 -2.02</i>
                <i>1 0 0 0 1 0 0 0 1 0 0.97 -2.02</i>
                <i>1 0 0 0 1 0 0 0 1 0 0.97 -2.02</i>
                <i>1 0 0 0 1 0 0 0 1 0 0.97 -2.02</i>
                <i>1 0 0 0 1 0 0 0 1 0 0.97 -2.02</i>
                <i>1 0 0 0 1 0 0 0 1 0 0.97 -2.02</i>
                <i>1 0 0 0 1 0 0 0 1 0 0.97 -2.02</i>
                <i>1 0 0 0 1 0 0 0 1 0 0.97 -2.02</i>
                <i>1 0 0 0 1 0 0 0 1 0 0.97 -2.02</i>
                <i>1 0 0 0 1 0 0 0 1 0 0.97 -2.02</i>
                <i>1 0 0 0 1 0 0 0 1 0 0.97 -2.02</i>
                <i>1 0 0 0 1 0 0 0 1 0 0.97 -2.02</i>
                <i>1 0 0 0 1 0 0 0 1 0 0.97 -2.02</i>
                <i>1 0 0 0 1 0 0 0 1 0 0.97 -2.02</i>
                <i>1 0 0 0 1 0 0 0 1 0 0.97 -2.02</i>
                <i>1 0 0 0 1 0 0 0 1 0 0.97 -2.02</i>
                <i>1 0 0 0 1 0 0 0 1 0 0.97 -2.02</i>
                <i>1 0 0 0 1 0 0 0 1 0 0.97 -2.02</i>
                <i>1 0 0 0 1 0 0 0 1 0 0.97 -2.02</i>
                <i>1 0 0 0 1 0 0 0 1 0 0.97 -2.02</i>
                <i>1 0 0 0 1 0 0 0 1 0 0.97 -2.02</i>
                <i>1 0 0 0 1 0 0 0 1 0 0.97 -2.02</i>
                <i>1 0 0 0 1 0 0 0 1 0 0.97 -2.02</i>
                <i>1 0 0 0 1 0 0 0 1 0 0.97 -2.02</i>
                <i>1 0 0 0 1 0 0 0 1 0 0.97 -2.02</i>
                <i>1 0 0 0 1 0 0 0 1 0 0.97 -2.02</i>
                <i>1 0 0 0 1 0 0 0 1 0 0.97 -2.02</i>
                <i>1 0 0 0 1 0 0 0 1 0 0.97 -2.02</i>
                <i>1 0 0 0 1 0 0 0 1 0 0.97 -2.02</i>
                <i>1 0 0 0 1 0 0 0 1 0 0.97 -2.02</i>
                <i>1 0 0 0 1 0 0 0 1 0 0.97 -2.02</i>
                <i>1 0 0 0 1 0 0 0 1 0 0.97 -2.02</i>
                <i>1 0 0 0 1 0 0 0 1 0 0.97 -2.02</i>
                <i>1 0 0 0 1 0 0 0 1 0 0.97 -2.02</i>
                <i>1 0 0 0 1 0 0 0 1 0 0.97 -2.02</i>
                <i>1 0 0 0 1 0 0 0 1 0 0.97 -2.02</i>
                <i>1 0 0 0 1 0 0 0 1 0 0.97 -2.02</i>
                <i>1 0 0 0 1 0 0 0 1 0 0.97 -2.02</i>
                <i>1 0 0 0 1 0 0 0 1 0 0.97 -2.02</i>
                <i>1 0 0 0 1 0 0 0 1 0 0.97 -2.02</i>
                <i>1 0 0 0 1 0 0 0 1 0 0.97 -2.02</i>
            </KeyFrames>
        </RefFrame>
        <Bones count="10">
            <i>
                <p>
                    <Name><![CDATA[mortar_m120_root]]></Name>
                    <Exclude>0</Exclude>
                    <Additive>0</Additive>
                    <IKPriority>0</IKPriority>
                    <IKRotLimits>-1e+010 -1e+010 -1e+010 1e+010 1e+010 1e+010</IKRotLimits>
                    <IKRotLimitOrder>0</IKRotLimitOrder>
                    <KeyFrames count="150">
                        <i>1 0 0 0 1 0 0 0 1 0 0.972061 -2.02469</i>
                        <i>1 0 0 0 1 0 0 0 1 0 0.972061 -2.02469</i>
                        <i>1 0 0 0 1 0 0 0 1 0 0.972061 -2.02469</i>
                        <i>1 0 0 0 1 0 0 0 1 0 0.972061 -2.02469</i>
                        <i>1 0 0 0 1 0 0 0 1 0 0.972061 -2.02469</i>
                        <i>1 0 0 0 1 0 0 0 1 0 0.972061 -2.02469</i>
                        <i>1 0 0 0 1 0 0 0 1 0 0.972061 -2.02469</i>
                        <i>1 0 0 0 1 0 0 0 1 0 0.972061 -2.02469</i>
                        <i>1 0 0 0 1 0 0 0 1 0 0.972061 -2.02469</i>
                        <i>1 0 0 0 1 0 0 0 1 0 0.972061 -2.02469</i>
                        <i>1 0 0 0 1 0 0 0 1 0 0.972061 -2.02469</i>
                        <i>1 0 0 0 1 0 0 0 1 0 0.972061 -2.02469</i>
                        <i>1 0 0 0 1 0 0 0 1 0 0.972061 -2.02469</i>
                        <i>1 0 0 0 1 0 0 0 1 0 0.972061 -2.02469</i>
                        <i>1 0 0 0 1 0 0 0 1 0 0.972061 -2.02469</i>
                        <i>1 0 0 0 1 0 0 0 1 0 0.972061 -2.02469</i>
                        <i>1 0 0 0 1 0 0 0 1 0 0.972061 -2.02469</i>
                        <i>1 0 0 0 1 0 0 0 1 0 0.972061 -2.02469</i>
                        <i>1 0 0 0 1 0 0 0 1 0 0.972061 -2.02469</i>
                        <i>1 0 0 0 1 0 0 0 1 0 0.972061 -2.02469</i>
                        <i>1 0 0 0 1 0 0 0 1 0 0.972061 -2.02469</i>
                        <i>1 0 0 0 1 0 0 0 1 0 0.972061 -2.02469</i>
                        <i>1 0 0 0 1 0 0 0 1 0 0.972061 -2.02469</i>
                        <i>1 0 0 0 1 0 0 0 1 0 0.972061 -2.02469</i>
                        <i>1 0 0 0 1 0 0 0 1 0 0.972061 -2.02469</i>
                        <i>1 0 0 0 1 0 0 0 1 0 0.972061 -2.02469</i>
                        <i>1 0 0 0 1 0 0 0 1 0 0.972061 -2.02469</i>
                        <i>1 0 0 0 1 0 0 0 1 0 0.972061 -2.02469</i>
                        <i>1 0 0 0 1 0 0 0 1 0 0.972061 -2.02469</i>
                        <i>1 0 0 0 1 0 0 0 1 0 0.972061 -2.02469</i>
                        <i>1 0 0 0 1 0 0 0 1 0 0.972061 -2.02469</i>
                        <i>1 0 0 0 1 0 0 0 1 0 0.972061 -2.02469</i>
                        <i>1 0 0 0 1 0 0 0 1 0 0.972061 -2.02469</i>
                        <i>1 0 0 0 1 0 0 0 1 0 0.972061 -2.02469</i>
                        <i>1 0 0 0 1 0 0 0 1 0 0.972061 -2.02469</i>
                        <i>1 0 0 0 1 0 0 0 1 0 0.972061 -2.02469</i>
                        <i>1 0 0 0 1 0 0 0 1 0 0.972061 -2.02469</i>
                        <i>1 0 0 0 1 0 0 0 1 0 0.972061 -2.02469</i>
                        <i>1 0 0 0 1 0 0 0 1 0 0.972061 -2.02469</i>
                        <i>1 0 0 0 1 0 0 0 1 0 0.972061 -2.02469</i>
                        <i>1 0 0 0 1 0 0 0 1 0 0.972061 -2.02469</i>
                        <i>1 0 0 0 1 0 0 0 1 0 0.972061 -2.02469</i>
                        <i>1 0 0 0 1 0 0 0 1 0 0.972061 -2.02469</i>
                        <i>1 0 0 0 1 0 0 0 1 0 0.972061 -2.02469</i>
                        <i>1 0 0 0 1 0 0 0 1 0 0.972061 -2.02469</i>
                        <i>1 0 0 0 1 0 0 0 1 0 0.972061 -2.02469</i>
                        <i>1 0 0 0 1 0 0 0 1 0 0.972061 -2.02469</i>
                        <i>1 0 0 0 1 0 0 0 1 0 0.972061 -2.02469</i>
                        <i>1 0 0 0 1 0 0 0 1 0 0.972061 -2.02469</i>
                        <i>1 0 0 0 1 0 0 0 1 0 0.972061 -2.02469</i>
                        <i>1 0 0 0 1 0 0 0 1 0 0.972061 -2.02469</i>
                        <i>1 0 0 0 1 0 0 0 1 0 0.972061 -2.02469</i>
                        <i>1 0 0 0 1 0 0 0 1 0 0.972061 -2.02469</i>
                        <i>1 0 0 0 1 0 0 0 1 0 0.972061 -2.02469</i>
                        <i>1 0 0 0 1 0 0 0 1 0 0.972061 -2.02469</i>
                        <i>1 0 0 0 1 0 0 0 1 0 0.972061 -2.02469</i>
                        <i>1 0 0 0 1 0 0 0 1 0 0.972061 -2.02469</i>
                        <i>1 0 0 0 1 0 0 0 1 0 0.972061 -2.02469</i>
                        <i>1 0 0 0 1 0 0 0 1 0 0.972061 -2.02469</i>
                        <i>1 0 0 0 1 0 0 0 1 0 0.972061 -2.02469</i>
                        <i>1 0 0 0 1 0 0 0 1 0 0.972061 -2.02469</i>
                        <i>1 0 0 0 1 0 0 0 1 0 0.972061 -2.02469</i>
                        <i>1 0 0 0 1 0 0 0 1 0 0.972061 -2.02469</i>
                        <i>1 0 0 0 1 0 0 0 1 0 0.972061 -2.02469</i>
                        <i>1 0 0 0 1 0 0 0 1 0 0.972061 -2.02469</i>
                        <i>1 0 0 0 1 0 0 0 1 0 0.972061 -2.02469</i>
                        <i>1 0 0 0 1 0 0 0 1 0 0.972061 -2.02469</i>
                        <i>1 0 0 0 1 0 0 0 1 0 0.972061 -2.02469</i>
                        <i>1 0 0 0 1 0 0 0 1 0 0.972061 -2.02469</i>
                        <i>1 0 0 0 1 0 0 0 1 0 0.972061 -2.02469</i>
                        <i>1 0 0 0 1 0 0 0 1 0 0.972061 -2.02469</i>
                        <i>1 0 0 0 1 0 0 0 1 0 0.972061 -2.02469</i>
                        <i>1 0 0 0 1 0 0 0 1 0 0.972061 -2.02469</i>
                        <i>1 0 0 0 1 0 0 0 1 0 0.972061 -2.02469</i>
                        <i>1 0 0 0 1 0 0 0 1 0 0.972061 -2.02469</i>
                        <i>1 0 0 0 1 0 0 0 1 0 0.972061 -2.02469</i>
                        <i>1 0 0 0 1 0 0 0 1 0 0.972061 -2.02469</i>
                        <i>1 0 0 0 1 0 0 0 1 0 0.972061 -2.02469</i>
                        <i>1 0 0 0 1 0 0 0 1 0 0.972061 -2.02469</i>
                        <i>1 0 0 0 1 0 0 0 1 0 0.972061 -2.02469</i>
                        <i>1 0 0 0 1 0 0 0 1 0 0.972061 -2.02469</i>
                        <i>1 0 0 0 1 0 0 0 1 0 0.972061 -2.02469</i>
                        <i>1 0 0 0 1 0 0 0 1 0 0.972061 -2.02469</i>
                        <i>1 0 0 0 1 0 0 0 1 0 0.972061 -2.02469</i>
                        <i>1 0 0 0 1 0 0 0 1 0 0.972061 -2.02469</i>
                        <i>1 0 0 0 1 0 0 0 1 0 0.972061 -2.02469</i>
                        <i>1 0 0 0 1 0 0 0 1 0 0.972061 -2.02469</i>
                        <i>1 0 0 0 1 0 0 0 1 0 0.972061 -2.02469</i>
                        <i>1 0 0 0 1 0 0 0 1 0 0.972061 -2.02469</i>
                        <i>1 0 0 0 1 0 0 0 1 0 0.972061 -2.02469</i>
                        <i>1 0 0 0 1 0 0 0 1 0 0.972061 -2.02469</i>
                        <i>1 0 0 0 1 0 0 0 1 0 0.972061 -2.02469</i>
                        <i>1 0 0 0 1 0 0 0 1 0 0.972061 -2.02469</i>
                        <i>1 0 0 0 1 0 0 0 1 0 0.972061 -2.02469</i>
                        <i>1 0 0 0 1 0 0 0 1 0 0.972061 -2.02469</i>
                        <i>1 0 0 0 1 0 0 0 1 0 0.972061 -2.02469</i>
                        <i>1 0 0 0 1 0 0 0 1 0 0.972061 -2.02469</i>
                        <i>1 0 0 0 1 0 0 0 1 0 0.972061 -2.02469</i>
                        <i>1 0 0 0 1 0 0 0 1 0 0.972061 -2.02469</i>
                        <i>1 0 0 0 1 0 0 0 1 0 0.972061 -2.02469</i>
                        <i>1 0 0 0 1 0 0 0 1 0 0.972061 -2.02469</i>
                        <i>1 0 0 0 1 0 0 0 1 0 0.972061 -2.02469</i>
                        <i>1 0 0 0 1 0 0 0 1 0 0.972061 -2.02469</i>
                        <i>1 0 0 0 1 0 0 0 1 0 0.972061 -2.02469</i>
                        <i>1 0 0 0 1 0 0 0 1 0 0.972061 -2.02469</i>
                        <i>1 0 0 0 1 0 0 0 1 0 0.972061 -2.02469</i>
                        <i>1 0 0 0 1 0 0 0 1 0 0.972061 -2.02469</i>
                        <i>1 0 0 0 1 0 0 0 1 0 0.972061 -2.02469</i>
                        <i>1 0 0 0 1 0 0 0 1 0 0.972061 -2.02469</i>
                        <i>1 0 0 0 1 0 0 0 1 0 0.972061 -2.02469</i>
                        <i>1 0 0 0 1 0 0 0 1 0 0.972061 -2.02469</i>
                        <i>1 0 0 0 1 0 0 0 1 0 0.972061 -2.02469</i>
                        <i>1 0 0 0 1 0 0 0 1 0 0.972061 -2.02469</i>
                        <i>1 0 0 0 1 0 0 0 1 0 0.972061 -2.02469</i>
                        <i>1 0 0 0 1 0 0 0 1 0 0.972061 -2.02469</i>
                        <i>1 0 0 0 1 0 0 0 1 0 0.972061 -2.02469</i>
                        <i>1 0 0 0 1 0 0 0 1 0 0.972061 -2.02469</i>
                        <i>1 0 0 0 1 0 0 0 1 0 0.972061 -2.02469</i>
                        <i>1 0 0 0 1 0 0 0 1 0 0.972061 -2.02469</i>
                        <i>1 0 0 0 1 0 0 0 1 0 0.972061 -2.02469</i>
                        <i>1 0 0 0 1 0 0 0 1 0 0.972061 -2.02469</i>
                        <i>1 0 0 0 1 0 0 0 1 0 0.972061 -2.02469</i>
                        <i>1 0 0 0 1 0 0 0 1 0 0.972061 -2.02469</i>
                        <i>1 0 0 0 1 0 0 0 1 0 0.972061 -2.02469</i>
                        <i>1 0 0 0 1 0 0 0 1 0 0.972061 -2.02469</i>
                        <i>1 0 0 0 1 0 0 0 1 0 0.972061 -2.02469</i>
                        <i>1 0 0 0 1 0 0 0 1 0 0.972061 -2.02469</i>
                        <i>1 0 0 0 1 0 0 0 1 0 0.972061 -2.02469</i>
                        <i>1 0 0 0 1 0 0 0 1 0 0.972061 -2.02469</i>
                        <i>1 0 0 0 1 0 0 0 1 0 0.972061 -2.02469</i>
                        <i>1 0 0 0 1 0 0 0 1 0 0.972061 -2.02469</i>
                        <i>1 0 0 0 1 0 0 0 1 0 0.972061 -2.02469</i>
                        <i>1 0 0 0 1 0 0 0 1 0 0.972061 -2.02469</i>
                        <i>1 0 0 0 1 0 0 0 1 0 0.972061 -2.02469</i>
                        <i>1 0 0 0 1 0 0 0 1 0 0.972061 -2.02469</i>
                        <i>1 0 0 0 1 0 0 0 1 0 0.972061 -2.02469</i>
                        <i>1 0 0 0 1 0 0 0 1 0 0.972061 -2.02469</i>
                        <i>1 0 0 0 1 0 0 0 1 0 0.972061 -2.02469</i>
                        <i>1 0 0 0 1 0 0 0 1 0 0.972061 -2.02469</i>
                        <i>1 0 0 0 1 0 0 0 1 0 0.972061 -2.02469</i>
                        <i>1 0 0 0 1 0 0 0 1 0 0.972061 -2.02469</i>
                        <i>1 0 0 0 1 0 0 0 1 0 0.972061 -2.02469</i>
                        <i>1 0 0 0 1 0 0 0 1 0 0.972061 -2.02469</i>
                        <i>1 0 0 0 1 0 0 0 1 0 0.972061 -2.02469</i>
                        <i>1 0 0 0 1 0 0 0 1 0 0.972061 -2.02469</i>
                        <i>1 0 0 0 1 0 0 0 1 0 0.972061 -2.02469</i>
                        <i>1 0 0 0 1 0 0 0 1 0 0.972061 -2.02469</i>
                        <i>1 0 0 0 1 0 0 0 1 0 0.972061 -2.02469</i>
                        <i>1 0 0 0 1 0 0 0 1 0 0.972061 -2.02469</i>
                        <i>1 0 0 0 1 0 0 0 1 0 0.972061 -2.02469</i>
                    </KeyFrames>
                </p>
            </i>
            <i>
                <p>
                    <Name><![CDATA[tube_pitch]]></Name>
                    <Exclude>0</Exclude>
                    <Additive>0</Additive>
                    <IKPriority>0</IKPriority>
                    <IKRotLimits>-1e+010 -1e+010 -1e+010 1e+010 1e+010 1e+010</IKRotLimits>
                    <IKRotLimitOrder>0</IKRotLimitOrder>
                    <KeyFrames count="150">
                        <i>1 0 0 0 0.965926 0.258819 0 -0.258819 0.965926 0 1.43174 -1.9233</i>
                        <i>1 0 0 0 0.972663 0.232223 0 -0.232223 0.972663 0 1.43174 -1.9233</i>
                        <i>1 0 0 0 0.978802 0.20481 0 -0.20481 0.978802 0 1.43174 -1.9233</i>
                        <i>1 0 0 0 0.984272 0.176662 0 -0.176662 0.984272 0 1.43174 -1.9233</i>
                        <i>1 0 0 0 0.989007 0.14787 0 -0.14787 0.989007 0 1.43174 -1.9233</i>
                        <i>1 0 0 0 0.992951 0.118524 0 -0.118524 0.992951 0 1.43174 -1.9233</i>
                        <i>1 0 0 0 0.996056 0.0887229 0 -0.0887229 0.996056 0 1.43174 -1.9233</i>
                        <i>1 0 0 0 0.998284 0.0585642 0 -0.0585642 0.998284 0 1.43174 -1.9233</i>
                        <i>1 0 0 0 0.999604 0.0281498 0 -0.0281498 0.999604 0 1.43174 -1.9233</i>
                        <i>1 0 0 0 0.999997 -0.00241699 0 0.00241699 0.999997 0 1.43174 -1.9233</i>
                        <i>1 0 0 0 0.999454 -0.0330321 0 0.0330321 0.999454 0 1.43174 -1.9233</i>
                        <i>1 0 0 0 0.997976 -0.0635909 0 0.0635909 0.997976 0 1.43174 -1.9233</i>
                        <i>1 0 0 0 0.995573 -0.0939896 0 0.0939896 0.995573 0 1.43174 -1.9233</i>
                        <i>1 0 0 0 0.992267 -0.124125 0 0.124125 0.992267 0 1.43174 -1.9233</i>
                        <i>1 0 0 0 0.988087 -0.153897 0 0.153897 0.988087 0 1.43174 -1.9233</i>
                        <i>1 0 0 0 0.983074 -0.183207 0 0.183207 0.983074 0 1.43174 -1.9233</i>
                        <i>1 0 0 0 0.977278 -0.21196 0 0.21196 0.977278 0 1.43174 -1.9233</i>
                        <i>1 0 0 0 0.970757 -0.240064 0 0.240064 0.970757 0 1.43174 -1.9233</i>
                        <i>1 0 0 0 0.963577 -0.267433 0 0.267433 0.963577 0 1.43174 -1.9233</i>
                        <i>1 0 0 0 0.955811 -0.293983 0 0.293983 0.955811 0 1.43174 -1.9233</i>
                        <i>1 0 0 0 0.94754 -0.319639 0 0.319639 0.94754 0 1.43174 -1.9233</i>
                        <i>1 0 0 0 0.93885 -0.344326 0 0.344326 0.93885 0 1.43174 -1.9233</i>
                        <i>1 0 0 0 0.929834 -0.367979 0 0.367979 0.929834 0 1.43174 -1.9233</i>
                        <i>1 0 0 0 0.920588 -0.390535 0 0.390535 0.920588 0 1.43174 -1.9233</i>
                        <i>1 0 0 0 0.911212 -0.411938 0 0.411938 0.911212 0 1.43174 -1.9233</i>
                        <i>1 0 0 0 0.901808 -0.432137 0 0.432137 0.901808 0 1.43174 -1.9233</i>
                        <i>1 0 0 0 0.892482 -0.451083 0 0.451083 0.892482 0 1.43174 -1.9233</i>
                        <i>1 0 0 0 0.883339 -0.468735 0 0.468735 0.883339 0 1.43174 -1.9233</i>
                        <i>1 0 0 0 0.874485 -0.485053 0 0.485053 0.874485 0 1.43174 -1.9233</i>
                        <i>1 0 0 0 0.866025 -0.5 0 0.5 0.866025 0 1.43174 -1.9233</i>
                        <i>1 0 0 0 0.860104 -0.510118 0 0.510118 0.860104 0 1.43174 -1.9233</i>
                        <i>1 0 0 0 0.857783 -0.514012 0 0.514012 0.857783 0 1.43174 -1.9233</i>
                        <i>1 0 0 0 0.857395 -0.514658 0 0.514658 0.857395 0 1.43174 -1.9233</i>
                        <i>1 0 0 0 0.8596 -0.510968 0 0.510968 0.8596 0 1.43174 -1.9233</i>
                        <i>1 0 0 0 0.8637 -0.504006 0 0.504006 0.8637 0 1.43174 -1.9233</i>
                        <i>1 0 0 0 0.866025 -0.5 0 0.5 0.866025 0 1.43174 -1.9233</i>
                        <i>1 0 0 0 0.86626 -0.499594 0 0.499594 0.86626 0 1.43174 -1.9233</i>
                        <i>1 0 0 0 0.866463 -0.499241 0 0.499241 0.866463 0 1.43174 -1.9233</i>
                        <i>1 0 0 0 0.866637 -0.498939 0 0.498939 0.866637 0 1.43174 -1.9233</i>
                        <i>1 0 0 0 0.866783 -0.498685 0 0.498685 0.866783 0 1.43174 -1.9233</i>
                        <i>1 0 0 0 0.866904 -0.498475 0 0.498475 0.866904 0 1.43174 -1.9233</i>
                        <i>1 0 0 0 0.867 -0.498308 0 0.498308 0.867 0 1.43174 -1.9233</i>
                        <i>1 0 0 0 0.867073 -0.498181 0 0.498181 0.867073 0 1.43174 -1.9233</i>
                        <i>1 0 0 0 0.867125 -0.498091 0 0.498091 0.867125 0 1.43174 -1.9233</i>
                        <i>1 0 0 0 0.867157 -0.498035 0 0.498035 0.867157 0 1.43174 -1.9233</i>
                        <i>1 0 0 0 0.867171 -0.49801 0 0.49801 0.867171 0 1.43174 -1.9233</i>
                        <i>1 0 0 0 0.867168 -0.498015 0 0.498015 0.867168 0 1.43174 -1.9233</i>
                        <i>1 0 0 0 0.867151 -0.498046 0 0.498046 0.867151 0 1.43174 -1.9233</i>
                        <i>1 0 0 0 0.86712 -0.4981 0 0.4981 0.86712 0 1.43174 -1.9233</i>
                        <i>1 0 0 0 0.867077 -0.498175 0 0.498175 0.867077 0 1.43174 -1.9233</i>
                        <i>1 0 0 0 0.867023 -0.498268 0 0.498268 0.867023 0 1.43174 -1.9233</i>
                        <i>1 0 0 0 0.866961 -0.498376 0 0.498376 0.866961 0 1.43174 -1.9233</i>
                        <i>1 0 0 0 0.866891 -0.498497 0 0.498497 0.866891 0 1.43174 -1.9233</i>
                        <i>1 0 0 0 0.866816 -0.498628 0 0.498628 0.866816 0 1.43174 -1.9233</i>
                        <i>1 0 0 0 0.866737 -0.498766 0 0.498766 0.866737 0 1.43174 -1.9233</i>
                        <i>1 0 0 0 0.866655 -0.498909 0 0.498909 0.866655 0 1.43174 -1.9233</i>
                        <i>1 0 0 0 0.866572 -0.499053 0 0.499053 0.866572 0 1.43174 -1.9233</i>
                        <i>1 0 0 0 0.866489 -0.499196 0 0.499196 0.866489 0 1.43174 -1.9233</i>
                        <i>1 0 0 0 0.866408 -0.499336 0 0.499336 0.866408 0 1.43174 -1.9233</i>
                        <i>1 0 0 0 0.866331 -0.49947 0 0.49947 0.866331 0 1.43174 -1.9233</i>
                        <i>1 0 0 0 0.86626 -0.499594 0 0.499594 0.86626 0 1.43174 -1.9233</i>
                        <i>1 0 0 0 0.866195 -0.499707 0 0.499707 0.866195 0 1.43174 -1.9233</i>
                        <i>1 0 0 0 0.866138 -0.499805 0 0.499805 0.866138 0 1.43174 -1.9233</i>
                        <i>1 0 0 0 0.866091 -0.499886 0 0.499886 0.866091 0 1.43174 -1.9233</i>
                        <i>1 0 0 0 0.866056 -0.499948 0 0.499948 0.866056 0 1.43174 -1.9233</i>
                        <i>1 0 0 0 0.866033 -0.499986 0 0.499986 0.866033 0 1.43174 -1.9233</i>
                        <i>1 0 0 0 0.866025 -0.5 0 0.5 0.866025 0 1.43174 -1.9233</i>
                        <i>1 0 0 0 0.866025 -0.5 0 0.5 0.866025 0 1.43174 -1.9233</i>
                        <i>1 0 0 0 0.866025 -0.5 0 0.5 0.866025 0 1.43174 -1.9233</i>
                        <i>1 0 0 0 0.866025 -0.5 0 0.5 0.866025 0 1.43174 -1.9233</i>
                        <i>1 0 0 0 0.866025 -0.5 0 0.5 0.866025 0 1.42351 -1.9233</i>
                        <i>1 0 0 0 0.866025 -0.5 0 0.5 0.866025 0 1.40823 -1.9233</i>
                        <i>1 0 0 0 0.866025 -0.5 0 0.5 0.866025 7.10543e-017 1.4 -1.9233</i>
                        <i>1 0 0 0 0.866025 -0.5 0 0.5 0.866025 0 1.40823 -1.9233</i>
                        <i>1 0 0 0 0.866025 -0.5 0 0.5 0.866025 0 1.42351 -1.9233</i>
                        <i>1 0 0 0 0.866025 -0.5 0 0.5 0.866025 0 1.43174 -1.9233</i>
                        <i>1 0 0 0 0.866025 -0.5 0 0.5 0.866025 0 1.43174 -1.9233</i>
                        <i>1 0 0 0 0.866025 -0.5 0 0.5 0.866025 0 1.43174 -1.9233</i>
                        <i>1 0 0 0 0.866025 -0.5 0 0.5 0.866025 0 1.43174 -1.9233</i>
                        <i>1 0 0 0 0.866025 -0.5 0 0.5 0.866025 0 1.43174 -1.9233</i>
                        <i>1 0 0 0 0.866025 -0.5 0 0.5 0.866025 0 1.43174 -1.9233</i>
                        <i>1 0 0 0 0.866025 -0.5 0 0.5 0.866025 0 1.43174 -1.9233</i>
                        <i>1 0 0 0 0.866025 -0.5 0 0.5 0.866025 0 1.43174 -1.9233</i>
                        <i>1 0 0 0 0.866025 -0.5 0 0.5 0.866025 0 1.43174 -1.9233</i>
                        <i>1 0 0 0 0.866025 -0.5 0 0.5 0.866025 0 1.43174 -1.9233</i>
                        <i>1 0 0 0 0.866025 -0.5 0 0.5 0.866025 0 1.43174 -1.9233</i>
                        <i>1 0 0 0 0.866025 -0.5 0 0.5 0.866025 0 1.43174 -1.9233</i>
                        <i>1 0 0 0 0.866025 -0.5 0 0.5 0.866025 0 1.43174 -1.9233</i>
                        <i>1 0 0 0 0.866025 -0.5 0 0.5 0.866025 0 1.41587 -1.9233</i>
                        <i>1 0 0 0 0.866025 -0.5 0 0.5 0.866025 7.10543e-017 1.4 -1.9233</i>
                        <i>1 0 0 0 0.866025 -0.5 0 0.5 0.866025 0 1.40823 -1.9233</i>
                        <i>1 0 0 0 0.866025 -0.5 0 0.5 0.866025 0 1.42351 -1.9233</i>
                        <i>1 0 0 0 0.866025 -0.5 0 0.5 0.866025 0 1.43174 -1.9233</i>
                        <i>1 0 0 0 0.866025 -0.5 0 0.5 0.866025 0 1.43174 -1.9233</i>
                        <i>1 0 0 0 0.866025 -0.5 0 0.5 0.866025 0 1.43174 -1.9233</i>
                        <i>1 0 0 0 0.866025 -0.5 0 0.5 0.866025 0 1.43174 -1.9233</i>
                        <i>1 0 0 0 0.866025 -0.5 0 0.5 0.866025 0 1.43174 -1.9233</i>
                        <i>1 0 0 0 0.866025 -0.5 0 0.5 0.866025 0 1.43174 -1.9233</i>
                        <i>1 0 0 0 0.866025 -0.5 0 0.5 0.866025 0 1.43174 -1.9233</i>
                        <i>1 0 0 0 0.866025 -0.5 0 0.5 0.866025 0 1.43174 -1.9233</i>
                        <i>1 0 0 0 0.866025 -0.5 0 0.5 0.866025 0 1.43174 -1.9233</i>
                        <i>1 0 0 0 0.866025 -0.5 0 0.5 0.866025 0 1.43174 -1.9233</i>
                        <i>1 0 0 0 0.866025 -0.5 0 0.5 0.866025 0 1.43174 -1.9233</i>
                        <i>1 0 0 0 0.866025 -0.5 0 0.5 0.866025 0 1.43174 -1.9233</i>
                        <i>1 0 0 0 0.866025 -0.5 0 0.5 0.866025 0 1.43174 -1.9233</i>
                        <i>1 0 0 0 0.866025 -0.5 0 0.5 0.866025 0 1.43174 -1.9233</i>
                        <i>1 0 0 0 0.866025 -0.5 0 0.5 0.866025 0 1.43174 -1.9233</i>
                        <i>1 0 0 0 0.866025 -0.5 0 0.5 0.866025 0 1.43174 -1.9233</i>
                        <i>1 0 0 0 0.866025 -0.5 0 0.5 0.866025 0 1.43174 -1.9233</i>
                        <i>1 0 0 0 0.866025 -0.5 0 0.5 0.866025 0 1.43174 -1.9233</i>
                        <i>1 0 0 0 0.866025 -0.5 0 0.5 0.866025 0 1.43174 -1.9233</i>
                        <i>1 0 0 0 0.866025 -0.5 0 0.5 0.866025 0 1.43174 -1.9233</i>
                        <i>1 0 0 0 0.866025 -0.5 0 0.5 0.866025 0 1.43174 -1.9233</i>
                        <i>1 0 0 0 0.866025 -0.5 0 0.5 0.866025 0 1.43174 -1.9233</i>
                        <i>1 0 0 0 0.866025 -0.5 0 0.5 0.866025 0 1.43174 -1.9233</i>
                        <i>1 0 0 0 0.866025 -0.5 0 0.5 0.866025 0 1.43174 -1.9233</i>
                        <i>1 0 0 0 0.866025 -0.5 0 0.5 0.866025 0 1.43174 -1.9233</i>
                        <i>1 0 0 0 0.866025 -0.5 0 0.5 0.866025 0 1.43174 -1.9233</i>
                        <i>1 0 0 0 0.866025 -0.5 0 0.5 0.866025 0 1.43174 -1.9233</i>
                        <i>1 0 0 0 0.866025 -0.5 0 0.5 0.866025 0 1.43174 -1.9233</i>
                        <i>1 0 0 0 0.868242 -0.496141 0 0.496141 0.868242 0 1.43174 -1.9233</i>
                        <i>1 0 0 0 0.874535 -0.484962 0 0.484962 0.874535 0 1.43174 -1.9233</i>
                        <i>1 0 0 0 0.884255 -0.467004 0 0.467004 0.884255 0 1.43174 -1.9233</i>
                        <i>1 0 0 0 0.896641 -0.442758 0 0.442758 0.896641 0 1.43174 -1.9233</i>
                        <i>1 0 0 0 0.910864 -0.412707 0 0.412707 0.910864 0 1.43174 -1.9233</i>
                        <i>1 0 0 0 0.926068 -0.377356 0 0.377356 0.926068 0 1.43174 -1.9233</i>
                        <i>1 0 0 0 0.941412 -0.33726 0 0.33726 0.941412 0 1.43174 -1.9233</i>
                        <i>1 0 0 0 0.956101 -0.293039 0 0.293039 0.956101 0 1.43174 -1.9233</i>
                        <i>1 0 0 0 0.969424 -0.245392 0 0.245392 0.969424 0 1.43174 -1.9233</i>
                        <i>1 0 0 0 0.980785 -0.19509 0 0.19509 0.980785 0 1.43174 -1.9233</i>
                        <i>1 0 0 0 0.989726 -0.142974 0 0.142974 0.989726 0 1.43174 -1.9233</i>
                        <i>1 0 0 0 0.995947 -0.089937 0 0.089937 0.995947 0 1.43174 -1.9233</i>
                        <i>1 0 0 0 0.999319 -0.0369051 0 0.0369051 0.999319 0 1.43174 -1.9233</i>
                        <i>1 0 0 0 0.999885 0.015184 0 -0.015184 0.999885 0 1.43174 -1.9233</i>
                        <i>1 0 0 0 0.997859 0.0654033 0 -0.0654033 0.997859 0 1.43174 -1.9233</i>
                        <i>1 0 0 0 0.993611 0.112857 0 -0.112857 0.993611 0 1.43174 -1.9233</i>
                        <i>1 0 0 0 0.987647 0.156693 0 -0.156693 0.987647 0 1.43174 -1.9233</i>
                        <i>1 0 0 0 0.98058 0.196117 0 -0.196117 0.98058 0 1.43174 -1.9233</i>
                        <i>1 0 0 0 0.973099 0.230389 0 -0.230389 0.973099 0 1.43174 -1.9233</i>
                        <i>1 0 0 0 0.965926 0.258819 0 -0.258819 0.965926 0 1.43174 -1.9233</i>
                        <i>1 0 0 0 0.960221 0.279242 0 -0.279242 0.960221 0 1.43174 -1.9233</i>
                        <i>1 0 0 0 0.956712 0.291036 0 -0.291036 0.956712 0 1.43174 -1.9233</i>
                        <i>1 0 0 0 0.955253 0.295791 0 -0.295791 0.955253 0 1.43174 -1.9233</i>
                        <i>1 0 0 0 0.955485 0.295041 0 -0.295041 0.955485 0 1.43174 -1.9233</i>
                        <i>1 0 0 0 0.95694 0.290285 0 -0.290285 0.95694 0 1.43174 -1.9233</i>
                        <i>1 0 0 0 0.959117 0.283011 0 -0.283011 0.959117 0 1.43174 -1.9233</i>
                        <i>1 0 0 0 0.961526 0.274714 0 -0.274714 0.961526 0 1.43174 -1.9233</i>
                        <i>1 0 0 0 0.963724 0.266902 0 -0.266902 0.963724 0 1.43174 -1.9233</i>
                        <i>1 0 0 0 0.965313 0.261094 0 -0.261094 0.965313 0 1.43174 -1.9233</i>
                        <i>1 0 0 0 0.965926 0.258819 0 -0.258819 0.965926 0 1.43174 -1.9233</i>
                    </KeyFrames>
                </p>
            </i>
            <i>
                <p>
                    <Name><![CDATA[tube_brace]]></Name>
                    <Exclude>0</Exclude>
                    <Additive>0</Additive>
                    <IKPriority>0</IKPriority>
                    <IKRotLimits>-1e+010 -1e+010 -1e+010 1e+010 1e+010 1e+010</IKRotLimits>
                    <IKRotLimitOrder>0</IKRotLimitOrder>
                    <KeyFrames count="150">
                        <i>1 0 0 0 0.965926 0.258819 0 -0.258819 0.965926 -2.19188e-011 3.12703 -0.227275</i>
                        <i>1 0 0 0 0.972663 0.232223 0 -0.232223 0.972663 -2.18426e-011 3.17292 -0.274421</i>
                        <i>1 0 0 0 0.978802 0.20481 0 -0.20481 0.978802 -2.16204e-011 3.21855 -0.323981</i>
                        <i>1 0 0 0 0.984272 0.176662 0 -0.176662 0.984272 -2.12634e-011 3.26367 -0.375868</i>
                        <i>1 0 0 0 0.989007 0.14787 0 -0.14787 0.989007 -2.07832e-011 3.30804 -0.429976</i>
                        <i>1 0 0 0 0.992951 0.118524 0 -0.118524 0.992951 -2.01891e-011 3.35143 -0.48618</i>
                        <i>1 0 0 0 0.996056 0.0887229 0 -0.0887229 0.996056 -1.94923e-011 3.39362 -0.544338</i>
                        <i>1 0 0 0 0.998284 0.0585642 0 -0.0585642 0.998284 -1.87045e-011 3.43442 -0.60429</i>
                        <i>1 0 0 0 0.999604 0.0281498 0 -0.0281498 0.999604 -1.78353e-011 3.47364 -0.665862</i>
                        <i>1 0 0 0 0.999997 -0.00241699 0 0.00241699 0.999997 -1.68964e-011 3.51112 -0.728862</i>
                        <i>1 0 0 0 0.999454 -0.0330321 0 0.0330321 0.999454 -1.58976e-011 3.54672 -0.793085</i>
                        <i>1 0 0 0 0.997976 -0.0635909 0 0.0635909 0.997976 -1.48506e-011 3.5803 -0.858313</i>
                        <i>1 0 0 0 0.995573 -0.0939896 0 0.0939896 0.995573 -1.37661e-011 3.61178 -0.924317</i>
                        <i>1 0 0 0 0.992267 -0.124125 0 0.124125 0.992267 -1.26542e-011 3.64106 -0.99086</i>
                        <i>1 0 0 0 0.988087 -0.153897 0 0.153897 0.988087 -1.15264e-011 3.66809 -1.05769</i>
                        <i>1 0 0 0 0.983074 -0.183207 0 0.183207 0.983074 -1.03936e-011 3.69284 -1.12457</i>
                        <i>1 0 0 0 0.977278 -0.21196 0 0.21196 0.977278 -9.26583e-012 3.71529 -1.19123</i>
                        <i>1 0 0 0 0.970757 -0.240064 0 0.240064 0.970757 -8.15397e-012 3.73546 -1.25741</i>
                        <i>1 0 0 0 0.963577 -0.267433 0 0.267433 0.963577 -7.0694e-012 3.75337 -1.32285</i>
                        <i>1 0 0 0 0.955811 -0.293983 0 0.293983 0.955811 -6.02235e-012 3.76909 -1.3873</i>
                        <i>1 0 0 0 0.94754 -0.319639 0 0.319639 0.94754 -5.02368e-012 3.78269 -1.45049</i>
                        <i>1 0 0 0 0.93885 -0.344326 0 0.344326 0.93885 -4.08463e-012 3.79426 -1.51218</i>
                        <i>1 0 0 0 0.929834 -0.367979 0 0.367979 0.929834 -3.21549e-012 3.80391 -1.5721</i>
                        <i>1 0 0 0 0.920588 -0.390535 0 0.390535 0.920588 -2.42764e-012 3.81177 -1.63003</i>
                        <i>1 0 0 0 0.911212 -0.411938 0 0.411938 0.911212 -1.73131e-012 3.81797 -1.68572</i>
                        <i>1 0 0 0 0.901808 -0.432137 0 0.432137 0.901808 -1.13673e-012 3.82267 -1.73894</i>
                        <i>1 0 0 0 0.892482 -0.451083 0 0.451083 0.892482 -6.56399e-013 3.82603 -1.78947</i>
                        <i>1 0 0 0 0.883339 -0.468735 0 0.468735 0.883339 -2.99423e-013 3.82822 -1.83709</i>
                        <i>1 0 0 0 0.874485 -0.485053 0 0.485053 0.874485 -7.71649e-014 3.8294 -1.8816</i>
                        <i>1 0 0 0 0.866025 -0.5 0 0.5 0.866025 -9.9476e-016 3.82977 -1.92278</i>
                        <i>1 0 0 0 0.860104 -0.510118 0 0.510118 0.860104 -9.9476e-016 3.82961 -1.95089</i>
                        <i>1 0 0 0 0.857783 -0.514012 0 0.514012 0.857783 -9.9476e-016 3.82946 -1.96176</i>
                        <i>1 0 0 0 0.857395 -0.514658 0 0.514658 0.857395 -9.9476e-016 3.82943 -1.96357</i>
                        <i>1 0 0 0 0.8596 -0.510968 0 0.510968 0.8596 -9.9476e-016 3.82958 -1.95326</i>
                        <i>1 0 0 0 0.8637 -0.504006 0 0.504006 0.8637 -9.9476e-016 3.82974 -1.93389</i>
                        <i>1 0 0 0 0.866025 -0.5 0 0.5 0.866025 -9.9476e-016 3.82977 -1.92278</i>
                        <i>1 0 0 0 0.86626 -0.499594 0 0.499594 0.86626 -9.9476e-016 3.82977 -1.92166</i>
                        <i>1 0 0 0 0.866463 -0.499241 0 0.499241 0.866463 -9.9476e-016 3.82977 -1.92068</i>
                        <i>1 0 0 0 0.866637 -0.498939 0 0.498939 0.866637 -9.9476e-016 3.82976 -1.91984</i>
                        <i>1 0 0 0 0.866783 -0.498685 0 0.498685 0.866783 -9.9476e-016 3.82976 -1.91914</i>
                        <i>1 0 0 0 0.866904 -0.498475 0 0.498475 0.866904 -9.9476e-016 3.82976 -1.91856</i>
                        <i>1 0 0 0 0.867 -0.498308 0 0.498308 0.867 -9.9476e-016 3.82976 -1.9181</i>
                        <i>1 0 0 0 0.867073 -0.498181 0 0.498181 0.867073 -9.9476e-016 3.82976 -1.91775</i>
                        <i>1 0 0 0 0.867125 -0.498091 0 0.498091 0.867125 -9.9476e-016 3.82976 -1.9175</i>
                        <i>1 0 0 0 0.867157 -0.498035 0 0.498035 0.867157 -9.9476e-016 3.82976 -1.91734</i>
                        <i>1 0 0 0 0.867171 -0.49801 0 0.49801 0.867171 -9.9476e-016 3.82976 -1.91728</i>
                        <i>1 0 0 0 0.867168 -0.498015 0 0.498015 0.867168 -9.9476e-016 3.82976 -1.91729</i>
                        <i>1 0 0 0 0.867151 -0.498046 0 0.498046 0.867151 -9.9476e-016 3.82976 -1.91737</i>
                        <i>1 0 0 0 0.86712 -0.4981 0 0.4981 0.86712 -9.9476e-016 3.82976 -1.91752</i>
                        <i>1 0 0 0 0.867077 -0.498175 0 0.498175 0.867077 -9.9476e-016 3.82976 -1.91773</i>
                        <i>1 0 0 0 0.867023 -0.498268 0 0.498268 0.867023 -9.9476e-016 3.82976 -1.91799</i>
