<?xml version="1.0" encoding="ISO-8859-1" ?>
<Animl Version="1">
    <ModellingPackage><![CDATA[Maya.2010]]></ModellingPackage>
    <SrcFile><![CDATA[anims\vehicles\blue\~src\land\apc_m113\apc_m113_open.mb]]></SrcFile>
    <FramesPerSecond>30</FramesPerSecond>
    <TotalFrames>60</TotalFrames>
    <Skeleton>
        <RefFrame>
            <Name><![CDATA[m113_ref_frame]]></Name>
            <Exclude>1</Exclude>
            <Additive>0</Additive>
            <IKPriority>0</IKPriority>
            <IKRotLimits>-1e+010 -1e+010 -1e+010 1e+010 1e+010 1e+010</IKRotLimits>
            <IKRotLimitOrder>0</IKRotLimitOrder>
            <KeyFrames count="60">
                <i>1 0 0 0 1 0 0 0 1 0 0 0</i>
                <i>1 0 0 0 1 0 0 0 1 0 0 0</i>
                <i>1 0 0 0 1 0 0 0 1 0 0 0</i>
                <i>1 0 0 0 1 0 0 0 1 0 0 0</i>
                <i>1 0 0 0 1 0 0 0 1 0 0 0</i>
                <i>1 0 0 0 1 0 0 0 1 0 0 0</i>
                <i>1 0 0 0 1 0 0 0 1 0 0 0</i>
                <i>1 0 0 0 1 0 0 0 1 0 0 0</i>
                <i>1 0 0 0 1 0 0 0 1 0 0 0</i>
                <i>1 0 0 0 1 0 0 0 1 0 0 0</i>
                <i>1 0 0 0 1 0 0 0 1 0 0 0</i>
                <i>1 0 0 0 1 0 0 0 1 0 0 0</i>
                <i>1 0 0 0 1 0 0 0 1 0 0 0</i>
                <i>1 0 0 0 1 0 0 0 1 0 0 0</i>
                <i>1 0 0 0 1 0 0 0 1 0 0 0</i>
                <i>1 0 0 0 1 0 0 0 1 0 0 0</i>
                <i>1 0 0 0 1 0 0 0 1 0 0 0</i>
                <i>1 0 0 0 1 0 0 0 1 0 0 0</i>
                <i>1 0 0 0 1 0 0 0 1 0 0 0</i>
                <i>1 0 0 0 1 0 0 0 1 0 0 0</i>
                <i>1 0 0 0 1 0 0 0 1 0 0 0</i>
                <i>1 0 0 0 1 0 0 0 1 0 0 0</i>
                <i>1 0 0 0 1 0 0 0 1 0 0 0</i>
                <i>1 0 0 0 1 0 0 0 1 0 0 0</i>
                <i>1 0 0 0 1 0 0 0 1 0 0 0</i>
                <i>1 0 0 0 1 0 0 0 1 0 0 0</i>
                <i>1 0 0 0 1 0 0 0 1 0 0 0</i>
                <i>1 0 0 0 1 0 0 0 1 0 0 0</i>
                <i>1 0 0 0 1 0 0 0 1 0 0 0</i>
                <i>1 0 0 0 1 0 0 0 1 0 0 0</i>
                <i>1 0 0 0 1 0 0 0 1 0 0 0</i>
                <i>1 0 0 0 1 0 0 0 1 0 0 0</i>
                <i>1 0 0 0 1 0 0 0 1 0 0 0</i>
                <i>1 0 0 0 1 0 0 0 1 0 0 0</i>
                <i>1 0 0 0 1 0 0 0 1 0 0 0</i>
                <i>1 0 0 0 1 0 0 0 1 0 0 0</i>
                <i>1 0 0 0 1 0 0 0 1 0 0 0</i>
                <i>1 0 0 0 1 0 0 0 1 0 0 0</i>
                <i>1 0 0 0 1 0 0 0 1 0 0 0</i>
                <i>1 0 0 0 1 0 0 0 1 0 0 0</i>
                <i>1 0 0 0 1 0 0 0 1 0 0 0</i>
                <i>1 0 0 0 1 0 0 0 1 0 0 0</i>
                <i>1 0 0 0 1 0 0 0 1 0 0 0</i>
                <i>1 0 0 0 1 0 0 0 1 0 0 0</i>
                <i>1 0 0 0 1 0 0 0 1 0 0 0</i>
                <i>1 0 0 0 1 0 0 0 1 0 0 0</i>
                <i>1 0 0 0 1 0 0 0 1 0 0 0</i>
                <i>1 0 0 0 1 0 0 0 1 0 0 0</i>
                <i>1 0 0 0 1 0 0 0 1 0 0 0</i>
                <i>1 0 0 0 1 0 0 0 1 0 0 0</i>
                <i>1 0 0 0 1 0 0 0 1 0 0 0</i>
                <i>1 0 0 0 1 0 0 0 1 0 0 0</i>
                <i>1 0 0 0 1 0 0 0 1 0 0 0</i>
                <i>1 0 0 0 1 0 0 0 1 0 0 0</i>
                <i>1 0 0 0 1 0 0 0 1 0 0 0</i>
                <i>1 0 0 0 1 0 0 0 1 0 0 0</i>
                <i>1 0 0 0 1 0 0 0 1 0 0 0</i>
                <i>1 0 0 0 1 0 0 0 1 0 0 0</i>
                <i>1 0 0 0 1 0 0 0 1 0 0 0</i>
                <i>1 0 0 0 1 0 0 0 1 0 0 0</i>
            </KeyFrames>
        </RefFrame>
        <Bones count="21">
            <i>
                <p>
                    <Name><![CDATA[m113_root]]></Name>
                    <Exclude>1</Exclude>
                    <Additive>0</Additive>
                    <IKPriority>0</IKPriority>
                    <IKRotLimits>-1e+010 -1e+010 -1e+010 1e+010 1e+010 1e+010</IKRotLimits>
                    <IKRotLimitOrder>0</IKRotLimitOrder>
                    <KeyFrames count="60">
                        <i>1 0 0 0 1 0 0 0 1 0 0 0</i>
                        <i>1 0 0 0 1 0 0 0 1 0 0 0</i>
                        <i>1 0 0 0 1 0 0 0 1 0 0 0</i>
                        <i>1 0 0 0 1 0 0 0 1 0 0 0</i>
                        <i>1 0 0 0 1 0 0 0 1 0 0 0</i>
                        <i>1 0 0 0 1 0 0 0 1 0 0 0</i>
                        <i>1 0 0 0 1 0 0 0 1 0 0 0</i>
                        <i>1 0 0 0 1 0 0 0 1 0 0 0</i>
                        <i>1 0 0 0 1 0 0 0 1 0 0 0</i>
                        <i>1 0 0 0 1 0 0 0 1 0 0 0</i>
                        <i>1 0 0 0 1 0 0 0 1 0 0 0</i>
                        <i>1 0 0 0 1 0 0 0 1 0 0 0</i>
                        <i>1 0 0 0 1 0 0 0 1 0 0 0</i>
                        <i>1 0 0 0 1 0 0 0 1 0 0 0</i>
                        <i>1 0 0 0 1 0 0 0 1 0 0 0</i>
                        <i>1 0 0 0 1 0 0 0 1 0 0 0</i>
                        <i>1 0 0 0 1 0 0 0 1 0 0 0</i>
                        <i>1 0 0 0 1 0 0 0 1 0 0 0</i>
                        <i>1 0 0 0 1 0 0 0 1 0 0 0</i>
                        <i>1 0 0 0 1 0 0 0 1 0 0 0</i>
                        <i>1 0 0 0 1 0 0 0 1 0 0 0</i>
                        <i>1 0 0 0 1 0 0 0 1 0 0 0</i>
                        <i>1 0 0 0 1 0 0 0 1 0 0 0</i>
                        <i>1 0 0 0 1 0 0 0 1 0 0 0</i>
                        <i>1 0 0 0 1 0 0 0 1 0 0 0</i>
                        <i>1 0 0 0 1 0 0 0 1 0 0 0</i>
                        <i>1 0 0 0 1 0 0 0 1 0 0 0</i>
                        <i>1 0 0 0 1 0 0 0 1 0 0 0</i>
                        <i>1 0 0 0 1 0 0 0 1 0 0 0</i>
                        <i>1 0 0 0 1 0 0 0 1 0 0 0</i>
                        <i>1 0 0 0 1 0 0 0 1 0 0 0</i>
                        <i>1 0 0 0 1 0 0 0 1 0 0 0</i>
                        <i>1 0 0 0 1 0 0 0 1 0 0 0</i>
                        <i>1 0 0 0 1 0 0 0 1 0 0 0</i>
                        <i>1 0 0 0 1 0 0 0 1 0 0 0</i>
                        <i>1 0 0 0 1 0 0 0 1 0 0 0</i>
                        <i>1 0 0 0 1 0 0 0 1 0 0 0</i>
                        <i>1 0 0 0 1 0 0 0 1 0 0 0</i>
                        <i>1 0 0 0 1 0 0 0 1 0 0 0</i>
                        <i>1 0 0 0 1 0 0 0 1 0 0 0</i>
                        <i>1 0 0 0 1 0 0 0 1 0 0 0</i>
                        <i>1 0 0 0 1 0 0 0 1 0 0 0</i>
                        <i>1 0 0 0 1 0 0 0 1 0 0 0</i>
                        <i>1 0 0 0 1 0 0 0 1 0 0 0</i>
                        <i>1 0 0 0 1 0 0 0 1 0 0 0</i>
                        <i>1 0 0 0 1 0 0 0 1 0 0 0</i>
                        <i>1 0 0 0 1 0 0 0 1 0 0 0</i>
                        <i>1 0 0 0 1 0 0 0 1 0 0 0</i>
                        <i>1 0 0 0 1 0 0 0 1 0 0 0</i>
                        <i>1 0 0 0 1 0 0 0 1 0 0 0</i>
                        <i>1 0 0 0 1 0 0 0 1 0 0 0</i>
                        <i>1 0 0 0 1 0 0 0 1 0 0 0</i>
                        <i>1 0 0 0 1 0 0 0 1 0 0 0</i>
                        <i>1 0 0 0 1 0 0 0 1 0 0 0</i>
                        <i>1 0 0 0 1 0 0 0 1 0 0 0</i>
                        <i>1 0 0 0 1 0 0 0 1 0 0 0</i>
                        <i>1 0 0 0 1 0 0 0 1 0 0 0</i>
                        <i>1 0 0 0 1 0 0 0 1 0 0 0</i>
                        <i>1 0 0 0 1 0 0 0 1 0 0 0</i>
                        <i>1 0 0 0 1 0 0 0 1 0 0 0</i>
                    </KeyFrames>
                </p>
            </i>
            <i>
                <p>
                    <Name><![CDATA[m113_body]]></Name>
                    <Exclude>0</Exclude>
                    <Additive>1</Additive>
                    <IKPriority>0</IKPriority>
                    <IKRotLimits>-1e+010 -1e+010 -1e+010 1e+010 1e+010 1e+010</IKRotLimits>
                    <IKRotLimitOrder>0</IKRotLimitOrder>
                    <KeyFrames count="60">
                        <i>0.999956 -0.00934761 -6.77626e-021 0.00934733 0.999926 -0.00782098 7.31075e-005 0.00782064 0.999969 0 1 0</i>
                        <i>0.999966 -0.00821554 -6.77626e-021 0.00821507 0.999909 -0.0107062 8.79568e-005 0.0107058 0.999943 0 0.992509 0</i>
                        <i>0.999977 -0.00680943 0 0.00680885 0.999891 -0.0130751 8.90341e-005 0.0130748 0.999915 0 0.984229 0</i>
                        <i>0.999973 -0.00729548 6.77626e-021 0.00729464 0.999859 -0.0151312 0.000110389 0.0151308 0.999885 0 0.977526 0</i>
                        <i>0.99997 -0.00768408 1.35525e-020 0.00768308 0.99984 -0.0161577 0.000124157 0.0161572 0.999869 0 0.974766 0</i>
                        <i>0.999973 -0.00737591 0 0.00737497 0.999845 -0.0159804 0.00011787 0.01598 0.999872 0 0.977317 0</i>
                        <i>0.999965 -0.00839279 6.77626e-021 0.00839199 0.999869 -0.0138083 0.00011589 0.0138078 0.999905 0 0.983428 0</i>
                        <i>0.999969 -0.00782384 -6.77626e-021 0.00782339 0.999912 -0.0107049 8.37535e-005 0.0107046 0.999943 0 0.990787 0</i>
                        <i>0.999968 -0.00795272 0 0.00795244 0.999933 -0.00837582 6.66105e-005 0.00837555 0.999965 0 0.997082 0</i>
                        <i>0.999972 -0.00749132 0 0.0074911 0.999944 -0.00752458 5.6369e-005 0.00752437 0.999972 0 1 0</i>
                        <i>0.999977 -0.00685298 -3.38813e-021 0.00685277 0.999946 -0.00784117 5.37354e-005 0.00784099 0.999969 0 1.00044 0</i>
                        <i>0.999975 -0.00705456 0 0.00705435 0.999945 -0.00773415 5.4561e-005 0.00773396 0.99997 0 1.00085 0</i>
                        <i>0.999966 -0.00822314 0 0.0082229 0.999938 -0.0075272 6.18972e-005 0.00752695 0.999972 0 1.00122 0</i>
                        <i>0.999961 -0.00881897 0 0.00881881 0.999943 -0.00594767 5.24523e-005 0.00594744 0.999982 0 1.00155 0</i>
                        <i>0.999961 -0.00888393 0 0.00888369 0.999934 -0.00733349 6.51502e-005 0.0073332 0.999973 0 1.00186 0</i>
                        <i>0.999968 -0.00801244 -3.38813e-021 0.00801224 0.999943 -0.00711795 5.70322e-005 0.00711772 0.999975 0 1.00213 0</i>
                        <i>0.999965 -0.00835441 3.38813e-021 0.0083542 0.999941 -0.00701202 5.85812e-005 0.00701177 0.999975 0 1.00238 0</i>
                        <i>0.999967 -0.00807779 0 0.0080776 0.999944 -0.00683637 5.52228e-005 0.00683615 0.999977 0 1.00259 0</i>
                        <i>0.999977 -0.00675428 -3.38813e-021 0.00675415 0.999959 -0.00609639 4.11767e-005 0.00609625 0.999981 0 1.00278 0</i>
                        <i>0.999965 -0.0084025 0 0.00840226 0.999936 -0.00752387 6.32193e-005 0.0075236 0.999972 0 1.00294 0</i>
                        <i>0.999964 -0.00842931 0 0.00842901 0.999929 -0.00843668 7.11153e-005 0.00843638 0.999964 0 1.00307 0</i>
                        <i>0.999956 -0.00941815 -1.35525e-020 0.00941785 0.999925 -0.00787403 7.41588e-005 0.00787368 0.999969 0 1.00318 0</i>
                        <i>0.999962 -0.00869313 0 0.00869291 0.999937 -0.00705896 6.13644e-005 0.00705869 0.999975 0 1.00327 0</i>
                        <i>0.999967 -0.00815906 0 0.00815889 0.999947 -0.00635705 5.18675e-005 0.00635684 0.99998 0 1.00333 0</i>
                        <i>0.999968 -0.00802817 0 0.00802804 0.999951 -0.00578362 4.64319e-005 0.00578343 0.999983 0 1.00337 0</i>
                        <i>0.999968 -0.0080477 0 0.00804754 0.999948 -0.00624196 5.02334e-005 0.00624176 0.999981 0 1.00339 0</i>
                        <i>0.999969 -0.00785055 -3.38813e-021 0.00785038 0.999948 -0.00644055 5.05618e-005 0.00644035 0.999979 0 1.0034 0</i>
                        <i>0.999975 -0.00709846 0 0.00709835 0.999959 -0.00564834 4.00945e-005 0.00564819 0.999984 0 1.00338 0</i>
                        <i>0.999977 -0.00677417 0 0.00677407 0.999962 -0.00550397 3.72849e-005 0.00550384 0.999985 0 1.00335 0</i>
                        <i>0.999975 -0.00712126 0 0.00712111 0.999953 -0.00652358 4.64561e-005 0.00652341 0.999979 0 1.0033 0</i>
                        <i>0.999974 -0.00714816 0 0.007148 0.999951 -0.00686305 4.90582e-005 0.00686288 0.999976 0 1.00324 0</i>
                        <i>0.999974 -0.00725054 0 0.00725037 0.99995 -0.00690842 5.00898e-005 0.00690824 0.999976 0 1.00317 0</i>
                        <i>0.999957 -0.00922324 -3.38813e-021 0.00922304 0.999936 -0.00658692 6.07527e-005 0.00658664 0.999978 0 1.00308 0</i>
                        <i>0.999963 -0.00862244 0 0.00862222 0.999938 -0.00705346 6.0818e-005 0.0070532 0.999975 0 1.00298 0</i>
                        <i>0.999968 -0.00796366 3.38813e-021 0.00796354 0.999953 -0.00551064 4.38849e-005 0.00551047 0.999985 0 1.00287 0</i>
                        <i>0.999963 -0.0086335 0 0.00863328 0.999938 -0.00701904 6.05989e-005 0.00701878 0.999975 0 1.00275 0</i>
                        <i>0.999972 -0.00751655 3.38813e-021 0.00751632 0.999941 -0.00783577 5.88979e-005 0.00783554 0.999969 0 1.00262 0</i>
                        <i>0.999972 -0.00749879 0 0.00749865 0.999952 -0.00624102 4.68001e-005 0.00624084 0.999981 0 1.00249 0</i>
                        <i>0.999975 -0.00704229 3.38813e-021 0.00704215 0.999954 -0.00643718 4.53325e-005 0.00643702 0.999979 0 1.00235 0</i>
                        <i>0.999979 -0.00652398 0 0.00652377 0.999946 -0.00807049 5.26517e-005 0.00807032 0.999967 0 1.0022 0</i>
                        <i>0.999958 -0.00914471 0 0.00914439 0.999923 -0.00835636 7.64165e-005 0.00835601 0.999965 0 1.00205 0</i>
                        <i>0.99996 -0.00888869 0 0.00888843 0.999931 -0.00762102 6.77409e-005 0.00762072 0.999971 0 1.0019 0</i>
                        <i>0.999955 -0.00948781 0 0.00948758 0.999931 -0.00691624 6.56199e-005 0.00691593 0.999976 0 1.00175 0</i>
                        <i>0.999972 -0.00747642 0 0.00747623 0.999947 -0.00714532 5.34214e-005 0.00714512 0.999974 0 1.0016 0</i>
                        <i>0.999978 -0.00662206 0 0.0066219 0.999953 -0.00702377 4.65119e-005 0.00702362 0.999975 0 1.00145 0</i>
                        <i>0.999969 -0.00791852 -3.38813e-021 0.00791837 0.99995 -0.00615936 4.8773e-005 0.00615916 0.999981 0 1.00129 0</i>
                        <i>0.999972 -0.00750949 0 0.00750932 0.99995 -0.00668036 5.01661e-005 0.00668017 0.999978 0 1.00115 0</i>
                        <i>0.999972 -0.00750218 0 0.00750199 0.999946 -0.00717698 5.3843e-005 0.00717678 0.999974 0 1.001 0</i>
                        <i>0.999966 -0.00826839 -6.77626e-021 0.00826815 0.999937 -0.00761303 6.29475e-005 0.00761277 0.999971 0 1.00087 0</i>
                        <i>0.99997 -0.00777892 0 0.00777874 0.999947 -0.00674785 5.2491e-005 0.00674765 0.999977 0 1.00073 0</i>
                        <i>0.999973 -0.0072897 0 0.00728951 0.999947 -0.00731067 5.32926e-005 0.00731048 0.999973 0 1.00061 0</i>
                        <i>0.999973 -0.00728798 3.38813e-021 0.00728777 0.999946 -0.00747339 5.44659e-005 0.00747319 0.999972 0 1.00049 0</i>
                        <i>0.999977 -0.00683066 0 0.00683045 0.999946 -0.00784892 5.36133e-005 0.00784874 0.999969 0 1.00039 0</i>
                        <i>0.999972 -0.00743599 0 0.00743575 0.99994 -0.00800219 5.95042e-005 0.00800197 0.999968 0 1.00029 0</i>
                        <i>0.999965 -0.00831263 0 0.00831237 0.999934 -0.0079422 6.60205e-005 0.00794192 0.999968 0 1.00021 0</i>
                        <i>0.999962 -0.00875513 3.38813e-021 0.00875493 0.999939 -0.00672054 5.88392e-005 0.00672028 0.999977 0 1.00014 0</i>
                        <i>0.999961 -0.00886276 0 0.00886248 0.999928 -0.00802877 7.11571e-005 0.00802846 0.999968 0 1.00008 0</i>
                        <i>0.999968 -0.00801142 6.77626e-021 0.00801118 0.999939 -0.00762448 6.10829e-005 0.00762423 0.999971 0 1.00004 0</i>
                        <i>0.999965 -0.00840602 0 0.00840574 0.999932 -0.00810252 6.81099e-005 0.00810223 0.999967 0 1.00001 0</i>
                        <i>0.99997 -0.00776813 0 0.00776792 0.999942 -0.00741796 5.76237e-005 0.00741774 0.999972 0 1 0</i>
                    </KeyFrames>
                </p>
            </i>
            <i>
                <p>
                    <Name><![CDATA[l_tread_wiggle]]></Name>
                    <Exclude>0</Exclude>
                    <Additive>0</Additive>
                    <IKPriority>0</IKPriority>
                    <IKRotLimits>-1e+010 -1e+010 -1e+010 1e+010 1e+010 1e+010</IKRotLimits>
                    <IKRotLimitOrder>0</IKRotLimitOrder>
                    <KeyFrames count="60">
                        <i>0.997639 -0.068681 -4.65513e-011 0.068681 0.997639 4.64059e-010 4.42235e-012 8.46441e-010 1 1.37768 0.986056 -0.00431044</i>
                        <i>0.996889 -0.0788243 1.17208e-011 0.0788243 0.996889 -3.83856e-010 -3.25775e-012 -1.47124e-010 1 1.37768 0.990442 -0.00431044</i>
                        <i>0.997518 -0.0704154 -2.30357e-011 0.0704154 0.997518 1.39794e-010 2.71694e-012 5.08186e-010 1 1.37768 0.992361 -0.00431044</i>
                        <i>0.999252 -0.0386799 -7.66108e-012 0.0386799 0.999252 -2.85574e-010 -4.88837e-012 -4.19953e-011 1 1.37768 0.994977 -0.00431044</i>
                        <i>0.999944 -0.0106136 3.5504e-012 0.0106136 0.999944 -1.4299e-009 2.18591e-013 -5.29777e-011 1 1.37768 0.99912 -0.00431044</i>
                        <i>0.999991 -0.00421985 2.05757e-012 0.00421985 0.999991 1.78939e-009 2.0104e-012 1.35431e-009 1 1.37768 1.01431 -0.00431044</i>
                        <i>0.999943 -0.0106857 6.06017e-013 0.0106857 0.999943 -1.04436e-010 -1.09813e-012 -5.11487e-010 1 1.37768 1.04432 -0.00431044</i>
                        <i>0.999802 -0.0199234 -3.96058e-012 0.0199234 0.999801 9.81791e-010 4.04432e-012 1.08879e-009 1 1.37768 1.06489 -0.00431044</i>
                        <i>0.999665 -0.025861 4.34311e-012 0.025861 0.999666 2.94262e-011 -4.23553e-012 1.09659e-010 1 1.37768 1.04897 -0.00431044</i>
                        <i>0.999672 -0.0256153 -4.04861e-012 0.0256153 0.999672 2.35057e-010 -6.16454e-013 3.04759e-010 1 1.37768 1.01693 -0.00431044</i>
                        <i>0.999647 -0.0265653 -2.15053e-012 0.0265653 0.999647 3.05178e-011 2.47489e-013 -2.52275e-010 1 1.37768 0.988165 -0.00431044</i>
                        <i>0.999121 -0.0419234 1.31476e-011 0.0419234 0.999121 -1.67281e-011 -3.40155e-012 -5.4454e-010 1 1.37768 0.977294 -0.00431044</i>
                        <i>0.998675 -0.0514518 -1.86432e-012 0.0514518 0.998675 2.13329e-010 2.07881e-013 5.92855e-010 1 1.37768 0.982663 -0.00431044</i>
                        <i>0.998963 -0.0455224 4.15691e-012 0.0455224 0.998963 -1.30993e-010 -2.32318e-012 -2.89727e-010 1 1.37768 0.996551 -0.00431044</i>
                        <i>0.999138 -0.0415183 -8.04378e-012 0.0415183 0.999138 -3.98547e-010 -5.03264e-013 -2.66742e-010 1 1.37768 1.01199 -0.00431044</i>
                        <i>0.999569 -0.0293529 -8.32893e-012 0.0293529 0.999569 1.41073e-010 5.53978e-012 5.09424e-010 1 1.37768 1.02023 -0.00431044</i>
                        <i>0.999745 -0.0225825 2.35642e-012 0.0225825 0.999745 -2.10829e-011 3.08602e-012 -1.38494e-011 1 1.37768 1.01695 -0.00431044</i>
                        <i>0.999761 -0.0218487 -7.94821e-012 0.0218487 0.999761 1.14377e-010 2.93319e-012 -1.55307e-010 1 1.37768 1.02024 -0.00431044</i>
                        <i>0.999977 -0.00680415 1.53085e-014 0.00680415 0.999977 0 -1.94007e-012 4.39918e-011 1 1.37768 1.00924 -0.00431044</i>
                        <i>0.999965 0.00835552 2.64257e-012 -0.00835552 0.999965 1.01116e-011 -8.94461e-013 -3.9828e-010 1 1.37768 0.993885 -0.00431044</i>
                        <i>0.999964 0.00850981 -1.07384e-012 -0.00850981 0.999964 -2.8001e-010 -3.12083e-012 -1.67608e-010 1 1.37768 0.989995 -0.00431044</i>
                        <i>0.999968 -0.00802966 2.67172e-013 0.00802966 0.999968 5.8912e-011 6.49127e-012 -5.44738e-011 1 1.37768 0.993414 -0.00431044</i>
                        <i>0.99994 -0.0109528 8.46814e-013 0.0109528 0.99994 -6.82254e-011 -1.48513e-012 -6.37995e-011 1 1.37768 0.99715 -0.00431044</i>
                        <i>0.999972 -0.00745769 1.14713e-013 0.00745769 0.999972 -3.46969e-010 -1.71745e-012 -4.40002e-010 1 1.37768 1.00577 -0.00431044</i>
                        <i>0.999952 -0.0097541 2.5448e-013 0.0097541 0.999952 -2.29153e-010 -5.23164e-012 -1.06898e-010 1 1.37768 1.00012 -0.00431044</i>
                        <i>0.999809 -0.0195441 3.83825e-012 0.0195441 0.999809 3.55314e-011 -1.59456e-012 -6.99388e-011 1 1.37768 0.993564 -0.00431044</i>
                        <i>0.999911 -0.0133534 3.60428e-013 0.0133534 0.999911 1.86053e-010 8.83571e-013 1.01873e-010 1 1.37768 0.998464 -0.00431044</i>
                        <i>0.999996 0.00294019 -2.95905e-012 -0.00294019 0.999996 -4.9647e-010 -1.72454e-012 -4.16569e-010 1 1.37768 1.00116 -0.00431044</i>
                        <i>0.999991 0.00421923 -2.04774e-012 -0.00421923 0.999991 -2.87749e-010 -4.00912e-013 -3.54021e-010 1 1.37768 1.00353 -0.00431044</i>
                        <i>0.999997 -0.00257826 -2.1594e-012 0.00257826 0.999997 -2.5091e-010 -1.0855e-012 -5.11555e-011 1 1.37768 0.997074 -0.00431044</i>
                        <i>0.999944 0.010603 2.74089e-012 -0.010603 0.999944 -6.87753e-011 1.86705e-012 -5.92611e-011 1 1.37768 0.996963 -0.00431044</i>
                        <i>0.999647 0.0265526 2.00243e-011 -0.0265526 0.999647 -5.02204e-011 7.66634e-013 -1.11998e-011 1 1.37768 0.983234 -0.00431044</i>
                        <i>0.999687 0.0250319 9.88018e-012 -0.0250319 0.999687 -4.37921e-011 3.49974e-012 2.12164e-012 1 1.37768 0.983706 -0.00431044</i>
                        <i>0.999915 0.0130687 -9.77033e-012 -0.0130687 0.999915 2.83556e-010 3.60189e-013 1.80619e-010 1 1.37768 0.995424 -0.00431044</i>
                        <i>0.999873 0.0159516 -8.1053e-012 -0.0159516 0.999873 1.77146e-010 -1.92776e-012 1.20382e-010 1 1.37768 0.99574 -0.00431044</i>
                        <i>0.999626 0.0273488 1.89231e-011 -0.0273488 0.999626 4.98085e-010 5.93915e-012 6.68578e-010 1 1.37768 0.995499 -0.00431044</i>
                        <i>0.999829 0.0184857 5.94543e-012 -0.0184857 0.999829 4.96223e-010 4.12406e-012 6.64083e-010 1 1.37768 0.995549 -0.00431044</i>
                        <i>0.999967 0.0081619 6.99734e-013 -0.0081619 0.999967 1.24029e-010 -2.34854e-013 -3.41949e-010 1 1.37768 1.00066 -0.00431044</i>
                        <i>0.999787 0.0206179 -9.91879e-012 -0.0206179 0.999787 1.304e-010 -2.09806e-013 -1.05167e-010 1 1.37768 1.00568 -0.00431044</i>
                        <i>0.999189 0.040259 -1.36767e-012 -0.040259 0.999189 3.74575e-011 -2.13919e-012 -5.5825e-010 1 1.37768 1.00527 -0.00431044</i>
                        <i>0.999195 0.0401054 -1.37216e-011 -0.0401054 0.999195 -7.11938e-010 -7.57691e-012 -8.12672e-011 1 1.37768 0.998902 -0.00431044</i>
                        <i>0.999422 0.0339894 -2.17688e-011 -0.0339894 0.999422 -2.92671e-010 -4.32463e-012 -1.07702e-010 1 1.37768 0.997791 -0.00431044</i>
                        <i>0.999646 0.0266072 3.70467e-012 -0.0266072 0.999646 1.53102e-010 1.31697e-012 -2.78698e-010 1 1.37768 1.00031 -0.00431044</i>
                        <i>0.999903 0.0139148 5.81646e-012 -0.0139148 0.999903 1.12903e-010 1.14637e-012 -1.91991e-011 1 1.37768 1.00102 -0.00431044</i>
                        <i>1 0.000975499 -1.49029e-013 -0.000975499 1 -3.96951e-010 9.7524e-013 -6.70652e-011 1 1.37768 0.996431 -0.00431044</i>
                        <i>0.9999 -0.0141508 -1.0561e-013 0.0141508 0.9999 1.04918e-011 1.43332e-012 -1.37337e-010 1 1.37768 0.99238 -0.00431044</i>
                        <i>0.99981 -0.0195142 1.21183e-013 0.0195142 0.99981 -8.2592e-011 2.26158e-013 -2.49154e-010 1 1.37768 0.997443 -0.00431044</i>
                        <i>0.99976 -0.0219234 2.97799e-012 0.0219234 0.99976 4.23215e-011 -9.47481e-013 -1.79082e-010 1 1.37768 0.997186 -0.00431044</i>
                        <i>0.999546 -0.0301132 -3.39334e-012 0.0301132 0.999546 3.98787e-010 1.01571e-012 1.67957e-010 1 1.37768 1.00301 -0.00431044</i>
                        <i>0.999621 -0.027539 5.03933e-012 0.027539 0.999621 -1.73614e-010 -3.36591e-012 -1.01403e-010 1 1.37768 0.999223 -0.00431044</i>
                        <i>0.999777 -0.0211208 -3.58684e-012 0.0211208 0.999777 -2.60631e-011 4.13579e-013 1.68863e-010 1 1.37768 0.990018 -0.00431044</i>
                        <i>0.999816 -0.0191804 6.33814e-012 0.0191804 0.999816 -2.0872e-010 -2.48162e-012 -1.41526e-010 1 1.37768 0.990488 -0.00431044</i>
                        <i>0.999655 -0.0262549 4.1281e-012 0.0262549 0.999655 -5.32283e-010 1.48591e-013 -5.42562e-010 1 1.37768 1.00087 -0.00431044</i>
                        <i>0.999555 -0.0298303 5.26745e-012 0.0298303 0.999555 -7.86238e-010 -3.16076e-012 -3.34568e-010 1 1.37768 1.00459 -0.00431044</i>
                        <i>0.99944 -0.0334723 1.29492e-011 0.0334723 0.99944 -7.65285e-010 3.87998e-012 -1.64206e-010 1 1.37768 1.00324 -0.00431044</i>
                        <i>0.999365 -0.0356358 9.54131e-012 0.0356358 0.999365 -2.10288e-010 -2.27109e-013 6.5165e-011 1 1.37768 0.997119 -0.00431044</i>
                        <i>0.999218 -0.0395356 9.13791e-012 0.0395356 0.999218 -5.37862e-010 -2.72307e-013 -3.42347e-010 1 1.37768 0.995343 -0.00431044</i>
                        <i>0.99953 -0.0306634 -1.7061e-012 0.0306634 0.99953 -2.26259e-010 7.47194e-013 3.13227e-011 1 1.37768 1.0001 -0.00431044</i>
                        <i>0.999966 -0.00829225 -1.34122e-014 0.00829225 0.999966 0 -5.71506e-012 -9.32938e-010 1 1.37768 0.996113 -0.00431044</i>
                        <i>0.999997 0.00255944 4.24718e-013 -0.00255945 0.999997 -5.23551e-010 -4.64317e-012 -2.51534e-010 1 1.37768 0.996925 -0.00431044</i>
                    </KeyFrames>
                </p>
            </i>
            <i>
                <p>
                    <Name><![CDATA[r_tread_wiggle]]></Name>
                    <Exclude>0</Exclude>
                    <Additive>0</Additive>
                    <IKPriority>0</IKPriority>
                    <IKRotLimits>-1e+010 -1e+010 -1e+010 1e+010 1e+010 1e+010</IKRotLimits>
                    <IKRotLimitOrder>0</IKRotLimitOrder>
                    <KeyFrames count="60">
                        <i>0.999987 -0.00519737 2.55963e-012 -0.00519737 -0.999986 -5.40975e-010 -4.42235e-012 -8.46441e-010 -1 -1.37768 0.994134 -0.00431044</i>
                        <i>0.999976 0.00691814 2.77424e-012 0.00691814 -0.999976 6.21094e-010 3.25775e-012 1.47124e-010 -1 -1.37768 0.991361 -0.00431044</i>
                        <i>0.999922 0.0124915 1.24952e-013 0.0124915 -0.999922 -2.28224e-010 -2.71694e-012 -5.08186e-010 -1 -1.37768 0.989565 -0.00431044</i>
                        <i>0.999947 0.0103107 -3.53538e-012 0.0103107 -0.999947 -1.14308e-010 4.88838e-012 4.19953e-011 -1 -1.37768 0.989503 -0.00431044</i>
                        <i>0.999965 0.00842292 1.0767e-011 0.00842292 -0.999965 1.41429e-009 -2.18589e-013 5.29777e-011 -1 -1.37768 0.995692 -0.00431044</i>
                        <i>0.999998 0.00200023 1.37848e-011 0.00200023 -0.999998 -8.21834e-010 -2.0104e-012 -1.35431e-009 -1 -1.37768 1.01839 -0.00431044</i>
                        <i>0.999999 -0.00132953 -5.45551e-012 -0.00132953 -0.999999 5.26525e-010 1.09813e-012 5.11487e-010 -1 -1.37768 1.04846 -0.00431044</i>
                        <i>1 -0.000282332 3.86185e-012 -0.000282333 -1 -7.62199e-010 -4.04432e-012 -1.08879e-009 -1 -1.37768 1.05806 -0.00431044</i>
                        <i>1 -0.000402208 3.01299e-012 -0.000402209 -1 -2.25415e-010 4.23553e-012 -1.09659e-010 -1 -1.37768 1.04541 -0.00431044</i>
                        <i>0.999999 -0.00156419 2.95596e-012 -0.00156419 -0.999999 -5.28993e-010 6.16456e-013 -3.04759e-010 -1 -1.37768 1.0181 -0.00431044</i>
                        <i>0.999998 -0.00199163 3.07148e-012 -0.00199163 -0.999998 -3.41233e-010 -2.47487e-013 2.52275e-010 -1 -1.37768 0.992446 -0.00431044</i>
                        <i>0.999995 0.00302843 -1.62604e-013 0.00302843 -0.999995 2.46245e-010 3.40155e-012 5.4454e-010 -1 -1.37768 0.977386 -0.00431044</i>
                        <i>0.999987 0.00508706 3.06819e-012 0.00508706 -0.999987 1.04978e-010 -2.0788e-013 -5.92855e-010 -1 -1.37768 0.98247 -0.00431044</i>
                        <i>0.999984 0.00570638 -6.90868e-012 0.00570638 -0.999984 2.19462e-010 2.32318e-012 2.89727e-010 -1 -1.37768 1.00026 -0.00431044</i>
                        <i>1 -0.000411667 -1.31417e-012 -0.000411666 -1 4.17008e-010 5.03264e-013 2.66742e-010 -1 -1.37768 1.01299 -0.00431044</i>
                        <i>0.999971 -0.00756365 -1.7286e-014 -0.00756365 -0.999971 -3.82876e-010 -5.53978e-012 -5.09424e-010 -1 -1.37768 1.0227 -0.00431044</i>
                        <i>0.999916 -0.0129425 -1.42523e-012 -0.0129425 -0.999916 6.13961e-011 -3.08601e-012 1.38494e-011 -1 -1.37768 1.01881 -0.00431044</i>
                        <i>0.999894 -0.0145403 -1.80554e-012 -0.0145403 -0.999894 -1.28769e-010 -2.93319e-012 1.55307e-010 -1 -1.37768 1.01527 -0.00431044</i>
                        <i>0.999944 -0.0105623 -8.95538e-013 -0.0105623 -0.999944 2.6887e-010 1.94007e-012 -4.39918e-011 -1 -1.37768 1.01049 -0.00431044</i>
                        <i>0.999999 -0.00126157 -4.65125e-012 -0.00126157 -0.999999 -9.27529e-011 8.94461e-013 3.9828e-010 -1 -1.37768 1.00968 -0.00431044</i>
                        <i>0.999999 0.00125285 -5.42878e-012 0.00125285 -0.999999 5.46054e-010 3.12083e-012 1.67608e-010 -1 -1.37768 1.00142 -0.00431044</i>
                        <i>1 5.31694e-005 3.61827e-012 5.31705e-005 -1 -4.44311e-010 -6.49127e-012 5.44738e-011 -1 -1.37768 0.993511 -0.00431044</i>
                        <i>0.999994 0.00334898 -1.44598e-012 0.00334898 -0.999994 1.20897e-010 1.48513e-012 6.37995e-011 -1 -1.37768 0.996314 -0.00431044</i>
                        <i>0.999979 0.00644793 -7.59569e-013 0.00644793 -0.999979 2.06457e-010 1.71745e-012 4.40002e-010 -1 -1.37768 0.998619 -0.00431044</i>
                        <i>0.999917 0.0129131 -4.3636e-012 0.0129131 -0.999917 5.2114e-010 5.23165e-012 1.06898e-010 -1 -1.37768 0.998313 -0.00431044</i>
                        <i>0.999934 0.0114572 -2.58691e-015 0.0114572 -0.999934 2.0176e-010 1.59456e-012 6.99388e-011 -1 -1.37768 0.997289 -0.00431044</i>
                        <i>0.999917 0.0128563 8.57594e-012 0.0128563 -0.999917 -1.83682e-010 -8.8357e-013 -1.01873e-010 -1 -1.37768 0.997891 -0.00431044</i>
                        <i>0.999875 0.015778 4.15937e-012 0.015778 -0.999876 1.68213e-011 1.72454e-012 4.16569e-010 -1 -1.37768 0.993419 -0.00431044</i>
                        <i>0.999956 0.00936727 -6.78286e-013 0.00936728 -0.999956 -3.63579e-011 4.00914e-013 3.54021e-010 -1 -1.37768 0.99413 -0.00431044</i>
                        <i>0.999999 0.00148637 -2.42723e-012 0.00148637 -0.999999 -1.8261e-010 1.0855e-012 5.11555e-011 -1 -1.37768 0.996204 -0.00431044</i>
                        <i>0.999989 -0.00475338 1.03538e-013 -0.00475338 -0.999989 -7.80331e-011 -1.86705e-012 5.92611e-011 -1 -1.37768 0.996145 -0.00431044</i>
                        <i>0.999979 -0.00645302 2.31735e-013 -0.00645302 -0.999979 -1.42394e-010 -7.66633e-013 1.11998e-011 -1 -1.37768 0.987819 -0.00431044</i>
                        <i>0.999975 -0.00712512 4.00735e-013 -0.00712512 -0.999975 -9.14141e-011 -3.49974e-012 -2.12164e-012 -1 -1.37768 0.987683 -0.00431044</i>
                        <i>0.999989 -0.00464612 -8.92168e-013 -0.00464612 -0.999989 -3.7751e-011 -3.60187e-013 -1.80619e-010 -1 -1.37768 0.993885 -0.00431044</i>
                        <i>0.999999 -0.00154631 -1.12741e-013 -0.00154631 -0.999999 3.00934e-010 1.92777e-012 -1.20382e-010 -1 -1.37768 0.996741 -0.00431044</i>
                        <i>0.999936 0.0112777 4.49578e-012 0.0112777 -0.999936 -5.94674e-010 -5.93915e-012 -6.68578e-010 -1 -1.37768 0.997547 -0.00431044</i>
                        <i>0.999822 0.0188579 4.25229e-012 0.0188579 -0.999822 -2.58942e-010 -4.12406e-012 -6.64083e-010 -1 -1.37768 0.995887 -0.00431044</i>
                        <i>0.999778 0.0210849 3.62388e-012 0.0210849 -0.999778 -1.97535e-010 2.34856e-013 3.41949e-010 -1 -1.37768 0.993224 -0.00431044</i>
                        <i>0.999813 0.0193415 -2.30873e-013 0.0193415 -0.999813 -9.20816e-011 2.09806e-013 1.05167e-010 -1 -1.37768 0.990626 -0.00431044</i>
                        <i>0.999917 0.0128567 -5.58677e-012 0.0128567 -0.999917 3.90837e-010 2.13919e-012 5.5825e-010 -1 -1.37768 0.99108 -0.00431044</i>
                        <i>0.999978 0.0066457 -1.63562e-011 0.0066457 -0.999978 6.32994e-010 7.57691e-012 8.12672e-011 -1 -1.37768 0.995493 -0.00431044</i>
                        <i>0.999996 0.00267696 -2.16671e-012 0.00267696 -0.999996 2.18083e-010 4.32464e-012 1.07702e-010 -1 -1.37768 0.997822 -0.00431044</i>
                        <i>0.999987 0.00519146 1.7997e-012 0.00519146 -0.999987 -2.89805e-010 -1.31696e-012 2.78698e-010 -1 -1.37768 0.997474 -0.00431044</i>
                        <i>0.999968 0.00802018 -1.80757e-012 0.00802018 -0.999968 1.49722e-011 -1.14637e-012 1.91991e-011 -1 -1.37768 0.994219 -0.00431044</i>
                        <i>0.999974 0.00724594 -3.24385e-012 0.00724594 -0.999974 3.76205e-010 -9.7524e-013 6.70652e-011 -1 -1.37768 0.994684 -0.00431044</i>
                        <i>0.999992 0.00400979 2.4775e-012 0.00400979 -0.999992 -1.69838e-010 -1.43332e-012 1.37337e-010 -1 -1.37768 0.992412 -0.00431044</i>
                        <i>0.999996 0.00289055 -2.13718e-012 0.00289055 -0.999996 -2.02956e-010 -2.26159e-013 2.49154e-010 -1 -1.37768 0.995397 -0.00431044</i>
                        <i>0.999989 0.00476708 3.73237e-012 0.00476708 -0.999989 -1.34435e-010 9.47483e-013 1.79082e-010 -1 -1.37768 0.99644 -0.00431044</i>
                        <i>0.999962 0.00872472 1.16306e-011 0.00872472 -0.999962 -1.0676e-010 -1.0157e-012 -1.67957e-010 -1 -1.37768 0.997379 -0.00431044</i>
                        <i>0.999945 0.0105033 -4.95679e-012 0.0105033 -0.999945 2.80651e-011 3.36592e-012 1.01403e-010 -1 -1.37768 0.998347 -0.00431044</i>
                        <i>0.999964 0.00852628 -6.76516e-014 0.00852628 -0.999964 -1.04594e-010 -4.13578e-013 -1.68863e-010 -1 -1.37768 1.00088 -0.00431044</i>
                        <i>0.999997 0.00246452 -7.37195e-012 0.00246452 -0.999997 2.67078e-010 2.48162e-012 1.41526e-010 -1 -1.37768 0.99936 -0.00431044</i>
                        <i>0.99999 -0.00439908 -2.44763e-013 -0.00439908 -0.99999 3.58576e-010 -1.48589e-013 5.42562e-010 -1 -1.37768 0.996117 -0.00431044</i>
                        <i>0.999976 -0.00698429 7.20049e-014 -0.00698429 -0.999976 -2.26431e-011 3.16076e-012 3.34568e-010 -1 -1.37768 0.997039 -0.00431044</i>
                        <i>0.999946 -0.0104354 1.69499e-012 -0.0104354 -0.999946 6.36973e-010 -3.87998e-012 1.64206e-010 -1 -1.37768 0.994815 -0.00431044</i>
                        <i>0.999966 -0.0082866 -3.64589e-014 -0.00828661 -0.999966 1.30151e-010 2.27108e-013 -6.5165e-011 -1 -1.37768 0.992544 -0.00431044</i>
                        <i>0.999936 -0.0113442 1.73949e-012 -0.0113442 -0.999936 7.38742e-010 2.72307e-013 3.42347e-010 -1 -1.37768 0.993208 -0.00431044</i>
                        <i>0.999885 -0.0151517 4.84507e-013 -0.0151517 -0.999885 1.23143e-010 -7.47194e-013 -3.13227e-011 -1 -1.37768 0.995859 -0.00431044</i>
                        <i>0.999864 -0.0164711 3.32578e-012 -0.0164711 -0.999864 3.49176e-010 5.71506e-012 9.32938e-010 -1 -1.37768 0.99324 -0.00431044</i>
                        <i>0.999782 -0.0208668 6.68342e-012 -0.0208668 -0.999782 2.94774e-010 4.64317e-012 2.51534e-010 -1 -1.37768 0.993535 -0.00431044</i>
                    </KeyFrames>
                </p>
            </i>
            <i>
                <p>
                    <Name><![CDATA[rear_hatch]]></Name>
                    <Exclude>0</Exclude>
                    <Additive>0</Additive>
                    <IKPriority>0</IKPriority>
                    <IKRotLimits>-1e+010 -1e+010 -1e+010 1e+010 1e+010 1e+010</IKRotLimits>
                    <IKRotLimitOrder>0</IKRotLimitOrder>
                    <KeyFrames count="60">
                        <i>0.999956 -0.00934761 -6.77626e-021 -0.00934733 -0.999926 0.00782098 -7.31075e-005 -0.00782064 -0.999969 -0.00334477 0.642195 -2.74787</i>
                        <i>0.999966 -0.00821554 -6.77626e-021 -0.00821507 -0.999909 0.0107062 -8.79568e-005 -0.0107058 -0.999943 -0.00300481 0.626774 -2.74683</i>
                        <i>0.999977 -0.00680943 0 -0.00680885 -0.999891 0.0130751 -8.90341e-005 -0.0130748 -0.999915 -0.00253484 0.611984 -2.74595</i>
                        <i>0.999973 -0.00729548 6.77626e-021 -0.00729464 -0.999859 0.0151312 -0.000110389 -0.0151308 -0.999885 -0.00275696 0.599637 -2.74518</i>
                        <i>0.99997 -0.00768408 1.35525e-020 -0.00768308 -0.99984 0.0161577 -0.000124157 -0.0161572 -0.999869 -0.00292547 0.59406 -2.74479</i>
                        <i>0.999973 -0.00737591 0 -0.00737497 -0.999845 0.0159804 -0.00011787 -0.01598 -0.999872 -0.00280455 0.597097 -2.74486</i>
                        <i>0.999965 -0.00839279 6.77626e-021 -0.00839199 -0.999869 0.0138083 -0.00011589 -0.0138078 -0.999905 -0.00314115 0.609174 -2.74568</i>
                        <i>0.999969 -0.00782384 -6.77626e-021 -0.00782339 -0.999912 0.0107049 -8.37535e-005 -0.0107046 -0.999943 -0.00286152 0.625055 -2.74683</i>
                        <i>0.999968 -0.00795272 0 -0.00795244 -0.999933 0.00837582 -6.66105e-005 -0.00837555 -0.999965 -0.00285777 0.637748 -2.74767</i>
                        <i>0.999972 -0.00749132 0 -0.0074911 -0.999944 0.00752458 -5.6369e-005 -0.00752437 -0.999972 -0.00267444 0.643004 -2.74798</i>
                        <i>0.999977 -0.00685298 -3.38813e-021 -0.0068528 -0.999951 0.00719321 -4.92949e-005 -0.00719304 -0.999974 -0.00245252 0.642573 -2.74786</i>
                        <i>0.999975 -0.00705456 0 -0.00705439 -0.999951 0.00696522 -4.91366e-005 -0.00696505 -0.999976 -0.00252258 0.643273 -2.7479</i>
                        <i>0.999966 -0.00822314 0 -0.00822273 -0.999917 0.00989864 -8.13978e-005 -0.0098983 -0.999951 -0.00293577 0.644215 -2.74797</i>
                        <i>0.999961 -0.00881897 0 -0.00881762 -0.999809 0.0174547 -0.000153933 -0.017454 -0.999848 -0.0031102 0.648895 -2.74853</i>
                        <i>0.999961 -0.00888393 0 -0.00887794 -0.999287 0.0366999 -0.000326039 -0.0366985 -0.999326 -0.00316695 0.645391 -2.74804</i>
                        <i>0.999968 -0.00801244 -3.38813e-021 -0.00799509 -0.997802 0.0657766 -0.000527031 -0.0657745 -0.997834 -0.00285154 0.646255 -2.74812</i>
                        <i>0.999965 -0.00835441 3.38813e-021 -0.0083046 -0.994004 0.109032 -0.000910895 -0.109028 -0.994038 -0.0029708 0.64679 -2.74816</i>
                        <i>0.999967 -0.00807779 0 -0.00796198 -0.985631 0.168727 -0.00136294 -0.168721 -0.985663 -0.00286854 0.647487 -2.74822</i>
                        <i>0.999977 -0.00675428 -3.38813e-021 -0.0062878 -0.930915 0.365181 -0.00246653 -0.365173 -0.930937 -0.00238481 0.649704 -2.74848</i>
                        <i>0.999965 -0.0084025 0 -0.00701381 -0.8347 0.55066 -0.00462692 -0.55064 -0.83473 -0.00299972 0.645945 -2.74798</i>
                        <i>0.999964 -0.00842931 0 -0.00593842 -0.704472 0.709707 -0.00598234 -0.709682 -0.704497 -0.00303044 0.643571 -2.74765</i>
                        <i>0.999956 -0.00941815 -1.35525e-020 -0.00520775 -0.552925 0.833215 -0.00784734 -0.833178 -0.552949 -0.00337138 0.64523 -2.74785</i>
                        <i>0.999962 -0.00869313 0 -0.0034231 -0.393756 0.919209 -0.0079908 -0.919174 -0.393771 -0.00309237 0.647553 -2.74814</i>
                        <i>0.999967 -0.00815906 0 -0.0019679 -0.241184 0.970477 -0.00791818 -0.970445 -0.241192 -0.00288665 0.649544 -2.74839</i>
                        <i>0.999968 -0.00802817 0 -0.000867197 -0.108016 0.994149 -0.0079812 -0.994117 -0.108019 -0.00282769 0.651162 -2.74859</i>
                        <i>0.999968 -0.0080477 0 -2.80807e-005 -0.00348917 0.999994 -0.00804765 -0.999962 -0.00348928 -0.00284471 0.649925 -2.74843</i>
