<?xml version="1.0" encoding="ISO-8859-1" ?>
<Animl Version="1">
    <ModellingPackage><![CDATA[Maya.2010]]></ModellingPackage>
    <SrcFile><![CDATA[anims\vehicles\blue\~src\land\apc_m113\apc_m113_idle.mb]]></SrcFile>
    <FramesPerSecond>30</FramesPerSecond>
    <TotalFrames>48</TotalFrames>
    <Skeleton>
        <RefFrame>
            <Name><![CDATA[m113_ref_frame]]></Name>
            <Exclude>0</Exclude>
            <Additive>0</Additive>
            <IKPriority>0</IKPriority>
            <IKRotLimits>-1e+010 -1e+010 -1e+010 1e+010 1e+010 1e+010</IKRotLimits>
            <IKRotLimitOrder>0</IKRotLimitOrder>
            <KeyFrames count="48">
                <i>1 0 0 0 1 0 0 0 1 0 0 0</i>
                <i>1 0 0 0 1 0 0 0 1 0 0 0</i>
                <i>1 0 0 0 1 0 0 0 1 0 0 0</i>
                <i>1 0 0 0 1 0 0 0 1 0 0 0</i>
                <i>1 0 0 0 1 0 0 0 1 0 0 0</i>
                <i>1 0 0 0 1 0 0 0 1 0 0 0</i>
                <i>1 0 0 0 1 0 0 0 1 0 0 0</i>
                <i>1 0 0 0 1 0 0 0 1 0 0 0</i>
                <i>1 0 0 0 1 0 0 0 1 0 0 0</i>
                <i>1 0 0 0 1 0 0 0 1 0 0 0</i>
                <i>1 0 0 0 1 0 0 0 1 0 0 0</i>
                <i>1 0 0 0 1 0 0 0 1 0 0 0</i>
                <i>1 0 0 0 1 0 0 0 1 0 0 0</i>
                <i>1 0 0 0 1 0 0 0 1 0 0 0</i>
                <i>1 0 0 0 1 0 0 0 1 0 0 0</i>
                <i>1 0 0 0 1 0 0 0 1 0 0 0</i>
                <i>1 0 0 0 1 0 0 0 1 0 0 0</i>
                <i>1 0 0 0 1 0 0 0 1 0 0 0</i>
                <i>1 0 0 0 1 0 0 0 1 0 0 0</i>
                <i>1 0 0 0 1 0 0 0 1 0 0 0</i>
                <i>1 0 0 0 1 0 0 0 1 0 0 0</i>
                <i>1 0 0 0 1 0 0 0 1 0 0 0</i>
                <i>1 0 0 0 1 0 0 0 1 0 0 0</i>
                <i>1 0 0 0 1 0 0 0 1 0 0 0</i>
                <i>1 0 0 0 1 0 0 0 1 0 0 0</i>
                <i>1 0 0 0 1 0 0 0 1 0 0 0</i>
                <i>1 0 0 0 1 0 0 0 1 0 0 0</i>
                <i>1 0 0 0 1 0 0 0 1 0 0 0</i>
                <i>1 0 0 0 1 0 0 0 1 0 0 0</i>
                <i>1 0 0 0 1 0 0 0 1 0 0 0</i>
                <i>1 0 0 0 1 0 0 0 1 0 0 0</i>
                <i>1 0 0 0 1 0 0 0 1 0 0 0</i>
                <i>1 0 0 0 1 0 0 0 1 0 0 0</i>
                <i>1 0 0 0 1 0 0 0 1 0 0 0</i>
                <i>1 0 0 0 1 0 0 0 1 0 0 0</i>
                <i>1 0 0 0 1 0 0 0 1 0 0 0</i>
                <i>1 0 0 0 1 0 0 0 1 0 0 0</i>
                <i>1 0 0 0 1 0 0 0 1 0 0 0</i>
                <i>1 0 0 0 1 0 0 0 1 0 0 0</i>
                <i>1 0 0 0 1 0 0 0 1 0 0 0</i>
                <i>1 0 0 0 1 0 0 0 1 0 0 0</i>
                <i>1 0 0 0 1 0 0 0 1 0 0 0</i>
                <i>1 0 0 0 1 0 0 0 1 0 0 0</i>
                <i>1 0 0 0 1 0 0 0 1 0 0 0</i>
                <i>1 0 0 0 1 0 0 0 1 0 0 0</i>
                <i>1 0 0 0 1 0 0 0 1 0 0 0</i>
                <i>1 0 0 0 1 0 0 0 1 0 0 0</i>
                <i>1 0 0 0 1 0 0 0 1 0 0 0</i>
            </KeyFrames>
        </RefFrame>
        <Bones count="21">
            <i>
                <p>
                    <Name><![CDATA[m113_root]]></Name>
                    <Exclude>0</Exclude>
                    <Additive>0</Additive>
                    <IKPriority>0</IKPriority>
                    <IKRotLimits>-1e+010 -1e+010 -1e+010 1e+010 1e+010 1e+010</IKRotLimits>
                    <IKRotLimitOrder>0</IKRotLimitOrder>
                    <KeyFrames count="48">
                        <i>1 0 0 0 1 0 0 0 1 0 0 0</i>
                        <i>1 0 0 0 1 0 0 0 1 0 0 0</i>
                        <i>1 0 0 0 1 0 0 0 1 0 0 0</i>
                        <i>1 0 0 0 1 0 0 0 1 0 0 0</i>
                        <i>1 0 0 0 1 0 0 0 1 0 0 0</i>
                        <i>1 0 0 0 1 0 0 0 1 0 0 0</i>
                        <i>1 0 0 0 1 0 0 0 1 0 0 0</i>
                        <i>1 0 0 0 1 0 0 0 1 0 0 0</i>
                        <i>1 0 0 0 1 0 0 0 1 0 0 0</i>
                        <i>1 0 0 0 1 0 0 0 1 0 0 0</i>
                        <i>1 0 0 0 1 0 0 0 1 0 0 0</i>
                        <i>1 0 0 0 1 0 0 0 1 0 0 0</i>
                        <i>1 0 0 0 1 0 0 0 1 0 0 0</i>
                        <i>1 0 0 0 1 0 0 0 1 0 0 0</i>
                        <i>1 0 0 0 1 0 0 0 1 0 0 0</i>
                        <i>1 0 0 0 1 0 0 0 1 0 0 0</i>
                        <i>1 0 0 0 1 0 0 0 1 0 0 0</i>
                        <i>1 0 0 0 1 0 0 0 1 0 0 0</i>
                        <i>1 0 0 0 1 0 0 0 1 0 0 0</i>
                        <i>1 0 0 0 1 0 0 0 1 0 0 0</i>
                        <i>1 0 0 0 1 0 0 0 1 0 0 0</i>
                        <i>1 0 0 0 1 0 0 0 1 0 0 0</i>
                        <i>1 0 0 0 1 0 0 0 1 0 0 0</i>
                        <i>1 0 0 0 1 0 0 0 1 0 0 0</i>
                        <i>1 0 0 0 1 0 0 0 1 0 0 0</i>
                        <i>1 0 0 0 1 0 0 0 1 0 0 0</i>
                        <i>1 0 0 0 1 0 0 0 1 0 0 0</i>
                        <i>1 0 0 0 1 0 0 0 1 0 0 0</i>
                        <i>1 0 0 0 1 0 0 0 1 0 0 0</i>
                        <i>1 0 0 0 1 0 0 0 1 0 0 0</i>
                        <i>1 0 0 0 1 0 0 0 1 0 0 0</i>
                        <i>1 0 0 0 1 0 0 0 1 0 0 0</i>
                        <i>1 0 0 0 1 0 0 0 1 0 0 0</i>
                        <i>1 0 0 0 1 0 0 0 1 0 0 0</i>
                        <i>1 0 0 0 1 0 0 0 1 0 0 0</i>
                        <i>1 0 0 0 1 0 0 0 1 0 0 0</i>
                        <i>1 0 0 0 1 0 0 0 1 0 0 0</i>
                        <i>1 0 0 0 1 0 0 0 1 0 0 0</i>
                        <i>1 0 0 0 1 0 0 0 1 0 0 0</i>
                        <i>1 0 0 0 1 0 0 0 1 0 0 0</i>
                        <i>1 0 0 0 1 0 0 0 1 0 0 0</i>
                        <i>1 0 0 0 1 0 0 0 1 0 0 0</i>
                        <i>1 0 0 0 1 0 0 0 1 0 0 0</i>
                        <i>1 0 0 0 1 0 0 0 1 0 0 0</i>
                        <i>1 0 0 0 1 0 0 0 1 0 0 0</i>
                        <i>1 0 0 0 1 0 0 0 1 0 0 0</i>
                        <i>1 0 0 0 1 0 0 0 1 0 0 0</i>
                        <i>1 0 0 0 1 0 0 0 1 0 0 0</i>
                    </KeyFrames>
                </p>
            </i>
            <i>
                <p>
                    <Name><![CDATA[m113_body]]></Name>
                    <Exclude>0</Exclude>
                    <Additive>0</Additive>
                    <IKPriority>0</IKPriority>
                    <IKRotLimits>-1e+010 -1e+010 -1e+010 1e+010 1e+010 1e+010</IKRotLimits>
                    <IKRotLimitOrder>0</IKRotLimitOrder>
                    <KeyFrames count="48">
                        <i>1 -0.000374589 2.64698e-023 0.000374589 0.999999 0.00108342 -4.05839e-007 -0.00108342 0.999999 0 1 0</i>
                        <i>0.999999 -0.00141873 0 0.00141873 0.999999 6.41577e-006 -9.10228e-009 -6.41577e-006 1 0 1 0</i>
                        <i>1 -0.00073934 -2.64698e-023 0.00073934 1 0.000547134 -4.04518e-007 -0.000547134 1 0 1 0</i>
                        <i>0.999999 0.00145383 0 -0.00145383 0.999999 0.000533116 7.7506e-007 -0.000533116 1 0 1 0</i>
                        <i>0.999998 0.00185905 0 -0.00185905 0.999998 0.000529152 9.8372e-007 -0.000529151 1 0 1 0</i>
                        <i>0.999998 0.00202517 0 -0.00202517 0.999998 1.0138e-005 2.05311e-008 -1.01379e-005 1 0 1 0</i>
                        <i>1 0.000763331 0 -0.00076333 1 -0.000592894 -4.52574e-007 0.000592894 1 0 1 0</i>
                        <i>1 -0.000836801 -6.61744e-024 0.000836801 1 -0.000106606 8.9208e-008 0.000106606 1 0 1 0</i>
                        <i>1 1.07489e-005 -1.03398e-025 -1.07489e-005 1 -0.000139258 -1.49686e-009 0.000139258 1 0 1 0</i>
                        <i>0.999999 0.00174235 0 -0.00174235 0.999998 0.00086683 1.51032e-006 -0.000866828 1 0 1 0</i>
                        <i>1 0.000690454 -5.29396e-023 -0.000690454 0.999999 0.00101531 7.01024e-007 -0.00101531 0.999999 0 1 0</i>
                        <i>0.999999 0.0012932 5.29396e-023 -0.0012932 0.999999 0.00062512 8.08403e-007 -0.000625119 1 0 1 0</i>
                        <i>1 -5.39009e-005 0 5.39009e-005 1 7.75666e-005 -4.18091e-009 -7.75666e-005 1 0 1 0</i>
                        <i>1 -0.000952589 1.05879e-022 0.000952588 0.999999 -0.0011157 1.06281e-006 0.0011157 0.999999 0 1 0</i>
                        <i>1 -0.000130585 0 0.000130585 0.999998 -0.00185975 2.42855e-007 0.00185975 0.999998 0 1 0</i>
                        <i>1 0.000608715 5.29396e-023 -0.000608714 0.999999 -0.00132701 -8.07769e-007 0.00132701 0.999999 0 1 0</i>
                        <i>0.999999 -0.00151437 5.29396e-023 0.00151437 0.999999 0.000400112 -6.05918e-007 -0.000400112 1 0 1 0</i>
                        <i>0.999999 -0.00158677 0 0.00158677 0.999998 0.000885949 -1.4058e-006 -0.000885947 1 0 1 0</i>
                        <i>1 -0.000306828 0 0.000306828 1 0.000149976 -4.6017e-008 -0.000149976 1 0 1 0</i>
                        <i>0.999999 -0.00106076 2.64698e-023 0.00106076 0.999999 0.000300423 -3.18677e-007 -0.000300423 1 0 1 0</i>
                        <i>1 -0.000175072 0 0.000175072 1 2.01014e-005 -3.51919e-009 -2.01014e-005 1 0 1 0</i>
                        <i>0.999998 0.00180358 0 -0.00180358 0.999998 0.00128084 2.31009e-006 -0.00128083 0.999999 0 1 0</i>
                        <i>0.999999 0.00135313 0 -0.00135313 0.999998 0.00132621 1.79453e-006 -0.00132621 0.999999 0 1 0</i>
                        <i>1 0.000992063 0 -0.000992063 1 -7.59084e-005 -7.53059e-008 7.59084e-005 1 0 1 0</i>
                        <i>1 0.000681887 0 -0.000681887 0.999999 -0.000770009 -5.25059e-007 0.000770009 1 0 1 0</i>
                        <i>1 0.000908645 0 -0.000908644 0.999998 -0.00176994 -1.60825e-006 0.00176994 0.999998 0 1 0</i>
                        <i>0.999999 0.00106326 0 -0.00106326 0.999999 -0.00113408 -1.20582e-006 0.00113408 0.999999 0 1 0</i>
                        <i>0.999999 0.00106763 0 -0.00106762 0.999999 -0.00122404 -1.30682e-006 0.00122404 0.999999 0 1 0</i>
                        <i>1 -6.36152e-005 -8.27181e-025 6.36152e-005 1 -0.000221099 1.40653e-008 0.000221099 1 0 1 0</i>
                        <i>1 0.000682778 2.64698e-023 -0.000682778 1 0.000594131 4.0566e-007 -0.000594131 1 0 1 0</i>
                        <i>1 0.000326576 0 -0.000326576 0.999999 0.00106536 3.47922e-007 -0.00106536 0.999999 0 1 0</i>
                        <i>1 -0.000329475 -2.64698e-023 0.000329475 0.999999 0.00126114 -4.15516e-007 -0.00126114 0.999999 0 1 0</i>
                        <i>0.999999 0.00170672 2.64698e-023 -0.00170672 0.999999 -0.000178257 -3.04233e-007 0.000178256 1 0 1 0</i>
                        <i>1 -0.000209495 1.32349e-023 0.000209495 1 -0.000490985 1.02859e-007 0.000490985 1 0 1 0</i>
                        <i>0.999999 -0.00109222 -5.29396e-023 0.00109222 0.999999 -0.000564988 6.1709e-007 0.000564987 1 0 1 0</i>
                        <i>0.999997 -0.00260146 0 0.00260146 0.999996 -0.000618099 1.60796e-006 0.000618097 1 0 1 0</i>
                        <i>0.999999 -0.0011618 0 0.0011618 0.999999 5.54757e-005 -6.44519e-008 -5.54756e-005 1 0 1 0</i>
                        <i>1 -0.000730371 0 0.000730371 0.999999 0.000793872 -5.79821e-007 -0.000793871 1 0 1 0</i>
                        <i>1 0.000316218 -5.29396e-023 -0.000316217 0.999999 0.00167848 5.30766e-007 -0.00167848 0.999999 0 1 0</i>
                        <i>1 0.000808257 -5.29396e-023 -0.000808256 0.999999 0.00099803 8.06664e-007 -0.000998029 1 0 1 0</i>
                        <i>1 0.00100009 0 -0.00100009 0.999999 0.000760936 7.61003e-007 -0.000760936 1 0 1 0</i>
                        <i>0.999999 0.00117992 0 -0.00117992 0.999999 -0.000407441 -4.80748e-007 0.000407441 1 0 1 0</i>
                        <i>1 -0.000550377 5.29396e-023 0.000550376 0.999999 -0.00111325 6.12708e-007 0.00111325 0.999999 0 1 0</i>
                        <i>0.999998 -0.00178695 1.05879e-022 0.00178694 0.999998 -0.000707714 1.26465e-006 0.000707713 1 0 1 0</i>
                        <i>1 0.000521522 0 -0.000521522 1 -0.000431617 -2.25098e-007 0.000431617 1 0 1 0</i>
                        <i>0.999999 0.00154876 0 -0.00154876 0.999999 -0.000146093 -2.26263e-007 0.000146093 1 0 1 0</i>
                        <i>0.999998 0.00195031 0 -0.00195031 0.999998 0.000188934 3.68479e-007 -0.000188933 1 0 1 0</i>
                        <i>0.999998 0.00200919 0 -0.00200919 0.999997 0.00119516 2.40131e-006 -0.00119516 0.999999 0 1 0</i>
                    </KeyFrames>
                </p>
            </i>
            <i>
                <p>
                    <Name><![CDATA[l_tread_wiggle]]></Name>
                    <Exclude>0</Exclude>
                    <Additive>0</Additive>
                    <IKPriority>0</IKPriority>
                    <IKRotLimits>-1e+010 -1e+010 -1e+010 1e+010 1e+010 1e+010</IKRotLimits>
                    <IKRotLimitOrder>0</IKRotLimitOrder>
                    <KeyFrames count="48">
                        <i>0.999809 -0.0195607 -2.13949e-012 0.0195607 0.999809 5.43358e-012 1.0717e-014 5.18382e-011 1 1.37768 0.994124 -0.00431044</i>
                        <i>0.999808 -0.0196073 9.10053e-009 0.0196073 0.999808 1.78454e-010 -9.10227e-009 4.62741e-014 1 1.37768 0.996127 -0.00431044</i>
                        <i>0.999905 -0.0138151 -9.30583e-014 0.0138151 0.999905 -2.44665e-011 -9.44746e-015 -1.40316e-011 1 1.37768 0.99587 -0.00431044</i>
                        <i>0.999986 -0.00535354 -1.35988e-013 0.00535354 0.999986 -2.09258e-011 5.32258e-014 1.01046e-011 1 1.37768 0.998013 -0.00431044</i>
                        <i>0.999999 0.00132967 1.12704e-014 -0.00132967 0.999999 2.17955e-011 -8.49279e-015 1.66646e-011 1 1.37768 0.991534 -0.00431044</i>
                        <i>0.999986 0.00519986 -2.05308e-008 -0.00519986 0.999986 1.06889e-010 2.05311e-008 1.15526e-013 1 1.37768 0.989949 -0.00431044</i>
                        <i>0.99998 0.00637677 2.63256e-014 -0.00637677 0.99998 -4.18774e-011 7.18687e-015 2.07315e-012 1 1.37768 0.995531 -0.00431044</i>
                        <i>0.999978 0.00659369 3.18656e-014 -0.00659369 0.999978 -4.76154e-012 -3.6833e-015 1.7455e-012 1 1.37768 0.999968 -0.00431044</i>
                        <i>0.999954 0.00964393 1.49683e-009 -0.00964393 0.999954 -9.57963e-012 -1.49686e-009 -1.60896e-014 1 1.37768 1.00099 -0.00431044</i>
                        <i>0.999962 0.00876965 8.14895e-014 -0.00876965 0.999961 -2.14253e-011 -1.79695e-014 -4.56828e-012 1 1.37768 0.995834 -0.00431044</i>
                        <i>0.99998 0.00634615 4.26516e-013 -0.00634615 0.99998 7.9554e-011 -3.20163e-014 -9.23787e-012 1 1.37768 0.989636 -0.00431044</i>
                        <i>0.99996 0.00899866 2.12453e-014 -0.00899866 0.99996 1.27464e-011 3.16851e-014 2.22846e-012 1 1.37768 0.989719 -0.00431044</i>
                        <i>0.999963 0.00863022 4.18076e-009 -0.00863022 0.999963 -3.80143e-011 -4.18091e-009 2.25355e-013 1 1.37768 0.997485 -0.00431044</i>
                        <i>0.999991 0.00420395 6.04873e-013 -0.00420395 0.999991 4.50244e-011 6.61492e-015 6.63484e-011 1 1.37768 0.996706 -0.00431044</i>
                        <i>0.999994 -0.00360234 5.69077e-014 0.00360234 0.999994 1.99602e-011 9.2853e-015 0 1 1.37768 0.995271 -0.00431044</i>
                        <i>0.999979 -0.00645864 6.46525e-013 0.00645864 0.999979 -3.71942e-011 3.20965e-014 4.45698e-012 1 1.37768 0.994977 -0.00431044</i>
                        <i>0.999977 -0.00671182 1.71256e-013 0.00671182 0.999977 -3.0671e-013 2.77536e-014 -1.13096e-011 1 1.37768 0.994523 -0.00431044</i>
                        <i>0.999881 -0.015405 -8.95907e-013 0.015405 0.999881 3.22527e-011 3.87493e-014 -2.99451e-012 1 1.37768 0.996207 -0.00431044</i>
                        <i>0.999739 -0.0228313 -9.26916e-014 0.0228313 0.999739 -1.27086e-012 -2.83701e-016 5.61263e-012 1 1.37768 0.993244 -0.00431044</i>
                        <i>0.999816 -0.0192081 -3.49989e-013 0.0192081 0.999816 5.06439e-013 1.40494e-014 1.34634e-011 1 1.37768 0.992819 -0.00431044</i>
                        <i>0.999942 -0.0107285 3.51899e-009 0.0107285 0.999942 3.78172e-011 -3.51919e-009 6.1611e-013 1 1.37768 0.993461 -0.00431044</i>
                        <i>0.999987 -0.00504355 -9.3245e-014 0.00504355 0.999987 3.20285e-011 4.73923e-014 3.41924e-011 1 1.37768 0.995228 -0.00431044</i>
                        <i>1 0.000162836 1.35087e-013 -0.000162836 1 -1.7256e-011 1.00944e-015 -2.157e-011 1 1.37768 0.994322 -0.00431044</i>
                        <i>1 0.0003168 2.32831e-015 -0.0003168 1 3.54606e-012 -3.89129e-015 -1.83836e-013 1 1.37768 0.991935 -0.00431044</i>
                        <i>0.999997 -0.00231337 -1.12662e-013 0.00231337 0.999997 7.95623e-012 -2.20911e-014 8.96145e-012 1 1.37768 0.993028 -0.00431044</i>
                        <i>0.999997 -0.00242534 1.31278e-014 0.00242534 0.999997 2.14238e-011 -5.11043e-015 -7.64275e-011 1 1.37768 0.991385 -0.00431044</i>
                        <i>0.999996 0.00270841 -6.42898e-014 -0.00270841 0.999996 -2.6274e-011 6.85422e-014 -9.01225e-011 1 1.37768 0.993358 -0.00431044</i>
                        <i>0.999936 0.0113192 1.25118e-013 -0.0113192 0.999936 1.5231e-011 1.56268e-014 -4.18649e-011 1 1.37768 0.997612 -0.00431044</i>
                        <i>0.999907 0.0136189 -1.4064e-008 -0.0136189 0.999907 1.99824e-010 1.40653e-008 -8.94765e-013 1 1.37768 0.998658 -0.00431044</i>
                        <i>0.999991 0.00432307 -1.43862e-013 -0.00432307 0.999991 -3.09261e-011 2.31199e-014 -2.52365e-011 1 1.37768 0.995257 -0.00431044</i>
                        <i>1 -0.000182853 -2.83593e-014 0.000182853 1 -1.05861e-011 -9.88746e-015 0 1 1.37768 0.996238 -0.00431044</i>
                        <i>0.999985 0.00548915 -1.49249e-013 -0.00548915 0.999985 -4.43129e-011 -9.68909e-015 -7.51701e-011 1 1.37768 0.996017 -0.00431044</i>
                        <i>0.999929 0.0119326 5.13298e-014 -0.0119326 0.999929 -9.72644e-012 1.64182e-014 3.68842e-012 1 1.37768 0.996998 -0.00431044</i>
                        <i>0.999971 0.00760921 -3.92549e-013 -0.00760921 0.999971 -4.62253e-012 1.7181e-016 0 1 1.37768 0.999302 -0.00431044</i>
                        <i>0.999992 0.00394189 -7.13344e-015 -0.00394189 0.999992 -2.02512e-011 -2.16444e-014 -1.24869e-011 1 1.37768 0.993424 -0.00431044</i>
                        <i>0.999989 0.00466632 -1.30192e-013 -0.00466632 0.999989 -3.55306e-011 2.57169e-015 4.49455e-012 1 1.37768 0.993653 -0.00431044</i>
                        <i>0.999982 0.00594967 -2.30733e-014 -0.00594967 0.999982 -1.37987e-012 1.34413e-015 7.10217e-015 1 1.37768 0.995866 -0.00431044</i>
                        <i>0.999977 0.00682755 -1.9013e-013 -0.00682755 0.999977 -2.27565e-011 -4.16392e-014 -3.7616e-012 1 1.37768 0.991162 -0.00431044</i>
                        <i>0.999987 0.00514659 -2.88377e-013 -0.00514659 0.999987 4.88818e-011 -1.85996e-014 0 1 1.37768 0.993549 -0.00431044</i>
                        <i>0.999989 0.00471801 -2.23509e-013 -0.00471801 0.999989 9.55879e-012 -2.49333e-014 -7.6774e-012 1 1.37768 0.993061 -0.00431044</i>
                        <i>1 -0.000354887 2.60471e-014 0.000354887 1 1.81617e-011 -2.81848e-014 -1.35968e-011 1 1.37768 0.993237 -0.00431044</i>
                        <i>0.99995 -0.00996962 -2.68422e-013 0.00996962 0.99995 9.33225e-012 -2.15554e-014 2.94902e-011 1 1.37768 0.994834 -0.00431044</i>
                        <i>0.999969 -0.00781584 2.48974e-013 0.00781584 0.999969 5.86327e-011 1.44655e-014 8.26498e-011 1 1.37768 0.994613 -0.00431044</i>
                        <i>1 0.000588434 4.51208e-014 -0.000588434 1 4.57258e-011 7.00825e-014 -2.52109e-011 1 1.37768 0.995766 -0.00431044</i>
                        <i>0.999964 0.00849436 6.1449e-014 -0.00849436 0.999964 4.24844e-012 3.19986e-015 -6.75493e-012 1 1.37768 0.997801 -0.00431044</i>
                        <i>0.999924 0.0123092 1.30579e-013 -0.0123092 0.999924 9.34593e-012 -1.02106e-014 -4.66426e-013 1 1.37768 0.996107 -0.00431044</i>
                        <i>0.999959 0.00903034 6.86437e-014 -0.00903034 0.999959 2.90207e-012 5.8622e-015 3.43514e-012 1 1.37768 0.989777 -0.00431044</i>
                        <i>0.999997 0.00260358 4.89725e-014 -0.00260358 0.999997 1.91184e-011 -2.67587e-013 2.26504e-011 1 1.37768 0.991407 -0.00431044</i>
                    </KeyFrames>
                </p>
            </i>
            <i>
                <p>
                    <Name><![CDATA[r_tread_wiggle]]></Name>
                    <Exclude>0</Exclude>
                    <Additive>0</Additive>
                    <IKPriority>0</IKPriority>
                    <IKRotLimits>-1e+010 -1e+010 -1e+010 1e+010 1e+010 1e+010</IKRotLimits>
                    <IKRotLimitOrder>0</IKRotLimitOrder>
                    <KeyFrames count="48">
                        <i>0.999998 0.00211672 8.3968e-014 0.00211672 -0.999998 -1.80363e-011 -1.0717e-014 -5.18382e-011 -1 -1.37768 0.991862 -0.00431044</i>
                        <i>0.999983 0.00580704 9.10212e-009 0.00580704 -0.999983 5.28992e-011 9.10227e-009 -4.62741e-014 -1 -1.37768 0.993673 -0.00431044</i>
                        <i>0.999995 0.00312142 -1.79402e-013 0.00312142 -0.999995 1.92976e-012 9.4477e-015 1.40316e-011 -1 -1.37768 0.996027 -0.00431044</i>
                        <i>1 -0.000313184 3.24775e-014 -0.000313184 -1 4.30507e-011 -5.3226e-014 -1.01046e-011 -1 -1.37768 0.99158 -0.00431044</i>
                        <i>1 -0.000106273 -6.48796e-014 -0.000106273 -1 -6.92018e-012 8.49248e-015 -1.66646e-011 -1 -1.37768 0.99712 -0.00431044</i>
                        <i>0.999988 0.00493862 -2.05309e-008 0.00493862 -0.999988 -1.01707e-010 -2.05311e-008 -1.15526e-013 -1 -1.37768 0.993221 -0.00431044</i>
                        <i>0.999921 0.0125808 -1.35325e-013 0.0125808 -0.999921 3.41156e-012 -7.18704e-015 -2.07315e-012 -1 -1.37768 0.99687 -0.00431044</i>
                        <i>0.999851 0.0172743 -4.57537e-014 0.0172743 -0.999851 -2.67206e-012 3.68337e-015 -1.7455e-012 -1 -1.37768 0.996544 -0.00431044</i>
                        <i>0.999822 0.0188543 1.49662e-009 0.0188543 -0.999822 2.5874e-011 1.49686e-009 1.60896e-014 -1 -1.37768 0.995183 -0.00431044</i>
                        <i>0.999803 0.0198668 1.3262e-012 0.0198668 -0.999803 1.85762e-011 1.79693e-014 4.56828e-012 -1 -1.37768 0.999847 -0.00431044</i>
                        <i>0.999893 0.014654 7.10344e-013 0.014654 -0.999893 -1.2393e-010 3.20162e-014 9.23787e-012 -1 -1.37768 0.995141 -0.00431044</i>
                        <i>0.999979 0.00655114 -3.83753e-015 0.00655114 -0.999979 2.95943e-011 -3.16851e-014 -2.22846e-012 -1 -1.37768 0.99323 -0.00431044</i>
                        <i>0.999993 0.00372344 4.1809e-009 0.00372344 -0.999993 1.6379e-011 4.18091e-009 -2.25355e-013 -1 -1.37768 0.992103 -0.00431044</i>
                        <i>0.999998 0.00182452 1.6853e-013 0.00182452 -0.999998 -1.52119e-011 -6.61472e-015 -6.63484e-011 -1 -1.37768 0.994078 -0.00431044</i>
                        <i>1 5.57599e-005 -1.6206e-015 5.57599e-005 -1 0 -9.28527e-015 0 -1 -1.37768 0.992147 -0.00431044</i>
                        <i>0.999999 0.00128621 -7.52483e-014 0.00128621 -0.999999 3.28624e-011 -3.20966e-014 -4.45698e-012 -1 -1.37768 0.989848 -0.00431044</i>
                        <i>0.999999 -0.00136254 -4.05859e-015 -0.00136254 -0.999999 -5.25529e-012 -2.77535e-014 1.13096e-011 -1 -1.37768 0.994729 -0.00431044</i>
                        <i>0.999992 0.0038822 1.1435e-013 0.0038822 -0.999992 -6.96792e-011 -3.87491e-014 2.99451e-012 -1 -1.37768 0.997521 -0.00431044</i>
                        <i>0.999966 0.0082753 1.22141e-013 0.0082753 -0.999966 -5.25068e-012 2.83799e-016 -5.61263e-012 -1 -1.37768 0.992294 -0.00431044</i>
                        <i>0.999905 0.0137747 -7.28635e-014 0.0137747 -0.999905 -6.32134e-012 -1.40491e-014 -1.34634e-011 -1 -1.37768 0.994768 -0.00431044</i>
                        <i>0.999922 0.0125314 3.51892e-009 0.0125314 -0.999922 4.33948e-011 3.51919e-009 -6.1611e-013 -1 -1.37768 0.995828 -0.00431044</i>
                        <i>0.999979 0.00644588 1.87513e-013 0.00644588 -0.999979 -3.51903e-011 -4.73924e-014 -3.41924e-011 -1 -1.37768 0.994095 -0.00431044</i>
                        <i>0.999997 0.00255453 5.25177e-014 0.00255453 -0.999997 1.7256e-011 -1.00936e-015 2.157e-011 -1 -1.37768 0.994683 -0.00431044</i>
                        <i>0.999999 0.00151342 -2.53339e-015 0.00151342 -0.999999 5.50293e-012 3.89095e-015 1.83836e-013 -1 -1.37768 0.996216 -0.00431044</i>
                        <i>1 0.000624309 5.49302e-016 0.000624309 -1 0 2.20911e-014 -8.96145e-012 -1 -1.37768 0.995784 -0.00431044</i>
                        <i>1 -4.09295e-005 -3.98355e-014 -4.09295e-005 -1 -2.90694e-011 5.11041e-015 7.64275e-011 -1 -1.37768 0.997511 -0.00431044</i>
                        <i>0.999973 -0.00736625 1.23973e-013 -0.00736625 -0.999973 -7.87086e-012 -6.85423e-014 9.01225e-011 -1 -1.37768 0.994018 -0.00431044</i>
                        <i>0.999894 -0.014574 2.30447e-013 -0.014574 -0.999894 -8.54858e-013 -1.56269e-014 4.18649e-011 -1 -1.37768 0.996939 -0.00431044</i>
                        <i>0.99991 -0.0133936 -1.40642e-008 -0.0133936 -0.99991 1.8507e-010 -1.40653e-008 8.94765e-013 -1 -1.37768 0.994956 -0.00431044</i>
                        <i>0.999968 -0.00796677 1.87349e-013 -0.00796677 -0.999968 6.22245e-011 -2.31198e-014 2.52365e-011 -1 -1.37768 0.989972 -0.00431044</i>
                        <i>0.999999 -0.0013078 -8.03567e-014 -0.0013078 -0.999999 3.15581e-014 9.88737e-015 0 -1 -1.37768 0.989641 -0.00431044</i>
                        <i>0.99999 -0.00451324 1.67307e-013 -0.00451324 -0.99999 -9.44649e-012 9.68906e-015 7.51701e-011 -1 -1.37768 0.988325 -0.00431044</i>
                        <i>0.999954 -0.00964313 1.2087e-013 -0.00964313 -0.999954 -4.07295e-012 -1.64185e-014 -3.68842e-012 -1 -1.37768 0.993521 -0.00431044</i>
                        <i>0.999972 -0.00746989 -9.10273e-014 -0.00746989 -0.999972 -1.3037e-011 -1.71814e-016 0 -1 -1.37768 0.992606 -0.00431044</i>
                        <i>0.999973 -0.00731937 7.21028e-014 -0.00731937 -0.999973 -1.62771e-012 2.16443e-014 1.24869e-011 -1 -1.37768 0.993868 -0.00431044</i>
                        <i>0.999941 -0.0108171 2.99888e-013 -0.0108171 -0.999942 4.42132e-011 -2.57112e-015 -4.49455e-012 -1 -1.37768 0.99446 -0.00431044</i>
                        <i>0.999926 -0.0121696 1.39826e-014 -0.0121696 -0.999926 1.32772e-012 -1.34408e-015 -7.10217e-015 -1 -1.37768 0.99617 -0.00431044</i>
                        <i>0.999943 -0.0106674 4.25494e-013 -0.0106674 -0.999943 5.32376e-011 4.16393e-014 3.7616e-012 -1 -1.37768 1.00095 -0.00431044</i>
                        <i>0.999986 -0.00538201 -3.08984e-013 -0.00538201 -0.999986 -2.87818e-011 1.85995e-014 0 -1 -1.37768 0.9986 -0.00431044</i>
                        <i>0.999993 0.00371326 7.34987e-014 0.00371326 -0.999993 3.26416e-011 2.49332e-014 7.6774e-012 -1 -1.37768 0.997503 -0.00431044</i>
                        <i>0.999879 0.0155571 -4.82966e-013 0.0155571 -0.999879 2.42038e-011 2.81845e-014 1.35968e-011 -1 -1.37768 0.998995 -0.00431044</i>
                        <i>0.999741 0.0227698 5.35339e-013 0.0227698 -0.999741 -1.43727e-011 2.15554e-014 -2.94902e-011 -1 -1.37768 0.995284 -0.00431044</i>
                        <i>0.999865 0.0164333 1.28104e-012 0.0164333 -0.999865 -4.25289e-011 -1.44654e-014 -8.26498e-011 -1 -1.37768 0.991722 -0.00431044</i>
                        <i>0.999987 0.00499698 -2.14803e-013 0.00499698 -0.999988 1.54884e-011 -7.00824e-014 2.52109e-011 -1 -1.37768 0.995926 -0.00431044</i>
                        <i>0.999999 -0.001724 -3.98591e-015 -0.001724 -0.999999 -3.66561e-012 -3.19994e-015 6.75493e-012 -1 -1.37768 0.993741 -0.00431044</i>
                        <i>0.999987 -0.0051184 -5.62665e-014 -0.0051184 -0.999987 -2.9427e-012 1.02105e-014 4.66426e-013 -1 -1.37768 0.993673 -0.00431044</i>
                        <i>1 0.000496378 -9.58927e-015 0.000496378 -1 -1.02277e-012 -5.86212e-015 -3.43514e-012 -1 -1.37768 0.995969 -0.00431044</i>
                        <i>0.999999 0.00167813 -8.54959e-015 0.00167813 -0.999999 -4.51779e-011 2.67587e-013 -2.26504e-011 -1 -1.37768 0.993454 -0.00431044</i>
                    </KeyFrames>
                </p>
            </i>
            <i>
                <p>
                    <Name><![CDATA[rear_hatch]]></Name>
                    <Exclude>0</Exclude>
                    <Additive>0</Additive>
                    <IKPriority>0</IKPriority>
                    <IKRotLimits>-1e+010 -1e+010 -1e+010 1e+010 1e+010 1e+010</IKRotLimits>
                    <IKRotLimitOrder>0</IKRotLimitOrder>
                    <KeyFrames count="48">
                        <i>1 -0.000374589 2.64698e-023 2.98168e-005 0.0795986 0.996827 -0.000373401 -0.996827 0.0795986 -0.000124775 0.666901 -2.75098</i>
                        <i>1 -0.000374589 6.699e-009 2.98101e-005 0.0795986 0.996827 -0.000373401 -0.996827 0.0795986 -0.000124775 0.666901 -2.75098</i>
                        <i>1 -0.000374589 1.32713e-015 2.98168e-005 0.0795986 0.996827 -0.000373401 -0.996827 0.0795986 -0.000124775 0.666901 -2.75098</i>
                        <i>1 -0.000374589 5.5582e-014 2.98168e-005 0.0795986 0.996827 -0.000373401 -0.996827 0.0795986 -0.000124775 0.666902 -2.75098</i>
                        <i>1 -0.000374589 -5.23657e-014 2.98168e-005 0.0795986 0.996827 -0.000373401 -0.996827 0.0795986 -0.000124775 0.666901 -2.75098</i>
                        <i>1 -0.000374589 -2.43287e-008 2.9841e-005 0.0795986 0.996827 -0.000373399 -0.996827 0.0795986 -0.000124775 0.666902 -2.75098</i>
                        <i>1 -0.000374589 1.49532e-014 2.98168e-005 0.0795986 0.996827 -0.000373401 -0.996827 0.0795986 -0.000124775 0.666901 -2.75098</i>
                        <i>1 -0.000374589 -7.52832e-017 2.98168e-005 0.0795986 0.996827 -0.000373401 -0.996827 0.0795986 -0.000124775 0.666901 -2.75098</i>
                        <i>1 -0.000374589 1.49687e-009 2.98153e-005 0.0795986 0.996827 -0.000373401 -0.996827 0.0795986 -0.000124775 0.666901 -2.75098</i>
                        <i>1 -0.000374589 -1.36473e-014 2.98168e-005 0.0795986 0.996827 -0.000373401 -0.996827 0.0795986 -0.000124775 0.666901 -2.75098</i>
                        <i>1 -0.000374589 -2.75443e-014 2.98168e-005 0.0795986 0.996827 -0.000373401 -0.996827 0.0795986 -0.000124775 0.666902 -2.75098</i>
                        <i>1 -0.000374589 1.02538e-016 2.98168e-005 0.0795986 0.996827 -0.000373401 -0.996827 0.0795986 -0.000124775 0.666902 -2.75098</i>
                        <i>1 -0.000374589 4.18091e-009 2.98126e-005 0.0795986 0.996827 -0.000373401 -0.996827 0.0795986 -0.000124775 0.666901 -2.75098</i>
                        <i>1 -0.000374589 5.04892e-014 2.98168e-005 0.0795986 0.996827 -0.000373401 -0.996827 0.0795986 -0.000124775 0.666902 -2.75098</i>
                        <i>1 -0.000374589 -6.71538e-015 2.98168e-005 0.0795986 0.996827 -0.000373401 -0.996827 0.0795986 -0.000124775 0.666901 -2.75098</i>
                        <i>1 -0.000374589 4.09458e-014 2.98168e-005 0.0795986 0.996827 -0.000373401 -0.996827 0.0795986 -0.000124775 0.666901 -2.75098</i>
                        <i>1 -0.000374589 4.49305e-016 2.98168e-005 0.0795986 0.996827 -0.000373401 -0.996827 0.0795986 -0.000124775 0.666902 -2.75098</i>
                        <i>1 -0.000374589 -3.84926e-014 2.98168e-005 0.0795986 0.996827 -0.000373401 -0.996827 0.0795986 -0.000124775 0.666902 -2.75098</i>
                        <i>1 -0.000374589 -1.01625e-008 2.98269e-005 0.0795986 0.996827 -0.0003734 -0.996827 0.0795986 -0.000124775 0.666901 -2.75098</i>
                        <i>1 -0.000374589 1.82779e-015 2.98168e-005 0.0795986 0.996827 -0.000373401 -0.996827 0.0795986 -0.000124775 0.666901 -2.75098</i>
                        <i>1 -0.000374589 -4.01058e-009 2.98208e-005 0.0795986 0.996827 -0.0003734 -0.996827 0.0795986 -0.000124775 0.666901 -2.75098</i>
                        <i>1 -0.000374589 -1.25714e-013 2.98168e-005 0.0795986 0.996827 -0.000373401 -0.996827 0.0795986 -0.000124775 0.666901 -2.75098</i>
                        <i>1 -0.000374589 -2.14925e-014 2.98168e-005 0.0795986 0.996827 -0.000373401 -0.996827 0.0795986 -0.000124775 0.666901 -2.75098</i>
                        <i>1 -0.000374589 3.51524e-015 2.98168e-005 0.0795986 0.996827 -0.000373401 -0.996827 0.0795986 -0.000124775 0.666901 -2.75098</i>
                        <i>1 -0.000374589 -7.76093e-015 2.98168e-005 0.0795986 0.996827 -0.000373401 -0.996827 0.0795986 -0.000124775 0.666901 -2.75098</i>
                        <i>1 -0.000374589 -5.94867e-014 2.98168e-005 0.0795986 0.996827 -0.000373401 -0.996827 0.0795986 -0.000124775 0.666901 -2.75098</i>
                        <i>1 -0.000374589 6.73077e-014 2.98168e-005 0.0795986 0.996827 -0.000373401 -0.996827 0.0795986 -0.000124775 0.666901 -2.75098</i>
                        <i>1 -0.000374589 -3.42261e-014 2.98168e-005 0.0795986 0.996827 -0.000373401 -0.996827 0.0795986 -0.000124775 0.666901 -2.75098</i>
                        <i>1 -0.000374589 -1.40653e-008 2.98308e-005 0.0795986 0.996827 -0.0003734 -0.996827 0.0795986 -0.000124775 0.666901 -2.75098</i>
                        <i>1 -0.000374589 2.62728e-014 2.98168e-005 0.0795986 0.996827 -0.000373401 -0.996827 0.0795986 -0.000124775 0.666901 -2.75098</i>
                        <i>1 -0.000374589 -7.40017e-015 2.98168e-005 0.0795986 0.996827 -0.000373401 -0.996827 0.0795986 -0.000124775 0.666901 -2.75098</i>
                        <i>1 -0.000374589 5.66324e-017 2.98168e-005 0.0795986 0.996827 -0.000373401 -0.996827 0.0795986 -0.000124775 0.666901 -2.75098</i>
                        <i>1 -0.000374589 4.86061e-015 2.98168e-005 0.0795986 0.996827 -0.000373401 -0.996827 0.0795986 -0.000124775 0.666902 -2.75098</i>
                        <i>1 -0.000374589 -1.94448e-015 2.98168e-005 0.0795986 0.996827 -0.000373401 -0.996827 0.0795986 -0.000124775 0.666901 -2.75098</i>
                        <i>1 -0.000374589 -3.5446e-015 2.98168e-005 0.0795986 0.996827 -0.000373401 -0.996827 0.0795986 -0.000124775 0.666901 -2.75098</i>
                        <i>1 -0.000374589 -4.0882e-014 2.98168e-005 0.0795986 0.996827 -0.000373401 -0.996827 0.0795986 -0.000124775 0.666901 -2.75098</i>
                        <i>1 -0.000374589 1.71525e-016 2.98168e-005 0.0795986 0.996827 -0.000373401 -0.996827 0.0795986 -0.000124775 0.666901 -2.75098</i>
                        <i>1 -0.000374589 -2.40841e-014 2.98168e-005 0.0795986 0.996827 -0.000373401 -0.996827 0.0795986 -0.000124775 0.666901 -2.75098</i>
                        <i>1 -0.000374589 2.19263e-014 2.98168e-005 0.0795986 0.996827 -0.000373401 -0.996827 0.0795986 -0.000124775 0.666901 -2.75098</i>
                        <i>1 -0.000374589 4.32626e-014 2.98168e-005 0.0795986 0.996827 -0.000373401 -0.996827 0.0795986 -0.000124775 0.666902 -2.75098</i>
                        <i>1 -0.000374589 6.71543e-014 2.98168e-005 0.0795986 0.996827 -0.000373401 -0.996827 0.0795986 -0.000124775 0.666901 -2.75098</i>
                        <i>1 -0.000374589 -3.52195e-014 2.98168e-005 0.0795986 0.996827 -0.000373401 -0.996827 0.0795986 -0.000124775 0.666901 -2.75098</i>
                        <i>1 -0.000374589 1.37601e-015 2.98168e-005 0.0795986 0.996827 -0.000373401 -0.996827 0.0795986 -0.000124775 0.666901 -2.75098</i>
                        <i>1 -0.000374589 6.87241e-014 2.98168e-005 0.0795986 0.996827 -0.000373401 -0.996827 0.0795986 -0.000124775 0.666901 -2.75098</i>
                        <i>1 -0.000374589 1.52817e-014 2.98168e-005 0.0795986 0.996827 -0.000373401 -0.996827 0.0795986 -0.000124775 0.666901 -2.75098</i>
                        <i>1 -0.000374589 -2.60234e-014 2.98168e-005 0.0795986 0.996827 -0.000373401 -0.996827 0.0795986 -0.000124775 0.666901 -2.75098</i>
                        <i>1 -0.000374589 -1.41852e-014 2.98168e-005 0.0795986 0.996827 -0.000373401 -0.996827 0.0795986 -0.000124775 0.666901 -2.75098</i>
                        <i>1 -0.000374589 -5.29615e-014 2.98168e-005 0.0795986 0.996827 -0.0003734 -0.996827 0.0795986 -0.000124775 0.666901 -2.75098</i>
                    </KeyFrames>
                </p>
            </i>
            <i>
                <p>
                    <Name><![CDATA[l_tread]]></Name>
                    <Exclude>0</Exclude>
                    <Additive>0</Additive>
                    <IKPriority>1</IKPriority>
                    <IKRotLimits>-1e+010 -1e+010 -1e+010 1e+010 1e+010 1e+010</IKRotLimits>
                    <IKRotLimitOrder>0</IKRotLimitOrder>
                    <KeyFrames count="48">
                        <i>1 0 0 0 1 0 0 0 1 1.55408 0.447936 -1.68259</i>
                        <i>1 0 0 0 1 0 0 0 1 1.55408 0.447936 -1.68259</i>
                        <i>1 0 0 0 1 0 0 0 1 1.55408 0.447936 -1.68259</i>
                        <i>1 0 0 0 1 0 0 0 1 1.55408 0.447936 -1.68259</i>
                        <i>1 0 0 0 1 0 0 0 1 1.55408 0.447936 -1.68259</i>
                        <i>1 0 0 0 1 0 0 0 1 1.55408 0.447936 -1.68259</i>
                        <i>1 0 0 0 1 0 0 0 1 1.55408 0.447936 -1.68259</i>
                        <i>1 0 0 0 1 0 0 0 1 1.55408 0.447936 -1.68259</i>
                        <i>1 0 0 0 1 0 0 0 1 1.55408 0.447936 -1.68259</i>
                        <i>1 0 0 0 1 0 0 0 1 1.55408 0.447936 -1.68259</i>
                        <i>1 0 0 0 1 0 0 0 1 1.55408 0.447936 -1.68259</i>
                        <i>1 0 0 0 1 0 0 0 1 1.55408 0.447936 -1.68259</i>
                        <i>1 0 0 0 1 0 0 0 1 1.55408 0.447936 -1.68259</i>
                        <i>1 0 0 0 1 0 0 0 1 1.55408 0.447936 -1.68259</i>
                        <i>1 0 0 0 1 0 0 0 1 1.55408 0.447936 -1.68259</i>
                        <i>1 0 0 0 1 0 0 0 1 1.55408 0.447936 -1.68259</i>
                        <i>1 0 0 0 1 0 0 0 1 1.55408 0.447936 -1.68259</i>
                        <i>1 0 0 0 1 0 0 0 1 1.55408 0.447936 -1.68259</i>
                        <i>1 0 0 0 1 0 0 0 1 1.55408 0.447936 -1.68259</i>
                        <i>1 0 0 0 1 0 0 0 1 1.55408 0.447936 -1.68259</i>
                        <i>1 0 0 0 1 0 0 0 1 1.55408 0.447936 -1.68259</i>
                        <i>1 0 0 0 1 0 0 0 1 1.55408 0.447936 -1.68259</i>
                        <i>1 0 0 0 1 0 0 0 1 1.55408 0.447936 -1.68259</i>
                        <i>1 0 0 0 1 0 0 0 1 1.55408 0.447936 -1.68259</i>
                        <i>1 0 0 0 1 0 0 0 1 1.55408 0.447936 -1.68259</i>
                        <i>1 0 0 0 1 0 0 0 1 1.55408 0.447936 -1.68259</i>
                        <i>1 0 0 0 1 0 0 0 1 1.55408 0.447936 -1.68259</i>
                        <i>1 0 0 0 1 0 0 0 1 1.55408 0.447936 -1.68259</i>
                        <i>1 0 0 0 1 0 0 0 1 1.55408 0.447936 -1.68259</i>
                        <i>1 0 0 0 1 0 0 0 1 1.55408 0.447936 -1.68259</i>
                        <i>1 0 0 0 1 0 0 0 1 1.55408 0.447936 -1.68259</i>
                        <i>1 0 0 0 1 0 0 0 1 1.55408 0.447936 -1.68259</i>
                        <i>1 0 0 0 1 0 0 0 1 1.55408 0.447936 -1.68259</i>
                        <i>1 0 0 0 1 0 0 0 1 1.55408 0.447936 -1.68259</i>
                        <i>1 0 0 0 1 0 0 0 1 1.55408 0.447936 -1.68259</i>
                        <i>1 0 0 0 1 0 0 0 1 1.55408 0.447936 -1.68259</i>
                        <i>1 0 0 0 1 0 0 0 1 1.55408 0.447936 -1.68259</i>
                        <i>1 0 0 0 1 0 0 0 1 1.55408 0.447936 -1.68259</i>
                        <i>1 0 0 0 1 0 0 0 1 1.55408 0.447936 -1.68259</i>
                        <i>1 0 0 0 1 0 0 0 1 1.55408 0.447936 -1.68259</i>
                        <i>1 0 0 0 1 0 0 0 1 1.55408 0.447936 -1.68259</i>
                        <i>1 0 0 0 1 0 0 0 1 1.55408 0.447936 -1.68259</i>
                        <i>1 0 0 0 1 0 0 0 1 1.55408 0.447936 -1.68259</i>
                        <i>1 0 0 0 1 0 0 0 1 1.55408 0.447936 -1.68259</i>
                        <i>1 0 0 0 1 0 0 0 1 1.55408 0.447936 -1.68259</i>
