<?xml version="1.0" encoding="ISO-8859-1" ?>
<Animl Version="1">
    <ModellingPackage><![CDATA[Maya.2010]]></ModellingPackage>
    <SrcFile><![CDATA[anims\vehicles\red\~src\land\apc_bmp\apc_bmp_forward.mb]]></SrcFile>
    <FramesPerSecond>30</FramesPerSecond>
    <TotalFrames>61</TotalFrames>
    <Skeleton>
        <RefFrame>
            <Name><![CDATA[bmp_ref_frame]]></Name>
            <Exclude>0</Exclude>
            <Additive>0</Additive>
            <IKPriority>0</IKPriority>
            <IKRotLimits>-1e+010 -1e+010 -1e+010 1e+010 1e+010 1e+010</IKRotLimits>
            <IKRotLimitOrder>0</IKRotLimitOrder>
            <KeyFrames count="61">
                <i>1 0 0 0 1 0 0 0 1 0 0 0</i>
                <i>1 0 0 0 1 0 0 0 1 0 0 0</i>
                <i>1 0 0 0 1 0 0 0 1 0 0 0</i>
                <i>1 0 0 0 1 0 0 0 1 0 0 0</i>
                <i>1 0 0 0 1 0 0 0 1 0 0 0</i>
                <i>1 0 0 0 1 0 0 0 1 0 0 0</i>
                <i>1 0 0 0 1 0 0 0 1 0 0 0</i>
                <i>1 0 0 0 1 0 0 0 1 0 0 0</i>
                <i>1 0 0 0 1 0 0 0 1 0 0 0</i>
                <i>1 0 0 0 1 0 0 0 1 0 0 0</i>
                <i>1 0 0 0 1 0 0 0 1 0 0 0</i>
                <i>1 0 0 0 1 0 0 0 1 0 0 0</i>
                <i>1 0 0 0 1 0 0 0 1 0 0 0</i>
                <i>1 0 0 0 1 0 0 0 1 0 0 0</i>
                <i>1 0 0 0 1 0 0 0 1 0 0 0</i>
                <i>1 0 0 0 1 0 0 0 1 0 0 0</i>
                <i>1 0 0 0 1 0 0 0 1 0 0 0</i>
                <i>1 0 0 0 1 0 0 0 1 0 0 0</i>
                <i>1 0 0 0 1 0 0 0 1 0 0 0</i>
                <i>1 0 0 0 1 0 0 0 1 0 0 0</i>
                <i>1 0 0 0 1 0 0 0 1 0 0 0</i>
                <i>1 0 0 0 1 0 0 0 1 0 0 0</i>
                <i>1 0 0 0 1 0 0 0 1 0 0 0</i>
                <i>1 0 0 0 1 0 0 0 1 0 0 0</i>
                <i>1 0 0 0 1 0 0 0 1 0 0 0</i>
                <i>1 0 0 0 1 0 0 0 1 0 0 0</i>
                <i>1 0 0 0 1 0 0 0 1 0 0 0</i>
                <i>1 0 0 0 1 0 0 0 1 0 0 0</i>
                <i>1 0 0 0 1 0 0 0 1 0 0 0</i>
                <i>1 0 0 0 1 0 0 0 1 0 0 0</i>
                <i>1 0 0 0 1 0 0 0 1 0 0 0</i>
                <i>1 0 0 0 1 0 0 0 1 0 0 0</i>
                <i>1 0 0 0 1 0 0 0 1 0 0 0</i>
                <i>1 0 0 0 1 0 0 0 1 0 0 0</i>
                <i>1 0 0 0 1 0 0 0 1 0 0 0</i>
                <i>1 0 0 0 1 0 0 0 1 0 0 0</i>
                <i>1 0 0 0 1 0 0 0 1 0 0 0</i>
                <i>1 0 0 0 1 0 0 0 1 0 0 0</i>
                <i>1 0 0 0 1 0 0 0 1 0 0 0</i>
                <i>1 0 0 0 1 0 0 0 1 0 0 0</i>
                <i>1 0 0 0 1 0 0 0 1 0 0 0</i>
                <i>1 0 0 0 1 0 0 0 1 0 0 0</i>
                <i>1 0 0 0 1 0 0 0 1 0 0 0</i>
                <i>1 0 0 0 1 0 0 0 1 0 0 0</i>
                <i>1 0 0 0 1 0 0 0 1 0 0 0</i>
                <i>1 0 0 0 1 0 0 0 1 0 0 0</i>
                <i>1 0 0 0 1 0 0 0 1 0 0 0</i>
                <i>1 0 0 0 1 0 0 0 1 0 0 0</i>
                <i>1 0 0 0 1 0 0 0 1 0 0 0</i>
                <i>1 0 0 0 1 0 0 0 1 0 0 0</i>
                <i>1 0 0 0 1 0 0 0 1 0 0 0</i>
                <i>1 0 0 0 1 0 0 0 1 0 0 0</i>
                <i>1 0 0 0 1 0 0 0 1 0 0 0</i>
                <i>1 0 0 0 1 0 0 0 1 0 0 0</i>
                <i>1 0 0 0 1 0 0 0 1 0 0 0</i>
                <i>1 0 0 0 1 0 0 0 1 0 0 0</i>
                <i>1 0 0 0 1 0 0 0 1 0 0 0</i>
                <i>1 0 0 0 1 0 0 0 1 0 0 0</i>
                <i>1 0 0 0 1 0 0 0 1 0 0 0</i>
                <i>1 0 0 0 1 0 0 0 1 0 0 0</i>
                <i>1 0 0 0 1 0 0 0 1 0 0 0</i>
            </KeyFrames>
        </RefFrame>
        <Bones count="22">
            <i>
                <p>
                    <Name><![CDATA[bmp_root]]></Name>
                    <Exclude>0</Exclude>
                    <Additive>0</Additive>
                    <IKPriority>0</IKPriority>
                    <IKRotLimits>-1e+010 -1e+010 -1e+010 1e+010 1e+010 1e+010</IKRotLimits>
                    <IKRotLimitOrder>0</IKRotLimitOrder>
                    <KeyFrames count="61">
                        <i>1 0 0 0 1 0 0 0 1 0 0 0</i>
                        <i>1 0 0 0 1 0 0 0 1 0 0 0</i>
                        <i>1 0 0 0 1 0 0 0 1 0 0 0</i>
                        <i>1 0 0 0 1 0 0 0 1 0 0 0</i>
                        <i>1 0 0 0 1 0 0 0 1 0 0 0</i>
                        <i>1 0 0 0 1 0 0 0 1 0 0 0</i>
                        <i>1 0 0 0 1 0 0 0 1 0 0 0</i>
                        <i>1 0 0 0 1 0 0 0 1 0 0 0</i>
                        <i>1 0 0 0 1 0 0 0 1 0 0 0</i>
                        <i>1 0 0 0 1 0 0 0 1 0 0 0</i>
                        <i>1 0 0 0 1 0 0 0 1 0 0 0</i>
                        <i>1 0 0 0 1 0 0 0 1 0 0 0</i>
                        <i>1 0 0 0 1 0 0 0 1 0 0 0</i>
                        <i>1 0 0 0 1 0 0 0 1 0 0 0</i>
                        <i>1 0 0 0 1 0 0 0 1 0 0 0</i>
                        <i>1 0 0 0 1 0 0 0 1 0 0 0</i>
                        <i>1 0 0 0 1 0 0 0 1 0 0 0</i>
                        <i>1 0 0 0 1 0 0 0 1 0 0 0</i>
                        <i>1 0 0 0 1 0 0 0 1 0 0 0</i>
                        <i>1 0 0 0 1 0 0 0 1 0 0 0</i>
                        <i>1 0 0 0 1 0 0 0 1 0 0 0</i>
                        <i>1 0 0 0 1 0 0 0 1 0 0 0</i>
                        <i>1 0 0 0 1 0 0 0 1 0 0 0</i>
                        <i>1 0 0 0 1 0 0 0 1 0 0 0</i>
                        <i>1 0 0 0 1 0 0 0 1 0 0 0</i>
                        <i>1 0 0 0 1 0 0 0 1 0 0 0</i>
                        <i>1 0 0 0 1 0 0 0 1 0 0 0</i>
                        <i>1 0 0 0 1 0 0 0 1 0 0 0</i>
                        <i>1 0 0 0 1 0 0 0 1 0 0 0</i>
                        <i>1 0 0 0 1 0 0 0 1 0 0 0</i>
                        <i>1 0 0 0 1 0 0 0 1 0 0 0</i>
                        <i>1 0 0 0 1 0 0 0 1 0 0 0</i>
                        <i>1 0 0 0 1 0 0 0 1 0 0 0</i>
                        <i>1 0 0 0 1 0 0 0 1 0 0 0</i>
                        <i>1 0 0 0 1 0 0 0 1 0 0 0</i>
                        <i>1 0 0 0 1 0 0 0 1 0 0 0</i>
                        <i>1 0 0 0 1 0 0 0 1 0 0 0</i>
                        <i>1 0 0 0 1 0 0 0 1 0 0 0</i>
                        <i>1 0 0 0 1 0 0 0 1 0 0 0</i>
                        <i>1 0 0 0 1 0 0 0 1 0 0 0</i>
                        <i>1 0 0 0 1 0 0 0 1 0 0 0</i>
                        <i>1 0 0 0 1 0 0 0 1 0 0 0</i>
                        <i>1 0 0 0 1 0 0 0 1 0 0 0</i>
                        <i>1 0 0 0 1 0 0 0 1 0 0 0</i>
                        <i>1 0 0 0 1 0 0 0 1 0 0 0</i>
                        <i>1 0 0 0 1 0 0 0 1 0 0 0</i>
                        <i>1 0 0 0 1 0 0 0 1 0 0 0</i>
                        <i>1 0 0 0 1 0 0 0 1 0 0 0</i>
                        <i>1 0 0 0 1 0 0 0 1 0 0 0</i>
                        <i>1 0 0 0 1 0 0 0 1 0 0 0</i>
                        <i>1 0 0 0 1 0 0 0 1 0 0 0</i>
                        <i>1 0 0 0 1 0 0 0 1 0 0 0</i>
                        <i>1 0 0 0 1 0 0 0 1 0 0 0</i>
                        <i>1 0 0 0 1 0 0 0 1 0 0 0</i>
                        <i>1 0 0 0 1 0 0 0 1 0 0 0</i>
                        <i>1 0 0 0 1 0 0 0 1 0 0 0</i>
                        <i>1 0 0 0 1 0 0 0 1 0 0 0</i>
                        <i>1 0 0 0 1 0 0 0 1 0 0 0</i>
                        <i>1 0 0 0 1 0 0 0 1 0 0 0</i>
                        <i>1 0 0 0 1 0 0 0 1 0 0 0</i>
                        <i>1 0 0 0 1 0 0 0 1 0 0 0</i>
                    </KeyFrames>
                </p>
            </i>
            <i>
                <p>
                    <Name><![CDATA[bmp_body]]></Name>
                    <Exclude>0</Exclude>
                    <Additive>0</Additive>
                    <IKPriority>0</IKPriority>
                    <IKRotLimits>-1e+010 -1e+010 -1e+010 1e+010 1e+010 1e+010</IKRotLimits>
                    <IKRotLimitOrder>0</IKRotLimitOrder>
                    <KeyFrames count="61">
                        <i>1 -0.000920733 -2.64698e-023 0.000920733 1 0.00020947 -1.92866e-007 -0.000209469 1 0 1.65481 -0.4332</i>
                        <i>1 0.000660688 0 -0.000660688 1 0.00034096 2.25268e-007 -0.00034096 1 0 1.65432 -0.4332</i>
                        <i>1 0.000735897 -2.64698e-023 -0.000735897 1 -0.000552026 -4.06234e-007 0.000552026 1 0 1.65115 -0.4332</i>
                        <i>1 0.000289526 0 -0.000289526 1 -0.000107651 -3.11679e-008 0.000107651 1 0 1.64666 -0.4332</i>
                        <i>1 0.000603198 0 -0.000603198 1 -0.000347714 -2.0974e-007 0.000347714 1 0 1.64739 -0.4332</i>
                        <i>0.999999 0.00124219 1.05879e-022 -0.00124219 0.999999 0.00082335 1.02276e-006 -0.00082335 1 0 1.65345 -0.4332</i>
                        <i>0.999998 0.00203415 -2.11758e-022 -0.00203414 0.999996 0.00181892 3.69995e-006 -0.00181892 0.999998 0 1.65449 -0.4332</i>
                        <i>0.999999 0.00141452 -2.11758e-022 -0.00141452 0.999996 0.00254107 3.5944e-006 -0.00254106 0.999997 0 1.65865 -0.4332</i>
                        <i>0.999999 0.00107013 -2.11758e-022 -0.00107012 0.999996 0.00266283 2.84957e-006 -0.00266283 0.999996 0 1.66087 -0.4332</i>
                        <i>1 9.63289e-005 -1.32349e-023 -9.63288e-005 0.999998 0.00191863 1.84819e-007 -0.00191863 0.999998 0 1.65984 -0.4332</i>
                        <i>1 -0.000413215 0 0.000413215 1 0.000794569 -3.28328e-007 -0.000794569 1 0 1.65851 -0.4332</i>
                        <i>1 -0.000636383 -5.29396e-023 0.000636382 0.999999 0.0012844 -8.1737e-007 -0.0012844 0.999999 0 1.6635 -0.4332</i>
                        <i>1 0.00016707 -2.64698e-023 -0.000167069 0.999999 0.00156434 2.61355e-007 -0.00156434 0.999999 0 1.66201 -0.4332</i>
                        <i>1 0.000151308 0 -0.000151308 1 0.000362198 5.48035e-008 -0.000362198 1 0 1.65966 -0.4332</i>
                        <i>1 -0.00054677 6.61744e-024 0.00054677 1 0.000161553 -8.83322e-008 -0.000161553 1 0 1.66119 -0.4332</i>
                        <i>1 0.000253549 0 -0.000253549 1 -0.000278934 -7.07236e-008 0.000278934 1 0 1.65991 -0.4332</i>
                        <i>1 0.000198705 -1.32349e-023 -0.000198705 0.999999 -0.00119957 -2.38362e-007 0.00119957 0.999999 0 1.65735 -0.4332</i>
                        <i>1 0.000598917 0 -0.000598916 0.999998 -0.0019837 -1.18807e-006 0.0019837 0.999998 0 1.65858 -0.4332</i>
                        <i>1 -0.000716307 0 0.000716306 0.999998 -0.00183494 1.31438e-006 0.00183494 0.999998 0 1.65784 -0.4332</i>
                        <i>1 -0.000679361 -1.05879e-022 0.00067936 0.999998 -0.00170548 1.15864e-006 0.00170548 0.999999 0 1.65476 -0.4332</i>
                        <i>1 -0.000283036 -1.32349e-023 0.000283036 1 0.00036474 -1.03235e-007 -0.00036474 1 0 1.65833 -0.4332</i>
                        <i>1 0.000439326 0 -0.000439326 0.999999 -0.00154592 -6.79163e-007 0.00154592 0.999999 0 1.66001 -0.4332</i>
                        <i>1 0.000139956 0 -0.000139956 0.999998 -0.00196241 -2.74651e-007 0.00196241 0.999998 0 1.66078 -0.4332</i>
                        <i>1 0.000317493 2.64698e-023 -0.000317493 0.999999 -0.00120637 -3.83014e-007 0.00120637 0.999999 0 1.66071 -0.4332</i>
                        <i>1 -6.75093e-005 0 6.75093e-005 1 0.000807524 -5.45154e-008 -0.000807524 1 0 1.65143 -0.4332</i>
                        <i>1 3.85654e-005 0 -3.85653e-005 0.999999 0.00159307 6.14373e-008 -0.00159307 0.999999 0 1.64794 -0.4332</i>
                        <i>1 0.000308814 -5.29396e-023 -0.000308813 0.999999 0.00158096 4.88222e-007 -0.00158096 0.999999 0 1.65265 -0.4332</i>
                        <i>1 0.000992408 0 -0.000992408 0.999999 0.000251694 2.49783e-007 -0.000251694 1 0 1.65544 -0.4332</i>
                        <i>1 -0.000239737 -6.61744e-024 0.000239737 1 -0.000423643 1.01563e-007 0.000423643 1 0 1.65478 -0.4332</i>
                        <i>1 3.28583e-005 0 -3.28583e-005 1 1.71581e-005 5.63788e-010 -1.71581e-005 1 0 1.65536 -0.4332</i>
                        <i>1 -0.000760105 2.64698e-023 0.000760105 1 0.000377126 -2.86655e-007 -0.000377126 1 0 1.65412 -0.4332</i>
                        <i>0.999999 -0.00163166 -2.64698e-023 0.00163166 0.999999 0.000265214 -4.32738e-007 -0.000265214 1 0 1.64715 -0.4332</i>
                        <i>1 0.000126755 1.65436e-024 -0.000126755 1 0.000207945 2.6358e-008 -0.000207945 1 0 1.64394 -0.4332</i>
                        <i>0.999999 0.00133205 -5.29396e-023 -0.00133205 0.999999 -0.000429652 -5.72318e-007 0.000429652 1 0 1.64691 -0.4332</i>
                        <i>1 0.000783154 0 -0.000783154 1 -0.000103956 -8.14139e-008 0.000103956 1 0 1.65097 -0.4332</i>
                        <i>1 0.000287888 0 -0.000287888 1 -2.29302e-005 -6.60134e-009 2.29302e-005 1 0 1.65219 -0.4332</i>
                        <i>1 -0.000199962 -2.06795e-025 0.000199962 1 -1.8483e-005 3.69588e-009 1.8483e-005 1 0 1.65848 -0.4332</i>
                        <i>1 -0.000284671 0 0.000284671 1 0.000465596 -1.32542e-007 -0.000465596 1 0 1.65847 -0.4332</i>
                        <i>1 -0.000884773 -1.32349e-023 0.000884773 1 -0.000203052 1.79655e-007 0.000203052 1 0 1.65822 -0.4332</i>
                        <i>0.999999 -0.00116798 5.29396e-023 0.00116798 0.999999 -0.000629949 7.35766e-007 0.000629948 1 0 1.66032 -0.4332</i>
                        <i>1 3.16549e-005 -1.65436e-024 -3.16549e-005 1 0.000672575 2.12903e-008 -0.000672575 1 0 1.66255 -0.4332</i>
                        <i>1 0.000590103 0 -0.000590102 0.999998 0.00170605 1.00674e-006 -0.00170605 0.999999 0 1.65731 -0.4332</i>
                        <i>1 0.000408304 0 -0.000408303 0.999997 0.0022262 9.08966e-007 -0.0022262 0.999997 0 1.65325 -0.4332</i>
                        <i>1 0.000527132 0 -0.000527131 0.999997 0.00237521 1.25205e-006 -0.00237521 0.999997 0 1.65441 -0.4332</i>
                        <i>1 0.000149317 0 -0.000149317 1 0.000764592 1.14167e-007 -0.000764592 1 0 1.64991 -0.4332</i>
                        <i>1 -0.000865851 -2.64698e-023 0.000865851 1 0.000444239 -3.84645e-007 -0.000444239 1 0 1.64704 -0.4332</i>
                        <i>1 -0.00039981 0 0.00039981 1 0.000859747 -3.43735e-007 -0.000859747 1 0 1.64946 -0.4332</i>
                        <i>1 -0.000162805 -1.32349e-023 0.000162805 1 0.000761075 -1.23907e-007 -0.000761075 1 0 1.65216 -0.4332</i>
                        <i>1 0.000509454 -1.32349e-023 -0.000509454 1 0.000328974 1.67597e-007 -0.000328974 1 0 1.65225 -0.4332</i>
                        <i>1 -0.000457568 1.32349e-023 0.000457568 1 -0.00035161 1.60886e-007 0.00035161 1 0 1.65461 -0.4332</i>
                        <i>1 -0.000755647 0 0.000755646 0.999999 -0.001361 1.02844e-006 0.001361 0.999999 0 1.65301 -0.4332</i>
                        <i>1 -9.24975e-005 -3.30872e-024 9.24975e-005 1 0.00040005 -3.70037e-008 -0.00040005 1 0 1.65088 -0.4332</i>
                        <i>0.999999 0.00106595 0 -0.00106595 0.999999 0.000526261 5.60966e-007 -0.000526261 1 0 1.65047 -0.4332</i>
                        <i>1 0.000703275 0 -0.000703275 1 -0.000351447 -2.47164e-007 0.000351447 1 0 1.65575 -0.4332</i>
                        <i>1 -0.000186129 0 0.000186129 0.999999 -0.00134568 2.50471e-007 0.00134568 0.999999 0 1.6532 -0.4332</i>
                        <i>1 -0.000817231 -5.29396e-023 0.00081723 0.999999 -0.000920693 7.52418e-007 0.000920692 1 0 1.6556 -0.4332</i>
                        <i>1 0.000614737 2.64698e-023 -0.000614737 1 -0.000693931 -4.26585e-007 0.00069393 1 0 1.65658 -0.4332</i>
                        <i>0.999999 0.00106236 2.64698e-023 -0.00106236 0.999999 -0.000225061 -2.39096e-007 0.00022506 1 0 1.65436 -0.4332</i>
                        <i>1 0.000592413 0 -0.000592413 1 -0.000157539 -9.33281e-008 0.000157539 1 0 1.65425 -0.4332</i>
                        <i>1 -0.000839178 -2.64698e-023 0.000839178 1 -0.000499066 4.18805e-007 0.000499066 1 0 1.65321 -0.4332</i>
                        <i>1 -8.34758e-005 6.61744e-024 8.34757e-005 0.999999 -0.00136471 1.1392e-007 0.00136471 0.999999 0 1.6523 -0.4332</i>
                    </KeyFrames>
                </p>
            </i>
            <i>
                <p>
                    <Name><![CDATA[right_hatch]]></Name>
                    <Exclude>0</Exclude>
                    <Additive>0</Additive>
                    <IKPriority>0</IKPriority>
                    <IKRotLimits>-1e+010 -1e+010 -1e+010 1e+010 1e+010 1e+010</IKRotLimits>
                    <IKRotLimitOrder>0</IKRotLimitOrder>
                    <KeyFrames count="61">
                        <i>1 -0.000920733 -2.64698e-023 0.00090939 0.98768 -0.156486 0.000144082 0.156486 0.98768 -1.26581 1.79097 -4.85442</i>
                        <i>1 0.000660688 0 -0.000652562 0.9877 -0.156356 -0.000103303 0.156356 0.987701 -1.26602 1.78906 -4.8544</i>
                        <i>1 0.000735897 -2.64698e-023 -0.000726743 0.98756 -0.157238 -0.000115711 0.157238 0.987561 -1.26603 1.78185 -4.85452</i>
                        <i>1 0.000289526 0 -0.000285945 0.98763 -0.156799 -4.53975e-005 0.156799 0.98763 -1.26597 1.77988 -4.85446</i>
                        <i>1 0.000603198 0 -0.000595714 0.987593 -0.157036 -9.4724e-005 0.157036 0.987593 -1.26601 1.77916 -4.8545</i>
                        <i>0.999999 0.00124219 1.05879e-022 -0.00122701 0.987775 -0.15588 -0.000193632 0.15588 0.987776 -1.2661 1.78958 -4.85434</i>
                        <i>0.999998 0.00203415 -2.11758e-022 -0.0020096 0.987929 -0.154896 -0.000315082 0.154896 0.987931 -1.26622 1.79403 -4.8542</i>
                        <i>0.999999 0.00141452 -2.11758e-022 -0.00139761 0.988041 -0.154183 -0.000218095 0.154183 0.988042 -1.26614 1.80216 -4.85409</i>
                        <i>0.999999 0.00107013 -2.11758e-022 -0.00105735 0.988061 -0.154062 -0.000164866 0.154062 0.988061 -1.26609 1.80535 -4.85408</i>
                        <i>1 9.63289e-005 -1.32349e-023 -9.51678e-005 0.987946 -0.154798 -1.49115e-005 0.154798 0.987946 -1.26595 1.80227 -4.85418</i>
                        <i>1 -0.000413215 0 0.000408162 0.987771 -0.155908 6.44236e-005 0.155908 0.987772 -1.26588 1.79662 -4.85434</i>
                        <i>1 -0.000636383 -5.29396e-023 0.000628649 0.987848 -0.155424 9.89093e-005 0.155424 0.987848 -1.26584 1.80406 -4.85427</i>
                        <i>1 0.00016707 -2.64698e-023 -0.000165047 0.987891 -0.155148 -2.59205e-005 0.155148 0.987891 -1.26596 1.80279 -4.85423</i>
                        <i>1 0.000151308 0 -0.000149448 0.987704 -0.156335 -2.36548e-005 0.156335 0.987704 -1.26595 1.79514 -4.8544</i>
                        <i>1 -0.00054677 6.61744e-024 0.00054003 0.987673 -0.156533 8.55877e-005 0.156533 0.987673 -1.26586 1.79666 -4.85443</i>
                        <i>1 0.000253549 0 -0.000250406 0.987604 -0.156968 -3.97992e-005 0.156968 0.987604 -1.26597 1.79242 -4.85449</i>
                        <i>1 0.000198705 -1.32349e-023 -0.000196213 0.987459 -0.157878 -3.13711e-005 0.157878 0.987459 -1.26596 1.78587 -4.85461</i>
                        <i>1 0.000598917 0 -0.000591331 0.987334 -0.158652 -9.50192e-005 0.158652 0.987335 -1.26601 1.78312 -4.85471</i>
                        <i>1 -0.000716307 0 0.000707252 0.987358 -0.158505 0.000113538 0.158505 0.987358 -1.26584 1.7847 -4.85469</i>
                        <i>1 -0.000679361 -1.05879e-022 0.000670787 0.987378 -0.158377 0.000107595 0.158377 0.987379 -1.26585 1.78215 -4.85467</i>
                        <i>1 -0.000283036 -1.32349e-023 0.000279556 0.987704 -0.156333 4.42478e-005 0.156333 0.987704 -1.2659 1.79437 -4.8544</i>
                        <i>1 0.000439326 0 -0.000433792 0.987404 -0.15822 -6.951e-005 0.15822 0.987404 -1.26599 1.78669 -4.85465</i>
                        <i>1 0.000139956 0 -0.000138184 0.987338 -0.158631 -2.22013e-005 0.158631 0.987338 -1.26595 1.786 -4.8547</i>
                        <i>1 0.000317493 2.64698e-023 -0.000313511 0.987458 -0.157884 -5.01271e-005 0.157884 0.987458 -1.26597 1.78904 -4.85461</i>
                        <i>1 -6.75093e-005 0 6.66839e-005 0.987774 -0.155895 1.05244e-005 0.155895 0.987774 -1.26592 1.78916 -4.85434</i>
                        <i>1 3.85654e-005 0 -3.80986e-005 0.987896 -0.155119 -5.98223e-006 0.155119 0.987896 -1.26594 1.789 -4.85423</i>
                        <i>1 0.000308814 -5.29396e-023 -0.000305075 0.987894 -0.155131 -4.79067e-005 0.155131 0.987894 -1.26598 1.79332 -4.85423</i>
                        <i>1 0.000992408 0 -0.000980188 0.987686 -0.156444 -0.000155257 0.156444 0.987687 -1.26607 1.78937 -4.85442</i>
                        <i>1 -0.000239737 -6.61744e-024 0.00023676 0.987581 -0.157111 3.76654e-005 0.157111 0.987581 -1.2659 1.78728 -4.85451</i>
                        <i>1 3.28583e-005 0 -3.24525e-005 0.98765 -0.156676 -5.14811e-006 0.156676 0.98765 -1.26594 1.78946 -4.85445</i>
                        <i>1 -0.000760105 2.64698e-023 0.000750761 0.987706 -0.15632 0.00011882 0.15632 0.987706 -1.26583 1.79082 -4.8544</i>
                        <i>0.999999 -0.00163166 -2.64698e-023 0.00161157 0.987688 -0.156431 0.000255241 0.156431 0.987689 -1.26571 1.78446 -4.85441</i>
                        <i>1 0.000126755 1.65436e-024 -0.000125193 0.98768 -0.156487 -1.98355e-005 0.156487 0.98768 -1.26595 1.77877 -4.85442</i>
                        <i>0.999999 0.00133205 -5.29396e-023 -0.0013155 0.987579 -0.157117 -0.000209288 0.157117 0.98758 -1.26611 1.77739 -4.85451</i>
                        <i>1 0.000783154 0 -0.000773467 0.987631 -0.156796 -0.000122795 0.156796 0.987631 -1.26604 1.78359 -4.85446</i>
                        <i>1 0.000287888 0 -0.000284331 0.987644 -0.156716 -4.51165e-005 0.156716 0.987644 -1.26597 1.7858 -4.85445</i>
                        <i>1 -0.000199962 -2.06795e-025 0.000197491 0.987644 -0.156711 3.13362e-005 0.156711 0.987644 -1.26591 1.79273 -4.85445</i>
                        <i>1 -0.000284671 0 0.000281176 0.98772 -0.156233 4.44751e-005 0.156233 0.98772 -1.2659 1.79495 -4.85439</i>
                        <i>1 -0.000884773 -1.32349e-023 0.000873816 0.987615 -0.156893 0.000138815 0.156893 0.987616 -1.26582 1.79252 -4.85448</i>
                        <i>0.999999 -0.00116798 5.29396e-023 0.00115343 0.987548 -0.157315 0.00018374 0.157315 0.987548 -1.26578 1.79308 -4.85453</i>
                        <i>1 3.16549e-005 -1.65436e-024 -3.12673e-005 0.987752 -0.156029 -4.93908e-006 0.156029 0.987752 -1.26594 1.79955 -4.85436</i>
                        <i>1 0.000590103 0 -0.00058297 0.987913 -0.155008 -9.14704e-005 0.155008 0.987913 -1.26602 1.79817 -4.85421</i>
                        <i>1 0.000408304 0 -0.000403402 0.987994 -0.154494 -6.30805e-005 0.154494 0.987994 -1.26599 1.79665 -4.85414</i>
                        <i>1 0.000527132 0 -0.000520816 0.988017 -0.154347 -8.13611e-005 0.154347 0.988017 -1.26601 1.79831 -4.85412</i>
                        <i>1 0.000149317 0 -0.00014749 0.987767 -0.155938 -2.32841e-005 0.155938 0.987767 -1.26595 1.78717 -4.85435</i>
                        <i>1 -0.000865851 -2.64698e-023 0.000855216 0.987716 -0.156254 0.000135293 0.156254 0.987717 -1.26582 1.78417 -4.85439</i>
                        <i>1 -0.00039981 0 0.000394925 0.987782 -0.155844 6.23079e-005 0.155844 0.987782 -1.26588 1.78784 -4.85433</i>
                        <i>1 -0.000162805 -1.32349e-023 0.000160813 0.987766 -0.155941 2.5388e-005 0.155941 0.987766 -1.26591 1.78981 -4.85435</i>
                        <i>1 0.000509454 -1.32349e-023 -0.000503187 0.987699 -0.156368 -7.96623e-005 0.156368 0.987699 -1.266 1.78713 -4.8544</i>
                        <i>1 -0.000457568 1.32349e-023 0.000451891 0.987592 -0.15704 7.18566e-005 0.15704 0.987592 -1.26587 1.7877 -4.8545</i>
                        <i>1 -0.000755647 0 0.000746151 0.987433 -0.158037 0.00011942 0.158037 0.987433 -1.26584 1.78202 -4.85463</i>
                        <i>1 -9.24975e-005 -3.30872e-024 9.13607e-005 0.98771 -0.156298 1.44572e-005 0.156298 0.98771 -1.26592 1.78684 -4.8544</i>
                        <i>0.999999 0.00106595 0 -0.00105287 0.987729 -0.156173 -0.000166472 0.156173 0.98773 -1.26608 1.78552 -4.85438</i>
                        <i>1 0.000703275 0 -0.000694549 0.987592 -0.15704 -0.000110442 0.15704 0.987592 -1.26603 1.78737 -4.8545</i>
                        <i>1 -0.000186129 0 0.000183791 0.987436 -0.158022 2.94125e-005 0.158022 0.987436 -1.26591 1.78156 -4.85463</i>
                        <i>1 -0.000817231 -5.29396e-023 0.000807018 0.987502 -0.157602 0.000128797 0.157602 0.987503 -1.26583 1.78664 -4.85457</i>
                        <i>1 0.000614737 2.64698e-023 -0.000607077 0.987538 -0.157378 -9.67462e-005 0.157378 0.987538 -1.26601 1.7868 -4.85454</i>
                        <i>0.999999 0.00106236 2.64698e-023 -0.0010492 0.987611 -0.156915 -0.000166701 0.156915 0.987612 -1.26607 1.78609 -4.85448</i>
                        <i>1 0.000592413 0 -0.00058508 0.987622 -0.156848 -9.29191e-005 0.156848 0.987623 -1.26601 1.78688 -4.85447</i>
                        <i>1 -0.000839178 -2.64698e-023 0.000828746 0.987569 -0.157186 0.000131907 0.157186 0.987569 -1.26582 1.78614 -4.85452</i>
                        <i>1 -8.34758e-005 6.61744e-024 8.24267e-005 0.987433 -0.158041 1.31926e-005 0.158041 0.987433 -1.26592 1.78044 -4.85463</i>
                    </KeyFrames>
                </p>
            </i>
            <i>
                <p>
                    <Name><![CDATA[left_hatch]]></Name>
                    <Exclude>0</Exclude>
                    <Additive>0</Additive>
                    <IKPriority>0</IKPriority>
                    <IKRotLimits>-1e+010 -1e+010 -1e+010 1e+010 1e+010 1e+010</IKRotLimits>
                    <IKRotLimitOrder>0</IKRotLimitOrder>
                    <KeyFrames count="61">
                        <i>1 -0.000920733 -2.64698e-023 -0.00090939 -0.98768 0.156486 -0.000144082 -0.156486 -0.98768 1.26605 1.78865 -4.85442</i>
                        <i>1 0.000660688 0 0.000652562 -0.9877 0.156356 0.000103303 -0.156356 -0.987701 1.26584 1.79074 -4.8544</i>
                        <i>1 0.000735897 -2.64698e-023 0.000726743 -0.98756 0.157238 0.000115711 -0.157238 -0.987561 1.26583 1.78371 -4.85452</i>
                        <i>1 0.000289526 0 0.000285945 -0.98763 0.156799 4.53975e-005 -0.156799 -0.98763 1.26589 1.78062 -4.85446</i>
                        <i>1 0.000603198 0 0.000595714 -0.987593 0.157036 9.4724e-005 -0.157036 -0.987593 1.26585 1.7807 -4.8545</i>
                        <i>0.999999 0.00124219 1.05879e-022 0.00122701 -0.987775 0.15588 0.000193632 -0.15588 -0.987776 1.26576 1.79273 -4.85434</i>
                        <i>0.999998 0.00203415 -2.11758e-022 0.0020096 -0.987929 0.154896 0.000315082 -0.154896 -0.987931 1.26564 1.79918 -4.8542</i>
                        <i>0.999999 0.00141452 -2.11758e-022 0.00139761 -0.988041 0.154183 0.000218095 -0.154183 -0.988042 1.26572 1.80575 -4.85409</i>
                        <i>0.999999 0.00107013 -2.11758e-022 0.00105735 -0.988061 0.154062 0.000164866 -0.154062 -0.988061 1.26577 1.80807 -4.85408</i>
                        <i>1 9.63289e-005 -1.32349e-023 9.51678e-005 -0.987946 0.154798 1.49115e-005 -0.154798 -0.987946 1.26592 1.80252 -4.85418</i>
                        <i>1 -0.000413215 0 -0.000408162 -0.987771 0.155908 -6.44236e-005 -0.155908 -0.987772 1.26599 1.79558 -4.85434</i>
                        <i>1 -0.000636383 -5.29396e-023 -0.000628649 -0.987848 0.155424 -9.89093e-005 -0.155424 -0.987848 1.26602 1.80245 -4.85427</i>
                        <i>1 0.00016707 -2.64698e-023 0.000165047 -0.987891 0.155148 2.59205e-005 -0.155148 -0.987891 1.26591 1.80321 -4.85423</i>
                        <i>1 0.000151308 0 0.000149448 -0.987704 0.156335 2.36548e-005 -0.156335 -0.987704 1.26591 1.79552 -4.8544</i>
                        <i>1 -0.00054677 6.61744e-024 -0.00054003 -0.987673 0.156533 -8.55877e-005 -0.156533 -0.987673 1.266 1.79528 -4.85443</i>
                        <i>1 0.000253549 0 0.000250406 -0.987604 0.156968 3.97992e-005 -0.156968 -0.987604 1.2659 1.79307 -4.85449</i>
                        <i>1 0.000198705 -1.32349e-023 0.000196213 -0.987459 0.157878 3.13711e-005 -0.157878 -0.987459 1.2659 1.78637 -4.85461</i>
                        <i>1 0.000598917 0 0.000591331 -0.987334 0.158652 9.50192e-005 -0.158652 -0.987335 1.26585 1.78464 -4.85471</i>
                        <i>1 -0.000716307 0 -0.000707252 -0.987358 0.158505 -0.000113538 -0.158505 -0.987358 1.26602 1.78289 -4.85469</i>
                        <i>1 -0.000679361 -1.05879e-022 -0.000670787 -0.987378 0.158377 -0.000107595 -0.158377 -0.987379 1.26602 1.78043 -4.85467</i>
                        <i>1 -0.000283036 -1.32349e-023 -0.000279556 -0.987704 0.156333 -4.42478e-005 -0.156333 -0.987704 1.26597 1.79365 -4.8544</i>
                        <i>1 0.000439326 0 0.000433792 -0.987404 0.15822 6.951e-005 -0.15822 -0.987404 1.26587 1.78781 -4.85465</i>
                        <i>1 0.000139956 0 0.000138184 -0.987338 0.158631 2.22013e-005 -0.158631 -0.987338 1.26591 1.78636 -4.8547</i>
                        <i>1 0.000317493 2.64698e-023 0.000313511 -0.987458 0.157884 5.01271e-005 -0.157884 -0.987458 1.26589 1.78985 -4.85461</i>
                        <i>1 -6.75093e-005 0 -6.66839e-005 -0.987774 0.155895 -1.05244e-005 -0.155895 -0.987774 1.26594 1.78899 -4.85434</i>
                        <i>1 3.85654e-005 0 3.80986e-005 -0.987896 0.155119 5.98223e-006 -0.155119 -0.987896 1.26592 1.78911 -4.85423</i>
                        <i>1 0.000308814 -5.29396e-023 0.000305075 -0.987894 0.155131 4.79067e-005 -0.155131 -0.987894 1.26589 1.7941 -4.85423</i>
                        <i>1 0.000992408 0 0.000980188 -0.987686 0.156444 0.000155257 -0.156444 -0.987687 1.2658 1.79188 -4.85442</i>
                        <i>1 -0.000239737 -6.61744e-024 -0.00023676 -0.987581 0.157111 -3.76654e-005 -0.157111 -0.987581 1.26596 1.78667 -4.85451</i>
                        <i>1 3.28583e-005 0 3.24525e-005 -0.98765 0.156676 5.14811e-006 -0.156676 -0.98765 1.26593 1.78955 -4.85445</i>
                        <i>1 -0.000760105 2.64698e-023 -0.000750761 -0.987706 0.15632 -0.00011882 -0.15632 -0.987706 1.26603 1.7889 -4.8544</i>
                        <i>0.999999 -0.00163166 -2.64698e-023 -0.00161157 -0.987688 0.156431 -0.000255241 -0.156431 -0.987689 1.26615 1.78033 -4.85441</i>
                        <i>1 0.000126755 1.65436e-024 0.000125193 -0.98768 0.156487 1.98355e-005 -0.156487 -0.98768 1.26591 1.7791 -4.85442</i>
                        <i>0.999999 0.00133205 -5.29396e-023 0.0013155 -0.987579 0.157117 0.000209288 -0.157117 -0.98758 1.26575 1.78077 -4.85451</i>
                        <i>1 0.000783154 0 0.000773467 -0.987631 0.156796 0.000122795 -0.156796 -0.987631 1.26582 1.78558 -4.85446</i>
                        <i>1 0.000287888 0 0.000284331 -0.987644 0.156716 4.51165e-005 -0.156716 -0.987644 1.26589 1.78653 -4.85445</i>
                        <i>1 -0.000199962 -2.06795e-025 -0.000197491 -0.987644 0.156711 -3.13362e-005 -0.156711 -0.987644 1.26596 1.79222 -4.85445</i>
                        <i>1 -0.000284671 0 -0.000281176 -0.98772 0.156233 -4.44751e-005 -0.156233 -0.98772 1.26597 1.79424 -4.85439</i>
                        <i>1 -0.000884773 -1.32349e-023 -0.000873816 -0.987615 0.156893 -0.000138815 -0.156893 -0.987616 1.26605 1.79028 -4.85448</i>
                        <i>0.999999 -0.00116798 5.29396e-023 -0.00115343 -0.987548 0.157315 -0.00018374 -0.157315 -0.987548 1.26608 1.79013 -4.85453</i>
                        <i>1 3.16549e-005 -1.65436e-024 3.12673e-005 -0.987752 0.156029 4.93908e-006 -0.156029 -0.987752 1.26593 1.79964 -4.85436</i>
                        <i>1 0.000590103 0 0.00058297 -0.987913 0.155008 9.14704e-005 -0.155008 -0.987913 1.26585 1.79967 -4.85421</i>
                        <i>1 0.000408304 0 0.000403402 -0.987994 0.154494 6.30805e-005 -0.154494 -0.987994 1.26587 1.79769 -4.85414</i>
                        <i>1 0.000527132 0 0.000520816 -0.988017 0.154347 8.13611e-005 -0.154347 -0.988017 1.26585 1.79965 -4.85412</i>
                        <i>1 0.000149317 0 0.00014749 -0.987767 0.155938 2.32841e-005 -0.155938 -0.987767 1.26591 1.78756 -4.85435</i>
                        <i>1 -0.000865851 -2.64698e-023 -0.000855216 -0.987716 0.156254 -0.000135293 -0.156254 -0.987717 1.26605 1.78198 -4.85439</i>
                        <i>1 -0.00039981 0 -0.000394925 -0.987782 0.155844 -6.23079e-005 -0.155844 -0.987782 1.26599 1.78683 -4.85433</i>
                        <i>1 -0.000162805 -1.32349e-023 -0.000160813 -0.987766 0.155941 -2.5388e-005 -0.155941 -0.987766 1.26595 1.7894 -4.85435</i>
                        <i>1 0.000509454 -1.32349e-023 0.000503187 -0.987699 0.156368 7.96623e-005 -0.156368 -0.987699 1.26586 1.78842 -4.85441</i>
                        <i>1 -0.000457568 1.32349e-023 -0.000451891 -0.987592 0.15704 -7.18566e-005 -0.15704 -0.987592 1.26599 1.78655 -4.8545</i>
                        <i>1 -0.000755647 0 -0.000746151 -0.987433 0.158037 -0.00011942 -0.158037 -0.987433 1.26603 1.78011 -4.85463</i>
                        <i>1 -9.24975e-005 -3.30872e-024 -9.13607e-005 -0.98771 0.156298 -1.44572e-005 -0.156298 -0.98771 1.26594 1.78661 -4.8544</i>
                        <i>0.999999 0.00106595 0 0.00105287 -0.987729 0.156173 0.000166472 -0.156173 -0.98773 1.26578 1.78822 -4.85438</i>
                        <i>1 0.000703275 0 0.000694549 -0.987592 0.15704 0.000110442 -0.15704 -0.987592 1.26584 1.78916 -4.8545</i>
                        <i>1 -0.000186129 0 -0.000183791 -0.987436 0.158022 -2.94125e-005 -0.158022 -0.987436 1.26595 1.78109 -4.85463</i>
                        <i>1 -0.000817231 -5.29396e-023 -0.000807018 -0.987502 0.157602 -0.000128797 -0.157602 -0.987503 1.26604 1.78457 -4.85457</i>
                        <i>1 0.000614737 2.64698e-023 0.000607077 -0.987538 0.157378 9.67462e-005 -0.157378 -0.987538 1.26585 1.78837 -4.85454</i>
                        <i>0.999999 0.00106236 2.64698e-023 0.0010492 -0.987611 0.156915 0.000166701 -0.156915 -0.987612 1.26579 1.78879 -4.85448</i>
                        <i>1 0.000592413 0 0.00058508 -0.987622 0.156848 9.29191e-005 -0.156848 -0.987623 1.26585 1.78838 -4.85447</i>
                        <i>1 -0.000839178 -2.64698e-023 -0.000828746 -0.987569 0.157186 -0.000131907 -0.157186 -0.987569 1.26604 1.78402 -4.85452</i>
                        <i>1 -8.34758e-005 6.61744e-024 -8.24267e-005 -0.987433 0.158041 -1.31926e-005 -0.158041 -0.987433 1.26594 1.78024 -4.85463</i>
                    </KeyFrames>
                </p>
            </i>
            <i>
                <p>
                    <Name><![CDATA[r_tread]]></Name>
                    <Exclude>0</Exclude>
                    <Additive>0</Additive>
                    <IKPriority>1</IKPriority>
                    <IKRotLimits>-1e+010 -1e+010 -1e+010 1e+010 1e+010 1e+010</IKRotLimits>
                    <IKRotLimitOrder>0</IKRotLimitOrder>
                    <KeyFrames count="61">
                        <i>1 0 0 -0 -1 -1.22465e-016 0 1.22465e-016 -1 -1.62821 0.506238 -3.11579</i>
                        <i>1 0 0 -0 -1 -1.22465e-016 0 1.22465e-016 -1 -1.62821 0.506238 -3.11579</i>
                        <i>1 0 0 -0 -1 -1.22465e-016 0 1.22465e-016 -1 -1.62821 0.506238 -3.11579</i>
                        <i>1 0 0 -0 -1 -1.22465e-016 0 1.22465e-016 -1 -1.62821 0.506238 -3.11579</i>
                        <i>1 0 0 -0 -1 -1.22465e-016 0 1.22465e-016 -1 -1.62821 0.506238 -3.11579</i>
                        <i>1 0 0 -0 -1 -1.22465e-016 0 1.22465e-016 -1 -1.62821 0.506238 -3.11579</i>
                        <i>1 0 0 -0 -1 -1.22465e-016 0 1.22465e-016 -1 -1.62821 0.506238 -3.11579</i>
                        <i>1 0 0 -0 -1 -1.22465e-016 0 1.22465e-016 -1 -1.62821 0.506238 -3.11579</i>
                        <i>1 0 0 -0 -1 -1.22465e-016 0 1.22465e-016 -1 -1.62821 0.506238 -3.11579</i>
                        <i>1 0 0 -0 -1 -1.22465e-016 0 1.22465e-016 -1 -1.62821 0.506238 -3.11579</i>
                        <i>1 0 0 -0 -1 -1.22465e-016 0 1.22465e-016 -1 -1.62821 0.506238 -3.11579</i>
                        <i>1 0 0 -0 -1 -1.22465e-016 0 1.22465e-016 -1 -1.62821 0.506238 -3.11579</i>
                        <i>1 0 0 -0 -1 -1.22465e-016 0 1.22465e-016 -1 -1.62821 0.506238 -3.11579</i>
                        <i>1 0 0 -0 -1 -1.22465e-016 0 1.22465e-016 -1 -1.62821 0.506238 -3.11579</i>
                        <i>1 0 0 -0 -1 -1.22465e-016 0 1.22465e-016 -1 -1.62821 0.506238 -3.11579</i>
                        <i>1 0 0 -0 -1 -1.22465e-016 0 1.22465e-016 -1 -1.62821 0.506238 -3.11579</i>
                        <i>1 0 0 -0 -1 -1.22465e-016 0 1.22465e-016 -1 -1.62821 0.506238 -3.11579</i>
                        <i>1 0 0 -0 -1 -1.22465e-016 0 1.22465e-016 -1 -1.62821 0.506238 -3.11579</i>
                        <i>1 0 0 -0 -1 -1.22465e-016 0 1.22465e-016 -1 -1.62821 0.506238 -3.11579</i>
                        <i>1 0 0 -0 -1 -1.22465e-016 0 1.22465e-016 -1 -1.62821 0.506238 -3.11579</i>
                        <i>1 0 0 -0 -1 -1.22465e-016 0 1.22465e-016 -1 -1.62821 0.506238 -3.11579</i>
                        <i>1 0 0 -0 -1 -1.22465e-016 0 1.22465e-016 -1 -1.62821 0.506238 -3.11579</i>
                        <i>1 0 0 -0 -1 -1.22465e-016 0 1.22465e-016 -1 -1.62821 0.506238 -3.11579</i>
                        <i>1 0 0 -0 -1 -1.22465e-016 0 1.22465e-016 -1 -1.62821 0.506238 -3.11579</i>
                        <i>1 0 0 -0 -1 -1.22465e-016 0 1.22465e-016 -1 -1.62821 0.506238 -3.11579</i>
                        <i>1 0 0 -0 -1 -1.22465e-016 0 1.22465e-016 -1 -1.62821 0.506238 -3.11579</i>
                        <i>1 0 0 -0 -1 -1.22465e-016 0 1.22465e-016 -1 -1.62821 0.506238 -3.11579</i>
                        <i>1 0 0 -0 -1 -1.22465e-016 0 1.22465e-016 -1 -1.62821 0.506238 -3.11579</i>
                        <i>1 0 0 -0 -1 -1.22465e-016 0 1.22465e-016 -1 -1.62821 0.506238 -3.11579</i>
                        <i>1 0 0 -0 -1 -1.22465e-016 0 1.22465e-016 -1 -1.62821 0.506238 -3.11579</i>
                        <i>1 0 0 -0 -1 -1.22465e-016 0 1.22465e-016 -1 -1.62821 0.506238 -3.11579</i>
                        <i>1 0 0 -0 -1 -1.22465e-016 0 1.22465e-016 -1 -1.62821 0.506238 -3.11579</i>
                        <i>1 0 0 -0 -1 -1.22465e-016 0 1.22465e-016 -1 -1.62821 0.506238 -3.11579</i>
                        <i>1 0 0 -0 -1 -1.22465e-016 0 1.22465e-016 -1 -1.62821 0.506238 -3.11579</i>
                        <i>1 0 0 -0 -1 -1.22465e-016 0 1.22465e-016 -1 -1.62821 0.506238 -3.11579</i>
                        <i>1 0 0 -0 -1 -1.22465e-016 0 1.22465e-016 -1 -1.62821 0.506238 -3.11579</i>
                        <i>1 0 0 -0 -1 -1.22465e-016 0 1.22465e-016 -1 -1.62821 0.506238 -3.11579</i>
                        <i>1 0 0 -0 -1 -1.22465e-016 0 1.22465e-016 -1 -1.62821 0.506238 -3.11579</i>
                        <i>1 0 0 -0 -1 -1.22465e-016 0 1.22465e-016 -1 -1.62821 0.506238 -3.11579</i>
                        <i>1 0 0 -0 -1 -1.22465e-016 0 1.22465e-016 -1 -1.62821 0.506238 -3.11579</i>
                        <i>1 0 0 -0 -1 -1.22465e-016 0 1.22465e-016 -1 -1.62821 0.506238 -3.11579</i>
                        <i>1 0 0 -0 -1 -1.22465e-016 0 1.22465e-016 -1 -1.62821 0.506238 -3.11579</i>
                        <i>1 0 0 -0 -1 -1.22465e-016 0 1.22465e-016 -1 -1.62821 0.506238 -3.11579</i>
                        <i>1 0 0 -0 -1 -1.22465e-016 0 1.22465e-016 -1 -1.62821 0.506238 -3.11579</i>
                        <i>1 0 0 -0 -1 -1.22465e-016 0 1.22465e-016 -1 -1.62821 0.506238 -3.11579</i>
                        <i>1 0 0 -0 -1 -1.22465e-016 0 1.22465e-016 -1 -1.62821 0.506238 -3.11579</i>
                        <i>1 0 0 -0 -1 -1.22465e-016 0 1.22465e-016 -1 -1.62821 0.506238 -3.11579</i>
                        <i>1 0 0 -0 -1 -1.22465e-016 0 1.22465e-016 -1 -1.62821 0.506238 -3.11579</i>
                        <i>1 0 0 -0 -1 -1.22465e-016 0 1.22465e-016 -1 -1.62821 0.506238 -3.11579</i>
                        <i>1 0 0 -0 -1 -1.22465e-016 0 1.22465e-016 -1 -1.62821 0.506238 -3.11579</i>
