<?xml version="1.0" encoding="ISO-8859-1" ?>
<Animl Version="1">
    <ModellingPackage><![CDATA[Maya.2010]]></ModellingPackage>
    <SrcFile><![CDATA[anims\vehicles\red\~src\land\apc_bmp\apc_bmp_retract.mb]]></SrcFile>
    <FramesPerSecond>30</FramesPerSecond>
    <TotalFrames>91</TotalFrames>
    <Skeleton>
        <RefFrame>
            <Name><![CDATA[bmp_ref_frame]]></Name>
            <Exclude>1</Exclude>
            <Additive>0</Additive>
            <IKPriority>0</IKPriority>
            <IKRotLimits>-1e+010 -1e+010 -1e+010 1e+010 1e+010 1e+010</IKRotLimits>
            <IKRotLimitOrder>0</IKRotLimitOrder>
            <KeyFrames count="91">
                <i>1 0 0 0 1 0 0 0 1 0 0 0</i>
                <i>1 0 0 0 1 0 0 0 1 0 0 0</i>
                <i>1 0 0 0 1 0 0 0 1 0 0 0</i>
                <i>1 0 0 0 1 0 0 0 1 0 0 0</i>
                <i>1 0 0 0 1 0 0 0 1 0 0 0</i>
                <i>1 0 0 0 1 0 0 0 1 0 0 0</i>
                <i>1 0 0 0 1 0 0 0 1 0 0 0</i>
                <i>1 0 0 0 1 0 0 0 1 0 0 0</i>
                <i>1 0 0 0 1 0 0 0 1 0 0 0</i>
                <i>1 0 0 0 1 0 0 0 1 0 0 0</i>
                <i>1 0 0 0 1 0 0 0 1 0 0 0</i>
                <i>1 0 0 0 1 0 0 0 1 0 0 0</i>
                <i>1 0 0 0 1 0 0 0 1 0 0 0</i>
                <i>1 0 0 0 1 0 0 0 1 0 0 0</i>
                <i>1 0 0 0 1 0 0 0 1 0 0 0</i>
                <i>1 0 0 0 1 0 0 0 1 0 0 0</i>
                <i>1 0 0 0 1 0 0 0 1 0 0 0</i>
                <i>1 0 0 0 1 0 0 0 1 0 0 0</i>
                <i>1 0 0 0 1 0 0 0 1 0 0 0</i>
                <i>1 0 0 0 1 0 0 0 1 0 0 0</i>
                <i>1 0 0 0 1 0 0 0 1 0 0 0</i>
                <i>1 0 0 0 1 0 0 0 1 0 0 0</i>
                <i>1 0 0 0 1 0 0 0 1 0 0 0</i>
                <i>1 0 0 0 1 0 0 0 1 0 0 0</i>
                <i>1 0 0 0 1 0 0 0 1 0 0 0</i>
                <i>1 0 0 0 1 0 0 0 1 0 0 0</i>
                <i>1 0 0 0 1 0 0 0 1 0 0 0</i>
                <i>1 0 0 0 1 0 0 0 1 0 0 0</i>
                <i>1 0 0 0 1 0 0 0 1 0 0 0</i>
                <i>1 0 0 0 1 0 0 0 1 0 0 0</i>
                <i>1 0 0 0 1 0 0 0 1 0 0 0</i>
                <i>1 0 0 0 1 0 0 0 1 0 0 0</i>
                <i>1 0 0 0 1 0 0 0 1 0 0 0</i>
                <i>1 0 0 0 1 0 0 0 1 0 0 0</i>
                <i>1 0 0 0 1 0 0 0 1 0 0 0</i>
                <i>1 0 0 0 1 0 0 0 1 0 0 0</i>
                <i>1 0 0 0 1 0 0 0 1 0 0 0</i>
                <i>1 0 0 0 1 0 0 0 1 0 0 0</i>
                <i>1 0 0 0 1 0 0 0 1 0 0 0</i>
                <i>1 0 0 0 1 0 0 0 1 0 0 0</i>
                <i>1 0 0 0 1 0 0 0 1 0 0 0</i>
                <i>1 0 0 0 1 0 0 0 1 0 0 0</i>
                <i>1 0 0 0 1 0 0 0 1 0 0 0</i>
                <i>1 0 0 0 1 0 0 0 1 0 0 0</i>
                <i>1 0 0 0 1 0 0 0 1 0 0 0</i>
                <i>1 0 0 0 1 0 0 0 1 0 0 0</i>
                <i>1 0 0 0 1 0 0 0 1 0 0 0</i>
                <i>1 0 0 0 1 0 0 0 1 0 0 0</i>
                <i>1 0 0 0 1 0 0 0 1 0 0 0</i>
                <i>1 0 0 0 1 0 0 0 1 0 0 0</i>
                <i>1 0 0 0 1 0 0 0 1 0 0 0</i>
                <i>1 0 0 0 1 0 0 0 1 0 0 0</i>
                <i>1 0 0 0 1 0 0 0 1 0 0 0</i>
                <i>1 0 0 0 1 0 0 0 1 0 0 0</i>
                <i>1 0 0 0 1 0 0 0 1 0 0 0</i>
                <i>1 0 0 0 1 0 0 0 1 0 0 0</i>
                <i>1 0 0 0 1 0 0 0 1 0 0 0</i>
                <i>1 0 0 0 1 0 0 0 1 0 0 0</i>
                <i>1 0 0 0 1 0 0 0 1 0 0 0</i>
                <i>1 0 0 0 1 0 0 0 1 0 0 0</i>
                <i>1 0 0 0 1 0 0 0 1 0 0 0</i>
                <i>1 0 0 0 1 0 0 0 1 0 0 0</i>
                <i>1 0 0 0 1 0 0 0 1 0 0 0</i>
                <i>1 0 0 0 1 0 0 0 1 0 0 0</i>
                <i>1 0 0 0 1 0 0 0 1 0 0 0</i>
                <i>1 0 0 0 1 0 0 0 1 0 0 0</i>
                <i>1 0 0 0 1 0 0 0 1 0 0 0</i>
                <i>1 0 0 0 1 0 0 0 1 0 0 0</i>
                <i>1 0 0 0 1 0 0 0 1 0 0 0</i>
                <i>1 0 0 0 1 0 0 0 1 0 0 0</i>
                <i>1 0 0 0 1 0 0 0 1 0 0 0</i>
                <i>1 0 0 0 1 0 0 0 1 0 0 0</i>
                <i>1 0 0 0 1 0 0 0 1 0 0 0</i>
                <i>1 0 0 0 1 0 0 0 1 0 0 0</i>
                <i>1 0 0 0 1 0 0 0 1 0 0 0</i>
                <i>1 0 0 0 1 0 0 0 1 0 0 0</i>
                <i>1 0 0 0 1 0 0 0 1 0 0 0</i>
                <i>1 0 0 0 1 0 0 0 1 0 0 0</i>
                <i>1 0 0 0 1 0 0 0 1 0 0 0</i>
                <i>1 0 0 0 1 0 0 0 1 0 0 0</i>
                <i>1 0 0 0 1 0 0 0 1 0 0 0</i>
                <i>1 0 0 0 1 0 0 0 1 0 0 0</i>
                <i>1 0 0 0 1 0 0 0 1 0 0 0</i>
                <i>1 0 0 0 1 0 0 0 1 0 0 0</i>
                <i>1 0 0 0 1 0 0 0 1 0 0 0</i>
                <i>1 0 0 0 1 0 0 0 1 0 0 0</i>
                <i>1 0 0 0 1 0 0 0 1 0 0 0</i>
                <i>1 0 0 0 1 0 0 0 1 0 0 0</i>
                <i>1 0 0 0 1 0 0 0 1 0 0 0</i>
                <i>1 0 0 0 1 0 0 0 1 0 0 0</i>
                <i>1 0 0 0 1 0 0 0 1 0 0 0</i>
            </KeyFrames>
        </RefFrame>
        <Bones count="22">
            <i>
                <p>
                    <Name><![CDATA[bmp_root]]></Name>
                    <Exclude>1</Exclude>
                    <Additive>0</Additive>
                    <IKPriority>0</IKPriority>
                    <IKRotLimits>-1e+010 -1e+010 -1e+010 1e+010 1e+010 1e+010</IKRotLimits>
                    <IKRotLimitOrder>0</IKRotLimitOrder>
                    <KeyFrames count="91">
                        <i>1 0 0 0 1 0 0 0 1 0 0 1.0695</i>
                        <i>1 0 0 0 1 0 0 0 1 0 0 1.0695</i>
                        <i>1 0 0 0 1 0 0 0 1 0 0 1.0695</i>
                        <i>1 0 0 0 1 0 0 0 1 0 0 1.0695</i>
                        <i>1 0 0 0 1 0 0 0 1 0 0 1.0695</i>
                        <i>1 0 0 0 1 0 0 0 1 0 0 1.0695</i>
                        <i>1 0 0 0 1 0 0 0 1 0 0 1.0695</i>
                        <i>1 0 0 0 1 0 0 0 1 0 0 1.0695</i>
                        <i>1 0 0 0 1 0 0 0 1 0 0 1.0695</i>
                        <i>1 0 0 0 1 0 0 0 1 0 0 1.0695</i>
                        <i>1 0 0 0 1 0 0 0 1 0 0 1.0695</i>
                        <i>1 0 0 0 1 0 0 0 1 0 0 1.0695</i>
                        <i>1 0 0 0 1 0 0 0 1 0 0 1.0695</i>
                        <i>1 0 0 0 1 0 0 0 1 0 0 1.0695</i>
                        <i>1 0 0 0 1 0 0 0 1 0 0 1.0695</i>
                        <i>1 0 0 0 1 0 0 0 1 0 0 1.0695</i>
                        <i>1 0 0 0 1 0 0 0 1 0 0 1.0695</i>
                        <i>1 0 0 0 1 0 0 0 1 0 0 1.0695</i>
                        <i>1 0 0 0 1 0 0 0 1 0 0 1.0695</i>
                        <i>1 0 0 0 1 0 0 0 1 0 0 1.0695</i>
                        <i>1 0 0 0 1 0 0 0 1 0 0 1.0695</i>
                        <i>1 0 0 0 1 0 0 0 1 0 0 1.0695</i>
                        <i>1 0 0 0 1 0 0 0 1 0 0 1.0695</i>
                        <i>1 0 0 0 1 0 0 0 1 0 0 1.0695</i>
                        <i>1 0 0 0 1 0 0 0 1 0 0 1.0695</i>
                        <i>1 0 0 0 1 0 0 0 1 0 0 1.0695</i>
                        <i>1 0 0 0 1 0 0 0 1 0 0 1.0695</i>
                        <i>1 0 0 0 1 0 0 0 1 0 0 1.0695</i>
                        <i>1 0 0 0 1 0 0 0 1 0 0 1.0695</i>
                        <i>1 0 0 0 1 0 0 0 1 0 0 1.0695</i>
                        <i>1 0 0 0 1 0 0 0 1 0 0 1.0695</i>
                        <i>1 0 0 0 1 0 0 0 1 0 0 1.0695</i>
                        <i>1 0 0 0 1 0 0 0 1 0 0 1.0695</i>
                        <i>1 0 0 0 1 0 0 0 1 0 0 1.0695</i>
                        <i>1 0 0 0 1 0 0 0 1 0 0 1.0695</i>
                        <i>1 0 0 0 1 0 0 0 1 0 0 1.0695</i>
                        <i>1 0 0 0 1 0 0 0 1 0 0 1.0695</i>
                        <i>1 0 0 0 1 0 0 0 1 0 0 1.0695</i>
                        <i>1 0 0 0 1 0 0 0 1 0 0 1.0695</i>
                        <i>1 0 0 0 1 0 0 0 1 0 0 1.0695</i>
                        <i>1 0 0 0 1 0 0 0 1 0 0 1.0695</i>
                        <i>1 0 0 0 1 0 0 0 1 0 0 1.0695</i>
                        <i>1 0 0 0 1 0 0 0 1 0 0 1.0695</i>
                        <i>1 0 0 0 1 0 0 0 1 0 0 1.0695</i>
                        <i>1 0 0 0 1 0 0 0 1 0 0 1.0695</i>
                        <i>1 0 0 0 1 0 0 0 1 0 0 1.0695</i>
                        <i>1 0 0 0 1 0 0 0 1 0 0 1.0695</i>
                        <i>1 0 0 0 1 0 0 0 1 0 0 1.0695</i>
                        <i>1 0 0 0 1 0 0 0 1 0 0 1.0695</i>
                        <i>1 0 0 0 1 0 0 0 1 0 0 1.0695</i>
                        <i>1 0 0 0 1 0 0 0 1 0 0 1.0695</i>
                        <i>1 0 0 0 1 0 0 0 1 0 0 1.0695</i>
                        <i>1 0 0 0 1 0 0 0 1 0 0 1.0695</i>
                        <i>1 0 0 0 1 0 0 0 1 0 0 1.0695</i>
                        <i>1 0 0 0 1 0 0 0 1 0 0 1.0695</i>
                        <i>1 0 0 0 1 0 0 0 1 0 0 1.0695</i>
                        <i>1 0 0 0 1 0 0 0 1 0 0 1.0695</i>
                        <i>1 0 0 0 1 0 0 0 1 0 0 1.0695</i>
                        <i>1 0 0 0 1 0 0 0 1 0 0 1.0695</i>
                        <i>1 0 0 0 1 0 0 0 1 0 0 1.0695</i>
                        <i>1 0 0 0 1 0 0 0 1 0 0 1.0695</i>
                        <i>1 0 0 0 1 0 0 0 1 0 0 1.0695</i>
                        <i>1 0 0 0 1 0 0 0 1 0 0 1.0695</i>
                        <i>1 0 0 0 1 0 0 0 1 0 0 1.0695</i>
                        <i>1 0 0 0 1 0 0 0 1 0 0 1.0695</i>
                        <i>1 0 0 0 1 0 0 0 1 0 0 1.0695</i>
                        <i>1 0 0 0 1 0 0 0 1 0 0 1.0695</i>
                        <i>1 0 0 0 1 0 0 0 1 0 0 1.0695</i>
                        <i>1 0 0 0 1 0 0 0 1 0 0 1.0695</i>
                        <i>1 0 0 0 1 0 0 0 1 0 0 1.0695</i>
                        <i>1 0 0 0 1 0 0 0 1 0 0 1.0695</i>
                        <i>1 0 0 0 1 0 0 0 1 0 0 1.0695</i>
                        <i>1 0 0 0 1 0 0 0 1 0 0 1.0695</i>
                        <i>1 0 0 0 1 0 0 0 1 0 0 1.0695</i>
                        <i>1 0 0 0 1 0 0 0 1 0 0 1.0695</i>
                        <i>1 0 0 0 1 0 0 0 1 0 0 1.0695</i>
                        <i>1 0 0 0 1 0 0 0 1 0 0 1.0695</i>
                        <i>1 0 0 0 1 0 0 0 1 0 0 1.0695</i>
                        <i>1 0 0 0 1 0 0 0 1 0 0 1.0695</i>
                        <i>1 0 0 0 1 0 0 0 1 0 0 1.0695</i>
                        <i>1 0 0 0 1 0 0 0 1 0 0 1.0695</i>
                        <i>1 0 0 0 1 0 0 0 1 0 0 1.0695</i>
                        <i>1 0 0 0 1 0 0 0 1 0 0 1.0695</i>
                        <i>1 0 0 0 1 0 0 0 1 0 0 1.0695</i>
                        <i>1 0 0 0 1 0 0 0 1 0 0 1.0695</i>
                        <i>1 0 0 0 1 0 0 0 1 0 0 1.0695</i>
                        <i>1 0 0 0 1 0 0 0 1 0 0 1.0695</i>
                        <i>1 0 0 0 1 0 0 0 1 0 0 1.0695</i>
                        <i>1 0 0 0 1 0 0 0 1 0 0 1.0695</i>
                        <i>1 0 0 0 1 0 0 0 1 0 0 1.0695</i>
                        <i>1 0 0 0 1 0 0 0 1 0 0 1.0695</i>
                    </KeyFrames>
                </p>
            </i>
            <i>
                <p>
                    <Name><![CDATA[bmp_body]]></Name>
                    <Exclude>1</Exclude>
                    <Additive>0</Additive>
                    <IKPriority>0</IKPriority>
                    <IKRotLimits>-1e+010 -1e+010 -1e+010 1e+010 1e+010 1e+010</IKRotLimits>
                    <IKRotLimitOrder>0</IKRotLimitOrder>
                    <KeyFrames count="91">
                        <i>1 -0.000920733 -2.64698e-023 0.000920733 1 0.00020947 -1.92866e-007 -0.000209469 1 0 1.65481 0.636299</i>
                        <i>1 0.000660688 0 -0.000660688 1 0.00034096 2.25268e-007 -0.00034096 1 0 1.65432 0.636299</i>
                        <i>1 0.000735897 -2.64698e-023 -0.000735897 1 -0.000552026 -4.06234e-007 0.000552026 1 0 1.65115 0.636299</i>
                        <i>1 0.000289526 0 -0.000289526 1 -0.000107651 -3.11679e-008 0.000107651 1 0 1.64666 0.636299</i>
                        <i>1 0.000603198 0 -0.000603198 1 -0.000347714 -2.0974e-007 0.000347714 1 0 1.64739 0.636299</i>
                        <i>0.999999 0.00124219 1.05879e-022 -0.00124219 0.999999 0.00082335 1.02276e-006 -0.00082335 1 0 1.65345 0.636299</i>
                        <i>0.999998 0.00203415 -2.11758e-022 -0.00203414 0.999996 0.00181892 3.69995e-006 -0.00181892 0.999998 0 1.65449 0.636299</i>
                        <i>0.999999 0.00141452 -2.11758e-022 -0.00141452 0.999996 0.00254107 3.5944e-006 -0.00254106 0.999997 0 1.65865 0.636299</i>
                        <i>0.999999 0.00107013 -2.11758e-022 -0.00107012 0.999996 0.00266283 2.84957e-006 -0.00266283 0.999996 0 1.66087 0.636299</i>
                        <i>1 9.63289e-005 -1.32349e-023 -9.63288e-005 0.999998 0.00191863 1.84819e-007 -0.00191863 0.999998 0 1.65984 0.636299</i>
                        <i>1 -0.000413215 0 0.000413215 1 0.000794569 -3.28328e-007 -0.000794569 1 0 1.65851 0.636299</i>
                        <i>1 -0.000636383 -5.29396e-023 0.000636382 0.999999 0.0012844 -8.1737e-007 -0.0012844 0.999999 0 1.6635 0.636299</i>
                        <i>1 0.00016707 -2.64698e-023 -0.000167069 0.999999 0.00156434 2.61355e-007 -0.00156434 0.999999 0 1.66201 0.636299</i>
                        <i>1 0.000151308 0 -0.000151308 1 0.000362198 5.48035e-008 -0.000362198 1 0 1.65966 0.636299</i>
                        <i>1 -0.00054677 6.61744e-024 0.00054677 1 0.000161553 -8.83322e-008 -0.000161553 1 0 1.66119 0.636299</i>
                        <i>1 0.000253549 0 -0.000253549 1 -0.000278934 -7.07236e-008 0.000278934 1 0 1.65991 0.636299</i>
                        <i>1 0.000198705 -1.32349e-023 -0.000198705 0.999999 -0.00119957 -2.38362e-007 0.00119957 0.999999 0 1.65735 0.636299</i>
                        <i>1 0.000598917 0 -0.000598916 0.999998 -0.0019837 -1.18807e-006 0.0019837 0.999998 0 1.65858 0.636299</i>
                        <i>1 -0.000716307 0 0.000716306 0.999998 -0.00183494 1.31438e-006 0.00183494 0.999998 0 1.65784 0.636299</i>
                        <i>1 -0.000679361 -1.05879e-022 0.00067936 0.999998 -0.00170548 1.15864e-006 0.00170548 0.999999 0 1.65476 0.636299</i>
                        <i>1 -0.000283036 -1.32349e-023 0.000283036 1 0.00036474 -1.03235e-007 -0.00036474 1 0 1.65833 0.636299</i>
                        <i>1 0.000439326 0 -0.000439326 0.999999 -0.00154592 -6.79163e-007 0.00154592 0.999999 0 1.66001 0.636299</i>
                        <i>1 0.000139956 0 -0.000139956 0.999998 -0.00196241 -2.74651e-007 0.00196241 0.999998 0 1.66078 0.636299</i>
                        <i>1 0.000317493 2.64698e-023 -0.000317493 0.999999 -0.00120637 -3.83014e-007 0.00120637 0.999999 0 1.66071 0.636299</i>
                        <i>1 -6.75093e-005 0 6.75093e-005 1 0.000807524 -5.45154e-008 -0.000807524 1 0 1.65143 0.636299</i>
                        <i>1 3.85654e-005 0 -3.85653e-005 0.999999 0.00159307 6.14373e-008 -0.00159307 0.999999 0 1.64794 0.636299</i>
                        <i>1 0.000308814 -5.29396e-023 -0.000308813 0.999999 0.00158096 4.88222e-007 -0.00158096 0.999999 0 1.65265 0.636299</i>
                        <i>1 0.000992408 0 -0.000992408 0.999999 0.000251694 2.49783e-007 -0.000251694 1 0 1.65544 0.636299</i>
                        <i>1 -0.000239737 -6.61744e-024 0.000239737 1 -0.000423643 1.01563e-007 0.000423643 1 0 1.65478 0.636299</i>
                        <i>1 3.28583e-005 0 -3.28583e-005 1 1.71581e-005 5.63788e-010 -1.71581e-005 1 0 1.65536 0.636299</i>
                        <i>1 -0.000760105 2.64698e-023 0.000760105 1 0.000377126 -2.86655e-007 -0.000377126 1 0 1.65412 0.636299</i>
                        <i>0.999999 -0.00163166 -2.64698e-023 0.00163166 0.999999 0.000265214 -4.32738e-007 -0.000265214 1 0 1.64715 0.636299</i>
                        <i>1 0.000126755 1.65436e-024 -0.000126755 1 0.000207945 2.6358e-008 -0.000207945 1 0 1.64394 0.636299</i>
                        <i>0.999999 0.00133205 -5.29396e-023 -0.00133205 0.999999 -0.000429652 -5.72318e-007 0.000429652 1 0 1.64691 0.636299</i>
                        <i>1 0.000783154 0 -0.000783154 1 -0.000103956 -8.14139e-008 0.000103956 1 0 1.65097 0.636299</i>
                        <i>1 0.000287888 0 -0.000287888 1 -2.29302e-005 -6.60134e-009 2.29302e-005 1 0 1.65219 0.636299</i>
                        <i>1 -0.000199962 -2.06795e-025 0.000199962 1 -1.8483e-005 3.69588e-009 1.8483e-005 1 0 1.65848 0.636299</i>
                        <i>1 -0.000284671 0 0.000284671 1 0.000465596 -1.32542e-007 -0.000465596 1 0 1.65847 0.636299</i>
                        <i>1 -0.000884773 -1.32349e-023 0.000884773 1 -0.000203052 1.79655e-007 0.000203052 1 0 1.65822 0.636299</i>
                        <i>0.999999 -0.00116798 5.29396e-023 0.00116798 0.999999 -0.000629949 7.35766e-007 0.000629948 1 0 1.66032 0.636299</i>
                        <i>1 3.16549e-005 -1.65436e-024 -3.16549e-005 1 0.000672575 2.12903e-008 -0.000672575 1 0 1.66255 0.636299</i>
                        <i>1 0.000590103 0 -0.000590102 0.999998 0.00170605 1.00674e-006 -0.00170605 0.999999 0 1.65731 0.636299</i>
                        <i>1 0.000408304 0 -0.000408303 0.999997 0.0022262 9.08966e-007 -0.0022262 0.999997 0 1.65325 0.636299</i>
                        <i>1 0.000527132 0 -0.000527131 0.999997 0.00237521 1.25205e-006 -0.00237521 0.999997 0 1.65441 0.636299</i>
                        <i>1 0.000149317 0 -0.000149317 1 0.000764592 1.14167e-007 -0.000764592 1 0 1.64991 0.636299</i>
                        <i>1 -0.000865851 -2.64698e-023 0.000865851 1 0.000444239 -3.84645e-007 -0.000444239 1 0 1.64704 0.636299</i>
                        <i>1 -0.00039981 0 0.00039981 1 0.000859747 -3.43735e-007 -0.000859747 1 0 1.64946 0.636299</i>
                        <i>1 -0.000162805 -1.32349e-023 0.000162805 1 0.000761075 -1.23907e-007 -0.000761075 1 0 1.65216 0.636299</i>
                        <i>1 0.000509454 -1.32349e-023 -0.000509454 1 0.000328974 1.67597e-007 -0.000328974 1 0 1.65225 0.636299</i>
                        <i>1 -0.000457568 1.32349e-023 0.000457568 1 -0.00035161 1.60886e-007 0.00035161 1 0 1.65461 0.636299</i>
                        <i>1 -0.000755647 0 0.000755646 0.999999 -0.001361 1.02844e-006 0.001361 0.999999 0 1.65301 0.636299</i>
                        <i>1 -9.24975e-005 -3.30872e-024 9.24975e-005 1 0.00040005 -3.70037e-008 -0.00040005 1 0 1.65088 0.636299</i>
                        <i>0.999999 0.00106595 0 -0.00106595 0.999999 0.000526261 5.60966e-007 -0.000526261 1 0 1.65047 0.636299</i>
                        <i>1 0.000703275 0 -0.000703275 1 -0.000351447 -2.47164e-007 0.000351447 1 0 1.65575 0.636299</i>
                        <i>1 -0.000186129 0 0.000186129 0.999999 -0.00134568 2.50471e-007 0.00134568 0.999999 0 1.6532 0.636299</i>
                        <i>1 -0.000817231 -5.29396e-023 0.00081723 0.999999 -0.000920693 7.52418e-007 0.000920692 1 0 1.6556 0.636299</i>
                        <i>1 0.000614737 2.64698e-023 -0.000614737 1 -0.000693931 -4.26585e-007 0.00069393 1 0 1.65658 0.636299</i>
                        <i>0.999999 0.00106236 2.64698e-023 -0.00106236 0.999999 -0.000225061 -2.39096e-007 0.00022506 1 0 1.65436 0.636299</i>
                        <i>1 0.000592413 0 -0.000592413 1 -0.000157539 -9.33281e-008 0.000157539 1 0 1.65425 0.636299</i>
                        <i>1 -0.000839178 -2.64698e-023 0.000839178 1 -0.000499066 4.18805e-007 0.000499066 1 0 1.65321 0.636299</i>
                        <i>1 -8.34758e-005 6.61744e-024 8.34757e-005 0.999999 -0.00136471 1.1392e-007 0.00136471 0.999999 0 1.6523 0.636299</i>
                        <i>1 -0.0001611 -1.32349e-023 0.0001611 1 -0.000836845 1.34816e-007 0.000836845 1 0 1.65232 0.636299</i>
                        <i>0.999999 -0.00116198 0 0.00116198 0.999999 7.18172e-005 -8.34499e-008 -7.18171e-005 1 0 1.65951 0.636299</i>
                        <i>1 -0.000163983 -3.30872e-024 0.000163983 1 0.000340342 -5.58104e-008 -0.000340342 1 0 1.65955 0.636299</i>
                        <i>0.999999 0.00103419 -1.32349e-023 -0.00103419 0.999999 -0.00015832 -1.63733e-007 0.00015832 1 0 1.66314 0.636299</i>
                        <i>1 0.000562208 0 -0.000562208 1 -0.000359956 -2.0237e-007 0.000359956 1 0 1.65847 0.636299</i>
                        <i>1 0.000429588 0 -0.000429588 1 4.54761e-005 1.9536e-008 -4.54761e-005 1 0 1.64897 0.636299</i>
                        <i>1 0.000816481 0 -0.000816481 1 -0.000153838 -1.25606e-007 0.000153838 1 0 1.65051 0.636299</i>
                        <i>0.999999 0.00165678 2.11758e-022 -0.00165678 0.999998 0.00134384 2.22645e-006 -0.00134384 0.999999 0 1.65581 0.636299</i>
                        <i>0.999998 0.00186469 0 -0.00186468 0.999996 0.00220913 4.11935e-006 -0.00220913 0.999998 0 1.65936 0.636299</i>
                        <i>1 0.000916687 0 -0.000916684 0.999996 0.0027197 2.49312e-006 -0.0027197 0.999996 0 1.66034 0.636299</i>
                        <i>1 0.000874002 0 -0.000874 0.999997 0.00248543 2.17227e-006 -0.00248543 0.999997 0 1.66342 0.636299</i>
                        <i>1 -0.000423789 -5.29396e-023 0.000423788 0.999999 0.00134149 -5.6851e-007 -0.00134149 0.999999 0 1.66374 0.636299</i>
                        <i>1 -0.000530041 0 0.000530041 1 0.000838304 -4.44336e-007 -0.000838304 1 0 1.66066 0.636299</i>
                        <i>1 -0.000100512 -1.32349e-023 0.000100512 0.999999 0.00145841 -1.46588e-007 -0.00145841 0.999999 0 1.65969 0.636299</i>
                        <i>1 0.00016271 0 -0.00016271 1 0.000746083 1.21395e-007 -0.000746083 1 0 1.66187 0.636299</i>
                        <i>1 -0.000285995 -6.61744e-024 0.000285995 1 0.000261308 -7.47326e-008 -0.000261308 1 0 1.66147 0.636299</i>
                        <i>1 -0.00023822 0 0.00023822 1 -3.90819e-005 9.3101e-009 3.90819e-005 1 0 1.66064 0.636299</i>
                        <i>1 0.000305135 1.32349e-023 -0.000305135 1 -0.000744647 -2.27218e-007 0.000744647 1 0 1.66004 0.636299</i>
                        <i>1 0.000505962 0 -0.000505961 0.999999 -0.0015009 -7.59399e-007 0.0015009 0.999999 0 1.65716 0.636299</i>
                        <i>1 -3.38445e-005 0 3.38444e-005 0.999998 -0.00220042 7.44722e-008 0.00220042 0.999998 0 1.65311 0.636299</i>
                        <i>1 -0.000831074 0 0.000831072 0.999998 -0.00184365 1.53221e-006 0.00184365 0.999998 0 1.65581 0.636299</i>
                        <i>1 -0.000402885 0 0.000402885 1 -0.000522983 2.10702e-007 0.000522983 1 0 1.65791 0.636299</i>
                        <i>1 0.000136137 0 -0.000136137 1 -0.000226988 -3.09014e-008 0.000226988 1 0 1.65521 0.636299</i>
                        <i>1 0.000335916 0 -0.000335915 0.999998 -0.00204133 -6.85715e-007 0.00204133 0.999998 0 1.65314 0.636299</i>
                        <i>1 0.000384633 0 -0.000384632 0.999998 -0.00177517 -6.82789e-007 0.00177517 0.999998 0 1.65329 0.636299</i>
                        <i>1 1.32297e-005 -2.06795e-025 -1.32297e-005 1 -0.000202601 -2.68036e-009 0.000202601 1 0 1.6476 0.636299</i>
                        <i>1 2.19638e-005 0 -2.19638e-005 0.999999 0.00130095 2.85739e-008 -0.00130095 0.999999 0 1.64623 0.636299</i>
                        <i>1 0.000106991 0 -0.000106991 0.999998 0.00175384 1.87645e-007 -0.00175384 0.999998 0 1.6519 0.636299</i>
                        <i>1 0.000688015 0 -0.000688015 0.999999 0.00094342 6.49087e-007 -0.00094342 1 0 1.65394 0.636299</i>
                        <i>1 0.000291861 -3.30872e-024 -0.000291861 1 0.000146441 4.27405e-008 -0.000146441 1 0 1.65729 0.636299</i>
                    </KeyFrames>
                </p>
            </i>
            <i>
                <p>
                    <Name><![CDATA[right_hatch]]></Name>
                    <Exclude>0</Exclude>
                    <Additive>0</Additive>
                    <IKPriority>0</IKPriority>
                    <IKRotLimits>-1e+010 -1e+010 -1e+010 1e+010 1e+010 1e+010</IKRotLimits>
                    <IKRotLimitOrder>0</IKRotLimitOrder>
                    <KeyFrames count="91">
                        <i>-0.116207 -0.155322 -0.981005 0.00090939 0.98768 -0.156486 0.993225 -0.0190768 -0.114634 -1.26581 1.79097 -3.78492</i>
                        <i>-0.115961 -0.155376 -0.981026 -0.000652562 0.9877 -0.156356 0.993254 -0.017491 -0.114636 -1.26602 1.78906 -3.7849</i>
                        <i>-0.115949 -0.156261 -0.980887 -0.000726743 0.98756 -0.157238 0.993255 -0.0175187 -0.11462 -1.26603 1.78185 -3.78502</i>
                        <i>-0.116019 -0.155773 -0.980956 -0.000285945 0.98763 -0.156799 0.993247 -0.0179111 -0.114628 -1.26597 1.77988 -3.78497</i>
                        <i>-0.11597 -0.156045 -0.980918 -0.000595714 0.987593 -0.157036 0.993253 -0.0176271 -0.114624 -1.26601 1.77916 -3.785</i>
                        <i>-0.115871 -0.15497 -0.9811 -0.00122701 0.987775 -0.15588 0.993263 -0.0168582 -0.114645 -1.2661 1.78958 -3.78484</i>
                        <i>-0.11575 -0.154085 -0.981254 -0.0020096 0.987929 -0.154896 0.993276 -0.0159574 -0.114663 -1.26622 1.79403 -3.7847</i>
                        <i>-0.115847 -0.153305 -0.981365 -0.00139761 0.988041 -0.154183 0.993266 -0.01649 -0.114676 -1.26614 1.80216 -3.7846</i>
                        <i>-0.1159 -0.153145 -0.981384 -0.00105735 0.988061 -0.154062 0.99326 -0.0168181 -0.114678 -1.26609 1.80535 -3.78458</i>
                        <i>-0.116049 -0.153763 -0.981269 -9.51678e-005 0.987946 -0.154798 0.993244 -0.0178707 -0.114665 -1.26595 1.80227 -3.78469</i>
                        <i>-0.116128 -0.154806 -0.981096 0.000408162 0.987771 -0.155908 0.993234 -0.0185057 -0.114644 -1.26588 1.79662 -3.78484</i>
                        <i>-0.116162 -0.1543 -0.981172 0.000628649 0.987848 -0.155424 0.99323 -0.0186712 -0.114653 -1.26584 1.80406 -3.78477</i>
                        <i>-0.116038 -0.154119 -0.981215 -0.000165047 0.987891 -0.155148 0.993245 -0.0178411 -0.114658 -1.26596 1.80279 -3.78474</i>
                        <i>-0.11604 -0.155296 -0.981029 -0.000149448 0.987704 -0.156335 0.993245 -0.0179945 -0.114637 -1.26595 1.79514 -3.7849</i>
                        <i>-0.116149 -0.155412 -0.980998 0.00054003 0.987673 -0.156533 0.993232 -0.0187109 -0.114633 -1.26586 1.79666 -3.78493</i>
                        <i>-0.116024 -0.155937 -0.980929 -0.000250406 0.987604 -0.156968 0.993246 -0.0179665 -0.114625 -1.26597 1.79242 -3.78499</i>
                        <i>-0.116032 -0.156834 -0.980785 -0.000196213 0.987459 -0.157878 0.993245 -0.0181265 -0.114608 -1.26596 1.78587 -3.78511</i>
                        <i>-0.115969 -0.157649 -0.980662 -0.000591331 0.987334 -0.158652 0.993253 -0.0178188 -0.114594 -1.26601 1.78312 -3.78521</i>
                        <i>-0.116176 -0.157351 -0.980685 0.000707252 0.987358 -0.158505 0.993228 -0.0191081 -0.114596 -1.26584 1.7847 -3.78519</i>
                        <i>-0.11617 -0.157228 -0.980706 0.000670787 0.987378 -0.158377 0.993229 -0.0190566 -0.114599 -1.26585 1.78215 -3.78517</i>
                        <i>-0.116108 -0.155243 -0.981029 0.000279556 0.987704 -0.156333 0.993237 -0.0184257 -0.114637 -1.2659 1.79437 -3.7849</i>
                        <i>-0.115995 -0.157201 -0.980731 -0.000433792 0.987404 -0.15822 0.99325 -0.0179272 -0.114602 -1.26599 1.78669 -3.78515</i>
                        <i>-0.116042 -0.157575 -0.980665 -0.000138184 0.987338 -0.158631 0.993244 -0.0182723 -0.114594 -1.26595 1.786 -3.78521</i>
                        <i>-0.116014 -0.156854 -0.980784 -0.000313511 0.987458 -0.157884 0.993248 -0.0180093 -0.114608 -1.26597 1.78904 -3.78511</i>
                        <i>-0.116074 -0.154834 -0.981098 6.66839e-005 0.987774 -0.155895 0.993241 -0.0181608 -0.114645 -1.26592 1.78916 -3.78484</i>
                        <i>-0.116058 -0.154075 -0.981219 -3.80986e-005 0.987896 -0.155119 0.993243 -0.0179654 -0.114659 -1.26594 1.789 -3.78473</i>
                        <i>-0.116016 -0.154119 -0.981217 -0.000305075 0.987894 -0.155131 0.993247 -0.0176984 -0.114659 -1.26598 1.79332 -3.78473</i>
                        <i>-0.115909 -0.155502 -0.981012 -0.000980188 0.987686 -0.156444 0.993259 -0.0171718 -0.114635 -1.26607 1.78937 -3.78492</i>
                        <i>-0.116101 -0.156022 -0.980907 0.00023676 0.987581 -0.157111 0.993237 -0.018473 -0.114622 -1.2659 1.78728 -3.78501</i>
                        <i>-0.116059 -0.155621 -0.980975 -3.24525e-005 0.98765 -0.156676 0.993242 -0.0181517 -0.11463 -1.26594 1.78946 -3.78495</i>
                        <i>-0.116182 -0.155176 -0.981031 0.000750761 0.987706 -0.15632 0.993228 -0.0188981 -0.114637 -1.26583 1.79082 -3.7849</i>
                        <i>-0.116317 -0.155184 -0.981014 0.00161157 0.987688 -0.156431 0.993211 -0.0197765 -0.114635 -1.26571 1.78446 -3.78491</i>
                        <i>-0.116044 -0.155445 -0.981005 -0.000125193 0.98768 -0.156488 0.993244 -0.0180366 -0.114634 -1.26595 1.77877 -3.78492</i>
                        <i>-0.115856 -0.15621 -0.980906 -0.0013155 0.987579 -0.157117 0.993265 -0.0169125 -0.114622 -1.26611 1.77739 -3.78501</i>
                        <i>-0.115942 -0.155827 -0.980956 -0.000773467 0.987631 -0.156796 0.993256 -0.0174204 -0.114628 -1.26604 1.78359 -3.78496</i>
                        <i>-0.116019 -0.15569 -0.980969 -0.000284331 0.987644 -0.156716 0.993247 -0.017903 -0.11463 -1.26597 1.7858 -3.78495</i>
                        <i>-0.116095 -0.155629 -0.98097 0.000197491 0.987644 -0.156711 0.993238 -0.0183871 -0.11463 -1.26591 1.79273 -3.78495</i>
                        <i>-0.116108 -0.155144 -0.981045 0.000281176 0.98772 -0.156233 0.993237 -0.0184157 -0.114638 -1.2659 1.79495 -3.78489</i>
                        <i>-0.116201 -0.15573 -0.980941 0.000873816 0.987615 -0.156893 0.993225 -0.0190884 -0.114626 -1.26582 1.79252 -3.78498</i>
                        <i>-0.116246 -0.156116 -0.980874 0.00115343 0.987548 -0.157315 0.99322 -0.0194186 -0.114618 -1.26578 1.79308 -3.78503</i>
                        <i>-0.116059 -0.154978 -0.981077 -3.12673e-005 0.987752 -0.156029 0.993242 -0.0180778 -0.114642 -1.26594 1.79955 -3.78486</i>
                        <i>-0.115973 -0.154029 -0.981237 -0.00058297 0.987913 -0.155008 0.993252 -0.0174046 -0.114661 -1.26602 1.79817 -3.78472</i>
                        <i>-0.116001 -0.153497 -0.981317 -0.000403402 0.987994 -0.154494 0.993249 -0.0175256 -0.11467 -1.26599 1.79665 -3.78464</i>
                        <i>-0.115983 -0.153365 -0.98134 -0.000520816 0.988017 -0.154347 0.993251 -0.0173905 -0.114673 -1.26601 1.79831 -3.78462</i>
                        <i>-0.116041 -0.154901 -0.981091 -0.00014749 0.987767 -0.155938 0.993244 -0.0179504 -0.114644 -1.26595 1.78717 -3.78485</i>
                        <i>-0.116198 -0.155098 -0.981042 0.000855216 0.987716 -0.156254 0.993226 -0.0189954 -0.114638 -1.26582 1.78417 -3.78489</i>
                        <i>-0.116126 -0.154744 -0.981106 0.000394925 0.987782 -0.155844 0.993235 -0.0184849 -0.114646 -1.26588 1.78784 -3.78483</i>
                        <i>-0.116089 -0.154868 -0.981091 0.000160813 0.987766 -0.155941 0.993239 -0.0182608 -0.114644 -1.26591 1.78981 -3.78485</i>
                        <i>-0.115985 -0.15537 -0.981024 -0.000503187 0.987699 -0.156368 0.993251 -0.0176426 -0.114636 -1.266 1.78713 -3.78491</i>
                        <i>-0.116135 -0.155926 -0.980918 0.000451891 0.987592 -0.15704 0.993233 -0.0186811 -0.114624 -1.26587 1.7877 -3.785</i>
                        <i>-0.116182 -0.156881 -0.98076 0.000746151 0.987433 -0.158037 0.993228 -0.0190929 -0.114605 -1.26584 1.78202 -3.78513</i>
                        <i>-0.116078 -0.155231 -0.981035 9.13607e-005 0.98771 -0.156298 0.99324 -0.0182324 -0.114637 -1.26592 1.78684 -3.7849</i>
                        <i>-0.115898 -0.155241 -0.981054 -0.00105287 0.987729 -0.156173 0.993261 -0.0170673 -0.11464 -1.26608 1.78552 -3.78488</i>
                        <i>-0.115954 -0.15606 -0.980918 -0.000694549 0.987592 -0.15704 0.993254 -0.0175281 -0.114624 -1.26603 1.78737 -3.785</i>
                        <i>-0.116093 -0.156932 -0.980762 0.000183791 0.987436 -0.158022 0.993238 -0.0185255 -0.114605 -1.26591 1.78156 -3.78513</i>
                        <i>-0.116192 -0.156442 -0.980829 0.000807018 0.987502 -0.157602 0.993226 -0.0191036 -0.114613 -1.26583 1.78664 -3.78507</i>
                        <i>-0.115968 -0.156386 -0.980864 -0.000607077 0.987538 -0.157378 0.993253 -0.0176553 -0.114617 -1.26601 1.7868 -3.78504</i>
                        <i>-0.115898 -0.155978 -0.980938 -0.0010492 0.987611 -0.156915 0.993261 -0.017157 -0.114626 -1.26607 1.78609 -3.78498</i>
                        <i>-0.115971 -0.155857 -0.980948 -0.00058508 0.987622 -0.156848 0.993252 -0.017616 -0.114627 -1.26601 1.78688 -3.78497</i>
                        <i>-0.116195 -0.156026 -0.980895 0.000828746 0.987569 -0.157186 0.993226 -0.0190771 -0.114621 -1.26582 1.78614 -3.78502</i>
                        <i>-0.116077 -0.156963 -0.980759 8.24267e-005 0.987433 -0.158041 0.99324 -0.0184257 -0.114605 -1.26592 1.78044 -3.78513</i>
                        <i>-0.103397 -0.156659 -0.982226 0.000159089 0.987516 -0.157519 0.99464 -0.0164433 -0.102082 -1.26591 1.78289 -3.78506</i>
                        <i>-0.0670301 -0.156194 -0.985449 0.00114764 0.987658 -0.156622 0.99775 -0.0116293 -0.0660236 -1.26578 1.79537 -3.78494</i>
                        <i>-0.00884643 -0.156349 -0.987662 0.000161966 0.987701 -0.156357 0.999961 -0.00154317 -0.0087123 -1.26591 1.79533 -3.7849</i>
                        <i>0.0683124 -0.156414 -0.985326 -0.00102139 0.987622 -0.156849 0.997663 0.0117211 0.0673071 -1.26607 1.79521 -3.78497</i>
                        <i>0.161087 -0.154909 -0.974707 -0.000555232 0.987591 -0.157048 0.98694 0.0258396 0.159002 -1.26601 1.79024 -3.785</i>
                        <i>0.266033 -0.150892 -0.952081 -0.000424285 0.987654 -0.156648 0.963964 0.0420775 0.262685 -1.26599 1.78269 -3.78494</i>
                        <i>0.378684 -0.144862 -0.914119 -0.000806376 0.987623 -0.156845 0.925526 0.0601317 0.37388 -1.26604 1.78286 -3.78497</i>
                        <i>0.493928 -0.134292 -0.85907 -0.00163667 0.987856 -0.155365 0.869501 0.0781454 0.48771 -1.26616 1.79373 -3.78477</i>
                        <i>0.606238 -0.121776 -0.785905 -0.00184229 0.987989 -0.154511 0.795281 0.0951181 0.598732 -1.2662 1.80084 -3.78464</i>
                        <i>0.710342 -0.107763 -0.695558 -0.000905751 0.988069 -0.154006 0.703856 0.110027 0.70177 -1.26607 1.80527 -3.78457</i>
                        <i>0.80188 -0.0914706 -0.590442 -0.000863544 0.988033 -0.154238 0.597485 0.12419 0.792205 -1.26606 1.80737 -3.7846</i>
                        <i>0.877136 -0.0749768 -0.474353 0.000418642 0.987857 -0.155368 0.480241 0.13608 0.866516 -1.26587 1.80428 -3.78477</i>
                        <i>0.934263 -0.0560622 -0.35215 0.000523563 0.987778 -0.155865 0.356584 0.145434 0.922874 -1.26586 1.79911 -3.78484</i>
                        <i>0.972753 -0.0360896 -0.229017 9.92932e-005 0.987875 -0.155252 0.231843 0.150999 0.960962 -1.26592 1.80033 -3.78475</i>
                        <i>0.993779 -0.0172105 -0.110029 -0.000160719 0.987764 -0.155956 0.111367 0.155004 0.981617 -1.26596 1.79904 -3.78485</i>
                        <i>1 -0.000285995 -6.61744e-024 0.000282474 0.987688 -0.156435 4.47396e-005 0.156435 0.987688 -1.2659 1.79706 -3.78492</i>
                        <i>0.999723 -0.00392194 -0.0232133 0.000235276 0.987641 -0.156731 0.0235411 0.156683 0.987368 -1.2659 1.79484 -3.78496</i>
                        <i>0.998897 -0.00709351 -0.0464088 -0.00030133 0.98753 -0.157428 0.0469468 0.157269 0.986439 -1.26597 1.79043 -3.78505</i>
                        <i>0.99834 -0.00861598 -0.0569386 -0.000499592 0.987411 -0.158175 0.0575847 0.157941 0.985768 -1.266 1.78395 -3.78515</i>
                        <i>0.998895 -0.00749966 -0.0463979 3.34147e-005 0.9873 -0.158866 0.0470001 0.158689 0.986209 -1.26593 1.77749 -3.78523</i>
                        <i>0.99972 -0.00455652 -0.0232067 0.000820566 0.987356 -0.158513 0.0236355 0.15845 0.987084 -1.26583 1.78278 -3.78519</i>
                        <i>1 -0.000402885 0 0.000397875 0.987565 -0.157209 6.33373e-005 0.157209 0.987565 -1.26588 1.79017 -3.78502</i>
                        <i>1 0.000136137 0 -0.00013445 0.987612 -0.156917 -2.13622e-005 0.156917 0.987612 -1.26595 1.7881 -3.78498</i>
                        <i>1 0.000335916 0 -0.000331659 0.987325 -0.158709 -5.33128e-005 0.158709 0.987325 -1.26598 1.77776 -3.78522</i>
                        <i>1 0.000384633 0 -0.000379774 0.987368 -0.158446 -6.09435e-005 0.158446 0.987368 -1.26598 1.77902 -3.78518</i>
                        <i>1 1.32297e-005 -2.06795e-025 -1.30659e-005 0.987616 -0.156893 -2.07565e-006 0.156893 0.987616 -1.26594 1.78076 -3.78498</i>
                        <i>1 2.19638e-005 0 -2.16969e-005 0.98785 -0.155408 -3.41335e-006 0.155408 0.98785 -1.26594 1.78603 -3.78477</i>
                        <i>1 0.000106991 0 -0.000105698 0.987921 -0.15496 -1.65793e-005 0.15496 0.987921 -1.26595 1.79359 -3.78471</i>
                        <i>1 0.000688015 0 -0.000679618 0.987795 -0.155761 -0.000107166 0.155761 0.987795 -1.26603 1.79131 -3.78482</i>
                        <i>1 0.000291861 -3.30872e-024 -0.000288263 0.98767 -0.156548 -4.56904e-005 0.156548 0.98767 -1.26597 1.79164 -3.78493</i>
                    </KeyFrames>
                </p>
            </i>
            <i>
                <p>
                    <Name><![CDATA[left_hatch]]></Name>
                    <Exclude>0</Exclude>
                    <Additive>0</Additive>
                    <IKPriority>0</IKPriority>
                    <IKRotLimits>-1e+010 -1e+010 -1e+010 1e+010 1e+010 1e+010</IKRotLimits>
                    <IKRotLimitOrder>0</IKRotLimitOrder>
                    <KeyFrames count="91">
                        <i>-0.185301 0.153942 0.970549 -0.00090939 -0.98768 0.156486 0.982681 0.0281145 0.183158 1.26605 1.78865 -3.78492</i>
                        <i>-0.185545 0.153522 0.970569 0.000652562 -0.9877 0.156356 0.982636 0.0296444 0.183162 1.26584 1.79074 -3.78491</i>
                        <i>-0.185557 0.154374 0.970431 0.000726743 -0.98756 0.157238 0.982633 0.0298818 0.183136 1.26583 1.78371 -3.78502</i>
                        <i>-0.185488 0.154026 0.9705 0.000285945 -0.98763 0.156799 0.982647 0.0293618 0.183149 1.26589 1.78062 -3.78497</i>
                        <i>-0.185536 0.154201 0.970463 0.000595714 -0.987593 0.157036 0.982637 0.029714 0.183142 1.26585 1.7807 -3.785</i>
                        <i>-0.185633 0.152945 0.970643 0.00122701 -0.987775 0.15588 0.982618 0.0301274 0.183176 1.26576 1.79273 -3.78484</i>
                        <i>-0.185752 0.151832 0.970795 0.0020096 -0.987929 0.154896 0.982594 0.0307232 0.183205 1.26564 1.79918 -3.7847</i>
                        <i>-0.185657 0.151246 0.970905 0.00139761 -0.988041 0.154183 0.982614 0.0299821 0.183226 1.26572 1.80575 -3.7846</i>
                        <i>-0.185605 0.151192 0.970923 0.00105735 -0.988061 0.154062 0.982624 0.0296214 0.183229 1.26577 1.80807 -3.78458</i>
                        <i>-0.185458 0.152095 0.97081 9.51678e-005 -0.987946 0.154798 0.982652 0.0288008 0.183208 1.26592 1.80252 -3.78469</i>
                        <i>-0.18538 0.15328 0.970639 -0.000408162 -0.987771 0.155908 0.982667 0.028506 0.183175 1.26599 1.79558 -3.78484</i>
                        <i>-0.185346 0.152846 0.970714 -0.000628649 -0.987848 0.155424 0.982673 0.028197 0.18319 1.26602 1.80245 -3.78478</i>
                        <i>-0.185469 0.152426 0.970756 0.000165047 -0.987891 0.155148 0.98265 0.0289352 0.183198 1.26591 1.80321 -3.78474</i>
                        <i>-0.185466 0.153595 0.970572 0.000149448 -0.987704 0.156335 0.982651 0.02914 0.183163 1.26591 1.79552 -3.7849</i>
                        <i>-0.185359 0.15392 0.970541 -0.00054003 -0.987673 0.156533 0.982671 0.0284907 0.183157 1.266 1.79528 -3.78493</i>
                        <i>-0.185482 0.154199 0.970474 0.000250406 -0.987604 0.156968 0.982648 0.0293579 0.183144 1.2659 1.79307 -3.78499</i>
