<?xml version="1.0" encoding="ISO-8859-1" ?>
<Animl Version="1">
    <ModellingPackage><![CDATA[Maya.2010]]></ModellingPackage>
    <SrcFile><![CDATA[anims\turrets\antiair\red\~src\aa_gladiator\aa_gladiator_reload_crewman_d.mb]]></SrcFile>
    <FramesPerSecond>30</FramesPerSecond>
    <TotalFrames>190</TotalFrames>
    <Skeleton>
        <RefFrame>
            <Name><![CDATA[soldier_ref_frame]]></Name>
            <Exclude>0</Exclude>
            <Additive>0</Additive>
            <IKPriority>0</IKPriority>
            <IKRotLimits>-1e+010 -1e+010 -1e+010 1e+010 1e+010 1e+010</IKRotLimits>
            <IKRotLimitOrder>0</IKRotLimitOrder>
            <KeyFrames count="190">
                <i>1 0 0 0 1 0 0 0 1 -1.57 4.72 5.74</i>
                <i>1 0 0 0 1 0 0 0 1 -1.57 4.72 5.74</i>
                <i>1 0 0 0 1 0 0 0 1 -1.57 4.72 5.74</i>
                <i>1 0 0 0 1 0 0 0 1 -1.57 4.72 5.74</i>
                <i>1 0 0 0 1 0 0 0 1 -1.57 4.72 5.74</i>
                <i>1 0 0 0 1 0 0 0 1 -1.57 4.72 5.74</i>
                <i>1 0 0 0 1 0 0 0 1 -1.57 4.72 5.74</i>
                <i>1 0 0 0 1 0 0 0 1 -1.57 4.72 5.74</i>
                <i>1 0 0 0 1 0 0 0 1 -1.57 4.72 5.74</i>
                <i>1 0 0 0 1 0 0 0 1 -1.57 4.72 5.74</i>
                <i>1 0 0 0 1 0 0 0 1 -1.57 4.72 5.74</i>
                <i>1 0 0 0 1 0 0 0 1 -1.57 4.72 5.74</i>
                <i>1 0 0 0 1 0 0 0 1 -1.57 4.72 5.74</i>
                <i>1 0 0 0 1 0 0 0 1 -1.57 4.72 5.74</i>
                <i>1 0 0 0 1 0 0 0 1 -1.57 4.72 5.74</i>
                <i>1 0 0 0 1 0 0 0 1 -1.57 4.72 5.74</i>
                <i>1 0 0 0 1 0 0 0 1 -1.57 4.72 5.74</i>
                <i>1 0 0 0 1 0 0 0 1 -1.57 4.72 5.74</i>
                <i>1 0 0 0 1 0 0 0 1 -1.57 4.72 5.74</i>
                <i>1 0 0 0 1 0 0 0 1 -1.57 4.72 5.74</i>
                <i>1 0 0 0 1 0 0 0 1 -1.57 4.72 5.74</i>
                <i>1 0 0 0 1 0 0 0 1 -1.57 4.72 5.74</i>
                <i>1 0 0 0 1 0 0 0 1 -1.57 4.72 5.74</i>
                <i>1 0 0 0 1 0 0 0 1 -1.57 4.72 5.74</i>
                <i>1 0 0 0 1 0 0 0 1 -1.57 4.72 5.74</i>
                <i>1 0 0 0 1 0 0 0 1 -1.57 4.72 5.74</i>
                <i>1 0 0 0 1 0 0 0 1 -1.57 4.72 5.74</i>
                <i>1 0 0 0 1 0 0 0 1 -1.57 4.72 5.74</i>
                <i>1 0 0 0 1 0 0 0 1 -1.57 4.72 5.74</i>
                <i>1 0 0 0 1 0 0 0 1 -1.57 4.72 5.74</i>
                <i>1 0 0 0 1 0 0 0 1 -1.57 4.72 5.74</i>
                <i>1 0 0 0 1 0 0 0 1 -1.57 4.72 5.74</i>
                <i>1 0 0 0 1 0 0 0 1 -1.57 4.72 5.74</i>
                <i>1 0 0 0 1 0 0 0 1 -1.57 4.72 5.74</i>
                <i>1 0 0 0 1 0 0 0 1 -1.57 4.72 5.74</i>
                <i>1 0 0 0 1 0 0 0 1 -1.57 4.72 5.74</i>
                <i>1 0 0 0 1 0 0 0 1 -1.57 4.72 5.74</i>
                <i>1 0 0 0 1 0 0 0 1 -1.57 4.72 5.74</i>
                <i>1 0 0 0 1 0 0 0 1 -1.57 4.72 5.74</i>
                <i>1 0 0 0 1 0 0 0 1 -1.57 4.72 5.74</i>
                <i>1 0 0 0 1 0 0 0 1 -1.57 4.72 5.74</i>
                <i>1 0 0 0 1 0 0 0 1 -1.57 4.72 5.74</i>
                <i>1 0 0 0 1 0 0 0 1 -1.57 4.72 5.74</i>
                <i>1 0 0 0 1 0 0 0 1 -1.57 4.72 5.74</i>
                <i>1 0 0 0 1 0 0 0 1 -1.57 4.72 5.74</i>
                <i>1 0 0 0 1 0 0 0 1 -1.57 4.72 5.74</i>
                <i>1 0 0 0 1 0 0 0 1 -1.57 4.72 5.74</i>
                <i>1 0 0 0 1 0 0 0 1 -1.57 4.72 5.74</i>
                <i>1 0 0 0 1 0 0 0 1 -1.57 4.72 5.74</i>
                <i>1 0 0 0 1 0 0 0 1 -1.57 4.72 5.74</i>
                <i>1 0 0 0 1 0 0 0 1 -1.57 4.72 5.74</i>
                <i>1 0 0 0 1 0 0 0 1 -1.57 4.72 5.74</i>
                <i>1 0 0 0 1 0 0 0 1 -1.57 4.72 5.74</i>
                <i>1 0 0 0 1 0 0 0 1 -1.57 4.72 5.74</i>
                <i>1 0 0 0 1 0 0 0 1 -1.57 4.72 5.74</i>
                <i>1 0 0 0 1 0 0 0 1 -1.57 4.72 5.74</i>
                <i>1 0 0 0 1 0 0 0 1 -1.57 4.72 5.74</i>
                <i>1 0 0 0 1 0 0 0 1 -1.57 4.72 5.74</i>
                <i>1 0 0 0 1 0 0 0 1 -1.57 4.72 5.74</i>
                <i>1 0 0 0 1 0 0 0 1 -1.57 4.72 5.74</i>
                <i>1 0 0 0 1 0 0 0 1 -1.57 4.72 5.74</i>
                <i>1 0 0 0 1 0 0 0 1 -1.57 4.72 5.74</i>
                <i>1 0 0 0 1 0 0 0 1 -1.57 4.72 5.74</i>
                <i>1 0 0 0 1 0 0 0 1 -1.57 4.72 5.74</i>
                <i>1 0 0 0 1 0 0 0 1 -1.57 4.72 5.74</i>
                <i>1 0 0 0 1 0 0 0 1 -1.57 4.72 5.74</i>
                <i>1 0 0 0 1 0 0 0 1 -1.57 4.72 5.74</i>
                <i>1 0 0 0 1 0 0 0 1 -1.57 4.72 5.74</i>
                <i>1 0 0 0 1 0 0 0 1 -1.57 4.72 5.74</i>
                <i>1 0 0 0 1 0 0 0 1 -1.57 4.72 5.74</i>
                <i>1 0 0 0 1 0 0 0 1 -1.57 4.72 5.74</i>
                <i>1 0 0 0 1 0 0 0 1 -1.57 4.72 5.74</i>
                <i>1 0 0 0 1 0 0 0 1 -1.57 4.72 5.74</i>
                <i>1 0 0 0 1 0 0 0 1 -1.57 4.72 5.74</i>
                <i>1 0 0 0 1 0 0 0 1 -1.57 4.72 5.74</i>
                <i>1 0 0 0 1 0 0 0 1 -1.57 4.72 5.74</i>
                <i>1 0 0 0 1 0 0 0 1 -1.57 4.72 5.74</i>
                <i>1 0 0 0 1 0 0 0 1 -1.57 4.72 5.74</i>
                <i>1 0 0 0 1 0 0 0 1 -1.57 4.72 5.74</i>
                <i>1 0 0 0 1 0 0 0 1 -1.57 4.72 5.74</i>
                <i>1 0 0 0 1 0 0 0 1 -1.57 4.72 5.74</i>
                <i>1 0 0 0 1 0 0 0 1 -1.57 4.72 5.74</i>
                <i>1 0 0 0 1 0 0 0 1 -1.57 4.72 5.74</i>
                <i>1 0 0 0 1 0 0 0 1 -1.57 4.72 5.74</i>
                <i>1 0 0 0 1 0 0 0 1 -1.57 4.72 5.74</i>
                <i>1 0 0 0 1 0 0 0 1 -1.57 4.72 5.74</i>
                <i>1 0 0 0 1 0 0 0 1 -1.57 4.72 5.74</i>
                <i>1 0 0 0 1 0 0 0 1 -1.57 4.72 5.74</i>
                <i>1 0 0 0 1 0 0 0 1 -1.57 4.72 5.74</i>
                <i>1 0 0 0 1 0 0 0 1 -1.57 4.72 5.74</i>
                <i>1 0 0 0 1 0 0 0 1 -1.57 4.72 5.74</i>
                <i>1 0 0 0 1 0 0 0 1 -1.57 4.72 5.74</i>
                <i>1 0 0 0 1 0 0 0 1 -1.57 4.72 5.74</i>
                <i>1 0 0 0 1 0 0 0 1 -1.57 4.72 5.74</i>
                <i>1 0 0 0 1 0 0 0 1 -1.57 4.72 5.74</i>
                <i>1 0 0 0 1 0 0 0 1 -1.57 4.72 5.74</i>
                <i>1 0 0 0 1 0 0 0 1 -1.57 4.72 5.74</i>
                <i>1 0 0 0 1 0 0 0 1 -1.57 4.72 5.74</i>
                <i>1 0 0 0 1 0 0 0 1 -1.57 4.72 5.74</i>
                <i>1 0 0 0 1 0 0 0 1 -1.57 4.72 5.74</i>
                <i>1 0 0 0 1 0 0 0 1 -1.57 4.72 5.74</i>
                <i>1 0 0 0 1 0 0 0 1 -1.57 4.72 5.74</i>
                <i>1 0 0 0 1 0 0 0 1 -1.57 4.72 5.74</i>
                <i>1 0 0 0 1 0 0 0 1 -1.57 4.72 5.74</i>
                <i>1 0 0 0 1 0 0 0 1 -1.57 4.72 5.74</i>
                <i>1 0 0 0 1 0 0 0 1 -1.57 4.72 5.74</i>
                <i>1 0 0 0 1 0 0 0 1 -1.57 4.72 5.74</i>
                <i>1 0 0 0 1 0 0 0 1 -1.57 4.72 5.74</i>
                <i>1 0 0 0 1 0 0 0 1 -1.57 4.72 5.74</i>
                <i>1 0 0 0 1 0 0 0 1 -1.57 4.72 5.74</i>
                <i>1 0 0 0 1 0 0 0 1 -1.57 4.72 5.74</i>
                <i>1 0 0 0 1 0 0 0 1 -1.57 4.72 5.74</i>
                <i>1 0 0 0 1 0 0 0 1 -1.57 4.72 5.74</i>
                <i>1 0 0 0 1 0 0 0 1 -1.57 4.72 5.74</i>
                <i>1 0 0 0 1 0 0 0 1 -1.57 4.72 5.74</i>
                <i>1 0 0 0 1 0 0 0 1 -1.57 4.72 5.74</i>
                <i>1 0 0 0 1 0 0 0 1 -1.57 4.72 5.74</i>
                <i>1 0 0 0 1 0 0 0 1 -1.57 4.72 5.74</i>
                <i>1 0 0 0 1 0 0 0 1 -1.57 4.72 5.74</i>
                <i>1 0 0 0 1 0 0 0 1 -1.57 4.72 5.74</i>
                <i>1 0 0 0 1 0 0 0 1 -1.57 4.72 5.74</i>
                <i>1 0 0 0 1 0 0 0 1 -1.57 4.72 5.74</i>
                <i>1 0 0 0 1 0 0 0 1 -1.57 4.72 5.74</i>
                <i>1 0 0 0 1 0 0 0 1 -1.57 4.72 5.74</i>
                <i>1 0 0 0 1 0 0 0 1 -1.57 4.72 5.74</i>
                <i>1 0 0 0 1 0 0 0 1 -1.57 4.72 5.74</i>
                <i>1 0 0 0 1 0 0 0 1 -1.57 4.72 5.74</i>
                <i>1 0 0 0 1 0 0 0 1 -1.57 4.72 5.74</i>
                <i>1 0 0 0 1 0 0 0 1 -1.57 4.72 5.74</i>
                <i>1 0 0 0 1 0 0 0 1 -1.57 4.72 5.74</i>
                <i>1 0 0 0 1 0 0 0 1 -1.57 4.72 5.74</i>
                <i>1 0 0 0 1 0 0 0 1 -1.57 4.72 5.74</i>
                <i>1 0 0 0 1 0 0 0 1 -1.57 4.72 5.74</i>
                <i>1 0 0 0 1 0 0 0 1 -1.57 4.72 5.74</i>
                <i>1 0 0 0 1 0 0 0 1 -1.57 4.72 5.74</i>
                <i>1 0 0 0 1 0 0 0 1 -1.57 4.72 5.74</i>
                <i>1 0 0 0 1 0 0 0 1 -1.57 4.72 5.74</i>
                <i>1 0 0 0 1 0 0 0 1 -1.57 4.72 5.74</i>
                <i>1 0 0 0 1 0 0 0 1 -1.57 4.72 5.74</i>
                <i>1 0 0 0 1 0 0 0 1 -1.57 4.72 5.74</i>
                <i>1 0 0 0 1 0 0 0 1 -1.57 4.72 5.74</i>
                <i>1 0 0 0 1 0 0 0 1 -1.57 4.72 5.74</i>
                <i>1 0 0 0 1 0 0 0 1 -1.57 4.72 5.74</i>
                <i>1 0 0 0 1 0 0 0 1 -1.57 4.72 5.74</i>
                <i>1 0 0 0 1 0 0 0 1 -1.57 4.72 5.74</i>
                <i>1 0 0 0 1 0 0 0 1 -1.57 4.72 5.74</i>
                <i>1 0 0 0 1 0 0 0 1 -1.57 4.72 5.74</i>
                <i>1 0 0 0 1 0 0 0 1 -1.57 4.72 5.74</i>
                <i>1 0 0 0 1 0 0 0 1 -1.57 4.72 5.74</i>
                <i>1 0 0 0 1 0 0 0 1 -1.57 4.72 5.74</i>
                <i>1 0 0 0 1 0 0 0 1 -1.57 4.72 5.74</i>
                <i>1 0 0 0 1 0 0 0 1 -1.57 4.72 5.74</i>
                <i>1 0 0 0 1 0 0 0 1 -1.57 4.72 5.74</i>
                <i>1 0 0 0 1 0 0 0 1 -1.57 4.72 5.74</i>
                <i>1 0 0 0 1 0 0 0 1 -1.57 4.72 5.74</i>
                <i>1 0 0 0 1 0 0 0 1 -1.57 4.72 5.74</i>
                <i>1 0 0 0 1 0 0 0 1 -1.57 4.72 5.74</i>
                <i>1 0 0 0 1 0 0 0 1 -1.57 4.72 5.74</i>
                <i>1 0 0 0 1 0 0 0 1 -1.57 4.72 5.74</i>
                <i>1 0 0 0 1 0 0 0 1 -1.57 4.72 5.74</i>
                <i>1 0 0 0 1 0 0 0 1 -1.57 4.72 5.74</i>
                <i>1 0 0 0 1 0 0 0 1 -1.57 4.72 5.74</i>
                <i>1 0 0 0 1 0 0 0 1 -1.57 4.72 5.74</i>
                <i>1 0 0 0 1 0 0 0 1 -1.57 4.72 5.74</i>
                <i>1 0 0 0 1 0 0 0 1 -1.57 4.72 5.74</i>
                <i>1 0 0 0 1 0 0 0 1 -1.57 4.72 5.74</i>
                <i>1 0 0 0 1 0 0 0 1 -1.57 4.72 5.74</i>
                <i>1 0 0 0 1 0 0 0 1 -1.57 4.72 5.74</i>
                <i>1 0 0 0 1 0 0 0 1 -1.57 4.72 5.74</i>
                <i>1 0 0 0 1 0 0 0 1 -1.57 4.72 5.74</i>
                <i>1 0 0 0 1 0 0 0 1 -1.57 4.72 5.74</i>
                <i>1 0 0 0 1 0 0 0 1 -1.57 4.72 5.74</i>
                <i>1 0 0 0 1 0 0 0 1 -1.57 4.72 5.74</i>
                <i>1 0 0 0 1 0 0 0 1 -1.57 4.72 5.74</i>
                <i>1 0 0 0 1 0 0 0 1 -1.57 4.72 5.74</i>
                <i>1 0 0 0 1 0 0 0 1 -1.57 4.72 5.74</i>
                <i>1 0 0 0 1 0 0 0 1 -1.57 4.72 5.74</i>
                <i>1 0 0 0 1 0 0 0 1 -1.57 4.72 5.74</i>
                <i>1 0 0 0 1 0 0 0 1 -1.57 4.72 5.74</i>
                <i>1 0 0 0 1 0 0 0 1 -1.57 4.72 5.74</i>
                <i>1 0 0 0 1 0 0 0 1 -1.57 4.72 5.74</i>
                <i>1 0 0 0 1 0 0 0 1 -1.57 4.72 5.74</i>
                <i>1 0 0 0 1 0 0 0 1 -1.57 4.72 5.74</i>
                <i>1 0 0 0 1 0 0 0 1 -1.57 4.72 5.74</i>
                <i>1 0 0 0 1 0 0 0 1 -1.57 4.72 5.74</i>
                <i>1 0 0 0 1 0 0 0 1 -1.57 4.72 5.74</i>
                <i>1 0 0 0 1 0 0 0 1 -1.57 4.72 5.74</i>
                <i>1 0 0 0 1 0 0 0 1 -1.57 4.72 5.74</i>
                <i>1 0 0 0 1 0 0 0 1 -1.57 4.72 5.74</i>
                <i>1 0 0 0 1 0 0 0 1 -1.57 4.72 5.74</i>
            </KeyFrames>
        </RefFrame>
        <Bones count="23">
            <i>
                <p>
                    <Name><![CDATA[pelvis]]></Name>
                    <Exclude>0</Exclude>
                    <Additive>0</Additive>
                    <IKPriority>0</IKPriority>
                    <IKRotLimits>-1e+010 -1e+010 -1e+010 1e+010 1e+010 1e+010</IKRotLimits>
                    <IKRotLimitOrder>2</IKRotLimitOrder>
                    <KeyFrames count="190">
                        <i>1 0 0 0 1 0 0 0 1 -1.56492 5.89623 5.74665</i>
                        <i>1 0 0 0 1 0 0 0 1 -1.56492 5.879 5.74665</i>
                        <i>1 0 0 0 1 0 0 0 1 -1.56492 5.86024 5.74665</i>
                        <i>1 0 0 0 1 0 0 0 1 -1.56492 5.84453 5.74665</i>
                        <i>1 0 0 0 1 0 0 0 1 -1.56492 5.83642 5.74665</i>
                        <i>1 0 0 0 1 0 0 0 1 -1.56492 5.83828 5.74665</i>
                        <i>1 0 0 0 1 0 0 0 1 -1.56492 5.8467 5.74665</i>
                        <i>1 0 0 0 1 0 0 0 1 -1.56492 5.85768 5.74665</i>
                        <i>1 0 0 0 1 0 0 0 1 -1.56492 5.86721 5.74665</i>
                        <i>1 0 0 0 1 0 0 0 1 -1.56492 5.87128 5.74665</i>
                        <i>1 0 0 0 1 0 0 0 1 -1.56492 5.87128 5.74665</i>
                        <i>1 0 0 0 1 0 0 0 1 -1.56492 5.87128 5.74665</i>
                        <i>1 0 0 0 1 0 0 0 1 -1.56492 5.87128 5.74665</i>
                        <i>1 0 0 0 1 0 0 0 1 -1.56492 5.87128 5.74665</i>
                        <i>1 0 0 0 1 0 0 0 1 -1.56492 5.87128 5.74665</i>
                        <i>1 0 0 0 1 0 0 0 1 -1.539 5.87578 5.75137</i>
                        <i>1 0 0 0 1 0 0 0 1 -1.47068 5.88656 5.76158</i>
                        <i>1 0 0 0 1 0 0 0 1 -1.37589 5.89953 5.77177</i>
                        <i>1 0 0 0 1 0 0 0 1 -1.27123 5.91066 5.78193</i>
                        <i>1 0 0 0 1 0 0 0 1 -1.1678 5.91596 5.79867</i>
                        <i>1 0 0 0 1 0 0 0 1 -1.0671 5.91218 5.82619</i>
                        <i>1 0 0 0 1 0 0 0 1 -0.970133 5.90165 5.85763</i>
                        <i>1 0 0 0 1 0 0 0 1 -0.884829 5.88867 5.88406</i>
                        <i>1 0 0 0 1 0 0 0 1 -0.823282 5.87762 5.90053</i>
                        <i>1 0 0 0 1 0 0 0 1 -0.797488 5.87293 5.90638</i>
                        <i>1 0 0 0 1 0 0 0 1 -0.794835 5.87741 5.90691</i>
                        <i>1 0 0 0 1 0 0 0 1 -0.794563 5.88843 5.90705</i>
                        <i>1 0 0 0 1 0 0 0 1 -0.795624 5.90229 5.90692</i>
                        <i>1 0 0 0 1 0 0 0 1 -0.796971 5.91528 5.90668</i>
                        <i>1 0 0 0 1 0 0 0 1 -0.797556 5.92369 5.90646</i>
                        <i>1 0 0 0 1 0 0 0 1 -0.797432 5.92705 5.90634</i>
                        <i>1 0 0 0 1 0 0 0 1 -0.797352 5.92781 5.90627</i>
                        <i>1 0 0 0 1 0 0 0 1 -0.797315 5.92672 5.90625</i>
                        <i>1 0 0 0 1 0 0 0 1 -0.797323 5.92452 5.90628</i>
                        <i>1 0 0 0 1 0 0 0 1 -0.797375 5.92195 5.90634</i>
                        <i>1 0 0 0 1 0 0 0 1 -0.797438 5.92029 5.90642</i>
                        <i>1 0 0 0 1 0 0 0 1 -0.797484 5.9199 5.90648</i>
                        <i>1 0 0 0 1 0 0 0 1 -0.797522 5.92015 5.90653</i>
                        <i>1 0 0 0 1 0 0 0 1 -0.797564 5.9204 5.90657</i>
                        <i>1 0 0 0 1 0 0 0 1 -0.797617 5.92 5.90661</i>
                        <i>1 0 0 0 1 0 0 0 1 -0.797691 5.91832 5.90664</i>
                        <i>1 0 0 0 1 0 0 0 1 -0.797796 5.91471 5.90668</i>
                        <i>1 0 0 0 1 0 0 0 1 -0.797942 5.90855 5.90673</i>
                        <i>1 0 0 0 1 0 0 0 1 -0.798138 5.89918 5.90678</i>
                        <i>1 0 0 0 1 0 0 0 1 -0.798394 5.88597 5.90685</i>
                        <i>1 0 0 0 1 0 0 0 1 -0.756402 5.81041 5.87633</i>
                        <i>1 0 0 0 1 0 0 0 1 -0.638879 5.7378 5.79102</i>
                        <i>1 0 0 0 1 0 0 0 1 -0.46363 5.75468 5.65947</i>
                        <i>1 0 0 0 1 0 0 0 1 -0.240153 5.80029 5.49292</i>
                        <i>1 0 0 0 1 0 0 0 1 0.0304085 5.83861 5.30523</i>
                        <i>1 0 0 0 1 0 0 0 1 0.340956 5.86822 5.10884</i>
                        <i>1 0 0 0 1 0 0 0 1 0.669313 5.90345 4.91149</i>
                        <i>1 0 0 0 1 0 0 0 1 0.99173 5.93195 4.72003</i>
                        <i>1 0 0 0 1 0 0 0 1 1.28458 5.9414 4.54101</i>
                        <i>1 0 0 0 1 0 0 0 1 1.52434 5.91944 4.38066</i>
                        <i>1 0 0 0 1 0 0 0 1 1.68334 5.83747 4.24359</i>
                        <i>1 0 0 0 1 0 0 0 1 1.75461 5.70456 4.1418</i>
                        <i>1 0 0 0 1 0 0 0 1 1.74555 5.56481 4.09289</i>
                        <i>1 0 0 0 1 0 0 0 1 1.71074 5.46233 4.08065</i>
                        <i>1 0 0 0 1 0 0 0 1 1.69986 5.40777 4.07428</i>
                        <i>1 0 0 0 1 0 0 0 1 1.70111 5.37795 4.07045</i>
                        <i>1 0 0 0 1 0 0 0 1 1.70719 5.36547 4.07173</i>
                        <i>1 0 0 0 1 0 0 0 1 1.71084 5.36296 4.08068</i>
                        <i>1 0 0 0 1 0 0 0 1 1.71084 5.36988 4.10283</i>
                        <i>1 0 0 0 1 0 0 0 1 1.71084 5.3877 4.13569</i>
                        <i>1 0 0 0 1 0 0 0 1 1.71084 5.41203 4.16974</i>
                        <i>1 0 0 0 1 0 0 0 1 1.71084 5.43849 4.19551</i>
                        <i>1 0 0 0 1 0 0 0 1 1.71084 5.46267 4.20348</i>
                        <i>1 0 0 0 1 0 0 0 1 1.71076 5.48573 4.19345</i>
                        <i>1 0 0 0 1 0 0 0 1 1.71059 5.51085 4.17354</i>
                        <i>1 0 0 0 1 0 0 0 1 1.71039 5.53674 4.14678</i>
                        <i>1 0 0 0 1 0 0 0 1 1.71024 5.56211 4.11619</i>
                        <i>1 0 0 0 1 0 0 0 1 1.71021 5.58564 4.08479</i>
                        <i>1 0 0 0 1 0 0 0 1 1.71039 5.60605 4.05559</i>
                        <i>1 0 0 0 1 0 0 0 1 1.71084 5.62205 4.03162</i>
                        <i>1 0 0 0 1 0 0 0 1 1.69801 5.59428 4.02091</i>
                        <i>1 0 0 0 1 0 0 0 1 1.65505 5.58282 4.02037</i>
                        <i>1 0 0 0 1 0 0 0 1 1.58569 5.66464 4.02144</i>
                        <i>1 0 0 0 1 0 0 0 1 1.49016 5.77561 4.02501</i>
                        <i>1 0 0 0 1 0 0 0 1 1.35832 5.85198 4.03162</i>
                        <i>1 0 0 0 1 0 0 0 1 1.18972 5.8762 4.04305</i>
                        <i>1 0 0 0 1 0 0 0 1 0.994989 5.8805 4.05813</i>
                        <i>1 0 0 0 1 0 0 0 1 0.780628 5.87584 4.07305</i>
                        <i>1 0 0 0 1 0 0 0 1 0.553096 5.87321 4.08398</i>
                        <i>1 0 0 0 1 0 0 0 1 0.318738 5.88363 4.08709</i>
                        <i>1 0 0 0 1 0 0 0 1 0.0742613 5.91421 4.07923</i>
                        <i>1 0 0 0 1 0 0 0 1 -0.178791 5.95747 4.06295</i>
                        <i>1 0 0 0 1 0 0 0 1 -0.426805 6.00268 4.04297</i>
                        <i>1 0 0 0 1 0 0 0 1 -0.655981 6.03933 4.024</i>
                        <i>1 0 0 0 1 0 0 0 1 -0.852319 6.05711 4.01078</i>
                        <i>1 0 0 0 1 0 0 0 1 -0.999025 6.05196 4.0027</i>
                        <i>1 0 0 0 1 0 0 0 1 -1.09913 6.03134 3.99664</i>
                        <i>1 0 0 0 1 0 0 0 1 -1.16833 6.00201 3.99348</i>
                        <i>1 0 0 0 1 0 0 0 1 -1.22247 5.97042 3.9941</i>
                        <i>1 0 0 0 1 0 0 0 1 -1.27747 5.94279 3.99937</i>
                        <i>1 0 0 0 1 0 0 0 1 -1.34407 5.92314 4.01471</i>
                        <i>1 0 0 0 1 0 0 0 1 -1.40682 5.90547 4.03925</i>
                        <i>1 0 0 0 1 0 0 0 1 -1.46209 5.88083 4.06439</i>
                        <i>1 0 0 0 1 0 0 0 1 -1.50861 5.84023 4.08153</i>
                        <i>1 0 0 0 1 0 0 0 1 -1.54811 5.76279 4.0873</i>
                        <i>1 0 0 0 1 0 0 0 1 -1.58882 5.65942 4.08666</i>
                        <i>1 0 0 0 1 0 0 0 1 -1.62065 5.56894 4.08345</i>
                        <i>1 0 0 0 1 0 0 0 1 -1.6335 5.53015 4.08153</i>
                        <i>1 0 0 0 1 0 0 0 1 -1.62889 5.53994 4.08158</i>
                        <i>1 0 0 0 1 0 0 0 1 -1.61644 5.56701 4.0817</i>
                        <i>1 0 0 0 1 0 0 0 1 -1.59821 5.60789 4.08183</i>
                        <i>1 0 0 0 1 0 0 0 1 -1.57626 5.65912 4.08193</i>
                        <i>1 0 0 0 1 0 0 0 1 -1.55264 5.71723 4.10416</i>
                        <i>1 0 0 0 1 0 0 0 1 -1.52941 5.77875 4.16495</i>
                        <i>1 0 0 0 1 0 0 0 1 -1.50863 5.84023 4.25564</i>
                        <i>1 0 0 0 1 0 0 0 1 -1.48838 5.94538 4.37022</i>
                        <i>1 0 0 0 1 0 0 0 1 -1.4665 6.07541 4.49706</i>
                        <i>1 0 0 0 1 0 0 0 1 -1.44475 6.13315 4.61907</i>
                        <i>1 0 0 0 1 0 0 0 1 -1.42051 6.09458 4.72457</i>
                        <i>1 0 0 0 1 0 0 0 1 -1.39314 6.01522 4.81071</i>
                        <i>1 0 0 0 1 0 0 0 1 -1.3674 5.91721 4.87365</i>
                        <i>1 0 0 0 1 0 0 0 1 -1.34803 5.82269 4.90957</i>
                        <i>1 0 0 0 1 0 0 0 1 -1.33977 5.75378 4.91463</i>
                        <i>1 0 0 0 1 0 0 0 1 -1.34639 5.71175 4.90723</i>
                        <i>1 0 0 0 1 0 0 0 1 -1.36472 5.68183 4.90639</i>
                        <i>1 0 0 0 1 0 0 0 1 -1.38911 5.66215 4.90926</i>
                        <i>1 0 0 0 1 0 0 0 1 -1.41391 5.65081 4.91297</i>
                        <i>1 0 0 0 1 0 0 0 1 -1.43345 5.64593 4.91466</i>
                        <i>1 0 0 0 1 0 0 0 1 -1.44895 5.65137 4.91422</i>
                        <i>1 0 0 0 1 0 0 0 1 -1.4642 5.66837 4.91354</i>
                        <i>1 0 0 0 1 0 0 0 1 -1.47735 5.69117 4.91282</i>
                        <i>1 0 0 0 1 0 0 0 1 -1.48658 5.71399 4.91226</i>
                        <i>1 0 0 0 1 0 0 0 1 -1.49005 5.73105 4.91204</i>
                        <i>1 0 0 0 1 0 0 0 1 -1.48921 5.74309 4.91212</i>
                        <i>1 0 0 0 1 0 0 0 1 -1.48689 5.75474 4.91231</i>
                        <i>1 0 0 0 1 0 0 0 1 -1.48333 5.76601 4.91257</i>
                        <i>1 0 0 0 1 0 0 0 1 -1.47875 5.77692 4.9129</i>
                        <i>1 0 0 0 1 0 0 0 1 -1.47339 5.7875 4.91326</i>
                        <i>1 0 0 0 1 0 0 0 1 -1.46747 5.79777 4.91363</i>
                        <i>1 0 0 0 1 0 0 0 1 -1.46124 5.80777 4.91398</i>
                        <i>1 0 0 0 1 0 0 0 1 -1.45492 5.8175 4.91429</i>
                        <i>1 0 0 0 1 0 0 0 1 -1.44875 5.82701 4.91454</i>
                        <i>1 0 0 0 1 0 0 0 1 -1.44296 5.8363 4.9147</i>
                        <i>1 0 0 0 1 0 0 0 1 -1.43778 5.84541 4.91475</i>
                        <i>1 0 0 0 1 0 0 0 1 -1.43345 5.85436 4.91466</i>
                        <i>1 0 0 0 1 0 0 0 1 -1.43048 5.86336 4.91405</i>
                        <i>1 0 0 0 1 0 0 0 1 -1.42876 5.87179 4.91282</i>
                        <i>1 0 0 0 1 0 0 0 1 -1.42759 5.87847 4.9114</i>
                        <i>1 0 0 0 1 0 0 0 1 -1.42625 5.8822 4.91024</i>
                        <i>1 0 0 0 1 0 0 0 1 -1.42404 5.8818 4.90976</i>
                        <i>1 0 0 0 1 0 0 0 1 -1.42124 5.87441 4.90844</i>
                        <i>1 0 0 0 1 0 0 0 1 -1.41836 5.86082 4.906</i>
                        <i>1 0 0 0 1 0 0 0 1 -1.41493 5.84532 4.90471</i>
                        <i>1 0 0 0 1 0 0 0 1 -1.41051 5.83221 4.90684</i>
                        <i>1 0 0 0 1 0 0 0 1 -1.40464 5.82577 4.91466</i>
                        <i>1 0 0 0 1 0 0 0 1 -1.40076 5.8264 4.93231</i>
                        <i>1 0 0 0 1 0 0 0 1 -1.40139 5.83119 4.96228</i>
                        <i>1 0 0 0 1 0 0 0 1 -1.40475 5.8394 5.00486</i>
                        <i>1 0 0 0 1 0 0 0 1 -1.40971 5.85027 5.06134</i>
                        <i>1 0 0 0 1 0 0 0 1 -1.41647 5.86307 5.13397</i>
                        <i>1 0 0 0 1 0 0 0 1 -1.43042 5.8837 5.23303</i>
                        <i>1 0 0 0 1 0 0 0 1 -1.46468 5.91235 5.35421</i>
                        <i>1 0 0 0 1 0 0 0 1 -1.52299 5.93996 5.47547</i>
                        <i>1 0 0 0 1 0 0 0 1 -1.59511 5.95778 5.57665</i>
                        <i>1 0 0 0 1 0 0 0 1 -1.6597 5.95722 5.64611</i>
                        <i>1 0 0 0 1 0 0 0 1 -1.6956 5.9281 5.67831</i>
                        <i>1 0 0 0 1 0 0 0 1 -1.69805 5.87669 5.69076</i>
                        <i>1 0 0 0 1 0 0 0 1 -1.67842 5.81871 5.70858</i>
                        <i>1 0 0 0 1 0 0 0 1 -1.65591 5.76977 5.73334</i>
                        <i>1 0 0 0 1 0 0 0 1 -1.63899 5.74568 5.74665</i>
                        <i>1 0 0 0 1 0 0 0 1 -1.62243 5.75506 5.74665</i>
                        <i>1 0 0 0 1 0 0 0 1 -1.60295 5.78725 5.74665</i>
                        <i>1 0 0 0 1 0 0 0 1 -1.58435 5.82924 5.74665</i>
                        <i>1 0 0 0 1 0 0 0 1 -1.57041 5.86801 5.74665</i>
                        <i>1 0 0 0 1 0 0 0 1 -1.56492 5.89051 5.74665</i>
                        <i>1 0 0 0 1 0 0 0 1 -1.56492 5.8988 5.74665</i>
                        <i>1 0 0 0 1 0 0 0 1 -1.56492 5.90395 5.74665</i>
                        <i>1 0 0 0 1 0 0 0 1 -1.56492 5.9065 5.74665</i>
                        <i>1 0 0 0 1 0 0 0 1 -1.56492 5.90698 5.74665</i>
                        <i>1 0 0 0 1 0 0 0 1 -1.56492 5.90592 5.74665</i>
                        <i>1 0 0 0 1 0 0 0 1 -1.56492 5.90385 5.74665</i>
                        <i>1 0 0 0 1 0 0 0 1 -1.56492 5.90132 5.74665</i>
                        <i>1 0 0 0 1 0 0 0 1 -1.56492 5.89885 5.74665</i>
                        <i>1 0 0 0 1 0 0 0 1 -1.56492 5.89698 5.74665</i>
                        <i>1 0 0 0 1 0 0 0 1 -1.56492 5.89623 5.74665</i>
                        <i>1 0 0 0 1 0 0 0 1 -1.56492 5.89623 5.74665</i>
                        <i>1 0 0 0 1 0 0 0 1 -1.56492 5.89623 5.74665</i>
                        <i>1 0 0 0 1 0 0 0 1 -1.56492 5.89623 5.74665</i>
                        <i>1 0 0 0 1 0 0 0 1 -1.56492 5.89623 5.74665</i>
                        <i>1 0 0 0 1 0 0 0 1 -1.56492 5.89623 5.74665</i>
                        <i>1 0 0 0 1 0 0 0 1 -1.56492 5.89623 5.74665</i>
                        <i>1 0 0 0 1 0 0 0 1 -1.56492 5.89623 5.74665</i>
                        <i>1 0 0 0 1 0 0 0 1 -1.56492 5.89623 5.74665</i>
                        <i>1 0 0 0 1 0 0 0 1 -1.56492 5.89623 5.74665</i>
                        <i>1 0 0 0 1 0 0 0 1 -1.56492 5.89623 5.74665</i>
                    </KeyFrames>
                </p>
            </i>
            <i>
                <p>
                    <Name><![CDATA[spine0]]></Name>
                    <Exclude>0</Exclude>
                    <Additive>0</Additive>
                    <IKPriority>0</IKPriority>
                    <IKRotLimits>-1e+010 -1e+010 -1e+010 1e+010 1e+010 1e+010</IKRotLimits>
                    <IKRotLimitOrder>0</IKRotLimitOrder>
                    <KeyFrames count="190">
                        <i>-0.00672444 0.999732 -0.022139 -0.999977 -0.00672609 1.28682e-014 -0.000148909 0.0221385 0.999755 -1.56875 6.03183 5.69875</i>
                        <i>-0.0106817 0.999767 -0.018772 -0.998299 -0.00958627 0.0575072 0.0573139 0.0193544 0.998169 -1.5717 6.0146 5.6991</i>
                        <i>-0.0152785 0.999783 -0.0141341 -0.992375 -0.0134332 0.122521 0.122305 0.0158983 0.992365 -1.57533 5.99584 5.69975</i>
                        <i>-0.0198318 0.99977 -0.00821467 -0.981464 -0.0179009 0.19081 0.190619 0.0118465 0.981593 -1.57931 5.98012 5.7008</i>
                        <i>-0.0237343 0.999717 -0.00126615 -0.965835 -0.0226029 0.25817 0.258068 0.00735037 0.966099 -1.58333 5.97201 5.70223</i>
                        <i>-0.0265745 0.999628 0.00618398 -0.946824 -0.0271541 0.320604 0.320653 0.00266477 0.947193 -1.58709 5.97385 5.70395</i>
                        <i>-0.0282327 0.999512 0.0133961 -0.926711 -0.0311954 0.374478 0.374713 -0.00184176 0.927139 -1.59034 5.98226 5.70575</i>
                        <i>-0.0289013 0.999391 0.019529 -0.908456 -0.0344115 0.416562 0.41698 -0.00570209 0.908898 -1.59287 5.99323 5.70738</i>
                        <i>-0.0289968 0.999297 0.0237503 -0.895314 -0.0365304 0.443936 0.444491 -0.00839123 0.895744 -1.5945 6.00275 5.70856</i>
                        <i>-0.028962 0.99926 0.0253068 -0.890355 -0.0372967 0.453736 0.454344 -0.0093909 0.890777 -1.59509 6.00681 5.709</i>
                        <i>-0.028962 0.99926 0.0253068 -0.890355 -0.0372967 0.453736 0.454344 -0.0093909 0.890777 -1.59509 6.00681 5.709</i>
                        <i>-0.028962 0.99926 0.0253068 -0.890355 -0.0372967 0.453736 0.454344 -0.0093909 0.890777 -1.59509 6.00681 5.709</i>
                        <i>-0.028962 0.99926 0.0253068 -0.890355 -0.0372967 0.453736 0.454344 -0.0093909 0.890777 -1.59509 6.00681 5.709</i>
                        <i>-0.028962 0.99926 0.0253068 -0.890355 -0.0372967 0.453736 0.454344 -0.0093909 0.890777 -1.59509 6.00681 5.709</i>
                        <i>-0.028962 0.99926 0.0253068 -0.890355 -0.0372967 0.453736 0.454344 -0.0093909 0.890777 -1.59509 6.00681 5.709</i>
                        <i>-0.0268478 0.999286 0.0265776 -0.854713 -0.0367352 0.517799 0.518406 -0.00881443 0.855089 -1.57167 6.01138 5.71611</i>
                        <i>-0.0208422 0.999348 0.029468 -0.735408 -0.0352916 0.676705 0.677304 -0.00756697 0.735664 -1.50917 6.02233 5.73366</i>
                        <i>-0.0115688 0.999416 0.0321581 -0.508207 -0.0335736 0.86058 0.861157 -0.00638704 0.508298 -1.41999 6.03559 5.75629</i>
                        <i>-0.000353141 0.999458 0.0329096 -0.175982 -0.0324581 0.983858 0.984393 -0.00544406 0.175898 -1.31697 6.04706 5.78279</i>
                        <i>0.0107744 0.999462 0.0309891 0.209293 -0.0325586 0.977311 0.977794 -0.00404416 -0.209531 -1.20887 6.05266 5.81657</i>
                        <i>0.0199369 0.999434 0.0271071 0.563533 -0.0336286 0.825409 0.825853 -0.00118031 -0.563885 -1.09765 6.04911 5.85803</i>
                        <i>0.0263449 0.999392 0.0228294 0.816273 -0.0346897 0.576624 0.577066 0.0034439 -0.816691 -0.987255 6.03868 5.89795</i>
                        <i>0.030331 0.99935 0.0194603 0.948298 -0.0349243 0.315453 0.315928 0.00888619 -0.948742 -0.88942 6.02571 5.9276</i>
                        <i>0.0325518 0.999317 0.017475 0.992018 -0.0344353 0.1213 0.121819 0.013387 -0.992462 -0.819171 6.01463 5.9442</i>
                        <i>0.0333034 0.999304 0.0168271 0.99826 -0.034079 0.0481251 0.048665 0.0151951 -0.9987 -0.790209 6.00993 5.94969</i>
                        <i>0.033342 0.999288 0.0176673 0.998257 -0.0341584 0.0481175 0.0486867 0.0160322 -0.998685 -0.787557 6.0144 5.95022</i>
                        <i>0.0334387 0.999247 0.0196597 0.998251 -0.034352 0.0481155 0.0487546 0.0180164 -0.998648 -0.787286 6.02543 5.95036</i>
                        <i>0.0335547 0.999194 0.0220264 0.998243 -0.0345834 0.0481167 0.0488397 0.0203732 -0.998599 -0.788348 6.03928 5.95023</i>
                        <i>0.0336517 0.999145 0.0240004 0.998236 -0.034777 0.0481191 0.0489126 0.0223388 -0.998553 -0.789695 6.05227 5.94999</i>
                        <i>0.0336924 0.999124 0.0248258 0.998233 -0.034858 0.0481203 0.0489435 0.0231606 -0.998533 -0.79028 6.06069 5.94977</i>
                        <i>0.0336712 0.999134 0.0244296 0.998235 -0.0348173 0.0481144 0.0489234 0.0227664 -0.998543 -0.790157 6.06404 5.94965</i>
                        <i>0.0336106 0.999163 0.0232964 0.99824 -0.0347009 0.0480978 0.0488659 0.0216388 -0.998571 -0.790077 6.0648 5.94958</i>
                        <i>0.033515 0.999207 0.0215074 0.998247 -0.0345175 0.0480719 0.0487761 0.0198586 -0.998612 -0.790042 6.06372 5.94956</i>
                        <i>0.0333888 0.999259 0.0191424 0.998257 -0.0342756 0.0480383 0.0486588 0.0175051 -0.998662 -0.790052 6.06152 5.94959</i>
                        <i>0.0332363 0.999315 0.0162811 0.998269 -0.0339835 0.0479986 0.048519 0.0146576 -0.998715 -0.790106 6.05895 5.94966</i>
                        <i>0.0330618 0.999369 0.0130039 0.998283 -0.0336499 0.0479544 0.0483617 0.0113961 -0.998765 -0.790172 6.05728 5.94973</i>
                        <i>0.0328699 0.999416 0.00939289 0.998297 -0.0332833 0.0479071 0.0481917 0.00780219 -0.998808 -0.790221 6.0569 5.94979</i>
                        <i>0.0326651 0.999451 0.00553232 0.998312 -0.0328928 0.0478583 0.048014 0.00395969 -0.998839 -0.790263 6.05715 5.94984</i>
                        <i>0.0324521 0.999472 0.00150871 0.998328 -0.0324871 0.0478096 0.0478334 -4.53361e-005 -0.998855 -0.790307 6.05739 5.94988</i>
                        <i>0.0322358 0.999477 -0.00258907 0.998344 -0.0320755 0.0477626 0.0476546 -0.00412444 -0.998855 -0.790363 6.05699 5.94992</i>
                        <i>0.0320211 0.999465 -0.00666995 0.998359 -0.0316672 0.0477189 0.0474821 -0.00818701 -0.998839 -0.79044 6.05531 5.94995</i>
                        <i>0.0318132 0.999437 -0.0106411 0.998373 -0.0312717 0.0476799 0.0473203 -0.0121406 -0.998806 -0.790547 6.05171 5.94999</i>
                        <i>0.0316172 0.999396 -0.0144083 0.998386 -0.0308983 0.0476474 0.0471734 -0.0158915 -0.99876 -0.790695 6.04554 5.95004</i>
                        <i>0.0314383 0.999346 -0.0178764 0.998398 -0.0305566 0.0476228 0.0470454 -0.0193449 -0.998705 -0.790892 6.03617 5.95009</i>
                        <i>0.0312819 0.999291 -0.0209498 0.998408 -0.0302561 0.0476078 0.0469402 -0.0224057 -0.998646 -0.791148 6.02296 5.95016</i>
                        <i>0.0272727 0.997498 -0.0652225 0.997646 -0.0230542 0.0645789 0.0629137 -0.0668302 -0.995779 -0.752926 5.9488 5.91549</i>
                        <i>0.0294994 0.985716 -0.165811 0.994252 -0.011856 0.106405 0.10292 -0.167997 -0.9804 -0.643455 5.87871 5.81961</i>
                        <i>0.0546319 0.958452 -0.279974 0.986862 -0.00913242 0.161305 0.152046 -0.285108 -0.946359 -0.475886 5.89723 5.6745</i>
                        <i>0.0971944 0.925487 -0.366096 0.975795 -0.0162087 0.218087 0.195903 -0.378432 -0.904661 -0.257001 5.94311 5.49643</i>
                        <i>0.127582 0.910578 -0.393155 0.965071 -0.0225182 0.26102 0.228826 -0.412724 -0.881645 0.0123137 5.98133 5.30508</i>
                        <i>0.118882 0.928213 -0.352546 0.959329 -0.0158185 0.281847 0.256038 -0.371714 -0.892342 0.321916 6.01063 5.11611</i>
                        <i>0.0792751 0.960334 -0.267345 0.957119 0.00163592 0.289689 0.278636 -0.278846 -0.919025 0.648102 6.04401 4.93357</i>
                        <i>0.0277798 0.986452 -0.16168 0.956285 0.020878 0.29169 0.291114 -0.162716 -0.942749 0.969186 6.06842 4.75958</i>
                        <i>-0.0164495 0.997818 -0.0639473 0.955524 0.0345225 0.292886 0.294454 -0.0562854 -0.954007 1.26319 6.07261 4.59599</i>
                        <i>-0.0391422 0.999218 -0.00565205 0.954158 0.0390556 0.296746 0.296734 0.00622232 -0.95494 1.50715 6.04702 4.44486</i>
                        <i>-0.0223645 0.999729 -0.00639223 0.955678 0.0232556 0.293495 0.293564 0.000454942 -0.955939 1.67528 5.96548 4.30874</i>
                        <i>0.024527 0.998523 -0.0484831 0.961039 -0.0101942 0.276225 0.275323 -0.0533691 -0.959869 1.7593 5.83523 4.20179</i>
                        <i>0.0731392 0.991532 -0.107305 0.966382 -0.0438672 0.25334 0.246487 -0.122227 -0.961408 1.76184 5.6981 4.14453</i>
                        <i>0.067161 0.987756 -0.140813 0.971024 -0.0322662 0.236795 0.229352 -0.152636 -0.961301 1.71506 5.60067 4.11989</i>
                        <i>0.0911132 0.978601 -0.184493 0.970268 -0.045522 0.237713 0.224228 -0.200667 -0.953653 1.71365 5.5464 4.11014</i>
                        <i>0.11766 0.961644 -0.247785 0.96923 -0.0568775 0.239495 0.216215 -0.26834 -0.938746 1.72424 5.51587 4.1042</i>
                        <i>0.126146 0.952717 -0.276438 0.968978 -0.0586353 0.24009 0.212529 -0.298148 -0.930558 1.73163 5.50412 4.10133</i>
                        <i>0.136148 0.940657 -0.310851 0.968699 -0.060661 0.240712 0.207571 -0.333893 -0.919472 1.73686 5.5023 4.10522</i>
                        <i>0.148228 0.921716 -0.358425 0.968487 -0.0619406 0.241238 0.200152 -0.382888 -0.901851 1.73886 5.50991 4.12022</i>
                        <i>0.160981 0.895717 -0.414458 0.968401 -0.0623034 0.241491 0.190486 -0.440237 -0.877443 1.74109 5.52807 4.14441</i>
                        <i>0.172246 0.866663 -0.468216 0.968436 -0.062049 0.241414 0.180173 -0.49502 -0.849996 1.74318 5.55221 4.16989</i>
                        <i>0.180354 0.840994 -0.5101 0.968546 -0.061455 0.241125 0.171436 -0.537544 -0.825625 1.74477 5.57813 4.18878</i>
                        <i>0.184047 0.826771 -0.531579 0.968654 -0.0607644 0.240866 0.16684 -0.559247 -0.812039 1.74553 5.60191 4.19315</i>
                        <i>0.184808 0.822072 -0.538557 0.968752 -0.0601425 0.240627 0.165423 -0.566198 -0.807499 1.74555 5.6249 4.18256</i>
                        <i>0.184918 0.819699 -0.542124 0.968868 -0.0596533 0.240283 0.16462 -0.56968 -0.805211 1.74521 5.65014 4.16365</i>
                        <i>0.184406 0.819999 -0.541845 0.968974 -0.0593659 0.239929 0.164574 -0.569278 -0.805505 1.74461 5.67627 4.13916</i>
                        <i>0.183285 0.823302 -0.537196 0.969042 -0.0593585 0.239654 0.16542 -0.564491 -0.808694 1.7439 5.70191 4.11182</i>
                        <i>0.181545 0.82994 -0.527486 0.969049 -0.0597351 0.239532 0.167288 -0.554646 -0.815097 1.74318 5.72567 4.08436</i>
                        <i>0.179141 0.84021 -0.511816 0.968972 -0.0606314 0.239617 0.170296 -0.538861 -0.825002 1.74258 5.74621 4.05949</i>
                        <i>0.175986 0.854284 -0.489108 0.968795 -0.0622083 0.239929 0.174541 -0.51607 -0.838575 1.74222 5.7622 4.03995</i>
                        <i>0.120897 0.874073 -0.470511 0.988216 -0.0611478 0.140325 0.0938833 -0.481931 -0.871165 1.72913 5.73434 4.03133</i>
                        <i>-0.00155539 0.899871 -0.436153 0.993083 -0.0498148 -0.106319 -0.117401 -0.433302 -0.89357 1.68684 5.72277 4.03034</i>
                        <i>-0.129887 0.925411 -0.356012 0.915514 -0.0259425 -0.401448 -0.380741 -0.378077 -0.843857 1.61899 5.80432 4.03018</i>
                        <i>-0.21077 0.943283 -0.256503 0.76874 -0.00214344 -0.639558 -0.603834 -0.331984 -0.724687 1.52607 5.91476 4.03146</i>
                        <i>-0.235265 0.952104 -0.195316 0.648194 0.00396068 -0.761465 -0.72422 -0.305748 -0.61808 1.39701 5.9905 4.03495</i>
                        <i>-0.234648 0.9567 -0.172238 0.591995 0.000101284 -0.805942 -0.771027 -0.291077 -0.566385 1.2294 6.01446 4.04553</i>
                        <i>-0.228738 0.960731 -0.157081 0.559132 -0.00243266 -0.829075 -0.796901 -0.27747 -0.536619 1.03378 6.01895 4.06276</i>
                        <i>-0.221659 0.964227 -0.145374 0.547099 -0.000433987 -0.837068 -0.807187 -0.265077 -0.527431 0.817389 6.01462 4.08228</i>
                        <i>-0.215888 0.967116 -0.134456 0.550881 0.00694609 -0.834555 -0.806178 -0.25424 -0.534266 0.587269 6.01212 4.0992</i>
                        <i>-0.212285 0.969373 -0.123493 0.564047 0.0183522 -0.825539 -0.797989 -0.244905 -0.550668 0.350456 6.02233 4.10839</i>
                        <i>-0.211731 0.971392 -0.107555 0.554736 0.0288451 -0.831526 -0.804635 -0.235725 -0.544973 0.10597 6.0518 4.1068</i>
                        <i>-0.214467 0.972944 -0.0859357 0.504112 0.0349028 -0.862933 -0.836586 -0.228392 -0.497958 -0.14398 6.09294 4.09657</i>
                        <i>-0.217958 0.973692 -0.0664743 0.42679 0.0338388 -0.903717 -0.877693 -0.225343 -0.422938 -0.387305 6.1359 4.08022</i>
                        <i>-0.21884 0.974025 -0.058167 0.345214 0.021529 -0.938277 -0.912654 -0.225413 -0.340958 -0.611923 6.17113 4.0612</i>
                        <i>-0.214009 0.974177 -0.0719669 0.291669 -0.00658644 -0.956497 -0.932271 -0.225689 -0.282728 -0.805644 6.18902 4.04422</i>
                        <i>-0.187214 0.974366 -0.124747 0.287213 -0.0671474 -0.95551 -0.939393 -0.214714 -0.26728 -0.951815 6.18553 4.02776</i>
                        <i>-0.132017 0.968108 -0.212927 0.340234 -0.157501 -0.927057 -0.931027 -0.194832 -0.308591 -1.05262 6.16676 4.01052</i>
                        <i>-0.0630106 0.953752 -0.293915 0.454236 -0.234822 -0.859377 -0.88865 -0.187657 -0.418432 -1.12428 6.13883 3.99948</i>
                        <i>-0.00295679 0.946883 -0.321564 0.597875 -0.256089 -0.759581 -0.801584 -0.194501 -0.565361 -1.18347 6.10876 4.00007</i>
