<?xml version="1.0" encoding="ISO-8859-1" ?>
<Animl Version="1">
    <ModellingPackage><![CDATA[Maya.2010]]></ModellingPackage>
    <SrcFile><![CDATA[anims\turrets\antiair\red\~src\aa_gladiator\aa_gladiator_reload_crewman_b.mb]]></SrcFile>
    <FramesPerSecond>30</FramesPerSecond>
    <TotalFrames>190</TotalFrames>
    <Skeleton>
        <RefFrame>
            <Name><![CDATA[soldier_ref_frame]]></Name>
            <Exclude>0</Exclude>
            <Additive>0</Additive>
            <IKPriority>0</IKPriority>
            <IKRotLimits>-1e+010 -1e+010 -1e+010 1e+010 1e+010 1e+010</IKRotLimits>
            <IKRotLimitOrder>0</IKRotLimitOrder>
            <KeyFrames count="190">
                <i>1 0 0 0 1 0 0 0 1 -4.61 1.43 -2.73</i>
                <i>1 0 0 0 1 0 0 0 1 -4.61 1.43 -2.73</i>
                <i>1 0 0 0 1 0 0 0 1 -4.61 1.43 -2.73</i>
                <i>1 0 0 0 1 0 0 0 1 -4.61 1.43 -2.73</i>
                <i>1 0 0 0 1 0 0 0 1 -4.61 1.43 -2.73</i>
                <i>1 0 0 0 1 0 0 0 1 -4.61 1.43 -2.73</i>
                <i>1 0 0 0 1 0 0 0 1 -4.61 1.43 -2.73</i>
                <i>1 0 0 0 1 0 0 0 1 -4.61 1.43 -2.73</i>
                <i>1 0 0 0 1 0 0 0 1 -4.61 1.43 -2.73</i>
                <i>1 0 0 0 1 0 0 0 1 -4.61 1.43 -2.73</i>
                <i>1 0 0 0 1 0 0 0 1 -4.61 1.43 -2.73</i>
                <i>1 0 0 0 1 0 0 0 1 -4.61 1.43 -2.73</i>
                <i>1 0 0 0 1 0 0 0 1 -4.61 1.43 -2.73</i>
                <i>1 0 0 0 1 0 0 0 1 -4.61 1.43 -2.73</i>
                <i>1 0 0 0 1 0 0 0 1 -4.61 1.43 -2.73</i>
                <i>1 0 0 0 1 0 0 0 1 -4.61 1.43 -2.73</i>
                <i>1 0 0 0 1 0 0 0 1 -4.61 1.43 -2.73</i>
                <i>1 0 0 0 1 0 0 0 1 -4.61 1.43 -2.73</i>
                <i>1 0 0 0 1 0 0 0 1 -4.61 1.43 -2.73</i>
                <i>1 0 0 0 1 0 0 0 1 -4.61 1.43 -2.73</i>
                <i>1 0 0 0 1 0 0 0 1 -4.61 1.43 -2.73</i>
                <i>1 0 0 0 1 0 0 0 1 -4.61 1.43 -2.73</i>
                <i>1 0 0 0 1 0 0 0 1 -4.61 1.43 -2.73</i>
                <i>1 0 0 0 1 0 0 0 1 -4.61 1.43 -2.73</i>
                <i>1 0 0 0 1 0 0 0 1 -4.61 1.43 -2.73</i>
                <i>1 0 0 0 1 0 0 0 1 -4.61 1.43 -2.73</i>
                <i>1 0 0 0 1 0 0 0 1 -4.61 1.43 -2.73</i>
                <i>1 0 0 0 1 0 0 0 1 -4.61 1.43 -2.73</i>
                <i>1 0 0 0 1 0 0 0 1 -4.61 1.43 -2.73</i>
                <i>1 0 0 0 1 0 0 0 1 -4.61 1.43 -2.73</i>
                <i>1 0 0 0 1 0 0 0 1 -4.61 1.43 -2.73</i>
                <i>1 0 0 0 1 0 0 0 1 -4.61 1.43 -2.73</i>
                <i>1 0 0 0 1 0 0 0 1 -4.61 1.43 -2.73</i>
                <i>1 0 0 0 1 0 0 0 1 -4.61 1.43 -2.73</i>
                <i>1 0 0 0 1 0 0 0 1 -4.61 1.43 -2.73</i>
                <i>1 0 0 0 1 0 0 0 1 -4.61 1.43 -2.73</i>
                <i>1 0 0 0 1 0 0 0 1 -4.61 1.43 -2.73</i>
                <i>1 0 0 0 1 0 0 0 1 -4.61 1.43 -2.73</i>
                <i>1 0 0 0 1 0 0 0 1 -4.61 1.43 -2.73</i>
                <i>1 0 0 0 1 0 0 0 1 -4.61 1.43 -2.73</i>
                <i>1 0 0 0 1 0 0 0 1 -4.61 1.43 -2.73</i>
                <i>1 0 0 0 1 0 0 0 1 -4.61 1.43 -2.73</i>
                <i>1 0 0 0 1 0 0 0 1 -4.61 1.43 -2.73</i>
                <i>1 0 0 0 1 0 0 0 1 -4.61 1.43 -2.73</i>
                <i>1 0 0 0 1 0 0 0 1 -4.61 1.43 -2.73</i>
                <i>1 0 0 0 1 0 0 0 1 -4.61 1.43 -2.73</i>
                <i>1 0 0 0 1 0 0 0 1 -4.61 1.43 -2.73</i>
                <i>1 0 0 0 1 0 0 0 1 -4.61 1.43 -2.73</i>
                <i>1 0 0 0 1 0 0 0 1 -4.61 1.43 -2.73</i>
                <i>1 0 0 0 1 0 0 0 1 -4.61 1.43 -2.73</i>
                <i>1 0 0 0 1 0 0 0 1 -4.61 1.43 -2.73</i>
                <i>1 0 0 0 1 0 0 0 1 -4.61 1.43 -2.73</i>
                <i>1 0 0 0 1 0 0 0 1 -4.61 1.43 -2.73</i>
                <i>1 0 0 0 1 0 0 0 1 -4.61 1.43 -2.73</i>
                <i>1 0 0 0 1 0 0 0 1 -4.61 1.43 -2.73</i>
                <i>1 0 0 0 1 0 0 0 1 -4.61 1.43 -2.73</i>
                <i>1 0 0 0 1 0 0 0 1 -4.61 1.43 -2.73</i>
                <i>1 0 0 0 1 0 0 0 1 -4.61 1.43 -2.73</i>
                <i>1 0 0 0 1 0 0 0 1 -4.61 1.43 -2.73</i>
                <i>1 0 0 0 1 0 0 0 1 -4.61 1.43 -2.73</i>
                <i>1 0 0 0 1 0 0 0 1 -4.61 1.43 -2.73</i>
                <i>1 0 0 0 1 0 0 0 1 -4.61 1.43 -2.73</i>
                <i>1 0 0 0 1 0 0 0 1 -4.61 1.43 -2.73</i>
                <i>1 0 0 0 1 0 0 0 1 -4.61 1.43 -2.73</i>
                <i>1 0 0 0 1 0 0 0 1 -4.61 1.43 -2.73</i>
                <i>1 0 0 0 1 0 0 0 1 -4.61 1.43 -2.73</i>
                <i>1 0 0 0 1 0 0 0 1 -4.61 1.43 -2.73</i>
                <i>1 0 0 0 1 0 0 0 1 -4.61 1.43 -2.73</i>
                <i>1 0 0 0 1 0 0 0 1 -4.61 1.43 -2.73</i>
                <i>1 0 0 0 1 0 0 0 1 -4.61 1.43 -2.73</i>
                <i>1 0 0 0 1 0 0 0 1 -4.61 1.43 -2.73</i>
                <i>1 0 0 0 1 0 0 0 1 -4.61 1.43 -2.73</i>
                <i>1 0 0 0 1 0 0 0 1 -4.61 1.43 -2.73</i>
                <i>1 0 0 0 1 0 0 0 1 -4.61 1.43 -2.73</i>
                <i>1 0 0 0 1 0 0 0 1 -4.61 1.43 -2.73</i>
                <i>1 0 0 0 1 0 0 0 1 -4.61 1.43 -2.73</i>
                <i>1 0 0 0 1 0 0 0 1 -4.61 1.43 -2.73</i>
                <i>1 0 0 0 1 0 0 0 1 -4.61 1.43 -2.73</i>
                <i>1 0 0 0 1 0 0 0 1 -4.61 1.43 -2.73</i>
                <i>1 0 0 0 1 0 0 0 1 -4.61 1.43 -2.73</i>
                <i>1 0 0 0 1 0 0 0 1 -4.61 1.43 -2.73</i>
                <i>1 0 0 0 1 0 0 0 1 -4.61 1.43 -2.73</i>
                <i>1 0 0 0 1 0 0 0 1 -4.61 1.43 -2.73</i>
                <i>1 0 0 0 1 0 0 0 1 -4.61 1.43 -2.73</i>
                <i>1 0 0 0 1 0 0 0 1 -4.61 1.43 -2.73</i>
                <i>1 0 0 0 1 0 0 0 1 -4.61 1.43 -2.73</i>
                <i>1 0 0 0 1 0 0 0 1 -4.61 1.43 -2.73</i>
                <i>1 0 0 0 1 0 0 0 1 -4.61 1.43 -2.73</i>
                <i>1 0 0 0 1 0 0 0 1 -4.61 1.43 -2.73</i>
                <i>1 0 0 0 1 0 0 0 1 -4.61 1.43 -2.73</i>
                <i>1 0 0 0 1 0 0 0 1 -4.61 1.43 -2.73</i>
                <i>1 0 0 0 1 0 0 0 1 -4.61 1.43 -2.73</i>
                <i>1 0 0 0 1 0 0 0 1 -4.61 1.43 -2.73</i>
                <i>1 0 0 0 1 0 0 0 1 -4.61 1.43 -2.73</i>
                <i>1 0 0 0 1 0 0 0 1 -4.61 1.43 -2.73</i>
                <i>1 0 0 0 1 0 0 0 1 -4.61 1.43 -2.73</i>
                <i>1 0 0 0 1 0 0 0 1 -4.61 1.43 -2.73</i>
                <i>1 0 0 0 1 0 0 0 1 -4.61 1.43 -2.73</i>
                <i>1 0 0 0 1 0 0 0 1 -4.61 1.43 -2.73</i>
                <i>1 0 0 0 1 0 0 0 1 -4.61 1.43 -2.73</i>
                <i>1 0 0 0 1 0 0 0 1 -4.61 1.43 -2.73</i>
                <i>1 0 0 0 1 0 0 0 1 -4.61 1.43 -2.73</i>
                <i>1 0 0 0 1 0 0 0 1 -4.61 1.43 -2.73</i>
                <i>1 0 0 0 1 0 0 0 1 -4.61 1.43 -2.73</i>
                <i>1 0 0 0 1 0 0 0 1 -4.61 1.43 -2.73</i>
                <i>1 0 0 0 1 0 0 0 1 -4.61 1.43 -2.73</i>
                <i>1 0 0 0 1 0 0 0 1 -4.61 1.43 -2.73</i>
                <i>1 0 0 0 1 0 0 0 1 -4.61 1.43 -2.73</i>
                <i>1 0 0 0 1 0 0 0 1 -4.61 1.43 -2.73</i>
                <i>1 0 0 0 1 0 0 0 1 -4.61 1.43 -2.73</i>
                <i>1 0 0 0 1 0 0 0 1 -4.61 1.43 -2.73</i>
                <i>1 0 0 0 1 0 0 0 1 -4.61 1.43 -2.73</i>
                <i>1 0 0 0 1 0 0 0 1 -4.61 1.43 -2.73</i>
                <i>1 0 0 0 1 0 0 0 1 -4.61 1.43 -2.73</i>
                <i>1 0 0 0 1 0 0 0 1 -4.61 1.43 -2.73</i>
                <i>1 0 0 0 1 0 0 0 1 -4.61 1.43 -2.73</i>
                <i>1 0 0 0 1 0 0 0 1 -4.61 1.43 -2.73</i>
                <i>1 0 0 0 1 0 0 0 1 -4.61 1.43 -2.73</i>
                <i>1 0 0 0 1 0 0 0 1 -4.61 1.43 -2.73</i>
                <i>1 0 0 0 1 0 0 0 1 -4.61 1.43 -2.73</i>
                <i>1 0 0 0 1 0 0 0 1 -4.61 1.43 -2.73</i>
                <i>1 0 0 0 1 0 0 0 1 -4.61 1.43 -2.73</i>
                <i>1 0 0 0 1 0 0 0 1 -4.61 1.43 -2.73</i>
                <i>1 0 0 0 1 0 0 0 1 -4.61 1.43 -2.73</i>
                <i>1 0 0 0 1 0 0 0 1 -4.61 1.43 -2.73</i>
                <i>1 0 0 0 1 0 0 0 1 -4.61 1.43 -2.73</i>
                <i>1 0 0 0 1 0 0 0 1 -4.61 1.43 -2.73</i>
                <i>1 0 0 0 1 0 0 0 1 -4.61 1.43 -2.73</i>
                <i>1 0 0 0 1 0 0 0 1 -4.61 1.43 -2.73</i>
                <i>1 0 0 0 1 0 0 0 1 -4.61 1.43 -2.73</i>
                <i>1 0 0 0 1 0 0 0 1 -4.61 1.43 -2.73</i>
                <i>1 0 0 0 1 0 0 0 1 -4.61 1.43 -2.73</i>
                <i>1 0 0 0 1 0 0 0 1 -4.61 1.43 -2.73</i>
                <i>1 0 0 0 1 0 0 0 1 -4.61 1.43 -2.73</i>
                <i>1 0 0 0 1 0 0 0 1 -4.61 1.43 -2.73</i>
                <i>1 0 0 0 1 0 0 0 1 -4.61 1.43 -2.73</i>
                <i>1 0 0 0 1 0 0 0 1 -4.61 1.43 -2.73</i>
                <i>1 0 0 0 1 0 0 0 1 -4.61 1.43 -2.73</i>
                <i>1 0 0 0 1 0 0 0 1 -4.61 1.43 -2.73</i>
                <i>1 0 0 0 1 0 0 0 1 -4.61 1.43 -2.73</i>
                <i>1 0 0 0 1 0 0 0 1 -4.61 1.43 -2.73</i>
                <i>1 0 0 0 1 0 0 0 1 -4.61 1.43 -2.73</i>
                <i>1 0 0 0 1 0 0 0 1 -4.61 1.43 -2.73</i>
                <i>1 0 0 0 1 0 0 0 1 -4.61 1.43 -2.73</i>
                <i>1 0 0 0 1 0 0 0 1 -4.61 1.43 -2.73</i>
                <i>1 0 0 0 1 0 0 0 1 -4.61 1.43 -2.73</i>
                <i>1 0 0 0 1 0 0 0 1 -4.61 1.43 -2.73</i>
                <i>1 0 0 0 1 0 0 0 1 -4.61 1.43 -2.73</i>
                <i>1 0 0 0 1 0 0 0 1 -4.61 1.43 -2.73</i>
                <i>1 0 0 0 1 0 0 0 1 -4.61 1.43 -2.73</i>
                <i>1 0 0 0 1 0 0 0 1 -4.61 1.43 -2.73</i>
                <i>1 0 0 0 1 0 0 0 1 -4.61 1.43 -2.73</i>
                <i>1 0 0 0 1 0 0 0 1 -4.61 1.43 -2.73</i>
                <i>1 0 0 0 1 0 0 0 1 -4.61 1.43 -2.73</i>
                <i>1 0 0 0 1 0 0 0 1 -4.61 1.43 -2.73</i>
                <i>1 0 0 0 1 0 0 0 1 -4.61 1.43 -2.73</i>
                <i>1 0 0 0 1 0 0 0 1 -4.61 1.43 -2.73</i>
                <i>1 0 0 0 1 0 0 0 1 -4.61 1.43 -2.73</i>
                <i>1 0 0 0 1 0 0 0 1 -4.61 1.43 -2.73</i>
                <i>1 0 0 0 1 0 0 0 1 -4.61 1.43 -2.73</i>
                <i>1 0 0 0 1 0 0 0 1 -4.61 1.43 -2.73</i>
                <i>1 0 0 0 1 0 0 0 1 -4.61 1.43 -2.73</i>
                <i>1 0 0 0 1 0 0 0 1 -4.61 1.43 -2.73</i>
                <i>1 0 0 0 1 0 0 0 1 -4.61 1.43 -2.73</i>
                <i>1 0 0 0 1 0 0 0 1 -4.61 1.43 -2.73</i>
                <i>1 0 0 0 1 0 0 0 1 -4.61 1.43 -2.73</i>
                <i>1 0 0 0 1 0 0 0 1 -4.61 1.43 -2.73</i>
                <i>1 0 0 0 1 0 0 0 1 -4.61 1.43 -2.73</i>
                <i>1 0 0 0 1 0 0 0 1 -4.61 1.43 -2.73</i>
                <i>1 0 0 0 1 0 0 0 1 -4.61 1.43 -2.73</i>
                <i>1 0 0 0 1 0 0 0 1 -4.61 1.43 -2.73</i>
                <i>1 0 0 0 1 0 0 0 1 -4.61 1.43 -2.73</i>
                <i>1 0 0 0 1 0 0 0 1 -4.61 1.43 -2.73</i>
                <i>1 0 0 0 1 0 0 0 1 -4.61 1.43 -2.73</i>
                <i>1 0 0 0 1 0 0 0 1 -4.61 1.43 -2.73</i>
                <i>1 0 0 0 1 0 0 0 1 -4.61 1.43 -2.73</i>
                <i>1 0 0 0 1 0 0 0 1 -4.61 1.43 -2.73</i>
                <i>1 0 0 0 1 0 0 0 1 -4.61 1.43 -2.73</i>
                <i>1 0 0 0 1 0 0 0 1 -4.61 1.43 -2.73</i>
                <i>1 0 0 0 1 0 0 0 1 -4.61 1.43 -2.73</i>
                <i>1 0 0 0 1 0 0 0 1 -4.61 1.43 -2.73</i>
                <i>1 0 0 0 1 0 0 0 1 -4.61 1.43 -2.73</i>
                <i>1 0 0 0 1 0 0 0 1 -4.61 1.43 -2.73</i>
                <i>1 0 0 0 1 0 0 0 1 -4.61 1.43 -2.73</i>
                <i>1 0 0 0 1 0 0 0 1 -4.61 1.43 -2.73</i>
                <i>1 0 0 0 1 0 0 0 1 -4.61 1.43 -2.73</i>
                <i>1 0 0 0 1 0 0 0 1 -4.61 1.43 -2.73</i>
                <i>1 0 0 0 1 0 0 0 1 -4.61 1.43 -2.73</i>
                <i>1 0 0 0 1 0 0 0 1 -4.61 1.43 -2.73</i>
                <i>1 0 0 0 1 0 0 0 1 -4.61 1.43 -2.73</i>
            </KeyFrames>
        </RefFrame>
        <Bones count="23">
            <i>
                <p>
                    <Name><![CDATA[pelvis]]></Name>
                    <Exclude>0</Exclude>
                    <Additive>0</Additive>
                    <IKPriority>0</IKPriority>
                    <IKRotLimits>-1e+010 -1e+010 -1e+010 1e+010 1e+010 1e+010</IKRotLimits>
                    <IKRotLimitOrder>2</IKRotLimitOrder>
                    <KeyFrames count="190">
                        <i>1 0 0 0 1 0 0 0 1 -4.59666 1.96287 -2.82266</i>
                        <i>1 0 0 0 1 0 0 0 1 -4.59666 1.96349 -2.82266</i>
                        <i>1 0 0 0 1 0 0 0 1 -4.59666 1.96107 -2.82266</i>
                        <i>1 0 0 0 1 0 0 0 1 -4.59666 1.95712 -2.82266</i>
                        <i>1 0 0 0 1 0 0 0 1 -4.59666 1.95316 -2.82266</i>
                        <i>1 0 0 0 1 0 0 0 1 -4.59666 1.95074 -2.82266</i>
                        <i>1 0 0 0 1 0 0 0 1 -4.59666 1.95136 -2.82266</i>
                        <i>1 0 0 0 1 0 0 0 1 -4.59666 1.95657 -2.82266</i>
                        <i>1 0 0 0 1 0 0 0 1 -4.59666 1.96787 -2.82266</i>
                        <i>1 0 0 0 1 0 0 0 1 -4.59666 1.98681 -2.82266</i>
                        <i>1 0 0 0 1 0 0 0 1 -4.5944 2.01869 -2.82371</i>
                        <i>1 0 0 0 1 0 0 0 1 -4.58971 2.06457 -2.82702</i>
                        <i>1 0 0 0 1 0 0 0 1 -4.58618 2.11964 -2.83296</i>
                        <i>1 0 0 0 1 0 0 0 1 -4.58758 2.17905 -2.84083</i>
                        <i>1 0 0 0 1 0 0 0 1 -4.59685 2.23797 -2.84776</i>
                        <i>1 0 0 0 1 0 0 0 1 -4.61468 2.29158 -2.84879</i>
                        <i>1 0 0 0 1 0 0 0 1 -4.63822 2.33504 -2.83798</i>
                        <i>1 0 0 0 1 0 0 0 1 -4.65947 2.37153 -2.81146</i>
                        <i>1 0 0 0 1 0 0 0 1 -4.66966 2.40681 -2.77382</i>
                        <i>1 0 0 0 1 0 0 0 1 -4.66557 2.43989 -2.73331</i>
                        <i>1 0 0 0 1 0 0 0 1 -4.64892 2.46982 -2.69739</i>
                        <i>1 0 0 0 1 0 0 0 1 -4.625 2.49561 -2.6706</i>
                        <i>1 0 0 0 1 0 0 0 1 -4.60055 2.51629 -2.65387</i>
                        <i>1 0 0 0 1 0 0 0 1 -4.58206 2.53089 -2.64545</i>
                        <i>1 0 0 0 1 0 0 0 1 -4.57491 2.53843 -2.64294</i>
                        <i>1 0 0 0 1 0 0 0 1 -4.57491 2.54196 -2.64294</i>
                        <i>1 0 0 0 1 0 0 0 1 -4.57491 2.54517 -2.64294</i>
                        <i>1 0 0 0 1 0 0 0 1 -4.57491 2.54806 -2.64294</i>
                        <i>1 0 0 0 1 0 0 0 1 -4.57491 2.55066 -2.64294</i>
                        <i>1 0 0 0 1 0 0 0 1 -4.57491 2.55297 -2.64294</i>
                        <i>1 0 0 0 1 0 0 0 1 -4.57491 2.555 -2.64294</i>
                        <i>1 0 0 0 1 0 0 0 1 -4.57491 2.55676 -2.64294</i>
                        <i>1 0 0 0 1 0 0 0 1 -4.57491 2.55827 -2.64294</i>
                        <i>1 0 0 0 1 0 0 0 1 -4.57491 2.55953 -2.64294</i>
                        <i>1 0 0 0 1 0 0 0 1 -4.57491 2.56056 -2.64294</i>
                        <i>1 0 0 0 1 0 0 0 1 -4.57491 2.56137 -2.64294</i>
                        <i>1 0 0 0 1 0 0 0 1 -4.57491 2.56196 -2.64294</i>
                        <i>1 0 0 0 1 0 0 0 1 -4.57491 2.56236 -2.64294</i>
                        <i>1 0 0 0 1 0 0 0 1 -4.57491 2.56256 -2.64294</i>
                        <i>1 0 0 0 1 0 0 0 1 -4.57491 2.56258 -2.64294</i>
                        <i>1 0 0 0 1 0 0 0 1 -4.57491 2.56244 -2.64294</i>
                        <i>1 0 0 0 1 0 0 0 1 -4.57491 2.56214 -2.64294</i>
                        <i>1 0 0 0 1 0 0 0 1 -4.57491 2.56169 -2.64294</i>
                        <i>1 0 0 0 1 0 0 0 1 -4.57491 2.56111 -2.64294</i>
                        <i>1 0 0 0 1 0 0 0 1 -4.57491 2.56041 -2.64294</i>
                        <i>1 0 0 0 1 0 0 0 1 -4.57491 2.55959 -2.64294</i>
                        <i>1 0 0 0 1 0 0 0 1 -4.57491 2.55867 -2.64294</i>
                        <i>1 0 0 0 1 0 0 0 1 -4.57491 2.55766 -2.64294</i>
                        <i>1 0 0 0 1 0 0 0 1 -4.57491 2.55656 -2.64294</i>
                        <i>1 0 0 0 1 0 0 0 1 -4.57491 2.5554 -2.64294</i>
                        <i>1 0 0 0 1 0 0 0 1 -4.57491 2.55418 -2.64294</i>
                        <i>1 0 0 0 1 0 0 0 1 -4.57491 2.55291 -2.64294</i>
                        <i>1 0 0 0 1 0 0 0 1 -4.57491 2.55161 -2.64294</i>
                        <i>1 0 0 0 1 0 0 0 1 -4.57491 2.55028 -2.64294</i>
                        <i>1 0 0 0 1 0 0 0 1 -4.57491 2.54894 -2.64294</i>
                        <i>1 0 0 0 1 0 0 0 1 -4.57491 2.54759 -2.64294</i>
                        <i>1 0 0 0 1 0 0 0 1 -4.57491 2.54625 -2.64294</i>
                        <i>1 0 0 0 1 0 0 0 1 -4.57491 2.54493 -2.64294</i>
                        <i>1 0 0 0 1 0 0 0 1 -4.57491 2.54364 -2.64294</i>
                        <i>1 0 0 0 1 0 0 0 1 -4.57491 2.54239 -2.64294</i>
                        <i>1 0 0 0 1 0 0 0 1 -4.57491 2.54119 -2.64294</i>
                        <i>1 0 0 0 1 0 0 0 1 -4.57491 2.54005 -2.64294</i>
                        <i>1 0 0 0 1 0 0 0 1 -4.57491 2.53898 -2.64294</i>
                        <i>1 0 0 0 1 0 0 0 1 -4.57491 2.538 -2.64294</i>
                        <i>1 0 0 0 1 0 0 0 1 -4.57491 2.53712 -2.64294</i>
                        <i>1 0 0 0 1 0 0 0 1 -4.57491 2.53634 -2.64294</i>
                        <i>1 0 0 0 1 0 0 0 1 -4.57491 2.53568 -2.64294</i>
                        <i>1 0 0 0 1 0 0 0 1 -4.57491 2.53514 -2.64294</i>
                        <i>1 0 0 0 1 0 0 0 1 -4.57491 2.53475 -2.64294</i>
                        <i>1 0 0 0 1 0 0 0 1 -4.57491 2.5345 -2.64294</i>
                        <i>1 0 0 0 1 0 0 0 1 -4.57491 2.53442 -2.64294</i>
                        <i>1 0 0 0 1 0 0 0 1 -4.57491 2.53443 -2.64294</i>
                        <i>1 0 0 0 1 0 0 0 1 -4.57491 2.53449 -2.64294</i>
                        <i>1 0 0 0 1 0 0 0 1 -4.57491 2.53457 -2.64294</i>
                        <i>1 0 0 0 1 0 0 0 1 -4.57491 2.53469 -2.64294</i>
                        <i>1 0 0 0 1 0 0 0 1 -4.57491 2.53483 -2.64294</i>
                        <i>1 0 0 0 1 0 0 0 1 -4.57491 2.53499 -2.64294</i>
                        <i>1 0 0 0 1 0 0 0 1 -4.57491 2.53517 -2.64294</i>
                        <i>1 0 0 0 1 0 0 0 1 -4.57491 2.53537 -2.64294</i>
                        <i>1 0 0 0 1 0 0 0 1 -4.57491 2.53559 -2.64294</i>
                        <i>1 0 0 0 1 0 0 0 1 -4.57491 2.53581 -2.64294</i>
                        <i>1 0 0 0 1 0 0 0 1 -4.57491 2.53605 -2.64294</i>
                        <i>1 0 0 0 1 0 0 0 1 -4.57491 2.53629 -2.64294</i>
                        <i>1 0 0 0 1 0 0 0 1 -4.57491 2.53653 -2.64294</i>
                        <i>1 0 0 0 1 0 0 0 1 -4.57491 2.53677 -2.64294</i>
                        <i>1 0 0 0 1 0 0 0 1 -4.57491 2.53701 -2.64294</i>
                        <i>1 0 0 0 1 0 0 0 1 -4.57491 2.53725 -2.64294</i>
                        <i>1 0 0 0 1 0 0 0 1 -4.57491 2.53747 -2.64294</i>
                        <i>1 0 0 0 1 0 0 0 1 -4.57491 2.53769 -2.64294</i>
                        <i>1 0 0 0 1 0 0 0 1 -4.57491 2.53789 -2.64294</i>
                        <i>1 0 0 0 1 0 0 0 1 -4.57491 2.53807 -2.64294</i>
                        <i>1 0 0 0 1 0 0 0 1 -4.57491 2.53823 -2.64294</i>
                        <i>1 0 0 0 1 0 0 0 1 -4.57491 2.53837 -2.64294</i>
                        <i>1 0 0 0 1 0 0 0 1 -4.57491 2.53848 -2.64294</i>
                        <i>1 0 0 0 1 0 0 0 1 -4.57491 2.53856 -2.64294</i>
                        <i>1 0 0 0 1 0 0 0 1 -4.57491 2.53861 -2.64294</i>
                        <i>1 0 0 0 1 0 0 0 1 -4.57491 2.53863 -2.64294</i>
                        <i>1 0 0 0 1 0 0 0 1 -4.57491 2.5386 -2.64294</i>
                        <i>1 0 0 0 1 0 0 0 1 -4.57491 2.53854 -2.64294</i>
                        <i>1 0 0 0 1 0 0 0 1 -4.57491 2.53843 -2.64294</i>
                        <i>1 0 0 0 1 0 0 0 1 -4.57491 2.53831 -2.64294</i>
                        <i>1 0 0 0 1 0 0 0 1 -4.57491 2.53819 -2.64294</i>
                        <i>1 0 0 0 1 0 0 0 1 -4.57491 2.53808 -2.64294</i>
                        <i>1 0 0 0 1 0 0 0 1 -4.57491 2.53798 -2.64294</i>
                        <i>1 0 0 0 1 0 0 0 1 -4.57491 2.53789 -2.64294</i>
                        <i>1 0 0 0 1 0 0 0 1 -4.57491 2.5378 -2.64294</i>
                        <i>1 0 0 0 1 0 0 0 1 -4.57491 2.53773 -2.64294</i>
                        <i>1 0 0 0 1 0 0 0 1 -4.57491 2.53766 -2.64294</i>
                        <i>1 0 0 0 1 0 0 0 1 -4.57491 2.53759 -2.64294</i>
                        <i>1 0 0 0 1 0 0 0 1 -4.57491 2.53753 -2.64294</i>
                        <i>1 0 0 0 1 0 0 0 1 -4.57491 2.53748 -2.64294</i>
                        <i>1 0 0 0 1 0 0 0 1 -4.57491 2.53744 -2.64294</i>
                        <i>1 0 0 0 1 0 0 0 1 -4.57491 2.5374 -2.64294</i>
                        <i>1 0 0 0 1 0 0 0 1 -4.57491 2.53737 -2.64294</i>
                        <i>1 0 0 0 1 0 0 0 1 -4.57491 2.53734 -2.64294</i>
                        <i>1 0 0 0 1 0 0 0 1 -4.57491 2.53732 -2.64294</i>
                        <i>1 0 0 0 1 0 0 0 1 -4.57491 2.5373 -2.64294</i>
                        <i>1 0 0 0 1 0 0 0 1 -4.57491 2.53729 -2.64294</i>
                        <i>1 0 0 0 1 0 0 0 1 -4.57491 2.53728 -2.64294</i>
                        <i>1 0 0 0 1 0 0 0 1 -4.57491 2.53728 -2.64294</i>
                        <i>1 0 0 0 1 0 0 0 1 -4.57491 2.53728 -2.64294</i>
                        <i>1 0 0 0 1 0 0 0 1 -4.57491 2.53729 -2.64294</i>
                        <i>1 0 0 0 1 0 0 0 1 -4.57491 2.5373 -2.64294</i>
                        <i>1 0 0 0 1 0 0 0 1 -4.57491 2.53731 -2.64294</i>
                        <i>1 0 0 0 1 0 0 0 1 -4.57491 2.53733 -2.64294</i>
                        <i>1 0 0 0 1 0 0 0 1 -4.57491 2.53735 -2.64294</i>
                        <i>1 0 0 0 1 0 0 0 1 -4.57491 2.53738 -2.64294</i>
                        <i>1 0 0 0 1 0 0 0 1 -4.57491 2.5374 -2.64294</i>
                        <i>1 0 0 0 1 0 0 0 1 -4.57491 2.53743 -2.64294</i>
                        <i>1 0 0 0 1 0 0 0 1 -4.57491 2.53746 -2.64294</i>
                        <i>1 0 0 0 1 0 0 0 1 -4.57491 2.5375 -2.64294</i>
                        <i>1 0 0 0 1 0 0 0 1 -4.57491 2.53753 -2.64294</i>
                        <i>1 0 0 0 1 0 0 0 1 -4.57491 2.53757 -2.64294</i>
                        <i>1 0 0 0 1 0 0 0 1 -4.57491 2.53761 -2.64294</i>
                        <i>1 0 0 0 1 0 0 0 1 -4.57491 2.53765 -2.64294</i>
                        <i>1 0 0 0 1 0 0 0 1 -4.57491 2.53769 -2.64294</i>
                        <i>1 0 0 0 1 0 0 0 1 -4.57491 2.53773 -2.64294</i>
                        <i>1 0 0 0 1 0 0 0 1 -4.57491 2.53777 -2.64294</i>
                        <i>1 0 0 0 1 0 0 0 1 -4.57491 2.53782 -2.64294</i>
                        <i>1 0 0 0 1 0 0 0 1 -4.57491 2.53786 -2.64294</i>
                        <i>1 0 0 0 1 0 0 0 1 -4.57491 2.5379 -2.64294</i>
                        <i>1 0 0 0 1 0 0 0 1 -4.57491 2.53794 -2.64294</i>
                        <i>1 0 0 0 1 0 0 0 1 -4.57491 2.53799 -2.64294</i>
                        <i>1 0 0 0 1 0 0 0 1 -4.57491 2.53803 -2.64294</i>
                        <i>1 0 0 0 1 0 0 0 1 -4.57491 2.53807 -2.64294</i>
                        <i>1 0 0 0 1 0 0 0 1 -4.57491 2.53811 -2.64294</i>
                        <i>1 0 0 0 1 0 0 0 1 -4.57491 2.53815 -2.64294</i>
                        <i>1 0 0 0 1 0 0 0 1 -4.57491 2.53819 -2.64294</i>
                        <i>1 0 0 0 1 0 0 0 1 -4.57491 2.53822 -2.64294</i>
                        <i>1 0 0 0 1 0 0 0 1 -4.57491 2.53825 -2.64294</i>
                        <i>1 0 0 0 1 0 0 0 1 -4.57491 2.53829 -2.64294</i>
                        <i>1 0 0 0 1 0 0 0 1 -4.57491 2.53831 -2.64294</i>
                        <i>1 0 0 0 1 0 0 0 1 -4.57491 2.53834 -2.64294</i>
                        <i>1 0 0 0 1 0 0 0 1 -4.57491 2.53836 -2.64294</i>
                        <i>1 0 0 0 1 0 0 0 1 -4.57491 2.53839 -2.64294</i>
                        <i>1 0 0 0 1 0 0 0 1 -4.57491 2.5384 -2.64294</i>
                        <i>1 0 0 0 1 0 0 0 1 -4.57491 2.53842 -2.64294</i>
                        <i>1 0 0 0 1 0 0 0 1 -4.57491 2.53843 -2.64294</i>
                        <i>1 0 0 0 1 0 0 0 1 -4.57491 2.53843 -2.64294</i>
                        <i>1 0 0 0 1 0 0 0 1 -4.57491 2.53843 -2.64294</i>
                        <i>1 0 0 0 1 0 0 0 1 -4.57491 2.53843 -2.64294</i>
                        <i>1 0 0 0 1 0 0 0 1 -4.57491 2.53843 -2.64294</i>
                        <i>1 0 0 0 1 0 0 0 1 -4.57491 2.53843 -2.64294</i>
                        <i>1 0 0 0 1 0 0 0 1 -4.57491 2.53843 -2.64294</i>
                        <i>1 0 0 0 1 0 0 0 1 -4.57491 2.53843 -2.64294</i>
                        <i>1 0 0 0 1 0 0 0 1 -4.57491 2.53843 -2.64294</i>
                        <i>1 0 0 0 1 0 0 0 1 -4.57491 2.53843 -2.64294</i>
                        <i>1 0 0 0 1 0 0 0 1 -4.57491 2.53843 -2.64294</i>
                        <i>1 0 0 0 1 0 0 0 1 -4.57491 2.53843 -2.64294</i>
                        <i>1 0 0 0 1 0 0 0 1 -4.57491 2.53843 -2.64294</i>
                        <i>1 0 0 0 1 0 0 0 1 -4.58017 2.52232 -2.64239</i>
                        <i>1 0 0 0 1 0 0 0 1 -4.59486 2.47858 -2.64356</i>
                        <i>1 0 0 0 1 0 0 0 1 -4.61616 2.41411 -2.65239</i>
                        <i>1 0 0 0 1 0 0 0 1 -4.638 2.33583 -2.67354</i>
                        <i>1 0 0 0 1 0 0 0 1 -4.65224 2.25065 -2.70663</i>
                        <i>1 0 0 0 1 0 0 0 1 -4.65293 2.16547 -2.74524</i>
                        <i>1 0 0 0 1 0 0 0 1 -4.64033 2.08719 -2.78027</i>
                        <i>1 0 0 0 1 0 0 0 1 -4.62088 2.02273 -2.80517</i>
                        <i>1 0 0 0 1 0 0 0 1 -4.60368 1.97898 -2.81859</i>
                        <i>1 0 0 0 1 0 0 0 1 -4.59666 1.96287 -2.82266</i>
                        <i>1 0 0 0 1 0 0 0 1 -4.59666 1.96287 -2.82266</i>
                        <i>1 0 0 0 1 0 0 0 1 -4.59666 1.96287 -2.82266</i>
                        <i>1 0 0 0 1 0 0 0 1 -4.59666 1.96287 -2.82266</i>
                        <i>1 0 0 0 1 0 0 0 1 -4.59666 1.96287 -2.82266</i>
                        <i>1 0 0 0 1 0 0 0 1 -4.59666 1.96287 -2.82266</i>
                        <i>1 0 0 0 1 0 0 0 1 -4.59666 1.96287 -2.82266</i>
                        <i>1 0 0 0 1 0 0 0 1 -4.59666 1.96287 -2.82266</i>
                        <i>1 0 0 0 1 0 0 0 1 -4.59666 1.96287 -2.82266</i>
                        <i>1 0 0 0 1 0 0 0 1 -4.59666 1.96287 -2.82266</i>
                        <i>1 0 0 0 1 0 0 0 1 -4.59666 1.96287 -2.82266</i>
                    </KeyFrames>
                </p>
            </i>
            <i>
                <p>
                    <Name><![CDATA[spine0]]></Name>
                    <Exclude>0</Exclude>
                    <Additive>0</Additive>
                    <IKPriority>0</IKPriority>
                    <IKRotLimits>-1e+010 -1e+010 -1e+010 1e+010 1e+010 1e+010</IKRotLimits>
                    <IKRotLimitOrder>0</IKRotLimitOrder>
                    <KeyFrames count="190">
                        <i>-0.453444 0.890726 0.0315718 -0.0983648 -0.0148055 -0.99504 -0.88584 -0.4543 0.0943295 -4.58055 2.10583 -2.82249</i>
                        <i>-0.453444 0.890726 0.0315718 -0.0983648 -0.0148055 -0.99504 -0.88584 -0.4543 0.0943295 -4.58055 2.10645 -2.82249</i>
                        <i>-0.453444 0.890726 0.0315718 -0.0983648 -0.0148055 -0.99504 -0.88584 -0.4543 0.0943295 -4.58055 2.10402 -2.82249</i>
                        <i>-0.453444 0.890726 0.0315718 -0.0983648 -0.0148055 -0.99504 -0.88584 -0.4543 0.0943295 -4.58055 2.10007 -2.82249</i>
                        <i>-0.453444 0.890726 0.0315718 -0.0983648 -0.0148055 -0.99504 -0.88584 -0.4543 0.0943295 -4.58055 2.09612 -2.82249</i>
                        <i>-0.453444 0.890726 0.0315718 -0.0983648 -0.0148055 -0.99504 -0.88584 -0.4543 0.0943295 -4.58055 2.09369 -2.82249</i>
                        <i>-0.453444 0.890726 0.0315718 -0.0983648 -0.0148055 -0.99504 -0.88584 -0.4543 0.0943295 -4.58055 2.09432 -2.82249</i>
                        <i>-0.453444 0.890726 0.0315718 -0.0983648 -0.0148055 -0.99504 -0.88584 -0.4543 0.0943295 -4.58055 2.09952 -2.82249</i>
                        <i>-0.453444 0.890726 0.0315718 -0.0983648 -0.0148055 -0.99504 -0.88584 -0.4543 0.0943295 -4.58055 2.11083 -2.82249</i>
                        <i>-0.453444 0.890726 0.0315718 -0.0983648 -0.0148055 -0.99504 -0.88584 -0.4543 0.0943295 -4.58055 2.12977 -2.82249</i>
                        <i>-0.432183 0.900178 0.0538337 -0.153526 -0.014621 -0.988037 -0.888621 -0.435277 0.144519 -4.57627 2.1614 -2.82473</i>
                        <i>-0.370786 0.923004 0.102865 -0.299605 -0.0140419 -0.95396 -0.879064 -0.384534 0.281743 -4.56686 2.20651 -2.83224</i>
                        <i>-0.276088 0.950095 0.145242 -0.500277 -0.0130242 -0.865767 -0.82067 -0.311689 0.478906 -4.55872 2.2602 -2.84651</i>
                        <i>-0.168411 0.973733 0.153239 -0.708959 -0.011645 -0.705153 -0.684846 -0.227396 0.692298 -4.55898 2.31769 -2.86646</i>
                        <i>-0.0774582 0.989615 0.121088 -0.877946 -0.0101508 -0.478651 -0.472451 -0.143384 0.869615 -4.57297 2.37444 -2.88652</i>
                        <i>-0.0243881 0.997388 0.0679877 -0.975605 -0.008903 -0.219354 -0.218176 -0.0716787 0.973274 -4.60103 2.42616 -2.89775</i>
                        <i>-0.00765808 0.999682 0.0240166 -0.999621 -0.00828794 0.0262371 0.0264278 -0.0238066 0.999367 -4.63696 2.46869 -2.89118</i>
                        <i>-0.00634538 0.999964 0.00569079 -0.972917 -0.00748856 0.231032 0.231066 -0.00407068 0.972929 -4.66891 2.50546 -2.86313</i>
                        <i>-0.00270282 0.999964 0.00799843 -0.918156 -0.00565062 0.396178 0.396209 -0.00627301 0.918139 -4.68656 2.54182 -2.82053</i>
                        <i>0.0100213 0.999704 0.0221634 -0.852282 -0.00305296 0.523073 0.522986 -0.0241314 0.852 -4.6864 2.57642 -2.77361</i>
                        <i>0.0316932 0.998676 0.0405181 -0.787526 -1.13324e-005 0.616281 0.615466 -0.051441 0.786483 -4.67071 2.60792 -2.73129</i>
                        <i>0.0582873 0.996608 0.0580987 -0.731959 0.00308939 0.681341 0.67885 -0.0822395 0.729657 -4.64576 2.6351 -2.69901</i>
                        <i>0.0841871 0.99382 0.0723438 -0.690368 0.00581992 0.723435 0.718544 -0.110848 0.686592 -4.61938 2.65684 -2.67813</i>
                        <i>0.10358 0.991238 0.0819692 -0.665102 0.00775199 0.746713 0.739534 -0.131863 0.660077 -4.59911 2.67209 -2.6671</i>
                        <i>0.11112 0.99011 0.0856457 -0.656767 0.00848271 0.754046 0.745862 -0.140039 0.651214 -4.5912 2.67986 -2.66366</i>
                        <i>0.111118 0.99011 0.0856443 -0.656767 0.00848271 0.754046 0.745862 -0.140036 0.651214 -4.5912 2.68339 -2.66366</i>
                        <i>0.111113 0.990111 0.0856402 -0.656767 0.00848272 0.754046 0.745863 -0.14003 0.651215 -4.5912 2.68659 -2.66366</i>
                        <i>0.111106 0.990112 0.0856335 -0.656767 0.00848272 0.754046 0.745864 -0.14002 0.651215 -4.5912 2.68949 -2.66366</i>
                        <i>0.111095 0.990114 0.0856244 -0.656767 0.00848272 0.754046 0.745865 -0.140006 0.651217 -4.5912 2.69209 -2.66366</i>
                        <i>0.111082 0.990117 0.0856129 -0.656767 0.00848273 0.754046 0.745867 -0.139989 0.651218 -4.5912 2.69439 -2.66366</i>
                        <i>0.111066 0.99012 0.0855993 -0.656767 0.00848273 0.754046 0.74587 -0.139968 0.65122 -4.5912 2.69642 -2.66366</i>
                        <i>0.111048 0.990123 0.0855836 -0.656767 0.00848274 0.754046 0.745872 -0.139944 0.651222 -4.5912 2.69819 -2.66366</i>
                        <i>0.111028 0.990127 0.085566 -0.656767 0.00848274 0.754046 0.745875 -0.139917 0.651224 -4.5912 2.6997 -2.66366</i>
                        <i>0.111006 0.990131 0.0855466 -0.656767 0.00848275 0.754046 0.745879 -0.139888 0.651227 -4.5912 2.70096 -2.66366</i>
                        <i>0.110982 0.990135 0.0855256 -0.656767 0.00848276 0.754046 0.745882 -0.139856 0.65123 -4.5912 2.70199 -2.66366</i>
                        <i>0.110956 0.99014 0.0855031 -0.656767 0.00848277 0.754046 0.745886 -0.139822 0.651233 -4.5912 2.70279 -2.66366</i>
                        <i>0.110929 0.990145 0.0854793 -0.656767 0.00848278 0.754046 0.74589 -0.139785 0.651236 -4.5912 2.70339 -2.66366</i>
                        <i>0.1109 0.990151 0.0854541 -0.656767 0.00848279 0.754046 0.745894 -0.139747 0.651239 -4.5912 2.70378 -2.66366</i>
                        <i>0.11087 0.990156 0.0854279 -0.656767 0.0084828 0.754046 0.745899 -0.139707 0.651242 -4.5912 2.70399 -2.66366</i>
                        <i>0.110839 0.990162 0.0854007 -0.656767 0.00848281 0.754046 0.745903 -0.139666 0.651246 -4.5912 2.70401 -2.66366</i>
                        <i>0.110807 0.990168 0.0853727 -0.656767 0.00848282 0.754046 0.745908 -0.139624 0.65125 -4.5912 2.70387 -2.66366</i>
                        <i>0.110774 0.990174 0.085344 -0.656767 0.00848284 0.754046 0.745913 -0.13958 0.651253 -4.5912 2.70357 -2.66366</i>
                        <i>0.110741 0.990181 0.0853147 -0.656767 0.00848285 0.754046 0.745918 -0.139535 0.651257 -4.5912 2.70312 -2.66366</i>
                        <i>0.110707 0.990187 0.085285 -0.656767 0.00848286 0.754046 0.745923 -0.13949 0.651261 -4.5912 2.70254 -2.66366</i>
                        <i>0.110672 0.990194 0.085255 -0.656767 0.00848287 0.754046 0.745928 -0.139445 0.651265 -4.5912 2.70183 -2.66366</i>
                        <i>0.110638 0.9902 0.0852248 -0.656767 0.00848288 0.754046 0.745933 -0.139399 0.651269 -4.5912 2.70101 -2.66366</i>
                        <i>0.110603 0.990206 0.0851946 -0.656767 0.0084829 0.754046 0.745939 -0.139353 0.651273 -4.5912 2.70009 -2.66366</i>
                        <i>0.110569 0.990213 0.0851645 -0.656767 0.00848291 0.754046 0.745944 -0.139307 0.651277 -4.5912 2.69908 -2.66366</i>
                        <i>0.110534 0.990219 0.0851346 -0.656767 0.00848292 0.754046 0.745949 -0.139262 0.651281 -4.5912 2.69799 -2.66366</i>
                        <i>0.110501 0.990226 0.0851051 -0.656767 0.00848293 0.754046 0.745954 -0.139217 0.651285 -4.5912 2.69683 -2.66366</i>
                        <i>0.110468 0.990232 0.0850762 -0.656767 0.00848294 0.754046 0.745959 -0.139173 0.651289 -4.5912 2.69561 -2.66366</i>
                        <i>0.110435 0.990238 0.0850478 -0.656767 0.00848296 0.754046 0.745963 -0.13913 0.651292 -4.5912 2.69434 -2.66366</i>
                        <i>0.110404 0.990244 0.0850203 -0.656767 0.00848297 0.754046 0.745968 -0.139088 0.651296 -4.5912 2.69304 -2.66366</i>
                        <i>0.110373 0.990249 0.0849936 -0.656767 0.00848298 0.754046 0.745973 -0.139047 0.651299 -4.5912 2.69171 -2.66366</i>
                        <i>0.110344 0.990255 0.0849681 -0.656767 0.00848299 0.754046 0.745977 -0.139008 0.651303 -4.5912 2.69036 -2.66366</i>
                        <i>0.110316 0.99026 0.0849436 -0.656767 0.008483 0.754046 0.745981 -0.138971 0.651306 -4.5912 2.68902 -2.66366</i>
                        <i>0.110289 0.990265 0.0849205 -0.656767 0.00848301 0.754046 0.745985 -0.138936 0.651309 -4.5912 2.68768 -2.66366</i>
                        <i>0.110265 0.99027 0.0848989 -0.656767 0.00848302 0.754046 0.745989 -0.138903 0.651312 -4.5912 2.68635 -2.66366</i>
                        <i>0.110242 0.990274 0.0848789 -0.656767 0.00848303 0.754046 0.745992 -0.138873 0.651314 -4.5912 2.68506 -2.66366</i>
                        <i>0.110221 0.990278 0.0848605 -0.656767 0.00848304 0.754046 0.745995 -0.138845 0.651317 -4.5912 2.68381 -2.66366</i>
                        <i>0.110202 0.990281 0.084844 -0.656767 0.00848305 0.754046 0.745998 -0.13882 0.651319 -4.5912 2.68261 -2.66366</i>
                        <i>0.110185 0.990284 0.0848295 -0.656767 0.00848306 0.754046 0.746 -0.138798 0.651321 -4.5912 2.68147 -2.66366</i>
                        <i>0.110171 0.990287 0.0848172 -0.656767 0.00848306 0.754046 0.746002 -0.138779 0.651322 -4.5912 2.68041 -2.66366</i>
                        <i>0.11016 0.990289 0.0848071 -0.656767 0.00848307 0.754046 0.746004 -0.138764 0.651324 -4.5912 2.67943 -2.66366</i>
                        <i>0.110151 0.990291 0.0847995 -0.656767 0.00848307 0.754046 0.746005 -0.138752 0.651325 -4.5912 2.67854 -2.66366</i>
                        <i>0.110145 0.990292 0.0847944 -0.656767 0.00848307 0.754046 0.746006 -0.138745 0.651325 -4.5912 2.67776 -2.66366</i>
                        <i>0.110142 0.990292 0.0847922 -0.656767 0.00848308 0.754046 0.746007 -0.138741 0.651326 -4.5912 2.6771 -2.66366</i>
                        <i>0.110144 0.990292 0.0847937 -0.656767 0.00848308 0.754046 0.746006 -0.138743 0.651325 -4.5912 2.67657 -2.66366</i>
                        <i>0.110151 0.990291 0.0847997 -0.656767 0.00848308 0.754046 0.746005 -0.138753 0.651325 -4.5912 2.67617 -2.66366</i>
                        <i>0.110163 0.990289 0.0848099 -0.656767 0.00848307 0.754046 0.746004 -0.138768 0.651323 -4.5912 2.67593 -2.66366</i>
                        <i>0.110179 0.990286 0.0848241 -0.656767 0.00848307 0.754046 0.746001 -0.13879 0.651321 -4.5912 2.67584 -2.66366</i>
                        <i>0.110199 0.990282 0.084842 -0.656767 0.00848306 0.754046 0.745998 -0.138817 0.651319 -4.5912 2.67586 -2.66366</i>
                        <i>0.110224 0.990277 0.0848632 -0.656767 0.00848305 0.754046 0.745995 -0.138849 0.651316 -4.5912 2.67591 -2.66366</i>
                        <i>0.110252 0.990272 0.0848874 -0.656767 0.00848304 0.754046 0.745991 -0.138886 0.651313 -4.5912 2.676 -2.66366</i>
                        <i>0.110282 0.990266 0.0849145 -0.656767 0.00848303 0.754046 0.745986 -0.138927 0.65131 -4.5912 2.67611 -2.66366</i>
                        <i>0.110316 0.99026 0.084944 -0.656767 0.00848302 0.754046 0.745981 -0.138972 0.651306 -4.5912 2.67625 -2.66366</i>
                        <i>0.110353 0.990253 0.0849757 -0.656767 0.008483 0.754046 0.745976 -0.13902 0.651302 -4.5912 2.67641 -2.66366</i>
                        <i>0.110391 0.990246 0.0850093 -0.656767 0.00848299 0.754046 0.74597 -0.139071 0.651297 -4.5912 2.6766 -2.66366</i>
                        <i>0.110431 0.990238 0.0850446 -0.656767 0.00848297 0.754046 0.745964 -0.139125 0.651293 -4.5912 2.6768 -2.66366</i>
                        <i>0.110473 0.990231 0.0850812 -0.656767 0.00848296 0.754046 0.745958 -0.13918 0.651288 -4.5912 2.67701 -2.66366</i>
                        <i>0.110516 0.990223 0.0851188 -0.656767 0.00848294 0.754046 0.745951 -0.139238 0.651283 -4.5912 2.67724 -2.66366</i>
                        <i>0.11056 0.990214 0.0851571 -0.656767 0.00848292 0.754046 0.745945 -0.139296 0.651278 -4.5912 2.67747 -2.66366</i>
                        <i>0.110605 0.990206 0.085196 -0.656767 0.00848291 0.754046 0.745938 -0.139355 0.651273 -4.5912 2.67771 -2.66366</i>
                        <i>0.110649 0.990198 0.085235 -0.656767 0.00848289 0.754046 0.745932 -0.139414 0.651268 -4.5912 2.67796 -2.66366</i>
                        <i>0.110694 0.990189 0.0852739 -0.656767 0.00848287 0.754046 0.745925 -0.139473 0.651263 -4.5912 2.6782 -2.66366</i>
                        <i>0.110738 0.990181 0.0853123 -0.656767 0.00848286 0.754046 0.745919 -0.139532 0.651258 -4.5912 2.67844 -2.66366</i>
                        <i>0.110781 0.990173 0.0853501 -0.656767 0.00848284 0.754046 0.745912 -0.139589 0.651253 -4.5912 2.67868 -2.66366</i>
                        <i>0.110823 0.990165 0.0853869 -0.656767 0.00848282 0.754046 0.745906 -0.139645 0.651248 -4.5912 2.6789 -2.66366</i>
                        <i>0.110864 0.990158 0.0854224 -0.656767 0.00848281 0.754046 0.7459 -0.139699 0.651243 -4.5912 2.67911 -2.66366</i>
                        <i>0.110903 0.99015 0.0854563 -0.656767 0.00848279 0.754046 0.745894 -0.139751 0.651239 -4.5912 2.67931 -2.66366</i>
                        <i>0.110939 0.990144 0.0854884 -0.656767 0.00848278 0.754046 0.745889 -0.139799 0.651235 -4.5912 2.67949 -2.66366</i>
                        <i>0.110974 0.990137 0.0855183 -0.656767 0.00848277 0.754046 0.745883 -0.139845 0.651231 -4.5912 2.67966 -2.66366</i>
