<?xml version="1.0" encoding="ISO-8859-1" ?>
<Animl Version="1">
    <ModellingPackage><![CDATA[Maya.2010]]></ModellingPackage>
    <SrcFile><![CDATA[anims\turrets\antitank\red\~src\at_rpg7\at_rpg7_aim_low_crewman_b.mb]]></SrcFile>
    <FramesPerSecond>30</FramesPerSecond>
    <TotalFrames>30</TotalFrames>
    <Skeleton>
        <RefFrame>
            <Name><![CDATA[soldier_ref_frame]]></Name>
            <Exclude>0</Exclude>
            <Additive>0</Additive>
            <IKPriority>0</IKPriority>
            <IKRotLimits>-1e+010 -1e+010 -1e+010 1e+010 1e+010 1e+010</IKRotLimits>
            <IKRotLimitOrder>0</IKRotLimitOrder>
            <KeyFrames count="30">
                <i>1 0 0 0 1 0 0 0 1 0.45 0.92 -2.55</i>
                <i>1 0 0 0 1 0 0 0 1 0.45 0.92 -2.55</i>
                <i>1 0 0 0 1 0 0 0 1 0.45 0.92 -2.55</i>
                <i>1 0 0 0 1 0 0 0 1 0.45 0.92 -2.55</i>
                <i>1 0 0 0 1 0 0 0 1 0.45 0.92 -2.55</i>
                <i>1 0 0 0 1 0 0 0 1 0.45 0.92 -2.55</i>
                <i>1 0 0 0 1 0 0 0 1 0.45 0.92 -2.55</i>
                <i>1 0 0 0 1 0 0 0 1 0.45 0.92 -2.55</i>
                <i>1 0 0 0 1 0 0 0 1 0.45 0.92 -2.55</i>
                <i>1 0 0 0 1 0 0 0 1 0.45 0.92 -2.55</i>
                <i>1 0 0 0 1 0 0 0 1 0.45 0.92 -2.55</i>
                <i>1 0 0 0 1 0 0 0 1 0.45 0.92 -2.55</i>
                <i>1 0 0 0 1 0 0 0 1 0.45 0.92 -2.55</i>
                <i>1 0 0 0 1 0 0 0 1 0.45 0.92 -2.55</i>
                <i>1 0 0 0 1 0 0 0 1 0.45 0.92 -2.55</i>
                <i>1 0 0 0 1 0 0 0 1 0.45 0.92 -2.55</i>
                <i>1 0 0 0 1 0 0 0 1 0.45 0.92 -2.55</i>
                <i>1 0 0 0 1 0 0 0 1 0.45 0.92 -2.55</i>
                <i>1 0 0 0 1 0 0 0 1 0.45 0.92 -2.55</i>
                <i>1 0 0 0 1 0 0 0 1 0.45 0.92 -2.55</i>
                <i>1 0 0 0 1 0 0 0 1 0.45 0.92 -2.55</i>
                <i>1 0 0 0 1 0 0 0 1 0.45 0.92 -2.55</i>
                <i>1 0 0 0 1 0 0 0 1 0.45 0.92 -2.55</i>
                <i>1 0 0 0 1 0 0 0 1 0.45 0.92 -2.55</i>
                <i>1 0 0 0 1 0 0 0 1 0.45 0.92 -2.55</i>
                <i>1 0 0 0 1 0 0 0 1 0.45 0.92 -2.55</i>
                <i>1 0 0 0 1 0 0 0 1 0.45 0.92 -2.55</i>
                <i>1 0 0 0 1 0 0 0 1 0.45 0.92 -2.55</i>
                <i>1 0 0 0 1 0 0 0 1 0.45 0.92 -2.55</i>
                <i>1 0 0 0 1 0 0 0 1 0.45 0.92 -2.55</i>
            </KeyFrames>
        </RefFrame>
        <Bones count="23">
            <i>
                <p>
                    <Name><![CDATA[pelvis]]></Name>
                    <Exclude>0</Exclude>
                    <Additive>0</Additive>
                    <IKPriority>0</IKPriority>
                    <IKRotLimits>-1e+010 -1e+010 -1e+010 1e+010 1e+010 1e+010</IKRotLimits>
                    <IKRotLimitOrder>2</IKRotLimitOrder>
                    <KeyFrames count="30">
                        <i>1 0 0 0 1 0 0 0 1 0.422983 2.0025 -2.5551</i>
                        <i>1 0 0 0 1 0 0 0 1 0.422983 2.00272 -2.5551</i>
                        <i>1 0 0 0 1 0 0 0 1 0.422985 2.00335 -2.55509</i>
                        <i>1 0 0 0 1 0 0 0 1 0.422987 2.0043 -2.55508</i>
                        <i>1 0 0 0 1 0 0 0 1 0.422989 2.00552 -2.55506</i>
                        <i>1 0 0 0 1 0 0 0 1 0.422992 2.00693 -2.55504</i>
                        <i>1 0 0 0 1 0 0 0 1 0.422995 2.00848 -2.55502</i>
                        <i>1 0 0 0 1 0 0 0 1 0.422998 2.01009 -2.55501</i>
                        <i>1 0 0 0 1 0 0 0 1 0.423001 2.01171 -2.55499</i>
                        <i>1 0 0 0 1 0 0 0 1 0.423005 2.01325 -2.55497</i>
                        <i>1 0 0 0 1 0 0 0 1 0.423007 2.01467 -2.55495</i>
                        <i>1 0 0 0 1 0 0 0 1 0.42301 2.01588 -2.55493</i>
                        <i>1 0 0 0 1 0 0 0 1 0.423012 2.01683 -2.55492</i>
                        <i>1 0 0 0 1 0 0 0 1 0.423013 2.01745 -2.55491</i>
                        <i>1 0 0 0 1 0 0 0 1 0.423013 2.01767 -2.55491</i>
                        <i>1 0 0 0 1 0 0 0 1 0.423013 2.01748 -2.55491</i>
                        <i>1 0 0 0 1 0 0 0 1 0.423012 2.01694 -2.55492</i>
                        <i>1 0 0 0 1 0 0 0 1 0.42301 2.0161 -2.55493</i>
                        <i>1 0 0 0 1 0 0 0 1 0.423008 2.01502 -2.55494</i>
                        <i>1 0 0 0 1 0 0 0 1 0.423006 2.01375 -2.55496</i>
                        <i>1 0 0 0 1 0 0 0 1 0.423003 2.01235 -2.55498</i>
                        <i>1 0 0 0 1 0 0 0 1 0.423 2.01087 -2.555</i>
                        <i>1 0 0 0 1 0 0 0 1 0.422997 2.00935 -2.55501</i>
                        <i>1 0 0 0 1 0 0 0 1 0.422994 2.00787 -2.55503</i>
                        <i>1 0 0 0 1 0 0 0 1 0.422991 2.00646 -2.55505</i>
                        <i>1 0 0 0 1 0 0 0 1 0.422988 2.00519 -2.55507</i>
                        <i>1 0 0 0 1 0 0 0 1 0.422986 2.0041 -2.55508</i>
                        <i>1 0 0 0 1 0 0 0 1 0.422984 2.00325 -2.55509</i>
                        <i>1 0 0 0 1 0 0 0 1 0.422983 2.0027 -2.5551</i>
                        <i>1 0 0 0 1 0 0 0 1 0.422983 2.0025 -2.5551</i>
                    </KeyFrames>
                </p>
            </i>
            <i>
                <p>
                    <Name><![CDATA[spine0]]></Name>
                    <Exclude>0</Exclude>
                    <Additive>0</Additive>
                    <IKPriority>0</IKPriority>
                    <IKRotLimits>-1e+010 -1e+010 -1e+010 1e+010 1e+010 1e+010</IKRotLimits>
                    <IKRotLimitOrder>0</IKRotLimitOrder>
                    <KeyFrames count="30">
                        <i>-0.0180024 0.999834 -0.00274726 -0.969794 -0.0167929 0.243345 0.243259 0.00704507 0.969936 0.41175 2.13907 -2.59888</i>
                        <i>-0.0143468 0.999883 0.00529973 -0.969827 -0.0152052 0.243319 0.243371 -0.00164898 0.969932 0.412041 2.13957 -2.59809</i>
                        <i>-0.0105488 0.999859 0.0130305 -0.969849 -0.0134034 0.243337 0.243477 -0.0100707 0.969854 0.412477 2.14045 -2.59736</i>
                        <i>-0.00676874 0.999772 0.020251 -0.969864 -0.011496 0.243375 0.243552 -0.0179934 0.969721 0.413012 2.14164 -2.5967</i>
                        <i>-0.00316648 0.999637 0.0267672 -0.969874 -0.00959019 0.243418 0.243587 -0.02519 0.969552 0.413602 2.14307 -2.59613</i>
                        <i>9.89436e-005 0.999475 0.0323849 -0.96988 -0.00779246 0.243457 0.243582 -0.0314336 0.969371 0.414198 2.14467 -2.59564</i>
                        <i>0.00286929 0.999314 0.0369108 -0.969884 -0.0062087 0.243488 0.24355 -0.0364978 0.969201 0.414756 2.14635 -2.59527</i>
                        <i>0.00498702 0.999181 0.040152 -0.969885 -0.00494469 0.243511 0.243511 -0.0401572 0.969067 0.415227 2.14806 -2.59501</i>
                        <i>0.0062951 0.999101 0.041917 -0.969884 -0.00410635 0.243533 0.243486 -0.0421877 0.968986 0.415565 2.14973 -2.59487</i>
                        <i>0.00663658 0.999095 0.0420156 -0.969879 -0.00379992 0.243556 0.243495 -0.0423664 0.968976 0.415722 2.15127 -2.59488</i>
                        <i>0.00601515 0.999169 0.0403116 -0.969871 -0.00398879 0.243587 0.243545 -0.0405623 0.969041 0.415723 2.15263 -2.59506</i>
                        <i>0.00462179 0.999305 0.036985 -0.969858 -0.00453125 0.243628 0.243626 -0.0369962 0.969163 0.415628 2.15374 -2.59538</i>
                        <i>0.00258038 0.999474 0.0323217 -0.969842 -0.00537632 0.243677 0.243723 -0.0319757 0.969318 0.415452 2.15455 -2.59584</i>
                        <i>3.06676e-005 0.999645 0.0266589 -0.969821 -0.00647021 0.243733 0.243819 -0.0258618 0.969476 0.415209 2.15498 -2.59639</i>
                        <i>-0.00289613 0.99979 0.0203065 -0.969796 -0.00776086 0.243792 0.243899 -0.0189871 0.969615 0.414911 2.155 -2.59702</i>
                        <i>-0.0060885 0.99989 0.0135095 -0.969769 -0.00919975 0.243851 0.243949 -0.0116164 0.969719 0.414573 2.15458 -2.59768</i>
                        <i>-0.00943473 0.999934 0.00651149 -0.96974 -0.0107381 0.243905 0.243959 -0.00401327 0.969777 0.414207 2.1538 -2.59835</i>
                        <i>-0.0128232 0.999918 -0.000446116 -0.96971 -0.012327 0.243949 0.243924 0.00356082 0.969788 0.413827 2.15274 -2.59901</i>
                        <i>-0.0161427 0.999844 -0.00712496 -0.969681 -0.0139171 0.243979 0.243842 0.0108474 0.969754 0.413446 2.15144 -2.59961</i>
                        <i>-0.0192828 0.999726 -0.0132903 -0.969654 -0.0154592 0.24399 0.243718 0.0175918 0.969687 0.413078 2.14998 -2.60013</i>
                        <i>-0.0221336 0.99958 -0.018711 -0.969633 -0.0169035 0.243978 0.243559 0.023543 0.9696 0.412736 2.14842 -2.60053</i>
                        <i>-0.0244604 0.999437 -0.0229496 -0.969621 -0.0181292 0.24394 0.243386 0.0282192 0.969519 0.412431 2.14683 -2.6008</i>
                        <i>-0.0261098 0.999327 -0.0257565 -0.969618 -0.0190478 0.243882 0.243227 0.0313416 0.969463 0.412165 2.14525 -2.60095</i>
                        <i>-0.0270557 0.999268 -0.0270506 -0.969623 -0.0196529 0.243814 0.243104 0.0328254 0.969445 0.411933 2.14373 -2.60102</i>
                        <i>-0.0272817 0.999269 -0.02677 -0.969636 -0.019943 0.243737 0.243025 0.0326068 0.969472 0.411745 2.14233 -2.60098</i>
                        <i>-0.0267992 0.99933 -0.0249451 -0.969657 -0.0199214 0.243655 0.242994 0.0307179 0.969541 0.411608 2.1411 -2.60084</i>
                        <i>-0.0256194 0.999438 -0.0216045 -0.969686 -0.0195915 0.243569 0.243009 0.0271897 0.969643 0.411532 2.1401 -2.60057</i>
                        <i>-0.0237529 0.999577 -0.0167746 -0.969719 -0.0189573 0.243486 0.243065 0.0220502 0.969759 0.411524 2.13939 -2.60016</i>
                        <i>-0.0212103 0.99972 -0.0104805 -0.969756 -0.0180228 0.24341 0.243153 0.0153263 0.969867 0.411593 2.13903 -2.5996</i>
                        <i>-0.0180024 0.999834 -0.00274726 -0.969794 -0.0167929 0.243345 0.243259 0.00704507 0.969936 0.41175 2.13907 -2.59888</i>
                    </KeyFrames>
                </p>
            </i>
            <i>
                <p>
                    <Name><![CDATA[spine1]]></Name>
                    <Exclude>0</Exclude>
                    <Additive>0</Additive>
                    <IKPriority>0</IKPriority>
                    <IKRotLimits>-1e+010 -1e+010 -1e+010 1e+010 1e+010 1e+010</IKRotLimits>
                    <IKRotLimitOrder>0</IKRotLimitOrder>
                    <KeyFrames count="30">
                        <i>-0.060021 0.994376 0.0872549 -0.926437 -0.088037 0.366012 0.371635 -0.0588677 0.926511 0.408658 2.31078 -2.59935</i>
                        <i>-0.0589798 0.994161 0.0903613 -0.926805 -0.0881637 0.365047 0.370882 -0.062217 0.926594 0.40958 2.3111 -2.59718</i>
                        <i>-0.0586771 0.993852 0.0938939 -0.927088 -0.0891329 0.364092 0.370222 -0.065684 0.926618 0.410669 2.31181 -2.59513</i>
                        <i>-0.0589652 0.993472 0.0976525 -0.927294 -0.0907349 0.363171 0.369661 -0.0691381 0.926591 0.411854 2.31284 -2.59323</i>
                        <i>-0.0596928 0.99305 0.101436 -0.92743 -0.0927572 0.362312 0.369203 -0.0724478 0.926521 0.41306 2.31412 -2.59154</i>
                        <i>-0.0607058 0.992613 0.105045 -0.927504 -0.0949848 0.361543 0.36885 -0.0754819 0.926419 0.414216 2.31558 -2.5901</i>
                        <i>-0.0618476 0.992195 0.108277 -0.927526 -0.0972008 0.360899 0.368606 -0.0781088 0.926298 0.415247 2.31717 -2.58895</i>
                        <i>-0.0629597 0.991832 0.110931 -0.927503 -0.0991867 0.360416 0.368475 -0.0801968 0.926172 0.41608 2.3188 -2.58814</i>
                        <i>-0.0638829 0.991561 0.112806 -0.927447 -0.100723 0.360135 0.368458 -0.0816148 0.926055 0.416641 2.32043 -2.58771</i>
                        <i>-0.0644581 0.991422 0.113701 -0.927368 -0.101591 0.360095 0.368557 -0.0822313 0.925961 0.416857 2.32197 -2.5877</i>
                        <i>-0.0648772 0.991418 0.113495 -0.927249 -0.101925 0.360307 0.368783 -0.0818625 0.925904 0.416751 2.32338 -2.58816</i>
                        <i>-0.0654098 0.991517 0.112319 -0.927073 -0.102022 0.360731 0.369129 -0.0805325 0.925882 0.416419 2.32457 -2.58906</i>
                        <i>-0.0660148 0.991698 0.110346 -0.926854 -0.101903 0.361327 0.369572 -0.0784217 0.925887 0.415895 2.32549 -2.59031</i>
                        <i>-0.0665924 0.991924 0.107942 -0.926603 -0.101606 0.362053 0.370097 -0.0759096 0.925887 0.415215 2.32607 -2.59183</i>
                        <i>-0.0670763 0.992169 0.105367 -0.926332 -0.101162 0.36287 0.370687 -0.0732646 0.925864 0.414416 2.32623 -2.59354</i>
                        <i>-0.0674756 0.992428 0.102633 -0.926054 -0.10058 0.363741 0.37131 -0.0705002 0.925829 0.413529 2.32597 -2.59537</i>
                        <i>-0.0677998 0.992699 0.0997556 -0.92578 -0.099871 0.364633 0.371934 -0.0676297 0.925792 0.412588 2.32535 -2.59724</i>
                        <i>-0.0680584 0.992979 0.0967489 -0.925522 -0.0990478 0.365512 0.372528 -0.0646671 0.925765 0.411625 2.32443 -2.59908</i>
                        <i>-0.0682605 0.993264 0.093629 -0.92529 -0.0981224 0.366347 0.373066 -0.061627 0.925756 0.410672 2.32326 -2.60083</i>
                        <i>-0.0684147 0.993552 0.0904126 -0.925096 -0.0971075 0.367108 0.373521 -0.0585247 0.925774 0.409762 2.32191 -2.60241</i>
                        <i>-0.0685288 0.993838 0.0871175 -0.924947 -0.0960161 0.367768 0.373866 -0.0553764 0.925828 0.408926 2.32044 -2.60376</i>
                        <i>-0.0685556 0.994117 0.0838597 -0.924867 -0.0948462 0.368274 0.374061 -0.0523118 0.925928 0.408219 2.3189 -2.60476</i>
                        <i>-0.0684002 0.994366 0.0809749 -0.924859 -0.0936356 0.368603 0.374109 -0.0496778 0.926053 0.407668 2.31734 -2.60539</i>
                        <i>-0.0679358 0.994557 0.0790051 -0.924915 -0.0924719 0.368757 0.374056 -0.0480212 0.926162 0.407273 2.31583 -2.60568</i>
                        <i>-0.0671595 0.994684 0.0780584 -0.925032 -0.0913932 0.368731 0.373905 -0.0474427 0.926253 0.407045 2.31442 -2.6056</i>
                        <i>-0.0661101 0.994751 0.0781003 -0.925208 -0.0904224 0.368529 0.373656 -0.0478956 0.92633 0.406993 2.31317 -2.60514</i>
                        <i>-0.0648291 0.994758 0.0790859 -0.92544 -0.0895808 0.368153 0.373307 -0.0493222 0.926396 0.407121 2.31212 -2.60429</i>
                        <i>-0.0633589 0.994701 0.0809702 -0.925724 -0.088889 0.367607 0.372856 -0.0516649 0.92645 0.407437 2.31134 -2.60305</i>
                        <i>-0.0617418 0.994576 0.0837081 -0.926057 -0.0883676 0.366893 0.3723 -0.0548658 0.926489 0.407947 2.31088 -2.60141</i>
                        <i>-0.060021 0.994376 0.0872549 -0.926437 -0.088037 0.366012 0.371635 -0.0588677 0.926511 0.408658 2.31078 -2.59935</i>
                    </KeyFrames>
                </p>
            </i>
            <i>
                <p>
                    <Name><![CDATA[spine2]]></Name>
                    <Exclude>0</Exclude>
                    <Additive>0</Additive>
                    <IKPriority>0</IKPriority>
                    <IKRotLimits>-1e+010 -1e+010 -1e+010 1e+010 1e+010 1e+010</IKRotLimits>
                    <IKRotLimitOrder>0</IKRotLimitOrder>
                    <KeyFrames count="30">
                        <i>-0.0417111 0.966593 0.252901 -0.862109 -0.162757 0.479872 0.505002 -0.198012 0.840097 0.399294 2.46807 -2.58559</i>
                        <i>-0.0460798 0.968013 0.246632 -0.862354 -0.163166 0.479293 0.504204 -0.190599 0.842289 0.400389 2.46819 -2.58295</i>
                        <i>-0.0506028 0.969112 0.241376 -0.862502 -0.164254 0.478656 0.503518 -0.183966 0.844172 0.401533 2.4687 -2.58035</i>
                        <i>-0.0550895 0.96992 0.237109 -0.862559 -0.165846 0.478004 0.502949 -0.178188 0.845749 0.402679 2.46954 -2.57788</i>
                        <i>-0.0593482 0.970469 0.233812 -0.862537 -0.16776 0.477374 0.502501 -0.17334 0.847022 0.403777 2.47065 -2.5756</i>
                        <i>-0.063187 0.97079 0.231461 -0.862455 -0.169816 0.476795 0.502174 -0.169498 0.847993 0.404777 2.47195 -2.5736</i>
                        <i>-0.0664134 0.970913 0.230036 -0.862333 -0.171833 0.476293 0.501967 -0.166736 0.848663 0.405632 2.4734 -2.57195</i>
                        <i>-0.0688345 0.970868 0.229515 -0.862195 -0.173631 0.475891 0.501878 -0.165129 0.849029 0.406292 2.47494 -2.57073</i>
                        <i>-0.0702576 0.970681 0.229874 -0.862066 -0.175029 0.475613 0.501903 -0.164751 0.849088 0.40671 2.4765 -2.57</i>
                        <i>-0.0704897 0.970376 0.231089 -0.86197 -0.175848 0.475484 0.502034 -0.165675 0.84883 0.406835 2.47802 -2.56986</i>
                        <i>-0.0696625 0.96997 0.233034 -0.861887 -0.176144 0.475525 0.502292 -0.167723 0.848276 0.406662 2.47946 -2.57035</i>
                        <i>-0.0680979 0.969471 0.23556 -0.861785 -0.176123 0.475718 0.502683 -0.170607 0.847469 0.406242 2.48072 -2.57142</i>
                        <i>-0.0658882 0.968878 0.238608 -0.861668 -0.175832 0.476037 0.503177 -0.174236 0.846437 0.405618 2.48175 -2.57297</i>
                        <i>-0.063043 0.968133 0.242371 -0.861546 -0.175375 0.476427 0.503751 -0.178778 0.845147 0.404842 2.48245 -2.57486</i>
                        <i>-0.0596179 0.967205 0.246901 -0.861422 -0.174825 0.476852 0.504378 -0.184258 0.843595 0.403959 2.48277 -2.57696</i>
                        <i>-0.055774 0.966138 0.251926 -0.861301 -0.174182 0.477306 0.505024 -0.190363 0.841851 0.403003 2.48267 -2.5792</i>
                        <i>-0.0516732 0.964983 0.257173 -0.861185 -0.173447 0.477782 0.505657 -0.196786 0.839992 0.402003 2.48222 -2.58151</i>
                        <i>-0.047478 0.963797 0.262378 -0.861078 -0.17262 0.478274 0.506251 -0.20322 0.8381 0.400991 2.48147 -2.58382</i>
                        <i>-0.0433517 0.962644 0.267276 -0.860983 -0.171704 0.478775 0.506782 -0.209364 0.836264 0.399998 2.48047 -2.58605</i>
                        <i>-0.0394575 0.961599 0.271609 -0.860905 -0.1707 0.479274 0.507233 -0.214919 0.834581 0.399057 2.47928 -2.58813</i>
                        <i>-0.0359591 0.960737 0.275122 -0.860849 -0.169608 0.479762 0.507588 -0.219587 0.833148 0.398197 2.47795 -2.58998</i>
                        <i>-0.0332586 0.960244 0.277172 -0.860824 -0.16843 0.480223 0.507815 -0.222625 0.832203 0.397482 2.47653 -2.59149</i>
                        <i>-0.0315973 0.960217 0.277463 -0.860832 -0.16721 0.480634 0.507907 -0.223663 0.831869 0.396953 2.47505 -2.59258</i>
                        <i>-0.0308293 0.960529 0.276468 -0.860882 -0.16606 0.480943 0.50787 -0.223179 0.832021 0.39663 2.47359 -2.59318</i>
                        <i>-0.0308933 0.961126 0.274376 -0.860978 -0.165023 0.481128 0.507703 -0.221368 0.832607 0.396527 2.47219 -2.59325</i>
                        <i>-0.0317309 0.961957 0.271351 -0.861121 -0.164136 0.481175 0.507408 -0.218398 0.83357 0.396642 2.47092 -2.59278</i>
                        <i>-0.0332868 0.962971 0.267544 -0.861309 -0.163432 0.481079 0.50699 -0.214424 0.834855 0.396977 2.46982 -2.59178</i>
                        <i>-0.0355054 0.964114 0.263102 -0.861538 -0.162945 0.480833 0.506449 -0.2096 0.836407 0.397531 2.46895 -2.59025</i>
                        <i>-0.0383316 0.965338 0.258173 -0.861807 -0.162709 0.480432 0.505787 -0.204079 0.838171 0.398303 2.46835 -2.58819</i>
                        <i>-0.0417111 0.966593 0.252901 -0.862109 -0.162757 0.479872 0.505002 -0.198012 0.840097 0.399294 2.46807 -2.58559</i>
                    </KeyFrames>
                </p>
            </i>
            <i>
                <p>
                    <Name><![CDATA[head]]></Name>
                    <Exclude>0</Exclude>
                    <Additive>0</Additive>
                    <IKPriority>0</IKPriority>
                    <IKRotLimits>-1e+010 -1e+010 -1e+010 1e+010 1e+010 1e+010</IKRotLimits>
                    <IKRotLimitOrder>0</IKRotLimitOrder>
                    <KeyFrames count="30">
                        <i>-0.0544665 0.971936 0.228855 -0.0625394 0.225425 -0.972251 -0.996555 -0.0672676 0.0485061 0.383552 2.71866 -2.52629</i>
                        <i>-0.0608096 0.972703 0.223943 -0.0616726 0.220268 -0.973488 -0.996242 -0.0730086 0.0465948 0.383233 2.71906 -2.52584</i>
                        <i>-0.0667753 0.973709 0.217791 -0.0607216 0.213908 -0.974965 -0.995919 -0.0783282 0.0448414 0.383014 2.71977 -2.52515</i>
                        <i>-0.0722443 0.974875 0.210711 -0.0596945 0.206658 -0.97659 -0.995599 -0.0831314 0.0432649 0.382881 2.72074 -2.52429</i>
                        <i>-0.077099 0.976135 0.203019 -0.0586142 0.198835 -0.978279 -0.995299 -0.0873241 0.0418853 0.382823 2.72193 -2.52334</i>
                        <i>-0.081224 0.977428 0.195032 -0.0575169 0.190756 -0.979951 -0.995035 -0.0908132 0.0407247 0.382827 2.72327 -2.52235</i>
                        <i>-0.0845058 0.978705 0.18707 -0.0564524 0.182737 -0.98154 -0.994823 -0.0935064 0.0398079 0.382882 2.72472 -2.5214</i>
                        <i>-0.0868334 0.979927 0.179455 -0.0554808 0.175099 -0.982987 -0.994677 -0.0953123 0.0391627 0.382975 2.72623 -2.52054</i>
                        <i>-0.0881326 0.981169 0.171872 -0.0546139 0.167525 -0.984354 -0.99461 -0.0961403 0.0388211 0.383094 2.72774 -2.51986</i>
                        <i>-0.0883219 0.982476 0.164137 -0.0538799 0.159827 -0.985673 -0.994634 -0.0959002 0.0388195 0.383228 2.72921 -2.5194</i>
                        <i>-0.0874051 0.983795 0.156546 -0.0533522 0.152299 -0.986893 -0.994743 -0.0946116 0.039176 0.383349 2.73057 -2.51928</i>
                        <i>-0.0855477 0.985094 0.149236 -0.0530541 0.145068 -0.987998 -0.99492 -0.0924385 0.0398529 0.383447 2.73175 -2.51948</i>
                        <i>-0.0828716 0.986323 0.142473 -0.0530013 0.1384 -0.988957 -0.99515 -0.0895077 0.040807 0.383532 2.73269 -2.51995</i>
                        <i>-0.0794189 0.987413 0.136778 -0.0532142 0.132817 -0.989711 -0.99542 -0.0858804 0.0419963 0.38365 2.73328 -2.52049</i>
                        <i>-0.0752741 0.988316 0.132534 -0.0536968 0.128701 -0.990229 -0.995716 -0.0816553 0.0433815 0.383828 2.73343 -2.521</i>
                        <i>-0.0706201 0.989022 0.1298 -0.0544244 0.126111 -0.990522 -0.996017 -0.0770151 0.044921 0.384049 2.73313 -2.52147</i>
                        <i>-0.0656379 0.989517 0.128638 -0.0553599 0.125106 -0.990598 -0.996307 -0.0721421 0.0465679 0.384298 2.73245 -2.52193</i>
                        <i>-0.0605066 0.989783 0.129106 -0.0564535 0.125742 -0.990455 -0.99657 -0.0672176 0.0482684 0.384559 2.73145 -2.52238</i>
                        <i>-0.0554041 0.989798 0.131266 -0.0576467 0.128077 -0.990087 -0.996799 -0.062422 0.0499626 0.384815 2.73019 -2.52283</i>
                        <i>-0.0505071 0.989533 0.135179 -0.058875 0.132166 -0.989478 -0.996987 -0.0579343 0.0515834 0.385049 2.72875 -2.5233</i>
                        <i>-0.0459921 0.988954 0.140906 -0.0600715 0.138062 -0.9886 -0.997134 -0.0539322 0.0530582 0.385243 2.7272 -2.52378</i>
                        <i>-0.0423239 0.98786 0.14947 -0.0611645 0.146761 -0.987279 -0.99723 -0.0509277 0.0542104 0.385329 2.72562 -2.52437</i>
                        <i>-0.039865 0.986154 0.160967 -0.0620758 0.15834 -0.985431 -0.997275 -0.0492764 0.0549041 0.38526 2.72411 -2.52513</i>
                        <i>-0.0385833 0.98394 0.174281 -0.0627632 0.171681 -0.983151 -0.997282 -0.0488716 0.0551312 0.385093 2.72271 -2.52588</i>
                        <i>-0.038471 0.98137 0.188236 -0.063224 0.185607 -0.980588 -0.997258 -0.0496252 0.0549057 0.38486 2.72146 -2.52653</i>
                        <i>-0.0395003 0.978646 0.20172 -0.0634854 0.199012 -0.977939 -0.997201 -0.0514352 0.0542687 0.384585 2.72041 -2.52701</i>
                        <i>-0.0416457 0.976028 0.213624 -0.0635669 0.210788 -0.975463 -0.997108 -0.0542033 0.0532647 0.384293 2.71957 -2.52729</i>
                        <i>-0.0448783 0.97382 0.222845 -0.0634674 0.21984 -0.973469 -0.996974 -0.0578311 0.0519399 0.384008 2.71898 -2.52729</i>
                        <i>-0.0491648 0.972351 0.228288 -0.0631517 0.225081 -0.972291 -0.996792 -0.0622193 0.0503396 0.383752 2.71867 -2.52698</i>
                        <i>-0.0544665 0.971936 0.228855 -0.0625394 0.225425 -0.972251 -0.996555 -0.0672676 0.0485061 0.383552 2.71866 -2.52629</i>
                    </KeyFrames>
                </p>
            </i>
            <i>
                <p>
                    <Name><![CDATA[head_prop]]></Name>
                    <Exclude>0</Exclude>
                    <Additive>0</Additive>
                    <IKPriority>0</IKPriority>
                    <IKRotLimits>-1e+010 -1e+010 -1e+010 1e+010 1e+010 1e+010</IKRotLimits>
                    <IKRotLimitOrder>0</IKRotLimitOrder>
                    <KeyFrames count="30">
                        <i>0.996555 0.0672676 -0.0485061 -0.0544665 0.971936 0.228855 0.0625394 -0.225425 0.972251 0.3658 3.03543 -2.45171</i>
                        <i>0.996242 0.0730086 -0.0465948 -0.0608096 0.972703 0.223943 0.0616726 -0.220268 0.973488 0.363415 3.03607 -2.45285</i>
                        <i>0.995919 0.0783282 -0.0448414 -0.0667753 0.973709 0.217791 0.0607216 -0.213908 0.974965 0.361251 3.03711 -2.45417</i>
                        <i>0.995599 0.0831314 -0.0432649 -0.0722443 0.974875 0.210711 0.0596945 -0.206658 0.97659 0.359336 3.03846 -2.45562</i>
                        <i>0.995299 0.0873241 -0.0418853 -0.077099 0.976135 0.203019 0.0586142 -0.198835 0.978279 0.357696 3.04006 -2.45717</i>
                        <i>0.995035 0.0908132 -0.0407247 -0.081224 0.977428 0.195032 0.0575169 -0.190756 0.979951 0.356356 3.04182 -2.45879</i>
                        <i>0.994823 0.0935064 -0.0398079 -0.0845058 0.978705 0.18707 0.0564524 -0.182737 0.98154 0.355341 3.04369 -2.46043</i>
                        <i>0.994677 0.0953123 -0.0391627 -0.0868334 0.979927 0.179455 0.0554808 -0.175099 0.982987 0.354675 3.0456 -2.46206</i>
                        <i>0.99461 0.0961403 -0.0388211 -0.0881326 0.981169 0.171872 0.0546139 -0.167525 0.984354 0.354371 3.04751 -2.46384</i>
                        <i>0.994634 0.0959002 -0.0388195 -0.0883219 0.982476 0.164137 0.0538799 -0.159827 0.985673 0.354443 3.0494 -2.46591</i>
                        <i>0.994743 0.0946116 -0.039176 -0.0874051 0.983795 0.156546 0.0533522 -0.152299 0.986893 0.354863 3.05119 -2.46826</i>
                        <i>0.99492 0.0924385 -0.0398529 -0.0855477 0.985094 0.149236 0.0530541 -0.145068 0.987998 0.355566 3.05281 -2.47085</i>
                        <i>0.99515 0.0895077 -0.040807 -0.0828716 0.986323 0.142473 0.0530013 -0.1384 0.988957 0.356524 3.05414 -2.47352</i>
                        <i>0.99542 0.0858804 -0.0419963 -0.0794189 0.987413 0.136778 0.0532142 -0.132817 0.989711 0.357767 3.05508 -2.47592</i>
                        <i>0.995716 0.0816553 -0.0433815 -0.0752741 0.988316 0.132534 0.0536968 -0.128701 0.990229 0.359295 3.05553 -2.4778</i>
                        <i>0.996017 0.0770151 -0.044921 -0.0706201 0.989022 0.1298 0.0544244 -0.126111 0.990522 0.361033 3.05546 -2.47917</i>
                        <i>0.996307 0.0721421 -0.0465679 -0.0656379 0.989517 0.128638 0.0553599 -0.125106 0.990598 0.362906 3.05494 -2.48001</i>
                        <i>0.99657 0.0672176 -0.0482684 -0.0605066 0.989783 0.129106 0.0564535 -0.125742 0.990455 0.36484 3.05403 -2.4803</i>
                        <i>0.996799 0.062422 -0.0499626 -0.0554041 0.989798 0.131266 0.0576467 -0.128077 0.990087 0.366759 3.05278 -2.48005</i>
                        <i>0.996987 0.0579343 -0.0515834 -0.0505071 0.989533 0.135179 0.058875 -0.132166 0.989478 0.368589 3.05125 -2.47924</i>
                        <i>0.997134 0.0539322 -0.0530582 -0.0459921 0.988954 0.140906 0.0600715 -0.138062 0.9886 0.370254 3.0495 -2.47786</i>
                        <i>0.99723 0.0509277 -0.0542104 -0.0423239 0.98786 0.14947 0.0611645 -0.146761 0.987279 0.371535 3.04757 -2.47566</i>
                        <i>0.997275 0.0492764 -0.0549041 -0.039865 0.986154 0.160967 0.0620758 -0.15834 0.985431 0.372268 3.04551 -2.47267</i>
                        <i>0.997282 0.0488716 -0.0551312 -0.0385833 0.98394 0.174281 0.0627632 -0.171681 0.983151 0.372518 3.04338 -2.46908</i>
                        <i>0.997258 0.0496252 -0.0549057 -0.038471 0.98137 0.188236 0.063224 -0.185607 0.980588 0.372322 3.0413 -2.46518</i>
                        <i>0.997201 0.0514352 -0.0542687 -0.0395003 0.978646 0.20172 0.0634854 -0.199012 0.977939 0.371712 3.03936 -2.46127</i>
                        <i>0.997108 0.0542033 -0.0532647 -0.0416457 0.976028 0.213624 0.0635669 -0.210788 0.975463 0.370721 3.03767 -2.45767</i>
                        <i>0.996974 0.0578311 -0.0519399 -0.0448783 0.97382 0.222845 0.0634674 -0.21984 0.973469 0.369381 3.03636 -2.45467</i>
                        <i>0.996792 0.0622193 -0.0503396 -0.0491648 0.972351 0.228288 0.0631517 -0.225081 0.972291 0.367729 3.03557 -2.45258</i>
                        <i>0.996555 0.0672676 -0.0485061 -0.0544665 0.971936 0.228855 0.0625394 -0.225425 0.972251 0.3658 3.03543 -2.45171</i>
                    </KeyFrames>
                </p>
            </i>
            <i>
                <p>
                    <Name><![CDATA[l_clav]]></Name>
                    <Exclude>0</Exclude>
                    <Additive>0</Additive>
                    <IKPriority>0</IKPriority>
                    <IKRotLimits>-1e+010 -1e+010 -1e+010 1e+010 1e+010 1e+010</IKRotLimits>
                    <IKRotLimitOrder>0</IKRotLimitOrder>
                    <KeyFrames count="30">
                        <i>0.630298 0.744786 -0.21913 -0.654814 0.661638 0.365313 0.417065 -0.0867667 0.904725 0.487436 2.53529 -2.58458</i>
                        <i>0.636854 0.734656 -0.233877 -0.647815 0.674376 0.354334 0.418034 -0.0741502 0.9054 0.488419 2.53574 -2.58191</i>
                        <i>0.643632 0.724488 -0.246689 -0.640734 0.686368 0.344033 0.418567 -0.0633691 0.905972 0.489393 2.53655 -2.57924</i>
                        <i>0.650377 0.71464 -0.257485 -0.633797 0.69737 0.334629 0.418702 -0.0544415 0.906491 0.490329 2.53764 -2.57666</i>
                        <i>0.656841 0.705472 -0.266212 -0.627241 0.707152 0.32635 0.418484 -0.0473808 0.906988 0.491197 2.53896 -2.57425</i>
                        <i>0.662778 0.697342 -0.272835 -0.621312 0.715495 0.319435 0.417967 -0.0421987 0.907481 0.491966 2.54044 -2.57211</i>
                        <i>0.667951 0.690602 -0.277327 -0.616259 0.722188 0.314116 0.417212 -0.0389088 0.907976 0.492606 2.54201 -2.57032</i>
                        <i>0.672128 0.68559 -0.279663 -0.612336 0.72702 0.310623 0.41628 -0.0375304 0.908462 0.493089 2.54362 -2.56896</i>
                        <i>0.675081 0.682625 -0.279801 -0.609791 0.729775 0.309165 0.415235 -0.0380914 0.908916 0.493383 2.5452 -2.56812</i>
                        <i>0.676588 0.682003 -0.277672 -0.608868 0.73022 0.309933 0.414137 -0.0406313 0.909307 0.493459 2.54669 -2.56789</i>
                        <i>0.676526 0.683748 -0.273499 -0.609622 0.728334 0.312875 0.413126 -0.0449368 0.909564 0.493294 2.54803 -2.56835</i>
                        <i>0.675067 0.687472 -0.267708 -0.611796 0.724444 0.317626 0.412299 -0.0506362 0.909641 0.49291 2.54917 -2.56942</i>
                        <i>0.672423 0.692814 -0.260491 -0.615147 0.718817 0.323878 0.411633 -0.0575426 0.909531 0.492346 2.55002 -2.571</i>
                        <i>0.668856 0.699422 -0.251873 -0.619366 0.71168 0.331508 0.411117 -0.0657289 0.90921 0.491657 2.55052 -2.57293</i>
                        <i>0.664599 0.706937 -0.241968 -0.624188 0.703277 0.340281 0.410728 -0.0751173 0.908658 0.49089 2.55059 -2.57506</i>
                        <i>0.659828 0.714992 -0.231113 -0.629429 0.69391 0.349725 0.410423 -0.0852891 0.907898 0.490067 2.55023 -2.57734</i>
                        <i>0.654711 0.723253 -0.219679 -0.634914 0.683904 0.359388 0.410167 -0.0958181 0.906963 0.489214 2.5495 -2.57969</i>
                        <i>0.649417 0.731412 -0.20807 -0.640477 0.673604 0.368846 0.409935 -0.106271 0.905903 0.488354 2.54847 -2.58204</i>
                        <i>0.644109 0.739203 -0.196729 -0.645957 0.663381 0.377711 0.409712 -0.116208 0.904783 0.487513 2.54721 -2.58434</i>
                        <i>0.638946 0.746392 -0.186136 -0.651202 0.653627 0.385628 0.409493 -0.125184 0.903684 0.486715 2.54577 -2.58651</i>
                        <i>0.634087 0.75278 -0.176797 -0.656064 0.644749 0.392274 0.409285 -0.132746 0.902698 0.485985 2.54423 -2.58849</i>
                        <i>0.6298 0.757946 -0.169913 -0.660228 0.637592 0.396959 0.409209 -0.137823 0.901972 0.485377 2.54265 -2.59016</i>
                        <i>0.626274 0.761648 -0.166356 -0.663467 0.632755 0.399291 0.409382 -0.139694 0.901605 0.484929 2.54111 -2.59141</i>
                        <i>0.623594 0.763927 -0.165971 -0.665727 0.630232 0.399519 0.409803 -0.138646 0.901576 0.484676 2.53966 -2.59214</i>
                        <i>0.62184 0.764777 -0.168617 -0.666958 0.630012 0.397808 0.410465 -0.134913 0.901841 0.484629 2.53834 -2.5923</i>
                        <i>0.621107 0.764147 -0.174085 -0.667086 0.632053 0.394341 0.411365 -0.128799 0.902324 0.484787 2.5372 -2.59189</i>
                        <i>0.621492 0.761952 -0.182144 -0.666031 0.636304 0.389256 0.412493 -0.120606 0.902942 0.48515 2.53628 -2.59091</i>
                        <i>0.623091 0.758082 -0.192533 -0.663702 0.642704 0.382664 0.413832 -0.11065 0.903604 0.485714 2.53563 -2.58937</i>
                        <i>0.625998 0.752407 -0.204964 -0.660001 0.651177 0.374656 0.415362 -0.0992575 0.904225 0.486477 2.53529 -2.58725</i>
                        <i>0.630298 0.744786 -0.21913 -0.654814 0.661638 0.365313 0.417065 -0.0867667 0.904725 0.487436 2.53529 -2.58458</i>
                    </KeyFrames>
                </p>
            </i>
            <i>
                <p>
                    <Name><![CDATA[l_shoulder]]></Name>
                    <Exclude>0</Exclude>
                    <Additive>0</Additive>
                    <IKPriority>0</IKPriority>
                    <IKRotLimits>-1e+010 -1e+010 -1e+010 1e+010 1e+010 1e+010</IKRotLimits>
                    <IKRotLimitOrder>0</IKRotLimitOrder>
                    <KeyFrames count="30">
                        <i>0.955662 -0.0723232 0.285445 0.275299 0.563449 -0.778933 -0.104498 0.822979 0.558377 0.61197 2.68245 -2.62787</i>
                        <i>0.954795 -0.068578 0.289246 0.276475 0.562354 -0.779307 -0.109216 0.824048 0.555893 0.614248 2.68089 -2.62812</i>
                        <i>0.954187 -0.0657894 0.291888 0.277225 0.561419 -0.779714 -0.112575 0.824912 0.553937 0.616561 2.67969 -2.62798</i>
                        <i>0.953826 -0.0639367 0.293476 0.277613 0.560663 -0.780121 -0.114663 0.825572 0.552524 0.61883 2.67884 -2.62753</i>
                        <i>0.95369 -0.0630051 0.29412 0.277706 0.560111 -0.780484 -0.115565 0.826019 0.551669 0.620974 2.67835 -2.62685</i>
                        <i>0.953751 -0.0629838 0.293926 0.27758 0.559798 -0.780753 -0.115365 0.826232 0.551391 0.622916 2.67822 -2.62602</i>
                        <i>0.953977 -0.0638634 0.293001 0.277308 0.559766 -0.780873 -0.114143 0.826186 0.551713 0.624579 2.67846 -2.62511</i>
                        <i>0.954334 -0.0656322 0.291443 0.27696 0.56006 -0.780785 -0.111981 0.825848 0.552662 0.625886 2.67908 -2.62421</i>
                        <i>0.954788 -0.0682707 0.289344 0.2766 0.560728 -0.780433 -0.108962 0.82518 0.55426 0.626764 2.68007 -2.6234</i>
                        <i>0.955305 -0.071745 0.286786 0.276281 0.561813 -0.779766 -0.105176 0.824147 0.556525 0.627138 2.68144 -2.62276</i>
                        <i>0.955826 -0.075853 0.283977 0.276065 0.563381 -0.77871 -0.10092 0.822708 0.559435 0.626961 2.68313 -2.62239</i>
                        <i>0.956306 -0.0802351 0.281141 0.275957 0.565335 -0.777331 -0.0965696 0.82095 0.562775 0.626289 2.685 -2.62231</i>
                        <i>0.956741 -0.0845984 0.27837 0.275901 0.567459 -0.775802 -0.0923317 0.819044 0.566252 0.625202 2.68691 -2.62247</i>
                        <i>0.957156 -0.0887058 0.27565 0.275791 0.569421 -0.774402 -0.088267 0.817246 0.569489 0.623809 2.68871 -2.62269</i>
                        <i>0.957572 -0.0922927 0.273015 0.275524 0.570971 -0.773355 -0.0845085 0.815766 0.572175 0.6222 2.69027 -2.62287</i>
                        <i>0.957986 -0.0951473 0.270571 0.275059 0.572077 -0.772704 -0.0812669 0.814663 0.574213 0.620435 2.69149 -2.623</i>
                        <i>0.958402 -0.097256 0.268343 0.274392 0.572796 -0.772407 -0.0785846 0.813908 0.575655 0.618571 2.6924 -2.62309</i>
                        <i>0.958812 -0.0986009 0.266377 0.273539 0.573181 -0.772424 -0.0765208 0.813475 0.576545 0.616665 2.69298 -2.62315</i>
                        <i>0.959206 -0.0991868 0.264738 0.272544 0.573282 -0.772702 -0.0751277 0.813333 0.576928 0.614775 2.69326 -2.62321</i>
                        <i>0.959561 -0.0990416 0.263503 0.271478 0.573146 -0.773178 -0.0744489 0.813446 0.576856 0.612957 2.69324 -2.62329</i>
                        <i>0.959848 -0.0982143 0.262765 0.270441 0.572817 -0.773784 -0.0745194 0.813778 0.576379 0.611267 2.69296 -2.62342</i>
                        <i>0.959989 -0.096622 0.262841 0.269632 0.572395 -0.774379 -0.0756266 0.814265 0.575545 0.609812 2.69241 -2.62373</i>
                        <i>0.95992 -0.0942918 0.263936 0.269232 0.57194 -0.774854 -0.0778931 0.814858 0.574403 0.608668 2.6916 -2.62428</i>
                        <i>0.959673 -0.0915148 0.265808 0.269227 0.571309 -0.775321 -0.080905 0.815617 0.572907 0.607884 2.6906 -2.62493</i>
                        <i>0.959266 -0.0884811 0.268292 0.269602 0.570458 -0.775817 -0.0844041 0.816547 0.571076 0.607491 2.68945 -2.62562</i>
                        <i>0.958718 -0.0852931 0.271264 0.270319 0.569405 -0.776341 -0.0882423 0.81762 0.568956 0.607505 2.68818 -2.62629</i>
                        <i>0.958054 -0.0820288 0.274597 0.271321 0.568168 -0.776898 -0.0922891 0.818814 0.566592 0.607943 2.68683 -2.6269</i>
                        <i>0.957301 -0.0787492 0.278161 0.272539 0.56676 -0.7775 -0.0964227 0.820111 0.564022 0.608823 2.68541 -2.62741</i>
                        <i>0.956492 -0.0755017 0.281821 0.273893 0.565187 -0.778168 -0.100528 0.8215 0.561276 0.610161 2.68395 -2.62775</i>
                        <i>0.955662 -0.0723232 0.285445 0.275299 0.563449 -0.778933 -0.104498 0.822979 0.558377 0.61197 2.68245 -2.62787</i>
                    </KeyFrames>
                </p>
            </i>
            <i>
                <p>
                    <Name><![CDATA[l_elbow]]></Name>
                    <Exclude>0</Exclude>
                    <Additive>0</Additive>
                    <IKPriority>0</IKPriority>
                    <IKRotLimits>-1e+010 -1e+010 -1e+010 1e+010 1e+010 1e+010</IKRotLimits>
                    <IKRotLimitOrder>0</IKRotLimitOrder>
                    <KeyFrames count="30">
                        <i>-0.132525 0.823327 0.551879 0.274974 0.565474 -0.777578 -0.952274 0.0487041 -0.301332 0.922825 2.65892 -2.53502</i>
                        <i>-0.13866 0.824357 0.548825 0.276139 0.564382 -0.777959 -0.951063 0.0436798 -0.305894 0.92482 2.65859 -2.53403</i>
                        <i>-0.145165 0.825271 0.545761 0.276881 0.563449 -0.778371 -0.949876 0.0381185 -0.310295 0.926936 2.65829 -2.53303</i>
                        <i>-0.151778 0.826034 0.542799 0.277263 0.562694 -0.778781 -0.94873 0.0322961 -0.314434 0.929088 2.65804 -2.53207</i>
                        <i>-0.158235 0.826615 0.540064 0.277355 0.562143 -0.779146 -0.947648 0.0265016 -0.318216 0.931188 2.65785 -2.53118</i>
                        <i>-0.164266 0.826985 0.537692 0.27723 0.561831 -0.779416 -0.946658 0.0210328 -0.321554 0.933149 2.65773 -2.53041</i>
