<?xml version="1.0" encoding="ISO-8859-1" ?>
<Animl Version="1">
    <ModellingPackage><![CDATA[Maya.2010]]></ModellingPackage>
    <SrcFile><![CDATA[anims\turrets\antiair\red\~src\aa_gladiator\aa_gladiator_idle_crewman_d.mb]]></SrcFile>
    <FramesPerSecond>30</FramesPerSecond>
    <TotalFrames>180</TotalFrames>
    <Skeleton>
        <RefFrame>
            <Name><![CDATA[soldier_ref_frame]]></Name>
            <Exclude>0</Exclude>
            <Additive>0</Additive>
            <IKPriority>0</IKPriority>
            <IKRotLimits>-1e+010 -1e+010 -1e+010 1e+010 1e+010 1e+010</IKRotLimits>
            <IKRotLimitOrder>0</IKRotLimitOrder>
            <KeyFrames count="180">
                <i>1 0 0 0 1 0 0 0 1 -1.57 4.72 5.74</i>
                <i>1 0 0 0 1 0 0 0 1 -1.57 4.72 5.74</i>
                <i>1 0 0 0 1 0 0 0 1 -1.57 4.72 5.74</i>
                <i>1 0 0 0 1 0 0 0 1 -1.57 4.72 5.74</i>
                <i>1 0 0 0 1 0 0 0 1 -1.57 4.72 5.74</i>
                <i>1 0 0 0 1 0 0 0 1 -1.57 4.72 5.74</i>
                <i>1 0 0 0 1 0 0 0 1 -1.57 4.72 5.74</i>
                <i>1 0 0 0 1 0 0 0 1 -1.57 4.72 5.74</i>
                <i>1 0 0 0 1 0 0 0 1 -1.57 4.72 5.74</i>
                <i>1 0 0 0 1 0 0 0 1 -1.57 4.72 5.74</i>
                <i>1 0 0 0 1 0 0 0 1 -1.57 4.72 5.74</i>
                <i>1 0 0 0 1 0 0 0 1 -1.57 4.72 5.74</i>
                <i>1 0 0 0 1 0 0 0 1 -1.57 4.72 5.74</i>
                <i>1 0 0 0 1 0 0 0 1 -1.57 4.72 5.74</i>
                <i>1 0 0 0 1 0 0 0 1 -1.57 4.72 5.74</i>
                <i>1 0 0 0 1 0 0 0 1 -1.57 4.72 5.74</i>
                <i>1 0 0 0 1 0 0 0 1 -1.57 4.72 5.74</i>
                <i>1 0 0 0 1 0 0 0 1 -1.57 4.72 5.74</i>
                <i>1 0 0 0 1 0 0 0 1 -1.57 4.72 5.74</i>
                <i>1 0 0 0 1 0 0 0 1 -1.57 4.72 5.74</i>
                <i>1 0 0 0 1 0 0 0 1 -1.57 4.72 5.74</i>
                <i>1 0 0 0 1 0 0 0 1 -1.57 4.72 5.74</i>
                <i>1 0 0 0 1 0 0 0 1 -1.57 4.72 5.74</i>
                <i>1 0 0 0 1 0 0 0 1 -1.57 4.72 5.74</i>
                <i>1 0 0 0 1 0 0 0 1 -1.57 4.72 5.74</i>
                <i>1 0 0 0 1 0 0 0 1 -1.57 4.72 5.74</i>
                <i>1 0 0 0 1 0 0 0 1 -1.57 4.72 5.74</i>
                <i>1 0 0 0 1 0 0 0 1 -1.57 4.72 5.74</i>
                <i>1 0 0 0 1 0 0 0 1 -1.57 4.72 5.74</i>
                <i>1 0 0 0 1 0 0 0 1 -1.57 4.72 5.74</i>
                <i>1 0 0 0 1 0 0 0 1 -1.57 4.72 5.74</i>
                <i>1 0 0 0 1 0 0 0 1 -1.57 4.72 5.74</i>
                <i>1 0 0 0 1 0 0 0 1 -1.57 4.72 5.74</i>
                <i>1 0 0 0 1 0 0 0 1 -1.57 4.72 5.74</i>
                <i>1 0 0 0 1 0 0 0 1 -1.57 4.72 5.74</i>
                <i>1 0 0 0 1 0 0 0 1 -1.57 4.72 5.74</i>
                <i>1 0 0 0 1 0 0 0 1 -1.57 4.72 5.74</i>
                <i>1 0 0 0 1 0 0 0 1 -1.57 4.72 5.74</i>
                <i>1 0 0 0 1 0 0 0 1 -1.57 4.72 5.74</i>
                <i>1 0 0 0 1 0 0 0 1 -1.57 4.72 5.74</i>
                <i>1 0 0 0 1 0 0 0 1 -1.57 4.72 5.74</i>
                <i>1 0 0 0 1 0 0 0 1 -1.57 4.72 5.74</i>
                <i>1 0 0 0 1 0 0 0 1 -1.57 4.72 5.74</i>
                <i>1 0 0 0 1 0 0 0 1 -1.57 4.72 5.74</i>
                <i>1 0 0 0 1 0 0 0 1 -1.57 4.72 5.74</i>
                <i>1 0 0 0 1 0 0 0 1 -1.57 4.72 5.74</i>
                <i>1 0 0 0 1 0 0 0 1 -1.57 4.72 5.74</i>
                <i>1 0 0 0 1 0 0 0 1 -1.57 4.72 5.74</i>
                <i>1 0 0 0 1 0 0 0 1 -1.57 4.72 5.74</i>
                <i>1 0 0 0 1 0 0 0 1 -1.57 4.72 5.74</i>
                <i>1 0 0 0 1 0 0 0 1 -1.57 4.72 5.74</i>
                <i>1 0 0 0 1 0 0 0 1 -1.57 4.72 5.74</i>
                <i>1 0 0 0 1 0 0 0 1 -1.57 4.72 5.74</i>
                <i>1 0 0 0 1 0 0 0 1 -1.57 4.72 5.74</i>
                <i>1 0 0 0 1 0 0 0 1 -1.57 4.72 5.74</i>
                <i>1 0 0 0 1 0 0 0 1 -1.57 4.72 5.74</i>
                <i>1 0 0 0 1 0 0 0 1 -1.57 4.72 5.74</i>
                <i>1 0 0 0 1 0 0 0 1 -1.57 4.72 5.74</i>
                <i>1 0 0 0 1 0 0 0 1 -1.57 4.72 5.74</i>
                <i>1 0 0 0 1 0 0 0 1 -1.57 4.72 5.74</i>
                <i>1 0 0 0 1 0 0 0 1 -1.57 4.72 5.74</i>
                <i>1 0 0 0 1 0 0 0 1 -1.57 4.72 5.74</i>
                <i>1 0 0 0 1 0 0 0 1 -1.57 4.72 5.74</i>
                <i>1 0 0 0 1 0 0 0 1 -1.57 4.72 5.74</i>
                <i>1 0 0 0 1 0 0 0 1 -1.57 4.72 5.74</i>
                <i>1 0 0 0 1 0 0 0 1 -1.57 4.72 5.74</i>
                <i>1 0 0 0 1 0 0 0 1 -1.57 4.72 5.74</i>
                <i>1 0 0 0 1 0 0 0 1 -1.57 4.72 5.74</i>
                <i>1 0 0 0 1 0 0 0 1 -1.57 4.72 5.74</i>
                <i>1 0 0 0 1 0 0 0 1 -1.57 4.72 5.74</i>
                <i>1 0 0 0 1 0 0 0 1 -1.57 4.72 5.74</i>
                <i>1 0 0 0 1 0 0 0 1 -1.57 4.72 5.74</i>
                <i>1 0 0 0 1 0 0 0 1 -1.57 4.72 5.74</i>
                <i>1 0 0 0 1 0 0 0 1 -1.57 4.72 5.74</i>
                <i>1 0 0 0 1 0 0 0 1 -1.57 4.72 5.74</i>
                <i>1 0 0 0 1 0 0 0 1 -1.57 4.72 5.74</i>
                <i>1 0 0 0 1 0 0 0 1 -1.57 4.72 5.74</i>
                <i>1 0 0 0 1 0 0 0 1 -1.57 4.72 5.74</i>
                <i>1 0 0 0 1 0 0 0 1 -1.57 4.72 5.74</i>
                <i>1 0 0 0 1 0 0 0 1 -1.57 4.72 5.74</i>
                <i>1 0 0 0 1 0 0 0 1 -1.57 4.72 5.74</i>
                <i>1 0 0 0 1 0 0 0 1 -1.57 4.72 5.74</i>
                <i>1 0 0 0 1 0 0 0 1 -1.57 4.72 5.74</i>
                <i>1 0 0 0 1 0 0 0 1 -1.57 4.72 5.74</i>
                <i>1 0 0 0 1 0 0 0 1 -1.57 4.72 5.74</i>
                <i>1 0 0 0 1 0 0 0 1 -1.57 4.72 5.74</i>
                <i>1 0 0 0 1 0 0 0 1 -1.57 4.72 5.74</i>
                <i>1 0 0 0 1 0 0 0 1 -1.57 4.72 5.74</i>
                <i>1 0 0 0 1 0 0 0 1 -1.57 4.72 5.74</i>
                <i>1 0 0 0 1 0 0 0 1 -1.57 4.72 5.74</i>
                <i>1 0 0 0 1 0 0 0 1 -1.57 4.72 5.74</i>
                <i>1 0 0 0 1 0 0 0 1 -1.57 4.72 5.74</i>
                <i>1 0 0 0 1 0 0 0 1 -1.57 4.72 5.74</i>
                <i>1 0 0 0 1 0 0 0 1 -1.57 4.72 5.74</i>
                <i>1 0 0 0 1 0 0 0 1 -1.57 4.72 5.74</i>
                <i>1 0 0 0 1 0 0 0 1 -1.57 4.72 5.74</i>
                <i>1 0 0 0 1 0 0 0 1 -1.57 4.72 5.74</i>
                <i>1 0 0 0 1 0 0 0 1 -1.57 4.72 5.74</i>
                <i>1 0 0 0 1 0 0 0 1 -1.57 4.72 5.74</i>
                <i>1 0 0 0 1 0 0 0 1 -1.57 4.72 5.74</i>
                <i>1 0 0 0 1 0 0 0 1 -1.57 4.72 5.74</i>
                <i>1 0 0 0 1 0 0 0 1 -1.57 4.72 5.74</i>
                <i>1 0 0 0 1 0 0 0 1 -1.57 4.72 5.74</i>
                <i>1 0 0 0 1 0 0 0 1 -1.57 4.72 5.74</i>
                <i>1 0 0 0 1 0 0 0 1 -1.57 4.72 5.74</i>
                <i>1 0 0 0 1 0 0 0 1 -1.57 4.72 5.74</i>
                <i>1 0 0 0 1 0 0 0 1 -1.57 4.72 5.74</i>
                <i>1 0 0 0 1 0 0 0 1 -1.57 4.72 5.74</i>
                <i>1 0 0 0 1 0 0 0 1 -1.57 4.72 5.74</i>
                <i>1 0 0 0 1 0 0 0 1 -1.57 4.72 5.74</i>
                <i>1 0 0 0 1 0 0 0 1 -1.57 4.72 5.74</i>
                <i>1 0 0 0 1 0 0 0 1 -1.57 4.72 5.74</i>
                <i>1 0 0 0 1 0 0 0 1 -1.57 4.72 5.74</i>
                <i>1 0 0 0 1 0 0 0 1 -1.57 4.72 5.74</i>
                <i>1 0 0 0 1 0 0 0 1 -1.57 4.72 5.74</i>
                <i>1 0 0 0 1 0 0 0 1 -1.57 4.72 5.74</i>
                <i>1 0 0 0 1 0 0 0 1 -1.57 4.72 5.74</i>
                <i>1 0 0 0 1 0 0 0 1 -1.57 4.72 5.74</i>
                <i>1 0 0 0 1 0 0 0 1 -1.57 4.72 5.74</i>
                <i>1 0 0 0 1 0 0 0 1 -1.57 4.72 5.74</i>
                <i>1 0 0 0 1 0 0 0 1 -1.57 4.72 5.74</i>
                <i>1 0 0 0 1 0 0 0 1 -1.57 4.72 5.74</i>
                <i>1 0 0 0 1 0 0 0 1 -1.57 4.72 5.74</i>
                <i>1 0 0 0 1 0 0 0 1 -1.57 4.72 5.74</i>
                <i>1 0 0 0 1 0 0 0 1 -1.57 4.72 5.74</i>
                <i>1 0 0 0 1 0 0 0 1 -1.57 4.72 5.74</i>
                <i>1 0 0 0 1 0 0 0 1 -1.57 4.72 5.74</i>
                <i>1 0 0 0 1 0 0 0 1 -1.57 4.72 5.74</i>
                <i>1 0 0 0 1 0 0 0 1 -1.57 4.72 5.74</i>
                <i>1 0 0 0 1 0 0 0 1 -1.57 4.72 5.74</i>
                <i>1 0 0 0 1 0 0 0 1 -1.57 4.72 5.74</i>
                <i>1 0 0 0 1 0 0 0 1 -1.57 4.72 5.74</i>
                <i>1 0 0 0 1 0 0 0 1 -1.57 4.72 5.74</i>
                <i>1 0 0 0 1 0 0 0 1 -1.57 4.72 5.74</i>
                <i>1 0 0 0 1 0 0 0 1 -1.57 4.72 5.74</i>
                <i>1 0 0 0 1 0 0 0 1 -1.57 4.72 5.74</i>
                <i>1 0 0 0 1 0 0 0 1 -1.57 4.72 5.74</i>
                <i>1 0 0 0 1 0 0 0 1 -1.57 4.72 5.74</i>
                <i>1 0 0 0 1 0 0 0 1 -1.57 4.72 5.74</i>
                <i>1 0 0 0 1 0 0 0 1 -1.57 4.72 5.74</i>
                <i>1 0 0 0 1 0 0 0 1 -1.57 4.72 5.74</i>
                <i>1 0 0 0 1 0 0 0 1 -1.57 4.72 5.74</i>
                <i>1 0 0 0 1 0 0 0 1 -1.57 4.72 5.74</i>
                <i>1 0 0 0 1 0 0 0 1 -1.57 4.72 5.74</i>
                <i>1 0 0 0 1 0 0 0 1 -1.57 4.72 5.74</i>
                <i>1 0 0 0 1 0 0 0 1 -1.57 4.72 5.74</i>
                <i>1 0 0 0 1 0 0 0 1 -1.57 4.72 5.74</i>
                <i>1 0 0 0 1 0 0 0 1 -1.57 4.72 5.74</i>
                <i>1 0 0 0 1 0 0 0 1 -1.57 4.72 5.74</i>
                <i>1 0 0 0 1 0 0 0 1 -1.57 4.72 5.74</i>
                <i>1 0 0 0 1 0 0 0 1 -1.57 4.72 5.74</i>
                <i>1 0 0 0 1 0 0 0 1 -1.57 4.72 5.74</i>
                <i>1 0 0 0 1 0 0 0 1 -1.57 4.72 5.74</i>
                <i>1 0 0 0 1 0 0 0 1 -1.57 4.72 5.74</i>
                <i>1 0 0 0 1 0 0 0 1 -1.57 4.72 5.74</i>
                <i>1 0 0 0 1 0 0 0 1 -1.57 4.72 5.74</i>
                <i>1 0 0 0 1 0 0 0 1 -1.57 4.72 5.74</i>
                <i>1 0 0 0 1 0 0 0 1 -1.57 4.72 5.74</i>
                <i>1 0 0 0 1 0 0 0 1 -1.57 4.72 5.74</i>
                <i>1 0 0 0 1 0 0 0 1 -1.57 4.72 5.74</i>
                <i>1 0 0 0 1 0 0 0 1 -1.57 4.72 5.74</i>
                <i>1 0 0 0 1 0 0 0 1 -1.57 4.72 5.74</i>
                <i>1 0 0 0 1 0 0 0 1 -1.57 4.72 5.74</i>
                <i>1 0 0 0 1 0 0 0 1 -1.57 4.72 5.74</i>
                <i>1 0 0 0 1 0 0 0 1 -1.57 4.72 5.74</i>
                <i>1 0 0 0 1 0 0 0 1 -1.57 4.72 5.74</i>
                <i>1 0 0 0 1 0 0 0 1 -1.57 4.72 5.74</i>
                <i>1 0 0 0 1 0 0 0 1 -1.57 4.72 5.74</i>
                <i>1 0 0 0 1 0 0 0 1 -1.57 4.72 5.74</i>
                <i>1 0 0 0 1 0 0 0 1 -1.57 4.72 5.74</i>
                <i>1 0 0 0 1 0 0 0 1 -1.57 4.72 5.74</i>
                <i>1 0 0 0 1 0 0 0 1 -1.57 4.72 5.74</i>
                <i>1 0 0 0 1 0 0 0 1 -1.57 4.72 5.74</i>
                <i>1 0 0 0 1 0 0 0 1 -1.57 4.72 5.74</i>
                <i>1 0 0 0 1 0 0 0 1 -1.57 4.72 5.74</i>
                <i>1 0 0 0 1 0 0 0 1 -1.57 4.72 5.74</i>
                <i>1 0 0 0 1 0 0 0 1 -1.57 4.72 5.74</i>
                <i>1 0 0 0 1 0 0 0 1 -1.57 4.72 5.74</i>
                <i>1 0 0 0 1 0 0 0 1 -1.57 4.72 5.74</i>
                <i>1 0 0 0 1 0 0 0 1 -1.57 4.72 5.74</i>
            </KeyFrames>
        </RefFrame>
        <Bones count="23">
            <i>
                <p>
                    <Name><![CDATA[pelvis]]></Name>
                    <Exclude>0</Exclude>
                    <Additive>0</Additive>
                    <IKPriority>0</IKPriority>
                    <IKRotLimits>-1e+010 -1e+010 -1e+010 1e+010 1e+010 1e+010</IKRotLimits>
                    <IKRotLimitOrder>2</IKRotLimitOrder>
                    <KeyFrames count="180">
                        <i>1 0 0 0 1 0 0 0 1 -1.56492 5.89623 5.74665</i>
                        <i>1 0 0 0 1 0 0 0 1 -1.56492 5.89438 5.74665</i>
                        <i>1 0 0 0 1 0 0 0 1 -1.56492 5.89233 5.74665</i>
                        <i>1 0 0 0 1 0 0 0 1 -1.56492 5.89013 5.74665</i>
                        <i>1 0 0 0 1 0 0 0 1 -1.56492 5.88785 5.74665</i>
                        <i>1 0 0 0 1 0 0 0 1 -1.56492 5.88553 5.74665</i>
                        <i>1 0 0 0 1 0 0 0 1 -1.56492 5.88323 5.74665</i>
                        <i>1 0 0 0 1 0 0 0 1 -1.56492 5.881 5.74665</i>
                        <i>1 0 0 0 1 0 0 0 1 -1.56492 5.8789 5.74665</i>
                        <i>1 0 0 0 1 0 0 0 1 -1.56492 5.87697 5.74665</i>
                        <i>1 0 0 0 1 0 0 0 1 -1.56492 5.87528 5.74665</i>
                        <i>1 0 0 0 1 0 0 0 1 -1.56492 5.87386 5.74665</i>
                        <i>1 0 0 0 1 0 0 0 1 -1.56492 5.87279 5.74665</i>
                        <i>1 0 0 0 1 0 0 0 1 -1.56492 5.87211 5.74665</i>
                        <i>1 0 0 0 1 0 0 0 1 -1.56492 5.87187 5.74665</i>
                        <i>1 0 0 0 1 0 0 0 1 -1.56492 5.87215 5.74665</i>
                        <i>1 0 0 0 1 0 0 0 1 -1.56492 5.87296 5.74665</i>
                        <i>1 0 0 0 1 0 0 0 1 -1.56492 5.87421 5.74665</i>
                        <i>1 0 0 0 1 0 0 0 1 -1.56492 5.87583 5.74665</i>
                        <i>1 0 0 0 1 0 0 0 1 -1.56492 5.87775 5.74665</i>
                        <i>1 0 0 0 1 0 0 0 1 -1.56492 5.87988 5.74665</i>
                        <i>1 0 0 0 1 0 0 0 1 -1.56492 5.88215 5.74665</i>
                        <i>1 0 0 0 1 0 0 0 1 -1.56492 5.88449 5.74665</i>
                        <i>1 0 0 0 1 0 0 0 1 -1.56492 5.88681 5.74665</i>
                        <i>1 0 0 0 1 0 0 0 1 -1.56492 5.88905 5.74665</i>
                        <i>1 0 0 0 1 0 0 0 1 -1.56492 5.89112 5.74665</i>
                        <i>1 0 0 0 1 0 0 0 1 -1.56492 5.89295 5.74665</i>
                        <i>1 0 0 0 1 0 0 0 1 -1.56492 5.89446 5.74665</i>
                        <i>1 0 0 0 1 0 0 0 1 -1.56492 5.89558 5.74665</i>
                        <i>1 0 0 0 1 0 0 0 1 -1.56492 5.89623 5.74665</i>
                        <i>1 0 0 0 1 0 0 0 1 -1.56492 5.89614 5.74665</i>
                        <i>1 0 0 0 1 0 0 0 1 -1.56492 5.89522 5.74665</i>
                        <i>1 0 0 0 1 0 0 0 1 -1.56492 5.89366 5.74665</i>
                        <i>1 0 0 0 1 0 0 0 1 -1.56492 5.89166 5.74665</i>
                        <i>1 0 0 0 1 0 0 0 1 -1.56492 5.88943 5.74665</i>
                        <i>1 0 0 0 1 0 0 0 1 -1.56492 5.88715 5.74665</i>
                        <i>1 0 0 0 1 0 0 0 1 -1.56492 5.88504 5.74665</i>
                        <i>1 0 0 0 1 0 0 0 1 -1.56492 5.88328 5.74665</i>
                        <i>1 0 0 0 1 0 0 0 1 -1.56492 5.88208 5.74665</i>
                        <i>1 0 0 0 1 0 0 0 1 -1.56492 5.88164 5.74665</i>
                        <i>1 0 0 0 1 0 0 0 1 -1.56492 5.88205 5.74665</i>
                        <i>1 0 0 0 1 0 0 0 1 -1.56492 5.88316 5.74665</i>
                        <i>1 0 0 0 1 0 0 0 1 -1.56492 5.88479 5.74665</i>
                        <i>1 0 0 0 1 0 0 0 1 -1.56492 5.88678 5.74665</i>
                        <i>1 0 0 0 1 0 0 0 1 -1.56492 5.88894 5.74665</i>
                        <i>1 0 0 0 1 0 0 0 1 -1.56492 5.8911 5.74665</i>
                        <i>1 0 0 0 1 0 0 0 1 -1.56492 5.89308 5.74665</i>
                        <i>1 0 0 0 1 0 0 0 1 -1.56492 5.89472 5.74665</i>
                        <i>1 0 0 0 1 0 0 0 1 -1.56492 5.89583 5.74665</i>
                        <i>1 0 0 0 1 0 0 0 1 -1.56492 5.89623 5.74665</i>
                        <i>1 0 0 0 1 0 0 0 1 -1.56492 5.8961 5.74665</i>
                        <i>1 0 0 0 1 0 0 0 1 -1.56492 5.89573 5.74665</i>
                        <i>1 0 0 0 1 0 0 0 1 -1.56492 5.89515 5.74665</i>
                        <i>1 0 0 0 1 0 0 0 1 -1.56492 5.89439 5.74665</i>
                        <i>1 0 0 0 1 0 0 0 1 -1.56492 5.89348 5.74665</i>
                        <i>1 0 0 0 1 0 0 0 1 -1.56492 5.89245 5.74665</i>
                        <i>1 0 0 0 1 0 0 0 1 -1.56492 5.89132 5.74665</i>
                        <i>1 0 0 0 1 0 0 0 1 -1.56492 5.89014 5.74665</i>
                        <i>1 0 0 0 1 0 0 0 1 -1.56492 5.88893 5.74665</i>
                        <i>1 0 0 0 1 0 0 0 1 -1.56492 5.88772 5.74665</i>
                        <i>1 0 0 0 1 0 0 0 1 -1.56492 5.88654 5.74665</i>
                        <i>1 0 0 0 1 0 0 0 1 -1.56492 5.88541 5.74665</i>
                        <i>1 0 0 0 1 0 0 0 1 -1.56492 5.88438 5.74665</i>
                        <i>1 0 0 0 1 0 0 0 1 -1.56492 5.88347 5.74665</i>
                        <i>1 0 0 0 1 0 0 0 1 -1.56492 5.88271 5.74665</i>
                        <i>1 0 0 0 1 0 0 0 1 -1.56492 5.88213 5.74665</i>
                        <i>1 0 0 0 1 0 0 0 1 -1.56492 5.88176 5.74665</i>
                        <i>1 0 0 0 1 0 0 0 1 -1.56492 5.88163 5.74665</i>
                        <i>1 0 0 0 1 0 0 0 1 -1.56492 5.88181 5.74665</i>
                        <i>1 0 0 0 1 0 0 0 1 -1.56492 5.88231 5.74665</i>
                        <i>1 0 0 0 1 0 0 0 1 -1.56492 5.88308 5.74665</i>
                        <i>1 0 0 0 1 0 0 0 1 -1.56492 5.88408 5.74665</i>
                        <i>1 0 0 0 1 0 0 0 1 -1.56492 5.88527 5.74665</i>
                        <i>1 0 0 0 1 0 0 0 1 -1.56492 5.88658 5.74665</i>
                        <i>1 0 0 0 1 0 0 0 1 -1.56492 5.88799 5.74665</i>
                        <i>1 0 0 0 1 0 0 0 1 -1.56492 5.88942 5.74665</i>
                        <i>1 0 0 0 1 0 0 0 1 -1.56492 5.89085 5.74665</i>
                        <i>1 0 0 0 1 0 0 0 1 -1.56492 5.89223 5.74665</i>
                        <i>1 0 0 0 1 0 0 0 1 -1.56492 5.89349 5.74665</i>
                        <i>1 0 0 0 1 0 0 0 1 -1.56492 5.89461 5.74665</i>
                        <i>1 0 0 0 1 0 0 0 1 -1.56492 5.89552 5.74665</i>
                        <i>1 0 0 0 1 0 0 0 1 -1.56492 5.89619 5.74665</i>
                        <i>1 0 0 0 1 0 0 0 1 -1.56492 5.89656 5.74665</i>
                        <i>1 0 0 0 1 0 0 0 1 -1.56492 5.89659 5.74665</i>
                        <i>1 0 0 0 1 0 0 0 1 -1.56492 5.89623 5.74665</i>
                        <i>1 0 0 0 1 0 0 0 1 -1.56492 5.89493 5.74665</i>
                        <i>1 0 0 0 1 0 0 0 1 -1.56492 5.89238 5.74665</i>
                        <i>1 0 0 0 1 0 0 0 1 -1.56492 5.88891 5.74665</i>
                        <i>1 0 0 0 1 0 0 0 1 -1.56492 5.88485 5.74665</i>
                        <i>1 0 0 0 1 0 0 0 1 -1.56492 5.88052 5.74665</i>
                        <i>1 0 0 0 1 0 0 0 1 -1.56492 5.87624 5.74665</i>
                        <i>1 0 0 0 1 0 0 0 1 -1.56492 5.87235 5.74665</i>
                        <i>1 0 0 0 1 0 0 0 1 -1.56492 5.86917 5.74665</i>
                        <i>1 0 0 0 1 0 0 0 1 -1.56492 5.86702 5.74665</i>
                        <i>1 0 0 0 1 0 0 0 1 -1.56492 5.86623 5.74665</i>
                        <i>1 0 0 0 1 0 0 0 1 -1.56492 5.86704 5.74665</i>
                        <i>1 0 0 0 1 0 0 0 1 -1.56492 5.86925 5.74665</i>
                        <i>1 0 0 0 1 0 0 0 1 -1.56492 5.87252 5.74665</i>
                        <i>1 0 0 0 1 0 0 0 1 -1.56492 5.87651 5.74665</i>
                        <i>1 0 0 0 1 0 0 0 1 -1.56492 5.88086 5.74665</i>
                        <i>1 0 0 0 1 0 0 0 1 -1.56492 5.88525 5.74665</i>
                        <i>1 0 0 0 1 0 0 0 1 -1.56492 5.88932 5.74665</i>
                        <i>1 0 0 0 1 0 0 0 1 -1.56492 5.89274 5.74665</i>
                        <i>1 0 0 0 1 0 0 0 1 -1.56492 5.89515 5.74665</i>
                        <i>1 0 0 0 1 0 0 0 1 -1.56492 5.89623 5.74665</i>
                        <i>1 0 0 0 1 0 0 0 1 -1.56492 5.8962 5.74665</i>
                        <i>1 0 0 0 1 0 0 0 1 -1.56492 5.89558 5.74665</i>
                        <i>1 0 0 0 1 0 0 0 1 -1.56492 5.89445 5.74665</i>
                        <i>1 0 0 0 1 0 0 0 1 -1.56492 5.8929 5.74665</i>
                        <i>1 0 0 0 1 0 0 0 1 -1.56492 5.89102 5.74665</i>
                        <i>1 0 0 0 1 0 0 0 1 -1.56492 5.8889 5.74665</i>
                        <i>1 0 0 0 1 0 0 0 1 -1.56492 5.88663 5.74665</i>
                        <i>1 0 0 0 1 0 0 0 1 -1.56492 5.8843 5.74665</i>
                        <i>1 0 0 0 1 0 0 0 1 -1.56492 5.88199 5.74665</i>
                        <i>1 0 0 0 1 0 0 0 1 -1.56492 5.8798 5.74665</i>
                        <i>1 0 0 0 1 0 0 0 1 -1.56492 5.8778 5.74665</i>
                        <i>1 0 0 0 1 0 0 0 1 -1.56492 5.8761 5.74665</i>
                        <i>1 0 0 0 1 0 0 0 1 -1.56492 5.87477 5.74665</i>
                        <i>1 0 0 0 1 0 0 0 1 -1.56492 5.87391 5.74665</i>
                        <i>1 0 0 0 1 0 0 0 1 -1.56492 5.8736 5.74665</i>
                        <i>1 0 0 0 1 0 0 0 1 -1.56492 5.87389 5.74665</i>
                        <i>1 0 0 0 1 0 0 0 1 -1.56492 5.8747 5.74665</i>
                        <i>1 0 0 0 1 0 0 0 1 -1.56492 5.87596 5.74665</i>
                        <i>1 0 0 0 1 0 0 0 1 -1.56492 5.87758 5.74665</i>
                        <i>1 0 0 0 1 0 0 0 1 -1.56492 5.87948 5.74665</i>
                        <i>1 0 0 0 1 0 0 0 1 -1.56492 5.88158 5.74665</i>
                        <i>1 0 0 0 1 0 0 0 1 -1.56492 5.8838 5.74665</i>
                        <i>1 0 0 0 1 0 0 0 1 -1.56492 5.88606 5.74665</i>
                        <i>1 0 0 0 1 0 0 0 1 -1.56492 5.88828 5.74665</i>
                        <i>1 0 0 0 1 0 0 0 1 -1.56492 5.89038 5.74665</i>
                        <i>1 0 0 0 1 0 0 0 1 -1.56492 5.89228 5.74665</i>
                        <i>1 0 0 0 1 0 0 0 1 -1.56492 5.89389 5.74665</i>
                        <i>1 0 0 0 1 0 0 0 1 -1.56492 5.89514 5.74665</i>
                        <i>1 0 0 0 1 0 0 0 1 -1.56492 5.89595 5.74665</i>
                        <i>1 0 0 0 1 0 0 0 1 -1.56492 5.89623 5.74665</i>
                        <i>1 0 0 0 1 0 0 0 1 -1.56492 5.89525 5.74665</i>
                        <i>1 0 0 0 1 0 0 0 1 -1.56492 5.89267 5.74665</i>
                        <i>1 0 0 0 1 0 0 0 1 -1.56492 5.88903 5.74665</i>
                        <i>1 0 0 0 1 0 0 0 1 -1.56492 5.88485 5.74665</i>
                        <i>1 0 0 0 1 0 0 0 1 -1.56492 5.88068 5.74665</i>
                        <i>1 0 0 0 1 0 0 0 1 -1.56492 5.87703 5.74665</i>
                        <i>1 0 0 0 1 0 0 0 1 -1.56492 5.87446 5.74665</i>
                        <i>1 0 0 0 1 0 0 0 1 -1.56492 5.87348 5.74665</i>
                        <i>1 0 0 0 1 0 0 0 1 -1.56492 5.87469 5.74665</i>
                        <i>1 0 0 0 1 0 0 0 1 -1.56492 5.87783 5.74665</i>
                        <i>1 0 0 0 1 0 0 0 1 -1.56492 5.88215 5.74665</i>
                        <i>1 0 0 0 1 0 0 0 1 -1.56492 5.8869 5.74665</i>
                        <i>1 0 0 0 1 0 0 0 1 -1.56492 5.89133 5.74665</i>
                        <i>1 0 0 0 1 0 0 0 1 -1.56492 5.89469 5.74665</i>
                        <i>1 0 0 0 1 0 0 0 1 -1.56492 5.89623 5.74665</i>
                        <i>1 0 0 0 1 0 0 0 1 -1.56492 5.89639 5.74665</i>
                        <i>1 0 0 0 1 0 0 0 1 -1.56492 5.89612 5.74665</i>
                        <i>1 0 0 0 1 0 0 0 1 -1.56492 5.8955 5.74665</i>
                        <i>1 0 0 0 1 0 0 0 1 -1.56492 5.89457 5.74665</i>
                        <i>1 0 0 0 1 0 0 0 1 -1.56492 5.8934 5.74665</i>
                        <i>1 0 0 0 1 0 0 0 1 -1.56492 5.89206 5.74665</i>
                        <i>1 0 0 0 1 0 0 0 1 -1.56492 5.8906 5.74665</i>
                        <i>1 0 0 0 1 0 0 0 1 -1.56492 5.88908 5.74665</i>
                        <i>1 0 0 0 1 0 0 0 1 -1.56492 5.88757 5.74665</i>
                        <i>1 0 0 0 1 0 0 0 1 -1.56492 5.88612 5.74665</i>
                        <i>1 0 0 0 1 0 0 0 1 -1.56492 5.8848 5.74665</i>
                        <i>1 0 0 0 1 0 0 0 1 -1.56492 5.88367 5.74665</i>
                        <i>1 0 0 0 1 0 0 0 1 -1.56492 5.88278 5.74665</i>
                        <i>1 0 0 0 1 0 0 0 1 -1.56492 5.88221 5.74665</i>
                        <i>1 0 0 0 1 0 0 0 1 -1.56492 5.882 5.74665</i>
                        <i>1 0 0 0 1 0 0 0 1 -1.56492 5.88212 5.74665</i>
                        <i>1 0 0 0 1 0 0 0 1 -1.56492 5.88247 5.74665</i>
                        <i>1 0 0 0 1 0 0 0 1 -1.56492 5.88303 5.74665</i>
                        <i>1 0 0 0 1 0 0 0 1 -1.56492 5.88376 5.74665</i>
                        <i>1 0 0 0 1 0 0 0 1 -1.56492 5.88464 5.74665</i>
                        <i>1 0 0 0 1 0 0 0 1 -1.56492 5.88565 5.74665</i>
                        <i>1 0 0 0 1 0 0 0 1 -1.56492 5.88675 5.74665</i>
                        <i>1 0 0 0 1 0 0 0 1 -1.56492 5.88794 5.74665</i>
                        <i>1 0 0 0 1 0 0 0 1 -1.56492 5.88918 5.74665</i>
                        <i>1 0 0 0 1 0 0 0 1 -1.56492 5.89044 5.74665</i>
                        <i>1 0 0 0 1 0 0 0 1 -1.56492 5.8917 5.74665</i>
                        <i>1 0 0 0 1 0 0 0 1 -1.56492 5.89293 5.74665</i>
                        <i>1 0 0 0 1 0 0 0 1 -1.56492 5.89412 5.74665</i>
                        <i>1 0 0 0 1 0 0 0 1 -1.56492 5.89523 5.74665</i>
                        <i>1 0 0 0 1 0 0 0 1 -1.56492 5.89623 5.74665</i>
                    </KeyFrames>
                </p>
            </i>
            <i>
                <p>
                    <Name><![CDATA[spine0]]></Name>
                    <Exclude>0</Exclude>
                    <Additive>0</Additive>
                    <IKPriority>0</IKPriority>
                    <IKRotLimits>-1e+010 -1e+010 -1e+010 1e+010 1e+010 1e+010</IKRotLimits>
                    <IKRotLimitOrder>0</IKRotLimitOrder>
                    <KeyFrames count="180">
                        <i>-0.00672444 0.999732 -0.022139 -0.999977 -0.00672609 1.28682e-014 -0.000148909 0.0221385 0.999755 -1.56875 6.03183 5.69875</i>
                        <i>-0.00672247 0.999707 -0.0232422 -0.999977 -0.00672718 -0.000124229 -0.000280547 0.0232408 0.99973 -1.56874 6.0297 5.69797</i>
                        <i>-0.00671965 0.999688 -0.0240592 -0.999977 -0.00672786 -0.000260378 -0.000422164 0.0240569 0.999711 -1.56873 6.02734 5.69711</i>
                        <i>-0.00671593 0.999673 -0.0246565 -0.999977 -0.00672798 -0.000405721 -0.000571477 0.0246532 0.999696 -1.56872 6.0248 5.6962</i>
                        <i>-0.0067113 0.999662 -0.025101 -0.999977 -0.00672741 -0.000557539 -0.000726216 0.0250967 0.999685 -1.56871 6.02216 5.69525</i>
                        <i>-0.00670581 0.999653 -0.0254603 -0.999977 -0.00672615 -0.000713115 -0.000884118 0.0254549 0.999676 -1.5687 6.01947 5.69428</i>
                        <i>-0.00669957 0.999645 -0.0258033 -0.999977 -0.00672424 -0.000869729 -0.00104293 0.0257969 0.999667 -1.56869 6.01678 5.6933</i>
                        <i>-0.00669272 0.999634 -0.0262008 -0.999977 -0.00672187 -0.00102465 -0.00120039 0.0261933 0.999656 -1.56868 6.01417 5.69234</i>
                        <i>-0.00668546 0.99962 -0.0267249 -0.999977 -0.00671926 -0.00117512 -0.00135424 0.0267164 0.999642 -1.56867 6.01168 5.69141</i>
                        <i>-0.00667805 0.999601 -0.0274491 -0.999977 -0.00671676 -0.00131837 -0.00150221 0.0274397 0.999622 -1.56866 6.00938 5.69053</i>
                        <i>-0.00667077 0.999573 -0.0284482 -0.999976 -0.00671477 -0.0014516 -0.001642 0.0284379 0.999594 -1.56865 6.00734 5.68972</i>
                        <i>-0.00666394 0.999534 -0.0297971 -0.999976 -0.00671376 -0.00157198 -0.00177129 0.0297859 0.999555 -1.56864 6.00561 5.68898</i>
                        <i>-0.00665776 0.999487 -0.0313299 -0.999976 -0.00671358 -0.00167671 -0.00188618 0.031318 0.999508 -1.56863 6.00425 5.68834</i>
                        <i>-0.00665235 0.99944 -0.0327783 -0.999976 -0.00671373 -0.00176302 -0.0019821 0.0327658 0.999461 -1.56862 6.00333 5.68782</i>
                        <i>-0.00664796 0.999398 -0.0340636 -0.999976 -0.00671412 -0.00182812 -0.00205572 0.0340506 0.999418 -1.56862 6.00292 5.68742</i>
                        <i>-0.00664492 0.999361 -0.035125 -0.999976 -0.00671471 -0.00186919 -0.00210385 0.0351118 0.999381 -1.56862 6.00309 5.68717</i>
                        <i>-0.00664363 0.999332 -0.0359309 -0.999976 -0.00671562 -0.00188344 -0.00212348 0.0359175 0.999353 -1.56861 6.00386 5.68709</i>
                        <i>-0.00664565 0.999319 -0.0362901 -0.999976 -0.00671729 -0.00185258 -0.00209509 0.0362769 0.99934 -1.56862 6.0052 5.68727</i>
                        <i>-0.00665169 0.999326 -0.0360925 -0.999976 -0.00671982 -0.00176678 -0.00200813 0.0360799 0.999347 -1.56862 6.00705 5.68779</i>
                        <i>-0.00666062 0.99935 -0.0354217 -0.999976 -0.00672278 -0.00163594 -0.00187301 0.03541 0.999371 -1.56863 6.00932 5.68859</i>
                        <i>-0.00667125 0.999387 -0.0343607 -0.999976 -0.00672572 -0.00146997 -0.00170017 0.0343501 0.999408 -1.56865 6.01189 5.6896</i>
                        <i>-0.00668242 0.999433 -0.0329938 -0.999977 -0.00672826 -0.0012787 -0.00149997 0.0329845 0.999455 -1.56866 6.01467 5.69077</i>
                        <i>-0.00669313 0.999484 -0.0314084 -0.999977 -0.00673011 -0.00107191 -0.00128274 0.0314005 0.999506 -1.56867 6.01753 5.69205</i>
                        <i>-0.00670261 0.999537 -0.029695 -0.999977 -0.0067311 -0.000859287 -0.00105877 0.0296885 0.999559 -1.56869 6.02039 5.69337</i>
                        <i>-0.00671038 0.999587 -0.0279475 -0.999977 -0.00673119 -0.00065047 -0.000838322 0.0279425 0.999609 -1.5687 6.02313 5.69467</i>
                        <i>-0.00671622 0.999633 -0.0262628 -0.999977 -0.00673049 -0.000455065 -0.000631659 0.0262591 0.999655 -1.56872 6.02567 5.69589</i>
                        <i>-0.00672022 0.999671 -0.0247396 -0.999977 -0.00672927 -0.000282675 -0.000449062 0.0247372 0.999694 -1.56873 6.02791 5.69697</i>
                        <i>-0.00672265 0.999702 -0.023478 -0.999977 -0.00672786 -0.000142927 -0.000300841 0.0234765 0.999724 -1.56874 6.02974 5.69785</i>
                        <i>-0.00672393 0.999722 -0.022578 -0.999977 -0.00672667 -4.54758e-005 -0.000197338 0.0225772 0.999745 -1.56874 6.03108 5.69847</i>
                        <i>-0.00672444 0.999732 -0.022139 -0.999977 -0.00672609 1.28682e-014 -0.000148909 0.0221385 0.999755 -1.56875 6.03183 5.69875</i>
                        <i>-0.00665374 0.999755 -0.0211236 -0.999972 -0.00672519 -0.00331328 -0.00345453 0.021101 0.999771 -1.56859 6.03167 5.69855</i>
                        <i>-0.00648237 0.999805 -0.0186598 -0.999895 -0.0067222 -0.0128191 -0.012942 0.0185747 0.999744 -1.56812 6.03049 5.69781</i>
                        <i>-0.00629753 0.999866 -0.0150859 -0.999591 -0.00671547 -0.0278154 -0.027913 0.0149045 0.999499 -1.56735 6.02854 5.69668</i>
                        <i>-0.00619882 0.999923 -0.0107415 -0.998844 -0.00670341 -0.0475946 -0.047663 0.010434 0.998809 -1.5663 6.02604 5.69531</i>
                        <i>-0.00627414 0.999962 -0.00597972 -0.997422 -0.00668541 -0.0714403 -0.0714776 0.00551608 0.997427 -1.56496 6.02325 5.69385</i>
                        <i>-0.00657844 0.999978 -0.00117619 -0.995102 -0.00666237 -0.0986249 -0.0986306 0.000521632 0.995124 -1.56338 6.0204 5.69243</i>
                        <i>-0.00711549 0.999969 0.00326871 -0.991699 -0.0066369 -0.12841 -0.128385 -0.00415527 0.991716 -1.56158 6.01775 5.69121</i>
                        <i>-0.00782368 0.999945 0.00693494 -0.987087 -0.00661307 -0.160051 -0.159996 -0.00809757 0.987084 -1.55965 6.01555 5.69032</i>
                        <i>-0.00856798 0.999919 0.00939655 -0.981216 -0.00659593 -0.192799 -0.192722 -0.0108719 0.981193 -1.55765 6.01407 5.68987</i>
                        <i>-0.00914046 0.999906 0.0102431 -0.974125 -0.0065905 -0.225915 -0.225826 -0.012043 0.974093 -1.55569 6.01356 5.69</i>
                        <i>-0.00932982 0.999913 0.00932761 -0.965943 -0.00659986 -0.258671 -0.258587 -0.0114233 0.96592 -1.55391 6.01417 5.6908</i>
                        <i>-0.00905227 0.999934 0.00703097 -0.956884 -0.00662064 -0.290396 -0.290331 -0.00935657 0.956881 -1.55237 6.01571 5.69216</i>
                        <i>-0.00829033 0.999959 0.0037643 -0.94724 -0.00664692 -0.320456 -0.320418 -0.00622239 0.947256 -1.55111 6.01794 5.69394</i>
                        <i>-0.00708856 0.999975 -8.10716e-005 -0.937379 -0.00667307 -0.348248 -0.34824 -0.00239258 0.937402 -1.55016 6.0206 5.69597</i>
                        <i>-0.00554566 0.999976 -0.0041526 -0.927726 -0.00669477 -0.373202 -0.373221 0.00178282 0.927741 -1.5495 6.02347 5.69808</i>
                        <i>-0.00380348 0.99996 -0.00814367 -0.918753 -0.00670965 -0.394776 -0.394815 0.0059805 0.918741 -1.54908 6.0263 5.70011</i>
                        <i>-0.00203536 0.999928 -0.0117901 -0.910954 -0.00671746 -0.412453 -0.412502 0.00990076 0.910903 -1.54887 6.02887 5.70192</i>
                        <i>-0.000434589 0.999889 -0.014859 -0.904827 -0.00671983 -0.425726 -0.425779 0.0132598 0.90473 -1.54878 6.03095 5.70335</i>
                        <i>0.000797816 0.999853 -0.0171332 -0.900845 -0.00671958 -0.434088 -0.434139 0.0157806 0.900708 -1.54875 6.03234 5.70425</i>
                        <i>0.00146701 0.99983 -0.0183927 -0.89943 -0.00671953 -0.437013 -0.437062 0.0171841 0.899267 -1.5487 6.03282 5.7045</i>
                        <i>0.00176226 0.999818 -0.019001 -0.899411 -0.00672067 -0.437053 -0.437101 0.0178599 0.899235 -1.54857 6.0326 5.70424</i>
                        <i>0.00200284 0.999808 -0.0194967 -0.899375 -0.00672249 -0.437126 -0.437174 0.0184103 0.899189 -1.54834 6.03205 5.70378</i>
                        <i>0.00220254 0.999799 -0.0199074 -0.899325 -0.00672465 -0.437229 -0.437275 0.0188662 0.89913 -1.54802 6.03122 5.70313</i>
                        <i>0.00237449 0.999792 -0.0202595 -0.899263 -0.00672676 -0.437357 -0.437403 0.0192571 0.89906 -1.54762 6.03015 5.70232</i>
                        <i>0.00253162 0.999785 -0.0205789 -0.89919 -0.00672843 -0.437506 -0.43755 0.019612 0.89898 -1.54715 6.02887 5.70139</i>
                        <i>0.00268704 0.999778 -0.0208919 -0.89911 -0.00672935 -0.437671 -0.437714 0.0199602 0.898892 -1.54663 6.02742 5.70035</i>
                        <i>0.00285428 0.999771 -0.0212261 -0.899024 -0.00672927 -0.437848 -0.437891 0.0203325 0.898798 -1.54608 6.02584 5.69924</i>
                        <i>0.00304761 0.999762 -0.0216104 -0.898933 -0.00672809 -0.438034 -0.438075 0.0207613 0.898699 -1.5455 6.02416 5.69809</i>
                        <i>0.00328216 0.999751 -0.0220762 -0.898841 -0.00672584 -0.438223 -0.438262 0.0212813 0.898595 -1.54492 6.02243 5.69692</i>
                        <i>0.003574 0.999737 -0.0226569 -0.898749 -0.00672268 -0.438412 -0.438449 0.0219297 0.898489 -1.54433 6.02069 5.69576</i>
                        <i>0.00394022 0.999719 -0.0233882 -0.898659 -0.00671893 -0.438596 -0.43863 0.0227462 0.89838 -1.54377 6.01898 5.69463</i>
                        <i>0.00439883 0.999695 -0.024308 -0.898573 -0.00671505 -0.438772 -0.438801 0.0237726 0.89827 -1.54323 6.01735 5.69356</i>
                        <i>0.00496859 0.999664 -0.0254561 -0.898494 -0.00671157 -0.438934 -0.438957 0.0250531 0.898159 -1.54274 6.01583 5.69257</i>
                        <i>0.0056688 0.999623 -0.0268735 -0.898424 -0.00670912 -0.439079 -0.439093 0.0266328 0.898047 -1.5423 6.01449 5.6917</i>
                        <i>0.00651884 0.99957 -0.0286014 -0.898364 -0.00670838 -0.439201 -0.439204 0.0285575 0.897933 -1.54193 6.01335 5.69096</i>
                        <i>0.00768027 0.999491 -0.030974 -0.898317 -0.0067109 -0.439298 -0.439282 0.0311983 0.897807 -1.54164 6.01247 5.69039</i>
                        <i>0.00917316 0.999379 -0.0340339 -0.898285 -0.0067173 -0.439363 -0.439318 0.0346025 0.897665 -1.54144 6.01189 5.68999</i>
                        <i>0.0108168 0.999241 -0.0374107 -0.89827 -0.00672667 -0.439393 -0.439311 0.0383578 0.897516 -1.54135 6.01167 5.68981</i>
                        <i>0.012468 0.999089 -0.0408111 -0.898274 -0.00673818 -0.439383 -0.439258 0.0421378 0.897372 -1.54138 6.01187 5.68986</i>
                        <i>0.0140101 0.998933 -0.043995 -0.898297 -0.00675055 -0.439336 -0.439165 0.0456757 0.897245 -1.54151 6.01251 5.69013</i>
                        <i>0.015343 0.998789 -0.0467547 -0.898336 -0.00676237 -0.439257 -0.439041 0.048741 0.897144 -1.54175 6.01353 5.6906</i>
                        <i>0.0163698 0.99867 -0.0488893 -0.898388 -0.00677231 -0.43915 -0.438897 0.0511103 0.897083 -1.54207 6.01486 5.69124</i>
                        <i>0.0169974 0.998594 -0.0502052 -0.898451 -0.00677928 -0.439021 -0.438744 0.0525691 0.897073 -1.54246 6.01644 5.69202</i>
                        <i>0.0171365 0.998576 -0.0505164 -0.898523 -0.00678247 -0.438874 -0.438591 0.0529109 0.897128 -1.54291 6.0182 5.69291</i>
                        <i>0.0166998 0.998627 -0.0496419 -0.898601 -0.00678139 -0.438714 -0.438448 0.0519347 0.897255 -1.5434 6.02008 5.69388</i>
                        <i>0.0157323 0.998739 -0.0476724 -0.898683 -0.00677673 -0.438545 -0.438316 0.0497418 0.897444 -1.54391 6.02201 5.69492</i>
                        <i>0.0144072 0.998885 -0.0449644 -0.898767 -0.00676999 -0.438374 -0.438189 0.0467283 0.897667 -1.54445 6.02393 5.69598</i>
                        <i>0.01283 0.999046 -0.0417341 -0.898851 -0.00676215 -0.438202 -0.438067 0.0431349 0.897907 -1.54498 6.02578 5.69704</i>
                        <i>0.0111058 0.999209 -0.0381978 -0.898932 -0.00675404 -0.438037 -0.437948 0.0392019 0.898145 -1.54549 6.0275 5.69807</i>
                        <i>0.00933991 0.999359 -0.0345725 -0.899007 -0.00674633 -0.437881 -0.437834 0.0351707 0.898368 -1.54598 6.02903 5.69904</i>
                        <i>0.00763875 0.999488 -0.0310775 -0.899076 -0.00673952 -0.437741 -0.437726 0.0312848 0.898564 -1.54641 6.03032 5.69991</i>
                        <i>0.00610954 0.999591 -0.027934 -0.899135 -0.00673394 -0.43762 -0.437629 0.0277901 0.898726 -1.54679 6.03129 5.70067</i>
                        <i>0.00486045 0.999666 -0.0253654 -0.899182 -0.00672977 -0.437524 -0.437549 0.0249346 0.898849 -1.54709 6.03191 5.70127</i>
                        <i>0.00400016 0.999714 -0.0235959 -0.899214 -0.00672712 -0.437457 -0.43749 0.0229677 0.89893 -1.5473 6.03211 5.7017</i>
                        <i>0.00363739 0.999732 -0.02285 -0.899231 -0.00672609 -0.437423 -0.43746 0.0221385 0.898965 -1.54741 6.03183 5.70191</i>
                        <i>0.00369121 0.999721 -0.0233379 -0.902383 -0.00672687 -0.430883 -0.430919 0.0226502 0.902106 -1.54765 6.03046 5.7016</i>
                        <i>0.00390614 0.999681 -0.0249621 -0.911132 -0.00672902 -0.41206 -0.412097 0.0243533 0.910815 -1.54828 6.02765 5.70058</i>
                        <i>0.00408046 0.999614 -0.027487 -0.924141 -0.0067315 -0.381992 -0.38203 0.0269606 0.923757 -1.54937 6.02377 5.69902</i>
                        <i>0.00398729 0.999522 -0.0306672 -0.939804 -0.00673336 -0.341649 -0.341692 0.0301834 0.939327 -1.55096 6.01917 5.69706</i>
                        <i>0.00341765 0.999408 -0.0342368 -0.956381 -0.00673401 -0.292043 -0.2921 0.0337415 0.955792 -1.55311 6.01423 5.69491</i>
                        <i>0.00221569 0.999279 -0.0379082 -0.972137 -0.00673341 -0.234316 -0.234402 0.0373712 0.971421 -1.55585 6.00932 5.69276</i>
                        <i>0.000304231 0.999143 -0.0413806 -0.985457 -0.00673204 -0.169792 -0.169925 0.0408305 0.984611 -1.55917 6.00481 5.69081</i>
                        <i>-0.00230078 0.999013 -0.0443524 -0.994965 -0.0067308 -0.0999937 -0.100194 0.0438991 0.993999 -1.56298 6.00108 5.68928</i>
                        <i>-0.00548629 0.998902 -0.0465341 -0.999623 -0.00673076 -0.0266287 -0.0269126 0.0463704 0.998562 -1.56718 5.99852 5.68836</i>
                        <i>-0.00903691 0.99883 -0.0474978 -0.998802 -0.00673218 0.0484606 0.0480842 0.0478789 0.997695 -1.57157 5.99751 5.6882</i>
                        <i>-0.0125661 0.998837 -0.0465584 -0.992338 -0.00673374 0.12337 0.122913 0.0477519 0.991268 -1.57593 5.99836 5.68895</i>
                        <i>-0.0155096 0.998946 -0.0432089 -0.980533 -0.00673542 0.196241 0.195743 0.0454114 0.979603 -1.57997 6.001 5.69085</i>
                        <i>-0.0173413 0.99914 -0.0376545 -0.964149 -0.00673654 0.265277 0.264795 0.0409048 0.963437 -1.5834 6.00506 5.69386</i>
                        <i>-0.0177948 0.999372 -0.030638 -0.944374 -0.00673533 0.328804 0.328391 0.0347847 0.943901 -1.58604 6.01008 5.69758</i>
