<?xml version="1.0" encoding="ISO-8859-1" ?>
<Animl Version="1">
    <ModellingPackage><![CDATA[Maya.2010]]></ModellingPackage>
    <SrcFile><![CDATA[anims\turrets\antiair\red\~src\aa_gladiator\aa_gladiator_aim_low_crewman_c.mb]]></SrcFile>
    <FramesPerSecond>30</FramesPerSecond>
    <TotalFrames>60</TotalFrames>
    <Skeleton>
        <RefFrame>
            <Name><![CDATA[soldier_ref_frame]]></Name>
            <Exclude>0</Exclude>
            <Additive>0</Additive>
            <IKPriority>0</IKPriority>
            <IKRotLimits>-1e+010 -1e+010 -1e+010 1e+010 1e+010 1e+010</IKRotLimits>
            <IKRotLimitOrder>0</IKRotLimitOrder>
            <KeyFrames count="60">
                <i>1 0 0 0 1 0 0 0 1 3.11 1.46 3.9</i>
                <i>1 0 0 0 1 0 0 0 1 3.11 1.46 3.9</i>
                <i>1 0 0 0 1 0 0 0 1 3.11 1.46 3.9</i>
                <i>1 0 0 0 1 0 0 0 1 3.11 1.46 3.9</i>
                <i>1 0 0 0 1 0 0 0 1 3.11 1.46 3.9</i>
                <i>1 0 0 0 1 0 0 0 1 3.11 1.46 3.9</i>
                <i>1 0 0 0 1 0 0 0 1 3.11 1.46 3.9</i>
                <i>1 0 0 0 1 0 0 0 1 3.11 1.46 3.9</i>
                <i>1 0 0 0 1 0 0 0 1 3.11 1.46 3.9</i>
                <i>1 0 0 0 1 0 0 0 1 3.11 1.46 3.9</i>
                <i>1 0 0 0 1 0 0 0 1 3.11 1.46 3.9</i>
                <i>1 0 0 0 1 0 0 0 1 3.11 1.46 3.9</i>
                <i>1 0 0 0 1 0 0 0 1 3.11 1.46 3.9</i>
                <i>1 0 0 0 1 0 0 0 1 3.11 1.46 3.9</i>
                <i>1 0 0 0 1 0 0 0 1 3.11 1.46 3.9</i>
                <i>1 0 0 0 1 0 0 0 1 3.11 1.46 3.9</i>
                <i>1 0 0 0 1 0 0 0 1 3.11 1.46 3.9</i>
                <i>1 0 0 0 1 0 0 0 1 3.11 1.46 3.9</i>
                <i>1 0 0 0 1 0 0 0 1 3.11 1.46 3.9</i>
                <i>1 0 0 0 1 0 0 0 1 3.11 1.46 3.9</i>
                <i>1 0 0 0 1 0 0 0 1 3.11 1.46 3.9</i>
                <i>1 0 0 0 1 0 0 0 1 3.11 1.46 3.9</i>
                <i>1 0 0 0 1 0 0 0 1 3.11 1.46 3.9</i>
                <i>1 0 0 0 1 0 0 0 1 3.11 1.46 3.9</i>
                <i>1 0 0 0 1 0 0 0 1 3.11 1.46 3.9</i>
                <i>1 0 0 0 1 0 0 0 1 3.11 1.46 3.9</i>
                <i>1 0 0 0 1 0 0 0 1 3.11 1.46 3.9</i>
                <i>1 0 0 0 1 0 0 0 1 3.11 1.46 3.9</i>
                <i>1 0 0 0 1 0 0 0 1 3.11 1.46 3.9</i>
                <i>1 0 0 0 1 0 0 0 1 3.11 1.46 3.9</i>
                <i>1 0 0 0 1 0 0 0 1 3.11 1.46 3.9</i>
                <i>1 0 0 0 1 0 0 0 1 3.11 1.46 3.9</i>
                <i>1 0 0 0 1 0 0 0 1 3.11 1.46 3.9</i>
                <i>1 0 0 0 1 0 0 0 1 3.11 1.46 3.9</i>
                <i>1 0 0 0 1 0 0 0 1 3.11 1.46 3.9</i>
                <i>1 0 0 0 1 0 0 0 1 3.11 1.46 3.9</i>
                <i>1 0 0 0 1 0 0 0 1 3.11 1.46 3.9</i>
                <i>1 0 0 0 1 0 0 0 1 3.11 1.46 3.9</i>
                <i>1 0 0 0 1 0 0 0 1 3.11 1.46 3.9</i>
                <i>1 0 0 0 1 0 0 0 1 3.11 1.46 3.9</i>
                <i>1 0 0 0 1 0 0 0 1 3.11 1.46 3.9</i>
                <i>1 0 0 0 1 0 0 0 1 3.11 1.46 3.9</i>
                <i>1 0 0 0 1 0 0 0 1 3.11 1.46 3.9</i>
                <i>1 0 0 0 1 0 0 0 1 3.11 1.46 3.9</i>
                <i>1 0 0 0 1 0 0 0 1 3.11 1.46 3.9</i>
                <i>1 0 0 0 1 0 0 0 1 3.11 1.46 3.9</i>
                <i>1 0 0 0 1 0 0 0 1 3.11 1.46 3.9</i>
                <i>1 0 0 0 1 0 0 0 1 3.11 1.46 3.9</i>
                <i>1 0 0 0 1 0 0 0 1 3.11 1.46 3.9</i>
                <i>1 0 0 0 1 0 0 0 1 3.11 1.46 3.9</i>
                <i>1 0 0 0 1 0 0 0 1 3.11 1.46 3.9</i>
                <i>1 0 0 0 1 0 0 0 1 3.11 1.46 3.9</i>
                <i>1 0 0 0 1 0 0 0 1 3.11 1.46 3.9</i>
                <i>1 0 0 0 1 0 0 0 1 3.11 1.46 3.9</i>
                <i>1 0 0 0 1 0 0 0 1 3.11 1.46 3.9</i>
                <i>1 0 0 0 1 0 0 0 1 3.11 1.46 3.9</i>
                <i>1 0 0 0 1 0 0 0 1 3.11 1.46 3.9</i>
                <i>1 0 0 0 1 0 0 0 1 3.11 1.46 3.9</i>
                <i>1 0 0 0 1 0 0 0 1 3.11 1.46 3.9</i>
                <i>1 0 0 0 1 0 0 0 1 3.11 1.46 3.9</i>
            </KeyFrames>
        </RefFrame>
        <Bones count="23">
            <i>
                <p>
                    <Name><![CDATA[pelvis]]></Name>
                    <Exclude>0</Exclude>
                    <Additive>0</Additive>
                    <IKPriority>0</IKPriority>
                    <IKRotLimits>-1e+010 -1e+010 -1e+010 1e+010 1e+010 1e+010</IKRotLimits>
                    <IKRotLimitOrder>2</IKRotLimitOrder>
                    <KeyFrames count="60">
                        <i>1 0 0 0 1 0 0 0 1 3.13461 2.57449 4.01399</i>
                        <i>1 0 0 0 1 0 0 0 1 3.13461 2.57443 4.01399</i>
                        <i>1 0 0 0 1 0 0 0 1 3.13461 2.57422 4.01399</i>
                        <i>1 0 0 0 1 0 0 0 1 3.13461 2.57387 4.01399</i>
                        <i>1 0 0 0 1 0 0 0 1 3.13461 2.5734 4.01399</i>
                        <i>1 0 0 0 1 0 0 0 1 3.13461 2.57281 4.01399</i>
                        <i>1 0 0 0 1 0 0 0 1 3.13461 2.57211 4.01399</i>
                        <i>1 0 0 0 1 0 0 0 1 3.13461 2.57132 4.01399</i>
                        <i>1 0 0 0 1 0 0 0 1 3.13461 2.57044 4.01399</i>
                        <i>1 0 0 0 1 0 0 0 1 3.13461 2.56949 4.01399</i>
                        <i>1 0 0 0 1 0 0 0 1 3.13461 2.56846 4.01399</i>
                        <i>1 0 0 0 1 0 0 0 1 3.13461 2.56739 4.01399</i>
                        <i>1 0 0 0 1 0 0 0 1 3.13461 2.56626 4.01399</i>
                        <i>1 0 0 0 1 0 0 0 1 3.13461 2.5651 4.01399</i>
                        <i>1 0 0 0 1 0 0 0 1 3.13461 2.56391 4.01399</i>
                        <i>1 0 0 0 1 0 0 0 1 3.13461 2.56271 4.01399</i>
                        <i>1 0 0 0 1 0 0 0 1 3.13461 2.5615 4.01399</i>
                        <i>1 0 0 0 1 0 0 0 1 3.13461 2.5603 4.01399</i>
                        <i>1 0 0 0 1 0 0 0 1 3.13461 2.55911 4.01399</i>
                        <i>1 0 0 0 1 0 0 0 1 3.13461 2.55795 4.01399</i>
                        <i>1 0 0 0 1 0 0 0 1 3.13461 2.55682 4.01399</i>
                        <i>1 0 0 0 1 0 0 0 1 3.13461 2.55573 4.01399</i>
                        <i>1 0 0 0 1 0 0 0 1 3.13461 2.5547 4.01399</i>
                        <i>1 0 0 0 1 0 0 0 1 3.13461 2.55374 4.01399</i>
                        <i>1 0 0 0 1 0 0 0 1 3.13461 2.55285 4.01399</i>
                        <i>1 0 0 0 1 0 0 0 1 3.13461 2.55205 4.01399</i>
                        <i>1 0 0 0 1 0 0 0 1 3.13461 2.55134 4.01399</i>
                        <i>1 0 0 0 1 0 0 0 1 3.13461 2.55074 4.01399</i>
                        <i>1 0 0 0 1 0 0 0 1 3.13461 2.55026 4.01399</i>
                        <i>1 0 0 0 1 0 0 0 1 3.13461 2.5499 4.01399</i>
                        <i>1 0 0 0 1 0 0 0 1 3.13461 2.54967 4.01399</i>
                        <i>1 0 0 0 1 0 0 0 1 3.13461 2.5496 4.01399</i>
                        <i>1 0 0 0 1 0 0 0 1 3.13461 2.54969 4.01399</i>
                        <i>1 0 0 0 1 0 0 0 1 3.13461 2.54996 4.01399</i>
                        <i>1 0 0 0 1 0 0 0 1 3.13461 2.55039 4.01399</i>
                        <i>1 0 0 0 1 0 0 0 1 3.13461 2.55097 4.01399</i>
                        <i>1 0 0 0 1 0 0 0 1 3.13461 2.55168 4.01399</i>
                        <i>1 0 0 0 1 0 0 0 1 3.13461 2.55252 4.01399</i>
                        <i>1 0 0 0 1 0 0 0 1 3.13461 2.55347 4.01399</i>
                        <i>1 0 0 0 1 0 0 0 1 3.13461 2.55451 4.01399</i>
                        <i>1 0 0 0 1 0 0 0 1 3.13461 2.55563 4.01399</i>
                        <i>1 0 0 0 1 0 0 0 1 3.13461 2.55682 4.01399</i>
                        <i>1 0 0 0 1 0 0 0 1 3.13461 2.55806 4.01399</i>
                        <i>1 0 0 0 1 0 0 0 1 3.13461 2.55934 4.01399</i>
                        <i>1 0 0 0 1 0 0 0 1 3.13461 2.56066 4.01399</i>
                        <i>1 0 0 0 1 0 0 0 1 3.13461 2.56198 4.01399</i>
                        <i>1 0 0 0 1 0 0 0 1 3.13461 2.56331 4.01399</i>
                        <i>1 0 0 0 1 0 0 0 1 3.13461 2.56463 4.01399</i>
                        <i>1 0 0 0 1 0 0 0 1 3.13461 2.56591 4.01399</i>
                        <i>1 0 0 0 1 0 0 0 1 3.13461 2.56716 4.01399</i>
                        <i>1 0 0 0 1 0 0 0 1 3.13461 2.56836 4.01399</i>
                        <i>1 0 0 0 1 0 0 0 1 3.13461 2.56948 4.01399</i>
                        <i>1 0 0 0 1 0 0 0 1 3.13461 2.57053 4.01399</i>
                        <i>1 0 0 0 1 0 0 0 1 3.13461 2.57149 4.01399</i>
                        <i>1 0 0 0 1 0 0 0 1 3.13461 2.57233 4.01399</i>
                        <i>1 0 0 0 1 0 0 0 1 3.13461 2.57306 4.01399</i>
                        <i>1 0 0 0 1 0 0 0 1 3.13461 2.57365 4.01399</i>
                        <i>1 0 0 0 1 0 0 0 1 3.13461 2.57409 4.01399</i>
                        <i>1 0 0 0 1 0 0 0 1 3.13461 2.57438 4.01399</i>
                        <i>1 0 0 0 1 0 0 0 1 3.13461 2.57449 4.01399</i>
                    </KeyFrames>
                </p>
            </i>
            <i>
                <p>
                    <Name><![CDATA[spine0]]></Name>
                    <Exclude>0</Exclude>
                    <Additive>0</Additive>
                    <IKPriority>0</IKPriority>
                    <IKRotLimits>-1e+010 -1e+010 -1e+010 1e+010 1e+010 1e+010</IKRotLimits>
                    <IKRotLimitOrder>0</IKRotLimitOrder>
                    <KeyFrames count="60">
                        <i>0.0713485 0.997428 0.00680278 0.26454 -0.0123464 -0.964296 -0.961732 0.0706006 -0.264741 3.18719 2.7082 4.0211</i>
                        <i>0.0707615 0.997472 0.00654091 0.264537 -0.0124431 -0.964295 -0.961776 0.0699653 -0.264749 3.18719 2.70814 4.0211</i>
                        <i>0.0701002 0.99752 0.00624586 0.264533 -0.0125521 -0.964295 -0.961826 0.0692495 -0.264757 3.18719 2.70794 4.0211</i>
                        <i>0.0693723 0.997573 0.005921 0.264528 -0.0126721 -0.964295 -0.961879 0.0684616 -0.264766 3.18719 2.70759 4.0211</i>
                        <i>0.0685851 0.99763 0.00556969 0.264524 -0.0128019 -0.964294 -0.961937 0.0676096 -0.264775 3.18719 2.70712 4.0211</i>
                        <i>0.0677463 0.997689 0.00519528 0.264518 -0.0129403 -0.964294 -0.961998 0.0667016 -0.264784 3.18719 2.70653 4.0211</i>
                        <i>0.0668633 0.997751 0.00480114 0.264513 -0.0130859 -0.964293 -0.962061 0.0657458 -0.264793 3.18719 2.70583 4.0211</i>
                        <i>0.0659436 0.997814 0.00439065 0.264507 -0.0132377 -0.964293 -0.962126 0.0647503 -0.264802 3.18719 2.70504 4.0211</i>
                        <i>0.0649949 0.997878 0.00396716 0.264502 -0.0133942 -0.964292 -0.962193 0.0637234 -0.264811 3.18719 2.70416 4.0211</i>
                        <i>0.0640246 0.997942 0.00353406 0.264496 -0.0135543 -0.964292 -0.962259 0.0626732 -0.264819 3.18719 2.7032 4.0211</i>
                        <i>0.0630404 0.998006 0.00309471 0.26449 -0.0137167 -0.964291 -0.962326 0.0616078 -0.264827 3.18719 2.70218 4.0211</i>
                        <i>0.0620498 0.99807 0.00265252 0.264484 -0.0138802 -0.96429 -0.962392 0.0605356 -0.264834 3.18719 2.7011 4.0211</i>
                        <i>0.0610604 0.998132 0.00221085 0.264477 -0.0140434 -0.96429 -0.962457 0.0594646 -0.264841 3.18719 2.69998 4.0211</i>
                        <i>0.0600797 0.998192 0.0017731 0.264471 -0.0142053 -0.964289 -0.96252 0.0584031 -0.264847 3.18719 2.69882 4.0211</i>
                        <i>0.0591154 0.99825 0.00134265 0.264465 -0.0143644 -0.964288 -0.962582 0.0573593 -0.264852 3.18719 2.69763 4.0211</i>
                        <i>0.058175 0.998306 0.000922887 0.26446 -0.0145196 -0.964287 -0.962641 0.0563415 -0.264856 3.18719 2.69643 4.0211</i>
                        <i>0.0572661 0.998359 0.000517215 0.264454 -0.0146696 -0.964287 -0.962697 0.0553578 -0.26486 3.18719 2.69522 4.0211</i>
                        <i>0.0563964 0.998408 0.000129019 0.264449 -0.0148131 -0.964286 -0.962749 0.0544164 -0.264863 3.18719 2.69402 4.0211</i>
                        <i>0.0555735 0.998455 -0.000238309 0.264444 -0.014949 -0.964285 -0.962799 0.0535257 -0.264866 3.18719 2.69283 4.0211</i>
                        <i>0.0548049 0.998497 -0.000581369 0.264439 -0.0150758 -0.964285 -0.962844 0.0526938 -0.264868 3.18719 2.69166 4.0211</i>
                        <i>0.0540982 0.998535 -0.000896768 0.264434 -0.0151924 -0.964284 -0.962885 0.0519289 -0.264869 3.18719 2.69054 4.0211</i>
                        <i>0.0534612 0.998569 -0.00118112 0.26443 -0.0152976 -0.964283 -0.962922 0.0512394 -0.26487 3.18719 2.68945 4.0211</i>
                        <i>0.0529012 0.998599 -0.00143102 0.264427 -0.01539 -0.964283 -0.962954 0.0506334 -0.264871 3.18719 2.68842 4.0211</i>
                        <i>0.0524261 0.998623 -0.00164308 0.264424 -0.0154684 -0.964282 -0.962981 0.0501191 -0.264871 3.18719 2.68746 4.0211</i>
                        <i>0.0520434 0.998643 -0.00181391 0.264422 -0.0155316 -0.964282 -0.963002 0.0497048 -0.264871 3.18719 2.68657 4.0211</i>
                        <i>0.0517606 0.998658 -0.00194012 0.26442 -0.0155783 -0.964282 -0.963018 0.0493988 -0.264871 3.18719 2.68577 4.0211</i>
                        <i>0.0515853 0.998667 -0.00201833 0.264419 -0.0156072 -0.964282 -0.963027 0.0492091 -0.264871 3.18719 2.68506 4.0211</i>
                        <i>0.0515252 0.99867 -0.00204515 0.264418 -0.0156171 -0.964282 -0.963031 0.0491441 -0.264871 3.18719 2.68446 4.0211</i>
                        <i>0.0516354 0.998664 -0.001996 0.264419 -0.0155989 -0.964282 -0.963025 0.0492633 -0.264871 3.18719 2.68397 4.0211</i>
                        <i>0.0519498 0.998648 -0.0018557 0.264421 -0.0155471 -0.964282 -0.963007 0.0496036 -0.264871 3.18719 2.68362 4.0211</i>
                        <i>0.0524445 0.998622 -0.001635 0.264424 -0.0154655 -0.964283 -0.962979 0.050139 -0.264871 3.18719 2.68339 4.0211</i>
                        <i>0.0530952 0.998589 -0.00134464 0.264428 -0.0153582 -0.964283 -0.962943 0.0508432 -0.26487 3.18719 2.68332 4.0211</i>
                        <i>0.0538779 0.998547 -0.000995407 0.264433 -0.0152291 -0.964284 -0.962898 0.0516904 -0.264869 3.18719 2.68341 4.0211</i>
                        <i>0.0547684 0.998499 -0.000598043 0.264439 -0.0150822 -0.964285 -0.962846 0.0526542 -0.264868 3.18719 2.68368 4.0211</i>
                        <i>0.0557428 0.998445 -0.000163298 0.264445 -0.0149215 -0.964285 -0.962789 0.0537088 -0.264865 3.18719 2.68411 4.0211</i>
                        <i>0.0567768 0.998387 0.000298118 0.264451 -0.014751 -0.964286 -0.962726 0.054828 -0.264862 3.18719 2.68469 4.0211</i>
                        <i>0.0578467 0.998325 0.000775511 0.264458 -0.0145746 -0.964287 -0.962661 0.0559859 -0.264858 3.18719 2.6854 4.0211</i>
                        <i>0.0589285 0.998261 0.00125823 0.264464 -0.0143962 -0.964288 -0.962593 0.0571568 -0.264853 3.18719 2.68624 4.0211</i>
                        <i>0.0599983 0.998197 0.00173565 0.264471 -0.0142198 -0.964289 -0.962525 0.0583148 -0.264847 3.18719 2.68718 4.0211</i>
                        <i>0.0610326 0.998133 0.00219718 0.264477 -0.0140492 -0.96429 -0.962459 0.0594342 -0.264841 3.18719 2.68822 4.0211</i>
                        <i>0.0620075 0.998072 0.00263227 0.264483 -0.0138884 -0.96429 -0.962395 0.0604894 -0.264835 3.18719 2.68934 4.0211</i>
                        <i>0.0628995 0.998015 0.0030304 0.264489 -0.0137413 -0.964291 -0.962335 0.0614549 -0.264828 3.18719 2.69053 4.0211</i>
                        <i>0.063685 0.997964 0.00338103 0.264494 -0.0136117 -0.964291 -0.962282 0.0623052 -0.264822 3.18719 2.69178 4.0211</i>
                        <i>0.0643405 0.997921 0.00367367 0.264498 -0.0135035 -0.964292 -0.962238 0.0630147 -0.264817 3.18719 2.69306 4.0211</i>
                        <i>0.0648423 0.997888 0.00389777 0.264501 -0.0134206 -0.964292 -0.962203 0.0635579 -0.264812 3.18719 2.69438 4.0211</i>
                        <i>0.0651668 0.997866 0.00404279 0.264503 -0.0133669 -0.964292 -0.962181 0.0639092 -0.264809 3.18719 2.6957 4.0211</i>
                        <i>0.06549 0.997844 0.00418722 0.264505 -0.0133134 -0.964293 -0.962158 0.0642591 -0.264806 3.18719 2.69703 4.0211</i>
                        <i>0.0659791 0.997811 0.00440566 0.264508 -0.0132326 -0.964293 -0.962124 0.0647885 -0.264802 3.18719 2.69834 4.0211</i>
                        <i>0.0665971 0.997769 0.00468158 0.264511 -0.0131306 -0.964293 -0.96208 0.0654575 -0.264796 3.18719 2.69963 4.0211</i>
                        <i>0.067307 0.99772 0.00499849 0.264516 -0.0130134 -0.964294 -0.96203 0.0662259 -0.264789 3.18719 2.70088 4.0211</i>
                        <i>0.0680718 0.997666 0.00533987 0.26452 -0.0128872 -0.964294 -0.961975 0.0670537 -0.26478 3.18719 2.70207 4.0211</i>
                        <i>0.0688544 0.997611 0.00568922 0.264525 -0.0127581 -0.964294 -0.961918 0.0679009 -0.264772 3.18719 2.7032 4.0211</i>
                        <i>0.0696181 0.997555 0.00603009 0.26453 -0.0126322 -0.964295 -0.961861 0.0687275 -0.264763 3.18719 2.70425 4.0211</i>
                        <i>0.070326 0.997504 0.00634607 0.264534 -0.0125154 -0.964295 -0.961809 0.0694937 -0.264754 3.18719 2.7052 4.0211</i>
                        <i>0.0709414 0.997459 0.00662076 0.264538 -0.0124139 -0.964295 -0.961762 0.0701599 -0.264746 3.18719 2.70605 4.0211</i>
                        <i>0.0714277 0.997422 0.00683784 0.264541 -0.0123336 -0.964296 -0.961726 0.0706863 -0.26474 3.18719 2.70678 4.0211</i>
                        <i>0.0717482 0.997398 0.00698095 0.264543 -0.0122807 -0.964296 -0.961701 0.0710333 -0.264736 3.18719 2.70737 4.0211</i>
                        <i>0.0718664 0.997389 0.00703376 0.264544 -0.0122612 -0.964296 -0.961692 0.0711612 -0.264734 3.18719 2.70781 4.0211</i>
                        <i>0.0717455 0.997399 0.00697986 0.264543 -0.012281 -0.964296 -0.961701 0.0710303 -0.264736 3.18719 2.7081 4.0211</i>
                        <i>0.0713485 0.997428 0.00680278 0.26454 -0.0123464 -0.964296 -0.961732 0.0706006 -0.264741 3.18719 2.7082 4.0211</i>
                    </KeyFrames>
                </p>
            </i>
            <i>
                <p>
                    <Name><![CDATA[spine1]]></Name>
                    <Exclude>0</Exclude>
                    <Additive>0</Additive>
                    <IKPriority>0</IKPriority>
                    <IKRotLimits>-1e+010 -1e+010 -1e+010 1e+010 1e+010 1e+010</IKRotLimits>
                    <IKRotLimitOrder>0</IKRotLimitOrder>
                    <KeyFrames count="60">
                        <i>0.00296586 0.999611 0.0277227 0.338124 0.0250875 -0.940767 -0.941097 0.0121639 -0.337918 3.19943 2.87931 4.02226</i>
                        <i>0.00263557 0.999616 0.0275801 0.338153 0.0250646 -0.940757 -0.941088 0.0118057 -0.337957 3.19933 2.87925 4.02222</i>
                        <i>0.00214678 0.999623 0.0273672 0.33818 0.0250291 -0.940749 -0.941079 0.0112746 -0.337999 3.19922 2.87903 4.02217</i>
                        <i>0.00151283 0.999632 0.0270899 0.338205 0.0249821 -0.940741 -0.941071 0.0105851 -0.338043 3.19909 2.87868 4.02211</i>
                        <i>0.000747133 0.999642 0.0267541 0.338228 0.0249247 -0.940734 -0.941064 0.00975184 -0.338089 3.19895 2.87821 4.02205</i>
                        <i>-0.000136842 0.999652 0.0263657 0.33825 0.0248579 -0.940728 -0.941056 0.00878946 -0.338136 3.19881 2.87762 4.02199</i>
                        <i>-0.00112576 0.999663 0.0259307 0.33827 0.0247828 -0.940723 -0.941048 0.00771256 -0.338184 3.19866 2.87692 4.02192</i>
                        <i>-0.00220619 0.999674 0.0254551 0.338289 0.0247004 -0.940718 -0.94104 0.00653576 -0.338233 3.1985 2.87612 4.02185</i>
                        <i>-0.00336475 0.999683 0.0249447 0.338306 0.0246119 -0.940714 -0.94103 0.00527367 -0.338281 3.19833 2.87524 4.02178</i>
                        <i>-0.00458801 0.999692 0.0244055 0.338321 0.0245184 -0.940711 -0.941019 0.00394093 -0.338329 3.19817 2.87428 4.0217</i>
                        <i>-0.00586256 0.999699 0.0238436 0.338335 0.0244207 -0.940709 -0.941007 0.00255215 -0.338377 3.198 2.87325 4.02163</i>
                        <i>-0.00717503 0.999704 0.0232647 0.338348 0.0243201 -0.940707 -0.940994 0.00112195 -0.338422 3.19783 2.87217 4.02155</i>
                        <i>-0.00851197 0.999707 0.0226748 0.33836 0.0242175 -0.940705 -0.940978 -0.000335017 -0.338466 3.19766 2.87104 4.02147</i>
                        <i>-0.00985998 0.999708 0.02208 0.33837 0.0241141 -0.940704 -0.940962 -0.00180413 -0.338509 3.19749 2.86988 4.0214</i>
                        <i>-0.0112056 0.999706 0.021486 0.338379 0.0240108 -0.940704 -0.940943 -0.00327075 -0.338549 3.19732 2.86869 4.02133</i>
                        <i>-0.0125355 0.999703 0.020899 0.338387 0.0239087 -0.940703 -0.940924 -0.00472025 -0.338586 3.19716 2.86749 4.02125</i>
                        <i>-0.0138362 0.999698 0.0203247 0.338394 0.0238088 -0.940703 -0.940903 -0.006138 -0.338621 3.197 2.86627 4.02118</i>
                        <i>-0.0150943 0.999691 0.0197693 0.3384 0.0237123 -0.940704 -0.940881 -0.00750934 -0.338653 3.19685 2.86507 4.02112</i>
                        <i>-0.0162963 0.999682 0.0192385 0.338405 0.02362 -0.940704 -0.94086 -0.00881959 -0.338682 3.19671 2.86388 4.02106</i>
                        <i>-0.0174288 0.999672 0.0187384 0.338409 0.0235331 -0.940705 -0.940838 -0.0100542 -0.338708 3.19658 2.86271 4.021</i>
                        <i>-0.0184785 0.999662 0.0182748 0.338413 0.0234525 -0.940706 -0.940816 -0.0111984 -0.338732 3.19646 2.86158 4.02094</i>
                        <i>-0.0194317 0.999652 0.0178538 0.338415 0.0233793 -0.940706 -0.940796 -0.0122376 -0.338752 3.19635 2.86049 4.02089</i>
                        <i>-0.0202752 0.999642 0.0174813 0.338418 0.0233146 -0.940707 -0.940777 -0.0131571 -0.338769 3.19625 2.85946 4.02085</i>
                        <i>-0.0209955 0.999632 0.0171631 0.338419 0.0232593 -0.940708 -0.940761 -0.0139423 -0.338783 3.19617 2.85849 4.02081</i>
                        <i>-0.0215791 0.999624 0.0169054 0.338421 0.0232146 -0.940709 -0.940747 -0.0145785 -0.338794 3.1961 2.8576 4.02079</i>
                        <i>-0.0220126 0.999618 0.0167139 0.338421 0.0231813 -0.940709 -0.940737 -0.0150511 -0.338802 3.19605 2.8568 4.02076</i>
                        <i>-0.0222825 0.999614 0.0165946 0.338422 0.0231606 -0.940709 -0.940731 -0.0153454 -0.338807 3.19602 2.85609 4.02075</i>
                        <i>-0.0223755 0.999613 0.0165536 0.338422 0.0231534 -0.94071 -0.940728 -0.0154467 -0.338809 3.19601 2.85549 4.02075</i>
                        <i>-0.0222795 0.999614 0.0165957 0.338419 0.0231605 -0.940711 -0.940732 -0.0153423 -0.338804 3.19603 2.855 4.02075</i>
                        <i>-0.0220028 0.999618 0.0167171 0.33841 0.0231808 -0.940713 -0.940742 -0.0150411 -0.33879 3.19609 2.85465 4.02078</i>
                        <i>-0.0215617 0.999624 0.0169105 0.338395 0.0232131 -0.940718 -0.940757 -0.014561 -0.338769 3.19617 2.85443 4.02082</i>
                        <i>-0.0209729 0.999633 0.0171689 0.338376 0.0232564 -0.940723 -0.940777 -0.0139202 -0.33874 3.19628 2.85436 4.02087</i>
                        <i>-0.0202529 0.999642 0.0174848 0.338354 0.0233094 -0.94073 -0.940801 -0.0131364 -0.338705 3.19642 2.85445 4.02093</i>
                        <i>-0.0194182 0.999652 0.0178511 0.338329 0.023371 -0.940738 -0.940827 -0.0122279 -0.338665 3.19657 2.85473 4.02099</i>
                        <i>-0.0184855 0.999662 0.0182604 0.338302 0.02344 -0.940745 -0.940856 -0.0112126 -0.338622 3.19674 2.85516 4.02107</i>
                        <i>-0.0174713 0.999672 0.0187057 0.338275 0.0235153 -0.940754 -0.940885 -0.0101085 -0.338575 3.19692 2.85575 4.02115</i>
                        <i>-0.0163922 0.999682 0.0191796 0.338247 0.0235955 -0.940761 -0.940915 -0.00893368 -0.338526 3.1971 2.85647 4.02123</i>
                        <i>-0.0152648 0.99969 0.0196749 0.33822 0.0236797 -0.940769 -0.940943 -0.00770625 -0.338477 3.19729 2.85731 4.02131</i>
                        <i>-0.0141059 0.999697 0.0201842 0.338195 0.0237666 -0.940776 -0.94097 -0.0064443 -0.338428 3.19747 2.85827 4.02139</i>
                        <i>-0.0129321 0.999702 0.0207005 0.338173 0.023855 -0.940782 -0.940995 -0.00516595 -0.33838 3.19765 2.85931 4.02147</i>
                        <i>-0.0117602 0.999706 0.0212163 0.338154 0.0239438 -0.940786 -0.941017 -0.0038894 -0.338336 3.19782 2.86044 4.02155</i>
                        <i>-0.0106068 0.999708 0.0217245 0.338141 0.0240318 -0.940789 -0.941036 -0.00263281 -0.338297 3.19797 2.86163 4.02162</i>
                        <i>-0.00948871 0.999708 0.0222178 0.338133 0.0241177 -0.940789 -0.94105 -0.00141432 -0.338263 3.19811 2.86288 4.02168</i>
                        <i>-0.00842267 0.999707 0.0226889 0.338132 0.0242005 -0.940787 -0.941061 -0.000252109 -0.338237 3.19822 2.86416 4.02173</i>
                        <i>-0.00742541 0.999705 0.0231305 0.33814 0.0242788 -0.940783 -0.941067 0.000835653 -0.33822 3.19831 2.86547 4.02176</i>
                        <i>-0.00651359 0.999702 0.0235355 0.338156 0.0243514 -0.940775 -0.941067 0.00183083 -0.338214 3.19837 2.8668 4.02179</i>
                        <i>-0.00561453 0.999698 0.0239347 0.338172 0.0244231 -0.940767 -0.941067 0.00281211 -0.338207 3.19842 2.86813 4.02181</i>
                        <i>-0.00465946 0.999692 0.0243577 0.338179 0.0244981 -0.940763 -0.94107 0.00385382 -0.338189 3.19851 2.86944 4.02185</i>
                        <i>-0.0036709 0.999686 0.0247946 0.338178 0.0245749 -0.940761 -0.941075 0.00493155 -0.338162 3.19861 2.87073 4.0219</i>
                        <i>-0.00267139 0.999678 0.0252356 0.33817 0.024652 -0.940762 -0.941081 0.0060208 -0.338127 3.19873 2.87198 4.02195</i>
                        <i>-0.00168343 0.999669 0.025671 0.338158 0.0247278 -0.940764 -0.941088 0.00709715 -0.338088 3.19887 2.87317 4.02201</i>
                        <i>-0.000729541 0.999659 0.026091 0.338143 0.0248007 -0.940768 -0.941094 0.00813616 -0.338046 3.199 2.87431 4.02207</i>
                        <i>0.000167771 0.999649 0.0264858 0.338127 0.0248691 -0.940772 -0.941101 0.0091134 -0.338004 3.19913 2.87536 4.02213</i>
                        <i>0.000985889 0.999639 0.0268456 0.338111 0.0249314 -0.940776 -0.941106 0.0100043 -0.337965 3.19926 2.87631 4.02218</i>
                        <i>0.00170224 0.99963 0.0271607 0.338097 0.024986 -0.940779 -0.94111 0.0107844 -0.33793 3.19936 2.87716 4.02223</i>
                        <i>0.00229419 0.999621 0.0274213 0.338088 0.0250313 -0.940782 -0.941112 0.0114291 -0.337902 3.19945 2.87789 4.02227</i>
                        <i>0.00273913 0.999615 0.0276175 0.338084 0.0250657 -0.940782 -0.941112 0.011914 -0.337885 3.1995 2.87848 4.02229</i>
                        <i>0.00301441 0.999611 0.0277397 0.338087 0.0250876 -0.94078 -0.94111 0.0122143 -0.33788 3.19952 2.87892 4.0223</i>
                        <i>0.00309752 0.999609 0.027778 0.3381 0.0250954 -0.940775 -0.941105 0.0123058 -0.33789 3.1995 2.8792 4.02229</i>
                        <i>0.00296586 0.999611 0.0277227 0.338124 0.0250875 -0.940767 -0.941097 0.0121639 -0.337918 3.19943 2.87931 4.02226</i>
                    </KeyFrames>
                </p>
            </i>
            <i>
                <p>
                    <Name><![CDATA[spine2]]></Name>
                    <Exclude>0</Exclude>
                    <Additive>0</Additive>
                    <IKPriority>0</IKPriority>
                    <IKRotLimits>-1e+010 -1e+010 -1e+010 1e+010 1e+010 1e+010</IKRotLimits>
                    <IKRotLimitOrder>0</IKRotLimitOrder>
                    <KeyFrames count="60">
                        <i>-0.146706 0.987937 -0.0495825 0.408309 0.0148252 -0.912724 -0.900978 -0.154147 -0.405558 3.19992 3.03727 4.02657</i>
                        <i>-0.145745 0.9881 -0.0491582 0.408353 0.0148251 -0.912704 -0.901114 -0.153096 -0.405654 3.19977 3.03719 4.0265</i>
                        <i>-0.14491 0.988241 -0.0487898 0.408395 0.0148251 -0.912685 -0.901229 -0.152182 -0.405741 3.19958 3.03697 4.02642</i>
                        <i>-0.144193 0.988362 -0.0484743 0.408436 0.0148251 -0.912667 -0.901326 -0.151398 -0.40582 3.19935 3.03661 4.02632</i>
                        <i>-0.143587 0.988463 -0.0482085 0.408474 0.0148252 -0.91265 -0.901405 -0.150736 -0.40589 3.1991 3.03613 4.0262</i>
                        <i>-0.143086 0.988546 -0.0479893 0.408511 0.0148253 -0.912633 -0.901469 -0.150189 -0.405953 3.19881 3.03552 4.02608</i>
                        <i>-0.142682 0.988613 -0.0478136 0.408545 0.0148255 -0.912618 -0.901517 -0.149749 -0.406008 3.1985 3.03481 4.02594</i>
                        <i>-0.14237 0.988665 -0.0476782 0.408578 0.0148258 -0.912603 -0.901552 -0.149407 -0.406057 3.19817 3.03401 4.0258</i>
                        <i>-0.14214 0.988702 -0.04758 0.408609 0.0148262 -0.912589 -0.901574 -0.149157 -0.4061 3.19783 3.03311 4.02564</i>
                        <i>-0.141987 0.988727 -0.0475158 0.408638 0.0148267 -0.912576 -0.901585 -0.148991 -0.406137 3.19747 3.03214 4.02548</i>
                        <i>-0.141904 0.988741 -0.0474826 0.408665 0.0148272 -0.912564 -0.901585 -0.148901 -0.406168 3.1971 3.0311 4.02532</i>
                        <i>-0.141883 0.988744 -0.0474771 0.40869 0.0148278 -0.912553 -0.901577 -0.148879 -0.406194 3.19672 3.03001 4.02515</i>
                        <i>-0.141918 0.988738 -0.0474962 0.408714 0.0148285 -0.912542 -0.901561 -0.148918 -0.406216 3.19634 3.02887 4.02498</i>
                        <i>-0.142001 0.988724 -0.0475368 0.408736 0.0148293 -0.912532 -0.901538 -0.149011 -0.406233 3.19596 3.02769 4.02481</i>
                        <i>-0.142126 0.988704 -0.0475958 0.408757 0.0148301 -0.912523 -0.901509 -0.149148 -0.406247 3.19558 3.02649 4.02464</i>
                        <i>-0.142285 0.988677 -0.0476699 0.408775 0.014831 -0.912515 -0.901475 -0.149323 -0.406257 3.19521 3.02527 4.02448</i>
                        <i>-0.142471 0.988646 -0.0477561 0.408792 0.0148318 -0.912507 -0.901438 -0.149529 -0.406264 3.19485 3.02405 4.02432</i>
                        <i>-0.142679 0.988612 -0.0478513 0.408808 0.0148327 -0.9125 -0.901398 -0.149756 -0.406268 3.1945 3.02283 4.02416</i>
                        <i>-0.142899 0.988575 -0.0479522 0.408822 0.0148336 -0.912494 -0.901357 -0.149998 -0.40627 3.19417 3.02162 4.02402</i>
                        <i>-0.143126 0.988537 -0.0480558 0.408834 0.0148345 -0.912488 -0.901316 -0.150248 -0.406271 3.19386 3.02044 4.02388</i>
                        <i>-0.143353 0.988499 -0.048159 0.408845 0.0148353 -0.912483 -0.901275 -0.150496 -0.406269 3.19357 3.0193 4.02375</i>
                        <i>-0.143572 0.988463 -0.0482585 0.408854 0.0148361 -0.912479 -0.901236 -0.150737 -0.406267 3.19331 3.0182 4.02364</i>
                        <i>-0.143776 0.988428 -0.0483513 0.408862 0.0148368 -0.912476 -0.9012 -0.150961 -0.406264 3.19308 3.01716 4.02353</i>
                        <i>-0.143959 0.988398 -0.0484343 0.408868 0.0148374 -0.912473 -0.901168 -0.151162 -0.40626 3.19288 3.01619 4.02345</i>
                        <i>-0.144114 0.988372 -0.0485043 0.408873 0.0148379 -0.912471 -0.901141 -0.151332 -0.406256 3.19273 3.01529 4.02338</i>
                        <i>-0.144233 0.988352 -0.0485581 0.408876 0.0148383 -0.912469 -0.90112 -0.151462 -0.406254 3.19261 3.01449 4.02333</i>
                        <i>-0.144309 0.988339 -0.0485928 0.408878 0.0148385 -0.912468 -0.901107 -0.151546 -0.406251 3.19254 3.01377 4.02329</i>
                        <i>-0.144336 0.988334 -0.048605 0.408879 0.0148386 -0.912468 -0.901102 -0.151576 -0.406251 3.19251 3.01317 4.02328</i>
                        <i>-0.144441 0.988317 -0.0486513 0.408873 0.0148386 -0.912471 -0.901088 -0.151691 -0.406239 3.19255 3.01269 4.0233</i>
                        <i>-0.144735 0.988267 -0.0487809 0.408856 0.0148384 -0.912478 -0.901049 -0.152012 -0.406207 3.19264 3.01234 4.02334</i>
                        <i>-0.145186 0.988191 -0.0489797 0.40883 0.0148382 -0.91249 -0.900988 -0.152505 -0.406156 3.1928 3.01213 4.02341</i>
                        <i>-0.145763 0.988094 -0.0492336 0.408796 0.0148378 -0.912505 -0.90091 -0.153136 -0.406091 3.193 3.01206 4.0235</i>
                        <i>-0.146432 0.98798 -0.0495286 0.408756 0.0148374 -0.912523 -0.90082 -0.153868 -0.406015 3.19325 3.01218 4.02361</i>
                        <i>-0.147164 0.987855 -0.0498506 0.408711 0.0148369 -0.912543 -0.900721 -0.154668 -0.40593 3.19354 3.01246 4.02374</i>
                        <i>-0.147926 0.987724 -0.0501856 0.408663 0.0148363 -0.912565 -0.900618 -0.155501 -0.405841 3.19385 3.01292 4.02388</i>
                        <i>-0.148685 0.987593 -0.0505194 0.408614 0.0148356 -0.912587 -0.900515 -0.156331 -0.40575 3.19419 3.01352 4.02403</i>
                        <i>-0.149412 0.987467 -0.0508382 0.408565 0.0148349 -0.912609 -0.900417 -0.157125 -0.405661 3.19454 3.01426 4.02418</i>
                        <i>-0.150073 0.987352 -0.0511279 0.408517 0.0148341 -0.91263 -0.900329 -0.157848 -0.405577 3.19491 3.01512 4.02434</i>
                        <i>-0.150637 0.987253 -0.0513745 0.408473 0.0148333 -0.91265 -0.900254 -0.158464 -0.405501 3.19527 3.01609 4.02451</i>
                        <i>-0.151073 0.987177 -0.0515641 0.408434 0.0148326 -0.912667 -0.900199 -0.15894 -0.405437 3.19564 3.01715 4.02467</i>
                        <i>-0.151348 0.987128 -0.0516827 0.408401 0.0148318 -0.912682 -0.900168 -0.15924 -0.405389 3.19599 3.01829 4.02482</i>
                        <i>-0.151432 0.987114 -0.0517164 0.408376 0.0148311 -0.912693 -0.900165 -0.159331 -0.405359 3.19632 3.01949 4.02497</i>
                        <i>-0.151293 0.987139 -0.0516513 0.40836 0.0148305 -0.9127 -0.900196 -0.159177 -0.405352 3.19664 3.02075 4.02511</i>
                        <i>-0.150898 0.987208 -0.0514734 0.408356 0.01483 -0.912702 -0.900264 -0.158745 -0.40537 3.19692 3.02205 4.02524</i>
                        <i>-0.150217 0.987328 -0.0511688 0.408365 0.0148295 -0.912698 -0.900374 -0.157998 -0.405417 3.19716 3.02336 4.02534</i>
                        <i>-0.149217 0.987503 -0.0507234 0.408387 0.0148291 -0.912688 -0.90053 -0.156904 -0.405496 3.19736 3.02469 4.02543</i>
                        <i>-0.14824 0.987672 -0.050288 0.408409 0.0148286 -0.912679 -0.900681 -0.155834 -0.405572 3.19756 3.02602 4.02552</i>
                        <i>-0.147611 0.987781 -0.0500065 0.408416 0.0148281 -0.912675 -0.900782 -0.155144 -0.405614 3.19779 3.02734 4.02562</i>
                        <i>-0.147273 0.987839 -0.0498539 0.408411 0.0148276 -0.912678 -0.900839 -0.154773 -0.405628 3.19806 3.02863 4.02574</i>
                        <i>-0.14717 0.987856 -0.0498054 0.408396 0.0148272 -0.912684 -0.900863 -0.15466 -0.405619 3.19834 3.02989 4.02587</i>
                        <i>-0.147246 0.987844 -0.0498361 0.408375 0.0148268 -0.912694 -0.90086 -0.154743 -0.405593 3.19862 3.0311 4.02599</i>
                        <i>-0.147445 0.98781 -0.0499213 0.408349 0.0148265 -0.912706 -0.900839 -0.15496 -0.405557 3.19891 3.03224 4.02612</i>
                        <i>-0.147711 0.987764 -0.050036 0.408321 0.0148262 -0.912718 -0.900808 -0.155249 -0.405515 3.19918 3.0333 4.02624</i>
                        <i>-0.147986 0.987717 -0.0501554 0.408295 0.014826 -0.91273 -0.900775 -0.15555 -0.405474 3.19944 3.03426 4.02635</i>
                        <i>-0.148216 0.987677 -0.0502548 0.408273 0.0148258 -0.91274 -0.900747 -0.1558 -0.405439 3.19965 3.03512 4.02645</i>
                        <i>-0.148343 0.987655 -0.0503092 0.408256 0.0148256 -0.912747 -0.900734 -0.155939 -0.405416 3.19983 3.03585 4.02653</i>
                        <i>-0.148312 0.987661 -0.0502941 0.408249 0.0148255 -0.91275 -0.900742 -0.155905 -0.405411 3.19996 3.03645 4.02658</i>
                        <i>-0.148067 0.987703 -0.0501845 0.408254 0.0148254 -0.912748 -0.90078 -0.155636 -0.405429 3.20002 3.03689 4.02661</i>
                        <i>-0.14755 0.987792 -0.0499556 0.408273 0.0148253 -0.91274 -0.900856 -0.15507 -0.405476 3.20001 3.03717 4.02661</i>
                        <i>-0.146706 0.987937 -0.0495825 0.408309 0.0148252 -0.912724 -0.900978 -0.154147 -0.405558 3.19992 3.03727 4.02657</i>
                    </KeyFrames>
                </p>
            </i>
            <i>
                <p>
                    <Name><![CDATA[head]]></Name>
                    <Exclude>0</Exclude>
                    <Additive>0</Additive>
                    <IKPriority>0</IKPriority>
                    <IKRotLimits>-1e+010 -1e+010 -1e+010 1e+010 1e+010 1e+010</IKRotLimits>
                    <IKRotLimitOrder>0</IKRotLimitOrder>
                    <KeyFrames count="60">
                        <i>0.104481 0.97553 0.193456 0.255181 -0.214304 0.942845 0.961232 -0.0491428 -0.271327 3.16928 3.29296 4.01347</i>
                        <i>0.107269 0.97422 0.198466 0.254316 -0.219863 0.941798 0.961154 -0.0505525 -0.271344 3.16947 3.29293 4.01355</i>
                        <i>0.109728 0.973113 0.202512 0.253555 -0.224406 0.940931 0.961077 -0.0518982 -0.271361 3.16959 3.29274 4.01361</i>
                        <i>0.111874 0.97221 0.205648 0.252901 -0.227989 0.940246 0.961002 -0.0531809 -0.271379 3.16965 3.29242 4.01363</i>
                        <i>0.113724 0.971512 0.207923 0.252353 -0.230664 0.939741 0.960929 -0.0544013 -0.271396 3.16966 3.29196 4.01364</i>
                        <i>0.115293 0.971012 0.209388 0.251912 -0.232484 0.93941 0.960858 -0.0555602 -0.271413 3.16962 3.29138 4.01362</i>
                        <i>0.116596 0.970704 0.210091 0.251575 -0.233501 0.939248 0.960789 -0.0566586 -0.27143 3.16953 3.29069 4.01358</i>
                        <i>0.117647 0.970579 0.210083 0.251339 -0.233766 0.939246 0.960723 -0.0576973 -0.271446 3.1694 3.2899 4.01352</i>
                        <i>0.118461 0.970626 0.209411 0.251201 -0.23333 0.939391 0.960659 -0.0586771 -0.271462 3.16923 3.28902 4.01344</i>
                        <i>0.119053 0.97083 0.208125 0.251155 -0.232245 0.939672 0.960598 -0.0595988 -0.271478 3.16903 3.28806 4.01336</i>
                        <i>0.119435 0.971178 0.206272 0.251196 -0.230558 0.940076 0.960539 -0.0604634 -0.271493 3.16881 3.28703 4.01325</i>
                        <i>0.119623 0.971656 0.203901 0.251318 -0.228322 0.940589 0.960484 -0.0612717 -0.271508 3.16856 3.28594 4.01314</i>
                        <i>0.119628 0.972247 0.201059 0.251515 -0.225585 0.941197 0.960432 -0.0620245 -0.271521 3.16828 3.2848 4.01302</i>
                        <i>0.119466 0.972936 0.197795 0.251779 -0.222398 0.941884 0.960383 -0.0627226 -0.271534 3.168 3.28362 4.0129</i>
                        <i>0.119149 0.973708 0.194156 0.252104 -0.21881 0.942638 0.960337 -0.0633669 -0.271547 3.1677 3.28242 4.01276</i>
                        <i>0.118691 0.974546 0.190191 0.252482 -0.214871 0.943442 0.960295 -0.0639582 -0.271558 3.1674 3.2812 4.01263</i>
                        <i>0.118105 0.975436 0.185948 0.252905 -0.210631 0.944285 0.960256 -0.0644975 -0.271569 3.1671 3.27997 4.01249</i>
                        <i>0.117404 0.976362 0.181475 0.253366 -0.20614 0.945152 0.96022 -0.0649854 -0.271578 3.1668 3.27875 4.01236</i>
                        <i>0.116603 0.977312 0.17682 0.253857 -0.201448 0.946031 0.960188 -0.0654229 -0.271587 3.16651 3.27754 4.01223</i>
                        <i>0.115714 0.978271 0.172033 0.254372 -0.196606 0.946911 0.960159 -0.0658108 -0.271595 3.16623 3.27636 4.01211</i>
                        <i>0.114752 0.979229 0.167162 0.254903 -0.191665 0.947781 0.960134 -0.06615 -0.271602 3.16596 3.27521 4.01199</i>
                        <i>0.11373 0.980173 0.162256 0.255442 -0.186674 0.948632 0.960112 -0.0664412 -0.271608 3.16572 3.27411 4.01188</i>
                        <i>0.112663 0.981093 0.157365 0.255984 -0.181686 0.949454 0.960093 -0.0666853 -0.271613 3.1655 3.27306 4.01178</i>
                        <i>0.111564 0.98198 0.152538 0.256521 -0.176752 0.95024 0.960078 -0.0668832 -0.271617 3.16531 3.27208 4.0117</i>
