<?xml version="1.0" encoding="ISO-8859-1" ?>
<Animl Version="1">
    <ModellingPackage><![CDATA[Maya.2010]]></ModellingPackage>
    <SrcFile><![CDATA[anims\turrets\antiair\red\~src\aa_gladiator\aa_gladiator_reload_crewman_a.mb]]></SrcFile>
    <FramesPerSecond>30</FramesPerSecond>
    <TotalFrames>190</TotalFrames>
    <Skeleton>
        <RefFrame>
            <Name><![CDATA[soldier_ref_frame]]></Name>
            <Exclude>0</Exclude>
            <Additive>0</Additive>
            <IKPriority>0</IKPriority>
            <IKRotLimits>-1e+010 -1e+010 -1e+010 1e+010 1e+010 1e+010</IKRotLimits>
            <IKRotLimitOrder>0</IKRotLimitOrder>
            <KeyFrames count="190">
                <i>1 0 0 0 1 0 0 0 1 4.31 1.49 -2.5</i>
                <i>1 0 0 0 1 0 0 0 1 4.31 1.49 -2.5</i>
                <i>1 0 0 0 1 0 0 0 1 4.31 1.49 -2.5</i>
                <i>1 0 0 0 1 0 0 0 1 4.31 1.49 -2.5</i>
                <i>1 0 0 0 1 0 0 0 1 4.31 1.49 -2.5</i>
                <i>1 0 0 0 1 0 0 0 1 4.31 1.49 -2.5</i>
                <i>1 0 0 0 1 0 0 0 1 4.31 1.49 -2.5</i>
                <i>1 0 0 0 1 0 0 0 1 4.31 1.49 -2.5</i>
                <i>1 0 0 0 1 0 0 0 1 4.31 1.49 -2.5</i>
                <i>1 0 0 0 1 0 0 0 1 4.31 1.49 -2.5</i>
                <i>1 0 0 0 1 0 0 0 1 4.31 1.49 -2.5</i>
                <i>1 0 0 0 1 0 0 0 1 4.31 1.49 -2.5</i>
                <i>1 0 0 0 1 0 0 0 1 4.31 1.49 -2.5</i>
                <i>1 0 0 0 1 0 0 0 1 4.31 1.49 -2.5</i>
                <i>1 0 0 0 1 0 0 0 1 4.31 1.49 -2.5</i>
                <i>1 0 0 0 1 0 0 0 1 4.31 1.49 -2.5</i>
                <i>1 0 0 0 1 0 0 0 1 4.31 1.49 -2.5</i>
                <i>1 0 0 0 1 0 0 0 1 4.31 1.49 -2.5</i>
                <i>1 0 0 0 1 0 0 0 1 4.31 1.49 -2.5</i>
                <i>1 0 0 0 1 0 0 0 1 4.31 1.49 -2.5</i>
                <i>1 0 0 0 1 0 0 0 1 4.31 1.49 -2.5</i>
                <i>1 0 0 0 1 0 0 0 1 4.31 1.49 -2.5</i>
                <i>1 0 0 0 1 0 0 0 1 4.31 1.49 -2.5</i>
                <i>1 0 0 0 1 0 0 0 1 4.31 1.49 -2.5</i>
                <i>1 0 0 0 1 0 0 0 1 4.31 1.49 -2.5</i>
                <i>1 0 0 0 1 0 0 0 1 4.31 1.49 -2.5</i>
                <i>1 0 0 0 1 0 0 0 1 4.31 1.49 -2.5</i>
                <i>1 0 0 0 1 0 0 0 1 4.31 1.49 -2.5</i>
                <i>1 0 0 0 1 0 0 0 1 4.31 1.49 -2.5</i>
                <i>1 0 0 0 1 0 0 0 1 4.31 1.49 -2.5</i>
                <i>1 0 0 0 1 0 0 0 1 4.31 1.49 -2.5</i>
                <i>1 0 0 0 1 0 0 0 1 4.31 1.49 -2.5</i>
                <i>1 0 0 0 1 0 0 0 1 4.31 1.49 -2.5</i>
                <i>1 0 0 0 1 0 0 0 1 4.31 1.49 -2.5</i>
                <i>1 0 0 0 1 0 0 0 1 4.31 1.49 -2.5</i>
                <i>1 0 0 0 1 0 0 0 1 4.31 1.49 -2.5</i>
                <i>1 0 0 0 1 0 0 0 1 4.31 1.49 -2.5</i>
                <i>1 0 0 0 1 0 0 0 1 4.31 1.49 -2.5</i>
                <i>1 0 0 0 1 0 0 0 1 4.31 1.49 -2.5</i>
                <i>1 0 0 0 1 0 0 0 1 4.31 1.49 -2.5</i>
                <i>1 0 0 0 1 0 0 0 1 4.31 1.49 -2.5</i>
                <i>1 0 0 0 1 0 0 0 1 4.31 1.49 -2.5</i>
                <i>1 0 0 0 1 0 0 0 1 4.31 1.49 -2.5</i>
                <i>1 0 0 0 1 0 0 0 1 4.31 1.49 -2.5</i>
                <i>1 0 0 0 1 0 0 0 1 4.31 1.49 -2.5</i>
                <i>1 0 0 0 1 0 0 0 1 4.31 1.49 -2.5</i>
                <i>1 0 0 0 1 0 0 0 1 4.31 1.49 -2.5</i>
                <i>1 0 0 0 1 0 0 0 1 4.31 1.49 -2.5</i>
                <i>1 0 0 0 1 0 0 0 1 4.31 1.49 -2.5</i>
                <i>1 0 0 0 1 0 0 0 1 4.31 1.49 -2.5</i>
                <i>1 0 0 0 1 0 0 0 1 4.31 1.49 -2.5</i>
                <i>1 0 0 0 1 0 0 0 1 4.31 1.49 -2.5</i>
                <i>1 0 0 0 1 0 0 0 1 4.31 1.49 -2.5</i>
                <i>1 0 0 0 1 0 0 0 1 4.31 1.49 -2.5</i>
                <i>1 0 0 0 1 0 0 0 1 4.31 1.49 -2.5</i>
                <i>1 0 0 0 1 0 0 0 1 4.31 1.49 -2.5</i>
                <i>1 0 0 0 1 0 0 0 1 4.31 1.49 -2.5</i>
                <i>1 0 0 0 1 0 0 0 1 4.31 1.49 -2.5</i>
                <i>1 0 0 0 1 0 0 0 1 4.31 1.49 -2.5</i>
                <i>1 0 0 0 1 0 0 0 1 4.31 1.49 -2.5</i>
                <i>1 0 0 0 1 0 0 0 1 4.31 1.49 -2.5</i>
                <i>1 0 0 0 1 0 0 0 1 4.31 1.49 -2.5</i>
                <i>1 0 0 0 1 0 0 0 1 4.31 1.49 -2.5</i>
                <i>1 0 0 0 1 0 0 0 1 4.31 1.49 -2.5</i>
                <i>1 0 0 0 1 0 0 0 1 4.31 1.49 -2.5</i>
                <i>1 0 0 0 1 0 0 0 1 4.31 1.49 -2.5</i>
                <i>1 0 0 0 1 0 0 0 1 4.31 1.49 -2.5</i>
                <i>1 0 0 0 1 0 0 0 1 4.31 1.49 -2.5</i>
                <i>1 0 0 0 1 0 0 0 1 4.31 1.49 -2.5</i>
                <i>1 0 0 0 1 0 0 0 1 4.31 1.49 -2.5</i>
                <i>1 0 0 0 1 0 0 0 1 4.31 1.49 -2.5</i>
                <i>1 0 0 0 1 0 0 0 1 4.31 1.49 -2.5</i>
                <i>1 0 0 0 1 0 0 0 1 4.31 1.49 -2.5</i>
                <i>1 0 0 0 1 0 0 0 1 4.31 1.49 -2.5</i>
                <i>1 0 0 0 1 0 0 0 1 4.31 1.49 -2.5</i>
                <i>1 0 0 0 1 0 0 0 1 4.31 1.49 -2.5</i>
                <i>1 0 0 0 1 0 0 0 1 4.31 1.49 -2.5</i>
                <i>1 0 0 0 1 0 0 0 1 4.31 1.49 -2.5</i>
                <i>1 0 0 0 1 0 0 0 1 4.31 1.49 -2.5</i>
                <i>1 0 0 0 1 0 0 0 1 4.31 1.49 -2.5</i>
                <i>1 0 0 0 1 0 0 0 1 4.31 1.49 -2.5</i>
                <i>1 0 0 0 1 0 0 0 1 4.31 1.49 -2.5</i>
                <i>1 0 0 0 1 0 0 0 1 4.31 1.49 -2.5</i>
                <i>1 0 0 0 1 0 0 0 1 4.31 1.49 -2.5</i>
                <i>1 0 0 0 1 0 0 0 1 4.31 1.49 -2.5</i>
                <i>1 0 0 0 1 0 0 0 1 4.31 1.49 -2.5</i>
                <i>1 0 0 0 1 0 0 0 1 4.31 1.49 -2.5</i>
                <i>1 0 0 0 1 0 0 0 1 4.31 1.49 -2.5</i>
                <i>1 0 0 0 1 0 0 0 1 4.31 1.49 -2.5</i>
                <i>1 0 0 0 1 0 0 0 1 4.31 1.49 -2.5</i>
                <i>1 0 0 0 1 0 0 0 1 4.31 1.49 -2.5</i>
                <i>1 0 0 0 1 0 0 0 1 4.31 1.49 -2.5</i>
                <i>1 0 0 0 1 0 0 0 1 4.31 1.49 -2.5</i>
                <i>1 0 0 0 1 0 0 0 1 4.31 1.49 -2.5</i>
                <i>1 0 0 0 1 0 0 0 1 4.31 1.49 -2.5</i>
                <i>1 0 0 0 1 0 0 0 1 4.31 1.49 -2.5</i>
                <i>1 0 0 0 1 0 0 0 1 4.31 1.49 -2.5</i>
                <i>1 0 0 0 1 0 0 0 1 4.31 1.49 -2.5</i>
                <i>1 0 0 0 1 0 0 0 1 4.31 1.49 -2.5</i>
                <i>1 0 0 0 1 0 0 0 1 4.31 1.49 -2.5</i>
                <i>1 0 0 0 1 0 0 0 1 4.31 1.49 -2.5</i>
                <i>1 0 0 0 1 0 0 0 1 4.31 1.49 -2.5</i>
                <i>1 0 0 0 1 0 0 0 1 4.31 1.49 -2.5</i>
                <i>1 0 0 0 1 0 0 0 1 4.31 1.49 -2.5</i>
                <i>1 0 0 0 1 0 0 0 1 4.31 1.49 -2.5</i>
                <i>1 0 0 0 1 0 0 0 1 4.31 1.49 -2.5</i>
                <i>1 0 0 0 1 0 0 0 1 4.31 1.49 -2.5</i>
                <i>1 0 0 0 1 0 0 0 1 4.31 1.49 -2.5</i>
                <i>1 0 0 0 1 0 0 0 1 4.31 1.49 -2.5</i>
                <i>1 0 0 0 1 0 0 0 1 4.31 1.49 -2.5</i>
                <i>1 0 0 0 1 0 0 0 1 4.31 1.49 -2.5</i>
                <i>1 0 0 0 1 0 0 0 1 4.31 1.49 -2.5</i>
                <i>1 0 0 0 1 0 0 0 1 4.31 1.49 -2.5</i>
                <i>1 0 0 0 1 0 0 0 1 4.31 1.49 -2.5</i>
                <i>1 0 0 0 1 0 0 0 1 4.31 1.49 -2.5</i>
                <i>1 0 0 0 1 0 0 0 1 4.31 1.49 -2.5</i>
                <i>1 0 0 0 1 0 0 0 1 4.31 1.49 -2.5</i>
                <i>1 0 0 0 1 0 0 0 1 4.31 1.49 -2.5</i>
                <i>1 0 0 0 1 0 0 0 1 4.31 1.49 -2.5</i>
                <i>1 0 0 0 1 0 0 0 1 4.31 1.49 -2.5</i>
                <i>1 0 0 0 1 0 0 0 1 4.31 1.49 -2.5</i>
                <i>1 0 0 0 1 0 0 0 1 4.31 1.49 -2.5</i>
                <i>1 0 0 0 1 0 0 0 1 4.31 1.49 -2.5</i>
                <i>1 0 0 0 1 0 0 0 1 4.31 1.49 -2.5</i>
                <i>1 0 0 0 1 0 0 0 1 4.31 1.49 -2.5</i>
                <i>1 0 0 0 1 0 0 0 1 4.31 1.49 -2.5</i>
                <i>1 0 0 0 1 0 0 0 1 4.31 1.49 -2.5</i>
                <i>1 0 0 0 1 0 0 0 1 4.31 1.49 -2.5</i>
                <i>1 0 0 0 1 0 0 0 1 4.31 1.49 -2.5</i>
                <i>1 0 0 0 1 0 0 0 1 4.31 1.49 -2.5</i>
                <i>1 0 0 0 1 0 0 0 1 4.31 1.49 -2.5</i>
                <i>1 0 0 0 1 0 0 0 1 4.31 1.49 -2.5</i>
                <i>1 0 0 0 1 0 0 0 1 4.31 1.49 -2.5</i>
                <i>1 0 0 0 1 0 0 0 1 4.31 1.49 -2.5</i>
                <i>1 0 0 0 1 0 0 0 1 4.31 1.49 -2.5</i>
                <i>1 0 0 0 1 0 0 0 1 4.31 1.49 -2.5</i>
                <i>1 0 0 0 1 0 0 0 1 4.31 1.49 -2.5</i>
                <i>1 0 0 0 1 0 0 0 1 4.31 1.49 -2.5</i>
                <i>1 0 0 0 1 0 0 0 1 4.31 1.49 -2.5</i>
                <i>1 0 0 0 1 0 0 0 1 4.31 1.49 -2.5</i>
                <i>1 0 0 0 1 0 0 0 1 4.31 1.49 -2.5</i>
                <i>1 0 0 0 1 0 0 0 1 4.31 1.49 -2.5</i>
                <i>1 0 0 0 1 0 0 0 1 4.31 1.49 -2.5</i>
                <i>1 0 0 0 1 0 0 0 1 4.31 1.49 -2.5</i>
                <i>1 0 0 0 1 0 0 0 1 4.31 1.49 -2.5</i>
                <i>1 0 0 0 1 0 0 0 1 4.31 1.49 -2.5</i>
                <i>1 0 0 0 1 0 0 0 1 4.31 1.49 -2.5</i>
                <i>1 0 0 0 1 0 0 0 1 4.31 1.49 -2.5</i>
                <i>1 0 0 0 1 0 0 0 1 4.31 1.49 -2.5</i>
                <i>1 0 0 0 1 0 0 0 1 4.31 1.49 -2.5</i>
                <i>1 0 0 0 1 0 0 0 1 4.31 1.49 -2.5</i>
                <i>1 0 0 0 1 0 0 0 1 4.31 1.49 -2.5</i>
                <i>1 0 0 0 1 0 0 0 1 4.31 1.49 -2.5</i>
                <i>1 0 0 0 1 0 0 0 1 4.31 1.49 -2.5</i>
                <i>1 0 0 0 1 0 0 0 1 4.31 1.49 -2.5</i>
                <i>1 0 0 0 1 0 0 0 1 4.31 1.49 -2.5</i>
                <i>1 0 0 0 1 0 0 0 1 4.31 1.49 -2.5</i>
                <i>1 0 0 0 1 0 0 0 1 4.31 1.49 -2.5</i>
                <i>1 0 0 0 1 0 0 0 1 4.31 1.49 -2.5</i>
                <i>1 0 0 0 1 0 0 0 1 4.31 1.49 -2.5</i>
                <i>1 0 0 0 1 0 0 0 1 4.31 1.49 -2.5</i>
                <i>1 0 0 0 1 0 0 0 1 4.31 1.49 -2.5</i>
                <i>1 0 0 0 1 0 0 0 1 4.31 1.49 -2.5</i>
                <i>1 0 0 0 1 0 0 0 1 4.31 1.49 -2.5</i>
                <i>1 0 0 0 1 0 0 0 1 4.31 1.49 -2.5</i>
                <i>1 0 0 0 1 0 0 0 1 4.31 1.49 -2.5</i>
                <i>1 0 0 0 1 0 0 0 1 4.31 1.49 -2.5</i>
                <i>1 0 0 0 1 0 0 0 1 4.31 1.49 -2.5</i>
                <i>1 0 0 0 1 0 0 0 1 4.31 1.49 -2.5</i>
                <i>1 0 0 0 1 0 0 0 1 4.31 1.49 -2.5</i>
                <i>1 0 0 0 1 0 0 0 1 4.31 1.49 -2.5</i>
                <i>1 0 0 0 1 0 0 0 1 4.31 1.49 -2.5</i>
                <i>1 0 0 0 1 0 0 0 1 4.31 1.49 -2.5</i>
                <i>1 0 0 0 1 0 0 0 1 4.31 1.49 -2.5</i>
                <i>1 0 0 0 1 0 0 0 1 4.31 1.49 -2.5</i>
                <i>1 0 0 0 1 0 0 0 1 4.31 1.49 -2.5</i>
                <i>1 0 0 0 1 0 0 0 1 4.31 1.49 -2.5</i>
                <i>1 0 0 0 1 0 0 0 1 4.31 1.49 -2.5</i>
                <i>1 0 0 0 1 0 0 0 1 4.31 1.49 -2.5</i>
                <i>1 0 0 0 1 0 0 0 1 4.31 1.49 -2.5</i>
                <i>1 0 0 0 1 0 0 0 1 4.31 1.49 -2.5</i>
                <i>1 0 0 0 1 0 0 0 1 4.31 1.49 -2.5</i>
                <i>1 0 0 0 1 0 0 0 1 4.31 1.49 -2.5</i>
                <i>1 0 0 0 1 0 0 0 1 4.31 1.49 -2.5</i>
                <i>1 0 0 0 1 0 0 0 1 4.31 1.49 -2.5</i>
                <i>1 0 0 0 1 0 0 0 1 4.31 1.49 -2.5</i>
                <i>1 0 0 0 1 0 0 0 1 4.31 1.49 -2.5</i>
                <i>1 0 0 0 1 0 0 0 1 4.31 1.49 -2.5</i>
                <i>1 0 0 0 1 0 0 0 1 4.31 1.49 -2.5</i>
                <i>1 0 0 0 1 0 0 0 1 4.31 1.49 -2.5</i>
            </KeyFrames>
        </RefFrame>
        <Bones count="23">
            <i>
                <p>
                    <Name><![CDATA[pelvis]]></Name>
                    <Exclude>0</Exclude>
                    <Additive>0</Additive>
                    <IKPriority>0</IKPriority>
                    <IKRotLimits>-1e+010 -1e+010 -1e+010 1e+010 1e+010 1e+010</IKRotLimits>
                    <IKRotLimitOrder>2</IKRotLimitOrder>
                    <KeyFrames count="190">
                        <i>1 0 0 0 1 0 0 0 1 4.2664 2.12881 -2.66224</i>
                        <i>1 0 0 0 1 0 0 0 1 4.2664 2.12881 -2.66224</i>
                        <i>1 0 0 0 1 0 0 0 1 4.2664 2.12881 -2.66224</i>
                        <i>1 0 0 0 1 0 0 0 1 4.2664 2.12881 -2.66224</i>
                        <i>1 0 0 0 1 0 0 0 1 4.2664 2.12881 -2.66224</i>
                        <i>1 0 0 0 1 0 0 0 1 4.2664 2.13916 -2.6624</i>
                        <i>1 0 0 0 1 0 0 0 1 4.2664 2.16762 -2.66284</i>
                        <i>1 0 0 0 1 0 0 0 1 4.2664 2.21028 -2.66349</i>
                        <i>1 0 0 0 1 0 0 0 1 4.2664 2.26326 -2.66428</i>
                        <i>1 0 0 0 1 0 0 0 1 4.2664 2.32266 -2.66513</i>
                        <i>1 0 0 0 1 0 0 0 1 4.2664 2.38459 -2.66599</i>
                        <i>1 0 0 0 1 0 0 0 1 4.2664 2.44516 -2.66678</i>
                        <i>1 0 0 0 1 0 0 0 1 4.2664 2.50048 -2.66743</i>
                        <i>1 0 0 0 1 0 0 0 1 4.2664 2.54665 -2.66787</i>
                        <i>1 0 0 0 1 0 0 0 1 4.2664 2.57978 -2.66803</i>
                        <i>1 0 0 0 1 0 0 0 1 4.2664 2.59899 -2.66803</i>
                        <i>1 0 0 0 1 0 0 0 1 4.2664 2.60773 -2.66803</i>
                        <i>1 0 0 0 1 0 0 0 1 4.2664 2.60857 -2.66803</i>
                        <i>1 0 0 0 1 0 0 0 1 4.2664 2.60409 -2.66803</i>
                        <i>1 0 0 0 1 0 0 0 1 4.2664 2.59685 -2.66803</i>
                        <i>1 0 0 0 1 0 0 0 1 4.2664 2.58944 -2.66803</i>
                        <i>1 0 0 0 1 0 0 0 1 4.2664 2.58443 -2.66803</i>
                        <i>1 0 0 0 1 0 0 0 1 4.2664 2.58438 -2.66803</i>
                        <i>1 0 0 0 1 0 0 0 1 4.2664 2.58916 -2.66803</i>
                        <i>1 0 0 0 1 0 0 0 1 4.2664 2.59621 -2.66803</i>
                        <i>1 0 0 0 1 0 0 0 1 4.2664 2.6045 -2.66803</i>
                        <i>1 0 0 0 1 0 0 0 1 4.2664 2.61298 -2.66803</i>
                        <i>1 0 0 0 1 0 0 0 1 4.2664 2.62063 -2.66803</i>
                        <i>1 0 0 0 1 0 0 0 1 4.2664 2.62641 -2.66803</i>
                        <i>1 0 0 0 1 0 0 0 1 4.2664 2.6293 -2.66803</i>
                        <i>1 0 0 0 1 0 0 0 1 4.2664 2.62997 -2.66803</i>
                        <i>1 0 0 0 1 0 0 0 1 4.2664 2.62987 -2.66803</i>
                        <i>1 0 0 0 1 0 0 0 1 4.2664 2.62911 -2.66803</i>
                        <i>1 0 0 0 1 0 0 0 1 4.2664 2.6278 -2.66803</i>
                        <i>1 0 0 0 1 0 0 0 1 4.2664 2.62605 -2.66803</i>
                        <i>1 0 0 0 1 0 0 0 1 4.2664 2.62397 -2.66803</i>
                        <i>1 0 0 0 1 0 0 0 1 4.2664 2.62167 -2.66803</i>
                        <i>1 0 0 0 1 0 0 0 1 4.2664 2.61925 -2.66803</i>
                        <i>1 0 0 0 1 0 0 0 1 4.2664 2.61683 -2.66803</i>
                        <i>1 0 0 0 1 0 0 0 1 4.2664 2.61452 -2.66803</i>
                        <i>1 0 0 0 1 0 0 0 1 4.2664 2.61243 -2.66803</i>
                        <i>1 0 0 0 1 0 0 0 1 4.2664 2.61066 -2.66803</i>
                        <i>1 0 0 0 1 0 0 0 1 4.2664 2.60932 -2.66803</i>
                        <i>1 0 0 0 1 0 0 0 1 4.2664 2.60853 -2.66803</i>
                        <i>1 0 0 0 1 0 0 0 1 4.2664 2.6084 -2.66803</i>
                        <i>1 0 0 0 1 0 0 0 1 4.2664 2.60913 -2.66803</i>
                        <i>1 0 0 0 1 0 0 0 1 4.2664 2.61073 -2.66803</i>
                        <i>1 0 0 0 1 0 0 0 1 4.2664 2.61304 -2.66803</i>
                        <i>1 0 0 0 1 0 0 0 1 4.2664 2.61587 -2.66803</i>
                        <i>1 0 0 0 1 0 0 0 1 4.2664 2.61903 -2.66803</i>
                        <i>1 0 0 0 1 0 0 0 1 4.2664 2.62236 -2.66803</i>
                        <i>1 0 0 0 1 0 0 0 1 4.2664 2.62565 -2.66803</i>
                        <i>1 0 0 0 1 0 0 0 1 4.2664 2.62875 -2.66803</i>
                        <i>1 0 0 0 1 0 0 0 1 4.2664 2.63146 -2.66803</i>
                        <i>1 0 0 0 1 0 0 0 1 4.2664 2.6336 -2.66803</i>
                        <i>1 0 0 0 1 0 0 0 1 4.2664 2.635 -2.66803</i>
                        <i>1 0 0 0 1 0 0 0 1 4.2664 2.63547 -2.66803</i>
                        <i>1 0 0 0 1 0 0 0 1 4.2664 2.63533 -2.66803</i>
                        <i>1 0 0 0 1 0 0 0 1 4.2664 2.63504 -2.66803</i>
                        <i>1 0 0 0 1 0 0 0 1 4.2664 2.6346 -2.66803</i>
                        <i>1 0 0 0 1 0 0 0 1 4.2664 2.63402 -2.66803</i>
                        <i>1 0 0 0 1 0 0 0 1 4.2664 2.63331 -2.66803</i>
                        <i>1 0 0 0 1 0 0 0 1 4.2664 2.63249 -2.66803</i>
                        <i>1 0 0 0 1 0 0 0 1 4.2664 2.63156 -2.66803</i>
                        <i>1 0 0 0 1 0 0 0 1 4.2664 2.63054 -2.66803</i>
                        <i>1 0 0 0 1 0 0 0 1 4.2664 2.62943 -2.66803</i>
                        <i>1 0 0 0 1 0 0 0 1 4.2664 2.62825 -2.66803</i>
                        <i>1 0 0 0 1 0 0 0 1 4.2664 2.62701 -2.66803</i>
                        <i>1 0 0 0 1 0 0 0 1 4.2664 2.62572 -2.66803</i>
                        <i>1 0 0 0 1 0 0 0 1 4.2664 2.62439 -2.66803</i>
                        <i>1 0 0 0 1 0 0 0 1 4.2664 2.62303 -2.66803</i>
                        <i>1 0 0 0 1 0 0 0 1 4.2664 2.62166 -2.66803</i>
                        <i>1 0 0 0 1 0 0 0 1 4.2664 2.62027 -2.66803</i>
                        <i>1 0 0 0 1 0 0 0 1 4.2664 2.61889 -2.66803</i>
                        <i>1 0 0 0 1 0 0 0 1 4.2664 2.61752 -2.66803</i>
                        <i>1 0 0 0 1 0 0 0 1 4.2664 2.61617 -2.66803</i>
                        <i>1 0 0 0 1 0 0 0 1 4.2664 2.61487 -2.66803</i>
                        <i>1 0 0 0 1 0 0 0 1 4.2664 2.6136 -2.66803</i>
                        <i>1 0 0 0 1 0 0 0 1 4.2664 2.6124 -2.66803</i>
                        <i>1 0 0 0 1 0 0 0 1 4.2664 2.61126 -2.66803</i>
                        <i>1 0 0 0 1 0 0 0 1 4.2664 2.6102 -2.66803</i>
                        <i>1 0 0 0 1 0 0 0 1 4.2664 2.60923 -2.66803</i>
                        <i>1 0 0 0 1 0 0 0 1 4.2664 2.60837 -2.66803</i>
                        <i>1 0 0 0 1 0 0 0 1 4.2664 2.60761 -2.66803</i>
                        <i>1 0 0 0 1 0 0 0 1 4.2664 2.60697 -2.66803</i>
                        <i>1 0 0 0 1 0 0 0 1 4.2664 2.60647 -2.66803</i>
                        <i>1 0 0 0 1 0 0 0 1 4.2664 2.60611 -2.66803</i>
                        <i>1 0 0 0 1 0 0 0 1 4.2664 2.60591 -2.66803</i>
                        <i>1 0 0 0 1 0 0 0 1 4.2664 2.60587 -2.66803</i>
                        <i>1 0 0 0 1 0 0 0 1 4.2664 2.60601 -2.66803</i>
                        <i>1 0 0 0 1 0 0 0 1 4.2664 2.60632 -2.66803</i>
                        <i>1 0 0 0 1 0 0 0 1 4.2664 2.60678 -2.66803</i>
                        <i>1 0 0 0 1 0 0 0 1 4.2664 2.60738 -2.66803</i>
                        <i>1 0 0 0 1 0 0 0 1 4.2664 2.60812 -2.66803</i>
                        <i>1 0 0 0 1 0 0 0 1 4.2664 2.60898 -2.66803</i>
                        <i>1 0 0 0 1 0 0 0 1 4.2664 2.60995 -2.66803</i>
                        <i>1 0 0 0 1 0 0 0 1 4.2664 2.61101 -2.66803</i>
                        <i>1 0 0 0 1 0 0 0 1 4.2664 2.61217 -2.66803</i>
                        <i>1 0 0 0 1 0 0 0 1 4.2664 2.61339 -2.66803</i>
                        <i>1 0 0 0 1 0 0 0 1 4.2664 2.61469 -2.66803</i>
                        <i>1 0 0 0 1 0 0 0 1 4.2664 2.61604 -2.66803</i>
                        <i>1 0 0 0 1 0 0 0 1 4.2664 2.61743 -2.66803</i>
                        <i>1 0 0 0 1 0 0 0 1 4.2664 2.61885 -2.66803</i>
                        <i>1 0 0 0 1 0 0 0 1 4.2664 2.6203 -2.66803</i>
                        <i>1 0 0 0 1 0 0 0 1 4.2664 2.62175 -2.66803</i>
                        <i>1 0 0 0 1 0 0 0 1 4.2664 2.62321 -2.66803</i>
                        <i>1 0 0 0 1 0 0 0 1 4.2664 2.62465 -2.66803</i>
                        <i>1 0 0 0 1 0 0 0 1 4.2664 2.62607 -2.66803</i>
                        <i>1 0 0 0 1 0 0 0 1 4.2664 2.62745 -2.66803</i>
                        <i>1 0 0 0 1 0 0 0 1 4.2664 2.62879 -2.66803</i>
                        <i>1 0 0 0 1 0 0 0 1 4.2664 2.63007 -2.66803</i>
                        <i>1 0 0 0 1 0 0 0 1 4.2664 2.63129 -2.66803</i>
                        <i>1 0 0 0 1 0 0 0 1 4.2664 2.63243 -2.66803</i>
                        <i>1 0 0 0 1 0 0 0 1 4.2664 2.63347 -2.66803</i>
                        <i>1 0 0 0 1 0 0 0 1 4.2664 2.63442 -2.66803</i>
                        <i>1 0 0 0 1 0 0 0 1 4.2664 2.63526 -2.66803</i>
                        <i>1 0 0 0 1 0 0 0 1 4.2664 2.63597 -2.66803</i>
                        <i>1 0 0 0 1 0 0 0 1 4.2664 2.63655 -2.66803</i>
                        <i>1 0 0 0 1 0 0 0 1 4.2664 2.63698 -2.66803</i>
                        <i>1 0 0 0 1 0 0 0 1 4.2664 2.63726 -2.66803</i>
                        <i>1 0 0 0 1 0 0 0 1 4.2664 2.63743 -2.66803</i>
                        <i>1 0 0 0 1 0 0 0 1 4.2664 2.63756 -2.66803</i>
                        <i>1 0 0 0 1 0 0 0 1 4.2664 2.63765 -2.66803</i>
                        <i>1 0 0 0 1 0 0 0 1 4.2664 2.63769 -2.66803</i>
                        <i>1 0 0 0 1 0 0 0 1 4.2664 2.63769 -2.66803</i>
                        <i>1 0 0 0 1 0 0 0 1 4.2664 2.63765 -2.66803</i>
                        <i>1 0 0 0 1 0 0 0 1 4.2664 2.63758 -2.66803</i>
                        <i>1 0 0 0 1 0 0 0 1 4.2664 2.63746 -2.66803</i>
                        <i>1 0 0 0 1 0 0 0 1 4.2664 2.63731 -2.66803</i>
                        <i>1 0 0 0 1 0 0 0 1 4.2664 2.63712 -2.66803</i>
                        <i>1 0 0 0 1 0 0 0 1 4.2664 2.6369 -2.66803</i>
                        <i>1 0 0 0 1 0 0 0 1 4.2664 2.63664 -2.66803</i>
                        <i>1 0 0 0 1 0 0 0 1 4.2664 2.63635 -2.66803</i>
                        <i>1 0 0 0 1 0 0 0 1 4.2664 2.63602 -2.66803</i>
                        <i>1 0 0 0 1 0 0 0 1 4.2664 2.63567 -2.66803</i>
                        <i>1 0 0 0 1 0 0 0 1 4.2664 2.63528 -2.66803</i>
                        <i>1 0 0 0 1 0 0 0 1 4.2664 2.63487 -2.66803</i>
                        <i>1 0 0 0 1 0 0 0 1 4.2664 2.63443 -2.66803</i>
                        <i>1 0 0 0 1 0 0 0 1 4.2664 2.63396 -2.66803</i>
                        <i>1 0 0 0 1 0 0 0 1 4.2664 2.63347 -2.66803</i>
                        <i>1 0 0 0 1 0 0 0 1 4.2664 2.63295 -2.66803</i>
                        <i>1 0 0 0 1 0 0 0 1 4.2664 2.6324 -2.66803</i>
                        <i>1 0 0 0 1 0 0 0 1 4.2664 2.63184 -2.66803</i>
                        <i>1 0 0 0 1 0 0 0 1 4.2664 2.63125 -2.66803</i>
                        <i>1 0 0 0 1 0 0 0 1 4.2664 2.63064 -2.66803</i>
                        <i>1 0 0 0 1 0 0 0 1 4.2664 2.63002 -2.66803</i>
                        <i>1 0 0 0 1 0 0 0 1 4.2664 2.62937 -2.66803</i>
                        <i>1 0 0 0 1 0 0 0 1 4.2664 2.62871 -2.66803</i>
                        <i>1 0 0 0 1 0 0 0 1 4.2664 2.62803 -2.66803</i>
                        <i>1 0 0 0 1 0 0 0 1 4.2664 2.62733 -2.66803</i>
                        <i>1 0 0 0 1 0 0 0 1 4.2664 2.62662 -2.66803</i>
                        <i>1 0 0 0 1 0 0 0 1 4.2664 2.62589 -2.66803</i>
                        <i>1 0 0 0 1 0 0 0 1 4.2664 2.62516 -2.66803</i>
                        <i>1 0 0 0 1 0 0 0 1 4.2664 2.62441 -2.66803</i>
                        <i>1 0 0 0 1 0 0 0 1 4.2664 2.62365 -2.66803</i>
                        <i>1 0 0 0 1 0 0 0 1 4.2664 2.62288 -2.66803</i>
                        <i>1 0 0 0 1 0 0 0 1 4.2664 2.6221 -2.66803</i>
                        <i>1 0 0 0 1 0 0 0 1 4.2664 2.62132 -2.66803</i>
                        <i>1 0 0 0 1 0 0 0 1 4.2664 2.62053 -2.66803</i>
                        <i>1 0 0 0 1 0 0 0 1 4.2664 2.61974 -2.66803</i>
                        <i>1 0 0 0 1 0 0 0 1 4.26624 2.61046 -2.6679</i>
                        <i>1 0 0 0 1 0 0 0 1 4.26584 2.58628 -2.66755</i>
                        <i>1 0 0 0 1 0 0 0 1 4.2653 2.5503 -2.66702</i>
                        <i>1 0 0 0 1 0 0 0 1 4.26472 2.50562 -2.66636</i>
                        <i>1 0 0 0 1 0 0 0 1 4.26421 2.45533 -2.66562</i>
                        <i>1 0 0 0 1 0 0 0 1 4.26388 2.40254 -2.66483</i>
                        <i>1 0 0 0 1 0 0 0 1 4.26383 2.35034 -2.66406</i>
                        <i>1 0 0 0 1 0 0 0 1 4.26416 2.30183 -2.66334</i>
                        <i>1 0 0 0 1 0 0 0 1 4.26498 2.2601 -2.66271</i>
                        <i>1 0 0 0 1 0 0 0 1 4.2664 2.22826 -2.66224</i>
                        <i>1 0 0 0 1 0 0 0 1 4.27026 2.21366 -2.66199</i>
                        <i>1 0 0 0 1 0 0 0 1 4.27692 2.21564 -2.66196</i>
                        <i>1 0 0 0 1 0 0 0 1 4.28428 2.22528 -2.66205</i>
                        <i>1 0 0 0 1 0 0 0 1 4.29024 2.23363 -2.66218</i>
                        <i>1 0 0 0 1 0 0 0 1 4.2927 2.23176 -2.66224</i>
                        <i>1 0 0 0 1 0 0 0 1 4.28996 2.21469 -2.66224</i>
                        <i>1 0 0 0 1 0 0 0 1 4.28344 2.18837 -2.66224</i>
                        <i>1 0 0 0 1 0 0 0 1 4.27566 2.16028 -2.66224</i>
                        <i>1 0 0 0 1 0 0 0 1 4.26914 2.13793 -2.66224</i>
                        <i>1 0 0 0 1 0 0 0 1 4.2664 2.12881 -2.66224</i>
                        <i>1 0 0 0 1 0 0 0 1 4.2664 2.12881 -2.66224</i>
                        <i>1 0 0 0 1 0 0 0 1 4.2664 2.12881 -2.66224</i>
                        <i>1 0 0 0 1 0 0 0 1 4.2664 2.12881 -2.66224</i>
                        <i>1 0 0 0 1 0 0 0 1 4.2664 2.12881 -2.66224</i>
                        <i>1 0 0 0 1 0 0 0 1 4.2664 2.12881 -2.66224</i>
                        <i>1 0 0 0 1 0 0 0 1 4.2664 2.12881 -2.66224</i>
                        <i>1 0 0 0 1 0 0 0 1 4.2664 2.12881 -2.66224</i>
                        <i>1 0 0 0 1 0 0 0 1 4.2664 2.12881 -2.66224</i>
                        <i>1 0 0 0 1 0 0 0 1 4.2664 2.12881 -2.66224</i>
                        <i>1 0 0 0 1 0 0 0 1 4.2664 2.12881 -2.66224</i>
                    </KeyFrames>
                </p>
            </i>
            <i>
                <p>
                    <Name><![CDATA[spine0]]></Name>
                    <Exclude>0</Exclude>
                    <Additive>0</Additive>
                    <IKPriority>0</IKPriority>
                    <IKRotLimits>-1e+010 -1e+010 -1e+010 1e+010 1e+010 1e+010</IKRotLimits>
                    <IKRotLimitOrder>0</IKRotLimitOrder>
                    <KeyFrames count="190">
                        <i>0.0574598 0.976266 0.208812 -0.97094 0.00597377 0.239248 0.232323 -0.216491 0.948239 4.24616 2.26364 -2.70817</i>
                        <i>0.0574598 0.976266 0.208812 -0.97094 0.00597377 0.239248 0.232323 -0.216491 0.948239 4.24616 2.26364 -2.70817</i>
                        <i>0.0574598 0.976266 0.208812 -0.97094 0.00597377 0.239248 0.232323 -0.216491 0.948239 4.24616 2.26364 -2.70817</i>
                        <i>0.0574598 0.976266 0.208812 -0.97094 0.00597377 0.239248 0.232323 -0.216491 0.948239 4.24616 2.26364 -2.70817</i>
                        <i>0.0574598 0.976266 0.208812 -0.97094 0.00597377 0.239248 0.232323 -0.216491 0.948239 4.24616 2.26364 -2.70817</i>
                        <i>0.0572495 0.974784 0.21568 -0.973367 0.00646262 0.22916 0.221988 -0.223055 0.949193 4.24733 2.27438 -2.70768</i>
                        <i>0.0559748 0.970521 0.234427 -0.979416 0.00776665 0.201705 0.193938 -0.240891 0.950978 4.25044 2.30385 -2.70621</i>
                        <i>0.0522088 0.963587 0.262248 -0.986892 0.00962792 0.161096 0.152705 -0.267221 0.951459 4.25479 2.34791 -2.70374</i>
                        <i>0.044595 0.954107 0.296128 -0.993678 0.011792 0.111648 0.103033 -0.299235 0.9486 4.25967 2.40238 -2.70027</i>
                        <i>0.0325179 0.94244 0.332791 -0.998229 0.0140279 0.0578136 0.0498174 -0.334081 0.941227 4.26443 2.46316 -2.69597</i>
                        <i>0.0165197 0.929338 0.368861 -0.999861 0.0161399 0.00411532 -0.00212888 -0.368878 0.929475 4.26857 2.52622 -2.69117</i>
                        <i>-0.00158078 0.916009 0.401155 -0.998827 0.0179712 -0.044972 -0.048404 -0.400756 0.914905 4.2718 2.58758 -2.68639</i>
                        <i>-0.0188747 0.904092 0.426922 -0.996181 0.0194002 -0.0851261 -0.0852442 -0.426898 0.900273 4.27403 2.64338 -2.68223</i>
                        <i>-0.0318071 0.895516 0.44389 -0.993478 0.0203288 -0.1122 -0.1095 -0.444564 0.889029 4.27532 2.68978 -2.67931</i>
                        <i>-0.0368107 0.892257 0.450025 -0.992298 0.0206626 -0.122134 -0.118274 -0.451055 0.884624 4.27574 2.72297 -2.67821</i>
                        <i>-0.0368107 0.892257 0.450025 -0.992298 0.0206626 -0.122134 -0.118274 -0.451055 0.884624 4.27574 2.74219 -2.67821</i>
                        <i>-0.0368107 0.892257 0.450025 -0.992298 0.0206626 -0.122134 -0.118274 -0.451055 0.884624 4.27574 2.75093 -2.67821</i>
                        <i>-0.0368107 0.892257 0.450025 -0.992298 0.0206626 -0.122134 -0.118274 -0.451055 0.884624 4.27574 2.75177 -2.67821</i>
                        <i>-0.0368107 0.892257 0.450025 -0.992298 0.0206626 -0.122134 -0.118274 -0.451055 0.884624 4.27574 2.74729 -2.67821</i>
                        <i>-0.0368107 0.892257 0.450025 -0.992298 0.0206626 -0.122134 -0.118274 -0.451055 0.884624 4.27574 2.74005 -2.67821</i>
                        <i>-0.0368107 0.892257 0.450025 -0.992298 0.0206626 -0.122134 -0.118274 -0.451055 0.884624 4.27574 2.73264 -2.67821</i>
                        <i>-0.0368107 0.892257 0.450025 -0.992298 0.0206626 -0.122134 -0.118274 -0.451055 0.884624 4.27574 2.72762 -2.67821</i>
                        <i>-0.0368107 0.892257 0.450025 -0.992298 0.0206626 -0.122134 -0.118274 -0.451055 0.884624 4.27574 2.72758 -2.67821</i>
                        <i>-0.0368107 0.892257 0.450025 -0.992298 0.0206626 -0.122134 -0.118274 -0.451055 0.884624 4.27574 2.73236 -2.67821</i>
                        <i>-0.0368107 0.892257 0.450025 -0.992298 0.0206626 -0.122134 -0.118274 -0.451055 0.884624 4.27574 2.73941 -2.67821</i>
                        <i>-0.0368107 0.892257 0.450025 -0.992298 0.0206626 -0.122134 -0.118274 -0.451055 0.884624 4.27574 2.74769 -2.67821</i>
                        <i>-0.0368107 0.892257 0.450025 -0.992298 0.0206626 -0.122134 -0.118274 -0.451055 0.884624 4.27574 2.75618 -2.67821</i>
                        <i>-0.0368107 0.892257 0.450025 -0.992298 0.0206626 -0.122134 -0.118274 -0.451055 0.884624 4.27574 2.76383 -2.67821</i>
                        <i>-0.0368107 0.892257 0.450025 -0.992298 0.0206626 -0.122134 -0.118274 -0.451055 0.884624 4.27574 2.76961 -2.67821</i>
                        <i>-0.0368107 0.892257 0.450025 -0.992298 0.0206626 -0.122134 -0.118274 -0.451055 0.884624 4.27574 2.7725 -2.67821</i>
                        <i>-0.0370592 0.891085 0.452321 -0.992299 0.0207198 -0.122119 -0.11819 -0.453363 0.883455 4.27574 2.77317 -2.67821</i>
                        <i>-0.0376433 0.888296 0.457727 -0.992301 0.0208566 -0.122082 -0.117992 -0.458798 0.880671 4.27574 2.77307 -2.67821</i>
                        <i>-0.038318 0.885012 0.463988 -0.992303 0.0210184 -0.122039 -0.117758 -0.465093 0.877395 4.27574 2.77231 -2.67821</i>
                        <i>-0.0388318 0.882471 0.468762 -0.992304 0.0211435 -0.122005 -0.117577 -0.469892 0.874858 4.27574 2.771 -2.67821</i>
                        <i>-0.0389302 0.881995 0.469649 -0.992304 0.0211639 -0.122 -0.117543 -0.470784 0.874383 4.27574 2.76925 -2.67821</i>
                        <i>-0.0387033 0.883156 0.467481 -0.992304 0.0211006 -0.122017 -0.117624 -0.468605 0.875542 4.27574 2.76717 -2.67821</i>
                        <i>-0.0384156 0.884614 0.46474 -0.992303 0.0210217 -0.122038 -0.117726 -0.465851 0.876997 4.27574 2.76486 -2.67821</i>
                        <i>-0.0380762 0.886316 0.461512 -0.992302 0.0209297 -0.122063 -0.117845 -0.462607 0.878696 4.27574 2.76245 -2.67821</i>
                        <i>-0.0376941 0.888212 0.457884 -0.9923 0.0208276 -0.12209 -0.117979 -0.458961 0.880588 4.27574 2.76003 -2.67821</i>
                        <i>-0.0372783 0.890251 0.453943 -0.992299 0.0207178 -0.122119 -0.118122 -0.454999 0.882623 4.27574 2.75772 -2.67821</i>
                        <i>-0.0368377 0.892384 0.449772 -0.992298 0.020603 -0.12215 -0.118272 -0.450807 0.884751 4.27574 2.75562 -2.67821</i>
                        <i>-0.0363812 0.894565 0.445455 -0.992296 0.0204855 -0.122182 -0.118425 -0.446468 0.886928 4.27574 2.75385 -2.67821</i>
                        <i>-0.0359172 0.896752 0.441074 -0.992295 0.0203676 -0.122213 -0.118579 -0.442065 0.88911 4.27574 2.75252 -2.67821</i>
                        <i>-0.0354542 0.898904 0.436708 -0.992293 0.0202516 -0.122244 -0.11873 -0.437677 0.891259 4.27574 2.75173 -2.67821</i>
                        <i>-0.0350003 0.900986 0.432434 -0.992292 0.0201392 -0.122275 -0.118877 -0.43338 0.893336 4.27574 2.75159 -2.67821</i>
                        <i>-0.0345633 0.902964 0.428324 -0.992291 0.0200324 -0.122303 -0.119016 -0.429249 0.89531 4.27574 2.75232 -2.67821</i>
                        <i>-0.0341508 0.904808 0.424449 -0.992289 0.0199328 -0.12233 -0.119145 -0.425354 0.89715 4.27574 2.75393 -2.67821</i>
                        <i>-0.0337699 0.906489 0.420877 -0.992288 0.019842 -0.122354 -0.119264 -0.421763 0.898828 4.27574 2.75624 -2.67821</i>
                        <i>-0.0334278 0.907982 0.417673 -0.992287 0.0197614 -0.122376 -0.119369 -0.418542 0.900319 4.27574 2.75907 -2.67821</i>
                        <i>-0.0331313 0.909263 0.4149 -0.992286 0.0196925 -0.122394 -0.119459 -0.415755 0.901597 4.27574 2.76223 -2.67821</i>
                        <i>-0.0328869 0.910309 0.412622 -0.992285 0.0196367 -0.122409 -0.119533 -0.413464 0.90264 4.27574 2.76555 -2.67821</i>
                        <i>-0.0327016 0.911094 0.410899 -0.992285 0.0195953 -0.12242 -0.119588 -0.411732 0.903424 4.27574 2.76885 -2.67821</i>
                        <i>-0.0325819 0.911595 0.409796 -0.992285 0.0195697 -0.122427 -0.119624 -0.410623 0.903924 4.27574 2.77195 -2.67821</i>
                        <i>-0.0325267 0.911821 0.409297 -0.992284 0.0195593 -0.12243 -0.11964 -0.410122 0.90415 4.27574 2.77465 -2.67821</i>
                        <i>-0.0325262 0.911815 0.409311 -0.992284 0.0195615 -0.122429 -0.11964 -0.410136 0.904143 4.27574 2.7768 -2.67821</i>
                        <i>-0.0325755 0.911598 0.409791 -0.992285 0.0195753 -0.122426 -0.119625 -0.410617 0.903927 4.27574 2.7782 -2.67821</i>
                        <i>-0.0326696 0.911189 0.41069 -0.992285 0.0195995 -0.122419 -0.119596 -0.411521 0.903519 4.27574 2.77867 -2.67821</i>
                        <i>-0.0328036 0.910609 0.411964 -0.992285 0.0196331 -0.12241 -0.119556 -0.412801 0.90294 4.27574 2.77853 -2.67821</i>
                        <i>-0.0329727 0.909876 0.413568 -0.992286 0.019675 -0.122399 -0.119505 -0.414413 0.902209 4.27574 2.77824 -2.67821</i>
                        <i>-0.0331719 0.909009 0.415454 -0.992287 0.0197243 -0.122386 -0.119444 -0.416309 0.901343 4.27574 2.77779 -2.67821</i>
                        <i>-0.0333957 0.90803 0.417572 -0.992287 0.0197797 -0.122371 -0.119376 -0.418438 0.900366 4.27574 2.77721 -2.67821</i>
                        <i>-0.0336386 0.90696 0.419871 -0.992288 0.01984 -0.122355 -0.119301 -0.420749 0.899298 4.27574 2.7765 -2.67821</i>
                        <i>-0.0338948 0.905823 0.422298 -0.992289 0.019904 -0.122338 -0.119222 -0.423189 0.898163 4.27574 2.77568 -2.67821</i>
                        <i>-0.0341588 0.904643 0.4248 -0.99229 0.0199703 -0.12232 -0.119139 -0.425703 0.896986 4.27574 2.77475 -2.67821</i>
                        <i>-0.0344245 0.903445 0.42732 -0.992291 0.0200377 -0.122302 -0.119055 -0.428236 0.89579 4.27574 2.77373 -2.67821</i>
                        <i>-0.0346859 0.902256 0.429803 -0.992292 0.0201046 -0.122284 -0.118972 -0.430732 0.894604 4.27574 2.77263 -2.67821</i>
                        <i>-0.0349368 0.901105 0.432191 -0.992292 0.0201696 -0.122266 -0.118892 -0.433131 0.893455 4.27574 2.77145 -2.67821</i>
                        <i>-0.0351711 0.900021 0.434425 -0.992293 0.020231 -0.12225 -0.118816 -0.435376 0.892373 4.27574 2.77021 -2.67821</i>
                        <i>-0.0353823 0.899035 0.436445 -0.992294 0.0202874 -0.122235 -0.118748 -0.437406 0.891389 4.27574 2.76892 -2.67821</i>
                        <i>-0.0355642 0.898178 0.438191 -0.992294 0.020337 -0.122222 -0.118688 -0.439161 0.890534 4.27574 2.76759 -2.67821</i>
                        <i>-0.0357102 0.897482 0.439603 -0.992295 0.0203782 -0.122211 -0.11864 -0.44058 0.889839 4.27574 2.76623 -2.67821</i>
                        <i>-0.0358139 0.896978 0.440621 -0.992295 0.0204095 -0.122202 -0.118606 -0.441603 0.889337 4.27574 2.76485 -2.67821</i>
                        <i>-0.0359001 0.896555 0.441474 -0.992296 0.0204365 -0.122195 -0.118577 -0.44246 0.888914 4.27574 2.76347 -2.67821</i>
                        <i>-0.035996 0.896088 0.442414 -0.992296 0.0204651 -0.122187 -0.118545 -0.443404 0.888448 4.27574 2.76208 -2.67821</i>
                        <i>-0.0360989 0.89559 0.443412 -0.992296 0.0204949 -0.122179 -0.11851 -0.444407 0.887951 4.27574 2.76071 -2.67821</i>
                        <i>-0.0362058 0.895074 0.444445 -0.992297 0.0205251 -0.122171 -0.118475 -0.445444 0.887436 4.27574 2.75937 -2.67821</i>
                        <i>-0.0363139 0.894553 0.445484 -0.992297 0.0205549 -0.122163 -0.118438 -0.446488 0.886916 4.27574 2.75806 -2.67821</i>
                        <i>-0.0364205 0.894041 0.446503 -0.992298 0.0205837 -0.122155 -0.118403 -0.447512 0.886405 4.27574 2.7568 -2.67821</i>
                        <i>-0.0365227 0.89355 0.447475 -0.992298 0.0206109 -0.122148 -0.118368 -0.44849 0.885915 4.27574 2.7556 -2.67821</i>
                        <i>-0.0366176 0.893096 0.448374 -0.992298 0.0206356 -0.122142 -0.118337 -0.449393 0.885462 4.27574 2.75446 -2.67821</i>
                        <i>-0.0367022 0.892691 0.449172 -0.992298 0.0206571 -0.122136 -0.118308 -0.450195 0.885058 4.27574 2.7534 -2.67821</i>
                        <i>-0.0367737 0.892351 0.449842 -0.992299 0.0206748 -0.122131 -0.118284 -0.450869 0.884718 4.27574 2.75243 -2.67821</i>
                        <i>-0.0368292 0.892089 0.450357 -0.992299 0.0206878 -0.122128 -0.118265 -0.451387 0.884457 4.27574 2.75156 -2.67821</i>
                        <i>-0.0368659 0.891919 0.45069 -0.992299 0.0206956 -0.122125 -0.118253 -0.451722 0.884287 4.27574 2.75081 -2.67821</i>
                        <i>-0.0368808 0.891855 0.450815 -0.992299 0.0206972 -0.122125 -0.118248 -0.451847 0.884224 4.27574 2.75017 -2.67821</i>
                        <i>-0.0368711 0.891912 0.450703 -0.992299 0.0206922 -0.122126 -0.118252 -0.451735 0.88428 4.27574 2.74967 -2.67821</i>
                        <i>-0.0368341 0.892102 0.450331 -0.992299 0.0206796 -0.12213 -0.118265 -0.451361 0.88447 4.27574 2.74931 -2.67821</i>
                        <i>-0.036767 0.892438 0.44967 -0.992298 0.0206589 -0.122135 -0.118288 -0.450698 0.884805 4.27574 2.74911 -2.67821</i>
                        <i>-0.0366672 0.892931 0.448697 -0.992298 0.0206293 -0.122143 -0.118322 -0.44972 0.885298 4.27574 2.74907 -2.67821</i>
                        <i>-0.0365537 0.893489 0.447594 -0.992298 0.0205962 -0.122152 -0.11836 -0.448612 0.885855 4.27574 2.7492 -2.67821</i>
                        <i>-0.0364472 0.894012 0.446559 -0.992297 0.0205651 -0.12216 -0.118396 -0.447572 0.886376 4.27574 2.74951 -2.67821</i>
                        <i>-0.0363474 0.894499 0.445589 -0.992297 0.0205359 -0.122168 -0.11843 -0.446597 0.886863 4.27574 2.74998 -2.67821</i>
                        <i>-0.0362543 0.894954 0.444683 -0.992297 0.0205087 -0.122176 -0.118461 -0.445687 0.887316 4.27574 2.75058 -2.67821</i>
                        <i>-0.0361675 0.895377 0.443838 -0.992296 0.0204833 -0.122182 -0.118491 -0.444838 0.887738 4.27574 2.75132 -2.67821</i>
                        <i>-0.036087 0.895768 0.443054 -0.992296 0.0204597 -0.122189 -0.118518 -0.44405 0.888129 4.27574 2.75218 -2.67821</i>
                        <i>-0.0360124 0.89613 0.442327 -0.992296 0.0204379 -0.122195 -0.118542 -0.44332 0.88849 4.27574 2.75314 -2.67821</i>
