<?xml version="1.0" encoding="ISO-8859-1" ?>
<Animl Version="1">
    <ModellingPackage><![CDATA[Maya.2010]]></ModellingPackage>
    <SrcFile><![CDATA[anims\turrets\antiair\red\~src\aa_gladiator\aa_gladiator_idle_crewman_b.mb]]></SrcFile>
    <FramesPerSecond>30</FramesPerSecond>
    <TotalFrames>180</TotalFrames>
    <Skeleton>
        <RefFrame>
            <Name><![CDATA[soldier_ref_frame]]></Name>
            <Exclude>0</Exclude>
            <Additive>0</Additive>
            <IKPriority>0</IKPriority>
            <IKRotLimits>-1e+010 -1e+010 -1e+010 1e+010 1e+010 1e+010</IKRotLimits>
            <IKRotLimitOrder>0</IKRotLimitOrder>
            <KeyFrames count="180">
                <i>1 0 0 0 1 0 0 0 1 -4.61 1.43 -2.73</i>
                <i>1 0 0 0 1 0 0 0 1 -4.61 1.43 -2.73</i>
                <i>1 0 0 0 1 0 0 0 1 -4.61 1.43 -2.73</i>
                <i>1 0 0 0 1 0 0 0 1 -4.61 1.43 -2.73</i>
                <i>1 0 0 0 1 0 0 0 1 -4.61 1.43 -2.73</i>
                <i>1 0 0 0 1 0 0 0 1 -4.61 1.43 -2.73</i>
                <i>1 0 0 0 1 0 0 0 1 -4.61 1.43 -2.73</i>
                <i>1 0 0 0 1 0 0 0 1 -4.61 1.43 -2.73</i>
                <i>1 0 0 0 1 0 0 0 1 -4.61 1.43 -2.73</i>
                <i>1 0 0 0 1 0 0 0 1 -4.61 1.43 -2.73</i>
                <i>1 0 0 0 1 0 0 0 1 -4.61 1.43 -2.73</i>
                <i>1 0 0 0 1 0 0 0 1 -4.61 1.43 -2.73</i>
                <i>1 0 0 0 1 0 0 0 1 -4.61 1.43 -2.73</i>
                <i>1 0 0 0 1 0 0 0 1 -4.61 1.43 -2.73</i>
                <i>1 0 0 0 1 0 0 0 1 -4.61 1.43 -2.73</i>
                <i>1 0 0 0 1 0 0 0 1 -4.61 1.43 -2.73</i>
                <i>1 0 0 0 1 0 0 0 1 -4.61 1.43 -2.73</i>
                <i>1 0 0 0 1 0 0 0 1 -4.61 1.43 -2.73</i>
                <i>1 0 0 0 1 0 0 0 1 -4.61 1.43 -2.73</i>
                <i>1 0 0 0 1 0 0 0 1 -4.61 1.43 -2.73</i>
                <i>1 0 0 0 1 0 0 0 1 -4.61 1.43 -2.73</i>
                <i>1 0 0 0 1 0 0 0 1 -4.61 1.43 -2.73</i>
                <i>1 0 0 0 1 0 0 0 1 -4.61 1.43 -2.73</i>
                <i>1 0 0 0 1 0 0 0 1 -4.61 1.43 -2.73</i>
                <i>1 0 0 0 1 0 0 0 1 -4.61 1.43 -2.73</i>
                <i>1 0 0 0 1 0 0 0 1 -4.61 1.43 -2.73</i>
                <i>1 0 0 0 1 0 0 0 1 -4.61 1.43 -2.73</i>
                <i>1 0 0 0 1 0 0 0 1 -4.61 1.43 -2.73</i>
                <i>1 0 0 0 1 0 0 0 1 -4.61 1.43 -2.73</i>
                <i>1 0 0 0 1 0 0 0 1 -4.61 1.43 -2.73</i>
                <i>1 0 0 0 1 0 0 0 1 -4.61 1.43 -2.73</i>
                <i>1 0 0 0 1 0 0 0 1 -4.61 1.43 -2.73</i>
                <i>1 0 0 0 1 0 0 0 1 -4.61 1.43 -2.73</i>
                <i>1 0 0 0 1 0 0 0 1 -4.61 1.43 -2.73</i>
                <i>1 0 0 0 1 0 0 0 1 -4.61 1.43 -2.73</i>
                <i>1 0 0 0 1 0 0 0 1 -4.61 1.43 -2.73</i>
                <i>1 0 0 0 1 0 0 0 1 -4.61 1.43 -2.73</i>
                <i>1 0 0 0 1 0 0 0 1 -4.61 1.43 -2.73</i>
                <i>1 0 0 0 1 0 0 0 1 -4.61 1.43 -2.73</i>
                <i>1 0 0 0 1 0 0 0 1 -4.61 1.43 -2.73</i>
                <i>1 0 0 0 1 0 0 0 1 -4.61 1.43 -2.73</i>
                <i>1 0 0 0 1 0 0 0 1 -4.61 1.43 -2.73</i>
                <i>1 0 0 0 1 0 0 0 1 -4.61 1.43 -2.73</i>
                <i>1 0 0 0 1 0 0 0 1 -4.61 1.43 -2.73</i>
                <i>1 0 0 0 1 0 0 0 1 -4.61 1.43 -2.73</i>
                <i>1 0 0 0 1 0 0 0 1 -4.61 1.43 -2.73</i>
                <i>1 0 0 0 1 0 0 0 1 -4.61 1.43 -2.73</i>
                <i>1 0 0 0 1 0 0 0 1 -4.61 1.43 -2.73</i>
                <i>1 0 0 0 1 0 0 0 1 -4.61 1.43 -2.73</i>
                <i>1 0 0 0 1 0 0 0 1 -4.61 1.43 -2.73</i>
                <i>1 0 0 0 1 0 0 0 1 -4.61 1.43 -2.73</i>
                <i>1 0 0 0 1 0 0 0 1 -4.61 1.43 -2.73</i>
                <i>1 0 0 0 1 0 0 0 1 -4.61 1.43 -2.73</i>
                <i>1 0 0 0 1 0 0 0 1 -4.61 1.43 -2.73</i>
                <i>1 0 0 0 1 0 0 0 1 -4.61 1.43 -2.73</i>
                <i>1 0 0 0 1 0 0 0 1 -4.61 1.43 -2.73</i>
                <i>1 0 0 0 1 0 0 0 1 -4.61 1.43 -2.73</i>
                <i>1 0 0 0 1 0 0 0 1 -4.61 1.43 -2.73</i>
                <i>1 0 0 0 1 0 0 0 1 -4.61 1.43 -2.73</i>
                <i>1 0 0 0 1 0 0 0 1 -4.61 1.43 -2.73</i>
                <i>1 0 0 0 1 0 0 0 1 -4.61 1.43 -2.73</i>
                <i>1 0 0 0 1 0 0 0 1 -4.61 1.43 -2.73</i>
                <i>1 0 0 0 1 0 0 0 1 -4.61 1.43 -2.73</i>
                <i>1 0 0 0 1 0 0 0 1 -4.61 1.43 -2.73</i>
                <i>1 0 0 0 1 0 0 0 1 -4.61 1.43 -2.73</i>
                <i>1 0 0 0 1 0 0 0 1 -4.61 1.43 -2.73</i>
                <i>1 0 0 0 1 0 0 0 1 -4.61 1.43 -2.73</i>
                <i>1 0 0 0 1 0 0 0 1 -4.61 1.43 -2.73</i>
                <i>1 0 0 0 1 0 0 0 1 -4.61 1.43 -2.73</i>
                <i>1 0 0 0 1 0 0 0 1 -4.61 1.43 -2.73</i>
                <i>1 0 0 0 1 0 0 0 1 -4.61 1.43 -2.73</i>
                <i>1 0 0 0 1 0 0 0 1 -4.61 1.43 -2.73</i>
                <i>1 0 0 0 1 0 0 0 1 -4.61 1.43 -2.73</i>
                <i>1 0 0 0 1 0 0 0 1 -4.61 1.43 -2.73</i>
                <i>1 0 0 0 1 0 0 0 1 -4.61 1.43 -2.73</i>
                <i>1 0 0 0 1 0 0 0 1 -4.61 1.43 -2.73</i>
                <i>1 0 0 0 1 0 0 0 1 -4.61 1.43 -2.73</i>
                <i>1 0 0 0 1 0 0 0 1 -4.61 1.43 -2.73</i>
                <i>1 0 0 0 1 0 0 0 1 -4.61 1.43 -2.73</i>
                <i>1 0 0 0 1 0 0 0 1 -4.61 1.43 -2.73</i>
                <i>1 0 0 0 1 0 0 0 1 -4.61 1.43 -2.73</i>
                <i>1 0 0 0 1 0 0 0 1 -4.61 1.43 -2.73</i>
                <i>1 0 0 0 1 0 0 0 1 -4.61 1.43 -2.73</i>
                <i>1 0 0 0 1 0 0 0 1 -4.61 1.43 -2.73</i>
                <i>1 0 0 0 1 0 0 0 1 -4.61 1.43 -2.73</i>
                <i>1 0 0 0 1 0 0 0 1 -4.61 1.43 -2.73</i>
                <i>1 0 0 0 1 0 0 0 1 -4.61 1.43 -2.73</i>
                <i>1 0 0 0 1 0 0 0 1 -4.61 1.43 -2.73</i>
                <i>1 0 0 0 1 0 0 0 1 -4.61 1.43 -2.73</i>
                <i>1 0 0 0 1 0 0 0 1 -4.61 1.43 -2.73</i>
                <i>1 0 0 0 1 0 0 0 1 -4.61 1.43 -2.73</i>
                <i>1 0 0 0 1 0 0 0 1 -4.61 1.43 -2.73</i>
                <i>1 0 0 0 1 0 0 0 1 -4.61 1.43 -2.73</i>
                <i>1 0 0 0 1 0 0 0 1 -4.61 1.43 -2.73</i>
                <i>1 0 0 0 1 0 0 0 1 -4.61 1.43 -2.73</i>
                <i>1 0 0 0 1 0 0 0 1 -4.61 1.43 -2.73</i>
                <i>1 0 0 0 1 0 0 0 1 -4.61 1.43 -2.73</i>
                <i>1 0 0 0 1 0 0 0 1 -4.61 1.43 -2.73</i>
                <i>1 0 0 0 1 0 0 0 1 -4.61 1.43 -2.73</i>
                <i>1 0 0 0 1 0 0 0 1 -4.61 1.43 -2.73</i>
                <i>1 0 0 0 1 0 0 0 1 -4.61 1.43 -2.73</i>
                <i>1 0 0 0 1 0 0 0 1 -4.61 1.43 -2.73</i>
                <i>1 0 0 0 1 0 0 0 1 -4.61 1.43 -2.73</i>
                <i>1 0 0 0 1 0 0 0 1 -4.61 1.43 -2.73</i>
                <i>1 0 0 0 1 0 0 0 1 -4.61 1.43 -2.73</i>
                <i>1 0 0 0 1 0 0 0 1 -4.61 1.43 -2.73</i>
                <i>1 0 0 0 1 0 0 0 1 -4.61 1.43 -2.73</i>
                <i>1 0 0 0 1 0 0 0 1 -4.61 1.43 -2.73</i>
                <i>1 0 0 0 1 0 0 0 1 -4.61 1.43 -2.73</i>
                <i>1 0 0 0 1 0 0 0 1 -4.61 1.43 -2.73</i>
                <i>1 0 0 0 1 0 0 0 1 -4.61 1.43 -2.73</i>
                <i>1 0 0 0 1 0 0 0 1 -4.61 1.43 -2.73</i>
                <i>1 0 0 0 1 0 0 0 1 -4.61 1.43 -2.73</i>
                <i>1 0 0 0 1 0 0 0 1 -4.61 1.43 -2.73</i>
                <i>1 0 0 0 1 0 0 0 1 -4.61 1.43 -2.73</i>
                <i>1 0 0 0 1 0 0 0 1 -4.61 1.43 -2.73</i>
                <i>1 0 0 0 1 0 0 0 1 -4.61 1.43 -2.73</i>
                <i>1 0 0 0 1 0 0 0 1 -4.61 1.43 -2.73</i>
                <i>1 0 0 0 1 0 0 0 1 -4.61 1.43 -2.73</i>
                <i>1 0 0 0 1 0 0 0 1 -4.61 1.43 -2.73</i>
                <i>1 0 0 0 1 0 0 0 1 -4.61 1.43 -2.73</i>
                <i>1 0 0 0 1 0 0 0 1 -4.61 1.43 -2.73</i>
                <i>1 0 0 0 1 0 0 0 1 -4.61 1.43 -2.73</i>
                <i>1 0 0 0 1 0 0 0 1 -4.61 1.43 -2.73</i>
                <i>1 0 0 0 1 0 0 0 1 -4.61 1.43 -2.73</i>
                <i>1 0 0 0 1 0 0 0 1 -4.61 1.43 -2.73</i>
                <i>1 0 0 0 1 0 0 0 1 -4.61 1.43 -2.73</i>
                <i>1 0 0 0 1 0 0 0 1 -4.61 1.43 -2.73</i>
                <i>1 0 0 0 1 0 0 0 1 -4.61 1.43 -2.73</i>
                <i>1 0 0 0 1 0 0 0 1 -4.61 1.43 -2.73</i>
                <i>1 0 0 0 1 0 0 0 1 -4.61 1.43 -2.73</i>
                <i>1 0 0 0 1 0 0 0 1 -4.61 1.43 -2.73</i>
                <i>1 0 0 0 1 0 0 0 1 -4.61 1.43 -2.73</i>
                <i>1 0 0 0 1 0 0 0 1 -4.61 1.43 -2.73</i>
                <i>1 0 0 0 1 0 0 0 1 -4.61 1.43 -2.73</i>
                <i>1 0 0 0 1 0 0 0 1 -4.61 1.43 -2.73</i>
                <i>1 0 0 0 1 0 0 0 1 -4.61 1.43 -2.73</i>
                <i>1 0 0 0 1 0 0 0 1 -4.61 1.43 -2.73</i>
                <i>1 0 0 0 1 0 0 0 1 -4.61 1.43 -2.73</i>
                <i>1 0 0 0 1 0 0 0 1 -4.61 1.43 -2.73</i>
                <i>1 0 0 0 1 0 0 0 1 -4.61 1.43 -2.73</i>
                <i>1 0 0 0 1 0 0 0 1 -4.61 1.43 -2.73</i>
                <i>1 0 0 0 1 0 0 0 1 -4.61 1.43 -2.73</i>
                <i>1 0 0 0 1 0 0 0 1 -4.61 1.43 -2.73</i>
                <i>1 0 0 0 1 0 0 0 1 -4.61 1.43 -2.73</i>
                <i>1 0 0 0 1 0 0 0 1 -4.61 1.43 -2.73</i>
                <i>1 0 0 0 1 0 0 0 1 -4.61 1.43 -2.73</i>
                <i>1 0 0 0 1 0 0 0 1 -4.61 1.43 -2.73</i>
                <i>1 0 0 0 1 0 0 0 1 -4.61 1.43 -2.73</i>
                <i>1 0 0 0 1 0 0 0 1 -4.61 1.43 -2.73</i>
                <i>1 0 0 0 1 0 0 0 1 -4.61 1.43 -2.73</i>
                <i>1 0 0 0 1 0 0 0 1 -4.61 1.43 -2.73</i>
                <i>1 0 0 0 1 0 0 0 1 -4.61 1.43 -2.73</i>
                <i>1 0 0 0 1 0 0 0 1 -4.61 1.43 -2.73</i>
                <i>1 0 0 0 1 0 0 0 1 -4.61 1.43 -2.73</i>
                <i>1 0 0 0 1 0 0 0 1 -4.61 1.43 -2.73</i>
                <i>1 0 0 0 1 0 0 0 1 -4.61 1.43 -2.73</i>
                <i>1 0 0 0 1 0 0 0 1 -4.61 1.43 -2.73</i>
                <i>1 0 0 0 1 0 0 0 1 -4.61 1.43 -2.73</i>
                <i>1 0 0 0 1 0 0 0 1 -4.61 1.43 -2.73</i>
                <i>1 0 0 0 1 0 0 0 1 -4.61 1.43 -2.73</i>
                <i>1 0 0 0 1 0 0 0 1 -4.61 1.43 -2.73</i>
                <i>1 0 0 0 1 0 0 0 1 -4.61 1.43 -2.73</i>
                <i>1 0 0 0 1 0 0 0 1 -4.61 1.43 -2.73</i>
                <i>1 0 0 0 1 0 0 0 1 -4.61 1.43 -2.73</i>
                <i>1 0 0 0 1 0 0 0 1 -4.61 1.43 -2.73</i>
                <i>1 0 0 0 1 0 0 0 1 -4.61 1.43 -2.73</i>
                <i>1 0 0 0 1 0 0 0 1 -4.61 1.43 -2.73</i>
                <i>1 0 0 0 1 0 0 0 1 -4.61 1.43 -2.73</i>
                <i>1 0 0 0 1 0 0 0 1 -4.61 1.43 -2.73</i>
                <i>1 0 0 0 1 0 0 0 1 -4.61 1.43 -2.73</i>
                <i>1 0 0 0 1 0 0 0 1 -4.61 1.43 -2.73</i>
                <i>1 0 0 0 1 0 0 0 1 -4.61 1.43 -2.73</i>
                <i>1 0 0 0 1 0 0 0 1 -4.61 1.43 -2.73</i>
                <i>1 0 0 0 1 0 0 0 1 -4.61 1.43 -2.73</i>
                <i>1 0 0 0 1 0 0 0 1 -4.61 1.43 -2.73</i>
                <i>1 0 0 0 1 0 0 0 1 -4.61 1.43 -2.73</i>
                <i>1 0 0 0 1 0 0 0 1 -4.61 1.43 -2.73</i>
                <i>1 0 0 0 1 0 0 0 1 -4.61 1.43 -2.73</i>
                <i>1 0 0 0 1 0 0 0 1 -4.61 1.43 -2.73</i>
            </KeyFrames>
        </RefFrame>
        <Bones count="23">
            <i>
                <p>
                    <Name><![CDATA[pelvis]]></Name>
                    <Exclude>0</Exclude>
                    <Additive>0</Additive>
                    <IKPriority>0</IKPriority>
                    <IKRotLimits>-1e+010 -1e+010 -1e+010 1e+010 1e+010 1e+010</IKRotLimits>
                    <IKRotLimitOrder>2</IKRotLimitOrder>
                    <KeyFrames count="180">
                        <i>1 0 0 0 1 0 0 0 1 -4.57491 2.53843 -2.64294</i>
                        <i>1 0 0 0 1 0 0 0 1 -4.57491 2.53837 -2.64294</i>
                        <i>1 0 0 0 1 0 0 0 1 -4.57491 2.53831 -2.64294</i>
                        <i>1 0 0 0 1 0 0 0 1 -4.57491 2.53824 -2.64294</i>
                        <i>1 0 0 0 1 0 0 0 1 -4.57491 2.53817 -2.64294</i>
                        <i>1 0 0 0 1 0 0 0 1 -4.57491 2.53809 -2.64294</i>
                        <i>1 0 0 0 1 0 0 0 1 -4.57491 2.53801 -2.64294</i>
                        <i>1 0 0 0 1 0 0 0 1 -4.57491 2.53792 -2.64294</i>
                        <i>1 0 0 0 1 0 0 0 1 -4.57491 2.53783 -2.64294</i>
                        <i>1 0 0 0 1 0 0 0 1 -4.57491 2.53774 -2.64294</i>
                        <i>1 0 0 0 1 0 0 0 1 -4.57491 2.53765 -2.64294</i>
                        <i>1 0 0 0 1 0 0 0 1 -4.57491 2.53755 -2.64294</i>
                        <i>1 0 0 0 1 0 0 0 1 -4.57491 2.53745 -2.64294</i>
                        <i>1 0 0 0 1 0 0 0 1 -4.57491 2.53735 -2.64294</i>
                        <i>1 0 0 0 1 0 0 0 1 -4.57491 2.53724 -2.64294</i>
                        <i>1 0 0 0 1 0 0 0 1 -4.57491 2.53713 -2.64294</i>
                        <i>1 0 0 0 1 0 0 0 1 -4.57491 2.53702 -2.64294</i>
                        <i>1 0 0 0 1 0 0 0 1 -4.57491 2.53691 -2.64294</i>
                        <i>1 0 0 0 1 0 0 0 1 -4.57491 2.5368 -2.64294</i>
                        <i>1 0 0 0 1 0 0 0 1 -4.57491 2.53669 -2.64294</i>
                        <i>1 0 0 0 1 0 0 0 1 -4.57491 2.53658 -2.64294</i>
                        <i>1 0 0 0 1 0 0 0 1 -4.57491 2.53646 -2.64294</i>
                        <i>1 0 0 0 1 0 0 0 1 -4.57491 2.53635 -2.64294</i>
                        <i>1 0 0 0 1 0 0 0 1 -4.57491 2.53623 -2.64294</i>
                        <i>1 0 0 0 1 0 0 0 1 -4.57491 2.53611 -2.64294</i>
                        <i>1 0 0 0 1 0 0 0 1 -4.57491 2.536 -2.64294</i>
                        <i>1 0 0 0 1 0 0 0 1 -4.57491 2.53588 -2.64294</i>
                        <i>1 0 0 0 1 0 0 0 1 -4.57491 2.53577 -2.64294</i>
                        <i>1 0 0 0 1 0 0 0 1 -4.57491 2.53566 -2.64294</i>
                        <i>1 0 0 0 1 0 0 0 1 -4.57491 2.53554 -2.64294</i>
                        <i>1 0 0 0 1 0 0 0 1 -4.57491 2.53543 -2.64294</i>
                        <i>1 0 0 0 1 0 0 0 1 -4.57491 2.53532 -2.64294</i>
                        <i>1 0 0 0 1 0 0 0 1 -4.57491 2.53521 -2.64294</i>
                        <i>1 0 0 0 1 0 0 0 1 -4.57491 2.53511 -2.64294</i>
                        <i>1 0 0 0 1 0 0 0 1 -4.57491 2.535 -2.64294</i>
                        <i>1 0 0 0 1 0 0 0 1 -4.57491 2.5349 -2.64294</i>
                        <i>1 0 0 0 1 0 0 0 1 -4.57491 2.5348 -2.64294</i>
                        <i>1 0 0 0 1 0 0 0 1 -4.57491 2.5347 -2.64294</i>
                        <i>1 0 0 0 1 0 0 0 1 -4.57491 2.53461 -2.64294</i>
                        <i>1 0 0 0 1 0 0 0 1 -4.57491 2.53452 -2.64294</i>
                        <i>1 0 0 0 1 0 0 0 1 -4.57491 2.53443 -2.64294</i>
                        <i>1 0 0 0 1 0 0 0 1 -4.57491 2.53435 -2.64294</i>
                        <i>1 0 0 0 1 0 0 0 1 -4.57491 2.53427 -2.64294</i>
                        <i>1 0 0 0 1 0 0 0 1 -4.57491 2.53419 -2.64294</i>
                        <i>1 0 0 0 1 0 0 0 1 -4.57491 2.53412 -2.64294</i>
                        <i>1 0 0 0 1 0 0 0 1 -4.57491 2.53405 -2.64294</i>
                        <i>1 0 0 0 1 0 0 0 1 -4.57491 2.53399 -2.64294</i>
                        <i>1 0 0 0 1 0 0 0 1 -4.57491 2.53393 -2.64294</i>
                        <i>1 0 0 0 1 0 0 0 1 -4.57491 2.53388 -2.64294</i>
                        <i>1 0 0 0 1 0 0 0 1 -4.57491 2.53383 -2.64294</i>
                        <i>1 0 0 0 1 0 0 0 1 -4.57491 2.53379 -2.64294</i>
                        <i>1 0 0 0 1 0 0 0 1 -4.57491 2.53375 -2.64294</i>
                        <i>1 0 0 0 1 0 0 0 1 -4.57491 2.53372 -2.64294</i>
                        <i>1 0 0 0 1 0 0 0 1 -4.57491 2.53369 -2.64294</i>
                        <i>1 0 0 0 1 0 0 0 1 -4.57491 2.53368 -2.64294</i>
                        <i>1 0 0 0 1 0 0 0 1 -4.57491 2.53366 -2.64294</i>
                        <i>1 0 0 0 1 0 0 0 1 -4.57491 2.53366 -2.64294</i>
                        <i>1 0 0 0 1 0 0 0 1 -4.57491 2.53366 -2.64294</i>
                        <i>1 0 0 0 1 0 0 0 1 -4.57491 2.53367 -2.64294</i>
                        <i>1 0 0 0 1 0 0 0 1 -4.57491 2.53369 -2.64294</i>
                        <i>1 0 0 0 1 0 0 0 1 -4.57491 2.53371 -2.64294</i>
                        <i>1 0 0 0 1 0 0 0 1 -4.57491 2.53374 -2.64294</i>
                        <i>1 0 0 0 1 0 0 0 1 -4.57491 2.53378 -2.64294</i>
                        <i>1 0 0 0 1 0 0 0 1 -4.57491 2.53383 -2.64294</i>
                        <i>1 0 0 0 1 0 0 0 1 -4.57491 2.53389 -2.64294</i>
                        <i>1 0 0 0 1 0 0 0 1 -4.57491 2.53395 -2.64294</i>
                        <i>1 0 0 0 1 0 0 0 1 -4.57491 2.53403 -2.64294</i>
                        <i>1 0 0 0 1 0 0 0 1 -4.57491 2.53411 -2.64294</i>
                        <i>1 0 0 0 1 0 0 0 1 -4.57491 2.5342 -2.64294</i>
                        <i>1 0 0 0 1 0 0 0 1 -4.57491 2.5343 -2.64294</i>
                        <i>1 0 0 0 1 0 0 0 1 -4.57491 2.53442 -2.64294</i>
                        <i>1 0 0 0 1 0 0 0 1 -4.57491 2.53458 -2.64294</i>
                        <i>1 0 0 0 1 0 0 0 1 -4.57491 2.53485 -2.64294</i>
                        <i>1 0 0 0 1 0 0 0 1 -4.57491 2.5352 -2.64294</i>
                        <i>1 0 0 0 1 0 0 0 1 -4.57491 2.53563 -2.64294</i>
                        <i>1 0 0 0 1 0 0 0 1 -4.57491 2.53614 -2.64294</i>
                        <i>1 0 0 0 1 0 0 0 1 -4.57491 2.53671 -2.64294</i>
                        <i>1 0 0 0 1 0 0 0 1 -4.57491 2.53734 -2.64294</i>
                        <i>1 0 0 0 1 0 0 0 1 -4.57491 2.53802 -2.64294</i>
                        <i>1 0 0 0 1 0 0 0 1 -4.57491 2.53874 -2.64294</i>
                        <i>1 0 0 0 1 0 0 0 1 -4.57491 2.53949 -2.64294</i>
                        <i>1 0 0 0 1 0 0 0 1 -4.57491 2.54027 -2.64294</i>
                        <i>1 0 0 0 1 0 0 0 1 -4.57491 2.54107 -2.64294</i>
                        <i>1 0 0 0 1 0 0 0 1 -4.57491 2.54188 -2.64294</i>
                        <i>1 0 0 0 1 0 0 0 1 -4.57491 2.5427 -2.64294</i>
                        <i>1 0 0 0 1 0 0 0 1 -4.57491 2.5435 -2.64294</i>
                        <i>1 0 0 0 1 0 0 0 1 -4.57491 2.5443 -2.64294</i>
                        <i>1 0 0 0 1 0 0 0 1 -4.57491 2.54508 -2.64294</i>
                        <i>1 0 0 0 1 0 0 0 1 -4.57491 2.54583 -2.64294</i>
                        <i>1 0 0 0 1 0 0 0 1 -4.57491 2.54654 -2.64294</i>
                        <i>1 0 0 0 1 0 0 0 1 -4.57491 2.54721 -2.64294</i>
                        <i>1 0 0 0 1 0 0 0 1 -4.57491 2.54783 -2.64294</i>
                        <i>1 0 0 0 1 0 0 0 1 -4.57491 2.54839 -2.64294</i>
                        <i>1 0 0 0 1 0 0 0 1 -4.57491 2.54888 -2.64294</i>
                        <i>1 0 0 0 1 0 0 0 1 -4.57491 2.5493 -2.64294</i>
                        <i>1 0 0 0 1 0 0 0 1 -4.57491 2.54963 -2.64294</i>
                        <i>1 0 0 0 1 0 0 0 1 -4.57491 2.54988 -2.64294</i>
                        <i>1 0 0 0 1 0 0 0 1 -4.57491 2.55003 -2.64294</i>
                        <i>1 0 0 0 1 0 0 0 1 -4.57491 2.55007 -2.64294</i>
                        <i>1 0 0 0 1 0 0 0 1 -4.57491 2.55 -2.64294</i>
                        <i>1 0 0 0 1 0 0 0 1 -4.57491 2.54992 -2.64294</i>
                        <i>1 0 0 0 1 0 0 0 1 -4.57491 2.54992 -2.64294</i>
                        <i>1 0 0 0 1 0 0 0 1 -4.57491 2.55002 -2.64294</i>
                        <i>1 0 0 0 1 0 0 0 1 -4.57491 2.55019 -2.64294</i>
                        <i>1 0 0 0 1 0 0 0 1 -4.57491 2.55044 -2.64294</i>
                        <i>1 0 0 0 1 0 0 0 1 -4.57491 2.55076 -2.64294</i>
                        <i>1 0 0 0 1 0 0 0 1 -4.57491 2.55115 -2.64294</i>
                        <i>1 0 0 0 1 0 0 0 1 -4.57491 2.5516 -2.64294</i>
                        <i>1 0 0 0 1 0 0 0 1 -4.57491 2.55211 -2.64294</i>
                        <i>1 0 0 0 1 0 0 0 1 -4.57491 2.55267 -2.64294</i>
                        <i>1 0 0 0 1 0 0 0 1 -4.57491 2.55327 -2.64294</i>
                        <i>1 0 0 0 1 0 0 0 1 -4.57491 2.55392 -2.64294</i>
                        <i>1 0 0 0 1 0 0 0 1 -4.57491 2.55461 -2.64294</i>
                        <i>1 0 0 0 1 0 0 0 1 -4.57491 2.55533 -2.64294</i>
                        <i>1 0 0 0 1 0 0 0 1 -4.57491 2.55608 -2.64294</i>
                        <i>1 0 0 0 1 0 0 0 1 -4.57491 2.55685 -2.64294</i>
                        <i>1 0 0 0 1 0 0 0 1 -4.57491 2.55764 -2.64294</i>
                        <i>1 0 0 0 1 0 0 0 1 -4.57491 2.55844 -2.64294</i>
                        <i>1 0 0 0 1 0 0 0 1 -4.57491 2.55926 -2.64294</i>
                        <i>1 0 0 0 1 0 0 0 1 -4.57491 2.56007 -2.64294</i>
                        <i>1 0 0 0 1 0 0 0 1 -4.57491 2.56089 -2.64294</i>
                        <i>1 0 0 0 1 0 0 0 1 -4.57491 2.5617 -2.64294</i>
                        <i>1 0 0 0 1 0 0 0 1 -4.57491 2.56251 -2.64294</i>
                        <i>1 0 0 0 1 0 0 0 1 -4.57491 2.56329 -2.64294</i>
                        <i>1 0 0 0 1 0 0 0 1 -4.57491 2.56406 -2.64294</i>
                        <i>1 0 0 0 1 0 0 0 1 -4.57491 2.56481 -2.64294</i>
                        <i>1 0 0 0 1 0 0 0 1 -4.57491 2.56552 -2.64294</i>
                        <i>1 0 0 0 1 0 0 0 1 -4.57491 2.5662 -2.64294</i>
                        <i>1 0 0 0 1 0 0 0 1 -4.57491 2.56685 -2.64294</i>
                        <i>1 0 0 0 1 0 0 0 1 -4.57491 2.56745 -2.64294</i>
                        <i>1 0 0 0 1 0 0 0 1 -4.57491 2.568 -2.64294</i>
                        <i>1 0 0 0 1 0 0 0 1 -4.57491 2.56849 -2.64294</i>
                        <i>1 0 0 0 1 0 0 0 1 -4.57491 2.56893 -2.64294</i>
                        <i>1 0 0 0 1 0 0 0 1 -4.57491 2.56931 -2.64294</i>
                        <i>1 0 0 0 1 0 0 0 1 -4.57491 2.56962 -2.64294</i>
                        <i>1 0 0 0 1 0 0 0 1 -4.57491 2.56986 -2.64294</i>
                        <i>1 0 0 0 1 0 0 0 1 -4.57491 2.57002 -2.64294</i>
                        <i>1 0 0 0 1 0 0 0 1 -4.57491 2.5701 -2.64294</i>
                        <i>1 0 0 0 1 0 0 0 1 -4.57491 2.5701 -2.64294</i>
                        <i>1 0 0 0 1 0 0 0 1 -4.57491 2.57 -2.64294</i>
                        <i>1 0 0 0 1 0 0 0 1 -4.57491 2.56985 -2.64294</i>
                        <i>1 0 0 0 1 0 0 0 1 -4.57491 2.5697 -2.64294</i>
                        <i>1 0 0 0 1 0 0 0 1 -4.57491 2.56953 -2.64294</i>
                        <i>1 0 0 0 1 0 0 0 1 -4.57491 2.56936 -2.64294</i>
                        <i>1 0 0 0 1 0 0 0 1 -4.57491 2.56917 -2.64294</i>
                        <i>1 0 0 0 1 0 0 0 1 -4.57491 2.56897 -2.64294</i>
                        <i>1 0 0 0 1 0 0 0 1 -4.57491 2.56875 -2.64294</i>
                        <i>1 0 0 0 1 0 0 0 1 -4.57491 2.56851 -2.64294</i>
                        <i>1 0 0 0 1 0 0 0 1 -4.57491 2.56825 -2.64294</i>
                        <i>1 0 0 0 1 0 0 0 1 -4.57491 2.56796 -2.64294</i>
                        <i>1 0 0 0 1 0 0 0 1 -4.57491 2.56765 -2.64294</i>
                        <i>1 0 0 0 1 0 0 0 1 -4.57491 2.56731 -2.64294</i>
                        <i>1 0 0 0 1 0 0 0 1 -4.57491 2.56695 -2.64294</i>
                        <i>1 0 0 0 1 0 0 0 1 -4.57491 2.56655 -2.64294</i>
                        <i>1 0 0 0 1 0 0 0 1 -4.57491 2.56612 -2.64294</i>
                        <i>1 0 0 0 1 0 0 0 1 -4.57491 2.56565 -2.64294</i>
                        <i>1 0 0 0 1 0 0 0 1 -4.57491 2.56514 -2.64294</i>
                        <i>1 0 0 0 1 0 0 0 1 -4.57491 2.5646 -2.64294</i>
                        <i>1 0 0 0 1 0 0 0 1 -4.57491 2.56401 -2.64294</i>
                        <i>1 0 0 0 1 0 0 0 1 -4.57491 2.56338 -2.64294</i>
                        <i>1 0 0 0 1 0 0 0 1 -4.57491 2.5627 -2.64294</i>
                        <i>1 0 0 0 1 0 0 0 1 -4.57491 2.56198 -2.64294</i>
                        <i>1 0 0 0 1 0 0 0 1 -4.57491 2.56121 -2.64294</i>
                        <i>1 0 0 0 1 0 0 0 1 -4.57491 2.56038 -2.64294</i>
                        <i>1 0 0 0 1 0 0 0 1 -4.57491 2.5595 -2.64294</i>
                        <i>1 0 0 0 1 0 0 0 1 -4.57491 2.55856 -2.64294</i>
                        <i>1 0 0 0 1 0 0 0 1 -4.57491 2.55757 -2.64294</i>
                        <i>1 0 0 0 1 0 0 0 1 -4.57491 2.55651 -2.64294</i>
                        <i>1 0 0 0 1 0 0 0 1 -4.57491 2.5554 -2.64294</i>
                        <i>1 0 0 0 1 0 0 0 1 -4.57491 2.55422 -2.64294</i>
                        <i>1 0 0 0 1 0 0 0 1 -4.57491 2.55297 -2.64294</i>
                        <i>1 0 0 0 1 0 0 0 1 -4.57491 2.55166 -2.64294</i>
                        <i>1 0 0 0 1 0 0 0 1 -4.57491 2.55027 -2.64294</i>
                        <i>1 0 0 0 1 0 0 0 1 -4.57491 2.54881 -2.64294</i>
                        <i>1 0 0 0 1 0 0 0 1 -4.57491 2.54728 -2.64294</i>
                        <i>1 0 0 0 1 0 0 0 1 -4.57491 2.54567 -2.64294</i>
                        <i>1 0 0 0 1 0 0 0 1 -4.57491 2.54399 -2.64294</i>
                        <i>1 0 0 0 1 0 0 0 1 -4.57491 2.54222 -2.64294</i>
                        <i>1 0 0 0 1 0 0 0 1 -4.57491 2.54037 -2.64294</i>
                        <i>1 0 0 0 1 0 0 0 1 -4.57491 2.53843 -2.64294</i>
                    </KeyFrames>
                </p>
            </i>
            <i>
                <p>
                    <Name><![CDATA[spine0]]></Name>
                    <Exclude>0</Exclude>
                    <Additive>0</Additive>
                    <IKPriority>0</IKPriority>
                    <IKRotLimits>-1e+010 -1e+010 -1e+010 1e+010 1e+010 1e+010</IKRotLimits>
                    <IKRotLimitOrder>0</IKRotLimitOrder>
                    <KeyFrames count="180">
                        <i>0.11112 0.99011 0.0856457 -0.656767 0.00848271 0.754046 0.745862 -0.140039 0.651214 -4.5912 2.67986 -2.66366</i>
                        <i>0.111142 0.990106 0.0856653 -0.656765 0.00848236 0.754047 0.74586 -0.140068 0.65121 -4.59121 2.6798 -2.66367</i>
                        <i>0.111206 0.990093 0.0857218 -0.656761 0.00848135 0.754051 0.745854 -0.140154 0.651198 -4.59123 2.67973 -2.66369</i>
                        <i>0.111309 0.990074 0.0858119 -0.656755 0.0084797 0.754057 0.745844 -0.140291 0.651179 -4.59127 2.67965 -2.66372</i>
                        <i>0.111446 0.990048 0.0859323 -0.656745 0.00847743 0.754065 0.745832 -0.140473 0.651154 -4.59132 2.67957 -2.66376</i>
                        <i>0.111614 0.990017 0.0860797 -0.656734 0.00847458 0.754075 0.745817 -0.140697 0.651123 -4.59138 2.67947 -2.66381</i>
                        <i>0.111808 0.98998 0.0862507 -0.65672 0.00847118 0.754087 0.7458 -0.140956 0.651086 -4.59145 2.67937 -2.66388</i>
                        <i>0.112026 0.989938 0.0864422 -0.656704 0.00846724 0.754101 0.745782 -0.141246 0.651045 -4.59154 2.67927 -2.66395</i>
                        <i>0.112264 0.989893 0.0866508 -0.656686 0.0084628 0.754117 0.745762 -0.141562 0.650999 -4.59163 2.67916 -2.66403</i>
                        <i>0.112517 0.989845 0.0868732 -0.656666 0.00845789 0.754134 0.745741 -0.141899 0.650949 -4.59174 2.67904 -2.66412</i>
                        <i>0.112782 0.989794 0.0871061 -0.656644 0.00845252 0.754153 0.74572 -0.142253 0.650896 -4.59185 2.67891 -2.66422</i>
                        <i>0.113055 0.989742 0.0873463 -0.656621 0.00844672 0.754173 0.745699 -0.142616 0.65084 -4.59197 2.67879 -2.66432</i>
                        <i>0.113332 0.989689 0.0875903 -0.656596 0.00844052 0.754195 0.745679 -0.142986 0.650782 -4.5921 2.67865 -2.66443</i>
                        <i>0.11361 0.989635 0.0878349 -0.65657 0.00843395 0.754218 0.74566 -0.143357 0.650723 -4.59224 2.67852 -2.66455</i>
                        <i>0.113885 0.989582 0.0880766 -0.656543 0.00842705 0.754242 0.745642 -0.143723 0.650663 -4.59239 2.67837 -2.66467</i>
                        <i>0.114152 0.98953 0.0883122 -0.656514 0.00841982 0.754267 0.745626 -0.144079 0.650602 -4.59254 2.67823 -2.6648</i>
                        <i>0.114409 0.98948 0.0885381 -0.656485 0.00841231 0.754293 0.745613 -0.144421 0.650541 -4.59269 2.67808 -2.66493</i>
                        <i>0.11465 0.989434 0.088751 -0.656454 0.00840456 0.754319 0.745603 -0.144743 0.650481 -4.59285 2.67793 -2.66507</i>
                        <i>0.114872 0.98939 0.0889474 -0.656423 0.00839659 0.754346 0.745596 -0.14504 0.650423 -4.59302 2.67777 -2.66521</i>
                        <i>0.115071 0.989351 0.0891238 -0.656391 0.00838843 0.754374 0.745593 -0.145307 0.650366 -4.59319 2.67761 -2.66535</i>
                        <i>0.115244 0.989317 0.0892769 -0.656358 0.00838013 0.754403 0.745595 -0.145538 0.650312 -4.59336 2.67745 -2.6655</i>
                        <i>0.115386 0.989289 0.089403 -0.656326 0.00837174 0.754431 0.745602 -0.145728 0.650262 -4.59353 2.67729 -2.66565</i>
                        <i>0.115492 0.989268 0.0894987 -0.656292 0.00836328 0.75446 0.745615 -0.145872 0.650215 -4.59371 2.67713 -2.6658</i>
                        <i>0.11556 0.989255 0.0895605 -0.656259 0.0083548 0.754489 0.745634 -0.145964 0.650173 -4.59388 2.67697 -2.66594</i>
                        <i>0.115585 0.98925 0.0895848 -0.656226 0.00834634 0.754519 0.745659 -0.145999 0.650136 -4.59406 2.6768 -2.66609</i>
                        <i>0.115563 0.989254 0.089568 -0.656192 0.00833795 0.754548 0.745692 -0.145972 0.650104 -4.59423 2.67664 -2.66624</i>
                        <i>0.11549 0.989268 0.0895068 -0.656159 0.00832969 0.754576 0.745733 -0.145877 0.650079 -4.59441 2.67648 -2.66639</i>
                        <i>0.115362 0.989293 0.0893974 -0.656126 0.00832159 0.754605 0.745781 -0.145709 0.650061 -4.59458 2.67631 -2.66654</i>
                        <i>0.115175 0.989329 0.0892364 -0.656094 0.00831372 0.754633 0.745839 -0.145462 0.65005 -4.59475 2.67615 -2.66668</i>
                        <i>0.114925 0.989377 0.0890202 -0.656062 0.00830613 0.754661 0.745905 -0.145132 0.650048 -4.59491 2.67599 -2.66682</i>
                        <i>0.114616 0.989437 0.0887524 -0.656031 0.00829885 0.754688 0.74598 -0.144724 0.650053 -4.59508 2.67583 -2.66696</i>
                        <i>0.114257 0.989507 0.0884415 -0.656001 0.0082919 0.754715 0.746062 -0.144249 0.650065 -4.59524 2.67568 -2.6671</i>
                        <i>0.113855 0.989584 0.0880918 -0.655972 0.00828531 0.75474 0.746149 -0.143716 0.650082 -4.59539 2.67552 -2.66723</i>
                        <i>0.113412 0.989669 0.0877074 -0.655943 0.00827912 0.754765 0.746241 -0.143131 0.650106 -4.59554 2.67537 -2.66735</i>
                        <i>0.112935 0.98976 0.0872926 -0.655916 0.00827335 0.754789 0.746338 -0.142499 0.650134 -4.59568 2.67523 -2.66747</i>
                        <i>0.112428 0.989857 0.0868514 -0.65589 0.00826802 0.754811 0.746437 -0.141827 0.650167 -4.59581 2.67509 -2.66759</i>
                        <i>0.111896 0.989958 0.0863882 -0.655866 0.00826318 0.754832 0.746538 -0.141122 0.650204 -4.59594 2.67495 -2.66769</i>
                        <i>0.111344 0.990062 0.0859071 -0.655843 0.00825883 0.754852 0.746641 -0.140389 0.650245 -4.59606 2.67482 -2.66779</i>
                        <i>0.110776 0.990168 0.0854122 -0.655822 0.00825501 0.754871 0.746744 -0.139636 0.650288 -4.59617 2.67469 -2.66789</i>
                        <i>0.110197 0.990276 0.0849078 -0.655802 0.00825173 0.754888 0.746847 -0.138869 0.650335 -4.59627 2.67457 -2.66797</i>
                        <i>0.109612 0.990385 0.0843981 -0.655785 0.00824901 0.754903 0.746948 -0.138094 0.650384 -4.59636 2.67445 -2.66805</i>
                        <i>0.109027 0.990493 0.0838872 -0.65577 0.00824688 0.754916 0.747047 -0.137317 0.650434 -4.59644 2.67434 -2.66812</i>
                        <i>0.108445 0.9906 0.0833793 -0.655756 0.00824534 0.754928 0.747144 -0.136544 0.650486 -4.59651 2.67424 -2.66817</i>
                        <i>0.107871 0.990704 0.0828786 -0.655745 0.00824441 0.754937 0.747236 -0.135783 0.650539 -4.59656 2.67415 -2.66822</i>
                        <i>0.107311 0.990806 0.0823893 -0.655737 0.0082441 0.754944 0.747324 -0.135039 0.650593 -4.59661 2.67406 -2.66826</i>
                        <i>0.106769 0.990904 0.0819155 -0.655731 0.00824443 0.75495 0.747407 -0.134319 0.650647 -4.59664 2.67399 -2.66828</i>
                        <i>0.106249 0.990997 0.0814613 -0.655728 0.00824541 0.754952 0.747484 -0.13363 0.6507 -4.59665 2.67392 -2.6683</i>
                        <i>0.105758 0.991085 0.081031 -0.655727 0.00824703 0.754953 0.747554 -0.132976 0.650754 -4.59665 2.67386 -2.6683</i>
                        <i>0.105298 0.991167 0.0806288 -0.65573 0.00824931 0.754951 0.747617 -0.132366 0.650806 -4.59664 2.67381 -2.66829</i>
                        <i>0.104876 0.991241 0.0802586 -0.655735 0.00825226 0.754946 0.747671 -0.131804 0.650857 -4.59661 2.67377 -2.66826</i>
                        <i>0.104496 0.991309 0.0799248 -0.655744 0.00825588 0.754938 0.747717 -0.131298 0.650907 -4.59656 2.67374 -2.66822</i>
                        <i>0.104162 0.991367 0.0796315 -0.655756 0.00826018 0.754928 0.747753 -0.130854 0.650955 -4.5965 2.67373 -2.66817</i>
                        <i>0.10388 0.991417 0.0793828 -0.655771 0.00826515 0.754914 0.747779 -0.130477 0.651002 -4.59642 2.67372 -2.6681</i>
                        <i>0.103663 0.991455 0.0791907 -0.655792 0.00827106 0.754897 0.747791 -0.130187 0.651045 -4.59631 2.67373 -2.66801</i>
                        <i>0.103523 0.99148 0.0790655 -0.655817 0.00827809 0.754874 0.747788 -0.129999 0.651086 -4.59618 2.67375 -2.6679</i>
                        <i>0.103462 0.99149 0.0790087 -0.655849 0.00828616 0.754847 0.747769 -0.129915 0.651125 -4.59602 2.67379 -2.66776</i>
                        <i>0.103481 0.991487 0.0790217 -0.655885 0.00829517 0.754816 0.747735 -0.129938 0.65116 -4.59583 2.67384 -2.6676</i>
                        <i>0.103581 0.99147 0.0791059 -0.655926 0.00830504 0.75478 0.747685 -0.130069 0.651191 -4.59561 2.67391 -2.66742</i>
                        <i>0.103766 0.991438 0.0792629 -0.655971 0.0083157 0.75474 0.747619 -0.13031 0.651218 -4.59537 2.67398 -2.66721</i>
                        <i>0.104035 0.991392 0.0794942 -0.656021 0.00832706 0.754696 0.747538 -0.130665 0.65124 -4.59511 2.67408 -2.66699</i>
                        <i>0.104392 0.991329 0.0798012 -0.656075 0.00833904 0.754649 0.747441 -0.131135 0.651257 -4.59483 2.67418 -2.66675</i>
                        <i>0.104836 0.991252 0.0801854 -0.656133 0.00835159 0.754599 0.747328 -0.131721 0.651268 -4.59453 2.6743 -2.66649</i>
                        <i>0.105352 0.991161 0.0806318 -0.656194 0.00836469 0.754546 0.747202 -0.132403 0.651275 -4.59421 2.67443 -2.66622</i>
                        <i>0.105918 0.99106 0.0811224 -0.656259 0.00837832 0.75449 0.747065 -0.133151 0.651279 -4.59387 2.67457 -2.66594</i>
                        <i>0.106531 0.990951 0.0816544 -0.656326 0.00839243 0.754431 0.746919 -0.133962 0.651281 -4.59352 2.67472 -2.66563</i>
                        <i>0.107188 0.990833 0.0822251 -0.656396 0.00840696 0.75437 0.746763 -0.134832 0.65128 -4.59315 2.67489 -2.66532</i>
                        <i>0.107886 0.990707 0.0828316 -0.656469 0.00842186 0.754306 0.746599 -0.135756 0.651276 -4.59277 2.67506 -2.665</i>
                        <i>0.108624 0.990572 0.0834728 -0.656543 0.00843706 0.754241 0.746426 -0.136732 0.65127 -4.59238 2.67525 -2.66466</i>
                        <i>0.109399 0.99043 0.0841475 -0.65662 0.00845252 0.754174 0.746245 -0.137759 0.65126 -4.59198 2.67544 -2.66432</i>
                        <i>0.110208 0.99028 0.0848523 -0.656698 0.00846817 0.754106 0.746058 -0.138831 0.651248 -4.59156 2.67564 -2.66397</i>
                        <i>0.111048 0.990123 0.0855841 -0.656778 0.00848399 0.754037 0.745863 -0.139944 0.651233 -4.59115 2.67586 -2.66362</i>
                        <i>0.111914 0.98996 0.0863395 -0.656858 0.00849991 0.753966 0.745662 -0.141092 0.651215 -4.59072 2.67612 -2.66325</i>
                        <i>0.112803 0.989791 0.0871152 -0.65694 0.00851589 0.753895 0.745457 -0.142271 0.651194 -4.59029 2.67649 -2.66289</i>
                        <i>0.11371 0.989617 0.0879078 -0.657022 0.00853188 0.753823 0.745246 -0.143475 0.65117 -4.58986 2.67694 -2.66252</i>
                        <i>0.114633 0.989439 0.0887141 -0.657104 0.00854784 0.753751 0.745032 -0.144699 0.651145 -4.58943 2.67747 -2.66215</i>
                        <i>0.115567 0.989257 0.0895306 -0.657187 0.00856372 0.753679 0.744815 -0.145939 0.651116 -4.58899 2.67807 -2.66178</i>
                        <i>0.116508 0.989071 0.090354 -0.657269 0.00857948 0.753607 0.744596 -0.147188 0.651086 -4.58856 2.67873 -2.66141</i>
                        <i>0.117453 0.988884 0.0911809 -0.657351 0.00859507 0.753535 0.744375 -0.148443 0.651053 -4.58813 2.67944 -2.66104</i>
                        <i>0.118397 0.988694 0.0920078 -0.657432 0.00861045 0.753465 0.744154 -0.149697 0.651019 -4.5877 2.68021 -2.66067</i>
                        <i>0.119336 0.988505 0.0928314 -0.657512 0.00862557 0.753394 0.743933 -0.150945 0.650983 -4.58728 2.68101 -2.66031</i>
                        <i>0.120268 0.988315 0.0936481 -0.657591 0.00864039 0.753326 0.743713 -0.152183 0.650946 -4.58686 2.68184 -2.65996</i>
                        <i>0.121187 0.988126 0.0944547 -0.657668 0.00865486 0.753258 0.743496 -0.153405 0.650908 -4.58645 2.6827 -2.65961</i>
                        <i>0.12209 0.987938 0.0952476 -0.657744 0.00866894 0.753192 0.743281 -0.154606 0.650869 -4.58606 2.68357 -2.65927</i>
                        <i>0.122974 0.987754 0.0960234 -0.657817 0.00868259 0.753128 0.743071 -0.155781 0.650829 -4.58567 2.68445 -2.65894</i>
                        <i>0.123833 0.987572 0.0967787 -0.657888 0.00869576 0.753065 0.742865 -0.156924 0.650789 -4.5853 2.68532 -2.65862</i>
                        <i>0.124665 0.987396 0.09751 -0.657957 0.00870841 0.753005 0.742665 -0.158031 0.650749 -4.58494 2.68619 -2.65831</i>
                        <i>0.125465 0.987225 0.0982139 -0.658022 0.00872049 0.752948 0.742472 -0.159096 0.65071 -4.58459 2.68704 -2.65802</i>
                        <i>0.12623 0.98706 0.0988869 -0.658085 0.00873196 0.752893 0.742287 -0.160114 0.650671 -4.58426 2.68787 -2.65774</i>
                        <i>0.126956 0.986903 0.0995257 -0.658144 0.00874277 0.752842 0.742111 -0.16108 0.650634 -4.58395 2.68867 -2.65747</i>
                        <i>0.127639 0.986754 0.100127 -0.658199 0.00875289 0.752793 0.741945 -0.161989 0.650598 -4.58366 2.68942 -2.65722</i>
                        <i>0.128274 0.986614 0.100687 -0.65825 0.00876226 0.752748 0.74179 -0.162835 0.650563 -4.58339 2.69013 -2.65699</i>
                        <i>0.128859 0.986485 0.101202 -0.658297 0.00877085 0.752707 0.741647 -0.163614 0.650531 -4.58314 2.69078 -2.65678</i>
                        <i>0.12939 0.986368 0.10167 -0.65834 0.0087786 0.75267 0.741516 -0.164321 0.650501 -4.58292 2.69138 -2.65658</i>
                        <i>0.129862 0.986263 0.102086 -0.658378 0.00878547 0.752636 0.7414 -0.16495 0.650474 -4.58272 2.6919 -2.65641</i>
                        <i>0.130272 0.986171 0.102447 -0.658411 0.00879141 0.752608 0.741299 -0.165496 0.650451 -4.58255 2.69234 -2.65627</i>
                        <i>0.130616 0.986094 0.10275 -0.658438 0.00879638 0.752584 0.741215 -0.165954 0.650431 -4.5824 2.69269 -2.65614</i>
                        <i>0.13089 0.986033 0.102992 -0.65846 0.00880033 0.752565 0.741147 -0.166319 0.650415 -4.58229 2.69295 -2.65605</i>
                        <i>0.13109 0.985988 0.103169 -0.658476 0.00880321 0.752551 0.741097 -0.166586 0.650403 -4.58221 2.69311 -2.65597</i>
                        <i>0.131213 0.98596 0.103278 -0.658485 0.00880498 0.752542 0.741067 -0.16675 0.650395 -4.58216 2.69316 -2.65593</i>
                        <i>0.131255 0.98595 0.103315 -0.658489 0.00880558 0.752539 0.741057 -0.166806 0.650393 -4.58214 2.69309 -2.65592</i>
                        <i>0.131286 0.985945 0.103324 -0.658486 0.00881831 0.752541 0.741053 -0.166836 0.650389 -4.58214 2.69301 -2.65592</i>
