<?xml version="1.0" encoding="ISO-8859-1" ?>
<Animl Version="1">
    <ModellingPackage><![CDATA[Maya.2010]]></ModellingPackage>
    <SrcFile><![CDATA[anims\turrets\antiair\red\~src\aa_gladiator\aa_gladiator_idle_crewman_c.mb]]></SrcFile>
    <FramesPerSecond>30</FramesPerSecond>
    <TotalFrames>180</TotalFrames>
    <Skeleton>
        <RefFrame>
            <Name><![CDATA[soldier_ref_frame]]></Name>
            <Exclude>0</Exclude>
            <Additive>0</Additive>
            <IKPriority>0</IKPriority>
            <IKRotLimits>-1e+010 -1e+010 -1e+010 1e+010 1e+010 1e+010</IKRotLimits>
            <IKRotLimitOrder>0</IKRotLimitOrder>
            <KeyFrames count="180">
                <i>1 0 0 0 1 0 0 0 1 3.11 1.46 3.9</i>
                <i>1 0 0 0 1 0 0 0 1 3.11 1.46 3.9</i>
                <i>1 0 0 0 1 0 0 0 1 3.11 1.46 3.9</i>
                <i>1 0 0 0 1 0 0 0 1 3.11 1.46 3.9</i>
                <i>1 0 0 0 1 0 0 0 1 3.11 1.46 3.9</i>
                <i>1 0 0 0 1 0 0 0 1 3.11 1.46 3.9</i>
                <i>1 0 0 0 1 0 0 0 1 3.11 1.46 3.9</i>
                <i>1 0 0 0 1 0 0 0 1 3.11 1.46 3.9</i>
                <i>1 0 0 0 1 0 0 0 1 3.11 1.46 3.9</i>
                <i>1 0 0 0 1 0 0 0 1 3.11 1.46 3.9</i>
                <i>1 0 0 0 1 0 0 0 1 3.11 1.46 3.9</i>
                <i>1 0 0 0 1 0 0 0 1 3.11 1.46 3.9</i>
                <i>1 0 0 0 1 0 0 0 1 3.11 1.46 3.9</i>
                <i>1 0 0 0 1 0 0 0 1 3.11 1.46 3.9</i>
                <i>1 0 0 0 1 0 0 0 1 3.11 1.46 3.9</i>
                <i>1 0 0 0 1 0 0 0 1 3.11 1.46 3.9</i>
                <i>1 0 0 0 1 0 0 0 1 3.11 1.46 3.9</i>
                <i>1 0 0 0 1 0 0 0 1 3.11 1.46 3.9</i>
                <i>1 0 0 0 1 0 0 0 1 3.11 1.46 3.9</i>
                <i>1 0 0 0 1 0 0 0 1 3.11 1.46 3.9</i>
                <i>1 0 0 0 1 0 0 0 1 3.11 1.46 3.9</i>
                <i>1 0 0 0 1 0 0 0 1 3.11 1.46 3.9</i>
                <i>1 0 0 0 1 0 0 0 1 3.11 1.46 3.9</i>
                <i>1 0 0 0 1 0 0 0 1 3.11 1.46 3.9</i>
                <i>1 0 0 0 1 0 0 0 1 3.11 1.46 3.9</i>
                <i>1 0 0 0 1 0 0 0 1 3.11 1.46 3.9</i>
                <i>1 0 0 0 1 0 0 0 1 3.11 1.46 3.9</i>
                <i>1 0 0 0 1 0 0 0 1 3.11 1.46 3.9</i>
                <i>1 0 0 0 1 0 0 0 1 3.11 1.46 3.9</i>
                <i>1 0 0 0 1 0 0 0 1 3.11 1.46 3.9</i>
                <i>1 0 0 0 1 0 0 0 1 3.11 1.46 3.9</i>
                <i>1 0 0 0 1 0 0 0 1 3.11 1.46 3.9</i>
                <i>1 0 0 0 1 0 0 0 1 3.11 1.46 3.9</i>
                <i>1 0 0 0 1 0 0 0 1 3.11 1.46 3.9</i>
                <i>1 0 0 0 1 0 0 0 1 3.11 1.46 3.9</i>
                <i>1 0 0 0 1 0 0 0 1 3.11 1.46 3.9</i>
                <i>1 0 0 0 1 0 0 0 1 3.11 1.46 3.9</i>
                <i>1 0 0 0 1 0 0 0 1 3.11 1.46 3.9</i>
                <i>1 0 0 0 1 0 0 0 1 3.11 1.46 3.9</i>
                <i>1 0 0 0 1 0 0 0 1 3.11 1.46 3.9</i>
                <i>1 0 0 0 1 0 0 0 1 3.11 1.46 3.9</i>
                <i>1 0 0 0 1 0 0 0 1 3.11 1.46 3.9</i>
                <i>1 0 0 0 1 0 0 0 1 3.11 1.46 3.9</i>
                <i>1 0 0 0 1 0 0 0 1 3.11 1.46 3.9</i>
                <i>1 0 0 0 1 0 0 0 1 3.11 1.46 3.9</i>
                <i>1 0 0 0 1 0 0 0 1 3.11 1.46 3.9</i>
                <i>1 0 0 0 1 0 0 0 1 3.11 1.46 3.9</i>
                <i>1 0 0 0 1 0 0 0 1 3.11 1.46 3.9</i>
                <i>1 0 0 0 1 0 0 0 1 3.11 1.46 3.9</i>
                <i>1 0 0 0 1 0 0 0 1 3.11 1.46 3.9</i>
                <i>1 0 0 0 1 0 0 0 1 3.11 1.46 3.9</i>
                <i>1 0 0 0 1 0 0 0 1 3.11 1.46 3.9</i>
                <i>1 0 0 0 1 0 0 0 1 3.11 1.46 3.9</i>
                <i>1 0 0 0 1 0 0 0 1 3.11 1.46 3.9</i>
                <i>1 0 0 0 1 0 0 0 1 3.11 1.46 3.9</i>
                <i>1 0 0 0 1 0 0 0 1 3.11 1.46 3.9</i>
                <i>1 0 0 0 1 0 0 0 1 3.11 1.46 3.9</i>
                <i>1 0 0 0 1 0 0 0 1 3.11 1.46 3.9</i>
                <i>1 0 0 0 1 0 0 0 1 3.11 1.46 3.9</i>
                <i>1 0 0 0 1 0 0 0 1 3.11 1.46 3.9</i>
                <i>1 0 0 0 1 0 0 0 1 3.11 1.46 3.9</i>
                <i>1 0 0 0 1 0 0 0 1 3.11 1.46 3.9</i>
                <i>1 0 0 0 1 0 0 0 1 3.11 1.46 3.9</i>
                <i>1 0 0 0 1 0 0 0 1 3.11 1.46 3.9</i>
                <i>1 0 0 0 1 0 0 0 1 3.11 1.46 3.9</i>
                <i>1 0 0 0 1 0 0 0 1 3.11 1.46 3.9</i>
                <i>1 0 0 0 1 0 0 0 1 3.11 1.46 3.9</i>
                <i>1 0 0 0 1 0 0 0 1 3.11 1.46 3.9</i>
                <i>1 0 0 0 1 0 0 0 1 3.11 1.46 3.9</i>
                <i>1 0 0 0 1 0 0 0 1 3.11 1.46 3.9</i>
                <i>1 0 0 0 1 0 0 0 1 3.11 1.46 3.9</i>
                <i>1 0 0 0 1 0 0 0 1 3.11 1.46 3.9</i>
                <i>1 0 0 0 1 0 0 0 1 3.11 1.46 3.9</i>
                <i>1 0 0 0 1 0 0 0 1 3.11 1.46 3.9</i>
                <i>1 0 0 0 1 0 0 0 1 3.11 1.46 3.9</i>
                <i>1 0 0 0 1 0 0 0 1 3.11 1.46 3.9</i>
                <i>1 0 0 0 1 0 0 0 1 3.11 1.46 3.9</i>
                <i>1 0 0 0 1 0 0 0 1 3.11 1.46 3.9</i>
                <i>1 0 0 0 1 0 0 0 1 3.11 1.46 3.9</i>
                <i>1 0 0 0 1 0 0 0 1 3.11 1.46 3.9</i>
                <i>1 0 0 0 1 0 0 0 1 3.11 1.46 3.9</i>
                <i>1 0 0 0 1 0 0 0 1 3.11 1.46 3.9</i>
                <i>1 0 0 0 1 0 0 0 1 3.11 1.46 3.9</i>
                <i>1 0 0 0 1 0 0 0 1 3.11 1.46 3.9</i>
                <i>1 0 0 0 1 0 0 0 1 3.11 1.46 3.9</i>
                <i>1 0 0 0 1 0 0 0 1 3.11 1.46 3.9</i>
                <i>1 0 0 0 1 0 0 0 1 3.11 1.46 3.9</i>
                <i>1 0 0 0 1 0 0 0 1 3.11 1.46 3.9</i>
                <i>1 0 0 0 1 0 0 0 1 3.11 1.46 3.9</i>
                <i>1 0 0 0 1 0 0 0 1 3.11 1.46 3.9</i>
                <i>1 0 0 0 1 0 0 0 1 3.11 1.46 3.9</i>
                <i>1 0 0 0 1 0 0 0 1 3.11 1.46 3.9</i>
                <i>1 0 0 0 1 0 0 0 1 3.11 1.46 3.9</i>
                <i>1 0 0 0 1 0 0 0 1 3.11 1.46 3.9</i>
                <i>1 0 0 0 1 0 0 0 1 3.11 1.46 3.9</i>
                <i>1 0 0 0 1 0 0 0 1 3.11 1.46 3.9</i>
                <i>1 0 0 0 1 0 0 0 1 3.11 1.46 3.9</i>
                <i>1 0 0 0 1 0 0 0 1 3.11 1.46 3.9</i>
                <i>1 0 0 0 1 0 0 0 1 3.11 1.46 3.9</i>
                <i>1 0 0 0 1 0 0 0 1 3.11 1.46 3.9</i>
                <i>1 0 0 0 1 0 0 0 1 3.11 1.46 3.9</i>
                <i>1 0 0 0 1 0 0 0 1 3.11 1.46 3.9</i>
                <i>1 0 0 0 1 0 0 0 1 3.11 1.46 3.9</i>
                <i>1 0 0 0 1 0 0 0 1 3.11 1.46 3.9</i>
                <i>1 0 0 0 1 0 0 0 1 3.11 1.46 3.9</i>
                <i>1 0 0 0 1 0 0 0 1 3.11 1.46 3.9</i>
                <i>1 0 0 0 1 0 0 0 1 3.11 1.46 3.9</i>
                <i>1 0 0 0 1 0 0 0 1 3.11 1.46 3.9</i>
                <i>1 0 0 0 1 0 0 0 1 3.11 1.46 3.9</i>
                <i>1 0 0 0 1 0 0 0 1 3.11 1.46 3.9</i>
                <i>1 0 0 0 1 0 0 0 1 3.11 1.46 3.9</i>
                <i>1 0 0 0 1 0 0 0 1 3.11 1.46 3.9</i>
                <i>1 0 0 0 1 0 0 0 1 3.11 1.46 3.9</i>
                <i>1 0 0 0 1 0 0 0 1 3.11 1.46 3.9</i>
                <i>1 0 0 0 1 0 0 0 1 3.11 1.46 3.9</i>
                <i>1 0 0 0 1 0 0 0 1 3.11 1.46 3.9</i>
                <i>1 0 0 0 1 0 0 0 1 3.11 1.46 3.9</i>
                <i>1 0 0 0 1 0 0 0 1 3.11 1.46 3.9</i>
                <i>1 0 0 0 1 0 0 0 1 3.11 1.46 3.9</i>
                <i>1 0 0 0 1 0 0 0 1 3.11 1.46 3.9</i>
                <i>1 0 0 0 1 0 0 0 1 3.11 1.46 3.9</i>
                <i>1 0 0 0 1 0 0 0 1 3.11 1.46 3.9</i>
                <i>1 0 0 0 1 0 0 0 1 3.11 1.46 3.9</i>
                <i>1 0 0 0 1 0 0 0 1 3.11 1.46 3.9</i>
                <i>1 0 0 0 1 0 0 0 1 3.11 1.46 3.9</i>
                <i>1 0 0 0 1 0 0 0 1 3.11 1.46 3.9</i>
                <i>1 0 0 0 1 0 0 0 1 3.11 1.46 3.9</i>
                <i>1 0 0 0 1 0 0 0 1 3.11 1.46 3.9</i>
                <i>1 0 0 0 1 0 0 0 1 3.11 1.46 3.9</i>
                <i>1 0 0 0 1 0 0 0 1 3.11 1.46 3.9</i>
                <i>1 0 0 0 1 0 0 0 1 3.11 1.46 3.9</i>
                <i>1 0 0 0 1 0 0 0 1 3.11 1.46 3.9</i>
                <i>1 0 0 0 1 0 0 0 1 3.11 1.46 3.9</i>
                <i>1 0 0 0 1 0 0 0 1 3.11 1.46 3.9</i>
                <i>1 0 0 0 1 0 0 0 1 3.11 1.46 3.9</i>
                <i>1 0 0 0 1 0 0 0 1 3.11 1.46 3.9</i>
                <i>1 0 0 0 1 0 0 0 1 3.11 1.46 3.9</i>
                <i>1 0 0 0 1 0 0 0 1 3.11 1.46 3.9</i>
                <i>1 0 0 0 1 0 0 0 1 3.11 1.46 3.9</i>
                <i>1 0 0 0 1 0 0 0 1 3.11 1.46 3.9</i>
                <i>1 0 0 0 1 0 0 0 1 3.11 1.46 3.9</i>
                <i>1 0 0 0 1 0 0 0 1 3.11 1.46 3.9</i>
                <i>1 0 0 0 1 0 0 0 1 3.11 1.46 3.9</i>
                <i>1 0 0 0 1 0 0 0 1 3.11 1.46 3.9</i>
                <i>1 0 0 0 1 0 0 0 1 3.11 1.46 3.9</i>
                <i>1 0 0 0 1 0 0 0 1 3.11 1.46 3.9</i>
                <i>1 0 0 0 1 0 0 0 1 3.11 1.46 3.9</i>
                <i>1 0 0 0 1 0 0 0 1 3.11 1.46 3.9</i>
                <i>1 0 0 0 1 0 0 0 1 3.11 1.46 3.9</i>
                <i>1 0 0 0 1 0 0 0 1 3.11 1.46 3.9</i>
                <i>1 0 0 0 1 0 0 0 1 3.11 1.46 3.9</i>
                <i>1 0 0 0 1 0 0 0 1 3.11 1.46 3.9</i>
                <i>1 0 0 0 1 0 0 0 1 3.11 1.46 3.9</i>
                <i>1 0 0 0 1 0 0 0 1 3.11 1.46 3.9</i>
                <i>1 0 0 0 1 0 0 0 1 3.11 1.46 3.9</i>
                <i>1 0 0 0 1 0 0 0 1 3.11 1.46 3.9</i>
                <i>1 0 0 0 1 0 0 0 1 3.11 1.46 3.9</i>
                <i>1 0 0 0 1 0 0 0 1 3.11 1.46 3.9</i>
                <i>1 0 0 0 1 0 0 0 1 3.11 1.46 3.9</i>
                <i>1 0 0 0 1 0 0 0 1 3.11 1.46 3.9</i>
                <i>1 0 0 0 1 0 0 0 1 3.11 1.46 3.9</i>
                <i>1 0 0 0 1 0 0 0 1 3.11 1.46 3.9</i>
                <i>1 0 0 0 1 0 0 0 1 3.11 1.46 3.9</i>
                <i>1 0 0 0 1 0 0 0 1 3.11 1.46 3.9</i>
                <i>1 0 0 0 1 0 0 0 1 3.11 1.46 3.9</i>
                <i>1 0 0 0 1 0 0 0 1 3.11 1.46 3.9</i>
                <i>1 0 0 0 1 0 0 0 1 3.11 1.46 3.9</i>
                <i>1 0 0 0 1 0 0 0 1 3.11 1.46 3.9</i>
                <i>1 0 0 0 1 0 0 0 1 3.11 1.46 3.9</i>
                <i>1 0 0 0 1 0 0 0 1 3.11 1.46 3.9</i>
                <i>1 0 0 0 1 0 0 0 1 3.11 1.46 3.9</i>
                <i>1 0 0 0 1 0 0 0 1 3.11 1.46 3.9</i>
                <i>1 0 0 0 1 0 0 0 1 3.11 1.46 3.9</i>
                <i>1 0 0 0 1 0 0 0 1 3.11 1.46 3.9</i>
                <i>1 0 0 0 1 0 0 0 1 3.11 1.46 3.9</i>
                <i>1 0 0 0 1 0 0 0 1 3.11 1.46 3.9</i>
                <i>1 0 0 0 1 0 0 0 1 3.11 1.46 3.9</i>
                <i>1 0 0 0 1 0 0 0 1 3.11 1.46 3.9</i>
                <i>1 0 0 0 1 0 0 0 1 3.11 1.46 3.9</i>
                <i>1 0 0 0 1 0 0 0 1 3.11 1.46 3.9</i>
            </KeyFrames>
        </RefFrame>
        <Bones count="23">
            <i>
                <p>
                    <Name><![CDATA[pelvis]]></Name>
                    <Exclude>0</Exclude>
                    <Additive>0</Additive>
                    <IKPriority>0</IKPriority>
                    <IKRotLimits>-1e+010 -1e+010 -1e+010 1e+010 1e+010 1e+010</IKRotLimits>
                    <IKRotLimitOrder>2</IKRotLimitOrder>
                    <KeyFrames count="180">
                        <i>1 0 0 0 1 0 0 0 1 3.13461 2.56102 3.97699</i>
                        <i>1 0 0 0 1 0 0 0 1 3.13461 2.56037 3.97699</i>
                        <i>1 0 0 0 1 0 0 0 1 3.13461 2.55967 3.97699</i>
                        <i>1 0 0 0 1 0 0 0 1 3.13461 2.55893 3.97699</i>
                        <i>1 0 0 0 1 0 0 0 1 3.13461 2.55816 3.97699</i>
                        <i>1 0 0 0 1 0 0 0 1 3.13461 2.55739 3.97699</i>
                        <i>1 0 0 0 1 0 0 0 1 3.13461 2.55662 3.97699</i>
                        <i>1 0 0 0 1 0 0 0 1 3.13461 2.55587 3.97699</i>
                        <i>1 0 0 0 1 0 0 0 1 3.13461 2.55515 3.97699</i>
                        <i>1 0 0 0 1 0 0 0 1 3.13461 2.55448 3.97699</i>
                        <i>1 0 0 0 1 0 0 0 1 3.13461 2.55388 3.97699</i>
                        <i>1 0 0 0 1 0 0 0 1 3.13461 2.55336 3.97699</i>
                        <i>1 0 0 0 1 0 0 0 1 3.13461 2.55294 3.97699</i>
                        <i>1 0 0 0 1 0 0 0 1 3.13461 2.55262 3.97699</i>
                        <i>1 0 0 0 1 0 0 0 1 3.13461 2.55243 3.97699</i>
                        <i>1 0 0 0 1 0 0 0 1 3.13461 2.55227 3.97699</i>
                        <i>1 0 0 0 1 0 0 0 1 3.13461 2.55205 3.97699</i>
                        <i>1 0 0 0 1 0 0 0 1 3.13461 2.55178 3.97699</i>
                        <i>1 0 0 0 1 0 0 0 1 3.13461 2.5515 3.97699</i>
                        <i>1 0 0 0 1 0 0 0 1 3.13461 2.55123 3.97699</i>
                        <i>1 0 0 0 1 0 0 0 1 3.13461 2.55099 3.97699</i>
                        <i>1 0 0 0 1 0 0 0 1 3.13461 2.55081 3.97699</i>
                        <i>1 0 0 0 1 0 0 0 1 3.13461 2.5507 3.97699</i>
                        <i>1 0 0 0 1 0 0 0 1 3.13461 2.5507 3.97699</i>
                        <i>1 0 0 0 1 0 0 0 1 3.13461 2.55082 3.97699</i>
                        <i>1 0 0 0 1 0 0 0 1 3.13461 2.5511 3.97699</i>
                        <i>1 0 0 0 1 0 0 0 1 3.13461 2.55154 3.97699</i>
                        <i>1 0 0 0 1 0 0 0 1 3.13461 2.55219 3.97699</i>
                        <i>1 0 0 0 1 0 0 0 1 3.13461 2.55306 3.97699</i>
                        <i>1 0 0 0 1 0 0 0 1 3.13461 2.55417 3.97699</i>
                        <i>1 0 0 0 1 0 0 0 1 3.13461 2.55555 3.97699</i>
                        <i>1 0 0 0 1 0 0 0 1 3.13461 2.55723 3.97699</i>
                        <i>1 0 0 0 1 0 0 0 1 3.13461 2.56038 3.97699</i>
                        <i>1 0 0 0 1 0 0 0 1 3.13461 2.56568 3.97699</i>
                        <i>1 0 0 0 1 0 0 0 1 3.13461 2.57232 3.97699</i>
                        <i>1 0 0 0 1 0 0 0 1 3.13461 2.57951 3.97699</i>
                        <i>1 0 0 0 1 0 0 0 1 3.13461 2.58648 3.97699</i>
                        <i>1 0 0 0 1 0 0 0 1 3.13461 2.59243 3.97699</i>
                        <i>1 0 0 0 1 0 0 0 1 3.13461 2.59658 3.97699</i>
                        <i>1 0 0 0 1 0 0 0 1 3.13461 2.59814 3.97699</i>
                        <i>1 0 0 0 1 0 0 0 1 3.13461 2.59812 3.97699</i>
                        <i>1 0 0 0 1 0 0 0 1 3.13461 2.59807 3.97699</i>
                        <i>1 0 0 0 1 0 0 0 1 3.13461 2.59801 3.97699</i>
                        <i>1 0 0 0 1 0 0 0 1 3.13461 2.59796 3.97699</i>
                        <i>1 0 0 0 1 0 0 0 1 3.13461 2.59793 3.97699</i>
                        <i>1 0 0 0 1 0 0 0 1 3.13461 2.59606 3.97699</i>
                        <i>1 0 0 0 1 0 0 0 1 3.13461 2.59094 3.97699</i>
                        <i>1 0 0 0 1 0 0 0 1 3.13461 2.58333 3.97699</i>
                        <i>1 0 0 0 1 0 0 0 1 3.13461 2.57397 3.97699</i>
                        <i>1 0 0 0 1 0 0 0 1 3.13461 2.56361 3.97699</i>
                        <i>1 0 0 0 1 0 0 0 1 3.13461 2.55301 3.97699</i>
                        <i>1 0 0 0 1 0 0 0 1 3.13461 2.54291 3.97699</i>
                        <i>1 0 0 0 1 0 0 0 1 3.13461 2.53406 3.97699</i>
                        <i>1 0 0 0 1 0 0 0 1 3.13461 2.52722 3.97699</i>
                        <i>1 0 0 0 1 0 0 0 1 3.13461 2.52313 3.97699</i>
                        <i>1 0 0 0 1 0 0 0 1 3.13461 2.52551 3.97699</i>
                        <i>1 0 0 0 1 0 0 0 1 3.13461 2.53475 3.97699</i>
                        <i>1 0 0 0 1 0 0 0 1 3.13461 2.54659 3.97699</i>
                        <i>1 0 0 0 1 0 0 0 1 3.13461 2.55676 3.97699</i>
                        <i>1 0 0 0 1 0 0 0 1 3.13461 2.56102 3.97699</i>
                        <i>1 0 0 0 1 0 0 0 1 3.13461 2.56089 3.97699</i>
                        <i>1 0 0 0 1 0 0 0 1 3.13461 2.56075 3.97699</i>
                        <i>1 0 0 0 1 0 0 0 1 3.13461 2.56061 3.97699</i>
                        <i>1 0 0 0 1 0 0 0 1 3.13461 2.56045 3.97699</i>
                        <i>1 0 0 0 1 0 0 0 1 3.13461 2.56029 3.97699</i>
                        <i>1 0 0 0 1 0 0 0 1 3.13461 2.56012 3.97699</i>
                        <i>1 0 0 0 1 0 0 0 1 3.13461 2.55994 3.97699</i>
                        <i>1 0 0 0 1 0 0 0 1 3.13461 2.55976 3.97699</i>
                        <i>1 0 0 0 1 0 0 0 1 3.13461 2.55957 3.97699</i>
                        <i>1 0 0 0 1 0 0 0 1 3.13461 2.55938 3.97699</i>
                        <i>1 0 0 0 1 0 0 0 1 3.13461 2.55918 3.97699</i>
                        <i>1 0 0 0 1 0 0 0 1 3.13461 2.55898 3.97699</i>
                        <i>1 0 0 0 1 0 0 0 1 3.13461 2.55878 3.97699</i>
                        <i>1 0 0 0 1 0 0 0 1 3.13461 2.55858 3.97699</i>
                        <i>1 0 0 0 1 0 0 0 1 3.13461 2.55837 3.97699</i>
                        <i>1 0 0 0 1 0 0 0 1 3.13461 2.55816 3.97699</i>
                        <i>1 0 0 0 1 0 0 0 1 3.13461 2.55795 3.97699</i>
                        <i>1 0 0 0 1 0 0 0 1 3.13461 2.55774 3.97699</i>
                        <i>1 0 0 0 1 0 0 0 1 3.13461 2.55754 3.97699</i>
                        <i>1 0 0 0 1 0 0 0 1 3.13461 2.55733 3.97699</i>
                        <i>1 0 0 0 1 0 0 0 1 3.13461 2.55713 3.97699</i>
                        <i>1 0 0 0 1 0 0 0 1 3.13461 2.55693 3.97699</i>
                        <i>1 0 0 0 1 0 0 0 1 3.13461 2.55673 3.97699</i>
                        <i>1 0 0 0 1 0 0 0 1 3.13461 2.55653 3.97699</i>
                        <i>1 0 0 0 1 0 0 0 1 3.13461 2.55634 3.97699</i>
                        <i>1 0 0 0 1 0 0 0 1 3.13461 2.55616 3.97699</i>
                        <i>1 0 0 0 1 0 0 0 1 3.13461 2.55598 3.97699</i>
                        <i>1 0 0 0 1 0 0 0 1 3.13461 2.55581 3.97699</i>
                        <i>1 0 0 0 1 0 0 0 1 3.13461 2.55564 3.97699</i>
                        <i>1 0 0 0 1 0 0 0 1 3.13461 2.55549 3.97699</i>
                        <i>1 0 0 0 1 0 0 0 1 3.13461 2.55534 3.97699</i>
                        <i>1 0 0 0 1 0 0 0 1 3.13461 2.5552 3.97699</i>
                        <i>1 0 0 0 1 0 0 0 1 3.13461 2.55507 3.97699</i>
                        <i>1 0 0 0 1 0 0 0 1 3.13461 2.55495 3.97699</i>
                        <i>1 0 0 0 1 0 0 0 1 3.13461 2.55484 3.97699</i>
                        <i>1 0 0 0 1 0 0 0 1 3.13461 2.55474 3.97699</i>
                        <i>1 0 0 0 1 0 0 0 1 3.13461 2.55465 3.97699</i>
                        <i>1 0 0 0 1 0 0 0 1 3.13461 2.55458 3.97699</i>
                        <i>1 0 0 0 1 0 0 0 1 3.13461 2.55452 3.97699</i>
                        <i>1 0 0 0 1 0 0 0 1 3.13461 2.55447 3.97699</i>
                        <i>1 0 0 0 1 0 0 0 1 3.13461 2.55444 3.97699</i>
                        <i>1 0 0 0 1 0 0 0 1 3.13461 2.55442 3.97699</i>
                        <i>1 0 0 0 1 0 0 0 1 3.13461 2.55442 3.97699</i>
                        <i>1 0 0 0 1 0 0 0 1 3.13461 2.55441 3.97699</i>
                        <i>1 0 0 0 1 0 0 0 1 3.13461 2.55442 3.97699</i>
                        <i>1 0 0 0 1 0 0 0 1 3.13461 2.55443 3.97699</i>
                        <i>1 0 0 0 1 0 0 0 1 3.13461 2.55444 3.97699</i>
                        <i>1 0 0 0 1 0 0 0 1 3.13461 2.55447 3.97699</i>
                        <i>1 0 0 0 1 0 0 0 1 3.13461 2.5545 3.97699</i>
                        <i>1 0 0 0 1 0 0 0 1 3.13461 2.55454 3.97699</i>
                        <i>1 0 0 0 1 0 0 0 1 3.13461 2.55459 3.97699</i>
                        <i>1 0 0 0 1 0 0 0 1 3.13461 2.55465 3.97699</i>
                        <i>1 0 0 0 1 0 0 0 1 3.13461 2.55473 3.97699</i>
                        <i>1 0 0 0 1 0 0 0 1 3.13461 2.55481 3.97699</i>
                        <i>1 0 0 0 1 0 0 0 1 3.13461 2.5549 3.97699</i>
                        <i>1 0 0 0 1 0 0 0 1 3.13461 2.55501 3.97699</i>
                        <i>1 0 0 0 1 0 0 0 1 3.13461 2.55513 3.97699</i>
                        <i>1 0 0 0 1 0 0 0 1 3.13461 2.55527 3.97699</i>
                        <i>1 0 0 0 1 0 0 0 1 3.13461 2.55542 3.97699</i>
                        <i>1 0 0 0 1 0 0 0 1 3.13461 2.55558 3.97699</i>
                        <i>1 0 0 0 1 0 0 0 1 3.13461 2.55576 3.97699</i>
                        <i>1 0 0 0 1 0 0 0 1 3.13461 2.55596 3.97699</i>
                        <i>1 0 0 0 1 0 0 0 1 3.13461 2.55618 3.97699</i>
                        <i>1 0 0 0 1 0 0 0 1 3.13461 2.55641 3.97699</i>
                        <i>1 0 0 0 1 0 0 0 1 3.13461 2.55666 3.97699</i>
                        <i>1 0 0 0 1 0 0 0 1 3.13461 2.55693 3.97699</i>
                        <i>1 0 0 0 1 0 0 0 1 3.13461 2.55722 3.97699</i>
                        <i>1 0 0 0 1 0 0 0 1 3.13461 2.55753 3.97699</i>
                        <i>1 0 0 0 1 0 0 0 1 3.13461 2.55786 3.97699</i>
                        <i>1 0 0 0 1 0 0 0 1 3.13461 2.55821 3.97699</i>
                        <i>1 0 0 0 1 0 0 0 1 3.13461 2.55858 3.97699</i>
                        <i>1 0 0 0 1 0 0 0 1 3.13461 2.55898 3.97699</i>
                        <i>1 0 0 0 1 0 0 0 1 3.13461 2.5594 3.97699</i>
                        <i>1 0 0 0 1 0 0 0 1 3.13461 2.55984 3.97699</i>
                        <i>1 0 0 0 1 0 0 0 1 3.13461 2.56031 3.97699</i>
                        <i>1 0 0 0 1 0 0 0 1 3.13461 2.56158 3.97699</i>
                        <i>1 0 0 0 1 0 0 0 1 3.13461 2.56401 3.97699</i>
                        <i>1 0 0 0 1 0 0 0 1 3.13461 2.567 3.97699</i>
                        <i>1 0 0 0 1 0 0 0 1 3.13461 2.56993 3.97699</i>
                        <i>1 0 0 0 1 0 0 0 1 3.13461 2.57221 3.97699</i>
                        <i>1 0 0 0 1 0 0 0 1 3.13461 2.57321 3.97699</i>
                        <i>1 0 0 0 1 0 0 0 1 3.13461 2.57246 3.97699</i>
                        <i>1 0 0 0 1 0 0 0 1 3.13461 2.57036 3.97699</i>
                        <i>1 0 0 0 1 0 0 0 1 3.13461 2.56759 3.97699</i>
                        <i>1 0 0 0 1 0 0 0 1 3.13461 2.56486 3.97699</i>
                        <i>1 0 0 0 1 0 0 0 1 3.13461 2.56287 3.97699</i>
                        <i>1 0 0 0 1 0 0 0 1 3.13461 2.56231 3.97699</i>
                        <i>1 0 0 0 1 0 0 0 1 3.13461 2.56284 3.97699</i>
                        <i>1 0 0 0 1 0 0 0 1 3.13461 2.56362 3.97699</i>
                        <i>1 0 0 0 1 0 0 0 1 3.13461 2.56463 3.97699</i>
                        <i>1 0 0 0 1 0 0 0 1 3.13461 2.56584 3.97699</i>
                        <i>1 0 0 0 1 0 0 0 1 3.13461 2.56722 3.97699</i>
                        <i>1 0 0 0 1 0 0 0 1 3.13461 2.56873 3.97699</i>
                        <i>1 0 0 0 1 0 0 0 1 3.13461 2.57034 3.97699</i>
                        <i>1 0 0 0 1 0 0 0 1 3.13461 2.57204 3.97699</i>
                        <i>1 0 0 0 1 0 0 0 1 3.13461 2.57378 3.97699</i>
                        <i>1 0 0 0 1 0 0 0 1 3.13461 2.57554 3.97699</i>
                        <i>1 0 0 0 1 0 0 0 1 3.13461 2.57729 3.97699</i>
                        <i>1 0 0 0 1 0 0 0 1 3.13461 2.579 3.97699</i>
                        <i>1 0 0 0 1 0 0 0 1 3.13461 2.58063 3.97699</i>
                        <i>1 0 0 0 1 0 0 0 1 3.13461 2.58268 3.97699</i>
                        <i>1 0 0 0 1 0 0 0 1 3.13461 2.58529 3.97699</i>
                        <i>1 0 0 0 1 0 0 0 1 3.13461 2.58789 3.97699</i>
                        <i>1 0 0 0 1 0 0 0 1 3.13461 2.58995 3.97699</i>
                        <i>1 0 0 0 1 0 0 0 1 3.13461 2.5909 3.97699</i>
                        <i>1 0 0 0 1 0 0 0 1 3.13461 2.59106 3.97699</i>
                        <i>1 0 0 0 1 0 0 0 1 3.13461 2.59108 3.97699</i>
                        <i>1 0 0 0 1 0 0 0 1 3.13461 2.59096 3.97699</i>
                        <i>1 0 0 0 1 0 0 0 1 3.13461 2.59065 3.97699</i>
                        <i>1 0 0 0 1 0 0 0 1 3.13461 2.59014 3.97699</i>
                        <i>1 0 0 0 1 0 0 0 1 3.13461 2.58942 3.97699</i>
                        <i>1 0 0 0 1 0 0 0 1 3.13461 2.58845 3.97699</i>
                        <i>1 0 0 0 1 0 0 0 1 3.13461 2.58722 3.97699</i>
                        <i>1 0 0 0 1 0 0 0 1 3.13461 2.5857 3.97699</i>
                        <i>1 0 0 0 1 0 0 0 1 3.13461 2.58386 3.97699</i>
                        <i>1 0 0 0 1 0 0 0 1 3.13461 2.58021 3.97699</i>
                        <i>1 0 0 0 1 0 0 0 1 3.13461 2.57439 3.97699</i>
                        <i>1 0 0 0 1 0 0 0 1 3.13461 2.5681 3.97699</i>
                        <i>1 0 0 0 1 0 0 0 1 3.13461 2.56307 3.97699</i>
                        <i>1 0 0 0 1 0 0 0 1 3.13461 2.56102 3.97699</i>
                    </KeyFrames>
                </p>
            </i>
            <i>
                <p>
                    <Name><![CDATA[spine0]]></Name>
                    <Exclude>0</Exclude>
                    <Additive>0</Additive>
                    <IKPriority>0</IKPriority>
                    <IKRotLimits>-1e+010 -1e+010 -1e+010 1e+010 1e+010 1e+010</IKRotLimits>
                    <IKRotLimitOrder>0</IKRotLimitOrder>
                    <KeyFrames count="180">
                        <i>-0.0116189 0.999871 -0.0110436 -0.0845369 -0.011987 -0.996348 -0.996353 -0.0106429 0.0846653 3.17916 2.69739 3.96637</i>
                        <i>-0.0110759 0.999878 -0.0110431 -0.0844382 -0.0119395 -0.996357 -0.996367 -0.0101031 0.0845601 3.17952 2.69663 3.96634</i>
                        <i>-0.0105858 0.999884 -0.0109577 -0.0843327 -0.011812 -0.996368 -0.996381 -0.0096233 0.0844479 3.1799 2.6958 3.96632</i>
                        <i>-0.0101471 0.99989 -0.0107943 -0.0842203 -0.0116111 -0.996379 -0.996395 -0.00920121 0.0843289 3.18031 2.69492 3.96629</i>
                        <i>-0.00975769 0.999897 -0.0105601 -0.0841013 -0.0113439 -0.996393 -0.996409 -0.00883437 0.0842033 3.18074 2.694 3.96626</i>
                        <i>-0.00941589 0.999903 -0.0102621 -0.0839756 -0.011017 -0.996407 -0.996423 -0.00852029 0.0840712 3.18119 2.69307 3.96623</i>
                        <i>-0.00911978 0.999909 -0.0099072 -0.0838436 -0.0106374 -0.996422 -0.996437 -0.00825649 0.083933 3.18165 2.69214 3.9662</i>
                        <i>-0.00886744 0.999916 -0.00950255 -0.0837055 -0.0102118 -0.996438 -0.996451 -0.00804044 0.083789 3.18212 2.69122 3.96617</i>
                        <i>-0.00865687 0.999922 -0.00905522 -0.0835617 -0.00974726 -0.996455 -0.996465 -0.00786951 0.0836395 3.1826 2.69034 3.96614</i>
                        <i>-0.00848597 0.999927 -0.00857232 -0.0834126 -0.00925059 -0.996472 -0.996479 -0.00774099 0.0834851 3.18308 2.68949 3.9661</i>
                        <i>-0.00835256 0.999933 -0.00806102 -0.0832591 -0.00872873 -0.99649 -0.996493 -0.00765209 0.0833264 3.18357 2.68872 3.96607</i>
                        <i>-0.00825432 0.999938 -0.00752849 -0.0831017 -0.00818866 -0.996507 -0.996507 -0.00759986 0.0831641 3.18406 2.68802 3.96604</i>
                        <i>-0.00818887 0.999942 -0.00698197 -0.0829416 -0.00763734 -0.996525 -0.996521 -0.00758132 0.0829993 3.18453 2.68741 3.96601</i>
                        <i>-0.00815363 0.999946 -0.00642871 -0.0827798 -0.00708182 -0.996543 -0.996535 -0.00759327 0.082833 3.18501 2.68692 3.96598</i>
                        <i>-0.0081459 0.99995 -0.00587605 -0.0826175 -0.00652916 -0.99656 -0.996548 -0.00763241 0.0826665 3.18547 2.68655 3.96595</i>
                        <i>-0.00816286 0.999952 -0.00533132 -0.0824562 -0.00598643 -0.996577 -0.996561 -0.00769532 0.0825011 3.18591 2.68622 3.96592</i>
                        <i>-0.00820151 0.999955 -0.00480193 -0.0822974 -0.00546078 -0.996593 -0.996574 -0.00777838 0.0823384 3.18634 2.68583 3.96589</i>
                        <i>-0.00825878 0.999957 -0.0042953 -0.0821428 -0.00495934 -0.996608 -0.996586 -0.00787794 0.0821802 3.18675 2.6854 3.96587</i>
                        <i>-0.00833141 0.999958 -0.0038189 -0.0819943 -0.00448932 -0.996623 -0.996598 -0.00799015 0.0820282 3.18713 2.68497 3.96584</i>
                        <i>-0.00841607 0.999959 -0.00338022 -0.0818536 -0.0040579 -0.996636 -0.996609 -0.00811107 0.0818844 3.18749 2.68455 3.96582</i>
                        <i>-0.00850927 0.999959 -0.0029868 -0.0817229 -0.00367234 -0.996648 -0.996619 -0.00823666 0.0817509 3.18782 2.68418 3.9658</i>
                        <i>-0.0086075 0.999959 -0.00264616 -0.0816042 -0.00333986 -0.996659 -0.996628 -0.00836281 0.0816296 3.18812 2.68388 3.96578</i>
                        <i>-0.00870722 0.999959 -0.00236583 -0.0814995 -0.00306771 -0.996669 -0.996635 -0.0084854 0.0815229 3.18838 2.68366 3.96576</i>
                        <i>-0.00880479 0.999959 -0.00215337 -0.0814109 -0.00286314 -0.996677 -0.996642 -0.00860022 0.0814328 3.1886 2.68357 3.96575</i>
                        <i>-0.00889665 0.999958 -0.00201629 -0.0813404 -0.00273337 -0.996683 -0.996647 -0.00870313 0.0813613 3.18878 2.68362 3.96574</i>
                        <i>-0.00897927 0.999958 -0.00196208 -0.08129 -0.00268562 -0.996687 -0.99665 -0.00879002 0.0813106 3.18891 2.68384 3.96573</i>
                        <i>-0.00905942 0.999957 -0.00216418 -0.0812703 -0.0028934 -0.996688 -0.996651 -0.00885353 0.081293 3.189 2.68425 3.96572</i>
                        <i>-0.00914754 0.999954 -0.00274854 -0.0812895 -0.00348318 -0.996684 -0.996649 -0.00889378 0.0813176 3.18903 2.68488 3.96572</i>
                        <i>-0.0092459 0.999951 -0.00365129 -0.0813449 -0.00439147 -0.996676 -0.996643 -0.00891815 0.0813815 3.18901 2.68576 3.96572</i>
                        <i>-0.00935699 0.999945 -0.00480845 -0.0814328 -0.00555468 -0.996663 -0.996635 -0.00893421 0.0814803 3.18894 2.6869 3.96573</i>
                        <i>-0.00970167 0.999934 -0.00614239 -0.0815935 -0.00691381 -0.996642 -0.996618 -0.00916791 0.0816552 3.18866 2.6884 3.96574</i>
                        <i>-0.0104582 0.999917 -0.00757646 -0.0818501 -0.00840748 -0.996609 -0.99659 -0.00980259 0.0819312 3.18809 2.69031 3.96578</i>
                        <i>-0.0115671 0.999892 -0.00904813 -0.0821734 -0.00996866 -0.996568 -0.996551 -0.0107839 0.0822798 3.18725 2.6938 3.96583</i>
                        <i>-0.0129697 0.999861 -0.0104954 -0.0825372 -0.011531 -0.996521 -0.996504 -0.0120583 0.0826753 3.18621 2.69951 3.9659</i>
                        <i>-0.0146052 0.999823 -0.0118575 -0.0829195 -0.013029 -0.996471 -0.996449 -0.0135704 0.0830951 3.185 2.70661 3.96598</i>
                        <i>-0.0164102 0.99978 -0.013075 -0.0833032 -0.0143984 -0.99642 -0.996389 -0.0152623 0.0835211 3.18367 2.71431 3.96607</i>
                        <i>-0.0183175 0.999733 -0.01409 -0.0836761 -0.0155758 -0.996371 -0.996325 -0.017072 0.0839391 3.18227 2.72179 3.96616</i>
                        <i>-0.0202555 0.999685 -0.0148461 -0.0840313 -0.0164988 -0.996327 -0.996257 -0.0189336 0.084339 3.18084 2.72824 3.96625</i>
                        <i>-0.022149 0.999638 -0.0152877 -0.0843659 -0.0171058 -0.996288 -0.996189 -0.020777 0.0847142 3.17944 2.73287 3.96635</i>
                        <i>-0.0239194 0.999596 -0.0153602 -0.0846802 -0.0173352 -0.996257 -0.996121 -0.0225292 0.0850606 3.17811 2.73486 3.96644</i>
                        <i>-0.0250742 0.999569 -0.0152725 -0.0849677 -0.017353 -0.996233 -0.996068 -0.0236821 0.0853662 3.17691 2.73522 3.96652</i>
                        <i>-0.0252446 0.999565 -0.015264 -0.0852133 -0.0173649 -0.996211 -0.996043 -0.0238482 0.0856146 3.17588 2.73549 3.96659</i>
                        <i>-0.0245336 0.999582 -0.015326 -0.0854053 -0.0173703 -0.996195 -0.996044 -0.0231313 0.0857957 3.17507 2.73567 3.96664</i>
                        <i>-0.0230431 0.999615 -0.0154509 -0.0855322 -0.0173696 -0.996184 -0.996069 -0.0216337 0.0858995 3.17454 2.73578 3.96668</i>
                        <i>-0.0208762 0.99966 -0.0156313 -0.0855822 -0.0173641 -0.99618 -0.996112 -0.0194587 0.0859156 3.17433 2.73582 3.9667</i>
                        <i>-0.0181611 0.999709 -0.0158577 -0.0855465 -0.0173558 -0.996183 -0.996169 -0.0167352 0.0858369 3.17448 2.7339 3.96669</i>
                        <i>-0.0151423 0.999756 -0.0161106 -0.0854324 -0.0173471 -0.996193 -0.996229 -0.0137083 0.0856741 3.17497 2.72864 3.96665</i>
                        <i>-0.0121016 0.999793 -0.0163666 -0.0852516 -0.0173398 -0.996209 -0.996286 -0.0106604 0.0854438 3.17573 2.7208 3.9666</i>
                        <i>-0.00932289 0.999819 -0.0166017 -0.0850163 -0.0173348 -0.996229 -0.996336 -0.00787632 0.0851625 3.17671 2.71113 3.96653</i>
                        <i>-0.00709219 0.999834 -0.0167913 -0.0847385 -0.0173322 -0.996252 -0.996378 -0.00564274 0.0848473 3.17787 2.70041 3.96645</i>
                        <i>-0.00574704 0.999842 -0.0167948 -0.0844326 -0.0172202 -0.99628 -0.996413 -0.00430764 0.0845182 3.17916 2.68938 3.96637</i>
                        <i>-0.00532352 0.999849 -0.0165265 -0.0841081 -0.0169159 -0.996313 -0.996442 -0.00391388 0.0841855 3.18051 2.67883 3.96627</i>
                        <i>-0.00565548 0.999855 -0.0160444 -0.0837711 -0.016462 -0.996349 -0.996469 -0.00429077 0.0838521 3.18189 2.6695 3.96618</i>
                        <i>-0.00657257 0.99986 -0.0154083 -0.0834297 -0.0159032 -0.996387 -0.996492 -0.00526332 0.0835225 3.18324 2.66217 3.96609</i>
                        <i>-0.00789717 0.999861 -0.0146804 -0.0830944 -0.0152863 -0.996424 -0.99651 -0.00664907 0.0832036 3.18452 2.65761 3.96601</i>
                        <i>-0.00944184 0.999858 -0.0139266 -0.082779 -0.014661 -0.99646 -0.996523 -0.00825558 0.0829057 3.18567 2.65955 3.96594</i>
                        <i>-0.0110086 0.999852 -0.0132156 -0.0824999 -0.0140796 -0.996492 -0.99653 -0.00987965 0.0826427 3.18665 2.66841 3.96587</i>
                        <i>-0.0123899 0.999844 -0.0126186 -0.082276 -0.0135962 -0.996517 -0.996533 -0.0113086 0.0824316 3.1874 2.67994 3.96582</i>
                        <i>-0.0133731 0.999836 -0.0122079 -0.0821273 -0.0132661 -0.996534 -0.996532 -0.0123242 0.0822913 3.18789 2.68992 3.96579</i>
                        <i>-0.0137466 0.999833 -0.0120554 -0.0820737 -0.0131441 -0.99654 -0.996531 -0.0127096 0.0822406 3.18807 2.69411 3.96578</i>
                        <i>-0.014263 0.999828 -0.0118621 -0.0820679 -0.0129939 -0.996542 -0.996525 -0.0132402 0.0822391 3.18806 2.69398 3.96578</i>
                        <i>-0.0155076 0.999815 -0.0114001 -0.0820549 -0.0126355 -0.996548 -0.996507 -0.0145186 0.0822356 3.18805 2.69385 3.96578</i>
                        <i>-0.0170234 0.999796 -0.0108459 -0.0820409 -0.0122076 -0.996554 -0.996484 -0.0160749 0.082232 3.18803 2.69371 3.96578</i>
                        <i>-0.0183532 0.999778 -0.0103765 -0.0820323 -0.011849 -0.996559 -0.996461 -0.0174388 0.0822316 3.188 2.69357 3.96579</i>
                        <i>-0.0190401 0.999767 -0.0101692 -0.0820354 -0.0116989 -0.996561 -0.996448 -0.0181403 0.082239 3.18797 2.69342 3.96579</i>
                        <i>-0.01901 0.999768 -0.0101743 -0.0820474 -0.0117017 -0.99656 -0.996447 -0.0181098 0.0822508 3.18793 2.69326 3.96579</i>
                        <i>-0.0185668 0.999775 -0.0102178 -0.0820616 -0.0117089 -0.996558 -0.996454 -0.0176644 0.0822606 3.18788 2.69311 3.96579</i>
                        <i>-0.0178209 0.999788 -0.0102898 -0.0820779 -0.0117196 -0.996557 -0.996467 -0.0169149 0.0822694 3.18782 2.69295 3.9658</i>
                        <i>-0.0168826 0.999804 -0.0103806 -0.0820962 -0.0117331 -0.996555 -0.996481 -0.0159722 0.0822781 3.18776 2.69279 3.9658</i>
                        <i>-0.0158622 0.999819 -0.0104803 -0.0821163 -0.0117488 -0.996553 -0.996496 -0.0149469 0.0822878 3.1877 2.69262 3.96581</i>
                        <i>-0.0148694 0.999833 -0.0105792 -0.0821382 -0.011766 -0.996552 -0.99651 -0.0139492 0.0822995 3.18762 2.69245 3.96581</i>
                        <i>-0.014014 0.999845 -0.0106676 -0.0821618 -0.011784 -0.996549 -0.99652 -0.0130891 0.0823142 3.18754 2.69228 3.96582</i>
                        <i>-0.013405 0.999853 -0.0107358 -0.082187 -0.0118022 -0.996547 -0.996527 -0.0124763 0.0823331 3.18746 2.69212 3.96582</i>
                        <i>-0.0131512 0.999855 -0.0107742 -0.0822138 -0.0118198 -0.996545 -0.996528 -0.01222 0.0823574 3.18737 2.69195 3.96583</i>
                        <i>-0.0133613 0.999853 -0.0107731 -0.082242 -0.0118364 -0.996542 -0.996523 -0.0124291 0.082388 3.18727 2.69178 3.96583</i>
                        <i>-0.0138398 0.999846 -0.0107497 -0.0822716 -0.0118529 -0.996539 -0.996514 -0.0129075 0.082423 3.18717 2.69161 3.96584</i>
                        <i>-0.0143186 0.99984 -0.0107276 -0.0823027 -0.0118708 -0.996537 -0.996504 -0.0133861 0.0824595 3.18706 2.69145 3.96585</i>
                        <i>-0.0147962 0.999833 -0.0107069 -0.0823351 -0.01189 -0.996534 -0.996495 -0.0138634 0.0824973 3.18695 2.69128 3.96585</i>
                        <i>-0.0152711 0.999826 -0.0106876 -0.0823688 -0.0119104 -0.996531 -0.996485 -0.0143378 0.0825364 3.18684 2.69112 3.96586</i>
                        <i>-0.0157418 0.999819 -0.0106697 -0.0824037 -0.011932 -0.996528 -0.996475 -0.0148079 0.0825767 3.18672 2.69096 3.96587</i>
                        <i>-0.0162068 0.999812 -0.0106535 -0.0824398 -0.0119548 -0.996524 -0.996464 -0.0152722 0.0826181 3.1866 2.69081 3.96588</i>
                        <i>-0.0166646 0.999805 -0.0106389 -0.0824771 -0.0119787 -0.996521 -0.996454 -0.0157291 0.0826605 3.18647 2.69065 3.96588</i>
                        <i>-0.0171136 0.999797 -0.010626 -0.0825153 -0.0120036 -0.996517 -0.996443 -0.0161772 0.082704 3.18634 2.69051 3.96589</i>
                        <i>-0.0175523 0.99979 -0.0106149 -0.0825545 -0.0120295 -0.996514 -0.996432 -0.0166148 0.0827483 3.1862 2.69037 3.9659</i>
                        <i>-0.0179791 0.999782 -0.0106057 -0.0825946 -0.0120563 -0.99651 -0.996421 -0.0170404 0.0827934 3.18606 2.69023 3.96591</i>
                        <i>-0.0183925 0.999775 -0.0105984 -0.0826356 -0.012084 -0.996507 -0.99641 -0.0174524 0.0828392 3.18592 2.6901 3.96592</i>
                        <i>-0.0187909 0.999767 -0.0105932 -0.0826774 -0.0121125 -0.996503 -0.996399 -0.0178494 0.0828857 3.18578 2.68998 3.96593</i>
                        <i>-0.0191728 0.99976 -0.0105901 -0.0827198 -0.0121419 -0.996499 -0.996388 -0.0182296 0.0829328 3.18563 2.68987 3.96594</i>
                        <i>-0.0195365 0.999753 -0.0105891 -0.082763 -0.0121719 -0.996495 -0.996378 -0.0185916 0.0829803 3.18548 2.68976 3.96595</i>
                        <i>-0.0198804 0.999746 -0.0105905 -0.0828067 -0.0122026 -0.996491 -0.996367 -0.0189337 0.0830283 3.18533 2.68966 3.96596</i>
                        <i>-0.0202031 0.99974 -0.0105942 -0.082851 -0.012234 -0.996487 -0.996357 -0.0192544 0.0830766 3.18518 2.68957 3.96597</i>
                        <i>-0.0205028 0.999734 -0.0106003 -0.0828957 -0.0122659 -0.996483 -0.996347 -0.0195519 0.0831251 3.18502 2.68949 3.96598</i>
                        <i>-0.0207779 0.999728 -0.010609 -0.0829409 -0.0122983 -0.996479 -0.996338 -0.0198249 0.0831738 3.18486 2.68942 3.96599</i>
                        <i>-0.021027 0.999722 -0.0106203 -0.0829864 -0.0123312 -0.996474 -0.996329 -0.0200715 0.0832226 3.1847 2.68936 3.966</i>
                        <i>-0.0212483 0.999718 -0.0106343 -0.0830322 -0.0123645 -0.99647 -0.99632 -0.0202903 0.0832715 3.18454 2.68931 3.96601</i>
                        <i>-0.0214402 0.999713 -0.0106511 -0.0830782 -0.0123982 -0.996466 -0.996312 -0.0204796 0.0833202 3.18438 2.68927 3.96602</i>
                        <i>-0.0215368 0.999711 -0.0106764 -0.0831245 -0.0124325 -0.996462 -0.996306 -0.0205732 0.0833682 3.18422 2.68925 3.96603</i>
                        <i>-0.0214828 0.999712 -0.0107152 -0.0831708 -0.0124676 -0.996457 -0.996304 -0.0205155 0.0834147 3.18405 2.68923 3.96604</i>
                        <i>-0.0212924 0.999715 -0.010766 -0.0832172 -0.0125033 -0.996453 -0.996304 -0.020321 0.0834597 3.18389 2.68923 3.96605</i>
                        <i>-0.0209804 0.999721 -0.0108276 -0.0832636 -0.0125395 -0.996449 -0.996307 -0.0200043 0.0835035 3.18372 2.68925 3.96606</i>
                        <i>-0.0205614 0.999729 -0.0108986 -0.0833099 -0.0125762 -0.996444 -0.996312 -0.0195803 0.083546 3.18356 2.68928 3.96607</i>
                        <i>-0.02005 0.999739 -0.0109777 -0.0833562 -0.0126132 -0.99644 -0.996318 -0.0190636 0.0835873 3.18339 2.68932 3.96608</i>
