<?xml version="1.0" encoding="ISO-8859-1" ?>
<Animl Version="1">
    <ModellingPackage><![CDATA[Maya.2010]]></ModellingPackage>
    <SrcFile><![CDATA[anims\turrets\antiair\red\~src\aa_gladiator\aa_gladiator_aim_low_crewman_d.mb]]></SrcFile>
    <FramesPerSecond>30</FramesPerSecond>
    <TotalFrames>60</TotalFrames>
    <Skeleton>
        <RefFrame>
            <Name><![CDATA[soldier_ref_frame]]></Name>
            <Exclude>0</Exclude>
            <Additive>0</Additive>
            <IKPriority>0</IKPriority>
            <IKRotLimits>-1e+010 -1e+010 -1e+010 1e+010 1e+010 1e+010</IKRotLimits>
            <IKRotLimitOrder>0</IKRotLimitOrder>
            <KeyFrames count="60">
                <i>1 0 0 0 1 0 0 0 1 -1.57 4.72 5.74</i>
                <i>1 0 0 0 1 0 0 0 1 -1.57 4.72 5.74</i>
                <i>1 0 0 0 1 0 0 0 1 -1.57 4.72 5.74</i>
                <i>1 0 0 0 1 0 0 0 1 -1.57 4.72 5.74</i>
                <i>1 0 0 0 1 0 0 0 1 -1.57 4.72 5.74</i>
                <i>1 0 0 0 1 0 0 0 1 -1.57 4.72 5.74</i>
                <i>1 0 0 0 1 0 0 0 1 -1.57 4.72 5.74</i>
                <i>1 0 0 0 1 0 0 0 1 -1.57 4.72 5.74</i>
                <i>1 0 0 0 1 0 0 0 1 -1.57 4.72 5.74</i>
                <i>1 0 0 0 1 0 0 0 1 -1.57 4.72 5.74</i>
                <i>1 0 0 0 1 0 0 0 1 -1.57 4.72 5.74</i>
                <i>1 0 0 0 1 0 0 0 1 -1.57 4.72 5.74</i>
                <i>1 0 0 0 1 0 0 0 1 -1.57 4.72 5.74</i>
                <i>1 0 0 0 1 0 0 0 1 -1.57 4.72 5.74</i>
                <i>1 0 0 0 1 0 0 0 1 -1.57 4.72 5.74</i>
                <i>1 0 0 0 1 0 0 0 1 -1.57 4.72 5.74</i>
                <i>1 0 0 0 1 0 0 0 1 -1.57 4.72 5.74</i>
                <i>1 0 0 0 1 0 0 0 1 -1.57 4.72 5.74</i>
                <i>1 0 0 0 1 0 0 0 1 -1.57 4.72 5.74</i>
                <i>1 0 0 0 1 0 0 0 1 -1.57 4.72 5.74</i>
                <i>1 0 0 0 1 0 0 0 1 -1.57 4.72 5.74</i>
                <i>1 0 0 0 1 0 0 0 1 -1.57 4.72 5.74</i>
                <i>1 0 0 0 1 0 0 0 1 -1.57 4.72 5.74</i>
                <i>1 0 0 0 1 0 0 0 1 -1.57 4.72 5.74</i>
                <i>1 0 0 0 1 0 0 0 1 -1.57 4.72 5.74</i>
                <i>1 0 0 0 1 0 0 0 1 -1.57 4.72 5.74</i>
                <i>1 0 0 0 1 0 0 0 1 -1.57 4.72 5.74</i>
                <i>1 0 0 0 1 0 0 0 1 -1.57 4.72 5.74</i>
                <i>1 0 0 0 1 0 0 0 1 -1.57 4.72 5.74</i>
                <i>1 0 0 0 1 0 0 0 1 -1.57 4.72 5.74</i>
                <i>1 0 0 0 1 0 0 0 1 -1.57 4.72 5.74</i>
                <i>1 0 0 0 1 0 0 0 1 -1.57 4.72 5.74</i>
                <i>1 0 0 0 1 0 0 0 1 -1.57 4.72 5.74</i>
                <i>1 0 0 0 1 0 0 0 1 -1.57 4.72 5.74</i>
                <i>1 0 0 0 1 0 0 0 1 -1.57 4.72 5.74</i>
                <i>1 0 0 0 1 0 0 0 1 -1.57 4.72 5.74</i>
                <i>1 0 0 0 1 0 0 0 1 -1.57 4.72 5.74</i>
                <i>1 0 0 0 1 0 0 0 1 -1.57 4.72 5.74</i>
                <i>1 0 0 0 1 0 0 0 1 -1.57 4.72 5.74</i>
                <i>1 0 0 0 1 0 0 0 1 -1.57 4.72 5.74</i>
                <i>1 0 0 0 1 0 0 0 1 -1.57 4.72 5.74</i>
                <i>1 0 0 0 1 0 0 0 1 -1.57 4.72 5.74</i>
                <i>1 0 0 0 1 0 0 0 1 -1.57 4.72 5.74</i>
                <i>1 0 0 0 1 0 0 0 1 -1.57 4.72 5.74</i>
                <i>1 0 0 0 1 0 0 0 1 -1.57 4.72 5.74</i>
                <i>1 0 0 0 1 0 0 0 1 -1.57 4.72 5.74</i>
                <i>1 0 0 0 1 0 0 0 1 -1.57 4.72 5.74</i>
                <i>1 0 0 0 1 0 0 0 1 -1.57 4.72 5.74</i>
                <i>1 0 0 0 1 0 0 0 1 -1.57 4.72 5.74</i>
                <i>1 0 0 0 1 0 0 0 1 -1.57 4.72 5.74</i>
                <i>1 0 0 0 1 0 0 0 1 -1.57 4.72 5.74</i>
                <i>1 0 0 0 1 0 0 0 1 -1.57 4.72 5.74</i>
                <i>1 0 0 0 1 0 0 0 1 -1.57 4.72 5.74</i>
                <i>1 0 0 0 1 0 0 0 1 -1.57 4.72 5.74</i>
                <i>1 0 0 0 1 0 0 0 1 -1.57 4.72 5.74</i>
                <i>1 0 0 0 1 0 0 0 1 -1.57 4.72 5.74</i>
                <i>1 0 0 0 1 0 0 0 1 -1.57 4.72 5.74</i>
                <i>1 0 0 0 1 0 0 0 1 -1.57 4.72 5.74</i>
                <i>1 0 0 0 1 0 0 0 1 -1.57 4.72 5.74</i>
                <i>1 0 0 0 1 0 0 0 1 -1.57 4.72 5.74</i>
            </KeyFrames>
        </RefFrame>
        <Bones count="23">
            <i>
                <p>
                    <Name><![CDATA[pelvis]]></Name>
                    <Exclude>0</Exclude>
                    <Additive>0</Additive>
                    <IKPriority>0</IKPriority>
                    <IKRotLimits>-1e+010 -1e+010 -1e+010 1e+010 1e+010 1e+010</IKRotLimits>
                    <IKRotLimitOrder>2</IKRotLimitOrder>
                    <KeyFrames count="60">
                        <i>1 0 0 0 1 0 0 0 1 -1.56492 5.89623 5.74665</i>
                        <i>1 0 0 0 1 0 0 0 1 -1.56492 5.89609 5.74665</i>
                        <i>1 0 0 0 1 0 0 0 1 -1.56492 5.89593 5.74665</i>
                        <i>1 0 0 0 1 0 0 0 1 -1.56492 5.89577 5.74665</i>
                        <i>1 0 0 0 1 0 0 0 1 -1.56492 5.8956 5.74665</i>
                        <i>1 0 0 0 1 0 0 0 1 -1.56492 5.89543 5.74665</i>
                        <i>1 0 0 0 1 0 0 0 1 -1.56492 5.89525 5.74665</i>
                        <i>1 0 0 0 1 0 0 0 1 -1.56492 5.89506 5.74665</i>
                        <i>1 0 0 0 1 0 0 0 1 -1.56492 5.89488 5.74665</i>
                        <i>1 0 0 0 1 0 0 0 1 -1.56492 5.89469 5.74665</i>
                        <i>1 0 0 0 1 0 0 0 1 -1.56492 5.8945 5.74665</i>
                        <i>1 0 0 0 1 0 0 0 1 -1.56492 5.89431 5.74665</i>
                        <i>1 0 0 0 1 0 0 0 1 -1.56492 5.89412 5.74665</i>
                        <i>1 0 0 0 1 0 0 0 1 -1.56492 5.89393 5.74665</i>
                        <i>1 0 0 0 1 0 0 0 1 -1.56492 5.89375 5.74665</i>
                        <i>1 0 0 0 1 0 0 0 1 -1.56492 5.89357 5.74665</i>
                        <i>1 0 0 0 1 0 0 0 1 -1.56492 5.89339 5.74665</i>
                        <i>1 0 0 0 1 0 0 0 1 -1.56492 5.89322 5.74665</i>
                        <i>1 0 0 0 1 0 0 0 1 -1.56492 5.89305 5.74665</i>
                        <i>1 0 0 0 1 0 0 0 1 -1.56492 5.89289 5.74665</i>
                        <i>1 0 0 0 1 0 0 0 1 -1.56492 5.89274 5.74665</i>
                        <i>1 0 0 0 1 0 0 0 1 -1.56492 5.89259 5.74665</i>
                        <i>1 0 0 0 1 0 0 0 1 -1.56492 5.89246 5.74665</i>
                        <i>1 0 0 0 1 0 0 0 1 -1.56492 5.89234 5.74665</i>
                        <i>1 0 0 0 1 0 0 0 1 -1.56492 5.89222 5.74665</i>
                        <i>1 0 0 0 1 0 0 0 1 -1.56492 5.89212 5.74665</i>
                        <i>1 0 0 0 1 0 0 0 1 -1.56492 5.89204 5.74665</i>
                        <i>1 0 0 0 1 0 0 0 1 -1.56492 5.89196 5.74665</i>
                        <i>1 0 0 0 1 0 0 0 1 -1.56492 5.8919 5.74665</i>
                        <i>1 0 0 0 1 0 0 0 1 -1.56492 5.89186 5.74665</i>
                        <i>1 0 0 0 1 0 0 0 1 -1.56492 5.89183 5.74665</i>
                        <i>1 0 0 0 1 0 0 0 1 -1.56492 5.89182 5.74665</i>
                        <i>1 0 0 0 1 0 0 0 1 -1.56492 5.89185 5.74665</i>
                        <i>1 0 0 0 1 0 0 0 1 -1.56492 5.89191 5.74665</i>
                        <i>1 0 0 0 1 0 0 0 1 -1.56492 5.89201 5.74665</i>
                        <i>1 0 0 0 1 0 0 0 1 -1.56492 5.89214 5.74665</i>
                        <i>1 0 0 0 1 0 0 0 1 -1.56492 5.8923 5.74665</i>
                        <i>1 0 0 0 1 0 0 0 1 -1.56492 5.89249 5.74665</i>
                        <i>1 0 0 0 1 0 0 0 1 -1.56492 5.8927 5.74665</i>
                        <i>1 0 0 0 1 0 0 0 1 -1.56492 5.89293 5.74665</i>
                        <i>1 0 0 0 1 0 0 0 1 -1.56492 5.89318 5.74665</i>
                        <i>1 0 0 0 1 0 0 0 1 -1.56492 5.89344 5.74665</i>
                        <i>1 0 0 0 1 0 0 0 1 -1.56492 5.8937 5.74665</i>
                        <i>1 0 0 0 1 0 0 0 1 -1.56492 5.89398 5.74665</i>
                        <i>1 0 0 0 1 0 0 0 1 -1.56492 5.89425 5.74665</i>
                        <i>1 0 0 0 1 0 0 0 1 -1.56492 5.89453 5.74665</i>
                        <i>1 0 0 0 1 0 0 0 1 -1.56492 5.8948 5.74665</i>
                        <i>1 0 0 0 1 0 0 0 1 -1.56492 5.89506 5.74665</i>
                        <i>1 0 0 0 1 0 0 0 1 -1.56492 5.8953 5.74665</i>
                        <i>1 0 0 0 1 0 0 0 1 -1.56492 5.89554 5.74665</i>
                        <i>1 0 0 0 1 0 0 0 1 -1.56492 5.89575 5.74665</i>
                        <i>1 0 0 0 1 0 0 0 1 -1.56492 5.89594 5.74665</i>
                        <i>1 0 0 0 1 0 0 0 1 -1.56492 5.8961 5.74665</i>
                        <i>1 0 0 0 1 0 0 0 1 -1.56492 5.89624 5.74665</i>
                        <i>1 0 0 0 1 0 0 0 1 -1.56492 5.89634 5.74665</i>
                        <i>1 0 0 0 1 0 0 0 1 -1.56492 5.89641 5.74665</i>
                        <i>1 0 0 0 1 0 0 0 1 -1.56492 5.89643 5.74665</i>
                        <i>1 0 0 0 1 0 0 0 1 -1.56492 5.89641 5.74665</i>
                        <i>1 0 0 0 1 0 0 0 1 -1.56492 5.89635 5.74665</i>
                        <i>1 0 0 0 1 0 0 0 1 -1.56492 5.89623 5.74665</i>
                    </KeyFrames>
                </p>
            </i>
            <i>
                <p>
                    <Name><![CDATA[spine0]]></Name>
                    <Exclude>0</Exclude>
                    <Additive>0</Additive>
                    <IKPriority>0</IKPriority>
                    <IKRotLimits>-1e+010 -1e+010 -1e+010 1e+010 1e+010 1e+010</IKRotLimits>
                    <IKRotLimitOrder>0</IKRotLimitOrder>
                    <KeyFrames count="60">
                        <i>-0.00672444 0.999732 -0.022139 -0.999977 -0.00672609 1.28682e-014 -0.000148909 0.0221385 0.999755 -1.56875 6.03183 5.69875</i>
                        <i>-0.00672446 0.999731 -0.0221831 -0.999977 -0.00672612 -2.41867e-013 -0.000149206 0.0221826 0.999754 -1.56875 6.03169 5.69875</i>
                        <i>-0.00672454 0.999728 -0.0223109 -0.999977 -0.00672621 -3.38826e-014 -0.000150068 0.0223104 0.999751 -1.56875 6.03153 5.69875</i>
                        <i>-0.00672465 0.999724 -0.0225161 -0.999977 -0.00672635 8.74908e-014 -0.000151452 0.0225156 0.999747 -1.56875 6.03137 5.69875</i>
                        <i>-0.00672479 0.999718 -0.0227923 -0.999977 -0.00672654 -2.72334e-013 -0.000153313 0.0227918 0.99974 -1.56875 6.0312 5.69875</i>
                        <i>-0.00672498 0.99971 -0.023133 -0.999977 -0.00672678 -7.16441e-016 -0.000155611 0.0231325 0.999732 -1.56875 6.03103 5.69875</i>
                        <i>-0.00672519 0.9997 -0.0235318 -0.999977 -0.00672706 -6.15844e-014 -0.0001583 0.0235313 0.999723 -1.56875 6.03085 5.69875</i>
                        <i>-0.00672543 0.99969 -0.0239823 -0.999977 -0.00672737 -4.69092e-013 -0.000161338 0.0239817 0.999712 -1.56875 6.03066 5.69875</i>
                        <i>-0.0067257 0.999678 -0.024478 -0.999977 -0.00672772 -5.43784e-014 -0.000164681 0.0244775 0.9997 -1.56875 6.03048 5.69875</i>
                        <i>-0.00672599 0.999664 -0.0250126 -0.999977 -0.00672809 3.33917e-014 -0.000168287 0.025012 0.999687 -1.56875 6.03029 5.69875</i>
                        <i>-0.0067263 0.99965 -0.0255795 -0.999977 -0.0067285 -1.38969e-013 -0.000172112 0.0255789 0.999673 -1.56875 6.0301 5.69875</i>
                        <i>-0.00672662 0.999635 -0.0261724 -0.999977 -0.00672892 8.11191e-014 -0.000176112 0.0261718 0.999657 -1.56875 6.02991 5.69875</i>
                        <i>-0.00672695 0.999619 -0.0267849 -0.999977 -0.00672936 3.43822e-015 -0.000180245 0.0267843 0.999641 -1.56875 6.02972 5.69875</i>
                        <i>-0.00672729 0.999602 -0.0274105 -0.999977 -0.00672981 2.89001e-013 -0.000184467 0.0274098 0.999624 -1.56875 6.02953 5.69875</i>
                        <i>-0.00672763 0.999584 -0.0280428 -0.999977 -0.00673027 -5.4505e-015 -0.000188735 0.0280421 0.999607 -1.56875 6.02935 5.69875</i>
                        <i>-0.00672797 0.999566 -0.0286753 -0.999977 -0.00673074 -1.59312e-013 -0.000193006 0.0286747 0.999589 -1.56875 6.02917 5.69875</i>
                        <i>-0.00672831 0.999548 -0.0293018 -0.999977 -0.0067312 1.22008e-013 -0.000197236 0.0293011 0.999571 -1.56875 6.02899 5.69875</i>
                        <i>-0.00672865 0.99953 -0.0299157 -0.999977 -0.00673166 -1.71644e-013 -0.000201382 0.029915 0.999552 -1.56875 6.02882 5.69875</i>
                        <i>-0.00672898 0.999512 -0.0305106 -0.999977 -0.00673211 1.44334e-013 -0.000205401 0.0305099 0.999534 -1.56875 6.02865 5.69875</i>
                        <i>-0.00672929 0.999494 -0.0310802 -0.999977 -0.00673254 3.50379e-014 -0.000209249 0.0310795 0.999517 -1.56875 6.02849 5.69875</i>
                        <i>-0.00672959 0.999477 -0.0316179 -0.999977 -0.00673296 1.82201e-013 -0.000212882 0.0316172 0.9995 -1.56875 6.02834 5.69875</i>
                        <i>-0.00672987 0.999461 -0.0321175 -0.999977 -0.00673335 -2.13003e-013 -0.000216258 0.0321168 0.999484 -1.56875 6.02819 5.69875</i>
                        <i>-0.00673014 0.999447 -0.0325725 -0.999977 -0.00673371 -2.23765e-013 -0.000219334 0.0325718 0.999469 -1.56875 6.02806 5.69875</i>
                        <i>-0.00673037 0.999433 -0.0329765 -0.999977 -0.00673404 -1.83759e-013 -0.000222065 0.0329758 0.999456 -1.56875 6.02794 5.69875</i>
                        <i>-0.00673058 0.999422 -0.0333231 -0.999977 -0.00673432 -1.98841e-013 -0.000224409 0.0333223 0.999445 -1.56875 6.02782 5.69875</i>
                        <i>-0.00673076 0.999412 -0.0336059 -0.999977 -0.00673456 2.17187e-014 -0.000226321 0.0336051 0.999435 -1.56875 6.02772 5.69875</i>
                        <i>-0.00673091 0.999405 -0.0338185 -0.999977 -0.00673476 -4.40516e-014 -0.000227759 0.0338177 0.999428 -1.56875 6.02763 5.69875</i>
                        <i>-0.00673101 0.999401 -0.0339545 -0.999977 -0.0067349 1.38067e-013 -0.00022868 0.0339537 0.999423 -1.56875 6.02756 5.69875</i>
                        <i>-0.00673108 0.999399 -0.0340138 -0.999977 -0.00673498 2.52402e-013 -0.000229082 0.0340131 0.999421 -1.56875 6.0275 5.69875</i>
                        <i>-0.0067311 0.999399 -0.0339995 -0.999977 -0.006735 9.51877e-014 -0.000228987 0.0339988 0.999422 -1.56875 6.02746 5.69875</i>
                        <i>-0.00673108 0.999402 -0.0339126 -0.999977 -0.00673495 1.78094e-013 -0.0002284 0.0339118 0.999425 -1.56875 6.02743 5.69875</i>
                        <i>-0.00673102 0.999407 -0.0337585 -0.999977 -0.00673486 1.40315e-013 -0.000227359 0.0337577 0.99943 -1.56875 6.02742 5.69875</i>
                        <i>-0.00673092 0.999415 -0.0335422 -0.999977 -0.0067347 -1.28741e-013 -0.000225897 0.0335414 0.999437 -1.56875 6.02745 5.69875</i>
                        <i>-0.00673078 0.999424 -0.0332686 -0.999977 -0.00673451 1.53769e-013 -0.000224047 0.0332678 0.999446 -1.56875 6.02751 5.69875</i>
                        <i>-0.00673061 0.999435 -0.0329425 -0.999977 -0.00673426 2.87e-013 -0.000221844 0.0329418 0.999457 -1.56875 6.02761 5.69875</i>
                        <i>-0.00673041 0.999447 -0.032569 -0.999977 -0.00673399 -1.25382e-013 -0.000219319 0.0325682 0.99947 -1.56875 6.02774 5.69875</i>
                        <i>-0.00673019 0.99946 -0.0321529 -0.999977 -0.00673367 -1.30652e-013 -0.000216507 0.0321521 0.999483 -1.56875 6.0279 5.69875</i>
                        <i>-0.00672994 0.999475 -0.031699 -0.999977 -0.00673332 -5.62744e-015 -0.00021344 0.0316983 0.999497 -1.56875 6.02809 5.69875</i>
                        <i>-0.00672967 0.99949 -0.0312125 -0.999977 -0.00673295 -3.47731e-013 -0.000210152 0.0312118 0.999513 -1.56875 6.0283 5.69875</i>
                        <i>-0.00672938 0.999506 -0.030698 -0.999977 -0.00673255 1.29584e-014 -0.000206676 0.0306973 0.999529 -1.56875 6.02853 5.69875</i>
                        <i>-0.00672908 0.999522 -0.0301606 -0.999977 -0.00673214 -1.82042e-014 -0.000203046 0.0301599 0.999545 -1.56875 6.02878 5.69875</i>
                        <i>-0.00672876 0.999539 -0.0296052 -0.999977 -0.00673172 -1.09463e-013 -0.000199294 0.0296045 0.999562 -1.56875 6.02904 5.69875</i>
                        <i>-0.00672844 0.999556 -0.0290366 -0.999977 -0.00673128 -1.28987e-013 -0.000195453 0.0290359 0.999578 -1.56875 6.0293 5.69875</i>
                        <i>-0.00672811 0.999572 -0.0284598 -0.999977 -0.00673084 1.86183e-013 -0.000191558 0.0284592 0.999595 -1.56875 6.02958 5.69875</i>
                        <i>-0.00672778 0.999589 -0.0278797 -0.999977 -0.00673039 3.71612e-014 -0.000187642 0.0278791 0.999611 -1.56875 6.02985 5.69875</i>
                        <i>-0.00672745 0.999605 -0.0273013 -0.999977 -0.00672995 -1.19366e-013 -0.000183737 0.0273007 0.999627 -1.56875 6.03013 5.69875</i>
                        <i>-0.00672712 0.99962 -0.0267294 -0.999977 -0.00672952 2.38113e-013 -0.000179876 0.0267288 0.999643 -1.56875 6.0304 5.69875</i>
                        <i>-0.00672679 0.999635 -0.0261691 -0.999977 -0.0067291 -3.26631e-014 -0.000176094 0.0261685 0.999658 -1.56875 6.03065 5.69875</i>
                        <i>-0.00672648 0.999649 -0.0256251 -0.999977 -0.00672869 1.27998e-013 -0.000172423 0.0256245 0.999672 -1.56875 6.0309 5.69875</i>
                        <i>-0.00672617 0.999662 -0.0251025 -0.999977 -0.00672829 -1.64636e-013 -0.000168897 0.0251019 0.999685 -1.56875 6.03114 5.69875</i>
                        <i>-0.00672588 0.999675 -0.0246062 -0.999977 -0.00672792 9.86451e-014 -0.000165549 0.0246057 0.999697 -1.56875 6.03135 5.69875</i>
                        <i>-0.00672561 0.999686 -0.0241412 -0.999977 -0.00672758 -1.77216e-013 -0.000162412 0.0241406 0.999709 -1.56875 6.03154 5.69875</i>
                        <i>-0.00672536 0.999696 -0.0237123 -0.999977 -0.00672726 1.11688e-013 -0.000159519 0.0237118 0.999719 -1.56875 6.0317 5.69875</i>
                        <i>-0.00672514 0.999705 -0.0233246 -0.999977 -0.00672697 -8.29944e-014 -0.000156904 0.0233241 0.999728 -1.56875 6.03184 5.69875</i>
                        <i>-0.00672494 0.999713 -0.0229829 -0.999977 -0.00672671 -1.84667e-013 -0.0001546 0.0229824 0.999736 -1.56875 6.03194 5.69875</i>
                        <i>-0.00672477 0.99972 -0.0226923 -0.999977 -0.0067265 1.64452e-013 -0.00015264 0.0226918 0.999743 -1.56875 6.03201 5.69875</i>
                        <i>-0.00672463 0.999725 -0.0224577 -0.999977 -0.00672633 -1.46072e-013 -0.000151058 0.0224572 0.999748 -1.56875 6.03203 5.69875</i>
                        <i>-0.00672453 0.999729 -0.022284 -0.999977 -0.0067262 -3.80772e-013 -0.000149886 0.0222834 0.999752 -1.56875 6.03201 5.69875</i>
                        <i>-0.00672446 0.999731 -0.0221761 -0.999977 -0.00672612 -4.17298e-013 -0.000149159 0.0221756 0.999754 -1.56875 6.03195 5.69875</i>
                        <i>-0.00672444 0.999732 -0.022139 -0.999977 -0.00672609 1.28682e-014 -0.000148909 0.0221385 0.999755 -1.56875 6.03183 5.69875</i>
                    </KeyFrames>
                </p>
            </i>
            <i>
                <p>
                    <Name><![CDATA[spine1]]></Name>
                    <Exclude>0</Exclude>
                    <Additive>0</Additive>
                    <IKPriority>0</IKPriority>
                    <IKRotLimits>-1e+010 -1e+010 -1e+010 1e+010 1e+010 1e+010</IKRotLimits>
                    <IKRotLimitOrder>0</IKRotLimitOrder>
                    <KeyFrames count="60">
                        <i>0.020124 0.994817 0.0996689 -0.999797 0.0201017 0.00122814 -0.000781739 -0.0996734 0.99502 -1.5699 6.20326 5.69496</i>
                        <i>0.0201238 0.994825 0.0995866 -0.999797 0.0201015 0.00122801 -0.000780186 -0.0995911 0.995028 -1.5699 6.20311 5.69495</i>
                        <i>0.0201232 0.994849 0.0993477 -0.999797 0.0201007 0.00122761 -0.000775675 -0.0993522 0.995052 -1.5699 6.20296 5.69493</i>
                        <i>0.0201223 0.994887 0.0989647 -0.999797 0.0200996 0.00122699 -0.000768432 -0.0989693 0.99509 -1.5699 6.2028 5.69489</i>
                        <i>0.020121 0.994939 0.09845 -0.999797 0.020098 0.00122617 -0.000758685 -0.0984547 0.995141 -1.5699 6.20263 5.69485</i>
                        <i>0.0201195 0.995001 0.097816 -0.999797 0.020096 0.00122518 -0.000746658 -0.0978208 0.995204 -1.5699 6.20246 5.69479</i>
                        <i>0.0201177 0.995074 0.0970749 -0.999797 0.0200938 0.00122406 -0.000732575 -0.0970799 0.995276 -1.5699 6.20229 5.69472</i>
                        <i>0.0201156 0.995155 0.0962394 -0.999797 0.0200912 0.00122282 -0.000716666 -0.0962445 0.995358 -1.5699 6.20211 5.69464</i>
                        <i>0.0201134 0.995243 0.0953215 -0.999797 0.0200884 0.00122151 -0.000699154 -0.0953268 0.995446 -1.5699 6.20193 5.69456</i>
                        <i>0.0201109 0.995337 0.0943339 -0.999798 0.0200854 0.00122016 -0.000680266 -0.0943393 0.99554 -1.5699 6.20175 5.69446</i>
                        <i>0.0201084 0.995436 0.0932888 -0.999798 0.0200823 0.00121878 -0.000660228 -0.0932944 0.995638 -1.5699 6.20157 5.69437</i>
                        <i>0.0201057 0.995538 0.0921986 -0.999798 0.020079 0.00121742 -0.000639263 -0.0922044 0.99574 -1.5699 6.20139 5.69426</i>
                        <i>0.0201029 0.995641 0.0910758 -0.999798 0.0200756 0.0012161 -0.000617599 -0.0910818 0.995843 -1.5699 6.20121 5.69416</i>
                        <i>0.0201001 0.995745 0.0899327 -0.999798 0.0200722 0.00121486 -0.000595457 -0.0899389 0.995947 -1.5699 6.20103 5.69405</i>
                        <i>0.0200972 0.995848 0.0887816 -0.999798 0.0200687 0.00121371 -0.000573064 -0.0887881 0.99605 -1.5699 6.20085 5.69394</i>
                        <i>0.0200944 0.99595 0.0876351 -0.999798 0.0200653 0.00121269 -0.000550643 -0.0876418 0.996152 -1.5699 6.20068 5.69383</i>
                        <i>0.0200916 0.996049 0.0865054 -0.999798 0.0200619 0.00121184 -0.000528416 -0.0865123 0.996251 -1.5699 6.2005 5.69373</i>
                        <i>0.0200888 0.996144 0.0854049 -0.999798 0.0200587 0.00121117 -0.000506606 -0.085412 0.996346 -1.5699 6.20034 5.69362</i>
                        <i>0.0200861 0.996234 0.0843462 -0.999798 0.0200555 0.00121072 -0.000485438 -0.0843534 0.996436 -1.5699 6.20018 5.69352</i>
                        <i>0.0200836 0.996319 0.0833414 -0.999798 0.0200524 0.00121052 -0.000465131 -0.0833489 0.99652 -1.5699 6.20003 5.69342</i>
                        <i>0.0200811 0.996397 0.082403 -0.999798 0.0200496 0.0012106 -0.000445909 -0.0824107 0.996598 -1.5699 6.19988 5.69333</i>
                        <i>0.0200789 0.996467 0.0815435 -0.999798 0.0200469 0.00121098 -0.000427993 -0.0815514 0.996669 -1.5699 6.19974 5.69324</i>
                        <i>0.0200768 0.99653 0.0807752 -0.999798 0.0200444 0.00121169 -0.000411604 -0.0807832 0.996732 -1.5699 6.19961 5.69316</i>
                        <i>0.020075 0.996584 0.0801105 -0.999798 0.0200422 0.00121277 -0.000396963 -0.0801187 0.996785 -1.5699 6.1995 5.69309</i>
                        <i>0.0200734 0.996628 0.0795617 -0.999798 0.0200403 0.00121424 -0.000384293 -0.07957 0.996829 -1.5699 6.19939 5.69303</i>
                        <i>0.020072 0.996661 0.0791413 -0.999798 0.0200386 0.00121613 -0.000373815 -0.0791498 0.996863 -1.5699 6.19929 5.69298</i>
                        <i>0.020071 0.996683 0.0788617 -0.999799 0.0200373 0.00121847 -0.000365749 -0.0788703 0.996885 -1.5699 6.19921 5.69295</i>
                        <i>0.0200703 0.996693 0.0787353 -0.999798 0.0200364 0.00122129 -0.000360318 -0.0787439 0.996895 -1.5699 6.19914 5.69292</i>
                        <i>0.02007 0.996692 0.0787507 -0.999798 0.0200358 0.0012243 -0.000357581 -0.0787594 0.996894 -1.5699 6.19908 5.69291</i>
                        <i>0.02007 0.996682 0.0788854 -0.999798 0.0200356 0.00122706 -0.000357524 -0.0788941 0.996883 -1.5699 6.19904 5.69292</i>
                        <i>0.0200703 0.996662 0.0791332 -0.999798 0.0200358 0.00122947 -0.000360131 -0.0791419 0.996863 -1.5699 6.19901 5.69293</i>
                        <i>0.0200709 0.996634 0.079486 -0.999799 0.0200364 0.00123156 -0.000365201 -0.0794947 0.996835 -1.5699 6.199 5.69296</i>
                        <i>0.0200718 0.996598 0.0799358 -0.999798 0.0200374 0.00123334 -0.000372558 -0.0799445 0.996799 -1.5699 6.19902 5.69299</i>
                        <i>0.020073 0.996554 0.0804746 -0.999798 0.0200387 0.00123484 -0.00038202 -0.0804832 0.996756 -1.5699 6.19908 5.69304</i>
                        <i>0.0200745 0.996504 0.0810945 -0.999798 0.0200403 0.00123607 -0.000393411 -0.081103 0.996706 -1.5699 6.19917 5.6931</i>
                        <i>0.0200762 0.996448 0.0817875 -0.999798 0.0200421 0.00123704 -0.000406552 -0.0817959 0.996649 -1.5699 6.1993 5.69316</i>
                        <i>0.020078 0.996385 0.0825457 -0.999798 0.0200443 0.00123778 -0.000421266 -0.0825539 0.996587 -1.5699 6.19946 5.69323</i>
                        <i>0.0200801 0.996317 0.0833611 -0.999798 0.0200466 0.00123829 -0.000437375 -0.0833691 0.996519 -1.5699 6.19964 5.69331</i>
                        <i>0.0200823 0.996244 0.0842257 -0.999798 0.0200492 0.00123861 -0.000454699 -0.0842336 0.996446 -1.5699 6.19985 5.6934</i>
                        <i>0.0200846 0.996167 0.0851316 -0.999798 0.020052 0.00123874 -0.000473061 -0.0851393 0.996369 -1.5699 6.20007 5.69348</i>
                        <i>0.0200871 0.996086 0.0860708 -0.999798 0.0200549 0.0012387 -0.000492283 -0.0860783 0.996288 -1.5699 6.20031 5.69358</i>
                        <i>0.0200896 0.996003 0.0870354 -0.999798 0.0200579 0.00123851 -0.000512185 -0.0870427 0.996204 -1.5699 6.20056 5.69367</i>
                        <i>0.0200922 0.995916 0.0880174 -0.999798 0.0200611 0.00123819 -0.00053259 -0.0880245 0.996118 -1.5699 6.20083 5.69377</i>
                        <i>0.0200948 0.995828 0.0890088 -0.999798 0.0200643 0.00123775 -0.000553317 -0.0890157 0.99603 -1.5699 6.20109 5.69387</i>
                        <i>0.0200975 0.995739 0.0900018 -0.999798 0.0200676 0.0012372 -0.000574187 -0.0900084 0.995941 -1.5699 6.20136 5.69397</i>
                        <i>0.0201002 0.995649 0.0909882 -0.999798 0.0200709 0.00123658 -0.00059502 -0.0909946 0.995851 -1.5699 6.20163 5.69407</i>
                        <i>0.0201028 0.99556 0.0919603 -0.999798 0.0200742 0.00123588 -0.000615638 -0.0919665 0.995762 -1.5699 6.20189 5.69417</i>
                        <i>0.0201054 0.995472 0.0929099 -0.999798 0.0200775 0.00123513 -0.000635859 -0.092916 0.995674 -1.5699 6.20214 5.69426</i>
                        <i>0.0201079 0.995385 0.0938293 -0.999798 0.0200807 0.00123435 -0.000655503 -0.0938351 0.995588 -1.5699 6.20238 5.69436</i>
                        <i>0.0201103 0.995302 0.0947104 -0.999798 0.0200838 0.00123355 -0.00067439 -0.094716 0.995504 -1.5699 6.2026 5.69445</i>
                        <i>0.0201126 0.995222 0.0955453 -0.999797 0.0200867 0.00123274 -0.000692339 -0.0955508 0.995424 -1.5699 6.20281 5.69453</i>
                        <i>0.0201147 0.995147 0.096326 -0.999797 0.0200895 0.00123195 -0.000709167 -0.0963313 0.995349 -1.5699 6.20299 5.69461</i>
                        <i>0.0201167 0.995077 0.0970446 -0.999797 0.0200921 0.0012312 -0.000724696 -0.0970497 0.995279 -1.5699 6.20315 5.69469</i>
                        <i>0.0201185 0.995013 0.0976932 -0.999797 0.0200945 0.00123049 -0.000738743 -0.0976982 0.995216 -1.5699 6.20328 5.69475</i>
                        <i>0.0201201 0.994957 0.0982638 -0.999797 0.0200965 0.00122984 -0.000751125 -0.0982686 0.99516 -1.5699 6.20338 5.69481</i>
                        <i>0.0201215 0.994909 0.0987485 -0.999797 0.0200983 0.00122927 -0.000761663 -0.0987532 0.995112 -1.5699 6.20344 5.69486</i>
                        <i>0.0201226 0.99487 0.0991393 -0.999797 0.0200998 0.0012288 -0.000770175 -0.0991439 0.995073 -1.5699 6.20346 5.6949</i>
                        <i>0.0201234 0.994841 0.0994282 -0.999797 0.0201008 0.00122845 -0.000776479 -0.0994328 0.995044 -1.5699 6.20344 5.69493</i>
                        <i>0.0201239 0.994823 0.0996074 -0.999797 0.0201015 0.00122822 -0.000780394 -0.0996119 0.995026 -1.5699 6.20337 5.69495</i>
                        <i>0.020124 0.994817 0.0996689 -0.999797 0.0201017 0.00122814 -0.000781739 -0.0996734 0.99502 -1.5699 6.20326 5.69496</i>
                    </KeyFrames>
                </p>
            </i>
            <i>
                <p>
                    <Name><![CDATA[spine2]]></Name>
                    <Exclude>0</Exclude>
                    <Additive>0</Additive>
                    <IKPriority>0</IKPriority>
                    <IKRotLimits>-1e+010 -1e+010 -1e+010 1e+010 1e+010 1e+010</IKRotLimits>
                    <IKRotLimitOrder>0</IKRotLimitOrder>
                    <KeyFrames count="60">
                        <i>0.0138404 0.951735 0.306609 -0.999901 0.0139881 0.00171565 -0.00265604 -0.306603 0.951834 -1.56672 6.36032 5.7107</i>
                        <i>0.0138405 0.951749 0.306564 -0.999901 0.0139882 0.00171548 -0.00265555 -0.306557 0.951849 -1.56672 6.36018 5.71068</i>
                        <i>0.0138409 0.951792 0.306433 -0.999901 0.0139883 0.00171501 -0.00265415 -0.306426 0.951891 -1.56672 6.36003 5.71062</i>
                        <i>0.0138415 0.951859 0.306224 -0.999901 0.0139886 0.00171427 -0.0026519 -0.306217 0.951958 -1.56672 6.35988 5.71052</i>
                        <i>0.0138423 0.951949 0.305944 -0.999901 0.0139889 0.00171329 -0.00264886 -0.305937 0.952048 -1.56672 6.35973 5.71039</i>
                        <i>0.0138433 0.952059 0.3056 -0.999901 0.0139893 0.00171212 -0.0026451 -0.305594 0.952158 -1.56672 6.35957 5.71024</i>
                        <i>0.0138444 0.952188 0.305201 -0.999901 0.0139898 0.00171079 -0.00264071 -0.305194 0.952287 -1.56672 6.35942 5.71005</i>
                        <i>0.0138457 0.952331 0.304752 -0.999901 0.0139903 0.00170934 -0.00263573 -0.304745 0.95243 -1.56672 6.35926 5.70984</i>
                        <i>0.0138472 0.952488 0.304262 -0.999901 0.0139909 0.0017078 -0.00263024 -0.304255 0.952587 -1.56672 6.3591 5.70961</i>
                        <i>0.0138487 0.952655 0.303738 -0.999901 0.0139915 0.00170622 -0.00262431 -0.303731 0.952754 -1.56672 6.35895 5.70937</i>
                        <i>0.0138504 0.952831 0.303187 -0.999901 0.0139922 0.00170464 -0.00261801 -0.30318 0.95293 -1.56672 6.35879 5.70911</i>
                        <i>0.0138521 0.953012 0.302616 -0.999901 0.0139928 0.00170308 -0.0026114 -0.30261 0.953111 -1.56672 6.35863 5.70883</i>
                        <i>0.0138539 0.953197 0.302034 -0.999901 0.0139935 0.00170159 -0.00260456 -0.302027 0.953296 -1.56672 6.35848 5.70855</i>
                        <i>0.0138557 0.953382 0.301446 -0.999901 0.0139942 0.0017002 -0.00259755 -0.30144 0.953482 -1.56672 6.35832 5.70826</i>
                        <i>0.0138575 0.953567 0.300862 -0.999901 0.0139948 0.00169896 -0.00259043 -0.300856 0.953666 -1.56672 6.35817 5.70797</i>
                        <i>0.0138593 0.953748 0.300288 -0.999901 0.0139954 0.00169789 -0.00258329 -0.300282 0.953847 -1.56672 6.35803 5.70768</i>
                        <i>0.0138612 0.953923 0.299731 -0.999901 0.013996 0.00169705 -0.00257619 -0.299725 0.954022 -1.56672 6.35788 5.7074</i>
                        <i>0.0138629 0.95409 0.2992 -0.999901 0.0139966 0.00169645 -0.0025692 -0.299193 0.954189 -1.56672 6.35774 5.70712</i>
                        <i>0.0138647 0.954246 0.2987 -0.999901 0.0139971 0.00169615 -0.00256238 -0.298694 0.954345 -1.56673 6.3576 5.70685</i>
                        <i>0.0138663 0.95439 0.298241 -0.999901 0.0139975 0.00169618 -0.0025558 -0.298235 0.954489 -1.56673 6.35747 5.7066</i>
                        <i>0.0138678 0.954519 0.297828 -0.999901 0.0139978 0.00169657 -0.00254954 -0.297822 0.954618 -1.56673 6.35735 5.70636</i>
                        <i>0.0138693 0.95463 0.297471 -0.999901 0.0139981 0.00169737 -0.00254366 -0.297465 0.954729 -1.56673 6.35723 5.70613</i>
                        <i>0.0138706 0.954722 0.297175 -0.999901 0.0139982 0.0016986 -0.00253823 -0.297169 0.954821 -1.56673 6.35712 5.70594</i>
                        <i>0.0138717 0.954792 0.296949 -0.999901 0.0139983 0.00170032 -0.00253333 -0.296943 0.954892 -1.56673 6.35702 5.70576</i>
                        <i>0.0138727 0.954839 0.2968 -0.999901 0.0139982 0.00170255 -0.00252901 -0.296794 0.954938 -1.56673 6.35692 5.70562</i>
                        <i>0.0138735 0.954859 0.296736 -0.999901 0.013998 0.00170534 -0.00252535 -0.29673 0.954958 -1.56673 6.35684 5.7055</i>
                        <i>0.0138741 0.95485 0.296763 -0.999901 0.0139976 0.00170871 -0.00252241 -0.296757 0.95495 -1.56673 6.35676 5.70542</i>
                        <i>0.0138745 0.954811 0.296889 -0.999901 0.0139971 0.00171271 -0.00252028 -0.296884 0.95491 -1.56673 6.35669 5.70538</i>
                        <i>0.0138746 0.954748 0.297091 -0.999901 0.0139965 0.00171694 -0.00251899 -0.297086 0.954847 -1.56673 6.35664 5.70537</i>
                        <i>0.0138745 0.954674 0.297331 -0.999901 0.0139959 0.00172079 -0.00251861 -0.297325 0.954773 -1.56673 6.35659 5.70539</i>
                        <i>0.0138742 0.954591 0.297597 -0.999901 0.0139953 0.0017241 -0.00251914 -0.297591 0.95469 -1.56673 6.35656 5.70545</i>
                        <i>0.0138738 0.9545 0.297889 -0.999901 0.0139947 0.00172692 -0.00252052 -0.297883 0.954599 -1.56673 6.35655 5.70553</i>
                        <i>0.0138731 0.954401 0.298205 -0.999901 0.0139941 0.00172929 -0.00252269 -0.298199 0.9545 -1.56673 6.35656 5.70564</i>
                        <i>0.0138723 0.954296 0.298541 -0.999901 0.0139936 0.00173123 -0.00252557 -0.298536 0.954395 -1.56673 6.35661 5.70577</i>
                        <i>0.0138713 0.954185 0.298896 -0.999901 0.0139931 0.00173276 -0.00252912 -0.298891 0.954284 -1.56673 6.35669 5.70592</i>
                        <i>0.0138702 0.954068 0.299267 -0.999901 0.0139926 0.00173391 -0.00253327 -0.299262 0.954168 -1.56673 6.3568 5.7061</i>
                        <i>0.013869 0.953948 0.299652 -0.999901 0.0139922 0.00173471 -0.00253796 -0.299646 0.954047 -1.56673 6.35694 5.70629</i>
                        <i>0.0138677 0.953823 0.300048 -0.999901 0.0139917 0.00173518 -0.00254313 -0.300042 0.953923 -1.56673 6.35711 5.70649</i>
                        <i>0.0138662 0.953696 0.300452 -0.999901 0.0139913 0.00173535 -0.00254872 -0.300446 0.953795 -1.56673 6.35729 5.70671</i>
                        <i>0.0138647 0.953567 0.300862 -0.999901 0.0139909 0.00173525 -0.00255467 -0.300857 0.953666 -1.56673 6.3575 5.70694</i>
                        <i>0.0138632 0.953436 0.301277 -0.999901 0.0139906 0.0017349 -0.00256092 -0.301271 0.953535 -1.56672 6.35772 5.70718</i>
                        <i>0.0138616 0.953305 0.301692 -0.999901 0.0139903 0.00173432 -0.00256741 -0.301686 0.953404 -1.56672 6.35795 5.70743</i>
                        <i>0.0138599 0.953174 0.302106 -0.999901 0.0139899 0.00173355 -0.00257408 -0.3021 0.953273 -1.56672 6.35818 5.70768</i>
                        <i>0.0138583 0.953043 0.302517 -0.999901 0.0139897 0.00173261 -0.00258086 -0.302511 0.953142 -1.56672 6.35843 5.70794</i>
                        <i>0.0138566 0.952915 0.302922 -0.999901 0.0139894 0.00173153 -0.0025877 -0.302916 0.953014 -1.56672 6.35867 5.70819</i>
                        <i>0.013855 0.952789 0.303318 -0.999901 0.0139892 0.00173033 -0.00259454 -0.303311 0.952888 -1.56672 6.35891 5.70845</i>
                        <i>0.0138533 0.952666 0.303703 -0.999901 0.013989 0.00172903 -0.00260131 -0.303697 0.952765 -1.56672 6.35915 5.7087</i>
                        <i>0.0138517 0.952548 0.304075 -0.999901 0.0139888 0.00172767 -0.00260795 -0.304068 0.952647 -1.56672 6.35938 5.70895</i>
                        <i>0.0138502 0.952434 0.304431 -0.999901 0.0139887 0.00172628 -0.00261442 -0.304424 0.952533 -1.56672 6.35959 5.70918</i>
                        <i>0.0138487 0.952326 0.304768 -0.999901 0.0139886 0.00172486 -0.00262063 -0.304762 0.952425 -1.56672 6.3598 5.70941</i>
                        <i>0.0138473 0.952224 0.305085 -0.999901 0.0139884 0.00172346 -0.00262655 -0.305079 0.952323 -1.56672 6.35998 5.70963</i>
                        <i>0.013846 0.95213 0.305379 -0.999901 0.0139884 0.0017221 -0.00263209 -0.305373 0.952229 -1.56672 6.36015 5.70983</i>
                        <i>0.0138448 0.952044 0.305648 -0.999901 0.0139883 0.0017208 -0.00263721 -0.305641 0.952143 -1.56672 6.36029 5.71002</i>
                        <i>0.0138437 0.951967 0.305888 -0.999901 0.0139882 0.00171959 -0.00264184 -0.305882 0.952066 -1.56672 6.3604 5.71019</i>
                        <i>0.0138427 0.951899 0.306098 -0.999901 0.0139882 0.00171849 -0.00264593 -0.306092 0.951998 -1.56672 6.36048 5.71033</i>
                        <i>0.0138419 0.951842 0.306276 -0.999901 0.0139881 0.00171754 -0.00264941 -0.306269 0.951941 -1.56672 6.36053 5.71046</i>
                        <i>0.0138413 0.951796 0.306418 -0.999901 0.0139881 0.00171675 -0.00265222 -0.306411 0.951895 -1.56672 6.36054 5.71056</i>
                        <i>0.0138408 0.951763 0.306523 -0.999901 0.0139881 0.00171616 -0.0026543 -0.306516 0.951862 -1.56672 6.36051 5.71064</i>
                        <i>0.0138405 0.951742 0.306587 -0.999901 0.0139881 0.00171578 -0.00265559 -0.30658 0.951841 -1.56672 6.36044 5.71068</i>
                        <i>0.0138404 0.951735 0.306609 -0.999901 0.0139881 0.00171565 -0.00265604 -0.306603 0.951834 -1.56672 6.36032 5.7107</i>
                    </KeyFrames>
                </p>
            </i>
            <i>
                <p>
                    <Name><![CDATA[head]]></Name>
                    <Exclude>0</Exclude>
                    <Additive>0</Additive>
                    <IKPriority>0</IKPriority>
                    <IKRotLimits>-1e+010 -1e+010 -1e+010 1e+010 1e+010 1e+010</IKRotLimits>
                    <IKRotLimitOrder>0</IKRotLimitOrder>
                    <KeyFrames count="60">
                        <i>-4.89867e-010 0.999382 0.0351606 -9.16665e-011 0.0351606 -0.999382 -1 -1.51202e-009 -4.06789e-010 -1.56492 6.6075 5.78359</i>
                        <i>1.13184e-009 0.999382 0.0351484 -6.69594e-011 0.0351484 -0.999382 -1 -1.94915e-010 2.99845e-010 -1.56492 6.60736 5.78357</i>
                        <i>-3.90447e-010 0.999383 0.0351136 -2.821e-010 0.0351136 -0.999383 -1 7.07855e-010 2.41059e-010 -1.56492 6.60722 5.78349</i>
                        <i>-9.70215e-011 0.999385 0.0350591 -1.13094e-010 0.0350591 -0.999385 -1 1.05836e-009 7.46034e-011 -1.56492 6.60708 5.78336</i>
                        <i>-1.74132e-009 0.999388 0.0349874 2.47834e-010 0.0349874 -0.999388 -1 1.00938e-009 2.03895e-010 -1.56492 6.60695 5.78318</i>
                        <i>2.1443e-010 0.999391 0.0349013 6.0723e-011 0.0349013 -0.999391 -1 8.51134e-010 -3.98134e-011 -1.56492 6.60681 5.78297</i>
                        <i>-7.39798e-011 0.999394 0.0348036 -3.49853e-010 0.0348036 -0.999394 -1 -2.65839e-009 -1.943e-010 -1.56492 6.60668 5.78272</i>
                        <i>-1.19909e-009 0.999398 0.0346969 -1.80735e-010 0.0346969 -0.999398 -1 1.19791e-009 1.65513e-010 -1.56492 6.60655 5.78245</i>
                        <i>-6.61499e-011 0.999402 0.034584 -3.91672e-011 0.034584 -0.999402 -1 2.05972e-010 3.68029e-011 -1.56492 6.60642 5.78214</i>
                        <i>3.74282e-010 0.999406 0.0344676 -7.41117e-011 0.0344676 -0.999406 -1 -3.27135e-009 6.25439e-011 -1.56492 6.6063 5.78181</i>
                        <i>1.97178e-009 0.99941 0.0343504 4.9207e-010 0.0343505 -0.99941 -1 7.45143e-010 -3.85551e-010 -1.56492 6.60617 5.78147</i>
                        <i>6.66906e-010 0.999414 0.0342352 -3.27047e-010 0.0342352 -0.999414 -1 -4.70373e-010 -3.86053e-010 -1.56492 6.60605 5.78111</i>
                        <i>-5.8387e-010 0.999417 0.0341246 -1.27418e-010 0.0341246 -0.999418 -1 2.31875e-009 -1.35224e-010 -1.56492 6.60593 5.78074</i>
                        <i>1.63716e-011 0.999421 0.0340214 2.13515e-010 0.0340214 -0.999421 -1 7.59641e-010 -5.35307e-011 -1.56492 6.60581 5.78036</i>
                        <i>-7.98609e-010 0.999424 0.0339283 -1.80795e-010 0.0339283 -0.999424 -1 -7.83153e-010 -1.10526e-010 -1.56492 6.60569 5.77999</i>
