<?xml version="1.0" encoding="ISO-8859-1" ?>
<Animl Version="1">
    <ModellingPackage><![CDATA[Maya.2010]]></ModellingPackage>
    <SrcFile><![CDATA[anims\turrets\antiair\red\~src\aa_gladiator\aa_gladiator_fire_crewman_a.mb]]></SrcFile>
    <FramesPerSecond>30</FramesPerSecond>
    <TotalFrames>70</TotalFrames>
    <Skeleton>
        <RefFrame>
            <Name><![CDATA[soldier_ref_frame]]></Name>
            <Exclude>0</Exclude>
            <Additive>0</Additive>
            <IKPriority>0</IKPriority>
            <IKRotLimits>-1e+010 -1e+010 -1e+010 1e+010 1e+010 1e+010</IKRotLimits>
            <IKRotLimitOrder>0</IKRotLimitOrder>
            <KeyFrames count="70">
                <i>1 0 0 0 1 0 0 0 1 4.31 1.49 -2.5</i>
                <i>1 0 0 0 1 0 0 0 1 4.31 1.49 -2.5</i>
                <i>1 0 0 0 1 0 0 0 1 4.31 1.49 -2.5</i>
                <i>1 0 0 0 1 0 0 0 1 4.31 1.49 -2.5</i>
                <i>1 0 0 0 1 0 0 0 1 4.31 1.49 -2.5</i>
                <i>1 0 0 0 1 0 0 0 1 4.31 1.49 -2.5</i>
                <i>1 0 0 0 1 0 0 0 1 4.31 1.49 -2.5</i>
                <i>1 0 0 0 1 0 0 0 1 4.31 1.49 -2.5</i>
                <i>1 0 0 0 1 0 0 0 1 4.31 1.49 -2.5</i>
                <i>1 0 0 0 1 0 0 0 1 4.31 1.49 -2.5</i>
                <i>1 0 0 0 1 0 0 0 1 4.31 1.49 -2.5</i>
                <i>1 0 0 0 1 0 0 0 1 4.31 1.49 -2.5</i>
                <i>1 0 0 0 1 0 0 0 1 4.31 1.49 -2.5</i>
                <i>1 0 0 0 1 0 0 0 1 4.31 1.49 -2.5</i>
                <i>1 0 0 0 1 0 0 0 1 4.31 1.49 -2.5</i>
                <i>1 0 0 0 1 0 0 0 1 4.31 1.49 -2.5</i>
                <i>1 0 0 0 1 0 0 0 1 4.31 1.49 -2.5</i>
                <i>1 0 0 0 1 0 0 0 1 4.31 1.49 -2.5</i>
                <i>1 0 0 0 1 0 0 0 1 4.31 1.49 -2.5</i>
                <i>1 0 0 0 1 0 0 0 1 4.31 1.49 -2.5</i>
                <i>1 0 0 0 1 0 0 0 1 4.31 1.49 -2.5</i>
                <i>1 0 0 0 1 0 0 0 1 4.31 1.49 -2.5</i>
                <i>1 0 0 0 1 0 0 0 1 4.31 1.49 -2.5</i>
                <i>1 0 0 0 1 0 0 0 1 4.31 1.49 -2.5</i>
                <i>1 0 0 0 1 0 0 0 1 4.31 1.49 -2.5</i>
                <i>1 0 0 0 1 0 0 0 1 4.31 1.49 -2.5</i>
                <i>1 0 0 0 1 0 0 0 1 4.31 1.49 -2.5</i>
                <i>1 0 0 0 1 0 0 0 1 4.31 1.49 -2.5</i>
                <i>1 0 0 0 1 0 0 0 1 4.31 1.49 -2.5</i>
                <i>1 0 0 0 1 0 0 0 1 4.31 1.49 -2.5</i>
                <i>1 0 0 0 1 0 0 0 1 4.31 1.49 -2.5</i>
                <i>1 0 0 0 1 0 0 0 1 4.31 1.49 -2.5</i>
                <i>1 0 0 0 1 0 0 0 1 4.31 1.49 -2.5</i>
                <i>1 0 0 0 1 0 0 0 1 4.31 1.49 -2.5</i>
                <i>1 0 0 0 1 0 0 0 1 4.31 1.49 -2.5</i>
                <i>1 0 0 0 1 0 0 0 1 4.31 1.49 -2.5</i>
                <i>1 0 0 0 1 0 0 0 1 4.31 1.49 -2.5</i>
                <i>1 0 0 0 1 0 0 0 1 4.31 1.49 -2.5</i>
                <i>1 0 0 0 1 0 0 0 1 4.31 1.49 -2.5</i>
                <i>1 0 0 0 1 0 0 0 1 4.31 1.49 -2.5</i>
                <i>1 0 0 0 1 0 0 0 1 4.31 1.49 -2.5</i>
                <i>1 0 0 0 1 0 0 0 1 4.31 1.49 -2.5</i>
                <i>1 0 0 0 1 0 0 0 1 4.31 1.49 -2.5</i>
                <i>1 0 0 0 1 0 0 0 1 4.31 1.49 -2.5</i>
                <i>1 0 0 0 1 0 0 0 1 4.31 1.49 -2.5</i>
                <i>1 0 0 0 1 0 0 0 1 4.31 1.49 -2.5</i>
                <i>1 0 0 0 1 0 0 0 1 4.31 1.49 -2.5</i>
                <i>1 0 0 0 1 0 0 0 1 4.31 1.49 -2.5</i>
                <i>1 0 0 0 1 0 0 0 1 4.31 1.49 -2.5</i>
                <i>1 0 0 0 1 0 0 0 1 4.31 1.49 -2.5</i>
                <i>1 0 0 0 1 0 0 0 1 4.31 1.49 -2.5</i>
                <i>1 0 0 0 1 0 0 0 1 4.31 1.49 -2.5</i>
                <i>1 0 0 0 1 0 0 0 1 4.31 1.49 -2.5</i>
                <i>1 0 0 0 1 0 0 0 1 4.31 1.49 -2.5</i>
                <i>1 0 0 0 1 0 0 0 1 4.31 1.49 -2.5</i>
                <i>1 0 0 0 1 0 0 0 1 4.31 1.49 -2.5</i>
                <i>1 0 0 0 1 0 0 0 1 4.31 1.49 -2.5</i>
                <i>1 0 0 0 1 0 0 0 1 4.31 1.49 -2.5</i>
                <i>1 0 0 0 1 0 0 0 1 4.31 1.49 -2.5</i>
                <i>1 0 0 0 1 0 0 0 1 4.31 1.49 -2.5</i>
                <i>1 0 0 0 1 0 0 0 1 4.31 1.49 -2.5</i>
                <i>1 0 0 0 1 0 0 0 1 4.31 1.49 -2.5</i>
                <i>1 0 0 0 1 0 0 0 1 4.31 1.49 -2.5</i>
                <i>1 0 0 0 1 0 0 0 1 4.31 1.49 -2.5</i>
                <i>1 0 0 0 1 0 0 0 1 4.31 1.49 -2.5</i>
                <i>1 0 0 0 1 0 0 0 1 4.31 1.49 -2.5</i>
                <i>1 0 0 0 1 0 0 0 1 4.31 1.49 -2.5</i>
                <i>1 0 0 0 1 0 0 0 1 4.31 1.49 -2.5</i>
                <i>1 0 0 0 1 0 0 0 1 4.31 1.49 -2.5</i>
                <i>1 0 0 0 1 0 0 0 1 4.31 1.49 -2.5</i>
            </KeyFrames>
        </RefFrame>
        <Bones count="23">
            <i>
                <p>
                    <Name><![CDATA[pelvis]]></Name>
                    <Exclude>0</Exclude>
                    <Additive>0</Additive>
                    <IKPriority>0</IKPriority>
                    <IKRotLimits>-1e+010 -1e+010 -1e+010 1e+010 1e+010 1e+010</IKRotLimits>
                    <IKRotLimitOrder>2</IKRotLimitOrder>
                    <KeyFrames count="70">
                        <i>1 0 0 0 1 0 0 0 1 4.2664 2.12881 -2.66224</i>
                        <i>1 0 0 0 1 0 0 0 1 4.2664 2.12878 -2.66224</i>
                        <i>1 0 0 0 1 0 0 0 1 4.2664 2.12919 -2.66224</i>
                        <i>1 0 0 0 1 0 0 0 1 4.2664 2.12992 -2.66224</i>
                        <i>1 0 0 0 1 0 0 0 1 4.2664 2.13086 -2.66224</i>
                        <i>1 0 0 0 1 0 0 0 1 4.2664 2.13192 -2.66224</i>
                        <i>1 0 0 0 1 0 0 0 1 4.2664 2.13298 -2.66224</i>
                        <i>1 0 0 0 1 0 0 0 1 4.2664 2.13392 -2.66224</i>
                        <i>1 0 0 0 1 0 0 0 1 4.2664 2.13465 -2.66224</i>
                        <i>1 0 0 0 1 0 0 0 1 4.2664 2.13506 -2.66224</i>
                        <i>1 0 0 0 1 0 0 0 1 4.2664 2.13503 -2.66224</i>
                        <i>1 0 0 0 1 0 0 0 1 4.2664 2.13445 -2.66224</i>
                        <i>1 0 0 0 1 0 0 0 1 4.2664 2.13322 -2.66224</i>
                        <i>1 0 0 0 1 0 0 0 1 4.2664 2.13122 -2.66224</i>
                        <i>1 0 0 0 1 0 0 0 1 4.2664 2.12836 -2.66224</i>
                        <i>1 0 0 0 1 0 0 0 1 4.2664 2.12452 -2.66224</i>
                        <i>1 0 0 0 1 0 0 0 1 4.2664 2.1168 -2.66224</i>
                        <i>1 0 0 0 1 0 0 0 1 4.2664 2.10381 -2.66224</i>
                        <i>1 0 0 0 1 0 0 0 1 4.2664 2.08761 -2.66224</i>
                        <i>1 0 0 0 1 0 0 0 1 4.2664 2.07031 -2.66224</i>
                        <i>1 0 0 0 1 0 0 0 1 4.2664 2.05399 -2.66224</i>
                        <i>1 0 0 0 1 0 0 0 1 4.2664 2.04073 -2.66224</i>
                        <i>1 0 0 0 1 0 0 0 1 4.2664 2.03264 -2.66224</i>
                        <i>1 0 0 0 1 0 0 0 1 4.2664 2.02882 -2.66224</i>
                        <i>1 0 0 0 1 0 0 0 1 4.2664 2.02712 -2.66224</i>
                        <i>1 0 0 0 1 0 0 0 1 4.2664 2.02773 -2.66224</i>
                        <i>1 0 0 0 1 0 0 0 1 4.2664 2.03083 -2.66224</i>
                        <i>1 0 0 0 1 0 0 0 1 4.2664 2.03664 -2.66224</i>
                        <i>1 0 0 0 1 0 0 0 1 4.2664 2.04532 -2.66224</i>
                        <i>1 0 0 0 1 0 0 0 1 4.2664 2.05709 -2.66224</i>
                        <i>1 0 0 0 1 0 0 0 1 4.2664 2.07755 -2.66224</i>
                        <i>1 0 0 0 1 0 0 0 1 4.2664 2.10789 -2.66224</i>
                        <i>1 0 0 0 1 0 0 0 1 4.2664 2.14158 -2.66224</i>
                        <i>1 0 0 0 1 0 0 0 1 4.2664 2.17212 -2.66224</i>
                        <i>1 0 0 0 1 0 0 0 1 4.2664 2.19301 -2.66224</i>
                        <i>1 0 0 0 1 0 0 0 1 4.2664 2.20714 -2.66224</i>
                        <i>1 0 0 0 1 0 0 0 1 4.2664 2.22165 -2.66224</i>
                        <i>1 0 0 0 1 0 0 0 1 4.2664 2.23635 -2.66224</i>
                        <i>1 0 0 0 1 0 0 0 1 4.2664 2.25108 -2.66224</i>
                        <i>1 0 0 0 1 0 0 0 1 4.2664 2.26564 -2.66224</i>
                        <i>1 0 0 0 1 0 0 0 1 4.2664 2.27986 -2.66224</i>
                        <i>1 0 0 0 1 0 0 0 1 4.2664 2.29356 -2.66224</i>
                        <i>1 0 0 0 1 0 0 0 1 4.2664 2.30656 -2.66224</i>
                        <i>1 0 0 0 1 0 0 0 1 4.2664 2.31869 -2.66224</i>
                        <i>1 0 0 0 1 0 0 0 1 4.2664 2.32975 -2.66224</i>
                        <i>1 0 0 0 1 0 0 0 1 4.2664 2.33958 -2.66224</i>
                        <i>1 0 0 0 1 0 0 0 1 4.2664 2.348 -2.66224</i>
                        <i>1 0 0 0 1 0 0 0 1 4.2664 2.35481 -2.66224</i>
                        <i>1 0 0 0 1 0 0 0 1 4.2664 2.35986 -2.66224</i>
                        <i>1 0 0 0 1 0 0 0 1 4.2664 2.36295 -2.66224</i>
                        <i>1 0 0 0 1 0 0 0 1 4.2664 2.36391 -2.66224</i>
                        <i>1 0 0 0 1 0 0 0 1 4.2664 2.36256 -2.66224</i>
                        <i>1 0 0 0 1 0 0 0 1 4.2664 2.35055 -2.66224</i>
                        <i>1 0 0 0 1 0 0 0 1 4.2664 2.32315 -2.66224</i>
                        <i>1 0 0 0 1 0 0 0 1 4.2664 2.28559 -2.66224</i>
                        <i>1 0 0 0 1 0 0 0 1 4.2664 2.24312 -2.66224</i>
                        <i>1 0 0 0 1 0 0 0 1 4.2664 2.20097 -2.66224</i>
                        <i>1 0 0 0 1 0 0 0 1 4.2664 2.16437 -2.66224</i>
                        <i>1 0 0 0 1 0 0 0 1 4.2664 2.13858 -2.66224</i>
                        <i>1 0 0 0 1 0 0 0 1 4.2664 2.12881 -2.66224</i>
                        <i>1 0 0 0 1 0 0 0 1 4.2664 2.12881 -2.66224</i>
                        <i>1 0 0 0 1 0 0 0 1 4.2664 2.12881 -2.66224</i>
                        <i>1 0 0 0 1 0 0 0 1 4.2664 2.12881 -2.66224</i>
                        <i>1 0 0 0 1 0 0 0 1 4.2664 2.12881 -2.66224</i>
                        <i>1 0 0 0 1 0 0 0 1 4.2664 2.12881 -2.66224</i>
                        <i>1 0 0 0 1 0 0 0 1 4.2664 2.12881 -2.66224</i>
                        <i>1 0 0 0 1 0 0 0 1 4.2664 2.12881 -2.66224</i>
                        <i>1 0 0 0 1 0 0 0 1 4.2664 2.12881 -2.66224</i>
                        <i>1 0 0 0 1 0 0 0 1 4.2664 2.12881 -2.66224</i>
                        <i>1 0 0 0 1 0 0 0 1 4.2664 2.12881 -2.66224</i>
                    </KeyFrames>
                </p>
            </i>
            <i>
                <p>
                    <Name><![CDATA[spine0]]></Name>
                    <Exclude>0</Exclude>
                    <Additive>0</Additive>
                    <IKPriority>0</IKPriority>
                    <IKRotLimits>-1e+010 -1e+010 -1e+010 1e+010 1e+010 1e+010</IKRotLimits>
                    <IKRotLimitOrder>0</IKRotLimitOrder>
                    <KeyFrames count="70">
                        <i>0.0574598 0.976266 0.208812 -0.97094 0.00597377 0.239248 0.232323 -0.216491 0.948239 4.24616 2.26364 -2.70817</i>
                        <i>0.0580285 0.976033 0.209743 -0.970939 0.0063138 0.239244 0.232186 -0.21753 0.948035 4.24616 2.2636 -2.70817</i>
                        <i>0.0587535 0.975709 0.211044 -0.970937 0.00671928 0.239239 0.23201 -0.218966 0.947747 4.24616 2.26401 -2.70817</i>
                        <i>0.0596118 0.975307 0.212655 -0.970936 0.00718236 0.239233 0.231798 -0.220736 0.947389 4.24616 2.26474 -2.70817</i>
                        <i>0.0605811 0.97484 0.214517 -0.970933 0.00769556 0.239227 0.231557 -0.222775 0.94697 4.24616 2.26568 -2.70817</i>
                        <i>0.0616392 0.97432 0.216569 -0.970931 0.00825183 0.239219 0.231289 -0.225019 0.946505 4.24616 2.26674 -2.70817</i>
                        <i>0.0627642 0.973761 0.218748 -0.970927 0.00884454 0.239212 0.231 -0.227402 0.946006 4.24616 2.2678 -2.70817</i>
                        <i>0.0639341 0.973178 0.22099 -0.970923 0.0094675 0.239203 0.230695 -0.229858 0.945487 4.24616 2.26875 -2.70817</i>
                        <i>0.0651272 0.972588 0.223231 -0.970919 0.010115 0.239195 0.23038 -0.232317 0.944963 4.24616 2.26948 -2.70817</i>
                        <i>0.0663217 0.972006 0.225402 -0.970914 0.0107816 0.239185 0.230059 -0.234709 0.944449 4.24616 2.26988 -2.70817</i>
                        <i>0.067496 0.971451 0.227435 -0.970909 0.0114627 0.239176 0.229741 -0.236962 0.943964 4.24616 2.26985 -2.70817</i>
                        <i>0.0686284 0.970943 0.229258 -0.970903 0.0121537 0.239166 0.229431 -0.239001 0.943525 4.24616 2.26927 -2.70817</i>
                        <i>0.0696974 0.970502 0.230799 -0.970896 0.0128508 0.239157 0.229136 -0.240751 0.943152 4.24616 2.26804 -2.70817</i>
                        <i>0.0706817 0.970148 0.231983 -0.970889 0.0135505 0.239147 0.228864 -0.242133 0.942864 4.24616 2.26605 -2.70817</i>
                        <i>0.07156 0.969904 0.232734 -0.970881 0.0142498 0.239137 0.228623 -0.24307 0.942681 4.24616 2.26318 -2.70817</i>
                        <i>0.0723114 0.96979 0.232976 -0.970873 0.014946 0.239126 0.22842 -0.243482 0.942624 4.24616 2.25934 -2.70817</i>
                        <i>0.081977 0.969764 0.229864 -0.970747 0.0254684 0.238752 0.225679 -0.242712 0.943483 4.24745 2.25169 -2.70853</i>
                        <i>0.105818 0.96935 0.221728 -0.969938 0.051478 0.237844 0.21914 -0.240231 0.945657 4.25077 2.23879 -2.70946</i>
                        <i>0.13813 0.967842 0.210243 -0.967705 0.0866897 0.23671 0.210872 -0.23615 0.94856 4.25529 2.2226 -2.71073</i>
                        <i>0.173121 0.964976 0.197106 -0.963803 0.124785 0.23561 0.202762 -0.230761 0.95165 4.26018 2.20511 -2.71209</i>
                        <i>0.201621 0.962762 0.180105 -0.959276 0.156957 0.234851 0.197837 -0.220121 0.9552 4.2646 2.18846 -2.71333</i>
                        <i>0.217062 0.963084 0.159226 -0.955907 0.176659 0.234592 0.197803 -0.203127 0.958965 4.26777 2.17487 -2.71423</i>
                        <i>0.217075 0.966132 0.139524 -0.955127 0.18071 0.234683 0.201521 -0.184207 0.962007 4.2689 2.16663 -2.71455</i>
                        <i>0.20592 0.970721 0.123682 -0.95651 0.17298 0.234874 0.206603 -0.166668 0.964125 4.26829 2.16289 -2.71437</i>
                        <i>0.191219 0.975059 0.112677 -0.958591 0.16083 0.235024 0.211041 -0.152952 0.965436 4.26684 2.16136 -2.71396</i>
                        <i>0.174287 0.978676 0.108706 -0.961071 0.14503 0.235179 0.214398 -0.145463 0.965854 4.26473 2.16218 -2.71337</i>
                        <i>0.156055 0.981393 0.11187 -0.963647 0.126401 0.235387 0.216867 -0.144537 0.965442 4.2621 2.16551 -2.71263</i>
                        <i>0.137614 0.983196 0.119953 -0.965987 0.106454 0.235662 0.218933 -0.148303 0.964404 4.25914 2.1715 -2.7118</i>
                        <i>0.119222 0.984307 0.1301 -0.967928 0.0860408 0.236034 0.221136 -0.154068 0.962996 4.25601 2.1803 -2.71092</i>
                        <i>0.100708 0.985094 0.139458 -0.969409 0.0656206 0.236518 0.223841 -0.159011 0.961567 4.25287 2.1921 -2.71005</i>
                        <i>0.082582 0.985693 0.146933 -0.970402 0.04596 0.237083 0.226938 -0.162163 0.960314 4.24991 2.21252 -2.70922</i>
                        <i>0.0645849 0.986282 0.151908 -0.970967 0.0269735 0.237687 0.230329 -0.162848 0.95939 4.24731 2.24277 -2.70849</i>
                        <i>0.0489926 0.986502 0.156249 -0.971153 0.0104987 0.238225 0.233369 -0.163413 0.958559 4.24523 2.27635 -2.70791</i>
                        <i>0.0382987 0.986358 0.160098 -0.971118 -0.00102069 0.238599 0.235508 -0.164612 0.95783 4.24385 2.3068 -2.70752</i>
                        <i>0.0324512 0.986482 0.160626 -0.971056 -0.00693163 0.238752 0.236638 -0.163725 0.957704 4.24336 2.32764 -2.70738</i>
                        <i>0.0276533 0.987312 0.156365 -0.971518 -0.0102827 0.236741 0.235345 -0.158458 0.958908 4.24347 2.34178 -2.70743</i>
                        <i>0.0213958 0.988451 0.150024 -0.972858 -0.0139992 0.23098 0.230413 -0.150894 0.961322 4.24378 2.35629 -2.70758</i>
                        <i>0.0154305 0.989268 0.145294 -0.974903 -0.0173915 0.22195 0.222095 -0.145073 0.964172 4.24427 2.371 -2.7078</i>
                        <i>0.00982728 0.989927 0.14124 -0.977462 -0.020278 0.210134 0.210882 -0.140122 0.967416 4.24492 2.38573 -2.70809</i>
                        <i>0.00463856 0.990606 0.136667 -0.980343 -0.0224527 0.196018 0.197245 -0.13489 0.97103 4.24569 2.4003 -2.70843</i>
                        <i>-2.60638e-005 0.991268 0.131864 -0.983358 -0.0239824 0.18009 0.18168 -0.129665 0.974772 4.24657 2.41453 -2.70879</i>
                        <i>-0.00411961 0.991883 0.127085 -0.986336 -0.0249613 0.162846 0.164697 -0.124678 0.978433 4.24752 2.42823 -2.70917</i>
                        <i>-0.00764451 0.992433 0.122547 -0.989134 -0.0254981 0.144791 0.14682 -0.120109 0.981844 4.24853 2.44124 -2.70955</i>
                        <i>-0.0106377 0.992904 0.118442 -0.991642 -0.0257062 0.126433 0.128581 -0.116107 0.984879 4.24955 2.45337 -2.70992</i>
                        <i>-0.0131606 0.993283 0.114961 -0.993787 -0.0257004 0.108288 0.110515 -0.112822 0.98745 4.25057 2.46443 -2.71027</i>
                        <i>-0.0152969 0.993554 0.112323 -0.995533 -0.0256011 0.0908765 0.0931663 -0.110431 0.989507 4.25156 2.47426 -2.71059</i>
                        <i>-0.0171546 0.993695 0.110793 -0.996877 -0.0255405 0.0747201 0.0770787 -0.109165 0.991031 4.25247 2.48267 -2.71088</i>
                        <i>-0.0188659 0.993675 0.110697 -0.997848 -0.0256674 0.0603427 0.0628024 -0.10932 0.992021 4.25329 2.48948 -2.71112</i>
                        <i>-0.0205256 0.993467 0.112259 -0.998494 -0.0260835 0.0482665 0.0508793 -0.111099 0.992506 4.25399 2.49452 -2.71131</i>
                        <i>-0.0221477 0.993068 0.115436 -0.998879 -0.0268121 0.039011 0.0418356 -0.114443 0.992549 4.25452 2.49761 -2.71146</i>
                        <i>-0.0237184 0.992465 0.120207 -0.999063 -0.0278844 0.0330935 0.0361961 -0.119309 0.992197 4.25486 2.49856 -2.71155</i>
                        <i>-0.0251709 0.991643 0.12653 -0.999088 -0.0293191 0.0310294 0.0344799 -0.125634 0.991477 4.25498 2.49721 -2.71158</i>
                        <i>-0.0228479 0.990485 0.135714 -0.998789 -0.0285322 0.0400882 0.043579 -0.134633 0.989937 4.25459 2.48521 -2.71148</i>
                        <i>-0.0142432 0.988901 0.147889 -0.997669 -0.0239259 0.0639015 0.0667307 -0.146634 0.986937 4.25357 2.45781 -2.71119</i>
                        <i>-0.00125317 0.986916 0.161231 -0.995087 -0.0171918 0.0974992 0.0989954 -0.160316 0.982089 4.25213 2.42028 -2.71074</i>
                        <i>0.0139988 0.984559 0.174495 -0.990675 -0.00999669 0.135881 0.135528 -0.17477 0.975237 4.2505 2.37783 -2.71015</i>
                        <i>0.0294945 0.981921 0.18698 -0.984727 -0.00356781 0.174068 0.171588 -0.189258 0.966819 4.24888 2.33572 -2.70948</i>
                        <i>0.04336 0.979268 0.197876 -0.978303 0.00145454 0.207175 0.202591 -0.202565 0.958083 4.2475 2.29916 -2.70885</i>
                        <i>0.0535097 0.977136 0.205773 -0.973072 0.00475669 0.230453 0.224205 -0.212563 0.951078 4.24653 2.27339 -2.70836</i>
                        <i>0.0574598 0.976266 0.208812 -0.97094 0.00597377 0.239248 0.232323 -0.216491 0.948239 4.24616 2.26364 -2.70817</i>
                        <i>0.0574598 0.976266 0.208812 -0.97094 0.00597377 0.239248 0.232323 -0.216491 0.948239 4.24616 2.26364 -2.70817</i>
                        <i>0.0574598 0.976266 0.208812 -0.97094 0.00597377 0.239248 0.232323 -0.216491 0.948239 4.24616 2.26364 -2.70817</i>
                        <i>0.0574598 0.976266 0.208812 -0.97094 0.00597377 0.239248 0.232323 -0.216491 0.948239 4.24616 2.26364 -2.70817</i>
                        <i>0.0574598 0.976266 0.208812 -0.97094 0.00597377 0.239248 0.232323 -0.216491 0.948239 4.24616 2.26364 -2.70817</i>
                        <i>0.0574598 0.976266 0.208812 -0.97094 0.00597377 0.239248 0.232323 -0.216491 0.948239 4.24616 2.26364 -2.70817</i>
                        <i>0.0574598 0.976266 0.208812 -0.97094 0.00597377 0.239248 0.232323 -0.216491 0.948239 4.24616 2.26364 -2.70817</i>
                        <i>0.0574598 0.976266 0.208812 -0.97094 0.00597377 0.239248 0.232323 -0.216491 0.948239 4.24616 2.26364 -2.70817</i>
                        <i>0.0574598 0.976266 0.208812 -0.97094 0.00597377 0.239248 0.232323 -0.216491 0.948239 4.24616 2.26364 -2.70817</i>
                        <i>0.0574598 0.976266 0.208812 -0.97094 0.00597377 0.239248 0.232323 -0.216491 0.948239 4.24616 2.26364 -2.70817</i>
                        <i>0.0574598 0.976266 0.208812 -0.97094 0.00597377 0.239248 0.232323 -0.216491 0.948239 4.24616 2.26364 -2.70817</i>
                    </KeyFrames>
                </p>
            </i>
            <i>
                <p>
                    <Name><![CDATA[spine1]]></Name>
                    <Exclude>0</Exclude>
                    <Additive>0</Additive>
                    <IKPriority>0</IKPriority>
                    <IKRotLimits>-1e+010 -1e+010 -1e+010 1e+010 1e+010 1e+010</IKRotLimits>
                    <IKRotLimitOrder>0</IKRotLimitOrder>
                    <KeyFrames count="70">
                        <i>0.244371 0.739361 0.627398 -0.957974 0.0838397 0.274328 0.150226 -0.668069 0.728777 4.25641 2.43797 -2.67093</i>
                        <i>0.244421 0.73919 0.62758 -0.958303 0.0853369 0.272713 0.148031 -0.668068 0.729227 4.25653 2.43822 -2.67069</i>
                        <i>0.244605 0.738529 0.628286 -0.95863 0.0869022 0.271064 0.145589 -0.668598 0.729233 4.25668 2.43894 -2.67038</i>
                        <i>0.244912 0.737428 0.629458 -0.958953 0.0885393 0.269386 0.142921 -0.669597 0.728844 4.25686 2.44 -2.67001</i>
                        <i>0.245329 0.735938 0.631038 -0.959271 0.0902509 0.267683 0.140046 -0.671007 0.728105 4.25706 2.44129 -2.66958</i>
                        <i>0.245845 0.73411 0.632964 -0.959581 0.0920398 0.265956 0.136983 -0.672764 0.727065 4.25728 2.44269 -2.66912</i>
                        <i>0.246447 0.731995 0.635175 -0.959882 0.0939077 0.26421 0.133753 -0.674807 0.725773 4.25751 2.44408 -2.66863</i>
                        <i>0.247122 0.729649 0.637608 -0.960173 0.0958554 0.262448 0.130377 -0.677071 0.724277 4.25775 2.44534 -2.66813</i>
                        <i>0.247857 0.727125 0.6402 -0.960453 0.097883 0.260671 0.126876 -0.679491 0.722631 4.25799 2.44636 -2.66764</i>
                        <i>0.248639 0.724483 0.642886 -0.96072 0.0999893 0.258883 0.123274 -0.682001 0.720887 4.25823 2.44703 -2.66716</i>
                        <i>0.249456 0.721783 0.645601 -0.960973 0.102172 0.257085 0.119597 -0.684537 0.719101 4.25847 2.44721 -2.66672</i>
                        <i>0.250294 0.719086 0.648281 -0.961211 0.104428 0.255279 0.115869 -0.68703 0.717332 4.25869 2.44679 -2.66632</i>
                        <i>0.25114 0.716459 0.650858 -0.961435 0.106752 0.253467 0.112119 -0.689414 0.715639 4.2589 2.44567 -2.666</i>
                        <i>0.251982 0.713966 0.653267 -0.961645 0.109139 0.251651 0.108374 -0.691622 0.714083 4.25909 2.44372 -2.66576</i>
                        <i>0.252807 0.711677 0.655443 -0.961839 0.111581 0.249831 0.104664 -0.693589 0.712727 4.25925 2.44082 -2.66562</i>
                        <i>0.253605 0.709659 0.657319 -0.962018 0.114071 0.248009 0.101021 -0.69525 0.711634 4.25938 2.43687 -2.66559</i>
                        <i>0.260829 0.707381 0.656948 -0.961112 0.12632 0.245574 0.0907293 -0.695453 0.712821 4.26243 2.42903 -2.66657</i>
                        <i>0.278232 0.704281 0.653127 -0.957952 0.153836 0.242202 0.070104 -0.693053 0.71747 4.27008 2.41581 -2.66904</i>
                        <i>0.301808 0.700316 0.646892 -0.952361 0.190271 0.23834 0.043829 -0.688008 0.724379 4.28046 2.39902 -2.67247</i>
                        <i>0.327489 0.695734 0.639301 -0.944711 0.229295 0.234404 0.0164947 -0.680719 0.732359 4.29165 2.38063 -2.6763</i>
                        <i>0.341869 0.703459 0.623114 -0.939744 0.257798 0.224547 -0.00267777 -0.662333 0.749205 4.30115 2.36304 -2.68073</i>
                        <i>0.338242 0.729342 0.594687 -0.941024 0.267589 0.207049 -0.008122 -0.629647 0.776839 4.30693 2.34871 -2.68554</i>
                        <i>0.320469 0.762962 0.561417 -0.947257 0.259519 0.188028 -0.00223996 -0.592063 0.805889 4.30784 2.33998 -2.68956</i>
                        <i>0.295956 0.794481 0.530293 -0.955149 0.240326 0.173014 0.0100127 -0.557713 0.829974 4.30498 2.33589 -2.69237</i>
                        <i>0.274338 0.816704 0.507674 -0.961286 0.21872 0.167603 0.0258437 -0.534 0.84509 4.3007 2.33405 -2.69404</i>
                        <i>0.260088 0.825576 0.500778 -0.964356 0.195932 0.177843 0.0487045 -0.529183 0.847109 4.29545 2.33477 -2.69423</i>
                        <i>0.255895 0.821133 0.510155 -0.96336 0.172752 0.205167 0.0803388 -0.543964 0.835254 4.28956 2.33824 -2.69297</i>
                        <i>0.26009 0.807836 0.528918 -0.958944 0.151971 0.239441 0.113049 -0.569478 0.814195 4.28335 2.34447 -2.69072</i>
                        <i>0.269745 0.790202 0.550289 -0.952322 0.134318 0.273939 0.142554 -0.597946 0.788758 4.27698 2.35351 -2.68806</i>
                        <i>0.280997 0.773029 0.568741 -0.944929 0.11925 0.304776 0.167778 -0.623061 0.763967 4.27059 2.36542 -2.68554</i>
                        <i>0.288575 0.759074 0.583551 -0.939559 0.10721 0.32517 0.184265 -0.642116 0.744133 4.26442 2.38576 -2.68342</i>
                        <i>0.284527 0.750968 0.595896 -0.939723 0.0955147 0.328326 0.189645 -0.653395 0.732878 4.25862 2.41568 -2.68188</i>
                        <i>0.273334 0.743405 0.610441 -0.943977 0.0853036 0.318796 0.184921 -0.663379 0.725074 4.25379 2.44877 -2.68062</i>
                        <i>0.263406 0.734105 0.625865 -0.948797 0.079885 0.305617 0.174358 -0.674321 0.717559 4.25052 2.4786 -2.67965</i>
                        <i>0.25188 0.730565 0.63469 -0.954247 0.078283 0.28859 0.161149 -0.678341 0.716858 4.24898 2.4988 -2.67953</i>
                        <i>0.233062 0.740743 0.630065 -0.960983 0.076176 0.265912 0.148976 -0.667456 0.729595 4.24824 2.51233 -2.68043</i>
                        <i>0.207262 0.760777 0.61503 -0.968663 0.0716349 0.237824 0.136873 -0.645048 0.751783 4.24746 2.52626 -2.68178</i>
                        <i>0.180714 0.780697 0.598209 -0.975992 0.0671602 0.207192 0.121578 -0.62129 0.774092 4.24691 2.54038 -2.68293</i>
                        <i>0.154123 0.801337 0.578018 -0.982761 0.0638693 0.173498 0.102113 -0.594794 0.797366 4.24659 2.55453 -2.684</i>
                        <i>0.128163 0.823761 0.552261 -0.988744 0.0627809 0.135812 0.0772049 -0.56345 0.822535 4.24648 2.56852 -2.68521</i>
                        <i>0.104493 0.846754 0.521621 -0.993396 0.0638767 0.0953088 0.0473837 -0.528135 0.847837 4.24657 2.58223 -2.68647</i>
                        <i>0.084458 0.869179 0.487233 -0.996334 0.0669995 0.053186 0.0135838 -0.489939 0.871651 4.24683 2.59548 -2.68772</i>
                        <i>0.0689413 0.890039 0.450641 -0.997358 0.0718607 0.0106521 -0.0229027 -0.450185 0.892641 4.24724 2.60814 -2.68892</i>
                        <i>0.0582675 0.908546 0.413703 -0.996464 0.0780605 -0.0310853 -0.0605363 -0.410428 0.909881 4.24777 2.62005 -2.69002</i>
                        <i>0.0521723 0.924155 0.378439 -0.99385 0.0851147 -0.0708374 -0.0976755 -0.372416 0.922911 4.24837 2.63102 -2.69097</i>
                        <i>0.0498455 0.936578 0.346897 -0.989899 0.092483 -0.107454 -0.132721 -0.338037 0.931728 4.24899 2.64089 -2.69173</i>
                        <i>0.0500436 0.945748 0.321024 -0.985153 0.0995957 -0.13984 -0.164226 -0.309259 0.93669 4.2496 2.64944 -2.69226</i>
                        <i>0.0512564 0.951735 0.302611 -0.980263 0.105878 -0.166957 -0.190938 -0.28808 0.938377 4.25012 2.65646 -2.69249</i>
                        <i>0.0520223 0.954807 0.292639 -0.975987 0.110679 -0.187618 -0.211528 -0.275851 0.937636 4.25053 2.66173 -2.6924</i>
                        <i>0.0514115 0.95541 0.290771 -0.972956 0.113572 -0.201144 -0.225199 -0.272566 0.935411 4.25078 2.66505 -2.69198</i>
                        <i>0.0489423 0.953721 0.296685 -0.971578 0.114338 -0.207276 -0.231606 -0.278108 0.93221 4.25085 2.6662 -2.69123</i>
                        <i>0.0445428 0.949668 0.310075 -0.972097 0.112759 -0.205702 -0.230313 -0.292261 0.928192 4.25072 2.66501 -2.69015</i>
                        <i>0.0434108 0.939595 0.339524 -0.977253 0.110549 -0.180982 -0.207584 -0.323944 0.923022 4.25072 2.65323 -2.68844</i>
                        <i>0.0523092 0.92004 0.388316 -0.986262 0.108608 -0.124469 -0.15669 -0.37647 0.913082 4.25114 2.6263 -2.68599</i>
                        <i>0.0739485 0.891297 0.447349 -0.993324 0.105658 -0.0463122 -0.0885439 -0.440938 0.89316 4.25191 2.58956 -2.68308</i>
                        <i>0.108568 0.855093 0.50698 -0.993974 0.101123 0.0422988 -0.0150978 -0.508517 0.860919 4.25292 2.54825 -2.67995</i>
                        <i>0.152117 0.815321 0.55867 -0.986979 0.0954125 0.129495 0.0522759 -0.571094 0.819219 4.25404 2.50746 -2.6768</i>
                        <i>0.196395 0.777928 0.596873 -0.974884 0.0897161 0.203845 0.105027 -0.621916 0.776009 4.25515 2.47219 -2.67392</i>
                        <i>0.230757 0.75014 0.619711 -0.96311 0.085461 0.255178 0.138458 -0.655734 0.742188 4.25604 2.44736 -2.67177</i>
                        <i>0.244371 0.739361 0.627398 -0.957974 0.0838397 0.274328 0.150226 -0.668069 0.728777 4.25641 2.43797 -2.67093</i>
                        <i>0.244371 0.739361 0.627398 -0.957974 0.0838397 0.274328 0.150226 -0.668069 0.728777 4.25641 2.43797 -2.67093</i>
                        <i>0.244371 0.739361 0.627398 -0.957974 0.0838397 0.274328 0.150226 -0.668069 0.728777 4.25641 2.43797 -2.67093</i>
                        <i>0.244371 0.739361 0.627398 -0.957974 0.0838397 0.274328 0.150226 -0.668069 0.728777 4.25641 2.43797 -2.67093</i>
                        <i>0.244371 0.739361 0.627398 -0.957974 0.0838397 0.274328 0.150226 -0.668069 0.728777 4.25641 2.43797 -2.67093</i>
                        <i>0.244371 0.739361 0.627398 -0.957974 0.0838397 0.274328 0.150226 -0.668069 0.728777 4.25641 2.43797 -2.67093</i>
                        <i>0.244371 0.739361 0.627398 -0.957974 0.0838397 0.274328 0.150226 -0.668069 0.728777 4.25641 2.43797 -2.67093</i>
                        <i>0.244371 0.739361 0.627398 -0.957974 0.0838397 0.274328 0.150226 -0.668069 0.728777 4.25641 2.43797 -2.67093</i>
                        <i>0.244371 0.739361 0.627398 -0.957974 0.0838397 0.274328 0.150226 -0.668069 0.728777 4.25641 2.43797 -2.67093</i>
                        <i>0.244371 0.739361 0.627398 -0.957974 0.0838397 0.274328 0.150226 -0.668069 0.728777 4.25641 2.43797 -2.67093</i>
                        <i>0.244371 0.739361 0.627398 -0.957974 0.0838397 0.274328 0.150226 -0.668069 0.728777 4.25641 2.43797 -2.67093</i>
                    </KeyFrames>
                </p>
            </i>
            <i>
                <p>
                    <Name><![CDATA[spine2]]></Name>
                    <Exclude>0</Exclude>
                    <Additive>0</Additive>
                    <IKPriority>0</IKPriority>
                    <IKRotLimits>-1e+010 -1e+010 -1e+010 1e+010 1e+010 1e+010</IKRotLimits>
                    <IKRotLimitOrder>0</IKRotLimitOrder>
                    <KeyFrames count="70">
                        <i>0.263073 0.566448 0.78098 -0.955942 0.0437516 0.290276 0.130257 -0.822935 0.553001 4.29655 2.55909 -2.56785</i>
                        <i>0.262494 0.566364 0.781235 -0.956599 0.0465575 0.287664 0.12655 -0.822839 0.554005 4.29675 2.55953 -2.56739</i>
                        <i>0.261935 0.565667 0.781928 -0.957273 0.0494008 0.284935 0.12255 -0.823153 0.554437 4.29702 2.56039 -2.56674</i>
                        <i>0.261393 0.564412 0.783015 -0.957958 0.0522888 0.282103 0.118279 -0.823835 0.554351 4.29733 2.56155 -2.56593</i>
                        <i>0.260865 0.562658 0.784453 -0.958649 0.0552281 0.27918 0.113759 -0.824843 0.553798 4.2977 2.56288 -2.56499</i>
                        <i>0.260348 0.56046 0.786196 -0.959341 0.0582242 0.276179 0.109011 -0.826133 0.55283 4.2981 2.56428 -2.56394</i>
                        <i>0.259837 0.557876 0.7882 -0.960029 0.0612811 0.273109 0.104059 -0.827659 0.5515 4.29853 2.56562 -2.56282</i>
                        <i>0.259328 0.554964 0.79042 -0.96071 0.0644016 0.26998 0.0989252 -0.829378 0.549861 4.29898 2.56678 -2.56165</i>
                        <i>0.258812 0.551784 0.792812 -0.961379 0.0675864 0.266801 0.0936336 -0.831244 0.547966 4.29944 2.56765 -2.56048</i>
                        <i>0.258284 0.548396 0.795331 -0.962034 0.0708347 0.263579 0.0882087 -0.833213 0.545871 4.29989 2.56811 -2.55933</i>
                        <i>0.257736 0.544862 0.797934 -0.962672 0.0741435 0.260319 0.0826761 -0.835242 0.543632 4.30033 2.56805 -2.55824</i>
                        <i>0.257159 0.541243 0.800578 -0.963292 0.0775076 0.257025 0.0770618 -0.837286 0.541307 4.30076 2.56735 -2.55724</i>
                        <i>0.256543 0.537604 0.803223 -0.963892 0.08092 0.253699 0.0713929 -0.839306 0.538952 4.30115 2.56591 -2.55636</i>
                        <i>0.25588 0.534009 0.805829 -0.964474 0.0843712 0.250344 0.0656972 -0.841258 0.536627 4.3015 2.56361 -2.55565</i>
                        <i>0.255157 0.530523 0.808356 -0.965036 0.0878496 0.246958 0.0600031 -0.843106 0.53439 4.3018 2.56033 -2.55513</i>
                        <i>0.254365 0.527212 0.810769 -0.96558 0.0913413 0.243539 0.0543399 -0.84481 0.5323 4.30204 2.55598 -2.55485</i>
                        <i>0.258216 0.523488 0.811964 -0.965239 0.10458 0.239536 0.040479 -0.845591 0.532295 4.30625 2.54764 -2.556</i>
                        <i>0.269413 0.518846 0.811305 -0.962926 0.133094 0.234646 0.0137656 -0.844444 0.535468 4.31675 2.53373 -2.55928</i>
                        <i>0.285011 0.51341 0.809431 -0.958309 0.170528 0.229269 -0.0203214 -0.841029 0.540608 4.33098 2.51606 -2.56395</i>
                        <i>0.302037 0.50747 0.806999 -0.95163 0.210536 0.223776 -0.0563425 -0.835553 0.546513 4.34634 2.49666 -2.56928</i>
                        <i>0.305991 0.519122 0.798049 -0.948078 0.242502 0.20577 -0.0867088 -0.819576 0.566372 4.35806 2.48002 -2.57673</i>
                        <i>0.290215 0.556478 0.778529 -0.951125 0.257445 0.170538 -0.105528 -0.789971 0.603995 4.36297 2.46948 -2.58672</i>
                        <i>0.260836 0.60382 0.753237 -0.958939 0.252061 0.130008 -0.11136 -0.756219 0.644773 4.3606 2.46562 -2.59682</i>
                        <i>0.226804 0.646558 0.72837 -0.968122 0.231293 0.0961462 -0.106303 -0.726957 0.678405 4.35337 2.46589 -2.60535</i>
                        <i>0.200023 0.674098 0.711043 -0.975612 0.203987 0.0810605 -0.0904006 -0.709916 0.69846 4.34528 2.4669 -2.61125</i>
                        <i>0.189116 0.679193 0.709177 -0.980356 0.17179 0.0969037 -0.0560135 -0.713572 0.698339 4.33755 2.46848 -2.61292</i>
                        <i>0.198978 0.662063 0.722551 -0.980004 0.135022 0.146157 -0.000795035 -0.737185 0.675691 4.33093 2.47095 -2.61032</i>
                        <i>0.223343 0.631456 0.742551 -0.972976 0.0986182 0.208786 0.0586103 -0.769115 0.636417 4.32541 2.47496 -2.60509</i>
                        <i>0.255901 0.594505 0.762285 -0.96021 0.0650791 0.27159 0.111853 -0.801454 0.587503 4.32065 2.48114 -2.59896</i>
                        <i>0.290281 0.558107 0.777338 -0.944271 0.0353053 0.327271 0.155208 -0.829018 0.537252 4.3161 2.49023 -2.59349</i>
                        <i>0.316097 0.526895 0.788964 -0.931356 0.0139309 0.363843 0.180716 -0.849816 0.495131 4.31112 2.50815 -2.5891</i>
                        <i>0.32043 0.505239 0.801285 -0.929183 0.00312215 0.369608 0.184238 -0.862974 0.47046 4.30456 2.53646 -2.58581</i>
                        <i>0.309344 0.485265 0.817817 -0.935667 0.00175346 0.352881 0.169807 -0.874366 0.454588 4.29776 2.56794 -2.58252</i>
                        <i>0.296005 0.464272 0.834765 -0.943822 0.00775249 0.330364 0.146907 -0.885659 0.440485 4.29274 2.59586 -2.57943</i>
                        <i>0.277793 0.454981 0.846064 -0.953068 0.0201599 0.302085 0.120386 -0.890273 0.439228 4.28918 2.61504 -2.57829</i>
                        <i>0.250131 0.471308 0.845756 -0.963375 0.0339426 0.266002 0.0966617 -0.881315 0.462536 4.28525 2.6297 -2.58036</i>
                        <i>0.214306 0.50813 0.834192 -0.973836 0.0450431 0.222743 0.075608 -0.860102 0.504488 4.2802 2.64629 -2.58455</i>
                        <i>0.177086 0.549356 0.816608 -0.982783 0.0542643 0.176617 0.0527131 -0.833824 0.549507 4.27532 2.66306 -2.58875</i>
                        <i>0.139068 0.594789 0.791761 -0.989964 0.0632182 0.12639 0.0251219 -0.801392 0.597611 4.2707 2.67997 -2.59337</i>
                        <i>0.100841 0.644577 0.75786 -0.994846 0.0734358 0.0699154 -0.0105882 -0.761005 0.64866 4.26641 2.697 -2.59896</i>
                        <i>0.0652318 0.696126 0.71495 -0.996406 0.0842396 0.00889013 -0.0540385 -0.71296 0.699119 4.26271 2.71383 -2.60531</i>
                        <i>0.0347656 0.746896 0.664031 -0.993968 0.0949939 -0.0548089 -0.104015 -0.65812 0.745694 4.25979 2.73017 -2.61217</i>
                        <i>0.0113431 0.794555 0.607086 -0.987291 0.105147 -0.11917 -0.15852 -0.598019 0.785649 4.25775 2.74575 -2.61922</i>
                        <i>-0.0040324 0.837158 0.546947 -0.976612 0.114283 -0.182122 -0.214971 -0.534889 0.817117 4.25659 2.76031 -2.62614</i>
                        <i>-0.011419 0.873313 0.487025 -0.962649 0.122162 -0.241626 -0.270511 -0.471593 0.839299 4.25622 2.77361 -2.6326</i>
                        <i>-0.0119419 0.902284 0.430978 -0.946544 0.128746 -0.295767 -0.322352 -0.411472 0.852514 4.25647 2.78542 -2.63823</i>
                        <i>-0.00763253 0.923974 0.382379 -0.929769 0.13419 -0.342814 -0.368063 -0.358141 0.858059 4.25709 2.79552 -2.64272</i>
                        <i>-0.00112738 0.938792 0.344482 -0.914 0.138794 -0.381235 -0.405712 -0.315287 0.8579 4.25781 2.80367 -2.64574</i>
                        <i>0.00485905 0.94765 0.319273 -0.90119 0.142525 -0.40932 -0.433397 -0.285737 0.854706 4.25834 2.80966 -2.64711</i>
                        <i>0.00836416 0.951768 0.306705 -0.892813 0.145242 -0.426368 -0.450349 -0.270264 0.850966 4.2585 2.81334 -2.6469</i>
                        <i>0.00820634 0.951815 0.306563 -0.889628 0.146939 -0.432401 -0.456612 -0.269179 0.847967 4.2582 2.81449 -2.64515</i>
                        <i>0.00395194 0.947881 0.3186 -0.892025 0.147341 -0.427296 -0.451969 -0.28251 0.846116 4.2574 2.81292 -2.6419</i>
                        <i>-0.0011207 0.933496 0.358585 -0.90953 0.14809 -0.388362 -0.415637 -0.326579 0.848877 4.25724 2.79992 -2.63546</i>
                        <i>0.00221558 0.90144 0.432899 -0.941892 0.147296 -0.301899 -0.335908 -0.407075 0.849385 4.25912 2.77052 -2.62511</i>
                        <i>0.0236506 0.850682 0.525148 -0.973254 0.139661 -0.182404 -0.22851 -0.506789 0.831233 4.26341 2.73015 -2.61247</i>
                        <i>0.0674411 0.783958 0.617139 -0.991282 0.122823 -0.0476962 -0.113191 -0.608542 0.785407 4.27008 2.68428 -2.59919</i>
                        <i>0.128323 0.709273 0.693156 -0.991684 0.0986649 0.0826294 -0.00978333 -0.697995 0.716036 4.27843 2.63845 -2.58687</i>
                        <i>0.192663 0.638818 0.744844 -0.978917 0.0726483 0.190902 0.06784 -0.76592 0.639347 4.28703 2.59836 -2.57687</i>
                        <i>0.243096 0.586633 0.772506 -0.963221 0.0519845 0.263635 0.114499 -0.808183 0.577694 4.29382 2.5699 -2.57025</i>
                        <i>0.263073 0.566448 0.78098 -0.955942 0.0437516 0.290276 0.130257 -0.822935 0.553001 4.29655 2.55909 -2.56785</i>
                        <i>0.263073 0.566448 0.78098 -0.955942 0.0437516 0.290276 0.130257 -0.822935 0.553001 4.29655 2.55909 -2.56785</i>
                        <i>0.263073 0.566448 0.78098 -0.955942 0.0437516 0.290276 0.130257 -0.822935 0.553001 4.29655 2.55909 -2.56785</i>
