<?xml version="1.0" encoding="ISO-8859-1" ?>
<Animl Version="1">
    <ModellingPackage><![CDATA[Maya.2010]]></ModellingPackage>
    <SrcFile><![CDATA[anims\turrets\antiair\red\~src\aa_gladiator\aa_gladiator_reload_crewman_c.mb]]></SrcFile>
    <FramesPerSecond>30</FramesPerSecond>
    <TotalFrames>190</TotalFrames>
    <Skeleton>
        <RefFrame>
            <Name><![CDATA[soldier_ref_frame]]></Name>
            <Exclude>0</Exclude>
            <Additive>0</Additive>
            <IKPriority>0</IKPriority>
            <IKRotLimits>-1e+010 -1e+010 -1e+010 1e+010 1e+010 1e+010</IKRotLimits>
            <IKRotLimitOrder>0</IKRotLimitOrder>
            <KeyFrames count="190">
                <i>1 0 0 0 1 0 0 0 1 3.11 1.46 3.9</i>
                <i>1 0 0 0 1 0 0 0 1 3.11 1.46 3.9</i>
                <i>1 0 0 0 1 0 0 0 1 3.11 1.46 3.9</i>
                <i>1 0 0 0 1 0 0 0 1 3.11 1.46 3.9</i>
                <i>1 0 0 0 1 0 0 0 1 3.11 1.46 3.9</i>
                <i>1 0 0 0 1 0 0 0 1 3.11 1.46 3.9</i>
                <i>1 0 0 0 1 0 0 0 1 3.11 1.46 3.9</i>
                <i>1 0 0 0 1 0 0 0 1 3.11 1.46 3.9</i>
                <i>1 0 0 0 1 0 0 0 1 3.11 1.46 3.9</i>
                <i>1 0 0 0 1 0 0 0 1 3.11 1.46 3.9</i>
                <i>1 0 0 0 1 0 0 0 1 3.11 1.46 3.9</i>
                <i>1 0 0 0 1 0 0 0 1 3.11 1.46 3.9</i>
                <i>1 0 0 0 1 0 0 0 1 3.11 1.46 3.9</i>
                <i>1 0 0 0 1 0 0 0 1 3.11 1.46 3.9</i>
                <i>1 0 0 0 1 0 0 0 1 3.11 1.46 3.9</i>
                <i>1 0 0 0 1 0 0 0 1 3.11 1.46 3.9</i>
                <i>1 0 0 0 1 0 0 0 1 3.11 1.46 3.9</i>
                <i>1 0 0 0 1 0 0 0 1 3.11 1.46 3.9</i>
                <i>1 0 0 0 1 0 0 0 1 3.11 1.46 3.9</i>
                <i>1 0 0 0 1 0 0 0 1 3.11 1.46 3.9</i>
                <i>1 0 0 0 1 0 0 0 1 3.11 1.46 3.9</i>
                <i>1 0 0 0 1 0 0 0 1 3.11 1.46 3.9</i>
                <i>1 0 0 0 1 0 0 0 1 3.11 1.46 3.9</i>
                <i>1 0 0 0 1 0 0 0 1 3.11 1.46 3.9</i>
                <i>1 0 0 0 1 0 0 0 1 3.11 1.46 3.9</i>
                <i>1 0 0 0 1 0 0 0 1 3.11 1.46 3.9</i>
                <i>1 0 0 0 1 0 0 0 1 3.11 1.46 3.9</i>
                <i>1 0 0 0 1 0 0 0 1 3.11 1.46 3.9</i>
                <i>1 0 0 0 1 0 0 0 1 3.11 1.46 3.9</i>
                <i>1 0 0 0 1 0 0 0 1 3.11 1.46 3.9</i>
                <i>1 0 0 0 1 0 0 0 1 3.11 1.46 3.9</i>
                <i>1 0 0 0 1 0 0 0 1 3.11 1.46 3.9</i>
                <i>1 0 0 0 1 0 0 0 1 3.11 1.46 3.9</i>
                <i>1 0 0 0 1 0 0 0 1 3.11 1.46 3.9</i>
                <i>1 0 0 0 1 0 0 0 1 3.11 1.46 3.9</i>
                <i>1 0 0 0 1 0 0 0 1 3.11 1.46 3.9</i>
                <i>1 0 0 0 1 0 0 0 1 3.11 1.46 3.9</i>
                <i>1 0 0 0 1 0 0 0 1 3.11 1.46 3.9</i>
                <i>1 0 0 0 1 0 0 0 1 3.11 1.46 3.9</i>
                <i>1 0 0 0 1 0 0 0 1 3.11 1.46 3.9</i>
                <i>1 0 0 0 1 0 0 0 1 3.11 1.46 3.9</i>
                <i>1 0 0 0 1 0 0 0 1 3.11 1.46 3.9</i>
                <i>1 0 0 0 1 0 0 0 1 3.11 1.46 3.9</i>
                <i>1 0 0 0 1 0 0 0 1 3.11 1.46 3.9</i>
                <i>1 0 0 0 1 0 0 0 1 3.11 1.46 3.9</i>
                <i>1 0 0 0 1 0 0 0 1 3.11 1.46 3.9</i>
                <i>1 0 0 0 1 0 0 0 1 3.11 1.46 3.9</i>
                <i>1 0 0 0 1 0 0 0 1 3.11 1.46 3.9</i>
                <i>1 0 0 0 1 0 0 0 1 3.11 1.46 3.9</i>
                <i>1 0 0 0 1 0 0 0 1 3.11 1.46 3.9</i>
                <i>1 0 0 0 1 0 0 0 1 3.11 1.46 3.9</i>
                <i>1 0 0 0 1 0 0 0 1 3.11 1.46 3.9</i>
                <i>1 0 0 0 1 0 0 0 1 3.11 1.46 3.9</i>
                <i>1 0 0 0 1 0 0 0 1 3.11 1.46 3.9</i>
                <i>1 0 0 0 1 0 0 0 1 3.11 1.46 3.9</i>
                <i>1 0 0 0 1 0 0 0 1 3.11 1.46 3.9</i>
                <i>1 0 0 0 1 0 0 0 1 3.11 1.46 3.9</i>
                <i>1 0 0 0 1 0 0 0 1 3.11 1.46 3.9</i>
                <i>1 0 0 0 1 0 0 0 1 3.11 1.46 3.9</i>
                <i>1 0 0 0 1 0 0 0 1 3.11 1.46 3.9</i>
                <i>1 0 0 0 1 0 0 0 1 3.11 1.46 3.9</i>
                <i>1 0 0 0 1 0 0 0 1 3.11 1.46 3.9</i>
                <i>1 0 0 0 1 0 0 0 1 3.11 1.46 3.9</i>
                <i>1 0 0 0 1 0 0 0 1 3.11 1.46 3.9</i>
                <i>1 0 0 0 1 0 0 0 1 3.11 1.46 3.9</i>
                <i>1 0 0 0 1 0 0 0 1 3.11 1.46 3.9</i>
                <i>1 0 0 0 1 0 0 0 1 3.11 1.46 3.9</i>
                <i>1 0 0 0 1 0 0 0 1 3.11 1.46 3.9</i>
                <i>1 0 0 0 1 0 0 0 1 3.11 1.46 3.9</i>
                <i>1 0 0 0 1 0 0 0 1 3.11 1.46 3.9</i>
                <i>1 0 0 0 1 0 0 0 1 3.11 1.46 3.9</i>
                <i>1 0 0 0 1 0 0 0 1 3.11 1.46 3.9</i>
                <i>1 0 0 0 1 0 0 0 1 3.11 1.46 3.9</i>
                <i>1 0 0 0 1 0 0 0 1 3.11 1.46 3.9</i>
                <i>1 0 0 0 1 0 0 0 1 3.11 1.46 3.9</i>
                <i>1 0 0 0 1 0 0 0 1 3.11 1.46 3.9</i>
                <i>1 0 0 0 1 0 0 0 1 3.11 1.46 3.9</i>
                <i>1 0 0 0 1 0 0 0 1 3.11 1.46 3.9</i>
                <i>1 0 0 0 1 0 0 0 1 3.11 1.46 3.9</i>
                <i>1 0 0 0 1 0 0 0 1 3.11 1.46 3.9</i>
                <i>1 0 0 0 1 0 0 0 1 3.11 1.46 3.9</i>
                <i>1 0 0 0 1 0 0 0 1 3.11 1.46 3.9</i>
                <i>1 0 0 0 1 0 0 0 1 3.11 1.46 3.9</i>
                <i>1 0 0 0 1 0 0 0 1 3.11 1.46 3.9</i>
                <i>1 0 0 0 1 0 0 0 1 3.11 1.46 3.9</i>
                <i>1 0 0 0 1 0 0 0 1 3.11 1.46 3.9</i>
                <i>1 0 0 0 1 0 0 0 1 3.11 1.46 3.9</i>
                <i>1 0 0 0 1 0 0 0 1 3.11 1.46 3.9</i>
                <i>1 0 0 0 1 0 0 0 1 3.11 1.46 3.9</i>
                <i>1 0 0 0 1 0 0 0 1 3.11 1.46 3.9</i>
                <i>1 0 0 0 1 0 0 0 1 3.11 1.46 3.9</i>
                <i>1 0 0 0 1 0 0 0 1 3.11 1.46 3.9</i>
                <i>1 0 0 0 1 0 0 0 1 3.11 1.46 3.9</i>
                <i>1 0 0 0 1 0 0 0 1 3.11 1.46 3.9</i>
                <i>1 0 0 0 1 0 0 0 1 3.11 1.46 3.9</i>
                <i>1 0 0 0 1 0 0 0 1 3.11 1.46 3.9</i>
                <i>1 0 0 0 1 0 0 0 1 3.11 1.46 3.9</i>
                <i>1 0 0 0 1 0 0 0 1 3.11 1.46 3.9</i>
                <i>1 0 0 0 1 0 0 0 1 3.11 1.46 3.9</i>
                <i>1 0 0 0 1 0 0 0 1 3.11 1.46 3.9</i>
                <i>1 0 0 0 1 0 0 0 1 3.11 1.46 3.9</i>
                <i>1 0 0 0 1 0 0 0 1 3.11 1.46 3.9</i>
                <i>1 0 0 0 1 0 0 0 1 3.11 1.46 3.9</i>
                <i>1 0 0 0 1 0 0 0 1 3.11 1.46 3.9</i>
                <i>1 0 0 0 1 0 0 0 1 3.11 1.46 3.9</i>
                <i>1 0 0 0 1 0 0 0 1 3.11 1.46 3.9</i>
                <i>1 0 0 0 1 0 0 0 1 3.11 1.46 3.9</i>
                <i>1 0 0 0 1 0 0 0 1 3.11 1.46 3.9</i>
                <i>1 0 0 0 1 0 0 0 1 3.11 1.46 3.9</i>
                <i>1 0 0 0 1 0 0 0 1 3.11 1.46 3.9</i>
                <i>1 0 0 0 1 0 0 0 1 3.11 1.46 3.9</i>
                <i>1 0 0 0 1 0 0 0 1 3.11 1.46 3.9</i>
                <i>1 0 0 0 1 0 0 0 1 3.11 1.46 3.9</i>
                <i>1 0 0 0 1 0 0 0 1 3.11 1.46 3.9</i>
                <i>1 0 0 0 1 0 0 0 1 3.11 1.46 3.9</i>
                <i>1 0 0 0 1 0 0 0 1 3.11 1.46 3.9</i>
                <i>1 0 0 0 1 0 0 0 1 3.11 1.46 3.9</i>
                <i>1 0 0 0 1 0 0 0 1 3.11 1.46 3.9</i>
                <i>1 0 0 0 1 0 0 0 1 3.11 1.46 3.9</i>
                <i>1 0 0 0 1 0 0 0 1 3.11 1.46 3.9</i>
                <i>1 0 0 0 1 0 0 0 1 3.11 1.46 3.9</i>
                <i>1 0 0 0 1 0 0 0 1 3.11 1.46 3.9</i>
                <i>1 0 0 0 1 0 0 0 1 3.11 1.46 3.9</i>
                <i>1 0 0 0 1 0 0 0 1 3.11 1.46 3.9</i>
                <i>1 0 0 0 1 0 0 0 1 3.11 1.46 3.9</i>
                <i>1 0 0 0 1 0 0 0 1 3.11 1.46 3.9</i>
                <i>1 0 0 0 1 0 0 0 1 3.11 1.46 3.9</i>
                <i>1 0 0 0 1 0 0 0 1 3.11 1.46 3.9</i>
                <i>1 0 0 0 1 0 0 0 1 3.11 1.46 3.9</i>
                <i>1 0 0 0 1 0 0 0 1 3.11 1.46 3.9</i>
                <i>1 0 0 0 1 0 0 0 1 3.11 1.46 3.9</i>
                <i>1 0 0 0 1 0 0 0 1 3.11 1.46 3.9</i>
                <i>1 0 0 0 1 0 0 0 1 3.11 1.46 3.9</i>
                <i>1 0 0 0 1 0 0 0 1 3.11 1.46 3.9</i>
                <i>1 0 0 0 1 0 0 0 1 3.11 1.46 3.9</i>
                <i>1 0 0 0 1 0 0 0 1 3.11 1.46 3.9</i>
                <i>1 0 0 0 1 0 0 0 1 3.11 1.46 3.9</i>
                <i>1 0 0 0 1 0 0 0 1 3.11 1.46 3.9</i>
                <i>1 0 0 0 1 0 0 0 1 3.11 1.46 3.9</i>
                <i>1 0 0 0 1 0 0 0 1 3.11 1.46 3.9</i>
                <i>1 0 0 0 1 0 0 0 1 3.11 1.46 3.9</i>
                <i>1 0 0 0 1 0 0 0 1 3.11 1.46 3.9</i>
                <i>1 0 0 0 1 0 0 0 1 3.11 1.46 3.9</i>
                <i>1 0 0 0 1 0 0 0 1 3.11 1.46 3.9</i>
                <i>1 0 0 0 1 0 0 0 1 3.11 1.46 3.9</i>
                <i>1 0 0 0 1 0 0 0 1 3.11 1.46 3.9</i>
                <i>1 0 0 0 1 0 0 0 1 3.11 1.46 3.9</i>
                <i>1 0 0 0 1 0 0 0 1 3.11 1.46 3.9</i>
                <i>1 0 0 0 1 0 0 0 1 3.11 1.46 3.9</i>
                <i>1 0 0 0 1 0 0 0 1 3.11 1.46 3.9</i>
                <i>1 0 0 0 1 0 0 0 1 3.11 1.46 3.9</i>
                <i>1 0 0 0 1 0 0 0 1 3.11 1.46 3.9</i>
                <i>1 0 0 0 1 0 0 0 1 3.11 1.46 3.9</i>
                <i>1 0 0 0 1 0 0 0 1 3.11 1.46 3.9</i>
                <i>1 0 0 0 1 0 0 0 1 3.11 1.46 3.9</i>
                <i>1 0 0 0 1 0 0 0 1 3.11 1.46 3.9</i>
                <i>1 0 0 0 1 0 0 0 1 3.11 1.46 3.9</i>
                <i>1 0 0 0 1 0 0 0 1 3.11 1.46 3.9</i>
                <i>1 0 0 0 1 0 0 0 1 3.11 1.46 3.9</i>
                <i>1 0 0 0 1 0 0 0 1 3.11 1.46 3.9</i>
                <i>1 0 0 0 1 0 0 0 1 3.11 1.46 3.9</i>
                <i>1 0 0 0 1 0 0 0 1 3.11 1.46 3.9</i>
                <i>1 0 0 0 1 0 0 0 1 3.11 1.46 3.9</i>
                <i>1 0 0 0 1 0 0 0 1 3.11 1.46 3.9</i>
                <i>1 0 0 0 1 0 0 0 1 3.11 1.46 3.9</i>
                <i>1 0 0 0 1 0 0 0 1 3.11 1.46 3.9</i>
                <i>1 0 0 0 1 0 0 0 1 3.11 1.46 3.9</i>
                <i>1 0 0 0 1 0 0 0 1 3.11 1.46 3.9</i>
                <i>1 0 0 0 1 0 0 0 1 3.11 1.46 3.9</i>
                <i>1 0 0 0 1 0 0 0 1 3.11 1.46 3.9</i>
                <i>1 0 0 0 1 0 0 0 1 3.11 1.46 3.9</i>
                <i>1 0 0 0 1 0 0 0 1 3.11 1.46 3.9</i>
                <i>1 0 0 0 1 0 0 0 1 3.11 1.46 3.9</i>
                <i>1 0 0 0 1 0 0 0 1 3.11 1.46 3.9</i>
                <i>1 0 0 0 1 0 0 0 1 3.11 1.46 3.9</i>
                <i>1 0 0 0 1 0 0 0 1 3.11 1.46 3.9</i>
                <i>1 0 0 0 1 0 0 0 1 3.11 1.46 3.9</i>
                <i>1 0 0 0 1 0 0 0 1 3.11 1.46 3.9</i>
                <i>1 0 0 0 1 0 0 0 1 3.11 1.46 3.9</i>
                <i>1 0 0 0 1 0 0 0 1 3.11 1.46 3.9</i>
                <i>1 0 0 0 1 0 0 0 1 3.11 1.46 3.9</i>
                <i>1 0 0 0 1 0 0 0 1 3.11 1.46 3.9</i>
                <i>1 0 0 0 1 0 0 0 1 3.11 1.46 3.9</i>
                <i>1 0 0 0 1 0 0 0 1 3.11 1.46 3.9</i>
                <i>1 0 0 0 1 0 0 0 1 3.11 1.46 3.9</i>
                <i>1 0 0 0 1 0 0 0 1 3.11 1.46 3.9</i>
                <i>1 0 0 0 1 0 0 0 1 3.11 1.46 3.9</i>
                <i>1 0 0 0 1 0 0 0 1 3.11 1.46 3.9</i>
                <i>1 0 0 0 1 0 0 0 1 3.11 1.46 3.9</i>
                <i>1 0 0 0 1 0 0 0 1 3.11 1.46 3.9</i>
            </KeyFrames>
        </RefFrame>
        <Bones count="23">
            <i>
                <p>
                    <Name><![CDATA[pelvis]]></Name>
                    <Exclude>0</Exclude>
                    <Additive>0</Additive>
                    <IKPriority>0</IKPriority>
                    <IKRotLimits>-1e+010 -1e+010 -1e+010 1e+010 1e+010 1e+010</IKRotLimits>
                    <IKRotLimitOrder>2</IKRotLimitOrder>
                    <KeyFrames count="190">
                        <i>1 0 0 0 1 0 0 0 1 3.13461 2.56102 3.97699</i>
                        <i>1 0 0 0 1 0 0 0 1 3.13461 2.56037 3.97699</i>
                        <i>1 0 0 0 1 0 0 0 1 3.13461 2.55967 3.97699</i>
                        <i>1 0 0 0 1 0 0 0 1 3.13461 2.55893 3.97699</i>
                        <i>1 0 0 0 1 0 0 0 1 3.13461 2.55816 3.97699</i>
                        <i>1 0 0 0 1 0 0 0 1 3.13461 2.55739 3.97699</i>
                        <i>1 0 0 0 1 0 0 0 1 3.13461 2.55662 3.97699</i>
                        <i>1 0 0 0 1 0 0 0 1 3.13461 2.55587 3.97699</i>
                        <i>1 0 0 0 1 0 0 0 1 3.13461 2.55515 3.97699</i>
                        <i>1 0 0 0 1 0 0 0 1 3.13461 2.55448 3.97699</i>
                        <i>1 0 0 0 1 0 0 0 1 3.13461 2.55388 3.97699</i>
                        <i>1 0 0 0 1 0 0 0 1 3.13461 2.55336 3.97699</i>
                        <i>1 0 0 0 1 0 0 0 1 3.13461 2.55294 3.97699</i>
                        <i>1 0 0 0 1 0 0 0 1 3.13461 2.55262 3.97699</i>
                        <i>1 0 0 0 1 0 0 0 1 3.13461 2.55243 3.97699</i>
                        <i>1 0 0 0 1 0 0 0 1 3.13461 2.55227 3.97699</i>
                        <i>1 0 0 0 1 0 0 0 1 3.13461 2.55205 3.97699</i>
                        <i>1 0 0 0 1 0 0 0 1 3.13461 2.55178 3.97699</i>
                        <i>1 0 0 0 1 0 0 0 1 3.13461 2.5515 3.97699</i>
                        <i>1 0 0 0 1 0 0 0 1 3.13461 2.55123 3.97699</i>
                        <i>1 0 0 0 1 0 0 0 1 3.13461 2.55099 3.97699</i>
                        <i>1 0 0 0 1 0 0 0 1 3.13461 2.55081 3.97699</i>
                        <i>1 0 0 0 1 0 0 0 1 3.13461 2.5507 3.97699</i>
                        <i>1 0 0 0 1 0 0 0 1 3.13461 2.5507 3.97699</i>
                        <i>1 0 0 0 1 0 0 0 1 3.13461 2.55082 3.97699</i>
                        <i>1 0 0 0 1 0 0 0 1 3.13461 2.5511 3.97699</i>
                        <i>1 0 0 0 1 0 0 0 1 3.13461 2.55154 3.97699</i>
                        <i>1 0 0 0 1 0 0 0 1 3.13461 2.55219 3.97699</i>
                        <i>1 0 0 0 1 0 0 0 1 3.13461 2.55306 3.97699</i>
                        <i>1 0 0 0 1 0 0 0 1 3.13461 2.55417 3.97699</i>
                        <i>1 0 0 0 1 0 0 0 1 3.13461 2.55555 3.97699</i>
                        <i>1 0 0 0 1 0 0 0 1 3.13461 2.55723 3.97699</i>
                        <i>1 0 0 0 1 0 0 0 1 3.13461 2.56038 3.97699</i>
                        <i>1 0 0 0 1 0 0 0 1 3.13461 2.56568 3.97699</i>
                        <i>1 0 0 0 1 0 0 0 1 3.13461 2.57232 3.97699</i>
                        <i>1 0 0 0 1 0 0 0 1 3.13461 2.57951 3.97699</i>
                        <i>1 0 0 0 1 0 0 0 1 3.13461 2.58648 3.97699</i>
                        <i>1 0 0 0 1 0 0 0 1 3.13461 2.59243 3.97699</i>
                        <i>1 0 0 0 1 0 0 0 1 3.13461 2.59658 3.97699</i>
                        <i>1 0 0 0 1 0 0 0 1 3.13461 2.59814 3.97699</i>
                        <i>1 0 0 0 1 0 0 0 1 3.13461 2.59812 3.97699</i>
                        <i>1 0 0 0 1 0 0 0 1 3.13461 2.59807 3.97699</i>
                        <i>1 0 0 0 1 0 0 0 1 3.13461 2.59801 3.97699</i>
                        <i>1 0 0 0 1 0 0 0 1 3.13461 2.59796 3.97699</i>
                        <i>1 0 0 0 1 0 0 0 1 3.13461 2.59793 3.97699</i>
                        <i>1 0 0 0 1 0 0 0 1 3.13461 2.59606 3.97699</i>
                        <i>1 0 0 0 1 0 0 0 1 3.13461 2.59094 3.97699</i>
                        <i>1 0 0 0 1 0 0 0 1 3.13461 2.58333 3.97699</i>
                        <i>1 0 0 0 1 0 0 0 1 3.13461 2.57397 3.97699</i>
                        <i>1 0 0 0 1 0 0 0 1 3.13461 2.56361 3.97699</i>
                        <i>1 0 0 0 1 0 0 0 1 3.13461 2.55301 3.97699</i>
                        <i>1 0 0 0 1 0 0 0 1 3.13461 2.54291 3.97699</i>
                        <i>1 0 0 0 1 0 0 0 1 3.13461 2.53406 3.97699</i>
                        <i>1 0 0 0 1 0 0 0 1 3.13461 2.52722 3.97699</i>
                        <i>1 0 0 0 1 0 0 0 1 3.13461 2.52313 3.97699</i>
                        <i>1 0 0 0 1 0 0 0 1 3.13461 2.52551 3.97699</i>
                        <i>1 0 0 0 1 0 0 0 1 3.13461 2.53475 3.97699</i>
                        <i>1 0 0 0 1 0 0 0 1 3.13461 2.54659 3.97699</i>
                        <i>1 0 0 0 1 0 0 0 1 3.13461 2.55676 3.97699</i>
                        <i>1 0 0 0 1 0 0 0 1 3.13461 2.56102 3.97699</i>
                        <i>1 0 0 0 1 0 0 0 1 3.13461 2.56089 3.97699</i>
                        <i>1 0 0 0 1 0 0 0 1 3.13461 2.56075 3.97699</i>
                        <i>1 0 0 0 1 0 0 0 1 3.13461 2.56061 3.97699</i>
                        <i>1 0 0 0 1 0 0 0 1 3.13461 2.56045 3.97699</i>
                        <i>1 0 0 0 1 0 0 0 1 3.13461 2.56029 3.97699</i>
                        <i>1 0 0 0 1 0 0 0 1 3.13461 2.56012 3.97699</i>
                        <i>1 0 0 0 1 0 0 0 1 3.13461 2.55994 3.97699</i>
                        <i>1 0 0 0 1 0 0 0 1 3.13461 2.55976 3.97699</i>
                        <i>1 0 0 0 1 0 0 0 1 3.13461 2.55957 3.97699</i>
                        <i>1 0 0 0 1 0 0 0 1 3.13461 2.55938 3.97699</i>
                        <i>1 0 0 0 1 0 0 0 1 3.13461 2.55918 3.97699</i>
                        <i>1 0 0 0 1 0 0 0 1 3.13461 2.55898 3.97699</i>
                        <i>1 0 0 0 1 0 0 0 1 3.13461 2.55878 3.97699</i>
                        <i>1 0 0 0 1 0 0 0 1 3.13461 2.55858 3.97699</i>
                        <i>1 0 0 0 1 0 0 0 1 3.13461 2.55837 3.97699</i>
                        <i>1 0 0 0 1 0 0 0 1 3.13461 2.55816 3.97699</i>
                        <i>1 0 0 0 1 0 0 0 1 3.13461 2.55795 3.97699</i>
                        <i>1 0 0 0 1 0 0 0 1 3.13461 2.55774 3.97699</i>
                        <i>1 0 0 0 1 0 0 0 1 3.13461 2.55754 3.97699</i>
                        <i>1 0 0 0 1 0 0 0 1 3.13461 2.55733 3.97699</i>
                        <i>1 0 0 0 1 0 0 0 1 3.13461 2.55713 3.97699</i>
                        <i>1 0 0 0 1 0 0 0 1 3.13461 2.55693 3.97699</i>
                        <i>1 0 0 0 1 0 0 0 1 3.13461 2.55673 3.97699</i>
                        <i>1 0 0 0 1 0 0 0 1 3.13461 2.55653 3.97699</i>
                        <i>1 0 0 0 1 0 0 0 1 3.13461 2.55634 3.97699</i>
                        <i>1 0 0 0 1 0 0 0 1 3.13461 2.55616 3.97699</i>
                        <i>1 0 0 0 1 0 0 0 1 3.13461 2.55598 3.97699</i>
                        <i>1 0 0 0 1 0 0 0 1 3.13461 2.55581 3.97699</i>
                        <i>1 0 0 0 1 0 0 0 1 3.13461 2.55564 3.97699</i>
                        <i>1 0 0 0 1 0 0 0 1 3.13461 2.55549 3.97699</i>
                        <i>1 0 0 0 1 0 0 0 1 3.13461 2.55534 3.97699</i>
                        <i>1 0 0 0 1 0 0 0 1 3.13461 2.5552 3.97699</i>
                        <i>1 0 0 0 1 0 0 0 1 3.13461 2.55507 3.97699</i>
                        <i>1 0 0 0 1 0 0 0 1 3.13461 2.55495 3.97699</i>
                        <i>1 0 0 0 1 0 0 0 1 3.13461 2.55484 3.97699</i>
                        <i>1 0 0 0 1 0 0 0 1 3.13461 2.55474 3.97699</i>
                        <i>1 0 0 0 1 0 0 0 1 3.13461 2.55465 3.97699</i>
                        <i>1 0 0 0 1 0 0 0 1 3.13461 2.55458 3.97699</i>
                        <i>1 0 0 0 1 0 0 0 1 3.13461 2.55452 3.97699</i>
                        <i>1 0 0 0 1 0 0 0 1 3.13461 2.55447 3.97699</i>
                        <i>1 0 0 0 1 0 0 0 1 3.13461 2.55444 3.97699</i>
                        <i>1 0 0 0 1 0 0 0 1 3.13461 2.55442 3.97699</i>
                        <i>1 0 0 0 1 0 0 0 1 3.13461 2.55442 3.97699</i>
                        <i>1 0 0 0 1 0 0 0 1 3.13461 2.55441 3.97699</i>
                        <i>1 0 0 0 1 0 0 0 1 3.13461 2.55442 3.97699</i>
                        <i>1 0 0 0 1 0 0 0 1 3.13461 2.55443 3.97699</i>
                        <i>1 0 0 0 1 0 0 0 1 3.13461 2.55444 3.97699</i>
                        <i>1 0 0 0 1 0 0 0 1 3.13461 2.55447 3.97699</i>
                        <i>1 0 0 0 1 0 0 0 1 3.13461 2.5545 3.97699</i>
                        <i>1 0 0 0 1 0 0 0 1 3.13461 2.55454 3.97699</i>
                        <i>1 0 0 0 1 0 0 0 1 3.13461 2.55459 3.97699</i>
                        <i>1 0 0 0 1 0 0 0 1 3.13461 2.55465 3.97699</i>
                        <i>1 0 0 0 1 0 0 0 1 3.13461 2.55473 3.97699</i>
                        <i>1 0 0 0 1 0 0 0 1 3.13461 2.55481 3.97699</i>
                        <i>1 0 0 0 1 0 0 0 1 3.13461 2.5549 3.97699</i>
                        <i>1 0 0 0 1 0 0 0 1 3.13461 2.55501 3.97699</i>
                        <i>1 0 0 0 1 0 0 0 1 3.13461 2.55513 3.97699</i>
                        <i>1 0 0 0 1 0 0 0 1 3.13461 2.55527 3.97699</i>
                        <i>1 0 0 0 1 0 0 0 1 3.13461 2.55542 3.97699</i>
                        <i>1 0 0 0 1 0 0 0 1 3.13461 2.55558 3.97699</i>
                        <i>1 0 0 0 1 0 0 0 1 3.13461 2.55576 3.97699</i>
                        <i>1 0 0 0 1 0 0 0 1 3.13461 2.55596 3.97699</i>
                        <i>1 0 0 0 1 0 0 0 1 3.13461 2.55618 3.97699</i>
                        <i>1 0 0 0 1 0 0 0 1 3.13461 2.55641 3.97699</i>
                        <i>1 0 0 0 1 0 0 0 1 3.13461 2.55666 3.97699</i>
                        <i>1 0 0 0 1 0 0 0 1 3.13461 2.55693 3.97699</i>
                        <i>1 0 0 0 1 0 0 0 1 3.13461 2.55722 3.97699</i>
                        <i>1 0 0 0 1 0 0 0 1 3.13461 2.55753 3.97699</i>
                        <i>1 0 0 0 1 0 0 0 1 3.13461 2.55786 3.97699</i>
                        <i>1 0 0 0 1 0 0 0 1 3.13461 2.55821 3.97699</i>
                        <i>1 0 0 0 1 0 0 0 1 3.13461 2.55858 3.97699</i>
                        <i>1 0 0 0 1 0 0 0 1 3.13461 2.55898 3.97699</i>
                        <i>1 0 0 0 1 0 0 0 1 3.13461 2.5594 3.97699</i>
                        <i>1 0 0 0 1 0 0 0 1 3.13461 2.55984 3.97699</i>
                        <i>1 0 0 0 1 0 0 0 1 3.13461 2.56031 3.97699</i>
                        <i>1 0 0 0 1 0 0 0 1 3.13461 2.56158 3.97699</i>
                        <i>1 0 0 0 1 0 0 0 1 3.13461 2.56401 3.97699</i>
                        <i>1 0 0 0 1 0 0 0 1 3.13461 2.567 3.97699</i>
                        <i>1 0 0 0 1 0 0 0 1 3.13461 2.56993 3.97699</i>
                        <i>1 0 0 0 1 0 0 0 1 3.13461 2.57221 3.97699</i>
                        <i>1 0 0 0 1 0 0 0 1 3.13461 2.57321 3.97699</i>
                        <i>1 0 0 0 1 0 0 0 1 3.13461 2.57246 3.97699</i>
                        <i>1 0 0 0 1 0 0 0 1 3.13461 2.57036 3.97699</i>
                        <i>1 0 0 0 1 0 0 0 1 3.13461 2.56759 3.97699</i>
                        <i>1 0 0 0 1 0 0 0 1 3.13461 2.56486 3.97699</i>
                        <i>1 0 0 0 1 0 0 0 1 3.13461 2.56287 3.97699</i>
                        <i>1 0 0 0 1 0 0 0 1 3.13461 2.56231 3.97699</i>
                        <i>1 0 0 0 1 0 0 0 1 3.13461 2.56284 3.97699</i>
                        <i>1 0 0 0 1 0 0 0 1 3.13461 2.56362 3.97699</i>
                        <i>1 0 0 0 1 0 0 0 1 3.13461 2.56463 3.97699</i>
                        <i>1 0 0 0 1 0 0 0 1 3.13461 2.56584 3.97699</i>
                        <i>1 0 0 0 1 0 0 0 1 3.13461 2.56722 3.97699</i>
                        <i>1 0 0 0 1 0 0 0 1 3.13461 2.56873 3.97699</i>
                        <i>1 0 0 0 1 0 0 0 1 3.13461 2.57034 3.97699</i>
                        <i>1 0 0 0 1 0 0 0 1 3.13461 2.57204 3.97699</i>
                        <i>1 0 0 0 1 0 0 0 1 3.13461 2.57378 3.97699</i>
                        <i>1 0 0 0 1 0 0 0 1 3.13461 2.57554 3.97699</i>
                        <i>1 0 0 0 1 0 0 0 1 3.13461 2.57729 3.97699</i>
                        <i>1 0 0 0 1 0 0 0 1 3.13461 2.579 3.97699</i>
                        <i>1 0 0 0 1 0 0 0 1 3.13461 2.58063 3.97699</i>
                        <i>1 0 0 0 1 0 0 0 1 3.13461 2.58268 3.97699</i>
                        <i>1 0 0 0 1 0 0 0 1 3.13461 2.58529 3.97699</i>
                        <i>1 0 0 0 1 0 0 0 1 3.13461 2.58789 3.97699</i>
                        <i>1 0 0 0 1 0 0 0 1 3.13461 2.58995 3.97699</i>
                        <i>1 0 0 0 1 0 0 0 1 3.13461 2.5909 3.97699</i>
                        <i>1 0 0 0 1 0 0 0 1 3.13461 2.59106 3.97699</i>
                        <i>1 0 0 0 1 0 0 0 1 3.13461 2.59108 3.97699</i>
                        <i>1 0 0 0 1 0 0 0 1 3.13461 2.59096 3.97699</i>
                        <i>1 0 0 0 1 0 0 0 1 3.13461 2.59065 3.97699</i>
                        <i>1 0 0 0 1 0 0 0 1 3.13461 2.59014 3.97699</i>
                        <i>1 0 0 0 1 0 0 0 1 3.13461 2.58942 3.97699</i>
                        <i>1 0 0 0 1 0 0 0 1 3.13461 2.58845 3.97699</i>
                        <i>1 0 0 0 1 0 0 0 1 3.13461 2.58722 3.97699</i>
                        <i>1 0 0 0 1 0 0 0 1 3.13461 2.5857 3.97699</i>
                        <i>1 0 0 0 1 0 0 0 1 3.13461 2.58386 3.97699</i>
                        <i>1 0 0 0 1 0 0 0 1 3.13461 2.58021 3.97699</i>
                        <i>1 0 0 0 1 0 0 0 1 3.13461 2.57439 3.97699</i>
                        <i>1 0 0 0 1 0 0 0 1 3.13461 2.5681 3.97699</i>
                        <i>1 0 0 0 1 0 0 0 1 3.13461 2.56307 3.97699</i>
                        <i>1 0 0 0 1 0 0 0 1 3.13461 2.56102 3.97699</i>
                        <i>1 0 0 0 1 0 0 0 1 3.13461 2.56102 3.97699</i>
                        <i>1 0 0 0 1 0 0 0 1 3.13461 2.56102 3.97699</i>
                        <i>1 0 0 0 1 0 0 0 1 3.13461 2.56102 3.97699</i>
                        <i>1 0 0 0 1 0 0 0 1 3.13461 2.56102 3.97699</i>
                        <i>1 0 0 0 1 0 0 0 1 3.13461 2.56102 3.97699</i>
                        <i>1 0 0 0 1 0 0 0 1 3.13461 2.56102 3.97699</i>
                        <i>1 0 0 0 1 0 0 0 1 3.13461 2.56102 3.97699</i>
                        <i>1 0 0 0 1 0 0 0 1 3.13461 2.56102 3.97699</i>
                        <i>1 0 0 0 1 0 0 0 1 3.13461 2.56102 3.97699</i>
                        <i>1 0 0 0 1 0 0 0 1 3.13461 2.56102 3.97699</i>
                    </KeyFrames>
                </p>
            </i>
            <i>
                <p>
                    <Name><![CDATA[spine0]]></Name>
                    <Exclude>0</Exclude>
                    <Additive>0</Additive>
                    <IKPriority>0</IKPriority>
                    <IKRotLimits>-1e+010 -1e+010 -1e+010 1e+010 1e+010 1e+010</IKRotLimits>
                    <IKRotLimitOrder>0</IKRotLimitOrder>
                    <KeyFrames count="190">
                        <i>-0.0116189 0.999871 -0.0110436 -0.0845369 -0.011987 -0.996348 -0.996353 -0.0106429 0.0846653 3.17916 2.69739 3.96637</i>
                        <i>-0.0116705 0.999871 -0.0109971 -0.0845378 -0.011945 -0.996349 -0.996352 -0.0106982 0.0846663 3.17916 2.69675 3.96637</i>
                        <i>-0.01182 0.999871 -0.0108625 -0.0845402 -0.0118236 -0.99635 -0.99635 -0.0108585 0.0846691 3.17916 2.69604 3.96637</i>
                        <i>-0.0120598 0.999871 -0.0106475 -0.0845441 -0.0116297 -0.996352 -0.996347 -0.0111156 0.0846734 3.17916 2.6953 3.96637</i>
                        <i>-0.0123823 0.99987 -0.0103596 -0.0845493 -0.0113703 -0.996354 -0.996342 -0.0114613 0.0846791 3.17916 2.69454 3.96637</i>
                        <i>-0.0127799 0.999868 -0.0100065 -0.0845557 -0.0110522 -0.996357 -0.996337 -0.0118872 0.0846858 3.17916 2.69376 3.96637</i>
                        <i>-0.0132449 0.999866 -0.00959581 -0.0845631 -0.0106824 -0.996361 -0.99633 -0.0123853 0.0846932 3.17916 2.69299 3.96637</i>
                        <i>-0.0137698 0.999863 -0.00913507 -0.0845713 -0.0102678 -0.996365 -0.996322 -0.0129472 0.0847012 3.17916 2.69224 3.96637</i>
                        <i>-0.0143469 0.99986 -0.00863191 -0.0845803 -0.00981541 -0.996368 -0.996313 -0.0135647 0.0847093 3.17916 2.69152 3.96637</i>
                        <i>-0.0149687 0.999855 -0.00809395 -0.08459 -0.00933213 -0.996372 -0.996303 -0.0142297 0.0847174 3.17916 2.69086 3.96637</i>
                        <i>-0.0156274 0.99985 -0.00752878 -0.0846 -0.0088249 -0.996376 -0.996292 -0.0149338 0.0847252 3.17916 2.69026 3.96637</i>
                        <i>-0.0163155 0.999843 -0.00694402 -0.0846104 -0.00830064 -0.99638 -0.996281 -0.0156689 0.0847325 3.17916 2.68974 3.96637</i>
                        <i>-0.0170253 0.999835 -0.00634726 -0.084621 -0.00776628 -0.996383 -0.996268 -0.0164266 0.0847392 3.17916 2.68931 3.96637</i>
                        <i>-0.0177493 0.999826 -0.00574609 -0.0846316 -0.00722873 -0.996386 -0.996254 -0.0171988 0.0847451 3.17916 2.689 3.96637</i>
                        <i>-0.0184796 0.999816 -0.0051481 -0.0846421 -0.0066949 -0.996389 -0.99624 -0.0179771 0.0847502 3.17916 2.68881 3.96637</i>
                        <i>-0.0192087 0.999805 -0.00456086 -0.0846523 -0.00617167 -0.996391 -0.996225 -0.0187533 0.0847544 3.17916 2.68865 3.96637</i>
                        <i>-0.0199289 0.999793 -0.00399193 -0.0846622 -0.00566593 -0.996394 -0.99621 -0.019519 0.0847577 3.17916 2.68842 3.96637</i>
                        <i>-0.0206324 0.999781 -0.00344887 -0.0846716 -0.00518455 -0.996395 -0.996195 -0.020266 0.0847601 3.17916 2.68816 3.96637</i>
                        <i>-0.0213116 0.999769 -0.0029392 -0.0846804 -0.00473438 -0.996397 -0.99618 -0.0209859 0.0847617 3.17916 2.68788 3.96637</i>
                        <i>-0.0219586 0.999756 -0.00247047 -0.0846884 -0.00432227 -0.996398 -0.996166 -0.0216703 0.0847627 3.17916 2.68761 3.96637</i>
                        <i>-0.0225658 0.999743 -0.0020502 -0.0846956 -0.00395505 -0.996399 -0.996151 -0.0223109 0.0847631 3.17916 2.68737 3.96637</i>
                        <i>-0.0231254 0.999731 -0.00168587 -0.0847017 -0.00363954 -0.9964 -0.996138 -0.0228993 0.0847631 3.17916 2.68718 3.96637</i>
                        <i>-0.0236296 0.99972 -0.00138499 -0.0847067 -0.00338254 -0.9964 -0.996126 -0.0234272 0.0847629 3.17916 2.68708 3.96637</i>
                        <i>-0.0240705 0.99971 -0.00115507 -0.0847104 -0.00319086 -0.996401 -0.996115 -0.023886 0.0847626 3.17916 2.68707 3.96637</i>
                        <i>-0.0244405 0.999701 -0.00100358 -0.0847127 -0.00307131 -0.996401 -0.996106 -0.0242675 0.0847624 3.17916 2.6872 3.96637</i>
                        <i>-0.0247317 0.999694 -0.00093802 -0.0847135 -0.00303068 -0.996401 -0.996098 -0.0245633 0.0847625 3.17916 2.68747 3.96637</i>
                        <i>-0.0249471 0.999688 -0.00112997 -0.0847094 -0.00324016 -0.9964 -0.996093 -0.0247615 0.0847638 3.17916 2.68792 3.96637</i>
                        <i>-0.0250926 0.999684 -0.00170416 -0.0846981 -0.00382453 -0.996399 -0.996091 -0.024858 0.0847673 3.17916 2.68857 3.96637</i>
                        <i>-0.0251656 0.99968 -0.00259783 -0.0846807 -0.00472102 -0.996397 -0.99609 -0.0248549 0.0847724 3.17916 2.68943 3.96637</i>
                        <i>-0.0251629 0.999676 -0.00374835 -0.0846583 -0.00586697 -0.996393 -0.996092 -0.0247548 0.0847785 3.17916 2.69055 3.96637</i>
                        <i>-0.0250858 0.999672 -0.00509281 -0.0846321 -0.00719983 -0.996386 -0.996096 -0.0245641 0.084785 3.17916 2.69193 3.96637</i>
                        <i>-0.0249417 0.999667 -0.00656791 -0.0846034 -0.00865714 -0.996377 -0.996103 -0.0242957 0.0847911 3.17916 2.6936 3.96637</i>
                        <i>-0.0247371 0.999661 -0.00811045 -0.0845732 -0.0101765 -0.996365 -0.99611 -0.0239613 0.0847962 3.17916 2.69676 3.96637</i>
                        <i>-0.0244788 0.999654 -0.00965734 -0.0845428 -0.0116957 -0.996351 -0.996119 -0.023573 0.0847998 3.17916 2.70205 3.96637</i>
                        <i>-0.0241732 0.999646 -0.0111455 -0.0845134 -0.0131523 -0.996336 -0.996129 -0.0231427 0.0848014 3.17916 2.70869 3.96637</i>
                        <i>-0.0238271 0.999638 -0.012512 -0.0844865 -0.0144843 -0.996319 -0.99614 -0.0226823 0.084801 3.17916 2.71589 3.96637</i>
                        <i>-0.0234468 0.999631 -0.0136938 -0.0844632 -0.0156293 -0.996304 -0.996151 -0.0222035 0.0847985 3.17916 2.72286 3.96637</i>
                        <i>-0.023039 0.999628 -0.0146279 -0.0844449 -0.0165253 -0.996291 -0.996162 -0.0217183 0.0847941 3.17916 2.72881 3.96637</i>
                        <i>-0.0226103 0.999628 -0.0152511 -0.0844329 -0.0171099 -0.996282 -0.996173 -0.0212386 0.0847883 3.17916 2.73296 3.96637</i>
                        <i>-0.0221672 0.999634 -0.0155004 -0.0844285 -0.0173206 -0.996279 -0.996183 -0.020776 0.0847816 3.17916 2.73452 3.96637</i>
                        <i>-0.0213027 0.999652 -0.0155764 -0.0844285 -0.017323 -0.996279 -0.996202 -0.0199084 0.0847681 3.17916 2.7345 3.96637</i>
                        <i>-0.0197332 0.999682 -0.0157115 -0.0844285 -0.0173246 -0.996279 -0.996234 -0.0183333 0.0847435 3.17916 2.73444 3.96637</i>
                        <i>-0.0176502 0.999718 -0.0158893 -0.0844284 -0.0173253 -0.996279 -0.996273 -0.016243 0.0847104 3.17916 2.73438 3.96637</i>
                        <i>-0.0152458 0.999754 -0.0160935 -0.0844285 -0.017325 -0.996279 -0.996313 -0.0138304 0.0846718 3.17916 2.73433 3.96637</i>
                        <i>-0.0127129 0.999786 -0.0163077 -0.0844285 -0.0173241 -0.996279 -0.996348 -0.0112887 0.0846307 3.17916 2.73431 3.96637</i>
                        <i>-0.0102447 0.999811 -0.016516 -0.0844285 -0.0173228 -0.996279 -0.996377 -0.00881216 0.08459 3.17916 2.73244 3.96637</i>
                        <i>-0.00803538 0.999828 -0.0167023 -0.0844285 -0.0173215 -0.996279 -0.996397 -0.00659533 0.0845532 3.17916 2.72732 3.96637</i>
                        <i>-0.00627951 0.999838 -0.0168508 -0.0844285 -0.017321 -0.996279 -0.99641 -0.00483346 0.0845236 3.17916 2.7197 3.96637</i>
                        <i>-0.00517207 0.999843 -0.0169456 -0.0844285 -0.017322 -0.996279 -0.996416 -0.00372213 0.0845049 3.17916 2.71034 3.96637</i>
                        <i>-0.0049084 0.999844 -0.0169711 -0.0844285 -0.017325 -0.996279 -0.996417 -0.00345729 0.0845003 3.17916 2.69998 3.96637</i>
                        <i>-0.00573329 0.999843 -0.0167959 -0.0844306 -0.0172202 -0.996281 -0.996413 -0.00429388 0.084516 3.17916 2.68938 3.96637</i>
                        <i>-0.00758724 0.999838 -0.0163445 -0.0844366 -0.0169272 -0.996285 -0.9964 -0.00617898 0.0845513 3.17916 2.67928 3.96637</i>
                        <i>-0.0102086 0.999825 -0.0156846 -0.0844455 -0.0164914 -0.996292 -0.996376 -0.00884628 0.0845991 3.17916 2.67043 3.96637</i>
                        <i>-0.013335 0.9998 -0.0148844 -0.0844564 -0.0159587 -0.996299 -0.996338 -0.0120285 0.0846524 3.17916 2.66359 3.96637</i>
                        <i>-0.0167031 0.999762 -0.0140129 -0.0844683 -0.0153757 -0.996308 -0.996286 -0.0154578 0.0847051 3.17916 2.6595 3.96637</i>
                        <i>-0.0200495 0.999713 -0.0131404 -0.0844803 -0.01479 -0.996315 -0.996223 -0.0188655 0.0847525 3.17916 2.66189 3.96637</i>
                        <i>-0.0231103 0.999657 -0.0123377 -0.0844912 -0.0142498 -0.996322 -0.996156 -0.0219829 0.0847915 3.17916 2.67113 3.96637</i>
                        <i>-0.0256223 0.999604 -0.0116762 -0.0845003 -0.0138039 -0.996328 -0.996094 -0.0245415 0.0848204 3.17916 2.68296 3.96637</i>
                        <i>-0.0273221 0.999564 -0.0112272 -0.0845064 -0.0135008 -0.996331 -0.996048 -0.0262731 0.0848384 3.17916 2.69314 3.96637</i>
                        <i>-0.0279471 0.999548 -0.0110618 -0.0845087 -0.0133891 -0.996333 -0.996031 -0.0269098 0.0848447 3.17916 2.69739 3.96637</i>
                        <i>-0.0283996 0.999537 -0.0108772 -0.0845116 -0.0132436 -0.996334 -0.996018 -0.0273762 0.0848486 3.17916 2.69726 3.96637</i>
                        <i>-0.029464 0.999511 -0.0104382 -0.0845186 -0.0128965 -0.996338 -0.995986 -0.0284739 0.0848573 3.17916 2.69713 3.96637</i>
                        <i>-0.0307012 0.999479 -0.00991691 -0.084527 -0.0124822 -0.996343 -0.995948 -0.0297507 0.0848662 3.17916 2.69698 3.96637</i>
                        <i>-0.0316721 0.999453 -0.00948572 -0.0845339 -0.0121351 -0.996347 -0.995917 -0.0307545 0.0848721 3.17916 2.69683 3.96637</i>
                        <i>-0.0319373 0.999446 -0.00931732 -0.0845369 -0.0119898 -0.996348 -0.995908 -0.031033 0.084873 3.17916 2.69666 3.96637</i>
                        <i>-0.0314287 0.999462 -0.00936214 -0.0845368 -0.0119913 -0.996348 -0.995925 -0.0305224 0.0848682 3.17916 2.69649 3.96637</i>
                        <i>-0.030446 0.999492 -0.00944902 -0.0845368 -0.0119944 -0.996348 -0.995955 -0.029536 0.084859 3.17916 2.69632 3.96637</i>
                        <i>-0.0291009 0.999531 -0.00956841 -0.0845367 -0.0119992 -0.996348 -0.995995 -0.0281858 0.0848462 3.17916 2.69614 3.96637</i>
                        <i>-0.0275055 0.999574 -0.0097107 -0.0845365 -0.0120056 -0.996348 -0.996041 -0.0265841 0.0848308 3.17916 2.69595 3.96637</i>
                        <i>-0.0257718 0.999619 -0.0098663 -0.0845364 -0.0120135 -0.996348 -0.996087 -0.0248436 0.0848138 3.17916 2.69576 3.96637</i>
                        <i>-0.0240125 0.999661 -0.0100256 -0.0845362 -0.012023 -0.996348 -0.996131 -0.0230773 0.0847963 3.17916 2.69556 3.96637</i>
                        <i>-0.0223405 0.999699 -0.0101789 -0.084536 -0.0120339 -0.996348 -0.99617 -0.0213984 0.0847793 3.17916 2.69536 3.96637</i>
                        <i>-0.0208691 0.999729 -0.0103166 -0.0845357 -0.0120463 -0.996348 -0.996202 -0.0199208 0.0847642 3.17916 2.69516 3.96637</i>
                        <i>-0.0197121 0.999751 -0.0104289 -0.0845354 -0.0120601 -0.996347 -0.996225 -0.0187585 0.0847521 3.17916 2.69495 3.96637</i>
                        <i>-0.0189835 0.999765 -0.0105061 -0.0845351 -0.0120753 -0.996347 -0.99624 -0.0180261 0.0847445 3.17916 2.69474 3.96637</i>
                        <i>-0.0184975 0.999773 -0.0105639 -0.0845348 -0.0120918 -0.996347 -0.996249 -0.0175369 0.0847393 3.17916 2.69454 3.96637</i>
                        <i>-0.0179942 0.999782 -0.0106245 -0.0845345 -0.0121094 -0.996347 -0.996258 -0.0170304 0.0847339 3.17916 2.69433 3.96637</i>
                        <i>-0.0174777 0.99979 -0.0106873 -0.0845341 -0.0121282 -0.996347 -0.996267 -0.0165104 0.0847283 3.17916 2.69412 3.96637</i>
                        <i>-0.0169517 0.999798 -0.010752 -0.0845337 -0.0121481 -0.996347 -0.996276 -0.0159808 0.0847226 3.17916 2.69391 3.96637</i>
                        <i>-0.01642 0.999807 -0.0108182 -0.0845333 -0.012169 -0.996346 -0.996285 -0.0154455 0.0847167 3.17916 2.69371 3.96637</i>
                        <i>-0.0158864 0.999815 -0.0108855 -0.0845328 -0.012191 -0.996346 -0.996294 -0.0149081 0.0847108 3.17916 2.6935 3.96637</i>
                        <i>-0.0153547 0.999822 -0.0109537 -0.0845324 -0.0122138 -0.996346 -0.996302 -0.0143726 0.0847049 3.17916 2.6933 3.96637</i>
                        <i>-0.0148286 0.999829 -0.0110222 -0.0845319 -0.0122375 -0.996346 -0.99631 -0.0138427 0.0846989 3.17916 2.6931 3.96637</i>
                        <i>-0.014312 0.999836 -0.0110907 -0.0845314 -0.012262 -0.996345 -0.996318 -0.0133222 0.084693 3.17916 2.69291 3.96637</i>
                        <i>-0.0138085 0.999842 -0.0111588 -0.0845309 -0.0122872 -0.996345 -0.996325 -0.0128147 0.0846872 3.17916 2.69272 3.96637</i>
                        <i>-0.0133218 0.999848 -0.0112262 -0.0845304 -0.0123131 -0.996345 -0.996332 -0.0123242 0.0846816 3.17916 2.69254 3.96637</i>
                        <i>-0.0128558 0.999854 -0.0112925 -0.0845298 -0.0123397 -0.996345 -0.996338 -0.0118542 0.0846761 3.17916 2.69236 3.96637</i>
                        <i>-0.0124141 0.999858 -0.0113572 -0.0845293 -0.0123668 -0.996344 -0.996344 -0.0114087 0.0846708 3.17916 2.69218 3.96637</i>
                        <i>-0.0120004 0.999863 -0.0114201 -0.0845287 -0.0123944 -0.996344 -0.996349 -0.0109912 0.0846659 3.17916 2.69202 3.96637</i>
                        <i>-0.0116184 0.999867 -0.0114808 -0.0845282 -0.0124225 -0.996344 -0.996353 -0.0106055 0.0846612 3.17916 2.69186 3.96637</i>
                        <i>-0.0112719 0.99987 -0.0115388 -0.0845276 -0.012451 -0.996343 -0.996357 -0.0102554 0.0846569 3.17916 2.69171 3.96637</i>
                        <i>-0.0109647 0.999873 -0.0115937 -0.084527 -0.0124797 -0.996343 -0.996361 -0.00994457 0.0846531 3.17916 2.69157 3.96637</i>
                        <i>-0.0107003 0.999875 -0.0116453 -0.0845264 -0.0125088 -0.996343 -0.996364 -0.00967681 0.0846497 3.17916 2.69144 3.96637</i>
                        <i>-0.0104826 0.999877 -0.0116932 -0.0845258 -0.012538 -0.996342 -0.996366 -0.00945586 0.0846468 3.17916 2.69132 3.96637</i>
