<?xml version="1.0" encoding="ISO-8859-1" ?>
<Animl Version="1">
    <ModellingPackage><![CDATA[Maya.2010]]></ModellingPackage>
    <SrcFile><![CDATA[anims\turrets\antiair\red\~src\aa_gladiator\aa_gladiator_idle_crewman_a.mb]]></SrcFile>
    <FramesPerSecond>30</FramesPerSecond>
    <TotalFrames>180</TotalFrames>
    <Skeleton>
        <RefFrame>
            <Name><![CDATA[soldier_ref_frame]]></Name>
            <Exclude>0</Exclude>
            <Additive>0</Additive>
            <IKPriority>0</IKPriority>
            <IKRotLimits>-1e+010 -1e+010 -1e+010 1e+010 1e+010 1e+010</IKRotLimits>
            <IKRotLimitOrder>0</IKRotLimitOrder>
            <KeyFrames count="180">
                <i>1 0 0 0 1 0 0 0 1 4.31 1.49 -2.5</i>
                <i>1 0 0 0 1 0 0 0 1 4.31 1.49 -2.5</i>
                <i>1 0 0 0 1 0 0 0 1 4.31 1.49 -2.5</i>
                <i>1 0 0 0 1 0 0 0 1 4.31 1.49 -2.5</i>
                <i>1 0 0 0 1 0 0 0 1 4.31 1.49 -2.5</i>
                <i>1 0 0 0 1 0 0 0 1 4.31 1.49 -2.5</i>
                <i>1 0 0 0 1 0 0 0 1 4.31 1.49 -2.5</i>
                <i>1 0 0 0 1 0 0 0 1 4.31 1.49 -2.5</i>
                <i>1 0 0 0 1 0 0 0 1 4.31 1.49 -2.5</i>
                <i>1 0 0 0 1 0 0 0 1 4.31 1.49 -2.5</i>
                <i>1 0 0 0 1 0 0 0 1 4.31 1.49 -2.5</i>
                <i>1 0 0 0 1 0 0 0 1 4.31 1.49 -2.5</i>
                <i>1 0 0 0 1 0 0 0 1 4.31 1.49 -2.5</i>
                <i>1 0 0 0 1 0 0 0 1 4.31 1.49 -2.5</i>
                <i>1 0 0 0 1 0 0 0 1 4.31 1.49 -2.5</i>
                <i>1 0 0 0 1 0 0 0 1 4.31 1.49 -2.5</i>
                <i>1 0 0 0 1 0 0 0 1 4.31 1.49 -2.5</i>
                <i>1 0 0 0 1 0 0 0 1 4.31 1.49 -2.5</i>
                <i>1 0 0 0 1 0 0 0 1 4.31 1.49 -2.5</i>
                <i>1 0 0 0 1 0 0 0 1 4.31 1.49 -2.5</i>
                <i>1 0 0 0 1 0 0 0 1 4.31 1.49 -2.5</i>
                <i>1 0 0 0 1 0 0 0 1 4.31 1.49 -2.5</i>
                <i>1 0 0 0 1 0 0 0 1 4.31 1.49 -2.5</i>
                <i>1 0 0 0 1 0 0 0 1 4.31 1.49 -2.5</i>
                <i>1 0 0 0 1 0 0 0 1 4.31 1.49 -2.5</i>
                <i>1 0 0 0 1 0 0 0 1 4.31 1.49 -2.5</i>
                <i>1 0 0 0 1 0 0 0 1 4.31 1.49 -2.5</i>
                <i>1 0 0 0 1 0 0 0 1 4.31 1.49 -2.5</i>
                <i>1 0 0 0 1 0 0 0 1 4.31 1.49 -2.5</i>
                <i>1 0 0 0 1 0 0 0 1 4.31 1.49 -2.5</i>
                <i>1 0 0 0 1 0 0 0 1 4.31 1.49 -2.5</i>
                <i>1 0 0 0 1 0 0 0 1 4.31 1.49 -2.5</i>
                <i>1 0 0 0 1 0 0 0 1 4.31 1.49 -2.5</i>
                <i>1 0 0 0 1 0 0 0 1 4.31 1.49 -2.5</i>
                <i>1 0 0 0 1 0 0 0 1 4.31 1.49 -2.5</i>
                <i>1 0 0 0 1 0 0 0 1 4.31 1.49 -2.5</i>
                <i>1 0 0 0 1 0 0 0 1 4.31 1.49 -2.5</i>
                <i>1 0 0 0 1 0 0 0 1 4.31 1.49 -2.5</i>
                <i>1 0 0 0 1 0 0 0 1 4.31 1.49 -2.5</i>
                <i>1 0 0 0 1 0 0 0 1 4.31 1.49 -2.5</i>
                <i>1 0 0 0 1 0 0 0 1 4.31 1.49 -2.5</i>
                <i>1 0 0 0 1 0 0 0 1 4.31 1.49 -2.5</i>
                <i>1 0 0 0 1 0 0 0 1 4.31 1.49 -2.5</i>
                <i>1 0 0 0 1 0 0 0 1 4.31 1.49 -2.5</i>
                <i>1 0 0 0 1 0 0 0 1 4.31 1.49 -2.5</i>
                <i>1 0 0 0 1 0 0 0 1 4.31 1.49 -2.5</i>
                <i>1 0 0 0 1 0 0 0 1 4.31 1.49 -2.5</i>
                <i>1 0 0 0 1 0 0 0 1 4.31 1.49 -2.5</i>
                <i>1 0 0 0 1 0 0 0 1 4.31 1.49 -2.5</i>
                <i>1 0 0 0 1 0 0 0 1 4.31 1.49 -2.5</i>
                <i>1 0 0 0 1 0 0 0 1 4.31 1.49 -2.5</i>
                <i>1 0 0 0 1 0 0 0 1 4.31 1.49 -2.5</i>
                <i>1 0 0 0 1 0 0 0 1 4.31 1.49 -2.5</i>
                <i>1 0 0 0 1 0 0 0 1 4.31 1.49 -2.5</i>
                <i>1 0 0 0 1 0 0 0 1 4.31 1.49 -2.5</i>
                <i>1 0 0 0 1 0 0 0 1 4.31 1.49 -2.5</i>
                <i>1 0 0 0 1 0 0 0 1 4.31 1.49 -2.5</i>
                <i>1 0 0 0 1 0 0 0 1 4.31 1.49 -2.5</i>
                <i>1 0 0 0 1 0 0 0 1 4.31 1.49 -2.5</i>
                <i>1 0 0 0 1 0 0 0 1 4.31 1.49 -2.5</i>
                <i>1 0 0 0 1 0 0 0 1 4.31 1.49 -2.5</i>
                <i>1 0 0 0 1 0 0 0 1 4.31 1.49 -2.5</i>
                <i>1 0 0 0 1 0 0 0 1 4.31 1.49 -2.5</i>
                <i>1 0 0 0 1 0 0 0 1 4.31 1.49 -2.5</i>
                <i>1 0 0 0 1 0 0 0 1 4.31 1.49 -2.5</i>
                <i>1 0 0 0 1 0 0 0 1 4.31 1.49 -2.5</i>
                <i>1 0 0 0 1 0 0 0 1 4.31 1.49 -2.5</i>
                <i>1 0 0 0 1 0 0 0 1 4.31 1.49 -2.5</i>
                <i>1 0 0 0 1 0 0 0 1 4.31 1.49 -2.5</i>
                <i>1 0 0 0 1 0 0 0 1 4.31 1.49 -2.5</i>
                <i>1 0 0 0 1 0 0 0 1 4.31 1.49 -2.5</i>
                <i>1 0 0 0 1 0 0 0 1 4.31 1.49 -2.5</i>
                <i>1 0 0 0 1 0 0 0 1 4.31 1.49 -2.5</i>
                <i>1 0 0 0 1 0 0 0 1 4.31 1.49 -2.5</i>
                <i>1 0 0 0 1 0 0 0 1 4.31 1.49 -2.5</i>
                <i>1 0 0 0 1 0 0 0 1 4.31 1.49 -2.5</i>
                <i>1 0 0 0 1 0 0 0 1 4.31 1.49 -2.5</i>
                <i>1 0 0 0 1 0 0 0 1 4.31 1.49 -2.5</i>
                <i>1 0 0 0 1 0 0 0 1 4.31 1.49 -2.5</i>
                <i>1 0 0 0 1 0 0 0 1 4.31 1.49 -2.5</i>
                <i>1 0 0 0 1 0 0 0 1 4.31 1.49 -2.5</i>
                <i>1 0 0 0 1 0 0 0 1 4.31 1.49 -2.5</i>
                <i>1 0 0 0 1 0 0 0 1 4.31 1.49 -2.5</i>
                <i>1 0 0 0 1 0 0 0 1 4.31 1.49 -2.5</i>
                <i>1 0 0 0 1 0 0 0 1 4.31 1.49 -2.5</i>
                <i>1 0 0 0 1 0 0 0 1 4.31 1.49 -2.5</i>
                <i>1 0 0 0 1 0 0 0 1 4.31 1.49 -2.5</i>
                <i>1 0 0 0 1 0 0 0 1 4.31 1.49 -2.5</i>
                <i>1 0 0 0 1 0 0 0 1 4.31 1.49 -2.5</i>
                <i>1 0 0 0 1 0 0 0 1 4.31 1.49 -2.5</i>
                <i>1 0 0 0 1 0 0 0 1 4.31 1.49 -2.5</i>
                <i>1 0 0 0 1 0 0 0 1 4.31 1.49 -2.5</i>
                <i>1 0 0 0 1 0 0 0 1 4.31 1.49 -2.5</i>
                <i>1 0 0 0 1 0 0 0 1 4.31 1.49 -2.5</i>
                <i>1 0 0 0 1 0 0 0 1 4.31 1.49 -2.5</i>
                <i>1 0 0 0 1 0 0 0 1 4.31 1.49 -2.5</i>
                <i>1 0 0 0 1 0 0 0 1 4.31 1.49 -2.5</i>
                <i>1 0 0 0 1 0 0 0 1 4.31 1.49 -2.5</i>
                <i>1 0 0 0 1 0 0 0 1 4.31 1.49 -2.5</i>
                <i>1 0 0 0 1 0 0 0 1 4.31 1.49 -2.5</i>
                <i>1 0 0 0 1 0 0 0 1 4.31 1.49 -2.5</i>
                <i>1 0 0 0 1 0 0 0 1 4.31 1.49 -2.5</i>
                <i>1 0 0 0 1 0 0 0 1 4.31 1.49 -2.5</i>
                <i>1 0 0 0 1 0 0 0 1 4.31 1.49 -2.5</i>
                <i>1 0 0 0 1 0 0 0 1 4.31 1.49 -2.5</i>
                <i>1 0 0 0 1 0 0 0 1 4.31 1.49 -2.5</i>
                <i>1 0 0 0 1 0 0 0 1 4.31 1.49 -2.5</i>
                <i>1 0 0 0 1 0 0 0 1 4.31 1.49 -2.5</i>
                <i>1 0 0 0 1 0 0 0 1 4.31 1.49 -2.5</i>
                <i>1 0 0 0 1 0 0 0 1 4.31 1.49 -2.5</i>
                <i>1 0 0 0 1 0 0 0 1 4.31 1.49 -2.5</i>
                <i>1 0 0 0 1 0 0 0 1 4.31 1.49 -2.5</i>
                <i>1 0 0 0 1 0 0 0 1 4.31 1.49 -2.5</i>
                <i>1 0 0 0 1 0 0 0 1 4.31 1.49 -2.5</i>
                <i>1 0 0 0 1 0 0 0 1 4.31 1.49 -2.5</i>
                <i>1 0 0 0 1 0 0 0 1 4.31 1.49 -2.5</i>
                <i>1 0 0 0 1 0 0 0 1 4.31 1.49 -2.5</i>
                <i>1 0 0 0 1 0 0 0 1 4.31 1.49 -2.5</i>
                <i>1 0 0 0 1 0 0 0 1 4.31 1.49 -2.5</i>
                <i>1 0 0 0 1 0 0 0 1 4.31 1.49 -2.5</i>
                <i>1 0 0 0 1 0 0 0 1 4.31 1.49 -2.5</i>
                <i>1 0 0 0 1 0 0 0 1 4.31 1.49 -2.5</i>
                <i>1 0 0 0 1 0 0 0 1 4.31 1.49 -2.5</i>
                <i>1 0 0 0 1 0 0 0 1 4.31 1.49 -2.5</i>
                <i>1 0 0 0 1 0 0 0 1 4.31 1.49 -2.5</i>
                <i>1 0 0 0 1 0 0 0 1 4.31 1.49 -2.5</i>
                <i>1 0 0 0 1 0 0 0 1 4.31 1.49 -2.5</i>
                <i>1 0 0 0 1 0 0 0 1 4.31 1.49 -2.5</i>
                <i>1 0 0 0 1 0 0 0 1 4.31 1.49 -2.5</i>
                <i>1 0 0 0 1 0 0 0 1 4.31 1.49 -2.5</i>
                <i>1 0 0 0 1 0 0 0 1 4.31 1.49 -2.5</i>
                <i>1 0 0 0 1 0 0 0 1 4.31 1.49 -2.5</i>
                <i>1 0 0 0 1 0 0 0 1 4.31 1.49 -2.5</i>
                <i>1 0 0 0 1 0 0 0 1 4.31 1.49 -2.5</i>
                <i>1 0 0 0 1 0 0 0 1 4.31 1.49 -2.5</i>
                <i>1 0 0 0 1 0 0 0 1 4.31 1.49 -2.5</i>
                <i>1 0 0 0 1 0 0 0 1 4.31 1.49 -2.5</i>
                <i>1 0 0 0 1 0 0 0 1 4.31 1.49 -2.5</i>
                <i>1 0 0 0 1 0 0 0 1 4.31 1.49 -2.5</i>
                <i>1 0 0 0 1 0 0 0 1 4.31 1.49 -2.5</i>
                <i>1 0 0 0 1 0 0 0 1 4.31 1.49 -2.5</i>
                <i>1 0 0 0 1 0 0 0 1 4.31 1.49 -2.5</i>
                <i>1 0 0 0 1 0 0 0 1 4.31 1.49 -2.5</i>
                <i>1 0 0 0 1 0 0 0 1 4.31 1.49 -2.5</i>
                <i>1 0 0 0 1 0 0 0 1 4.31 1.49 -2.5</i>
                <i>1 0 0 0 1 0 0 0 1 4.31 1.49 -2.5</i>
                <i>1 0 0 0 1 0 0 0 1 4.31 1.49 -2.5</i>
                <i>1 0 0 0 1 0 0 0 1 4.31 1.49 -2.5</i>
                <i>1 0 0 0 1 0 0 0 1 4.31 1.49 -2.5</i>
                <i>1 0 0 0 1 0 0 0 1 4.31 1.49 -2.5</i>
                <i>1 0 0 0 1 0 0 0 1 4.31 1.49 -2.5</i>
                <i>1 0 0 0 1 0 0 0 1 4.31 1.49 -2.5</i>
                <i>1 0 0 0 1 0 0 0 1 4.31 1.49 -2.5</i>
                <i>1 0 0 0 1 0 0 0 1 4.31 1.49 -2.5</i>
                <i>1 0 0 0 1 0 0 0 1 4.31 1.49 -2.5</i>
                <i>1 0 0 0 1 0 0 0 1 4.31 1.49 -2.5</i>
                <i>1 0 0 0 1 0 0 0 1 4.31 1.49 -2.5</i>
                <i>1 0 0 0 1 0 0 0 1 4.31 1.49 -2.5</i>
                <i>1 0 0 0 1 0 0 0 1 4.31 1.49 -2.5</i>
                <i>1 0 0 0 1 0 0 0 1 4.31 1.49 -2.5</i>
                <i>1 0 0 0 1 0 0 0 1 4.31 1.49 -2.5</i>
                <i>1 0 0 0 1 0 0 0 1 4.31 1.49 -2.5</i>
                <i>1 0 0 0 1 0 0 0 1 4.31 1.49 -2.5</i>
                <i>1 0 0 0 1 0 0 0 1 4.31 1.49 -2.5</i>
                <i>1 0 0 0 1 0 0 0 1 4.31 1.49 -2.5</i>
                <i>1 0 0 0 1 0 0 0 1 4.31 1.49 -2.5</i>
                <i>1 0 0 0 1 0 0 0 1 4.31 1.49 -2.5</i>
                <i>1 0 0 0 1 0 0 0 1 4.31 1.49 -2.5</i>
                <i>1 0 0 0 1 0 0 0 1 4.31 1.49 -2.5</i>
                <i>1 0 0 0 1 0 0 0 1 4.31 1.49 -2.5</i>
                <i>1 0 0 0 1 0 0 0 1 4.31 1.49 -2.5</i>
                <i>1 0 0 0 1 0 0 0 1 4.31 1.49 -2.5</i>
                <i>1 0 0 0 1 0 0 0 1 4.31 1.49 -2.5</i>
                <i>1 0 0 0 1 0 0 0 1 4.31 1.49 -2.5</i>
                <i>1 0 0 0 1 0 0 0 1 4.31 1.49 -2.5</i>
                <i>1 0 0 0 1 0 0 0 1 4.31 1.49 -2.5</i>
                <i>1 0 0 0 1 0 0 0 1 4.31 1.49 -2.5</i>
                <i>1 0 0 0 1 0 0 0 1 4.31 1.49 -2.5</i>
                <i>1 0 0 0 1 0 0 0 1 4.31 1.49 -2.5</i>
                <i>1 0 0 0 1 0 0 0 1 4.31 1.49 -2.5</i>
            </KeyFrames>
        </RefFrame>
        <Bones count="23">
            <i>
                <p>
                    <Name><![CDATA[pelvis]]></Name>
                    <Exclude>0</Exclude>
                    <Additive>0</Additive>
                    <IKPriority>0</IKPriority>
                    <IKRotLimits>-1e+010 -1e+010 -1e+010 1e+010 1e+010 1e+010</IKRotLimits>
                    <IKRotLimitOrder>2</IKRotLimitOrder>
                    <KeyFrames count="180">
                        <i>1 0 0 0 1 0 0 0 1 4.2664 2.57978 -2.66803</i>
                        <i>1 0 0 0 1 0 0 0 1 4.26645 2.57836 -2.66847</i>
                        <i>1 0 0 0 1 0 0 0 1 4.2665 2.57661 -2.66896</i>
                        <i>1 0 0 0 1 0 0 0 1 4.26655 2.57463 -2.66948</i>
                        <i>1 0 0 0 1 0 0 0 1 4.2666 2.57249 -2.67003</i>
                        <i>1 0 0 0 1 0 0 0 1 4.26666 2.5703 -2.67058</i>
                        <i>1 0 0 0 1 0 0 0 1 4.26672 2.56813 -2.67113</i>
                        <i>1 0 0 0 1 0 0 0 1 4.26677 2.56609 -2.67166</i>
                        <i>1 0 0 0 1 0 0 0 1 4.26682 2.56425 -2.67216</i>
                        <i>1 0 0 0 1 0 0 0 1 4.26687 2.56272 -2.67262</i>
                        <i>1 0 0 0 1 0 0 0 1 4.26691 2.56157 -2.67303</i>
                        <i>1 0 0 0 1 0 0 0 1 4.26694 2.5609 -2.67337</i>
                        <i>1 0 0 0 1 0 0 0 1 4.26697 2.5608 -2.67362</i>
                        <i>1 0 0 0 1 0 0 0 1 4.26698 2.56135 -2.67378</i>
                        <i>1 0 0 0 1 0 0 0 1 4.26699 2.56266 -2.67384</i>
                        <i>1 0 0 0 1 0 0 0 1 4.26698 2.5649 -2.67377</i>
                        <i>1 0 0 0 1 0 0 0 1 4.26696 2.56811 -2.67356</i>
                        <i>1 0 0 0 1 0 0 0 1 4.26693 2.57214 -2.67324</i>
                        <i>1 0 0 0 1 0 0 0 1 4.26689 2.57683 -2.67282</i>
                        <i>1 0 0 0 1 0 0 0 1 4.26684 2.58204 -2.67233</i>
                        <i>1 0 0 0 1 0 0 0 1 4.26678 2.58761 -2.6718</i>
                        <i>1 0 0 0 1 0 0 0 1 4.26673 2.5934 -2.67123</i>
                        <i>1 0 0 0 1 0 0 0 1 4.26667 2.59925 -2.67064</i>
                        <i>1 0 0 0 1 0 0 0 1 4.26661 2.60501 -2.67007</i>
                        <i>1 0 0 0 1 0 0 0 1 4.26655 2.61053 -2.66954</i>
                        <i>1 0 0 0 1 0 0 0 1 4.26651 2.61567 -2.66905</i>
                        <i>1 0 0 0 1 0 0 0 1 4.26646 2.62026 -2.66863</i>
                        <i>1 0 0 0 1 0 0 0 1 4.26643 2.62417 -2.66831</i>
                        <i>1 0 0 0 1 0 0 0 1 4.26641 2.62723 -2.6681</i>
                        <i>1 0 0 0 1 0 0 0 1 4.2664 2.6293 -2.66803</i>
                        <i>1 0 0 0 1 0 0 0 1 4.2664 2.63035 -2.66803</i>
                        <i>1 0 0 0 1 0 0 0 1 4.2664 2.63052 -2.66803</i>
                        <i>1 0 0 0 1 0 0 0 1 4.2664 2.62994 -2.66803</i>
                        <i>1 0 0 0 1 0 0 0 1 4.2664 2.62873 -2.66803</i>
                        <i>1 0 0 0 1 0 0 0 1 4.2664 2.62702 -2.66803</i>
                        <i>1 0 0 0 1 0 0 0 1 4.2664 2.62491 -2.66803</i>
                        <i>1 0 0 0 1 0 0 0 1 4.2664 2.62253 -2.66803</i>
                        <i>1 0 0 0 1 0 0 0 1 4.2664 2.62001 -2.66803</i>
                        <i>1 0 0 0 1 0 0 0 1 4.2664 2.61746 -2.66803</i>
                        <i>1 0 0 0 1 0 0 0 1 4.2664 2.615 -2.66803</i>
                        <i>1 0 0 0 1 0 0 0 1 4.2664 2.61276 -2.66803</i>
                        <i>1 0 0 0 1 0 0 0 1 4.2664 2.61086 -2.66803</i>
                        <i>1 0 0 0 1 0 0 0 1 4.2664 2.60942 -2.66803</i>
                        <i>1 0 0 0 1 0 0 0 1 4.2664 2.60856 -2.66803</i>
                        <i>1 0 0 0 1 0 0 0 1 4.2664 2.6084 -2.66803</i>
                        <i>1 0 0 0 1 0 0 0 1 4.2664 2.60913 -2.66803</i>
                        <i>1 0 0 0 1 0 0 0 1 4.2664 2.61073 -2.66803</i>
                        <i>1 0 0 0 1 0 0 0 1 4.2664 2.61304 -2.66803</i>
                        <i>1 0 0 0 1 0 0 0 1 4.2664 2.61587 -2.66803</i>
                        <i>1 0 0 0 1 0 0 0 1 4.2664 2.61903 -2.66803</i>
                        <i>1 0 0 0 1 0 0 0 1 4.2664 2.62236 -2.66803</i>
                        <i>1 0 0 0 1 0 0 0 1 4.2664 2.62565 -2.66803</i>
                        <i>1 0 0 0 1 0 0 0 1 4.2664 2.62875 -2.66803</i>
                        <i>1 0 0 0 1 0 0 0 1 4.2664 2.63146 -2.66803</i>
                        <i>1 0 0 0 1 0 0 0 1 4.2664 2.6336 -2.66803</i>
                        <i>1 0 0 0 1 0 0 0 1 4.2664 2.635 -2.66803</i>
                        <i>1 0 0 0 1 0 0 0 1 4.2664 2.63547 -2.66803</i>
                        <i>1 0 0 0 1 0 0 0 1 4.2664 2.63533 -2.66803</i>
                        <i>1 0 0 0 1 0 0 0 1 4.2664 2.63504 -2.66803</i>
                        <i>1 0 0 0 1 0 0 0 1 4.2664 2.6346 -2.66803</i>
                        <i>1 0 0 0 1 0 0 0 1 4.2664 2.63402 -2.66803</i>
                        <i>1 0 0 0 1 0 0 0 1 4.2664 2.63331 -2.66803</i>
                        <i>1 0 0 0 1 0 0 0 1 4.2664 2.63249 -2.66803</i>
                        <i>1 0 0 0 1 0 0 0 1 4.2664 2.63156 -2.66803</i>
                        <i>1 0 0 0 1 0 0 0 1 4.2664 2.63054 -2.66803</i>
                        <i>1 0 0 0 1 0 0 0 1 4.2664 2.62943 -2.66803</i>
                        <i>1 0 0 0 1 0 0 0 1 4.2664 2.62825 -2.66803</i>
                        <i>1 0 0 0 1 0 0 0 1 4.2664 2.62701 -2.66803</i>
                        <i>1 0 0 0 1 0 0 0 1 4.2664 2.62572 -2.66803</i>
                        <i>1 0 0 0 1 0 0 0 1 4.2664 2.62439 -2.66803</i>
                        <i>1 0 0 0 1 0 0 0 1 4.2664 2.62303 -2.66803</i>
                        <i>1 0 0 0 1 0 0 0 1 4.2664 2.62166 -2.66803</i>
                        <i>1 0 0 0 1 0 0 0 1 4.2664 2.62027 -2.66803</i>
                        <i>1 0 0 0 1 0 0 0 1 4.2664 2.61889 -2.66803</i>
                        <i>1 0 0 0 1 0 0 0 1 4.2664 2.61752 -2.66803</i>
                        <i>1 0 0 0 1 0 0 0 1 4.2664 2.61617 -2.66803</i>
                        <i>1 0 0 0 1 0 0 0 1 4.2664 2.61487 -2.66803</i>
                        <i>1 0 0 0 1 0 0 0 1 4.2664 2.6136 -2.66803</i>
                        <i>1 0 0 0 1 0 0 0 1 4.2664 2.6124 -2.66803</i>
                        <i>1 0 0 0 1 0 0 0 1 4.2664 2.61126 -2.66803</i>
                        <i>1 0 0 0 1 0 0 0 1 4.2664 2.6102 -2.66803</i>
                        <i>1 0 0 0 1 0 0 0 1 4.2664 2.60923 -2.66803</i>
                        <i>1 0 0 0 1 0 0 0 1 4.2664 2.60837 -2.66803</i>
                        <i>1 0 0 0 1 0 0 0 1 4.2664 2.60761 -2.66803</i>
                        <i>1 0 0 0 1 0 0 0 1 4.2664 2.60697 -2.66803</i>
                        <i>1 0 0 0 1 0 0 0 1 4.2664 2.60647 -2.66803</i>
                        <i>1 0 0 0 1 0 0 0 1 4.2664 2.60611 -2.66803</i>
                        <i>1 0 0 0 1 0 0 0 1 4.2664 2.60591 -2.66803</i>
                        <i>1 0 0 0 1 0 0 0 1 4.2664 2.60587 -2.66803</i>
                        <i>1 0 0 0 1 0 0 0 1 4.2664 2.60601 -2.66803</i>
                        <i>1 0 0 0 1 0 0 0 1 4.2664 2.60632 -2.66803</i>
                        <i>1 0 0 0 1 0 0 0 1 4.2664 2.60679 -2.66803</i>
                        <i>1 0 0 0 1 0 0 0 1 4.2664 2.6074 -2.66803</i>
                        <i>1 0 0 0 1 0 0 0 1 4.2664 2.60815 -2.66804</i>
                        <i>1 0 0 0 1 0 0 0 1 4.2664 2.60902 -2.66804</i>
                        <i>1 0 0 0 1 0 0 0 1 4.2664 2.61 -2.66804</i>
                        <i>1 0 0 0 1 0 0 0 1 4.2664 2.61108 -2.66805</i>
                        <i>1 0 0 0 1 0 0 0 1 4.26641 2.61225 -2.66806</i>
                        <i>1 0 0 0 1 0 0 0 1 4.26641 2.6135 -2.66806</i>
                        <i>1 0 0 0 1 0 0 0 1 4.26641 2.61481 -2.66807</i>
                        <i>1 0 0 0 1 0 0 0 1 4.26641 2.61618 -2.66808</i>
                        <i>1 0 0 0 1 0 0 0 1 4.26641 2.61759 -2.66809</i>
                        <i>1 0 0 0 1 0 0 0 1 4.26641 2.61903 -2.6681</i>
                        <i>1 0 0 0 1 0 0 0 1 4.26641 2.62049 -2.66811</i>
                        <i>1 0 0 0 1 0 0 0 1 4.26641 2.62196 -2.66812</i>
                        <i>1 0 0 0 1 0 0 0 1 4.26641 2.62343 -2.66813</i>
                        <i>1 0 0 0 1 0 0 0 1 4.26641 2.62488 -2.66814</i>
                        <i>1 0 0 0 1 0 0 0 1 4.26641 2.62631 -2.66815</i>
                        <i>1 0 0 0 1 0 0 0 1 4.26642 2.6277 -2.66817</i>
                        <i>1 0 0 0 1 0 0 0 1 4.26642 2.62904 -2.66818</i>
                        <i>1 0 0 0 1 0 0 0 1 4.26642 2.63032 -2.66819</i>
                        <i>1 0 0 0 1 0 0 0 1 4.26642 2.63153 -2.66821</i>
                        <i>1 0 0 0 1 0 0 0 1 4.26642 2.63266 -2.66822</i>
                        <i>1 0 0 0 1 0 0 0 1 4.26642 2.63369 -2.66824</i>
                        <i>1 0 0 0 1 0 0 0 1 4.26642 2.63462 -2.66825</i>
                        <i>1 0 0 0 1 0 0 0 1 4.26643 2.63542 -2.66827</i>
                        <i>1 0 0 0 1 0 0 0 1 4.26643 2.6361 -2.66828</i>
                        <i>1 0 0 0 1 0 0 0 1 4.26643 2.63664 -2.6683</i>
                        <i>1 0 0 0 1 0 0 0 1 4.26643 2.63703 -2.66832</i>
                        <i>1 0 0 0 1 0 0 0 1 4.26643 2.63726 -2.66833</i>
                        <i>1 0 0 0 1 0 0 0 1 4.26643 2.63738 -2.66835</i>
                        <i>1 0 0 0 1 0 0 0 1 4.26644 2.63746 -2.66837</i>
                        <i>1 0 0 0 1 0 0 0 1 4.26644 2.63751 -2.66838</i>
                        <i>1 0 0 0 1 0 0 0 1 4.26644 2.63752 -2.6684</i>
                        <i>1 0 0 0 1 0 0 0 1 4.26644 2.63749 -2.66842</i>
                        <i>1 0 0 0 1 0 0 0 1 4.26644 2.63743 -2.66843</i>
                        <i>1 0 0 0 1 0 0 0 1 4.26644 2.63734 -2.66845</i>
                        <i>1 0 0 0 1 0 0 0 1 4.26645 2.63721 -2.66847</i>
                        <i>1 0 0 0 1 0 0 0 1 4.26645 2.63706 -2.66849</i>
                        <i>1 0 0 0 1 0 0 0 1 4.26645 2.63687 -2.6685</i>
                        <i>1 0 0 0 1 0 0 0 1 4.26645 2.63665 -2.66852</i>
                        <i>1 0 0 0 1 0 0 0 1 4.26645 2.6364 -2.66854</i>
                        <i>1 0 0 0 1 0 0 0 1 4.26646 2.63612 -2.66855</i>
                        <i>1 0 0 0 1 0 0 0 1 4.26646 2.63581 -2.66857</i>
                        <i>1 0 0 0 1 0 0 0 1 4.26646 2.63547 -2.66859</i>
                        <i>1 0 0 0 1 0 0 0 1 4.26646 2.63511 -2.6686</i>
                        <i>1 0 0 0 1 0 0 0 1 4.26646 2.63472 -2.66862</i>
                        <i>1 0 0 0 1 0 0 0 1 4.26646 2.63431 -2.66864</i>
                        <i>1 0 0 0 1 0 0 0 1 4.26647 2.63387 -2.66865</i>
                        <i>1 0 0 0 1 0 0 0 1 4.26647 2.63341 -2.66867</i>
                        <i>1 0 0 0 1 0 0 0 1 4.26647 2.63293 -2.66868</i>
                        <i>1 0 0 0 1 0 0 0 1 4.26647 2.63242 -2.6687</i>
                        <i>1 0 0 0 1 0 0 0 1 4.26647 2.6319 -2.66871</i>
                        <i>1 0 0 0 1 0 0 0 1 4.26647 2.63135 -2.66873</i>
                        <i>1 0 0 0 1 0 0 0 1 4.26647 2.63078 -2.66874</i>
                        <i>1 0 0 0 1 0 0 0 1 4.26648 2.63019 -2.66875</i>
                        <i>1 0 0 0 1 0 0 0 1 4.26648 2.62959 -2.66877</i>
                        <i>1 0 0 0 1 0 0 0 1 4.26648 2.62897 -2.66878</i>
                        <i>1 0 0 0 1 0 0 0 1 4.26648 2.62833 -2.66879</i>
                        <i>1 0 0 0 1 0 0 0 1 4.26648 2.62768 -2.6688</i>
                        <i>1 0 0 0 1 0 0 0 1 4.26648 2.62701 -2.66881</i>
                        <i>1 0 0 0 1 0 0 0 1 4.26648 2.62633 -2.66882</i>
                        <i>1 0 0 0 1 0 0 0 1 4.26648 2.62563 -2.66883</i>
                        <i>1 0 0 0 1 0 0 0 1 4.26648 2.62492 -2.66884</i>
                        <i>1 0 0 0 1 0 0 0 1 4.26649 2.6242 -2.66885</i>
                        <i>1 0 0 0 1 0 0 0 1 4.26649 2.62347 -2.66886</i>
                        <i>1 0 0 0 1 0 0 0 1 4.26649 2.62273 -2.66886</i>
                        <i>1 0 0 0 1 0 0 0 1 4.26649 2.62197 -2.66887</i>
                        <i>1 0 0 0 1 0 0 0 1 4.26649 2.62121 -2.66887</i>
                        <i>1 0 0 0 1 0 0 0 1 4.26649 2.62044 -2.66888</i>
                        <i>1 0 0 0 1 0 0 0 1 4.26649 2.61967 -2.66888</i>
                        <i>1 0 0 0 1 0 0 0 1 4.26649 2.61889 -2.66889</i>
                        <i>1 0 0 0 1 0 0 0 1 4.26649 2.6181 -2.66889</i>
                        <i>1 0 0 0 1 0 0 0 1 4.26649 2.61731 -2.66889</i>
                        <i>1 0 0 0 1 0 0 0 1 4.26649 2.61651 -2.66889</i>
                        <i>1 0 0 0 1 0 0 0 1 4.26649 2.61656 -2.6689</i>
                        <i>1 0 0 0 1 0 0 0 1 4.26649 2.61804 -2.66891</i>
                        <i>1 0 0 0 1 0 0 0 1 4.26649 2.62052 -2.66893</i>
                        <i>1 0 0 0 1 0 0 0 1 4.26649 2.62361 -2.66895</i>
                        <i>1 0 0 0 1 0 0 0 1 4.2665 2.62689 -2.66896</i>
                        <i>1 0 0 0 1 0 0 0 1 4.2665 2.62995 -2.66897</i>
                        <i>1 0 0 0 1 0 0 0 1 4.2665 2.63238 -2.66896</i>
                        <i>1 0 0 0 1 0 0 0 1 4.26649 2.63376 -2.66894</i>
                        <i>1 0 0 0 1 0 0 0 1 4.26649 2.6337 -2.6689</i>
                        <i>1 0 0 0 1 0 0 0 1 4.26648 2.63177 -2.66884</i>
                        <i>1 0 0 0 1 0 0 0 1 4.26647 2.62756 -2.66875</i>
                        <i>1 0 0 0 1 0 0 0 1 4.26646 2.62067 -2.66862</i>
                        <i>1 0 0 0 1 0 0 0 1 4.26645 2.61068 -2.66847</i>
                        <i>1 0 0 0 1 0 0 0 1 4.26643 2.59719 -2.66827</i>
                        <i>1 0 0 0 1 0 0 0 1 4.2664 2.57978 -2.66803</i>
                    </KeyFrames>
                </p>
            </i>
            <i>
                <p>
                    <Name><![CDATA[spine0]]></Name>
                    <Exclude>0</Exclude>
                    <Additive>0</Additive>
                    <IKPriority>0</IKPriority>
                    <IKRotLimits>-1e+010 -1e+010 -1e+010 1e+010 1e+010 1e+010</IKRotLimits>
                    <IKRotLimitOrder>0</IKRotLimitOrder>
                    <KeyFrames count="180">
                        <i>-0.0368107 0.892257 0.450025 -0.992298 0.0206626 -0.122134 -0.118274 -0.451055 0.884624 4.27574 2.72297 -2.67821</i>
                        <i>-0.036808 0.892399 0.449743 -0.992335 0.0204876 -0.121867 -0.117968 -0.450781 0.884805 4.27591 2.72146 -2.67982</i>
                        <i>-0.0368096 0.892548 0.449448 -0.992376 0.0202887 -0.121566 -0.117622 -0.450496 0.884996 4.2761 2.7196 -2.68161</i>
                        <i>-0.0368187 0.892687 0.449171 -0.99242 0.0200713 -0.121239 -0.117244 -0.450231 0.885181 4.27631 2.71747 -2.68354</i>
                        <i>-0.0368377 0.892802 0.44894 -0.992467 0.0198412 -0.120895 -0.116842 -0.450012 0.885346 4.27652 2.71517 -2.68556</i>
                        <i>-0.0368678 0.892884 0.448775 -0.992515 0.0196042 -0.120542 -0.116427 -0.44986 0.885477 4.27673 2.71279 -2.6876</i>
                        <i>-0.0369096 0.892924 0.448693 -0.992562 0.0193665 -0.120189 -0.116009 -0.449791 0.885567 4.27695 2.71043 -2.68963</i>
                        <i>-0.0369624 0.892918 0.4487 -0.992608 0.0191346 -0.119846 -0.115598 -0.449814 0.88561 4.27715 2.70819 -2.69159</i>
                        <i>-0.0370249 0.892864 0.448802 -0.992651 0.0189152 -0.119522 -0.115206 -0.44993 0.885602 4.27734 2.70615 -2.69343</i>
                        <i>-0.0370949 0.892764 0.448996 -0.992691 0.0187155 -0.119227 -0.114844 -0.450137 0.885544 4.27751 2.70441 -2.69509</i>
                        <i>-0.0371694 0.89262 0.449274 -0.992725 0.0185425 -0.11897 -0.114526 -0.450428 0.885437 4.27766 2.70309 -2.69653</i>
                        <i>-0.0372453 0.892439 0.449629 -0.992752 0.0184038 -0.118764 -0.114264 -0.450793 0.885285 4.27778 2.70227 -2.6977</i>
                        <i>-0.0373192 0.892224 0.450049 -0.992771 0.0183069 -0.118617 -0.114072 -0.451222 0.885091 4.27787 2.70206 -2.69854</i>
                        <i>-0.0373882 0.89198 0.450525 -0.992781 0.0182592 -0.11854 -0.113961 -0.451705 0.884859 4.27792 2.70257 -2.69901</i>
                        <i>-0.0374497 0.891711 0.451053 -0.992781 0.018268 -0.118543 -0.113946 -0.452236 0.88459 4.27792 2.70387 -2.69905</i>
                        <i>-0.0375028 0.891404 0.451655 -0.992767 0.0183478 -0.118646 -0.114048 -0.452837 0.884269 4.27787 2.70619 -2.69856</i>
                        <i>-0.0375473 0.89106 0.452329 -0.99274 0.0185 -0.11885 -0.114271 -0.453508 0.883896 4.27776 2.70955 -2.69753</i>
                        <i>-0.0375832 0.890694 0.453048 -0.992701 0.0187121 -0.119139 -0.114594 -0.454219 0.883489 4.27761 2.71378 -2.69603</i>
                        <i>-0.037606 0.890339 0.453743 -0.992654 0.0189705 -0.119495 -0.114998 -0.454903 0.883084 4.27741 2.71871 -2.69415</i>
                        <i>-0.0376148 0.890015 0.454376 -0.992599 0.0192619 -0.1199 -0.115465 -0.455524 0.882704 4.27719 2.72418 -2.69197</i>
                        <i>-0.037615 0.889716 0.454962 -0.99254 0.0195742 -0.120339 -0.115973 -0.456095 0.882342 4.27694 2.73001 -2.68959</i>
                        <i>-0.0376105 0.889437 0.455507 -0.992478 0.0198954 -0.120796 -0.116503 -0.456624 0.881999 4.27668 2.73604 -2.68707</i>
                        <i>-0.0376039 0.889182 0.456006 -0.992416 0.0202142 -0.121255 -0.117035 -0.457107 0.881678 4.27641 2.74211 -2.68452</i>
                        <i>-0.0375955 0.88896 0.45644 -0.992355 0.0205198 -0.121701 -0.117554 -0.457525 0.881392 4.27614 2.74806 -2.682</i>
                        <i>-0.0375835 0.888787 0.456778 -0.992297 0.020802 -0.122122 -0.118042 -0.457849 0.881159 4.27588 2.75374 -2.67962</i>
                        <i>-0.0375642 0.888686 0.456975 -0.992245 0.0210514 -0.122503 -0.118487 -0.458033 0.881003 4.27565 2.75899 -2.67746</i>
                        <i>-0.0375318 0.888686 0.456977 -0.9922 0.0212588 -0.122832 -0.118874 -0.458023 0.880956 4.27545 2.76367 -2.67559</i>
                        <i>-0.0374793 0.88882 0.456722 -0.992164 0.0214155 -0.123095 -0.11919 -0.457756 0.881052 4.27529 2.76764 -2.67411</i>
                        <i>-0.0373988 0.889121 0.456142 -0.992139 0.0215129 -0.123278 -0.119422 -0.457166 0.881327 4.27518 2.77074 -2.67311</i>
                        <i>-0.0372824 0.889623 0.455171 -0.992127 0.0215427 -0.123369 -0.119557 -0.456187 0.881816 4.27513 2.77282 -2.67266</i>
                        <i>-0.0373343 0.889335 0.455729 -0.992127 0.0215664 -0.123363 -0.119539 -0.456747 0.881528 4.27513 2.77387 -2.67266</i>
                        <i>-0.0376304 0.887866 0.458561 -0.992136 0.0216226 -0.123282 -0.119373 -0.459594 0.88007 4.27516 2.77403 -2.67289</i>
                        <i>-0.0379685 0.886168 0.461806 -0.992152 0.0216662 -0.123148 -0.119135 -0.462858 0.87839 4.27521 2.77344 -2.67335</i>
                        <i>-0.0381396 0.885271 0.463509 -0.992173 0.0216457 -0.122982 -0.118906 -0.464571 0.877516 4.27528 2.7722 -2.67399</i>
                        <i>-0.0379303 0.886258 0.461636 -0.992197 0.0215048 -0.122809 -0.118768 -0.462692 0.878527 4.27537 2.77044 -2.6748</i>
                        <i>-0.0374415 0.888618 0.457117 -0.992225 0.0212728 -0.122625 -0.118691 -0.458154 0.880913 4.27547 2.76827 -2.67575</i>
                        <i>-0.0369241 0.891094 0.452315 -0.992257 0.0210206 -0.122414 -0.11859 -0.453332 0.883417 4.27559 2.76583 -2.6768</i>
                        <i>-0.0363892 0.893626 0.447334 -0.992291 0.0207547 -0.122181 -0.118468 -0.448331 0.885982 4.27571 2.76322 -2.67794</i>
                        <i>-0.0358488 0.896159 0.442282 -0.992327 0.0204812 -0.121932 -0.118329 -0.443259 0.888549 4.27584 2.76058 -2.67914</i>
                        <i>-0.0353146 0.898637 0.437269 -0.992365 0.0202059 -0.121671 -0.118173 -0.438227 0.891062 4.27598 2.75801 -2.68037</i>
                        <i>-0.0347991 0.901006 0.432409 -0.992403 0.0199347 -0.121404 -0.118006 -0.433348 0.893467 4.27611 2.75566 -2.6816</i>
                        <i>-0.0343148 0.903214 0.427816 -0.992441 0.0196731 -0.121137 -0.117829 -0.428739 0.895711 4.27624 2.75363 -2.68281</i>
                        <i>-0.0338745 0.905211 0.42361 -0.992477 0.0194266 -0.120877 -0.117649 -0.424518 0.897743 4.27636 2.75205 -2.68397</i>
                        <i>-0.0334909 0.906948 0.419909 -0.992512 0.0192002 -0.12063 -0.117468 -0.420805 0.899514 4.27648 2.75105 -2.68505</i>
                        <i>-0.0331769 0.908377 0.416834 -0.992543 0.0189992 -0.120403 -0.117291 -0.417721 0.900973 4.27658 2.75076 -2.68603</i>
                        <i>-0.032957 0.909405 0.414604 -0.992571 0.0188301 -0.120202 -0.117119 -0.415485 0.902028 4.27667 2.75138 -2.68688</i>
                        <i>-0.0328432 0.909987 0.413334 -0.992594 0.0186977 -0.120035 -0.116959 -0.414215 0.902633 4.27674 2.75289 -2.68758</i>
                        <i>-0.0328299 0.910146 0.412985 -0.992611 0.0186052 -0.119909 -0.116819 -0.41387 0.90281 4.2768 2.75512 -2.6881</i>
                        <i>-0.0329105 0.909904 0.41351 -0.992621 0.0185559 -0.119832 -0.116709 -0.414403 0.902579 4.27683 2.7579 -2.68842</i>
                        <i>-0.0330776 0.909285 0.414857 -0.992623 0.0185534 -0.11981 -0.116638 -0.41576 0.901964 4.27684 2.76105 -2.6885</i>
                        <i>-0.0333065 0.90839 0.416796 -0.992621 0.0185845 -0.119825 -0.116594 -0.417711 0.901068 4.27683 2.76438 -2.68842</i>
                        <i>-0.0335693 0.907336 0.419065 -0.992617 0.0186322 -0.119855 -0.116557 -0.419994 0.900011 4.27682 2.7677 -2.68828</i>
                        <i>-0.0338536 0.906169 0.421558 -0.99261 0.018695 -0.119899 -0.11653 -0.422502 0.89884 4.2768 2.77083 -2.68808</i>
                        <i>-0.0341235 0.905046 0.423942 -0.992602 0.0187655 -0.119957 -0.116522 -0.424898 0.89771 4.27677 2.77357 -2.68782</i>
                        <i>-0.0343448 0.904117 0.425902 -0.992592 0.0188365 -0.120029 -0.116543 -0.426869 0.896772 4.27674 2.77576 -2.68751</i>
                        <i>-0.0345088 0.903419 0.427367 -0.99258 0.0189067 -0.120115 -0.116595 -0.428341 0.896063 4.2767 2.77721 -2.68714</i>
                        <i>-0.0346072 0.90299 0.428266 -0.992567 0.0189746 -0.120215 -0.116679 -0.429243 0.895621 4.27665 2.77774 -2.68673</i>
                        <i>-0.0346318 0.902864 0.42853 -0.992552 0.0190388 -0.120326 -0.116797 -0.429505 0.89548 4.27661 2.77767 -2.68628</i>
                        <i>-0.0345751 0.903073 0.428092 -0.992536 0.0190976 -0.12045 -0.11695 -0.429062 0.895672 4.27655 2.77744 -2.68579</i>
                        <i>-0.0344745 0.903462 0.427281 -0.992518 0.0191554 -0.120583 -0.117127 -0.428241 0.896042 4.2765 2.77706 -2.68526</i>
                        <i>-0.034375 0.903841 0.426485 -0.9925 0.0192177 -0.120724 -0.117311 -0.427437 0.896402 4.27644 2.77656 -2.68469</i>
                        <i>-0.0342801 0.904197 0.425738 -0.992481 0.0192849 -0.120872 -0.117502 -0.426681 0.896737 4.27638 2.77592 -2.6841</i>
                        <i>-0.0341931 0.904514 0.42507 -0.992461 0.0193571 -0.121025 -0.117697 -0.426004 0.897033 4.27631 2.77517 -2.68348</i>
                        <i>-0.0341173 0.904779 0.424512 -0.99244 0.0194345 -0.121182 -0.117894 -0.425437 0.897276 4.27624 2.77432 -2.68285</i>
                        <i>-0.0340562 0.904978 0.424092 -0.992419 0.0195174 -0.121344 -0.118091 -0.42501 0.897453 4.27617 2.77337 -2.68219</i>
                        <i>-0.034013 0.905097 0.423842 -0.992397 0.019606 -0.121507 -0.118286 -0.424752 0.897549 4.2761 2.77233 -2.68151</i>
                        <i>-0.0339908 0.905123 0.423788 -0.992375 0.0197004 -0.121672 -0.118477 -0.424692 0.897552 4.27603 2.77122 -2.68083</i>
                        <i>-0.0339929 0.905043 0.423959 -0.992353 0.0198009 -0.121836 -0.118662 -0.424859 0.897449 4.27595 2.77005 -2.68014</i>
                        <i>-0.0340223 0.904843 0.424384 -0.99233 0.0199077 -0.122 -0.118839 -0.42528 0.897226 4.27588 2.76882 -2.67944</i>
                        <i>-0.0340822 0.90451 0.425088 -0.992308 0.0200211 -0.122161 -0.119007 -0.425982 0.89687 4.2758 2.76755 -2.67874</i>
                        <i>-0.0341756 0.90403 0.4261 -0.992286 0.0201413 -0.122319 -0.119163 -0.426994 0.896369 4.27572 2.76624 -2.67804</i>
                        <i>-0.0343056 0.903389 0.427447 -0.992265 0.0202686 -0.122473 -0.119304 -0.428342 0.895706 4.27565 2.76492 -2.67735</i>
                        <i>-0.0344802 0.90255 0.429203 -0.992244 0.0204047 -0.122621 -0.119429 -0.430102 0.894846 4.27557 2.76358 -2.67667</i>
                        <i>-0.0347003 0.901506 0.431373 -0.992224 0.0205494 -0.122761 -0.119534 -0.432278 0.893782 4.2755 2.76224 -2.67601</i>
                        <i>-0.0349577 0.90029 0.433884 -0.992204 0.0207007 -0.122894 -0.119622 -0.434797 0.892548 4.27543 2.76091 -2.67536</i>
                        <i>-0.0352444 0.898936 0.43666 -0.992185 0.0208564 -0.123019 -0.119694 -0.437583 0.891176 4.27536 2.7596 -2.67473</i>
                        <i>-0.0355526 0.897476 0.439627 -0.992167 0.0210143 -0.123136 -0.11975 -0.440562 0.8897 4.27529 2.75832 -2.67412</i>
                        <i>-0.0358742 0.895946 0.442711 -0.99215 0.0211721 -0.123244 -0.119793 -0.443657 0.888154 4.27523 2.75709 -2.67355</i>
                        <i>-0.0362011 0.894382 0.445836 -0.992135 0.0213273 -0.123344 -0.119825 -0.446794 0.886576 4.27517 2.75591 -2.673</i>
                        <i>-0.0365251 0.892823 0.448925 -0.99212 0.0214775 -0.123435 -0.119847 -0.449896 0.885003 4.27511 2.75479 -2.67249</i>
                        <i>-0.036838 0.891307 0.451901 -0.992107 0.02162 -0.123517 -0.119861 -0.452884 0.883476 4.27506 2.75375 -2.67202</i>
                        <i>-0.0371316 0.889877 0.454686 -0.992095 0.0217519 -0.12359 -0.11987 -0.455681 0.882035 4.27501 2.75279 -2.67159</i>
                        <i>-0.0373975 0.888577 0.457201 -0.992084 0.0218705 -0.123655 -0.119876 -0.458206 0.880725 4.27497 2.75194 -2.67121</i>
                        <i>-0.0376274 0.887449 0.459367 -0.992075 0.0219727 -0.123711 -0.119881 -0.460381 0.87959 4.27493 2.75119 -2.67087</i>
                        <i>-0.0378128 0.886541 0.461103 -0.992067 0.0220555 -0.123759 -0.119888 -0.462125 0.878674 4.2749 2.75056 -2.67059</i>
                        <i>-0.0379454 0.885895 0.462331 -0.992061 0.0221159 -0.1238 -0.119898 -0.463358 0.878022 4.27488 2.75006 -2.67036</i>
                        <i>-0.0380171 0.885557 0.462972 -0.992056 0.0221509 -0.123832 -0.119916 -0.464002 0.87768 4.27486 2.74971 -2.6702</i>
                        <i>-0.0380195 0.88557 0.462948 -0.992053 0.0221576 -0.123857 -0.119942 -0.463978 0.877689 4.27485 2.74951 -2.6701</i>
                        <i>-0.0379445 0.885973 0.462182 -0.992051 0.0221334 -0.123874 -0.119979 -0.463208 0.878091 4.27484 2.74947 -2.67006</i>
                        <i>-0.0378386 0.886533 0.461116 -0.99205 0.0220969 -0.123889 -0.120021 -0.462138 0.878649 4.27484 2.74961 -2.67005</i>
                        <i>-0.0377523 0.886993 0.460236 -0.992048 0.0220683 -0.123907 -0.120061 -0.461255 0.879107 4.27484 2.74992 -2.67002</i>
                        <i>-0.0376847 0.887361 0.459532 -0.992046 0.022047 -0.123927 -0.1201 -0.460547 0.879473 4.27483 2.75039 -2.66997</i>
                        <i>-0.0376345 0.887643 0.458992 -0.992044 0.0220324 -0.12395 -0.120136 -0.460005 0.879752 4.27482 2.751 -2.66991</i>
                        <i>-0.0376005 0.887844 0.458605 -0.992041 0.022024 -0.123974 -0.12017 -0.459617 0.87995 4.27482 2.75175 -2.66983</i>
                        <i>-0.0375815 0.887971 0.458361 -0.992038 0.0220212 -0.123999 -0.120202 -0.459372 0.880073 4.27481 2.75262 -2.66974</i>
                        <i>-0.0375764 0.88803 0.458248 -0.992035 0.0220236 -0.124026 -0.120231 -0.459258 0.880129 4.27479 2.75361 -2.66965</i>
                        <i>-0.0375838 0.888026 0.458254 -0.992031 0.0220304 -0.124053 -0.120258 -0.459265 0.880122 4.27478 2.75469 -2.66954</i>
                        <i>-0.0376026 0.887966 0.458369 -0.992027 0.0220413 -0.124081 -0.120282 -0.45938 0.880058 4.27477 2.75586 -2.66943</i>
                        <i>-0.0376316 0.887856 0.458581 -0.992024 0.0220555 -0.124108 -0.120304 -0.459593 0.879944 4.27476 2.75711 -2.66932</i>
                        <i>-0.0376695 0.8877 0.458879 -0.99202 0.0220727 -0.124135 -0.120323 -0.459893 0.879785 4.27474 2.75843 -2.6692</i>
                        <i>-0.0377152 0.887506 0.459251 -0.992016 0.0220922 -0.124161 -0.120339 -0.460267 0.879587 4.27473 2.7598 -2.66909</i>
                        <i>-0.0377674 0.887278 0.459686 -0.992013 0.0221135 -0.124186 -0.120353 -0.460705 0.879356 4.27472 2.76121 -2.66898</i>
                        <i>-0.0378249 0.887023 0.460173 -0.992009 0.0221359 -0.124209 -0.120363 -0.461194 0.879098 4.27471 2.76265 -2.66887</i>
                        <i>-0.0378865 0.886746 0.460701 -0.992006 0.0221591 -0.12423 -0.12037 -0.461725 0.878818 4.2747 2.76412 -2.66877</i>
                        <i>-0.037951 0.886454 0.461258 -0.992003 0.0221823 -0.12425 -0.120373 -0.462285 0.878523 4.27469 2.76559 -2.66868</i>
