<?xml version="1.0" encoding="ISO-8859-1" ?>
<Animl Version="1">
    <ModellingPackage><![CDATA[Maya.2010]]></ModellingPackage>
    <SrcFile><![CDATA[anims\turrets\antiair\red\~src\aa_gladiator\aa_gladiator_fire_crewman_c.mb]]></SrcFile>
    <FramesPerSecond>30</FramesPerSecond>
    <TotalFrames>70</TotalFrames>
    <Skeleton>
        <RefFrame>
            <Name><![CDATA[soldier_ref_frame]]></Name>
            <Exclude>0</Exclude>
            <Additive>0</Additive>
            <IKPriority>0</IKPriority>
            <IKRotLimits>-1e+010 -1e+010 -1e+010 1e+010 1e+010 1e+010</IKRotLimits>
            <IKRotLimitOrder>0</IKRotLimitOrder>
            <KeyFrames count="70">
                <i>1 0 0 0 1 0 0 0 1 3.11 1.46 3.9</i>
                <i>1 0 0 0 1 0 0 0 1 3.11 1.46 3.9</i>
                <i>1 0 0 0 1 0 0 0 1 3.11 1.46 3.9</i>
                <i>1 0 0 0 1 0 0 0 1 3.11 1.46 3.9</i>
                <i>1 0 0 0 1 0 0 0 1 3.11 1.46 3.9</i>
                <i>1 0 0 0 1 0 0 0 1 3.11 1.46 3.9</i>
                <i>1 0 0 0 1 0 0 0 1 3.11 1.46 3.9</i>
                <i>1 0 0 0 1 0 0 0 1 3.11 1.46 3.9</i>
                <i>1 0 0 0 1 0 0 0 1 3.11 1.46 3.9</i>
                <i>1 0 0 0 1 0 0 0 1 3.11 1.46 3.9</i>
                <i>1 0 0 0 1 0 0 0 1 3.11 1.46 3.9</i>
                <i>1 0 0 0 1 0 0 0 1 3.11 1.46 3.9</i>
                <i>1 0 0 0 1 0 0 0 1 3.11 1.46 3.9</i>
                <i>1 0 0 0 1 0 0 0 1 3.11 1.46 3.9</i>
                <i>1 0 0 0 1 0 0 0 1 3.11 1.46 3.9</i>
                <i>1 0 0 0 1 0 0 0 1 3.11 1.46 3.9</i>
                <i>1 0 0 0 1 0 0 0 1 3.11 1.46 3.9</i>
                <i>1 0 0 0 1 0 0 0 1 3.11 1.46 3.9</i>
                <i>1 0 0 0 1 0 0 0 1 3.11 1.46 3.9</i>
                <i>1 0 0 0 1 0 0 0 1 3.11 1.46 3.9</i>
                <i>1 0 0 0 1 0 0 0 1 3.11 1.46 3.9</i>
                <i>1 0 0 0 1 0 0 0 1 3.11 1.46 3.9</i>
                <i>1 0 0 0 1 0 0 0 1 3.11 1.46 3.9</i>
                <i>1 0 0 0 1 0 0 0 1 3.11 1.46 3.9</i>
                <i>1 0 0 0 1 0 0 0 1 3.11 1.46 3.9</i>
                <i>1 0 0 0 1 0 0 0 1 3.11 1.46 3.9</i>
                <i>1 0 0 0 1 0 0 0 1 3.11 1.46 3.9</i>
                <i>1 0 0 0 1 0 0 0 1 3.11 1.46 3.9</i>
                <i>1 0 0 0 1 0 0 0 1 3.11 1.46 3.9</i>
                <i>1 0 0 0 1 0 0 0 1 3.11 1.46 3.9</i>
                <i>1 0 0 0 1 0 0 0 1 3.11 1.46 3.9</i>
                <i>1 0 0 0 1 0 0 0 1 3.11 1.46 3.9</i>
                <i>1 0 0 0 1 0 0 0 1 3.11 1.46 3.9</i>
                <i>1 0 0 0 1 0 0 0 1 3.11 1.46 3.9</i>
                <i>1 0 0 0 1 0 0 0 1 3.11 1.46 3.9</i>
                <i>1 0 0 0 1 0 0 0 1 3.11 1.46 3.9</i>
                <i>1 0 0 0 1 0 0 0 1 3.11 1.46 3.9</i>
                <i>1 0 0 0 1 0 0 0 1 3.11 1.46 3.9</i>
                <i>1 0 0 0 1 0 0 0 1 3.11 1.46 3.9</i>
                <i>1 0 0 0 1 0 0 0 1 3.11 1.46 3.9</i>
                <i>1 0 0 0 1 0 0 0 1 3.11 1.46 3.9</i>
                <i>1 0 0 0 1 0 0 0 1 3.11 1.46 3.9</i>
                <i>1 0 0 0 1 0 0 0 1 3.11 1.46 3.9</i>
                <i>1 0 0 0 1 0 0 0 1 3.11 1.46 3.9</i>
                <i>1 0 0 0 1 0 0 0 1 3.11 1.46 3.9</i>
                <i>1 0 0 0 1 0 0 0 1 3.11 1.46 3.9</i>
                <i>1 0 0 0 1 0 0 0 1 3.11 1.46 3.9</i>
                <i>1 0 0 0 1 0 0 0 1 3.11 1.46 3.9</i>
                <i>1 0 0 0 1 0 0 0 1 3.11 1.46 3.9</i>
                <i>1 0 0 0 1 0 0 0 1 3.11 1.46 3.9</i>
                <i>1 0 0 0 1 0 0 0 1 3.11 1.46 3.9</i>
                <i>1 0 0 0 1 0 0 0 1 3.11 1.46 3.9</i>
                <i>1 0 0 0 1 0 0 0 1 3.11 1.46 3.9</i>
                <i>1 0 0 0 1 0 0 0 1 3.11 1.46 3.9</i>
                <i>1 0 0 0 1 0 0 0 1 3.11 1.46 3.9</i>
                <i>1 0 0 0 1 0 0 0 1 3.11 1.46 3.9</i>
                <i>1 0 0 0 1 0 0 0 1 3.11 1.46 3.9</i>
                <i>1 0 0 0 1 0 0 0 1 3.11 1.46 3.9</i>
                <i>1 0 0 0 1 0 0 0 1 3.11 1.46 3.9</i>
                <i>1 0 0 0 1 0 0 0 1 3.11 1.46 3.9</i>
                <i>1 0 0 0 1 0 0 0 1 3.11 1.46 3.9</i>
                <i>1 0 0 0 1 0 0 0 1 3.11 1.46 3.9</i>
                <i>1 0 0 0 1 0 0 0 1 3.11 1.46 3.9</i>
                <i>1 0 0 0 1 0 0 0 1 3.11 1.46 3.9</i>
                <i>1 0 0 0 1 0 0 0 1 3.11 1.46 3.9</i>
                <i>1 0 0 0 1 0 0 0 1 3.11 1.46 3.9</i>
                <i>1 0 0 0 1 0 0 0 1 3.11 1.46 3.9</i>
                <i>1 0 0 0 1 0 0 0 1 3.11 1.46 3.9</i>
                <i>1 0 0 0 1 0 0 0 1 3.11 1.46 3.9</i>
                <i>1 0 0 0 1 0 0 0 1 3.11 1.46 3.9</i>
            </KeyFrames>
        </RefFrame>
        <Bones count="23">
            <i>
                <p>
                    <Name><![CDATA[pelvis]]></Name>
                    <Exclude>0</Exclude>
                    <Additive>0</Additive>
                    <IKPriority>0</IKPriority>
                    <IKRotLimits>-1e+010 -1e+010 -1e+010 1e+010 1e+010 1e+010</IKRotLimits>
                    <IKRotLimitOrder>2</IKRotLimitOrder>
                    <KeyFrames count="70">
                        <i>1 0 0 0 1 0 0 0 1 3.13461 2.57449 4.01399</i>
                        <i>1 0 0 0 1 0 0 0 1 3.13461 2.57165 4.01399</i>
                        <i>1 0 0 0 1 0 0 0 1 3.13461 2.56841 4.01399</i>
                        <i>1 0 0 0 1 0 0 0 1 3.13461 2.56507 4.01399</i>
                        <i>1 0 0 0 1 0 0 0 1 3.13461 2.56193 4.01399</i>
                        <i>1 0 0 0 1 0 0 0 1 3.13461 2.5593 4.01399</i>
                        <i>1 0 0 0 1 0 0 0 1 3.13461 2.5575 4.01399</i>
                        <i>1 0 0 0 1 0 0 0 1 3.13461 2.55683 4.01399</i>
                        <i>1 0 0 0 1 0 0 0 1 3.13461 2.56128 4.01399</i>
                        <i>1 0 0 0 1 0 0 0 1 3.13461 2.57189 4.01399</i>
                        <i>1 0 0 0 1 0 0 0 1 3.13461 2.58458 4.01399</i>
                        <i>1 0 0 0 1 0 0 0 1 3.13461 2.59527 4.01399</i>
                        <i>1 0 0 0 1 0 0 0 1 3.13461 2.59988 4.01399</i>
                        <i>1 0 0 0 1 0 0 0 1 3.13461 2.59431 4.01399</i>
                        <i>1 0 0 0 1 0 0 0 1 3.13461 2.57449 4.01399</i>
                        <i>1 0 0 0 1 0 0 0 1 3.1572 2.5221 4.01472</i>
                        <i>1 0 0 0 1 0 0 0 1 3.21178 2.43702 4.01618</i>
                        <i>1 0 0 0 1 0 0 0 1 3.27856 2.34238 4.01728</i>
                        <i>1 0 0 0 1 0 0 0 1 3.33777 2.26135 4.01691</i>
                        <i>1 0 0 0 1 0 0 0 1 3.36962 2.21707 4.01399</i>
                        <i>1 0 0 0 1 0 0 0 1 3.37727 2.2041 4.00837</i>
                        <i>1 0 0 0 1 0 0 0 1 3.37804 2.20044 4.00102</i>
                        <i>1 0 0 0 1 0 0 0 1 3.37336 2.20436 3.99248</i>
                        <i>1 0 0 0 1 0 0 0 1 3.36466 2.21419 3.9833</i>
                        <i>1 0 0 0 1 0 0 0 1 3.35338 2.22821 3.97403</i>
                        <i>1 0 0 0 1 0 0 0 1 3.34093 2.24473 3.96522</i>
                        <i>1 0 0 0 1 0 0 0 1 3.32876 2.26205 3.95741</i>
                        <i>1 0 0 0 1 0 0 0 1 3.3183 2.27846 3.95116</i>
                        <i>1 0 0 0 1 0 0 0 1 3.31097 2.29228 3.947</i>
                        <i>1 0 0 0 1 0 0 0 1 3.30821 2.3018 3.94549</i>
                        <i>1 0 0 0 1 0 0 0 1 3.30985 2.3082 3.94674</i>
                        <i>1 0 0 0 1 0 0 0 1 3.31433 2.31393 3.95024</i>
                        <i>1 0 0 0 1 0 0 0 1 3.32095 2.31912 3.9556</i>
                        <i>1 0 0 0 1 0 0 0 1 3.32903 2.32393 3.96246</i>
                        <i>1 0 0 0 1 0 0 0 1 3.33788 2.3285 3.97044</i>
                        <i>1 0 0 0 1 0 0 0 1 3.34681 2.33299 3.97916</i>
                        <i>1 0 0 0 1 0 0 0 1 3.35513 2.33754 3.98826</i>
                        <i>1 0 0 0 1 0 0 0 1 3.36217 2.3423 3.99734</i>
                        <i>1 0 0 0 1 0 0 0 1 3.36723 2.34742 4.00604</i>
                        <i>1 0 0 0 1 0 0 0 1 3.36962 2.35305 4.01399</i>
                        <i>1 0 0 0 1 0 0 0 1 3.37009 2.3601 4.02226</i>
                        <i>1 0 0 0 1 0 0 0 1 3.36977 2.36861 4.03186</i>
                        <i>1 0 0 0 1 0 0 0 1 3.36855 2.37736 4.04227</i>
                        <i>1 0 0 0 1 0 0 0 1 3.3663 2.38516 4.05297</i>
                        <i>1 0 0 0 1 0 0 0 1 3.36291 2.3908 4.06344</i>
                        <i>1 0 0 0 1 0 0 0 1 3.35826 2.3919 4.07316</i>
                        <i>1 0 0 0 1 0 0 0 1 3.35224 2.38926 4.08163</i>
                        <i>1 0 0 0 1 0 0 0 1 3.34473 2.38645 4.08832</i>
                        <i>1 0 0 0 1 0 0 0 1 3.33561 2.38705 4.09271</i>
                        <i>1 0 0 0 1 0 0 0 1 3.32476 2.39462 4.09429</i>
                        <i>1 0 0 0 1 0 0 0 1 3.30992 2.40958 4.09204</i>
                        <i>1 0 0 0 1 0 0 0 1 3.28994 2.42904 4.08593</i>
                        <i>1 0 0 0 1 0 0 0 1 3.26641 2.45155 4.07694</i>
                        <i>1 0 0 0 1 0 0 0 1 3.24091 2.47569 4.06602</i>
                        <i>1 0 0 0 1 0 0 0 1 3.215 2.50002 4.05414</i>
                        <i>1 0 0 0 1 0 0 0 1 3.19026 2.52311 4.04225</i>
                        <i>1 0 0 0 1 0 0 0 1 3.16828 2.54354 4.03133</i>
                        <i>1 0 0 0 1 0 0 0 1 3.15062 2.55986 4.02234</i>
                        <i>1 0 0 0 1 0 0 0 1 3.13888 2.57065 4.01624</i>
                        <i>1 0 0 0 1 0 0 0 1 3.13461 2.57449 4.01399</i>
                        <i>1 0 0 0 1 0 0 0 1 3.13461 2.57438 4.01399</i>
                        <i>1 0 0 0 1 0 0 0 1 3.13461 2.57432 4.01399</i>
                        <i>1 0 0 0 1 0 0 0 1 3.13461 2.5743 4.01399</i>
                        <i>1 0 0 0 1 0 0 0 1 3.13461 2.5743 4.01399</i>
                        <i>1 0 0 0 1 0 0 0 1 3.13461 2.57433 4.01399</i>
                        <i>1 0 0 0 1 0 0 0 1 3.13461 2.57436 4.01399</i>
                        <i>1 0 0 0 1 0 0 0 1 3.13461 2.57441 4.01399</i>
                        <i>1 0 0 0 1 0 0 0 1 3.13461 2.57445 4.01399</i>
                        <i>1 0 0 0 1 0 0 0 1 3.13461 2.57447 4.01399</i>
                        <i>1 0 0 0 1 0 0 0 1 3.13461 2.57449 4.01399</i>
                    </KeyFrames>
                </p>
            </i>
            <i>
                <p>
                    <Name><![CDATA[spine0]]></Name>
                    <Exclude>0</Exclude>
                    <Additive>0</Additive>
                    <IKPriority>0</IKPriority>
                    <IKRotLimits>-1e+010 -1e+010 -1e+010 1e+010 1e+010 1e+010</IKRotLimits>
                    <IKRotLimitOrder>0</IKRotLimitOrder>
                    <KeyFrames count="70">
                        <i>0.0713485 0.997428 0.00680278 0.26454 -0.0123464 -0.964296 -0.961732 0.0706006 -0.264741 3.18719 2.7082 4.0211</i>
                        <i>0.0720846 0.997373 0.00713118 0.264545 -0.0122252 -0.964296 -0.961676 0.0713974 -0.264731 3.18719 2.70537 4.0211</i>
                        <i>0.0739797 0.997228 0.00797651 0.264556 -0.0119131 -0.964297 -0.961528 0.0734486 -0.264704 3.18719 2.70213 4.0211</i>
                        <i>0.0765626 0.997023 0.00912855 0.264572 -0.0114879 -0.964298 -0.961322 0.0762443 -0.264664 3.18719 2.69878 4.0211</i>
                        <i>0.0793653 0.996792 0.0103785 0.264589 -0.0110266 -0.964298 -0.96109 0.0792779 -0.264615 3.18719 2.69564 4.0211</i>
                        <i>0.0819266 0.996572 0.0115207 0.264604 -0.0106051 -0.964299 -0.960871 0.0820502 -0.264566 3.18719 2.69302 4.0211</i>
                        <i>0.0837928 0.996407 0.0123529 0.264615 -0.010298 -0.964299 -0.960707 0.0840701 -0.264527 3.18719 2.69122 4.0211</i>
                        <i>0.0845148 0.996342 0.0126748 0.26462 -0.0101793 -0.964299 -0.960642 0.0848516 -0.264512 3.18719 2.69055 4.0211</i>
                        <i>0.0837928 0.996407 0.0123529 0.264615 -0.010298 -0.964299 -0.960707 0.0840701 -0.264527 3.18719 2.69499 4.0211</i>
                        <i>0.0819266 0.996572 0.0115207 0.264604 -0.0106051 -0.964299 -0.960871 0.0820502 -0.264566 3.18719 2.70561 4.0211</i>
                        <i>0.0793653 0.996792 0.0103785 0.264589 -0.0110266 -0.964298 -0.96109 0.0792779 -0.264615 3.18719 2.7183 4.0211</i>
                        <i>0.0765626 0.997023 0.00912855 0.264572 -0.0114879 -0.964298 -0.961322 0.0762443 -0.264664 3.18719 2.72899 4.0211</i>
                        <i>0.0739797 0.997228 0.00797651 0.264556 -0.0119131 -0.964297 -0.961528 0.0734486 -0.264704 3.18719 2.73359 4.0211</i>
                        <i>0.0720846 0.997373 0.00713118 0.264545 -0.0122252 -0.964296 -0.961676 0.0713974 -0.264731 3.18719 2.72803 4.0211</i>
                        <i>0.0713485 0.997428 0.00680278 0.26454 -0.0123464 -0.964296 -0.961732 0.0706006 -0.264741 3.18719 2.7082 4.0211</i>
                        <i>0.0392164 0.999064 -0.0182736 0.233994 -0.0269611 -0.971864 -0.971447 0.0338371 -0.234832 3.20761 2.65683 4.01684</i>
                        <i>-0.0399439 0.996677 -0.0709929 0.161514 -0.0636749 -0.984814 -0.986062 -0.0508036 -0.158434 3.25639 2.57347 4.00691</i>
                        <i>-0.137819 0.983229 -0.119446 0.0763892 -0.109686 -0.991027 -0.987507 -0.145707 -0.0599912 3.31527 2.47976 3.99551</i>
                        <i>-0.220666 0.96424 -0.14679 0.00684883 -0.148965 -0.988819 -0.975325 -0.219204 0.0262676 3.3672 2.39868 3.98578</i>
                        <i>-0.253278 0.954859 -0.155221 -0.0216224 -0.166001 -0.985889 -0.967152 -0.246348 0.0626907 3.39585 2.35419 3.97925</i>
                        <i>-0.250366 0.955406 -0.156575 -0.021426 -0.167154 -0.985698 -0.967914 -0.243431 0.0623201 3.40344 2.34124 3.97364</i>
                        <i>-0.249204 0.955503 -0.157834 -0.0212012 -0.168319 -0.985505 -0.968219 -0.242245 0.0622035 3.40403 2.3376 3.96629</i>
                        <i>-0.249516 0.955234 -0.158966 -0.0209593 -0.169447 -0.985316 -0.968144 -0.24252 0.0623008 3.39908 2.34158 3.95775</i>
                        <i>-0.25101 0.954678 -0.159946 -0.0207124 -0.170496 -0.985141 -0.967763 -0.243968 0.0625699 3.39006 2.35147 3.94858</i>
                        <i>-0.253378 0.953917 -0.160752 -0.0204731 -0.171426 -0.984984 -0.967151 -0.246283 0.0629652 3.37841 2.36555 3.93931</i>
                        <i>-0.25629 0.953035 -0.161369 -0.0202547 -0.172203 -0.984853 -0.966388 -0.249139 0.0634372 3.36561 2.38214 3.9305</i>
                        <i>-0.259397 0.952124 -0.161783 -0.0200711 -0.172796 -0.984753 -0.965562 -0.252195 0.0639329 3.35312 2.39952 3.9227</i>
                        <i>-0.262342 0.951282 -0.161986 -0.0199371 -0.173173 -0.98469 -0.964769 -0.255096 0.0643962 3.34238 2.41598 3.91644</i>
                        <i>-0.264763 0.950614 -0.161965 -0.0198678 -0.1733 -0.984669 -0.964109 -0.257486 0.0647702 3.33487 2.42983 3.91229</i>
                        <i>-0.266314 0.950226 -0.161704 -0.0198785 -0.173141 -0.984696 -0.963681 -0.259024 0.064999 3.33204 2.43936 3.91078</i>
                        <i>-0.266659 0.950545 -0.159242 -0.0148828 -0.169266 -0.985458 -0.963676 -0.260412 0.0592831 3.33386 2.44593 3.91283</i>
                        <i>-0.265954 0.951727 -0.153245 -0.00121258 -0.1593 -0.987229 -0.963985 -0.262372 0.0435206 3.3388 2.4521 3.91851</i>
                        <i>-0.264613 0.953447 -0.144636 0.0189923 -0.1448 -0.989279 -0.964168 -0.264523 0.0202079 3.34606 2.45788 3.92711</i>
                        <i>-0.262995 0.955395 -0.134366 0.0435813 -0.127362 -0.990898 -0.963812 -0.266458 -0.00814159 3.35486 2.46331 3.93793</i>
                        <i>-0.26136 0.95732 -0.12341 0.0703838 -0.108612 -0.991589 -0.962672 -0.267847 -0.0389931 3.36441 2.46845 3.95026</i>
                        <i>-0.259852 0.959047 -0.112718 0.0972115 -0.0901539 -0.991172 -0.960743 -0.268516 -0.0698037 3.37397 2.47338 3.96336</i>
                        <i>-0.258545 0.960475 -0.103164 0.121869 -0.073511 -0.98982 -0.958281 -0.268485 -0.0980459 3.38279 2.47822 3.9765</i>
                        <i>-0.257489 0.961549 -0.0955154 0.142167 -0.0600746 -0.988018 -0.955766 -0.267983 -0.121232 3.39019 2.48315 3.98893</i>
                        <i>-0.256764 0.962233 -0.0904459 0.155931 -0.0511128 -0.986445 -0.953812 -0.267386 -0.136918 3.39546 2.48835 3.99991</i>
                        <i>-0.25649 0.962477 -0.0886036 0.161 -0.0478453 -0.985794 -0.953043 -0.267112 -0.142687 3.39792 2.494 4.0087</i>
                        <i>-0.254345 0.963074 -0.0882973 0.160944 -0.0478763 -0.985802 -0.953628 -0.264945 -0.142824 3.39871 2.50099 4.01702</i>
                        <i>-0.248257 0.964741 -0.0874275 0.160785 -0.0479634 -0.985823 -0.955258 -0.258794 -0.143208 3.39928 2.50932 4.02676</i>
                        <i>-0.238741 0.967262 -0.0860662 0.160536 -0.0480972 -0.985857 -0.957722 -0.249181 -0.143797 3.39944 2.51778 4.03738</i>
                        <i>-0.226308 0.970402 -0.0842841 0.160209 -0.0482678 -0.985902 -0.96079 -0.236621 -0.144544 3.39899 2.52518 4.04835</i>
                        <i>-0.211474 0.973925 -0.0821525 0.159818 -0.0484651 -0.985956 -0.964229 -0.221633 -0.145402 3.39773 2.53032 4.05915</i>
                        <i>-0.194755 0.977605 -0.0797434 0.159376 -0.0486794 -0.986017 -0.967817 -0.204741 -0.146326 3.39547 2.53081 4.06925</i>
                        <i>-0.17668 0.981242 -0.0771311 0.158895 -0.0489015 -0.986084 -0.971358 -0.186477 -0.147275 3.392 2.52747 4.07811</i>
                        <i>-0.157785 0.984667 -0.0743916 0.15839 -0.0491232 -0.986154 -0.974688 -0.167383 -0.148211 3.38713 2.52389 4.08521</i>
                        <i>-0.138616 0.987754 -0.0716035 0.157876 -0.0493373 -0.986226 -0.977681 -0.148011 -0.149103 3.38067 2.52364 4.09002</i>
                        <i>-0.119726 0.990417 -0.0688472 0.157366 -0.0495377 -0.986297 -0.980256 -0.128919 -0.149927 3.37242 2.53034 4.092</i>
                        <i>-0.0989534 0.992963 -0.0650629 0.159982 -0.0486584 -0.98592 -0.982148 -0.107969 -0.154041 3.35978 2.54452 4.09033</i>
                        <i>-0.0747761 0.995443 -0.0591823 0.167964 -0.0459278 -0.984723 -0.982953 -0.0835742 -0.163764 3.34139 2.56339 4.08511</i>
                        <i>-0.0487654 0.99749 -0.0513473 0.179978 -0.0417914 -0.982783 -0.982461 -0.0571671 -0.177488 3.31891 2.58549 4.07725</i>
                        <i>-0.0224744 0.99887 -0.0418681 0.194669 -0.0367047 -0.980182 -0.980611 -0.0301794 -0.193624 3.29401 2.60938 4.0676</i>
                        <i>0.00265669 0.999507 -0.0312722 0.210685 -0.0311298 -0.977058 -0.97755 -0.00399285 -0.210664 3.26835 2.63359 4.05705</i>
                        <i>0.0253526 0.999472 -0.020309 0.226685 -0.0255341 -0.973633 -0.973638 0.0200804 -0.227213 3.2436 2.65665 4.04646</i>
                        <i>0.0445104 0.99896 -0.00991975 0.241352 -0.0203883 -0.970223 -0.969416 0.0407909 -0.242009 3.22143 2.67711 4.03669</i>
                        <i>0.0591629 0.998248 -0.001183 0.253395 -0.0161641 -0.967228 -0.965552 0.0569242 -0.253907 3.20353 2.69349 4.02862</i>
                        <i>0.0684127 0.997646 0.00476013 0.261545 -0.0133303 -0.965099 -0.962764 0.06727 -0.261841 3.19156 2.70435 4.02312</i>
                        <i>0.0713485 0.997428 0.00680278 0.26454 -0.0123464 -0.964296 -0.961732 0.0706006 -0.264741 3.18719 2.7082 4.0211</i>
                        <i>0.0709049 0.997461 0.00660494 0.264538 -0.0124195 -0.964295 -0.961765 0.0701206 -0.264747 3.18719 2.7081 4.0211</i>
                        <i>0.0706475 0.99748 0.00649008 0.264536 -0.0124619 -0.964295 -0.961785 0.0698419 -0.26475 3.18719 2.70804 4.0211</i>
                        <i>0.0705434 0.997488 0.00644364 0.264536 -0.012479 -0.964295 -0.961792 0.0697292 -0.264751 3.18719 2.70802 4.0211</i>
                        <i>0.0705598 0.997487 0.00645097 0.264536 -0.0124763 -0.964295 -0.961791 0.069747 -0.264751 3.18719 2.70802 4.0211</i>
                        <i>0.0706639 0.997479 0.00649741 0.264536 -0.0124592 -0.964295 -0.961783 0.0698597 -0.26475 3.18719 2.70805 4.0211</i>
                        <i>0.0708228 0.997467 0.00656829 0.264537 -0.012433 -0.964295 -0.961771 0.0700316 -0.264748 3.18719 2.70808 4.0211</i>
                        <i>0.0710035 0.997454 0.00664891 0.264538 -0.0124032 -0.964295 -0.961758 0.0702273 -0.264745 3.18719 2.70812 4.0211</i>
                        <i>0.0711733 0.997441 0.00672464 0.264539 -0.0123753 -0.964296 -0.961745 0.070411 -0.264743 3.18719 2.70816 4.0211</i>
                        <i>0.0712992 0.997432 0.00678081 0.26454 -0.0123545 -0.964296 -0.961735 0.0705473 -0.264742 3.18719 2.70819 4.0211</i>
                        <i>0.0713485 0.997428 0.00680278 0.26454 -0.0123464 -0.964296 -0.961732 0.0706006 -0.264741 3.18719 2.7082 4.0211</i>
                    </KeyFrames>
                </p>
            </i>
            <i>
                <p>
                    <Name><![CDATA[spine1]]></Name>
                    <Exclude>0</Exclude>
                    <Additive>0</Additive>
                    <IKPriority>0</IKPriority>
                    <IKRotLimits>-1e+010 -1e+010 -1e+010 1e+010 1e+010 1e+010</IKRotLimits>
                    <IKRotLimitOrder>0</IKRotLimitOrder>
                    <KeyFrames count="70">
                        <i>0.00296586 0.999611 0.0277227 0.338124 0.0250875 -0.940767 -0.941097 0.0121639 -0.337918 3.19943 2.87931 4.02226</i>
                        <i>0.00329769 0.999606 0.0278645 0.338084 0.0251094 -0.940781 -0.94111 0.012523 -0.337868 3.19956 2.87648 4.02232</i>
                        <i>0.00415477 0.999593 0.0282305 0.337979 0.0251658 -0.940817 -0.941144 0.0134502 -0.337737 3.19989 2.87326 4.02247</i>
                        <i>0.00532981 0.999573 0.0287314 0.337833 0.0252426 -0.940868 -0.941191 0.014721 -0.337554 3.20034 2.86993 4.02266</i>
                        <i>0.00661432 0.999549 0.0292777 0.33767 0.0253261 -0.940924 -0.941241 0.0161098 -0.33735 3.20082 2.86682 4.02288</i>
                        <i>0.00779733 0.999526 0.0297799 0.337516 0.0254025 -0.940977 -0.941287 0.0173883 -0.337158 3.20127 2.86422 4.02308</i>
                        <i>0.00866508 0.999508 0.0301476 0.337402 0.0254583 -0.941016 -0.941321 0.0183258 -0.337015 3.20159 2.86243 4.02322</i>
                        <i>0.00900215 0.999501 0.0302902 0.337357 0.0254799 -0.941032 -0.941334 0.0186899 -0.336959 3.20172 2.86177 4.02327</i>
                        <i>0.00866508 0.999508 0.0301476 0.337402 0.0254583 -0.941016 -0.941321 0.0183258 -0.337015 3.20159 2.86621 4.02322</i>
                        <i>0.00779733 0.999526 0.0297799 0.337516 0.0254025 -0.940977 -0.941287 0.0173883 -0.337158 3.20127 2.8768 4.02308</i>
                        <i>0.00661432 0.999549 0.0292777 0.33767 0.0253261 -0.940924 -0.941241 0.0161098 -0.33735 3.20082 2.88947 4.02288</i>
                        <i>0.00532981 0.999573 0.0287314 0.337833 0.0252426 -0.940868 -0.941191 0.014721 -0.337554 3.20034 2.90014 4.02266</i>
                        <i>0.00415477 0.999593 0.0282305 0.337979 0.0251658 -0.940817 -0.941144 0.0134502 -0.337737 3.19989 2.90472 4.02247</i>
                        <i>0.00329769 0.999606 0.0278645 0.338084 0.0251094 -0.940781 -0.94111 0.012523 -0.337868 3.19956 2.89914 4.02232</i>
                        <i>0.00296586 0.999611 0.0277227 0.338124 0.0250875 -0.940767 -0.941097 0.0121639 -0.337918 3.19943 2.87931 4.02226</i>
                        <i>-0.0541169 0.998464 0.0118646 0.284959 0.0268306 -0.958164 -0.957011 -0.048472 -0.285973 3.21436 2.82888 4.01369</i>
                        <i>-0.188127 0.982079 -0.0113201 0.152738 0.0178691 -0.988105 -0.970195 -0.187619 -0.153363 3.24945 2.74699 3.99455</i>
                        <i>-0.338702 0.940832 -0.0108131 -0.00945343 -0.0148946 -0.999844 -0.940846 -0.338547 0.0139389 3.29093 2.6537 3.97438</i>
                        <i>-0.451583 0.892134 0.0130423 -0.143301 -0.0580931 -0.987973 -0.880646 -0.448021 0.154078 3.3276 2.57195 3.9594</i>
                        <i>-0.493543 0.869248 0.0286914 -0.197553 -0.079918 -0.977029 -0.846988 -0.487874 0.211166 3.35005 2.52708 3.95115</i>
                        <i>-0.494273 0.868853 0.0280872 -0.197304 -0.0806587 -0.977019 -0.84662 -0.488456 0.211296 3.35811 2.51443 3.94525</i>
                        <i>-0.498809 0.866269 0.0276999 -0.196932 -0.0821562 -0.976969 -0.844042 -0.492776 0.211576 3.35884 2.5111 3.93763</i>
                        <i>-0.506203 0.861976 0.0274985 -0.19646 -0.0842085 -0.976889 -0.839739 -0.499907 0.21197 3.35376 2.51536 3.92883</i>
                        <i>-0.515511 0.856443 0.0274542 -0.195917 -0.0866143 -0.976788 -0.834185 -0.508923 0.212442 3.34436 2.52551 3.91942</i>
                        <i>-0.525801 0.850161 0.027539 -0.195336 -0.0891731 -0.976674 -0.827875 -0.518916 0.212955 3.3322 2.53982 3.90994</i>
                        <i>-0.53617 0.843655 0.0277245 -0.194761 -0.0916853 -0.976556 -0.821334 -0.529 0.21347 3.31877 2.55659 3.90096</i>
                        <i>-0.54574 0.837487 0.0279807 -0.194242 -0.0939524 -0.976444 -0.815131 -0.538319 0.213949 3.30563 2.57409 3.89303</i>
                        <i>-0.55366 0.832263 0.0282761 -0.193834 -0.095776 -0.976348 -0.80987 -0.546046 0.214348 3.2943 2.59062 3.8867</i>
                        <i>-0.559097 0.82861 0.028577 -0.193596 -0.0969576 -0.976278 -0.806183 -0.551367 0.214625 3.28631 2.60446 3.88253</i>
                        <i>-0.561217 0.827166 0.0288475 -0.193585 -0.0972972 -0.976247 -0.804711 -0.553471 0.214732 3.2832 2.61391 3.88108</i>
                        <i>-0.560298 0.827895 0.0256024 -0.185409 -0.0952345 -0.978036 -0.807273 -0.552739 0.206859 3.28501 2.62033 3.88361</i>
                        <i>-0.55722 0.830202 0.0164569 -0.162899 -0.0898589 -0.982542 -0.81423 -0.550173 0.18531 3.29021 2.62624 3.89046</i>
                        <i>-0.551865 0.833928 0.00311779 -0.129411 -0.081945 -0.988199 -0.823831 -0.545756 0.153142 3.29788 2.63171 3.90074</i>
                        <i>-0.54416 0.838886 -0.012665 -0.0883799 -0.072328 -0.993457 -0.834314 -0.53948 0.113499 3.30716 2.6368 3.91353</i>
                        <i>-0.534328 0.844773 -0.0292025 -0.0434009 -0.0619211 -0.997137 -0.844162 -0.531531 0.06975 3.3172 2.64158 3.92794</i>
                        <i>-0.52303 0.851127 -0.0449746 0.00178936 -0.051671 -0.998663 -0.852312 -0.522411 0.0255025 3.3272 2.64616 3.94306</i>
                        <i>-0.511392 0.857339 -0.0587161 0.0433894 -0.0424788 -0.998155 -0.858251 -0.512996 -0.0154761 3.33641 2.65072 3.95798</i>
                        <i>-0.500929 0.862697 -0.0694455 0.0776282 -0.0351302 -0.996363 -0.862 -0.504499 -0.0493719 3.34411 2.65542 3.97183</i>
                        <i>-0.493389 0.866447 -0.0764062 0.100821 -0.0302822 -0.994444 -0.863946 -0.49835 -0.0724148 3.34958 2.66047 3.98374</i>
                        <i>-0.490522 0.86785 -0.0789032 0.109353 -0.0285277 -0.993594 -0.864541 -0.496007 -0.0809082 3.35212 2.66606 3.99287</i>
                        <i>-0.488587 0.868964 -0.0786402 0.10934 -0.0284413 -0.993597 -0.865637 -0.494057 -0.0811167 3.35328 2.67317 4.00124</i>
                        <i>-0.483088 0.8721 -0.0778922 0.109306 -0.0281963 -0.993608 -0.868722 -0.488514 -0.0817044 3.35494 2.68179 4.01113</i>
                        <i>-0.474474 0.87692 -0.0767183 0.109255 -0.0278136 -0.993625 -0.873463 -0.479831 -0.0826115 3.3568 2.69071 4.022</i>
                        <i>-0.463182 0.883069 -0.0751756 0.109195 -0.0273144 -0.993645 -0.879511 -0.468447 -0.0837756 3.35858 2.69867 4.03329</i>
                        <i>-0.449653 0.890189 -0.0733215 0.109132 -0.0267197 -0.993668 -0.886511 -0.454807 -0.0851339 3.35997 2.70443 4.04447</i>
                        <i>-0.434335 0.897932 -0.0712149 0.109072 -0.0260508 -0.993692 -0.894123 -0.439363 -0.0866248 3.36069 2.70558 4.055</i>
                        <i>-0.41769 0.905972 -0.0689174 0.109021 -0.0253292 -0.993717 -0.902025 -0.422579 -0.0881898 3.36046 2.70289 4.06433</i>
                        <i>-0.400199 0.914013 -0.0664935 0.108981 -0.0245766 -0.99374 -0.909925 -0.40494 -0.0897743 3.35897 2.69992 4.07192</i>
                        <i>-0.382359 0.921794 -0.0640116 0.108955 -0.0238148 -0.993761 -0.917568 -0.386948 -0.0913284 3.35594 2.70022 4.07722</i>
                        <i>-0.364685 0.929095 -0.0615436 0.108944 -0.0230658 -0.99378 -0.924735 -0.369122 -0.0928079 3.35106 2.70739 4.0797</i>
                        <i>-0.340692 0.938359 -0.0584066 0.115341 -0.0199385 -0.993126 -0.933073 -0.345086 -0.101438 3.34216 2.72177 4.07872</i>
                        <i>-0.30539 0.95072 -0.0535633 0.132819 -0.0131715 -0.991053 -0.942919 -0.309772 -0.122251 3.32813 2.7404 4.0746</i>
                        <i>-0.261595 0.964057 -0.0464939 0.158706 -0.0045511 -0.987315 -0.95204 -0.265656 -0.151811 3.31032 2.76191 4.06817</i>
                        <i>-0.212333 0.976501 -0.036876 0.190197 0.00428307 -0.981737 -0.958509 -0.215469 -0.186637 3.29008 2.78493 4.06025</i>
                        <i>-0.160922 0.986654 -0.0248456 0.224404 0.0120623 -0.974422 -0.961118 -0.162381 -0.22335 3.26883 2.80814 4.0516</i>
                        <i>-0.110923 0.993767 -0.0111388 0.258432 0.0180199 -0.965861 -0.95964 -0.110015 -0.25882 3.24801 2.83017 4.04293</i>
                        <i>-0.0659977 0.997816 0.0029011 0.289459 0.0219277 -0.956939 -0.954912 -0.062316 -0.290274 3.22913 2.84968 4.03498</i>
                        <i>-0.0297504 0.999438 0.015445 0.31479 0.0240338 -0.948857 -0.948695 -0.023367 -0.315328 3.21371 2.8653 4.02841</i>
                        <i>-0.00564578 0.999686 0.0244033 0.331851 0.0248937 -0.943003 -0.943315 0.00277426 -0.331887 3.2033 2.87564 4.02394</i>
                        <i>0.00296586 0.999611 0.0277227 0.338124 0.0250875 -0.940767 -0.941097 0.0121639 -0.337918 3.19943 2.87931 4.02226</i>
                        <i>0.00276621 0.999614 0.0276373 0.338148 0.0250744 -0.940759 -0.941089 0.0119479 -0.337948 3.19935 2.8792 4.02223</i>
                        <i>0.00265044 0.999616 0.0275878 0.338162 0.0250667 -0.940754 -0.941084 0.0118226 -0.337966 3.19931 2.87914 4.02221</i>
                        <i>0.00260363 0.999617 0.0275678 0.338168 0.0250636 -0.940752 -0.941082 0.0117719 -0.337973 3.19929 2.87912 4.0222</i>
                        <i>0.00261101 0.999617 0.0275709 0.338167 0.0250641 -0.940752 -0.941083 0.0117799 -0.337971 3.1993 2.87912 4.0222</i>
                        <i>0.00265783 0.999616 0.027591 0.338161 0.0250672 -0.940754 -0.941085 0.0118306 -0.337964 3.19931 2.87915 4.02221</i>
                        <i>0.00272926 0.999615 0.0276215 0.338152 0.0250719 -0.940757 -0.941087 0.0119079 -0.337954 3.19934 2.87918 4.02222</i>
                        <i>0.00281057 0.999614 0.0276563 0.338143 0.0250773 -0.940761 -0.941091 0.0119959 -0.337942 3.19937 2.87923 4.02224</i>
                        <i>0.00288696 0.999612 0.027689 0.338134 0.0250823 -0.940764 -0.941094 0.0120785 -0.33793 3.1994 2.87927 4.02225</i>
                        <i>0.00294367 0.999612 0.0277132 0.338127 0.0250861 -0.940766 -0.941096 0.0121399 -0.337921 3.19942 2.8793 4.02226</i>
                        <i>0.00296586 0.999611 0.0277227 0.338124 0.0250875 -0.940767 -0.941097 0.0121639 -0.337918 3.19943 2.87931 4.02226</i>
                    </KeyFrames>
                </p>
            </i>
            <i>
                <p>
                    <Name><![CDATA[spine2]]></Name>
                    <Exclude>0</Exclude>
                    <Additive>0</Additive>
                    <IKPriority>0</IKPriority>
                    <IKRotLimits>-1e+010 -1e+010 -1e+010 1e+010 1e+010 1e+010</IKRotLimits>
                    <IKRotLimitOrder>0</IKRotLimitOrder>
                    <KeyFrames count="70">
                        <i>-0.146706 0.987937 -0.0495825 0.408309 0.0148252 -0.912724 -0.900978 -0.154147 -0.405558 3.19992 3.03727 4.02657</i>
                        <i>-0.148087 0.9877 -0.0501925 0.408248 0.0148253 -0.912751 -0.90078 -0.155657 -0.405422 3.2001 3.03445 4.02665</i>
                        <i>-0.151645 0.987079 -0.0517643 0.408091 0.0148251 -0.912821 -0.900259 -0.15955 -0.405066 3.20057 3.03126 4.02685</i>
                        <i>-0.156506 0.986205 -0.0539104 0.407876 0.0148238 -0.912917 -0.899524 -0.164866 -0.404569 3.2012 3.02798 4.02713</i>
                        <i>-0.161796 0.98522 -0.0562446 0.407642 0.0148211 -0.913022 -0.898694 -0.170651 -0.404015 3.20189 3.02492 4.02744</i>
                        <i>-0.166644 0.984287 -0.058383 0.407427 0.0148176 -0.913118 -0.897905 -0.175952 -0.403494 3.20252 3.02237 4.02771</i>
                        <i>-0.170186 0.983587 -0.0599444 0.40727 0.0148143 -0.913188 -0.897312 -0.179825 -0.403106 3.20298 3.02063 4.02792</i>
                        <i>-0.171559 0.983311 -0.0605493 0.407209 0.0148128 -0.913215 -0.897078 -0.181326 -0.402954 3.20316 3.01998 4.028</i>
                        <i>-0.170186 0.983587 -0.0599444 0.40727 0.0148143 -0.913188 -0.897312 -0.179825 -0.403106 3.20298 3.0244 4.02792</i>
                        <i>-0.166644 0.984287 -0.058383 0.407427 0.0148176 -0.913118 -0.897905 -0.175952 -0.403494 3.20252 3.03496 4.02771</i>
                        <i>-0.161796 0.98522 -0.0562446 0.407642 0.0148211 -0.913022 -0.898694 -0.170651 -0.404015 3.20189 3.04758 4.02744</i>
                        <i>-0.156506 0.986205 -0.0539104 0.407876 0.0148238 -0.912917 -0.899524 -0.164866 -0.404569 3.2012 3.05819 4.02713</i>
                        <i>-0.151645 0.987079 -0.0517643 0.408091 0.0148251 -0.912821 -0.900259 -0.15955 -0.405066 3.20057 3.06272 4.02685</i>
                        <i>-0.148087 0.9877 -0.0501925 0.408248 0.0148253 -0.912751 -0.90078 -0.155657 -0.405422 3.2001 3.05711 4.02665</i>
                        <i>-0.146706 0.987937 -0.0495825 0.408309 0.0148252 -0.912724 -0.900978 -0.154147 -0.405558 3.19992 3.03727 4.02657</i>
                        <i>-0.210596 0.9762 -0.0518006 0.334658 0.0222057 -0.942078 -0.918506 -0.215733 -0.331369 3.20578 2.98724 4.01552</i>
                        <i>-0.354571 0.934284 -0.0373271 0.147006 0.0162771 -0.989002 -0.923401 -0.356158 -0.143117 3.21925 2.90439 3.99273</i>
                        <i>-0.503192 0.864036 0.0154858 -0.084807 -0.0315403 -0.995898 -0.860003 -0.502441 0.0891471 3.23569 2.80683 3.9727</i>
                        <i>-0.602303 0.79352 0.0869361 -0.270623 -0.100517 -0.957423 -0.750995 -0.600186 0.275287 3.25283 2.71937 3.96171</i>
                        <i>-0.638578 0.75936 0.124859 -0.343107 -0.135708 -0.929441 -0.688836 -0.636361 0.347203 3.26772 2.67179 3.95612</i>
                        <i>-0.646835 0.751825 0.12792 -0.342839 -0.136834 -0.929375 -0.681223 -0.645008 0.346264 3.27557 2.65924 3.95013</i>
                        <i>-0.659525 0.740114 0.13137 -0.341966 -0.139787 -0.929257 -0.669393 -0.657792 0.345287 3.2754 2.65569 3.94245</i>
                        <i>-0.675124 0.725244 0.135017 -0.340594 -0.144088 -0.929104 -0.654373 -0.673246 0.344291 3.26892 2.6595 3.93363</i>
                        <i>-0.692165 0.708293 0.138669 -0.338834 -0.149254 -0.928932 -0.637259 -0.68996 0.343302 3.25779 2.66901 3.92422</i>
                        <i>-0.709285 0.690443 0.142137 -0.336817 -0.154812 -0.928756 -0.619249 -0.706627 0.342358 3.24371 2.68255 3.91477</i>
                        <i>-0.72525 0.672993 0.145233 -0.334701 -0.160299 -0.92859 -0.601654 -0.722069 0.341508 3.22837 2.69849 3.90583</i>
                        <i>-0.738957 0.657348 0.147769 -0.332677 -0.165268 -0.928446 -0.585891 -0.735241 0.340811 3.21346 2.71518 3.89795</i>
                        <i>-0.749415 0.644988 0.149557 -0.330962 -0.169288 -0.928335 -0.573447 -0.745206 0.340334 3.20067 2.73099 3.89168</i>
                        <i>-0.755686 0.63743 0.150408 -0.329788 -0.171937 -0.928266 -0.565844 -0.75108 0.340147 3.1917 2.74431 3.88757</i>
                        <i>-0.756807 0.636163 0.150131 -0.329388 -0.172793 -0.928249 -0.564576 -0.751957 0.340315 3.18824 2.75351 3.88615</i>
                        <i>-0.753333 0.642235 0.141504 -0.319165 -0.168911 -0.932525 -0.574999 -0.747665 0.332225 3.19033 2.75987 3.88813</i>
                        <i>-0.746246 0.654755 0.120051 -0.291008 -0.158684 -0.943469 -0.598691 -0.738996 0.308956 3.19629 2.76581 3.89342</i>
                        <i>-0.734788 0.672308 0.08994 -0.248737 -0.143713 -0.95785 -0.631044 -0.726188 0.272826 3.2052 2.77142 3.90142</i>
                        <i>-0.718411 0.693408 0.0554164 -0.196327 -0.125689 -0.97245 -0.66734 -0.709498 0.226431 3.21614 2.77679 3.91156</i>
                        <i>-0.697398 0.716392 0.0204586 -0.138159 -0.106376 -0.984681 -0.703241 -0.689541 0.173163 3.22818 2.78199 3.9232</i>
                        <i>-0.673155 0.739411 -0.0115858 -0.0790555 -0.0875312 -0.99302 -0.735264 -0.66754 0.117377 3.24039 2.78713 3.93569</i>
                        <i>-0.648185 0.76052 -0.0382813 -0.024139 -0.0707683 -0.997201 -0.7611 -0.645447 0.0642292 3.2518 2.79227 3.94835</i>
                        <i>-0.625816 0.777798 -0.0581743 0.0213729 -0.0574562 -0.998119 -0.779678 -0.625883 0.0193333 3.26142 2.79753 3.96044</i>
                        <i>-0.609774 0.789429 -0.0705541 0.05234 -0.0487161 -0.99744 -0.790846 -0.611906 -0.0116129 3.26826 2.80298 3.97121</i>
                        <i>-0.603699 0.793687 -0.074882 0.0637575 -0.0455613 -0.996925 -0.794658 -0.606617 -0.0230982 3.27132 2.80873 3.97992</i>
                        <i>-0.601929 0.795053 -0.0746494 0.0637074 -0.0453723 -0.996937 -0.796004 -0.604841 -0.0233398 3.27281 2.81602 3.98834</i>
                        <i>-0.596895 0.798901 -0.0739871 0.0635678 -0.0448361 -0.99697 -0.799797 -0.599789 -0.0240219 3.27537 2.82516 3.99836</i>
                        <i>-0.588995 0.804837 -0.0729455 0.0633568 -0.0439981 -0.997021 -0.805649 -0.591862 -0.0250772 3.27865 2.83487 4.00942</i>
                        <i>-0.578618 0.812452 -0.071573 0.0630943 -0.0429032 -0.997085 -0.813154 -0.581448 -0.0264365 3.28227 2.84384 4.02096</i>
                        <i>-0.566153 0.82133 -0.069918 0.0628004 -0.0415968 -0.997159 -0.821905 -0.568935 -0.0280297 3.28589 2.85078 4.03245</i>
                        <i>-0.551996 0.831067 -0.0680306 0.0624943 -0.0401245 -0.997238 -0.831501 -0.554724 -0.0297883 3.28913 2.8532 4.04332</i>
                        <i>-0.536565 0.841277 -0.0659639 0.0621927 -0.0385328 -0.99732 -0.841564 -0.539229 -0.031646 3.29164 2.85184 4.05303</i>
                        <i>-0.520294 0.851602 -0.0637748 0.0619099 -0.0368689 -0.997401 -0.85174 -0.52289 -0.0335399 3.29302 2.85019 4.06102</i>
                        <i>-0.503644 0.861718 -0.0615241 0.0616564 -0.0351809 -0.997477 -0.861708 -0.506167 -0.0354118 3.29292 2.85178 4.06673</i>
                        <i>-0.487095 0.871335 -0.0592771 0.0614394 -0.0335174 -0.997548 -0.871185 -0.489542 -0.0372081 3.29095 2.86015 4.06961</i>
                        <i>-0.465329 0.883202 -0.0585113 0.0709065 -0.0286968 -0.99707 -0.882293 -0.468114 -0.0492713 3.28608 2.87584 4.06916</i>
                        <i>-0.434058 0.898899 -0.0597836 0.0971957 -0.0192468 -0.995079 -0.895627 -0.437733 -0.0790149 3.27804 2.89593 4.06585</i>
                        <i>-0.39529 0.91648 -0.0617261 0.136414 -0.00788235 -0.99062 -0.908371 -0.400002 -0.121905 3.26764 2.91879 4.06061</i>
                        <i>-0.351232 0.934159 -0.0631186 0.184369 0.00291149 -0.982853 -0.917957 -0.356846 -0.173252 3.25566 2.94287 4.05428</i>
                        <i>-0.304487 0.950423 -0.0631157 0.23657 0.0112713 -0.971549 -0.922671 -0.310756 -0.228274 3.24291 2.96674 4.04758</i>
                        <i>-0.258105 0.964164 -0.0614027 0.288413 0.0162376 -0.957369 -0.922063 -0.264811 -0.282268 3.23026 2.98901 4.04111</i>
                        <i>-0.215504 0.974764 -0.0582541 0.335435 0.0178693 -0.941894 -0.917083 -0.222522 -0.33082 3.21862 3.00841 4.03538</i>
                        <i>-0.180312 0.9821 -0.0544708 0.373531 0.0171395 -0.927459 -0.909924 -0.187579 -0.369935 3.20901 3.02372 4.0308</i>
