<?xml version="1.0" encoding="ISO-8859-1" ?>
<Animl Version="1">
    <ModellingPackage><![CDATA[Maya.2010]]></ModellingPackage>
    <SrcFile><![CDATA[anims\turrets\antiair\red\~src\aa_gladiator\aa_gladiator_fire_crewman_d.mb]]></SrcFile>
    <FramesPerSecond>30</FramesPerSecond>
    <TotalFrames>70</TotalFrames>
    <Skeleton>
        <RefFrame>
            <Name><![CDATA[soldier_ref_frame]]></Name>
            <Exclude>0</Exclude>
            <Additive>0</Additive>
            <IKPriority>0</IKPriority>
            <IKRotLimits>-1e+010 -1e+010 -1e+010 1e+010 1e+010 1e+010</IKRotLimits>
            <IKRotLimitOrder>0</IKRotLimitOrder>
            <KeyFrames count="70">
                <i>1 0 0 0 1 0 0 0 1 -1.57 4.72 5.74</i>
                <i>1 0 0 0 1 0 0 0 1 -1.57 4.72 5.74</i>
                <i>1 0 0 0 1 0 0 0 1 -1.57 4.72 5.74</i>
                <i>1 0 0 0 1 0 0 0 1 -1.57 4.72 5.74</i>
                <i>1 0 0 0 1 0 0 0 1 -1.57 4.72 5.74</i>
                <i>1 0 0 0 1 0 0 0 1 -1.57 4.72 5.74</i>
                <i>1 0 0 0 1 0 0 0 1 -1.57 4.72 5.74</i>
                <i>1 0 0 0 1 0 0 0 1 -1.57 4.72 5.74</i>
                <i>1 0 0 0 1 0 0 0 1 -1.57 4.72 5.74</i>
                <i>1 0 0 0 1 0 0 0 1 -1.57 4.72 5.74</i>
                <i>1 0 0 0 1 0 0 0 1 -1.57 4.72 5.74</i>
                <i>1 0 0 0 1 0 0 0 1 -1.57 4.72 5.74</i>
                <i>1 0 0 0 1 0 0 0 1 -1.57 4.72 5.74</i>
                <i>1 0 0 0 1 0 0 0 1 -1.57 4.72 5.74</i>
                <i>1 0 0 0 1 0 0 0 1 -1.57 4.72 5.74</i>
                <i>1 0 0 0 1 0 0 0 1 -1.57 4.72 5.74</i>
                <i>1 0 0 0 1 0 0 0 1 -1.57 4.72 5.74</i>
                <i>1 0 0 0 1 0 0 0 1 -1.57 4.72 5.74</i>
                <i>1 0 0 0 1 0 0 0 1 -1.57 4.72 5.74</i>
                <i>1 0 0 0 1 0 0 0 1 -1.57 4.72 5.74</i>
                <i>1 0 0 0 1 0 0 0 1 -1.57 4.72 5.74</i>
                <i>1 0 0 0 1 0 0 0 1 -1.57 4.72 5.74</i>
                <i>1 0 0 0 1 0 0 0 1 -1.57 4.72 5.74</i>
                <i>1 0 0 0 1 0 0 0 1 -1.57 4.72 5.74</i>
                <i>1 0 0 0 1 0 0 0 1 -1.57 4.72 5.74</i>
                <i>1 0 0 0 1 0 0 0 1 -1.57 4.72 5.74</i>
                <i>1 0 0 0 1 0 0 0 1 -1.57 4.72 5.74</i>
                <i>1 0 0 0 1 0 0 0 1 -1.57 4.72 5.74</i>
                <i>1 0 0 0 1 0 0 0 1 -1.57 4.72 5.74</i>
                <i>1 0 0 0 1 0 0 0 1 -1.57 4.72 5.74</i>
                <i>1 0 0 0 1 0 0 0 1 -1.57 4.72 5.74</i>
                <i>1 0 0 0 1 0 0 0 1 -1.57 4.72 5.74</i>
                <i>1 0 0 0 1 0 0 0 1 -1.57 4.72 5.74</i>
                <i>1 0 0 0 1 0 0 0 1 -1.57 4.72 5.74</i>
                <i>1 0 0 0 1 0 0 0 1 -1.57 4.72 5.74</i>
                <i>1 0 0 0 1 0 0 0 1 -1.57 4.72 5.74</i>
                <i>1 0 0 0 1 0 0 0 1 -1.57 4.72 5.74</i>
                <i>1 0 0 0 1 0 0 0 1 -1.57 4.72 5.74</i>
                <i>1 0 0 0 1 0 0 0 1 -1.57 4.72 5.74</i>
                <i>1 0 0 0 1 0 0 0 1 -1.57 4.72 5.74</i>
                <i>1 0 0 0 1 0 0 0 1 -1.57 4.72 5.74</i>
                <i>1 0 0 0 1 0 0 0 1 -1.57 4.72 5.74</i>
                <i>1 0 0 0 1 0 0 0 1 -1.57 4.72 5.74</i>
                <i>1 0 0 0 1 0 0 0 1 -1.57 4.72 5.74</i>
                <i>1 0 0 0 1 0 0 0 1 -1.57 4.72 5.74</i>
                <i>1 0 0 0 1 0 0 0 1 -1.57 4.72 5.74</i>
                <i>1 0 0 0 1 0 0 0 1 -1.57 4.72 5.74</i>
                <i>1 0 0 0 1 0 0 0 1 -1.57 4.72 5.74</i>
                <i>1 0 0 0 1 0 0 0 1 -1.57 4.72 5.74</i>
                <i>1 0 0 0 1 0 0 0 1 -1.57 4.72 5.74</i>
                <i>1 0 0 0 1 0 0 0 1 -1.57 4.72 5.74</i>
                <i>1 0 0 0 1 0 0 0 1 -1.57 4.72 5.74</i>
                <i>1 0 0 0 1 0 0 0 1 -1.57 4.72 5.74</i>
                <i>1 0 0 0 1 0 0 0 1 -1.57 4.72 5.74</i>
                <i>1 0 0 0 1 0 0 0 1 -1.57 4.72 5.74</i>
                <i>1 0 0 0 1 0 0 0 1 -1.57 4.72 5.74</i>
                <i>1 0 0 0 1 0 0 0 1 -1.57 4.72 5.74</i>
                <i>1 0 0 0 1 0 0 0 1 -1.57 4.72 5.74</i>
                <i>1 0 0 0 1 0 0 0 1 -1.57 4.72 5.74</i>
                <i>1 0 0 0 1 0 0 0 1 -1.57 4.72 5.74</i>
                <i>1 0 0 0 1 0 0 0 1 -1.57 4.72 5.74</i>
                <i>1 0 0 0 1 0 0 0 1 -1.57 4.72 5.74</i>
                <i>1 0 0 0 1 0 0 0 1 -1.57 4.72 5.74</i>
                <i>1 0 0 0 1 0 0 0 1 -1.57 4.72 5.74</i>
                <i>1 0 0 0 1 0 0 0 1 -1.57 4.72 5.74</i>
                <i>1 0 0 0 1 0 0 0 1 -1.57 4.72 5.74</i>
                <i>1 0 0 0 1 0 0 0 1 -1.57 4.72 5.74</i>
                <i>1 0 0 0 1 0 0 0 1 -1.57 4.72 5.74</i>
                <i>1 0 0 0 1 0 0 0 1 -1.57 4.72 5.74</i>
                <i>1 0 0 0 1 0 0 0 1 -1.57 4.72 5.74</i>
            </KeyFrames>
        </RefFrame>
        <Bones count="23">
            <i>
                <p>
                    <Name><![CDATA[pelvis]]></Name>
                    <Exclude>0</Exclude>
                    <Additive>0</Additive>
                    <IKPriority>0</IKPriority>
                    <IKRotLimits>-1e+010 -1e+010 -1e+010 1e+010 1e+010 1e+010</IKRotLimits>
                    <IKRotLimitOrder>2</IKRotLimitOrder>
                    <KeyFrames count="70">
                        <i>1 0 0 0 1 0 0 0 1 -1.56492 5.89623 5.74665</i>
                        <i>1 0 0 0 1 0 0 0 1 -1.56492 5.89393 5.74665</i>
                        <i>1 0 0 0 1 0 0 0 1 -1.56492 5.89129 5.74665</i>
                        <i>1 0 0 0 1 0 0 0 1 -1.56492 5.88857 5.74665</i>
                        <i>1 0 0 0 1 0 0 0 1 -1.56492 5.88602 5.74665</i>
                        <i>1 0 0 0 1 0 0 0 1 -1.56492 5.88389 5.74665</i>
                        <i>1 0 0 0 1 0 0 0 1 -1.56492 5.88242 5.74665</i>
                        <i>1 0 0 0 1 0 0 0 1 -1.56492 5.88188 5.74665</i>
                        <i>1 0 0 0 1 0 0 0 1 -1.56492 5.88193 5.74665</i>
                        <i>1 0 0 0 1 0 0 0 1 -1.56492 5.88218 5.74665</i>
                        <i>1 0 0 0 1 0 0 0 1 -1.56492 5.88278 5.74665</i>
                        <i>1 0 0 0 1 0 0 0 1 -1.56492 5.88389 5.74665</i>
                        <i>1 0 0 0 1 0 0 0 1 -1.56492 5.88563 5.74665</i>
                        <i>1 0 0 0 1 0 0 0 1 -1.56492 5.88817 5.74665</i>
                        <i>1 0 0 0 1 0 0 0 1 -1.56492 5.89166 5.74665</i>
                        <i>1 0 0 0 1 0 0 0 1 -1.56492 5.89623 5.74665</i>
                        <i>1 0 0 0 1 0 0 0 1 -1.56524 5.91443 5.74041</i>
                        <i>1 0 0 0 1 0 0 0 1 -1.56595 5.94357 5.72531</i>
                        <i>1 0 0 0 1 0 0 0 1 -1.56666 5.96096 5.70675</i>
                        <i>1 0 0 0 1 0 0 0 1 -1.56698 5.94391 5.69017</i>
                        <i>1 0 0 0 1 0 0 0 1 -1.56677 5.87952 5.67431</i>
                        <i>1 0 0 0 1 0 0 0 1 -1.56626 5.78397 5.65643</i>
                        <i>1 0 0 0 1 0 0 0 1 -1.56565 5.6782 5.63972</i>
                        <i>1 0 0 0 1 0 0 0 1 -1.56514 5.58316 5.62736</i>
                        <i>1 0 0 0 1 0 0 0 1 -1.56492 5.51981 5.62254</i>
                        <i>1 0 0 0 1 0 0 0 1 -1.56492 5.49464 5.62254</i>
                        <i>1 0 0 0 1 0 0 0 1 -1.56492 5.49368 5.62254</i>
                        <i>1 0 0 0 1 0 0 0 1 -1.56492 5.5072 5.62254</i>
                        <i>1 0 0 0 1 0 0 0 1 -1.56492 5.52542 5.62254</i>
                        <i>1 0 0 0 1 0 0 0 1 -1.56492 5.53861 5.62254</i>
                        <i>1 0 0 0 1 0 0 0 1 -1.56492 5.54847 5.62254</i>
                        <i>1 0 0 0 1 0 0 0 1 -1.56492 5.5615 5.62254</i>
                        <i>1 0 0 0 1 0 0 0 1 -1.56492 5.57514 5.62254</i>
                        <i>1 0 0 0 1 0 0 0 1 -1.56492 5.58682 5.62254</i>
                        <i>1 0 0 0 1 0 0 0 1 -1.56492 5.59397 5.62254</i>
                        <i>1 0 0 0 1 0 0 0 1 -1.56492 5.59778 5.62254</i>
                        <i>1 0 0 0 1 0 0 0 1 -1.56492 5.60115 5.62254</i>
                        <i>1 0 0 0 1 0 0 0 1 -1.56492 5.60412 5.62254</i>
                        <i>1 0 0 0 1 0 0 0 1 -1.56492 5.60672 5.62254</i>
                        <i>1 0 0 0 1 0 0 0 1 -1.56492 5.60898 5.62254</i>
                        <i>1 0 0 0 1 0 0 0 1 -1.56492 5.61092 5.62254</i>
                        <i>1 0 0 0 1 0 0 0 1 -1.56492 5.61258 5.62254</i>
                        <i>1 0 0 0 1 0 0 0 1 -1.56492 5.61399 5.62254</i>
                        <i>1 0 0 0 1 0 0 0 1 -1.56492 5.61517 5.62254</i>
                        <i>1 0 0 0 1 0 0 0 1 -1.56492 5.61616 5.62254</i>
                        <i>1 0 0 0 1 0 0 0 1 -1.56492 5.61698 5.62254</i>
                        <i>1 0 0 0 1 0 0 0 1 -1.56492 5.61766 5.62254</i>
                        <i>1 0 0 0 1 0 0 0 1 -1.56492 5.61825 5.62254</i>
                        <i>1 0 0 0 1 0 0 0 1 -1.56492 5.61875 5.62254</i>
                        <i>1 0 0 0 1 0 0 0 1 -1.56492 5.61921 5.62254</i>
                        <i>1 0 0 0 1 0 0 0 1 -1.56492 5.61336 5.62254</i>
                        <i>1 0 0 0 1 0 0 0 1 -1.56492 5.60047 5.62254</i>
                        <i>1 0 0 0 1 0 0 0 1 -1.56492 5.58887 5.62254</i>
                        <i>1 0 0 0 1 0 0 0 1 -1.56492 5.58689 5.62254</i>
                        <i>1 0 0 0 1 0 0 0 1 -1.56492 5.60285 5.62254</i>
                        <i>1 0 0 0 1 0 0 0 1 -1.56492 5.65111 5.63544</i>
                        <i>1 0 0 0 1 0 0 0 1 -1.56492 5.72614 5.66622</i>
                        <i>1 0 0 0 1 0 0 0 1 -1.56492 5.80636 5.70296</i>
                        <i>1 0 0 0 1 0 0 0 1 -1.56492 5.87025 5.73374</i>
                        <i>1 0 0 0 1 0 0 0 1 -1.56492 5.89623 5.74665</i>
                        <i>1 0 0 0 1 0 0 0 1 -1.56492 5.89612 5.74665</i>
                        <i>1 0 0 0 1 0 0 0 1 -1.56492 5.89605 5.74665</i>
                        <i>1 0 0 0 1 0 0 0 1 -1.56492 5.89602 5.74665</i>
                        <i>1 0 0 0 1 0 0 0 1 -1.56492 5.89603 5.74665</i>
                        <i>1 0 0 0 1 0 0 0 1 -1.56492 5.89606 5.74665</i>
                        <i>1 0 0 0 1 0 0 0 1 -1.56492 5.8961 5.74665</i>
                        <i>1 0 0 0 1 0 0 0 1 -1.56492 5.89614 5.74665</i>
                        <i>1 0 0 0 1 0 0 0 1 -1.56492 5.89619 5.74665</i>
                        <i>1 0 0 0 1 0 0 0 1 -1.56492 5.89622 5.74665</i>
                        <i>1 0 0 0 1 0 0 0 1 -1.56492 5.89623 5.74665</i>
                    </KeyFrames>
                </p>
            </i>
            <i>
                <p>
                    <Name><![CDATA[spine0]]></Name>
                    <Exclude>0</Exclude>
                    <Additive>0</Additive>
                    <IKPriority>0</IKPriority>
                    <IKRotLimits>-1e+010 -1e+010 -1e+010 1e+010 1e+010 1e+010</IKRotLimits>
                    <IKRotLimitOrder>0</IKRotLimitOrder>
                    <KeyFrames count="70">
                        <i>-0.00672444 0.999732 -0.022139 -0.999977 -0.00672609 2.14931e-013 -0.000148909 0.0221385 0.999755 -1.56875 6.03183 5.69875</i>
                        <i>-0.00672444 0.999732 -0.022139 -0.999977 -0.00672609 1.31544e-014 -0.000148909 0.0221385 0.999755 -1.56875 6.02953 5.69875</i>
                        <i>-0.00672444 0.999732 -0.022139 -0.999977 -0.00672609 2.15175e-013 -0.000148909 0.0221385 0.999755 -1.56875 6.02689 5.69875</i>
                        <i>-0.00672444 0.999732 -0.022139 -0.999977 -0.00672609 1.30052e-014 -0.000148909 0.0221385 0.999755 -1.56875 6.02417 5.69875</i>
                        <i>-0.00672444 0.999732 -0.022139 -0.999977 -0.00672609 1.3255e-014 -0.000148909 0.0221385 0.999755 -1.56875 6.02162 5.69875</i>
                        <i>-0.00672444 0.999732 -0.022139 -0.999977 -0.00672609 2.1492e-013 -0.000148909 0.0221385 0.999755 -1.56875 6.01949 5.69875</i>
                        <i>-0.00672444 0.999732 -0.022139 -0.999977 -0.00672609 2.14931e-013 -0.000148909 0.0221385 0.999755 -1.56875 6.01802 5.69875</i>
                        <i>-0.00672444 0.999732 -0.022139 -0.999977 -0.00672609 2.14759e-013 -0.000148909 0.0221385 0.999755 -1.56875 6.01748 5.69875</i>
                        <i>-0.00672444 0.999732 -0.022139 -0.999977 -0.00672609 1.31319e-014 -0.000148909 0.0221385 0.999755 -1.56875 6.01753 5.69875</i>
                        <i>-0.00672444 0.999732 -0.022139 -0.999977 -0.00672609 1.30174e-014 -0.000148909 0.0221385 0.999755 -1.56875 6.01778 5.69875</i>
                        <i>-0.00672444 0.999732 -0.022139 -0.999977 -0.00672609 1.31527e-014 -0.000148909 0.0221385 0.999755 -1.56875 6.01838 5.69875</i>
                        <i>-0.00672444 0.999732 -0.022139 -0.999977 -0.00672609 2.1491e-013 -0.000148909 0.0221385 0.999755 -1.56875 6.01949 5.69875</i>
                        <i>-0.00672444 0.999732 -0.022139 -0.999977 -0.00672609 -1.88655e-013 -0.000148909 0.0221385 0.999755 -1.56875 6.02123 5.69875</i>
                        <i>-0.00672444 0.999732 -0.022139 -0.999977 -0.00672609 1.31492e-014 -0.000148909 0.0221385 0.999755 -1.56875 6.02377 5.69875</i>
                        <i>-0.00672444 0.999732 -0.022139 -0.999977 -0.00672609 1.31214e-014 -0.000148909 0.0221385 0.999755 -1.56875 6.02726 5.69875</i>
                        <i>-0.00672444 0.999732 -0.022139 -0.999977 -0.00672609 2.14931e-013 -0.000148909 0.0221385 0.999755 -1.56875 6.03183 5.69875</i>
                        <i>-0.00764053 0.999468 -0.0316939 -0.99996 -0.00778204 -0.00434387 -0.0045882 0.0316594 0.999488 -1.56889 6.04941 5.69076</i>
                        <i>-0.00997519 0.998494 -0.0539413 -0.999918 -0.0103921 -0.00745342 -0.00800276 0.0538626 0.998516 -1.56934 6.07691 5.67141</i>
                        <i>-0.0137772 0.996738 -0.0795175 -0.999894 -0.0133635 0.00573167 0.00465034 0.0795881 0.996817 -1.57039 6.09205 5.64762</i>
                        <i>-0.0194829 0.99487 -0.0992716 -0.998624 -0.0145278 0.050395 0.0486942 0.100117 0.993783 -1.57262 6.07268 5.62626</i>
                        <i>-0.0347389 0.995179 -0.0917165 -0.98871 -0.020838 0.148383 0.145756 0.0958357 0.984668 -1.57844 6.00752 5.60969</i>
                        <i>-0.0535443 0.997259 -0.0510541 -0.957693 -0.0368077 0.285427 0.282766 0.0641772 0.95704 -1.58686 5.91323 5.59675</i>
                        <i>-0.0582416 0.998284 0.00613548 -0.905001 -0.0553916 0.421787 0.421403 0.0190129 0.906674 -1.59378 5.80962 5.58839</i>
                        <i>-0.0434578 0.997085 0.0627055 -0.849778 -0.069896 0.522487 0.525347 -0.0305796 0.850339 -1.59678 5.71689 5.5848</i>
                        <i>-0.0183922 0.994071 0.107163 -0.82426 -0.0757409 0.561123 0.565913 -0.0780102 0.820766 -1.5956 5.65564 5.58642</i>
                        <i>0.00360391 0.990197 0.139632 -0.82438 -0.0760945 0.560898 0.566025 -0.117132 0.816024 -1.59276 5.63216 5.59076</i>
                        <i>0.0203071 0.986143 0.164652 -0.824491 -0.0766332 0.560661 0.56551 -0.14714 0.81151 -1.59034 5.63246 5.59442</i>
                        <i>0.0322974 0.982558 0.183127 -0.824589 -0.0773451 0.560419 0.564809 -0.169105 0.807709 -1.58848 5.64684 5.59723</i>
                        <i>0.0402546 0.979807 0.195852 -0.824664 -0.0780982 0.560206 0.564189 -0.184063 0.804867 -1.58728 5.66558 5.59904</i>
                        <i>0.049623 0.976953 0.207608 -0.824688 -0.0771771 0.560297 0.563406 -0.199015 0.801852 -1.58685 5.67894 5.59967</i>
                        <i>0.0636748 0.97329 0.22057 -0.824655 -0.0731587 0.560884 0.56204 -0.217609 0.797971 -1.58714 5.68868 5.59924</i>
                        <i>0.0808225 0.969011 0.233423 -0.824612 -0.0665451 0.561771 0.559895 -0.237887 0.79368 -1.58782 5.70143 5.59822</i>
                        <i>0.0984912 0.96458 0.244715 -0.8246 -0.0585539 0.562678 0.557077 -0.257211 0.789625 -1.58864 5.71472 5.59699</i>
                        <i>0.113302 0.960732 0.253292 -0.824618 -0.0512778 0.563361 0.554227 -0.272699 0.786427 -1.58932 5.72609 5.59597</i>
                        <i>0.121288 0.958467 0.258128 -0.824628 -0.0474562 0.563682 0.55252 -0.281227 0.784623 -1.5896 5.73311 5.59554</i>
                        <i>0.123285 0.957871 0.259392 -0.824633 -0.0465276 0.563752 0.55207 -0.283405 0.784156 -1.58968 5.73687 5.59541</i>
                        <i>0.123033 0.958225 0.258201 -0.824668 -0.04602 0.563743 0.552075 -0.28229 0.784555 -1.58991 5.74014 5.59507</i>
                        <i>0.120845 0.959385 0.254907 -0.824728 -0.0458811 0.563666 0.552468 -0.278345 0.785687 -1.59027 5.74294 5.59453</i>
                        <i>0.117038 0.961184 0.249855 -0.824807 -0.0460561 0.563535 0.553168 -0.272037 0.787401 -1.59072 5.74531 5.59384</i>
                        <i>0.111931 0.963447 0.243395 -0.824898 -0.0464886 0.563366 0.554089 -0.263834 0.789542 -1.59126 5.74729 5.59303</i>
                        <i>0.105842 0.966002 0.235876 -0.824994 -0.0471223 0.563174 0.555142 -0.254204 0.791958 -1.59185 5.74893 5.59214</i>
                        <i>0.0990913 0.968688 0.22765 -0.825087 -0.0479013 0.562971 0.556248 -0.243617 0.794505 -1.59247 5.75026 5.59119</i>
                        <i>0.0919931 0.971363 0.219068 -0.825173 -0.0487714 0.562771 0.557339 -0.23254 0.797056 -1.5931 5.75131 5.59023</i>
                        <i>0.0848598 0.973907 0.210483 -0.825247 -0.0496801 0.562582 0.55836 -0.221441 0.799498 -1.59372 5.75214 5.58929</i>
                        <i>0.0779997 0.976223 0.202251 -0.825308 -0.0505772 0.562413 0.559269 -0.210787 0.80174 -1.5943 5.75279 5.58841</i>
                        <i>0.0717168 0.978233 0.194724 -0.825355 -0.0514142 0.562268 0.56004 -0.20104 0.803702 -1.59483 5.75329 5.58761</i>
                        <i>0.0663118 0.979879 0.188256 -0.825389 -0.0521444 0.562151 0.560656 -0.192662 0.805324 -1.59527 5.75371 5.58693</i>
                        <i>0.0620826 0.981113 0.1832 -0.825412 -0.0527222 0.562064 0.561107 -0.18611 0.806549 -1.59562 5.75407 5.5864</i>
                        <i>0.0593262 0.981893 0.179908 -0.825424 -0.0531026 0.56201 0.561387 -0.181843 0.807327 -1.59584 5.75443 5.58606</i>
                        <i>0.0583406 0.982166 0.178733 -0.825428 -0.0532398 0.561991 0.561485 -0.180318 0.807602 -1.59592 5.75484 5.58594</i>
                        <i>0.0616658 0.982176 0.177563 -0.827994 -0.0489998 0.558592 0.557336 -0.181467 0.810214 -1.59548 5.74903 5.58571</i>
                        <i>0.0689873 0.982062 0.175487 -0.836006 -0.0390761 0.547327 0.544366 -0.184467 0.818314 -1.59428 5.73624 5.58509</i>
                        <i>0.0763095 0.981668 0.174655 -0.849749 -0.0276116 0.526463 0.521635 -0.188587 0.832065 -1.59251 5.72476 5.5842</i>
                        <i>0.0794289 0.981011 0.176941 -0.869218 -0.0187368 0.494074 0.488007 -0.193044 0.851224 -1.59034 5.72291 5.58317</i>
                        <i>0.0737439 0.980227 0.183621 -0.893894 -0.0166668 0.447969 0.442172 -0.197173 0.87499 -1.58795 5.739 5.58216</i>
                        <i>0.0480897 0.98376 0.172924 -0.929773 -0.0191714 0.367633 0.364978 -0.178459 0.913752 -1.58453 5.78739 5.59373</i>
                        <i>0.0136733 0.991779 0.12723 -0.967563 -0.0189774 0.251915 0.252258 -0.126548 0.959349 -1.57976 5.86243 5.62262</i>
                        <i>-0.0069163 0.998046 0.062104 -0.991239 -0.0150344 0.131221 0.131898 -0.0606523 0.989406 -1.57466 5.94246 5.65736</i>
                        <i>-0.00943052 0.999951 0.00316707 -0.999253 -0.00954253 0.0374404 0.0374688 -0.00281162 0.999294 -1.57049 6.00602 5.68651</i>
                        <i>-0.00672444 0.999732 -0.022139 -0.999977 -0.00672609 -7.82065e-014 -0.000148909 0.0221385 0.999755 -1.56875 6.03183 5.69875</i>
                        <i>-0.00672444 0.999732 -0.022139 -0.999977 -0.00672609 -7.83158e-014 -0.000148909 0.0221385 0.999755 -1.56875 6.03172 5.69875</i>
                        <i>-0.00672444 0.999732 -0.022139 -0.999977 -0.00672609 1.23438e-013 -0.000148909 0.0221385 0.999755 -1.56875 6.03165 5.69875</i>
                        <i>-0.00672444 0.999732 -0.022139 -0.999977 -0.00672609 1.23436e-013 -0.000148909 0.0221385 0.999755 -1.56875 6.03162 5.69875</i>
                        <i>-0.00672444 0.999732 -0.022139 -0.999977 -0.00672609 1.23445e-013 -0.000148909 0.0221385 0.999755 -1.56875 6.03163 5.69875</i>
                        <i>-0.00672444 0.999732 -0.022139 -0.999977 -0.00672609 -7.8328e-014 -0.000148909 0.0221385 0.999755 -1.56875 6.03166 5.69875</i>
                        <i>-0.00672444 0.999732 -0.022139 -0.999977 -0.00672609 1.23439e-013 -0.000148909 0.0221385 0.999755 -1.56875 6.0317 5.69875</i>
                        <i>-0.00672444 0.999732 -0.022139 -0.999977 -0.00672609 3.25219e-013 -0.000148909 0.0221385 0.999755 -1.56875 6.03174 5.69875</i>
                        <i>-0.00672444 0.999732 -0.022139 -0.999977 -0.00672609 -7.83245e-014 -0.000148909 0.0221385 0.999755 -1.56875 6.03179 5.69875</i>
                        <i>-0.00672444 0.999732 -0.022139 -0.999977 -0.00672609 3.25205e-013 -0.000148909 0.0221385 0.999755 -1.56875 6.03182 5.69875</i>
                        <i>-0.00672444 0.999732 -0.022139 -0.999977 -0.00672609 -7.82065e-014 -0.000148909 0.0221385 0.999755 -1.56875 6.03183 5.69875</i>
                    </KeyFrames>
                </p>
            </i>
            <i>
                <p>
                    <Name><![CDATA[spine1]]></Name>
                    <Exclude>0</Exclude>
                    <Additive>0</Additive>
                    <IKPriority>0</IKPriority>
                    <IKRotLimits>-1e+010 -1e+010 -1e+010 1e+010 1e+010 1e+010</IKRotLimits>
                    <IKRotLimitOrder>0</IKRotLimitOrder>
                    <KeyFrames count="70">
                        <i>0.020124 0.994817 0.0996689 -0.999797 0.0201017 0.00122814 -0.000781739 -0.0996734 0.99502 -1.5699 6.20326 5.69496</i>
                        <i>0.020124 0.994817 0.0996689 -0.999797 0.0201017 0.00122814 -0.000781739 -0.0996734 0.99502 -1.5699 6.20096 5.69496</i>
                        <i>0.020124 0.994817 0.0996689 -0.999797 0.0201017 0.00122814 -0.000781739 -0.0996734 0.99502 -1.5699 6.19832 5.69496</i>
                        <i>0.020124 0.994817 0.0996689 -0.999797 0.0201017 0.00122814 -0.000781739 -0.0996734 0.99502 -1.5699 6.1956 5.69496</i>
                        <i>0.020124 0.994817 0.0996689 -0.999797 0.0201017 0.00122814 -0.000781739 -0.0996734 0.99502 -1.5699 6.19305 5.69496</i>
                        <i>0.020124 0.994817 0.0996689 -0.999797 0.0201017 0.00122814 -0.000781739 -0.0996734 0.99502 -1.5699 6.19091 5.69496</i>
                        <i>0.020124 0.994817 0.0996689 -0.999797 0.0201017 0.00122814 -0.000781739 -0.0996734 0.99502 -1.5699 6.18945 5.69496</i>
                        <i>0.020124 0.994817 0.0996689 -0.999797 0.0201017 0.00122814 -0.000781739 -0.0996734 0.99502 -1.5699 6.1889 5.69496</i>
                        <i>0.020124 0.994817 0.0996689 -0.999797 0.0201017 0.00122814 -0.000781739 -0.0996734 0.99502 -1.5699 6.18895 5.69496</i>
                        <i>0.020124 0.994817 0.0996689 -0.999797 0.0201017 0.00122814 -0.000781739 -0.0996734 0.99502 -1.5699 6.18921 5.69496</i>
                        <i>0.020124 0.994817 0.0996689 -0.999797 0.0201017 0.00122814 -0.000781739 -0.0996734 0.99502 -1.5699 6.18981 5.69496</i>
                        <i>0.020124 0.994817 0.0996689 -0.999797 0.0201017 0.00122814 -0.000781739 -0.0996734 0.99502 -1.5699 6.19091 5.69496</i>
                        <i>0.020124 0.994817 0.0996689 -0.999797 0.0201017 0.00122814 -0.000781739 -0.0996734 0.99502 -1.5699 6.19266 5.69496</i>
                        <i>0.020124 0.994817 0.0996689 -0.999797 0.0201017 0.00122814 -0.000781739 -0.0996734 0.99502 -1.5699 6.1952 5.69496</i>
                        <i>0.020124 0.994817 0.0996689 -0.999797 0.0201017 0.00122814 -0.000781739 -0.0996734 0.99502 -1.5699 6.19868 5.69496</i>
                        <i>0.020124 0.994817 0.0996689 -0.999797 0.0201017 0.00122814 -0.000781739 -0.0996734 0.99502 -1.5699 6.20326 5.69496</i>
                        <i>0.0166626 0.995867 0.0892846 -0.999737 0.0180003 -0.014199 -0.0157475 -0.0890245 0.995905 -1.5702 6.22089 5.68532</i>
                        <i>0.0085816 0.997719 0.0669561 -0.999109 0.0113214 -0.0406479 -0.0413132 -0.0665476 0.996928 -1.57106 6.24856 5.66213</i>
                        <i>-0.00145117 0.998941 0.0459966 -0.998838 0.000767413 -0.0481793 -0.0481635 -0.0460131 0.997779 -1.57276 6.26394 5.6339</i>
                        <i>-0.0103522 0.999144 0.0400517 -0.999925 -0.0100802 -0.00698734 -0.00657763 -0.0401211 0.999173 -1.57599 6.24502 5.60905</i>
                        <i>-0.0170429 0.996796 0.0781471 -0.993616 -0.0256025 0.109874 0.111523 -0.0757756 0.990869 -1.5845 6.18105 5.59368</i>
                        <i>-0.0066953 0.987194 0.159387 -0.959773 -0.0510852 0.27609 0.280697 -0.151126 0.947824 -1.59629 6.08861 5.58774</i>
                        <i>0.0351405 0.967745 0.249469 -0.894285 -0.08098 0.440109 0.446115 -0.238562 0.862594 -1.60413 5.98681 5.58945</i>
                        <i>0.0965528 0.941812 0.321974 -0.822287 -0.106791 0.558963 0.560822 -0.318725 0.764129 -1.60458 5.89527 5.59598</i>
                        <i>0.145489 0.917501 0.370168 -0.786775 -0.119552 0.605552 0.599849 -0.37934 0.704473 -1.59893 5.83412 5.60562</i>
                        <i>0.171204 0.899724 0.401479 -0.783593 -0.122664 0.609044 0.597219 -0.418867 0.684017 -1.59214 5.80992 5.61579</i>
                        <i>0.189007 0.886341 0.4227 -0.78027 -0.125793 0.612662 0.5962 -0.445618 0.66781 -1.58673 5.80937 5.62392</i>
                        <i>0.201346 0.876592 0.437087 -0.776736 -0.128979 0.616479 0.596776 -0.463627 0.654911 -1.58271 5.82296 5.63002</i>
                        <i>0.210773 0.869114 0.447455 -0.772912 -0.132075 0.620615 0.598482 -0.476653 0.643911 -1.58009 5.84114 5.63409</i>
                        <i>0.230499 0.855485 0.463697 -0.768113 -0.132589 0.626437 0.597388 -0.500565 0.626548 -1.57797 5.85436 5.63691</i>
                        <i>0.266377 0.83117 0.488058 -0.762101 -0.128392 0.634601 0.590124 -0.540992 0.599234 -1.57568 5.86438 5.63902</i>
                        <i>0.310489 0.799759 0.513792 -0.755584 -0.120327 0.643906 0.576793 -0.588138 0.566925 -1.57317 5.8776 5.6406</i>
                        <i>0.354074 0.766544 0.535763 -0.749405 -0.110164 0.652883 0.559485 -0.632673 0.535445 -1.57064 5.89137 5.64175</i>
                        <i>0.388443 0.738424 0.551219 -0.744654 -0.100803 0.659795 0.542773 -0.66676 0.510714 -1.56849 5.90308 5.64256</i>
                        <i>0.405416 0.723314 0.558976 -0.742659 -0.0959244 0.662764 0.533006 -0.683824 0.498286 -1.56724 5.9102 5.64316</i>
                        <i>0.40917 0.719595 0.561038 -0.742508 -0.0947893 0.663096 0.530341 -0.687894 0.49552 -1.56694 5.91397 5.6433</i>
                        <i>0.409446 0.719943 0.560389 -0.742372 -0.0941309 0.663342 0.530319 -0.68762 0.495924 -1.56722 5.91729 5.64273</i>
                        <i>0.406723 0.723791 0.557408 -0.742252 -0.093889 0.663512 0.532578 -0.683602 0.499048 -1.56799 5.92018 5.64155</i>
                        <i>0.401448 0.730522 0.552428 -0.742141 -0.0940016 0.663619 0.536718 -0.676388 0.504414 -1.56917 5.92268 5.63988</i>
                        <i>0.394058 0.739497 0.545768 -0.742032 -0.0944063 0.663683 0.542316 -0.666507 0.511529 -1.57068 5.92481 5.63781</i>
                        <i>0.384987 0.750074 0.537749 -0.741917 -0.0950407 0.663721 0.548948 -0.654489 0.519903 -1.57243 5.92659 5.63545</i>
                        <i>0.374682 0.761628 0.528712 -0.741789 -0.0958432 0.663749 0.556203 -0.640888 0.529057 -1.57433 5.92805 5.63291</i>
                        <i>0.363611 0.773566 0.519021 -0.741644 -0.096754 0.663779 0.563694 -0.626286 0.538529 -1.5763 5.92921 5.63029</i>
                        <i>0.352263 0.785335 0.509078 -0.741482 -0.0977147 0.663819 0.571065 -0.611311 0.547891 -1.57825 5.93013 5.6277</i>
                        <i>0.34115 0.796429 0.499316 -0.74131 -0.0986694 0.66387 0.577993 -0.596628 0.55674 -1.58011 5.93083 5.62524</i>
                        <i>0.330807 0.806391 0.490204 -0.741136 -0.0995643 0.663931 0.584194 -0.582941 0.564709 -1.58181 5.93138 5.623</i>
                        <i>0.321786 0.814805 0.482232 -0.740974 -0.100348 0.663994 0.589416 -0.570985 0.571459 -1.58325 5.9318 5.62109</i>
                        <i>0.314647 0.821285 0.475909 -0.740839 -0.100969 0.66405 0.593426 -0.561513 0.57667 -1.58438 5.93217 5.61961</i>
                        <i>0.309956 0.825458 0.471748 -0.740747 -0.101379 0.664091 0.596004 -0.555285 0.580033 -1.58511 5.93253 5.61864</i>
                        <i>0.308271 0.826941 0.470253 -0.740713 -0.101527 0.664105 0.596919 -0.553047 0.581228 -1.58537 5.93293 5.6183</i>
                        <i>0.308307 0.826325 0.47131 -0.746252 -0.0971749 0.658532 0.589961 -0.554747 0.586687 -1.58433 5.92708 5.61785</i>
                        <i>0.306305 0.824674 0.475489 -0.762197 -0.0867775 0.641503 0.570293 -0.558912 0.601983 -1.58181 5.91418 5.61684</i>
                        <i>0.298972 0.822343 0.484115 -0.787139 -0.0742805 0.612286 0.53947 -0.564122 0.625091 -1.57872 5.90254 5.61578</i>
                        <i>0.28277 0.819699 0.49813 -0.819151 -0.0638177 0.570017 0.499032 -0.569228 0.653412 -1.57598 5.90051 5.61515</i>
                        <i>0.253785 0.816932 0.517894 -0.855786 -0.0599005 0.513851 0.450803 -0.573614 0.683917 -1.57462 5.91645 5.61535</i>
                        <i>0.186908 0.842335 0.505507 -0.904684 -0.0529765 0.422777 0.3829 -0.536345 0.752145 -1.5759 5.96427 5.62477</i>
                        <i>0.0972757 0.901304 0.422125 -0.955551 -0.0340278 0.292855 0.278315 -0.431849 0.857932 -1.57734 6.03794 5.64511</i>
                        <i>0.0354885 0.95724 0.28711 -0.987876 -0.00984506 0.154931 0.151133 -0.289128 0.945285 -1.57587 6.11618 5.66815</i>
                        <i>0.0181722 0.987467 0.156776 -0.998902 0.0111588 0.0455002 0.0431805 -0.157431 0.986585 -1.57211 6.17814 5.68706</i>
                        <i>0.020124 0.994817 0.0996689 -0.999797 0.0201017 0.00122814 -0.000781739 -0.0996734 0.99502 -1.5699 6.20326 5.69496</i>
                        <i>0.020124 0.994817 0.0996689 -0.999797 0.0201017 0.00122814 -0.000781739 -0.0996734 0.99502 -1.5699 6.20314 5.69496</i>
                        <i>0.020124 0.994817 0.0996689 -0.999797 0.0201017 0.00122814 -0.000781739 -0.0996734 0.99502 -1.5699 6.20308 5.69496</i>
                        <i>0.020124 0.994817 0.0996689 -0.999797 0.0201017 0.00122814 -0.000781739 -0.0996734 0.99502 -1.5699 6.20305 5.69496</i>
                        <i>0.020124 0.994817 0.0996689 -0.999797 0.0201017 0.00122814 -0.000781739 -0.0996734 0.99502 -1.5699 6.20305 5.69496</i>
                        <i>0.020124 0.994817 0.0996689 -0.999797 0.0201017 0.00122814 -0.000781739 -0.0996734 0.99502 -1.5699 6.20308 5.69496</i>
                        <i>0.020124 0.994817 0.0996689 -0.999797 0.0201017 0.00122814 -0.000781739 -0.0996734 0.99502 -1.5699 6.20312 5.69496</i>
                        <i>0.020124 0.994817 0.0996689 -0.999797 0.0201017 0.00122814 -0.000781739 -0.0996734 0.99502 -1.5699 6.20317 5.69496</i>
                        <i>0.020124 0.994817 0.0996689 -0.999797 0.0201017 0.00122814 -0.000781739 -0.0996734 0.99502 -1.5699 6.20321 5.69496</i>
                        <i>0.020124 0.994817 0.0996689 -0.999797 0.0201017 0.00122814 -0.000781739 -0.0996734 0.99502 -1.5699 6.20325 5.69496</i>
                        <i>0.020124 0.994817 0.0996689 -0.999797 0.0201017 0.00122814 -0.000781739 -0.0996734 0.99502 -1.5699 6.20326 5.69496</i>
                    </KeyFrames>
                </p>
            </i>
            <i>
                <p>
                    <Name><![CDATA[spine2]]></Name>
                    <Exclude>0</Exclude>
                    <Additive>0</Additive>
                    <IKPriority>0</IKPriority>
                    <IKRotLimits>-1e+010 -1e+010 -1e+010 1e+010 1e+010 1e+010</IKRotLimits>
                    <IKRotLimitOrder>0</IKRotLimitOrder>
                    <KeyFrames count="70">
                        <i>0.0138404 0.951735 0.306609 -0.999901 0.0139881 0.00171565 -0.00265604 -0.306603 0.951834 -1.56672 6.36032 5.7107</i>
                        <i>0.0138404 0.951735 0.306609 -0.999901 0.0139881 0.00171565 -0.00265604 -0.306603 0.951834 -1.56672 6.35802 5.7107</i>
                        <i>0.0138404 0.951735 0.306609 -0.999901 0.0139881 0.00171565 -0.00265604 -0.306603 0.951834 -1.56672 6.35538 5.7107</i>
                        <i>0.0138404 0.951735 0.306609 -0.999901 0.0139881 0.00171565 -0.00265604 -0.306603 0.951834 -1.56672 6.35266 5.7107</i>
                        <i>0.0138404 0.951735 0.306609 -0.999901 0.0139881 0.00171565 -0.00265604 -0.306603 0.951834 -1.56672 6.35011 5.7107</i>
                        <i>0.0138404 0.951735 0.306609 -0.999901 0.0139881 0.00171565 -0.00265604 -0.306603 0.951834 -1.56672 6.34797 5.7107</i>
                        <i>0.0138404 0.951735 0.306609 -0.999901 0.0139881 0.00171565 -0.00265604 -0.306603 0.951834 -1.56672 6.34651 5.7107</i>
                        <i>0.0138404 0.951735 0.306609 -0.999901 0.0139881 0.00171565 -0.00265604 -0.306603 0.951834 -1.56672 6.34597 5.7107</i>
                        <i>0.0138404 0.951735 0.306609 -0.999901 0.0139881 0.00171565 -0.00265604 -0.306603 0.951834 -1.56672 6.34602 5.7107</i>
                        <i>0.0138404 0.951735 0.306609 -0.999901 0.0139881 0.00171565 -0.00265604 -0.306603 0.951834 -1.56672 6.34627 5.7107</i>
                        <i>0.0138404 0.951735 0.306609 -0.999901 0.0139881 0.00171565 -0.00265604 -0.306603 0.951834 -1.56672 6.34687 5.7107</i>
                        <i>0.0138404 0.951735 0.306609 -0.999901 0.0139881 0.00171565 -0.00265604 -0.306603 0.951834 -1.56672 6.34797 5.7107</i>
                        <i>0.0138404 0.951735 0.306609 -0.999901 0.0139881 0.00171565 -0.00265604 -0.306603 0.951834 -1.56672 6.34972 5.7107</i>
                        <i>0.0138404 0.951735 0.306609 -0.999901 0.0139881 0.00171565 -0.00265604 -0.306603 0.951834 -1.56672 6.35226 5.7107</i>
                        <i>0.0138404 0.951735 0.306609 -0.999901 0.0139881 0.00171565 -0.00265604 -0.306603 0.951834 -1.56672 6.35575 5.7107</i>
                        <i>0.0138404 0.951735 0.306609 -0.999901 0.0139881 0.00171565 -0.00265604 -0.306603 0.951834 -1.56672 6.36032 5.7107</i>
                        <i>0.00713272 0.956972 0.290093 -0.999601 0.0147562 -0.0241006 -0.0273443 -0.289805 0.956695 -1.56757 6.37823 5.69943</i>
                        <i>-0.0055305 0.967446 0.253016 -0.997262 0.0133231 -0.0727412 -0.0737442 -0.252726 0.964724 -1.56973 6.40648 5.67274</i>
                        <i>-0.0151469 0.976476 0.215095 -0.994909 0.0067168 -0.100553 -0.0996326 -0.215523 0.971403 -1.57305 6.42254 5.64122</i>
                        <i>-0.0145971 0.980255 0.197199 -0.997972 -0.00206163 -0.0636239 -0.0619611 -0.197728 0.978297 -1.5777 6.40436 5.61547</i>
                        <i>0.00254201 0.970144 0.242515 -0.997356 -0.0151541 0.0710759 0.072629 -0.242055 0.96754 -1.58727 6.34102 5.60628</i>
                        <i>0.0561604 0.937382 0.343747 -0.962912 -0.0401517 0.26681 0.263905 -0.345982 0.900361 -1.59736 6.24834 5.61362</i>
                        <i>0.155063 0.882687 0.443643 -0.885035 -0.0754097 0.459376 0.438941 -0.463872 0.769516 -1.59832 6.14481 5.63028</i>
                        <i>0.267029 0.818805 0.508187 -0.795018 -0.110862 0.59637 0.544649 -0.563266 0.621361 -1.58857 6.0502 5.64905</i>
                        <i>0.337701 0.768188 0.543916 -0.747929 -0.131832 0.650556 0.571455 -0.626504 0.53003 -1.57476 5.98555 5.66682</i>
                        <i>0.365438 0.737465 0.56798 -0.740099 -0.139872 0.657791 0.564542 -0.660743 0.494683 -1.56372 5.9584 5.68214</i>
                        <i>0.385747 0.714896 0.583201 -0.732077 -0.147525 0.665056 0.561483 -0.683491 0.466451 -1.55538 5.95552 5.69371</i>
                        <i>0.400916 0.698779 0.592432 -0.723748 -0.154877 0.67246 0.561654 -0.698371 0.443647 -1.54936 5.96739 5.70212</i>
                        <i>0.413174 0.686862 0.597919 -0.715015 -0.161923 0.680099 0.563951 -0.708521 0.424214 -1.54519 5.98428 5.70787</i>
                        <i>0.433696 0.666913 0.605916 -0.704658 -0.168064 0.689356 0.561573 -0.725935 0.397057 -1.53973 5.99554 5.71352</i>
                        <i>0.466866 0.633277 0.617249 -0.692455 -0.172349 0.700573 0.550039 -0.754491 0.358052 -1.53126 6.00223 5.72007</i>
                        <i>0.505273 0.592177 0.627714 -0.679973 -0.174677 0.712126 0.531352 -0.786647 0.314405 -1.52105 6.01112 5.72651</i>
                        <i>0.541472 0.550971 0.635011 -0.668871 -0.175272 0.72242 0.509333 -0.815911 0.273624 -1.5108 6.02021 5.73197</i>
                        <i>0.568883 0.517551 0.63915 -0.660918 -0.174814 0.729814 0.489448 -0.837604 0.24261 -1.50247 6.02788 5.73593</i>
                        <i>0.581836 0.500004 0.641454 -0.657947 -0.174255 0.732626 0.478092 -0.84831 0.227589 -1.49814 6.03279 5.73812</i>
                        <i>0.584048 0.496407 0.642237 -0.657964 -0.173833 0.732711 0.475365 -0.850507 0.225091 -1.49716 6.03599 5.73866</i>
                        <i>0.583138 0.498899 0.641132 -0.657777 -0.173176 0.733035 0.476739 -0.849182 0.227178 -1.4974 6.03936 5.73797</i>
                        <i>0.579524 0.50659 0.638372 -0.657416 -0.17232 0.73356 0.481618 -0.844792 0.233176 -1.49868 6.04283 5.73623</i>
                        <i>0.57357 0.518549 0.634132 -0.656911 -0.171299 0.734251 0.489372 -0.837713 0.242388 -1.50084 6.04634 5.7336</i>
                        <i>0.565621 0.533833 0.628566 -0.65629 -0.170147 0.735073 0.499355 -0.828295 0.254111 -1.5037 6.0498 5.73026</i>
                        <i>0.556028 0.551499 0.621837 -0.655581 -0.168898 0.735994 0.510927 -0.816898 0.26764 -1.5071 6.05315 5.72638</i>
                        <i>0.545172 0.570622 0.614148 -0.654811 -0.167588 0.736978 0.52346 -0.803931 0.282286 -1.51087 6.05632 5.72213</i>
                        <i>0.533477 0.590309 0.605754 -0.65401 -0.166254 0.737991 0.536352 -0.78987 0.297375 -1.51484 6.05924 5.7177</i>
                        <i>0.52142 0.60971 0.596972 -0.653207 -0.164938 0.738996 0.549037 -0.775274 0.312265 -1.51883 6.06187 5.71325</i>
                        <i>0.509528 0.628025 0.588188 -0.652436 -0.163685 0.739956 0.560989 -0.760783 0.326344 -1.52268 6.06418 5.70898</i>
                        <i>0.49838 0.644512 0.579846 -0.651727 -0.162542 0.740832 0.571724 -0.747118 0.339038 -1.52621 6.06615 5.70506</i>
                        <i>0.488593 0.658473 0.572443 -0.651117 -0.16156 0.741583 0.580796 -0.735059 0.349805 -1.52925 6.06778 5.70169</i>
                        <i>0.480808 0.669251 0.566504 -0.650637 -0.160793 0.74217 0.587788 -0.72543 0.358129 -1.53164 6.06907 5.69905</i>
                        <i>0.475676 0.676203 0.562567 -0.650325 -0.160294 0.742552 0.592292 -0.719066 0.363504 -1.53319 6.07002 5.69733</i>
                        <i>0.473831 0.678674 0.561147 -0.650213 -0.160116 0.742688 0.593892 -0.716774 0.365415 -1.53375 6.07063 5.69671</i>
                        <i>0.468196 0.678818 0.565684 -0.660115 -0.156873 0.734601 0.587401 -0.717354 0.374651 -1.53272 6.06465 5.69643</i>
                        <i>0.451894 0.679024 0.578548 -0.687132 -0.148643 0.711164 0.568895 -0.71891 0.399409 -1.53057 6.05139 5.69608</i>
                        <i>0.425545 0.679013 0.598208 -0.72663 -0.137616 0.673105 0.53937 -0.721112 0.43483 -1.52874 6.03929 5.69643</i>
                        <i>0.389497 0.678336 0.623019 -0.773489 -0.126313 0.621096 0.500007 -0.723813 0.475486 -1.52874 6.03677 5.69812</i>
                        <i>0.343922 0.67606 0.651659 -0.82254 -0.117844 0.556364 0.45293 -0.727362 0.515557 -1.53222 6.05225 5.70163</i>
                        <i>0.260694 0.708559 0.655731 -0.882419 -0.100646 0.459572 0.391631 -0.698437 0.599008 -1.54487 6.10338 5.70844</i>
