<?xml version="1.0" encoding="ISO-8859-1" ?>
<Animl Version="1">
    <ModellingPackage><![CDATA[Maya.2010]]></ModellingPackage>
    <SrcFile><![CDATA[anims\turrets\antiair\red\~src\aa_gladiator\aa_gladiator_fire_crewman_b.mb]]></SrcFile>
    <FramesPerSecond>30</FramesPerSecond>
    <TotalFrames>70</TotalFrames>
    <Skeleton>
        <RefFrame>
            <Name><![CDATA[soldier_ref_frame]]></Name>
            <Exclude>0</Exclude>
            <Additive>0</Additive>
            <IKPriority>0</IKPriority>
            <IKRotLimits>-1e+010 -1e+010 -1e+010 1e+010 1e+010 1e+010</IKRotLimits>
            <IKRotLimitOrder>0</IKRotLimitOrder>
            <KeyFrames count="70">
                <i>1 0 0 0 1 0 0 0 1 -4.61 1.43 -2.73</i>
                <i>1 0 0 0 1 0 0 0 1 -4.61 1.43 -2.73</i>
                <i>1 0 0 0 1 0 0 0 1 -4.61 1.43 -2.73</i>
                <i>1 0 0 0 1 0 0 0 1 -4.61 1.43 -2.73</i>
                <i>1 0 0 0 1 0 0 0 1 -4.61 1.43 -2.73</i>
                <i>1 0 0 0 1 0 0 0 1 -4.61 1.43 -2.73</i>
                <i>1 0 0 0 1 0 0 0 1 -4.61 1.43 -2.73</i>
                <i>1 0 0 0 1 0 0 0 1 -4.61 1.43 -2.73</i>
                <i>1 0 0 0 1 0 0 0 1 -4.61 1.43 -2.73</i>
                <i>1 0 0 0 1 0 0 0 1 -4.61 1.43 -2.73</i>
                <i>1 0 0 0 1 0 0 0 1 -4.61 1.43 -2.73</i>
                <i>1 0 0 0 1 0 0 0 1 -4.61 1.43 -2.73</i>
                <i>1 0 0 0 1 0 0 0 1 -4.61 1.43 -2.73</i>
                <i>1 0 0 0 1 0 0 0 1 -4.61 1.43 -2.73</i>
                <i>1 0 0 0 1 0 0 0 1 -4.61 1.43 -2.73</i>
                <i>1 0 0 0 1 0 0 0 1 -4.61 1.43 -2.73</i>
                <i>1 0 0 0 1 0 0 0 1 -4.61 1.43 -2.73</i>
                <i>1 0 0 0 1 0 0 0 1 -4.61 1.43 -2.73</i>
                <i>1 0 0 0 1 0 0 0 1 -4.61 1.43 -2.73</i>
                <i>1 0 0 0 1 0 0 0 1 -4.61 1.43 -2.73</i>
                <i>1 0 0 0 1 0 0 0 1 -4.61 1.43 -2.73</i>
                <i>1 0 0 0 1 0 0 0 1 -4.61 1.43 -2.73</i>
                <i>1 0 0 0 1 0 0 0 1 -4.61 1.43 -2.73</i>
                <i>1 0 0 0 1 0 0 0 1 -4.61 1.43 -2.73</i>
                <i>1 0 0 0 1 0 0 0 1 -4.61 1.43 -2.73</i>
                <i>1 0 0 0 1 0 0 0 1 -4.61 1.43 -2.73</i>
                <i>1 0 0 0 1 0 0 0 1 -4.61 1.43 -2.73</i>
                <i>1 0 0 0 1 0 0 0 1 -4.61 1.43 -2.73</i>
                <i>1 0 0 0 1 0 0 0 1 -4.61 1.43 -2.73</i>
                <i>1 0 0 0 1 0 0 0 1 -4.61 1.43 -2.73</i>
                <i>1 0 0 0 1 0 0 0 1 -4.61 1.43 -2.73</i>
                <i>1 0 0 0 1 0 0 0 1 -4.61 1.43 -2.73</i>
                <i>1 0 0 0 1 0 0 0 1 -4.61 1.43 -2.73</i>
                <i>1 0 0 0 1 0 0 0 1 -4.61 1.43 -2.73</i>
                <i>1 0 0 0 1 0 0 0 1 -4.61 1.43 -2.73</i>
                <i>1 0 0 0 1 0 0 0 1 -4.61 1.43 -2.73</i>
                <i>1 0 0 0 1 0 0 0 1 -4.61 1.43 -2.73</i>
                <i>1 0 0 0 1 0 0 0 1 -4.61 1.43 -2.73</i>
                <i>1 0 0 0 1 0 0 0 1 -4.61 1.43 -2.73</i>
                <i>1 0 0 0 1 0 0 0 1 -4.61 1.43 -2.73</i>
                <i>1 0 0 0 1 0 0 0 1 -4.61 1.43 -2.73</i>
                <i>1 0 0 0 1 0 0 0 1 -4.61 1.43 -2.73</i>
                <i>1 0 0 0 1 0 0 0 1 -4.61 1.43 -2.73</i>
                <i>1 0 0 0 1 0 0 0 1 -4.61 1.43 -2.73</i>
                <i>1 0 0 0 1 0 0 0 1 -4.61 1.43 -2.73</i>
                <i>1 0 0 0 1 0 0 0 1 -4.61 1.43 -2.73</i>
                <i>1 0 0 0 1 0 0 0 1 -4.61 1.43 -2.73</i>
                <i>1 0 0 0 1 0 0 0 1 -4.61 1.43 -2.73</i>
                <i>1 0 0 0 1 0 0 0 1 -4.61 1.43 -2.73</i>
                <i>1 0 0 0 1 0 0 0 1 -4.61 1.43 -2.73</i>
                <i>1 0 0 0 1 0 0 0 1 -4.61 1.43 -2.73</i>
                <i>1 0 0 0 1 0 0 0 1 -4.61 1.43 -2.73</i>
                <i>1 0 0 0 1 0 0 0 1 -4.61 1.43 -2.73</i>
                <i>1 0 0 0 1 0 0 0 1 -4.61 1.43 -2.73</i>
                <i>1 0 0 0 1 0 0 0 1 -4.61 1.43 -2.73</i>
                <i>1 0 0 0 1 0 0 0 1 -4.61 1.43 -2.73</i>
                <i>1 0 0 0 1 0 0 0 1 -4.61 1.43 -2.73</i>
                <i>1 0 0 0 1 0 0 0 1 -4.61 1.43 -2.73</i>
                <i>1 0 0 0 1 0 0 0 1 -4.61 1.43 -2.73</i>
                <i>1 0 0 0 1 0 0 0 1 -4.61 1.43 -2.73</i>
                <i>1 0 0 0 1 0 0 0 1 -4.61 1.43 -2.73</i>
                <i>1 0 0 0 1 0 0 0 1 -4.61 1.43 -2.73</i>
                <i>1 0 0 0 1 0 0 0 1 -4.61 1.43 -2.73</i>
                <i>1 0 0 0 1 0 0 0 1 -4.61 1.43 -2.73</i>
                <i>1 0 0 0 1 0 0 0 1 -4.61 1.43 -2.73</i>
                <i>1 0 0 0 1 0 0 0 1 -4.61 1.43 -2.73</i>
                <i>1 0 0 0 1 0 0 0 1 -4.61 1.43 -2.73</i>
                <i>1 0 0 0 1 0 0 0 1 -4.61 1.43 -2.73</i>
                <i>1 0 0 0 1 0 0 0 1 -4.61 1.43 -2.73</i>
                <i>1 0 0 0 1 0 0 0 1 -4.61 1.43 -2.73</i>
            </KeyFrames>
        </RefFrame>
        <Bones count="23">
            <i>
                <p>
                    <Name><![CDATA[pelvis]]></Name>
                    <Exclude>0</Exclude>
                    <Additive>0</Additive>
                    <IKPriority>0</IKPriority>
                    <IKRotLimits>-1e+010 -1e+010 -1e+010 1e+010 1e+010 1e+010</IKRotLimits>
                    <IKRotLimitOrder>2</IKRotLimitOrder>
                    <KeyFrames count="70">
                        <i>1 0 0 0 1 0 0 0 1 -4.59666 1.96287 -2.82266</i>
                        <i>1 0 0 0 1 0 0 0 1 -4.59666 1.96364 -2.82266</i>
                        <i>1 0 0 0 1 0 0 0 1 -4.59666 1.96485 -2.82266</i>
                        <i>1 0 0 0 1 0 0 0 1 -4.59666 1.96636 -2.82266</i>
                        <i>1 0 0 0 1 0 0 0 1 -4.59666 1.96804 -2.82266</i>
                        <i>1 0 0 0 1 0 0 0 1 -4.59666 1.96977 -2.82266</i>
                        <i>1 0 0 0 1 0 0 0 1 -4.59666 1.97141 -2.82266</i>
                        <i>1 0 0 0 1 0 0 0 1 -4.59666 1.97284 -2.82266</i>
                        <i>1 0 0 0 1 0 0 0 1 -4.59666 1.97391 -2.82266</i>
                        <i>1 0 0 0 1 0 0 0 1 -4.59666 1.97451 -2.82266</i>
                        <i>1 0 0 0 1 0 0 0 1 -4.59666 1.9745 -2.82266</i>
                        <i>1 0 0 0 1 0 0 0 1 -4.59666 1.97375 -2.82266</i>
                        <i>1 0 0 0 1 0 0 0 1 -4.59666 1.97213 -2.82266</i>
                        <i>1 0 0 0 1 0 0 0 1 -4.59666 1.96951 -2.82266</i>
                        <i>1 0 0 0 1 0 0 0 1 -4.59754 1.96231 -2.82266</i>
                        <i>1 0 0 0 1 0 0 0 1 -4.59997 1.94922 -2.82266</i>
                        <i>1 0 0 0 1 0 0 0 1 -4.6036 1.93348 -2.82266</i>
                        <i>1 0 0 0 1 0 0 0 1 -4.6081 1.91832 -2.82266</i>
                        <i>1 0 0 0 1 0 0 0 1 -4.61313 1.907 -2.82266</i>
                        <i>1 0 0 0 1 0 0 0 1 -4.61837 1.90275 -2.82266</i>
                        <i>1 0 0 0 1 0 0 0 1 -4.62347 1.90772 -2.82266</i>
                        <i>1 0 0 0 1 0 0 0 1 -4.6281 1.91974 -2.82266</i>
                        <i>1 0 0 0 1 0 0 0 1 -4.63192 1.9356 -2.82266</i>
                        <i>1 0 0 0 1 0 0 0 1 -4.6346 1.95207 -2.82266</i>
                        <i>1 0 0 0 1 0 0 0 1 -4.6358 1.96591 -2.82266</i>
                        <i>1 0 0 0 1 0 0 0 1 -4.63519 1.9739 -2.82266</i>
                        <i>1 0 0 0 1 0 0 0 1 -4.62923 1.97495 -2.82266</i>
                        <i>1 0 0 0 1 0 0 0 1 -4.61679 1.97141 -2.82266</i>
                        <i>1 0 0 0 1 0 0 0 1 -4.60112 1.96525 -2.82266</i>
                        <i>1 0 0 0 1 0 0 0 1 -4.58548 1.95843 -2.82266</i>
                        <i>1 0 0 0 1 0 0 0 1 -4.57314 1.95291 -2.82266</i>
                        <i>1 0 0 0 1 0 0 0 1 -4.56735 1.95066 -2.82266</i>
                        <i>1 0 0 0 1 0 0 0 1 -4.56625 1.95082 -2.82266</i>
                        <i>1 0 0 0 1 0 0 0 1 -4.56576 1.95124 -2.82266</i>
                        <i>1 0 0 0 1 0 0 0 1 -4.56583 1.95189 -2.82266</i>
                        <i>1 0 0 0 1 0 0 0 1 -4.56639 1.95275 -2.82266</i>
                        <i>1 0 0 0 1 0 0 0 1 -4.5674 1.95378 -2.82266</i>
                        <i>1 0 0 0 1 0 0 0 1 -4.56879 1.95498 -2.82266</i>
                        <i>1 0 0 0 1 0 0 0 1 -4.57051 1.9563 -2.82266</i>
                        <i>1 0 0 0 1 0 0 0 1 -4.57249 1.95773 -2.82266</i>
                        <i>1 0 0 0 1 0 0 0 1 -4.57469 1.95924 -2.82266</i>
                        <i>1 0 0 0 1 0 0 0 1 -4.57704 1.96081 -2.82266</i>
                        <i>1 0 0 0 1 0 0 0 1 -4.57949 1.96241 -2.82266</i>
                        <i>1 0 0 0 1 0 0 0 1 -4.58198 1.96401 -2.82266</i>
                        <i>1 0 0 0 1 0 0 0 1 -4.58445 1.9656 -2.82266</i>
                        <i>1 0 0 0 1 0 0 0 1 -4.58684 1.96715 -2.82266</i>
                        <i>1 0 0 0 1 0 0 0 1 -4.5891 1.96862 -2.82266</i>
                        <i>1 0 0 0 1 0 0 0 1 -4.59117 1.97001 -2.82266</i>
                        <i>1 0 0 0 1 0 0 0 1 -4.59299 1.97128 -2.82266</i>
                        <i>1 0 0 0 1 0 0 0 1 -4.59451 1.97241 -2.82266</i>
                        <i>1 0 0 0 1 0 0 0 1 -4.59567 1.97337 -2.82266</i>
                        <i>1 0 0 0 1 0 0 0 1 -4.5964 1.97414 -2.82266</i>
                        <i>1 0 0 0 1 0 0 0 1 -4.59666 1.97469 -2.82266</i>
                        <i>1 0 0 0 1 0 0 0 1 -4.59666 1.9743 -2.82266</i>
                        <i>1 0 0 0 1 0 0 0 1 -4.59666 1.97262 -2.82266</i>
                        <i>1 0 0 0 1 0 0 0 1 -4.59666 1.97016 -2.82266</i>
                        <i>1 0 0 0 1 0 0 0 1 -4.59666 1.96744 -2.82266</i>
                        <i>1 0 0 0 1 0 0 0 1 -4.59666 1.96497 -2.82266</i>
                        <i>1 0 0 0 1 0 0 0 1 -4.59666 1.96328 -2.82266</i>
                        <i>1 0 0 0 1 0 0 0 1 -4.59666 1.96287 -2.82266</i>
                        <i>1 0 0 0 1 0 0 0 1 -4.59666 1.9632 -2.82266</i>
                        <i>1 0 0 0 1 0 0 0 1 -4.59666 1.96339 -2.82266</i>
                        <i>1 0 0 0 1 0 0 0 1 -4.59666 1.96347 -2.82266</i>
                        <i>1 0 0 0 1 0 0 0 1 -4.59666 1.96346 -2.82266</i>
                        <i>1 0 0 0 1 0 0 0 1 -4.59666 1.96338 -2.82266</i>
                        <i>1 0 0 0 1 0 0 0 1 -4.59666 1.96326 -2.82266</i>
                        <i>1 0 0 0 1 0 0 0 1 -4.59666 1.96313 -2.82266</i>
                        <i>1 0 0 0 1 0 0 0 1 -4.59666 1.963 -2.82266</i>
                        <i>1 0 0 0 1 0 0 0 1 -4.59666 1.96291 -2.82266</i>
                        <i>1 0 0 0 1 0 0 0 1 -4.59666 1.96287 -2.82266</i>
                    </KeyFrames>
                </p>
            </i>
            <i>
                <p>
                    <Name><![CDATA[spine0]]></Name>
                    <Exclude>0</Exclude>
                    <Additive>0</Additive>
                    <IKPriority>0</IKPriority>
                    <IKRotLimits>-1e+010 -1e+010 -1e+010 1e+010 1e+010 1e+010</IKRotLimits>
                    <IKRotLimitOrder>0</IKRotLimitOrder>
                    <KeyFrames count="70">
                        <i>-0.453444 0.890726 0.0315718 -0.0983648 -0.0148055 -0.99504 -0.88584 -0.4543 0.0943295 -4.58055 2.10583 -2.82249</i>
                        <i>-0.453527 0.890683 0.0315802 -0.0983647 -0.014806 -0.99504 -0.885798 -0.454384 0.0943267 -4.58055 2.1066 -2.82249</i>
                        <i>-0.453762 0.890562 0.0316037 -0.0983644 -0.0148075 -0.99504 -0.885677 -0.45462 0.0943187 -4.58055 2.1078 -2.82249</i>
                        <i>-0.454127 0.890375 0.0316403 -0.0983638 -0.0148099 -0.99504 -0.88549 -0.454987 0.0943062 -4.58055 2.10931 -2.82249</i>
                        <i>-0.454601 0.890131 0.0316877 -0.0983631 -0.0148129 -0.99504 -0.885247 -0.455463 0.0942901 -4.58055 2.111 -2.82249</i>
                        <i>-0.45516 0.889844 0.0317436 -0.0983623 -0.0148165 -0.99504 -0.88496 -0.456025 0.0942709 -4.58055 2.11273 -2.82249</i>
                        <i>-0.455784 0.889522 0.031806 -0.0983613 -0.0148206 -0.99504 -0.884639 -0.456652 0.0942496 -4.58055 2.11437 -2.82249</i>
                        <i>-0.456449 0.889178 0.0318726 -0.0983603 -0.0148249 -0.99504 -0.884296 -0.457321 0.0942267 -4.58055 2.11579 -2.82249</i>
                        <i>-0.457135 0.888824 0.0319411 -0.0983593 -0.0148295 -0.99504 -0.883942 -0.45801 0.0942031 -4.58055 2.11687 -2.82249</i>
                        <i>-0.457819 0.888469 0.0320094 -0.0983582 -0.014834 -0.995041 -0.883588 -0.458697 0.0941795 -4.58055 2.11747 -2.82249</i>
                        <i>-0.458479 0.888126 0.0320753 -0.0983572 -0.0148385 -0.995041 -0.883246 -0.45936 0.0941567 -4.58055 2.11746 -2.82249</i>
                        <i>-0.459093 0.887807 0.0321366 -0.0983562 -0.0148427 -0.995041 -0.882927 -0.459977 0.0941355 -4.58055 2.1167 -2.82249</i>
                        <i>-0.459639 0.887522 0.032191 -0.0983553 -0.0148465 -0.995041 -0.882643 -0.460526 0.0941166 -4.58055 2.11508 -2.82249</i>
                        <i>-0.460095 0.887284 0.0322363 -0.0983545 -0.0148498 -0.995041 -0.882405 -0.460984 0.0941008 -4.58055 2.11246 -2.82249</i>
                        <i>-0.454488 0.890191 0.0316236 -0.0983049 -0.0148411 -0.995046 -0.885312 -0.455345 0.0942553 -4.58048 2.10516 -2.82258</i>
                        <i>-0.439703 0.897641 0.0300195 -0.0981815 -0.0148162 -0.995058 -0.892761 -0.440478 0.0946465 -4.58051 2.09176 -2.8228</i>
                        <i>-0.414011 0.909863 0.0272886 -0.098025 -0.0147597 -0.995075 -0.904978 -0.414647 0.0953 -4.58102 2.07556 -2.82309</i>
                        <i>-0.3787 0.925218 0.02361 -0.0978721 -0.0146669 -0.995091 -0.92033 -0.379151 0.0961074 -4.5824 2.05987 -2.82339</i>
                        <i>-0.334679 0.942138 0.0191448 -0.0977633 -0.0145077 -0.995104 -0.937247 -0.334912 0.096962 -4.585 2.04808 -2.82361</i>
                        <i>-0.288484 0.957374 0.0145708 -0.0977337 -0.0143047 -0.99511 -0.952484 -0.288497 0.0976943 -4.5892 2.04362 -2.82371</i>
                        <i>-0.251805 0.967716 0.0109987 -0.0977647 -0.0141289 -0.995109 -0.962827 -0.251649 0.0981662 -4.59442 2.04861 -2.8237</i>
                        <i>-0.232137 0.972641 0.00911281 -0.0978109 -0.0140209 -0.995106 -0.967753 -0.231892 0.0983896 -4.59958 2.06075 -2.82365</i>
                        <i>-0.2387 0.971044 0.00980363 -0.0978635 -0.0140101 -0.995101 -0.96615 -0.23849 0.0983739 -4.60427 2.07678 -2.82357</i>
                        <i>-0.274733 0.961427 0.0133903 -0.0979123 -0.0141197 -0.995095 -0.956522 -0.274697 0.0980147 -4.60807 2.09346 -2.82346</i>
                        <i>-0.333411 0.942585 0.0192263 -0.0979495 -0.0143495 -0.995088 -0.937679 -0.333657 0.09711 -4.61056 2.10754 -2.82334</i>
                        <i>-0.401046 0.915689 0.0259833 -0.0979712 -0.0146725 -0.995081 -0.910804 -0.401619 0.0955955 -4.61133 2.11577 -2.82322</i>
                        <i>-0.462656 0.885954 0.0321727 -0.0979805 -0.0150313 -0.995075 -0.881107 -0.46353 0.0937605 -4.60677 2.11704 -2.82308</i>
                        <i>-0.499784 0.865404 0.0359293 -0.0979999 -0.0152839 -0.995069 -0.860588 -0.500841 0.0924482 -4.59565 2.11371 -2.82296</i>
                        <i>-0.50795 0.8606 0.0367868 -0.0980482 -0.0153363 -0.995063 -0.855788 -0.50905 0.0921704 -4.58115 2.10772 -2.82285</i>
                        <i>-0.498637 0.866067 0.0358982 -0.0981145 -0.0152444 -0.995058 -0.86124 -0.499695 0.0925752 -4.56646 2.10103 -2.82276</i>
                        <i>-0.476911 0.878303 0.0337718 -0.0981873 -0.0150538 -0.995054 -0.87345 -0.477868 0.0934174 -4.55474 2.09559 -2.8227</i>
                        <i>-0.449361 0.89281 0.0310561 -0.0982464 -0.014836 -0.995052 -0.887931 -0.450189 0.0943821 -4.54918 2.09336 -2.82268</i>
                        <i>-0.423655 0.905374 0.0285179 -0.0982876 -0.0146496 -0.99505 -0.900475 -0.424361 0.0951934 -4.54809 2.09353 -2.82268</i>
                        <i>-0.404914 0.913965 0.0266749 -0.0983186 -0.0145167 -0.995049 -0.909053 -0.405532 0.0957379 -4.54764 2.09396 -2.82268</i>
                        <i>-0.395871 0.917944 0.0257962 -0.0983375 -0.0144459 -0.995048 -0.913026 -0.396448 0.095987 -4.54777 2.09461 -2.82267</i>
                        <i>-0.395652 0.918039 0.0257851 -0.0983444 -0.0144359 -0.995048 -0.91312 -0.396228 0.0959955 -4.54842 2.09548 -2.82266</i>
                        <i>-0.400098 0.916097 0.0262237 -0.0983432 -0.0144669 -0.995047 -0.91118 -0.400696 0.0958801 -4.54952 2.09653 -2.82265</i>
                        <i>-0.407202 0.912941 0.0269206 -0.0983379 -0.0145202 -0.995047 -0.908029 -0.407832 0.0956894 -4.55103 2.09774 -2.82264</i>
                        <i>-0.414767 0.909507 0.0276654 -0.0983327 -0.0145758 -0.995047 -0.904599 -0.415433 0.0954798 -4.55287 2.09908 -2.82263</i>
                        <i>-0.420042 0.907067 0.0281912 -0.0983326 -0.0146101 -0.995046 -0.902161 -0.420734 0.0953311 -4.55499 2.10052 -2.82262</i>
                        <i>-0.42331 0.905536 0.0285236 -0.0983369 -0.0146264 -0.995046 -0.900632 -0.424018 0.0952391 -4.55733 2.10205 -2.8226</i>
                        <i>-0.426747 0.90391 0.0288725 -0.0983409 -0.0146444 -0.995045 -0.899009 -0.427471 0.0951408 -4.55983 2.10363 -2.82259</i>
                        <i>-0.430227 0.902247 0.0292254 -0.0983448 -0.0146635 -0.995044 -0.897348 -0.430969 0.09504 -4.56242 2.10525 -2.82258</i>
                        <i>-0.433629 0.900606 0.0295698 -0.0983485 -0.0146829 -0.995044 -0.895708 -0.434388 0.0949402 -4.56506 2.10687 -2.82256</i>
                        <i>-0.436831 0.899047 0.0298935 -0.098352 -0.014702 -0.995043 -0.894151 -0.437605 0.0948453 -4.56767 2.10848 -2.82255</i>
                        <i>-0.439887 0.897545 0.0302023 -0.0983551 -0.0147208 -0.995043 -0.892651 -0.440677 0.0947536 -4.5702 2.11004 -2.82254</i>
                        <i>-0.442867 0.896068 0.0305033 -0.0983578 -0.0147392 -0.995042 -0.891176 -0.443672 0.0946628 -4.57259 2.11153 -2.82252</i>
                        <i>-0.445671 0.894668 0.0307865 -0.09836 -0.0147566 -0.995041 -0.889777 -0.446489 0.0945761 -4.57477 2.11293 -2.82251</i>
                        <i>-0.448195 0.893397 0.0310415 -0.0983618 -0.0147724 -0.995041 -0.888508 -0.449025 0.0944971 -4.57669 2.11421 -2.8225</i>
                        <i>-0.450337 0.892311 0.031258 -0.0983632 -0.0147859 -0.995041 -0.887424 -0.451178 0.0944292 -4.57829 2.11535 -2.8225</i>
                        <i>-0.451994 0.891467 0.0314254 -0.0983641 -0.0147963 -0.99504 -0.886581 -0.452844 0.0943762 -4.57951 2.11632 -2.82249</i>
                        <i>-0.453064 0.89092 0.0315335 -0.0983647 -0.0148031 -0.99504 -0.886035 -0.453919 0.0943418 -4.58028 2.11709 -2.82249</i>
                        <i>-0.453444 0.890726 0.0315718 -0.0983648 -0.0148055 -0.99504 -0.88584 -0.4543 0.0943295 -4.58055 2.11765 -2.82249</i>
                        <i>-0.453444 0.890726 0.0315718 -0.0983648 -0.0148055 -0.99504 -0.88584 -0.4543 0.0943295 -4.58055 2.11726 -2.82249</i>
                        <i>-0.453444 0.890726 0.0315718 -0.0983648 -0.0148055 -0.99504 -0.88584 -0.4543 0.0943295 -4.58055 2.11558 -2.82249</i>
                        <i>-0.453444 0.890726 0.0315718 -0.0983648 -0.0148055 -0.99504 -0.88584 -0.4543 0.0943295 -4.58055 2.11312 -2.82249</i>
                        <i>-0.453444 0.890726 0.0315718 -0.0983648 -0.0148055 -0.99504 -0.88584 -0.4543 0.0943295 -4.58055 2.1104 -2.82249</i>
                        <i>-0.453444 0.890726 0.0315718 -0.0983648 -0.0148055 -0.99504 -0.88584 -0.4543 0.0943295 -4.58055 2.10793 -2.82249</i>
                        <i>-0.453444 0.890726 0.0315718 -0.0983648 -0.0148055 -0.99504 -0.88584 -0.4543 0.0943295 -4.58055 2.10623 -2.82249</i>
                        <i>-0.453444 0.890726 0.0315718 -0.0983648 -0.0148055 -0.99504 -0.88584 -0.4543 0.0943295 -4.58055 2.10583 -2.82249</i>
                        <i>-0.453444 0.890726 0.0315718 -0.0983648 -0.0148055 -0.99504 -0.88584 -0.4543 0.0943295 -4.58055 2.10616 -2.82249</i>
                        <i>-0.453444 0.890726 0.0315718 -0.0983648 -0.0148055 -0.99504 -0.88584 -0.4543 0.0943295 -4.58055 2.10635 -2.82249</i>
                        <i>-0.453444 0.890726 0.0315718 -0.0983648 -0.0148055 -0.99504 -0.88584 -0.4543 0.0943295 -4.58055 2.10643 -2.82249</i>
                        <i>-0.453444 0.890726 0.0315718 -0.0983648 -0.0148055 -0.99504 -0.88584 -0.4543 0.0943295 -4.58055 2.10641 -2.82249</i>
                        <i>-0.453444 0.890726 0.0315718 -0.0983648 -0.0148055 -0.99504 -0.88584 -0.4543 0.0943295 -4.58055 2.10634 -2.82249</i>
                        <i>-0.453444 0.890726 0.0315718 -0.0983648 -0.0148055 -0.99504 -0.88584 -0.4543 0.0943295 -4.58055 2.10622 -2.82249</i>
                        <i>-0.453444 0.890726 0.0315718 -0.0983648 -0.0148055 -0.99504 -0.88584 -0.4543 0.0943295 -4.58055 2.10608 -2.82249</i>
                        <i>-0.453444 0.890726 0.0315718 -0.0983648 -0.0148055 -0.99504 -0.88584 -0.4543 0.0943295 -4.58055 2.10596 -2.82249</i>
                        <i>-0.453444 0.890726 0.0315718 -0.0983648 -0.0148055 -0.99504 -0.88584 -0.4543 0.0943295 -4.58055 2.10586 -2.82249</i>
                        <i>-0.453444 0.890726 0.0315718 -0.0983648 -0.0148055 -0.99504 -0.88584 -0.4543 0.0943295 -4.58055 2.10583 -2.82249</i>
                    </KeyFrames>
                </p>
            </i>
            <i>
                <p>
                    <Name><![CDATA[spine1]]></Name>
                    <Exclude>0</Exclude>
                    <Additive>0</Additive>
                    <IKPriority>0</IKPriority>
                    <IKRotLimits>-1e+010 -1e+010 -1e+010 1e+010 1e+010 1e+010</IKRotLimits>
                    <IKRotLimitOrder>0</IKRotLimitOrder>
                    <KeyFrames count="70">
                        <i>-0.92379 0.378869 0.0554083 -0.076499 -0.0408305 -0.996233 -0.37518 -0.924549 0.0667019 -4.66174 2.26541 -2.81683</i>
                        <i>-0.923868 0.378678 0.0554192 -0.0764966 -0.0408323 -0.996233 -0.374989 -0.924627 0.0666913 -4.66175 2.26617 -2.81683</i>
                        <i>-0.924086 0.37814 0.0554499 -0.07649 -0.0408375 -0.996234 -0.374452 -0.924847 0.0666614 -4.66179 2.26734 -2.81683</i>
                        <i>-0.924424 0.377307 0.0554974 -0.0764798 -0.0408458 -0.996234 -0.373619 -0.925187 0.0666152 -4.66185 2.2688 -2.81682</i>
                        <i>-0.924859 0.37623 0.0555585 -0.0764666 -0.0408567 -0.996235 -0.372543 -0.925625 0.0665557 -4.66192 2.27042 -2.81682</i>
                        <i>-0.92537 0.374961 0.0556304 -0.0764511 -0.0408698 -0.996235 -0.371276 -0.926139 0.0664859 -4.66201 2.27207 -2.81681</i>
                        <i>-0.925934 0.373553 0.0557099 -0.076434 -0.0408848 -0.996236 -0.36987 -0.926707 0.0664088 -4.6621 2.27362 -2.8168</i>
                        <i>-0.926531 0.372058 0.055794 -0.0764159 -0.0409013 -0.996237 -0.368375 -0.927308 0.0663274 -4.6622 2.27494 -2.81679</i>
                        <i>-0.927139 0.370526 0.0558798 -0.0763974 -0.0409188 -0.996237 -0.366846 -0.92792 0.0662447 -4.66231 2.27592 -2.81678</i>
                        <i>-0.927738 0.369012 0.0559642 -0.0763793 -0.0409371 -0.996238 -0.365333 -0.928522 0.0661638 -4.66241 2.27642 -2.81676</i>
                        <i>-0.928306 0.367568 0.0560443 -0.0763622 -0.0409556 -0.996239 -0.36389 -0.929094 0.0660876 -4.66251 2.27631 -2.81675</i>
                        <i>-0.928824 0.366246 0.0561173 -0.0763468 -0.040974 -0.996239 -0.362569 -0.929616 0.0660193 -4.6626 2.27547 -2.81674</i>
                        <i>-0.929272 0.365099 0.0561802 -0.0763339 -0.0409918 -0.996239 -0.361423 -0.930066 0.0659619 -4.66268 2.27376 -2.81674</i>
                        <i>-0.92963 0.364179 0.0562302 -0.0763242 -0.0410086 -0.996239 -0.360504 -0.930426 0.0659185 -4.66275 2.27107 -2.81673</i>
                        <i>-0.927429 0.369801 0.0558871 -0.076445 -0.0411605 -0.996224 -0.366104 -0.928199 0.0664428 -4.66166 2.26426 -2.81693</i>
                        <i>-0.921236 0.385105 0.054942 -0.0767654 -0.0415124 -0.996185 -0.381355 -0.921939 0.0678054 -4.65904 2.25218 -2.81744</i>
                        <i>-0.903834 0.424661 0.0524081 -0.0775473 -0.042119 -0.996099 -0.420796 -0.904372 0.0709999 -4.65496 2.23816 -2.81822</i>
                        <i>-0.869733 0.491212 0.0476972 -0.0788627 -0.0429242 -0.995961 -0.487181 -0.869982 0.0760709 -4.65002 2.22519 -2.81917</i>
                        <i>-0.818322 0.573296 0.0409975 -0.0803049 -0.0434139 -0.995825 -0.569122 -0.818198 0.081565 -4.64479 2.21653 -2.82019</i>
                        <i>-0.755092 0.654778 0.0332021 -0.0814288 -0.0434129 -0.995733 -0.650543 -0.754573 0.0860986 -4.64081 2.21504 -2.8211</i>
                        <i>-0.696821 0.716762 0.026324 -0.0820595 -0.0432085 -0.99569 -0.712536 -0.695978 0.0889258 -4.63951 2.2221 -2.82173</i>
                        <i>-0.662862 0.748405 0.0224214 -0.0822206 -0.0429931 -0.995686 -0.744213 -0.661847 0.0900328 -4.64117 2.23521 -2.82202</i>
                        <i>-0.671844 0.740323 0.0234072 -0.0819376 -0.0428764 -0.995715 -0.736147 -0.670883 0.0894665 -4.64698 2.25074 -2.82182</i>
                        <i>-0.722913 0.690325 0.0291272 -0.0814514 -0.0432828 -0.995737 -0.686121 -0.722204 0.0875176 -4.65689 2.26446 -2.82109</i>
                        <i>-0.795143 0.60526 0.0375109 -0.0807519 -0.0443743 -0.995746 -0.601021 -0.79479 0.0841599 -4.66906 2.273 -2.81997</i>
                        <i>-0.862327 0.504277 0.0457882 -0.079769 -0.0459932 -0.995752 -0.500029 -0.862316 0.0798869 -4.68062 2.27398 -2.81873</i>
                        <i>-0.910608 0.409956 0.0522418 -0.078572 -0.0476331 -0.99577 -0.405734 -0.910861 0.0755861 -4.68563 2.26804 -2.8176</i>
                        <i>-0.936103 0.347239 0.0559996 -0.0774949 -0.0483171 -0.995821 -0.343083 -0.936531 0.0721391 -4.68034 2.26033 -2.81687</i>
                        <i>-0.944613 0.323123 0.0574298 -0.076854 -0.0476688 -0.995902 -0.319061 -0.945156 0.0698618 -4.66749 2.25398 -2.8166</i>
                        <i>-0.94368 0.325837 0.057436 -0.0766186 -0.0463364 -0.995983 -0.321867 -0.94429 0.0686919 -4.65189 2.24941 -2.81661</i>
                        <i>-0.93462 0.351178 0.0562127 -0.0767074 -0.044711 -0.996051 -0.347278 -0.935241 0.0687257 -4.63735 2.24775 -2.81685</i>
                        <i>-0.919262 0.389907 0.0541381 -0.0769525 -0.0431191 -0.996102 -0.386052 -0.919844 0.069642 -4.62798 2.24998 -2.81724</i>
                        <i>-0.90172 0.429197 0.0518787 -0.0771734 -0.0417292 -0.996144 -0.425378 -0.902246 0.0707507 -4.62329 2.25433 -2.81762</i>
                        <i>-0.886724 0.459583 0.0500473 -0.0772816 -0.0406266 -0.996181 -0.455795 -0.887205 0.0715418 -4.62025 2.25798 -2.81789</i>
                        <i>-0.879387 0.473556 0.0492306 -0.0772495 -0.0398855 -0.996214 -0.469799 -0.87986 0.0716567 -4.61924 2.26049 -2.81802</i>
                        <i>-0.879767 0.472838 0.049341 -0.0771796 -0.0396439 -0.996229 -0.469099 -0.880257 0.0713709 -4.62 2.26172 -2.818</i>
                        <i>-0.883421 0.465927 0.0497959 -0.0771658 -0.0398391 -0.996222 -0.462183 -0.883926 0.0711483 -4.62178 2.26213 -2.81792</i>
                        <i>-0.888698 0.455711 0.0504328 -0.0771736 -0.0402504 -0.996205 -0.451952 -0.889217 0.0709393 -4.62431 2.26217 -2.8178</i>
                        <i>-0.894039 0.445065 0.0510945 -0.0771693 -0.0406517 -0.996189 -0.441292 -0.894575 0.0706896 -4.62727 2.26233 -2.81767</i>
                        <i>-0.898102 0.436746 0.0516372 -0.0771184 -0.0408014 -0.996187 -0.432974 -0.898659 0.070325 -4.63024 2.26312 -2.81757</i>
                        <i>-0.901158 0.430351 0.0520812 -0.0770342 -0.0407503 -0.996195 -0.426591 -0.901741 0.0698742 -4.63319 2.26443 -2.8175</i>
                        <i>-0.904211 0.423844 0.052525 -0.0769537 -0.0407151 -0.996203 -0.420097 -0.904819 0.0694314 -4.63631 2.26575 -2.81742</i>
                        <i>-0.907138 0.417489 0.0529515 -0.0768798 -0.0406953 -0.99621 -0.413752 -0.90777 0.0690128 -4.63954 2.26708 -2.81734</i>
                        <i>-0.909823 0.411553 0.0533443 -0.0768157 -0.0406907 -0.996215 -0.407824 -0.910477 0.068635 -4.64278 2.26841 -2.81726</i>
                        <i>-0.912159 0.406304 0.0536876 -0.0767645 -0.0407006 -0.996218 -0.402582 -0.912831 0.0683151 -4.64596 2.26973 -2.81719</i>
                        <i>-0.914292 0.40144 0.0540019 -0.0767197 -0.0407192 -0.996221 -0.397724 -0.91498 0.0680276 -4.64903 2.271 -2.81713</i>
                        <i>-0.916382 0.396605 0.0543102 -0.0766741 -0.0407399 -0.996224 -0.392894 -0.917085 0.0677426 -4.65194 2.2722 -2.81706</i>
                        <i>-0.918349 0.391986 0.0546009 -0.0766296 -0.0407614 -0.996226 -0.388282 -0.919068 0.067471 -4.65461 2.27332 -2.817</i>
                        <i>-0.920119 0.387777 0.0548629 -0.0765884 -0.0407823 -0.996228 -0.384077 -0.920851 0.0672238 -4.65697 2.27435 -2.81695</i>
                        <i>-0.921618 0.384168 0.0550853 -0.0765525 -0.0408012 -0.99623 -0.380473 -0.922361 0.0670122 -4.65894 2.27526 -2.8169</i>
                        <i>-0.922777 0.381352 0.0552575 -0.0765242 -0.0408165 -0.996232 -0.37766 -0.923528 0.0668472 -4.66045 2.27606 -2.81687</i>
                        <i>-0.923524 0.379522 0.0553688 -0.0765056 -0.0408267 -0.996233 -0.375832 -0.924281 0.0667401 -4.66141 2.27672 -2.81684</i>
                        <i>-0.92379 0.378869 0.0554083 -0.076499 -0.0408305 -0.996233 -0.37518 -0.924549 0.0667019 -4.66174 2.27723 -2.81683</i>
                        <i>-0.92379 0.378869 0.0554083 -0.076499 -0.0408305 -0.996233 -0.37518 -0.924549 0.0667019 -4.66174 2.27684 -2.81683</i>
                        <i>-0.92379 0.378869 0.0554083 -0.076499 -0.0408305 -0.996233 -0.37518 -0.924549 0.0667019 -4.66174 2.27516 -2.81683</i>
                        <i>-0.92379 0.378869 0.0554083 -0.076499 -0.0408305 -0.996233 -0.37518 -0.924549 0.0667019 -4.66174 2.2727 -2.81683</i>
                        <i>-0.92379 0.378869 0.0554083 -0.076499 -0.0408305 -0.996233 -0.37518 -0.924549 0.0667019 -4.66174 2.26998 -2.81683</i>
                        <i>-0.92379 0.378869 0.0554083 -0.076499 -0.0408305 -0.996233 -0.37518 -0.924549 0.0667019 -4.66174 2.26751 -2.81683</i>
                        <i>-0.92379 0.378869 0.0554083 -0.076499 -0.0408305 -0.996233 -0.37518 -0.924549 0.0667019 -4.66174 2.26582 -2.81683</i>
                        <i>-0.92379 0.378869 0.0554083 -0.076499 -0.0408305 -0.996233 -0.37518 -0.924549 0.0667019 -4.66174 2.26541 -2.81683</i>
                        <i>-0.92379 0.378869 0.0554083 -0.076499 -0.0408305 -0.996233 -0.37518 -0.924549 0.0667019 -4.66174 2.26574 -2.81683</i>
                        <i>-0.92379 0.378869 0.0554083 -0.076499 -0.0408305 -0.996233 -0.37518 -0.924549 0.0667019 -4.66174 2.26593 -2.81683</i>
                        <i>-0.92379 0.378869 0.0554083 -0.076499 -0.0408305 -0.996233 -0.37518 -0.924549 0.0667019 -4.66174 2.26601 -2.81683</i>
                        <i>-0.92379 0.378869 0.0554083 -0.076499 -0.0408305 -0.996233 -0.37518 -0.924549 0.0667019 -4.66174 2.266 -2.81683</i>
                        <i>-0.92379 0.378869 0.0554083 -0.076499 -0.0408305 -0.996233 -0.37518 -0.924549 0.0667019 -4.66174 2.26592 -2.81683</i>
                        <i>-0.92379 0.378869 0.0554083 -0.076499 -0.0408305 -0.996233 -0.37518 -0.924549 0.0667019 -4.66174 2.2658 -2.81683</i>
                        <i>-0.92379 0.378869 0.0554083 -0.076499 -0.0408305 -0.996233 -0.37518 -0.924549 0.0667019 -4.66174 2.26567 -2.81683</i>
                        <i>-0.92379 0.378869 0.0554083 -0.076499 -0.0408305 -0.996233 -0.37518 -0.924549 0.0667019 -4.66174 2.26554 -2.81683</i>
                        <i>-0.92379 0.378869 0.0554083 -0.076499 -0.0408305 -0.996233 -0.37518 -0.924549 0.0667019 -4.66174 2.26545 -2.81683</i>
                        <i>-0.92379 0.378869 0.0554083 -0.076499 -0.0408305 -0.996233 -0.37518 -0.924549 0.0667019 -4.66174 2.26541 -2.81683</i>
                    </KeyFrames>
                </p>
            </i>
            <i>
                <p>
                    <Name><![CDATA[spine2]]></Name>
                    <Exclude>0</Exclude>
                    <Additive>0</Additive>
                    <IKPriority>0</IKPriority>
                    <IKRotLimits>-1e+010 -1e+010 -1e+010 1e+010 1e+010 1e+010</IKRotLimits>
                    <IKRotLimitOrder>0</IKRotLimitOrder>
                    <KeyFrames count="70">
                        <i>-0.996176 -0.028111 0.0827195 -0.0820439 -0.0243941 -0.99633 0.0300257 -0.999307 0.0219945 -4.81374 2.32736 -2.80771</i>
                        <i>-0.996174 -0.0281961 0.0827222 -0.0820447 -0.0243937 -0.99633 0.0301106 -0.999305 0.021987 -4.81376 2.32808 -2.80771</i>
                        <i>-0.996166 -0.028433 0.0827294 -0.0820468 -0.0243926 -0.99633 0.0303466 -0.999298 0.0219663 -4.81382 2.32916 -2.8077</i>
                        <i>-0.996155 -0.0287939 0.0827406 -0.0820501 -0.0243912 -0.99633 0.0307062 -0.999288 0.0219349 -4.81391 2.33048 -2.80769</i>
                        <i>-0.996141 -0.029251 0.0827548 -0.0820543 -0.0243895 -0.996329 0.031162 -0.999275 0.0218952 -4.81403 2.33191 -2.80767</i>
                        <i>-0.996124 -0.0297766 0.0827713 -0.0820593 -0.0243878 -0.996329 0.0316859 -0.999259 0.0218498 -4.81418 2.33334 -2.80765</i>
                        <i>-0.996105 -0.030343 0.0827892 -0.0820649 -0.0243863 -0.996329 0.0322505 -0.999242 0.0218012 -4.81433 2.33464 -2.80763</i>
                        <i>-0.996086 -0.0309224 0.0828078 -0.082071 -0.0243851 -0.996328 0.0328282 -0.999224 0.0217518 -4.8145 2.33571 -2.80761</i>
                        <i>-0.996066 -0.0314872 0.0828263 -0.0820772 -0.0243846 -0.996328 0.0333913 -0.999207 0.0217043 -4.81466 2.33642 -2.80758</i>
                        <i>-0.996048 -0.0320097 0.0828439 -0.0820834 -0.0243848 -0.996327 0.0339123 -0.99919 0.021661 -4.81483 2.33665 -2.80756</i>
                        <i>-0.996032 -0.0324623 0.0828598 -0.0820895 -0.0243861 -0.996327 0.0343637 -0.999175 0.0216245 -4.81498 2.33629 -2.80754</i>
                        <i>-0.99602 -0.0328174 0.0828733 -0.0820952 -0.0243885 -0.996326 0.034718 -0.999164 0.0215973 -4.81513 2.33522 -2.80752</i>
                        <i>-0.996011 -0.0330477 0.0828836 -0.0821004 -0.0243924 -0.996325 0.0349479 -0.999156 0.0215819 -4.81525 2.33332 -2.8075</i>
                        <i>-0.996008 -0.0331253 0.0828899 -0.0821048 -0.0243979 -0.996325 0.035026 -0.999153 0.0215807 -4.81535 2.33046 -2.80749</i>
                        <i>-0.996222 -0.0262938 0.0827621 -0.0821235 -0.0245034 -0.996321 0.028225 -0.999354 0.0222515 -4.81387 2.32457 -2.80775</i>
                        <i>-0.996556 -0.00912268 0.082414 -0.0821671 -0.0247582 -0.996311 0.0111294 -0.999652 0.0239234 -4.81022 2.31499 -2.80842</i>
                        <i>-0.995965 0.0381886 0.0812172 -0.0822209 -0.0254898 -0.996288 -0.0359766 -0.998945 0.0285268 -4.80333 2.30748 -2.80961</i>
                        <i>-0.989375 0.122384 0.0784868 -0.0823501 -0.026827 -0.996242 -0.119819 -0.99212 0.0366203 -4.7928 2.30546 -2.81133</i>
                        <i>-0.973997 0.213925 0.0746067 -0.0825028 -0.0282107 -0.996192 -0.211005 -0.976443 0.0451265 -4.77928 2.31038 -2.81345</i>
                        <i>-0.954587 0.289448 0.0705969 -0.082538 -0.0292418 -0.996159 -0.286272 -0.956747 0.0518043 -4.76514 2.3225 -2.81563</i>
                        <i>-0.938029 0.33993 0.0674482 -0.0824479 -0.0298593 -0.996148 -0.336607 -0.939976 0.0560355 -4.75443 2.33995 -2.81738</i>
                        <i>-0.930812 0.35948 0.0660499 -0.082285 -0.0300319 -0.996156 -0.356115 -0.932669 0.0575339 -4.75058 2.35839 -2.81831</i>
                        <i>-0.936641 0.343829 0.0669749 -0.0821614 -0.0297735 -0.996174 -0.34052 -0.93856 0.0561366 -4.75772 2.37241 -2.81795</i>
                        <i>-0.946797 0.314363 0.0689325 -0.0823523 -0.0295929 -0.996164 -0.311117 -0.948842 0.053907 -4.77515 2.37706 -2.81632</i>
                        <i>-0.956533 0.282832 0.0710674 -0.0827708 -0.0296317 -0.996128 -0.279631 -0.958712 0.051754 -4.79735 2.37037 -2.81391</i>
                        <i>-0.964802 0.25263 0.073043 -0.083201 -0.0297479 -0.996089 -0.249469 -0.967106 0.0497198 -4.81748 2.35377 -2.81145</i>
                        <i>-0.972197 0.221867 0.074885 -0.0835056 -0.0297191 -0.996064 -0.218769 -0.974624 0.04742 -4.82814 2.33197 -2.80942</i>
                        <i>-0.979471 0.186436 0.0766679 -0.0835521 -0.0293409 -0.996071 -0.183454 -0.982029 0.0443156 -4.82595 2.31412 -2.80815</i>
                        <i>-0.986023 0.147081 0.0782713 -0.0833454 -0.0286489 -0.996109 -0.144267 -0.988709 0.040507 -4.81486 2.30415 -2.80763</i>
                        <i>-0.990702 0.110409 0.079494 -0.0830359 -0.0278541 -0.996157 -0.107771 -0.993496 0.036763 -4.80031 2.30039 -2.80757</i>
                        <i>-0.993559 0.0799596 0.0802911 -0.0826809 -0.0270345 -0.996209 -0.0774859 -0.996431 0.0334716 -4.78601 2.30331 -2.8079</i>
                        <i>-0.995192 0.0553904 0.0807812 -0.0823274 -0.0262217 -0.99626 -0.053065 -0.99812 0.0306558 -4.77606 2.31247 -2.80851</i>
                        <i>-0.996162 0.0327825 0.0811586 -0.0820069 -0.0254148 -0.996308 -0.0305988 -0.999139 0.0280057 -4.77038 2.32398 -2.80915</i>
                        <i>-0.996617 0.0105404 0.0815091 -0.0817479 -0.0246601 -0.996348 -0.00849191 -0.99964 0.0254384 -4.76645 2.33336 -2.80964</i>
                        <i>-0.996576 -0.0114335 0.0818866 -0.0815944 -0.0240345 -0.996376 0.0133602 -0.999646 0.0230193 -4.76525 2.33871 -2.80983</i>
                        <i>-0.996368 -0.0225966 0.0821047 -0.0815667 -0.0237817 -0.996384 0.0244676 -0.999462 0.0218522 -4.76637 2.33998 -2.80978</i>
                        <i>-0.996465 -0.0179883 0.0820584 -0.0816187 -0.0239453 -0.996376 0.019888 -0.999551 0.0223925 -4.7685 2.3391 -2.80964</i>
                        <i>-0.996624 -0.00605321 0.081881 -0.0817117 -0.024303 -0.99636 0.00802115 -0.999686 0.0237264 -4.77137 2.33718 -2.80945</i>
                        <i>-0.996645 0.00473422 0.0817138 -0.0818061 -0.0246348 -0.996344 -0.00270383 -0.999685 0.0249394 -4.77469 2.33534 -2.80924</i>
                        <i>-0.996637 0.00581532 0.0817356 -0.0818553 -0.0247248 -0.996337 -0.00377309 -0.999677 0.0251177 -4.77813 2.33466 -2.80906</i>
                        <i>-0.99664 -0.000532551 0.0819058 -0.0818679 -0.0246303 -0.996339 0.00254796 -0.999696 0.0245039 -4.78162 2.33493 -2.80891</i>
                        <i>-0.996608 -0.00619175 0.0820584 -0.0818838 -0.0245521 -0.996339 0.00818378 -0.999679 0.0239618 -4.78528 2.33519 -2.80876</i>
                        <i>-0.996556 -0.0109889 0.0821896 -0.0819017 -0.024492 -0.996339 0.0129616 -0.99964 0.0235076 -4.78899 2.33548 -2.80861</i>
                        <i>-0.996499 -0.0147514 0.0822957 -0.0819205 -0.0244518 -0.996339 0.0167098 -0.999592 0.0231577 -4.79268 2.33583 -2.80847</i>
                        <i>-0.996451 -0.0173082 0.0823731 -0.0819393 -0.0244332 -0.996338 0.0192575 -0.999552 0.0229282 -4.79623 2.33627 -2.80834</i>
                        <i>-0.996411 -0.0192252 0.0824353 -0.0819579 -0.0244259 -0.996336 0.0211683 -0.999517 0.0227626 -4.79963 2.33673 -2.80822</i>
                        <i>-0.996367 -0.0211318 0.0824969 -0.0819764 -0.0244189 -0.996335 0.0230688 -0.999478 0.0225979 -4.80285 2.33713 -2.80811</i>
                        <i>-0.996322 -0.0229516 0.0825554 -0.081994 -0.0244123 -0.996334 0.0248828 -0.999438 0.0224406 -4.80582 2.33747 -2.808</i>
                        <i>-0.996278 -0.0246091 0.0826084 -0.08201 -0.0244064 -0.996333 0.0265349 -0.999399 0.0222973 -4.80844 2.33779 -2.80791</i>
                        <i>-0.996238 -0.0260286 0.0826536 -0.0820238 -0.0244013 -0.996332 0.0279499 -0.999363 0.0221746 -4.81063 2.3381 -2.80783</i>
                        <i>-0.996206 -0.0271355 0.0826887 -0.0820345 -0.0243974 -0.996331 0.0290533 -0.999334 0.0220788 -4.8123 2.33842 -2.80776</i>
