<?xml version="1.0" encoding="ISO-8859-1" ?>
<Animl Version="1">
    <ModellingPackage><![CDATA[Maya.2010]]></ModellingPackage>
    <SrcFile><![CDATA[anims\turrets\antiair\red\~src\aa_gladiator\aa_gladiator_aim_low_crewman_b.mb]]></SrcFile>
    <FramesPerSecond>30</FramesPerSecond>
    <TotalFrames>60</TotalFrames>
    <Skeleton>
        <RefFrame>
            <Name><![CDATA[soldier_ref_frame]]></Name>
            <Exclude>0</Exclude>
            <Additive>0</Additive>
            <IKPriority>0</IKPriority>
            <IKRotLimits>-1e+010 -1e+010 -1e+010 1e+010 1e+010 1e+010</IKRotLimits>
            <IKRotLimitOrder>0</IKRotLimitOrder>
            <KeyFrames count="60">
                <i>1 0 0 0 1 0 0 0 1 -4.61 1.43 -2.73</i>
                <i>1 0 0 0 1 0 0 0 1 -4.61 1.43 -2.73</i>
                <i>1 0 0 0 1 0 0 0 1 -4.61 1.43 -2.73</i>
                <i>1 0 0 0 1 0 0 0 1 -4.61 1.43 -2.73</i>
                <i>1 0 0 0 1 0 0 0 1 -4.61 1.43 -2.73</i>
                <i>1 0 0 0 1 0 0 0 1 -4.61 1.43 -2.73</i>
                <i>1 0 0 0 1 0 0 0 1 -4.61 1.43 -2.73</i>
                <i>1 0 0 0 1 0 0 0 1 -4.61 1.43 -2.73</i>
                <i>1 0 0 0 1 0 0 0 1 -4.61 1.43 -2.73</i>
                <i>1 0 0 0 1 0 0 0 1 -4.61 1.43 -2.73</i>
                <i>1 0 0 0 1 0 0 0 1 -4.61 1.43 -2.73</i>
                <i>1 0 0 0 1 0 0 0 1 -4.61 1.43 -2.73</i>
                <i>1 0 0 0 1 0 0 0 1 -4.61 1.43 -2.73</i>
                <i>1 0 0 0 1 0 0 0 1 -4.61 1.43 -2.73</i>
                <i>1 0 0 0 1 0 0 0 1 -4.61 1.43 -2.73</i>
                <i>1 0 0 0 1 0 0 0 1 -4.61 1.43 -2.73</i>
                <i>1 0 0 0 1 0 0 0 1 -4.61 1.43 -2.73</i>
                <i>1 0 0 0 1 0 0 0 1 -4.61 1.43 -2.73</i>
                <i>1 0 0 0 1 0 0 0 1 -4.61 1.43 -2.73</i>
                <i>1 0 0 0 1 0 0 0 1 -4.61 1.43 -2.73</i>
                <i>1 0 0 0 1 0 0 0 1 -4.61 1.43 -2.73</i>
                <i>1 0 0 0 1 0 0 0 1 -4.61 1.43 -2.73</i>
                <i>1 0 0 0 1 0 0 0 1 -4.61 1.43 -2.73</i>
                <i>1 0 0 0 1 0 0 0 1 -4.61 1.43 -2.73</i>
                <i>1 0 0 0 1 0 0 0 1 -4.61 1.43 -2.73</i>
                <i>1 0 0 0 1 0 0 0 1 -4.61 1.43 -2.73</i>
                <i>1 0 0 0 1 0 0 0 1 -4.61 1.43 -2.73</i>
                <i>1 0 0 0 1 0 0 0 1 -4.61 1.43 -2.73</i>
                <i>1 0 0 0 1 0 0 0 1 -4.61 1.43 -2.73</i>
                <i>1 0 0 0 1 0 0 0 1 -4.61 1.43 -2.73</i>
                <i>1 0 0 0 1 0 0 0 1 -4.61 1.43 -2.73</i>
                <i>1 0 0 0 1 0 0 0 1 -4.61 1.43 -2.73</i>
                <i>1 0 0 0 1 0 0 0 1 -4.61 1.43 -2.73</i>
                <i>1 0 0 0 1 0 0 0 1 -4.61 1.43 -2.73</i>
                <i>1 0 0 0 1 0 0 0 1 -4.61 1.43 -2.73</i>
                <i>1 0 0 0 1 0 0 0 1 -4.61 1.43 -2.73</i>
                <i>1 0 0 0 1 0 0 0 1 -4.61 1.43 -2.73</i>
                <i>1 0 0 0 1 0 0 0 1 -4.61 1.43 -2.73</i>
                <i>1 0 0 0 1 0 0 0 1 -4.61 1.43 -2.73</i>
                <i>1 0 0 0 1 0 0 0 1 -4.61 1.43 -2.73</i>
                <i>1 0 0 0 1 0 0 0 1 -4.61 1.43 -2.73</i>
                <i>1 0 0 0 1 0 0 0 1 -4.61 1.43 -2.73</i>
                <i>1 0 0 0 1 0 0 0 1 -4.61 1.43 -2.73</i>
                <i>1 0 0 0 1 0 0 0 1 -4.61 1.43 -2.73</i>
                <i>1 0 0 0 1 0 0 0 1 -4.61 1.43 -2.73</i>
                <i>1 0 0 0 1 0 0 0 1 -4.61 1.43 -2.73</i>
                <i>1 0 0 0 1 0 0 0 1 -4.61 1.43 -2.73</i>
                <i>1 0 0 0 1 0 0 0 1 -4.61 1.43 -2.73</i>
                <i>1 0 0 0 1 0 0 0 1 -4.61 1.43 -2.73</i>
                <i>1 0 0 0 1 0 0 0 1 -4.61 1.43 -2.73</i>
                <i>1 0 0 0 1 0 0 0 1 -4.61 1.43 -2.73</i>
                <i>1 0 0 0 1 0 0 0 1 -4.61 1.43 -2.73</i>
                <i>1 0 0 0 1 0 0 0 1 -4.61 1.43 -2.73</i>
                <i>1 0 0 0 1 0 0 0 1 -4.61 1.43 -2.73</i>
                <i>1 0 0 0 1 0 0 0 1 -4.61 1.43 -2.73</i>
                <i>1 0 0 0 1 0 0 0 1 -4.61 1.43 -2.73</i>
                <i>1 0 0 0 1 0 0 0 1 -4.61 1.43 -2.73</i>
                <i>1 0 0 0 1 0 0 0 1 -4.61 1.43 -2.73</i>
                <i>1 0 0 0 1 0 0 0 1 -4.61 1.43 -2.73</i>
                <i>1 0 0 0 1 0 0 0 1 -4.61 1.43 -2.73</i>
            </KeyFrames>
        </RefFrame>
        <Bones count="23">
            <i>
                <p>
                    <Name><![CDATA[pelvis]]></Name>
                    <Exclude>0</Exclude>
                    <Additive>0</Additive>
                    <IKPriority>0</IKPriority>
                    <IKRotLimits>-1e+010 -1e+010 -1e+010 1e+010 1e+010 1e+010</IKRotLimits>
                    <IKRotLimitOrder>2</IKRotLimitOrder>
                    <KeyFrames count="60">
                        <i>1 0 0 0 1 0 0 0 1 -4.59666 1.96287 -2.82266</i>
                        <i>1 0 0 0 1 0 0 0 1 -4.59666 1.96312 -2.82266</i>
                        <i>1 0 0 0 1 0 0 0 1 -4.59666 1.9638 -2.82266</i>
                        <i>1 0 0 0 1 0 0 0 1 -4.59666 1.96487 -2.82266</i>
                        <i>1 0 0 0 1 0 0 0 1 -4.59666 1.9663 -2.82266</i>
                        <i>1 0 0 0 1 0 0 0 1 -4.59666 1.96805 -2.82266</i>
                        <i>1 0 0 0 1 0 0 0 1 -4.59666 1.97008 -2.82266</i>
                        <i>1 0 0 0 1 0 0 0 1 -4.59666 1.97237 -2.82266</i>
                        <i>1 0 0 0 1 0 0 0 1 -4.59666 1.97488 -2.82266</i>
                        <i>1 0 0 0 1 0 0 0 1 -4.59666 1.97758 -2.82266</i>
                        <i>1 0 0 0 1 0 0 0 1 -4.59666 1.98043 -2.82266</i>
                        <i>1 0 0 0 1 0 0 0 1 -4.59666 1.9834 -2.82266</i>
                        <i>1 0 0 0 1 0 0 0 1 -4.59666 1.98645 -2.82266</i>
                        <i>1 0 0 0 1 0 0 0 1 -4.59666 1.98955 -2.82266</i>
                        <i>1 0 0 0 1 0 0 0 1 -4.59666 1.99267 -2.82266</i>
                        <i>1 0 0 0 1 0 0 0 1 -4.59666 1.99577 -2.82266</i>
                        <i>1 0 0 0 1 0 0 0 1 -4.59666 1.99882 -2.82266</i>
                        <i>1 0 0 0 1 0 0 0 1 -4.59666 2.00178 -2.82266</i>
                        <i>1 0 0 0 1 0 0 0 1 -4.59666 2.00462 -2.82266</i>
                        <i>1 0 0 0 1 0 0 0 1 -4.59666 2.00731 -2.82266</i>
                        <i>1 0 0 0 1 0 0 0 1 -4.59666 2.0098 -2.82266</i>
                        <i>1 0 0 0 1 0 0 0 1 -4.59666 2.01208 -2.82266</i>
                        <i>1 0 0 0 1 0 0 0 1 -4.59666 2.0141 -2.82266</i>
                        <i>1 0 0 0 1 0 0 0 1 -4.59666 2.01583 -2.82266</i>
                        <i>1 0 0 0 1 0 0 0 1 -4.59666 2.01723 -2.82266</i>
                        <i>1 0 0 0 1 0 0 0 1 -4.59666 2.01827 -2.82266</i>
                        <i>1 0 0 0 1 0 0 0 1 -4.59666 2.01892 -2.82266</i>
                        <i>1 0 0 0 1 0 0 0 1 -4.59666 2.01915 -2.82266</i>
                        <i>1 0 0 0 1 0 0 0 1 -4.59666 2.01899 -2.82266</i>
                        <i>1 0 0 0 1 0 0 0 1 -4.59666 2.01851 -2.82266</i>
                        <i>1 0 0 0 1 0 0 0 1 -4.59666 2.01775 -2.82266</i>
                        <i>1 0 0 0 1 0 0 0 1 -4.59666 2.01672 -2.82266</i>
                        <i>1 0 0 0 1 0 0 0 1 -4.59666 2.01544 -2.82266</i>
                        <i>1 0 0 0 1 0 0 0 1 -4.59666 2.01393 -2.82266</i>
                        <i>1 0 0 0 1 0 0 0 1 -4.59666 2.01221 -2.82266</i>
                        <i>1 0 0 0 1 0 0 0 1 -4.59666 2.01031 -2.82266</i>
                        <i>1 0 0 0 1 0 0 0 1 -4.59666 2.00824 -2.82266</i>
                        <i>1 0 0 0 1 0 0 0 1 -4.59666 2.00603 -2.82266</i>
                        <i>1 0 0 0 1 0 0 0 1 -4.59666 2.0037 -2.82266</i>
                        <i>1 0 0 0 1 0 0 0 1 -4.59666 2.00126 -2.82266</i>
                        <i>1 0 0 0 1 0 0 0 1 -4.59666 1.99874 -2.82266</i>
                        <i>1 0 0 0 1 0 0 0 1 -4.59666 1.99615 -2.82266</i>
                        <i>1 0 0 0 1 0 0 0 1 -4.59666 1.99353 -2.82266</i>
                        <i>1 0 0 0 1 0 0 0 1 -4.59666 1.99089 -2.82266</i>
                        <i>1 0 0 0 1 0 0 0 1 -4.59666 1.98825 -2.82266</i>
                        <i>1 0 0 0 1 0 0 0 1 -4.59666 1.98563 -2.82266</i>
                        <i>1 0 0 0 1 0 0 0 1 -4.59666 1.98305 -2.82266</i>
                        <i>1 0 0 0 1 0 0 0 1 -4.59666 1.98053 -2.82266</i>
                        <i>1 0 0 0 1 0 0 0 1 -4.59666 1.9781 -2.82266</i>
                        <i>1 0 0 0 1 0 0 0 1 -4.59666 1.97578 -2.82266</i>
                        <i>1 0 0 0 1 0 0 0 1 -4.59666 1.97358 -2.82266</i>
                        <i>1 0 0 0 1 0 0 0 1 -4.59666 1.97153 -2.82266</i>
                        <i>1 0 0 0 1 0 0 0 1 -4.59666 1.96964 -2.82266</i>
                        <i>1 0 0 0 1 0 0 0 1 -4.59666 1.96794 -2.82266</i>
                        <i>1 0 0 0 1 0 0 0 1 -4.59666 1.96645 -2.82266</i>
                        <i>1 0 0 0 1 0 0 0 1 -4.59666 1.96519 -2.82266</i>
                        <i>1 0 0 0 1 0 0 0 1 -4.59666 1.96419 -2.82266</i>
                        <i>1 0 0 0 1 0 0 0 1 -4.59666 1.96345 -2.82266</i>
                        <i>1 0 0 0 1 0 0 0 1 -4.59666 1.963 -2.82266</i>
                        <i>1 0 0 0 1 0 0 0 1 -4.59666 1.96287 -2.82266</i>
                    </KeyFrames>
                </p>
            </i>
            <i>
                <p>
                    <Name><![CDATA[spine0]]></Name>
                    <Exclude>0</Exclude>
                    <Additive>0</Additive>
                    <IKPriority>0</IKPriority>
                    <IKRotLimits>-1e+010 -1e+010 -1e+010 1e+010 1e+010 1e+010</IKRotLimits>
                    <IKRotLimitOrder>0</IKRotLimitOrder>
                    <KeyFrames count="60">
                        <i>-0.453444 0.890726 0.0315718 -0.0983648 -0.0148055 -0.99504 -0.88584 -0.4543 0.0943295 -4.58055 2.10583 -2.82249</i>
                        <i>-0.453281 0.890809 0.0315669 -0.0983677 -0.0147932 -0.99504 -0.885923 -0.454138 0.0943323 -4.58055 2.10608 -2.82249</i>
                        <i>-0.453389 0.890753 0.0315885 -0.09837 -0.0147831 -0.99504 -0.885868 -0.454247 0.0943259 -4.58055 2.10676 -2.82249</i>
                        <i>-0.453725 0.89058 0.0316322 -0.0983719 -0.0147752 -0.99504 -0.885696 -0.454586 0.0943119 -4.58055 2.10783 -2.82249</i>
                        <i>-0.454251 0.89031 0.031694 -0.0983732 -0.0147693 -0.99504 -0.885426 -0.455115 0.0942917 -4.58055 2.10925 -2.82249</i>
                        <i>-0.454933 0.889959 0.0317706 -0.0983741 -0.0147654 -0.99504 -0.885075 -0.455802 0.0942662 -4.58055 2.111 -2.82249</i>
                        <i>-0.455742 0.889541 0.0318589 -0.0983746 -0.0147634 -0.99504 -0.884659 -0.456616 0.0942366 -4.58055 2.11304 -2.82249</i>
                        <i>-0.456652 0.889071 0.0319561 -0.0983747 -0.014763 -0.99504 -0.88419 -0.457531 0.0942037 -4.58055 2.11533 -2.82249</i>
                        <i>-0.457639 0.88856 0.03206 -0.0983744 -0.0147643 -0.99504 -0.883679 -0.458523 0.0941683 -4.58055 2.11784 -2.82249</i>
                        <i>-0.458682 0.888018 0.0321684 -0.0983738 -0.0147671 -0.99504 -0.883138 -0.459571 0.0941311 -4.58055 2.12054 -2.82249</i>
                        <i>-0.459762 0.887455 0.0322794 -0.0983728 -0.0147712 -0.99504 -0.882577 -0.460657 0.0940927 -4.58055 2.12339 -2.82249</i>
                        <i>-0.460863 0.88688 0.0323914 -0.0983716 -0.0147765 -0.99504 -0.882003 -0.461763 0.0940537 -4.58055 2.12636 -2.82249</i>
                        <i>-0.461967 0.886301 0.0325028 -0.0983701 -0.014783 -0.99504 -0.881425 -0.462873 0.0940148 -4.58055 2.12941 -2.82249</i>
                        <i>-0.463062 0.885726 0.0326122 -0.0983684 -0.0147904 -0.99504 -0.88085 -0.463973 0.0939762 -4.58055 2.13251 -2.82249</i>
                        <i>-0.464132 0.885162 0.0327182 -0.0983665 -0.0147985 -0.99504 -0.880287 -0.465048 0.0939387 -4.58055 2.13563 -2.82249</i>
                        <i>-0.465164 0.884616 0.0328196 -0.0983644 -0.0148073 -0.99504 -0.879743 -0.466085 0.0939026 -4.58055 2.13873 -2.82249</i>
                        <i>-0.466144 0.884096 0.032915 -0.0983623 -0.0148165 -0.99504 -0.879224 -0.46707 0.0938684 -4.58055 2.14177 -2.82249</i>
                        <i>-0.467059 0.88361 0.0330031 -0.0983601 -0.014826 -0.99504 -0.878739 -0.467988 0.0938366 -4.58055 2.14474 -2.82249</i>
                        <i>-0.467894 0.883165 0.0330828 -0.0983578 -0.0148356 -0.995041 -0.878294 -0.468827 0.0938077 -4.58055 2.14758 -2.82249</i>
                        <i>-0.468636 0.882769 0.0331526 -0.0983556 -0.0148451 -0.995041 -0.877899 -0.469572 0.0937823 -4.58055 2.15026 -2.82249</i>
                        <i>-0.469252 0.882439 0.0332095 -0.0983535 -0.0148541 -0.995041 -0.87757 -0.470192 0.0937614 -4.58055 2.15276 -2.82249</i>
                        <i>-0.469721 0.882188 0.0332514 -0.0983516 -0.0148623 -0.995041 -0.877319 -0.470662 0.0937458 -4.58055 2.15504 -2.82249</i>
                        <i>-0.47004 0.882017 0.0332782 -0.0983499 -0.0148696 -0.995041 -0.877149 -0.470982 0.0937357 -4.58055 2.15705 -2.82249</i>
                        <i>-0.470207 0.881928 0.0332895 -0.0983484 -0.0148761 -0.995041 -0.877059 -0.471149 0.0937311 -4.58055 2.15878 -2.82249</i>
                        <i>-0.47016 0.881954 0.0332792 -0.0983472 -0.0148815 -0.995041 -0.877085 -0.471101 0.0937343 -4.58055 2.16019 -2.82249</i>
                        <i>-0.469859 0.882115 0.033243 -0.0983462 -0.0148855 -0.995041 -0.877246 -0.470798 0.0937468 -4.58055 2.16123 -2.82249</i>
                        <i>-0.469331 0.882398 0.0331839 -0.0983456 -0.0148882 -0.995041 -0.877528 -0.470268 0.0937675 -4.58055 2.16188 -2.82249</i>
                        <i>-0.468606 0.882787 0.0331049 -0.0983453 -0.0148897 -0.995041 -0.877916 -0.469537 0.0937953 -4.58055 2.16211 -2.82249</i>
                        <i>-0.467709 0.883266 0.0330086 -0.0983452 -0.0148901 -0.995041 -0.878394 -0.468636 0.0938292 -4.58055 2.16194 -2.82249</i>
                        <i>-0.466668 0.883821 0.032898 -0.0983453 -0.0148896 -0.995041 -0.878948 -0.467589 0.0938681 -4.58055 2.16147 -2.82249</i>
                        <i>-0.46551 0.884435 0.0327759 -0.0983456 -0.0148881 -0.995041 -0.879561 -0.466425 0.0939109 -4.58055 2.16071 -2.82249</i>
                        <i>-0.464262 0.885096 0.0326449 -0.0983462 -0.0148859 -0.995041 -0.880221 -0.465171 0.0939567 -4.58055 2.15967 -2.82249</i>
                        <i>-0.462951 0.885788 0.0325078 -0.0983468 -0.014883 -0.995041 -0.880911 -0.463852 0.0940045 -4.58055 2.15839 -2.82249</i>
                        <i>-0.461603 0.886496 0.0323673 -0.0983476 -0.0148797 -0.995041 -0.881618 -0.462497 0.0940533 -4.58055 2.15688 -2.82249</i>
                        <i>-0.460244 0.887208 0.032226 -0.0983485 -0.0148759 -0.995041 -0.882328 -0.46113 0.0941021 -4.58055 2.15517 -2.82249</i>
                        <i>-0.4589 0.887908 0.0320867 -0.0983494 -0.0148719 -0.995041 -0.883028 -0.45978 0.09415 -4.58055 2.15327 -2.82249</i>
                        <i>-0.457598 0.888585 0.031952 -0.0983503 -0.0148679 -0.995041 -0.883703 -0.458471 0.0941961 -4.58055 2.1512 -2.82249</i>
                        <i>-0.456364 0.889224 0.0318245 -0.0983513 -0.0148639 -0.995041 -0.884341 -0.457231 0.0942396 -4.58055 2.14899 -2.82249</i>
                        <i>-0.455223 0.889813 0.0317068 -0.0983522 -0.0148601 -0.995041 -0.884929 -0.456084 0.0942796 -4.58055 2.14665 -2.82249</i>
                        <i>-0.454203 0.890338 0.0316015 -0.098353 -0.0148566 -0.995041 -0.885453 -0.455058 0.0943153 -4.58055 2.14421 -2.82249</i>
                        <i>-0.453328 0.890787 0.0315112 -0.0983536 -0.0148537 -0.995041 -0.885901 -0.454179 0.0943457 -4.58055 2.14169 -2.82249</i>
                        <i>-0.452624 0.891147 0.0314385 -0.0983542 -0.0148515 -0.995041 -0.886261 -0.453471 0.0943701 -4.58055 2.13911 -2.82249</i>
                        <i>-0.452118 0.891406 0.031386 -0.0983545 -0.01485 -0.995041 -0.886519 -0.452962 0.0943877 -4.58055 2.13649 -2.82249</i>
                        <i>-0.451834 0.891551 0.0313563 -0.0983546 -0.0148496 -0.995041 -0.886663 -0.452678 0.0943977 -4.58055 2.13384 -2.82249</i>
                        <i>-0.451761 0.891588 0.031348 -0.0983545 -0.0148501 -0.995041 -0.886701 -0.452603 0.0944004 -4.58055 2.1312 -2.82249</i>
                        <i>-0.451829 0.891553 0.0313544 -0.0983543 -0.0148509 -0.995041 -0.886666 -0.452672 0.0943982 -4.58055 2.12858 -2.82249</i>
                        <i>-0.451984 0.891474 0.0313699 -0.098354 -0.0148519 -0.995041 -0.886587 -0.452828 0.0943929 -4.58055 2.12601 -2.82249</i>
                        <i>-0.452204 0.891362 0.0313923 -0.0983538 -0.014853 -0.995041 -0.886475 -0.453049 0.0943854 -4.58055 2.12349 -2.82249</i>
                        <i>-0.452467 0.891228 0.0314193 -0.0983536 -0.0148539 -0.995041 -0.886341 -0.453313 0.0943763 -4.58055 2.12106 -2.82249</i>
                        <i>-0.452753 0.891081 0.0314492 -0.0983534 -0.0148545 -0.995041 -0.886195 -0.453601 0.0943663 -4.58055 2.11874 -2.82249</i>
                        <i>-0.453043 0.890933 0.0314799 -0.0983534 -0.0148547 -0.995041 -0.886047 -0.453892 0.0943561 -4.58055 2.11654 -2.82249</i>
                        <i>-0.453319 0.890791 0.0315097 -0.0983535 -0.0148543 -0.995041 -0.885905 -0.45417 0.0943462 -4.58055 2.11448 -2.82249</i>
                        <i>-0.453565 0.890665 0.0315371 -0.0983538 -0.014853 -0.995041 -0.88578 -0.454417 0.0943371 -4.58055 2.1126 -2.82249</i>
                        <i>-0.453765 0.890562 0.0315607 -0.0983543 -0.0148508 -0.995041 -0.885677 -0.454619 0.0943294 -4.58055 2.1109 -2.82249</i>
                        <i>-0.453907 0.890489 0.0315793 -0.0983551 -0.0148474 -0.995041 -0.885604 -0.454762 0.0943235 -4.58055 2.10941 -2.82249</i>
                        <i>-0.45398 0.890451 0.0315919 -0.0983562 -0.0148426 -0.995041 -0.885566 -0.454836 0.0943197 -4.58055 2.10815 -2.82249</i>
                        <i>-0.453975 0.890454 0.0315978 -0.0983577 -0.0148362 -0.995041 -0.885569 -0.454832 0.0943182 -4.58055 2.10714 -2.82249</i>
                        <i>-0.453886 0.890499 0.0315965 -0.0983596 -0.014828 -0.99504 -0.885614 -0.454743 0.0943194 -4.58055 2.1064 -2.82249</i>
                        <i>-0.453709 0.89059 0.0315878 -0.098362 -0.0148178 -0.99504 -0.885705 -0.454566 0.0943232 -4.58055 2.10596 -2.82249</i>
                        <i>-0.453444 0.890726 0.0315718 -0.0983648 -0.0148055 -0.99504 -0.88584 -0.4543 0.0943295 -4.58055 2.10583 -2.82249</i>
                    </KeyFrames>
                </p>
            </i>
            <i>
                <p>
                    <Name><![CDATA[spine1]]></Name>
                    <Exclude>0</Exclude>
                    <Additive>0</Additive>
                    <IKPriority>0</IKPriority>
                    <IKRotLimits>-1e+010 -1e+010 -1e+010 1e+010 1e+010 1e+010</IKRotLimits>
                    <IKRotLimitOrder>0</IKRotLimitOrder>
                    <KeyFrames count="60">
                        <i>-0.92379 0.378869 0.0554083 -0.076499 -0.0408305 -0.996233 -0.37518 -0.924549 0.0667019 -4.66174 2.26541 -2.81683</i>
                        <i>-0.925523 0.374573 0.0556942 -0.0763728 -0.0405775 -0.996253 -0.37091 -0.926309 0.0661626 -4.66183 2.26591 -2.81683</i>
                        <i>-0.927225 0.370299 0.0559723 -0.0762568 -0.0403554 -0.996271 -0.36666 -0.928035 0.0656564 -4.66195 2.26678 -2.81682</i>
                        <i>-0.928889 0.366062 0.0562419 -0.0761502 -0.0401626 -0.996287 -0.362444 -0.929723 0.0651823 -4.6621 2.26799 -2.8168</i>
                        <i>-0.930511 0.361878 0.0565022 -0.0760523 -0.0399978 -0.996301 -0.35828 -0.931367 0.0647401 -4.66226 2.2695 -2.81679</i>
                        <i>-0.932085 0.357767 0.0567523 -0.0759626 -0.0398596 -0.996314 -0.354186 -0.93296 0.0643294 -4.66243 2.27129 -2.81677</i>
                        <i>-0.933603 0.353749 0.0569915 -0.0758805 -0.0397465 -0.996324 -0.350183 -0.934496 0.0639501 -4.66262 2.27333 -2.81675</i>
                        <i>-0.935059 0.349845 0.0572187 -0.0758058 -0.0396573 -0.996334 -0.346293 -0.935968 0.0636022 -4.66281 2.27559 -2.81673</i>
                        <i>-0.936446 0.346079 0.0574333 -0.0757382 -0.0395907 -0.996341 -0.342539 -0.93737 0.0632859 -4.663 2.27804 -2.81671</i>
                        <i>-0.937758 0.342474 0.0576343 -0.0756774 -0.0395453 -0.996348 -0.338944 -0.938695 0.0630015 -4.66319 2.28064 -2.81669</i>
                        <i>-0.938988 0.339056 0.0578208 -0.0756233 -0.0395199 -0.996353 -0.335534 -0.939936 0.0627492 -4.66338 2.28337 -2.81667</i>
                        <i>-0.940129 0.335849 0.057992 -0.075576 -0.039513 -0.996357 -0.332334 -0.941087 0.0625294 -4.66356 2.2862 -2.81665</i>
                        <i>-0.941175 0.33288 0.0581471 -0.0755353 -0.0395234 -0.99636 -0.32937 -0.942141 0.0623426 -4.66373 2.2891 -2.81664</i>
                        <i>-0.942119 0.330173 0.0582851 -0.0755014 -0.0395498 -0.996361 -0.326667 -0.943091 0.0621892 -4.66389 2.29203 -2.81662</i>
                        <i>-0.942955 0.327757 0.0584052 -0.0754743 -0.0395908 -0.996361 -0.324252 -0.943932 0.0620695 -4.66404 2.29497 -2.8166</i>
                        <i>-0.943676 0.325657 0.0585066 -0.0754542 -0.0396449 -0.996361 -0.322152 -0.944657 0.0619841 -4.66419 2.29788 -2.81659</i>
                        <i>-0.944276 0.323898 0.0585883 -0.0754411 -0.0397109 -0.996359 -0.320393 -0.945258 0.0619333 -4.66431 2.30074 -2.81657</i>
                        <i>-0.944748 0.322509 0.0586494 -0.0754354 -0.0397872 -0.996357 -0.319 -0.94573 0.0619175 -4.66442 2.30351 -2.81656</i>
                        <i>-0.945085 0.321513 0.058689 -0.0754371 -0.0398725 -0.996353 -0.318 -0.946065 0.0619369 -4.66452 2.30616 -2.81655</i>
                        <i>-0.945279 0.320937 0.0587061 -0.0754465 -0.0399652 -0.996349 -0.317419 -0.946257 0.0619918 -4.66459 2.30867 -2.81654</i>
                        <i>-0.945319 0.320822 0.058699 -0.0754637 -0.0400621 -0.996343 -0.317298 -0.946292 0.0620819 -4.66465 2.311 -2.81654</i>
                        <i>-0.945192 0.321201 0.0586665 -0.0754888 -0.040161 -0.996338 -0.317669 -0.946159 0.0622069 -4.66468 2.31313 -2.81653</i>
                        <i>-0.944897 0.32208 0.0586081 -0.0755221 -0.0402619 -0.996331 -0.318538 -0.945856 0.0623675 -4.66468 2.31502 -2.81653</i>
                        <i>-0.944428 0.323466 0.0585232 -0.0755638 -0.0403647 -0.996324 -0.319915 -0.945378 0.0625639 -4.66467 2.31664 -2.81653</i>
                        <i>-0.943713 0.325569 0.0584003 -0.0756176 -0.0404714 -0.996315 -0.322006 -0.944652 0.0628121 -4.66461 2.31796 -2.81654</i>
                        <i>-0.942697 0.328529 0.0582314 -0.0756859 -0.040583 -0.996306 -0.324952 -0.943622 0.0631225 -4.66451 2.31895 -2.81655</i>
                        <i>-0.941407 0.332245 0.058021 -0.0757673 -0.0406985 -0.996295 -0.328653 -0.942315 0.0634872 -4.66438 2.31957 -2.81656</i>
                        <i>-0.939867 0.336619 0.0577733 -0.0758601 -0.0408171 -0.996283 -0.33301 -0.940756 0.0638986 -4.66421 2.31979 -2.81658</i>
                        <i>-0.938103 0.341552 0.0574929 -0.0759627 -0.0409376 -0.99627 -0.337924 -0.938971 0.0643489 -4.66401 2.31965 -2.8166</i>
                        <i>-0.936141 0.346943 0.0571843 -0.0760734 -0.0410592 -0.996257 -0.343296 -0.936987 0.0648304 -4.66379 2.31921 -2.81662</i>
                        <i>-0.93401 0.352695 0.056852 -0.0761905 -0.041181 -0.996243 -0.349028 -0.934832 0.0653355 -4.66355 2.31849 -2.81664</i>
                        <i>-0.931738 0.35871 0.0565008 -0.0763124 -0.0413021 -0.996228 -0.355023 -0.932535 0.0658568 -4.6633 2.31751 -2.81667</i>
                        <i>-0.929356 0.364891 0.0561357 -0.0764374 -0.0414217 -0.996214 -0.361184 -0.930128 0.0663868 -4.66303 2.31629 -2.8167</i>
                        <i>-0.926899 0.371144 0.055762 -0.0765638 -0.0415388 -0.996199 -0.367417 -0.927646 0.0669185 -4.66276 2.31485 -2.81672</i>
                        <i>-0.924403 0.377375 0.0553849 -0.0766898 -0.0416528 -0.996185 -0.373628 -0.925123 0.0674448 -4.66249 2.3132 -2.81675</i>
                        <i>-0.921905 0.383491 0.0550101 -0.0768139 -0.0417628 -0.99617 -0.379725 -0.9226 0.0679588 -4.66222 2.31137 -2.81678</i>
                        <i>-0.919446 0.389402 0.0546433 -0.0769342 -0.0418681 -0.996157 -0.385617 -0.920116 0.0684538 -4.66196 2.30937 -2.8168</i>
                        <i>-0.917068 0.395018 0.0542906 -0.0770492 -0.041968 -0.996144 -0.391216 -0.917714 0.0689233 -4.66172 2.30722 -2.81683</i>
                        <i>-0.914816 0.40025 0.0539582 -0.0771572 -0.0420617 -0.996131 -0.396432 -0.91544 0.0693609 -4.66149 2.30494 -2.81685</i>
                        <i>-0.912736 0.405012 0.0536522 -0.0772564 -0.0421486 -0.99612 -0.401179 -0.913339 0.0697603 -4.66128 2.30254 -2.81687</i>
                        <i>-0.910874 0.409217 0.0533792 -0.0773453 -0.0422278 -0.99611 -0.405371 -0.911459 0.0701153 -4.6611 2.30005 -2.81689</i>
                        <i>-0.909279 0.41278 0.0531454 -0.0774222 -0.0422989 -0.996101 -0.408922 -0.909848 0.0704198 -4.66096 2.29749 -2.8169</i>
                        <i>-0.907998 0.415615 0.0529575 -0.0774853 -0.042361 -0.996093 -0.411748 -0.908554 0.0706677 -4.66084 2.29487 -2.81691</i>
                        <i>-0.907078 0.417635 0.0528218 -0.077533 -0.0424135 -0.996087 -0.413761 -0.907624 0.0708529 -4.66077 2.29222 -2.81692</i>
                        <i>-0.906553 0.418784 0.0527433 -0.0775631 -0.0424525 -0.996083 -0.414904 -0.907093 0.0709677 -4.66075 2.28955 -2.81692</i>
                        <i>-0.906383 0.419156 0.0527165 -0.077576 -0.0424751 -0.996081 -0.415274 -0.90692 0.0710151 -4.66075 2.2869 -2.81692</i>
                        <i>-0.906497 0.418905 0.0527317 -0.0775742 -0.0424815 -0.996081 -0.415024 -0.907036 0.0710056 -4.66077 2.2843 -2.81692</i>
                        <i>-0.906877 0.418075 0.0527862 -0.077558 -0.0424713 -0.996083 -0.414196 -0.907419 0.0709413 -4.66081 2.28177 -2.81692</i>
                        <i>-0.907501 0.416709 0.052877 -0.0775281 -0.0424438 -0.996086 -0.412834 -0.908049 0.0708245 -4.66087 2.27933 -2.81691</i>
                        <i>-0.908345 0.414849 0.0530013 -0.0774851 -0.0423986 -0.996092 -0.410981 -0.908902 0.0706572 -4.66093 2.27702 -2.8169</i>
                        <i>-0.909388 0.412539 0.053156 -0.0774295 -0.0423349 -0.996099 -0.408679 -0.909956 0.0704415 -4.66101 2.27484 -2.8169</i>
                        <i>-0.910605 0.409821 0.0533381 -0.0773621 -0.0422522 -0.996107 -0.405972 -0.911187 0.0701797 -4.66109 2.27282 -2.81689</i>
                        <i>-0.911973 0.40674 0.0535444 -0.0772836 -0.0421498 -0.996118 -0.402904 -0.912571 0.0698739 -4.66118 2.271 -2.81688</i>
                        <i>-0.913469 0.403341 0.0537718 -0.0771948 -0.0420271 -0.99613 -0.39952 -0.914084 0.0695263 -4.66126 2.26938 -2.81687</i>
                        <i>-0.915067 0.399667 0.0540174 -0.0770966 -0.0418835 -0.996143 -0.395864 -0.915703 0.0691392 -4.66135 2.268 -2.81687</i>
                        <i>-0.916745 0.395767 0.0542779 -0.0769899 -0.0417183 -0.996159 -0.391983 -0.917403 0.0687151 -4.66143 2.26688 -2.81686</i>
                        <i>-0.91848 0.391688 0.0545502 -0.0768757 -0.0415309 -0.996175 -0.387924 -0.91916 0.0682566 -4.66152 2.26604 -2.81685</i>
                        <i>-0.920247 0.387478 0.0548314 -0.076755 -0.0413208 -0.996193 -0.383737 -0.920952 0.0677662 -4.66159 2.26549 -2.81685</i>
                        <i>-0.922024 0.383188 0.0551184 -0.0766291 -0.0410875 -0.996213 -0.379472 -0.922756 0.067247 -4.66167 2.26528 -2.81684</i>
                        <i>-0.92379 0.378869 0.0554083 -0.076499 -0.0408305 -0.996233 -0.37518 -0.924549 0.0667019 -4.66174 2.26541 -2.81683</i>
                    </KeyFrames>
                </p>
            </i>
            <i>
                <p>
                    <Name><![CDATA[spine2]]></Name>
                    <Exclude>0</Exclude>
                    <Additive>0</Additive>
                    <IKPriority>0</IKPriority>
                    <IKRotLimits>-1e+010 -1e+010 -1e+010 1e+010 1e+010 1e+010</IKRotLimits>
                    <IKRotLimitOrder>0</IKRotLimitOrder>
                    <KeyFrames count="60">
                        <i>-0.996176 -0.028111 0.0827195 -0.0820439 -0.0243941 -0.99633 0.0300257 -0.999307 0.0219945 -4.81374 2.32736 -2.80771</i>
                        <i>-0.995631 -0.0427744 0.0830037 -0.0820274 -0.0240993 -0.996339 0.0446181 -0.998794 0.0204853 -4.81433 2.32724 -2.80764</i>
                        <i>-0.994951 -0.0560581 0.0832448 -0.0820185 -0.0238353 -0.996346 0.0578375 -0.998143 0.0191172 -4.81492 2.32747 -2.80757</i>
                        <i>-0.994189 -0.068007 0.0834487 -0.0820158 -0.0236012 -0.996352 0.0697285 -0.997406 0.0178864 -4.8155 2.32804 -2.80751</i>
                        <i>-0.993388 -0.0786663 0.0836208 -0.082018 -0.0233957 -0.996356 0.080336 -0.996626 0.016789 -4.81606 2.3289 -2.80744</i>
                        <i>-0.992585 -0.0880808 0.0837657 -0.0820239 -0.0232177 -0.99636 0.0897051 -0.995843 0.0158208 -4.81659 2.33005 -2.80738</i>
                        <i>-0.991812 -0.0962958 0.0838872 -0.0820326 -0.023066 -0.996363 0.0978805 -0.995086 0.0149777 -4.8171 2.33145 -2.80731</i>
                        <i>-0.991092 -0.103356 0.0839887 -0.0820433 -0.0229393 -0.996365 0.104907 -0.99438 0.0142553 -4.81758 2.33307 -2.80725</i>
                        <i>-0.990446 -0.109305 0.0840729 -0.0820552 -0.0228365 -0.996366 0.110828 -0.993746 0.0136492 -4.81802 2.3349 -2.8072</i>
                        <i>-0.98989 -0.114188 0.0841422 -0.0820677 -0.0227563 -0.996367 0.115688 -0.993199 0.0131551 -4.81843 2.33691 -2.80714</i>
                        <i>-0.989432 -0.118047 0.0841983 -0.0820805 -0.0226976 -0.996367 0.11953 -0.992749 0.0127683 -4.8188 2.33907 -2.80709</i>
                        <i>-0.98908 -0.120927 0.0842428 -0.0820931 -0.0226591 -0.996367 0.122396 -0.992403 0.0124844 -4.81913 2.34135 -2.80705</i>
                        <i>-0.988838 -0.122869 0.0842767 -0.0821052 -0.0226396 -0.996367 0.124331 -0.992165 0.0122987 -4.81943 2.34374 -2.80701</i>
                        <i>-0.988705 -0.123917 0.0843008 -0.0821167 -0.0226381 -0.996366 0.125375 -0.992034 0.0122067 -4.81968 2.3462 -2.80697</i>
                        <i>-0.98868 -0.124111 0.0843156 -0.0821273 -0.0226531 -0.996364 0.12557 -0.99201 0.0122038 -4.81989 2.34871 -2.80694</i>
                        <i>-0.988756 -0.123496 0.0843214 -0.0821369 -0.0226838 -0.996363 0.124959 -0.992086 0.0122851 -4.82006 2.35125 -2.80692</i>
                        <i>-0.988928 -0.122111 0.0843183 -0.0821455 -0.0227287 -0.996361 0.123583 -0.992256 0.0124462 -4.82019 2.35378 -2.80689</i>
                        <i>-0.989188 -0.119999 0.0843062 -0.0821531 -0.0227869 -0.996359 0.121483 -0.992513 0.0126822 -4.82028 2.35629 -2.80688</i>
                        <i>-0.989525 -0.117201 0.0842848 -0.0821595 -0.0228572 -0.996357 0.118701 -0.992845 0.0129885 -4.82032 2.35875 -2.80687</i>
                        <i>-0.989929 -0.11376 0.084254 -0.0821649 -0.0229384 -0.996355 0.115278 -0.993243 0.0133603 -4.82032 2.36112 -2.80686</i>
                        <i>-0.990383 -0.109773 0.0842138 -0.082169 -0.0230281 -0.996352 0.111312 -0.99369 0.0137867 -4.82028 2.3634 -2.80686</i>
                        <i>-0.990872 -0.105305 0.0841642 -0.0821719 -0.0231245 -0.99635 0.106867 -0.994171 0.0142603 -4.82019 2.36556 -2.80687</i>
                        <i>-0.991392 -0.100346 0.0841042 -0.0821736 -0.023228 -0.996347 0.101933 -0.994681 0.0147822 -4.82005 2.36757 -2.80689</i>
                        <i>-0.991935 -0.0948852 0.0840332 -0.0821742 -0.0233386 -0.996345 0.0964996 -0.995215 0.0153533 -4.81986 2.36939 -2.80691</i>
                        <i>-0.992518 -0.0886654 0.0839458 -0.0821734 -0.0234606 -0.996342 0.0903104 -0.995785 0.0159991 -4.81961 2.37102 -2.80694</i>
                        <i>-0.99314 -0.0815119 0.0838376 -0.082171 -0.0235967 -0.996339 0.0831917 -0.996393 0.0167369 -4.81926 2.37248 -2.80698</i>
                        <i>-0.993773 -0.0735392 0.0837089 -0.0821676 -0.0237453 -0.996336 0.0752574 -0.99701 0.0175549 -4.81884 2.37369 -2.80703</i>
                        <i>-0.99439 -0.0648621 0.0835598 -0.0821638 -0.0239045 -0.996332 0.0666216 -0.997608 0.0184411 -4.81835 2.37461 -2.80709</i>
                        <i>-0.994965 -0.0555958 0.083391 -0.0821602 -0.0240726 -0.996328 0.0573991 -0.998163 0.0193836 -4.8178 2.37525 -2.80716</i>
                        <i>-0.995477 -0.0458559 0.0832033 -0.0821572 -0.0242479 -0.996324 0.0477049 -0.998654 0.0203708 -4.8172 2.37567 -2.80724</i>
                        <i>-0.995908 -0.0357584 0.0829979 -0.0821551 -0.0244284 -0.99632 0.0376543 -0.999062 0.0213907 -4.81655 2.37588 -2.80732</i>
                        <i>-0.996244 -0.0254196 0.0827765 -0.0821544 -0.0246125 -0.996316 0.0273633 -0.999374 0.0224317 -4.81587 2.37587 -2.80741</i>
                        <i>-0.996475 -0.0149564 0.0825411 -0.0821553 -0.0247982 -0.996311 0.0169481 -0.999581 0.0234821 -4.81516 2.37565 -2.8075</i>
                        <i>-0.996598 -0.00448575 0.0822944 -0.0821579 -0.0249837 -0.996306 0.00652515 -0.999678 0.0245302 -4.81444 2.37521 -2.80759</i>
                        <i>-0.996612 0.00587524 0.0820394 -0.0821622 -0.0251671 -0.996301 -0.00378887 -0.999666 0.0255645 -4.81371 2.37457 -2.80768</i>
                        <i>-0.996522 0.0160095 0.0817796 -0.0821683 -0.0253464 -0.996296 -0.0138773 -0.999551 0.0265737 -4.81298 2.37372 -2.80777</i>
                        <i>-0.996338 0.0257998 0.081519 -0.082176 -0.0255197 -0.996291 -0.0236237 -0.999341 0.0275464 -4.81227 2.37267 -2.80786</i>
                        <i>-0.996073 0.0351292 0.0812619 -0.0821851 -0.0256851 -0.996286 -0.0329115 -0.999053 0.0284714 -4.81159 2.37142 -2.80795</i>
                        <i>-0.995747 0.0438811 0.0810131 -0.0821953 -0.0258407 -0.996281 -0.0416245 -0.998703 0.0293376 -4.81095 2.36997 -2.80803</i>
                        <i>-0.995378 0.051939 0.0807775 -0.0822063 -0.0259844 -0.996277 -0.0496466 -0.998312 0.030134 -4.81036 2.36834 -2.8081</i>
                        <i>-0.994991 0.0591866 0.0805606 -0.0822177 -0.0261144 -0.996272 -0.0568622 -0.997905 0.0308498 -4.80984 2.36652 -2.80816</i>
                        <i>-0.99461 0.0655085 0.0803677 -0.0822291 -0.0262286 -0.996268 -0.0631561 -0.997507 0.0314739 -4.80939 2.36453 -2.80822</i>
                        <i>-0.994262 0.0707887 0.0802042 -0.0822401 -0.0263252 -0.996265 -0.0684128 -0.997144 0.0319958 -4.80903 2.36236 -2.80826</i>
                        <i>-0.99397 0.074912 0.0800757 -0.0822502 -0.0264021 -0.996262 -0.0725178 -0.996841 0.0324044 -4.80878 2.36001 -2.80829</i>
                        <i>-0.993766 0.0776542 0.0799903 -0.0822582 -0.0264547 -0.99626 -0.0752477 -0.996629 0.0326775 -4.80863 2.35752 -2.80831</i>
                        <i>-0.993666 0.0789673 0.0799501 -0.0822632 -0.0264814 -0.996259 -0.0765547 -0.996525 0.0328097 -4.80859 2.35493 -2.80832</i>
                        <i>-0.993663 0.0790109 0.0799501 -0.0822649 -0.0264843 -0.996258 -0.0765978 -0.996522 0.0328162 -4.80862 2.35228 -2.80831</i>
                        <i>-0.993755 0.0778022 0.0799897 -0.0822632 -0.0264636 -0.996259 -0.0753944 -0.996617 0.0326985 -4.80873 2.34962 -2.8083</i>
                        <i>-0.993937 0.0753586 0.0800677 -0.082258 -0.0264193 -0.996261 -0.0729615 -0.996807 0.0324579 -4.8089 2.34696 -2.80828</i>
                        <i>-0.994198 0.0716971 0.0801824 -0.0822493 -0.0263515 -0.996263 -0.0693162 -0.997078 0.0320956 -4.80913 2.34435 -2.80825</i>
                        <i>-0.994525 0.0668344 0.0803319 -0.0822374 -0.0262602 -0.996267 -0.0644753 -0.997418 0.0316127 -4.80942 2.34182 -2.80821</i>
                        <i>-0.994898 0.0607875 0.0805137 -0.0822223 -0.0261456 -0.996271 -0.0584557 -0.997808 0.0310103 -4.80976 2.33939 -2.80817</i>
                        <i>-0.995296 0.0535731 0.080725 -0.0822044 -0.0260077 -0.996276 -0.0512741 -0.998225 0.0302892 -4.81015 2.33709 -2.80813</i>
                        <i>-0.995691 0.0452085 0.0809625 -0.0821841 -0.0258464 -0.996282 -0.0429478 -0.998643 0.0294505 -4.81057 2.33495 -2.80808</i>
                        <i>-0.996056 0.0357109 0.0812229 -0.0821619 -0.025662 -0.996288 -0.0334941 -0.999033 0.0284949 -4.81103 2.33302 -2.80802</i>
                        <i>-0.996357 0.0250985 0.0815021 -0.0821383 -0.0254544 -0.996296 -0.022931 -0.999361 0.0274233 -4.81152 2.33131 -2.80796</i>
                        <i>-0.996559 0.01339 0.081796 -0.0821139 -0.0252238 -0.996304 -0.0112773 -0.999592 0.0262365 -4.81204 2.32986 -2.8079</i>
                        <i>-0.996624 0.00060491 0.0821001 -0.0820896 -0.0249701 -0.996312 0.00144739 -0.999688 0.0249355 -4.81258 2.32869 -2.80784</i>
                        <i>-0.996511 -0.0132362 0.0824097 -0.082066 -0.0246935 -0.996321 0.0152224 -0.999607 0.0235211 -4.81315 2.32785 -2.80778</i>
                        <i>-0.996176 -0.028111 0.0827195 -0.0820439 -0.0243941 -0.99633 0.0300257 -0.999307 0.0219945 -4.81374 2.32736 -2.80771</i>
                    </KeyFrames>
                </p>
            </i>
            <i>
                <p>
                    <Name><![CDATA[head]]></Name>
                    <Exclude>0</Exclude>
                    <Additive>0</Additive>
                    <IKPriority>0</IKPriority>
                    <IKRotLimits>-1e+010 -1e+010 -1e+010 1e+010 1e+010 1e+010</IKRotLimits>
                    <IKRotLimitOrder>0</IKRotLimitOrder>
                    <KeyFrames count="60">
                        <i>-0.959975 -0.277106 0.0407353 -0.274553 0.959773 0.0587994 -0.0553904 0.045262 -0.997438 -5.07071 2.32568 -2.78469</i>
                        <i>-0.954339 -0.295951 0.0406161 -0.293288 0.954092 0.0607551 -0.056732 0.0460688 -0.997326 -5.07132 2.32116 -2.78452</i>
                        <i>-0.949079 -0.312424 0.0404967 -0.309663 0.948791 0.0624908 -0.0579465 0.0467684 -0.997224 -5.07184 2.31742 -2.78438</i>
                        <i>-0.94428 -0.326655 0.0403872 -0.323805 0.943956 0.0640155 -0.0590347 0.047371 -0.997131 -5.07229 2.31445 -2.78424</i>
                        <i>-0.940006 -0.338769 0.0402952 -0.33584 0.93965 0.0653387 -0.0599981 0.0478861 -0.997049 -5.07268 2.31218 -2.78412</i>
                        <i>-0.936301 -0.348887 0.0402264 -0.345889 0.935918 0.0664697 -0.060839 0.0483217 -0.996977 -5.07303 2.31059 -2.78401</i>
                        <i>-0.933191 -0.357127 0.0401848 -0.354069 0.932786 0.0674177 -0.0615605 0.0486854 -0.996915 -5.07333 2.30963 -2.78392</i>
                        <i>-0.930688 -0.363602 0.0401727 -0.360494 0.930266 0.068192 -0.0621661 0.0489835 -0.996863 -5.07361 2.30926 -2.78383</i>
                        <i>-0.92879 -0.36842 0.0401912 -0.365271 0.928355 0.0688018 -0.0626597 0.0492217 -0.99682 -5.07386 2.30944 -2.78375</i>
                        <i>-0.927486 -0.371686 0.0402402 -0.368504 0.927043 0.0692559 -0.0630459 0.0494052 -0.996787 -5.07409 2.31013 -2.78369</i>
                        <i>-0.926753 -0.373502 0.0403185 -0.370295 0.926306 0.0695632 -0.0633292 0.0495381 -0.996762 -5.0743 2.31129 -2.78363</i>
                        <i>-0.926562 -0.373964 0.0404242 -0.370742 0.926114 0.0697324 -0.0635148 0.0496245 -0.996746 -5.0745 2.31288 -2.78358</i>
                        <i>-0.926876 -0.37317 0.0405545 -0.369938 0.926433 0.0697722 -0.0636079 0.0496675 -0.996738 -5.07468 2.31485 -2.78354</i>
                        <i>-0.927655 -0.371212 0.0407063 -0.367979 0.927219 0.0696911 -0.0636138 0.0496703 -0.996738 -5.07485 2.31716 -2.7835</i>
                        <i>-0.928855 -0.368182 0.040876 -0.364955 0.928428 0.0694976 -0.0635382 0.0496353 -0.996744 -5.07501 2.31978 -2.78348</i>
                        <i>-0.930426 -0.364172 0.0410596 -0.360957 0.930012 0.0692002 -0.0633867 0.0495649 -0.996757 -5.07515 2.32266 -2.78346</i>
