<?xml version="1.0" encoding="ISO-8859-1" ?>
<Animl Version="1">
    <ModellingPackage><![CDATA[Maya.2010]]></ModellingPackage>
    <SrcFile><![CDATA[anims\turrets\antiair\red\~src\aa_gladiator\aa_gladiator_aim_low_crewman_a.mb]]></SrcFile>
    <FramesPerSecond>30</FramesPerSecond>
    <TotalFrames>60</TotalFrames>
    <Skeleton>
        <RefFrame>
            <Name><![CDATA[soldier_ref_frame]]></Name>
            <Exclude>0</Exclude>
            <Additive>0</Additive>
            <IKPriority>0</IKPriority>
            <IKRotLimits>-1e+010 -1e+010 -1e+010 1e+010 1e+010 1e+010</IKRotLimits>
            <IKRotLimitOrder>0</IKRotLimitOrder>
            <KeyFrames count="60">
                <i>1 0 0 0 1 0 0 0 1 4.31 1.49 -2.5</i>
                <i>1 0 0 0 1 0 0 0 1 4.31 1.49 -2.5</i>
                <i>1 0 0 0 1 0 0 0 1 4.31 1.49 -2.5</i>
                <i>1 0 0 0 1 0 0 0 1 4.31 1.49 -2.5</i>
                <i>1 0 0 0 1 0 0 0 1 4.31 1.49 -2.5</i>
                <i>1 0 0 0 1 0 0 0 1 4.31 1.49 -2.5</i>
                <i>1 0 0 0 1 0 0 0 1 4.31 1.49 -2.5</i>
                <i>1 0 0 0 1 0 0 0 1 4.31 1.49 -2.5</i>
                <i>1 0 0 0 1 0 0 0 1 4.31 1.49 -2.5</i>
                <i>1 0 0 0 1 0 0 0 1 4.31 1.49 -2.5</i>
                <i>1 0 0 0 1 0 0 0 1 4.31 1.49 -2.5</i>
                <i>1 0 0 0 1 0 0 0 1 4.31 1.49 -2.5</i>
                <i>1 0 0 0 1 0 0 0 1 4.31 1.49 -2.5</i>
                <i>1 0 0 0 1 0 0 0 1 4.31 1.49 -2.5</i>
                <i>1 0 0 0 1 0 0 0 1 4.31 1.49 -2.5</i>
                <i>1 0 0 0 1 0 0 0 1 4.31 1.49 -2.5</i>
                <i>1 0 0 0 1 0 0 0 1 4.31 1.49 -2.5</i>
                <i>1 0 0 0 1 0 0 0 1 4.31 1.49 -2.5</i>
                <i>1 0 0 0 1 0 0 0 1 4.31 1.49 -2.5</i>
                <i>1 0 0 0 1 0 0 0 1 4.31 1.49 -2.5</i>
                <i>1 0 0 0 1 0 0 0 1 4.31 1.49 -2.5</i>
                <i>1 0 0 0 1 0 0 0 1 4.31 1.49 -2.5</i>
                <i>1 0 0 0 1 0 0 0 1 4.31 1.49 -2.5</i>
                <i>1 0 0 0 1 0 0 0 1 4.31 1.49 -2.5</i>
                <i>1 0 0 0 1 0 0 0 1 4.31 1.49 -2.5</i>
                <i>1 0 0 0 1 0 0 0 1 4.31 1.49 -2.5</i>
                <i>1 0 0 0 1 0 0 0 1 4.31 1.49 -2.5</i>
                <i>1 0 0 0 1 0 0 0 1 4.31 1.49 -2.5</i>
                <i>1 0 0 0 1 0 0 0 1 4.31 1.49 -2.5</i>
                <i>1 0 0 0 1 0 0 0 1 4.31 1.49 -2.5</i>
                <i>1 0 0 0 1 0 0 0 1 4.31 1.49 -2.5</i>
                <i>1 0 0 0 1 0 0 0 1 4.31 1.49 -2.5</i>
                <i>1 0 0 0 1 0 0 0 1 4.31 1.49 -2.5</i>
                <i>1 0 0 0 1 0 0 0 1 4.31 1.49 -2.5</i>
                <i>1 0 0 0 1 0 0 0 1 4.31 1.49 -2.5</i>
                <i>1 0 0 0 1 0 0 0 1 4.31 1.49 -2.5</i>
                <i>1 0 0 0 1 0 0 0 1 4.31 1.49 -2.5</i>
                <i>1 0 0 0 1 0 0 0 1 4.31 1.49 -2.5</i>
                <i>1 0 0 0 1 0 0 0 1 4.31 1.49 -2.5</i>
                <i>1 0 0 0 1 0 0 0 1 4.31 1.49 -2.5</i>
                <i>1 0 0 0 1 0 0 0 1 4.31 1.49 -2.5</i>
                <i>1 0 0 0 1 0 0 0 1 4.31 1.49 -2.5</i>
                <i>1 0 0 0 1 0 0 0 1 4.31 1.49 -2.5</i>
                <i>1 0 0 0 1 0 0 0 1 4.31 1.49 -2.5</i>
                <i>1 0 0 0 1 0 0 0 1 4.31 1.49 -2.5</i>
                <i>1 0 0 0 1 0 0 0 1 4.31 1.49 -2.5</i>
                <i>1 0 0 0 1 0 0 0 1 4.31 1.49 -2.5</i>
                <i>1 0 0 0 1 0 0 0 1 4.31 1.49 -2.5</i>
                <i>1 0 0 0 1 0 0 0 1 4.31 1.49 -2.5</i>
                <i>1 0 0 0 1 0 0 0 1 4.31 1.49 -2.5</i>
                <i>1 0 0 0 1 0 0 0 1 4.31 1.49 -2.5</i>
                <i>1 0 0 0 1 0 0 0 1 4.31 1.49 -2.5</i>
                <i>1 0 0 0 1 0 0 0 1 4.31 1.49 -2.5</i>
                <i>1 0 0 0 1 0 0 0 1 4.31 1.49 -2.5</i>
                <i>1 0 0 0 1 0 0 0 1 4.31 1.49 -2.5</i>
                <i>1 0 0 0 1 0 0 0 1 4.31 1.49 -2.5</i>
                <i>1 0 0 0 1 0 0 0 1 4.31 1.49 -2.5</i>
                <i>1 0 0 0 1 0 0 0 1 4.31 1.49 -2.5</i>
                <i>1 0 0 0 1 0 0 0 1 4.31 1.49 -2.5</i>
                <i>1 0 0 0 1 0 0 0 1 4.31 1.49 -2.5</i>
            </KeyFrames>
        </RefFrame>
        <Bones count="23">
            <i>
                <p>
                    <Name><![CDATA[pelvis]]></Name>
                    <Exclude>0</Exclude>
                    <Additive>0</Additive>
                    <IKPriority>0</IKPriority>
                    <IKRotLimits>-1e+010 -1e+010 -1e+010 1e+010 1e+010 1e+010</IKRotLimits>
                    <IKRotLimitOrder>2</IKRotLimitOrder>
                    <KeyFrames count="60">
                        <i>1 0 0 0 1 0 0 0 1 4.2664 2.12881 -2.66224</i>
                        <i>1 0 0 0 1 0 0 0 1 4.2664 2.12868 -2.66224</i>
                        <i>1 0 0 0 1 0 0 0 1 4.2664 2.12828 -2.66224</i>
                        <i>1 0 0 0 1 0 0 0 1 4.2664 2.12764 -2.66224</i>
                        <i>1 0 0 0 1 0 0 0 1 4.2664 2.12677 -2.66224</i>
                        <i>1 0 0 0 1 0 0 0 1 4.2664 2.1257 -2.66224</i>
                        <i>1 0 0 0 1 0 0 0 1 4.2664 2.12445 -2.66224</i>
                        <i>1 0 0 0 1 0 0 0 1 4.2664 2.12303 -2.66224</i>
                        <i>1 0 0 0 1 0 0 0 1 4.2664 2.12146 -2.66224</i>
                        <i>1 0 0 0 1 0 0 0 1 4.2664 2.11977 -2.66224</i>
                        <i>1 0 0 0 1 0 0 0 1 4.2664 2.11797 -2.66224</i>
                        <i>1 0 0 0 1 0 0 0 1 4.2664 2.11608 -2.66224</i>
                        <i>1 0 0 0 1 0 0 0 1 4.2664 2.11413 -2.66224</i>
                        <i>1 0 0 0 1 0 0 0 1 4.2664 2.11212 -2.66224</i>
                        <i>1 0 0 0 1 0 0 0 1 4.2664 2.11009 -2.66224</i>
                        <i>1 0 0 0 1 0 0 0 1 4.2664 2.10804 -2.66224</i>
                        <i>1 0 0 0 1 0 0 0 1 4.2664 2.10601 -2.66224</i>
                        <i>1 0 0 0 1 0 0 0 1 4.2664 2.10401 -2.66224</i>
                        <i>1 0 0 0 1 0 0 0 1 4.2664 2.10205 -2.66224</i>
                        <i>1 0 0 0 1 0 0 0 1 4.2664 2.10016 -2.66224</i>
                        <i>1 0 0 0 1 0 0 0 1 4.2664 2.09836 -2.66224</i>
                        <i>1 0 0 0 1 0 0 0 1 4.2664 2.09667 -2.66224</i>
                        <i>1 0 0 0 1 0 0 0 1 4.2664 2.0951 -2.66224</i>
                        <i>1 0 0 0 1 0 0 0 1 4.2664 2.09368 -2.66224</i>
                        <i>1 0 0 0 1 0 0 0 1 4.2664 2.09243 -2.66224</i>
                        <i>1 0 0 0 1 0 0 0 1 4.2664 2.09135 -2.66224</i>
                        <i>1 0 0 0 1 0 0 0 1 4.2664 2.09049 -2.66224</i>
                        <i>1 0 0 0 1 0 0 0 1 4.2664 2.08984 -2.66224</i>
                        <i>1 0 0 0 1 0 0 0 1 4.2664 2.08944 -2.66224</i>
                        <i>1 0 0 0 1 0 0 0 1 4.2664 2.08931 -2.66224</i>
                        <i>1 0 0 0 1 0 0 0 1 4.2664 2.08943 -2.66224</i>
                        <i>1 0 0 0 1 0 0 0 1 4.2664 2.08981 -2.66224</i>
                        <i>1 0 0 0 1 0 0 0 1 4.2664 2.09041 -2.66224</i>
                        <i>1 0 0 0 1 0 0 0 1 4.2664 2.09123 -2.66224</i>
                        <i>1 0 0 0 1 0 0 0 1 4.2664 2.09223 -2.66224</i>
                        <i>1 0 0 0 1 0 0 0 1 4.2664 2.09341 -2.66224</i>
                        <i>1 0 0 0 1 0 0 0 1 4.2664 2.09475 -2.66224</i>
                        <i>1 0 0 0 1 0 0 0 1 4.2664 2.09624 -2.66224</i>
                        <i>1 0 0 0 1 0 0 0 1 4.2664 2.09784 -2.66224</i>
                        <i>1 0 0 0 1 0 0 0 1 4.2664 2.09955 -2.66224</i>
                        <i>1 0 0 0 1 0 0 0 1 4.2664 2.10134 -2.66224</i>
                        <i>1 0 0 0 1 0 0 0 1 4.2664 2.10321 -2.66224</i>
                        <i>1 0 0 0 1 0 0 0 1 4.2664 2.10513 -2.66224</i>
                        <i>1 0 0 0 1 0 0 0 1 4.2664 2.10709 -2.66224</i>
                        <i>1 0 0 0 1 0 0 0 1 4.2664 2.10906 -2.66224</i>
                        <i>1 0 0 0 1 0 0 0 1 4.2664 2.11103 -2.66224</i>
                        <i>1 0 0 0 1 0 0 0 1 4.2664 2.11298 -2.66224</i>
                        <i>1 0 0 0 1 0 0 0 1 4.2664 2.1149 -2.66224</i>
                        <i>1 0 0 0 1 0 0 0 1 4.2664 2.11677 -2.66224</i>
                        <i>1 0 0 0 1 0 0 0 1 4.2664 2.11857 -2.66224</i>
                        <i>1 0 0 0 1 0 0 0 1 4.2664 2.12028 -2.66224</i>
                        <i>1 0 0 0 1 0 0 0 1 4.2664 2.12188 -2.66224</i>
                        <i>1 0 0 0 1 0 0 0 1 4.2664 2.12336 -2.66224</i>
                        <i>1 0 0 0 1 0 0 0 1 4.2664 2.1247 -2.66224</i>
                        <i>1 0 0 0 1 0 0 0 1 4.2664 2.12589 -2.66224</i>
                        <i>1 0 0 0 1 0 0 0 1 4.2664 2.12689 -2.66224</i>
                        <i>1 0 0 0 1 0 0 0 1 4.2664 2.12771 -2.66224</i>
                        <i>1 0 0 0 1 0 0 0 1 4.2664 2.12831 -2.66224</i>
                        <i>1 0 0 0 1 0 0 0 1 4.2664 2.12869 -2.66224</i>
                        <i>1 0 0 0 1 0 0 0 1 4.2664 2.12881 -2.66224</i>
                    </KeyFrames>
                </p>
            </i>
            <i>
                <p>
                    <Name><![CDATA[spine0]]></Name>
                    <Exclude>0</Exclude>
                    <Additive>0</Additive>
                    <IKPriority>0</IKPriority>
                    <IKRotLimits>-1e+010 -1e+010 -1e+010 1e+010 1e+010 1e+010</IKRotLimits>
                    <IKRotLimitOrder>0</IKRotLimitOrder>
                    <KeyFrames count="60">
                        <i>0.0574598 0.976266 0.208812 -0.97094 0.00597377 0.239248 0.232323 -0.216491 0.948239 4.24616 2.26364 -2.70817</i>
                        <i>0.0577189 0.976083 0.209596 -0.97094 0.00604079 0.239248 0.232259 -0.217314 0.948067 4.24616 2.2635 -2.70817</i>
                        <i>0.05797 0.975908 0.21034 -0.97094 0.00610948 0.239247 0.232198 -0.218096 0.947902 4.24616 2.2631 -2.70817</i>
                        <i>0.058204 0.975748 0.211017 -0.970939 0.00617753 0.239246 0.23214 -0.218809 0.947752 4.24616 2.26246 -2.70817</i>
                        <i>0.0584119 0.97561 0.211599 -0.970939 0.00624269 0.239245 0.232089 -0.219424 0.947622 4.24616 2.26159 -2.70817</i>
                        <i>0.0585852 0.975499 0.212061 -0.970939 0.00630275 0.239244 0.232046 -0.219914 0.947519 4.24616 2.26052 -2.70817</i>
                        <i>0.0587154 0.975422 0.212376 -0.970939 0.00635556 0.239244 0.232014 -0.220252 0.947449 4.24616 2.25927 -2.70817</i>
                        <i>0.0587946 0.975386 0.212522 -0.970939 0.00639907 0.239243 0.231994 -0.220412 0.947416 4.24616 2.25785 -2.70817</i>
                        <i>0.0588153 0.975395 0.212475 -0.970939 0.00643129 0.239243 0.23199 -0.220371 0.947427 4.24616 2.25628 -2.70817</i>
                        <i>0.0587703 0.975455 0.212213 -0.970938 0.00645029 0.239242 0.232001 -0.220106 0.947485 4.24616 2.25459 -2.70817</i>
                        <i>0.0586528 0.975569 0.211717 -0.970938 0.00645423 0.239242 0.232031 -0.219596 0.947596 4.24616 2.25279 -2.70817</i>
                        <i>0.0584564 0.975744 0.210968 -0.970938 0.00644128 0.239243 0.232081 -0.218822 0.947763 4.24616 2.2509 -2.70817</i>
                        <i>0.0581749 0.97598 0.209948 -0.970939 0.00640969 0.239243 0.232151 -0.217764 0.94799 4.24616 2.24895 -2.70817</i>
                        <i>0.0578025 0.976283 0.20864 -0.970939 0.00635769 0.239244 0.232243 -0.216405 0.948278 4.24616 2.24694 -2.70817</i>
                        <i>0.0573334 0.976654 0.207028 -0.970939 0.00628353 0.239245 0.232358 -0.214728 0.948631 4.24616 2.24491 -2.70817</i>
                        <i>0.0567617 0.977094 0.205096 -0.970939 0.00618541 0.239246 0.232497 -0.212716 0.94905 4.24616 2.24286 -2.70817</i>
                        <i>0.0560668 0.97762 0.20277 -0.97094 0.00606091 0.239247 0.232664 -0.210291 0.94955 4.24616 2.24083 -2.70817</i>
                        <i>0.0552476 0.978229 0.200039 -0.97094 0.00591168 0.239249 0.232858 -0.207444 0.950128 4.24616 2.23883 -2.70817</i>
                        <i>0.054328 0.9789 0.196983 -0.970941 0.00574192 0.239251 0.233072 -0.204257 0.950766 4.24616 2.23687 -2.70817</i>
                        <i>0.0533317 0.979613 0.193683 -0.970941 0.00555578 0.239254 0.2333 -0.200815 0.951443 4.24616 2.23498 -2.70817</i>
                        <i>0.0522785 0.980351 0.190205 -0.970942 0.00535691 0.239256 0.233536 -0.197186 0.952144 4.24616 2.23318 -2.70817</i>
                        <i>0.051187 0.9811 0.18661 -0.970942 0.00514882 0.239259 0.233776 -0.193435 0.952855 4.24616 2.23149 -2.70817</i>
                        <i>0.0500785 0.981842 0.18297 -0.970943 0.00493534 0.239261 0.234014 -0.189635 0.95356 4.24616 2.22992 -2.70817</i>
                        <i>0.048974 0.982565 0.179354 -0.970943 0.00472028 0.239264 0.234246 -0.18586 0.954246 4.24616 2.2285 -2.70817</i>
                        <i>0.0478943 0.983254 0.175832 -0.970943 0.00450746 0.239267 0.234467 -0.182182 0.9549 4.24616 2.22725 -2.70817</i>
                        <i>0.04686 0.983899 0.172471 -0.970944 0.00430069 0.239269 0.234675 -0.178672 0.955512 4.24616 2.22617 -2.70817</i>
                        <i>0.0458731 0.984501 0.169276 -0.970944 0.00410083 0.239272 0.234869 -0.175334 0.956083 4.24616 2.22531 -2.70817</i>
                        <i>0.0449305 0.985062 0.166234 -0.970944 0.00390796 0.239274 0.23505 -0.172155 0.956616 4.24616 2.22466 -2.70817</i>
                        <i>0.0440457 0.985578 0.163388 -0.970944 0.00372486 0.239276 0.235217 -0.16918 0.957106 4.24616 2.22426 -2.70817</i>
                        <i>0.0432326 0.986043 0.160782 -0.970945 0.00355438 0.239278 0.235367 -0.166455 0.957546 4.24616 2.22413 -2.70817</i>
                        <i>0.0425052 0.98645 0.158462 -0.970945 0.00339947 0.23928 0.235499 -0.164028 0.957933 4.24616 2.22426 -2.70817</i>
                        <i>0.0418779 0.986794 0.156473 -0.970945 0.00326316 0.239282 0.235611 -0.161947 0.958259 4.24616 2.22463 -2.70817</i>
                        <i>0.0413656 0.98707 0.154862 -0.970945 0.00314852 0.239283 0.235701 -0.160261 0.95852 4.24616 2.22523 -2.70817</i>
                        <i>0.040983 0.987271 0.153677 -0.970945 0.00305872 0.239284 0.235768 -0.159019 0.958711 4.24616 2.22605 -2.70817</i>
                        <i>0.0407455 0.987391 0.152966 -0.970945 0.00299694 0.239285 0.235809 -0.158271 0.958824 4.24616 2.22705 -2.70817</i>
                        <i>0.0406683 0.987423 0.152778 -0.970945 0.00296639 0.239285 0.235822 -0.158071 0.958854 4.24616 2.22823 -2.70817</i>
                        <i>0.0407671 0.98736 0.153164 -0.970945 0.00297029 0.239285 0.235805 -0.158469 0.958793 4.24616 2.22958 -2.70817</i>
                        <i>0.0410142 0.987214 0.154032 -0.970945 0.00300335 0.239285 0.235763 -0.159371 0.958654 4.24616 2.23106 -2.70817</i>
                        <i>0.0413659 0.98701 0.155241 -0.970945 0.00305707 0.239284 0.235701 -0.160628 0.958459 4.24616 2.23266 -2.70817</i>
                        <i>0.0418139 0.986751 0.156762 -0.970945 0.00312985 0.239283 0.235622 -0.162213 0.958211 4.24616 2.23437 -2.70817</i>
                        <i>0.0423498 0.986439 0.15857 -0.970945 0.00322003 0.239282 0.235527 -0.164096 0.957914 4.24616 2.23616 -2.70817</i>
                        <i>0.042965 0.986078 0.160635 -0.970945 0.00332597 0.239281 0.235415 -0.166249 0.95757 4.24616 2.23803 -2.70817</i>
                        <i>0.043651 0.985671 0.162931 -0.970945 0.003446 0.239279 0.235289 -0.168642 0.957183 4.24616 2.23995 -2.70817</i>
                        <i>0.0443992 0.985222 0.16543 -0.970945 0.00357843 0.239278 0.23515 -0.171247 0.956755 4.24616 2.24191 -2.70817</i>
                        <i>0.0452008 0.984733 0.168102 -0.970944 0.00372154 0.239276 0.234997 -0.174033 0.956289 4.24616 2.24388 -2.70817</i>
                        <i>0.0460469 0.984209 0.170919 -0.970944 0.00387365 0.239274 0.234834 -0.176971 0.95579 4.24616 2.24585 -2.70817</i>
                        <i>0.0469286 0.983653 0.173852 -0.970944 0.004033 0.239272 0.23466 -0.180029 0.955261 4.24616 2.24781 -2.70817</i>
                        <i>0.047837 0.983071 0.176872 -0.970944 0.00419789 0.23927 0.234477 -0.183179 0.954707 4.24616 2.24972 -2.70817</i>
                        <i>0.048763 0.982467 0.179949 -0.970944 0.00436657 0.239268 0.234287 -0.186388 0.954133 4.24616 2.25159 -2.70817</i>
                        <i>0.0496973 0.981846 0.183053 -0.970943 0.0045373 0.239266 0.234092 -0.189625 0.953543 4.24616 2.25339 -2.70817</i>
                        <i>0.0506309 0.981215 0.186154 -0.970943 0.00470833 0.239264 0.233893 -0.192859 0.952943 4.24616 2.2551 -2.70817</i>
                        <i>0.0515545 0.98058 0.18922 -0.970943 0.00487794 0.239262 0.233693 -0.196057 0.952339 4.24616 2.2567 -2.70817</i>
                        <i>0.0524586 0.979948 0.192222 -0.970942 0.00504434 0.23926 0.233493 -0.199188 0.951738 4.24616 2.25818 -2.70817</i>
                        <i>0.0533341 0.979326 0.195129 -0.970942 0.00520582 0.239258 0.233296 -0.202219 0.951147 4.24616 2.25952 -2.70817</i>
                        <i>0.0541715 0.978722 0.197909 -0.970942 0.00536062 0.239256 0.233104 -0.205119 0.950573 4.24616 2.26071 -2.70817</i>
                        <i>0.0549615 0.978145 0.20053 -0.970941 0.005507 0.239254 0.232921 -0.207853 0.950024 4.24616 2.26171 -2.70817</i>
                        <i>0.0556947 0.977601 0.202963 -0.970941 0.00564323 0.239253 0.232748 -0.21039 0.949507 4.24616 2.26253 -2.70817</i>
                        <i>0.0563616 0.977101 0.205175 -0.970941 0.00576758 0.239251 0.232589 -0.212697 0.949032 4.24616 2.26313 -2.70817</i>
                        <i>0.0569531 0.976653 0.207135 -0.97094 0.00587833 0.23925 0.232446 -0.214742 0.948607 4.24616 2.26351 -2.70817</i>
                        <i>0.0574598 0.976266 0.208812 -0.97094 0.00597377 0.239248 0.232323 -0.216491 0.948239 4.24616 2.26364 -2.70817</i>
                    </KeyFrames>
                </p>
            </i>
            <i>
                <p>
                    <Name><![CDATA[spine1]]></Name>
                    <Exclude>0</Exclude>
                    <Additive>0</Additive>
                    <IKPriority>0</IKPriority>
                    <IKRotLimits>-1e+010 -1e+010 -1e+010 1e+010 1e+010 1e+010</IKRotLimits>
                    <IKRotLimitOrder>0</IKRotLimitOrder>
                    <KeyFrames count="60">
                        <i>0.244371 0.739361 0.627398 -0.957974 0.0838397 0.274328 0.150226 -0.668069 0.728777 4.25641 2.43797 -2.67093</i>
                        <i>0.244156 0.739678 0.627108 -0.958005 0.0836953 0.274266 0.150383 -0.667736 0.72905 4.25647 2.43812 -2.67072</i>
                        <i>0.2438 0.740438 0.62635 -0.958048 0.0835276 0.274168 0.150686 -0.666915 0.729738 4.25654 2.43805 -2.67051</i>
                        <i>0.243318 0.741601 0.62516 -0.958101 0.0833415 0.274037 0.151124 -0.665644 0.730807 4.2566 2.43775 -2.67031</i>
                        <i>0.242724 0.743128 0.623575 -0.958164 0.083142 0.273879 0.151682 -0.663964 0.732219 4.25666 2.43726 -2.67012</i>
                        <i>0.242032 0.74498 0.621631 -0.958233 0.0829338 0.273699 0.152346 -0.661911 0.733937 4.25672 2.43657 -2.66996</i>
                        <i>0.241258 0.747117 0.619364 -0.958308 0.0827217 0.273501 0.153102 -0.659525 0.735925 4.25677 2.4357 -2.66982</i>
                        <i>0.240413 0.749499 0.616808 -0.958387 0.0825103 0.27329 0.153938 -0.656843 0.738147 4.2568 2.43465 -2.66971</i>
                        <i>0.239513 0.752089 0.614 -0.958467 0.0823041 0.27307 0.154839 -0.653903 0.740565 4.25683 2.43344 -2.66964</i>
                        <i>0.238571 0.754847 0.610975 -0.958547 0.0821075 0.272847 0.155792 -0.650742 0.743145 4.25684 2.43208 -2.66962</i>
                        <i>0.2376 0.757736 0.607768 -0.958626 0.0819251 0.272624 0.156785 -0.647398 0.745851 4.25683 2.43057 -2.66966</i>
                        <i>0.236615 0.76072 0.604416 -0.958703 0.0817612 0.272405 0.157806 -0.64391 0.74865 4.25681 2.42892 -2.66975</i>
                        <i>0.235629 0.763763 0.600954 -0.958774 0.0816203 0.272194 0.158842 -0.640316 0.751508 4.25677 2.42715 -2.66991</i>
                        <i>0.234656 0.766829 0.59742 -0.95884 0.0815068 0.271996 0.159881 -0.636655 0.754393 4.2567 2.42526 -2.67013</i>
                        <i>0.233711 0.769883 0.593851 -0.958899 0.0814254 0.271814 0.16091 -0.632969 0.75727 4.25661 2.42326 -2.67043</i>
                        <i>0.232808 0.772892 0.590286 -0.958948 0.0813809 0.271652 0.16192 -0.629297 0.76011 4.2565 2.42117 -2.67081</i>
                        <i>0.231942 0.775871 0.586709 -0.958988 0.0813633 0.271517 0.162926 -0.625623 0.762922 4.25636 2.41901 -2.67128</i>
                        <i>0.231101 0.778828 0.583112 -0.959018 0.0813601 0.271413 0.163942 -0.621939 0.765712 4.2562 2.41682 -2.67184</i>
                        <i>0.230297 0.78172 0.579549 -0.959039 0.0813724 0.271337 0.16495 -0.618298 0.76844 4.25601 2.41462 -2.67247</i>
                        <i>0.229541 0.784507 0.576072 -0.95905 0.081401 0.271287 0.165934 -0.614754 0.771067 4.25581 2.41245 -2.67314</i>
                        <i>0.228857 0.787109 0.572786 -0.959051 0.0814454 0.271269 0.166868 -0.611413 0.773518 4.25559 2.41032 -2.67386</i>
                        <i>0.228272 0.789443 0.569799 -0.959041 0.0815045 0.271287 0.167724 -0.608388 0.775714 4.25537 2.40826 -2.6746</i>
                        <i>0.2278 0.791462 0.567181 -0.95902 0.0815783 0.27134 0.168486 -0.60575 0.777612 4.25514 2.4063 -2.67535</i>
                        <i>0.227457 0.793121 0.564998 -0.958987 0.0816663 0.271429 0.169135 -0.603565 0.779168 4.25492 2.40446 -2.6761</i>
                        <i>0.227256 0.794373 0.563317 -0.958943 0.0817679 0.271554 0.169654 -0.601901 0.780341 4.2547 2.40277 -2.67683</i>
                        <i>0.227211 0.795174 0.562204 -0.958888 0.0818823 0.271715 0.170026 -0.600827 0.781087 4.25449 2.40126 -2.67752</i>
                        <i>0.227293 0.795607 0.561558 -0.958824 0.0820058 0.271903 0.170277 -0.600237 0.781486 4.25429 2.39995 -2.67818</i>
                        <i>0.227457 0.795791 0.56123 -0.958756 0.0821342 0.272105 0.170443 -0.599975 0.781651 4.2541 2.39886 -2.67881</i>
                        <i>0.227698 0.795735 0.561213 -0.958684 0.0822655 0.272319 0.170526 -0.600032 0.78159 4.25392 2.39804 -2.67939</i>
                        <i>0.228011 0.795444 0.561498 -0.95861 0.0823977 0.272541 0.170524 -0.6004 0.781307 4.25375 2.39749 -2.67993</i>
                        <i>0.22839 0.794923 0.562081 -0.958535 0.0825289 0.272764 0.170439 -0.601071 0.78081 4.25361 2.39723 -2.68041</i>
                        <i>0.228829 0.794178 0.562956 -0.95846 0.0826572 0.272987 0.170268 -0.602038 0.780102 4.25348 2.39725 -2.68082</i>
                        <i>0.229324 0.793211 0.564116 -0.958388 0.0827808 0.273203 0.17001 -0.603294 0.779187 4.25338 2.39754 -2.68116</i>
                        <i>0.229867 0.792026 0.565559 -0.958319 0.0828978 0.273409 0.169664 -0.604833 0.778069 4.2533 2.39807 -2.68141</i>
                        <i>0.230455 0.790624 0.567278 -0.958255 0.0830067 0.273601 0.169228 -0.606649 0.776749 4.25325 2.39885 -2.68157</i>
                        <i>0.231082 0.789008 0.569269 -0.958197 0.0831058 0.273774 0.1687 -0.608736 0.775229 4.25323 2.39986 -2.68163</i>
                        <i>0.231742 0.787179 0.571528 -0.958147 0.0831937 0.273923 0.168079 -0.611088 0.773512 4.25324 2.40109 -2.68158</i>
                        <i>0.232431 0.785166 0.574013 -0.958103 0.0832718 0.274053 0.167378 -0.613661 0.771624 4.25328 2.40251 -2.68143</i>
                        <i>0.233141 0.783008 0.576666 -0.958063 0.0833426 0.274172 0.166618 -0.616403 0.769601 4.25334 2.40409 -2.68122</i>
                        <i>0.233867 0.780723 0.579463 -0.958027 0.0834066 0.274278 0.165804 -0.619286 0.76746 4.25342 2.4058 -2.68095</i>
                        <i>0.234606 0.778329 0.582378 -0.957994 0.0834643 0.274373 0.164944 -0.622284 0.765216 4.25352 2.40764 -2.68062</i>
                        <i>0.235351 0.775844 0.585385 -0.957966 0.0835164 0.274456 0.164046 -0.625372 0.762888 4.25363 2.40957 -2.68024</i>
                        <i>0.236097 0.773288 0.588459 -0.957941 0.0835633 0.274529 0.163116 -0.628524 0.760494 4.25376 2.41158 -2.67982</i>
                        <i>0.23684 0.77068 0.591574 -0.95792 0.0836055 0.274591 0.162163 -0.631714 0.758051 4.2539 2.41364 -2.67935</i>
                        <i>0.237574 0.768039 0.594705 -0.957902 0.0836434 0.274642 0.161193 -0.634917 0.755578 4.25404 2.41574 -2.67885</i>
                        <i>0.238294 0.765388 0.597827 -0.957887 0.0836775 0.274684 0.160215 -0.638106 0.753095 4.2542 2.41786 -2.67832</i>
                        <i>0.238997 0.762745 0.600916 -0.957875 0.0837081 0.274715 0.159236 -0.641258 0.750621 4.25437 2.41997 -2.67777</i>
                        <i>0.239676 0.760134 0.603947 -0.957866 0.0837354 0.274738 0.158266 -0.644348 0.748176 4.25454 2.42205 -2.67719</i>
                        <i>0.240327 0.757575 0.606896 -0.95786 0.0837598 0.27475 0.157311 -0.647352 0.745781 4.25472 2.42409 -2.6766</i>
                        <i>0.240945 0.755091 0.60974 -0.957857 0.0837813 0.274754 0.15638 -0.650244 0.743457 4.25489 2.42607 -2.67601</i>
                        <i>0.241527 0.752705 0.612455 -0.957857 0.0838001 0.274749 0.155481 -0.653003 0.741224 4.25507 2.42796 -2.67541</i>
                        <i>0.242067 0.750438 0.615018 -0.95786 0.0838162 0.274735 0.154623 -0.655605 0.739103 4.25525 2.42975 -2.67481</i>
                        <i>0.24256 0.748314 0.617406 -0.957865 0.0838297 0.274713 0.153814 -0.658026 0.737118 4.25543 2.43141 -2.67422</i>
                        <i>0.243004 0.746356 0.619598 -0.957873 0.0838404 0.274682 0.153063 -0.660245 0.735288 4.2556 2.43293 -2.67366</i>
                        <i>0.243393 0.744586 0.621572 -0.957884 0.0838483 0.274643 0.152377 -0.662239 0.733635 4.25576 2.43429 -2.67311</i>
                        <i>0.243723 0.743028 0.623305 -0.957897 0.0838533 0.274595 0.151766 -0.663987 0.732181 4.25591 2.43547 -2.67259</i>
                        <i>0.243991 0.741704 0.624775 -0.957912 0.083855 0.27454 0.151237 -0.665465 0.730947 4.25606 2.43644 -2.6721</i>
                        <i>0.24419 0.740637 0.625962 -0.957931 0.0838535 0.274477 0.150799 -0.666653 0.729955 4.25619 2.4372 -2.67166</i>
                        <i>0.244318 0.739848 0.626844 -0.957951 0.0838485 0.274406 0.150459 -0.667528 0.729224 4.25631 2.43772 -2.67127</i>
                        <i>0.244371 0.739361 0.627398 -0.957974 0.0838397 0.274328 0.150226 -0.668069 0.728777 4.25641 2.43797 -2.67093</i>
                    </KeyFrames>
                </p>
            </i>
            <i>
                <p>
                    <Name><![CDATA[spine2]]></Name>
                    <Exclude>0</Exclude>
                    <Additive>0</Additive>
                    <IKPriority>0</IKPriority>
                    <IKRotLimits>-1e+010 -1e+010 -1e+010 1e+010 1e+010 1e+010</IKRotLimits>
                    <IKRotLimitOrder>0</IKRotLimitOrder>
                    <KeyFrames count="60">
                        <i>0.263073 0.566448 0.78098 -0.955942 0.0437516 0.290276 0.130257 -0.822935 0.553001 4.29655 2.55909 -2.56785</i>
                        <i>0.262951 0.567056 0.780579 -0.955951 0.0437448 0.29025 0.130442 -0.822517 0.55358 4.29665 2.55951 -2.5675</i>
                        <i>0.262701 0.568436 0.779659 -0.955965 0.0437623 0.2902 0.130841 -0.821562 0.554902 4.29674 2.55981 -2.5672</i>
                        <i>0.262336 0.570507 0.778269 -0.955984 0.043802 0.290131 0.131432 -0.820124 0.556886 4.29681 2.55997 -2.56697</i>
                        <i>0.261867 0.573184 0.776457 -0.956008 0.0438616 0.290043 0.132191 -0.818252 0.559454 4.29687 2.56001 -2.56681</i>
                        <i>0.261307 0.576386 0.774273 -0.956035 0.0439391 0.289941 0.133097 -0.815996 0.562527 4.2969 2.55991 -2.56672</i>
                        <i>0.260669 0.58003 0.771762 -0.956066 0.0440322 0.289826 0.134125 -0.813404 0.566025 4.29691 2.55967 -2.56672</i>
                        <i>0.259964 0.584035 0.768974 -0.956099 0.044139 0.289701 0.135254 -0.810527 0.56987 4.2969 2.55928 -2.56681</i>
                        <i>0.259205 0.588322 0.765957 -0.956133 0.0442573 0.289569 0.13646 -0.807415 0.573986 4.29685 2.55876 -2.567</i>
                        <i>0.258405 0.59281 0.76276 -0.956169 0.0443853 0.289432 0.137723 -0.804119 0.578295 4.29678 2.55808 -2.5673</i>
                        <i>0.257577 0.597422 0.759435 -0.956205 0.044521 0.289293 0.139019 -0.80069 0.582726 4.29667 2.55725 -2.56771</i>
                        <i>0.256735 0.602083 0.756031 -0.95624 0.0446626 0.289154 0.140328 -0.797183 0.587202 4.29653 2.55625 -2.56824</i>
                        <i>0.255892 0.606718 0.752604 -0.956274 0.0448085 0.289019 0.14163 -0.793654 0.591654 4.29635 2.5551 -2.56889</i>
                        <i>0.255063 0.611252 0.749208 -0.956306 0.0449569 0.28889 0.142902 -0.790158 0.596011 4.29614 2.55377 -2.56968</i>
                        <i>0.254264 0.615615 0.745901 -0.956336 0.0451063 0.288769 0.144126 -0.786755 0.600203 4.29589 2.55227 -2.57059</i>
                        <i>0.253509 0.619734 0.74274 -0.956361 0.0452551 0.288661 0.14528 -0.783506 0.604162 4.2956 2.55059 -2.57164</i>
                        <i>0.252834 0.623445 0.739859 -0.956381 0.0453953 0.288573 0.146324 -0.780548 0.607729 4.29526 2.54877 -2.57284</i>
                        <i>0.252259 0.626645 0.737347 -0.956394 0.0455204 0.288512 0.14723 -0.777974 0.610802 4.29489 2.54686 -2.57416</i>
                        <i>0.251782 0.629351 0.735203 -0.9564 0.0456311 0.288474 0.148003 -0.77578 0.6134 4.29449 2.54489 -2.57558</i>
                        <i>0.251403 0.631578 0.733421 -0.9564 0.0457278 0.288458 0.148646 -0.773963 0.615537 4.29407 2.54288 -2.57707</i>
                        <i>0.251142 0.633215 0.732097 -0.956394 0.0458063 0.288467 0.149127 -0.772619 0.617107 4.29365 2.54084 -2.57859</i>
                        <i>0.251028 0.634129 0.731345 -0.95638 0.0458611 0.288505 0.149409 -0.771866 0.61798 4.29322 2.53881 -2.5801</i>
                        <i>0.251065 0.634296 0.731187 -0.956358 0.0458911 0.288571 0.149485 -0.771727 0.618136 4.2928 2.53679 -2.58157</i>
                        <i>0.251256 0.633695 0.731643 -0.956329 0.0458951 0.288666 0.149347 -0.77222 0.617553 4.2924 2.53483 -2.58297</i>
                        <i>0.251604 0.632301 0.732728 -0.956294 0.0458718 0.288787 0.148989 -0.773364 0.616207 4.29203 2.53294 -2.58427</i>
                        <i>0.25211 0.630089 0.734458 -0.956252 0.0458199 0.288935 0.148402 -0.77517 0.614075 4.29169 2.53114 -2.58545</i>
                        <i>0.252736 0.627242 0.736676 -0.956205 0.0457454 0.289101 0.147637 -0.77748 0.611333 4.29139 2.5295 -2.58651</i>
                        <i>0.253429 0.624008 0.73918 -0.956156 0.0456567 0.289277 0.146762 -0.780083 0.60822 4.29111 2.52805 -2.58748</i>
                        <i>0.254173 0.620459 0.741907 -0.956106 0.0455559 0.289458 0.145799 -0.782915 0.604804 4.29086 2.52682 -2.58835</i>
                        <i>0.254952 0.616669 0.744795 -0.956056 0.0454454 0.289642 0.144766 -0.78591 0.601156 4.29064 2.52587 -2.5891</i>
                        <i>0.255749 0.612713 0.74778 -0.956006 0.0453276 0.289824 0.143684 -0.789005 0.59735 4.29045 2.52519 -2.58973</i>
                        <i>0.256546 0.60867 0.750803 -0.955958 0.0452048 0.29 0.142574 -0.792135 0.59346 4.29031 2.52478 -2.59023</i>
                        <i>0.257329 0.604618 0.753803 -0.955914 0.0450798 0.290167 0.141459 -0.795239 0.589563 4.2902 2.52464 -2.59057</i>
                        <i>0.258082 0.60064 0.75672 -0.955873 0.0449552 0.290321 0.14036 -0.798255 0.585737 4.29014 2.52475 -2.59076</i>
                        <i>0.25879 0.596817 0.759498 -0.955836 0.0448337 0.29046 0.1393 -0.801124 0.582062 4.29013 2.52513 -2.59078</i>
                        <i>0.259438 0.593234 0.76208 -0.955806 0.0447183 0.290578 0.138302 -0.803787 0.578618 4.29017 2.52575 -2.59062</i>
                        <i>0.260011 0.589974 0.764411 -0.955782 0.0446118 0.290674 0.137388 -0.806189 0.575486 4.29027 2.5266 -2.59026</i>
                        <i>0.260524 0.586977 0.766541 -0.955763 0.0445124 0.29075 0.136543 -0.808379 0.572607 4.29041 2.52767 -2.58974</i>
                        <i>0.261001 0.58413 0.768551 -0.955748 0.0444167 0.290815 0.135737 -0.810444 0.569873 4.29059 2.52891 -2.5891</i>
                        <i>0.261441 0.581438 0.770441 -0.955736 0.0443249 0.290867 0.134972 -0.812382 0.56729 4.29079 2.5303 -2.58836</i>
                        <i>0.261844 0.578906 0.772208 -0.955727 0.0442375 0.290909 0.134249 -0.814193 0.56486 4.29103 2.53181 -2.58751</i>
                        <i>0.262212 0.576539 0.773853 -0.955722 0.0441548 0.29094 0.133569 -0.815876 0.562588 4.29129 2.53343 -2.58659</i>
                        <i>0.262545 0.574339 0.775374 -0.955719 0.044077 0.290962 0.132934 -0.81743 0.560479 4.29157 2.53515 -2.58558</i>
                        <i>0.262843 0.572311 0.776771 -0.955719 0.0440045 0.290973 0.132346 -0.818855 0.558535 4.29187 2.53692 -2.58451</i>
                        <i>0.263107 0.570459 0.778044 -0.955721 0.0439375 0.290976 0.131805 -0.82015 0.55676 4.29218 2.53875 -2.58339</i>
                        <i>0.263336 0.568786 0.77919 -0.955725 0.0438762 0.29097 0.131312 -0.821315 0.555157 4.29251 2.5406 -2.58223</i>
                        <i>0.263532 0.567296 0.780209 -0.955732 0.043821 0.290957 0.130869 -0.822347 0.553731 4.29284 2.54246 -2.58103</i>
                        <i>0.263695 0.565993 0.7811 -0.955741 0.0437721 0.290935 0.130477 -0.823247 0.552485 4.29318 2.54432 -2.57981</i>
                        <i>0.263825 0.56488 0.781861 -0.955751 0.0437296 0.290907 0.130137 -0.824013 0.551422 4.29353 2.54614 -2.57859</i>
                        <i>0.263922 0.563962 0.782491 -0.955763 0.0436938 0.290873 0.129851 -0.824644 0.550546 4.29387 2.54791 -2.57737</i>
                        <i>0.263986 0.563243 0.782987 -0.955777 0.043665 0.290832 0.12962 -0.825137 0.549862 4.29421 2.54962 -2.57616</i>
                        <i>0.264018 0.562727 0.783348 -0.955792 0.0436432 0.290786 0.129445 -0.82549 0.549372 4.29454 2.55125 -2.57497</i>
                        <i>0.264017 0.562417 0.78357 -0.955808 0.0436289 0.290735 0.129328 -0.825702 0.549082 4.29486 2.55277 -2.57383</i>
                        <i>0.263983 0.56232 0.783651 -0.955825 0.0436221 0.29068 0.129271 -0.825768 0.548995 4.29517 2.55418 -2.57273</i>
                        <i>0.263916 0.562439 0.783588 -0.955844 0.043623 0.29062 0.129274 -0.825687 0.549116 4.29546 2.55544 -2.57169</i>
                        <i>0.263815 0.562779 0.783378 -0.955862 0.043632 0.290557 0.129339 -0.825455 0.54945 4.29574 2.55655 -2.57073</i>
                        <i>0.263682 0.563345 0.783016 -0.955882 0.0436491 0.290491 0.129469 -0.825068 0.550001 4.29598 2.55749 -2.56985</i>
                        <i>0.263514 0.564142 0.782499 -0.955902 0.0436746 0.290422 0.129664 -0.824522 0.550773 4.2962 2.55824 -2.56907</i>
                        <i>0.263311 0.565175 0.781822 -0.955922 0.0437087 0.29035 0.129926 -0.823813 0.551772 4.29639 2.55878 -2.5684</i>
                        <i>0.263073 0.566448 0.78098 -0.955942 0.0437516 0.290276 0.130257 -0.822935 0.553001 4.29655 2.55909 -2.56785</i>
                    </KeyFrames>
                </p>
            </i>
            <i>
                <p>
                    <Name><![CDATA[head]]></Name>
                    <Exclude>0</Exclude>
                    <Additive>0</Additive>
                    <IKPriority>0</IKPriority>
                    <IKRotLimits>-1e+010 -1e+010 -1e+010 1e+010 1e+010 1e+010</IKRotLimits>
                    <IKRotLimitOrder>0</IKRotLimitOrder>
                    <KeyFrames count="60">
                        <i>0.20124 0.410856 0.889213 -0.0511735 0.910955 -0.40932 -0.978204 0.0368673 0.204345 4.35862 2.71925 -2.37322</i>
                        <i>0.201192 0.411317 0.889011 -0.0513019 0.910748 -0.409764 -0.978208 0.0368332 0.204336 4.35876 2.71994 -2.37278</i>
                        <i>0.201048 0.412699 0.888403 -0.0516864 0.910127 -0.411094 -0.978217 0.0367312 0.20431 4.35885 2.72072 -2.37252</i>
                        <i>0.200816 0.414906 0.887427 -0.0523004 0.909129 -0.413217 -0.978232 0.0365679 0.204268 4.3589 2.72157 -2.37244</i>
                        <i>0.200505 0.417841 0.886119 -0.0531174 0.907793 -0.416042 -0.978252 0.0363503 0.204212 4.3589 2.72246 -2.37255</i>
                        <i>0.200123 0.421409 0.884514 -0.0541108 0.906153 -0.419475 -0.978275 0.036085 0.204145 4.35886 2.72335 -2.37283</i>
                        <i>0.199678 0.425513 0.882648 -0.0552538 0.904245 -0.423424 -0.978302 0.035779 0.204069 4.35877 2.72423 -2.3733</i>
                        <i>0.199178 0.430057 0.880556 -0.0565197 0.902106 -0.427797 -0.978332 0.0354391 0.203987 4.35863 2.72505 -2.37395</i>
                        <i>0.198632 0.434944 0.878276 -0.0578821 0.899774 -0.4325 -0.978363 0.0350719 0.2039 4.35844 2.72579 -2.37478</i>
                        <i>0.198049 0.440081 0.875846 -0.0593145 0.897288 -0.437443 -0.978396 0.0346845 0.20381 4.3582 2.72641 -2.37579</i>
                        <i>0.197437 0.445372 0.873305 -0.0607908 0.894689 -0.442534 -0.978429 0.0342837 0.203719 4.35791 2.72689 -2.37698</i>
                        <i>0.196808 0.450725 0.870697 -0.0622849 0.89202 -0.447684 -0.978462 0.0338766 0.20363 4.35757 2.72721 -2.37834</i>
                        <i>0.196172 0.456047 0.868066 -0.063771 0.889326 -0.452805 -0.978494 0.0334699 0.203543 4.35718 2.72731 -2.37987</i>
                        <i>0.195539 0.461246 0.865457 -0.0652238 0.886656 -0.457807 -0.978525 0.0330709 0.20346 4.35674 2.72719 -2.38157</i>
                        <i>0.194923 0.466234 0.86292 -0.066618 0.884057 -0.462606 -0.978554 0.0326865 0.203383 4.35626 2.72679 -2.38341</i>
                        <i>0.194335 0.47092 0.860505 -0.0679286 0.881583 -0.467115 -0.97858 0.0323239 0.203311 4.35573 2.72611 -2.38541</i>
                        <i>0.193817 0.474995 0.858379 -0.0690687 0.879406 -0.471035 -0.978603 0.0320074 0.203251 4.35516 2.72512 -2.3875</i>
                        <i>0.193398 0.478248 0.856665 -0.0699792 0.87765 -0.474165 -0.978621 0.031754 0.203204 4.35458 2.72385 -2.38963</i>
                        <i>0.193075 0.480741 0.855342 -0.070677 0.876295 -0.476563 -0.978635 0.0315593 0.203168 4.35398 2.72234 -2.39177</i>
                        <i>0.192841 0.482533 0.854386 -0.0711787 0.875314 -0.478287 -0.978645 0.0314191 0.203142 4.35339 2.72063 -2.39389</i>
                        <i>0.192714 0.483497 0.853869 -0.0714487 0.874785 -0.479215 -0.97865 0.0313436 0.203129 4.35282 2.71871 -2.39591</i>
                        <i>0.192718 0.48347 0.853883 -0.0714411 0.8748 -0.479189 -0.97865 0.0313457 0.203129 4.35229 2.71656 -2.39778</i>
                        <i>0.192851 0.482455 0.854427 -0.0711569 0.875357 -0.478212 -0.978645 0.0314252 0.203143 4.35181 2.71422 -2.39944</i>
                        <i>0.193112 0.480453 0.855496 -0.0705964 0.876452 -0.476286 -0.978634 0.0315818 0.203172 4.35139 2.71172 -2.40086</i>
                        <i>0.1935 0.477464 0.85708 -0.0697596 0.878075 -0.47341 -0.978617 0.0318152 0.203215 4.35105 2.70907 -2.40201</i>
                        <i>0.19401 0.473485 0.85917 -0.0686461 0.880216 -0.469582 -0.978595 0.0321249 0.203273 4.35078 2.70631 -2.40286</i>
                        <i>0.194607 0.46876 0.861622 -0.0673244 0.882728 -0.465037 -0.978568 0.0324912 0.203344 4.35057 2.70354 -2.40346</i>
                        <i>0.195248 0.463611 0.864259 -0.0658846 0.885428 -0.460082 -0.978538 0.0328889 0.203423 4.35041 2.70087 -2.40388</i>
                        <i>0.195917 0.458147 0.867016 -0.0643579 0.888252 -0.454826 -0.978506 0.0333089 0.203509 4.3503 2.69837 -2.40415</i>
