<?xml version="1.0" encoding="ISO-8859-1" ?>
<Animl Version="1">
    <ModellingPackage><![CDATA[Maya.2010]]></ModellingPackage>
    <SrcFile><![CDATA[anims\turrets\antiair\red\~src\aa_s125_launcher\aa_s125_launcher_aim_high_crewman_c.mb]]></SrcFile>
    <FramesPerSecond>30</FramesPerSecond>
    <TotalFrames>30</TotalFrames>
    <Skeleton>
        <RefFrame>
            <Name><![CDATA[soldier_ref_frame]]></Name>
            <Exclude>0</Exclude>
            <Additive>0</Additive>
            <IKPriority>0</IKPriority>
            <IKRotLimits>-1e+010 -1e+010 -1e+010 1e+010 1e+010 1e+010</IKRotLimits>
            <IKRotLimitOrder>0</IKRotLimitOrder>
            <KeyFrames count="30">
                <i>1 0 0 0 1 0 0 0 1 0.914213 1.19421 -5.19492</i>
                <i>1 0 0 0 1 0 0 0 1 0.914213 1.19421 -5.19492</i>
                <i>1 0 0 0 1 0 0 0 1 0.914213 1.19421 -5.19492</i>
                <i>1 0 0 0 1 0 0 0 1 0.914213 1.19421 -5.19492</i>
                <i>1 0 0 0 1 0 0 0 1 0.914213 1.19421 -5.19492</i>
                <i>1 0 0 0 1 0 0 0 1 0.914213 1.19421 -5.19492</i>
                <i>1 0 0 0 1 0 0 0 1 0.914213 1.19421 -5.19492</i>
                <i>1 0 0 0 1 0 0 0 1 0.914213 1.19421 -5.19492</i>
                <i>1 0 0 0 1 0 0 0 1 0.914213 1.19421 -5.19492</i>
                <i>1 0 0 0 1 0 0 0 1 0.914213 1.19421 -5.19492</i>
                <i>1 0 0 0 1 0 0 0 1 0.914213 1.19421 -5.19492</i>
                <i>1 0 0 0 1 0 0 0 1 0.914213 1.19421 -5.19492</i>
                <i>1 0 0 0 1 0 0 0 1 0.914213 1.19421 -5.19492</i>
                <i>1 0 0 0 1 0 0 0 1 0.914213 1.19421 -5.19492</i>
                <i>1 0 0 0 1 0 0 0 1 0.914213 1.19421 -5.19492</i>
                <i>1 0 0 0 1 0 0 0 1 0.914213 1.19421 -5.19492</i>
                <i>1 0 0 0 1 0 0 0 1 0.914213 1.19421 -5.19492</i>
                <i>1 0 0 0 1 0 0 0 1 0.914213 1.19421 -5.19492</i>
                <i>1 0 0 0 1 0 0 0 1 0.914213 1.19421 -5.19492</i>
                <i>1 0 0 0 1 0 0 0 1 0.914213 1.19421 -5.19492</i>
                <i>1 0 0 0 1 0 0 0 1 0.914213 1.19421 -5.19492</i>
                <i>1 0 0 0 1 0 0 0 1 0.914213 1.19421 -5.19492</i>
                <i>1 0 0 0 1 0 0 0 1 0.914213 1.19421 -5.19492</i>
                <i>1 0 0 0 1 0 0 0 1 0.914213 1.19421 -5.19492</i>
                <i>1 0 0 0 1 0 0 0 1 0.914213 1.19421 -5.19492</i>
                <i>1 0 0 0 1 0 0 0 1 0.914213 1.19421 -5.19492</i>
                <i>1 0 0 0 1 0 0 0 1 0.914213 1.19421 -5.19492</i>
                <i>1 0 0 0 1 0 0 0 1 0.914213 1.19421 -5.19492</i>
                <i>1 0 0 0 1 0 0 0 1 0.914213 1.19421 -5.19492</i>
                <i>1 0 0 0 1 0 0 0 1 0.914213 1.19421 -5.19492</i>
            </KeyFrames>
        </RefFrame>
        <Bones count="23">
            <i>
                <p>
                    <Name><![CDATA[pelvis]]></Name>
                    <Exclude>0</Exclude>
                    <Additive>0</Additive>
                    <IKPriority>0</IKPriority>
                    <IKRotLimits>-1e+010 -1e+010 -1e+010 1e+010 1e+010 1e+010</IKRotLimits>
                    <IKRotLimitOrder>2</IKRotLimitOrder>
                    <KeyFrames count="30">
                        <i>1 0 0 0 1 0 0 0 1 0.985072 2.08474 -5.18044</i>
                        <i>1 0 0 0 1 0 0 0 1 0.985072 2.08835 -5.18044</i>
                        <i>1 0 0 0 1 0 0 0 1 0.985072 2.09233 -5.18044</i>
                        <i>1 0 0 0 1 0 0 0 1 0.985072 2.0966 -5.18044</i>
                        <i>1 0 0 0 1 0 0 0 1 0.985072 2.10103 -5.18044</i>
                        <i>1 0 0 0 1 0 0 0 1 0.985072 2.10553 -5.18044</i>
                        <i>1 0 0 0 1 0 0 0 1 0.985072 2.11 -5.18044</i>
                        <i>1 0 0 0 1 0 0 0 1 0.985072 2.11433 -5.18044</i>
                        <i>1 0 0 0 1 0 0 0 1 0.985072 2.11842 -5.18044</i>
                        <i>1 0 0 0 1 0 0 0 1 0.985072 2.12216 -5.18044</i>
                        <i>1 0 0 0 1 0 0 0 1 0.985072 2.12546 -5.18044</i>
                        <i>1 0 0 0 1 0 0 0 1 0.985072 2.1282 -5.18044</i>
                        <i>1 0 0 0 1 0 0 0 1 0.985072 2.13029 -5.18044</i>
                        <i>1 0 0 0 1 0 0 0 1 0.985072 2.13162 -5.18044</i>
                        <i>1 0 0 0 1 0 0 0 1 0.985072 2.13209 -5.18044</i>
                        <i>1 0 0 0 1 0 0 0 1 0.985072 2.13168 -5.18044</i>
                        <i>1 0 0 0 1 0 0 0 1 0.985072 2.13051 -5.18044</i>
                        <i>1 0 0 0 1 0 0 0 1 0.985072 2.12868 -5.18044</i>
                        <i>1 0 0 0 1 0 0 0 1 0.985072 2.12625 -5.18044</i>
                        <i>1 0 0 0 1 0 0 0 1 0.985072 2.12332 -5.18044</i>
                        <i>1 0 0 0 1 0 0 0 1 0.985072 2.11997 -5.18044</i>
                        <i>1 0 0 0 1 0 0 0 1 0.985072 2.11628 -5.18044</i>
                        <i>1 0 0 0 1 0 0 0 1 0.985072 2.11233 -5.18044</i>
                        <i>1 0 0 0 1 0 0 0 1 0.985072 2.10822 -5.18044</i>
                        <i>1 0 0 0 1 0 0 0 1 0.985072 2.10403 -5.18044</i>
                        <i>1 0 0 0 1 0 0 0 1 0.985072 2.09984 -5.18044</i>
                        <i>1 0 0 0 1 0 0 0 1 0.985072 2.09573 -5.18044</i>
                        <i>1 0 0 0 1 0 0 0 1 0.985072 2.09178 -5.18044</i>
                        <i>1 0 0 0 1 0 0 0 1 0.985072 2.0881 -5.18044</i>
                        <i>1 0 0 0 1 0 0 0 1 0.985072 2.08474 -5.18044</i>
                    </KeyFrames>
                </p>
            </i>
            <i>
                <p>
                    <Name><![CDATA[spine0]]></Name>
                    <Exclude>0</Exclude>
                    <Additive>0</Additive>
                    <IKPriority>0</IKPriority>
                    <IKRotLimits>-1e+010 -1e+010 -1e+010 1e+010 1e+010 1e+010</IKRotLimits>
                    <IKRotLimitOrder>0</IKRotLimitOrder>
                    <KeyFrames count="30">
                        <i>-0.0243728 0.998472 0.0495926 -0.999675 -0.0239687 -0.00872745 -0.00752544 -0.0497891 0.998731 0.964375 2.21176 -5.24475</i>
                        <i>-0.0235678 0.997364 0.0686321 -0.999704 -0.0230941 -0.00768719 -0.00608192 -0.0687929 0.997612 0.964299 2.2159 -5.24366</i>
                        <i>-0.0229649 0.996145 0.0846639 -0.999725 -0.0224773 -0.00670793 -0.00477906 -0.0847947 0.996387 0.964231 2.22036 -5.24266</i>
                        <i>-0.0225468 0.995004 0.0972538 -0.999739 -0.0220844 -0.00582854 -0.00365163 -0.0973599 0.995243 0.964172 2.22503 -5.24178</i>
                        <i>-0.0223069 0.994122 0.105946 -0.999747 -0.0218912 -0.00508513 -0.00273595 -0.106033 0.994359 0.964125 2.22981 -5.24106</i>
                        <i>-0.0222466 0.993654 0.110259 -0.99975 -0.0218826 -0.00451121 -0.00206984 -0.110331 0.993893 0.964089 2.23456 -5.2405</i>
                        <i>-0.0223729 0.993713 0.109697 -0.999748 -0.022052 -0.0041379 -0.00169284 -0.109762 0.993956 0.964067 2.23918 -5.24016</i>
                        <i>-0.0226554 0.994226 0.104889 -0.999742 -0.0223593 -0.0039976 -0.00162927 -0.104953 0.994476 0.96406 2.24356 -5.24005</i>
                        <i>-0.0229927 0.99491 0.0981047 -0.999734 -0.0226972 -0.00412698 -0.00187927 -0.0981735 0.995168 0.96407 2.24758 -5.24021</i>
                        <i>-0.0233266 0.995632 0.0904081 -0.999725 -0.023008 -0.00456407 -0.00246403 -0.0904896 0.995894 0.964099 2.25112 -5.24066</i>
                        <i>-0.0236576 0.996356 0.0819464 -0.999715 -0.0233052 -0.00525411 -0.00332519 -0.0820473 0.996623 0.964144 2.2541 -5.24135</i>
                        <i>-0.023986 0.997054 0.072858 -0.999703 -0.0236005 -0.00614778 -0.00441018 -0.0729837 0.997323 0.964203 2.25643 -5.24224</i>
                        <i>-0.0243126 0.9977 0.0632794 -0.999688 -0.0239046 -0.0071961 -0.00566688 -0.0634347 0.99797 0.964273 2.25802 -5.24328</i>
                        <i>-0.0246383 0.998272 0.0533463 -0.999672 -0.0242266 -0.00835027 -0.00704344 -0.0535345 0.998541 0.964352 2.2588 -5.24442</i>
                        <i>-0.0249645 0.998755 0.0431936 -0.999652 -0.0245734 -0.00956159 -0.00848827 -0.0434173 0.999021 0.964437 2.25867 -5.24562</i>
                        <i>-0.0252928 0.999137 0.0329561 -0.999631 -0.0249497 -0.0107815 -0.00994995 -0.0332166 0.999399 0.964525 2.25765 -5.24682</i>
                        <i>-0.0256254 0.999412 0.0227683 -0.999607 -0.0253578 -0.0119617 -0.0113773 -0.0230658 0.999669 0.964612 2.25587 -5.24799</i>
                        <i>-0.0259299 0.999575 0.013324 -0.999583 -0.025756 -0.0130608 -0.0127121 -0.0136571 0.999826 0.964696 2.25345 -5.24908</i>
                        <i>-0.0261744 0.999643 0.00529871 -0.999561 -0.0260979 -0.0140399 -0.0138966 -0.00566387 0.999887 0.964771 2.2505 -5.25005</i>
                        <i>-0.0263548 0.999652 -0.00108765 -0.999542 -0.0263681 -0.0148557 -0.0148793 0.00069563 0.999889 0.964835 2.24713 -5.25086</i>
                        <i>-0.0264715 0.999633 -0.00569769 -0.999528 -0.0265568 -0.0154642 -0.0156099 0.00528564 0.999864 0.964883 2.24344 -5.25145</i>
                        <i>-0.0265254 0.999613 -0.00839662 -0.999519 -0.0266558 -0.0158206 -0.0160383 0.00797294 0.99984 0.964912 2.23955 -5.2518</i>
                        <i>-0.0265198 0.999608 -0.00902062 -0.999519 -0.0266606 -0.0158592 -0.0160934 0.00859569 0.999834 0.964915 2.23559 -5.25184</i>
                        <i>-0.0264521 0.999622 -0.00747249 -0.999526 -0.026566 -0.0155683 -0.0157609 0.00705713 0.999851 0.964891 2.23164 -5.25155</i>
                        <i>-0.0263146 0.999647 -0.00371287 -0.99954 -0.0263674 -0.0149824 -0.015075 0.00331691 0.999881 0.964845 2.22777 -5.25097</i>
                        <i>-0.0261 0.999657 0.00229908 -0.99956 -0.026065 -0.0141341 -0.0140694 -0.00266697 0.999897 0.964778 2.22404 -5.25014</i>
                        <i>-0.0258022 0.999611 0.0106033 -0.999585 -0.025663 -0.013055 -0.0127778 -0.0109358 0.999859 0.964694 2.22051 -5.24906</i>
                        <i>-0.0254163 0.999451 0.0212362 -0.999614 -0.0251703 -0.0117748 -0.0112338 -0.0215272 0.999705 0.964597 2.21725 -5.24779</i>
                        <i>-0.0249399 0.999103 0.0342267 -0.999644 -0.0245997 -0.0103228 -0.00947155 -0.0344719 0.999361 0.964489 2.21431 -5.24634</i>
                        <i>-0.0243728 0.998472 0.0495926 -0.999675 -0.0239687 -0.00872745 -0.00752544 -0.0497891 0.998731 0.964375 2.21176 -5.24475</i>
                    </KeyFrames>
                </p>
            </i>
            <i>
                <p>
                    <Name><![CDATA[spine1]]></Name>
                    <Exclude>0</Exclude>
                    <Additive>0</Additive>
                    <IKPriority>0</IKPriority>
                    <IKRotLimits>-1e+010 -1e+010 -1e+010 1e+010 1e+010 1e+010</IKRotLimits>
                    <IKRotLimitOrder>0</IKRotLimitOrder>
                    <KeyFrames count="30">
                        <i>0.114363 0.964585 0.23769 -0.993243 0.115772 0.00806696 -0.0197367 -0.237007 0.971307 0.95999 2.39143 -5.23588</i>
                        <i>0.115091 0.961954 0.247788 -0.993102 0.117055 0.00684319 -0.022422 -0.246866 0.96879 0.960064 2.39512 -5.23138</i>
                        <i>0.115633 0.958481 0.260658 -0.992994 0.117978 0.00668741 -0.0243422 -0.259605 0.965408 0.960107 2.39927 -5.2275</i>
                        <i>0.116027 0.95462 0.274297 -0.992919 0.118562 0.0073789 -0.0254771 -0.273211 0.961617 0.960123 2.40373 -5.22437</i>
                        <i>0.116296 0.950924 0.286739 -0.992879 0.118814 0.00866409 -0.0258299 -0.285705 0.957969 0.960118 2.40838 -5.22207</i>
                        <i>0.116454 0.948046 0.296052 -0.992871 0.118753 0.0102687 -0.025422 -0.295137 0.955117 0.960092 2.41309 -5.22074</i>
                        <i>0.116512 0.946699 0.30031 -0.992892 0.11842 0.0119088 -0.0242887 -0.299563 0.953767 0.960047 2.41776 -5.2205</i>
                        <i>0.116457 0.946844 0.299874 -0.992937 0.117881 0.0134019 -0.0226601 -0.299317 0.953885 0.959988 2.42226 -5.22125</i>
                        <i>0.116267 0.94758 0.297614 -0.992994 0.117267 0.0145601 -0.0211033 -0.297222 0.954575 0.959935 2.4265 -5.22261</i>
                        <i>0.115943 0.948526 0.294714 -0.993056 0.116657 0.0152215 -0.0199424 -0.294432 0.955464 0.9599 2.43034 -5.22443</i>
                        <i>0.115508 0.949652 0.291236 -0.993123 0.116051 0.0154692 -0.0191079 -0.29102 0.956526 0.95988 2.43368 -5.22663</i>
                        <i>0.114982 0.950926 0.287261 -0.993195 0.115447 0.0153802 -0.018538 -0.287075 0.957729 0.959874 2.4364 -5.22914</i>
                        <i>0.114386 0.952313 0.282869 -0.99327 0.114841 0.0150302 -0.0181716 -0.282685 0.959041 0.959877 2.43841 -5.23189</i>
                        <i>0.11374 0.953783 0.278139 -0.993348 0.114231 0.0144936 -0.0179484 -0.277938 0.960431 0.95989 2.43961 -5.23482</i>
                        <i>0.113062 0.955304 0.27315 -0.993428 0.113616 0.0138438 -0.0178093 -0.272921 0.961872 0.959907 2.43989 -5.23784</i>
                        <i>0.112375 0.956848 0.267982 -0.993508 0.112997 0.0131528 -0.0176959 -0.267721 0.963334 0.959928 2.43927 -5.24089</i>
                        <i>0.111697 0.958387 0.262714 -0.993587 0.112376 0.0124913 -0.0175512 -0.262425 0.964793 0.959947 2.43785 -5.24391</i>
                        <i>0.111065 0.959844 0.257613 -0.99366 0.111806 0.0118183 -0.0174589 -0.257292 0.966176 0.959968 2.43574 -5.24672</i>
                        <i>0.110515 0.961149 0.252942 -0.99372 0.11134 0.0110978 -0.0174958 -0.25258 0.967418 0.959993 2.43303 -5.24915</i>
                        <i>0.110072 0.962263 0.248866 -0.993767 0.110988 0.0103914 -0.017622 -0.248458 0.968482 0.960019 2.42983 -5.25112</i>
                        <i>0.109762 0.963215 0.245293 -0.993799 0.110767 0.00974124 -0.0177874 -0.244841 0.9694 0.960044 2.42623 -5.25256</i>
                        <i>0.109611 0.964035 0.24212 -0.993813 0.11069 0.00918751 -0.0179431 -0.241629 0.970203 0.960062 2.42235 -5.2534</i>
                        <i>0.109654 0.964769 0.239159 -0.993807 0.110776 0.00878799 -0.0180147 -0.238641 0.970941 0.960069 2.41828 -5.25355</i>
                        <i>0.109897 0.965411 0.23644 -0.99378 0.111033 0.00854751 -0.0180008 -0.235908 0.971609 0.960064 2.41412 -5.25298</i>
                        <i>0.11032 0.965913 0.234183 -0.993734 0.111455 0.00842521 -0.0179629 -0.233645 0.972156 0.96005 2.40995 -5.25172</i>
                        <i>0.110902 0.966226 0.23261 -0.993669 0.112035 0.00837927 -0.0179641 -0.232066 0.972534 0.960032 2.40584 -5.24978</i>
                        <i>0.111621 0.966304 0.231943 -0.993586 0.112765 0.00836645 -0.0180704 -0.231389 0.972693 0.960014 2.40186 -5.2472</i>
                        <i>0.112454 0.966095 0.232411 -0.993487 0.113636 0.00834185 -0.0183512 -0.231836 0.972582 0.959999 2.39809 -5.244</i>
                        <i>0.113376 0.965543 0.234247 -0.993373 0.11464 0.0082585 -0.0188803 -0.233631 0.972142 0.95999 2.39459 -5.24022</i>
                        <i>0.114363 0.964585 0.23769 -0.993243 0.115772 0.00806696 -0.0197367 -0.237007 0.971307 0.95999 2.39143 -5.23588</i>
                    </KeyFrames>
                </p>
            </i>
            <i>
                <p>
                    <Name><![CDATA[spine2]]></Name>
                    <Exclude>0</Exclude>
                    <Additive>0</Additive>
                    <IKPriority>0</IKPriority>
                    <IKRotLimits>-1e+010 -1e+010 -1e+010 1e+010 1e+010 1e+010</IKRotLimits>
                    <IKRotLimitOrder>0</IKRotLimitOrder>
                    <KeyFrames count="30">
                        <i>0.0737353 0.968285 0.238721 -0.996794 0.0640985 0.047894 0.0310733 -0.241487 0.969906 0.978938 2.55115 -5.19638</i>
                        <i>0.0727925 0.971716 0.224655 -0.996914 0.0642511 0.0451095 0.0293993 -0.227245 0.973394 0.979102 2.55418 -5.19027</i>
                        <i>0.0722183 0.972101 0.22317 -0.996993 0.0640569 0.0436055 0.0280934 -0.225648 0.973804 0.979221 2.55768 -5.18429</i>
                        <i>0.0719456 0.97033 0.230833 -0.997038 0.0636554 0.043173 0.0271983 -0.233255 0.972035 0.979299 2.56149 -5.1789</i>
                        <i>0.071921 0.967071 0.244134 -0.997052 0.0631499 0.0435769 0.0267249 -0.246548 0.968762 0.97934 2.56555 -5.17454</i>
                        <i>0.0721053 0.963028 0.259574 -0.997041 0.0626387 0.0445697 0.0266624 -0.26202 0.964694 0.979345 2.56982 -5.17166</i>
                        <i>0.0724716 0.959079 0.273708 -0.997005 0.0622377 0.0459017 0.0269884 -0.276215 0.960717 0.979313 2.57428 -5.17071</i>
                        <i>0.0729726 0.955591 0.285519 -0.996951 0.0619633 0.0474173 0.0276198 -0.288109 0.957199 0.979251 2.57884 -5.17152</i>
                        <i>0.0734787 0.952489 0.295575 -0.996894 0.061724 0.0489183 0.0283501 -0.298252 0.954066 0.97918 2.58328 -5.17323</i>
                        <i>0.0738982 0.949942 0.303562 -0.996842 0.0614907 0.0502443 0.0290629 -0.306316 0.951486 0.979111 2.58742 -5.17548</i>
                        <i>0.0742438 0.947911 0.309762 -0.996796 0.0612702 0.0514176 0.0297601 -0.312587 0.949423 0.979045 2.59113 -5.17819</i>
                        <i>0.0745266 0.946338 0.314467 -0.996754 0.0610642 0.0524613 0.0304434 -0.317356 0.947818 0.978981 2.5943 -5.18129</i>
                        <i>0.0747584 0.945149 0.317971 -0.996716 0.0608727 0.0533987 0.031114 -0.320919 0.946596 0.978919 2.5968 -5.18468</i>
                        <i>0.0749518 0.944257 0.320563 -0.996681 0.0606947 0.0542535 0.0317728 -0.323565 0.945672 0.978859 2.59852 -5.1883</i>
                        <i>0.0751203 0.943573 0.322533 -0.996647 0.0605288 0.0550489 0.0324201 -0.325587 0.944956 0.9788 2.59934 -5.19207</i>
                        <i>0.0752786 0.942998 0.324173 -0.996614 0.0603736 0.0558082 0.0330555 -0.327277 0.94435 0.97874 2.59925 -5.1959</i>
                        <i>0.0754425 0.942434 0.325772 -0.996581 0.0602278 0.0565545 0.0336783 -0.328925 0.943755 0.978679 2.59837 -5.19972</i>
                        <i>0.0755761 0.942107 0.326685 -0.996552 0.0601137 0.0571864 0.0342374 -0.32988 0.943402 0.978624 2.59675 -5.20332</i>
                        <i>0.0756438 0.942236 0.326295 -0.996531 0.0600526 0.0576094 0.0346868 -0.329521 0.943511 0.978582 2.59445 -5.20648</i>
                        <i>0.0756549 0.942732 0.324857 -0.996519 0.0600405 0.0578391 0.0350223 -0.328102 0.943993 0.978552 2.59158 -5.20909</i>
                        <i>0.0756225 0.94362 0.322277 -0.996513 0.0600954 0.0578744 0.0352441 -0.32553 0.944875 0.978534 2.58823 -5.21111</i>
                        <i>0.0755605 0.944927 0.318441 -0.996514 0.060237 0.0577112 0.035351 -0.321691 0.946184 0.978528 2.58449 -5.21248</i>
                        <i>0.0754899 0.94669 0.313177 -0.99652 0.0604936 0.0573432 0.035341 -0.316416 0.947962 0.978531 2.58045 -5.21315</i>
                        <i>0.0754104 0.948898 0.306441 -0.996531 0.0608654 0.0567605 0.0352082 -0.309658 0.950196 0.978545 2.57622 -5.21309</i>
                        <i>0.0753032 0.951498 0.298298 -0.996548 0.061328 0.0559502 0.0349425 -0.301482 0.952831 0.978571 2.57187 -5.21227</i>
                        <i>0.0751495 0.954432 0.288811 -0.996574 0.0618557 0.0548975 0.0345314 -0.291947 0.955811 0.978611 2.56748 -5.21069</i>
                        <i>0.0749311 0.957642 0.27804 -0.99661 0.0624223 0.0535853 0.0339596 -0.281113 0.959074 0.978666 2.56314 -5.20832</i>
                        <i>0.0746314 0.961065 0.266053 -0.996658 0.0630016 0.0519946 0.0332084 -0.269045 0.962555 0.978739 2.55892 -5.20515</i>
                        <i>0.0742364 0.964635 0.252921 -0.996719 0.0635684 0.0501049 0.0322552 -0.25581 0.966189 0.978829 2.5549 -5.20118</i>
                        <i>0.0737353 0.968285 0.238721 -0.996794 0.0640985 0.047894 0.0310733 -0.241487 0.969906 0.978938 2.55115 -5.19638</i>
                    </KeyFrames>
                </p>
            </i>
            <i>
                <p>
                    <Name><![CDATA[head]]></Name>
                    <Exclude>0</Exclude>
                    <Additive>0</Additive>
                    <IKPriority>0</IKPriority>
                    <IKRotLimits>-1e+010 -1e+010 -1e+010 1e+010 1e+010 1e+010</IKRotLimits>
                    <IKRotLimitOrder>0</IKRotLimitOrder>
                    <KeyFrames count="30">
                        <i>-0.0500752 0.846602 -0.529865 -0.0910292 -0.532191 -0.841716 -0.994588 0.00608414 0.103715 0.987607 2.80982 -5.15995</i>
                        <i>-0.0503263 0.838193 -0.543046 -0.0898263 -0.54533 -0.833394 -0.994685 0.00683822 0.102736 0.987344 2.81308 -5.15949</i>
                        <i>-0.0512473 0.831196 -0.553613 -0.0883976 -0.555941 -0.826508 -0.994766 0.00658177 0.101966 0.987206 2.81645 -5.15514</i>
                        <i>-0.0526772 0.825128 -0.562484 -0.0868508 -0.564917 -0.820564 -0.994828 0.00562719 0.101421 0.987165 2.81995 -5.14834</i>
                        <i>-0.0544599 0.819458 -0.570546 -0.0852778 -0.573124 -0.81502 -0.994868 0.00426905 0.101094 0.987198 2.82355 -5.14055</i>
                        <i>-0.0564455 0.813614 -0.578659 -0.0837701 -0.581399 -0.809295 -0.994885 0.00279331 0.100974 0.987281 2.82726 -5.13322</i>
                        <i>-0.058491 0.806993 -0.587657 -0.0824297 -0.590559 -0.802774 -0.994879 0.00148534 0.101063 0.987394 2.83115 -5.12777</i>
                        <i>-0.0604201 0.800192 -0.596693 -0.0813532 -0.599744 -0.796045 -0.994852 0.000445713 0.101335 0.987527 2.83519 -5.12444</i>
                        <i>-0.0620742 0.794198 -0.60448 -0.0805453 -0.607658 -0.790104 -0.994816 -0.00035706 0.101689 0.987663 2.83916 -5.12246</i>
                        <i>-0.0632812 0.790002 -0.609829 -0.0800874 -0.613103 -0.785933 -0.994777 -0.000895127 0.102067 0.987788 2.84295 -5.12171</i>
                        <i>-0.0640165 0.78812 -0.612183 -0.0800197 -0.61552 -0.784048 -0.994736 -0.0012053 0.102469 0.987903 2.84642 -5.122</i>
                        <i>-0.0644907 0.787189 -0.61333 -0.0801808 -0.61671 -0.783096 -0.994692 -0.00132513 0.102889 0.988009 2.84944 -5.12316</i>
                        <i>-0.0647108 0.787366 -0.613081 -0.0805617 -0.616485 -0.783234 -0.994647 -0.00129285 0.103325 0.988108 2.85188 -5.12502</i>
                        <i>-0.0646816 0.788797 -0.611241 -0.0811506 -0.614652 -0.784613 -0.994601 -0.00114743 0.103768 0.988202 2.8536 -5.12739</i>
                        <i>-0.064406 0.791623 -0.607606 -0.0819329 -0.611009 -0.787372 -0.994555 -0.000928565 0.104213 0.988292 2.85446 -5.13011</i>
                        <i>-0.0638858 0.795965 -0.601962 -0.0828918 -0.605342 -0.791637 -0.994509 -0.000676696 0.104652 0.98838 2.85443 -5.13299</i>
                        <i>-0.0631219 0.801926 -0.59408 -0.0840082 -0.597424 -0.797513 -0.994464 -0.000432966 0.105079 0.988466 2.85359 -5.13585</i>
                        <i>-0.0621804 0.808569 -0.585106 -0.0851873 -0.588401 -0.804069 -0.994423 -0.000153721 0.105467 0.988542 2.85205 -5.13873</i>
                        <i>-0.0611332 0.815029 -0.576185 -0.0863389 -0.579419 -0.810443 -0.994388 0.000202287 0.105791 0.988595 2.84989 -5.14168</i>
                        <i>-0.0599993 0.821371 -0.56723 -0.0874368 -0.570394 -0.816704 -0.994362 0.000595094 0.106041 0.988626 2.84721 -5.14449</i>
                        <i>-0.0588062 0.827442 -0.558463 -0.0884591 -0.56155 -0.822701 -0.994342 0.00102125 0.106217 0.988634 2.84409 -5.14713</i>
                        <i>-0.0575825 0.833089 -0.550133 -0.0893851 -0.553136 -0.828282 -0.994331 0.00147912 0.106317 0.988619 2.84062 -5.14959</i>
                        <i>-0.0563573 0.83817 -0.54249 -0.0901949 -0.545406 -0.833305 -0.994328 0.00196704 0.106336 0.988581 2.83689 -5.15184</i>
                        <i>-0.0551596 0.842546 -0.535792 -0.0908693 -0.538618 -0.837636 -0.994334 0.00248341 0.106272 0.988518 2.83298 -5.15386</i>
                        <i>-0.0540182 0.846089 -0.530297 -0.0913897 -0.533033 -0.841144 -0.994349 0.00302661 0.106117 0.98843 2.82897 -5.15563</i>
                        <i>-0.0529612 0.848669 -0.526267 -0.0917378 -0.528913 -0.843703 -0.994374 0.00359495 0.105867 0.988317 2.82493 -5.15712</i>
                        <i>-0.0520152 0.850154 -0.523958 -0.091895 -0.526517 -0.845183 -0.994409 0.00418675 0.105512 0.988178 2.82094 -5.15832</i>
                        <i>-0.0512049 0.850408 -0.523626 -0.0918427 -0.526102 -0.845448 -0.994456 0.0048002 0.105043 0.988013 2.81705 -5.15921</i>
                        <i>-0.0505521 0.84928 -0.525517 -0.0915611 -0.527915 -0.844348 -0.994515 0.00543336 0.104448 0.987823 2.81333 -5.15976</i>
                        <i>-0.0500752 0.846602 -0.529865 -0.0910292 -0.532191 -0.841716 -0.994588 0.00608414 0.103715 0.987607 2.80982 -5.15995</i>
                    </KeyFrames>
                </p>
            </i>
            <i>
                <p>
                    <Name><![CDATA[head_prop]]></Name>
                    <Exclude>0</Exclude>
                    <Additive>0</Additive>
                    <IKPriority>0</IKPriority>
                    <IKRotLimits>-1e+010 -1e+010 -1e+010 1e+010 1e+010 1e+010</IKRotLimits>
                    <IKRotLimitOrder>0</IKRotLimitOrder>
                    <KeyFrames count="30">
                        <i>0.994588 -0.00608414 -0.103715 -0.0500752 0.846602 -0.529865 0.0910292 0.532191 0.841716 0.971287 3.08573 -5.33264</i>
                        <i>0.994685 -0.00683822 -0.102736 -0.0503263 0.838193 -0.543046 0.0898263 0.54533 0.833394 0.970942 3.08626 -5.33647</i>
                        <i>0.994766 -0.00658177 -0.101966 -0.0512473 0.831196 -0.553613 0.0883976 0.555941 0.826508 0.970504 3.08734 -5.33556</i>
                        <i>0.994828 -0.00562719 -0.101421 -0.0526772 0.825128 -0.562484 0.0868508 0.564917 0.820564 0.969997 3.08886 -5.33166</i>
                        <i>0.994868 -0.00426905 -0.101094 -0.0544599 0.819458 -0.570546 0.0852778 0.573124 0.81502 0.969449 3.09061 -5.3265</i>
                        <i>0.994885 -0.00279331 -0.100974 -0.0564455 0.813614 -0.578659 0.0837701 0.581399 0.809295 0.968885 3.09243 -5.32181</i>
                        <i>0.994879 -0.00148534 -0.101063 -0.058491 0.806993 -0.587657 0.0824297 0.590559 0.802774 0.968331 3.09416 -5.31929</i>
                        <i>0.994852 -0.000445713 -0.101335 -0.0604201 0.800192 -0.596693 0.0813532 0.599744 0.796045 0.967835 3.09598 -5.31891</i>
                        <i>0.994816 0.00035706 -0.101689 -0.0620742 0.794198 -0.60448 0.0805453 0.607658 0.790104 0.967433 3.098 -5.31947</i>
                        <i>0.994777 0.000895127 -0.102067 -0.0632812 0.790002 -0.609829 0.0800874 0.613103 0.785933 0.967164 3.10042 -5.32046</i>
                        <i>0.994736 0.0012053 -0.102469 -0.0640165 0.78812 -0.612183 0.0800197 0.61552 0.784048 0.967039 3.10327 -5.32152</i>
                        <i>0.994692 0.00132513 -0.102889 -0.0644907 0.787189 -0.61333 0.0801808 0.61671 0.783096 0.966991 3.10599 -5.32305</i>
                        <i>0.994647 0.00129285 -0.103325 -0.0647108 0.787366 -0.613081 0.0805617 0.616485 0.783234 0.967019 3.10849 -5.32483</i>
                        <i>0.994601 0.00114743 -0.103768 -0.0646816 0.788797 -0.611241 0.0811506 0.614652 0.784613 0.967122 3.11068 -5.3266</i>
                        <i>0.994555 0.000928565 -0.104213 -0.064406 0.791623 -0.607606 0.0819329 0.611009 0.787372 0.967302 3.11246 -5.32813</i>
                        <i>0.994509 0.000676696 -0.104652 -0.0638858 0.795965 -0.601962 0.0828918 0.605342 0.791637 0.967559 3.11384 -5.32917</i>
                        <i>0.994464 0.000432966 -0.105079 -0.0631219 0.801926 -0.59408 0.0840082 0.597424 0.797513 0.967894 3.11495 -5.32946</i>
                        <i>0.994423 0.000153721 -0.105467 -0.0621804 0.808569 -0.585106 0.0851873 0.588401 0.804069 0.968277 3.11557 -5.32943</i>
                        <i>0.994388 -0.000202287 -0.105791 -0.0611332 0.815029 -0.576185 0.0863389 0.579419 0.810443 0.968671 3.11552 -5.32946</i>
                        <i>0.994362 -0.000595094 -0.106041 -0.0599993 0.821371 -0.56723 0.0874368 0.570394 0.816704 0.969071 3.11491 -5.32935</i>
                        <i>0.994342 -0.00102125 -0.106217 -0.0588062 0.827442 -0.558463 0.0884591 0.56155 0.822701 0.969469 3.11376 -5.32914</i>
                        <i>0.994331 -0.00147912 -0.106317 -0.0575825 0.833089 -0.550133 0.0893851 0.553136 0.828282 0.969853 3.11213 -5.32888</i>
                        <i>0.994328 -0.00196704 -0.106336 -0.0563573 0.83817 -0.54249 0.0901949 0.545406 0.833305 0.970213 3.11006 -5.32864</i>
                        <i>0.994334 -0.00248341 -0.106272 -0.0551596 0.842546 -0.535792 0.0908693 0.538618 0.837636 0.970541 3.10757 -5.32848</i>
                        <i>0.994349 -0.00302661 -0.106117 -0.0540182 0.846089 -0.530297 0.0913897 0.533033 0.841144 0.970825 3.10472 -5.32846</i>
                        <i>0.994374 -0.00359495 -0.105867 -0.0529612 0.848669 -0.526267 0.0917378 0.528913 0.843703 0.971056 3.10152 -5.32864</i>
                        <i>0.994409 -0.00418675 -0.105512 -0.0520152 0.850154 -0.523958 0.091895 0.526517 0.845183 0.971226 3.09801 -5.32908</i>
                        <i>0.994456 -0.0048002 -0.105043 -0.0512049 0.850408 -0.523626 0.0918427 0.526102 0.845448 0.971325 3.09421 -5.32986</i>
                        <i>0.994515 -0.00543336 -0.104448 -0.0505521 0.84928 -0.525517 0.0915611 0.527915 0.844348 0.971347 3.09012 -5.33103</i>
                        <i>0.994588 -0.00608414 -0.103715 -0.0500752 0.846602 -0.529865 0.0910292 0.532191 0.841716 0.971287 3.08573 -5.33264</i>
                    </KeyFrames>
                </p>
            </i>
            <i>
                <p>
                    <Name><![CDATA[l_clav]]></Name>
                    <Exclude>0</Exclude>
                    <Additive>0</Additive>
                    <IKPriority>0</IKPriority>
                    <IKRotLimits>-1e+010 -1e+010 -1e+010 1e+010 1e+010 1e+010</IKRotLimits>
                    <IKRotLimitOrder>0</IKRotLimitOrder>
                    <KeyFrames count="30">
                        <i>0.949351 0.197449 -0.24443 -0.222799 0.971532 -0.0805388 0.221569 0.130918 0.966316 1.07713 2.611 -5.14351</i>
                        <i>0.949109 0.19243 -0.249324 -0.224905 0.968284 -0.108826 0.220475 0.159362 0.962286 1.0773 2.61502 -5.13722</i>
                        <i>0.949018 0.191003 -0.250762 -0.226167 0.966719 -0.119596 0.219573 0.170213 0.960633 1.07742 2.61878 -5.13064</i>
                        <i>0.949034 0.192367 -0.249658 -0.226735 0.96692 -0.116865 0.218919 0.167515 0.961256 1.0775 2.62226 -5.12438</i>
                        <i>0.94912 0.195603 -0.246803 -0.226752 0.968322 -0.10457 0.21853 0.155213 0.963407 1.07753 2.62557 -5.11909</i>
                        <i>0.949244 0.199766 -0.242958 -0.226346 0.970187 -0.0866283 0.218409 0.137224 0.966161 1.07753 2.62889 -5.11541</i>
                        <i>0.949383 0.203938 -0.238919 -0.225632 0.971907 -0.066978 0.218548 0.117495 0.968727 1.0775 2.6324 -5.11398</i>
                        <i>0.949523 0.207721 -0.235069 -0.224696 0.973266 -0.0475873 0.218899 0.0980043 0.970813 1.07744 2.63611 -5.11463</i>
                        <i>0.949658 0.210958 -0.231615 -0.223696 0.974201 -0.0298738 0.219337 0.0801813 0.972349 1.07737 2.63985 -5.11629</i>
                        <i>0.949776 0.213444 -0.228837 -0.222752 0.974755 -0.0153314 0.219787 0.0655352 0.973344 1.0773 2.64347 -5.11853</i>
                        <i>0.94988 0.215307 -0.226652 -0.221853 0.975074 -0.00350356 0.220248 0.0536114 0.97397 1.07724 2.64684 -5.12126</i>
                        <i>0.949972 0.216663 -0.224966 -0.220992 0.975257 0.00607038 0.220715 0.043949 0.974348 1.07717 2.64978 -5.1244</i>
                        <i>0.950056 0.217623 -0.223681 -0.220159 0.975366 0.0138536 0.221186 0.0360837 0.974564 1.07709 2.65216 -5.12787</i>
                        <i>0.950135 0.218294 -0.222692 -0.219347 0.975435 0.0203104 0.221655 0.0295491 0.974677 1.07702 2.65383 -5.13159</i>
                        <i>0.950211 0.218778 -0.221891 -0.218547 0.975482 0.0259058 0.222118 0.0238776 0.974727 1.07695 2.65465 -5.13547</i>
                        <i>0.950288 0.219174 -0.221169 -0.217752 0.975508 0.0311048 0.22257 0.0186015 0.974739 1.07687 2.65458 -5.13943</i>
                        <i>0.950369 0.219581 -0.220416 -0.216952 0.975504 0.0363727 0.223004 0.0132524 0.974727 1.0768 2.6537 -5.14339</i>
                        <i>0.950441 0.219808 -0.21988 -0.216237 0.975501 0.0404906 0.223393 0.00906217 0.974686 1.07672 2.65213 -5.14714</i>
                        <i>0.950489 0.219678 -0.219801 -0.215691 0.975546 0.0422831 0.223715 0.00721954 0.974628 1.07666 2.64994 -5.15046</i>
                        <i>0.950514 0.219271 -0.220098 -0.215322 0.975636 0.042084 0.223964 0.00739052 0.97457 1.07662 2.64723 -5.15324</i>
                        <i>0.950514 0.218588 -0.220777 -0.215138 0.97577 0.0398565 0.22414 0.00961334 0.97451 1.07659 2.64407 -5.15544</i>
                        <i>0.950488 0.217618 -0.221846 -0.215148 0.975934 0.0355451 0.224242 0.0139446 0.974434 1.07658 2.64057 -5.15702</i>
                        <i>0.950434 0.216352 -0.223311 -0.215359 0.976101 0.0290936 0.224269 0.0204404 0.974313 1.07658 2.63681 -5.15795</i>
                        <i>0.950352 0.214773 -0.225176 -0.215776 0.976229 0.0204462 0.224214 0.0291565 0.974104 1.07661 2.63289 -5.15819</i>
                        <i>0.950242 0.212864 -0.227439 -0.216406 0.976257 0.00954697 0.224071 0.0401472 0.973746 1.07665 2.6289 -5.15772</i>
                        <i>0.950107 0.210602 -0.230097 -0.217252 0.976109 -0.00365852 0.223829 0.0534648 0.973161 1.07671 2.62493 -5.1565</i>
                        <i>0.949946 0.207961 -0.23314 -0.218315 0.975689 -0.019223 0.223475 0.0691589 0.972253 1.07679 2.62107 -5.1545</i>
                        <i>0.949764 0.204912 -0.236557 -0.219596 0.974882 -0.0371959 0.222994 0.0872744 0.970905 1.07688 2.61741 -5.15168</i>
                        <i>0.949564 0.201421 -0.240329 -0.221092 0.973549 -0.0576218 0.222365 0.10785 0.96898 1.077 2.61402 -5.14803</i>
                        <i>0.949351 0.197449 -0.24443 -0.222799 0.971532 -0.0805388 0.221569 0.130918 0.966316 1.07713 2.611 -5.14351</i>
                    </KeyFrames>
                </p>
            </i>
            <i>
                <p>
                    <Name><![CDATA[l_shoulder]]></Name>
                    <Exclude>0</Exclude>
                    <Additive>0</Additive>
                    <IKPriority>0</IKPriority>
                    <IKRotLimits>-1e+010 -1e+010 -1e+010 1e+010 1e+010 1e+010</IKRotLimits>
                    <IKRotLimitOrder>0</IKRotLimitOrder>
                    <KeyFrames count="30">
                        <i>0.790822 -0.540001 -0.288096 0.538316 0.83766 -0.0924181 0.291232 -0.0820004 0.953131 1.2647 2.65001 -5.1918</i>
                        <i>0.788417 -0.561469 -0.251301 0.554842 0.82548 -0.103597 0.26561 -0.0577543 0.962349 1.26482 2.65304 -5.18649</i>
                        <i>0.786317 -0.574853 -0.226384 0.567211 0.81694 -0.104306 0.244903 -0.0463902 0.968437 1.26493 2.65651 -5.18018</i>
                        <i>0.784426 -0.582728 -0.212377 0.576322 0.811374 -0.0976015 0.229192 -0.0458365 0.972301 1.26501 2.66027 -5.1737</i>
                        <i>0.782673 -0.586798 -0.207583 0.582871 0.807968 -0.0863112 0.218367 -0.0534403 0.974402 1.26506 2.66422 -5.16785</i>
                        <i>0.780977 -0.58824 -0.209878 0.587411 0.805976 -0.0731552 0.21219 -0.0661521 0.974987 1.26508 2.66836 -5.16341</i>
                        <i>0.779216 -0.588016 -0.216934 0.5904 0.804815 -0.0608243 0.210357 -0.0806825 0.974289 1.26508 2.67269 -5.16118</i>
                        <i>0.777223 -0.586644 -0.227536 0.592254 0.804178 -0.0503323 0.212506 -0.0956396 0.972468 1.26505 2.67715 -5.16107</i>
                        <i>0.77485 -0.5845 -0.240763 0.59329 0.803882 -0.0421922 0.218207 -0.11015 0.969666 1.265 2.68153 -5.16205</i>
                        <i>0.772333 -0.581154 -0.256441 0.592688 0.804525 -0.0382139 0.228522 -0.122476 0.965804 1.26496 2.68565 -5.16374</i>
                        <i>0.769919 -0.575961 -0.274762 0.589679 0.806711 -0.0386857 0.243935 -0.132236 0.960734 1.26491 2.68938 -5.16604</i>
                        <i>0.767457 -0.569309 -0.294783 0.584593 0.810199 -0.0427545 0.263174 -0.139516 0.954607 1.26486 2.69259 -5.16885</i>
                        <i>0.764835 -0.561614 -0.315622 0.57777 0.814693 -0.0495664 0.284972 -0.144447 0.94759 1.2648 2.69516 -5.17207</i>
                        <i>0.761999 -0.553289 -0.336495 0.56959 0.819864 -0.0582312 0.308099 -0.147292 0.939883 1.26475 2.69696 -5.17559</i>
                        <i>0.758977 -0.544717 -0.356703 0.560505 0.825371 -0.0677968 0.331342 -0.148478 0.931755 1.26469 2.69788 -5.17931</i>
                        <i>0.755873 -0.536237 -0.375641 0.551066 0.83088 -0.0772354 0.353529 -0.148623 0.923541 1.26463 2.69788 -5.18313</i>
                        <i>0.752856 -0.528128 -0.392796 0.541925 0.836072 -0.0854421 0.37353 -0.14854 0.915648 1.26457 2.69709 -5.18694</i>
                        <i>0.750205 -0.521246 -0.406811 0.533755 0.840545 -0.0926833 0.390253 -0.147606 0.908799 1.26451 2.69556 -5.19058</i>
                        <i>0.748215 -0.516475 -0.416446 0.527303 0.843869 -0.0991771 0.402648 -0.145387 0.903735 1.26446 2.69335 -5.19389</i>
                        <i>0.74713 -0.514115 -0.421286 0.523408 0.845731 -0.103847 0.409683 -0.142917 0.900963 1.26442 2.69055 -5.19673</i>
                        <i>0.74777 -0.512994 -0.421518 0.521072 0.84687 -0.106277 0.411491 -0.140171 0.900571 1.26439 2.68726 -5.19906</i>
                        <i>0.750507 -0.511863 -0.418013 0.518945 0.84811 -0.106801 0.409188 -0.13677 0.902141 1.26437 2.68356 -5.20085</i>
                        <i>0.754873 -0.51103 -0.411113 0.517286 0.849245 -0.105821 0.403214 -0.132782 0.905421 1.26437 2.67955 -5.20207</i>
                        <i>0.760376 -0.510812 -0.401123 0.516333 0.850078 -0.103766 0.39399 -0.128212 0.910128 1.26437 2.67532 -5.20268</i>
                        <i>0.766519 -0.511532 -0.388307 0.516315 0.850413 -0.101075 0.381925 -0.123013 0.91597 1.26439 2.67096 -5.20266</i>
                        <i>0.77282 -0.513515 -0.372895 0.51746 0.850056 -0.0981851 0.367401 -0.117079 0.922664 1.26443 2.66654 -5.20196</i>
                        <i>0.778817 -0.517077 -0.355072 0.520001 0.848809 -0.0955125 0.350775 -0.110251 0.929947 1.26447 2.66216 -5.20056</i>
                        <i>0.784076 -0.522514 -0.334969 0.524174 0.846469 -0.0934422 0.332366 -0.102316 0.937584 1.26454 2.65789 -5.19842</i>
                        <i>0.788198 -0.530088 -0.312651 0.530208 0.842827 -0.0923153 0.312446 -0.0930072 0.945372 1.26461 2.65382 -5.19551</i>
                        <i>0.790822 -0.540001 -0.288096 0.538316 0.83766 -0.0924181 0.291232 -0.0820004 0.953131 1.2647 2.65001 -5.1918</i>
                    </KeyFrames>
                </p>
            </i>
            <i>
                <p>
                    <Name><![CDATA[l_elbow]]></Name>
                    <Exclude>0</Exclude>
                    <Additive>0</Additive>
                    <IKPriority>0</IKPriority>
                    <IKRotLimits>-1e+010 -1e+010 -1e+010 1e+010 1e+010 1e+010</IKRotLimits>
                    <IKRotLimitOrder>0</IKRotLimitOrder>
                    <KeyFrames count="30">
                        <i>0.280595 -0.0777075 0.956676 0.538974 0.837494 -0.0900552 -0.794213 0.540892 0.276879 1.52194 2.47436 -5.28551</i>
                        <i>0.284224 -0.0740493 0.955894 0.555436 0.825376 -0.101214 -0.781478 0.559706 0.275722 1.52128 2.47041 -5.26823</i>
                        <i>0.287093 -0.0804585 0.954518 0.567753 0.816866 -0.101909 -0.771514 0.571188 0.280197 1.5207 2.46953 -5.25382</i>
