<?xml version="1.0" encoding="ISO-8859-1" ?>
<Animl Version="1">
    <ModellingPackage><![CDATA[Maya.2010]]></ModellingPackage>
    <SrcFile><![CDATA[anims\turrets\antiair\red\~src\aa_s125_launcher\aa_s125_launcher_fire_crewman_c.mb]]></SrcFile>
    <FramesPerSecond>30</FramesPerSecond>
    <TotalFrames>40</TotalFrames>
    <Skeleton>
        <RefFrame>
            <Name><![CDATA[soldier_ref_frame]]></Name>
            <Exclude>0</Exclude>
            <Additive>0</Additive>
            <IKPriority>0</IKPriority>
            <IKRotLimits>-1e+010 -1e+010 -1e+010 1e+010 1e+010 1e+010</IKRotLimits>
            <IKRotLimitOrder>0</IKRotLimitOrder>
            <KeyFrames count="40">
                <i>1 0 0 0 1 0 0 0 1 0.914213 1.19421 -5.19492</i>
                <i>1 0 0 0 1 0 0 0 1 0.914213 1.19421 -5.19492</i>
                <i>1 0 0 0 1 0 0 0 1 0.914213 1.19421 -5.19492</i>
                <i>1 0 0 0 1 0 0 0 1 0.914213 1.19421 -5.19492</i>
                <i>1 0 0 0 1 0 0 0 1 0.914213 1.19421 -5.19492</i>
                <i>1 0 0 0 1 0 0 0 1 0.914213 1.19421 -5.19492</i>
                <i>1 0 0 0 1 0 0 0 1 0.914213 1.19421 -5.19492</i>
                <i>1 0 0 0 1 0 0 0 1 0.914213 1.19421 -5.19492</i>
                <i>1 0 0 0 1 0 0 0 1 0.914213 1.19421 -5.19492</i>
                <i>1 0 0 0 1 0 0 0 1 0.914213 1.19421 -5.19492</i>
                <i>1 0 0 0 1 0 0 0 1 0.914213 1.19421 -5.19492</i>
                <i>1 0 0 0 1 0 0 0 1 0.914213 1.19421 -5.19492</i>
                <i>1 0 0 0 1 0 0 0 1 0.914213 1.19421 -5.19492</i>
                <i>1 0 0 0 1 0 0 0 1 0.914213 1.19421 -5.19492</i>
                <i>1 0 0 0 1 0 0 0 1 0.914213 1.19421 -5.19492</i>
                <i>1 0 0 0 1 0 0 0 1 0.914213 1.19421 -5.19492</i>
                <i>1 0 0 0 1 0 0 0 1 0.914213 1.19421 -5.19492</i>
                <i>1 0 0 0 1 0 0 0 1 0.914213 1.19421 -5.19492</i>
                <i>1 0 0 0 1 0 0 0 1 0.914213 1.19421 -5.19492</i>
                <i>1 0 0 0 1 0 0 0 1 0.914213 1.19421 -5.19492</i>
                <i>1 0 0 0 1 0 0 0 1 0.914213 1.19421 -5.19492</i>
                <i>1 0 0 0 1 0 0 0 1 0.914213 1.19421 -5.19492</i>
                <i>1 0 0 0 1 0 0 0 1 0.914213 1.19421 -5.19492</i>
                <i>1 0 0 0 1 0 0 0 1 0.914213 1.19421 -5.19492</i>
                <i>1 0 0 0 1 0 0 0 1 0.914213 1.19421 -5.19492</i>
                <i>1 0 0 0 1 0 0 0 1 0.914213 1.19421 -5.19492</i>
                <i>1 0 0 0 1 0 0 0 1 0.914213 1.19421 -5.19492</i>
                <i>1 0 0 0 1 0 0 0 1 0.914213 1.19421 -5.19492</i>
                <i>1 0 0 0 1 0 0 0 1 0.914213 1.19421 -5.19492</i>
                <i>1 0 0 0 1 0 0 0 1 0.914213 1.19421 -5.19492</i>
                <i>1 0 0 0 1 0 0 0 1 0.914213 1.19421 -5.19492</i>
                <i>1 0 0 0 1 0 0 0 1 0.914213 1.19421 -5.19492</i>
                <i>1 0 0 0 1 0 0 0 1 0.914213 1.19421 -5.19492</i>
                <i>1 0 0 0 1 0 0 0 1 0.914213 1.19421 -5.19492</i>
                <i>1 0 0 0 1 0 0 0 1 0.914213 1.19421 -5.19492</i>
                <i>1 0 0 0 1 0 0 0 1 0.914213 1.19421 -5.19492</i>
                <i>1 0 0 0 1 0 0 0 1 0.914213 1.19421 -5.19492</i>
                <i>1 0 0 0 1 0 0 0 1 0.914213 1.19421 -5.19492</i>
                <i>1 0 0 0 1 0 0 0 1 0.914213 1.19421 -5.19492</i>
                <i>1 0 0 0 1 0 0 0 1 0.914213 1.19421 -5.19492</i>
            </KeyFrames>
        </RefFrame>
        <Bones count="23">
            <i>
                <p>
                    <Name><![CDATA[pelvis]]></Name>
                    <Exclude>0</Exclude>
                    <Additive>0</Additive>
                    <IKPriority>0</IKPriority>
                    <IKRotLimits>-1e+010 -1e+010 -1e+010 1e+010 1e+010 1e+010</IKRotLimits>
                    <IKRotLimitOrder>2</IKRotLimitOrder>
                    <KeyFrames count="40">
                        <i>1 0 0 0 1 0 0 0 1 0.985072 2.08474 -5.18044</i>
                        <i>1 0 0 0 1 0 0 0 1 0.981835 2.13896 -5.23176</i>
                        <i>1 0 0 0 1 0 0 0 1 0.979893 2.2 -5.28307</i>
                        <i>1 0 0 0 1 0 0 0 1 0.979893 2.17659 -5.28307</i>
                        <i>1 0 0 0 1 0 0 0 1 0.979893 2.11518 -5.28307</i>
                        <i>1 0 0 0 1 0 0 0 1 0.979893 2.07 -5.28307</i>
                        <i>1 0 0 0 1 0 0 0 1 0.979893 2.05345 -5.28307</i>
                        <i>1 0 0 0 1 0 0 0 1 0.979893 2.04117 -5.28307</i>
                        <i>1 0 0 0 1 0 0 0 1 0.979893 2.03218 -5.28307</i>
                        <i>1 0 0 0 1 0 0 0 1 0.979893 2.02553 -5.28307</i>
                        <i>1 0 0 0 1 0 0 0 1 0.979893 2.02026 -5.28307</i>
                        <i>1 0 0 0 1 0 0 0 1 0.979893 2.01541 -5.28307</i>
                        <i>1 0 0 0 1 0 0 0 1 0.979893 2.01 -5.28307</i>
                        <i>1 0 0 0 1 0 0 0 1 0.979893 2.01183 -5.28307</i>
                        <i>1 0 0 0 1 0 0 0 1 0.979893 2.02428 -5.28307</i>
                        <i>1 0 0 0 1 0 0 0 1 0.979893 2.04015 -5.28307</i>
                        <i>1 0 0 0 1 0 0 0 1 0.979893 2.05226 -5.28307</i>
                        <i>1 0 0 0 1 0 0 0 1 0.983893 2.059 -5.28307</i>
                        <i>1 0 0 0 1 0 0 0 1 0.99422 2.06539 -5.28307</i>
                        <i>1 0 0 0 1 0 0 0 1 1.00837 2.07418 -5.28307</i>
                        <i>1 0 0 0 1 0 0 0 1 1.02382 2.08814 -5.28307</i>
                        <i>1 0 0 0 1 0 0 0 1 1.03808 2.1176 -5.28307</i>
                        <i>1 0 0 0 1 0 0 0 1 1.04864 2.15931 -5.28307</i>
                        <i>1 0 0 0 1 0 0 0 1 1.05298 2.19561 -5.28307</i>
                        <i>1 0 0 0 1 0 0 0 1 1.04823 2.21905 -5.27547</i>
                        <i>1 0 0 0 1 0 0 0 1 1.03573 2.23004 -5.25646</i>
                        <i>1 0 0 0 1 0 0 0 1 1.01933 2.2227 -5.23176</i>
                        <i>1 0 0 0 1 0 0 0 1 1.00286 2.17856 -5.20705</i>
                        <i>1 0 0 0 1 0 0 0 1 0.990158 2.11608 -5.18804</i>
                        <i>1 0 0 0 1 0 0 0 1 0.985072 2.08474 -5.18044</i>
                        <i>1 0 0 0 1 0 0 0 1 0.985072 2.08474 -5.18044</i>
                        <i>1 0 0 0 1 0 0 0 1 0.985072 2.08474 -5.18044</i>
                        <i>1 0 0 0 1 0 0 0 1 0.985072 2.08474 -5.18044</i>
                        <i>1 0 0 0 1 0 0 0 1 0.985072 2.08474 -5.18044</i>
                        <i>1 0 0 0 1 0 0 0 1 0.985072 2.08474 -5.18044</i>
                        <i>1 0 0 0 1 0 0 0 1 0.985072 2.08474 -5.18044</i>
                        <i>1 0 0 0 1 0 0 0 1 0.985072 2.08474 -5.18044</i>
                        <i>1 0 0 0 1 0 0 0 1 0.985072 2.08474 -5.18044</i>
                        <i>1 0 0 0 1 0 0 0 1 0.985072 2.08474 -5.18044</i>
                        <i>1 0 0 0 1 0 0 0 1 0.985072 2.08474 -5.18044</i>
                    </KeyFrames>
                </p>
            </i>
            <i>
                <p>
                    <Name><![CDATA[spine0]]></Name>
                    <Exclude>0</Exclude>
                    <Additive>0</Additive>
                    <IKPriority>0</IKPriority>
                    <IKRotLimits>-1e+010 -1e+010 -1e+010 1e+010 1e+010 1e+010</IKRotLimits>
                    <IKRotLimitOrder>0</IKRotLimitOrder>
                    <KeyFrames count="40">
                        <i>-0.0231431 0.994289 0.104182 -0.999711 -0.0223334 -0.00893123 -0.00655347 -0.104359 0.994518 0.964375 2.21176 -5.24475</i>
                        <i>-0.102887 0.9918 0.0758118 -0.980438 -0.0882604 -0.175933 -0.167799 -0.09243 0.981479 0.974407 2.268 -5.29491</i>
                        <i>-0.152987 0.987239 0.0442107 -0.913148 -0.124118 -0.388273 -0.377831 -0.0997716 0.920483 0.986667 2.33274 -5.33811</i>
                        <i>-0.17568 0.982585 0.0605216 -0.87752 -0.128437 -0.46202 -0.446201 -0.134277 0.884802 0.990669 2.31254 -5.32886</i>
                        <i>-0.230241 0.969661 0.0821416 -0.842339 -0.156316 -0.515781 -0.487293 -0.187945 0.852773 0.993347 2.25246 -5.32393</i>
                        <i>-0.277751 0.956151 0.0929003 -0.81464 -0.183178 -0.550279 -0.509133 -0.228521 0.829797 0.995776 2.20708 -5.32372</i>
                        <i>-0.298471 0.94957 0.0960875 -0.797788 -0.19296 -0.571227 -0.523879 -0.247152 0.815148 0.997759 2.1898 -5.32534</i>
                        <i>-0.304089 0.947489 0.0989629 -0.790009 -0.192758 -0.582005 -0.532368 -0.255163 0.807141 0.999314 2.1764 -5.32813</i>
                        <i>-0.303056 0.947063 0.105965 -0.788936 -0.186963 -0.585342 -0.534544 -0.260991 0.803832 1.00034 2.16612 -5.33143</i>
                        <i>-0.299654 0.946733 0.117917 -0.792467 -0.178174 -0.58331 -0.531229 -0.268237 0.803645 1.00071 2.15823 -5.3346</i>
                        <i>-0.295169 0.946033 0.133778 -0.799038 -0.16765 -0.577436 -0.523845 -0.277335 0.805401 1.0003 2.15207 -5.33699</i>
                        <i>-0.290868 0.944571 0.152252 -0.807468 -0.156992 -0.568638 -0.513217 -0.288337 0.808375 0.999044 2.147 -5.33796</i>
                        <i>-0.288326 0.941921 0.172199 -0.816842 -0.148114 -0.557523 -0.499637 -0.301408 0.812106 0.996943 2.14233 -5.33688</i>
                        <i>-0.280874 0.940265 0.192381 -0.827438 -0.135678 -0.54492 -0.486268 -0.312238 0.81612 0.995679 2.14609 -5.33228</i>
                        <i>-0.257292 0.943894 0.207037 -0.839 -0.111899 -0.532502 -0.479458 -0.310713 0.820718 0.996306 2.16087 -5.32511</i>
                        <i>-0.222767 0.951886 0.210446 -0.8489 -0.0832703 -0.521953 -0.479316 -0.294921 0.826606 0.997597 2.17851 -5.31826</i>
                        <i>-0.192507 0.960264 0.202073 -0.854673 -0.0628924 -0.515343 -0.482157 -0.271913 0.832819 0.997842 2.19151 -5.31443</i>
                        <i>-0.168935 0.968367 0.183647 -0.857164 -0.0523651 -0.512374 -0.486549 -0.243974 0.838896 1.00042 2.19861 -5.31362</i>
                        <i>-0.147706 0.976229 0.158619 -0.858609 -0.0469668 -0.510475 -0.490891 -0.211592 0.845136 1.00853 2.20517 -5.31395</i>
                        <i>-0.123605 0.984205 0.126734 -0.860263 -0.0426159 -0.508067 -0.494641 -0.171824 0.851943 1.02002 2.21394 -5.31516</i>
                        <i>-0.0947695 0.991495 0.0891957 -0.862663 -0.0370775 -0.504418 -0.496821 -0.124749 0.85884 1.03278 2.22768 -5.31692</i>
                        <i>-0.0674915 0.996316 0.0529044 -0.865372 -0.0320657 -0.500104 -0.496565 -0.0795347 0.864348 1.04467 2.25679 -5.31886</i>
                        <i>-0.0553284 0.997851 0.0351024 -0.867423 -0.0306261 -0.496628 -0.494485 -0.0579262 0.867254 1.05359 2.29811 -5.32058</i>
                        <i>-0.0581319 0.997254 0.0458823 -0.868313 -0.0278306 -0.495235 -0.492598 -0.0686291 0.867547 1.05742 2.33412 -5.32168</i>
                        <i>-0.0579398 0.996213 0.0648231 -0.886814 -0.0215396 -0.461623 -0.458479 -0.0842324 0.884704 1.0518 2.35698 -5.31618</i>
                        <i>-0.0532846 0.995295 0.0809297 -0.926775 -0.0191136 -0.37513 -0.371818 -0.0949923 0.923433 1.03624 2.36663 -5.30162</i>
                        <i>-0.0499978 0.993751 0.0997934 -0.965858 -0.0226781 -0.258078 -0.254202 -0.10929 0.960956 1.01449 2.35711 -5.2828</i>
                        <i>-0.042596 0.992851 0.111499 -0.990116 -0.0270232 -0.137625 -0.133628 -0.116259 0.984189 0.99117 2.31013 -5.26406</i>
                        <i>-0.0302874 0.993878 0.106252 -0.998668 -0.0256481 -0.044761 -0.0417618 -0.107466 0.993331 0.972184 2.24479 -5.24975</i>
                        <i>-0.0231431 0.994289 0.104182 -0.999711 -0.0223334 -0.00893123 -0.00655347 -0.104359 0.994518 0.964375 2.21176 -5.24475</i>
                        <i>-0.0231431 0.994289 0.104182 -0.999711 -0.0223334 -0.00893123 -0.00655347 -0.104359 0.994518 0.964375 2.21176 -5.24475</i>
                        <i>-0.0231431 0.994289 0.104182 -0.999711 -0.0223334 -0.00893123 -0.00655347 -0.104359 0.994518 0.964375 2.21176 -5.24475</i>
                        <i>-0.0231431 0.994289 0.104182 -0.999711 -0.0223334 -0.00893123 -0.00655347 -0.104359 0.994518 0.964375 2.21176 -5.24475</i>
                        <i>-0.0231431 0.994289 0.104182 -0.999711 -0.0223334 -0.00893123 -0.00655347 -0.104359 0.994518 0.964375 2.21176 -5.24475</i>
                        <i>-0.0231431 0.994289 0.104182 -0.999711 -0.0223334 -0.00893123 -0.00655347 -0.104359 0.994518 0.964375 2.21176 -5.24475</i>
                        <i>-0.0231431 0.994289 0.104182 -0.999711 -0.0223334 -0.00893123 -0.00655347 -0.104359 0.994518 0.964375 2.21176 -5.24475</i>
                        <i>-0.0231431 0.994289 0.104182 -0.999711 -0.0223334 -0.00893123 -0.00655347 -0.104359 0.994518 0.964375 2.21176 -5.24475</i>
                        <i>-0.0231431 0.994289 0.104182 -0.999711 -0.0223334 -0.00893123 -0.00655347 -0.104359 0.994518 0.964375 2.21176 -5.24475</i>
                        <i>-0.0231431 0.994289 0.104182 -0.999711 -0.0223334 -0.00893123 -0.00655347 -0.104359 0.994518 0.964375 2.21176 -5.24475</i>
                        <i>-0.0231431 0.994289 0.104182 -0.999711 -0.0223334 -0.00893123 -0.00655347 -0.104359 0.994518 0.964375 2.21176 -5.24475</i>
                    </KeyFrames>
                </p>
            </i>
            <i>
                <p>
                    <Name><![CDATA[spine1]]></Name>
                    <Exclude>0</Exclude>
                    <Additive>0</Additive>
                    <IKPriority>0</IKPriority>
                    <IKRotLimits>-1e+010 -1e+010 -1e+010 1e+010 1e+010 1e+010</IKRotLimits>
                    <IKRotLimitOrder>0</IKRotLimitOrder>
                    <KeyFrames count="40">
                        <i>0.111234 0.895077 0.431815 -0.993516 0.110439 0.027007 -0.0235157 -0.432019 0.901558 0.960078 2.39642 -5.22549</i>
                        <i>-0.135305 0.929999 0.341753 -0.942199 -0.0140635 -0.334759 -0.306519 -0.367294 0.878146 0.955799 2.44748 -5.28124</i>
                        <i>-0.269542 0.946799 0.175837 -0.754153 -0.0939935 -0.649937 -0.598832 -0.307793 0.739367 0.959618 2.50737 -5.33032</i>
                        <i>-0.29216 0.947777 0.127915 -0.665739 -0.105524 -0.738685 -0.68661 -0.300972 0.661802 0.959921 2.48457 -5.31828</i>
                        <i>-0.381013 0.913439 0.143035 -0.598859 -0.125951 -0.790888 -0.704413 -0.386997 0.59501 0.95314 2.42184 -5.3096</i>
                        <i>-0.490402 0.851765 0.184396 -0.550938 -0.139059 -0.822879 -0.675258 -0.505132 0.537465 0.947228 2.37424 -5.3075</i>
                        <i>-0.573305 0.788235 0.223621 -0.520401 -0.1395 -0.84245 -0.632854 -0.599354 0.490175 0.945521 2.35603 -5.30853</i>
                        <i>-0.618832 0.740887 0.261023 -0.50821 -0.124238 -0.852225 -0.598973 -0.660039 0.453409 0.945778 2.34326 -5.31072</i>
                        <i>-0.636041 0.710909 0.3001 -0.511701 -0.0974698 -0.853617 -0.577593 -0.696497 0.425768 0.946262 2.3352 -5.31255</i>
                        <i>-0.638228 0.690017 0.341381 -0.525604 -0.066554 -0.848122 -0.562498 -0.720727 0.405153 0.9463 2.33024 -5.31323</i>
                        <i>-0.631738 0.674846 0.381433 -0.545344 -0.0372059 -0.837386 -0.550915 -0.73702 0.391528 0.945777 2.32696 -5.31233</i>
                        <i>-0.622831 0.662086 0.416802 -0.567078 -0.0150212 -0.823527 -0.538985 -0.749278 0.384809 0.944589 2.32403 -5.30951</i>
                        <i>-0.617736 0.648969 0.444119 -0.587384 -0.00528016 -0.809291 -0.52286 -0.760796 0.384456 0.942572 2.32015 -5.30446</i>
                        <i>-0.611123 0.64799 0.454573 -0.610354 -0.0201197 -0.791873 -0.50398 -0.761383 0.407799 0.942667 2.32376 -5.29602</i>
                        <i>-0.593094 0.671192 0.444681 -0.631733 -0.0455343 -0.773847 -0.499152 -0.739884 0.45102 0.947832 2.33892 -5.28615</i>
                        <i>-0.56415 0.710969 0.419832 -0.647231 -0.0650777 -0.759511 -0.512667 -0.700206 0.496874 0.955771 2.35747 -5.27879</i>
                        <i>-0.525716 0.754086 0.393671 -0.663397 -0.0737613 -0.744623 -0.532472 -0.65262 0.539036 0.961947 2.37081 -5.27678</i>
                        <i>-0.47509 0.798715 0.369247 -0.684235 -0.0714797 -0.72575 -0.553274 -0.597449 0.580468 0.96928 2.37734 -5.2798</i>
                        <i>-0.415321 0.84482 0.337324 -0.706985 -0.0664225 -0.704103 -0.572434 -0.530911 0.624862 0.981679 2.38285 -5.28514</i>
                        <i>-0.337526 0.893666 0.295698 -0.736195 -0.0548582 -0.674542 -0.586594 -0.445367 0.676429 0.997887 2.3904 -5.29248</i>
                        <i>-0.240075 0.939884 0.242861 -0.771563 -0.032923 -0.6353 -0.589113 -0.339903 0.733084 1.01603 2.40301 -5.30117</i>
                        <i>-0.14471 0.971091 0.189848 -0.805166 -0.00404603 -0.593036 -0.575124 -0.238677 0.782474 1.03286 2.43134 -5.30961</i>
                        <i>-0.0758195 0.984409 0.158715 -0.835292 0.0242239 -0.549272 -0.544553 -0.174219 0.820432 1.04397 2.47179 -5.31449</i>
                        <i>-0.0446847 0.985094 0.166108 -0.855957 0.0479823 -0.514816 -0.515113 -0.165186 0.841054 1.04734 2.50712 -5.31373</i>
                        <i>-0.032774 0.977512 0.208316 -0.881721 0.0698673 -0.466569 -0.470632 -0.198968 0.859603 1.04172 2.53047 -5.30491</i>
                        <i>-0.0153635 0.963016 0.269004 -0.923623 0.0893827 -0.372734 -0.382993 -0.254185 0.888091 1.02687 2.54176 -5.28741</i>
                        <i>0.013676 0.942677 0.333427 -0.964248 0.100691 -0.245126 -0.264647 -0.318154 0.910351 1.00559 2.53439 -5.26504</i>
                        <i>0.0545262 0.921759 0.383911 -0.987659 0.106322 -0.115 -0.146821 -0.372903 0.916181 0.983459 2.49005 -5.24391</i>
                        <i>0.0940666 0.905845 0.413032 -0.99378 0.110276 -0.0155228 -0.0596087 -0.409003 0.910584 0.966613 2.42771 -5.23028</i>
                        <i>0.111234 0.895077 0.431815 -0.993516 0.110439 0.027007 -0.0235157 -0.432019 0.901558 0.960078 2.39642 -5.22549</i>
                        <i>0.111234 0.895077 0.431815 -0.993516 0.110439 0.027007 -0.0235157 -0.432019 0.901558 0.960078 2.39642 -5.22549</i>
                        <i>0.111234 0.895077 0.431815 -0.993516 0.110439 0.027007 -0.0235157 -0.432019 0.901558 0.960078 2.39642 -5.22549</i>
                        <i>0.111234 0.895077 0.431815 -0.993516 0.110439 0.027007 -0.0235157 -0.432019 0.901558 0.960078 2.39642 -5.22549</i>
                        <i>0.111234 0.895077 0.431815 -0.993516 0.110439 0.027007 -0.0235157 -0.432019 0.901558 0.960078 2.39642 -5.22549</i>
                        <i>0.111234 0.895077 0.431815 -0.993516 0.110439 0.027007 -0.0235157 -0.432019 0.901558 0.960078 2.39642 -5.22549</i>
                        <i>0.111234 0.895077 0.431815 -0.993516 0.110439 0.027007 -0.0235157 -0.432019 0.901558 0.960078 2.39642 -5.22549</i>
                        <i>0.111234 0.895077 0.431815 -0.993516 0.110439 0.027007 -0.0235157 -0.432019 0.901558 0.960078 2.39642 -5.22549</i>
                        <i>0.111234 0.895077 0.431815 -0.993516 0.110439 0.027007 -0.0235157 -0.432019 0.901558 0.960078 2.39642 -5.22549</i>
                        <i>0.111234 0.895077 0.431815 -0.993516 0.110439 0.027007 -0.0235157 -0.432019 0.901558 0.960078 2.39642 -5.22549</i>
                        <i>0.111234 0.895077 0.431815 -0.993516 0.110439 0.027007 -0.0235157 -0.432019 0.901558 0.960078 2.39642 -5.22549</i>
                    </KeyFrames>
                </p>
            </i>
            <i>
                <p>
                    <Name><![CDATA[spine2]]></Name>
                    <Exclude>0</Exclude>
                    <Additive>0</Additive>
                    <IKPriority>0</IKPriority>
                    <IKRotLimits>-1e+010 -1e+010 -1e+010 1e+010 1e+010 1e+010</IKRotLimits>
                    <IKRotLimitOrder>0</IKRotLimitOrder>
                    <KeyFrames count="40">
                        <i>0.0741237 0.845842 0.528258 -0.996791 0.0467814 0.0649611 0.0302342 -0.531377 0.846595 0.979091 2.54916 -5.15151</i>
                        <i>-0.230739 0.8932 0.385945 -0.877354 -0.0194795 -0.479448 -0.420725 -0.449237 0.788147 0.933052 2.60221 -5.22425</i>
                        <i>-0.354865 0.924382 0.139961 -0.523524 -0.0724415 -0.848926 -0.774593 -0.374527 0.509643 0.915408 2.66146 -5.30179</i>
                        <i>-0.334447 0.939766 0.0706096 -0.371944 -0.0627836 -0.926129 -0.865912 -0.336004 0.370538 0.912502 2.63729 -5.29784</i>
                        <i>-0.380431 0.921213 0.0814787 -0.275258 -0.02868 -0.960942 -0.882896 -0.388 0.264482 0.891554 2.56864 -5.28682</i>
                        <i>-0.491996 0.860524 0.132056 -0.223425 0.0218023 -0.974477 -0.84144 -0.508943 0.181536 0.868021 2.51115 -5.27807</i>
                        <i>-0.609984 0.771593 0.180454 -0.205194 0.0661549 -0.976483 -0.765385 -0.632667 0.117973 0.852894 2.48279 -5.27278</i>
                        <i>-0.685046 0.695355 0.217241 -0.205534 0.101608 -0.973361 -0.698905 -0.711447 0.0733127 0.845249 2.46303 -5.26871</i>
                        <i>-0.725045 0.641487 0.250607 -0.219482 0.129686 -0.966959 -0.652792 -0.756092 0.0467667 0.84153 2.45162 -5.26354</i>
                        <i>-0.746961 0.600115 0.286202 -0.244159 0.152797 -0.957622 -0.618414 -0.785185 0.0323905 0.839345 2.44517 -5.25644</i>
                        <i>-0.75786 0.566954 0.322817 -0.274945 0.171173 -0.9461 -0.591653 -0.805768 0.0261563 0.838042 2.44129 -5.24772</i>
                        <i>-0.76418 0.536789 0.357611 -0.307028 0.184861 -0.933574 -0.567241 -0.823215 0.0235422 0.836897 2.4377 -5.2379</i>
                        <i>-0.772085 0.504251 0.386802 -0.335367 0.193718 -0.921956 -0.539828 -0.841549 0.0195424 0.834975 2.43236 -5.22757</i>
                        <i>-0.769719 0.490261 0.408874 -0.370494 0.178516 -0.911519 -0.519872 -0.853098 0.0442313 0.836135 2.43591 -5.21721</i>
                        <i>-0.756335 0.501248 0.420367 -0.404106 0.147341 -0.902767 -0.514447 -0.852667 0.0911179 0.844621 2.45493 -5.20915</i>
                        <i>-0.741572 0.523357 0.419725 -0.425954 0.116043 -0.897272 -0.518299 -0.844175 0.136872 0.857901 2.48003 -5.2063</i>
                        <i>-0.717437 0.557935 0.417125 -0.450281 0.0854708 -0.888787 -0.531537 -0.825472 0.189908 0.871342 2.5 -5.20925</i>
                        <i>-0.676582 0.60779 0.415726 -0.485329 0.0565284 -0.872502 -0.553799 -0.792083 0.256732 0.888317 2.51268 -5.21717</i>
                        <i>-0.624267 0.666602 0.407349 -0.526038 0.0268128 -0.850038 -0.577559 -0.744932 0.33392 0.911857 2.52412 -5.22871</i>
                        <i>-0.551466 0.736017 0.392637 -0.581539 -0.0017425 -0.813517 -0.598078 -0.676961 0.428983 0.941963 2.53771 -5.24373</i>
                        <i>-0.454949 0.810181 0.369632 -0.652482 -0.0207891 -0.757519 -0.606043 -0.585811 0.538087 0.976773 2.55591 -5.26168</i>
                        <i>-0.355682 0.869051 0.343862 -0.72289 -0.0226111 -0.690593 -0.592385 -0.494206 0.63627 1.00938 2.58793 -5.27901</i>
                        <i>-0.258721 0.913541 0.313858 -0.789758 -0.0129642 -0.613282 -0.556189 -0.406541 0.72483 1.03174 2.62955 -5.28905</i>
                        <i>-0.186695 0.938592 0.290155 -0.837013 0.00266365 -0.547176 -0.514348 -0.345019 0.785117 1.04016 2.66448 -5.28719</i>
                        <i>-0.150063 0.936876 0.315824 -0.874056 0.0235795 -0.485252 -0.462068 -0.348866 0.815344 1.03643 2.68722 -5.27148</i>
                        <i>-0.108356 0.920164 0.376242 -0.922382 0.0480978 -0.383274 -0.370771 -0.388569 0.84353 1.02435 2.69772 -5.24377</i>
                        <i>-0.0455335 0.903083 0.427045 -0.968745 0.0644299 -0.239544 -0.243843 -0.424605 0.871924 1.0078 2.6891 -5.21019</i>
                        <i>0.018243 0.88542 0.464433 -0.993322 0.0689789 -0.0924872 -0.113926 -0.459645 0.880765 0.99253 2.64366 -5.17975</i>
                        <i>0.0600975 0.861724 0.503806 -0.998067 0.0598769 0.0166412 -0.0158262 -0.503833 0.863656 0.982536 2.58094 -5.16015</i>
                        <i>0.0741237 0.845842 0.528258 -0.996791 0.0467814 0.0649611 0.0302342 -0.531377 0.846595 0.979091 2.54916 -5.15151</i>
                        <i>0.0741237 0.845842 0.528258 -0.996791 0.0467814 0.0649611 0.0302342 -0.531377 0.846595 0.979091 2.54916 -5.15151</i>
                        <i>0.0741237 0.845842 0.528258 -0.996791 0.0467814 0.0649611 0.0302342 -0.531377 0.846595 0.979091 2.54916 -5.15151</i>
                        <i>0.0741237 0.845842 0.528258 -0.996791 0.0467814 0.0649611 0.0302342 -0.531377 0.846595 0.979091 2.54916 -5.15151</i>
                        <i>0.0741237 0.845842 0.528258 -0.996791 0.0467814 0.0649611 0.0302342 -0.531377 0.846595 0.979091 2.54916 -5.15151</i>
                        <i>0.0741237 0.845842 0.528258 -0.996791 0.0467814 0.0649611 0.0302342 -0.531377 0.846595 0.979091 2.54916 -5.15151</i>
                        <i>0.0741237 0.845842 0.528258 -0.996791 0.0467814 0.0649611 0.0302342 -0.531377 0.846595 0.979091 2.54916 -5.15151</i>
                        <i>0.0741237 0.845842 0.528258 -0.996791 0.0467814 0.0649611 0.0302342 -0.531377 0.846595 0.979091 2.54916 -5.15151</i>
                        <i>0.0741237 0.845842 0.528258 -0.996791 0.0467814 0.0649611 0.0302342 -0.531377 0.846595 0.979091 2.54916 -5.15151</i>
                        <i>0.0741237 0.845842 0.528258 -0.996791 0.0467814 0.0649611 0.0302342 -0.531377 0.846595 0.979091 2.54916 -5.15151</i>
                        <i>0.0741237 0.845842 0.528258 -0.996791 0.0467814 0.0649611 0.0302342 -0.531377 0.846595 0.979091 2.54916 -5.15151</i>
                    </KeyFrames>
                </p>
            </i>
            <i>
                <p>
                    <Name><![CDATA[head]]></Name>
                    <Exclude>0</Exclude>
                    <Additive>0</Additive>
                    <IKPriority>0</IKPriority>
                    <IKRotLimits>-1e+010 -1e+010 -1e+010 1e+010 1e+010 1e+010</IKRotLimits>
                    <IKRotLimitOrder>0</IKRotLimitOrder>
                    <KeyFrames count="40">
                        <i>0.000297586 0.977741 0.209817 -0.101111 0.208771 -0.972723 -0.994875 -0.0209255 0.0989229 0.989153 2.78492 -5.03058</i>
                        <i>-0.210964 0.933235 0.290803 0.691449 0.352758 -0.630445 -0.690936 0.0680743 -0.719704 0.8723 2.84514 -5.14503</i>
                        <i>-0.398416 0.91394 0.0773122 0.916757 0.39417 0.0647068 0.0286639 0.0966568 -0.994905 0.834513 2.90827 -5.28432</i>
                        <i>-0.335832 0.941892 0.00750509 0.884473 0.312599 0.346394 0.32392 0.122968 -0.938059 0.842816 2.88682 -5.29487</i>
                        <i>-0.295203 0.954602 0.0398777 0.817456 0.230745 0.527753 0.494593 0.188392 -0.848461 0.815876 2.81519 -5.27928</i>
                        <i>-0.342647 0.930081 0.132451 0.75119 0.186575 0.633169 0.564186 0.316449 -0.762597 0.765269 2.74586 -5.25656</i>
                        <i>-0.443561 0.867791 0.22404 0.699457 0.178883 0.691926 0.56037 0.463617 -0.686327 0.716795 2.69764 -5.23791</i>
                        <i>-0.530731 0.80275 0.271877 0.65444 0.184321 0.733303 0.538546 0.567114 -0.623177 0.686008 2.65981 -5.22432</i>
                        <i>-0.606689 0.751258 0.259884 0.585773 0.201482 0.785032 0.5374 0.628503 -0.562304 0.667865 2.63556 -5.21105</i>
                        <i>-0.673323 0.710425 0.204774 0.49046 0.221936 0.84273 0.553249 0.667863 -0.49787 0.655703 2.61915 -5.19526</i>
                        <i>-0.725596 0.674688 0.135302 0.393628 0.245684 0.885831 0.564418 0.696014 -0.443844 0.647432 2.60706 -5.17727</i>
                        <i>-0.769018 0.633811 0.0830346 0.324292 0.274891 0.905135 0.55086 0.722993 -0.416936 0.641016 2.59562 -5.15822</i>
                        <i>-0.814312 0.574871 0.0801141 0.309311 0.313002 0.897973 0.491143 0.756011 -0.432696 0.634208 2.58129 -5.13968</i>
                        <i>-0.840788 0.515022 0.166818 0.4009 0.385258 0.831177 0.363807 0.765721 -0.530393 0.634877 2.58084 -5.12223</i>
                        <i>-0.754045 0.48235 0.44582 0.656025 0.519623 0.547378 0.0323687 0.705217 -0.708253 0.646592 2.60206 -5.10898</i>
                        <i>-0.447156 0.589678 0.672556 0.748666 0.658185 -0.0793193 -0.489439 0.468052 -0.735784 0.663347 2.63117 -5.10397</i>
                        <i>-0.219551 0.81059 0.5429 0.444145 0.578512 -0.684148 -0.868638 0.0909211 -0.487033 0.683204 2.65826 -5.10627</i>
                        <i>-0.235812 0.922613 0.30525 0.10664 0.336778 -0.935526 -0.96593 -0.188056 -0.177804 0.711537 2.68214 -5.11446</i>
                        <i>-0.254723 0.942508 0.216323 -0.00417581 0.222628 -0.974895 -0.967005 -0.249231 -0.0527726 0.749384 2.70678 -5.12851</i>
                        <i>-0.208723 0.956693 0.202913 0.0133977 0.210261 -0.977553 -0.977883 -0.20132 -0.0567039 0.798567 2.73577 -5.14778</i>
                        <i>-0.160638 0.976184 0.145811 0.015403 0.150191 -0.988537 -0.986893 -0.15655 -0.0391624 0.857493 2.7702 -5.17181</i>
                        <i>-0.12204 0.98756 0.0991555 -0.00811733 0.0989059 -0.995064 -0.992492 -0.122243 -0.00405396 0.913901 2.81498 -5.19544</i>
                        <i>-0.0690561 0.992325 0.102579 0.0111965 0.103589 -0.994557 -0.99755 -0.0675317 -0.018264 0.960612 2.86747 -5.2143</i>
                        <i>-0.0245889 0.996881 0.0749895 0.0450462 0.0760408 -0.996087 -0.998682 -0.0211147 -0.0467755 0.988576 2.9097 -5.2218</i>
                        <i>-0.0136166 0.997953 0.0624778 0.0702331 0.0632838 -0.995521 -0.997438 -0.00916758 -0.070951 0.994669 2.93358 -5.20207</i>
                        <i>-0.0106566 0.995827 0.0906408 0.0660633 0.091149 -0.993644 -0.997759 -0.0046008 -0.0667589 0.992907 2.94241 -5.16053</i>
                        <i>0.00501196 0.994416 0.105414 0.0221266 0.105279 -0.994197 -0.999743 0.00731533 -0.0214754 0.992018 2.93274 -5.11632</i>
                        <i>0.0152773 0.992386 0.122217 -0.0345403 0.122682 -0.991845 -0.999287 0.0109313 0.0361515 0.991745 2.88595 -5.07781</i>
                        <i>0.0087456 0.984904 0.17288 -0.0772711 0.173035 -0.98188 -0.996972 -0.00477151 0.0776179 0.99026 2.81953 -5.0466</i>
                        <i>0.000297586 0.977741 0.209817 -0.101111 0.208771 -0.972723 -0.994875 -0.0209255 0.0989229 0.989153 2.78492 -5.03058</i>
                        <i>0.000297586 0.977741 0.209817 -0.101111 0.208771 -0.972723 -0.994875 -0.0209255 0.0989229 0.989153 2.78492 -5.03058</i>
                        <i>0.000297586 0.977741 0.209817 -0.101111 0.208771 -0.972723 -0.994875 -0.0209255 0.0989229 0.989153 2.78492 -5.03058</i>
                        <i>0.000297586 0.977741 0.209817 -0.101111 0.208771 -0.972723 -0.994875 -0.0209255 0.0989229 0.989153 2.78492 -5.03058</i>
                        <i>0.000297586 0.977741 0.209817 -0.101111 0.208771 -0.972723 -0.994875 -0.0209255 0.0989229 0.989153 2.78492 -5.03058</i>
                        <i>0.000297586 0.977741 0.209817 -0.101111 0.208771 -0.972723 -0.994875 -0.0209255 0.0989229 0.989153 2.78492 -5.03058</i>
                        <i>0.000297586 0.977741 0.209817 -0.101111 0.208771 -0.972723 -0.994875 -0.0209255 0.0989229 0.989153 2.78492 -5.03058</i>
                        <i>0.000297586 0.977741 0.209817 -0.101111 0.208771 -0.972723 -0.994875 -0.0209255 0.0989229 0.989153 2.78492 -5.03058</i>
                        <i>0.000297586 0.977741 0.209817 -0.101111 0.208771 -0.972723 -0.994875 -0.0209255 0.0989229 0.989153 2.78492 -5.03058</i>
                        <i>0.000297586 0.977741 0.209817 -0.101111 0.208771 -0.972723 -0.994875 -0.0209255 0.0989229 0.989153 2.78492 -5.03058</i>
                        <i>0.000297586 0.977741 0.209817 -0.101111 0.208771 -0.972723 -0.994875 -0.0209255 0.0989229 0.989153 2.78492 -5.03058</i>
                    </KeyFrames>
                </p>
            </i>
            <i>
                <p>
                    <Name><![CDATA[head_prop]]></Name>
                    <Exclude>0</Exclude>
                    <Additive>0</Additive>
                    <IKPriority>0</IKPriority>
                    <IKRotLimits>-1e+010 -1e+010 -1e+010 1e+010 1e+010 1e+010</IKRotLimits>
                    <IKRotLimitOrder>0</IKRotLimitOrder>
                    <KeyFrames count="40">
                        <i>0.994875 0.0209255 -0.0989229 0.000297586 0.977741 0.209817 0.101111 -0.208771 0.972723 0.98925 3.10357 -4.9622</i>
                        <i>0.690936 -0.0680743 0.719704 -0.210964 0.933235 0.290803 -0.691449 -0.352758 0.630445 0.803545 3.14929 -5.05025</i>
                        <i>-0.0286639 -0.0966568 0.994905 -0.398416 0.91394 0.0773122 -0.916757 -0.39417 -0.0647068 0.704666 3.20613 -5.25913</i>
                        <i>-0.32392 -0.122968 0.938059 -0.335832 0.941892 0.00750509 -0.884473 -0.312599 -0.346394 0.733365 3.19379 -5.29242</i>
                        <i>-0.494593 -0.188392 0.848461 -0.295203 0.954602 0.0398777 -0.817456 -0.230745 -0.527753 0.719667 3.1263 -5.26628</i>
                        <i>-0.564186 -0.316449 0.762597 -0.342647 0.930081 0.132451 -0.75119 -0.186575 -0.633169 0.653597 3.04898 -5.21339</i>
                        <i>-0.56037 -0.463617 0.686327 -0.443561 0.867791 0.22404 -0.699457 -0.178883 -0.691926 0.572235 2.98046 -5.16489</i>
                        <i>-0.538546 -0.567114 0.623177 -0.530731 0.80275 0.271877 -0.65444 -0.184321 -0.733303 0.513038 2.92143 -5.13571</i>
                        <i>-0.5374 -0.628503 0.562304 -0.606689 0.751258 0.259884 -0.585773 -0.201482 -0.785032 0.470139 2.8804 -5.12635</i>
                        <i>-0.553249 -0.667863 0.49787 -0.673323 0.710425 0.204774 -0.49046 -0.221936 -0.84273 0.436261 2.85068 -5.12852</i>
                        <i>-0.564418 -0.696014 0.443844 -0.725596 0.674688 0.135302 -0.393628 -0.245684 -0.885831 0.410954 2.82695 -5.13317</i>
                        <i>-0.55086 -0.722993 0.416936 -0.769018 0.633811 0.0830346 -0.324292 -0.274891 -0.905135 0.390387 2.80218 -5.13116</i>
                        <i>-0.491143 -0.756011 0.432696 -0.814312 0.574871 0.0801141 -0.309311 -0.313002 -0.897973 0.368817 2.76864 -5.11357</i>
                        <i>-0.363807 -0.765721 0.530393 -0.840788 0.515022 0.166818 -0.4009 -0.385258 -0.831177 0.360857 2.74869 -5.06786</i>
                        <i>-0.0323687 -0.705217 0.708253 -0.754045 0.48235 0.44582 -0.656025 -0.519623 -0.547378 0.400842 2.75926 -4.96369</i>
                        <i>0.489439 -0.468052 0.735784 -0.447156 0.589678 0.672556 -0.748666 -0.658185 0.0793193 0.517614 2.82335 -4.88478</i>
                        <i>0.868638 -0.0909211 0.487033 -0.219551 0.81059 0.5429 -0.444145 -0.578512 0.684148 0.61165 2.92244 -4.92933</i>
                        <i>0.96593 0.188056 0.177804 -0.235812 0.922613 0.30525 -0.10664 -0.336778 0.935526 0.634684 2.98283 -5.01498</i>
                        <i>0.967005 0.249231 0.0527726 -0.254723 0.942508 0.216323 0.00417581 -0.222628 0.974895 0.666368 3.01395 -5.05801</i>
                        <i>0.977883 0.20132 0.0567039 -0.208723 0.956693 0.202913 -0.0133977 -0.210261 0.977553 0.730542 3.04756 -5.08165</i>
                        <i>0.986893 0.15655 0.0391624 -0.160638 0.976184 0.145811 -0.015403 -0.150191 0.988537 0.805139 3.08834 -5.12429</i>
                        <i>0.992492 0.122243 0.00405396 -0.12204 0.98756 0.0991555 0.00811733 -0.0989059 0.995064 0.874127 3.13683 -5.16312</i>
                        <i>0.99755 0.0675317 0.018264 -0.0690561 0.992325 0.102579 -0.0111965 -0.103589 0.994557 0.938106 3.19088 -5.18087</i>
                        <i>0.998682 0.0211147 0.0467755 -0.0245889 0.996881 0.0749895 -0.0450462 -0.0760408 0.996087 0.980562 3.23459 -5.19736</i>
                        <i>0.997438 0.00916758 0.070951 -0.0136166 0.997953 0.0624778 -0.0702331 -0.0632838 0.995521 0.990231 3.25883 -5.18171</i>
                        <i>0.997759 0.0046008 0.0667589 -0.0106566 0.995827 0.0906408 -0.0660633 -0.091149 0.993644 0.989434 3.26696 -5.13099</i>
                        <i>0.999743 -0.00731533 0.0214754 0.00501196 0.994416 0.105414 -0.0221266 -0.105279 0.994197 0.993652 3.25683 -5.08197</i>
                        <i>0.999287 -0.0109313 -0.0361515 0.0152773 0.992386 0.122217 0.0345403 -0.122682 0.991845 0.996724 3.20938 -5.03798</i>
                        <i>0.996972 0.00477151 -0.0776179 0.0087456 0.984904 0.17288 0.0772711 -0.173035 0.98188 0.99311 3.14051 -4.99026</i>
                        <i>0.994875 0.0209255 -0.0989229 0.000297586 0.977741 0.209817 0.101111 -0.208771 0.972723 0.98925 3.10357 -4.9622</i>
                        <i>0.994875 0.0209255 -0.0989229 0.000297586 0.977741 0.209817 0.101111 -0.208771 0.972723 0.98925 3.10357 -4.9622</i>
                        <i>0.994875 0.0209255 -0.0989229 0.000297586 0.977741 0.209817 0.101111 -0.208771 0.972723 0.98925 3.10357 -4.9622</i>
                        <i>0.994875 0.0209255 -0.0989229 0.000297586 0.977741 0.209817 0.101111 -0.208771 0.972723 0.98925 3.10357 -4.9622</i>
                        <i>0.994875 0.0209255 -0.0989229 0.000297586 0.977741 0.209817 0.101111 -0.208771 0.972723 0.98925 3.10357 -4.9622</i>
                        <i>0.994875 0.0209255 -0.0989229 0.000297586 0.977741 0.209817 0.101111 -0.208771 0.972723 0.98925 3.10357 -4.9622</i>
                        <i>0.994875 0.0209255 -0.0989229 0.000297586 0.977741 0.209817 0.101111 -0.208771 0.972723 0.98925 3.10357 -4.9622</i>
                        <i>0.994875 0.0209255 -0.0989229 0.000297586 0.977741 0.209817 0.101111 -0.208771 0.972723 0.98925 3.10357 -4.9622</i>
                        <i>0.994875 0.0209255 -0.0989229 0.000297586 0.977741 0.209817 0.101111 -0.208771 0.972723 0.98925 3.10357 -4.9622</i>
                        <i>0.994875 0.0209255 -0.0989229 0.000297586 0.977741 0.209817 0.101111 -0.208771 0.972723 0.98925 3.10357 -4.9622</i>
                        <i>0.994875 0.0209255 -0.0989229 0.000297586 0.977741 0.209817 0.101111 -0.208771 0.972723 0.98925 3.10357 -4.9622</i>
                    </KeyFrames>
                </p>
            </i>
            <i>
                <p>
                    <Name><![CDATA[l_clav]]></Name>
                    <Exclude>0</Exclude>
                    <Additive>0</Additive>
                    <IKPriority>0</IKPriority>
                    <IKRotLimits>-1e+010 -1e+010 -1e+010 1e+010 1e+010 1e+010</IKRotLimits>
                    <IKRotLimitOrder>0</IKRotLimitOrder>
                    <KeyFrames count="40">
                        <i>0.951839 0.26081 -0.161183 -0.214443 0.942052 0.257975 0.219125 -0.210986 0.952612 1.07697 2.59175 -5.08338</i>
                        <i>0.762651 0.554939 0.332274 -0.553128 0.825843 -0.109695 -0.33528 -0.100131 0.936782 0.98072 2.65679 -5.12091</i>
                        <i>0.453554 0.703221 0.547512 -0.463465 0.710838 -0.529065 -0.761241 -0.013793 0.648322 0.90861 2.72326 -5.19434</i>
                        <i>0.393189 0.678286 0.62075 -0.322468 0.733971 -0.597747 -0.861056 0.0348559 0.507315 0.889219 2.69827 -5.19432</i>
                        <i>0.323188 0.650295 0.687507 -0.265621 0.759626 -0.593645 -0.908292 0.00924204 0.418234 0.85324 2.62237 -5.18316</i>
                        <i>0.219671 0.625517 0.748648 -0.312713 0.772048 -0.553311 -0.924097 -0.112566 0.365204 0.817502 2.55102 -5.17217</i>
                        <i>0.105696 0.595738 0.796194 -0.414008 0.754348 -0.509467 -0.904116 -0.275782 0.326372 0.796122 2.50725 -5.1653</i>
                        <i>0.0254347 0.562913 0.826124 -0.49471 0.725195 -0.47891 -0.868686 -0.396511 0.296924 0.786511 2.47665 -5.15978</i>
                        <i>-0.0205243 0.534712 0.844785 -0.55158 0.698682 -0.455636 -0.83387 -0.475318 0.280596 0.782833 2.45903 -5.15243</i>
                        <i>-0.0449559 0.509377 0.859369 -0.598503 0.675032 -0.431423 -0.799858 -0.53373 0.274517 0.781994 2.44861 -5.14252</i>
