<?xml version="1.0" encoding="ISO-8859-1" ?>
<Animl Version="1">
    <ModellingPackage><![CDATA[Maya.2010]]></ModellingPackage>
    <SrcFile><![CDATA[anims\turrets\antiair\red\~src\aa_s125_launcher\aa_s125_launcher_fire_crewman_a.mb]]></SrcFile>
    <FramesPerSecond>30</FramesPerSecond>
    <TotalFrames>40</TotalFrames>
    <Skeleton>
        <RefFrame>
            <Name><![CDATA[soldier_ref_frame]]></Name>
            <Exclude>0</Exclude>
            <Additive>0</Additive>
            <IKPriority>0</IKPriority>
            <IKRotLimits>-1e+010 -1e+010 -1e+010 1e+010 1e+010 1e+010</IKRotLimits>
            <IKRotLimitOrder>0</IKRotLimitOrder>
            <KeyFrames count="40">
                <i>1 0 0 0 1 0 0 0 1 5.28658 1.2503 -1.54734</i>
                <i>1 0 0 0 1 0 0 0 1 5.28658 1.2503 -1.54734</i>
                <i>1 0 0 0 1 0 0 0 1 5.28658 1.2503 -1.54734</i>
                <i>1 0 0 0 1 0 0 0 1 5.28658 1.2503 -1.54734</i>
                <i>1 0 0 0 1 0 0 0 1 5.28658 1.2503 -1.54734</i>
                <i>1 0 0 0 1 0 0 0 1 5.28658 1.2503 -1.54734</i>
                <i>1 0 0 0 1 0 0 0 1 5.28658 1.2503 -1.54734</i>
                <i>1 0 0 0 1 0 0 0 1 5.28658 1.2503 -1.54734</i>
                <i>1 0 0 0 1 0 0 0 1 5.28658 1.2503 -1.54734</i>
                <i>1 0 0 0 1 0 0 0 1 5.28658 1.2503 -1.54734</i>
                <i>1 0 0 0 1 0 0 0 1 5.28658 1.2503 -1.54734</i>
                <i>1 0 0 0 1 0 0 0 1 5.28658 1.2503 -1.54734</i>
                <i>1 0 0 0 1 0 0 0 1 5.28658 1.2503 -1.54734</i>
                <i>1 0 0 0 1 0 0 0 1 5.28658 1.2503 -1.54734</i>
                <i>1 0 0 0 1 0 0 0 1 5.28658 1.2503 -1.54734</i>
                <i>1 0 0 0 1 0 0 0 1 5.28658 1.2503 -1.54734</i>
                <i>1 0 0 0 1 0 0 0 1 5.28658 1.2503 -1.54734</i>
                <i>1 0 0 0 1 0 0 0 1 5.28658 1.2503 -1.54734</i>
                <i>1 0 0 0 1 0 0 0 1 5.28658 1.2503 -1.54734</i>
                <i>1 0 0 0 1 0 0 0 1 5.28658 1.2503 -1.54734</i>
                <i>1 0 0 0 1 0 0 0 1 5.28658 1.2503 -1.54734</i>
                <i>1 0 0 0 1 0 0 0 1 5.28658 1.2503 -1.54734</i>
                <i>1 0 0 0 1 0 0 0 1 5.28658 1.2503 -1.54734</i>
                <i>1 0 0 0 1 0 0 0 1 5.28658 1.2503 -1.54734</i>
                <i>1 0 0 0 1 0 0 0 1 5.28658 1.2503 -1.54734</i>
                <i>1 0 0 0 1 0 0 0 1 5.28658 1.2503 -1.54734</i>
                <i>1 0 0 0 1 0 0 0 1 5.28658 1.2503 -1.54734</i>
                <i>1 0 0 0 1 0 0 0 1 5.28658 1.2503 -1.54734</i>
                <i>1 0 0 0 1 0 0 0 1 5.28658 1.2503 -1.54734</i>
                <i>1 0 0 0 1 0 0 0 1 5.28658 1.2503 -1.54734</i>
                <i>1 0 0 0 1 0 0 0 1 5.28658 1.2503 -1.54734</i>
                <i>1 0 0 0 1 0 0 0 1 5.28658 1.2503 -1.54734</i>
                <i>1 0 0 0 1 0 0 0 1 5.28658 1.2503 -1.54734</i>
                <i>1 0 0 0 1 0 0 0 1 5.28658 1.2503 -1.54734</i>
                <i>1 0 0 0 1 0 0 0 1 5.28658 1.2503 -1.54734</i>
                <i>1 0 0 0 1 0 0 0 1 5.28658 1.2503 -1.54734</i>
                <i>1 0 0 0 1 0 0 0 1 5.28658 1.2503 -1.54734</i>
                <i>1 0 0 0 1 0 0 0 1 5.28658 1.2503 -1.54734</i>
                <i>1 0 0 0 1 0 0 0 1 5.28658 1.2503 -1.54734</i>
                <i>1 0 0 0 1 0 0 0 1 5.28658 1.2503 -1.54734</i>
            </KeyFrames>
        </RefFrame>
        <Bones count="23">
            <i>
                <p>
                    <Name><![CDATA[pelvis]]></Name>
                    <Exclude>0</Exclude>
                    <Additive>0</Additive>
                    <IKPriority>0</IKPriority>
                    <IKRotLimits>-1e+010 -1e+010 -1e+010 1e+010 1e+010 1e+010</IKRotLimits>
                    <IKRotLimitOrder>2</IKRotLimitOrder>
                    <KeyFrames count="40">
                        <i>1 0 0 0 1 0 0 0 1 5.1316 2.20326 -1.49763</i>
                        <i>1 0 0 0 1 0 0 0 1 5.13103 2.1812 -1.52734</i>
                        <i>1 0 0 0 1 0 0 0 1 5.13046 2.14002 -1.55705</i>
                        <i>1 0 0 0 1 0 0 0 1 5.13046 2.10576 -1.55705</i>
                        <i>1 0 0 0 1 0 0 0 1 5.13046 2.07967 -1.55705</i>
                        <i>1 0 0 0 1 0 0 0 1 5.13046 2.06208 -1.55705</i>
                        <i>1 0 0 0 1 0 0 0 1 5.13046 2.05332 -1.55705</i>
                        <i>1 0 0 0 1 0 0 0 1 5.13046 2.04998 -1.55717</i>
                        <i>1 0 0 0 1 0 0 0 1 5.13046 2.04845 -1.55728</i>
                        <i>1 0 0 0 1 0 0 0 1 5.13046 2.04877 -1.55699</i>
                        <i>1 0 0 0 1 0 0 0 1 5.13046 2.051 -1.55594</i>
                        <i>1 0 0 0 1 0 0 0 1 5.13046 2.05519 -1.55373</i>
                        <i>1 0 0 0 1 0 0 0 1 5.13046 2.06107 -1.54959</i>
                        <i>1 0 0 0 1 0 0 0 1 5.13046 2.0683 -1.54373</i>
                        <i>1 0 0 0 1 0 0 0 1 5.13046 2.07687 -1.53724</i>
                        <i>1 0 0 0 1 0 0 0 1 5.13046 2.08675 -1.53123</i>
                        <i>1 0 0 0 1 0 0 0 1 5.13046 2.09793 -1.52682</i>
                        <i>1 0 0 0 1 0 0 0 1 5.13046 2.11036 -1.5251</i>
                        <i>1 0 0 0 1 0 0 0 1 5.13046 2.12415 -1.5251</i>
                        <i>1 0 0 0 1 0 0 0 1 5.13046 2.1388 -1.5251</i>
                        <i>1 0 0 0 1 0 0 0 1 5.13046 2.15328 -1.5251</i>
                        <i>1 0 0 0 1 0 0 0 1 5.13046 2.16923 -1.5251</i>
                        <i>1 0 0 0 1 0 0 0 1 5.13046 2.18984 -1.5251</i>
                        <i>1 0 0 0 1 0 0 0 1 5.13046 2.2183 -1.5251</i>
                        <i>1 0 0 0 1 0 0 0 1 5.14056 2.25221 -1.52199</i>
                        <i>1 0 0 0 1 0 0 0 1 5.15436 2.26 -1.51543</i>
                        <i>1 0 0 0 1 0 0 0 1 5.15938 2.19865 -1.5059</i>
                        <i>1 0 0 0 1 0 0 0 1 5.16 2.14 -1.49763</i>
                        <i>1 0 0 0 1 0 0 0 1 5.1458 2.17009 -1.49763</i>
                        <i>1 0 0 0 1 0 0 0 1 5.1316 2.20326 -1.49763</i>
                        <i>1 0 0 0 1 0 0 0 1 5.1316 2.20326 -1.49763</i>
                        <i>1 0 0 0 1 0 0 0 1 5.1316 2.20326 -1.49763</i>
                        <i>1 0 0 0 1 0 0 0 1 5.1316 2.20326 -1.49763</i>
                        <i>1 0 0 0 1 0 0 0 1 5.1316 2.20326 -1.49763</i>
                        <i>1 0 0 0 1 0 0 0 1 5.1316 2.20326 -1.49763</i>
                        <i>1 0 0 0 1 0 0 0 1 5.1316 2.20326 -1.49763</i>
                        <i>1 0 0 0 1 0 0 0 1 5.1316 2.20326 -1.49763</i>
                        <i>1 0 0 0 1 0 0 0 1 5.1316 2.20326 -1.49763</i>
                        <i>1 0 0 0 1 0 0 0 1 5.1316 2.20326 -1.49763</i>
                        <i>1 0 0 0 1 0 0 0 1 5.1316 2.20326 -1.49763</i>
                    </KeyFrames>
                </p>
            </i>
            <i>
                <p>
                    <Name><![CDATA[spine0]]></Name>
                    <Exclude>0</Exclude>
                    <Additive>0</Additive>
                    <IKPriority>0</IKPriority>
                    <IKRotLimits>-1e+010 -1e+010 -1e+010 1e+010 1e+010 1e+010</IKRotLimits>
                    <IKRotLimitOrder>0</IKRotLimitOrder>
                    <KeyFrames count="40">
                        <i>0.021111 0.995918 -0.0877602 -0.136828 -0.0840757 -0.98702 -0.99037 0.032845 0.134495 5.18139 2.33806 -1.50457</i>
                        <i>-0.0267401 0.996514 -0.0790216 0.16564 -0.0735402 -0.983441 -0.985824 -0.0393864 -0.163096 5.17666 2.31754 -1.52219</i>
                        <i>-0.113332 0.985 -0.130118 0.465097 -0.0631314 -0.883006 -0.877975 -0.16059 -0.450966 5.16701 2.27841 -1.54256</i>
                        <i>-0.164963 0.972117 -0.166658 0.480733 -0.0682943 -0.874204 -0.86121 -0.224329 -0.456062 5.16916 2.24347 -1.54174</i>
                        <i>-0.215725 0.957285 -0.19253 0.485604 -0.0658841 -0.871692 -0.847143 -0.281539 -0.450649 5.17117 2.21613 -1.53659</i>
                        <i>-0.257811 0.943245 -0.209337 0.48094 -0.0626307 -0.874513 -0.837991 -0.326138 -0.437498 5.17316 2.19672 -1.52977</i>
                        <i>-0.279475 0.934771 -0.219308 0.476722 -0.0631738 -0.876781 -0.833444 -0.349588 -0.427971 5.17395 2.18705 -1.52669</i>
                        <i>-0.28076 0.933574 -0.222742 0.480164 -0.0643208 -0.874817 -0.831033 -0.352566 -0.43021 5.17286 2.18453 -1.52898</i>
                        <i>-0.273116 0.936395 -0.220392 0.485626 -0.0635597 -0.871853 -0.830407 -0.345144 -0.437379 5.17072 2.18453 -1.5337</i>
                        <i>-0.260162 0.941338 -0.214941 0.488581 -0.0636642 -0.870193 -0.832829 -0.331407 -0.443357 5.16834 2.18639 -1.53904</i>
                        <i>-0.245705 0.946857 -0.207585 0.486256 -0.0648623 -0.871406 -0.838561 -0.315048 -0.444478 5.16643 2.1897 -1.54308</i>
                        <i>-0.233205 0.95212 -0.197694 0.477379 -0.0650232 -0.876288 -0.847186 -0.29873 -0.439358 5.16569 2.19432 -1.54378</i>
                        <i>-0.222056 0.957822 -0.182394 0.461895 -0.0614067 -0.884806 -0.858687 -0.280724 -0.428777 5.16622 2.20007 -1.53984</i>
                        <i>-0.209501 0.964059 -0.163398 0.441621 -0.0558024 -0.895464 -0.872399 -0.25976 -0.414059 5.16757 2.20685 -1.53261</i>
                        <i>-0.1962 0.969628 -0.146036 0.418358 -0.0519201 -0.906797 -0.886838 -0.239008 -0.395465 5.16961 2.21467 -1.52403</i>
                        <i>-0.184971 0.9733 -0.135912 0.393794 -0.0533022 -0.917652 -0.900395 -0.22326 -0.37342 5.17212 2.22361 -1.51606</i>
                        <i>-0.176579 0.975155 -0.133762 0.369684 -0.0602423 -0.927202 -0.912224 -0.213174 -0.349862 5.17474 2.23383 -1.51057</i>
                        <i>-0.167998 0.976142 -0.137564 0.348144 -0.0718046 -0.934687 -0.922265 -0.204918 -0.327775 5.17702 2.24557 -1.50938</i>
                        <i>-0.159561 0.976117 -0.147434 0.334278 -0.0871001 -0.938441 -0.928869 -0.199023 -0.312397 5.17667 2.2597 -1.51144</i>
                        <i>-0.149933 0.975857 -0.158821 0.328203 -0.102403 -0.93904 -0.932632 -0.192919 -0.304925 5.1729 2.27582 -1.51416</i>
                        <i>-0.132549 0.977436 -0.164468 0.324195 -0.114052 -0.93909 -0.936658 -0.177796 -0.301762 5.16747 2.29207 -1.51717</i>
                        <i>-0.102607 0.981785 -0.159908 0.315675 -0.120308 -0.941209 -0.943303 -0.147054 -0.29758 5.1622 2.30945 -1.51999</i>
                        <i>-0.068451 0.986108 -0.151344 0.296029 -0.124792 -0.946992 -0.952723 -0.109625 -0.283375 5.15895 2.33082 -1.52213</i>
                        <i>-0.0432568 0.988322 -0.146109 0.258591 -0.130186 -0.957174 -0.965018 -0.0791868 -0.24994 5.15966 2.35915 -1.52326</i>
                        <i>-0.0238333 0.988362 -0.150239 0.17131 -0.144021 -0.974634 -0.984929 -0.0489662 -0.165884 5.17565 2.39149 -1.53005</i>
                        <i>-0.00705721 0.989544 -0.144057 0.0378723 -0.143693 -0.988897 -0.999258 -0.0124346 -0.0364622 5.19685 2.39609 -1.53468</i>
                        <i>0.0145849 0.994237 -0.106208 -0.0866008 -0.104564 -0.99074 -0.996136 0.0236475 0.0845767 5.21496 2.33056 -1.5203</i>
                        <i>0.0286978 0.996277 -0.0812935 -0.145467 -0.0762988 -0.986417 -0.988947 0.0401335 0.142735 5.22484 2.2681 -1.50663</i>
                        <i>0.0263261 0.99601 -0.0852723 -0.141388 -0.0807344 -0.986657 -0.989604 0.0380313 0.138699 5.20321 2.30176 -1.50561</i>
                        <i>0.021111 0.995918 -0.0877602 -0.136828 -0.0840757 -0.98702 -0.99037 0.032845 0.134495 5.18139 2.33806 -1.50457</i>
                        <i>0.021111 0.995918 -0.0877602 -0.136828 -0.0840757 -0.98702 -0.99037 0.032845 0.134495 5.18139 2.33806 -1.50457</i>
                        <i>0.021111 0.995918 -0.0877602 -0.136828 -0.0840757 -0.98702 -0.99037 0.032845 0.134495 5.18139 2.33806 -1.50457</i>
                        <i>0.021111 0.995918 -0.0877602 -0.136828 -0.0840757 -0.98702 -0.99037 0.032845 0.134495 5.18139 2.33806 -1.50457</i>
                        <i>0.021111 0.995918 -0.0877602 -0.136828 -0.0840757 -0.98702 -0.99037 0.032845 0.134495 5.18139 2.33806 -1.50457</i>
                        <i>0.021111 0.995918 -0.0877602 -0.136828 -0.0840757 -0.98702 -0.99037 0.032845 0.134495 5.18139 2.33806 -1.50457</i>
                        <i>0.021111 0.995918 -0.0877602 -0.136828 -0.0840757 -0.98702 -0.99037 0.032845 0.134495 5.18139 2.33806 -1.50457</i>
                        <i>0.021111 0.995918 -0.0877602 -0.136828 -0.0840757 -0.98702 -0.99037 0.032845 0.134495 5.18139 2.33806 -1.50457</i>
                        <i>0.021111 0.995918 -0.0877602 -0.136828 -0.0840757 -0.98702 -0.99037 0.032845 0.134495 5.18139 2.33806 -1.50457</i>
                        <i>0.021111 0.995918 -0.0877602 -0.136828 -0.0840757 -0.98702 -0.99037 0.032845 0.134495 5.18139 2.33806 -1.50457</i>
                        <i>0.021111 0.995918 -0.0877602 -0.136828 -0.0840757 -0.98702 -0.99037 0.032845 0.134495 5.18139 2.33806 -1.50457</i>
                    </KeyFrames>
                </p>
            </i>
            <i>
                <p>
                    <Name><![CDATA[spine1]]></Name>
                    <Exclude>0</Exclude>
                    <Additive>0</Additive>
                    <IKPriority>0</IKPriority>
                    <IKRotLimits>-1e+010 -1e+010 -1e+010 1e+010 1e+010 1e+010</IKRotLimits>
                    <IKRotLimitOrder>0</IKRotLimitOrder>
                    <KeyFrames count="40">
                        <i>-0.13027 0.991381 -0.0139022 -0.413791 -0.0671046 -0.907895 -0.901003 -0.112519 0.418966 5.18508 2.51153 -1.51986</i>
                        <i>-0.299394 0.95112 -0.0757226 0.0836944 -0.0528777 -0.995088 -0.950452 -0.304261 -0.0637721 5.17195 2.49467 -1.53623</i>
                        <i>-0.440899 0.84028 -0.315496 0.599924 0.0144381 -0.799927 -0.667608 -0.54196 -0.51047 5.14635 2.45854 -1.56632</i>
                        <i>-0.513149 0.754386 -0.409365 0.665448 0.0484513 -0.74487 -0.542085 -0.654641 -0.526868 5.13839 2.42528 -1.57286</i>
                        <i>-0.558702 0.66894 -0.490278 0.703428 0.0690368 -0.707406 -0.439364 -0.740104 -0.509122 5.12996 2.39951 -1.57341</i>
                        <i>-0.583555 0.600395 -0.546799 0.722194 0.0757851 -0.687526 -0.371348 -0.796104 -0.477826 5.12273 2.38172 -1.57075</i>
                        <i>-0.595875 0.566927 -0.568794 0.725747 0.0769027 -0.68365 -0.343838 -0.82017 -0.45727 5.11866 2.37249 -1.57012</i>
                        <i>-0.600716 0.566514 -0.564094 0.722338 0.08225 -0.686631 -0.342589 -0.819937 -0.458623 5.11757 2.36887 -1.57288</i>
                        <i>-0.599661 0.584745 -0.546333 0.717421 0.0903407 -0.690757 -0.354561 -0.806171 -0.473683 5.11762 2.36703 -1.57658</i>
                        <i>-0.592803 0.615357 -0.519539 0.710321 0.0955079 -0.697368 -0.37951 -0.782441 -0.493718 5.11857 2.36688 -1.58019</i>
                        <i>-0.581928 0.650246 -0.488406 0.70023 0.0952202 -0.707539 -0.413568 -0.753733 -0.510733 5.1201 2.36861 -1.58225</i>
                        <i>-0.571889 0.679927 -0.458959 0.686028 0.0896395 -0.722032 -0.449789 -0.72778 -0.517712 5.12207 2.37278 -1.58078</i>
                        <i>-0.564232 0.704552 -0.430404 0.665686 0.0798585 -0.741946 -0.488369 -0.705144 -0.514069 5.12475 2.37934 -1.57393</i>
                        <i>-0.555492 0.729025 -0.399938 0.638677 0.066081 -0.766632 -0.532466 -0.681289 -0.502319 5.12841 2.38743 -1.56317</i>
                        <i>-0.545557 0.751383 -0.371203 0.605817 0.0475179 -0.794184 -0.579098 -0.658153 -0.481124 5.13291 2.39648 -1.55137</i>
                        <i>-0.535421 0.769788 -0.347492 0.567846 0.0235396 -0.822798 -0.625201 -0.637865 -0.449725 5.13756 2.40595 -1.54148</i>
                        <i>-0.525369 0.78438 -0.329751 0.526005 -0.00522149 -0.850465 -0.66881 -0.620259 -0.409845 5.14183 2.41608 -1.53553</i>
                        <i>-0.515037 0.796006 -0.317981 0.483291 -0.0367107 -0.87469 -0.707931 -0.604175 -0.365795 5.1458 2.4275 -1.53499</i>
                        <i>-0.500309 0.805897 -0.316576 0.447222 -0.0725536 -0.891475 -0.741406 -0.587593 -0.324116 5.14721 2.4404 -1.5387</i>
                        <i>-0.468329 0.824381 -0.317905 0.418117 -0.110185 -0.901686 -0.778361 -0.555207 -0.293085 5.14561 2.45386 -1.54312</i>
                        <i>-0.402402 0.863658 -0.303592 0.387977 -0.139483 -0.911053 -0.829184 -0.484396 -0.278951 5.14381 2.46686 -1.54656</i>
                        <i>-0.285933 0.922782 -0.258292 0.347625 -0.151295 -0.925347 -0.892972 -0.354376 -0.277522 5.14424 2.4815 -1.548</i>
                        <i>-0.155671 0.966513 -0.204006 0.294327 -0.151759 -0.943579 -0.942941 -0.206933 -0.260846 5.14713 2.50132 -1.54829</i>
                        <i>-0.0842509 0.980266 -0.178831 0.228375 -0.155696 -0.961043 -0.969921 -0.121809 -0.210751 5.15222 2.5293 -1.54841</i>
                        <i>-0.0912706 0.988658 -0.119268 0.0807086 -0.11203 -0.990422 -0.99255 -0.100022 -0.0695682 5.17155 2.56175 -1.55593</i>
                        <i>-0.129463 0.991305 -0.0235192 -0.147635 -0.0427246 -0.988119 -0.980532 -0.124453 0.151883 5.19564 2.56809 -1.55972</i>
                        <i>-0.205519 0.978505 0.0170037 -0.336991 -0.0544459 -0.939932 -0.918803 -0.198904 0.340937 5.21757 2.50624 -1.53907</i>
                        <i>-0.260358 0.964982 0.0319954 -0.413226 -0.0814185 -0.906981 -0.872616 -0.249361 0.419954 5.23004 2.44678 -1.52122</i>
                        <i>-0.196345 0.980495 0.00880099 -0.412802 -0.0745159 -0.907767 -0.889406 -0.181869 0.419381 5.20789 2.47764 -1.52068</i>
                        <i>-0.13027 0.991381 -0.0139022 -0.413791 -0.0671046 -0.907895 -0.901003 -0.112519 0.418966 5.18508 2.51153 -1.51986</i>
                        <i>-0.13027 0.991381 -0.0139022 -0.413791 -0.0671046 -0.907895 -0.901003 -0.112519 0.418966 5.18508 2.51153 -1.51986</i>
                        <i>-0.13027 0.991381 -0.0139022 -0.413791 -0.0671046 -0.907895 -0.901003 -0.112519 0.418966 5.18508 2.51153 -1.51986</i>
                        <i>-0.13027 0.991381 -0.0139022 -0.413791 -0.0671046 -0.907895 -0.901003 -0.112519 0.418966 5.18508 2.51153 -1.51986</i>
                        <i>-0.13027 0.991381 -0.0139022 -0.413791 -0.0671046 -0.907895 -0.901003 -0.112519 0.418966 5.18508 2.51153 -1.51986</i>
                        <i>-0.13027 0.991381 -0.0139022 -0.413791 -0.0671046 -0.907895 -0.901003 -0.112519 0.418966 5.18508 2.51153 -1.51986</i>
                        <i>-0.13027 0.991381 -0.0139022 -0.413791 -0.0671046 -0.907895 -0.901003 -0.112519 0.418966 5.18508 2.51153 -1.51986</i>
                        <i>-0.13027 0.991381 -0.0139022 -0.413791 -0.0671046 -0.907895 -0.901003 -0.112519 0.418966 5.18508 2.51153 -1.51986</i>
                        <i>-0.13027 0.991381 -0.0139022 -0.413791 -0.0671046 -0.907895 -0.901003 -0.112519 0.418966 5.18508 2.51153 -1.51986</i>
                        <i>-0.13027 0.991381 -0.0139022 -0.413791 -0.0671046 -0.907895 -0.901003 -0.112519 0.418966 5.18508 2.51153 -1.51986</i>
                        <i>-0.13027 0.991381 -0.0139022 -0.413791 -0.0671046 -0.907895 -0.901003 -0.112519 0.418966 5.18508 2.51153 -1.51986</i>
                    </KeyFrames>
                </p>
            </i>
            <i>
                <p>
                    <Name><![CDATA[spine2]]></Name>
                    <Exclude>0</Exclude>
                    <Additive>0</Additive>
                    <IKPriority>0</IKPriority>
                    <IKRotLimits>-1e+010 -1e+010 -1e+010 1e+010 1e+010 1e+010</IKRotLimits>
                    <IKRotLimitOrder>0</IKRotLimitOrder>
                    <KeyFrames count="40">
                        <i>-0.331001 0.906004 0.263808 -0.6779 -0.0338307 -0.734376 -0.656423 -0.421915 0.625378 5.16423 2.6705 -1.52178</i>
                        <i>-0.611009 0.790739 0.037415 -0.0466065 0.011249 -0.99885 -0.79025 -0.61205 0.0299804 5.12286 2.65015 -1.54854</i>
                        <i>-0.688047 0.589713 -0.422883 0.629621 0.195403 -0.751928 -0.360789 -0.783618 -0.505742 5.07217 2.59965 -1.61963</i>
                        <i>-0.677594 0.499263 -0.540003 0.712855 0.265317 -0.649188 -0.180843 -0.824829 -0.535679 5.05019 2.55467 -1.64359</i>
                        <i>-0.651523 0.432008 -0.623608 0.756573 0.309536 -0.576008 -0.0558108 -0.847087 -0.528516 5.03166 2.51687 -1.66014</i>
                        <i>-0.629378 0.388092 -0.673252 0.776924 0.332649 -0.53454 0.0165065 -0.859494 -0.51088 5.01766 2.48942 -1.66975</i>
                        <i>-0.62526 0.366701 -0.688897 0.779337 0.339786 -0.526478 0.0410174 -0.866069 -0.498238 5.01015 2.47529 -1.67426</i>
                        <i>-0.633249 0.361006 -0.684595 0.772876 0.341509 -0.534822 0.0407215 -0.867783 -0.495273 5.00869 2.47112 -1.67568</i>
                        <i>-0.641133 0.364936 -0.675108 0.766713 0.342605 -0.54293 0.0331606 -0.865704 -0.499456 5.01034 2.47127 -1.67486</i>
                        <i>-0.648346 0.377202 -0.661336 0.761168 0.339883 -0.552361 0.0164251 -0.86151 -0.507476 5.01422 2.47487 -1.67215</i>
                        <i>-0.655179 0.395378 -0.643753 0.755406 0.331446 -0.565248 -0.0101174 -0.856633 -0.515827 5.01914 2.48116 -1.66746</i>
                        <i>-0.663108 0.415657 -0.622509 0.747135 0.316902 -0.584262 -0.045578 -0.852527 -0.520692 5.02363 2.48958 -1.66023</i>
                        <i>-0.673192 0.440544 -0.593914 0.733451 0.295545 -0.612129 -0.0941412 -0.847687 -0.522076 5.02773 2.50022 -1.64835</i>
                        <i>-0.68301 0.474617 -0.55519 0.712801 0.267222 -0.648466 -0.159413 -0.838648 -0.520823 5.03278 2.51265 -1.6324</i>
                        <i>-0.689003 0.516645 -0.508285 0.684321 0.232767 -0.691032 -0.238706 -0.823952 -0.513928 5.03886 2.52569 -1.6157</i>
                        <i>-0.686768 0.566893 -0.454953 0.647636 0.193042 -0.73709 -0.330026 -0.800854 -0.499716 5.04529 2.53825 -1.60164</i>
                        <i>-0.676071 0.616628 -0.403359 0.603272 0.148904 -0.783512 -0.423073 -0.773045 -0.472664 5.05147 2.55058 -1.59247</i>
                        <i>-0.66419 0.652591 -0.364661 0.553582 0.101536 -0.826582 -0.502393 -0.750877 -0.428702 5.05743 2.56365 -1.58971</i>
                        <i>-0.65882 0.66859 -0.344882 0.504831 0.0530158 -0.861589 -0.557765 -0.741739 -0.372453 5.06193 2.57734 -1.59278</i>
                        <i>-0.648098 0.686401 -0.329882 0.45848 0.0057964 -0.888686 -0.608083 -0.7272 -0.318458 5.06692 2.59198 -1.59659</i>
                        <i>-0.609179 0.734869 -0.298108 0.407528 -0.0323885 -0.912618 -0.680311 -0.677435 -0.279749 5.07753 2.6088 -1.59659</i>
                        <i>-0.512046 0.827843 -0.229095 0.343395 -0.0471808 -0.938005 -0.787331 -0.558972 -0.260118 5.09807 2.63028 -1.58971</i>
                        <i>-0.382352 0.912629 -0.144623 0.266921 -0.0407542 -0.962856 -0.884624 -0.406753 -0.228017 5.12232 2.65521 -1.58078</i>
                        <i>-0.303609 0.948207 -0.093411 0.179543 -0.0393467 -0.982963 -0.935728 -0.315208 -0.158298 5.13884 2.68477 -1.57674</i>
                        <i>-0.312728 0.94974 -0.013975 -0.0230056 -0.0222822 -0.999487 -0.949564 -0.312247 0.0288176 5.15705 2.71864 -1.57476</i>
                        <i>-0.352007 0.927437 0.126298 -0.337576 5.9057e-005 -0.941298 -0.873003 -0.373979 0.31306 5.17489 2.72675 -1.56328</i>
                        <i>-0.403532 0.882027 0.243289 -0.582793 -0.0427975 -0.811493 -0.705347 -0.469251 0.53131 5.18412 2.66532 -1.53601</i>
                        <i>-0.441439 0.844325 0.30372 -0.665951 -0.0814347 -0.741537 -0.601365 -0.529606 0.598228 5.18704 2.60592 -1.51559</i>
                        <i>-0.390244 0.875137 0.286086 -0.672265 -0.0585261 -0.737993 -0.629102 -0.480323 0.611164 5.17598 2.63695 -1.51892</i>
                        <i>-0.331001 0.906004 0.263808 -0.6779 -0.0338307 -0.734376 -0.656423 -0.421915 0.625378 5.16423 2.6705 -1.52178</i>
                        <i>-0.331001 0.906004 0.263808 -0.6779 -0.0338307 -0.734376 -0.656423 -0.421915 0.625378 5.16423 2.6705 -1.52178</i>
                        <i>-0.331001 0.906004 0.263808 -0.6779 -0.0338307 -0.734376 -0.656423 -0.421915 0.625378 5.16423 2.6705 -1.52178</i>
                        <i>-0.331001 0.906004 0.263808 -0.6779 -0.0338307 -0.734376 -0.656423 -0.421915 0.625378 5.16423 2.6705 -1.52178</i>
                        <i>-0.331001 0.906004 0.263808 -0.6779 -0.0338307 -0.734376 -0.656423 -0.421915 0.625378 5.16423 2.6705 -1.52178</i>
                        <i>-0.331001 0.906004 0.263808 -0.6779 -0.0338307 -0.734376 -0.656423 -0.421915 0.625378 5.16423 2.6705 -1.52178</i>
                        <i>-0.331001 0.906004 0.263808 -0.6779 -0.0338307 -0.734376 -0.656423 -0.421915 0.625378 5.16423 2.6705 -1.52178</i>
                        <i>-0.331001 0.906004 0.263808 -0.6779 -0.0338307 -0.734376 -0.656423 -0.421915 0.625378 5.16423 2.6705 -1.52178</i>
                        <i>-0.331001 0.906004 0.263808 -0.6779 -0.0338307 -0.734376 -0.656423 -0.421915 0.625378 5.16423 2.6705 -1.52178</i>
                        <i>-0.331001 0.906004 0.263808 -0.6779 -0.0338307 -0.734376 -0.656423 -0.421915 0.625378 5.16423 2.6705 -1.52178</i>
                        <i>-0.331001 0.906004 0.263808 -0.6779 -0.0338307 -0.734376 -0.656423 -0.421915 0.625378 5.16423 2.6705 -1.52178</i>
                    </KeyFrames>
                </p>
            </i>
            <i>
                <p>
                    <Name><![CDATA[head]]></Name>
                    <Exclude>0</Exclude>
                    <Additive>0</Additive>
                    <IKPriority>0</IKPriority>
                    <IKRotLimits>-1e+010 -1e+010 -1e+010 1e+010 1e+010 1e+010</IKRotLimits>
                    <IKRotLimitOrder>0</IKRotLimitOrder>
                    <KeyFrames count="40">
                        <i>-0.0257423 0.995441 0.0918345 0.228431 0.0952918 -0.968885 -0.97322 -0.00396355 -0.229843 5.08272 2.90405 -1.44598</i>
                        <i>-0.422547 0.873831 0.24057 0.899072 0.437672 -0.0106031 -0.114556 0.211809 -0.970574 4.96512 2.85741 -1.53006</i>
                        <i>-0.676291 0.602527 -0.423784 -0.124083 0.473897 0.871794 0.726109 0.64217 -0.245729 4.88873 2.75823 -1.72474</i>
                        <i>-0.5625 0.562301 -0.606144 -0.376469 0.478525 0.793275 0.736115 0.674412 -0.0574813 4.86976 2.69352 -1.78242</i>
                        <i>-0.461873 0.579975 -0.671046 -0.458708 0.491343 0.740384 0.759118 0.649777 0.0391015 4.8585 2.64201 -1.82329</i>
                        <i>-0.425333 0.626872 -0.652781 -0.447531 0.481241 0.753739 0.786643 0.61273 0.075857 4.85038 2.60609 -1.8476</i>
                        <i>-0.433205 0.653467 -0.620737 -0.420456 0.462661 0.780488 0.797214 0.599104 0.0743268 4.84379 2.58755 -1.85683</i>
                        <i>-0.440338 0.644248 -0.625337 -0.422428 0.465927 0.777475 0.792248 0.606511 0.0669829 4.8403 2.58143 -1.85698</i>
                        <i>-0.441135 0.613553 -0.654945 -0.44524 0.484018 0.753318 0.779206 0.623922 0.0596612 4.84049 2.58121 -1.85343</i>
                        <i>-0.44506 0.576424 -0.685315 -0.45725 0.511725 0.727365 0.769964 0.637082 0.0358216 4.84338 2.58604 -1.84687</i>
                        <i>-0.468558 0.547241 -0.693528 -0.426797 0.547124 0.720069 0.773497 0.633389 -0.0227988 4.84732 2.59501 -1.83742</i>
                        <i>-0.525896 0.543671 -0.654106 -0.317397 0.588047 0.743949 0.789109 0.598851 -0.136692 4.85006 2.60729 -1.82459</i>
                        <i>-0.61318 0.580758 -0.535472 -0.0699816 0.635259 0.769122 0.786837 0.509083 -0.348886 4.8513 2.624 -1.80506</i>
                        <i>-0.664877 0.658998 -0.351653 0.289126 0.661138 0.692317 0.688727 0.358634 -0.630109 4.85339 2.64567 -1.77832</i>
                        <i>-0.623651 0.761954 -0.1746 0.632068 0.622952 0.460892 0.459946 0.177076 -0.870111 4.85782 2.67082 -1.74794</i>
                        <i>-0.509069 0.858187 -0.0660531 0.846214 0.513043 0.143905 0.157385 0.0173624 -0.987385 4.86578 2.69841 -1.71752</i>
                        <i>-0.385497 0.92222 -0.0300435 0.91571 0.378368 -0.135325 -0.113432 -0.0796787 -0.990346 4.87679 2.72565 -1.69216</i>
                        <i>-0.294578 0.95527 -0.0261326 0.917525 0.275082 -0.287189 -0.267155 -0.108577 -0.957517 4.88789 2.74913 -1.67759</i>
                        <i>-0.258292 0.965593 -0.0302476 0.905656 0.231123 -0.355486 -0.336264 -0.119213 -0.934192 4.89465 2.76648 -1.67462</i>
                        <i>-0.253796 0.966829 -0.0288176 0.881843 0.21904 -0.417581 -0.397417 -0.131393 -0.908182 4.90263 2.78365 -1.6734</i>
                        <i>-0.228831 0.973465 0.00135682 0.857275 0.202179 -0.473501 -0.461211 -0.107189 -0.880792 4.9235 2.80959 -1.66367</i>
                        <i>-0.136717 0.98794 0.0726805 0.837902 0.154467 -0.523507 -0.52842 -0.0106734 -0.848916 4.96898 2.85056 -1.63762</i>
                        <i>-0.0143881 0.988645 0.149581 0.811113 0.0990202 -0.576446 -0.584712 0.113033 -0.803328 5.02554 2.89334 -1.6065</i>
                        <i>0.0609275 0.980875 0.184858 0.765251 0.0730029 -0.639579 -0.640842 0.180431 -0.746167 5.0619 2.93046 -1.58926</i>
                        <i>0.0846832 0.985775 0.14518 0.659255 0.0538218 -0.749991 -0.747136 0.159222 -0.645319 5.079 2.96463 -1.57174</i>
                        <i>0.0506595 0.99503 0.0857232 0.480399 0.050973 -0.875567 -0.875586 0.0855371 -0.475429 5.08729 2.96835 -1.52958</i>
                        <i>-0.0373904 0.995041 0.0921759 0.301229 0.0991727 -0.948381 -0.952818 -0.00769427 -0.303443 5.08592 2.89727 -1.46876</i>
                        <i>-0.103433 0.985312 0.135875 0.21682 0.155658 -0.963722 -0.970717 -0.07022 -0.229736 5.08092 2.82887 -1.42868</i>
                        <i>-0.0675958 0.990866 0.116684 0.222929 0.128995 -0.966263 -0.972488 -0.039303 -0.229612 5.08137 2.86505 -1.43696</i>
                        <i>-0.0257423 0.995441 0.0918345 0.228431 0.0952918 -0.968885 -0.97322 -0.00396355 -0.229843 5.08272 2.90405 -1.44598</i>
                        <i>-0.0257423 0.995441 0.0918345 0.228431 0.0952918 -0.968885 -0.97322 -0.00396355 -0.229843 5.08272 2.90405 -1.44598</i>
                        <i>-0.0257423 0.995441 0.0918345 0.228431 0.0952918 -0.968885 -0.97322 -0.00396355 -0.229843 5.08272 2.90405 -1.44598</i>
                        <i>-0.0257423 0.995441 0.0918345 0.228431 0.0952918 -0.968885 -0.97322 -0.00396355 -0.229843 5.08272 2.90405 -1.44598</i>
                        <i>-0.0257423 0.995441 0.0918345 0.228431 0.0952918 -0.968885 -0.97322 -0.00396355 -0.229843 5.08272 2.90405 -1.44598</i>
                        <i>-0.0257423 0.995441 0.0918345 0.228431 0.0952918 -0.968885 -0.97322 -0.00396355 -0.229843 5.08272 2.90405 -1.44598</i>
                        <i>-0.0257423 0.995441 0.0918345 0.228431 0.0952918 -0.968885 -0.97322 -0.00396355 -0.229843 5.08272 2.90405 -1.44598</i>
                        <i>-0.0257423 0.995441 0.0918345 0.228431 0.0952918 -0.968885 -0.97322 -0.00396355 -0.229843 5.08272 2.90405 -1.44598</i>
                        <i>-0.0257423 0.995441 0.0918345 0.228431 0.0952918 -0.968885 -0.97322 -0.00396355 -0.229843 5.08272 2.90405 -1.44598</i>
                        <i>-0.0257423 0.995441 0.0918345 0.228431 0.0952918 -0.968885 -0.97322 -0.00396355 -0.229843 5.08272 2.90405 -1.44598</i>
                        <i>-0.0257423 0.995441 0.0918345 0.228431 0.0952918 -0.968885 -0.97322 -0.00396355 -0.229843 5.08272 2.90405 -1.44598</i>
                    </KeyFrames>
                </p>
            </i>
            <i>
                <p>
                    <Name><![CDATA[head_prop]]></Name>
                    <Exclude>0</Exclude>
                    <Additive>0</Additive>
                    <IKPriority>0</IKPriority>
                    <IKRotLimits>-1e+010 -1e+010 -1e+010 1e+010 1e+010 1e+010</IKRotLimits>
                    <IKRotLimitOrder>0</IKRotLimitOrder>
                    <KeyFrames count="40">
                        <i>0.97322 0.00396355 0.229843 -0.0257423 0.995441 0.0918345 -0.228431 -0.0952918 0.968885 5.07433 3.22847 -1.41605</i>
                        <i>0.114556 -0.211809 0.970574 -0.422547 0.873831 0.24057 -0.899072 -0.437672 0.0106031 4.82741 3.1422 -1.45166</i>
                        <i>-0.726109 -0.64217 0.245729 -0.676291 0.602527 -0.423784 0.124083 -0.473897 -0.871794 4.66832 2.9546 -1.86286</i>
                        <i>-0.736115 -0.674412 0.0574813 -0.5625 0.562301 -0.606144 0.376469 -0.478525 -0.793275 4.68644 2.87678 -1.97997</i>
                        <i>-0.759118 -0.649777 -0.0391015 -0.461873 0.579975 -0.671046 0.458708 -0.491343 -0.740384 4.70797 2.83103 -2.04199</i>
                        <i>-0.786643 -0.61273 -0.075857 -0.425333 0.626872 -0.652781 0.447531 -0.481241 -0.753739 4.71176 2.81039 -2.06035</i>
                        <i>-0.797214 -0.599104 -0.0743268 -0.433205 0.653467 -0.620737 0.420456 -0.462661 -0.780488 4.7026 2.80052 -2.05913</i>
                        <i>-0.792248 -0.606511 -0.0669829 -0.440338 0.644248 -0.625337 0.422428 -0.465927 -0.777475 4.69679 2.79139 -2.06079</i>
                        <i>-0.779206 -0.623922 -0.0596612 -0.441135 0.613553 -0.654945 0.44524 -0.484018 -0.753318 4.69672 2.78117 -2.06688</i>
                        <i>-0.769964 -0.637082 -0.0358216 -0.44506 0.576424 -0.685315 0.45725 -0.511725 -0.727365 4.69833 2.77391 -2.07022</i>
                        <i>-0.773497 -0.633389 0.0227988 -0.468558 0.547241 -0.693528 0.426797 -0.547124 -0.720069 4.69461 2.77336 -2.06345</i>
                        <i>-0.789109 -0.598851 0.136692 -0.525896 0.543671 -0.654106 0.317397 -0.588047 -0.743949 4.67866 2.78447 -2.03777</i>
                        <i>-0.786837 -0.509083 0.348886 -0.61318 0.580758 -0.535472 0.0699816 -0.635259 -0.769122 4.65146 2.81327 -1.97958</i>
                        <i>-0.688727 -0.358634 0.630109 -0.664877 0.658998 -0.351653 -0.289126 -0.661138 -0.692317 4.6367 2.86045 -1.89293</i>
                        <i>-0.459946 -0.177076 0.870111 -0.623651 0.761954 -0.1746 -0.632068 -0.622952 -0.460892 4.65457 2.91915 -1.80484</i>
                        <i>-0.157385 -0.0173624 0.987385 -0.509069 0.858187 -0.0660531 -0.846214 -0.513043 -0.143905 4.69987 2.97811 -1.73904</i>
                        <i>0.113432 0.0796787 0.990346 -0.385497 0.92222 -0.0300435 -0.91571 -0.378368 0.135325 4.75115 3.02621 -1.70195</i>
                        <i>0.267155 0.108577 0.957517 -0.294578 0.95527 -0.0261326 -0.917525 -0.275082 0.287189 4.79189 3.06046 -1.68611</i>
                        <i>0.336264 0.119213 0.934192 -0.258292 0.965593 -0.0302476 -0.905656 -0.231123 0.355486 4.81047 3.08118 -1.68448</i>
                        <i>0.397417 0.131393 0.908182 -0.253796 0.966829 -0.0288176 -0.881843 -0.21904 0.417581 4.81992 3.09875 -1.68279</i>
                        <i>0.461211 0.107189 0.880792 -0.228831 0.973465 0.00135682 -0.857275 -0.202179 0.473501 4.84892 3.12685 -1.66323</i>
                        <i>0.52842 0.0106734 0.848916 -0.136717 0.98794 0.0726805 -0.837902 -0.154467 0.523507 4.92442 3.17254 -1.61393</i>
                        <i>0.584712 -0.113033 0.803328 -0.0143881 0.988645 0.149581 -0.811113 -0.0990202 0.576446 5.02085 3.21555 -1.55775</i>
                        <i>0.640842 -0.180431 0.746167 0.0609275 0.980875 0.184858 -0.765251 -0.0730029 0.639579 5.08176 3.25013 -1.52901</i>
                        <i>0.747136 -0.159222 0.645319 0.0846832 0.985775 0.14518 -0.659255 -0.0538218 0.749991 5.1066 3.28591 -1.52442</i>
                        <i>0.875586 -0.0855371 0.475429 0.0506595 0.99503 0.0857232 -0.480399 -0.050973 0.875567 5.1038 3.29264 -1.50164</i>
                        <i>0.952818 0.00769427 0.303443 -0.0373904 0.995041 0.0921759 -0.301229 -0.0991727 0.948381 5.07373 3.22156 -1.43872</i>
                        <i>0.970717 0.07022 0.229736 -0.103433 0.985312 0.135875 -0.21682 -0.155658 0.963722 5.04721 3.14999 -1.38439</i>
                        <i>0.972488 0.039303 0.229612 -0.0675958 0.990866 0.116684 -0.222929 -0.128995 0.966263 5.05934 3.18798 -1.39893</i>
                        <i>0.97322 0.00396355 0.229843 -0.0257423 0.995441 0.0918345 -0.228431 -0.0952918 0.968885 5.07433 3.22847 -1.41605</i>
                        <i>0.97322 0.00396355 0.229843 -0.0257423 0.995441 0.0918345 -0.228431 -0.0952918 0.968885 5.07433 3.22847 -1.41605</i>
                        <i>0.97322 0.00396355 0.229843 -0.0257423 0.995441 0.0918345 -0.228431 -0.0952918 0.968885 5.07433 3.22847 -1.41605</i>
                        <i>0.97322 0.00396355 0.229843 -0.0257423 0.995441 0.0918345 -0.228431 -0.0952918 0.968885 5.07433 3.22847 -1.41605</i>
                        <i>0.97322 0.00396355 0.229843 -0.0257423 0.995441 0.0918345 -0.228431 -0.0952918 0.968885 5.07433 3.22847 -1.41605</i>
                        <i>0.97322 0.00396355 0.229843 -0.0257423 0.995441 0.0918345 -0.228431 -0.0952918 0.968885 5.07433 3.22847 -1.41605</i>
                        <i>0.97322 0.00396355 0.229843 -0.0257423 0.995441 0.0918345 -0.228431 -0.0952918 0.968885 5.07433 3.22847 -1.41605</i>
                        <i>0.97322 0.00396355 0.229843 -0.0257423 0.995441 0.0918345 -0.228431 -0.0952918 0.968885 5.07433 3.22847 -1.41605</i>
                        <i>0.97322 0.00396355 0.229843 -0.0257423 0.995441 0.0918345 -0.228431 -0.0952918 0.968885 5.07433 3.22847 -1.41605</i>
                        <i>0.97322 0.00396355 0.229843 -0.0257423 0.995441 0.0918345 -0.228431 -0.0952918 0.968885 5.07433 3.22847 -1.41605</i>
                        <i>0.97322 0.00396355 0.229843 -0.0257423 0.995441 0.0918345 -0.228431 -0.0952918 0.968885 5.07433 3.22847 -1.41605</i>
                    </KeyFrames>
                </p>
            </i>
            <i>
                <p>
                    <Name><![CDATA[l_clav]]></Name>
                    <Exclude>0</Exclude>
                    <Additive>0</Additive>
                    <IKPriority>0</IKPriority>
                    <IKRotLimits>-1e+010 -1e+010 -1e+010 1e+010 1e+010 1e+010</IKRotLimits>
                    <IKRotLimitOrder>0</IKRotLimitOrder>
                    <KeyFrames count="40">
                        <i>0.722811 0.401073 0.562748 -0.465502 0.884452 -0.0324471 -0.510737 -0.238507 0.825991 5.18314 2.71031 -1.43194</i>
                        <i>0.123456 0.488263 0.86392 -0.503763 0.780898 -0.369352 -0.854974 -0.389613 0.342376 5.06878 2.67607 -1.46536</i>
                        <i>-0.650597 0.416915 0.634749 -0.249935 0.671718 -0.697372 -0.717117 -0.612354 -0.332815 4.96567 2.59645 -1.59936</i>
                        <i>-0.835572 0.352705 0.421211 -0.141362 0.602853 -0.78523 -0.530883 -0.715659 -0.453867 4.93717 2.54013 -1.64192</i>
                        <i>-0.941571 0.27371 0.196283 -0.0342479 0.501939 -0.864225 -0.335069 -0.820451 -0.463237 4.91548 2.49412 -1.67264</i>
                        <i>-0.978743 0.203706 0.0237717 0.0617356 0.403169 -0.913041 -0.195576 -0.892165 -0.407175 4.89995 2.46148 -1.69125</i>
                        <i>-0.984733 0.169613 -0.0391502 0.0980504 0.354628 -0.929852 -0.143831 -0.919495 -0.365844 4.89198 2.44491 -1.69826</i>
                        <i>-0.986193 0.162659 -0.0310723 0.0871266 0.350082 -0.932658 -0.140827 -0.922488 -0.35942 4.89092 2.44001 -1.69807</i>
                        <i>-0.987121 0.158535 -0.0214421 0.0761793 0.347952 -0.934412 -0.140676 -0.924011 -0.355547 4.89331 2.44043 -1.69467</i>
                        <i>-0.987071 0.160036 -0.0089149 0.0646581 0.346671 -0.935755 -0.146664 -0.924233 -0.352537 4.89802 2.44538 -1.68862</i>
                        <i>-0.985607 0.168816 0.00897378 0.0506367 0.345446 -0.937072 -0.161293 -0.923129 -0.349022 4.90359 2.45396 -1.68008</i>
                        <i>-0.982012 0.185388 0.0358419 0.0307949 0.344523 -0.938272 -0.186292 -0.920291 -0.344035 4.90823 2.46532 -1.66878</i>
