<?xml version="1.0" encoding="ISO-8859-1" ?>
<Animl Version="1">
    <ModellingPackage><![CDATA[Maya.2010]]></ModellingPackage>
    <SrcFile><![CDATA[anims\turrets\antiair\red\~src\aa_s125_launcher\aa_s125_launcher_aim_random_crewman_a.mb]]></SrcFile>
    <FramesPerSecond>30</FramesPerSecond>
    <TotalFrames>90</TotalFrames>
    <Skeleton>
        <RefFrame>
            <Name><![CDATA[soldier_ref_frame]]></Name>
            <Exclude>0</Exclude>
            <Additive>0</Additive>
            <IKPriority>0</IKPriority>
            <IKRotLimits>-1e+010 -1e+010 -1e+010 1e+010 1e+010 1e+010</IKRotLimits>
            <IKRotLimitOrder>0</IKRotLimitOrder>
            <KeyFrames count="90">
                <i>1 0 0 0 1 0 0 0 1 5.28658 1.2503 -1.54734</i>
                <i>1 0 0 0 1 0 0 0 1 5.28658 1.2503 -1.54734</i>
                <i>1 0 0 0 1 0 0 0 1 5.28658 1.2503 -1.54734</i>
                <i>1 0 0 0 1 0 0 0 1 5.28658 1.2503 -1.54734</i>
                <i>1 0 0 0 1 0 0 0 1 5.28658 1.2503 -1.54734</i>
                <i>1 0 0 0 1 0 0 0 1 5.28658 1.2503 -1.54734</i>
                <i>1 0 0 0 1 0 0 0 1 5.28658 1.2503 -1.54734</i>
                <i>1 0 0 0 1 0 0 0 1 5.28658 1.2503 -1.54734</i>
                <i>1 0 0 0 1 0 0 0 1 5.28658 1.2503 -1.54734</i>
                <i>1 0 0 0 1 0 0 0 1 5.28658 1.2503 -1.54734</i>
                <i>1 0 0 0 1 0 0 0 1 5.28658 1.2503 -1.54734</i>
                <i>1 0 0 0 1 0 0 0 1 5.28658 1.2503 -1.54734</i>
                <i>1 0 0 0 1 0 0 0 1 5.28658 1.2503 -1.54734</i>
                <i>1 0 0 0 1 0 0 0 1 5.28658 1.2503 -1.54734</i>
                <i>1 0 0 0 1 0 0 0 1 5.28658 1.2503 -1.54734</i>
                <i>1 0 0 0 1 0 0 0 1 5.28658 1.2503 -1.54734</i>
                <i>1 0 0 0 1 0 0 0 1 5.28658 1.2503 -1.54734</i>
                <i>1 0 0 0 1 0 0 0 1 5.28658 1.2503 -1.54734</i>
                <i>1 0 0 0 1 0 0 0 1 5.28658 1.2503 -1.54734</i>
                <i>1 0 0 0 1 0 0 0 1 5.28658 1.2503 -1.54734</i>
                <i>1 0 0 0 1 0 0 0 1 5.28658 1.2503 -1.54734</i>
                <i>1 0 0 0 1 0 0 0 1 5.28658 1.2503 -1.54734</i>
                <i>1 0 0 0 1 0 0 0 1 5.28658 1.2503 -1.54734</i>
                <i>1 0 0 0 1 0 0 0 1 5.28658 1.2503 -1.54734</i>
                <i>1 0 0 0 1 0 0 0 1 5.28658 1.2503 -1.54734</i>
                <i>1 0 0 0 1 0 0 0 1 5.28658 1.2503 -1.54734</i>
                <i>1 0 0 0 1 0 0 0 1 5.28658 1.2503 -1.54734</i>
                <i>1 0 0 0 1 0 0 0 1 5.28658 1.2503 -1.54734</i>
                <i>1 0 0 0 1 0 0 0 1 5.28658 1.2503 -1.54734</i>
                <i>1 0 0 0 1 0 0 0 1 5.28658 1.2503 -1.54734</i>
                <i>1 0 0 0 1 0 0 0 1 5.28658 1.2503 -1.54734</i>
                <i>1 0 0 0 1 0 0 0 1 5.28658 1.2503 -1.54734</i>
                <i>1 0 0 0 1 0 0 0 1 5.28658 1.2503 -1.54734</i>
                <i>1 0 0 0 1 0 0 0 1 5.28658 1.2503 -1.54734</i>
                <i>1 0 0 0 1 0 0 0 1 5.28658 1.2503 -1.54734</i>
                <i>1 0 0 0 1 0 0 0 1 5.28658 1.2503 -1.54734</i>
                <i>1 0 0 0 1 0 0 0 1 5.28658 1.2503 -1.54734</i>
                <i>1 0 0 0 1 0 0 0 1 5.28658 1.2503 -1.54734</i>
                <i>1 0 0 0 1 0 0 0 1 5.28658 1.2503 -1.54734</i>
                <i>1 0 0 0 1 0 0 0 1 5.28658 1.2503 -1.54734</i>
                <i>1 0 0 0 1 0 0 0 1 5.28658 1.2503 -1.54734</i>
                <i>1 0 0 0 1 0 0 0 1 5.28658 1.2503 -1.54734</i>
                <i>1 0 0 0 1 0 0 0 1 5.28658 1.2503 -1.54734</i>
                <i>1 0 0 0 1 0 0 0 1 5.28658 1.2503 -1.54734</i>
                <i>1 0 0 0 1 0 0 0 1 5.28658 1.2503 -1.54734</i>
                <i>1 0 0 0 1 0 0 0 1 5.28658 1.2503 -1.54734</i>
                <i>1 0 0 0 1 0 0 0 1 5.28658 1.2503 -1.54734</i>
                <i>1 0 0 0 1 0 0 0 1 5.28658 1.2503 -1.54734</i>
                <i>1 0 0 0 1 0 0 0 1 5.28658 1.2503 -1.54734</i>
                <i>1 0 0 0 1 0 0 0 1 5.28658 1.2503 -1.54734</i>
                <i>1 0 0 0 1 0 0 0 1 5.28658 1.2503 -1.54734</i>
                <i>1 0 0 0 1 0 0 0 1 5.28658 1.2503 -1.54734</i>
                <i>1 0 0 0 1 0 0 0 1 5.28658 1.2503 -1.54734</i>
                <i>1 0 0 0 1 0 0 0 1 5.28658 1.2503 -1.54734</i>
                <i>1 0 0 0 1 0 0 0 1 5.28658 1.2503 -1.54734</i>
                <i>1 0 0 0 1 0 0 0 1 5.28658 1.2503 -1.54734</i>
                <i>1 0 0 0 1 0 0 0 1 5.28658 1.2503 -1.54734</i>
                <i>1 0 0 0 1 0 0 0 1 5.28658 1.2503 -1.54734</i>
                <i>1 0 0 0 1 0 0 0 1 5.28658 1.2503 -1.54734</i>
                <i>1 0 0 0 1 0 0 0 1 5.28658 1.2503 -1.54734</i>
                <i>1 0 0 0 1 0 0 0 1 5.28658 1.2503 -1.54734</i>
                <i>1 0 0 0 1 0 0 0 1 5.28658 1.2503 -1.54734</i>
                <i>1 0 0 0 1 0 0 0 1 5.28658 1.2503 -1.54734</i>
                <i>1 0 0 0 1 0 0 0 1 5.28658 1.2503 -1.54734</i>
                <i>1 0 0 0 1 0 0 0 1 5.28658 1.2503 -1.54734</i>
                <i>1 0 0 0 1 0 0 0 1 5.28658 1.2503 -1.54734</i>
                <i>1 0 0 0 1 0 0 0 1 5.28658 1.2503 -1.54734</i>
                <i>1 0 0 0 1 0 0 0 1 5.28658 1.2503 -1.54734</i>
                <i>1 0 0 0 1 0 0 0 1 5.28658 1.2503 -1.54734</i>
                <i>1 0 0 0 1 0 0 0 1 5.28658 1.2503 -1.54734</i>
                <i>1 0 0 0 1 0 0 0 1 5.28658 1.2503 -1.54734</i>
                <i>1 0 0 0 1 0 0 0 1 5.28658 1.2503 -1.54734</i>
                <i>1 0 0 0 1 0 0 0 1 5.28658 1.2503 -1.54734</i>
                <i>1 0 0 0 1 0 0 0 1 5.28658 1.2503 -1.54734</i>
                <i>1 0 0 0 1 0 0 0 1 5.28658 1.2503 -1.54734</i>
                <i>1 0 0 0 1 0 0 0 1 5.28658 1.2503 -1.54734</i>
                <i>1 0 0 0 1 0 0 0 1 5.28658 1.2503 -1.54734</i>
                <i>1 0 0 0 1 0 0 0 1 5.28658 1.2503 -1.54734</i>
                <i>1 0 0 0 1 0 0 0 1 5.28658 1.2503 -1.54734</i>
                <i>1 0 0 0 1 0 0 0 1 5.28658 1.2503 -1.54734</i>
                <i>1 0 0 0 1 0 0 0 1 5.28658 1.2503 -1.54734</i>
                <i>1 0 0 0 1 0 0 0 1 5.28658 1.2503 -1.54734</i>
                <i>1 0 0 0 1 0 0 0 1 5.28658 1.2503 -1.54734</i>
                <i>1 0 0 0 1 0 0 0 1 5.28658 1.2503 -1.54734</i>
                <i>1 0 0 0 1 0 0 0 1 5.28658 1.2503 -1.54734</i>
                <i>1 0 0 0 1 0 0 0 1 5.28658 1.2503 -1.54734</i>
                <i>1 0 0 0 1 0 0 0 1 5.28658 1.2503 -1.54734</i>
                <i>1 0 0 0 1 0 0 0 1 5.28658 1.2503 -1.54734</i>
                <i>1 0 0 0 1 0 0 0 1 5.28658 1.2503 -1.54734</i>
                <i>1 0 0 0 1 0 0 0 1 5.28658 1.2503 -1.54734</i>
            </KeyFrames>
        </RefFrame>
        <Bones count="23">
            <i>
                <p>
                    <Name><![CDATA[pelvis]]></Name>
                    <Exclude>0</Exclude>
                    <Additive>0</Additive>
                    <IKPriority>0</IKPriority>
                    <IKRotLimits>-1e+010 -1e+010 -1e+010 1e+010 1e+010 1e+010</IKRotLimits>
                    <IKRotLimitOrder>2</IKRotLimitOrder>
                    <KeyFrames count="90">
                        <i>1 0 0 0 1 0 0 0 1 5.1316 2.20326 -1.49763</i>
                        <i>1 0 0 0 1 0 0 0 1 5.12541 2.21095 -1.48738</i>
                        <i>1 0 0 0 1 0 0 0 1 5.10877 2.22515 -1.45979</i>
                        <i>1 0 0 0 1 0 0 0 1 5.08453 2.23259 -1.41961</i>
                        <i>1 0 0 0 1 0 0 0 1 5.05556 2.22 -1.37158</i>
                        <i>1 0 0 0 1 0 0 0 1 5.02473 2.17662 -1.32046</i>
                        <i>1 0 0 0 1 0 0 0 1 4.99489 2.1119 -1.27099</i>
                        <i>1 0 0 0 1 0 0 0 1 4.96891 2.04287 -1.22793</i>
                        <i>1 0 0 0 1 0 0 0 1 4.94966 1.98656 -1.19601</i>
                        <i>1 0 0 0 1 0 0 0 1 4.94 1.96 -1.18</i>
                        <i>1 0 0 0 1 0 0 0 1 4.94 1.96074 -1.18</i>
                        <i>1 0 0 0 1 0 0 0 1 4.94 1.96285 -1.18</i>
                        <i>1 0 0 0 1 0 0 0 1 4.94 1.9662 -1.18</i>
                        <i>1 0 0 0 1 0 0 0 1 4.94 1.97064 -1.18</i>
                        <i>1 0 0 0 1 0 0 0 1 4.94 1.97602 -1.18</i>
                        <i>1 0 0 0 1 0 0 0 1 4.94 1.98219 -1.18</i>
                        <i>1 0 0 0 1 0 0 0 1 4.94 1.989 -1.18</i>
                        <i>1 0 0 0 1 0 0 0 1 4.94 1.99632 -1.18</i>
                        <i>1 0 0 0 1 0 0 0 1 4.94 2.00399 -1.18</i>
                        <i>1 0 0 0 1 0 0 0 1 4.94 2.01187 -1.18</i>
                        <i>1 0 0 0 1 0 0 0 1 4.94 2.01982 -1.18</i>
                        <i>1 0 0 0 1 0 0 0 1 4.94 2.02768 -1.18</i>
                        <i>1 0 0 0 1 0 0 0 1 4.94 2.03531 -1.18</i>
                        <i>1 0 0 0 1 0 0 0 1 4.94 2.04256 -1.18</i>
                        <i>1 0 0 0 1 0 0 0 1 4.94 2.0493 -1.18</i>
                        <i>1 0 0 0 1 0 0 0 1 4.94 2.05536 -1.18</i>
                        <i>1 0 0 0 1 0 0 0 1 4.94 2.06061 -1.18</i>
                        <i>1 0 0 0 1 0 0 0 1 4.94 2.06489 -1.18</i>
                        <i>1 0 0 0 1 0 0 0 1 4.94 2.06807 -1.18</i>
                        <i>1 0 0 0 1 0 0 0 1 4.94 2.07 -1.18</i>
                        <i>1 0 0 0 1 0 0 0 1 4.94 2.07069 -1.18</i>
                        <i>1 0 0 0 1 0 0 0 1 4.94 2.07034 -1.18</i>
                        <i>1 0 0 0 1 0 0 0 1 4.94 2.06906 -1.18</i>
                        <i>1 0 0 0 1 0 0 0 1 4.94 2.06696 -1.18</i>
                        <i>1 0 0 0 1 0 0 0 1 4.94 2.06414 -1.18</i>
                        <i>1 0 0 0 1 0 0 0 1 4.94 2.06071 -1.18</i>
                        <i>1 0 0 0 1 0 0 0 1 4.94 2.05679 -1.18</i>
                        <i>1 0 0 0 1 0 0 0 1 4.94 2.05248 -1.18</i>
                        <i>1 0 0 0 1 0 0 0 1 4.94 2.04789 -1.18</i>
                        <i>1 0 0 0 1 0 0 0 1 4.94 2.04312 -1.18</i>
                        <i>1 0 0 0 1 0 0 0 1 4.94 2.0383 -1.18</i>
                        <i>1 0 0 0 1 0 0 0 1 4.94 2.03352 -1.18</i>
                        <i>1 0 0 0 1 0 0 0 1 4.94 2.0289 -1.18</i>
                        <i>1 0 0 0 1 0 0 0 1 4.94 2.02453 -1.18</i>
                        <i>1 0 0 0 1 0 0 0 1 4.94 2.02055 -1.18</i>
                        <i>1 0 0 0 1 0 0 0 1 4.94 2.01704 -1.18</i>
                        <i>1 0 0 0 1 0 0 0 1 4.94 2.01412 -1.18</i>
                        <i>1 0 0 0 1 0 0 0 1 4.94 2.0119 -1.18</i>
                        <i>1 0 0 0 1 0 0 0 1 4.94 2.01049 -1.18</i>
                        <i>1 0 0 0 1 0 0 0 1 4.94 2.01 -1.18</i>
                        <i>1 0 0 0 1 0 0 0 1 4.94 2.01014 -1.18</i>
                        <i>1 0 0 0 1 0 0 0 1 4.94 2.01056 -1.18</i>
                        <i>1 0 0 0 1 0 0 0 1 4.94 2.01121 -1.18</i>
                        <i>1 0 0 0 1 0 0 0 1 4.94 2.01208 -1.18</i>
                        <i>1 0 0 0 1 0 0 0 1 4.94 2.01312 -1.18</i>
                        <i>1 0 0 0 1 0 0 0 1 4.94 2.01432 -1.18</i>
                        <i>1 0 0 0 1 0 0 0 1 4.94 2.01564 -1.18</i>
                        <i>1 0 0 0 1 0 0 0 1 4.94 2.01704 -1.18</i>
                        <i>1 0 0 0 1 0 0 0 1 4.94 2.0185 -1.18</i>
                        <i>1 0 0 0 1 0 0 0 1 4.94 2.02 -1.18</i>
                        <i>1 0 0 0 1 0 0 0 1 4.94 2.0215 -1.18</i>
                        <i>1 0 0 0 1 0 0 0 1 4.94 2.02296 -1.18</i>
                        <i>1 0 0 0 1 0 0 0 1 4.94 2.02436 -1.18</i>
                        <i>1 0 0 0 1 0 0 0 1 4.94 2.02568 -1.18</i>
                        <i>1 0 0 0 1 0 0 0 1 4.94 2.02688 -1.18</i>
                        <i>1 0 0 0 1 0 0 0 1 4.94 2.02792 -1.18</i>
                        <i>1 0 0 0 1 0 0 0 1 4.94 2.02878 -1.18</i>
                        <i>1 0 0 0 1 0 0 0 1 4.94 2.02944 -1.18</i>
                        <i>1 0 0 0 1 0 0 0 1 4.94 2.02986 -1.18</i>
                        <i>1 0 0 0 1 0 0 0 1 4.94 2.03 -1.18</i>
                        <i>1 0 0 0 1 0 0 0 1 4.94 2.02376 -1.18</i>
                        <i>1 0 0 0 1 0 0 0 1 4.94 2.00888 -1.18</i>
                        <i>1 0 0 0 1 0 0 0 1 4.94 1.99112 -1.18</i>
                        <i>1 0 0 0 1 0 0 0 1 4.94 1.97624 -1.18</i>
                        <i>1 0 0 0 1 0 0 0 1 4.94 1.97 -1.18</i>
                        <i>1 0 0 0 1 0 0 0 1 4.94 1.97 -1.18</i>
                        <i>1 0 0 0 1 0 0 0 1 4.94 1.97 -1.18</i>
                        <i>1 0 0 0 1 0 0 0 1 4.94 1.97 -1.18</i>
                        <i>1 0 0 0 1 0 0 0 1 4.94 1.97 -1.18</i>
                        <i>1 0 0 0 1 0 0 0 1 4.94 1.97 -1.18</i>
                        <i>1 0 0 0 1 0 0 0 1 4.96484 1.96781 -1.23311</i>
                        <i>1 0 0 0 1 0 0 0 1 5.00264 1.96389 -1.31412</i>
                        <i>1 0 0 0 1 0 0 0 1 5.04162 1.96552 -1.39557</i>
                        <i>1 0 0 0 1 0 0 0 1 5.07 1.98 -1.45</i>
                        <i>1 0 0 0 1 0 0 0 1 5.08787 2.01274 -1.47559</i>
                        <i>1 0 0 0 1 0 0 0 1 5.103 2.05862 -1.49058</i>
                        <i>1 0 0 0 1 0 0 0 1 5.11517 2.10913 -1.49764</i>
                        <i>1 0 0 0 1 0 0 0 1 5.12414 2.15575 -1.4994</i>
                        <i>1 0 0 0 1 0 0 0 1 5.1297 2.18996 -1.49852</i>
                        <i>1 0 0 0 1 0 0 0 1 5.1316 2.20326 -1.49763</i>
                    </KeyFrames>
                </p>
            </i>
            <i>
                <p>
                    <Name><![CDATA[spine0]]></Name>
                    <Exclude>0</Exclude>
                    <Additive>0</Additive>
                    <IKPriority>0</IKPriority>
                    <IKRotLimits>-1e+010 -1e+010 -1e+010 1e+010 1e+010 1e+010</IKRotLimits>
                    <IKRotLimitOrder>0</IKRotLimitOrder>
                    <KeyFrames count="90">
                        <i>0.021111 0.995918 -0.0877602 -0.136828 -0.0840757 -0.98702 -0.99037 0.032845 0.134495 5.18139 2.33806 -1.50457</i>
                        <i>0.0189543 0.994977 -0.098295 -0.136548 -0.0948154 -0.986086 -0.990452 0.0321125 0.134065 5.1718 2.34681 -1.49665</i>
                        <i>-0.000458333 0.993531 -0.11356 -0.134452 -0.11259 -0.984503 -0.99092 0.0148171 0.133633 5.14729 2.363 -1.47427</i>
                        <i>-0.054971 0.992527 -0.108945 -0.132006 -0.115377 -0.984511 -0.989724 -0.0397382 0.137361 5.1144 2.37189 -1.43959</i>
                        <i>-0.12808 0.988471 -0.080748 -0.135868 -0.0981391 -0.985854 -0.982413 -0.115297 0.146871 5.07992 2.3598 -1.3952</i>
                        <i>-0.195236 0.979762 -0.0441558 -0.144529 -0.0732724 -0.986784 -0.970049 -0.186274 0.155909 5.04773 2.31625 -1.34634</i>
                        <i>-0.267863 0.963456 -0.00141341 -0.150785 -0.0433704 -0.987615 -0.951585 -0.264332 0.156892 5.01851 2.251 -1.2991</i>
                        <i>-0.34037 0.939313 0.0428919 -0.153453 -0.0104856 -0.9881 -0.927685 -0.342902 0.147709 4.99412 2.18129 -1.25792</i>
                        <i>-0.402582 0.911797 0.0809598 -0.153078 0.0201389 -0.988009 -0.902494 -0.410147 0.131469 4.97643 2.1244 -1.2273</i>
                        <i>-0.440774 0.89167 0.103168 -0.151509 0.0393807 -0.987671 -0.884739 -0.45097 0.117738 4.96729 2.09762 -1.21182</i>
                        <i>-0.439265 0.892659 0.101025 -0.151876 0.0370458 -0.987705 -0.885426 -0.449207 0.119301 4.96692 2.09848 -1.21158</i>
                        <i>-0.436826 0.894367 0.0963901 -0.152897 0.0317747 -0.987731 -0.886457 -0.446205 0.122866 4.96589 2.10095 -1.21091</i>
                        <i>-0.436021 0.895196 0.0922456 -0.154484 0.0265274 -0.987639 -0.886578 -0.444882 0.126727 4.96436 2.1048 -1.2099</i>
                        <i>-0.438317 0.89409 0.0920968 -0.156779 0.0248412 -0.987321 -0.885041 -0.447199 0.129286 4.96247 2.10982 -1.20865</i>
                        <i>-0.443659 0.891021 0.0961666 -0.159665 0.0270034 -0.986802 -0.881858 -0.453158 0.130285 4.96035 2.1158 -1.20724</i>
                        <i>-0.451284 0.886517 0.10213 -0.162671 0.0308053 -0.986199 -0.877429 -0.46167 0.130309 4.95817 2.12255 -1.20578</i>
                        <i>-0.461315 0.880418 0.109788 -0.165653 0.0360963 -0.985523 -0.871635 -0.472823 0.129192 4.95607 2.12987 -1.20437</i>
                        <i>-0.473759 0.872593 0.118886 -0.168487 0.042694 -0.984779 -0.864387 -0.486578 0.126794 4.95419 2.1376 -1.20312</i>
                        <i>-0.487488 0.863612 0.128564 -0.170941 0.0499958 -0.984012 -0.856233 -0.501671 0.123254 4.95268 2.14558 -1.20213</i>
                        <i>-0.500697 0.854612 0.13763 -0.172679 0.0571888 -0.983316 -0.848225 -0.516109 0.118939 4.95169 2.15364 -1.20152</i>
                        <i>-0.513246 0.845743 0.145937 -0.173867 0.0640542 -0.982684 -0.840446 -0.529732 0.114171 4.95108 2.16168 -1.20118</i>
                        <i>-0.525275 0.83696 0.153573 -0.174831 0.0704755 -0.982073 -0.832779 -0.542707 0.109308 4.95059 2.16961 -1.20094</i>
                        <i>-0.536079 0.828833 0.160175 -0.175501 0.0761725 -0.981528 -0.825723 -0.554287 0.104626 4.95025 2.17729 -1.2008</i>
                        <i>-0.544968 0.821979 0.16541 -0.175803 0.0808729 -0.981098 -0.819819 -0.563747 0.100433 4.95005 2.18457 -1.20074</i>
                        <i>-0.551354 0.816949 0.169124 -0.175707 0.0844638 -0.980812 -0.815559 -0.570491 0.0969744 4.94999 2.1913 -1.20076</i>
                        <i>-0.555164 0.81389 0.171391 -0.175225 0.0869907 -0.980678 -0.813074 -0.574469 0.0943197 4.95009 2.19734 -1.20087</i>
                        <i>-0.556548 0.812778 0.172183 -0.174346 0.0883762 -0.980711 -0.812316 -0.575832 0.0925189 4.95035 2.20254 -1.20105</i>
                        <i>-0.555652 0.813542 0.171465 -0.173067 0.0885379 -0.980923 -0.813203 -0.574726 0.0916008 4.95076 2.20676 -1.2013</i>
                        <i>-0.552583 0.816099 0.169218 -0.1714 0.087421 -0.981315 -0.815644 -0.571262 0.0915718 4.95135 2.20985 -1.20162</i>
                        <i>-0.547378 0.820366 0.165457 -0.169379 0.0850166 -0.981877 -0.819566 -0.565483 0.0924163 4.9521 2.21165 -1.202</i>
                        <i>-0.540573 0.825835 0.160551 -0.167115 0.0816293 -0.982552 -0.824532 -0.557972 0.0938829 4.95301 2.2122 -1.20243</i>
                        <i>-0.53296 0.831814 0.155048 -0.164752 0.0777192 -0.983268 -0.829946 -0.549587 0.0956218 4.95408 2.21167 -1.20291</i>
                        <i>-0.524009 0.838665 0.148513 -0.162248 0.0728839 -0.984055 -0.836116 -0.539749 0.0978801 4.95526 2.21018 -1.20342</i>
                        <i>-0.513382 0.846542 0.140729 -0.159618 0.0669316 -0.984907 -0.843185 -0.528097 0.100762 4.95653 2.20785 -1.20394</i>
                        <i>-0.501709 0.854856 0.132326 -0.157023 0.060431 -0.985744 -0.850666 -0.515335 0.103913 4.95787 2.20478 -1.20446</i>
                        <i>-0.489591 0.863108 0.123878 -0.154597 0.0538947 -0.986507 -0.858138 -0.502135 0.107048 4.95925 2.20108 -1.20496</i>
                        <i>-0.477598 0.870902 0.115884 -0.152437 0.0477574 -0.987159 -0.865253 -0.48913 0.109949 4.96064 2.19687 -1.20544</i>
                        <i>-0.466273 0.877929 0.108764 -0.150609 0.0423728 -0.987685 -0.871726 -0.476911 0.112466 4.96201 2.19227 -1.20588</i>
                        <i>-0.456148 0.883937 0.102879 -0.149152 0.0380321 -0.988083 -0.877316 -0.466057 0.114493 4.96334 2.18739 -1.20626</i>
                        <i>-0.447788 0.88869 0.098566 -0.148092 0.0350002 -0.988354 -0.881791 -0.45717 0.115935 4.96461 2.18235 -1.20657</i>
                        <i>-0.442258 0.891686 0.0964599 -0.147481 0.0337843 -0.988488 -0.884679 -0.451393 0.116565 4.96579 2.17729 -1.2067</i>
                        <i>-0.439918 0.892821 0.0966554 -0.147278 0.034445 -0.988495 -0.885879 -0.449092 0.11634 4.96686 2.17232 -1.20661</i>
                        <i>-0.440318 0.892398 0.0987164 -0.147377 0.036619 -0.988402 -0.885663 -0.44976 0.115395 4.96782 2.16756 -1.20634</i>
                        <i>-0.44296 0.890696 0.102207 -0.147684 0.039953 -0.988227 -0.884294 -0.452839 0.113844 4.96867 2.1631 -1.20594</i>
                        <i>-0.447265 0.888018 0.106667 -0.148117 0.0440742 -0.987987 -0.882052 -0.457691 0.111817 4.96941 2.15905 -1.20546</i>
                        <i>-0.452567 0.88472 0.111596 -0.148602 0.0485708 -0.987704 -0.879261 -0.463586 0.10949 4.97002 2.1555 -1.20495</i>
                        <i>-0.458119 0.88123 0.116452 -0.149077 0.0529831 -0.987405 -0.876301 -0.469709 0.107099 4.97052 2.15256 -1.20447</i>
                        <i>-0.46311 0.878049 0.120658 -0.149484 0.0568051 -0.987131 -0.873604 -0.475187 0.104947 4.97087 2.15034 -1.20406</i>
                        <i>-0.466707 0.87573 0.123618 -0.149769 0.0594976 -0.986929 -0.871639 -0.479121 0.10339 4.9711 2.14893 -1.20378</i>
                        <i>-0.468082 0.874838 0.124734 -0.149878 0.0605133 -0.986851 -0.870882 -0.480622 0.102793 4.97117 2.14843 -1.20367</i>
                        <i>-0.461736 0.877518 0.129466 -0.150406 0.0663874 -0.986393 -0.874173 -0.474925 0.101331 4.97112 2.14857 -1.20379</i>
                        <i>-0.45284 0.881827 0.131592 -0.150718 0.0697573 -0.986113 -0.878761 -0.466385 0.101318 4.97099 2.14896 -1.20412</i>
                        <i>-0.447782 0.885226 0.125963 -0.150256 0.0643757 -0.986549 -0.881427 -0.460686 0.104184 4.97076 2.14958 -1.20458</i>
                        <i>-0.441518 0.889311 0.119111 -0.149699 0.0578782 -0.987036 -0.884676 -0.453625 0.107575 4.97045 2.15042 -1.20514</i>
                        <i>-0.434824 0.893545 0.111832 -0.149117 0.0510265 -0.987502 -0.888084 -0.446065 0.111055 4.97004 2.15144 -1.20574</i>
                        <i>-0.428438 0.897466 0.104862 -0.148581 0.044498 -0.987899 -0.891271 -0.438834 0.114282 4.96955 2.15263 -1.20632</i>
                        <i>-0.423057 0.900695 0.0988461 -0.148166 0.0388557 -0.988199 -0.893907 -0.43271 0.117014 4.96898 2.15397 -1.20682</i>
                        <i>-0.419334 0.902919 0.0943222 -0.147942 0.0345439 -0.988393 -0.895696 -0.428421 0.119094 4.96831 2.15544 -1.20719</i>
                        <i>-0.417901 0.903849 0.091738 -0.147981 0.0319072 -0.988475 -0.89636 -0.42666 0.120419 4.96755 2.15703 -1.20737</i>
                        <i>-0.419402 0.90318 0.0914818 -0.148354 0.031228 -0.988441 -0.895597 -0.428126 0.120893 4.9667 2.1587 -1.20731</i>
                        <i>-0.422886 0.901362 0.0933487 -0.148071 0.0328964 -0.98843 -0.894004 -0.431815 0.119554 4.96644 2.1603 -1.20701</i>
                        <i>-0.4298 0.897671 0.097256 -0.148768 0.0358371 -0.988222 -0.890584 -0.439207 0.118142 4.96565 2.16202 -1.20644</i>
                        <i>-0.439366 0.892425 0.10264 -0.150221 0.0396579 -0.987857 -0.885659 -0.449449 0.116636 4.96446 2.16379 -1.20568</i>
                        <i>-0.450765 0.885967 0.108967 -0.152198 0.0440034 -0.98737 -0.879572 -0.461656 0.115007 4.963 2.16551 -1.20479</i>
                        <i>-0.463125 0.878706 0.115721 -0.154472 0.0485413 -0.986804 -0.872727 -0.47489 0.113255 4.9614 2.16713 -1.20383</i>
                        <i>-0.475511 0.871155 0.122388 -0.156818 0.0529534 -0.986207 -0.86562 -0.488145 0.111433 4.95979 2.16856 -1.20288</i>
                        <i>-0.486934 0.863941 0.128459 -0.159015 0.0569291 -0.985633 -0.858842 -0.500365 0.109659 4.95831 2.16977 -1.20202</i>
                        <i>-0.496369 0.857797 0.133427 -0.160847 0.0601597 -0.985144 -0.85308 -0.510456 0.108113 4.95709 2.17068 -1.2013</i>
                        <i>-0.502779 0.853524 0.136784 -0.162103 0.0623336 -0.984803 -0.849079 -0.517312 0.107019 4.95626 2.17127 -1.20082</i>
                        <i>-0.505139 0.85193 0.138018 -0.162569 0.0631311 -0.984675 -0.847588 -0.519836 0.106608 4.95596 2.17148 -1.20064</i>
                        <i>-0.499434 0.855668 0.135638 -0.161806 0.0616796 -0.984893 -0.851108 -0.513836 0.107648 4.95722 2.16504 -1.20097</i>
                        <i>-0.485692 0.864413 0.129975 -0.159864 0.0583451 -0.985413 -0.859388 -0.499385 0.109851 4.96038 2.14961 -1.20178</i>
                        <i>-0.469019 0.874544 0.123263 -0.15722 0.0546622 -0.98605 -0.869082 -0.481855 0.111858 4.96449 2.13104 -1.20278</i>
                        <i>-0.454677 0.882832 0.117801 -0.154218 0.0522293 -0.986655 -0.877203 -0.466777 0.112401 4.9686 2.11523 -1.20368</i>
                        <i>-0.44807 0.886449 0.115938 -0.151065 0.0527464 -0.987116 -0.881143 -0.459811 0.110277 4.97179 2.1082 -1.20421</i>
                        <i>-0.44934 0.885593 0.11755 -0.147929 0.0560074 -0.987411 -0.881028 -0.461073 0.105838 4.97401 2.10764 -1.20437</i>
                        <i>-0.453738 0.882971 0.120348 -0.145013 0.0600902 -0.987603 -0.879257 -0.465565 0.100777 4.97577 2.10719 -1.20442</i>
                        <i>-0.459314 0.879655 0.123443 -0.142582 0.0641554 -0.987702 -0.876756 -0.471266 0.0959551 4.97705 2.10685 -1.2044</i>
                        <i>-0.464098 0.876784 0.125945 -0.140916 0.0672918 -0.987732 -0.874503 -0.476152 0.0923233 4.97784 2.10664 -1.20435</i>
                        <i>-0.466126 0.87556 0.126973 -0.140301 0.0685478 -0.987733 -0.873523 -0.478222 0.0908902 4.97811 2.10657 -1.20432</i>
                        <i>-0.452958 0.883465 0.119657 -0.143944 0.0599822 -0.987766 -0.879835 -0.464641 0.1 5.00486 2.10339 -1.25985</i>
                        <i>-0.429138 0.897024 0.105773 -0.15367 0.0428892 -0.987191 -0.890071 -0.439895 0.11944 5.04419 2.09825 -1.34443</i>
                        <i>-0.382949 0.920273 0.0802934 -0.165474 0.0171759 -0.986065 -0.908828 -0.390899 0.145703 5.08447 2.09879 -1.42876</i>
                        <i>-0.317655 0.947084 0.0461173 -0.174241 -0.0104945 -0.984647 -0.93206 -0.320814 0.168354 5.11406 2.11276 -1.4836</i>
                        <i>-0.243189 0.969934 0.009348 -0.177834 -0.0351096 -0.983434 -0.953538 -0.240822 0.181025 5.13326 2.14571 -1.50645</i>
                        <i>-0.163904 0.986109 -0.0269091 -0.176153 -0.0560968 -0.982763 -0.970621 -0.156339 0.182901 5.14982 2.19215 -1.51652</i>
                        <i>-0.0909848 0.994295 -0.0556753 -0.167878 -0.070421 -0.983289 -0.9816 -0.0801177 0.173328 5.16329 2.24325 -1.51741</i>
                        <i>-0.0322405 0.996694 -0.0745718 -0.154938 -0.0786927 -0.984785 -0.987398 -0.020196 0.156963 5.17323 2.29029 -1.513</i>
                        <i>0.00681448 0.996388 -0.0846407 -0.142385 -0.0828134 -0.986341 -0.989788 0.0187729 0.141306 5.17932 2.32471 -1.50735</i>
                        <i>0.021111 0.995918 -0.0877602 -0.136828 -0.0840757 -0.98702 -0.99037 0.032845 0.134495 5.18139 2.33806 -1.50457</i>
                    </KeyFrames>
                </p>
            </i>
            <i>
                <p>
                    <Name><![CDATA[spine1]]></Name>
                    <Exclude>0</Exclude>
                    <Additive>0</Additive>
                    <IKPriority>0</IKPriority>
                    <IKRotLimits>-1e+010 -1e+010 -1e+010 1e+010 1e+010 1e+010</IKRotLimits>
                    <IKRotLimitOrder>0</IKRotLimitOrder>
                    <KeyFrames count="90">
                        <i>-0.13027 0.991381 -0.0139022 -0.413791 -0.0671046 -0.907895 -0.901003 -0.112519 0.418966 5.18508 2.51153 -1.51986</i>
                        <i>-0.0929537 0.995359 -0.0248883 -0.417238 -0.0616363 -0.906705 -0.904031 -0.0738972 0.421031 5.1751 2.51952 -1.51371</i>
                        <i>-0.0434324 0.998663 -0.0280194 -0.422047 -0.0437611 -0.905517 -0.905533 -0.0275033 0.423384 5.14722 2.53468 -1.49389</i>
                        <i>-0.0756902 0.996902 0.0213986 -0.42431 -0.0127808 -0.905427 -0.902348 -0.0776116 0.423962 5.1049 2.5437 -1.45845</i>
                        <i>-0.19675 0.973462 0.116879 -0.427016 0.0222297 -0.903971 -0.88258 -0.227765 0.41131 5.05751 2.53287 -1.40934</i>
                        <i>-0.348109 0.910715 0.222302 -0.431118 0.0550475 -0.900615 -0.832441 -0.40935 0.373463 5.01284 2.49157 -1.35425</i>
                        <i>-0.507062 0.796773 0.328695 -0.437873 0.0903448 -0.894486 -0.742399 -0.597486 0.303075 4.96902 2.42929 -1.29938</i>
                        <i>-0.635235 0.652806 0.4127 -0.447115 0.124865 -0.885718 -0.629734 -0.747164 0.212561 4.9288 2.36192 -1.24969</i>
                        <i>-0.716695 0.519842 0.464878 -0.457065 0.153336 -0.876116 -0.526725 -0.840388 0.127706 4.89658 2.30565 -1.21124</i>
                        <i>-0.754447 0.438798 0.488125 -0.464441 0.168604 -0.869406 -0.463793 -0.882626 0.0765934 4.87816 2.27836 -1.19094</i>
                        <i>-0.75357 0.442366 0.486255 -0.468677 0.157135 -0.869281 -0.460948 -0.882962 0.0889141 4.87806 2.27949 -1.19113</i>
                        <i>-0.751517 0.450751 0.481711 -0.477885 0.131434 -0.868534 -0.454806 -0.882921 0.116632 4.87752 2.28232 -1.19139</i>
                        <i>-0.749113 0.460464 0.476237 -0.486974 0.104595 -0.867131 -0.449095 -0.881494 0.145881 4.87628 2.28605 -1.19126</i>
                        <i>-0.747106 0.468104 0.471923 -0.491287 0.0893636 -0.866401 -0.447739 -0.879143 0.163209 4.87432 2.29003 -1.19012</i>
                        <i>-0.74605 0.47238 0.469325 -0.491149 0.0855632 -0.866863 -0.449646 -0.877232 0.168175 4.87174 2.29415 -1.18803</i>
                        <i>-0.746431 0.473309 0.467782 -0.490069 0.0845779 -0.867571 -0.450193 -0.876827 0.168822 4.8687 2.29868 -1.18552</i>
                        <i>-0.748878 0.469512 0.467696 -0.488391 0.0860265 -0.868374 -0.447946 -0.878725 0.164882 4.86525 2.30353 -1.18275</i>
                        <i>-0.753956 0.459511 0.469468 -0.486545 0.089571 -0.869052 -0.441389 -0.883644 0.15604 4.8615 2.30865 -1.17984</i>
                        <i>-0.760821 0.444653 0.472689 -0.484748 0.0948889 -0.869492 -0.431475 -0.890662 0.143351 4.85776 2.31402 -1.17708</i>
                        <i>-0.767796 0.428338 0.476462 -0.483007 0.101621 -0.8697 -0.420945 -0.897886 0.128866 4.85453 2.31975 -1.17479</i>
                        <i>-0.77471 0.41102 0.480507 -0.481612 0.108848 -0.869599 -0.409724 -0.905105 0.113626 4.8517 2.3257 -1.17291</i>
                        <i>-0.781644 0.392693 0.484587 -0.48087 0.1154 -0.869164 -0.397236 -0.912401 0.0986329 4.84904 2.33168 -1.17123</i>
                        <i>-0.788254 0.374237 0.488469 -0.48094 0.120509 -0.868432 -0.383865 -0.919469 0.084994 4.84669 2.33765 -1.16983</i>
                        <i>-0.794267 0.35655 0.491948 -0.481924 0.123355 -0.867487 -0.369986 -0.926097 0.0738536 4.84476 2.34361 -1.16876</i>
                        <i>-0.799477 0.340503 0.494869 -0.483956 0.122912 -0.866418 -0.355843 -0.932175 0.0665233 4.84338 2.34951 -1.16804</i>
                        <i>-0.803759 0.326809 0.49716 -0.486758 0.119285 -0.865354 -0.342109 -0.937532 0.0632003 4.84257 2.35521 -1.16765</i>
                        <i>-0.807019 0.316167 0.498756 -0.489821 0.113361 -0.864422 -0.329841 -0.941906 0.0633811 4.84232 2.36055 -1.16761</i>
                        <i>-0.809169 0.309285 0.499588 -0.492702 0.106109 -0.863705 -0.320141 -0.945031 0.0665254 4.84263 2.36533 -1.16791</i>
                        <i>-0.810097 0.306857 0.499581 -0.495025 0.0985933 -0.863267 -0.314155 -0.946635 0.0720316 4.8435 2.36939 -1.16857</i>
                        <i>-0.809647 0.309546 0.498651 -0.496461 0.0919562 -0.863175 -0.313046 -0.946428 0.0792254 4.84494 2.37253 -1.16958</i>
                        <i>-0.808078 0.316164 0.497041 -0.496881 0.0873918 -0.863407 -0.316416 -0.944671 0.0864766 4.84686 2.37465 -1.17088</i>
                        <i>-0.805835 0.324779 0.495125 -0.496159 0.086045 -0.863958 -0.323198 -0.941868 0.0918037 4.8491 2.37579 -1.17235</i>
                        <i>-0.802908 0.335469 0.492747 -0.494413 0.0870099 -0.864861 -0.333008 -0.938024 0.0959995 4.85171 2.37621 -1.17405</i>
                        <i>-0.799293 0.348249 0.489748 -0.492011 0.0886974 -0.866059 -0.345044 -0.933196 0.100447 4.85469 2.3761 -1.176</i>
                        <i>-0.795081 0.362505 0.486248 -0.488996 0.0911311 -0.867513 -0.35879 -0.927516 0.104807 4.85793 2.3754 -1.17808</i>
                        <i>-0.790391 0.377589 0.482399 -0.485449 0.0942616 -0.869169 -0.373661 -0.921163 0.108797 4.86132 2.37408 -1.18017</i>
                        <i>-0.785388 0.392824 0.478388 -0.481512 0.0979506 -0.870949 -0.388988 -0.914382 0.112221 4.86474 2.37211 -1.18215</i>
                        <i>-0.780286 0.407512 0.474435 -0.477398 0.101975 -0.87275 -0.404036 -0.907488 0.114976 4.86809 2.3695 -1.18395</i>
                        <i>-0.775346 0.420955 0.470782 -0.47338 0.106051 -0.874451 -0.418031 -0.900861 0.117045 4.87126 2.36624 -1.18547</i>
                        <i>-0.770867 0.432479 0.467681 -0.469775 0.109873 -0.875922 -0.430203 -0.894925 0.11847 4.87413 2.36235 -1.18663</i>
                        <i>-0.767804 0.440443 0.465283 -0.466707 0.113038 -0.877158 -0.438933 -0.890636 0.118767 4.87645 2.35784 -1.1872</i>
                        <i>-0.766692 0.444229 0.463513 -0.464093 0.115389 -0.878239 -0.443623 -0.888452 0.117696 4.87811 2.35286 -1.1871</i>
                        <i>-0.76717 0.444713 0.462256 -0.461904 0.117031 -0.879175 -0.445079 -0.887994 0.115632 4.87917 2.34765 -1.18645</i>
                        <i>-0.768834 0.442742 0.461383 -0.460087 0.118084 -0.879986 -0.444089 -0.88884 0.112913 4.87971 2.34239 -1.18539</i>
                        <i>-0.771268 0.439122 0.460779 -0.45859 0.118664 -0.88069 -0.441408 -0.890557 0.109855 4.87982 2.33731 -1.18408</i>
                        <i>-0.774068 0.434618 0.460354 -0.45737 0.118889 -0.881293 -0.437757 -0.892733 0.106753 4.87962 2.33262 -1.18264</i>
                        <i>-0.776849 0.429952 0.46005 -0.456408 0.118871 -0.881794 -0.433816 -0.894992 0.103889 4.87922 2.32855 -1.18124</i>
                        <i>-0.779253 0.425806 0.459841 -0.455703 0.118724 -0.882178 -0.430232 -0.896991 0.101525 4.87876 2.32534 -1.18004</i>
                        <i>-0.78094 0.422836 0.45972 -0.455268 0.118559 -0.882425 -0.427625 -0.898417 0.0999163 4.87839 2.32323 -1.1792</i>
                        <i>-0.781578 0.421696 0.459682 -0.45512 0.118481 -0.882512 -0.426616 -0.898963 0.0993199 4.87824 2.32247 -1.17889</i>
                        <i>-0.780305 0.423509 0.460178 -0.463223 0.102976 -0.880239 -0.420177 -0.90002 0.115827 4.87941 2.32323 -1.17805</i>
                        <i>-0.777503 0.428246 0.460537 -0.470882 0.0889678 -0.877699 -0.416844 -0.899272 0.13248 4.88091 2.32473 -1.17791</i>
                        <i>-0.774137 0.434571 0.460283 -0.470925 0.0905378 -0.877515 -0.423016 -0.896075 0.134562 4.88154 2.32635 -1.17946</i>
                        <i>-0.769918 0.442409 0.459892 -0.470213 0.0939143 -0.877542 -0.431422 -0.891883 0.13572 4.88227 2.32841 -1.18133</i>
                        <i>-0.765209 0.45101 0.459395 -0.468754 0.0987927 -0.877787 -0.441276 -0.887034 0.135816 4.88298 2.33075 -1.18333</i>
                        <i>-0.760405 0.459593 0.458866 -0.466603 0.10484 -0.878231 -0.451736 -0.88192 0.134726 4.88355 2.3332 -1.18525</i>
                        <i>-0.755943 0.467334 0.45842 -0.463886 0.111696 -0.878825 -0.461908 -0.876997 0.132354 4.88386 2.33561 -1.18691</i>
                        <i>-0.752304 0.473379 0.458204 -0.460803 0.118979 -0.879491 -0.47085 -0.872786 0.128626 4.8838 2.33784 -1.18816</i>
                        <i>-0.749996 0.476856 0.458382 -0.457616 0.126301 -0.880134 -0.477591 -0.86986 0.123492 4.88327 2.33976 -1.18885</i>
                        <i>-0.74954 0.476878 0.459105 -0.454619 0.133282 -0.880658 -0.481156 -0.868806 0.116898 4.88215 2.34122 -1.18886</i>
                        <i>-0.751729 0.473238 0.459292 -0.450734 0.139697 -0.88166 -0.481397 -0.869788 0.10829 4.88124 2.34235 -1.18819</i>
                        <i>-0.755167 0.466562 0.460481 -0.448064 0.145377 -0.882102 -0.478499 -0.872459 0.0992659 4.87927 2.34286 -1.18688</i>
                        <i>-0.759459 0.457652 0.462359 -0.446422 0.150351 -0.882101 -0.473212 -0.876327 0.0901203 4.8765 2.34284 -1.18512</i>
                        <i>-0.764213 0.447317 0.464636 -0.445587 0.154659 -0.881778 -0.466294 -0.880902 0.081126 4.87321 2.34237 -1.18306</i>
                        <i>-0.769057 0.436369 0.467047 -0.445344 0.15833 -0.881249 -0.458498 -0.885728 0.072569 4.86965 2.34156 -1.18089</i>
                        <i>-0.773651 0.425622 0.469372 -0.445491 0.161376 -0.880622 -0.450558 -0.890395 0.0647622 4.86611 2.34053 -1.17875</i>
                        <i>-0.777687 0.415883 0.471427 -0.445854 0.163789 -0.879993 -0.443189 -0.894547 0.0580464 4.86286 2.33943 -1.17682</i>
                        <i>-0.78089 0.407951 0.473061 -0.44628 0.16555 -0.879447 -0.437086 -0.89787 0.052784 4.8602 2.33842 -1.17524</i>
                        <i>-0.783002 0.402614 0.474141 -0.446632 0.166628 -0.879065 -0.432929 -0.900076 0.0493497 4.8584 2.33769 -1.17418</i>
                        <i>-0.783766 0.40066 0.474534 -0.446779 0.166994 -0.878921 -0.431392 -0.90088 0.0481218 4.85774 2.3374 -1.17379</i>
                        <i>-0.781723 0.406311 0.473096 -0.447916 0.162026 -0.879272 -0.433912 -0.899255 0.0553337 4.86004 2.33182 -1.17456</i>
                        <i>-0.776966 0.41941 0.469489 -0.45066 0.150186 -0.879972 -0.439579 -0.895287 0.0723217 4.86568 2.31845 -1.17642</i>
                        <i>-0.771618 0.434239 0.464803 -0.453911 0.136013 -0.880605 -0.445612 -0.89047 0.0921559 4.87275 2.30241 -1.17865</i>
                        <i>-0.768072 0.445269 0.460217 -0.456111 0.124045 -0.881235 -0.449474 -0.886763 0.107817 4.87929 2.28895 -1.18053</i>
                        <i>-0.768936 0.447117 0.456973 -0.455211 0.118993 -0.882397 -0.448911 -0.886525 0.112035 4.88334 2.28354 -1.1813</i>
                        <i>-0.773879 0.440333 0.455212 -0.452232 0.119002 -0.883926 -0.443393 -0.889913 0.10704 4.8848 2.28382 -1.18101</i>
                        <i>-0.779881 0.430769 0.454119 -0.44975 0.118937 -0.8852 -0.435328 -0.894591 0.100981 4.88517 2.28386 -1.18037</i>
                        <i>-0.785602 0.42091 0.453502 -0.447867 0.118865 -0.886164 -0.426901 -0.899281 0.0951318 4.88489 2.28375 -1.1796</i>
                        <i>-0.789848 0.413201 0.453216 -0.446674 0.118815 -0.886772 -0.420264 -0.902856 0.0907206 4.88438 2.2836 -1.17896</i>
                        <i>-0.791512 0.410082 0.453146 -0.446257 0.118797 -0.886985 -0.417569 -0.904279 0.0889729 4.88412 2.28352 -1.17869</i>
                        <i>-0.784087 0.417885 0.458889 -0.450684 0.124991 -0.88389 -0.426721 -0.899861 0.0903298 4.91318 2.28261 -1.23561</i>
                        <i>-0.768669 0.438048 0.466114 -0.457423 0.132925 -0.879258 -0.447115 -0.88907 0.0981982 4.95722 2.28049 -1.32298</i>
                        <i>-0.736642 0.4947 0.461119 -0.459493 0.134174 -0.877988 -0.496211 -0.858644 0.128473 5.0073 2.2847 -1.41257</i>
                        <i>-0.684902 0.585513 0.433688 -0.453545 0.123257 -0.882669 -0.570269 -0.801238 0.181137 5.05097 2.3014 -1.47444</i>
                        <i>-0.612917 0.694143 0.377491 -0.44087 0.0960369 -0.892419 -0.655719 -0.713402 0.247164 5.08608 2.33446 -1.50466</i>
                        <i>-0.511473 0.808466 0.291167 -0.4279 0.0542161 -0.902199 -0.745183 -0.58604 0.318212 5.11902 2.37804 -1.52161</i>
                        <i>-0.387845 0.902439 0.187565 -0.419055 0.00860537 -0.90792 -0.820956 -0.430732 0.374834 5.14675 2.42465 -1.52758</i>
                        <i>-0.263289 0.96073 0.0876136 -0.414786 -0.0307398 -0.9094 -0.870995 -0.275776 0.406591 5.16753 2.46746 -1.52626</i>
                        <i>-0.167732 0.985731 0.0141716 -0.413733 -0.0573384 -0.908591 -0.894813 -0.158263 0.417447 5.18053 2.49912 -1.52217</i>
                        <i>-0.13027 0.991381 -0.0139022 -0.413791 -0.0671046 -0.907895 -0.901003 -0.112519 0.418966 5.18508 2.51153 -1.51986</i>
                    </KeyFrames>
                </p>
            </i>
            <i>
                <p>
                    <Name><![CDATA[spine2]]></Name>
                    <Exclude>0</Exclude>
                    <Additive>0</Additive>
