<?xml version="1.0" encoding="ISO-8859-1" ?>
<Animl Version="1">
    <ModellingPackage><![CDATA[Maya.2010]]></ModellingPackage>
    <SrcFile><![CDATA[anims\turrets\antiair\red\~src\aa_s125_launcher\aa_s125_launcher_aim_random_crewman_c.mb]]></SrcFile>
    <FramesPerSecond>30</FramesPerSecond>
    <TotalFrames>90</TotalFrames>
    <Skeleton>
        <RefFrame>
            <Name><![CDATA[soldier_ref_frame]]></Name>
            <Exclude>0</Exclude>
            <Additive>0</Additive>
            <IKPriority>0</IKPriority>
            <IKRotLimits>-1e+010 -1e+010 -1e+010 1e+010 1e+010 1e+010</IKRotLimits>
            <IKRotLimitOrder>0</IKRotLimitOrder>
            <KeyFrames count="90">
                <i>1 0 0 0 1 0 0 0 1 0.914213 1.19421 -5.19492</i>
                <i>1 0 0 0 1 0 0 0 1 0.914213 1.19421 -5.19492</i>
                <i>1 0 0 0 1 0 0 0 1 0.914213 1.19421 -5.19492</i>
                <i>1 0 0 0 1 0 0 0 1 0.914213 1.19421 -5.19492</i>
                <i>1 0 0 0 1 0 0 0 1 0.914213 1.19421 -5.19492</i>
                <i>1 0 0 0 1 0 0 0 1 0.914213 1.19421 -5.19492</i>
                <i>1 0 0 0 1 0 0 0 1 0.914213 1.19421 -5.19492</i>
                <i>1 0 0 0 1 0 0 0 1 0.914213 1.19421 -5.19492</i>
                <i>1 0 0 0 1 0 0 0 1 0.914213 1.19421 -5.19492</i>
                <i>1 0 0 0 1 0 0 0 1 0.914213 1.19421 -5.19492</i>
                <i>1 0 0 0 1 0 0 0 1 0.914213 1.19421 -5.19492</i>
                <i>1 0 0 0 1 0 0 0 1 0.914213 1.19421 -5.19492</i>
                <i>1 0 0 0 1 0 0 0 1 0.914213 1.19421 -5.19492</i>
                <i>1 0 0 0 1 0 0 0 1 0.914213 1.19421 -5.19492</i>
                <i>1 0 0 0 1 0 0 0 1 0.914213 1.19421 -5.19492</i>
                <i>1 0 0 0 1 0 0 0 1 0.914213 1.19421 -5.19492</i>
                <i>1 0 0 0 1 0 0 0 1 0.914213 1.19421 -5.19492</i>
                <i>1 0 0 0 1 0 0 0 1 0.914213 1.19421 -5.19492</i>
                <i>1 0 0 0 1 0 0 0 1 0.914213 1.19421 -5.19492</i>
                <i>1 0 0 0 1 0 0 0 1 0.914213 1.19421 -5.19492</i>
                <i>1 0 0 0 1 0 0 0 1 0.914213 1.19421 -5.19492</i>
                <i>1 0 0 0 1 0 0 0 1 0.914213 1.19421 -5.19492</i>
                <i>1 0 0 0 1 0 0 0 1 0.914213 1.19421 -5.19492</i>
                <i>1 0 0 0 1 0 0 0 1 0.914213 1.19421 -5.19492</i>
                <i>1 0 0 0 1 0 0 0 1 0.914213 1.19421 -5.19492</i>
                <i>1 0 0 0 1 0 0 0 1 0.914213 1.19421 -5.19492</i>
                <i>1 0 0 0 1 0 0 0 1 0.914213 1.19421 -5.19492</i>
                <i>1 0 0 0 1 0 0 0 1 0.914213 1.19421 -5.19492</i>
                <i>1 0 0 0 1 0 0 0 1 0.914213 1.19421 -5.19492</i>
                <i>1 0 0 0 1 0 0 0 1 0.914213 1.19421 -5.19492</i>
                <i>1 0 0 0 1 0 0 0 1 0.914213 1.19421 -5.19492</i>
                <i>1 0 0 0 1 0 0 0 1 0.914213 1.19421 -5.19492</i>
                <i>1 0 0 0 1 0 0 0 1 0.914213 1.19421 -5.19492</i>
                <i>1 0 0 0 1 0 0 0 1 0.914213 1.19421 -5.19492</i>
                <i>1 0 0 0 1 0 0 0 1 0.914213 1.19421 -5.19492</i>
                <i>1 0 0 0 1 0 0 0 1 0.914213 1.19421 -5.19492</i>
                <i>1 0 0 0 1 0 0 0 1 0.914213 1.19421 -5.19492</i>
                <i>1 0 0 0 1 0 0 0 1 0.914213 1.19421 -5.19492</i>
                <i>1 0 0 0 1 0 0 0 1 0.914213 1.19421 -5.19492</i>
                <i>1 0 0 0 1 0 0 0 1 0.914213 1.19421 -5.19492</i>
                <i>1 0 0 0 1 0 0 0 1 0.914213 1.19421 -5.19492</i>
                <i>1 0 0 0 1 0 0 0 1 0.914213 1.19421 -5.19492</i>
                <i>1 0 0 0 1 0 0 0 1 0.914213 1.19421 -5.19492</i>
                <i>1 0 0 0 1 0 0 0 1 0.914213 1.19421 -5.19492</i>
                <i>1 0 0 0 1 0 0 0 1 0.914213 1.19421 -5.19492</i>
                <i>1 0 0 0 1 0 0 0 1 0.914213 1.19421 -5.19492</i>
                <i>1 0 0 0 1 0 0 0 1 0.914213 1.19421 -5.19492</i>
                <i>1 0 0 0 1 0 0 0 1 0.914213 1.19421 -5.19492</i>
                <i>1 0 0 0 1 0 0 0 1 0.914213 1.19421 -5.19492</i>
                <i>1 0 0 0 1 0 0 0 1 0.914213 1.19421 -5.19492</i>
                <i>1 0 0 0 1 0 0 0 1 0.914213 1.19421 -5.19492</i>
                <i>1 0 0 0 1 0 0 0 1 0.914213 1.19421 -5.19492</i>
                <i>1 0 0 0 1 0 0 0 1 0.914213 1.19421 -5.19492</i>
                <i>1 0 0 0 1 0 0 0 1 0.914213 1.19421 -5.19492</i>
                <i>1 0 0 0 1 0 0 0 1 0.914213 1.19421 -5.19492</i>
                <i>1 0 0 0 1 0 0 0 1 0.914213 1.19421 -5.19492</i>
                <i>1 0 0 0 1 0 0 0 1 0.914213 1.19421 -5.19492</i>
                <i>1 0 0 0 1 0 0 0 1 0.914213 1.19421 -5.19492</i>
                <i>1 0 0 0 1 0 0 0 1 0.914213 1.19421 -5.19492</i>
                <i>1 0 0 0 1 0 0 0 1 0.914213 1.19421 -5.19492</i>
                <i>1 0 0 0 1 0 0 0 1 0.914213 1.19421 -5.19492</i>
                <i>1 0 0 0 1 0 0 0 1 0.914213 1.19421 -5.19492</i>
                <i>1 0 0 0 1 0 0 0 1 0.914213 1.19421 -5.19492</i>
                <i>1 0 0 0 1 0 0 0 1 0.914213 1.19421 -5.19492</i>
                <i>1 0 0 0 1 0 0 0 1 0.914213 1.19421 -5.19492</i>
                <i>1 0 0 0 1 0 0 0 1 0.914213 1.19421 -5.19492</i>
                <i>1 0 0 0 1 0 0 0 1 0.914213 1.19421 -5.19492</i>
                <i>1 0 0 0 1 0 0 0 1 0.914213 1.19421 -5.19492</i>
                <i>1 0 0 0 1 0 0 0 1 0.914213 1.19421 -5.19492</i>
                <i>1 0 0 0 1 0 0 0 1 0.914213 1.19421 -5.19492</i>
                <i>1 0 0 0 1 0 0 0 1 0.914213 1.19421 -5.19492</i>
                <i>1 0 0 0 1 0 0 0 1 0.914213 1.19421 -5.19492</i>
                <i>1 0 0 0 1 0 0 0 1 0.914213 1.19421 -5.19492</i>
                <i>1 0 0 0 1 0 0 0 1 0.914213 1.19421 -5.19492</i>
                <i>1 0 0 0 1 0 0 0 1 0.914213 1.19421 -5.19492</i>
                <i>1 0 0 0 1 0 0 0 1 0.914213 1.19421 -5.19492</i>
                <i>1 0 0 0 1 0 0 0 1 0.914213 1.19421 -5.19492</i>
                <i>1 0 0 0 1 0 0 0 1 0.914213 1.19421 -5.19492</i>
                <i>1 0 0 0 1 0 0 0 1 0.914213 1.19421 -5.19492</i>
                <i>1 0 0 0 1 0 0 0 1 0.914213 1.19421 -5.19492</i>
                <i>1 0 0 0 1 0 0 0 1 0.914213 1.19421 -5.19492</i>
                <i>1 0 0 0 1 0 0 0 1 0.914213 1.19421 -5.19492</i>
                <i>1 0 0 0 1 0 0 0 1 0.914213 1.19421 -5.19492</i>
                <i>1 0 0 0 1 0 0 0 1 0.914213 1.19421 -5.19492</i>
                <i>1 0 0 0 1 0 0 0 1 0.914213 1.19421 -5.19492</i>
                <i>1 0 0 0 1 0 0 0 1 0.914213 1.19421 -5.19492</i>
                <i>1 0 0 0 1 0 0 0 1 0.914213 1.19421 -5.19492</i>
                <i>1 0 0 0 1 0 0 0 1 0.914213 1.19421 -5.19492</i>
                <i>1 0 0 0 1 0 0 0 1 0.914213 1.19421 -5.19492</i>
                <i>1 0 0 0 1 0 0 0 1 0.914213 1.19421 -5.19492</i>
            </KeyFrames>
        </RefFrame>
        <Bones count="23">
            <i>
                <p>
                    <Name><![CDATA[pelvis]]></Name>
                    <Exclude>0</Exclude>
                    <Additive>0</Additive>
                    <IKPriority>0</IKPriority>
                    <IKRotLimits>-1e+010 -1e+010 -1e+010 1e+010 1e+010 1e+010</IKRotLimits>
                    <IKRotLimitOrder>2</IKRotLimitOrder>
                    <KeyFrames count="90">
                        <i>1 0 0 0 1 0 0 0 1 0.985072 2.08474 -5.18044</i>
                        <i>1 0 0 0 1 0 0 0 1 0.977615 2.09202 -5.18305</i>
                        <i>1 0 0 0 1 0 0 0 1 0.962262 2.11041 -5.19011</i>
                        <i>1 0 0 0 1 0 0 0 1 0.949547 2.13479 -5.20052</i>
                        <i>1 0 0 0 1 0 0 0 1 0.95 2.16 -5.21313</i>
                        <i>1 0 0 0 1 0 0 0 1 0.968884 2.18859 -5.22683</i>
                        <i>1 0 0 0 1 0 0 0 1 0.999194 2.22266 -5.2405</i>
                        <i>1 0 0 0 1 0 0 0 1 1.03306 2.25644 -5.25299</i>
                        <i>1 0 0 0 1 0 0 0 1 1.06262 2.28415 -5.2632</i>
                        <i>1 0 0 0 1 0 0 0 1 1.08 2.3 -5.27</i>
                        <i>1 0 0 0 1 0 0 0 1 1.08 2.29944 -5.27</i>
                        <i>1 0 0 0 1 0 0 0 1 1.08 2.29792 -5.27</i>
                        <i>1 0 0 0 1 0 0 0 1 1.08 2.29568 -5.27</i>
                        <i>1 0 0 0 1 0 0 0 1 1.08 2.29296 -5.27</i>
                        <i>1 0 0 0 1 0 0 0 1 1.08 2.29 -5.27</i>
                        <i>1 0 0 0 1 0 0 0 1 1.08 2.28704 -5.27</i>
                        <i>1 0 0 0 1 0 0 0 1 1.08 2.28432 -5.27</i>
                        <i>1 0 0 0 1 0 0 0 1 1.08 2.28208 -5.27</i>
                        <i>1 0 0 0 1 0 0 0 1 1.08 2.28056 -5.27</i>
                        <i>1 0 0 0 1 0 0 0 1 1.08 2.28 -5.27</i>
                        <i>1 0 0 0 1 0 0 0 1 1.0768 2.27296 -5.27</i>
                        <i>1 0 0 0 1 0 0 0 1 1.0724 2.26208 -5.27</i>
                        <i>1 0 0 0 1 0 0 0 1 1.0671 2.25072 -5.27</i>
                        <i>1 0 0 0 1 0 0 0 1 1.0612 2.24224 -5.27</i>
                        <i>1 0 0 0 1 0 0 0 1 1.055 2.24 -5.27</i>
                        <i>1 0 0 0 1 0 0 0 1 1.0488 2.24709 -5.27</i>
                        <i>1 0 0 0 1 0 0 0 1 1.0429 2.26128 -5.27</i>
                        <i>1 0 0 0 1 0 0 0 1 1.0376 2.27792 -5.27</i>
                        <i>1 0 0 0 1 0 0 0 1 1.0332 2.29237 -5.27</i>
                        <i>1 0 0 0 1 0 0 0 1 1.03 2.3 -5.27</i>
                        <i>1 0 0 0 1 0 0 0 1 1.03 2.29944 -5.27</i>
                        <i>1 0 0 0 1 0 0 0 1 1.03 2.29792 -5.27</i>
                        <i>1 0 0 0 1 0 0 0 1 1.03 2.29568 -5.27</i>
                        <i>1 0 0 0 1 0 0 0 1 1.03 2.29296 -5.27</i>
                        <i>1 0 0 0 1 0 0 0 1 1.03 2.29 -5.27</i>
                        <i>1 0 0 0 1 0 0 0 1 1.03 2.28704 -5.27</i>
                        <i>1 0 0 0 1 0 0 0 1 1.03 2.28432 -5.27</i>
                        <i>1 0 0 0 1 0 0 0 1 1.03 2.28208 -5.27</i>
                        <i>1 0 0 0 1 0 0 0 1 1.03 2.28056 -5.27</i>
                        <i>1 0 0 0 1 0 0 0 1 1.03 2.28 -5.27</i>
                        <i>1 0 0 0 1 0 0 0 1 1.03261 2.27443 -5.27</i>
                        <i>1 0 0 0 1 0 0 0 1 1.03626 2.26608 -5.27</i>
                        <i>1 0 0 0 1 0 0 0 1 1.04068 2.25752 -5.27</i>
                        <i>1 0 0 0 1 0 0 0 1 1.04559 2.25131 -5.27</i>
                        <i>1 0 0 0 1 0 0 0 1 1.05071 2.25 -5.27</i>
                        <i>1 0 0 0 1 0 0 0 1 1.05578 2.25555 -5.27</i>
                        <i>1 0 0 0 1 0 0 0 1 1.06052 2.26624 -5.27</i>
                        <i>1 0 0 0 1 0 0 0 1 1.06465 2.27916 -5.27</i>
                        <i>1 0 0 0 1 0 0 0 1 1.0679 2.29139 -5.27</i>
                        <i>1 0 0 0 1 0 0 0 1 1.07 2.3 -5.27</i>
                        <i>1 0 0 0 1 0 0 0 1 1.07125 2.30549 -5.27</i>
                        <i>1 0 0 0 1 0 0 0 1 1.07218 2.31023 -5.27</i>
                        <i>1 0 0 0 1 0 0 0 1 1.07281 2.31415 -5.27</i>
                        <i>1 0 0 0 1 0 0 0 1 1.07318 2.31717 -5.27</i>
                        <i>1 0 0 0 1 0 0 0 1 1.07332 2.3192 -5.27</i>
                        <i>1 0 0 0 1 0 0 0 1 1.07328 2.32017 -5.27</i>
                        <i>1 0 0 0 1 0 0 0 1 1.07307 2.32 -5.27</i>
                        <i>1 0 0 0 1 0 0 0 1 1.07274 2.3175 -5.27</i>
                        <i>1 0 0 0 1 0 0 0 1 1.07231 2.31235 -5.27</i>
                        <i>1 0 0 0 1 0 0 0 1 1.07183 2.30579 -5.27</i>
                        <i>1 0 0 0 1 0 0 0 1 1.07133 2.29905 -5.27</i>
                        <i>1 0 0 0 1 0 0 0 1 1.07084 2.29338 -5.27</i>
                        <i>1 0 0 0 1 0 0 0 1 1.07039 2.29 -5.27</i>
                        <i>1 0 0 0 1 0 0 0 1 1.07002 2.29028 -5.27</i>
                        <i>1 0 0 0 1 0 0 0 1 1.06976 2.29341 -5.27</i>
                        <i>1 0 0 0 1 0 0 0 1 1.06965 2.29741 -5.27</i>
                        <i>1 0 0 0 1 0 0 0 1 1.06972 2.30027 -5.27</i>
                        <i>1 0 0 0 1 0 0 0 1 1.07 2.3 -5.27</i>
                        <i>1 0 0 0 1 0 0 0 1 1.07078 2.29111 -5.27</i>
                        <i>1 0 0 0 1 0 0 0 1 1.07215 2.27722 -5.27</i>
                        <i>1 0 0 0 1 0 0 0 1 1.0739 2.27 -5.27</i>
                        <i>1 0 0 0 1 0 0 0 1 1.07578 2.27455 -5.27</i>
                        <i>1 0 0 0 1 0 0 0 1 1.07758 2.28464 -5.27</i>
                        <i>1 0 0 0 1 0 0 0 1 1.07906 2.29491 -5.27</i>
                        <i>1 0 0 0 1 0 0 0 1 1.08 2.3 -5.27</i>
                        <i>1 0 0 0 1 0 0 0 1 1.08 2.29944 -5.27</i>
                        <i>1 0 0 0 1 0 0 0 1 1.08 2.29792 -5.27</i>
                        <i>1 0 0 0 1 0 0 0 1 1.08 2.29568 -5.27</i>
                        <i>1 0 0 0 1 0 0 0 1 1.08 2.29296 -5.27</i>
                        <i>1 0 0 0 1 0 0 0 1 1.08 2.29 -5.27</i>
                        <i>1 0 0 0 1 0 0 0 1 1.08 2.28704 -5.27</i>
                        <i>1 0 0 0 1 0 0 0 1 1.08 2.28432 -5.27</i>
                        <i>1 0 0 0 1 0 0 0 1 1.08 2.28208 -5.27</i>
                        <i>1 0 0 0 1 0 0 0 1 1.08 2.28056 -5.27</i>
                        <i>1 0 0 0 1 0 0 0 1 1.08 2.28 -5.27</i>
                        <i>1 0 0 0 1 0 0 0 1 1.06608 2.25051 -5.25686</i>
                        <i>1 0 0 0 1 0 0 0 1 1.04203 2.20094 -5.23418</i>
                        <i>1 0 0 0 1 0 0 0 1 1.01545 2.14658 -5.2091</i>
                        <i>1 0 0 0 1 0 0 0 1 0.993932 2.10275 -5.1888</i>
                        <i>1 0 0 0 1 0 0 0 1 0.985072 2.08474 -5.18044</i>
                    </KeyFrames>
                </p>
            </i>
            <i>
                <p>
                    <Name><![CDATA[spine0]]></Name>
                    <Exclude>0</Exclude>
                    <Additive>0</Additive>
                    <IKPriority>0</IKPriority>
                    <IKRotLimits>-1e+010 -1e+010 -1e+010 1e+010 1e+010 1e+010</IKRotLimits>
                    <IKRotLimitOrder>0</IKRotLimitOrder>
                    <KeyFrames count="90">
                        <i>-0.0231431 0.994289 0.104182 -0.999711 -0.0223334 -0.00893123 -0.00655347 -0.104359 0.994518 0.964375 2.21176 -5.24475</i>
                        <i>-0.0292089 0.993858 0.106737 -0.999535 -0.02811 -0.011786 -0.00871323 -0.107031 0.994217 0.955778 2.21947 -5.2461</i>
                        <i>-0.0435931 0.992974 0.110007 -0.998905 -0.0414505 -0.0216904 -0.0169782 -0.110832 0.993694 0.938218 2.23874 -5.25053</i>
                        <i>-0.0600151 0.992388 0.107534 -0.997596 -0.0558905 -0.0409702 -0.0346483 -0.109734 0.993357 0.924117 2.26395 -5.25854</i>
                        <i>-0.0709464 0.993018 0.0942404 -0.995255 -0.0641648 -0.0731418 -0.0665842 -0.0989825 0.992859 0.926071 2.28987 -5.27021</i>
                        <i>-0.067545 0.995435 0.0674242 -0.99227 -0.0599714 -0.108644 -0.104104 -0.0742414 0.991792 0.949786 2.3193 -5.2838</i>
                        <i>-0.0443231 0.998453 0.0335694 -0.989656 -0.0392938 -0.137973 -0.136441 -0.0393375 0.989867 0.986764 2.35448 -5.29675</i>
                        <i>-0.00689694 0.999968 0.0039853 -0.986416 -0.00614924 -0.164154 -0.164125 -0.00506333 0.986427 1.02808 2.38941 -5.30769</i>
                        <i>0.0310508 0.999417 -0.0142038 -0.981874 0.0278412 -0.187479 -0.186974 0.0197677 0.982166 1.06438 2.418 -5.31589</i>
                        <i>0.0535003 0.998364 -0.0201924 -0.977274 0.048195 -0.20643 -0.20512 0.0307776 0.978253 1.08611 2.43431 -5.32119</i>
                        <i>0.052034 0.998468 -0.0188315 -0.977319 0.0470376 -0.206482 -0.20528 0.0291485 0.978269 1.08613 2.4337 -5.32131</i>
                        <i>0.0492327 0.998653 -0.0163743 -0.977394 0.0447967 -0.206628 -0.205616 0.026177 0.978283 1.0862 2.43206 -5.32162</i>
                        <i>0.0475213 0.998753 -0.0152789 -0.977409 0.0433411 -0.206864 -0.205944 0.0247642 0.97825 1.08631 2.42963 -5.32208</i>
                        <i>0.0474429 0.998745 -0.0160328 -0.977353 0.0431008 -0.207179 -0.206228 0.0254989 0.978172 1.08643 2.42669 -5.32264</i>
                        <i>0.047802 0.998707 -0.0173141 -0.977275 0.0431784 -0.20753 -0.206514 0.026841 0.978076 1.08657 2.42348 -5.32325</i>
                        <i>0.0484404 0.998648 -0.0188847 -0.977186 0.0434682 -0.207889 -0.206787 0.0285241 0.97797 1.0867 2.42027 -5.32385</i>
                        <i>0.0492013 0.998578 -0.0205085 -0.977096 0.0438664 -0.208227 -0.207031 0.0302838 0.977866 1.08683 2.41732 -5.32441</i>
                        <i>0.0499309 0.998511 -0.0219528 -0.977017 0.0442719 -0.208511 -0.207229 0.0318594 0.977774 1.08693 2.41489 -5.32486</i>
                        <i>0.0504783 0.998461 -0.0229872 -0.976961 0.0445863 -0.208707 -0.207361 0.0329928 0.977708 1.087 2.41324 -5.32517</i>
                        <i>0.050694 0.99844 -0.0233831 -0.97694 0.0447128 -0.20878 -0.207409 0.0334278 0.977683 1.08702 2.41263 -5.32529</i>
                        <i>0.0501989 0.998325 -0.0287631 -0.976952 0.0431007 -0.209065 -0.207475 0.038595 0.977479 1.08486 2.40488 -5.32682</i>
                        <i>0.0499855 0.998072 -0.0367851 -0.977069 0.0412347 -0.208892 -0.206973 0.0463831 0.977247 1.08211 2.39283 -5.32921</i>
                        <i>0.048589 0.997819 -0.0446798 -0.977276 0.0382529 -0.208492 -0.206329 0.0537949 0.977003 1.07875 2.38019 -5.33163</i>
                        <i>0.0448257 0.997755 -0.0497595 -0.977455 0.0335171 -0.208468 -0.206332 0.0579824 0.976763 1.07477 2.37073 -5.33326</i>
                        <i>0.0390836 0.997932 -0.0510359 -0.977293 0.0275305 -0.210097 -0.208258 0.0580884 0.976347 1.07021 2.3683 -5.33327</i>
                        <i>0.0330165 0.998278 -0.0484877 -0.976234 0.0218145 -0.215619 -0.21419 0.0544543 0.975273 1.06545 2.37642 -5.33077</i>
                        <i>0.0271214 0.998719 -0.0427069 -0.974168 0.016825 -0.225196 -0.224189 0.0477113 0.973377 1.06093 2.39245 -5.32625</i>
                        <i>0.0214572 0.999135 -0.0356255 -0.971438 0.0124129 -0.236971 -0.236323 0.0396927 0.970863 1.05684 2.41103 -5.32106</i>
                        <i>0.016325 0.999436 -0.0293594 -0.968652 0.00852884 -0.248276 -0.247885 0.0324921 0.968244 1.0534 2.42697 -5.3166</i>
                        <i>0.0123457 0.999586 -0.0259751 -0.966713 0.00529227 -0.255809 -0.255566 0.0282687 0.966378 1.05096 2.43524 -5.31434</i>
                        <i>0.0117323 0.999614 -0.0251881 -0.96662 0.0048902 -0.256168 -0.255946 0.0273527 0.966304 1.0511 2.43458 -5.31459</i>
                        <i>0.0104489 0.999665 -0.0236772 -0.966369 0.00401074 -0.257129 -0.256948 0.0255676 0.966087 1.05147 2.43277 -5.31528</i>
                        <i>0.00934712 0.999698 -0.0227252 -0.966002 0.00315552 -0.258514 -0.258364 0.024369 0.96574 1.05202 2.4301 -5.31629</i>
                        <i>0.00931649 0.999677 -0.0236327 -0.965561 0.00284825 -0.260161 -0.26001 0.0252426 0.965276 1.05269 2.42684 -5.31751</i>
                        <i>0.0105211 0.999592 -0.0265516 -0.965081 0.0032003 -0.26193 -0.261739 0.0283802 0.964721 1.05343 2.42328 -5.31883</i>
                        <i>0.0122832 0.999464 -0.0303363 -0.964603 0.00385152 -0.263677 -0.263419 0.0325013 0.964134 1.05416 2.4197 -5.32014</i>
                        <i>0.0142479 0.999308 -0.0343544 -0.964165 0.0046275 -0.265264 -0.264922 0.0369028 0.963564 1.05484 2.41639 -5.32134</i>
                        <i>0.0160671 0.999149 -0.0379828 -0.963803 0.00536535 -0.26656 -0.26613 0.0408908 0.96307 1.0554 2.41366 -5.32232</i>
                        <i>0.0174023 0.999024 -0.0406073 -0.963558 0.00591412 -0.267435 -0.266934 0.0437815 0.96272 1.05578 2.4118 -5.32298</i>
                        <i>0.0179214 0.998973 -0.0416181 -0.963467 0.0061294 -0.267757 -0.267227 0.0448962 0.962587 1.05592 2.41111 -5.32323</i>
                        <i>0.0288212 0.998728 -0.0413701 -0.962952 0.0166394 -0.269161 -0.26813 0.0475949 0.962206 1.06047 2.40455 -5.32467</i>
                        <i>0.0451108 0.998207 -0.039351 -0.962156 0.0328173 -0.270517 -0.268741 0.050065 0.96191 1.0671 2.39472 -5.32655</i>
                        <i>0.0635508 0.99732 -0.0362631 -0.961033 0.0513622 -0.271622 -0.269031 0.0521118 0.961721 1.07464 2.38452 -5.32843</i>
                        <i>0.0810489 0.996168 -0.0328746 -0.959642 0.0690807 -0.272609 -0.269294 0.0536425 0.961563 1.082 2.37694 -5.32988</i>
                        <i>0.0946093 0.995063 -0.0299862 -0.958206 0.0828536 -0.273817 -0.269981 0.0546386 0.961314 1.08812 2.37507 -5.33046</i>
                        <i>0.102345 0.994363 -0.0276983 -0.957108 0.0908465 -0.275121 -0.271054 0.0546674 0.96101 1.09214 2.38117 -5.32994</i>
                        <i>0.105263 0.994116 -0.0255591 -0.956597 0.0942004 -0.27577 -0.27174 0.0534782 0.960884 1.09432 2.39319 -5.32862</i>
                        <i>0.104816 0.994213 -0.0235522 -0.956712 0.0943404 -0.275321 -0.271506 0.0513908 0.961064 1.09525 2.40773 -5.32683</i>
                        <i>0.102719 0.994472 -0.0217596 -0.957217 0.0928741 -0.274063 -0.270527 0.0489801 0.961466 1.09555 2.42145 -5.32492</i>
                        <i>0.100867 0.994691 -0.0203611 -0.957645 0.091522 -0.273021 -0.269708 0.0470377 0.961793 1.09592 2.43111 -5.32323</i>
                        <i>0.0990179 0.994889 -0.0197576 -0.957908 0.0899231 -0.272628 -0.269458 0.0459211 0.961917 1.09645 2.43736 -5.32169</i>
                        <i>0.096527 0.995139 -0.0195276 -0.958162 0.0875932 -0.272493 -0.269458 0.0450135 0.96196 1.09679 2.44283 -5.32009</i>
                        <i>0.0947691 0.995325 -0.0186478 -0.958247 0.0861304 -0.27266 -0.26978 0.043709 0.96193 1.09698 2.4474 -5.31854</i>
                        <i>0.0939526 0.995429 -0.0171643 -0.958162 0.0857264 -0.273086 -0.270366 0.0421033 0.961836 1.09707 2.45096 -5.31716</i>
                        <i>0.09339 0.995502 -0.015949 -0.958005 0.0854871 -0.273713 -0.271118 0.0408413 0.961679 1.0971 2.45339 -5.3161</i>
                        <i>0.0931479 0.995536 -0.015219 -0.957788 0.0854197 -0.274493 -0.271968 0.040145 0.961469 1.09713 2.45456 -5.31547</i>
                        <i>0.0933113 0.995521 -0.0152102 -0.957526 0.0855428 -0.275364 -0.27283 0.0402588 0.96122 1.09718 2.45437 -5.31539</i>
                        <i>0.0941929 0.995409 -0.0169748 -0.957235 0.0858693 -0.276273 -0.273547 0.0422718 0.960929 1.09743 2.45139 -5.31647</i>
                        <i>0.0964499 0.995132 -0.0202593 -0.956873 0.0870996 -0.277143 -0.27403 0.0461161 0.960615 1.09791 2.44525 -5.31877</i>
                        <i>0.0997434 0.994726 -0.0238859 -0.956448 0.0892313 -0.27793 -0.274333 0.0505673 0.960304 1.09844 2.4374 -5.32165</i>
                        <i>0.102842 0.994323 -0.0272893 -0.956074 0.0912406 -0.278563 -0.274491 0.0547385 0.96003 1.09889 2.42932 -5.32446</i>
                        <i>0.104581 0.994064 -0.0300083 -0.955889 0.092145 -0.278902 -0.274481 0.0578524 0.959851 1.09911 2.42258 -5.3266</i>
                        <i>0.105054 0.993993 -0.0306821 -0.955864 0.0924154 -0.278896 -0.274385 0.058627 0.959831 1.09898 2.41875 -5.32747</i>
                        <i>0.104774 0.994107 -0.0278326 -0.955909 0.0929487 -0.278564 -0.274335 0.0557916 0.960014 1.09835 2.41951 -5.32649</i>
                        <i>0.103629 0.994363 -0.0224522 -0.956087 0.0933674 -0.277814 -0.274152 0.0502559 0.960372 1.09734 2.42386 -5.32403</i>
                        <i>0.101707 0.994681 -0.0163203 -0.956462 0.0932613 -0.276555 -0.273562 0.0437373 0.960859 1.09615 2.42932 -5.32091</i>
                        <i>0.0991325 0.99501 -0.0113169 -0.957086 0.0922294 -0.274735 -0.27232 0.0380664 0.961453 1.09502 2.43351 -5.31799</i>
                        <i>0.0960679 0.99533 -0.00941577 -0.957987 0.089887 -0.272363 -0.270245 0.0351856 0.962148 1.09416 2.4341 -5.31616</i>
                        <i>0.0931022 0.995582 -0.0122233 -0.95972 0.0864666 -0.267321 -0.265082 0.0366191 0.96353 1.0933 2.42566 -5.31567</i>
                        <i>0.0896355 0.995826 -0.0171813 -0.96255 0.0821829 -0.258348 -0.255858 0.039695 0.965899 1.0921 2.41205 -5.31603</i>
                        <i>0.0837873 0.996278 -0.0202356 -0.966038 0.0762293 -0.246899 -0.244437 0.0402354 0.96883 1.0907 2.40494 -5.31697</i>
                        <i>0.0740549 0.997074 -0.0189661 -0.969771 0.0675668 -0.234478 -0.23251 0.035757 0.971936 1.08925 2.40942 -5.31821</i>
                        <i>0.0621249 0.99795 -0.0153848 -0.973241 0.0571555 -0.222567 -0.221231 0.0288001 0.974796 1.08791 2.41932 -5.31951</i>
                        <i>0.0510617 0.998624 -0.0119752 -0.975977 0.0473536 -0.212663 -0.211803 0.0225465 0.977052 1.08681 2.42936 -5.32059</i>
                        <i>0.0445466 0.998948 -0.0108493 -0.97761 0.0413543 -0.206322 -0.205656 0.0197973 0.978424 1.08611 2.43431 -5.32119</i>
                        <i>0.0447998 0.998934 -0.0111125 -0.977601 0.0415479 -0.206325 -0.205644 0.0201069 0.97842 1.08611 2.43375 -5.32119</i>
                        <i>0.0454863 0.998895 -0.0118264 -0.977577 0.0420727 -0.206334 -0.205608 0.0209466 0.97841 1.08611 2.43223 -5.32119</i>
                        <i>0.0464962 0.998835 -0.0128775 -0.977541 0.0428446 -0.206346 -0.205554 0.0221826 0.978394 1.08611 2.42999 -5.32119</i>
                        <i>0.0477195 0.998761 -0.0141519 -0.977496 0.0437795 -0.206362 -0.205486 0.0236809 0.978373 1.08611 2.42727 -5.32119</i>
                        <i>0.0490469 0.998676 -0.0155362 -0.977447 0.0447937 -0.206378 -0.205408 0.025308 0.978349 1.08611 2.42431 -5.32119</i>
                        <i>0.0503702 0.998587 -0.0169179 -0.977396 0.0458046 -0.206394 -0.205327 0.0269316 0.978323 1.08611 2.42135 -5.32119</i>
                        <i>0.0515825 0.998503 -0.018185 -0.977349 0.0467305 -0.206408 -0.205249 0.0284202 0.978297 1.08611 2.41863 -5.32119</i>
                        <i>0.0525781 0.998432 -0.0192267 -0.97731 0.0474908 -0.20642 -0.205183 0.0296436 0.978275 1.08611 2.41639 -5.32119</i>
                        <i>0.0532522 0.998382 -0.0199326 -0.977284 0.0480056 -0.206428 -0.205137 0.0304725 0.978259 1.08611 2.41487 -5.32119</i>
                        <i>0.0535003 0.998364 -0.0201924 -0.977274 0.048195 -0.20643 -0.20512 0.0307776 0.978253 1.08611 2.41431 -5.32119</i>
                        <i>0.0307627 0.999455 -0.0119891 -0.984187 0.028195 -0.174876 -0.174443 0.0171792 0.984517 1.06747 2.38353 -5.31163</i>
                        <i>-0.00103383 0.999924 0.0123234 -0.992476 0.000482856 -0.12244 -0.122436 -0.0123572 0.992399 1.03571 2.33182 -5.29356</i>
                        <i>-0.0216559 0.998471 0.0508646 -0.997536 -0.0181838 -0.0677587 -0.0667302 -0.0522066 0.996404 1.00161 2.27539 -5.27165</i>
                        <i>-0.025291 0.995796 0.0880329 -0.999401 -0.0231053 -0.0257596 -0.0236173 -0.0886317 0.995784 0.975027 2.23022 -5.25276</i>
                        <i>-0.0231431 0.994289 0.104182 -0.999711 -0.0223334 -0.00893123 -0.00655347 -0.104359 0.994518 0.964375 2.21176 -5.24475</i>
                    </KeyFrames>
                </p>
            </i>
            <i>
                <p>
                    <Name><![CDATA[spine1]]></Name>
                    <Exclude>0</Exclude>
                    <Additive>0</Additive>
                    <IKPriority>0</IKPriority>
                    <IKRotLimits>-1e+010 -1e+010 -1e+010 1e+010 1e+010 1e+010</IKRotLimits>
                    <IKRotLimitOrder>0</IKRotLimitOrder>
                    <KeyFrames count="90">
                        <i>0.111234 0.895077 0.431815 -0.993516 0.110439 0.027007 -0.0235157 -0.432019 0.901558 0.960078 2.39642 -5.22549</i>
                        <i>0.106113 0.894356 0.434589 -0.993595 0.112444 0.0112025 -0.0388477 -0.432994 0.900559 0.950359 2.40391 -5.22638</i>
                        <i>0.0887401 0.894363 0.438451 -0.993017 0.113789 -0.0311288 -0.0777314 -0.432627 0.898216 0.93015 2.42257 -5.23025</i>
                        <i>0.0570983 0.898261 0.435738 -0.989732 0.108214 -0.0933874 -0.131039 -0.425931 0.895216 0.91306 2.44684 -5.2388</i>
                        <i>0.0135424 0.908183 0.418354 -0.980839 0.0933871 -0.170979 -0.194349 -0.408022 0.892046 0.913091 2.47163 -5.25303</i>
                        <i>-0.0255682 0.92819 0.371228 -0.965047 0.0739714 -0.25142 -0.260826 -0.36468 0.893856 0.937568 2.49944 -5.27166</i>
                        <i>-0.0331087 0.956816 0.288801 -0.943854 0.0651 -0.323886 -0.3287 -0.28331 0.900939 0.978879 2.53222 -5.29081</i>
                        <i>-0.0067601 0.981091 0.193428 -0.919222 0.0700556 -0.387457 -0.393681 -0.180423 0.901367 1.02688 2.56447 -5.30701</i>
                        <i>0.0349429 0.992894 0.113752 -0.895252 0.0816876 -0.438008 -0.444188 -0.0865318 0.891745 1.06975 2.59082 -5.31836</i>
                        <i>0.062745 0.995471 0.0714149 -0.877273 0.0891306 -0.471643 -0.475872 -0.0330572 0.878893 1.0953 2.60586 -5.32466</i>
                        <i>0.0615385 0.995424 0.0731002 -0.877104 0.0888859 -0.472004 -0.476342 -0.0350701 0.878561 1.09507 2.60525 -5.32455</i>
                        <i>0.0587901 0.995289 0.0770929 -0.876789 0.0884032 -0.47268 -0.477268 -0.0398053 0.877856 1.09466 2.60362 -5.32444</i>
                        <i>0.0558024 0.995085 0.0818096 -0.876599 0.088053 -0.473098 -0.477976 -0.0453143 0.877203 1.09447 2.60125 -5.32471</i>
                        <i>0.0530453 0.994832 0.0865793 -0.876588 0.0879176 -0.473143 -0.478309 -0.0507964 0.876721 1.09459 2.59842 -5.3254</i>
                        <i>0.0502392 0.994533 0.0915463 -0.876628 0.0878304 -0.473084 -0.478538 -0.0564847 0.876248 1.09479 2.59534 -5.32623</i>
                        <i>0.0475567 0.994209 0.0963652 -0.876706 0.0877775 -0.47295 -0.47867 -0.061992 0.875803 1.09504 2.59227 -5.32711</i>
                        <i>0.0451702 0.993891 0.100695 -0.876803 0.0877476 -0.472775 -0.478723 -0.0669345 0.875411 1.09531 2.58945 -5.32795</i>
                        <i>0.0432523 0.993615 0.1042 -0.876902 0.0877325 -0.472596 -0.47872 -0.0709322 0.875098 1.09554 2.58714 -5.32866</i>
                        <i>0.0419751 0.993421 0.106546 -0.876978 0.0877267 -0.472455 -0.478694 -0.0736075 0.874891 1.09571 2.58557 -5.32915</i>
                        <i>0.0415111 0.993349 0.107403 -0.877008 0.0877259 -0.472399 -0.478679 -0.0745833 0.874817 1.09577 2.58499 -5.32933</i>
                        <i>0.0182806 0.993502 0.112341 -0.880966 0.0691409 -0.468102 -0.472827 -0.0904114 0.876505 1.09355 2.57763 -5.3318</i>
                        <i>-0.0151643 0.992505 0.121261 -0.886291 0.0428002 -0.461148 -0.462881 -0.114466 0.878999 1.0908 2.5663 -5.33562</i>
                        <i>-0.0542714 0.990072 0.129661 -0.891944 0.010306 -0.452029 -0.448878 -0.140183 0.882529 1.08724 2.55455 -5.33946</i>
                        <i>-0.0948521 0.986543 0.133175 -0.896603 -0.0265331 -0.442041 -0.432559 -0.161333 0.887054 1.08264 2.54588 -5.34201</i>
                        <i>-0.132591 0.98305 0.126621 -0.899098 -0.0655192 -0.432816 -0.417184 -0.171232 0.892545 1.07709 2.54379 -5.34227</i>
                        <i>-0.165397 0.980727 0.104007 -0.898305 -0.106285 -0.426323 -0.407052 -0.163943 0.898572 1.07125 2.55161 -5.3393</i>
                        <i>-0.194202 0.978535 0.0689509 -0.893782 -0.147538 -0.42354 -0.404276 -0.143879 0.903249 1.06568 2.567 -5.33373</i>
                        <i>-0.218599 0.975353 0.030031 -0.886555 -0.18565 -0.423738 -0.407718 -0.119253 0.905287 1.06058 2.58498 -5.32728</i>
                        <i>-0.238327 0.971179 -0.00339852 -0.878698 -0.21712 -0.425146 -0.41363 -0.0983375 0.905119 1.05624 2.60059 -5.32172</i>
                        <i>-0.253597 0.967069 -0.0215997 -0.873064 -0.238445 -0.425327 -0.416471 -0.0890036 0.904782 1.05311 2.60888 -5.31886</i>
                        <i>-0.254624 0.966839 -0.0197156 -0.87289 -0.238561 -0.425619 -0.416208 -0.0911632 0.904688 1.05314 2.60824 -5.31898</i>
                        <i>-0.257184 0.966248 -0.0148955 -0.872532 -0.23881 -0.426213 -0.415384 -0.0966181 0.9045 1.05329 2.60651 -5.31941</i>
                        <i>-0.260498 0.965438 -0.00839087 -0.872229 -0.239057 -0.426695 -0.413954 -0.103835 0.904357 1.05365 2.60401 -5.32025</i>
                        <i>-0.263816 0.964572 -0.00143992 -0.872201 -0.239189 -0.426679 -0.411907 -0.111309 0.904402 1.05432 2.60102 -5.32164</i>
                        <i>-0.266781 0.963743 0.00523276 -0.872477 -0.239203 -0.426106 -0.409405 -0.118242 0.904658 1.05527 2.59783 -5.32348</i>
                        <i>-0.269451 0.962946 0.0114681 -0.872888 -0.239187 -0.425272 -0.406771 -0.1246 0.904993 1.05632 2.59466 -5.32547</i>
                        <i>-0.271718 0.962228 0.0169057 -0.873352 -0.239166 -0.424331 -0.40426 -0.130063 0.905349 1.05735 2.59176 -5.32739</i>
                        <i>-0.273472 0.961646 0.0212016 -0.873785 -0.23915 -0.423446 -0.402135 -0.134326 0.905673 1.05824 2.58937 -5.32903</i>
                        <i>-0.274604 0.961257 0.0240228 -0.874107 -0.239141 -0.422787 -0.400662 -0.137097 0.905911 1.05886 2.58776 -5.33016</i>
                        <i>-0.275005 0.961117 0.0250383 -0.874233 -0.239138 -0.422529 -0.400112 -0.138087 0.906004 1.05909 2.58717 -5.33059</i>
                        <i>-0.270392 0.96212 0.0348237 -0.876491 -0.23104 -0.422355 -0.39831 -0.144724 0.905762 1.06558 2.58134 -5.33202</i>
                        <i>-0.265094 0.963018 0.0481919 -0.879345 -0.220952 -0.421821 -0.395573 -0.1542 0.905397 1.07515 2.57262 -5.3336</i>
                        <i>-0.256934 0.96443 0.062133 -0.882698 -0.208011 -0.421397 -0.393483 -0.163116 0.904745 1.08606 2.56352 -5.33499</i>
                        <i>-0.243931 0.96697 0.0739316 -0.886255 -0.191316 -0.421842 -0.393765 -0.168423 0.90365 1.09664 2.55668 -5.33586</i>
                        <i>-0.224179 0.971168 0.0810974 -0.88956 -0.169932 -0.424035 -0.398028 -0.167201 0.902007 1.10523 2.55482 -5.33593</i>
                        <i>-0.196075 0.97712 0.0824028 -0.892302 -0.142943 -0.42821 -0.406634 -0.15749 0.899914 1.11057 2.56006 -5.33497</i>
                        <i>-0.162519 0.983522 0.0791936 -0.894315 -0.112917 -0.432956 -0.41688 -0.141188 0.897929 1.11313 2.57073 -5.33322</i>
                        <i>-0.128556 0.989023 0.0728509 -0.89558 -0.084232 -0.436853 -0.425921 -0.121404 0.896578 1.11382 2.58383 -5.33103</i>
                        <i>-0.0998291 0.992885 0.0649182 -0.896233 -0.0613874 -0.439315 -0.432204 -0.102038 0.895984 1.11363 2.59633 -5.32877</i>
                        <i>-0.0823911 0.994959 0.0571636 -0.896367 -0.0489125 -0.440606 -0.435589 -0.0875416 0.895878 1.11358 2.60521 -5.32681</i>
                        <i>-0.0740757 0.996032 0.0493289 -0.895626 -0.0446905 -0.442558 -0.438597 -0.0769631 0.895382 1.11373 2.61093 -5.32516</i>
                        <i>-0.0681759 0.996847 0.0406029 -0.894864 -0.0431062 -0.444251 -0.4411 -0.0666213 0.894982 1.11358 2.61594 -5.3235</i>
                        <i>-0.0640498 0.99743 0.0320962 -0.895899 -0.0433023 -0.442142 -0.439616 -0.0570741 0.89637 1.11343 2.62013 -5.32178</i>
                        <i>-0.0616096 0.997798 0.024553 -0.899589 -0.0448555 -0.434429 -0.432371 -0.0488526 0.900372 1.11335 2.6234 -5.32015</i>
                        <i>-0.0610815 0.997962 0.0184673 -0.904681 -0.0475366 -0.423429 -0.421688 -0.0425707 0.905741 1.11327 2.62563 -5.31887</i>
                        <i>-0.0622918 0.997951 0.014602 -0.909888 -0.0507704 -0.411735 -0.410151 -0.038934 0.911186 1.11324 2.62672 -5.31811</i>
                        <i>-0.0650462 0.997788 0.0136939 -0.914054 -0.0540708 -0.401972 -0.400342 -0.0386637 0.91555 1.11332 2.62657 -5.31803</i>
                        <i>-0.0697711 0.997385 0.0188464 -0.91626 -0.0566027 -0.396565 -0.394461 -0.044937 0.917813 1.11376 2.62386 -5.31942</i>
                        <i>-0.0758204 0.996651 0.0306286 -0.915012 -0.0573376 -0.399331 -0.396238 -0.058303 0.916295 1.11468 2.61826 -5.32231</i>
                        <i>-0.0820638 0.995582 0.0456356 -0.910926 -0.0563517 -0.408703 -0.404326 -0.0751104 0.911526 1.11587 2.61113 -5.32584</i>
                        <i>-0.0880064 0.994294 0.0602931 -0.906278 -0.0548013 -0.419114 -0.413418 -0.091527 0.905929 1.11695 2.60381 -5.32927</i>
                        <i>-0.0932055 0.993096 0.0712291 -0.903532 -0.054312 -0.425066 -0.418262 -0.103976 0.902356 1.11754 2.59768 -5.33191</i>
                        <i>-0.0964945 0.992451 0.0756964 -0.903052 -0.0553139 -0.425955 -0.418552 -0.10946 0.901572 1.11752 2.59413 -5.33291</i>
                        <i>-0.0963865 0.992798 0.0711428 -0.903076 -0.0571735 -0.425659 -0.418526 -0.105275 0.902083 1.11682 2.59468 -5.33142</i>
                        <i>-0.0931857 0.993884 0.0592464 -0.903229 -0.0593493 -0.425035 -0.418919 -0.0931202 0.903236 1.11554 2.59842 -5.32799</i>
                        <i>-0.0877851 0.995169 0.0439596 -0.903291 -0.060921 -0.424681 -0.419951 -0.0769889 0.904275 1.11393 2.60314 -5.32378</i>
                        <i>-0.0811478 0.996267 0.0294549 -0.903095 -0.0609909 -0.425087 -0.421704 -0.0610955 0.904673 1.11227 2.60662 -5.31998</i>
                        <i>-0.0743038 0.997032 0.0201668 -0.902492 -0.0586275 -0.426697 -0.424248 -0.0499055 0.90417 1.11082 2.6067 -5.3178</i>
                        <i>-0.0620269 0.997917 0.0177124 -0.901515 -0.048402 -0.430033 -0.42828 -0.0426416 0.902639 1.10941 2.59789 -5.31779</i>
                        <i>-0.0412751 0.998933 0.0206979 -0.899745 -0.028153 -0.435507 -0.43446 -0.0365985 0.899947 1.10757 2.58394 -5.319</i>
                        <i>-0.0165369 0.999439 0.0291222 -0.896369 -0.00191415 -0.443305 -0.443001 -0.0334351 0.895898 1.10513 2.57652 -5.32046</i>
                        <i>0.00801624 0.99908 0.0421281 -0.891176 0.0262477 -0.452898 -0.453587 -0.033913 0.890567 1.10198 2.58078 -5.32148</i>
                        <i>0.0299779 0.997952 0.0565147 -0.885176 0.0527679 -0.462254 -0.464289 -0.036168 0.884945 1.09857 2.59059 -5.32215</i>
                        <i>0.047488 0.996501 0.0687765 -0.879751 0.0743343 -0.469588 -0.473057 -0.0382064 0.880203 1.09557 2.60068 -5.32264</i>
                        <i>0.0588435 0.995396 0.0756654 -0.876298 0.0878114 -0.473699 -0.478162 -0.0384313 0.87743 1.09375 2.60571 -5.32305</i>
                        <i>0.0589525 0.995398 0.0755474 -0.876323 0.0878484 -0.473645 -0.478102 -0.0382814 0.877469 1.0938 2.60515 -5.3231</i>
                        <i>0.0592483 0.995405 0.075227 -0.876393 0.0879488 -0.473498 -0.477938 -0.0378745 0.877577 1.09391 2.60364 -5.32322</i>
                        <i>0.0596845 0.995414 0.074754 -0.876497 0.0880967 -0.473278 -0.477693 -0.0372744 0.877736 1.09409 2.60142 -5.3234</i>
                        <i>0.0602145 0.995425 0.0741784 -0.876626 0.0882762 -0.473006 -0.47739 -0.0365449 0.877931 1.0943 2.59872 -5.32362</i>
                        <i>0.0607916 0.995437 0.0735503 -0.876769 0.0884714 -0.472704 -0.477054 -0.0357501 0.878146 1.09453 2.59578 -5.32386</i>
                        <i>0.0613692 0.995448 0.0729204 -0.876915 0.0886665 -0.472397 -0.476712 -0.0349543 0.878364 1.09476 2.59285 -5.3241</i>
                        <i>0.0619004 0.995457 0.07234 -0.877051 0.0888458 -0.47211 -0.476392 -0.0342221 0.878567 1.09497 2.59015 -5.32432</i>
                        <i>0.0623382 0.995465 0.0718608 -0.877166 0.0889935 -0.471869 -0.476124 -0.0336183 0.878735 1.09514 2.58793 -5.3245</i>
                        <i>0.0626355 0.99547 0.071535 -0.877244 0.0890936 -0.471704 -0.47594 -0.0332083 0.87885 1.09526 2.58642 -5.32462</i>
                        <i>0.062745 0.995471 0.0714149 -0.877273 0.0891306 -0.471643 -0.475872 -0.0330572 0.878893 1.0953 2.58586 -5.32466</i>
                        <i>0.0489076 0.99042 0.129139 -0.910518 0.0973579 -0.401845 -0.410568 -0.0979305 0.906556 1.07281 2.55684 -5.31372</i>
                        <i>0.0424383 0.972647 0.228381 -0.954717 0.106853 -0.277666 -0.294474 -0.206255 0.933137 1.03553 2.50843 -5.29142</i>
