<?xml version="1.0" encoding="ISO-8859-1" ?>
<Animl Version="1">
    <ModellingPackage><![CDATA[Maya.2010]]></ModellingPackage>
    <SrcFile><![CDATA[anims\turrets\antiair\red\~src\aa_s125_launcher\aa_s125_launcher_idle_crewman_a.mb]]></SrcFile>
    <FramesPerSecond>30</FramesPerSecond>
    <TotalFrames>120</TotalFrames>
    <Skeleton>
        <RefFrame>
            <Name><![CDATA[soldier_ref_frame]]></Name>
            <Exclude>0</Exclude>
            <Additive>0</Additive>
            <IKPriority>0</IKPriority>
            <IKRotLimits>-1e+010 -1e+010 -1e+010 1e+010 1e+010 1e+010</IKRotLimits>
            <IKRotLimitOrder>0</IKRotLimitOrder>
            <KeyFrames count="120">
                <i>1 0 0 0 1 0 0 0 1 5.28658 1.2503 -1.54734</i>
                <i>1 0 0 0 1 0 0 0 1 5.28658 1.2503 -1.54734</i>
                <i>1 0 0 0 1 0 0 0 1 5.28658 1.2503 -1.54734</i>
                <i>1 0 0 0 1 0 0 0 1 5.28658 1.2503 -1.54734</i>
                <i>1 0 0 0 1 0 0 0 1 5.28658 1.2503 -1.54734</i>
                <i>1 0 0 0 1 0 0 0 1 5.28658 1.2503 -1.54734</i>
                <i>1 0 0 0 1 0 0 0 1 5.28658 1.2503 -1.54734</i>
                <i>1 0 0 0 1 0 0 0 1 5.28658 1.2503 -1.54734</i>
                <i>1 0 0 0 1 0 0 0 1 5.28658 1.2503 -1.54734</i>
                <i>1 0 0 0 1 0 0 0 1 5.28658 1.2503 -1.54734</i>
                <i>1 0 0 0 1 0 0 0 1 5.28658 1.2503 -1.54734</i>
                <i>1 0 0 0 1 0 0 0 1 5.28658 1.2503 -1.54734</i>
                <i>1 0 0 0 1 0 0 0 1 5.28658 1.2503 -1.54734</i>
                <i>1 0 0 0 1 0 0 0 1 5.28658 1.2503 -1.54734</i>
                <i>1 0 0 0 1 0 0 0 1 5.28658 1.2503 -1.54734</i>
                <i>1 0 0 0 1 0 0 0 1 5.28658 1.2503 -1.54734</i>
                <i>1 0 0 0 1 0 0 0 1 5.28658 1.2503 -1.54734</i>
                <i>1 0 0 0 1 0 0 0 1 5.28658 1.2503 -1.54734</i>
                <i>1 0 0 0 1 0 0 0 1 5.28658 1.2503 -1.54734</i>
                <i>1 0 0 0 1 0 0 0 1 5.28658 1.2503 -1.54734</i>
                <i>1 0 0 0 1 0 0 0 1 5.28658 1.2503 -1.54734</i>
                <i>1 0 0 0 1 0 0 0 1 5.28658 1.2503 -1.54734</i>
                <i>1 0 0 0 1 0 0 0 1 5.28658 1.2503 -1.54734</i>
                <i>1 0 0 0 1 0 0 0 1 5.28658 1.2503 -1.54734</i>
                <i>1 0 0 0 1 0 0 0 1 5.28658 1.2503 -1.54734</i>
                <i>1 0 0 0 1 0 0 0 1 5.28658 1.2503 -1.54734</i>
                <i>1 0 0 0 1 0 0 0 1 5.28658 1.2503 -1.54734</i>
                <i>1 0 0 0 1 0 0 0 1 5.28658 1.2503 -1.54734</i>
                <i>1 0 0 0 1 0 0 0 1 5.28658 1.2503 -1.54734</i>
                <i>1 0 0 0 1 0 0 0 1 5.28658 1.2503 -1.54734</i>
                <i>1 0 0 0 1 0 0 0 1 5.28658 1.2503 -1.54734</i>
                <i>1 0 0 0 1 0 0 0 1 5.28658 1.2503 -1.54734</i>
                <i>1 0 0 0 1 0 0 0 1 5.28658 1.2503 -1.54734</i>
                <i>1 0 0 0 1 0 0 0 1 5.28658 1.2503 -1.54734</i>
                <i>1 0 0 0 1 0 0 0 1 5.28658 1.2503 -1.54734</i>
                <i>1 0 0 0 1 0 0 0 1 5.28658 1.2503 -1.54734</i>
                <i>1 0 0 0 1 0 0 0 1 5.28658 1.2503 -1.54734</i>
                <i>1 0 0 0 1 0 0 0 1 5.28658 1.2503 -1.54734</i>
                <i>1 0 0 0 1 0 0 0 1 5.28658 1.2503 -1.54734</i>
                <i>1 0 0 0 1 0 0 0 1 5.28658 1.2503 -1.54734</i>
                <i>1 0 0 0 1 0 0 0 1 5.28658 1.2503 -1.54734</i>
                <i>1 0 0 0 1 0 0 0 1 5.28658 1.2503 -1.54734</i>
                <i>1 0 0 0 1 0 0 0 1 5.28658 1.2503 -1.54734</i>
                <i>1 0 0 0 1 0 0 0 1 5.28658 1.2503 -1.54734</i>
                <i>1 0 0 0 1 0 0 0 1 5.28658 1.2503 -1.54734</i>
                <i>1 0 0 0 1 0 0 0 1 5.28658 1.2503 -1.54734</i>
                <i>1 0 0 0 1 0 0 0 1 5.28658 1.2503 -1.54734</i>
                <i>1 0 0 0 1 0 0 0 1 5.28658 1.2503 -1.54734</i>
                <i>1 0 0 0 1 0 0 0 1 5.28658 1.2503 -1.54734</i>
                <i>1 0 0 0 1 0 0 0 1 5.28658 1.2503 -1.54734</i>
                <i>1 0 0 0 1 0 0 0 1 5.28658 1.2503 -1.54734</i>
                <i>1 0 0 0 1 0 0 0 1 5.28658 1.2503 -1.54734</i>
                <i>1 0 0 0 1 0 0 0 1 5.28658 1.2503 -1.54734</i>
                <i>1 0 0 0 1 0 0 0 1 5.28658 1.2503 -1.54734</i>
                <i>1 0 0 0 1 0 0 0 1 5.28658 1.2503 -1.54734</i>
                <i>1 0 0 0 1 0 0 0 1 5.28658 1.2503 -1.54734</i>
                <i>1 0 0 0 1 0 0 0 1 5.28658 1.2503 -1.54734</i>
                <i>1 0 0 0 1 0 0 0 1 5.28658 1.2503 -1.54734</i>
                <i>1 0 0 0 1 0 0 0 1 5.28658 1.2503 -1.54734</i>
                <i>1 0 0 0 1 0 0 0 1 5.28658 1.2503 -1.54734</i>
                <i>1 0 0 0 1 0 0 0 1 5.28658 1.2503 -1.54734</i>
                <i>1 0 0 0 1 0 0 0 1 5.28658 1.2503 -1.54734</i>
                <i>1 0 0 0 1 0 0 0 1 5.28658 1.2503 -1.54734</i>
                <i>1 0 0 0 1 0 0 0 1 5.28658 1.2503 -1.54734</i>
                <i>1 0 0 0 1 0 0 0 1 5.28658 1.2503 -1.54734</i>
                <i>1 0 0 0 1 0 0 0 1 5.28658 1.2503 -1.54734</i>
                <i>1 0 0 0 1 0 0 0 1 5.28658 1.2503 -1.54734</i>
                <i>1 0 0 0 1 0 0 0 1 5.28658 1.2503 -1.54734</i>
                <i>1 0 0 0 1 0 0 0 1 5.28658 1.2503 -1.54734</i>
                <i>1 0 0 0 1 0 0 0 1 5.28658 1.2503 -1.54734</i>
                <i>1 0 0 0 1 0 0 0 1 5.28658 1.2503 -1.54734</i>
                <i>1 0 0 0 1 0 0 0 1 5.28658 1.2503 -1.54734</i>
                <i>1 0 0 0 1 0 0 0 1 5.28658 1.2503 -1.54734</i>
                <i>1 0 0 0 1 0 0 0 1 5.28658 1.2503 -1.54734</i>
                <i>1 0 0 0 1 0 0 0 1 5.28658 1.2503 -1.54734</i>
                <i>1 0 0 0 1 0 0 0 1 5.28658 1.2503 -1.54734</i>
                <i>1 0 0 0 1 0 0 0 1 5.28658 1.2503 -1.54734</i>
                <i>1 0 0 0 1 0 0 0 1 5.28658 1.2503 -1.54734</i>
                <i>1 0 0 0 1 0 0 0 1 5.28658 1.2503 -1.54734</i>
                <i>1 0 0 0 1 0 0 0 1 5.28658 1.2503 -1.54734</i>
                <i>1 0 0 0 1 0 0 0 1 5.28658 1.2503 -1.54734</i>
                <i>1 0 0 0 1 0 0 0 1 5.28658 1.2503 -1.54734</i>
                <i>1 0 0 0 1 0 0 0 1 5.28658 1.2503 -1.54734</i>
                <i>1 0 0 0 1 0 0 0 1 5.28658 1.2503 -1.54734</i>
                <i>1 0 0 0 1 0 0 0 1 5.28658 1.2503 -1.54734</i>
                <i>1 0 0 0 1 0 0 0 1 5.28658 1.2503 -1.54734</i>
                <i>1 0 0 0 1 0 0 0 1 5.28658 1.2503 -1.54734</i>
                <i>1 0 0 0 1 0 0 0 1 5.28658 1.2503 -1.54734</i>
                <i>1 0 0 0 1 0 0 0 1 5.28658 1.2503 -1.54734</i>
                <i>1 0 0 0 1 0 0 0 1 5.28658 1.2503 -1.54734</i>
                <i>1 0 0 0 1 0 0 0 1 5.28658 1.2503 -1.54734</i>
                <i>1 0 0 0 1 0 0 0 1 5.28658 1.2503 -1.54734</i>
                <i>1 0 0 0 1 0 0 0 1 5.28658 1.2503 -1.54734</i>
                <i>1 0 0 0 1 0 0 0 1 5.28658 1.2503 -1.54734</i>
                <i>1 0 0 0 1 0 0 0 1 5.28658 1.2503 -1.54734</i>
                <i>1 0 0 0 1 0 0 0 1 5.28658 1.2503 -1.54734</i>
                <i>1 0 0 0 1 0 0 0 1 5.28658 1.2503 -1.54734</i>
                <i>1 0 0 0 1 0 0 0 1 5.28658 1.2503 -1.54734</i>
                <i>1 0 0 0 1 0 0 0 1 5.28658 1.2503 -1.54734</i>
                <i>1 0 0 0 1 0 0 0 1 5.28658 1.2503 -1.54734</i>
                <i>1 0 0 0 1 0 0 0 1 5.28658 1.2503 -1.54734</i>
                <i>1 0 0 0 1 0 0 0 1 5.28658 1.2503 -1.54734</i>
                <i>1 0 0 0 1 0 0 0 1 5.28658 1.2503 -1.54734</i>
                <i>1 0 0 0 1 0 0 0 1 5.28658 1.2503 -1.54734</i>
                <i>1 0 0 0 1 0 0 0 1 5.28658 1.2503 -1.54734</i>
                <i>1 0 0 0 1 0 0 0 1 5.28658 1.2503 -1.54734</i>
                <i>1 0 0 0 1 0 0 0 1 5.28658 1.2503 -1.54734</i>
                <i>1 0 0 0 1 0 0 0 1 5.28658 1.2503 -1.54734</i>
                <i>1 0 0 0 1 0 0 0 1 5.28658 1.2503 -1.54734</i>
                <i>1 0 0 0 1 0 0 0 1 5.28658 1.2503 -1.54734</i>
                <i>1 0 0 0 1 0 0 0 1 5.28658 1.2503 -1.54734</i>
                <i>1 0 0 0 1 0 0 0 1 5.28658 1.2503 -1.54734</i>
                <i>1 0 0 0 1 0 0 0 1 5.28658 1.2503 -1.54734</i>
                <i>1 0 0 0 1 0 0 0 1 5.28658 1.2503 -1.54734</i>
                <i>1 0 0 0 1 0 0 0 1 5.28658 1.2503 -1.54734</i>
                <i>1 0 0 0 1 0 0 0 1 5.28658 1.2503 -1.54734</i>
                <i>1 0 0 0 1 0 0 0 1 5.28658 1.2503 -1.54734</i>
                <i>1 0 0 0 1 0 0 0 1 5.28658 1.2503 -1.54734</i>
                <i>1 0 0 0 1 0 0 0 1 5.28658 1.2503 -1.54734</i>
                <i>1 0 0 0 1 0 0 0 1 5.28658 1.2503 -1.54734</i>
            </KeyFrames>
        </RefFrame>
        <Bones count="23">
            <i>
                <p>
                    <Name><![CDATA[pelvis]]></Name>
                    <Exclude>0</Exclude>
                    <Additive>0</Additive>
                    <IKPriority>0</IKPriority>
                    <IKRotLimits>-1e+010 -1e+010 -1e+010 1e+010 1e+010 1e+010</IKRotLimits>
                    <IKRotLimitOrder>2</IKRotLimitOrder>
                    <KeyFrames count="120">
                        <i>1 0 0 0 1 0 0 0 1 5.19956 2.21246 -1.5904</i>
                        <i>1 0 0 0 1 0 0 0 1 5.19956 2.21439 -1.5904</i>
                        <i>1 0 0 0 1 0 0 0 1 5.19956 2.21674 -1.5904</i>
                        <i>1 0 0 0 1 0 0 0 1 5.19956 2.2194 -1.5904</i>
                        <i>1 0 0 0 1 0 0 0 1 5.19956 2.22225 -1.5904</i>
                        <i>1 0 0 0 1 0 0 0 1 5.19956 2.22518 -1.5904</i>
                        <i>1 0 0 0 1 0 0 0 1 5.19956 2.22807 -1.5904</i>
                        <i>1 0 0 0 1 0 0 0 1 5.19956 2.23081 -1.5904</i>
                        <i>1 0 0 0 1 0 0 0 1 5.19956 2.23328 -1.5904</i>
                        <i>1 0 0 0 1 0 0 0 1 5.19956 2.23536 -1.5904</i>
                        <i>1 0 0 0 1 0 0 0 1 5.19956 2.23694 -1.5904</i>
                        <i>1 0 0 0 1 0 0 0 1 5.19956 2.2379 -1.5904</i>
                        <i>1 0 0 0 1 0 0 0 1 5.19956 2.23813 -1.5904</i>
                        <i>1 0 0 0 1 0 0 0 1 5.19956 2.23751 -1.5904</i>
                        <i>1 0 0 0 1 0 0 0 1 5.19956 2.23593 -1.5904</i>
                        <i>1 0 0 0 1 0 0 0 1 5.19971 2.2279 -1.59024</i>
                        <i>1 0 0 0 1 0 0 0 1 5.20011 2.21183 -1.58977</i>
                        <i>1 0 0 0 1 0 0 0 1 5.2007 2.19343 -1.58901</i>
                        <i>1 0 0 0 1 0 0 0 1 5.20142 2.17841 -1.58796</i>
                        <i>1 0 0 0 1 0 0 0 1 5.20221 2.1725 -1.58666</i>
                        <i>1 0 0 0 1 0 0 0 1 5.20299 2.17876 -1.5851</i>
                        <i>1 0 0 0 1 0 0 0 1 5.20371 2.1934 -1.58331</i>
                        <i>1 0 0 0 1 0 0 0 1 5.2043 2.21178 -1.58129</i>
                        <i>1 0 0 0 1 0 0 0 1 5.20471 2.2293 -1.57907</i>
                        <i>1 0 0 0 1 0 0 0 1 5.20485 2.24134 -1.57666</i>
                        <i>1 0 0 0 1 0 0 0 1 5.20468 2.24692 -1.57408</i>
                        <i>1 0 0 0 1 0 0 0 1 5.20413 2.24913 -1.57133</i>
                        <i>1 0 0 0 1 0 0 0 1 5.20314 2.24942 -1.56843</i>
                        <i>1 0 0 0 1 0 0 0 1 5.20163 2.24924 -1.56541</i>
                        <i>1 0 0 0 1 0 0 0 1 5.19956 2.25006 -1.56227</i>
                        <i>1 0 0 0 1 0 0 0 1 5.19668 2.25216 -1.55854</i>
                        <i>1 0 0 0 1 0 0 0 1 5.19287 2.25477 -1.5539</i>
                        <i>1 0 0 0 1 0 0 0 1 5.18821 2.25766 -1.54856</i>
                        <i>1 0 0 0 1 0 0 0 1 5.18282 2.26062 -1.54276</i>
                        <i>1 0 0 0 1 0 0 0 1 5.17676 2.26345 -1.53671</i>
                        <i>1 0 0 0 1 0 0 0 1 5.17016 2.26593 -1.53063</i>
                        <i>1 0 0 0 1 0 0 0 1 5.16308 2.26785 -1.52474</i>
                        <i>1 0 0 0 1 0 0 0 1 5.15563 2.26901 -1.51928</i>
                        <i>1 0 0 0 1 0 0 0 1 5.14791 2.26919 -1.51445</i>
                        <i>1 0 0 0 1 0 0 0 1 5.14 2.26819 -1.51048</i>
                        <i>1 0 0 0 1 0 0 0 1 5.12893 2.24809 -1.50802</i>
                        <i>1 0 0 0 1 0 0 0 1 5.11396 2.23 -1.50724</i>
                        <i>1 0 0 0 1 0 0 0 1 5.09853 2.24367 -1.50768</i>
                        <i>1 0 0 0 1 0 0 0 1 5.08606 2.26688 -1.50886</i>
                        <i>1 0 0 0 1 0 0 0 1 5.08 2.28 -1.5103</i>
                        <i>1 0 0 0 1 0 0 0 1 5.08 2.27916 -1.51046</i>
                        <i>1 0 0 0 1 0 0 0 1 5.08 2.27688 -1.51093</i>
                        <i>1 0 0 0 1 0 0 0 1 5.08 2.27352 -1.51169</i>
                        <i>1 0 0 0 1 0 0 0 1 5.08 2.26944 -1.51271</i>
                        <i>1 0 0 0 1 0 0 0 1 5.08 2.265 -1.51398</i>
                        <i>1 0 0 0 1 0 0 0 1 5.08 2.26056 -1.51547</i>
                        <i>1 0 0 0 1 0 0 0 1 5.08 2.25648 -1.51715</i>
                        <i>1 0 0 0 1 0 0 0 1 5.08 2.25312 -1.51902</i>
                        <i>1 0 0 0 1 0 0 0 1 5.08 2.25084 -1.52103</i>
                        <i>1 0 0 0 1 0 0 0 1 5.08 2.25 -1.52318</i>
                        <i>1 0 0 0 1 0 0 0 1 5.08 2.25022 -1.52544</i>
                        <i>1 0 0 0 1 0 0 0 1 5.08 2.25084 -1.52779</i>
                        <i>1 0 0 0 1 0 0 0 1 5.08 2.25182 -1.53021</i>
                        <i>1 0 0 0 1 0 0 0 1 5.08 2.25312 -1.53267</i>
                        <i>1 0 0 0 1 0 0 0 1 5.08 2.25469 -1.53515</i>
                        <i>1 0 0 0 1 0 0 0 1 5.08 2.25648 -1.53763</i>
                        <i>1 0 0 0 1 0 0 0 1 5.08 2.25845 -1.54009</i>
                        <i>1 0 0 0 1 0 0 0 1 5.08 2.26056 -1.5425</i>
                        <i>1 0 0 0 1 0 0 0 1 5.08 2.26276 -1.54485</i>
                        <i>1 0 0 0 1 0 0 0 1 5.08 2.265 -1.54711</i>
                        <i>1 0 0 0 1 0 0 0 1 5.08 2.26724 -1.54926</i>
                        <i>1 0 0 0 1 0 0 0 1 5.08 2.26944 -1.55128</i>
                        <i>1 0 0 0 1 0 0 0 1 5.08 2.27155 -1.55314</i>
                        <i>1 0 0 0 1 0 0 0 1 5.08 2.27352 -1.55483</i>
                        <i>1 0 0 0 1 0 0 0 1 5.08 2.27531 -1.55632</i>
                        <i>1 0 0 0 1 0 0 0 1 5.08 2.27688 -1.55758</i>
                        <i>1 0 0 0 1 0 0 0 1 5.08 2.27818 -1.55861</i>
                        <i>1 0 0 0 1 0 0 0 1 5.08 2.27916 -1.55937</i>
                        <i>1 0 0 0 1 0 0 0 1 5.08 2.27978 -1.55984</i>
                        <i>1 0 0 0 1 0 0 0 1 5.08 2.28 -1.56</i>
                        <i>1 0 0 0 1 0 0 0 1 5.08045 2.27862 -1.55977</i>
                        <i>1 0 0 0 1 0 0 0 1 5.08091 2.2754 -1.55844</i>
                        <i>1 0 0 0 1 0 0 0 1 5.08151 2.27081 -1.55615</i>
                        <i>1 0 0 0 1 0 0 0 1 5.08236 2.26534 -1.55304</i>
                        <i>1 0 0 0 1 0 0 0 1 5.08357 2.25948 -1.54924</i>
                        <i>1 0 0 0 1 0 0 0 1 5.08527 2.25371 -1.54491</i>
                        <i>1 0 0 0 1 0 0 0 1 5.08757 2.24853 -1.54018</i>
                        <i>1 0 0 0 1 0 0 0 1 5.09059 2.24441 -1.53519</i>
                        <i>1 0 0 0 1 0 0 0 1 5.09445 2.24186 -1.53008</i>
                        <i>1 0 0 0 1 0 0 0 1 5.09927 2.24134 -1.525</i>
                        <i>1 0 0 0 1 0 0 0 1 5.10793 2.24679 -1.51746</i>
                        <i>1 0 0 0 1 0 0 0 1 5.12127 2.25884 -1.50679</i>
                        <i>1 0 0 0 1 0 0 0 1 5.13636 2.27302 -1.49585</i>
                        <i>1 0 0 0 1 0 0 0 1 5.15025 2.2849 -1.4875</i>
                        <i>1 0 0 0 1 0 0 0 1 5.16 2.29 -1.48458</i>
                        <i>1 0 0 0 1 0 0 0 1 5.16469 2.28565 -1.48936</i>
                        <i>1 0 0 0 1 0 0 0 1 5.16628 2.27482 -1.49995</i>
                        <i>1 0 0 0 1 0 0 0 1 5.16616 2.26153 -1.51293</i>
                        <i>1 0 0 0 1 0 0 0 1 5.1657 2.2498 -1.52491</i>
                        <i>1 0 0 0 1 0 0 0 1 5.1663 2.24366 -1.53249</i>
                        <i>1 0 0 0 1 0 0 0 1 5.16797 2.24187 -1.53673</i>
                        <i>1 0 0 0 1 0 0 0 1 5.16979 2.24052 -1.54096</i>
                        <i>1 0 0 0 1 0 0 0 1 5.17175 2.23954 -1.54518</i>
                        <i>1 0 0 0 1 0 0 0 1 5.17381 2.2389 -1.54934</i>
                        <i>1 0 0 0 1 0 0 0 1 5.17594 2.23856 -1.55344</i>
                        <i>1 0 0 0 1 0 0 0 1 5.17813 2.23847 -1.55744</i>
                        <i>1 0 0 0 1 0 0 0 1 5.18035 2.2386 -1.56132</i>
                        <i>1 0 0 0 1 0 0 0 1 5.18256 2.23888 -1.56506</i>
                        <i>1 0 0 0 1 0 0 0 1 5.18475 2.2393 -1.56864</i>
                        <i>1 0 0 0 1 0 0 0 1 5.18688 2.23979 -1.57202</i>
                        <i>1 0 0 0 1 0 0 0 1 5.18894 2.24032 -1.5752</i>
                        <i>1 0 0 0 1 0 0 0 1 5.19089 2.24085 -1.57814</i>
                        <i>1 0 0 0 1 0 0 0 1 5.19271 2.24133 -1.58082</i>
                        <i>1 0 0 0 1 0 0 0 1 5.19437 2.24172 -1.58322</i>
                        <i>1 0 0 0 1 0 0 0 1 5.19585 2.24198 -1.58532</i>
                        <i>1 0 0 0 1 0 0 0 1 5.19711 2.24205 -1.58708</i>
                        <i>1 0 0 0 1 0 0 0 1 5.19814 2.24191 -1.5885</i>
                        <i>1 0 0 0 1 0 0 0 1 5.19891 2.24151 -1.58954</i>
                        <i>1 0 0 0 1 0 0 0 1 5.19939 2.2408 -1.59018</i>
                        <i>1 0 0 0 1 0 0 0 1 5.19956 2.23974 -1.5904</i>
                        <i>1 0 0 0 1 0 0 0 1 5.19956 2.23584 -1.5904</i>
                        <i>1 0 0 0 1 0 0 0 1 5.19956 2.22843 -1.5904</i>
                        <i>1 0 0 0 1 0 0 0 1 5.19956 2.22026 -1.5904</i>
                        <i>1 0 0 0 1 0 0 0 1 5.19956 2.21403 -1.5904</i>
                        <i>1 0 0 0 1 0 0 0 1 5.19956 2.21246 -1.5904</i>
                    </KeyFrames>
                </p>
            </i>
            <i>
                <p>
                    <Name><![CDATA[spine0]]></Name>
                    <Exclude>0</Exclude>
                    <Additive>0</Additive>
                    <IKPriority>0</IKPriority>
                    <IKRotLimits>-1e+010 -1e+010 -1e+010 1e+010 1e+010 1e+010</IKRotLimits>
                    <IKRotLimitOrder>0</IKRotLimitOrder>
                    <KeyFrames count="120">
                        <i>-0.0143284 0.995206 -0.0967484 -0.136896 -0.0977997 -0.985746 -0.990482 -0.000879667 0.137641 5.24935 2.34726 -1.59733</i>
                        <i>-0.0164704 0.995195 -0.0965221 -0.136249 -0.0978686 -0.985828 -0.990538 -0.00308589 0.137207 5.24807 2.34965 -1.59723</i>
                        <i>-0.0189489 0.995166 -0.0963625 -0.135965 -0.0980493 -0.98585 -0.990532 -0.00557885 0.137165 5.24657 2.35253 -1.59723</i>
                        <i>-0.0216848 0.99512 -0.0962601 -0.136019 -0.098324 -0.985815 -0.990469 -0.00828404 0.137487 5.24492 2.35575 -1.59731</i>
                        <i>-0.0245953 0.995058 -0.0962052 -0.136387 -0.0986744 -0.985729 -0.99035 -0.0111232 0.13814 5.24317 2.35916 -1.59746</i>
                        <i>-0.0275931 0.994981 -0.0961885 -0.137036 -0.0990818 -0.985598 -0.990182 -0.0140144 0.139082 5.24136 2.36265 -1.59766</i>
                        <i>-0.0305872 0.994892 -0.0962014 -0.137926 -0.0995269 -0.985429 -0.98997 -0.0168728 0.140266 5.23955 2.36606 -1.5979</i>
                        <i>-0.0334841 0.994795 -0.0962367 -0.139008 -0.0999903 -0.98523 -0.989725 -0.0196118 0.141633 5.2378 2.36928 -1.59817</i>
                        <i>-0.0361889 0.994695 -0.0962883 -0.140223 -0.100452 -0.985011 -0.989458 -0.0221446 0.143115 5.23616 2.37217 -1.59845</i>
                        <i>-0.0386068 0.994598 -0.096352 -0.141505 -0.100894 -0.984783 -0.989184 -0.024385 0.144635 5.2347 2.37461 -1.59873</i>
                        <i>-0.040644 0.99451 -0.0964251 -0.142777 -0.101295 -0.984558 -0.98892 -0.0262491 0.14611 5.23345 2.37648 -1.599</i>
                        <i>-0.0422086 0.994437 -0.0965063 -0.143961 -0.101638 -0.98435 -0.988683 -0.0276548 0.14745 5.23249 2.37766 -1.59924</i>
                        <i>-0.0432098 0.994385 -0.0965952 -0.144974 -0.101903 -0.984174 -0.988492 -0.0285222 0.148563 5.23187 2.37802 -1.59945</i>
                        <i>-0.0435583 0.994361 -0.0966917 -0.145734 -0.102072 -0.984044 -0.988365 -0.028772 0.149358 5.23165 2.37745 -1.59961</i>
                        <i>-0.0431644 0.994368 -0.096795 -0.146164 -0.102128 -0.983975 -0.988318 -0.0283247 0.14975 5.23187 2.37581 -1.59971</i>
                        <i>-0.0388251 0.994586 -0.0963945 -0.141204 -0.10096 -0.984819 -0.989219 -0.0246243 0.14436 5.23379 2.36735 -1.59954</i>
                        <i>-0.0285357 0.995083 -0.0948419 -0.127112 -0.0977226 -0.987063 -0.991478 -0.0161109 0.129276 5.23804 2.3503 -1.5988</i>
                        <i>-0.0141311 0.995689 -0.0916733 -0.105766 -0.0926565 -0.990065 -0.994291 -0.00429477 0.10662 5.24369 2.33046 -1.59735</i>
                        <i>0.00241097 0.996255 -0.0864347 -0.0790743 -0.0859743 -0.993154 -0.996866 0.00922923 0.0785708 5.24982 2.3137 -1.59507</i>
                        <i>0.0191833 0.996686 -0.0790463 -0.0490624 -0.0780272 -0.995743 -0.998611 0.0229799 0.047403 5.25553 2.306 -1.59202</i>
                        <i>0.0346429 0.996945 -0.0700011 -0.0179598 -0.0694108 -0.997427 -0.999238 0.0358109 0.0155003 5.25997 2.31082 -1.58838</i>
                        <i>0.0470605 0.997073 -0.0602478 0.0117705 -0.0608639 -0.998077 -0.998823 0.0462608 -0.0146003 5.26232 2.32477 -1.58446</i>
                        <i>0.0552668 0.997158 -0.0512037 0.0372909 -0.0533077 -0.997882 -0.997775 0.0532403 -0.0401311 5.26243 2.34338 -1.58066</i>
                        <i>0.059891 0.997206 -0.0446513 0.0555645 -0.0479927 -0.997301 -0.996657 0.0572483 -0.0582835 5.26091 2.36172 -1.57726</i>
                        <i>0.061333 0.997217 -0.0423796 0.0638541 -0.0462928 -0.996885 -0.996073 0.0584358 -0.0665157 5.25818 2.37494 -1.57442</i>
                        <i>0.0588372 0.997342 -0.0429689 0.0663073 -0.0468529 -0.996699 -0.996063 0.0557938 -0.0688878 5.25459 2.38183 -1.57184</i>
                        <i>0.0526682 0.997652 -0.0437895 0.0686408 -0.0473634 -0.996517 -0.99625 0.049479 -0.0709741 5.25049 2.3853 -1.56915</i>
                        <i>0.0447246 0.998 -0.0446695 0.0706337 -0.0477614 -0.996358 -0.996499 0.0414065 -0.0726286 5.24629 2.38664 -1.56634</i>
                        <i>0.0370363 0.998281 -0.0454187 0.0720431 -0.0479989 -0.996246 -0.996714 0.0336252 -0.0736969 5.2424 2.38719 -1.5634</i>
                        <i>0.0317427 0.998444 -0.0458394 0.0726209 -0.0480452 -0.996202 -0.996854 0.0282932 -0.074033 5.23923 2.38832 -1.5603</i>
                        <i>0.02887 0.998517 -0.0461568 0.0725763 -0.0481481 -0.9962 -0.996945 0.0254105 -0.0738587 5.23633 2.39044 -1.55669</i>
                        <i>0.0268945 0.998547 -0.0466864 0.0723119 -0.0485243 -0.996201 -0.997019 0.0234164 -0.0735119 5.23299 2.39291 -1.55233</i>
                        <i>0.0256658 0.998547 -0.0473721 0.0718931 -0.0491087 -0.996203 -0.997082 0.0221627 -0.0730491 5.22922 2.39555 -1.5474</i>
                        <i>0.0250265 0.998526 -0.0481579 0.0713919 -0.0498352 -0.996203 -0.997134 0.0214933 -0.0725339 5.22506 2.39814 -1.54207</i>
                        <i>0.0248121 0.998491 -0.0489869 0.0708749 -0.0506356 -0.996199 -0.997177 0.0212459 -0.0720243 5.22054 2.40049 -1.53652</i>
                        <i>0.0248527 0.99845 -0.0497997 0.0703946 -0.0514392 -0.996192 -0.99721 0.0212524 -0.0715639 5.21568 2.4024 -1.53092</i>
                        <i>0.0249732 0.99841 -0.0505353 0.0699834 -0.0521731 -0.996183 -0.997236 0.0213412 -0.0711751 5.21053 2.40367 -1.52544</i>
                        <i>0.0249955 0.998379 -0.0511321 0.0696504 -0.052763 -0.996175 -0.997258 0.0213386 -0.0708563 5.20509 2.4041 -1.52027</i>
                        <i>0.0247398 0.998365 -0.0515282 0.06938 -0.0531344 -0.996174 -0.997284 0.0210702 -0.0705811 5.19941 2.40352 -1.51558</i>
                        <i>0.0240251 0.998376 -0.0516633 0.0691338 -0.0532137 -0.996187 -0.997318 0.0203618 -0.0702999 5.19352 2.40172 -1.51156</i>
                        <i>0.0220311 0.998467 -0.0507804 0.0684314 -0.0521796 -0.99629 -0.997413 0.0184744 -0.069476 5.18855 2.37901 -1.50857</i>
                        <i>0.00512472 0.998757 -0.049588 0.0682129 -0.0498223 -0.996426 -0.997658 0.00172387 -0.0683834 5.17757 2.35903 -1.50745</i>
                        <i>-0.031456 0.998294 -0.0491845 0.069069 -0.0469201 -0.996508 -0.997116 -0.0347433 -0.0674753 5.15609 2.37551 -1.50841</i>
                        <i>-0.0705247 0.996292 -0.0492774 0.0698411 -0.0443474 -0.996572 -0.995062 -0.0737245 -0.0664545 5.13419 2.40244 -1.51038</i>
                        <i>-0.0938655 0.994353 -0.0495034 0.0701111 -0.0429974 -0.996612 -0.993113 -0.0970182 -0.0656793 5.1228 2.41733 -1.51225</i>
                        <i>-0.093848 0.994345 -0.0497123 0.0700984 -0.0432092 -0.996604 -0.993116 -0.097014 -0.0656468 5.12316 2.41638 -1.51238</i>
                        <i>-0.0936284 0.994341 -0.0501915 0.0700557 -0.0437082 -0.996585 -0.993139 -0.0968249 -0.0655669 5.12415 2.41379 -1.51277</i>
                        <i>-0.0929334 0.99438 -0.0507214 0.0699766 -0.044293 -0.996565 -0.99321 -0.0961635 -0.065467 5.1256 2.40995 -1.51341</i>
                        <i>-0.0914516 0.994498 -0.0510878 0.0698619 -0.0447689 -0.996552 -0.993356 -0.0947053 -0.0653834 5.12736 2.40527 -1.51428</i>
                        <i>-0.0888828 0.994731 -0.0510805 0.0697252 -0.0449439 -0.996553 -0.993599 -0.092138 -0.0653631 5.12925 2.40016 -1.51539</i>
                        <i>-0.0845802 0.995126 -0.0507086 0.0695874 -0.0448675 -0.996566 -0.993984 -0.0878185 -0.0654533 5.13112 2.39503 -1.51671</i>
                        <i>-0.078928 0.995617 -0.0501748 0.0694622 -0.0447168 -0.996582 -0.994457 -0.0821434 -0.0656283 5.13283 2.39029 -1.51825</i>
                        <i>-0.0731941 0.996086 -0.0495603 0.0693625 -0.044489 -0.996599 -0.994903 -0.0763828 -0.0658346 5.13421 2.38637 -1.51998</i>
                        <i>-0.0686217 0.996441 -0.048948 0.0692994 -0.0441842 -0.996617 -0.995233 -0.0717816 -0.0660208 5.13511 2.38372 -1.52192</i>
                        <i>-0.0664236 0.996616 -0.0484238 0.0692817 -0.0438071 -0.996635 -0.995383 -0.069555 -0.0661375 5.1354 2.38276 -1.52403</i>
                        <i>-0.0673263 0.996574 -0.0480443 0.0692957 -0.0433666 -0.996653 -0.995322 -0.0704303 -0.0661386 5.13522 2.38305 -1.5263</i>
                        <i>-0.0705942 0.996359 -0.0477982 0.0693197 -0.0429017 -0.996672 -0.995094 -0.0736726 -0.0660388 5.13486 2.38383 -1.52867</i>
                        <i>-0.0748741 0.996054 -0.047655 0.0693481 -0.0424724 -0.996688 -0.994779 -0.0779309 -0.0658944 5.13434 2.38502 -1.53112</i>
                        <i>-0.0796144 0.995688 -0.0476183 0.0693774 -0.0421194 -0.996701 -0.994409 -0.0826553 -0.0657249 5.13367 2.38659 -1.53362</i>
                        <i>-0.0842708 0.995301 -0.0476921 0.0694054 -0.0418831 -0.996709 -0.994023 -0.0873035 -0.0655498 5.13288 2.38847 -1.53616</i>
                        <i>-0.0886199 0.994916 -0.0478499 0.0694334 -0.0417517 -0.996713 -0.993643 -0.0916509 -0.0653804 5.13199 2.39061 -1.53871</i>
                        <i>-0.0926044 0.994543 -0.0480486 0.0694634 -0.0416855 -0.996713 -0.993277 -0.0956377 -0.0652241 5.13101 2.39296 -1.54124</i>
                        <i>-0.0959293 0.994217 -0.0482682 0.069496 -0.0416838 -0.996711 -0.992959 -0.0989682 -0.0650954 5.12997 2.39546 -1.54373</i>
                        <i>-0.0982949 0.993975 -0.0484893 0.0695319 -0.0417465 -0.996706 -0.992725 -0.101343 -0.0650095 5.12889 2.39805 -1.54615</i>
                        <i>-0.0993986 0.993856 -0.0486925 0.0695716 -0.0418736 -0.996698 -0.992613 -0.102458 -0.0649819 5.12779 2.40069 -1.5485</i>
                        <i>-0.0992097 0.993866 -0.0488687 0.0696157 -0.0420583 -0.996687 -0.992628 -0.102283 -0.0650161 5.12669 2.40331 -1.55073</i>
                        <i>-0.0980585 0.993972 -0.0490228 0.0696642 -0.0422835 -0.996674 -0.992739 -0.101148 -0.0650981 5.12561 2.40587 -1.55282</i>
                        <i>-0.0961813 0.994149 -0.0491555 0.0697163 -0.0425347 -0.99666 -0.992919 -0.099287 -0.0652174 5.12457 2.40832 -1.55476</i>
                        <i>-0.0938115 0.99437 -0.0492673 0.0697705 -0.0427977 -0.996645 -0.993142 -0.0969342 -0.0653628 5.1236 2.4106 -1.55652</i>
                        <i>-0.0911801 0.99461 -0.0493589 0.0698248 -0.043058 -0.99663 -0.993383 -0.0943193 -0.0655224 5.12272 2.41267 -1.55807</i>
                        <i>-0.0885163 0.994847 -0.0494311 0.0698763 -0.0433017 -0.996615 -0.993621 -0.0916708 -0.0656834 5.12195 2.41448 -1.55939</i>
                        <i>-0.086048 0.995061 -0.0494849 0.0699221 -0.043515 -0.996603 -0.993834 -0.0892158 -0.0658324 5.12131 2.41597 -1.56046</i>
                        <i>-0.0840025 0.995234 -0.0495215 0.0699587 -0.0436843 -0.996593 -0.994007 -0.0871808 -0.0659557 5.12083 2.41709 -1.56126</i>
                        <i>-0.0826073 0.99535 -0.0495424 0.0699829 -0.0437958 -0.996586 -0.994122 -0.0857924 -0.0660396 5.12053 2.4178 -1.56175</i>
                        <i>-0.082091 0.995392 -0.049549 0.0699916 -0.0438361 -0.996584 -0.994164 -0.0852786 -0.0660705 5.12042 2.41805 -1.56192</i>
                        <i>-0.0707261 0.996298 -0.0488733 0.069823 -0.043931 -0.996592 -0.995049 -0.0738976 -0.0664575 5.124 2.41572 -1.56131</i>
                        <i>-0.0504806 0.997592 -0.0475634 0.0693088 -0.04401 -0.996624 -0.996317 -0.0536067 -0.0669203 5.13115 2.4102 -1.5591</i>
                        <i>-0.0264014 0.998594 -0.0459776 0.0683138 -0.0440838 -0.996689 -0.997315 -0.0294549 -0.0670538 5.13967 2.40238 -1.55567</i>
                        <i>-0.00293918 0.999008 -0.0444348 0.0668981 -0.044139 -0.996783 -0.997755 -0.00590233 -0.066702 5.14752 2.39359 -1.55141</i>
                        <i>0.016402 0.998934 -0.0431482 0.0655042 -0.0441349 -0.996876 -0.997717 0.0135244 -0.0661582 5.15282 2.38555 -1.54666</i>
                        <i>0.0301715 0.998655 -0.0421636 0.0646879 -0.0440452 -0.996933 -0.997449 0.0273515 -0.0659298 5.15507 2.37946 -1.54167</i>
                        <i>0.0393879 0.998365 -0.0414127 0.0645177 -0.0438994 -0.996951 -0.997139 0.036596 -0.0661413 5.15576 2.37515 -1.5365</i>
                        <i>0.0446988 0.998163 -0.0408915 0.0648634 -0.0437458 -0.996935 -0.996893 0.0419094 -0.0666997 5.15615 2.37241 -1.53123</i>
                        <i>0.047018 0.998069 -0.0405981 0.0653961 -0.0436315 -0.996905 -0.996751 0.0442175 -0.0673212 5.15754 2.37108 -1.52598</i>
                        <i>0.0475208 0.998048 -0.0405085 0.0656736 -0.0435884 -0.996889 -0.996709 0.0447126 -0.0676168 5.16126 2.37109 -1.52086</i>
                        <i>0.0475849 0.998041 -0.0406287 0.0657011 -0.0437141 -0.996881 -0.996704 0.0447672 -0.0676525 5.16995 2.37653 -1.51338</i>
                        <i>0.047759 0.998019 -0.040955 0.0657768 -0.0440552 -0.996861 -0.996691 0.0449152 -0.0677505 5.1834 2.38853 -1.5029</i>
                        <i>0.0480149 0.997987 -0.0414358 0.0658916 -0.044558 -0.996831 -0.996671 0.0451325 -0.0678984 5.19865 2.40265 -1.49223</i>
                        <i>0.0483248 0.997947 -0.0420196 0.0660361 -0.0451688 -0.996794 -0.996646 0.0453951 -0.0680833 5.21273 2.41444 -1.48421</i>
                        <i>0.048661 0.997904 -0.0426548 0.0661997 -0.0458337 -0.996753 -0.996619 0.0456792 -0.0682913 5.22269 2.41945 -1.48164</i>
                        <i>0.0467156 0.997964 -0.0434178 0.0663734 -0.0464703 -0.996712 -0.996701 0.0436802 -0.0684092 5.22759 2.41501 -1.48679</i>
                        <i>0.0415542 0.998154 -0.0443029 0.0665447 -0.0470076 -0.996676 -0.996918 0.038468 -0.0683751 5.22937 2.40409 -1.4977</i>
                        <i>0.0352431 0.998359 -0.0451368 0.0666944 -0.0474137 -0.996646 -0.997151 0.0321146 -0.068256 5.2294 2.39073 -1.51095</i>
                        <i>0.0299659 0.998503 -0.0457494 0.0668009 -0.0476682 -0.996627 -0.997316 0.0268087 -0.0681293 5.22905 2.37895 -1.52311</i>
                        <i>0.0280052 0.99855 -0.0459745 0.0668408 -0.0477602 -0.99662 -0.997371 0.0248376 -0.0680814 5.22969 2.37279 -1.53075</i>
                        <i>0.0289331 0.998504 -0.0463892 0.0653002 -0.0481976 -0.996701 -0.997446 0.0258085 -0.066597 5.2313 2.37103 -1.53509</i>
                        <i>0.0307308 0.998391 -0.047646 0.0608926 -0.04945 -0.996919 -0.997671 0.0277349 -0.0623142 5.23296 2.36976 -1.53959</i>
                        <i>0.0332861 0.998208 -0.0497186 0.0539374 -0.0514678 -0.997217 -0.997989 0.0305118 -0.055554 5.23465 2.36892 -1.54421</i>
                        <i>0.0364724 0.99795 -0.0525935 0.044757 -0.0542069 -0.997526 -0.998332 0.0340282 -0.0466423 5.23635 2.36846 -1.54891</i>
                        <i>0.0401643 0.997609 -0.0562483 0.0336777 -0.0576134 -0.997771 -0.998625 0.0381804 -0.0359112 5.23803 2.36833 -1.55364</i>
                        <i>0.0442532 0.997178 -0.0606373 0.0210309 -0.0616132 -0.997878 -0.998799 0.0428841 -0.0236982 5.23969 2.3685 -1.55834</i>
                        <i>0.0486611 0.996653 -0.0656845 0.00715204 -0.0661084 -0.997787 -0.99879 0.0480836 -0.010345 5.2413 2.36889 -1.56299</i>
                        <i>0.0528869 0.99606 -0.0711856 -0.00761217 -0.0708812 -0.997456 -0.998572 0.0532942 0.0038335 5.24285 2.36948 -1.56751</i>
                        <i>0.0559159 0.995483 -0.076725 -0.0229049 -0.0755461 -0.996879 -0.998173 0.0574987 0.0185773 5.24431 2.37021 -1.57188</i>
                        <i>0.0569729 0.995019 -0.0817981 -0.0383781 -0.0796879 -0.996081 -0.997638 0.0598889 0.0336469 5.24568 2.37103 -1.57605</i>
                        <i>0.056175 0.994672 -0.0864403 -0.0537376 -0.0834394 -0.995063 -0.996974 0.0605427 0.0487641 5.24693 2.37189 -1.57997</i>
                        <i>0.0540803 0.994389 -0.0909163 -0.0687017 -0.0871284 -0.993825 -0.99617 0.0599925 0.0636043 5.24805 2.37276 -1.5836</i>
                        <i>0.0506431 0.994191 -0.0949755 -0.0829533 -0.0905815 -0.992428 -0.995266 0.0581382 0.0778841 5.24903 2.37357 -1.58691</i>
                        <i>0.0458465 0.994093 -0.0983699 -0.0961847 -0.093623 -0.990951 -0.994307 0.0548932 0.0913242 5.24986 2.37428 -1.58986</i>
                        <i>0.0396986 0.994108 -0.100866 -0.108097 -0.0960801 -0.989487 -0.993347 0.0501845 0.103645 5.25051 2.37486 -1.5924</i>
                        <i>0.0325973 0.994207 -0.102422 -0.118403 -0.0979132 -0.988126 -0.99243 0.0443373 0.114526 5.25099 2.37524 -1.59451</i>
                        <i>0.025147 0.994346 -0.103164 -0.126826 -0.0991892 -0.986953 -0.991606 0.0379028 0.123614 5.25127 2.37539 -1.59616</i>
                        <i>0.0176701 0.994507 -0.103164 -0.133082 -0.0999226 -0.986055 -0.990947 0.031153 0.130586 5.25133 2.37526 -1.5973</i>
                        <i>0.0104706 0.994674 -0.10254 -0.136891 -0.100155 -0.98551 -0.990531 0.0243558 0.135114 5.25117 2.37479 -1.59792</i>
                        <i>0.00383287 0.994834 -0.101445 -0.137968 -0.0999499 -0.985381 -0.990429 0.0177731 0.136872 5.25077 2.37396 -1.59797</i>
                        <i>-0.00206815 0.994971 -0.100139 -0.137609 -0.0994698 -0.985479 -0.990484 0.0117419 0.137123 5.25029 2.37025 -1.59776</i>
                        <i>-0.00707417 0.995076 -0.0988661 -0.137311 -0.0988987 -0.985578 -0.990503 0.00660326 0.137335 5.24989 2.36301 -1.59758</i>
                        <i>-0.0109445 0.995148 -0.0977787 -0.137086 -0.0983545 -0.985664 -0.990499 0.00261657 0.137498 5.2496 2.35495 -1.59745</i>
                        <i>-0.013442 0.995191 -0.0970266 -0.136945 -0.0979533 -0.985724 -0.990487 3.72466e-005 0.137603 5.24941 2.34879 -1.59736</i>
                        <i>-0.0143284 0.995206 -0.0967484 -0.136896 -0.0977997 -0.985746 -0.990482 -0.000879667 0.137641 5.24935 2.34726 -1.59733</i>
                    </KeyFrames>
                </p>
            </i>
            <i>
                <p>
                    <Name><![CDATA[spine1]]></Name>
                    <Exclude>0</Exclude>
                    <Additive>0</Additive>
                    <IKPriority>0</IKPriority>
                    <IKRotLimits>-1e+010 -1e+010 -1e+010 1e+010 1e+010 1e+010</IKRotLimits>
                    <IKRotLimitOrder>0</IKRotLimitOrder>
                    <KeyFrames count="120">
                        <i>-0.180442 0.980814 -0.0737824 -0.418853 -0.144496 -0.896484 -0.889945 -0.13086 0.43689 5.24688 2.51966 -1.6141</i>
                        <i>-0.173824 0.981931 -0.0748054 -0.418666 -0.142441 -0.8969 -0.891349 -0.124584 0.435861 5.24523 2.52173 -1.61392</i>
                        <i>-0.165645 0.983279 -0.0756595 -0.418849 -0.139601 -0.897261 -0.89282 -0.116937 0.434969 5.24331 2.52422 -1.61385</i>
                        <i>-0.156228 0.984765 -0.0763531 -0.419376 -0.136123 -0.897549 -0.894269 -0.108202 0.434253 5.24119 2.52703 -1.61388</i>
                        <i>-0.145907 0.986305 -0.0768954 -0.420214 -0.132155 -0.89775 -0.895618 -0.0986751 0.433742 5.23894 2.53002 -1.61398</i>
                        <i>-0.135025 0.987823 -0.0772965 -0.421322 -0.127847 -0.897855 -0.896803 -0.0886665 0.433454 5.23663 2.53309 -1.61414</i>
                        <i>-0.123941 0.989253 -0.0775674 -0.422645 -0.123353 -0.897862 -0.897781 -0.0784981 0.433391 5.23432 2.53611 -1.61434</i>
                        <i>-0.113019 0.990548 -0.0777196 -0.42412 -0.118832 -0.897776 -0.898526 -0.0685037 0.433541 5.23208 2.53897 -1.61458</i>
                        <i>-0.102637 0.991674 -0.0777648 -0.425673 -0.114445 -0.897611 -0.899037 -0.0590256 0.433875 5.22999 2.54154 -1.61484</i>
                        <i>-0.0931742 0.992612 -0.0777144 -0.427222 -0.110361 -0.897386 -0.899333 -0.0504119 0.434349 5.22812 2.54372 -1.61511</i>
                        <i>-0.0850156 0.993355 -0.0775789 -0.428679 -0.106752 -0.897128 -0.899448 -0.0430133 0.434906 5.22654 2.54537 -1.61537</i>
                        <i>-0.0785454 0.993904 -0.0773678 -0.429953 -0.103792 -0.896866 -0.899428 -0.0371802 0.435484 5.22532 2.54639 -1.61561</i>
                        <i>-0.0741466 0.994263 -0.0770895 -0.430951 -0.101658 -0.896631 -0.899324 -0.0332603 0.436017 5.22453 2.54665 -1.61583</i>
                        <i>-0.0721976 0.994433 -0.0767517 -0.431588 -0.100523 -0.896452 -0.899177 -0.0315967 0.436443 5.22425 2.54604 -1.616</i>
                        <i>-0.073071 0.994399 -0.0763616 -0.431785 -0.100561 -0.896353 -0.899012 -0.0325257 0.436714 5.22454 2.54443 -1.61612</i>
                        <i>-0.0840964 0.993722 -0.0737819 -0.418713 -0.10243 -0.902324 -0.904217 -0.0449888 0.424698 5.22719 2.53629 -1.61591</i>
                        <i>-0.108254 0.991752 -0.0686287 -0.383139 -0.105323 -0.917666 -0.917325 -0.0730469 0.39138 5.23317 2.52001 -1.61498</i>
                        <i>-0.139318 0.988198 -0.063678 -0.330218 -0.106987 -0.937822 -0.933567 -0.109628 0.341226 5.24126 2.5014 -1.61308</i>
                        <i>-0.170935 0.983379 -0.0612144 -0.265112 -0.105742 -0.958402 -0.948945 -0.147595 0.278781 5.25025 2.48621 -1.61004</i>
                        <i>-0.196775 0.97846 -0.0624224 -0.193227 -0.10112 -0.975929 -0.961219 -0.179977 0.208963 5.2589 2.48019 -1.60584</i>
                        <i>-0.210752 0.975232 -0.0671279 -0.120335 -0.0940303 -0.98827 -0.970105 -0.200202 0.137172 5.2661 2.48643 -1.60071</i>
                        <i>-0.209323 0.975081 -0.0734863 -0.0524872 -0.0862468 -0.99489 -0.976437 -0.204396 0.0692328 5.27068 2.50117 -1.59512</i>
                        <i>-0.194389 0.977729 -0.0791087 0.00404745 -0.0798469 -0.996799 -0.980916 -0.194087 0.011564 5.27224 2.51982 -1.58972</i>
                        <i>-0.170521 0.981858 -0.0829348 0.042985 -0.076675 -0.996129 -0.984416 -0.173426 -0.0291305 5.2715 2.53766 -1.58513</i>
                        <i>-0.141233 0.986301 -0.0852233 0.0584004 -0.0776356 -0.99527 -0.988252 -0.145543 -0.0466356 5.26897 2.55004 -1.58186</i>
