<?xml version="1.0" encoding="ISO-8859-1" ?>
<Animl Version="1">
    <ModellingPackage><![CDATA[Maya.2010]]></ModellingPackage>
    <SrcFile><![CDATA[anims\turrets\antiair\red\~src\aa_s125_launcher\aa_s125_launcher_fire_crewman_b.mb]]></SrcFile>
    <FramesPerSecond>30</FramesPerSecond>
    <TotalFrames>40</TotalFrames>
    <Skeleton>
        <RefFrame>
            <Name><![CDATA[soldier_ref_frame]]></Name>
            <Exclude>0</Exclude>
            <Additive>0</Additive>
            <IKPriority>0</IKPriority>
            <IKRotLimits>-1e+010 -1e+010 -1e+010 1e+010 1e+010 1e+010</IKRotLimits>
            <IKRotLimitOrder>0</IKRotLimitOrder>
            <KeyFrames count="40">
                <i>1 0 0 0 1 0 0 0 1 -4.8647 1.29477 -1.34517</i>
                <i>1 0 0 0 1 0 0 0 1 -4.8647 1.29477 -1.34517</i>
                <i>1 0 0 0 1 0 0 0 1 -4.8647 1.29477 -1.34517</i>
                <i>1 0 0 0 1 0 0 0 1 -4.8647 1.29477 -1.34517</i>
                <i>1 0 0 0 1 0 0 0 1 -4.8647 1.29477 -1.34517</i>
                <i>1 0 0 0 1 0 0 0 1 -4.8647 1.29477 -1.34517</i>
                <i>1 0 0 0 1 0 0 0 1 -4.8647 1.29477 -1.34517</i>
                <i>1 0 0 0 1 0 0 0 1 -4.8647 1.29477 -1.34517</i>
                <i>1 0 0 0 1 0 0 0 1 -4.8647 1.29477 -1.34517</i>
                <i>1 0 0 0 1 0 0 0 1 -4.8647 1.29477 -1.34517</i>
                <i>1 0 0 0 1 0 0 0 1 -4.8647 1.29477 -1.34517</i>
                <i>1 0 0 0 1 0 0 0 1 -4.8647 1.29477 -1.34517</i>
                <i>1 0 0 0 1 0 0 0 1 -4.8647 1.29477 -1.34517</i>
                <i>1 0 0 0 1 0 0 0 1 -4.8647 1.29477 -1.34517</i>
                <i>1 0 0 0 1 0 0 0 1 -4.8647 1.29477 -1.34517</i>
                <i>1 0 0 0 1 0 0 0 1 -4.8647 1.29477 -1.34517</i>
                <i>1 0 0 0 1 0 0 0 1 -4.8647 1.29477 -1.34517</i>
                <i>1 0 0 0 1 0 0 0 1 -4.8647 1.29477 -1.34517</i>
                <i>1 0 0 0 1 0 0 0 1 -4.8647 1.29477 -1.34517</i>
                <i>1 0 0 0 1 0 0 0 1 -4.8647 1.29477 -1.34517</i>
                <i>1 0 0 0 1 0 0 0 1 -4.8647 1.29477 -1.34517</i>
                <i>1 0 0 0 1 0 0 0 1 -4.8647 1.29477 -1.34517</i>
                <i>1 0 0 0 1 0 0 0 1 -4.8647 1.29477 -1.34517</i>
                <i>1 0 0 0 1 0 0 0 1 -4.8647 1.29477 -1.34517</i>
                <i>1 0 0 0 1 0 0 0 1 -4.8647 1.29477 -1.34517</i>
                <i>1 0 0 0 1 0 0 0 1 -4.8647 1.29477 -1.34517</i>
                <i>1 0 0 0 1 0 0 0 1 -4.8647 1.29477 -1.34517</i>
                <i>1 0 0 0 1 0 0 0 1 -4.8647 1.29477 -1.34517</i>
                <i>1 0 0 0 1 0 0 0 1 -4.8647 1.29477 -1.34517</i>
                <i>1 0 0 0 1 0 0 0 1 -4.8647 1.29477 -1.34517</i>
                <i>1 0 0 0 1 0 0 0 1 -4.8647 1.29477 -1.34517</i>
                <i>1 0 0 0 1 0 0 0 1 -4.8647 1.29477 -1.34517</i>
                <i>1 0 0 0 1 0 0 0 1 -4.8647 1.29477 -1.34517</i>
                <i>1 0 0 0 1 0 0 0 1 -4.8647 1.29477 -1.34517</i>
                <i>1 0 0 0 1 0 0 0 1 -4.8647 1.29477 -1.34517</i>
                <i>1 0 0 0 1 0 0 0 1 -4.8647 1.29477 -1.34517</i>
                <i>1 0 0 0 1 0 0 0 1 -4.8647 1.29477 -1.34517</i>
                <i>1 0 0 0 1 0 0 0 1 -4.8647 1.29477 -1.34517</i>
                <i>1 0 0 0 1 0 0 0 1 -4.8647 1.29477 -1.34517</i>
                <i>1 0 0 0 1 0 0 0 1 -4.8647 1.29477 -1.34517</i>
            </KeyFrames>
        </RefFrame>
        <Bones count="23">
            <i>
                <p>
                    <Name><![CDATA[pelvis]]></Name>
                    <Exclude>0</Exclude>
                    <Additive>0</Additive>
                    <IKPriority>0</IKPriority>
                    <IKRotLimits>-1e+010 -1e+010 -1e+010 1e+010 1e+010 1e+010</IKRotLimits>
                    <IKRotLimitOrder>2</IKRotLimitOrder>
                    <KeyFrames count="40">
                        <i>1 0 0 0 1 0 0 0 1 -4.86484 1.84217 -1.345</i>
                        <i>1 0 0 0 1 0 0 0 1 -4.86484 1.84217 -1.345</i>
                        <i>1 0 0 0 1 0 0 0 1 -4.86484 1.84217 -1.345</i>
                        <i>1 0 0 0 1 0 0 0 1 -4.86484 1.84217 -1.345</i>
                        <i>1 0 0 0 1 0 0 0 1 -4.86484 1.84217 -1.345</i>
                        <i>1 0 0 0 1 0 0 0 1 -4.86565 1.84208 -1.34502</i>
                        <i>1 0 0 0 1 0 0 0 1 -4.86792 1.84181 -1.34506</i>
                        <i>1 0 0 0 1 0 0 0 1 -4.87144 1.84134 -1.34505</i>
                        <i>1 0 0 0 1 0 0 0 1 -4.87598 1.84066 -1.34494</i>
                        <i>1 0 0 0 1 0 0 0 1 -4.88134 1.83976 -1.34468</i>
                        <i>1 0 0 0 1 0 0 0 1 -4.8873 1.83863 -1.34419</i>
                        <i>1 0 0 0 1 0 0 0 1 -4.89362 1.83726 -1.34344</i>
                        <i>1 0 0 0 1 0 0 0 1 -4.90011 1.83562 -1.34235</i>
                        <i>1 0 0 0 1 0 0 0 1 -4.90654 1.83372 -1.34088</i>
                        <i>1 0 0 0 1 0 0 0 1 -4.91268 1.83154 -1.33897</i>
                        <i>1 0 0 0 1 0 0 0 1 -4.91834 1.82906 -1.33656</i>
                        <i>1 0 0 0 1 0 0 0 1 -4.92328 1.82628 -1.33358</i>
                        <i>1 0 0 0 1 0 0 0 1 -4.92728 1.82319 -1.33</i>
                        <i>1 0 0 0 1 0 0 0 1 -4.9295 1.81313 -1.32174</i>
                        <i>1 0 0 0 1 0 0 0 1 -4.92978 1.79788 -1.30768</i>
                        <i>1 0 0 0 1 0 0 0 1 -4.92895 1.79 -1.29223</i>
                        <i>1 0 0 0 1 0 0 0 1 -4.92784 1.80605 -1.27974</i>
                        <i>1 0 0 0 1 0 0 0 1 -4.92728 1.82319 -1.2746</i>
                        <i>1 0 0 0 1 0 0 0 1 -4.92728 1.82318 -1.2746</i>
                        <i>1 0 0 0 1 0 0 0 1 -4.92728 1.81985 -1.2746</i>
                        <i>1 0 0 0 1 0 0 0 1 -4.92728 1.81472 -1.2746</i>
                        <i>1 0 0 0 1 0 0 0 1 -4.92728 1.80931 -1.2746</i>
                        <i>1 0 0 0 1 0 0 0 1 -4.92728 1.80516 -1.2746</i>
                        <i>1 0 0 0 1 0 0 0 1 -4.92728 1.80516 -1.2746</i>
                        <i>1 0 0 0 1 0 0 0 1 -4.92728 1.80516 -1.2746</i>
                        <i>1 0 0 0 1 0 0 0 1 -4.92728 1.80516 -1.2746</i>
                        <i>1 0 0 0 1 0 0 0 1 -4.92728 1.80516 -1.2746</i>
                        <i>1 0 0 0 1 0 0 0 1 -4.92728 1.80516 -1.2746</i>
                        <i>1 0 0 0 1 0 0 0 1 -4.92728 1.80516 -1.2746</i>
                        <i>1 0 0 0 1 0 0 0 1 -4.92728 1.80516 -1.2746</i>
                        <i>1 0 0 0 1 0 0 0 1 -4.92728 1.80516 -1.2746</i>
                        <i>1 0 0 0 1 0 0 0 1 -4.92728 1.80516 -1.2746</i>
                        <i>1 0 0 0 1 0 0 0 1 -4.92728 1.80516 -1.2746</i>
                        <i>1 0 0 0 1 0 0 0 1 -4.92728 1.80516 -1.2746</i>
                        <i>1 0 0 0 1 0 0 0 1 -4.92728 1.80516 -1.2746</i>
                    </KeyFrames>
                </p>
            </i>
            <i>
                <p>
                    <Name><![CDATA[spine0]]></Name>
                    <Exclude>0</Exclude>
                    <Additive>0</Additive>
                    <IKPriority>0</IKPriority>
                    <IKRotLimits>-1e+010 -1e+010 -1e+010 1e+010 1e+010 1e+010</IKRotLimits>
                    <IKRotLimitOrder>0</IKRotLimitOrder>
                    <KeyFrames count="40">
                        <i>-0.0821541 0.994519 0.0646772 -0.703724 -0.103841 0.702844 0.705708 0.0122267 0.708397 -4.917 1.97233 -1.37717</i>
                        <i>-0.0508595 0.994474 0.091846 -0.635831 -0.103161 0.764903 0.770151 -0.0194959 0.637564 -4.92838 1.96716 -1.37721</i>
                        <i>0.0149908 0.99029 0.138209 -0.528316 -0.10951 0.841956 0.848916 -0.0856398 0.521544 -4.93994 1.96218 -1.37055</i>
                        <i>0.0904203 0.98045 0.174761 -0.421293 -0.121349 0.89877 0.902406 -0.154892 0.402084 -4.94812 1.95838 -1.36101</i>
                        <i>0.130618 0.973437 0.188039 -0.363848 -0.129365 0.922431 0.922255 -0.188904 0.337286 -4.95071 1.95716 -1.35507</i>
                        <i>0.139328 0.971729 0.190605 -0.349043 -0.131937 0.927772 0.926691 -0.195794 0.320793 -4.95095 1.95762 -1.35341</i>
                        <i>0.151996 0.968914 0.195201 -0.336745 -0.134914 0.93188 0.929247 -0.207375 0.30577 -4.95258 1.95791 -1.35216</i>
                        <i>0.166128 0.965448 0.200779 -0.32728 -0.138086 0.934783 0.930209 -0.221005 0.293032 -4.95539 1.958 -1.35126</i>
                        <i>0.179067 0.961945 0.206392 -0.320979 -0.141183 0.936504 0.930004 -0.233944 0.283483 -4.9592 1.95787 -1.35068</i>
                        <i>0.188016 0.959223 0.21105 -0.318195 -0.143803 0.937055 0.929194 -0.243336 0.278182 -4.96381 1.9575 -1.35037</i>
                        <i>0.190151 0.958243 0.213574 -0.319317 -0.145349 0.936435 0.928374 -0.246262 0.278345 -4.96902 1.95687 -1.35028</i>
                        <i>0.1879 0.958481 0.214494 -0.324631 -0.145505 0.934582 0.926989 -0.245239 0.283812 -4.97462 1.95595 -1.35038</i>
                        <i>0.186846 0.958398 0.215783 -0.334239 -0.144529 0.931341 0.923782 -0.246141 0.293329 -4.98039 1.95472 -1.35062</i>
                        <i>0.185601 0.95833 0.217155 -0.348276 -0.142492 0.926499 0.918834 -0.247589 0.307316 -4.98611 1.95315 -1.35095</i>
                        <i>0.182825 0.958629 0.218186 -0.366869 -0.139374 0.919773 0.91213 -0.248204 0.32621 -4.99156 1.95121 -1.35135</i>
                        <i>0.177253 0.959663 0.218237 -0.390129 -0.135067 0.9108 0.903538 -0.246583 0.350452 -4.99651 1.94887 -1.35178</i>
                        <i>0.16772 0.961792 0.216394 -0.418128 -0.12938 0.899127 0.89277 -0.241282 0.380452 -5.00069 1.9461 -1.35221</i>
                        <i>0.153222 0.965315 0.211402 -0.450879 -0.122071 0.884198 0.879336 -0.230795 0.416536 -5.00387 1.94285 -1.35261</i>
                        <i>0.108661 0.978355 0.176107 -0.504679 -0.0983347 0.857688 0.856441 -0.182075 0.48307 -5.00351 1.93329 -1.34967</i>
                        <i>0.0398537 0.994341 0.0984726 -0.577928 -0.0574555 0.814063 0.815114 -0.0893535 0.572368 -4.99872 1.91946 -1.34179</i>
                        <i>-0.0182164 0.999802 0.00804532 -0.647084 -0.0179233 0.762208 0.762201 0.0086787 0.647282 -4.9919 1.91318 -1.33173</i>
                        <i>-0.0479436 0.997085 -0.0593584 -0.696283 0.00924661 0.717708 0.716164 0.0757398 0.69381 -4.9858 1.93046 -1.32285</i>
                        <i>-0.0552634 0.995077 -0.0822648 -0.714861 0.0180893 0.699033 0.69708 0.0974388 0.710342 -4.9832 1.94806 -1.31906</i>
                        <i>-0.0562327 0.99482 -0.0846835 -0.714599 0.0191322 0.699273 0.697271 0.0998367 0.709821 -4.98491 1.94681 -1.32032</i>
                        <i>-0.0578268 0.994282 -0.0897762 -0.714256 0.0216235 0.699551 0.697492 0.104576 0.708921 -4.98892 1.9404 -1.32324</i>
                        <i>-0.0593631 0.993639 -0.0956937 -0.714559 0.0246417 0.699141 0.697052 0.109882 0.708551 -4.99372 1.93119 -1.32673</i>
                        <i>-0.0600729 0.993152 -0.1002 -0.715645 0.0271282 0.697938 0.695876 0.113635 0.709114 -4.99792 1.92181 -1.32984</i>
                        <i>-0.0593419 0.993122 -0.10093 -0.716915 0.0279568 0.696599 0.69463 0.113696 0.710326 -5.00026 1.91516 -1.33178</i>
                        <i>-0.0400898 0.994874 -0.0928399 -0.716543 0.036132 0.696606 0.69639 0.0944506 0.711421 -4.99148 1.91983 -1.33314</i>
                        <i>-0.0194618 0.9963 -0.0837168 -0.719 0.0442368 0.693601 0.694738 0.073691 0.715478 -4.98239 1.92378 -1.33451</i>
                        <i>-0.0194618 0.9963 -0.0837168 -0.719 0.0442368 0.693601 0.694738 0.073691 0.715478 -4.98239 1.92378 -1.33451</i>
                        <i>-0.0194618 0.9963 -0.0837168 -0.719 0.0442368 0.693601 0.694738 0.073691 0.715478 -4.98239 1.92378 -1.33451</i>
                        <i>-0.0194618 0.9963 -0.0837168 -0.719 0.0442368 0.693601 0.694738 0.073691 0.715478 -4.98239 1.92378 -1.33451</i>
                        <i>-0.0194618 0.9963 -0.0837168 -0.719 0.0442368 0.693601 0.694738 0.073691 0.715478 -4.98239 1.92378 -1.33451</i>
                        <i>-0.0194618 0.9963 -0.0837168 -0.719 0.0442368 0.693601 0.694738 0.073691 0.715478 -4.98239 1.92378 -1.33451</i>
                        <i>-0.0194618 0.9963 -0.0837168 -0.719 0.0442368 0.693601 0.694738 0.073691 0.715478 -4.98239 1.92378 -1.33451</i>
                        <i>-0.0194618 0.9963 -0.0837168 -0.719 0.0442368 0.693601 0.694738 0.073691 0.715478 -4.98239 1.92378 -1.33451</i>
                        <i>-0.0194618 0.9963 -0.0837168 -0.719 0.0442368 0.693601 0.694738 0.073691 0.715478 -4.98239 1.92378 -1.33451</i>
                        <i>-0.0194618 0.9963 -0.0837168 -0.719 0.0442368 0.693601 0.694738 0.073691 0.715478 -4.98239 1.92378 -1.33451</i>
                        <i>-0.0194618 0.9963 -0.0837168 -0.719 0.0442368 0.693601 0.694738 0.073691 0.715478 -4.98239 1.92378 -1.33451</i>
                    </KeyFrames>
                </p>
            </i>
            <i>
                <p>
                    <Name><![CDATA[spine1]]></Name>
                    <Exclude>0</Exclude>
                    <Additive>0</Additive>
                    <IKPriority>0</IKPriority>
                    <IKRotLimits>-1e+010 -1e+010 -1e+010 1e+010 1e+010 1e+010</IKRotLimits>
                    <IKRotLimitOrder>0</IKRotLimitOrder>
                    <KeyFrames count="40">
                        <i>0.265359 0.921078 0.284957 -0.59772 -0.0747445 0.798213 0.756515 -0.382138 0.530712 -4.93229 2.15676 -1.36524</i>
                        <i>0.391862 0.860954 0.324349 -0.487028 -0.104977 0.867054 0.780543 -0.497733 0.378173 -4.93826 2.15849 -1.35962</i>
                        <i>0.541826 0.772616 0.330893 -0.323528 -0.171634 0.930522 0.775728 -0.611234 0.156968 -4.93709 2.161 -1.3429</i>
                        <i>0.658291 0.690262 0.300317 -0.170004 -0.252321 0.952593 0.733315 -0.678138 -0.0487536 -4.92953 2.16216 -1.32478</i>
                        <i>0.706947 0.652335 0.273287 -0.0959873 -0.294331 0.950871 0.700723 -0.698447 -0.14546 -4.9234 2.16237 -1.31552</i>
                        <i>0.717193 0.643936 0.266422 -0.0842836 -0.299351 0.950413 0.691759 -0.704085 -0.160419 -4.92176 2.16281 -1.31325</i>
                        <i>0.731963 0.628456 0.263198 -0.076671 -0.307865 0.948336 0.677017 -0.714326 -0.177161 -4.9206 2.16323 -1.31088</i>
                        <i>0.747748 0.60961 0.263151 -0.0732536 -0.318164 0.945201 0.659929 -0.72605 -0.19325 -4.92027 2.16351 -1.30861</i>
                        <i>0.761288 0.591325 0.266037 -0.0739961 -0.328381 0.941643 0.644178 -0.736547 -0.206236 -4.92117 2.16352 -1.30664</i>
                        <i>0.769673 0.577771 0.271634 -0.07871 -0.336347 0.938443 0.633568 -0.743674 -0.213401 -4.92374 2.16324 -1.30519</i>
                        <i>0.770237 0.573257 0.279486 -0.0871115 -0.339558 0.936543 0.631781 -0.745706 -0.211603 -4.92844 2.16266 -1.30451</i>
                        <i>0.765513 0.574524 0.289677 -0.0994788 -0.339118 0.935469 0.635684 -0.74493 -0.202447 -4.93453 2.16176 -1.30441</i>
                        <i>0.761 0.573589 0.30311 -0.116524 -0.338772 0.933625 0.638202 -0.745808 -0.190968 -4.94052 2.16051 -1.30437</i>
                        <i>0.755338 0.572097 0.319641 -0.138191 -0.337736 0.931041 0.6406 -0.747422 -0.176046 -4.94651 2.15894 -1.30442</i>
                        <i>0.747153 0.57173 0.338952 -0.164395 -0.335159 0.927708 0.644001 -0.748862 -0.156425 -4.95256 2.15704 -1.30461</i>
                        <i>0.73509 0.574201 0.360466 -0.195031 -0.330114 0.923573 0.649312 -0.749212 -0.130676 -4.95872 2.15482 -1.30505</i>
                        <i>0.71783 0.581231 0.383264 -0.229997 -0.321617 0.918512 0.657132 -0.747484 -0.0971846 -4.96498 2.1523 -1.30593</i>
                        <i>0.694091 0.594497 0.405969 -0.269221 -0.308654 0.912279 0.667651 -0.7425 -0.0541831 -4.97131 2.14944 -1.30749</i>
                        <i>0.628364 0.659133 0.413162 -0.35115 -0.233593 0.906713 0.694156 -0.714828 0.0846728 -4.98083 2.13936 -1.3127</i>
                        <i>0.505284 0.779277 0.370696 -0.484902 -0.0989435 0.868954 0.713834 -0.618819 0.327878 -4.99078 2.12132 -1.32191</i>
                        <i>0.362545 0.892779 0.267407 -0.621669 0.0179027 0.783076 0.694327 -0.450138 0.561503 -4.99555 2.10731 -1.33025</i>
                        <i>0.250638 0.956874 0.146876 -0.721542 0.0834955 0.687318 0.645414 -0.278245 0.711352 -4.99482 2.11679 -1.33401</i>
                        <i>0.205993 0.974602 0.0878461 -0.759675 0.102686 0.642145 0.616815 -0.199012 0.761533 -4.9934 2.13088 -1.33422</i>
                        <i>0.211684 0.973149 0.0903981 -0.760154 0.105802 0.641071 0.614293 -0.204421 0.762139 -4.99533 2.13012 -1.33598</i>
                        <i>0.22933 0.967888 0.102956 -0.760926 0.112316 0.639044 0.60696 -0.224893 0.762248 -4.99974 2.1254 -1.34001</i>
                        <i>0.251032 0.960545 0.11973 -0.762203 0.119904 0.636136 0.596682 -0.250949 0.762231 -5.00499 2.1186 -1.34485</i>
                        <i>0.270412 0.953059 0.136217 -0.763749 0.126219 0.633053 0.586144 -0.275221 0.762029 -5.00949 2.11171 -1.34909</i>
                        <i>0.283015 0.947407 0.149407 -0.764965 0.129002 0.631021 0.57856 -0.29288 0.761243 -5.0118 2.10679 -1.35135</i>
                        <i>0.267952 0.945088 0.187111 -0.762982 0.0895757 0.640184 0.588269 -0.3143 0.745087 -4.99924 2.11028 -1.351</i>
                        <i>0.253258 0.940005 0.228583 -0.764024 0.0494147 0.643293 0.593403 -0.337562 0.730701 -4.98618 2.11354 -1.35054</i>
                        <i>0.253258 0.940005 0.228583 -0.764024 0.0494147 0.643293 0.593403 -0.337562 0.730701 -4.98618 2.11354 -1.35054</i>
                        <i>0.253258 0.940005 0.228583 -0.764024 0.0494147 0.643293 0.593403 -0.337562 0.730701 -4.98618 2.11354 -1.35054</i>
                        <i>0.253258 0.940005 0.228583 -0.764024 0.0494147 0.643293 0.593403 -0.337562 0.730701 -4.98618 2.11354 -1.35054</i>
                        <i>0.253258 0.940005 0.228583 -0.764024 0.0494147 0.643293 0.593403 -0.337562 0.730701 -4.98618 2.11354 -1.35054</i>
                        <i>0.253258 0.940005 0.228583 -0.764024 0.0494147 0.643293 0.593403 -0.337562 0.730701 -4.98618 2.11354 -1.35054</i>
                        <i>0.253258 0.940005 0.228583 -0.764024 0.0494147 0.643293 0.593403 -0.337562 0.730701 -4.98618 2.11354 -1.35054</i>
                        <i>0.253258 0.940005 0.228583 -0.764024 0.0494147 0.643293 0.593403 -0.337562 0.730701 -4.98618 2.11354 -1.35054</i>
                        <i>0.253258 0.940005 0.228583 -0.764024 0.0494147 0.643293 0.593403 -0.337562 0.730701 -4.98618 2.11354 -1.35054</i>
                        <i>0.253258 0.940005 0.228583 -0.764024 0.0494147 0.643293 0.593403 -0.337562 0.730701 -4.98618 2.11354 -1.35054</i>
                        <i>0.253258 0.940005 0.228583 -0.764024 0.0494147 0.643293 0.593403 -0.337562 0.730701 -4.98618 2.11354 -1.35054</i>
                    </KeyFrames>
                </p>
            </i>
            <i>
                <p>
                    <Name><![CDATA[spine2]]></Name>
                    <Exclude>0</Exclude>
                    <Additive>0</Additive>
                    <IKPriority>0</IKPriority>
                    <IKRotLimits>-1e+010 -1e+010 -1e+010 1e+010 1e+010 1e+010</IKRotLimits>
                    <IKRotLimitOrder>0</IKRotLimitOrder>
                    <KeyFrames count="40">
                        <i>0.614201 0.650298 0.447068 -0.480075 -0.141727 0.865703 0.626326 -0.746342 0.225142 -4.88674 2.31367 -1.31663</i>
                        <i>0.698964 0.577106 0.422372 -0.361222 -0.224833 0.904969 0.617227 -0.78511 0.0513132 -4.86855 2.31046 -1.30228</i>
                        <i>0.795982 0.489557 0.356015 -0.205201 -0.335088 0.91957 0.569479 -0.805015 -0.166266 -4.83662 2.3031 -1.28201</i>
                        <i>0.866488 0.417125 0.274236 -0.0761942 -0.432406 0.898454 0.493349 -0.799395 -0.342892 -4.80328 2.29342 -1.26778</i>
                        <i>0.895928 0.382192 0.226366 -0.0197214 -0.474879 0.87983 0.443761 -0.792729 -0.41792 -4.78595 2.28813 -1.26303</i>
                        <i>0.906253 0.364779 0.213642 -0.0143956 -0.478455 0.877994 0.422491 -0.79876 -0.428349 -4.78212 2.28713 -1.26202</i>
                        <i>0.920145 0.335014 0.202727 -0.0166807 -0.483714 0.875067 0.391222 -0.808571 -0.439499 -4.77759 2.28497 -1.26011</i>
                        <i>0.934155 0.29922 0.194478 -0.0248253 -0.489152 0.871845 0.356003 -0.819266 -0.449516 -4.77355 2.28208 -1.25763</i>
                        <i>0.945618 0.263961 0.190082 -0.036953 -0.493406 0.869014 0.323173 -0.828779 -0.456819 -4.77116 2.279 -1.25489</i>
                        <i>0.952815 0.23602 0.190887 -0.051065 -0.495255 0.867245 0.299225 -0.836072 -0.459834 -4.7716 2.27641 -1.25217</i>
                        <i>0.954634 0.222287 0.198148 -0.0651008 -0.493527 0.867291 0.290579 -0.840845 -0.456666 -4.776 2.27507 -1.24986</i>
                        <i>0.95257 0.218765 0.211549 -0.0805566 -0.489089 0.868506 0.293465 -0.844354 -0.448268 -4.78304 2.2744 -1.24775</i>
                        <i>0.949201 0.21475 0.230001 -0.10109 -0.484075 0.869168 0.297991 -0.848265 -0.437775 -4.78991 2.27298 -1.24505</i>
                        <i>0.943876 0.211845 0.253416 -0.126079 -0.478059 0.869231 0.30529 -0.852397 -0.42452 -4.79701 2.27111 -1.24181</i>
                        <i>0.935899 0.211687 0.281571 -0.154894 -0.470601 0.868644 0.316388 -0.856577 -0.407646 -4.80468 2.26912 -1.23817</i>
                        <i>0.924521 0.215937 0.314059 -0.186916 -0.461232 0.867368 0.332151 -0.860602 -0.386056 -4.81327 2.26734 -1.23438</i>
                        <i>0.908922 0.226282 0.350225 -0.221564 -0.449439 0.865398 0.353229 -0.864176 -0.358369 -4.82307 2.26609 -1.2308</i>
                        <i>0.88819 0.244414 0.389076 -0.258337 -0.434626 0.862764 0.379974 -0.866811 -0.32289 -4.8343 2.26564 -1.22799</i>
                        <i>0.833322 0.325432 0.446843 -0.32823 -0.359126 0.873667 0.444792 -0.874713 -0.192451 -4.85869 2.2663 -1.23291</i>
                        <i>0.718316 0.489879 0.494005 -0.457374 -0.202541 0.865902 0.524243 -0.847936 0.0785696 -4.89606 2.26625 -1.25268</i>
                        <i>0.565302 0.67476 0.474482 -0.616057 -0.0371629 0.786825 0.548551 -0.737101 0.394682 -4.93053 2.26642 -1.28232</i>
                        <i>0.419463 0.820756 0.387829 -0.745973 0.0682078 0.662474 0.517276 -0.567193 0.640872 -4.9516 2.28114 -1.30854</i>
                        <i>0.34972 0.880075 0.321193 -0.797168 0.0994355 0.595513 0.492158 -0.464307 0.736342 -4.95851 2.29554 -1.31917</i>
                        <i>0.345345 0.883488 0.316522 -0.797946 0.098898 0.59456 0.493983 -0.457895 0.73913 -4.95936 2.29501 -1.32044</i>
                        <i>0.344747 0.882581 0.319689 -0.798907 0.0970587 0.593571 0.492846 -0.460034 0.738561 -4.96039 2.29097 -1.32214</i>
                        <i>0.34719 0.878483 0.328218 -0.799805 0.094632 0.592753 0.489664 -0.468309 0.73547 -4.96132 2.28512 -1.3238</i>
                        <i>0.351482 0.872757 0.338757 -0.800378 0.0924233 0.592328 0.485649 -0.479326 0.731021 -4.96179 2.27915 -1.32482</i>
                        <i>0.356468 0.867222 0.347645 -0.800419 0.0915274 0.592412 0.481934 -0.489437 0.726767 -4.96142 2.27473 -1.3245</i>
                        <i>0.362525 0.843781 0.395739 -0.803735 0.0681001 0.591077 0.47179 -0.53235 0.702864 -4.95192 2.27649 -1.31774</i>
                        <i>0.370309 0.813288 0.448813 -0.808466 0.0442452 0.586877 0.457442 -0.580176 0.673901 -4.94167 2.278 -1.31021</i>
                        <i>0.370309 0.813288 0.448813 -0.808466 0.0442452 0.586877 0.457442 -0.580176 0.673901 -4.94167 2.278 -1.31021</i>
                        <i>0.370309 0.813288 0.448813 -0.808466 0.0442452 0.586877 0.457442 -0.580176 0.673901 -4.94167 2.278 -1.31021</i>
                        <i>0.370309 0.813288 0.448813 -0.808466 0.0442452 0.586877 0.457442 -0.580176 0.673901 -4.94167 2.278 -1.31021</i>
                        <i>0.370309 0.813288 0.448813 -0.808466 0.0442452 0.586877 0.457442 -0.580176 0.673901 -4.94167 2.278 -1.31021</i>
                        <i>0.370309 0.813288 0.448813 -0.808466 0.0442452 0.586877 0.457442 -0.580176 0.673901 -4.94167 2.278 -1.31021</i>
                        <i>0.370309 0.813288 0.448813 -0.808466 0.0442452 0.586877 0.457442 -0.580176 0.673901 -4.94167 2.278 -1.31021</i>
                        <i>0.370309 0.813288 0.448813 -0.808466 0.0442452 0.586877 0.457442 -0.580176 0.673901 -4.94167 2.278 -1.31021</i>
                        <i>0.370309 0.813288 0.448813 -0.808466 0.0442452 0.586877 0.457442 -0.580176 0.673901 -4.94167 2.278 -1.31021</i>
                        <i>0.370309 0.813288 0.448813 -0.808466 0.0442452 0.586877 0.457442 -0.580176 0.673901 -4.94167 2.278 -1.31021</i>
                        <i>0.370309 0.813288 0.448813 -0.808466 0.0442452 0.586877 0.457442 -0.580176 0.673901 -4.94167 2.278 -1.31021</i>
                    </KeyFrames>
                </p>
            </i>
            <i>
                <p>
                    <Name><![CDATA[head]]></Name>
                    <Exclude>0</Exclude>
                    <Additive>0</Additive>
                    <IKPriority>0</IKPriority>
                    <IKRotLimits>-1e+010 -1e+010 -1e+010 1e+010 1e+010 1e+010</IKRotLimits>
                    <IKRotLimitOrder>0</IKRotLimitOrder>
                    <KeyFrames count="40">
                        <i>0.778741 0.383147 0.496751 -0.322568 0.923687 -0.206766 -0.538064 0.000781199 0.842904 -4.72095 2.48375 -1.19814</i>
                        <i>0.872448 0.241997 0.424584 -0.252865 0.966987 -0.0315536 -0.418203 -0.0798335 0.904838 -4.67962 2.46588 -1.18875</i>
                        <i>0.958276 0.0833506 0.273424 -0.130729 0.978438 0.1599 -0.2542 -0.188973 0.94851 -4.6195 2.43901 -1.1841</i>
                        <i>0.993525 -0.0519594 0.101033 0.0204234 0.956485 0.291065 -0.111761 -0.287117 0.951353 -4.56466 2.41174 -1.19037</i>
                        <i>0.989652 -0.143432 -0.00407195 0.136689 0.933737 0.330835 -0.0436502 -0.327968 0.94368 -4.53807 2.39725 -1.19814</i>
                        <i>0.983209 -0.179696 -0.0317808 0.18012 0.927684 0.327047 -0.0292865 -0.32728 0.944474 -4.53081 2.39082 -1.20081</i>
                        <i>0.983556 -0.176224 -0.0395358 0.179362 0.927453 0.328116 -0.0211544 -0.329811 0.94381 -4.52158 2.37943 -1.20223</i>
                        <i>0.984034 -0.173014 -0.0417629 0.176995 0.926558 0.331909 -0.0187291 -0.334001 0.942387 -4.51274 2.36539 -1.20247</i>
                        <i>0.981625 -0.1856 -0.0443287 0.189612 0.922632 0.335852 -0.0214349 -0.338086 0.940871 -4.50641 2.35125 -1.20141</i>
                        <i>0.978566 -0.201354 -0.0431911 0.203952 0.918565 0.338589 -0.0285024 -0.34014 0.939943 -4.5043 2.3398 -1.19885</i>
                        <i>0.977562 -0.20785 -0.0342058 0.207006 0.917868 0.338626 -0.038987 -0.338109 0.940299 -4.50788 2.33395 -1.19473</i>
                        <i>0.978524 -0.205432 -0.0170059 0.199074 0.920377 0.336564 -0.0534892 -0.332721 0.941507 -4.51534 2.33198 -1.18892</i>
                        <i>0.97935 -0.20207 0.00637044 0.188333 0.92332 0.334682 -0.0735113 -0.326571 0.94231 -4.52308 2.32927 -1.181</i>
                        <i>0.980654 -0.192156 0.0373314 0.169226 0.928077 0.331716 -0.0983876 -0.318981 0.94264 -4.53165 2.32657 -1.17109</i>
                        <i>0.982435 -0.169929 0.0771108 0.136295 0.935676 0.325477 -0.127459 -0.30925 0.942401 -4.54159 2.32466 -1.1594</i>
                        <i>0.983498 -0.129358 0.126485 0.0842685 0.946191 0.312444 -0.160096 -0.296629 0.941478 -4.55343 2.3243 -1.14629</i>
                        <i>0.980619 -0.0640792 0.185148 0.00832115 0.957772 0.287409 -0.195747 -0.280298 0.939743 -4.56772 2.32628 -1.13234</i>
                        <i>0.967558 0.0323503 0.250568 -0.0952881 0.965252 0.24333 -0.23399 -0.259312 0.93702 -4.58492 2.33133 -1.11839</i>
                        <i>0.854411 0.344817 0.388694 -0.384813 0.922587 0.0274373 -0.349143 -0.173017 0.920959 -4.62642 2.35586 -1.10643</i>
                        <i>0.485669 0.794391 0.364785 -0.665029 0.606613 -0.435611 -0.567329 -0.0310294 0.822907 -4.70058 2.40277 -1.11335</i>
                        <i>0.131415 0.988521 0.0745466 -0.603764 0.139454 -0.78487 -0.786256 0.0581352 0.61516 -4.78248 2.45233 -1.15065</i>
                        <i>0.0423051 0.998842 -0.0229177 -0.393232 -0.00444066 -0.919429 -0.918466 0.0479085 0.392588 -4.84679 2.50375 -1.20345</i>
                        <i>0.0083094 0.999936 0.00762557 -0.29362 0.00972954 -0.955873 -0.955886 0.00570376 0.293682 -4.87388 2.53255 -1.23397</i>
                        <i>-0.0212844 0.999269 -0.0317708 -0.299005 -0.0366859 -0.953546 -0.954014 -0.0107961 0.299567 -4.87678 2.53372 -1.23703</i>
                        <i>-0.0374697 0.998346 -0.0436108 -0.325596 -0.0534569 -0.943997 -0.944766 -0.0211717 0.32706 -4.87953 2.53132 -1.23855</i>
                        <i>-0.0407218 0.99849 -0.0368601 -0.365511 -0.0492201 -0.929505 -0.929916 -0.0243783 0.366964 -4.88139 2.52664 -1.23837</i>
                        <i>-0.0358016 0.999068 -0.024093 -0.402044 -0.0364704 -0.914894 -0.91492 -0.0230682 0.402976 -4.88181 2.52116 -1.2367</i>
                        <i>-0.0325177 0.999271 -0.0200227 -0.419231 -0.0318227 -0.907322 -0.907297 -0.0211099 0.41996 -4.88051 2.51653 -1.23407</i>
                        <i>-0.00122799 0.999804 0.0197811 -0.410173 0.017537 -0.911839 -0.912007 -0.00923339 0.41007 -4.86613 2.5109 -1.21469</i>
                        <i>0.0434116 0.996265 0.0746452 -0.399792 0.0857959 -0.912582 -0.915578 0.00977411 0.402023 -4.85017 2.50302 -1.19305</i>
                        <i>0.0434116 0.996265 0.0746452 -0.399792 0.0857959 -0.912582 -0.915578 0.00977411 0.402023 -4.85017 2.50302 -1.19305</i>
                        <i>0.0434116 0.996265 0.0746452 -0.399792 0.0857959 -0.912582 -0.915578 0.00977411 0.402023 -4.85017 2.50302 -1.19305</i>
                        <i>0.0434116 0.996265 0.0746452 -0.399792 0.0857959 -0.912582 -0.915578 0.00977411 0.402023 -4.85017 2.50302 -1.19305</i>
                        <i>0.0434116 0.996265 0.0746452 -0.399792 0.0857959 -0.912582 -0.915578 0.00977411 0.402023 -4.85017 2.50302 -1.19305</i>
                        <i>0.0434116 0.996265 0.0746452 -0.399792 0.0857959 -0.912582 -0.915578 0.00977411 0.402023 -4.85017 2.50302 -1.19305</i>
                        <i>0.0434116 0.996265 0.0746452 -0.399792 0.0857959 -0.912582 -0.915578 0.00977411 0.402023 -4.85017 2.50302 -1.19305</i>
                        <i>0.0434116 0.996265 0.0746452 -0.399792 0.0857959 -0.912582 -0.915578 0.00977411 0.402023 -4.85017 2.50302 -1.19305</i>
                        <i>0.0434116 0.996265 0.0746452 -0.399792 0.0857959 -0.912582 -0.915578 0.00977411 0.402023 -4.85017 2.50302 -1.19305</i>
                        <i>0.0434116 0.996265 0.0746452 -0.399792 0.0857959 -0.912582 -0.915578 0.00977411 0.402023 -4.85017 2.50302 -1.19305</i>
                        <i>0.0434116 0.996265 0.0746452 -0.399792 0.0857959 -0.912582 -0.915578 0.00977411 0.402023 -4.85017 2.50302 -1.19305</i>
                    </KeyFrames>
                </p>
            </i>
            <i>
                <p>
                    <Name><![CDATA[head_prop]]></Name>
                    <Exclude>0</Exclude>
                    <Additive>0</Additive>
                    <IKPriority>0</IKPriority>
                    <IKRotLimits>-1e+010 -1e+010 -1e+010 1e+010 1e+010 1e+010</IKRotLimits>
                    <IKRotLimitOrder>0</IKRotLimitOrder>
                    <KeyFrames count="40">
                        <i>0.538064 -0.000781199 -0.842904 0.778741 0.383147 0.496751 0.322568 -0.923687 0.206766 -4.46715 2.60862 -1.03624</i>
                        <i>0.418203 0.0798335 -0.904838 0.872448 0.241997 0.424584 0.252865 -0.966987 0.0315536 -4.39528 2.54475 -1.05038</i>
                        <i>0.2542 0.188973 -0.94851 0.958276 0.0833506 0.273424 0.130729 -0.978438 -0.1599 -4.30719 2.46618 -1.09499</i>
                        <i>0.111761 0.287117 -0.951353 0.993525 -0.0519594 0.101033 -0.0204234 -0.956485 -0.291065 -4.24086 2.39481 -1.15744</i>
                        <i>0.0436502 0.327968 -0.94368 0.989652 -0.143432 -0.00407195 -0.136689 -0.933737 -0.330835 -4.21553 2.3505 -1.19947</i>
                        <i>0.0292865 0.32728 -0.944474 0.983209 -0.179696 -0.0317808 -0.18012 -0.927684 -0.327047 -4.21037 2.33226 -1.21117</i>
                        <i>0.0211544 0.329811 -0.94381 0.983556 -0.176224 -0.0395358 -0.179362 -0.927453 -0.328116 -4.20103 2.322 -1.21512</i>
                        <i>0.0187291 0.334001 -0.942387 0.984034 -0.173014 -0.0417629 -0.176995 -0.926558 -0.331909 -4.19204 2.309 -1.21608</i>
                        <i>0.0214349 0.338086 -0.940871 0.981625 -0.1856 -0.0443287 -0.189612 -0.922632 -0.335852 -4.18649 2.29077 -1.21585</i>
                        <i>0.0285024 0.34014 -0.939943 0.978566 -0.201354 -0.0431911 -0.203952 -0.918565 -0.338589 -4.18537 2.27418 -1.21293</i>
                        <i>0.038987 0.338109 -0.940299 0.977562 -0.20785 -0.0342058 -0.207006 -0.917868 -0.338626 -4.18928 2.26621 -1.20588</i>
                        <i>0.0534892 0.332721 -0.941507 0.978524 -0.205432 -0.0170059 -0.199074 -0.920377 -0.336564 -4.19643 2.26503 -1.19446</i>
                        <i>0.0735113 0.326571 -0.94231 0.97935 -0.20207 0.00637044 -0.188333 -0.92332 -0.334682 -4.2039 2.26341 -1.17893</i>
                        <i>0.0983876 0.318981 -0.94264 0.980654 -0.192156 0.0373314 -0.169226 -0.928077 -0.331716 -4.21204 2.26395 -1.15893</i>
                        <i>0.127459 0.30925 -0.942401 0.982435 -0.169929 0.0771108 -0.136295 -0.935676 -0.325477 -4.2214 2.26927 -1.13427</i>
                        <i>0.160096 0.296629 -0.941478 0.983498 -0.129358 0.126485 -0.0842685 -0.946191 -0.312444 -4.2329 2.28214 -1.10507</i>
                        <i>0.195747 0.280298 -0.939743 0.980619 -0.0640792 0.185148 -0.00832115 -0.957772 -0.287409 -4.24812 2.30539 -1.072</i>
                        <i>0.23399 0.259312 -0.93702 0.967558 0.0323503 0.250568 0.0952881 -0.965252 -0.24333 -4.26959 2.34187 -1.03673</i>
                        <i>0.349143 0.173017 -0.920959 0.854411 0.344817 0.388694 0.384813 -0.922587 -0.0274373 -4.34796 2.46824 -0.979754</i>
                        <i>0.567329 0.0310294 -0.822907 0.485669 0.794391 0.364785 0.665029 -0.606613 0.435611 -4.5423 2.66167 -0.994459</i>
                        <i>0.786256 -0.0581352 -0.61516 0.131415 0.988521 0.0745466 0.603764 -0.139454 0.78487 -4.73965 2.77449 -1.12635</i>
                        <i>0.918466 -0.0479085 -0.392588 0.0423051 0.998842 -0.0229177 0.393232 0.00444066 0.919429 -4.833 2.82928 -1.21092</i>
                        <i>0.955886 -0.00570376 -0.293682 0.0083094 0.999936 0.00762557 0.29362 -0.00972954 0.955873 -4.87117 2.85844 -1.23148</i>
                        <i>0.954014 0.0107961 -0.299567 -0.0212844 0.999269 -0.0317708 0.299005 0.0366859 0.953546 -4.88371 2.8594 -1.24739</i>
                        <i>0.944766 0.0211717 -0.32706 -0.0374697 0.998346 -0.0436108 0.325596 0.0534569 0.943997 -4.89174 2.85669 -1.25276</i>
                        <i>0.929916 0.0243783 -0.366964 -0.0407218 0.99849 -0.0368601 0.365511 0.0492201 0.929505 -4.89466 2.85205 -1.25038</i>
                        <i>0.91492 0.0230682 -0.402976 -0.0358016 0.999068 -0.024093 0.402044 0.0364704 0.914894 -4.89348 2.84676 -1.24455</i>
                        <i>0.907297 0.0211099 -0.41996 -0.0325177 0.999271 -0.0200227 0.419231 0.0318227 0.907322 -4.89111 2.8422 -1.24059</i>
                        <i>0.912007 0.00923339 -0.41007 -0.00122799 0.999804 0.0197811 0.410173 -0.017537 0.911839 -4.86653 2.83675 -1.20824</i>
                        <i>0.915578 -0.00977411 -0.402023 0.0434116 0.996265 0.0746452 0.399792 -0.0857959 0.912582 -4.83602 2.82772 -1.16873</i>
                        <i>0.915578 -0.00977411 -0.402023 0.0434116 0.996265 0.0746452 0.399792 -0.0857959 0.912582 -4.83602 2.82772 -1.16873</i>
                        <i>0.915578 -0.00977411 -0.402023 0.0434116 0.996265 0.0746452 0.399792 -0.0857959 0.912582 -4.83602 2.82772 -1.16873</i>
                        <i>0.915578 -0.00977411 -0.402023 0.0434116 0.996265 0.0746452 0.399792 -0.0857959 0.912582 -4.83602 2.82772 -1.16873</i>
                        <i>0.915578 -0.00977411 -0.402023 0.0434116 0.996265 0.0746452 0.399792 -0.0857959 0.912582 -4.83602 2.82772 -1.16873</i>
                        <i>0.915578 -0.00977411 -0.402023 0.0434116 0.996265 0.0746452 0.399792 -0.0857959 0.912582 -4.83602 2.82772 -1.16873</i>
                        <i>0.915578 -0.00977411 -0.402023 0.0434116 0.996265 0.0746452 0.399792 -0.0857959 0.912582 -4.83602 2.82772 -1.16873</i>
                        <i>0.915578 -0.00977411 -0.402023 0.0434116 0.996265 0.0746452 0.399792 -0.0857959 0.912582 -4.83602 2.82772 -1.16873</i>
                        <i>0.915578 -0.00977411 -0.402023 0.0434116 0.996265 0.0746452 0.399792 -0.0857959 0.912582 -4.83602 2.82772 -1.16873</i>
                        <i>0.915578 -0.00977411 -0.402023 0.0434116 0.996265 0.0746452 0.399792 -0.0857959 0.912582 -4.83602 2.82772 -1.16873</i>
                        <i>0.915578 -0.00977411 -0.402023 0.0434116 0.996265 0.0746452 0.399792 -0.0857959 0.912582 -4.83602 2.82772 -1.16873</i>
                    </KeyFrames>
                </p>
            </i>
            <i>
                <p>
                    <Name><![CDATA[l_clav]]></Name>
                    <Exclude>0</Exclude>
                    <Additive>0</Additive>
                    <IKPriority>0</IKPriority>
                    <IKRotLimits>-1e+010 -1e+010 -1e+010 1e+010 1e+010 1e+010</IKRotLimits>
                    <IKRotLimitOrder>0</IKRotLimitOrder>
                    <KeyFrames count="40">
                        <i>0.476624 0.430271 -0.766614 0.394456 0.674651 0.6239 0.785643 -0.599761 0.151831 -4.79069 2.34914 -1.35571</i>
                        <i>0.445923 0.572557 -0.68799 0.444872 0.525206 0.72543 0.776687 -0.629553 -0.020513 -4.77261 2.34925 -1.34864</i>
                        <i>0.428486 0.69767 -0.574157 0.541224 0.310653 0.781391 0.723517 -0.645562 -0.244485 -4.74369 2.34649 -1.33848</i>
                        <i>0.444368 0.762919 -0.469565 0.628126 0.108391 0.770525 0.638745 -0.637343 -0.431044 -4.71487 2.3411 -1.33272</i>
                        <i>0.461763 0.776072 -0.429519 0.668359 0.0139341 0.743709 0.583157 -0.63049 -0.51226 -4.70032 2.3375 -1.33201</i>
                        <i>0.472718 0.766945 -0.433973 0.68183 -0.00634816 0.731484 0.558253 -0.641681 -0.525927 -4.69686 2.33576 -1.332</i>
                        <i>0.495775 0.750381 -0.43719 0.694241 -0.0399919 0.718631 0.521763 -0.659795 -0.540772 -4.69211 2.33224 -1.3307</i>
                        <i>0.524818 0.729025 -0.439418 0.702885 -0.0799821 0.706793 0.480124 -0.679798 -0.554397 -4.68742 2.32769 -1.32849</i>
                        <i>0.55427 0.70629 -0.440386 0.706191 -0.119008 0.697948 0.440544 -0.697848 -0.564737 -4.68411 2.32294 -1.32563</i>
                        <i>0.579331 0.686413 -0.439559 0.703962 -0.149519 0.694321 0.410868 -0.711675 -0.56983 -4.68348 2.31896 -1.32243</i>
                        <i>0.595814 0.67413 -0.436525 0.696924 -0.163867 0.698172 0.399127 -0.720205 -0.567452 -4.68678 2.31679 -1.31928</i>
                        <i>0.607037 0.667801 -0.430752 0.685611 -0.166042 0.708779 0.4018 -0.725584 -0.558645 -4.69257 2.31562 -1.31595</i>
                        <i>0.620295 0.661567 -0.421383 0.66979 -0.167182 0.723486 0.408187 -0.731013 -0.546813 -4.69778 2.31348 -1.31157</i>
