<?xml version="1.0" encoding="ISO-8859-1" ?>
<Animl Version="1">
    <ModellingPackage><![CDATA[Maya.2010]]></ModellingPackage>
    <SrcFile><![CDATA[anims\turrets\antiair\red\~src\aa_s125_launcher\aa_s125_launcher_aim_low_crewman_b.mb]]></SrcFile>
    <FramesPerSecond>30</FramesPerSecond>
    <TotalFrames>30</TotalFrames>
    <Skeleton>
        <RefFrame>
            <Name><![CDATA[soldier_ref_frame]]></Name>
            <Exclude>0</Exclude>
            <Additive>0</Additive>
            <IKPriority>0</IKPriority>
            <IKRotLimits>-1e+010 -1e+010 -1e+010 1e+010 1e+010 1e+010</IKRotLimits>
            <IKRotLimitOrder>0</IKRotLimitOrder>
            <KeyFrames count="30">
                <i>1 0 0 0 1 0 0 0 1 -4.8647 1.29477 -1.34517</i>
                <i>1 0 0 0 1 0 0 0 1 -4.8647 1.29477 -1.34517</i>
                <i>1 0 0 0 1 0 0 0 1 -4.8647 1.29477 -1.34517</i>
                <i>1 0 0 0 1 0 0 0 1 -4.8647 1.29477 -1.34517</i>
                <i>1 0 0 0 1 0 0 0 1 -4.8647 1.29477 -1.34517</i>
                <i>1 0 0 0 1 0 0 0 1 -4.8647 1.29477 -1.34517</i>
                <i>1 0 0 0 1 0 0 0 1 -4.8647 1.29477 -1.34517</i>
                <i>1 0 0 0 1 0 0 0 1 -4.8647 1.29477 -1.34517</i>
                <i>1 0 0 0 1 0 0 0 1 -4.8647 1.29477 -1.34517</i>
                <i>1 0 0 0 1 0 0 0 1 -4.8647 1.29477 -1.34517</i>
                <i>1 0 0 0 1 0 0 0 1 -4.8647 1.29477 -1.34517</i>
                <i>1 0 0 0 1 0 0 0 1 -4.8647 1.29477 -1.34517</i>
                <i>1 0 0 0 1 0 0 0 1 -4.8647 1.29477 -1.34517</i>
                <i>1 0 0 0 1 0 0 0 1 -4.8647 1.29477 -1.34517</i>
                <i>1 0 0 0 1 0 0 0 1 -4.8647 1.29477 -1.34517</i>
                <i>1 0 0 0 1 0 0 0 1 -4.8647 1.29477 -1.34517</i>
                <i>1 0 0 0 1 0 0 0 1 -4.8647 1.29477 -1.34517</i>
                <i>1 0 0 0 1 0 0 0 1 -4.8647 1.29477 -1.34517</i>
                <i>1 0 0 0 1 0 0 0 1 -4.8647 1.29477 -1.34517</i>
                <i>1 0 0 0 1 0 0 0 1 -4.8647 1.29477 -1.34517</i>
                <i>1 0 0 0 1 0 0 0 1 -4.8647 1.29477 -1.34517</i>
                <i>1 0 0 0 1 0 0 0 1 -4.8647 1.29477 -1.34517</i>
                <i>1 0 0 0 1 0 0 0 1 -4.8647 1.29477 -1.34517</i>
                <i>1 0 0 0 1 0 0 0 1 -4.8647 1.29477 -1.34517</i>
                <i>1 0 0 0 1 0 0 0 1 -4.8647 1.29477 -1.34517</i>
                <i>1 0 0 0 1 0 0 0 1 -4.8647 1.29477 -1.34517</i>
                <i>1 0 0 0 1 0 0 0 1 -4.8647 1.29477 -1.34517</i>
                <i>1 0 0 0 1 0 0 0 1 -4.8647 1.29477 -1.34517</i>
                <i>1 0 0 0 1 0 0 0 1 -4.8647 1.29477 -1.34517</i>
                <i>1 0 0 0 1 0 0 0 1 -4.8647 1.29477 -1.34517</i>
            </KeyFrames>
        </RefFrame>
        <Bones count="23">
            <i>
                <p>
                    <Name><![CDATA[pelvis]]></Name>
                    <Exclude>0</Exclude>
                    <Additive>0</Additive>
                    <IKPriority>0</IKPriority>
                    <IKRotLimits>-1e+010 -1e+010 -1e+010 1e+010 1e+010 1e+010</IKRotLimits>
                    <IKRotLimitOrder>2</IKRotLimitOrder>
                    <KeyFrames count="30">
                        <i>1 0 0 0 1 0 0 0 1 -4.86484 1.84217 -1.345</i>
                        <i>1 0 0 0 1 0 0 0 1 -4.86484 1.84217 -1.345</i>
                        <i>1 0 0 0 1 0 0 0 1 -4.86484 1.84217 -1.345</i>
                        <i>1 0 0 0 1 0 0 0 1 -4.86484 1.84217 -1.345</i>
                        <i>1 0 0 0 1 0 0 0 1 -4.86484 1.84217 -1.345</i>
                        <i>1 0 0 0 1 0 0 0 1 -4.86484 1.84217 -1.345</i>
                        <i>1 0 0 0 1 0 0 0 1 -4.86484 1.84217 -1.345</i>
                        <i>1 0 0 0 1 0 0 0 1 -4.86484 1.84217 -1.345</i>
                        <i>1 0 0 0 1 0 0 0 1 -4.86484 1.84217 -1.345</i>
                        <i>1 0 0 0 1 0 0 0 1 -4.86484 1.84217 -1.345</i>
                        <i>1 0 0 0 1 0 0 0 1 -4.86484 1.84217 -1.345</i>
                        <i>1 0 0 0 1 0 0 0 1 -4.86484 1.84217 -1.345</i>
                        <i>1 0 0 0 1 0 0 0 1 -4.86484 1.84217 -1.345</i>
                        <i>1 0 0 0 1 0 0 0 1 -4.86484 1.84217 -1.345</i>
                        <i>1 0 0 0 1 0 0 0 1 -4.86484 1.84217 -1.345</i>
                        <i>1 0 0 0 1 0 0 0 1 -4.86484 1.84217 -1.345</i>
                        <i>1 0 0 0 1 0 0 0 1 -4.86484 1.84217 -1.345</i>
                        <i>1 0 0 0 1 0 0 0 1 -4.86484 1.84217 -1.345</i>
                        <i>1 0 0 0 1 0 0 0 1 -4.86484 1.84217 -1.345</i>
                        <i>1 0 0 0 1 0 0 0 1 -4.86484 1.84217 -1.345</i>
                        <i>1 0 0 0 1 0 0 0 1 -4.86484 1.84217 -1.345</i>
                        <i>1 0 0 0 1 0 0 0 1 -4.86484 1.84217 -1.345</i>
                        <i>1 0 0 0 1 0 0 0 1 -4.86484 1.84217 -1.345</i>
                        <i>1 0 0 0 1 0 0 0 1 -4.86484 1.84217 -1.345</i>
                        <i>1 0 0 0 1 0 0 0 1 -4.86484 1.84217 -1.345</i>
                        <i>1 0 0 0 1 0 0 0 1 -4.86484 1.84217 -1.345</i>
                        <i>1 0 0 0 1 0 0 0 1 -4.86484 1.84217 -1.345</i>
                        <i>1 0 0 0 1 0 0 0 1 -4.86484 1.84217 -1.345</i>
                        <i>1 0 0 0 1 0 0 0 1 -4.86484 1.84217 -1.345</i>
                        <i>1 0 0 0 1 0 0 0 1 -4.86484 1.84217 -1.345</i>
                    </KeyFrames>
                </p>
            </i>
            <i>
                <p>
                    <Name><![CDATA[spine0]]></Name>
                    <Exclude>0</Exclude>
                    <Additive>0</Additive>
                    <IKPriority>0</IKPriority>
                    <IKRotLimits>-1e+010 -1e+010 -1e+010 1e+010 1e+010 1e+010</IKRotLimits>
                    <IKRotLimitOrder>0</IKRotLimitOrder>
                    <KeyFrames count="30">
                        <i>-0.0444735 0.994293 0.0969701 -0.704236 -0.100049 0.702881 0.708572 -0.0370302 0.704666 -4.917 1.97233 -1.37717</i>
                        <i>-0.0469159 0.994291 0.0958378 -0.704112 -0.100972 0.702873 0.708537 -0.0345046 0.704829 -4.917 1.97233 -1.37717</i>
                        <i>-0.0496263 0.994289 0.094479 -0.703984 -0.101924 0.702864 0.70848 -0.0316311 0.705022 -4.917 1.97233 -1.37717</i>
                        <i>-0.0524914 0.994287 0.0929409 -0.703857 -0.102858 0.702855 0.708399 -0.0285233 0.705235 -4.917 1.97233 -1.37717</i>
                        <i>-0.0554016 0.994284 0.0912692 -0.703739 -0.103729 0.702846 0.708295 -0.0252909 0.705463 -4.917 1.97233 -1.37717</i>
                        <i>-0.0582493 0.994281 0.0895088 -0.703634 -0.104494 0.702837 0.708171 -0.0220417 0.705697 -4.917 1.97233 -1.37717</i>
                        <i>-0.0609263 0.994282 0.087705 -0.70355 -0.105107 0.70283 0.708029 -0.018884 0.705931 -4.917 1.97233 -1.37717</i>
                        <i>-0.063391 0.994287 0.0858794 -0.703488 -0.105556 0.702824 0.707874 -0.0158624 0.706161 -4.917 1.97233 -1.37717</i>
                        <i>-0.0657075 0.994296 0.0840152 -0.703445 -0.105873 0.70282 0.707706 -0.0129194 0.706389 -4.917 1.97233 -1.37717</i>
                        <i>-0.0679207 0.994307 0.0821035 -0.703416 -0.106084 0.702818 0.707526 -0.010017 0.706616 -4.917 1.97233 -1.37717</i>
                        <i>-0.0700096 0.994319 0.0801816 -0.703399 -0.106201 0.702816 0.707339 -0.00719577 0.706838 -4.917 1.97233 -1.37717</i>
                        <i>-0.0718777 0.994332 0.0783405 -0.703397 -0.10622 0.702816 0.707154 -0.00458769 0.707045 -4.917 1.97233 -1.37717</i>
                        <i>-0.0734565 0.994348 0.0766517 -0.703408 -0.106142 0.702817 0.706981 -0.00229092 0.707229 -4.917 1.97233 -1.37717</i>
                        <i>-0.0746825 0.994369 0.0751836 -0.703431 -0.105971 0.702819 0.706829 -0.000398204 0.707384 -4.917 1.97233 -1.37717</i>
                        <i>-0.0754975 0.994396 0.0740016 -0.703467 -0.105712 0.702822 0.706707 0.00100371 0.707506 -4.917 1.97233 -1.37717</i>
                        <i>-0.0758486 0.994431 0.073168 -0.703514 -0.105372 0.702827 0.706622 0.00183374 0.707588 -4.917 1.97233 -1.37717</i>
                        <i>-0.0755062 0.994479 0.0728708 -0.703576 -0.10492 0.702832 0.706597 0.00179802 0.707614 -4.917 1.97233 -1.37717</i>
                        <i>-0.0743818 0.99454 0.0731984 -0.703653 -0.104355 0.702839 0.70664 0.000772123 0.707573 -4.917 1.97233 -1.37717</i>
                        <i>-0.0726366 0.994605 0.0740617 -0.703739 -0.103731 0.702846 0.706736 -0.00106778 0.707476 -4.917 1.97233 -1.37717</i>
                        <i>-0.0704309 0.994665 0.075373 -0.703825 -0.103097 0.702852 0.706873 -0.00354688 0.707331 -4.917 1.97233 -1.37717</i>
                        <i>-0.0678899 0.994713 0.0770583 -0.703907 -0.102491 0.702859 0.70704 -0.00652489 0.707143 -4.917 1.97233 -1.37717</i>
                        <i>-0.0650608 0.994743 0.0790749 -0.703985 -0.101916 0.702864 0.707229 -0.00993862 0.706915 -4.917 1.97233 -1.37717</i>
                        <i>-0.0619963 0.994754 0.081374 -0.704058 -0.101376 0.70287 0.707431 -0.0137167 0.706649 -4.917 1.97233 -1.37717</i>
                        <i>-0.0588096 0.99474 0.0838642 -0.704124 -0.100886 0.702874 0.707638 -0.0177151 0.706353 -4.917 1.97233 -1.37717</i>
                        <i>-0.0556301 0.994703 0.0864422 -0.70418 -0.100464 0.702878 0.707839 -0.0217697 0.706039 -4.917 1.97233 -1.37717</i>
                        <i>-0.052588 0.994642 0.0890042 -0.704225 -0.10013 0.702881 0.708027 -0.0257159 0.705717 -4.917 1.97233 -1.37717</i>
                        <i>-0.0498154 0.994563 0.0914453 -0.704256 -0.0999012 0.702883 0.708197 -0.0293865 0.705403 -4.917 1.97233 -1.37717</i>
                        <i>-0.0474467 0.994473 0.0936593 -0.704269 -0.0997983 0.702883 0.708346 -0.0326119 0.705112 -4.917 1.97233 -1.37717</i>
                        <i>-0.0456193 0.99438 0.0955376 -0.704264 -0.0998409 0.702883 0.708471 -0.0352186 0.70486 -4.917 1.97233 -1.37717</i>
                        <i>-0.0444735 0.994293 0.0969701 -0.704236 -0.100049 0.702881 0.708572 -0.0370302 0.704666 -4.917 1.97233 -1.37717</i>
                    </KeyFrames>
                </p>
            </i>
            <i>
                <p>
                    <Name><![CDATA[spine1]]></Name>
                    <Exclude>0</Exclude>
                    <Additive>0</Additive>
                    <IKPriority>0</IKPriority>
                    <IKRotLimits>-1e+010 -1e+010 -1e+010 1e+010 1e+010 1e+010</IKRotLimits>
                    <IKRotLimitOrder>0</IKRotLimitOrder>
                    <KeyFrames count="30">
                        <i>0.291604 0.906578 0.305094 -0.548643 -0.102755 0.829718 0.783554 -0.409337 0.467424 -4.92511 2.15271 -1.35962</i>
                        <i>0.290757 0.906948 0.304805 -0.548763 -0.102891 0.829622 0.783785 -0.408484 0.467783 -4.92555 2.1528 -1.35982</i>
                        <i>0.289014 0.907797 0.303934 -0.548881 -0.102984 0.829532 0.784347 -0.40657 0.468509 -4.92605 2.15287 -1.36006</i>
                        <i>0.286431 0.909093 0.302501 -0.548988 -0.10303 0.829456 0.785219 -0.403651 0.46957 -4.92657 2.1529 -1.36034</i>
                        <i>0.283064 0.910801 0.300526 -0.549074 -0.103022 0.8294 0.786379 -0.399784 0.470936 -4.9271 2.1529 -1.36064</i>
                        <i>0.278969 0.912883 0.298028 -0.549129 -0.102955 0.829372 0.787803 -0.395025 0.47257 -4.92762 2.15285 -1.36097</i>
                        <i>0.274204 0.915299 0.295026 -0.549144 -0.10282 0.829379 0.789464 -0.38943 0.474437 -4.92809 2.15276 -1.3613</i>
                        <i>0.268783 0.918025 0.291523 -0.549115 -0.102614 0.829423 0.791346 -0.383015 0.476521 -4.92853 2.15261 -1.36164</i>
                        <i>0.262654 0.921065 0.287493 -0.549052 -0.102343 0.829498 0.793445 -0.37572 0.478832 -4.92894 2.15243 -1.362</i>
                        <i>0.25577 0.924414 0.282914 -0.548964 -0.102006 0.829598 0.795752 -0.367496 0.48138 -4.92932 2.15221 -1.36236</i>
                        <i>0.248275 0.927976 0.277884 -0.548858 -0.101616 0.829717 0.798195 -0.358517 0.484098 -4.92968 2.15196 -1.36273</i>
                        <i>0.240551 0.931554 0.272659 -0.548742 -0.101191 0.829845 0.800636 -0.349239 0.486841 -4.93 2.15171 -1.36308</i>
                        <i>0.232909 0.934999 0.267451 -0.548624 -0.100747 0.829977 0.802973 -0.340039 0.489498 -4.93027 2.15145 -1.3634</i>
                        <i>0.225664 0.93818 0.262476 -0.54851 -0.100305 0.830106 0.805117 -0.331295 0.491966 -4.93047 2.1512 -1.36368</i>
                        <i>0.219135 0.940978 0.257955 -0.548404 -0.0998816 0.830227 0.80699 -0.323395 0.494148 -4.93059 2.15098 -1.36391</i>
                        <i>0.213644 0.943283 0.254112 -0.54831 -0.0994981 0.830335 0.808525 -0.316728 0.495954 -4.93064 2.15078 -1.36408</i>
                        <i>0.209919 0.944835 0.251439 -0.54823 -0.0991893 0.830425 0.809554 -0.312169 0.497165 -4.93057 2.15063 -1.36414</i>
                        <i>0.208382 0.945496 0.250228 -0.548165 -0.0989799 0.830493 0.809995 -0.310226 0.497662 -4.93036 2.15054 -1.36409</i>
                        <i>0.208889 0.945339 0.250398 -0.548116 -0.0988742 0.830538 0.809898 -0.310737 0.497502 -4.93004 2.15051 -1.36394</i>
                        <i>0.211294 0.944415 0.251863 -0.548085 -0.0988763 0.830558 0.809295 -0.313534 0.496727 -4.92965 2.15053 -1.3637</i>
                        <i>0.215465 0.942753 0.254541 -0.548071 -0.0989868 0.830554 0.808204 -0.318462 0.495367 -4.9292 2.15061 -1.3634</i>
                        <i>0.221305 0.940359 0.258359 -0.548073 -0.0991993 0.830527 0.806622 -0.3254 0.493432 -4.9287 2.15074 -1.36302</i>
                        <i>0.22867 0.937245 0.263213 -0.54809 -0.0995053 0.830479 0.804554 -0.33417 0.490941 -4.92816 2.15091 -1.3626</i>
                        <i>0.237218 0.933508 0.268868 -0.548122 -0.0998881 0.830412 0.802053 -0.344362 0.487981 -4.9276 2.15113 -1.36213</i>
                        <i>0.246555 0.929276 0.275057 -0.54817 -0.100329 0.830328 0.7992 -0.3555 0.484665 -4.92705 2.15137 -1.36165</i>
                        <i>0.256291 0.924696 0.281519 -0.548234 -0.100809 0.830227 0.796087 -0.367118 0.481113 -4.92651 2.15163 -1.36117</i>
                        <i>0.26604 0.919935 0.287998 -0.548313 -0.101309 0.830114 0.792828 -0.378756 0.47746 -4.92603 2.1519 -1.3607</i>
                        <i>0.275423 0.915184 0.294246 -0.548409 -0.101812 0.829989 0.789551 -0.389965 0.473853 -4.92562 2.15218 -1.36028</i>
                        <i>0.284067 0.910655 0.300023 -0.548519 -0.1023 0.829856 0.786405 -0.400303 0.470452 -4.9253 2.15245 -1.35991</i>
                        <i>0.291604 0.906578 0.305094 -0.548643 -0.102755 0.829718 0.783554 -0.409337 0.467424 -4.92511 2.15271 -1.35962</i>
                    </KeyFrames>
                </p>
            </i>
            <i>
                <p>
                    <Name><![CDATA[spine2]]></Name>
                    <Exclude>0</Exclude>
                    <Additive>0</Additive>
                    <IKPriority>0</IKPriority>
                    <IKRotLimits>-1e+010 -1e+010 -1e+010 1e+010 1e+010 1e+010</IKRotLimits>
                    <IKRotLimitOrder>0</IKRotLimitOrder>
                    <KeyFrames count="30">
                        <i>0.546313 0.739003 0.394229 -0.386604 -0.195054 0.901383 0.743021 -0.644848 0.179141 -4.87617 2.30381 -1.30881</i>
                        <i>0.551115 0.734495 0.395966 -0.386915 -0.195498 0.901154 0.739303 -0.649844 0.176445 -4.87674 2.30404 -1.30902</i>
                        <i>0.554896 0.730998 0.397155 -0.387113 -0.195679 0.901029 0.736365 -0.653722 0.174398 -4.8775 2.3043 -1.30939</i>
                        <i>0.557456 0.728727 0.397742 -0.387188 -0.19559 0.901016 0.73439 -0.656278 0.173121 -4.87845 2.30458 -1.3099</i>
                        <i>0.558592 0.727897 0.39767 -0.387127 -0.195224 0.901121 0.733558 -0.657308 0.172738 -4.87954 2.30487 -1.31053</i>
                        <i>0.558091 0.728713 0.396878 -0.386923 -0.194573 0.90135 0.734047 -0.656597 0.173366 -4.88075 2.30513 -1.31128</i>
                        <i>0.555734 0.73137 0.395295 -0.386568 -0.193625 0.901707 0.73602 -0.653917 0.17512 -4.88205 2.30537 -1.31214</i>
                        <i>0.551411 0.735935 0.39287 -0.38606 -0.192364 0.902194 0.73953 -0.64915 0.178043 -4.88343 2.30556 -1.31311</i>
                        <i>0.5452 0.742277 0.389592 -0.385409 -0.190768 0.902811 0.744457 -0.642365 0.182073 -4.8849 2.30573 -1.31419</i>
                        <i>0.537146 0.750276 0.385435 -0.384624 -0.188814 0.903556 0.750692 -0.633589 0.187153 -4.88649 2.30589 -1.31537</i>
                        <i>0.52749 0.759594 0.380488 -0.383736 -0.186545 0.904405 0.757959 -0.623071 0.193083 -4.88815 2.30603 -1.31664</i>
                        <i>0.516739 0.769646 0.375 -0.382802 -0.184085 0.905304 0.765796 -0.611357 0.199498 -4.88982 2.30616 -1.31792</i>
                        <i>0.505346 0.779952 0.369189 -0.381865 -0.181537 0.906214 0.773825 -0.598932 0.206097 -4.89141 2.30626 -1.31918</i>
                        <i>0.493785 0.790059 0.363296 -0.380964 -0.179011 0.907095 0.781692 -0.586313 0.212591 -4.89286 2.30633 -1.32034</i>
                        <i>0.482557 0.799547 0.35758 -0.380137 -0.176616 0.907911 0.789072 -0.574048 0.21871 -4.89412 2.30638 -1.32138</i>
                        <i>0.472183 0.808031 0.352319 -0.379412 -0.174468 0.908629 0.795669 -0.562714 0.224195 -4.89512 2.30639 -1.32222</i>
                        <i>0.463537 0.814874 0.348014 -0.378846 -0.172788 0.909186 0.801005 -0.553286 0.228618 -4.89569 2.30637 -1.32277</i>
                        <i>0.457254 0.819682 0.345022 -0.378471 -0.17172 0.909545 0.804785 -0.546474 0.231706 -4.89575 2.3063 -1.32294</i>
                        <i>0.453502 0.822439 0.343409 -0.37828 -0.171261 0.909711 0.806995 -0.54246 0.233445 -4.89536 2.30621 -1.32277</i>
                        <i>0.452428 0.823106 0.343227 -0.378272 -0.171408 0.909686 0.8076 -0.541401 0.233808 -4.89457 2.30609 -1.32229</i>
                        <i>0.454103 0.821654 0.344492 -0.378451 -0.172152 0.909471 0.806576 -0.543367 0.232781 -4.89342 2.30595 -1.32152</i>
                        <i>0.458439 0.818114 0.347164 -0.378819 -0.173484 0.909065 0.803947 -0.548263 0.230385 -4.89193 2.30578 -1.3205</i>
                        <i>0.465269 0.812537 0.351151 -0.379374 -0.175376 0.90847 0.79975 -0.555901 0.226659 -4.89014 2.30559 -1.31923</i>
                        <i>0.474189 0.805145 0.356212 -0.380103 -0.177727 0.907708 0.794145 -0.565823 0.221762 -4.88812 2.30536 -1.31778</i>
                        <i>0.48473 0.796206 0.362066 -0.380984 -0.180419 0.906808 0.78733 -0.577498 0.215887 -4.88596 2.3051 -1.31621</i>
                        <i>0.496434 0.786005 0.368442 -0.38199 -0.183335 0.905799 0.779511 -0.590411 0.209232 -4.88375 2.30483 -1.31458</i>
                        <i>0.508856 0.774842 0.37508 -0.383093 -0.186363 0.904715 0.770912 -0.60406 0.202005 -4.88158 2.30454 -1.31296</i>
                        <i>0.521572 0.763046 0.381737 -0.384257 -0.189394 0.903591 0.76178 -0.617973 0.194423 -4.87953 2.30427 -1.31142</i>
                        <i>0.534183 0.750972 0.388187 -0.385442 -0.192323 0.902467 0.752385 -0.631706 0.186721 -4.8777 2.30402 -1.31001</i>
                        <i>0.546313 0.739003 0.394229 -0.386604 -0.195054 0.901383 0.743021 -0.644848 0.179141 -4.87617 2.30381 -1.30881</i>
                    </KeyFrames>
                </p>
            </i>
            <i>
                <p>
                    <Name><![CDATA[head]]></Name>
                    <Exclude>0</Exclude>
                    <Additive>0</Additive>
                    <IKPriority>0</IKPriority>
                    <IKRotLimits>-1e+010 -1e+010 -1e+010 1e+010 1e+010 1e+010</IKRotLimits>
                    <IKRotLimitOrder>0</IKRotLimitOrder>
                    <KeyFrames count="30">
                        <i>0.162403 0.974861 0.152551 -0.279374 0.193706 -0.94044 -0.946348 0.110112 0.303809 -4.73674 2.50354 -1.20873</i>
                        <i>0.179141 0.969593 0.166729 -0.278652 0.212535 -0.93658 -0.943537 0.121321 0.308253 -4.7356 2.50231 -1.20832</i>
                        <i>0.195348 0.96392 0.180825 -0.277173 0.231123 -0.932608 -0.940752 0.132063 0.312322 -4.73496 2.50137 -1.20821</i>
                        <i>0.210378 0.958085 0.194461 -0.275044 0.248883 -0.928659 -0.938132 0.141884 0.315875 -4.73487 2.50077 -1.20842</i>
                        <i>0.223592 0.952389 0.207272 -0.272429 0.265246 -0.924893 -0.935836 0.150332 0.318766 -4.73537 2.50056 -1.20896</i>
                        <i>0.234367 0.94718 0.21891 -0.269541 0.279665 -0.921485 -0.934034 0.156961 0.320848 -4.7365 2.5008 -1.20984</i>
                        <i>0.242087 0.942834 0.229037 -0.266627 0.291616 -0.918624 -0.932901 0.16132 0.321982 -4.73832 2.50154 -1.21108</i>
                        <i>0.246415 0.939636 0.237411 -0.263926 0.300766 -0.916451 -0.932535 0.163168 0.322108 -4.74084 2.50279 -1.21268</i>
                        <i>0.247438 0.937696 0.243929 -0.261611 0.307065 -0.915025 -0.932917 0.162597 0.321292 -4.74405 2.50453 -1.21464</i>
                        <i>0.245182 0.937099 0.248458 -0.259835 0.310422 -0.914398 -0.934008 0.159636 0.319601 -4.74793 2.50673 -1.21698</i>
                        <i>0.239928 0.937777 0.251016 -0.258666 0.310976 -0.914541 -0.935696 0.154495 0.317183 -4.75238 2.50929 -1.21964</i>
                        <i>0.232267 0.939489 0.251817 -0.258073 0.309144 -0.91533 -0.93779 0.147613 0.314261 -4.75717 2.51205 -1.22248</i>
                        <i>0.222691 0.942022 0.251005 -0.258025 0.305241 -0.916652 -0.940123 0.139364 0.31104 -4.7621 2.51487 -1.22538</i>
                        <i>0.211698 0.945157 0.24872 -0.258475 0.299571 -0.918394 -0.942536 0.130134 0.307718 -4.76697 2.51762 -1.22824</i>
                        <i>0.199792 0.948686 0.245108 -0.259368 0.292433 -0.920441 -0.944887 0.120323 0.304485 -4.77156 2.5202 -1.23093</i>
                        <i>0.187481 0.952417 0.240319 -0.260648 0.284123 -0.922679 -0.947055 0.110346 0.301513 -4.77566 2.5225 -1.23331</i>
                        <i>0.175598 0.956071 0.234721 -0.262204 0.275234 -0.92493 -0.948902 0.100871 0.299016 -4.77888 2.52435 -1.23514</i>
                        <i>0.163788 0.959953 0.227294 -0.264212 0.264675 -0.927437 -0.950455 0.0918493 0.296982 -4.78095 2.52566 -1.23625</i>
                        <i>0.151749 0.964224 0.217356 -0.266663 0.251687 -0.930347 -0.951769 0.0832183 0.295316 -4.78186 2.52644 -1.23664</i>
                        <i>0.140372 0.968476 0.205792 -0.269233 0.237355 -0.933368 -0.95279 0.0756128 0.294064 -4.7816 2.52667 -1.23633</i>
                        <i>0.130449 0.972396 0.193463 -0.271682 0.222721 -0.936261 -0.953505 0.0695736 0.293237 -4.78017 2.52633 -1.23531</i>
                        <i>0.122522 0.975795 0.181144 -0.273864 0.208674 -0.938858 -0.953932 0.0654219 0.292802 -4.77763 2.52544 -1.23363</i>
                        <i>0.117069 0.978541 0.169566 -0.275703 0.196052 -0.941038 -0.954088 0.0634161 0.292738 -4.77405 2.52398 -1.23133</i>
                        <i>0.114305 0.980593 0.159283 -0.277193 0.185447 -0.942748 -0.953991 0.0636087 0.293011 -4.76961 2.52201 -1.22852</i>
                        <i>0.114379 0.981926 0.150794 -0.278361 0.177387 -0.943954 -0.953642 0.0659934 0.293619 -4.76452 2.5196 -1.22534</i>
                        <i>0.11744 0.982496 0.144599 -0.279235 0.172402 -0.944619 -0.953014 0.0705594 0.294594 -4.75899 2.5168 -1.22194</i>
                        <i>0.123636 0.982231 0.141194 -0.279831 0.171021 -0.944694 -0.952055 0.0772878 0.296003 -4.75325 2.51371 -1.21845</i>
                        <i>0.133108 0.981011 0.141068 -0.280128 0.17377 -0.944104 -0.95069 0.0861506 0.297938 -4.74749 2.5104 -1.215</i>
                        <i>0.145989 0.978646 0.1447 -0.280037 0.181166 -0.94274 -0.948824 0.0971085 0.300506 -4.74192 2.50697 -1.21172</i>
                        <i>0.162403 0.974861 0.152551 -0.279374 0.193706 -0.94044 -0.946348 0.110112 0.303809 -4.73674 2.50354 -1.20873</i>
                    </KeyFrames>
                </p>
            </i>
            <i>
                <p>
                    <Name><![CDATA[head_prop]]></Name>
                    <Exclude>0</Exclude>
                    <Additive>0</Additive>
                    <IKPriority>0</IKPriority>
                    <IKRotLimits>-1e+010 -1e+010 -1e+010 1e+010 1e+010 1e+010</IKRotLimits>
                    <IKRotLimitOrder>0</IKRotLimitOrder>
                    <KeyFrames count="30">
                        <i>0.946348 -0.110112 -0.303809 0.162403 0.974861 0.152551 0.279374 -0.193706 0.94044 -4.68381 2.82125 -1.15901</i>
                        <i>0.943537 -0.121321 -0.308253 0.179141 0.969593 0.166729 0.278652 -0.212535 0.93658 -4.67722 2.81831 -1.15398</i>
                        <i>0.940752 -0.132063 -0.312322 0.195348 0.96392 0.180825 0.277173 -0.231123 0.932608 -4.6713 2.81552 -1.14928</i>
                        <i>0.938132 -0.141884 -0.315875 0.210378 0.958085 0.194461 0.275044 -0.248883 0.928659 -4.66631 2.81302 -1.14505</i>
                        <i>0.935836 -0.150332 -0.318766 0.223592 0.952389 0.207272 0.272429 -0.265246 0.924893 -4.6625 2.81095 -1.14141</i>
                        <i>0.934034 -0.156961 -0.320848 0.234367 0.94718 0.21891 0.269541 -0.279665 0.921485 -4.66012 2.8095 -1.1385</i>
                        <i>0.932901 -0.16132 -0.321982 0.242087 0.942834 0.229037 0.266627 -0.291616 0.918624 -4.65942 2.80882 -1.13643</i>
                        <i>0.932535 -0.163168 -0.322108 0.246415 0.939636 0.237411 0.263926 -0.300766 0.916451 -4.66053 2.80902 -1.1353</i>
                        <i>0.932917 -0.162597 -0.321292 0.247438 0.937696 0.243929 0.261611 -0.307065 0.915025 -4.6634 2.81013 -1.13515</i>
                        <i>0.934008 -0.159636 -0.319601 0.245182 0.937099 0.248458 0.259835 -0.310422 0.914398 -4.66802 2.81213 -1.13601</i>
                        <i>0.935696 -0.154495 -0.317183 0.239928 0.937777 0.251016 0.258666 -0.310976 0.914541 -4.67419 2.81492 -1.13783</i>
                        <i>0.93779 -0.147613 -0.314261 0.232267 0.939489 0.251817 0.258073 -0.309144 0.91533 -4.68147 2.81824 -1.14041</i>
                        <i>0.940123 -0.139364 -0.31104 0.222691 0.942022 0.251005 0.258025 -0.305241 0.916652 -4.68952 2.82188 -1.14358</i>
                        <i>0.942536 -0.130134 -0.307718 0.211698 0.945157 0.24872 0.258475 -0.299571 0.918394 -4.69797 2.82566 -1.14718</i>
                        <i>0.944887 -0.120323 -0.304485 0.199792 0.948686 0.245108 0.259368 -0.292433 0.920441 -4.70644 2.82938 -1.15104</i>
                        <i>0.947055 -0.110346 -0.301513 0.187481 0.952417 0.240319 0.260648 -0.284123 0.922679 -4.71456 2.8329 -1.15499</i>
                        <i>0.948902 -0.100871 -0.299016 0.175598 0.956071 0.234721 0.262204 -0.275234 0.92493 -4.72166 2.83594 -1.15864</i>
                        <i>0.950455 -0.0918493 -0.296982 0.163788 0.959953 0.227294 0.264212 -0.264675 0.927437 -4.72757 2.83852 -1.16217</i>
                        <i>0.951769 -0.0832183 -0.295316 0.151749 0.964224 0.217356 0.266663 -0.251687 0.930347 -4.7324 2.84069 -1.16581</i>
                        <i>0.95279 -0.0756128 -0.294064 0.140372 0.968476 0.205792 0.269233 -0.237355 0.933368 -4.73585 2.8423 -1.16926</i>
                        <i>0.953505 -0.0695736 -0.293237 0.130449 0.972396 0.193463 0.271682 -0.222721 0.936261 -4.73766 2.84324 -1.17226</i>
                        <i>0.953932 -0.0654219 -0.292802 0.122522 0.975795 0.181144 0.273864 -0.208674 0.938858 -4.7377 2.84346 -1.17459</i>
                        <i>0.954088 -0.0634161 -0.292738 0.117069 0.978541 0.169566 0.275703 -0.196052 0.941038 -4.7359 2.84289 -1.17606</i>
                        <i>0.953991 -0.0636087 -0.293011 0.114305 0.980593 0.159283 0.277193 -0.185447 0.942748 -4.73235 2.84159 -1.17661</i>
                        <i>0.953642 -0.0659934 -0.293619 0.114379 0.981926 0.150794 0.278361 -0.177387 0.943954 -4.72724 2.83961 -1.1762</i>
                        <i>0.953014 -0.0705594 -0.294594 0.11744 0.982496 0.144599 0.279235 -0.172402 0.944619 -4.72072 2.83701 -1.17482</i>
                        <i>0.952055 -0.0772878 -0.296003 0.123636 0.982231 0.141194 0.279831 -0.171021 0.944694 -4.71295 2.83382 -1.17244</i>
                        <i>0.95069 -0.0861506 -0.297938 0.133108 0.981011 0.141068 0.280128 -0.17377 0.944104 -4.70411 2.83012 -1.16903</i>
                        <i>0.948824 -0.0971085 -0.300506 0.145989 0.978646 0.1447 0.280037 -0.181166 0.94274 -4.69434 2.82592 -1.16456</i>
                        <i>0.946348 -0.110112 -0.303809 0.162403 0.974861 0.152551 0.279374 -0.193706 0.94044 -4.68381 2.82125 -1.15901</i>
                    </KeyFrames>
                </p>
            </i>
            <i>
                <p>
                    <Name><![CDATA[l_clav]]></Name>
                    <Exclude>0</Exclude>
                    <Additive>0</Additive>
                    <IKPriority>0</IKPriority>
                    <IKRotLimits>-1e+010 -1e+010 -1e+010 1e+010 1e+010 1e+010</IKRotLimits>
                    <IKRotLimitOrder>0</IKRotLimitOrder>
                    <KeyFrames count="30">
                        <i>0.431448 0.254397 -0.865525 0.395824 0.808752 0.435021 0.810664 -0.530285 0.248238 -4.78509 2.34696 -1.3535</i>
                        <i>0.432514 0.254472 -0.864972 0.404405 0.80268 0.438362 0.805847 -0.539396 0.24426 -4.78571 2.34693 -1.35379</i>
                        <i>0.433385 0.254384 -0.864561 0.411746 0.797464 0.441041 0.80165 -0.547121 0.240867 -4.78658 2.34702 -1.35424</i>
                        <i>0.43402 0.254151 -0.864311 0.417476 0.793419 0.442944 0.798336 -0.553076 0.238258 -4.78767 2.3472 -1.35485</i>
                        <i>0.434376 0.253793 -0.864237 0.421223 0.790867 0.443959 0.796171 -0.556882 0.23663 -4.78894 2.34747 -1.35561</i>
                        <i>0.434413 0.25333 -0.864355 0.422613 0.790119 0.443971 0.795415 -0.558154 0.236177 -4.79037 2.34783 -1.35651</i>
                        <i>0.434088 0.252775 -0.864681 0.421259 0.791468 0.442854 0.796309 -0.556492 0.237082 -4.79192 2.34826 -1.35752</i>
                        <i>0.433383 0.252122 -0.865225 0.417 0.79501 0.440533 0.79893 -0.551719 0.239409 -4.79357 2.34876 -1.35866</i>
                        <i>0.432317 0.251325 -0.86599 0.410033 0.800549 0.437028 0.803104 -0.544019 0.243039 -4.79536 2.34936 -1.35991</i>
                        <i>0.430903 0.25034 -0.866979 0.40049 0.807898 0.43233 0.80866 -0.533509 0.247866 -4.7973 2.35004 -1.36129</i>
                        <i>0.429195 0.249169 -0.868163 0.388725 0.816662 0.426563 0.815282 -0.520555 0.253649 -4.79936 2.3508 -1.36278</i>
                        <i>0.427297 0.247873 -0.869469 0.375381 0.826236 0.420027 0.8225 -0.505858 0.260002 -4.80143 2.3516 -1.36428</i>
                        <i>0.425295 0.246501 -0.870839 0.36103 0.836119 0.412991 0.829928 -0.490042 0.266603 -4.80343 2.35239 -1.36576</i>
                        <i>0.423274 0.245108 -0.872216 0.346271 0.845855 0.40574 0.837219 -0.473762 0.273155 -4.80529 2.35315 -1.36714</i>
                        <i>0.421318 0.243754 -0.873542 0.331724 0.855038 0.398584 0.844068 -0.457706 0.279384 -4.80692 2.35385 -1.36837</i>
                        <i>0.41951 0.242507 -0.874758 0.318032 0.863312 0.391853 0.850216 -0.442587 0.285043 -4.80823 2.35445 -1.36938</i>
                        <i>0.417975 0.241506 -0.875769 0.306153 0.870179 0.386081 0.855317 -0.429492 0.289775 -4.80903 2.35491 -1.37004</i>
                        <i>0.416806 0.240845 -0.876508 0.296835 0.875335 0.381677 0.859164 -0.419263 0.293353 -4.8092 2.35519 -1.37025</i>
                        <i>0.416029 0.240531 -0.876963 0.29041 0.878739 0.378787 0.861732 -0.412265 0.295729 -4.8088 2.35529 -1.37005</i>
                        <i>0.415676 0.240563 -0.877122 0.2872 0.880326 0.377548 0.862977 -0.408847 0.296841 -4.80788 2.35521 -1.36947</i>
                        <i>0.415768 0.240945 -0.876973 0.287406 0.880045 0.378046 0.862864 -0.409227 0.296645 -4.80649 2.35496 -1.36855</i>
                        <i>0.416303 0.24169 -0.876514 0.290966 0.877914 0.380271 0.861412 -0.413344 0.295155 -4.80467 2.35452 -1.36732</i>
                        <i>0.417272 0.242793 -0.875749 0.297728 0.873948 0.384153 0.858628 -0.421031 0.292387 -4.80246 2.35391 -1.3658</i>
                        <i>0.418626 0.244189 -0.874714 0.307275 0.86828 0.389451 0.854596 -0.431812 0.288451 -4.79995 2.35313 -1.36406</i>
                        <i>0.420308 0.245799 -0.873455 0.319117 0.861074 0.395874 0.849415 -0.445123 0.283477 -4.79727 2.35221 -1.36218</i>
                        <i>0.422257 0.247543 -0.872022 0.332763 0.852497 0.403134 0.843189 -0.460403 0.2776 -4.79451 2.3512 -1.36025</i>
                        <i>0.424412 0.249344 -0.870461 0.347727 0.842739 0.410945 0.836038 -0.477093 0.270965 -4.79181 2.35013 -1.35834</i>
                        <i>0.426708 0.25113 -0.868823 0.363532 0.832019 0.419034 0.82811 -0.49465 0.263735 -4.78926 2.34903 -1.35653</i>
                        <i>0.429076 0.252835 -0.867161 0.379713 0.820591 0.427141 0.81958 -0.512548 0.256091 -4.78699 2.34796 -1.35489</i>
                        <i>0.431448 0.254397 -0.865525 0.395824 0.808752 0.435021 0.810664 -0.530285 0.248238 -4.78509 2.34696 -1.3535</i>
                    </KeyFrames>
                </p>
            </i>
            <i>
                <p>
                    <Name><![CDATA[l_shoulder]]></Name>
                    <Exclude>0</Exclude>
                    <Additive>0</Additive>
                    <IKPriority>0</IKPriority>
                    <IKRotLimits>-1e+010 -1e+010 -1e+010 1e+010 1e+010 1e+010</IKRotLimits>
                    <IKRotLimitOrder>0</IKRotLimitOrder>
                    <KeyFrames count="30">
                        <i>0.656646 -0.672408 -0.341589 0.747259 0.641348 0.174002 0.102077 -0.369514 0.923602 -4.69984 2.39722 -1.52451</i>
                        <i>0.664365 -0.666111 -0.338992 0.741681 0.643605 0.188897 0.0923508 -0.37692 0.92163 -4.70025 2.39721 -1.52469</i>
                        <i>0.673197 -0.659159 -0.335135 0.735001 0.646181 0.205484 0.0811118 -0.384656 0.919489 -4.70095 2.39728 -1.52506</i>
                        <i>0.682443 -0.6521 -0.330208 0.727655 0.648872 0.222448 0.0692047 -0.392085 0.917322 -4.70192 2.39741 -1.52562</i>
                        <i>0.691464 -0.645458 -0.324441 0.720127 0.651542 0.238558 0.0574078 -0.398593 0.915329 -4.70312 2.39761 -1.52637</i>
                        <i>0.699689 -0.639725 -0.318101 0.712938 0.654119 0.252681 0.0464299 -0.403584 0.913764 -4.70454 2.39788 -1.52729</i>
                        <i>0.706613 -0.63536 -0.311473 0.706637 0.656577 0.263764 0.0369213 -0.406477 0.912915 -4.70615 2.3982 -1.52837</i>
                        <i>0.711782 -0.632815 -0.304816 0.701781 0.658927 0.270774 0.0295017 -0.406645 0.91311 -4.70795 2.39858 -1.52961</i>
                        <i>0.714763 -0.632549 -0.298321 0.698927 0.661195 0.272621 0.0248023 -0.403364 0.914703 -4.70995 2.39901 -1.53101</i>
                        <i>0.716289 -0.633914 -0.29169 0.697461 0.66349 0.270794 0.0218727 -0.397409 0.917381 -4.71217 2.3995 -1.53259</i>
                        <i>0.717389 -0.635874 -0.284635 0.696404 0.665873 0.267647 0.0193416 -0.390228 0.920515 -4.71456 2.40003 -1.53431</i>
                        <i>0.71804 -0.638292 -0.277492 0.695786 0.668218 0.263374 0.017316 -0.382188 0.923922 -4.717 2.40057 -1.53607</i>
                        <i>0.718232 -0.641057 -0.270533 0.695622 0.670424 0.258149 0.0158833 -0.373599 0.927454 -4.7194 2.40109 -1.53782</i>
                        <i>0.717951 -0.644071 -0.264042 0.695929 0.67239 0.252142 0.0151414 -0.36478 0.93097 -4.72166 2.40158 -1.53947</i>
                        <i>0.71718 -0.647244 -0.258318 0.696722 0.674015 0.245524 0.0151962 -0.356061 0.934339 -4.72367 2.40201 -1.54096</i>
                        <i>0.715894 -0.650497 -0.253671 0.698022 0.675204 0.238464 0.0161594 -0.347783 0.937436 -4.72535 2.40237 -1.54222</i>
                        <i>0.713955 -0.653723 -0.250829 0.699951 0.675729 0.231211 0.0183445 -0.340642 0.940014 -4.72645 2.40263 -1.54307</i>
                        <i>0.71129 -0.656853 -0.25022 0.702557 0.67547 0.223951 0.0219129 -0.335088 0.941932 -4.72685 2.40278 -1.54342</i>
                        <i>0.707965 -0.659873 -0.251703 0.705742 0.674494 0.216763 0.026736 -0.331098 0.943218 -4.7266 2.40281 -1.54331</i>
                        <i>0.70404 -0.662752 -0.255124 0.709409 0.672869 0.209729 0.0326667 -0.328645 0.943888 -4.72575 2.40274 -1.54277</i>
                        <i>0.699577 -0.665447 -0.260332 0.713462 0.670658 0.202952 0.0395397 -0.327718 0.943948 -4.72435 2.40256 -1.54183</i>
                        <i>0.69464 -0.667894 -0.267194 0.717809 0.667912 0.196578 0.0471689 -0.328345 0.943379 -4.72242 2.40228 -1.5405</i>
                        <i>0.689311 -0.670025 -0.27553 0.722349 0.6647 0.190753 0.0553356 -0.330517 0.942177 -4.72001 2.40188 -1.53882</i>
                        <i>0.683741 -0.671785 -0.284963 0.726937 0.661152 0.185584 0.0637317 -0.334041 0.940401 -4.71724 2.40137 -1.53688</i>
                        <i>0.678112 -0.673126 -0.295069 0.73142 0.657421 0.18117 0.0720343 -0.338673 0.938143 -4.71422 2.40078 -1.53476</i>
                        <i>0.672627 -0.674005 -0.305434 0.735652 0.653658 0.177616 0.0799357 -0.344163 0.935501 -4.71109 2.40011 -1.53255</i>
                        <i>0.667505 -0.674388 -0.315655 0.739488 0.650018 0.175025 0.0871468 -0.350254 0.932592 -4.70795 2.39939 -1.53033</i>
                        <i>0.662977 -0.674251 -0.32534 0.74279 0.646653 0.173499 0.0934007 -0.356685 0.929544 -4.70496 2.39865 -1.52819</i>
                        <i>0.659279 -0.673589 -0.334109 0.745425 0.643714 0.17313 0.098452 -0.363194 0.926497 -4.70221 2.39791 -1.52623</i>
                        <i>0.656646 -0.672408 -0.341589 0.747259 0.641348 0.174002 0.102077 -0.369514 0.923602 -4.69984 2.39722 -1.52451</i>
                    </KeyFrames>
                </p>
            </i>
            <i>
                <p>
                    <Name><![CDATA[l_elbow]]></Name>
                    <Exclude>0</Exclude>
                    <Additive>0</Additive>
                    <IKPriority>0</IKPriority>
                    <IKRotLimits>-1e+010 -1e+010 -1e+010 1e+010 1e+010 1e+010</IKRotLimits>
                    <IKRotLimitOrder>0</IKRotLimitOrder>
                    <KeyFrames count="30">
                        <i>0.269768 -0.535165 0.800514 0.747453 0.640494 0.1763 -0.607074 0.550787 0.572796 -4.48625 2.1785 -1.63562</i>
                        <i>0.263314 -0.54143 0.798448 0.741851 0.642732 0.191189 -0.616704 0.541987 0.5709 -4.48415 2.18054 -1.63495</i>
                        <i>0.256631 -0.548579 0.79574 0.735143 0.645288 0.20777 -0.62746 0.531662 0.568884 -4.48198 2.18287 -1.63407</i>
                        <i>0.250345 -0.556054 0.792547 0.727767 0.647961 0.224729 -0.638501 0.52053 0.566891 -4.47993 2.1853 -1.63303</i>
                        <i>0.245023 -0.563318 0.789073 0.720208 0.650615 0.240834 -0.649049 0.509287 0.565122 -4.4782 2.18766 -1.6319</i>
                        <i>0.241161 -0.569866 0.785554 0.712991 0.653179 0.254952 -0.658396 0.498608 0.563831 -4.47695 2.18979 -1.63076</i>
                        <i>0.239192 -0.57522 0.782246 0.706666 0.65563 0.266032 -0.665891 0.489154 0.563309 -4.47631 2.19153 -1.62968</i>
                        <i>0.239546 -0.578925 0.779399 0.701791 0.657979 0.273042 -0.6709 0.48157 0.563901 -4.47642 2.19274 -1.62876</i>
                        <i>0.242714 -0.580523 0.777227 0.698925 0.660255 0.274893 -0.67275 0.476504 0.565996 -4.47745 2.19326 -1.62805</i>
