<?xml version="1.0" encoding="ISO-8859-1" ?>
<Animl Version="1">
    <ModellingPackage><![CDATA[Maya.2010]]></ModellingPackage>
    <SrcFile><![CDATA[anims\turrets\antiair\red\~src\aa_s125_launcher\aa_s125_launcher_reload_crewman_b.mb]]></SrcFile>
    <FramesPerSecond>30</FramesPerSecond>
    <TotalFrames>130</TotalFrames>
    <Skeleton>
        <RefFrame>
            <Name><![CDATA[soldier_ref_frame]]></Name>
            <Exclude>0</Exclude>
            <Additive>0</Additive>
            <IKPriority>0</IKPriority>
            <IKRotLimits>-1e+010 -1e+010 -1e+010 1e+010 1e+010 1e+010</IKRotLimits>
            <IKRotLimitOrder>0</IKRotLimitOrder>
            <KeyFrames count="130">
                <i>1 0 0 0 1 0 0 0 1 -4.8647 1.29477 -1.34517</i>
                <i>1 0 0 0 1 0 0 0 1 -4.8647 1.29477 -1.34517</i>
                <i>1 0 0 0 1 0 0 0 1 -4.8647 1.29477 -1.34517</i>
                <i>1 0 0 0 1 0 0 0 1 -4.8647 1.29477 -1.34517</i>
                <i>1 0 0 0 1 0 0 0 1 -4.8647 1.29477 -1.34517</i>
                <i>1 0 0 0 1 0 0 0 1 -4.8647 1.29477 -1.34517</i>
                <i>1 0 0 0 1 0 0 0 1 -4.8647 1.29477 -1.34517</i>
                <i>1 0 0 0 1 0 0 0 1 -4.8647 1.29477 -1.34517</i>
                <i>1 0 0 0 1 0 0 0 1 -4.8647 1.29477 -1.34517</i>
                <i>1 0 0 0 1 0 0 0 1 -4.8647 1.29477 -1.34517</i>
                <i>1 0 0 0 1 0 0 0 1 -4.8647 1.29477 -1.34517</i>
                <i>1 0 0 0 1 0 0 0 1 -4.8647 1.29477 -1.34517</i>
                <i>1 0 0 0 1 0 0 0 1 -4.8647 1.29477 -1.34517</i>
                <i>1 0 0 0 1 0 0 0 1 -4.8647 1.29477 -1.34517</i>
                <i>1 0 0 0 1 0 0 0 1 -4.8647 1.29477 -1.34517</i>
                <i>1 0 0 0 1 0 0 0 1 -4.8647 1.29477 -1.34517</i>
                <i>1 0 0 0 1 0 0 0 1 -4.8647 1.29477 -1.34517</i>
                <i>1 0 0 0 1 0 0 0 1 -4.8647 1.29477 -1.34517</i>
                <i>1 0 0 0 1 0 0 0 1 -4.8647 1.29477 -1.34517</i>
                <i>1 0 0 0 1 0 0 0 1 -4.8647 1.29477 -1.34517</i>
                <i>1 0 0 0 1 0 0 0 1 -4.8647 1.29477 -1.34517</i>
                <i>1 0 0 0 1 0 0 0 1 -4.8647 1.29477 -1.34517</i>
                <i>1 0 0 0 1 0 0 0 1 -4.8647 1.29477 -1.34517</i>
                <i>1 0 0 0 1 0 0 0 1 -4.8647 1.29477 -1.34517</i>
                <i>1 0 0 0 1 0 0 0 1 -4.8647 1.29477 -1.34517</i>
                <i>1 0 0 0 1 0 0 0 1 -4.8647 1.29477 -1.34517</i>
                <i>1 0 0 0 1 0 0 0 1 -4.8647 1.29477 -1.34517</i>
                <i>1 0 0 0 1 0 0 0 1 -4.8647 1.29477 -1.34517</i>
                <i>1 0 0 0 1 0 0 0 1 -4.8647 1.29477 -1.34517</i>
                <i>1 0 0 0 1 0 0 0 1 -4.8647 1.29477 -1.34517</i>
                <i>1 0 0 0 1 0 0 0 1 -4.8647 1.29477 -1.34517</i>
                <i>1 0 0 0 1 0 0 0 1 -4.8647 1.29477 -1.34517</i>
                <i>1 0 0 0 1 0 0 0 1 -4.8647 1.29477 -1.34517</i>
                <i>1 0 0 0 1 0 0 0 1 -4.8647 1.29477 -1.34517</i>
                <i>1 0 0 0 1 0 0 0 1 -4.8647 1.29477 -1.34517</i>
                <i>1 0 0 0 1 0 0 0 1 -4.8647 1.29477 -1.34517</i>
                <i>1 0 0 0 1 0 0 0 1 -4.8647 1.29477 -1.34517</i>
                <i>1 0 0 0 1 0 0 0 1 -4.8647 1.29477 -1.34517</i>
                <i>1 0 0 0 1 0 0 0 1 -4.8647 1.29477 -1.34517</i>
                <i>1 0 0 0 1 0 0 0 1 -4.8647 1.29477 -1.34517</i>
                <i>1 0 0 0 1 0 0 0 1 -4.8647 1.29477 -1.34517</i>
                <i>1 0 0 0 1 0 0 0 1 -4.8647 1.29477 -1.34517</i>
                <i>1 0 0 0 1 0 0 0 1 -4.8647 1.29477 -1.34517</i>
                <i>1 0 0 0 1 0 0 0 1 -4.8647 1.29477 -1.34517</i>
                <i>1 0 0 0 1 0 0 0 1 -4.8647 1.29477 -1.34517</i>
                <i>1 0 0 0 1 0 0 0 1 -4.8647 1.29477 -1.34517</i>
                <i>1 0 0 0 1 0 0 0 1 -4.8647 1.29477 -1.34517</i>
                <i>1 0 0 0 1 0 0 0 1 -4.8647 1.29477 -1.34517</i>
                <i>1 0 0 0 1 0 0 0 1 -4.8647 1.29477 -1.34517</i>
                <i>1 0 0 0 1 0 0 0 1 -4.8647 1.29477 -1.34517</i>
                <i>1 0 0 0 1 0 0 0 1 -4.8647 1.29477 -1.34517</i>
                <i>1 0 0 0 1 0 0 0 1 -4.8647 1.29477 -1.34517</i>
                <i>1 0 0 0 1 0 0 0 1 -4.8647 1.29477 -1.34517</i>
                <i>1 0 0 0 1 0 0 0 1 -4.8647 1.29477 -1.34517</i>
                <i>1 0 0 0 1 0 0 0 1 -4.8647 1.29477 -1.34517</i>
                <i>1 0 0 0 1 0 0 0 1 -4.8647 1.29477 -1.34517</i>
                <i>1 0 0 0 1 0 0 0 1 -4.8647 1.29477 -1.34517</i>
                <i>1 0 0 0 1 0 0 0 1 -4.8647 1.29477 -1.34517</i>
                <i>1 0 0 0 1 0 0 0 1 -4.8647 1.29477 -1.34517</i>
                <i>1 0 0 0 1 0 0 0 1 -4.8647 1.29477 -1.34517</i>
                <i>1 0 0 0 1 0 0 0 1 -4.8647 1.29477 -1.34517</i>
                <i>1 0 0 0 1 0 0 0 1 -4.8647 1.29477 -1.34517</i>
                <i>1 0 0 0 1 0 0 0 1 -4.8647 1.29477 -1.34517</i>
                <i>1 0 0 0 1 0 0 0 1 -4.8647 1.29477 -1.34517</i>
                <i>1 0 0 0 1 0 0 0 1 -4.8647 1.29477 -1.34517</i>
                <i>1 0 0 0 1 0 0 0 1 -4.8647 1.29477 -1.34517</i>
                <i>1 0 0 0 1 0 0 0 1 -4.8647 1.29477 -1.34517</i>
                <i>1 0 0 0 1 0 0 0 1 -4.8647 1.29477 -1.34517</i>
                <i>1 0 0 0 1 0 0 0 1 -4.8647 1.29477 -1.34517</i>
                <i>1 0 0 0 1 0 0 0 1 -4.8647 1.29477 -1.34517</i>
                <i>1 0 0 0 1 0 0 0 1 -4.8647 1.29477 -1.34517</i>
                <i>1 0 0 0 1 0 0 0 1 -4.8647 1.29477 -1.34517</i>
                <i>1 0 0 0 1 0 0 0 1 -4.8647 1.29477 -1.34517</i>
                <i>1 0 0 0 1 0 0 0 1 -4.8647 1.29477 -1.34517</i>
                <i>1 0 0 0 1 0 0 0 1 -4.8647 1.29477 -1.34517</i>
                <i>1 0 0 0 1 0 0 0 1 -4.8647 1.29477 -1.34517</i>
                <i>1 0 0 0 1 0 0 0 1 -4.8647 1.29477 -1.34517</i>
                <i>1 0 0 0 1 0 0 0 1 -4.8647 1.29477 -1.34517</i>
                <i>1 0 0 0 1 0 0 0 1 -4.8647 1.29477 -1.34517</i>
                <i>1 0 0 0 1 0 0 0 1 -4.8647 1.29477 -1.34517</i>
                <i>1 0 0 0 1 0 0 0 1 -4.8647 1.29477 -1.34517</i>
                <i>1 0 0 0 1 0 0 0 1 -4.8647 1.29477 -1.34517</i>
                <i>1 0 0 0 1 0 0 0 1 -4.8647 1.29477 -1.34517</i>
                <i>1 0 0 0 1 0 0 0 1 -4.8647 1.29477 -1.34517</i>
                <i>1 0 0 0 1 0 0 0 1 -4.8647 1.29477 -1.34517</i>
                <i>1 0 0 0 1 0 0 0 1 -4.8647 1.29477 -1.34517</i>
                <i>1 0 0 0 1 0 0 0 1 -4.8647 1.29477 -1.34517</i>
                <i>1 0 0 0 1 0 0 0 1 -4.8647 1.29477 -1.34517</i>
                <i>1 0 0 0 1 0 0 0 1 -4.8647 1.29477 -1.34517</i>
                <i>1 0 0 0 1 0 0 0 1 -4.8647 1.29477 -1.34517</i>
                <i>1 0 0 0 1 0 0 0 1 -4.8647 1.29477 -1.34517</i>
                <i>1 0 0 0 1 0 0 0 1 -4.8647 1.29477 -1.34517</i>
                <i>1 0 0 0 1 0 0 0 1 -4.8647 1.29477 -1.34517</i>
                <i>1 0 0 0 1 0 0 0 1 -4.8647 1.29477 -1.34517</i>
                <i>1 0 0 0 1 0 0 0 1 -4.8647 1.29477 -1.34517</i>
                <i>1 0 0 0 1 0 0 0 1 -4.8647 1.29477 -1.34517</i>
                <i>1 0 0 0 1 0 0 0 1 -4.8647 1.29477 -1.34517</i>
                <i>1 0 0 0 1 0 0 0 1 -4.8647 1.29477 -1.34517</i>
                <i>1 0 0 0 1 0 0 0 1 -4.8647 1.29477 -1.34517</i>
                <i>1 0 0 0 1 0 0 0 1 -4.8647 1.29477 -1.34517</i>
                <i>1 0 0 0 1 0 0 0 1 -4.8647 1.29477 -1.34517</i>
                <i>1 0 0 0 1 0 0 0 1 -4.8647 1.29477 -1.34517</i>
                <i>1 0 0 0 1 0 0 0 1 -4.8647 1.29477 -1.34517</i>
                <i>1 0 0 0 1 0 0 0 1 -4.8647 1.29477 -1.34517</i>
                <i>1 0 0 0 1 0 0 0 1 -4.8647 1.29477 -1.34517</i>
                <i>1 0 0 0 1 0 0 0 1 -4.8647 1.29477 -1.34517</i>
                <i>1 0 0 0 1 0 0 0 1 -4.8647 1.29477 -1.34517</i>
                <i>1 0 0 0 1 0 0 0 1 -4.8647 1.29477 -1.34517</i>
                <i>1 0 0 0 1 0 0 0 1 -4.8647 1.29477 -1.34517</i>
                <i>1 0 0 0 1 0 0 0 1 -4.8647 1.29477 -1.34517</i>
                <i>1 0 0 0 1 0 0 0 1 -4.8647 1.29477 -1.34517</i>
                <i>1 0 0 0 1 0 0 0 1 -4.8647 1.29477 -1.34517</i>
                <i>1 0 0 0 1 0 0 0 1 -4.8647 1.29477 -1.34517</i>
                <i>1 0 0 0 1 0 0 0 1 -4.8647 1.29477 -1.34517</i>
                <i>1 0 0 0 1 0 0 0 1 -4.8647 1.29477 -1.34517</i>
                <i>1 0 0 0 1 0 0 0 1 -4.8647 1.29477 -1.34517</i>
                <i>1 0 0 0 1 0 0 0 1 -4.8647 1.29477 -1.34517</i>
                <i>1 0 0 0 1 0 0 0 1 -4.8647 1.29477 -1.34517</i>
                <i>1 0 0 0 1 0 0 0 1 -4.8647 1.29477 -1.34517</i>
                <i>1 0 0 0 1 0 0 0 1 -4.8647 1.29477 -1.34517</i>
                <i>1 0 0 0 1 0 0 0 1 -4.8647 1.29477 -1.34517</i>
                <i>1 0 0 0 1 0 0 0 1 -4.8647 1.29477 -1.34517</i>
                <i>1 0 0 0 1 0 0 0 1 -4.8647 1.29477 -1.34517</i>
                <i>1 0 0 0 1 0 0 0 1 -4.8647 1.29477 -1.34517</i>
                <i>1 0 0 0 1 0 0 0 1 -4.8647 1.29477 -1.34517</i>
                <i>1 0 0 0 1 0 0 0 1 -4.8647 1.29477 -1.34517</i>
                <i>1 0 0 0 1 0 0 0 1 -4.8647 1.29477 -1.34517</i>
                <i>1 0 0 0 1 0 0 0 1 -4.8647 1.29477 -1.34517</i>
                <i>1 0 0 0 1 0 0 0 1 -4.8647 1.29477 -1.34517</i>
                <i>1 0 0 0 1 0 0 0 1 -4.8647 1.29477 -1.34517</i>
            </KeyFrames>
        </RefFrame>
        <Bones count="23">
            <i>
                <p>
                    <Name><![CDATA[pelvis]]></Name>
                    <Exclude>0</Exclude>
                    <Additive>0</Additive>
                    <IKPriority>0</IKPriority>
                    <IKRotLimits>-1e+010 -1e+010 -1e+010 1e+010 1e+010 1e+010</IKRotLimits>
                    <IKRotLimitOrder>2</IKRotLimitOrder>
                    <KeyFrames count="130">
                        <i>1 0 0 0 1 0 0 0 1 -4.86484 1.84217 -1.345</i>
                        <i>1 0 0 0 1 0 0 0 1 -4.86449 1.85766 -1.30142</i>
                        <i>1 0 0 0 1 0 0 0 1 -4.86409 1.87479 -1.25197</i>
                        <i>1 0 0 0 1 0 0 0 1 -4.86366 1.88865 -1.19957</i>
                        <i>1 0 0 0 1 0 0 0 1 -4.86323 1.89436 -1.14718</i>
                        <i>1 0 0 0 1 0 0 0 1 -4.86283 1.89435 -1.09773</i>
                        <i>1 0 0 0 1 0 0 0 1 -4.86248 1.89435 -1.05415</i>
                        <i>1 0 0 0 1 0 0 0 1 -4.86219 1.89434 -1.01939</i>
                        <i>1 0 0 0 1 0 0 0 1 -4.862 1.89434 -0.996374</i>
                        <i>1 0 0 0 1 0 0 0 1 -4.86194 1.89434 -0.98805</i>
                        <i>1 0 0 0 1 0 0 0 1 -4.86194 1.89434 -0.98805</i>
                        <i>1 0 0 0 1 0 0 0 1 -4.86194 1.89433 -0.98805</i>
                        <i>1 0 0 0 1 0 0 0 1 -4.86194 1.89433 -0.98805</i>
                        <i>1 0 0 0 1 0 0 0 1 -4.86194 1.89432 -0.98805</i>
                        <i>1 0 0 0 1 0 0 0 1 -4.86194 1.89431 -0.98805</i>
                        <i>1 0 0 0 1 0 0 0 1 -4.86194 1.8943 -0.98805</i>
                        <i>1 0 0 0 1 0 0 0 1 -4.86194 1.89429 -0.98805</i>
                        <i>1 0 0 0 1 0 0 0 1 -4.86194 1.89428 -0.98805</i>
                        <i>1 0 0 0 1 0 0 0 1 -4.86194 1.89426 -0.98805</i>
                        <i>1 0 0 0 1 0 0 0 1 -4.86194 1.89425 -0.98805</i>
                        <i>1 0 0 0 1 0 0 0 1 -4.86194 1.89424 -0.98805</i>
                        <i>1 0 0 0 1 0 0 0 1 -4.86194 1.89422 -0.98805</i>
                        <i>1 0 0 0 1 0 0 0 1 -4.86194 1.89421 -0.98805</i>
                        <i>1 0 0 0 1 0 0 0 1 -4.86194 1.8942 -0.98805</i>
                        <i>1 0 0 0 1 0 0 0 1 -4.86194 1.89419 -0.98805</i>
                        <i>1 0 0 0 1 0 0 0 1 -4.86194 1.89418 -0.98805</i>
                        <i>1 0 0 0 1 0 0 0 1 -4.86194 1.89417 -0.98805</i>
                        <i>1 0 0 0 1 0 0 0 1 -4.86194 1.89417 -0.98805</i>
                        <i>1 0 0 0 1 0 0 0 1 -4.86194 1.89417 -0.98805</i>
                        <i>1 0 0 0 1 0 0 0 1 -4.86194 1.89416 -0.98805</i>
                        <i>1 0 0 0 1 0 0 0 1 -4.86499 1.8941 -0.988289</i>
                        <i>1 0 0 0 1 0 0 0 1 -4.87312 1.89392 -0.988925</i>
                        <i>1 0 0 0 1 0 0 0 1 -4.88504 1.89367 -0.989859</i>
                        <i>1 0 0 0 1 0 0 0 1 -4.8995 1.89339 -0.990991</i>
                        <i>1 0 0 0 1 0 0 0 1 -4.91522 1.89311 -0.992221</i>
                        <i>1 0 0 0 1 0 0 0 1 -4.93093 1.89286 -0.993451</i>
                        <i>1 0 0 0 1 0 0 0 1 -4.94535 1.89269 -0.99458</i>
                        <i>1 0 0 0 1 0 0 0 1 -4.95723 1.89262 -0.99551</i>
                        <i>1 0 0 0 1 0 0 0 1 -4.96529 1.8927 -0.996141</i>
                        <i>1 0 0 0 1 0 0 0 1 -4.96826 1.89295 -0.996374</i>
                        <i>1 0 0 0 1 0 0 0 1 -4.96826 1.89333 -0.996374</i>
                        <i>1 0 0 0 1 0 0 0 1 -4.96826 1.89376 -0.996374</i>
                        <i>1 0 0 0 1 0 0 0 1 -4.96826 1.89423 -0.996374</i>
                        <i>1 0 0 0 1 0 0 0 1 -4.96826 1.89474 -0.996374</i>
                        <i>1 0 0 0 1 0 0 0 1 -4.96826 1.89528 -0.996374</i>
                        <i>1 0 0 0 1 0 0 0 1 -4.96826 1.89585 -0.996374</i>
                        <i>1 0 0 0 1 0 0 0 1 -4.96826 1.89645 -0.996374</i>
                        <i>1 0 0 0 1 0 0 0 1 -4.96826 1.89707 -0.996374</i>
                        <i>1 0 0 0 1 0 0 0 1 -4.96826 1.89771 -0.996374</i>
                        <i>1 0 0 0 1 0 0 0 1 -4.96826 1.89837 -0.996374</i>
                        <i>1 0 0 0 1 0 0 0 1 -4.96826 1.89904 -0.996374</i>
                        <i>1 0 0 0 1 0 0 0 1 -4.96826 1.89971 -0.996374</i>
                        <i>1 0 0 0 1 0 0 0 1 -4.96826 1.90038 -0.996374</i>
                        <i>1 0 0 0 1 0 0 0 1 -4.96826 1.90106 -0.996374</i>
                        <i>1 0 0 0 1 0 0 0 1 -4.96826 1.90173 -0.996374</i>
                        <i>1 0 0 0 1 0 0 0 1 -4.96826 1.90239 -0.996374</i>
                        <i>1 0 0 0 1 0 0 0 1 -4.96826 1.90304 -0.996374</i>
                        <i>1 0 0 0 1 0 0 0 1 -4.96826 1.90367 -0.996374</i>
                        <i>1 0 0 0 1 0 0 0 1 -4.96826 1.90428 -0.996374</i>
                        <i>1 0 0 0 1 0 0 0 1 -4.96826 1.90486 -0.996374</i>
                        <i>1 0 0 0 1 0 0 0 1 -4.96826 1.90542 -0.996374</i>
                        <i>1 0 0 0 1 0 0 0 1 -4.96826 1.90594 -0.996374</i>
                        <i>1 0 0 0 1 0 0 0 1 -4.96826 1.90642 -0.996374</i>
                        <i>1 0 0 0 1 0 0 0 1 -4.96826 1.90687 -0.996374</i>
                        <i>1 0 0 0 1 0 0 0 1 -4.96826 1.90726 -0.996374</i>
                        <i>1 0 0 0 1 0 0 0 1 -4.96826 1.90761 -0.996374</i>
                        <i>1 0 0 0 1 0 0 0 1 -4.96826 1.9079 -0.996374</i>
                        <i>1 0 0 0 1 0 0 0 1 -4.96826 1.90814 -0.996374</i>
                        <i>1 0 0 0 1 0 0 0 1 -4.96826 1.90831 -0.996374</i>
                        <i>1 0 0 0 1 0 0 0 1 -4.96826 1.90842 -0.996374</i>
                        <i>1 0 0 0 1 0 0 0 1 -4.96826 1.90846 -0.996374</i>
                        <i>1 0 0 0 1 0 0 0 1 -4.96826 1.90834 -0.996374</i>
                        <i>1 0 0 0 1 0 0 0 1 -4.96826 1.90802 -0.996374</i>
                        <i>1 0 0 0 1 0 0 0 1 -4.96826 1.90751 -0.996374</i>
                        <i>1 0 0 0 1 0 0 0 1 -4.96826 1.90684 -0.996374</i>
                        <i>1 0 0 0 1 0 0 0 1 -4.96826 1.90601 -0.996374</i>
                        <i>1 0 0 0 1 0 0 0 1 -4.96826 1.90506 -0.996374</i>
                        <i>1 0 0 0 1 0 0 0 1 -4.96826 1.904 -0.996374</i>
                        <i>1 0 0 0 1 0 0 0 1 -4.96826 1.90285 -0.996374</i>
                        <i>1 0 0 0 1 0 0 0 1 -4.96826 1.90163 -0.996374</i>
                        <i>1 0 0 0 1 0 0 0 1 -4.96826 1.90036 -0.996374</i>
                        <i>1 0 0 0 1 0 0 0 1 -4.96826 1.89906 -0.996374</i>
                        <i>1 0 0 0 1 0 0 0 1 -4.96826 1.89775 -0.996374</i>
                        <i>1 0 0 0 1 0 0 0 1 -4.96826 1.89644 -0.996374</i>
                        <i>1 0 0 0 1 0 0 0 1 -4.96826 1.89517 -0.996374</i>
                        <i>1 0 0 0 1 0 0 0 1 -4.96826 1.89395 -0.996374</i>
                        <i>1 0 0 0 1 0 0 0 1 -4.96826 1.89279 -0.996374</i>
                        <i>1 0 0 0 1 0 0 0 1 -4.96826 1.89172 -0.996374</i>
                        <i>1 0 0 0 1 0 0 0 1 -4.96826 1.89076 -0.996374</i>
                        <i>1 0 0 0 1 0 0 0 1 -4.96826 1.88992 -0.996374</i>
                        <i>1 0 0 0 1 0 0 0 1 -4.96826 1.88924 -0.996374</i>
                        <i>1 0 0 0 1 0 0 0 1 -4.96826 1.88872 -0.996374</i>
                        <i>1 0 0 0 1 0 0 0 1 -4.96826 1.88839 -0.996374</i>
                        <i>1 0 0 0 1 0 0 0 1 -4.96826 1.88827 -0.996374</i>
                        <i>1 0 0 0 1 0 0 0 1 -4.96826 1.88837 -0.996374</i>
                        <i>1 0 0 0 1 0 0 0 1 -4.96826 1.88872 -0.996374</i>
                        <i>1 0 0 0 1 0 0 0 1 -4.96826 1.88933 -0.996374</i>
                        <i>1 0 0 0 1 0 0 0 1 -4.96826 1.89023 -0.996374</i>
                        <i>1 0 0 0 1 0 0 0 1 -4.96826 1.89143 -0.996374</i>
                        <i>1 0 0 0 1 0 0 0 1 -4.96826 1.89295 -0.996374</i>
                        <i>1 0 0 0 1 0 0 0 1 -4.95626 1.90264 -1.00892</i>
                        <i>1 0 0 0 1 0 0 0 1 -4.92701 1.92259 -1.041</i>
                        <i>1 0 0 0 1 0 0 0 1 -4.89063 1.94501 -1.08423</i>
                        <i>1 0 0 0 1 0 0 0 1 -4.85724 1.96213 -1.13024</i>
                        <i>1 0 0 0 1 0 0 0 1 -4.83696 1.96618 -1.17069</i>
                        <i>1 0 0 0 1 0 0 0 1 -4.83324 1.95295 -1.21113</i>
                        <i>1 0 0 0 1 0 0 0 1 -4.83933 1.92761 -1.25714</i>
                        <i>1 0 0 0 1 0 0 0 1 -4.85007 1.89649 -1.30037</i>
                        <i>1 0 0 0 1 0 0 0 1 -4.86029 1.8659 -1.33245</i>
                        <i>1 0 0 0 1 0 0 0 1 -4.86484 1.84217 -1.345</i>
                        <i>1 0 0 0 1 0 0 0 1 -4.86484 1.8245 -1.345</i>
                        <i>1 0 0 0 1 0 0 0 1 -4.86484 1.80867 -1.345</i>
                        <i>1 0 0 0 1 0 0 0 1 -4.86484 1.79588 -1.345</i>
                        <i>1 0 0 0 1 0 0 0 1 -4.86484 1.78733 -1.345</i>
                        <i>1 0 0 0 1 0 0 0 1 -4.86484 1.78421 -1.345</i>
                        <i>1 0 0 0 1 0 0 0 1 -4.86484 1.78837 -1.345</i>
                        <i>1 0 0 0 1 0 0 0 1 -4.86484 1.79901 -1.345</i>
                        <i>1 0 0 0 1 0 0 0 1 -4.86484 1.81337 -1.345</i>
                        <i>1 0 0 0 1 0 0 0 1 -4.86484 1.82868 -1.345</i>
                        <i>1 0 0 0 1 0 0 0 1 -4.86484 1.84217 -1.345</i>
                        <i>1 0 0 0 1 0 0 0 1 -4.86484 1.84217 -1.345</i>
                        <i>1 0 0 0 1 0 0 0 1 -4.86484 1.84217 -1.345</i>
                        <i>1 0 0 0 1 0 0 0 1 -4.86484 1.84217 -1.345</i>
                        <i>1 0 0 0 1 0 0 0 1 -4.86484 1.84217 -1.345</i>
                        <i>1 0 0 0 1 0 0 0 1 -4.86484 1.84217 -1.345</i>
                        <i>1 0 0 0 1 0 0 0 1 -4.86484 1.84217 -1.345</i>
                        <i>1 0 0 0 1 0 0 0 1 -4.86484 1.84217 -1.345</i>
                        <i>1 0 0 0 1 0 0 0 1 -4.86484 1.84217 -1.345</i>
                        <i>1 0 0 0 1 0 0 0 1 -4.86484 1.84217 -1.345</i>
                        <i>1 0 0 0 1 0 0 0 1 -4.86484 1.84217 -1.345</i>
                    </KeyFrames>
                </p>
            </i>
            <i>
                <p>
                    <Name><![CDATA[spine0]]></Name>
                    <Exclude>0</Exclude>
                    <Additive>0</Additive>
                    <IKPriority>0</IKPriority>
                    <IKRotLimits>-1e+010 -1e+010 -1e+010 1e+010 1e+010 1e+010</IKRotLimits>
                    <IKRotLimitOrder>0</IKRotLimitOrder>
                    <KeyFrames count="130">
                        <i>-0.0444735 0.994293 0.0969701 -0.704236 -0.100049 0.702881 0.708572 -0.0370302 0.704666 -4.917 1.97233 -1.37717</i>
                        <i>-0.0438085 0.992777 0.111693 -0.702858 -0.11008 0.702761 0.70998 -0.0477175 0.702603 -4.91664 1.98782 -1.3336</i>
                        <i>-0.0435863 0.990756 0.128461 -0.701134 -0.121934 0.702526 0.711696 -0.0594482 0.699968 -4.91624 2.00494 -1.28414</i>
                        <i>-0.0418295 0.988242 0.147068 -0.699259 -0.134094 0.702179 0.713644 -0.0734665 0.696646 -4.91581 2.01881 -1.23175</i>
                        <i>-0.0382269 0.985283 0.166601 -0.697364 -0.145714 0.701748 0.715697 -0.089356 0.692672 -4.91538 2.02451 -1.17936</i>
                        <i>-0.0342083 0.982064 0.185421 -0.695494 -0.156628 0.701253 0.717717 -0.10497 0.688377 -4.91498 2.02451 -1.12991</i>
                        <i>-0.0303274 0.978885 0.202148 -0.693779 -0.166204 0.700747 0.719549 -0.118994 0.684171 -4.91463 2.02451 -1.08633</i>
                        <i>-0.027225 0.976163 0.215326 -0.692373 -0.173785 0.700299 0.721026 -0.13002 0.6806 -4.91434 2.0245 -1.05156</i>
                        <i>-0.0257118 0.974382 0.223425 -0.691428 -0.178751 0.699982 0.721987 -0.136485 0.678311 -4.91416 2.0245 -1.02855</i>
                        <i>-0.0265657 0.974008 0.224951 -0.691094 -0.180487 0.699867 0.722277 -0.13687 0.677926 -4.91409 2.02449 -1.02023</i>
                        <i>-0.0288904 0.974494 0.222547 -0.691126 -0.180322 0.699878 0.722157 -0.133588 0.678707 -4.91409 2.02449 -1.02023</i>
                        <i>-0.0310489 0.974999 0.220028 -0.691196 -0.179958 0.699902 0.722 -0.130351 0.679503 -4.91409 2.02449 -1.02023</i>
                        <i>-0.0329587 0.975503 0.217503 -0.6913 -0.179418 0.699938 0.721816 -0.127291 0.680279 -4.91409 2.02448 -1.02023</i>
                        <i>-0.0345432 0.975986 0.215076 -0.691433 -0.178726 0.699984 0.721614 -0.124531 0.681003 -4.91409 2.02448 -1.02023</i>
                        <i>-0.0357313 0.976431 0.21285 -0.69159 -0.177908 0.700037 0.721406 -0.122192 0.681647 -4.91409 2.02447 -1.02023</i>
                        <i>-0.0364579 0.976823 0.210922 -0.691766 -0.176988 0.700097 0.721201 -0.120384 0.682185 -4.91409 2.02446 -1.02023</i>
                        <i>-0.0364469 0.977118 0.20955 -0.691961 -0.175965 0.700162 0.721015 -0.119482 0.682541 -4.91409 2.02445 -1.02023</i>
                        <i>-0.035619 0.9773 0.208844 -0.69217 -0.174863 0.700232 0.720855 -0.119614 0.682686 -4.91409 2.02443 -1.02023</i>
                        <i>-0.034134 0.977378 0.208726 -0.692382 -0.173735 0.700302 0.720723 -0.120614 0.68265 -4.91409 2.02442 -1.02023</i>
                        <i>-0.0321501 0.977362 0.209118 -0.692589 -0.172635 0.70037 0.720615 -0.122316 0.68246 -4.91409 2.02441 -1.02023</i>
                        <i>-0.0298041 0.977257 0.209954 -0.692781 -0.171609 0.700432 0.720532 -0.124576 0.68214 -4.91409 2.02439 -1.02023</i>
                        <i>-0.0271258 0.977064 0.21121 -0.692958 -0.170661 0.700489 0.720468 -0.127358 0.681694 -4.91409 2.02438 -1.02023</i>
                        <i>-0.0241636 0.976786 0.212851 -0.693117 -0.169801 0.70054 0.72042 -0.130603 0.68113 -4.91409 2.02437 -1.02023</i>
                        <i>-0.021031 0.976433 0.214794 -0.693257 -0.169045 0.700584 0.720383 -0.134173 0.680475 -4.91409 2.02436 -1.02023</i>
                        <i>-0.0178604 0.976022 0.216938 -0.693374 -0.168413 0.700621 0.720357 -0.137906 0.679756 -4.91409 2.02435 -1.02023</i>
                        <i>-0.0147854 0.975571 0.219185 -0.693463 -0.167927 0.700649 0.72034 -0.141637 0.679006 -4.91409 2.02434 -1.02023</i>
                        <i>-0.0119415 0.975102 0.221436 -0.693522 -0.167608 0.700667 0.720336 -0.145204 0.678256 -4.91409 2.02433 -1.02023</i>
                        <i>-0.00946692 0.974638 0.223589 -0.693546 -0.167477 0.700675 0.72035 -0.148436 0.677542 -4.91409 2.02433 -1.02023</i>
                        <i>-0.00750336 0.974204 0.225543 -0.693531 -0.167557 0.70067 0.720387 -0.151163 0.676899 -4.91409 2.02432 -1.02023</i>
                        <i>-0.0061955 0.97383 0.227192 -0.693474 -0.167872 0.700652 0.720455 -0.15321 0.676366 -4.91409 2.02432 -1.02023</i>
                        <i>-0.00844187 0.975453 0.220045 -0.690831 -0.164786 0.703987 0.722967 -0.146071 0.675265 -4.91748 2.02413 -1.02042</i>
                        <i>-0.0157254 0.979794 0.199389 -0.683835 -0.156022 0.712759 0.729467 -0.125141 0.672472 -4.9265 2.02363 -1.02091</i>
                        <i>-0.0267223 0.985072 0.170056 -0.673341 -0.143472 0.725277 0.738849 -0.0951244 0.667124 -4.93974 2.02289 -1.0216</i>
                        <i>-0.0403449 0.989758 0.136938 -0.660196 -0.129278 0.739884 0.750009 -0.0605555 0.65865 -4.9558 2.022 -1.02239</i>
                        <i>-0.0554091 0.992946 0.104826 -0.645312 -0.115727 0.755102 0.761907 -0.0258059 0.647173 -4.97326 2.02105 -1.02319</i>
                        <i>-0.0703807 0.994481 0.0778129 -0.629747 -0.104793 0.7697 0.773606 0.0051696 0.633646 -4.99071 2.02012 -1.02392</i>
                        <i>-0.0843755 0.994827 0.0565738 -0.614922 -0.0966614 0.782641 0.784061 0.0312472 0.619897 -5.00674 2.0193 -1.02453</i>
                        <i>-0.0965446 0.994504 0.0405188 -0.602438 -0.0907919 0.792985 0.792305 0.0521483 0.607892 -5.01993 2.0187 -1.025</i>
                        <i>-0.1064 0.993902 0.0289571 -0.593889 -0.086881 0.799842 0.797481 0.0679062 0.599511 -5.02888 2.01841 -1.02529</i>
                        <i>-0.113671 0.993289 0.0213676 -0.590828 -0.0848732 0.802321 0.79875 0.078576 0.59651 -5.03217 2.01853 -1.02539</i>
                        <i>-0.118316 0.992844 0.0161686 -0.591074 -0.0835025 0.802284 0.797893 0.0853659 0.596724 -5.03217 2.01891 -1.02539</i>
                        <i>-0.120718 0.992615 0.011932 -0.591418 -0.0815691 0.802229 0.797278 0.0897863 0.596897 -5.03217 2.01933 -1.02539</i>
                        <i>-0.121465 0.992559 0.00848026 -0.591823 -0.0792782 0.80216 0.796864 0.0924156 0.597049 -5.03217 2.0198 -1.02539</i>
                        <i>-0.121137 0.99262 0.00562326 -0.592253 -0.0768213 0.802081 0.796594 0.0938317 0.597188 -5.03217 2.02031 -1.02539</i>
                        <i>-0.120309 0.992732 0.00315218 -0.592678 -0.074373 0.801998 0.796403 0.0946191 0.597318 -5.03217 2.02085 -1.02539</i>
                        <i>-0.119547 0.992828 0.000835091 -0.593072 -0.0720867 0.801916 0.796225 0.0953714 0.597437 -5.03217 2.02143 -1.02539</i>
                        <i>-0.118589 0.992943 -0.00113224 -0.593436 -0.0699605 0.801835 0.796097 0.0957604 0.597544 -5.03217 2.02203 -1.02539</i>
                        <i>-0.116993 0.99313 -0.00247961 -0.593777 -0.0679467 0.801756 0.796079 0.0952724 0.597647 -5.03217 2.02265 -1.02539</i>
                        <i>-0.114961 0.993365 -0.00330812 -0.594091 -0.0660838 0.801679 0.796141 0.0941272 0.597746 -5.03217 2.02329 -1.02539</i>
                        <i>-0.112681 0.993624 -0.00373317 -0.594373 -0.0643925 0.801607 0.796256 0.0925447 0.59784 -5.03217 2.02394 -1.02539</i>
                        <i>-0.11041 0.993878 -0.00392068 -0.594622 -0.0628948 0.801541 0.796388 0.0908296 0.597927 -5.03217 2.02461 -1.02539</i>
                        <i>-0.108295 0.994111 -0.00399054 -0.59484 -0.0615823 0.801482 0.796516 0.08917 0.598005 -5.03217 2.02528 -1.02539</i>
                        <i>-0.106426 0.994312 -0.00402787 -0.595027 -0.0604421 0.80143 0.796628 0.0876897 0.598076 -5.03217 2.02596 -1.02539</i>
                        <i>-0.104983 0.994465 -0.00415232 -0.595184 -0.0594861 0.801385 0.796702 0.0866035 0.598135 -5.03217 2.02663 -1.02539</i>
                        <i>-0.104153 0.994551 -0.00446538 -0.595305 -0.0587447 0.801349 0.796721 0.0861214 0.59818 -5.03217 2.0273 -1.02539</i>
                        <i>-0.103804 0.994585 -0.00502208 -0.595411 -0.0580964 0.801318 0.796687 0.0861703 0.598217 -5.03217 2.02796 -1.02539</i>
                        <i>-0.103717 0.99459 -0.00585092 -0.595526 -0.0573884 0.801284 0.796613 0.0865912 0.598256 -5.03217 2.02861 -1.02539</i>
                        <i>-0.104018 0.994551 -0.00701704 -0.595647 -0.0566444 0.801247 0.796483 0.087524 0.598293 -5.03217 2.02924 -1.02539</i>
                        <i>-0.104834 0.994453 -0.00858601 -0.595769 -0.0558875 0.801209 0.796285 0.089109 0.598323 -5.03217 2.02985 -1.02539</i>
                        <i>-0.106289 0.994278 -0.010624 -0.595889 -0.0551404 0.801171 0.796002 0.0914866 0.598341 -5.03217 2.03044 -1.02539</i>
                        <i>-0.108553 0.994003 -0.0132323 -0.596004 -0.0544237 0.801135 0.79561 0.0948521 0.598338 -5.03217 2.03099 -1.02539</i>
                        <i>-0.111564 0.993622 -0.0163767 -0.596116 -0.0537283 0.801099 0.79511 0.0991362 0.598308 -5.03217 2.03151 -1.02539</i>
                        <i>-0.115181 0.993144 -0.0199713 -0.596226 -0.0530396 0.801063 0.794511 0.104175 0.598247 -5.03217 2.032 -1.02539</i>
                        <i>-0.119265 0.992574 -0.023928 -0.596337 -0.0523441 0.801026 0.793825 0.109804 0.598151 -5.03217 2.03244 -1.02539</i>
                        <i>-0.123677 0.991923 -0.0281569 -0.59645 -0.0516306 0.800988 0.793064 0.115858 0.598018 -5.03217 2.03284 -1.02539</i>
                        <i>-0.128277 0.991203 -0.0325668 -0.596568 -0.0508894 0.800948 0.792245 0.122172 0.597848 -5.03217 2.03318 -1.02539</i>
                        <i>-0.132931 0.990432 -0.0370649 -0.596691 -0.0501125 0.800905 0.791385 0.128581 0.597643 -5.03217 2.03348 -1.02539</i>
                        <i>-0.137416 0.989644 -0.0414999 -0.596821 -0.0492874 0.800859 0.79052 0.134819 0.597413 -5.03217 2.03371 -1.02539</i>
                        <i>-0.141595 0.988866 -0.0457743 -0.596959 -0.0484091 0.80081 0.789678 0.140716 0.597166 -5.03217 2.03389 -1.02539</i>
                        <i>-0.145427 0.988112 -0.0498517 -0.597104 -0.0474805 0.800757 0.788871 0.146219 0.596911 -5.03217 2.03399 -1.02539</i>
                        <i>-0.148944 0.987384 -0.0537491 -0.597256 -0.0465076 0.800701 0.7881 0.151362 0.596648 -5.03217 2.03403 -1.02539</i>
                        <i>-0.152137 0.986688 -0.0574533 -0.597413 -0.0454947 0.800642 0.78737 0.156131 0.596382 -5.03217 2.03392 -1.02539</i>
                        <i>-0.154922 0.986048 -0.0608965 -0.597575 -0.0444449 0.80058 0.786704 0.160417 0.596123 -5.03217 2.0336 -1.02539</i>
                        <i>-0.157218 0.985487 -0.0640103 -0.597742 -0.0433639 0.800515 0.786122 0.164117 0.595884 -5.03217 2.03309 -1.02539</i>
                        <i>-0.158949 0.985029 -0.0667258 -0.597911 -0.0422592 0.800448 0.785645 0.167126 0.595677 -5.03217 2.03241 -1.02539</i>
                        <i>-0.160018 0.9847 -0.0689899 -0.598086 -0.0411158 0.800377 0.785295 0.169337 0.595514 -5.03217 2.03159 -1.02539</i>
                        <i>-0.160243 0.984543 -0.0706879 -0.598268 -0.0399134 0.800301 0.78511 0.170533 0.595417 -5.03217 2.03064 -1.02539</i>
                        <i>-0.159664 0.984555 -0.0718247 -0.598456 -0.0386736 0.800222 0.785085 0.170751 0.595387 -5.03217 2.02957 -1.02539</i>
                        <i>-0.158448 0.984703 -0.0724831 -0.598643 -0.0374297 0.800141 0.785189 0.170172 0.595416 -5.03217 2.02842 -1.02539</i>
                        <i>-0.156757 0.984955 -0.0727428 -0.598824 -0.0362161 0.800061 0.78539 0.168975 0.595492 -5.03217 2.0272 -1.02539</i>
                        <i>-0.154655 0.985306 -0.0724848 -0.598981 -0.0351647 0.799991 0.785687 0.167139 0.595618 -5.03217 2.02593 -1.02539</i>
                        <i>-0.152141 0.985764 -0.0715683 -0.599096 -0.0343865 0.799938 0.78609 0.16458 0.595799 -5.03217 2.02463 -1.02539</i>
                        <i>-0.149283 0.986311 -0.0700352 -0.59917 -0.033888 0.799905 0.786581 0.161375 0.596027 -5.03217 2.02332 -1.02539</i>
                        <i>-0.146198 0.986918 -0.0679683 -0.599201 -0.0336754 0.79989 0.787137 0.157669 0.596285 -5.03217 2.02202 -1.02539</i>
                        <i>-0.143023 0.987552 -0.0654614 -0.599189 -0.0337558 0.799895 0.787729 0.153627 0.596559 -5.03217 2.02075 -1.02539</i>
                        <i>-0.139895 0.988185 -0.0626071 -0.599133 -0.0341382 0.799922 0.788333 0.149415 0.59683 -5.03217 2.01952 -1.02539</i>
                        <i>-0.136954 0.988789 -0.0594975 -0.59903 -0.0348338 0.799969 0.788928 0.145199 0.597085 -5.03217 2.01836 -1.02539</i>
                        <i>-0.134345 0.989338 -0.0562249 -0.598878 -0.0358565 0.800037 0.789492 0.141153 0.59731 -5.03217 2.01729 -1.02539</i>
                        <i>-0.132219 0.989809 -0.0528826 -0.598674 -0.0372225 0.800128 0.790005 0.137451 0.597494 -5.03217 2.01633 -1.02539</i>
                        <i>-0.130732 0.990178 -0.0495657 -0.598414 -0.0389501 0.80024 0.790449 0.134278 0.597628 -5.03217 2.0155 -1.02539</i>
                        <i>-0.130103 0.99041 -0.0464993 -0.598104 -0.0409916 0.800369 0.790787 0.131942 0.597701 -5.03217 2.01481 -1.02539</i>
                        <i>-0.130331 0.990503 -0.0437906 -0.597757 -0.0432621 0.800509 0.791012 0.130507 0.597719 -5.03217 2.0143 -1.02539</i>
                        <i>-0.131334 0.990474 -0.0413894 -0.597373 -0.0457528 0.800657 0.791136 0.129879 0.597691 -5.03217 2.01397 -1.02539</i>
                        <i>-0.133029 0.990335 -0.0392412 -0.596951 -0.0484556 0.800813 0.791171 0.129957 0.597628 -5.03217 2.01384 -1.02539</i>
                        <i>-0.134443 0.990249 -0.0364901 -0.596476 -0.0514664 0.800979 0.791291 0.129452 0.59758 -5.03217 2.01394 -1.02539</i>
                        <i>-0.134794 0.990339 -0.032545 -0.595946 -0.054786 0.801153 0.79163 0.127386 0.597574 -5.03217 2.01429 -1.02539</i>
                        <i>-0.134251 0.99056 -0.0277065 -0.595381 -0.0582786 0.801327 0.792148 0.124075 0.597585 -5.03217 2.0149 -1.02539</i>
                        <i>-0.132916 0.990877 -0.0222544 -0.594806 -0.0617864 0.801491 0.792805 0.119768 0.597592 -5.03217 2.0158 -1.02539</i>
                        <i>-0.131 0.991245 -0.0165034 -0.594241 -0.0651866 0.801641 0.793547 0.114822 0.597578 -5.03217 2.017 -1.02539</i>
                        <i>-0.128818 0.99161 -0.0107782 -0.593698 -0.0684115 0.801774 0.79431 0.109682 0.59753 -5.03217 2.01853 -1.02539</i>
                        <i>-0.12516 0.992125 -0.00489945 -0.596609 -0.0713165 0.799357 0.792712 0.10297 0.600836 -5.01984 2.02835 -1.03807</i>
                        <i>-0.119333 0.992853 0.00135126 -0.605379 -0.0738404 0.792505 0.786941 0.093754 0.609864 -4.9897 2.04867 -1.07048</i>
                        <i>-0.111471 0.99372 0.00974699 -0.61828 -0.077028 0.782174 0.778013 0.0811635 0.622983 -4.952 2.07163 -1.11418</i>
                        <i>-0.101535 0.994599 0.0215309 -0.633686 -0.0813444 0.769302 0.766898 0.0644673 0.638522 -4.91701 2.08939 -1.16071</i>
                        <i>-0.0904529 0.99526 0.0357221 -0.650187 -0.0861853 0.75487 0.754371 0.0450542 0.6549 -4.89499 2.09413 -1.20165</i>
                        <i>-0.0790822 0.995552 0.0512057 -0.666427 -0.0909993 0.739996 0.741364 0.0243956 0.67066 -4.88953 2.08157 -1.24253</i>
                        <i>-0.0680659 0.995446 0.066743 -0.681132 -0.095247 0.725939 0.72899 0.00395098 0.684513 -4.89401 2.05683 -1.28889</i>
                        <i>-0.0581313 0.995036 0.0807699 -0.693096 -0.0984562 0.71409 0.718497 -0.0144703 0.695379 -4.90343 2.0262 -1.33236</i>
                        <i>-0.0500323 0.99455 0.091475 -0.701174 -0.100201 0.705914 0.711232 -0.0288214 0.702366 -4.91277 1.99594 -1.36457</i>
                        <i>-0.0444735 0.994293 0.0969701 -0.704236 -0.100049 0.702881 0.708572 -0.0370302 0.704666 -4.917 1.97233 -1.37717</i>
                        <i>-0.0431751 0.994295 0.0975323 -0.704305 -0.0995302 0.702886 0.708583 -0.0383454 0.704585 -4.917 1.95465 -1.37717</i>
                        <i>-0.045634 0.994376 0.0955734 -0.704259 -0.0998768 0.702883 0.708475 -0.0352331 0.704856 -4.917 1.93882 -1.37717</i>
                        <i>-0.0496894 0.994493 0.0922788 -0.704188 -0.100404 0.702878 0.708272 -0.0300561 0.705299 -4.917 1.92603 -1.37717</i>
                        <i>-0.0535338 0.994594 0.0889778 -0.704138 -0.10078 0.702875 0.708042 -0.0250251 0.705726 -4.917 1.91748 -1.37717</i>
                        <i>-0.0557001 0.994636 0.087158 -0.704105 -0.101022 0.702873 0.707907 -0.0222184 0.705956 -4.917 1.91437 -1.37717</i>
                        <i>-0.0554693 0.994626 0.0874195 -0.704102 -0.101044 0.702873 0.707929 -0.0225644 0.705923 -4.917 1.91853 -1.37717</i>
                        <i>-0.0536065 0.994592 0.0889572 -0.704133 -0.100817 0.702875 0.708042 -0.024959 0.705729 -4.917 1.92917 -1.37717</i>
                        <i>-0.05067 0.994532 0.0913144 -0.704187 -0.100413 0.702878 0.708204 -0.0286876 0.705425 -4.917 1.94353 -1.37717</i>
                        <i>-0.0473401 0.994438 0.0940863 -0.704239 -0.100027 0.702881 0.708383 -0.0329848 0.705057 -4.917 1.95884 -1.37717</i>
                        <i>-0.0444735 0.994293 0.0969701 -0.704236 -0.100049 0.702881 0.708572 -0.0370302 0.704666 -4.917 1.97233 -1.37717</i>
                        <i>-0.0444735 0.994293 0.0969701 -0.704236 -0.100049 0.702881 0.708572 -0.0370302 0.704666 -4.917 1.97233 -1.37717</i>
                        <i>-0.0444735 0.994293 0.0969701 -0.704236 -0.100049 0.702881 0.708572 -0.0370302 0.704666 -4.917 1.97233 -1.37717</i>
                        <i>-0.0444735 0.994293 0.0969701 -0.704236 -0.100049 0.702881 0.708572 -0.0370302 0.704666 -4.917 1.97233 -1.37717</i>
                        <i>-0.0444735 0.994293 0.0969701 -0.704236 -0.100049 0.702881 0.708572 -0.0370302 0.704666 -4.917 1.97233 -1.37717</i>
                        <i>-0.0444735 0.994293 0.0969701 -0.704236 -0.100049 0.702881 0.708572 -0.0370302 0.704666 -4.917 1.97233 -1.37717</i>
                        <i>-0.0444735 0.994293 0.0969701 -0.704236 -0.100049 0.702881 0.708572 -0.0370302 0.704666 -4.917 1.97233 -1.37717</i>
                        <i>-0.0444735 0.994293 0.0969701 -0.704236 -0.100049 0.702881 0.708572 -0.0370302 0.704666 -4.917 1.97233 -1.37717</i>
                        <i>-0.0444735 0.994293 0.0969701 -0.704236 -0.100049 0.702881 0.708572 -0.0370302 0.704666 -4.917 1.97233 -1.37717</i>
                        <i>-0.0444735 0.994293 0.0969701 -0.704236 -0.100049 0.702881 0.708572 -0.0370302 0.704666 -4.917 1.97233 -1.37717</i>
                        <i>-0.0444735 0.994293 0.0969701 -0.704236 -0.100049 0.702881 0.708572 -0.0370302 0.704666 -4.917 1.97233 -1.37717</i>
                    </KeyFrames>
                </p>
            </i>
            <i>
                <p>
                    <Name><![CDATA[spine1]]></Name>
                    <Exclude>0</Exclude>
                    <Additive>0</Additive>
                    <IKPriority>0</IKPriority>
                    <IKRotLimits>-1e+010 -1e+010 -1e+010 1e+010 1e+010 1e+010</IKRotLimits>
                    <IKRotLimitOrder>0</IKRotLimitOrder>
                    <KeyFrames count="130">
                        <i>0.291604 0.906578 0.305094 -0.548643 -0.102755 0.829718 0.783554 -0.409337 0.467424 -4.92511 2.15271 -1.35962</i>
                        <i>0.298228 0.892214 0.339137 -0.550023 -0.129744 0.82501 0.780087 -0.432574 0.452045 -4.92466 2.16855 -1.31331</i>
                        <i>0.304861 0.874681 0.376821 -0.551283 -0.160569 0.818721 0.776625 -0.457331 0.433246 -4.92426 2.1861 -1.2607</i>
                        <i>0.31208 0.854133 0.416008 -0.55202 -0.193355 0.811103 0.773227 -0.482773 0.411157 -4.92354 2.20024 -1.2048</i>
                        <i>0.319602 0.831519 0.454347 -0.552012 -0.226337 0.80253 0.770154 -0.507295 0.38667 -4.92248 2.20601 -1.14872</i>
                        <i>0.326205 0.808801 0.489317 -0.551369 -0.257667 0.793474 0.767843 -0.528629 0.361895 -4.92136 2.20592 -1.09571</i>
