<?xml version="1.0" encoding="ISO-8859-1" ?>
<Animl Version="1">
    <ModellingPackage><![CDATA[Maya.2010]]></ModellingPackage>
    <SrcFile><![CDATA[anims\turrets\antiair\red\~src\aa_s125_launcher\aa_s125_launcher_reload_crewman_a.mb]]></SrcFile>
    <FramesPerSecond>30</FramesPerSecond>
    <TotalFrames>130</TotalFrames>
    <Skeleton>
        <RefFrame>
            <Name><![CDATA[soldier_ref_frame]]></Name>
            <Exclude>0</Exclude>
            <Additive>0</Additive>
            <IKPriority>0</IKPriority>
            <IKRotLimits>-1e+010 -1e+010 -1e+010 1e+010 1e+010 1e+010</IKRotLimits>
            <IKRotLimitOrder>0</IKRotLimitOrder>
            <KeyFrames count="130">
                <i>1 0 0 0 1 0 0 0 1 5.28658 1.2503 -1.54734</i>
                <i>1 0 0 0 1 0 0 0 1 5.28658 1.2503 -1.54734</i>
                <i>1 0 0 0 1 0 0 0 1 5.28658 1.2503 -1.54734</i>
                <i>1 0 0 0 1 0 0 0 1 5.28658 1.2503 -1.54734</i>
                <i>1 0 0 0 1 0 0 0 1 5.28658 1.2503 -1.54734</i>
                <i>1 0 0 0 1 0 0 0 1 5.28821 1.2503 -1.4912</i>
                <i>1 0 0 0 1 0 0 0 1 5.2921 1.2503 -1.35731</i>
                <i>1 0 0 0 1 0 0 0 1 5.29674 1.2503 -1.19751</i>
                <i>1 0 0 0 1 0 0 0 1 5.30064 1.2503 -1.06362</i>
                <i>1 0 0 0 1 0 0 0 1 5.30227 1.2503 -1.00748</i>
                <i>1 0 0 0 1 0 0 0 1 5.30227 1.2503 -1.00748</i>
                <i>1 0 0 0 1 0 0 0 1 5.30227 1.2503 -1.00748</i>
                <i>1 0 0 0 1 0 0 0 1 5.30227 1.2503 -1.00748</i>
                <i>1 0 0 0 1 0 0 0 1 5.30227 1.2503 -1.00748</i>
                <i>1 0 0 0 1 0 0 0 1 5.30227 1.2503 -1.00748</i>
                <i>1 0 0 0 1 0 0 0 1 5.30227 1.2503 -1.00748</i>
                <i>1 0 0 0 1 0 0 0 1 5.30227 1.2503 -1.00748</i>
                <i>1 0 0 0 1 0 0 0 1 5.30227 1.2503 -1.00748</i>
                <i>1 0 0 0 1 0 0 0 1 5.30227 1.2503 -1.00748</i>
                <i>1 0 0 0 1 0 0 0 1 5.30227 1.2503 -1.00748</i>
                <i>1 0 0 0 1 0 0 0 1 5.30227 1.2503 -1.00748</i>
                <i>1 0 0 0 1 0 0 0 1 5.30227 1.2503 -1.00748</i>
                <i>1 0 0 0 1 0 0 0 1 5.30227 1.2503 -1.00748</i>
                <i>1 0 0 0 1 0 0 0 1 5.30227 1.2503 -1.00748</i>
                <i>1 0 0 0 1 0 0 0 1 5.30227 1.2503 -1.00748</i>
                <i>1 0 0 0 1 0 0 0 1 5.30227 1.2503 -1.00748</i>
                <i>1 0 0 0 1 0 0 0 1 5.30227 1.2503 -1.00748</i>
                <i>1 0 0 0 1 0 0 0 1 5.30227 1.2503 -1.00748</i>
                <i>1 0 0 0 1 0 0 0 1 5.30227 1.2503 -1.00748</i>
                <i>1 0 0 0 1 0 0 0 1 5.30227 1.2503 -1.00748</i>
                <i>1 0 0 0 1 0 0 0 1 5.30227 1.2503 -1.00748</i>
                <i>1 0 0 0 1 0 0 0 1 5.30227 1.2503 -1.00748</i>
                <i>1 0 0 0 1 0 0 0 1 5.30227 1.2503 -1.00748</i>
                <i>1 0 0 0 1 0 0 0 1 5.30227 1.2503 -1.00748</i>
                <i>1 0 0 0 1 0 0 0 1 5.30227 1.2503 -1.00748</i>
                <i>1 0 0 0 1 0 0 0 1 5.30227 1.2503 -1.00748</i>
                <i>1 0 0 0 1 0 0 0 1 5.30227 1.2503 -1.00748</i>
                <i>1 0 0 0 1 0 0 0 1 5.30227 1.2503 -1.00748</i>
                <i>1 0 0 0 1 0 0 0 1 5.30227 1.2503 -1.00748</i>
                <i>1 0 0 0 1 0 0 0 1 5.30227 1.2503 -1.00748</i>
                <i>1 0 0 0 1 0 0 0 1 5.30227 1.2503 -1.00748</i>
                <i>1 0 0 0 1 0 0 0 1 5.30227 1.2503 -1.00748</i>
                <i>1 0 0 0 1 0 0 0 1 5.30227 1.2503 -1.00748</i>
                <i>1 0 0 0 1 0 0 0 1 5.30227 1.2503 -1.00748</i>
                <i>1 0 0 0 1 0 0 0 1 5.30227 1.2503 -1.00748</i>
                <i>1 0 0 0 1 0 0 0 1 5.30227 1.2503 -1.00748</i>
                <i>1 0 0 0 1 0 0 0 1 5.30227 1.2503 -1.00748</i>
                <i>1 0 0 0 1 0 0 0 1 5.30227 1.2503 -1.00748</i>
                <i>1 0 0 0 1 0 0 0 1 5.30227 1.2503 -1.00748</i>
                <i>1 0 0 0 1 0 0 0 1 5.30227 1.2503 -1.00748</i>
                <i>1 0 0 0 1 0 0 0 1 5.30227 1.2503 -1.00748</i>
                <i>1 0 0 0 1 0 0 0 1 5.30227 1.2503 -1.00748</i>
                <i>1 0 0 0 1 0 0 0 1 5.30227 1.2503 -1.00748</i>
                <i>1 0 0 0 1 0 0 0 1 5.30227 1.2503 -1.00748</i>
                <i>1 0 0 0 1 0 0 0 1 5.30227 1.2503 -1.00748</i>
                <i>1 0 0 0 1 0 0 0 1 5.30227 1.2503 -1.00748</i>
                <i>1 0 0 0 1 0 0 0 1 5.30227 1.2503 -1.00748</i>
                <i>1 0 0 0 1 0 0 0 1 5.30227 1.2503 -1.00748</i>
                <i>1 0 0 0 1 0 0 0 1 5.30227 1.2503 -1.00748</i>
                <i>1 0 0 0 1 0 0 0 1 5.30227 1.2503 -1.00748</i>
                <i>1 0 0 0 1 0 0 0 1 5.30227 1.2503 -1.00748</i>
                <i>1 0 0 0 1 0 0 0 1 5.30227 1.2503 -1.00748</i>
                <i>1 0 0 0 1 0 0 0 1 5.30227 1.2503 -1.00748</i>
                <i>1 0 0 0 1 0 0 0 1 5.30227 1.2503 -1.00748</i>
                <i>1 0 0 0 1 0 0 0 1 5.30227 1.2503 -1.00748</i>
                <i>1 0 0 0 1 0 0 0 1 5.30227 1.2503 -1.00748</i>
                <i>1 0 0 0 1 0 0 0 1 5.30227 1.2503 -1.00748</i>
                <i>1 0 0 0 1 0 0 0 1 5.30227 1.2503 -1.00748</i>
                <i>1 0 0 0 1 0 0 0 1 5.30227 1.2503 -1.00748</i>
                <i>1 0 0 0 1 0 0 0 1 5.30227 1.2503 -1.00748</i>
                <i>1 0 0 0 1 0 0 0 1 5.30227 1.2503 -1.00748</i>
                <i>1 0 0 0 1 0 0 0 1 5.30227 1.2503 -1.00748</i>
                <i>1 0 0 0 1 0 0 0 1 5.30227 1.2503 -1.00748</i>
                <i>1 0 0 0 1 0 0 0 1 5.30227 1.2503 -1.00748</i>
                <i>1 0 0 0 1 0 0 0 1 5.30227 1.2503 -1.00748</i>
                <i>1 0 0 0 1 0 0 0 1 5.30227 1.2503 -1.00748</i>
                <i>1 0 0 0 1 0 0 0 1 5.30227 1.2503 -1.00748</i>
                <i>1 0 0 0 1 0 0 0 1 5.30227 1.2503 -1.00748</i>
                <i>1 0 0 0 1 0 0 0 1 5.30227 1.2503 -1.00748</i>
                <i>1 0 0 0 1 0 0 0 1 5.30227 1.2503 -1.00748</i>
                <i>1 0 0 0 1 0 0 0 1 5.30227 1.2503 -1.00748</i>
                <i>1 0 0 0 1 0 0 0 1 5.30227 1.2503 -1.00748</i>
                <i>1 0 0 0 1 0 0 0 1 5.30227 1.2503 -1.00748</i>
                <i>1 0 0 0 1 0 0 0 1 5.30227 1.2503 -1.00748</i>
                <i>1 0 0 0 1 0 0 0 1 5.30227 1.2503 -1.00748</i>
                <i>1 0 0 0 1 0 0 0 1 5.30227 1.2503 -1.00748</i>
                <i>1 0 0 0 1 0 0 0 1 5.30227 1.2503 -1.00748</i>
                <i>1 0 0 0 1 0 0 0 1 5.30227 1.2503 -1.00748</i>
                <i>1 0 0 0 1 0 0 0 1 5.30227 1.2503 -1.00748</i>
                <i>1 0 0 0 1 0 0 0 1 5.30227 1.2503 -1.00748</i>
                <i>1 0 0 0 1 0 0 0 1 5.30227 1.2503 -1.00748</i>
                <i>1 0 0 0 1 0 0 0 1 5.30227 1.2503 -1.00748</i>
                <i>1 0 0 0 1 0 0 0 1 5.30227 1.2503 -1.00748</i>
                <i>1 0 0 0 1 0 0 0 1 5.30227 1.2503 -1.00748</i>
                <i>1 0 0 0 1 0 0 0 1 5.30227 1.2503 -1.00748</i>
                <i>1 0 0 0 1 0 0 0 1 5.30227 1.2503 -1.00748</i>
                <i>1 0 0 0 1 0 0 0 1 5.30227 1.2503 -1.00748</i>
                <i>1 0 0 0 1 0 0 0 1 5.30227 1.2503 -1.00748</i>
                <i>1 0 0 0 1 0 0 0 1 5.30227 1.2503 -1.00748</i>
                <i>1 0 0 0 1 0 0 0 1 5.30227 1.2503 -1.00748</i>
                <i>1 0 0 0 1 0 0 0 1 5.30227 1.2503 -1.00748</i>
                <i>1 0 0 0 1 0 0 0 1 5.30227 1.2503 -1.00748</i>
                <i>1 0 0 0 1 0 0 0 1 5.30227 1.2503 -1.00748</i>
                <i>1 0 0 0 1 0 0 0 1 5.30227 1.2503 -1.00748</i>
                <i>1 0 0 0 1 0 0 0 1 5.30227 1.2503 -1.00748</i>
                <i>1 0 0 0 1 0 0 0 1 5.30192 1.2503 -1.02259</i>
                <i>1 0 0 0 1 0 0 0 1 5.30097 1.2503 -1.06362</i>
                <i>1 0 0 0 1 0 0 0 1 5.29954 1.2503 -1.12409</i>
                <i>1 0 0 0 1 0 0 0 1 5.29775 1.2503 -1.19751</i>
                <i>1 0 0 0 1 0 0 0 1 5.29573 1.2503 -1.27741</i>
                <i>1 0 0 0 1 0 0 0 1 5.29361 1.2503 -1.35731</i>
                <i>1 0 0 0 1 0 0 0 1 5.2915 1.2503 -1.43073</i>
                <i>1 0 0 0 1 0 0 0 1 5.28955 1.2503 -1.4912</i>
                <i>1 0 0 0 1 0 0 0 1 5.28786 1.2503 -1.53223</i>
                <i>1 0 0 0 1 0 0 0 1 5.28658 1.2503 -1.54734</i>
                <i>1 0 0 0 1 0 0 0 1 5.28608 1.2503 -1.54734</i>
                <i>1 0 0 0 1 0 0 0 1 5.28633 1.2503 -1.54734</i>
                <i>1 0 0 0 1 0 0 0 1 5.28683 1.2503 -1.54734</i>
                <i>1 0 0 0 1 0 0 0 1 5.28708 1.2503 -1.54734</i>
                <i>1 0 0 0 1 0 0 0 1 5.28658 1.2503 -1.54734</i>
                <i>1 0 0 0 1 0 0 0 1 5.28658 1.2503 -1.54734</i>
                <i>1 0 0 0 1 0 0 0 1 5.28658 1.2503 -1.54734</i>
                <i>1 0 0 0 1 0 0 0 1 5.28658 1.2503 -1.54734</i>
                <i>1 0 0 0 1 0 0 0 1 5.28658 1.2503 -1.54734</i>
                <i>1 0 0 0 1 0 0 0 1 5.28658 1.2503 -1.54734</i>
                <i>1 0 0 0 1 0 0 0 1 5.28658 1.2503 -1.54734</i>
                <i>1 0 0 0 1 0 0 0 1 5.28658 1.2503 -1.54734</i>
                <i>1 0 0 0 1 0 0 0 1 5.28658 1.2503 -1.54734</i>
                <i>1 0 0 0 1 0 0 0 1 5.28658 1.2503 -1.54734</i>
                <i>1 0 0 0 1 0 0 0 1 5.28658 1.2503 -1.54734</i>
            </KeyFrames>
        </RefFrame>
        <Bones count="23">
            <i>
                <p>
                    <Name><![CDATA[pelvis]]></Name>
                    <Exclude>0</Exclude>
                    <Additive>0</Additive>
                    <IKPriority>0</IKPriority>
                    <IKRotLimits>-1e+010 -1e+010 -1e+010 1e+010 1e+010 1e+010</IKRotLimits>
                    <IKRotLimitOrder>2</IKRotLimitOrder>
                    <KeyFrames count="130">
                        <i>1 0 0 0 1 0 0 0 1 5.1316 2.20326 -1.49763</i>
                        <i>1 0 0 0 1 0 0 0 1 5.1316 2.1791 -1.49763</i>
                        <i>1 0 0 0 1 0 0 0 1 5.1316 2.15197 -1.49763</i>
                        <i>1 0 0 0 1 0 0 0 1 5.1316 2.13078 -1.49763</i>
                        <i>1 0 0 0 1 0 0 0 1 5.1316 2.12447 -1.49763</i>
                        <i>1 0 0 0 1 0 0 0 1 5.12937 2.17692 -1.43517</i>
                        <i>1 0 0 0 1 0 0 0 1 5.12406 2.22782 -1.2862</i>
                        <i>1 0 0 0 1 0 0 0 1 5.11772 2.21 -1.10841</i>
                        <i>1 0 0 0 1 0 0 0 1 5.11241 2.16966 -0.959448</i>
                        <i>1 0 0 0 1 0 0 0 1 5.11018 2.12941 -0.89698</i>
                        <i>1 0 0 0 1 0 0 0 1 5.11018 2.08914 -0.89698</i>
                        <i>1 0 0 0 1 0 0 0 1 5.11018 2.06457 -0.89698</i>
                        <i>1 0 0 0 1 0 0 0 1 5.11018 2.08259 -0.89698</i>
                        <i>1 0 0 0 1 0 0 0 1 5.11018 2.11125 -0.89698</i>
                        <i>1 0 0 0 1 0 0 0 1 5.11018 2.12941 -0.89698</i>
                        <i>1 0 0 0 1 0 0 0 1 5.11019 2.13258 -0.896992</i>
                        <i>1 0 0 0 1 0 0 0 1 5.11021 2.13572 -0.897028</i>
                        <i>1 0 0 0 1 0 0 0 1 5.11024 2.1388 -0.897087</i>
                        <i>1 0 0 0 1 0 0 0 1 5.11029 2.1418 -0.897168</i>
                        <i>1 0 0 0 1 0 0 0 1 5.11036 2.14469 -0.897272</i>
                        <i>1 0 0 0 1 0 0 0 1 5.11043 2.14745 -0.897397</i>
                        <i>1 0 0 0 1 0 0 0 1 5.11052 2.15005 -0.897544</i>
                        <i>1 0 0 0 1 0 0 0 1 5.11063 2.15246 -0.897711</i>
                        <i>1 0 0 0 1 0 0 0 1 5.11074 2.15466 -0.897898</i>
                        <i>1 0 0 0 1 0 0 0 1 5.11087 2.15663 -0.898106</i>
                        <i>1 0 0 0 1 0 0 0 1 5.111 2.15834 -0.898332</i>
                        <i>1 0 0 0 1 0 0 0 1 5.11115 2.15977 -0.898577</i>
                        <i>1 0 0 0 1 0 0 0 1 5.11131 2.16088 -0.89884</i>
                        <i>1 0 0 0 1 0 0 0 1 5.11149 2.16166 -0.89912</i>
                        <i>1 0 0 0 1 0 0 0 1 5.11167 2.16207 -0.899418</i>
                        <i>1 0 0 0 1 0 0 0 1 5.11186 2.16202 -0.899736</i>
                        <i>1 0 0 0 1 0 0 0 1 5.11207 2.16151 -0.900073</i>
                        <i>1 0 0 0 1 0 0 0 1 5.11229 2.16061 -0.90043</i>
                        <i>1 0 0 0 1 0 0 0 1 5.11251 2.15942 -0.900805</i>
                        <i>1 0 0 0 1 0 0 0 1 5.11275 2.15802 -0.901197</i>
                        <i>1 0 0 0 1 0 0 0 1 5.113 2.1565 -0.901604</i>
                        <i>1 0 0 0 1 0 0 0 1 5.11326 2.15493 -0.902025</i>
                        <i>1 0 0 0 1 0 0 0 1 5.11352 2.15341 -0.902459</i>
                        <i>1 0 0 0 1 0 0 0 1 5.1138 2.15201 -0.902905</i>
                        <i>1 0 0 0 1 0 0 0 1 5.11408 2.15082 -0.903362</i>
                        <i>1 0 0 0 1 0 0 0 1 5.11436 2.14993 -0.903828</i>
                        <i>1 0 0 0 1 0 0 0 1 5.11465 2.14942 -0.904302</i>
                        <i>1 0 0 0 1 0 0 0 1 5.11494 2.14937 -0.904782</i>
                        <i>1 0 0 0 1 0 0 0 1 5.11524 2.14987 -0.905269</i>
                        <i>1 0 0 0 1 0 0 0 1 5.11554 2.15612 -0.90576</i>
                        <i>1 0 0 0 1 0 0 0 1 5.11584 2.17054 -0.906254</i>
                        <i>1 0 0 0 1 0 0 0 1 5.11614 2.18914 -0.90675</i>
                        <i>1 0 0 0 1 0 0 0 1 5.11645 2.20792 -0.907247</i>
                        <i>1 0 0 0 1 0 0 0 1 5.11675 2.22287 -0.907743</i>
                        <i>1 0 0 0 1 0 0 0 1 5.11705 2.23 -0.908237</i>
                        <i>1 0 0 0 1 0 0 0 1 5.11736 2.23005 -0.908746</i>
                        <i>1 0 0 0 1 0 0 0 1 5.11769 2.22693 -0.909284</i>
                        <i>1 0 0 0 1 0 0 0 1 5.11803 2.22141 -0.909846</i>
                        <i>1 0 0 0 1 0 0 0 1 5.11839 2.21427 -0.910431</i>
                        <i>1 0 0 0 1 0 0 0 1 5.11876 2.20625 -0.911034</i>
                        <i>1 0 0 0 1 0 0 0 1 5.11914 2.19814 -0.911653</i>
                        <i>1 0 0 0 1 0 0 0 1 5.11952 2.19069 -0.912284</i>
                        <i>1 0 0 0 1 0 0 0 1 5.11991 2.18467 -0.912924</i>
                        <i>1 0 0 0 1 0 0 0 1 5.12031 2.18086 -0.913569</i>
                        <i>1 0 0 0 1 0 0 0 1 5.1207 2.18 -0.914216</i>
                        <i>1 0 0 0 1 0 0 0 1 5.1211 2.18135 -0.914867</i>
                        <i>1 0 0 0 1 0 0 0 1 5.1215 2.18365 -0.915527</i>
                        <i>1 0 0 0 1 0 0 0 1 5.12191 2.18673 -0.916194</i>
                        <i>1 0 0 0 1 0 0 0 1 5.12232 2.19047 -0.916869</i>
                        <i>1 0 0 0 1 0 0 0 1 5.12274 2.19469 -0.917551</i>
                        <i>1 0 0 0 1 0 0 0 1 5.12316 2.19926 -0.91824</i>
                        <i>1 0 0 0 1 0 0 0 1 5.12358 2.20402 -0.918936</i>
                        <i>1 0 0 0 1 0 0 0 1 5.12401 2.20882 -0.919637</i>
                        <i>1 0 0 0 1 0 0 0 1 5.12444 2.2135 -0.920344</i>
                        <i>1 0 0 0 1 0 0 0 1 5.12488 2.21793 -0.921057</i>
                        <i>1 0 0 0 1 0 0 0 1 5.12531 2.22194 -0.921774</i>
                        <i>1 0 0 0 1 0 0 0 1 5.12576 2.22539 -0.922496</i>
                        <i>1 0 0 0 1 0 0 0 1 5.1262 2.22813 -0.923222</i>
                        <i>1 0 0 0 1 0 0 0 1 5.12664 2.23 -0.923953</i>
                        <i>1 0 0 0 1 0 0 0 1 5.12709 2.22962 -0.924686</i>
                        <i>1 0 0 0 1 0 0 0 1 5.12754 2.22923 -0.925423</i>
                        <i>1 0 0 0 1 0 0 0 1 5.12799 2.22882 -0.926162</i>
                        <i>1 0 0 0 1 0 0 0 1 5.12845 2.22839 -0.926904</i>
                        <i>1 0 0 0 1 0 0 0 1 5.1289 2.22795 -0.927648</i>
                        <i>1 0 0 0 1 0 0 0 1 5.12936 2.22749 -0.928394</i>
                        <i>1 0 0 0 1 0 0 0 1 5.12981 2.22701 -0.929141</i>
                        <i>1 0 0 0 1 0 0 0 1 5.13027 2.2265 -0.929888</i>
                        <i>1 0 0 0 1 0 0 0 1 5.13072 2.22598 -0.930637</i>
                        <i>1 0 0 0 1 0 0 0 1 5.13118 2.22544 -0.931385</i>
                        <i>1 0 0 0 1 0 0 0 1 5.13164 2.22487 -0.932134</i>
                        <i>1 0 0 0 1 0 0 0 1 5.1321 2.22427 -0.932882</i>
                        <i>1 0 0 0 1 0 0 0 1 5.13255 2.22366 -0.933629</i>
                        <i>1 0 0 0 1 0 0 0 1 5.13301 2.22301 -0.934374</i>
                        <i>1 0 0 0 1 0 0 0 1 5.13346 2.22234 -0.935119</i>
                        <i>1 0 0 0 1 0 0 0 1 5.13391 2.22165 -0.935861</i>
                        <i>1 0 0 0 1 0 0 0 1 5.13497 2.22068 -0.940572</i>
                        <i>1 0 0 0 1 0 0 0 1 5.13706 2.21928 -0.952378</i>
                        <i>1 0 0 0 1 0 0 0 1 5.13994 2.21753 -0.97001</i>
                        <i>1 0 0 0 1 0 0 0 1 5.14332 2.21552 -0.9922</i>
                        <i>1 0 0 0 1 0 0 0 1 5.14697 2.21334 -1.01768</i>
                        <i>1 0 0 0 1 0 0 0 1 5.15062 2.21106 -1.04518</i>
                        <i>1 0 0 0 1 0 0 0 1 5.154 2.20878 -1.07343</i>
                        <i>1 0 0 0 1 0 0 0 1 5.15687 2.20658 -1.10116</i>
                        <i>1 0 0 0 1 0 0 0 1 5.15895 2.20454 -1.12711</i>
                        <i>1 0 0 0 1 0 0 0 1 5.16 2.20275 -1.15</i>
                        <i>1 0 0 0 1 0 0 0 1 5.16055 2.20054 -1.17396</i>
                        <i>1 0 0 0 1 0 0 0 1 5.16035 2.19787 -1.20076</i>
                        <i>1 0 0 0 1 0 0 0 1 5.15792 2.19573 -1.22557</i>
                        <i>1 0 0 0 1 0 0 0 1 5.1518 2.19513 -1.24359</i>
                        <i>1 0 0 0 1 0 0 0 1 5.14052 2.19707 -1.25</i>
                        <i>1 0 0 0 1 0 0 0 1 5.11799 2.20435 -1.25772</i>
                        <i>1 0 0 0 1 0 0 0 1 5.08493 2.21607 -1.28076</i>
                        <i>1 0 0 0 1 0 0 0 1 5.05008 2.22814 -1.31594</i>
                        <i>1 0 0 0 1 0 0 0 1 5.02218 2.23648 -1.36008</i>
                        <i>1 0 0 0 1 0 0 0 1 5.01 2.23703 -1.41</i>
                        <i>1 0 0 0 1 0 0 0 1 5.02191 2.22551 -1.45224</i>
                        <i>1 0 0 0 1 0 0 0 1 5.05229 2.20463 -1.47811</i>
                        <i>1 0 0 0 1 0 0 0 1 5.08887 2.18081 -1.49163</i>
                        <i>1 0 0 0 1 0 0 0 1 5.11939 2.16046 -1.4968</i>
                        <i>1 0 0 0 1 0 0 0 1 5.1316 2.15 -1.49763</i>
                        <i>1 0 0 0 1 0 0 0 1 5.13102 2.1524 -1.50278</i>
                        <i>1 0 0 0 1 0 0 0 1 5.13113 2.16339 -1.51306</i>
                        <i>1 0 0 0 1 0 0 0 1 5.13152 2.1785 -1.52077</i>
                        <i>1 0 0 0 1 0 0 0 1 5.13181 2.19328 -1.5182</i>
                        <i>1 0 0 0 1 0 0 0 1 5.1316 2.20326 -1.49763</i>
                        <i>1 0 0 0 1 0 0 0 1 5.1316 2.20326 -1.49763</i>
                        <i>1 0 0 0 1 0 0 0 1 5.1316 2.20326 -1.49763</i>
                        <i>1 0 0 0 1 0 0 0 1 5.1316 2.20326 -1.49763</i>
                        <i>1 0 0 0 1 0 0 0 1 5.1316 2.20326 -1.49763</i>
                        <i>1 0 0 0 1 0 0 0 1 5.1316 2.20326 -1.49763</i>
                        <i>1 0 0 0 1 0 0 0 1 5.1316 2.20326 -1.49763</i>
                        <i>1 0 0 0 1 0 0 0 1 5.1316 2.20326 -1.49763</i>
                        <i>1 0 0 0 1 0 0 0 1 5.1316 2.20326 -1.49763</i>
                        <i>1 0 0 0 1 0 0 0 1 5.1316 2.20326 -1.49763</i>
                        <i>1 0 0 0 1 0 0 0 1 5.1316 2.20326 -1.49763</i>
                    </KeyFrames>
                </p>
            </i>
            <i>
                <p>
                    <Name><![CDATA[spine0]]></Name>
                    <Exclude>0</Exclude>
                    <Additive>0</Additive>
                    <IKPriority>0</IKPriority>
                    <IKRotLimits>-1e+010 -1e+010 -1e+010 1e+010 1e+010 1e+010</IKRotLimits>
                    <IKRotLimitOrder>0</IKRotLimitOrder>
                    <KeyFrames count="130">
                        <i>0.021111 0.995918 -0.0877602 -0.136828 -0.0840757 -0.98702 -0.99037 0.032845 0.134495 5.18139 2.33806 -1.50457</i>
                        <i>-0.00811233 0.996067 -0.0882314 -0.217018 -0.0878851 -0.972203 -0.976134 0.011261 0.216877 5.18104 2.31337 -1.51259</i>
                        <i>-0.0360677 0.995529 -0.0872997 -0.304824 -0.0941529 -0.947743 -0.951725 -0.00757184 0.306857 5.17979 2.28537 -1.52165</i>
                        <i>-0.0621056 0.994703 -0.0819069 -0.373281 -0.099259 -0.922393 -0.925637 -0.0267115 0.377468 5.17747 2.26355 -1.52869</i>
                        <i>-0.0851286 0.99378 -0.0717925 -0.400166 -0.100088 -0.910961 -0.91248 -0.0488199 0.406197 5.17491 2.25757 -1.53084</i>
                        <i>-0.113934 0.991892 -0.0562952 -0.374896 -0.0953992 -0.922145 -0.920039 -0.0839586 0.382726 5.16882 2.31204 -1.46485</i>
                        <i>-0.152601 0.987489 -0.0397342 -0.314688 -0.086664 -0.94523 -0.936848 -0.131739 0.323976 5.15752 2.36574 -1.30975</i>
                        <i>-0.19243 0.980897 -0.0284796 -0.241418 -0.075451 -0.967484 -0.951151 -0.179298 0.251325 5.14471 2.35021 -1.12603</i>
                        <i>-0.223543 0.974404 -0.0238017 -0.179139 -0.0650764 -0.981669 -0.958091 -0.215181 0.189101 5.13479 2.31111 -0.973106</i>
                        <i>-0.235225 0.971678 -0.0226031 -0.15293 -0.0599674 -0.986416 -0.959834 -0.228573 0.162704 5.13238 2.271 -0.90943</i>
                        <i>-0.209471 0.977247 -0.0333205 -0.145607 -0.064871 -0.987213 -0.966913 -0.201941 0.155883 5.13838 2.22955 -0.910651</i>
                        <i>-0.177892 0.982926 -0.0470123 -0.128774 -0.0706162 -0.989156 -0.975588 -0.16991 0.139138 5.14852 2.20234 -0.912639</i>
                        <i>-0.176959 0.983098 -0.0469458 -0.107746 -0.0667621 -0.991934 -0.978303 -0.170473 0.117739 5.15966 2.21656 -0.914303</i>
                        <i>-0.18948 0.981033 -0.040895 -0.0877007 -0.0583924 -0.994434 -0.97796 -0.184839 0.0971014 5.16878 2.24137 -0.915168</i>
                        <i>-0.196632 0.979778 -0.0370174 -0.0781208 -0.0532902 -0.995519 -0.97736 -0.192859 0.0870197 5.17317 2.25744 -0.915372</i>
                        <i>-0.194008 0.980295 -0.0371938 -0.0787538 -0.0533553 -0.995465 -0.977834 -0.190199 0.0875533 5.17403 2.26019 -0.915349</i>
                        <i>-0.191631 0.98076 -0.0372484 -0.0813583 -0.0536948 -0.995238 -0.978089 -0.187687 0.0900825 5.17432 2.2632 -0.915332</i>
                        <i>-0.189555 0.981166 -0.0371833 -0.0856145 -0.054242 -0.994851 -0.97813 -0.185395 0.0942838 5.17411 2.26641 -0.915319</i>
                        <i>-0.187848 0.981501 -0.0369929 -0.0911852 -0.0549277 -0.994318 -0.977956 -0.183407 0.0998165 5.17349 2.26976 -0.915303</i>
                        <i>-0.186584 0.981754 -0.0366678 -0.0977293 -0.0556858 -0.993654 -0.977566 -0.181816 0.106336 5.17252 2.27317 -0.915277</i>
                        <i>-0.185836 0.981914 -0.0361976 -0.104912 -0.0564572 -0.992878 -0.976964 -0.180715 0.113506 5.17128 2.27658 -0.915232</i>
                        <i>-0.185185 0.982056 -0.035678 -0.112417 -0.0572379 -0.992011 -0.976253 -0.179695 0.120999 5.16985 2.27991 -0.915165</i>
                        <i>-0.18428 0.982243 -0.0351979 -0.119943 -0.0580173 -0.991084 -0.975528 -0.178416 0.128504 5.16831 2.2831 -0.915075</i>
                        <i>-0.183289 0.982445 -0.0347412 -0.127206 -0.0587453 -0.990135 -0.974794 -0.177062 0.135741 5.16673 2.28608 -0.914968</i>
                        <i>-0.182361 0.982633 -0.0343006 -0.133947 -0.0593885 -0.989207 -0.974065 -0.175798 0.142451 5.16519 2.28879 -0.914855</i>
                        <i>-0.181622 0.982785 -0.0338778 -0.139927 -0.0599285 -0.988347 -0.973362 -0.174765 0.148402 5.16379 2.29116 -0.914751</i>
                        <i>-0.181187 0.982879 -0.0334803 -0.144924 -0.0603569 -0.9876 -0.972712 -0.174089 0.153379 5.16259 2.29315 -0.914679</i>
                        <i>-0.181165 0.982895 -0.0331172 -0.148731 -0.0606697 -0.987015 -0.972141 -0.173887 0.157178 5.16168 2.2947 -0.914663</i>
                        <i>-0.181671 0.982812 -0.032792 -0.151143 -0.060858 -0.986637 -0.971675 -0.174287 0.159601 5.16115 2.29577 -0.914728</i>
                        <i>-0.182847 0.982604 -0.0324928 -0.151953 -0.060898 -0.98651 -0.971327 -0.175443 0.160445 5.16109 2.29629 -0.914899</i>
                        <i>-0.184223 0.982356 -0.0322361 -0.151887 -0.0608565 -0.986523 -0.971078 -0.176844 0.160418 5.1612 2.29628 -0.915131</i>
                        <i>-0.18519 0.982179 -0.0320704 -0.151813 -0.0608369 -0.986535 -0.970906 -0.177828 0.160374 5.16119 2.29585 -0.915363</i>
                        <i>-0.185751 0.982076 -0.032004 -0.151729 -0.0608479 -0.986547 -0.970812 -0.178396 0.160312 5.16106 2.2951 -0.915598</i>
                        <i>-0.185918 0.982043 -0.0320419 -0.151635 -0.0608964 -0.986559 -0.970794 -0.17856 0.160234 5.16084 2.29409 -0.915835</i>
                        <i>-0.185709 0.982078 -0.0321858 -0.151531 -0.0609872 -0.986569 -0.97085 -0.178337 0.160141 5.16054 2.2929 -0.916079</i>
                        <i>-0.185148 0.982175 -0.0324347 -0.151417 -0.0611234 -0.986578 -0.970975 -0.177752 0.160035 5.16017 2.29161 -0.916328</i>
                        <i>-0.184262 0.98233 -0.0327853 -0.151292 -0.0613062 -0.986586 -0.971163 -0.17683 0.159915 5.15976 2.29029 -0.916586</i>
                        <i>-0.18308 0.982536 -0.0332321 -0.151158 -0.0615353 -0.986592 -0.971408 -0.175602 0.159784 5.15931 2.28902 -0.916855</i>
                        <i>-0.181523 0.982806 -0.033801 -0.151016 -0.0618238 -0.986596 -0.971722 -0.173985 0.159642 5.15886 2.28788 -0.917135</i>
                        <i>-0.179605 0.983134 -0.0344888 -0.150866 -0.0621714 -0.986597 -0.972102 -0.171995 0.159488 5.15842 2.28695 -0.917428</i>
                        <i>-0.177416 0.983504 -0.0352677 -0.150711 -0.0625656 -0.986596 -0.972528 -0.169722 0.159325 5.158 2.2863 -0.917736</i>
                        <i>-0.17504 0.983899 -0.0361086 -0.150555 -0.0629919 -0.986593 -0.972982 -0.167257 0.159157 5.15762 2.28602 -0.918062</i>
                        <i>-0.172562 0.984304 -0.0369815 -0.150401 -0.0634347 -0.986588 -0.973448 -0.164686 0.158987 5.1573 2.28618 -0.918407</i>
                        <i>-0.170059 0.984706 -0.0378568 -0.150254 -0.0638779 -0.986582 -0.973911 -0.162089 0.15882 5.15706 2.28686 -0.918773</i>
                        <i>-0.167604 0.985094 -0.0387052 -0.150121 -0.064305 -0.986574 -0.974357 -0.159544 0.158661 5.15691 2.29325 -0.919161</i>
                        <i>-0.165267 0.985458 -0.0394985 -0.150006 -0.0647 -0.986566 -0.974774 -0.157122 0.158518 5.15688 2.30778 -0.919575</i>
                        <i>-0.163114 0.985788 -0.0402095 -0.149917 -0.065047 -0.986557 -0.975151 -0.154893 0.158396 5.15698 2.32644 -0.920015</i>
                        <i>-0.161206 0.986077 -0.040812 -0.149859 -0.0653308 -0.986547 -0.975477 -0.152921 0.158304 5.15723 2.34524 -0.920483</i>
                        <i>-0.159608 0.986317 -0.0412807 -0.149838 -0.0655369 -0.986536 -0.975743 -0.151273 0.158248 5.15765 2.36016 -0.920983</i>
                        <i>-0.158383 0.986501 -0.0415903 -0.149858 -0.0656509 -0.986526 -0.975939 -0.150016 0.158233 5.15826 2.36719 -0.921514</i>
                        <i>-0.152702 0.98734 -0.0429164 -0.150633 -0.0661712 -0.986373 -0.976725 -0.144156 0.15883 5.16036 2.36663 -0.922598</i>
                        <i>-0.138854 0.989236 -0.0461619 -0.152582 -0.0674275 -0.985988 -0.978488 -0.129865 0.160302 5.16483 2.36198 -0.924592</i>
                        <i>-0.118895 0.991608 -0.050774 -0.155227 -0.0690712 -0.985461 -0.980698 -0.109285 0.162137 5.17099 2.35403 -0.927243</i>
                        <i>-0.0954353 0.993858 -0.0560182 -0.158076 -0.0706922 -0.984893 -0.982804 -0.0851384 0.163852 5.17816 2.34361 -0.930299</i>
                        <i>-0.0709614 0.995599 -0.0612134 -0.160673 -0.0719756 -0.98438 -0.984454 -0.0600176 0.165073 5.18567 2.33161 -0.933511</i>
                        <i>-0.0477439 0.996691 -0.0657833 -0.162658 -0.0727372 -0.983998 -0.985527 -0.0362798 0.165592 5.1929 2.31909 -0.936651</i>
                        <i>-0.0278003 0.997209 -0.0692864 -0.163834 -0.0729214 -0.983789 -0.986096 -0.0159982 0.165404 5.19932 2.30725 -0.939514</i>
                        <i>-0.0129261 0.997363 -0.0714142 -0.164205 -0.0725679 -0.983753 -0.986342 -0.000989608 0.16471 5.20447 2.29739 -0.941921</i>
                        <i>-0.00478554 0.997396 -0.0719563 -0.163961 -0.0717659 -0.983853 -0.986455 0.00708973 0.163877 5.20796 2.29088 -0.943719</i>
                        <i>-0.00503365 0.997482 -0.070743 -0.163394 -0.0706136 -0.98403 -0.986548 0.00660575 0.163338 5.2094 2.28907 -0.944757</i>
                        <i>-0.00985637 0.997588 -0.0687118 -0.162845 -0.0693991 -0.984208 -0.986602 0.00148865 0.163136 5.20948 2.2907 -0.945317</i>
                        <i>-0.0140436 0.997658 -0.0669484 -0.162478 -0.068342 -0.984343 -0.986612 -0.00294607 0.163057 5.20924 2.29356 -0.945798</i>
                        <i>-0.0176243 0.9977 -0.0654519 -0.162274 -0.0674485 -0.984438 -0.986588 -0.00672892 0.16309 5.20869 2.29748 -0.946207</i>
                        <i>-0.0206425 0.997723 -0.0642155 -0.162206 -0.0667204 -0.984499 -0.986541 -0.00990639 0.163214 5.20786 2.30226 -0.946547</i>
                        <i>-0.023151 0.997731 -0.0632279 -0.162239 -0.066156 -0.984531 -0.98648 -0.0125349 0.163402 5.20678 2.30772 -0.946824</i>
                        <i>-0.0252063 0.997728 -0.0624756 -0.162332 -0.0657511 -0.984543 -0.986414 -0.0146749 0.16362 5.20549 2.31367 -0.94704</i>
                        <i>-0.0268644 0.997718 -0.0619435 -0.162445 -0.0654994 -0.984541 -0.986352 -0.0163867 0.163834 5.204 2.31991 -0.947202</i>
                        <i>-0.0281774 0.997702 -0.0616164 -0.162541 -0.0653936 -0.984532 -0.986299 -0.0177264 0.16401 5.20235 2.32626 -0.947314</i>
                        <i>-0.0296121 0.997681 -0.0612839 -0.162553 -0.0653012 -0.984537 -0.986255 -0.0191923 0.16411 5.20056 2.33255 -0.947383</i>
                        <i>-0.0316178 0.997653 -0.060729 -0.162431 -0.0650804 -0.984571 -0.986213 -0.0212657 0.164107 5.19868 2.33857 -0.947414</i>
                        <i>-0.0340947 0.997617 -0.0599826 -0.16217 -0.0647445 -0.984636 -0.986174 -0.0238435 0.163991 5.19673 2.34417 -0.947416</i>
                        <i>-0.0369324 0.99757 -0.05908 -0.161773 -0.0643088 -0.98473 -0.986137 -0.026811 0.163755 5.19476 2.34915 -0.947397</i>
                        <i>-0.0400104 0.997511 -0.0580611 -0.161243 -0.0637917 -0.984851 -0.986103 -0.0300423 0.163394 5.1928 2.35334 -0.947365</i>
                        <i>-0.0431984 0.997441 -0.0569701 -0.160591 -0.0632143 -0.984995 -0.986075 -0.0334013 0.162911 5.19089 2.35658 -0.94733</i>
                        <i>-0.0463581 0.997362 -0.0558555 -0.159829 -0.062601 -0.985158 -0.986056 -0.0367427 0.162309 5.18908 2.35746 -0.947302</i>
                        <i>-0.0493446 0.997279 -0.0547694 -0.158973 -0.0619794 -0.985336 -0.986049 -0.0399141 0.161599 5.1874 2.3582 -0.947291</i>
                        <i>-0.0520087 0.997198 -0.053767 -0.158042 -0.0613801 -0.985523 -0.986062 -0.0427583 0.160792 5.18591 2.3588 -0.947307</i>
                        <i>-0.054199 0.997128 -0.0529057 -0.157056 -0.0608369 -0.985714 -0.986101 -0.0451155 0.159902 5.18464 2.35923 -0.947362</i>
                        <i>-0.055764 0.997076 -0.0522444 -0.156038 -0.0603857 -0.985904 -0.986176 -0.0468258 0.158949 5.18365 2.3595 -0.947465</i>
                        <i>-0.0565544 0.997053 -0.0518426 -0.155013 -0.0600649 -0.986085 -0.986292 -0.0477312 0.157953 5.18297 2.35959 -0.947627</i>
                        <i>-0.0558877 0.997096 -0.0517229 -0.153885 -0.059787 -0.986278 -0.986507 -0.0471615 0.156779 5.18298 2.35937 -0.947829</i>
                        <i>-0.0522418 0.997252 -0.0525317 -0.15264 -0.0599595 -0.986461 -0.9869 -0.043516 0.155353 5.18391 2.35875 -0.948047</i>
                        <i>-0.0453704 0.997475 -0.0546378 -0.151425 -0.0609291 -0.986589 -0.987427 -0.0364884 0.153807 5.18552 2.35782 -0.948284</i>
                        <i>-0.0364403 0.997674 -0.0576037 -0.150358 -0.0624594 -0.986657 -0.98796 -0.0272929 0.152284 5.18761 2.35665 -0.948543</i>
                        <i>-0.0265982 0.997784 -0.0609846 -0.149519 -0.0642909 -0.986667 -0.988401 -0.0171252 0.150897 5.18993 2.35532 -0.948826</i>
                        <i>-0.0169456 0.997784 -0.0643453 -0.14893 -0.0661555 -0.986632 -0.988703 -0.00713615 0.149721 5.19229 2.35392 -0.949136</i>
                        <i>-0.00852411 0.997698 -0.0672682 -0.148547 -0.0677877 -0.986579 -0.988869 0.00158276 0.148783 5.19447 2.35254 -0.949478</i>
                        <i>-0.00231597 0.99759 -0.0693513 -0.148265 -0.0689276 -0.986543 -0.988945 0.00799756 0.148067 5.19625 2.3513 -0.949854</i>
                        <i>0.000733258 0.997533 -0.0701927 -0.147943 -0.0693121 -0.986564 -0.988996 0.011108 0.147528 5.19744 2.3503 -0.950269</i>
                        <i>-0.000329908 0.997592 -0.0693614 -0.147439 -0.0686518 -0.986686 -0.989071 0.00990107 0.147107 5.19784 2.34967 -0.950725</i>
                        <i>-0.00718175 0.997789 -0.0660682 -0.146724 -0.0664063 -0.986946 -0.989151 0.0026058 0.146877 5.19811 2.34915 -0.954898</i>
                        <i>-0.0197973 0.997988 -0.0602256 -0.145904 -0.0624764 -0.987324 -0.989101 -0.0107592 0.146847 5.19898 2.34845 -0.965668</i>
                        <i>-0.0366496 0.997953 -0.052402 -0.145077 -0.057195 -0.987766 -0.988741 -0.0285989 0.146876 5.20031 2.34757 -0.98185</i>
                        <i>-0.0562033 0.997485 -0.0431922 -0.14434 -0.0509237 -0.988217 -0.987931 -0.0493067 0.146839 5.20194 2.34651 -1.00226</i>
                        <i>-0.0769161 0.996484 -0.0332188 -0.143764 -0.0440538 -0.988631 -0.986618 -0.0712659 0.146647 5.20375 2.34528 -1.02571</i>
                        <i>-0.0972463 0.994992 -0.0231305 -0.143382 -0.0370042 -0.988975 -0.984878 -0.0928577 0.146262 5.20559 2.34388 -1.05101</i>
                        <i>-0.115663 0.993195 -0.0135953 -0.143179 -0.0302151 -0.989235 -0.982915 -0.112471 0.1457 5.20734 2.34234 -1.077</i>
                        <i>-0.130654 0.991414 -0.00529192 -0.143099 -0.0241396 -0.989414 -0.981046 -0.128514 0.145024 5.20886 2.34071 -1.10247</i>
                        <i>-0.140728 0.990048 0.00110161 -0.14305 -0.0192325 -0.989529 -0.979659 -0.139412 0.144333 5.21001 2.33903 -1.12627</i>
                        <i>-0.144412 0.989505 0.00492164 -0.142926 -0.0159371 -0.989605 -0.979141 -0.143615 0.143728 5.21068 2.33736 -1.14719</i>
                        <i>-0.135205 0.9908 0.0059215 -0.142438 -0.0135222 -0.989711 -0.980526 -0.134657 0.142956 5.21238 2.33467 -1.16965</i>
                        <i>-0.113271 0.99355 0.00528409 -0.141409 -0.0108569 -0.989892 -0.98345 -0.112874 0.141726 5.21497 2.33085 -1.19549</i>
                        <i>-0.0871026 0.996189 0.00446581 -0.139967 -0.00779951 -0.990125 -0.986318 -0.0868676 0.140113 5.21581 2.3273 -1.21973</i>
                        <i>-0.0652822 0.997855 0.00493111 -0.138379 -0.004159 -0.990371 -0.988225 -0.0653359 0.138354 5.2123 2.3255 -1.23739</i>
                        <i>-0.0563528 0.998378 0.00807764 -0.137095 0.000276157 -0.990558 -0.988954 -0.0569281 0.136857 5.20187 2.32703 -1.2435</i>
                        <i>-0.0519176 0.99859 0.0110667 -0.143128 0.00352677 -0.989698 -0.988342 -0.0529667 0.142743 5.17893 2.33452 -1.2516</i>
                        <i>-0.0410788 0.999115 0.00900197 -0.15897 0.00235927 -0.987281 -0.986428 -0.0419874 0.158732 5.14538 2.34652 -1.27607</i>
                        <i>-0.0287472 0.999586 0.00156107 -0.178296 -0.00359096 -0.98397 -0.983557 -0.0285647 0.178326 5.10992 2.35893 -1.3132</i>
                        <i>-0.0187867 0.999783 -0.00898388 -0.194641 -0.0124707 -0.980795 -0.980695 -0.0166773 0.194833 5.08129 2.36764 -1.35932</i>
                        <i>-0.0132461 0.999744 -0.0183211 -0.201512 -0.0206158 -0.979269 -0.979397 -0.0092796 0.201733 5.06826 2.36857 -1.41077</i>
                        <i>-0.0121824 0.999617 -0.0248671 -0.194699 -0.0267643 -0.980498 -0.980787 -0.00710323 0.194951 5.07915 2.35748 -1.45383</i>
                        <i>-0.0133204 0.999432 -0.0309474 -0.178465 -0.0328295 -0.983398 -0.983856 -0.00757623 0.178801 5.10832 2.33711 -1.4801</i>
                        <i>-0.0145583 0.999189 -0.0375451 -0.159086 -0.0393854 -0.986479 -0.987157 -0.00838853 0.159531 5.14366 2.31381 -1.49392</i>
                        <i>-0.0138318 0.99887 -0.0454595 -0.142895 -0.0469719 -0.988623 -0.989641 -0.00717853 0.143383 5.17304 2.29392 -1.49958</i>
                        <i>-0.00913343 0.998434 -0.0551993 -0.13627 -0.0559294 -0.989092 -0.99063 -0.00151181 0.136567 5.18432 2.2838 -1.50137</i>
                        <i>-0.00448933 0.997869 -0.0650919 -0.13651 -0.0650947 -0.988498 -0.990628 0.00444802 0.136512 5.1826 2.28661 -1.50761</i>
                        <i>-0.00272386 0.997313 -0.0732104 -0.136597 -0.0728955 -0.987941 -0.990623 0.00730929 0.136428 5.18123 2.29813 -1.51871</i>
                        <i>-0.000228277 0.996826 -0.0796046 -0.136569 -0.0788898 -0.987484 -0.990631 0.0106461 0.136154 5.18042 2.31366 -1.52701</i>
                        <i>0.00654715 0.996411 -0.0843954 -0.136591 -0.082715 -0.987168 -0.990606 0.0179908 0.135559 5.1804 2.32852 -1.52485</i>
                        <i>0.021111 0.995918 -0.0877602 -0.136828 -0.0840757 -0.98702 -0.99037 0.032845 0.134495 5.18139 2.33806 -1.50457</i>
                        <i>0.021111 0.995918 -0.0877602 -0.136828 -0.0840757 -0.98702 -0.99037 0.032845 0.134495 5.18139 2.33806 -1.50457</i>
                        <i>0.021111 0.995918 -0.0877602 -0.136828 -0.0840757 -0.98702 -0.99037 0.032845 0.134495 5.18139 2.33806 -1.50457</i>
                        <i>0.021111 0.995918 -0.0877602 -0.136828 -0.0840757 -0.98702 -0.99037 0.032845 0.134495 5.18139 2.33806 -1.50457</i>
                        <i>0.021111 0.995918 -0.0877602 -0.136828 -0.0840757 -0.98702 -0.99037 0.032845 0.134495 5.18139 2.33806 -1.50457</i>
                        <i>0.021111 0.995918 -0.0877602 -0.136828 -0.0840757 -0.98702 -0.99037 0.032845 0.134495 5.18139 2.33806 -1.50457</i>
                        <i>0.021111 0.995918 -0.0877602 -0.136828 -0.0840757 -0.98702 -0.99037 0.032845 0.134495 5.18139 2.33806 -1.50457</i>
                        <i>0.021111 0.995918 -0.0877602 -0.136828 -0.0840757 -0.98702 -0.99037 0.032845 0.134495 5.18139 2.33806 -1.50457</i>
                        <i>0.021111 0.995918 -0.0877602 -0.136828 -0.0840757 -0.98702 -0.99037 0.032845 0.134495 5.18139 2.33806 -1.50457</i>
                        <i>0.021111 0.995918 -0.0877602 -0.136828 -0.0840757 -0.98702 -0.99037 0.032845 0.134495 5.18139 2.33806 -1.50457</i>
                        <i>0.021111 0.995918 -0.0877602 -0.136828 -0.0840757 -0.98702 -0.99037 0.032845 0.134495 5.18139 2.33806 -1.50457</i>
                    </KeyFrames>
                </p>
            </i>
            <i>
                <p>
                    <Name><![CDATA[spine1]]></Name>
                    <Exclude>0</Exclude>
                    <Additive>0</Additive>
                    <IKPriority>0</IKPriority>
                    <IKRotLimits>-1e+010 -1e+010 -1e+010 1e+010 1e+010 1e+010</IKRotLimits>
                    <IKRotLimitOrder>0</IKRotLimitOrder>
                    <KeyFrames count="130">
                        <i>-0.13027 0.991381 -0.0139022 -0.413791 -0.0671046 -0.907895 -0.901003 -0.112519 0.418966 5.18508 2.51153 -1.51986</i>
                        <i>-0.179326 0.983246 0.0327199 -0.488293 -0.0600839 -0.870609 -0.854056 -0.172099 0.490887 5.17964 2.48827 -1.52809</i>
                        <i>-0.220089 0.97132 0.089995 -0.566281 -0.0520999 -0.822564 -0.794284 -0.232 0.561507 5.17343 2.46213 -1.53716</i>
                        <i>-0.249129 0.957905 0.142661 -0.625629 -0.0467365 -0.778719 -0.739272 -0.283255 0.610937 5.16637 2.44203 -1.54341</i>
                        <i>-0.271878 0.946742 0.172514 -0.649185 -0.0481046 -0.759108 -0.710381 -0.318378 0.62769 5.15961 2.43676 -1.54381</i>
