<?xml version="1.0" encoding="ISO-8859-1" ?>
<Animl Version="1">
    <ModellingPackage><![CDATA[Maya.2010]]></ModellingPackage>
    <SrcFile><![CDATA[anims\turrets\antiair\red\~src\aa_s125_launcher\aa_s125_launcher_idle_crewman_c.mb]]></SrcFile>
    <FramesPerSecond>30</FramesPerSecond>
    <TotalFrames>120</TotalFrames>
    <Skeleton>
        <RefFrame>
            <Name><![CDATA[soldier_ref_frame]]></Name>
            <Exclude>0</Exclude>
            <Additive>0</Additive>
            <IKPriority>0</IKPriority>
            <IKRotLimits>-1e+010 -1e+010 -1e+010 1e+010 1e+010 1e+010</IKRotLimits>
            <IKRotLimitOrder>0</IKRotLimitOrder>
            <KeyFrames count="120">
                <i>1 0 0 0 1 0 0 0 1 0.914213 1.19421 -5.19492</i>
                <i>1 0 0 0 1 0 0 0 1 0.914213 1.19421 -5.19492</i>
                <i>1 0 0 0 1 0 0 0 1 0.914213 1.19421 -5.19492</i>
                <i>1 0 0 0 1 0 0 0 1 0.914213 1.19421 -5.19492</i>
                <i>1 0 0 0 1 0 0 0 1 0.914213 1.19421 -5.19492</i>
                <i>1 0 0 0 1 0 0 0 1 0.914213 1.19421 -5.19492</i>
                <i>1 0 0 0 1 0 0 0 1 0.914213 1.19421 -5.19492</i>
                <i>1 0 0 0 1 0 0 0 1 0.914213 1.19421 -5.19492</i>
                <i>1 0 0 0 1 0 0 0 1 0.914213 1.19421 -5.19492</i>
                <i>1 0 0 0 1 0 0 0 1 0.914213 1.19421 -5.19492</i>
                <i>1 0 0 0 1 0 0 0 1 0.914213 1.19421 -5.19492</i>
                <i>1 0 0 0 1 0 0 0 1 0.914213 1.19421 -5.19492</i>
                <i>1 0 0 0 1 0 0 0 1 0.914213 1.19421 -5.19492</i>
                <i>1 0 0 0 1 0 0 0 1 0.914213 1.19421 -5.19492</i>
                <i>1 0 0 0 1 0 0 0 1 0.914213 1.19421 -5.19492</i>
                <i>1 0 0 0 1 0 0 0 1 0.914213 1.19421 -5.19492</i>
                <i>1 0 0 0 1 0 0 0 1 0.914213 1.19421 -5.19492</i>
                <i>1 0 0 0 1 0 0 0 1 0.914213 1.19421 -5.19492</i>
                <i>1 0 0 0 1 0 0 0 1 0.914213 1.19421 -5.19492</i>
                <i>1 0 0 0 1 0 0 0 1 0.914213 1.19421 -5.19492</i>
                <i>1 0 0 0 1 0 0 0 1 0.914213 1.19421 -5.19492</i>
                <i>1 0 0 0 1 0 0 0 1 0.914213 1.19421 -5.19492</i>
                <i>1 0 0 0 1 0 0 0 1 0.914213 1.19421 -5.19492</i>
                <i>1 0 0 0 1 0 0 0 1 0.914213 1.19421 -5.19492</i>
                <i>1 0 0 0 1 0 0 0 1 0.914213 1.19421 -5.19492</i>
                <i>1 0 0 0 1 0 0 0 1 0.914213 1.19421 -5.19492</i>
                <i>1 0 0 0 1 0 0 0 1 0.914213 1.19421 -5.19492</i>
                <i>1 0 0 0 1 0 0 0 1 0.914213 1.19421 -5.19492</i>
                <i>1 0 0 0 1 0 0 0 1 0.914213 1.19421 -5.19492</i>
                <i>1 0 0 0 1 0 0 0 1 0.914213 1.19421 -5.19492</i>
                <i>1 0 0 0 1 0 0 0 1 0.914213 1.19421 -5.19492</i>
                <i>1 0 0 0 1 0 0 0 1 0.914213 1.19421 -5.19492</i>
                <i>1 0 0 0 1 0 0 0 1 0.914213 1.19421 -5.19492</i>
                <i>1 0 0 0 1 0 0 0 1 0.914213 1.19421 -5.19492</i>
                <i>1 0 0 0 1 0 0 0 1 0.914213 1.19421 -5.19492</i>
                <i>1 0 0 0 1 0 0 0 1 0.914213 1.19421 -5.19492</i>
                <i>1 0 0 0 1 0 0 0 1 0.914213 1.19421 -5.19492</i>
                <i>1 0 0 0 1 0 0 0 1 0.914213 1.19421 -5.19492</i>
                <i>1 0 0 0 1 0 0 0 1 0.914213 1.19421 -5.19492</i>
                <i>1 0 0 0 1 0 0 0 1 0.914213 1.19421 -5.19492</i>
                <i>1 0 0 0 1 0 0 0 1 0.914213 1.19421 -5.19492</i>
                <i>1 0 0 0 1 0 0 0 1 0.914213 1.19421 -5.19492</i>
                <i>1 0 0 0 1 0 0 0 1 0.914213 1.19421 -5.19492</i>
                <i>1 0 0 0 1 0 0 0 1 0.914213 1.19421 -5.19492</i>
                <i>1 0 0 0 1 0 0 0 1 0.914213 1.19421 -5.19492</i>
                <i>1 0 0 0 1 0 0 0 1 0.914213 1.19421 -5.19492</i>
                <i>1 0 0 0 1 0 0 0 1 0.914213 1.19421 -5.19492</i>
                <i>1 0 0 0 1 0 0 0 1 0.914213 1.19421 -5.19492</i>
                <i>1 0 0 0 1 0 0 0 1 0.914213 1.19421 -5.19492</i>
                <i>1 0 0 0 1 0 0 0 1 0.914213 1.19421 -5.19492</i>
                <i>1 0 0 0 1 0 0 0 1 0.914213 1.19421 -5.19492</i>
                <i>1 0 0 0 1 0 0 0 1 0.914213 1.19421 -5.19492</i>
                <i>1 0 0 0 1 0 0 0 1 0.914213 1.19421 -5.19492</i>
                <i>1 0 0 0 1 0 0 0 1 0.914213 1.19421 -5.19492</i>
                <i>1 0 0 0 1 0 0 0 1 0.914213 1.19421 -5.19492</i>
                <i>1 0 0 0 1 0 0 0 1 0.914213 1.19421 -5.19492</i>
                <i>1 0 0 0 1 0 0 0 1 0.914213 1.19421 -5.19492</i>
                <i>1 0 0 0 1 0 0 0 1 0.914213 1.19421 -5.19492</i>
                <i>1 0 0 0 1 0 0 0 1 0.914213 1.19421 -5.19492</i>
                <i>1 0 0 0 1 0 0 0 1 0.914213 1.19421 -5.19492</i>
                <i>1 0 0 0 1 0 0 0 1 0.914213 1.19421 -5.19492</i>
                <i>1 0 0 0 1 0 0 0 1 0.914213 1.19421 -5.19492</i>
                <i>1 0 0 0 1 0 0 0 1 0.914213 1.19421 -5.19492</i>
                <i>1 0 0 0 1 0 0 0 1 0.914213 1.19421 -5.19492</i>
                <i>1 0 0 0 1 0 0 0 1 0.914213 1.19421 -5.19492</i>
                <i>1 0 0 0 1 0 0 0 1 0.914213 1.19421 -5.19492</i>
                <i>1 0 0 0 1 0 0 0 1 0.914213 1.19421 -5.19492</i>
                <i>1 0 0 0 1 0 0 0 1 0.914213 1.19421 -5.19492</i>
                <i>1 0 0 0 1 0 0 0 1 0.914213 1.19421 -5.19492</i>
                <i>1 0 0 0 1 0 0 0 1 0.914213 1.19421 -5.19492</i>
                <i>1 0 0 0 1 0 0 0 1 0.914213 1.19421 -5.19492</i>
                <i>1 0 0 0 1 0 0 0 1 0.914213 1.19421 -5.19492</i>
                <i>1 0 0 0 1 0 0 0 1 0.914213 1.19421 -5.19492</i>
                <i>1 0 0 0 1 0 0 0 1 0.914213 1.19421 -5.19492</i>
                <i>1 0 0 0 1 0 0 0 1 0.914213 1.19421 -5.19492</i>
                <i>1 0 0 0 1 0 0 0 1 0.914213 1.19421 -5.19492</i>
                <i>1 0 0 0 1 0 0 0 1 0.914213 1.19421 -5.19492</i>
                <i>1 0 0 0 1 0 0 0 1 0.914213 1.19421 -5.19492</i>
                <i>1 0 0 0 1 0 0 0 1 0.914213 1.19421 -5.19492</i>
                <i>1 0 0 0 1 0 0 0 1 0.914213 1.19421 -5.19492</i>
                <i>1 0 0 0 1 0 0 0 1 0.914213 1.19421 -5.19492</i>
                <i>1 0 0 0 1 0 0 0 1 0.914213 1.19421 -5.19492</i>
                <i>1 0 0 0 1 0 0 0 1 0.914213 1.19421 -5.19492</i>
                <i>1 0 0 0 1 0 0 0 1 0.914213 1.19421 -5.19492</i>
                <i>1 0 0 0 1 0 0 0 1 0.914213 1.19421 -5.19492</i>
                <i>1 0 0 0 1 0 0 0 1 0.914213 1.19421 -5.19492</i>
                <i>1 0 0 0 1 0 0 0 1 0.914213 1.19421 -5.19492</i>
                <i>1 0 0 0 1 0 0 0 1 0.914213 1.19421 -5.19492</i>
                <i>1 0 0 0 1 0 0 0 1 0.914213 1.19421 -5.19492</i>
                <i>1 0 0 0 1 0 0 0 1 0.914213 1.19421 -5.19492</i>
                <i>1 0 0 0 1 0 0 0 1 0.914213 1.19421 -5.19492</i>
                <i>1 0 0 0 1 0 0 0 1 0.914213 1.19421 -5.19492</i>
                <i>1 0 0 0 1 0 0 0 1 0.914213 1.19421 -5.19492</i>
                <i>1 0 0 0 1 0 0 0 1 0.914213 1.19421 -5.19492</i>
                <i>1 0 0 0 1 0 0 0 1 0.914213 1.19421 -5.19492</i>
                <i>1 0 0 0 1 0 0 0 1 0.914213 1.19421 -5.19492</i>
                <i>1 0 0 0 1 0 0 0 1 0.914213 1.19421 -5.19492</i>
                <i>1 0 0 0 1 0 0 0 1 0.914213 1.19421 -5.19492</i>
                <i>1 0 0 0 1 0 0 0 1 0.914213 1.19421 -5.19492</i>
                <i>1 0 0 0 1 0 0 0 1 0.914213 1.19421 -5.19492</i>
                <i>1 0 0 0 1 0 0 0 1 0.914213 1.19421 -5.19492</i>
                <i>1 0 0 0 1 0 0 0 1 0.914213 1.19421 -5.19492</i>
                <i>1 0 0 0 1 0 0 0 1 0.914213 1.19421 -5.19492</i>
                <i>1 0 0 0 1 0 0 0 1 0.914213 1.19421 -5.19492</i>
                <i>1 0 0 0 1 0 0 0 1 0.914213 1.19421 -5.19492</i>
                <i>1 0 0 0 1 0 0 0 1 0.914213 1.19421 -5.19492</i>
                <i>1 0 0 0 1 0 0 0 1 0.914213 1.19421 -5.19492</i>
                <i>1 0 0 0 1 0 0 0 1 0.914213 1.19421 -5.19492</i>
                <i>1 0 0 0 1 0 0 0 1 0.914213 1.19421 -5.19492</i>
                <i>1 0 0 0 1 0 0 0 1 0.914213 1.19421 -5.19492</i>
                <i>1 0 0 0 1 0 0 0 1 0.914213 1.19421 -5.19492</i>
                <i>1 0 0 0 1 0 0 0 1 0.914213 1.19421 -5.19492</i>
                <i>1 0 0 0 1 0 0 0 1 0.914213 1.19421 -5.19492</i>
                <i>1 0 0 0 1 0 0 0 1 0.914213 1.19421 -5.19492</i>
                <i>1 0 0 0 1 0 0 0 1 0.914213 1.19421 -5.19492</i>
                <i>1 0 0 0 1 0 0 0 1 0.914213 1.19421 -5.19492</i>
                <i>1 0 0 0 1 0 0 0 1 0.914213 1.19421 -5.19492</i>
                <i>1 0 0 0 1 0 0 0 1 0.914213 1.19421 -5.19492</i>
                <i>1 0 0 0 1 0 0 0 1 0.914213 1.19421 -5.19492</i>
                <i>1 0 0 0 1 0 0 0 1 0.914213 1.19421 -5.19492</i>
            </KeyFrames>
        </RefFrame>
        <Bones count="23">
            <i>
                <p>
                    <Name><![CDATA[pelvis]]></Name>
                    <Exclude>0</Exclude>
                    <Additive>0</Additive>
                    <IKPriority>0</IKPriority>
                    <IKRotLimits>-1e+010 -1e+010 -1e+010 1e+010 1e+010 1e+010</IKRotLimits>
                    <IKRotLimitOrder>2</IKRotLimitOrder>
                    <KeyFrames count="120">
                        <i>1 0 0 0 1 0 0 0 1 0.980728 2.20019 -5.19492</i>
                        <i>1 0 0 0 1 0 0 0 1 0.983674 2.19861 -5.19492</i>
                        <i>1 0 0 0 1 0 0 0 1 0.987016 2.19618 -5.1949</i>
                        <i>1 0 0 0 1 0 0 0 1 0.990557 2.19332 -5.19488</i>
                        <i>1 0 0 0 1 0 0 0 1 0.994098 2.19046 -5.19485</i>
                        <i>1 0 0 0 1 0 0 0 1 0.99744 2.18803 -5.19483</i>
                        <i>1 0 0 0 1 0 0 0 1 1.00039 2.18645 -5.1948</i>
                        <i>1 0 0 0 1 0 0 0 1 1.00274 2.18616 -5.19478</i>
                        <i>1 0 0 0 1 0 0 0 1 1.00429 2.18757 -5.19476</i>
                        <i>1 0 0 0 1 0 0 0 1 1.00485 2.19112 -5.19476</i>
                        <i>1 0 0 0 1 0 0 0 1 1.00274 2.20018 -5.19477</i>
                        <i>1 0 0 0 1 0 0 0 1 0.997558 2.21561 -5.19482</i>
                        <i>1 0 0 0 1 0 0 0 1 0.991016 2.23409 -5.19487</i>
                        <i>1 0 0 0 1 0 0 0 1 0.984833 2.25228 -5.19491</i>
                        <i>1 0 0 0 1 0 0 0 1 0.980728 2.26687 -5.19492</i>
                        <i>1 0 0 0 1 0 0 0 1 0.978844 2.27932 -5.1943</i>
                        <i>1 0 0 0 1 0 0 0 1 0.978035 2.29184 -5.19281</i>
                        <i>1 0 0 0 1 0 0 0 1 0.978088 2.30223 -5.19103</i>
                        <i>1 0 0 0 1 0 0 0 1 0.978787 2.30832 -5.18954</i>
                        <i>1 0 0 0 1 0 0 0 1 0.97992 2.30791 -5.1889</i>
                        <i>1 0 0 0 1 0 0 0 1 0.981482 2.30145 -5.18908</i>
                        <i>1 0 0 0 1 0 0 0 1 0.983518 2.29152 -5.18956</i>
                        <i>1 0 0 0 1 0 0 0 1 0.985887 2.27905 -5.19027</i>
                        <i>1 0 0 0 1 0 0 0 1 0.988446 2.265 -5.19112</i>
                        <i>1 0 0 0 1 0 0 0 1 0.991056 2.25033 -5.19204</i>
                        <i>1 0 0 0 1 0 0 0 1 0.993573 2.23599 -5.19295</i>
                        <i>1 0 0 0 1 0 0 0 1 0.995857 2.22292 -5.19376</i>
                        <i>1 0 0 0 1 0 0 0 1 0.997766 2.21209 -5.19439</i>
                        <i>1 0 0 0 1 0 0 0 1 0.999159 2.20444 -5.19476</i>
                        <i>1 0 0 0 1 0 0 0 1 0.999894 2.20093 -5.19479</i>
                        <i>1 0 0 0 1 0 0 0 1 1.00023 2.19995 -5.19461</i>
                        <i>1 0 0 0 1 0 0 0 1 1.00052 2.19928 -5.19439</i>
                        <i>1 0 0 0 1 0 0 0 1 1.00076 2.19889 -5.19414</i>
                        <i>1 0 0 0 1 0 0 0 1 1.00096 2.19877 -5.19386</i>
                        <i>1 0 0 0 1 0 0 0 1 1.00112 2.1989 -5.19355</i>
                        <i>1 0 0 0 1 0 0 0 1 1.00124 2.19928 -5.19322</i>
                        <i>1 0 0 0 1 0 0 0 1 1.00133 2.19988 -5.19286</i>
                        <i>1 0 0 0 1 0 0 0 1 1.00138 2.20069 -5.19248</i>
                        <i>1 0 0 0 1 0 0 0 1 1.0014 2.2017 -5.19208</i>
                        <i>1 0 0 0 1 0 0 0 1 1.00138 2.20289 -5.19166</i>
                        <i>1 0 0 0 1 0 0 0 1 1.00135 2.20425 -5.19122</i>
                        <i>1 0 0 0 1 0 0 0 1 1.00128 2.20577 -5.19077</i>
                        <i>1 0 0 0 1 0 0 0 1 1.0012 2.20742 -5.19031</i>
                        <i>1 0 0 0 1 0 0 0 1 1.00109 2.2092 -5.18984</i>
                        <i>1 0 0 0 1 0 0 0 1 1.00096 2.21108 -5.18936</i>
                        <i>1 0 0 0 1 0 0 0 1 1.00082 2.21307 -5.18887</i>
                        <i>1 0 0 0 1 0 0 0 1 1.00066 2.21513 -5.18838</i>
                        <i>1 0 0 0 1 0 0 0 1 1.00049 2.21726 -5.18789</i>
                        <i>1 0 0 0 1 0 0 0 1 1.0003 2.21944 -5.1874</i>
                        <i>1 0 0 0 1 0 0 0 1 1.00011 2.22166 -5.18691</i>
                        <i>1 0 0 0 1 0 0 0 1 0.999917 2.2239 -5.18642</i>
                        <i>1 0 0 0 1 0 0 0 1 0.999716 2.22615 -5.18594</i>
                        <i>1 0 0 0 1 0 0 0 1 0.999514 2.2284 -5.18547</i>
                        <i>1 0 0 0 1 0 0 0 1 0.999311 2.23062 -5.18501</i>
                        <i>1 0 0 0 1 0 0 0 1 0.999111 2.23281 -5.18456</i>
                        <i>1 0 0 0 1 0 0 0 1 0.998916 2.23495 -5.18413</i>
                        <i>1 0 0 0 1 0 0 0 1 0.998727 2.23702 -5.18371</i>
                        <i>1 0 0 0 1 0 0 0 1 0.998546 2.23901 -5.18331</i>
                        <i>1 0 0 0 1 0 0 0 1 0.998377 2.24092 -5.18293</i>
                        <i>1 0 0 0 1 0 0 0 1 0.998221 2.24271 -5.18257</i>
                        <i>1 0 0 0 1 0 0 0 1 0.99808 2.24438 -5.18223</i>
                        <i>1 0 0 0 1 0 0 0 1 0.997957 2.24591 -5.18193</i>
                        <i>1 0 0 0 1 0 0 0 1 0.997853 2.24729 -5.18165</i>
                        <i>1 0 0 0 1 0 0 0 1 0.99777 2.24851 -5.1814</i>
                        <i>1 0 0 0 1 0 0 0 1 0.997711 2.24954 -5.18119</i>
                        <i>1 0 0 0 1 0 0 0 1 0.997679 2.25038 -5.181</i>
                        <i>1 0 0 0 1 0 0 0 1 0.997674 2.25101 -5.18086</i>
                        <i>1 0 0 0 1 0 0 0 1 0.997699 2.25142 -5.18075</i>
                        <i>1 0 0 0 1 0 0 0 1 0.997757 2.25159 -5.18069</i>
                        <i>1 0 0 0 1 0 0 0 1 0.997849 2.2515 -5.18067</i>
                        <i>1 0 0 0 1 0 0 0 1 0.998922 2.24484 -5.18213</i>
                        <i>1 0 0 0 1 0 0 0 1 1.00122 2.22935 -5.18563</i>
                        <i>1 0 0 0 1 0 0 0 1 1.00367 2.21116 -5.1898</i>
                        <i>1 0 0 0 1 0 0 0 1 1.00524 2.19638 -5.19329</i>
                        <i>1 0 0 0 1 0 0 0 1 1.00485 2.19112 -5.19476</i>
                        <i>1 0 0 0 1 0 0 0 1 1.00165 2.19812 -5.19477</i>
                        <i>1 0 0 0 1 0 0 0 1 0.996325 2.21329 -5.19482</i>
                        <i>1 0 0 0 1 0 0 0 1 0.990194 2.23254 -5.19487</i>
                        <i>1 0 0 0 1 0 0 0 1 0.984559 2.25177 -5.19491</i>
                        <i>1 0 0 0 1 0 0 0 1 0.980728 2.26687 -5.19492</i>
                        <i>1 0 0 0 1 0 0 0 1 0.978883 2.27888 -5.19434</i>
                        <i>1 0 0 0 1 0 0 0 1 0.978153 2.29052 -5.19294</i>
                        <i>1 0 0 0 1 0 0 0 1 0.978264 2.30026 -5.19123</i>
                        <i>1 0 0 0 1 0 0 0 1 0.978944 2.30657 -5.18972</i>
                        <i>1 0 0 0 1 0 0 0 1 0.97992 2.30791 -5.1889</i>
                        <i>1 0 0 0 1 0 0 0 1 0.981688 2.301 -5.18944</i>
                        <i>1 0 0 0 1 0 0 0 1 0.984432 2.28688 -5.19098</i>
                        <i>1 0 0 0 1 0 0 0 1 0.987405 2.27045 -5.19256</i>
                        <i>1 0 0 0 1 0 0 0 1 0.989861 2.25663 -5.19324</i>
                        <i>1 0 0 0 1 0 0 0 1 0.991056 2.25033 -5.19204</i>
                        <i>1 0 0 0 1 0 0 0 1 0.99129 2.25016 -5.18924</i>
                        <i>1 0 0 0 1 0 0 0 1 0.991374 2.2513 -5.18582</i>
                        <i>1 0 0 0 1 0 0 0 1 0.991323 2.25354 -5.18189</i>
                        <i>1 0 0 0 1 0 0 0 1 0.991155 2.25667 -5.17758</i>
                        <i>1 0 0 0 1 0 0 0 1 0.990885 2.26048 -5.17301</i>
                        <i>1 0 0 0 1 0 0 0 1 0.99053 2.26477 -5.1683</i>
                        <i>1 0 0 0 1 0 0 0 1 0.990106 2.26932 -5.16358</i>
                        <i>1 0 0 0 1 0 0 0 1 0.989631 2.27391 -5.15897</i>
                        <i>1 0 0 0 1 0 0 0 1 0.98912 2.27836 -5.15459</i>
                        <i>1 0 0 0 1 0 0 0 1 0.988589 2.28244 -5.15056</i>
                        <i>1 0 0 0 1 0 0 0 1 0.988056 2.28594 -5.14701</i>
                        <i>1 0 0 0 1 0 0 0 1 0.987535 2.28865 -5.14405</i>
                        <i>1 0 0 0 1 0 0 0 1 0.987045 2.29038 -5.14182</i>
                        <i>1 0 0 0 1 0 0 0 1 0.986602 2.29089 -5.14043</i>
                        <i>1 0 0 0 1 0 0 0 1 0.98622 2.29 -5.14</i>
                        <i>1 0 0 0 1 0 0 0 1 0.985873 2.28777 -5.14056</i>
                        <i>1 0 0 0 1 0 0 0 1 0.985521 2.28451 -5.14197</i>
                        <i>1 0 0 0 1 0 0 0 1 0.985164 2.28032 -5.14414</i>
                        <i>1 0 0 0 1 0 0 0 1 0.984803 2.27533 -5.14698</i>
                        <i>1 0 0 0 1 0 0 0 1 0.984438 2.26965 -5.15038</i>
                        <i>1 0 0 0 1 0 0 0 1 0.984071 2.2634 -5.15427</i>
                        <i>1 0 0 0 1 0 0 0 1 0.983701 2.25668 -5.15853</i>
                        <i>1 0 0 0 1 0 0 0 1 0.98333 2.24962 -5.16308</i>
                        <i>1 0 0 0 1 0 0 0 1 0.982957 2.24233 -5.16782</i>
                        <i>1 0 0 0 1 0 0 0 1 0.982583 2.23492 -5.17265</i>
                        <i>1 0 0 0 1 0 0 0 1 0.98221 2.22752 -5.17749</i>
                        <i>1 0 0 0 1 0 0 0 1 0.981837 2.22022 -5.18223</i>
                        <i>1 0 0 0 1 0 0 0 1 0.981466 2.21316 -5.18678</i>
                        <i>1 0 0 0 1 0 0 0 1 0.981096 2.20645 -5.19104</i>
                        <i>1 0 0 0 1 0 0 0 1 0.980728 2.20019 -5.19492</i>
                    </KeyFrames>
                </p>
            </i>
            <i>
                <p>
                    <Name><![CDATA[spine0]]></Name>
                    <Exclude>0</Exclude>
                    <Additive>0</Additive>
                    <IKPriority>0</IKPriority>
                    <IKRotLimits>-1e+010 -1e+010 -1e+010 1e+010 1e+010 1e+010</IKRotLimits>
                    <IKRotLimitOrder>0</IKRotLimitOrder>
                    <KeyFrames count="120">
                        <i>-0.0222312 0.992662 0.11886 -0.999732 -0.0213048 -0.0090594 -0.00646063 -0.11903 0.99287 0.960031 2.3272 -5.25923</i>
                        <i>-0.0224952 0.993458 0.111964 -0.999726 -0.0216206 -0.00902005 -0.00654032 -0.112136 0.993671 0.962976 2.32563 -5.25923</i>
                        <i>-0.0227976 0.994311 0.104052 -0.999718 -0.0219824 -0.00897496 -0.00663659 -0.104227 0.994531 0.966319 2.32319 -5.25921</i>
                        <i>-0.023118 0.995146 0.095656 -0.99971 -0.0223659 -0.00892718 -0.00674442 -0.0958346 0.995374 0.96986 2.32033 -5.25919</i>
                        <i>-0.0234361 0.995906 0.0873001 -0.999702 -0.022747 -0.00887969 -0.00685752 -0.0874822 0.996143 0.973401 2.31747 -5.25916</i>
                        <i>-0.0237324 0.996553 0.0794976 -0.999694 -0.0231024 -0.0088354 -0.00696835 -0.079683 0.996796 0.976743 2.31504 -5.25913</i>
                        <i>-0.023988 0.997061 0.072753 -0.999687 -0.0234093 -0.00879716 -0.00706821 -0.0729413 0.997311 0.979689 2.31346 -5.25911</i>
                        <i>-0.0241842 0.997422 0.0675647 -0.999682 -0.0236451 -0.00876777 -0.00714759 -0.0677552 0.997676 0.982038 2.31317 -5.25909</i>
                        <i>-0.0243027 0.997626 0.0644282 -0.999679 -0.0237876 -0.00875002 -0.00719666 -0.0646201 0.997884 0.983593 2.31458 -5.25907</i>
                        <i>-0.0243248 0.997664 0.0638418 -0.999678 -0.0238142 -0.0087467 -0.00720593 -0.064034 0.997922 0.984156 2.31814 -5.25906</i>
                        <i>-0.0198984 0.997302 0.0706526 -0.999028 -0.0170529 -0.040651 -0.0393365 -0.0713928 0.996672 0.985299 2.3274 -5.25964</i>
                        <i>-0.0114943 0.996304 0.0851258 -0.993198 -0.00151076 -0.116427 -0.115868 -0.085885 0.989545 0.987951 2.34312 -5.26073</i>
                        <i>-0.00537534 0.994908 0.10064 -0.978471 0.015531 -0.205798 -0.206313 -0.0995797 0.973406 0.990867 2.36158 -5.26151</i>
                        <i>-0.0035215 0.993728 0.111766 -0.959811 0.028006 -0.279247 -0.280625 -0.108258 0.953693 0.99265 2.37944 -5.26173</i>
                        <i>-0.00361586 0.993265 0.115805 -0.950326 0.0326302 -0.309542 -0.311237 -0.111172 0.943807 0.991887 2.3938 -5.26171</i>
                        <i>-0.00630905 0.992608 0.121197 -0.951273 0.0314072 -0.306745 -0.308284 -0.117227 0.944044 0.988878 2.40799 -5.25786</i>
                        <i>-0.0130037 0.990752 0.135062 -0.953398 0.0284342 -0.300372 -0.301435 -0.132674 0.944211 0.985359 2.42427 -5.24851</i>
                        <i>-0.0214204 0.98794 0.153347 -0.955708 0.0247996 -0.29327 -0.293536 -0.152837 0.943651 0.982141 2.43847 -5.23706</i>
                        <i>-0.0287493 0.985033 0.169949 -0.957474 0.0216927 -0.287702 -0.287083 -0.170993 0.94252 0.980081 2.44714 -5.22726</i>
                        <i>-0.0319284 0.983644 0.177269 -0.958173 0.0203439 -0.285466 -0.284403 -0.178968 0.941852 0.980054 2.44765 -5.2231</i>
                        <i>-0.0308802 0.983924 0.175898 -0.960498 0.019483 -0.277605 -0.27657 -0.177522 0.944455 0.981255 2.44099 -5.2241</i>
                        <i>-0.0280866 0.984743 0.171735 -0.966456 0.0171256 -0.25626 -0.255291 -0.173172 0.95123 0.982247 2.43046 -5.22683</i>
                        <i>-0.024567 0.985991 0.16498 -0.974308 0.0133423 -0.224823 -0.223874 -0.166265 0.960331 0.982898 2.41703 -5.23087</i>
                        <i>-0.0213513 0.987532 0.155964 -0.982377 0.00825026 -0.186726 -0.185685 -0.157202 0.969953 0.983085 2.40165 -5.23578</i>
                        <i>-0.01923 0.989197 0.145328 -0.989366 0.00213275 -0.145431 -0.14417 -0.146579 0.978637 0.982763 2.38532 -5.2411</i>
                        <i>-0.0185709 0.990804 0.134026 -0.994527 -0.00452048 -0.104386 -0.10282 -0.135231 0.985465 0.981995 2.36905 -5.24639</i>
                        <i>-0.0192486 0.992196 0.123196 -0.997694 -0.0110397 -0.0669719 -0.0650892 -0.124201 0.99012 0.980959 2.35398 -5.25119</i>
                        <i>-0.020707 0.993265 0.114001 -0.999196 -0.0166439 -0.0364782 -0.0343351 -0.114664 0.992811 0.979929 2.34127 -5.25513</i>
                        <i>-0.0221349 0.993957 0.107518 -0.99966 -0.0205204 -0.0160999 -0.0137963 -0.107837 0.994073 0.979232 2.33217 -5.25787</i>
                        <i>-0.0227122 0.994243 0.104712 -0.99972 -0.0218908 -0.00898637 -0.00664241 -0.104887 0.994462 0.979197 2.32794 -5.2591</i>
                        <i>-0.0225121 0.994196 0.105204 -0.999722 -0.0216518 -0.00931244 -0.00698053 -0.105384 0.994407 0.979622 2.32681 -5.25926</i>
                        <i>-0.022078 0.993945 0.107637 -0.999733 -0.0212133 -0.00917206 -0.0068332 -0.10781 0.994148 0.9801 2.32616 -5.25906</i>
                        <i>-0.0214572 0.993538 0.111451 -0.99975 -0.0206247 -0.00861754 -0.00626322 -0.111608 0.993733 0.980622 2.32596 -5.25852</i>
                        <i>-0.0206951 0.993023 0.116091 -0.999772 -0.0199343 -0.00771017 -0.00534218 -0.116224 0.993209 0.981182 2.32617 -5.25768</i>
                        <i>-0.019835 0.992455 0.120998 -0.999795 -0.0191872 -0.00651702 -0.00414623 -0.121103 0.992631 0.981772 2.32676 -5.25659</i>
                        <i>-0.018919 0.991899 0.125615 -0.999817 -0.0184231 -0.00510794 -0.00275233 -0.125689 0.992066 0.982384 2.32769 -5.25527</i>
                        <i>-0.0179879 0.991431 0.129385 -0.999837 -0.0176768 -0.00355254 -0.001235 -0.129427 0.991588 0.983013 2.32892 -5.25375</i>
                        <i>-0.0170828 0.991136 0.131751 -0.999854 -0.0169782 -0.00191755 0.000336346 -0.131765 0.991281 0.98365 2.33042 -5.25208</i>
                        <i>-0.0162044 0.991 0.132879 -0.999867 -0.0163135 -0.000267579 0.00190256 -0.132866 0.991132 0.984288 2.33214 -5.25029</i>
                        <i>-0.0153318 0.990953 0.133331 -0.999877 -0.0156503 0.00134047 0.003415 -0.133294 0.991071 0.984916 2.33406 -5.24841</i>
                        <i>-0.0144761 0.99099 0.133151 -0.999884 -0.0149907 0.00286256 0.00483279 -0.133094 0.991092 0.985524 2.33613 -5.24648</i>
                        <i>-0.0136501 0.991105 0.132381 -0.999888 -0.0143407 0.00426473 0.00612523 -0.132308 0.99119 0.986103 2.33834 -5.24454</i>
                        <i>-0.0128683 0.991291 0.131056 -0.999891 -0.0137101 0.00552269 0.00727138 -0.13097 0.99136 0.98664 2.34064 -5.24263</i>
                        <i>-0.0121468 0.991543 0.129207 -0.999892 -0.0131119 0.00662094 0.00825909 -0.129112 0.991596 0.987123 2.34301 -5.24078</i>
                        <i>-0.0115035 0.991854 0.126857 -0.999893 -0.0125625 0.00755144 0.00908358 -0.126757 0.991892 0.987538 2.34543 -5.23903</i>
                        <i>-0.0109552 0.992205 0.124131 -0.999892 -0.01208 0.00831186 0.00974657 -0.124026 0.992231 0.987873 2.34787 -5.23742</i>
                        <i>-0.0105198 0.992574 0.121189 -0.999892 -0.0116844 0.00890347 0.0102534 -0.121083 0.992589 0.988113 2.3503 -5.236</i>
                        <i>-0.0102172 0.992948 0.118109 -0.999892 -0.0113982 0.00932857 0.010609 -0.118001 0.992957 0.988246 2.35271 -5.23479</i>
                        <i>-0.0100674 0.993319 0.114965 -0.999891 -0.0112437 0.00958758 0.0108161 -0.114856 0.993323 0.988257 2.35507 -5.23384</i>
                        <i>-0.0100898 0.993676 0.11183 -0.99989 -0.0112418 0.00967574 0.0108717 -0.11172 0.99368 0.988135 2.35735 -5.23319</i>
                        <i>-0.0102956 0.994006 0.108838 -0.999889 -0.0114077 0.00960026 0.0107843 -0.108727 0.994013 0.98787 2.35954 -5.23284</i>
                        <i>-0.0106638 0.994289 0.10619 -0.999887 -0.0117258 0.0093815 0.0105731 -0.106078 0.994302 0.987474 2.36164 -5.23274</i>
                        <i>-0.0111823 0.994538 0.103778 -0.999885 -0.012184 0.00902285 0.010238 -0.103665 0.99456 0.986964 2.36364 -5.23287</i>
                        <i>-0.011844 0.994776 0.101388 -0.999882 -0.0127735 0.0085232 0.00977376 -0.101275 0.99481 0.986359 2.36555 -5.23321</i>
                        <i>-0.012625 0.995003 0.0990397 -0.999878 -0.0134711 0.00787974 0.00917454 -0.0989282 0.995052 0.985675 2.36734 -5.23372</i>
                        <i>-0.0135008 0.995217 0.0967532 -0.999873 -0.0142533 0.00709005 0.00843519 -0.0966452 0.995283 0.98493 2.36902 -5.23437</i>
                        <i>-0.0144475 0.995415 0.0945489 -0.999867 -0.0150966 0.00615413 0.00755329 -0.0944475 0.995501 0.984142 2.37057 -5.23515</i>
                        <i>-0.015441 0.995598 0.0924465 -0.999859 -0.0159784 0.00507597 0.00653077 -0.0923551 0.995705 0.983329 2.372 -5.23603</i>
                        <i>-0.0164583 0.995764 0.0904641 -0.99985 -0.0168769 0.00386491 0.00537529 -0.0903869 0.995892 0.982508 2.37329 -5.23698</i>
                        <i>-0.0174771 0.995912 0.0886181 -0.999839 -0.0177717 0.0025367 0.00410123 -0.0885594 0.996062 0.981694 2.37444 -5.23797</i>
                        <i>-0.0184765 0.996044 0.0869223 -0.999826 -0.0186439 0.00111418 0.00273035 -0.0868865 0.996214 0.980904 2.37545 -5.23898</i>
                        <i>-0.0194369 0.996158 0.0853881 -0.99981 -0.0194762 -0.000372328 0.00129214 -0.0853791 0.996348 0.980153 2.37633 -5.23999</i>
                        <i>-0.02034 0.996256 0.0840243 -0.999793 -0.0202532 -0.00188502 -0.000176198 -0.0840452 0.996462 0.979455 2.37706 -5.24097</i>
                        <i>-0.0211691 0.996338 0.082837 -0.999775 -0.0209611 -0.00337894 -0.00163021 -0.0828898 0.996557 0.978823 2.37765 -5.24189</i>
                        <i>-0.0219086 0.996405 0.0818299 -0.999755 -0.0215879 -0.00480279 -0.00301899 -0.0819151 0.996635 0.978272 2.37811 -5.24273</i>
                        <i>-0.0225443 0.996459 0.0810049 -0.999737 -0.0221226 -0.00610017 -0.00428653 -0.0811211 0.996695 0.977814 2.37844 -5.24348</i>
                        <i>-0.0230625 0.996499 0.0803624 -0.99972 -0.0225555 -0.00721134 -0.00537348 -0.0805062 0.99674 0.977461 2.37864 -5.2441</i>
                        <i>-0.0234499 0.996527 0.0799024 -0.999706 -0.0228772 -0.00807539 -0.0062194 -0.0800682 0.99677 0.977224 2.37872 -5.24457</i>
                        <i>-0.023693 0.996543 0.0796249 -0.999696 -0.0230782 -0.00863303 -0.00676559 -0.0798053 0.996787 0.977117 2.37867 -5.24487</i>
                        <i>-0.0237775 0.996549 0.0795317 -0.999693 -0.0231478 -0.00882975 -0.00695829 -0.0797172 0.996793 0.977152 2.37851 -5.24497</i>
                        <i>-0.0236194 0.996221 0.0835769 -0.999697 -0.022959 -0.00885327 -0.00690097 -0.0837607 0.996462 0.978225 2.37185 -5.24644</i>
                        <i>-0.0232397 0.99537 0.093265 -0.999707 -0.0225062 -0.0089097 -0.00676942 -0.0934447 0.995601 0.980519 2.35637 -5.24993</i>
                        <i>-0.0227819 0.994221 0.104906 -0.999719 -0.0219606 -0.00897768 -0.006622 -0.105081 0.994442 0.982976 2.33818 -5.2541</i>
                        <i>-0.0223946 0.993145 0.114725 -0.999728 -0.0214993 -0.00903515 -0.00650671 -0.114896 0.993356 0.984541 2.3234 -5.2576</i>
                        <i>-0.0222312 0.992662 0.11886 -0.999732 -0.0213048 -0.0090594 -0.00646063 -0.11903 0.99287 0.984156 2.31814 -5.25906</i>
                        <i>-0.0192611 0.992464 0.121015 -0.999147 -0.0146852 -0.0385916 -0.0365237 -0.121655 0.9919 0.984782 2.32617 -5.25813</i>
                        <i>-0.0124843 0.991938 0.126107 -0.993991 0.00140495 -0.109453 -0.108748 -0.126716 0.98596 0.988351 2.3436 -5.25525</i>
                        <i>-0.00536475 0.9912 0.132263 -0.980699 0.0206366 -0.194432 -0.195451 -0.130753 0.971958 0.992201 2.36517 -5.25054</i>
                        <i>-0.000869989 0.990403 0.138209 -0.963471 0.0361836 -0.265357 -0.267811 -0.133391 0.954193 0.994063 2.38627 -5.24504</i>
                        <i>-0.000339483 0.989641 0.143566 -0.954804 0.0423522 -0.294203 -0.297236 -0.137177 0.944899 0.992489 2.40282 -5.24047</i>
                        <i>-0.00283817 0.98838 0.151976 -0.955689 0.0420559 -0.291359 -0.294365 -0.146069 0.944464 0.989681 2.41634 -5.23538</i>
                        <i>-0.00650811 0.986336 0.164619 -0.956934 0.0416368 -0.287303 -0.290232 -0.1594 0.943587 0.988344 2.42956 -5.22843</i>
                        <i>-0.0102201 0.984059 0.17755 -0.958018 0.0412421 -0.283727 -0.286527 -0.172995 0.942324 0.988273 2.44051 -5.22166</i>
                        <i>-0.0127963 0.982367 0.186525 -0.958686 0.040962 -0.281502 -0.284179 -0.182421 0.941257 0.989207 2.44742 -5.21714</i>
                        <i>-0.0130231 0.982218 0.187291 -0.958843 0.0408645 -0.28098 -0.283637 -0.183242 0.941261 0.990848 2.44858 -5.21695</i>
                        <i>-0.0100024 0.98416 0.177 -0.962248 0.0386739 -0.269413 -0.271991 -0.173013 0.946619 0.993204 2.44016 -5.22406</i>
                        <i>-0.00581917 0.987146 0.159712 -0.96985 0.0333415 -0.241413 -0.243635 -0.156302 0.95719 0.995611 2.42273 -5.23698</i>
                        <i>-0.00290966 0.989883 0.141853 -0.97774 0.026945 -0.208084 -0.209801 -0.139301 0.96777 0.997073 2.40153 -5.25104</i>
                        <i>-0.00140299 0.991685 0.12868 -0.983588 0.0218484 -0.179101 -0.180423 -0.126819 0.975379 0.99744 2.38289 -5.26177</i>
                        <i>0.00028875 0.992366 0.123329 -0.986505 0.0204752 -0.162444 -0.163729 -0.121618 0.97898 0.997277 2.37406 -5.26518</i>
                        <i>0.00274415 0.992508 0.122146 -0.987781 0.0217234 -0.154324 -0.155821 -0.12023 0.980441 0.996986 2.37361 -5.26289</i>
                        <i>0.00523656 0.992779 0.119846 -0.989009 0.0228512 -0.146081 -0.147764 -0.117764 0.981986 0.996494 2.37493 -5.25921</i>
                        <i>0.00764178 0.993164 0.116475 -0.990181 0.0237744 -0.137756 -0.139584 -0.114278 0.983594 0.995838 2.37772 -5.25438</i>
                        <i>0.00985498 0.993645 0.112128 -0.991289 0.0244354 -0.129415 -0.131332 -0.109875 0.985231 0.995051 2.38172 -5.24861</i>
                        <i>0.0117921 0.994195 0.106942 -0.992326 0.0248 -0.121135 -0.123084 -0.104693 0.986858 0.99416 2.38662 -5.24211</i>
                        <i>0.0133903 0.994788 0.101081 -0.993284 0.024852 -0.112999 -0.114922 -0.0988892 0.98844 0.993188 2.39215 -5.23511</i>
                        <i>0.0146076 0.995398 0.0947104 -0.994159 0.0245879 -0.105083 -0.106928 -0.0926222 0.989943 0.992155 2.39802 -5.22783</i>
                        <i>0.0154203 0.996003 0.0879812 -0.99495 0.0240125 -0.0974539 -0.099177 -0.0860341 0.991344 0.991077 2.40395 -5.22049</i>
                        <i>0.0157285 0.996523 0.0818251 -0.995659 0.0231181 -0.0901623 -0.0917404 -0.0800517 0.99256 0.989964 2.40968 -5.21332</i>
                        <i>0.0154328 0.99688 0.077408 -0.996289 0.0218877 -0.0832452 -0.0846798 -0.075836 0.993518 0.988827 2.41495 -5.20657</i>
                        <i>0.0146212 0.99711 0.0745473 -0.996844 0.0203539 -0.0767298 -0.0780254 -0.0731901 0.994261 0.987671 2.4195 -5.20046</i>
                        <i>0.0134025 0.997261 0.0727331 -0.99733 0.0185548 -0.0706316 -0.0717877 -0.0715922 0.994847 0.9865 2.4231 -5.19524</i>
                        <i>0.0118013 0.997341 0.0719202 -0.997752 0.0164906 -0.0649598 -0.0659731 -0.0709919 0.995293 0.985317 2.42551 -5.19115</i>
                        <i>0.00983913 0.997352 0.0720598 -0.998114 0.014162 -0.0597269 -0.0605892 -0.0713363 0.99561 0.984122 2.42649 -5.18843</i>
                        <i>0.00753651 0.997295 0.073115 -0.998422 0.0115741 -0.0549575 -0.0556551 -0.0725854 0.995808 0.982917 2.42581 -5.18733</i>
                        <i>0.00494984 0.99717 0.0750179 -0.998686 0.00875572 -0.0504893 -0.0510032 -0.0746694 0.995903 0.98165 2.4236 -5.18777</i>
                        <i>0.00217375 0.996979 0.0776395 -0.998918 0.00577144 -0.0461442 -0.0464529 -0.0774552 0.995913 0.980279 2.42022 -5.18942</i>
                        <i>-0.000715446 0.996724 0.0808759 -0.999116 0.00268626 -0.0419442 -0.042024 -0.0808344 0.995841 0.978816 2.41579 -5.19216</i>
                        <i>-0.00364449 0.996406 0.0846302 -0.999281 -0.000434593 -0.037916 -0.0377429 -0.0847075 0.995691 0.977277 2.41044 -5.19583</i>
                        <i>-0.00654299 0.996027 0.0888099 -0.999413 -0.00352581 -0.034088 -0.0336395 -0.0889807 0.995465 0.975678 2.40429 -5.20031</i>
                        <i>-0.00934367 0.995592 0.0933248 -0.999514 -0.00652268 -0.0304871 -0.029744 -0.0935643 0.995169 0.974035 2.39747 -5.20545</i>
                        <i>-0.0119827 0.995106 0.0980851 -0.999588 -0.00936192 -0.0271361 -0.026085 -0.0983699 0.994808 0.972365 2.39011 -5.21112</i>
                        <i>-0.0144004 0.994577 0.102999 -0.999639 -0.0119829 -0.0240517 -0.0226871 -0.103308 0.994391 0.970685 2.38232 -5.21718</i>
                        <i>-0.0165419 0.994032 0.107824 -0.999672 -0.0143316 -0.0212422 -0.0195702 -0.10814 0.993943 0.969012 2.37424 -5.2235</i>
                        <i>-0.0183633 0.993501 0.112329 -0.999691 -0.0163628 -0.0187053 -0.0167457 -0.112638 0.993495 0.967364 2.36601 -5.22994</i>
                        <i>-0.0198496 0.993149 0.115161 -0.999702 -0.0180762 -0.0164236 -0.0142294 -0.115452 0.993211 0.965755 2.35774 -5.23636</i>
                        <i>-0.0210242 0.993037 0.11591 -0.999707 -0.0194889 -0.0143636 -0.0120047 -0.116178 0.993156 0.964203 2.34959 -5.24264</i>
                        <i>-0.02187 0.99302 0.115902 -0.999711 -0.0205604 -0.0124831 -0.010013 -0.116142 0.993182 0.962722 2.34169 -5.24863</i>
                        <i>-0.0223152 0.992945 0.116453 -0.999717 -0.0212087 -0.0107325 -0.00818702 -0.116659 0.993138 0.961326 2.33418 -5.2542</i>
                        <i>-0.0222312 0.992662 0.11886 -0.999732 -0.0213048 -0.0090594 -0.00646063 -0.11903 0.99287 0.960031 2.3272 -5.25923</i>
                    </KeyFrames>
                </p>
            </i>
            <i>
                <p>
                    <Name><![CDATA[spine1]]></Name>
                    <Exclude>0</Exclude>
                    <Additive>0</Additive>
                    <IKPriority>0</IKPriority>
                    <IKRotLimits>-1e+010 -1e+010 -1e+010 1e+010 1e+010 1e+010</IKRotLimits>
                    <IKRotLimitOrder>0</IKRotLimitOrder>
                    <KeyFrames count="120">
                        <i>0.111612 0.892977 0.436045 -0.993375 0.112339 0.0242094 -0.0273664 -0.435858 0.899599 0.955912 2.51116 -5.23729</i>
                        <i>0.111811 0.898941 0.42356 -0.99338 0.11242 0.0236366 -0.0263687 -0.423399 0.90556 0.958817 2.50937 -5.2386</i>
                        <i>0.112034 0.905612 0.409041 -0.993384 0.112514 0.0229769 -0.0252149 -0.408909 0.912227 0.962113 2.50668 -5.24009</i>
                        <i>0.112266 0.912484 0.393407 -0.993389 0.112616 0.0222736 -0.0239797 -0.393306 0.919095 0.965605 2.50353 -5.24166</i>
                        <i>0.11249 0.919105 0.377614 -0.993393 0.11272 0.0215703 -0.0227393 -0.377545 0.925712 0.969097 2.50037 -5.2432</i>
                        <i>0.112694 0.925083 0.362658 -0.993396 0.112819 0.0209105 -0.0215708 -0.36262 0.931688 0.972395 2.49764 -5.24464</i>
                        <i>0.112867 0.930088 0.349569 -0.993398 0.112906 0.0203375 -0.0205527 -0.349556 0.93669 0.975302 2.4958 -5.24587</i>
                        <i>0.112997 0.933831 0.339398 -0.993399 0.112974 0.019895 -0.0197644 -0.339405 0.940433 0.977623 2.4953 -5.24682</i>
                        <i>0.113074 0.936049 0.333206 -0.993399 0.113015 0.0196269 -0.0192858 -0.333226 0.94265 0.97916 2.49658 -5.24738</i>
                        <i>0.113088 0.93646 0.332045 -0.9934 0.113023 0.0195766 -0.0191961 -0.332068 0.94306 0.97972 2.50011 -5.24749</i>
                        <i>0.0949204 0.931705 0.350594 -0.992755 0.114661 -0.0359311 -0.0736765 -0.344643 0.935838 0.981668 2.50955 -5.2468</i>
                        <i>0.046819 0.921215 0.386228 -0.978618 0.119828 -0.167179 -0.200288 -0.370142 0.907127 0.985854 2.52567 -5.2452</i>
                        <i>-0.0180184 0.909231 0.415901 -0.939297 0.127154 -0.318674 -0.342632 -0.396396 0.851747 0.989894 2.54467 -5.24307</i>
                        <i>-0.0770692 0.899791 0.429461 -0.888804 0.13317 -0.438513 -0.451761 -0.415503 0.789474 0.992022 2.56307 -5.24116</i>
                        <i>-0.102762 0.89602 0.431958 -0.863235 0.135434 -0.486296 -0.494233 -0.422854 0.759558 0.991243 2.5777 -5.24035</i>
                        <i>-0.0984979 0.901527 0.421363 -0.864648 0.132077 -0.484705 -0.492627 -0.412073 0.766495 0.987742 2.59028 -5.23567</i>
                        <i>-0.0879552 0.914894 0.393996 -0.867701 0.123895 -0.4814 -0.489244 -0.384212 0.782957 0.983031 2.60292 -5.22421</i>
                        <i>-0.0747732 0.930908 0.357519 -0.870755 0.113779 -0.478373 -0.485999 -0.34708 0.802085 0.978364 2.61308 -5.20999</i>
                        <i>-0.0633416 0.943969 0.323898 -0.872808 0.104979 -0.476639 -0.483935 -0.312892 0.817255 0.975079 2.61868 -5.19768</i>
                        <i>-0.058492 0.949248 0.309041 -0.873516 0.101195 -0.476161 -0.483269 -0.297803 0.823264 0.974528 2.61798 -5.19241</i>
                        <i>-0.0545691 0.947719 0.314407 -0.880481 0.102835 -0.462794 -0.470931 -0.302083 0.828837 0.975905 2.61158 -5.19361</i>
                        <i>-0.0435079 0.943563 0.328323 -0.898354 0.106836 -0.426081 -0.437112 -0.313488 0.843006 0.977364 2.6018 -5.19696</i>
