<?xml version="1.0" encoding="ISO-8859-1" ?>
<Animl Version="1">
    <ModellingPackage><![CDATA[Maya.2010]]></ModellingPackage>
    <SrcFile><![CDATA[anims\turrets\antiair\red\~src\aa_s125_launcher\aa_s125_launcher_aim_high_crewman_a.mb]]></SrcFile>
    <FramesPerSecond>30</FramesPerSecond>
    <TotalFrames>30</TotalFrames>
    <Skeleton>
        <RefFrame>
            <Name><![CDATA[soldier_ref_frame]]></Name>
            <Exclude>0</Exclude>
            <Additive>0</Additive>
            <IKPriority>0</IKPriority>
            <IKRotLimits>-1e+010 -1e+010 -1e+010 1e+010 1e+010 1e+010</IKRotLimits>
            <IKRotLimitOrder>0</IKRotLimitOrder>
            <KeyFrames count="30">
                <i>1 0 0 0 1 0 0 0 1 5.28658 1.2503 -1.54734</i>
                <i>1 0 0 0 1 0 0 0 1 5.28658 1.2503 -1.54734</i>
                <i>1 0 0 0 1 0 0 0 1 5.28658 1.2503 -1.54734</i>
                <i>1 0 0 0 1 0 0 0 1 5.28658 1.2503 -1.54734</i>
                <i>1 0 0 0 1 0 0 0 1 5.28658 1.2503 -1.54734</i>
                <i>1 0 0 0 1 0 0 0 1 5.28658 1.2503 -1.54734</i>
                <i>1 0 0 0 1 0 0 0 1 5.28658 1.2503 -1.54734</i>
                <i>1 0 0 0 1 0 0 0 1 5.28658 1.2503 -1.54734</i>
                <i>1 0 0 0 1 0 0 0 1 5.28658 1.2503 -1.54734</i>
                <i>1 0 0 0 1 0 0 0 1 5.28658 1.2503 -1.54734</i>
                <i>1 0 0 0 1 0 0 0 1 5.28658 1.2503 -1.54734</i>
                <i>1 0 0 0 1 0 0 0 1 5.28658 1.2503 -1.54734</i>
                <i>1 0 0 0 1 0 0 0 1 5.28658 1.2503 -1.54734</i>
                <i>1 0 0 0 1 0 0 0 1 5.28658 1.2503 -1.54734</i>
                <i>1 0 0 0 1 0 0 0 1 5.28658 1.2503 -1.54734</i>
                <i>1 0 0 0 1 0 0 0 1 5.28658 1.2503 -1.54734</i>
                <i>1 0 0 0 1 0 0 0 1 5.28658 1.2503 -1.54734</i>
                <i>1 0 0 0 1 0 0 0 1 5.28658 1.2503 -1.54734</i>
                <i>1 0 0 0 1 0 0 0 1 5.28658 1.2503 -1.54734</i>
                <i>1 0 0 0 1 0 0 0 1 5.28658 1.2503 -1.54734</i>
                <i>1 0 0 0 1 0 0 0 1 5.28658 1.2503 -1.54734</i>
                <i>1 0 0 0 1 0 0 0 1 5.28658 1.2503 -1.54734</i>
                <i>1 0 0 0 1 0 0 0 1 5.28658 1.2503 -1.54734</i>
                <i>1 0 0 0 1 0 0 0 1 5.28658 1.2503 -1.54734</i>
                <i>1 0 0 0 1 0 0 0 1 5.28658 1.2503 -1.54734</i>
                <i>1 0 0 0 1 0 0 0 1 5.28658 1.2503 -1.54734</i>
                <i>1 0 0 0 1 0 0 0 1 5.28658 1.2503 -1.54734</i>
                <i>1 0 0 0 1 0 0 0 1 5.28658 1.2503 -1.54734</i>
                <i>1 0 0 0 1 0 0 0 1 5.28658 1.2503 -1.54734</i>
                <i>1 0 0 0 1 0 0 0 1 5.28658 1.2503 -1.54734</i>
            </KeyFrames>
        </RefFrame>
        <Bones count="23">
            <i>
                <p>
                    <Name><![CDATA[pelvis]]></Name>
                    <Exclude>0</Exclude>
                    <Additive>0</Additive>
                    <IKPriority>0</IKPriority>
                    <IKRotLimits>-1e+010 -1e+010 -1e+010 1e+010 1e+010 1e+010</IKRotLimits>
                    <IKRotLimitOrder>2</IKRotLimitOrder>
                    <KeyFrames count="30">
                        <i>1 0 0 0 1 0 0 0 1 5.1316 2.20326 -1.49763</i>
                        <i>1 0 0 0 1 0 0 0 1 5.1316 2.20298 -1.49763</i>
                        <i>1 0 0 0 1 0 0 0 1 5.1316 2.20221 -1.49763</i>
                        <i>1 0 0 0 1 0 0 0 1 5.1316 2.20103 -1.49763</i>
                        <i>1 0 0 0 1 0 0 0 1 5.1316 2.19955 -1.49763</i>
                        <i>1 0 0 0 1 0 0 0 1 5.1316 2.19784 -1.49763</i>
                        <i>1 0 0 0 1 0 0 0 1 5.1316 2.196 -1.49763</i>
                        <i>1 0 0 0 1 0 0 0 1 5.1316 2.19412 -1.49763</i>
                        <i>1 0 0 0 1 0 0 0 1 5.1316 2.19228 -1.49763</i>
                        <i>1 0 0 0 1 0 0 0 1 5.1316 2.19058 -1.49763</i>
                        <i>1 0 0 0 1 0 0 0 1 5.1316 2.1891 -1.49763</i>
                        <i>1 0 0 0 1 0 0 0 1 5.1316 2.18793 -1.49763</i>
                        <i>1 0 0 0 1 0 0 0 1 5.1316 2.18716 -1.49763</i>
                        <i>1 0 0 0 1 0 0 0 1 5.1316 2.18689 -1.49763</i>
                        <i>1 0 0 0 1 0 0 0 1 5.1316 2.18707 -1.49763</i>
                        <i>1 0 0 0 1 0 0 0 1 5.1316 2.18759 -1.49763</i>
                        <i>1 0 0 0 1 0 0 0 1 5.1316 2.1884 -1.49763</i>
                        <i>1 0 0 0 1 0 0 0 1 5.1316 2.18944 -1.49763</i>
                        <i>1 0 0 0 1 0 0 0 1 5.1316 2.19068 -1.49763</i>
                        <i>1 0 0 0 1 0 0 0 1 5.1316 2.19206 -1.49763</i>
                        <i>1 0 0 0 1 0 0 0 1 5.1316 2.19354 -1.49763</i>
                        <i>1 0 0 0 1 0 0 0 1 5.1316 2.19506 -1.49763</i>
                        <i>1 0 0 0 1 0 0 0 1 5.1316 2.19659 -1.49763</i>
                        <i>1 0 0 0 1 0 0 0 1 5.1316 2.19807 -1.49763</i>
                        <i>1 0 0 0 1 0 0 0 1 5.1316 2.19945 -1.49763</i>
                        <i>1 0 0 0 1 0 0 0 1 5.1316 2.20069 -1.49763</i>
                        <i>1 0 0 0 1 0 0 0 1 5.1316 2.20174 -1.49763</i>
                        <i>1 0 0 0 1 0 0 0 1 5.1316 2.20255 -1.49763</i>
                        <i>1 0 0 0 1 0 0 0 1 5.1316 2.20307 -1.49763</i>
                        <i>1 0 0 0 1 0 0 0 1 5.1316 2.20326 -1.49763</i>
                    </KeyFrames>
                </p>
            </i>
            <i>
                <p>
                    <Name><![CDATA[spine0]]></Name>
                    <Exclude>0</Exclude>
                    <Additive>0</Additive>
                    <IKPriority>0</IKPriority>
                    <IKRotLimits>-1e+010 -1e+010 -1e+010 1e+010 1e+010 1e+010</IKRotLimits>
                    <IKRotLimitOrder>0</IKRotLimitOrder>
                    <KeyFrames count="30">
                        <i>0.0205471 0.996604 -0.0797371 -0.136777 -0.0762021 -0.987667 -0.990389 0.0311999 0.134747 5.18139 2.33806 -1.50457</i>
                        <i>0.0229992 0.99638 -0.0818374 -0.136789 -0.0779529 -0.987528 -0.990333 0.0339068 0.134501 5.18139 2.33777 -1.50457</i>
                        <i>0.0257067 0.996129 -0.0840589 -0.136801 -0.0797902 -0.98738 -0.990265 0.0368817 0.134221 5.18139 2.337 -1.50457</i>
                        <i>0.0285273 0.995861 -0.0862951 -0.136813 -0.0816278 -0.987228 -0.990186 0.0399692 0.133918 5.18139 2.33583 -1.50457</i>
                        <i>0.0313189 0.995589 -0.0884408 -0.136824 -0.0833808 -0.98708 -0.9901 0.043015 0.133609 5.18139 2.33434 -1.50457</i>
                        <i>0.0339396 0.995328 -0.0903916 -0.136833 -0.0849643 -0.986944 -0.990013 0.045865 0.13331 5.18139 2.33264 -1.50457</i>
                        <i>0.0362469 0.995095 -0.0920427 -0.136841 -0.0862934 -0.986827 -0.98993 0.0483646 0.133042 5.18139 2.3308 -1.50457</i>
                        <i>0.0380969 0.99491 -0.0932882 -0.136846 -0.087282 -0.98674 -0.989859 0.0503578 0.132825 5.18139 2.32891 -1.50457</i>
                        <i>0.0393435 0.994793 -0.0940197 -0.136849 -0.0878415 -0.986689 -0.98981 0.0516864 0.132681 5.18139 2.32708 -1.50457</i>
                        <i>0.0399317 0.994752 -0.0942065 -0.13685 -0.0879486 -0.98668 -0.989787 0.052292 0.13262 5.18139 2.32537 -1.50457</i>
                        <i>0.0399196 0.99478 -0.0939149 -0.136848 -0.087661 -0.986706 -0.989787 0.052241 0.132635 5.18139 2.32389 -1.50457</i>
                        <i>0.0393301 0.994872 -0.0931799 -0.136845 -0.0870106 -0.986764 -0.989811 0.0515607 0.132721 5.18139 2.32272 -1.50457</i>
                        <i>0.0381873 0.995023 -0.0920377 -0.136839 -0.0860301 -0.98685 -0.989857 0.0502795 0.132873 5.18139 2.32196 -1.50457</i>
                        <i>0.0365178 0.995224 -0.0905268 -0.136832 -0.0847544 -0.986962 -0.989921 0.0484286 0.133084 5.18139 2.32168 -1.50457</i>
                        <i>0.0344278 0.99546 -0.0887326 -0.136823 -0.0832546 -0.987091 -0.989997 0.0461241 0.133336 5.18139 2.32187 -1.50457</i>
                        <i>0.0320834 0.995711 -0.086776 -0.136813 -0.0816284 -0.987228 -0.990077 0.0435458 0.133607 5.18139 2.32238 -1.50457</i>
                        <i>0.0296026 0.995962 -0.0847514 -0.136803 -0.0799538 -0.987366 -0.990156 0.0408229 0.133883 5.18139 2.32319 -1.50457</i>
                        <i>0.027104 0.996201 -0.0827546 -0.136792 -0.07831 -0.9875 -0.990229 0.0380853 0.13415 5.18139 2.32424 -1.50457</i>
                        <i>0.0247065 0.996417 -0.0808823 -0.136781 -0.0767768 -0.987621 -0.990293 0.0354639 0.134394 5.18139 2.32547 -1.50457</i>
                        <i>0.022529 0.996602 -0.0792316 -0.136772 -0.0754341 -0.987726 -0.990346 0.0330891 0.134608 5.18139 2.32685 -1.50457</i>
                        <i>0.020639 0.996751 -0.0778543 -0.136764 -0.0743242 -0.987812 -0.990389 0.0310351 0.134786 5.18139 2.32833 -1.50457</i>
                        <i>0.0190286 0.99687 -0.0767348 -0.136757 -0.0734322 -0.987879 -0.990422 0.029292 0.134932 5.18139 2.32986 -1.50457</i>
                        <i>0.0177348 0.996958 -0.0758968 -0.136752 -0.0727767 -0.987928 -0.990447 0.0278998 0.135046 5.18139 2.33138 -1.50457</i>
                        <i>0.0167942 0.997015 -0.0753632 -0.136749 -0.0723752 -0.987958 -0.990463 0.0268978 0.135126 5.18139 2.33286 -1.50457</i>
                        <i>0.0162425 0.997039 -0.0751563 -0.136748 -0.0722447 -0.987968 -0.990473 0.0263246 0.13517 5.18139 2.33424 -1.50457</i>
                        <i>0.0161154 0.997031 -0.0752971 -0.13675 -0.0724015 -0.987956 -0.990475 0.0262181 0.135177 5.18139 2.33548 -1.50457</i>
                        <i>0.0164478 0.996987 -0.0758063 -0.136753 -0.072861 -0.987922 -0.990469 0.0266159 0.135143 5.18139 2.33653 -1.50457</i>
                        <i>0.0172745 0.996904 -0.0767036 -0.136759 -0.0736382 -0.987864 -0.990454 0.0275547 0.135063 5.18139 2.33734 -1.50457</i>
                        <i>0.0186296 0.996779 -0.0780078 -0.136767 -0.0747473 -0.987779 -0.990428 0.0290708 0.134934 5.18139 2.33787 -1.50457</i>
                        <i>0.0205471 0.996604 -0.0797371 -0.136777 -0.0762021 -0.987667 -0.990389 0.0311999 0.134747 5.18139 2.33806 -1.50457</i>
                    </KeyFrames>
                </p>
            </i>
            <i>
                <p>
                    <Name><![CDATA[spine1]]></Name>
                    <Exclude>0</Exclude>
                    <Additive>0</Additive>
                    <IKPriority>0</IKPriority>
                    <IKRotLimits>-1e+010 -1e+010 -1e+010 1e+010 1e+010 1e+010</IKRotLimits>
                    <IKRotLimitOrder>0</IKRotLimitOrder>
                    <KeyFrames count="30">
                        <i>-0.0676073 0.996508 -0.0490078 -0.426478 -0.0732706 -0.901525 -0.901968 -0.0400489 0.429942 5.18494 2.50996 -1.51833</i>
                        <i>-0.0658194 0.99656 -0.0503567 -0.425757 -0.0736899 -0.901832 -0.90244 -0.0379183 0.429143 5.18536 2.50973 -1.5187</i>
                        <i>-0.0628892 0.996647 -0.0523429 -0.425081 -0.0742008 -0.902109 -0.902968 -0.0344829 0.428322 5.18583 2.509 -1.51909</i>
                        <i>-0.0590742 0.996748 -0.0548071 -0.424474 -0.0747737 -0.902348 -0.903511 -0.0300413 0.427511 5.18632 2.50787 -1.51948</i>
                        <i>-0.0546327 0.996844 -0.05759 -0.423963 -0.0753773 -0.902537 -0.90403 -0.024892 0.426743 5.18681 2.50641 -1.51986</i>
                        <i>-0.0498225 0.996922 -0.0605329 -0.423577 -0.0759787 -0.902668 -0.904489 -0.0193328 0.426059 5.18726 2.50472 -1.5202</i>
                        <i>-0.0449009 0.996973 -0.0634775 -0.423346 -0.0765433 -0.902729 -0.904855 -0.0136604 0.425501 5.18766 2.50288 -1.52049</i>
                        <i>-0.0401244 0.996995 -0.0662662 -0.423297 -0.0770352 -0.90271 -0.905102 -0.00817043 0.425115 5.18798 2.50098 -1.52071</i>
                        <i>-0.0357477 0.996994 -0.0687427 -0.423456 -0.0774177 -0.902603 -0.905211 -0.00315652 0.42495 5.1882 2.49912 -1.52083</i>
                        <i>-0.0319772 0.996978 -0.070792 -0.423811 -0.0776707 -0.902414 -0.905186 0.00114579 0.425014 5.1883 2.49737 -1.52086</i>
                        <i>-0.0289606 0.996959 -0.0723488 -0.424306 -0.0777957 -0.902171 -0.905056 0.00457061 0.425269 5.18829 2.49585 -1.52081</i>
                        <i>-0.0268647 0.996946 -0.0733317 -0.424897 -0.0777897 -0.901893 -0.904843 0.00692933 0.425689 5.18819 2.49464 -1.52067</i>
                        <i>-0.025857 0.996948 -0.0736587 -0.425541 -0.077651 -0.901602 -0.90457 0.00803202 0.42625 5.18799 2.49383 -1.52047</i>
                        <i>-0.0261063 0.996972 -0.0732468 -0.426195 -0.0773792 -0.901316 -0.904255 0.00768737 0.426924 5.1877 2.49352 -1.5202</i>
                        <i>-0.0274952 0.997013 -0.0721744 -0.426831 -0.0769984 -0.901047 -0.903913 0.00603182 0.427673 5.18733 2.49367 -1.51989</i>
                        <i>-0.0296909 0.99706 -0.0706414 -0.427433 -0.0765497 -0.9008 -0.903559 0.00344889 0.428449 5.18693 2.49417 -1.51954</i>
                        <i>-0.03254 0.997103 -0.0687465 -0.427979 -0.0760586 -0.900583 -0.903203 0.00011707 0.429214 5.1865 2.49495 -1.51919</i>
                        <i>-0.0358894 0.997135 -0.0665886 -0.428448 -0.0755497 -0.900403 -0.902854 -0.00378516 0.429932 5.18606 2.49598 -1.51884</i>
                        <i>-0.0395861 0.997147 -0.0642666 -0.428822 -0.0750465 -0.900267 -0.902521 -0.00807909 0.430569 5.18565 2.4972 -1.51851</i>
                        <i>-0.043477 0.997136 -0.0618797 -0.429084 -0.0745717 -0.900181 -0.902218 -0.0125856 0.431097 5.18527 2.49858 -1.51822</i>
                        <i>-0.0474326 0.9971 -0.0595064 -0.429231 -0.074139 -0.900147 -0.901948 -0.0171544 0.431503 5.18495 2.50005 -1.51799</i>
                        <i>-0.0513582 0.997041 -0.0571947 -0.429282 -0.0737495 -0.900154 -0.901709 -0.0216776 0.4318 5.18467 2.50157 -1.51779</i>
                        <i>-0.055137 0.996962 -0.0550119 -0.429242 -0.0734119 -0.900201 -0.901505 -0.0260209 0.431986 5.18444 2.5031 -1.51765</i>
                        <i>-0.0586518 0.996869 -0.0530252 -0.429112 -0.073135 -0.900286 -0.901345 -0.0300497 0.432058 5.18428 2.50459 -1.51755</i>
                        <i>-0.0617855 0.99677 -0.051302 -0.428895 -0.0729276 -0.900406 -0.901239 -0.0336289 0.432015 5.18419 2.50598 -1.51752</i>
                        <i>-0.0644203 0.996674 -0.0499099 -0.42859 -0.072799 -0.900561 -0.901199 -0.0366235 0.431855 5.18417 2.50724 -1.51754</i>
                        <i>-0.0664381 0.996591 -0.0489167 -0.428199 -0.0727585 -0.900751 -0.901239 -0.0388981 0.431573 5.18422 2.50832 -1.51763</i>
                        <i>-0.0677209 0.99653 -0.0483901 -0.427718 -0.0728163 -0.900975 -0.901372 -0.0403175 0.431165 5.18437 2.50916 -1.51779</i>
                        <i>-0.0681501 0.9965 -0.0483979 -0.427146 -0.0729832 -0.901233 -0.901611 -0.0407461 0.430625 5.1846 2.50972 -1.51802</i>
                        <i>-0.0676073 0.996508 -0.0490078 -0.426478 -0.0732706 -0.901525 -0.901968 -0.0400489 0.429942 5.18494 2.50996 -1.51833</i>
                    </KeyFrames>
                </p>
            </i>
            <i>
                <p>
                    <Name><![CDATA[spine2]]></Name>
                    <Exclude>0</Exclude>
                    <Additive>0</Additive>
                    <IKPriority>0</IKPriority>
                    <IKRotLimits>-1e+010 -1e+010 -1e+010 1e+010 1e+010 1e+010</IKRotLimits>
                    <IKRotLimitOrder>0</IKRotLimitOrder>
                    <KeyFrames count="30">
                        <i>-0.19344 0.967864 0.160689 -0.684036 -0.0156346 -0.729281 -0.703332 -0.250989 0.665078 5.17427 2.66828 -1.5258</i>
                        <i>-0.196841 0.966609 0.164077 -0.683556 -0.0153313 -0.729737 -0.702855 -0.255798 0.663749 5.17497 2.66814 -1.52639</i>
                        <i>-0.1986 0.965838 0.166479 -0.683084 -0.0145972 -0.730194 -0.702819 -0.258736 0.662647 5.1759 2.66751 -1.5271</i>
                        <i>-0.198833 0.965542 0.167909 -0.682637 -0.0135162 -0.730633 -0.703187 -0.259895 0.661802 5.17699 2.66647 -1.52789</i>
                        <i>-0.197654 0.965703 0.16838 -0.68223 -0.0121709 -0.731036 -0.703914 -0.259366 0.661237 5.17818 2.6651 -1.52872</i>
                        <i>-0.195174 0.96629 0.167903 -0.681881 -0.0106424 -0.731386 -0.704944 -0.257238 0.660971 5.1794 2.66348 -1.52953</i>
                        <i>-0.191505 0.967268 0.16649 -0.681606 -0.00901089 -0.731664 -0.706215 -0.253598 0.661021 5.18058 2.66169 -1.53029</i>
                        <i>-0.186754 0.968595 0.164152 -0.681425 -0.00735472 -0.731851 -0.70766 -0.248533 0.661399 5.18166 2.65981 -1.53095</i>
                        <i>-0.181029 0.970227 0.160898 -0.681359 -0.00575112 -0.731926 -0.709209 -0.242129 0.662114 5.18257 2.65794 -1.53147</i>
                        <i>-0.174617 0.972056 0.156897 -0.681412 -0.00427456 -0.731888 -0.710765 -0.234712 0.663117 5.18328 2.65618 -1.53183</i>
                        <i>-0.168032 0.973912 0.152517 -0.681562 -0.0029977 -0.731754 -0.712207 -0.226908 0.664285 5.18376 2.65461 -1.53202</i>
                        <i>-0.161718 0.975667 0.148061 -0.681799 -0.0019953 -0.731537 -0.713441 -0.219251 0.665531 5.18399 2.65334 -1.53204</i>
                        <i>-0.156125 0.977208 0.143839 -0.682111 -0.00134363 -0.731247 -0.714387 -0.21228 0.666774 5.18395 2.65247 -1.53188</i>
                        <i>-0.151706 0.978438 0.140158 -0.682488 -0.00112067 -0.730896 -0.714979 -0.206538 0.667942 5.18362 2.6521 -1.53154</i>
                        <i>-0.148526 0.979358 0.137108 -0.682911 -0.00129947 -0.7305 -0.715243 -0.20213 0.669008 5.18304 2.6522 -1.53105</i>
                        <i>-0.146355 0.980031 0.134609 -0.683356 -0.0017727 -0.730083 -0.715265 -0.198837 0.66997 5.18229 2.65264 -1.53046</i>
                        <i>-0.145208 0.980459 0.132722 -0.683802 -0.00249952 -0.729663 -0.715073 -0.196709 0.670803 5.18141 2.65337 -1.5298</i>
                        <i>-0.145094 0.980639 0.13151 -0.684226 -0.00343871 -0.729262 -0.71469 -0.195794 0.671478 5.18045 2.65434 -1.5291</i>
                        <i>-0.146023 0.980565 0.131032 -0.684608 -0.00454845 -0.728897 -0.714135 -0.196141 0.671967 5.17945 2.65552 -1.52841</i>
                        <i>-0.148005 0.980225 0.131351 -0.684925 -0.00578616 -0.728591 -0.713423 -0.197801 0.672237 5.17845 2.65685 -1.52774</i>
                        <i>-0.150952 0.979629 0.13244 -0.685167 -0.00710891 -0.728351 -0.712572 -0.200689 0.672283 5.1775 2.65829 -1.52712</i>
                        <i>-0.154633 0.978822 0.134147 -0.68534 -0.00847369 -0.728173 -0.711616 -0.204536 0.672137 5.1766 2.65978 -1.52656</i>
                        <i>-0.158906 0.977827 0.136393 -0.685441 -0.00983679 -0.728061 -0.710576 -0.209183 0.671806 5.17578 2.66128 -1.52606</i>
                        <i>-0.163628 0.976666 0.139101 -0.685468 -0.0111542 -0.728017 -0.709478 -0.214473 0.671299 5.17506 2.66275 -1.52566</i>
                        <i>-0.168655 0.975365 0.142194 -0.685419 -0.0123816 -0.728043 -0.708347 -0.220251 0.670622 5.17447 2.66413 -1.52535</i>
                        <i>-0.173847 0.973951 0.145593 -0.685295 -0.0134749 -0.728141 -0.707212 -0.226359 0.669786 5.17403 2.66539 -1.52515</i>
                        <i>-0.179061 0.972456 0.149221 -0.685094 -0.0143903 -0.728313 -0.706105 -0.232642 0.6688 5.17376 2.66648 -1.52509</i>
                        <i>-0.184157 0.970916 0.152998 -0.684817 -0.015084 -0.728559 -0.705062 -0.238945 0.667677 5.1737 2.66735 -1.52516</i>
                        <i>-0.188996 0.969371 0.156847 -0.684464 -0.015513 -0.728881 -0.704123 -0.245112 0.666431 5.17386 2.66797 -1.5254</i>
                        <i>-0.19344 0.967864 0.160689 -0.684036 -0.0156346 -0.729281 -0.703332 -0.250989 0.665078 5.17427 2.66828 -1.5258</i>
                    </KeyFrames>
                </p>
            </i>
            <i>
                <p>
                    <Name><![CDATA[head]]></Name>
                    <Exclude>0</Exclude>
                    <Additive>0</Additive>
                    <IKPriority>0</IKPriority>
                    <IKRotLimits>-1e+010 -1e+010 -1e+010 1e+010 1e+010 1e+010</IKRotLimits>
                    <IKRotLimitOrder>0</IKRotLimitOrder>
                    <KeyFrames count="30">
                        <i>0.11452 0.957175 -0.265898 0.23945 -0.286363 -0.927717 -0.964131 0.0425732 -0.26199 5.13152 2.9187 -1.48018</i>
                        <i>0.114441 0.952488 -0.282259 0.239013 -0.302179 -0.922801 -0.964249 0.0381428 -0.262238 5.13097 2.91815 -1.47955</i>
                        <i>0.115132 0.948204 -0.296064 0.238584 -0.315718 -0.918368 -0.964273 0.0350976 -0.262576 5.13108 2.91724 -1.4793</i>
                        <i>0.116566 0.944403 -0.307434 0.238079 -0.327089 -0.914512 -0.964226 0.0334078 -0.26297 5.13177 2.91603 -1.4794</i>
                        <i>0.118717 0.94114 -0.316483 0.23743 -0.336398 -0.911298 -0.964123 0.0330437 -0.263391 5.13294 2.91461 -1.47981</i>
                        <i>0.121558 0.938449 -0.323322 0.236587 -0.343743 -0.908772 -0.963976 0.0339751 -0.26381 5.13453 2.91306 -1.4805</i>
                        <i>0.125071 0.936343 -0.328055 0.235516 -0.34922 -0.906961 -0.963789 0.0361724 -0.264201 5.13646 2.91146 -1.48144</i>
                        <i>0.129239 0.934817 -0.330779 0.234197 -0.352915 -0.905872 -0.963561 0.0396063 -0.264541 5.13864 2.90988 -1.4826</i>
                        <i>0.134052 0.933853 -0.331586 0.232625 -0.354911 -0.905497 -0.963284 0.0442481 -0.264813 5.141 2.90841 -1.48393</i>
                        <i>0.138458 0.934736 -0.327259 0.231404 -0.351829 -0.907011 -0.962955 0.0498539 -0.265015 5.14342 2.90712 -1.48538</i>
                        <i>0.14152 0.938175 -0.31591 0.231098 -0.341614 -0.910985 -0.962583 0.0559168 -0.265156 5.14574 2.90605 -1.48684</i>
                        <i>0.143384 0.943225 -0.299613 0.231599 -0.326314 -0.91645 -0.962186 0.0620139 -0.265238 5.1478 2.90527 -1.4882</i>
                        <i>0.14417 0.948975 -0.280466 0.232728 -0.307993 -0.922485 -0.961797 0.0677223 -0.265256 5.14947 2.90485 -1.48938</i>
                        <i>0.14399 0.954645 -0.260615 0.234242 -0.288756 -0.928305 -0.961456 0.0726196 -0.265196 5.15057 2.90485 -1.49026</i>
                        <i>0.14333 0.959512 -0.242474 0.235759 -0.271054 -0.933246 -0.961184 0.076597 -0.265064 5.15113 2.90524 -1.49086</i>
                        <i>0.142973 0.962951 -0.228659 0.236826 -0.257607 -0.936778 -0.960975 0.0797812 -0.264883 5.15126 2.90591 -1.49122</i>
                        <i>0.142798 0.96522 -0.218993 0.237475 -0.24821 -0.939147 -0.96084 0.0821031 -0.26466 5.151 2.90681 -1.49134</i>
                        <i>0.142166 0.967043 -0.211228 0.238052 -0.240535 -0.940996 -0.960791 0.083494 -0.264402 5.15037 2.90789 -1.49124</i>
                        <i>0.140968 0.968509 -0.205229 0.238583 -0.234423 -0.942403 -0.960836 0.0838848 -0.264116 5.1494 2.9091 -1.49092</i>
                        <i>0.139099 0.969696 -0.200853 0.2391 -0.229711 -0.943432 -0.96098 0.0832064 -0.263807 5.14812 2.91039 -1.49037</i>
                        <i>0.136603 0.970615 -0.198106 0.239594 -0.226415 -0.944103 -0.961215 0.0815027 -0.263483 5.14658 2.91172 -1.48963</i>
                        <i>0.133751 0.971195 -0.197205 0.239999 -0.224813 -0.944383 -0.961515 0.0789835 -0.263155 5.14485 2.91304 -1.48873</i>
                        <i>0.130678 0.971404 -0.198235 0.240301 -0.225021 -0.944257 -0.961862 0.0757576 -0.262835 5.14299 2.91433 -1.48772</i>
                        <i>0.12752 0.971198 -0.201277 0.240497 -0.227155 -0.943696 -0.962237 0.0719339 -0.262537 5.14107 2.91552 -1.48663</i>
                        <i>0.124415 0.970524 -0.20641 0.240585 -0.231325 -0.94266 -0.962621 0.0676216 -0.262274 5.13914 2.91659 -1.48548</i>
                        <i>0.121499 0.969312 -0.213709 0.24057 -0.237641 -0.941091 -0.962997 0.0629301 -0.26206 5.13727 2.9175 -1.48432</i>
                        <i>0.118913 0.967482 -0.223245 0.240453 -0.246208 -0.938916 -0.963349 0.0579692 -0.261911 5.13551 2.9182 -1.48318</i>
                        <i>0.116795 0.964932 -0.235085 0.240234 -0.257124 -0.936042 -0.963663 0.0528492 -0.261841 5.13393 2.91865 -1.48208</i>
                        <i>0.115284 0.961544 -0.249286 0.239906 -0.270482 -0.932354 -0.963927 0.0476803 -0.261862 5.13257 2.91883 -1.48107</i>
                        <i>0.11452 0.957175 -0.265898 0.23945 -0.286363 -0.927717 -0.964131 0.0425732 -0.26199 5.13152 2.9187 -1.48018</i>
                    </KeyFrames>
                </p>
            </i>
            <i>
                <p>
                    <Name><![CDATA[head_prop]]></Name>
                    <Exclude>0</Exclude>
                    <Additive>0</Additive>
                    <IKPriority>0</IKPriority>
                    <IKRotLimits>-1e+010 -1e+010 -1e+010 1e+010 1e+010 1e+010</IKRotLimits>
                    <IKRotLimitOrder>0</IKRotLimitOrder>
                    <KeyFrames count="30">
                        <i>0.964131 -0.0425732 0.26199 0.11452 0.957175 -0.265898 -0.23945 0.286363 0.927717 5.16884 3.23065 -1.56684</i>
                        <i>0.964249 -0.0381428 0.262238 0.114441 0.952488 -0.282259 -0.239013 0.302179 0.922801 5.16827 3.22858 -1.57154</i>
                        <i>0.964273 -0.0350976 0.262576 0.115132 0.948204 -0.296064 -0.238584 0.315718 0.918368 5.16861 3.22627 -1.57579</i>
                        <i>0.964226 -0.0334078 0.26297 0.116566 0.944403 -0.307434 -0.238079 0.327089 0.914512 5.16976 3.22382 -1.57959</i>
                        <i>0.964123 -0.0330437 0.263391 0.118717 0.94114 -0.316483 -0.23743 0.336398 0.911298 5.17164 3.22134 -1.58295</i>
                        <i>0.963976 -0.0339751 0.26381 0.121558 0.938449 -0.323322 -0.236587 0.343743 0.908772 5.17415 3.21891 -1.58587</i>
                        <i>0.963789 -0.0361724 0.264201 0.125071 0.936343 -0.328055 -0.235516 0.34922 0.906961 5.17722 3.21662 -1.58836</i>
                        <i>0.963561 -0.0396063 0.264541 0.129239 0.934817 -0.330779 -0.234197 0.352915 0.905872 5.18076 3.21455 -1.5904</i>
                        <i>0.963284 -0.0442481 0.264813 0.134052 0.933853 -0.331586 -0.232625 0.354911 0.905497 5.18469 3.21276 -1.592</i>
                        <i>0.962955 -0.0498539 0.265015 0.138458 0.934736 -0.327259 -0.231404 0.351829 0.907011 5.18855 3.21176 -1.59204</i>
                        <i>0.962583 -0.0559168 0.265156 0.14152 0.938175 -0.31591 -0.231098 0.341614 0.910985 5.19186 3.21181 -1.5898</i>
                        <i>0.962186 -0.0620139 0.265238 0.143384 0.943225 -0.299613 -0.231599 0.326314 0.91645 5.19453 3.21268 -1.58585</i>
                        <i>0.961797 -0.0677223 0.265256 0.14417 0.948975 -0.280466 -0.232728 0.307993 0.922485 5.19645 3.21413 -1.58078</i>
                        <i>0.961456 -0.0726196 0.265196 0.14399 0.954645 -0.260615 -0.234242 0.288756 0.928305 5.1975 3.21598 -1.5752</i>
                        <i>0.961184 -0.076597 0.265064 0.14333 0.959512 -0.242474 -0.235759 0.271054 0.933246 5.19784 3.21795 -1.56988</i>
                        <i>0.960975 -0.0797812 0.264883 0.142973 0.962951 -0.228659 -0.236826 0.257607 0.936778 5.19786 3.21974 -1.56574</i>
                        <i>0.96084 -0.0821031 0.26466 0.142798 0.96522 -0.218993 -0.237475 0.24821 0.939147 5.19754 3.22138 -1.56271</i>
                        <i>0.960791 -0.083494 0.264402 0.142166 0.967043 -0.211228 -0.238052 0.240535 0.940996 5.19671 3.22306 -1.56008</i>
                        <i>0.960836 -0.0838848 0.264116 0.140968 0.968509 -0.205229 -0.238583 0.234423 0.942403 5.19535 3.22475 -1.5578</i>
                        <i>0.96098 -0.0832064 0.263807 0.139099 0.969696 -0.200853 -0.2391 0.229711 0.943432 5.19346 3.22642 -1.55583</i>
                        <i>0.961215 -0.0815027 0.263483 0.136603 0.970615 -0.198106 -0.239594 0.226415 0.944103 5.1911 3.22805 -1.55419</i>
                        <i>0.961515 -0.0789835 0.263155 0.133751 0.971195 -0.197205 -0.239999 0.224813 0.944383 5.18844 3.22957 -1.553</i>
                        <i>0.961862 -0.0757576 0.262835 0.130678 0.971404 -0.198235 -0.240301 0.225021 0.944257 5.18558 3.23091 -1.55233</i>
                        <i>0.962237 -0.0719339 0.262537 0.12752 0.971198 -0.201277 -0.240497 0.227155 0.943696 5.18263 3.23204 -1.55222</i>
                        <i>0.962621 -0.0676216 0.262274 0.124415 0.970524 -0.20641 -0.240585 0.231325 0.94266 5.17969 3.23289 -1.55275</i>
                        <i>0.962997 -0.0629301 0.26206 0.121499 0.969312 -0.213709 -0.24057 0.237641 0.941091 5.17687 3.2334 -1.55397</i>
                        <i>0.963349 -0.0579692 0.261911 0.118913 0.967482 -0.223245 -0.240453 0.246208 0.938916 5.17426 3.23351 -1.55594</i>
                        <i>0.963663 -0.0528492 0.261841 0.116795 0.964932 -0.235085 -0.240234 0.257124 0.936042 5.17199 3.23313 -1.5587</i>
                        <i>0.963927 -0.0476803 0.261862 0.115284 0.961544 -0.249286 -0.239906 0.270482 0.932354 5.17015 3.23221 -1.56232</i>
                        <i>0.964131 -0.0425732 0.26199 0.11452 0.957175 -0.265898 -0.23945 0.286363 0.927717 5.16884 3.23065 -1.56684</i>
                    </KeyFrames>
                </p>
            </i>
            <i>
                <p>
                    <Name><![CDATA[l_clav]]></Name>
                    <Exclude>0</Exclude>
                    <Additive>0</Additive>
                    <IKPriority>0</IKPriority>
                    <IKRotLimits>-1e+010 -1e+010 -1e+010 1e+010 1e+010 1e+010</IKRotLimits>
                    <IKRotLimitOrder>0</IKRotLimitOrder>
                    <KeyFrames count="30">
                        <i>0.788162 0.345895 0.509075 -0.308592 0.937745 -0.159389 -0.532515 -0.0314726 0.845836 5.19768 2.71451 -1.43841</i>
                        <i>0.785703 0.347628 0.511689 -0.314435 0.93677 -0.1536 -0.53273 -0.0402091 0.845329 5.19841 2.71413 -1.43904</i>
                        <i>0.783817 0.348515 0.513972 -0.318664 0.936116 -0.148796 -0.532995 -0.0471557 0.844803 5.19943 2.71331 -1.43984</i>
                        <i>0.782523 0.34863 0.515864 -0.321286 0.935805 -0.145068 -0.533322 -0.0522212 0.844299 5.20068 2.71214 -1.44075</i>
                        <i>0.781836 0.348039 0.517302 -0.322309 0.935847 -0.142506 -0.533713 -0.0553148 0.843855 5.20208 2.71069 -1.44172</i>
                        <i>0.78177 0.346809 0.518227 -0.321735 0.936242 -0.1412 -0.534155 -0.0563459 0.843507 5.20354 2.70904 -1.4427</i>
                        <i>0.782337 0.344997 0.51858 -0.319567 0.936978 -0.141241 -0.534626 -0.0552235 0.843283 5.20499 2.70728 -1.44363</i>
                        <i>0.783548 0.342655 0.518304 -0.315805 0.938029 -0.142718 -0.535088 -0.0518568 0.843203 5.20635 2.70549 -1.44446</i>
                        <i>0.785413 0.339829 0.517342 -0.310448 0.939354 -0.145724 -0.535489 -0.0461545 0.84328 5.20755 2.70376 -1.44514</i>
                        <i>0.787824 0.336646 0.515754 -0.303776 0.940847 -0.150091 -0.535773 -0.0384282 0.843487 5.20851 2.70219 -1.44564</i>
                        <i>0.790536 0.333349 0.513743 -0.296414 0.942343 -0.155336 -0.535903 -0.0294823 0.843764 5.20923 2.70084 -1.44596</i>
                        <i>0.793352 0.330149 0.511463 -0.288882 0.943718 -0.161072 -0.535855 -0.0199654 0.844074 5.20965 2.69981 -1.44607</i>
                        <i>0.796082 0.32727 0.509066 -0.281702 0.944872 -0.166915 -0.535628 -0.0105267 0.844388 5.20975 2.69919 -1.44597</i>
                        <i>0.79854 0.324947 0.506698 -0.2754 0.945731 -0.172477 -0.535246 -0.00181487 0.844695 5.20949 2.69905 -1.44565</i>
                        <i>0.800666 0.323223 0.504442 -0.270136 0.946305 -0.177579 -0.534753 0.00591369 0.844988 5.20891 2.69936 -1.44513</i>
                        <i>0.802486 0.321993 0.502332 -0.26579 0.946657 -0.1822 -0.534203 0.0126978 0.845261 5.2081 2.7 -1.44448</i>
                        <i>0.803952 0.321278 0.500442 -0.262471 0.946807 -0.186185 -0.533639 0.0183325 0.845514 5.20712 2.7009 -1.44374</i>
                        <i>0.805015 0.321097 0.498845 -0.260286 0.946776 -0.189382 -0.533105 0.0226132 0.845747 5.20602 2.70201 -1.44295</i>
                        <i>0.805627 0.321468 0.497617 -0.259343 0.946581 -0.191637 -0.532641 0.0253347 0.845962 5.20485 2.70329 -1.44213</i>
                        <i>0.805737 0.322408 0.496831 -0.259746 0.946236 -0.192795 -0.532278 0.026292 0.846161 5.20366 2.70466 -1.44133</i>
                        <i>0.80535 0.323875 0.496504 -0.261453 0.945756 -0.19284 -0.532027 0.0254909 0.846343 5.20249 2.70609 -1.44058</i>
                        <i>0.804557 0.325748 0.496565 -0.264204 0.945171 -0.191959 -0.531869 0.0232473 0.846508 5.20136 2.70754 -1.43987</i>
                        <i>0.803394 0.327949 0.496999 -0.267872 0.94449 -0.190217 -0.531792 0.0196873 0.846646 5.2003 2.70895 -1.43924</i>
                        <i>0.8019 0.3304 0.497788 -0.27233 0.943723 -0.187679 -0.531783 0.0149373 0.846749 5.19935 2.71029 -1.4387</i>
                        <i>0.800112 0.33302 0.498918 -0.27745 0.942876 -0.18441 -0.531829 0.00912326 0.846802 5.19854 2.71151 -1.43827</i>
                        <i>0.798069 0.335731 0.500371 -0.283108 0.941955 -0.180474 -0.531917 0.00237163 0.846793 5.19789 2.71258 -1.43796</i>
                        <i>0.795811 0.338452 0.50213 -0.289175 0.94097 -0.175937 -0.532036 -0.00519098 0.846706 5.19745 2.71346 -1.43781</i>
                        <i>0.79338 0.341104 0.504179 -0.295529 0.93993 -0.170866 -0.532176 -0.0134376 0.846527 5.19725 2.7141 -1.43782</i>
                        <i>0.790816 0.34361 0.5065 -0.302042 0.938849 -0.165328 -0.532336 -0.0222407 0.846241 5.19732 2.71446 -1.43801</i>
                        <i>0.788162 0.345895 0.509075 -0.308592 0.937745 -0.159389 -0.532515 -0.0314726 0.845836 5.19768 2.71451 -1.43841</i>
                    </KeyFrames>
                </p>
            </i>
            <i>
                <p>
                    <Name><![CDATA[l_shoulder]]></Name>
                    <Exclude>0</Exclude>
                    <Additive>0</Additive>
                    <IKPriority>0</IKPriority>
                    <IKRotLimits>-1e+010 -1e+010 -1e+010 1e+010 1e+010 1e+010</IKRotLimits>
                    <IKRotLimitOrder>0</IKRotLimitOrder>
                    <KeyFrames count="30">
                        <i>0.439124 -0.74708 0.49904 0.487451 0.664712 0.566171 -0.754693 -0.00536182 0.656056 5.3534 2.78285 -1.33783</i>
                        <i>0.443588 -0.747445 0.494526 0.482953 0.664169 0.570644 -0.754974 -0.0142979 0.655599 5.35364 2.78281 -1.33794</i>
                        <i>0.446759 -0.748015 0.490796 0.479581 0.663342 0.574439 -0.755254 -0.0212593 0.655088 5.3543 2.78217 -1.33829</i>
                        <i>0.448649 -0.748763 0.487922 0.477345 0.662321 0.577472 -0.75555 -0.0261752 0.654568 5.35529 2.78102 -1.33882</i>
                        <i>0.449268 -0.749659 0.485974 0.476256 0.66119 0.579661 -0.755869 -0.0289755 0.654081 5.35655 2.77946 -1.33951</i>
                        <i>0.448627 -0.750659 0.48502 0.476328 0.660027 0.580927 -0.756205 -0.0295902 0.653666 5.358 2.77757 -1.34031</i>
                        <i>0.446736 -0.751715 0.485131 0.477576 0.658896 0.581186 -0.756537 -0.0279493 0.653354 5.35957 2.77545 -1.34117</i>
                        <i>0.443607 -0.752765 0.486373 0.480017 0.657853 0.580356 -0.756833 -0.0239826 0.653168 5.36117 2.77319 -1.34206</i>
                        <i>0.439254 -0.753736 0.488812 0.48367 0.656941 0.578353 -0.757046 -0.0176199 0.653124 5.36273 2.77091 -1.34293</i>
                        <i>0.433909 -0.754554 0.492312 0.488342 0.656174 0.575289 -0.757129 -0.00920622 0.6532 5.36417 2.7687 -1.34374</i>
                        <i>0.428067 -0.755156 0.496486 0.493581 0.655545 0.571523 -0.757058 0.000405479 0.653348 5.36542 2.7667 -1.34445</i>
                        <i>0.422143 -0.755493 0.501025 0.499014 0.655072 0.567332 -0.756823 0.010523 0.653535 5.3664 2.76504 -1.34501</i>
                        <i>0.41655 -0.755535 0.505622 0.50427 0.654789 0.562995 -0.756438 0.0204541 0.653746 5.36704 2.76385 -1.34539</i>
                        <i>0.411701 -0.75527 0.50997 0.508975 0.654749 0.558791 -0.75594 0.0295072 0.653975 5.36727 2.76326 -1.34553</i>
                        <i>0.407712 -0.754748 0.513933 0.513005 0.654946 0.554861 -0.755378 0.0374269 0.654219 5.3671 2.76323 -1.34546</i>
                        <i>0.404471 -0.754054 0.5175 0.51642 0.655318 0.551243 -0.754794 0.0442855 0.654465 5.36666 2.76362 -1.34523</i>
                        <i>0.402052 -0.753243 0.520557 0.519125 0.655848 0.548063 -0.75423 0.0498841 0.654712 5.36597 2.76438 -1.34487</i>
                        <i>0.400529 -0.75237 0.522988 0.521026 0.656522 0.545445 -0.75373 0.0540243 0.65496 5.36508 2.76546 -1.34438</i>
                        <i>0.399972 -0.751488 0.524679 0.522032 0.657322 0.543517 -0.753329 0.0565073 0.655211 5.36403 2.7668 -1.34381</i>
                        <i>0.400456 -0.750648 0.525512 0.522048 0.658228 0.542404 -0.753061 0.057134 0.655465 5.36286 2.76836 -1.34317</i>
                        <i>0.40194 -0.749877 0.52548 0.521096 0.659209 0.542128 -0.75293 0.0559228 0.65572 5.36161 2.77008 -1.34248</i>
                        <i>0.404221 -0.749176 0.524729 0.519358 0.66023 0.542552 -0.752909 0.0532115 0.65597 5.36032 2.7719 -1.34176</i>
                        <i>0.407198 -0.748555 0.523312 0.516921 0.66125 0.543638 -0.752982 0.0491426 0.656203 5.35903 2.77375 -1.34104</i>
                        <i>0.410771 -0.74802 0.52128 0.513868 0.662225 0.545342 -0.753131 0.0438586 0.656407 5.35779 2.77557 -1.34035</i>
                        <i>0.414839 -0.74758 0.518683 0.510286 0.663112 0.547623 -0.753337 0.0375019 0.656565 5.35662 2.77731 -1.33969</i>
                        <i>0.419302 -0.747241 0.515574 0.506261 0.663866 0.550438 -0.753582 0.0302152 0.656659 5.35557 2.77891 -1.3391</i>
                        <i>0.424061 -0.747011 0.512003 0.501878 0.664443 0.553745 -0.75385 0.0221418 0.656673 5.35469 2.78033 -1.3386</i>
                        <i>0.429018 -0.746898 0.508023 0.497225 0.664803 0.557498 -0.754129 0.0134251 0.656589 5.35401 2.78149 -1.3382</i>
                        <i>0.434072 -0.746917 0.503684 0.492387 0.664904 0.561655 -0.754411 0.00420903 0.656388 5.35356 2.78235 -1.33794</i>
                        <i>0.439124 -0.74708 0.49904 0.487451 0.664712 0.566171 -0.754693 -0.00536182 0.656056 5.3534 2.78285 -1.33783</i>
                    </KeyFrames>
                </p>
            </i>
            <i>
                <p>
                    <Name><![CDATA[l_elbow]]></Name>
                    <Exclude>0</Exclude>
                    <Additive>0</Additive>
                    <IKPriority>0</IKPriority>
                    <IKRotLimits>-1e+010 -1e+010 -1e+010 1e+010 1e+010 1e+010</IKRotLimits>
                    <IKRotLimitOrder>0</IKRotLimitOrder>
                    <KeyFrames count="30">
                        <i>-0.384176 -0.421098 0.821636 0.485553 0.664769 0.567734 -0.785269 0.617057 -0.0509231 5.49624 2.53984 -1.1755</i>
                        <i>-0.381919 -0.428727 0.818737 0.481054 0.664204 0.572206 -0.789129 0.612393 -0.0474313 5.49793 2.53969 -1.17708</i>
                        <i>-0.380382 -0.434829 0.816231 0.477681 0.663359 0.575999 -0.791916 0.608998 -0.0446207 5.49962 2.53886 -1.17864</i>
                        <i>-0.379573 -0.439329 0.814195 0.475444 0.662326 0.579031 -0.793648 0.606889 -0.0425251 5.50123 2.53747 -1.18011</i>
                        <i>-0.379492 -0.442152 0.812704 0.474354 0.661189 0.58122 -0.794339 0.606078 -0.0411792 5.50269 2.53561 -1.18143</i>
                        <i>-0.380128 -0.443217 0.811826 0.474426 0.660024 0.582485 -0.793992 0.60657 -0.0406197 5.50393 2.53339 -1.18254</i>
