<?xml version="1.0" encoding="ISO-8859-1" ?>
<Animl Version="1">
    <ModellingPackage><![CDATA[Maya.2010]]></ModellingPackage>
    <SrcFile><![CDATA[anims\turrets\antiair\red\~src\aa_s125_launcher\aa_s125_launcher_aim_high_crewman_b.mb]]></SrcFile>
    <FramesPerSecond>30</FramesPerSecond>
    <TotalFrames>30</TotalFrames>
    <Skeleton>
        <RefFrame>
            <Name><![CDATA[soldier_ref_frame]]></Name>
            <Exclude>0</Exclude>
            <Additive>0</Additive>
            <IKPriority>0</IKPriority>
            <IKRotLimits>-1e+010 -1e+010 -1e+010 1e+010 1e+010 1e+010</IKRotLimits>
            <IKRotLimitOrder>0</IKRotLimitOrder>
            <KeyFrames count="30">
                <i>1 0 0 0 1 0 0 0 1 -4.8647 1.29477 -1.34517</i>
                <i>1 0 0 0 1 0 0 0 1 -4.8647 1.29477 -1.34517</i>
                <i>1 0 0 0 1 0 0 0 1 -4.8647 1.29477 -1.34517</i>
                <i>1 0 0 0 1 0 0 0 1 -4.8647 1.29477 -1.34517</i>
                <i>1 0 0 0 1 0 0 0 1 -4.8647 1.29477 -1.34517</i>
                <i>1 0 0 0 1 0 0 0 1 -4.8647 1.29477 -1.34517</i>
                <i>1 0 0 0 1 0 0 0 1 -4.8647 1.29477 -1.34517</i>
                <i>1 0 0 0 1 0 0 0 1 -4.8647 1.29477 -1.34517</i>
                <i>1 0 0 0 1 0 0 0 1 -4.8647 1.29477 -1.34517</i>
                <i>1 0 0 0 1 0 0 0 1 -4.8647 1.29477 -1.34517</i>
                <i>1 0 0 0 1 0 0 0 1 -4.8647 1.29477 -1.34517</i>
                <i>1 0 0 0 1 0 0 0 1 -4.8647 1.29477 -1.34517</i>
                <i>1 0 0 0 1 0 0 0 1 -4.8647 1.29477 -1.34517</i>
                <i>1 0 0 0 1 0 0 0 1 -4.8647 1.29477 -1.34517</i>
                <i>1 0 0 0 1 0 0 0 1 -4.8647 1.29477 -1.34517</i>
                <i>1 0 0 0 1 0 0 0 1 -4.8647 1.29477 -1.34517</i>
                <i>1 0 0 0 1 0 0 0 1 -4.8647 1.29477 -1.34517</i>
                <i>1 0 0 0 1 0 0 0 1 -4.8647 1.29477 -1.34517</i>
                <i>1 0 0 0 1 0 0 0 1 -4.8647 1.29477 -1.34517</i>
                <i>1 0 0 0 1 0 0 0 1 -4.8647 1.29477 -1.34517</i>
                <i>1 0 0 0 1 0 0 0 1 -4.8647 1.29477 -1.34517</i>
                <i>1 0 0 0 1 0 0 0 1 -4.8647 1.29477 -1.34517</i>
                <i>1 0 0 0 1 0 0 0 1 -4.8647 1.29477 -1.34517</i>
                <i>1 0 0 0 1 0 0 0 1 -4.8647 1.29477 -1.34517</i>
                <i>1 0 0 0 1 0 0 0 1 -4.8647 1.29477 -1.34517</i>
                <i>1 0 0 0 1 0 0 0 1 -4.8647 1.29477 -1.34517</i>
                <i>1 0 0 0 1 0 0 0 1 -4.8647 1.29477 -1.34517</i>
                <i>1 0 0 0 1 0 0 0 1 -4.8647 1.29477 -1.34517</i>
                <i>1 0 0 0 1 0 0 0 1 -4.8647 1.29477 -1.34517</i>
                <i>1 0 0 0 1 0 0 0 1 -4.8647 1.29477 -1.34517</i>
            </KeyFrames>
        </RefFrame>
        <Bones count="23">
            <i>
                <p>
                    <Name><![CDATA[pelvis]]></Name>
                    <Exclude>0</Exclude>
                    <Additive>0</Additive>
                    <IKPriority>0</IKPriority>
                    <IKRotLimits>-1e+010 -1e+010 -1e+010 1e+010 1e+010 1e+010</IKRotLimits>
                    <IKRotLimitOrder>2</IKRotLimitOrder>
                    <KeyFrames count="30">
                        <i>1 0 0 0 1 0 0 0 1 -4.86484 1.84217 -1.345</i>
                        <i>1 0 0 0 1 0 0 0 1 -4.86484 1.84217 -1.345</i>
                        <i>1 0 0 0 1 0 0 0 1 -4.86484 1.84217 -1.345</i>
                        <i>1 0 0 0 1 0 0 0 1 -4.86484 1.84217 -1.345</i>
                        <i>1 0 0 0 1 0 0 0 1 -4.86484 1.84217 -1.345</i>
                        <i>1 0 0 0 1 0 0 0 1 -4.86484 1.84217 -1.345</i>
                        <i>1 0 0 0 1 0 0 0 1 -4.86484 1.84217 -1.345</i>
                        <i>1 0 0 0 1 0 0 0 1 -4.86484 1.84217 -1.345</i>
                        <i>1 0 0 0 1 0 0 0 1 -4.86484 1.84217 -1.345</i>
                        <i>1 0 0 0 1 0 0 0 1 -4.86484 1.84217 -1.345</i>
                        <i>1 0 0 0 1 0 0 0 1 -4.86484 1.84217 -1.345</i>
                        <i>1 0 0 0 1 0 0 0 1 -4.86484 1.84217 -1.345</i>
                        <i>1 0 0 0 1 0 0 0 1 -4.86484 1.84217 -1.345</i>
                        <i>1 0 0 0 1 0 0 0 1 -4.86484 1.84217 -1.345</i>
                        <i>1 0 0 0 1 0 0 0 1 -4.86484 1.84217 -1.345</i>
                        <i>1 0 0 0 1 0 0 0 1 -4.86484 1.84217 -1.345</i>
                        <i>1 0 0 0 1 0 0 0 1 -4.86484 1.84217 -1.345</i>
                        <i>1 0 0 0 1 0 0 0 1 -4.86484 1.84217 -1.345</i>
                        <i>1 0 0 0 1 0 0 0 1 -4.86484 1.84217 -1.345</i>
                        <i>1 0 0 0 1 0 0 0 1 -4.86484 1.84217 -1.345</i>
                        <i>1 0 0 0 1 0 0 0 1 -4.86484 1.84217 -1.345</i>
                        <i>1 0 0 0 1 0 0 0 1 -4.86484 1.84217 -1.345</i>
                        <i>1 0 0 0 1 0 0 0 1 -4.86484 1.84217 -1.345</i>
                        <i>1 0 0 0 1 0 0 0 1 -4.86484 1.84217 -1.345</i>
                        <i>1 0 0 0 1 0 0 0 1 -4.86484 1.84217 -1.345</i>
                        <i>1 0 0 0 1 0 0 0 1 -4.86484 1.84217 -1.345</i>
                        <i>1 0 0 0 1 0 0 0 1 -4.86484 1.84217 -1.345</i>
                        <i>1 0 0 0 1 0 0 0 1 -4.86484 1.84217 -1.345</i>
                        <i>1 0 0 0 1 0 0 0 1 -4.86484 1.84217 -1.345</i>
                        <i>1 0 0 0 1 0 0 0 1 -4.86484 1.84217 -1.345</i>
                    </KeyFrames>
                </p>
            </i>
            <i>
                <p>
                    <Name><![CDATA[spine0]]></Name>
                    <Exclude>0</Exclude>
                    <Additive>0</Additive>
                    <IKPriority>0</IKPriority>
                    <IKRotLimits>-1e+010 -1e+010 -1e+010 1e+010 1e+010 1e+010</IKRotLimits>
                    <IKRotLimitOrder>0</IKRotLimitOrder>
                    <KeyFrames count="30">
                        <i>-0.0528104 0.993889 0.0969321 -0.703438 -0.105922 0.70282 0.708792 -0.0310695 0.704733 -4.917 1.97233 -1.37717</i>
                        <i>-0.05545 0.993872 0.0956227 -0.703309 -0.106858 0.702808 0.708719 -0.0282816 0.704924 -4.917 1.97233 -1.37717</i>
                        <i>-0.0583401 0.993852 0.0941026 -0.703175 -0.107821 0.702795 0.70862 -0.0251695 0.705141 -4.917 1.97233 -1.37717</i>
                        <i>-0.0613564 0.993827 0.0924297 -0.703043 -0.108765 0.702781 0.708496 -0.0218619 0.705376 -4.917 1.97233 -1.37717</i>
                        <i>-0.064378 0.993799 0.0906611 -0.702919 -0.109646 0.702768 0.70835 -0.0184846 0.705619 -4.917 1.97233 -1.37717</i>
                        <i>-0.0672858 0.993769 0.0888531 -0.70281 -0.110419 0.702756 0.708188 -0.0151614 0.705861 -4.917 1.97233 -1.37717</i>
                        <i>-0.0699602 0.993743 0.0870626 -0.702722 -0.11104 0.702746 0.708016 -0.0120166 0.706094 -4.917 1.97233 -1.37717</i>
                        <i>-0.0723557 0.993723 0.0853147 -0.702658 -0.111495 0.702738 0.70784 -0.00909991 0.706314 -4.917 1.97233 -1.37717</i>
                        <i>-0.0745429 0.993709 0.0835852 -0.702612 -0.111816 0.702733 0.707658 -0.00634421 0.706527 -4.917 1.97233 -1.37717</i>
                        <i>-0.0765719 0.993698 0.0818584 -0.702582 -0.112028 0.702729 0.707471 -0.00370285 0.706732 -4.917 1.97233 -1.37717</i>
                        <i>-0.0784447 0.993691 0.0801521 -0.702565 -0.112145 0.702727 0.707283 -0.00118682 0.70693 -4.917 1.97233 -1.37717</i>
                        <i>-0.080067 0.99369 0.0785515 -0.702563 -0.11216 0.702727 0.707103 0.00107787 0.70711 -4.917 1.97233 -1.37717</i>
                        <i>-0.0813835 0.993695 0.0771154 -0.702575 -0.112076 0.702729 0.706941 0.00301117 0.707266 -4.917 1.97233 -1.37717</i>
                        <i>-0.0823428 0.99371 0.0759 -0.702601 -0.111895 0.702732 0.706804 0.00453753 0.707395 -4.917 1.97233 -1.37717</i>
                        <i>-0.0828984 0.993735 0.0749597 -0.702639 -0.111624 0.702736 0.706701 0.00558611 0.70749 -4.917 1.97233 -1.37717</i>
                        <i>-0.0830077 0.993772 0.0743467 -0.70269 -0.111268 0.702742 0.706638 0.00609037 0.707549 -4.917 1.97233 -1.37717</i>
                        <i>-0.0824553 0.993826 0.0742352 -0.702756 -0.110799 0.70275 0.706636 0.00577616 0.707553 -4.917 1.97233 -1.37717</i>
                        <i>-0.0811629 0.993897 0.0747042 -0.702839 -0.110216 0.702759 0.706704 0.00453293 0.707495 -4.917 1.97233 -1.37717</i>
                        <i>-0.0792959 0.993976 0.0756623 -0.702929 -0.109573 0.702769 0.706826 0.00254147 0.707383 -4.917 1.97233 -1.37717</i>
                        <i>-0.0770187 0.99405 0.0770192 -0.703021 -0.108921 0.702779 0.706986 -1.9004e-005 0.707227 -4.917 1.97233 -1.37717</i>
                        <i>-0.0744732 0.994113 0.0786945 -0.703107 -0.108306 0.702788 0.707174 -0.00299176 0.707034 -4.917 1.97233 -1.37717</i>
                        <i>-0.0716908 0.994161 0.080654 -0.703188 -0.107724 0.702796 0.70738 -0.00633097 0.706805 -4.917 1.97233 -1.37717</i>
                        <i>-0.0687215 0.99419 0.0828525 -0.703264 -0.107181 0.702803 0.7076 -0.0099694 0.706543 -4.917 1.97233 -1.37717</i>
                        <i>-0.0656736 0.994197 0.0852034 -0.703332 -0.106691 0.70281 0.707822 -0.0137702 0.706257 -4.917 1.97233 -1.37717</i>
                        <i>-0.0626716 0.994182 0.0876084 -0.703389 -0.106273 0.702815 0.708036 -0.0175762 0.705957 -4.917 1.97233 -1.37717</i>
                        <i>-0.0598412 0.994145 0.0899684 -0.703435 -0.105946 0.702819 0.708236 -0.0212293 0.705656 -4.917 1.97233 -1.37717</i>
                        <i>-0.0573095 0.994092 0.0921832 -0.703465 -0.105728 0.702822 0.708416 -0.0245693 0.705368 -4.917 1.97233 -1.37717</i>
                        <i>-0.0552056 0.994026 0.0941511 -0.703477 -0.105639 0.702823 0.708571 -0.0274334 0.705106 -4.917 1.97233 -1.37717</i>
                        <i>-0.0536612 0.993956 0.095769 -0.703469 -0.105696 0.702823 0.708697 -0.0296562 0.704889 -4.917 1.97233 -1.37717</i>
                        <i>-0.0528104 0.993889 0.0969321 -0.703438 -0.105922 0.70282 0.708792 -0.0310695 0.704733 -4.917 1.97233 -1.37717</i>
                    </KeyFrames>
                </p>
            </i>
            <i>
                <p>
                    <Name><![CDATA[spine1]]></Name>
                    <Exclude>0</Exclude>
                    <Additive>0</Additive>
                    <IKPriority>0</IKPriority>
                    <IKRotLimits>-1e+010 -1e+010 -1e+010 1e+010 1e+010 1e+010</IKRotLimits>
                    <IKRotLimitOrder>0</IKRotLimitOrder>
                    <KeyFrames count="30">
                        <i>0.252513 0.936824 0.242069 -0.547042 -0.0681341 0.834328 0.798112 -0.343101 0.495277 -4.92647 2.15006 -1.35987</i>
                        <i>0.251705 0.937106 0.241818 -0.547381 -0.0682112 0.834099 0.798134 -0.342314 0.495785 -4.92695 2.15012 -1.3601</i>
                        <i>0.249978 0.93779 0.240958 -0.547708 -0.0682617 0.83388 0.798453 -0.340427 0.496571 -4.92747 2.15017 -1.36037</i>
                        <i>0.247386 0.938848 0.239509 -0.548001 -0.0682835 0.833686 0.799059 -0.337493 0.497597 -4.92801 2.15018 -1.36066</i>
                        <i>0.243984 0.94025 0.23749 -0.548238 -0.0682739 0.833531 0.799942 -0.333569 0.498823 -4.92855 2.15017 -1.36098</i>
                        <i>0.239828 0.941963 0.234921 -0.548396 -0.068229 0.833431 0.801089 -0.32871 0.500206 -4.92907 2.15011 -1.36131</i>
                        <i>0.234977 0.943952 0.231819 -0.548453 -0.0681436 0.8334 0.802487 -0.322971 0.501701 -4.92954 2.15002 -1.36164</i>
                        <i>0.229445 0.946195 0.228188 -0.548402 -0.0680137 0.833444 0.804121 -0.316368 0.50329 -4.92996 2.14988 -1.36196</i>
                        <i>0.223182 0.948689 0.224006 -0.548263 -0.0678386 0.83355 0.805976 -0.308848 0.504991 -4.93033 2.14972 -1.36228</i>
                        <i>0.216147 0.951425 0.219253 -0.548053 -0.0676169 0.833706 0.808034 -0.300365 0.506816 -4.93068 2.14952 -1.36261</i>
                        <i>0.208448 0.954332 0.214008 -0.547789 -0.0673517 0.833901 0.810233 -0.291056 0.508733 -4.931 2.14931 -1.36293</i>
                        <i>0.200517 0.957233 0.208564 -0.547486 -0.0670554 0.834124 0.812436 -0.281441 0.510626 -4.93127 2.1491 -1.36323</i>
                        <i>0.192673 0.960006 0.203142 -0.547162 -0.0667393 0.834362 0.81455 -0.27191 0.51242 -4.93148 2.14888 -1.3635</i>
                        <i>0.18524 0.962546 0.197966 -0.54683 -0.0664164 0.834605 0.816494 -0.262856 0.514047 -4.93164 2.14868 -1.36373</i>
                        <i>0.178542 0.964765 0.193266 -0.546505 -0.0661017 0.834843 0.818202 -0.254675 0.515447 -4.93172 2.1485 -1.36391</i>
                        <i>0.172907 0.966582 0.189271 -0.546199 -0.0658114 0.835066 0.819616 -0.247768 0.516567 -4.93172 2.14835 -1.36403</i>
                        <i>0.169072 0.967801 0.186483 -0.545922 -0.0655744 0.835266 0.820599 -0.243025 0.517257 -4.93161 2.14824 -1.36406</i>
                        <i>0.167463 0.968327 0.1852 -0.545686 -0.0654119 0.835433 0.821087 -0.240966 0.517448 -4.93138 2.14818 -1.36398</i>
                        <i>0.167938 0.968218 0.18534 -0.545499 -0.0653297 0.835561 0.821114 -0.241425 0.517191 -4.93105 2.14817 -1.36381</i>
                        <i>0.170349 0.967513 0.186817 -0.545373 -0.0653314 0.835644 0.820701 -0.244236 0.516526 -4.93065 2.14821 -1.36357</i>
                        <i>0.174558 0.966231 0.189545 -0.545314 -0.0654181 0.835675 0.819855 -0.249236 0.51548 -4.9302 2.14828 -1.36327</i>
                        <i>0.180476 0.964367 0.193455 -0.545317 -0.0655833 0.83566 0.818571 -0.256311 0.514049 -4.92972 2.1484 -1.36291</i>
                        <i>0.187961 0.96192 0.198445 -0.545376 -0.0658187 0.835604 0.816845 -0.265288 0.512236 -4.9292 2.14856 -1.36251</i>
                        <i>0.19667 0.958953 0.204279 -0.545486 -0.0661092 0.835509 0.814718 -0.275751 0.510094 -4.92867 2.14874 -1.36208</i>
                        <i>0.206204 0.955559 0.210683 -0.545645 -0.0664382 0.835378 0.812251 -0.287217 0.507696 -4.92816 2.14894 -1.36164</i>
                        <i>0.216166 0.951848 0.21739 -0.54585 -0.0667896 0.835217 0.809519 -0.299208 0.505128 -4.92767 2.14917 -1.3612</i>
                        <i>0.226164 0.947952 0.224137 -0.546096 -0.0671481 0.835027 0.806616 -0.311253 0.502486 -4.92723 2.1494 -1.36078</i>
                        <i>0.235809 0.944027 0.230665 -0.546379 -0.0674998 0.834813 0.803657 -0.322887 0.49988 -4.92687 2.14963 -1.36041</i>
                        <i>0.244718 0.940252 0.236725 -0.546696 -0.0678321 0.834579 0.800772 -0.333653 0.497433 -4.92661 2.14985 -1.3601</i>
                        <i>0.252513 0.936824 0.242069 -0.547042 -0.0681341 0.834328 0.798112 -0.343101 0.495277 -4.92647 2.15006 -1.35987</i>
                    </KeyFrames>
                </p>
            </i>
            <i>
                <p>
                    <Name><![CDATA[spine2]]></Name>
                    <Exclude>0</Exclude>
                    <Additive>0</Additive>
                    <IKPriority>0</IKPriority>
                    <IKRotLimits>-1e+010 -1e+010 -1e+010 1e+010 1e+010 1e+010</IKRotLimits>
                    <IKRotLimitOrder>0</IKRotLimitOrder>
                    <KeyFrames count="30">
                        <i>0.488567 0.829917 0.269333 -0.356536 -0.0918427 0.929756 0.796357 -0.550275 0.251024 -4.88469 2.30407 -1.32015</i>
                        <i>0.493771 0.826093 0.27159 -0.356832 -0.0923325 0.929594 0.793008 -0.555918 0.249185 -4.88528 2.30424 -1.3204</i>
                        <i>0.497847 0.823119 0.273174 -0.357074 -0.092505 0.929484 0.790346 -0.560284 0.247861 -4.88607 2.30443 -1.3208</i>
                        <i>0.500578 0.821183 0.274007 -0.357246 -0.0923558 0.929433 0.788541 -0.563142 0.247133 -4.88703 2.30464 -1.32133</i>
                        <i>0.501742 0.820473 0.274005 -0.357332 -0.09188 0.929447 0.787762 -0.564254 0.247081 -4.88814 2.30484 -1.32199</i>
                        <i>0.501111 0.821166 0.273084 -0.357318 -0.091071 0.929532 0.78817 -0.563376 0.24778 -4.88935 2.30503 -1.32275</i>
                        <i>0.498446 0.823426 0.271147 -0.357191 -0.0899211 0.929693 0.789915 -0.560253 0.2493 -4.89064 2.30519 -1.3236</i>
                        <i>0.493636 0.827299 0.26814 -0.356955 -0.0884145 0.929928 0.793036 -0.55476 0.251664 -4.892 2.30531 -1.32455</i>
                        <i>0.486775 0.832656 0.26407 -0.356633 -0.0865252 0.930229 0.79741 -0.546989 0.254834 -4.89344 2.30542 -1.3256</i>
                        <i>0.477918 0.839375 0.258929 -0.356247 -0.0842279 0.930588 0.802921 -0.536988 0.258771 -4.89498 2.30552 -1.32674</i>
                        <i>0.467294 0.847184 0.252816 -0.355824 -0.0815576 0.930988 0.809337 -0.525003 0.263336 -4.8966 2.30561 -1.32796</i>
                        <i>0.455513 0.855542 0.24608 -0.355392 -0.0786791 0.9314 0.816213 -0.51172 0.268213 -4.89821 2.30569 -1.3292</i>
                        <i>0.443074 0.86404 0.238998 -0.354975 -0.0757137 0.931805 0.823212 -0.497697 0.273166 -4.89975 2.30575 -1.3304</i>
                        <i>0.430496 0.872303 0.231865 -0.354589 -0.0727861 0.932185 0.830024 -0.483519 0.277975 -4.90116 2.30579 -1.33151</i>
                        <i>0.418321 0.879992 0.22499 -0.354247 -0.0700236 0.932526 0.836371 -0.469798 0.282443 -4.90237 2.30582 -1.3325</i>
                        <i>0.407109 0.88681 0.218701 -0.353956 -0.067556 0.932819 0.842008 -0.45717 0.286389 -4.90332 2.30583 -1.3333</i>
                        <i>0.397795 0.89227 0.213573 -0.353722 -0.0656347 0.933045 0.846546 -0.446706 0.289506 -4.90386 2.30582 -1.3338</i>
                        <i>0.391053 0.896088 0.210011 -0.353545 -0.0644211 0.933197 0.849755 -0.439178 0.291615 -4.90389 2.30578 -1.33394</i>
                        <i>0.387048 0.898273 0.208084 -0.353424 -0.0639096 0.933278 0.851637 -0.434765 0.292735 -4.90349 2.30573 -1.33376</i>
                        <i>0.38593 0.898809 0.207846 -0.353363 -0.0640922 0.933288 0.852169 -0.433629 0.292871 -4.90269 2.30567 -1.33327</i>
                        <i>0.387794 0.897663 0.209324 -0.35337 -0.0649593 0.933225 0.85132 -0.435868 0.292017 -4.90155 2.3056 -1.33251</i>
                        <i>0.392525 0.894865 0.212463 -0.353442 -0.0665037 0.933089 0.849119 -0.441354 0.290179 -4.90008 2.30551 -1.3315</i>
                        <i>0.399953 0.890437 0.217164 -0.353581 -0.0686986 0.932878 0.845587 -0.449893 0.287365 -4.89832 2.30539 -1.33026</i>
                        <i>0.409654 0.884524 0.223161 -0.353793 -0.0714338 0.932592 0.840841 -0.460993 0.283676 -4.89634 2.30524 -1.32884</i>
                        <i>0.421131 0.877317 0.230137 -0.354083 -0.0745761 0.932236 0.835029 -0.474081 0.279237 -4.89422 2.30506 -1.32731</i>
                        <i>0.433895 0.869018 0.237786 -0.354453 -0.077993 0.931816 0.828311 -0.488594 0.274185 -4.89206 2.30487 -1.32573</i>
                        <i>0.447469 0.859855 0.245807 -0.354896 -0.0815542 0.931342 0.820865 -0.503982 0.268667 -4.88993 2.30466 -1.32416</i>
                        <i>0.461394 0.850084 0.253915 -0.355404 -0.0851318 0.930828 0.812898 -0.519721 0.262844 -4.88794 2.30445 -1.32266</i>
                        <i>0.475232 0.839997 0.26184 -0.355959 -0.0886015 0.930292 0.804641 -0.535309 0.256898 -4.88616 2.30424 -1.32131</i>
                        <i>0.488567 0.829917 0.269333 -0.356536 -0.0918427 0.929756 0.796357 -0.550275 0.251024 -4.88469 2.30407 -1.32015</i>
                    </KeyFrames>
                </p>
            </i>
            <i>
                <p>
                    <Name><![CDATA[head]]></Name>
                    <Exclude>0</Exclude>
                    <Additive>0</Additive>
                    <IKPriority>0</IKPriority>
                    <IKRotLimits>-1e+010 -1e+010 -1e+010 1e+010 1e+010 1e+010</IKRotLimits>
                    <IKRotLimitOrder>0</IKRotLimitOrder>
                    <KeyFrames count="30">
                        <i>-0.087392 0.950729 -0.297452 -0.31884 -0.309582 -0.895824 -0.943771 0.0165518 0.330185 -4.76333 2.52758 -1.25803</i>
                        <i>-0.0711747 0.956332 -0.283483 -0.326316 -0.290889 -0.899389 -0.942577 0.0284911 0.332771 -4.76208 2.52657 -1.25748</i>
                        <i>-0.0550985 0.961419 -0.269513 -0.332939 -0.272165 -0.902816 -0.941337 0.0399875 0.33509 -4.76136 2.52579 -1.25726</i>
                        <i>-0.039822 0.965875 -0.255929 -0.338522 -0.254027 -0.906021 -0.940116 0.0505581 0.337085 -4.76121 2.52527 -1.2574</i>
                        <i>-0.0260206 0.969647 -0.243121 -0.342932 -0.237104 -0.908944 -0.939 0.0597227 0.338692 -4.76168 2.52507 -1.2579</i>
                        <i>-0.0143812 0.972734 -0.231476 -0.346089 -0.222033 -0.91155 -0.938091 0.067002 0.339846 -4.76281 2.52523 -1.25878</i>
                        <i>-0.00559659 0.975172 -0.22138 -0.347956 -0.209448 -0.913815 -0.937494 0.0719163 0.340489 -4.76467 2.52579 -1.26007</i>
                        <i>-8.63709e-005 0.977026 -0.213119 -0.34859 -0.199781 -0.915736 -0.937275 0.0742121 0.340598 -4.76727 2.52676 -1.26178</i>
                        <i>0.00216594 0.978376 -0.206823 -0.348148 -0.193147 -0.917326 -0.937437 0.0739918 0.340201 -4.77059 2.52812 -1.26389</i>
                        <i>0.00112815 0.979253 -0.20264 -0.346748 -0.189685 -0.918578 -0.937958 0.0713013 0.33934 -4.77462 2.52984 -1.26643</i>
                        <i>-0.00302025 0.979673 -0.200579 -0.344532 -0.189318 -0.919487 -0.93877 0.0663287 0.3381 -4.77926 2.53186 -1.26932</i>
                        <i>-0.00966745 0.979677 -0.200349 -0.341725 -0.191532 -0.920076 -0.93975 0.0595695 0.336631 -4.78425 2.53401 -1.27242</i>
                        <i>-0.0183425 0.979262 -0.201767 -0.338488 -0.195967 -0.920339 -0.940792 0.0514143 0.335063 -4.78939 2.53619 -1.27559</i>
                        <i>-0.0285663 0.978419 -0.204646 -0.334971 -0.202263 -0.920263 -0.941795 0.0422622 0.33352 -4.79445 2.53831 -1.27871</i>
                        <i>-0.0398539 0.977146 -0.208801 -0.331316 -0.210068 -0.919837 -0.942678 0.03252 0.332116 -4.79922 2.54027 -1.28164</i>
                        <i>-0.0517175 0.975455 -0.214041 -0.327664 -0.219038 -0.919053 -0.943378 0.0226024 0.330949 -4.80349 2.542 -1.28424</i>
                        <i>-0.0633575 0.973451 -0.219954 -0.324254 -0.228519 -0.917953 -0.943846 0.0131619 0.330124 -4.80684 2.5434 -1.28625</i>
                        <i>-0.0752322 0.970861 -0.227526 -0.320929 -0.239607 -0.916293 -0.944111 0.00408497 0.329603 -4.80901 2.54439 -1.28749</i>
                        <i>-0.0876459 0.967447 -0.237412 -0.317437 -0.253029 -0.913898 -0.94422 -0.00473605 0.329281 -4.80998 2.54499 -1.28796</i>
                        <i>-0.0996085 0.96344 -0.24872 -0.313928 -0.267625 -0.910948 -0.944207 -0.012658 0.329108 -4.80975 2.54519 -1.28768</i>
                        <i>-0.110215 0.959137 -0.260593 -0.310602 -0.282296 -0.907654 -0.944129 -0.0190965 0.329023 -4.80831 2.54498 -1.28665</i>
                        <i>-0.118927 0.954831 -0.272312 -0.307633 -0.296197 -0.904229 -0.944044 -0.0237654 0.328963 -4.80572 2.54435 -1.2849</i>
                        <i>-0.125247 0.950848 -0.283198 -0.305245 -0.308531 -0.900907 -0.944001 -0.0263908 0.328884 -4.80205 2.54331 -1.28248</i>
                        <i>-0.128943 0.947451 -0.292763 -0.303614 -0.318768 -0.897889 -0.94403 -0.0268894 0.328762 -4.79748 2.54187 -1.2795</i>
                        <i>-0.129863 0.944878 -0.300569 -0.302912 -0.32645 -0.895363 -0.944129 -0.025229 0.328608 -4.79224 2.54007 -1.27612</i>
                        <i>-0.12786 0.94335 -0.306176 -0.30332 -0.331111 -0.893511 -0.944272 -0.021375 0.328473 -4.78653 2.53797 -1.27247</i>
                        <i>-0.122782 0.943059 -0.309134 -0.305012 -0.332273 -0.892503 -0.9444 -0.0152938 0.328442 -4.78057 2.53559 -1.2687</i>
                        <i>-0.114471 0.944153 -0.308984 -0.308127 -0.329433 -0.892486 -0.944433 -0.00695706 0.32863 -4.77457 2.53302 -1.26495</i>
                        <i>-0.102745 0.946713 -0.305252 -0.312742 -0.322059 -0.893572 -0.944265 0.00365514 0.329167 -4.76876 2.53032 -1.26134</i>
                        <i>-0.087392 0.950729 -0.297452 -0.31884 -0.309582 -0.895824 -0.943771 0.0165518 0.330185 -4.76333 2.52758 -1.25803</i>
                    </KeyFrames>
                </p>
            </i>
            <i>
                <p>
                    <Name><![CDATA[head_prop]]></Name>
                    <Exclude>0</Exclude>
                    <Additive>0</Additive>
                    <IKPriority>0</IKPriority>
                    <IKRotLimits>-1e+010 -1e+010 -1e+010 1e+010 1e+010 1e+010</IKRotLimits>
                    <IKRotLimitOrder>0</IKRotLimitOrder>
                    <KeyFrames count="30">
                        <i>0.943771 -0.0165518 -0.330185 -0.087392 0.950729 -0.297452 0.31884 0.309582 0.895824 -4.79181 2.83743 -1.35497</i>
                        <i>0.942577 -0.0284911 -0.332771 -0.0711747 0.956332 -0.283483 0.326316 0.290889 0.899389 -4.78528 2.83825 -1.34987</i>
                        <i>0.941337 -0.0399875 -0.33509 -0.0550985 0.961419 -0.269513 0.332939 0.272165 0.902816 -4.77932 2.83912 -1.3451</i>
                        <i>0.940116 -0.0505581 -0.337085 -0.039822 0.965875 -0.255929 0.338522 0.254027 0.906021 -4.77419 2.84006 -1.34081</i>
                        <i>0.939 -0.0597227 -0.338692 -0.0260206 0.969647 -0.243121 0.342932 0.237104 0.908944 -4.77016 2.84109 -1.33713</i>
                        <i>0.938091 -0.067002 -0.339846 -0.0143812 0.972734 -0.231476 0.346089 0.222033 0.91155 -4.7675 2.84225 -1.33422</i>
                        <i>0.937494 -0.0719163 -0.340489 -0.00559659 0.975172 -0.22138 0.347956 0.209448 0.913815 -4.76649 2.84361 -1.33222</i>
                        <i>0.937275 -0.0742121 -0.340598 -8.63709e-005 0.977026 -0.213119 0.34859 0.199781 0.915736 -4.7673 2.84518 -1.33123</i>
                        <i>0.937437 -0.0739918 -0.340201 0.00216594 0.978376 -0.206823 0.348148 0.193147 0.917326 -4.76989 2.84698 -1.3313</i>
                        <i>0.937958 -0.0713013 -0.33934 0.00112815 0.979253 -0.20264 0.346748 0.189685 0.918578 -4.77425 2.84899 -1.33247</i>
                        <i>0.93877 -0.0663287 -0.3381 -0.00302025 0.979673 -0.200579 0.344532 0.189318 0.919487 -4.78025 2.85114 -1.33469</i>
                        <i>0.93975 -0.0595695 -0.336631 -0.00966745 0.979677 -0.200349 0.341725 0.191532 0.920076 -4.7874 2.85329 -1.33772</i>
                        <i>0.940792 -0.0514143 -0.335063 -0.0183425 0.979262 -0.201767 0.338488 0.195967 0.920339 -4.79536 2.85534 -1.34135</i>
                        <i>0.941795 -0.0422622 -0.33352 -0.0285663 0.978419 -0.204646 0.334971 0.202263 0.920263 -4.80376 2.85718 -1.34541</i>
                        <i>0.942678 -0.03252 -0.332116 -0.0398539 0.977146 -0.208801 0.331316 0.210068 0.919837 -4.81221 2.85873 -1.34969</i>
                        <i>0.943378 -0.0226024 -0.330949 -0.0517175 0.975455 -0.214041 0.327664 0.219038 0.919053 -4.82035 2.85991 -1.354</i>
                        <i>0.943846 -0.0131619 -0.330124 -0.0633575 0.973451 -0.219954 0.324254 0.228519 0.917953 -4.82749 2.86065 -1.35793</i>
                        <i>0.944111 -0.00408497 -0.329603 -0.0752322 0.970861 -0.227526 0.320929 0.239607 0.916293 -4.83353 2.86081 -1.36164</i>
                        <i>0.94422 0.00473605 -0.329281 -0.0876459 0.967447 -0.237412 0.317437 0.253029 0.913898 -4.83855 2.86029 -1.36534</i>
                        <i>0.944207 0.012658 -0.329108 -0.0996085 0.96344 -0.24872 0.313928 0.267625 0.910948 -4.84221 2.85918 -1.36874</i>
                        <i>0.944129 0.0190965 -0.329023 -0.110215 0.959137 -0.260593 0.310602 0.282296 0.907654 -4.84423 2.85757 -1.37158</i>
                        <i>0.944044 0.0237654 -0.328963 -0.118927 0.954831 -0.272312 0.307633 0.296197 0.904229 -4.84448 2.85554 -1.37365</i>
                        <i>0.944001 0.0263908 -0.328884 -0.125247 0.950848 -0.283198 0.305245 0.308531 0.900907 -4.84287 2.8532 -1.37477</i>
                        <i>0.94403 0.0268894 -0.328762 -0.128943 0.947451 -0.292763 0.303614 0.318768 0.897889 -4.83951 2.85065 -1.37492</i>
                        <i>0.944129 0.025229 -0.328608 -0.129863 0.944878 -0.300569 0.302912 0.32645 0.895363 -4.83456 2.84802 -1.37408</i>
                        <i>0.944272 0.021375 -0.328473 -0.12786 0.94335 -0.306176 0.30332 0.331111 0.893511 -4.8282 2.84541 -1.37226</i>
                        <i>0.9444 0.0152938 -0.328442 -0.122782 0.943059 -0.309134 0.305012 0.332273 0.892503 -4.82058 2.84295 -1.36945</i>
                        <i>0.944433 0.00695706 -0.32863 -0.114471 0.944153 -0.308984 0.308127 0.329433 0.892486 -4.81188 2.84073 -1.36565</i>
                        <i>0.944265 -0.00365514 -0.329167 -0.102745 0.946713 -0.305252 0.312742 0.322059 0.893572 -4.80224 2.83886 -1.36083</i>
                        <i>0.943771 -0.0165518 -0.330185 -0.087392 0.950729 -0.297452 0.31884 0.309582 0.895824 -4.79181 2.83743 -1.35497</i>
                    </KeyFrames>
                </p>
            </i>
            <i>
                <p>
                    <Name><![CDATA[l_clav]]></Name>
                    <Exclude>0</Exclude>
                    <Additive>0</Additive>
                    <IKPriority>0</IKPriority>
                    <IKRotLimits>-1e+010 -1e+010 -1e+010 1e+010 1e+010 1e+010</IKRotLimits>
                    <IKRotLimitOrder>0</IKRotLimitOrder>
                    <KeyFrames count="30">
                        <i>0.38748 0.135595 -0.911852 0.318949 0.90832 0.270603 0.864946 -0.395687 0.308708 -4.79804 2.34361 -1.371</i>
                        <i>0.388319 0.135982 -0.911437 0.328156 0.903813 0.274656 0.861117 -0.405747 0.306344 -4.79869 2.34349 -1.37129</i>
                        <i>0.389052 0.136127 -0.911103 0.336031 0.899906 0.277944 0.857742 -0.414293 0.304367 -4.7996 2.34346 -1.37175</i>
                        <i>0.389639 0.13604 -0.910865 0.342169 0.896852 0.280317 0.855045 -0.420892 0.302899 -4.80071 2.34352 -1.37238</i>
                        <i>0.390041 0.135731 -0.910739 0.346168 0.894906 0.281624 0.85325 -0.425113 0.302064 -4.802 2.34367 -1.37315</i>
                        <i>0.39022 0.135207 -0.91074 0.34762 0.894315 0.281712 0.852577 -0.426521 0.301979 -4.80343 2.34391 -1.37405</i>
                        <i>0.39014 0.134477 -0.910882 0.346113 0.895304 0.280421 0.853227 -0.424672 0.302749 -4.80497 2.34423 -1.37508</i>
                        <i>0.389787 0.133526 -0.911173 0.341479 0.897938 0.277667 0.855253 -0.419377 0.304409 -4.80661 2.34463 -1.37621</i>
                        <i>0.389192 0.132312 -0.911605 0.333937 0.902047 0.273492 0.858496 -0.410859 0.306885 -4.80838 2.34512 -1.37747</i>
                        <i>0.388377 0.130792 -0.912171 0.323643 0.907456 0.267914 0.862797 -0.39927 0.310105 -4.81027 2.34571 -1.37884</i>
                        <i>0.387382 0.128975 -0.912853 0.310941 0.91387 0.261071 0.8679 -0.384978 0.313913 -4.81229 2.34638 -1.38033</i>
                        <i>0.386272 0.126976 -0.913603 0.296588 0.920782 0.253371 0.873401 -0.368834 0.318013 -4.81431 2.34709 -1.38183</i>
                        <i>0.385098 0.124877 -0.914388 0.281209 0.927808 0.245142 0.878989 -0.351538 0.322181 -4.81626 2.34781 -1.38331</i>
                        <i>0.383912 0.122764 -0.915172 0.265449 0.934611 0.236726 0.884391 -0.333813 0.326221 -4.81807 2.3485 -1.38469</i>
                        <i>0.382761 0.120727 -0.915925 0.249967 0.940911 0.228481 0.889387 -0.316405 0.329966 -4.81965 2.34915 -1.38591</i>
                        <i>0.38169 0.118862 -0.916616 0.235441 0.946481 0.220776 0.893801 -0.300077 0.333277 -4.82092 2.34973 -1.38692</i>
                        <i>0.380758 0.117353 -0.917198 0.222873 0.951023 0.214203 0.897413 -0.285978 0.335955 -4.82168 2.3502 -1.38757</i>
                        <i>0.380008 0.116324 -0.91764 0.213035 0.954385 0.209203 0.900117 -0.274988 0.337893 -4.82182 2.35051 -1.38778</i>
                        <i>0.379465 0.115782 -0.917933 0.20626 0.956584 0.205923 0.901922 -0.267473 0.339109 -4.8214 2.35067 -1.38759</i>
                        <i>0.379155 0.115733 -0.918067 0.202873 0.957612 0.204503 0.90282 -0.263789 0.339604 -4.82047 2.35068 -1.38701</i>
                        <i>0.3791 0.116183 -0.918033 0.203124 0.957442 0.20505 0.902787 -0.264209 0.339366 -4.81909 2.35053 -1.38609</i>
                        <i>0.37929 0.11715 -0.917832 0.206904 0.956096 0.207536 0.901848 -0.26862 0.338399 -4.81729 2.35022 -1.38486</i>
                        <i>0.379719 0.118628 -0.917464 0.214066 0.95356 0.211893 0.899994 -0.276858 0.336691 -4.8151 2.34973 -1.38333</i>
                        <i>0.380368 0.12054 -0.916946 0.224187 0.949881 0.217868 0.897251 -0.288438 0.334281 -4.81262 2.34909 -1.38159</i>
                        <i>0.381216 0.122787 -0.916296 0.236765 0.945118 0.225153 0.893654 -0.302778 0.331223 -4.80997 2.34832 -1.37971</i>
                        <i>0.382238 0.125267 -0.915534 0.251293 0.939339 0.233439 0.889239 -0.319296 0.327572 -4.80726 2.34745 -1.37777</i>
                        <i>0.383407 0.127882 -0.914683 0.267269 0.93263 0.242422 0.884062 -0.337413 0.323398 -4.80461 2.34651 -1.37586</i>
                        <i>0.384694 0.130537 -0.913767 0.284194 0.92511 0.251803 0.878205 -0.356554 0.318787 -4.80211 2.34552 -1.37404</i>
                        <i>0.386064 0.133138 -0.912814 0.30158 0.916939 0.261289 0.871782 -0.376161 0.313846 -4.79988 2.34454 -1.37239</i>
                        <i>0.38748 0.135595 -0.911852 0.318949 0.90832 0.270603 0.864946 -0.395687 0.308708 -4.79804 2.34361 -1.371</i>
                    </KeyFrames>
                </p>
            </i>
            <i>
                <p>
                    <Name><![CDATA[l_shoulder]]></Name>
                    <Exclude>0</Exclude>
                    <Additive>0</Additive>
                    <IKPriority>0</IKPriority>
                    <IKRotLimits>-1e+010 -1e+010 -1e+010 1e+010 1e+010 1e+010</IKRotLimits>
                    <IKRotLimitOrder>0</IKRotLimitOrder>
                    <KeyFrames count="30">
                        <i>0.659263 -0.691181 -0.296043 0.734232 0.676643 0.0552925 0.162098 -0.253817 0.953573 -4.72148 2.3704 -1.55116</i>
                        <i>0.666862 -0.684555 -0.294416 0.729409 0.680499 0.0698864 0.152509 -0.261354 0.953119 -4.72197 2.37035 -1.55137</i>
                        <i>0.675618 -0.677086 -0.29171 0.723576 0.684828 0.0862973 0.141341 -0.269379 0.952606 -4.72273 2.37035 -1.55177</i>
                        <i>0.684843 -0.669356 -0.288014 0.717103 0.689281 0.10322 0.129432 -0.277225 0.952047 -4.72372 2.3704 -1.55235</i>
                        <i>0.693901 -0.661929 -0.283463 0.710409 0.693585 0.119412 0.117563 -0.284235 0.95152 -4.72494 2.37049 -1.55309</i>
                        <i>0.702217 -0.655345 -0.278235 0.70396 0.69754 0.133712 0.106452 -0.289761 0.951161 -4.72633 2.37063 -1.554</i>
                        <i>0.709279 -0.650112 -0.272537 0.698255 0.701004 0.145029 0.0967646 -0.293167 0.951152 -4.72789 2.3708 -1.55505</i>
                        <i>0.714626 -0.646727 -0.266558 0.693804 0.703879 0.152283 0.0891389 -0.293765 0.951712 -4.7296 2.37102 -1.55624</i>
                        <i>0.717822 -0.645687 -0.260423 0.691113 0.706076 0.154337 0.0842252 -0.290768 0.953079 -4.73148 2.37127 -1.55758</i>
                        <i>0.719599 -0.646282 -0.253961 0.689641 0.707866 0.152716 0.0810728 -0.285036 0.955082 -4.73354 2.37155 -1.55907</i>
                        <i>0.720988 -0.64742 -0.247028 0.688511 0.709582 0.149821 0.0782894 -0.278101 0.957356 -4.73575 2.37186 -1.56069</i>
                        <i>0.721943 -0.649003 -0.239986 0.687766 0.711131 0.145848 0.0760056 -0.270348 0.959758 -4.73799 2.37218 -1.56234</i>
                        <i>0.722443 -0.650952 -0.233103 0.687425 0.712444 0.140961 0.0743146 -0.262077 0.962181 -4.74018 2.37248 -1.56397</i>
                        <i>0.722463 -0.653201 -0.226659 0.687511 0.713454 0.135321 0.0733193 -0.253595 0.964528 -4.74222 2.37276 -1.56551</i>
                        <i>0.721974 -0.655696 -0.220942 0.688044 0.714095 0.129087 0.0731321 -0.245216 0.966706 -4.74402 2.37301 -1.56688</i>
                        <i>0.72094 -0.658394 -0.21625 0.689049 0.714301 0.122413 0.0738716 -0.237259 0.968634 -4.74551 2.37322 -1.56803</i>
                        <i>0.719194 -0.661266 -0.21328 0.690655 0.713898 0.115523 0.0758691 -0.230386 0.970137 -4.74645 2.37338 -1.56879</i>
                        <i>0.716648 -0.664293 -0.21244 0.692913 0.712799 0.108579 0.0792986 -0.225015 0.971123 -4.74674 2.37349 -1.56909</i>
                        <i>0.713369 -0.667447 -0.213586 0.695732 0.711074 0.101643 0.0840342 -0.221107 0.971622 -4.74642 2.37355 -1.56895</i>
                        <i>0.709423 -0.670686 -0.216565 0.699022 0.708792 0.0947755 0.089935 -0.21862 0.971657 -4.74556 2.37355 -1.5684</i>
                        <i>0.704872 -0.673955 -0.221223 0.702692 0.706024 0.0880563 0.096843 -0.21752 0.97124 -4.74419 2.37349 -1.56748</i>
                        <i>0.699783 -0.677182 -0.227438 0.70666 0.702829 0.0816284 0.104573 -0.217843 0.970365 -4.74235 2.37336 -1.5662</i>
                        <i>0.69424 -0.680284 -0.23504 0.710832 0.699284 0.0756324 0.112908 -0.219581 0.969039 -4.74007 2.37317 -1.56461</i>
                        <i>0.688403 -0.683169 -0.243682 0.715073 0.695518 0.0701817 0.121539 -0.222564 0.967312 -4.73747 2.37291 -1.56276</i>
                        <i>0.682466 -0.685744 -0.252971 0.719239 0.691679 0.0653873 0.130136 -0.226571 0.965262 -4.73465 2.37258 -1.56075</i>
                        <i>0.676645 -0.687919 -0.262523 0.723189 0.687919 0.0613651 0.13838 -0.231376 0.962972 -4.73174 2.3722 -1.55866</i>
                        <i>0.67117 -0.689613 -0.271965 0.726789 0.684387 0.0582326 0.145972 -0.236745 0.960544 -4.72885 2.37177 -1.55658</i>
                        <i>0.666283 -0.690756 -0.280934 0.729913 0.681234 0.056105 0.152627 -0.242439 0.958086 -4.7261 2.37132 -1.55458</i>
                        <i>0.662231 -0.691293 -0.289076 0.732434 0.678605 0.0550918 0.158084 -0.248212 0.95572 -4.72361 2.37085 -1.55274</i>
                        <i>0.659263 -0.691181 -0.296043 0.734232 0.676643 0.0552925 0.162098 -0.253817 0.953573 -4.72148 2.3704 -1.55116</i>
                    </KeyFrames>
                </p>
            </i>
            <i>
                <p>
                    <Name><![CDATA[l_elbow]]></Name>
                    <Exclude>0</Exclude>
                    <Additive>0</Additive>
                    <IKPriority>0</IKPriority>
                    <IKRotLimits>-1e+010 -1e+010 -1e+010 1e+010 1e+010 1e+010</IKRotLimits>
                    <IKRotLimitOrder>0</IKRotLimitOrder>
                    <KeyFrames count="30">
                        <i>0.333674 -0.433921 0.836883 0.734574 0.676075 0.0576601 -0.590816 0.595513 0.544336 -4.50704 2.14557 -1.64745</i>
                        <i>0.32758 -0.44041 0.835901 0.729726 0.679912 0.0722528 -0.60016 0.58631 0.544104 -4.50506 2.14768 -1.64713</i>
                        <i>0.321149 -0.447882 0.834425 0.723865 0.684221 0.0886621 -0.610641 0.575538 0.543943 -4.50296 2.15011 -1.64665</i>
                        <i>0.314988 -0.455757 0.832507 0.717362 0.688654 0.105583 -0.62143 0.563952 0.54386 -4.50096 2.15267 -1.64603</i>
                        <i>0.309652 -0.463464 0.830251 0.710638 0.69294 0.121774 -0.631752 0.5523 0.543925 -4.49923 2.15518 -1.6453</i>
                        <i>0.305632 -0.470461 0.827801 0.70416 0.696881 0.136073 -0.640895 0.541317 0.54427 -4.49792 2.15746 -1.6445</i>
                        <i>0.303362 -0.476231 0.825333 0.698431 0.700336 0.147389 -0.648203 0.531726 0.54507 -4.49718 2.15933 -1.6437</i>
