<?xml version="1.0" encoding="ISO-8859-1" ?>
<Animl Version="1">
    <ModellingPackage><![CDATA[Maya.2010]]></ModellingPackage>
    <SrcFile><![CDATA[anims\turrets\antiair\red\~src\aa_s125_launcher\aa_s125_launcher_aim_random_crewman_b.mb]]></SrcFile>
    <FramesPerSecond>30</FramesPerSecond>
    <TotalFrames>90</TotalFrames>
    <Skeleton>
        <RefFrame>
            <Name><![CDATA[soldier_ref_frame]]></Name>
            <Exclude>0</Exclude>
            <Additive>0</Additive>
            <IKPriority>0</IKPriority>
            <IKRotLimits>-1e+010 -1e+010 -1e+010 1e+010 1e+010 1e+010</IKRotLimits>
            <IKRotLimitOrder>0</IKRotLimitOrder>
            <KeyFrames count="90">
                <i>1 0 0 0 1 0 0 0 1 -4.8647 1.29477 -1.34517</i>
                <i>1 0 0 0 1 0 0 0 1 -4.8647 1.29477 -1.34517</i>
                <i>1 0 0 0 1 0 0 0 1 -4.8647 1.29477 -1.34517</i>
                <i>1 0 0 0 1 0 0 0 1 -4.8647 1.29477 -1.34517</i>
                <i>1 0 0 0 1 0 0 0 1 -4.8647 1.29477 -1.34517</i>
                <i>1 0 0 0 1 0 0 0 1 -4.8647 1.29477 -1.34517</i>
                <i>1 0 0 0 1 0 0 0 1 -4.8647 1.29477 -1.34517</i>
                <i>1 0 0 0 1 0 0 0 1 -4.8647 1.29477 -1.34517</i>
                <i>1 0 0 0 1 0 0 0 1 -4.8647 1.29477 -1.34517</i>
                <i>1 0 0 0 1 0 0 0 1 -4.8647 1.29477 -1.34517</i>
                <i>1 0 0 0 1 0 0 0 1 -4.8647 1.29477 -1.34517</i>
                <i>1 0 0 0 1 0 0 0 1 -4.8647 1.29477 -1.34517</i>
                <i>1 0 0 0 1 0 0 0 1 -4.8647 1.29477 -1.34517</i>
                <i>1 0 0 0 1 0 0 0 1 -4.8647 1.29477 -1.34517</i>
                <i>1 0 0 0 1 0 0 0 1 -4.8647 1.29477 -1.34517</i>
                <i>1 0 0 0 1 0 0 0 1 -4.8647 1.29477 -1.34517</i>
                <i>1 0 0 0 1 0 0 0 1 -4.8647 1.29477 -1.34517</i>
                <i>1 0 0 0 1 0 0 0 1 -4.8647 1.29477 -1.34517</i>
                <i>1 0 0 0 1 0 0 0 1 -4.8647 1.29477 -1.34517</i>
                <i>1 0 0 0 1 0 0 0 1 -4.8647 1.29477 -1.34517</i>
                <i>1 0 0 0 1 0 0 0 1 -4.8647 1.29477 -1.34517</i>
                <i>1 0 0 0 1 0 0 0 1 -4.8647 1.29477 -1.34517</i>
                <i>1 0 0 0 1 0 0 0 1 -4.8647 1.29477 -1.34517</i>
                <i>1 0 0 0 1 0 0 0 1 -4.8647 1.29477 -1.34517</i>
                <i>1 0 0 0 1 0 0 0 1 -4.8647 1.29477 -1.34517</i>
                <i>1 0 0 0 1 0 0 0 1 -4.8647 1.29477 -1.34517</i>
                <i>1 0 0 0 1 0 0 0 1 -4.8647 1.29477 -1.34517</i>
                <i>1 0 0 0 1 0 0 0 1 -4.8647 1.29477 -1.34517</i>
                <i>1 0 0 0 1 0 0 0 1 -4.8647 1.29477 -1.34517</i>
                <i>1 0 0 0 1 0 0 0 1 -4.8647 1.29477 -1.34517</i>
                <i>1 0 0 0 1 0 0 0 1 -4.8647 1.29477 -1.34517</i>
                <i>1 0 0 0 1 0 0 0 1 -4.8647 1.29477 -1.34517</i>
                <i>1 0 0 0 1 0 0 0 1 -4.8647 1.29477 -1.34517</i>
                <i>1 0 0 0 1 0 0 0 1 -4.8647 1.29477 -1.34517</i>
                <i>1 0 0 0 1 0 0 0 1 -4.8647 1.29477 -1.34517</i>
                <i>1 0 0 0 1 0 0 0 1 -4.8647 1.29477 -1.34517</i>
                <i>1 0 0 0 1 0 0 0 1 -4.8647 1.29477 -1.34517</i>
                <i>1 0 0 0 1 0 0 0 1 -4.8647 1.29477 -1.34517</i>
                <i>1 0 0 0 1 0 0 0 1 -4.8647 1.29477 -1.34517</i>
                <i>1 0 0 0 1 0 0 0 1 -4.8647 1.29477 -1.34517</i>
                <i>1 0 0 0 1 0 0 0 1 -4.8647 1.29477 -1.34517</i>
                <i>1 0 0 0 1 0 0 0 1 -4.8647 1.29477 -1.34517</i>
                <i>1 0 0 0 1 0 0 0 1 -4.8647 1.29477 -1.34517</i>
                <i>1 0 0 0 1 0 0 0 1 -4.8647 1.29477 -1.34517</i>
                <i>1 0 0 0 1 0 0 0 1 -4.8647 1.29477 -1.34517</i>
                <i>1 0 0 0 1 0 0 0 1 -4.8647 1.29477 -1.34517</i>
                <i>1 0 0 0 1 0 0 0 1 -4.8647 1.29477 -1.34517</i>
                <i>1 0 0 0 1 0 0 0 1 -4.8647 1.29477 -1.34517</i>
                <i>1 0 0 0 1 0 0 0 1 -4.8647 1.29477 -1.34517</i>
                <i>1 0 0 0 1 0 0 0 1 -4.8647 1.29477 -1.34517</i>
                <i>1 0 0 0 1 0 0 0 1 -4.8647 1.29477 -1.34517</i>
                <i>1 0 0 0 1 0 0 0 1 -4.8647 1.29477 -1.34517</i>
                <i>1 0 0 0 1 0 0 0 1 -4.8647 1.29477 -1.34517</i>
                <i>1 0 0 0 1 0 0 0 1 -4.8647 1.29477 -1.34517</i>
                <i>1 0 0 0 1 0 0 0 1 -4.8647 1.29477 -1.34517</i>
                <i>1 0 0 0 1 0 0 0 1 -4.8647 1.29477 -1.34517</i>
                <i>1 0 0 0 1 0 0 0 1 -4.8647 1.29477 -1.34517</i>
                <i>1 0 0 0 1 0 0 0 1 -4.8647 1.29477 -1.34517</i>
                <i>1 0 0 0 1 0 0 0 1 -4.8647 1.29477 -1.34517</i>
                <i>1 0 0 0 1 0 0 0 1 -4.8647 1.29477 -1.34517</i>
                <i>1 0 0 0 1 0 0 0 1 -4.8647 1.29477 -1.34517</i>
                <i>1 0 0 0 1 0 0 0 1 -4.8647 1.29477 -1.34517</i>
                <i>1 0 0 0 1 0 0 0 1 -4.8647 1.29477 -1.34517</i>
                <i>1 0 0 0 1 0 0 0 1 -4.8647 1.29477 -1.34517</i>
                <i>1 0 0 0 1 0 0 0 1 -4.8647 1.29477 -1.34517</i>
                <i>1 0 0 0 1 0 0 0 1 -4.8647 1.29477 -1.34517</i>
                <i>1 0 0 0 1 0 0 0 1 -4.8647 1.29477 -1.34517</i>
                <i>1 0 0 0 1 0 0 0 1 -4.8647 1.29477 -1.34517</i>
                <i>1 0 0 0 1 0 0 0 1 -4.8647 1.29477 -1.34517</i>
                <i>1 0 0 0 1 0 0 0 1 -4.8647 1.29477 -1.34517</i>
                <i>1 0 0 0 1 0 0 0 1 -4.8647 1.29477 -1.34517</i>
                <i>1 0 0 0 1 0 0 0 1 -4.8647 1.29477 -1.34517</i>
                <i>1 0 0 0 1 0 0 0 1 -4.8647 1.29477 -1.34517</i>
                <i>1 0 0 0 1 0 0 0 1 -4.8647 1.29477 -1.34517</i>
                <i>1 0 0 0 1 0 0 0 1 -4.8647 1.29477 -1.34517</i>
                <i>1 0 0 0 1 0 0 0 1 -4.8647 1.29477 -1.34517</i>
                <i>1 0 0 0 1 0 0 0 1 -4.8647 1.29477 -1.34517</i>
                <i>1 0 0 0 1 0 0 0 1 -4.8647 1.29477 -1.34517</i>
                <i>1 0 0 0 1 0 0 0 1 -4.8647 1.29477 -1.34517</i>
                <i>1 0 0 0 1 0 0 0 1 -4.8647 1.29477 -1.34517</i>
                <i>1 0 0 0 1 0 0 0 1 -4.8647 1.29477 -1.34517</i>
                <i>1 0 0 0 1 0 0 0 1 -4.8647 1.29477 -1.34517</i>
                <i>1 0 0 0 1 0 0 0 1 -4.8647 1.29477 -1.34517</i>
                <i>1 0 0 0 1 0 0 0 1 -4.8647 1.29477 -1.34517</i>
                <i>1 0 0 0 1 0 0 0 1 -4.8647 1.29477 -1.34517</i>
                <i>1 0 0 0 1 0 0 0 1 -4.8647 1.29477 -1.34517</i>
                <i>1 0 0 0 1 0 0 0 1 -4.8647 1.29477 -1.34517</i>
                <i>1 0 0 0 1 0 0 0 1 -4.8647 1.29477 -1.34517</i>
                <i>1 0 0 0 1 0 0 0 1 -4.8647 1.29477 -1.34517</i>
                <i>1 0 0 0 1 0 0 0 1 -4.8647 1.29477 -1.34517</i>
            </KeyFrames>
        </RefFrame>
        <Bones count="23">
            <i>
                <p>
                    <Name><![CDATA[pelvis]]></Name>
                    <Exclude>0</Exclude>
                    <Additive>0</Additive>
                    <IKPriority>0</IKPriority>
                    <IKRotLimits>-1e+010 -1e+010 -1e+010 1e+010 1e+010 1e+010</IKRotLimits>
                    <IKRotLimitOrder>2</IKRotLimitOrder>
                    <KeyFrames count="90">
                        <i>1 0 0 0 1 0 0 0 1 -4.86484 1.84217 -1.345</i>
                        <i>1 0 0 0 1 0 0 0 1 -4.83898 1.86948 -1.33768</i>
                        <i>1 0 0 0 1 0 0 0 1 -4.78214 1.93398 -1.31976</i>
                        <i>1 0 0 0 1 0 0 0 1 -4.72543 2.00954 -1.29725</i>
                        <i>1 0 0 0 1 0 0 0 1 -4.7 2.07 -1.27619</i>
                        <i>1 0 0 0 1 0 0 0 1 -4.71533 2.11501 -1.25599</i>
                        <i>1 0 0 0 1 0 0 0 1 -4.75209 2.15879 -1.23375</i>
                        <i>1 0 0 0 1 0 0 0 1 -4.79819 2.19706 -1.21199</i>
                        <i>1 0 0 0 1 0 0 0 1 -4.84153 2.22555 -1.19323</i>
                        <i>1 0 0 0 1 0 0 0 1 -4.87 2.24 -1.18</i>
                        <i>1 0 0 0 1 0 0 0 1 -4.88093 2.23392 -1.17394</i>
                        <i>1 0 0 0 1 0 0 0 1 -4.88239 2.21016 -1.17337</i>
                        <i>1 0 0 0 1 0 0 0 1 -4.87838 2.17844 -1.17583</i>
                        <i>1 0 0 0 1 0 0 0 1 -4.87292 2.14848 -1.17886</i>
                        <i>1 0 0 0 1 0 0 0 1 -4.87 2.13 -1.18</i>
                        <i>1 0 0 0 1 0 0 0 1 -4.86971 2.13116 -1.17941</i>
                        <i>1 0 0 0 1 0 0 0 1 -4.869 2.13407 -1.17797</i>
                        <i>1 0 0 0 1 0 0 0 1 -4.86813 2.1379 -1.17622</i>
                        <i>1 0 0 0 1 0 0 0 1 -4.86736 2.14181 -1.17466</i>
                        <i>1 0 0 0 1 0 0 0 1 -4.86694 2.14497 -1.17382</i>
                        <i>1 0 0 0 1 0 0 0 1 -4.86694 2.14541 -1.17382</i>
                        <i>1 0 0 0 1 0 0 0 1 -4.86694 2.14667 -1.17382</i>
                        <i>1 0 0 0 1 0 0 0 1 -4.86694 2.14861 -1.17382</i>
                        <i>1 0 0 0 1 0 0 0 1 -4.86694 2.15111 -1.17382</i>
                        <i>1 0 0 0 1 0 0 0 1 -4.86694 2.15405 -1.17382</i>
                        <i>1 0 0 0 1 0 0 0 1 -4.86694 2.1573 -1.17382</i>
                        <i>1 0 0 0 1 0 0 0 1 -4.86694 2.16073 -1.17382</i>
                        <i>1 0 0 0 1 0 0 0 1 -4.86694 2.16423 -1.17382</i>
                        <i>1 0 0 0 1 0 0 0 1 -4.86694 2.16767 -1.17382</i>
                        <i>1 0 0 0 1 0 0 0 1 -4.86694 2.17092 -1.17382</i>
                        <i>1 0 0 0 1 0 0 0 1 -4.86694 2.17385 -1.17382</i>
                        <i>1 0 0 0 1 0 0 0 1 -4.86694 2.17636 -1.17382</i>
                        <i>1 0 0 0 1 0 0 0 1 -4.86694 2.1783 -1.17382</i>
                        <i>1 0 0 0 1 0 0 0 1 -4.86694 2.17955 -1.17382</i>
                        <i>1 0 0 0 1 0 0 0 1 -4.86694 2.18 -1.17382</i>
                        <i>1 0 0 0 1 0 0 0 1 -4.86739 2.16371 -1.17469</i>
                        <i>1 0 0 0 1 0 0 0 1 -4.86822 2.13182 -1.1763</i>
                        <i>1 0 0 0 1 0 0 0 1 -4.86913 2.09408 -1.1781</i>
                        <i>1 0 0 0 1 0 0 0 1 -4.86983 2.06023 -1.17952</i>
                        <i>1 0 0 0 1 0 0 0 1 -4.87 2.04 -1.18</i>
                        <i>1 0 0 0 1 0 0 0 1 -4.86884 2.04429 -1.17911</i>
                        <i>1 0 0 0 1 0 0 0 1 -4.86633 2.0544 -1.177</i>
                        <i>1 0 0 0 1 0 0 0 1 -4.8639 2.0662 -1.17455</i>
                        <i>1 0 0 0 1 0 0 0 1 -4.86299 2.07554 -1.17261</i>
                        <i>1 0 0 0 1 0 0 0 1 -4.86504 2.07829 -1.17203</i>
                        <i>1 0 0 0 1 0 0 0 1 -4.86959 2.07563 -1.17257</i>
                        <i>1 0 0 0 1 0 0 0 1 -4.87513 2.07165 -1.17334</i>
                        <i>1 0 0 0 1 0 0 0 1 -4.88146 2.06658 -1.17431</i>
                        <i>1 0 0 0 1 0 0 0 1 -4.88839 2.06063 -1.17545</i>
                        <i>1 0 0 0 1 0 0 0 1 -4.89573 2.05404 -1.17671</i>
                        <i>1 0 0 0 1 0 0 0 1 -4.9033 2.04701 -1.17806</i>
                        <i>1 0 0 0 1 0 0 0 1 -4.91089 2.03979 -1.17946</i>
                        <i>1 0 0 0 1 0 0 0 1 -4.91833 2.03259 -1.18088</i>
                        <i>1 0 0 0 1 0 0 0 1 -4.92542 2.02563 -1.18227</i>
                        <i>1 0 0 0 1 0 0 0 1 -4.93198 2.01914 -1.1836</i>
                        <i>1 0 0 0 1 0 0 0 1 -4.9378 2.01334 -1.18483</i>
                        <i>1 0 0 0 1 0 0 0 1 -4.9427 2.00845 -1.18592</i>
                        <i>1 0 0 0 1 0 0 0 1 -4.9465 2.00471 -1.18684</i>
                        <i>1 0 0 0 1 0 0 0 1 -4.94899 2.00232 -1.18755</i>
                        <i>1 0 0 0 1 0 0 0 1 -4.95 2.00153 -1.188</i>
                        <i>1 0 0 0 1 0 0 0 1 -4.94792 2.00378 -1.18804</i>
                        <i>1 0 0 0 1 0 0 0 1 -4.94193 2.00977 -1.18758</i>
                        <i>1 0 0 0 1 0 0 0 1 -4.93301 2.01858 -1.18674</i>
                        <i>1 0 0 0 1 0 0 0 1 -4.92213 2.02925 -1.18565</i>
                        <i>1 0 0 0 1 0 0 0 1 -4.91025 2.04085 -1.1844</i>
                        <i>1 0 0 0 1 0 0 0 1 -4.89835 2.05244 -1.18312</i>
                        <i>1 0 0 0 1 0 0 0 1 -4.8874 2.06309 -1.18193</i>
                        <i>1 0 0 0 1 0 0 0 1 -4.87838 2.07186 -1.18093</i>
                        <i>1 0 0 0 1 0 0 0 1 -4.87226 2.07781 -1.18025</i>
                        <i>1 0 0 0 1 0 0 0 1 -4.87 2.08 -1.18</i>
                        <i>1 0 0 0 1 0 0 0 1 -4.86997 2.08008 -1.17953</i>
                        <i>1 0 0 0 1 0 0 0 1 -4.87324 2.07863 -1.17864</i>
                        <i>1 0 0 0 1 0 0 0 1 -4.87892 2.07571 -1.17756</i>
                        <i>1 0 0 0 1 0 0 0 1 -4.88611 2.07138 -1.17653</i>
                        <i>1 0 0 0 1 0 0 0 1 -4.89389 2.06569 -1.17578</i>
                        <i>1 0 0 0 1 0 0 0 1 -4.90137 2.05869 -1.17554</i>
                        <i>1 0 0 0 1 0 0 0 1 -4.90765 2.05045 -1.17605</i>
                        <i>1 0 0 0 1 0 0 0 1 -4.91183 2.04103 -1.17754</i>
                        <i>1 0 0 0 1 0 0 0 1 -4.91299 2.03047 -1.18025</i>
                        <i>1 0 0 0 1 0 0 0 1 -4.91025 2.01885 -1.1844</i>
                        <i>1 0 0 0 1 0 0 0 1 -4.89106 1.99832 -1.19433</i>
                        <i>1 0 0 0 1 0 0 0 1 -4.85489 1.96719 -1.21134</i>
                        <i>1 0 0 0 1 0 0 0 1 -4.81884 1.93467 -1.23112</i>
                        <i>1 0 0 0 1 0 0 0 1 -4.8 1.91 -1.24938</i>
                        <i>1 0 0 0 1 0 0 0 1 -4.80165 1.89271 -1.26762</i>
                        <i>1 0 0 0 1 0 0 0 1 -4.81278 1.87671 -1.28845</i>
                        <i>1 0 0 0 1 0 0 0 1 -4.82902 1.86283 -1.30923</i>
                        <i>1 0 0 0 1 0 0 0 1 -4.84601 1.8519 -1.32735</i>
                        <i>1 0 0 0 1 0 0 0 1 -4.85941 1.84474 -1.34014</i>
                        <i>1 0 0 0 1 0 0 0 1 -4.86484 1.84217 -1.345</i>
                    </KeyFrames>
                </p>
            </i>
            <i>
                <p>
                    <Name><![CDATA[spine0]]></Name>
                    <Exclude>0</Exclude>
                    <Additive>0</Additive>
                    <IKPriority>0</IKPriority>
                    <IKRotLimits>-1e+010 -1e+010 -1e+010 1e+010 1e+010 1e+010</IKRotLimits>
                    <IKRotLimitOrder>0</IKRotLimitOrder>
                    <KeyFrames count="90">
                        <i>-0.0444735 0.994293 0.0969701 -0.704236 -0.100049 0.702881 0.708572 -0.0370302 0.704666 -4.917 1.97233 -1.37717</i>
                        <i>-0.0480211 0.993487 0.10333 -0.712137 -0.106593 0.693902 0.700397 -0.0402631 0.712617 -4.89314 1.99917 -1.36839</i>
                        <i>-0.0538917 0.99143 0.119007 -0.735368 -0.120031 0.666953 0.675521 -0.0515708 0.735535 -4.84029 2.06249 -1.34807</i>
                        <i>-0.055909 0.988763 0.138645 -0.771784 -0.130895 0.622267 0.633423 -0.0722136 0.770429 -4.78643 2.13684 -1.32502</i>
                        <i>-0.0479544 0.986307 0.157795 -0.816313 -0.129737 0.562851 0.575616 -0.101819 0.811357 -4.75911 2.1975 -1.30694</i>
                        <i>-0.0292117 0.983877 0.176446 -0.86183 -0.114212 0.49417 0.506355 -0.137631 0.851271 -4.76657 2.24432 -1.29271</i>
                        <i>-0.00702377 0.979903 0.199353 -0.901736 -0.092377 0.422301 0.432229 -0.176798 0.884263 -4.79199 2.29008 -1.27697</i>
                        <i>0.013233 0.973211 0.229532 -0.932509 -0.070842 0.354129 0.360903 -0.218727 0.906591 -4.82524 2.3298 -1.2604</i>
                        <i>0.0270087 0.96374 0.265472 -0.953655 -0.0547756 0.295875 0.299688 -0.261159 0.917596 -4.85665 2.3591 -1.24453</i>
                        <i>0.0328685 0.953008 0.301158 -0.966541 -0.0463878 0.252282 0.254396 -0.299374 0.919596 -4.87654 2.37414 -1.23158</i>
                        <i>0.0374032 0.940854 0.336741 -0.972416 -0.0433697 0.229185 0.230234 -0.336024 0.91328 -4.88303 2.36923 -1.22276</i>
                        <i>0.0466126 0.925983 0.374677 -0.973527 -0.0419122 0.224696 0.223769 -0.375232 0.899516 -4.88261 2.34726 -1.21696</i>
                        <i>0.0595335 0.90955 0.411308 -0.972093 -0.0408401 0.231015 0.226917 -0.413583 0.881736 -4.87808 2.3174 -1.21306</i>
                        <i>0.0734992 0.893149 0.443715 -0.969899 -0.0395534 0.240276 0.232152 -0.448018 0.863357 -4.87239 2.28896 -1.20987</i>
                        <i>0.0845723 0.878788 0.469658 -0.968944 -0.0373877 0.244437 0.232368 -0.475745 0.848335 -4.86875 2.27144 -1.20623</i>
                        <i>0.0875087 0.875404 0.475405 -0.969105 -0.035663 0.244055 0.230601 -0.482074 0.845238 -4.86812 2.27276 -1.20475</i>
                        <i>0.0945573 0.866945 0.489352 -0.969473 -0.0315156 0.243164 0.226232 -0.497407 0.837499 -4.86658 2.27604 -1.20111</i>
                        <i>0.103102 0.856038 0.506526 -0.969882 -0.0264595 0.242134 0.220678 -0.516234 0.827528 -4.86467 2.28027 -1.19654</i>
                        <i>0.110642 0.845826 0.52186 -0.970222 -0.0219174 0.241225 0.215472 -0.533009 0.818213 -4.8629 2.28452 -1.19228</i>
                        <i>0.114806 0.840028 0.530257 -0.97044 -0.0192299 0.240574 0.212285 -0.542202 0.812989 -4.86181 2.28787 -1.18956</i>
                        <i>0.114855 0.839987 0.530311 -0.970465 -0.0191279 0.240482 0.212146 -0.542269 0.812981 -4.86175 2.28834 -1.18939</i>
                        <i>0.114997 0.839869 0.530468 -0.970534 -0.0188406 0.240227 0.211753 -0.542462 0.812955 -4.86159 2.28964 -1.18889</i>
                        <i>0.115223 0.839671 0.530732 -0.97064 -0.0183964 0.239832 0.211144 -0.542784 0.812898 -4.86134 2.29165 -1.18812</i>
                        <i>0.115524 0.839389 0.531112 -0.970776 -0.0178235 0.239326 0.210354 -0.543239 0.812799 -4.86101 2.29423 -1.18713</i>
                        <i>0.115895 0.83902 0.531614 -0.970933 -0.01715 0.238735 0.209421 -0.54383 0.812645 -4.86063 2.29726 -1.18597</i>
                        <i>0.116324 0.838564 0.532239 -0.971106 -0.0164041 0.238085 0.208381 -0.544556 0.812426 -4.86021 2.30059 -1.18468</i>
                        <i>0.1168 0.838027 0.53298 -0.971286 -0.0156142 0.237402 0.207272 -0.545405 0.81214 -4.85977 2.3041 -1.18332</i>
                        <i>0.117307 0.837423 0.533818 -0.971467 -0.0148085 0.236712 0.206133 -0.546355 0.811792 -4.85932 2.30766 -1.18193</i>
                        <i>0.117828 0.836772 0.534723 -0.971643 -0.0140157 0.236038 0.205004 -0.547372 0.811392 -4.85887 2.31114 -1.18057</i>
                        <i>0.118341 0.836105 0.535653 -0.971807 -0.0132645 0.235404 0.203928 -0.548409 0.810963 -4.85845 2.31442 -1.17928</i>
                        <i>0.118821 0.835458 0.536555 -0.971954 -0.0125841 0.234834 0.202946 -0.54941 0.810531 -4.85808 2.31738 -1.17811</i>
                        <i>0.119241 0.834875 0.537369 -0.972078 -0.0120037 0.234352 0.202105 -0.550309 0.810132 -4.85776 2.31989 -1.17712</i>
                        <i>0.119575 0.834401 0.53803 -0.972173 -0.0115527 0.233979 0.201448 -0.551036 0.809801 -4.85751 2.32183 -1.17635</i>
                        <i>0.119795 0.834085 0.538471 -0.972234 -0.0112605 0.233738 0.201021 -0.55152 0.809578 -4.85735 2.32308 -1.17585</i>
                        <i>0.119874 0.833971 0.53863 -0.972256 -0.0111566 0.233653 0.200869 -0.551695 0.809496 -4.85729 2.32353 -1.17567</i>
                        <i>0.103205 0.852804 0.511932 -0.981188 0.00286655 0.193032 0.163151 -0.522224 0.837057 -4.85778 2.30701 -1.18289</i>
                        <i>0.077757 0.88382 0.46132 -0.992831 0.0265112 0.116553 0.0907821 -0.467075 0.879545 -4.8578 2.27377 -1.19726</i>
                        <i>0.0569302 0.912404 0.405313 -0.998375 0.0510101 0.0254023 0.00250217 -0.4061 0.913825 -4.85574 2.23273 -1.21407</i>
                        <i>0.0442971 0.931024 0.362259 -0.996029 0.0691895 -0.056026 -0.0772261 -0.358339 0.930392 -4.85195 2.19441 -1.22823</i>
                        <i>0.0385479 0.93677 0.347815 -0.991766 0.0784071 -0.101258 -0.122127 -0.341048 0.932079 -4.84845 2.17107 -1.23526</i>
                        <i>0.0386614 0.936807 0.347703 -0.991668 0.0787617 -0.101941 -0.122885 -0.340865 0.932046 -4.84707 2.17529 -1.23443</i>
                        <i>0.0392107 0.936531 0.348386 -0.991347 0.0801704 -0.103938 -0.125271 -0.341296 0.931571 -4.8439 2.18522 -1.2325</i>
                        <i>0.0403423 0.935366 0.351373 -0.990771 0.08299 -0.107168 -0.129402 -0.343806 0.930082 -4.84044 2.19671 -1.23033</i>
                        <i>0.0417683 0.932656 0.358341 -0.989928 0.0871889 -0.111541 -0.135273 -0.350073 0.926904 -4.83817 2.20565 -1.22875</i>
                        <i>0.0427947 0.927513 0.371334 -0.988826 0.0924443 -0.116948 -0.142798 -0.36218 0.921105 -4.83858 2.20789 -1.22861</i>
                        <i>0.0442437 0.921742 0.385272 -0.987422 0.0989421 -0.12332 -0.151789 -0.37497 0.914526 -4.84127 2.20462 -1.22962</i>
                        <i>0.0481341 0.918835 0.391694 -0.985606 0.107318 -0.130629 -0.162063 -0.379769 0.910775 -4.84476 2.19994 -1.23092</i>
                        <i>0.0542736 0.918437 0.391825 -0.983351 0.117314 -0.138776 -0.173423 -0.37777 0.909513 -4.84892 2.19409 -1.23244</i>
                        <i>0.0617408 0.919284 0.388722 -0.980691 0.128283 -0.147612 -0.185564 -0.372102 0.909454 -4.8536 2.18729 -1.23413</i>
                        <i>0.0701499 0.920885 0.383471 -0.977648 0.139849 -0.156994 -0.198202 -0.363886 0.910111 -4.85866 2.17979 -1.23594</i>
                        <i>0.0794134 0.923088 0.376301 -0.974239 0.151801 -0.166776 -0.211072 -0.353363 0.911363 -4.86395 2.17183 -1.23781</i>
                        <i>0.0894379 0.92574 0.367431 -0.970499 0.163933 -0.176796 -0.223901 -0.340779 0.913092 -4.86933 2.16364 -1.23971</i>
                        <i>0.0997121 0.928399 0.357956 -0.966521 0.175849 -0.186852 -0.236419 -0.327341 0.914852 -4.87465 2.15548 -1.24158</i>
                        <i>0.109657 0.93069 0.348987 -0.962429 0.187164 -0.196724 -0.248407 -0.314303 0.916247 -4.87974 2.1476 -1.24337</i>
                        <i>0.118653 0.93231 0.341641 -0.95837 0.197524 -0.206181 -0.259708 -0.302955 0.916935 -4.88447 2.14024 -1.24504</i>
                        <i>0.126469 0.933313 0.336053 -0.954478 0.206752 -0.215003 -0.270145 -0.293564 0.916974 -4.88867 2.13365 -1.24654</i>
                        <i>0.132923 0.933831 0.332101 -0.950904 0.214644 -0.222957 -0.279488 -0.286159 0.916515 -4.89218 2.12809 -1.24782</i>
                        <i>0.137484 0.933727 0.330533 -0.947835 0.220909 -0.229801 -0.287589 -0.281696 0.91539 -4.89484 2.1238 -1.24885</i>
                        <i>0.139681 0.932837 0.332122 -0.945438 0.225343 -0.235302 -0.29434 -0.281133 0.913416 -4.8965 2.12104 -1.24957</i>
                        <i>0.1391 0.930933 0.337661 -0.943856 0.227809 -0.239247 -0.299645 -0.285423 0.910355 -4.89699 2.12006 -1.24994</i>
                        <i>0.132991 0.927245 0.350042 -0.94411 0.225998 -0.239963 -0.301613 -0.298565 0.905477 -4.89512 2.1226 -1.24959</i>
                        <i>0.120189 0.921138 0.370215 -0.946689 0.21862 -0.236612 -0.298888 -0.32204 0.898307 -4.89033 2.12953 -1.24833</i>
                        <i>0.103411 0.91318 0.394218 -0.950823 0.2071 -0.230314 -0.291961 -0.351015 0.889689 -4.88335 2.13971 -1.24637</i>
                        <i>0.0849387 0.904029 0.418947 -0.955761 0.192761 -0.222178 -0.281612 -0.381542 0.880409 -4.87494 2.15203 -1.24391</i>
                        <i>0.0660637 0.893813 0.443547 -0.960867 0.176832 -0.213227 -0.269018 -0.412103 0.870517 -4.86585 2.16536 -1.24117</i>
                        <i>0.0488399 0.881761 0.46916 -0.965321 0.162279 -0.204504 -0.256458 -0.442902 0.859108 -4.85683 2.17861 -1.23838</i>
                        <i>0.0341917 0.868329 0.494809 -0.968879 0.150249 -0.196718 -0.245161 -0.472684 0.846443 -4.84858 2.19072 -1.23578</i>
                        <i>0.0220514 0.855869 0.516723 -0.971678 0.139979 -0.190386 -0.235276 -0.49789 0.834716 -4.84182 2.20064 -1.23361</i>
                        <i>0.0133917 0.846803 0.531738 -0.973586 0.132262 -0.18611 -0.227927 -0.5152 0.826207 -4.83724 2.20735 -1.23212</i>
                        <i>0.0100609 0.843338 0.537289 -0.974298 0.12919 -0.184535 -0.225038 -0.521623 0.822963 -4.83556 2.20981 -1.23157</i>
                        <i>0.00632935 0.842871 0.538078 -0.974541 0.125798 -0.185593 -0.22412 -0.523204 0.822209 -4.83593 2.21003 -1.23102</i>
                        <i>0.0015127 0.846929 0.531703 -0.973341 0.123197 -0.193466 -0.229357 -0.517236 0.824538 -4.83894 2.20847 -1.23024</i>
                        <i>-0.00390852 0.854058 0.520163 -0.971253 0.120568 -0.205259 -0.238019 -0.506012 0.829035 -4.84391 2.20524 -1.22946</i>
                        <i>-0.00876441 0.862534 0.505924 -0.968746 0.118105 -0.218135 -0.247901 -0.492024 0.83454 -4.85011 2.20044 -1.22892</i>
                        <i>-0.0110342 0.870498 0.492049 -0.966229 0.11741 -0.229382 -0.257448 -0.477963 0.839805 -4.85681 2.19416 -1.22884</i>
                        <i>-0.00848209 0.876788 0.480802 -0.964185 0.120296 -0.236382 -0.265095 -0.465587 0.844366 -4.86327 2.18652 -1.22944</i>
                        <i>-9.13072e-006 0.881867 0.471499 -0.963399 0.126387 -0.236407 -0.268071 -0.454244 0.849589 -4.86873 2.17761 -1.23095</i>
                        <i>0.0148906 0.886317 0.462839 -0.964653 0.134535 -0.226594 -0.263103 -0.443105 0.856992 -4.87247 2.16754 -1.23359</i>
                        <i>0.0363749 0.890734 0.453066 -0.968455 0.143257 -0.203892 -0.246519 -0.431358 0.867847 -4.87381 2.15644 -1.23763</i>
                        <i>0.0637641 0.895833 0.439792 -0.974764 0.150379 -0.164986 -0.213936 -0.418174 0.882815 -4.87215 2.14445 -1.2433</i>
                        <i>0.10008 0.903009 0.417801 -0.983211 0.154147 -0.0976466 -0.152579 -0.401014 0.903276 -4.85364 2.12332 -1.25491</i>
                        <i>0.140677 0.913123 0.382645 -0.98836 0.152136 0.00031437 -0.057927 -0.378235 0.923895 -4.81918 2.0916 -1.27413</i>
                        <i>0.171472 0.926675 0.334472 -0.983291 0.139911 0.116464 0.0611283 -0.348853 0.935182 -4.79024 2.05987 -1.29595</i>
                        <i>0.183213 0.942882 0.27822 -0.963716 0.116377 0.240225 0.194125 -0.312138 0.929992 -4.78429 2.03753 -1.31407</i>
                        <i>0.171249 0.960497 0.219359 -0.928133 0.0825826 0.362972 0.330519 -0.265753 0.905612 -4.80126 2.02266 -1.32932</i>
                        <i>0.132553 0.977099 0.166456 -0.878668 0.0381256 0.475908 0.458663 -0.209343 0.863599 -4.82831 2.00833 -1.3444</i>
                        <i>0.0761456 0.988801 0.128349 -0.820841 -0.0109128 0.571052 0.566057 -0.148837 0.810818 -4.85916 1.99492 -1.35761</i>
                        <i>0.0174393 0.99409 0.107152 -0.764149 -0.0558617 0.642616 0.644803 -0.0930871 0.758659 -4.88784 1.98343 -1.36793</i>
                        <i>-0.027259 0.994737 0.0987696 -0.721025 -0.0880018 0.687298 0.692372 -0.0524803 0.719629 -4.90885 1.97535 -1.3747</i>
                        <i>-0.0444735 0.994293 0.0969701 -0.704236 -0.100049 0.702881 0.708572 -0.0370302 0.704666 -4.917 1.97233 -1.37717</i>
                    </KeyFrames>
                </p>
            </i>
            <i>
                <p>
                    <Name><![CDATA[spine1]]></Name>
                    <Exclude>0</Exclude>
                    <Additive>0</Additive>
                    <IKPriority>0</IKPriority>
                    <IKRotLimits>-1e+010 -1e+010 -1e+010 1e+010 1e+010 1e+010</IKRotLimits>
                    <IKRotLimitOrder>0</IKRotLimitOrder>
                    <KeyFrames count="90">
                        <i>0.291604 0.906578 0.305094 -0.548643 -0.102755 0.829718 0.783554 -0.409337 0.467424 -4.92511 2.15271 -1.35962</i>
                        <i>0.293399 0.9088 0.296649 -0.566143 -0.0848638 0.819927 0.770324 -0.408511 0.489612 -4.9019 2.17963 -1.34967</i>
                        <i>0.299364 0.910375 0.285655 -0.612279 -0.0463197 0.789284 0.731776 -0.411183 0.543537 -4.85016 2.24329 -1.32642</i>
                        <i>0.308461 0.904557 0.294326 -0.674863 -0.00995721 0.737875 0.670381 -0.426236 0.607381 -4.79673 2.31831 -1.29963</i>
                        <i>0.313875 0.884586 0.34495 -0.739517 -9.34472e-005 0.673138 0.595481 -0.466377 0.654137 -4.76801 2.37978 -1.27785</i>
                        <i>0.303234 0.844851 0.440767 -0.798686 -0.0269581 0.601144 0.519759 -0.534322 0.666596 -4.77206 2.42772 -1.2599</i>
                        <i>0.268449 0.787522 0.554747 -0.850289 -0.0769221 0.520664 0.452707 -0.611467 0.648972 -4.79336 2.47515 -1.23941</i>
                        <i>0.211233 0.71832 0.66287 -0.889867 -0.139237 0.434453 0.404372 -0.681637 0.609799 -4.82275 2.51681 -1.21641</i>
                        <i>0.145062 0.648182 0.74754 -0.914893 -0.199804 0.350784 0.376733 -0.734805 0.564034 -4.85141 2.54763 -1.19274</i>
                        <i>0.0900578 0.590946 0.801669 -0.928071 -0.242256 0.282835 0.361349 -0.769477 0.526623 -4.87007 2.56307 -1.17204</i>
                        <i>0.0643222 0.548396 0.833741 -0.933893 -0.261382 0.243973 0.351719 -0.794318 0.495331 -4.87562 2.55687 -1.15577</i>
                        <i>0.0658838 0.512035 0.856434 -0.935937 -0.265863 0.230951 0.345949 -0.816785 0.461716 -4.87335 2.53208 -1.14236</i>
                        <i>0.0838649 0.48078 0.872821 -0.936862 -0.260375 0.233442 0.339495 -0.83729 0.428588 -4.86627 2.49853 -1.13133</i>
                        <i>0.105879 0.453525 0.884932 -0.938101 -0.249586 0.240152 0.329782 -0.855583 0.399026 -4.85784 2.4663 -1.12195</i>
                        <i>0.118754 0.428938 0.895494 -0.941661 -0.237386 0.238583 0.314915 -0.871585 0.375724 -4.85203 2.44569 -1.11329</i>
                        <i>0.120041 0.422377 0.898436 -0.945556 -0.227118 0.23311 0.302512 -0.877505 0.372118 -4.85081 2.44637 -1.11065</i>
                        <i>0.123054 0.406388 0.905376 -0.954336 -0.201788 0.220283 0.272215 -0.89114 0.363 -4.84787 2.44803 -1.10421</i>
                        <i>0.126549 0.386589 0.913529 -0.963835 -0.169822 0.205384 0.234536 -0.906482 0.351117 -4.84425 2.45015 -1.09621</i>
                        <i>0.129427 0.368955 0.920392 -0.971109 -0.140508 0.192884 0.200488 -0.918765 0.34011 -4.84099 2.45238 -1.0889</i>
                        <i>0.130755 0.359853 0.923801 -0.974662 -0.123915 0.186223 0.181485 -0.924744 0.334533 -4.83908 2.45455 -1.08454</i>
                        <i>0.130678 0.360084 0.923722 -0.974713 -0.123685 0.186107 0.181265 -0.924684 0.334816 -4.83901 2.45499 -1.08436</i>
                        <i>0.130463 0.360743 0.923496 -0.974857 -0.12304 0.185781 0.180647 -0.924514 0.335621 -4.83882 2.45624 -1.08385</i>
                        <i>0.130129 0.361783 0.923136 -0.975077 -0.122045 0.185281 0.179696 -0.924239 0.336885 -4.83853 2.45816 -1.08306</i>
                        <i>0.129699 0.363163 0.922654 -0.975358 -0.120764 0.184642 0.178479 -0.923866 0.33855 -4.83816 2.46063 -1.08204</i>
                        <i>0.129195 0.364838 0.922064 -0.975683 -0.119264 0.183898 0.177062 -0.923401 0.340558 -4.83771 2.46351 -1.08082</i>
                        <i>0.128638 0.36676 0.921379 -0.976037 -0.117608 0.183083 0.175509 -0.922852 0.342843 -4.83722 2.46667 -1.07946</i>
                        <i>0.12805 0.36887 0.920618 -0.976406 -0.115861 0.182232 0.173884 -0.922232 0.345331 -4.83669 2.46999 -1.078</i>
                        <i>0.127453 0.371098 0.919806 -0.976774 -0.114086 0.181375 0.172245 -0.921559 0.347938 -4.83615 2.47335 -1.0765</i>
                        <i>0.126868 0.373363 0.918969 -0.97713 -0.112347 0.180542 0.170652 -0.920857 0.350571 -4.83562 2.47663 -1.07501</i>
                        <i>0.126318 0.375573 0.918144 -0.97746 -0.110706 0.179764 0.169159 -0.920157 0.353124 -4.83511 2.47971 -1.07358</i>
                        <i>0.125823 0.377628 0.917369 -0.977755 -0.109225 0.179067 0.16782 -0.919493 0.355484 -4.83464 2.48247 -1.07227</i>
                        <i>0.125403 0.379418 0.916687 -0.978002 -0.107966 0.178478 0.166689 -0.918904 0.357533 -4.83425 2.48481 -1.07115</i>
                        <i>0.125079 0.380833 0.916145 -0.978192 -0.10699 0.178025 0.165816 -0.918433 0.359146 -4.83394 2.48662 -1.07028</i>
                        <i>0.12487 0.381761 0.915787 -0.978314 -0.106359 0.177733 0.165253 -0.918121 0.360201 -4.83374 2.48778 -1.06971</i>
                        <i>0.124796 0.382092 0.915659 -0.978357 -0.106134 0.177629 0.165054 -0.918009 0.360578 -4.83366 2.48819 -1.0695</i>
                        <i>0.0874799 0.417367 0.904518 -0.985446 -0.0965935 0.139877 0.145751 -0.90359 0.402842 -4.83761 2.47394 -1.08285</i>
                        <i>0.0226659 0.484167 0.874682 -0.994375 -0.0796227 0.0698415 0.103459 -0.871345 0.479639 -4.84283 2.44408 -1.10851</i>
                        <i>-0.045111 0.564085 0.824484 -0.998121 -0.0597035 -0.0137643 0.0414604 -0.823556 0.565718 -4.84497 2.40552 -1.13743</i>
                        <i>-0.0968737 0.634623 0.766726 -0.994986 -0.0425021 -0.0905345 -0.0248678 -0.771652 0.635558 -4.84367 2.36831 -1.16067</i>
                        <i>-0.123985 0.672705 0.729449 -0.989931 -0.0332545 -0.137592 -0.0683013 -0.739163 0.670054 -4.84129 2.34484 -1.17083</i>
                        <i>-0.123096 0.680028 0.722779 -0.989491 -0.02843 -0.141771 -0.0758593 -0.732635 0.676381 -4.83989 2.34911 -1.17</i>
                        <i>-0.120266 0.695974 0.707924 -0.988196 -0.0157669 -0.152379 -0.0948904 -0.717894 0.689655 -4.83661 2.35907 -1.16792</i>
                        <i>-0.11568 0.711828 0.692762 -0.986033 0.00183434 -0.166537 -0.119816 -0.702351 0.701674 -4.83294 2.37047 -1.16515</i>
                        <i>-0.111341 0.719861 0.685131 -0.983178 0.0206536 -0.181477 -0.144789 -0.693811 0.705452 -4.83039 2.3791 -1.16219</i>
                        <i>-0.111131 0.713074 0.692225 -0.980214 0.0361568 -0.194611 -0.163801 -0.700156 0.694947 -4.83059 2.3808 -1.15948</i>
                        <i>-0.114097 0.698137 0.706814 -0.977287 0.0490164 -0.206172 -0.178582 -0.714284 0.676688 -4.83298 2.37699 -1.15768</i>
                        <i>-0.115511 0.688726 0.715761 -0.973975 0.062936 -0.217741 -0.195011 -0.722285 0.663532 -4.83572 2.3722 -1.15759</i>
                        <i>-0.115521 0.684194 0.720093 -0.970281 0.0774521 -0.229249 -0.212624 -0.725176 0.654913 -4.83871 2.36661 -1.15894</i>
                        <i>-0.115221 0.681477 0.722712 -0.966204 0.0920073 -0.240798 -0.230593 -0.726033 0.647845 -4.84197 2.36028 -1.16109</i>
                        <i>-0.114765 0.680081 0.724098 -0.961826 0.106219 -0.252206 -0.248434 -0.725401 0.64193 -4.84542 2.35336 -1.16377</i>
                        <i>-0.114268 0.679627 0.724603 -0.957271 0.119719 -0.263247 -0.265659 -0.723722 0.636907 -4.84894 2.34607 -1.16689</i>
                        <i>-0.113844 0.679742 0.724562 -0.952698 0.132164 -0.273677 -0.281791 -0.721445 0.632543 -4.8524 2.33865 -1.17036</i>
                        <i>-0.113675 0.679954 0.72439 -0.948291 0.143224 -0.28325 -0.296347 -0.719131 0.628513 -4.85575 2.33126 -1.17392</i>
                        <i>-0.113973 0.679795 0.724492 -0.944259 0.152579 -0.291711 -0.308846 -0.717355 0.624512 -4.85893 2.32406 -1.17732</i>
                        <i>-0.114971 0.678795 0.725271 -0.94082 0.159914 -0.298806 -0.318809 -0.716704 0.620239 -4.86192 2.31724 -1.18029</i>
                        <i>-0.116887 0.676614 0.727002 -0.938659 0.163867 -0.303426 -0.324434 -0.717873 0.615955 -4.8646 2.31106 -1.18277</i>
                        <i>-0.119909 0.672932 0.729921 -0.938175 0.163679 -0.305021 -0.324731 -0.721368 0.611701 -4.86685 2.30584 -1.18472</i>
                        <i>-0.124241 0.667291 0.734361 -0.939098 0.159906 -0.304181 -0.320406 -0.727429 0.606785 -4.8686 2.30179 -1.18596</i>
                        <i>-0.130074 0.6592 0.740632 -0.941095 0.153063 -0.301515 -0.312122 -0.736225 0.600461 -4.8698 2.29914 -1.18628</i>
                        <i>-0.137569 0.648129 0.749001 -0.943803 0.143654 -0.297656 -0.300517 -0.747858 0.591944 -4.87036 2.29807 -1.18549</i>
                        <i>-0.148562 0.630387 0.761933 -0.947497 0.129881 -0.292201 -0.28316 -0.765339 0.577994 -4.86962 2.30021 -1.18267</i>
                        <i>-0.163366 0.604162 0.779936 -0.951963 0.111002 -0.285385 -0.258993 -0.789092 0.557006 -4.86723 2.30627 -1.17743</i>
                        <i>-0.178199 0.575859 0.797892 -0.956146 0.0902136 -0.278652 -0.232445 -0.812557 0.534529 -4.86344 2.31518 -1.17075</i>
                        <i>-0.190719 0.550484 0.812769 -0.959365 0.0708765 -0.273122 -0.207955 -0.831832 0.514597 -4.85857 2.32593 -1.16345</i>
                        <i>-0.201018 0.528256 0.824947 -0.961312 0.0555324 -0.269807 -0.188339 -0.847267 0.496656 -4.85311 2.33739 -1.15594</i>
                        <i>-0.208904 0.50921 0.834904 -0.959883 0.0565172 -0.274645 -0.187038 -0.858785 0.476975 -4.8474 2.34827 -1.14825</i>
                        <i>-0.214414 0.493615 0.842835 -0.954307 0.0780163 -0.288463 -0.208145 -0.866174 0.454332 -4.84198 2.35762 -1.14081</i>
                        <i>-0.217978 0.481953 0.84865 -0.946093 0.109104 -0.304967 -0.239571 -0.869378 0.43219 -4.83756 2.36493 -1.13456</i>
                        <i>-0.21994 0.474652 0.852251 -0.937908 0.137342 -0.318537 -0.268244 -0.869392 0.414973 -4.83465 2.36973 -1.1303</i>
                        <i>-0.22055 0.472131 0.853493 -0.934098 0.149627 -0.324149 -0.280746 -0.868737 0.408016 -4.83361 2.37146 -1.12873</i>
                        <i>-0.225165 0.467712 0.85472 -0.939299 0.128882 -0.317971 -0.258877 -0.874434 0.410302 -4.83468 2.37167 -1.12797</i>
                        <i>-0.235232 0.466453 0.852694 -0.946892 0.087901 -0.309303 -0.219228 -0.880168 0.421004 -4.83863 2.37106 -1.12831</i>
                        <i>-0.247855 0.467925 0.8483 -0.953048 0.039478 -0.300237 -0.173977 -0.882886 0.43617 -4.84463 2.36941 -1.12962</i>
                        <i>-0.260061 0.471726 0.842522 -0.956042 -0.00337499 -0.293211 -0.135472 -0.881739 0.451867 -4.85177 2.36645 -1.13169</i>
                        <i>-0.268846 0.47743 0.83653 -0.956223 -0.0280763 -0.291289 -0.115584 -0.878221 0.464077 -4.8589 2.36185 -1.1342</i>
                        <i>-0.271477 0.484633 0.831523 -0.9554 -0.0313519 -0.293647 -0.116241 -0.874155 0.47153 -4.86487 2.35544 -1.13695</i>
                        <i>-0.265618 0.493078 0.828445 -0.955704 -0.0216519 -0.293533 -0.126797 -0.869715 0.476988 -4.8687 2.34746 -1.14027</i>
                        <i>-0.248908 0.502505 0.827969 -0.958392 -0.00443881 -0.285422 -0.139751 -0.864563 0.482702 -4.86957 2.33818 -1.14463</i>
                        <i>-0.219041 0.512699 0.830157 -0.964554 0.0145428 -0.263484 -0.147161 -0.858445 0.49134 -4.86678 2.32787 -1.15057</i>
                        <i>-0.173909 0.523629 0.834007 -0.974731 0.0290417 -0.221487 -0.140198 -0.851451 0.505347 -4.85985 2.31687 -1.1588</i>
                        <i>-0.112601 0.539841 0.834202 -0.988146 0.0273281 -0.151066 -0.104349 -0.841323 0.530365 -4.83434 2.29727 -1.17457</i>
                        <i>-0.0318772 0.564921 0.824529 -0.998676 0.0153247 -0.0491095 -0.0403787 -0.825003 0.563684 -4.79208 2.2675 -1.20056</i>
                        <i>0.0715563 0.597881 0.798385 -0.99657 0.0094949 0.0822086 0.0415704 -0.801529 0.59651 -4.75736 2.23766 -1.23191</i>
                        <i>0.183438 0.640334 0.745871 -0.972018 0.00489126 0.234857 0.146738 -0.768081 0.623313 -4.74949 2.21676 -1.2613</i>
                        <i>0.274486 0.69415 0.665442 -0.919114 -0.014015 0.393743 0.282643 -0.719694 0.634156 -4.76912 2.20312 -1.2882</i>
                        <i>0.328878 0.755502 0.566618 -0.839287 -0.041235 0.542122 0.432939 -0.653847 0.620522 -4.80373 2.1898 -1.31356</i>
                        <i>0.342947 0.815479 0.466241 -0.742964 -0.0682376 0.665844 0.574797 -0.57475 0.58247 -4.8452 2.17675 -1.33407</i>
