<?xml version="1.0" encoding="ISO-8859-1" ?>
<Animl Version="1">
    <ModellingPackage><![CDATA[Maya.2010]]></ModellingPackage>
    <SrcFile><![CDATA[anims\turrets\antiair\red\~src\aa_s125_launcher\aa_s125_launcher_aim_low_crewman_a.mb]]></SrcFile>
    <FramesPerSecond>30</FramesPerSecond>
    <TotalFrames>30</TotalFrames>
    <Skeleton>
        <RefFrame>
            <Name><![CDATA[soldier_ref_frame]]></Name>
            <Exclude>0</Exclude>
            <Additive>0</Additive>
            <IKPriority>0</IKPriority>
            <IKRotLimits>-1e+010 -1e+010 -1e+010 1e+010 1e+010 1e+010</IKRotLimits>
            <IKRotLimitOrder>0</IKRotLimitOrder>
            <KeyFrames count="30">
                <i>1 0 0 0 1 0 0 0 1 5.28658 1.2503 -1.54734</i>
                <i>1 0 0 0 1 0 0 0 1 5.28658 1.2503 -1.54734</i>
                <i>1 0 0 0 1 0 0 0 1 5.28658 1.2503 -1.54734</i>
                <i>1 0 0 0 1 0 0 0 1 5.28658 1.2503 -1.54734</i>
                <i>1 0 0 0 1 0 0 0 1 5.28658 1.2503 -1.54734</i>
                <i>1 0 0 0 1 0 0 0 1 5.28658 1.2503 -1.54734</i>
                <i>1 0 0 0 1 0 0 0 1 5.28658 1.2503 -1.54734</i>
                <i>1 0 0 0 1 0 0 0 1 5.28658 1.2503 -1.54734</i>
                <i>1 0 0 0 1 0 0 0 1 5.28658 1.2503 -1.54734</i>
                <i>1 0 0 0 1 0 0 0 1 5.28658 1.2503 -1.54734</i>
                <i>1 0 0 0 1 0 0 0 1 5.28658 1.2503 -1.54734</i>
                <i>1 0 0 0 1 0 0 0 1 5.28658 1.2503 -1.54734</i>
                <i>1 0 0 0 1 0 0 0 1 5.28658 1.2503 -1.54734</i>
                <i>1 0 0 0 1 0 0 0 1 5.28658 1.2503 -1.54734</i>
                <i>1 0 0 0 1 0 0 0 1 5.28658 1.2503 -1.54734</i>
                <i>1 0 0 0 1 0 0 0 1 5.28658 1.2503 -1.54734</i>
                <i>1 0 0 0 1 0 0 0 1 5.28658 1.2503 -1.54734</i>
                <i>1 0 0 0 1 0 0 0 1 5.28658 1.2503 -1.54734</i>
                <i>1 0 0 0 1 0 0 0 1 5.28658 1.2503 -1.54734</i>
                <i>1 0 0 0 1 0 0 0 1 5.28658 1.2503 -1.54734</i>
                <i>1 0 0 0 1 0 0 0 1 5.28658 1.2503 -1.54734</i>
                <i>1 0 0 0 1 0 0 0 1 5.28658 1.2503 -1.54734</i>
                <i>1 0 0 0 1 0 0 0 1 5.28658 1.2503 -1.54734</i>
                <i>1 0 0 0 1 0 0 0 1 5.28658 1.2503 -1.54734</i>
                <i>1 0 0 0 1 0 0 0 1 5.28658 1.2503 -1.54734</i>
                <i>1 0 0 0 1 0 0 0 1 5.28658 1.2503 -1.54734</i>
                <i>1 0 0 0 1 0 0 0 1 5.28658 1.2503 -1.54734</i>
                <i>1 0 0 0 1 0 0 0 1 5.28658 1.2503 -1.54734</i>
                <i>1 0 0 0 1 0 0 0 1 5.28658 1.2503 -1.54734</i>
                <i>1 0 0 0 1 0 0 0 1 5.28658 1.2503 -1.54734</i>
            </KeyFrames>
        </RefFrame>
        <Bones count="23">
            <i>
                <p>
                    <Name><![CDATA[pelvis]]></Name>
                    <Exclude>0</Exclude>
                    <Additive>0</Additive>
                    <IKPriority>0</IKPriority>
                    <IKRotLimits>-1e+010 -1e+010 -1e+010 1e+010 1e+010 1e+010</IKRotLimits>
                    <IKRotLimitOrder>2</IKRotLimitOrder>
                    <KeyFrames count="30">
                        <i>1 0 0 0 1 0 0 0 1 5.1316 2.20326 -1.49763</i>
                        <i>1 0 0 0 1 0 0 0 1 5.1316 2.20299 -1.49763</i>
                        <i>1 0 0 0 1 0 0 0 1 5.1316 2.20222 -1.49763</i>
                        <i>1 0 0 0 1 0 0 0 1 5.1316 2.20105 -1.49763</i>
                        <i>1 0 0 0 1 0 0 0 1 5.1316 2.19957 -1.49763</i>
                        <i>1 0 0 0 1 0 0 0 1 5.1316 2.19786 -1.49763</i>
                        <i>1 0 0 0 1 0 0 0 1 5.1316 2.19602 -1.49763</i>
                        <i>1 0 0 0 1 0 0 0 1 5.1316 2.19413 -1.49763</i>
                        <i>1 0 0 0 1 0 0 0 1 5.1316 2.19229 -1.49763</i>
                        <i>1 0 0 0 1 0 0 0 1 5.1316 2.19059 -1.49763</i>
                        <i>1 0 0 0 1 0 0 0 1 5.1316 2.1891 -1.49763</i>
                        <i>1 0 0 0 1 0 0 0 1 5.1316 2.18793 -1.49763</i>
                        <i>1 0 0 0 1 0 0 0 1 5.1316 2.18717 -1.49763</i>
                        <i>1 0 0 0 1 0 0 0 1 5.1316 2.18689 -1.49763</i>
                        <i>1 0 0 0 1 0 0 0 1 5.1316 2.18707 -1.49763</i>
                        <i>1 0 0 0 1 0 0 0 1 5.1316 2.18759 -1.49763</i>
                        <i>1 0 0 0 1 0 0 0 1 5.1316 2.1884 -1.49763</i>
                        <i>1 0 0 0 1 0 0 0 1 5.1316 2.18945 -1.49763</i>
                        <i>1 0 0 0 1 0 0 0 1 5.1316 2.19069 -1.49763</i>
                        <i>1 0 0 0 1 0 0 0 1 5.1316 2.19207 -1.49763</i>
                        <i>1 0 0 0 1 0 0 0 1 5.1316 2.19355 -1.49763</i>
                        <i>1 0 0 0 1 0 0 0 1 5.1316 2.19508 -1.49763</i>
                        <i>1 0 0 0 1 0 0 0 1 5.1316 2.1966 -1.49763</i>
                        <i>1 0 0 0 1 0 0 0 1 5.1316 2.19808 -1.49763</i>
                        <i>1 0 0 0 1 0 0 0 1 5.1316 2.19947 -1.49763</i>
                        <i>1 0 0 0 1 0 0 0 1 5.1316 2.2007 -1.49763</i>
                        <i>1 0 0 0 1 0 0 0 1 5.1316 2.20175 -1.49763</i>
                        <i>1 0 0 0 1 0 0 0 1 5.1316 2.20256 -1.49763</i>
                        <i>1 0 0 0 1 0 0 0 1 5.1316 2.20308 -1.49763</i>
                        <i>1 0 0 0 1 0 0 0 1 5.1316 2.20326 -1.49763</i>
                    </KeyFrames>
                </p>
            </i>
            <i>
                <p>
                    <Name><![CDATA[spine0]]></Name>
                    <Exclude>0</Exclude>
                    <Additive>0</Additive>
                    <IKPriority>0</IKPriority>
                    <IKRotLimits>-1e+010 -1e+010 -1e+010 1e+010 1e+010 1e+010</IKRotLimits>
                    <IKRotLimitOrder>0</IKRotLimitOrder>
                    <KeyFrames count="30">
                        <i>0.021111 0.995918 -0.0877602 -0.136828 -0.0840757 -0.98702 -0.99037 0.032845 0.134495 5.18139 2.33806 -1.50457</i>
                        <i>0.0233296 0.995706 -0.089585 -0.136837 -0.0855857 -0.986889 -0.990319 0.0352822 0.134253 5.18139 2.33778 -1.50457</i>
                        <i>0.0258245 0.995466 -0.0915462 -0.136846 -0.0871943 -0.986747 -0.990256 0.0380099 0.133974 5.18139 2.33701 -1.50457</i>
                        <i>0.0284614 0.995208 -0.0935474 -0.136855 -0.0888245 -0.986601 -0.990182 0.0408824 0.133671 5.18139 2.33584 -1.50457</i>
                        <i>0.0311066 0.994944 -0.095494 -0.136863 -0.0904004 -0.986456 -0.990102 0.0437548 0.133359 5.18139 2.33436 -1.50457</i>
                        <i>0.033626 0.994688 -0.0972919 -0.13687 -0.0918466 -0.986322 -0.990018 0.0464824 0.133054 5.18139 2.33265 -1.50457</i>
                        <i>0.0358847 0.994455 -0.0988463 -0.136876 -0.0930871 -0.986205 -0.989938 0.0489193 0.132776 5.18139 2.33081 -1.50457</i>
                        <i>0.0377452 0.994265 -0.100061 -0.13688 -0.0940444 -0.986113 -0.989868 0.0509174 0.132545 5.18139 2.32893 -1.50457</i>
                        <i>0.0390672 0.994136 -0.100837 -0.136883 -0.0946382 -0.986056 -0.989817 0.0523253 0.132383 5.18139 2.32709 -1.50457</i>
                        <i>0.0397889 0.994076 -0.101138 -0.136884 -0.0948415 -0.986036 -0.989788 0.0530775 0.132299 5.18139 2.32538 -1.50457</i>
                        <i>0.0399484 0.994083 -0.101012 -0.136883 -0.0946953 -0.986051 -0.989781 0.053218 0.13229 5.18139 2.3239 -1.50457</i>
                        <i>0.0395534 0.994153 -0.100479 -0.136881 -0.0942187 -0.986097 -0.989798 0.0527571 0.132354 5.18139 2.32273 -1.50457</i>
                        <i>0.0386139 0.994282 -0.0995603 -0.136877 -0.0934324 -0.986172 -0.989835 0.0517075 0.132487 5.18139 2.32196 -1.50457</i>
                        <i>0.0371433 0.994465 -0.0982815 -0.136872 -0.0923597 -0.986274 -0.989892 0.0500855 0.132684 5.18139 2.32168 -1.50457</i>
                        <i>0.0352412 0.994688 -0.0967186 -0.136866 -0.0910632 -0.986395 -0.989963 0.0479992 0.13293 5.18139 2.32187 -1.50457</i>
                        <i>0.0330707 0.994929 -0.0949856 -0.136859 -0.0896344 -0.986527 -0.990038 0.0456248 0.133201 5.18139 2.32239 -1.50457</i>
                        <i>0.030745 0.995175 -0.0931691 -0.136851 -0.0881442 -0.986662 -0.990114 0.0430852 0.133481 5.18139 2.32319 -1.50457</i>
                        <i>0.028378 0.995414 -0.091357 -0.136843 -0.0866647 -0.986794 -0.990186 0.0405048 0.133756 5.18139 2.32424 -1.50457</i>
                        <i>0.0260844 0.995633 -0.089639 -0.136835 -0.0852694 -0.986917 -0.99025 0.0380089 0.134013 5.18139 2.32548 -1.50457</i>
                        <i>0.0239789 0.995823 -0.0881051 -0.136828 -0.0840319 -0.987024 -0.990305 0.035723 0.134241 5.18139 2.32686 -1.50457</i>
                        <i>0.0221186 0.995981 -0.0867966 -0.136822 -0.0829854 -0.987114 -0.990349 0.0337092 0.134436 5.18139 2.32834 -1.50457</i>
                        <i>0.0205103 0.996109 -0.0857116 -0.136816 -0.0821268 -0.987186 -0.990384 0.0319742 0.134599 5.18139 2.32987 -1.50457</i>
                        <i>0.0191922 0.996207 -0.0848745 -0.136812 -0.0814748 -0.987241 -0.990411 0.0305591 0.13473 5.18139 2.3314 -1.50457</i>
                        <i>0.0182013 0.996273 -0.0843082 -0.13681 -0.0810474 -0.987276 -0.99043 0.0295039 0.134825 5.18139 2.33287 -1.50457</i>
                        <i>0.017574 0.996308 -0.084035 -0.136808 -0.0808613 -0.987292 -0.990442 0.0288474 0.134882 5.18139 2.33426 -1.50457</i>
                        <i>0.0173458 0.996308 -0.0840756 -0.136809 -0.0809323 -0.987286 -0.990446 0.0286275 0.1349 5.18139 2.3355 -1.50457</i>
                        <i>0.0175514 0.996273 -0.0844499 -0.136811 -0.0812755 -0.987257 -0.990442 0.0288814 0.134875 5.18139 2.33654 -1.50457</i>
                        <i>0.018225 0.996199 -0.0851769 -0.136815 -0.0819049 -0.987205 -0.990429 0.0296453 0.134802 5.18139 2.33735 -1.50457</i>
                        <i>0.0194004 0.996082 -0.0862746 -0.136821 -0.0828341 -0.987126 -0.990406 0.0309548 0.134678 5.18139 2.33787 -1.50457</i>
                        <i>0.021111 0.995918 -0.0877602 -0.136828 -0.0840757 -0.98702 -0.99037 0.032845 0.134495 5.18139 2.33806 -1.50457</i>
                    </KeyFrames>
                </p>
            </i>
            <i>
                <p>
                    <Name><![CDATA[spine1]]></Name>
                    <Exclude>0</Exclude>
                    <Additive>0</Additive>
                    <IKPriority>0</IKPriority>
                    <IKRotLimits>-1e+010 -1e+010 -1e+010 1e+010 1e+010 1e+010</IKRotLimits>
                    <IKRotLimitOrder>0</IKRotLimitOrder>
                    <KeyFrames count="30">
                        <i>-0.13027 0.991381 -0.0139022 -0.413791 -0.0671046 -0.907895 -0.901003 -0.112519 0.418966 5.18508 2.51153 -1.51986</i>
                        <i>-0.12839 0.991606 -0.0153043 -0.412796 -0.0674665 -0.908321 -0.901729 -0.110302 0.417993 5.18547 2.51135 -1.52019</i>
                        <i>-0.125376 0.991958 -0.0173413 -0.411848 -0.0679404 -0.908716 -0.902587 -0.106789 0.417054 5.18591 2.51067 -1.52054</i>
                        <i>-0.121487 0.992394 -0.0198517 -0.410983 -0.0684966 -0.909066 -0.903512 -0.102281 0.416178 5.18637 2.50957 -1.5209</i>
                        <i>-0.116986 0.992875 -0.0226739 -0.41024 -0.0691034 -0.909356 -0.904443 -0.0970803 0.415401 5.18684 2.50813 -1.52125</i>
                        <i>-0.112134 0.993362 -0.0256467 -0.409659 -0.0697272 -0.90957 -0.90532 -0.0914876 0.414759 5.18728 2.50645 -1.52157</i>
                        <i>-0.107192 0.993827 -0.0286096 -0.409283 -0.0703322 -0.909693 -0.906089 -0.0858028 0.414295 5.18768 2.50461 -1.52185</i>
                        <i>-0.102421 0.994245 -0.0314027 -0.409149 -0.0708805 -0.90971 -0.906701 -0.0803247 0.414055 5.188 2.50271 -1.52206</i>
                        <i>-0.0980774 0.994602 -0.033867 -0.409298 -0.0713336 -0.909608 -0.907114 -0.0753503 0.414085 5.18823 2.50081 -1.5222</i>
                        <i>-0.0943676 0.99489 -0.0358881 -0.409715 -0.0716664 -0.909394 -0.907319 -0.0711134 0.414385 5.18836 2.49904 -1.52224</i>
                        <i>-0.0914312 0.995109 -0.0374047 -0.41033 -0.0718731 -0.909101 -0.907342 -0.0677719 0.414894 5.18838 2.49747 -1.52221</i>
                        <i>-0.0894286 0.995255 -0.0383388 -0.411086 -0.0719448 -0.908753 -0.907199 -0.065508 0.41557 5.18831 2.49621 -1.52211</i>
                        <i>-0.0885213 0.995326 -0.0386115 -0.411931 -0.0718744 -0.908376 -0.906905 -0.0645054 0.416367 5.18814 2.49535 -1.52194</i>
                        <i>-0.0888721 0.995312 -0.0381429 -0.41281 -0.0716567 -0.907994 -0.906471 -0.0649496 0.417243 5.18788 2.495 -1.5217</i>
                        <i>-0.0903596 0.995221 -0.0370139 -0.413685 -0.0713159 -0.907623 -0.905925 -0.0667003 0.418152 5.18754 2.49511 -1.52142</i>
                        <i>-0.0926478 0.995069 -0.0354266 -0.414529 -0.0708964 -0.90727 -0.905308 -0.0693712 0.419053 5.18716 2.49556 -1.52111</i>
                        <i>-0.0955797 0.994859 -0.0334822 -0.415309 -0.0704239 -0.90695 -0.904645 -0.0727806 0.419905 5.18675 2.49632 -1.52078</i>
                        <i>-0.0989986 0.994596 -0.0312815 -0.415995 -0.069923 -0.906675 -0.903962 -0.0767466 0.420669 5.18633 2.49732 -1.52046</i>
                        <i>-0.102748 0.994287 -0.0289257 -0.416558 -0.0694171 -0.906455 -0.903284 -0.0810874 0.421311 5.18593 2.49853 -1.52015</i>
                        <i>-0.106672 0.993941 -0.0265158 -0.416972 -0.0689284 -0.906302 -0.902638 -0.0856211 0.421798 5.18557 2.49989 -1.51988</i>
                        <i>-0.110647 0.993567 -0.024126 -0.417235 -0.0684694 -0.906216 -0.902038 -0.0902036 0.422127 5.18524 2.50137 -1.51965</i>
                        <i>-0.114574 0.993175 -0.0218073 -0.417365 -0.0680451 -0.906188 -0.901487 -0.0947238 0.422313 5.18496 2.5029 -1.51946</i>
                        <i>-0.118338 0.992779 -0.0196267 -0.417367 -0.0676649 -0.906215 -0.901 -0.0990479 0.422361 5.18473 2.50444 -1.51932</i>
                        <i>-0.121822 0.992395 -0.0176515 -0.417243 -0.0673388 -0.906297 -0.900593 -0.103042 0.422273 5.18456 2.50595 -1.51922</i>
                        <i>-0.124909 0.99204 -0.0159492 -0.416992 -0.0670766 -0.906432 -0.900286 -0.10657 0.422051 5.18445 2.50737 -1.51918</i>
                        <i>-0.127481 0.991734 -0.0145874 -0.416615 -0.0668886 -0.906619 -0.9001 -0.109499 0.421698 5.18441 2.50866 -1.51919</i>
                        <i>-0.129422 0.991496 -0.0136339 -0.41611 -0.0667855 -0.906859 -0.900057 -0.111694 0.421215 5.18445 2.50977 -1.51926</i>
                        <i>-0.130612 0.991346 -0.0131566 -0.415474 -0.0667788 -0.907151 -0.900179 -0.113019 0.4206 5.18457 2.51065 -1.51939</i>
                        <i>-0.130934 0.991303 -0.0132234 -0.414703 -0.0668807 -0.907496 -0.900488 -0.113339 0.419853 5.18478 2.51125 -1.51959</i>
                        <i>-0.13027 0.991381 -0.0139022 -0.413791 -0.0671046 -0.907895 -0.901003 -0.112519 0.418966 5.18508 2.51153 -1.51986</i>
                    </KeyFrames>
                </p>
            </i>
            <i>
                <p>
                    <Name><![CDATA[spine2]]></Name>
                    <Exclude>0</Exclude>
                    <Additive>0</Additive>
                    <IKPriority>0</IKPriority>
                    <IKRotLimits>-1e+010 -1e+010 -1e+010 1e+010 1e+010 1e+010</IKRotLimits>
                    <IKRotLimitOrder>0</IKRotLimitOrder>
                    <KeyFrames count="30">
                        <i>-0.331001 0.906004 0.263808 -0.6779 -0.0338307 -0.734376 -0.656423 -0.421915 0.625378 5.16423 2.6705 -1.52178</i>
                        <i>-0.334171 0.903919 0.266947 -0.677423 -0.0334257 -0.734834 -0.655307 -0.426396 0.623505 5.1649 2.67048 -1.52234</i>
                        <i>-0.335808 0.902655 0.269158 -0.676983 -0.0326051 -0.735276 -0.654925 -0.429127 0.622032 5.16581 2.66997 -1.52302</i>
                        <i>-0.336024 0.902186 0.270459 -0.676592 -0.0314546 -0.735686 -0.655219 -0.430199 0.620981 5.16688 2.66904 -1.52378</i>
                        <i>-0.334927 0.902472 0.270865 -0.676259 -0.0300587 -0.736051 -0.656124 -0.429698 0.620372 5.16806 2.66778 -1.52459</i>
                        <i>-0.332621 0.903467 0.270388 -0.675997 -0.0285007 -0.736353 -0.657565 -0.427708 0.620221 5.16928 2.66625 -1.52539</i>
                        <i>-0.329208 0.905118 0.269043 -0.67582 -0.0268626 -0.736577 -0.659462 -0.424312 0.62054 5.17046 2.66453 -1.52614</i>
                        <i>-0.324786 0.907364 0.266841 -0.675743 -0.0252251 -0.736706 -0.661729 -0.419588 0.621337 5.17155 2.6627 -1.52681</i>
                        <i>-0.319454 0.910145 0.263791 -0.675782 -0.0236674 -0.736721 -0.66428 -0.413614 0.62262 5.17249 2.66084 -1.52734</i>
                        <i>-0.313474 0.913295 0.260049 -0.675938 -0.0222615 -0.736622 -0.666965 -0.406689 0.624309 5.17321 2.65906 -1.52771</i>
                        <i>-0.307322 0.916538 0.255953 -0.676182 -0.0210719 -0.736433 -0.669575 -0.399393 0.626222 5.17372 2.65745 -1.52792</i>
                        <i>-0.301413 0.919648 0.25179 -0.676499 -0.0201671 -0.736167 -0.671937 -0.392226 0.62822 5.17398 2.65612 -1.52796</i>
                        <i>-0.296172 0.922418 0.247846 -0.676871 -0.0196173 -0.73584 -0.67389 -0.385695 0.630168 5.17396 2.65518 -1.52783</i>
                        <i>-0.292025 0.924653 0.244413 -0.67728 -0.0194944 -0.735467 -0.675287 -0.380311 0.631942 5.17366 2.65472 -1.52751</i>
                        <i>-0.28904 0.926335 0.241575 -0.67771 -0.0197681 -0.735064 -0.67614 -0.376181 0.6335 5.17309 2.65471 -1.52705</i>
                        <i>-0.287003 0.92757 0.239258 -0.67814 -0.0203298 -0.734651 -0.676576 -0.373097 0.634857 5.17236 2.65505 -1.52648</i>
                        <i>-0.285928 0.928348 0.237517 -0.678553 -0.0211353 -0.734247 -0.676617 -0.37111 0.635977 5.17149 2.65568 -1.52584</i>
                        <i>-0.285827 0.928661 0.236412 -0.678929 -0.0221401 -0.73387 -0.676283 -0.370267 0.636823 5.17053 2.65656 -1.52516</i>
                        <i>-0.286711 0.928494 0.235999 -0.679247 -0.0232991 -0.73354 -0.675589 -0.370615 0.637357 5.16954 2.65765 -1.52447</i>
                        <i>-0.288587 0.927827 0.236335 -0.679488 -0.0245663 -0.733275 -0.674547 -0.372201 0.637537 5.16855 2.65891 -1.52381</i>
                        <i>-0.291352 0.926696 0.237377 -0.679648 -0.0258986 -0.733081 -0.673195 -0.374918 0.637373 5.16759 2.66029 -1.5232</i>
                        <i>-0.294806 0.925186 0.238997 -0.679734 -0.0272555 -0.732952 -0.671604 -0.378533 0.636916 5.16669 2.66174 -1.52264</i>
                        <i>-0.298812 0.923349 0.241119 -0.679745 -0.028594 -0.732891 -0.669819 -0.382896 0.636186 5.16586 2.66322 -1.52215</i>
                        <i>-0.303235 0.921235 0.24367 -0.679683 -0.0298708 -0.732898 -0.667892 -0.387858 0.635205 5.16513 2.66467 -1.52173</i>
                        <i>-0.307937 0.918899 0.246576 -0.679549 -0.0310427 -0.732973 -0.665874 -0.39327 0.633996 5.16452 2.66606 -1.52142</i>
                        <i>-0.312786 0.916398 0.249761 -0.679346 -0.0320667 -0.733117 -0.663818 -0.398983 0.632581 5.16406 2.66734 -1.52121</i>
                        <i>-0.317647 0.913791 0.253151 -0.679076 -0.0328997 -0.73333 -0.661782 -0.404849 0.630985 5.16378 2.66847 -1.52113</i>
                        <i>-0.32239 0.911144 0.256672 -0.678744 -0.0334992 -0.733611 -0.659827 -0.410723 0.629233 5.1637 2.6694 -1.52119</i>
                        <i>-0.326884 0.908525 0.260249 -0.678351 -0.0338234 -0.733959 -0.658018 -0.41646 0.627355 5.16384 2.67009 -1.5214</i>
                        <i>-0.331001 0.906004 0.263808 -0.6779 -0.0338307 -0.734376 -0.656423 -0.421915 0.625378 5.16423 2.6705 -1.52178</i>
                    </KeyFrames>
                </p>
            </i>
            <i>
                <p>
                    <Name><![CDATA[head]]></Name>
                    <Exclude>0</Exclude>
                    <Additive>0</Additive>
                    <IKPriority>0</IKPriority>
                    <IKRotLimits>-1e+010 -1e+010 -1e+010 1e+010 1e+010 1e+010</IKRotLimits>
                    <IKRotLimitOrder>0</IKRotLimitOrder>
                    <KeyFrames count="30">
                        <i>-0.0257423 0.995441 0.0918345 0.228431 0.0952918 -0.968885 -0.97322 -0.00396355 -0.229843 5.08272 2.90405 -1.44598</i>
                        <i>-0.0264783 0.996861 0.0746192 0.228852 0.0787078 -0.970274 -0.973101 -0.00861442 -0.230217 5.08223 2.9033 -1.4454</i>
                        <i>-0.0263509 0.99785 0.0600099 0.229434 0.0644652 -0.971187 -0.972968 -0.0118234 -0.23064 5.08238 2.90227 -1.44519</i>
                        <i>-0.0253633 0.998529 0.0479214 0.230085 0.0524807 -0.971754 -0.97284 -0.0136209 -0.231078 5.08307 2.90103 -1.44532</i>
                        <i>-0.0235232 0.998991 0.0382643 0.230731 0.0426666 -0.972082 -0.972733 -0.0140377 -0.231502 5.08424 2.89967 -1.44575</i>
                        <i>-0.0208407 0.999304 0.0309465 0.231318 0.0349329 -0.972251 -0.972655 -0.0131039 -0.231885 5.0858 2.89825 -1.44644</i>
                        <i>-0.0173265 0.999515 0.025874 0.231808 0.0291885 -0.972323 -0.972607 -0.0108492 -0.232202 5.08767 2.89685 -1.44737</i>
                        <i>-0.0129907 0.999652 0.0229525 0.232182 0.0253427 -0.972342 -0.972585 -0.00730219 -0.232431 5.08979 2.89554 -1.44849</i>
                        <i>-0.00784157 0.999725 0.0220868 0.232437 0.0233048 -0.972332 -0.97258 -0.0024908 -0.232556 5.09207 2.8944 -1.44979</i>
                        <i>-0.00296934 0.999638 0.0267466 0.232587 0.0267036 -0.972209 -0.972571 0.00333407 -0.232582 5.09439 2.89348 -1.45118</i>
                        <i>0.000604291 0.999242 0.0389222 0.232736 0.0377129 -0.971808 -0.97254 0.00964587 -0.232537 5.09661 2.89279 -1.45258</i>
                        <i>0.00297503 0.99841 0.056295 0.232966 0.0540543 -0.970981 -0.97248 0.0160035 -0.232434 5.09859 2.89238 -1.45387</i>
                        <i>0.00423837 0.997057 0.0765419 0.23328 0.0734449 -0.969632 -0.9724 0.0219654 -0.232283 5.10016 2.89229 -1.45499</i>
                        <i>0.00449363 0.995241 0.0973425 0.233613 0.0936051 -0.967814 -0.972319 0.0270894 -0.23208 5.1012 2.89256 -1.45582</i>
                        <i>0.00423205 0.99322 0.116172 0.233896 0.111968 -0.965793 -0.972252 0.0312595 -0.231836 5.10171 2.89315 -1.45636</i>
                        <i>0.00423843 0.991457 0.130366 0.234102 0.125761 -0.964044 -0.972203 0.034605 -0.231569 5.10181 2.89396 -1.45668</i>
                        <i>0.00434182 0.990091 0.140359 0.234196 0.13545 -0.962707 -0.97218 0.0370515 -0.231288 5.10153 2.89494 -1.45678</i>
                        <i>0.00393455 0.988924 0.148369 0.234157 0.143335 -0.961575 -0.972191 0.0385251 -0.230999 5.10089 2.89604 -1.45665</i>
                        <i>0.00290658 0.98798 0.154554 0.233959 0.149593 -0.960669 -0.972242 0.0389514 -0.230712 5.09992 2.89721 -1.45631</i>
                        <i>0.00114658 0.987267 0.159068 0.233584 0.154403 -0.959999 -0.972336 0.0382564 -0.230432 5.09866 2.8984 -1.45576</i>
                        <i>-0.00126561 0.986809 0.161884 0.233041 0.157718 -0.959592 -0.972466 0.0365112 -0.230167 5.09714 2.89956 -1.45502</i>
                        <i>-0.00408705 0.986648 0.162815 0.232372 0.159297 -0.959494 -0.972619 0.0339121 -0.22992 5.09546 2.90068 -1.45415</i>
                        <i>-0.00718701 0.986801 0.161777 0.231615 0.159024 -0.959722 -0.972781 0.0305724 -0.229701 5.09366 2.90172 -1.45316</i>
                        <i>-0.0104359 0.987274 0.158683 0.230821 0.156784 -0.960282 -0.97294 0.0266058 -0.229519 5.0918 2.90265 -1.4521</i>
                        <i>-0.0137049 0.988062 0.153444 0.230043 0.152458 -0.961164 -0.973084 0.0221262 -0.229387 5.08994 2.90343 -1.451</i>
                        <i>-0.0168644 0.989145 0.14597 0.229342 0.145925 -0.962345 -0.9732 0.0172477 -0.229314 5.08815 2.90403 -1.44989</i>
                        <i>-0.0197836 0.990488 0.136168 0.228776 0.137066 -0.963781 -0.973278 0.0120849 -0.229312 5.08647 2.90442 -1.4488</i>
                        <i>-0.0223287 0.992038 0.123942 0.228402 0.125756 -0.965411 -0.973311 0.00675217 -0.229392 5.08497 2.90457 -1.44776</i>
                        <i>-0.0243623 0.993722 0.109196 0.228273 0.111872 -0.967148 -0.973292 0.00136447 -0.229565 5.0837 2.90446 -1.44681</i>
                        <i>-0.0257423 0.995441 0.0918345 0.228431 0.0952918 -0.968885 -0.97322 -0.00396355 -0.229843 5.08272 2.90405 -1.44598</i>
                    </KeyFrames>
                </p>
            </i>
            <i>
                <p>
                    <Name><![CDATA[head_prop]]></Name>
                    <Exclude>0</Exclude>
                    <Additive>0</Additive>
                    <IKPriority>0</IKPriority>
                    <IKRotLimits>-1e+010 -1e+010 -1e+010 1e+010 1e+010 1e+010</IKRotLimits>
                    <IKRotLimitOrder>0</IKRotLimitOrder>
                    <KeyFrames count="30">
                        <i>0.97322 0.00396355 0.229843 -0.0257423 0.995441 0.0918345 -0.228431 -0.0952918 0.968885 5.07433 3.22847 -1.41605</i>
                        <i>0.973101 0.00861442 0.230217 -0.0264783 0.996861 0.0746192 -0.228852 -0.0787078 0.970274 5.0736 3.22818 -1.42108</i>
                        <i>0.972968 0.0118234 0.23064 -0.0263509 0.99785 0.0600099 -0.229434 -0.0644652 0.971187 5.07379 3.22747 -1.42564</i>
                        <i>0.97284 0.0136209 0.231078 -0.0253633 0.998529 0.0479214 -0.230085 -0.0524807 0.971754 5.0748 3.22646 -1.4297</i>
                        <i>0.972733 0.0140377 0.231502 -0.0235232 0.998991 0.0382643 -0.230731 -0.0426666 0.972082 5.07657 3.22525 -1.43328</i>
                        <i>0.972655 0.0131039 0.231885 -0.0208407 0.999304 0.0309465 -0.231318 -0.0349329 0.972251 5.07901 3.22393 -1.43636</i>
                        <i>0.972607 0.0108492 0.232202 -0.0173265 0.999515 0.025874 -0.231808 -0.0291885 0.972323 5.08203 3.2226 -1.43894</i>
                        <i>0.972585 0.00730219 0.232431 -0.0129907 0.999652 0.0229525 -0.232182 -0.0253427 0.972342 5.08556 3.22134 -1.44101</i>
                        <i>0.97258 0.0024908 0.232556 -0.00784157 0.999725 0.0220868 -0.232437 -0.0233048 0.972332 5.08951 3.22022 -1.44259</i>
                        <i>0.972571 -0.00333407 0.232582 -0.00296934 0.999638 0.0267466 -0.232587 -0.0267036 0.972209 5.09342 3.21927 -1.44247</i>
                        <i>0.97254 -0.00964587 0.232537 0.000604291 0.999242 0.0389222 -0.232736 -0.0377129 0.971808 5.09681 3.21845 -1.43989</i>
                        <i>0.97248 -0.0160035 0.232434 0.00297503 0.99841 0.056295 -0.232966 -0.0540543 0.970981 5.09955 3.21777 -1.43553</i>
                        <i>0.9724 -0.0219654 0.232283 0.00423837 0.997057 0.0765419 -0.23328 -0.0734449 0.969632 5.10155 3.21724 -1.43004</i>
                        <i>0.972319 -0.0270894 0.23208 0.00449363 0.995241 0.0973425 -0.233613 -0.0936051 0.967814 5.10267 3.21692 -1.42409</i>
                        <i>0.972252 -0.0312595 0.231836 0.00423205 0.99322 0.116172 -0.233896 -0.111968 0.965793 5.10309 3.21684 -1.4185</i>
                        <i>0.972203 -0.034605 0.231569 0.00423843 0.991457 0.130366 -0.234102 -0.125761 0.964044 5.10319 3.21708 -1.41419</i>
                        <i>0.97218 -0.0370515 0.231288 0.00434182 0.990091 0.140359 -0.234196 -0.13545 0.962707 5.10294 3.21762 -1.41103</i>
                        <i>0.972191 -0.0385251 0.230999 0.00393455 0.988924 0.148369 -0.234157 -0.143335 0.961575 5.10217 3.21834 -1.4083</i>
                        <i>0.972242 -0.0389514 0.230712 0.00290658 0.98798 0.154554 -0.233959 -0.149593 0.960669 5.10087 3.2192 -1.40594</i>
                        <i>0.972336 -0.0382564 0.230432 0.00114658 0.987267 0.159068 -0.233584 -0.154403 0.959999 5.09903 3.22016 -1.40392</i>
                        <i>0.972466 -0.0365112 0.230167 -0.00126561 0.986809 0.161884 -0.233041 -0.157718 0.959592 5.09673 3.22117 -1.40226</i>
                        <i>0.972619 -0.0339121 0.22992 -0.00408705 0.986648 0.162815 -0.232372 -0.159297 0.959494 5.09413 3.22224 -1.40109</i>
                        <i>0.972781 -0.0305724 0.229701 -0.00718701 0.986801 0.161777 -0.231615 -0.159024 0.959722 5.09132 3.22333 -1.40044</i>
                        <i>0.97294 -0.0266058 0.229519 -0.0104359 0.987274 0.158683 -0.230821 -0.156784 0.960282 5.0884 3.22441 -1.40039</i>
                        <i>0.973084 -0.0221262 0.229387 -0.0137049 0.988062 0.153444 -0.230043 -0.152458 0.961164 5.08548 3.22545 -1.40099</i>
                        <i>0.9732 -0.0172477 0.229314 -0.0168644 0.989145 0.14597 -0.229342 -0.145925 0.962345 5.08265 3.2264 -1.40231</i>
                        <i>0.973278 -0.0120849 0.229312 -0.0197836 0.990488 0.136168 -0.228776 -0.137066 0.963781 5.08002 3.22723 -1.40442</i>
                        <i>0.973311 -0.00675217 0.229392 -0.0223287 0.992038 0.123942 -0.228402 -0.125756 0.965411 5.07769 3.22789 -1.40737</i>
                        <i>0.973292 -0.00136447 0.229565 -0.0243623 0.993722 0.109196 -0.228273 -0.111872 0.967148 5.07576 3.22832 -1.41122</i>
                        <i>0.97322 0.00396355 0.229843 -0.0257423 0.995441 0.0918345 -0.228431 -0.0952918 0.968885 5.07433 3.22847 -1.41605</i>
                    </KeyFrames>
                </p>
            </i>
            <i>
                <p>
                    <Name><![CDATA[l_clav]]></Name>
                    <Exclude>0</Exclude>
                    <Additive>0</Additive>
                    <IKPriority>0</IKPriority>
                    <IKRotLimits>-1e+010 -1e+010 -1e+010 1e+010 1e+010 1e+010</IKRotLimits>
                    <IKRotLimitOrder>0</IKRotLimitOrder>
                    <KeyFrames count="30">
                        <i>0.722811 0.401073 0.562748 -0.465502 0.884452 -0.0324471 -0.510737 -0.238507 0.825991 5.18314 2.71031 -1.43194</i>
                        <i>0.720088 0.401993 0.565575 -0.471053 0.881694 -0.026937 -0.509492 -0.247018 0.824257 5.18386 2.71011 -1.43256</i>
                        <i>0.718035 0.402229 0.568012 -0.475071 0.879663 -0.0223719 -0.508658 -0.253782 0.822716 5.18488 2.70948 -1.43336</i>
                        <i>0.716664 0.401863 0.569999 -0.477572 0.878391 -0.0188334 -0.508251 -0.258718 0.821429 5.18612 2.70849 -1.43426</i>
                        <i>0.715982 0.400976 0.571478 -0.478563 0.8779 -0.0164035 -0.508278 -0.261744 0.820453 5.18751 2.70721 -1.43522</i>
                        <i>0.716 0.399641 0.57239 -0.478052 0.878201 -0.0151642 -0.508733 -0.262775 0.819841 5.18895 2.70572 -1.43618</i>
                        <i>0.716726 0.397926 0.572676 -0.476038 0.879293 -0.0151997 -0.509598 -0.261722 0.819641 5.19038 2.70408 -1.4371</i>
                        <i>0.718169 0.395892 0.572279 -0.472519 0.881164 -0.0165955 -0.510841 -0.258494 0.819891 5.19173 2.70238 -1.43793</i>
                        <i>0.720336 0.393592 0.57114 -0.467487 0.883786 -0.0194405 -0.512417 -0.252997 0.820622 5.1929 2.7007 -1.43859</i>
                        <i>0.723109 0.391124 0.569328 -0.461196 0.886985 -0.0235819 -0.514209 -0.24552 0.821772 5.19384 2.69911 -1.43908</i>
                        <i>0.726215 0.388653 0.567064 -0.45423 0.890426 -0.0285652 -0.516031 -0.236833 0.823178 5.19454 2.69773 -1.43938</i>
                        <i>0.729429 0.386331 0.564519 -0.447078 0.893848 -0.0340271 -0.51774 -0.227563 0.824718 5.19495 2.69662 -1.43949</i>
                        <i>0.732536 0.384321 0.561862 -0.440237 0.897008 -0.0396009 -0.519214 -0.218343 0.826283 5.19503 2.6959 -1.43938</i>
                        <i>0.735317 0.382801 0.55926 -0.434211 0.899691 -0.0449152 -0.520354 -0.20981 0.827775 5.19475 2.69563 -1.43904</i>
                        <i>0.737704 0.381791 0.556802 -0.42916 0.901855 -0.0497964 -0.521166 -0.202222 0.829151 5.19416 2.69579 -1.43852</i>
                        <i>0.739731 0.38119 0.55452 -0.424977 0.903579 -0.0542212 -0.521721 -0.195549 0.830402 5.19334 2.69627 -1.43787</i>
                        <i>0.741343 0.381 0.552495 -0.421772 0.904842 -0.05804 -0.522034 -0.189999 0.831493 5.19236 2.69701 -1.43713</i>
                        <i>0.742486 0.381221 0.550805 -0.419654 0.905625 -0.0611026 -0.522116 -0.18578 0.832394 5.19126 2.69796 -1.43633</i>
                        <i>0.743104 0.381853 0.549531 -0.418731 0.905905 -0.0632577 -0.521978 -0.183098 0.833075 5.1901 2.69909 -1.43552</i>
                        <i>0.743142 0.382895 0.548754 -0.419106 0.905654 -0.0643544 -0.521622 -0.182161 0.833503 5.18892 2.70035 -1.43473</i>
                        <i>0.742625 0.384298 0.548474 -0.420709 0.904907 -0.0644058 -0.521069 -0.182918 0.833684 5.18776 2.70167 -1.43398</i>
                        <i>0.741643 0.385974 0.548625 -0.423316 0.903749 -0.0635665 -0.520354 -0.185098 0.833649 5.18664 2.70304 -1.43329</i>
                        <i>0.740245 0.387857 0.549185 -0.426804 0.902223 -0.0618994 -0.519496 -0.188574 0.833405 5.18561 2.70439 -1.43267</i>
                        <i>0.738476 0.389879 0.550134 -0.431048 0.900367 -0.0594677 -0.518508 -0.193219 0.832956 5.18468 2.7057 -1.43214</i>
                        <i>0.736385 0.39197 0.551449 -0.435925 0.898218 -0.0563356 -0.517404 -0.198906 0.832304 5.18389 2.70692 -1.43172</i>
                        <i>0.73402 0.394062 0.553109 -0.44131 0.895814 -0.0525678 -0.516198 -0.205507 0.831448 5.18327 2.708 -1.43143</i>
                        <i>0.73143 0.396085 0.555092 -0.447081 0.893192 -0.0482294 -0.514907 -0.212895 0.830389 5.18286 2.70893 -1.43129</i>
                        <i>0.728664 0.397972 0.557375 -0.453117 0.890395 -0.0433858 -0.51355 -0.220942 0.829127 5.18268 2.70964 -1.43132</i>
                        <i>0.725774 0.399656 0.559934 -0.459297 0.887465 -0.0381031 -0.51215 -0.229522 0.82766 5.18276 2.71012 -1.43152</i>
                        <i>0.722811 0.401073 0.562748 -0.465502 0.884452 -0.0324471 -0.510737 -0.238507 0.825991 5.18314 2.71031 -1.43194</i>
                    </KeyFrames>
                </p>
            </i>
            <i>
                <p>
                    <Name><![CDATA[l_shoulder]]></Name>
                    <Exclude>0</Exclude>
                    <Additive>0</Additive>
                    <IKPriority>0</IKPriority>
                    <IKRotLimits>-1e+010 -1e+010 -1e+010 1e+010 1e+010 1e+010</IKRotLimits>
                    <IKRotLimitOrder>0</IKRotLimitOrder>
                    <KeyFrames count="30">
                        <i>0.5067 -0.740984 0.440679 0.301901 0.631296 0.714367 -0.807534 -0.228928 0.543582 5.32595 2.78955 -1.32075</i>
                        <i>0.511214 -0.740594 0.436097 0.297688 0.628583 0.718516 -0.806252 -0.237494 0.541807 5.32614 2.78954 -1.32082</i>
                        <i>0.514437 -0.740587 0.432301 0.294548 0.626058 0.722006 -0.805355 -0.244094 0.540206 5.32675 2.78895 -1.32113</i>
                        <i>0.516381 -0.740943 0.429365 0.292479 0.623829 0.724772 -0.804865 -0.248678 0.538843 5.32772 2.78789 -1.32164</i>
                        <i>0.517056 -0.741633 0.427358 0.291484 0.621997 0.726744 -0.804792 -0.251199 0.537781 5.32897 2.78644 -1.32231</i>
                        <i>0.51647 -0.742619 0.426352 0.291572 0.620656 0.727854 -0.805136 -0.251603 0.537077 5.33042 2.78468 -1.32309</i>
                        <i>0.514633 -0.743855 0.426418 0.292754 0.619889 0.728033 -0.805883 -0.249834 0.536782 5.33199 2.7827 -1.32396</i>
                        <i>0.511553 -0.745284 0.427627 0.295048 0.619772 0.727207 -0.807007 -0.245834 0.536941 5.33362 2.7806 -1.32486</i>
                        <i>0.507239 -0.746838 0.430048 0.298478 0.620366 0.725298 -0.808467 -0.23954 0.537588 5.33522 2.77846 -1.32575</i>
                        <i>0.501917 -0.748409 0.433548 0.302871 0.621606 0.722409 -0.810153 -0.23128 0.538666 5.33672 2.77639 -1.3266</i>
                        <i>0.496079 -0.74986 0.437739 0.307813 0.623284 0.718866 -0.811885 -0.221873 0.540014 5.33802 2.77452 -1.32734</i>
                        <i>0.49014 -0.751081 0.442313 0.312955 0.62525 0.714927 -0.813524 -0.21199 0.541515 5.33907 2.77296 -1.32795</i>
                        <i>0.484515 -0.75198 0.446958 0.317947 0.627373 0.710853 -0.814957 -0.202309 0.543062 5.33976 2.77183 -1.32836</i>
                        <i>0.479619 -0.752485 0.451366 0.32243 0.629538 0.706909 -0.816091 -0.193513 0.544562 5.34004 2.77126 -1.32855</i>
                        <i>0.475573 -0.752626 0.455395 0.326276 0.631675 0.703229 -0.81693 -0.185852 0.545971 5.33991 2.77122 -1.32851</i>
                        <i>0.472271 -0.752496 0.459031 0.329538 0.633735 0.699846 -0.817536 -0.179249 0.547271 5.3395 2.77158 -1.32831</i>
                        <i>0.469792 -0.752136 0.462155 0.332122 0.63565 0.696881 -0.817918 -0.173897 0.548424 5.33884 2.77228 -1.32797</i>
                        <i>0.468213 -0.751585 0.464646 0.333933 0.637356 0.694454 -0.818087 -0.169992 0.549397 5.33796 2.77329 -1.3275</i>
                        <i>0.467612 -0.750882 0.466386 0.334877 0.638784 0.692685 -0.818044 -0.167726 0.550156 5.33692 2.77454 -1.32694</i>
                        <i>0.468064 -0.75006 0.467253 0.334864 0.639862 0.691696 -0.817791 -0.167292 0.550664 5.33575 2.776 -1.32631</i>
                        <i>0.469507 -0.749152 0.467262 0.333937 0.640576 0.691482 -0.817343 -0.16862 0.550925 5.33449 2.7776 -1.32562</i>
                        <i>0.471758 -0.748187 0.46654 0.332255 0.640962 0.691935 -0.816732 -0.171416 0.550968 5.33318 2.7793 -1.32489</i>
                        <i>0.474715 -0.747188 0.465139 0.329902 0.641013 0.693013 -0.815972 -0.175534 0.550797 5.33186 2.78103 -1.32416</i>
                        <i>0.478277 -0.746176 0.463112 0.326964 0.640721 0.694674 -0.815074 -0.180825 0.550414 5.33059 2.78273 -1.32345</i>
                        <i>0.482341 -0.745171 0.460509 0.323528 0.640077 0.696872 -0.81405 -0.187143 0.549819 5.32938 2.78436 -1.32277</i>
                        <i>0.486807 -0.744191 0.457382 0.319681 0.639072 0.699565 -0.81291 -0.194337 0.549008 5.3283 2.78586 -1.32215</i>
                        <i>0.491576 -0.743259 0.453783 0.315509 0.637697 0.702707 -0.811669 -0.202261 0.547981 5.32737 2.78718 -1.32162</i>
                        <i>0.496548 -0.742396 0.449765 0.311099 0.635945 0.706252 -0.810344 -0.210766 0.546736 5.32664 2.78827 -1.32119</i>
                        <i>0.501622 -0.741628 0.445379 0.306536 0.633812 0.710154 -0.808957 -0.219704 0.545269 5.32616 2.78908 -1.32089</i>
                        <i>0.5067 -0.740984 0.440679 0.301901 0.631296 0.714367 -0.807534 -0.228928 0.543582 5.32595 2.78955 -1.32075</i>
                    </KeyFrames>
                </p>
            </i>
            <i>
                <p>
                    <Name><![CDATA[l_elbow]]></Name>
                    <Exclude>0</Exclude>
                    <Additive>0</Additive>
                    <IKPriority>0</IKPriority>
                    <IKRotLimits>-1e+010 -1e+010 -1e+010 1e+010 1e+010 1e+010</IKRotLimits>
                    <IKRotLimitOrder>0</IKRotLimitOrder>
                    <KeyFrames count="30">
                        <i>-0.226552 -0.681628 0.695742 0.299864 0.630809 0.715655 -0.926691 0.370761 0.0614846 5.49077 2.54853 -1.17741</i>
                        <i>-0.222479 -0.687495 0.691269 0.295653 0.628075 0.7198 -0.929027 0.364516 0.0635267 5.49242 2.54864 -1.17897</i>
                        <i>-0.219584 -0.69222 0.68747 0.292514 0.625533 0.723287 -0.930708 0.359917 0.0651268 5.49409 2.54806 -1.18051</i>
                        <i>-0.217875 -0.695752 0.684441 0.290446 0.623293 0.726049 -0.931757 0.356981 0.0662788 5.49569 2.54688 -1.18198</i>
                        <i>-0.217351 -0.698037 0.682278 0.289452 0.621455 0.728019 -0.932189 0.355723 0.0669742 5.49715 2.5452 -1.1833</i>
                        <i>-0.218006 -0.699011 0.68107 0.289539 0.620113 0.729128 -0.932009 0.356151 0.0672026 5.49841 2.54312 -1.18441</i>
