<?xml version="1.0" encoding="ISO-8859-1" ?>
<Animl Version="1">
    <ModellingPackage><![CDATA[Maya.2010]]></ModellingPackage>
    <SrcFile><![CDATA[anims\turrets\antiair\red\~src\aa_s125_launcher\aa_s125_launcher_aim_low_crewman_c.mb]]></SrcFile>
    <FramesPerSecond>30</FramesPerSecond>
    <TotalFrames>30</TotalFrames>
    <Skeleton>
        <RefFrame>
            <Name><![CDATA[soldier_ref_frame]]></Name>
            <Exclude>0</Exclude>
            <Additive>0</Additive>
            <IKPriority>0</IKPriority>
            <IKRotLimits>-1e+010 -1e+010 -1e+010 1e+010 1e+010 1e+010</IKRotLimits>
            <IKRotLimitOrder>0</IKRotLimitOrder>
            <KeyFrames count="30">
                <i>1 0 0 0 1 0 0 0 1 0.914213 1.19421 -5.19492</i>
                <i>1 0 0 0 1 0 0 0 1 0.914213 1.19421 -5.19492</i>
                <i>1 0 0 0 1 0 0 0 1 0.914213 1.19421 -5.19492</i>
                <i>1 0 0 0 1 0 0 0 1 0.914213 1.19421 -5.19492</i>
                <i>1 0 0 0 1 0 0 0 1 0.914213 1.19421 -5.19492</i>
                <i>1 0 0 0 1 0 0 0 1 0.914213 1.19421 -5.19492</i>
                <i>1 0 0 0 1 0 0 0 1 0.914213 1.19421 -5.19492</i>
                <i>1 0 0 0 1 0 0 0 1 0.914213 1.19421 -5.19492</i>
                <i>1 0 0 0 1 0 0 0 1 0.914213 1.19421 -5.19492</i>
                <i>1 0 0 0 1 0 0 0 1 0.914213 1.19421 -5.19492</i>
                <i>1 0 0 0 1 0 0 0 1 0.914213 1.19421 -5.19492</i>
                <i>1 0 0 0 1 0 0 0 1 0.914213 1.19421 -5.19492</i>
                <i>1 0 0 0 1 0 0 0 1 0.914213 1.19421 -5.19492</i>
                <i>1 0 0 0 1 0 0 0 1 0.914213 1.19421 -5.19492</i>
                <i>1 0 0 0 1 0 0 0 1 0.914213 1.19421 -5.19492</i>
                <i>1 0 0 0 1 0 0 0 1 0.914213 1.19421 -5.19492</i>
                <i>1 0 0 0 1 0 0 0 1 0.914213 1.19421 -5.19492</i>
                <i>1 0 0 0 1 0 0 0 1 0.914213 1.19421 -5.19492</i>
                <i>1 0 0 0 1 0 0 0 1 0.914213 1.19421 -5.19492</i>
                <i>1 0 0 0 1 0 0 0 1 0.914213 1.19421 -5.19492</i>
                <i>1 0 0 0 1 0 0 0 1 0.914213 1.19421 -5.19492</i>
                <i>1 0 0 0 1 0 0 0 1 0.914213 1.19421 -5.19492</i>
                <i>1 0 0 0 1 0 0 0 1 0.914213 1.19421 -5.19492</i>
                <i>1 0 0 0 1 0 0 0 1 0.914213 1.19421 -5.19492</i>
                <i>1 0 0 0 1 0 0 0 1 0.914213 1.19421 -5.19492</i>
                <i>1 0 0 0 1 0 0 0 1 0.914213 1.19421 -5.19492</i>
                <i>1 0 0 0 1 0 0 0 1 0.914213 1.19421 -5.19492</i>
                <i>1 0 0 0 1 0 0 0 1 0.914213 1.19421 -5.19492</i>
                <i>1 0 0 0 1 0 0 0 1 0.914213 1.19421 -5.19492</i>
                <i>1 0 0 0 1 0 0 0 1 0.914213 1.19421 -5.19492</i>
            </KeyFrames>
        </RefFrame>
        <Bones count="23">
            <i>
                <p>
                    <Name><![CDATA[pelvis]]></Name>
                    <Exclude>0</Exclude>
                    <Additive>0</Additive>
                    <IKPriority>0</IKPriority>
                    <IKRotLimits>-1e+010 -1e+010 -1e+010 1e+010 1e+010 1e+010</IKRotLimits>
                    <IKRotLimitOrder>2</IKRotLimitOrder>
                    <KeyFrames count="30">
                        <i>1 0 0 0 1 0 0 0 1 0.985072 2.08474 -5.18044</i>
                        <i>1 0 0 0 1 0 0 0 1 0.985072 2.08835 -5.18044</i>
                        <i>1 0 0 0 1 0 0 0 1 0.985072 2.09233 -5.18044</i>
                        <i>1 0 0 0 1 0 0 0 1 0.985072 2.0966 -5.18044</i>
                        <i>1 0 0 0 1 0 0 0 1 0.985072 2.10103 -5.18044</i>
                        <i>1 0 0 0 1 0 0 0 1 0.985072 2.10553 -5.18044</i>
                        <i>1 0 0 0 1 0 0 0 1 0.985072 2.11 -5.18044</i>
                        <i>1 0 0 0 1 0 0 0 1 0.985072 2.11433 -5.18044</i>
                        <i>1 0 0 0 1 0 0 0 1 0.985072 2.11842 -5.18044</i>
                        <i>1 0 0 0 1 0 0 0 1 0.985072 2.12216 -5.18044</i>
                        <i>1 0 0 0 1 0 0 0 1 0.985072 2.12546 -5.18044</i>
                        <i>1 0 0 0 1 0 0 0 1 0.985072 2.1282 -5.18044</i>
                        <i>1 0 0 0 1 0 0 0 1 0.985072 2.13029 -5.18044</i>
                        <i>1 0 0 0 1 0 0 0 1 0.985072 2.13162 -5.18044</i>
                        <i>1 0 0 0 1 0 0 0 1 0.985072 2.13209 -5.18044</i>
                        <i>1 0 0 0 1 0 0 0 1 0.985072 2.13168 -5.18044</i>
                        <i>1 0 0 0 1 0 0 0 1 0.985072 2.13051 -5.18044</i>
                        <i>1 0 0 0 1 0 0 0 1 0.985072 2.12868 -5.18044</i>
                        <i>1 0 0 0 1 0 0 0 1 0.985072 2.12625 -5.18044</i>
                        <i>1 0 0 0 1 0 0 0 1 0.985072 2.12332 -5.18044</i>
                        <i>1 0 0 0 1 0 0 0 1 0.985072 2.11997 -5.18044</i>
                        <i>1 0 0 0 1 0 0 0 1 0.985072 2.11628 -5.18044</i>
                        <i>1 0 0 0 1 0 0 0 1 0.985072 2.11233 -5.18044</i>
                        <i>1 0 0 0 1 0 0 0 1 0.985072 2.10822 -5.18044</i>
                        <i>1 0 0 0 1 0 0 0 1 0.985072 2.10403 -5.18044</i>
                        <i>1 0 0 0 1 0 0 0 1 0.985072 2.09984 -5.18044</i>
                        <i>1 0 0 0 1 0 0 0 1 0.985072 2.09573 -5.18044</i>
                        <i>1 0 0 0 1 0 0 0 1 0.985072 2.09178 -5.18044</i>
                        <i>1 0 0 0 1 0 0 0 1 0.985072 2.0881 -5.18044</i>
                        <i>1 0 0 0 1 0 0 0 1 0.985072 2.08474 -5.18044</i>
                    </KeyFrames>
                </p>
            </i>
            <i>
                <p>
                    <Name><![CDATA[spine0]]></Name>
                    <Exclude>0</Exclude>
                    <Additive>0</Additive>
                    <IKPriority>0</IKPriority>
                    <IKRotLimits>-1e+010 -1e+010 -1e+010 1e+010 1e+010 1e+010</IKRotLimits>
                    <IKRotLimitOrder>0</IKRotLimitOrder>
                    <KeyFrames count="30">
                        <i>-0.0231431 0.994289 0.104182 -0.999711 -0.0223334 -0.00893123 -0.00655347 -0.104359 0.994518 0.964375 2.21176 -5.24475</i>
                        <i>-0.0222702 0.992148 0.123071 -0.999739 -0.0214639 -0.00787379 -0.00517038 -0.123214 0.992367 0.964299 2.2159 -5.24366</i>
                        <i>-0.021617 0.990033 0.139166 -0.999759 -0.0208627 -0.00687698 -0.00390507 -0.139281 0.990245 0.964231 2.22036 -5.24265</i>
                        <i>-0.0211713 0.988175 0.151859 -0.999772 -0.0205007 -0.00598038 -0.00279644 -0.151951 0.988384 0.964172 2.22504 -5.24177</i>
                        <i>-0.0209286 0.986796 0.160612 -0.999779 -0.0203541 -0.00522127 -0.0018832 -0.160686 0.987004 0.964124 2.22981 -5.24104</i>
                        <i>-0.0208902 0.986087 0.164911 -0.999781 -0.0204052 -0.00463447 -0.00120496 -0.164971 0.986298 0.964088 2.23457 -5.24049</i>
                        <i>-0.021061 0.986194 0.164248 -0.999778 -0.0206429 -0.00425238 -0.000803115 -0.164301 0.98641 0.964066 2.23919 -5.24015</i>
                        <i>-0.021397 0.986979 0.159422 -0.999771 -0.0210106 -0.00410949 -0.000706427 -0.159474 0.987202 0.96406 2.24357 -5.24005</i>
                        <i>-0.0217789 0.988025 0.152748 -0.999762 -0.0213814 -0.00424479 -0.000928002 -0.152804 0.988256 0.96407 2.24758 -5.24021</i>
                        <i>-0.0221431 0.989143 0.145281 -0.999754 -0.0216934 -0.00467848 -0.00147602 -0.145349 0.989379 0.964098 2.25113 -5.24065</i>
                        <i>-0.0224905 0.990298 0.137127 -0.999744 -0.021961 -0.0053731 -0.00230952 -0.137213 0.990539 0.964143 2.25411 -5.24134</i>
                        <i>-0.0228241 0.991459 0.128403 -0.999734 -0.0222014 -0.00627861 -0.00337426 -0.128512 0.991702 0.964202 2.25644 -5.24222</i>
                        <i>-0.0231469 0.992597 0.119228 -0.999721 -0.0224308 -0.00734534 -0.00461658 -0.119365 0.99284 0.964272 2.25803 -5.24326</i>
                        <i>-0.0234625 0.993685 0.109725 -0.999707 -0.0226634 -0.00852371 -0.00598314 -0.109893 0.993925 0.964351 2.2588 -5.2444</i>
                        <i>-0.0237742 0.994702 0.100016 -0.99969 -0.0229117 -0.00976403 -0.00742077 -0.100217 0.994938 0.964436 2.25867 -5.2456</i>
                        <i>-0.024086 0.99563 0.0902269 -0.999671 -0.0231854 -0.0110165 -0.00887639 -0.0904625 0.99586 0.964524 2.25765 -5.24681</i>
                        <i>-0.0244017 0.996457 0.0804868 -0.999649 -0.0234919 -0.0122312 -0.0102971 -0.080757 0.996681 0.964611 2.25588 -5.24798</i>
                        <i>-0.0246904 0.99714 0.0714239 -0.999628 -0.0237947 -0.0133649 -0.0116271 -0.0717273 0.997357 0.964695 2.25346 -5.24908</i>
                        <i>-0.0249179 0.997658 0.063703 -0.999607 -0.0240486 -0.0143769 -0.0128112 -0.0640363 0.997865 0.964771 2.2505 -5.25005</i>
                        <i>-0.0250831 0.99803 0.0575106 -0.99959 -0.0242452 -0.0152213 -0.013797 -0.0578689 0.998229 0.964835 2.24713 -5.25085</i>
                        <i>-0.0251876 0.998278 0.0529861 -0.999577 -0.024379 -0.0158517 -0.0145326 -0.053363 0.998469 0.964883 2.24344 -5.25145</i>
                        <i>-0.0252339 0.998418 0.0502486 -0.99957 -0.0244467 -0.0162205 -0.0149664 -0.0506363 0.998605 0.964912 2.23955 -5.2518</i>
                        <i>-0.0252274 0.998458 0.049441 -0.999569 -0.0244503 -0.0162604 -0.0150264 -0.0498299 0.998645 0.964915 2.23559 -5.25184</i>
                        <i>-0.0251655 0.998399 0.0506608 -0.999575 -0.0243853 -0.0159599 -0.014699 -0.0510409 0.998588 0.964891 2.23164 -5.25155</i>
                        <i>-0.0250388 0.998229 0.0539676 -0.999588 -0.0242428 -0.015355 -0.0140195 -0.0543299 0.998425 0.964845 2.22777 -5.25098</i>
                        <i>-0.0248383 0.997924 0.0594268 -0.999607 -0.0240179 -0.0144803 -0.013023 -0.0597631 0.998128 0.964778 2.22404 -5.25014</i>
                        <i>-0.0245554 0.997444 0.0671074 -0.999629 -0.0237098 -0.0133692 -0.0117439 -0.0674108 0.997656 0.964694 2.22051 -5.24907</i>
                        <i>-0.0241824 0.996732 0.0770805 -0.999655 -0.0233212 -0.0120534 -0.0102164 -0.0773454 0.996952 0.964597 2.21725 -5.24779</i>
                        <i>-0.0237131 0.995712 0.0894164 -0.999683 -0.022859 -0.0105641 -0.00847482 -0.0896386 0.995938 0.96449 2.21431 -5.24634</i>
                        <i>-0.0231431 0.994289 0.104182 -0.999711 -0.0223334 -0.00893123 -0.00655347 -0.104359 0.994518 0.964375 2.21176 -5.24475</i>
                    </KeyFrames>
                </p>
            </i>
            <i>
                <p>
                    <Name><![CDATA[spine1]]></Name>
                    <Exclude>0</Exclude>
                    <Additive>0</Additive>
                    <IKPriority>0</IKPriority>
                    <IKRotLimits>-1e+010 -1e+010 -1e+010 1e+010 1e+010 1e+010</IKRotLimits>
                    <IKRotLimitOrder>0</IKRotLimitOrder>
                    <KeyFrames count="30">
                        <i>0.111234 0.895077 0.431815 -0.993516 0.110439 0.027007 -0.0235157 -0.432019 0.901558 0.960078 2.39642 -5.22549</i>
                        <i>0.112092 0.890346 0.44127 -0.993352 0.112106 0.0261365 -0.0261986 -0.441266 0.896994 0.960178 2.39953 -5.22096</i>
                        <i>0.112697 0.884243 0.453225 -0.993232 0.113154 0.0262091 -0.028109 -0.453111 0.891011 0.960238 2.40326 -5.21703</i>
                        <i>0.113099 0.877595 0.465872 -0.993154 0.113647 0.027021 -0.0292316 -0.465738 0.88444 0.960264 2.40745 -5.21382</i>
                        <i>0.113336 0.871342 0.477407 -0.993116 0.113653 0.0283302 -0.0295737 -0.477332 0.878225 0.960261 2.41195 -5.21148</i>
                        <i>0.113441 0.866536 0.486053 -0.993117 0.113255 0.0298737 -0.0291613 -0.486096 0.873419 0.960231 2.41664 -5.21012</i>
                        <i>0.113441 0.864287 0.490039 -0.993149 0.112562 0.0313823 -0.0280363 -0.490242 0.871135 0.960176 2.4214 -5.20989</i>
                        <i>0.113326 0.864412 0.489846 -0.993206 0.111681 0.0326991 -0.0264408 -0.490223 0.871196 0.960103 2.42608 -5.21065</i>
                        <i>0.113073 0.865549 0.487893 -0.993274 0.110785 0.0336598 -0.0249171 -0.488418 0.872254 0.960037 2.43054 -5.21201</i>
                        <i>0.112692 0.867137 0.485154 -0.993346 0.109986 0.0341523 -0.0237455 -0.485775 0.873761 0.959991 2.43463 -5.21378</i>
                        <i>0.112199 0.869085 0.481771 -0.993422 0.10927 0.03424 -0.0228856 -0.482444 0.875628 0.959962 2.43822 -5.21593</i>
                        <i>0.111615 0.871326 0.477841 -0.993502 0.108621 0.0339978 -0.0222803 -0.478531 0.877788 0.959948 2.44122 -5.21838</i>
                        <i>0.110962 0.873799 0.473459 -0.993584 0.108022 0.0334991 -0.0218726 -0.474138 0.880179 0.959947 2.44352 -5.22107</i>
                        <i>0.11026 0.87644 0.468717 -0.993668 0.107458 0.0328162 -0.021606 -0.469367 0.882739 0.959955 2.44502 -5.22394</i>
                        <i>0.10953 0.879192 0.463707 -0.993753 0.106914 0.0320204 -0.0214245 -0.464317 0.88541 0.959969 2.4456 -5.2269</i>
                        <i>0.108793 0.881999 0.458521 -0.993837 0.106377 0.0311825 -0.0212731 -0.459088 0.888136 0.959986 2.44528 -5.22991</i>
                        <i>0.108068 0.884807 0.453252 -0.99392 0.105836 0.0303718 -0.0210973 -0.453778 0.890865 0.960002 2.44417 -5.23288</i>
                        <i>0.107395 0.887482 0.448153 -0.993995 0.105353 0.0295688 -0.0209723 -0.448637 0.893468 0.96002 2.44233 -5.23566</i>
                        <i>0.106815 0.889887 0.4435 -0.994058 0.104991 0.0287484 -0.0209807 -0.443935 0.895813 0.960043 2.43985 -5.23807</i>
                        <i>0.106353 0.891967 0.439413 -0.994105 0.104752 0.0279702 -0.0210811 -0.439797 0.89785 0.960069 2.43682 -5.24004</i>
                        <i>0.106036 0.893736 0.435882 -0.994136 0.104642 0.0272831 -0.0212274 -0.436219 0.89959 0.960094 2.43335 -5.24149</i>
                        <i>0.10589 0.895234 0.432831 -0.994148 0.104666 0.0267302 -0.0213731 -0.433129 0.901079 0.960112 2.42952 -5.24235</i>
                        <i>0.105952 0.896532 0.430122 -0.99414 0.104835 0.0263713 -0.0214493 -0.430395 0.902385 0.96012 2.42543 -5.24255</i>
                        <i>0.106228 0.897615 0.427788 -0.99411 0.105156 0.0262115 -0.0214565 -0.428052 0.903499 0.960116 2.42118 -5.24205</i>
                        <i>0.106699 0.898405 0.42601 -0.99406 0.105631 0.0262097 -0.021453 -0.426276 0.904339 0.960104 2.41684 -5.24086</i>
                        <i>0.107344 0.89882 0.42497 -0.993989 0.106264 0.0263231 -0.0214994 -0.425241 0.904825 0.960089 2.41249 -5.23902</i>
                        <i>0.108143 0.898782 0.424848 -0.993899 0.107058 0.0265072 -0.0216593 -0.425123 0.904877 0.960075 2.4082 -5.23654</i>
                        <i>0.109073 0.898206 0.425827 -0.99379 0.108015 0.0267152 -0.022 -0.426096 0.90441 0.960066 2.40405 -5.23344</i>
                        <i>0.110112 0.897004 0.428088 -0.993662 0.10914 0.0268988 -0.0225932 -0.428337 0.903337 0.960066 2.4001 -5.22975</i>
                        <i>0.111234 0.895077 0.431815 -0.993516 0.110439 0.027007 -0.0235157 -0.432019 0.901558 0.960078 2.39642 -5.22549</i>
                    </KeyFrames>
                </p>
            </i>
            <i>
                <p>
                    <Name><![CDATA[spine2]]></Name>
                    <Exclude>0</Exclude>
                    <Additive>0</Additive>
                    <IKPriority>0</IKPriority>
                    <IKRotLimits>-1e+010 -1e+010 -1e+010 1e+010 1e+010 1e+010</IKRotLimits>
                    <IKRotLimitOrder>0</IKRotLimitOrder>
                    <KeyFrames count="30">
                        <i>0.0741237 0.845842 0.528258 -0.996791 0.0467814 0.0649611 0.0302342 -0.531377 0.846595 0.979091 2.54916 -5.15151</i>
                        <i>0.0731295 0.853203 0.516427 -0.996906 0.047577 0.0625654 0.0288109 -0.519405 0.854042 0.979267 2.55095 -5.14563</i>
                        <i>0.072449 0.853946 0.515294 -0.996988 0.0476611 0.0611898 0.0276933 -0.518175 0.854826 0.979391 2.55336 -5.13982</i>
                        <i>0.0720455 0.849913 0.521975 -0.997038 0.0472455 0.060688 0.0269186 -0.524801 0.850799 0.979468 2.55629 -5.13453</i>
                        <i>0.0718934 0.842783 0.533431 -0.99706 0.0465181 0.0608841 0.0264979 -0.53624 0.84365 0.979502 2.55972 -5.13024</i>
                        <i>0.0719785 0.834275 0.54663 -0.997056 0.0456655 0.0615937 0.026424 -0.549454 0.835106 0.979497 2.56364 -5.12739</i>
                        <i>0.0722957 0.826261 0.558629 -0.997026 0.0448884 0.0626377 0.0266791 -0.561496 0.827049 0.979454 2.56809 -5.12642</i>
                        <i>0.0727876 0.819312 0.568709 -0.996977 0.0442253 0.0638873 0.0271923 -0.571639 0.820054 0.979381 2.57292 -5.12714</i>
                        <i>0.0732938 0.813372 0.577108 -0.996923 0.0436241 0.0651276 0.0277971 -0.580106 0.814067 0.9793 2.57778 -5.12871</i>
                        <i>0.0737212 0.808713 0.583566 -0.996874 0.0430927 0.0662157 0.028402 -0.586623 0.809362 0.979226 2.58239 -5.1308</i>
                        <i>0.0740765 0.805174 0.588394 -0.996831 0.0426229 0.0671708 0.0290052 -0.591505 0.80578 0.979156 2.58664 -5.13334</i>
                        <i>0.0743709 0.802593 0.591873 -0.996791 0.0422092 0.0680138 0.0296049 -0.595032 0.803157 0.979092 2.59039 -5.13626</i>
                        <i>0.0746163 0.800792 0.594277 -0.996755 0.0418441 0.0687654 0.0301998 -0.59748 0.801315 0.979031 2.59351 -5.13948</i>
                        <i>0.0748248 0.799582 0.595877 -0.996721 0.041519 0.0694466 0.030788 -0.59912 0.800067 0.978972 2.59587 -5.14292</i>
                        <i>0.0750097 0.798773 0.596939 -0.996689 0.0412246 0.070078 0.0313678 -0.600219 0.79922 0.978915 2.59735 -5.14652</i>
                        <i>0.0751853 0.798166 0.597727 -0.996658 0.0409517 0.0706806 0.0319369 -0.601044 0.798578 0.978859 2.59793 -5.15019</i>
                        <i>0.0753666 0.797565 0.598506 -0.996626 0.0406908 0.0712754 0.0324931 -0.601859 0.797941 0.978801 2.59771 -5.15386</i>
                        <i>0.0755209 0.797324 0.598808 -0.996598 0.0404831 0.0717857 0.0329949 -0.602192 0.797669 0.978749 2.59672 -5.15732</i>
                        <i>0.0756108 0.797843 0.598105 -0.996578 0.0403727 0.0721295 0.0334009 -0.601512 0.798165 0.978709 2.59496 -5.16039</i>
                        <i>0.0756459 0.798994 0.596561 -0.996565 0.0403553 0.0723184 0.0337076 -0.599983 0.799302 0.978682 2.59252 -5.16295</i>
                        <i>0.0756398 0.800763 0.594187 -0.996558 0.0404419 0.0723597 0.0339129 -0.597615 0.801066 0.978668 2.58949 -5.16495</i>
                        <i>0.0756079 0.803188 0.590909 -0.996557 0.0406511 0.0722568 0.0340147 -0.594338 0.803496 0.978664 2.58595 -5.16634</i>
                        <i>0.0755733 0.806328 0.58662 -0.99656 0.041011 0.0720141 0.0340091 -0.590045 0.806654 0.97867 2.58198 -5.16706</i>
                        <i>0.0755355 0.810188 0.581283 -0.996567 0.0415245 0.0716235 0.033891 -0.584698 0.810543 0.978685 2.57769 -5.16708</i>
                        <i>0.0754744 0.814721 0.57492 -0.99658 0.0421728 0.0710658 0.0336528 -0.578317 0.815117 0.978712 2.57313 -5.16639</i>
                        <i>0.0753693 0.819884 0.567548 -0.9966 0.0429369 0.0703197 0.0332853 -0.570918 0.820332 0.978753 2.5684 -5.16495</i>
                        <i>0.0752001 0.825629 0.55918 -0.99663 0.043798 0.0693619 0.0327762 -0.562512 0.82614 0.97881 2.56356 -5.16276</i>
                        <i>0.0749475 0.831907 0.549831 -0.99667 0.0447376 0.0681673 0.0321106 -0.553109 0.83249 0.978885 2.5587 -5.1598</i>
                        <i>0.0745939 0.838664 0.539517 -0.996724 0.0457377 0.0667095 0.0312705 -0.542726 0.839328 0.978978 2.55388 -5.15605</i>
                        <i>0.0741237 0.845842 0.528258 -0.996791 0.0467814 0.0649611 0.0302342 -0.531377 0.846595 0.979091 2.54916 -5.15151</i>
                    </KeyFrames>
                </p>
            </i>
            <i>
                <p>
                    <Name><![CDATA[head]]></Name>
                    <Exclude>0</Exclude>
                    <Additive>0</Additive>
                    <IKPriority>0</IKPriority>
                    <IKRotLimits>-1e+010 -1e+010 -1e+010 1e+010 1e+010 1e+010</IKRotLimits>
                    <IKRotLimitOrder>0</IKRotLimitOrder>
                    <KeyFrames count="30">
                        <i>0.000297586 0.977741 0.209817 -0.101111 0.208771 -0.972723 -0.994875 -0.0209255 0.0989229 0.989153 2.78492 -5.03058</i>
                        <i>-0.00042775 0.980888 0.194574 -0.100323 0.193551 -0.975947 -0.994955 -0.0199377 0.0983224 0.988877 2.78859 -5.03008</i>
                        <i>-0.00189909 0.98326 0.1822 -0.0995952 0.181108 -0.978407 -0.995026 -0.0200043 0.097584 0.988709 2.79127 -5.02591</i>
                        <i>-0.00390805 0.985145 0.17168 -0.0989574 0.170458 -0.980383 -0.995084 -0.0208204 0.0968212 0.98863 2.79335 -5.01943</i>
                        <i>-0.00625678 0.986772 0.161992 -0.0984252 0.160601 -0.9821 -0.995125 -0.0220889 0.0961185 0.988622 2.79516 -5.01204</i>
                        <i>-0.00875285 0.988326 0.152103 -0.0980184 0.150529 -0.983734 -0.995146 -0.0235194 0.0955565 0.988669 2.79708 -5.00513</i>
                        <i>-0.0112056 0.989949 0.140977 -0.0977696 0.139226 -0.985422 -0.995146 -0.0248256 0.0952268 0.988758 2.79953 -5.00008</i>
                        <i>-0.0134087 0.991446 0.12983 -0.0976829 0.127922 -0.986962 -0.995127 -0.025916 0.095132 0.988878 2.80254 -4.99698</i>
                        <i>-0.0152275 0.992642 0.120126 -0.0976982 0.118088 -0.988185 -0.995099 -0.0267837 0.0951812 0.989008 2.80581 -4.99518</i>
                        <i>-0.0164677 0.993393 0.113573 -0.0978154 0.111443 -0.988945 -0.995068 -0.0273949 0.0953339 0.989133 2.80921 -4.99452</i>
                        <i>-0.0171387 0.993731 0.110472 -0.0980486 0.108285 -0.989273 -0.995034 -0.0277865 0.0955781 0.989253 2.81255 -4.99485</i>
                        <i>-0.0174683 0.993899 0.108902 -0.0983625 0.106682 -0.989416 -0.994997 -0.0279952 0.0958989 0.989369 2.81566 -4.99599</i>
                        <i>-0.0174691 0.993876 0.109111 -0.0987511 0.106879 -0.989356 -0.994959 -0.028058 0.0962793 0.989481 2.81837 -4.99778</i>
                        <i>-0.0171534 0.993634 0.111346 -0.0992048 0.109122 -0.989066 -0.994919 -0.028012 0.0967014 0.98959 2.82048 -5.00007</i>
                        <i>-0.0165329 0.993129 0.115853 -0.0997107 0.113654 -0.988504 -0.994879 -0.0278947 0.0971466 0.989697 2.82182 -5.00267</i>
                        <i>-0.0156194 0.992299 0.122874 -0.100254 0.120715 -0.987612 -0.994839 -0.0277444 0.0975962 0.989802 2.8223 -5.00544</i>
                        <i>-0.0144247 0.991058 0.132647 -0.100816 0.130543 -0.986304 -0.994801 -0.0276001 0.0980314 0.989905 2.82197 -5.0082</i>
                        <i>-0.0130441 0.989522 0.143792 -0.101354 0.141755 -0.984699 -0.994765 -0.0274184 0.0984429 0.989997 2.82095 -5.01097</i>
                        <i>-0.0115847 0.987881 0.154782 -0.101828 0.152822 -0.982994 -0.994735 -0.0271488 0.0988237 0.990067 2.81936 -5.01378</i>
                        <i>-0.0100777 0.986135 0.165637 -0.102226 0.163761 -0.981189 -0.99471 -0.0268205 0.0991584 0.990114 2.81726 -5.01648</i>
                        <i>-0.00855628 0.984323 0.176169 -0.102541 0.174383 -0.979324 -0.994692 -0.0264438 0.0994409 0.990136 2.81472 -5.01901</i>
                        <i>-0.00705445 0.982507 0.186092 -0.102768 0.184398 -0.977464 -0.99468 -0.0260197 0.0996692 0.990134 2.81181 -5.02134</i>
                        <i>-0.00560615 0.980763 0.195123 -0.102905 0.193524 -0.975684 -0.994675 -0.0255488 0.0998401 0.990107 2.80863 -5.02345</i>
                        <i>-0.00424514 0.979174 0.20298 -0.102949 0.201475 -0.974068 -0.994678 -0.0250317 0.0999497 0.990054 2.80526 -5.02533</i>
                        <i>-0.00300462 0.977829 0.209385 -0.102899 0.207972 -0.972707 -0.994687 -0.024468 0.0999926 0.989974 2.80178 -5.02694</i>
                        <i>-0.00191709 0.976819 0.214057 -0.102752 0.212732 -0.971693 -0.994705 -0.0238576 0.0999622 0.989867 2.79825 -5.02828</i>
                        <i>-0.00101397 0.976233 0.21672 -0.102505 0.215477 -0.971114 -0.994732 -0.0231995 0.0998505 0.989732 2.79474 -5.02932</i>
                        <i>-0.000325325 0.976151 0.21709 -0.102154 0.215922 -0.971052 -0.994769 -0.0224926 0.0996478 0.989568 2.79131 -5.03006</i>
                        <i>0.000120533 0.976639 0.214886 -0.101693 0.213784 -0.971574 -0.994816 -0.0217352 0.0993429 0.989375 2.78802 -5.03048</i>
                        <i>0.000297586 0.977741 0.209817 -0.101111 0.208771 -0.972723 -0.994875 -0.0209255 0.0989229 0.989153 2.78492 -5.03058</i>
                    </KeyFrames>
                </p>
            </i>
            <i>
                <p>
                    <Name><![CDATA[head_prop]]></Name>
                    <Exclude>0</Exclude>
                    <Additive>0</Additive>
                    <IKPriority>0</IKPriority>
                    <IKRotLimits>-1e+010 -1e+010 -1e+010 1e+010 1e+010 1e+010</IKRotLimits>
                    <IKRotLimitOrder>0</IKRotLimitOrder>
                    <KeyFrames count="30">
                        <i>0.994875 0.0209255 -0.0989229 0.000297586 0.977741 0.209817 0.101111 -0.208771 0.972723 0.98925 3.10357 -4.9622</i>
                        <i>0.994955 0.0199377 -0.0983224 -0.00042775 0.980888 0.194574 0.100323 -0.193551 0.975947 0.988738 3.10827 -4.96667</i>
                        <i>0.995026 0.0200043 -0.097584 -0.00189909 0.98326 0.1822 0.0995952 -0.181108 0.978407 0.98809 3.11173 -4.96653</i>
                        <i>0.995084 0.0208204 -0.0968212 -0.00390805 0.985145 0.17168 0.0989574 -0.170458 0.980383 0.987357 3.11441 -4.96347</i>
                        <i>0.995125 0.0220889 -0.0961185 -0.00625678 0.986772 0.161992 0.0984252 -0.160601 0.9821 0.986583 3.11675 -4.95924</i>
                        <i>0.995146 0.0235194 -0.0955565 -0.00875285 0.988326 0.152103 0.0980184 -0.150529 0.983734 0.985817 3.11918 -4.95556</i>
                        <i>0.995146 0.0248256 -0.0952268 -0.0112056 0.989949 0.140977 0.0977696 -0.139226 0.985422 0.985106 3.12216 -4.95413</i>
                        <i>0.995127 0.025916 -0.095132 -0.0134087 0.991446 0.12983 0.0976829 -0.127922 0.986962 0.984508 3.12566 -4.95467</i>
                        <i>0.995099 0.0267837 -0.0951812 -0.0152275 0.992642 0.120126 0.0976982 -0.118088 0.988185 0.984045 3.12933 -4.95603</i>
                        <i>0.995068 0.0273949 -0.0953339 -0.0164677 0.993393 0.113573 0.0978154 -0.111443 0.988945 0.983766 3.13296 -4.95751</i>
                        <i>0.995034 0.0277865 -0.0955781 -0.0171387 0.993731 0.110472 0.0980486 -0.108285 0.989273 0.983667 3.13641 -4.95884</i>
                        <i>0.994997 0.0279952 -0.0958989 -0.0174683 0.993899 0.108902 0.0983625 -0.106682 0.989416 0.983676 3.13958 -4.9605</i>
                        <i>0.994959 0.028058 -0.0962793 -0.0174691 0.993876 0.109111 0.0987511 -0.106879 0.989356 0.983788 3.14228 -4.96222</i>
                        <i>0.994919 0.028012 -0.0967014 -0.0171534 0.993634 0.111346 0.0992048 -0.109122 0.989066 0.984 3.14431 -4.96378</i>
                        <i>0.994879 0.0278947 -0.0971466 -0.0165329 0.993129 0.115853 0.0997107 -0.113654 0.988504 0.984309 3.14549 -4.96492</i>
                        <i>0.994839 0.0277444 -0.0975962 -0.0156194 0.992299 0.122874 0.100254 -0.120715 0.987612 0.984711 3.1457 -4.9654</i>
                        <i>0.994801 0.0276001 -0.0980314 -0.0144247 0.991058 0.132647 0.100816 -0.130543 0.986304 0.985204 3.14497 -4.96497</i>
                        <i>0.994765 0.0274184 -0.0984429 -0.0130441 0.989522 0.143792 0.101354 -0.141755 0.984699 0.985746 3.14344 -4.96411</i>
                        <i>0.994735 0.0271488 -0.0988237 -0.0115847 0.987881 0.154782 0.101828 -0.152822 0.982994 0.986292 3.14132 -4.96334</i>
                        <i>0.99471 0.0268205 -0.0991584 -0.0100777 0.986135 0.165637 0.102226 -0.163761 0.981189 0.986829 3.13865 -4.9625</i>
                        <i>0.994692 0.0264438 -0.0994409 -0.00855628 0.984323 0.176169 0.102541 -0.174383 0.979324 0.987348 3.13551 -4.96159</i>
                        <i>0.99468 0.0260197 -0.0996692 -0.00705445 0.982507 0.186092 0.102768 -0.184398 0.977464 0.987835 3.13202 -4.96069</i>
                        <i>0.994675 0.0255488 -0.0998401 -0.00560615 0.980763 0.195123 0.102905 -0.193524 0.975684 0.98828 3.12827 -4.95986</i>
                        <i>0.994678 0.0250317 -0.0999497 -0.00424514 0.979174 0.20298 0.102949 -0.201475 0.974068 0.98867 3.12438 -4.95917</i>
                        <i>0.994687 0.024468 -0.0999926 -0.00300462 0.977829 0.209385 0.102899 -0.207972 0.972707 0.988995 3.12046 -4.9587</i>
                        <i>0.994705 0.0238576 -0.0999622 -0.00191709 0.976819 0.214057 0.102752 -0.212732 0.971693 0.989242 3.1166 -4.95851</i>
                        <i>0.994732 0.0231995 -0.0998505 -0.00101397 0.976233 0.21672 0.102505 -0.215477 0.971114 0.989401 3.1129 -4.95869</i>
                        <i>0.994769 0.0224926 -0.0996478 -0.000325325 0.976151 0.21709 0.102154 -0.215922 0.971052 0.989462 3.10945 -4.95931</i>
                        <i>0.994816 0.0217352 -0.0993429 0.000120533 0.976639 0.214886 0.101693 -0.213784 0.971574 0.989415 3.10632 -4.96045</i>
                        <i>0.994875 0.0209255 -0.0989229 0.000297586 0.977741 0.209817 0.101111 -0.208771 0.972723 0.98925 3.10357 -4.9622</i>
                    </KeyFrames>
                </p>
            </i>
            <i>
                <p>
                    <Name><![CDATA[l_clav]]></Name>
                    <Exclude>0</Exclude>
                    <Additive>0</Additive>
                    <IKPriority>0</IKPriority>
                    <IKRotLimits>-1e+010 -1e+010 -1e+010 1e+010 1e+010 1e+010</IKRotLimits>
                    <IKRotLimitOrder>0</IKRotLimitOrder>
                    <KeyFrames count="30">
                        <i>0.951839 0.26081 -0.161183 -0.214443 0.942052 0.257975 0.219125 -0.210986 0.952612 1.07697 2.59175 -5.08338</i>
                        <i>0.951541 0.257808 -0.167648 -0.216551 0.948802 0.229957 0.218349 -0.182509 0.958652 1.07712 2.59413 -5.07709</i>
                        <i>0.951405 0.257039 -0.16959 -0.21787 0.951045 0.219193 0.217628 -0.171593 0.96083 1.07723 2.5964 -5.07066</i>
                        <i>0.951387 0.258045 -0.168151 -0.218528 0.950272 0.221873 0.217042 -0.174342 0.960467 1.07728 2.59865 -5.0647</i>
                        <i>0.951453 0.260214 -0.164397 -0.218647 0.947324 0.234033 0.216636 -0.186727 0.958229 1.0773 2.60107 -5.05979</i>
                        <i>0.95157 0.262895 -0.159379 -0.218338 0.942864 0.251668 0.216435 -0.204681 0.9546 1.07728 2.60388 -5.05649</i>
                        <i>0.951712 0.265475 -0.154168 -0.217699 0.937697 0.270799 0.216453 -0.22416 0.950211 1.07724 2.60736 -5.05536</i>
                        <i>0.951868 0.267734 -0.149219 -0.216815 0.932258 0.289632 0.216655 -0.243338 0.945435 1.07718 2.61145 -5.05615</i>
                        <i>0.952022 0.269581 -0.144848 -0.215854 0.927034 0.306619 0.216937 -0.260642 0.940747 1.07711 2.61575 -5.05785</i>
                        <i>0.95216 0.270937 -0.141364 -0.214932 0.92255 0.320476 0.217245 -0.274761 0.936649 1.07705 2.62002 -5.06006</i>
                        <i>0.952286 0.271898 -0.138647 -0.214042 0.918787 0.331688 0.217573 -0.286186 0.933145 1.07698 2.6241 -5.06271</i>
                        <i>0.952401 0.272545 -0.136569 -0.213177 0.915676 0.340725 0.217916 -0.295394 0.930191 1.07692 2.62782 -5.06573</i>
                        <i>0.952509 0.272949 -0.134998 -0.212332 0.913114 0.348049 0.218268 -0.302855 0.927706 1.07686 2.63102 -5.06905</i>
                        <i>0.952613 0.273179 -0.133801 -0.211501 0.910974 0.354111 0.218624 -0.309031 0.925583 1.0768 2.63354 -5.0726</i>
                        <i>0.952714 0.273294 -0.13284 -0.210679 0.909108 0.359358 0.218977 -0.314378 0.923697 1.07674 2.63523 -5.07631</i>
                        <i>0.952816 0.273355 -0.131981 -0.20986 0.907355 0.364231 0.219319 -0.319347 0.921909 1.07668 2.63605 -5.08011</i>
                        <i>0.952921 0.273418 -0.131087 -0.209041 0.905547 0.36917 0.219643 -0.324387 0.920071 1.07661 2.63606 -5.08391</i>
                        <i>0.953016 0.273399 -0.130432 -0.208299 0.904096 0.373124 0.219934 -0.328424 0.918568 1.07655 2.6353 -5.08752</i>
                        <i>0.953085 0.273209 -0.130332 -0.207723 0.903488 0.374914 0.220183 -0.330252 0.917852 1.0765 2.63382 -5.09071</i>
                        <i>0.953126 0.272886 -0.13071 -0.207322 0.903639 0.374772 0.220384 -0.330106 0.917857 1.07647 2.63168 -5.09339</i>
                        <i>0.953137 0.272442 -0.131549 -0.207104 0.90453 0.372738 0.22054 -0.328026 0.918565 1.07644 2.62894 -5.09551</i>
                        <i>0.953117 0.271873 -0.132862 -0.207078 0.906168 0.368752 0.220649 -0.323952 0.919983 1.07644 2.6257 -5.09703</i>
                        <i>0.953066 0.271169 -0.134658 -0.20725 0.908547 0.362752 0.22071 -0.317819 0.922105 1.07645 2.62204 -5.09791</i>
                        <i>0.952982 0.270319 -0.136945 -0.207627 0.911647 0.35467 0.22072 -0.30956 0.924908 1.07647 2.61805 -5.09812</i>
                        <i>0.952864 0.269304 -0.139732 -0.208215 0.915431 0.344431 0.220671 -0.299101 0.928355 1.07651 2.61382 -5.09762</i>
                        <i>0.952715 0.268103 -0.143021 -0.20902 0.919846 0.331956 0.220555 -0.286365 0.93239 1.07657 2.60941 -5.09638</i>
                        <i>0.952535 0.266688 -0.146814 -0.210044 0.924819 0.317162 0.22036 -0.271271 0.936939 1.07664 2.60492 -5.09437</i>
                        <i>0.952327 0.265028 -0.15111 -0.21129 0.930258 0.299961 0.220069 -0.253733 0.941907 1.07674 2.60043 -5.09155</i>
                        <i>0.952093 0.263083 -0.155903 -0.212757 0.936049 0.280263 0.219665 -0.233667 0.947178 1.07684 2.59601 -5.0879</i>
                        <i>0.951839 0.26081 -0.161183 -0.214443 0.942052 0.257975 0.219125 -0.210986 0.952612 1.07697 2.59175 -5.08338</i>
                    </KeyFrames>
                </p>
            </i>
            <i>
                <p>
                    <Name><![CDATA[l_shoulder]]></Name>
                    <Exclude>0</Exclude>
                    <Additive>0</Additive>
                    <IKPriority>0</IKPriority>
                    <IKRotLimits>-1e+010 -1e+010 -1e+010 1e+010 1e+010 1e+010</IKRotLimits>
                    <IKRotLimitOrder>0</IKRotLimitOrder>
                    <KeyFrames count="30">
                        <i>0.763649 -0.479127 -0.432757 0.612114 0.750449 0.249285 0.205322 -0.455263 0.866359 1.26503 2.64328 -5.11523</i>
                        <i>0.759538 -0.513834 -0.398844 0.626391 0.74306 0.235577 0.175318 -0.428762 0.886243 1.26513 2.64506 -5.11021</i>
                        <i>0.75453 -0.539496 -0.37367 0.639557 0.732151 0.234356 0.147148 -0.415811 0.897468 1.2652 2.64719 -5.10417</i>
                        <i>0.748911 -0.558204 -0.357129 0.651379 0.719164 0.241885 0.121814 -0.413777 0.902192 1.26526 2.64964 -5.09793</i>
                        <i>0.743053 -0.571327 -0.348509 0.661671 0.705244 0.254603 0.100322 -0.419782 0.902064 1.26528 2.65248 -5.09227</i>
                        <i>0.737382 -0.579726 -0.346679 0.670272 0.691567 0.269203 0.0836876 -0.430875 0.898523 1.26529 2.65582 -5.08798</i>
                        <i>0.732341 -0.583971 -0.350221 0.677022 0.679525 0.282644 0.0729278 -0.444098 0.893005 1.26528 2.65981 -5.08582</i>
                        <i>0.72834 -0.583768 -0.358798 0.681734 0.670076 0.293663 0.0689908 -0.458491 0.886017 1.26525 2.66434 -5.08563</i>
                        <i>0.725765 -0.57872 -0.371952 0.684088 0.664269 0.301279 0.0727203 -0.473106 0.877999 1.26521 2.66901 -5.08646</i>
                        <i>0.724749 -0.568515 -0.389268 0.683759 0.663078 0.304633 0.0849269 -0.486947 0.869293 1.26517 2.67355 -5.08799</i>
                        <i>0.724862 -0.553595 -0.410009 0.680899 0.666151 0.304335 0.104649 -0.499775 0.85981 1.26514 2.67782 -5.0901</i>
                        <i>0.72553 -0.535137 -0.432706 0.675796 0.672804 0.301054 0.130021 -0.510845 0.849784 1.2651 2.68167 -5.09271</i>
                        <i>0.726262 -0.514355 -0.45605 0.668725 0.682302 0.295415 0.159215 -0.519521 0.839493 1.26506 2.68495 -5.09572</i>
                        <i>0.726721 -0.492421 -0.478956 0.659999 0.693842 0.28807 0.190468 -0.525457 0.829226 1.26502 2.68751 -5.09904</i>
                        <i>0.726737 -0.470402 -0.500576 0.650023 0.706551 0.279743 0.222091 -0.528685 0.819248 1.26497 2.68923 -5.10256</i>
                        <i>0.726301 -0.449231 -0.520267 0.639334 0.71949 0.271268 0.252465 -0.529647 0.809775 1.26493 2.69006 -5.10619</i>
                        <i>0.725536 -0.429692 -0.537552 0.628631 0.731664 0.263609 0.280037 -0.52918 0.800967 1.26489 2.69008 -5.10981</i>
                        <i>0.724693 -0.413274 -0.551384 0.618715 0.742508 0.256661 0.303336 -0.52715 0.793789 1.26485 2.68932 -5.11329</i>
                        <i>0.724066 -0.401521 -0.560811 0.610511 0.75144 0.25023 0.320943 -0.523564 0.789225 1.26481 2.6878 -5.11646</i>
                        <i>0.72387 -0.395107 -0.565599 0.605083 0.757437 0.245285 0.331492 -0.519789 0.787358 1.26478 2.68559 -5.11922</i>
                        <i>0.724949 -0.392775 -0.565842 0.601645 0.76105 0.242542 0.33537 -0.516266 0.788033 1.26476 2.68277 -5.12151</i>
                        <i>0.727788 -0.392736 -0.562213 0.598828 0.763488 0.241849 0.33426 -0.512684 0.790838 1.26475 2.67942 -5.12328</i>
                        <i>0.731994 -0.394993 -0.555126 0.596779 0.764814 0.242724 0.328694 -0.50896 0.795563 1.26475 2.67562 -5.12452</i>
                        <i>0.737139 -0.399584 -0.544939 0.595607 0.765115 0.244647 0.319184 -0.504908 0.801991 1.26476 2.67146 -5.12518</i>
                        <i>0.742779 -0.406568 -0.53196 0.595406 0.764487 0.247084 0.30622 -0.500261 0.809919 1.26478 2.66702 -5.12523</i>
                        <i>0.748465 -0.416 -0.516473 0.596264 0.763031 0.249503 0.290292 -0.494699 0.819148 1.2648 2.66238 -5.12464</i>
                        <i>0.753777 -0.427946 -0.498681 0.59827 0.760838 0.251392 0.271833 -0.48784 0.829529 1.26484 2.65761 -5.12338</i>
                        <i>0.758316 -0.442448 -0.478744 0.601517 0.757982 0.25227 0.251263 -0.479273 0.84093 1.26489 2.65279 -5.12141</i>
                        <i>0.761717 -0.459518 -0.456761 0.606101 0.754513 0.251697 0.228973 -0.468565 0.85324 1.26496 2.64799 -5.1187</i>
                        <i>0.763649 -0.479127 -0.432757 0.612114 0.750449 0.249285 0.205322 -0.455263 0.866359 1.26503 2.64328 -5.11523</i>
                    </KeyFrames>
                </p>
            </i>
            <i>
                <p>
                    <Name><![CDATA[l_elbow]]></Name>
                    <Exclude>0</Exclude>
                    <Additive>0</Additive>
                    <IKPriority>0</IKPriority>
                    <IKRotLimits>-1e+010 -1e+010 -1e+010 1e+010 1e+010 1e+010</IKRotLimits>
                    <IKRotLimitOrder>0</IKRotLimitOrder>
                    <KeyFrames count="30">
                        <i>0.299109 -0.514219 0.803812 0.612558 0.749364 0.251447 -0.731647 0.417172 0.53913 1.51343 2.48743 -5.25599</i>
                        <i>0.304628 -0.514215 0.801739 0.62676 0.742045 0.237786 -0.717199 0.430061 0.548337 1.51219 2.47792 -5.23995</i>
                        <i>0.310461 -0.527559 0.790756 0.639855 0.73117 0.236591 -0.702993 0.432517 0.564561 1.51063 2.4717 -5.22572</i>
                        <i>0.316394 -0.549835 0.77303 0.651614 0.718192 0.244131 -0.689416 0.426476 0.585512 1.50886 2.46807 -5.21409</i>
