<?xml version="1.0" encoding="ISO-8859-1" ?>
<Animl Version="1">
    <ModellingPackage><![CDATA[Maya.2010]]></ModellingPackage>
    <SrcFile><![CDATA[anims\turrets\antiair\red\~src\aa_s125_launcher\aa_s125_launcher_idle_crewman_b.mb]]></SrcFile>
    <FramesPerSecond>30</FramesPerSecond>
    <TotalFrames>120</TotalFrames>
    <Skeleton>
        <RefFrame>
            <Name><![CDATA[soldier_ref_frame]]></Name>
            <Exclude>0</Exclude>
            <Additive>0</Additive>
            <IKPriority>0</IKPriority>
            <IKRotLimits>-1e+010 -1e+010 -1e+010 1e+010 1e+010 1e+010</IKRotLimits>
            <IKRotLimitOrder>0</IKRotLimitOrder>
            <KeyFrames count="120">
                <i>1 0 0 0 1 0 0 0 1 -4.8647 1.29477 -1.34517</i>
                <i>1 0 0 0 1 0 0 0 1 -4.8647 1.29477 -1.34517</i>
                <i>1 0 0 0 1 0 0 0 1 -4.8647 1.29477 -1.34517</i>
                <i>1 0 0 0 1 0 0 0 1 -4.8647 1.29477 -1.34517</i>
                <i>1 0 0 0 1 0 0 0 1 -4.8647 1.29477 -1.34517</i>
                <i>1 0 0 0 1 0 0 0 1 -4.8647 1.29477 -1.34517</i>
                <i>1 0 0 0 1 0 0 0 1 -4.8647 1.29477 -1.34517</i>
                <i>1 0 0 0 1 0 0 0 1 -4.8647 1.29477 -1.34517</i>
                <i>1 0 0 0 1 0 0 0 1 -4.8647 1.29477 -1.34517</i>
                <i>1 0 0 0 1 0 0 0 1 -4.8647 1.29477 -1.34517</i>
                <i>1 0 0 0 1 0 0 0 1 -4.8647 1.29477 -1.34517</i>
                <i>1 0 0 0 1 0 0 0 1 -4.8647 1.29477 -1.34517</i>
                <i>1 0 0 0 1 0 0 0 1 -4.8647 1.29477 -1.34517</i>
                <i>1 0 0 0 1 0 0 0 1 -4.8647 1.29477 -1.34517</i>
                <i>1 0 0 0 1 0 0 0 1 -4.8647 1.29477 -1.34517</i>
                <i>1 0 0 0 1 0 0 0 1 -4.8647 1.29477 -1.34517</i>
                <i>1 0 0 0 1 0 0 0 1 -4.8647 1.29477 -1.34517</i>
                <i>1 0 0 0 1 0 0 0 1 -4.8647 1.29477 -1.34517</i>
                <i>1 0 0 0 1 0 0 0 1 -4.8647 1.29477 -1.34517</i>
                <i>1 0 0 0 1 0 0 0 1 -4.8647 1.29477 -1.34517</i>
                <i>1 0 0 0 1 0 0 0 1 -4.8647 1.29477 -1.34517</i>
                <i>1 0 0 0 1 0 0 0 1 -4.8647 1.29477 -1.34517</i>
                <i>1 0 0 0 1 0 0 0 1 -4.8647 1.29477 -1.34517</i>
                <i>1 0 0 0 1 0 0 0 1 -4.8647 1.29477 -1.34517</i>
                <i>1 0 0 0 1 0 0 0 1 -4.8647 1.29477 -1.34517</i>
                <i>1 0 0 0 1 0 0 0 1 -4.8647 1.29477 -1.34517</i>
                <i>1 0 0 0 1 0 0 0 1 -4.8647 1.29477 -1.34517</i>
                <i>1 0 0 0 1 0 0 0 1 -4.8647 1.29477 -1.34517</i>
                <i>1 0 0 0 1 0 0 0 1 -4.8647 1.29477 -1.34517</i>
                <i>1 0 0 0 1 0 0 0 1 -4.8647 1.29477 -1.34517</i>
                <i>1 0 0 0 1 0 0 0 1 -4.8647 1.29477 -1.34517</i>
                <i>1 0 0 0 1 0 0 0 1 -4.8647 1.29477 -1.34517</i>
                <i>1 0 0 0 1 0 0 0 1 -4.8647 1.29477 -1.34517</i>
                <i>1 0 0 0 1 0 0 0 1 -4.8647 1.29477 -1.34517</i>
                <i>1 0 0 0 1 0 0 0 1 -4.8647 1.29477 -1.34517</i>
                <i>1 0 0 0 1 0 0 0 1 -4.8647 1.29477 -1.34517</i>
                <i>1 0 0 0 1 0 0 0 1 -4.8647 1.29477 -1.34517</i>
                <i>1 0 0 0 1 0 0 0 1 -4.8647 1.29477 -1.34517</i>
                <i>1 0 0 0 1 0 0 0 1 -4.8647 1.29477 -1.34517</i>
                <i>1 0 0 0 1 0 0 0 1 -4.8647 1.29477 -1.34517</i>
                <i>1 0 0 0 1 0 0 0 1 -4.8647 1.29477 -1.34517</i>
                <i>1 0 0 0 1 0 0 0 1 -4.8647 1.29477 -1.34517</i>
                <i>1 0 0 0 1 0 0 0 1 -4.8647 1.29477 -1.34517</i>
                <i>1 0 0 0 1 0 0 0 1 -4.8647 1.29477 -1.34517</i>
                <i>1 0 0 0 1 0 0 0 1 -4.8647 1.29477 -1.34517</i>
                <i>1 0 0 0 1 0 0 0 1 -4.8647 1.29477 -1.34517</i>
                <i>1 0 0 0 1 0 0 0 1 -4.8647 1.29477 -1.34517</i>
                <i>1 0 0 0 1 0 0 0 1 -4.8647 1.29477 -1.34517</i>
                <i>1 0 0 0 1 0 0 0 1 -4.8647 1.29477 -1.34517</i>
                <i>1 0 0 0 1 0 0 0 1 -4.8647 1.29477 -1.34517</i>
                <i>1 0 0 0 1 0 0 0 1 -4.8647 1.29477 -1.34517</i>
                <i>1 0 0 0 1 0 0 0 1 -4.8647 1.29477 -1.34517</i>
                <i>1 0 0 0 1 0 0 0 1 -4.8647 1.29477 -1.34517</i>
                <i>1 0 0 0 1 0 0 0 1 -4.8647 1.29477 -1.34517</i>
                <i>1 0 0 0 1 0 0 0 1 -4.8647 1.29477 -1.34517</i>
                <i>1 0 0 0 1 0 0 0 1 -4.8647 1.29477 -1.34517</i>
                <i>1 0 0 0 1 0 0 0 1 -4.8647 1.29477 -1.34517</i>
                <i>1 0 0 0 1 0 0 0 1 -4.8647 1.29477 -1.34517</i>
                <i>1 0 0 0 1 0 0 0 1 -4.8647 1.29477 -1.34517</i>
                <i>1 0 0 0 1 0 0 0 1 -4.8647 1.29477 -1.34517</i>
                <i>1 0 0 0 1 0 0 0 1 -4.8647 1.29477 -1.34517</i>
                <i>1 0 0 0 1 0 0 0 1 -4.8647 1.29477 -1.34517</i>
                <i>1 0 0 0 1 0 0 0 1 -4.8647 1.29477 -1.34517</i>
                <i>1 0 0 0 1 0 0 0 1 -4.8647 1.29477 -1.34517</i>
                <i>1 0 0 0 1 0 0 0 1 -4.8647 1.29477 -1.34517</i>
                <i>1 0 0 0 1 0 0 0 1 -4.8647 1.29477 -1.34517</i>
                <i>1 0 0 0 1 0 0 0 1 -4.8647 1.29477 -1.34517</i>
                <i>1 0 0 0 1 0 0 0 1 -4.8647 1.29477 -1.34517</i>
                <i>1 0 0 0 1 0 0 0 1 -4.8647 1.29477 -1.34517</i>
                <i>1 0 0 0 1 0 0 0 1 -4.8647 1.29477 -1.34517</i>
                <i>1 0 0 0 1 0 0 0 1 -4.8647 1.29477 -1.34517</i>
                <i>1 0 0 0 1 0 0 0 1 -4.8647 1.29477 -1.34517</i>
                <i>1 0 0 0 1 0 0 0 1 -4.8647 1.29477 -1.34517</i>
                <i>1 0 0 0 1 0 0 0 1 -4.8647 1.29477 -1.34517</i>
                <i>1 0 0 0 1 0 0 0 1 -4.8647 1.29477 -1.34517</i>
                <i>1 0 0 0 1 0 0 0 1 -4.8647 1.29477 -1.34517</i>
                <i>1 0 0 0 1 0 0 0 1 -4.8647 1.29477 -1.34517</i>
                <i>1 0 0 0 1 0 0 0 1 -4.8647 1.29477 -1.34517</i>
                <i>1 0 0 0 1 0 0 0 1 -4.8647 1.29477 -1.34517</i>
                <i>1 0 0 0 1 0 0 0 1 -4.8647 1.29477 -1.34517</i>
                <i>1 0 0 0 1 0 0 0 1 -4.8647 1.29477 -1.34517</i>
                <i>1 0 0 0 1 0 0 0 1 -4.8647 1.29477 -1.34517</i>
                <i>1 0 0 0 1 0 0 0 1 -4.8647 1.29477 -1.34517</i>
                <i>1 0 0 0 1 0 0 0 1 -4.8647 1.29477 -1.34517</i>
                <i>1 0 0 0 1 0 0 0 1 -4.8647 1.29477 -1.34517</i>
                <i>1 0 0 0 1 0 0 0 1 -4.8647 1.29477 -1.34517</i>
                <i>1 0 0 0 1 0 0 0 1 -4.8647 1.29477 -1.34517</i>
                <i>1 0 0 0 1 0 0 0 1 -4.8647 1.29477 -1.34517</i>
                <i>1 0 0 0 1 0 0 0 1 -4.8647 1.29477 -1.34517</i>
                <i>1 0 0 0 1 0 0 0 1 -4.8647 1.29477 -1.34517</i>
                <i>1 0 0 0 1 0 0 0 1 -4.8647 1.29477 -1.34517</i>
                <i>1 0 0 0 1 0 0 0 1 -4.8647 1.29477 -1.34517</i>
                <i>1 0 0 0 1 0 0 0 1 -4.8647 1.29477 -1.34517</i>
                <i>1 0 0 0 1 0 0 0 1 -4.8647 1.29477 -1.34517</i>
                <i>1 0 0 0 1 0 0 0 1 -4.8647 1.29477 -1.34517</i>
                <i>1 0 0 0 1 0 0 0 1 -4.8647 1.29477 -1.34517</i>
                <i>1 0 0 0 1 0 0 0 1 -4.8647 1.29477 -1.34517</i>
                <i>1 0 0 0 1 0 0 0 1 -4.8647 1.29477 -1.34517</i>
                <i>1 0 0 0 1 0 0 0 1 -4.8647 1.29477 -1.34517</i>
                <i>1 0 0 0 1 0 0 0 1 -4.8647 1.29477 -1.34517</i>
                <i>1 0 0 0 1 0 0 0 1 -4.8647 1.29477 -1.34517</i>
                <i>1 0 0 0 1 0 0 0 1 -4.8647 1.29477 -1.34517</i>
                <i>1 0 0 0 1 0 0 0 1 -4.8647 1.29477 -1.34517</i>
                <i>1 0 0 0 1 0 0 0 1 -4.8647 1.29477 -1.34517</i>
                <i>1 0 0 0 1 0 0 0 1 -4.8647 1.29477 -1.34517</i>
                <i>1 0 0 0 1 0 0 0 1 -4.8647 1.29477 -1.34517</i>
                <i>1 0 0 0 1 0 0 0 1 -4.8647 1.29477 -1.34517</i>
                <i>1 0 0 0 1 0 0 0 1 -4.8647 1.29477 -1.34517</i>
                <i>1 0 0 0 1 0 0 0 1 -4.8647 1.29477 -1.34517</i>
                <i>1 0 0 0 1 0 0 0 1 -4.8647 1.29477 -1.34517</i>
                <i>1 0 0 0 1 0 0 0 1 -4.8647 1.29477 -1.34517</i>
                <i>1 0 0 0 1 0 0 0 1 -4.8647 1.29477 -1.34517</i>
                <i>1 0 0 0 1 0 0 0 1 -4.8647 1.29477 -1.34517</i>
                <i>1 0 0 0 1 0 0 0 1 -4.8647 1.29477 -1.34517</i>
                <i>1 0 0 0 1 0 0 0 1 -4.8647 1.29477 -1.34517</i>
                <i>1 0 0 0 1 0 0 0 1 -4.8647 1.29477 -1.34517</i>
                <i>1 0 0 0 1 0 0 0 1 -4.8647 1.29477 -1.34517</i>
                <i>1 0 0 0 1 0 0 0 1 -4.8647 1.29477 -1.34517</i>
                <i>1 0 0 0 1 0 0 0 1 -4.8647 1.29477 -1.34517</i>
                <i>1 0 0 0 1 0 0 0 1 -4.8647 1.29477 -1.34517</i>
            </KeyFrames>
        </RefFrame>
        <Bones count="23">
            <i>
                <p>
                    <Name><![CDATA[pelvis]]></Name>
                    <Exclude>0</Exclude>
                    <Additive>0</Additive>
                    <IKPriority>0</IKPriority>
                    <IKRotLimits>-1e+010 -1e+010 -1e+010 1e+010 1e+010 1e+010</IKRotLimits>
                    <IKRotLimitOrder>2</IKRotLimitOrder>
                    <KeyFrames count="120">
                        <i>1 0 0 0 1 0 0 0 1 -4.8647 1.83117 -1.34517</i>
                        <i>1 0 0 0 1 0 0 0 1 -4.8647 1.83117 -1.34517</i>
                        <i>1 0 0 0 1 0 0 0 1 -4.8647 1.83117 -1.34517</i>
                        <i>1 0 0 0 1 0 0 0 1 -4.8647 1.83117 -1.34517</i>
                        <i>1 0 0 0 1 0 0 0 1 -4.8647 1.83117 -1.34517</i>
                        <i>1 0 0 0 1 0 0 0 1 -4.8647 1.83117 -1.34517</i>
                        <i>1 0 0 0 1 0 0 0 1 -4.8647 1.83117 -1.34517</i>
                        <i>1 0 0 0 1 0 0 0 1 -4.8647 1.83117 -1.34517</i>
                        <i>1 0 0 0 1 0 0 0 1 -4.8647 1.83117 -1.34517</i>
                        <i>1 0 0 0 1 0 0 0 1 -4.8647 1.83117 -1.34517</i>
                        <i>1 0 0 0 1 0 0 0 1 -4.8647 1.83117 -1.34517</i>
                        <i>1 0 0 0 1 0 0 0 1 -4.8647 1.83117 -1.34517</i>
                        <i>1 0 0 0 1 0 0 0 1 -4.8647 1.83117 -1.34517</i>
                        <i>1 0 0 0 1 0 0 0 1 -4.8647 1.83117 -1.34517</i>
                        <i>1 0 0 0 1 0 0 0 1 -4.8647 1.83117 -1.34517</i>
                        <i>1 0 0 0 1 0 0 0 1 -4.8647 1.83069 -1.34517</i>
                        <i>1 0 0 0 1 0 0 0 1 -4.8647 1.82941 -1.34517</i>
                        <i>1 0 0 0 1 0 0 0 1 -4.8647 1.82751 -1.34517</i>
                        <i>1 0 0 0 1 0 0 0 1 -4.8647 1.82521 -1.34517</i>
                        <i>1 0 0 0 1 0 0 0 1 -4.8647 1.82271 -1.34517</i>
                        <i>1 0 0 0 1 0 0 0 1 -4.8647 1.82021 -1.34517</i>
                        <i>1 0 0 0 1 0 0 0 1 -4.8647 1.81791 -1.34517</i>
                        <i>1 0 0 0 1 0 0 0 1 -4.8647 1.81601 -1.34517</i>
                        <i>1 0 0 0 1 0 0 0 1 -4.8647 1.81473 -1.34517</i>
                        <i>1 0 0 0 1 0 0 0 1 -4.8647 1.81425 -1.34517</i>
                        <i>1 0 0 0 1 0 0 0 1 -4.8647 1.81425 -1.34517</i>
                        <i>1 0 0 0 1 0 0 0 1 -4.8647 1.81425 -1.34517</i>
                        <i>1 0 0 0 1 0 0 0 1 -4.8647 1.81425 -1.34517</i>
                        <i>1 0 0 0 1 0 0 0 1 -4.8647 1.81425 -1.34517</i>
                        <i>1 0 0 0 1 0 0 0 1 -4.8647 1.81425 -1.34517</i>
                        <i>1 0 0 0 1 0 0 0 1 -4.8647 1.81425 -1.34517</i>
                        <i>1 0 0 0 1 0 0 0 1 -4.8647 1.81425 -1.34517</i>
                        <i>1 0 0 0 1 0 0 0 1 -4.8647 1.81425 -1.34517</i>
                        <i>1 0 0 0 1 0 0 0 1 -4.8647 1.81425 -1.34517</i>
                        <i>1 0 0 0 1 0 0 0 1 -4.8647 1.81425 -1.34517</i>
                        <i>1 0 0 0 1 0 0 0 1 -4.8647 1.81425 -1.34517</i>
                        <i>1 0 0 0 1 0 0 0 1 -4.8647 1.81425 -1.34517</i>
                        <i>1 0 0 0 1 0 0 0 1 -4.8647 1.81425 -1.34517</i>
                        <i>1 0 0 0 1 0 0 0 1 -4.8647 1.81425 -1.34517</i>
                        <i>1 0 0 0 1 0 0 0 1 -4.8647 1.81425 -1.34517</i>
                        <i>1 0 0 0 1 0 0 0 1 -4.8647 1.81425 -1.34517</i>
                        <i>1 0 0 0 1 0 0 0 1 -4.8647 1.81425 -1.34517</i>
                        <i>1 0 0 0 1 0 0 0 1 -4.8647 1.81425 -1.34517</i>
                        <i>1 0 0 0 1 0 0 0 1 -4.8647 1.81425 -1.34517</i>
                        <i>1 0 0 0 1 0 0 0 1 -4.8647 1.81425 -1.34517</i>
                        <i>1 0 0 0 1 0 0 0 1 -4.8647 1.82255 -1.36082</i>
                        <i>1 0 0 0 1 0 0 0 1 -4.8647 1.84241 -1.39813</i>
                        <i>1 0 0 0 1 0 0 0 1 -4.8647 1.86627 -1.44267</i>
                        <i>1 0 0 0 1 0 0 0 1 -4.8647 1.88658 -1.47999</i>
                        <i>1 0 0 0 1 0 0 0 1 -4.8647 1.89578 -1.49564</i>
                        <i>1 0 0 0 1 0 0 0 1 -4.8647 1.89011 -1.49564</i>
                        <i>1 0 0 0 1 0 0 0 1 -4.8647 1.8746 -1.49564</i>
                        <i>1 0 0 0 1 0 0 0 1 -4.8647 1.8549 -1.49564</i>
                        <i>1 0 0 0 1 0 0 0 1 -4.8647 1.83666 -1.49564</i>
                        <i>1 0 0 0 1 0 0 0 1 -4.8647 1.8255 -1.49564</i>
                        <i>1 0 0 0 1 0 0 0 1 -4.8647 1.82039 -1.49346</i>
                        <i>1 0 0 0 1 0 0 0 1 -4.8647 1.81644 -1.48745</i>
                        <i>1 0 0 0 1 0 0 0 1 -4.8647 1.81352 -1.47843</i>
                        <i>1 0 0 0 1 0 0 0 1 -4.8647 1.81147 -1.46719</i>
                        <i>1 0 0 0 1 0 0 0 1 -4.8647 1.81016 -1.45454</i>
                        <i>1 0 0 0 1 0 0 0 1 -4.8647 1.80945 -1.44129</i>
                        <i>1 0 0 0 1 0 0 0 1 -4.8647 1.8092 -1.42825</i>
                        <i>1 0 0 0 1 0 0 0 1 -4.8647 1.80925 -1.41621</i>
                        <i>1 0 0 0 1 0 0 0 1 -4.8647 1.80948 -1.40599</i>
                        <i>1 0 0 0 1 0 0 0 1 -4.8647 1.80974 -1.39839</i>
                        <i>1 0 0 0 1 0 0 0 1 -4.8647 1.81014 -1.39247</i>
                        <i>1 0 0 0 1 0 0 0 1 -4.8647 1.81085 -1.38676</i>
                        <i>1 0 0 0 1 0 0 0 1 -4.8647 1.81184 -1.3813</i>
                        <i>1 0 0 0 1 0 0 0 1 -4.8647 1.81307 -1.37611</i>
                        <i>1 0 0 0 1 0 0 0 1 -4.8647 1.8145 -1.37122</i>
                        <i>1 0 0 0 1 0 0 0 1 -4.8647 1.81608 -1.36666</i>
                        <i>1 0 0 0 1 0 0 0 1 -4.8647 1.81779 -1.36245</i>
                        <i>1 0 0 0 1 0 0 0 1 -4.8647 1.81959 -1.35864</i>
                        <i>1 0 0 0 1 0 0 0 1 -4.8647 1.82142 -1.35523</i>
                        <i>1 0 0 0 1 0 0 0 1 -4.8647 1.82326 -1.35228</i>
                        <i>1 0 0 0 1 0 0 0 1 -4.8647 1.82507 -1.34979</i>
                        <i>1 0 0 0 1 0 0 0 1 -4.8647 1.8268 -1.34781</i>
                        <i>1 0 0 0 1 0 0 0 1 -4.8647 1.82842 -1.34636</i>
                        <i>1 0 0 0 1 0 0 0 1 -4.8647 1.82989 -1.34547</i>
                        <i>1 0 0 0 1 0 0 0 1 -4.8647 1.83117 -1.34517</i>
                        <i>1 0 0 0 1 0 0 0 1 -4.8647 1.83226 -1.34517</i>
                        <i>1 0 0 0 1 0 0 0 1 -4.8647 1.83321 -1.34517</i>
                        <i>1 0 0 0 1 0 0 0 1 -4.8647 1.83406 -1.34517</i>
                        <i>1 0 0 0 1 0 0 0 1 -4.8647 1.83481 -1.34517</i>
                        <i>1 0 0 0 1 0 0 0 1 -4.8647 1.83551 -1.34517</i>
                        <i>1 0 0 0 1 0 0 0 1 -4.8647 1.83617 -1.34517</i>
                        <i>1 0 0 0 1 0 0 0 1 -4.8647 1.83683 -1.34517</i>
                        <i>1 0 0 0 1 0 0 0 1 -4.8647 1.8375 -1.34517</i>
                        <i>1 0 0 0 1 0 0 0 1 -4.8647 1.83822 -1.34517</i>
                        <i>1 0 0 0 1 0 0 0 1 -4.8647 1.83901 -1.34517</i>
                        <i>1 0 0 0 1 0 0 0 1 -4.8647 1.83992 -1.34517</i>
                        <i>1 0 0 0 1 0 0 0 1 -4.8647 1.84095 -1.34517</i>
                        <i>1 0 0 0 1 0 0 0 1 -4.8647 1.84209 -1.34517</i>
                        <i>1 0 0 0 1 0 0 0 1 -4.8647 1.84329 -1.34517</i>
                        <i>1 0 0 0 1 0 0 0 1 -4.8647 1.84452 -1.34517</i>
                        <i>1 0 0 0 1 0 0 0 1 -4.8647 1.84576 -1.34517</i>
                        <i>1 0 0 0 1 0 0 0 1 -4.8647 1.84697 -1.34517</i>
                        <i>1 0 0 0 1 0 0 0 1 -4.8647 1.84813 -1.34517</i>
                        <i>1 0 0 0 1 0 0 0 1 -4.8647 1.8492 -1.34517</i>
                        <i>1 0 0 0 1 0 0 0 1 -4.8647 1.85014 -1.34517</i>
                        <i>1 0 0 0 1 0 0 0 1 -4.8647 1.85094 -1.34517</i>
                        <i>1 0 0 0 1 0 0 0 1 -4.8647 1.85156 -1.34517</i>
                        <i>1 0 0 0 1 0 0 0 1 -4.8647 1.85196 -1.34517</i>
                        <i>1 0 0 0 1 0 0 0 1 -4.8647 1.85212 -1.34517</i>
                        <i>1 0 0 0 1 0 0 0 1 -4.8647 1.85201 -1.34517</i>
                        <i>1 0 0 0 1 0 0 0 1 -4.8647 1.85151 -1.34517</i>
                        <i>1 0 0 0 1 0 0 0 1 -4.8647 1.8506 -1.34517</i>
                        <i>1 0 0 0 1 0 0 0 1 -4.8647 1.84934 -1.34517</i>
                        <i>1 0 0 0 1 0 0 0 1 -4.8647 1.84779 -1.34517</i>
                        <i>1 0 0 0 1 0 0 0 1 -4.8647 1.84602 -1.34517</i>
                        <i>1 0 0 0 1 0 0 0 1 -4.8647 1.84411 -1.34517</i>
                        <i>1 0 0 0 1 0 0 0 1 -4.8647 1.84211 -1.34517</i>
                        <i>1 0 0 0 1 0 0 0 1 -4.8647 1.84009 -1.34517</i>
                        <i>1 0 0 0 1 0 0 0 1 -4.8647 1.83813 -1.34517</i>
                        <i>1 0 0 0 1 0 0 0 1 -4.8647 1.83628 -1.34517</i>
                        <i>1 0 0 0 1 0 0 0 1 -4.8647 1.83462 -1.34517</i>
                        <i>1 0 0 0 1 0 0 0 1 -4.8647 1.83321 -1.34517</i>
                        <i>1 0 0 0 1 0 0 0 1 -4.8647 1.83212 -1.34517</i>
                        <i>1 0 0 0 1 0 0 0 1 -4.8647 1.83142 -1.34517</i>
                        <i>1 0 0 0 1 0 0 0 1 -4.8647 1.83117 -1.34517</i>
                    </KeyFrames>
                </p>
            </i>
            <i>
                <p>
                    <Name><![CDATA[spine0]]></Name>
                    <Exclude>0</Exclude>
                    <Additive>0</Additive>
                    <IKPriority>0</IKPriority>
                    <IKRotLimits>-1e+010 -1e+010 -1e+010 1e+010 1e+010 1e+010</IKRotLimits>
                    <IKRotLimitOrder>0</IKRotLimitOrder>
                    <KeyFrames count="120">
                        <i>-0.0385235 0.993757 0.104703 -0.703606 -0.101378 0.703321 0.709545 -0.0465755 0.703119 -4.90821 1.96639 -1.36792</i>
                        <i>-0.0389403 0.993769 0.104437 -0.70359 -0.101483 0.703322 0.709538 -0.046093 0.703158 -4.90822 1.96638 -1.36793</i>
                        <i>-0.0401069 0.993801 0.10369 -0.703545 -0.101776 0.703325 0.709518 -0.0447423 0.703265 -4.90827 1.96636 -1.36797</i>
                        <i>-0.041897 0.993846 0.102543 -0.703475 -0.102224 0.70333 0.709484 -0.0426693 0.703429 -4.90834 1.96633 -1.36803</i>
                        <i>-0.0441842 0.993897 0.101078 -0.703385 -0.102798 0.703337 0.709435 -0.0400203 0.703634 -4.90843 1.96629 -1.36811</i>
                        <i>-0.0468421 0.993947 0.0993735 -0.703279 -0.103463 0.703345 0.709369 -0.0369411 0.703868 -4.90853 1.96624 -1.3682</i>
                        <i>-0.0497449 0.993991 0.0975106 -0.703161 -0.104189 0.703355 0.709288 -0.0335773 0.704119 -4.90864 1.96618 -1.3683</i>
                        <i>-0.0527671 0.994023 0.0955692 -0.703038 -0.104945 0.703367 0.709192 -0.0300741 0.704373 -4.90876 1.96613 -1.3684</i>
                        <i>-0.0557843 0.994043 0.0936294 -0.702912 -0.105698 0.703379 0.709085 -0.0265758 0.704622 -4.90888 1.96607 -1.36851</i>
                        <i>-0.0586728 0.99405 0.0917707 -0.702791 -0.106419 0.703392 0.708973 -0.0232257 0.704853 -4.90899 1.96602 -1.36861</i>
                        <i>-0.0613096 0.994046 0.0900726 -0.702679 -0.107076 0.703404 0.708861 -0.0201667 0.70506 -4.90909 1.96597 -1.3687</i>
                        <i>-0.0635725 0.994035 0.0886142 -0.702582 -0.107639 0.703415 0.708758 -0.0175409 0.705234 -4.90918 1.96592 -1.36878</i>
                        <i>-0.0653396 0.994022 0.0874747 -0.702505 -0.108079 0.703424 0.708673 -0.0154899 0.705367 -4.90925 1.96589 -1.36884</i>
                        <i>-0.0664894 0.99401 0.0867329 -0.702455 -0.108365 0.70343 0.708616 -0.0141553 0.705453 -4.9093 1.96587 -1.36888</i>
                        <i>-0.0668998 0.994006 0.0864681 -0.702437 -0.108467 0.703432 0.708595 -0.0136789 0.705483 -4.90931 1.96586 -1.36889</i>
                        <i>-0.0670784 0.99391 0.0874213 -0.702267 -0.109271 0.703477 0.708746 -0.0142049 0.705321 -4.91002 1.96519 -1.36868</i>
                        <i>-0.0672355 0.993683 0.0898499 -0.701943 -0.111108 0.703513 0.709052 -0.0157685 0.70498 -4.91177 1.96338 -1.36821</i>
                        <i>-0.0667941 0.993413 0.0931101 -0.70174 -0.11311 0.703397 0.709295 -0.0183563 0.704673 -4.91397 1.96078 -1.36772</i>
                        <i>-0.0652209 0.993189 0.0965542 -0.701815 -0.11444 0.703107 0.709367 -0.0219059 0.704498 -4.91606 1.95773 -1.36743</i>
                        <i>-0.0620717 0.993097 0.0995267 -0.702146 -0.114319 0.702796 0.709322 -0.0262586 0.704395 -4.91749 1.95465 -1.36757</i>
                        <i>-0.0577775 0.993181 0.101259 -0.702623 -0.112509 0.702611 0.709213 -0.0305518 0.704332 -4.91823 1.95169 -1.36846</i>
                        <i>-0.0533956 0.993373 0.101778 -0.70311 -0.109776 0.702557 0.709074 -0.0340479 0.704312 -4.91868 1.94893 -1.36995</i>
                        <i>-0.0495061 0.993594 0.101587 -0.703471 -0.10689 0.70264 0.708997 -0.0366789 0.704257 -4.91892 1.94662 -1.37159</i>
                        <i>-0.0467161 0.993774 0.101151 -0.703663 -0.104612 0.702791 0.708997 -0.0383445 0.704169 -4.91902 1.94502 -1.37291</i>
                        <i>-0.0456489 0.993848 0.100908 -0.703716 -0.103687 0.702874 0.709013 -0.038925 0.70412 -4.91904 1.94442 -1.37345</i>
                        <i>-0.045433 0.993867 0.100822 -0.703722 -0.103475 0.702899 0.709021 -0.0390159 0.704107 -4.91895 1.94446 -1.37341</i>
                        <i>-0.044816 0.99392 0.100573 -0.703765 -0.102863 0.702947 0.709018 -0.0392766 0.704095 -4.91872 1.94458 -1.37331</i>
                        <i>-0.0438429 0.994003 0.100175 -0.703878 -0.101892 0.702975 0.708967 -0.0396907 0.704124 -4.91835 1.94477 -1.37316</i>
                        <i>-0.0425572 0.994113 0.099643 -0.704098 -0.1006 0.702941 0.708827 -0.0402431 0.704234 -4.91785 1.94501 -1.37297</i>
                        <i>-0.0410021 0.994243 0.0989917 -0.704459 -0.099026 0.702803 0.708559 -0.0409191 0.704464 -4.91724 1.94531 -1.37274</i>
                        <i>-0.0392205 0.99439 0.0982375 -0.704997 -0.0972091 0.702517 0.708125 -0.0417041 0.704854 -4.91655 1.94564 -1.37248</i>
                        <i>-0.0372552 0.994548 0.0973968 -0.705747 -0.0951882 0.702041 0.707484 -0.0425828 0.705445 -4.91577 1.946 -1.37221</i>
                        <i>-0.03515 0.994713 0.0964862 -0.706741 -0.0930025 0.701332 0.706598 -0.0435389 0.706274 -4.91493 1.94638 -1.37194</i>
                        <i>-0.0329493 0.994882 0.095522 -0.708015 -0.0906916 0.70035 0.705429 -0.044555 0.707379 -4.91404 1.94677 -1.37166</i>
                        <i>-0.0306984 0.995049 0.0945206 -0.709599 -0.0882955 0.699052 0.703937 -0.0456119 0.708796 -4.91312 1.94716 -1.3714</i>
                        <i>-0.0284439 0.995213 0.0934975 -0.711525 -0.0858543 0.697396 0.702085 -0.0466891 0.710561 -4.91218 1.94754 -1.37116</i>
                        <i>-0.0262336 0.99537 0.0924676 -0.713823 -0.0834089 0.695342 0.699835 -0.0477641 0.712706 -4.91125 1.94791 -1.37094</i>
                        <i>-0.0241165 0.995518 0.0914447 -0.716522 -0.0810001 0.692846 0.697148 -0.0488131 0.715264 -4.91033 1.94826 -1.37076</i>
                        <i>-0.0221429 0.995656 0.0904413 -0.719649 -0.0786693 0.689867 0.693985 -0.0498104 0.718265 -4.90945 1.94859 -1.37062</i>
                        <i>-0.0203638 0.995781 0.0894683 -0.72323 -0.0764579 0.686361 0.690306 -0.0507293 0.721736 -4.90862 1.94888 -1.37054</i>
                        <i>-0.0188315 0.995895 0.0885347 -0.72729 -0.0744073 0.682285 0.686072 -0.051542 0.725706 -4.90786 1.94913 -1.37052</i>
                        <i>-0.0175988 0.995996 0.087647 -0.731851 -0.072559 0.677591 0.681237 -0.0522198 0.730198 -4.90718 1.94933 -1.37057</i>
                        <i>-0.0167189 0.996085 0.0868093 -0.736933 -0.0709545 0.672232 0.675759 -0.0527337 0.735234 -4.90661 1.94949 -1.3707</i>
                        <i>-0.0162453 0.996161 0.0860228 -0.742554 -0.069635 0.666156 0.669589 -0.0530547 0.740835 -4.90614 1.94959 -1.37093</i>
                        <i>-0.0162312 0.996224 0.0852852 -0.748731 -0.0686414 0.65931 0.662675 -0.0531543 0.747018 -4.90581 1.94963 -1.37126</i>
                        <i>-0.0285383 0.996661 0.0765048 -0.764607 -0.0710644 0.640567 0.643865 -0.0402154 0.764081 -4.90558 1.95774 -1.3882</i>
                        <i>-0.0563581 0.996872 0.0554135 -0.79196 -0.0784324 0.605514 0.607966 -0.00975973 0.793903 -4.90529 1.97715 -1.42804</i>
                        <i>-0.0874172 0.99576 0.0286418 -0.820461 -0.0882749 0.564846 0.56498 0.0258779 0.824699 -4.90484 2.00047 -1.47548</i>
                        <i>-0.111686 0.993731 0.00493914 -0.841935 -0.0972636 0.53074 0.527893 0.0551178 0.84752 -4.90434 2.02032 -1.51519</i>
                        <i>-0.121391 0.992591 -0.0053143 -0.850335 -0.101228 0.516414 0.51205 0.0672068 0.856322 -4.90409 2.02932 -1.53184</i>
                        <i>-0.111184 0.993799 0.00150994 -0.850859 -0.0959769 0.516553 0.513495 0.0561476 0.856254 -4.90492 2.02323 -1.53248</i>
                        <i>-0.0858231 0.996119 0.0195267 -0.852332 -0.0835554 0.516284 0.515912 0.0276659 0.856195 -4.90688 2.00668 -1.53401</i>
                        <i>-0.0540711 0.997577 0.0437842 -0.854499 -0.0689135 0.514861 0.516631 -0.00957449 0.856155 -4.90918 1.98568 -1.53584</i>
                        <i>-0.026489 0.997459 0.0661293 -0.856661 -0.056744 0.51275 0.515199 -0.0430682 0.855988 -4.91107 1.96628 -1.53738</i>
                        <i>-0.0137939 0.996919 0.0772123 -0.857677 -0.0514915 0.511605 0.514005 -0.0591661 0.855745 -4.91186 1.95463 -1.53803</i>
                        <i>-0.0123635 0.99689 0.0778308 -0.857755 -0.0505776 0.511564 0.51391 -0.060435 0.855713 -4.91171 1.94955 -1.53592</i>
                        <i>-0.0118147 0.997109 0.0750563 -0.857913 -0.0486668 0.511484 0.513658 -0.0583487 0.856009 -4.91131 1.94569 -1.53011</i>
                        <i>-0.0120337 0.997505 0.0695667 -0.858128 -0.0460156 0.511369 0.513294 -0.0535435 0.856541 -4.91072 1.94288 -1.52136</i>
                        <i>-0.0129026 0.99799 0.0620496 -0.858376 -0.0428828 0.511225 0.512858 -0.0466657 0.857204 -4.91 1.94097 -1.51047</i>
                        <i>-0.014297 0.99848 0.053225 -0.858635 -0.0395372 0.511061 0.512389 -0.0383942 0.857895 -4.90922 1.93981 -1.4982</i>
                        <i>-0.0160899 0.998909 0.0438424 -0.858882 -0.0362575 0.510889 0.511921 -0.0294353 0.858528 -4.90843 1.93924 -1.48533</i>
                        <i>-0.01816 0.999234 0.0346544 -0.859098 -0.0333256 0.510726 0.51149 -0.0204967 0.859045 -4.90771 1.9391 -1.47263</i>
                        <i>-0.0204028 0.999444 0.026382 -0.859264 -0.031019 0.510591 0.511125 -0.0122517 0.859419 -4.90712 1.93925 -1.46088</i>
                        <i>-0.022738 0.999548 0.0196912 -0.859365 -0.0296061 0.510505 0.510857 -0.00531409 0.859649 -4.90671 1.93955 -1.45086</i>
                        <i>-0.0251082 0.999569 0.0151954 -0.859383 -0.0293473 0.51049 0.510716 -0.000241202 0.85975 -4.90656 1.93983 -1.44333</i>
                        <i>-0.0275978 0.999531 0.0132696 -0.85768 -0.0304954 0.513278 0.513442 0.00278424 0.85812 -4.90664 1.9403 -1.43713</i>
                        <i>-0.0303255 0.999446 0.0137198 -0.852893 -0.0330313 0.52104 0.521205 0.00409933 0.853422 -4.90684 1.94122 -1.43062</i>
                        <i>-0.0332207 0.999316 0.0162678 -0.845374 -0.0367784 0.532908 0.533141 0.00395118 0.846017 -4.90714 1.94252 -1.42392</i>
                        <i>-0.0361479 0.999134 0.0206143 -0.835456 -0.0415323 0.547985 0.548367 0.00258618 0.836234 -4.90748 1.94415 -1.41714</i>
                        <i>-0.0389472 0.998891 0.0264371 -0.823487 -0.0470717 0.565379 0.565997 0.000249356 0.824408 -4.90783 1.94603 -1.41039</i>
                        <i>-0.0414688 0.998582 0.0333921 -0.809852 -0.0531673 0.58422 0.585167 -0.00281574 0.810908 -4.90815 1.94811 -1.40377</i>
                        <i>-0.0435994 0.998203 0.0411168 -0.794992 -0.0595899 0.603686 0.605051 -0.00636719 0.796161 -4.90841 1.95033 -1.39739</i>
                        <i>-0.0452815 0.99776 0.0492367 -0.779413 -0.0661161 0.623012 0.624872 -0.0101648 0.780661 -4.9086 1.95261 -1.39138</i>
                        <i>-0.0465242 0.997268 0.0573745 -0.763685 -0.0725338 0.641502 0.643911 -0.0139707 0.764973 -4.90871 1.95492 -1.38583</i>
                        <i>-0.0474055 0.996748 0.0651589 -0.748435 -0.0786447 0.658528 0.661511 -0.0175493 0.74973 -4.90874 1.9572 -1.38086</i>
                        <i>-0.0480664 0.996229 0.0722311 -0.73434 -0.0842647 0.673531 0.677078 -0.0206679 0.735621 -4.90872 1.95938 -1.37658</i>
                        <i>-0.0486979 0.995744 0.0782465 -0.722108 -0.0892222 0.686003 0.690064 -0.0230955 0.723379 -4.90865 1.96143 -1.37307</i>
                        <i>-0.0495218 0.995329 0.0828708 -0.712465 -0.0933528 0.69547 0.699958 -0.0246016 0.71376 -4.90858 1.96329 -1.37044</i>
                        <i>-0.0507653 0.995021 0.0857682 -0.706135 -0.0964916 0.701472 0.706255 -0.0249536 0.707518 -4.90851 1.96491 -1.36879</i>
                        <i>-0.0526296 0.994853 0.0865846 -0.703818 -0.0984627 0.703523 0.708428 -0.0239137 0.705378 -4.90849 1.96625 -1.36822</i>
                        <i>-0.0547522 0.994763 0.0863078 -0.70373 -0.0997646 0.703428 0.708354 -0.0222232 0.705507 -4.90848 1.96734 -1.36821</i>
                        <i>-0.056633 0.994672 0.08614 -0.703647 -0.100973 0.703339 0.708289 -0.02078 0.705616 -4.90846 1.96831 -1.36819</i>
                        <i>-0.0582192 0.994591 0.0860153 -0.703575 -0.102005 0.703262 0.708232 -0.0195748 0.705708 -4.90843 1.96917 -1.36816</i>
                        <i>-0.0594634 0.99453 0.0858786 -0.703519 -0.102786 0.703204 0.708184 -0.0186023 0.705783 -4.90839 1.96994 -1.36811</i>
                        <i>-0.0603355 0.994492 0.0857014 -0.703484 -0.103276 0.703167 0.708146 -0.0178636 0.70584 -4.90835 1.97066 -1.36807</i>
                        <i>-0.0608312 0.99448 0.0854897 -0.703469 -0.103476 0.703153 0.708118 -0.0173657 0.70588 -4.90831 1.97135 -1.36802</i>
                        <i>-0.0609752 0.994489 0.0852844 -0.70347 -0.103433 0.703158 0.708104 -0.0171198 0.7059 -4.90827 1.97202 -1.36798</i>
                        <i>-0.0608189 0.99451 0.0851545 -0.703483 -0.10323 0.703175 0.708105 -0.0171384 0.705899 -4.90824 1.97271 -1.36795</i>
                        <i>-0.0604318 0.994531 0.0851855 -0.703499 -0.102979 0.703196 0.708122 -0.0174325 0.705875 -4.90821 1.97344 -1.36793</i>
                        <i>-0.0598873 0.99454 0.0854619 -0.703512 -0.10279 0.703211 0.708156 -0.0180101 0.705826 -4.90821 1.97423 -1.36792</i>
                        <i>-0.0592205 0.994534 0.0859952 -0.7035 -0.102698 0.703236 0.708224 -0.0188516 0.705736 -4.90838 1.97506 -1.36805</i>
                        <i>-0.0584514 0.994517 0.086716 -0.703454 -0.102667 0.703286 0.708333 -0.0198927 0.705598 -4.90888 1.97587 -1.36843</i>
                        <i>-0.0576122 0.99449 0.0875801 -0.703388 -0.102689 0.703349 0.708467 -0.0210814 0.705429 -4.90964 1.97665 -1.369</i>
                        <i>-0.0567329 0.994455 0.0885459 -0.703318 -0.102755 0.70341 0.708608 -0.0223694 0.705247 -4.91062 1.97739 -1.36975</i>
                        <i>-0.0558505 0.994414 0.0895664 -0.703256 -0.102858 0.703457 0.70874 -0.0236997 0.705072 -4.91176 1.97806 -1.37062</i>
                        <i>-0.055017 0.994368 0.0905836 -0.703215 -0.102992 0.703477 0.708845 -0.0249965 0.704921 -4.91301 1.97867 -1.37159</i>
                        <i>-0.0543048 0.994321 0.0915235 -0.703204 -0.103157 0.703465 0.708911 -0.0261582 0.704812 -4.91434 1.97918 -1.3726</i>
                        <i>-0.0538092 0.994277 0.0922937 -0.703224 -0.103352 0.703416 0.708929 -0.0270529 0.704761 -4.91567 1.97961 -1.37363</i>
                        <i>-0.0536475 0.99424 0.0927836 -0.703273 -0.103583 0.703333 0.708893 -0.0275201 0.704779 -4.91697 1.97994 -1.37464</i>
                        <i>-0.0539533 0.994216 0.0928675 -0.703343 -0.103855 0.703223 0.7088 -0.0273765 0.704878 -4.91819 1.98018 -1.3756</i>
                        <i>-0.0548214 0.994203 0.0924954 -0.703417 -0.1042 0.703098 0.70866 -0.026518 0.705051 -4.91929 1.98031 -1.37646</i>
                        <i>-0.0561267 0.994195 0.0917938 -0.703478 -0.10462 0.702974 0.708497 -0.0251194 0.705267 -4.92022 1.98035 -1.37719</i>
                        <i>-0.0576744 0.994189 0.0908978 -0.703516 -0.105075 0.702869 0.708335 -0.0234105 0.705488 -4.92094 1.9803 -1.37775</i>
                        <i>-0.0592627 0.994182 0.0899481 -0.70352 -0.105522 0.702798 0.7082 -0.0216306 0.70568 -4.9214 1.98017 -1.37812</i>
                        <i>-0.0606808 0.994173 0.0890925 -0.703484 -0.105917 0.702774 0.708116 -0.0200303 0.705812 -4.92156 1.97995 -1.37825</i>
                        <i>-0.0617279 0.994164 0.0884725 -0.70341 -0.106219 0.702803 0.708099 -0.0188498 0.705861 -4.9214 1.97956 -1.37812</i>
                        <i>-0.0622754 0.994156 0.0881782 -0.70331 -0.106399 0.702875 0.70815 -0.0182448 0.705826 -4.92094 1.97894 -1.37775</i>
                        <i>-0.0622143 0.99415 0.0882865 -0.703206 -0.106435 0.702975 0.708259 -0.0183485 0.705714 -4.92022 1.97813 -1.37719</i>
                        <i>-0.0614424 0.994146 0.0888703 -0.703114 -0.106307 0.703086 0.708417 -0.0192868 0.70553 -4.91929 1.97716 -1.37646</i>
                        <i>-0.0598675 0.994141 0.0899961 -0.703052 -0.105996 0.703194 0.708614 -0.0211735 0.705279 -4.91819 1.97605 -1.3756</i>
                        <i>-0.0576565 0.99413 0.0915489 -0.703024 -0.105539 0.703291 0.708825 -0.0238118 0.704983 -4.91697 1.97485 -1.37464</i>
                        <i>-0.0551115 0.99411 0.0933195 -0.703029 -0.105001 0.703366 0.709022 -0.0268428 0.704675 -4.91567 1.97359 -1.37363</i>
                        <i>-0.0523567 0.994078 0.0952241 -0.703068 -0.104411 0.703416 0.709193 -0.0301204 0.704371 -4.91434 1.9723 -1.3726</i>
                        <i>-0.0495219 0.994034 0.0971756 -0.703135 -0.103797 0.703439 0.709329 -0.0334919 0.704081 -4.91301 1.97103 -1.37159</i>
                        <i>-0.0467413 0.993981 0.0990839 -0.703226 -0.10319 0.703438 0.709429 -0.0367987 0.703816 -4.91176 1.96982 -1.37062</i>
                        <i>-0.0441528 0.993921 0.100857 -0.703329 -0.102622 0.703419 0.709492 -0.0398774 0.703584 -4.91062 1.96872 -1.36975</i>
                        <i>-0.0418965 0.993861 0.102399 -0.703432 -0.102125 0.703388 0.709527 -0.0425615 0.703392 -4.90964 1.96777 -1.369</i>
                        <i>-0.0401134 0.993808 0.103618 -0.703521 -0.101731 0.703355 0.709541 -0.0446833 0.703246 -4.90888 1.96704 -1.36843</i>
                        <i>-0.0389433 0.993771 0.104417 -0.703583 -0.101471 0.703331 0.709545 -0.0460758 0.703152 -4.90838 1.96656 -1.36805</i>
                        <i>-0.0385235 0.993757 0.104703 -0.703606 -0.101378 0.703321 0.709545 -0.0465755 0.703119 -4.90821 1.96639 -1.36792</i>
                    </KeyFrames>
                </p>
            </i>
            <i>
                <p>
                    <Name><![CDATA[spine1]]></Name>
                    <Exclude>0</Exclude>
                    <Additive>0</Additive>
                    <IKPriority>0</IKPriority>
                    <IKRotLimits>-1e+010 -1e+010 -1e+010 1e+010 1e+010 1e+010</IKRotLimits>
                    <IKRotLimitOrder>0</IKRotLimitOrder>
                    <KeyFrames count="120">
                        <i>0.211305 0.94767 0.239317 -0.546722 -0.0883634 0.832639 0.810213 -0.30678 0.49944 -4.91499 2.14084 -1.34955</i>
                        <i>0.210746 0.947887 0.238948 -0.546722 -0.0883427 0.832641 0.810359 -0.306114 0.499613 -4.91508 2.14084 -1.34962</i>
                        <i>0.209179 0.948493 0.237917 -0.546722 -0.0882849 0.832647 0.810765 -0.304247 0.500094 -4.91533 2.14083 -1.34979</i>
                        <i>0.206772 0.949418 0.23633 -0.546722 -0.0881962 0.832657 0.811382 -0.301377 0.500831 -4.91571 2.14082 -1.35005</i>
                        <i>0.203688 0.950587 0.234297 -0.546723 -0.0880828 0.832668 0.812161 -0.2977 0.501766 -4.9162 2.1408 -1.35038</i>
                        <i>0.200095 0.951931 0.231927 -0.546726 -0.0879512 0.83268 0.813052 -0.293416 0.502846 -4.91677 2.14078 -1.35077</i>
                        <i>0.196159 0.953378 0.229328 -0.54673 -0.0878076 0.832692 0.814007 -0.288721 0.504016 -4.9174 2.14075 -1.35119</i>
                        <i>0.192047 0.954864 0.226612 -0.546736 -0.0876582 0.832704 0.814983 -0.283816 0.505224 -4.91805 2.14072 -1.35164</i>
                        <i>0.187929 0.956324 0.22389 -0.546745 -0.0875092 0.832714 0.815937 -0.278901 0.50642 -4.91869 2.14069 -1.35208</i>
                        <i>0.183973 0.957701 0.221273 -0.546754 -0.0873668 0.832723 0.816832 -0.274181 0.507554 -4.91932 2.14066 -1.3525</i>
                        <i>0.180351 0.95894 0.218876 -0.546764 -0.087237 0.83273 0.817632 -0.269857 0.508581 -4.91988 2.14063 -1.35289</i>
                        <i>0.177234 0.95999 0.216812 -0.546774 -0.0871257 0.832735 0.818307 -0.266136 0.509456 -4.92037 2.14061 -1.35322</i>
                        <i>0.174795 0.9608 0.215196 -0.546783 -0.0870389 0.832738 0.818826 -0.263224 0.510135 -4.92075 2.14058 -1.35348</i>
                        <i>0.173206 0.961323 0.214143 -0.546789 -0.0869825 0.83274 0.819159 -0.261326 0.510575 -4.921 2.14057 -1.35365</i>
                        <i>0.172638 0.961509 0.213766 -0.546791 -0.0869624 0.832741 0.819278 -0.260648 0.510731 -4.92109 2.14056 -1.35371</i>
                        <i>0.177661 0.960673 0.213412 -0.546341 -0.0840866 0.833331 0.818503 -0.264646 0.509916 -4.92184 2.14001 -1.35332</i>
                        <i>0.190305 0.958352 0.212942 -0.545332 -0.0771687 0.83466 0.816331 -0.274965 0.507935 -4.92364 2.13854 -1.35239</i>
                        <i>0.206917 0.954838 0.213237 -0.544272 -0.0687708 0.836085 0.81299 -0.289059 0.505462 -4.92581 2.1364 -1.35128</i>
                        <i>0.223937 0.95055 0.215192 -0.543557 -0.061458 0.83712 0.808949 -0.304431 0.502915 -4.92766 2.13387 -1.35034</i>
                        <i>0.237997 0.946084 0.219732 -0.543404 -0.0578089 0.837478 0.805027 -0.318721 0.500348 -4.92855 2.13121 -1.3499</i>
                        <i>0.248458 0.941409 0.228075 -0.543872 -0.0592582 0.837073 0.801543 -0.332021 0.497283 -4.92855 2.12865 -1.35044</i>
                        <i>0.256721 0.936467 0.239007 -0.544649 -0.0641099 0.83621 0.798406 -0.344848 0.493587 -4.92825 2.12635 -1.35181</i>
                        <i>0.26268 0.931961 0.249896 -0.545364 -0.0702493 0.83525 0.795976 -0.355688 0.489805 -4.92782 2.12448 -1.35344</i>
                        <i>0.266281 0.928663 0.258222 -0.545825 -0.0755285 0.834488 0.794462 -0.363152 0.486776 -4.92743 2.12322 -1.3548</i>
                        <i>0.267491 0.927386 0.26154 -0.545985 -0.0777723 0.834177 0.793945 -0.365932 0.485535 -4.92726 2.12276 -1.35537</i>
                        <i>0.26724 0.927512 0.261349 -0.546571 -0.0774685 0.833822 0.793626 -0.365677 0.486249 -4.92714 2.12277 -1.35536</i>
