<?xml version="1.0" encoding="ISO-8859-1" ?>
<Animl Version="1">
    <ModellingPackage><![CDATA[Maya.2010]]></ModellingPackage>
    <SrcFile><![CDATA[anims\turrets\antiair\red\~src\aa_s125_launcher\aa_s125_launcher_reload_crewman_c.mb]]></SrcFile>
    <FramesPerSecond>30</FramesPerSecond>
    <TotalFrames>130</TotalFrames>
    <Skeleton>
        <RefFrame>
            <Name><![CDATA[soldier_ref_frame]]></Name>
            <Exclude>0</Exclude>
            <Additive>0</Additive>
            <IKPriority>0</IKPriority>
            <IKRotLimits>-1e+010 -1e+010 -1e+010 1e+010 1e+010 1e+010</IKRotLimits>
            <IKRotLimitOrder>0</IKRotLimitOrder>
            <KeyFrames count="130">
                <i>1 0 0 0 1 0 0 0 1 0.914213 1.19421 -5.19492</i>
                <i>1 0 0 0 1 0 0 0 1 0.914213 1.19421 -5.19492</i>
                <i>1 0 0 0 1 0 0 0 1 0.914213 1.19421 -5.19492</i>
                <i>1 0 0 0 1 0 0 0 1 0.914213 1.19421 -5.19492</i>
                <i>1 0 0 0 1 0 0 0 1 0.914213 1.19421 -5.19492</i>
                <i>1 0 0 0 1 0 0 0 1 0.914213 1.19421 -5.19492</i>
                <i>1 0 0 0 1 0 0 0 1 0.914213 1.19421 -5.19492</i>
                <i>1 0 0 0 1 0 0 0 1 0.914213 1.19421 -5.19492</i>
                <i>1 0 0 0 1 0 0 0 1 0.914213 1.19421 -5.19492</i>
                <i>1 0 0 0 1 0 0 0 1 0.914213 1.19421 -5.19492</i>
                <i>1 0 0 0 1 0 0 0 1 0.914213 1.19421 -5.19492</i>
                <i>1 0 0 0 1 0 0 0 1 0.914213 1.19421 -5.19492</i>
                <i>1 0 0 0 1 0 0 0 1 0.914213 1.19421 -5.19492</i>
                <i>1 0 0 0 1 0 0 0 1 0.914213 1.19421 -5.19492</i>
                <i>1 0 0 0 1 0 0 0 1 0.914213 1.19421 -5.19492</i>
                <i>1 0 0 0 1 0 0 0 1 0.914213 1.19421 -5.19492</i>
                <i>1 0 0 0 1 0 0 0 1 0.914213 1.19421 -5.19492</i>
                <i>1 0 0 0 1 0 0 0 1 0.914213 1.19421 -5.19492</i>
                <i>1 0 0 0 1 0 0 0 1 0.914213 1.19421 -5.19492</i>
                <i>1 0 0 0 1 0 0 0 1 0.914213 1.19421 -5.19492</i>
                <i>1 0 0 0 1 0 0 0 1 0.914213 1.19421 -5.19492</i>
                <i>1 0 0 0 1 0 0 0 1 0.914213 1.19421 -5.19492</i>
                <i>1 0 0 0 1 0 0 0 1 0.914213 1.19421 -5.19492</i>
                <i>1 0 0 0 1 0 0 0 1 0.914213 1.19421 -5.19492</i>
                <i>1 0 0 0 1 0 0 0 1 0.914213 1.19421 -5.19492</i>
                <i>1 0 0 0 1 0 0 0 1 0.914213 1.19421 -5.19492</i>
                <i>1 0 0 0 1 0 0 0 1 0.914213 1.19421 -5.19492</i>
                <i>1 0 0 0 1 0 0 0 1 0.914213 1.19421 -5.19492</i>
                <i>1 0 0 0 1 0 0 0 1 0.914213 1.19421 -5.19492</i>
                <i>1 0 0 0 1 0 0 0 1 0.914213 1.19421 -5.19492</i>
                <i>1 0 0 0 1 0 0 0 1 0.914213 1.19421 -5.19492</i>
                <i>1 0 0 0 1 0 0 0 1 0.914213 1.19421 -5.19492</i>
                <i>1 0 0 0 1 0 0 0 1 0.914213 1.19421 -5.19492</i>
                <i>1 0 0 0 1 0 0 0 1 0.914213 1.19421 -5.19492</i>
                <i>1 0 0 0 1 0 0 0 1 0.914213 1.19421 -5.19492</i>
                <i>1 0 0 0 1 0 0 0 1 0.914213 1.19421 -5.19492</i>
                <i>1 0 0 0 1 0 0 0 1 0.914213 1.19421 -5.19492</i>
                <i>1 0 0 0 1 0 0 0 1 0.914213 1.19421 -5.19492</i>
                <i>1 0 0 0 1 0 0 0 1 0.914213 1.19421 -5.19492</i>
                <i>1 0 0 0 1 0 0 0 1 0.914213 1.19421 -5.19492</i>
                <i>1 0 0 0 1 0 0 0 1 0.914213 1.19421 -5.19492</i>
                <i>1 0 0 0 1 0 0 0 1 0.914213 1.19421 -5.19492</i>
                <i>1 0 0 0 1 0 0 0 1 0.914213 1.19421 -5.19492</i>
                <i>1 0 0 0 1 0 0 0 1 0.914213 1.19421 -5.19492</i>
                <i>1 0 0 0 1 0 0 0 1 0.914213 1.19421 -5.19492</i>
                <i>1 0 0 0 1 0 0 0 1 0.914213 1.19421 -5.19492</i>
                <i>1 0 0 0 1 0 0 0 1 0.914213 1.19421 -5.19492</i>
                <i>1 0 0 0 1 0 0 0 1 0.914213 1.19421 -5.19492</i>
                <i>1 0 0 0 1 0 0 0 1 0.914213 1.19421 -5.19492</i>
                <i>1 0 0 0 1 0 0 0 1 0.914213 1.19421 -5.19492</i>
                <i>1 0 0 0 1 0 0 0 1 0.914213 1.19421 -5.19492</i>
                <i>1 0 0 0 1 0 0 0 1 0.914213 1.19421 -5.19492</i>
                <i>1 0 0 0 1 0 0 0 1 0.914213 1.19421 -5.19492</i>
                <i>1 0 0 0 1 0 0 0 1 0.914213 1.19421 -5.19492</i>
                <i>1 0 0 0 1 0 0 0 1 0.914213 1.19421 -5.19492</i>
                <i>1 0 0 0 1 0 0 0 1 0.914213 1.19421 -5.19492</i>
                <i>1 0 0 0 1 0 0 0 1 0.914213 1.19421 -5.19492</i>
                <i>1 0 0 0 1 0 0 0 1 0.914213 1.19421 -5.19492</i>
                <i>1 0 0 0 1 0 0 0 1 0.914213 1.19421 -5.19492</i>
                <i>1 0 0 0 1 0 0 0 1 0.914213 1.19421 -5.19492</i>
                <i>1 0 0 0 1 0 0 0 1 0.914213 1.19421 -5.19492</i>
                <i>1 0 0 0 1 0 0 0 1 0.914213 1.19421 -5.19492</i>
                <i>1 0 0 0 1 0 0 0 1 0.914213 1.19421 -5.19492</i>
                <i>1 0 0 0 1 0 0 0 1 0.914213 1.19421 -5.19492</i>
                <i>1 0 0 0 1 0 0 0 1 0.914213 1.19421 -5.19492</i>
                <i>1 0 0 0 1 0 0 0 1 0.914213 1.19421 -5.19492</i>
                <i>1 0 0 0 1 0 0 0 1 0.914213 1.19421 -5.19492</i>
                <i>1 0 0 0 1 0 0 0 1 0.914213 1.19421 -5.19492</i>
                <i>1 0 0 0 1 0 0 0 1 0.914213 1.19421 -5.19492</i>
                <i>1 0 0 0 1 0 0 0 1 0.914213 1.19421 -5.19492</i>
                <i>1 0 0 0 1 0 0 0 1 0.914213 1.19421 -5.19492</i>
                <i>1 0 0 0 1 0 0 0 1 0.914213 1.19421 -5.19492</i>
                <i>1 0 0 0 1 0 0 0 1 0.914213 1.19421 -5.19492</i>
                <i>1 0 0 0 1 0 0 0 1 0.914213 1.19421 -5.19492</i>
                <i>1 0 0 0 1 0 0 0 1 0.914213 1.19421 -5.19492</i>
                <i>1 0 0 0 1 0 0 0 1 0.914213 1.19421 -5.19492</i>
                <i>1 0 0 0 1 0 0 0 1 0.914213 1.19421 -5.19492</i>
                <i>1 0 0 0 1 0 0 0 1 0.914213 1.19421 -5.19492</i>
                <i>1 0 0 0 1 0 0 0 1 0.914213 1.19421 -5.19492</i>
                <i>1 0 0 0 1 0 0 0 1 0.914213 1.19421 -5.19492</i>
                <i>1 0 0 0 1 0 0 0 1 0.914213 1.19421 -5.19492</i>
                <i>1 0 0 0 1 0 0 0 1 0.914213 1.19421 -5.19492</i>
                <i>1 0 0 0 1 0 0 0 1 0.914213 1.19421 -5.19492</i>
                <i>1 0 0 0 1 0 0 0 1 0.914213 1.19421 -5.19492</i>
                <i>1 0 0 0 1 0 0 0 1 0.914213 1.19421 -5.19492</i>
                <i>1 0 0 0 1 0 0 0 1 0.914213 1.19421 -5.19492</i>
                <i>1 0 0 0 1 0 0 0 1 0.914213 1.19421 -5.19492</i>
                <i>1 0 0 0 1 0 0 0 1 0.914213 1.19421 -5.19492</i>
                <i>1 0 0 0 1 0 0 0 1 0.914213 1.19421 -5.19492</i>
                <i>1 0 0 0 1 0 0 0 1 0.914213 1.19421 -5.19492</i>
                <i>1 0 0 0 1 0 0 0 1 0.914213 1.19421 -5.19492</i>
                <i>1 0 0 0 1 0 0 0 1 0.914213 1.19421 -5.19492</i>
                <i>1 0 0 0 1 0 0 0 1 0.914213 1.19421 -5.19492</i>
                <i>1 0 0 0 1 0 0 0 1 0.914213 1.19421 -5.19492</i>
                <i>1 0 0 0 1 0 0 0 1 0.914213 1.19421 -5.19492</i>
                <i>1 0 0 0 1 0 0 0 1 0.914213 1.19421 -5.19492</i>
                <i>1 0 0 0 1 0 0 0 1 0.914213 1.19421 -5.19492</i>
                <i>1 0 0 0 1 0 0 0 1 0.914213 1.19421 -5.19492</i>
                <i>1 0 0 0 1 0 0 0 1 0.914213 1.19421 -5.19492</i>
                <i>1 0 0 0 1 0 0 0 1 0.914213 1.19421 -5.19492</i>
                <i>1 0 0 0 1 0 0 0 1 0.914213 1.19421 -5.19492</i>
                <i>1 0 0 0 1 0 0 0 1 0.914213 1.19421 -5.19492</i>
                <i>1 0 0 0 1 0 0 0 1 0.914213 1.19421 -5.19492</i>
                <i>1 0 0 0 1 0 0 0 1 0.914213 1.19421 -5.19492</i>
                <i>1 0 0 0 1 0 0 0 1 0.914213 1.19421 -5.19492</i>
                <i>1 0 0 0 1 0 0 0 1 0.914213 1.19421 -5.19492</i>
                <i>1 0 0 0 1 0 0 0 1 0.914213 1.19421 -5.19492</i>
                <i>1 0 0 0 1 0 0 0 1 0.914213 1.19421 -5.19492</i>
                <i>1 0 0 0 1 0 0 0 1 0.914213 1.19421 -5.19492</i>
                <i>1 0 0 0 1 0 0 0 1 0.914213 1.19421 -5.19492</i>
                <i>1 0 0 0 1 0 0 0 1 0.914213 1.19421 -5.19492</i>
                <i>1 0 0 0 1 0 0 0 1 0.914213 1.19421 -5.19492</i>
                <i>1 0 0 0 1 0 0 0 1 0.914213 1.19421 -5.19492</i>
                <i>1 0 0 0 1 0 0 0 1 0.914213 1.19421 -5.19492</i>
                <i>1 0 0 0 1 0 0 0 1 0.914213 1.19421 -5.19492</i>
                <i>1 0 0 0 1 0 0 0 1 0.914213 1.19421 -5.19492</i>
                <i>1 0 0 0 1 0 0 0 1 0.914213 1.19421 -5.19492</i>
                <i>1 0 0 0 1 0 0 0 1 0.914213 1.19421 -5.19492</i>
                <i>1 0 0 0 1 0 0 0 1 0.914213 1.19421 -5.19492</i>
                <i>1 0 0 0 1 0 0 0 1 0.914213 1.19421 -5.19492</i>
                <i>1 0 0 0 1 0 0 0 1 0.914213 1.19421 -5.19492</i>
                <i>1 0 0 0 1 0 0 0 1 0.914213 1.19421 -5.19492</i>
                <i>1 0 0 0 1 0 0 0 1 0.914213 1.19421 -5.19492</i>
                <i>1 0 0 0 1 0 0 0 1 0.914213 1.19421 -5.19492</i>
                <i>1 0 0 0 1 0 0 0 1 0.914213 1.19421 -5.19492</i>
                <i>1 0 0 0 1 0 0 0 1 0.914213 1.19421 -5.19492</i>
                <i>1 0 0 0 1 0 0 0 1 0.914213 1.19421 -5.19492</i>
                <i>1 0 0 0 1 0 0 0 1 0.914213 1.19421 -5.19492</i>
                <i>1 0 0 0 1 0 0 0 1 0.914213 1.19421 -5.19492</i>
                <i>1 0 0 0 1 0 0 0 1 0.914213 1.19421 -5.19492</i>
            </KeyFrames>
        </RefFrame>
        <Bones count="23">
            <i>
                <p>
                    <Name><![CDATA[pelvis]]></Name>
                    <Exclude>0</Exclude>
                    <Additive>0</Additive>
                    <IKPriority>0</IKPriority>
                    <IKRotLimits>-1e+010 -1e+010 -1e+010 1e+010 1e+010 1e+010</IKRotLimits>
                    <IKRotLimitOrder>2</IKRotLimitOrder>
                    <KeyFrames count="130">
                        <i>1 0 0 0 1 0 0 0 1 0.985072 2.08474 -5.18044</i>
                        <i>1 0 0 0 1 0 0 0 1 0.985072 2.14099 -5.18044</i>
                        <i>1 0 0 0 1 0 0 0 1 0.985072 2.20149 -5.18044</i>
                        <i>1 0 0 0 1 0 0 0 1 0.985072 2.2535 -5.18044</i>
                        <i>1 0 0 0 1 0 0 0 1 0.985072 2.28425 -5.18044</i>
                        <i>1 0 0 0 1 0 0 0 1 0.985072 2.29666 -5.18044</i>
                        <i>1 0 0 0 1 0 0 0 1 0.985072 2.30397 -5.18044</i>
                        <i>1 0 0 0 1 0 0 0 1 0.985072 2.30705 -5.18044</i>
                        <i>1 0 0 0 1 0 0 0 1 0.985072 2.30678 -5.18044</i>
                        <i>1 0 0 0 1 0 0 0 1 0.985072 2.30405 -5.18044</i>
                        <i>1 0 0 0 1 0 0 0 1 0.985072 2.29973 -5.18044</i>
                        <i>1 0 0 0 1 0 0 0 1 0.985072 2.29471 -5.18044</i>
                        <i>1 0 0 0 1 0 0 0 1 0.985072 2.28987 -5.18044</i>
                        <i>1 0 0 0 1 0 0 0 1 0.985072 2.28609 -5.18044</i>
                        <i>1 0 0 0 1 0 0 0 1 0.985072 2.28425 -5.18044</i>
                        <i>1 0 0 0 1 0 0 0 1 0.985072 2.28319 -5.18044</i>
                        <i>1 0 0 0 1 0 0 0 1 0.985072 2.28124 -5.18044</i>
                        <i>1 0 0 0 1 0 0 0 1 0.985072 2.27854 -5.18044</i>
                        <i>1 0 0 0 1 0 0 0 1 0.985072 2.27525 -5.18044</i>
                        <i>1 0 0 0 1 0 0 0 1 0.985072 2.27152 -5.18044</i>
                        <i>1 0 0 0 1 0 0 0 1 0.985072 2.2675 -5.18044</i>
                        <i>1 0 0 0 1 0 0 0 1 0.985072 2.26334 -5.18044</i>
                        <i>1 0 0 0 1 0 0 0 1 0.985072 2.2592 -5.18044</i>
                        <i>1 0 0 0 1 0 0 0 1 0.985072 2.25523 -5.18044</i>
                        <i>1 0 0 0 1 0 0 0 1 0.985072 2.25159 -5.18044</i>
                        <i>1 0 0 0 1 0 0 0 1 0.985072 2.24842 -5.18044</i>
                        <i>1 0 0 0 1 0 0 0 1 0.985072 2.24588 -5.18044</i>
                        <i>1 0 0 0 1 0 0 0 1 0.985072 2.24413 -5.18044</i>
                        <i>1 0 0 0 1 0 0 0 1 0.985072 2.2433 -5.18044</i>
                        <i>1 0 0 0 1 0 0 0 1 0.985072 2.24357 -5.18044</i>
                        <i>1 0 0 0 1 0 0 0 1 0.985072 2.24506 -5.18044</i>
                        <i>1 0 0 0 1 0 0 0 1 0.985072 2.2476 -5.18044</i>
                        <i>1 0 0 0 1 0 0 0 1 0.985072 2.25102 -5.18044</i>
                        <i>1 0 0 0 1 0 0 0 1 0.985072 2.25513 -5.18044</i>
                        <i>1 0 0 0 1 0 0 0 1 0.985072 2.25976 -5.18044</i>
                        <i>1 0 0 0 1 0 0 0 1 0.985072 2.26472 -5.18044</i>
                        <i>1 0 0 0 1 0 0 0 1 0.985072 2.26983 -5.18044</i>
                        <i>1 0 0 0 1 0 0 0 1 0.985072 2.2749 -5.18044</i>
                        <i>1 0 0 0 1 0 0 0 1 0.985072 2.27977 -5.18044</i>
                        <i>1 0 0 0 1 0 0 0 1 0.985072 2.28425 -5.18044</i>
                        <i>1 0 0 0 1 0 0 0 1 0.985072 2.28674 -5.18044</i>
                        <i>1 0 0 0 1 0 0 0 1 0.985072 2.28675 -5.18044</i>
                        <i>1 0 0 0 1 0 0 0 1 0.985072 2.28551 -5.18044</i>
                        <i>1 0 0 0 1 0 0 0 1 0.985072 2.28426 -5.18044</i>
                        <i>1 0 0 0 1 0 0 0 1 0.985072 2.28425 -5.18044</i>
                        <i>1 0 0 0 1 0 0 0 1 0.985072 2.28546 -5.18044</i>
                        <i>1 0 0 0 1 0 0 0 1 0.985072 2.28686 -5.18044</i>
                        <i>1 0 0 0 1 0 0 0 1 0.985072 2.28828 -5.18044</i>
                        <i>1 0 0 0 1 0 0 0 1 0.985072 2.28955 -5.18044</i>
                        <i>1 0 0 0 1 0 0 0 1 0.985072 2.29049 -5.18044</i>
                        <i>1 0 0 0 1 0 0 0 1 0.985072 2.29093 -5.18044</i>
                        <i>1 0 0 0 1 0 0 0 1 0.985072 2.2907 -5.18044</i>
                        <i>1 0 0 0 1 0 0 0 1 0.985072 2.28962 -5.18044</i>
                        <i>1 0 0 0 1 0 0 0 1 0.985072 2.28753 -5.18044</i>
                        <i>1 0 0 0 1 0 0 0 1 0.985072 2.28425 -5.18044</i>
                        <i>1 0 0 0 1 0 0 0 1 0.985072 2.2802 -5.18044</i>
                        <i>1 0 0 0 1 0 0 0 1 0.985072 2.27607 -5.18044</i>
                        <i>1 0 0 0 1 0 0 0 1 0.985072 2.27193 -5.18044</i>
                        <i>1 0 0 0 1 0 0 0 1 0.985072 2.26789 -5.18044</i>
                        <i>1 0 0 0 1 0 0 0 1 0.985072 2.26403 -5.18044</i>
                        <i>1 0 0 0 1 0 0 0 1 0.985072 2.26403 -5.18044</i>
                        <i>1 0 0 0 1 0 0 0 1 0.985072 2.26499 -5.18044</i>
                        <i>1 0 0 0 1 0 0 0 1 0.985072 2.26678 -5.18044</i>
                        <i>1 0 0 0 1 0 0 0 1 0.985072 2.26924 -5.18044</i>
                        <i>1 0 0 0 1 0 0 0 1 0.985072 2.2722 -5.18044</i>
                        <i>1 0 0 0 1 0 0 0 1 0.985072 2.27553 -5.18044</i>
                        <i>1 0 0 0 1 0 0 0 1 0.985072 2.27907 -5.18044</i>
                        <i>1 0 0 0 1 0 0 0 1 0.985072 2.28265 -5.18044</i>
                        <i>1 0 0 0 1 0 0 0 1 0.985072 2.28614 -5.18044</i>
                        <i>1 0 0 0 1 0 0 0 1 0.985072 2.28937 -5.18044</i>
                        <i>1 0 0 0 1 0 0 0 1 0.985072 2.2922 -5.18044</i>
                        <i>1 0 0 0 1 0 0 0 1 0.985072 2.29446 -5.18044</i>
                        <i>1 0 0 0 1 0 0 0 1 0.985072 2.29601 -5.18044</i>
                        <i>1 0 0 0 1 0 0 0 1 0.985072 2.29668 -5.18044</i>
                        <i>1 0 0 0 1 0 0 0 1 0.985072 2.29634 -5.18044</i>
                        <i>1 0 0 0 1 0 0 0 1 0.985072 2.29502 -5.18044</i>
                        <i>1 0 0 0 1 0 0 0 1 0.985072 2.29302 -5.18044</i>
                        <i>1 0 0 0 1 0 0 0 1 0.985072 2.29047 -5.18044</i>
                        <i>1 0 0 0 1 0 0 0 1 0.985072 2.2875 -5.18044</i>
                        <i>1 0 0 0 1 0 0 0 1 0.985072 2.28425 -5.18044</i>
                        <i>1 0 0 0 1 0 0 0 1 0.985072 2.28071 -5.18044</i>
                        <i>1 0 0 0 1 0 0 0 1 0.985072 2.27689 -5.18044</i>
                        <i>1 0 0 0 1 0 0 0 1 0.985072 2.27285 -5.18044</i>
                        <i>1 0 0 0 1 0 0 0 1 0.985072 2.2687 -5.18044</i>
                        <i>1 0 0 0 1 0 0 0 1 0.985072 2.2645 -5.18044</i>
                        <i>1 0 0 0 1 0 0 0 1 0.985072 2.26036 -5.18044</i>
                        <i>1 0 0 0 1 0 0 0 1 0.985072 2.25635 -5.18044</i>
                        <i>1 0 0 0 1 0 0 0 1 0.985072 2.25256 -5.18044</i>
                        <i>1 0 0 0 1 0 0 0 1 0.985072 2.24907 -5.18044</i>
                        <i>1 0 0 0 1 0 0 0 1 0.985072 2.24598 -5.18044</i>
                        <i>1 0 0 0 1 0 0 0 1 0.985072 2.24693 -5.18044</i>
                        <i>1 0 0 0 1 0 0 0 1 0.985072 2.24902 -5.18044</i>
                        <i>1 0 0 0 1 0 0 0 1 0.985072 2.25207 -5.18044</i>
                        <i>1 0 0 0 1 0 0 0 1 0.985072 2.25588 -5.18044</i>
                        <i>1 0 0 0 1 0 0 0 1 0.985072 2.26027 -5.18044</i>
                        <i>1 0 0 0 1 0 0 0 1 0.985072 2.26505 -5.18044</i>
                        <i>1 0 0 0 1 0 0 0 1 0.985072 2.27003 -5.18044</i>
                        <i>1 0 0 0 1 0 0 0 1 0.985072 2.27501 -5.18044</i>
                        <i>1 0 0 0 1 0 0 0 1 0.985072 2.27981 -5.18044</i>
                        <i>1 0 0 0 1 0 0 0 1 0.985072 2.28425 -5.18044</i>
                        <i>1 0 0 0 1 0 0 0 1 0.985072 2.28907 -5.18044</i>
                        <i>1 0 0 0 1 0 0 0 1 0.985072 2.29467 -5.18044</i>
                        <i>1 0 0 0 1 0 0 0 1 0.985072 2.3003 -5.18044</i>
                        <i>1 0 0 0 1 0 0 0 1 0.985072 2.30524 -5.18044</i>
                        <i>1 0 0 0 1 0 0 0 1 0.985072 2.30873 -5.18044</i>
                        <i>1 0 0 0 1 0 0 0 1 0.985072 2.31086 -5.18044</i>
                        <i>1 0 0 0 1 0 0 0 1 0.985072 2.31146 -5.18044</i>
                        <i>1 0 0 0 1 0 0 0 1 0.985072 2.30922 -5.18044</i>
                        <i>1 0 0 0 1 0 0 0 1 0.985072 2.30285 -5.18044</i>
                        <i>1 0 0 0 1 0 0 0 1 0.985072 2.29106 -5.18044</i>
                        <i>1 0 0 0 1 0 0 0 1 0.985072 2.27318 -5.18044</i>
                        <i>1 0 0 0 1 0 0 0 1 0.985072 2.25049 -5.18044</i>
                        <i>1 0 0 0 1 0 0 0 1 0.985072 2.22454 -5.18044</i>
                        <i>1 0 0 0 1 0 0 0 1 0.985072 2.19693 -5.18044</i>
                        <i>1 0 0 0 1 0 0 0 1 0.985072 2.16923 -5.18044</i>
                        <i>1 0 0 0 1 0 0 0 1 0.985072 2.14303 -5.18044</i>
                        <i>1 0 0 0 1 0 0 0 1 0.985072 2.1199 -5.18044</i>
                        <i>1 0 0 0 1 0 0 0 1 0.985072 2.10142 -5.18044</i>
                        <i>1 0 0 0 1 0 0 0 1 0.985072 2.08918 -5.18044</i>
                        <i>1 0 0 0 1 0 0 0 1 0.985072 2.08474 -5.18044</i>
                        <i>1 0 0 0 1 0 0 0 1 0.985072 2.08471 -5.18044</i>
                        <i>1 0 0 0 1 0 0 0 1 0.985072 2.08471 -5.18044</i>
                        <i>1 0 0 0 1 0 0 0 1 0.985072 2.08472 -5.18044</i>
                        <i>1 0 0 0 1 0 0 0 1 0.985072 2.08472 -5.18044</i>
                        <i>1 0 0 0 1 0 0 0 1 0.985072 2.08473 -5.18044</i>
                        <i>1 0 0 0 1 0 0 0 1 0.985072 2.08473 -5.18044</i>
                        <i>1 0 0 0 1 0 0 0 1 0.985072 2.08474 -5.18044</i>
                        <i>1 0 0 0 1 0 0 0 1 0.985072 2.08474 -5.18044</i>
                        <i>1 0 0 0 1 0 0 0 1 0.985072 2.08474 -5.18044</i>
                        <i>1 0 0 0 1 0 0 0 1 0.985072 2.08474 -5.18044</i>
                    </KeyFrames>
                </p>
            </i>
            <i>
                <p>
                    <Name><![CDATA[spine0]]></Name>
                    <Exclude>0</Exclude>
                    <Additive>0</Additive>
                    <IKPriority>0</IKPriority>
                    <IKRotLimits>-1e+010 -1e+010 -1e+010 1e+010 1e+010 1e+010</IKRotLimits>
                    <IKRotLimitOrder>0</IKRotLimitOrder>
                    <KeyFrames count="130">
                        <i>-0.0231431 0.994289 0.104182 -0.999711 -0.0223334 -0.00893123 -0.00655347 -0.104359 0.994518 0.964375 2.21176 -5.24475</i>
                        <i>-0.0181421 0.994311 0.104956 -0.998699 -0.0130174 -0.0493078 -0.047661 -0.105714 0.993254 0.970327 2.26945 -5.24351</i>
                        <i>-0.0239354 0.994523 0.101739 -0.994947 -0.013772 -0.0994499 -0.0975041 -0.103605 0.989828 0.976996 2.33135 -5.24182</i>
                        <i>-0.0348007 0.994432 0.0994635 -0.989505 -0.0203191 -0.143063 -0.140245 -0.103398 0.984703 0.982349 2.38447 -5.2399</i>
                        <i>-0.0438299 0.993563 0.104457 -0.986517 -0.0265405 -0.161494 -0.157682 -0.110127 0.98133 0.984448 2.41583 -5.23858</i>
                        <i>-0.0485546 0.992283 0.114096 -0.986502 -0.0297564 -0.161026 -0.156388 -0.120375 0.980333 0.984317 2.42855 -5.23791</i>
                        <i>-0.0513886 0.991419 0.120198 -0.9865 -0.0316542 -0.160671 -0.155487 -0.126832 0.979662 0.984185 2.43615 -5.23722</i>
                        <i>-0.0525611 0.991006 0.123067 -0.986516 -0.0324008 -0.160425 -0.154995 -0.129839 0.979346 0.984066 2.43949 -5.2366</i>
                        <i>-0.0529817 0.990825 0.124331 -0.986534 -0.0326421 -0.160263 -0.154734 -0.131148 0.979213 0.983976 2.43942 -5.23613</i>
                        <i>-0.0530544 0.99079 0.124581 -0.986546 -0.0326855 -0.160186 -0.154639 -0.131403 0.979194 0.983931 2.43679 -5.2359</i>
                        <i>-0.0526533 0.99093 0.123634 -0.986551 -0.0324329 -0.160203 -0.15474 -0.130406 0.979311 0.983933 2.43247 -5.23591</i>
                        <i>-0.0516542 0.991269 0.121319 -0.986553 -0.0317867 -0.160324 -0.155068 -0.127969 0.97958 0.983984 2.42734 -5.23617</i>
                        <i>-0.0499327 0.991821 0.117466 -0.986549 -0.0306511 -0.160563 -0.15565 -0.123903 0.980011 0.984085 2.42227 -5.2367</i>
                        <i>-0.0473652 0.99259 0.111902 -0.98654 -0.0289322 -0.160943 -0.156513 -0.118019 0.980599 0.984239 2.41815 -5.2375</i>
                        <i>-0.0438299 0.993563 0.104457 -0.986517 -0.0265405 -0.161494 -0.157682 -0.110127 0.98133 0.984448 2.41583 -5.23858</i>
                        <i>-0.0396194 0.99462 0.0957154 -0.986475 -0.0236871 -0.162188 -0.159049 -0.100847 0.982107 0.984689 2.41422 -5.23983</i>
                        <i>-0.0351825 0.995625 0.0865634 -0.986417 -0.0206892 -0.162955 -0.160451 -0.0911207 0.982829 0.984933 2.4117 -5.24108</i>
                        <i>-0.0308724 0.996505 0.0776154 -0.986341 -0.0178032 -0.163752 -0.161798 -0.0816106 0.983443 0.98517 2.40843 -5.24229</i>
                        <i>-0.0270589 0.997214 0.0695167 -0.986255 -0.0152925 -0.164523 -0.163002 -0.073013 0.983921 0.985391 2.4046 -5.24341</i>
                        <i>-0.0238324 0.99776 0.0625015 -0.986167 -0.0132055 -0.165225 -0.16403 -0.0655746 0.984273 0.985586 2.40038 -5.2444</i>
                        <i>-0.0212625 0.998162 0.0567496 -0.986089 -0.0115781 -0.165814 -0.164852 -0.0594858 0.984523 0.985745 2.39595 -5.2452</i>
                        <i>-0.0194139 0.998436 0.0524264 -0.986029 -0.0104434 -0.166245 -0.165438 -0.0549214 0.98469 0.98586 2.3915 -5.24578</i>
                        <i>-0.0183601 0.998594 0.0497365 -0.985998 -0.00983753 -0.166464 -0.165741 -0.0520964 0.984792 0.985915 2.38722 -5.24606</i>
                        <i>-0.0181574 0.998644 0.0487885 -0.986001 -0.00979546 -0.166454 -0.16575 -0.0511279 0.984841 0.985909 2.38327 -5.24603</i>
                        <i>-0.018855 0.998589 0.0496448 -0.986033 -0.0103541 -0.166225 -0.165477 -0.0520856 0.984837 0.985848 2.37979 -5.24572</i>
                        <i>-0.0205037 0.998417 0.0523679 -0.986093 -0.0115545 -0.165794 -0.164927 -0.055039 0.984769 0.985737 2.3769 -5.24516</i>
                        <i>-0.0231561 0.998105 0.0570192 -0.986171 -0.0134426 -0.165185 -0.164106 -0.0600557 0.984613 0.985581 2.37476 -5.24437</i>
                        <i>-0.026866 0.99761 0.0636571 -0.986258 -0.0160683 -0.164428 -0.163012 -0.0671998 0.984333 0.985387 2.37348 -5.24339</i>
                        <i>-0.0316879 0.996877 0.0723343 -0.986341 -0.0194852 -0.163557 -0.161637 -0.0765291 0.983878 0.985159 2.37322 -5.24223</i>
                        <i>-0.0376751 0.995829 0.0830953 -0.986404 -0.0237495 -0.162613 -0.159961 -0.088092 0.983185 0.984903 2.3741 -5.24092</i>
                        <i>-0.0462391 0.994107 0.0980493 -0.986398 -0.0299391 -0.161627 -0.157739 -0.104189 0.981969 0.984666 2.37614 -5.23971</i>
                        <i>-0.0525865 0.992556 0.109847 -0.986358 -0.0344435 -0.160969 -0.155988 -0.116813 0.980827 0.984487 2.3791 -5.23878</i>
                        <i>-0.056848 0.991318 0.11856 -0.986319 -0.0373586 -0.16056 -0.154736 -0.126065 0.97988 0.98436 2.3828 -5.23813</i>
                        <i>-0.0591623 0.990487 0.124238 -0.986299 -0.0388002 -0.160342 -0.153996 -0.132022 0.979212 0.984279 2.3871 -5.23771</i>
                        <i>-0.0596674 0.990118 0.12691 -0.986305 -0.0388938 -0.160278 -0.153758 -0.134735 0.978879 0.984239 2.39182 -5.2375</i>
                        <i>-0.0585009 0.990229 0.126586 -0.986338 -0.0377735 -0.160344 -0.153996 -0.134237 0.978911 0.984232 2.39679 -5.23746</i>
                        <i>-0.0558036 0.990802 0.123276 -0.98639 -0.0355827 -0.160524 -0.154661 -0.130556 0.979303 0.984254 2.40185 -5.23758</i>
                        <i>-0.0519956 0.991689 0.117681 -0.986448 -0.0326398 -0.160795 -0.155617 -0.124447 0.979947 0.984298 2.40683 -5.23781</i>
                        <i>-0.0478831 0.99264 0.111237 -0.986494 -0.0295317 -0.161115 -0.156644 -0.11745 0.980647 0.984358 2.41156 -5.23812</i>
                        <i>-0.0438299 0.993563 0.104457 -0.986517 -0.0265405 -0.161494 -0.157682 -0.110127 0.98133 0.984448 2.41583 -5.23858</i>
                        <i>-0.0417381 0.993999 0.10111 -0.986529 -0.0249792 -0.16167 -0.158175 -0.106496 0.981651 0.984479 2.41826 -5.23874</i>
                        <i>-0.0422936 0.99382 0.102626 -0.986545 -0.025305 -0.161518 -0.157923 -0.108077 0.981519 0.984413 2.41842 -5.2384</i>
                        <i>-0.0438946 0.993416 0.105816 -0.986555 -0.026412 -0.161283 -0.157426 -0.111473 0.981219 0.984331 2.41736 -5.23798</i>
                        <i>-0.0449413 0.99319 0.107489 -0.986547 -0.0271947 -0.161199 -0.157178 -0.113288 0.981051 0.984316 2.41615 -5.2379</i>
                        <i>-0.0438299 0.993563 0.104457 -0.986517 -0.0265405 -0.161494 -0.157682 -0.110127 0.98133 0.984448 2.41583 -5.23858</i>
                        <i>-0.0412571 0.994272 0.0985934 -0.986474 -0.0248672 -0.162022 -0.158642 -0.103944 0.981849 0.984654 2.41657 -5.23965</i>
                        <i>-0.0390303 0.994812 0.0939456 -0.986441 -0.023361 -0.162448 -0.15941 -0.0990122 0.982235 0.984804 2.41762 -5.24042</i>
                        <i>-0.0373604 0.995174 0.0907386 -0.986418 -0.0221922 -0.162751 -0.159952 -0.0955866 0.982486 0.984902 2.41881 -5.24092</i>
                        <i>-0.0364736 0.995344 0.089222 -0.986405 -0.0215427 -0.162912 -0.160232 -0.093951 0.982598 0.98495 2.41997 -5.24117</i>
                        <i>-0.0363184 0.995348 0.0892389 -0.986405 -0.0213839 -0.162935 -0.160269 -0.0939433 0.982593 0.984954 2.4209 -5.24119</i>
                        <i>-0.0368191 0.995209 0.0905702 -0.986416 -0.0216752 -0.16283 -0.160087 -0.0953351 0.982488 0.984917 2.42143 -5.24099</i>
                        <i>-0.0378981 0.994946 0.09299 -0.986436 -0.0223757 -0.162613 -0.15971 -0.0978914 0.982298 0.984843 2.42137 -5.24061</i>
                        <i>-0.0394843 0.994568 0.0963053 -0.986464 -0.0234477 -0.162292 -0.159152 -0.10141 0.982032 0.984731 2.42056 -5.24004</i>
                        <i>-0.0414926 0.994098 0.100237 -0.986494 -0.0248501 -0.161903 -0.158457 -0.105601 0.981703 0.984593 2.41879 -5.23933</i>
                        <i>-0.0438299 0.993563 0.104457 -0.986517 -0.0265405 -0.161494 -0.157682 -0.110127 0.98133 0.984448 2.41583 -5.23858</i>
                        <i>-0.0468392 0.992858 0.109718 -0.986531 -0.0287458 -0.161029 -0.156725 -0.115783 0.980832 0.98428 2.41217 -5.23771</i>
                        <i>-0.0509092 0.991832 0.116951 -0.986531 -0.0317157 -0.160469 -0.155449 -0.123545 0.980088 0.984067 2.40851 -5.23661</i>
                        <i>-0.0560707 0.990423 0.126167 -0.986502 -0.0354851 -0.159857 -0.153849 -0.133427 0.979044 0.983816 2.40491 -5.2353</i>
                        <i>-0.0623512 0.988556 0.137369 -0.986426 -0.0400892 -0.159239 -0.15191 -0.145433 0.977636 0.983532 2.40147 -5.23381</i>
                        <i>-0.0697722 0.986138 0.150544 -0.986281 -0.0455603 -0.158666 -0.149608 -0.159549 0.975788 0.983222 2.39826 -5.23217</i>
                        <i>-0.0797084 0.982615 0.167674 -0.985983 -0.0529852 -0.158206 -0.146572 -0.177935 0.973065 0.982932 2.39883 -5.23064</i>
                        <i>-0.087336 0.979502 0.181518 -0.985704 -0.0586166 -0.157959 -0.144081 -0.192718 0.970618 0.982704 2.40024 -5.22942</i>
                        <i>-0.0927993 0.976966 0.19216 -0.985481 -0.062563 -0.157837 -0.14218 -0.204017 0.968588 0.982531 2.40236 -5.2285</i>
                        <i>-0.0962346 0.975131 0.199647 -0.985336 -0.0649377 -0.157782 -0.140893 -0.211903 0.967081 0.982407 2.40504 -5.22784</i>
                        <i>-0.0977629 0.974081 0.203982 -0.98528 -0.0658512 -0.157756 -0.140235 -0.216402 0.96618 0.982329 2.40815 -5.22741</i>
                        <i>-0.0974958 0.973864 0.205143 -0.985312 -0.065414 -0.157741 -0.140199 -0.217509 0.965937 0.98229 2.41155 -5.22721</i>
                        <i>-0.0955424 0.974487 0.203094 -0.985423 -0.063742 -0.15773 -0.14076 -0.215204 0.966372 0.982286 2.41509 -5.22718</i>
                        <i>-0.0922892 0.975752 0.198471 -0.985588 -0.0611374 -0.157727 -0.141768 -0.210167 0.967332 0.98231 2.41864 -5.22731</i>
                        <i>-0.0885096 0.977273 0.192622 -0.985765 -0.0581874 -0.157742 -0.142949 -0.203842 0.968511 0.982359 2.42203 -5.22758</i>
                        <i>-0.0845571 0.978903 0.186009 -0.985929 -0.05518 -0.157796 -0.144203 -0.196734 0.969794 0.982446 2.4251 -5.22804</i>
                        <i>-0.0804422 0.980622 0.178631 -0.986077 -0.0521245 -0.15791 -0.145539 -0.188847 0.971162 0.982579 2.42768 -5.22875</i>
                        <i>-0.0761955 0.982385 0.170629 -0.986206 -0.0490327 -0.158094 -0.146943 -0.180321 0.97257 0.98275 2.42961 -5.22967</i>
                        <i>-0.0718464 0.984149 0.162138 -0.986315 -0.0459161 -0.158352 -0.148397 -0.171296 0.973979 0.982952 2.43077 -5.23074</i>
                        <i>-0.0674239 0.985878 0.153293 -0.986402 -0.0427862 -0.158684 -0.149884 -0.161908 0.975357 0.983173 2.43101 -5.23192</i>
                        <i>-0.062957 0.98754 0.144229 -0.986468 -0.0396545 -0.159085 -0.151384 -0.152293 0.976673 0.983407 2.43019 -5.23315</i>
                        <i>-0.0584748 0.989108 0.135078 -0.986514 -0.0365327 -0.159547 -0.152875 -0.142586 0.977905 0.983644 2.42837 -5.2344</i>
                        <i>-0.0540068 0.990562 0.125975 -0.986542 -0.0334324 -0.160056 -0.154334 -0.132923 0.979036 0.983876 2.42588 -5.23561</i>
                        <i>-0.0498912 0.991819 0.117501 -0.986549 -0.0306022 -0.160579 -0.155669 -0.123932 0.980004 0.984093 2.42286 -5.23674</i>
                        <i>-0.0464757 0.992815 0.110263 -0.986537 -0.0282933 -0.16107 -0.156793 -0.116264 0.980764 0.984286 2.41946 -5.23774</i>
                        <i>-0.0438299 0.993563 0.104457 -0.986517 -0.0265405 -0.161494 -0.157682 -0.110127 0.98133 0.984448 2.41583 -5.23858</i>
                        <i>-0.0418135 0.994126 0.0998254 -0.986494 -0.0252414 -0.161839 -0.158368 -0.105244 0.981755 0.984576 2.41201 -5.23924</i>
                        <i>-0.0402706 0.994559 0.096075 -0.986475 -0.0242842 -0.162101 -0.158886 -0.101303 0.982086 0.98467 2.40796 -5.23973</i>
                        <i>-0.0392901 0.994849 0.0934468 -0.986466 -0.0237198 -0.162239 -0.159187 -0.0985565 0.982317 0.984716 2.40382 -5.23996</i>
                        <i>-0.0389451 0.994989 0.0920892 -0.986469 -0.0235958 -0.162241 -0.159255 -0.0971616 0.982445 0.984711 2.39968 -5.23994</i>
                        <i>-0.0392996 0.994974 0.0920974 -0.986482 -0.0239587 -0.162111 -0.15909 -0.0972233 0.982465 0.984662 2.3956 -5.23968</i>
                        <i>-0.0404181 0.994792 0.0935658 -0.9865 -0.0248572 -0.161862 -0.158693 -0.0988448 0.982368 0.984572 2.39166 -5.23922</i>
                        <i>-0.0423653 0.994423 0.0965862 -0.98652 -0.0263416 -0.161508 -0.158063 -0.102127 0.982133 0.984448 2.38794 -5.23858</i>
                        <i>-0.0452058 0.993834 0.101245 -0.986532 -0.0284647 -0.161072 -0.157197 -0.107163 0.981736 0.984293 2.38449 -5.23778</i>
                        <i>-0.0490033 0.992983 0.107624 -0.986528 -0.0312808 -0.160576 -0.156083 -0.114043 0.981138 0.984115 2.38141 -5.23686</i>
                        <i>-0.0538194 0.991814 0.115793 -0.986494 -0.0348453 -0.160048 -0.154703 -0.122843 0.980294 0.983918 2.37875 -5.23583</i>
                        <i>-0.0610692 0.989913 0.127841 -0.986373 -0.0402494 -0.159523 -0.152769 -0.135841 0.978882 0.983747 2.38006 -5.23494</i>
                        <i>-0.065979 0.988433 0.136555 -0.986269 -0.0438375 -0.159223 -0.151395 -0.145185 0.977753 0.983643 2.38238 -5.23439</i>
                        <i>-0.0687151 0.98747 0.142061 -0.986204 -0.0457403 -0.159087 -0.150596 -0.151033 0.97699 0.983598 2.38552 -5.23415</i>
                        <i>-0.0694366 0.987073 0.144446 -0.986189 -0.0460949 -0.159081 -0.150366 -0.153497 0.976642 0.983606 2.38932 -5.2342</i>
                        <i>-0.0682935 0.987253 0.143761 -0.98622 -0.0450409 -0.159191 -0.150687 -0.152652 0.976725 0.983662 2.39359 -5.23449</i>
                        <i>-0.0654338 0.987981 0.140042 -0.986286 -0.0427248 -0.159418 -0.151518 -0.148553 0.977228 0.983759 2.39816 -5.235</i>
                        <i>-0.0610103 0.989193 0.133322 -0.986372 -0.0393032 -0.159767 -0.1528 -0.141252 0.97811 0.98389 2.40285 -5.23568</i>
                        <i>-0.055459 0.99069 0.124326 -0.986454 -0.0351128 -0.160238 -0.154381 -0.131529 0.979217 0.984049 2.40749 -5.23652</i>
                        <i>-0.0496438 0.992173 0.114579 -0.986506 -0.0307898 -0.160807 -0.15602 -0.121016 0.980313 0.984231 2.41189 -5.23746</i>
                        <i>-0.0438299 0.993563 0.104457 -0.986517 -0.0265405 -0.161494 -0.157682 -0.110127 0.98133 0.984448 2.41583 -5.23858</i>
                        <i>-0.0378603 0.994821 0.0943291 -0.986685 -0.0222739 -0.161114 -0.158178 -0.0991729 0.982418 0.984547 2.42006 -5.23991</i>
                        <i>-0.0319065 0.995891 0.0847508 -0.987174 -0.0181288 -0.158617 -0.156429 -0.0887246 0.983696 0.984376 2.42499 -5.24137</i>
                        <i>-0.0262106 0.996792 0.0756218 -0.987924 -0.0142731 -0.154278 -0.152703 -0.0787523 0.985129 0.983949 2.42989 -5.24291</i>
                        <i>-0.0209818 0.997541 0.0668755 -0.988874 -0.0108533 -0.14836 -0.14727 -0.0692443 0.98667 0.983287 2.43404 -5.24449</i>
                        <i>-0.016397 0.998154 0.0584808 -0.989961 -0.00799477 -0.141112 -0.140384 -0.0602076 0.988265 0.982411 2.43673 -5.24606</i>
                        <i>-0.0126001 0.998648 0.0504404 -0.991131 -0.00579958 -0.132764 -0.132292 -0.0516658 0.989863 0.981343 2.43805 -5.24757</i>
                        <i>-0.00969999 0.999037 0.0427872 -0.992332 -0.00434443 -0.123527 -0.123222 -0.0436573 0.991418 0.980111 2.43785 -5.24897</i>
                        <i>-0.00823519 0.999286 0.0368839 -0.993525 -0.00399676 -0.113544 -0.113316 -0.0375801 0.992848 0.978743 2.43486 -5.25023</i>
                        <i>-0.00836995 0.999389 0.0339439 -0.994672 -0.00483281 -0.102978 -0.102751 -0.034625 0.994104 0.977272 2.42781 -5.25129</i>
                        <i>-0.00968355 0.999374 0.0340302 -0.995733 -0.00651391 -0.0920478 -0.0917685 -0.0347764 0.995173 0.97573 2.41544 -5.25212</i>
                        <i>-0.0117375 0.999245 0.0370259 -0.996678 -0.00870704 -0.0809703 -0.0805868 -0.0378533 0.996029 0.974152 2.39711 -5.25268</i>
                        <i>-0.0141041 0.998997 0.0424944 -0.997488 -0.011107 -0.069956 -0.0694139 -0.0433744 0.996645 0.972574 2.37412 -5.25294</i>
                        <i>-0.0164792 0.998605 0.0501646 -0.998167 -0.0135087 -0.058988 -0.0582281 -0.0510447 0.996997 0.971008 2.34817 -5.25266</i>
                        <i>-0.0186253 0.998054 0.0595115 -0.998714 -0.0157642 -0.0481882 -0.0471563 -0.0603325 0.997064 0.969492 2.32089 -5.25177</i>
                        <i>-0.0203674 0.99736 0.0697059 -0.999122 -0.017752 -0.0379371 -0.0365995 -0.0704174 0.996846 0.968087 2.29374 -5.25048</i>
                        <i>-0.0216354 0.996567 0.0799134 -0.999402 -0.0194016 -0.0286245 -0.0269758 -0.0804849 0.996391 0.966848 2.2682 -5.24897</i>
                        <i>-0.0224493 0.995752 0.0892973 -0.999573 -0.0206836 -0.0206507 -0.018716 -0.0897227 0.995791 0.965819 2.24575 -5.24743</i>
                        <i>-0.0228955 0.995019 0.0970219 -0.999663 -0.0215956 -0.0144274 -0.0122603 -0.0973195 0.995178 0.965041 2.22786 -5.24608</i>
                        <i>-0.0230917 0.99449 0.102257 -0.999701 -0.0221457 -0.0103774 -0.00805565 -0.102466 0.994704 0.964548 2.21603 -5.24511</i>
                        <i>-0.0231431 0.994289 0.104182 -0.999711 -0.0223334 -0.00893123 -0.00655347 -0.104359 0.994518 0.964375 2.21176 -5.24475</i>
                        <i>-0.0231382 0.994279 0.10428 -0.999711 -0.0223285 -0.00892601 -0.00654653 -0.104456 0.994508 0.964375 2.21172 -5.24474</i>
                        <i>-0.0231386 0.99428 0.104272 -0.999711 -0.0223289 -0.00892641 -0.00654707 -0.104448 0.994509 0.964375 2.21173 -5.24474</i>
                        <i>-0.0231392 0.994281 0.104261 -0.999711 -0.0223295 -0.00892702 -0.00654787 -0.104437 0.99451 0.964375 2.21173 -5.24474</i>
                        <i>-0.0231398 0.994282 0.104247 -0.999711 -0.0223301 -0.00892775 -0.00654885 -0.104424 0.994511 0.964375 2.21174 -5.24474</i>
                        <i>-0.0231406 0.994284 0.104232 -0.999711 -0.0223309 -0.00892854 -0.0065499 -0.104409 0.994513 0.964375 2.21174 -5.24474</i>
                        <i>-0.0231413 0.994285 0.104217 -0.999711 -0.0223316 -0.00892933 -0.00655096 -0.104394 0.994514 0.964375 2.21174 -5.24475</i>
                        <i>-0.023142 0.994287 0.104204 -0.999711 -0.0223323 -0.00893006 -0.00655193 -0.10438 0.994516 0.964375 2.21175 -5.24475</i>
                        <i>-0.0231425 0.994288 0.104193 -0.999711 -0.0223329 -0.00893067 -0.00655273 -0.104369 0.994517 0.964375 2.21175 -5.24475</i>
                        <i>-0.0231429 0.994289 0.104185 -0.999711 -0.0223333 -0.00893107 -0.00655327 -0.104361 0.994518 0.964375 2.21176 -5.24475</i>
                        <i>-0.0231431 0.994289 0.104182 -0.999711 -0.0223334 -0.00893123 -0.00655347 -0.104359 0.994518 0.964375 2.21176 -5.24475</i>
                    </KeyFrames>
                </p>
            </i>
            <i>
                <p>
                    <Name><![CDATA[spine1]]></Name>
                    <Exclude>0</Exclude>
                    <Additive>0</Additive>
                    <IKPriority>0</IKPriority>
                    <IKRotLimits>-1e+010 -1e+010 -1e+010 1e+010 1e+010 1e+010</IKRotLimits>
                    <IKRotLimitOrder>0</IKRotLimitOrder>
                    <KeyFrames count="130">
                        <i>0.111234 0.895077 0.431815 -0.993516 0.110439 0.027007 -0.0235157 -0.432019 0.901558 0.960078 2.39642 -5.22549</i>
                        <i>0.0754601 0.912728 0.401538 -0.988086 0.122611 -0.0930151 -0.13413 -0.389736 0.911107 0.967022 2.4508 -5.22444</i>
