<?xml version="1.0" encoding="ISO-8859-1" ?>
<Animl Version="1">
    <ModellingPackage><![CDATA[Maya.2010]]></ModellingPackage>
    <SrcFile><![CDATA[anims\turrets\antiair\red\~src\aa_zu232\aa_zu232_crew_reload_crewmanb.mb]]></SrcFile>
    <FramesPerSecond>30</FramesPerSecond>
    <TotalFrames>160</TotalFrames>
    <Skeleton>
        <RefFrame>
            <Name><![CDATA[soldier_ref_frame]]></Name>
            <Exclude>0</Exclude>
            <Additive>0</Additive>
            <IKPriority>0</IKPriority>
            <IKRotLimits>-1e+010 -1e+010 -1e+010 1e+010 1e+010 1e+010</IKRotLimits>
            <IKRotLimitOrder>0</IKRotLimitOrder>
            <KeyFrames count="160">
                <i>1 0 0 0 1 0 0 0 1 -0.64 2.65 -2.63</i>
                <i>1 0 0 0 1 0 0 0 1 -0.64 2.65 -2.63</i>
                <i>1 0 0 0 1 0 0 0 1 -0.64 2.65 -2.63</i>
                <i>1 0 0 0 1 0 0 0 1 -0.64 2.65 -2.63</i>
                <i>1 0 0 0 1 0 0 0 1 -0.64 2.65 -2.63</i>
                <i>1 0 0 0 1 0 0 0 1 -0.64 2.65 -2.63</i>
                <i>1 0 0 0 1 0 0 0 1 -0.64 2.65 -2.63</i>
                <i>1 0 0 0 1 0 0 0 1 -0.64 2.65 -2.63</i>
                <i>1 0 0 0 1 0 0 0 1 -0.64 2.65 -2.63</i>
                <i>1 0 0 0 1 0 0 0 1 -0.64 2.65 -2.63</i>
                <i>1 0 0 0 1 0 0 0 1 -0.64 2.65 -2.63</i>
                <i>1 0 0 0 1 0 0 0 1 -0.64 2.65 -2.63</i>
                <i>1 0 0 0 1 0 0 0 1 -0.64 2.65 -2.63</i>
                <i>1 0 0 0 1 0 0 0 1 -0.64 2.65 -2.63</i>
                <i>1 0 0 0 1 0 0 0 1 -0.64 2.65 -2.63</i>
                <i>1 0 0 0 1 0 0 0 1 -0.64 2.65 -2.63</i>
                <i>1 0 0 0 1 0 0 0 1 -0.64 2.65 -2.63</i>
                <i>1 0 0 0 1 0 0 0 1 -0.64 2.65 -2.63</i>
                <i>1 0 0 0 1 0 0 0 1 -0.64 2.65 -2.63</i>
                <i>1 0 0 0 1 0 0 0 1 -0.64 2.65 -2.63</i>
                <i>1 0 0 0 1 0 0 0 1 -0.64 2.65 -2.63</i>
                <i>1 0 0 0 1 0 0 0 1 -0.64 2.65 -2.63</i>
                <i>1 0 0 0 1 0 0 0 1 -0.64 2.65 -2.63</i>
                <i>1 0 0 0 1 0 0 0 1 -0.64 2.65 -2.63</i>
                <i>1 0 0 0 1 0 0 0 1 -0.64 2.65 -2.63</i>
                <i>1 0 0 0 1 0 0 0 1 -0.64 2.65 -2.63</i>
                <i>1 0 0 0 1 0 0 0 1 -0.64 2.65 -2.63</i>
                <i>1 0 0 0 1 0 0 0 1 -0.64 2.65 -2.63</i>
                <i>1 0 0 0 1 0 0 0 1 -0.64 2.65 -2.63</i>
                <i>1 0 0 0 1 0 0 0 1 -0.64 2.65 -2.63</i>
                <i>1 0 0 0 1 0 0 0 1 -0.64 2.65 -2.63</i>
                <i>1 0 0 0 1 0 0 0 1 -0.64 2.65 -2.63</i>
                <i>1 0 0 0 1 0 0 0 1 -0.64 2.65 -2.63</i>
                <i>1 0 0 0 1 0 0 0 1 -0.64 2.65 -2.63</i>
                <i>1 0 0 0 1 0 0 0 1 -0.64 2.65 -2.63</i>
                <i>1 0 0 0 1 0 0 0 1 -0.64 2.65 -2.63</i>
                <i>1 0 0 0 1 0 0 0 1 -0.64 2.65 -2.63</i>
                <i>1 0 0 0 1 0 0 0 1 -0.64 2.65 -2.63</i>
                <i>1 0 0 0 1 0 0 0 1 -0.64 2.65 -2.63</i>
                <i>1 0 0 0 1 0 0 0 1 -0.64 2.65 -2.63</i>
                <i>1 0 0 0 1 0 0 0 1 -0.64 2.65 -2.63</i>
                <i>1 0 0 0 1 0 0 0 1 -0.64 2.65 -2.63</i>
                <i>1 0 0 0 1 0 0 0 1 -0.64 2.65 -2.63</i>
                <i>1 0 0 0 1 0 0 0 1 -0.64 2.65 -2.63</i>
                <i>1 0 0 0 1 0 0 0 1 -0.64 2.65 -2.63</i>
                <i>1 0 0 0 1 0 0 0 1 -0.64 2.65 -2.63</i>
                <i>1 0 0 0 1 0 0 0 1 -0.64 2.65 -2.63</i>
                <i>1 0 0 0 1 0 0 0 1 -0.64 2.65 -2.63</i>
                <i>1 0 0 0 1 0 0 0 1 -0.64 2.65 -2.63</i>
                <i>1 0 0 0 1 0 0 0 1 -0.64 2.65 -2.63</i>
                <i>1 0 0 0 1 0 0 0 1 -0.64 2.65 -2.63</i>
                <i>1 0 0 0 1 0 0 0 1 -0.64 2.65 -2.63</i>
                <i>1 0 0 0 1 0 0 0 1 -0.64 2.65 -2.63</i>
                <i>1 0 0 0 1 0 0 0 1 -0.64 2.65 -2.63</i>
                <i>1 0 0 0 1 0 0 0 1 -0.64 2.65 -2.63</i>
                <i>1 0 0 0 1 0 0 0 1 -0.64 2.65 -2.63</i>
                <i>1 0 0 0 1 0 0 0 1 -0.64 2.65 -2.63</i>
                <i>1 0 0 0 1 0 0 0 1 -0.64 2.65 -2.63</i>
                <i>1 0 0 0 1 0 0 0 1 -0.64 2.65 -2.63</i>
                <i>1 0 0 0 1 0 0 0 1 -0.64 2.65 -2.63</i>
                <i>1 0 0 0 1 0 0 0 1 -0.64 2.65 -2.63</i>
                <i>1 0 0 0 1 0 0 0 1 -0.64 2.65 -2.63</i>
                <i>1 0 0 0 1 0 0 0 1 -0.64 2.65 -2.63</i>
                <i>1 0 0 0 1 0 0 0 1 -0.64 2.65 -2.63</i>
                <i>1 0 0 0 1 0 0 0 1 -0.64 2.65 -2.63</i>
                <i>1 0 0 0 1 0 0 0 1 -0.64 2.65 -2.63</i>
                <i>1 0 0 0 1 0 0 0 1 -0.64 2.65 -2.63</i>
                <i>1 0 0 0 1 0 0 0 1 -0.64 2.65 -2.63</i>
                <i>1 0 0 0 1 0 0 0 1 -0.64 2.65 -2.63</i>
                <i>1 0 0 0 1 0 0 0 1 -0.64 2.65 -2.63</i>
                <i>1 0 0 0 1 0 0 0 1 -0.64 2.65 -2.63</i>
                <i>1 0 0 0 1 0 0 0 1 -0.64 2.65 -2.63</i>
                <i>1 0 0 0 1 0 0 0 1 -0.64 2.65 -2.63</i>
                <i>1 0 0 0 1 0 0 0 1 -0.64 2.65 -2.63</i>
                <i>1 0 0 0 1 0 0 0 1 -0.64 2.65 -2.63</i>
                <i>1 0 0 0 1 0 0 0 1 -0.64 2.65 -2.63</i>
                <i>1 0 0 0 1 0 0 0 1 -0.64 2.65 -2.63</i>
                <i>1 0 0 0 1 0 0 0 1 -0.64 2.65 -2.63</i>
                <i>1 0 0 0 1 0 0 0 1 -0.64 2.65 -2.63</i>
                <i>1 0 0 0 1 0 0 0 1 -0.64 2.65 -2.63</i>
                <i>1 0 0 0 1 0 0 0 1 -0.64 2.65 -2.63</i>
                <i>1 0 0 0 1 0 0 0 1 -0.64 2.65 -2.63</i>
                <i>1 0 0 0 1 0 0 0 1 -0.64 2.65 -2.63</i>
                <i>1 0 0 0 1 0 0 0 1 -0.64 2.65 -2.63</i>
                <i>1 0 0 0 1 0 0 0 1 -0.64 2.65 -2.63</i>
                <i>1 0 0 0 1 0 0 0 1 -0.64 2.65 -2.63</i>
                <i>1 0 0 0 1 0 0 0 1 -0.64 2.65 -2.63</i>
                <i>1 0 0 0 1 0 0 0 1 -0.64 2.65 -2.63</i>
                <i>1 0 0 0 1 0 0 0 1 -0.64 2.65 -2.63</i>
                <i>1 0 0 0 1 0 0 0 1 -0.64 2.65 -2.63</i>
                <i>1 0 0 0 1 0 0 0 1 -0.64 2.65 -2.63</i>
                <i>1 0 0 0 1 0 0 0 1 -0.64 2.65 -2.63</i>
                <i>1 0 0 0 1 0 0 0 1 -0.64 2.65 -2.63</i>
                <i>1 0 0 0 1 0 0 0 1 -0.64 2.65 -2.63</i>
                <i>1 0 0 0 1 0 0 0 1 -0.64 2.65 -2.63</i>
                <i>1 0 0 0 1 0 0 0 1 -0.64 2.65 -2.63</i>
                <i>1 0 0 0 1 0 0 0 1 -0.64 2.65 -2.63</i>
                <i>1 0 0 0 1 0 0 0 1 -0.64 2.65 -2.63</i>
                <i>1 0 0 0 1 0 0 0 1 -0.64 2.65 -2.63</i>
                <i>1 0 0 0 1 0 0 0 1 -0.64 2.65 -2.63</i>
                <i>1 0 0 0 1 0 0 0 1 -0.64 2.65 -2.63</i>
                <i>1 0 0 0 1 0 0 0 1 -0.64 2.65 -2.63</i>
                <i>1 0 0 0 1 0 0 0 1 -0.64 2.65 -2.63</i>
                <i>1 0 0 0 1 0 0 0 1 -0.64 2.65 -2.63</i>
                <i>1 0 0 0 1 0 0 0 1 -0.64 2.65 -2.63</i>
                <i>1 0 0 0 1 0 0 0 1 -0.64 2.65 -2.63</i>
                <i>1 0 0 0 1 0 0 0 1 -0.64 2.65 -2.63</i>
                <i>1 0 0 0 1 0 0 0 1 -0.64 2.65 -2.63</i>
                <i>1 0 0 0 1 0 0 0 1 -0.64 2.65 -2.63</i>
                <i>1 0 0 0 1 0 0 0 1 -0.64 2.65 -2.63</i>
                <i>1 0 0 0 1 0 0 0 1 -0.64 2.65 -2.63</i>
                <i>1 0 0 0 1 0 0 0 1 -0.64 2.65 -2.63</i>
                <i>1 0 0 0 1 0 0 0 1 -0.64 2.65 -2.63</i>
                <i>1 0 0 0 1 0 0 0 1 -0.64 2.65 -2.63</i>
                <i>1 0 0 0 1 0 0 0 1 -0.64 2.65 -2.63</i>
                <i>1 0 0 0 1 0 0 0 1 -0.64 2.65 -2.63</i>
                <i>1 0 0 0 1 0 0 0 1 -0.64 2.65 -2.63</i>
                <i>1 0 0 0 1 0 0 0 1 -0.64 2.65 -2.63</i>
                <i>1 0 0 0 1 0 0 0 1 -0.64 2.65 -2.63</i>
                <i>1 0 0 0 1 0 0 0 1 -0.64 2.65 -2.63</i>
                <i>1 0 0 0 1 0 0 0 1 -0.64 2.65 -2.63</i>
                <i>1 0 0 0 1 0 0 0 1 -0.64 2.65 -2.63</i>
                <i>1 0 0 0 1 0 0 0 1 -0.64 2.65 -2.63</i>
                <i>1 0 0 0 1 0 0 0 1 -0.64 2.65 -2.63</i>
                <i>1 0 0 0 1 0 0 0 1 -0.64 2.65 -2.63</i>
                <i>1 0 0 0 1 0 0 0 1 -0.64 2.65 -2.63</i>
                <i>1 0 0 0 1 0 0 0 1 -0.64 2.65 -2.63</i>
                <i>1 0 0 0 1 0 0 0 1 -0.64 2.65 -2.63</i>
                <i>1 0 0 0 1 0 0 0 1 -0.64 2.65 -2.63</i>
                <i>1 0 0 0 1 0 0 0 1 -0.64 2.65 -2.63</i>
                <i>1 0 0 0 1 0 0 0 1 -0.64 2.65 -2.63</i>
                <i>1 0 0 0 1 0 0 0 1 -0.64 2.65 -2.63</i>
                <i>1 0 0 0 1 0 0 0 1 -0.64 2.65 -2.63</i>
                <i>1 0 0 0 1 0 0 0 1 -0.64 2.65 -2.63</i>
                <i>1 0 0 0 1 0 0 0 1 -0.64 2.65 -2.63</i>
                <i>1 0 0 0 1 0 0 0 1 -0.64 2.65 -2.63</i>
                <i>1 0 0 0 1 0 0 0 1 -0.64 2.65 -2.63</i>
                <i>1 0 0 0 1 0 0 0 1 -0.64 2.65 -2.63</i>
                <i>1 0 0 0 1 0 0 0 1 -0.64 2.65 -2.63</i>
                <i>1 0 0 0 1 0 0 0 1 -0.64 2.65 -2.63</i>
                <i>1 0 0 0 1 0 0 0 1 -0.64 2.65 -2.63</i>
                <i>1 0 0 0 1 0 0 0 1 -0.64 2.65 -2.63</i>
                <i>1 0 0 0 1 0 0 0 1 -0.64 2.65 -2.63</i>
                <i>1 0 0 0 1 0 0 0 1 -0.64 2.65 -2.63</i>
                <i>1 0 0 0 1 0 0 0 1 -0.64 2.65 -2.63</i>
                <i>1 0 0 0 1 0 0 0 1 -0.64 2.65 -2.63</i>
                <i>1 0 0 0 1 0 0 0 1 -0.64 2.65 -2.63</i>
                <i>1 0 0 0 1 0 0 0 1 -0.64 2.65 -2.63</i>
                <i>1 0 0 0 1 0 0 0 1 -0.64 2.65 -2.63</i>
                <i>1 0 0 0 1 0 0 0 1 -0.64 2.65 -2.63</i>
                <i>1 0 0 0 1 0 0 0 1 -0.64 2.65 -2.63</i>
                <i>1 0 0 0 1 0 0 0 1 -0.64 2.65 -2.63</i>
                <i>1 0 0 0 1 0 0 0 1 -0.64 2.65 -2.63</i>
                <i>1 0 0 0 1 0 0 0 1 -0.64 2.65 -2.63</i>
                <i>1 0 0 0 1 0 0 0 1 -0.64 2.65 -2.63</i>
                <i>1 0 0 0 1 0 0 0 1 -0.64 2.65 -2.63</i>
                <i>1 0 0 0 1 0 0 0 1 -0.64 2.65 -2.63</i>
                <i>1 0 0 0 1 0 0 0 1 -0.64 2.65 -2.63</i>
                <i>1 0 0 0 1 0 0 0 1 -0.64 2.65 -2.63</i>
                <i>1 0 0 0 1 0 0 0 1 -0.64 2.65 -2.63</i>
            </KeyFrames>
        </RefFrame>
        <Bones count="23">
            <i>
                <p>
                    <Name><![CDATA[pelvis]]></Name>
                    <Exclude>0</Exclude>
                    <Additive>0</Additive>
                    <IKPriority>0</IKPriority>
                    <IKRotLimits>-1e+010 -1e+010 -1e+010 1e+010 1e+010 1e+010</IKRotLimits>
                    <IKRotLimitOrder>2</IKRotLimitOrder>
                    <KeyFrames count="160">
                        <i>1 0 0 0 1 0 0 0 1 -0.658239 3.69031 -2.6055</i>
                        <i>1 0 0 0 1 0 0 0 1 -0.658239 3.69201 -2.6042</i>
                        <i>1 0 0 0 1 0 0 0 1 -0.658239 3.69969 -2.60064</i>
                        <i>1 0 0 0 1 0 0 0 1 -0.658239 3.71184 -2.59533</i>
                        <i>1 0 0 0 1 0 0 0 1 -0.658239 3.72695 -2.58879</i>
                        <i>1 0 0 0 1 0 0 0 1 -0.658239 3.74351 -2.58153</i>
                        <i>1 0 0 0 1 0 0 0 1 -0.658239 3.76002 -2.57406</i>
                        <i>1 0 0 0 1 0 0 0 1 -0.658239 3.77496 -2.56689</i>
                        <i>1 0 0 0 1 0 0 0 1 -0.658239 3.78684 -2.56054</i>
                        <i>1 0 0 0 1 0 0 0 1 -0.658239 3.79413 -2.55552</i>
                        <i>1 0 0 0 1 0 0 0 1 -0.658239 3.79314 -2.55195</i>
                        <i>1 0 0 0 1 0 0 0 1 -0.658239 3.78419 -2.54948</i>
                        <i>1 0 0 0 1 0 0 0 1 -0.658239 3.77184 -2.54794</i>
                        <i>1 0 0 0 1 0 0 0 1 -0.658239 3.7732 -2.54715</i>
                        <i>1 0 0 0 1 0 0 0 1 -0.658239 3.77525 -2.54693</i>
                        <i>1 0 0 0 1 0 0 0 1 -0.658239 3.76911 -2.54693</i>
                        <i>1 0 0 0 1 0 0 0 1 -0.658239 3.75886 -2.54693</i>
                        <i>1 0 0 0 1 0 0 0 1 -0.658239 3.75345 -2.54693</i>
                        <i>1 0 0 0 1 0 0 0 1 -0.658239 3.76133 -2.54693</i>
                        <i>1 0 0 0 1 0 0 0 1 -0.658239 3.78434 -2.54693</i>
                        <i>1 0 0 0 1 0 0 0 1 -0.658237 3.79227 -2.55122</i>
                        <i>1 0 0 0 1 0 0 0 1 -0.658235 3.77305 -2.55956</i>
                        <i>1 0 0 0 1 0 0 0 1 -0.658239 3.75556 -2.5651</i>
                        <i>1 0 0 0 1 0 0 0 1 -0.657882 3.74409 -2.56709</i>
                        <i>1 0 0 0 1 0 0 0 1 -0.656926 3.73764 -2.56926</i>
                        <i>1 0 0 0 1 0 0 0 1 -0.655571 3.7301 -2.57147</i>
                        <i>1 0 0 0 1 0 0 0 1 -0.654016 3.72218 -2.57362</i>
                        <i>1 0 0 0 1 0 0 0 1 -0.652462 3.7146 -2.5756</i>
                        <i>1 0 0 0 1 0 0 0 1 -0.651108 3.70808 -2.57729</i>
                        <i>1 0 0 0 1 0 0 0 1 -0.650154 3.70334 -2.57858</i>
                        <i>1 0 0 0 1 0 0 0 1 -0.649799 3.70108 -2.57936</i>
                        <i>1 0 0 0 1 0 0 0 1 -0.650245 3.70203 -2.5795</i>
                        <i>1 0 0 0 1 0 0 0 1 -0.65169 3.70691 -2.5789</i>
                        <i>1 0 0 0 1 0 0 0 1 -0.654334 3.71642 -2.57744</i>
                        <i>1 0 0 0 1 0 0 0 1 -0.658377 3.73129 -2.57502</i>
                        <i>1 0 0 0 1 0 0 0 1 -0.669944 3.75529 -2.56907</i>
                        <i>1 0 0 0 1 0 0 0 1 -0.69057 3.78997 -2.55831</i>
                        <i>1 0 0 0 1 0 0 0 1 -0.713575 3.83275 -2.54452</i>
                        <i>1 0 0 0 1 0 0 0 1 -0.732279 3.88101 -2.52947</i>
                        <i>1 0 0 0 1 0 0 0 1 -0.74 3.93215 -2.51494</i>
                        <i>1 0 0 0 1 0 0 0 1 -0.730452 3.98357 -2.50021</i>
                        <i>1 0 0 0 1 0 0 0 1 -0.708088 4.03267 -2.48411</i>
                        <i>1 0 0 0 1 0 0 0 1 -0.68234 4.07684 -2.46769</i>
                        <i>1 0 0 0 1 0 0 0 1 -0.662636 4.11349 -2.45203</i>
                        <i>1 0 0 0 1 0 0 0 1 -0.658409 4.14 -2.43818</i>
                        <i>1 0 0 0 1 0 0 0 1 -0.667622 4.14245 -2.42553</i>
                        <i>1 0 0 0 1 0 0 0 1 -0.681327 4.11866 -2.41283</i>
                        <i>1 0 0 0 1 0 0 0 1 -0.698583 4.08364 -2.40023</i>
                        <i>1 0 0 0 1 0 0 0 1 -0.71845 4.05241 -2.38786</i>
                        <i>1 0 0 0 1 0 0 0 1 -0.739988 4.04 -2.37586</i>
                        <i>1 0 0 0 1 0 0 0 1 -0.762255 4.05488 -2.36436</i>
                        <i>1 0 0 0 1 0 0 0 1 -0.784311 4.08704 -2.3535</i>
                        <i>1 0 0 0 1 0 0 0 1 -0.805216 4.12376 -2.34342</i>
                        <i>1 0 0 0 1 0 0 0 1 -0.82403 4.15232 -2.33425</i>
                        <i>1 0 0 0 1 0 0 0 1 -0.839811 4.16 -2.32613</i>
                        <i>1 0 0 0 1 0 0 0 1 -0.851299 4.13715 -2.32118</i>
                        <i>1 0 0 0 1 0 0 0 1 -0.858649 4.09224 -2.32028</i>
                        <i>1 0 0 0 1 0 0 0 1 -0.863042 4.03976 -2.32174</i>
                        <i>1 0 0 0 1 0 0 0 1 -0.86566 3.99419 -2.32386</i>
                        <i>1 0 0 0 1 0 0 0 1 -0.867687 3.97 -2.32494</i>
                        <i>1 0 0 0 1 0 0 0 1 -0.869438 3.96432 -2.32497</i>
                        <i>1 0 0 0 1 0 0 0 1 -0.870529 3.96394 -2.32504</i>
                        <i>1 0 0 0 1 0 0 0 1 -0.871096 3.96784 -2.32516</i>
                        <i>1 0 0 0 1 0 0 0 1 -0.871273 3.97501 -2.3253</i>
                        <i>1 0 0 0 1 0 0 0 1 -0.871194 3.98444 -2.32546</i>
                        <i>1 0 0 0 1 0 0 0 1 -0.870995 3.99512 -2.32563</i>
                        <i>1 0 0 0 1 0 0 0 1 -0.870811 4.00602 -2.32579</i>
                        <i>1 0 0 0 1 0 0 0 1 -0.870776 4.01615 -2.32593</i>
                        <i>1 0 0 0 1 0 0 0 1 -0.871024 4.02448 -2.32605</i>
                        <i>1 0 0 0 1 0 0 0 1 -0.871692 4.03 -2.32613</i>
                        <i>1 0 0 0 1 0 0 0 1 -0.872923 4.03414 -2.32606</i>
                        <i>1 0 0 0 1 0 0 0 1 -0.874659 4.03875 -2.32579</i>
                        <i>1 0 0 0 1 0 0 0 1 -0.876729 4.04343 -2.32539</i>
                        <i>1 0 0 0 1 0 0 0 1 -0.87896 4.0478 -2.32496</i>
                        <i>1 0 0 0 1 0 0 0 1 -0.881181 4.05147 -2.32457</i>
                        <i>1 0 0 0 1 0 0 0 1 -0.88322 4.05404 -2.3243</i>
                        <i>1 0 0 0 1 0 0 0 1 -0.884905 4.05513 -2.32424</i>
                        <i>1 0 0 0 1 0 0 0 1 -0.886064 4.05434 -2.32447</i>
                        <i>1 0 0 0 1 0 0 0 1 -0.886527 4.05129 -2.32508</i>
                        <i>1 0 0 0 1 0 0 0 1 -0.88612 4.04559 -2.32613</i>
                        <i>1 0 0 0 1 0 0 0 1 -0.882828 4.02881 -2.32881</i>
                        <i>1 0 0 0 1 0 0 0 1 -0.876205 3.99892 -2.33338</i>
                        <i>1 0 0 0 1 0 0 0 1 -0.868438 3.96513 -2.33858</i>
                        <i>1 0 0 0 1 0 0 0 1 -0.861713 3.93663 -2.34315</i>
                        <i>1 0 0 0 1 0 0 0 1 -0.858214 3.92261 -2.34583</i>
                        <i>1 0 0 0 1 0 0 0 1 -0.857572 3.92181 -2.34689</i>
                        <i>1 0 0 0 1 0 0 0 1 -0.857829 3.926 -2.34751</i>
                        <i>1 0 0 0 1 0 0 0 1 -0.858791 3.93393 -2.34776</i>
                        <i>1 0 0 0 1 0 0 0 1 -0.86026 3.94436 -2.34772</i>
                        <i>1 0 0 0 1 0 0 0 1 -0.862041 3.95606 -2.34747</i>
                        <i>1 0 0 0 1 0 0 0 1 -0.863938 3.96777 -2.34709</i>
                        <i>1 0 0 0 1 0 0 0 1 -0.865754 3.97827 -2.34666</i>
                        <i>1 0 0 0 1 0 0 0 1 -0.867294 3.9863 -2.34625</i>
                        <i>1 0 0 0 1 0 0 0 1 -0.868362 3.99062 -2.34595</i>
                        <i>1 0 0 0 1 0 0 0 1 -0.868761 3.99 -2.34583</i>
                        <i>1 0 0 0 1 0 0 0 1 -0.869766 3.97444 -2.34484</i>
                        <i>1 0 0 0 1 0 0 0 1 -0.871352 3.94273 -2.34287</i>
                        <i>1 0 0 0 1 0 0 0 1 -0.871381 3.90679 -2.3414</i>
                        <i>1 0 0 0 1 0 0 0 1 -0.867715 3.87857 -2.34189</i>
                        <i>1 0 0 0 1 0 0 0 1 -0.858214 3.87 -2.34583</i>
                        <i>1 0 0 0 1 0 0 0 1 -0.844245 3.87814 -2.35274</i>
                        <i>1 0 0 0 1 0 0 0 1 -0.828728 3.89145 -2.36097</i>
                        <i>1 0 0 0 1 0 0 0 1 -0.811855 3.90897 -2.37022</i>
                        <i>1 0 0 0 1 0 0 0 1 -0.793816 3.92974 -2.38018</i>
                        <i>1 0 0 0 1 0 0 0 1 -0.774802 3.95278 -2.39056</i>
                        <i>1 0 0 0 1 0 0 0 1 -0.755004 3.97714 -2.40105</i>
                        <i>1 0 0 0 1 0 0 0 1 -0.734613 4.00184 -2.41136</i>
                        <i>1 0 0 0 1 0 0 0 1 -0.713819 4.02593 -2.42118</i>
                        <i>1 0 0 0 1 0 0 0 1 -0.692814 4.04843 -2.43022</i>
                        <i>1 0 0 0 1 0 0 0 1 -0.671789 4.06838 -2.43818</i>
                        <i>1 0 0 0 1 0 0 0 1 -0.638604 4.08312 -2.43809</i>
                        <i>1 0 0 0 1 0 0 0 1 -0.606554 4.0902 -2.43358</i>
                        <i>1 0 0 0 1 0 0 0 1 -0.591025 4.09101 -2.43227</i>
                        <i>1 0 0 0 1 0 0 0 1 -0.581681 4.0883 -2.4313</i>
                        <i>1 0 0 0 1 0 0 0 1 -0.578282 4.08344 -2.43044</i>
                        <i>1 0 0 0 1 0 0 0 1 -0.577541 4.07621 -2.42924</i>
                        <i>1 0 0 0 1 0 0 0 1 -0.576827 4.06686 -2.42822</i>
                        <i>1 0 0 0 1 0 0 0 1 -0.576878 4.0574 -2.42857</i>
                        <i>1 0 0 0 1 0 0 0 1 -0.578433 4.04984 -2.43149</i>
                        <i>1 0 0 0 1 0 0 0 1 -0.582232 4.04621 -2.43818</i>
                        <i>1 0 0 0 1 0 0 0 1 -0.58812 4.04713 -2.44811</i>
                        <i>1 0 0 0 1 0 0 0 1 -0.595242 4.05121 -2.45969</i>
                        <i>1 0 0 0 1 0 0 0 1 -0.603278 4.05736 -2.47253</i>
                        <i>1 0 0 0 1 0 0 0 1 -0.61191 4.06452 -2.48621</i>
                        <i>1 0 0 0 1 0 0 0 1 -0.620821 4.0716 -2.50033</i>
                        <i>1 0 0 0 1 0 0 0 1 -0.629692 4.07754 -2.51449</i>
                        <i>1 0 0 0 1 0 0 0 1 -0.638204 4.08126 -2.52829</i>
                        <i>1 0 0 0 1 0 0 0 1 -0.64604 4.08169 -2.54133</i>
                        <i>1 0 0 0 1 0 0 0 1 -0.652881 4.07775 -2.55321</i>
                        <i>1 0 0 0 1 0 0 0 1 -0.658409 4.06838 -2.56351</i>
                        <i>1 0 0 0 1 0 0 0 1 -0.65837 4.04895 -2.57113</i>
                        <i>1 0 0 0 1 0 0 0 1 -0.650542 4.01779 -2.57628</i>
                        <i>1 0 0 0 1 0 0 0 1 -0.637777 3.97815 -2.5803</i>
                        <i>1 0 0 0 1 0 0 0 1 -0.62299 3.93338 -2.5841</i>
                        <i>1 0 0 0 1 0 0 0 1 -0.609048 3.8871 -2.5882</i>
                        <i>1 0 0 0 1 0 0 0 1 -0.598712 3.8432 -2.59278</i>
                        <i>1 0 0 0 1 0 0 0 1 -0.594651 3.80573 -2.59777</i>
                        <i>1 0 0 0 1 0 0 0 1 -0.59948 3.77183 -2.60243</i>
                        <i>1 0 0 0 1 0 0 0 1 -0.611537 3.73754 -2.60564</i>
                        <i>1 0 0 0 1 0 0 0 1 -0.627012 3.70526 -2.60703</i>
                        <i>1 0 0 0 1 0 0 0 1 -0.642213 3.67712 -2.60688</i>
                        <i>1 0 0 0 1 0 0 0 1 -0.653698 3.6548 -2.60601</i>
                        <i>1 0 0 0 1 0 0 0 1 -0.658239 3.63966 -2.6055</i>
                        <i>1 0 0 0 1 0 0 0 1 -0.658239 3.63432 -2.6055</i>
                        <i>1 0 0 0 1 0 0 0 1 -0.658239 3.63839 -2.6055</i>
                        <i>1 0 0 0 1 0 0 0 1 -0.658239 3.64873 -2.6055</i>
                        <i>1 0 0 0 1 0 0 0 1 -0.658239 3.66223 -2.6055</i>
                        <i>1 0 0 0 1 0 0 0 1 -0.658239 3.67574 -2.6055</i>
                        <i>1 0 0 0 1 0 0 0 1 -0.658239 3.68615 -2.6055</i>
                        <i>1 0 0 0 1 0 0 0 1 -0.658239 3.69031 -2.6055</i>
                        <i>1 0 0 0 1 0 0 0 1 -0.658239 3.69031 -2.6055</i>
                        <i>1 0 0 0 1 0 0 0 1 -0.658239 3.69031 -2.6055</i>
                        <i>1 0 0 0 1 0 0 0 1 -0.658239 3.69031 -2.6055</i>
                        <i>1 0 0 0 1 0 0 0 1 -0.658239 3.69031 -2.6055</i>
                        <i>1 0 0 0 1 0 0 0 1 -0.658239 3.69031 -2.6055</i>
                        <i>1 0 0 0 1 0 0 0 1 -0.658239 3.69031 -2.6055</i>
                        <i>1 0 0 0 1 0 0 0 1 -0.658239 3.69031 -2.6055</i>
                        <i>1 0 0 0 1 0 0 0 1 -0.658239 3.69031 -2.6055</i>
                        <i>1 0 0 0 1 0 0 0 1 -0.658239 3.69031 -2.6055</i>
                        <i>1 0 0 0 1 0 0 0 1 -0.658239 3.69031 -2.6055</i>
                    </KeyFrames>
                </p>
            </i>
            <i>
                <p>
                    <Name><![CDATA[spine0]]></Name>
                    <Exclude>0</Exclude>
                    <Additive>0</Additive>
                    <IKPriority>0</IKPriority>
                    <IKRotLimits>-1e+010 -1e+010 -1e+010 1e+010 1e+010 1e+010</IKRotLimits>
                    <IKRotLimitOrder>0</IKRotLimitOrder>
                    <KeyFrames count="160">
                        <i>0.250368 0.947654 0.198163 -0.795937 0.0849469 0.59939 0.551181 -0.307793 0.775541 -0.673041 3.83197 -2.62575</i>
                        <i>0.253365 0.946273 0.200934 -0.795251 0.0854759 0.600225 0.550801 -0.311869 0.774181 -0.672098 3.83394 -2.62316</i>
                        <i>0.256196 0.944785 0.204315 -0.794506 0.0854287 0.601217 0.550566 -0.316359 0.772524 -0.670913 3.84194 -2.61797</i>
                        <i>0.258677 0.94332 0.207925 -0.79377 0.0849189 0.60226 0.550468 -0.320836 0.770746 -0.669605 3.85441 -2.61088</i>
                        <i>0.260614 0.942036 0.211303 -0.793101 0.0840976 0.603257 0.550519 -0.324801 0.769046 -0.668293 3.8698 -2.60254</i>
                        <i>0.261799 0.941114 0.213929 -0.792545 0.083145 0.604119 0.550758 -0.327707 0.767642 -0.667101 3.88659 -2.59365</i>
                        <i>0.262022 0.940749 0.215255 -0.792138 0.0822507 0.604774 0.551236 -0.328976 0.766755 -0.666149 3.90326 -2.58488</i>
                        <i>0.260528 0.941985 0.211635 -0.791615 0.0829329 0.605366 0.552694 -0.325248 0.767296 -0.66556 3.91829 -2.57691</i>
                        <i>0.257945 0.944439 0.203714 -0.790999 0.0853599 0.605833 0.554783 -0.317409 0.769069 -0.665455 3.93018 -2.57041</i>
                        <i>0.255277 0.946572 0.197068 -0.790915 0.0872012 0.605682 0.556136 -0.310481 0.770918 -0.665956 3.9374 -2.56608</i>
                        <i>0.251513 0.948592 0.192131 -0.791682 0.0874429 0.604643 0.556759 -0.304182 0.772977 -0.667189 3.9362 -2.56419</i>
                        <i>0.246482 0.951072 0.186302 -0.792949 0.0873849 0.602989 0.557206 -0.296354 0.775691 -0.669089 3.92687 -2.56432</i>
                        <i>0.241 0.953623 0.180339 -0.794558 0.0871653 0.600899 0.557311 -0.288107 0.778716 -0.67149 3.91394 -2.56607</i>
                        <i>0.235858 0.955955 0.1747 -0.796336 0.0870909 0.598552 0.556974 -0.280293 0.781803 -0.674226 3.91449 -2.56902</i>
                        <i>0.231842 0.957864 0.169544 -0.798113 0.0876654 0.596095 0.556115 -0.273515 0.784809 -0.677131 3.91551 -2.57276</i>
                        <i>0.230859 0.957997 0.170137 -0.800014 0.0873699 0.593585 0.553788 -0.273146 0.786581 -0.680041 3.90815 -2.57674</i>
                        <i>0.230682 0.957954 0.170616 -0.801736 0.087769 0.591199 0.551366 -0.273168 0.788273 -0.682798 3.89657 -2.58051</i>
                        <i>0.226887 0.960656 0.160196 -0.803012 0.0914512 0.588905 0.551085 -0.262254 0.792167 -0.685249 3.88984 -2.58387</i>
                        <i>0.226059 0.96249 0.150034 -0.803939 0.0973674 0.586687 0.550072 -0.253244 0.795794 -0.68725 3.89653 -2.5866</i>
                        <i>0.230576 0.961758 0.147837 -0.804587 0.102997 0.584835 0.547243 -0.253796 0.797566 -0.688659 3.91865 -2.58853</i>
                        <i>0.234861 0.960363 0.150142 -0.804942 0.105569 0.583887 0.544893 -0.257988 0.797831 -0.689335 3.92614 -2.59375</i>
                        <i>0.235612 0.960099 0.150655 -0.804977 0.105941 0.583771 0.544518 -0.258817 0.797818 -0.689408 3.90686 -2.60219</i>
                        <i>0.235597 0.960011 0.151236 -0.804787 0.105485 0.584115 0.544804 -0.259328 0.797457 -0.689133 3.88956 -2.60735</i>
                        <i>0.234753 0.96012 0.151856 -0.804415 0.104179 0.584862 0.545718 -0.259454 0.796791 -0.688184 3.87848 -2.60854</i>
                        <i>0.233853 0.960184 0.152835 -0.803871 0.102524 0.585901 0.546903 -0.259875 0.79584 -0.686362 3.87258 -2.60952</i>
                        <i>0.232956 0.960189 0.154171 -0.803198 0.100592 0.587158 0.548275 -0.260612 0.794655 -0.683908 3.86571 -2.61023</i>
                        <i>0.232124 0.960118 0.155857 -0.802432 0.0984583 0.588565 0.549747 -0.261685 0.793284 -0.68106 3.85855 -2.61061</i>
                        <i>0.231416 0.959959 0.157875 -0.801609 0.0962015 0.590057 0.551243 -0.263103 0.791775 -0.67806 3.85177 -2.61061</i>
                        <i>0.230886 0.959703 0.160192 -0.800761 0.0939028 0.591578 0.552697 -0.264862 0.790174 -0.675148 3.84606 -2.61017</i>
                        <i>0.230582 0.959346 0.162752 -0.799911 0.0916458 0.59308 0.554053 -0.266941 0.788523 -0.672567 3.8421 -2.60924</i>
                        <i>0.230539 0.958889 0.165482 -0.799078 0.0895152 0.594526 0.555272 -0.269294 0.786863 -0.670561 3.84058 -2.60775</i>
                        <i>0.230781 0.958342 0.168287 -0.798275 0.0875955 0.595889 0.556324 -0.271859 0.785236 -0.669373 3.8422 -2.60566</i>
                        <i>0.23132 0.957722 0.171055 -0.797511 0.0859699 0.597148 0.557196 -0.274551 0.78368 -0.66925 3.84766 -2.60292</i>
                        <i>0.232158 0.95705 0.173663 -0.796788 0.0847188 0.59829 0.557881 -0.27727 0.782234 -0.670436 3.85767 -2.59947</i>
                        <i>0.233284 0.956353 0.175978 -0.79611 0.0839184 0.599305 0.558379 -0.279906 0.780939 -0.673179 3.87295 -2.59526</i>
                        <i>0.230869 0.955856 0.181767 -0.807033 0.083768 0.584534 0.543504 -0.281642 0.790747 -0.682311 3.89729 -2.58852</i>
                        <i>0.221542 0.95565 0.19404 -0.836674 0.0840706 0.54121 0.500895 -0.282249 0.818193 -0.69876 3.93223 -2.57814</i>
                        <i>0.205786 0.955511 0.211308 -0.876829 0.084154 0.47338 0.434537 -0.282696 0.855138 -0.716832 3.9751 -2.56504</i>
                        <i>0.18383 0.955277 0.231628 -0.918642 0.083126 0.386246 0.349718 -0.283787 0.892839 -0.730883 4.02333 -2.55044</i>
                        <i>0.15596 0.954951 0.252479 -0.954535 0.0799666 0.287173 0.254046 -0.285788 0.924005 -0.735365 4.07437 -2.53614</i>
                        <i>0.124445 0.954508 0.270977 -0.979829 0.0751824 0.185156 0.156361 -0.288553 0.94461 -0.724183 4.12563 -2.52206</i>
                        <i>0.0938471 0.953756 0.285557 -0.99344 0.070886 0.0897319 0.0653403 -0.292105 0.954152 -0.70084 4.17446 -2.50731</i>
                        <i>0.0680947 0.952733 0.296079 -0.997627 0.0680435 0.01049 -0.0101521 -0.296091 0.955106 -0.674368 4.21826 -2.49284</i>
                        <i>0.0508297 0.951627 0.303023 -0.996802 0.0670753 -0.0434405 -0.0616645 -0.299846 0.951993 -0.654077 4.25444 -2.47953</i>
                        <i>0.0454861 0.950669 0.306855 -0.995664 0.068094 -0.0633715 -0.0811403 -0.302642 0.949644 -0.649516 4.28042 -2.46815</i>
                        <i>0.0474022 0.951838 0.302914 -0.99556 0.0697108 -0.063258 -0.0813278 -0.298571 0.950916 -0.65844 4.28212 -2.45874</i>
                        <i>0.049001 0.956267 0.288362 -0.995577 0.0699339 -0.0627378 -0.0801604 -0.284012 0.955464 -0.67172 4.25726 -2.45016</i>
                        <i>0.0493609 0.962742 0.265877 -0.995765 0.0681091 -0.0617567 -0.0775645 -0.261703 0.962027 -0.688659 4.22112 -2.44141</i>
                        <i>0.047736 0.969983 0.238439 -0.996127 0.0638743 -0.0604175 -0.0738342 -0.234632 0.969276 -0.708538 4.18912 -2.43154</i>
                        <i>0.0436344 0.976801 0.209657 -0.996616 0.0571913 -0.0590382 -0.0696592 -0.206372 0.975991 -0.730617 4.17672 -2.41963</i>
                        <i>0.0364769 0.982168 0.184434 -0.99716 0.0479395 -0.0580766 -0.0658826 -0.181792 0.981128 -0.754367 4.19287 -2.40426</i>
                        <i>0.0267232 0.985903 0.165169 -0.997679 0.0366565 -0.0573871 -0.0626326 -0.163252 0.984594 -0.778749 4.22702 -2.38622</i>
                        <i>0.0156986 0.988379 0.151197 -0.99809 0.0245274 -0.056706 -0.0597555 -0.150018 0.986876 -0.802214 4.26549 -2.36792</i>
                        <i>0.0046665 0.989916 0.141576 -0.998321 0.0127862 -0.0564969 -0.0577375 -0.141075 0.988314 -0.82312 4.29509 -2.35189</i>
                        <i>-0.00535824 0.990637 0.136414 -0.998329 0.00255019 -0.057733 -0.0575404 -0.136496 0.988968 -0.83978 4.30312 -2.34073</i>
                        <i>-0.0142857 0.988584 0.149992 -0.998076 -0.00504812 -0.0617881 -0.0603256 -0.150586 0.986755 -0.850261 4.27998 -2.33832</i>
                        <i>-0.0232616 0.982391 0.185383 -0.997683 -0.0109537 -0.0671415 -0.0639286 -0.186516 0.98037 -0.85517 4.2341 -2.34392</i>
                        <i>-0.0337713 0.973006 0.228294 -0.997315 -0.0179566 -0.0709997 -0.0649838 -0.230078 0.971 -0.856659 4.18 -2.35319</i>
                        <i>-0.0466499 0.962773 0.266256 -0.996972 -0.0282748 -0.0724358 -0.0622109 -0.268829 0.961177 -0.856872 4.13267 -2.36181</i>
                        <i>-0.0599017 0.956947 0.284014 -0.996518 -0.0407965 -0.0727185 -0.058001 -0.287381 0.956059 -0.857902 4.10765 -2.36561</i>
                        <i>-0.0701588 0.95533 0.287094 -0.996004 -0.0511411 -0.0732229 -0.0552697 -0.291084 0.9551 -0.859844 4.10202 -2.3655</i>
                        <i>-0.077109 0.953221 0.292273 -0.995599 -0.057958 -0.0736395 -0.0532552 -0.296665 0.953496 -0.861455 4.10178 -2.3652</i>
                        <i>-0.0813367 0.950794 0.298955 -0.995339 -0.0618915 -0.0739625 -0.0518203 -0.303578 0.951396 -0.862789 4.1059 -2.36475</i>
                        <i>-0.0834451 0.948181 0.306577 -0.995216 -0.0636062 -0.0741598 -0.0508167 -0.311299 0.948952 -0.8639 4.11332 -2.36421</i>
                        <i>-0.0840501 0.945499 0.31459 -0.995201 -0.0637775 -0.0742085 -0.0501003 -0.319318 0.946322 -0.864842 4.123 -2.36363</i>
                        <i>-0.0837764 0.942873 0.322445 -0.995252 -0.0630838 -0.0741166 -0.0495415 -0.327124 0.943682 -0.865667 4.13392 -2.36305</i>
                        <i>-0.0832552 0.940447 0.329587 -0.995321 -0.0622022 -0.0739341 -0.0490301 -0.3342 0.941226 -0.866426 4.14505 -2.36253</i>
                        <i>-0.0831243 0.938385 0.335445 -0.99536 -0.0618074 -0.0737509 -0.0484737 -0.340019 0.939168 -0.86717 4.15534 -2.36211</i>
                        <i>-0.0840269 0.936867 0.339441 -0.995317 -0.0625726 -0.0736832 -0.0477916 -0.344043 0.937737 -0.867949 4.16378 -2.36185</i>
                        <i>-0.0866086 0.936069 0.34099 -0.995138 -0.0651725 -0.0738482 -0.0469038 -0.345728 0.937162 -0.868811 4.16934 -2.36179</i>
                        <i>-0.0922442 0.936121 0.339364 -0.994698 -0.0710696 -0.0743312 -0.0454646 -0.344421 0.937714 -0.870075 4.17352 -2.36158</i>
                        <i>-0.101141 0.936891 0.334672 -0.993923 -0.0804613 -0.0751267 -0.0434573 -0.340237 0.939335 -0.871899 4.17823 -2.36091</i>
                        <i>-0.112174 0.938134 0.3276 -0.992829 -0.0921039 -0.0762015 -0.0413141 -0.333798 0.941739 -0.874097 4.18306 -2.35994</i>
                        <i>-0.124249 0.939618 0.318873 -0.991468 -0.1048 -0.0775119 -0.0394137 -0.325783 0.944623 -0.876481 4.1876 -2.3588</i>
                        <i>-0.136355 0.941144 0.309282 -0.989931 -0.117466 -0.0789864 -0.0380074 -0.316938 0.947684 -0.878867 4.19146 -2.35764</i>
                        <i>-0.147589 0.942553 0.299686 -0.988349 -0.129159 -0.0805188 -0.037186 -0.308078 0.950634 -0.881069 4.19421 -2.35661</i>
                        <i>-0.157157 0.943726 0.291002 -0.986884 -0.139069 -0.0819686 -0.0368867 -0.300067 0.953205 -0.882903 4.19546 -2.35584</i>
                        <i>-0.164344 0.94458 0.284184 -0.985711 -0.146478 -0.0831682 -0.0369322 -0.293791 0.955156 -0.884183 4.19481 -2.35549</i>
                        <i>-0.168458 0.94505 0.280185 -0.985011 -0.150697 -0.0839324 -0.0370973 -0.290124 0.95627 -0.884726 4.19184 -2.3557</i>
                        <i>-0.168747 0.94508 0.279907 -0.984957 -0.150967 -0.084073 -0.037199 -0.289883 0.956339 -0.884349 4.18617 -2.35661</i>
                        <i>-0.169061 0.94578 0.277342 -0.985016 -0.152397 -0.0807446 -0.0341007 -0.286837 0.957372 -0.882409 4.1688 -2.36198</i>
                        <i>-0.173474 0.947455 0.268768 -0.984446 -0.159122 -0.0744698 -0.0277898 -0.277506 0.960322 -0.878947 4.13724 -2.37286</i>
                        <i>-0.180861 0.948791 0.259007 -0.983261 -0.168518 -0.0692823 -0.022087 -0.267201 0.963388 -0.874817 4.10103 -2.38534</i>
                        <i>-0.188033 0.949248 0.252136 -0.981983 -0.176787 -0.0667522 -0.01879 -0.260145 0.965387 -0.871021 4.07024 -2.39566</i>
                        <i>-0.190387 0.949382 0.249853 -0.981539 -0.179345 -0.066458 -0.0182841 -0.257893 0.966 -0.868769 4.05539 -2.4002</i>
                        <i>-0.187818 0.948434 0.255338 -0.982019 -0.176286 -0.0675357 -0.0190404 -0.263432 0.96449 -0.867885 4.05528 -2.39959</i>
                        <i>-0.184409 0.94556 0.268158 -0.982653 -0.171914 -0.0695663 -0.019679 -0.276335 0.96086 -0.8673 4.06069 -2.39715</i>
                        <i>-0.181903 0.941537 0.283584 -0.983098 -0.168049 -0.0726547 -0.020751 -0.292007 0.956191 -0.866939 4.07016 -2.39328</i>
                        <i>-0.181544 0.937502 0.296871 -0.983114 -0.165971 -0.0770713 -0.0229824 -0.30585 0.951802 -0.866734 4.08221 -2.38838</i>
                        <i>-0.18365 0.935006 0.303376 -0.982614 -0.16606 -0.0830327 -0.0272574 -0.31335 0.949246 -0.866635 4.09542 -2.38287</i>
                        <i>-0.189237 0.935648 0.297913 -0.981333 -0.169619 -0.0906357 -0.0342715 -0.309504 0.95028 -0.866608 4.10842 -2.3772</i>
                        <i>-0.196753 0.938872 0.282502 -0.979476 -0.175358 -0.0993816 -0.0437675 -0.296258 0.954105 -0.866632 4.11991 -2.37181</i>
                        <i>-0.203159 0.943053 0.263395 -0.977643 -0.180475 -0.107898 -0.0542177 -0.279427 0.958635 -0.866688 4.12862 -2.3672</i>
                        <i>-0.207219 0.946621 0.24692 -0.976262 -0.183832 -0.114532 -0.0630264 -0.264792 0.962244 -0.866758 4.13336 -2.36383</i>
                        <i>-0.208989 0.948088 0.239692 -0.975608 -0.185297 -0.117707 -0.0671823 -0.258445 0.963687 -0.866818 4.13292 -2.36219</i>
                        <i>-0.208281 0.947608 0.242193 -0.976088 -0.185633 -0.113106 -0.0622209 -0.259959 0.963613 -0.867876 4.11703 -2.36379</i>
                        <i>-0.204438 0.946488 0.249729 -0.977629 -0.184532 -0.100938 -0.049454 -0.264778 0.96304 -0.869538 4.08421 -2.36887</i>
                        <i>-0.196756 0.945009 0.261236 -0.979831 -0.18004 -0.086698 -0.0348977 -0.273025 0.961374 -0.86967 4.04644 -2.37593</i>
                        <i>-0.184973 0.943867 0.273681 -0.982439 -0.170666 -0.0754118 -0.0244708 -0.282824 0.95886 -0.866104 4.01626 -2.38355</i>
                        <i>-0.170337 0.944303 0.281561 -0.98512 -0.156557 -0.0709092 -0.0228794 -0.28945 0.95692 -0.856647 4.00674 -2.3905</i>
                        <i>-0.153321 0.947842 0.279444 -0.987753 -0.13872 -0.0714211 -0.0289314 -0.286972 0.957502 -0.842821 4.01508 -2.3968</i>
                        <i>-0.133665 0.953405 0.270466 -0.990317 -0.118171 -0.0728595 -0.0375034 -0.277585 0.959969 -0.827693 4.02895 -2.40325</i>
                        <i>-0.112562 0.958604 0.261549 -0.992575 -0.0962678 -0.074342 -0.0460857 -0.267975 0.962323 -0.81138 4.04728 -2.40981</i>
                        <i>-0.0919283 0.961539 0.258827 -0.994355 -0.0748122 -0.0752414 -0.0529841 -0.264283 0.962989 -0.794 4.06895 -2.41644</i>
                        <i>-0.0740557 0.960773 0.267265 -0.995596 -0.0557811 -0.0753429 -0.0574791 -0.271668 0.960673 -0.775666 4.09292 -2.42309</i>
                        <i>-0.0603337 0.95592 0.287361 -0.99638 -0.040402 -0.0747989 -0.0598919 -0.290833 0.954897 -0.756486 4.11811 -2.42973</i>
                        <i>-0.0486213 0.948581 0.312779 -0.996926 -0.0268283 -0.0736081 -0.0614319 -0.315397 0.946969 -0.736563 4.14351 -2.43634</i>
                        <i>-0.0357999 0.940575 0.337694 -0.997362 -0.0122752 -0.0715434 -0.0631467 -0.339364 0.938533 -0.715997 4.16813 -2.44288</i>
                        <i>-0.019565 0.933934 0.356908 -0.997643 0.00524563 -0.0684151 -0.0657674 -0.357406 0.931631 -0.694888 4.191 -2.44934</i>
                        <i>0.00153388 0.93065 0.365908 -0.997572 0.0269008 -0.0642376 -0.0696259 -0.364921 0.928431 -0.673335 4.21116 -2.4557</i>
                        <i>0.0291368 0.930182 0.365941 -0.996787 0.0543661 -0.0588268 -0.0746144 -0.363051 0.928777 -0.639775 4.22588 -2.45588</i>
                        <i>0.0528151 0.930348 0.362853 -0.995428 0.0780059 -0.055116 -0.0795818 -0.358283 0.930215 -0.607839 4.23265 -2.45363</i>
                        <i>0.0655241 0.931072 0.358903 -0.994313 0.0911833 -0.0550196 -0.0839531 -0.353257 0.931752 -0.592457 4.23293 -2.45578</i>
                        <i>0.0745364 0.931925 0.354909 -0.993276 0.100996 -0.0565923 -0.088584 -0.348304 0.933187 -0.58285 4.22955 -2.45861</i>
                        <i>0.0843782 0.932386 0.351479 -0.992037 0.111707 -0.0581762 -0.0935052 -0.343771 0.934387 -0.578352 4.22399 -2.4611</i>
                        <i>0.0946094 0.932827 0.347681 -0.990844 0.122025 -0.0577688 -0.0963142 -0.339033 0.935831 -0.576503 4.21595 -2.46343</i>
                        <i>0.101978 0.933702 0.343223 -0.990262 0.128151 -0.0543936 -0.0947715 -0.334333 0.937678 -0.575643 4.20548 -2.46665</i>
