<?xml version="1.0" encoding="ISO-8859-1" ?>
<Animl Version="1">
    <ModellingPackage><![CDATA[Maya.2010]]></ModellingPackage>
    <SrcFile><![CDATA[anims\turrets\antiair\red\~src\aa_zu232\aa_zu232_crew_fire_crewmanb.mb]]></SrcFile>
    <FramesPerSecond>30</FramesPerSecond>
    <TotalFrames>121</TotalFrames>
    <Skeleton>
        <RefFrame>
            <Name><![CDATA[soldier_ref_frame]]></Name>
            <Exclude>0</Exclude>
            <Additive>0</Additive>
            <IKPriority>0</IKPriority>
            <IKRotLimits>-1e+010 -1e+010 -1e+010 1e+010 1e+010 1e+010</IKRotLimits>
            <IKRotLimitOrder>0</IKRotLimitOrder>
            <KeyFrames count="121">
                <i>1 0 0 0 1 0 0 0 1 -0.64 2.65 -2.63</i>
                <i>1 0 0 0 1 0 0 0 1 -0.64 2.65 -2.63</i>
                <i>1 0 0 0 1 0 0 0 1 -0.64 2.65 -2.63</i>
                <i>1 0 0 0 1 0 0 0 1 -0.64 2.65 -2.63</i>
                <i>1 0 0 0 1 0 0 0 1 -0.64 2.65 -2.63</i>
                <i>1 0 0 0 1 0 0 0 1 -0.64 2.65 -2.63</i>
                <i>1 0 0 0 1 0 0 0 1 -0.64 2.65 -2.63</i>
                <i>1 0 0 0 1 0 0 0 1 -0.64 2.65 -2.63</i>
                <i>1 0 0 0 1 0 0 0 1 -0.64 2.65 -2.63</i>
                <i>1 0 0 0 1 0 0 0 1 -0.64 2.65 -2.63</i>
                <i>1 0 0 0 1 0 0 0 1 -0.64 2.65 -2.63</i>
                <i>1 0 0 0 1 0 0 0 1 -0.64 2.65 -2.63</i>
                <i>1 0 0 0 1 0 0 0 1 -0.64 2.65 -2.63</i>
                <i>1 0 0 0 1 0 0 0 1 -0.64 2.65 -2.63</i>
                <i>1 0 0 0 1 0 0 0 1 -0.64 2.65 -2.63</i>
                <i>1 0 0 0 1 0 0 0 1 -0.64 2.65 -2.63</i>
                <i>1 0 0 0 1 0 0 0 1 -0.64 2.65 -2.63</i>
                <i>1 0 0 0 1 0 0 0 1 -0.64 2.65 -2.63</i>
                <i>1 0 0 0 1 0 0 0 1 -0.64 2.65 -2.63</i>
                <i>1 0 0 0 1 0 0 0 1 -0.64 2.65 -2.63</i>
                <i>1 0 0 0 1 0 0 0 1 -0.64 2.65 -2.63</i>
                <i>1 0 0 0 1 0 0 0 1 -0.64 2.65 -2.63</i>
                <i>1 0 0 0 1 0 0 0 1 -0.64 2.65 -2.63</i>
                <i>1 0 0 0 1 0 0 0 1 -0.64 2.65 -2.63</i>
                <i>1 0 0 0 1 0 0 0 1 -0.64 2.65 -2.63</i>
                <i>1 0 0 0 1 0 0 0 1 -0.64 2.65 -2.63</i>
                <i>1 0 0 0 1 0 0 0 1 -0.64 2.65 -2.63</i>
                <i>1 0 0 0 1 0 0 0 1 -0.64 2.65 -2.63</i>
                <i>1 0 0 0 1 0 0 0 1 -0.64 2.65 -2.63</i>
                <i>1 0 0 0 1 0 0 0 1 -0.64 2.65 -2.63</i>
                <i>1 0 0 0 1 0 0 0 1 -0.64 2.65 -2.63</i>
                <i>1 0 0 0 1 0 0 0 1 -0.64 2.65 -2.63</i>
                <i>1 0 0 0 1 0 0 0 1 -0.64 2.65 -2.63</i>
                <i>1 0 0 0 1 0 0 0 1 -0.64 2.65 -2.63</i>
                <i>1 0 0 0 1 0 0 0 1 -0.64 2.65 -2.63</i>
                <i>1 0 0 0 1 0 0 0 1 -0.64 2.65 -2.63</i>
                <i>1 0 0 0 1 0 0 0 1 -0.64 2.65 -2.63</i>
                <i>1 0 0 0 1 0 0 0 1 -0.64 2.65 -2.63</i>
                <i>1 0 0 0 1 0 0 0 1 -0.64 2.65 -2.63</i>
                <i>1 0 0 0 1 0 0 0 1 -0.64 2.65 -2.63</i>
                <i>1 0 0 0 1 0 0 0 1 -0.64 2.65 -2.63</i>
                <i>1 0 0 0 1 0 0 0 1 -0.64 2.65 -2.63</i>
                <i>1 0 0 0 1 0 0 0 1 -0.64 2.65 -2.63</i>
                <i>1 0 0 0 1 0 0 0 1 -0.64 2.65 -2.63</i>
                <i>1 0 0 0 1 0 0 0 1 -0.64 2.65 -2.63</i>
                <i>1 0 0 0 1 0 0 0 1 -0.64 2.65 -2.63</i>
                <i>1 0 0 0 1 0 0 0 1 -0.64 2.65 -2.63</i>
                <i>1 0 0 0 1 0 0 0 1 -0.64 2.65 -2.63</i>
                <i>1 0 0 0 1 0 0 0 1 -0.64 2.65 -2.63</i>
                <i>1 0 0 0 1 0 0 0 1 -0.64 2.65 -2.63</i>
                <i>1 0 0 0 1 0 0 0 1 -0.64 2.65 -2.63</i>
                <i>1 0 0 0 1 0 0 0 1 -0.64 2.65 -2.63</i>
                <i>1 0 0 0 1 0 0 0 1 -0.64 2.65 -2.63</i>
                <i>1 0 0 0 1 0 0 0 1 -0.64 2.65 -2.63</i>
                <i>1 0 0 0 1 0 0 0 1 -0.64 2.65 -2.63</i>
                <i>1 0 0 0 1 0 0 0 1 -0.64 2.65 -2.63</i>
                <i>1 0 0 0 1 0 0 0 1 -0.64 2.65 -2.63</i>
                <i>1 0 0 0 1 0 0 0 1 -0.64 2.65 -2.63</i>
                <i>1 0 0 0 1 0 0 0 1 -0.64 2.65 -2.63</i>
                <i>1 0 0 0 1 0 0 0 1 -0.64 2.65 -2.63</i>
                <i>1 0 0 0 1 0 0 0 1 -0.64 2.65 -2.63</i>
                <i>1 0 0 0 1 0 0 0 1 -0.64 2.65 -2.63</i>
                <i>1 0 0 0 1 0 0 0 1 -0.64 2.65 -2.63</i>
                <i>1 0 0 0 1 0 0 0 1 -0.64 2.65 -2.63</i>
                <i>1 0 0 0 1 0 0 0 1 -0.64 2.65 -2.63</i>
                <i>1 0 0 0 1 0 0 0 1 -0.64 2.65 -2.63</i>
                <i>1 0 0 0 1 0 0 0 1 -0.64 2.65 -2.63</i>
                <i>1 0 0 0 1 0 0 0 1 -0.64 2.65 -2.63</i>
                <i>1 0 0 0 1 0 0 0 1 -0.64 2.65 -2.63</i>
                <i>1 0 0 0 1 0 0 0 1 -0.64 2.65 -2.63</i>
                <i>1 0 0 0 1 0 0 0 1 -0.64 2.65 -2.63</i>
                <i>1 0 0 0 1 0 0 0 1 -0.64 2.65 -2.63</i>
                <i>1 0 0 0 1 0 0 0 1 -0.64 2.65 -2.63</i>
                <i>1 0 0 0 1 0 0 0 1 -0.64 2.65 -2.63</i>
                <i>1 0 0 0 1 0 0 0 1 -0.64 2.65 -2.63</i>
                <i>1 0 0 0 1 0 0 0 1 -0.64 2.65 -2.63</i>
                <i>1 0 0 0 1 0 0 0 1 -0.64 2.65 -2.63</i>
                <i>1 0 0 0 1 0 0 0 1 -0.64 2.65 -2.63</i>
                <i>1 0 0 0 1 0 0 0 1 -0.64 2.65 -2.63</i>
                <i>1 0 0 0 1 0 0 0 1 -0.64 2.65 -2.63</i>
                <i>1 0 0 0 1 0 0 0 1 -0.64 2.65 -2.63</i>
                <i>1 0 0 0 1 0 0 0 1 -0.64 2.65 -2.63</i>
                <i>1 0 0 0 1 0 0 0 1 -0.64 2.65 -2.63</i>
                <i>1 0 0 0 1 0 0 0 1 -0.64 2.65 -2.63</i>
                <i>1 0 0 0 1 0 0 0 1 -0.64 2.65 -2.63</i>
                <i>1 0 0 0 1 0 0 0 1 -0.64 2.65 -2.63</i>
                <i>1 0 0 0 1 0 0 0 1 -0.64 2.65 -2.63</i>
                <i>1 0 0 0 1 0 0 0 1 -0.64 2.65 -2.63</i>
                <i>1 0 0 0 1 0 0 0 1 -0.64 2.65 -2.63</i>
                <i>1 0 0 0 1 0 0 0 1 -0.64 2.65 -2.63</i>
                <i>1 0 0 0 1 0 0 0 1 -0.64 2.65 -2.63</i>
                <i>1 0 0 0 1 0 0 0 1 -0.64 2.65 -2.63</i>
                <i>1 0 0 0 1 0 0 0 1 -0.64 2.65 -2.63</i>
                <i>1 0 0 0 1 0 0 0 1 -0.64 2.65 -2.63</i>
                <i>1 0 0 0 1 0 0 0 1 -0.64 2.65 -2.63</i>
                <i>1 0 0 0 1 0 0 0 1 -0.64 2.65 -2.63</i>
                <i>1 0 0 0 1 0 0 0 1 -0.64 2.65 -2.63</i>
                <i>1 0 0 0 1 0 0 0 1 -0.64 2.65 -2.63</i>
                <i>1 0 0 0 1 0 0 0 1 -0.64 2.65 -2.63</i>
                <i>1 0 0 0 1 0 0 0 1 -0.64 2.65 -2.63</i>
                <i>1 0 0 0 1 0 0 0 1 -0.64 2.65 -2.63</i>
                <i>1 0 0 0 1 0 0 0 1 -0.64 2.65 -2.63</i>
                <i>1 0 0 0 1 0 0 0 1 -0.64 2.65 -2.63</i>
                <i>1 0 0 0 1 0 0 0 1 -0.64 2.65 -2.63</i>
                <i>1 0 0 0 1 0 0 0 1 -0.64 2.65 -2.63</i>
                <i>1 0 0 0 1 0 0 0 1 -0.64 2.65 -2.63</i>
                <i>1 0 0 0 1 0 0 0 1 -0.64 2.65 -2.63</i>
                <i>1 0 0 0 1 0 0 0 1 -0.64 2.65 -2.63</i>
                <i>1 0 0 0 1 0 0 0 1 -0.64 2.65 -2.63</i>
                <i>1 0 0 0 1 0 0 0 1 -0.64 2.65 -2.63</i>
                <i>1 0 0 0 1 0 0 0 1 -0.64 2.65 -2.63</i>
                <i>1 0 0 0 1 0 0 0 1 -0.64 2.65 -2.63</i>
                <i>1 0 0 0 1 0 0 0 1 -0.64 2.65 -2.63</i>
                <i>1 0 0 0 1 0 0 0 1 -0.64 2.65 -2.63</i>
                <i>1 0 0 0 1 0 0 0 1 -0.64 2.65 -2.63</i>
                <i>1 0 0 0 1 0 0 0 1 -0.64 2.65 -2.63</i>
                <i>1 0 0 0 1 0 0 0 1 -0.64 2.65 -2.63</i>
                <i>1 0 0 0 1 0 0 0 1 -0.64 2.65 -2.63</i>
                <i>1 0 0 0 1 0 0 0 1 -0.64 2.65 -2.63</i>
                <i>1 0 0 0 1 0 0 0 1 -0.64 2.65 -2.63</i>
                <i>1 0 0 0 1 0 0 0 1 -0.64 2.65 -2.63</i>
            </KeyFrames>
        </RefFrame>
        <Bones count="23">
            <i>
                <p>
                    <Name><![CDATA[pelvis]]></Name>
                    <Exclude>0</Exclude>
                    <Additive>0</Additive>
                    <IKPriority>0</IKPriority>
                    <IKRotLimits>-1e+010 -1e+010 -1e+010 1e+010 1e+010 1e+010</IKRotLimits>
                    <IKRotLimitOrder>2</IKRotLimitOrder>
                    <KeyFrames count="121">
                        <i>1 0 0 0 1 0 0 0 1 -0.658239 3.76543 -2.63107</i>
                        <i>1 0 0 0 1 0 0 0 1 -0.658296 3.72436 -2.63107</i>
                        <i>1 0 0 0 1 0 0 0 1 -0.658457 3.69171 -2.63107</i>
                        <i>1 0 0 0 1 0 0 0 1 -0.658679 3.6441 -2.63107</i>
                        <i>1 0 0 0 1 0 0 0 1 -0.658938 3.62354 -2.63107</i>
                        <i>1 0 0 0 1 0 0 0 1 -0.659288 3.69515 -2.63107</i>
                        <i>1 0 0 0 1 0 0 0 1 -0.659708 3.76084 -2.63107</i>
                        <i>1 0 0 0 1 0 0 0 1 -0.660148 3.71984 -2.63107</i>
                        <i>1 0 0 0 1 0 0 0 1 -0.660583 3.66559 -2.63107</i>
                        <i>1 0 0 0 1 0 0 0 1 -0.660902 3.65145 -2.63107</i>
                        <i>1 0 0 0 1 0 0 0 1 -0.66119 3.67319 -2.63107</i>
                        <i>1 0 0 0 1 0 0 0 1 -0.661562 3.75079 -2.63107</i>
                        <i>1 0 0 0 1 0 0 0 1 -0.66191 3.81236 -2.63107</i>
                        <i>1 0 0 0 1 0 0 0 1 -0.662168 3.7765 -2.63107</i>
                        <i>1 0 0 0 1 0 0 0 1 -0.662259 3.71742 -2.63107</i>
                        <i>1 0 0 0 1 0 0 0 1 -0.661958 3.66846 -2.63107</i>
                        <i>1 0 0 0 1 0 0 0 1 -0.661509 3.64542 -2.63107</i>
                        <i>1 0 0 0 1 0 0 0 1 -0.661192 3.71838 -2.63107</i>
                        <i>1 0 0 0 1 0 0 0 1 -0.660783 3.78535 -2.63107</i>
                        <i>1 0 0 0 1 0 0 0 1 -0.660222 3.74884 -2.63107</i>
                        <i>1 0 0 0 1 0 0 0 1 -0.659533 3.69118 -2.63107</i>
                        <i>1 0 0 0 1 0 0 0 1 -0.658753 3.64988 -2.63107</i>
                        <i>1 0 0 0 1 0 0 0 1 -0.658021 3.63653 -2.63107</i>
                        <i>1 0 0 0 1 0 0 0 1 -0.657295 3.71071 -2.63107</i>
                        <i>1 0 0 0 1 0 0 0 1 -0.656537 3.77674 -2.63107</i>
                        <i>1 0 0 0 1 0 0 0 1 -0.655796 3.74134 -2.63107</i>
                        <i>1 0 0 0 1 0 0 0 1 -0.655147 3.68257 -2.63107</i>
                        <i>1 0 0 0 1 0 0 0 1 -0.654811 3.6336 -2.63107</i>
                        <i>1 0 0 0 1 0 0 0 1 -0.654643 3.61034 -2.63107</i>
                        <i>1 0 0 0 1 0 0 0 1 -0.654327 3.68319 -2.63107</i>
                        <i>1 0 0 0 1 0 0 0 1 -0.654093 3.74997 -2.63107</i>
                        <i>1 0 0 0 1 0 0 0 1 -0.654132 3.70841 -2.63107</i>
                        <i>1 0 0 0 1 0 0 0 1 -0.654459 3.65488 -2.63107</i>
                        <i>1 0 0 0 1 0 0 0 1 -0.655115 3.64913 -2.63107</i>
                        <i>1 0 0 0 1 0 0 0 1 -0.655885 3.67524 -2.63107</i>
                        <i>1 0 0 0 1 0 0 0 1 -0.656697 3.74008 -2.63107</i>
                        <i>1 0 0 0 1 0 0 0 1 -0.65761 3.78698 -2.63107</i>
                        <i>1 0 0 0 1 0 0 0 1 -0.658601 3.7366 -2.63107</i>
                        <i>1 0 0 0 1 0 0 0 1 -0.65961 3.67491 -2.63107</i>
                        <i>1 0 0 0 1 0 0 0 1 -0.660516 3.6628 -2.63107</i>
                        <i>1 0 0 0 1 0 0 0 1 -0.661305 3.68169 -2.63107</i>
                        <i>1 0 0 0 1 0 0 0 1 -0.662096 3.75234 -2.63107</i>
                        <i>1 0 0 0 1 0 0 0 1 -0.662784 3.80656 -2.63107</i>
                        <i>1 0 0 0 1 0 0 0 1 -0.66327 3.76333 -2.63107</i>
                        <i>1 0 0 0 1 0 0 0 1 -0.663445 3.70245 -2.63107</i>
                        <i>1 0 0 0 1 0 0 0 1 -0.663108 3.67108 -2.63107</i>
                        <i>1 0 0 0 1 0 0 0 1 -0.662554 3.66574 -2.63107</i>
                        <i>1 0 0 0 1 0 0 0 1 -0.662059 3.73092 -2.63107</i>
                        <i>1 0 0 0 1 0 0 0 1 -0.661419 3.78502 -2.63107</i>
                        <i>1 0 0 0 1 0 0 0 1 -0.660584 3.736 -2.63107</i>
                        <i>1 0 0 0 1 0 0 0 1 -0.659606 3.67762 -2.63107</i>
                        <i>1 0 0 0 1 0 0 0 1 -0.658533 3.67475 -2.63107</i>
                        <i>1 0 0 0 1 0 0 0 1 -0.657463 3.70422 -2.63107</i>
                        <i>1 0 0 0 1 0 0 0 1 -0.65637 3.77155 -2.63107</i>
                        <i>1 0 0 0 1 0 0 0 1 -0.655264 3.81973 -2.63107</i>
                        <i>1 0 0 0 1 0 0 0 1 -0.654203 3.77051 -2.63107</i>
                        <i>1 0 0 0 1 0 0 0 1 -0.653261 3.70962 -2.63107</i>
                        <i>1 0 0 0 1 0 0 0 1 -0.652632 3.69143 -2.63107</i>
                        <i>1 0 0 0 1 0 0 0 1 -0.652196 3.69806 -2.63107</i>
                        <i>1 0 0 0 1 0 0 0 1 -0.651742 3.76157 -2.63107</i>
                        <i>1 0 0 0 1 0 0 0 1 -0.651473 3.83023 -2.63107</i>
                        <i>1 0 0 0 1 0 0 0 1 -0.651494 3.78274 -2.63107</i>
                        <i>1 0 0 0 1 0 0 0 1 -0.651844 3.71892 -2.63107</i>
                        <i>1 0 0 0 1 0 0 0 1 -0.652644 3.69257 -2.63107</i>
                        <i>1 0 0 0 1 0 0 0 1 -0.653559 3.6886 -2.63107</i>
                        <i>1 0 0 0 1 0 0 0 1 -0.654319 3.75029 -2.63107</i>
                        <i>1 0 0 0 1 0 0 0 1 -0.655142 3.80038 -2.63107</i>
                        <i>1 0 0 0 1 0 0 0 1 -0.656058 3.7518 -2.63107</i>
                        <i>1 0 0 0 1 0 0 0 1 -0.65702 3.68836 -2.63107</i>
                        <i>1 0 0 0 1 0 0 0 1 -0.657962 3.66456 -2.63107</i>
                        <i>1 0 0 0 1 0 0 0 1 -0.658766 3.66682 -2.63107</i>
                        <i>1 0 0 0 1 0 0 0 1 -0.659464 3.73035 -2.63107</i>
                        <i>1 0 0 0 1 0 0 0 1 -0.660045 3.7806 -2.63107</i>
                        <i>1 0 0 0 1 0 0 0 1 -0.660443 3.73286 -2.63107</i>
                        <i>1 0 0 0 1 0 0 0 1 -0.660585 3.66929 -2.63107</i>
                        <i>1 0 0 0 1 0 0 0 1 -0.660437 3.64221 -2.63107</i>
                        <i>1 0 0 0 1 0 0 0 1 -0.660186 3.64013 -2.63107</i>
                        <i>1 0 0 0 1 0 0 0 1 -0.659953 3.70362 -2.63107</i>
                        <i>1 0 0 0 1 0 0 0 1 -0.659653 3.75488 -2.63107</i>
                        <i>1 0 0 0 1 0 0 0 1 -0.659267 3.70783 -2.63107</i>
                        <i>1 0 0 0 1 0 0 0 1 -0.658811 3.64427 -2.63107</i>
                        <i>1 0 0 0 1 0 0 0 1 -0.658314 3.61375 -2.63107</i>
                        <i>1 0 0 0 1 0 0 0 1 -0.657842 3.61071 -2.63107</i>
                        <i>1 0 0 0 1 0 0 0 1 -0.657354 3.68611 -2.63107</i>
                        <i>1 0 0 0 1 0 0 0 1 -0.656843 3.75068 -2.63107</i>
                        <i>1 0 0 0 1 0 0 0 1 -0.656348 3.71166 -2.63107</i>
                        <i>1 0 0 0 1 0 0 0 1 -0.655909 3.6563 -2.63107</i>
                        <i>1 0 0 0 1 0 0 0 1 -0.655653 3.62525 -2.63107</i>
                        <i>1 0 0 0 1 0 0 0 1 -0.655482 3.62258 -2.63107</i>
                        <i>1 0 0 0 1 0 0 0 1 -0.655251 3.69671 -2.63107</i>
                        <i>1 0 0 0 1 0 0 0 1 -0.655089 3.77964 -2.63107</i>
                        <i>1 0 0 0 1 0 0 0 1 -0.655083 3.7421 -2.63107</i>
                        <i>1 0 0 0 1 0 0 0 1 -0.655262 3.68467 -2.63107</i>
                        <i>1 0 0 0 1 0 0 0 1 -0.655698 3.6513 -2.63107</i>
                        <i>1 0 0 0 1 0 0 0 1 -0.656188 3.64145 -2.63107</i>
                        <i>1 0 0 0 1 0 0 0 1 -0.65661 3.69879 -2.63107</i>
                        <i>1 0 0 0 1 0 0 0 1 -0.657062 3.75057 -2.63107</i>
                        <i>1 0 0 0 1 0 0 0 1 -0.657561 3.70996 -2.63107</i>
                        <i>1 0 0 0 1 0 0 0 1 -0.658086 3.65519 -2.63107</i>
                        <i>1 0 0 0 1 0 0 0 1 -0.658586 3.63944 -2.63107</i>
                        <i>1 0 0 0 1 0 0 0 1 -0.659019 3.65542 -2.63107</i>
                        <i>1 0 0 0 1 0 0 0 1 -0.659413 3.71794 -2.63107</i>
                        <i>1 0 0 0 1 0 0 0 1 -0.659748 3.76859 -2.63107</i>
                        <i>1 0 0 0 1 0 0 0 1 -0.659989 3.7286 -2.63107</i>
                        <i>1 0 0 0 1 0 0 0 1 -0.660083 3.67362 -2.63107</i>
                        <i>1 0 0 0 1 0 0 0 1 -0.660007 3.65555 -2.63107</i>
                        <i>1 0 0 0 1 0 0 0 1 -0.659901 3.66721 -2.63107</i>
                        <i>1 0 0 0 1 0 0 0 1 -0.659827 3.72452 -2.63107</i>
                        <i>1 0 0 0 1 0 0 0 1 -0.659746 3.77194 -2.63107</i>
                        <i>1 0 0 0 1 0 0 0 1 -0.659642 3.73135 -2.63107</i>
                        <i>1 0 0 0 1 0 0 0 1 -0.659503 3.67726 -2.63107</i>
                        <i>1 0 0 0 1 0 0 0 1 -0.659307 3.66466 -2.63107</i>
                        <i>1 0 0 0 1 0 0 0 1 -0.659119 3.68331 -2.63107</i>
                        <i>1 0 0 0 1 0 0 0 1 -0.65896 3.74143 -2.63107</i>
                        <i>1 0 0 0 1 0 0 0 1 -0.658811 3.7881 -2.63107</i>
                        <i>1 0 0 0 1 0 0 0 1 -0.658669 3.75079 -2.63107</i>
                        <i>1 0 0 0 1 0 0 0 1 -0.658532 3.69342 -2.63107</i>
                        <i>1 0 0 0 1 0 0 0 1 -0.658404 3.64921 -2.63107</i>
                        <i>1 0 0 0 1 0 0 0 1 -0.658312 3.62968 -2.63107</i>
                        <i>1 0 0 0 1 0 0 0 1 -0.658259 3.70188 -2.63107</i>
                        <i>1 0 0 0 1 0 0 0 1 -0.658239 3.78666 -2.63107</i>
                    </KeyFrames>
                </p>
            </i>
            <i>
                <p>
                    <Name><![CDATA[spine0]]></Name>
                    <Exclude>0</Exclude>
                    <Additive>0</Additive>
                    <IKPriority>0</IKPriority>
                    <IKRotLimits>-1e+010 -1e+010 -1e+010 1e+010 1e+010 1e+010</IKRotLimits>
                    <IKRotLimitOrder>0</IKRotLimitOrder>
                    <KeyFrames count="121">
                        <i>0.307515 0.8986 0.312974 -0.74271 0.0210627 0.669281 0.594824 -0.438263 0.673877 -0.655768 3.90719 -2.65543</i>
                        <i>0.332474 0.878871 0.342119 -0.74342 0.0210076 0.668495 0.580334 -0.476596 0.660355 -0.647517 3.867 -2.64633</i>
                        <i>0.355676 0.858342 0.369787 -0.743142 0.0197932 0.668841 0.566775 -0.512695 0.644911 -0.641036 3.8343 -2.63893</i>
                        <i>0.349157 0.864604 0.361317 -0.742686 0.0202081 0.669335 0.571408 -0.502048 0.649185 -0.644691 3.78681 -2.64266</i>
                        <i>0.346041 0.867989 0.356161 -0.740876 0.0198924 0.671347 0.575637 -0.496185 0.649956 -0.650373 3.76609 -2.64842</i>
                        <i>0.333902 0.878157 0.342563 -0.737178 0.0167936 0.67549 0.587434 -0.478078 0.652965 -0.66054 3.83633 -2.65871</i>
                        <i>0.319144 0.889632 0.326654 -0.734663 0.0145022 0.678277 0.598679 -0.456449 0.658208 -0.668721 3.89988 -2.66686</i>
                        <i>0.337224 0.874695 0.348122 -0.738841 0.0167317 0.673672 0.583433 -0.484385 0.651903 -0.656295 3.86194 -2.65319</i>
                        <i>0.358056 0.855877 0.37319 -0.743698 0.0197585 0.668224 0.564543 -0.516802 0.643588 -0.642338 3.80812 -2.63784</i>
                        <i>0.34993 0.863434 0.363361 -0.742943 0.0195312 0.66907 0.570601 -0.504084 0.648316 -0.646683 3.79417 -2.64216</i>
                        <i>0.344486 0.868608 0.356161 -0.740911 0.0185653 0.671347 0.576525 -0.495153 0.649956 -0.65288 3.81576 -2.64842</i>
                        <i>0.329923 0.8806 0.34014 -0.737915 0.0158526 0.674708 0.588755 -0.473595 0.655038 -0.662083 3.89216 -2.65773</i>
                        <i>0.3132 0.893413 0.322055 -0.736066 0.0140818 0.676764 0.600094 -0.449016 0.662021 -0.669311 3.95196 -2.66503</i>
                        <i>0.345221 0.868208 0.356424 -0.739297 0.0176154 0.673149 0.578155 -0.495888 0.647945 -0.657503 3.91873 -2.65216</i>
                        <i>0.375247 0.841229 0.389261 -0.742845 0.0217445 0.66911 0.55441 -0.540242 0.633062 -0.644239 3.85998 -2.6379</i>
                        <i>0.350305 0.862883 0.364308 -0.743011 0.0191879 0.669004 0.570282 -0.50504 0.647853 -0.647706 3.81119 -2.64201</i>
                        <i>0.32414 0.883583 0.337956 -0.741524 0.0154767 0.670748 0.587431 -0.468019 0.660215 -0.653245 3.788 -2.64842</i>
                        <i>0.316417 0.890199 0.327759 -0.73705 0.0131935 0.67571 0.597192 -0.455381 0.660295 -0.663292 3.85941 -2.65935</i>
                        <i>0.311414 0.894648 0.320354 -0.734001 0.0123468 0.679036 0.603543 -0.446602 0.660517 -0.670917 3.92405 -2.66786</i>
                        <i>0.339867 0.869376 0.358714 -0.741858 0.0133913 0.670424 0.578046 -0.49397 0.649505 -0.659166 3.89142 -2.65019</i>
                        <i>0.367689 0.840083 0.39883 -0.747456 0.0118153 0.664207 0.553276 -0.54233 0.632269 -0.645884 3.83439 -2.63038</i>
                        <i>0.350084 0.860146 0.370931 -0.745477 0.0160607 0.666338 0.56719 -0.509795 0.646842 -0.646363 3.79303 -2.6382</i>
                        <i>0.332062 0.87874 0.342857 -0.741315 0.0183644 0.670906 0.583256 -0.476948 0.657521 -0.649346 3.77907 -2.64842</i>
                        <i>0.326684 0.883904 0.334652 -0.73697 0.0165453 0.675723 0.591737 -0.467377 0.656815 -0.658812 3.85178 -2.65921</i>
                        <i>0.32297 0.887646 0.328291 -0.734176 0.0160909 0.678769 0.597224 -0.460245 0.656885 -0.665797 3.91561 -2.66745</i>
                        <i>0.354635 0.862519 0.360965 -0.74022 0.0231316 0.671967 0.571235 -0.505496 0.646656 -0.648615 3.88373 -2.6503</i>
                        <i>0.383983 0.835476 0.393113 -0.74513 0.0289536 0.66629 0.545287 -0.548764 0.633656 -0.632066 3.82454 -2.63342</i>
                        <i>0.342925 0.867772 0.359686 -0.737722 0.0117474 0.675003 0.581523 -0.496823 0.644203 -0.648989 3.77653 -2.64631</i>
                        <i>0.302803 0.895069 0.327355 -0.730617 -0.00254693 0.682783 0.611972 -0.44592 0.653181 -0.667262 3.75063 -2.66033</i>
                        <i>0.309599 0.894303 0.323063 -0.734685 0.0092916 0.678345 0.603644 -0.447365 0.659908 -0.660832 3.82405 -2.65955</i>
                        <i>0.317616 0.892773 0.319494 -0.742457 0.0245676 0.669443 0.589812 -0.449836 0.670649 -0.65115 3.89172 -2.65543</i>
                        <i>0.33686 0.876651 0.343523 -0.742583 0.0230496 0.669357 0.578875 -0.480574 0.658751 -0.643973 3.85098 -2.64744</i>
                        <i>0.351272 0.862863 0.363422 -0.740409 0.0184272 0.671904 0.573064 -0.505102 0.645345 -0.641069 3.79757 -2.64352</i>
                        <i>0.339392 0.872588 0.351288 -0.734688 0.0126892 0.678287 0.587408 -0.488292 0.645386 -0.653141 3.79094 -2.65524</i>
                        <i>0.338432 0.873572 0.349765 -0.730565 0.00965706 0.682774 0.593075 -0.486599 0.64147 -0.662285 3.81519 -2.66377</i>
                        <i>0.339537 0.874889 0.345376 -0.739714 0.0215681 0.672575 0.580979 -0.483844 0.654491 -0.65364 3.88196 -2.65465</i>
                        <i>0.335969 0.879218 0.337788 -0.747396 0.0306192 0.663673 0.57317 -0.475435 0.667411 -0.646327 3.92958 -2.64637</i>
                        <i>0.346459 0.868376 0.354807 -0.744741 0.0246466 0.666898 0.570374 -0.495293 0.655255 -0.644981 3.87929 -2.64335</i>
                        <i>0.35086 0.861873 0.366158 -0.740373 0.0159025 0.672008 0.573363 -0.506875 0.643687 -0.646788 3.81766 -2.64352</i>
                        <i>0.334338 0.872881 0.355384 -0.73405 0.00468189 0.679079 0.591091 -0.487911 0.642303 -0.661909 3.80488 -2.65359</i>
                        <i>0.328128 0.875905 0.353727 -0.730608 -0.00204291 0.682794 0.598785 -0.48248 0.639273 -0.673662 3.82197 -2.66045</i>
                        <i>0.324471 0.882247 0.341115 -0.735103 0.00824724 0.677906 0.595267 -0.470715 0.651218 -0.668327 3.89333 -2.65897</i>
                        <i>0.318296 0.890296 0.325669 -0.742441 0.0204978 0.669597 0.589464 -0.454921 0.667517 -0.660808 3.94833 -2.65543</i>
                        <i>0.33088 0.878861 0.343687 -0.742574 0.0177438 0.669529 0.582325 -0.476747 0.658491 -0.654332 3.90595 -2.64767</i>
                        <i>0.338879 0.870246 0.357538 -0.740735 0.0124883 0.671682 0.580063 -0.49246 0.648853 -0.651029 3.84523 -2.64352</i>
                        <i>0.331673 0.874269 0.354466 -0.736334 0.0050215 0.6766 0.58975 -0.485416 0.645419 -0.661982 3.81359 -2.6507</i>
                        <i>0.328703 0.875176 0.354994 -0.733853 7.91036e-005 0.679309 0.594487 -0.483804 0.642276 -0.671103 3.80711 -2.65636</i>
                        <i>0.319245 0.885992 0.336306 -0.736891 0.00894133 0.675953 0.595881 -0.463615 0.655734 -0.666418 3.87236 -2.65702</i>
                        <i>0.312096 0.894824 0.319196 -0.742595 0.0202048 0.669436 0.592578 -0.445961 0.670798 -0.6593 3.92679 -2.65543</i>
                        <i>0.334345 0.876965 0.345177 -0.743949 0.0207385 0.667914 0.578579 -0.480107 0.659351 -0.649119 3.87869 -2.64536</i>
                        <i>0.354108 0.859277 0.369122 -0.744063 0.0197525 0.667817 0.566549 -0.511129 0.646351 -0.640993 3.82012 -2.63757</i>
                        <i>0.348808 0.864916 0.360907 -0.743058 0.0205457 0.668911 0.571137 -0.501497 0.649849 -0.643978 3.81745 -2.64209</i>
                        <i>0.347082 0.867573 0.356161 -0.740852 0.0207811 0.671347 0.575041 -0.496875 0.649956 -0.648727 3.84676 -2.64842</i>
                        <i>0.331114 0.878847 0.343499 -0.76712 0.038744 0.640333 0.549446 -0.475528 0.68701 -0.654094 3.91277 -2.65841</i>
                        <i>0.31226 0.891765 0.327488 -0.794077 0.0557836 0.605252 0.521474 -0.449046 0.72555 -0.657234 3.9591 -2.6667</i>
                        <i>0.334417 0.875947 0.347681 -0.769171 0.0405129 0.637758 0.544556 -0.480704 0.687301 -0.645319 3.91267 -2.65125</i>
                        <i>0.360037 0.856013 0.370966 -0.745426 0.0248498 0.666125 0.560993 -0.516357 0.647041 -0.631615 3.85178 -2.63512</i>
                        <i>0.353259 0.862893 0.36142 -0.743701 0.0246495 0.668057 0.567553 -0.504786 0.650442 -0.636253 3.83402 -2.64087</i>
                        <i>0.350646 0.866139 0.356161 -0.74076 0.0238264 0.671347 0.572994 -0.499234 0.649956 -0.642874 3.84057 -2.64842</i>
                        <i>0.337599 0.875826 0.344901 -0.73929 0.0199048 0.673092 0.582646 -0.482217 0.654209 -0.65096 3.90356 -2.65418</i>
                        <i>0.320711 0.887843 0.329968 -0.739228 0.0168154 0.673246 0.592188 -0.459839 0.661711 -0.657472 3.97139 -2.65816</i>
                        <i>0.337295 0.875063 0.347127 -0.739926 0.0184593 0.672434 0.582015 -0.483657 0.653708 -0.647103 3.92525 -2.65024</i>
                        <i>0.352125 0.862781 0.36279 -0.740399 0.0196598 0.67188 0.572553 -0.505195 0.645725 -0.638198 3.86159 -2.64352</i>
                        <i>0.336218 0.872468 0.354623 -0.734463 0.00720794 0.678611 0.58951 -0.488618 0.643219 -0.65358 3.83489 -2.65201</i>
                        <i>0.331162 0.873833 0.356015 -0.731755 -0.000364984 0.681567 0.595706 -0.486225 0.639311 -0.666075 3.82944 -2.65757</i>
                        <i>0.335023 0.875891 0.347239 -0.739722 0.016246 0.672717 0.583585 -0.482236 0.653358 -0.651453 3.89306 -2.64851</i>
                        <i>0.337162 0.878854 0.337547 -0.750445 0.0343949 0.660037 0.568466 -0.47585 0.671128 -0.638576 3.94293 -2.64108</i>
                        <i>0.348991 0.867026 0.355627 -0.746499 0.0277939 0.664806 0.56652 -0.497487 0.656934 -0.639249 3.89437 -2.64032</i>
                        <i>0.354765 0.859419 0.36816 -0.740263 0.0176681 0.672085 0.571098 -0.510967 0.642464 -0.643917 3.83108 -2.64352</i>
                        <i>0.339392 0.871741 0.353385 -0.733605 0.0101569 0.6795 0.588759 -0.489862 0.64296 -0.657839 3.80611 -2.65677</i>
                        <i>0.335498 0.874833 0.349441 -0.728985 0.00614989 0.684502 0.596676 -0.484386 0.639803 -0.66763 3.80613 -2.66587</i>
                        <i>0.3351 0.877037 0.344258 -0.735476 0.0151233 0.677382 0.588883 -0.480184 0.650107 -0.663188 3.87098 -2.66118</i>
                        <i>0.329904 0.882738 0.33457 -0.74215 0.0234897 0.669823 0.583419 -0.469278 0.662873 -0.657775 3.92237 -2.65543</i>
                        <i>0.350848 0.864091 0.360906 -0.737839 0.0177642 0.674743 0.576628 -0.503023 0.643792 -0.657643 3.87481 -2.65423</i>
                        <i>0.36436 0.850045 0.380348 -0.733181 0.0100238 0.67996 0.574184 -0.526614 0.626889 -0.658166 3.81131 -2.65389</i>
                        <i>0.338175 0.872283 0.353213 -0.73635 0.0115397 0.676502 0.586026 -0.488864 0.646209 -0.656657 3.78436 -2.65284</i>
                        <i>0.317891 0.88833 0.331384 -0.741718 0.0152878 0.670537 0.590592 -0.458951 0.66375 -0.651767 3.78269 -2.64842</i>
                        <i>0.330199 0.881148 0.338448 -0.747892 0.0254785 0.663331 0.57587 -0.472154 0.667417 -0.645028 3.84629 -2.64201</i>
                        <i>0.336825 0.877973 0.340165 -0.751688 0.0331739 0.658684 0.567022 -0.477559 0.671136 -0.641546 3.89738 -2.63891</i>
                        <i>0.348633 0.866497 0.357265 -0.747262 0.0268912 0.663986 0.565734 -0.498458 0.656875 -0.641578 3.85038 -2.63903</i>
                        <i>0.354006 0.85957 0.368537 -0.740272 0.0167143 0.6721 0.571557 -0.510745 0.642232 -0.645903 3.78701 -2.64352</i>
                        <i>0.339179 0.871753 0.353559 -0.733046 0.00937589 0.680114 0.589577 -0.489855 0.642216 -0.659023 3.75515 -2.65756</i>
                        <i>0.335723 0.874795 0.349318 -0.728085 0.00570505 0.685463 0.597647 -0.484459 0.638841 -0.667767 3.74966 -2.66701</i>
                        <i>0.332762 0.879095 0.341264 -0.733669 0.0139857 0.679363 0.592452 -0.476441 0.649619 -0.663447 3.82607 -2.66377</i>
                        <i>0.327835 0.884987 0.330639 -0.742199 0.0247259 0.669723 0.584521 -0.464959 0.664943 -0.654213 3.89244 -2.65543</i>
                        <i>0.35534 0.861937 0.361659 -0.748738 0.0308431 0.662148 0.559575 -0.506076 0.656325 -0.635504 3.85392 -2.63605</i>
                        <i>0.378901 0.838616 0.391354 -0.752577 0.0331135 0.657671 0.538574 -0.543716 0.64367 -0.621977 3.79579 -2.62182</i>
                        <i>0.362284 0.854766 0.371651 -0.747968 0.0286983 0.663114 0.556142 -0.518219 0.649735 -0.632239 3.76718 -2.6332</i>
                        <i>0.348536 0.86699 0.356161 -0.740816 0.022023 0.671347 0.574208 -0.497838 0.649956 -0.646507 3.76511 -2.64842</i>
                        <i>0.336723 0.877143 0.3424 -0.737495 0.0195957 0.675068 0.585422 -0.47983 0.653487 -0.65548 3.838 -2.65815</i>
                        <i>0.323152 0.888154 0.326733 -0.736597 0.0193024 0.676056 0.594135 -0.45914 0.66045 -0.660781 3.91955 -2.66405</i>
                        <i>0.338639 0.874833 0.346397 -0.738308 0.0188365 0.674201 0.583288 -0.484059 0.652275 -0.651446 3.88408 -2.65397</i>
                        <i>0.3537 0.860713 0.366155 -0.740316 0.0183463 0.672008 0.571689 -0.508759 0.643689 -0.641968 3.82737 -2.64352</i>
                        <i>0.338859 0.868608 0.361519 -0.739483 0.00832723 0.673124 0.58167 -0.495431 0.645142 -0.652014 3.79443 -2.64503</i>
                        <i>0.330186 0.871655 0.362207 -0.739346 0.000273315 0.673326 0.586809 -0.490119 0.644545 -0.662375 3.7843 -2.64693</i>
                        <i>0.330839 0.877121 0.348143 -0.73945 0.011744 0.673109 0.586309 -0.480125 0.652473 -0.65939 3.84107 -2.65215</i>
                        <i>0.327381 0.885256 0.330368 -0.742211 0.0245506 0.669716 0.58476 -0.464455 0.665085 -0.654458 3.89233 -2.65543</i>
                        <i>0.345874 0.869078 0.35366 -0.744551 0.0248454 0.667103 0.570978 -0.494052 0.655666 -0.644178 3.85264 -2.64372</i>
                        <i>0.36173 0.853419 0.375269 -0.745967 0.0235199 0.665567 0.559181 -0.520694 0.645131 -0.635882 3.7973 -2.63401</i>
                        <i>0.35263 0.861901 0.364389 -0.744285 0.0223128 0.667489 0.567179 -0.506586 0.649368 -0.641899 3.78205 -2.63988</i>
                        <i>0.345998 0.868007 0.356161 -0.740877 0.0198551 0.671347 0.575662 -0.496156 0.649956 -0.650462 3.79797 -2.64842</i>
                        <i>0.323949 0.881519 0.343484 -0.736868 0.00738835 0.675997 0.593366 -0.472091 0.651956 -0.665291 3.85967 -2.65507</i>
                        <i>0.300854 0.895106 0.329047 -0.735825 -0.00161444 0.67717 0.606671 -0.44585 0.658156 -0.677345 3.90859 -2.65913</i>
                        <i>0.319864 0.883292 0.342755 -0.737046 0.00465475 0.675827 0.595357 -0.468799 0.652516 -0.663205 3.87089 -2.65203</i>
                        <i>0.342206 0.868505 0.358601 -0.740662 0.0144839 0.671721 0.578199 -0.49547 0.648225 -0.647313 3.81637 -2.64352</i>
                        <i>0.345051 0.867431 0.358474 -0.741642 0.0179004 0.670557 0.575245 -0.497235 0.6495 -0.647976 3.79828 -2.64451</i>
                        <i>0.345383 0.868251 0.356161 -0.740891 0.0193303 0.671347 0.576013 -0.495748 0.649956 -0.651444 3.80977 -2.64842</i>
                        <i>0.316736 0.886514 0.337299 -0.737456 0.00651911 0.675364 0.596521 -0.462655 0.65583 -0.665049 3.86641 -2.65424</i>
                        <i>0.290202 0.901958 0.319774 -0.736231 -0.00304135 0.676723 0.611348 -0.431814 0.663167 -0.677126 3.91205 -2.6587</i>
                        <i>0.315432 0.886446 0.338699 -0.736994 0.00400295 0.675888 0.597782 -0.462815 0.654568 -0.663325 3.87357 -2.65245</i>
                        <i>0.344927 0.866549 0.360719 -0.740577 0.0151333 0.671801 0.57669 -0.498863 0.646966 -0.646669 3.82 -2.64352</i>
                        <i>0.349594 0.864081 0.362144 -0.744783 0.0218034 0.66695 0.568403 -0.502881 0.651175 -0.642128 3.80725 -2.63929</i>
                        <i>0.355768 0.86045 0.364766 -0.746976 0.02724 0.664293 0.561655 -0.508805 0.652427 -0.640306 3.82578 -2.63779</i>
                        <i>0.338769 0.875199 0.345343 -0.744827 0.0252005 0.666782 0.574864 -0.483106 0.660409 -0.648169 3.88406 -2.64645</i>
                        <i>0.317501 0.891743 0.322471 -0.742463 0.0222403 0.669517 0.589865 -0.451996 0.669148 -0.656403 3.92987 -2.65543</i>
                        <i>0.340173 0.873101 0.349252 -0.743712 0.0225038 0.668121 0.575477 -0.48702 0.656991 -0.647052 3.89346 -2.64542</i>
                        <i>0.361776 0.853344 0.375396 -0.744792 0.0223685 0.666922 0.560716 -0.520868 0.643656 -0.638158 3.83575 -2.63586</i>
                        <i>0.35111 0.863115 0.362979 -0.7411 0.0192391 0.671119 0.572269 -0.50464 0.64641 -0.646722 3.79191 -2.64506</i>
                        <i>0.341542 0.871267 0.352482 -0.736637 0.0152349 0.676117 0.583708 -0.490574 0.647011 -0.656298 3.7715 -2.65513</i>
                        <i>0.323278 0.886233 0.331786 -0.738539 0.0170739 0.673995 0.591652 -0.462924 0.660037 -0.657694 3.84338 -2.657</i>
                        <i>0.307515 0.8986 0.312974 -0.74271 0.0210627 0.669281 0.594824 -0.438263 0.673877 -0.655768 3.92842 -2.65543</i>
                    </KeyFrames>
                </p>
            </i>
            <i>
                <p>
                    <Name><![CDATA[spine1]]></Name>
                    <Exclude>0</Exclude>
                    <Additive>0</Additive>
                    <IKPriority>0</IKPriority>
                    <IKRotLimits>-1e+010 -1e+010 -1e+010 1e+010 1e+010 1e+010</IKRotLimits>
                    <IKRotLimitOrder>0</IKRotLimitOrder>
                    <KeyFrames count="121">
                        <i>0.474558 0.583068 0.659413 -0.744943 -0.133022 0.653732 0.468887 -0.801459 0.371226 -0.601376 4.0662 -2.60008</i>
                        <i>0.461402 0.597311 0.655993 -0.74922 -0.133675 0.648691 0.47516 -0.790791 0.38584 -0.589315 4.0209 -2.58644</i>
                        <i>0.452196 0.604527 0.655795 -0.752522 -0.136098 0.644351 0.478779 -0.784872 0.393377 -0.579078 3.98385 -2.57451</i>
                        <i>0.467785 0.582147 0.665043 -0.751315 -0.134399 0.646114 0.465514 -0.801899 0.374506 -0.583603 3.93812 -2.57944</i>
                        <i>0.499464 0.52884 0.686196 -0.749748 -0.132997 0.648221 0.434067 -0.838237 0.330069 -0.589164 3.91969 -2.58542</i>
                        <i>0.527372 0.478677 0.70196 -0.744864 -0.136969 0.653006 0.408725 -0.867242 0.284316 -0.600088 3.99543 -2.5967</i>
                        <i>0.538205 0.461992 0.704911 -0.740252 -0.140747 0.657432 0.402943 -0.875645 0.26624 -0.609968 4.06383 -2.60673</i>
                        <i>0.505008 0.519639 0.689161 -0.746496 -0.137841 0.650956 0.433256 -0.843194 0.318297 -0.595904 4.01867 -2.59085</i>
                        <i>0.455384 0.598835 0.658804 -0.753459 -0.134967 0.643493 0.474263 -0.789418 0.389736 -0.580153 3.95679 -2.57303</i>
                        <i>0.470139 0.577363 0.667549 -0.751714 -0.134392 0.64565 0.462488 -0.805351 0.370829 -0.585548 3.94506 -2.57868</i>
                        <i>0.498516 0.529733 0.686196 -0.749508 -0.13434 0.648221 0.435568 -0.837458 0.330069 -0.591946 3.96946 -2.58542</i>
                        <i>0.518659 0.495824 0.696529 -0.744743 -0.138143 0.652897 0.419942 -0.857365 0.297612 -0.60256 4.05114 -2.59636</i>
                        <i>0.5246 0.489823 0.696324 -0.740372 -0.141298 0.657179 0.420291 -0.860295 0.288527 -0.612035 4.11549 -2.60614</i>
                        <i>0.520266 0.488025 0.700825 -0.748566 -0.134399 0.649297 0.411063 -0.86242 0.295395 -0.595886 4.07378 -2.58855</i>
                        <i>0.501919 0.516094 0.694063 -0.756218 -0.12761 0.641756 0.419776 -0.846972 0.32623 -0.579059 4.00612 -2.57028</i>
                        <i>0.471641 0.574435 0.669014 -0.751862 -0.134427 0.645471 0.460714 -0.807437 0.368494 -0.586533 3.96191 -2.57839</i>
                        <i>0.449486 0.613248 0.64953 -0.745802 -0.142586 0.65073 0.491673 -0.776914 0.393271 -0.595989 3.94413 -2.58872</i>
                        <i>0.495944 0.54049 0.67964 -0.741139 -0.144382 0.655642 0.452496 -0.828869 0.328973 -0.605929 4.02093 -2.59993</i>
                        <i>0.527825 0.484661 0.697499 -0.738032 -0.144726 0.659062 0.420368 -0.862646 0.281305 -0.613386 4.08951 -2.60868</i>
                        <i>0.537606 0.487796 0.687775 -0.741686 -0.114442 0.660913 0.401101 -0.865424 0.300267 -0.598411 4.04692 -2.58607</i>
                        <i>0.535453 0.522643 0.663426 -0.740108 -0.0880408 0.666701 0.406855 -0.847994 0.33967 -0.582521 3.97917 -2.56165</i>
                        <i>0.494241 0.567999 0.658106 -0.745892 -0.111758 0.656625 0.446511 -0.815406 0.36843 -0.585497 3.9426 -2.57371</i>
                        <i>0.464837 0.590293 0.659909 -0.747203 -0.13831 0.650045 0.474989 -0.795251 0.376777 -0.590657 3.93445 -2.58782</i>
                        <i>0.512583 0.510201 0.690618 -0.743128 -0.139325 0.654484 0.430139 -0.848695 0.307729 -0.599581 4.01217 -2.59854</i>
                        <i>0.543472 0.451558 0.707625 -0.740513 -0.139093 0.657491 0.395321 -0.881333 0.258791 -0.606211 4.07955 -2.60689</i>
                        <i>0.527173 0.475391 0.704338 -0.751103 -0.126955 0.647863 0.397407 -0.870567 0.29014 -0.585727 4.03675 -2.58629</i>
                        <i>0.493901 0.534982 0.68546 -0.759427 -0.118528 0.639705 0.423477 -0.836508 0.347739 -0.566298 3.96764 -2.56609</i>
                        <i>0.500245 0.552412 0.66678 -0.741336 -0.124657 0.659455 0.44741 -0.824197 0.347164 -0.587912 3.93116 -2.58225</i>
                        <i>0.506634 0.568867 0.647852 -0.724573 -0.126294 0.677528 0.467243 -0.812675 0.348201 -0.611029 3.91705 -2.59953</i>
                        <i>0.505079 0.552424 0.663116 -0.733648 -0.12988 0.667002 0.454594 -0.823382 0.339685 -0.604317 3.98745 -2.60058</i>
                        <i>0.493192 0.552093 0.672276 -0.746714 -0.127798 0.652752 0.446296 -0.82393 0.349226 -0.594972 4.0497 -2.59893</i>
                        <i>0.472719 0.580177 0.663273 -0.74936 -0.131383 0.648998 0.463677 -0.803824 0.372654 -0.584791 4.00504 -2.58709</i>
