<?xml version="1.0" encoding="ISO-8859-1" ?>
<Animl Version="1">
    <ModellingPackage><![CDATA[Maya.2010]]></ModellingPackage>
    <SrcFile><![CDATA[anims\turrets\antiair\red\~src\aa_zu232\aa_zu232_aim_random_crewman_b.mb]]></SrcFile>
    <FramesPerSecond>30</FramesPerSecond>
    <TotalFrames>61</TotalFrames>
    <Skeleton>
        <RefFrame>
            <Name><![CDATA[soldier_ref_frame]]></Name>
            <Exclude>0</Exclude>
            <Additive>0</Additive>
            <IKPriority>0</IKPriority>
            <IKRotLimits>-1e+010 -1e+010 -1e+010 1e+010 1e+010 1e+010</IKRotLimits>
            <IKRotLimitOrder>0</IKRotLimitOrder>
            <KeyFrames count="61">
                <i>1 0 0 0 1 0 0 0 1 -0.64 2.65 -2.63</i>
                <i>1 0 0 0 1 0 0 0 1 -0.64 2.65 -2.63</i>
                <i>1 0 0 0 1 0 0 0 1 -0.64 2.65 -2.63</i>
                <i>1 0 0 0 1 0 0 0 1 -0.64 2.65 -2.63</i>
                <i>1 0 0 0 1 0 0 0 1 -0.64 2.65 -2.63</i>
                <i>1 0 0 0 1 0 0 0 1 -0.64 2.65 -2.63</i>
                <i>1 0 0 0 1 0 0 0 1 -0.64 2.65 -2.63</i>
                <i>1 0 0 0 1 0 0 0 1 -0.64 2.65 -2.63</i>
                <i>1 0 0 0 1 0 0 0 1 -0.64 2.65 -2.63</i>
                <i>1 0 0 0 1 0 0 0 1 -0.64 2.65 -2.63</i>
                <i>1 0 0 0 1 0 0 0 1 -0.64 2.65 -2.63</i>
                <i>1 0 0 0 1 0 0 0 1 -0.64 2.65 -2.63</i>
                <i>1 0 0 0 1 0 0 0 1 -0.64 2.65 -2.63</i>
                <i>1 0 0 0 1 0 0 0 1 -0.64 2.65 -2.63</i>
                <i>1 0 0 0 1 0 0 0 1 -0.64 2.65 -2.63</i>
                <i>1 0 0 0 1 0 0 0 1 -0.64 2.65 -2.63</i>
                <i>1 0 0 0 1 0 0 0 1 -0.64 2.65 -2.63</i>
                <i>1 0 0 0 1 0 0 0 1 -0.64 2.65 -2.63</i>
                <i>1 0 0 0 1 0 0 0 1 -0.64 2.65 -2.63</i>
                <i>1 0 0 0 1 0 0 0 1 -0.64 2.65 -2.63</i>
                <i>1 0 0 0 1 0 0 0 1 -0.64 2.65 -2.63</i>
                <i>1 0 0 0 1 0 0 0 1 -0.64 2.65 -2.63</i>
                <i>1 0 0 0 1 0 0 0 1 -0.64 2.65 -2.63</i>
                <i>1 0 0 0 1 0 0 0 1 -0.64 2.65 -2.63</i>
                <i>1 0 0 0 1 0 0 0 1 -0.64 2.65 -2.63</i>
                <i>1 0 0 0 1 0 0 0 1 -0.64 2.65 -2.63</i>
                <i>1 0 0 0 1 0 0 0 1 -0.64 2.65 -2.63</i>
                <i>1 0 0 0 1 0 0 0 1 -0.64 2.65 -2.63</i>
                <i>1 0 0 0 1 0 0 0 1 -0.64 2.65 -2.63</i>
                <i>1 0 0 0 1 0 0 0 1 -0.64 2.65 -2.63</i>
                <i>1 0 0 0 1 0 0 0 1 -0.64 2.65 -2.63</i>
                <i>1 0 0 0 1 0 0 0 1 -0.64 2.65 -2.63</i>
                <i>1 0 0 0 1 0 0 0 1 -0.64 2.65 -2.63</i>
                <i>1 0 0 0 1 0 0 0 1 -0.64 2.65 -2.63</i>
                <i>1 0 0 0 1 0 0 0 1 -0.64 2.65 -2.63</i>
                <i>1 0 0 0 1 0 0 0 1 -0.64 2.65 -2.63</i>
                <i>1 0 0 0 1 0 0 0 1 -0.64 2.65 -2.63</i>
                <i>1 0 0 0 1 0 0 0 1 -0.64 2.65 -2.63</i>
                <i>1 0 0 0 1 0 0 0 1 -0.64 2.65 -2.63</i>
                <i>1 0 0 0 1 0 0 0 1 -0.64 2.65 -2.63</i>
                <i>1 0 0 0 1 0 0 0 1 -0.64 2.65 -2.63</i>
                <i>1 0 0 0 1 0 0 0 1 -0.64 2.65 -2.63</i>
                <i>1 0 0 0 1 0 0 0 1 -0.64 2.65 -2.63</i>
                <i>1 0 0 0 1 0 0 0 1 -0.64 2.65 -2.63</i>
                <i>1 0 0 0 1 0 0 0 1 -0.64 2.65 -2.63</i>
                <i>1 0 0 0 1 0 0 0 1 -0.64 2.65 -2.63</i>
                <i>1 0 0 0 1 0 0 0 1 -0.64 2.65 -2.63</i>
                <i>1 0 0 0 1 0 0 0 1 -0.64 2.65 -2.63</i>
                <i>1 0 0 0 1 0 0 0 1 -0.64 2.65 -2.63</i>
                <i>1 0 0 0 1 0 0 0 1 -0.64 2.65 -2.63</i>
                <i>1 0 0 0 1 0 0 0 1 -0.64 2.65 -2.63</i>
                <i>1 0 0 0 1 0 0 0 1 -0.64 2.65 -2.63</i>
                <i>1 0 0 0 1 0 0 0 1 -0.64 2.65 -2.63</i>
                <i>1 0 0 0 1 0 0 0 1 -0.64 2.65 -2.63</i>
                <i>1 0 0 0 1 0 0 0 1 -0.64 2.65 -2.63</i>
                <i>1 0 0 0 1 0 0 0 1 -0.64 2.65 -2.63</i>
                <i>1 0 0 0 1 0 0 0 1 -0.64 2.65 -2.63</i>
                <i>1 0 0 0 1 0 0 0 1 -0.64 2.65 -2.63</i>
                <i>1 0 0 0 1 0 0 0 1 -0.64 2.65 -2.63</i>
                <i>1 0 0 0 1 0 0 0 1 -0.64 2.65 -2.63</i>
                <i>1 0 0 0 1 0 0 0 1 -0.64 2.65 -2.63</i>
            </KeyFrames>
        </RefFrame>
        <Bones count="23">
            <i>
                <p>
                    <Name><![CDATA[pelvis]]></Name>
                    <Exclude>0</Exclude>
                    <Additive>0</Additive>
                    <IKPriority>0</IKPriority>
                    <IKRotLimits>-1e+010 -1e+010 -1e+010 1e+010 1e+010 1e+010</IKRotLimits>
                    <IKRotLimitOrder>2</IKRotLimitOrder>
                    <KeyFrames count="61">
                        <i>1 0 0 0 1 0 0 0 1 -0.656262 3.62829 -2.63217</i>
                        <i>1 0 0 0 1 0 0 0 1 -0.658239 3.62133 -2.63107</i>
                        <i>1 0 0 0 1 0 0 0 1 -0.655868 3.63792 -2.63255</i>
                        <i>1 0 0 0 1 0 0 0 1 -0.649459 3.67796 -2.63656</i>
                        <i>1 0 0 0 1 0 0 0 1 -0.640063 3.72685 -2.64244</i>
                        <i>1 0 0 0 1 0 0 0 1 -0.628736 3.77 -2.64953</i>
                        <i>1 0 0 0 1 0 0 0 1 -0.616531 3.80746 -2.65717</i>
                        <i>1 0 0 0 1 0 0 0 1 -0.604501 3.84669 -2.66469</i>
                        <i>1 0 0 0 1 0 0 0 1 -0.5937 3.8842 -2.67144</i>
                        <i>1 0 0 0 1 0 0 0 1 -0.585182 3.91647 -2.67677</i>
                        <i>1 0 0 0 1 0 0 0 1 -0.58 3.94 -2.68</i>
                        <i>1 0 0 0 1 0 0 0 1 -0.58003 3.9413 -2.67998</i>
                        <i>1 0 0 0 1 0 0 0 1 -0.580113 3.94429 -2.67992</i>
                        <i>1 0 0 0 1 0 0 0 1 -0.580243 3.94763 -2.67982</i>
                        <i>1 0 0 0 1 0 0 0 1 -0.58041 3.94998 -2.6797</i>
                        <i>1 0 0 0 1 0 0 0 1 -0.580606 3.95 -2.67956</i>
                        <i>1 0 0 0 1 0 0 0 1 -0.580822 3.94776 -2.6794</i>
                        <i>1 0 0 0 1 0 0 0 1 -0.581051 3.94443 -2.67923</i>
                        <i>1 0 0 0 1 0 0 0 1 -0.581284 3.94033 -2.67906</i>
                        <i>1 0 0 0 1 0 0 0 1 -0.581513 3.93577 -2.6789</i>
                        <i>1 0 0 0 1 0 0 0 1 -0.58173 3.93105 -2.67874</i>
                        <i>1 0 0 0 1 0 0 0 1 -0.581926 3.92649 -2.67859</i>
                        <i>1 0 0 0 1 0 0 0 1 -0.582093 3.92241 -2.67847</i>
                        <i>1 0 0 0 1 0 0 0 1 -0.582222 3.9191 -2.67838</i>
                        <i>1 0 0 0 1 0 0 0 1 -0.582306 3.91689 -2.67832</i>
                        <i>1 0 0 0 1 0 0 0 1 -0.582336 3.91609 -2.6783</i>
                        <i>1 0 0 0 1 0 0 0 1 -0.580934 3.91625 -2.67844</i>
                        <i>1 0 0 0 1 0 0 0 1 -0.578239 3.91873 -2.67878</i>
                        <i>1 0 0 0 1 0 0 0 1 -0.57501 3.92252 -2.67923</i>
                        <i>1 0 0 0 1 0 0 0 1 -0.57201 3.92661 -2.67967</i>
                        <i>1 0 0 0 1 0 0 0 1 -0.57 3.93 -2.68</i>
                        <i>1 0 0 0 1 0 0 0 1 -0.569965 3.93147 -2.68008</i>
                        <i>1 0 0 0 1 0 0 0 1 -0.569884 3.93494 -2.68026</i>
                        <i>1 0 0 0 1 0 0 0 1 -0.569792 3.93899 -2.68046</i>
                        <i>1 0 0 0 1 0 0 0 1 -0.569727 3.94219 -2.68063</i>
                        <i>1 0 0 0 1 0 0 0 1 -0.569724 3.94312 -2.68067</i>
                        <i>1 0 0 0 1 0 0 0 1 -0.569783 3.9419 -2.6806</i>
                        <i>1 0 0 0 1 0 0 0 1 -0.569872 3.93976 -2.68048</i>
                        <i>1 0 0 0 1 0 0 0 1 -0.569983 3.93695 -2.68032</i>
                        <i>1 0 0 0 1 0 0 0 1 -0.570105 3.93373 -2.68014</i>
                        <i>1 0 0 0 1 0 0 0 1 -0.57023 3.93037 -2.67996</i>
                        <i>1 0 0 0 1 0 0 0 1 -0.570348 3.92711 -2.67978</i>
                        <i>1 0 0 0 1 0 0 0 1 -0.570449 3.92421 -2.67962</i>
                        <i>1 0 0 0 1 0 0 0 1 -0.570524 3.92193 -2.67949</i>
                        <i>1 0 0 0 1 0 0 0 1 -0.570563 3.92053 -2.67942</i>
                        <i>1 0 0 0 1 0 0 0 1 -0.570534 3.92063 -2.67943</i>
                        <i>1 0 0 0 1 0 0 0 1 -0.570433 3.92221 -2.67953</i>
                        <i>1 0 0 0 1 0 0 0 1 -0.570295 3.92461 -2.67968</i>
                        <i>1 0 0 0 1 0 0 0 1 -0.570154 3.92716 -2.67983</i>
                        <i>1 0 0 0 1 0 0 0 1 -0.570044 3.92918 -2.67995</i>
                        <i>1 0 0 0 1 0 0 0 1 -0.57 3.93 -2.68</i>
                        <i>1 0 0 0 1 0 0 0 1 -0.576909 3.90621 -2.67618</i>
                        <i>1 0 0 0 1 0 0 0 1 -0.586191 3.87396 -2.67104</i>
                        <i>1 0 0 0 1 0 0 0 1 -0.597115 3.83584 -2.66499</i>
                        <i>1 0 0 0 1 0 0 0 1 -0.608951 3.79442 -2.65842</i>
                        <i>1 0 0 0 1 0 0 0 1 -0.620969 3.75229 -2.65176</i>
                        <i>1 0 0 0 1 0 0 0 1 -0.632439 3.71203 -2.64539</i>
                        <i>1 0 0 0 1 0 0 0 1 -0.642632 3.67622 -2.63973</i>
                        <i>1 0 0 0 1 0 0 0 1 -0.650816 3.64745 -2.63519</i>
                        <i>1 0 0 0 1 0 0 0 1 -0.656262 3.62829 -2.63217</i>
                        <i>1 0 0 0 1 0 0 0 1 -0.658239 3.62133 -2.63107</i>
                    </KeyFrames>
                </p>
            </i>
            <i>
                <p>
                    <Name><![CDATA[spine0]]></Name>
                    <Exclude>0</Exclude>
                    <Additive>0</Additive>
                    <IKPriority>0</IKPriority>
                    <IKRotLimits>-1e+010 -1e+010 -1e+010 1e+010 1e+010 1e+010</IKRotLimits>
                    <IKRotLimitOrder>0</IKRotLimitOrder>
                    <KeyFrames count="61">
                        <i>0.212856 0.962688 0.167105 -0.802623 0.0747421 0.591785 0.557215 -0.260087 0.788585 -0.670075 3.76995 -2.65314</i>
                        <i>0.208737 0.962045 0.17578 -0.799248 0.0642315 0.597559 0.563588 -0.265224 0.78232 -0.673041 3.76299 -2.65131</i>
                        <i>0.219517 0.958811 0.180263 -0.807122 0.0746833 0.585641 0.548056 -0.274053 0.790272 -0.669686 3.77893 -2.65748</i>
                        <i>0.24289 0.950784 0.192391 -0.825168 0.0982374 0.556279 0.510001 -0.293869 0.808418 -0.660251 3.81697 -2.67202</i>
                        <i>0.263417 0.942064 0.20767 -0.847259 0.122996 0.516743 0.461262 -0.312069 0.830572 -0.645732 3.86284 -2.68904</i>
                        <i>0.266205 0.940573 0.210849 -0.872621 0.142234 0.467229 0.409473 -0.30837 0.858627 -0.627438 3.90352 -2.70308</i>
                        <i>0.249703 0.950481 0.185027 -0.89995 0.157269 0.40664 0.357404 -0.268054 0.894656 -0.607064 3.93987 -2.71262</i>
                        <i>0.229286 0.963624 0.137323 -0.924397 0.171392 0.340756 0.304825 -0.205071 0.930069 -0.586544 3.97852 -2.71943</i>
                        <i>0.215301 0.972919 0.084111 -0.943046 0.184775 0.276625 0.253592 -0.138878 0.95729 -0.567936 4.01581 -2.72351</i>
                        <i>0.209895 0.976885 0.0404895 -0.954946 0.195942 0.222903 0.209817 -0.0854514 0.973999 -0.553064 4.0481 -2.7251</i>
                        <i>0.210954 0.977322 0.0184463 -0.960648 0.203793 0.188745 0.180705 -0.0575369 0.981853 -0.543434 4.07181 -2.72455</i>
                        <i>0.207189 0.978033 0.0228751 -0.961755 0.199347 0.187853 0.179167 -0.0609214 0.981931 -0.542842 4.07319 -2.72376</i>
                        <i>0.198216 0.979597 0.0331725 -0.964342 0.188851 0.185418 0.17537 -0.0687424 0.9821 -0.541489 4.07635 -2.72191</i>
                        <i>0.187532 0.981236 0.0448093 -0.967308 0.176557 0.18205 0.170723 -0.0774847 0.982268 -0.540009 4.07983 -2.71982</i>
                        <i>0.178836 0.98244 0.05319 -0.969566 0.166789 0.179229 0.16721 -0.0836238 0.982368 -0.539036 4.08224 -2.71831</i>
                        <i>0.176086 0.982908 0.0537236 -0.970063 0.163995 0.179117 0.167246 -0.0836553 0.98236 -0.5392 4.08224 -2.71823</i>
                        <i>0.178343 0.983009 0.0434438 -0.968932 0.167758 0.181737 0.171361 -0.0745057 0.982387 -0.540459 4.07988 -2.71953</i>
                        <i>0.181662 0.983023 0.0257931 -0.967191 0.173877 0.185228 0.177599 -0.0585958 0.982357 -0.542245 4.07635 -2.7215</i>
                        <i>0.185546 0.982618 0.00586525 -0.965158 0.181122 0.188852 0.184507 -0.0407017 0.981988 -0.544406 4.07194 -2.72394</i>
                        <i>0.189691 0.981778 -0.0113649 -0.963149 0.188314 0.192046 0.190687 -0.0254832 0.98132 -0.546786 4.06695 -2.72665</i>
                        <i>0.194082 0.980755 -0.0212392 -0.961431 0.19447 0.194503 0.19489 -0.0173295 0.980672 -0.549227 4.0617 -2.72943</i>
                        <i>0.198914 0.979808 -0.020224 -0.96017 0.198976 0.196169 0.196232 -0.0196021 0.980362 -0.55157 4.05654 -2.7321</i>
                        <i>0.203952 0.978921 -0.010868 -0.959325 0.202058 0.197148 0.195188 -0.0297826 0.980314 -0.553658 4.05183 -2.73448</i>
                        <i>0.208552 0.978009 0.00210603 -0.958811 0.204032 0.197617 0.192842 -0.0432327 0.980277 -0.555337 4.04798 -2.73639</i>
                        <i>0.211903 0.977195 0.0136754 -0.95855 0.205092 0.197784 0.190469 -0.0550195 0.98015 -0.556454 4.04537 -2.73766</i>
                        <i>0.213191 0.976832 0.0186716 -0.958476 0.205404 0.197818 0.1894 -0.0600695 0.980061 -0.556861 4.04441 -2.73812</i>
                        <i>0.217151 0.975845 0.0239211 -0.956384 0.207788 0.205312 0.195382 -0.0674615 0.978404 -0.554867 4.04499 -2.7371</i>
                        <i>0.220679 0.974905 0.0293311 -0.953145 0.209178 0.218539 0.206919 -0.0761838 0.975387 -0.549996 4.04849 -2.73409</i>
                        <i>0.222807 0.974263 0.0341679 -0.949622 0.208981 0.233549 0.220398 -0.084483 0.971745 -0.543959 4.05333 -2.7304</i>
                        <i>0.222464 0.974229 0.037242 -0.946581 0.206689 0.247518 0.233442 -0.0903164 0.968167 -0.53863 4.05817 -2.72734</i>
                        <i>0.218262 0.975185 0.0370805 -0.944612 0.201572 0.258991 0.24509 -0.0915547 0.965168 -0.53604 4.06195 -2.72618</i>
                        <i>0.211547 0.976724 0.0354675 -0.945481 0.195316 0.260608 0.247615 -0.0886646 0.964793 -0.537017 4.06368 -2.72624</i>
                        <i>0.195354 0.980236 0.0312297 -0.94731 0.180358 0.264716 0.253852 -0.0812975 0.963821 -0.539394 4.06773 -2.72647</i>
                        <i>0.175604 0.984136 0.0253129 -0.949001 0.162383 0.270239 0.261842 -0.071477 0.96246 -0.542342 4.07235 -2.72693</i>
                        <i>0.158267 0.98722 0.0186842 -0.949755 0.147031 0.276311 0.270032 -0.0614763 0.960887 -0.545018 4.07587 -2.72769</i>
                        <i>0.149442 0.988695 0.0122004 -0.949058 0.139968 0.282309 0.27741 -0.0537678 0.959246 -0.54658 4.07669 -2.72884</i>
                        <i>0.147799 0.988981 0.00847311 -0.947404 0.139116 0.288222 0.283867 -0.0506264 0.957526 -0.547186 4.07502 -2.73026</i>
                        <i>0.147908 0.988963 0.00868058 -0.945579 0.138837 0.294286 0.289833 -0.0517354 0.955678 -0.547575 4.07231 -2.73175</i>
                        <i>0.149728 0.988673 0.0103337 -0.943546 0.139755 0.300316 0.29547 -0.054716 0.953784 -0.547773 4.06886 -2.73325</i>
                        <i>0.152917 0.988164 0.0121919 -0.94137 0.141899 0.306085 0.300732 -0.0582826 0.951926 -0.547803 4.06497 -2.7347</i>
                        <i>0.157139 0.987482 0.0136521 -0.93915 0.145143 0.311338 0.30546 -0.0617447 0.950201 -0.547684 4.06092 -2.73603</i>
                        <i>0.16205 0.986676 0.0145138 -0.937011 0.149248 0.315809 0.309435 -0.0647764 0.948712 -0.54743 4.05701 -2.73719</i>
                        <i>0.167298 0.985799 0.0145572 -0.935088 0.153978 0.31922 0.312446 -0.0670173 0.947569 -0.547053 4.05354 -2.73812</i>
                        <i>0.172514 0.984913 0.0135834 -0.933522 0.159081 0.321296 0.314287 -0.0681084 0.946882 -0.546561 4.0508 -2.73877</i>
                        <i>0.177309 0.984089 0.0114407 -0.932461 0.164266 0.321767 0.314768 -0.0677201 0.94675 -0.545963 4.04911 -2.73908</i>
                        <i>0.183456 0.982989 0.0086797 -0.932934 0.171318 0.316678 0.309804 -0.0661942 0.948493 -0.544724 4.04935 -2.73825</i>
                        <i>0.19185 0.981398 0.0071501 -0.935164 0.180592 0.304721 0.297761 -0.0651472 0.952415 -0.542657 4.05159 -2.73596</i>
                        <i>0.200851 0.979595 0.00719825 -0.938064 0.190208 0.289581 0.282303 -0.0649149 0.957126 -0.540306 4.05487 -2.73287</i>
                        <i>0.208958 0.977891 0.00815952 -0.940747 0.198728 0.274775 0.267079 -0.0650925 0.961474 -0.538161 4.05825 -2.72969</i>
                        <i>0.214787 0.976617 0.00930163 -0.94264 0.204804 0.263599 0.25553 -0.0653857 0.964588 -0.536626 4.06089 -2.72719</i>
                        <i>0.217023 0.976117 0.00985268 -0.943358 0.207124 0.259181 0.25095 -0.0655428 0.965779 -0.53604 4.06195 -2.72618</i>
                        <i>0.221006 0.974739 0.0322581 -0.936129 0.202743 0.28733 0.273532 -0.0936995 0.957288 -0.546767 4.03971 -2.72052</i>
                        <i>0.233252 0.970604 0.059346 -0.923268 0.201893 0.326826 0.305236 -0.131025 0.94322 -0.561386 4.00926 -2.71318</i>
                        <i>0.250275 0.964572 0.0834512 -0.905324 0.202607 0.37328 0.343147 -0.168973 0.923958 -0.57864 3.97294 -2.70447</i>
                        <i>0.265553 0.958885 0.100102 -0.883948 0.200713 0.422316 0.384861 -0.200632 0.900905 -0.597277 3.93312 -2.69478</i>
                        <i>0.271373 0.956157 0.110089 -0.861894 0.190512 0.46994 0.428363 -0.222414 0.875806 -0.61607 3.89226 -2.68463</i>
                        <i>0.263085 0.957535 0.117954 -0.841852 0.168124 0.512854 0.471245 -0.234224 0.850334 -0.633837 3.85288 -2.67466</i>
                        <i>0.244867 0.960837 0.129743 -0.824957 0.136167 0.548548 0.509398 -0.241354 0.825991 -0.649458 3.81758 -2.66558</i>
                        <i>0.225526 0.962913 0.148108 -0.811677 0.101632 0.575197 0.538813 -0.249937 0.804495 -0.661875 3.78904 -2.65815</i>
                        <i>0.212856 0.962688 0.167105 -0.802623 0.0747421 0.591785 0.557215 -0.260087 0.788585 -0.670075 3.76995 -2.65314</i>
                        <i>0.208737 0.962045 0.17578 -0.799248 0.0642315 0.597559 0.563588 -0.265224 0.78232 -0.673041 3.76299 -2.65131</i>
                    </KeyFrames>
                </p>
            </i>
            <i>
                <p>
                    <Name><![CDATA[spine1]]></Name>
                    <Exclude>0</Exclude>
                    <Additive>0</Additive>
                    <IKPriority>0</IKPriority>
                    <IKRotLimits>-1e+010 -1e+010 -1e+010 1e+010 1e+010 1e+010</IKRotLimits>
                    <IKRotLimitOrder>0</IKRotLimitOrder>
                    <KeyFrames count="61">
                        <i>0.534133 0.75362 0.383091 -0.613677 0.0339601 0.788826 0.581466 -0.656432 0.480619 -0.632988 3.93773 -2.62403</i>
                        <i>0.55169 0.737866 0.388834 -0.598608 0.0256599 0.800631 0.580781 -0.674459 0.455849 -0.636432 3.93179 -2.62049</i>
                        <i>0.558301 0.708194 0.432158 -0.628832 0.0214415 0.777246 0.541175 -0.705692 0.457306 -0.630818 3.94879 -2.62557</i>
                        <i>0.555431 0.644679 0.525248 -0.698284 0.0186016 0.715579 0.451548 -0.764227 0.4605 -0.616269 3.98927 -2.63721</i>
                        <i>0.519265 0.592104 0.61626 -0.77735 0.0276214 0.628461 0.355093 -0.805388 0.474615 -0.596925 4.03756 -2.6506</i>
                        <i>0.450355 0.597729 0.66325 -0.846907 0.0507621 0.529313 0.282718 -0.80009 0.529081 -0.577797 4.07907 -2.66381</i>
                        <i>0.361747 0.679542 0.638249 -0.901595 0.0808131 0.424965 0.237203 -0.729172 0.641906 -0.561313 4.11413 -2.67877</i>
                        <i>0.272667 0.797564 0.538093 -0.941692 0.106632 0.319133 0.197151 -0.593735 0.780135 -0.545768 4.14994 -2.69504</i>
                        <i>0.202562 0.904059 0.376358 -0.966989 0.123986 0.222619 0.154598 -0.409028 0.899331 -0.530777 4.18373 -2.709</i>
                        <i>0.160427 0.966448 0.200602 -0.980393 0.132459 0.145893 0.114427 -0.220074 0.968749 -0.517549 4.21338 -2.71823</i>
                        <i>0.140105 0.987166 0.0766437 -0.986476 0.132518 0.096457 0.0850624 -0.0891213 0.992382 -0.508011 4.2359 -2.72144</i>
                        <i>0.124102 0.989546 0.0734604 -0.988344 0.116693 0.0977706 0.0881762 -0.0847377 0.992494 -0.508049 4.23741 -2.7199</i>
                        <i>0.0858683 0.994103 0.0662319 -0.991789 0.0789668 0.100588 0.0947651 -0.0743254 0.992721 -0.508177 4.24096 -2.71631</i>
                        <i>0.0402156 0.99748 0.0584466 -0.994055 0.0340169 0.103432 0.101183 -0.0622587 0.992918 -0.508433 4.24503 -2.71225</i>
                        <i>0.00201615 0.998557 0.0536661 -0.994384 -0.00367673 0.10577 0.105815 -0.053578 0.992941 -0.50885 4.24806 -2.70932</i>
                        <i>-0.0141281 0.998356 0.0555486 -0.993939 -0.0200795 0.108087 0.109025 -0.0536848 0.992588 -0.509432 4.24839 -2.70913</i>
                        <i>-0.0103726 0.997974 0.0627724 -0.993798 -0.0172391 0.109855 0.110714 -0.0612436 0.991964 -0.510291 4.24615 -2.71217</i>
                        <i>0.00033501 0.997415 0.0718581 -0.993757 -0.00768467 0.111299 0.111563 -0.0714468 0.991186 -0.511484 4.2428 -2.71712</i>
                        <i>0.0162472 0.996401 0.0831953 -0.99347 0.0066898 0.113893 0.112927 -0.0845026 0.990003 -0.512927 4.23864 -2.72294</i>
                        <i>0.0355503 0.994624 0.0972602 -0.992695 0.0239177 0.118256 0.115294 -0.100754 0.988208 -0.514519 4.23395 -2.72857</i>
                        <i>0.0564268 0.991795 0.114709 -0.991374 0.0420451 0.12414 0.118298 -0.120724 0.985612 -0.516129 4.22895 -2.73305</i>
                        <i>0.0771684 0.987726 0.135804 -0.989659 0.0593657 0.130581 0.120916 -0.144476 0.982093 -0.517596 4.22388 -2.73555</i>
                        <i>0.0961606 0.982761 0.157906 -0.987876 0.0748033 0.136037 0.12188 -0.169073 0.978039 -0.518798 4.21915 -2.73633</i>
                        <i>0.111768 0.977751 0.177512 -0.986327 0.0873808 0.139727 0.121108 -0.190702 0.974149 -0.519671 4.21523 -2.73602</i>
                        <i>0.122344 0.97385 0.191437 -0.985252 0.0959235 0.14169 0.119622 -0.205949 0.971224 -0.5202 4.21256 -2.73532</i>
                        <i>0.126241 0.972295 0.196736 -0.984853 0.0990798 0.142292 0.118857 -0.211719 0.970076 -0.520378 4.21158 -2.73492</i>
                        <i>0.138114 0.972432 0.187885 -0.982845 0.111157 0.147173 0.122231 -0.204988 0.971102 -0.517819 4.21147 -2.73302</i>
                        <i>0.14887 0.975754 0.160445 -0.980112 0.124068 0.154878 0.131217 -0.180311 0.974818 -0.512575 4.2138 -2.7291</i>
                        <i>0.155404 0.979825 0.12567 -0.977328 0.133981 0.163948 0.143803 -0.148299 0.978432 -0.5064 4.21755 -2.72462</i>
                        <i>0.156036 0.983073 0.09602 -0.975314 0.137963 0.172421 0.156255 -0.120553 0.980332 -0.50127 4.22176 -2.72107</i>
                        <i>0.150717 0.984941 0.0847067 -0.974811 0.133822 0.178425 0.164402 -0.109465 0.980301 -0.499428 4.2255 -2.71993</i>
                        <i>0.140117 0.986095 0.0893568 -0.976444 0.12266 0.177516 0.164088 -0.112125 0.980053 -0.501521 4.22754 -2.72027</i>
                        <i>0.114155 0.988259 0.101552 -0.97987 0.0951521 0.1755 0.163776 -0.119542 0.979228 -0.506581 4.23235 -2.7212</i>
                        <i>0.0816601 0.989579 0.118598 -0.98299 0.0603268 0.173468 0.164506 -0.130746 0.977672 -0.512784 4.23797 -2.72265</i>
                        <i>0.0516053 0.989135 0.137652 -0.984663 0.0273939 0.172301 0.166658 -0.144432 0.975379 -0.518297 4.24252 -2.72452</i>
                        <i>0.0329973 0.987237 0.155799 -0.984995 0.0057013 0.172489 0.169399 -0.159153 0.972612 -0.521262 4.24416 -2.72676</i>
                        <i>0.0272441 0.984696 0.172138 -0.984676 -0.00323752 0.174364 0.172253 -0.17425 0.969518 -0.522075 4.24302 -2.72881</i>
                        <i>0.0277448 0.982067 0.186479 -0.984038 -0.00597176 0.177857 0.175781 -0.188437 0.966226 -0.522394 4.24066 -2.73026</i>
                        <i>0.031377 0.979991 0.196553 -0.983176 -0.00514214 0.182589 0.179946 -0.198975 0.963342 -0.522239 4.23745 -2.73148</i>
                        <i>0.0376679 0.979101 0.199854 -0.982063 -0.000705149 0.188551 0.184751 -0.203372 0.961513 -0.521688 4.23371 -2.73261</i>
                        <i>0.0460518 0.979434 0.196439 -0.980698 0.00691978 0.195407 0.190029 -0.201646 0.960848 -0.520816 4.22975 -2.73369</i>
                        <i>0.0558862 0.980568 0.18805 -0.979127 0.0169612 0.202542 0.195417 -0.195444 0.961048 -0.519695 4.22587 -2.73471</i>
                        <i>0.0665171 0.982062 0.176433 -0.977445 0.0286123 0.209244 0.200443 -0.186372 0.961815 -0.518398 4.22238 -2.73563</i>
                        <i>0.0772975 0.983542 0.163312 -0.975818 0.0410409 0.214699 0.204463 -0.175958 0.96293 -0.517 4.21957 -2.73644</i>
                        <i>0.087606 0.984742 0.15036 -0.974484 0.0534055 0.21801 0.206654 -0.165622 0.964294 -0.515582 4.21773 -2.73712</i>
                        <i>0.0988406 0.986022 0.134131 -0.974047 0.0682839 0.215802 0.203627 -0.15198 0.96718 -0.513345 4.21748 -2.73677</i>
                        <i>0.111883 0.986941 0.115883 -0.97455 0.0861802 0.206944 0.194254 -0.136087 0.971466 -0.509971 4.21879 -2.73474</i>
                        <i>0.125417 0.987104 0.0994838 -0.975331 0.104314 0.194545 0.181659 -0.121429 0.975836 -0.506252 4.22094 -2.73164</i>
                        <i>0.137826 0.986724 0.0859108 -0.975895 0.120468 0.181981 0.169216 -0.108922 0.979542 -0.502899 4.22325 -2.7283</i>
                        <i>0.147026 0.986165 0.0765665 -0.976131 0.132148 0.172352 0.15985 -0.100079 0.982055 -0.500508 4.22509 -2.72561</i>
                        <i>0.150624 0.985885 0.0730919 -0.976181 0.136648 0.168516 0.15615 -0.0967336 0.982985 -0.499597 4.22584 -2.7245</i>
                        <i>0.16676 0.980914 0.0999934 -0.965893 0.142143 0.216438 0.198093 -0.132676 0.971162 -0.509749 4.20294 -2.7151</i>
                        <i>0.18956 0.973088 0.131021 -0.947517 0.146303 0.284267 0.257448 -0.17803 0.94975 -0.522422 4.17136 -2.70325</i>
                        <i>0.219688 0.961489 0.165157 -0.920605 0.148295 0.36124 0.322836 -0.231405 0.91773 -0.536901 4.13376 -2.69053</i>
                        <i>0.257505 0.944946 0.201913 -0.884908 0.146685 0.442064 0.388109 -0.292508 0.873962 -0.553003 4.09295 -2.67807</i>
                        <i>0.303323 0.921625 0.242081 -0.838948 0.137826 0.526469 0.451842 -0.362784 0.815001 -0.570788 4.05176 -2.66624</i>
                        <i>0.360331 0.887049 0.288626 -0.780671 0.117396 0.613817 0.510602 -0.4465 0.734795 -0.589776 4.01319 -2.65489</i>
                        <i>0.425901 0.841247 0.333033 -0.715211 0.08759 0.693398 0.554149 -0.533508 0.638974 -0.608047 3.98004 -2.64363</i>
                        <i>0.488306 0.792553 0.365262 -0.655293 0.0565888 0.753252 0.576323 -0.607171 0.546987 -0.623157 3.95435 -2.63272</i>
                        <i>0.534133 0.75362 0.383091 -0.613677 0.0339601 0.788826 0.581466 -0.656432 0.480619 -0.632988 3.93773 -2.62403</i>
                        <i>0.55169 0.737866 0.388834 -0.598608 0.0256599 0.800631 0.580781 -0.674459 0.455849 -0.636432 3.93179 -2.62049</i>
                    </KeyFrames>
                </p>
            </i>
            <i>
                <p>
                    <Name><![CDATA[spine2]]></Name>
                    <Exclude>0</Exclude>
                    <Additive>0</Additive>
                    <IKPriority>0</IKPriority>
                    <IKRotLimits>-1e+010 -1e+010 -1e+010 1e+010 1e+010 1e+010</IKRotLimits>
                    <IKRotLimitOrder>0</IKRotLimitOrder>
                    <KeyFrames count="61">
                        <i>0.695443 0.501362 0.514777 -0.481518 -0.206609 0.851735 0.533385 -0.840208 0.09773 -0.547161 4.05831 -2.56281</i>
                        <i>0.730662 0.459073 0.505356 -0.457356 -0.220453 0.861525 0.506911 -0.860611 0.048883 -0.54719 4.05061 -2.55795</i>
                        <i>0.726653 0.425702 0.539215 -0.502283 -0.206281 0.839738 0.468708 -0.881037 0.0639281 -0.539646 4.06389 -2.55534</i>
                        <i>0.700262 0.361512 0.615582 -0.604607 -0.158167 0.780663 0.379584 -0.918854 0.107815 -0.523526 4.09632 -2.54981</i>
                        <i>0.639549 0.320698 0.698663 -0.717322 -0.0778754 0.692376 0.276452 -0.943975 0.180239 -0.50824 4.13805 -2.54558</i>
                        <i>0.55156 0.35207 0.756193 -0.810873 0.0137053 0.585062 0.195619 -0.935873 0.293044 -0.500427 4.18117 -2.54999</i>
                        <i>0.45347 0.474834 0.754253 -0.879416 0.100806 0.465259 0.144888 -0.874283 0.463289 -0.50029 4.22832 -2.57111</i>
                        <i>0.365003 0.644377 0.671976 -0.926152 0.177704 0.332661 0.0949465 -0.743774 0.661653 -0.501167 4.28022 -2.60692</i>
                        <i>0.303346 0.803462 0.51228 -0.952061 0.233262 0.197914 0.0395209 -0.547758 0.835703 -0.498661 4.32723 -2.64919</i>
                        <i>0.273393 0.906549 0.321597 -0.961832 0.261685 0.0800022 -0.011631 -0.331194 0.943491 -0.492641 4.36392 -2.687</i>
                        <i>0.260897 0.948848 0.177818 -0.964179 0.265252 -0.000747062 -0.0478755 -0.171253 0.984063 -0.486439 4.3886 -2.70962</i>
                        <i>0.245741 0.95451 0.168883 -0.96854 0.248843 0.00288114 -0.0392751 -0.164277 0.985632 -0.488947 4.39051 -2.70857</i>
                        <i>0.20833 0.966743 0.148347 -0.97787 0.20886 0.0121693 -0.0192193 -0.1476 0.98886 -0.494971 4.39489 -2.7061</i>
                        <i>0.161188 0.97888 0.125744 -0.986916 0.159369 0.0244549 0.0038987 -0.128041 0.991761 -0.502272 4.3998 -2.70322</i>
                        <i>0.117871 0.986839 0.110704 -0.992756 0.114489 0.0364477 0.0232935 -0.114198 0.993185 -0.508605 4.4034 -2.701</i>
                        <i>0.0924332 0.98932 0.1127 -0.99513 0.0878929 0.0446211 0.034239 -0.116275 0.992627 -0.511699 4.40393 -2.70051</i>
                        <i>0.0837025 0.987018 0.137077 -0.995819 0.0777994 0.047879 0.036593 -0.140511 0.989403 -0.511976 4.40171 -2.70241</i>
                        <i>0.0805387 0.981021 0.176382 -0.996131 0.0729768 0.0489582 0.0351573 -0.179642 0.983104 -0.511505 4.39841 -2.70594</i>
                        <i>0.0818828 0.971885 0.220758 -0.996106 0.0725417 0.0501076 0.0326847 -0.224002 0.97404 -0.510466 4.39437 -2.70995</i>
                        <i>0.0865858 0.961543 0.26065 -0.995757 0.0753489 0.0528189 0.0311479 -0.264118 0.963987 -0.509029 4.38977 -2.71334</i>
                        <i>0.0933837 0.953362 0.28702 -0.995118 0.0801248 0.0576265 0.0319414 -0.291 0.95619 -0.507345 4.38469 -2.71503</i>
                        <i>0.100856 0.950759 0.293062 -0.994259 0.0857421 0.0640027 0.0357234 -0.297834 0.953949 -0.505532 4.3792 -2.71419</i>
                        <i>0.107741 0.952947 0.283344 -0.993337 0.091455 0.0701302 0.0409172 -0.289012 0.956451 -0.50373 4.37379 -2.71147</i>
                        <i>0.113186 0.957273 0.266116 -0.992516 0.0965778 0.0747336 0.0458396 -0.272583 0.96104 -0.502135 4.36915 -2.70807</i>
                        <i>0.116698 0.961279 0.249648 -0.991938 0.100309 0.0774386 0.0493981 -0.256673 0.965235 -0.500987 4.36594 -2.70515</i>
                        <i>0.117948 0.963005 0.242299 -0.991721 0.101757 0.0783308 0.0507774 -0.249532 0.967034 -0.500546 4.36474 -2.70392</i>
                        <i>0.141965 0.96449 0.222724 -0.988622 0.126846 0.0808531 0.0497303 -0.231668 0.971523 -0.496185 4.36421 -2.7035</i>
                        <i>0.184065 0.964566 0.189029 -0.981801 0.171274 0.0820507 0.0467676 -0.200691 0.978538 -0.489398 4.36616 -2.70407</i>
                        <i>0.229649 0.961471 0.151113 -0.972215 0.219379 0.0816735 0.0453756 -0.165671 0.985137 -0.482349 4.36968 -2.70514</i>
                        <i>0.264927 0.956582 0.121507 -0.963192 0.256571 0.0802004 0.0455431 -0.138282 0.989345 -0.477216 4.37385 -2.70625</i>
                        <i>0.277703 0.953766 0.114939 -0.959636 0.269871 0.0791725 0.0444933 -0.132286 0.990212 -0.476228 4.37772 -2.70688</i>
                        <i>0.262527 0.956272 0.128931 -0.963969 0.253971 0.0791304 0.0429254 -0.14506 0.988491 -0.479956 4.37997 -2.70649</i>
                        <i>0.224972 0.960407 0.164334 -0.973534 0.214593 0.0786252 0.0402472 -0.177673 0.983266 -0.489018 4.38525 -2.70552</i>
                        <i>0.177236 0.961256 0.211129 -0.983378 0.164375 0.0771246 0.0394321 -0.221289 0.974411 -0.500231 4.39137 -2.70429</i>
                        <i>0.131925 0.956754 0.259264 -0.990403 0.116353 0.0745867 0.0411949 -0.266616 0.962922 -0.510386 4.3963 -2.70314</i>
                        <i>0.10151 0.948813 0.299081 -0.993909 0.0837558 0.0716289 0.0429126 -0.30453 0.951535 -0.516231 4.39816 -2.70246</i>
                        <i>0.090741 0.941889 0.323435 -0.994975 0.071943 0.0696357 0.0423203 -0.328129 0.943685 -0.517932 4.39705 -2.70187</i>
                        <i>0.091652 0.938746 0.332197 -0.994946 0.0725878 0.0693782 0.0410151 -0.336877 0.940655 -0.518166 4.39458 -2.70102</i>
                        <i>0.0972542 0.939474 0.328528 -0.994435 0.0782931 0.0704921 0.0405039 -0.333556 0.94186 -0.517433 4.3913 -2.7006</i>
                        <i>0.106909 0.944157 0.311671 -0.993409 0.0883976 0.072971 0.0413451 -0.317418 0.947384 -0.515885 4.38764 -2.70116</i>
                        <i>0.119811 0.95133 0.283932 -0.991835 0.102112 0.0763954 0.0436845 -0.290767 0.955796 -0.513684 4.38392 -2.70274</i>
                        <i>0.135047 0.958849 0.24974 -0.989714 0.118528 0.0801122 0.0472144 -0.25799 0.964993 -0.511002 4.38039 -2.70504</i>
                        <i>0.151711 0.965061 0.213639 -0.987088 0.136689 0.0835024 0.0513828 -0.223549 0.973337 -0.508018 4.37726 -2.70777</i>
                        <i>0.168951 0.96899 0.180314 -0.984072 0.155574 0.0860176 0.055298 -0.191974 0.979841 -0.504912 4.37475 -2.71065</i>
                        <i>0.185984 0.970321 0.154555 -0.980857 0.174114 0.0872043 0.0577059 -0.167815 0.984128 -0.501864 4.37311 -2.71337</i>
                        <i>0.204325 0.969108 0.138136 -0.977245 0.193727 0.0863872 0.0569579 -0.152643 0.986639 -0.49788 4.3728 -2.71562</i>
                        <i>0.22452 0.965306 0.133321 -0.973084 0.214799 0.0834817 0.0519482 -0.148476 0.987551 -0.492519 4.37365 -2.71654</i>
                        <i>0.244368 0.959662 0.139046 -0.968706 0.235165 0.0794078 0.0435058 -0.1541 0.987097 -0.486771 4.37509 -2.71611</i>
                        <i>0.261553 0.953486 0.149847 -0.964594 0.25277 0.075275 0.0338968 -0.16423 0.985839 -0.481579 4.37663 -2.71496</i>
                        <i>0.273646 0.948378 0.160301 -0.961482 0.265237 0.0721181 0.0258776 -0.173861 0.98443 -0.477837 4.37785 -2.71377</i>
                        <i>0.27821 0.946244 0.164992 -0.960256 0.269973 0.0708689 0.0225159 -0.178151 0.983746 -0.4764 4.37834 -2.71323</i>
                        <i>0.272591 0.945947 0.175722 -0.957888 0.249694 0.141785 0.0902445 -0.206972 0.974176 -0.484106 4.35428 -2.69971</i>
                        <i>0.248204 0.951245 0.183104 -0.949341 0.20125 0.24135 0.192733 -0.233732 0.953007 -0.493316 4.32108 -2.68314</i>
                        <i>0.218365 0.953651 0.207042 -0.925765 0.135331 0.353051 0.308669 -0.268766 0.912408 -0.503191 4.28144 -2.66522</i>
                        <i>0.204794 0.943936 0.258929 -0.882727 0.0638152 0.465533 0.42291 -0.323902 0.846307 -0.513476 4.23801 -2.64714</i>
                        <i>0.234237 0.911912 0.336971 -0.818566 -0.00199614 0.574409 0.524483 -0.410381 0.745993 -0.524167 4.19331 -2.62915</i>
                        <i>0.327823 0.841336 0.429751 -0.733106 -0.0603767 0.67743 0.595893 -0.537129 0.596996 -0.534171 4.14986 -2.61052</i>
                        <i>0.464697 0.730627 0.50024 -0.63606 -0.117599 0.762626 0.616023 -0.672573 0.410074 -0.541662 4.11082 -2.59196</i>
                        <i>0.599828 0.604675 0.523998 -0.545944 -0.169463 0.820504 0.584937 -0.778235 0.22847 -0.545865 4.07937 -2.5752</i>
                        <i>0.695443 0.501362 0.514777 -0.481518 -0.206609 0.851735 0.533385 -0.840208 0.09773 -0.547161 4.05831 -2.56281</i>
                        <i>0.730662 0.459073 0.505356 -0.457356 -0.220453 0.861525 0.506911 -0.860611 0.048883 -0.54719 4.05061 -2.55795</i>
                    </KeyFrames>
                </p>
            </i>
            <i>
                <p>
                    <Name><![CDATA[head]]></Name>
                    <Exclude>0</Exclude>
                    <Additive>0</Additive>
                    <IKPriority>0</IKPriority>
                    <IKRotLimits>-1e+010 -1e+010 -1e+010 1e+010 1e+010 1e+010</IKRotLimits>
                    <IKRotLimitOrder>0</IKRotLimitOrder>
                    <KeyFrames count="61">
                        <i>0.007039 0.994512 0.104384 -0.0118756 0.104463 -0.994458 -0.999905 0.00576036 0.0125457 -0.374486 4.19477 -2.42862</i>
                        <i>0.0425032 0.996454 0.0726093 0.00500191 0.0724619 -0.997359 -0.999084 0.0427541 -0.0019043 -0.363539 4.17551 -2.42586</i>
                        <i>0.0815113 0.983554 0.161177 0.0169306 0.160325 -0.986919 -0.996529 0.0831738 -0.00358385 -0.355355 4.18136 -2.41567</i>
                        <i>0.158515 0.922094 0.353008 0.0765421 0.344977 -0.935485 -0.984385 0.175309 -0.0158951 -0.342073 4.19938 -2.39219</i>
                        <i>0.205739 0.820659 0.533094 0.191083 0.500574 -0.844342 -0.95977 0.27558 -0.0538266 -0.338472 4.23235 -2.36744</i>
                        <i>0.19349 0.78055 0.594394 0.309129 0.52648 -0.791996 -0.931129 0.336988 -0.139421 -0.351685 4.28509 -2.35819</i>
                        <i>0.174344 0.850301 0.496581 0.392354 0.402554 -0.827048 -0.90314 0.339027 -0.263436 -0.377055 4.36464 -2.3837</i>
                        <i>0.199507 0.935353 0.292081 0.458729 0.174242 -0.871325 -0.86589 0.307821 -0.394311 -0.40042 4.45782 -2.44632</i>
                        <i>0.273145 0.961095 0.0410859 0.509073 -0.108176 -0.853899 -0.816233 0.254154 -0.518815 -0.412274 4.53968 -2.53318</i>
                        <i>0.367574 0.913747 -0.173076 0.535695 -0.360159 -0.763751 -0.76021 0.188019 -0.621875 -0.411869 4.59628 -2.6193</i>
                        <i>0.435375 0.852019 -0.29071 0.55224 -0.507791 -0.661195 -0.710971 0.127326 -0.691599 -0.407204 4.62797 -2.67644</i>
                        <i>0.427631 0.851693 -0.302904 0.570562 -0.514215 -0.640345 -0.701135 0.101006 -0.705838 -0.413074 4.6312 -2.67777</i>
                        <i>0.405374 0.853662 -0.327007 0.61404 -0.519277 -0.594396 -0.67722 0.0401577 -0.734684 -0.427484 4.63858 -2.68074</i>
                        <i>0.368148 0.862487 -0.34725 0.664634 -0.505294 -0.550399 -0.650175 -0.0281659 -0.759262 -0.445563 4.64672 -2.68385</i>
                        <i>0.312336 0.881688 -0.353657 0.703096 -0.4649 -0.538075 -0.638829 -0.0805952 -0.765116 -0.462176 4.6528 -2.68562</i>
                        <i>0.234906 0.912576 -0.3347 0.707096 -0.396701 -0.585357 -0.666959 -0.0991614 -0.738466 -0.471962 4.65464 -2.68463</i>
                        <i>0.107095 0.96698 -0.23126 0.655303 -0.243577 -0.715016 -0.747735 -0.0749702 -0.659751 -0.475475 4.65265 -2.6797</i>
                        <i>-0.0248455 0.999644 -0.00974783 0.517517 0.00451873 -0.855661 -0.855312 -0.026304 -0.517445 -0.477124 4.64877 -2.67191</i>
                        <i>-0.0613026 0.96741 0.245684 0.308112 0.252467 -0.917239 -0.949373 0.0194689 -0.313547 -0.477289 4.64332 -2.6632</i>
