<?xml version="1.0" encoding="ISO-8859-1" ?>
<Animl Version="1">
    <ModellingPackage><![CDATA[Maya.2010]]></ModellingPackage>
    <SrcFile><![CDATA[anims\turrets\antiair\red\~src\aa_zu232\aa_zu232_crew_reload_crewmand.mb]]></SrcFile>
    <FramesPerSecond>30</FramesPerSecond>
    <TotalFrames>160</TotalFrames>
    <Skeleton>
        <RefFrame>
            <Name><![CDATA[soldier_ref_frame]]></Name>
            <Exclude>0</Exclude>
            <Additive>0</Additive>
            <IKPriority>0</IKPriority>
            <IKRotLimits>-1e+010 -1e+010 -1e+010 1e+010 1e+010 1e+010</IKRotLimits>
            <IKRotLimitOrder>0</IKRotLimitOrder>
            <KeyFrames count="160">
                <i>1 0 0 0 1 0 0 0 1 3.29 1.32 -1.15</i>
                <i>1 0 0 0 1 0 0 0 1 3.29 1.32 -1.15</i>
                <i>1 0 0 0 1 0 0 0 1 3.29 1.32 -1.15</i>
                <i>1 0 0 0 1 0 0 0 1 3.29 1.32 -1.15</i>
                <i>1 0 0 0 1 0 0 0 1 3.29 1.32 -1.15</i>
                <i>1 0 0 0 1 0 0 0 1 3.29 1.32 -1.15</i>
                <i>1 0 0 0 1 0 0 0 1 3.29 1.32 -1.15</i>
                <i>1 0 0 0 1 0 0 0 1 3.29 1.32 -1.15</i>
                <i>1 0 0 0 1 0 0 0 1 3.29 1.32 -1.15</i>
                <i>1 0 0 0 1 0 0 0 1 3.29 1.32 -1.15</i>
                <i>1 0 0 0 1 0 0 0 1 3.29 1.32 -1.15</i>
                <i>1 0 0 0 1 0 0 0 1 3.29 1.32 -1.15</i>
                <i>1 0 0 0 1 0 0 0 1 3.29 1.32 -1.15</i>
                <i>1 0 0 0 1 0 0 0 1 3.29 1.32 -1.15</i>
                <i>1 0 0 0 1 0 0 0 1 3.29 1.32 -1.15</i>
                <i>1 0 0 0 1 0 0 0 1 3.29 1.32 -1.15</i>
                <i>1 0 0 0 1 0 0 0 1 3.29 1.32 -1.15</i>
                <i>1 0 0 0 1 0 0 0 1 3.29 1.32 -1.15</i>
                <i>1 0 0 0 1 0 0 0 1 3.29 1.32 -1.15</i>
                <i>1 0 0 0 1 0 0 0 1 3.29 1.32 -1.15</i>
                <i>1 0 0 0 1 0 0 0 1 3.29 1.32 -1.15</i>
                <i>1 0 0 0 1 0 0 0 1 3.29 1.32 -1.15</i>
                <i>1 0 0 0 1 0 0 0 1 3.29 1.32 -1.15</i>
                <i>1 0 0 0 1 0 0 0 1 3.29 1.32 -1.15</i>
                <i>1 0 0 0 1 0 0 0 1 3.29 1.32 -1.15</i>
                <i>1 0 0 0 1 0 0 0 1 3.29 1.32 -1.15</i>
                <i>1 0 0 0 1 0 0 0 1 3.29 1.32 -1.15</i>
                <i>1 0 0 0 1 0 0 0 1 3.29 1.32 -1.15</i>
                <i>1 0 0 0 1 0 0 0 1 3.29 1.32 -1.15</i>
                <i>1 0 0 0 1 0 0 0 1 3.29 1.32 -1.15</i>
                <i>1 0 0 0 1 0 0 0 1 3.29 1.32 -1.15</i>
                <i>1 0 0 0 1 0 0 0 1 3.29 1.32 -1.15</i>
                <i>1 0 0 0 1 0 0 0 1 3.29 1.32 -1.15</i>
                <i>1 0 0 0 1 0 0 0 1 3.29 1.32 -1.15</i>
                <i>1 0 0 0 1 0 0 0 1 3.29 1.32 -1.15</i>
                <i>1 0 0 0 1 0 0 0 1 3.29 1.32 -1.15</i>
                <i>1 0 0 0 1 0 0 0 1 3.29 1.32 -1.15</i>
                <i>1 0 0 0 1 0 0 0 1 3.29 1.32 -1.15</i>
                <i>1 0 0 0 1 0 0 0 1 3.29 1.32 -1.15</i>
                <i>1 0 0 0 1 0 0 0 1 3.29 1.32 -1.15</i>
                <i>1 0 0 0 1 0 0 0 1 3.29 1.32 -1.15</i>
                <i>1 0 0 0 1 0 0 0 1 3.29 1.32 -1.15</i>
                <i>1 0 0 0 1 0 0 0 1 3.29 1.32 -1.15</i>
                <i>1 0 0 0 1 0 0 0 1 3.29 1.32 -1.15</i>
                <i>1 0 0 0 1 0 0 0 1 3.29 1.32 -1.15</i>
                <i>1 0 0 0 1 0 0 0 1 3.29 1.32 -1.15</i>
                <i>1 0 0 0 1 0 0 0 1 3.29 1.32 -1.15</i>
                <i>1 0 0 0 1 0 0 0 1 3.29 1.32 -1.15</i>
                <i>1 0 0 0 1 0 0 0 1 3.29 1.32 -1.15</i>
                <i>1 0 0 0 1 0 0 0 1 3.29 1.32 -1.15</i>
                <i>1 0 0 0 1 0 0 0 1 3.29 1.32 -1.15</i>
                <i>1 0 0 0 1 0 0 0 1 3.29 1.32 -1.15</i>
                <i>1 0 0 0 1 0 0 0 1 3.29 1.32 -1.15</i>
                <i>1 0 0 0 1 0 0 0 1 3.29 1.32 -1.15</i>
                <i>1 0 0 0 1 0 0 0 1 3.29 1.32 -1.15</i>
                <i>1 0 0 0 1 0 0 0 1 3.29 1.32 -1.15</i>
                <i>1 0 0 0 1 0 0 0 1 3.29 1.32 -1.15</i>
                <i>1 0 0 0 1 0 0 0 1 3.29 1.32 -1.15</i>
                <i>1 0 0 0 1 0 0 0 1 3.29 1.32 -1.15</i>
                <i>1 0 0 0 1 0 0 0 1 3.29 1.32 -1.15</i>
                <i>1 0 0 0 1 0 0 0 1 3.29 1.32 -1.15</i>
                <i>1 0 0 0 1 0 0 0 1 3.29 1.32 -1.15</i>
                <i>1 0 0 0 1 0 0 0 1 3.29 1.32 -1.15</i>
                <i>1 0 0 0 1 0 0 0 1 3.29 1.32 -1.15</i>
                <i>1 0 0 0 1 0 0 0 1 3.29 1.32 -1.15</i>
                <i>1 0 0 0 1 0 0 0 1 3.29 1.32 -1.15</i>
                <i>1 0 0 0 1 0 0 0 1 3.29 1.32 -1.15</i>
                <i>1 0 0 0 1 0 0 0 1 3.29 1.32 -1.15</i>
                <i>1 0 0 0 1 0 0 0 1 3.29 1.32 -1.15</i>
                <i>1 0 0 0 1 0 0 0 1 3.29 1.32 -1.15</i>
                <i>1 0 0 0 1 0 0 0 1 3.29 1.32 -1.15</i>
                <i>1 0 0 0 1 0 0 0 1 3.29 1.32 -1.15</i>
                <i>1 0 0 0 1 0 0 0 1 3.29 1.32 -1.15</i>
                <i>1 0 0 0 1 0 0 0 1 3.29 1.32 -1.15</i>
                <i>1 0 0 0 1 0 0 0 1 3.29 1.32 -1.15</i>
                <i>1 0 0 0 1 0 0 0 1 3.29 1.32 -1.15</i>
                <i>1 0 0 0 1 0 0 0 1 3.29 1.32 -1.15</i>
                <i>1 0 0 0 1 0 0 0 1 3.29 1.32 -1.15</i>
                <i>1 0 0 0 1 0 0 0 1 3.29 1.32 -1.15</i>
                <i>1 0 0 0 1 0 0 0 1 3.29 1.32 -1.15</i>
                <i>1 0 0 0 1 0 0 0 1 3.29 1.32 -1.15</i>
                <i>1 0 0 0 1 0 0 0 1 3.29 1.32 -1.15</i>
                <i>1 0 0 0 1 0 0 0 1 3.29 1.32 -1.15</i>
                <i>1 0 0 0 1 0 0 0 1 3.29 1.32 -1.15</i>
                <i>1 0 0 0 1 0 0 0 1 3.29 1.32 -1.15</i>
                <i>1 0 0 0 1 0 0 0 1 3.29 1.32 -1.15</i>
                <i>1 0 0 0 1 0 0 0 1 3.29 1.32 -1.15</i>
                <i>1 0 0 0 1 0 0 0 1 3.29 1.32 -1.15</i>
                <i>1 0 0 0 1 0 0 0 1 3.29 1.32 -1.15</i>
                <i>1 0 0 0 1 0 0 0 1 3.29 1.32 -1.15</i>
                <i>1 0 0 0 1 0 0 0 1 3.29 1.32 -1.15</i>
                <i>1 0 0 0 1 0 0 0 1 3.29 1.32 -1.15</i>
                <i>1 0 0 0 1 0 0 0 1 3.29 1.32 -1.15</i>
                <i>1 0 0 0 1 0 0 0 1 3.29 1.32 -1.15</i>
                <i>1 0 0 0 1 0 0 0 1 3.29 1.32 -1.15</i>
                <i>1 0 0 0 1 0 0 0 1 3.29 1.32 -1.15</i>
                <i>1 0 0 0 1 0 0 0 1 3.29 1.32 -1.15</i>
                <i>1 0 0 0 1 0 0 0 1 3.29 1.32 -1.15</i>
                <i>1 0 0 0 1 0 0 0 1 3.29 1.32 -1.15</i>
                <i>1 0 0 0 1 0 0 0 1 3.29 1.32 -1.15</i>
                <i>1 0 0 0 1 0 0 0 1 3.29 1.32 -1.15</i>
                <i>1 0 0 0 1 0 0 0 1 3.29 1.32 -1.15</i>
                <i>1 0 0 0 1 0 0 0 1 3.29 1.32 -1.15</i>
                <i>1 0 0 0 1 0 0 0 1 3.29 1.32 -1.15</i>
                <i>1 0 0 0 1 0 0 0 1 3.29 1.32 -1.15</i>
                <i>1 0 0 0 1 0 0 0 1 3.29 1.32 -1.15</i>
                <i>1 0 0 0 1 0 0 0 1 3.29 1.32 -1.15</i>
                <i>1 0 0 0 1 0 0 0 1 3.29 1.32 -1.15</i>
                <i>1 0 0 0 1 0 0 0 1 3.29 1.32 -1.15</i>
                <i>1 0 0 0 1 0 0 0 1 3.29 1.32 -1.15</i>
                <i>1 0 0 0 1 0 0 0 1 3.29 1.32 -1.15</i>
                <i>1 0 0 0 1 0 0 0 1 3.29 1.32 -1.15</i>
                <i>1 0 0 0 1 0 0 0 1 3.29 1.32 -1.15</i>
                <i>1 0 0 0 1 0 0 0 1 3.29 1.32 -1.15</i>
                <i>1 0 0 0 1 0 0 0 1 3.29 1.32 -1.15</i>
                <i>1 0 0 0 1 0 0 0 1 3.29 1.32 -1.15</i>
                <i>1 0 0 0 1 0 0 0 1 3.29 1.32 -1.15</i>
                <i>1 0 0 0 1 0 0 0 1 3.29 1.32 -1.15</i>
                <i>1 0 0 0 1 0 0 0 1 3.29 1.32 -1.15</i>
                <i>1 0 0 0 1 0 0 0 1 3.29 1.32 -1.15</i>
                <i>1 0 0 0 1 0 0 0 1 3.29 1.32 -1.15</i>
                <i>1 0 0 0 1 0 0 0 1 3.29 1.32 -1.15</i>
                <i>1 0 0 0 1 0 0 0 1 3.29 1.32 -1.15</i>
                <i>1 0 0 0 1 0 0 0 1 3.29 1.32 -1.15</i>
                <i>1 0 0 0 1 0 0 0 1 3.29 1.32 -1.15</i>
                <i>1 0 0 0 1 0 0 0 1 3.29 1.32 -1.15</i>
                <i>1 0 0 0 1 0 0 0 1 3.29 1.32 -1.15</i>
                <i>1 0 0 0 1 0 0 0 1 3.29 1.32 -1.15</i>
                <i>1 0 0 0 1 0 0 0 1 3.29 1.32 -1.15</i>
                <i>1 0 0 0 1 0 0 0 1 3.29 1.32 -1.15</i>
                <i>1 0 0 0 1 0 0 0 1 3.29 1.32 -1.15</i>
                <i>1 0 0 0 1 0 0 0 1 3.29 1.32 -1.15</i>
                <i>1 0 0 0 1 0 0 0 1 3.29 1.32 -1.15</i>
                <i>1 0 0 0 1 0 0 0 1 3.29 1.32 -1.15</i>
                <i>1 0 0 0 1 0 0 0 1 3.29 1.32 -1.15</i>
                <i>1 0 0 0 1 0 0 0 1 3.29 1.32 -1.15</i>
                <i>1 0 0 0 1 0 0 0 1 3.29 1.32 -1.15</i>
                <i>1 0 0 0 1 0 0 0 1 3.29 1.32 -1.15</i>
                <i>1 0 0 0 1 0 0 0 1 3.29 1.32 -1.15</i>
                <i>1 0 0 0 1 0 0 0 1 3.29 1.32 -1.15</i>
                <i>1 0 0 0 1 0 0 0 1 3.29 1.32 -1.15</i>
                <i>1 0 0 0 1 0 0 0 1 3.29 1.32 -1.15</i>
                <i>1 0 0 0 1 0 0 0 1 3.29 1.32 -1.15</i>
                <i>1 0 0 0 1 0 0 0 1 3.29 1.32 -1.15</i>
                <i>1 0 0 0 1 0 0 0 1 3.29 1.32 -1.15</i>
                <i>1 0 0 0 1 0 0 0 1 3.29 1.32 -1.15</i>
                <i>1 0 0 0 1 0 0 0 1 3.29 1.32 -1.15</i>
                <i>1 0 0 0 1 0 0 0 1 3.29 1.32 -1.15</i>
                <i>1 0 0 0 1 0 0 0 1 3.29 1.32 -1.15</i>
                <i>1 0 0 0 1 0 0 0 1 3.29 1.32 -1.15</i>
                <i>1 0 0 0 1 0 0 0 1 3.29 1.32 -1.15</i>
                <i>1 0 0 0 1 0 0 0 1 3.29 1.32 -1.15</i>
                <i>1 0 0 0 1 0 0 0 1 3.29 1.32 -1.15</i>
                <i>1 0 0 0 1 0 0 0 1 3.29 1.32 -1.15</i>
                <i>1 0 0 0 1 0 0 0 1 3.29 1.32 -1.15</i>
                <i>1 0 0 0 1 0 0 0 1 3.29 1.32 -1.15</i>
                <i>1 0 0 0 1 0 0 0 1 3.29 1.32 -1.15</i>
                <i>1 0 0 0 1 0 0 0 1 3.29 1.32 -1.15</i>
                <i>1 0 0 0 1 0 0 0 1 3.29 1.32 -1.15</i>
                <i>1 0 0 0 1 0 0 0 1 3.29 1.32 -1.15</i>
            </KeyFrames>
        </RefFrame>
        <Bones count="23">
            <i>
                <p>
                    <Name><![CDATA[pelvis]]></Name>
                    <Exclude>0</Exclude>
                    <Additive>0</Additive>
                    <IKPriority>0</IKPriority>
                    <IKRotLimits>-1e+010 -1e+010 -1e+010 1e+010 1e+010 1e+010</IKRotLimits>
                    <IKRotLimitOrder>2</IKRotLimitOrder>
                    <KeyFrames count="160">
                        <i>1 0 0 0 1 0 0 0 1 3.2316 2.2982 -1.18299</i>
                        <i>1 0 0 0 1 0 0 0 1 3.2316 2.29612 -1.18299</i>
                        <i>1 0 0 0 1 0 0 0 1 3.2316 2.2907 -1.18299</i>
                        <i>1 0 0 0 1 0 0 0 1 3.2316 2.28313 -1.18299</i>
                        <i>1 0 0 0 1 0 0 0 1 3.2316 2.27461 -1.18299</i>
                        <i>1 0 0 0 1 0 0 0 1 3.2316 2.26636 -1.18299</i>
                        <i>1 0 0 0 1 0 0 0 1 3.2316 2.25957 -1.18299</i>
                        <i>1 0 0 0 1 0 0 0 1 3.2316 2.25544 -1.18299</i>
                        <i>1 0 0 0 1 0 0 0 1 3.2316 2.25518 -1.18299</i>
                        <i>1 0 0 0 1 0 0 0 1 3.2316 2.26 -1.18299</i>
                        <i>1 0 0 0 1 0 0 0 1 3.2316 2.28063 -1.18299</i>
                        <i>1 0 0 0 1 0 0 0 1 3.2316 2.31844 -1.18299</i>
                        <i>1 0 0 0 1 0 0 0 1 3.2316 2.36062 -1.18299</i>
                        <i>1 0 0 0 1 0 0 0 1 3.2316 2.39434 -1.18299</i>
                        <i>1 0 0 0 1 0 0 0 1 3.2316 2.40676 -1.18299</i>
                        <i>1 0 0 0 1 0 0 0 1 3.2316 2.38756 -1.18299</i>
                        <i>1 0 0 0 1 0 0 0 1 3.2316 2.34529 -1.18299</i>
                        <i>1 0 0 0 1 0 0 0 1 3.2316 2.29544 -1.18299</i>
                        <i>1 0 0 0 1 0 0 0 1 3.2316 2.2535 -1.18299</i>
                        <i>1 0 0 0 1 0 0 0 1 3.2316 2.23497 -1.18299</i>
                        <i>1 0 0 0 1 0 0 0 1 3.23183 2.24803 -1.20417</i>
                        <i>1 0 0 0 1 0 0 0 1 3.23236 2.28238 -1.25468</i>
                        <i>1 0 0 0 1 0 0 0 1 3.23299 2.3257 -1.31496</i>
                        <i>1 0 0 0 1 0 0 0 1 3.23352 2.36567 -1.36547</i>
                        <i>1 0 0 0 1 0 0 0 1 3.23375 2.39 -1.38665</i>
                        <i>1 0 0 0 1 0 0 0 1 3.23375 2.40098 -1.38665</i>
                        <i>1 0 0 0 1 0 0 0 1 3.23375 2.40681 -1.38665</i>
                        <i>1 0 0 0 1 0 0 0 1 3.23375 2.40404 -1.38665</i>
                        <i>1 0 0 0 1 0 0 0 1 3.23375 2.38924 -1.38665</i>
                        <i>1 0 0 0 1 0 0 0 1 3.23375 2.35896 -1.38665</i>
                        <i>1 0 0 0 1 0 0 0 1 3.2547 2.29938 -1.37653</i>
                        <i>1 0 0 0 1 0 0 0 1 3.30464 2.21279 -1.3476</i>
                        <i>1 0 0 0 1 0 0 0 1 3.36421 2.11993 -1.30201</i>
                        <i>1 0 0 0 1 0 0 0 1 3.41407 2.04151 -1.24191</i>
                        <i>1 0 0 0 1 0 0 0 1 3.43484 1.99824 -1.16944</i>
                        <i>1 0 0 0 1 0 0 0 1 3.41647 2.00338 -1.07649</i>
                        <i>1 0 0 0 1 0 0 0 1 3.37185 2.04312 -0.961614</i>
                        <i>1 0 0 0 1 0 0 0 1 3.31609 2.09758 -0.837006</i>
                        <i>1 0 0 0 1 0 0 0 1 3.2643 2.14689 -0.714843</i>
                        <i>1 0 0 0 1 0 0 0 1 3.2316 2.17118 -0.607305</i>
                        <i>1 0 0 0 1 0 0 0 1 3.21437 2.17479 -0.510978</i>
                        <i>1 0 0 0 1 0 0 0 1 3.19881 2.17554 -0.414476</i>
                        <i>1 0 0 0 1 0 0 0 1 3.18474 2.17383 -0.318023</i>
                        <i>1 0 0 0 1 0 0 0 1 3.17202 2.17004 -0.221843</i>
                        <i>1 0 0 0 1 0 0 0 1 3.16046 2.16456 -0.126162</i>
                        <i>1 0 0 0 1 0 0 0 1 3.1499 2.15776 -0.0312029</i>
                        <i>1 0 0 0 1 0 0 0 1 3.14018 2.15005 0.0628086</i>
                        <i>1 0 0 0 1 0 0 0 1 3.13112 2.1418 0.155648</i>
                        <i>1 0 0 0 1 0 0 0 1 3.12256 2.1334 0.247091</i>
                        <i>1 0 0 0 1 0 0 0 1 3.11434 2.12523 0.336912</i>
                        <i>1 0 0 0 1 0 0 0 1 3.10629 2.11768 0.424888</i>
                        <i>1 0 0 0 1 0 0 0 1 3.09823 2.11114 0.510794</i>
                        <i>1 0 0 0 1 0 0 0 1 3.09001 2.10599 0.594405</i>
                        <i>1 0 0 0 1 0 0 0 1 3.08145 2.10262 0.675496</i>
                        <i>1 0 0 0 1 0 0 0 1 3.07239 2.10141 0.753843</i>
                        <i>1 0 0 0 1 0 0 0 1 3.06503 2.09315 0.726433</i>
                        <i>1 0 0 0 1 0 0 0 1 3.07239 2.10141 0.7</i>
                        <i>1 0 0 0 1 0 0 0 1 3.10451 2.15808 0.845251</i>
                        <i>1 0 0 0 1 0 0 0 1 3.14555 2.22943 1.03751</i>
                        <i>1 0 0 0 1 0 0 0 1 3.17266 2.26647 1.14812</i>
                        <i>1 0 0 0 1 0 0 0 1 3.18309 2.25335 1.14232</i>
                        <i>1 0 0 0 1 0 0 0 1 3.1889 2.21739 1.08914</i>
                        <i>1 0 0 0 1 0 0 0 1 3.1895 2.17431 1.01555</i>
                        <i>1 0 0 0 1 0 0 0 1 3.18429 2.13987 0.948544</i>
                        <i>1 0 0 0 1 0 0 0 1 3.17266 2.12979 0.915089</i>
                        <i>1 0 0 0 1 0 0 0 1 3.14739 2.15508 0.926415</i>
                        <i>1 0 0 0 1 0 0 0 1 3.10889 2.20523 0.964535</i>
                        <i>1 0 0 0 1 0 0 0 1 3.06798 2.26376 1.01261</i>
                        <i>1 0 0 0 1 0 0 0 1 3.03549 2.31418 1.0538</i>
                        <i>1 0 0 0 1 0 0 0 1 3.02226 2.34 1.07128</i>
                        <i>1 0 0 0 1 0 0 0 1 3.02226 2.33559 1.07128</i>
                        <i>1 0 0 0 1 0 0 0 1 3.02226 2.31196 1.07128</i>
                        <i>1 0 0 0 1 0 0 0 1 3.02226 2.27752 1.07128</i>
                        <i>1 0 0 0 1 0 0 0 1 3.02226 2.24073 1.07128</i>
                        <i>1 0 0 0 1 0 0 0 1 3.02226 2.21 1.07128</i>
                        <i>1 0 0 0 1 0 0 0 1 3.00995 2.18434 1.06212</i>
                        <i>1 0 0 0 1 0 0 0 1 2.97734 2.15772 1.03776</i>
                        <i>1 0 0 0 1 0 0 0 1 2.93093 2.13103 1.00289</i>
                        <i>1 0 0 0 1 0 0 0 1 2.8772 2.10516 0.962206</i>
                        <i>1 0 0 0 1 0 0 0 1 2.82264 2.08101 0.920399</i>
                        <i>1 0 0 0 1 0 0 0 1 2.77374 2.05947 0.882159</i>
                        <i>1 0 0 0 1 0 0 0 1 2.73698 2.04142 0.852177</i>
                        <i>1 0 0 0 1 0 0 0 1 2.72055 2.03698 0.830212</i>
                        <i>1 0 0 0 1 0 0 0 1 2.72315 2.04511 0.819153</i>
                        <i>1 0 0 0 1 0 0 0 1 2.73698 2.05 0.82838</i>
                        <i>1 0 0 0 1 0 0 0 1 2.76999 2.03986 0.873568</i>
                        <i>1 0 0 0 1 0 0 0 1 2.81423 2.02648 0.939043</i>
                        <i>1 0 0 0 1 0 0 0 1 2.83807 2.02935 0.987159</i>
                        <i>1 0 0 0 1 0 0 0 1 2.8325 2.05332 1.01022</i>
                        <i>1 0 0 0 1 0 0 0 1 2.8146 2.08669 1.02634</i>
                        <i>1 0 0 0 1 0 0 0 1 2.79184 2.12414 1.03656</i>
                        <i>1 0 0 0 1 0 0 0 1 2.77174 2.16035 1.04193</i>
                        <i>1 0 0 0 1 0 0 0 1 2.76179 2.19 1.04349</i>
                        <i>1 0 0 0 1 0 0 0 1 2.76113 2.21223 1.04548</i>
                        <i>1 0 0 0 1 0 0 0 1 2.76364 2.23081 1.04935</i>
                        <i>1 0 0 0 1 0 0 0 1 2.76891 2.24733 1.05197</i>
                        <i>1 0 0 0 1 0 0 0 1 2.77654 2.26336 1.05021</i>
                        <i>1 0 0 0 1 0 0 0 1 2.78612 2.2805 1.04092</i>
                        <i>1 0 0 0 1 0 0 0 1 2.79725 2.30033 1.02099</i>
                        <i>1 0 0 0 1 0 0 0 1 2.80951 2.32445 0.987278</i>
                        <i>1 0 0 0 1 0 0 0 1 2.82793 2.36369 0.928382</i>
                        <i>1 0 0 0 1 0 0 0 1 2.85371 2.41751 0.842824</i>
                        <i>1 0 0 0 1 0 0 0 1 2.88074 2.47041 0.742359</i>
                        <i>1 0 0 0 1 0 0 0 1 2.90293 2.50689 0.638738</i>
                        <i>1 0 0 0 1 0 0 0 1 2.91418 2.51148 0.543715</i>
                        <i>1 0 0 0 1 0 0 0 1 2.90728 2.45845 0.448657</i>
                        <i>1 0 0 0 1 0 0 0 1 2.8863 2.35812 0.345727</i>
                        <i>1 0 0 0 1 0 0 0 1 2.86205 2.24908 0.247877</i>
                        <i>1 0 0 0 1 0 0 0 1 2.84531 2.16991 0.168057</i>
                        <i>1 0 0 0 1 0 0 0 1 2.84688 2.15921 0.11922</i>
                        <i>1 0 0 0 1 0 0 0 1 2.87151 2.23705 0.120414</i>
                        <i>1 0 0 0 1 0 0 0 1 2.91198 2.37772 0.163006</i>
                        <i>1 0 0 0 1 0 0 0 1 2.96121 2.55108 0.218421</i>
                        <i>1 0 0 0 1 0 0 0 1 3.01207 2.727 0.258087</i>
                        <i>1 0 0 0 1 0 0 0 1 3.05746 2.87535 0.25343</i>
                        <i>1 0 0 0 1 0 0 0 1 3.10361 3.00167 0.185056</i>
                        <i>1 0 0 0 1 0 0 0 1 3.15526 3.12604 0.0720155</i>
                        <i>1 0 0 0 1 0 0 0 1 3.20306 3.24015 -0.0566022</i>
                        <i>1 0 0 0 1 0 0 0 1 3.23768 3.3357 -0.171708</i>
                        <i>1 0 0 0 1 0 0 0 1 3.24978 3.40437 -0.244212</i>
                        <i>1 0 0 0 1 0 0 0 1 3.22701 3.43671 -0.254836</i>
                        <i>1 0 0 0 1 0 0 0 1 3.17561 3.43825 -0.222973</i>
                        <i>1 0 0 0 1 0 0 0 1 3.11408 3.42319 -0.177541</i>
                        <i>1 0 0 0 1 0 0 0 1 3.06093 3.40571 -0.147459</i>
                        <i>1 0 0 0 1 0 0 0 1 3.03469 3.39999 -0.161644</i>
                        <i>1 0 0 0 1 0 0 0 1 3.03168 3.41474 -0.215889</i>
                        <i>1 0 0 0 1 0 0 0 1 3.03509 3.4405 -0.284413</i>
                        <i>1 0 0 0 1 0 0 0 1 3.04375 3.46423 -0.363774</i>
                        <i>1 0 0 0 1 0 0 0 1 3.05643 3.47284 -0.450528</i>
                        <i>1 0 0 0 1 0 0 0 1 3.07197 3.4533 -0.541235</i>
                        <i>1 0 0 0 1 0 0 0 1 3.08914 3.39718 -0.632453</i>
                        <i>1 0 0 0 1 0 0 0 1 3.10677 3.31321 -0.72074</i>
                        <i>1 0 0 0 1 0 0 0 1 3.12366 3.21398 -0.802654</i>
                        <i>1 0 0 0 1 0 0 0 1 3.13861 3.1121 -0.874753</i>
                        <i>1 0 0 0 1 0 0 0 1 3.15042 3.02019 -0.933596</i>
                        <i>1 0 0 0 1 0 0 0 1 3.16067 2.93488 -0.981944</i>
                        <i>1 0 0 0 1 0 0 0 1 3.17146 2.84567 -1.0249</i>
                        <i>1 0 0 0 1 0 0 0 1 3.18243 2.75439 -1.06253</i>
                        <i>1 0 0 0 1 0 0 0 1 3.19317 2.66288 -1.09492</i>
                        <i>1 0 0 0 1 0 0 0 1 3.20332 2.57299 -1.12213</i>
                        <i>1 0 0 0 1 0 0 0 1 3.21248 2.48656 -1.14423</i>
                        <i>1 0 0 0 1 0 0 0 1 3.22027 2.40543 -1.16129</i>
                        <i>1 0 0 0 1 0 0 0 1 3.22631 2.33145 -1.1734</i>
                        <i>1 0 0 0 1 0 0 0 1 3.23022 2.26646 -1.18061</i>
                        <i>1 0 0 0 1 0 0 0 1 3.2316 2.2123 -1.18299</i>
                        <i>1 0 0 0 1 0 0 0 1 3.2316 2.19043 -1.18299</i>
                        <i>1 0 0 0 1 0 0 0 1 3.2316 2.20788 -1.18299</i>
                        <i>1 0 0 0 1 0 0 0 1 3.2316 2.24486 -1.18299</i>
                        <i>1 0 0 0 1 0 0 0 1 3.2316 2.28156 -1.18299</i>
                        <i>1 0 0 0 1 0 0 0 1 3.2316 2.2982 -1.18299</i>
                        <i>1 0 0 0 1 0 0 0 1 3.2316 2.2982 -1.18299</i>
                        <i>1 0 0 0 1 0 0 0 1 3.2316 2.2982 -1.18299</i>
                        <i>1 0 0 0 1 0 0 0 1 3.2316 2.2982 -1.18299</i>
                        <i>1 0 0 0 1 0 0 0 1 3.2316 2.2982 -1.18299</i>
                        <i>1 0 0 0 1 0 0 0 1 3.2316 2.2982 -1.18299</i>
                        <i>1 0 0 0 1 0 0 0 1 3.2316 2.2982 -1.18299</i>
                        <i>1 0 0 0 1 0 0 0 1 3.2316 2.2982 -1.18299</i>
                        <i>1 0 0 0 1 0 0 0 1 3.2316 2.2982 -1.18299</i>
                        <i>1 0 0 0 1 0 0 0 1 3.2316 2.2982 -1.18299</i>
                        <i>1 0 0 0 1 0 0 0 1 3.2316 2.2982 -1.18299</i>
                    </KeyFrames>
                </p>
            </i>
            <i>
                <p>
                    <Name><![CDATA[spine0]]></Name>
                    <Exclude>0</Exclude>
                    <Additive>0</Additive>
                    <IKPriority>0</IKPriority>
                    <IKRotLimits>-1e+010 -1e+010 -1e+010 1e+010 1e+010 1e+010</IKRotLimits>
                    <IKRotLimitOrder>0</IKRotLimitOrder>
                    <KeyFrames count="160">
                        <i>0.0057783 0.992084 0.125446 -0.970277 0.0359123 -0.239318 -0.241929 -0.120334 0.962803 3.24738 2.43879 -1.20909</i>
                        <i>0.00573549 0.992148 0.124939 -0.970277 0.0357488 -0.239341 -0.241928 -0.119853 0.962863 3.24738 2.43672 -1.20909</i>
                        <i>0.00564229 0.992287 0.123837 -0.970278 0.035393 -0.239391 -0.241928 -0.118805 0.962993 3.24738 2.43129 -1.20909</i>
                        <i>0.0055504 0.992422 0.122751 -0.970278 0.0350427 -0.239441 -0.241928 -0.117774 0.96312 3.24738 2.42372 -1.20909</i>
                        <i>0.00550909 0.992482 0.122264 -0.970279 0.0348852 -0.239463 -0.241928 -0.11731 0.963177 3.24738 2.4152 -1.20909</i>
                        <i>0.00558457 0.992482 0.122265 -0.970278 0.034958 -0.239453 -0.241927 -0.117294 0.963179 3.24738 2.40695 -1.20909</i>
                        <i>0.00574606 0.992465 0.122392 -0.970278 0.0351439 -0.239427 -0.241924 -0.117378 0.963169 3.24738 2.40016 -1.20909</i>
                        <i>0.00589703 0.99241 0.12283 -0.970278 0.0353948 -0.239391 -0.241922 -0.117767 0.963122 3.24738 2.39603 -1.20909</i>
                        <i>0.00594132 0.992293 0.123775 -0.970277 0.0356655 -0.239353 -0.241923 -0.118674 0.963011 3.24738 2.39578 -1.20909</i>
                        <i>0.0057783 0.992084 0.125446 -0.970277 0.0359123 -0.239318 -0.241929 -0.120334 0.962803 3.24738 2.40059 -1.20909</i>
                        <i>0.00580687 0.991228 0.132037 -0.970272 0.0375321 -0.239089 -0.241947 -0.126724 0.961978 3.24738 2.42122 -1.20909</i>
                        <i>0.00587355 0.989584 0.143834 -0.970257 0.0404497 -0.238675 -0.242007 -0.138154 0.960389 3.24738 2.45903 -1.20909</i>
                        <i>0.00494608 0.988291 0.152501 -0.970248 0.0416586 -0.238502 -0.242063 -0.146784 0.959093 3.24738 2.50121 -1.20909</i>
                        <i>0.00285586 0.988422 0.151706 -0.970263 0.0394576 -0.238816 -0.242037 -0.146513 0.959141 3.24738 2.53493 -1.20909</i>
                        <i>0.000532339 0.989174 0.146743 -0.970277 0.0360226 -0.239303 -0.241998 -0.142254 0.959792 3.24738 2.54735 -1.20909</i>
                        <i>-0.00149871 0.989796 0.142481 -0.970279 0.0330388 -0.239723 -0.241984 -0.138605 0.960329 3.24738 2.52815 -1.20909</i>
                        <i>-0.00307832 0.98982 0.142289 -0.970277 0.0314747 -0.239942 -0.241978 -0.138798 0.960303 3.24738 2.48588 -1.20909</i>
                        <i>-0.00424559 0.988688 0.149926 -0.970278 0.0322031 -0.23984 -0.241955 -0.146488 0.959166 3.24738 2.43603 -1.20909</i>
                        <i>-0.00507141 0.986737 0.162248 -0.970279 0.0343991 -0.239532 -0.241936 -0.158641 0.957236 3.24738 2.3941 -1.20909</i>
                        <i>-0.00540824 0.985556 0.169266 -0.970277 0.0357809 -0.239337 -0.241936 -0.165529 0.956069 3.24738 2.37556 -1.20909</i>
                        <i>-0.00443833 0.986951 0.16096 -0.959353 0.0412174 -0.279184 -0.282175 -0.155657 0.946651 3.24978 2.38828 -1.23073</i>
                        <i>0.00128554 0.98999 0.141128 -0.926608 0.0542473 -0.372095 -0.376026 -0.130292 0.917403 3.25583 2.42166 -1.282</i>
                        <i>0.0142764 0.992889 0.118188 -0.875566 0.069497 -0.478074 -0.482888 -0.0966565 0.870331 3.26357 2.46355 -1.34248</i>
                        <i>0.0300839 0.994497 0.100351 -0.823275 0.0815883 -0.561748 -0.566845 -0.0657168 0.821199 3.27038 2.50209 -1.39248</i>
                        <i>0.0379743 0.994903 0.0934091 -0.798894 0.0863782 -0.595237 -0.600272 -0.0520203 0.798103 3.2733 2.52573 -1.41326</i>
                        <i>0.0379743 0.994903 0.0934091 -0.798894 0.0863782 -0.595237 -0.600272 -0.0520203 0.798103 3.2733 2.53671 -1.41326</i>
                        <i>0.0379743 0.994903 0.0934091 -0.798894 0.0863782 -0.595237 -0.600272 -0.0520203 0.798103 3.2733 2.54254 -1.41326</i>
                        <i>0.0379743 0.994903 0.0934091 -0.798894 0.0863782 -0.595237 -0.600272 -0.0520203 0.798103 3.2733 2.53978 -1.41326</i>
                        <i>0.0379743 0.994903 0.0934091 -0.798894 0.0863782 -0.595237 -0.600272 -0.0520203 0.798103 3.2733 2.52498 -1.41326</i>
                        <i>0.0379743 0.994903 0.0934091 -0.798894 0.0863782 -0.595237 -0.600272 -0.0520203 0.798103 3.2733 2.49469 -1.41326</i>
                        <i>0.0148718 0.992003 0.125337 -0.806223 0.0860405 -0.585322 -0.591425 -0.0923447 0.801055 3.29206 2.43609 -1.40119</i>
                        <i>-0.0409154 0.977217 0.208261 -0.825116 0.0845014 -0.558609 -0.563481 -0.194695 0.80286 3.33642 2.35175 -1.36703</i>
                        <i>-0.107112 0.940651 0.322029 -0.850617 0.0809927 -0.51951 -0.51476 -0.329569 0.791458 3.38856 2.26122 -1.31384</i>
                        <i>-0.164046 0.880803 0.444156 -0.878052 0.0748214 -0.472681 -0.449571 -0.467534 0.761116 3.4306 2.18438 -1.24496</i>
                        <i>-0.200079 0.809359 0.552183 -0.903628 0.065408 -0.423294 -0.378714 -0.58366 0.718273 3.44435 2.14169 -1.16419</i>
                        <i>-0.226187 0.721248 0.654706 -0.924763 0.0521634 -0.376951 -0.306027 -0.69071 0.655185 3.41836 2.14636 -1.06068</i>
                        <i>-0.249778 0.609055 0.75277 -0.939879 0.0344822 -0.339762 -0.232891 -0.792378 0.563826 3.36511 2.18374 -0.932012</i>
                        <i>-0.269795 0.50125 0.822168 -0.94796 0.0116471 -0.318175 -0.169061 -0.865224 0.472022 3.30096 2.23441 -0.795249</i>
                        <i>-0.294128 0.433645 0.851728 -0.947764 -0.0172631 -0.318504 -0.123414 -0.900918 0.416071 3.24137 2.28071 -0.667266</i>
                        <i>-0.33363 0.439158 0.834165 -0.93654 -0.0533832 -0.346471 -0.107625 -0.896823 0.429099 3.20184 2.30531 -0.564652</i>
                        <i>-0.389233 0.493038 0.778082 -0.913192 -0.0958178 -0.396105 -0.120741 -0.864715 0.487534 3.17883 2.31099 -0.481298</i>
                        <i>-0.453313 0.549768 0.701614 -0.87848 -0.142272 -0.456105 -0.150932 -0.823112 0.547454 3.15832 2.31281 -0.399823</i>
                        <i>-0.519752 0.604052 0.604135 -0.830492 -0.191406 -0.523113 -0.200352 -0.773619 0.601143 3.14101 2.31087 -0.319842</i>
                        <i>-0.581335 0.65165 0.487239 -0.767829 -0.24121 -0.593512 -0.269235 -0.719146 0.640579 3.12753 2.30554 -0.240728</i>
                        <i>-0.630665 0.690023 0.355149 -0.689978 -0.289074 -0.663602 -0.355236 -0.663555 0.658409 3.11828 2.29743 -0.161661</i>
                        <i>-0.661374 0.718704 0.214591 -0.597579 -0.331992 -0.729849 -0.453303 -0.610939 0.649053 3.1133 2.28739 -0.0817349</i>
                        <i>-0.669356 0.739236 0.0741089 -0.492556 -0.36688 -0.789169 -0.556193 -0.564738 0.609689 3.1122 2.27637 -9.76697e-005</i>
                        <i>-0.653667 0.754625 -0.0570969 -0.378044 -0.390962 -0.839185 -0.655593 -0.526963 0.54084 3.1142 2.26533 0.0838945</i>
                        <i>-0.61679 0.768431 -0.170542 -0.258136 -0.40215 -0.878431 -0.743597 -0.497785 0.446402 3.11819 2.25513 0.170555</i>
                        <i>-0.564156 0.783749 -0.259741 -0.137478 -0.399358 -0.906429 -0.814142 -0.475659 0.333049 3.12289 2.24637 0.259791</i>
                        <i>-0.503019 0.802407 -0.321115 -0.0207838 -0.382666 -0.923653 -0.864026 -0.457941 0.209165 3.12707 2.23942 0.351099</i>
                        <i>-0.441007 0.824595 -0.354338 0.087644 -0.35335 -0.931377 -0.893214 -0.441799 0.0835587 3.1297 2.2344 0.443622</i>
                        <i>-0.384755 0.849022 -0.362112 0.184305 -0.313745 -0.931448 -0.904431 -0.425118 -0.0357643 3.13006 2.23133 0.536254</i>
                        <i>-0.338962 0.873469 -0.349508 0.26676 -0.267021 -0.926034 -0.902188 -0.407125 -0.142497 3.1278 2.23017 0.627769</i>
                        <i>-0.306055 0.895521 -0.323068 0.333734 -0.216894 -0.917376 -0.891601 -0.388586 -0.232485 3.12287 2.23097 0.716943</i>
                        <i>-0.285942 0.885502 -0.366229 0.33586 -0.26533 -0.903769 -0.89746 -0.381427 -0.221536 3.11935 2.21877 0.682084</i>
                        <i>-0.269909 0.864993 -0.423008 0.301977 -0.341107 -0.8902 -0.914308 -0.368012 -0.16914 3.12819 2.22294 0.646974</i>
                        <i>-0.261978 0.892768 -0.366515 0.262318 -0.299607 -0.917292 -0.928739 -0.336454 -0.155698 3.15542 2.28787 0.809763</i>
                        <i>-0.262962 0.923864 -0.278074 0.232894 -0.218912 -0.947543 -0.936275 -0.31393 -0.157597 3.18904 2.36634 1.02965</i>
                        <i>-0.263126 0.936852 -0.230377 0.225862 -0.172337 -0.958794 -0.937951 -0.304317 -0.166253 3.21253 2.40434 1.15799</i>
                        <i>-0.256311 0.93956 -0.227004 0.219241 -0.172218 -0.960351 -0.941402 -0.295918 -0.161849 3.22705 2.38974 1.15499</i>
                        <i>-0.249463 0.940984 -0.228731 0.209799 -0.178073 -0.961392 -0.945385 -0.287819 -0.152995 3.24123 2.35089 1.1007</i>
                        <i>-0.245102 0.941127 -0.232819 0.203437 -0.184871 -0.961476 -0.947913 -0.283023 -0.146148 3.25145 2.30386 1.02426</i>
                        <i>-0.244138 0.940387 -0.236789 0.202174 -0.189455 -0.96085 -0.948432 -0.282452 -0.143869 3.25432 2.26539 0.954607</i>
                        <i>-0.246415 0.939405 -0.238323 0.20245 -0.190587 -0.960568 -0.947784 -0.284947 -0.143219 3.24681 2.25296 0.920246</i>
                        <i>-0.24463 0.949333 -0.197289 0.229934 -0.14087 -0.962957 -0.941959 -0.280932 -0.183823 3.21988 2.27867 0.939352</i>
                        <i>-0.231931 0.965247 -0.120441 0.319941 -0.0412303 -0.94654 -0.918611 -0.258066 -0.29926 3.17437 2.32975 0.994608</i>
                        <i>-0.208721 0.975126 -0.0746011 0.45684 0.0297684 -0.889051 -0.864715 -0.219644 -0.45169 3.12283 2.3887 1.0582</i>
                        <i>-0.186337 0.978723 -0.0859097 0.578602 0.0386473 -0.814694 -0.794039 -0.201516 -0.573492 3.07978 2.44129 1.10457</i>
                        <i>-0.205541 0.969868 -0.130804 0.627255 0.0279623 -0.778312 -0.751202 -0.242022 -0.614101 3.05757 2.47149 1.11775</i>
                        <i>-0.231268 0.960943 -0.151998 0.627982 0.0281187 -0.77772 -0.74307 -0.275313 -0.609958 3.05325 2.46938 1.11412</i>
                        <i>-0.208668 0.968704 -0.134424 0.629585 0.0278759 -0.776431 -0.748385 -0.246648 -0.615699 3.05588 2.44462 1.11562</i>
                        <i>-0.165889 0.980961 -0.100973 0.631318 0.0269832 -0.775055 -0.757574 -0.192319 -0.623775 3.06131 2.40749 1.11902</i>
                        <i>-0.131624 0.988466 -0.0749019 0.63249 0.0255602 -0.774147 -0.763303 -0.149271 -0.628559 3.06551 2.36854 1.12117</i>
                        <i>-0.135402 0.987553 -0.0800343 0.632655 0.02401 -0.774061 -0.762505 -0.155443 -0.628032 3.06462 2.33891 1.11908</i>
                        <i>-0.183213 0.975665 -0.120457 0.632904 0.0233037 -0.77388 -0.752241 -0.218023 -0.621772 3.0448 2.31789 1.10268</i>
                        <i>-0.253172 0.950818 -0.178462 0.63431 0.023864 -0.77271 -0.730448 -0.308829 -0.609155 3.00034 2.29649 1.06793</i>
                        <i>-0.333256 0.910358 -0.245335 0.636554 0.0252937 -0.770818 -0.695514 -0.413048 -0.587921 2.93968 2.27349 1.02095</i>
                        <i>-0.412384 0.85568 -0.312653 0.639207 0.0272405 -0.768552 -0.649117 -0.516788 -0.558191 2.87159 2.24879 0.968226</i>
                        <i>-0.480376 0.794351 -0.371815 0.641741 0.0293743 -0.766358 -0.597836 -0.606749 -0.523878 2.80492 2.22372 0.916435</i>
                        <i>-0.525436 0.744363 -0.412116 0.643308 0.0305624 -0.764998 -0.556841 -0.667075 -0.494913 2.74997 2.20107 0.873301</i>
                        <i>-0.539244 0.726975 -0.425117 0.643279 0.0297776 -0.765053 -0.543515 -0.686018 -0.483705 2.71571 2.18354 0.84544</i>
                        <i>-0.53631 0.730317 -0.423094 0.642203 0.0278206 -0.766029 -0.547674 -0.682542 -0.483932 2.70667 2.18017 0.82958</i>
                        <i>-0.534535 0.732186 -0.42211 0.641065 0.0258013 -0.767053 -0.550734 -0.680616 -0.483171 2.71649 2.18872 0.824449</i>
                        <i>-0.533857 0.73277 -0.421954 0.640144 0.0242065 -0.767873 -0.55246 -0.680046 -0.482001 2.73573 2.19353 0.838083</i>
                        <i>-0.517835 0.751653 -0.408492 0.639992 0.0235216 -0.768021 -0.567677 -0.65914 -0.493232 2.77557 2.18283 0.888566</i>
                        <i>-0.474239 0.798299 -0.371236 0.640739 0.023776 -0.76739 -0.603781 -0.601792 -0.522777 2.83111 2.16739 0.962612</i>
                        <i>-0.347661 0.900546 -0.261053 0.641996 0.0257153 -0.766277 -0.683354 -0.434 -0.587087 2.86861 2.16577 1.02112</i>
                        <i>-0.147561 0.985079 -0.08857 0.643505 0.0276172 -0.764943 -0.751084 -0.169871 -0.637979 2.87693 2.18266 1.05489</i>
                        <i>0.00522689 0.999121 0.0415981 0.644407 0.0284441 -0.764153 -0.764664 0.0308003 -0.643692 2.87117 2.20728 1.0807</i>
                        <i>0.0873031 0.989876 0.111908 0.64406 0.029614 -0.764401 -0.759977 0.13881 -0.634954 2.85746 2.23608 1.09869</i>
                        <i>0.14222 0.976776 0.160256 0.64277 0.0319864 -0.765391 -0.752742 0.211861 -0.623293 2.8424 2.26611 1.10915</i>
                        <i>0.159115 0.971168 0.177523 0.640889 0.035169 -0.766828 -0.750962 0.235786 -0.616815 2.83266 2.29454 1.11236</i>
                        <i>0.151791 0.972758 0.17522 0.638846 0.0387161 -0.76836 -0.754212 0.228568 -0.615566 2.82893 2.31919 1.11375</i>
                        <i>0.141084 0.975182 0.170631 0.637352 0.0424164 -0.769405 -0.757547 0.217303 -0.61555 2.82721 2.34109 1.11639</i>
                        <i>0.124981 0.978866 0.161866 0.637483 0.045786 -0.769103 -0.76026 0.19931 -0.618288 2.82586 2.36282 1.1161</i>
                        <i>0.103394 0.983524 0.148288 0.639826 0.048379 -0.766996 -0.761533 0.174181 -0.624282 2.82439 2.38537 1.10953</i>
                        <i>0.0802914 0.987951 0.13231 0.643662 0.0499634 -0.763677 -0.761086 0.146479 -0.631895 2.82426 2.40838 1.09466</i>
                        <i>0.0604275 0.991241 0.117431 0.647623 0.0505893 -0.76028 -0.759561 0.121993 -0.638893 2.82732 2.43227 1.06982</i>
                        <i>0.0477333 0.993087 0.107233 0.649852 0.0506529 -0.758371 -0.75856 0.105885 -0.642942 2.83557 2.45815 1.03356</i>
                        <i>0.0419505 0.993896 0.102038 0.646543 0.0508572 -0.761181 -0.761724 0.097904 -0.640462 2.85326 2.4978 0.973886</i>
                        <i>0.0402094 0.994221 0.0995411 0.637539 0.0511796 -0.768716 -0.769368 0.0943709 -0.631796 2.87906 2.55186 0.887591</i>
                        <i>0.0417849 0.994212 0.0989799 0.626418 0.0511086 -0.77781 -0.778367 0.0945034 -0.620657 2.90662 2.60488 0.786437</i>
                        <i>0.0457811 0.993948 0.099862 0.616881 0.0504992 -0.785434 -0.785724 0.097561 -0.610836 2.92957 2.64141 0.682227</i>
                        <i>0.0509828 0.993472 0.102048 0.612745 0.0495716 -0.788724 -0.788634 0.102741 -0.606218 2.94151 2.64599 0.586821</i>
                        <i>0.048203 0.992949 0.108295 0.649469 0.0512138 -0.758661 -0.758858 0.106904 -0.642422 2.93271 2.59296 0.4929</i>
                        <i>0.0385657 0.992847 0.112997 0.732792 0.0487798 -0.678702 -0.679359 0.108978 -0.725669 2.90693 2.49279 0.391941</i>
                        <i>0.0358296 0.993499 0.108056 0.8218 0.0322337 -0.568864 -0.568649 0.109182 -0.815302 2.87807 2.38414 0.29476</i>
                        <i>0.0439074 0.993923 0.10094 0.886635 0.00779281 -0.462404 -0.460381 0.1098 -0.880905 2.85886 2.30527 0.214879</i>
                        <i>0.0525457 0.992559 0.10984 0.915606 -0.00397899 -0.402056 -0.398628 0.121696 -0.909003 2.86011 2.29394 0.167882</i>
                        <i>0.0717751 0.987751 0.138552 0.915289 -0.0100267 -0.402673 -0.396351 0.155717 -0.904797 2.88816 2.36978 0.173347</i>
                        <i>0.106896 0.978049 0.178865 0.897998 -0.0177456 -0.439642 -0.426818 0.207617 -0.880183 2.9355 2.50712 0.221318</i>
                        <i>0.139564 0.963317 0.229222 0.867744 -0.00746645 -0.496955 -0.477014 0.268263 -0.836955 2.99199 2.67596 0.282878</i>
                        <i>0.156487 0.945786 0.284605 0.827902 0.0315284 -0.559986 -0.538601 0.323256 -0.778084 3.04836 2.84696 0.328725</i>
                        <i>0.148362 0.929683 0.337161 0.778598 0.100396 -0.61944 -0.609733 0.354414 -0.708954 3.09616 2.99127 0.329332</i>
                        <i>0.115644 0.918799 0.377404 0.686049 0.200882 -0.699273 -0.718305 0.339785 -0.607111 3.143 3.11573 0.263375</i>
                        <i>0.107035 0.931463 0.347735 0.541105 0.238839 -0.806326 -0.834115 0.274466 -0.478456 3.19949 3.24363 0.142094</i>
                        <i>0.110119 0.964272 0.240943 0.436037 0.170975 -0.883538 -0.893166 0.202354 -0.401631 3.25174 3.36476 -0.0036847</i>
                        <i>0.0973931 0.985349 0.14001 0.413664 0.0878734 -0.906179 -0.905205 0.146173 -0.399045 3.28673 3.46507 -0.132294</i>
                        <i>0.0785329 0.991953 0.0993037 0.419702 0.0574554 -0.905842 -0.904258 0.112816 -0.411813 3.29802 3.53529 -0.209144</i>
                        <i>0.0505151 0.992705 0.109476 0.420614 0.0782743 -0.903857 -0.905832 0.0917055 -0.413591 3.27525 3.56763 -0.219768</i>
                        <i>0.00634519 0.989502 0.144382 0.422052 0.128245 -0.897455 -0.906549 0.0666313 -0.416807 3.22384 3.56917 -0.187905</i>
