<?xml version="1.0" encoding="ISO-8859-1" ?>
<Animl Version="1">
    <ModellingPackage><![CDATA[Maya.2010]]></ModellingPackage>
    <SrcFile><![CDATA[anims\turrets\antiair\red\~src\aa_zu232\aa_zu232_crew_reload_crewmana.mb]]></SrcFile>
    <FramesPerSecond>30</FramesPerSecond>
    <TotalFrames>160</TotalFrames>
    <Skeleton>
        <RefFrame>
            <Name><![CDATA[soldier_ref_frame]]></Name>
            <Exclude>0</Exclude>
            <Additive>0</Additive>
            <IKPriority>0</IKPriority>
            <IKRotLimits>-1e+010 -1e+010 -1e+010 1e+010 1e+010 1e+010</IKRotLimits>
            <IKRotLimitOrder>0</IKRotLimitOrder>
            <KeyFrames count="160">
                <i>1 0 0 0 1 0 0 0 1 1.52 2.68 -2.28</i>
                <i>1 0 0 0 1 0 0 0 1 1.52 2.68 -2.28</i>
                <i>1 0 0 0 1 0 0 0 1 1.52 2.68 -2.28</i>
                <i>1 0 0 0 1 0 0 0 1 1.52 2.68 -2.28</i>
                <i>1 0 0 0 1 0 0 0 1 1.52 2.68 -2.28</i>
                <i>1 0 0 0 1 0 0 0 1 1.52 2.68 -2.28</i>
                <i>1 0 0 0 1 0 0 0 1 1.52 2.68 -2.28</i>
                <i>1 0 0 0 1 0 0 0 1 1.52 2.68 -2.28</i>
                <i>1 0 0 0 1 0 0 0 1 1.52 2.68 -2.28</i>
                <i>1 0 0 0 1 0 0 0 1 1.52 2.68 -2.28</i>
                <i>1 0 0 0 1 0 0 0 1 1.52 2.68 -2.28</i>
                <i>1 0 0 0 1 0 0 0 1 1.52 2.68 -2.28</i>
                <i>1 0 0 0 1 0 0 0 1 1.52 2.68 -2.28</i>
                <i>1 0 0 0 1 0 0 0 1 1.52 2.68 -2.28</i>
                <i>1 0 0 0 1 0 0 0 1 1.52 2.68 -2.28</i>
                <i>1 0 0 0 1 0 0 0 1 1.52 2.68 -2.28</i>
                <i>1 0 0 0 1 0 0 0 1 1.52 2.68 -2.28</i>
                <i>1 0 0 0 1 0 0 0 1 1.52 2.68 -2.28</i>
                <i>1 0 0 0 1 0 0 0 1 1.52 2.68 -2.28</i>
                <i>1 0 0 0 1 0 0 0 1 1.52 2.68 -2.28</i>
                <i>1 0 0 0 1 0 0 0 1 1.52 2.68 -2.28</i>
                <i>1 0 0 0 1 0 0 0 1 1.52 2.68 -2.28</i>
                <i>1 0 0 0 1 0 0 0 1 1.52 2.68 -2.28</i>
                <i>1 0 0 0 1 0 0 0 1 1.52 2.68 -2.28</i>
                <i>1 0 0 0 1 0 0 0 1 1.52 2.68 -2.28</i>
                <i>1 0 0 0 1 0 0 0 1 1.52 2.68 -2.28</i>
                <i>1 0 0 0 1 0 0 0 1 1.52 2.68 -2.28</i>
                <i>1 0 0 0 1 0 0 0 1 1.52 2.68 -2.28</i>
                <i>1 0 0 0 1 0 0 0 1 1.52 2.68 -2.28</i>
                <i>1 0 0 0 1 0 0 0 1 1.52 2.68 -2.28</i>
                <i>1 0 0 0 1 0 0 0 1 1.52 2.68 -2.28</i>
                <i>1 0 0 0 1 0 0 0 1 1.52 2.68 -2.28</i>
                <i>1 0 0 0 1 0 0 0 1 1.52 2.68 -2.28</i>
                <i>1 0 0 0 1 0 0 0 1 1.52 2.68 -2.28</i>
                <i>1 0 0 0 1 0 0 0 1 1.52 2.68 -2.28</i>
                <i>1 0 0 0 1 0 0 0 1 1.52 2.68 -2.28</i>
                <i>1 0 0 0 1 0 0 0 1 1.52 2.68 -2.28</i>
                <i>1 0 0 0 1 0 0 0 1 1.52 2.68 -2.28</i>
                <i>1 0 0 0 1 0 0 0 1 1.52 2.68 -2.28</i>
                <i>1 0 0 0 1 0 0 0 1 1.52 2.68 -2.28</i>
                <i>1 0 0 0 1 0 0 0 1 1.52 2.68 -2.28</i>
                <i>1 0 0 0 1 0 0 0 1 1.52 2.68 -2.28</i>
                <i>1 0 0 0 1 0 0 0 1 1.52 2.68 -2.28</i>
                <i>1 0 0 0 1 0 0 0 1 1.52 2.68 -2.28</i>
                <i>1 0 0 0 1 0 0 0 1 1.52 2.68 -2.28</i>
                <i>1 0 0 0 1 0 0 0 1 1.52 2.68 -2.28</i>
                <i>1 0 0 0 1 0 0 0 1 1.52 2.68 -2.28</i>
                <i>1 0 0 0 1 0 0 0 1 1.52 2.68 -2.28</i>
                <i>1 0 0 0 1 0 0 0 1 1.52 2.68 -2.28</i>
                <i>1 0 0 0 1 0 0 0 1 1.52 2.68 -2.28</i>
                <i>1 0 0 0 1 0 0 0 1 1.52 2.68 -2.28</i>
                <i>1 0 0 0 1 0 0 0 1 1.52 2.68 -2.28</i>
                <i>1 0 0 0 1 0 0 0 1 1.52 2.68 -2.28</i>
                <i>1 0 0 0 1 0 0 0 1 1.52 2.68 -2.28</i>
                <i>1 0 0 0 1 0 0 0 1 1.52 2.68 -2.28</i>
                <i>1 0 0 0 1 0 0 0 1 1.52 2.68 -2.28</i>
                <i>1 0 0 0 1 0 0 0 1 1.52 2.68 -2.28</i>
                <i>1 0 0 0 1 0 0 0 1 1.52 2.68 -2.28</i>
                <i>1 0 0 0 1 0 0 0 1 1.52 2.68 -2.28</i>
                <i>1 0 0 0 1 0 0 0 1 1.52 2.68 -2.28</i>
                <i>1 0 0 0 1 0 0 0 1 1.52 2.68 -2.28</i>
                <i>1 0 0 0 1 0 0 0 1 1.52 2.68 -2.28</i>
                <i>1 0 0 0 1 0 0 0 1 1.52 2.68 -2.28</i>
                <i>1 0 0 0 1 0 0 0 1 1.52 2.68 -2.28</i>
                <i>1 0 0 0 1 0 0 0 1 1.52 2.68 -2.28</i>
                <i>1 0 0 0 1 0 0 0 1 1.52 2.68 -2.28</i>
                <i>1 0 0 0 1 0 0 0 1 1.52 2.68 -2.28</i>
                <i>1 0 0 0 1 0 0 0 1 1.52 2.68 -2.28</i>
                <i>1 0 0 0 1 0 0 0 1 1.52 2.68 -2.28</i>
                <i>1 0 0 0 1 0 0 0 1 1.52 2.68 -2.28</i>
                <i>1 0 0 0 1 0 0 0 1 1.52 2.68 -2.28</i>
                <i>1 0 0 0 1 0 0 0 1 1.52 2.68 -2.28</i>
                <i>1 0 0 0 1 0 0 0 1 1.52 2.68 -2.28</i>
                <i>1 0 0 0 1 0 0 0 1 1.52 2.68 -2.28</i>
                <i>1 0 0 0 1 0 0 0 1 1.52 2.68 -2.28</i>
                <i>1 0 0 0 1 0 0 0 1 1.52 2.68 -2.28</i>
                <i>1 0 0 0 1 0 0 0 1 1.52 2.68 -2.28</i>
                <i>1 0 0 0 1 0 0 0 1 1.52 2.68 -2.28</i>
                <i>1 0 0 0 1 0 0 0 1 1.52 2.68 -2.28</i>
                <i>1 0 0 0 1 0 0 0 1 1.52 2.68 -2.28</i>
                <i>1 0 0 0 1 0 0 0 1 1.52 2.68 -2.28</i>
                <i>1 0 0 0 1 0 0 0 1 1.52 2.68 -2.28</i>
                <i>1 0 0 0 1 0 0 0 1 1.52 2.68 -2.28</i>
                <i>1 0 0 0 1 0 0 0 1 1.52 2.68 -2.28</i>
                <i>1 0 0 0 1 0 0 0 1 1.52 2.68 -2.28</i>
                <i>1 0 0 0 1 0 0 0 1 1.52 2.68 -2.28</i>
                <i>1 0 0 0 1 0 0 0 1 1.52 2.68 -2.28</i>
                <i>1 0 0 0 1 0 0 0 1 1.52 2.68 -2.28</i>
                <i>1 0 0 0 1 0 0 0 1 1.52 2.68 -2.28</i>
                <i>1 0 0 0 1 0 0 0 1 1.52 2.68 -2.28</i>
                <i>1 0 0 0 1 0 0 0 1 1.52 2.68 -2.28</i>
                <i>1 0 0 0 1 0 0 0 1 1.52 2.68 -2.28</i>
                <i>1 0 0 0 1 0 0 0 1 1.52 2.68 -2.28</i>
                <i>1 0 0 0 1 0 0 0 1 1.52 2.68 -2.28</i>
                <i>1 0 0 0 1 0 0 0 1 1.52 2.68 -2.28</i>
                <i>1 0 0 0 1 0 0 0 1 1.52 2.68 -2.28</i>
                <i>1 0 0 0 1 0 0 0 1 1.52 2.68 -2.28</i>
                <i>1 0 0 0 1 0 0 0 1 1.52 2.68 -2.28</i>
                <i>1 0 0 0 1 0 0 0 1 1.52 2.68 -2.28</i>
                <i>1 0 0 0 1 0 0 0 1 1.52 2.68 -2.28</i>
                <i>1 0 0 0 1 0 0 0 1 1.52 2.68 -2.28</i>
                <i>1 0 0 0 1 0 0 0 1 1.52 2.68 -2.28</i>
                <i>1 0 0 0 1 0 0 0 1 1.52 2.68 -2.28</i>
                <i>1 0 0 0 1 0 0 0 1 1.52 2.68 -2.28</i>
                <i>1 0 0 0 1 0 0 0 1 1.52 2.68 -2.28</i>
                <i>1 0 0 0 1 0 0 0 1 1.52 2.68 -2.28</i>
                <i>1 0 0 0 1 0 0 0 1 1.52 2.68 -2.28</i>
                <i>1 0 0 0 1 0 0 0 1 1.52 2.68 -2.28</i>
                <i>1 0 0 0 1 0 0 0 1 1.52 2.68 -2.28</i>
                <i>1 0 0 0 1 0 0 0 1 1.52 2.68 -2.28</i>
                <i>1 0 0 0 1 0 0 0 1 1.52 2.68 -2.28</i>
                <i>1 0 0 0 1 0 0 0 1 1.52 2.68 -2.28</i>
                <i>1 0 0 0 1 0 0 0 1 1.52 2.68 -2.28</i>
                <i>1 0 0 0 1 0 0 0 1 1.52 2.68 -2.28</i>
                <i>1 0 0 0 1 0 0 0 1 1.52 2.68 -2.28</i>
                <i>1 0 0 0 1 0 0 0 1 1.52 2.68 -2.28</i>
                <i>1 0 0 0 1 0 0 0 1 1.52 2.68 -2.28</i>
                <i>1 0 0 0 1 0 0 0 1 1.52 2.68 -2.28</i>
                <i>1 0 0 0 1 0 0 0 1 1.52 2.68 -2.28</i>
                <i>1 0 0 0 1 0 0 0 1 1.52 2.68 -2.28</i>
                <i>1 0 0 0 1 0 0 0 1 1.52 2.68 -2.28</i>
                <i>1 0 0 0 1 0 0 0 1 1.52 2.68 -2.28</i>
                <i>1 0 0 0 1 0 0 0 1 1.52 2.68 -2.28</i>
                <i>1 0 0 0 1 0 0 0 1 1.52 2.68 -2.28</i>
                <i>1 0 0 0 1 0 0 0 1 1.52 2.68 -2.28</i>
                <i>1 0 0 0 1 0 0 0 1 1.52 2.68 -2.28</i>
                <i>1 0 0 0 1 0 0 0 1 1.52 2.68 -2.28</i>
                <i>1 0 0 0 1 0 0 0 1 1.52 2.68 -2.28</i>
                <i>1 0 0 0 1 0 0 0 1 1.52 2.68 -2.28</i>
                <i>1 0 0 0 1 0 0 0 1 1.52 2.68 -2.28</i>
                <i>1 0 0 0 1 0 0 0 1 1.52 2.68 -2.28</i>
                <i>1 0 0 0 1 0 0 0 1 1.52 2.68 -2.28</i>
                <i>1 0 0 0 1 0 0 0 1 1.52 2.68 -2.28</i>
                <i>1 0 0 0 1 0 0 0 1 1.52 2.68 -2.28</i>
                <i>1 0 0 0 1 0 0 0 1 1.52 2.68 -2.28</i>
                <i>1 0 0 0 1 0 0 0 1 1.52 2.68 -2.28</i>
                <i>1 0 0 0 1 0 0 0 1 1.52 2.68 -2.28</i>
                <i>1 0 0 0 1 0 0 0 1 1.52 2.68 -2.28</i>
                <i>1 0 0 0 1 0 0 0 1 1.52 2.68 -2.28</i>
                <i>1 0 0 0 1 0 0 0 1 1.52 2.68 -2.28</i>
                <i>1 0 0 0 1 0 0 0 1 1.52 2.68 -2.28</i>
                <i>1 0 0 0 1 0 0 0 1 1.52 2.68 -2.28</i>
                <i>1 0 0 0 1 0 0 0 1 1.52 2.68 -2.28</i>
                <i>1 0 0 0 1 0 0 0 1 1.52 2.68 -2.28</i>
                <i>1 0 0 0 1 0 0 0 1 1.52 2.68 -2.28</i>
                <i>1 0 0 0 1 0 0 0 1 1.52 2.68 -2.28</i>
                <i>1 0 0 0 1 0 0 0 1 1.52 2.68 -2.28</i>
                <i>1 0 0 0 1 0 0 0 1 1.52 2.68 -2.28</i>
                <i>1 0 0 0 1 0 0 0 1 1.52 2.68 -2.28</i>
                <i>1 0 0 0 1 0 0 0 1 1.52 2.68 -2.28</i>
                <i>1 0 0 0 1 0 0 0 1 1.52 2.68 -2.28</i>
                <i>1 0 0 0 1 0 0 0 1 1.52 2.68 -2.28</i>
                <i>1 0 0 0 1 0 0 0 1 1.52 2.68 -2.28</i>
                <i>1 0 0 0 1 0 0 0 1 1.52 2.68 -2.28</i>
                <i>1 0 0 0 1 0 0 0 1 1.52 2.68 -2.28</i>
                <i>1 0 0 0 1 0 0 0 1 1.52 2.68 -2.28</i>
                <i>1 0 0 0 1 0 0 0 1 1.52 2.68 -2.28</i>
                <i>1 0 0 0 1 0 0 0 1 1.52 2.68 -2.28</i>
                <i>1 0 0 0 1 0 0 0 1 1.52 2.68 -2.28</i>
                <i>1 0 0 0 1 0 0 0 1 1.52 2.68 -2.28</i>
            </KeyFrames>
        </RefFrame>
        <Bones count="23">
            <i>
                <p>
                    <Name><![CDATA[pelvis]]></Name>
                    <Exclude>0</Exclude>
                    <Additive>0</Additive>
                    <IKPriority>0</IKPriority>
                    <IKRotLimits>-1e+010 -1e+010 -1e+010 1e+010 1e+010 1e+010</IKRotLimits>
                    <IKRotLimitOrder>2</IKRotLimitOrder>
                    <KeyFrames count="160">
                        <i>1 0 0 0 1 0 0 0 1 1.52484 3.81247 -2.2973</i>
                        <i>1 0 0 0 1 0 0 0 1 1.52484 3.81248 -2.2973</i>
                        <i>1 0 0 0 1 0 0 0 1 1.52484 3.81249 -2.2973</i>
                        <i>1 0 0 0 1 0 0 0 1 1.52484 3.81252 -2.2973</i>
                        <i>1 0 0 0 1 0 0 0 1 1.52484 3.81254 -2.2973</i>
                        <i>1 0 0 0 1 0 0 0 1 1.52484 3.81255 -2.2973</i>
                        <i>1 0 0 0 1 0 0 0 1 1.52484 3.81256 -2.2973</i>
                        <i>1 0 0 0 1 0 0 0 1 1.52484 3.81318 -2.2973</i>
                        <i>1 0 0 0 1 0 0 0 1 1.52484 3.81433 -2.2973</i>
                        <i>1 0 0 0 1 0 0 0 1 1.52484 3.81495 -2.2973</i>
                        <i>1 0 0 0 1 0 0 0 1 1.52484 3.83141 -2.2973</i>
                        <i>1 0 0 0 1 0 0 0 1 1.52484 3.84774 -2.2973</i>
                        <i>1 0 0 0 1 0 0 0 1 1.52484 3.84603 -2.2973</i>
                        <i>1 0 0 0 1 0 0 0 1 1.52484 3.85449 -2.2973</i>
                        <i>1 0 0 0 1 0 0 0 1 1.52484 3.85636 -2.2973</i>
                        <i>1 0 0 0 1 0 0 0 1 1.52484 3.84473 -2.2973</i>
                        <i>1 0 0 0 1 0 0 0 1 1.52484 3.82866 -2.2973</i>
                        <i>1 0 0 0 1 0 0 0 1 1.52484 3.81789 -2.2973</i>
                        <i>1 0 0 0 1 0 0 0 1 1.52484 3.81396 -2.2973</i>
                        <i>1 0 0 0 1 0 0 0 1 1.52484 3.82085 -2.2973</i>
                        <i>1 0 0 0 1 0 0 0 1 1.5322 3.82923 -2.29522</i>
                        <i>1 0 0 0 1 0 0 0 1 1.551 3.82612 -2.28989</i>
                        <i>1 0 0 0 1 0 0 0 1 1.57635 3.8193 -2.28271</i>
                        <i>1 0 0 0 1 0 0 0 1 1.60332 3.81247 -2.27506</i>
                        <i>1 0 0 0 1 0 0 0 1 1.62703 3.81247 -2.26834</i>
                        <i>1 0 0 0 1 0 0 0 1 1.65074 3.81247 -2.26163</i>
                        <i>1 0 0 0 1 0 0 0 1 1.67772 3.81247 -2.25398</i>
                        <i>1 0 0 0 1 0 0 0 1 1.70306 3.81247 -2.2468</i>
                        <i>1 0 0 0 1 0 0 0 1 1.72187 3.81247 -2.24147</i>
                        <i>1 0 0 0 1 0 0 0 1 1.72922 3.81247 -2.23939</i>
                        <i>1 0 0 0 1 0 0 0 1 1.72918 3.81047 -2.23934</i>
                        <i>1 0 0 0 1 0 0 0 1 1.72911 3.80546 -2.23925</i>
                        <i>1 0 0 0 1 0 0 0 1 1.72905 3.79895 -2.23921</i>
                        <i>1 0 0 0 1 0 0 0 1 1.72905 3.79244 -2.23925</i>
                        <i>1 0 0 0 1 0 0 0 1 1.72912 3.78742 -2.23934</i>
                        <i>1 0 0 0 1 0 0 0 1 1.72922 3.78542 -2.23939</i>
                        <i>1 0 0 0 1 0 0 0 1 1.72932 3.78823 -2.23935</i>
                        <i>1 0 0 0 1 0 0 0 1 1.72936 3.79494 -2.23929</i>
                        <i>1 0 0 0 1 0 0 0 1 1.72933 3.80295 -2.2393</i>
                        <i>1 0 0 0 1 0 0 0 1 1.72926 3.80966 -2.23935</i>
                        <i>1 0 0 0 1 0 0 0 1 1.72922 3.81247 -2.23939</i>
                        <i>1 0 0 0 1 0 0 0 1 1.72922 3.81247 -2.23939</i>
                        <i>1 0 0 0 1 0 0 0 1 1.72922 3.81247 -2.23939</i>
                        <i>1 0 0 0 1 0 0 0 1 1.72922 3.81247 -2.23939</i>
                        <i>1 0 0 0 1 0 0 0 1 1.72922 3.81247 -2.23939</i>
                        <i>1 0 0 0 1 0 0 0 1 1.72922 3.81247 -2.23939</i>
                        <i>1 0 0 0 1 0 0 0 1 1.7292 3.80968 -2.23932</i>
                        <i>1 0 0 0 1 0 0 0 1 1.72914 3.80303 -2.23921</i>
                        <i>1 0 0 0 1 0 0 0 1 1.72907 3.79509 -2.23921</i>
                        <i>1 0 0 0 1 0 0 0 1 1.72906 3.78843 -2.23932</i>
                        <i>1 0 0 0 1 0 0 0 1 1.72922 3.78564 -2.23939</i>
                        <i>1 0 0 0 1 0 0 0 1 1.72946 3.7868 -2.23942</i>
                        <i>1 0 0 0 1 0 0 0 1 1.72961 3.78984 -2.2395</i>
                        <i>1 0 0 0 1 0 0 0 1 1.72965 3.79414 -2.23957</i>
                        <i>1 0 0 0 1 0 0 0 1 1.7296 3.79907 -2.2396</i>
                        <i>1 0 0 0 1 0 0 0 1 1.72949 3.80399 -2.23957</i>
                        <i>1 0 0 0 1 0 0 0 1 1.72936 3.80828 -2.2395</i>
                        <i>1 0 0 0 1 0 0 0 1 1.72926 3.81132 -2.23942</i>
                        <i>1 0 0 0 1 0 0 0 1 1.72922 3.81247 -2.23939</i>
                        <i>1 0 0 0 1 0 0 0 1 1.72922 3.81247 -2.23939</i>
                        <i>1 0 0 0 1 0 0 0 1 1.72922 3.81247 -2.23939</i>
                        <i>1 0 0 0 1 0 0 0 1 1.72922 3.81247 -2.23939</i>
                        <i>1 0 0 0 1 0 0 0 1 1.72922 3.81247 -2.23939</i>
                        <i>1 0 0 0 1 0 0 0 1 1.72922 3.81247 -2.23939</i>
                        <i>1 0 0 0 1 0 0 0 1 1.72922 3.81247 -2.23939</i>
                        <i>1 0 0 0 1 0 0 0 1 1.72922 3.81247 -2.23939</i>
                        <i>1 0 0 0 1 0 0 0 1 1.72922 3.81247 -2.23939</i>
                        <i>1 0 0 0 1 0 0 0 1 1.72922 3.81247 -2.23939</i>
                        <i>1 0 0 0 1 0 0 0 1 1.72922 3.81247 -2.23939</i>
                        <i>1 0 0 0 1 0 0 0 1 1.72922 3.81247 -2.23939</i>
                        <i>1 0 0 0 1 0 0 0 1 1.72922 3.81247 -2.23939</i>
                        <i>1 0 0 0 1 0 0 0 1 1.72922 3.81247 -2.23939</i>
                        <i>1 0 0 0 1 0 0 0 1 1.72922 3.81247 -2.23939</i>
                        <i>1 0 0 0 1 0 0 0 1 1.72922 3.81247 -2.23939</i>
                        <i>1 0 0 0 1 0 0 0 1 1.72922 3.81247 -2.23939</i>
                        <i>1 0 0 0 1 0 0 0 1 1.72922 3.81247 -2.23939</i>
                        <i>1 0 0 0 1 0 0 0 1 1.72922 3.81247 -2.23939</i>
                        <i>1 0 0 0 1 0 0 0 1 1.72922 3.81247 -2.23939</i>
                        <i>1 0 0 0 1 0 0 0 1 1.72922 3.81247 -2.23939</i>
                        <i>1 0 0 0 1 0 0 0 1 1.72922 3.81247 -2.23939</i>
                        <i>1 0 0 0 1 0 0 0 1 1.72922 3.81247 -2.23939</i>
                        <i>1 0 0 0 1 0 0 0 1 1.72922 3.81247 -2.23939</i>
                        <i>1 0 0 0 1 0 0 0 1 1.72922 3.81247 -2.23939</i>
                        <i>1 0 0 0 1 0 0 0 1 1.72922 3.81247 -2.23939</i>
                        <i>1 0 0 0 1 0 0 0 1 1.72922 3.81247 -2.23939</i>
                        <i>1 0 0 0 1 0 0 0 1 1.72922 3.81247 -2.23939</i>
                        <i>1 0 0 0 1 0 0 0 1 1.72922 3.81247 -2.23939</i>
                        <i>1 0 0 0 1 0 0 0 1 1.72922 3.81247 -2.23939</i>
                        <i>1 0 0 0 1 0 0 0 1 1.72922 3.81247 -2.23939</i>
                        <i>1 0 0 0 1 0 0 0 1 1.72922 3.81247 -2.23939</i>
                        <i>1 0 0 0 1 0 0 0 1 1.72922 3.81247 -2.23939</i>
                        <i>1 0 0 0 1 0 0 0 1 1.72922 3.81247 -2.23939</i>
                        <i>1 0 0 0 1 0 0 0 1 1.72836 3.81247 -2.23963</i>
                        <i>1 0 0 0 1 0 0 0 1 1.72601 3.81247 -2.2403</i>
                        <i>1 0 0 0 1 0 0 0 1 1.72248 3.81247 -2.2413</i>
                        <i>1 0 0 0 1 0 0 0 1 1.71812 3.81247 -2.24253</i>
                        <i>1 0 0 0 1 0 0 0 1 1.71327 3.81247 -2.24391</i>
                        <i>1 0 0 0 1 0 0 0 1 1.70824 3.81247 -2.24533</i>
                        <i>1 0 0 0 1 0 0 0 1 1.70338 3.81247 -2.24671</i>
                        <i>1 0 0 0 1 0 0 0 1 1.69901 3.81247 -2.24795</i>
                        <i>1 0 0 0 1 0 0 0 1 1.69478 3.81247 -2.24915</i>
                        <i>1 0 0 0 1 0 0 0 1 1.69025 3.81247 -2.25043</i>
                        <i>1 0 0 0 1 0 0 0 1 1.68564 3.81247 -2.25174</i>
                        <i>1 0 0 0 1 0 0 0 1 1.68119 3.81247 -2.253</i>
                        <i>1 0 0 0 1 0 0 0 1 1.67713 3.81247 -2.25415</i>
                        <i>1 0 0 0 1 0 0 0 1 1.67432 3.81247 -2.25495</i>
                        <i>1 0 0 0 1 0 0 0 1 1.6726 3.81247 -2.25543</i>
                        <i>1 0 0 0 1 0 0 0 1 1.67068 3.81247 -2.25598</i>
                        <i>1 0 0 0 1 0 0 0 1 1.66727 3.81247 -2.25694</i>
                        <i>1 0 0 0 1 0 0 0 1 1.66108 3.81247 -2.2587</i>
                        <i>1 0 0 0 1 0 0 0 1 1.65214 3.81247 -2.26123</i>
                        <i>1 0 0 0 1 0 0 0 1 1.64169 3.81247 -2.26419</i>
                        <i>1 0 0 0 1 0 0 0 1 1.63017 3.81247 -2.26746</i>
                        <i>1 0 0 0 1 0 0 0 1 1.61805 3.81247 -2.27089</i>
                        <i>1 0 0 0 1 0 0 0 1 1.6058 3.81247 -2.27436</i>
                        <i>1 0 0 0 1 0 0 0 1 1.59388 3.81247 -2.27774</i>
                        <i>1 0 0 0 1 0 0 0 1 1.58276 3.81247 -2.28089</i>
                        <i>1 0 0 0 1 0 0 0 1 1.57289 3.81247 -2.28369</i>
                        <i>1 0 0 0 1 0 0 0 1 1.56356 3.81247 -2.28633</i>
                        <i>1 0 0 0 1 0 0 0 1 1.5541 3.81247 -2.28901</i>
                        <i>1 0 0 0 1 0 0 0 1 1.54508 3.81247 -2.29157</i>
                        <i>1 0 0 0 1 0 0 0 1 1.53708 3.81247 -2.29383</i>
                        <i>1 0 0 0 1 0 0 0 1 1.53066 3.81247 -2.29565</i>
                        <i>1 0 0 0 1 0 0 0 1 1.52639 3.81247 -2.29686</i>
                        <i>1 0 0 0 1 0 0 0 1 1.52484 3.81247 -2.2973</i>
                        <i>1 0 0 0 1 0 0 0 1 1.52484 3.81247 -2.2973</i>
                        <i>1 0 0 0 1 0 0 0 1 1.52484 3.81247 -2.2973</i>
                        <i>1 0 0 0 1 0 0 0 1 1.52484 3.81247 -2.2973</i>
                        <i>1 0 0 0 1 0 0 0 1 1.52484 3.81247 -2.2973</i>
                        <i>1 0 0 0 1 0 0 0 1 1.52484 3.81247 -2.2973</i>
                        <i>1 0 0 0 1 0 0 0 1 1.52484 3.81247 -2.2973</i>
                        <i>1 0 0 0 1 0 0 0 1 1.52484 3.81247 -2.2973</i>
                        <i>1 0 0 0 1 0 0 0 1 1.52484 3.81247 -2.2973</i>
                        <i>1 0 0 0 1 0 0 0 1 1.52484 3.81247 -2.2973</i>
                        <i>1 0 0 0 1 0 0 0 1 1.52484 3.81247 -2.2973</i>
                        <i>1 0 0 0 1 0 0 0 1 1.52484 3.81247 -2.2973</i>
                        <i>1 0 0 0 1 0 0 0 1 1.52484 3.81247 -2.2973</i>
                        <i>1 0 0 0 1 0 0 0 1 1.52484 3.81247 -2.2973</i>
                        <i>1 0 0 0 1 0 0 0 1 1.52484 3.81247 -2.2973</i>
                        <i>1 0 0 0 1 0 0 0 1 1.52484 3.81247 -2.2973</i>
                        <i>1 0 0 0 1 0 0 0 1 1.52484 3.81247 -2.2973</i>
                        <i>1 0 0 0 1 0 0 0 1 1.52484 3.81247 -2.2973</i>
                        <i>1 0 0 0 1 0 0 0 1 1.52484 3.81247 -2.2973</i>
                        <i>1 0 0 0 1 0 0 0 1 1.52484 3.81247 -2.2973</i>
                        <i>1 0 0 0 1 0 0 0 1 1.52484 3.81247 -2.2973</i>
                        <i>1 0 0 0 1 0 0 0 1 1.52484 3.81247 -2.2973</i>
                        <i>1 0 0 0 1 0 0 0 1 1.52484 3.81247 -2.2973</i>
                        <i>1 0 0 0 1 0 0 0 1 1.52484 3.81247 -2.2973</i>
                        <i>1 0 0 0 1 0 0 0 1 1.52484 3.81247 -2.2973</i>
                        <i>1 0 0 0 1 0 0 0 1 1.52484 3.81247 -2.2973</i>
                        <i>1 0 0 0 1 0 0 0 1 1.52484 3.81247 -2.2973</i>
                        <i>1 0 0 0 1 0 0 0 1 1.52484 3.81247 -2.2973</i>
                        <i>1 0 0 0 1 0 0 0 1 1.52484 3.81247 -2.2973</i>
                        <i>1 0 0 0 1 0 0 0 1 1.52484 3.81247 -2.2973</i>
                        <i>1 0 0 0 1 0 0 0 1 1.52484 3.81247 -2.2973</i>
                        <i>1 0 0 0 1 0 0 0 1 1.52484 3.81247 -2.2973</i>
                        <i>1 0 0 0 1 0 0 0 1 1.52484 3.81247 -2.2973</i>
                        <i>1 0 0 0 1 0 0 0 1 1.52484 3.81247 -2.2973</i>
                        <i>1 0 0 0 1 0 0 0 1 1.52484 3.81247 -2.2973</i>
                        <i>1 0 0 0 1 0 0 0 1 1.52484 3.81247 -2.2973</i>
                    </KeyFrames>
                </p>
            </i>
            <i>
                <p>
                    <Name><![CDATA[spine0]]></Name>
                    <Exclude>0</Exclude>
                    <Additive>0</Additive>
                    <IKPriority>0</IKPriority>
                    <IKRotLimits>-1e+010 -1e+010 -1e+010 1e+010 1e+010 1e+010</IKRotLimits>
                    <IKRotLimitOrder>0</IKRotLimitOrder>
                    <KeyFrames count="160">
                        <i>-0.0482759 0.993917 0.0989909 -0.998823 -0.0485141 3.44585e-014 0.00480246 -0.0988743 0.995088 1.52484 3.94813 -2.3452</i>
                        <i>-0.0482755 0.993916 0.098994 -0.998823 -0.0485138 3.9066e-015 0.00480257 -0.0988774 0.995088 1.52484 3.94813 -2.3452</i>
                        <i>-0.0482746 0.993916 0.0990019 -0.998823 -0.048513 9.32587e-015 0.00480287 -0.0988853 0.995087 1.52484 3.94815 -2.3452</i>
                        <i>-0.0482735 0.993915 0.0990125 -0.998823 -0.0485119 4.42424e-014 0.00480329 -0.0988959 0.995086 1.52484 3.94817 -2.3452</i>
                        <i>-0.0482725 0.993914 0.0990235 -0.998823 -0.0485109 -1.51615e-014 0.00480372 -0.0989069 0.995085 1.52484 3.94819 -2.3452</i>
                        <i>-0.0482718 0.993913 0.0990321 -0.998823 -0.0485102 -3.5659e-014 0.00480407 -0.0989155 0.995084 1.52484 3.94821 -2.3452</i>
                        <i>-0.0482715 0.993912 0.0990356 -0.998823 -0.04851 -5.41026e-014 0.00480421 -0.098919 0.995084 1.52484 3.94821 -2.3452</i>
                        <i>-0.060011 0.993351 0.0982487 -0.99818 -0.0603028 -1.12015e-013 0.00592467 -0.0980699 0.995162 1.52484 3.94883 -2.3452</i>
                        <i>-0.081309 0.992125 0.0952695 -0.996659 -0.0816805 2.0775e-014 0.00778166 -0.0949512 0.995452 1.52484 3.94998 -2.3452</i>
                        <i>-0.0925083 0.991597 0.0904324 -0.995676 -0.0928889 3.89896e-014 0.00840017 -0.0900414 0.995903 1.52484 3.95061 -2.3452</i>
                        <i>-0.0734794 0.993508 0.0868467 -0.997276 -0.073758 9.1635e-014 0.00640564 -0.0866102 0.996222 1.52484 3.96706 -2.3452</i>
                        <i>-0.0455888 0.995125 0.0874505 -0.998952 -0.0457641 -3.61516e-015 0.00400209 -0.0873589 0.996169 1.52484 3.98339 -2.3452</i>
                        <i>-0.0334265 0.996313 0.0790163 -0.999438 -0.0335314 -7.49886e-014 0.00264952 -0.0789718 0.996873 1.52484 3.98168 -2.3452</i>
                        <i>-0.0288088 0.997539 0.0639278 -0.999583 -0.0288678 9.10105e-014 0.00184546 -0.0639012 0.997955 1.52484 3.99015 -2.3452</i>
                        <i>-0.0293395 0.997844 0.0587005 -0.999568 -0.0293901 1.8912e-014 0.00172522 -0.0586752 0.998276 1.52484 3.99202 -2.3452</i>
                        <i>-0.0324489 0.997444 0.0636641 -0.999471 -0.0325149 -3.64674e-013 0.00207003 -0.0636304 0.997971 1.52484 3.98038 -2.3452</i>
                        <i>-0.0372472 0.996671 0.0725195 -0.999302 -0.0373455 6.63358e-015 0.00270828 -0.0724689 0.997367 1.52484 3.96431 -2.3452</i>
                        <i>-0.0427197 0.995544 0.0840662 -0.999081 -0.0428715 5.41234e-014 0.00360404 -0.083989 0.99646 1.52484 3.95354 -2.3452</i>
                        <i>-0.0476091 0.994194 0.0964945 -0.998855 -0.0478323 9.62425e-015 0.00461556 -0.0963841 0.995333 1.52484 3.94961 -2.3452</i>
                        <i>-0.0502724 0.992961 0.107239 -0.998721 -0.050564 -2.76168e-014 0.00542243 -0.107102 0.994233 1.52484 3.9565 -2.3452</i>
                        <i>-0.04075 0.99035 0.132465 -0.999025 -0.0426393 0.0114565 0.0169941 -0.131869 0.991121 1.53107 3.96507 -2.34256</i>
                        <i>-0.0146827 0.983193 0.181979 -0.998867 -0.0226604 0.0418372 0.0452578 -0.181159 0.982412 1.54718 3.96244 -2.33573</i>
                        <i>0.0224801 0.969881 0.242539 -0.996365 0.00179493 0.0851718 0.0821712 -0.243572 0.966396 1.56931 3.95621 -2.32631</i>
                        <i>0.0637676 0.951374 0.301365 -0.99046 0.0233681 0.135807 0.122161 -0.30715 0.943788 1.59341 3.95001 -2.31608</i>
                        <i>0.098614 0.932083 0.348564 -0.981507 0.0333507 0.188501 0.164074 -0.360707 0.918134 1.6151 3.95053 -2.30698</i>
                        <i>0.12517 0.91219 0.390183 -0.969381 0.0287004 0.243879 0.211265 -0.408762 0.887852 1.63695 3.95104 -2.29774</i>
                        <i>0.152154 0.888553 0.432807 -0.953299 0.0163405 0.301587 0.260904 -0.458482 0.849543 1.66186 3.95159 -2.28702</i>
                        <i>0.179687 0.864192 0.469983 -0.934455 0.000644588 0.356082 0.30742 -0.503161 0.807664 1.68549 3.95208 -2.27675</i>
                        <i>0.205536 0.844788 0.494052 -0.914884 -0.0133833 0.403496 0.347481 -0.534933 0.770132 1.70304 3.95243 -2.26891</i>
                        <i>0.22485 0.838279 0.49672 -0.897141 -0.0208255 0.441254 0.380238 -0.544844 0.747371 1.70941 3.95257 -2.2654</i>
                        <i>0.235974 0.842804 0.483732 -0.880821 -0.0247487 0.472802 0.410451 -0.537651 0.73652 1.70863 3.95058 -2.2647</i>
                        <i>0.242214 0.849936 0.467911 -0.864137 -0.0302923 0.502344 0.441135 -0.526014 0.727124 1.70813 3.9456 -2.2641</i>
                        <i>0.244979 0.857886 0.451683 -0.847963 -0.0362782 0.528812 0.470047 -0.512558 0.718568 1.70781 3.93911 -2.26368</i>
                        <i>0.245639 0.865217 0.437105 -0.833357 -0.041845 0.551149 0.495154 -0.499649 0.710755 1.70756 3.93262 -2.26342</i>
                        <i>0.245377 0.870962 0.425694 -0.821528 -0.0463069 0.568285 0.514667 -0.489164 0.704157 1.70726 3.92759 -2.26326</i>
                        <i>0.245231 0.874465 0.418537 -0.813756 -0.0489818 0.579139 0.526937 -0.48261 0.699589 1.70676 3.92552 -2.26313</i>
                        <i>0.246158 0.874706 0.417487 -0.809263 -0.0515582 0.58518 0.533385 -0.481903 0.695176 1.70612 3.9282 -2.26316</i>
                        <i>0.24819 0.871824 0.422285 -0.80625 -0.0557437 0.588943 0.536994 -0.486637 0.689073 1.70548 3.93473 -2.26351</i>
                        <i>0.250854 0.866896 0.430772 -0.804423 -0.0608645 0.59093 0.538494 -0.49476 0.682083 1.7049 3.94255 -2.26404</i>
                        <i>0.253367 0.861349 0.440321 -0.803503 -0.0660853 0.591622 0.538692 -0.503697 0.675352 1.70446 3.94911 -2.26454</i>
                        <i>0.254619 0.857183 0.447669 -0.803241 -0.0703127 0.59149 0.538491 -0.51019 0.670621 1.70429 3.95186 -2.26478</i>
                        <i>0.254322 0.854755 0.452454 -0.802927 -0.0741722 0.591444 0.539099 -0.513705 0.667442 1.70415 3.9518 -2.26497</i>
                        <i>0.253148 0.852912 0.456571 -0.802109 -0.0788086 0.591954 0.540867 -0.516072 0.664178 1.70379 3.95165 -2.26543</i>
                        <i>0.251274 0.851736 0.459791 -0.800969 -0.0837255 0.592823 0.543425 -0.517239 0.661176 1.70329 3.95146 -2.26597</i>
                        <i>0.248831 0.851349 0.461831 -0.799721 -0.0883934 0.593829 0.546379 -0.517099 0.658847 1.70272 3.95126 -2.26642</i>
                        <i>0.245915 0.851897 0.462382 -0.798611 -0.0922687 0.594733 0.549315 -0.515517 0.657644 1.70215 3.95112 -2.26659</i>
                        <i>0.242226 0.854662 0.459217 -0.797814 -0.0938789 0.595549 0.552104 -0.510627 0.659121 1.70183 3.94836 -2.26607</i>
                        <i>0.237709 0.859562 0.45238 -0.797192 -0.0934464 0.596451 0.55496 -0.502415 0.663023 1.70175 3.9419 -2.26494</i>
                        <i>0.232698 0.864901 0.444745 -0.796527 -0.0929018 0.597423 0.558029 -0.49327 0.667299 1.70165 3.93417 -2.26371</i>
                        <i>0.227092 0.869627 0.438382 -0.795671 -0.0938812 0.59841 0.561549 -0.484701 0.670617 1.7013 3.92763 -2.26278</i>
                        <i>0.22043 0.873212 0.43464 -0.794526 -0.0977404 0.599313 0.565809 -0.477439 0.672244 1.7005 3.92471 -2.26242</i>
                        <i>0.215346 0.874304 0.434992 -0.793205 -0.103218 0.600143 0.569607 -0.474277 0.671275 1.69944 3.92563 -2.26224</i>
                        <i>0.214397 0.872364 0.439334 -0.791914 -0.108046 0.600998 0.571757 -0.476767 0.667673 1.69847 3.92851 -2.26179</i>
                        <i>0.216947 0.86807 0.44653 -0.790688 -0.112 0.601888 0.572492 -0.483644 0.662074 1.69761 3.93272 -2.26111</i>
                        <i>0.222242 0.862093 0.455416 -0.78957 -0.114898 0.602809 0.572004 -0.493552 0.655147 1.69687 3.93762 -2.26028</i>
                        <i>0.22933 0.855237 0.464734 -0.788612 -0.116603 0.603734 0.570525 -0.504949 0.64771 1.69634 3.94257 -2.25939</i>
                        <i>0.237038 0.848518 0.473107 -0.787878 -0.117014 0.604612 0.568384 -0.516066 0.640792 1.69607 3.94694 -2.25857</i>
                        <i>0.244032 0.843179 0.479059 -0.787436 -0.11605 0.605374 0.566033 -0.524959 0.635629 1.69614 3.95009 -2.25796</i>
                        <i>0.248958 0.840576 0.481094 -0.787349 -0.113615 0.605948 0.564005 -0.529645 0.633541 1.69662 3.95139 -2.25771</i>
                        <i>0.251062 0.842143 0.477245 -0.787777 -0.108731 0.606288 0.562472 -0.528178 0.636123 1.69737 3.95146 -2.25847</i>
                        <i>0.250906 0.847669 0.467444 -0.788605 -0.101051 0.606541 0.561381 -0.520813 0.643121 1.69816 3.95134 -2.26051</i>
                        <i>0.24925 0.855939 0.453037 -0.789454 -0.0913721 0.606971 0.560925 -0.50894 0.65295 1.69891 3.95103 -2.26347</i>
                        <i>0.246667 0.865774 0.43542 -0.790021 -0.0805754 0.607762 0.561269 -0.493906 0.664104 1.69949 3.9505 -2.26697</i>
                        <i>0.24339 0.876118 0.416148 -0.790151 -0.0697294 0.608933 0.562514 -0.477028 0.675294 1.6998 3.94978 -2.27064</i>
                        <i>0.239295 0.886088 0.396972 -0.789864 -0.0601214 0.610328 0.564671 -0.459602 0.685502 1.69977 3.94893 -2.27413</i>
                        <i>0.233989 0.894978 0.379822 -0.789327 -0.0532175 0.611662 0.567637 -0.442926 0.693978 1.6993 3.94804 -2.27711</i>
                        <i>0.226992 0.902209 0.366733 -0.788785 -0.0505516 0.612587 0.571221 -0.428326 0.700174 1.69832 3.9472 -2.27925</i>
                        <i>0.219606 0.907571 0.357894 -0.788258 -0.0510835 0.613221 0.574824 -0.416779 0.704182 1.69702 3.94638 -2.28094</i>
                        <i>0.213284 0.91162 0.351367 -0.787639 -0.052343 0.61391 0.578044 -0.407688 0.706863 1.69564 3.94548 -2.28271</i>
                        <i>0.207616 0.915075 0.345736 -0.786988 -0.0536666 0.61463 0.580987 -0.399697 0.709011 1.69429 3.94455 -2.28446</i>
                        <i>0.201481 0.919079 0.338672 -0.786403 -0.0543438 0.615318 0.583931 -0.390308 0.711818 1.69302 3.94364 -2.28609</i>
                        <i>0.194611 0.923792 0.329749 -0.785916 -0.0542968 0.615945 0.586909 -0.379025 0.715456 1.69186 3.94276 -2.2876</i>
                        <i>0.187859 0.928383 0.320647 -0.785476 -0.0539979 0.616532 0.589692 -0.367681 0.719078 1.69075 3.9419 -2.28903</i>
                        <i>0.181353 0.932735 0.311634 -0.785086 -0.053522 0.61707 0.592242 -0.356567 0.722571 1.6897 3.94106 -2.29038</i>
                        <i>0.175213 0.936753 0.302975 -0.784745 -0.0529551 0.617553 0.594539 -0.345961 0.725834 1.68874 3.94026 -2.29162</i>
                        <i>0.169512 0.940371 0.294902 -0.784446 -0.0523955 0.61798 0.596583 -0.33609 0.728788 1.68786 3.93951 -2.29275</i>
                        <i>0.164286 0.943551 0.287614 -0.784178 -0.0519513 0.618358 0.598394 -0.327128 0.731377 1.68709 3.93883 -2.29375</i>
                        <i>0.15955 0.946267 0.281287 -0.783928 -0.0517339 0.618692 0.6 -0.319221 0.733552 1.68643 3.93824 -2.29459</i>
                        <i>0.154722 0.948721 0.275661 -0.783651 -0.0520597 0.619016 0.601624 -0.311798 0.735412 1.6859 3.93775 -2.29528</i>
                        <i>0.149931 0.95091 0.270724 -0.783365 -0.0528046 0.619315 0.603208 -0.30493 0.736993 1.68551 3.93739 -2.29579</i>
                        <i>0.146148 0.952566 0.266943 -0.783154 -0.0534571 0.619525 0.604409 -0.2996 0.738194 1.68526 3.93716 -2.2961</i>
                        <i>0.144033 0.953553 0.264556 -0.783091 -0.0536157 0.619591 0.604998 -0.296414 0.738997 1.68518 3.93708 -2.29621</i>
                        <i>0.142864 0.954292 0.26252 -0.783159 -0.0531888 0.619543 0.605188 -0.294105 0.739763 1.68518 3.93708 -2.29621</i>
                        <i>0.141726 0.955134 0.260063 -0.783276 -0.0524396 0.619458 0.605303 -0.291494 0.740702 1.68518 3.93708 -2.29621</i>
                        <i>0.140817 0.955912 0.257687 -0.783415 -0.0515555 0.619357 0.605336 -0.289092 0.741616 1.68518 3.93708 -2.29621</i>
                        <i>0.140223 0.956518 0.255754 -0.783546 -0.0507125 0.619261 0.605304 -0.28723 0.742365 1.68518 3.93708 -2.29621</i>
                        <i>0.139922 0.956902 0.254481 -0.783644 -0.0500814 0.619188 0.605247 -0.286061 0.742863 1.68518 3.93708 -2.29621</i>
                        <i>0.139837 0.957037 0.254021 -0.783683 -0.0498326 0.619159 0.605217 -0.285653 0.743045 1.68518 3.93708 -2.29621</i>
                        <i>0.140324 0.956588 0.255437 -0.783594 -0.0504045 0.619225 0.605219 -0.287051 0.742504 1.68518 3.93708 -2.29621</i>
                        <i>0.141599 0.955487 0.258833 -0.783394 -0.0516862 0.619372 0.60518 -0.290471 0.741204 1.68518 3.93708 -2.29621</i>
                        <i>0.143192 0.954205 0.262658 -0.783188 -0.0530037 0.619522 0.605073 -0.294421 0.739732 1.68518 3.93708 -2.29621</i>
                        <i>0.144033 0.953553 0.264556 -0.783091 -0.0536157 0.619591 0.604998 -0.296414 0.738997 1.68518 3.93708 -2.29621</i>
                        <i>0.143869 0.953363 0.265333 -0.784487 -0.053565 0.617828 0.603226 -0.297036 0.740194 1.68475 3.93738 -2.29613</i>
                        <i>0.143318 0.952849 0.267469 -0.788438 -0.0534239 0.61279 0.598185 -0.298706 0.743605 1.68358 3.93818 -2.29592</i>
                        <i>0.142295 0.952093 0.270685 -0.794565 -0.0532083 0.604843 0.590269 -0.301143 0.748929 1.68186 3.93936 -2.29558</i>
                        <i>0.140713 0.951176 0.274707 -0.802473 -0.0529346 0.594336 0.57986 -0.304076 0.755844 1.67974 3.94076 -2.29513</i>
                        <i>0.138482 0.950183 0.279242 -0.811758 -0.0526199 0.581618 0.567337 -0.30722 0.764032 1.67739 3.94225 -2.29458</i>
                        <i>0.135509 0.94921 0.283966 -0.82203 -0.0522829 0.567039 0.553086 -0.310268 0.773194 1.67499 3.94371 -2.29398</i>
                        <i>0.131705 0.948373 0.288516 -0.832913 -0.0519437 0.55096 0.537503 -0.312874 0.783072 1.67272 3.94506 -2.29337</i>
                        <i>0.126986 0.947803 0.292479 -0.84406 -0.0516239 0.533759 0.520997 -0.31465 0.793447 1.67075 3.9462 -2.29283</i>
                        <i>0.121051 0.944784 0.304515 -0.85794 -0.0547211 0.510827 0.499285 -0.323092 0.803944 1.66796 3.94719 -2.29192</i>
                        <i>0.115301 0.936873 0.330112 -0.874824 -0.0616433 0.480504 0.47052 -0.344192 0.812491 1.66356 3.94811 -2.29027</i>
                        <i>0.111858 0.924906 0.36337 -0.891602 -0.0680495 0.447677 0.438786 -0.374058 0.817036 1.65841 3.94894 -2.28822</i>
                        <i>0.111414 0.911224 0.396557 -0.906159 -0.0706762 0.416991 0.407999 -0.405803 0.817839 1.65354 3.94969 -2.2862</i>
                        <i>0.114881 0.899978 0.420526 -0.917346 -0.0663158 0.392528 0.381154 -0.430861 0.817973 1.65016 3.95042 -2.28481</i>
                        <i>0.117066 0.894448 0.431576 -0.924508 -0.0605747 0.376318 0.362739 -0.44305 0.819834 1.64809 3.95084 -2.28434</i>
                        <i>0.112347 0.893967 0.433821 -0.92889 -0.060569 0.36537 0.352905 -0.44402 0.823592 1.64588 3.95077 -2.28471</i>
                        <i>0.10217 0.89723 0.42958 -0.932291 -0.0642629 0.355954 0.346979 -0.436862 0.829914 1.64294 3.95042 -2.28594</i>
                        <i>0.0878558 0.902719 0.421164 -0.936234 -0.0695717 0.34442 0.340216 -0.424567 0.839044 1.63861 3.94998 -2.28804</i>
                        <i>0.0708209 0.908998 0.41074 -0.942046 -0.0744195 0.327126 0.327924 -0.410103 0.851047 1.63227 3.94967 -2.291</i>
                        <i>0.052699 0.915831 0.398092 -0.949546 -0.077464 0.30391 0.309168 -0.394022 0.865541 1.6241 3.94952 -2.29482</i>
                        <i>0.0346132 0.923596 0.381802 -0.957418 -0.0789209 0.27771 0.286624 -0.375157 0.881535 1.61499 3.94939 -2.29935</i>
                        <i>0.0172728 0.931958 0.362154 -0.965145 -0.0790624 0.249489 0.261146 -0.35384 0.898109 1.6053 3.94928 -2.30435</i>
                        <i>0.001314 0.940553 0.339645 -0.972309 -0.0781718 0.220237 0.233695 -0.330529 0.914405 1.59539 3.94916 -2.30961</i>
                        <i>-0.0127485 0.948996 0.315029 -0.978611 -0.0765346 0.190951 0.205323 -0.305856 0.929674 1.58558 3.94902 -2.31488</i>
                        <i>-0.0245814 0.956917 0.289319 -0.983877 -0.0744414 0.162621 0.177152 -0.280657 0.943318 1.5762 3.94886 -2.31995</i>
                        <i>-0.0340861 0.96399 0.263744 -0.988046 -0.0722023 0.136207 0.150345 -0.255948 0.954928 1.56755 3.94869 -2.32459</i>
                        <i>-0.0414251 0.969968 0.239679 -0.991156 -0.0701632 0.112639 0.126073 -0.232893 0.964296 1.55992 3.94853 -2.32858</i>
                        <i>-0.0472498 0.975237 0.216057 -0.993576 -0.0681529 0.0903418 0.10283 -0.2104 0.972192 1.55282 3.94842 -2.33214</i>
                        <i>-0.0515955 0.980124 0.191558 -0.99552 -0.0656952 0.0679954 0.0792284 -0.187192 0.979123 1.54581 3.94835 -2.33555</i>
                        <i>-0.0541006 0.98441 0.167362 -0.996927 -0.0627586 0.0468794 0.0566519 -0.164312 0.98478 1.53924 3.94829 -2.33865</i>
                        <i>-0.0547053 0.987955 0.144749 -0.997835 -0.0593931 0.0282624 0.0365191 -0.14289 0.989065 1.5335 3.94823 -2.34131</i>
                        <i>-0.0536359 0.990704 0.125014 -0.998355 -0.0557416 0.0134046 0.0202485 -0.12409 0.992064 1.52894 3.94818 -2.34338</i>
