<?xml version="1.0" encoding="ISO-8859-1" ?>
<Animl Version="1">
    <ModellingPackage><![CDATA[Maya.2010]]></ModellingPackage>
    <SrcFile><![CDATA[anims\turrets\antiair\red\~src\aa_zu232\aa_zu232_crew_aim_low_crewmana.mb]]></SrcFile>
    <FramesPerSecond>30</FramesPerSecond>
    <TotalFrames>41</TotalFrames>
    <Skeleton>
        <RefFrame>
            <Name><![CDATA[soldier_ref_frame]]></Name>
            <Exclude>0</Exclude>
            <Additive>0</Additive>
            <IKPriority>0</IKPriority>
            <IKRotLimits>-1e+010 -1e+010 -1e+010 1e+010 1e+010 1e+010</IKRotLimits>
            <IKRotLimitOrder>0</IKRotLimitOrder>
            <KeyFrames count="41">
                <i>1 0 0 0 1 0 0 0 1 1.52 2.68 -2.28</i>
                <i>1 0 0 0 1 0 0 0 1 1.52 2.68 -2.28</i>
                <i>1 0 0 0 1 0 0 0 1 1.52 2.68 -2.28</i>
                <i>1 0 0 0 1 0 0 0 1 1.52 2.68 -2.28</i>
                <i>1 0 0 0 1 0 0 0 1 1.52 2.68 -2.28</i>
                <i>1 0 0 0 1 0 0 0 1 1.52 2.68 -2.28</i>
                <i>1 0 0 0 1 0 0 0 1 1.52 2.68 -2.28</i>
                <i>1 0 0 0 1 0 0 0 1 1.52 2.68 -2.28</i>
                <i>1 0 0 0 1 0 0 0 1 1.52 2.68 -2.28</i>
                <i>1 0 0 0 1 0 0 0 1 1.52 2.68 -2.28</i>
                <i>1 0 0 0 1 0 0 0 1 1.52 2.68 -2.28</i>
                <i>1 0 0 0 1 0 0 0 1 1.52 2.68 -2.28</i>
                <i>1 0 0 0 1 0 0 0 1 1.52 2.68 -2.28</i>
                <i>1 0 0 0 1 0 0 0 1 1.52 2.68 -2.28</i>
                <i>1 0 0 0 1 0 0 0 1 1.52 2.68 -2.28</i>
                <i>1 0 0 0 1 0 0 0 1 1.52 2.68 -2.28</i>
                <i>1 0 0 0 1 0 0 0 1 1.52 2.68 -2.28</i>
                <i>1 0 0 0 1 0 0 0 1 1.52 2.68 -2.28</i>
                <i>1 0 0 0 1 0 0 0 1 1.52 2.68 -2.28</i>
                <i>1 0 0 0 1 0 0 0 1 1.52 2.68 -2.28</i>
                <i>1 0 0 0 1 0 0 0 1 1.52 2.68 -2.28</i>
                <i>1 0 0 0 1 0 0 0 1 1.52 2.68 -2.28</i>
                <i>1 0 0 0 1 0 0 0 1 1.52 2.68 -2.28</i>
                <i>1 0 0 0 1 0 0 0 1 1.52 2.68 -2.28</i>
                <i>1 0 0 0 1 0 0 0 1 1.52 2.68 -2.28</i>
                <i>1 0 0 0 1 0 0 0 1 1.52 2.68 -2.28</i>
                <i>1 0 0 0 1 0 0 0 1 1.52 2.68 -2.28</i>
                <i>1 0 0 0 1 0 0 0 1 1.52 2.68 -2.28</i>
                <i>1 0 0 0 1 0 0 0 1 1.52 2.68 -2.28</i>
                <i>1 0 0 0 1 0 0 0 1 1.52 2.68 -2.28</i>
                <i>1 0 0 0 1 0 0 0 1 1.52 2.68 -2.28</i>
                <i>1 0 0 0 1 0 0 0 1 1.52 2.68 -2.28</i>
                <i>1 0 0 0 1 0 0 0 1 1.52 2.68 -2.28</i>
                <i>1 0 0 0 1 0 0 0 1 1.52 2.68 -2.28</i>
                <i>1 0 0 0 1 0 0 0 1 1.52 2.68 -2.28</i>
                <i>1 0 0 0 1 0 0 0 1 1.52 2.68 -2.28</i>
                <i>1 0 0 0 1 0 0 0 1 1.52 2.68 -2.28</i>
                <i>1 0 0 0 1 0 0 0 1 1.52 2.68 -2.28</i>
                <i>1 0 0 0 1 0 0 0 1 1.52 2.68 -2.28</i>
                <i>1 0 0 0 1 0 0 0 1 1.52 2.68 -2.28</i>
                <i>1 0 0 0 1 0 0 0 1 1.52 2.68 -2.28</i>
            </KeyFrames>
        </RefFrame>
        <Bones count="23">
            <i>
                <p>
                    <Name><![CDATA[pelvis]]></Name>
                    <Exclude>0</Exclude>
                    <Additive>0</Additive>
                    <IKPriority>0</IKPriority>
                    <IKRotLimits>-1e+010 -1e+010 -1e+010 1e+010 1e+010 1e+010</IKRotLimits>
                    <IKRotLimitOrder>2</IKRotLimitOrder>
                    <KeyFrames count="41">
                        <i>1 0 0 0 1 0 0 0 1 1.52484 3.81247 -2.2973</i>
                        <i>1 0 0 0 1 0 0 0 1 1.52484 3.81247 -2.2973</i>
                        <i>1 0 0 0 1 0 0 0 1 1.52484 3.81247 -2.2973</i>
                        <i>1 0 0 0 1 0 0 0 1 1.52484 3.81247 -2.2973</i>
                        <i>1 0 0 0 1 0 0 0 1 1.52484 3.81247 -2.2973</i>
                        <i>1 0 0 0 1 0 0 0 1 1.52484 3.81247 -2.2973</i>
                        <i>1 0 0 0 1 0 0 0 1 1.52484 3.81247 -2.2973</i>
                        <i>1 0 0 0 1 0 0 0 1 1.52484 3.81247 -2.2973</i>
                        <i>1 0 0 0 1 0 0 0 1 1.52484 3.81247 -2.2973</i>
                        <i>1 0 0 0 1 0 0 0 1 1.52484 3.81247 -2.2973</i>
                        <i>1 0 0 0 1 0 0 0 1 1.52484 3.81247 -2.2973</i>
                        <i>1 0 0 0 1 0 0 0 1 1.52484 3.81247 -2.2973</i>
                        <i>1 0 0 0 1 0 0 0 1 1.52484 3.81247 -2.2973</i>
                        <i>1 0 0 0 1 0 0 0 1 1.52484 3.81247 -2.2973</i>
                        <i>1 0 0 0 1 0 0 0 1 1.52484 3.81247 -2.2973</i>
                        <i>1 0 0 0 1 0 0 0 1 1.52484 3.81247 -2.2973</i>
                        <i>1 0 0 0 1 0 0 0 1 1.52484 3.81247 -2.2973</i>
                        <i>1 0 0 0 1 0 0 0 1 1.52484 3.81247 -2.2973</i>
                        <i>1 0 0 0 1 0 0 0 1 1.52484 3.81247 -2.2973</i>
                        <i>1 0 0 0 1 0 0 0 1 1.52484 3.81247 -2.2973</i>
                        <i>1 0 0 0 1 0 0 0 1 1.52484 3.81247 -2.2973</i>
                        <i>1 0 0 0 1 0 0 0 1 1.52484 3.81247 -2.2973</i>
                        <i>1 0 0 0 1 0 0 0 1 1.52484 3.81247 -2.2973</i>
                        <i>1 0 0 0 1 0 0 0 1 1.52484 3.81247 -2.2973</i>
                        <i>1 0 0 0 1 0 0 0 1 1.52484 3.81247 -2.2973</i>
                        <i>1 0 0 0 1 0 0 0 1 1.52484 3.81247 -2.2973</i>
                        <i>1 0 0 0 1 0 0 0 1 1.52484 3.81247 -2.2973</i>
                        <i>1 0 0 0 1 0 0 0 1 1.52484 3.81247 -2.2973</i>
                        <i>1 0 0 0 1 0 0 0 1 1.52484 3.81247 -2.2973</i>
                        <i>1 0 0 0 1 0 0 0 1 1.52484 3.81247 -2.2973</i>
                        <i>1 0 0 0 1 0 0 0 1 1.52484 3.81247 -2.2973</i>
                        <i>1 0 0 0 1 0 0 0 1 1.52484 3.81247 -2.2973</i>
                        <i>1 0 0 0 1 0 0 0 1 1.52484 3.81247 -2.2973</i>
                        <i>1 0 0 0 1 0 0 0 1 1.52484 3.81247 -2.2973</i>
                        <i>1 0 0 0 1 0 0 0 1 1.52484 3.81247 -2.2973</i>
                        <i>1 0 0 0 1 0 0 0 1 1.52484 3.81247 -2.2973</i>
                        <i>1 0 0 0 1 0 0 0 1 1.52484 3.81247 -2.2973</i>
                        <i>1 0 0 0 1 0 0 0 1 1.52484 3.81247 -2.2973</i>
                        <i>1 0 0 0 1 0 0 0 1 1.52484 3.81247 -2.2973</i>
                        <i>1 0 0 0 1 0 0 0 1 1.52484 3.81247 -2.2973</i>
                        <i>1 0 0 0 1 0 0 0 1 1.52484 3.81247 -2.2973</i>
                    </KeyFrames>
                </p>
            </i>
            <i>
                <p>
                    <Name><![CDATA[spine0]]></Name>
                    <Exclude>0</Exclude>
                    <Additive>0</Additive>
                    <IKPriority>0</IKPriority>
                    <IKRotLimits>-1e+010 -1e+010 -1e+010 1e+010 1e+010 1e+010</IKRotLimits>
                    <IKRotLimitOrder>0</IKRotLimitOrder>
                    <KeyFrames count="41">
                        <i>-0.0485659 0.993789 0.100124 -0.998806 -0.0488482 0.000368828 0.00525744 -0.099987 0.994975 1.52482 3.94783 -2.34604</i>
                        <i>-0.0482759 0.993917 0.0989909 -0.998823 -0.0485141 -3.05034e-014 0.00480246 -0.0988743 0.995088 1.52484 3.94813 -2.3452</i>
                        <i>-0.0483638 0.994007 0.0980325 -0.998817 -0.0486314 0.000340884 0.0051063 -0.0979 0.995183 1.5246 3.94849 -2.34417</i>
                        <i>-0.0489804 0.994048 0.0973138 -0.998778 -0.0493957 0.00186124 0.00665704 -0.0971036 0.995252 1.52394 3.94889 -2.34298</i>
                        <i>-0.0499798 0.994052 0.0967575 -0.998708 -0.0506319 0.00429482 0.0091683 -0.0964179 0.995299 1.523 3.9493 -2.34171</i>
                        <i>-0.0512169 0.994037 0.0962698 -0.998611 -0.0521645 0.00735079 0.0123288 -0.0957597 0.995328 1.52188 3.94968 -2.34044</i>
                        <i>-0.0525495 0.994018 0.095739 -0.998493 -0.0538172 0.0107059 0.0157943 -0.0950321 0.995349 1.5207 3.95002 -2.33925</i>
                        <i>-0.0538394 0.994017 0.095037 -0.998365 -0.0554138 0.0140032 0.0191857 -0.0941277 0.995375 1.51959 3.9503 -2.33819</i>
                        <i>-0.0549541 0.994052 0.094023 -0.998244 -0.0567803 0.0168569 0.0220953 -0.0929315 0.995427 1.51865 3.9505 -2.33737</i>
                        <i>-0.0557652 0.994145 0.0925477 -0.998153 -0.0577461 0.018864 0.0240978 -0.0913248 0.99553 1.518 3.95062 -2.33684</i>
                        <i>-0.0561456 0.994316 0.0904581 -0.998115 -0.0581451 0.0196213 0.0247695 -0.089186 0.995707 1.51776 3.95065 -2.3367</i>
                        <i>-0.056272 0.994542 0.0878645 -0.998113 -0.0582017 0.0195551 0.0245622 -0.0865983 0.99594 1.51778 3.95062 -2.33684</i>
                        <i>-0.0564115 0.994785 0.0849759 -0.998114 -0.0582539 0.0193582 0.0242074 -0.0837236 0.996195 1.51785 3.95054 -2.33711</i>
                        <i>-0.0565699 0.995042 0.0817964 -0.998117 -0.0583101 0.019042 0.0237171 -0.0805652 0.996467 1.51795 3.95043 -2.33749</i>
                        <i>-0.0567408 0.995307 0.0783886 -0.998122 -0.0583676 0.018619 0.023107 -0.0771849 0.996749 1.51809 3.9503 -2.33798</i>
                        <i>-0.0569017 0.995546 0.0751742 -0.998128 -0.0584163 0.018103 0.0224138 -0.0740034 0.997006 1.51827 3.95014 -2.33855</i>
                        <i>-0.0570364 0.995728 0.0726191 -0.998137 -0.0584512 0.017507 0.0216769 -0.0714853 0.997206 1.51848 3.94995 -2.3392</i>
                        <i>-0.0571322 0.995849 0.0708568 -0.998147 -0.0584625 0.0168441 0.0209166 -0.0697632 0.997344 1.51872 3.94975 -2.3399</i>
                        <i>-0.0571775 0.995906 0.0700155 -0.998161 -0.0584407 0.0161263 0.020152 -0.0689647 0.997416 1.51898 3.94953 -2.34063</i>
                        <i>-0.057162 0.995893 0.0702173 -0.998176 -0.0583763 0.0153646 0.0194006 -0.069211 0.997413 1.51926 3.9493 -2.3414</i>
                        <i>-0.0570855 0.995814 0.0713808 -0.998195 -0.0582663 0.0145689 0.018667 -0.0704203 0.997343 1.51957 3.94906 -2.34217</i>
                        <i>-0.0569555 0.995684 0.0732743 -0.998215 -0.058112 0.0137472 0.017946 -0.0723606 0.997217 1.51989 3.94881 -2.34295</i>
                        <i>-0.0567741 0.995507 0.0757851 -0.998238 -0.0579124 0.0129068 0.0172377 -0.0749188 0.997041 1.52022 3.94857 -2.3437</i>
                        <i>-0.0565437 0.995286 0.0787951 -0.998263 -0.0576671 0.0120534 0.0165405 -0.0779767 0.996818 1.52057 3.94833 -2.34442</i>
                        <i>-0.0562671 0.995028 0.0821807 -0.99829 -0.0573759 0.0111916 0.0158511 -0.0814105 0.996555 1.52092 3.94811 -2.34509</i>
                        <i>-0.0559472 0.994739 0.0858125 -0.998319 -0.0570391 0.0103245 0.0151649 -0.0850906 0.996258 1.52127 3.9479 -2.3457</i>
                        <i>-0.0555864 0.994429 0.0895558 -0.998349 -0.0566569 0.00945424 0.0144755 -0.0888824 0.995937 1.52163 3.94772 -2.34623</i>
                        <i>-0.055187 0.99411 0.0932711 -0.998381 -0.0562293 0.00858191 0.0137759 -0.0926465 0.995604 1.52198 3.94757 -2.34667</i>
                        <i>-0.0547506 0.993795 0.0968157 -0.998415 -0.055756 0.00770776 0.013058 -0.0962402 0.995272 1.52233 3.94745 -2.34701</i>
                        <i>-0.0542781 0.993509 0.0999686 -0.99845 -0.055237 0.00684766 0.0123252 -0.0994419 0.994967 1.52267 3.94736 -2.34728</i>
                        <i>-0.0537694 0.993277 0.102513 -0.998486 -0.0546726 0.00601945 0.0115837 -0.102034 0.994713 1.52299 3.94727 -2.34752</i>
                        <i>-0.0532113 0.993124 0.104278 -0.998525 -0.0540493 0.00522521 0.0108255 -0.103847 0.994534 1.5233 3.9472 -2.34772</i>
                        <i>-0.0526031 0.993053 0.105259 -0.998565 -0.0533686 0.00446671 0.0100532 -0.104873 0.994435 1.52359 3.94715 -2.34786</i>
                        <i>-0.051963 0.993053 0.105575 -0.998606 -0.0526518 0.00374599 0.00927867 -0.105233 0.994404 1.52386 3.94713 -2.34793</i>
                        <i>-0.0513096 0.993111 0.105347 -0.998646 -0.0519207 0.00306517 0.00851372 -0.105047 0.994431 1.5241 3.94713 -2.34792</i>
                        <i>-0.0506624 0.993213 0.104696 -0.998686 -0.0511973 0.00242668 0.00777035 -0.104435 0.994501 1.52431 3.94718 -2.3478</i>
                        <i>-0.050042 0.993345 0.103739 -0.998722 -0.0505043 0.00183344 0.0070605 -0.103515 0.994603 1.5245 3.94727 -2.34757</i>
                        <i>-0.04947 0.993493 0.102588 -0.998755 -0.0498651 0.00128899 0.00639615 -0.102396 0.994723 1.52464 3.9474 -2.34721</i>
                        <i>-0.048969 0.993645 0.101346 -0.998784 -0.0493036 0.000797688 0.00578935 -0.101184 0.994851 1.52475 3.94759 -2.3467</i>
                        <i>-0.0485623 0.99379 0.100112 -0.998806 -0.0488442 0.000364809 0.00525246 -0.0999753 0.994976 1.52482 3.94783 -2.34603</i>
                        <i>-0.0482736 0.993918 0.0989799 -0.998823 -0.0485115 -3.26945e-006 0.00479842 -0.0988635 0.995089 1.52484 3.94813 -2.34519</i>
                    </KeyFrames>
                </p>
            </i>
            <i>
                <p>
                    <Name><![CDATA[spine1]]></Name>
                    <Exclude>0</Exclude>
                    <Additive>0</Additive>
                    <IKPriority>0</IKPriority>
                    <IKRotLimits>-1e+010 -1e+010 -1e+010 1e+010 1e+010 1e+010</IKRotLimits>
                    <IKRotLimitOrder>0</IKRotLimitOrder>
                    <KeyFrames count="41">
                        <i>-0.00794195 0.896679 0.442609 -0.999821 -0.0147247 0.0118905 0.0171792 -0.442436 0.896636 1.5164 4.12013 -2.32869</i>
                        <i>-0.0082507 0.900042 0.435725 -0.999832 -0.0145562 0.0111352 0.0163647 -0.43556 0.900011 1.51645 4.12093 -2.328</i>
                        <i>-0.0073414 0.903948 0.42758 -0.999848 -0.013411 0.0111853 0.0158452 -0.427433 0.903908 1.51617 4.12169 -2.3271</i>
                        <i>-0.00450528 0.908149 0.418623 -0.999865 -0.0107067 0.0124661 0.0158032 -0.41851 0.908075 1.51539 4.1225 -2.326</i>
                        <i>-0.000334807 0.91246 0.409166 -0.999867 -0.00697062 0.0147266 0.0162896 -0.409107 0.912341 1.51425 4.12331 -2.3248</i>
                        <i>0.00458927 0.916708 0.399531 -0.99984 -0.00270141 0.0176831 0.0172895 -0.399548 0.916549 1.51289 4.12411 -2.32358</i>
                        <i>0.00970146 0.920748 0.390037 -0.999778 0.00163342 0.0210117 0.0187094 -0.390154 0.92056 1.51146 4.12486 -2.32243</i>
                        <i>0.0144543 0.924461 0.381003 -0.999688 0.00559526 0.0243494 0.0203783 -0.381236 0.924253 1.51009 4.12555 -2.32147</i>
                        <i>0.0183186 0.927756 0.372738 -0.999589 0.00876811 0.0273018 0.0220612 -0.373085 0.927535 1.50894 4.12616 -2.32079</i>
                        <i>0.0207801 0.930564 0.36554 -0.999508 0.0107482 0.0294579 0.0234836 -0.365973 0.930329 1.50812 4.12667 -2.32049</i>
                        <i>0.0213314 0.932828 0.35969 -0.999476 0.0111291 0.0304111 0.0243653 -0.36015 0.932576 1.5078 4.12705 -2.32069</i>
                        <i>0.0206723 0.934756 0.354689 -0.999477 0.0105012 0.0305773 0.0248576 -0.355136 0.934484 1.50778 4.12727 -2.32127</i>
                        <i>0.0198574 0.93663 0.349757 -0.999483 0.00975 0.0306355 0.025284 -0.350185 0.936339 1.50782 4.1273 -2.32205</i>
                        <i>0.0189073 0.938505 0.344748 -0.999492 0.00889764 0.0305939 0.0256451 -0.345152 0.938196 1.50791 4.1271 -2.32301</i>
                        <i>0.0178281 0.940475 0.339394 -0.999504 0.00794902 0.0304762 0.0259642 -0.339769 0.94015 1.50804 4.1267 -2.32412</i>
                        <i>0.0166552 0.942231 0.334549 -0.999517 0.00690392 0.0303156 0.0262546 -0.334892 0.941891 1.50821 4.12614 -2.32529</i>
                        <i>0.0154431 0.943328 0.331501 -0.999529 0.00577512 0.0301298 0.0265078 -0.33181 0.942974 1.50843 4.12543 -2.32643</i>
                        <i>0.0142137 0.943706 0.33048 -0.999542 0.00457652 0.0299209 0.0267241 -0.330754 0.943339 1.50868 4.1246 -2.32748</i>
                        <i>0.0129892 0.943291 0.331712 -0.999554 0.00332345 0.0296895 0.0269034 -0.33195 0.942913 1.50898 4.12367 -2.32841</i>
                        <i>0.0117933 0.941996 0.335418 -0.999565 0.0020334 0.0294342 0.0270448 -0.335619 0.94161 1.50931 4.12268 -2.32919</i>
                        <i>0.0106241 0.939876 0.34135 -0.999575 0.000711605 0.0291511 0.0271556 -0.341515 0.939484 1.50968 4.12164 -2.32981</i>
                        <i>0.0094602 0.937106 0.348915 -0.999584 -0.000645578 0.0288357 0.0272474 -0.349043 0.93671 1.51006 4.12058 -2.33031</i>
                        <i>0.00829853 0.933762 0.357798 -0.999592 -0.00203027 0.0284824 0.0273222 -0.357888 0.933365 1.51047 4.11952 -2.33069</i>
                        <i>0.00713715 0.929928 0.367673 -0.9996 -0.00343207 0.0280843 0.0273783 -0.367727 0.929531 1.5109 4.11849 -2.33094</i>
                        <i>0.00597519 0.925699 0.378214 -0.999606 -0.00483789 0.0276332 0.0274098 -0.378231 0.925305 1.51134 4.11751 -2.33109</i>
                        <i>0.00481294 0.921188 0.389087 -0.999613 -0.00623185 0.0271193 0.0274067 -0.389067 0.920802 1.51179 4.11661 -2.33113</i>
                        <i>0.00365175 0.916527 0.399957 -0.999619 -0.00759518 0.0265317 0.0273548 -0.399902 0.91615 1.51224 4.11579 -2.33108</i>
                        <i>0.00249384 0.911862 0.41049 -0.999626 -0.0089066 0.0258581 0.0272351 -0.410401 0.911498 1.51268 4.1151 -2.33094</i>
                        <i>0.00134236 0.907359 0.420354 -0.999634 -0.0101424 0.0250852 0.0270247 -0.420234 0.907013 1.51312 4.11454 -2.33071</i>
                        <i>0.00021038 0.90309 0.429452 -0.999644 -0.0112747 0.0241991 0.0266958 -0.429304 0.902766 1.51355 4.11415 -2.33047</i>
                        <i>-0.000887774 0.89913 0.437681 -0.999656 -0.0122744 0.0231877 0.026221 -0.43751 0.898831 1.51397 4.11394 -2.3303</i>
                        <i>-0.00195284 0.895761 0.444531 -0.999671 -0.0131155 0.0220372 0.0255703 -0.444342 0.895492 1.51436 4.11398 -2.33019</i>
                        <i>-0.00297718 0.893163 0.449723 -0.999689 -0.0137884 0.0207662 0.0247486 -0.449521 0.892927 1.51474 4.11429 -2.33013</i>
                        <i>-0.00394443 0.891357 0.453285 -0.999709 -0.0142965 0.0194138 0.023785 -0.453077 0.891154 1.51508 4.11483 -2.33009</i>
                        <i>-0.00484088 0.890347 0.455256 -0.99973 -0.0146495 0.0180196 0.022713 -0.455046 0.890178 1.5154 4.11554 -2.33004</i>
                        <i>-0.00565536 0.890128 0.455676 -0.999751 -0.0148622 0.0166243 0.0215701 -0.455469 0.88999 1.51568 4.11638 -2.32996</i>
                        <i>-0.00637902 0.89068 0.454587 -0.999772 -0.0149536 0.0152694 0.0203979 -0.454385 0.890572 1.51593 4.11731 -2.32981</i>
                        <i>-0.0070051 0.89198 0.452021 -0.99979 -0.0149454 0.0139979 0.0192415 -0.451828 0.891898 1.51613 4.11828 -2.32957</i>
                        <i>-0.00752855 0.894 0.448004 -0.999807 -0.0148608 0.0128536 0.0181488 -0.447821 0.893939 1.51629 4.11924 -2.3292</i>
                        <i>-0.00794559 0.89671 0.442548 -0.999821 -0.0147232 0.0118818 0.0171702 -0.442374 0.896666 1.5164 4.12014 -2.32869</i>
                        <i>-0.00825312 0.900079 0.435648 -0.999832 -0.0145543 0.0111289 0.0163574 -0.435483 0.900048 1.51645 4.12094 -2.328</i>
                    </KeyFrames>
                </p>
            </i>
            <i>
                <p>
                    <Name><![CDATA[spine2]]></Name>
                    <Exclude>0</Exclude>
                    <Additive>0</Additive>
                    <IKPriority>0</IKPriority>
                    <IKRotLimits>-1e+010 -1e+010 -1e+010 1e+010 1e+010 1e+010</IKRotLimits>
                    <IKRotLimitOrder>0</IKRotLimitOrder>
                    <KeyFrames count="41">
                        <i>0.110346 0.752706 0.649043 -0.993887 0.0812679 0.0747271 0.0035012 -0.653321 0.757073 1.51514 4.26302 -2.25806</i>
                        <i>0.110062 0.752062 0.649837 -0.99392 0.0813171 0.0742306 0.00298308 -0.654056 0.75644 1.51514 4.26476 -2.25827</i>
                        <i>0.110641 0.752175 0.649608 -0.993857 0.0820232 0.0742986 0.00260263 -0.653838 0.75663 1.515 4.26648 -2.25851</i>
                        <i>0.112505 0.752503 0.648908 -0.993648 0.0836915 0.0752229 0.00229733 -0.65325 0.757139 1.51467 4.26829 -2.25868</i>
                        <i>0.115287 0.753079 0.64775 -0.99333 0.0860055 0.0768028 0.00212852 -0.652284 0.757972 1.5142 4.27015 -2.25884</i>
                        <i>0.118612 0.753932 0.646156 -0.992938 0.088656 0.0788254 0.00214341 -0.650943 0.759124 1.51364 4.27199 -2.25901</i>
                        <i>0.122104 0.755081 0.644161 -0.992515 0.0913423 0.0810652 0.00237163 -0.649238 0.760582 1.51303 4.27376 -2.25924</i>
                        <i>0.125388 0.756541 0.641812 -0.992104 0.0937737 0.0832864 0.00282446 -0.647188 0.762326 1.51244 4.27542 -2.25958</i>
                        <i>0.128091 0.758326 0.639166 -0.991756 0.0956682 0.0852468 0.00349702 -0.644817 0.764329 1.51192 4.27691 -2.2601</i>
                        <i>0.12984 0.760451 0.636283 -0.991525 0.0967485 0.0867024 0.00437355 -0.642148 0.766568 1.51152 4.27819 -2.26084</i>
                        <i>0.130265 0.762933 0.633218 -0.991464 0.096735 0.0874126 0.00543565 -0.639199 0.769022 1.51129 4.27922 -2.26188</i>
                        <i>0.129849 0.765998 0.629592 -0.991512 0.0960936 0.0875798 0.00658616 -0.63562 0.771974 1.51117 4.27996 -2.2632</i>
                        <i>0.129338 0.769948 0.624862 -0.991571 0.0955192 0.0875434 0.00771755 -0.630917 0.775812 1.51108 4.28034 -2.26476</i>
                        <i>0.128752 0.774913 0.618816 -0.991638 0.0950672 0.0872743 0.00880084 -0.624878 0.780673 1.511 4.28034 -2.26659</i>
                        <i>0.128088 0.78119 0.611012 -0.991714 0.0947629 0.0867389 0.00985838 -0.617059 0.786855 1.51095 4.28 -2.26868</i>
                        <i>0.127357 0.788052 0.602291 -0.991797 0.0945095 0.0860615 0.0108986 -0.608311 0.793624 1.51093 4.27934 -2.27078</i>
                        <i>0.126605 0.794353 0.594117 -0.991882 0.0942053 0.0854124 0.0118785 -0.600108 0.799831 1.51094 4.27833 -2.27259</i>
                        <i>0.125844 0.799874 0.586826 -0.991968 0.0938412 0.0848165 0.0127741 -0.592786 0.805259 1.51099 4.277 -2.27401</i>
                        <i>0.12509 0.804408 0.580758 -0.992053 0.0934091 0.0842979 0.0135618 -0.586688 0.8097 1.51108 4.27538 -2.27498</i>
                        <i>0.124356 0.807751 0.576258 -0.992136 0.0929021 0.0838797 0.0142183 -0.582157 0.812952 1.51121 4.27351 -2.27541</i>
                        <i>0.123645 0.809966 0.573296 -0.992217 0.0923267 0.0835534 0.0147449 -0.579165 0.815077 1.51138 4.27145 -2.27534</i>
                        <i>0.122946 0.811299 0.571558 -0.992298 0.0916988 0.0832871 0.0151596 -0.577395 0.816324 1.51158 4.26926 -2.2749</i>
                        <i>0.122258 0.811821 0.570964 -0.992378 0.0910272 0.083068 0.0154631 -0.576768 0.816762 1.5118 4.26699 -2.27413</i>
                        <i>0.121582 0.811592 0.571433 -0.992458 0.0903208 0.0828823 0.0156543 -0.577201 0.816452 1.51204 4.2647 -2.2731</i>
                        <i>0.120916 0.810667 0.572886 -0.992538 0.0895892 0.0827157 0.0157305 -0.578613 0.815451 1.51229 4.26244 -2.27185</i>
                        <i>0.120258 0.809094 0.575243 -0.992619 0.0888429 0.0825533 0.0156871 -0.580925 0.813806 1.51255 4.26026 -2.27043</i>
                        <i>0.119607 0.806916 0.578429 -0.9927 0.0880928 0.0823795 0.0155179 -0.58406 0.811562 1.51282 4.25823 -2.2689</i>
                        <i>0.118961 0.804172 0.582371 -0.992782 0.0873503 0.0821782 0.0152151 -0.587944 0.808759 1.51308 4.25639 -2.26732</i>
                        <i>0.118318 0.800897 0.586997 -0.992866 0.0866273 0.0819328 0.0147698 -0.592503 0.805433 1.51335 4.25481 -2.26572</i>
                        <i>0.117661 0.797049 0.592341 -0.992953 0.0859226 0.0816211 0.0141606 -0.59777 0.801542 1.5136 4.25353 -2.26418</i>
                        <i>0.116975 0.792588 0.598432 -0.993045 0.0852359 0.0812205 0.0133665 -0.60377 0.797046 1.51385 4.25264 -2.26277</i>
                        <i>0.116232 0.787605 0.605118 -0.993145 0.0845611 0.080703 0.0123927 -0.61035 0.792035 1.51408 4.25227 -2.26154</i>
                        <i>0.115425 0.782292 0.612125 -0.993252 0.0839002 0.0800684 0.0112795 -0.617236 0.786697 1.51429 4.25248 -2.26052</i>
                        <i>0.114581 0.776839 0.619187 -0.993363 0.083277 0.0793417 0.0100716 -0.624169 0.781225 1.51448 4.25319 -2.25969</i>
                        <i>0.113727 0.771446 0.626049 -0.993473 0.0827125 0.07855 0.00881496 -0.630896 0.775817 1.51466 4.25431 -2.25904</i>
                        <i>0.112892 0.766319 0.632463 -0.993579 0.082224 0.0777227 0.00755673 -0.637176 0.770681 1.51481 4.25576 -2.25855</i>
                        <i>0.112105 0.761669 0.638195 -0.993676 0.0818256 0.0768918 0.00634533 -0.642779 0.766025 1.51494 4.25745 -2.25821</i>
                        <i>0.111397 0.757706 0.643018 -0.993762 0.0815281 0.0760908 0.0052304 -0.647484 0.762061 1.51504 4.25928 -2.25803</i>
                        <i>0.110799 0.754643 0.646712 -0.993834 0.0813398 0.0753552 0.00426282 -0.651074 0.759003 1.51511 4.26118 -2.25798</i>
                        <i>0.110343 0.752693 0.649059 -0.993887 0.0812677 0.0747214 0.00349468 -0.653337 0.757059 1.51514 4.26304 -2.25806</i>
                        <i>0.110061 0.752062 0.649837 -0.99392 0.0813184 0.0742264 0.00297913 -0.654056 0.75644 1.51514 4.26478 -2.25827</i>
                    </KeyFrames>
                </p>
            </i>
            <i>
                <p>
                    <Name><![CDATA[head]]></Name>
                    <Exclude>0</Exclude>
                    <Additive>0</Additive>
                    <IKPriority>0</IKPriority>
                    <IKRotLimits>-1e+010 -1e+010 -1e+010 1e+010 1e+010 1e+010</IKRotLimits>
                    <IKRotLimitOrder>0</IKRotLimitOrder>
                    <KeyFrames count="41">
                        <i>-0.0652132 0.964873 0.254493 -0.0651651 0.250374 -0.965954 -0.995741 -0.079577 0.0465484 1.55134 4.46383 -2.10098</i>
                        <i>-0.0643062 0.96133 0.267787 -0.0643659 0.263788 -0.962431 -0.995852 -0.0791266 0.0449137 1.55135 4.46521 -2.10004</i>
                        <i>-0.0633976 0.957168 0.282506 -0.0639638 0.278597 -0.958276 -0.995937 -0.0788225 0.0435618 1.55133 4.46669 -2.09939</i>
                        <i>-0.062588 0.95262 0.297654 -0.0638297 0.293807 -0.953731 -0.995996 -0.0786913 0.0424167 1.55129 4.46829 -2.09873</i>
                        <i>-0.0618754 0.94782 0.312743 -0.0639401 0.308936 -0.948931 -0.996034 -0.0787124 0.0414882 1.55122 4.46998 -2.09814</i>
                        <i>-0.0612588 0.942933 0.327299 -0.0642713 0.323508 -0.94404 -0.99605 -0.0788666 0.0407859 1.55114 4.47174 -2.09767</i>
                        <i>-0.0607387 0.938152 0.340854 -0.0647993 0.337058 -0.939251 -0.996048 -0.079136 0.0403191 1.55104 4.47352 -2.09741</i>
                        <i>-0.0603183 0.933695 0.352953 -0.0654995 0.349132 -0.934782 -0.996028 -0.0795027 0.0400974 1.55092 4.4753 -2.09743</i>
                        <i>-0.0600031 0.929798 0.363148 -0.0663462 0.359284 -0.930867 -0.995991 -0.0799484 0.0401304 1.55078 4.47706 -2.09782</i>
                        <i>-0.0598015 0.926707 0.370996 -0.0673131 0.367072 -0.927754 -0.995938 -0.080454 0.040428 1.55064 4.47876 -2.09866</i>
                        <i>-0.0597249 0.924669 0.376058 -0.0683722 0.372057 -0.925689 -0.995871 -0.0809986 0.0410006 1.55048 4.48039 -2.10005</i>
                        <i>-0.0597321 0.92362 0.378627 -0.0695421 0.374533 -0.924602 -0.995789 -0.081559 0.0418589 1.55031 4.48193 -2.10207</i>
                        <i>-0.0597791 0.923461 0.379007 -0.0708417 0.374804 -0.924393 -0.995695 -0.0821089 0.0430141 1.55012 4.48335 -2.10482</i>
                        <i>-0.0598764 0.924371 0.376766 -0.0722415 0.372441 -0.92524 -0.995588 -0.0826182 0.0444776 1.54993 4.48463 -2.10839</i>
                        <i>-0.0600481 0.926591 0.371246 -0.0737504 0.366783 -0.927379 -0.995467 -0.0830669 0.0463118 1.54973 4.48589 -2.11289</i>
                        <i>-0.0602805 0.929692 0.363372 -0.0753622 0.358756 -0.930384 -0.995333 -0.0834685 0.0484376 1.54953 4.487 -2.11783</i>
                        <i>-0.0605358 0.932995 0.354762 -0.0770271 0.349987 -0.933582 -0.99519 -0.0838414 0.0506791 1.54935 4.48761 -2.12249</i>
                        <i>-0.0608063 0.936358 0.34574 -0.0786976 0.340805 -0.936834 -0.995042 -0.0841743 0.052966 1.5492 4.48769 -2.12669</i>
                        <i>-0.0610846 0.939652 0.336636 -0.080327 0.331544 -0.940014 -0.994895 -0.0844614 0.0552272 1.54909 4.48724 -2.13025</i>
                        <i>-0.0613638 0.942758 0.327782 -0.0818694 0.32254 -0.943009 -0.994752 -0.0847019 0.0573908 1.54903 4.48624 -2.13297</i>
                        <i>-0.0616538 0.94569 0.319169 -0.0832888 0.313787 -0.945833 -0.994616 -0.0848974 0.0594193 1.54901 4.48477 -2.13487</i>
                        <i>-0.0619772 0.948542 0.310526 -0.0845558 0.305015 -0.948586 -0.994489 -0.0850475 0.0613008 1.54902 4.48294 -2.13612</i>
                        <i>-0.0623458 0.951331 0.301799 -0.085635 0.296173 -0.951288 -0.994374 -0.0851534 0.0630021 1.54907 4.48083 -2.13676</i>
                        <i>-0.0627706 0.954069 0.292936 -0.0864906 0.28721 -0.953955 -0.994273 -0.0852165 0.0644897 1.54914 4.47851 -2.13684</i>
                        <i>-0.0633096 0.956925 0.283348 -0.0870512 0.277541 -0.956762 -0.99419 -0.0852381 0.0657305 1.54923 4.47606 -2.1364</i>
                        <i>-0.0639852 0.959935 0.272821 -0.0872687 0.266952 -0.95975 -0.994128 -0.0852186 0.0666913 1.54935 4.47352 -2.13548</i>
                        <i>-0.0647506 0.962932 0.261856 -0.0871422 0.255948 -0.962755 -0.994089 -0.0851577 0.0673392 1.54948 4.47099 -2.13413</i>
                        <i>-0.0655551 0.965774 0.250964 -0.0866715 0.245044 -0.96563 -0.994078 -0.0850535 0.0676412 1.54963 4.46851 -2.13238</i>
                        <i>-0.0663455 0.968339 0.24066 -0.085858 0.234756 -0.968255 -0.994096 -0.0849019 0.0675647 1.5498 4.46617 -2.13029</i>
                        <i>-0.0670674 0.970529 0.231463 -0.0847045 0.22561 -0.970528 -0.994146 -0.0846968 0.0670772 1.54997 4.46402 -2.12787</i>
                        <i>-0.067667 0.972261 0.223898 -0.0832151 0.21813 -0.972365 -0.994232 -0.0844287 0.0661465 1.55015 4.46213 -2.12518</i>
                        <i>-0.0680905 0.973454 0.218519 -0.0813894 0.212878 -0.973683 -0.994354 -0.0840837 0.0647339 1.55033 4.4607 -2.12225</i>
                        <i>-0.0683166 0.974112 0.215495 -0.0792907 0.210015 -0.974478 -0.994508 -0.0836597 0.0628906 1.55051 4.45981 -2.11915</i>
                        <i>-0.0683471 0.974272 0.214761 -0.0770183 0.209469 -0.974777 -0.994684 -0.0831637 0.0607202 1.55068 4.45941 -2.11599</i>
                        <i>-0.0681906 0.973953 0.216254 -0.07467 0.211168 -0.974593 -0.994874 -0.0826058 0.0583254 1.55084 4.45943 -2.11285</i>
                        <i>-0.0678613 0.973158 0.219904 -0.0723429 0.215033 -0.973924 -0.995068 -0.0820003 0.0558087 1.55099 4.45981 -2.10983</i>
                        <i>-0.0673776 0.971878 0.225642 -0.0701328 0.220983 -0.972753 -0.99526 -0.0813667 0.0532712 1.55112 4.46049 -2.10704</i>
                        <i>-0.0667602 0.970088 0.233392 -0.068135 0.228935 -0.971054 -0.99544 -0.0807299 0.0508132 1.55122 4.46142 -2.10457</i>
                        <i>-0.0660298 0.967757 0.243077 -0.0664441 0.238804 -0.968792 -0.995603 -0.0801202 0.0485336 1.5513 4.46256 -2.10251</i>
                        <i>-0.0652046 0.964841 0.254617 -0.0651545 0.250499 -0.965922 -0.995743 -0.079572 0.04653 1.55134 4.46384 -2.10097</i>
                        <i>-0.0642966 0.96129 0.26793 -0.0643605 0.263932 -0.962391 -0.995853 -0.0791226 0.0448992 1.55135 4.46522 -2.10003</i>
                    </KeyFrames>
                </p>
            </i>
            <i>
                <p>
                    <Name><![CDATA[head_prop]]></Name>
                    <Exclude>0</Exclude>
                    <Additive>0</Additive>
                    <IKPriority>0</IKPriority>
                    <IKRotLimits>-1e+010 -1e+010 -1e+010 1e+010 1e+010 1e+010</IKRotLimits>
                    <IKRotLimitOrder>0</IKRotLimitOrder>
                    <KeyFrames count="41">
                        <i>0.995741 0.079577 -0.0465484 -0.0652132 0.964873 0.254493 0.0651651 -0.250374 0.965954 1.53009 4.77829 -2.01804</i>
                        <i>0.995852 0.0791266 -0.0449137 -0.0643062 0.96133 0.267787 0.0643659 -0.263788 0.962431 1.53039 4.77852 -2.01276</i>
                        <i>0.995937 0.0788225 -0.0435618 -0.0633976 0.957168 0.282506 0.0639638 -0.278597 0.958276 1.53067 4.77864 -2.00732</i>
                        <i>0.995996 0.0786913 -0.0424167 -0.062588 0.95262 0.297654 0.0638297 -0.293807 0.953731 1.53089 4.77876 -2.00173</i>
                        <i>0.996034 0.0787124 -0.0414882 -0.0618754 0.94782 0.312743 0.0639401 -0.308936 0.948931 1.53106 4.77889 -1.99621</i>
                        <i>0.99605 0.0788666 -0.0407859 -0.0612588 0.942933 0.327299 0.0642713 -0.323508 0.94404 1.53117 4.77905 -1.991</i>
                        <i>0.996048 0.079136 -0.0403191 -0.0607387 0.938152 0.340854 0.0647993 -0.337058 0.939251 1.53124 4.77927 -1.98632</i>
                        <i>0.996028 0.0795027 -0.0400974 -0.0603183 0.933695 0.352953 0.0654995 -0.349132 0.934782 1.53126 4.7796 -1.9824</i>
                        <i>0.995991 0.0799484 -0.0401304 -0.0600031 0.929798 0.363148 0.0663462 -0.359284 0.930867 1.53123 4.78008 -1.97947</i>
                        <i>0.995938 0.080454 -0.040428 -0.0598015 0.926707 0.370996 0.0673131 -0.367072 0.927754 1.53115 4.78078 -1.97775</i>
                        <i>0.995871 0.0809986 -0.0410006 -0.0597249 0.924669 0.376058 0.0683722 -0.372057 0.925689 1.53101 4.78175 -1.97749</i>
                        <i>0.995789 0.081559 -0.0418589 -0.0597321 0.92362 0.378627 0.0695421 -0.374533 0.924602 1.53084 4.78295 -1.97867</i>
                        <i>0.995695 0.0821089 -0.0430141 -0.0597791 0.923461 0.379007 0.0708417 -0.374804 0.924393 1.53064 4.78432 -1.9813</i>
                        <i>0.995588 0.0826182 -0.0444776 -0.0598764 0.924371 0.376766 0.0722415 -0.372441 0.92524 1.53042 4.78589 -1.9856</i>
                        <i>0.995467 0.0830669 -0.0463118 -0.0600481 0.926591 0.371246 0.0737504 -0.366783 0.927379 1.53016 4.78788 -1.9919</i>
                        <i>0.995333 0.0834685 -0.0484376 -0.0602805 0.929692 0.363372 0.0753622 -0.358756 0.930384 1.52988 4.79 -1.9994</i>
                        <i>0.99519 0.0838414 -0.0506791 -0.0605358 0.932995 0.354762 0.0770271 -0.349987 0.933582 1.52962 4.79168 -2.00687</i>
                        <i>0.995042 0.0841743 -0.052966 -0.0608063 0.936358 0.34574 0.0786976 -0.340805 0.936834 1.52938 4.79286 -2.01401</i>
                        <i>0.994895 0.0844614 -0.0552272 -0.0610846 0.939652 0.336636 0.080327 -0.331544 0.940014 1.52918 4.79348 -2.02053</i>
                        <i>0.994752 0.0847019 -0.0573908 -0.0613638 0.942758 0.327782 0.0818694 -0.32254 0.943009 1.52903 4.79349 -2.02614</i>
                        <i>0.994616 0.0848974 -0.0594193 -0.0616538 0.94569 0.319169 0.0832888 -0.313787 0.945833 1.52891 4.79297 -2.03085</i>
                        <i>0.994489 0.0850475 -0.0613008 -0.0619772 0.948542 0.310526 0.0845558 -0.305015 0.948586 1.52882 4.79208 -2.03491</i>
                        <i>0.994374 0.0851534 -0.0630021 -0.0623458 0.951331 0.301799 0.085635 -0.296173 0.951288 1.52875 4.79088 -2.0384</i>
                        <i>0.994273 0.0852165 -0.0644897 -0.0627706 0.954069 0.292936 0.0864906 -0.28721 0.953955 1.52868 4.78945 -2.04137</i>
                        <i>0.99419 0.0852381 -0.0657305 -0.0633096 0.956925 0.283348 0.0870512 -0.277541 0.956762 1.5286 4.78793 -2.04405</i>
                        <i>0.994128 0.0852186 -0.0666913 -0.0639852 0.959935 0.272821 0.0872687 -0.266952 0.95975 1.5285 4.78638 -2.04657</i>
                        <i>0.994089 0.0851577 -0.0673392 -0.0647506 0.962932 0.261856 0.0871422 -0.255948 0.962755 1.52838 4.78482 -2.04879</i>
                        <i>0.994078 0.0850535 -0.0676412 -0.0655551 0.965774 0.250964 0.0866715 -0.245044 0.96563 1.52827 4.78327 -2.05059</i>
                        <i>0.994096 0.0849019 -0.0675647 -0.0663455 0.968339 0.24066 0.085858 -0.234756 0.968255 1.52817 4.78176 -2.05185</i>
                        <i>0.994146 0.0846968 -0.0670772 -0.0670674 0.970529 0.231463 0.0847045 -0.22561 0.970528 1.52811 4.78032 -2.05244</i>
                        <i>0.994232 0.0844287 -0.0661465 -0.067667 0.972261 0.223898 0.0832151 -0.21813 0.972365 1.52809 4.779 -2.05221</i>
                        <i>0.994354 0.0840837 -0.0647339 -0.0680905 0.973454 0.218519 0.0813894 -0.212878 0.973683 1.52814 4.77796 -2.05103</i>
                        <i>0.994508 0.0836597 -0.0628906 -0.0683166 0.974112 0.215495 0.0792907 -0.210015 0.974478 1.52824 4.77728 -2.04892</i>
                        <i>0.994684 0.0831637 -0.0607202 -0.0683471 0.974272 0.214761 0.0770183 -0.209469 0.974777 1.52841 4.77693 -2.04599</i>
                        <i>0.994874 0.0826058 -0.0583254 -0.0681906 0.973953 0.216254 0.07467 -0.211168 0.974593 1.52862 4.77685 -2.04237</i>
                        <i>0.995068 0.0820003 -0.0558087 -0.0678613 0.973158 0.219904 0.0723429 -0.215033 0.973924 1.52887 4.77697 -2.03816</i>
                        <i>0.99526 0.0813667 -0.0532712 -0.0673776 0.971878 0.225642 0.0701328 -0.220983 0.972753 1.52916 4.77723 -2.0335</i>
                        <i>0.99544 0.0807299 -0.0508132 -0.0667602 0.970088 0.233392 0.068135 -0.228935 0.971054 1.52946 4.77758 -2.0285</i>
                        <i>0.995603 0.0801202 -0.0485336 -0.0660298 0.967757 0.243077 0.0664441 -0.238804 0.968792 1.52978 4.77796 -2.02329</i>
                        <i>0.995743 0.079572 -0.04653 -0.0652046 0.964841 0.254617 0.0651545 -0.250499 0.965922 1.53009 4.77829 -2.01798</i>
                        <i>0.995853 0.0791226 -0.0448992 -0.0642966 0.96129 0.26793 0.0643605 -0.263932 0.962391 1.5304 4.77852 -2.01271</i>
                    </KeyFrames>
                </p>
            </i>
            <i>
                <p>
                    <Name><![CDATA[l_clav]]></Name>
                    <Exclude>0</Exclude>
                    <Additive>0</Additive>
                    <IKPriority>0</IKPriority>
                    <IKRotLimits>-1e+010 -1e+010 -1e+010 1e+010 1e+010 1e+010</IKRotLimits>
                    <IKRotLimitOrder>0</IKRotLimitOrder>
                    <KeyFrames count="41">
                        <i>0.989645 0.0807306 -0.118685 -0.0138999 0.87686 0.480544 0.142865 -0.473918 0.868902 1.60205 4.27571 -2.20025</i>
                        <i>0.989698 0.0487918 -0.134602 0.0236273 0.871589 0.489667 0.14121 -0.487803 0.861457 1.60201 4.27782 -2.20069</i>
                        <i>0.988676 0.0233257 -0.148245 0.0538749 0.866825 0.495693 0.140065 -0.498066 0.855752 1.60196 4.27995 -2.20128</i>
                        <i>0.987033 0.00180041 -0.160507 0.0798817 0.861813 0.500896 0.139229 -0.507222 0.850494 1.6019 4.28225 -2.20189</i>
                        <i>0.985078 -0.015981 -0.171364 0.10179 0.856969 0.505215 0.13878 -0.51512 0.845808 1.60182 4.28463 -2.20252</i>
                        <i>0.983059 -0.0302365 -0.180776 0.119748 0.85265 0.508575 0.138761 -0.521607 0.841826 1.60174 4.28703 -2.2032</i>
                        <i>0.981171 -0.0411951 -0.188698 0.133905 0.849156 0.510886 0.139188 -0.526534 0.838683 1.60165 4.28939 -2.20394</i>
                        <i>0.979557 -0.0490891 -0.195088 0.14441 0.846736 0.512039 0.140052 -0.529744 0.836515 1.60156 4.29165 -2.20477</i>
