<?xml version="1.0" encoding="ISO-8859-1" ?>
<Animl Version="1">
    <ModellingPackage><![CDATA[Maya.2010]]></ModellingPackage>
    <SrcFile><![CDATA[anims\turrets\antiair\red\~src\aa_zu232\aa_zu232_crew_idle_crewmand.mb]]></SrcFile>
    <FramesPerSecond>30</FramesPerSecond>
    <TotalFrames>120</TotalFrames>
    <Skeleton>
        <RefFrame>
            <Name><![CDATA[soldier_ref_frame]]></Name>
            <Exclude>0</Exclude>
            <Additive>0</Additive>
            <IKPriority>0</IKPriority>
            <IKRotLimits>-1e+010 -1e+010 -1e+010 1e+010 1e+010 1e+010</IKRotLimits>
            <IKRotLimitOrder>0</IKRotLimitOrder>
            <KeyFrames count="120">
                <i>1 0 0 0 1 0 0 0 1 3.29 1.32 -1.15</i>
                <i>1 0 0 0 1 0 0 0 1 3.29 1.32 -1.15</i>
                <i>1 0 0 0 1 0 0 0 1 3.29 1.32 -1.15</i>
                <i>1 0 0 0 1 0 0 0 1 3.29 1.32 -1.15</i>
                <i>1 0 0 0 1 0 0 0 1 3.29 1.32 -1.15</i>
                <i>1 0 0 0 1 0 0 0 1 3.29 1.32 -1.15</i>
                <i>1 0 0 0 1 0 0 0 1 3.29 1.32 -1.15</i>
                <i>1 0 0 0 1 0 0 0 1 3.29 1.32 -1.15</i>
                <i>1 0 0 0 1 0 0 0 1 3.29 1.32 -1.15</i>
                <i>1 0 0 0 1 0 0 0 1 3.29 1.32 -1.15</i>
                <i>1 0 0 0 1 0 0 0 1 3.29 1.32 -1.15</i>
                <i>1 0 0 0 1 0 0 0 1 3.29 1.32 -1.15</i>
                <i>1 0 0 0 1 0 0 0 1 3.29 1.32 -1.15</i>
                <i>1 0 0 0 1 0 0 0 1 3.29 1.32 -1.15</i>
                <i>1 0 0 0 1 0 0 0 1 3.29 1.32 -1.15</i>
                <i>1 0 0 0 1 0 0 0 1 3.29 1.32 -1.15</i>
                <i>1 0 0 0 1 0 0 0 1 3.29 1.32 -1.15</i>
                <i>1 0 0 0 1 0 0 0 1 3.29 1.32 -1.15</i>
                <i>1 0 0 0 1 0 0 0 1 3.29 1.32 -1.15</i>
                <i>1 0 0 0 1 0 0 0 1 3.29 1.32 -1.15</i>
                <i>1 0 0 0 1 0 0 0 1 3.29 1.32 -1.15</i>
                <i>1 0 0 0 1 0 0 0 1 3.29 1.32 -1.15</i>
                <i>1 0 0 0 1 0 0 0 1 3.29 1.32 -1.15</i>
                <i>1 0 0 0 1 0 0 0 1 3.29 1.32 -1.15</i>
                <i>1 0 0 0 1 0 0 0 1 3.29 1.32 -1.15</i>
                <i>1 0 0 0 1 0 0 0 1 3.29 1.32 -1.15</i>
                <i>1 0 0 0 1 0 0 0 1 3.29 1.32 -1.15</i>
                <i>1 0 0 0 1 0 0 0 1 3.29 1.32 -1.15</i>
                <i>1 0 0 0 1 0 0 0 1 3.29 1.32 -1.15</i>
                <i>1 0 0 0 1 0 0 0 1 3.29 1.32 -1.15</i>
                <i>1 0 0 0 1 0 0 0 1 3.29 1.32 -1.15</i>
                <i>1 0 0 0 1 0 0 0 1 3.29 1.32 -1.15</i>
                <i>1 0 0 0 1 0 0 0 1 3.29 1.32 -1.15</i>
                <i>1 0 0 0 1 0 0 0 1 3.29 1.32 -1.15</i>
                <i>1 0 0 0 1 0 0 0 1 3.29 1.32 -1.15</i>
                <i>1 0 0 0 1 0 0 0 1 3.29 1.32 -1.15</i>
                <i>1 0 0 0 1 0 0 0 1 3.29 1.32 -1.15</i>
                <i>1 0 0 0 1 0 0 0 1 3.29 1.32 -1.15</i>
                <i>1 0 0 0 1 0 0 0 1 3.29 1.32 -1.15</i>
                <i>1 0 0 0 1 0 0 0 1 3.29 1.32 -1.15</i>
                <i>1 0 0 0 1 0 0 0 1 3.29 1.32 -1.15</i>
                <i>1 0 0 0 1 0 0 0 1 3.29 1.32 -1.15</i>
                <i>1 0 0 0 1 0 0 0 1 3.29 1.32 -1.15</i>
                <i>1 0 0 0 1 0 0 0 1 3.29 1.32 -1.15</i>
                <i>1 0 0 0 1 0 0 0 1 3.29 1.32 -1.15</i>
                <i>1 0 0 0 1 0 0 0 1 3.29 1.32 -1.15</i>
                <i>1 0 0 0 1 0 0 0 1 3.29 1.32 -1.15</i>
                <i>1 0 0 0 1 0 0 0 1 3.29 1.32 -1.15</i>
                <i>1 0 0 0 1 0 0 0 1 3.29 1.32 -1.15</i>
                <i>1 0 0 0 1 0 0 0 1 3.29 1.32 -1.15</i>
                <i>1 0 0 0 1 0 0 0 1 3.29 1.32 -1.15</i>
                <i>1 0 0 0 1 0 0 0 1 3.29 1.32 -1.15</i>
                <i>1 0 0 0 1 0 0 0 1 3.29 1.32 -1.15</i>
                <i>1 0 0 0 1 0 0 0 1 3.29 1.32 -1.15</i>
                <i>1 0 0 0 1 0 0 0 1 3.29 1.32 -1.15</i>
                <i>1 0 0 0 1 0 0 0 1 3.29 1.32 -1.15</i>
                <i>1 0 0 0 1 0 0 0 1 3.29 1.32 -1.15</i>
                <i>1 0 0 0 1 0 0 0 1 3.29 1.32 -1.15</i>
                <i>1 0 0 0 1 0 0 0 1 3.29 1.32 -1.15</i>
                <i>1 0 0 0 1 0 0 0 1 3.29 1.32 -1.15</i>
                <i>1 0 0 0 1 0 0 0 1 3.29 1.32 -1.15</i>
                <i>1 0 0 0 1 0 0 0 1 3.29 1.32 -1.15</i>
                <i>1 0 0 0 1 0 0 0 1 3.29 1.32 -1.15</i>
                <i>1 0 0 0 1 0 0 0 1 3.29 1.32 -1.15</i>
                <i>1 0 0 0 1 0 0 0 1 3.29 1.32 -1.15</i>
                <i>1 0 0 0 1 0 0 0 1 3.29 1.32 -1.15</i>
                <i>1 0 0 0 1 0 0 0 1 3.29 1.32 -1.15</i>
                <i>1 0 0 0 1 0 0 0 1 3.29 1.32 -1.15</i>
                <i>1 0 0 0 1 0 0 0 1 3.29 1.32 -1.15</i>
                <i>1 0 0 0 1 0 0 0 1 3.29 1.32 -1.15</i>
                <i>1 0 0 0 1 0 0 0 1 3.29 1.32 -1.15</i>
                <i>1 0 0 0 1 0 0 0 1 3.29 1.32 -1.15</i>
                <i>1 0 0 0 1 0 0 0 1 3.29 1.32 -1.15</i>
                <i>1 0 0 0 1 0 0 0 1 3.29 1.32 -1.15</i>
                <i>1 0 0 0 1 0 0 0 1 3.29 1.32 -1.15</i>
                <i>1 0 0 0 1 0 0 0 1 3.29 1.32 -1.15</i>
                <i>1 0 0 0 1 0 0 0 1 3.29 1.32 -1.15</i>
                <i>1 0 0 0 1 0 0 0 1 3.29 1.32 -1.15</i>
                <i>1 0 0 0 1 0 0 0 1 3.29 1.32 -1.15</i>
                <i>1 0 0 0 1 0 0 0 1 3.29 1.32 -1.15</i>
                <i>1 0 0 0 1 0 0 0 1 3.29 1.32 -1.15</i>
                <i>1 0 0 0 1 0 0 0 1 3.29 1.32 -1.15</i>
                <i>1 0 0 0 1 0 0 0 1 3.29 1.32 -1.15</i>
                <i>1 0 0 0 1 0 0 0 1 3.29 1.32 -1.15</i>
                <i>1 0 0 0 1 0 0 0 1 3.29 1.32 -1.15</i>
                <i>1 0 0 0 1 0 0 0 1 3.29 1.32 -1.15</i>
                <i>1 0 0 0 1 0 0 0 1 3.29 1.32 -1.15</i>
                <i>1 0 0 0 1 0 0 0 1 3.29 1.32 -1.15</i>
                <i>1 0 0 0 1 0 0 0 1 3.29 1.32 -1.15</i>
                <i>1 0 0 0 1 0 0 0 1 3.29 1.32 -1.15</i>
                <i>1 0 0 0 1 0 0 0 1 3.29 1.32 -1.15</i>
                <i>1 0 0 0 1 0 0 0 1 3.29 1.32 -1.15</i>
                <i>1 0 0 0 1 0 0 0 1 3.29 1.32 -1.15</i>
                <i>1 0 0 0 1 0 0 0 1 3.29 1.32 -1.15</i>
                <i>1 0 0 0 1 0 0 0 1 3.29 1.32 -1.15</i>
                <i>1 0 0 0 1 0 0 0 1 3.29 1.32 -1.15</i>
                <i>1 0 0 0 1 0 0 0 1 3.29 1.32 -1.15</i>
                <i>1 0 0 0 1 0 0 0 1 3.29 1.32 -1.15</i>
                <i>1 0 0 0 1 0 0 0 1 3.29 1.32 -1.15</i>
                <i>1 0 0 0 1 0 0 0 1 3.29 1.32 -1.15</i>
                <i>1 0 0 0 1 0 0 0 1 3.29 1.32 -1.15</i>
                <i>1 0 0 0 1 0 0 0 1 3.29 1.32 -1.15</i>
                <i>1 0 0 0 1 0 0 0 1 3.29 1.32 -1.15</i>
                <i>1 0 0 0 1 0 0 0 1 3.29 1.32 -1.15</i>
                <i>1 0 0 0 1 0 0 0 1 3.29 1.32 -1.15</i>
                <i>1 0 0 0 1 0 0 0 1 3.29 1.32 -1.15</i>
                <i>1 0 0 0 1 0 0 0 1 3.29 1.32 -1.15</i>
                <i>1 0 0 0 1 0 0 0 1 3.29 1.32 -1.15</i>
                <i>1 0 0 0 1 0 0 0 1 3.29 1.32 -1.15</i>
                <i>1 0 0 0 1 0 0 0 1 3.29 1.32 -1.15</i>
                <i>1 0 0 0 1 0 0 0 1 3.29 1.32 -1.15</i>
                <i>1 0 0 0 1 0 0 0 1 3.29 1.32 -1.15</i>
                <i>1 0 0 0 1 0 0 0 1 3.29 1.32 -1.15</i>
                <i>1 0 0 0 1 0 0 0 1 3.29 1.32 -1.15</i>
                <i>1 0 0 0 1 0 0 0 1 3.29 1.32 -1.15</i>
                <i>1 0 0 0 1 0 0 0 1 3.29 1.32 -1.15</i>
                <i>1 0 0 0 1 0 0 0 1 3.29 1.32 -1.15</i>
                <i>1 0 0 0 1 0 0 0 1 3.29 1.32 -1.15</i>
                <i>1 0 0 0 1 0 0 0 1 3.29 1.32 -1.15</i>
                <i>1 0 0 0 1 0 0 0 1 3.29 1.32 -1.15</i>
            </KeyFrames>
        </RefFrame>
        <Bones count="23">
            <i>
                <p>
                    <Name><![CDATA[pelvis]]></Name>
                    <Exclude>0</Exclude>
                    <Additive>0</Additive>
                    <IKPriority>0</IKPriority>
                    <IKRotLimits>-1e+010 -1e+010 -1e+010 1e+010 1e+010 1e+010</IKRotLimits>
                    <IKRotLimitOrder>2</IKRotLimitOrder>
                    <KeyFrames count="120">
                        <i>1 0 0 0 1 0 0 0 1 3.21772 2.39023 -1.18299</i>
                        <i>1 0 0 0 1 0 0 0 1 3.21772 2.38805 -1.18299</i>
                        <i>1 0 0 0 1 0 0 0 1 3.21772 2.38609 -1.18299</i>
                        <i>1 0 0 0 1 0 0 0 1 3.21772 2.38433 -1.18299</i>
                        <i>1 0 0 0 1 0 0 0 1 3.21772 2.38279 -1.18299</i>
                        <i>1 0 0 0 1 0 0 0 1 3.21772 2.38146 -1.18299</i>
                        <i>1 0 0 0 1 0 0 0 1 3.21772 2.38034 -1.18299</i>
                        <i>1 0 0 0 1 0 0 0 1 3.21772 2.37943 -1.18299</i>
                        <i>1 0 0 0 1 0 0 0 1 3.21772 2.37874 -1.18299</i>
                        <i>1 0 0 0 1 0 0 0 1 3.21772 2.37827 -1.18299</i>
                        <i>1 0 0 0 1 0 0 0 1 3.21772 2.37801 -1.18299</i>
                        <i>1 0 0 0 1 0 0 0 1 3.21772 2.37796 -1.18299</i>
                        <i>1 0 0 0 1 0 0 0 1 3.21772 2.37813 -1.18299</i>
                        <i>1 0 0 0 1 0 0 0 1 3.21772 2.37852 -1.18299</i>
                        <i>1 0 0 0 1 0 0 0 1 3.21772 2.37912 -1.18299</i>
                        <i>1 0 0 0 1 0 0 0 1 3.21772 2.38017 -1.18299</i>
                        <i>1 0 0 0 1 0 0 0 1 3.21772 2.38179 -1.18299</i>
                        <i>1 0 0 0 1 0 0 0 1 3.21772 2.38389 -1.18299</i>
                        <i>1 0 0 0 1 0 0 0 1 3.21772 2.38633 -1.18299</i>
                        <i>1 0 0 0 1 0 0 0 1 3.21772 2.38902 -1.18299</i>
                        <i>1 0 0 0 1 0 0 0 1 3.21772 2.39182 -1.18299</i>
                        <i>1 0 0 0 1 0 0 0 1 3.21772 2.39463 -1.18299</i>
                        <i>1 0 0 0 1 0 0 0 1 3.21772 2.39733 -1.18299</i>
                        <i>1 0 0 0 1 0 0 0 1 3.21772 2.3998 -1.18299</i>
                        <i>1 0 0 0 1 0 0 0 1 3.21772 2.40193 -1.18299</i>
                        <i>1 0 0 0 1 0 0 0 1 3.21772 2.4036 -1.18299</i>
                        <i>1 0 0 0 1 0 0 0 1 3.21772 2.4047 -1.18299</i>
                        <i>1 0 0 0 1 0 0 0 1 3.21772 2.4051 -1.18299</i>
                        <i>1 0 0 0 1 0 0 0 1 3.21772 2.40497 -1.18299</i>
                        <i>1 0 0 0 1 0 0 0 1 3.21772 2.40453 -1.18299</i>
                        <i>1 0 0 0 1 0 0 0 1 3.21772 2.40382 -1.18299</i>
                        <i>1 0 0 0 1 0 0 0 1 3.21772 2.40288 -1.18299</i>
                        <i>1 0 0 0 1 0 0 0 1 3.21772 2.40172 -1.18299</i>
                        <i>1 0 0 0 1 0 0 0 1 3.21772 2.40038 -1.18299</i>
                        <i>1 0 0 0 1 0 0 0 1 3.21772 2.39889 -1.18299</i>
                        <i>1 0 0 0 1 0 0 0 1 3.21772 2.39728 -1.18299</i>
                        <i>1 0 0 0 1 0 0 0 1 3.21772 2.39558 -1.18299</i>
                        <i>1 0 0 0 1 0 0 0 1 3.21772 2.39382 -1.18299</i>
                        <i>1 0 0 0 1 0 0 0 1 3.21772 2.39202 -1.18299</i>
                        <i>1 0 0 0 1 0 0 0 1 3.21772 2.39023 -1.18299</i>
                        <i>1 0 0 0 1 0 0 0 1 3.21772 2.3885 -1.18299</i>
                        <i>1 0 0 0 1 0 0 0 1 3.21772 2.38689 -1.18299</i>
                        <i>1 0 0 0 1 0 0 0 1 3.21772 2.3854 -1.18299</i>
                        <i>1 0 0 0 1 0 0 0 1 3.21772 2.38403 -1.18299</i>
                        <i>1 0 0 0 1 0 0 0 1 3.21772 2.3828 -1.18299</i>
                        <i>1 0 0 0 1 0 0 0 1 3.21772 2.3817 -1.18299</i>
                        <i>1 0 0 0 1 0 0 0 1 3.21772 2.38076 -1.18299</i>
                        <i>1 0 0 0 1 0 0 0 1 3.21772 2.37996 -1.18299</i>
                        <i>1 0 0 0 1 0 0 0 1 3.21772 2.37932 -1.18299</i>
                        <i>1 0 0 0 1 0 0 0 1 3.21772 2.37884 -1.18299</i>
                        <i>1 0 0 0 1 0 0 0 1 3.21772 2.37853 -1.18299</i>
                        <i>1 0 0 0 1 0 0 0 1 3.21772 2.3784 -1.18299</i>
                        <i>1 0 0 0 1 0 0 0 1 3.21772 2.37845 -1.18299</i>
                        <i>1 0 0 0 1 0 0 0 1 3.21772 2.37869 -1.18299</i>
                        <i>1 0 0 0 1 0 0 0 1 3.21772 2.37912 -1.18299</i>
                        <i>1 0 0 0 1 0 0 0 1 3.21772 2.38065 -1.18299</i>
                        <i>1 0 0 0 1 0 0 0 1 3.21772 2.3826 -1.18299</i>
                        <i>1 0 0 0 1 0 0 0 1 3.21772 2.38489 -1.18299</i>
                        <i>1 0 0 0 1 0 0 0 1 3.21772 2.38742 -1.18299</i>
                        <i>1 0 0 0 1 0 0 0 1 3.21772 2.39009 -1.18299</i>
                        <i>1 0 0 0 1 0 0 0 1 3.21772 2.3928 -1.18299</i>
                        <i>1 0 0 0 1 0 0 0 1 3.21772 2.39547 -1.18299</i>
                        <i>1 0 0 0 1 0 0 0 1 3.21772 2.39799 -1.18299</i>
                        <i>1 0 0 0 1 0 0 0 1 3.21772 2.40028 -1.18299</i>
                        <i>1 0 0 0 1 0 0 0 1 3.21772 2.40223 -1.18299</i>
                        <i>1 0 0 0 1 0 0 0 1 3.21772 2.40374 -1.18299</i>
                        <i>1 0 0 0 1 0 0 0 1 3.21772 2.40474 -1.18299</i>
                        <i>1 0 0 0 1 0 0 0 1 3.21772 2.4051 -1.18299</i>
                        <i>1 0 0 0 1 0 0 0 1 3.21772 2.40495 -1.18299</i>
                        <i>1 0 0 0 1 0 0 0 1 3.21772 2.40445 -1.18299</i>
                        <i>1 0 0 0 1 0 0 0 1 3.21772 2.40367 -1.18299</i>
                        <i>1 0 0 0 1 0 0 0 1 3.21772 2.40263 -1.18299</i>
                        <i>1 0 0 0 1 0 0 0 1 3.21772 2.40138 -1.18299</i>
                        <i>1 0 0 0 1 0 0 0 1 3.21772 2.39996 -1.18299</i>
                        <i>1 0 0 0 1 0 0 0 1 3.21772 2.39842 -1.18299</i>
                        <i>1 0 0 0 1 0 0 0 1 3.21772 2.39678 -1.18299</i>
                        <i>1 0 0 0 1 0 0 0 1 3.21772 2.39511 -1.18299</i>
                        <i>1 0 0 0 1 0 0 0 1 3.21772 2.39343 -1.18299</i>
                        <i>1 0 0 0 1 0 0 0 1 3.21772 2.39179 -1.18299</i>
                        <i>1 0 0 0 1 0 0 0 1 3.21772 2.39023 -1.18299</i>
                        <i>1 0 0 0 1 0 0 0 1 3.21772 2.38875 -1.18299</i>
                        <i>1 0 0 0 1 0 0 0 1 3.21772 2.38731 -1.18299</i>
                        <i>1 0 0 0 1 0 0 0 1 3.21772 2.38593 -1.18299</i>
                        <i>1 0 0 0 1 0 0 0 1 3.21772 2.38463 -1.18299</i>
                        <i>1 0 0 0 1 0 0 0 1 3.21772 2.38342 -1.18299</i>
                        <i>1 0 0 0 1 0 0 0 1 3.21772 2.38231 -1.18299</i>
                        <i>1 0 0 0 1 0 0 0 1 3.21772 2.38131 -1.18299</i>
                        <i>1 0 0 0 1 0 0 0 1 3.21772 2.38044 -1.18299</i>
                        <i>1 0 0 0 1 0 0 0 1 3.21772 2.37972 -1.18299</i>
                        <i>1 0 0 0 1 0 0 0 1 3.21772 2.37915 -1.18299</i>
                        <i>1 0 0 0 1 0 0 0 1 3.21772 2.37875 -1.18299</i>
                        <i>1 0 0 0 1 0 0 0 1 3.21772 2.37854 -1.18299</i>
                        <i>1 0 0 0 1 0 0 0 1 3.21772 2.37852 -1.18299</i>
                        <i>1 0 0 0 1 0 0 0 1 3.21772 2.37871 -1.18299</i>
                        <i>1 0 0 0 1 0 0 0 1 3.21772 2.37912 -1.18299</i>
                        <i>1 0 0 0 1 0 0 0 1 3.21772 2.38062 -1.18299</i>
                        <i>1 0 0 0 1 0 0 0 1 3.21772 2.38249 -1.18299</i>
                        <i>1 0 0 0 1 0 0 0 1 3.21772 2.38467 -1.18299</i>
                        <i>1 0 0 0 1 0 0 0 1 3.21772 2.38706 -1.18299</i>
                        <i>1 0 0 0 1 0 0 0 1 3.21772 2.38959 -1.18299</i>
                        <i>1 0 0 0 1 0 0 0 1 3.21772 2.39218 -1.18299</i>
                        <i>1 0 0 0 1 0 0 0 1 3.21772 2.39474 -1.18299</i>
                        <i>1 0 0 0 1 0 0 0 1 3.21772 2.3972 -1.18299</i>
                        <i>1 0 0 0 1 0 0 0 1 3.21772 2.39947 -1.18299</i>
                        <i>1 0 0 0 1 0 0 0 1 3.21772 2.40148 -1.18299</i>
                        <i>1 0 0 0 1 0 0 0 1 3.21772 2.40314 -1.18299</i>
                        <i>1 0 0 0 1 0 0 0 1 3.21772 2.40438 -1.18299</i>
                        <i>1 0 0 0 1 0 0 0 1 3.21772 2.4051 -1.18299</i>
                        <i>1 0 0 0 1 0 0 0 1 3.21772 2.40536 -1.18299</i>
                        <i>1 0 0 0 1 0 0 0 1 3.21772 2.40525 -1.18299</i>
                        <i>1 0 0 0 1 0 0 0 1 3.21772 2.40481 -1.18299</i>
                        <i>1 0 0 0 1 0 0 0 1 3.21772 2.40407 -1.18299</i>
                        <i>1 0 0 0 1 0 0 0 1 3.21772 2.40304 -1.18299</i>
                        <i>1 0 0 0 1 0 0 0 1 3.21772 2.40176 -1.18299</i>
                        <i>1 0 0 0 1 0 0 0 1 3.21772 2.40025 -1.18299</i>
                        <i>1 0 0 0 1 0 0 0 1 3.21772 2.39854 -1.18299</i>
                        <i>1 0 0 0 1 0 0 0 1 3.21772 2.39666 -1.18299</i>
                        <i>1 0 0 0 1 0 0 0 1 3.21772 2.39463 -1.18299</i>
                        <i>1 0 0 0 1 0 0 0 1 3.21772 2.39248 -1.18299</i>
                        <i>1 0 0 0 1 0 0 0 1 3.21772 2.39023 -1.18299</i>
                    </KeyFrames>
                </p>
            </i>
            <i>
                <p>
                    <Name><![CDATA[spine0]]></Name>
                    <Exclude>0</Exclude>
                    <Additive>0</Additive>
                    <IKPriority>0</IKPriority>
                    <IKRotLimits>-1e+010 -1e+010 -1e+010 1e+010 1e+010 1e+010</IKRotLimits>
                    <IKRotLimitOrder>0</IKRotLimitOrder>
                    <KeyFrames count="120">
                        <i>-0.0844117 0.995503 0.0429938 -0.196285 0.0256897 -0.98021 -0.976907 -0.0911803 0.193234 3.25617 2.52886 -1.18295</i>
                        <i>-0.0835504 0.995586 0.0427531 -0.196281 0.0256209 -0.980213 -0.976982 -0.0902888 0.193273 3.25617 2.52668 -1.18295</i>
                        <i>-0.0825912 0.995678 0.0424708 -0.196274 0.0255304 -0.980217 -0.977064 -0.0892932 0.193317 3.25617 2.52471 -1.18295</i>
                        <i>-0.0815816 0.995775 0.042162 -0.196267 0.0254237 -0.980221 -0.977151 -0.088243 0.193364 3.25617 2.52296 -1.18295</i>
                        <i>-0.0805666 0.995871 0.0418411 -0.196259 0.0253063 -0.980225 -0.977237 -0.0871851 0.19341 3.25617 2.52142 -1.18295</i>
                        <i>-0.079589 0.995963 0.041522 -0.196251 0.0251834 -0.98023 -0.977318 -0.0861643 0.193454 3.25617 2.52008 -1.18295</i>
                        <i>-0.0786892 0.996047 0.0412183 -0.196242 0.0250606 -0.980235 -0.977393 -0.0852228 0.193495 3.25617 2.51897 -1.18295</i>
                        <i>-0.0779055 0.99612 0.0409429 -0.196234 0.0249429 -0.98024 -0.977457 -0.0844004 0.19353 3.25617 2.51806 -1.18295</i>
                        <i>-0.0772738 0.996179 0.0407082 -0.196227 0.0248356 -0.980244 -0.977509 -0.0837352 0.193558 3.25617 2.51737 -1.18295</i>
                        <i>-0.0768285 0.99622 0.0405263 -0.196221 0.024744 -0.980247 -0.977545 -0.083263 0.193578 3.25617 2.5169 -1.18295</i>
                        <i>-0.0767374 0.996231 0.0404356 -0.196216 0.024673 -0.98025 -0.977553 -0.0831559 0.193583 3.25617 2.51664 -1.18295</i>
                        <i>-0.077133 0.996199 0.0404677 -0.196213 0.0246277 -0.980252 -0.977523 -0.0835501 0.193567 3.25617 2.51659 -1.18295</i>
                        <i>-0.077992 0.996126 0.0406234 -0.196212 0.0246136 -0.980253 -0.977455 -0.0844226 0.193532 3.25617 2.51676 -1.18295</i>
                        <i>-0.0791885 0.996021 0.0408833 -0.196213 0.0246362 -0.980252 -0.977358 -0.0856465 0.193482 3.25617 2.51715 -1.18295</i>
                        <i>-0.0805698 0.995896 0.041216 -0.196217 0.0246941 -0.980249 -0.977245 -0.0870658 0.193423 3.25617 2.51775 -1.18295</i>
                        <i>-0.0820699 0.995758 0.0416029 -0.196223 0.0247822 -0.980246 -0.977119 -0.0886122 0.193357 3.25617 2.5188 -1.18295</i>
                        <i>-0.0836244 0.995611 0.0420263 -0.196231 0.0248955 -0.980242 -0.976985 -0.090219 0.193288 3.25617 2.52042 -1.18295</i>
                        <i>-0.0851711 0.995461 0.0424686 -0.19624 0.0250288 -0.980236 -0.97685 -0.0918218 0.193218 3.25617 2.52252 -1.18295</i>
                        <i>-0.0866517 0.995314 0.042913 -0.19625 0.0251772 -0.980231 -0.976718 -0.0933603 0.193149 3.25617 2.52496 -1.18295</i>
                        <i>-0.0880119 0.995176 0.0433435 -0.196261 0.0253352 -0.980224 -0.976594 -0.0947781 0.193084 3.25617 2.52764 -1.18295</i>
                        <i>-0.0892025 0.995052 0.0437449 -0.196272 0.0254977 -0.980218 -0.976484 -0.0960238 0.193027 3.25617 2.53045 -1.18295</i>
                        <i>-0.0901785 0.994949 0.0441027 -0.196283 0.0256591 -0.980211 -0.976392 -0.0970506 0.192978 3.25617 2.53326 -1.18295</i>
                        <i>-0.0908993 0.99487 0.0444033 -0.196294 0.0258138 -0.980205 -0.976323 -0.0978161 0.19294 3.25617 2.53596 -1.18295</i>
                        <i>-0.0913281 0.99482 0.0446335 -0.196303 0.0259562 -0.9802 -0.976281 -0.0982815 0.192916 3.25617 2.53843 -1.18295</i>
                        <i>-0.0914303 0.994804 0.0447806 -0.196312 0.0260804 -0.980195 -0.97627 -0.0984104 0.192907 3.25617 2.54056 -1.18295</i>
                        <i>-0.0913893 0.994804 0.0448746 -0.196319 0.0261803 -0.980191 -0.976272 -0.0983886 0.192906 3.25617 2.54223 -1.18295</i>
                        <i>-0.0914025 0.994799 0.0449481 -0.196323 0.0262496 -0.980188 -0.97627 -0.098416 0.192903 3.25617 2.54332 -1.18295</i>
                        <i>-0.0914576 0.994792 0.0449926 -0.196325 0.0262826 -0.980186 -0.976264 -0.0984787 0.192899 3.25617 2.54373 -1.18295</i>
                        <i>-0.0914568 0.994792 0.0449962 -0.196326 0.0262862 -0.980186 -0.976264 -0.0984786 0.192899 3.25617 2.5436 -1.18295</i>
                        <i>-0.091318 0.994807 0.0449555 -0.196325 0.0262732 -0.980187 -0.976277 -0.0983345 0.192906 3.25617 2.54316 -1.18295</i>
                        <i>-0.0910528 0.994834 0.0448748 -0.196323 0.0262455 -0.980188 -0.976303 -0.0980588 0.192919 3.25617 2.54245 -1.18295</i>
                        <i>-0.0906731 0.994874 0.0447586 -0.19632 0.0262052 -0.98019 -0.976338 -0.0976638 0.192938 3.25617 2.54151 -1.18295</i>
                        <i>-0.0901903 0.994925 0.0446113 -0.196317 0.0261544 -0.980192 -0.976384 -0.0971617 0.192962 3.25617 2.54035 -1.18295</i>
                        <i>-0.0896148 0.994985 0.0444371 -0.196313 0.0260953 -0.980194 -0.976438 -0.0965635 0.19299 3.25617 2.53901 -1.18295</i>
                        <i>-0.088955 0.995053 0.0442399 -0.196308 0.02603 -0.980197 -0.976499 -0.095878 0.193022 3.25617 2.53752 -1.18295</i>
                        <i>-0.0882161 0.995128 0.044023 -0.196304 0.0259607 -0.980199 -0.976567 -0.0951113 0.193057 3.25617 2.53591 -1.18295</i>
                        <i>-0.0873998 0.99521 0.0437891 -0.196299 0.0258897 -0.980202 -0.976641 -0.0942652 0.193096 3.25617 2.53421 -1.18295</i>
                        <i>-0.0865019 0.9953 0.0435396 -0.196294 0.0258193 -0.980205 -0.976722 -0.0933362 0.193138 3.25617 2.53245 -1.18295</i>
                        <i>-0.0855121 0.995397 0.0432749 -0.196289 0.0257518 -0.980208 -0.97681 -0.092314 0.193184 3.25617 2.53065 -1.18295</i>
                        <i>-0.0844117 0.995503 0.0429938 -0.196285 0.0256897 -0.98021 -0.976907 -0.0911803 0.193234 3.25617 2.52886 -1.18295</i>
                        <i>-0.0833746 0.995602 0.0427169 -0.19628 0.0256196 -0.980213 -0.976997 -0.0901094 0.193281 3.25617 2.52713 -1.18295</i>
                        <i>-0.0823519 0.9957 0.0424261 -0.196275 0.025533 -0.980217 -0.977085 -0.0890499 0.193328 3.25617 2.52552 -1.18295</i>
                        <i>-0.0813699 0.995793 0.0421307 -0.196268 0.0254341 -0.98022 -0.977168 -0.0880293 0.193373 3.25617 2.52403 -1.18295</i>
                        <i>-0.0804486 0.99588 0.0418386 -0.19626 0.0253267 -0.980225 -0.977246 -0.0870689 0.193414 3.25617 2.52266 -1.18295</i>
                        <i>-0.0796026 0.99596 0.0415567 -0.196253 0.0252148 -0.980229 -0.977317 -0.0861844 0.193453 3.25617 2.52143 -1.18295</i>
                        <i>-0.0788422 0.996032 0.041291 -0.196245 0.0251021 -0.980233 -0.97738 -0.0853869 0.193487 3.25617 2.52033 -1.18295</i>
                        <i>-0.0781736 0.996094 0.0410467 -0.196238 0.0249925 -0.980238 -0.977435 -0.0846836 0.193518 3.25617 2.51939 -1.18295</i>
                        <i>-0.0776 0.996148 0.0408283 -0.196231 0.02489 -0.980242 -0.977482 -0.0840786 0.193543 3.25617 2.51859 -1.18295</i>
                        <i>-0.0771224 0.996193 0.0406399 -0.196224 0.0247982 -0.980245 -0.977521 -0.0835734 0.193565 3.25617 2.51795 -1.18295</i>
                        <i>-0.0767398 0.996229 0.0404853 -0.196219 0.024721 -0.980248 -0.977553 -0.0831681 0.193582 3.25617 2.51747 -1.18295</i>
                        <i>-0.0766686 0.996237 0.0404109 -0.196215 0.024662 -0.980251 -0.977559 -0.0830836 0.193586 3.25617 2.51716 -1.18295</i>
                        <i>-0.0770981 0.996202 0.040458 -0.196213 0.0246249 -0.980252 -0.977526 -0.083514 0.193569 3.25617 2.51703 -1.18295</i>
                        <i>-0.0780048 0.996125 0.0406259 -0.196212 0.0246135 -0.980253 -0.977454 -0.0844357 0.193532 3.25617 2.51708 -1.18295</i>
                        <i>-0.0792503 0.996016 0.0408959 -0.196213 0.0246365 -0.980252 -0.977353 -0.0857095 0.193479 3.25617 2.51732 -1.18295</i>
                        <i>-0.0806661 0.995888 0.0412357 -0.196217 0.0246947 -0.980249 -0.977237 -0.0871641 0.193418 3.25617 2.51775 -1.18295</i>
                        <i>-0.0821882 0.995747 0.0416271 -0.196223 0.024783 -0.980246 -0.977109 -0.0887328 0.193352 3.25617 2.51928 -1.18295</i>
                        <i>-0.0837535 0.995599 0.0420528 -0.196231 0.0248964 -0.980242 -0.976974 -0.0903508 0.193282 3.25617 2.52123 -1.18295</i>
                        <i>-0.085302 0.995448 0.0424954 -0.19624 0.0250298 -0.980236 -0.976838 -0.0919554 0.193212 3.25617 2.52352 -1.18295</i>
                        <i>-0.0867768 0.995302 0.0429387 -0.19625 0.0251781 -0.980231 -0.976707 -0.093488 0.193143 3.25617 2.52605 -1.18295</i>
                        <i>-0.0881256 0.995165 0.0433669 -0.196261 0.0253361 -0.980224 -0.976584 -0.094894 0.193079 3.25617 2.52871 -1.18295</i>
                        <i>-0.0893004 0.995043 0.043765 -0.196272 0.0254985 -0.980218 -0.976475 -0.0961237 0.193022 3.25617 2.53143 -1.18295</i>
                        <i>-0.0902582 0.994941 0.0441192 -0.196283 0.0256598 -0.980211 -0.976384 -0.0971319 0.192974 3.25617 2.5341 -1.18295</i>
                        <i>-0.0909599 0.994864 0.0444158 -0.196294 0.0258144 -0.980205 -0.976317 -0.0978779 0.192937 3.25617 2.53662 -1.18295</i>
                        <i>-0.0913701 0.994816 0.0446422 -0.196303 0.0259566 -0.9802 -0.976277 -0.0983244 0.192914 3.25617 2.53891 -1.18295</i>
                        <i>-0.0914558 0.994802 0.0447859 -0.196312 0.0260806 -0.980195 -0.976267 -0.0984365 0.192906 3.25617 2.54086 -1.18295</i>
                        <i>-0.0914016 0.994802 0.0448771 -0.196319 0.0261804 -0.980191 -0.976271 -0.0984012 0.192905 3.25617 2.54237 -1.18295</i>
                        <i>-0.0914059 0.994799 0.0449488 -0.196323 0.0262497 -0.980188 -0.976269 -0.0984194 0.192903 3.25617 2.54336 -1.18295</i>
                        <i>-0.0914577 0.994792 0.0449926 -0.196325 0.0262826 -0.980186 -0.976264 -0.0984788 0.192899 3.25617 2.54373 -1.18295</i>
                        <i>-0.0914528 0.994792 0.0449954 -0.196326 0.0262863 -0.980186 -0.976265 -0.0984746 0.192899 3.25617 2.54358 -1.18295</i>
                        <i>-0.0913031 0.994808 0.0449526 -0.196325 0.0262732 -0.980187 -0.976279 -0.0983194 0.192907 3.25617 2.54308 -1.18295</i>
                        <i>-0.0910225 0.994838 0.0448688 -0.196323 0.0262456 -0.980188 -0.976305 -0.0980279 0.192921 3.25617 2.5423 -1.18295</i>
                        <i>-0.090625 0.994879 0.0447492 -0.19632 0.0262053 -0.98019 -0.976343 -0.0976149 0.19294 3.25617 2.54126 -1.18295</i>
                        <i>-0.0901244 0.994931 0.0445984 -0.196317 0.0261546 -0.980192 -0.97639 -0.0970946 0.192965 3.25617 2.54001 -1.18295</i>
                        <i>-0.0895332 0.994993 0.0444212 -0.196313 0.0260955 -0.980194 -0.976445 -0.0964803 0.192993 3.25617 2.53859 -1.18295</i>
                        <i>-0.0888621 0.995062 0.0442218 -0.196308 0.0260302 -0.980197 -0.976507 -0.0957834 0.193026 3.25617 2.53705 -1.18295</i>
                        <i>-0.0881189 0.995138 0.0440041 -0.196304 0.025961 -0.980199 -0.976576 -0.0950122 0.193061 3.25617 2.53541 -1.18295</i>
                        <i>-0.0873072 0.995219 0.043771 -0.196299 0.0258899 -0.980202 -0.976649 -0.0941709 0.1931 3.25617 2.53374 -1.18295</i>
                        <i>-0.0864256 0.995307 0.0435247 -0.196294 0.0258195 -0.980205 -0.976729 -0.0932584 0.193141 3.25617 2.53206 -1.18295</i>
                        <i>-0.0854658 0.995401 0.0432659 -0.196289 0.025752 -0.980208 -0.976814 -0.0922669 0.193186 3.25617 2.53042 -1.18295</i>
                        <i>-0.0844117 0.995503 0.0429938 -0.196285 0.0256897 -0.98021 -0.976907 -0.0911803 0.193234 3.25617 2.52886 -1.18295</i>
                        <i>-0.0834187 0.995598 0.0427255 -0.19628 0.0256194 -0.980213 -0.976993 -0.0901543 0.193279 3.25617 2.52738 -1.18295</i>
                        <i>-0.08242 0.995694 0.0424394 -0.196275 0.0255328 -0.980217 -0.977079 -0.0891192 0.193325 3.25617 2.52594 -1.18295</i>
                        <i>-0.0814453 0.995786 0.0421454 -0.196268 0.0254339 -0.98022 -0.977162 -0.0881061 0.193369 3.25617 2.52456 -1.18295</i>
                        <i>-0.0805181 0.995874 0.0418522 -0.19626 0.0253265 -0.980225 -0.97724 -0.0871398 0.193411 3.25617 2.52326 -1.18295</i>
                        <i>-0.0796567 0.995955 0.0415673 -0.196253 0.0252146 -0.980229 -0.977312 -0.0862395 0.193451 3.25617 2.52205 -1.18295</i>
                        <i>-0.0788746 0.996029 0.0412974 -0.196245 0.025102 -0.980233 -0.977377 -0.08542 0.193486 3.25617 2.52094 -1.18295</i>
                        <i>-0.0781818 0.996094 0.0410483 -0.196238 0.0249925 -0.980238 -0.977435 -0.084692 0.193517 3.25617 2.51994 -1.18295</i>
                        <i>-0.0775848 0.99615 0.0408253 -0.196231 0.02489 -0.980242 -0.977484 -0.0840631 0.193544 3.25617 2.51907 -1.18295</i>
                        <i>-0.0770881 0.996196 0.0406332 -0.196224 0.0247983 -0.980245 -0.977524 -0.0835385 0.193566 3.25617 2.51835 -1.18295</i>
                        <i>-0.0766941 0.996233 0.0404763 -0.196219 0.0247212 -0.980248 -0.977556 -0.0831215 0.193584 3.25617 2.51778 -1.18295</i>
                        <i>-0.0766224 0.996241 0.0404019 -0.196215 0.0246622 -0.980251 -0.977563 -0.0830367 0.193588 3.25617 2.51738 -1.18295</i>
                        <i>-0.0770661 0.996205 0.0404517 -0.196213 0.024625 -0.980252 -0.977528 -0.0834814 0.19357 3.25617 2.51717 -1.18295</i>
                        <i>-0.0780048 0.996125 0.0406259 -0.196212 0.0246135 -0.980253 -0.977454 -0.0844357 0.193532 3.25617 2.51715 -1.18295</i>
                        <i>-0.0792869 0.996012 0.0409031 -0.196213 0.0246364 -0.980252 -0.97735 -0.0857468 0.193478 3.25617 2.51734 -1.18295</i>
                        <i>-0.0807291 0.995882 0.0412479 -0.196217 0.0246945 -0.980249 -0.977232 -0.0872282 0.193416 3.25617 2.51775 -1.18295</i>
                        <i>-0.0822685 0.99574 0.0416428 -0.196223 0.0247827 -0.980246 -0.977102 -0.0888146 0.193349 3.25617 2.51925 -1.18295</i>
                        <i>-0.0838433 0.99559 0.0420702 -0.196231 0.0248961 -0.980242 -0.976967 -0.0904422 0.193278 3.25617 2.52112 -1.18295</i>
                        <i>-0.0853946 0.99544 0.0425134 -0.19624 0.0250295 -0.980236 -0.97683 -0.0920497 0.193208 3.25617 2.5233 -1.18295</i>
                        <i>-0.0868666 0.995293 0.0429562 -0.19625 0.0251778 -0.980231 -0.976699 -0.0935795 0.19314 3.25617 2.52569 -1.18295</i>
                        <i>-0.0882082 0.995157 0.0433829 -0.196261 0.0253359 -0.980224 -0.976576 -0.0949782 0.193076 3.25617 2.52822 -1.18295</i>
                        <i>-0.0893726 0.995036 0.0437791 -0.196272 0.0254983 -0.980218 -0.976468 -0.0961973 0.193019 3.25617 2.53081 -1.18295</i>
                        <i>-0.0903178 0.994935 0.0441308 -0.196283 0.0256596 -0.980211 -0.976379 -0.0971927 0.192971 3.25617 2.53337 -1.18295</i>
                        <i>-0.0910059 0.994859 0.0444248 -0.196294 0.0258143 -0.980205 -0.976313 -0.0979247 0.192935 3.25617 2.53583 -1.18295</i>
                        <i>-0.0914025 0.994813 0.0446486 -0.196303 0.0259565 -0.9802 -0.976274 -0.0983573 0.192913 3.25617 2.5381 -1.18295</i>
                        <i>-0.0914757 0.994799 0.0447898 -0.196312 0.0260806 -0.980195 -0.976265 -0.0984568 0.192905 3.25617 2.54011 -1.18295</i>
                        <i>-0.0914335 0.994799 0.0448834 -0.196319 0.0261803 -0.980191 -0.976268 -0.0984337 0.192904 3.25617 2.54177 -1.18295</i>
                        <i>-0.0914906 0.99479 0.0449654 -0.196323 0.0262496 -0.980188 -0.976262 -0.0985057 0.192899 3.25617 2.54301 -1.18295</i>
                        <i>-0.0916274 0.994775 0.045026 -0.196325 0.0262824 -0.980186 -0.976248 -0.0986517 0.192891 3.25617 2.54373 -1.18295</i>
                        <i>-0.0917253 0.994765 0.0450492 -0.196326 0.0262862 -0.980186 -0.976239 -0.0987523 0.192887 3.25617 2.54399 -1.18295</i>
                        <i>-0.0916822 0.99477 0.045028 -0.196325 0.0262737 -0.980187 -0.976243 -0.0987058 0.192889 3.25617 2.54388 -1.18295</i>
                        <i>-0.0915044 0.994789 0.0449654 -0.196323 0.0262469 -0.980188 -0.97626 -0.0985192 0.192898 3.25617 2.54344 -1.18295</i>
                        <i>-0.0911987 0.994822 0.0448648 -0.19632 0.0262076 -0.98019 -0.976289 -0.0981999 0.192914 3.25617 2.5427 -1.18295</i>
                        <i>-0.090772 0.994867 0.0447297 -0.196317 0.0261578 -0.980192 -0.97633 -0.0977551 0.192935 3.25617 2.54167 -1.18295</i>
                        <i>-0.0902299 0.994923 0.044563 -0.196313 0.0260996 -0.980194 -0.976381 -0.0971911 0.192962 3.25617 2.54039 -1.18295</i>
                        <i>-0.0895759 0.994991 0.0443676 -0.196309 0.0260348 -0.980196 -0.976442 -0.0965118 0.192993 3.25617 2.53888 -1.18295</i>
                        <i>-0.0888102 0.99507 0.0441457 -0.196304 0.0259658 -0.980199 -0.976513 -0.0957177 0.19303 3.25617 2.53717 -1.18295</i>
                        <i>-0.0879276 0.995159 0.0438984 -0.196299 0.0258945 -0.980202 -0.976594 -0.094804 0.193072 3.25617 2.53529 -1.18295</i>
                        <i>-0.086916 0.99526 0.0436255 -0.196294 0.0258232 -0.980205 -0.976685 -0.0937589 0.193119 3.25617 2.53326 -1.18295</i>
                        <i>-0.0857546 0.995374 0.0433253 -0.19629 0.0257542 -0.980208 -0.976789 -0.0925617 0.193173 3.25617 2.53111 -1.18295</i>
                        <i>-0.0844117 0.995503 0.0429938 -0.196285 0.0256897 -0.98021 -0.976907 -0.0911803 0.193234 3.25617 2.52886 -1.18295</i>
                    </KeyFrames>
                </p>
            </i>
            <i>
                <p>
                    <Name><![CDATA[spine1]]></Name>
                    <Exclude>0</Exclude>
                    <Additive>0</Additive>
                    <IKPriority>0</IKPriority>
                    <IKRotLimits>-1e+010 -1e+010 -1e+010 1e+010 1e+010 1e+010</IKRotLimits>
                    <IKRotLimitOrder>0</IKRotLimitOrder>
                    <KeyFrames count="120">
                        <i>-0.369487 0.927198 0.0615074 -0.187115 -0.00940286 -0.982293 -0.910202 -0.374454 0.176967 3.24144 2.70273 -1.17544</i>
                        <i>-0.362866 0.929881 0.0604134 -0.187276 -0.00926382 -0.982264 -0.912829 -0.367744 0.177506 3.24153 2.70141 -1.17545</i>
                        <i>-0.356646 0.932354 0.059331 -0.187404 -0.00918061 -0.98224 -0.91525 -0.361431 0.178001 3.24163 2.70025 -1.17547</i>
                        <i>-0.350896 0.934599 0.0582838 -0.187503 -0.0091444 -0.982222 -0.91745 -0.355586 0.178449 3.24176 2.69923 -1.17549</i>
                        <i>-0.345683 0.936601 0.0572944 -0.187576 -0.00914662 -0.982207 -0.919412 -0.350279 0.178845 3.24189 2.69835 -1.17552</i>
                        <i>-0.341069 0.938346 0.0563842 -0.187626 -0.00917894 -0.982198 -0.921124 -0.345576 0.179189 3.24202 2.69762 -1.17555</i>
                        <i>-0.337114 0.939822 0.0555739 -0.187657 -0.00923325 -0.982191 -0.922572 -0.341539 0.179477 3.24214 2.69702 -1.17559</i>
                        <i>-0.333877 0.941018 0.0548836 -0.187671 -0.00930163 -0.982188 -0.923746 -0.33823 0.179707 3.24225 2.69656 -1.17562</i>
                        <i>-0.331413 0.94192 0.0543325 -0.18767 -0.00937633 -0.982187 -0.924632 -0.335707 0.179878 3.24234 2.69622 -1.17565</i>
                        <i>-0.329779 0.942516 0.0539398 -0.187658 -0.00944972 -0.982189 -0.925219 -0.334027 0.179987 3.2424 2.69601 -1.17567</i>
                        <i>-0.329442 0.942642 0.0538035 -0.187628 -0.00951269 -0.982194 -0.925345 -0.333671 0.18 3.24241 2.69592 -1.17568</i>
                        <i>-0.330766 0.942167 0.0540014 -0.187578 -0.00955654 -0.982203 -0.924883 -0.335009 0.17989 3.24233 2.69595 -1.17567</i>
                        <i>-0.333646 0.941121 0.0545214 -0.187512 -0.00957442 -0.982216 -0.923861 -0.337935 0.179666 3.24218 2.69609 -1.17565</i>
                        <i>-0.337899 0.939555 0.0553295 -0.187432 -0.00956501 -0.982231 -0.92233 -0.342265 0.179335 3.24197 2.69631 -1.1756</i>
                        <i>-0.343244 0.937553 0.0563653 -0.187341 -0.00953414 -0.982249 -0.920373 -0.34771 0.178914 3.24174 2.69662 -1.17556</i>
                        <i>-0.349431 0.935191 0.0575773 -0.18724 -0.00948569 -0.982268 -0.918063 -0.354016 0.178419 3.2415 2.69726 -1.1755</i>
                        <i>-0.356212 0.932546 0.0589146 -0.187133 -0.0094235 -0.982289 -0.915475 -0.360928 0.177867 3.24126 2.69838 -1.17545</i>
                        <i>-0.36334 0.929702 0.0603268 -0.187025 -0.00935139 -0.982311 -0.912692 -0.368195 0.177275 3.24103 2.69989 -1.17539</i>
                        <i>-0.370571 0.926748 0.061764 -0.186919 -0.00927318 -0.982332 -0.909801 -0.375568 0.176663 3.24081 2.70171 -1.17534</i>
                        <i>-0.377662 0.923786 0.0631768 -0.186818 -0.00919274 -0.982352 -0.906902 -0.3828 0.176051 3.24063 2.70372 -1.17529</i>
                        <i>-0.384372 0.920921 0.0645162 -0.186725 -0.00911396 -0.98237 -0.904097 -0.389642 0.175462 3.24047 2.70584 -1.17524</i>
                        <i>-0.39046 0.91827 0.0657332 -0.186645 -0.0090408 -0.982386 -0.901501 -0.395851 0.17492 3.24036 2.70797 -1.17521</i>
                        <i>-0.395684 0.915956 0.0667791 -0.18658 -0.00897729 -0.982399 -0.899234 -0.401179 0.174451 3.24028 2.71001 -1.17518</i>
                        <i>-0.399802 0.914105 0.0676047 -0.186533 -0.00892751 -0.982408 -0.897421 -0.40538 0.17408 3.24026 2.71186 -1.17517</i>
                        <i>-0.402572 0.912847 0.0681608 -0.186507 -0.0088956 -0.982413 -0.896187 -0.408204 0.173833 3.24029 2.71344 -1.17517</i>
                        <i>-0.404464 0.911983 0.0685331 -0.186492 -0.00888315 -0.982416 -0.895338 -0.410133 0.17367 3.24034 2.71464 -1.17517</i>
                        <i>-0.406015 0.911272 0.0688192 -0.186476 -0.00889158 -0.982419 -0.894639 -0.41171 0.17354 3.24037 2.71536 -1.17518</i>
                        <i>-0.407076 0.910785 0.0689872 -0.186459 -0.00892476 -0.982422 -0.89416 -0.412784 0.173458 3.24038 2.7155 -1.17518</i>
                        <i>-0.407593 0.910551 0.0690224 -0.186443 -0.00898729 -0.982425 -0.893928 -0.413298 0.173429 3.2404 2.71516 -1.17519</i>
                        <i>-0.407583 0.910563 0.068932 -0.186427 -0.00907545 -0.982427 -0.893936 -0.413271 0.173453 3.24044 2.71454 -1.1752</i>
                        <i>-0.407003 0.910838 0.0687178 -0.186417 -0.00918043 -0.982428 -0.894202 -0.412661 0.173532 3.2405 2.71368 -1.17523</i>
                        <i>-0.405814 0.911394 0.0683814 -0.186415 -0.00929332 -0.982427 -0.894743 -0.41143 0.173669 3.24057 2.71262 -1.17525</i>
                        <i>-0.403974 0.912245 0.0679249 -0.186425 -0.00940509 -0.982424 -0.895573 -0.409537 0.173865 3.24066 2.71142 -1.17528</i>
