<?xml version="1.0" encoding="ISO-8859-1" ?>
<Animl Version="1">
    <ModellingPackage><![CDATA[Maya.2010]]></ModellingPackage>
    <SrcFile><![CDATA[anims\turrets\antiair\red\~src\aa_zu232\aa_zu232_aim_random_crewman_d.mb]]></SrcFile>
    <FramesPerSecond>30</FramesPerSecond>
    <TotalFrames>61</TotalFrames>
    <Skeleton>
        <RefFrame>
            <Name><![CDATA[soldier_ref_frame]]></Name>
            <Exclude>0</Exclude>
            <Additive>0</Additive>
            <IKPriority>0</IKPriority>
            <IKRotLimits>-1e+010 -1e+010 -1e+010 1e+010 1e+010 1e+010</IKRotLimits>
            <IKRotLimitOrder>0</IKRotLimitOrder>
            <KeyFrames count="61">
                <i>1 0 0 0 1 0 0 0 1 3.29 1.32 -1.15</i>
                <i>1 0 0 0 1 0 0 0 1 3.29 1.32 -1.15</i>
                <i>1 0 0 0 1 0 0 0 1 3.29 1.32 -1.15</i>
                <i>1 0 0 0 1 0 0 0 1 3.29 1.32 -1.15</i>
                <i>1 0 0 0 1 0 0 0 1 3.29 1.32 -1.15</i>
                <i>1 0 0 0 1 0 0 0 1 3.29 1.32 -1.15</i>
                <i>1 0 0 0 1 0 0 0 1 3.29 1.32 -1.15</i>
                <i>1 0 0 0 1 0 0 0 1 3.29 1.32 -1.15</i>
                <i>1 0 0 0 1 0 0 0 1 3.29 1.32 -1.15</i>
                <i>1 0 0 0 1 0 0 0 1 3.29 1.32 -1.15</i>
                <i>1 0 0 0 1 0 0 0 1 3.29 1.32 -1.15</i>
                <i>1 0 0 0 1 0 0 0 1 3.29 1.32 -1.15</i>
                <i>1 0 0 0 1 0 0 0 1 3.29 1.32 -1.15</i>
                <i>1 0 0 0 1 0 0 0 1 3.29 1.32 -1.15</i>
                <i>1 0 0 0 1 0 0 0 1 3.29 1.32 -1.15</i>
                <i>1 0 0 0 1 0 0 0 1 3.29 1.32 -1.15</i>
                <i>1 0 0 0 1 0 0 0 1 3.29 1.32 -1.15</i>
                <i>1 0 0 0 1 0 0 0 1 3.29 1.32 -1.15</i>
                <i>1 0 0 0 1 0 0 0 1 3.29 1.32 -1.15</i>
                <i>1 0 0 0 1 0 0 0 1 3.29 1.32 -1.15</i>
                <i>1 0 0 0 1 0 0 0 1 3.29 1.32 -1.15</i>
                <i>1 0 0 0 1 0 0 0 1 3.29 1.32 -1.15</i>
                <i>1 0 0 0 1 0 0 0 1 3.29 1.32 -1.15</i>
                <i>1 0 0 0 1 0 0 0 1 3.29 1.32 -1.15</i>
                <i>1 0 0 0 1 0 0 0 1 3.29 1.32 -1.15</i>
                <i>1 0 0 0 1 0 0 0 1 3.29 1.32 -1.15</i>
                <i>1 0 0 0 1 0 0 0 1 3.29 1.32 -1.15</i>
                <i>1 0 0 0 1 0 0 0 1 3.29 1.32 -1.15</i>
                <i>1 0 0 0 1 0 0 0 1 3.29 1.32 -1.15</i>
                <i>1 0 0 0 1 0 0 0 1 3.29 1.32 -1.15</i>
                <i>1 0 0 0 1 0 0 0 1 3.29 1.32 -1.15</i>
                <i>1 0 0 0 1 0 0 0 1 3.29 1.32 -1.15</i>
                <i>1 0 0 0 1 0 0 0 1 3.29 1.32 -1.15</i>
                <i>1 0 0 0 1 0 0 0 1 3.29 1.32 -1.15</i>
                <i>1 0 0 0 1 0 0 0 1 3.29 1.32 -1.15</i>
                <i>1 0 0 0 1 0 0 0 1 3.29 1.32 -1.15</i>
                <i>1 0 0 0 1 0 0 0 1 3.29 1.32 -1.15</i>
                <i>1 0 0 0 1 0 0 0 1 3.29 1.32 -1.15</i>
                <i>1 0 0 0 1 0 0 0 1 3.29 1.32 -1.15</i>
                <i>1 0 0 0 1 0 0 0 1 3.29 1.32 -1.15</i>
                <i>1 0 0 0 1 0 0 0 1 3.29 1.32 -1.15</i>
                <i>1 0 0 0 1 0 0 0 1 3.29 1.32 -1.15</i>
                <i>1 0 0 0 1 0 0 0 1 3.29 1.32 -1.15</i>
                <i>1 0 0 0 1 0 0 0 1 3.29 1.32 -1.15</i>
                <i>1 0 0 0 1 0 0 0 1 3.29 1.32 -1.15</i>
                <i>1 0 0 0 1 0 0 0 1 3.29 1.32 -1.15</i>
                <i>1 0 0 0 1 0 0 0 1 3.29 1.32 -1.15</i>
                <i>1 0 0 0 1 0 0 0 1 3.29 1.32 -1.15</i>
                <i>1 0 0 0 1 0 0 0 1 3.29 1.32 -1.15</i>
                <i>1 0 0 0 1 0 0 0 1 3.29 1.32 -1.15</i>
                <i>1 0 0 0 1 0 0 0 1 3.29 1.32 -1.15</i>
                <i>1 0 0 0 1 0 0 0 1 3.29 1.32 -1.15</i>
                <i>1 0 0 0 1 0 0 0 1 3.29 1.32 -1.15</i>
                <i>1 0 0 0 1 0 0 0 1 3.29 1.32 -1.15</i>
                <i>1 0 0 0 1 0 0 0 1 3.29 1.32 -1.15</i>
                <i>1 0 0 0 1 0 0 0 1 3.29 1.32 -1.15</i>
                <i>1 0 0 0 1 0 0 0 1 3.29 1.32 -1.15</i>
                <i>1 0 0 0 1 0 0 0 1 3.29 1.32 -1.15</i>
                <i>1 0 0 0 1 0 0 0 1 3.29 1.32 -1.15</i>
                <i>1 0 0 0 1 0 0 0 1 3.29 1.32 -1.15</i>
                <i>1 0 0 0 1 0 0 0 1 3.29 1.32 -1.15</i>
            </KeyFrames>
        </RefFrame>
        <Bones count="23">
            <i>
                <p>
                    <Name><![CDATA[pelvis]]></Name>
                    <Exclude>0</Exclude>
                    <Additive>0</Additive>
                    <IKPriority>0</IKPriority>
                    <IKRotLimits>-1e+010 -1e+010 -1e+010 1e+010 1e+010 1e+010</IKRotLimits>
                    <IKRotLimitOrder>2</IKRotLimitOrder>
                    <KeyFrames count="61">
                        <i>1 0 0 0 1 0 0 0 1 3.23379 2.29508 -1.18383</i>
                        <i>1 0 0 0 1 0 0 0 1 3.2316 2.2982 -1.18299</i>
                        <i>1 0 0 0 1 0 0 0 1 3.23363 2.29233 -1.18738</i>
                        <i>1 0 0 0 1 0 0 0 1 3.23864 2.28112 -1.19816</i>
                        <i>1 0 0 0 1 0 0 0 1 3.245 2.27416 -1.21174</i>
                        <i>1 0 0 0 1 0 0 0 1 3.2511 2.28104 -1.22455</i>
                        <i>1 0 0 0 1 0 0 0 1 3.2573 2.30693 -1.23728</i>
                        <i>1 0 0 0 1 0 0 0 1 3.26439 2.3451 -1.25165</i>
                        <i>1 0 0 0 1 0 0 0 1 3.2713 2.38735 -1.2656</i>
                        <i>1 0 0 0 1 0 0 0 1 3.27698 2.42548 -1.27707</i>
                        <i>1 0 0 0 1 0 0 0 1 3.28039 2.45128 -1.28397</i>
                        <i>1 0 0 0 1 0 0 0 1 3.28038 2.45144 -1.28396</i>
                        <i>1 0 0 0 1 0 0 0 1 3.28035 2.45171 -1.28393</i>
                        <i>1 0 0 0 1 0 0 0 1 3.28031 2.45177 -1.28389</i>
                        <i>1 0 0 0 1 0 0 0 1 3.28026 2.45131 -1.28384</i>
                        <i>1 0 0 0 1 0 0 0 1 3.2802 2.45 -1.28378</i>
                        <i>1 0 0 0 1 0 0 0 1 3.28014 2.44712 -1.28372</i>
                        <i>1 0 0 0 1 0 0 0 1 3.28009 2.44287 -1.28367</i>
                        <i>1 0 0 0 1 0 0 0 1 3.28004 2.43835 -1.28362</i>
                        <i>1 0 0 0 1 0 0 0 1 3.28001 2.43468 -1.28359</i>
                        <i>1 0 0 0 1 0 0 0 1 3.27999 2.43294 -1.28357</i>
                        <i>1 0 0 0 1 0 0 0 1 3.27999 2.43294 -1.28357</i>
                        <i>1 0 0 0 1 0 0 0 1 3.28 2.4336 -1.28359</i>
                        <i>1 0 0 0 1 0 0 0 1 3.28003 2.43477 -1.28361</i>
                        <i>1 0 0 0 1 0 0 0 1 3.28006 2.4363 -1.28364</i>
                        <i>1 0 0 0 1 0 0 0 1 3.2801 2.43802 -1.28368</i>
                        <i>1 0 0 0 1 0 0 0 1 3.28014 2.43978 -1.28372</i>
                        <i>1 0 0 0 1 0 0 0 1 3.28018 2.44143 -1.28376</i>
                        <i>1 0 0 0 1 0 0 0 1 3.28021 2.4428 -1.28378</i>
                        <i>1 0 0 0 1 0 0 0 1 3.28023 2.44374 -1.2838</i>
                        <i>1 0 0 0 1 0 0 0 1 3.28023 2.44408 -1.28381</i>
                        <i>1 0 0 0 1 0 0 0 1 3.28011 2.44393 -1.2852</i>
                        <i>1 0 0 0 1 0 0 0 1 3.27976 2.44353 -1.28718</i>
                        <i>1 0 0 0 1 0 0 0 1 3.27926 2.44293 -1.28962</i>
                        <i>1 0 0 0 1 0 0 0 1 3.27864 2.44215 -1.29239</i>
                        <i>1 0 0 0 1 0 0 0 1 3.27797 2.44124 -1.29539</i>
                        <i>1 0 0 0 1 0 0 0 1 3.27729 2.44022 -1.29847</i>
                        <i>1 0 0 0 1 0 0 0 1 3.27667 2.43914 -1.30152</i>
                        <i>1 0 0 0 1 0 0 0 1 3.27615 2.43804 -1.30442</i>
                        <i>1 0 0 0 1 0 0 0 1 3.27579 2.43693 -1.30704</i>
                        <i>1 0 0 0 1 0 0 0 1 3.27564 2.43587 -1.30925</i>
                        <i>1 0 0 0 1 0 0 0 1 3.27576 2.43488 -1.31095</i>
                        <i>1 0 0 0 1 0 0 0 1 3.27621 2.43401 -1.31199</i>
                        <i>1 0 0 0 1 0 0 0 1 3.27702 2.43328 -1.31226</i>
                        <i>1 0 0 0 1 0 0 0 1 3.27827 2.43274 -1.31164</i>
                        <i>1 0 0 0 1 0 0 0 1 3.28 2.43241 -1.31</i>
                        <i>1 0 0 0 1 0 0 0 1 3.28595 2.43535 -1.30267</i>
                        <i>1 0 0 0 1 0 0 0 1 3.29706 2.44177 -1.28785</i>
                        <i>1 0 0 0 1 0 0 0 1 3.3092 2.44749 -1.26968</i>
                        <i>1 0 0 0 1 0 0 0 1 3.31822 2.44829 -1.25235</i>
                        <i>1 0 0 0 1 0 0 0 1 3.32 2.44 -1.24</i>
                        <i>1 0 0 0 1 0 0 0 1 3.31491 2.41755 -1.23155</i>
                        <i>1 0 0 0 1 0 0 0 1 3.30668 2.38375 -1.22323</i>
                        <i>1 0 0 0 1 0 0 0 1 3.29616 2.34617 -1.21524</i>
                        <i>1 0 0 0 1 0 0 0 1 3.28424 2.3124 -1.20774</i>
                        <i>1 0 0 0 1 0 0 0 1 3.27177 2.29 -1.20091</i>
                        <i>1 0 0 0 1 0 0 0 1 3.25962 2.28178 -1.19493</i>
                        <i>1 0 0 0 1 0 0 0 1 3.24866 2.28268 -1.18997</i>
                        <i>1 0 0 0 1 0 0 0 1 3.23976 2.28851 -1.18621</i>
                        <i>1 0 0 0 1 0 0 0 1 3.23379 2.29508 -1.18383</i>
                        <i>1 0 0 0 1 0 0 0 1 3.2316 2.2982 -1.18299</i>
                    </KeyFrames>
                </p>
            </i>
            <i>
                <p>
                    <Name><![CDATA[spine0]]></Name>
                    <Exclude>0</Exclude>
                    <Additive>0</Additive>
                    <IKPriority>0</IKPriority>
                    <IKRotLimits>-1e+010 -1e+010 -1e+010 1e+010 1e+010 1e+010</IKRotLimits>
                    <IKRotLimitOrder>0</IKRotLimitOrder>
                    <KeyFrames count="61">
                        <i>0.00663091 0.993057 0.117449 -0.967713 0.0359674 -0.249477 -0.251969 -0.112003 0.961232 3.25077 2.4348 -1.21357</i>
                        <i>0.0057783 0.992084 0.125446 -0.970277 0.0359123 -0.239318 -0.241929 -0.120334 0.962803 3.24738 2.43879 -1.20909</i>
                        <i>0.0106355 0.994959 0.0997138 -0.962599 0.0371852 -0.268368 -0.270723 -0.0931302 0.958142 3.2519 2.43138 -1.21942</i>
                        <i>0.0265631 0.998712 0.0432375 -0.937205 0.0399278 -0.346487 -0.347767 -0.0313186 0.937058 3.26423 2.41559 -1.24241</i>
                        <i>0.0538667 0.99847 -0.0124578 -0.887877 0.0421841 -0.458143 -0.456917 0.0357396 0.888791 3.28184 2.40221 -1.26598</i>
                        <i>0.0817257 0.995838 -0.040339 -0.810219 0.0428132 -0.584561 -0.580401 0.0804571 0.810346 3.29935 2.40481 -1.27976</i>
                        <i>0.0953398 0.994744 -0.0373585 -0.706993 0.0412456 -0.706017 -0.700765 0.0937237 0.707209 3.3128 2.43095 -1.28455</i>
                        <i>0.0940004 0.9953 -0.023288 -0.588979 0.0367362 -0.807313 -0.802663 0.0896039 0.589664 3.32232 2.47176 -1.28769</i>
                        <i>0.0798615 0.996768 -0.00866682 -0.472424 0.0301918 -0.880854 -0.877746 0.0744407 0.473308 3.32748 2.51738 -1.29076</i>
                        <i>0.0612897 0.99812 0.000602702 -0.375897 0.0236414 -0.92636 -0.924633 0.0565498 0.376639 3.32963 2.55826 -1.2942</i>
                        <i>0.0506696 0.998708 0.00377615 -0.317964 0.019716 -0.947898 -0.946748 0.0468289 0.318552 3.33107 2.58528 -1.29711</i>
                        <i>0.0542138 0.998524 0.00328937 -0.317976 0.0203867 -0.94788 -0.946548 0.0503423 0.318612 3.33177 2.58514 -1.29734</i>
                        <i>0.0634261 0.997984 0.00202785 -0.317973 0.0221345 -0.947841 -0.945976 0.0594731 0.318736 3.33361 2.58461 -1.29797</i>
                        <i>0.0761277 0.997098 0.000301142 -0.317888 0.0245568 -0.94781 -0.945067 0.0720589 0.318835 3.33622 2.58348 -1.29885</i>
                        <i>0.0901415 0.995928 -0.00158462 -0.317676 0.0272448 -0.947808 -0.943905 0.0859402 0.318838 3.3392 2.58156 -1.29985</i>
                        <i>0.103396 0.994635 -0.00335131 -0.317352 0.0297964 -0.94784 -0.942654 0.0990666 0.31873 3.3422 2.57869 -1.30087</i>
                        <i>0.114019 0.993467 -0.00476804 -0.316993 0.0318317 -0.947894 -0.941549 0.10959 0.318551 3.34485 2.57433 -1.30176</i>
                        <i>0.120347 0.992716 -0.00565314 -0.316723 0.0329983 -0.947944 -0.940852 0.115873 0.318387 3.34682 2.56893 -1.30242</i>
                        <i>0.121852 0.992531 -0.00591583 -0.316635 0.0332227 -0.947965 -0.940688 0.117384 0.318319 3.34779 2.56382 -1.30273</i>
                        <i>0.12032 0.992718 -0.00582686 -0.316698 0.0328204 -0.947958 -0.940864 0.115903 0.318341 3.34791 2.56005 -1.30275</i>
                        <i>0.117413 0.993067 -0.00569902 -0.316848 0.0320217 -0.947935 -0.941181 0.113105 0.318411 3.34764 2.55846 -1.30264</i>
                        <i>0.11389 0.993478 -0.00554694 -0.317035 0.0310516 -0.947905 -0.941551 0.109715 0.318504 3.34705 2.5588 -1.30244</i>
                        <i>0.110614 0.993849 -0.00541295 -0.317209 0.0301423 -0.947877 -0.941883 0.106565 0.318592 3.34621 2.55996 -1.30215</i>
                        <i>0.108488 0.994083 -0.00534859 -0.317327 0.0295311 -0.947856 -0.94209 0.104528 0.318653 3.34519 2.56173 -1.30181</i>
                        <i>0.108447 0.994087 -0.00541533 -0.317359 0.029458 -0.947848 -0.942084 0.10451 0.318677 3.34406 2.56391 -1.30143</i>
                        <i>0.111362 0.993764 -0.00567548 -0.31729 0.0301426 -0.94785 -0.941767 0.107355 0.318668 3.3429 2.56628 -1.30105</i>
                        <i>0.116596 0.993161 -0.00608702 -0.317157 0.0314245 -0.947852 -0.941178 0.112446 0.318652 3.34177 2.56866 -1.30068</i>
                        <i>0.122837 0.992405 -0.0065587 -0.317011 0.0329744 -0.947848 -0.940433 0.11851 0.318654 3.34076 2.57085 -1.30035</i>
                        <i>0.128806 0.991645 -0.00700078 -0.316884 0.034469 -0.947838 -0.939677 0.124306 0.318677 3.33995 2.57265 -1.30008</i>
                        <i>0.133269 0.991053 -0.00732716 -0.316797 0.0355929 -0.947825 -0.939084 0.128637 0.318706 3.3394 2.57387 -1.2999</i>
                        <i>0.135024 0.990814 -0.00745447 -0.316764 0.0360363 -0.94782 -0.938845 0.13034 0.31872 3.3392 2.57432 -1.29984</i>
                        <i>0.133816 0.990978 -0.00742252 -0.313267 0.0351934 -0.949013 -0.94019 0.129318 0.31515 3.33943 2.57402 -1.30113</i>
                        <i>0.130371 0.991441 -0.0069042 -0.305726 0.0335758 -0.951527 -0.943152 0.126163 0.307487 3.33983 2.5733 -1.3029</i>
                        <i>0.125585 0.992063 -0.00628658 -0.295093 0.0313043 -0.954955 -0.947179 0.121783 0.296683 3.34038 2.57224 -1.30502</i>
                        <i>0.120378 0.992711 -0.00590039 -0.282322 0.0285357 -0.958895 -0.951737 0.117096 0.283699 3.34106 2.57089 -1.3074</i>
                        <i>0.115721 0.993264 -0.00595903 -0.268367 0.0254889 -0.962979 -0.956341 0.113036 0.269509 3.34184 2.56932 -1.30993</i>
                        <i>0.112622 0.993616 -0.00654012 -0.254181 0.022446 -0.966896 -0.960577 0.110556 0.255087 3.34271 2.56758 -1.31252</i>
                        <i>0.112116 0.993666 -0.00761302 -0.240718 0.0197256 -0.970395 -0.964098 0.110629 0.241405 3.34364 2.56574 -1.31508</i>
                        <i>0.114216 0.993415 -0.00906134 -0.228959 0.0174464 -0.97328 -0.966712 0.113239 0.229444 3.34462 2.56387 -1.31755</i>
                        <i>0.117764 0.992984 -0.0107282 -0.219922 0.0155438 -0.975394 -0.968383 0.117226 0.22021 3.34564 2.56204 -1.31987</i>
                        <i>0.122027 0.992448 -0.0125386 -0.214612 0.0140495 -0.976598 -0.969046 0.121862 0.214706 3.34668 2.56032 -1.32197</i>
                        <i>0.126253 0.991892 -0.0144773 -0.21403 0.0129867 -0.976741 -0.968634 0.126415 0.213934 3.34773 2.55878 -1.3238</i>
                        <i>0.129676 0.991418 -0.0165564 -0.219163 0.0123737 -0.97561 -0.967032 0.130141 0.218887 3.34878 2.55751 -1.32531</i>
                        <i>0.131516 0.991136 -0.018767 -0.230977 0.0122274 -0.972882 -0.96403 0.132284 0.230537 3.3498 2.55657 -1.32644</i>
                        <i>0.13099 0.991161 -0.0210139 -0.250391 0.012567 -0.968063 -0.959242 0.132068 0.249824 3.35077 2.55603 -1.32711</i>
                        <i>0.12732 0.991594 -0.0230354 -0.278255 0.0134168 -0.960413 -0.952031 0.12869 0.277625 3.35163 2.55598 -1.32722</i>
                        <i>0.117848 0.992744 -0.0239165 -0.318859 0.0150206 -0.947683 -0.940447 0.119308 0.318316 3.35458 2.56033 -1.32183</i>
                        <i>0.102351 0.994493 -0.0225348 -0.373717 0.0174479 -0.927379 -0.921879 0.10334 0.373444 3.36003 2.56943 -1.30871</i>
                        <i>0.0838778 0.996308 -0.018325 -0.439227 0.0204585 -0.898143 -0.894452 0.0833831 0.439321 3.36533 2.57808 -1.29184</i>
                        <i>0.0656797 0.997775 -0.0114724 -0.511583 0.0237999 -0.858904 -0.85672 0.0622817 0.512007 3.36788 2.58129 -1.27565</i>
                        <i>0.0508402 0.998701 -0.00329821 -0.586911 0.0272051 -0.809194 -0.808053 0.0430753 0.587532 3.36496 2.57432 -1.26514</i>
                        <i>0.0405369 0.999167 0.00474691 -0.661394 0.0303936 -0.749422 -0.748942 0.0272396 0.662075 3.35729 2.55204 -1.26005</i>
                        <i>0.0332148 0.999365 0.0129036 -0.731428 0.0331041 -0.681115 -0.681109 0.013185 0.732063 3.34741 2.51769 -1.25637</i>
                        <i>0.0275917 0.999382 0.0217603 -0.794085 0.0351358 -0.60679 -0.60718 -0.000537164 0.794564 3.33523 2.47919 -1.25368</i>
                        <i>0.0228747 0.999225 0.0320455 -0.847332 0.0363889 -0.529815 -0.53057 -0.0150338 0.847508 3.32098 2.4445 -1.25127</i>
                        <i>0.0187975 0.998842 0.0442911 -0.890155 0.0368908 -0.454162 -0.45527 -0.0308888 0.889817 3.30532 2.42163 -1.24829</i>
                        <i>0.0153789 0.998157 0.0586977 -0.922545 0.0368031 -0.38413 -0.385582 -0.0482438 0.921411 3.28925 2.4138 -1.2438</i>
                        <i>0.0119381 0.996936 0.0773059 -0.945233 0.0364705 -0.324354 -0.326179 -0.0691999 0.942772 3.27351 2.41689 -1.23541</i>
                        <i>0.00879725 0.995063 0.0988567 -0.959731 0.0361613 -0.278582 -0.280782 -0.0924252 0.955311 3.25998 2.42586 -1.22391</i>
                        <i>0.00663091 0.993057 0.117449 -0.967713 0.0359674 -0.249477 -0.251969 -0.112003 0.961232 3.25077 2.4348 -1.21357</i>
                        <i>0.0057783 0.992084 0.125446 -0.970277 0.0359123 -0.239318 -0.241929 -0.120334 0.962803 3.24738 2.43879 -1.20909</i>
                    </KeyFrames>
                </p>
            </i>
            <i>
                <p>
                    <Name><![CDATA[spine1]]></Name>
                    <Exclude>0</Exclude>
                    <Additive>0</Additive>
                    <IKPriority>0</IKPriority>
                    <IKRotLimits>-1e+010 -1e+010 -1e+010 1e+010 1e+010 1e+010</IKRotLimits>
                    <IKRotLimitOrder>0</IKRotLimitOrder>
                    <KeyFrames count="61">
                        <i>-0.108064 0.906988 0.407057 -0.96481 0.00305054 -0.26293 -0.239716 -0.421146 0.874741 3.25197 2.61168 -1.19269</i>
                        <i>-0.10092 0.912251 0.397005 -0.967717 0.0026243 -0.252026 -0.230953 -0.409623 0.882536 3.24841 2.61435 -1.18692</i>
                        <i>-0.110393 0.913138 0.392419 -0.958948 0.00591135 -0.283522 -0.261214 -0.407608 0.874999 3.25381 2.60899 -1.20166</i>
                        <i>-0.13445 0.917577 0.374134 -0.929612 0.013948 -0.368276 -0.34314 -0.397314 0.851115 3.26908 2.59734 -1.23461</i>
                        <i>-0.164078 0.927125 0.336925 -0.8718 0.0235272 -0.489297 -0.461566 -0.374014 0.804407 3.29186 2.58725 -1.26836</i>
                        <i>-0.187401 0.940945 0.281964 -0.779689 0.0321059 -0.625344 -0.597467 -0.337034 0.727628 3.3146 2.59005 -1.28734</i>
                        <i>-0.191012 0.957882 0.214421 -0.656563 0.0377062 -0.753328 -0.729685 -0.284676 0.621707 3.3303 2.61304 -1.29144</i>
                        <i>-0.161955 0.976627 0.141314 -0.51627 0.0381844 -0.855574 -0.840973 -0.211521 0.498019 3.33913 2.64933 -1.29187</i>
                        <i>-0.103734 0.991462 0.079002 -0.37952 0.0339627 -0.92456 -0.919349 -0.125892 0.372757 3.3414 2.69096 -1.29228</i>
                        <i>-0.0414417 0.998314 0.0406434 -0.268473 0.028056 -0.962879 -0.962395 -0.050815 0.266858 3.34014 2.72947 -1.29409</i>
                        <i>-0.00681607 0.999624 0.0265525 -0.202765 0.0246199 -0.978918 -0.979204 -0.0120563 0.202521 3.33971 2.75567 -1.29646</i>
                        <i>-0.0112391 0.999537 0.0282843 -0.202477 0.0254252 -0.978957 -0.979222 -0.0167296 0.202098 3.34102 2.75568 -1.29678</i>
                        <i>-0.022985 0.999196 0.0328617 -0.201742 0.0275584 -0.979051 -0.979169 -0.0291331 0.200947 3.34447 2.75555 -1.29762</i>
                        <i>-0.03973 0.998436 0.0393392 -0.200759 0.0305912 -0.979163 -0.978835 -0.0467999 0.199229 3.34932 2.75507 -1.2988</i>
                        <i>-0.0591628 0.997152 0.0467748 -0.199703 0.0340869 -0.979263 -0.978069 -0.067277 0.197118 3.35482 2.75402 -1.30013</i>
                        <i>-0.07906 0.995392 0.0542661 -0.198713 0.0376078 -0.979336 -0.976864 -0.0882096 0.194824 3.36025 2.75215 -1.30146</i>
                        <i>-0.0973462 0.993381 0.0609807 -0.197886 0.0407293 -0.979379 -0.975379 -0.107406 0.192611 3.3649 2.74878 -1.3026</i>
                        <i>-0.112108 0.991491 0.0661636 -0.1973 0.0430479 -0.979398 -0.973912 -0.122852 0.190795 3.36809 2.74416 -1.30342</i>
                        <i>-0.121022 0.990245 0.0690606 -0.197016 0.0442263 -0.979402 -0.972902 -0.132135 0.189742 3.36938 2.73945 -1.30378</i>
                        <i>-0.123534 0.989891 0.0696753 -0.197006 0.0443514 -0.979399 -0.972588 -0.134715 0.189536 3.36924 2.73572 -1.30379</i>
                        <i>-0.121325 0.990234 0.0686739 -0.197187 0.043762 -0.979389 -0.97283 -0.132366 0.189952 3.36842 2.73396 -1.30366</i>
                        <i>-0.115179 0.991124 0.0663833 -0.197514 0.0426431 -0.979372 -0.97351 -0.125914 0.190849 3.36716 2.73398 -1.30342</i>
                        <i>-0.105595 0.992409 0.0630463 -0.197933 0.0411562 -0.979351 -0.974511 -0.115893 0.192085 3.36569 2.73472 -1.30311</i>
                        <i>-0.0930813 0.993914 0.0589097 -0.198381 0.0394666 -0.97933 -0.975695 -0.102844 0.1935 3.36424 2.73604 -1.30275</i>
                        <i>-0.0781551 0.995465 0.0542281 -0.198781 0.0377419 -0.979317 -0.976923 -0.0873181 0.19493 3.36305 2.73777 -1.30239</i>
                        <i>-0.0613699 0.996898 0.0492674 -0.199065 0.036144 -0.97932 -0.978063 -0.0699082 0.196229 3.36235 2.73974 -1.30204</i>
                        <i>-0.0439767 0.998047 0.0443611 -0.19924 0.0347503 -0.979334 -0.978963 -0.0519064 0.197322 3.36211 2.74178 -1.30174</i>
                        <i>-0.0275727 0.998824 0.0398797 -0.199345 0.0335994 -0.979353 -0.979541 -0.0349532 0.198184 3.36217 2.74368 -1.30149</i>
                        <i>-0.0137946 0.999249 0.036203 -0.199411 0.0327299 -0.979369 -0.979819 -0.0207293 0.19881 3.36238 2.74528 -1.3013</i>
                        <i>-0.00430512 0.999422 0.0337157 -0.199451 0.0321804 -0.979379 -0.979898 -0.010941 0.199197 3.36261 2.74637 -1.30118</i>
                        <i>-0.000773307 0.999462 0.0328021 -0.199465 0.0319888 -0.979383 -0.979905 -0.00730023 0.199333 3.36271 2.74678 -1.30114</i>
                        <i>-0.00404808 0.99948 0.0319766 -0.193869 0.0305858 -0.98055 -0.981019 -0.0101686 0.193645 3.36274 2.74654 -1.30243</i>
                        <i>-0.0131707 0.999404 0.031898 -0.182249 0.0289671 -0.982826 -0.983164 -0.0187579 0.181759 3.36255 2.74598 -1.30411</i>
                        <i>-0.0263041 0.999143 0.0319579 -0.166345 0.0271484 -0.985694 -0.985717 -0.0312439 0.165489 3.36229 2.74514 -1.30612</i>
                        <i>-0.0415924 0.998635 0.0316004 -0.147909 0.0251252 -0.988682 -0.988126 -0.0457956 0.146662 3.36208 2.74408 -1.30843</i>
                        <i>-0.057161 0.997901 0.0304186 -0.128709 0.0228484 -0.991419 -0.990034 -0.0605857 0.127133 3.36208 2.74284 -1.31097</i>
                        <i>-0.0711381 0.997068 0.0281987 -0.11053 0.0202165 -0.993667 -0.991324 -0.0738044 0.108767 3.36244 2.74147 -1.31367</i>
                        <i>-0.081681 0.996347 0.0249114 -0.0951681 0.0170837 -0.995315 -0.992104 -0.0836691 0.093425 3.36333 2.74002 -1.31642</i>
                        <i>-0.0873832 0.99596 0.0206999 -0.0834053 0.0133918 -0.996426 -0.992677 -0.0887974 0.0818981 3.36473 2.73852 -1.31915</i>
                        <i>-0.0890584 0.995896 0.0161167 -0.0754555 0.00938864 -0.997105 -0.993164 -0.0900167 0.0743097 3.36642 2.73701 -1.32176</i>
                        <i>-0.0882501 0.996029 0.0117578 -0.072272 0.00537015 -0.99737 -0.993473 -0.0888678 0.0715111 3.36826 2.73556 -1.32419</i>
                        <i>-0.0865133 0.996218 0.00811341 -0.0747941 0.00162614 -0.997198 -0.993439 -0.0868777 0.0743705 3.3701 2.73425 -1.32637</i>
                        <i>-0.0853923 0.996332 0.00562321 -0.0839427 -0.00157046 -0.996469 -0.992805 -0.0855629 0.0837688 3.37179 2.73318 -1.32825</i>
                        <i>-0.0863963 0.996249 0.00476065 -0.100615 -0.00397123 -0.994917 -0.991167 -0.0864362 0.100581 3.37318 2.73245 -1.32978</i>
                        <i>-0.0909665 0.995835 0.00614658 -0.125676 -0.00535689 -0.992057 -0.987892 -0.0910165 0.12564 3.37408 2.73216 -1.33085</i>
                        <i>-0.100424 0.994887 0.0106881 -0.159936 -0.00553941 -0.987112 -0.982006 -0.100839 0.159675 3.37433 2.73243 -1.33133</i>
                        <i>-0.107695 0.99403 0.0174737 -0.208392 -0.00538515 -0.97803 -0.972098 -0.10897 0.207728 3.37556 2.73675 -1.32609</i>
                        <i>-0.108783 0.993741 0.0253787 -0.272832 -0.00529723 -0.962047 -0.955892 -0.111579 0.271701 3.37816 2.74531 -1.31271</i>
                        <i>-0.109397 0.993348 0.0359503 -0.349108 -0.00453345 -0.937072 -0.930675 -0.115063 0.347281 3.3801 2.7533 -1.29508</i>
                        <i>-0.115086 0.991969 0.0524604 -0.433094 -0.00257896 -0.901345 -0.893971 -0.126453 0.429912 3.3794 2.75608 -1.27767</i>
                        <i>-0.130396 0.988196 0.0804071 -0.520707 0.000756974 -0.853735 -0.843718 -0.153192 0.514462 3.37388 2.74927 -1.26573</i>
                        <i>-0.154081 0.980248 0.123985 -0.607701 0.00492484 -0.794151 -0.779076 -0.197709 0.594939 3.36445 2.72796 -1.25924</i>
                        <i>-0.177238 0.967486 0.180439 -0.689711 0.00868343 -0.724033 -0.702058 -0.252777 0.665746 3.35334 2.69523 -1.25411</i>
                        <i>-0.193008 0.950276 0.244384 -0.763109 0.0111846 -0.646173 -0.616776 -0.311209 0.723005 3.34022 2.65881 -1.24981</i>
                        <i>-0.197608 0.930383 0.30877 -0.825386 0.012016 -0.564441 -0.528856 -0.366392 0.765551 3.32517 2.62628 -1.2455</i>
                        <i>-0.190657 0.910744 0.366328 -0.875318 0.0112038 -0.483418 -0.444374 -0.41282 0.795054 3.30881 2.60518 -1.24022</i>
                        <i>-0.174508 0.894982 0.410554 -0.912923 0.0091676 -0.408028 -0.368942 -0.446009 0.81545 3.29212 2.59816 -1.23303</i>
                        <i>-0.151015 0.89018 0.429853 -0.939109 0.00658107 -0.343555 -0.308655 -0.455561 0.834983 3.27572 2.59989 -1.22129</i>
                        <i>-0.126449 0.896752 0.424083 -0.955724 0.00438045 -0.294232 -0.265711 -0.442512 0.856494 3.26159 2.60575 -1.20609</i>
                        <i>-0.108064 0.906988 0.407057 -0.96481 0.00305054 -0.26293 -0.239716 -0.421146 0.874741 3.25197 2.61168 -1.19269</i>
                        <i>-0.10092 0.912251 0.397005 -0.967717 0.0026243 -0.252026 -0.230953 -0.409623 0.882536 3.24841 2.61435 -1.18692</i>
                    </KeyFrames>
                </p>
            </i>
            <i>
                <p>
                    <Name><![CDATA[spine2]]></Name>
                    <Exclude>0</Exclude>
                    <Additive>0</Additive>
                    <IKPriority>0</IKPriority>
                    <IKRotLimits>-1e+010 -1e+010 -1e+010 1e+010 1e+010 1e+010</IKRotLimits>
                    <IKRotLimitOrder>0</IKRotLimitOrder>
                    <KeyFrames count="61">
                        <i>-0.195097 0.640631 0.74265 -0.963914 0.0145968 -0.265815 -0.18113 -0.76771 0.614665 3.23422 2.76018 -1.12589</i>
                        <i>-0.186127 0.64179 0.74395 -0.967281 0.0131738 -0.253367 -0.172409 -0.766767 0.61834 3.23195 2.76277 -1.1222</i>
                        <i>-0.208468 0.646048 0.734277 -0.957297 0.0189778 -0.288483 -0.200309 -0.763061 0.614504 3.23564 2.75882 -1.13711</i>
                        <i>-0.265808 0.66287 0.699964 -0.923659 0.0327919 -0.381809 -0.276043 -0.748016 0.603549 3.24649 2.75076 -1.17183</i>
                        <i>-0.339293 0.695283 0.633609 -0.857251 0.0487824 -0.512583 -0.387299 -0.717078 0.579481 3.26375 2.74507 -1.21075</i>
                        <i>-0.405033 0.741224 0.53529 -0.751734 0.063274 -0.656424 -0.520427 -0.668269 0.531575 3.28234 2.75084 -1.23894</i>
                        <i>-0.433242 0.802258 0.410711 -0.610195 0.0742784 -0.788761 -0.663297 -0.592338 0.457354 3.29793 2.77417 -1.25526</i>
                        <i>-0.397699 0.875073 0.27583 -0.447163 0.0776493 -0.891076 -0.801175 -0.477721 0.36042 3.31238 2.80956 -1.26868</i>
                        <i>-0.303213 0.939072 0.16188 -0.287029 0.0719852 -0.955213 -0.908667 -0.336097 0.247714 3.32468 2.84984 -1.27969</i>
                        <i>-0.193868 0.976691 0.0921459 -0.157545 0.0617129 -0.985582 -0.968295 -0.20559 0.141909 3.33355 2.88715 -1.28778</i>
                        <i>-0.129839 0.989366 0.0655512 -0.0818747 0.0551872 -0.995113 -0.988149 -0.134572 0.0738386 3.33862 2.91277 -1.29241</i>
                        <i>-0.140012 0.987848 0.0674829 -0.0817441 0.0563894 -0.995057 -0.98677 -0.144837 0.0728555 3.33923 2.91292 -1.29245</i>
                        <i>-0.16663 0.983348 0.0725336 -0.0814784 0.0595784 -0.994893 -0.982647 -0.171689 0.0701941 3.34082 2.91317 -1.29256</i>
                        <i>-0.203706 0.975795 0.0795478 -0.0812958 0.0641116 -0.994626 -0.975651 -0.209078 0.0662681 3.34298 2.91328 -1.29268</i>
                        <i>-0.245279 0.965505 0.0873937 -0.0813597 0.0693286 -0.994271 -0.966033 -0.250984 0.0615483 3.34532 2.91297 -1.29279</i>
                        <i>-0.285694 0.953596 0.0950473 -0.0817079 0.0745814 -0.993862 -0.954831 -0.291706 0.0566088 3.34747 2.91191 -1.29286</i>
                        <i>-0.319824 0.942009 0.101645 -0.0822401 0.0792749 -0.993455 -0.943901 -0.32609 0.0521168 3.34905 2.90928 -1.29286</i>
                        <i>-0.343098 0.933244 0.106481 -0.0827553 0.0828884 -0.993117 -0.935647 -0.349549 0.048792 3.34976 2.90518 -1.29278</i>
                        <i>-0.353191 0.929176 0.109033 -0.0830465 0.0849463 -0.992919 -0.931858 -0.359745 0.0471625 3.34954 2.90065 -1.29264</i>
                        <i>-0.351962 0.929603 0.109365 -0.0830611 0.0853614 -0.992882 -0.932322 -0.358541 0.0471698 3.34899 2.89686 -1.29255</i>
                        <i>-0.342209 0.933403 0.107948 -0.0828662 0.0844566 -0.992975 -0.935963 -0.34875 0.0484457 3.34856 2.89495 -1.2926</i>
                        <i>-0.32683 0.939209 0.105209 -0.0825468 0.0825275 -0.993164 -0.941471 -0.333281 0.0505562 3.34835 2.89476 -1.29276</i>
                        <i>-0.308383 0.945834 0.101476 -0.0821837 0.0797859 -0.993418 -0.947706 -0.314693 0.0531275 3.34848 2.89529 -1.29301</i>
                        <i>-0.289507 0.952238 0.0971043 -0.0818465 0.0764496 -0.993709 -0.95367 -0.295633 0.0558046 3.34911 2.89641 -1.29335</i>
                        <i>-0.272952 0.957572 0.0924831 -0.0815816 0.0727476 -0.994008 -0.958562 -0.278861 0.0582637 3.35037 2.898 -1.29377</i>
                        <i>-0.261431 0.9612 0.0880292 -0.0814042 0.0689196 -0.994295 -0.961783 -0.267106 0.060228 3.3524 2.8999 -1.29424</i>
                        <i>-0.254929 0.963304 0.0840031 -0.0812907 0.0652155 -0.994555 -0.963537 -0.260369 0.0616824 3.35497 2.90191 -1.29474</i>
                        <i>-0.252153 0.964326 0.0805812 -0.081213 0.0618898 -0.994773 -0.964273 -0.257379 0.0627101 3.35767 2.90382 -1.29521</i>
                        <i>-0.251797 0.964637 0.0779336 -0.0811554 0.0591982 -0.994942 -0.964371 -0.256848 0.0633795 3.36009 2.90542 -1.29562</i>
                        <i>-0.25255 0.964577 0.0762265 -0.0811151 0.0573968 -0.995051 -0.964178 -0.257483 0.0637462 3.36184 2.90652 -1.29589</i>
                        <i>-0.253094 0.964481 0.0756221 -0.0810994 0.0567403 -0.99509 -0.964036 -0.257985 0.0638583 3.36251 2.90693 -1.296</i>
                        <i>-0.252405 0.964912 0.0723692 -0.0733214 0.0555034 -0.995763 -0.96484 -0.256641 0.0567394 3.36202 2.90674 -1.29742</i>
                        <i>-0.253172 0.965037 0.0678738 -0.0576829 0.0549763 -0.99682 -0.9657 -0.256282 0.0417477 3.36036 2.90623 -1.29911</i>
                        <i>-0.255021 0.964913 0.0625034 -0.0367114 0.054932 -0.997815 -0.966238 -0.256758 0.0214145 3.35798 2.90545 -1.30112</i>
                        <i>-0.257605 0.964594 0.056556 -0.0129481 0.0550801 -0.998398 -0.966164 -0.257924 -0.00169923 3.35531 2.90445 -1.30349</i>
                        <i>-0.260621 0.964134 0.0502306 0.0110586 0.0550065 -0.998425 -0.965378 -0.259655 -0.0249978 3.3528 2.9033 -1.30622</i>
                        <i>-0.263808 0.963588 0.0436371 0.0327656 0.0541657 -0.997994 -0.964019 -0.261849 -0.0458619 3.35089 2.90207 -1.30927</i>
                        <i>-0.266938 0.963009 0.036848 0.0496419 0.0519248 -0.997416 -0.962434 -0.264419 -0.0616664 3.35004 2.90085 -1.31255</i>
                        <i>-0.267764 0.963024 0.0297836 0.0612956 0.0478764 -0.996971 -0.961533 -0.265127 -0.0718487 3.35048 2.89966 -1.31595</i>
                        <i>-0.265413 0.963863 0.0229127 0.0683663 0.0425202 -0.996754 -0.961708 -0.262985 -0.0771811 3.35187 2.89849 -1.3193</i>
                        <i>-0.261751 0.964985 0.0170653 0.0698736 0.0365826 -0.996885 -0.962603 -0.259743 -0.0770024 3.3538 2.8974 -1.32242</i>
                        <i>-0.258656 0.965882 0.0129886 0.0648488 0.0307787 -0.99742 -0.96379 -0.257146 -0.0705974 3.3559 2.89642 -1.32519</i>
                        <i>-0.257983 0.966082 0.0114224 0.0523438 0.0257813 -0.998296 -0.96473 -0.256946 -0.0572196 3.35774 2.89563 -1.32747</i>
                        <i>-0.261521 0.965107 0.0132091 0.0314295 0.0221932 -0.99926 -0.964686 -0.260912 -0.0361368 3.35894 2.89513 -1.32913</i>
                        <i>-0.270908 0.962409 0.0194347 0.00119108 0.0205248 -0.999789 -0.962605 -0.270828 -0.00670662 3.35907 2.89499 -1.32997</i>
                        <i>-0.287518 0.957254 0.0315911 -0.0392679 0.0211746 -0.999004 -0.95697 -0.288472 0.0315013 3.35774 2.89531 -1.32968</i>
                        <i>-0.306879 0.950375 0.0511138 -0.095438 0.0227061 -0.995176 -0.946951 -0.310277 0.0837339 3.35781 2.89928 -1.32333</i>
                        <i>-0.324826 0.942476 0.0789115 -0.169575 0.0240462 -0.985224 -0.930447 -0.333408 0.15201 3.36032 2.90703 -1.30866</i>
                        <i>-0.342444 0.932316 0.116272 -0.257426 0.0259128 -0.965951 -0.903584 -0.360715 0.231128 3.36228 2.91408 -1.28933</i>
                        <i>-0.360367 0.918116 0.164922 -0.354396 0.02879 -0.934652 -0.862867 -0.395265 0.315001 3.36074 2.91601 -1.26926</i>
                        <i>-0.378417 0.897395 0.226899 -0.455626 0.0327897 -0.889567 -0.805733 -0.440008 0.396468 3.35275 2.90858 -1.2528</i>
                        <i>-0.393159 0.868429 0.302088 -0.556013 0.0371192 -0.830344 -0.732308 -0.494423 0.468264 3.33937 2.88674 -1.23915</i>
                        <i>-0.397949 0.832539 0.385377 -0.650445 0.0401908 -0.75849 -0.646961 -0.552506 0.525527 3.32424 2.85331 -1.22458</i>
                        <i>-0.389121 0.792168 0.470164 -0.734655 0.041057 -0.677197 -0.555757 -0.608921 0.565994 3.30817 2.81582 -1.20933</i>
                        <i>-0.366565 0.750508 0.54988 -0.805742 0.0394347 -0.590952 -0.465198 -0.659684 0.590261 3.29197 2.78183 -1.19371</i>
                        <i>-0.333256 0.71092 0.619301 -0.862409 0.035613 -0.504957 -0.381039 -0.702371 0.601235 3.27646 2.75892 -1.17815</i>
                        <i>-0.294097 0.676631 0.675039 -0.904882 0.030279 -0.424584 -0.307726 -0.735699 0.603366 3.26237 2.74997 -1.16312</i>
                        <i>-0.254151 0.653148 0.713305 -0.934519 0.0241609 -0.355093 -0.249162 -0.756845 0.604239 3.25014 2.74997 -1.14856</i>
                        <i>-0.219304 0.642305 0.734405 -0.953471 0.0185159 -0.300914 -0.206877 -0.766226 0.608359 3.24051 2.75471 -1.13544</i>
                        <i>-0.195097 0.640631 0.74265 -0.963914 0.0145968 -0.265815 -0.18113 -0.76771 0.614665 3.23422 2.76018 -1.12589</i>
                        <i>-0.186127 0.64179 0.74395 -0.967281 0.0131738 -0.253367 -0.172409 -0.766767 0.61834 3.23195 2.76277 -1.1222</i>
                    </KeyFrames>
                </p>
            </i>
            <i>
                <p>
                    <Name><![CDATA[head]]></Name>
                    <Exclude>0</Exclude>
                    <Additive>0</Additive>
                    <IKPriority>0</IKPriority>
                    <IKRotLimits>-1e+010 -1e+010 -1e+010 1e+010 1e+010 1e+010</IKRotLimits>
                    <IKRotLimitOrder>0</IKRotLimitOrder>
                    <KeyFrames count="61">
                        <i>-0.153605 0.785103 0.600016 0.21745 0.619194 -0.754529 -0.963909 0.014574 -0.265832 3.18573 2.9312 -0.940682</i>
                        <i>-0.146626 0.786043 0.600531 0.207068 0.618032 -0.758393 -0.967276 0.013151 -0.253384 3.18568 2.93407 -0.93669</i>
                        <i>-0.162737 0.789446 0.591855 0.238974 0.613528 -0.752645 -0.957292 0.0189549 -0.288501 3.18388 2.93118 -0.954048</i>
                        <i>-0.203236 0.802806 0.560534 0.3249 0.59534 -0.734854 -0.923653 0.0327686 -0.381826 3.18068 2.92731 -0.997477</i>
                        <i>-0.252212 0.828148 0.500561 0.448913 0.558385 -0.697627 -0.857244 0.0487584 -0.512597 3.18005 2.92968 -1.05321</i>
                        <i>-0.289099 0.863042 0.414221 0.592731 0.501156 -0.630486 -0.751726 0.063249 -0.656436 3.18293 2.9468 -1.10622</i>
                        <i>-0.287253 0.907118 0.30761 0.738348 0.414276 -0.532182 -0.610187 0.0742521 -0.78877 3.19252 2.98514 -1.15385</i>
                        <i>-0.224052 0.954747 0.1956 0.86594 0.287112 -0.40953 -0.447157 0.0776216 -0.891081 3.21728 3.03821 -1.20104</i>
                        <i>-0.109435 0.988183 0.107323 0.951651 0.135339 -0.27576 -0.287026 0.0719565 -0.955216 3.25476 3.09369 -1.24031</i>
                        <i>0.00985548 0.998096 0.0608917 0.987463 -0.000120215 -0.157853 -0.157545 0.061684 -0.985583 3.29221 3.13951 -1.26538</i>
                        <i>0.0766035 0.995862 0.0488969 0.993694 -0.0722258 -0.0857635 -0.081877 0.0551583 -0.995115 3.31387 3.16778 -1.27624</i>
                        <i>0.0663645 0.996492 0.0509897 0.994441 -0.0618683 -0.0851996 -0.081746 0.0563605 -0.995058 3.31186 3.16762 -1.27577</i>
                        <i>0.0394685 0.997623 0.0564805 0.995893 -0.0346649 -0.0836362 -0.0814795 0.0595495 -0.994894 3.30658 3.16695 -1.27456</i>
                        <i>0.00174663 0.997939 0.0641532 0.996688 0.00347813 -0.0812402 -0.0812959 0.0640827 -0.994628 3.29917 3.16545 -1.27285</i>
                        <i>-0.0409161 0.996507 0.0728035 0.995845 0.046605 -0.0782388 -0.0813585 0.0692997 -0.994273 3.29077 3.16286 -1.27091</i>
                        <i>-0.0827719 0.993246 0.0813109 0.993213 0.0889075 -0.0749827 -0.0817055 0.0745526 -0.993864 3.28244 3.1591 -1.26897</i>
                        <i>-0.118422 0.988994 0.0886931 0.989552 0.124941 -0.0719471 -0.0822366 0.0792463 -0.993457 3.27518 3.15379 -1.26723</i>
                        <i>-0.142898 0.985253 0.0941104 0.986272 0.149703 -0.0696903 -0.0827511 0.0828599 -0.99312 3.26984 3.14764 -1.26589</i>
