<?xml version="1.0" encoding="ISO-8859-1" ?>
<Animl Version="1">
    <ModellingPackage><![CDATA[Maya.2010]]></ModellingPackage>
    <SrcFile><![CDATA[anims\turrets\antiair\red\~src\aa_zu232\aa_zu232_aim_random_crewman_c.mb]]></SrcFile>
    <FramesPerSecond>30</FramesPerSecond>
    <TotalFrames>61</TotalFrames>
    <Skeleton>
        <RefFrame>
            <Name><![CDATA[soldier_ref_frame]]></Name>
            <Exclude>0</Exclude>
            <Additive>0</Additive>
            <IKPriority>0</IKPriority>
            <IKRotLimits>-1e+010 -1e+010 -1e+010 1e+010 1e+010 1e+010</IKRotLimits>
            <IKRotLimitOrder>0</IKRotLimitOrder>
            <KeyFrames count="61">
                <i>1 0 0 0 1 0 0 0 1 -3.35 1.93 -0.31</i>
                <i>1 0 0 0 1 0 0 0 1 -3.35 1.93 -0.31</i>
                <i>1 0 0 0 1 0 0 0 1 -3.35 1.93 -0.31</i>
                <i>1 0 0 0 1 0 0 0 1 -3.35 1.93 -0.31</i>
                <i>1 0 0 0 1 0 0 0 1 -3.35 1.93 -0.31</i>
                <i>1 0 0 0 1 0 0 0 1 -3.35 1.93 -0.31</i>
                <i>1 0 0 0 1 0 0 0 1 -3.35 1.93 -0.31</i>
                <i>1 0 0 0 1 0 0 0 1 -3.35 1.93 -0.31</i>
                <i>1 0 0 0 1 0 0 0 1 -3.35 1.93 -0.31</i>
                <i>1 0 0 0 1 0 0 0 1 -3.35 1.93 -0.31</i>
                <i>1 0 0 0 1 0 0 0 1 -3.35 1.93 -0.31</i>
                <i>1 0 0 0 1 0 0 0 1 -3.35 1.93 -0.31</i>
                <i>1 0 0 0 1 0 0 0 1 -3.35 1.93 -0.31</i>
                <i>1 0 0 0 1 0 0 0 1 -3.35 1.93 -0.31</i>
                <i>1 0 0 0 1 0 0 0 1 -3.35 1.93 -0.31</i>
                <i>1 0 0 0 1 0 0 0 1 -3.35 1.93 -0.31</i>
                <i>1 0 0 0 1 0 0 0 1 -3.35 1.93 -0.31</i>
                <i>1 0 0 0 1 0 0 0 1 -3.35 1.93 -0.31</i>
                <i>1 0 0 0 1 0 0 0 1 -3.35 1.93 -0.31</i>
                <i>1 0 0 0 1 0 0 0 1 -3.35 1.93 -0.31</i>
                <i>1 0 0 0 1 0 0 0 1 -3.35 1.93 -0.31</i>
                <i>1 0 0 0 1 0 0 0 1 -3.35 1.93 -0.31</i>
                <i>1 0 0 0 1 0 0 0 1 -3.35 1.93 -0.31</i>
                <i>1 0 0 0 1 0 0 0 1 -3.35 1.93 -0.31</i>
                <i>1 0 0 0 1 0 0 0 1 -3.35 1.93 -0.31</i>
                <i>1 0 0 0 1 0 0 0 1 -3.35 1.93 -0.31</i>
                <i>1 0 0 0 1 0 0 0 1 -3.35 1.93 -0.31</i>
                <i>1 0 0 0 1 0 0 0 1 -3.35 1.93 -0.31</i>
                <i>1 0 0 0 1 0 0 0 1 -3.35 1.93 -0.31</i>
                <i>1 0 0 0 1 0 0 0 1 -3.35 1.93 -0.31</i>
                <i>1 0 0 0 1 0 0 0 1 -3.35 1.93 -0.31</i>
                <i>1 0 0 0 1 0 0 0 1 -3.35 1.93 -0.31</i>
                <i>1 0 0 0 1 0 0 0 1 -3.35 1.93 -0.31</i>
                <i>1 0 0 0 1 0 0 0 1 -3.35 1.93 -0.31</i>
                <i>1 0 0 0 1 0 0 0 1 -3.35 1.93 -0.31</i>
                <i>1 0 0 0 1 0 0 0 1 -3.35 1.93 -0.31</i>
                <i>1 0 0 0 1 0 0 0 1 -3.35 1.93 -0.31</i>
                <i>1 0 0 0 1 0 0 0 1 -3.35 1.93 -0.31</i>
                <i>1 0 0 0 1 0 0 0 1 -3.35 1.93 -0.31</i>
                <i>1 0 0 0 1 0 0 0 1 -3.35 1.93 -0.31</i>
                <i>1 0 0 0 1 0 0 0 1 -3.35 1.93 -0.31</i>
                <i>1 0 0 0 1 0 0 0 1 -3.35 1.93 -0.31</i>
                <i>1 0 0 0 1 0 0 0 1 -3.35 1.93 -0.31</i>
                <i>1 0 0 0 1 0 0 0 1 -3.35 1.93 -0.31</i>
                <i>1 0 0 0 1 0 0 0 1 -3.35 1.93 -0.31</i>
                <i>1 0 0 0 1 0 0 0 1 -3.35 1.93 -0.31</i>
                <i>1 0 0 0 1 0 0 0 1 -3.35 1.93 -0.31</i>
                <i>1 0 0 0 1 0 0 0 1 -3.35 1.93 -0.31</i>
                <i>1 0 0 0 1 0 0 0 1 -3.35 1.93 -0.31</i>
                <i>1 0 0 0 1 0 0 0 1 -3.35 1.93 -0.31</i>
                <i>1 0 0 0 1 0 0 0 1 -3.35 1.93 -0.31</i>
                <i>1 0 0 0 1 0 0 0 1 -3.35 1.93 -0.31</i>
                <i>1 0 0 0 1 0 0 0 1 -3.35 1.93 -0.31</i>
                <i>1 0 0 0 1 0 0 0 1 -3.35 1.93 -0.31</i>
                <i>1 0 0 0 1 0 0 0 1 -3.35 1.93 -0.31</i>
                <i>1 0 0 0 1 0 0 0 1 -3.35 1.93 -0.31</i>
                <i>1 0 0 0 1 0 0 0 1 -3.35 1.93 -0.31</i>
                <i>1 0 0 0 1 0 0 0 1 -3.35 1.93 -0.31</i>
                <i>1 0 0 0 1 0 0 0 1 -3.35 1.93 -0.31</i>
                <i>1 0 0 0 1 0 0 0 1 -3.35 1.93 -0.31</i>
                <i>1 0 0 0 1 0 0 0 1 -3.35 1.93 -0.31</i>
            </KeyFrames>
        </RefFrame>
        <Bones count="23">
            <i>
                <p>
                    <Name><![CDATA[pelvis]]></Name>
                    <Exclude>0</Exclude>
                    <Additive>0</Additive>
                    <IKPriority>0</IKPriority>
                    <IKRotLimits>-1e+010 -1e+010 -1e+010 1e+010 1e+010 1e+010</IKRotLimits>
                    <IKRotLimitOrder>2</IKRotLimitOrder>
                    <KeyFrames count="61">
                        <i>1 0 0 0 1 0 0 0 1 -3.88478 2.84396 -0.366359</i>
                        <i>1 0 0 0 1 0 0 0 1 -3.88478 2.84391 -0.366359</i>
                        <i>1 0 0 0 1 0 0 0 1 -3.88451 2.83862 -0.366623</i>
                        <i>1 0 0 0 1 0 0 0 1 -3.88392 2.82696 -0.367203</i>
                        <i>1 0 0 0 1 0 0 0 1 -3.88333 2.8153 -0.367783</i>
                        <i>1 0 0 0 1 0 0 0 1 -3.88306 2.81 -0.368047</i>
                        <i>1 0 0 0 1 0 0 0 1 -3.88323 2.8134 -0.367882</i>
                        <i>1 0 0 0 1 0 0 0 1 -3.88363 2.82155 -0.367485</i>
                        <i>1 0 0 0 1 0 0 0 1 -3.88412 2.8314 -0.367002</i>
                        <i>1 0 0 0 1 0 0 0 1 -3.88455 2.83988 -0.366578</i>
                        <i>1 0 0 0 1 0 0 0 1 -3.88478 2.84391 -0.366359</i>
                        <i>1 0 0 0 1 0 0 0 1 -3.88478 2.84381 -0.366359</i>
                        <i>1 0 0 0 1 0 0 0 1 -3.88478 2.84352 -0.366359</i>
                        <i>1 0 0 0 1 0 0 0 1 -3.88478 2.84307 -0.366359</i>
                        <i>1 0 0 0 1 0 0 0 1 -3.88478 2.84247 -0.366359</i>
                        <i>1 0 0 0 1 0 0 0 1 -3.88478 2.84174 -0.366359</i>
                        <i>1 0 0 0 1 0 0 0 1 -3.88478 2.84091 -0.366359</i>
                        <i>1 0 0 0 1 0 0 0 1 -3.88478 2.83999 -0.366359</i>
                        <i>1 0 0 0 1 0 0 0 1 -3.88478 2.83902 -0.366359</i>
                        <i>1 0 0 0 1 0 0 0 1 -3.88478 2.838 -0.366359</i>
                        <i>1 0 0 0 1 0 0 0 1 -3.88478 2.83696 -0.366359</i>
                        <i>1 0 0 0 1 0 0 0 1 -3.88478 2.83592 -0.366359</i>
                        <i>1 0 0 0 1 0 0 0 1 -3.88478 2.8349 -0.366359</i>
                        <i>1 0 0 0 1 0 0 0 1 -3.88478 2.83392 -0.366359</i>
                        <i>1 0 0 0 1 0 0 0 1 -3.88478 2.83301 -0.366359</i>
                        <i>1 0 0 0 1 0 0 0 1 -3.88478 2.83217 -0.366359</i>
                        <i>1 0 0 0 1 0 0 0 1 -3.88478 2.83145 -0.366359</i>
                        <i>1 0 0 0 1 0 0 0 1 -3.88478 2.83085 -0.366359</i>
                        <i>1 0 0 0 1 0 0 0 1 -3.88478 2.83039 -0.366359</i>
                        <i>1 0 0 0 1 0 0 0 1 -3.88478 2.8301 -0.366359</i>
                        <i>1 0 0 0 1 0 0 0 1 -3.88478 2.83 -0.366359</i>
                        <i>1 0 0 0 1 0 0 0 1 -3.88478 2.83008 -0.366359</i>
                        <i>1 0 0 0 1 0 0 0 1 -3.88478 2.83031 -0.366359</i>
                        <i>1 0 0 0 1 0 0 0 1 -3.88478 2.83067 -0.366359</i>
                        <i>1 0 0 0 1 0 0 0 1 -3.88478 2.83115 -0.366359</i>
                        <i>1 0 0 0 1 0 0 0 1 -3.88478 2.83174 -0.366359</i>
                        <i>1 0 0 0 1 0 0 0 1 -3.88478 2.83242 -0.366359</i>
                        <i>1 0 0 0 1 0 0 0 1 -3.88478 2.83318 -0.366359</i>
                        <i>1 0 0 0 1 0 0 0 1 -3.88478 2.83401 -0.366359</i>
                        <i>1 0 0 0 1 0 0 0 1 -3.88478 2.83488 -0.366359</i>
                        <i>1 0 0 0 1 0 0 0 1 -3.88478 2.8358 -0.366359</i>
                        <i>1 0 0 0 1 0 0 0 1 -3.88478 2.83673 -0.366359</i>
                        <i>1 0 0 0 1 0 0 0 1 -3.88478 2.83768 -0.366359</i>
                        <i>1 0 0 0 1 0 0 0 1 -3.88478 2.83862 -0.366359</i>
                        <i>1 0 0 0 1 0 0 0 1 -3.88478 2.83955 -0.366359</i>
                        <i>1 0 0 0 1 0 0 0 1 -3.88478 2.84044 -0.366359</i>
                        <i>1 0 0 0 1 0 0 0 1 -3.88478 2.84128 -0.366359</i>
                        <i>1 0 0 0 1 0 0 0 1 -3.88478 2.84206 -0.366359</i>
                        <i>1 0 0 0 1 0 0 0 1 -3.88478 2.84277 -0.366359</i>
                        <i>1 0 0 0 1 0 0 0 1 -3.88478 2.84339 -0.366359</i>
                        <i>1 0 0 0 1 0 0 0 1 -3.88478 2.84391 -0.366359</i>
                        <i>1 0 0 0 1 0 0 0 1 -3.88478 2.84429 -0.366359</i>
                        <i>1 0 0 0 1 0 0 0 1 -3.88478 2.84451 -0.366359</i>
                        <i>1 0 0 0 1 0 0 0 1 -3.88478 2.8446 -0.366359</i>
                        <i>1 0 0 0 1 0 0 0 1 -3.88478 2.84458 -0.366359</i>
                        <i>1 0 0 0 1 0 0 0 1 -3.88478 2.84449 -0.366359</i>
                        <i>1 0 0 0 1 0 0 0 1 -3.88478 2.84436 -0.366359</i>
                        <i>1 0 0 0 1 0 0 0 1 -3.88478 2.84421 -0.366359</i>
                        <i>1 0 0 0 1 0 0 0 1 -3.88478 2.84406 -0.366359</i>
                        <i>1 0 0 0 1 0 0 0 1 -3.88478 2.84396 -0.366359</i>
                        <i>1 0 0 0 1 0 0 0 1 -3.88478 2.84391 -0.366359</i>
                    </KeyFrames>
                </p>
            </i>
            <i>
                <p>
                    <Name><![CDATA[spine0]]></Name>
                    <Exclude>0</Exclude>
                    <Additive>0</Additive>
                    <IKPriority>0</IKPriority>
                    <IKRotLimits>-1e+010 -1e+010 -1e+010 1e+010 1e+010 1e+010</IKRotLimits>
                    <IKRotLimitOrder>0</IKRotLimitOrder>
                    <KeyFrames count="61">
                        <i>-0.022782 0.981289 0.191188 -0.703774 -0.151567 0.694067 0.710059 -0.118741 0.694059 -3.92885 2.97882 -0.390143</i>
                        <i>-0.0214708 0.980063 0.197523 -0.703368 -0.155213 0.693674 0.710502 -0.124038 0.692677 -3.92903 2.97875 -0.389986</i>
                        <i>-0.0263274 0.981635 0.188941 -0.702981 -0.152558 0.694654 0.710722 -0.114534 0.694087 -3.93095 2.97206 -0.393667</i>
                        <i>-0.0373688 0.985111 0.167808 -0.701906 -0.145402 0.69727 0.711288 -0.0917294 0.696889 -3.93509 2.95687 -0.40183</i>
                        <i>-0.0498501 0.988873 0.140158 -0.700785 -0.134621 0.700555 0.711629 -0.0632981 0.699698 -3.93912 2.94093 -0.410225</i>
                        <i>-0.0602737 0.992017 0.110768 -0.701234 -0.121056 0.702578 0.710378 -0.0353274 0.702933 -3.94102 2.93303 -0.414957</i>
                        <i>-0.0665575 0.994341 0.0828033 -0.703503 -0.105615 0.702801 0.707569 -0.0114757 0.706551 -3.94021 2.93675 -0.415144</i>
                        <i>-0.0687696 0.995959 0.0577693 -0.70601 -0.089498 0.702524 0.704855 0.0075266 0.709311 -3.9379 2.94672 -0.413142</i>
                        <i>-0.0676957 0.996998 0.0375812 -0.708003 -0.0745445 0.702264 0.702958 0.0209327 0.710924 -3.93499 2.95886 -0.41017</i>
                        <i>-0.0653137 0.9976 0.0229639 -0.709212 -0.062597 0.702211 0.701963 0.0295777 0.711599 -3.93246 2.96922 -0.407472</i>
                        <i>-0.0642755 0.997835 0.0139243 -0.709748 -0.0555181 0.702265 0.701517 0.0352557 0.71178 -3.93136 2.97402 -0.406329</i>
                        <i>-0.0644196 0.997828 0.0137403 -0.709742 -0.0554912 0.702273 0.70151 0.0354881 0.711775 -3.93143 2.97387 -0.406403</i>
                        <i>-0.0648312 0.997809 0.0132136 -0.709724 -0.0554136 0.702297 0.70149 0.0361527 0.711762 -3.93164 2.97345 -0.406616</i>
                        <i>-0.0654788 0.997777 0.0123823 -0.709697 -0.0552896 0.702334 0.701457 0.0372002 0.71174 -3.93195 2.97277 -0.406952</i>
                        <i>-0.0663298 0.997734 0.0112846 -0.709663 -0.0551228 0.702382 0.701412 0.0385805 0.711711 -3.93237 2.97188 -0.407395</i>
                        <i>-0.0673514 0.99768 0.00995853 -0.709624 -0.0549168 0.702438 0.701355 0.0402434 0.711676 -3.93288 2.97079 -0.407928</i>
                        <i>-0.068511 0.997615 0.00844234 -0.709581 -0.0546753 0.7025 0.701285 0.0421384 0.711634 -3.93346 2.96955 -0.408536</i>
                        <i>-0.069776 0.99754 0.00677435 -0.709538 -0.0544019 0.702565 0.701205 0.0442155 0.711588 -3.93409 2.96817 -0.409204</i>
                        <i>-0.0711145 0.997456 0.0049929 -0.709495 -0.0541012 0.702631 0.701113 0.0464248 0.711537 -3.93476 2.96669 -0.409914</i>
                        <i>-0.0724956 0.997364 0.00313638 -0.709456 -0.0537781 0.702695 0.701012 0.0487172 0.711484 -3.93546 2.96514 -0.410653</i>
                        <i>-0.0738893 0.997266 0.00124313 -0.70942 -0.0534383 0.702757 0.700902 0.0510443 0.711429 -3.93617 2.96355 -0.411403</i>
                        <i>-0.0752667 0.997163 -0.000648562 -0.70939 -0.0530882 0.702814 0.700786 0.0533586 0.711374 -3.93688 2.96195 -0.412151</i>
                        <i>-0.0766004 0.997059 -0.00250056 -0.709366 -0.0527353 0.702865 0.700666 0.0556135 0.711319 -3.93757 2.96038 -0.41288</i>
                        <i>-0.0778642 0.996955 -0.0042749 -0.709348 -0.0523875 0.702909 0.700545 0.0577639 0.711267 -3.93823 2.95886 -0.413577</i>
                        <i>-0.0790334 0.996854 -0.0059338 -0.709336 -0.0520538 0.702946 0.700426 0.0597653 0.711218 -3.93884 2.95743 -0.414227</i>
                        <i>-0.080084 0.99676 -0.00743966 -0.709328 -0.0517436 0.702977 0.700314 0.0615744 0.711174 -3.93939 2.95613 -0.414815</i>
                        <i>-0.0809935 0.996676 -0.00875514 -0.709325 -0.0514669 0.703 0.700213 0.0631487 0.711136 -3.93988 2.95499 -0.415328</i>
                        <i>-0.0817397 0.996605 -0.00984301 -0.709325 -0.0512341 0.703017 0.700126 0.0644463 0.711105 -3.94027 2.95404 -0.415751</i>
                        <i>-0.0823007 0.99655 -0.0106661 -0.709326 -0.0510555 0.703029 0.700059 0.0654255 0.711081 -3.94057 2.95332 -0.416071</i>
                        <i>-0.0826543 0.996516 -0.0111873 -0.709327 -0.0509414 0.703036 0.700016 0.0660444 0.711066 -3.94077 2.95286 -0.416274</i>
                        <i>-0.0827775 0.996503 -0.0113694 -0.709328 -0.0509013 0.703038 0.700001 0.0662604 0.711061 -3.94083 2.9527 -0.416344</i>
                        <i>-0.0830494 0.996486 -0.0108647 -0.709215 -0.0514415 0.703113 0.700084 0.0660986 0.710995 -3.94079 2.95281 -0.416317</i>
                        <i>-0.0832895 0.996471 -0.0103715 -0.709085 -0.0519493 0.703206 0.700186 0.065924 0.71091 -3.94066 2.95313 -0.416237</i>
                        <i>-0.0834832 0.996461 -0.00984421 -0.708943 -0.0524469 0.703313 0.700308 0.0656938 0.710812 -3.94045 2.95364 -0.416103</i>
                        <i>-0.0836158 0.996455 -0.00923708 -0.708789 -0.0529561 0.70343 0.700447 0.065365 0.710705 -3.94017 2.95432 -0.415918</i>
                        <i>-0.083673 0.996457 -0.00850558 -0.708629 -0.0534986 0.70355 0.700603 0.0648955 0.710594 -3.93983 2.95516 -0.415682</i>
                        <i>-0.0836412 0.996467 -0.00760737 -0.708464 -0.0540948 0.703671 0.700773 0.0642454 0.710486 -3.93943 2.95613 -0.415394</i>
                        <i>-0.0835079 0.996486 -0.00650307 -0.708299 -0.0547642 0.703785 0.700956 0.0633777 0.710383 -3.93898 2.95723 -0.415057</i>
                        <i>-0.0832626 0.996514 -0.00515683 -0.708137 -0.055525 0.703889 0.701149 0.0622593 0.710292 -3.93848 2.95842 -0.41467</i>
                        <i>-0.0828968 0.996552 -0.00353646 -0.707981 -0.0563943 0.703976 0.701349 0.0608611 0.710215 -3.93794 2.95969 -0.414234</i>
                        <i>-0.0824043 0.996598 -0.00161344 -0.707835 -0.057388 0.704043 0.701555 0.0591582 0.710156 -3.93737 2.96103 -0.41375</i>
                        <i>-0.0817814 0.99665 0.00063713 -0.707701 -0.0585215 0.704084 0.701762 0.0571301 0.710117 -3.93677 2.96242 -0.413218</i>
                        <i>-0.0810269 0.996707 0.00323697 -0.707582 -0.0598093 0.704095 0.70197 0.0547603 0.710098 -3.93616 2.96383 -0.412638</i>
                        <i>-0.080142 0.996764 0.00620487 -0.707479 -0.0612657 0.704074 0.702176 0.0520361 0.7101 -3.93553 2.96526 -0.41201</i>
                        <i>-0.0791299 0.996818 0.00955714 -0.707393 -0.0629045 0.704016 0.702377 0.0489481 0.71012 -3.93489 2.96667 -0.411336</i>
                        <i>-0.0779958 0.996865 0.0133079 -0.707324 -0.064739 0.703919 0.702574 0.0454898 0.710156 -3.93426 2.96806 -0.410615</i>
                        <i>-0.076746 0.996898 0.0174695 -0.707271 -0.0667821 0.703781 0.702764 0.0416567 0.710202 -3.93363 2.96941 -0.409849</i>
                        <i>-0.0753875 0.99691 0.0220529 -0.707233 -0.0690463 0.703601 0.702949 0.0374461 0.710253 -3.93302 2.9707 -0.409036</i>
                        <i>-0.0739273 0.996896 0.0270676 -0.707208 -0.0715427 0.703377 0.70313 0.0328563 0.710302 -3.93244 2.97191 -0.408178</i>
                        <i>-0.0723716 0.996847 0.0325222 -0.707192 -0.0742815 0.703109 0.703308 0.0278857 0.710338 -3.93188 2.97302 -0.407276</i>
                        <i>-0.0707248 0.996755 0.0384248 -0.707181 -0.0772708 0.702797 0.703486 0.0225319 0.710352 -3.93136 2.97402 -0.406329</i>
                        <i>-0.0667592 0.99666 0.0470407 -0.707456 -0.0805281 0.702154 0.703597 0.0135961 0.710469 -3.93033 2.97531 -0.4045</i>
                        <i>-0.0596846 0.996433 0.0596534 -0.707997 -0.0843839 0.701156 0.703689 -0.000386255 0.710508 -3.92869 2.97691 -0.401527</i>
                        <i>-0.0516129 0.995861 0.0748142 -0.708395 -0.0893126 0.700142 0.703926 -0.0168617 0.710073 -3.92718 2.97831 -0.398293</i>
                        <i>-0.0446317 0.994834 0.0911721 -0.708374 -0.0958675 0.699297 0.704425 -0.0333732 0.708993 -3.92653 2.97908 -0.395724</i>
                        <i>-0.0395811 0.993266 0.108882 -0.707905 -0.104778 0.698493 0.705198 -0.0494307 0.707285 -3.92673 2.9793 -0.393963</i>
                        <i>-0.035185 0.990883 0.130047 -0.707056 -0.116645 0.697471 0.706282 -0.0674099 0.704714 -3.92721 2.97931 -0.392525</i>
                        <i>-0.0305423 0.987704 0.153321 -0.705936 -0.12991 0.69626 0.707617 -0.0869696 0.701224 -3.9278 2.97918 -0.391409</i>
                        <i>-0.0261305 0.984215 0.175037 -0.704748 -0.142319 0.695036 0.708976 -0.105195 0.697343 -3.9284 2.97899 -0.390616</i>
                        <i>-0.022782 0.981289 0.191188 -0.703774 -0.151567 0.694067 0.710059 -0.118741 0.694059 -3.92885 2.97882 -0.390143</i>
                        <i>-0.0214708 0.980063 0.197523 -0.703368 -0.155213 0.693674 0.710502 -0.124038 0.692677 -3.92903 2.97875 -0.389986</i>
                    </KeyFrames>
                </p>
            </i>
            <i>
                <p>
                    <Name><![CDATA[spine1]]></Name>
                    <Exclude>0</Exclude>
                    <Additive>0</Additive>
                    <IKPriority>0</IKPriority>
                    <IKRotLimits>-1e+010 -1e+010 -1e+010 1e+010 1e+010 1e+010</IKRotLimits>
                    <IKRotLimitOrder>0</IKRotLimitOrder>
                    <KeyFrames count="61">
                        <i>0.253334 0.837699 0.483821 -0.708916 -0.179541 0.682058 0.658225 -0.515777 0.548374 -3.93293 3.15349 -0.35614</i>
                        <i>0.258718 0.826837 0.499404 -0.709008 -0.188576 0.67952 0.656028 -0.529886 0.537446 -3.93289 3.15349 -0.354798</i>
                        <i>0.25979 0.825304 0.501381 -0.713869 -0.185515 0.675259 0.650308 -0.533346 0.540964 -3.93572 3.14849 -0.359745</i>
                        <i>0.258091 0.826684 0.499984 -0.726884 -0.174752 0.664155 0.636419 -0.534842 0.555801 -3.94197 3.13699 -0.371198</i>
                        <i>0.248039 0.838522 0.485136 -0.746252 -0.153942 0.647618 0.617725 -0.522669 0.587565 -3.94844 3.12456 -0.38426</i>
                        <i>0.225912 0.864493 0.449017 -0.770409 -0.12354 0.625466 0.596182 -0.487227 0.638104 -3.95231 3.11781 -0.394388</i>
                        <i>0.192292 0.900046 0.391076 -0.795966 -0.0900423 0.598607 0.573987 -0.426391 0.699092 -3.95252 3.11988 -0.39995</i>
                        <i>0.15466 0.934637 0.320209 -0.819238 -0.0598304 0.570324 0.552204 -0.350534 0.756437 -3.95039 3.12702 -0.402725</i>
                        <i>0.118879 0.961988 0.245858 -0.838237 -0.0354838 0.54415 0.53219 -0.270776 0.802156 -3.94707 3.13627 -0.40351</i>
                        <i>0.0911135 0.979101 0.181823 -0.852038 -0.0178666 0.523174 0.515489 -0.202589 0.832604 -3.94395 3.14448 -0.403456</i>
                        <i>0.0776543 0.986477 0.144335 -0.860201 -0.00689247 0.509909 0.504009 -0.163753 0.848033 -3.9426 3.14832 -0.40391</i>
                        <i>0.0778983 0.986437 0.144477 -0.86043 -0.00667899 0.509524 0.503578 -0.164003 0.84824 -3.9427 3.1482 -0.404017</i>
                        <i>0.0785972 0.986322 0.144882 -0.861088 -0.00606458 0.508419 0.502344 -0.164716 0.848834 -3.94298 3.14784 -0.404321</i>
                        <i>0.0797018 0.986141 0.145514 -0.862126 -0.00508455 0.506668 0.500386 -0.165834 0.849772 -3.94342 3.14727 -0.404801</i>
                        <i>0.0811635 0.9859 0.146334 -0.863496 -0.00377102 0.504341 0.497782 -0.167293 0.851015 -3.944 3.14652 -0.405435</i>
                        <i>0.0829337 0.985608 0.147304 -0.86515 -0.00215495 0.501508 0.494608 -0.169032 0.852521 -3.9447 3.14561 -0.406199</i>
                        <i>0.0849637 0.985273 0.148385 -0.86704 -0.000267809 0.498238 0.49094 -0.170988 0.854249 -3.94549 3.14456 -0.407072</i>
                        <i>0.0872046 0.984903 0.149539 -0.869119 0.00185688 0.4946 0.486856 -0.173099 0.856159 -3.94637 3.14341 -0.408032</i>
                        <i>0.0896069 0.984505 0.150734 -0.871337 0.00418244 0.490668 0.482434 -0.175307 0.85821 -3.94729 3.14217 -0.409055</i>
                        <i>0.0921204 0.984088 0.151935 -0.873647 0.00666808 0.486515 0.47776 -0.177556 0.86036 -3.94826 3.14087 -0.41012</i>
                        <i>0.0946944 0.983661 0.153116 -0.876002 0.0092683 0.482219 0.472921 -0.179794 0.862566 -3.94923 3.13954 -0.411205</i>
                        <i>0.0972773 0.983231 0.154252 -0.878353 0.0119326 0.477863 0.46801 -0.181973 0.864785 -3.95021 3.13821 -0.412288</i>
                        <i>0.0998168 0.982808 0.155321 -0.880654 0.0146052 0.473535 0.463125 -0.184051 0.866972 -3.95115 3.13689 -0.413347</i>
                        <i>0.10226 0.982401 0.156306 -0.882857 0.0172255 0.469326 0.458374 -0.185989 0.869081 -3.95206 3.13562 -0.41436</i>
                        <i>0.104554 0.982018 0.157193 -0.884915 0.0197285 0.465334 0.453865 -0.187755 0.871065 -3.9529 3.13443 -0.415307</i>
                        <i>0.106643 0.981668 0.15797 -0.886783 0.0220453 0.46166 0.449715 -0.189318 0.872878 -3.95366 3.13335 -0.416165</i>
                        <i>0.108475 0.981362 0.158626 -0.888413 0.0241039 0.458412 0.446044 -0.190651 0.874469 -3.95432 3.13239 -0.416915</i>
                        <i>0.109994 0.981107 0.159153 -0.88976 0.025831 0.455696 0.442976 -0.191732 0.875792 -3.95487 3.1316 -0.417534</i>
                        <i>0.111146 0.980914 0.159543 -0.89078 0.0271526 0.453624 0.440634 -0.192536 0.876796 -3.95528 3.131 -0.418003</i>
                        <i>0.111877 0.980792 0.159786 -0.891425 0.0279961 0.452304 0.439142 -0.193039 0.877434 -3.95554 3.13062 -0.418299</i>
                        <i>0.112132 0.980749 0.15987 -0.89165 0.0282919 0.451841 0.438619 -0.193214 0.877657 -3.95563 3.13049 -0.418403</i>
                        <i>0.111751 0.980726 0.160276 -0.888084 0.026193 0.458934 0.44589 -0.193625 0.873894 -3.95563 3.13059 -0.418285</i>
                        <i>0.110834 0.980886 0.15993 -0.883356 0.0234891 0.468114 0.45541 -0.193158 0.869075 -3.95554 3.13085 -0.418116</i>
                        <i>0.109438 0.981198 0.158979 -0.877516 0.0202442 0.479121 0.466894 -0.191941 0.863232 -3.95536 3.13126 -0.417887</i>
                        <i>0.107622 0.981626 0.157572 -0.870616 0.016525 0.491687 0.480048 -0.1901 0.856397 -3.9551 3.13181 -0.417592</i>
                        <i>0.105444 0.982136 0.155853 -0.862712 0.0123985 0.505544 0.494581 -0.187763 0.848608 -3.95475 3.13249 -0.417223</i>
                        <i>0.102967 0.982696 0.153966 -0.85387 0.00792993 0.520427 0.5102 -0.185054 0.839911 -3.95433 3.13328 -0.416774</i>
                        <i>0.10026 0.983275 0.152046 -0.844166 0.00318124 0.536072 0.526623 -0.182099 0.830366 -3.95383 3.13417 -0.416238</i>
                        <i>0.097395 0.983843 0.150227 -0.833693 -0.00179045 0.552226 0.543572 -0.179027 0.820048 -3.95327 3.13515 -0.41561</i>
                        <i>0.0944524 0.984372 0.148631 -0.822556 -0.00693362 0.568641 0.560785 -0.175967 0.809046 -3.95265 3.1362 -0.414885</i>
                        <i>0.0915178 0.984837 0.147377 -0.810881 -0.0122029 0.585084 0.578011 -0.173051 0.797469 -3.95197 3.13731 -0.414059</i>
                        <i>0.0886828 0.985216 0.146574 -0.798805 -0.0175594 0.601334 0.595018 -0.170412 0.785438 -3.95124 3.13847 -0.413127</i>
                        <i>0.086044 0.985487 0.146325 -0.786483 -0.0229706 0.617184 0.611589 -0.168187 0.773093 -3.95047 3.13966 -0.412088</i>
                        <i>0.0837026 0.98563 0.146724 -0.774085 -0.0284101 0.632445 0.627525 -0.166514 0.760583 -3.94967 3.14087 -0.410937</i>
                        <i>0.0817629 0.985623 0.147859 -0.761789 -0.0338567 0.646939 0.642644 -0.165533 0.748069 -3.94883 3.14207 -0.409674</i>
                        <i>0.0803311 0.985445 0.149813 -0.749789 -0.0392938 0.66051 0.656783 -0.165388 0.735719 -3.94798 3.14326 -0.408295</i>
                        <i>0.0795145 0.985074 0.152664 -0.73828 -0.0447077 0.673011 0.669791 -0.166223 0.723706 -3.94712 3.14443 -0.406799</i>
                        <i>0.0794196 0.984482 0.156485 -0.727467 -0.0500868 0.684313 0.681531 -0.168185 0.7122 -3.94626 3.14554 -0.405185</i>
                        <i>0.0801514 0.983637 0.161351 -0.717554 -0.0554192 0.694295 0.691876 -0.171427 0.70137 -3.94541 3.1466 -0.403451</i>
                        <i>0.0818117 0.982499 0.167337 -0.708746 -0.0606912 0.702848 0.700704 -0.176101 0.691377 -3.94457 3.14757 -0.401597</i>
                        <i>0.0844981 0.981021 0.174523 -0.701245 -0.0658848 0.709869 0.707895 -0.182366 0.682369 -3.94375 3.14846 -0.39962</i>
                        <i>0.0911412 0.979107 0.181779 -0.6965 -0.0677901 0.714347 0.711745 -0.191716 0.675769 -3.94201 3.14945 -0.396295</i>
                        <i>0.104174 0.976084 0.190806 -0.695003 -0.0657872 0.715991 0.71142 -0.207198 0.671528 -3.93911 3.15055 -0.391144</i>
                        <i>0.123067 0.970742 0.206191 -0.695591 -0.063813 0.715598 0.707819 -0.231491 0.667386 -3.93616 3.15146 -0.385295</i>
                        <i>0.147363 0.961269 0.23291 -0.697527 -0.0659501 0.713517 0.701242 -0.267606 0.660792 -3.9343 3.1521 -0.379878</i>
                        <i>0.172711 0.946528 0.2725 -0.700428 -0.0764874 0.709612 0.692511 -0.313424 0.649765 -3.93365 3.15254 -0.374986</i>
                        <i>0.196151 0.924775 0.32606 -0.703743 -0.0987922 0.703552 0.68284 -0.367465 0.631426 -3.93339 3.15293 -0.369754</i>
                        <i>0.219091 0.895609 0.387148 -0.706556 -0.128011 0.695982 0.672887 -0.426026 0.604752 -3.93321 3.15325 -0.364409</i>
                        <i>0.239113 0.863894 0.443297 -0.70827 -0.15712 0.688235 0.664213 -0.47854 0.574301 -3.93305 3.15343 -0.359617</i>
                        <i>0.253334 0.837699 0.483821 -0.708916 -0.179541 0.682058 0.658225 -0.515777 0.548374 -3.93293 3.15349 -0.35614</i>
                        <i>0.258718 0.826837 0.499404 -0.709008 -0.188576 0.67952 0.656028 -0.529886 0.537446 -3.93289 3.15349 -0.354798</i>
                    </KeyFrames>
                </p>
            </i>
            <i>
                <p>
                    <Name><![CDATA[spine2]]></Name>
                    <Exclude>0</Exclude>
                    <Additive>0</Additive>
                    <IKPriority>0</IKPriority>
                    <IKRotLimits>-1e+010 -1e+010 -1e+010 1e+010 1e+010 1e+010</IKRotLimits>
                    <IKRotLimitOrder>0</IKRotLimitOrder>
                    <KeyFrames count="61">
                        <i>0.473509 0.633292 0.612152 -0.70433 -0.145071 0.694891 0.528874 -0.760195 0.377354 -3.89138 3.29042 -0.276887</i>
                        <i>0.477984 0.614268 0.627858 -0.706467 -0.155907 0.69036 0.521954 -0.773542 0.359439 -3.89038 3.28886 -0.272861</i>
                        <i>0.469026 0.622591 0.626415 -0.716453 -0.146526 0.682074 0.516439 -0.768707 0.377332 -3.89269 3.28467 -0.276808</i>
                        <i>0.444404 0.647945 0.618605 -0.742285 -0.120248 0.659207 0.501516 -0.752135 0.427521 -3.89847 3.27571 -0.287024</i>
                        <i>0.40822 0.68932 0.598493 -0.777799 -0.0805766 0.623327 0.477896 -0.719962 0.50326 -3.90597 3.26744 -0.301251</i>
                        <i>0.364204 0.743463 0.560908 -0.817625 -0.0331234 0.574797 0.44592 -0.667956 0.595811 -3.91353 3.26562 -0.317255</i>
                        <i>0.315588 0.803876 0.50417 -0.857262 0.0137418 0.514698 0.406825 -0.594638 0.693469 -3.91993 3.2721 -0.333467</i>
                        <i>0.267566 0.861007 0.432521 -0.892614 0.0524593 0.447759 0.362834 -0.50588 0.782584 -3.92468 3.28251 -0.349157</i>
                        <i>0.225005 0.907596 0.354461 -0.920686 0.0789694 0.382233 0.318921 -0.412351 0.853379 -3.9277 3.29369 -0.363028</i>
                        <i>0.192851 0.939016 0.284707 -0.940087 0.0936783 0.327813 0.281151 -0.330868 0.900822 -3.92936 3.30274 -0.373845</i>
                        <i>0.175956 0.954264 0.241701 -0.950601 0.100929 0.29355 0.255729 -0.281413 0.924883 -3.93029 3.30689 -0.380499</i>
                        <i>0.175937 0.954276 0.241666 -0.950832 0.101173 0.292716 0.254882 -0.281284 0.925157 -3.93035 3.30678 -0.380578</i>
                        <i>0.175885 0.954312 0.241563 -0.951489 0.101874 0.290327 0.252454 -0.280909 0.925936 -3.93051 3.30647 -0.380806</i>
                        <i>0.175807 0.95437 0.241392 -0.952514 0.102986 0.286551 0.248616 -0.280307 0.927156 -3.93076 3.30597 -0.381167</i>
                        <i>0.175714 0.954448 0.241151 -0.953842 0.104465 0.281553 0.243536 -0.279493 0.928749 -3.9311 3.30532 -0.381645</i>
                        <i>0.175617 0.954545 0.240837 -0.95541 0.106267 0.275497 0.237381 -0.27848 0.930645 -3.9315 3.30453 -0.382224</i>
                        <i>0.175526 0.95466 0.240446 -0.957154 0.108346 0.268548 0.230321 -0.277281 0.932774 -3.93195 3.30361 -0.382889</i>
                        <i>0.17545 0.954792 0.239978 -0.95901 0.110657 0.260873 0.222524 -0.275911 0.93507 -3.93245 3.30261 -0.383624</i>
                        <i>0.175398 0.954938 0.239434 -0.960921 0.113152 0.25264 0.214163 -0.27439 0.937467 -3.93297 3.30153 -0.384413</i>
                        <i>0.175376 0.955096 0.238821 -0.962834 0.11578 0.244019 0.20541 -0.27274 0.939904 -3.9335 3.30041 -0.38524</i>
                        <i>0.175386 0.955263 0.238145 -0.964702 0.118488 0.235183 0.196444 -0.270987 0.942325 -3.93404 3.29925 -0.386088</i>
                        <i>0.175429 0.955435 0.237421 -0.966483 0.121221 0.22631 0.187444 -0.269165 0.944677 -3.93457 3.2981 -0.38694</i>
                        <i>0.175504 0.955609 0.236665 -0.968144 0.123921 0.217579 0.178592 -0.267312 0.946916 -3.93508 3.29696 -0.387779</i>
                        <i>0.175607 0.95578 0.235897 -0.969658 0.126531 0.209172 0.170074 -0.265472 0.948999 -3.93557 3.29586 -0.388587</i>
                        <i>0.175729 0.955944 0.235141 -0.971005 0.128989 0.201274 0.162076 -0.263693 0.950893 -3.93601 3.29484 -0.389346</i>
                        <i>0.175863 0.956095 0.234423 -0.972169 0.131235 0.194073 0.154788 -0.262029 0.952566 -3.93641 3.2939 -0.390039</i>
                        <i>0.175997 0.95623 0.233771 -0.973141 0.133208 0.187757 0.148399 -0.260537 0.953991 -3.93675 3.29308 -0.390646</i>
                        <i>0.17612 0.956343 0.233214 -0.973912 0.134847 0.182516 0.1431 -0.259275 0.955143 -3.93704 3.2924 -0.39115</i>
                        <i>0.176221 0.95643 0.232783 -0.974476 0.136091 0.178539 0.139081 -0.258304 0.956 -3.93725 3.29188 -0.391533</i>
                        <i>0.176288 0.956485 0.232506 -0.974824 0.136881 0.176017 0.136532 -0.257682 0.956535 -3.93738 3.29155 -0.391775</i>
                        <i>0.176312 0.956504 0.232408 -0.974944 0.137157 0.175135 0.13564 -0.257463 0.956721 -3.93743 3.29144 -0.39186</i>
                        <i>0.177805 0.956334 0.231973 -0.972482 0.134697 0.190095 0.150548 -0.259389 0.953967 -3.93748 3.29152 -0.391682</i>
                        <i>0.179382 0.956413 0.230426 -0.968992 0.131312 0.209313 0.169932 -0.260828 0.950311 -3.93754 3.29176 -0.391584</i>
                        <i>0.18102 0.956696 0.227957 -0.9643 0.127104 0.232314 0.193279 -0.261872 0.945551 -3.93759 3.29214 -0.391533</i>
                        <i>0.182696 0.957136 0.224752 -0.958225 0.122178 0.258606 0.220061 -0.262609 0.939473 -3.93762 3.29265 -0.391497</i>
                        <i>0.18439 0.957685 0.220999 -0.950596 0.116638 0.287685 0.249735 -0.263127 0.931878 -3.93763 3.29327 -0.391444</i>
                        <i>0.186093 0.958296 0.216882 -0.941271 0.110583 0.31903 0.281742 -0.263514 0.922595 -3.93761 3.29399 -0.391343</i>
                        <i>0.187805 0.958924 0.212589 -0.93015 0.104108 0.352111 0.315516 -0.263868 0.911495 -3.93757 3.29479 -0.391163</i>
                        <i>0.189543 0.959522 0.208304 -0.917189 0.0972979 0.386391 0.350484 -0.264291 0.898505 -3.93748 3.29567 -0.390878</i>
                        <i>0.191337 0.960046 0.204208 -0.902405 0.0902281 0.421335 0.386076 -0.264895 0.883615 -3.93734 3.2966 -0.39046</i>
                        <i>0.193236 0.960451 0.200482 -0.88589 0.0829634 0.456417 0.421734 -0.265801 0.866885 -3.93714 3.29758 -0.389886</i>
                        <i>0.195306 0.960691 0.197301 -0.867802 0.0755565 0.491131 0.456918 -0.26714 0.848447 -3.93688 3.29859 -0.389134</i>
                        <i>0.19763 0.960719 0.194836 -0.848377 0.0680485 0.525 0.49112 -0.26905 0.828501 -3.93654 3.29961 -0.388183</i>
                        <i>0.200303 0.960486 0.193251 -0.827915 0.0604695 0.557584 0.523865 -0.271681 0.807313 -3.93612 3.30064 -0.387015</i>
                        <i>0.203435 0.959937 0.192706 -0.80678 0.0528403 0.588484 0.554725 -0.27519 0.785208 -3.9356 3.30165 -0.385614</i>
                        <i>0.207146 0.959012 0.193354 -0.785388 0.0451743 0.617353 0.583314 -0.27974 0.762555 -3.93498 3.30263 -0.383963</i>
                        <i>0.211561 0.957644 0.195345 -0.764199 0.037481 0.643891 0.609297 -0.285505 0.73976 -3.93426 3.30356 -0.382048</i>
                        <i>0.216805 0.955753 0.198826 -0.743701 0.0297695 0.667849 0.632379 -0.292661 0.717249 -3.93341 3.30443 -0.379855</i>
                        <i>0.223003 0.953245 0.203945 -0.724405 0.0220536 0.689021 0.652308 -0.301393 0.695454 -3.93244 3.30521 -0.377371</i>
                        <i>0.230271 0.950009 0.21085 -0.706826 0.0143571 0.707241 0.668859 -0.311891 0.674798 -3.93134 3.30589 -0.374582</i>
                        <i>0.238708 0.945913 0.219698 -0.691474 0.00672064 0.722371 0.681823 -0.324351 0.655678 -3.93009 3.30643 -0.371473</i>
                        <i>0.254886 0.938847 0.231515 -0.680061 0.00383857 0.733146 0.687423 -0.344313 0.639451 -3.92729 3.30687 -0.367034</i>
                        <i>0.28255 0.926321 0.24919 -0.673304 0.00648456 0.739337 0.683247 -0.37668 0.625528 -3.92234 3.30705 -0.360522</i>
                        <i>0.317454 0.907255 0.275882 -0.670248 0.00886802 0.742084 0.670813 -0.420487 0.610902 -3.91642 3.30677 -0.352282</i>
                        <i>0.355182 0.880163 0.314893 -0.67053 0.00517222 0.741864 0.651333 -0.474642 0.592013 -3.91066 3.30589 -0.342583</i>
                        <i>0.389257 0.844739 0.36728 -0.674473 -0.0101737 0.73823 0.627348 -0.535081 0.565794 -3.90588 3.30438 -0.331225</i>
                        <i>0.417434 0.79803 0.434623 -0.681879 -0.0410648 0.730312 0.600658 -0.601217 0.527018 -3.90171 3.30191 -0.317153</i>
                        <i>0.441863 0.740002 0.507103 -0.690652 -0.0801332 0.718734 0.5725 -0.667814 0.475676 -3.89762 3.29831 -0.301598</i>
                        <i>0.461019 0.680411 0.569651 -0.698671 -0.117461 0.705735 0.547101 -0.723356 0.421232 -3.894 3.2941 -0.2873</i>
                        <i>0.473509 0.633292 0.612152 -0.70433 -0.145071 0.694891 0.528874 -0.760195 0.377354 -3.89138 3.29042 -0.276887</i>
                        <i>0.477984 0.614268 0.627858 -0.706467 -0.155907 0.69036 0.521954 -0.773542 0.359439 -3.89038 3.28886 -0.272861</i>
                    </KeyFrames>
                </p>
            </i>
            <i>
                <p>
                    <Name><![CDATA[head]]></Name>
                    <Exclude>0</Exclude>
                    <Additive>0</Additive>
                    <IKPriority>0</IKPriority>
                    <IKRotLimits>-1e+010 -1e+010 -1e+010 1e+010 1e+010 1e+010</IKRotLimits>
                    <IKRotLimitOrder>0</IKRotLimitOrder>
                    <KeyFrames count="61">
                        <i>0.0425475 0.992133 0.11774 -0.215938 0.124193 -0.968477 -0.97548 0.0157818 0.219523 -3.76943 3.46218 -0.123498</i>
                        <i>0.0477926 0.991844 0.118161 -0.223382 0.125913 -0.966564 -0.973559 0.0197996 0.227578 -3.76713 3.45577 -0.115066</i>
                        <i>0.0517474 0.992889 0.10721 -0.202745 0.115563 -0.972389 -0.977863 0.0285824 0.207283 -3.7718 3.45505 -0.119369</i>
                        <i>0.0621796 0.994986 0.0783377 -0.145411 0.0866832 -0.985567 -0.987415 0.049891 0.150072 -3.78429 3.45548 -0.131785</i>
                        <i>0.0764777 0.996352 0.0378676 -0.0578966 0.0423524 -0.997424 -0.995389 0.0740883 0.0609243 -3.80204 3.46063 -0.152086</i>
                        <i>0.0914382 0.995775 -0.00844764 0.0518621 -0.0132336 -0.998567 -0.994459 0.0908691 -0.0528531 -3.82237 3.47391 -0.179721</i>
                        <i>0.103865 0.992994 -0.0563439 0.173329 -0.073855 -0.982091 -0.979372 0.0922385 -0.179786 -3.84258 3.49486 -0.213143</i>
                        <i>0.111635 0.988398 -0.102994 0.293982 -0.13185 -0.946673 -0.949269 0.0754033 -0.305291 -3.86027 3.5174 -0.249569</i>
                        <i>0.114506 0.982655 -0.14587 0.401336 -0.180078 -0.898054 -0.908745 0.04429 -0.414994 -3.87399 3.53736 -0.284817</i>
                        <i>0.114019 0.976792 -0.181323 0.485044 -0.214015 -0.847898 -0.867025 0.00872693 -0.498188 -3.88322 3.55175 -0.313897</i>
                        <i>0.112548 0.972464 -0.204075 0.537603 -0.232319 -0.810562 -0.835653 -0.0184844 -0.548946 -3.88805 3.55842 -0.33165</i>
                        <i>0.112466 0.972362 -0.204607 0.539907 -0.232664 -0.80893 -0.834177 -0.0194914 -0.551152 -3.88813 3.55834 -0.331767</i>
                        <i>0.112253 0.972068 -0.206113 0.546478 -0.233631 -0.804225 -0.829916 -0.0223595 -0.55744 -3.88836 3.5581 -0.332101</i>
                        <i>0.111979 0.971603 -0.208445 0.556777 -0.235091 -0.7967 -0.82308 -0.0268437 -0.567291 -3.88873 3.55772 -0.332631</i>
                        <i>0.111729 0.970985 -0.211435 0.570236 -0.236896 -0.786582 -0.813847 -0.0326839 -0.580159 -3.8892 3.55722 -0.333336</i>
                        <i>0.111593 0.970238 -0.214907 0.586277 -0.238891 -0.774087 -0.802388 -0.0396123 -0.595486 -3.88977 3.55661 -0.334194</i>
                        <i>0.111653 0.969387 -0.218685 0.604314 -0.240929 -0.759446 -0.788884 -0.0473598 -0.612714 -3.8904 3.55591 -0.335186</i>
                        <i>0.111973 0.968459 -0.222595 0.623771 -0.242875 -0.742914 -0.773545 -0.055662 -0.631293 -3.89108 3.55514 -0.336288</i>
