<?xml version="1.0" encoding="ISO-8859-1" ?>
<Animl Version="1">
    <ModellingPackage><![CDATA[Maya.2010]]></ModellingPackage>
    <SrcFile><![CDATA[anims\turrets\antiair\red\~src\aa_zu232\aa_zu232_aim_random_crewman_a.mb]]></SrcFile>
    <FramesPerSecond>30</FramesPerSecond>
    <TotalFrames>61</TotalFrames>
    <Skeleton>
        <RefFrame>
            <Name><![CDATA[soldier_ref_frame]]></Name>
            <Exclude>0</Exclude>
            <Additive>0</Additive>
            <IKPriority>0</IKPriority>
            <IKRotLimits>-1e+010 -1e+010 -1e+010 1e+010 1e+010 1e+010</IKRotLimits>
            <IKRotLimitOrder>0</IKRotLimitOrder>
            <KeyFrames count="61">
                <i>1 0 0 0 1 0 0 0 1 1.52 2.68 -2.28</i>
                <i>1 0 0 0 1 0 0 0 1 1.52 2.68 -2.28</i>
                <i>1 0 0 0 1 0 0 0 1 1.52 2.68 -2.28</i>
                <i>1 0 0 0 1 0 0 0 1 1.52 2.68 -2.28</i>
                <i>1 0 0 0 1 0 0 0 1 1.52 2.68 -2.28</i>
                <i>1 0 0 0 1 0 0 0 1 1.52 2.68 -2.28</i>
                <i>1 0 0 0 1 0 0 0 1 1.52 2.68 -2.28</i>
                <i>1 0 0 0 1 0 0 0 1 1.52 2.68 -2.28</i>
                <i>1 0 0 0 1 0 0 0 1 1.52 2.68 -2.28</i>
                <i>1 0 0 0 1 0 0 0 1 1.52 2.68 -2.28</i>
                <i>1 0 0 0 1 0 0 0 1 1.52 2.68 -2.28</i>
                <i>1 0 0 0 1 0 0 0 1 1.52 2.68 -2.28</i>
                <i>1 0 0 0 1 0 0 0 1 1.52 2.68 -2.28</i>
                <i>1 0 0 0 1 0 0 0 1 1.52 2.68 -2.28</i>
                <i>1 0 0 0 1 0 0 0 1 1.52 2.68 -2.28</i>
                <i>1 0 0 0 1 0 0 0 1 1.52 2.68 -2.28</i>
                <i>1 0 0 0 1 0 0 0 1 1.52 2.68 -2.28</i>
                <i>1 0 0 0 1 0 0 0 1 1.52 2.68 -2.28</i>
                <i>1 0 0 0 1 0 0 0 1 1.52 2.68 -2.28</i>
                <i>1 0 0 0 1 0 0 0 1 1.52 2.68 -2.28</i>
                <i>1 0 0 0 1 0 0 0 1 1.52 2.68 -2.28</i>
                <i>1 0 0 0 1 0 0 0 1 1.52 2.68 -2.28</i>
                <i>1 0 0 0 1 0 0 0 1 1.52 2.68 -2.28</i>
                <i>1 0 0 0 1 0 0 0 1 1.52 2.68 -2.28</i>
                <i>1 0 0 0 1 0 0 0 1 1.52 2.68 -2.28</i>
                <i>1 0 0 0 1 0 0 0 1 1.52 2.68 -2.28</i>
                <i>1 0 0 0 1 0 0 0 1 1.52 2.68 -2.28</i>
                <i>1 0 0 0 1 0 0 0 1 1.52 2.68 -2.28</i>
                <i>1 0 0 0 1 0 0 0 1 1.52 2.68 -2.28</i>
                <i>1 0 0 0 1 0 0 0 1 1.52 2.68 -2.28</i>
                <i>1 0 0 0 1 0 0 0 1 1.52 2.68 -2.28</i>
                <i>1 0 0 0 1 0 0 0 1 1.52 2.68 -2.28</i>
                <i>1 0 0 0 1 0 0 0 1 1.52 2.68 -2.28</i>
                <i>1 0 0 0 1 0 0 0 1 1.52 2.68 -2.28</i>
                <i>1 0 0 0 1 0 0 0 1 1.52 2.68 -2.28</i>
                <i>1 0 0 0 1 0 0 0 1 1.52 2.68 -2.28</i>
                <i>1 0 0 0 1 0 0 0 1 1.52 2.68 -2.28</i>
                <i>1 0 0 0 1 0 0 0 1 1.52 2.68 -2.28</i>
                <i>1 0 0 0 1 0 0 0 1 1.52 2.68 -2.28</i>
                <i>1 0 0 0 1 0 0 0 1 1.52 2.68 -2.28</i>
                <i>1 0 0 0 1 0 0 0 1 1.52 2.68 -2.28</i>
                <i>1 0 0 0 1 0 0 0 1 1.52 2.68 -2.28</i>
                <i>1 0 0 0 1 0 0 0 1 1.52 2.68 -2.28</i>
                <i>1 0 0 0 1 0 0 0 1 1.52 2.68 -2.28</i>
                <i>1 0 0 0 1 0 0 0 1 1.52 2.68 -2.28</i>
                <i>1 0 0 0 1 0 0 0 1 1.52 2.68 -2.28</i>
                <i>1 0 0 0 1 0 0 0 1 1.52 2.68 -2.28</i>
                <i>1 0 0 0 1 0 0 0 1 1.52 2.68 -2.28</i>
                <i>1 0 0 0 1 0 0 0 1 1.52 2.68 -2.28</i>
                <i>1 0 0 0 1 0 0 0 1 1.52 2.68 -2.28</i>
                <i>1 0 0 0 1 0 0 0 1 1.52 2.68 -2.28</i>
                <i>1 0 0 0 1 0 0 0 1 1.52 2.68 -2.28</i>
                <i>1 0 0 0 1 0 0 0 1 1.52 2.68 -2.28</i>
                <i>1 0 0 0 1 0 0 0 1 1.52 2.68 -2.28</i>
                <i>1 0 0 0 1 0 0 0 1 1.52 2.68 -2.28</i>
                <i>1 0 0 0 1 0 0 0 1 1.52 2.68 -2.28</i>
                <i>1 0 0 0 1 0 0 0 1 1.52 2.68 -2.28</i>
                <i>1 0 0 0 1 0 0 0 1 1.52 2.68 -2.28</i>
                <i>1 0 0 0 1 0 0 0 1 1.52 2.68 -2.28</i>
                <i>1 0 0 0 1 0 0 0 1 1.52 2.68 -2.28</i>
                <i>1 0 0 0 1 0 0 0 1 1.52 2.68 -2.28</i>
            </KeyFrames>
        </RefFrame>
        <Bones count="23">
            <i>
                <p>
                    <Name><![CDATA[pelvis]]></Name>
                    <Exclude>0</Exclude>
                    <Additive>0</Additive>
                    <IKPriority>0</IKPriority>
                    <IKRotLimits>-1e+010 -1e+010 -1e+010 1e+010 1e+010 1e+010</IKRotLimits>
                    <IKRotLimitOrder>2</IKRotLimitOrder>
                    <KeyFrames count="61">
                        <i>1 0 0 0 1 0 0 0 1 1.52484 3.81247 -2.2973</i>
                        <i>1 0 0 0 1 0 0 0 1 1.52484 3.81247 -2.2973</i>
                        <i>1 0 0 0 1 0 0 0 1 1.52484 3.81247 -2.2973</i>
                        <i>1 0 0 0 1 0 0 0 1 1.52484 3.81247 -2.2973</i>
                        <i>1 0 0 0 1 0 0 0 1 1.52484 3.81247 -2.2973</i>
                        <i>1 0 0 0 1 0 0 0 1 1.52484 3.81247 -2.2973</i>
                        <i>1 0 0 0 1 0 0 0 1 1.52484 3.81247 -2.2973</i>
                        <i>1 0 0 0 1 0 0 0 1 1.52484 3.81247 -2.2973</i>
                        <i>1 0 0 0 1 0 0 0 1 1.52484 3.81247 -2.2973</i>
                        <i>1 0 0 0 1 0 0 0 1 1.52484 3.81247 -2.2973</i>
                        <i>1 0 0 0 1 0 0 0 1 1.52484 3.81247 -2.2973</i>
                        <i>1 0 0 0 1 0 0 0 1 1.52484 3.81247 -2.2973</i>
                        <i>1 0 0 0 1 0 0 0 1 1.52484 3.81247 -2.2973</i>
                        <i>1 0 0 0 1 0 0 0 1 1.52484 3.81247 -2.2973</i>
                        <i>1 0 0 0 1 0 0 0 1 1.52484 3.81247 -2.2973</i>
                        <i>1 0 0 0 1 0 0 0 1 1.52484 3.81247 -2.2973</i>
                        <i>1 0 0 0 1 0 0 0 1 1.52484 3.81247 -2.2973</i>
                        <i>1 0 0 0 1 0 0 0 1 1.52484 3.81247 -2.2973</i>
                        <i>1 0 0 0 1 0 0 0 1 1.52484 3.81247 -2.2973</i>
                        <i>1 0 0 0 1 0 0 0 1 1.52484 3.81247 -2.2973</i>
                        <i>1 0 0 0 1 0 0 0 1 1.52484 3.81247 -2.2973</i>
                        <i>1 0 0 0 1 0 0 0 1 1.52484 3.81247 -2.2973</i>
                        <i>1 0 0 0 1 0 0 0 1 1.52484 3.81247 -2.2973</i>
                        <i>1 0 0 0 1 0 0 0 1 1.52484 3.81247 -2.2973</i>
                        <i>1 0 0 0 1 0 0 0 1 1.52484 3.81247 -2.2973</i>
                        <i>1 0 0 0 1 0 0 0 1 1.52484 3.81247 -2.2973</i>
                        <i>1 0 0 0 1 0 0 0 1 1.52484 3.81247 -2.2973</i>
                        <i>1 0 0 0 1 0 0 0 1 1.52484 3.81247 -2.2973</i>
                        <i>1 0 0 0 1 0 0 0 1 1.52484 3.81247 -2.2973</i>
                        <i>1 0 0 0 1 0 0 0 1 1.52484 3.81247 -2.2973</i>
                        <i>1 0 0 0 1 0 0 0 1 1.52484 3.81247 -2.2973</i>
                        <i>1 0 0 0 1 0 0 0 1 1.52484 3.81247 -2.2973</i>
                        <i>1 0 0 0 1 0 0 0 1 1.52484 3.81247 -2.2973</i>
                        <i>1 0 0 0 1 0 0 0 1 1.52484 3.81247 -2.2973</i>
                        <i>1 0 0 0 1 0 0 0 1 1.52484 3.81247 -2.2973</i>
                        <i>1 0 0 0 1 0 0 0 1 1.52484 3.81247 -2.2973</i>
                        <i>1 0 0 0 1 0 0 0 1 1.52484 3.81247 -2.2973</i>
                        <i>1 0 0 0 1 0 0 0 1 1.52484 3.81247 -2.2973</i>
                        <i>1 0 0 0 1 0 0 0 1 1.52484 3.81247 -2.2973</i>
                        <i>1 0 0 0 1 0 0 0 1 1.52484 3.81247 -2.2973</i>
                        <i>1 0 0 0 1 0 0 0 1 1.52484 3.81247 -2.2973</i>
                        <i>1 0 0 0 1 0 0 0 1 1.52484 3.81247 -2.2973</i>
                        <i>1 0 0 0 1 0 0 0 1 1.52484 3.81247 -2.2973</i>
                        <i>1 0 0 0 1 0 0 0 1 1.52484 3.81247 -2.2973</i>
                        <i>1 0 0 0 1 0 0 0 1 1.52484 3.81247 -2.2973</i>
                        <i>1 0 0 0 1 0 0 0 1 1.52484 3.81247 -2.2973</i>
                        <i>1 0 0 0 1 0 0 0 1 1.52484 3.81247 -2.2973</i>
                        <i>1 0 0 0 1 0 0 0 1 1.52484 3.81247 -2.2973</i>
                        <i>1 0 0 0 1 0 0 0 1 1.52484 3.81247 -2.2973</i>
                        <i>1 0 0 0 1 0 0 0 1 1.52484 3.81247 -2.2973</i>
                        <i>1 0 0 0 1 0 0 0 1 1.52484 3.81247 -2.2973</i>
                        <i>1 0 0 0 1 0 0 0 1 1.52484 3.81247 -2.2973</i>
                        <i>1 0 0 0 1 0 0 0 1 1.52484 3.81247 -2.2973</i>
                        <i>1 0 0 0 1 0 0 0 1 1.52484 3.81247 -2.2973</i>
                        <i>1 0 0 0 1 0 0 0 1 1.52484 3.81247 -2.2973</i>
                        <i>1 0 0 0 1 0 0 0 1 1.52484 3.81247 -2.2973</i>
                        <i>1 0 0 0 1 0 0 0 1 1.52484 3.81247 -2.2973</i>
                        <i>1 0 0 0 1 0 0 0 1 1.52484 3.81247 -2.2973</i>
                        <i>1 0 0 0 1 0 0 0 1 1.52484 3.81247 -2.2973</i>
                        <i>1 0 0 0 1 0 0 0 1 1.52484 3.81247 -2.2973</i>
                        <i>1 0 0 0 1 0 0 0 1 1.52484 3.81247 -2.2973</i>
                    </KeyFrames>
                </p>
            </i>
            <i>
                <p>
                    <Name><![CDATA[spine0]]></Name>
                    <Exclude>0</Exclude>
                    <Additive>0</Additive>
                    <IKPriority>0</IKPriority>
                    <IKRotLimits>-1e+010 -1e+010 -1e+010 1e+010 1e+010 1e+010</IKRotLimits>
                    <IKRotLimitOrder>0</IKRotLimitOrder>
                    <KeyFrames count="61">
                        <i>-0.0481003 0.99411 0.0971118 -0.998831 -0.0483377 9.20585e-005 0.00478568 -0.0969939 0.995273 1.52484 3.94804 -2.34546</i>
                        <i>-0.0482759 0.993917 0.0989909 -0.998823 -0.0485141 -3.05034e-014 0.00480246 -0.0988743 0.995088 1.52484 3.94813 -2.3452</i>
                        <i>-0.0463278 0.994789 0.0908212 -0.998917 -0.0465307 0.000116476 0.00434184 -0.0907175 0.995867 1.52484 3.94801 -2.34554</i>
                        <i>-0.0413663 0.996694 0.0699336 -0.999139 -0.0414948 0.000384315 0.00328492 -0.0698575 0.997552 1.52484 3.94768 -2.34645</i>
                        <i>-0.0347654 0.998533 0.0415151 -0.999393 -0.0348231 0.000666868 0.00211157 -0.0414668 0.999138 1.52484 3.94718 -2.34779</i>
                        <i>-0.0274742 0.99957 0.0102912 -0.999622 -0.0274845 0.000853261 0.00113574 -0.0102639 0.999947 1.52484 3.94657 -2.34939</i>
                        <i>-0.0196631 0.999605 -0.0200947 -0.999807 -0.0196498 0.000861144 0.000465948 0.0201077 0.999798 1.52484 3.9459 -2.35109</i>
                        <i>-0.0113737 0.998802 -0.0475956 -0.999935 -0.0113561 0.000640082 9.88149e-005 0.0475998 0.998866 1.52484 3.94522 -2.35276</i>
                        <i>-0.00302642 0.997516 -0.0703723 -0.999995 -0.00301956 0.000203928 -9.0714e-006 0.0703726 0.997521 1.52484 3.94459 -2.35423</i>
                        <i>0.00449874 0.996167 -0.0873576 -0.99999 0.00448603 -0.000341843 5.13559e-005 0.0873582 0.996177 1.52484 3.94409 -2.35537</i>
                        <i>0.0100511 0.995153 -0.0978257 -0.999949 0.0100196 -0.00081379 0.000170329 0.097829 0.995203 1.52484 3.9438 -2.35602</i>
                        <i>0.00853142 0.994937 -0.100135 -0.999964 0.00850499 -0.000690775 0.00016437 0.100137 0.994974 1.52484 3.9438 -2.35602</i>
                        <i>0.00509362 0.994373 -0.105809 -0.999987 0.00507848 -0.000412474 0.000127196 0.10581 0.994386 1.52484 3.9438 -2.35602</i>
                        <i>0.0014205 0.993597 -0.112972 -0.999999 0.00141657 -0.000115054 4.57152e-005 0.112972 0.993598 1.52484 3.9438 -2.35602</i>
                        <i>-0.000817566 0.992803 -0.119759 -1 -0.000815503 6.62351e-005 -3.19057e-005 0.119759 0.992803 1.52484 3.9438 -2.35602</i>
                        <i>2.95149e-005 0.992243 -0.124316 -1 2.9446e-005 -2.39172e-006 1.28746e-006 0.124316 0.992243 1.52484 3.9438 -2.35602</i>
                        <i>0.0049692 0.992001 -0.12613 -0.999988 0.00495801 -0.000402689 0.000225884 0.12613 0.992014 1.52484 3.9438 -2.35602</i>
                        <i>0.0129136 0.992013 -0.12547 -0.999916 0.0128842 -0.00104645 0.000578484 0.125473 0.992097 1.52484 3.9438 -2.35602</i>
                        <i>0.0222803 0.992198 -0.122668 -0.999751 0.0222268 -0.00180525 0.000935343 0.122678 0.992446 1.52484 3.9438 -2.35602</i>
                        <i>0.0314638 0.992443 -0.118606 -0.999504 0.031383 -0.00254893 0.00119256 0.118628 0.992938 1.52484 3.9438 -2.35602</i>
                        <i>0.0389577 0.992781 -0.113435 -0.99924 0.0388506 -0.00315544 0.00127436 0.113472 0.99354 1.52484 3.9438 -2.35602</i>
                        <i>0.0433061 0.993281 -0.107316 -0.999061 0.0431792 -0.00350701 0.00115037 0.107367 0.994219 1.52484 3.9438 -2.35602</i>
                        <i>0.0413276 0.994235 -0.0989434 -0.999145 0.0411987 -0.00334616 0.000749481 0.0989972 0.995087 1.52484 3.9438 -2.35602</i>
                        <i>0.0340481 0.99549 -0.0885445 -0.99942 0.0339374 -0.00275639 0.000261009 0.088587 0.996068 1.52484 3.9438 -2.35602</i>
                        <i>0.0263108 0.996558 -0.0786155 -0.999654 0.0262245 -0.00212995 -6.09667e-005 0.0786443 0.996903 1.52484 3.9438 -2.35602</i>
                        <i>0.022942 0.997162 -0.0717073 -0.999737 0.0228677 -0.00185731 -0.000212259 0.0717311 0.997424 1.52484 3.9438 -2.35602</i>
                        <i>0.0251539 0.997459 -0.0666602 -0.999683 0.0250739 -0.0020365 -0.000359892 0.0666903 0.997774 1.52484 3.9438 -2.35602</i>
                        <i>0.0305534 0.997506 -0.0636195 -0.999533 0.0304577 -0.00247377 -0.000529897 0.0636654 0.997971 1.52484 3.9438 -2.35602</i>
                        <i>0.0365815 0.997414 -0.0618567 -0.99933 0.0364681 -0.00296194 -0.000698482 0.0619236 0.998081 1.52484 3.9438 -2.35602</i>
                        <i>0.0407101 0.997328 -0.060655 -0.999171 0.0405848 -0.00329629 -0.000825813 0.0607389 0.998153 1.52484 3.9438 -2.35602</i>
                        <i>0.0428358 0.997277 -0.0600296 -0.999082 0.0427045 -0.00346846 -0.000895479 0.060123 0.998191 1.52484 3.9438 -2.35602</i>
                        <i>0.0434742 0.997545 -0.054904 -0.999054 0.0433462 -0.00352057 -0.00113205 0.0550051 0.998485 1.52484 3.9438 -2.35602</i>
                        <i>0.0421394 0.997966 -0.0478269 -0.999111 0.0420242 -0.0034132 -0.00139637 0.0479282 0.99885 1.52484 3.9438 -2.35602</i>
                        <i>0.0385003 0.998334 -0.0429828 -0.999258 0.0384017 -0.00311898 -0.00146317 0.0430709 0.999071 1.52484 3.9438 -2.35602</i>
                        <i>0.0340538 0.99843 -0.0444774 -0.999419 0.0339646 -0.0027586 -0.00124361 0.0445455 0.999007 1.52484 3.9438 -2.35602</i>
                        <i>0.03035 0.998127 -0.0531215 -0.999539 0.0302621 -0.00245788 -0.000845712 0.0531716 0.998585 1.52484 3.9438 -2.35602</i>
                        <i>0.0279784 0.997458 -0.0655404 -0.999608 0.0278899 -0.00226522 -0.00043154 0.0655781 0.997847 1.52484 3.9438 -2.35602</i>
                        <i>0.0259372 0.996481 -0.0797033 -0.999664 0.0258521 -0.0020997 -3.18192e-005 0.0797309 0.996816 1.52484 3.9438 -2.35602</i>
                        <i>0.023968 0.995333 -0.0934764 -0.999713 0.0238912 -0.00194044 0.000301879 0.093496 0.99562 1.52484 3.9438 -2.35602</i>
                        <i>0.021853 0.994261 -0.104729 -0.999761 0.0217875 -0.00176958 0.000522359 0.104743 0.994499 1.52484 3.9438 -2.35602</i>
                        <i>0.019455 0.993591 -0.111352 -0.999811 0.0194002 -0.00157568 0.000594665 0.111361 0.99378 1.52484 3.9438 -2.35602</i>
                        <i>0.0171018 0.993607 -0.111589 -0.999854 0.0170538 -0.00138511 0.000526758 0.111596 0.993753 1.52484 3.9438 -2.35602</i>
                        <i>0.0145961 0.993728 -0.110865 -0.999893 0.0145547 -0.00118213 0.000438885 0.11087 0.993835 1.52484 3.9438 -2.35602</i>
                        <i>0.0121326 0.993927 -0.109369 -0.999926 0.0120978 -0.000982578 0.000346513 0.109373 0.994001 1.52484 3.9438 -2.35602</i>
                        <i>0.00990715 0.994178 -0.107292 -0.999951 0.00987809 -0.000802297 0.000262212 0.107294 0.994227 1.52484 3.9438 -2.35602</i>
                        <i>0.00811485 0.994458 -0.10482 -0.999967 0.00809054 -0.000657112 0.000194577 0.104822 0.994491 1.52484 3.9438 -2.35602</i>
                        <i>0.00724236 0.99475 -0.102082 -0.999974 0.00722022 -0.000586425 0.000153705 0.102083 0.994776 1.52484 3.9438 -2.35602</i>
                        <i>0.00734686 0.99503 -0.0993033 -0.999973 0.00732399 -0.000594853 0.000135399 0.099305 0.995057 1.52484 3.9438 -2.35602</i>
                        <i>0.00797496 0.995269 -0.0968334 -0.999968 0.00794979 -0.000645681 0.000127179 0.0968354 0.9953 1.52484 3.9438 -2.35602</i>
                        <i>0.00867639 0.995434 -0.0950524 -0.999962 0.00864878 -0.000702453 0.000122842 0.0950549 0.995472 1.52484 3.9438 -2.35602</i>
                        <i>0.00900797 0.995497 -0.0943675 -0.999959 0.00897922 -0.000729291 0.00012134 0.0943702 0.995537 1.52484 3.9438 -2.35602</i>
                        <i>-0.000574818 0.997092 -0.0762109 -1 -0.000573181 4.33522e-005 -4.56555e-007 0.0762109 0.997092 1.52484 3.94413 -2.35529</i>
                        <i>-0.0126072 0.998699 -0.0494175 -0.99992 -0.0125806 0.000849557 0.000226752 0.0494242 0.998778 1.52484 3.94459 -2.35423</i>
                        <i>-0.0244356 0.99955 -0.0174276 -0.999701 -0.0244147 0.00140736 0.00098124 0.0174568 0.999847 1.52484 3.94515 -2.35293</i>
                        <i>-0.0340067 0.999298 0.0157218 -0.999419 -0.0340359 0.00158996 0.00212394 -0.0156586 0.999875 1.52484 3.94574 -2.35148</i>
                        <i>-0.0404168 0.998146 0.0455123 -0.999178 -0.0405241 0.00143742 0.0032791 -0.0454168 0.998963 1.52484 3.94634 -2.34998</i>
                        <i>-0.044018 0.996738 0.067642 -0.999022 -0.0441928 0.00108899 0.00407472 -0.0675279 0.997709 1.52484 3.94691 -2.34853</i>
                        <i>-0.0461172 0.995541 0.0822861 -0.998926 -0.0463312 0.000692808 0.00450213 -0.0821657 0.996608 1.52484 3.9474 -2.34722</i>
                        <i>-0.0474292 0.994665 0.0916089 -0.998864 -0.0476607 0.000339908 0.00470424 -0.0914887 0.995795 1.52484 3.94778 -2.34617</i>
                        <i>-0.0481003 0.99411 0.0971118 -0.998831 -0.0483377 9.20585e-005 0.00478568 -0.0969939 0.995273 1.52484 3.94804 -2.34546</i>
                        <i>-0.0482759 0.993917 0.0989909 -0.998823 -0.0485141 -3.05034e-014 0.00480246 -0.0988743 0.995088 1.52484 3.94813 -2.3452</i>
                    </KeyFrames>
                </p>
            </i>
            <i>
                <p>
                    <Name><![CDATA[spine1]]></Name>
                    <Exclude>0</Exclude>
                    <Additive>0</Additive>
                    <IKPriority>0</IKPriority>
                    <IKRotLimits>-1e+010 -1e+010 -1e+010 1e+010 1e+010 1e+010</IKRotLimits>
                    <IKRotLimitOrder>0</IKRotLimitOrder>
                    <KeyFrames count="61">
                        <i>-0.0122151 0.907401 0.420088 -0.999815 -0.0173354 0.0083729 0.01488 -0.419908 0.907444 1.51649 4.12055 -2.32862</i>
                        <i>-0.0082507 0.900042 0.435725 -0.999832 -0.0145562 0.0111352 0.0163647 -0.43556 0.900011 1.51645 4.12093 -2.328</i>
                        <i>-0.00734794 0.903137 0.42929 -0.999827 -0.0139838 0.0123054 0.0171165 -0.429125 0.903083 1.51678 4.1211 -2.32975</i>
                        <i>-0.00515962 0.912718 0.408557 -0.999779 -0.0130348 0.0164937 0.0203796 -0.408382 0.912584 1.51763 4.12138 -2.33428</i>
                        <i>-0.00259765 0.928505 0.371312 -0.999618 -0.0126265 0.0245807 0.0275117 -0.371106 0.928183 1.51878 4.12139 -2.34056</i>
                        <i>-0.000610238 0.948959 0.3154 -0.999246 -0.012819 0.0366359 0.0388091 -0.31514 0.948251 1.52005 4.12081 -2.34761</i>
                        <i>8.13913e-005 0.970241 0.24214 -0.99862 -0.0126372 0.0509722 0.0525154 -0.24181 0.968901 1.52142 4.1196 -2.3546</i>
                        <i>-0.000665035 0.986972 0.160893 -0.997841 -0.0112218 0.0647138 0.0656762 -0.160503 0.984848 1.52287 4.11813 -2.36101</i>
                        <i>-0.00248847 0.996623 0.0820805 -0.997081 -0.00873665 0.0758517 0.0763126 -0.0816521 0.993735 1.52432 4.11677 -2.36639</i>
                        <i>-0.00456887 0.999854 0.0164786 -0.996487 -0.00593032 0.0835407 0.0836262 -0.016039 0.996368 1.52562 4.11577 -2.37043</i>
                        <i>-0.00583052 0.999663 -0.0252775 -0.996114 -0.00358457 0.0880034 0.0878831 0.0256924 0.995799 1.52657 4.11524 -2.37288</i>
                        <i>-0.00670319 0.999545 -0.0294091 -0.996077 -0.00407903 0.0883983 0.0882381 0.0298863 0.995651 1.52631 4.11524 -2.37328</i>
                        <i>-0.008726 0.999171 -0.0397647 -0.996002 -0.00514912 0.0891814 0.0889027 0.0403839 0.995221 1.52572 4.11523 -2.37427</i>
                        <i>-0.0110063 0.998519 -0.0532806 -0.99594 -0.00618592 0.0898044 0.0893418 0.0540527 0.994533 1.52509 4.1152 -2.37552</i>
                        <i>-0.0126567 0.99768 -0.0668964 -0.995929 -0.00660629 0.0899032 0.0892527 0.0677619 0.993701 1.5247 4.11517 -2.3767</i>
                        <i>-0.0127989 0.996905 -0.077568 -0.995991 -0.00584161 0.0892646 0.0885352 0.0783995 0.992983 1.52485 4.11514 -2.3775</i>
                        <i>-0.0108187 0.996501 -0.082883 -0.996167 -0.00354579 0.087399 0.0867992 0.0835109 0.992719 1.5257 4.11515 -2.37782</i>
                        <i>-0.00701062 0.996706 -0.0807901 -0.996427 -0.000162526 0.0844606 0.0841693 0.0810935 0.993146 1.52707 4.11524 -2.37772</i>
                        <i>-0.00215028 0.997359 -0.0725915 -0.996693 0.0037588 0.0811672 0.0812258 0.072526 0.994054 1.52869 4.11539 -2.37725</i>
                        <i>0.00283 0.998096 -0.0616067 -0.996907 0.00765478 0.0782214 0.0785441 0.0611948 0.995031 1.53029 4.11557 -2.37656</i>
                        <i>0.00719731 0.998804 -0.0483568 -0.99702 0.0108819 0.0763701 0.076805 0.047663 0.995906 1.53159 4.11576 -2.37568</i>
                        <i>0.0102092 0.999392 -0.0333449 -0.996995 0.012734 0.0764074 0.0767855 0.0324646 0.996519 1.53235 4.11595 -2.37463</i>
                        <i>0.0102774 0.999814 -0.0163498 -0.996639 0.011571 0.0811036 0.0812776 0.0154613 0.996572 1.532 4.11608 -2.37318</i>
                        <i>0.0079007 0.999967 0.00197657 -0.995903 0.00769049 0.0901028 0.0900846 -0.00268034 0.99593 1.53074 4.11617 -2.37137</i>
                        <i>0.00538464 0.999788 0.0198519 -0.995065 0.00339012 0.0991671 0.0990789 -0.0202879 0.994873 1.52939 4.11624 -2.36964</i>
                        <i>0.00488531 0.999355 0.0355827 -0.994644 0.00118215 0.103358 0.103249 -0.0358971 0.994008 1.52881 4.11633 -2.36844</i>
                        <i>0.00680496 0.998765 0.0492085 -0.994718 0.00172073 0.102633 0.102421 -0.049647 0.993501 1.52919 4.11643 -2.36757</i>
                        <i>0.0100302 0.998136 0.0601967 -0.995105 0.00404469 0.098742 0.0983145 -0.0608924 0.993291 1.53013 4.11653 -2.36705</i>
                        <i>0.0134396 0.997568 0.0683953 -0.995726 0.00710109 0.0920876 0.091378 -0.0693405 0.993399 1.53118 4.11662 -2.36675</i>
                        <i>0.0159072 0.997154 0.0736881 -0.996503 0.00976437 0.0829844 0.0820287 -0.0747505 0.993823 1.5319 4.11668 -2.36655</i>
                        <i>0.0173709 0.996987 0.0756015 -0.997441 0.0120349 0.0704723 0.0693501 -0.0766322 0.994645 1.53227 4.11671 -2.36644</i>
                        <i>0.0142822 0.995863 0.0897347 -0.999315 0.0111523 0.0352842 0.0341374 -0.0901772 0.995341 1.53238 4.11674 -2.36555</i>
                        <i>0.00550389 0.994154 0.107835 -0.999834 0.00734375 -0.0166721 -0.0173666 -0.107725 0.994029 1.53214 4.11672 -2.36432</i>
                        <i>-0.00875561 0.992965 0.118087 -0.997539 -0.000457639 -0.0701149 -0.0695676 -0.11841 0.990525 1.53151 4.11664 -2.36348</i>
                        <i>-0.0228503 0.993712 0.10961 -0.993909 -0.0107571 -0.109676 -0.107807 -0.111449 0.987905 1.53073 4.11653 -2.36373</i>
                        <i>-0.0320709 0.996243 0.0804487 -0.991251 -0.0213925 -0.130247 -0.128036 -0.083922 0.988212 1.53009 4.11641 -2.36522</i>
                        <i>-0.0372186 0.998515 0.0397948 -0.990286 -0.0315146 -0.135428 -0.133972 -0.0444487 0.989988 1.52968 4.11626 -2.36736</i>
                        <i>-0.0396589 0.999197 -0.00565268 -0.989941 -0.0400592 -0.135688 -0.135806 0.000214578 0.990735 1.52932 4.11605 -2.36981</i>
                        <i>-0.0408343 0.997954 -0.0491906 -0.989937 -0.0470839 -0.133445 -0.135488 0.0432465 0.989835 1.52898 4.11581 -2.37219</i>
                        <i>-0.0418753 0.995583 -0.0840297 -0.989975 -0.0527 -0.131046 -0.134895 0.0776997 0.987809 1.52862 4.11557 -2.37413</i>
                        <i>-0.043557 0.99369 -0.103356 -0.989769 -0.0569907 -0.130807 -0.135872 0.0966009 0.986006 1.5282 4.11541 -2.37526</i>
                        <i>-0.0449997 0.993809 -0.101585 -0.989772 -0.0581337 -0.130279 -0.135378 0.0946833 0.98626 1.52779 4.11538 -2.3753</i>
                        <i>-0.0471472 0.994243 -0.0962168 -0.989704 -0.0595284 -0.130163 -0.135142 0.0890893 0.986813 1.52736 4.11537 -2.37517</i>
                        <i>-0.0497429 0.994867 -0.0881207 -0.989547 -0.0610494 -0.130651 -0.13536 0.0807006 0.987504 1.52694 4.11538 -2.37491</i>
                        <i>-0.0525304 0.995555 -0.0781668 -0.989283 -0.062558 -0.131929 -0.136232 0.0703988 0.988172 1.52655 4.11541 -2.37455</i>
                        <i>-0.055255 0.996206 -0.0672288 -0.988895 -0.0639042 -0.134175 -0.137962 0.0590684 0.988675 1.52624 4.11544 -2.37412</i>
                        <i>-0.0574434 0.996769 -0.0561444 -0.987968 -0.0648449 -0.140408 -0.143595 0.0474033 0.988501 1.52609 4.11547 -2.37365</i>
                        <i>-0.0588901 0.997213 -0.0458059 -0.986347 -0.0651947 -0.151224 -0.153789 0.0362749 0.987438 1.52611 4.11552 -2.37317</i>
                        <i>-0.0597439 0.997521 -0.0371843 -0.984451 -0.0650437 -0.163173 -0.165187 0.0268575 0.985897 1.52622 4.11556 -2.37274</i>
                        <i>-0.0601517 0.997699 -0.0312719 -0.982826 -0.0646721 -0.17283 -0.174455 0.0203388 0.984455 1.52634 4.11559 -2.37243</i>
                        <i>-0.0602563 0.997759 -0.0290769 -0.982133 -0.064465 -0.176801 -0.17828 0.017904 0.983817 1.5264 4.1156 -2.37232</i>
                        <i>-0.0646222 0.997909 -0.00116449 -0.984181 -0.063926 -0.165231 -0.16496 -0.00953149 0.986254 1.52474 4.11601 -2.36844</i>
                        <i>-0.0679011 0.997077 0.0350184 -0.98725 -0.0620841 -0.146573 -0.14397 -0.0445244 0.98858 1.52267 4.11651 -2.36274</i>
                        <i>-0.0686372 0.994506 0.0790307 -0.990815 -0.0587021 -0.121816 -0.116507 -0.0866659 0.989401 1.52064 4.11701 -2.35593</i>
                        <i>-0.0657724 0.9893 0.13023 -0.994206 -0.053853 -0.0930249 -0.0850163 -0.135594 0.98711 1.519 4.11744 -2.34878</i>
                        <i>-0.0588827 0.980454 0.187733 -0.996851 -0.047746 -0.0633058 -0.0531049 -0.19087 0.980178 1.5179 4.11779 -2.34216</i>
                        <i>-0.0484056 0.966354 0.252619 -0.998514 -0.0404807 -0.0364779 -0.0250244 -0.254009 0.966878 1.51728 4.11819 -2.33691</i>
                        <i>-0.0354651 0.946864 0.319673 -0.999363 -0.0323168 -0.0151493 -0.00401353 -0.320007 0.947407 1.5169 4.11883 -2.33306</i>
                        <i>-0.022344 0.92528 0.378625 -0.999711 -0.0240529 -0.000216057 0.00890714 -0.378521 0.92555 1.51664 4.1197 -2.33034</i>
                        <i>-0.0122151 0.907401 0.420088 -0.999815 -0.0173354 0.0083729 0.01488 -0.419908 0.907444 1.51649 4.12055 -2.32862</i>
                        <i>-0.0082507 0.900042 0.435725 -0.999832 -0.0145562 0.0111352 0.0163647 -0.43556 0.900011 1.51645 4.12093 -2.328</i>
                    </KeyFrames>
                </p>
            </i>
            <i>
                <p>
                    <Name><![CDATA[spine2]]></Name>
                    <Exclude>0</Exclude>
                    <Additive>0</Additive>
                    <IKPriority>0</IKPriority>
                    <IKRotLimits>-1e+010 -1e+010 -1e+010 1e+010 1e+010 1e+010</IKRotLimits>
                    <IKRotLimitOrder>0</IKRotLimitOrder>
                    <KeyFrames count="61">
                        <i>0.101033 0.775737 0.622916 -0.994883 0.0789289 0.0630716 -0.000239097 -0.626101 0.779742 1.51455 4.26531 -2.26151</i>
                        <i>0.110062 0.752062 0.649837 -0.99392 0.0813171 0.0742306 0.00298308 -0.654056 0.75644 1.51514 4.26476 -2.25827</i>
                        <i>0.107598 0.749096 0.653665 -0.994174 0.0768932 0.0755295 0.00631652 -0.657984 0.753006 1.51562 4.26554 -2.26099</i>
                        <i>0.101082 0.747978 0.655981 -0.994735 0.0648104 0.0793818 0.0168615 -0.660551 0.750591 1.51682 4.26758 -2.26873</i>
                        <i>0.0915232 0.760381 0.642996 -0.995176 0.0469311 0.0861531 0.0353326 -0.64778 0.761008 1.51839 4.2703 -2.28091</i>
                        <i>0.0787049 0.796497 0.599498 -0.994996 0.0256338 0.0965704 0.0615507 -0.604098 0.794529 1.52 4.2729 -2.29697</i>
                        <i>0.0612668 0.853683 0.517176 -0.993794 0.00397683 0.111164 0.0928425 -0.520777 0.848629 1.52149 4.27467 -2.31583</i>
                        <i>0.0391729 0.911816 0.408725 -0.991494 -0.0153402 0.129249 0.124121 -0.410311 0.903459 1.52284 4.27536 -2.33533</i>
                        <i>0.0143296 0.956364 0.291825 -0.988411 -0.0305617 0.148691 0.151121 -0.290574 0.944843 1.524 4.27513 -2.35332</i>
                        <i>-0.00927665 0.982024 0.188526 -0.98519 -0.0412572 0.16643 0.171216 -0.18419 0.967863 1.52498 4.27444 -2.3678</i>
                        <i>-0.0263294 0.992175 0.122046 -0.982634 -0.0481201 0.179206 0.183677 -0.115209 0.976212 1.52574 4.27386 -2.37689</i>
                        <i>-0.0239909 0.992506 0.119818 -0.982681 -0.0454411 0.179648 0.183747 -0.113433 0.976407 1.52534 4.27387 -2.37794</i>
                        <i>-0.0188133 0.993311 0.113926 -0.982796 -0.0393117 0.18046 0.183731 -0.108571 0.976962 1.52443 4.27388 -2.38058</i>
                        <i>-0.0135509 0.994321 0.10556 -0.982951 -0.0326063 0.180953 0.183367 -0.101308 0.97781 1.52343 4.27386 -2.38398</i>
                        <i>-0.010935 0.99533 0.0959091 -0.983117 -0.0282212 0.180787 0.182649 -0.092313 0.978835 1.52278 4.2738 -2.38733</i>
                        <i>-0.0136648 0.996187 0.0861671 -0.983241 -0.029055 0.17998 0.181798 -0.0822636 0.979889 1.5229 4.27372 -2.38983</i>
                        <i>-0.0232852 0.996515 0.0800987 -0.983344 -0.0372761 0.177891 0.180257 -0.0746223 0.980785 1.52407 4.27372 -2.391</i>
                        <i>-0.0374573 0.995847 0.0829758 -0.983337 -0.051513 0.174339 0.177889 -0.0750629 0.981183 1.52605 4.27391 -2.39056</i>
                        <i>-0.0534469 0.994232 0.0929885 -0.983034 -0.0687494 0.170049 0.175461 -0.0823223 0.981039 1.52844 4.27427 -2.38879</i>
                        <i>-0.0687509 0.992042 0.105479 -0.982394 -0.0857309 0.165987 0.173709 -0.0922106 0.980471 1.53082 4.27469 -2.38636</i>
                        <i>-0.080601 0.989546 0.119591 -0.981543 -0.099674 0.163212 0.173426 -0.104229 0.979316 1.53282 4.27511 -2.38338</i>
                        <i>-0.0862632 0.987157 0.134462 -0.980697 -0.10791 0.163061 0.175476 -0.117801 0.97741 1.53406 4.27547 -2.37993</i>
                        <i>-0.0795914 0.98602 0.14639 -0.979692 -0.104488 0.171131 0.184035 -0.129797 0.974312 1.53373 4.27564 -2.37577</i>
                        <i>-0.0627238 0.985932 0.15493 -0.978055 -0.0916267 0.187119 0.198683 -0.139793 0.970043 1.53209 4.27562 -2.37103</i>
                        <i>-0.0452068 0.985419 0.164032 -0.976019 -0.0785685 0.203011 0.212938 -0.15092 0.965339 1.53036 4.27555 -2.36645</i>
                        <i>-0.0363423 0.983452 0.177488 -0.974967 -0.0738771 0.209716 0.219358 -0.165423 0.961518 1.5297 4.27555 -2.36275</i>
                        <i>-0.0383334 0.98064 0.192032 -0.975029 -0.0787741 0.207637 0.218744 -0.179277 0.959172 1.53039 4.27558 -2.35971</i>
                        <i>-0.0467514 0.977258 0.206836 -0.975854 -0.08891 0.199508 0.213361 -0.192515 0.957818 1.53184 4.27566 -2.35743</i>
                        <i>-0.0569839 0.973944 0.219514 -0.977575 -0.0990786 0.185825 0.202732 -0.204002 0.957749 1.53342 4.27575 -2.35581</i>
                        <i>-0.0644312 0.971602 0.22768 -0.980384 -0.104216 0.16729 0.186267 -0.212435 0.959258 1.53453 4.27582 -2.35476</i>
                        <i>-0.0690364 0.970656 0.230348 -0.984369 -0.103779 0.142292 0.162022 -0.216924 0.962649 1.53512 4.27585 -2.35434</i>
                        <i>-0.0823288 0.965754 0.246052 -0.992275 -0.102423 0.0699959 0.0928002 -0.238389 0.966726 1.5347 4.27568 -2.3512</i>
                        <i>-0.104505 0.958855 0.263962 -0.994482 -0.09829 -0.0366809 -0.00922677 -0.266339 0.963835 1.533 4.27529 -2.34709</i>
                        <i>-0.13202 0.953516 0.270883 -0.98484 -0.095153 -0.145038 -0.112521 -0.285925 0.951623 1.53004 4.27488 -2.34463</i>
                        <i>-0.155165 0.954029 0.256422 -0.969886 -0.0977886 -0.223066 -0.187736 -0.283312 0.940473 1.52698 4.27478 -2.34625</i>
                        <i>-0.167813 0.961089 0.219422 -0.959225 -0.10784 -0.261262 -0.227434 -0.254319 0.939998 1.52484 4.27501 -2.35239</i>
                        <i>-0.173592 0.970152 0.169324 -0.955414 -0.124201 -0.267879 -0.238853 -0.208276 0.948457 1.52361 4.27522 -2.36102</i>
                        <i>-0.173882 0.978182 0.113686 -0.95447 -0.13899 -0.26395 -0.24239 -0.154406 0.957813 1.52286 4.27513 -2.3707</i>
                        <i>-0.171175 0.983384 0.0604594 -0.955117 -0.15057 -0.25511 -0.241768 -0.101414 0.96502 1.52234 4.27468 -2.38001</i>
                        <i>-0.167531 0.9857 0.0181333 -0.956041 -0.157945 -0.247061 -0.240664 -0.0587264 0.96883 1.52181 4.27404 -2.38749</i>
                        <i>-0.164558 0.986357 -0.00451114 -0.956018 -0.160619 -0.245421 -0.242797 -0.0360733 0.969406 1.52112 4.27354 -2.39171</i>
                        <i>-0.160961 0.986961 -0.000228113 -0.956654 -0.156075 -0.245875 -0.242704 -0.039358 0.969302 1.52049 4.2735 -2.39146</i>
                        <i>-0.15847 0.987323 0.00899809 -0.956983 -0.151344 -0.247546 -0.243046 -0.0478395 0.968834 1.51972 4.27353 -2.39047</i>
                        <i>-0.15711 0.98734 0.0218396 -0.95692 -0.146727 -0.250551 -0.244175 -0.0602628 0.967857 1.51888 4.27361 -2.38892</i>
                        <i>-0.156905 0.986922 0.0369617 -0.956372 -0.142496 -0.255044 -0.246442 -0.0753668 0.966223 1.51805 4.27372 -2.38698</i>
                        <i>-0.157882 0.986033 0.0530241 -0.955234 -0.138903 -0.261215 -0.250201 -0.0918915 0.963823 1.51731 4.27382 -2.38481</i>
                        <i>-0.160831 0.9846 0.0685237 -0.951785 -0.136345 -0.274801 -0.261227 -0.109416 0.959056 1.5168 4.27393 -2.38257</i>
                        <i>-0.165572 0.982769 0.0821677 -0.945399 -0.134454 -0.296889 -0.280725 -0.126838 0.95137 1.51658 4.27404 -2.38045</i>
                        <i>-0.170685 0.980929 0.0929758 -0.937814 -0.132782 -0.32074 -0.302278 -0.14194 0.942593 1.51654 4.27412 -2.37865</i>
                        <i>-0.174767 0.979512 0.100059 -0.931279 -0.131454 -0.339764 -0.31965 -0.152563 0.935173 1.51659 4.27418 -2.37741</i>
                        <i>-0.176435 0.97895 0.1026 -0.928485 -0.130917 -0.347528 -0.326781 -0.156579 0.932039 1.51662 4.2742 -2.37694</i>
                        <i>-0.157127 0.980298 0.119695 -0.938652 -0.110566 -0.326662 -0.306992 -0.163679 0.937531 1.5143 4.27443 -2.36862</i>
                        <i>-0.128362 0.982487 0.135065 -0.952664 -0.0843091 -0.292103 -0.2756 -0.166166 0.946802 1.51175 4.27457 -2.35719</i>
                        <i>-0.0946042 0.983148 0.15643 -0.967796 -0.0540056 -0.245874 -0.233282 -0.174653 0.956596 1.50964 4.27448 -2.34341</i>
                        <i>-0.0592113 0.979625 0.191908 -0.981403 -0.0219606 -0.1907 -0.1826 -0.199631 0.962707 1.50849 4.27395 -2.32817</i>
                        <i>-0.0239598 0.967999 0.249806 -0.991428 0.00909652 -0.13034 -0.128442 -0.250788 0.959483 1.50852 4.27282 -2.31247</i>
                        <i>0.0106242 0.940086 0.340771 -0.996917 0.0364534 -0.0694829 -0.0777422 -0.338983 0.937575 1.50958 4.27102 -2.29693</i>
                        <i>0.0452966 0.891653 0.450447 -0.998256 0.0574947 -0.0134262 -0.0378698 -0.449053 0.892702 1.51126 4.26882 -2.28238</i>
                        <i>0.0773873 0.830573 0.551506 -0.996923 0.0713763 0.0323948 -0.0124582 -0.552317 0.833541 1.51309 4.26677 -2.27009</i>
                        <i>0.101033 0.775737 0.622916 -0.994883 0.0789289 0.0630716 -0.000239097 -0.626101 0.779742 1.51455 4.26531 -2.26151</i>
                        <i>0.110062 0.752062 0.649837 -0.99392 0.0813171 0.0742306 0.00298308 -0.654056 0.75644 1.51514 4.26476 -2.25827</i>
                    </KeyFrames>
                </p>
            </i>
            <i>
                <p>
                    <Name><![CDATA[head]]></Name>
                    <Exclude>0</Exclude>
                    <Additive>0</Additive>
                    <IKPriority>0</IKPriority>
                    <IKRotLimits>-1e+010 -1e+010 -1e+010 1e+010 1e+010 1e+010</IKRotLimits>
                    <IKRotLimitOrder>0</IKRotLimitOrder>
                    <KeyFrames count="61">
                        <i>-0.0192841 0.95758 0.28752 0.0103835 0.28775 -0.957649 -0.99976 -0.0154819 -0.0154921 1.54824 4.47203 -2.11119</i>
                        <i>-0.0643062 0.96133 0.267787 -0.0643659 0.263788 -0.962431 -0.995852 -0.0791266 0.0449137 1.55135 4.46521 -2.10004</i>
                        <i>-0.0460574 0.974988 0.217435 -0.13532 0.20957 -0.968385 -0.989731 -0.0740246 0.122283 1.55091 4.46489 -2.10096</i>
                        <i>-0.0424291 0.993588 0.104795 -0.302277 0.0872072 -0.949223 -0.952275 -0.0719517 0.296639 1.54965 4.46583 -2.10636</i>
                        <i>-0.0957393 0.99539 -0.00579246 -0.474588 -0.0507609 -0.878743 -0.874986 -0.0813812 0.47726 1.5476 4.47076 -2.12015</i>
                        <i>-0.165832 0.982323 -0.0868437 -0.572491 -0.1676 -0.802598 -0.802966 -0.0833788 0.590165 1.54448 4.482 -2.14654</i>
                        <i>-0.214005 0.962267 -0.168058 -0.601224 -0.265349 -0.753738 -0.769891 -0.0602631 0.635324 1.53981 4.49825 -2.18694</i>
                        <i>-0.249891 0.933612 -0.256755 -0.603793 -0.357546 -0.712457 -0.75696 -0.0230092 0.653056 1.53364 4.51367 -2.23545</i>
                        <i>-0.275143 0.900949 -0.335541 -0.592934 -0.433752 -0.678445 -0.756786 0.0122847 0.653547 1.52657 4.52441 -2.28492</i>
                        <i>-0.290336 0.874413 -0.388726 -0.580957 -0.48386 -0.654499 -0.760391 0.0358082 0.648478 1.51985 4.52961 -2.32722</i>
                        <i>-0.292868 0.866176 -0.404928 -0.580494 -0.49759 -0.64454 -0.759773 0.0462929 0.648538 1.51506 4.53105 -2.35409</i>
                        <i>-0.272018 0.88382 -0.380617 -0.591366 -0.465563 -0.658436 -0.75914 0.0459774 0.649302 1.51549 4.53116 -2.35548</i>
                        <i>-0.220835 0.921036 -0.320817 -0.613979 -0.386864 -0.688016 -0.7578 0.0450367 0.65093 1.51643 4.53141 -2.35905</i>
                        <i>-0.157688 0.956214 -0.246555 -0.634661 -0.289419 -0.716548 -0.756531 0.043488 0.65251 1.51734 4.53166 -2.36389</i>
                        <i>-0.104184 0.977687 -0.182413 -0.646385 -0.205956 -0.734689 -0.755865 0.0413659 0.65342 1.5177 4.53184 -2.36909</i>
                        <i>-0.0835896 0.984362 -0.15506 -0.649096 -0.171851 -0.741041 -0.7561 0.0387053 0.65331 1.51697 4.53194 -2.37374</i>
