<?xml version="1.0" encoding="ISO-8859-1" ?>
<Animl Version="1">
    <ModellingPackage><![CDATA[Maya.2010]]></ModellingPackage>
    <SrcFile><![CDATA[anims\turrets\antiair\red\~src\aa_zu232\aa_zu232_crew_fire_crewmana.mb]]></SrcFile>
    <FramesPerSecond>30</FramesPerSecond>
    <TotalFrames>121</TotalFrames>
    <Skeleton>
        <RefFrame>
            <Name><![CDATA[soldier_ref_frame]]></Name>
            <Exclude>0</Exclude>
            <Additive>0</Additive>
            <IKPriority>0</IKPriority>
            <IKRotLimits>-1e+010 -1e+010 -1e+010 1e+010 1e+010 1e+010</IKRotLimits>
            <IKRotLimitOrder>0</IKRotLimitOrder>
            <KeyFrames count="121">
                <i>1 0 0 0 1 0 0 0 1 1.52 2.68 -2.28</i>
                <i>1 0 0 0 1 0 0 0 1 1.52 2.68 -2.28</i>
                <i>1 0 0 0 1 0 0 0 1 1.52 2.68 -2.28</i>
                <i>1 0 0 0 1 0 0 0 1 1.52 2.68 -2.28</i>
                <i>1 0 0 0 1 0 0 0 1 1.52 2.68 -2.28</i>
                <i>1 0 0 0 1 0 0 0 1 1.52 2.68 -2.28</i>
                <i>1 0 0 0 1 0 0 0 1 1.52 2.68 -2.28</i>
                <i>1 0 0 0 1 0 0 0 1 1.52 2.68 -2.28</i>
                <i>1 0 0 0 1 0 0 0 1 1.52 2.68 -2.28</i>
                <i>1 0 0 0 1 0 0 0 1 1.52 2.68 -2.28</i>
                <i>1 0 0 0 1 0 0 0 1 1.52 2.68 -2.28</i>
                <i>1 0 0 0 1 0 0 0 1 1.52 2.68 -2.28</i>
                <i>1 0 0 0 1 0 0 0 1 1.52 2.68 -2.28</i>
                <i>1 0 0 0 1 0 0 0 1 1.52 2.68 -2.28</i>
                <i>1 0 0 0 1 0 0 0 1 1.52 2.68 -2.28</i>
                <i>1 0 0 0 1 0 0 0 1 1.52 2.68 -2.28</i>
                <i>1 0 0 0 1 0 0 0 1 1.52 2.68 -2.28</i>
                <i>1 0 0 0 1 0 0 0 1 1.52 2.68 -2.28</i>
                <i>1 0 0 0 1 0 0 0 1 1.52 2.68 -2.28</i>
                <i>1 0 0 0 1 0 0 0 1 1.52 2.68 -2.28</i>
                <i>1 0 0 0 1 0 0 0 1 1.52 2.68 -2.28</i>
                <i>1 0 0 0 1 0 0 0 1 1.52 2.68 -2.28</i>
                <i>1 0 0 0 1 0 0 0 1 1.52 2.68 -2.28</i>
                <i>1 0 0 0 1 0 0 0 1 1.52 2.68 -2.28</i>
                <i>1 0 0 0 1 0 0 0 1 1.52 2.68 -2.28</i>
                <i>1 0 0 0 1 0 0 0 1 1.52 2.68 -2.28</i>
                <i>1 0 0 0 1 0 0 0 1 1.52 2.68 -2.28</i>
                <i>1 0 0 0 1 0 0 0 1 1.52 2.68 -2.28</i>
                <i>1 0 0 0 1 0 0 0 1 1.52 2.68 -2.28</i>
                <i>1 0 0 0 1 0 0 0 1 1.52 2.68 -2.28</i>
                <i>1 0 0 0 1 0 0 0 1 1.52 2.68 -2.28</i>
                <i>1 0 0 0 1 0 0 0 1 1.52 2.68 -2.28</i>
                <i>1 0 0 0 1 0 0 0 1 1.52 2.68 -2.28</i>
                <i>1 0 0 0 1 0 0 0 1 1.52 2.68 -2.28</i>
                <i>1 0 0 0 1 0 0 0 1 1.52 2.68 -2.28</i>
                <i>1 0 0 0 1 0 0 0 1 1.52 2.68 -2.28</i>
                <i>1 0 0 0 1 0 0 0 1 1.52 2.68 -2.28</i>
                <i>1 0 0 0 1 0 0 0 1 1.52 2.68 -2.28</i>
                <i>1 0 0 0 1 0 0 0 1 1.52 2.68 -2.28</i>
                <i>1 0 0 0 1 0 0 0 1 1.52 2.68 -2.28</i>
                <i>1 0 0 0 1 0 0 0 1 1.52 2.68 -2.28</i>
                <i>1 0 0 0 1 0 0 0 1 1.52 2.68 -2.28</i>
                <i>1 0 0 0 1 0 0 0 1 1.52 2.68 -2.28</i>
                <i>1 0 0 0 1 0 0 0 1 1.52 2.68 -2.28</i>
                <i>1 0 0 0 1 0 0 0 1 1.52 2.68 -2.28</i>
                <i>1 0 0 0 1 0 0 0 1 1.52 2.68 -2.28</i>
                <i>1 0 0 0 1 0 0 0 1 1.52 2.68 -2.28</i>
                <i>1 0 0 0 1 0 0 0 1 1.52 2.68 -2.28</i>
                <i>1 0 0 0 1 0 0 0 1 1.52 2.68 -2.28</i>
                <i>1 0 0 0 1 0 0 0 1 1.52 2.68 -2.28</i>
                <i>1 0 0 0 1 0 0 0 1 1.52 2.68 -2.28</i>
                <i>1 0 0 0 1 0 0 0 1 1.52 2.68 -2.28</i>
                <i>1 0 0 0 1 0 0 0 1 1.52 2.68 -2.28</i>
                <i>1 0 0 0 1 0 0 0 1 1.52 2.68 -2.28</i>
                <i>1 0 0 0 1 0 0 0 1 1.52 2.68 -2.28</i>
                <i>1 0 0 0 1 0 0 0 1 1.52 2.68 -2.28</i>
                <i>1 0 0 0 1 0 0 0 1 1.52 2.68 -2.28</i>
                <i>1 0 0 0 1 0 0 0 1 1.52 2.68 -2.28</i>
                <i>1 0 0 0 1 0 0 0 1 1.52 2.68 -2.28</i>
                <i>1 0 0 0 1 0 0 0 1 1.52 2.68 -2.28</i>
                <i>1 0 0 0 1 0 0 0 1 1.52 2.68 -2.28</i>
                <i>1 0 0 0 1 0 0 0 1 1.52 2.68 -2.28</i>
                <i>1 0 0 0 1 0 0 0 1 1.52 2.68 -2.28</i>
                <i>1 0 0 0 1 0 0 0 1 1.52 2.68 -2.28</i>
                <i>1 0 0 0 1 0 0 0 1 1.52 2.68 -2.28</i>
                <i>1 0 0 0 1 0 0 0 1 1.52 2.68 -2.28</i>
                <i>1 0 0 0 1 0 0 0 1 1.52 2.68 -2.28</i>
                <i>1 0 0 0 1 0 0 0 1 1.52 2.68 -2.28</i>
                <i>1 0 0 0 1 0 0 0 1 1.52 2.68 -2.28</i>
                <i>1 0 0 0 1 0 0 0 1 1.52 2.68 -2.28</i>
                <i>1 0 0 0 1 0 0 0 1 1.52 2.68 -2.28</i>
                <i>1 0 0 0 1 0 0 0 1 1.52 2.68 -2.28</i>
                <i>1 0 0 0 1 0 0 0 1 1.52 2.68 -2.28</i>
                <i>1 0 0 0 1 0 0 0 1 1.52 2.68 -2.28</i>
                <i>1 0 0 0 1 0 0 0 1 1.52 2.68 -2.28</i>
                <i>1 0 0 0 1 0 0 0 1 1.52 2.68 -2.28</i>
                <i>1 0 0 0 1 0 0 0 1 1.52 2.68 -2.28</i>
                <i>1 0 0 0 1 0 0 0 1 1.52 2.68 -2.28</i>
                <i>1 0 0 0 1 0 0 0 1 1.52 2.68 -2.28</i>
                <i>1 0 0 0 1 0 0 0 1 1.52 2.68 -2.28</i>
                <i>1 0 0 0 1 0 0 0 1 1.52 2.68 -2.28</i>
                <i>1 0 0 0 1 0 0 0 1 1.52 2.68 -2.28</i>
                <i>1 0 0 0 1 0 0 0 1 1.52 2.68 -2.28</i>
                <i>1 0 0 0 1 0 0 0 1 1.52 2.68 -2.28</i>
                <i>1 0 0 0 1 0 0 0 1 1.52 2.68 -2.28</i>
                <i>1 0 0 0 1 0 0 0 1 1.52 2.68 -2.28</i>
                <i>1 0 0 0 1 0 0 0 1 1.52 2.68 -2.28</i>
                <i>1 0 0 0 1 0 0 0 1 1.52 2.68 -2.28</i>
                <i>1 0 0 0 1 0 0 0 1 1.52 2.68 -2.28</i>
                <i>1 0 0 0 1 0 0 0 1 1.52 2.68 -2.28</i>
                <i>1 0 0 0 1 0 0 0 1 1.52 2.68 -2.28</i>
                <i>1 0 0 0 1 0 0 0 1 1.52 2.68 -2.28</i>
                <i>1 0 0 0 1 0 0 0 1 1.52 2.68 -2.28</i>
                <i>1 0 0 0 1 0 0 0 1 1.52 2.68 -2.28</i>
                <i>1 0 0 0 1 0 0 0 1 1.52 2.68 -2.28</i>
                <i>1 0 0 0 1 0 0 0 1 1.52 2.68 -2.28</i>
                <i>1 0 0 0 1 0 0 0 1 1.52 2.68 -2.28</i>
                <i>1 0 0 0 1 0 0 0 1 1.52 2.68 -2.28</i>
                <i>1 0 0 0 1 0 0 0 1 1.52 2.68 -2.28</i>
                <i>1 0 0 0 1 0 0 0 1 1.52 2.68 -2.28</i>
                <i>1 0 0 0 1 0 0 0 1 1.52 2.68 -2.28</i>
                <i>1 0 0 0 1 0 0 0 1 1.52 2.68 -2.28</i>
                <i>1 0 0 0 1 0 0 0 1 1.52 2.68 -2.28</i>
                <i>1 0 0 0 1 0 0 0 1 1.52 2.68 -2.28</i>
                <i>1 0 0 0 1 0 0 0 1 1.52 2.68 -2.28</i>
                <i>1 0 0 0 1 0 0 0 1 1.52 2.68 -2.28</i>
                <i>1 0 0 0 1 0 0 0 1 1.52 2.68 -2.28</i>
                <i>1 0 0 0 1 0 0 0 1 1.52 2.68 -2.28</i>
                <i>1 0 0 0 1 0 0 0 1 1.52 2.68 -2.28</i>
                <i>1 0 0 0 1 0 0 0 1 1.52 2.68 -2.28</i>
                <i>1 0 0 0 1 0 0 0 1 1.52 2.68 -2.28</i>
                <i>1 0 0 0 1 0 0 0 1 1.52 2.68 -2.28</i>
                <i>1 0 0 0 1 0 0 0 1 1.52 2.68 -2.28</i>
                <i>1 0 0 0 1 0 0 0 1 1.52 2.68 -2.28</i>
                <i>1 0 0 0 1 0 0 0 1 1.52 2.68 -2.28</i>
                <i>1 0 0 0 1 0 0 0 1 1.52 2.68 -2.28</i>
                <i>1 0 0 0 1 0 0 0 1 1.52 2.68 -2.28</i>
                <i>1 0 0 0 1 0 0 0 1 1.52 2.68 -2.28</i>
                <i>1 0 0 0 1 0 0 0 1 1.52 2.68 -2.28</i>
                <i>1 0 0 0 1 0 0 0 1 1.52 2.68 -2.28</i>
                <i>1 0 0 0 1 0 0 0 1 1.52 2.68 -2.28</i>
            </KeyFrames>
        </RefFrame>
        <Bones count="23">
            <i>
                <p>
                    <Name><![CDATA[pelvis]]></Name>
                    <Exclude>0</Exclude>
                    <Additive>0</Additive>
                    <IKPriority>0</IKPriority>
                    <IKRotLimits>-1e+010 -1e+010 -1e+010 1e+010 1e+010 1e+010</IKRotLimits>
                    <IKRotLimitOrder>2</IKRotLimitOrder>
                    <KeyFrames count="121">
                        <i>1 0 0 0 1 0 0 0 1 1.52842 3.75023 -2.29309</i>
                        <i>1 0 0 0 1 0 0 0 1 1.52669 3.73386 -2.29507</i>
                        <i>1 0 0 0 1 0 0 0 1 1.52462 3.73907 -2.2973</i>
                        <i>1 0 0 0 1 0 0 0 1 1.52237 3.72511 -2.30155</i>
                        <i>1 0 0 0 1 0 0 0 1 1.52011 3.7275 -2.30569</i>
                        <i>1 0 0 0 1 0 0 0 1 1.52377 3.77155 -2.29903</i>
                        <i>1 0 0 0 1 0 0 0 1 1.52689 3.80735 -2.29309</i>
                        <i>1 0 0 0 1 0 0 0 1 1.52472 3.79649 -2.29507</i>
                        <i>1 0 0 0 1 0 0 0 1 1.5223 3.77566 -2.2973</i>
                        <i>1 0 0 0 1 0 0 0 1 1.51996 3.75186 -2.30519</i>
                        <i>1 0 0 0 1 0 0 0 1 1.5177 3.74329 -2.31295</i>
                        <i>1 0 0 0 1 0 0 0 1 1.52149 3.78357 -2.30243</i>
                        <i>1 0 0 0 1 0 0 0 1 1.52473 3.81914 -2.29309</i>
                        <i>1 0 0 0 1 0 0 0 1 1.52273 3.80799 -2.29507</i>
                        <i>1 0 0 0 1 0 0 0 1 1.52063 3.78674 -2.2973</i>
                        <i>1 0 0 0 1 0 0 0 1 1.51892 3.74191 -2.30155</i>
                        <i>1 0 0 0 1 0 0 0 1 1.51744 3.70723 -2.30569</i>
                        <i>1 0 0 0 1 0 0 0 1 1.52187 3.74685 -2.29608</i>
                        <i>1 0 0 0 1 0 0 0 1 1.52583 3.78173 -2.2876</i>
                        <i>1 0 0 0 1 0 0 0 1 1.52472 3.77228 -2.29213</i>
                        <i>1 0 0 0 1 0 0 0 1 1.52349 3.75271 -2.2973</i>
                        <i>1 0 0 0 1 0 0 0 1 1.5223 3.71154 -2.302</i>
                        <i>1 0 0 0 1 0 0 0 1 1.52109 3.68186 -2.30659</i>
                        <i>1 0 0 0 1 0 0 0 1 1.52584 3.72322 -2.29946</i>
                        <i>1 0 0 0 1 0 0 0 1 1.5301 3.76011 -2.29309</i>
                        <i>1 0 0 0 1 0 0 0 1 1.5292 3.74797 -2.29507</i>
                        <i>1 0 0 0 1 0 0 0 1 1.52804 3.72594 -2.2973</i>
                        <i>1 0 0 0 1 0 0 0 1 1.52639 3.67383 -2.30154</i>
                        <i>1 0 0 0 1 0 0 0 1 1.52454 3.63027 -2.30569</i>
                        <i>1 0 0 0 1 0 0 0 1 1.52878 3.67256 -2.29903</i>
                        <i>1 0 0 0 1 0 0 0 1 1.53244 3.71056 -2.29309</i>
                        <i>1 0 0 0 1 0 0 0 1 1.53083 3.69939 -2.29507</i>
                        <i>1 0 0 0 1 0 0 0 1 1.5287 3.67854 -2.2973</i>
                        <i>1 0 0 0 1 0 0 0 1 1.52605 3.68286 -2.30359</i>
                        <i>1 0 0 0 1 0 0 0 1 1.52326 3.70825 -2.30976</i>
                        <i>1 0 0 0 1 0 0 0 1 1.52644 3.74924 -2.30094</i>
                        <i>1 0 0 0 1 0 0 0 1 1.52904 3.78621 -2.29309</i>
                        <i>1 0 0 0 1 0 0 0 1 1.52637 3.77605 -2.29507</i>
                        <i>1 0 0 0 1 0 0 0 1 1.52339 3.75591 -2.2973</i>
                        <i>1 0 0 0 1 0 0 0 1 1.52045 3.7313 -2.30154</i>
                        <i>1 0 0 0 1 0 0 0 1 1.51771 3.72237 -2.30569</i>
                        <i>1 0 0 0 1 0 0 0 1 1.521 3.76586 -2.29903</i>
                        <i>1 0 0 0 1 0 0 0 1 1.52389 3.80468 -2.29309</i>
                        <i>1 0 0 0 1 0 0 0 1 1.52161 3.79379 -2.29507</i>
                        <i>1 0 0 0 1 0 0 0 1 1.51938 3.77264 -2.2973</i>
                        <i>1 0 0 0 1 0 0 0 1 1.51774 3.73281 -2.30634</i>
                        <i>1 0 0 0 1 0 0 0 1 1.51637 3.7033 -2.31524</i>
                        <i>1 0 0 0 1 0 0 0 1 1.52104 3.74331 -2.30543</i>
                        <i>1 0 0 0 1 0 0 0 1 1.52529 3.77852 -2.29667</i>
                        <i>1 0 0 0 1 0 0 0 1 1.52437 3.76612 -2.29888</i>
                        <i>1 0 0 0 1 0 0 0 1 1.52341 3.74363 -2.30139</i>
                        <i>1 0 0 0 1 0 0 0 1 1.52254 3.68655 -2.30359</i>
                        <i>1 0 0 0 1 0 0 0 1 1.52161 3.6371 -2.30569</i>
                        <i>1 0 0 0 1 0 0 0 1 1.52663 3.67842 -2.29903</i>
                        <i>1 0 0 0 1 0 0 0 1 1.53116 3.7153 -2.29309</i>
                        <i>1 0 0 0 1 0 0 0 1 1.53058 3.70281 -2.29507</i>
                        <i>1 0 0 0 1 0 0 0 1 1.52973 3.68046 -2.2973</i>
                        <i>1 0 0 0 1 0 0 0 1 1.52815 3.61906 -2.30359</i>
                        <i>1 0 0 0 1 0 0 0 1 1.52626 3.56068 -2.30976</i>
                        <i>1 0 0 0 1 0 0 0 1 1.53061 3.60071 -2.30286</i>
                        <i>1 0 0 0 1 0 0 0 1 1.53437 3.6584 -2.29667</i>
                        <i>1 0 0 0 1 0 0 0 1 1.53285 3.64721 -2.29888</i>
                        <i>1 0 0 0 1 0 0 0 1 1.53082 3.62632 -2.30139</i>
                        <i>1 0 0 0 1 0 0 0 1 1.52814 3.62219 -2.30565</i>
                        <i>1 0 0 0 1 0 0 0 1 1.52534 3.63724 -2.30976</i>
                        <i>1 0 0 0 1 0 0 0 1 1.5286 3.67818 -2.30094</i>
                        <i>1 0 0 0 1 0 0 0 1 1.53131 3.7151 -2.29309</i>
                        <i>1 0 0 0 1 0 0 0 1 1.52885 3.7049 -2.29507</i>
                        <i>1 0 0 0 1 0 0 0 1 1.52606 3.68471 -2.2973</i>
                        <i>1 0 0 0 1 0 0 0 1 1.52312 3.65134 -2.30155</i>
                        <i>1 0 0 0 1 0 0 0 1 1.52036 3.63868 -2.30569</i>
                        <i>1 0 0 0 1 0 0 0 1 1.52369 3.70519 -2.29903</i>
                        <i>1 0 0 0 1 0 0 0 1 1.52662 3.77362 -2.29309</i>
                        <i>1 0 0 0 1 0 0 0 1 1.52449 3.76601 -2.29507</i>
                        <i>1 0 0 0 1 0 0 0 1 1.52237 3.74156 -2.2973</i>
                        <i>1 0 0 0 1 0 0 0 1 1.5205 3.72806 -2.29996</i>
                        <i>1 0 0 0 1 0 0 0 1 1.5188 3.73412 -2.30254</i>
                        <i>1 0 0 0 1 0 0 0 1 1.52308 3.77635 -2.29608</i>
                        <i>1 0 0 0 1 0 0 0 1 1.52691 3.81402 -2.29034</i>
                        <i>1 0 0 0 1 0 0 0 1 1.52563 3.80221 -2.29213</i>
                        <i>1 0 0 0 1 0 0 0 1 1.52421 3.78037 -2.29415</i>
                        <i>1 0 0 0 1 0 0 0 1 1.52277 3.75815 -2.29838</i>
                        <i>1 0 0 0 1 0 0 0 1 1.52134 3.75286 -2.30254</i>
                        <i>1 0 0 0 1 0 0 0 1 1.52586 3.79606 -2.29755</i>
                        <i>1 0 0 0 1 0 0 0 1 1.52991 3.83485 -2.29309</i>
                        <i>1 0 0 0 1 0 0 0 1 1.52882 3.82496 -2.29739</i>
                        <i>1 0 0 0 1 0 0 0 1 1.52744 3.8051 -2.3023</i>
                        <i>1 0 0 0 1 0 0 0 1 1.52572 3.7737 -2.30657</i>
                        <i>1 0 0 0 1 0 0 0 1 1.5239 3.75419 -2.31067</i>
                        <i>1 0 0 0 1 0 0 0 1 1.52812 3.79448 -2.30371</i>
                        <i>1 0 0 0 1 0 0 0 1 1.53179 3.85227 -2.29747</i>
                        <i>1 0 0 0 1 0 0 0 1 1.53017 3.841 -2.29973</i>
                        <i>1 0 0 0 1 0 0 0 1 1.52813 3.81991 -2.3023</i>
                        <i>1 0 0 0 1 0 0 0 1 1.52562 3.77615 -2.30657</i>
                        <i>1 0 0 0 1 0 0 0 1 1.52306 3.74024 -2.31067</i>
                        <i>1 0 0 0 1 0 0 0 1 1.52663 3.78237 -2.30371</i>
                        <i>1 0 0 0 1 0 0 0 1 1.5297 3.82051 -2.29747</i>
                        <i>1 0 0 0 1 0 0 0 1 1.5275 3.80978 -2.29973</i>
                        <i>1 0 0 0 1 0 0 0 1 1.52501 3.78907 -2.3023</i>
                        <i>1 0 0 0 1 0 0 0 1 1.52244 3.75575 -2.30657</i>
                        <i>1 0 0 0 1 0 0 0 1 1.52 3.73583 -2.31067</i>
                        <i>1 0 0 0 1 0 0 0 1 1.52366 3.779 -2.30371</i>
                        <i>1 0 0 0 1 0 0 0 1 1.52689 3.81757 -2.29747</i>
                        <i>1 0 0 0 1 0 0 0 1 1.52491 3.80645 -2.29973</i>
                        <i>1 0 0 0 1 0 0 0 1 1.52284 3.7852 -2.3023</i>
                        <i>1 0 0 0 1 0 0 0 1 1.52094 3.73633 -2.30657</i>
                        <i>1 0 0 0 1 0 0 0 1 1.51913 3.69661 -2.31067</i>
                        <i>1 0 0 0 1 0 0 0 1 1.52329 3.73725 -2.30137</i>
                        <i>1 0 0 0 1 0 0 0 1 1.52691 3.77327 -2.29309</i>
                        <i>1 0 0 0 1 0 0 0 1 1.52531 3.76178 -2.29507</i>
                        <i>1 0 0 0 1 0 0 0 1 1.52352 3.74029 -2.2973</i>
                        <i>1 0 0 0 1 0 0 0 1 1.52175 3.69266 -2.30155</i>
                        <i>1 0 0 0 1 0 0 0 1 1.52001 3.6546 -2.30569</i>
                        <i>1 0 0 0 1 0 0 0 1 1.52419 3.69701 -2.29903</i>
                        <i>1 0 0 0 1 0 0 0 1 1.52787 3.73494 -2.29309</i>
                        <i>1 0 0 0 1 0 0 0 1 1.52632 3.72343 -2.29507</i>
                        <i>1 0 0 0 1 0 0 0 1 1.52455 3.70195 -2.2973</i>
                        <i>1 0 0 0 1 0 0 0 1 1.52267 3.68038 -2.30155</i>
                        <i>1 0 0 0 1 0 0 0 1 1.5208 3.67334 -2.30569</i>
                        <i>1 0 0 0 1 0 0 0 1 1.52487 3.71369 -2.29903</i>
                        <i>1 0 0 0 1 0 0 0 1 1.52842 3.77146 -2.29309</i>
                    </KeyFrames>
                </p>
            </i>
            <i>
                <p>
                    <Name><![CDATA[spine0]]></Name>
                    <Exclude>0</Exclude>
                    <Additive>0</Additive>
                    <IKPriority>0</IKPriority>
                    <IKRotLimits>-1e+010 -1e+010 -1e+010 1e+010 1e+010 1e+010</IKRotLimits>
                    <IKRotLimitOrder>0</IKRotLimitOrder>
                    <KeyFrames count="121">
                        <i>-0.0821314 0.990368 0.111474 -0.996589 -0.0825195 -0.00113615 0.0080736 -0.111187 0.993767 1.52984 3.88645 -2.33933</i>
                        <i>-0.0877369 0.992339 0.0869749 -0.996118 -0.088021 -0.000569618 0.00709037 -0.0866873 0.99621 1.52739 3.8698 -2.34214</i>
                        <i>-0.0945153 0.993828 0.0580796 -0.995508 -0.0946751 1.29365e-013 0.00549869 -0.0578187 0.998312 1.52459 3.87472 -2.3452</i>
                        <i>-0.103668 0.994567 -0.00944982 -0.994612 -0.103662 0.00106582 8.04431e-005 0.0095094 0.999955 1.52164 3.86023 -2.35091</i>
                        <i>-0.109541 0.991666 -0.0678231 -0.993968 -0.109649 0.00214685 -0.00530774 0.0676492 0.997695 1.51866 3.86208 -2.35652</i>
                        <i>-0.0883146 0.995999 0.013685 -0.996091 -0.0883285 0.000414741 0.00162185 -0.0135948 0.999906 1.52368 3.90698 -2.34757</i>
                        <i>-0.0669974 0.99152 0.111349 -0.997732 -0.067312 -0.000936128 0.00656697 -0.11116 0.993781 1.52816 3.94357 -2.33933</i>
                        <i>-0.068104 0.993899 0.0867577 -0.997663 -0.0683235 -0.000440468 0.00548981 -0.086585 0.996229 1.52523 3.93244 -2.34214</i>
                        <i>-0.0702229 0.995859 0.0577363 -0.997523 -0.0703403 8.91821e-014 0.00406119 -0.0575933 0.998332 1.52206 3.91132 -2.3452</i>
                        <i>-0.0741231 0.997062 -0.0193171 -0.997249 -0.0741109 0.00134538 -9.01803e-005 0.0193637 0.999812 1.51899 3.88652 -2.35581</i>
                        <i>-0.0753878 0.993338 -0.0871622 -0.997146 -0.0754547 0.00253054 -0.00406312 0.0871042 0.996191 1.51603 3.8769 -2.36626</i>
                        <i>-0.0534006 0.998566 0.00382763 -0.998573 -0.0534037 0.000712109 0.000915497 -0.00378414 0.999992 1.52115 3.91855 -2.35222</i>
                        <i>-0.0316379 0.993309 0.111066 -0.999495 -0.031781 -0.000481932 0.00305107 -0.111025 0.993813 1.52577 3.95537 -2.33933</i>
                        <i>-0.0306927 0.995789 0.086384 -0.999526 -0.0307903 -0.000202262 0.00245838 -0.0863492 0.996262 1.52304 3.94393 -2.34214</i>
                        <i>-0.0303011 0.997899 0.0572644 -0.999539 -0.0303509 2.88485e-013 0.00173803 -0.057238 0.998359 1.52022 3.92239 -2.3452</i>
                        <i>-0.0309057 0.999464 -0.0108154 -0.999522 -0.0309049 0.000248642 -8.5739e-005 0.0108179 0.999941 1.51784 3.87703 -2.35091</i>
                        <i>-0.0300361 0.997115 -0.0697135 -0.999547 -0.0300833 0.00037342 -0.00172487 0.0696932 0.997567 1.51571 3.8418 -2.35652</i>
                        <i>-0.0105166 0.999733 0.0205807 -0.999945 -0.0105183 -2.77503e-005 0.000188731 -0.0205798 0.999788 1.52157 3.88267 -2.34352</i>
                        <i>0.00873697 0.991886 0.126831 -0.999961 0.00880683 9.87598e-006 -0.00110719 -0.126826 0.991924 1.52699 3.91869 -2.33162</i>
                        <i>0.00910122 0.99552 0.0941072 -0.999958 0.00913451 7.70041e-005 -0.000782964 -0.094104 0.995562 1.52522 3.9086 -2.3381</i>
                        <i>0.00916112 0.998337 0.0569087 -0.999958 0.00917599 5.31169e-013 -0.000522193 -0.0569063 0.998379 1.52336 3.88836 -2.3452</i>
                        <i>0.00849849 0.999887 -0.012425 -0.999964 0.00849706 -0.000167978 -6.23823e-005 0.012426 0.999923 1.52156 3.84661 -2.35152</i>
                        <i>0.00776673 0.997333 -0.0725762 -0.99997 0.00775624 -0.000426324 0.000137732 0.0725773 0.997363 1.51975 3.81632 -2.35773</i>
                        <i>0.0218211 0.999701 0.0110279 -0.999762 0.0218238 -0.000123258 -0.000363891 -0.0110225 0.999939 1.52597 3.85859 -2.34815</i>
                        <i>0.0357209 0.993226 0.110574 -0.999355 0.0359085 0.000295068 -0.00367747 -0.110513 0.993868 1.5317 3.89633 -2.33933</i>
                        <i>0.0317686 0.995798 0.0858879 -0.999492 0.0318733 0.000151514 -0.00258666 -0.0858491 0.996305 1.53017 3.88391 -2.34214</i>
                        <i>0.0271723 0.998016 0.056787 -0.99963 0.0272162 1.70485e-013 -0.00154553 -0.056766 0.998386 1.52836 3.86159 -2.3452</i>
                        <i>0.021099 0.999713 -0.0113633 -0.999777 0.0210975 -0.000254253 -1.44431e-005 0.0113662 0.999935 1.52607 3.80895 -2.35091</i>
                        <i>0.013513 0.997434 -0.0703094 -0.999909 0.0135149 -0.000447735 0.00050364 0.070309 0.997525 1.52358 3.76485 -2.35652</i>
                        <i>0.0201638 0.999722 0.0122229 -0.999797 0.0201662 -7.94248e-005 -0.000325893 -0.0122188 0.999925 1.52924 3.80798 -2.34757</i>
                        <i>0.027159 0.993487 0.110657 -0.999627 0.0273084 0.000165518 -0.00285744 -0.110621 0.993859 1.53432 3.84678 -2.33933</i>
                        <i>0.0159246 0.996165 0.0860296 -0.999872 0.0159799 4.60523e-005 -0.00132887 -0.0860194 0.996293 1.53198 3.83533 -2.34214</i>
                        <i>0.00357185 0.998368 0.0569924 -0.999994 0.00357766 3.54497e-012 -0.0002039 -0.056992 0.998375 1.5291 3.8142 -2.3452</i>
                        <i>-0.0109833 0.999808 -0.0162127 -0.99994 -0.0109825 0.000134371 -4.37113e-005 0.0162132 0.999869 1.5257 3.81773 -2.35366</i>
                        <i>-0.0262783 0.996443 -0.0800727 -0.999654 -0.0263165 0.000579238 -0.00153005 0.0800601 0.996789 1.52215 3.84229 -2.36199</i>
                        <i>-0.0227954 0.999712 0.00748418 -0.99974 -0.0227979 0.000240049 0.000410603 -0.00747676 0.999972 1.52663 3.88441 -2.35018</i>
                        <i>-0.0181277 0.993657 0.110987 -0.999834 -0.0182006 -0.000356183 0.00166611 -0.110975 0.993822 1.53053 3.92243 -2.33933</i>
                        <i>-0.0332659 0.995702 0.0864321 -0.999443 -0.0333706 -0.000234205 0.00265109 -0.0863917 0.996258 1.52704 3.912 -2.34214</i>
                        <i>-0.0497158 0.997107 0.0574984 -0.998759 -0.0497982 -2.56569e-013 0.00286332 -0.057427 0.998346 1.52324 3.89157 -2.3452</i>
                        <i>-0.0689673 0.997567 -0.0101793 -0.997619 -0.0689641 0.000673739 -2.99095e-005 0.0102016 0.999948 1.51952 3.86642 -2.35091</i>
                        <i>-0.0871911 0.993836 -0.0684704 -0.996182 -0.0872853 0.00162071 -0.00436574 0.0683503 0.997652 1.51601 3.85694 -2.35652</i>
                        <i>-0.0805766 0.996657 0.0135058 -0.996747 -0.0805889 0.000367858 0.00145505 -0.0134323 0.999909 1.52061 3.90128 -2.34757</i>
                        <i>-0.0724363 0.991135 0.111374 -0.997347 -0.0727808 -0.000974695 0.00713981 -0.111149 0.993778 1.52484 3.94091 -2.33933</i>
                        <i>-0.086238 0.992476 0.0869204 -0.99625 -0.0865189 -0.000537682 0.00698661 -0.0866408 0.996215 1.52181 3.92974 -2.34214</i>
                        <i>-0.1015 0.993136 0.0581256 -0.994818 -0.101672 2.04073e-014 0.00590975 -0.0578244 0.998309 1.51885 3.90829 -2.3452</i>
                        <i>-0.119868 0.992563 -0.0212217 -0.99279 -0.119841 0.00255259 -9.61447e-006 0.0213746 0.999772 1.51654 3.86733 -2.35734</i>
                        <i>-0.135312 0.9866 -0.0911639 -0.99078 -0.135367 0.00560365 -0.00681202 0.0910816 0.99582 1.51454 3.83659 -2.36932</i>
                        <i>-0.120995 0.992649 -0.00293016 -0.992651 -0.120988 0.00260731 0.00223363 0.0032241 0.999992 1.52065 3.87787 -2.35631</i>
                        <i>-0.105374 0.989254 0.101355 -0.994377 -0.105898 -0.000207258 0.0105282 -0.100807 0.99485 1.52637 3.91425 -2.34432</i>
                        <i>-0.113294 0.990578 0.0769335 -0.993519 -0.113669 0.000502469 0.00924271 -0.0763779 0.997036 1.52483 3.90157 -2.34736</i>
                        <i>-0.122586 0.991289 0.0481635 -0.992432 -0.122789 0.00126695 0.00716984 -0.0476437 0.998839 1.52327 3.87877 -2.35069</i>
                        <i>-0.134649 0.990796 -0.0138718 -0.990893 -0.134633 0.00207648 0.000189758 0.0140251 0.999902 1.52182 3.82141 -2.35366</i>
                        <i>-0.143688 0.987369 -0.0667479 -0.9896 -0.143816 0.00291502 -0.00672122 0.0664726 0.997766 1.52032 3.77168 -2.35652</i>
                        <i>-0.122705 0.992338 0.0144219 -0.99244 -0.122726 0.000588491 0.00235392 -0.0142407 0.999896 1.52684 3.81385 -2.34757</i>
                        <i>-0.102109 0.988488 0.111644 -0.994722 -0.102594 -0.00140883 0.0100614 -0.111199 0.993747 1.53289 3.85151 -2.33933</i>
                        <i>-0.106348 0.990497 0.0872082 -0.994292 -0.106693 -0.000702323 0.00860889 -0.0867851 0.99619 1.53171 3.83875 -2.34214</i>
                        <i>-0.112987 0.991879 0.0584025 -0.993574 -0.113181 2.96152e-014 0.00661003 -0.0580272 0.998293 1.53023 3.81612 -2.3452</i>
                        <i>-0.123426 0.992254 -0.0140444 -0.992354 -0.123411 0.00196802 0.000219543 0.01418 0.999899 1.52804 3.75392 -2.35366</i>
                        <i>-0.131059 0.988355 -0.0773178 -0.991356 -0.131141 0.00403732 -0.00614921 0.0771786 0.996998 1.52553 3.69473 -2.36199</i>
                        <i>-0.109729 0.993954 0.00388582 -0.993959 -0.109737 0.00173883 0.00215473 -0.00367154 0.999991 1.5313 3.73562 -2.3528</i>
                        <i>-0.0890695 0.990863 0.101277 -0.995986 -0.0895105 -0.000191189 0.00887595 -0.100888 0.994858 1.53648 3.79412 -2.34432</i>
                        <i>-0.0929404 0.992708 0.0767693 -0.995643 -0.0932495 0.000443931 0.0075994 -0.0763936 0.997049 1.53424 3.78265 -2.34736</i>
                        <i>-0.0991121 0.993924 0.0478792 -0.995059 -0.0992775 0.00108196 0.00582871 -0.0475354 0.998853 1.53146 3.76146 -2.35069</i>
                        <i>-0.108757 0.993876 -0.0195736 -0.994068 -0.108733 0.00229439 0.00015205 0.019707 0.999806 1.52803 3.7568 -2.35642</i>
                        <i>-0.115799 0.990218 -0.0778332 -0.993257 -0.115878 0.00351554 -0.00553802 0.0777155 0.99696 1.52448 3.77128 -2.36199</i>
                        <i>-0.0954444 0.995397 0.00871841 -0.995433 -0.0954565 0.000980516 0.00180823 -0.00858501 0.999961 1.52903 3.81335 -2.35018</i>
                        <i>-0.0756169 0.99089 0.111443 -0.99711 -0.0759695 -0.00108526 0.00739087 -0.111203 0.99377 1.53306 3.85132 -2.33933</i>
                        <i>-0.079315 0.993054 0.0869044 -0.996829 -0.0795702 -0.000528329 0.00639035 -0.0866707 0.996217 1.52979 3.84084 -2.34214</i>
                        <i>-0.0848279 0.994708 0.0579617 -0.996383 -0.0849707 7.74832e-014 0.00492505 -0.0577521 0.998319 1.52618 3.82037 -2.3452</i>
                        <i>-0.0931612 0.995604 -0.00966428 -0.995651 -0.0931563 0.000957922 5.3422e-005 0.00971149 0.999953 1.52246 3.78646 -2.35091</i>
                        <i>-0.0990572 0.992748 -0.0681081 -0.99507 -0.0991569 0.00192243 -0.0048449 0.0679628 0.997676 1.51893 3.77326 -2.35652</i>
                        <i>-0.0794045 0.996751 0.0135208 -0.996841 -0.0794168 0.000372005 0.00144458 -0.0134486 0.999909 1.52357 3.84061 -2.34757</i>
                        <i>-0.0599636 0.991977 0.111294 -0.998183 -0.0602438 -0.000846762 0.00586478 -0.111142 0.993787 1.52785 3.90984 -2.33933</i>
                        <i>-0.0628606 0.994249 0.0867031 -0.998009 -0.0630629 -0.000407026 0.00506306 -0.0865561 0.996234 1.52497 3.90195 -2.34214</i>
                        <i>-0.0670315 0.996081 0.0576965 -0.997743 -0.0671433 1.80272e-014 0.00387394 -0.0575663 0.998334 1.52213 3.87721 -2.3452</i>
                        <i>-0.0734034 0.997284 -0.00605932 -0.997302 -0.073402 0.000452834 6.8379e-006 0.00607621 0.999982 1.51958 3.86339 -2.34878</i>
                        <i>-0.0777479 0.995128 -0.0606248 -0.996966 -0.0778367 0.000898825 -0.00382439 0.0605107 0.99816 1.51721 3.8691 -2.35228</i>
                        <i>-0.0586739 0.998051 0.021244 -0.998277 -0.058683 -0.000192818 0.00105422 -0.0212187 0.999774 1.5229 3.91217 -2.34352</i>
                        <i>-0.0397281 0.992079 0.11917 -0.999203 -0.0398933 -0.000999795 0.0037622 -0.119114 0.992873 1.52818 3.95061 -2.33547</i>
                        <i>-0.0421152 0.994628 0.0945609 -0.999107 -0.0422418 -0.00066279 0.0033352 -0.0945044 0.995519 1.52623 3.93853 -2.3381</i>
                        <i>-0.045572 0.99681 0.0655272 -0.998958 -0.0456461 -0.000365812 0.00262642 -0.0654756 0.997851 1.52415 3.9164 -2.34095</i>
                        <i>-0.0509083 0.9987 -0.00238008 -0.998703 -0.0509081 0.000126067 4.738e-006 0.00238341 0.999997 1.52207 3.89367 -2.34665</i>
                        <i>-0.0547677 0.996628 -0.0610962 -0.998495 -0.0548328 0.000612176 -0.00273996 0.0610378 0.998132 1.52001 3.88784 -2.35228</i>
                        <i>-0.037247 0.999163 0.0169183 -0.999306 -0.0372528 2.62298e-005 0.000656463 -0.0169056 0.999857 1.52597 3.93168 -2.34554</i>
                        <i>-0.0197572 0.993624 0.111004 -0.999803 -0.0198372 -0.000383891 0.00182057 -0.11099 0.99382 1.53148 3.97107 -2.33933</i>
                        <i>-0.0226759 0.996536 0.0800169 -0.999741 -0.0227494 7.23332e-006 0.00182755 -0.079996 0.996794 1.52972 3.9606 -2.34532</i>
                        <i>-0.026468 0.998655 0.0445783 -0.999648 -0.0265104 0.000360099 0.0015414 -0.0445531 0.999006 1.52769 3.94013 -2.35192</i>
                        <i>-0.0318875 0.999217 -0.0234397 -0.999491 -0.0318803 0.000680421 -6.73781e-005 0.0234495 0.999725 1.52532 3.90819 -2.35765</i>
                        <i>-0.0363503 0.995955 -0.082177 -0.999337 -0.0363928 0.000981299 -0.00201332 0.0821582 0.996617 1.52284 3.88811 -2.36321</i>
                        <i>-0.0210782 0.999778 -3.51136e-005 -0.999778 -0.0210782 0.000412469 0.000411638 4.38e-005 1 1.52847 3.92928 -2.35397</i>
                        <i>-0.00570797 0.995144 0.0982611 -0.999984 -0.00573663 9.16131e-006 0.000572804 -0.0982594 0.995161 1.53354 3.98789 -2.34544</i>
                        <i>-0.0101137 0.997239 0.0735719 -0.999949 -0.0101499 0.000117461 0.000863883 -0.0735669 0.99729 1.5312 3.97633 -2.34852</i>
                        <i>-0.0153085 0.998894 0.044466 -0.999882 -0.0153337 0.000223704 0.000905282 -0.0444573 0.999011 1.52843 3.95494 -2.35192</i>
                        <i>-0.0220475 0.999479 -0.0235835 -0.999757 -0.0220431 0.000447031 -7.30558e-005 0.0235876 0.999722 1.52521 3.91063 -2.35765</i>
                        <i>-0.0282076 0.996205 -0.0823448 -0.999601 -0.0282475 0.000680665 -0.00164795 0.0823311 0.996604 1.52192 3.87416 -2.36321</i>
                        <i>-0.0154565 0.999881 -0.000121863 -0.99988 -0.0154564 0.000295456 0.000293537 0.000126415 1 1.52683 3.91716 -2.35397</i>
                        <i>-0.00237651 0.995162 0.0982226 -0.999997 -0.00238872 6.76715e-006 0.000241361 -0.0982223 0.995164 1.53125 3.95613 -2.34544</i>
                        <i>-0.00895727 0.997252 0.0735445 -0.99996 -0.00898878 9.73603e-005 0.000758167 -0.0735406 0.997292 1.52827 3.94511 -2.34852</i>
                        <i>-0.0167582 0.998871 0.044459 -0.999859 -0.0167843 0.000214977 0.000960947 -0.0444491 0.999011 1.52503 3.92411 -2.35192</i>
                        <i>-0.0266559 0.999367 -0.023551 -0.999645 -0.0266515 0.0005017 -0.000126287 0.023556 0.999722 1.52172 3.89024 -2.35765</i>
                        <i>-0.0364862 0.995945 -0.0822316 -0.999332 -0.0365372 0.000885567 -0.00212253 0.0822089 0.996613 1.51855 3.86975 -2.36321</i>
                        <i>-0.0269715 0.999636 -1.84134e-006 -0.999636 -0.0269715 0.000456481 0.000456266 1.41526e-005 1 1.52355 3.91379 -2.35397</i>
                        <i>-0.0168834 0.995012 0.0983213 -0.999856 -0.0169669 1.28777e-005 0.00168102 -0.0983069 0.995155 1.52815 3.9532 -2.34544</i>
                        <i>-0.026787 0.996921 0.073692 -0.999639 -0.026875 0.000203047 0.0021829 -0.0736599 0.997281 1.52544 3.94179 -2.34852</i>
                        <i>-0.0378355 0.998285 0.0446688 -0.999282 -0.0378941 0.000464053 0.00215594 -0.0446192 0.999002 1.52265 3.92023 -2.35192</i>
                        <i>-0.0512588 0.998416 -0.0231834 -0.998685 -0.0512482 0.00105529 -0.000134481 0.023207 0.999731 1.52007 3.87081 -2.35765</i>
                        <i>-0.0639809 0.994604 -0.0816613 -0.997945 -0.0640474 0.00180875 -0.00343119 0.0816092 0.996659 1.51759 3.83052 -2.36321</i>
                        <i>-0.0544461 0.998494 0.00675176 -0.998516 -0.0544513 0.000591373 0.000958124 -0.00670954 0.999977 1.52313 3.87236 -2.35077</i>
                        <i>-0.0440501 0.992824 0.111173 -0.99902 -0.0442518 -0.000654093 0.00427021 -0.111093 0.993801 1.52817 3.9095 -2.33933</i>
                        <i>-0.0548077 0.994732 0.0866296 -0.998487 -0.0549832 -0.000361392 0.00440368 -0.0865183 0.99624 1.52587 3.89772 -2.34214</i>
                        <i>-0.0670194 0.996081 0.0577067 -0.997744 -0.0671313 -8.16465e-014 0.00387393 -0.0575765 0.998334 1.52339 3.87594 -2.3452</i>
                        <i>-0.0820849 0.996576 -0.0099118 -0.996625 -0.0820807 0.000826347 9.94943e-006 0.00994618 0.999951 1.52095 3.82778 -2.35091</i>
                        <i>-0.0955064 0.993089 -0.0682103 -0.995418 -0.095604 0.00183929 -0.0046946 0.0680734 0.997669 1.51855 3.78918 -2.35652</i>
                        <i>-0.0833387 0.996428 0.0135992 -0.99652 -0.0833517 0.000392558 0.00152467 -0.0135191 0.999907 1.52413 3.83243 -2.34757</i>
                        <i>-0.0703403 0.991285 0.111381 -0.997499 -0.0706705 -0.000985973 0.00689394 -0.111171 0.993777 1.52923 3.87116 -2.33933</i>
                        <i>-0.0797323 0.993022 0.0868883 -0.996796 -0.0799899 -0.000518818 0.00643498 -0.0866512 0.996218 1.52699 3.85937 -2.34214</i>
                        <i>-0.0906954 0.994187 0.058026 -0.995865 -0.0908485 7.5287e-014 0.00527158 -0.0577861 0.998315 1.52452 3.83761 -2.3452</i>
                        <i>-0.104623 0.994467 -0.00942413 -0.994512 -0.104618 0.00107858 8.6683e-005 0.00948525 0.999955 1.52197 3.8155 -2.35091</i>
                        <i>-0.1159 0.990956 -0.0676258 -0.993245 -0.116011 0.00229645 -0.00556962 0.0674351 0.997708 1.51942 3.80792 -2.35652</i>
                        <i>-0.099339 0.994956 0.0139109 -0.995052 -0.0993551 0.000470954 0.0018507 -0.0137953 0.999903 1.52489 3.84911 -2.34757</i>
                        <i>-0.0821314 0.990368 0.111474 -0.996589 -0.0825195 -0.00113615 0.0080736 -0.111187 0.993767 1.52984 3.90768 -2.33933</i>
                    </KeyFrames>
                </p>
            </i>
            <i>
                <p>
                    <Name><![CDATA[spine1]]></Name>
                    <Exclude>0</Exclude>
                    <Additive>0</Additive>
                    <IKPriority>0</IKPriority>
                    <IKRotLimits>-1e+010 -1e+010 -1e+010 1e+010 1e+010 1e+010</IKRotLimits>
                    <IKRotLimitOrder>0</IKRotLimitOrder>
                    <KeyFrames count="121">
                        <i>-0.0731826 0.892151 0.44577 -0.996946 -0.0776564 -0.00825043 0.0272563 -0.445012 0.89511 1.51553 4.059 -2.31993</i>
                        <i>-0.0800819 0.907494 0.41236 -0.996434 -0.0839076 -0.00885319 0.0265659 -0.411599 0.910978 1.51233 4.04013 -2.32721</i>
                        <i>-0.0888194 0.925292 0.368708 -0.99569 -0.0924037 -0.00796341 0.0267014 -0.367826 0.929511 1.50904 4.03826 -2.3356</i>
                        <i>-0.106768 0.961841 0.251918 -0.994086 -0.108323 -0.00772877 0.0198546 -0.251253 0.967718 1.50616 4.00869 -2.35219</i>
                        <i>-0.120538 0.983255 0.136674 -0.992672 -0.120574 -0.00804343 0.00857068 -0.136642 0.990583 1.50349 3.99943 -2.36571</i>
                        <i>-0.0805744 0.952096 0.294992 -0.996577 -0.0824472 -0.00610495 0.0185088 -0.294474 0.95548 1.50987 4.06263 -2.34534</i>
                        <i>-0.0468672 0.893608 0.446395 -0.998657 -0.0517924 -0.0011698 0.0220746 -0.445851 0.894835 1.5165 4.11612 -2.31997</i>
                        <i>-0.045383 0.909578 0.413048 -0.99876 -0.0497773 -0.000122018 0.0204494 -0.412541 0.910709 1.51356 4.10279 -2.32727</i>
                        <i>-0.0445213 0.928209 0.369386 -0.998822 -0.0485026 0.00149364 0.0193026 -0.368884 0.929275 1.51052 4.07491 -2.33567</i>
                        <i>-0.0480772 0.968752 0.243327 -0.998761 -0.0497509 0.000733972 0.0128168 -0.24299 0.969944 1.50795 4.03503 -2.35855</i>
                        <i>-0.0474483 0.991872 0.118059 -0.998864 -0.0476304 -0.00128035 0.00435328 -0.117986 0.993006 1.50561 4.01414 -2.3781</i>
                        <i>-0.0140653 0.95803 0.286324 -0.999851 -0.0163454 0.00557463 0.0100207 -0.286203 0.958117 1.51282 4.07435 -2.35153</i>
                        <i>0.0137626 0.894635 0.446585 -0.999858 0.00795611 0.0148748 0.00975445 -0.446726 0.894618 1.52027 4.12806 -2.32004</i>
                        <i>0.0196725 0.910552 0.412926 -0.99977 0.0143726 0.0159374 0.00857699 -0.413144 0.910625 1.51779 4.11449 -2.32734</i>
                        <i>0.0269413 0.92908 0.368897 -0.999613 0.0224647 0.0164258 0.00697369 -0.369197 0.929325 1.51525 4.08627 -2.33575</i>
                        <i>0.0360764 0.967243 0.251275 -0.999346 0.0342493 0.0116421 0.00265477 -0.251531 0.967846 1.51324 4.02592 -2.35239</i>
                        <i>0.0474446 0.989712 0.134978 -0.998874 0.0470892 0.00582623 -0.000589724 -0.135103 0.990831 1.51156 3.97969 -2.36596</i>
                        <i>0.0650387 0.951272 0.301416 -0.997883 0.0621157 0.0192828 -0.000379461 -0.302032 0.953298 1.51993 4.03885 -2.34021</i>
                        <i>0.0803536 0.884636 0.459306 -0.996756 0.0734471 0.032917 -0.00461511 -0.460461 0.887668 1.52851 4.09137 -2.30956</i>
                        <i>0.0859147 0.904192 0.418396 -0.996293 0.0797546 0.0322251 -0.00423131 -0.419614 0.907693 1.52678 4.07942 -2.32195</i>
                        <i>0.0941871 0.925513 0.366816 -0.995541 0.0894891 0.0298345 -0.00521379 -0.36799 0.929815 1.52486 4.05268 -2.33579</i>
                        <i>0.108567 0.962657 0.248003 -0.994068 0.10675 0.0208027 -0.00644844 -0.24879 0.968536 1.52283 3.99602 -2.35324</i>
                        <i>0.121567 0.983918 0.130869 -0.992572 0.121131 0.0113198 -0.00471446 -0.131273 0.991335 1.52083 3.95475 -2.3676</i>
                        <i>0.121096 0.949148 0.290611 -0.992607 0.118204 0.0275543 -0.00819814 -0.291799 0.956445 1.52938 4.0152 -2.34633</i>
                        <i>0.122269 0.888134 0.443022 -0.992397 0.115743 0.0418575 -0.0141018 -0.444772 0.895533 1.53793 4.0696 -2.32006</i>
                        <i>0.121218 0.904225 0.409491 -0.992558 0.115233 0.0393649 -0.0115921 -0.411215 0.911465 1.53563 4.05509 -2.32738</i>
                        <i>0.122547 0.922674 0.365589 -0.992404 0.117938 0.0350068 -0.0108169 -0.367102 0.930118 1.53284 4.02611 -2.3358</i>
