<?xml version="1.0" encoding="ISO-8859-1" ?>
<Animl Version="1">
    <ModellingPackage><![CDATA[Maya.2010]]></ModellingPackage>
    <SrcFile><![CDATA[anims\turrets\antiair\red\~src\aa_zu232\aa_zu232_crew_idle_crewmanb.mb]]></SrcFile>
    <FramesPerSecond>30</FramesPerSecond>
    <TotalFrames>120</TotalFrames>
    <Skeleton>
        <RefFrame>
            <Name><![CDATA[soldier_ref_frame]]></Name>
            <Exclude>0</Exclude>
            <Additive>0</Additive>
            <IKPriority>0</IKPriority>
            <IKRotLimits>-1e+010 -1e+010 -1e+010 1e+010 1e+010 1e+010</IKRotLimits>
            <IKRotLimitOrder>0</IKRotLimitOrder>
            <KeyFrames count="120">
                <i>1 0 0 0 1 0 0 0 1 -0.64 2.65 -2.63</i>
                <i>1 0 0 0 1 0 0 0 1 -0.64 2.65 -2.63</i>
                <i>1 0 0 0 1 0 0 0 1 -0.64 2.65 -2.63</i>
                <i>1 0 0 0 1 0 0 0 1 -0.64 2.65 -2.63</i>
                <i>1 0 0 0 1 0 0 0 1 -0.64 2.65 -2.63</i>
                <i>1 0 0 0 1 0 0 0 1 -0.64 2.65 -2.63</i>
                <i>1 0 0 0 1 0 0 0 1 -0.64 2.65 -2.63</i>
                <i>1 0 0 0 1 0 0 0 1 -0.64 2.65 -2.63</i>
                <i>1 0 0 0 1 0 0 0 1 -0.64 2.65 -2.63</i>
                <i>1 0 0 0 1 0 0 0 1 -0.64 2.65 -2.63</i>
                <i>1 0 0 0 1 0 0 0 1 -0.64 2.65 -2.63</i>
                <i>1 0 0 0 1 0 0 0 1 -0.64 2.65 -2.63</i>
                <i>1 0 0 0 1 0 0 0 1 -0.64 2.65 -2.63</i>
                <i>1 0 0 0 1 0 0 0 1 -0.64 2.65 -2.63</i>
                <i>1 0 0 0 1 0 0 0 1 -0.64 2.65 -2.63</i>
                <i>1 0 0 0 1 0 0 0 1 -0.64 2.65 -2.63</i>
                <i>1 0 0 0 1 0 0 0 1 -0.64 2.65 -2.63</i>
                <i>1 0 0 0 1 0 0 0 1 -0.64 2.65 -2.63</i>
                <i>1 0 0 0 1 0 0 0 1 -0.64 2.65 -2.63</i>
                <i>1 0 0 0 1 0 0 0 1 -0.64 2.65 -2.63</i>
                <i>1 0 0 0 1 0 0 0 1 -0.64 2.65 -2.63</i>
                <i>1 0 0 0 1 0 0 0 1 -0.64 2.65 -2.63</i>
                <i>1 0 0 0 1 0 0 0 1 -0.64 2.65 -2.63</i>
                <i>1 0 0 0 1 0 0 0 1 -0.64 2.65 -2.63</i>
                <i>1 0 0 0 1 0 0 0 1 -0.64 2.65 -2.63</i>
                <i>1 0 0 0 1 0 0 0 1 -0.64 2.65 -2.63</i>
                <i>1 0 0 0 1 0 0 0 1 -0.64 2.65 -2.63</i>
                <i>1 0 0 0 1 0 0 0 1 -0.64 2.65 -2.63</i>
                <i>1 0 0 0 1 0 0 0 1 -0.64 2.65 -2.63</i>
                <i>1 0 0 0 1 0 0 0 1 -0.64 2.65 -2.63</i>
                <i>1 0 0 0 1 0 0 0 1 -0.64 2.65 -2.63</i>
                <i>1 0 0 0 1 0 0 0 1 -0.64 2.65 -2.63</i>
                <i>1 0 0 0 1 0 0 0 1 -0.64 2.65 -2.63</i>
                <i>1 0 0 0 1 0 0 0 1 -0.64 2.65 -2.63</i>
                <i>1 0 0 0 1 0 0 0 1 -0.64 2.65 -2.63</i>
                <i>1 0 0 0 1 0 0 0 1 -0.64 2.65 -2.63</i>
                <i>1 0 0 0 1 0 0 0 1 -0.64 2.65 -2.63</i>
                <i>1 0 0 0 1 0 0 0 1 -0.64 2.65 -2.63</i>
                <i>1 0 0 0 1 0 0 0 1 -0.64 2.65 -2.63</i>
                <i>1 0 0 0 1 0 0 0 1 -0.64 2.65 -2.63</i>
                <i>1 0 0 0 1 0 0 0 1 -0.64 2.65 -2.63</i>
                <i>1 0 0 0 1 0 0 0 1 -0.64 2.65 -2.63</i>
                <i>1 0 0 0 1 0 0 0 1 -0.64 2.65 -2.63</i>
                <i>1 0 0 0 1 0 0 0 1 -0.64 2.65 -2.63</i>
                <i>1 0 0 0 1 0 0 0 1 -0.64 2.65 -2.63</i>
                <i>1 0 0 0 1 0 0 0 1 -0.64 2.65 -2.63</i>
                <i>1 0 0 0 1 0 0 0 1 -0.64 2.65 -2.63</i>
                <i>1 0 0 0 1 0 0 0 1 -0.64 2.65 -2.63</i>
                <i>1 0 0 0 1 0 0 0 1 -0.64 2.65 -2.63</i>
                <i>1 0 0 0 1 0 0 0 1 -0.64 2.65 -2.63</i>
                <i>1 0 0 0 1 0 0 0 1 -0.64 2.65 -2.63</i>
                <i>1 0 0 0 1 0 0 0 1 -0.64 2.65 -2.63</i>
                <i>1 0 0 0 1 0 0 0 1 -0.64 2.65 -2.63</i>
                <i>1 0 0 0 1 0 0 0 1 -0.64 2.65 -2.63</i>
                <i>1 0 0 0 1 0 0 0 1 -0.64 2.65 -2.63</i>
                <i>1 0 0 0 1 0 0 0 1 -0.64 2.65 -2.63</i>
                <i>1 0 0 0 1 0 0 0 1 -0.64 2.65 -2.63</i>
                <i>1 0 0 0 1 0 0 0 1 -0.64 2.65 -2.63</i>
                <i>1 0 0 0 1 0 0 0 1 -0.64 2.65 -2.63</i>
                <i>1 0 0 0 1 0 0 0 1 -0.64 2.65 -2.63</i>
                <i>1 0 0 0 1 0 0 0 1 -0.64 2.65 -2.63</i>
                <i>1 0 0 0 1 0 0 0 1 -0.64 2.65 -2.63</i>
                <i>1 0 0 0 1 0 0 0 1 -0.64 2.65 -2.63</i>
                <i>1 0 0 0 1 0 0 0 1 -0.64 2.65 -2.63</i>
                <i>1 0 0 0 1 0 0 0 1 -0.64 2.65 -2.63</i>
                <i>1 0 0 0 1 0 0 0 1 -0.64 2.65 -2.63</i>
                <i>1 0 0 0 1 0 0 0 1 -0.64 2.65 -2.63</i>
                <i>1 0 0 0 1 0 0 0 1 -0.64 2.65 -2.63</i>
                <i>1 0 0 0 1 0 0 0 1 -0.64 2.65 -2.63</i>
                <i>1 0 0 0 1 0 0 0 1 -0.64 2.65 -2.63</i>
                <i>1 0 0 0 1 0 0 0 1 -0.64 2.65 -2.63</i>
                <i>1 0 0 0 1 0 0 0 1 -0.64 2.65 -2.63</i>
                <i>1 0 0 0 1 0 0 0 1 -0.64 2.65 -2.63</i>
                <i>1 0 0 0 1 0 0 0 1 -0.64 2.65 -2.63</i>
                <i>1 0 0 0 1 0 0 0 1 -0.64 2.65 -2.63</i>
                <i>1 0 0 0 1 0 0 0 1 -0.64 2.65 -2.63</i>
                <i>1 0 0 0 1 0 0 0 1 -0.64 2.65 -2.63</i>
                <i>1 0 0 0 1 0 0 0 1 -0.64 2.65 -2.63</i>
                <i>1 0 0 0 1 0 0 0 1 -0.64 2.65 -2.63</i>
                <i>1 0 0 0 1 0 0 0 1 -0.64 2.65 -2.63</i>
                <i>1 0 0 0 1 0 0 0 1 -0.64 2.65 -2.63</i>
                <i>1 0 0 0 1 0 0 0 1 -0.64 2.65 -2.63</i>
                <i>1 0 0 0 1 0 0 0 1 -0.64 2.65 -2.63</i>
                <i>1 0 0 0 1 0 0 0 1 -0.64 2.65 -2.63</i>
                <i>1 0 0 0 1 0 0 0 1 -0.64 2.65 -2.63</i>
                <i>1 0 0 0 1 0 0 0 1 -0.64 2.65 -2.63</i>
                <i>1 0 0 0 1 0 0 0 1 -0.64 2.65 -2.63</i>
                <i>1 0 0 0 1 0 0 0 1 -0.64 2.65 -2.63</i>
                <i>1 0 0 0 1 0 0 0 1 -0.64 2.65 -2.63</i>
                <i>1 0 0 0 1 0 0 0 1 -0.64 2.65 -2.63</i>
                <i>1 0 0 0 1 0 0 0 1 -0.64 2.65 -2.63</i>
                <i>1 0 0 0 1 0 0 0 1 -0.64 2.65 -2.63</i>
                <i>1 0 0 0 1 0 0 0 1 -0.64 2.65 -2.63</i>
                <i>1 0 0 0 1 0 0 0 1 -0.64 2.65 -2.63</i>
                <i>1 0 0 0 1 0 0 0 1 -0.64 2.65 -2.63</i>
                <i>1 0 0 0 1 0 0 0 1 -0.64 2.65 -2.63</i>
                <i>1 0 0 0 1 0 0 0 1 -0.64 2.65 -2.63</i>
                <i>1 0 0 0 1 0 0 0 1 -0.64 2.65 -2.63</i>
                <i>1 0 0 0 1 0 0 0 1 -0.64 2.65 -2.63</i>
                <i>1 0 0 0 1 0 0 0 1 -0.64 2.65 -2.63</i>
                <i>1 0 0 0 1 0 0 0 1 -0.64 2.65 -2.63</i>
                <i>1 0 0 0 1 0 0 0 1 -0.64 2.65 -2.63</i>
                <i>1 0 0 0 1 0 0 0 1 -0.64 2.65 -2.63</i>
                <i>1 0 0 0 1 0 0 0 1 -0.64 2.65 -2.63</i>
                <i>1 0 0 0 1 0 0 0 1 -0.64 2.65 -2.63</i>
                <i>1 0 0 0 1 0 0 0 1 -0.64 2.65 -2.63</i>
                <i>1 0 0 0 1 0 0 0 1 -0.64 2.65 -2.63</i>
                <i>1 0 0 0 1 0 0 0 1 -0.64 2.65 -2.63</i>
                <i>1 0 0 0 1 0 0 0 1 -0.64 2.65 -2.63</i>
                <i>1 0 0 0 1 0 0 0 1 -0.64 2.65 -2.63</i>
                <i>1 0 0 0 1 0 0 0 1 -0.64 2.65 -2.63</i>
                <i>1 0 0 0 1 0 0 0 1 -0.64 2.65 -2.63</i>
                <i>1 0 0 0 1 0 0 0 1 -0.64 2.65 -2.63</i>
                <i>1 0 0 0 1 0 0 0 1 -0.64 2.65 -2.63</i>
                <i>1 0 0 0 1 0 0 0 1 -0.64 2.65 -2.63</i>
                <i>1 0 0 0 1 0 0 0 1 -0.64 2.65 -2.63</i>
                <i>1 0 0 0 1 0 0 0 1 -0.64 2.65 -2.63</i>
                <i>1 0 0 0 1 0 0 0 1 -0.64 2.65 -2.63</i>
                <i>1 0 0 0 1 0 0 0 1 -0.64 2.65 -2.63</i>
                <i>1 0 0 0 1 0 0 0 1 -0.64 2.65 -2.63</i>
            </KeyFrames>
        </RefFrame>
        <Bones count="23">
            <i>
                <p>
                    <Name><![CDATA[pelvis]]></Name>
                    <Exclude>0</Exclude>
                    <Additive>0</Additive>
                    <IKPriority>0</IKPriority>
                    <IKRotLimits>-1e+010 -1e+010 -1e+010 1e+010 1e+010 1e+010</IKRotLimits>
                    <IKRotLimitOrder>2</IKRotLimitOrder>
                    <KeyFrames count="120">
                        <i>1 0 0 0 1 0 0 0 1 -0.658239 3.62133 -2.63107</i>
                        <i>1 0 0 0 1 0 0 0 1 -0.658153 3.61815 -2.6356</i>
                        <i>1 0 0 0 1 0 0 0 1 -0.657915 3.61241 -2.64039</i>
                        <i>1 0 0 0 1 0 0 0 1 -0.657552 3.60486 -2.64538</i>
                        <i>1 0 0 0 1 0 0 0 1 -0.657094 3.59626 -2.65053</i>
                        <i>1 0 0 0 1 0 0 0 1 -0.656569 3.58739 -2.65578</i>
                        <i>1 0 0 0 1 0 0 0 1 -0.656006 3.579 -2.6611</i>
                        <i>1 0 0 0 1 0 0 0 1 -0.655434 3.57185 -2.66643</i>
                        <i>1 0 0 0 1 0 0 0 1 -0.65488 3.5667 -2.67173</i>
                        <i>1 0 0 0 1 0 0 0 1 -0.654375 3.56432 -2.67696</i>
                        <i>1 0 0 0 1 0 0 0 1 -0.653945 3.56434 -2.68205</i>
                        <i>1 0 0 0 1 0 0 0 1 -0.653621 3.56575 -2.68698</i>
                        <i>1 0 0 0 1 0 0 0 1 -0.65343 3.5684 -2.69169</i>
                        <i>1 0 0 0 1 0 0 0 1 -0.653401 3.57211 -2.69613</i>
                        <i>1 0 0 0 1 0 0 0 1 -0.653563 3.57671 -2.70026</i>
                        <i>1 0 0 0 1 0 0 0 1 -0.653945 3.58204 -2.70403</i>
                        <i>1 0 0 0 1 0 0 0 1 -0.654575 3.58793 -2.70739</i>
                        <i>1 0 0 0 1 0 0 0 1 -0.655481 3.5942 -2.7103</i>
                        <i>1 0 0 0 1 0 0 0 1 -0.656693 3.6007 -2.71272</i>
                        <i>1 0 0 0 1 0 0 0 1 -0.658239 3.60725 -2.71458</i>
                        <i>1 0 0 0 1 0 0 0 1 -0.662812 3.61788 -2.71244</i>
                        <i>1 0 0 0 1 0 0 0 1 -0.671544 3.63351 -2.70444</i>
                        <i>1 0 0 0 1 0 0 0 1 -0.682123 3.64932 -2.69294</i>
                        <i>1 0 0 0 1 0 0 0 1 -0.692238 3.66047 -2.6803</i>
                        <i>1 0 0 0 1 0 0 0 1 -0.699576 3.66214 -2.66886</i>
                        <i>1 0 0 0 1 0 0 0 1 -0.705322 3.65631 -2.65754</i>
                        <i>1 0 0 0 1 0 0 0 1 -0.711019 3.64839 -2.64475</i>
                        <i>1 0 0 0 1 0 0 0 1 -0.714887 3.63875 -2.63216</i>
                        <i>1 0 0 0 1 0 0 0 1 -0.715149 3.62772 -2.62141</i>
                        <i>1 0 0 0 1 0 0 0 1 -0.710027 3.61565 -2.61416</i>
                        <i>1 0 0 0 1 0 0 0 1 -0.695192 3.60288 -2.60915</i>
                        <i>1 0 0 0 1 0 0 0 1 -0.671831 3.58976 -2.60527</i>
                        <i>1 0 0 0 1 0 0 0 1 -0.646434 3.57663 -2.60443</i>
                        <i>1 0 0 0 1 0 0 0 1 -0.625493 3.56385 -2.60852</i>
                        <i>1 0 0 0 1 0 0 0 1 -0.615496 3.55175 -2.61947</i>
                        <i>1 0 0 0 1 0 0 0 1 -0.621362 3.54069 -2.64412</i>
                        <i>1 0 0 0 1 0 0 0 1 -0.638763 3.531 -2.68121</i>
                        <i>1 0 0 0 1 0 0 0 1 -0.660324 3.52304 -2.72045</i>
                        <i>1 0 0 0 1 0 0 0 1 -0.67867 3.51714 -2.75154</i>
                        <i>1 0 0 0 1 0 0 0 1 -0.686424 3.51366 -2.76419</i>
                        <i>1 0 0 0 1 0 0 0 1 -0.687442 3.51907 -2.75349</i>
                        <i>1 0 0 0 1 0 0 0 1 -0.689951 3.53486 -2.72654</i>
                        <i>1 0 0 0 1 0 0 0 1 -0.693136 3.55446 -2.69106</i>
                        <i>1 0 0 0 1 0 0 0 1 -0.69618 3.57128 -2.65479</i>
                        <i>1 0 0 0 1 0 0 0 1 -0.698266 3.57874 -2.62546</i>
                        <i>1 0 0 0 1 0 0 0 1 -0.700035 3.57853 -2.60154</i>
                        <i>1 0 0 0 1 0 0 0 1 -0.702032 3.57688 -2.57791</i>
                        <i>1 0 0 0 1 0 0 0 1 -0.703295 3.57403 -2.55681</i>
                        <i>1 0 0 0 1 0 0 0 1 -0.702864 3.57018 -2.5405</i>
                        <i>1 0 0 0 1 0 0 0 1 -0.699777 3.56555 -2.53124</i>
                        <i>1 0 0 0 1 0 0 0 1 -0.692657 3.56037 -2.53171</i>
                        <i>1 0 0 0 1 0 0 0 1 -0.682146 3.55487 -2.54039</i>
                        <i>1 0 0 0 1 0 0 0 1 -0.670308 3.54924 -2.55328</i>
                        <i>1 0 0 0 1 0 0 0 1 -0.659209 3.54373 -2.56638</i>
                        <i>1 0 0 0 1 0 0 0 1 -0.650912 3.53855 -2.5757</i>
                        <i>1 0 0 0 1 0 0 0 1 -0.64559 3.53391 -2.58086</i>
                        <i>1 0 0 0 1 0 0 0 1 -0.641867 3.53004 -2.58453</i>
                        <i>1 0 0 0 1 0 0 0 1 -0.639484 3.52716 -2.58726</i>
                        <i>1 0 0 0 1 0 0 0 1 -0.638185 3.52549 -2.5896</i>
                        <i>1 0 0 0 1 0 0 0 1 -0.637711 3.52525 -2.5921</i>
                        <i>1 0 0 0 1 0 0 0 1 -0.637741 3.52691 -2.59522</i>
                        <i>1 0 0 0 1 0 0 0 1 -0.638102 3.53146 -2.59886</i>
                        <i>1 0 0 0 1 0 0 0 1 -0.63876 3.53823 -2.60279</i>
                        <i>1 0 0 0 1 0 0 0 1 -0.639678 3.54657 -2.60676</i>
                        <i>1 0 0 0 1 0 0 0 1 -0.640823 3.5558 -2.6105</i>
                        <i>1 0 0 0 1 0 0 0 1 -0.642158 3.56528 -2.61377</i>
                        <i>1 0 0 0 1 0 0 0 1 -0.643649 3.57435 -2.61632</i>
                        <i>1 0 0 0 1 0 0 0 1 -0.645261 3.58233 -2.61789</i>
                        <i>1 0 0 0 1 0 0 0 1 -0.646959 3.58858 -2.61825</i>
                        <i>1 0 0 0 1 0 0 0 1 -0.648708 3.59242 -2.61712</i>
                        <i>1 0 0 0 1 0 0 0 1 -0.650814 3.59098 -2.61376</i>
                        <i>1 0 0 0 1 0 0 0 1 -0.653485 3.58395 -2.60799</i>
                        <i>1 0 0 0 1 0 0 0 1 -0.656535 3.57457 -2.60046</i>
                        <i>1 0 0 0 1 0 0 0 1 -0.65978 3.56605 -2.59182</i>
                        <i>1 0 0 0 1 0 0 0 1 -0.663033 3.56163 -2.58273</i>
                        <i>1 0 0 0 1 0 0 0 1 -0.666111 3.563 -2.57384</i>
                        <i>1 0 0 0 1 0 0 0 1 -0.668827 3.568 -2.56579</i>
                        <i>1 0 0 0 1 0 0 0 1 -0.670996 3.5741 -2.55923</i>
                        <i>1 0 0 0 1 0 0 0 1 -0.672434 3.57875 -2.55482</i>
                        <i>1 0 0 0 1 0 0 0 1 -0.672954 3.57943 -2.55321</i>
                        <i>1 0 0 0 1 0 0 0 1 -0.672698 3.57927 -2.55926</i>
                        <i>1 0 0 0 1 0 0 0 1 -0.672194 3.58227 -2.57485</i>
                        <i>1 0 0 0 1 0 0 0 1 -0.671842 3.58768 -2.59614</i>
                        <i>1 0 0 0 1 0 0 0 1 -0.672039 3.59476 -2.61928</i>
                        <i>1 0 0 0 1 0 0 0 1 -0.673185 3.60276 -2.64044</i>
                        <i>1 0 0 0 1 0 0 0 1 -0.676122 3.61094 -2.6607</i>
                        <i>1 0 0 0 1 0 0 0 1 -0.680582 3.61855 -2.68265</i>
                        <i>1 0 0 0 1 0 0 0 1 -0.685305 3.62486 -2.70461</i>
                        <i>1 0 0 0 1 0 0 0 1 -0.689026 3.62911 -2.72495</i>
                        <i>1 0 0 0 1 0 0 0 1 -0.690485 3.63057 -2.742</i>
                        <i>1 0 0 0 1 0 0 0 1 -0.689295 3.62882 -2.75773</i>
                        <i>1 0 0 0 1 0 0 0 1 -0.686298 3.6244 -2.77325</i>
                        <i>1 0 0 0 1 0 0 0 1 -0.682072 3.618 -2.7856</i>
                        <i>1 0 0 0 1 0 0 0 1 -0.677195 3.61031 -2.79184</i>
                        <i>1 0 0 0 1 0 0 0 1 -0.672245 3.60202 -2.78902</i>
                        <i>1 0 0 0 1 0 0 0 1 -0.663944 3.59382 -2.77465</i>
                        <i>1 0 0 0 1 0 0 0 1 -0.650538 3.58639 -2.75145</i>
                        <i>1 0 0 0 1 0 0 0 1 -0.634894 3.58043 -2.72439</i>
                        <i>1 0 0 0 1 0 0 0 1 -0.619875 3.57661 -2.6984</i>
                        <i>1 0 0 0 1 0 0 0 1 -0.608349 3.57564 -2.67842</i>
                        <i>1 0 0 0 1 0 0 0 1 -0.6096 3.57735 -2.65701</i>
                        <i>1 0 0 0 1 0 0 0 1 -0.625815 3.58203 -2.62853</i>
                        <i>1 0 0 0 1 0 0 0 1 -0.649213 3.58899 -2.60059</i>
                        <i>1 0 0 0 1 0 0 0 1 -0.67201 3.59754 -2.5808</i>
                        <i>1 0 0 0 1 0 0 0 1 -0.686426 3.60701 -2.57676</i>
                        <i>1 0 0 0 1 0 0 0 1 -0.69182 3.61671 -2.59679</i>
                        <i>1 0 0 0 1 0 0 0 1 -0.69338 3.62595 -2.63579</i>
                        <i>1 0 0 0 1 0 0 0 1 -0.692067 3.63405 -2.68133</i>
                        <i>1 0 0 0 1 0 0 0 1 -0.68884 3.64032 -2.72097</i>
                        <i>1 0 0 0 1 0 0 0 1 -0.684662 3.64409 -2.74227</i>
                        <i>1 0 0 0 1 0 0 0 1 -0.677986 3.6455 -2.74026</i>
                        <i>1 0 0 0 1 0 0 0 1 -0.668174 3.64534 -2.72323</i>
                        <i>1 0 0 0 1 0 0 0 1 -0.657541 3.64389 -2.69864</i>
                        <i>1 0 0 0 1 0 0 0 1 -0.648405 3.64144 -2.67397</i>
                        <i>1 0 0 0 1 0 0 0 1 -0.643083 3.63827 -2.65667</i>
                        <i>1 0 0 0 1 0 0 0 1 -0.642968 3.63465 -2.64689</i>
                        <i>1 0 0 0 1 0 0 0 1 -0.646516 3.63086 -2.63965</i>
                        <i>1 0 0 0 1 0 0 0 1 -0.651636 3.6272 -2.63474</i>
                        <i>1 0 0 0 1 0 0 0 1 -0.65624 3.62393 -2.63195</i>
                        <i>1 0 0 0 1 0 0 0 1 -0.658239 3.62133 -2.63107</i>
                    </KeyFrames>
                </p>
            </i>
            <i>
                <p>
                    <Name><![CDATA[spine0]]></Name>
                    <Exclude>0</Exclude>
                    <Additive>0</Additive>
                    <IKPriority>0</IKPriority>
                    <IKRotLimits>-1e+010 -1e+010 -1e+010 1e+010 1e+010 1e+010</IKRotLimits>
                    <IKRotLimitOrder>0</IKRotLimitOrder>
                    <KeyFrames count="120">
                        <i>0.208737 0.962045 0.17578 -0.799248 0.0642315 0.597559 0.563588 -0.265224 0.78232 -0.673041 3.76299 -2.65131</i>
                        <i>0.20881 0.962294 0.174326 -0.79922 0.0651848 0.597493 0.5636 -0.264087 0.782696 -0.673198 3.75974 -2.65618</i>
                        <i>0.208056 0.962842 0.172184 -0.799243 0.0658743 0.597388 0.563848 -0.261907 0.78325 -0.67322 3.75391 -2.66132</i>
                        <i>0.20661 0.963633 0.169479 -0.799308 0.0663363 0.597249 0.564287 -0.258864 0.783945 -0.673132 3.74628 -2.66669</i>
                        <i>0.204606 0.964608 0.166335 -0.799408 0.066605 0.597084 0.564874 -0.255136 0.784744 -0.672961 3.73759 -2.67223</i>
                        <i>0.202169 0.965713 0.16287 -0.799538 0.0667119 0.596899 0.565567 -0.250895 0.785611 -0.672733 3.72862 -2.67789</i>
                        <i>0.199419 0.966895 0.159202 -0.79969 0.0666857 0.596698 0.566328 -0.246305 0.786516 -0.672473 3.72013 -2.68362</i>
                        <i>0.196471 0.96811 0.155443 -0.79986 0.0665515 0.596486 0.567119 -0.241525 0.787428 -0.67221 3.71287 -2.68937</i>
                        <i>0.193431 0.969314 0.151705 -0.800041 0.0663316 0.596267 0.567907 -0.236707 0.788322 -0.671967 3.70762 -2.6951</i>
                        <i>0.190403 0.970471 0.148095 -0.80023 0.0660452 0.596045 0.568664 -0.231998 0.789176 -0.671772 3.70513 -2.70075</i>
                        <i>0.183086 0.972683 0.142714 -0.800733 0.0633233 0.595665 0.570356 -0.223333 0.790453 -0.67165 3.70504 -2.70627</i>
                        <i>0.168943 0.976439 0.134256 -0.801671 0.0568874 0.595053 0.573395 -0.208159 0.792393 -0.671628 3.70634 -2.71161</i>
                        <i>0.150694 0.980809 0.12371 -0.802777 0.0483796 0.594313 0.576923 -0.188871 0.794662 -0.671732 3.70888 -2.71672</i>
                        <i>0.130793 0.985069 0.111946 -0.803845 0.0392794 0.59354 0.580281 -0.167618 0.796981 -0.671989 3.71248 -2.72155</i>
                        <i>0.111336 0.98877 0.0996861 -0.804742 0.0308469 0.592822 0.58309 -0.146224 0.79914 -0.672424 3.71698 -2.72605</i>
                        <i>0.0942329 0.991689 0.0875975 -0.805391 0.024216 0.592249 0.585206 -0.12636 0.800979 -0.673063 3.72221 -2.73018</i>
                        <i>0.0797401 0.993914 0.0760082 -0.805832 0.0193914 0.591827 0.586751 -0.108442 0.802473 -0.673933 3.728 -2.73387</i>
                        <i>0.0669439 0.995638 0.0649881 -0.806157 0.0155951 0.591496 0.587902 -0.0919877 0.803685 -0.67506 3.73419 -2.73708</i>
                        <i>0.0560835 0.996917 0.0548798 -0.806383 0.0128164 0.591254 0.588728 -0.0774137 0.804616 -0.676471 3.7406 -2.73977</i>
                        <i>0.0473392 0.99782 0.045989 -0.806526 0.0110204 0.591096 0.589301 -0.0650733 0.805289 -0.678191 3.74708 -2.74187</i>
                        <i>0.0407932 0.998423 0.0385645 -0.806598 0.0101276 0.591013 0.589691 -0.0552154 0.80574 -0.682911 3.75765 -2.73993</i>
                        <i>0.0364144 0.998799 0.0327888 -0.806615 0.0100065 0.590992 0.589954 -0.0479686 0.80601 -0.69176 3.77324 -2.73209</i>
                        <i>0.0340645 0.999005 0.0287818 -0.80659 0.0104759 0.591018 0.590129 -0.0433479 0.806145 -0.702426 3.78901 -2.72071</i>
                        <i>0.0335241 0.999084 0.0266136 -0.806538 0.0113183 0.591074 0.590231 -0.0412801 0.806178 -0.712593 3.80014 -2.70814</i>
                        <i>0.0345316 0.999057 0.0263269 -0.806474 0.0122974 0.591142 0.590261 -0.041645 0.806138 -0.719946 3.8018 -2.69672</i>
                        <i>0.0436505 0.998513 0.0326596 -0.806206 0.0158993 0.591421 0.590022 -0.0521462 0.805701 -0.725531 3.79603 -2.68518</i>
                        <i>0.0533968 0.997711 0.0414942 -0.805957 0.0185265 0.591684 0.58956 -0.0650366 0.805102 -0.730796 3.7883 -2.6718</i>
                        <i>0.0563668 0.997262 0.0478593 -0.805983 0.0171598 0.59169 0.589249 -0.0719255 0.804744 -0.734029 3.77891 -2.65834</i>
                        <i>0.0597341 0.996677 0.0553793 -0.806034 0.0154329 0.591668 0.588847 -0.0799803 0.804278 -0.733519 3.76817 -2.64653</i>
                        <i>0.0642831 0.995884 0.0639032 -0.806063 0.014065 0.591662 0.588328 -0.0895439 0.803649 -0.727555 3.75641 -2.63814</i>
                        <i>0.0731983 0.994432 0.0758148 -0.805964 0.0142075 0.591794 0.587422 -0.104422 0.802516 -0.711877 3.74393 -2.63197</i>
                        <i>0.0876762 0.9919 0.0919115 -0.805665 0.016345 0.592146 0.585847 -0.125967 0.800572 -0.687741 3.73107 -2.62703</i>
                        <i>0.105303 0.988388 0.109544 -0.805178 0.0200957 0.592692 0.583609 -0.150615 0.797945 -0.661704 3.71815 -2.62531</i>
                        <i>0.12338 0.984339 0.12591 -0.804551 0.0249464 0.59336 0.580926 -0.17451 0.795029 -0.640328 3.7055 -2.62881</i>
                        <i>0.138957 0.980625 0.138078 -0.803874 0.0302677 0.594028 0.57834 -0.193542 0.792505 -0.630171 3.69345 -2.63954</i>
                        <i>0.15406 0.977 0.14743 -0.803041 0.0368759 0.594781 0.575665 -0.210024 0.790253 -0.63605 3.68238 -2.66421</i>
                        <i>0.171346 0.972642 0.156873 -0.801947 0.0452007 0.595683 0.572295 -0.227871 0.787752 -0.653483 3.67269 -2.70134</i>
                        <i>0.18845 0.96802 0.165601 -0.800758 0.0538324 0.596565 0.568572 -0.245029 0.785294 -0.675082 3.66471 -2.74063</i>
                        <i>0.20219 0.96405 0.172415 -0.799739 0.0609144 0.597249 0.565276 -0.258644 0.783305 -0.693458 3.65881 -2.77177</i>
                        <i>0.208737 0.962045 0.17578 -0.799248 0.0642315 0.597559 0.563588 -0.265224 0.78232 -0.701226 3.65532 -2.78444</i>
                        <i>0.197876 0.965311 0.170352 -0.798498 0.057938 0.599203 0.568548 -0.254594 0.782263 -0.702351 3.66073 -2.77365</i>
                        <i>0.170052 0.972982 0.156164 -0.79609 0.0422415 0.603703 0.580796 -0.226982 0.781764 -0.705152 3.67652 -2.74647</i>
                        <i>0.137102 0.980664 0.139644 -0.791575 0.023717 0.610612 0.595493 -0.194254 0.779521 -0.708764 3.69612 -2.71066</i>
                        <i>0.110033 0.985847 0.126486 -0.784891 0.00811038 0.619581 0.609786 -0.167452 0.774675 -0.712325 3.71294 -2.67398</i>
                        <i>0.0993313 0.987615 0.121447 -0.776294 0.000560503 0.630371 0.622496 -0.156894 0.766735 -0.71497 3.72039 -2.6442</i>
                        <i>0.102424 0.987159 0.122582 -0.766743 -0.000161428 0.641954 0.633731 -0.15974 0.756881 -0.717295 3.72018 -2.61983</i>
                        <i>0.10927 0.98613 0.124932 -0.757511 0.00123222 0.652822 0.643613 -0.165971 0.747138 -0.719801 3.71852 -2.59577</i>
                        <i>0.119327 0.984542 0.128209 -0.749419 0.00461262 0.66208 0.651254 -0.175087 0.738385 -0.721484 3.71565 -2.57432</i>
                        <i>0.132013 0.982387 0.132244 -0.74332 0.00984815 0.668864 0.655781 -0.186599 0.731528 -0.721341 3.7118 -2.55777</i>
                        <i>0.146665 0.979656 0.136983 -0.740073 0.0167882 0.672317 0.65634 -0.199983 0.727479 -0.71837 3.70717 -2.54841</i>
                        <i>0.162499 0.97639 0.142327 -0.738904 0.0248203 0.673354 0.653923 -0.214585 0.725491 -0.711245 3.70199 -2.54888</i>
                        <i>0.178682 0.972708 0.148028 -0.738448 0.0331559 0.673495 0.650206 -0.229652 0.724218 -0.700689 3.69649 -2.5576</i>
                        <i>0.194352 0.968789 0.153871 -0.738679 0.0413309 0.672789 0.645431 -0.244419 0.723656 -0.688771 3.69087 -2.57056</i>
                        <i>0.208599 0.964889 0.159613 -0.739585 0.0488451 0.671288 0.639922 -0.258078 0.723807 -0.677559 3.68536 -2.58376</i>
                        <i>0.220491 0.961334 0.164984 -0.741168 0.0551718 0.669048 0.634077 -0.2698 0.724676 -0.669123 3.68017 -2.59319</i>
                        <i>0.229112 0.958495 0.169692 -0.743437 0.0597742 0.66613 0.628339 -0.278774 0.726275 -0.66364 3.67554 -2.59849</i>
                        <i>0.235276 0.956261 0.173813 -0.746238 0.0631525 0.662677 0.622715 -0.285618 0.728456 -0.659736 3.67168 -2.60231</i>
                        <i>0.240141 0.954378 0.177466 -0.749373 0.0660458 0.658846 0.617067 -0.291204 0.731046 -0.657157 3.6688 -2.60521</i>
                        <i>0.243388 0.952999 0.180431 -0.752782 0.0682964 0.654718 0.611622 -0.295176 0.734023 -0.655652 3.66713 -2.60772</i>
                        <i>0.244725 0.952265 0.182486 -0.756404 0.0697559 0.650375 0.6066 -0.297196 0.737368 -0.654967 3.6669 -2.61039</i>
                        <i>0.244557 0.952054 0.183807 -0.760134 0.0705537 0.645924 0.601986 -0.297684 0.740943 -0.654784 3.66856 -2.61368</i>
                        <i>0.243646 0.952101 0.184769 -0.763844 0.0709815 0.641485 0.597644 -0.29743 0.744552 -0.654935 3.67311 -2.6175</i>
                        <i>0.242242 0.952328 0.185445 -0.767438 0.0711386 0.637164 0.593597 -0.296666 0.748085 -0.65539 3.67989 -2.6216</i>
                        <i>0.240577 0.95266 0.185908 -0.770821 0.0711159 0.63307 0.589879 -0.295604 0.751439 -0.656118 3.68822 -2.62571</i>
                        <i>0.238862 0.953029 0.186227 -0.773904 0.0709957 0.629311 0.58653 -0.29444 0.754511 -0.657088 3.69746 -2.62959</i>
                        <i>0.237285 0.953376 0.186467 -0.7766 0.0708515 0.625997 0.583599 -0.29335 0.757204 -0.65827 3.70694 -2.63299</i>
                        <i>0.236023 0.953646 0.186686 -0.778825 0.07075 0.623239 0.581142 -0.292494 0.759422 -0.659634 3.71601 -2.63564</i>
                        <i>0.234511 0.954043 0.186564 -0.780549 0.0704055 0.621117 0.579437 -0.291281 0.761189 -0.66115 3.72399 -2.63729</i>
                        <i>0.232149 0.954779 0.185751 -0.781748 0.0695144 0.619708 0.578772 -0.289075 0.762534 -0.662786 3.73024 -2.63769</i>
                        <i>0.229054 0.955811 0.184281 -0.782338 0.0681155 0.619119 0.579208 -0.285981 0.763369 -0.664513 3.73408 -2.63658</i>
                        <i>0.22531 0.957058 0.182414 -0.783057 0.0664834 0.618386 0.579704 -0.282169 0.764411 -0.666592 3.73264 -2.63324</i>
                        <i>0.221028 0.95844 0.180386 -0.784564 0.0648729 0.616645 0.579315 -0.27782 0.766297 -0.669187 3.72561 -2.62753</i>
                        <i>0.216408 0.959894 0.178243 -0.786651 0.0633101 0.614143 0.578228 -0.27312 0.768803 -0.672125 3.71623 -2.62009</i>
                        <i>0.211651 0.961361 0.176038 -0.789111 0.0618222 0.611132 0.576635 -0.268261 0.771705 -0.675234 3.70772 -2.61156</i>
                        <i>0.206963 0.96278 0.17384 -0.791737 0.0604383 0.607865 0.574734 -0.263441 0.774777 -0.678339 3.70329 -2.60259</i>
                        <i>0.202552 0.964096 0.17173 -0.794328 0.0591904 0.604599 0.572726 -0.258873 0.777798 -0.681268 3.70466 -2.59381</i>
                        <i>0.198632 0.965252 0.169806 -0.796686 0.058113 0.601593 0.570821 -0.254778 0.780546 -0.683847 3.70966 -2.58586</i>
                        <i>0.195419 0.966193 0.168176 -0.798616 0.0572432 0.599112 0.56923 -0.251386 0.782804 -0.685903 3.71576 -2.57939</i>
                        <i>0.193129 0.966864 0.16696 -0.799926 0.0566201 0.597421 0.568172 -0.248935 0.784355 -0.687264 3.72041 -2.57504</i>
                        <i>0.191985 0.96721 0.166274 -0.800423 0.0562841 0.596787 0.567859 -0.247664 0.784983 -0.687756 3.72109 -2.57345</i>
                        <i>0.18455 0.96959 0.160737 -0.800633 0.0534599 0.596765 0.570024 -0.238824 0.786152 -0.687656 3.72089 -2.57968</i>
                        <i>0.1668 0.974902 0.147456 -0.800976 0.0467648 0.596867 0.574991 -0.217667 0.788674 -0.687578 3.72377 -2.59576</i>
                        <i>0.144039 0.980957 0.13029 -0.801104 0.0382979 0.597299 0.580935 -0.19041 0.791365 -0.687861 3.729 -2.61777</i>
                        <i>0.12149 0.98613 0.113079 -0.800745 0.0300498 0.598251 0.586555 -0.163229 0.79329 -0.68884 3.73585 -2.64177</i>
                        <i>0.104353 0.989535 0.0996517 -0.799741 0.023928 0.599869 0.591207 -0.142294 0.793869 -0.690852 3.7436 -2.66384</i>
                        <i>0.0908945 0.991886 0.0888842 -0.798254 0.0192032 0.602014 0.595423 -0.125672 0.793523 -0.694677 3.75151 -2.68501</i>
                        <i>0.0771765 0.993954 0.0781 -0.796493 0.0143477 0.604477 0.599702 -0.108858 0.792785 -0.699986 3.75887 -2.70776</i>
                        <i>0.065168 0.995501 0.0687751 -0.794453 0.0100549 0.607243 0.603819 -0.0942114 0.791534 -0.70545 3.76496 -2.73035</i>
                        <i>0.0568602 0.996433 0.0623562 -0.792153 0.00701203 0.610283 0.607669 -0.0840965 0.789726 -0.709743 3.76906 -2.75107</i>
                        <i>0.0542746 0.996706 0.0602539 -0.789621 0.00590601 0.613567 0.61119 -0.0808788 0.787341 -0.711534 3.77045 -2.76817</i>
                        <i>0.061 0.996082 0.0640331 -0.786794 0.00850935 0.617157 0.614193 -0.0880275 0.784231 -0.710421 3.76874 -2.78363</i>
                        <i>0.07725 0.99432 0.07321 -0.783656 0.0151594 0.62101 0.616373 -0.105344 0.780376 -0.707302 3.76444 -2.79862</i>
                        <i>0.0999731 0.991256 0.086123 -0.780279 0.0243973 0.624955 0.617389 -0.129679 0.775896 -0.702796 3.75821 -2.81028</i>
                        <i>0.125914 0.986876 0.101101 -0.776777 0.0346884 0.62882 0.61706 -0.15771 0.77095 -0.697524 3.75072 -2.81571</i>
                        <i>0.15156 0.981564 0.116458 -0.773354 0.0443767 0.63242 0.615592 -0.185913 0.765822 -0.692109 3.74264 -2.81203</i>
                        <i>0.173232 0.976189 0.130556 -0.770323 0.0517005 0.635554 0.613672 -0.210669 0.760938 -0.68332 3.73464 -2.79681</i>
                        <i>0.186552 0.972158 0.141802 -0.768149 0.0543489 0.63796 0.612491 -0.227938 0.756901 -0.66945 3.72739 -2.77285</i>
                        <i>0.192109 0.969873 0.1498 -0.766898 0.0531213 0.639566 0.612341 -0.237748 0.753999 -0.653413 3.72157 -2.74516</i>
                        <i>0.19175 0.969212 0.154466 -0.766471 0.0495837 0.640362 0.612988 -0.241183 0.752381 -0.638124 3.71785 -2.71875</i>
                        <i>0.186773 0.970041 0.155359 -0.766755 0.0450746 0.640355 0.614168 -0.238723 0.752203 -0.626497 3.71692 -2.69861</i>
                        <i>0.173743 0.973142 0.151021 -0.767945 0.0378809 0.639395 0.616501 -0.227066 0.753901 -0.627724 3.71863 -2.67721</i>
                        <i>0.1527 0.977985 0.142228 -0.769964 0.0275095 0.637494 0.619547 -0.206856 0.757214 -0.643869 3.72332 -2.64873</i>
                        <i>0.129232 0.98286 0.131473 -0.772391 0.0166268 0.634929 0.621861 -0.183602 0.761301 -0.667155 3.73029 -2.62079</i>
                        <i>0.108299 0.986717 0.12108 -0.774928 0.00750032 0.632005 0.622702 -0.162274 0.765447 -0.689806 3.73886 -2.60101</i>
                        <i>0.094485 0.989053 0.11334 -0.777356 0.00217481 0.629057 0.621925 -0.147542 0.769052 -0.704045 3.74835 -2.59698</i>
                        <i>0.0851687 0.990597 0.10707 -0.779786 -0.000623264 0.626046 0.620226 -0.136811 0.772401 -0.709237 3.75807 -2.61701</i>
                        <i>0.0762167 0.99201 0.100535 -0.782379 -0.00300656 0.622795 0.618121 -0.126124 0.775899 -0.710575 3.76734 -2.65602</i>
                        <i>0.0697836 0.993007 0.0952276 -0.785012 -0.00423908 0.619467 0.615538 -0.117983 0.779226 -0.709025 3.77546 -2.70156</i>
                        <i>0.0679384 0.993379 0.0926435 -0.787564 -0.0036071 0.616223 0.612477 -0.114828 0.782104 -0.705553 3.78177 -2.74121</i>
                        <i>0.0728024 0.992873 0.0943553 -0.789904 -0.00035708 0.61323 0.608893 -0.119176 0.784249 -0.701124 3.78556 -2.76252</i>
                        <i>0.0838053 0.991438 0.100133 -0.791981 0.00528392 0.610522 0.604766 -0.130469 0.785643 -0.694198 3.787 -2.76051</i>
                        <i>0.0982826 0.98925 0.108279 -0.793816 0.0123137 0.608033 0.600164 -0.145712 0.786493 -0.684141 3.78687 -2.74348</i>
                        <i>0.11517 0.986295 0.118148 -0.795381 0.0203119 0.60577 0.595067 -0.163739 0.786819 -0.673275 3.78545 -2.71889</i>
                        <i>0.133401 0.982621 0.129073 -0.796658 0.0288496 0.603742 0.589526 -0.183367 0.786661 -0.66392 3.78302 -2.69422</i>
                        <i>0.151896 0.97838 0.140357 -0.797643 0.0374796 0.601965 0.58369 -0.203391 0.786091 -0.658401 3.77987 -2.67692</i>
                        <i>0.169553 0.973842 0.151272 -0.79835 0.0457268 0.600456 0.577832 -0.222577 0.78522 -0.658113 3.77627 -2.66714</i>
                        <i>0.185237 0.969406 0.161059 -0.798811 0.0530807 0.599236 0.572353 -0.239656 0.784204 -0.661518 3.7725 -2.6599</i>
                        <i>0.197783 0.965579 0.168936 -0.799075 0.0589953 0.598329 0.567768 -0.253332 0.783239 -0.66653 3.76884 -2.65499</i>
                        <i>0.20601 0.962937 0.174105 -0.799202 0.0629014 0.597762 0.564656 -0.26229 0.782539 -0.671066 3.76558 -2.6522</i>
                        <i>0.208737 0.962045 0.17578 -0.799248 0.0642315 0.597559 0.563588 -0.265224 0.78232 -0.673041 3.76299 -2.65131</i>
                    </KeyFrames>
                </p>
            </i>
            <i>
                <p>
                    <Name><![CDATA[spine1]]></Name>
                    <Exclude>0</Exclude>
                    <Additive>0</Additive>
                    <IKPriority>0</IKPriority>
                    <IKRotLimits>-1e+010 -1e+010 -1e+010 1e+010 1e+010 1e+010</IKRotLimits>
                    <IKRotLimitOrder>0</IKRotLimitOrder>
                    <KeyFrames count="120">
                        <i>0.55169 0.737866 0.388834 -0.598608 0.0256599 0.800631 0.580781 -0.674459 0.455849 -0.636432 3.93179 -2.62049</i>
                        <i>0.555626 0.73463 0.389356 -0.598125 0.0278943 0.800917 0.577517 -0.677894 0.454899 -0.636522 3.92883 -2.62557</i>
                        <i>0.558653 0.732513 0.389015 -0.597648 0.0303126 0.801186 0.575087 -0.680078 0.454719 -0.636624 3.92335 -2.63105</i>
                        <i>0.560764 0.731484 0.387911 -0.5972 0.0328221 0.80142 0.573494 -0.681069 0.455248 -0.636741 3.91609 -2.63685</i>
                        <i>0.561948 0.731513 0.386138 -0.596806 0.0353281 0.801607 0.572745 -0.680911 0.456424 -0.636876 3.9078 -2.6429</i>
                        <i>0.562179 0.732575 0.383782 -0.596489 0.0377335 0.801734 0.572849 -0.679639 0.458186 -0.637032 3.89925 -2.64914</i>
                        <i>0.561423 0.734645 0.38092 -0.59627 0.0399394 0.80179 0.573818 -0.677275 0.46047 -0.637212 3.89119 -2.65548</i>
                        <i>0.559638 0.737702 0.377626 -0.596168 0.0418452 0.801769 0.575665 -0.673828 0.463212 -0.637421 3.8844 -2.66186</i>
                        <i>0.556774 0.741722 0.373966 -0.5962 0.0433499 0.801665 0.578401 -0.669305 0.466351 -0.637665 3.87963 -2.66821</i>
                        <i>0.55278 0.746679 0.370007 -0.596382 0.0443525 0.801474 0.582033 -0.663705 0.469823 -0.63795 3.87764 -2.67446</i>
                        <i>0.543402 0.756844 0.363183 -0.596902 0.0441469 0.801099 0.590273 -0.652103 0.475751 -0.639041 3.87841 -2.68086</i>
                        <i>0.525523 0.774817 0.351405 -0.597917 0.0425187 0.800429 0.605245 -0.630755 0.485621 -0.641424 3.88107 -2.68762</i>
                        <i>0.500762 0.797947 0.335438 -0.599394 0.0400871 0.79945 0.624472 -0.601393 0.498358 -0.644683 3.88513 -2.69453</i>
                        <i>0.47094 0.823567 0.316153 -0.601201 0.0373603 0.798224 0.645579 -0.565987 0.512724 -0.648435 3.89011 -2.70141</i>
                        <i>0.43823 0.849211 0.294611 -0.603062 0.0347292 0.796938 0.666537 -0.526911 0.527346 -0.652344 3.8956 -2.70809</i>
                        <i>0.405138 0.872834 0.272074 -0.604601 0.0325531 0.795863 0.685799 -0.48693 0.540905 -0.656087 3.90121 -2.71441</i>
                        <i>0.372747 0.893824 0.249275 -0.605738 0.0308751 0.795065 0.702952 -0.447353 0.552932 -0.659617 3.90682 -2.72024</i>
                        <i>0.34089 0.912419 0.226463 -0.606666 0.029484 0.79441 0.718157 -0.408194 0.563585 -0.663098 3.91252 -2.72548</i>
                        <i>0.310397 0.92839 0.204318 -0.607465 0.0283932 0.793839 0.731191 -0.370521 0.572778 -0.666502 3.91823 -2.73002</i>
                        <i>0.282114 0.94166 0.183545 -0.608208 0.0275879 0.793298 0.741953 -0.335434 0.580508 -0.669824 3.92388 -2.73375</i>
                        <i>0.256905 0.95227 0.16487 -0.60894 0.0270282 0.792756 0.750461 -0.304059 0.586819 -0.67574 3.93358 -2.73316</i>
                        <i>0.235647 0.960344 0.149029 -0.609663 0.0266595 0.792213 0.756824 -0.27754 0.591768 -0.685392 3.9483 -2.72636</i>
                        <i>0.219226 0.966042 0.136762 -0.610336 0.0264246 0.791702 0.761203 -0.257032 0.595403 -0.696494 3.96328 -2.7157</i>
                        <i>0.208534 0.969497 0.128802 -0.610884 0.0262722 0.791284 0.763764 -0.243693 0.597728 -0.706775 3.97374 -2.70352</i>
                        <i>0.204452 0.97075 0.125871 -0.611205 0.0261584 0.79104 0.764609 -0.238662 0.598676 -0.71397 3.97488 -2.69217</i>
                        <i>0.232401 0.962014 0.143242 -0.610417 0.0296066 0.791527 0.757219 -0.271389 0.59411 -0.717996 3.9685 -2.67954</i>
                        <i>0.266279 0.949564 0.165601 -0.6092 0.0326507 0.792344 0.746975 -0.311869 0.587168 -0.7216 3.96018 -2.66465</i>
                        <i>0.277633 0.94443 0.175986 -0.608669 0.0311966 0.792811 0.743265 -0.327228 0.583506 -0.724331 3.95054 -2.6501</i>
                        <i>0.288974 0.938863 0.187162 -0.608184 0.029057 0.793264 0.739328 -0.343062 0.579399 -0.723247 3.9396 -2.63701</i>
                        <i>0.301009 0.932594 0.199155 -0.607759 0.0266748 0.793673 0.734862 -0.359941 0.574822 -0.716505 3.92761 -2.62715</i>
                        <i>0.323404 0.920631 0.218744 -0.607053 0.0245258 0.794282 0.725876 -0.389664 0.566804 -0.699281 3.91508 -2.61893</i>
                        <i>0.359887 0.899349 0.248299 -0.605929 0.0229294 0.795188 0.709458 -0.43663 0.553194 -0.672598 3.90244 -2.61116</i>
                        <i>0.40236 0.871173 0.281362 -0.60459 0.0220777 0.796231 0.687442 -0.49048 0.535586 -0.643422 3.88982 -2.6063</i>
                        <i>0.443177 0.840393 0.311983 -0.603174 0.0220944 0.797304 0.663155 -0.541527 0.516695 -0.618796 3.87737 -2.60684</i>
