<?xml version="1.0" encoding="ISO-8859-1" ?>
<Animl Version="1">
    <ModellingPackage><![CDATA[Maya.2010]]></ModellingPackage>
    <SrcFile><![CDATA[anims\turrets\antiair\red\~src\aa_zu232\aa_zu232_crew_reload_crewmanc.mb]]></SrcFile>
    <FramesPerSecond>30</FramesPerSecond>
    <TotalFrames>160</TotalFrames>
    <Skeleton>
        <RefFrame>
            <Name><![CDATA[soldier_ref_frame]]></Name>
            <Exclude>0</Exclude>
            <Additive>0</Additive>
            <IKPriority>0</IKPriority>
            <IKRotLimits>-1e+010 -1e+010 -1e+010 1e+010 1e+010 1e+010</IKRotLimits>
            <IKRotLimitOrder>0</IKRotLimitOrder>
            <KeyFrames count="160">
                <i>1 0 0 0 1 0 0 0 1 -3.35 1.93 -0.31</i>
                <i>1 0 0 0 1 0 0 0 1 -3.35 1.93 -0.31</i>
                <i>1 0 0 0 1 0 0 0 1 -3.35 1.93 -0.31</i>
                <i>1 0 0 0 1 0 0 0 1 -3.35 1.93 -0.31</i>
                <i>1 0 0 0 1 0 0 0 1 -3.35 1.93 -0.31</i>
                <i>1 0 0 0 1 0 0 0 1 -3.35 1.93 -0.31</i>
                <i>1 0 0 0 1 0 0 0 1 -3.35 1.93 -0.31</i>
                <i>1 0 0 0 1 0 0 0 1 -3.35 1.93 -0.31</i>
                <i>1 0 0 0 1 0 0 0 1 -3.35 1.93 -0.31</i>
                <i>1 0 0 0 1 0 0 0 1 -3.35 1.93 -0.31</i>
                <i>1 0 0 0 1 0 0 0 1 -3.35 1.93 -0.31</i>
                <i>1 0 0 0 1 0 0 0 1 -3.35 1.93 -0.31</i>
                <i>1 0 0 0 1 0 0 0 1 -3.35 1.93 -0.31</i>
                <i>1 0 0 0 1 0 0 0 1 -3.35 1.93 -0.31</i>
                <i>1 0 0 0 1 0 0 0 1 -3.35 1.93 -0.31</i>
                <i>1 0 0 0 1 0 0 0 1 -3.35 1.93 -0.31</i>
                <i>1 0 0 0 1 0 0 0 1 -3.35 1.93 -0.31</i>
                <i>1 0 0 0 1 0 0 0 1 -3.35 1.93 -0.31</i>
                <i>1 0 0 0 1 0 0 0 1 -3.35 1.93 -0.31</i>
                <i>1 0 0 0 1 0 0 0 1 -3.35 1.93 -0.31</i>
                <i>1 0 0 0 1 0 0 0 1 -3.35 1.93 -0.31</i>
                <i>1 0 0 0 1 0 0 0 1 -3.35 1.93 -0.31</i>
                <i>1 0 0 0 1 0 0 0 1 -3.35 1.93 -0.31</i>
                <i>1 0 0 0 1 0 0 0 1 -3.35 1.93 -0.31</i>
                <i>1 0 0 0 1 0 0 0 1 -3.35 1.93 -0.31</i>
                <i>1 0 0 0 1 0 0 0 1 -3.35 1.93 -0.31</i>
                <i>1 0 0 0 1 0 0 0 1 -3.35 1.93 -0.31</i>
                <i>1 0 0 0 1 0 0 0 1 -3.35 1.93 -0.31</i>
                <i>1 0 0 0 1 0 0 0 1 -3.35 1.93 -0.31</i>
                <i>1 0 0 0 1 0 0 0 1 -3.35 1.93 -0.31</i>
                <i>1 0 0 0 1 0 0 0 1 -3.35 1.93 -0.31</i>
                <i>1 0 0 0 1 0 0 0 1 -3.35 1.93 -0.31</i>
                <i>1 0 0 0 1 0 0 0 1 -3.35 1.93 -0.31</i>
                <i>1 0 0 0 1 0 0 0 1 -3.35 1.93 -0.31</i>
                <i>1 0 0 0 1 0 0 0 1 -3.35 1.93 -0.31</i>
                <i>1 0 0 0 1 0 0 0 1 -3.35 1.93 -0.31</i>
                <i>1 0 0 0 1 0 0 0 1 -3.35 1.93 -0.31</i>
                <i>1 0 0 0 1 0 0 0 1 -3.35 1.93 -0.31</i>
                <i>1 0 0 0 1 0 0 0 1 -3.35 1.93 -0.31</i>
                <i>1 0 0 0 1 0 0 0 1 -3.35 1.93 -0.31</i>
                <i>1 0 0 0 1 0 0 0 1 -3.35 1.93 -0.31</i>
                <i>1 0 0 0 1 0 0 0 1 -3.35 1.93 -0.31</i>
                <i>1 0 0 0 1 0 0 0 1 -3.35 1.93 -0.31</i>
                <i>1 0 0 0 1 0 0 0 1 -3.35 1.93 -0.31</i>
                <i>1 0 0 0 1 0 0 0 1 -3.35 1.93 -0.31</i>
                <i>1 0 0 0 1 0 0 0 1 -3.35 1.93 -0.31</i>
                <i>1 0 0 0 1 0 0 0 1 -3.35 1.93 -0.31</i>
                <i>1 0 0 0 1 0 0 0 1 -3.35 1.93 -0.31</i>
                <i>1 0 0 0 1 0 0 0 1 -3.35 1.93 -0.31</i>
                <i>1 0 0 0 1 0 0 0 1 -3.35 1.93 -0.31</i>
                <i>1 0 0 0 1 0 0 0 1 -3.35 1.93 -0.31</i>
                <i>1 0 0 0 1 0 0 0 1 -3.35 1.93 -0.31</i>
                <i>1 0 0 0 1 0 0 0 1 -3.35 1.93 -0.31</i>
                <i>1 0 0 0 1 0 0 0 1 -3.35 1.93 -0.31</i>
                <i>1 0 0 0 1 0 0 0 1 -3.35 1.93 -0.31</i>
                <i>1 0 0 0 1 0 0 0 1 -3.35 1.93 -0.31</i>
                <i>1 0 0 0 1 0 0 0 1 -3.35 1.93 -0.31</i>
                <i>1 0 0 0 1 0 0 0 1 -3.35 1.93 -0.31</i>
                <i>1 0 0 0 1 0 0 0 1 -3.35 1.93 -0.31</i>
                <i>1 0 0 0 1 0 0 0 1 -3.35 1.93 -0.31</i>
                <i>1 0 0 0 1 0 0 0 1 -3.35 1.93 -0.31</i>
                <i>1 0 0 0 1 0 0 0 1 -3.35 1.93 -0.31</i>
                <i>1 0 0 0 1 0 0 0 1 -3.35 1.93 -0.31</i>
                <i>1 0 0 0 1 0 0 0 1 -3.35 1.93 -0.31</i>
                <i>1 0 0 0 1 0 0 0 1 -3.35 1.93 -0.31</i>
                <i>1 0 0 0 1 0 0 0 1 -3.35 1.93 -0.31</i>
                <i>1 0 0 0 1 0 0 0 1 -3.35 1.93 -0.31</i>
                <i>1 0 0 0 1 0 0 0 1 -3.35 1.93 -0.31</i>
                <i>1 0 0 0 1 0 0 0 1 -3.35 1.93 -0.31</i>
                <i>1 0 0 0 1 0 0 0 1 -3.35 1.93 -0.31</i>
                <i>1 0 0 0 1 0 0 0 1 -3.35 1.93 -0.31</i>
                <i>1 0 0 0 1 0 0 0 1 -3.35 1.93 -0.31</i>
                <i>1 0 0 0 1 0 0 0 1 -3.35 1.93 -0.31</i>
                <i>1 0 0 0 1 0 0 0 1 -3.35 1.93 -0.31</i>
                <i>1 0 0 0 1 0 0 0 1 -3.35 1.93 -0.31</i>
                <i>1 0 0 0 1 0 0 0 1 -3.35 1.93 -0.31</i>
                <i>1 0 0 0 1 0 0 0 1 -3.35 1.93 -0.31</i>
                <i>1 0 0 0 1 0 0 0 1 -3.35 1.93 -0.31</i>
                <i>1 0 0 0 1 0 0 0 1 -3.35 1.93 -0.31</i>
                <i>1 0 0 0 1 0 0 0 1 -3.35 1.93 -0.31</i>
                <i>1 0 0 0 1 0 0 0 1 -3.35 1.93 -0.31</i>
                <i>1 0 0 0 1 0 0 0 1 -3.35 1.93 -0.31</i>
                <i>1 0 0 0 1 0 0 0 1 -3.35 1.93 -0.31</i>
                <i>1 0 0 0 1 0 0 0 1 -3.35 1.93 -0.31</i>
                <i>1 0 0 0 1 0 0 0 1 -3.35 1.93 -0.31</i>
                <i>1 0 0 0 1 0 0 0 1 -3.35 1.93 -0.31</i>
                <i>1 0 0 0 1 0 0 0 1 -3.35 1.93 -0.31</i>
                <i>1 0 0 0 1 0 0 0 1 -3.35 1.93 -0.31</i>
                <i>1 0 0 0 1 0 0 0 1 -3.35 1.93 -0.31</i>
                <i>1 0 0 0 1 0 0 0 1 -3.35 1.93 -0.31</i>
                <i>1 0 0 0 1 0 0 0 1 -3.35 1.93 -0.31</i>
                <i>1 0 0 0 1 0 0 0 1 -3.35 1.93 -0.31</i>
                <i>1 0 0 0 1 0 0 0 1 -3.35 1.93 -0.31</i>
                <i>1 0 0 0 1 0 0 0 1 -3.35 1.93 -0.31</i>
                <i>1 0 0 0 1 0 0 0 1 -3.35 1.93 -0.31</i>
                <i>1 0 0 0 1 0 0 0 1 -3.35 1.93 -0.31</i>
                <i>1 0 0 0 1 0 0 0 1 -3.35 1.93 -0.31</i>
                <i>1 0 0 0 1 0 0 0 1 -3.35 1.93 -0.31</i>
                <i>1 0 0 0 1 0 0 0 1 -3.35 1.93 -0.31</i>
                <i>1 0 0 0 1 0 0 0 1 -3.35 1.93 -0.31</i>
                <i>1 0 0 0 1 0 0 0 1 -3.35 1.93 -0.31</i>
                <i>1 0 0 0 1 0 0 0 1 -3.35 1.93 -0.31</i>
                <i>1 0 0 0 1 0 0 0 1 -3.35 1.93 -0.31</i>
                <i>1 0 0 0 1 0 0 0 1 -3.35 1.93 -0.31</i>
                <i>1 0 0 0 1 0 0 0 1 -3.35 1.93 -0.31</i>
                <i>1 0 0 0 1 0 0 0 1 -3.35 1.93 -0.31</i>
                <i>1 0 0 0 1 0 0 0 1 -3.35 1.93 -0.31</i>
                <i>1 0 0 0 1 0 0 0 1 -3.35 1.93 -0.31</i>
                <i>1 0 0 0 1 0 0 0 1 -3.35 1.93 -0.31</i>
                <i>1 0 0 0 1 0 0 0 1 -3.35 1.93 -0.31</i>
                <i>1 0 0 0 1 0 0 0 1 -3.35 1.93 -0.31</i>
                <i>1 0 0 0 1 0 0 0 1 -3.35 1.93 -0.31</i>
                <i>1 0 0 0 1 0 0 0 1 -3.35 1.93 -0.31</i>
                <i>1 0 0 0 1 0 0 0 1 -3.35 1.93 -0.31</i>
                <i>1 0 0 0 1 0 0 0 1 -3.35 1.93 -0.31</i>
                <i>1 0 0 0 1 0 0 0 1 -3.35 1.93 -0.31</i>
                <i>1 0 0 0 1 0 0 0 1 -3.35 1.93 -0.31</i>
                <i>1 0 0 0 1 0 0 0 1 -3.35 1.93 -0.31</i>
                <i>1 0 0 0 1 0 0 0 1 -3.35 1.93 -0.31</i>
                <i>1 0 0 0 1 0 0 0 1 -3.35 1.93 -0.31</i>
                <i>1 0 0 0 1 0 0 0 1 -3.35 1.93 -0.31</i>
                <i>1 0 0 0 1 0 0 0 1 -3.35 1.93 -0.31</i>
                <i>1 0 0 0 1 0 0 0 1 -3.35 1.93 -0.31</i>
                <i>1 0 0 0 1 0 0 0 1 -3.35 1.93 -0.31</i>
                <i>1 0 0 0 1 0 0 0 1 -3.35 1.93 -0.31</i>
                <i>1 0 0 0 1 0 0 0 1 -3.35 1.93 -0.31</i>
                <i>1 0 0 0 1 0 0 0 1 -3.35 1.93 -0.31</i>
                <i>1 0 0 0 1 0 0 0 1 -3.35 1.93 -0.31</i>
                <i>1 0 0 0 1 0 0 0 1 -3.35 1.93 -0.31</i>
                <i>1 0 0 0 1 0 0 0 1 -3.35 1.93 -0.31</i>
                <i>1 0 0 0 1 0 0 0 1 -3.35 1.93 -0.31</i>
                <i>1 0 0 0 1 0 0 0 1 -3.35 1.93 -0.31</i>
                <i>1 0 0 0 1 0 0 0 1 -3.35 1.93 -0.31</i>
                <i>1 0 0 0 1 0 0 0 1 -3.35 1.93 -0.31</i>
                <i>1 0 0 0 1 0 0 0 1 -3.35 1.93 -0.31</i>
                <i>1 0 0 0 1 0 0 0 1 -3.35 1.93 -0.31</i>
                <i>1 0 0 0 1 0 0 0 1 -3.35 1.93 -0.31</i>
                <i>1 0 0 0 1 0 0 0 1 -3.35 1.93 -0.31</i>
                <i>1 0 0 0 1 0 0 0 1 -3.35 1.93 -0.31</i>
                <i>1 0 0 0 1 0 0 0 1 -3.35 1.93 -0.31</i>
                <i>1 0 0 0 1 0 0 0 1 -3.35 1.93 -0.31</i>
                <i>1 0 0 0 1 0 0 0 1 -3.35 1.93 -0.31</i>
                <i>1 0 0 0 1 0 0 0 1 -3.35 1.93 -0.31</i>
                <i>1 0 0 0 1 0 0 0 1 -3.35 1.93 -0.31</i>
                <i>1 0 0 0 1 0 0 0 1 -3.35 1.93 -0.31</i>
                <i>1 0 0 0 1 0 0 0 1 -3.35 1.93 -0.31</i>
                <i>1 0 0 0 1 0 0 0 1 -3.35 1.93 -0.31</i>
                <i>1 0 0 0 1 0 0 0 1 -3.35 1.93 -0.31</i>
                <i>1 0 0 0 1 0 0 0 1 -3.35 1.93 -0.31</i>
                <i>1 0 0 0 1 0 0 0 1 -3.35 1.93 -0.31</i>
                <i>1 0 0 0 1 0 0 0 1 -3.35 1.93 -0.31</i>
                <i>1 0 0 0 1 0 0 0 1 -3.35 1.93 -0.31</i>
                <i>1 0 0 0 1 0 0 0 1 -3.35 1.93 -0.31</i>
                <i>1 0 0 0 1 0 0 0 1 -3.35 1.93 -0.31</i>
                <i>1 0 0 0 1 0 0 0 1 -3.35 1.93 -0.31</i>
                <i>1 0 0 0 1 0 0 0 1 -3.35 1.93 -0.31</i>
                <i>1 0 0 0 1 0 0 0 1 -3.35 1.93 -0.31</i>
                <i>1 0 0 0 1 0 0 0 1 -3.35 1.93 -0.31</i>
                <i>1 0 0 0 1 0 0 0 1 -3.35 1.93 -0.31</i>
                <i>1 0 0 0 1 0 0 0 1 -3.35 1.93 -0.31</i>
            </KeyFrames>
        </RefFrame>
        <Bones count="23">
            <i>
                <p>
                    <Name><![CDATA[pelvis]]></Name>
                    <Exclude>0</Exclude>
                    <Additive>0</Additive>
                    <IKPriority>0</IKPriority>
                    <IKRotLimits>-1e+010 -1e+010 -1e+010 1e+010 1e+010 1e+010</IKRotLimits>
                    <IKRotLimitOrder>2</IKRotLimitOrder>
                    <KeyFrames count="160">
                        <i>1 0 0 0 1 0 0 0 1 -3.88478 2.84391 -0.366359</i>
                        <i>1 0 0 0 1 0 0 0 1 -3.88478 2.84291 -0.366359</i>
                        <i>1 0 0 0 1 0 0 0 1 -3.88478 2.84025 -0.366359</i>
                        <i>1 0 0 0 1 0 0 0 1 -3.88478 2.83647 -0.366359</i>
                        <i>1 0 0 0 1 0 0 0 1 -3.88478 2.8321 -0.366359</i>
                        <i>1 0 0 0 1 0 0 0 1 -3.88478 2.82767 -0.366359</i>
                        <i>1 0 0 0 1 0 0 0 1 -3.88478 2.82371 -0.366359</i>
                        <i>1 0 0 0 1 0 0 0 1 -3.88478 2.82076 -0.366359</i>
                        <i>1 0 0 0 1 0 0 0 1 -3.88478 2.81934 -0.366359</i>
                        <i>1 0 0 0 1 0 0 0 1 -3.88478 2.82 -0.366359</i>
                        <i>1 0 0 0 1 0 0 0 1 -3.88508 2.82602 -0.366057</i>
                        <i>1 0 0 0 1 0 0 0 1 -3.88581 2.83781 -0.365338</i>
                        <i>1 0 0 0 1 0 0 0 1 -3.88668 2.85161 -0.36448</i>
                        <i>1 0 0 0 1 0 0 0 1 -3.88741 2.86361 -0.36376</i>
                        <i>1 0 0 0 1 0 0 0 1 -3.88772 2.87005 -0.363459</i>
                        <i>1 0 0 0 1 0 0 0 1 -3.88741 2.8695 -0.36376</i>
                        <i>1 0 0 0 1 0 0 0 1 -3.88668 2.86449 -0.36448</i>
                        <i>1 0 0 0 1 0 0 0 1 -3.88581 2.85715 -0.365338</i>
                        <i>1 0 0 0 1 0 0 0 1 -3.88508 2.84958 -0.366057</i>
                        <i>1 0 0 0 1 0 0 0 1 -3.88478 2.84391 -0.366359</i>
                        <i>1 0 0 0 1 0 0 0 1 -3.88478 2.83972 -0.366359</i>
                        <i>1 0 0 0 1 0 0 0 1 -3.88478 2.83526 -0.366359</i>
                        <i>1 0 0 0 1 0 0 0 1 -3.88478 2.8307 -0.366359</i>
                        <i>1 0 0 0 1 0 0 0 1 -3.88478 2.82621 -0.366359</i>
                        <i>1 0 0 0 1 0 0 0 1 -3.88478 2.82195 -0.366359</i>
                        <i>1 0 0 0 1 0 0 0 1 -3.88478 2.81809 -0.366359</i>
                        <i>1 0 0 0 1 0 0 0 1 -3.88478 2.8148 -0.366359</i>
                        <i>1 0 0 0 1 0 0 0 1 -3.88478 2.81225 -0.366359</i>
                        <i>1 0 0 0 1 0 0 0 1 -3.88478 2.81059 -0.366359</i>
                        <i>1 0 0 0 1 0 0 0 1 -3.88478 2.81 -0.366359</i>
                        <i>1 0 0 0 1 0 0 0 1 -3.88478 2.81095 -0.366359</i>
                        <i>1 0 0 0 1 0 0 0 1 -3.88478 2.81353 -0.366359</i>
                        <i>1 0 0 0 1 0 0 0 1 -3.88478 2.81733 -0.366359</i>
                        <i>1 0 0 0 1 0 0 0 1 -3.88478 2.82194 -0.366359</i>
                        <i>1 0 0 0 1 0 0 0 1 -3.88478 2.82696 -0.366359</i>
                        <i>1 0 0 0 1 0 0 0 1 -3.88478 2.83198 -0.366359</i>
                        <i>1 0 0 0 1 0 0 0 1 -3.88478 2.83659 -0.366359</i>
                        <i>1 0 0 0 1 0 0 0 1 -3.88478 2.84039 -0.366359</i>
                        <i>1 0 0 0 1 0 0 0 1 -3.88478 2.84296 -0.366359</i>
                        <i>1 0 0 0 1 0 0 0 1 -3.88478 2.84391 -0.366359</i>
                        <i>1 0 0 0 1 0 0 0 1 -3.88478 2.84391 -0.366359</i>
                        <i>1 0 0 0 1 0 0 0 1 -3.88478 2.84391 -0.366359</i>
                        <i>1 0 0 0 1 0 0 0 1 -3.88478 2.84391 -0.366359</i>
                        <i>1 0 0 0 1 0 0 0 1 -3.88478 2.84391 -0.366359</i>
                        <i>1 0 0 0 1 0 0 0 1 -3.88478 2.84391 -0.366359</i>
                        <i>1 0 0 0 1 0 0 0 1 -3.87741 2.86652 -0.32711</i>
                        <i>1 0 0 0 1 0 0 0 1 -3.85571 2.91626 -0.231067</i>
                        <i>1 0 0 0 1 0 0 0 1 -3.82028 2.96607 -0.110787</i>
                        <i>1 0 0 0 1 0 0 0 1 -3.77171 2.98885 0.00117623</i>
                        <i>1 0 0 0 1 0 0 0 1 -3.7106 2.95752 0.0722656</i>
                        <i>1 0 0 0 1 0 0 0 1 -3.61585 2.8384 0.093514</i>
                        <i>1 0 0 0 1 0 0 0 1 -3.48706 2.64953 0.0866252</i>
                        <i>1 0 0 0 1 0 0 0 1 -3.35587 2.44146 0.0650507</i>
                        <i>1 0 0 0 1 0 0 0 1 -3.25396 2.2647 0.0422416</i>
                        <i>1 0 0 0 1 0 0 0 1 -3.21295 2.16977 0.0316493</i>
                        <i>1 0 0 0 1 0 0 0 1 -3.21295 2.14525 0.0316493</i>
                        <i>1 0 0 0 1 0 0 0 1 -3.21295 2.14307 0.0316493</i>
                        <i>1 0 0 0 1 0 0 0 1 -3.21295 2.15882 0.0316493</i>
                        <i>1 0 0 0 1 0 0 0 1 -3.21295 2.18808 0.0316493</i>
                        <i>1 0 0 0 1 0 0 0 1 -3.21295 2.22643 0.0316493</i>
                        <i>1 0 0 0 1 0 0 0 1 -3.21295 2.26946 0.0316493</i>
                        <i>1 0 0 0 1 0 0 0 1 -3.21295 2.31275 0.0316493</i>
                        <i>1 0 0 0 1 0 0 0 1 -3.21295 2.35188 0.0316493</i>
                        <i>1 0 0 0 1 0 0 0 1 -3.21295 2.38244 0.0316493</i>
                        <i>1 0 0 0 1 0 0 0 1 -3.21295 2.4 0.0316493</i>
                        <i>1 0 0 0 1 0 0 0 1 -3.21295 2.40799 0.0316493</i>
                        <i>1 0 0 0 1 0 0 0 1 -3.21295 2.4129 0.0316493</i>
                        <i>1 0 0 0 1 0 0 0 1 -3.21295 2.41489 0.0316493</i>
                        <i>1 0 0 0 1 0 0 0 1 -3.21295 2.41414 0.0316493</i>
                        <i>1 0 0 0 1 0 0 0 1 -3.21295 2.41081 0.0316493</i>
                        <i>1 0 0 0 1 0 0 0 1 -3.21295 2.40509 0.0316493</i>
                        <i>1 0 0 0 1 0 0 0 1 -3.21295 2.39714 0.0316493</i>
                        <i>1 0 0 0 1 0 0 0 1 -3.21295 2.38713 0.0316493</i>
                        <i>1 0 0 0 1 0 0 0 1 -3.21295 2.37524 0.0316493</i>
                        <i>1 0 0 0 1 0 0 0 1 -3.21295 2.36164 0.0316493</i>
                        <i>1 0 0 0 1 0 0 0 1 -3.20888 2.34554 0.040856</i>
                        <i>1 0 0 0 1 0 0 0 1 -3.19784 2.32634 0.0658454</i>
                        <i>1 0 0 0 1 0 0 0 1 -3.18158 2.30446 0.102672</i>
                        <i>1 0 0 0 1 0 0 0 1 -3.16182 2.28032 0.14739</i>
                        <i>1 0 0 0 1 0 0 0 1 -3.14033 2.25435 0.196054</i>
                        <i>1 0 0 0 1 0 0 0 1 -3.11883 2.22698 0.244717</i>
                        <i>1 0 0 0 1 0 0 0 1 -3.09908 2.19863 0.289435</i>
                        <i>1 0 0 0 1 0 0 0 1 -3.08281 2.16973 0.326262</i>
                        <i>1 0 0 0 1 0 0 0 1 -3.07177 2.14069 0.351251</i>
                        <i>1 0 0 0 1 0 0 0 1 -3.0677 2.11196 0.360458</i>
                        <i>1 0 0 0 1 0 0 0 1 -3.0677 2.07687 0.360458</i>
                        <i>1 0 0 0 1 0 0 0 1 -3.0677 2.03374 0.360458</i>
                        <i>1 0 0 0 1 0 0 0 1 -3.0677 1.99046 0.360458</i>
                        <i>1 0 0 0 1 0 0 0 1 -3.0677 1.9549 0.360458</i>
                        <i>1 0 0 0 1 0 0 0 1 -3.0677 1.93493 0.360458</i>
                        <i>1 0 0 0 1 0 0 0 1 -3.0677 1.9153 0.360458</i>
                        <i>1 0 0 0 1 0 0 0 1 -3.0677 1.89074 0.360458</i>
                        <i>1 0 0 0 1 0 0 0 1 -3.0677 1.88416 0.360458</i>
                        <i>1 0 0 0 1 0 0 0 1 -3.0677 1.91847 0.360458</i>
                        <i>1 0 0 0 1 0 0 0 1 -3.0677 2.01656 0.360458</i>
                        <i>1 0 0 0 1 0 0 0 1 -3.07347 2.16611 0.382147</i>
                        <i>1 0 0 0 1 0 0 0 1 -3.08849 2.33933 0.43051</i>
                        <i>1 0 0 0 1 0 0 0 1 -3.10929 2.53586 0.480511</i>
                        <i>1 0 0 0 1 0 0 0 1 -3.1319 2.75542 0.507098</i>
                        <i>1 0 0 0 1 0 0 0 1 -3.15162 2.9977 0.485105</i>
                        <i>1 0 0 0 1 0 0 0 1 -3.17182 3.26901 0.338057</i>
                        <i>1 0 0 0 1 0 0 0 1 -3.189 3.54498 0.101981</i>
                        <i>1 0 0 0 1 0 0 0 1 -3.18896 3.77934 -0.0793426</i>
                        <i>1 0 0 0 1 0 0 0 1 -3.16858 3.90657 -0.158469</i>
                        <i>1 0 0 0 1 0 0 0 1 -3.13906 3.88243 -0.199317</i>
                        <i>1 0 0 0 1 0 0 0 1 -3.1098 3.76559 -0.225192</i>
                        <i>1 0 0 0 1 0 0 0 1 -3.07954 3.65515 -0.257655</i>
                        <i>1 0 0 0 1 0 0 0 1 -3.0698 3.6346 -0.343329</i>
                        <i>1 0 0 0 1 0 0 0 1 -3.08169 3.67234 -0.46205</i>
                        <i>1 0 0 0 1 0 0 0 1 -3.07192 3.69263 -0.535608</i>
                        <i>1 0 0 0 1 0 0 0 1 -3.05316 3.65461 -0.581922</i>
                        <i>1 0 0 0 1 0 0 0 1 -3.0557 3.59315 -0.643119</i>
                        <i>1 0 0 0 1 0 0 0 1 -3.06031 3.54402 -0.677287</i>
                        <i>1 0 0 0 1 0 0 0 1 -3.06479 3.52497 -0.673897</i>
                        <i>1 0 0 0 1 0 0 0 1 -3.06504 3.51126 -0.660093</i>
                        <i>1 0 0 0 1 0 0 0 1 -3.05156 3.50518 -0.639507</i>
                        <i>1 0 0 0 1 0 0 0 1 -3.03078 3.53862 -0.613756</i>
                        <i>1 0 0 0 1 0 0 0 1 -3.00975 3.59578 -0.586305</i>
                        <i>1 0 0 0 1 0 0 0 1 -2.99697 3.65343 -0.564127</i>
                        <i>1 0 0 0 1 0 0 0 1 -2.99903 3.69132 -0.548911</i>
                        <i>1 0 0 0 1 0 0 0 1 -3.02263 3.70351 -0.533325</i>
                        <i>1 0 0 0 1 0 0 0 1 -3.06331 3.70303 -0.516938</i>
                        <i>1 0 0 0 1 0 0 0 1 -3.10961 3.69744 -0.504715</i>
                        <i>1 0 0 0 1 0 0 0 1 -3.14994 3.69341 -0.500185</i>
                        <i>1 0 0 0 1 0 0 0 1 -3.17274 3.69672 -0.505525</i>
                        <i>1 0 0 0 1 0 0 0 1 -3.16689 3.71384 -0.52669</i>
                        <i>1 0 0 0 1 0 0 0 1 -3.14024 3.74091 -0.562018</i>
                        <i>1 0 0 0 1 0 0 0 1 -3.10968 3.76801 -0.601495</i>
                        <i>1 0 0 0 1 0 0 0 1 -3.09177 3.78429 -0.635335</i>
                        <i>1 0 0 0 1 0 0 0 1 -3.10249 3.77744 -0.655022</i>
                        <i>1 0 0 0 1 0 0 0 1 -3.13733 3.74486 -0.66152</i>
                        <i>1 0 0 0 1 0 0 0 1 -3.17981 3.69759 -0.661222</i>
                        <i>1 0 0 0 1 0 0 0 1 -3.22748 3.6427 -0.655494</i>
                        <i>1 0 0 0 1 0 0 0 1 -3.27789 3.58728 -0.645701</i>
                        <i>1 0 0 0 1 0 0 0 1 -3.32858 3.53843 -0.633211</i>
                        <i>1 0 0 0 1 0 0 0 1 -3.3771 3.50322 -0.61939</i>
                        <i>1 0 0 0 1 0 0 0 1 -3.42273 3.49348 -0.603716</i>
                        <i>1 0 0 0 1 0 0 0 1 -3.46729 3.50592 -0.584994</i>
                        <i>1 0 0 0 1 0 0 0 1 -3.51213 3.52492 -0.563574</i>
                        <i>1 0 0 0 1 0 0 0 1 -3.55861 3.53487 -0.539807</i>
                        <i>1 0 0 0 1 0 0 0 1 -3.60806 3.52014 -0.514044</i>
                        <i>1 0 0 0 1 0 0 0 1 -3.66186 3.46514 -0.486635</i>
                        <i>1 0 0 0 1 0 0 0 1 -3.74472 3.26906 -0.442957</i>
                        <i>1 0 0 0 1 0 0 0 1 -3.83952 2.97432 -0.391294</i>
                        <i>1 0 0 0 1 0 0 0 1 -3.88478 2.78004 -0.366359</i>
                        <i>1 0 0 0 1 0 0 0 1 -3.88478 2.73699 -0.366359</i>
                        <i>1 0 0 0 1 0 0 0 1 -3.88478 2.74662 -0.366359</i>
                        <i>1 0 0 0 1 0 0 0 1 -3.88478 2.78416 -0.366359</i>
                        <i>1 0 0 0 1 0 0 0 1 -3.88478 2.82485 -0.366359</i>
                        <i>1 0 0 0 1 0 0 0 1 -3.88478 2.84391 -0.366359</i>
                        <i>1 0 0 0 1 0 0 0 1 -3.88478 2.84391 -0.366359</i>
                        <i>1 0 0 0 1 0 0 0 1 -3.88478 2.84391 -0.366359</i>
                        <i>1 0 0 0 1 0 0 0 1 -3.88478 2.84391 -0.366359</i>
                        <i>1 0 0 0 1 0 0 0 1 -3.88478 2.84391 -0.366359</i>
                        <i>1 0 0 0 1 0 0 0 1 -3.88478 2.84391 -0.366359</i>
                        <i>1 0 0 0 1 0 0 0 1 -3.88478 2.84391 -0.366359</i>
                        <i>1 0 0 0 1 0 0 0 1 -3.88478 2.84391 -0.366359</i>
                        <i>1 0 0 0 1 0 0 0 1 -3.88478 2.84391 -0.366359</i>
                        <i>1 0 0 0 1 0 0 0 1 -3.88478 2.84391 -0.366359</i>
                        <i>1 0 0 0 1 0 0 0 1 -3.88478 2.84391 -0.366359</i>
                    </KeyFrames>
                </p>
            </i>
            <i>
                <p>
                    <Name><![CDATA[spine0]]></Name>
                    <Exclude>0</Exclude>
                    <Additive>0</Additive>
                    <IKPriority>0</IKPriority>
                    <IKRotLimits>-1e+010 -1e+010 -1e+010 1e+010 1e+010 1e+010</IKRotLimits>
                    <IKRotLimitOrder>0</IKRotLimitOrder>
                    <KeyFrames count="160">
                        <i>-0.0214708 0.980063 0.197523 -0.703368 -0.155213 0.693674 0.710502 -0.124038 0.692677 -3.92903 2.97875 -0.389986</i>
                        <i>-0.020977 0.98013 0.197243 -0.70351 -0.154649 0.693655 0.710375 -0.124212 0.692776 -3.92906 2.97762 -0.390594</i>
                        <i>-0.0196432 0.980303 0.196523 -0.703838 -0.153161 0.693653 0.710089 -0.124694 0.692983 -3.92913 2.97464 -0.39222</i>
                        <i>-0.0176798 0.980531 0.195565 -0.704167 -0.151069 0.693777 0.709814 -0.125444 0.693129 -3.92923 2.97035 -0.394566</i>
                        <i>-0.0153076 0.980771 0.19456 -0.704333 -0.148689 0.694123 0.709705 -0.12641 0.693065 -3.92935 2.96533 -0.397332</i>
                        <i>-0.0127807 0.980989 0.193644 -0.704238 -0.146311 0.694724 0.709849 -0.127492 0.69272 -3.92947 2.96015 -0.400223</i>
                        <i>-0.0103953 0.98117 0.192867 -0.703888 -0.144176 0.695525 0.710235 -0.128527 0.692132 -3.92959 2.95543 -0.402953</i>
                        <i>-0.00848644 0.98132 0.192194 -0.703391 -0.142471 0.696379 0.710753 -0.129278 0.691461 -3.92969 2.95178 -0.405239</i>
                        <i>-0.00741367 0.98146 0.191524 -0.702939 -0.141337 0.697066 0.711212 -0.129462 0.690954 -3.92976 2.94987 -0.406809</i>
                        <i>-0.00753622 0.981611 0.190743 -0.702751 -0.140901 0.697343 0.711396 -0.12879 0.69089 -3.92978 2.95033 -0.407393</i>
                        <i>-0.00895246 0.98178 0.18981 -0.70291 -0.141187 0.697125 0.711223 -0.127179 0.691367 -3.93008 2.9565 -0.406624</i>
                        <i>-0.0113209 0.981945 0.188825 -0.703288 -0.142056 0.696568 0.710815 -0.124913 0.692198 -3.93077 2.9687 -0.40463</i>
                        <i>-0.0143123 0.982077 0.187937 -0.703732 -0.143417 0.695839 0.710321 -0.122298 0.693172 -3.93158 2.98307 -0.401881</i>
                        <i>-0.0176054 0.982148 0.187283 -0.7041 -0.145168 0.695104 0.709882 -0.119628 0.694086 -3.93224 2.99573 -0.398848</i>
                        <i>-0.0209072 0.982147 0.186948 -0.704291 -0.147186 0.694486 0.709604 -0.117146 0.694795 -3.93247 3.00285 -0.396007</i>
                        <i>-0.0239656 0.982077 0.186951 -0.704269 -0.149309 0.694055 0.709529 -0.11503 0.695224 -3.93207 3.00293 -0.393742</i>
                        <i>-0.0265748 0.981956 0.187231 -0.704065 -0.151346 0.693821 0.709639 -0.113384 0.695383 -3.93124 2.99847 -0.392076</i>
                        <i>-0.0285708 0.981818 0.187663 -0.703769 -0.15308 0.69374 0.709854 -0.112251 0.695347 -3.93027 2.99155 -0.390939</i>
                        <i>-0.029817 0.9817 0.188087 -0.703511 -0.154283 0.693736 0.710059 -0.111636 0.695236 -3.92944 2.98427 -0.390265</i>
                        <i>-0.0301801 0.981641 0.188338 -0.703422 -0.154725 0.693727 0.710131 -0.111544 0.695177 -3.92903 2.97875 -0.389986</i>
                        <i>-0.0301829 0.981676 0.188155 -0.703395 -0.154602 0.693783 0.710158 -0.111407 0.695172 -3.92915 2.97449 -0.390117</i>
                        <i>-0.030403 0.9818 0.187469 -0.703263 -0.15429 0.693986 0.71028 -0.110741 0.695154 -3.92964 2.96978 -0.39065</i>
                        <i>-0.0307682 0.981985 0.186439 -0.703054 -0.153847 0.694295 0.71047 -0.109715 0.695122 -3.9304 2.96481 -0.391486</i>
                        <i>-0.0312059 0.982201 0.185225 -0.702796 -0.153331 0.69467 0.710706 -0.108498 0.695072 -3.93134 2.95979 -0.392525</i>
                        <i>-0.0316499 0.982421 0.183977 -0.702515 -0.152798 0.695072 0.710965 -0.107247 0.695002 -3.93238 2.95494 -0.39367</i>
                        <i>-0.0320452 0.982623 0.182826 -0.702234 -0.152299 0.695466 0.711225 -0.1061 0.694912 -3.93342 2.95046 -0.394821</i>
                        <i>-0.0323491 0.982788 0.181882 -0.701974 -0.15188 0.695819 0.711467 -0.105168 0.694805 -3.93437 2.94658 -0.395882</i>
                        <i>-0.0325295 0.982902 0.181235 -0.701757 -0.151578 0.696104 0.711674 -0.104539 0.694689 -3.93516 2.94352 -0.396757</i>
                        <i>-0.0325608 0.982952 0.180957 -0.701602 -0.151426 0.696294 0.711825 -0.104288 0.694571 -3.93569 2.94152 -0.397351</i>
                        <i>-0.0324156 0.982928 0.181114 -0.701533 -0.151446 0.696359 0.7119 -0.104484 0.694465 -3.93589 2.9408 -0.39757</i>
                        <i>-0.0319606 0.982801 0.181882 -0.701559 -0.151672 0.696283 0.711894 -0.105347 0.694341 -3.9357 2.94188 -0.39736</i>
                        <i>-0.0311301 0.982567 0.183281 -0.701669 -0.152073 0.696085 0.711823 -0.106933 0.694171 -3.93519 2.94479 -0.396789</i>
                        <i>-0.0299872 0.982252 0.185153 -0.701848 -0.152583 0.695793 0.711695 -0.109085 0.693967 -3.93443 2.94907 -0.395946</i>
                        <i>-0.0286013 0.981879 0.18734 -0.702082 -0.153138 0.695435 0.711521 -0.111638 0.693739 -3.93351 2.95425 -0.394919</i>
                        <i>-0.0270588 0.981473 0.18968 -0.702353 -0.153687 0.695039 0.711314 -0.114416 0.6935 -3.93249 2.95987 -0.393798</i>
                        <i>-0.0254678 0.981063 0.192005 -0.702639 -0.154189 0.69464 0.71109 -0.117219 0.69326 -3.93148 2.96548 -0.392674</i>
                        <i>-0.023959 0.980682 0.194137 -0.702913 -0.154611 0.694269 0.710872 -0.119827 0.693038 -3.93054 2.97062 -0.391638</i>
                        <i>-0.0226823 0.980363 0.195893 -0.703146 -0.154933 0.693961 0.710684 -0.122001 0.692852 -3.92976 2.97484 -0.390782</i>
                        <i>-0.0217991 0.980144 0.197085 -0.703307 -0.155139 0.693751 0.710552 -0.123488 0.692724 -3.92923 2.97769 -0.390201</i>
                        <i>-0.0214708 0.980063 0.197523 -0.703368 -0.155213 0.693674 0.710502 -0.124038 0.692677 -3.92903 2.97875 -0.389986</i>
                        <i>-0.0186336 0.976966 0.212581 -0.702343 -0.164114 0.692663 0.711595 -0.136398 0.689223 -3.92903 2.97875 -0.389986</i>
                        <i>-0.0145159 0.968156 0.249926 -0.699232 -0.1885 0.689595 0.714747 -0.164746 0.679702 -3.92903 2.97875 -0.389986</i>
                        <i>-0.0143093 0.954355 0.298332 -0.693853 -0.224313 0.68429 0.719975 -0.197207 0.665391 -3.92903 2.97875 -0.389986</i>
                        <i>-0.0168946 0.941043 0.337865 -0.688259 -0.256058 0.678774 0.725268 -0.221071 0.652008 -3.92903 2.97875 -0.389986</i>
                        <i>-0.016284 0.946227 0.323094 -0.690409 -0.244376 0.680893 0.723236 -0.211979 0.657263 -3.92903 2.97875 -0.389986</i>
                        <i>0.00115211 0.98055 0.196264 -0.707024 -0.137997 0.693594 0.707188 -0.139563 0.693114 -3.92248 2.99997 -0.35634</i>
                        <i>0.0419037 0.999116 -0.00346275 -0.727102 0.0328719 0.685742 0.68525 -0.0262174 0.727836 -3.90249 3.04555 -0.273404</i>
                        <i>0.0941005 0.972658 -0.212326 -0.739729 0.211046 0.638952 0.666292 0.096938 0.739363 -3.86872 3.0888 -0.168118</i>
                        <i>0.139313 0.914361 -0.380178 -0.741192 0.35088 0.572292 0.656678 0.202058 0.726599 -3.82101 3.10493 -0.0680385</i>
                        <i>0.167799 0.873454 -0.457079 -0.734572 0.419997 0.532923 0.657455 0.246333 0.71209 -3.75905 3.07087 -0.0018976</i>
                        <i>0.196222 0.889053 -0.41362 -0.723928 0.415863 0.550441 0.661381 0.191422 0.725212 -3.66038 2.95568 0.0231143</i>
                        <i>0.218773 0.935655 -0.276925 -0.715534 0.346788 0.606424 0.663438 0.0654801 0.745361 -3.52498 2.77455 0.0263833</i>
                        <i>0.222192 0.970846 -0.0899323 -0.714018 0.224833 0.663045 0.663934 -0.0831099 0.743158 -3.3861 2.57409 0.0182217</i>
                        <i>0.218936 0.971758 0.088054 -0.717047 0.0990315 0.689953 0.661748 -0.214195 0.718478 -3.27729 2.40243 0.00786769</i>
                        <i>0.217657 0.958063 0.186386 -0.720236 0.0287813 0.693132 0.6587 -0.285107 0.696296 -3.23222 2.30961 0.00388596</i>
                        <i>0.21674 0.95279 0.212636 -0.721735 0.00972217 0.692101 0.65736 -0.303473 0.68977 -3.23094 2.28551 0.00523321</i>
                        <i>0.209157 0.951407 0.226003 -0.722985 -0.00516643 0.690844 0.658442 -0.307891 0.686773 -3.23084 2.28337 0.00533721</i>
                        <i>0.196563 0.953411 0.228845 -0.723774 -0.0163622 0.689843 0.661448 -0.30123 0.686838 -3.23167 2.29884 0.00445645</i>
                        <i>0.180536 0.95786 0.223407 -0.724083 -0.0242921 0.689285 0.665665 -0.286206 0.689185 -3.2332 2.32757 0.00285514</i>
                        <i>0.162625 0.963659 0.211929 -0.724011 -0.0293791 0.689162 0.670344 -0.265514 0.692922 -3.23515 2.36518 0.000798864</i>
                        <i>0.144387 0.969768 0.19673 -0.723711 -0.0320926 0.689357 0.67483 -0.241909 0.697198 -3.23729 2.40733 -0.00144887</i>
                        <i>0.127404 0.975333 0.180262 -0.723338 -0.0329849 0.689705 0.678638 -0.218262 0.701293 -3.23936 2.4497 -0.00362939</i>
                        <i>0.113279 0.979746 0.165122 -0.723014 -0.0327042 0.690059 0.681483 -0.197554 0.704665 -3.24113 2.48798 -0.00549047</i>
                        <i>0.103622 0.982619 0.154019 -0.722803 -0.0319783 0.690313 0.683241 -0.182857 0.706927 -3.24236 2.51791 -0.00678588</i>
                        <i>0.100047 0.983655 0.14971 -0.722731 -0.0315699 0.690408 0.683849 -0.177273 0.70776 -3.24282 2.53524 -0.00727211</i>
                        <i>0.100047 0.983655 0.14971 -0.722731 -0.0315699 0.690408 0.683849 -0.177273 0.70776 -3.24282 2.54323 -0.00727211</i>
                        <i>0.100047 0.983655 0.14971 -0.722731 -0.0315699 0.690408 0.683849 -0.177273 0.70776 -3.24282 2.54813 -0.00727211</i>
                        <i>0.100047 0.983655 0.14971 -0.722731 -0.0315699 0.690408 0.683849 -0.177273 0.70776 -3.24282 2.55013 -0.00727211</i>
                        <i>0.100047 0.983655 0.14971 -0.722731 -0.0315699 0.690408 0.683849 -0.177273 0.70776 -3.24282 2.54937 -0.00727211</i>
                        <i>0.100047 0.983655 0.14971 -0.722731 -0.0315699 0.690408 0.683849 -0.177273 0.70776 -3.24282 2.54605 -0.00727211</i>
                        <i>0.100047 0.983655 0.14971 -0.722731 -0.0315699 0.690408 0.683849 -0.177273 0.70776 -3.24282 2.54033 -0.00727211</i>
                        <i>0.100047 0.983655 0.14971 -0.722731 -0.0315699 0.690408 0.683849 -0.177273 0.70776 -3.24282 2.53238 -0.00727211</i>
                        <i>0.100047 0.983655 0.14971 -0.722731 -0.0315699 0.690408 0.683849 -0.177273 0.70776 -3.24282 2.52237 -0.00727211</i>
                        <i>0.100047 0.983655 0.14971 -0.722731 -0.0315699 0.690408 0.683849 -0.177273 0.70776 -3.24282 2.51048 -0.00727211</i>
                        <i>0.100047 0.983655 0.14971 -0.722731 -0.0315699 0.690408 0.683849 -0.177273 0.70776 -3.24282 2.49687 -0.00727211</i>
                        <i>0.112044 0.980728 0.160057 -0.713964 -0.0325803 0.699424 0.69116 -0.192641 0.696554 -3.23748 2.4817 0.00426073</i>
                        <i>0.1458 0.971618 0.186282 -0.68965 -0.0351833 0.723287 0.709313 -0.233925 0.664947 -3.22267 2.46472 0.0353611</i>
                        <i>0.198442 0.955135 0.21986 -0.652495 -0.0386432 0.756807 0.731349 -0.29364 0.615552 -3.20012 2.4454 0.0806105</i>
                        <i>0.266104 0.930402 0.252074 -0.605349 -0.0422109 0.79484 0.750161 -0.364103 0.551985 -3.17169 2.42326 0.134472</i>
                        <i>0.342842 0.897971 0.275877 -0.551625 -0.0452657 0.832863 0.760374 -0.43772 0.479825 -3.13973 2.39814 0.191515</i>
                        <i>0.420813 0.860398 0.287456 -0.495466 -0.047444 0.867331 0.759888 -0.507409 0.406333 -3.10711 2.37035 0.246708</i>
                        <i>0.491406 0.822282 0.287006 -0.441713 -0.0487049 0.895833 0.750607 -0.566992 0.339279 -3.07708 2.34067 0.295625</i>
                        <i>0.546591 0.789791 0.278334 -0.395743 -0.0492952 0.917037 0.737988 -0.611392 0.28561 -3.05295 2.31022 0.33446</i>
                        <i>0.579659 0.76976 0.26733 -0.36321 -0.0496025 0.930386 0.729434 -0.636403 0.250832 -3.03795 2.28026 0.359789</i>
                        <i>0.584867 0.768454 0.259633 -0.349724 -0.0499062 0.935523 0.731863 -0.637956 0.239558 -3.03517 2.25188 0.36813</i>
                        <i>0.554902 0.793923 0.248535 -0.344969 -0.0522625 0.937158 0.75702 -0.605768 0.244879 -3.04639 2.21908 0.364406</i>
                        <i>0.493444 0.839655 0.226918 -0.335906 -0.0566835 0.940188 0.802296 -0.540154 0.254075 -3.06832 2.17756 0.357107</i>
                        <i>0.411395 0.889722 0.197859 -0.324046 -0.0601239 0.944129 0.851909 -0.452525 0.263576 -3.09563 2.13103 0.347969</i>
                        <i>0.318189 0.933755 0.163881 -0.311911 -0.0601292 0.948207 0.895247 -0.352825 0.272116 -3.1222 2.0863 0.339002</i>
                        <i>0.220306 0.967167 0.126698 -0.303331 -0.0555212 0.951266 0.927068 -0.248001 0.28114 -3.14268 2.05436 0.331969</i>
                        <i>0.124136 0.988319 0.0884096 -0.300525 -0.0474668 0.952592 0.945661 -0.14482 0.291122 -3.15594 2.02397 0.327263</i>
                        <i>0.0389265 0.997865 0.0524446 -0.302053 -0.0382785 0.952522 0.952496 -0.0529194 0.299918 -3.16443 1.99084 0.324128</i>
                        <i>-0.0265517 0.999402 0.0221477 -0.306346 -0.0292244 0.951472 0.95155 0.0184783 0.306939 -3.16946 1.97838 0.322186</i>
                        <i>-0.0652106 0.997871 0.000558 -0.311669 -0.0208987 0.949961 0.947951 0.0617736 0.312368 -3.17199 2.00944 0.321159</i>
                        <i>-0.0716026 0.997387 -0.00960294 -0.316417 -0.0135831 0.948523 0.945914 0.0709552 0.316563 -3.17271 2.10657 0.32085</i>
                        <i>-0.0600215 0.99819 -0.00378809 -0.301552 -0.0145145 0.953339 0.951559 0.0583631 0.301878 -3.17775 2.26015 0.350828</i>
                        <i>-0.0375564 0.999001 0.0242327 -0.244416 -0.0326964 0.969119 0.968943 0.0304738 0.2454 -3.18941 2.4413 0.419813</i>
                        <i>0.00653545 0.998021 0.0625468 -0.151306 -0.060841 0.986613 0.988465 -0.0159117 0.150609 -3.20274 2.64422 0.495368</i>
                        <i>0.0568297 0.994691 0.0857947 -0.0504139 -0.0829649 0.995276 0.99711 -0.0608865 0.0454314 -3.21503 2.86683 0.544155</i>
                        <i>0.085967 0.992272 0.0894738 0.0189909 -0.0914219 0.995631 0.996117 -0.0838922 -0.0267034 -3.22591 3.11065 0.534291</i>
                        <i>0.0612409 0.995318 0.0747706 0.042136 -0.0774225 0.996108 0.997233 -0.057852 -0.0466801 -3.2415 3.38557 0.385517</i>
                        <i>-0.00386309 0.998271 0.0586465 0.0406294 -0.0584418 0.997464 0.999167 0.00623606 -0.0403334 -3.25787 3.66597 0.138233</i>
                        <i>-0.070683 0.996042 0.0538856 0.0271999 -0.0520761 0.998273 0.997128 0.0720266 -0.0234114 -3.26103 3.90168 -0.0562373</i>
                        <i>-0.120603 0.990664 0.0635548 0.0181837 -0.0618067 0.997922 0.992534 0.121508 -0.0105598 -3.24579 4.02679 -0.141666</i>
                        <i>-0.142563 0.986697 0.0781303 0.0117024 -0.0772507 0.996943 0.989717 0.143041 -0.000533684 -3.22602 3.99582 -0.182645</i>
                        <i>-0.126896 0.98823 0.085439 -0.000288338 -0.086172 0.99628 0.991916 0.126399 0.0112198 -3.20891 3.86863 -0.209209</i>
                        <i>-0.09436 0.991277 0.0920079 -0.0116492 -0.0935134 0.99555 0.99547 0.0928683 0.0203715 -3.18539 3.75137 -0.24233</i>
                        <i>-0.0942446 0.984391 0.148632 0.00154805 -0.149152 0.988813 0.995548 0.0934204 0.0125328 -3.17843 3.72702 -0.324515</i>
                        <i>-0.119017 0.964976 0.233786 0.0400589 -0.230601 0.972223 0.992084 0.125076 -0.0112105 -3.19351 3.75979 -0.438718</i>
                        <i>-0.130725 0.957547 0.256934 0.0619106 -0.250767 0.966066 0.989484 0.142196 -0.0265008 -3.18599 3.77813 -0.516214</i>
                        <i>-0.11275 0.980345 0.161896 0.0336507 -0.159074 0.986693 0.993053 0.116697 -0.0150537 -3.16874 3.74025 -0.580686</i>
                        <i>-0.0704624 0.99748 0.00830918 -0.0127702 -0.00923124 0.999876 0.997433 0.0703475 0.0133885 -3.17151 3.67589 -0.664055</i>
                        <i>-0.0149945 0.994518 -0.103487 -0.0562296 0.102496 0.993143 0.998305 0.0207107 0.0543844 -3.1737 3.62533 -0.712344</i>
                        <i>0.0283775 0.990279 -0.136168 -0.257276 0.138869 0.956308 0.965921 0.00789523 0.258716 -3.17063 3.61682 -0.706434</i>
                        <i>0.0213261 0.988648 -0.148731 -0.414333 0.144128 0.898641 0.909875 0.0424597 0.412703 -3.16233 3.61404 -0.685931</i>
                        <i>-0.0621269 0.985414 -0.158431 -0.432553 0.116471 0.894054 0.899466 0.124074 0.419007 -3.1453 3.60955 -0.671378</i>
                        <i>-0.139653 0.983357 -0.116216 -0.465067 0.0384782 0.884439 0.874191 0.177563 0.451953 -3.11948 3.64473 -0.653355</i>
                        <i>-0.146671 0.988986 -0.0198775 -0.516212 -0.0593839 0.8544 0.843809 0.135576 0.519236 -3.08811 3.70791 -0.630841</i>
