<?xml version="1.0" encoding="ISO-8859-1" ?>
<Animl Version="1">
    <ModellingPackage><![CDATA[Maya.2010]]></ModellingPackage>
    <SrcFile><![CDATA[anims\turrets\antiair\red\~src\aa_zu232\aa_zu232_crew_idle_crewmana.mb]]></SrcFile>
    <FramesPerSecond>30</FramesPerSecond>
    <TotalFrames>120</TotalFrames>
    <Skeleton>
        <RefFrame>
            <Name><![CDATA[soldier_ref_frame]]></Name>
            <Exclude>0</Exclude>
            <Additive>0</Additive>
            <IKPriority>0</IKPriority>
            <IKRotLimits>-1e+010 -1e+010 -1e+010 1e+010 1e+010 1e+010</IKRotLimits>
            <IKRotLimitOrder>0</IKRotLimitOrder>
            <KeyFrames count="120">
                <i>1 0 0 0 1 0 0 0 1 1.52 2.68 -2.28</i>
                <i>1 0 0 0 1 0 0 0 1 1.52 2.68 -2.28</i>
                <i>1 0 0 0 1 0 0 0 1 1.52 2.68 -2.28</i>
                <i>1 0 0 0 1 0 0 0 1 1.52 2.68 -2.28</i>
                <i>1 0 0 0 1 0 0 0 1 1.52 2.68 -2.28</i>
                <i>1 0 0 0 1 0 0 0 1 1.52 2.68 -2.28</i>
                <i>1 0 0 0 1 0 0 0 1 1.52 2.68 -2.28</i>
                <i>1 0 0 0 1 0 0 0 1 1.52 2.68 -2.28</i>
                <i>1 0 0 0 1 0 0 0 1 1.52 2.68 -2.28</i>
                <i>1 0 0 0 1 0 0 0 1 1.52 2.68 -2.28</i>
                <i>1 0 0 0 1 0 0 0 1 1.52 2.68 -2.28</i>
                <i>1 0 0 0 1 0 0 0 1 1.52 2.68 -2.28</i>
                <i>1 0 0 0 1 0 0 0 1 1.52 2.68 -2.28</i>
                <i>1 0 0 0 1 0 0 0 1 1.52 2.68 -2.28</i>
                <i>1 0 0 0 1 0 0 0 1 1.52 2.68 -2.28</i>
                <i>1 0 0 0 1 0 0 0 1 1.52 2.68 -2.28</i>
                <i>1 0 0 0 1 0 0 0 1 1.52 2.68 -2.28</i>
                <i>1 0 0 0 1 0 0 0 1 1.52 2.68 -2.28</i>
                <i>1 0 0 0 1 0 0 0 1 1.52 2.68 -2.28</i>
                <i>1 0 0 0 1 0 0 0 1 1.52 2.68 -2.28</i>
                <i>1 0 0 0 1 0 0 0 1 1.52 2.68 -2.28</i>
                <i>1 0 0 0 1 0 0 0 1 1.52 2.68 -2.28</i>
                <i>1 0 0 0 1 0 0 0 1 1.52 2.68 -2.28</i>
                <i>1 0 0 0 1 0 0 0 1 1.52 2.68 -2.28</i>
                <i>1 0 0 0 1 0 0 0 1 1.52 2.68 -2.28</i>
                <i>1 0 0 0 1 0 0 0 1 1.52 2.68 -2.28</i>
                <i>1 0 0 0 1 0 0 0 1 1.52 2.68 -2.28</i>
                <i>1 0 0 0 1 0 0 0 1 1.52 2.68 -2.28</i>
                <i>1 0 0 0 1 0 0 0 1 1.52 2.68 -2.28</i>
                <i>1 0 0 0 1 0 0 0 1 1.52 2.68 -2.28</i>
                <i>1 0 0 0 1 0 0 0 1 1.52 2.68 -2.28</i>
                <i>1 0 0 0 1 0 0 0 1 1.52 2.68 -2.28</i>
                <i>1 0 0 0 1 0 0 0 1 1.52 2.68 -2.28</i>
                <i>1 0 0 0 1 0 0 0 1 1.52 2.68 -2.28</i>
                <i>1 0 0 0 1 0 0 0 1 1.52 2.68 -2.28</i>
                <i>1 0 0 0 1 0 0 0 1 1.52 2.68 -2.28</i>
                <i>1 0 0 0 1 0 0 0 1 1.52 2.68 -2.28</i>
                <i>1 0 0 0 1 0 0 0 1 1.52 2.68 -2.28</i>
                <i>1 0 0 0 1 0 0 0 1 1.52 2.68 -2.28</i>
                <i>1 0 0 0 1 0 0 0 1 1.52 2.68 -2.28</i>
                <i>1 0 0 0 1 0 0 0 1 1.52 2.68 -2.28</i>
                <i>1 0 0 0 1 0 0 0 1 1.52 2.68 -2.28</i>
                <i>1 0 0 0 1 0 0 0 1 1.52 2.68 -2.28</i>
                <i>1 0 0 0 1 0 0 0 1 1.52 2.68 -2.28</i>
                <i>1 0 0 0 1 0 0 0 1 1.52 2.68 -2.28</i>
                <i>1 0 0 0 1 0 0 0 1 1.52 2.68 -2.28</i>
                <i>1 0 0 0 1 0 0 0 1 1.52 2.68 -2.28</i>
                <i>1 0 0 0 1 0 0 0 1 1.52 2.68 -2.28</i>
                <i>1 0 0 0 1 0 0 0 1 1.52 2.68 -2.28</i>
                <i>1 0 0 0 1 0 0 0 1 1.52 2.68 -2.28</i>
                <i>1 0 0 0 1 0 0 0 1 1.52 2.68 -2.28</i>
                <i>1 0 0 0 1 0 0 0 1 1.52 2.68 -2.28</i>
                <i>1 0 0 0 1 0 0 0 1 1.52 2.68 -2.28</i>
                <i>1 0 0 0 1 0 0 0 1 1.52 2.68 -2.28</i>
                <i>1 0 0 0 1 0 0 0 1 1.52 2.68 -2.28</i>
                <i>1 0 0 0 1 0 0 0 1 1.52 2.68 -2.28</i>
                <i>1 0 0 0 1 0 0 0 1 1.52 2.68 -2.28</i>
                <i>1 0 0 0 1 0 0 0 1 1.52 2.68 -2.28</i>
                <i>1 0 0 0 1 0 0 0 1 1.52 2.68 -2.28</i>
                <i>1 0 0 0 1 0 0 0 1 1.52 2.68 -2.28</i>
                <i>1 0 0 0 1 0 0 0 1 1.52 2.68 -2.28</i>
                <i>1 0 0 0 1 0 0 0 1 1.52 2.68 -2.28</i>
                <i>1 0 0 0 1 0 0 0 1 1.52 2.68 -2.28</i>
                <i>1 0 0 0 1 0 0 0 1 1.52 2.68 -2.28</i>
                <i>1 0 0 0 1 0 0 0 1 1.52 2.68 -2.28</i>
                <i>1 0 0 0 1 0 0 0 1 1.52 2.68 -2.28</i>
                <i>1 0 0 0 1 0 0 0 1 1.52 2.68 -2.28</i>
                <i>1 0 0 0 1 0 0 0 1 1.52 2.68 -2.28</i>
                <i>1 0 0 0 1 0 0 0 1 1.52 2.68 -2.28</i>
                <i>1 0 0 0 1 0 0 0 1 1.52 2.68 -2.28</i>
                <i>1 0 0 0 1 0 0 0 1 1.52 2.68 -2.28</i>
                <i>1 0 0 0 1 0 0 0 1 1.52 2.68 -2.28</i>
                <i>1 0 0 0 1 0 0 0 1 1.52 2.68 -2.28</i>
                <i>1 0 0 0 1 0 0 0 1 1.52 2.68 -2.28</i>
                <i>1 0 0 0 1 0 0 0 1 1.52 2.68 -2.28</i>
                <i>1 0 0 0 1 0 0 0 1 1.52 2.68 -2.28</i>
                <i>1 0 0 0 1 0 0 0 1 1.52 2.68 -2.28</i>
                <i>1 0 0 0 1 0 0 0 1 1.52 2.68 -2.28</i>
                <i>1 0 0 0 1 0 0 0 1 1.52 2.68 -2.28</i>
                <i>1 0 0 0 1 0 0 0 1 1.52 2.68 -2.28</i>
                <i>1 0 0 0 1 0 0 0 1 1.52 2.68 -2.28</i>
                <i>1 0 0 0 1 0 0 0 1 1.52 2.68 -2.28</i>
                <i>1 0 0 0 1 0 0 0 1 1.52 2.68 -2.28</i>
                <i>1 0 0 0 1 0 0 0 1 1.52 2.68 -2.28</i>
                <i>1 0 0 0 1 0 0 0 1 1.52 2.68 -2.28</i>
                <i>1 0 0 0 1 0 0 0 1 1.52 2.68 -2.28</i>
                <i>1 0 0 0 1 0 0 0 1 1.52 2.68 -2.28</i>
                <i>1 0 0 0 1 0 0 0 1 1.52 2.68 -2.28</i>
                <i>1 0 0 0 1 0 0 0 1 1.52 2.68 -2.28</i>
                <i>1 0 0 0 1 0 0 0 1 1.52 2.68 -2.28</i>
                <i>1 0 0 0 1 0 0 0 1 1.52 2.68 -2.28</i>
                <i>1 0 0 0 1 0 0 0 1 1.52 2.68 -2.28</i>
                <i>1 0 0 0 1 0 0 0 1 1.52 2.68 -2.28</i>
                <i>1 0 0 0 1 0 0 0 1 1.52 2.68 -2.28</i>
                <i>1 0 0 0 1 0 0 0 1 1.52 2.68 -2.28</i>
                <i>1 0 0 0 1 0 0 0 1 1.52 2.68 -2.28</i>
                <i>1 0 0 0 1 0 0 0 1 1.52 2.68 -2.28</i>
                <i>1 0 0 0 1 0 0 0 1 1.52 2.68 -2.28</i>
                <i>1 0 0 0 1 0 0 0 1 1.52 2.68 -2.28</i>
                <i>1 0 0 0 1 0 0 0 1 1.52 2.68 -2.28</i>
                <i>1 0 0 0 1 0 0 0 1 1.52 2.68 -2.28</i>
                <i>1 0 0 0 1 0 0 0 1 1.52 2.68 -2.28</i>
                <i>1 0 0 0 1 0 0 0 1 1.52 2.68 -2.28</i>
                <i>1 0 0 0 1 0 0 0 1 1.52 2.68 -2.28</i>
                <i>1 0 0 0 1 0 0 0 1 1.52 2.68 -2.28</i>
                <i>1 0 0 0 1 0 0 0 1 1.52 2.68 -2.28</i>
                <i>1 0 0 0 1 0 0 0 1 1.52 2.68 -2.28</i>
                <i>1 0 0 0 1 0 0 0 1 1.52 2.68 -2.28</i>
                <i>1 0 0 0 1 0 0 0 1 1.52 2.68 -2.28</i>
                <i>1 0 0 0 1 0 0 0 1 1.52 2.68 -2.28</i>
                <i>1 0 0 0 1 0 0 0 1 1.52 2.68 -2.28</i>
                <i>1 0 0 0 1 0 0 0 1 1.52 2.68 -2.28</i>
                <i>1 0 0 0 1 0 0 0 1 1.52 2.68 -2.28</i>
                <i>1 0 0 0 1 0 0 0 1 1.52 2.68 -2.28</i>
                <i>1 0 0 0 1 0 0 0 1 1.52 2.68 -2.28</i>
                <i>1 0 0 0 1 0 0 0 1 1.52 2.68 -2.28</i>
                <i>1 0 0 0 1 0 0 0 1 1.52 2.68 -2.28</i>
                <i>1 0 0 0 1 0 0 0 1 1.52 2.68 -2.28</i>
                <i>1 0 0 0 1 0 0 0 1 1.52 2.68 -2.28</i>
                <i>1 0 0 0 1 0 0 0 1 1.52 2.68 -2.28</i>
            </KeyFrames>
        </RefFrame>
        <Bones count="23">
            <i>
                <p>
                    <Name><![CDATA[pelvis]]></Name>
                    <Exclude>0</Exclude>
                    <Additive>0</Additive>
                    <IKPriority>0</IKPriority>
                    <IKRotLimits>-1e+010 -1e+010 -1e+010 1e+010 1e+010 1e+010</IKRotLimits>
                    <IKRotLimitOrder>2</IKRotLimitOrder>
                    <KeyFrames count="120">
                        <i>1 0 0 0 1 0 0 0 1 1.52484 3.81247 -2.2973</i>
                        <i>1 0 0 0 1 0 0 0 1 1.52484 3.81247 -2.2973</i>
                        <i>1 0 0 0 1 0 0 0 1 1.52484 3.81247 -2.2973</i>
                        <i>1 0 0 0 1 0 0 0 1 1.52484 3.81247 -2.2973</i>
                        <i>1 0 0 0 1 0 0 0 1 1.52484 3.81247 -2.2973</i>
                        <i>1 0 0 0 1 0 0 0 1 1.52484 3.81247 -2.2973</i>
                        <i>1 0 0 0 1 0 0 0 1 1.52484 3.81247 -2.2973</i>
                        <i>1 0 0 0 1 0 0 0 1 1.52484 3.81247 -2.2973</i>
                        <i>1 0 0 0 1 0 0 0 1 1.52484 3.81247 -2.2973</i>
                        <i>1 0 0 0 1 0 0 0 1 1.52484 3.81247 -2.2973</i>
                        <i>1 0 0 0 1 0 0 0 1 1.52484 3.81247 -2.2973</i>
                        <i>1 0 0 0 1 0 0 0 1 1.52484 3.81247 -2.2973</i>
                        <i>1 0 0 0 1 0 0 0 1 1.52484 3.81247 -2.2973</i>
                        <i>1 0 0 0 1 0 0 0 1 1.52484 3.81247 -2.2973</i>
                        <i>1 0 0 0 1 0 0 0 1 1.52484 3.81247 -2.2973</i>
                        <i>1 0 0 0 1 0 0 0 1 1.52484 3.81247 -2.2973</i>
                        <i>1 0 0 0 1 0 0 0 1 1.52484 3.81247 -2.2973</i>
                        <i>1 0 0 0 1 0 0 0 1 1.52484 3.81247 -2.2973</i>
                        <i>1 0 0 0 1 0 0 0 1 1.52484 3.81247 -2.2973</i>
                        <i>1 0 0 0 1 0 0 0 1 1.52484 3.81247 -2.2973</i>
                        <i>1 0 0 0 1 0 0 0 1 1.52484 3.81247 -2.2973</i>
                        <i>1 0 0 0 1 0 0 0 1 1.52484 3.81247 -2.2973</i>
                        <i>1 0 0 0 1 0 0 0 1 1.52484 3.81247 -2.2973</i>
                        <i>1 0 0 0 1 0 0 0 1 1.52484 3.81247 -2.2973</i>
                        <i>1 0 0 0 1 0 0 0 1 1.52484 3.81247 -2.2973</i>
                        <i>1 0 0 0 1 0 0 0 1 1.52484 3.81247 -2.2973</i>
                        <i>1 0 0 0 1 0 0 0 1 1.52484 3.81247 -2.2973</i>
                        <i>1 0 0 0 1 0 0 0 1 1.52484 3.81247 -2.2973</i>
                        <i>1 0 0 0 1 0 0 0 1 1.52484 3.81247 -2.2973</i>
                        <i>1 0 0 0 1 0 0 0 1 1.52484 3.81247 -2.2973</i>
                        <i>1 0 0 0 1 0 0 0 1 1.52484 3.81247 -2.2973</i>
                        <i>1 0 0 0 1 0 0 0 1 1.52484 3.81247 -2.2973</i>
                        <i>1 0 0 0 1 0 0 0 1 1.52484 3.81247 -2.2973</i>
                        <i>1 0 0 0 1 0 0 0 1 1.52484 3.81247 -2.2973</i>
                        <i>1 0 0 0 1 0 0 0 1 1.52484 3.81247 -2.2973</i>
                        <i>1 0 0 0 1 0 0 0 1 1.52484 3.81247 -2.2973</i>
                        <i>1 0 0 0 1 0 0 0 1 1.52484 3.81247 -2.2973</i>
                        <i>1 0 0 0 1 0 0 0 1 1.52484 3.81247 -2.2973</i>
                        <i>1 0 0 0 1 0 0 0 1 1.52484 3.81247 -2.2973</i>
                        <i>1 0 0 0 1 0 0 0 1 1.52484 3.81247 -2.2973</i>
                        <i>1 0 0 0 1 0 0 0 1 1.52484 3.81247 -2.2973</i>
                        <i>1 0 0 0 1 0 0 0 1 1.52484 3.81247 -2.2973</i>
                        <i>1 0 0 0 1 0 0 0 1 1.52484 3.81247 -2.2973</i>
                        <i>1 0 0 0 1 0 0 0 1 1.52484 3.81247 -2.2973</i>
                        <i>1 0 0 0 1 0 0 0 1 1.52484 3.81247 -2.2973</i>
                        <i>1 0 0 0 1 0 0 0 1 1.52484 3.81247 -2.2973</i>
                        <i>1 0 0 0 1 0 0 0 1 1.52484 3.81247 -2.2973</i>
                        <i>1 0 0 0 1 0 0 0 1 1.52484 3.81247 -2.2973</i>
                        <i>1 0 0 0 1 0 0 0 1 1.52484 3.81247 -2.2973</i>
                        <i>1 0 0 0 1 0 0 0 1 1.52484 3.81247 -2.2973</i>
                        <i>1 0 0 0 1 0 0 0 1 1.52484 3.81247 -2.2973</i>
                        <i>1 0 0 0 1 0 0 0 1 1.52484 3.81247 -2.2973</i>
                        <i>1 0 0 0 1 0 0 0 1 1.52484 3.81247 -2.2973</i>
                        <i>1 0 0 0 1 0 0 0 1 1.52484 3.81247 -2.2973</i>
                        <i>1 0 0 0 1 0 0 0 1 1.52484 3.81247 -2.2973</i>
                        <i>1 0 0 0 1 0 0 0 1 1.52484 3.81247 -2.2973</i>
                        <i>1 0 0 0 1 0 0 0 1 1.52484 3.81247 -2.2973</i>
                        <i>1 0 0 0 1 0 0 0 1 1.52484 3.81247 -2.2973</i>
                        <i>1 0 0 0 1 0 0 0 1 1.52484 3.81247 -2.2973</i>
                        <i>1 0 0 0 1 0 0 0 1 1.52484 3.81247 -2.2973</i>
                        <i>1 0 0 0 1 0 0 0 1 1.52484 3.81247 -2.2973</i>
                        <i>1 0 0 0 1 0 0 0 1 1.52484 3.81247 -2.2973</i>
                        <i>1 0 0 0 1 0 0 0 1 1.52484 3.81247 -2.2973</i>
                        <i>1 0 0 0 1 0 0 0 1 1.52484 3.81247 -2.2973</i>
                        <i>1 0 0 0 1 0 0 0 1 1.52484 3.81247 -2.2973</i>
                        <i>1 0 0 0 1 0 0 0 1 1.52484 3.81247 -2.2973</i>
                        <i>1 0 0 0 1 0 0 0 1 1.52484 3.81247 -2.2973</i>
                        <i>1 0 0 0 1 0 0 0 1 1.52484 3.81247 -2.2973</i>
                        <i>1 0 0 0 1 0 0 0 1 1.52484 3.81247 -2.2973</i>
                        <i>1 0 0 0 1 0 0 0 1 1.52484 3.81247 -2.2973</i>
                        <i>1 0 0 0 1 0 0 0 1 1.52484 3.81247 -2.2973</i>
                        <i>1 0 0 0 1 0 0 0 1 1.52484 3.81247 -2.2973</i>
                        <i>1 0 0 0 1 0 0 0 1 1.52484 3.81247 -2.2973</i>
                        <i>1 0 0 0 1 0 0 0 1 1.52484 3.81247 -2.2973</i>
                        <i>1 0 0 0 1 0 0 0 1 1.52484 3.81247 -2.2973</i>
                        <i>1 0 0 0 1 0 0 0 1 1.52484 3.81247 -2.2973</i>
                        <i>1 0 0 0 1 0 0 0 1 1.52484 3.81247 -2.2973</i>
                        <i>1 0 0 0 1 0 0 0 1 1.52484 3.81247 -2.2973</i>
                        <i>1 0 0 0 1 0 0 0 1 1.52484 3.81247 -2.2973</i>
                        <i>1 0 0 0 1 0 0 0 1 1.52484 3.81247 -2.2973</i>
                        <i>1 0 0 0 1 0 0 0 1 1.52484 3.81247 -2.2973</i>
                        <i>1 0 0 0 1 0 0 0 1 1.52484 3.81247 -2.2973</i>
                        <i>1 0 0 0 1 0 0 0 1 1.52484 3.81247 -2.2973</i>
                        <i>1 0 0 0 1 0 0 0 1 1.52484 3.81247 -2.2973</i>
                        <i>1 0 0 0 1 0 0 0 1 1.52484 3.81247 -2.2973</i>
                        <i>1 0 0 0 1 0 0 0 1 1.52484 3.81247 -2.2973</i>
                        <i>1 0 0 0 1 0 0 0 1 1.52484 3.81247 -2.2973</i>
                        <i>1 0 0 0 1 0 0 0 1 1.52484 3.81247 -2.2973</i>
                        <i>1 0 0 0 1 0 0 0 1 1.52484 3.81247 -2.2973</i>
                        <i>1 0 0 0 1 0 0 0 1 1.52484 3.81247 -2.2973</i>
                        <i>1 0 0 0 1 0 0 0 1 1.52484 3.81247 -2.2973</i>
                        <i>1 0 0 0 1 0 0 0 1 1.52484 3.81247 -2.2973</i>
                        <i>1 0 0 0 1 0 0 0 1 1.52484 3.81247 -2.2973</i>
                        <i>1 0 0 0 1 0 0 0 1 1.52484 3.81247 -2.2973</i>
                        <i>1 0 0 0 1 0 0 0 1 1.52484 3.81247 -2.2973</i>
                        <i>1 0 0 0 1 0 0 0 1 1.52484 3.81247 -2.2973</i>
                        <i>1 0 0 0 1 0 0 0 1 1.52484 3.81247 -2.2973</i>
                        <i>1 0 0 0 1 0 0 0 1 1.52484 3.81247 -2.2973</i>
                        <i>1 0 0 0 1 0 0 0 1 1.52484 3.81247 -2.2973</i>
                        <i>1 0 0 0 1 0 0 0 1 1.52484 3.81247 -2.2973</i>
                        <i>1 0 0 0 1 0 0 0 1 1.52484 3.81247 -2.2973</i>
                        <i>1 0 0 0 1 0 0 0 1 1.52484 3.81247 -2.2973</i>
                        <i>1 0 0 0 1 0 0 0 1 1.52484 3.81247 -2.2973</i>
                        <i>1 0 0 0 1 0 0 0 1 1.52484 3.81247 -2.2973</i>
                        <i>1 0 0 0 1 0 0 0 1 1.52484 3.81247 -2.2973</i>
                        <i>1 0 0 0 1 0 0 0 1 1.52484 3.81247 -2.2973</i>
                        <i>1 0 0 0 1 0 0 0 1 1.52484 3.81247 -2.2973</i>
                        <i>1 0 0 0 1 0 0 0 1 1.52484 3.81247 -2.2973</i>
                        <i>1 0 0 0 1 0 0 0 1 1.52484 3.81247 -2.2973</i>
                        <i>1 0 0 0 1 0 0 0 1 1.52484 3.81247 -2.2973</i>
                        <i>1 0 0 0 1 0 0 0 1 1.52484 3.81247 -2.2973</i>
                        <i>1 0 0 0 1 0 0 0 1 1.52484 3.81247 -2.2973</i>
                        <i>1 0 0 0 1 0 0 0 1 1.52484 3.81247 -2.2973</i>
                        <i>1 0 0 0 1 0 0 0 1 1.52484 3.81247 -2.2973</i>
                        <i>1 0 0 0 1 0 0 0 1 1.52484 3.81247 -2.2973</i>
                        <i>1 0 0 0 1 0 0 0 1 1.52484 3.81247 -2.2973</i>
                        <i>1 0 0 0 1 0 0 0 1 1.52484 3.81247 -2.2973</i>
                        <i>1 0 0 0 1 0 0 0 1 1.52484 3.81247 -2.2973</i>
                        <i>1 0 0 0 1 0 0 0 1 1.52484 3.81247 -2.2973</i>
                        <i>1 0 0 0 1 0 0 0 1 1.52484 3.81247 -2.2973</i>
                    </KeyFrames>
                </p>
            </i>
            <i>
                <p>
                    <Name><![CDATA[spine0]]></Name>
                    <Exclude>0</Exclude>
                    <Additive>0</Additive>
                    <IKPriority>0</IKPriority>
                    <IKRotLimits>-1e+010 -1e+010 -1e+010 1e+010 1e+010 1e+010</IKRotLimits>
                    <IKRotLimitOrder>0</IKRotLimitOrder>
                    <KeyFrames count="120">
                        <i>0.0125941 0.996533 0.0822415 -0.945556 -0.0148814 0.325119 0.325215 -0.0818585 0.94209 1.50927 3.94813 -2.3426</i>
                        <i>0.0128171 0.996561 0.081868 -0.945561 -0.0145476 0.32512 0.325193 -0.0815782 0.942122 1.50927 3.94813 -2.3426</i>
                        <i>0.0134546 0.996554 0.0818493 -0.945569 -0.0139369 0.325123 0.325144 -0.0817686 0.942123 1.50927 3.94813 -2.3426</i>
                        <i>0.0144327 0.996516 0.0821432 -0.94558 -0.0131053 0.325127 0.325071 -0.0823654 0.942096 1.50927 3.94813 -2.3426</i>
                        <i>0.0156782 0.996451 0.0827069 -0.945592 -0.0121084 0.325131 0.324978 -0.0833044 0.942045 1.50927 3.94813 -2.3426</i>
                        <i>0.0171175 0.996361 0.083496 -0.945604 -0.0110011 0.325135 0.324871 -0.0845196 0.941974 1.50927 3.94813 -2.3426</i>
                        <i>0.0186764 0.996251 0.0844643 -0.945615 -0.00983888 0.325139 0.324751 -0.0859431 0.941887 1.50927 3.94813 -2.3426</i>
                        <i>0.0202794 0.996126 0.0855634 -0.945625 -0.00867723 0.325143 0.324625 -0.0875046 0.941786 1.50927 3.94813 -2.3426</i>
                        <i>0.0218498 0.995991 0.0867423 -0.945634 -0.00757234 0.325145 0.324499 -0.0891307 0.941677 1.50927 3.94813 -2.3426</i>
                        <i>0.0233092 0.995852 0.0879476 -0.94564 -0.00658113 0.325148 0.324378 -0.0907458 0.941565 1.50927 3.94813 -2.3426</i>
                        <i>0.0245779 0.995717 0.089124 -0.945645 -0.0057613 0.325149 0.32427 -0.0922711 0.941454 1.50927 3.94813 -2.3426</i>
                        <i>0.0255743 0.995594 0.0902138 -0.945648 -0.0051715 0.32515 0.324184 -0.093626 0.941349 1.50927 3.94813 -2.3426</i>
                        <i>0.0262155 0.995491 0.0911579 -0.94565 -0.00487137 0.325151 0.324129 -0.0947275 0.941258 1.50927 3.94813 -2.3426</i>
                        <i>0.0265806 0.995399 0.0920587 -0.94565 -0.00481925 0.325151 0.324099 -0.095698 0.941171 1.50927 3.94813 -2.3426</i>
                        <i>0.0267983 0.995304 0.0930191 -0.945649 -0.0049266 0.325151 0.324082 -0.0966769 0.941076 1.50927 3.94813 -2.3426</i>
                        <i>0.0268612 0.995211 0.0939848 -0.945648 -0.00518274 0.32515 0.32408 -0.0976105 0.94098 1.50927 3.94813 -2.3426</i>
                        <i>0.0267652 0.995126 0.0949064 -0.945646 -0.0055756 0.32515 0.324094 -0.0984506 0.940888 1.50927 3.94813 -2.3426</i>
                        <i>0.0265092 0.995053 0.0957389 -0.945643 -0.00609128 0.325149 0.324124 -0.0991543 0.940804 1.50927 3.94813 -2.3426</i>
                        <i>0.0260957 0.994997 0.0964405 -0.945639 -0.00671381 0.325147 0.324168 -0.0996829 0.940733 1.50927 3.94813 -2.3426</i>
                        <i>0.0255463 0.994957 0.0969982 -0.945635 -0.00741847 0.325146 0.324226 -0.100031 0.940676 1.50927 3.94813 -2.3426</i>
                        <i>0.0248947 0.994932 0.0974163 -0.945629 -0.00817462 0.325144 0.324293 -0.100214 0.940634 1.50927 3.94813 -2.3426</i>
                        <i>0.0241633 0.994925 0.0976784 -0.945623 -0.00895538 0.325142 0.324366 -0.100223 0.940607 1.50927 3.94813 -2.3426</i>
                        <i>0.0233742 0.994935 0.0977645 -0.945616 -0.0097334 0.325139 0.324444 -0.100047 0.940599 1.50927 3.94813 -2.3426</i>
                        <i>0.0225474 0.994965 0.0976499 -0.945609 -0.0104813 0.325137 0.324523 -0.0996696 0.940612 1.50927 3.94813 -2.3426</i>
                        <i>0.0217015 0.995018 0.097306 -0.945602 -0.0111722 0.325134 0.324602 -0.0990686 0.940648 1.50927 3.94813 -2.3426</i>
                        <i>0.0208527 0.995095 0.0967 -0.945595 -0.0117799 0.325132 0.324677 -0.098219 0.940711 1.50927 3.94813 -2.3426</i>
                        <i>0.0200068 0.995191 0.0958866 -0.945589 -0.0123166 0.32513 0.324748 -0.0971741 0.940795 1.50927 3.94813 -2.3426</i>
                        <i>0.0191659 0.995297 0.0949558 -0.945583 -0.0128101 0.325128 0.324815 -0.09602 0.940891 1.50927 3.94813 -2.3426</i>
                        <i>0.0183377 0.99541 0.0939268 -0.945578 -0.0132592 0.325126 0.324879 -0.0947771 0.940995 1.50927 3.94813 -2.3426</i>
                        <i>0.01753 0.995529 0.0928188 -0.945573 -0.0136629 0.325124 0.324939 -0.0934664 0.941105 1.50927 3.94813 -2.3426</i>
                        <i>0.016751 0.99565 0.0916522 -0.945568 -0.01402 0.325123 0.324994 -0.0921095 0.94122 1.50927 3.94813 -2.3426</i>
                        <i>0.0160089 0.995773 0.0904477 -0.945564 -0.0143296 0.325121 0.325043 -0.0907289 0.941337 1.50927 3.94813 -2.3426</i>
                        <i>0.0153128 0.995894 0.0892271 -0.94556 -0.0145903 0.32512 0.325087 -0.0893481 0.941454 1.50927 3.94813 -2.3426</i>
                        <i>0.0146719 0.996011 0.0880129 -0.945557 -0.0148006 0.325119 0.325125 -0.0879913 0.941568 1.50927 3.94813 -2.3426</i>
                        <i>0.0140963 0.996124 0.0868287 -0.945555 -0.0149587 0.325118 0.325157 -0.0866843 0.941679 1.50927 3.94813 -2.3426</i>
                        <i>0.0135968 0.996228 0.0856988 -0.945554 -0.0150625 0.325118 0.325182 -0.0854533 0.941782 1.50927 3.94813 -2.3426</i>
                        <i>0.0131846 0.996324 0.0846483 -0.945553 -0.0151095 0.325118 0.325201 -0.084326 0.941877 1.50927 3.94813 -2.3426</i>
                        <i>0.0128716 0.996408 0.0837033 -0.945553 -0.0150968 0.325118 0.325213 -0.0833307 0.941962 1.50927 3.94813 -2.3426</i>
                        <i>0.0126705 0.996478 0.0828902 -0.945554 -0.0150214 0.325118 0.325218 -0.0824965 0.942034 1.50927 3.94813 -2.3426</i>
                        <i>0.0125941 0.996533 0.0822359 -0.945556 -0.0148796 0.325119 0.325215 -0.0818532 0.942091 1.50927 3.94813 -2.3426</i>
                        <i>0.012795 0.996562 0.0818521 -0.945561 -0.0145634 0.32512 0.325195 -0.0815561 0.942124 1.50927 3.94813 -2.3426</i>
                        <i>0.0133554 0.99656 0.0817896 -0.945568 -0.0140114 0.325123 0.32515 -0.0816798 0.942128 1.50927 3.94813 -2.3426</i>
                        <i>0.014217 0.99653 0.0820129 -0.945578 -0.0132673 0.325126 0.325086 -0.0821719 0.942108 1.50927 3.94813 -2.3426</i>
                        <i>0.0153219 0.996474 0.0824862 -0.945588 -0.0123741 0.32513 0.325004 -0.0829796 0.942065 1.50927 3.94813 -2.3426</i>
                        <i>0.0166119 0.996397 0.0831725 -0.9456 -0.011375 0.325134 0.324908 -0.084049 0.942003 1.50927 3.94813 -2.3426</i>
                        <i>0.0180283 0.9963 0.0840336 -0.945611 -0.0103129 0.325137 0.324801 -0.0853248 0.941926 1.50927 3.94813 -2.3426</i>
                        <i>0.0195118 0.996187 0.0850296 -0.945621 -0.00923101 0.325141 0.324686 -0.0867499 0.941835 1.50927 3.94813 -2.3426</i>
                        <i>0.021002 0.996063 0.0861188 -0.945629 -0.00817311 0.325144 0.324568 -0.0882651 0.941735 1.50927 3.94813 -2.3426</i>
                        <i>0.0224372 0.995933 0.0872578 -0.945636 -0.00718335 0.325146 0.324451 -0.0898095 0.941629 1.50927 3.94813 -2.3426</i>
                        <i>0.0237548 0.995802 0.0884014 -0.945642 -0.00630648 0.325148 0.324341 -0.0913199 0.941522 1.50927 3.94813 -2.3426</i>
                        <i>0.0248911 0.995675 0.0895031 -0.945646 -0.00558791 0.32515 0.324244 -0.0927316 0.941417 1.50927 3.94813 -2.3426</i>
                        <i>0.025781 0.995561 0.090515 -0.945649 -0.00507375 0.325151 0.324167 -0.0939781 0.94132 1.50927 3.94813 -2.3426</i>
                        <i>0.0263586 0.995466 0.0913882 -0.94565 -0.00481074 0.325151 0.324117 -0.0949917 0.941236 1.50927 3.94813 -2.3426</i>
                        <i>0.0266858 0.99538 0.0922326 -0.94565 -0.00477616 0.325151 0.324089 -0.0958967 0.941154 1.50927 3.94813 -2.3426</i>
                        <i>0.0268682 0.99529 0.0931394 -0.945649 -0.00489957 0.325151 0.324076 -0.0968134 0.941064 1.50927 3.94813 -2.3426</i>
                        <i>0.0269006 0.995203 0.0940581 -0.945648 -0.00516934 0.32515 0.324077 -0.0976926 0.940973 1.50927 3.94813 -2.3426</i>
                        <i>0.0267808 0.995122 0.0949426 -0.945646 -0.0055726 0.32515 0.324093 -0.0984899 0.940884 1.50927 3.94813 -2.3426</i>
                        <i>0.0265096 0.995052 0.0957508 -0.945643 -0.0060948 0.325149 0.324124 -0.0991656 0.940803 1.50927 3.94813 -2.3426</i>
                        <i>0.0260907 0.994996 0.0964432 -0.945639 -0.00671953 0.325147 0.324169 -0.0996838 0.940733 1.50927 3.94813 -2.3426</i>
                        <i>0.0255401 0.994957 0.0969982 -0.945635 -0.00742439 0.325146 0.324226 -0.100029 0.940676 1.50927 3.94813 -2.3426</i>
                        <i>0.0248876 0.994933 0.0974137 -0.945629 -0.00818045 0.325144 0.324293 -0.100209 0.940634 1.50927 3.94813 -2.3426</i>
                        <i>0.0241559 0.994925 0.0976737 -0.945623 -0.00896089 0.325142 0.324367 -0.100217 0.940608 1.50927 3.94813 -2.3426</i>
                        <i>0.0233666 0.994936 0.097758 -0.945616 -0.00973848 0.325139 0.324445 -0.100039 0.9406 1.50927 3.94813 -2.3426</i>
                        <i>0.0225399 0.994966 0.0976421 -0.945609 -0.0104859 0.325137 0.324524 -0.0996598 0.940613 1.50927 3.94813 -2.3426</i>
                        <i>0.0216941 0.995019 0.0972974 -0.945602 -0.0111764 0.325134 0.324602 -0.0990581 0.940649 1.50927 3.94813 -2.3426</i>
                        <i>0.0208455 0.995096 0.0966913 -0.945595 -0.0117838 0.325132 0.324677 -0.0982084 0.940712 1.50927 3.94813 -2.3426</i>
                        <i>0.0200001 0.995192 0.0958782 -0.945589 -0.0123203 0.32513 0.324748 -0.097164 0.940796 1.50927 3.94813 -2.3426</i>
                        <i>0.0191596 0.995298 0.094948 -0.945583 -0.0128135 0.325128 0.324816 -0.0960105 0.940891 1.50927 3.94813 -2.3426</i>
                        <i>0.0183319 0.995411 0.0939196 -0.945578 -0.0132624 0.325126 0.32488 -0.0947685 0.940995 1.50927 3.94813 -2.3426</i>
                        <i>0.0175249 0.995529 0.0928125 -0.945572 -0.0136657 0.325124 0.324939 -0.0934587 0.941106 1.50927 3.94813 -2.3426</i>
                        <i>0.0167465 0.995651 0.0916467 -0.945568 -0.0140225 0.325123 0.324994 -0.0921028 0.941221 1.50927 3.94813 -2.3426</i>
                        <i>0.0160051 0.995773 0.0904431 -0.945564 -0.0143317 0.325121 0.325043 -0.0907233 0.941337 1.50927 3.94813 -2.3426</i>
                        <i>0.0153097 0.995894 0.0892234 -0.94556 -0.014592 0.32512 0.325087 -0.0893435 0.941454 1.50927 3.94813 -2.3426</i>
                        <i>0.0146695 0.996012 0.0880101 -0.945557 -0.014802 0.325119 0.325125 -0.0879879 0.941569 1.50927 3.94813 -2.3426</i>
                        <i>0.0140946 0.996124 0.0868267 -0.945555 -0.0149598 0.325118 0.325157 -0.0866818 0.941679 1.50927 3.94813 -2.3426</i>
                        <i>0.0135956 0.996228 0.0856975 -0.945554 -0.0150632 0.325118 0.325183 -0.0854517 0.941783 1.50927 3.94813 -2.3426</i>
                        <i>0.0131839 0.996324 0.0846477 -0.945553 -0.01511 0.325118 0.325201 -0.0843251 0.941878 1.50927 3.94813 -2.3426</i>
                        <i>0.0128713 0.996408 0.0837031 -0.945553 -0.0150971 0.325118 0.325213 -0.0833304 0.941962 1.50927 3.94813 -2.3426</i>
                        <i>0.0126704 0.996478 0.0828901 -0.945554 -0.0150215 0.325118 0.325218 -0.0824965 0.942034 1.50927 3.94813 -2.3426</i>
                        <i>0.0125941 0.996533 0.0822359 -0.945556 -0.0148796 0.325119 0.325215 -0.0818532 0.942091 1.50927 3.94813 -2.3426</i>
                        <i>0.012795 0.996562 0.0818522 -0.945561 -0.0145635 0.32512 0.325195 -0.0815561 0.942124 1.50927 3.94813 -2.3426</i>
                        <i>0.0133554 0.99656 0.0817897 -0.945568 -0.0140115 0.325123 0.32515 -0.0816799 0.942128 1.50927 3.94813 -2.3426</i>
                        <i>0.014217 0.99653 0.082013 -0.945578 -0.0132673 0.325126 0.325086 -0.082172 0.942108 1.50927 3.94813 -2.3426</i>
                        <i>0.0153219 0.996474 0.0824863 -0.945588 -0.0123742 0.32513 0.325004 -0.0829797 0.942065 1.50927 3.94813 -2.3426</i>
                        <i>0.0166119 0.996397 0.0831727 -0.9456 -0.011375 0.325134 0.324908 -0.0840491 0.942003 1.50927 3.94813 -2.3426</i>
                        <i>0.0180283 0.9963 0.0840337 -0.945611 -0.0103129 0.325137 0.324801 -0.0853249 0.941926 1.50927 3.94813 -2.3426</i>
                        <i>0.0195118 0.996187 0.0850297 -0.945621 -0.00923104 0.325141 0.324686 -0.0867499 0.941835 1.50927 3.94813 -2.3426</i>
                        <i>0.021002 0.996063 0.0861189 -0.945629 -0.00817314 0.325144 0.324568 -0.0882652 0.941735 1.50927 3.94813 -2.3426</i>
                        <i>0.0224372 0.995933 0.0872578 -0.945636 -0.00718337 0.325146 0.324451 -0.0898095 0.941629 1.50927 3.94813 -2.3426</i>
                        <i>0.0237548 0.995802 0.0884015 -0.945642 -0.00630649 0.325148 0.324341 -0.09132 0.941522 1.50927 3.94813 -2.3426</i>
                        <i>0.0248911 0.995675 0.0895031 -0.945646 -0.00558792 0.32515 0.324244 -0.0927316 0.941417 1.50927 3.94813 -2.3426</i>
                        <i>0.025781 0.995561 0.090515 -0.945649 -0.00507375 0.325151 0.324167 -0.0939781 0.94132 1.50927 3.94813 -2.3426</i>
                        <i>0.0263586 0.995466 0.0913882 -0.94565 -0.00481074 0.325151 0.324117 -0.0949917 0.941236 1.50927 3.94813 -2.3426</i>
                        <i>0.0266858 0.99538 0.0922326 -0.94565 -0.00477617 0.325151 0.324089 -0.0958967 0.941154 1.50927 3.94813 -2.3426</i>
                        <i>0.0268682 0.99529 0.0931395 -0.945649 -0.00489958 0.325151 0.324076 -0.0968135 0.941064 1.50927 3.94813 -2.3426</i>
                        <i>0.0269006 0.995203 0.0940581 -0.945648 -0.00516935 0.32515 0.324077 -0.0976927 0.940973 1.50927 3.94813 -2.3426</i>
                        <i>0.0267808 0.995122 0.0949427 -0.945646 -0.00557261 0.32515 0.324093 -0.0984899 0.940884 1.50927 3.94813 -2.3426</i>
                        <i>0.0265096 0.995052 0.0957508 -0.945643 -0.00609482 0.325149 0.324124 -0.0991656 0.940803 1.50927 3.94813 -2.3426</i>
                        <i>0.0260906 0.994996 0.0964432 -0.945639 -0.00671954 0.325147 0.324169 -0.0996838 0.940733 1.50927 3.94813 -2.3426</i>
                        <i>0.0255401 0.994957 0.0969982 -0.945635 -0.00742441 0.325146 0.324226 -0.100029 0.940676 1.50927 3.94813 -2.3426</i>
                        <i>0.0248876 0.994933 0.0974137 -0.945629 -0.00818045 0.325144 0.324293 -0.100209 0.940634 1.50927 3.94813 -2.3426</i>
                        <i>0.0241559 0.994925 0.0976737 -0.945623 -0.0089609 0.325142 0.324367 -0.100217 0.940608 1.50927 3.94813 -2.3426</i>
                        <i>0.0233665 0.994936 0.0977579 -0.945616 -0.00973849 0.325139 0.324445 -0.100039 0.9406 1.50927 3.94813 -2.3426</i>
                        <i>0.0225398 0.994966 0.0976421 -0.945609 -0.0104859 0.325137 0.324524 -0.0996597 0.940613 1.50927 3.94813 -2.3426</i>
                        <i>0.0216941 0.995019 0.0972974 -0.945602 -0.0111764 0.325134 0.324602 -0.0990581 0.940649 1.50927 3.94813 -2.3426</i>
                        <i>0.0208455 0.995096 0.0966913 -0.945595 -0.0117838 0.325132 0.324677 -0.0982084 0.940712 1.50927 3.94813 -2.3426</i>
                        <i>0.0200001 0.995192 0.0958782 -0.945589 -0.0123203 0.32513 0.324748 -0.097164 0.940796 1.50927 3.94813 -2.3426</i>
                        <i>0.0191596 0.995298 0.094948 -0.945583 -0.0128135 0.325128 0.324816 -0.0960105 0.940891 1.50927 3.94813 -2.3426</i>
                        <i>0.0183319 0.995411 0.0939195 -0.945578 -0.0132623 0.325126 0.32488 -0.0947684 0.940995 1.50927 3.94813 -2.3426</i>
                        <i>0.0175249 0.995529 0.0928124 -0.945572 -0.0136656 0.325124 0.324939 -0.0934586 0.941106 1.50927 3.94813 -2.3426</i>
                        <i>0.0167465 0.995651 0.0916465 -0.945568 -0.0140224 0.325123 0.324994 -0.0921027 0.941221 1.50927 3.94813 -2.3426</i>
                        <i>0.0160051 0.995773 0.0904429 -0.945564 -0.0143316 0.325121 0.325043 -0.0907231 0.941337 1.50927 3.94813 -2.3426</i>
                        <i>0.0153097 0.995894 0.0892231 -0.94556 -0.0145919 0.32512 0.325087 -0.0893433 0.941454 1.50927 3.94813 -2.3426</i>
                        <i>0.0146695 0.996012 0.0880098 -0.945557 -0.0148019 0.325119 0.325125 -0.0879876 0.941569 1.50927 3.94813 -2.3426</i>
                        <i>0.0140946 0.996124 0.0868264 -0.945555 -0.0149597 0.325118 0.325157 -0.0866815 0.941679 1.50927 3.94813 -2.3426</i>
                        <i>0.0135956 0.996228 0.0856972 -0.945554 -0.0150632 0.325118 0.325183 -0.0854515 0.941783 1.50927 3.94813 -2.3426</i>
                        <i>0.0131839 0.996324 0.0846474 -0.945553 -0.0151099 0.325118 0.325201 -0.0843249 0.941878 1.50927 3.94813 -2.3426</i>
                        <i>0.0128713 0.996408 0.0837029 -0.945553 -0.015097 0.325118 0.325213 -0.0833302 0.941962 1.50927 3.94813 -2.3426</i>
                        <i>0.0126704 0.996478 0.08289 -0.945554 -0.0150214 0.325118 0.325218 -0.0824964 0.942034 1.50927 3.94813 -2.3426</i>
                        <i>0.012594 0.996533 0.0822358 -0.945556 -0.0148797 0.325119 0.325215 -0.0818532 0.942091 1.50927 3.94813 -2.3426</i>
                    </KeyFrames>
                </p>
            </i>
            <i>
                <p>
                    <Name><![CDATA[spine1]]></Name>
                    <Exclude>0</Exclude>
                    <Additive>0</Additive>
                    <IKPriority>0</IKPriority>
                    <IKRotLimits>-1e+010 -1e+010 -1e+010 1e+010 1e+010 1e+010</IKRotLimits>
                    <IKRotLimitOrder>0</IKRotLimitOrder>
                    <KeyFrames count="120">
                        <i>0.238303 0.920058 0.310976 -0.827525 0.02476 0.560882 0.508344 -0.391 0.767271 1.51145 4.12143 -2.32831</i>
                        <i>0.236982 0.92115 0.308743 -0.827465 0.0248601 0.560966 0.509059 -0.388412 0.768111 1.5115 4.12212 -2.32832</i>
                        <i>0.235936 0.92207 0.306791 -0.827326 0.0249824 0.561166 0.50977 -0.386216 0.768747 1.51162 4.12288 -2.32827</i>
                        <i>0.235176 0.922802 0.305169 -0.827125 0.0251203 0.561456 0.510447 -0.384454 0.769181 1.5118 4.12369 -2.32815</i>
                        <i>0.234706 0.923335 0.303918 -0.826881 0.0252668 0.561809 0.511059 -0.383164 0.769418 1.51203 4.12452 -2.32799</i>
                        <i>0.234527 0.923658 0.303073 -0.82661 0.0254146 0.562201 0.511579 -0.382374 0.769465 1.5123 4.12533 -2.32778</i>
                        <i>0.234636 0.923765 0.30266 -0.826329 0.0255564 0.562607 0.511982 -0.382105 0.769331 1.51259 4.1261 -2.32755</i>
                        <i>0.235028 0.923652 0.302703 -0.826055 0.0256846 0.563003 0.512244 -0.382371 0.769024 1.51289 4.1268 -2.3273</i>
                        <i>0.235693 0.923314 0.303217 -0.825804 0.0257918 0.563367 0.512344 -0.383179 0.768555 1.51318 4.1274 -2.32703</i>
                        <i>0.23662 0.922749 0.304214 -0.82559 0.0258706 0.563678 0.512263 -0.384533 0.767933 1.51346 4.12786 -2.32678</i>
                        <i>0.237797 0.921952 0.305707 -0.825427 0.0259142 0.563914 0.51198 -0.386435 0.767166 1.51369 4.12817 -2.32654</i>
                        <i>0.239213 0.920921 0.307705 -0.825329 0.0259158 0.564056 0.511477 -0.388888 0.766262 1.51388 4.12829 -2.32633</i>
                        <i>0.240859 0.919645 0.310225 -0.825312 0.0258695 0.564084 0.510732 -0.391897 0.765225 1.51399 4.12819 -2.32616</i>
                        <i>0.242846 0.918039 0.313416 -0.825352 0.0257691 0.56403 0.509725 -0.395651 0.763963 1.51405 4.12781 -2.32603</i>
                        <i>0.245205 0.916084 0.317276 -0.825415 0.0256196 0.563945 0.508493 -0.400167 0.762431 1.51407 4.12714 -2.32592</i>
                        <i>0.247815 0.913871 0.3216 -0.825497 0.025432 0.563834 0.507093 -0.405206 0.7607 1.51406 4.12625 -2.32582</i>
                        <i>0.250556 0.911495 0.326189 -0.825595 0.0252169 0.5637 0.505584 -0.410538 0.758844 1.51402 4.12517 -2.32575</i>
                        <i>0.253307 0.909054 0.330841 -0.825705 0.0249847 0.563548 0.50403 -0.415928 0.75694 1.51394 4.12396 -2.32571</i>
                        <i>0.255947 0.906659 0.335351 -0.825825 0.0247459 0.563383 0.502498 -0.421137 0.755076 1.51384 4.12268 -2.3257</i>
                        <i>0.258401 0.904382 0.339592 -0.825951 0.0245091 0.563208 0.501032 -0.426019 0.753309 1.51371 4.12138 -2.32572</i>
                        <i>0.260629 0.902269 0.343487 -0.826082 0.024282 0.563026 0.49966 -0.430489 0.751677 1.51357 4.12011 -2.32577</i>
                        <i>0.262546 0.900409 0.346891 -0.826215 0.0240734 0.56284 0.498435 -0.434378 0.750252 1.51341 4.11892 -2.32583</i>
                        <i>0.264059 0.898901 0.349643 -0.826347 0.0238925 0.562654 0.497416 -0.4375 0.749113 1.51326 4.11786 -2.32591</i>
                        <i>0.265065 0.897852 0.35157 -0.826476 0.0237485 0.56247 0.496666 -0.439656 0.748349 1.5131 4.11698 -2.32601</i>
                        <i>0.265456 0.897376 0.352489 -0.826599 0.0236506 0.562294 0.496253 -0.440632 0.748049 1.51294 4.11632 -2.32613</i>
                        <i>0.265121 0.897584 0.352213 -0.826714 0.0236081 0.562127 0.496241 -0.440211 0.748304 1.51279 4.11595 -2.32627</i>
                        <i>0.264197 0.898343 0.350969 -0.826821 0.0236093 0.56197 0.496556 -0.438659 0.749006 1.51264 4.1158 -2.32642</i>
                        <i>0.262925 0.899423 0.349154 -0.826923 0.0236345 0.561819 0.497061 -0.43644 0.749967 1.5125 4.11578 -2.32658</i>
                        <i>0.261352 0.900776 0.34684 -0.827019 0.0236808 0.561676 0.49773 -0.433638 0.751147 1.51236 4.11587 -2.32675</i>
                        <i>0.259524 0.902353 0.344103 -0.827109 0.0237451 0.56154 0.498537 -0.430344 0.752506 1.51223 4.11607 -2.32692</i>
                        <i>0.257489 0.904105 0.341019 -0.827192 0.0238244 0.561415 0.499453 -0.426647 0.754002 1.5121 4.11637 -2.3271</i>
                        <i>0.255299 0.905982 0.337668 -0.827267 0.0239159 0.561299 0.500451 -0.422641 0.755595 1.51198 4.11674 -2.32727</i>
                        <i>0.253003 0.907935 0.33413 -0.827335 0.0240167 0.561195 0.501504 -0.418421 0.757243 1.51187 4.11719 -2.32744</i>
                        <i>0.250652 0.909919 0.330486 -0.827394 0.0241242 0.561104 0.502586 -0.414084 0.758908 1.51177 4.1177 -2.32761</i>
                        <i>0.248299 0.911887 0.326817 -0.827443 0.0242357 0.561026 0.503672 -0.409725 0.760553 1.51168 4.11826 -2.32776</i>
                        <i>0.245994 0.913797 0.323206 -0.827483 0.0243484 0.560963 0.504736 -0.405441 0.762141 1.5116 4.11886 -2.32791</i>
                        <i>0.24379 0.915607 0.319733 -0.827512 0.0244599 0.560916 0.505758 -0.401329 0.763639 1.51153 4.11949 -2.32804</i>
