<?xml version="1.0" encoding="ISO-8859-1" ?>
<Animl Version="1">
    <ModellingPackage><![CDATA[Maya.2010]]></ModellingPackage>
    <SrcFile><![CDATA[anims\turrets\antiair\red\~src\aa_zu232\aa_zu232_crew_aim_low_crewmand.mb]]></SrcFile>
    <FramesPerSecond>30</FramesPerSecond>
    <TotalFrames>41</TotalFrames>
    <Skeleton>
        <RefFrame>
            <Name><![CDATA[soldier_ref_frame]]></Name>
            <Exclude>0</Exclude>
            <Additive>0</Additive>
            <IKPriority>0</IKPriority>
            <IKRotLimits>-1e+010 -1e+010 -1e+010 1e+010 1e+010 1e+010</IKRotLimits>
            <IKRotLimitOrder>0</IKRotLimitOrder>
            <KeyFrames count="41">
                <i>1 0 0 0 1 0 0 0 1 3.29 1.32 -1.15</i>
                <i>1 0 0 0 1 0 0 0 1 3.29 1.32 -1.15</i>
                <i>1 0 0 0 1 0 0 0 1 3.29 1.32 -1.15</i>
                <i>1 0 0 0 1 0 0 0 1 3.29 1.32 -1.15</i>
                <i>1 0 0 0 1 0 0 0 1 3.29 1.32 -1.15</i>
                <i>1 0 0 0 1 0 0 0 1 3.29 1.32 -1.15</i>
                <i>1 0 0 0 1 0 0 0 1 3.29 1.32 -1.15</i>
                <i>1 0 0 0 1 0 0 0 1 3.29 1.32 -1.15</i>
                <i>1 0 0 0 1 0 0 0 1 3.29 1.32 -1.15</i>
                <i>1 0 0 0 1 0 0 0 1 3.29 1.32 -1.15</i>
                <i>1 0 0 0 1 0 0 0 1 3.29 1.32 -1.15</i>
                <i>1 0 0 0 1 0 0 0 1 3.29 1.32 -1.15</i>
                <i>1 0 0 0 1 0 0 0 1 3.29 1.32 -1.15</i>
                <i>1 0 0 0 1 0 0 0 1 3.29 1.32 -1.15</i>
                <i>1 0 0 0 1 0 0 0 1 3.29 1.32 -1.15</i>
                <i>1 0 0 0 1 0 0 0 1 3.29 1.32 -1.15</i>
                <i>1 0 0 0 1 0 0 0 1 3.29 1.32 -1.15</i>
                <i>1 0 0 0 1 0 0 0 1 3.29 1.32 -1.15</i>
                <i>1 0 0 0 1 0 0 0 1 3.29 1.32 -1.15</i>
                <i>1 0 0 0 1 0 0 0 1 3.29 1.32 -1.15</i>
                <i>1 0 0 0 1 0 0 0 1 3.29 1.32 -1.15</i>
                <i>1 0 0 0 1 0 0 0 1 3.29 1.32 -1.15</i>
                <i>1 0 0 0 1 0 0 0 1 3.29 1.32 -1.15</i>
                <i>1 0 0 0 1 0 0 0 1 3.29 1.32 -1.15</i>
                <i>1 0 0 0 1 0 0 0 1 3.29 1.32 -1.15</i>
                <i>1 0 0 0 1 0 0 0 1 3.29 1.32 -1.15</i>
                <i>1 0 0 0 1 0 0 0 1 3.29 1.32 -1.15</i>
                <i>1 0 0 0 1 0 0 0 1 3.29 1.32 -1.15</i>
                <i>1 0 0 0 1 0 0 0 1 3.29 1.32 -1.15</i>
                <i>1 0 0 0 1 0 0 0 1 3.29 1.32 -1.15</i>
                <i>1 0 0 0 1 0 0 0 1 3.29 1.32 -1.15</i>
                <i>1 0 0 0 1 0 0 0 1 3.29 1.32 -1.15</i>
                <i>1 0 0 0 1 0 0 0 1 3.29 1.32 -1.15</i>
                <i>1 0 0 0 1 0 0 0 1 3.29 1.32 -1.15</i>
                <i>1 0 0 0 1 0 0 0 1 3.29 1.32 -1.15</i>
                <i>1 0 0 0 1 0 0 0 1 3.29 1.32 -1.15</i>
                <i>1 0 0 0 1 0 0 0 1 3.29 1.32 -1.15</i>
                <i>1 0 0 0 1 0 0 0 1 3.29 1.32 -1.15</i>
                <i>1 0 0 0 1 0 0 0 1 3.29 1.32 -1.15</i>
                <i>1 0 0 0 1 0 0 0 1 3.29 1.32 -1.15</i>
                <i>1 0 0 0 1 0 0 0 1 3.29 1.32 -1.15</i>
            </KeyFrames>
        </RefFrame>
        <Bones count="23">
            <i>
                <p>
                    <Name><![CDATA[pelvis]]></Name>
                    <Exclude>0</Exclude>
                    <Additive>0</Additive>
                    <IKPriority>0</IKPriority>
                    <IKRotLimits>-1e+010 -1e+010 -1e+010 1e+010 1e+010 1e+010</IKRotLimits>
                    <IKRotLimitOrder>2</IKRotLimitOrder>
                    <KeyFrames count="41">
                        <i>1 0 0 0 1 0 0 0 1 3.2316 2.30519 -1.18299</i>
                        <i>1 0 0 0 1 0 0 0 1 3.2316 2.2982 -1.18299</i>
                        <i>1 0 0 0 1 0 0 0 1 3.2316 2.29161 -1.18299</i>
                        <i>1 0 0 0 1 0 0 0 1 3.2316 2.28575 -1.18299</i>
                        <i>1 0 0 0 1 0 0 0 1 3.2316 2.28059 -1.18299</i>
                        <i>1 0 0 0 1 0 0 0 1 3.2316 2.27611 -1.18299</i>
                        <i>1 0 0 0 1 0 0 0 1 3.2316 2.27228 -1.18299</i>
                        <i>1 0 0 0 1 0 0 0 1 3.2316 2.2691 -1.18299</i>
                        <i>1 0 0 0 1 0 0 0 1 3.2316 2.26652 -1.18299</i>
                        <i>1 0 0 0 1 0 0 0 1 3.2316 2.26453 -1.18299</i>
                        <i>1 0 0 0 1 0 0 0 1 3.2316 2.2631 -1.18299</i>
                        <i>1 0 0 0 1 0 0 0 1 3.2316 2.26221 -1.18299</i>
                        <i>1 0 0 0 1 0 0 0 1 3.2316 2.26184 -1.18299</i>
                        <i>1 0 0 0 1 0 0 0 1 3.2316 2.26196 -1.18299</i>
                        <i>1 0 0 0 1 0 0 0 1 3.2316 2.26254 -1.18299</i>
                        <i>1 0 0 0 1 0 0 0 1 3.2316 2.26358 -1.18299</i>
                        <i>1 0 0 0 1 0 0 0 1 3.2316 2.2657 -1.18299</i>
                        <i>1 0 0 0 1 0 0 0 1 3.2316 2.26936 -1.18299</i>
                        <i>1 0 0 0 1 0 0 0 1 3.2316 2.2743 -1.18299</i>
                        <i>1 0 0 0 1 0 0 0 1 3.2316 2.28023 -1.18299</i>
                        <i>1 0 0 0 1 0 0 0 1 3.2316 2.28687 -1.18299</i>
                        <i>1 0 0 0 1 0 0 0 1 3.2316 2.29393 -1.18299</i>
                        <i>1 0 0 0 1 0 0 0 1 3.2316 2.30115 -1.18299</i>
                        <i>1 0 0 0 1 0 0 0 1 3.2316 2.30824 -1.18299</i>
                        <i>1 0 0 0 1 0 0 0 1 3.2316 2.31492 -1.18299</i>
                        <i>1 0 0 0 1 0 0 0 1 3.2316 2.32091 -1.18299</i>
                        <i>1 0 0 0 1 0 0 0 1 3.2316 2.32593 -1.18299</i>
                        <i>1 0 0 0 1 0 0 0 1 3.2316 2.3297 -1.18299</i>
                        <i>1 0 0 0 1 0 0 0 1 3.2316 2.33194 -1.18299</i>
                        <i>1 0 0 0 1 0 0 0 1 3.2316 2.33301 -1.18299</i>
                        <i>1 0 0 0 1 0 0 0 1 3.2316 2.33342 -1.18299</i>
                        <i>1 0 0 0 1 0 0 0 1 3.2316 2.33317 -1.18299</i>
                        <i>1 0 0 0 1 0 0 0 1 3.2316 2.33224 -1.18299</i>
                        <i>1 0 0 0 1 0 0 0 1 3.2316 2.33061 -1.18299</i>
                        <i>1 0 0 0 1 0 0 0 1 3.2316 2.32826 -1.18299</i>
                        <i>1 0 0 0 1 0 0 0 1 3.2316 2.32518 -1.18299</i>
                        <i>1 0 0 0 1 0 0 0 1 3.2316 2.32135 -1.18299</i>
                        <i>1 0 0 0 1 0 0 0 1 3.2316 2.31675 -1.18299</i>
                        <i>1 0 0 0 1 0 0 0 1 3.2316 2.31137 -1.18299</i>
                        <i>1 0 0 0 1 0 0 0 1 3.2316 2.30519 -1.18299</i>
                        <i>1 0 0 0 1 0 0 0 1 3.2316 2.2982 -1.18299</i>
                    </KeyFrames>
                </p>
            </i>
            <i>
                <p>
                    <Name><![CDATA[spine0]]></Name>
                    <Exclude>0</Exclude>
                    <Additive>0</Additive>
                    <IKPriority>0</IKPriority>
                    <IKRotLimits>-1e+010 -1e+010 -1e+010 1e+010 1e+010 1e+010</IKRotLimits>
                    <IKRotLimitOrder>0</IKRotLimitOrder>
                    <KeyFrames count="41">
                        <i>0.0056691 0.991963 0.126404 -0.97017 0.0360919 -0.239722 -0.242358 -0.121274 0.962577 3.24691 2.4462 -1.20704</i>
                        <i>0.0057783 0.992084 0.125446 -0.970277 0.0359123 -0.239318 -0.241929 -0.120334 0.962803 3.24738 2.43879 -1.20909</i>
                        <i>0.00592857 0.992215 0.124395 -0.970395 0.0357445 -0.238862 -0.241449 -0.119296 0.963053 3.24789 2.4317 -1.21135</i>
                        <i>0.00625953 0.992443 0.12255 -0.970532 0.0355518 -0.238336 -0.240892 -0.117447 0.96342 3.24848 2.42522 -1.21392</i>
                        <i>0.0067235 0.992737 0.120116 -0.970679 0.0353426 -0.237768 -0.240286 -0.114995 0.963867 3.24909 2.41935 -1.21667</i>
                        <i>0.0072794 0.993073 0.117275 -0.97083 0.035126 -0.237183 -0.23966 -0.112127 0.96436 3.24972 2.41409 -1.21945</i>
                        <i>0.00789305 0.993428 0.114188 -0.970977 0.0349116 -0.236611 -0.239043 -0.109007 0.964871 3.25031 2.40945 -1.22212</i>
                        <i>0.00853654 0.993784 0.110994 -0.971113 0.0347094 -0.236081 -0.238467 -0.105773 0.965373 3.25085 2.40547 -1.22455</i>
                        <i>0.00918656 0.994128 0.107817 -0.971231 0.0345292 -0.235625 -0.237964 -0.10255 0.965845 3.2513 2.40218 -1.22662</i>
                        <i>0.00982157 0.994448 0.104772 -0.971321 0.0343807 -0.235273 -0.237569 -0.099456 0.966266 3.25164 2.39963 -1.22818</i>
                        <i>0.0104181 0.994732 0.101983 -0.971376 0.0342726 -0.23506 -0.237317 -0.0966152 0.966616 3.25184 2.39785 -1.22912</i>
                        <i>0.0109462 0.994967 0.0995996 -0.971389 0.0342128 -0.235018 -0.237243 -0.0941774 0.966875 3.25188 2.39689 -1.2293</i>
                        <i>0.0114489 0.995177 0.0974281 -0.971368 0.0341921 -0.235107 -0.237305 -0.0919468 0.967074 3.2518 2.39667 -1.22891</i>
                        <i>0.0119939 0.99539 0.095162 -0.97133 0.0341958 -0.235264 -0.237433 -0.089612 0.967262 3.25165 2.39704 -1.22822</i>
                        <i>0.0126735 0.995638 0.092439 -0.971277 0.0342261 -0.235479 -0.237615 -0.0867995 0.967473 3.25144 2.39797 -1.22728</i>
                        <i>0.0135365 0.995934 0.0890656 -0.97121 0.0342829 -0.235744 -0.237839 -0.0833103 0.967725 3.25118 2.39943 -1.2261</i>
                        <i>0.0144984 0.996244 0.0853692 -0.971132 0.0343606 -0.236053 -0.2381 -0.0794824 0.967983 3.25088 2.40202 -1.22472</i>
                        <i>0.0154731 0.996538 0.0816837 -0.971045 0.0344542 -0.236398 -0.238394 -0.0756608 0.968217 3.25054 2.4062 -1.22317</i>
                        <i>0.0163923 0.996797 0.0782745 -0.970951 0.0345598 -0.236769 -0.238716 -0.0721195 0.968408 3.25017 2.41167 -1.22148</i>
                        <i>0.0172147 0.99701 0.0753342 -0.970851 0.0346829 -0.237161 -0.239064 -0.0690556 0.968545 3.24977 2.41814 -1.21968</i>
                        <i>0.017909 0.997171 0.0730033 -0.970747 0.0348266 -0.237564 -0.239434 -0.0666132 0.968625 3.24935 2.42532 -1.2178</i>
                        <i>0.0184289 0.997274 0.071445 -0.970642 0.0349851 -0.237971 -0.239822 -0.064962 0.968641 3.24892 2.43291 -1.21588</i>
                        <i>0.0187336 0.997314 0.0708032 -0.970537 0.0351539 -0.238376 -0.240225 -0.0642514 0.968589 3.24848 2.44063 -1.21394</i>
                        <i>0.0187875 0.997285 0.0712026 -0.970433 0.035329 -0.238771 -0.240638 -0.0646114 0.968462 3.24805 2.44818 -1.21201</i>
                        <i>0.0185596 0.997177 0.0727507 -0.970333 0.0355075 -0.239149 -0.241058 -0.0661539 0.968254 3.24762 2.45528 -1.21014</i>
                        <i>0.0180235 0.99698 0.0755395 -0.970239 0.035687 -0.239505 -0.241478 -0.0689746 0.967952 3.24721 2.46165 -1.20836</i>
                        <i>0.0171559 0.996675 0.0796478 -0.970152 0.0358652 -0.239832 -0.241891 -0.0731559 0.967542 3.24683 2.467 -1.20669</i>
                        <i>0.0160084 0.996264 0.0848579 -0.970073 0.0360404 -0.240124 -0.242285 -0.0784744 0.967026 3.24648 2.47106 -1.20517</i>
                        <i>0.0146895 0.995768 0.0907255 -0.970005 0.0362102 -0.240374 -0.242641 -0.0844732 0.966431 3.24618 2.47354 -1.20385</i>
                        <i>0.0132633 0.995198 0.0969807 -0.969949 0.0363706 -0.240577 -0.242948 -0.0908755 0.965773 3.24592 2.47479 -1.20274</i>
                        <i>0.011793 0.994575 0.103355 -0.969906 0.0365165 -0.240727 -0.243195 -0.0974054 0.965074 3.24572 2.47534 -1.20188</i>
                        <i>0.0103404 0.993924 0.109583 -0.969877 0.0366417 -0.240823 -0.243375 -0.103792 0.964363 3.24559 2.47518 -1.20131</i>
                        <i>0.0089587 0.993275 0.115435 -0.969863 0.03674 -0.240865 -0.243486 -0.109798 0.96367 3.24552 2.47429 -1.20101</i>
                        <i>0.00769499 0.992659 0.120701 -0.969863 0.0368046 -0.240854 -0.243529 -0.11521 0.963027 3.24552 2.47266 -1.201</i>
                        <i>0.0065921 0.992111 0.125189 -0.969878 0.0368286 -0.240793 -0.243504 -0.11983 0.962469 3.24558 2.47027 -1.20127</i>
                        <i>0.00582764 0.991746 0.128083 -0.969906 0.0367836 -0.240685 -0.24341 -0.122826 0.962115 3.24571 2.4671 -1.20184</i>
                        <i>0.00547374 0.99162 0.129072 -0.969949 0.0366624 -0.240531 -0.243247 -0.123877 0.962021 3.24591 2.46314 -1.20269</i>
                        <i>0.00540842 0.991663 0.128742 -0.970007 0.0364902 -0.240324 -0.243018 -0.123581 0.962117 3.24618 2.45835 -1.20385</i>
                        <i>0.00551133 0.991801 0.12767 -0.97008 0.036292 -0.240056 -0.242721 -0.122528 0.962327 3.24651 2.45271 -1.20529</i>
                        <i>0.0056691 0.991963 0.126404 -0.97017 0.0360919 -0.239722 -0.242358 -0.121274 0.962577 3.24691 2.4462 -1.20704</i>
                        <i>0.0057783 0.992084 0.125446 -0.970277 0.0359123 -0.239318 -0.241929 -0.120334 0.962803 3.24738 2.43879 -1.20909</i>
                    </KeyFrames>
                </p>
            </i>
            <i>
                <p>
                    <Name><![CDATA[spine1]]></Name>
                    <Exclude>0</Exclude>
                    <Additive>0</Additive>
                    <IKPriority>0</IKPriority>
                    <IKRotLimits>-1e+010 -1e+010 -1e+010 1e+010 1e+010 1e+010</IKRotLimits>
                    <IKRotLimitOrder>0</IKRotLimitOrder>
                    <KeyFrames count="41">
                        <i>-0.0966173 0.920341 0.378996 -0.967651 0.0023048 -0.25228 -0.233057 -0.39111 0.890347 3.24791 2.61979 -1.18494</i>
                        <i>-0.10092 0.912251 0.397005 -0.967717 0.0026243 -0.252026 -0.230953 -0.409623 0.882536 3.24841 2.61435 -1.18692</i>
                        <i>-0.104943 0.904163 0.414096 -0.967819 0.00291271 -0.25163 -0.228721 -0.427177 0.874761 3.24897 2.60925 -1.18914</i>
                        <i>-0.108853 0.895926 0.430661 -0.967946 0.00311594 -0.251138 -0.226343 -0.444193 0.866868 3.24962 2.60481 -1.19181</i>
                        <i>-0.112498 0.887882 0.446105 -0.968089 0.00324298 -0.250585 -0.223937 -0.46006 0.859184 3.25034 2.60096 -1.19477</i>
                        <i>-0.115747 0.880388 0.459913 -0.968239 0.00330483 -0.250005 -0.221622 -0.474243 0.852043 3.25108 2.59767 -1.19785</i>
                        <i>-0.118492 0.873792 0.471642 -0.968387 0.00331406 -0.249431 -0.219514 -0.486288 0.845777 3.2518 2.59488 -1.2009</i>
                        <i>-0.120641 0.868429 0.480912 -0.968525 0.00328415 -0.248894 -0.217726 -0.495802 0.8407 3.25248 2.59257 -1.20376</i>
                        <i>-0.122117 0.864606 0.487385 -0.968645 0.00322889 -0.248427 -0.216365 -0.50244 0.837102 3.25307 2.59069 -1.20628</i>
                        <i>-0.122848 0.862602 0.490741 -0.968739 0.00316155 -0.248063 -0.215531 -0.505874 0.835247 3.25354 2.58924 -1.20832</i>
                        <i>-0.122759 0.86267 0.490643 -0.968798 0.00309408 -0.247834 -0.215317 -0.505758 0.835373 3.25386 2.58817 -1.20972</i>
                        <i>-0.121761 0.865044 0.486697 -0.968813 0.00303605 -0.247773 -0.215812 -0.501687 0.837696 3.25401 2.58749 -1.21034</i>
                        <i>-0.120001 0.869272 0.479547 -0.968798 0.00298118 -0.247835 -0.216866 -0.494325 0.841791 3.25402 2.58718 -1.21038</i>
                        <i>-0.117707 0.874676 0.470199 -0.96877 0.00291817 -0.247945 -0.218243 -0.484699 0.847016 3.25397 2.58724 -1.21016</i>
                        <i>-0.114702 0.881519 0.458004 -0.968734 0.00284511 -0.248085 -0.219994 -0.47214 0.853631 3.25388 2.58766 -1.20978</i>
                        <i>-0.11088 0.88985 0.442574 -0.968694 0.00275963 -0.248241 -0.222118 -0.456244 0.861687 3.25378 2.58841 -1.20931</i>
                        <i>-0.106401 0.899138 0.424534 -0.968651 0.00266156 -0.248411 -0.224486 -0.437657 0.870668 3.25365 2.59015 -1.20871</i>
                        <i>-0.101441 0.908859 0.40458 -0.968604 0.00255207 -0.248594 -0.22697 -0.417095 0.880066 3.25347 2.59335 -1.20793</i>
                        <i>-0.0961501 0.918602 0.383309 -0.968555 0.00243327 -0.248786 -0.229468 -0.395177 0.889483 3.25325 2.59775 -1.20696</i>
                        <i>-0.0907051 0.927977 0.36143 -0.968505 0.00230803 -0.248983 -0.231885 -0.372631 0.898541 3.25298 2.60305 -1.20579</i>
                        <i>-0.085275 0.936694 0.339605 -0.968453 0.00217804 -0.249186 -0.234151 -0.350141 0.906959 3.25266 2.60894 -1.20444</i>
                        <i>-0.0800111 0.944563 0.318431 -0.968399 0.00204597 -0.249396 -0.236222 -0.328323 0.914551 3.2523 2.61516 -1.20289</i>
                        <i>-0.0750724 0.95144 0.298539 -0.968344 0.00191569 -0.249611 -0.238062 -0.307827 0.921178 3.25189 2.62146 -1.20116</i>
                        <i>-0.0706246 0.957226 0.280589 -0.968287 0.00179205 -0.249833 -0.23965 -0.289335 0.926743 3.25144 2.62759 -1.19926</i>
                        <i>-0.0668385 0.961857 0.26526 -0.968228 0.00168073 -0.250062 -0.24097 -0.273546 0.931185 3.25094 2.63329 -1.1972</i>
                        <i>-0.0638883 0.96529 0.253246 -0.968167 0.0015879 -0.2503 -0.242014 -0.261176 0.934461 3.25041 2.63829 -1.19501</i>
                        <i>-0.0619506 0.96748 0.245245 -0.968104 0.00151992 -0.250546 -0.242771 -0.252944 0.936526 3.24986 2.64233 -1.1927</i>
                        <i>-0.0610286 0.968536 0.241273 -0.968039 0.00147872 -0.250795 -0.243261 -0.248868 0.937491 3.24928 2.64515 -1.19037</i>
                        <i>-0.0609861 0.968658 0.240796 -0.967976 0.00146172 -0.251038 -0.243522 -0.248395 0.937548 3.24873 2.64646 -1.1881</i>
                        <i>-0.0617902 0.967886 0.243678 -0.967917 0.00146758 -0.251267 -0.243556 -0.251385 0.936742 3.24821 2.64665 -1.186</i>
                        <i>-0.0634058 0.966227 0.249771 -0.967862 0.00149397 -0.251477 -0.243357 -0.257689 0.93508 3.24775 2.64626 -1.18412</i>
                        <i>-0.0657677 0.963687 0.258807 -0.967814 0.0015371 -0.251663 -0.242922 -0.267028 0.932569 3.24736 2.6453 -1.18255</i>
                        <i>-0.0687738 0.960297 0.270372 -0.967772 0.00159221 -0.251825 -0.242257 -0.278977 0.929238 3.24705 2.64379 -1.18131</i>
                        <i>-0.0723275 0.956071 0.284073 -0.967735 0.0016547 -0.251963 -0.241365 -0.293131 0.925104 3.24683 2.64173 -1.18043</i>
                        <i>-0.076327 0.951038 0.299502 -0.967705 0.0017202 -0.252079 -0.240252 -0.30907 0.920193 3.2467 2.63913 -1.17996</i>
                        <i>-0.0804427 0.945569 0.315322 -0.967675 0.00177682 -0.252194 -0.239028 -0.325416 0.914861 3.2467 2.63611 -1.18</i>
                        <i>-0.0844613 0.939927 0.330763 -0.967645 0.0018363 -0.252309 -0.23776 -0.341371 0.90936 3.24685 2.63272 -1.18062</i>
                        <i>-0.0884515 0.933964 0.346249 -0.967625 0.00192804 -0.252387 -0.236387 -0.357363 0.903556 3.24711 2.62891 -1.18171</i>
                        <i>-0.0924816 0.927503 0.362196 -0.967624 0.00207748 -0.252389 -0.234844 -0.37381 0.897281 3.24747 2.62462 -1.18318</i>
                        <i>-0.0966173 0.920341 0.378996 -0.967651 0.0023048 -0.25228 -0.233057 -0.39111 0.890347 3.24791 2.61979 -1.18494</i>
                        <i>-0.10092 0.912251 0.397005 -0.967717 0.0026243 -0.252026 -0.230953 -0.409623 0.882536 3.24841 2.61435 -1.18692</i>
                    </KeyFrames>
                </p>
            </i>
            <i>
                <p>
                    <Name><![CDATA[spine2]]></Name>
                    <Exclude>0</Exclude>
                    <Additive>0</Additive>
                    <IKPriority>0</IKPriority>
                    <IKRotLimits>-1e+010 -1e+010 -1e+010 1e+010 1e+010 1e+010</IKRotLimits>
                    <IKRotLimitOrder>0</IKRotLimitOrder>
                    <KeyFrames count="41">
                        <i>-0.181395 0.662929 0.726375 -0.967356 0.0126336 -0.253105 -0.176967 -0.748575 0.638997 3.23233 2.7679 -1.12386</i>
                        <i>-0.186127 0.64179 0.74395 -0.967281 0.0131738 -0.253367 -0.172409 -0.766767 0.61834 3.23195 2.76277 -1.1222</i>
                        <i>-0.189874 0.62387 0.758112 -0.967239 0.0136685 -0.253499 -0.168513 -0.781409 0.600836 3.23165 2.75796 -1.12086</i>
                        <i>-0.193127 0.607453 0.770521 -0.967214 0.0141325 -0.253568 -0.16492 -0.79423 0.584808 3.23146 2.75378 -1.11999</i>
                        <i>-0.195868 0.592883 0.781105 -0.967204 0.0145578 -0.253584 -0.161717 -0.805157 0.570587 3.23136 2.75019 -1.11954</i>
                        <i>-0.198098 0.58044 0.78984 -0.967205 0.0149363 -0.253559 -0.158973 -0.814166 0.558446 3.23134 2.74716 -1.11947</i>
                        <i>-0.199824 0.570342 0.796731 -0.967214 0.01526 -0.253506 -0.156743 -0.821266 0.548593 3.2314 2.74466 -1.11972</i>
                        <i>-0.201063 0.562748 0.801803 -0.967227 0.0155213 -0.253438 -0.155067 -0.826483 0.541184 3.23152 2.74268 -1.12027</i>
                        <i>-0.201831 0.557776 0.805078 -0.967242 0.0157122 -0.25337 -0.153974 -0.829843 0.536333 3.2317 2.74121 -1.12104</i>
                        <i>-0.202142 0.555518 0.80656 -0.967254 0.0158249 -0.253315 -0.153485 -0.831354 0.534128 3.23192 2.74021 -1.12202</i>
                        <i>-0.202002 0.556063 0.806219 -0.967262 0.0158511 -0.253285 -0.153622 -0.830989 0.534657 3.23219 2.73968 -1.12313</i>
                        <i>-0.201401 0.559526 0.80397 -0.967261 0.0157821 -0.253291 -0.154411 -0.828662 0.53803 3.23248 2.7396 -1.12434</i>
                        <i>-0.200358 0.565637 0.799945 -0.967257 0.0156308 -0.253317 -0.155789 -0.824506 0.543985 3.23281 2.73994 -1.12569</i>
                        <i>-0.198898 0.573989 0.79434 -0.967256 0.0154185 -0.253336 -0.15766 -0.818717 0.552128 3.2332 2.74069 -1.12726</i>
                        <i>-0.196879 0.585155 0.786659 -0.967259 0.0151369 -0.253338 -0.16015 -0.81078 0.563017 3.23371 2.74188 -1.12927</i>
                        <i>-0.194195 0.599428 0.776514 -0.967272 0.0147828 -0.253313 -0.163322 -0.800292 0.576939 3.23435 2.74349 -1.13182</i>
                        <i>-0.190914 0.616142 0.764147 -0.967293 0.0143711 -0.253255 -0.167023 -0.787504 0.593246 3.23509 2.74611 -1.13472</i>
                        <i>-0.18712 0.634583 0.749861 -0.967323 0.0139186 -0.253164 -0.171091 -0.77273 0.611242 3.23588 2.75017 -1.13781</i>
                        <i>-0.182874 0.654198 0.733881 -0.967364 0.0134394 -0.253035 -0.175398 -0.756204 0.63039 3.23667 2.75534 -1.14092</i>
                        <i>-0.178283 0.674298 0.716616 -0.967415 0.0129514 -0.252865 -0.179788 -0.738346 0.650016 3.23744 2.76124 -1.14393</i>
                        <i>-0.173484 0.694191 0.698572 -0.967475 0.012472 -0.252658 -0.184106 -0.719683 0.669449 3.23816 2.7675 -1.14672</i>
                        <i>-0.168608 0.713338 0.680235 -0.967543 0.0120151 -0.252422 -0.188235 -0.700717 0.68816 3.23879 2.77388 -1.14918</i>
                        <i>-0.163804 0.731229 0.662173 -0.967615 0.0115935 -0.252165 -0.192067 -0.682034 0.705648 3.23932 2.78012 -1.1512</i>
                        <i>-0.159245 0.747383 0.645027 -0.967688 0.011218 -0.251902 -0.195503 -0.664299 0.721447 3.2397 2.786 -1.15268</i>
                        <i>-0.155115 0.761356 0.629505 -0.967758 0.010898 -0.251644 -0.198451 -0.648242 0.735119 3.23993 2.79126 -1.15351</i>
                        <i>-0.151613 0.772734 0.616357 -0.967823 0.0106407 -0.251407 -0.20083 -0.634641 0.746257 3.23996 2.79566 -1.15362</i>
                        <i>-0.148942 0.781118 0.606358 -0.967877 0.0104517 -0.251207 -0.20256 -0.624296 0.75447 3.2398 2.79896 -1.15293</i>
                        <i>-0.147163 0.786547 0.599738 -0.967919 0.0103275 -0.251051 -0.203658 -0.617443 0.759794 3.23945 2.80091 -1.15151</i>
                        <i>-0.146211 0.789372 0.59625 -0.967948 0.010259 -0.25094 -0.204202 -0.613829 0.762571 3.23896 2.80129 -1.14957</i>
                        <i>-0.146097 0.789637 0.595927 -0.967965 0.0102426 -0.250877 -0.204206 -0.613488 0.762845 3.23838 2.8005 -1.14724</i>
                        <i>-0.146822 0.787354 0.598763 -0.967967 0.0102752 -0.250865 -0.203672 -0.616415 0.760625 3.23771 2.79911 -1.1446</i>
                        <i>-0.148354 0.782575 0.604621 -0.967956 0.0103539 -0.250906 -0.202613 -0.62247 0.755963 3.23699 2.79714 -1.14177</i>
                        <i>-0.15063 0.775401 0.613241 -0.967931 0.0104751 -0.250998 -0.201048 -0.631382 0.748957 3.23624 2.79462 -1.13884</i>
                        <i>-0.15359 0.76588 0.62437 -0.967892 0.0106374 -0.251141 -0.198986 -0.642895 0.739656 3.23548 2.7916 -1.13591</i>
                        <i>-0.157163 0.754061 0.637724 -0.967839 0.0108404 -0.251336 -0.196435 -0.656715 0.728106 3.23474 2.7881 -1.13305</i>
                        <i>-0.161369 0.739732 0.653266 -0.967765 0.0110854 -0.251609 -0.193365 -0.672811 0.714098 3.23408 2.78438 -1.13055</i>
                        <i>-0.166123 0.722937 0.670646 -0.967669 0.0113805 -0.251965 -0.189787 -0.69082 0.697673 3.23354 2.78061 -1.12856</i>
                        <i>-0.171192 0.704157 0.689098 -0.967562 0.0117344 -0.252362 -0.185788 -0.709947 0.679307 3.23309 2.77669 -1.12688</i>
                        <i>-0.176353 0.683946 0.707896 -0.967454 0.0121521 -0.252756 -0.181474 -0.729431 0.659543 3.2327 2.77249 -1.12537</i>
                        <i>-0.181395 0.662929 0.726375 -0.967356 0.0126336 -0.253105 -0.176967 -0.748575 0.638997 3.23233 2.7679 -1.12386</i>
                        <i>-0.186127 0.64179 0.74395 -0.967281 0.0131738 -0.253367 -0.172409 -0.766767 0.61834 3.23195 2.76277 -1.1222</i>
                    </KeyFrames>
                </p>
            </i>
            <i>
                <p>
                    <Name><![CDATA[head]]></Name>
                    <Exclude>0</Exclude>
                    <Additive>0</Additive>
                    <IKPriority>0</IKPriority>
                    <IKRotLimits>-1e+010 -1e+010 -1e+010 1e+010 1e+010 1e+010</IKRotLimits>
                    <IKRotLimitOrder>0</IKRotLimitOrder>
                    <KeyFrames count="41">
                        <i>-0.141056 0.802979 0.579076 0.210553 0.595874 -0.774984 -0.967352 0.0126103 -0.253122 3.18732 2.94447 -0.943037</i>
                        <i>-0.146626 0.786043 0.600531 0.207068 0.618032 -0.758393 -0.967276 0.013151 -0.253384 3.18568 2.93407 -0.93669</i>
                        <i>-0.151095 0.771524 0.617997 0.204028 0.636053 -0.744183 -0.967234 0.0136461 -0.253517 3.18439 2.9248 -0.931561</i>
                        <i>-0.155018 0.758103 0.633442 0.201183 0.651982 -0.731057 -0.96721 0.0141105 -0.253587 3.18334 2.91652 -0.927366</i>
                        <i>-0.158362 0.746098 0.64673 0.198613 0.665678 -0.719323 -0.967199 0.0145362 -0.253603 3.1825 2.90928 -0.92408</i>
                        <i>-0.161109 0.735779 0.657779 0.196388 0.677058 -0.709242 -0.9672 0.014915 -0.253578 3.18189 2.90314 -0.921661</i>
                        <i>-0.163257 0.72736 0.666554 0.194562 0.686086 -0.701021 -0.967209 0.0152389 -0.253525 3.18148 2.89811 -0.920065</i>
                        <i>-0.164815 0.721005 0.673044 0.193177 0.692756 -0.694817 -0.967222 0.0155003 -0.253458 3.18127 2.89423 -0.919241</i>
                        <i>-0.165792 0.716832 0.677248 0.192265 0.697069 -0.690745 -0.967237 0.0156914 -0.25339 3.18124 2.8915 -0.919138</i>
                        <i>-0.166197 0.714934 0.679152 0.191851 0.699013 -0.688893 -0.96725 0.0158042 -0.253335 3.18139 2.88994 -0.91971</i>
                        <i>-0.166032 0.715392 0.67871 0.191956 0.698544 -0.68934 -0.967257 0.0158303 -0.253305 3.18169 2.88955 -0.920917</i>
                        <i>-0.165281 0.718302 0.675814 0.192605 0.695553 -0.692177 -0.967257 0.0157612 -0.25331 3.18214 2.89033 -0.922729</i>
                        <i>-0.163977 0.723425 0.670648 0.193738 0.690227 -0.697175 -0.967252 0.0156098 -0.253336 3.18275 2.89221 -0.925162</i>
                        <i>-0.162162 0.730405 0.663485 0.195268 0.682841 -0.703988 -0.967251 0.0153973 -0.253355 3.18354 2.89505 -0.928248</i>
                        <i>-0.159674 0.739695 0.653725 0.197288 0.672773 -0.71306 -0.967255 0.0151155 -0.253357 3.18458 2.89904 -0.932319</i>
                        <i>-0.156393 0.7515 0.640928 0.199839 0.659568 -0.724592 -0.967267 0.014761 -0.253331 3.18594 2.90422 -0.937589</i>
                        <i>-0.15242 0.765219 0.625466 0.202785 0.64361 -0.738001 -0.967288 0.014349 -0.253274 3.18755 2.91102 -0.943813</i>
                        <i>-0.147869 0.780219 0.607777 0.205983 0.625352 -0.752666 -0.967319 0.0138959 -0.253182 3.18935 2.91968 -0.950719</i>
                        <i>-0.142826 0.796007 0.588195 0.209323 0.605139 -0.768109 -0.96736 0.0134163 -0.253052 3.19127 2.92974 -0.958094</i>
                        <i>-0.13743 0.811995 0.567255 0.212672 0.583522 -0.783756 -0.967411 0.0129278 -0.252882 3.19325 2.94064 -0.9657</i>
                        <i>-0.131844 0.827614 0.545593 0.215908 0.561159 -0.799052 -0.967471 0.012448 -0.252674 3.19524 2.95185 -0.973291</i>
                        <i>-0.126221 0.842442 0.523794 0.218944 0.538654 -0.813582 -0.967539 0.0119907 -0.252437 3.19716 2.96297 -0.98062</i>
                        <i>-0.120731 0.856097 0.502515 0.221704 0.516685 -0.826973 -0.967611 0.0115686 -0.25218 3.19895 2.97364 -0.987426</i>
                        <i>-0.115561 0.86825 0.482482 0.224126 0.496002 -0.838898 -0.967685 0.0111928 -0.251916 3.20054 2.98351 -0.993438</i>
                        <i>-0.110912 0.878614 0.464474 0.22616 0.477409 -0.849077 -0.967755 0.0108725 -0.251657 3.20184 2.99222 -0.998375</i>
                        <i>-0.106995 0.886944 0.449313 0.227765 0.461755 -0.857266 -0.96782 0.010615 -0.25142 3.2028 2.99942 -1.00196</i>
                        <i>-0.104025 0.893016 0.437837 0.228908 0.449904 -0.863242 -0.967874 0.0104258 -0.25122 3.20334 3.00478 -1.00389</i>
                        <i>-0.102058 0.896916 0.430262 0.229616 0.44208 -0.867088 -0.967916 0.0103015 -0.251064 3.20345 3.00806 -1.00422</i>
                        <i>-0.101014 0.898936 0.426276 0.229952 0.437961 -0.869087 -0.967945 0.010233 -0.250952 3.20322 3.00914 -1.00321</i>
                        <i>-0.100901 0.899125 0.425903 0.229932 0.437573 -0.869288 -0.967962 0.0102165 -0.250889 3.20266 3.00841 -1.00095</i>
                        <i>-0.101721 0.897494 0.429136 0.22956 0.440908 -0.8677 -0.967965 0.0102492 -0.250878 3.2018 3.00646 -0.997569</i>
                        <i>-0.103439 0.894066 0.435829 0.228839 0.447817 -0.864345 -0.967953 0.010328 -0.250918 3.20068 3.00331 -0.993194</i>
                        <i>-0.105988 0.888882 0.445708 0.227776 0.458017 -0.859266 -0.967928 0.0104494 -0.251011 3.19933 2.99904 -0.987995</i>
                        <i>-0.109309 0.881939 0.458515 0.226369 0.471245 -0.852459 -0.967889 0.0106119 -0.251155 3.1978 2.99367 -0.982126</i>
                        <i>-0.113332 0.873221 0.473963 0.224609 0.487204 -0.843909 -0.967836 0.0108151 -0.251349 3.19611 2.98726 -0.975739</i>
                        <i>-0.11808 0.862517 0.492059 0.222472 0.505907 -0.833405 -0.967762 0.0110604 -0.251624 3.19435 2.98001 -0.969137</i>
                        <i>-0.123469 0.849795 0.51245 0.219951 0.526992 -0.820915 -0.967666 0.0113559 -0.25198 3.19256 2.97208 -0.962539</i>
                        <i>-0.129254 0.83536 0.534291 0.217082 0.549579 -0.806746 -0.967558 0.0117102 -0.252377 3.19078 2.9635 -0.955973</i>
                        <i>-0.135193 0.819599 0.556759 0.213924 0.57281 -0.791281 -0.96745 0.0121283 -0.252772 3.18902 2.95429 -0.949467</i>
                        <i>-0.141056 0.802979 0.579076 0.210553 0.595874 -0.774984 -0.967352 0.0126103 -0.253122 3.18732 2.94447 -0.943037</i>
                        <i>-0.146626 0.786043 0.600531 0.207068 0.618032 -0.758393 -0.967276 0.013151 -0.253384 3.18568 2.93407 -0.93669</i>
                    </KeyFrames>
                </p>
            </i>
            <i>
                <p>
                    <Name><![CDATA[head_prop]]></Name>
                    <Exclude>0</Exclude>
                    <Additive>0</Additive>
                    <IKPriority>0</IKPriority>
                    <IKRotLimits>-1e+010 -1e+010 -1e+010 1e+010 1e+010 1e+010</IKRotLimits>
                    <IKRotLimitOrder>0</IKRotLimitOrder>
                    <KeyFrames count="41">
                        <i>0.999375 -0.00208166 0.0352801 -0.00344957 0.987752 0.155996 -0.0351727 -0.15602 0.987127 3.18597 3.2587 -0.882243</i>
                        <i>0.99934 0.00406827 0.0361089 -0.00937001 0.988958 0.147899 -0.0351085 -0.14814 0.988343 3.18215 3.24913 -0.877669</i>
                        <i>0.999279 0.00894277 0.0368954 -0.0134771 0.992123 0.124543 -0.0354911 -0.12495 0.991528 3.17926 3.24146 -0.879299</i>
                        <i>0.999203 0.0131779 0.0376731 -0.0170048 0.994521 0.103141 -0.0361075 -0.103699 0.993953 3.1768 3.23461 -0.881224</i>
                        <i>0.999121 0.0167827 0.0384047 -0.0200422 0.996083 0.0861259 -0.0368089 -0.0868199 0.995544 3.17472 3.22855 -0.882623</i>
                        <i>0.999041 0.0197666 0.0390594 -0.022692 0.996855 0.0759326 -0.0374356 -0.0767461 0.996348 3.17299 3.22332 -0.882676</i>
                        <i>0.99897 0.0221387 0.0396119 -0.0250657 0.996869 0.0749879 -0.0378277 -0.0759035 0.996397 3.17157 3.21892 -0.880568</i>
                        <i>0.998912 0.0239076 0.0400425 -0.0271283 0.99627 0.0819207 -0.0379346 -0.0829178 0.995834 3.17047 3.2154 -0.876725</i>
                        <i>0.998871 0.0250809 0.0403369 -0.0287513 0.995237 0.0931508 -0.0378085 -0.0942054 0.994835 3.16972 3.2128 -0.872294</i>
                        <i>0.99885 0.0256651 0.0404862 -0.0299019 0.993725 0.107777 -0.037466 -0.108864 0.99335 3.16933 3.21109 -0.867551</i>
                        <i>0.998851 0.0256653 0.0404862 -0.0305439 0.9917 0.124895 -0.0369447 -0.125988 0.991344 3.16932 3.21025 -0.862777</i>
                        <i>0.998871 0.0250855 0.0403381 -0.0306409 0.989161 0.143603 -0.0362985 -0.144677 0.988813 3.16968 3.21025 -0.858255</i>
                        <i>0.998911 0.0239284 0.0400476 -0.0301579 0.986165 0.162999 -0.0355933 -0.16403 0.985813 3.17044 3.21107 -0.854268</i>
                        <i>0.998968 0.0221954 0.0396254 -0.0290639 0.982833 0.182193 -0.0349013 -0.183157 0.982464 3.1716 3.21273 -0.851101</i>
                        <i>0.999042 0.0197518 0.039056 -0.0271709 0.979487 0.199669 -0.0343111 -0.200539 0.979085 3.17331 3.2155 -0.849564</i>
                        <i>0.999128 0.0165163 0.0383485 -0.0243632 0.976487 0.214196 -0.033909 -0.214943 0.976038 3.17565 3.21955 -0.850249</i>
                        <i>0.999214 0.01262 0.0375656 -0.0207811 0.974011 0.225547 -0.0337429 -0.22615 0.973508 3.17852 3.22535 -0.852968</i>
                        <i>0.99929 0.0082066 0.0367692 -0.0165776 0.972204 0.233547 -0.0338306 -0.233991 0.97165 3.18177 3.2332 -0.857486</i>
                        <i>0.999346 0.00337816 0.0360068 -0.0118517 0.971238 0.237814 -0.0341679 -0.238085 0.970643 3.18533 3.24269 -0.8637</i>
                        <i>0.999375 -0.00174235 0.0353211 -0.00671992 0.971232 0.238043 -0.0347198 -0.238131 0.970612 3.18909 3.2533 -0.871496</i>
                        <i>0.999372 -0.00700242 0.0347471 -0.00132511 0.972226 0.23404 -0.0354209 -0.233939 0.971606 3.19295 3.26448 -0.880708</i>
                        <i>0.999336 -0.0122523 0.0343049 0.00414503 0.973868 0.227077 -0.0361907 -0.226784 0.973273 3.19677 3.27574 -0.890654</i>
                        <i>0.999271 -0.0173411 0.0340002 0.00948197 0.975689 0.218953 -0.0369705 -0.218471 0.975143 3.20042 3.28657 -0.900477</i>
                        <i>0.999183 -0.0221174 0.0338247 0.0145212 0.977542 0.21024 -0.037715 -0.209577 0.977064 3.20377 3.29657 -0.909715</i>
                        <i>0.99908 -0.0264303 0.0337579 0.0190981 0.9793 0.201512 -0.0383852 -0.200682 0.978904 3.20669 3.30536 -0.917908</i>
                        <i>0.998975 -0.0301301 0.0337699 0.0230476 0.980859 0.193351 -0.0389493 -0.192374 0.980548 3.20906 3.31259 -0.924595</i>
                        <i>0.998881 -0.0330685 0.0338252 0.0262042 0.982136 0.186338 -0.0393829 -0.185243 0.981903 3.21076 3.31791 -0.929321</i>
                        <i>0.998805 -0.0352144 0.0338911 0.0285371 0.983156 0.180525 -0.0396773 -0.179342 0.982986 3.21178 3.3211 -0.932101</i>
                        <i>0.998752 -0.0366287 0.0339463 0.0301218 0.984012 0.175538 -0.0398333 -0.174296 0.983887 3.21221 3.32208 -0.93332</i>
                        <i>0.998726 -0.0373018 0.0339758 0.0309505 0.984728 0.171328 -0.0398478 -0.170058 0.984628 3.21209 3.32126 -0.93309</i>
                        <i>0.998729 -0.0372239 0.0339723 0.0310149 0.985325 0.167846 -0.0397217 -0.166579 0.985228 3.21142 3.31924 -0.931523</i>
                        <i>0.998761 -0.036401 0.0339368 0.0303245 0.985833 0.164964 -0.0394608 -0.163731 0.985716 3.21025 3.31609 -0.928785</i>
                        <i>0.998818 -0.0348486 0.0338783 0.0288991 0.986283 0.162512 -0.0390769 -0.161341 0.986125 3.2086 3.31187 -0.925071</i>
                        <i>0.998897 -0.0325704 0.033813 0.0267439 0.986694 0.160371 -0.0385864 -0.15929 0.986477 3.20652 3.30663 -0.920541</i>
                        <i>0.998992 -0.0295702 0.0337641 0.0238633 0.987083 0.158422 -0.0380125 -0.157457 0.986794 3.20404 3.30043 -0.91535</i>
                        <i>0.999103 -0.0255711 0.0337643 0.0199339 0.987263 0.157843 -0.0373705 -0.157028 0.986887 3.20107 3.29334 -0.909263</i>
                        <i>0.999216 -0.0205041 0.033872 0.0148722 0.987189 0.15886 -0.0366954 -0.158231 0.98672 3.19762 3.2855 -0.902329</i>
                        <i>0.999309 -0.0146868 0.0341439 0.00904295 0.987088 0.159924 -0.0360519 -0.159504 0.986539 3.19386 3.27703 -0.895133</i>
                        <i>0.999365 -0.00843921 0.0346131 0.00281265 0.987196 0.159486 -0.0355159 -0.159287 0.986593 3.18992 3.26805 -0.888249</i>
                        <i>0.999375 -0.00208166 0.0352801 -0.00344957 0.987752 0.155996 -0.0351727 -0.15602 0.987127 3.18597 3.2587 -0.882243</i>
                        <i>0.99934 0.00406827 0.0361089 -0.00937001 0.988958 0.147899 -0.0351085 -0.14814 0.988343 3.18215 3.24913 -0.877669</i>
                    </KeyFrames>
                </p>
            </i>
            <i>
                <p>
                    <Name><![CDATA[l_clav]]></Name>
                    <Exclude>0</Exclude>
                    <Additive>0</Additive>
                    <IKPriority>0</IKPriority>
                    <IKRotLimits>-1e+010 -1e+010 -1e+010 1e+010 1e+010 1e+010</IKRotLimits>
                    <IKRotLimitOrder>0</IKRotLimitOrder>
                    <KeyFrames count="41">
                        <i>0.897204 0.104905 0.428975 -0.36976 0.709562 0.599833 -0.241459 -0.69679 0.675412 3.29919 2.78562 -1.04443</i>
                        <i>0.887663 0.134694 0.440354 -0.403932 0.686926 0.604128 -0.221118 -0.714135 0.664167 3.29846 2.77976 -1.04145</i>
                        <i>0.877671 0.164524 0.450139 -0.434665 0.668904 0.60302 -0.201889 -0.724913 0.658591 3.29782 2.77442 -1.03875</i>
                        <i>0.864964 0.198358 0.460967 -0.467652 0.651812 0.597028 -0.182039 -0.731981 0.656556 3.29729 2.76977 -1.0365</i>
                        <i>0.849596 0.234886 0.472246 -0.501806 0.635681 0.586601 -0.162413 -0.735349 0.657939 3.29685 2.76581 -1.03469</i>
                        <i>0.83184 0.272864 0.483309 -0.536072 0.620571 0.572292 -0.143769 -0.735144 0.662491 3.29652 2.76252 -1.03333</i>
                        <i>0.812198 0.311122 0.493494 -0.569447 0.606588 0.55478 -0.126744 -0.73161 0.669837 3.2963 2.75989 -1.03242</i>
                        <i>0.791385 0.348572 0.502203 -0.601006 0.593891 0.534869 -0.111814 -0.725114 0.67949 3.29618 2.75789 -1.03194</i>
                        <i>0.77029 0.384212 0.508955 -0.629918 0.5827 0.513481 -0.0992822 -0.716129 0.69087 3.29616 2.75652 -1.0319</i>
