<?xml version="1.0" encoding="ISO-8859-1" ?>
<Animl Version="1">
    <ModellingPackage><![CDATA[Maya.2010]]></ModellingPackage>
    <SrcFile><![CDATA[anims\turrets\antiair\red\~src\aa_zu232\aa_zu232_crew_aim_low_crewmanb.mb]]></SrcFile>
    <FramesPerSecond>30</FramesPerSecond>
    <TotalFrames>41</TotalFrames>
    <Skeleton>
        <RefFrame>
            <Name><![CDATA[soldier_ref_frame]]></Name>
            <Exclude>0</Exclude>
            <Additive>0</Additive>
            <IKPriority>0</IKPriority>
            <IKRotLimits>-1e+010 -1e+010 -1e+010 1e+010 1e+010 1e+010</IKRotLimits>
            <IKRotLimitOrder>0</IKRotLimitOrder>
            <KeyFrames count="41">
                <i>1 0 0 0 1 0 0 0 1 -0.64 2.65 -2.63</i>
                <i>1 0 0 0 1 0 0 0 1 -0.64 2.65 -2.63</i>
                <i>1 0 0 0 1 0 0 0 1 -0.64 2.65 -2.63</i>
                <i>1 0 0 0 1 0 0 0 1 -0.64 2.65 -2.63</i>
                <i>1 0 0 0 1 0 0 0 1 -0.64 2.65 -2.63</i>
                <i>1 0 0 0 1 0 0 0 1 -0.64 2.65 -2.63</i>
                <i>1 0 0 0 1 0 0 0 1 -0.64 2.65 -2.63</i>
                <i>1 0 0 0 1 0 0 0 1 -0.64 2.65 -2.63</i>
                <i>1 0 0 0 1 0 0 0 1 -0.64 2.65 -2.63</i>
                <i>1 0 0 0 1 0 0 0 1 -0.64 2.65 -2.63</i>
                <i>1 0 0 0 1 0 0 0 1 -0.64 2.65 -2.63</i>
                <i>1 0 0 0 1 0 0 0 1 -0.64 2.65 -2.63</i>
                <i>1 0 0 0 1 0 0 0 1 -0.64 2.65 -2.63</i>
                <i>1 0 0 0 1 0 0 0 1 -0.64 2.65 -2.63</i>
                <i>1 0 0 0 1 0 0 0 1 -0.64 2.65 -2.63</i>
                <i>1 0 0 0 1 0 0 0 1 -0.64 2.65 -2.63</i>
                <i>1 0 0 0 1 0 0 0 1 -0.64 2.65 -2.63</i>
                <i>1 0 0 0 1 0 0 0 1 -0.64 2.65 -2.63</i>
                <i>1 0 0 0 1 0 0 0 1 -0.64 2.65 -2.63</i>
                <i>1 0 0 0 1 0 0 0 1 -0.64 2.65 -2.63</i>
                <i>1 0 0 0 1 0 0 0 1 -0.64 2.65 -2.63</i>
                <i>1 0 0 0 1 0 0 0 1 -0.64 2.65 -2.63</i>
                <i>1 0 0 0 1 0 0 0 1 -0.64 2.65 -2.63</i>
                <i>1 0 0 0 1 0 0 0 1 -0.64 2.65 -2.63</i>
                <i>1 0 0 0 1 0 0 0 1 -0.64 2.65 -2.63</i>
                <i>1 0 0 0 1 0 0 0 1 -0.64 2.65 -2.63</i>
                <i>1 0 0 0 1 0 0 0 1 -0.64 2.65 -2.63</i>
                <i>1 0 0 0 1 0 0 0 1 -0.64 2.65 -2.63</i>
                <i>1 0 0 0 1 0 0 0 1 -0.64 2.65 -2.63</i>
                <i>1 0 0 0 1 0 0 0 1 -0.64 2.65 -2.63</i>
                <i>1 0 0 0 1 0 0 0 1 -0.64 2.65 -2.63</i>
                <i>1 0 0 0 1 0 0 0 1 -0.64 2.65 -2.63</i>
                <i>1 0 0 0 1 0 0 0 1 -0.64 2.65 -2.63</i>
                <i>1 0 0 0 1 0 0 0 1 -0.64 2.65 -2.63</i>
                <i>1 0 0 0 1 0 0 0 1 -0.64 2.65 -2.63</i>
                <i>1 0 0 0 1 0 0 0 1 -0.64 2.65 -2.63</i>
                <i>1 0 0 0 1 0 0 0 1 -0.64 2.65 -2.63</i>
                <i>1 0 0 0 1 0 0 0 1 -0.64 2.65 -2.63</i>
                <i>1 0 0 0 1 0 0 0 1 -0.64 2.65 -2.63</i>
                <i>1 0 0 0 1 0 0 0 1 -0.64 2.65 -2.63</i>
                <i>1 0 0 0 1 0 0 0 1 -0.64 2.65 -2.63</i>
            </KeyFrames>
        </RefFrame>
        <Bones count="23">
            <i>
                <p>
                    <Name><![CDATA[pelvis]]></Name>
                    <Exclude>0</Exclude>
                    <Additive>0</Additive>
                    <IKPriority>0</IKPriority>
                    <IKRotLimits>-1e+010 -1e+010 -1e+010 1e+010 1e+010 1e+010</IKRotLimits>
                    <IKRotLimitOrder>2</IKRotLimitOrder>
                    <KeyFrames count="41">
                        <i>1 0 0 0 1 0 0 0 1 -0.658239 3.62403 -2.63107</i>
                        <i>1 0 0 0 1 0 0 0 1 -0.658239 3.62133 -2.63107</i>
                        <i>1 0 0 0 1 0 0 0 1 -0.658239 3.61911 -2.63107</i>
                        <i>1 0 0 0 1 0 0 0 1 -0.658239 3.61704 -2.63107</i>
                        <i>1 0 0 0 1 0 0 0 1 -0.658239 3.61513 -2.63107</i>
                        <i>1 0 0 0 1 0 0 0 1 -0.658239 3.61338 -2.63107</i>
                        <i>1 0 0 0 1 0 0 0 1 -0.658239 3.61178 -2.63107</i>
                        <i>1 0 0 0 1 0 0 0 1 -0.658239 3.61035 -2.63107</i>
                        <i>1 0 0 0 1 0 0 0 1 -0.658239 3.60908 -2.63107</i>
                        <i>1 0 0 0 1 0 0 0 1 -0.658239 3.60798 -2.63107</i>
                        <i>1 0 0 0 1 0 0 0 1 -0.658239 3.60704 -2.63107</i>
                        <i>1 0 0 0 1 0 0 0 1 -0.658239 3.60628 -2.63107</i>
                        <i>1 0 0 0 1 0 0 0 1 -0.658239 3.60568 -2.63107</i>
                        <i>1 0 0 0 1 0 0 0 1 -0.658239 3.60525 -2.63107</i>
                        <i>1 0 0 0 1 0 0 0 1 -0.658239 3.605 -2.63107</i>
                        <i>1 0 0 0 1 0 0 0 1 -0.658239 3.60493 -2.63107</i>
                        <i>1 0 0 0 1 0 0 0 1 -0.658239 3.60503 -2.63107</i>
                        <i>1 0 0 0 1 0 0 0 1 -0.658239 3.60531 -2.63107</i>
                        <i>1 0 0 0 1 0 0 0 1 -0.658239 3.60577 -2.63107</i>
                        <i>1 0 0 0 1 0 0 0 1 -0.658239 3.60642 -2.63107</i>
                        <i>1 0 0 0 1 0 0 0 1 -0.658239 3.60725 -2.63107</i>
                        <i>1 0 0 0 1 0 0 0 1 -0.658239 3.60833 -2.63107</i>
                        <i>1 0 0 0 1 0 0 0 1 -0.658239 3.60969 -2.63107</i>
                        <i>1 0 0 0 1 0 0 0 1 -0.658239 3.61128 -2.63107</i>
                        <i>1 0 0 0 1 0 0 0 1 -0.658239 3.61303 -2.63107</i>
                        <i>1 0 0 0 1 0 0 0 1 -0.658239 3.61491 -2.63107</i>
                        <i>1 0 0 0 1 0 0 0 1 -0.658239 3.61686 -2.63107</i>
                        <i>1 0 0 0 1 0 0 0 1 -0.658239 3.61881 -2.63107</i>
                        <i>1 0 0 0 1 0 0 0 1 -0.658239 3.62073 -2.63107</i>
                        <i>1 0 0 0 1 0 0 0 1 -0.658239 3.62256 -2.63107</i>
                        <i>1 0 0 0 1 0 0 0 1 -0.658239 3.62423 -2.63107</i>
                        <i>1 0 0 0 1 0 0 0 1 -0.658239 3.62572 -2.63107</i>
                        <i>1 0 0 0 1 0 0 0 1 -0.658239 3.62694 -2.63107</i>
                        <i>1 0 0 0 1 0 0 0 1 -0.658239 3.62787 -2.63107</i>
                        <i>1 0 0 0 1 0 0 0 1 -0.658239 3.62843 -2.63107</i>
                        <i>1 0 0 0 1 0 0 0 1 -0.658239 3.62859 -2.63107</i>
                        <i>1 0 0 0 1 0 0 0 1 -0.658239 3.62828 -2.63107</i>
                        <i>1 0 0 0 1 0 0 0 1 -0.658239 3.62745 -2.63107</i>
                        <i>1 0 0 0 1 0 0 0 1 -0.658239 3.62605 -2.63107</i>
                        <i>1 0 0 0 1 0 0 0 1 -0.658239 3.62403 -2.63107</i>
                        <i>1 0 0 0 1 0 0 0 1 -0.658239 3.62133 -2.63107</i>
                    </KeyFrames>
                </p>
            </i>
            <i>
                <p>
                    <Name><![CDATA[spine0]]></Name>
                    <Exclude>0</Exclude>
                    <Additive>0</Additive>
                    <IKPriority>0</IKPriority>
                    <IKRotLimits>-1e+010 -1e+010 -1e+010 1e+010 1e+010 1e+010</IKRotLimits>
                    <IKRotLimitOrder>0</IKRotLimitOrder>
                    <KeyFrames count="41">
                        <i>0.212915 0.960725 0.177975 -0.798671 0.0661989 0.598116 0.562843 -0.269491 0.781398 -0.67247 3.76586 -2.65053</i>
                        <i>0.208737 0.962045 0.17578 -0.799248 0.0642315 0.597559 0.563588 -0.265224 0.78232 -0.673041 3.76299 -2.65131</i>
                        <i>0.205339 0.963157 0.17368 -0.799742 0.0628385 0.597046 0.564136 -0.261496 0.78318 -0.673655 3.76058 -2.65215</i>
                        <i>0.202054 0.96424 0.171508 -0.800233 0.0615846 0.596518 0.564625 -0.257775 0.78406 -0.674341 3.75829 -2.65309</i>
                        <i>0.198978 0.965267 0.169313 -0.800708 0.0605164 0.59599 0.565043 -0.25416 0.784939 -0.675078 3.75613 -2.6541</i>
                        <i>0.196212 0.96621 0.167152 -0.801155 0.059678 0.595475 0.565378 -0.250754 0.785793 -0.675846 3.75411 -2.65515</i>
                        <i>0.193853 0.96704 0.165087 -0.801563 0.05911 0.594981 0.565613 -0.247667 0.786602 -0.676626 3.75223 -2.65622</i>
                        <i>0.191999 0.967732 0.16319 -0.801926 0.0588486 0.594518 0.565731 -0.245013 0.787348 -0.677398 3.7505 -2.65727</i>
                        <i>0.190743 0.968258 0.161535 -0.802236 0.0589244 0.594091 0.565715 -0.242908 0.788011 -0.678142 3.74894 -2.65829</i>
                        <i>0.190172 0.968592 0.160203 -0.80249 0.059362 0.593705 0.565548 -0.241467 0.788574 -0.678839 3.74754 -2.65924</i>
                        <i>0.190367 0.968706 0.159276 -0.802681 0.060179 0.593364 0.565211 -0.240805 0.789018 -0.67947 3.74633 -2.66011</i>
                        <i>0.191089 0.968668 0.158643 -0.802818 0.0612421 0.593071 0.564773 -0.24069 0.789366 -0.680016 3.74532 -2.66085</i>
                        <i>0.191995 0.968573 0.158125 -0.802908 0.0623732 0.592831 0.564337 -0.240781 0.789651 -0.680458 3.74453 -2.66146</i>
                        <i>0.193009 0.96844 0.157707 -0.802947 0.0635146 0.592657 0.563936 -0.241019 0.789864 -0.680776 3.74395 -2.66189</i>
                        <i>0.194053 0.968286 0.15737 -0.802927 0.0646078 0.592566 0.563606 -0.241346 0.79 -0.680952 3.74362 -2.66213</i>
                        <i>0.195078 0.968121 0.157116 -0.802841 0.0656056 0.592572 0.563374 -0.241737 0.790046 -0.680968 3.74354 -2.66215</i>
                        <i>0.196158 0.967919 0.157017 -0.802683 0.0665258 0.592683 0.563224 -0.242295 0.789982 -0.680821 3.74371 -2.66195</i>
                        <i>0.197374 0.967647 0.157169 -0.802461 0.0673813 0.592888 0.563116 -0.243142 0.789799 -0.680536 3.74412 -2.66156</i>
                        <i>0.198727 0.967296 0.157627 -0.802183 0.0681431 0.593176 0.563036 -0.244326 0.789491 -0.680129 3.74477 -2.66101</i>
                        <i>0.200209 0.966865 0.158396 -0.801858 0.0688046 0.59354 0.562975 -0.245843 0.789063 -0.679615 3.74565 -2.6603</i>
                        <i>0.201817 0.966354 0.159468 -0.801492 0.0693696 0.593968 0.562921 -0.247686 0.788525 -0.679011 3.74674 -2.65948</i>
                        <i>0.203555 0.965763 0.160832 -0.801093 0.069851 0.59445 0.562864 -0.249845 0.787884 -0.678333 3.74811 -2.65855</i>
                        <i>0.205427 0.965093 0.162465 -0.800667 0.0702688 0.594975 0.56279 -0.252304 0.787153 -0.677597 3.74976 -2.65754</i>
                        <i>0.207438 0.964346 0.164335 -0.800219 0.0706483 0.595532 0.562689 -0.25504 0.786344 -0.67682 3.75165 -2.65648</i>
                        <i>0.209591 0.963526 0.166401 -0.799756 0.0710184 0.59611 0.56255 -0.258019 0.78547 -0.676019 3.75371 -2.65539</i>
                        <i>0.211883 0.962639 0.168616 -0.79928 0.0714083 0.596701 0.562367 -0.261202 0.784548 -0.67521 3.75587 -2.65428</i>
                        <i>0.214308 0.961694 0.170929 -0.798797 0.0718456 0.597296 0.562135 -0.264542 0.783595 -0.674411 3.75808 -2.65319</i>
                        <i>0.216851 0.960702 0.173286 -0.798311 0.0723528 0.597884 0.56185 -0.267988 0.782628 -0.673637 3.76029 -2.65213</i>
                        <i>0.219402 0.959705 0.175583 -0.797834 0.0729053 0.598453 0.561538 -0.271388 0.78168 -0.672907 3.76243 -2.65113</i>
                        <i>0.221722 0.958792 0.177645 -0.797389 0.0734176 0.598983 0.561258 -0.274459 0.780808 -0.672238 3.76445 -2.65021</i>
                        <i>0.223612 0.958028 0.17939 -0.797006 0.0737818 0.599448 0.561052 -0.277019 0.780052 -0.671646 3.76629 -2.64941</i>
                        <i>0.224989 0.957435 0.180826 -0.796708 0.0739332 0.599825 0.560925 -0.279019 0.77943 -0.67115 3.7679 -2.64873</i>
                        <i>0.225803 0.957033 0.181936 -0.796512 0.0738487 0.600096 0.560876 -0.280418 0.778964 -0.670767 3.76923 -2.6482</i>
                        <i>0.225963 0.956865 0.182622 -0.796453 0.0735283 0.600213 0.560895 -0.281075 0.778713 -0.670555 3.77021 -2.64791</i>
                        <i>0.225414 0.956953 0.182835 -0.796548 0.0729647 0.600157 0.560981 -0.280921 0.778706 -0.670545 3.77078 -2.6479</i>
                        <i>0.224175 0.957284 0.182626 -0.796781 0.0721337 0.599947 0.561146 -0.280006 0.778917 -0.670707 3.77089 -2.64812</i>
                        <i>0.222269 0.957842 0.182031 -0.797135 0.0710257 0.599609 0.561402 -0.278378 0.779316 -0.67101 3.7705 -2.64854</i>
                        <i>0.21973 0.958611 0.181064 -0.797586 0.0696477 0.599171 0.561761 -0.27607 0.779878 -0.671425 3.76957 -2.6491</i>
                        <i>0.216597 0.959576 0.179721 -0.798107 0.0680244 0.598663 0.562238 -0.273105 0.780578 -0.671922 3.76803 -2.64978</i>
                        <i>0.212915 0.960725 0.177975 -0.798671 0.0661989 0.598116 0.562843 -0.269491 0.781398 -0.67247 3.76586 -2.65053</i>
                        <i>0.208737 0.962045 0.17578 -0.799248 0.0642315 0.597559 0.563588 -0.265224 0.78232 -0.673041 3.76299 -2.65131</i>
                    </KeyFrames>
                </p>
            </i>
            <i>
                <p>
                    <Name><![CDATA[spine1]]></Name>
                    <Exclude>0</Exclude>
                    <Additive>0</Additive>
                    <IKPriority>0</IKPriority>
                    <IKRotLimits>-1e+010 -1e+010 -1e+010 1e+010 1e+010 1e+010</IKRotLimits>
                    <IKRotLimitOrder>0</IKRotLimitOrder>
                    <KeyFrames count="41">
                        <i>0.557383 0.733386 0.389191 -0.597757 0.0291525 0.801147 0.576204 -0.679187 0.454635 -0.635378 3.93328 -2.61953</i>
                        <i>0.55169 0.737866 0.388834 -0.598608 0.0256599 0.800631 0.580781 -0.674459 0.455849 -0.636432 3.93179 -2.62049</i>
                        <i>0.546676 0.74158 0.38885 -0.59996 0.0229508 0.799701 0.584118 -0.670472 0.457465 -0.637419 3.93064 -2.62151</i>
                        <i>0.542184 0.744596 0.389374 -0.601665 0.0205537 0.798484 0.586545 -0.667199 0.459142 -0.638461 3.92963 -2.62265</i>
                        <i>0.53836 0.746864 0.390337 -0.603635 0.0185539 0.797045 0.588041 -0.664719 0.460822 -0.639525 3.92874 -2.62386</i>
                        <i>0.535339 0.748328 0.391686 -0.605793 0.0170265 0.79544 0.588581 -0.66311 0.462447 -0.640575 3.92796 -2.62512</i>
                        <i>0.533243 0.748931 0.393388 -0.60807 0.0160351 0.793721 0.588135 -0.662454 0.463953 -0.641575 3.92726 -2.62638</i>
                        <i>0.532188 0.748608 0.395427 -0.61041 0.0156312 0.791931 0.586665 -0.662829 0.465276 -0.64249 3.92665 -2.62762</i>
                        <i>0.532276 0.747282 0.397808 -0.612762 0.0158538 0.790108 0.584127 -0.664317 0.466345 -0.643283 3.92611 -2.62879</i>
                        <i>0.5336 0.74487 0.40055 -0.615084 0.0167292 0.788284 0.580468 -0.667 0.467084 -0.643922 3.92562 -2.62985</i>
                        <i>0.536242 0.741269 0.40369 -0.617335 0.0182716 0.786488 0.575623 -0.67096 0.467409 -0.644373 3.92518 -2.63077</i>
                        <i>0.539553 0.737123 0.406856 -0.619516 0.0203407 0.784721 0.57016 -0.675452 0.467635 -0.644666 3.92478 -2.63153</i>
                        <i>0.54271 0.733296 0.409564 -0.621631 0.0227526 0.78298 0.564837 -0.679529 0.468187 -0.64485 3.92442 -2.63216</i>
                        <i>0.545535 0.730003 0.41169 -0.62365 0.0254436 0.781289 0.559868 -0.682971 0.469146 -0.644928 3.9241 -2.63263</i>
                        <i>0.547852 0.727465 0.413102 -0.625545 0.0283478 0.779673 0.555474 -0.685559 0.470592 -0.644899 3.92379 -2.63293</i>
                        <i>0.549532 0.725861 0.413691 -0.627282 0.0314042 0.778158 0.551843 -0.687124 0.472577 -0.64476 3.92349 -2.63302</i>
                        <i>0.550689 0.72506 0.413557 -0.628833 0.0345514 0.776772 0.548917 -0.687819 0.474969 -0.644499 3.9232 -2.63291</i>
                        <i>0.551653 0.724606 0.413068 -0.630199 0.0376889 0.775518 0.546377 -0.688132 0.477437 -0.644131 3.92285 -2.6326</i>
                        <i>0.552603 0.724237 0.412445 -0.631373 0.0407296 0.774409 0.544057 -0.688347 0.479771 -0.643677 3.92242 -2.63212</i>
                        <i>0.553549 0.723926 0.411721 -0.632335 0.043619 0.773466 0.541973 -0.688497 0.48191 -0.643145 3.92197 -2.63147</i>
                        <i>0.554514 0.723645 0.410915 -0.633058 0.0463185 0.772717 0.54014 -0.688616 0.483794 -0.642543 3.92153 -2.63068</i>
                        <i>0.55553 0.723363 0.41004 -0.633509 0.0488034 0.772195 0.538566 -0.688741 0.485368 -0.641876 3.92121 -2.62976</i>
                        <i>0.556637 0.723046 0.409096 -0.633651 0.0510607 0.771932 0.537254 -0.68891 0.486581 -0.64115 3.9211 -2.62873</i>
                        <i>0.557883 0.72266 0.40808 -0.633442 0.0530855 0.771967 0.536206 -0.689162 0.487379 -0.640372 3.92117 -2.62762</i>
                        <i>0.559321 0.722165 0.406985 -0.632839 0.0548771 0.772336 0.53542 -0.68954 0.487708 -0.639545 3.92143 -2.62643</i>
                        <i>0.561004 0.721522 0.405808 -0.631795 0.0564336 0.773079 0.534892 -0.690088 0.487513 -0.638676 3.92187 -2.62521</i>
                        <i>0.562986 0.720686 0.404547 -0.630264 0.0577461 0.77423 0.534616 -0.690852 0.486733 -0.637771 3.92249 -2.62396</i>
                        <i>0.565311 0.719611 0.403216 -0.628205 0.0587915 0.775823 0.534586 -0.691884 0.485299 -0.636838 3.92329 -2.62272</i>
                        <i>0.567743 0.718575 0.401643 -0.625534 0.0594114 0.777932 0.53514 -0.692907 0.483223 -0.635898 3.92426 -2.62151</i>
                        <i>0.569823 0.718069 0.399598 -0.622296 0.0594704 0.78052 0.536703 -0.693426 0.480739 -0.634996 3.92543 -2.62037</i>
                        <i>0.571367 0.718181 0.397184 -0.618669 0.0589234 0.783439 0.539248 -0.693357 0.477983 -0.634177 3.92676 -2.61934</i>
                        <i>0.572367 0.718774 0.394664 -0.614843 0.0577367 0.786533 0.542553 -0.692842 0.47498 -0.633476 3.92816 -2.61844</i>
                        <i>0.572773 0.719779 0.392237 -0.611007 0.0559052 0.789649 0.546444 -0.691949 0.471811 -0.632922 3.92957 -2.6177</i>
                        <i>0.572656 0.720909 0.390327 -0.607414 0.0533616 0.792591 0.550558 -0.690972 0.468448 -0.632588 3.93093 -2.61722</i>
                        <i>0.572023 0.722037 0.389169 -0.604262 0.0501104 0.795208 0.554669 -0.690037 0.464964 -0.632517 3.93217 -2.61705</i>
                        <i>0.570747 0.723331 0.388638 -0.601646 0.0462857 0.79742 0.55881 -0.688948 0.461607 -0.632688 3.93321 -2.61714</i>
                        <i>0.568722 0.724956 0.38858 -0.59964 0.0420568 0.799164 0.563016 -0.68751 0.458632 -0.633082 3.93393 -2.61747</i>
                        <i>0.565859 0.727073 0.388804 -0.598299 0.0376284 0.800389 0.567311 -0.685528 0.456299 -0.633677 3.93425 -2.618</i>
                        <i>0.562095 0.729834 0.38909 -0.597661 0.0332381 0.801059 0.571708 -0.682816 0.454877 -0.63445 3.93407 -2.61869</i>
                        <i>0.557383 0.733386 0.389191 -0.597757 0.0291525 0.801147 0.576204 -0.679187 0.454635 -0.635378 3.93328 -2.61953</i>
                        <i>0.55169 0.737866 0.388834 -0.598608 0.0256599 0.800631 0.580781 -0.674459 0.455849 -0.636432 3.93179 -2.62049</i>
                    </KeyFrames>
                </p>
            </i>
            <i>
                <p>
                    <Name><![CDATA[spine2]]></Name>
                    <Exclude>0</Exclude>
                    <Additive>0</Additive>
                    <IKPriority>0</IKPriority>
                    <IKRotLimits>-1e+010 -1e+010 -1e+010 1e+010 1e+010 1e+010</IKRotLimits>
                    <IKRotLimitOrder>0</IKRotLimitOrder>
                    <KeyFrames count="41">
                        <i>0.732133 0.456188 0.505839 -0.458757 -0.218705 0.861226 0.503511 -0.862589 0.0491583 -0.545839 4.05059 -2.55736</i>
                        <i>0.730662 0.459073 0.505356 -0.457356 -0.220453 0.861525 0.506911 -0.860611 0.048883 -0.54719 4.05061 -2.55795</i>
                        <i>0.728107 0.463421 0.505075 -0.457044 -0.220924 0.86157 0.510853 -0.858157 0.0509472 -0.548417 4.05081 -2.55856</i>
                        <i>0.725521 0.46738 0.505149 -0.457528 -0.220739 0.861361 0.514089 -0.856055 0.0536889 -0.549617 4.05105 -2.5592</i>
                        <i>0.723064 0.470745 0.505547 -0.458747 -0.219931 0.860919 0.516459 -0.854418 0.0569289 -0.550738 4.0513 -2.55984</i>
                        <i>0.720889 0.473318 0.50625 -0.460639 -0.218538 0.860263 0.517813 -0.853353 0.0604866 -0.551731 4.05151 -2.56047</i>
                        <i>0.719142 0.474902 0.507251 -0.463146 -0.216605 0.859405 0.518007 -0.852965 0.0641793 -0.552544 4.05164 -2.56105</i>
                        <i>0.717953 0.475303 0.508557 -0.466215 -0.214181 0.858353 0.516901 -0.853354 0.0678216 -0.553127 4.05166 -2.56157</i>
                        <i>0.717443 0.474324 0.510189 -0.469797 -0.211321 0.857108 0.51436 -0.854611 0.0712249 -0.553432 4.05154 -2.56199</i>
                        <i>0.717715 0.471761 0.512178 -0.473848 -0.208086 0.855668 0.510248 -0.856821 0.0741963 -0.553416 4.05123 -2.56226</i>
                        <i>0.718856 0.467402 0.514569 -0.478332 -0.204543 0.854026 0.504425 -0.860057 0.0765366 -0.553039 4.0507 -2.56235</i>
                        <i>0.720349 0.462264 0.517116 -0.48304 -0.200696 0.852287 0.497765 -0.863732 0.0787208 -0.552452 4.05002 -2.56233</i>
                        <i>0.721551 0.457699 0.519496 -0.487723 -0.196547 0.850585 0.491417 -0.867111 0.0814122 -0.551864 4.04931 -2.56231</i>
                        <i>0.722351 0.453989 0.521635 -0.492292 -0.192157 0.848955 0.485652 -0.87004 0.0846905 -0.551322 4.0486 -2.56231</i>
                        <i>0.722645 0.451419 0.523455 -0.496661 -0.187592 0.84743 0.480742 -0.872371 0.0886395 -0.550872 4.0479 -2.56234</i>
                        <i>0.722353 0.45022 0.524889 -0.500755 -0.182923 0.84604 0.476918 -0.87398 0.0933154 -0.550548 4.0472 -2.56241</i>
                        <i>0.721507 0.450323 0.525962 -0.504557 -0.178268 0.844774 0.474183 -0.874889 0.0985919 -0.550321 4.04647 -2.56249</i>
                        <i>0.720213 0.451442 0.526776 -0.508091 -0.173777 0.843591 0.472374 -0.875215 0.104217 -0.550171 4.04556 -2.56255</i>
                        <i>0.718593 0.453309 0.527386 -0.511345 -0.169561 0.842481 0.471328 -0.875077 0.109952 -0.550096 4.04439 -2.56257</i>
                        <i>0.716743 0.455746 0.527803 -0.514278 -0.165709 0.841462 0.470954 -0.874549 0.115609 -0.550075 4.04303 -2.56254</i>
                        <i>0.714765 0.458573 0.528036 -0.516839 -0.162298 0.840557 0.471156 -0.873711 0.121004 -0.550083 4.04157 -2.56246</i>
                        <i>0.712771 0.461606 0.528089 -0.518971 -0.159401 0.839798 0.471833 -0.872646 0.125944 -0.550094 4.04015 -2.56231</i>
                        <i>0.710881 0.464651 0.527966 -0.52061 -0.157081 0.83922 0.472878 -0.87145 0.130236 -0.550077 4.03886 -2.56209</i>
                        <i>0.709225 0.467508 0.527669 -0.521686 -0.1554 0.838865 0.474176 -0.870222 0.133679 -0.550002 4.03773 -2.5618</i>
                        <i>0.707944 0.469968 0.527205 -0.522126 -0.154415 0.838773 0.475605 -0.869072 0.136066 -0.549838 4.03679 -2.56145</i>
                        <i>0.707182 0.471812 0.526581 -0.521856 -0.154184 0.838984 0.477033 -0.868113 0.137181 -0.549552 4.03607 -2.56103</i>
                        <i>0.70709 0.472812 0.525806 -0.5208 -0.154771 0.839531 0.47832 -0.867465 0.136803 -0.549114 4.03559 -2.56055</i>
                        <i>0.707818 0.472735 0.524895 -0.518888 -0.156249 0.840441 0.47932 -0.867242 0.134701 -0.548495 4.03537 -2.56</i>
                        <i>0.709308 0.471859 0.523672 -0.515848 -0.158832 0.841827 0.480399 -0.867249 0.130747 -0.547722 4.03552 -2.55943</i>
                        <i>0.711349 0.470637 0.521999 -0.511595 -0.162535 0.843713 0.481926 -0.867227 0.125157 -0.546881 4.03614 -2.55888</i>
                        <i>0.713906 0.468989 0.519988 -0.506359 -0.167166 0.845965 0.483672 -0.86724 0.118136 -0.546037 4.03722 -2.55838</i>
                        <i>0.716868 0.466926 0.517765 -0.500396 -0.172551 0.848428 0.485494 -0.867298 0.109951 -0.545241 4.03864 -2.55791</i>
                        <i>0.720027 0.464623 0.515448 -0.493979 -0.178517 0.85095 0.487387 -0.867328 0.100977 -0.544538 4.0403 -2.55749</i>
                        <i>0.723182 0.462147 0.513252 -0.487442 -0.184944 0.853344 0.489293 -0.867304 0.0915224 -0.543988 4.04212 -2.55715</i>
                        <i>0.726138 0.459642 0.511326 -0.481083 -0.191652 0.85547 0.491206 -0.867179 0.0819605 -0.543641 4.044 -2.55691</i>
                        <i>0.72871 0.457387 0.509685 -0.47511 -0.198354 0.857279 0.493206 -0.866864 0.0727665 -0.543525 4.04582 -2.55676</i>
                        <i>0.730734 0.455657 0.508335 -0.469717 -0.204743 0.858747 0.495373 -0.866289 0.0644171 -0.543666 4.0475 -2.55672</i>
                        <i>0.732062 0.454716 0.507266 -0.465085 -0.210494 0.859877 0.497776 -0.865405 0.0573869 -0.544088 4.04893 -2.55678</i>
                        <i>0.732566 0.454813 0.506451 -0.461381 -0.215265 0.860691 0.500474 -0.864179 0.0521459 -0.544808 4.04999 -2.55699</i>
                        <i>0.732133 0.456188 0.505839 -0.458757 -0.218705 0.861226 0.503511 -0.862589 0.0491583 -0.545839 4.05059 -2.55736</i>
                        <i>0.730662 0.459073 0.505356 -0.457356 -0.220453 0.861525 0.506911 -0.860611 0.048883 -0.54719 4.05061 -2.55795</i>
                    </KeyFrames>
                </p>
            </i>
            <i>
                <p>
                    <Name><![CDATA[head]]></Name>
                    <Exclude>0</Exclude>
                    <Additive>0</Additive>
                    <IKPriority>0</IKPriority>
                    <IKRotLimits>-1e+010 -1e+010 -1e+010 1e+010 1e+010 1e+010</IKRotLimits>
                    <IKRotLimitOrder>0</IKRotLimitOrder>
                    <KeyFrames count="41">
                        <i>0.0481318 0.994888 0.0887714 0.00834409 0.0884707 -0.996044 -0.998806 0.0486821 -0.00404319 -0.362762 4.17474 -2.42552</i>
                        <i>0.0425032 0.996454 0.0726093 0.00500191 0.0724619 -0.997359 -0.999084 0.0427541 -0.0019043 -0.363539 4.17551 -2.42586</i>
                        <i>0.0336362 0.997353 0.0644623 0.001611 0.0644446 -0.99792 -0.999433 0.0336701 0.000560903 -0.364622 4.17697 -2.42625</i>
                        <i>0.0258008 0.997954 0.0585051 -0.00163942 0.0585667 -0.998282 -0.999666 0.0256605 0.00314706 -0.365699 4.17843 -2.42659</i>
                        <i>0.0192208 0.998314 0.0547668 -0.00484856 0.0548693 -0.998482 -0.999803 0.018926 0.005895 -0.366688 4.17979 -2.42688</i>
                        <i>0.0141145 0.99848 0.0532826 -0.00808897 0.0534001 -0.99854 -0.999868 0.0136629 0.00883045 -0.367508 4.18094 -2.42709</i>
                        <i>0.0106937 0.998479 0.0540944 -0.0114019 0.0542158 -0.998464 -0.999878 0.0100606 0.0119643 -0.36808 4.18178 -2.4272</i>
                        <i>0.00916367 0.998318 0.0572513 -0.0147931 0.0573828 -0.998243 -0.999849 0.00830066 0.0152941 -0.368327 4.18221 -2.42718</i>
                        <i>0.00972153 0.997978 0.0628084 -0.0182301 0.0629778 -0.997848 -0.999787 0.00855558 0.0188055 -0.368177 4.18214 -2.42699</i>
                        <i>0.0125551 0.99741 0.0708263 -0.0216384 0.0710863 -0.997235 -0.999687 0.0109878 0.0224748 -0.367565 4.18144 -2.42657</i>
                        <i>0.0178406 0.996524 0.08137 -0.0249 0.0818005 -0.996338 -0.999531 0.0157491 0.0262728 -0.366437 4.18001 -2.42588</i>
                        <i>0.0244993 0.995297 0.0937239 -0.0278961 0.0943962 -0.995144 -0.999311 0.0217659 0.0300775 -0.365098 4.1782 -2.42507</i>
                        <i>0.0311125 0.993778 0.106942 -0.0305792 0.10789 -0.993692 -0.999048 0.027646 0.0337456 -0.36395 4.17649 -2.42434</i>
                        <i>0.0373327 0.991982 0.120741 -0.0329232 0.121981 -0.991986 -0.99876 0.0330583 0.0372131 -0.363084 4.17495 -2.42374</i>
                        <i>0.0428101 0.989943 0.134837 -0.0349299 0.136361 -0.990043 -0.998472 0.0376739 0.0404163 -0.362592 4.17367 -2.4233</i>
                        <i>0.047238 0.987713 0.148971 -0.0366273 0.15075 -0.987893 -0.998212 0.0412096 0.0432984 -0.362543 4.17272 -2.42306</i>
                        <i>0.0505307 0.985324 0.163043 -0.0380481 0.165032 -0.985554 -0.997998 0.0435972 0.0458289 -0.362908 4.17204 -2.423</i>
                        <i>0.0526357 0.982815 0.176928 -0.0392661 0.179074 -0.983052 -0.997842 0.0447964 0.0480169 -0.363672 4.17142 -2.4231</i>
                        <i>0.0536917 0.9802 0.190593 -0.0403782 0.192843 -0.980398 -0.997741 0.0449434 0.0499328 -0.364804 4.17072 -2.42334</i>
                        <i>0.0536174 0.977736 0.202872 -0.0408654 0.205142 -0.977879 -0.997725 0.0441408 0.0509549 -0.366218 4.16996 -2.42368</i>
                        <i>0.0523155 0.975718 0.212692 -0.0402836 0.214872 -0.975811 -0.997818 0.0424821 0.0505465 -0.367823 4.16915 -2.42409</i>
                        <i>0.0500535 0.974154 0.220271 -0.0387888 0.222277 -0.974212 -0.997993 0.0402187 0.0489121 -0.369521 4.1684 -2.42454</i>
                        <i>0.0471286 0.973028 0.225823 -0.0365143 0.227602 -0.973069 -0.998221 0.0376136 0.0462561 -0.371211 4.16775 -2.425</i>
                        <i>0.0438638 0.972305 0.229564 -0.0335756 0.23109 -0.972353 -0.998473 0.0349433 0.0427822 -0.37279 4.16718 -2.42545</i>
                        <i>0.0406044 0.971938 0.231706 -0.0300771 0.232981 -0.972016 -0.998722 0.0324991 0.0386931 -0.374151 4.16666 -2.42584</i>
                        <i>0.0377145 0.971873 0.232464 -0.0261186 0.233509 -0.972004 -0.998947 0.030587 0.0341907 -0.375187 4.16617 -2.42616</i>
                        <i>0.0355734 0.972052 0.232055 -0.0218014 0.232901 -0.972256 -0.999129 0.0295274 0.0294772 -0.375791 4.1657 -2.42637</i>
                        <i>0.0345724 0.972412 0.230696 -0.0172338 0.231379 -0.972711 -0.999254 0.0296532 0.0247577 -0.375859 4.16522 -2.42645</i>
                        <i>0.0345842 0.972954 0.228394 -0.012809 0.228943 -0.973356 -0.99932 0.0307373 0.0203803 -0.375397 4.1649 -2.42643</i>
                        <i>0.0354346 0.973726 0.22495 -0.00869481 0.225383 -0.974232 -0.999334 0.0325656 0.0164527 -0.374505 4.16497 -2.4264</i>
                        <i>0.0374749 0.974726 0.22024 -0.00471574 0.220565 -0.975361 -0.999286 0.035513 0.0128622 -0.37324 4.1654 -2.42634</i>
                        <i>0.0402747 0.976202 0.21309 -0.000799644 0.213294 -0.976988 -0.999188 0.0391775 0.00937107 -0.371698 4.16607 -2.42625</i>
                        <i>0.0432374 0.978251 0.202868 0.00288138 0.202935 -0.979188 -0.999061 0.0429221 0.00595577 -0.369995 4.16694 -2.42613</i>
                        <i>0.0461992 0.980678 0.190097 0.00611651 0.190018 -0.981762 -0.998914 0.0465193 0.00278037 -0.368247 4.16797 -2.42598</i>
                        <i>0.0489383 0.9833 0.175291 0.00872611 0.175074 -0.984517 -0.998764 0.0497102 -1.26025e-005 -0.366567 4.16911 -2.42582</i>
                        <i>0.0511762 0.985957 0.158965 0.0105649 0.158631 -0.987282 -0.998634 0.0522048 -0.00229833 -0.365063 4.17031 -2.42565</i>
                        <i>0.0525855 0.988522 0.141633 0.0115219 0.141219 -0.989911 -0.99855 0.0536869 -0.00396348 -0.363838 4.17152 -2.42551</i>
                        <i>0.0528029 0.9909 0.12381 0.0115154 0.123371 -0.992294 -0.998539 0.0538217 -0.00489634 -0.362989 4.1727 -2.4254</i>
                        <i>0.0514457 0.993033 0.106015 0.0104798 0.105613 -0.994352 -0.998621 0.0522661 -0.00497342 -0.362603 4.17379 -2.42539</i>
                        <i>0.0481318 0.994888 0.0887714 0.00834409 0.0884707 -0.996044 -0.998806 0.0486821 -0.00404319 -0.362762 4.17474 -2.42552</i>
                        <i>0.0425032 0.996454 0.0726093 0.00500191 0.0724619 -0.997359 -0.999084 0.0427541 -0.0019043 -0.363539 4.17551 -2.42586</i>
                    </KeyFrames>
                </p>
            </i>
            <i>
                <p>
                    <Name><![CDATA[head_prop]]></Name>
                    <Exclude>0</Exclude>
                    <Additive>0</Additive>
                    <IKPriority>0</IKPriority>
                    <IKRotLimits>-1e+010 -1e+010 -1e+010 1e+010 1e+010 1e+010</IKRotLimits>
                    <IKRotLimitOrder>0</IKRotLimitOrder>
                    <KeyFrames count="41">
                        <i>0.998806 -0.0486821 0.00404319 0.0481318 0.994888 0.0887714 -0.00834409 -0.0884707 0.996044 -0.347075 4.49899 -2.39659</i>
                        <i>0.999084 -0.0427541 0.0019043 0.0425032 0.996454 0.0726093 -0.00500191 -0.0724619 0.997359 -0.349687 4.50026 -2.40219</i>
                        <i>0.999433 -0.0336701 -0.000560903 0.0336362 0.997353 0.0644623 -0.001611 -0.0644446 0.99792 -0.35366 4.50202 -2.40524</i>
                        <i>0.999666 -0.0256605 -0.00314706 0.0258008 0.997954 0.0585051 0.00163942 -0.0585667 0.998282 -0.35729 4.50367 -2.40752</i>
                        <i>0.999803 -0.018926 -0.005895 0.0192208 0.998314 0.0547668 0.00484856 -0.0548693 0.998482 -0.360423 4.50515 -2.40903</i>
                        <i>0.999868 -0.0136629 -0.00883045 0.0141145 0.99848 0.0532826 0.00808897 -0.0534001 0.99854 -0.362908 4.50635 -2.40973</i>
                        <i>0.999878 -0.0100606 -0.0119643 0.0106937 0.998479 0.0540944 0.0114019 -0.0542158 0.998464 -0.364595 4.50719 -2.40957</i>
                        <i>0.999849 -0.00830066 -0.0152941 0.00916367 0.998318 0.0572513 0.0147931 -0.0573828 0.998243 -0.365341 4.50758 -2.40852</i>
                        <i>0.999787 -0.00855558 -0.0188055 0.00972153 0.997978 0.0628084 0.0182301 -0.0629778 0.997848 -0.365009 4.50739 -2.40652</i>
                        <i>0.999687 -0.0109878 -0.0224748 0.0125551 0.99741 0.0708263 0.0216384 -0.0710863 0.997235 -0.363474 4.5065 -2.40349</i>
                        <i>0.999531 -0.0157491 -0.0262728 0.0178406 0.996524 0.08137 0.0249 -0.0818005 0.996338 -0.360622 4.50479 -2.39937</i>
                        <i>0.999311 -0.0217659 -0.0300775 0.0244993 0.995297 0.0937239 0.0278961 -0.0943962 0.995144 -0.357114 4.50258 -2.39453</i>
                        <i>0.999048 -0.027646 -0.0337456 0.0311125 0.993778 0.106942 0.0305792 -0.10789 0.993692 -0.35381 4.50037 -2.38949</i>
                        <i>0.99876 -0.0330583 -0.0372131 0.0373327 0.991982 0.120741 0.0329232 -0.121981 0.991986 -0.350917 4.49825 -2.38439</i>
                        <i>0.998472 -0.0376739 -0.0404163 0.0428101 0.989943 0.134837 0.0349299 -0.136361 0.990043 -0.34864 4.4963 -2.37935</i>
                        <i>0.998212 -0.0412096 -0.0432984 0.047238 0.987713 0.148971 0.0366273 -0.15075 0.987893 -0.347148 4.49462 -2.37451</i>
                        <i>0.997998 -0.0435972 -0.0458289 0.0505307 0.985324 0.163043 0.0380481 -0.165032 0.985554 -0.34644 4.49317 -2.36987</i>
                        <i>0.997842 -0.0447964 -0.0480169 0.0526357 0.982815 0.176928 0.0392661 -0.179074 0.983052 -0.346517 4.49173 -2.36544</i>
                        <i>0.997741 -0.0449434 -0.0499328 0.0536917 0.9802 0.190593 0.0403782 -0.192843 0.980398 -0.347305 4.49018 -2.36122</i>
                        <i>0.997725 -0.0441408 -0.0509549 0.0536174 0.977736 0.202872 0.0408654 -0.205142 0.977879 -0.348744 4.48861 -2.35756</i>
                        <i>0.997818 -0.0424821 -0.0505465 0.0523155 0.975718 0.212692 0.0402836 -0.214872 0.975811 -0.350772 4.48715 -2.35477</i>
                        <i>0.997993 -0.0402187 -0.0489121 0.0500535 0.974154 0.220271 0.0387888 -0.222277 0.974212 -0.353208 4.48589 -2.35275</i>
                        <i>0.998221 -0.0376136 -0.0462561 0.0471286 0.973028 0.225823 0.0365143 -0.227602 0.973069 -0.355852 4.48487 -2.35141</i>
                        <i>0.998473 -0.0349433 -0.0427822 0.0438638 0.972305 0.229564 0.0335756 -0.23109 0.972353 -0.358495 4.48406 -2.35063</i>
                        <i>0.998722 -0.0324991 -0.0386931 0.0406044 0.971938 0.231706 0.0300771 -0.232981 0.972016 -0.360918 4.48342 -2.35033</i>
                        <i>0.998947 -0.030587 -0.0341907 0.0377145 0.971873 0.232464 0.0261186 -0.233509 0.972004 -0.362895 4.48292 -2.3504</i>
                        <i>0.999129 -0.0295274 -0.0294772 0.0355734 0.972052 0.232055 0.0218014 -0.232901 0.972256 -0.364197 4.4825 -2.35074</i>
                        <i>0.999254 -0.0296532 -0.0247577 0.0345724 0.972412 0.230696 0.0172338 -0.231379 0.972711 -0.364592 4.48213 -2.35126</i>
                        <i>0.99932 -0.0307373 -0.0203803 0.0345842 0.972954 0.228394 0.012809 -0.228943 0.973356 -0.364126 4.48199 -2.352</i>
                        <i>0.999334 -0.0325656 -0.0164527 0.0354346 0.973726 0.22495 0.00869481 -0.225383 0.974232 -0.362957 4.48232 -2.35309</i>
                        <i>0.999286 -0.035513 -0.0128622 0.0374749 0.974726 0.22024 0.00471574 -0.220565 0.975361 -0.361026 4.48307 -2.35456</i>
                        <i>0.999188 -0.0391775 -0.00937107 0.0402747 0.976202 0.21309 0.000799644 -0.213294 0.976988 -0.358572 4.48422 -2.3568</i>
                        <i>0.999061 -0.0429221 -0.00595577 0.0432374 0.978251 0.202868 -0.00288138 -0.202935 0.979188 -0.355904 4.48576 -2.36001</i>
                        <i>0.998914 -0.0465193 -0.00278037 0.0461992 0.980678 0.190097 -0.00611651 -0.190018 0.981762 -0.35319 4.48758 -2.36403</i>
                        <i>0.998764 -0.0497102 1.26025e-005 0.0489383 0.9833 0.175291 -0.00872611 -0.175074 0.984517 -0.350617 4.48957 -2.36869</i>
                        <i>0.998634 -0.0522048 0.00229833 0.0511762 0.985957 0.158965 -0.0105649 -0.158631 0.987282 -0.348384 4.49164 -2.37385</i>
                        <i>0.99855 -0.0536869 0.00396348 0.0525855 0.988522 0.141633 -0.0115219 -0.141219 0.989911 -0.3467 4.49369 -2.37935</i>
                        <i>0.998539 -0.0538217 0.00489634 0.0528029 0.9909 0.12381 -0.0115154 -0.123371 0.992294 -0.34578 4.49564 -2.38505</i>
                        <i>0.998621 -0.0522661 0.00497342 0.0514457 0.993033 0.106015 -0.0104798 -0.105613 0.994352 -0.345836 4.49743 -2.39084</i>
                        <i>0.998806 -0.0486821 0.00404319 0.0481318 0.994888 0.0887714 -0.00834409 -0.0884707 0.996044 -0.347075 4.49899 -2.39659</i>
                        <i>0.999084 -0.0427541 0.0019043 0.0425032 0.996454 0.0726093 -0.00500191 -0.0724619 0.997359 -0.349687 4.50026 -2.40219</i>
                    </KeyFrames>
                </p>
            </i>
            <i>
                <p>
                    <Name><![CDATA[l_clav]]></Name>
                    <Exclude>0</Exclude>
                    <Additive>0</Additive>
                    <IKPriority>0</IKPriority>
                    <IKRotLimits>-1e+010 -1e+010 -1e+010 1e+010 1e+010 1e+010</IKRotLimits>
                    <IKRotLimitOrder>0</IKRotLimitOrder>
                    <KeyFrames count="41">
                        <i>0.662621 0.27081 -0.69828 0.502977 0.529903 0.682801 0.55493 -0.803657 0.214913 -0.444564 4.07022 -2.59929</i>
                        <i>0.661601 0.272418 -0.698622 0.503848 0.528514 0.683235 0.555357 -0.804028 0.212408 -0.445738 4.07118 -2.59956</i>
                        <i>0.661916 0.274284 -0.697592 0.501468 0.529678 0.684084 0.557132 -0.802627 0.213058 -0.446702 4.0722 -2.59974</i>
                        <i>0.662916 0.2755 -0.696163 0.498681 0.531079 0.685035 0.558444 -0.801283 0.214673 -0.447587 4.07316 -2.59987</i>
                        <i>0.664585 0.276055 -0.694349 0.495666 0.532493 0.686124 0.559144 -0.800153 0.217056 -0.448346 4.07399 -2.59994</i>
                        <i>0.666913 0.275941 -0.692159 0.492595 0.533699 0.687397 0.559085 -0.799388 0.220004 -0.448934 4.07463 -2.59996</i>
                        <i>0.669889 0.275152 -0.689594 0.489639 0.534474 0.688906 0.558124 -0.799143 0.223313 -0.449305 4.07505 -2.5999</i>
                        <i>0.673503 0.273686 -0.686651 0.486959 0.534591 0.690712 0.556116 -0.799567 0.226775 -0.449413 4.07518 -2.59976</i>
