<?xml version="1.0" encoding="ISO-8859-1" ?>
<Animl Version="1">
    <ModellingPackage><![CDATA[Maya.2010]]></ModellingPackage>
    <SrcFile><![CDATA[anims\turrets\antiair\red\~src\aa_zu232\aa_zu232_crew_idle_crewmanc.mb]]></SrcFile>
    <FramesPerSecond>30</FramesPerSecond>
    <TotalFrames>120</TotalFrames>
    <Skeleton>
        <RefFrame>
            <Name><![CDATA[soldier_ref_frame]]></Name>
            <Exclude>0</Exclude>
            <Additive>0</Additive>
            <IKPriority>0</IKPriority>
            <IKRotLimits>-1e+010 -1e+010 -1e+010 1e+010 1e+010 1e+010</IKRotLimits>
            <IKRotLimitOrder>0</IKRotLimitOrder>
            <KeyFrames count="120">
                <i>1 0 0 0 1 0 0 0 1 -3.35 1.93 -0.31</i>
                <i>1 0 0 0 1 0 0 0 1 -3.35 1.93 -0.31</i>
                <i>1 0 0 0 1 0 0 0 1 -3.35 1.93 -0.31</i>
                <i>1 0 0 0 1 0 0 0 1 -3.35 1.93 -0.31</i>
                <i>1 0 0 0 1 0 0 0 1 -3.35 1.93 -0.31</i>
                <i>1 0 0 0 1 0 0 0 1 -3.35 1.93 -0.31</i>
                <i>1 0 0 0 1 0 0 0 1 -3.35 1.93 -0.31</i>
                <i>1 0 0 0 1 0 0 0 1 -3.35 1.93 -0.31</i>
                <i>1 0 0 0 1 0 0 0 1 -3.35 1.93 -0.31</i>
                <i>1 0 0 0 1 0 0 0 1 -3.35 1.93 -0.31</i>
                <i>1 0 0 0 1 0 0 0 1 -3.35 1.93 -0.31</i>
                <i>1 0 0 0 1 0 0 0 1 -3.35 1.93 -0.31</i>
                <i>1 0 0 0 1 0 0 0 1 -3.35 1.93 -0.31</i>
                <i>1 0 0 0 1 0 0 0 1 -3.35 1.93 -0.31</i>
                <i>1 0 0 0 1 0 0 0 1 -3.35 1.93 -0.31</i>
                <i>1 0 0 0 1 0 0 0 1 -3.35 1.93 -0.31</i>
                <i>1 0 0 0 1 0 0 0 1 -3.35 1.93 -0.31</i>
                <i>1 0 0 0 1 0 0 0 1 -3.35 1.93 -0.31</i>
                <i>1 0 0 0 1 0 0 0 1 -3.35 1.93 -0.31</i>
                <i>1 0 0 0 1 0 0 0 1 -3.35 1.93 -0.31</i>
                <i>1 0 0 0 1 0 0 0 1 -3.35 1.93 -0.31</i>
                <i>1 0 0 0 1 0 0 0 1 -3.35 1.93 -0.31</i>
                <i>1 0 0 0 1 0 0 0 1 -3.35 1.93 -0.31</i>
                <i>1 0 0 0 1 0 0 0 1 -3.35 1.93 -0.31</i>
                <i>1 0 0 0 1 0 0 0 1 -3.35 1.93 -0.31</i>
                <i>1 0 0 0 1 0 0 0 1 -3.35 1.93 -0.31</i>
                <i>1 0 0 0 1 0 0 0 1 -3.35 1.93 -0.31</i>
                <i>1 0 0 0 1 0 0 0 1 -3.35 1.93 -0.31</i>
                <i>1 0 0 0 1 0 0 0 1 -3.35 1.93 -0.31</i>
                <i>1 0 0 0 1 0 0 0 1 -3.35 1.93 -0.31</i>
                <i>1 0 0 0 1 0 0 0 1 -3.35 1.93 -0.31</i>
                <i>1 0 0 0 1 0 0 0 1 -3.35 1.93 -0.31</i>
                <i>1 0 0 0 1 0 0 0 1 -3.35 1.93 -0.31</i>
                <i>1 0 0 0 1 0 0 0 1 -3.35 1.93 -0.31</i>
                <i>1 0 0 0 1 0 0 0 1 -3.35 1.93 -0.31</i>
                <i>1 0 0 0 1 0 0 0 1 -3.35 1.93 -0.31</i>
                <i>1 0 0 0 1 0 0 0 1 -3.35 1.93 -0.31</i>
                <i>1 0 0 0 1 0 0 0 1 -3.35 1.93 -0.31</i>
                <i>1 0 0 0 1 0 0 0 1 -3.35 1.93 -0.31</i>
                <i>1 0 0 0 1 0 0 0 1 -3.35 1.93 -0.31</i>
                <i>1 0 0 0 1 0 0 0 1 -3.35 1.93 -0.31</i>
                <i>1 0 0 0 1 0 0 0 1 -3.35 1.93 -0.31</i>
                <i>1 0 0 0 1 0 0 0 1 -3.35 1.93 -0.31</i>
                <i>1 0 0 0 1 0 0 0 1 -3.35 1.93 -0.31</i>
                <i>1 0 0 0 1 0 0 0 1 -3.35 1.93 -0.31</i>
                <i>1 0 0 0 1 0 0 0 1 -3.35 1.93 -0.31</i>
                <i>1 0 0 0 1 0 0 0 1 -3.35 1.93 -0.31</i>
                <i>1 0 0 0 1 0 0 0 1 -3.35 1.93 -0.31</i>
                <i>1 0 0 0 1 0 0 0 1 -3.35 1.93 -0.31</i>
                <i>1 0 0 0 1 0 0 0 1 -3.35 1.93 -0.31</i>
                <i>1 0 0 0 1 0 0 0 1 -3.35 1.93 -0.31</i>
                <i>1 0 0 0 1 0 0 0 1 -3.35 1.93 -0.31</i>
                <i>1 0 0 0 1 0 0 0 1 -3.35 1.93 -0.31</i>
                <i>1 0 0 0 1 0 0 0 1 -3.35 1.93 -0.31</i>
                <i>1 0 0 0 1 0 0 0 1 -3.35 1.93 -0.31</i>
                <i>1 0 0 0 1 0 0 0 1 -3.35 1.93 -0.31</i>
                <i>1 0 0 0 1 0 0 0 1 -3.35 1.93 -0.31</i>
                <i>1 0 0 0 1 0 0 0 1 -3.35 1.93 -0.31</i>
                <i>1 0 0 0 1 0 0 0 1 -3.35 1.93 -0.31</i>
                <i>1 0 0 0 1 0 0 0 1 -3.35 1.93 -0.31</i>
                <i>1 0 0 0 1 0 0 0 1 -3.35 1.93 -0.31</i>
                <i>1 0 0 0 1 0 0 0 1 -3.35 1.93 -0.31</i>
                <i>1 0 0 0 1 0 0 0 1 -3.35 1.93 -0.31</i>
                <i>1 0 0 0 1 0 0 0 1 -3.35 1.93 -0.31</i>
                <i>1 0 0 0 1 0 0 0 1 -3.35 1.93 -0.31</i>
                <i>1 0 0 0 1 0 0 0 1 -3.35 1.93 -0.31</i>
                <i>1 0 0 0 1 0 0 0 1 -3.35 1.93 -0.31</i>
                <i>1 0 0 0 1 0 0 0 1 -3.35 1.93 -0.31</i>
                <i>1 0 0 0 1 0 0 0 1 -3.35 1.93 -0.31</i>
                <i>1 0 0 0 1 0 0 0 1 -3.35 1.93 -0.31</i>
                <i>1 0 0 0 1 0 0 0 1 -3.35 1.93 -0.31</i>
                <i>1 0 0 0 1 0 0 0 1 -3.35 1.93 -0.31</i>
                <i>1 0 0 0 1 0 0 0 1 -3.35 1.93 -0.31</i>
                <i>1 0 0 0 1 0 0 0 1 -3.35 1.93 -0.31</i>
                <i>1 0 0 0 1 0 0 0 1 -3.35 1.93 -0.31</i>
                <i>1 0 0 0 1 0 0 0 1 -3.35 1.93 -0.31</i>
                <i>1 0 0 0 1 0 0 0 1 -3.35 1.93 -0.31</i>
                <i>1 0 0 0 1 0 0 0 1 -3.35 1.93 -0.31</i>
                <i>1 0 0 0 1 0 0 0 1 -3.35 1.93 -0.31</i>
                <i>1 0 0 0 1 0 0 0 1 -3.35 1.93 -0.31</i>
                <i>1 0 0 0 1 0 0 0 1 -3.35 1.93 -0.31</i>
                <i>1 0 0 0 1 0 0 0 1 -3.35 1.93 -0.31</i>
                <i>1 0 0 0 1 0 0 0 1 -3.35 1.93 -0.31</i>
                <i>1 0 0 0 1 0 0 0 1 -3.35 1.93 -0.31</i>
                <i>1 0 0 0 1 0 0 0 1 -3.35 1.93 -0.31</i>
                <i>1 0 0 0 1 0 0 0 1 -3.35 1.93 -0.31</i>
                <i>1 0 0 0 1 0 0 0 1 -3.35 1.93 -0.31</i>
                <i>1 0 0 0 1 0 0 0 1 -3.35 1.93 -0.31</i>
                <i>1 0 0 0 1 0 0 0 1 -3.35 1.93 -0.31</i>
                <i>1 0 0 0 1 0 0 0 1 -3.35 1.93 -0.31</i>
                <i>1 0 0 0 1 0 0 0 1 -3.35 1.93 -0.31</i>
                <i>1 0 0 0 1 0 0 0 1 -3.35 1.93 -0.31</i>
                <i>1 0 0 0 1 0 0 0 1 -3.35 1.93 -0.31</i>
                <i>1 0 0 0 1 0 0 0 1 -3.35 1.93 -0.31</i>
                <i>1 0 0 0 1 0 0 0 1 -3.35 1.93 -0.31</i>
                <i>1 0 0 0 1 0 0 0 1 -3.35 1.93 -0.31</i>
                <i>1 0 0 0 1 0 0 0 1 -3.35 1.93 -0.31</i>
                <i>1 0 0 0 1 0 0 0 1 -3.35 1.93 -0.31</i>
                <i>1 0 0 0 1 0 0 0 1 -3.35 1.93 -0.31</i>
                <i>1 0 0 0 1 0 0 0 1 -3.35 1.93 -0.31</i>
                <i>1 0 0 0 1 0 0 0 1 -3.35 1.93 -0.31</i>
                <i>1 0 0 0 1 0 0 0 1 -3.35 1.93 -0.31</i>
                <i>1 0 0 0 1 0 0 0 1 -3.35 1.93 -0.31</i>
                <i>1 0 0 0 1 0 0 0 1 -3.35 1.93 -0.31</i>
                <i>1 0 0 0 1 0 0 0 1 -3.35 1.93 -0.31</i>
                <i>1 0 0 0 1 0 0 0 1 -3.35 1.93 -0.31</i>
                <i>1 0 0 0 1 0 0 0 1 -3.35 1.93 -0.31</i>
                <i>1 0 0 0 1 0 0 0 1 -3.35 1.93 -0.31</i>
                <i>1 0 0 0 1 0 0 0 1 -3.35 1.93 -0.31</i>
                <i>1 0 0 0 1 0 0 0 1 -3.35 1.93 -0.31</i>
                <i>1 0 0 0 1 0 0 0 1 -3.35 1.93 -0.31</i>
                <i>1 0 0 0 1 0 0 0 1 -3.35 1.93 -0.31</i>
                <i>1 0 0 0 1 0 0 0 1 -3.35 1.93 -0.31</i>
                <i>1 0 0 0 1 0 0 0 1 -3.35 1.93 -0.31</i>
                <i>1 0 0 0 1 0 0 0 1 -3.35 1.93 -0.31</i>
                <i>1 0 0 0 1 0 0 0 1 -3.35 1.93 -0.31</i>
                <i>1 0 0 0 1 0 0 0 1 -3.35 1.93 -0.31</i>
                <i>1 0 0 0 1 0 0 0 1 -3.35 1.93 -0.31</i>
                <i>1 0 0 0 1 0 0 0 1 -3.35 1.93 -0.31</i>
                <i>1 0 0 0 1 0 0 0 1 -3.35 1.93 -0.31</i>
            </KeyFrames>
        </RefFrame>
        <Bones count="23">
            <i>
                <p>
                    <Name><![CDATA[pelvis]]></Name>
                    <Exclude>0</Exclude>
                    <Additive>0</Additive>
                    <IKPriority>0</IKPriority>
                    <IKRotLimits>-1e+010 -1e+010 -1e+010 1e+010 1e+010 1e+010</IKRotLimits>
                    <IKRotLimitOrder>2</IKRotLimitOrder>
                    <KeyFrames count="120">
                        <i>1 0 0 0 1 0 0 0 1 -3.88478 2.84391 -0.366359</i>
                        <i>1 0 0 0 1 0 0 0 1 -3.88478 2.84391 -0.366359</i>
                        <i>1 0 0 0 1 0 0 0 1 -3.88478 2.84391 -0.366359</i>
                        <i>1 0 0 0 1 0 0 0 1 -3.88478 2.84391 -0.366359</i>
                        <i>1 0 0 0 1 0 0 0 1 -3.88478 2.84391 -0.366359</i>
                        <i>1 0 0 0 1 0 0 0 1 -3.88478 2.84391 -0.366359</i>
                        <i>1 0 0 0 1 0 0 0 1 -3.88478 2.84391 -0.366359</i>
                        <i>1 0 0 0 1 0 0 0 1 -3.88478 2.84391 -0.366359</i>
                        <i>1 0 0 0 1 0 0 0 1 -3.88478 2.84391 -0.366359</i>
                        <i>1 0 0 0 1 0 0 0 1 -3.88478 2.84391 -0.366359</i>
                        <i>1 0 0 0 1 0 0 0 1 -3.88478 2.84391 -0.366359</i>
                        <i>1 0 0 0 1 0 0 0 1 -3.88478 2.84391 -0.366359</i>
                        <i>1 0 0 0 1 0 0 0 1 -3.88478 2.84391 -0.366359</i>
                        <i>1 0 0 0 1 0 0 0 1 -3.88478 2.84391 -0.366359</i>
                        <i>1 0 0 0 1 0 0 0 1 -3.88478 2.84391 -0.366359</i>
                        <i>1 0 0 0 1 0 0 0 1 -3.88478 2.84391 -0.366359</i>
                        <i>1 0 0 0 1 0 0 0 1 -3.88478 2.84391 -0.366359</i>
                        <i>1 0 0 0 1 0 0 0 1 -3.88478 2.84391 -0.366359</i>
                        <i>1 0 0 0 1 0 0 0 1 -3.88478 2.84391 -0.366359</i>
                        <i>1 0 0 0 1 0 0 0 1 -3.88478 2.84391 -0.366359</i>
                        <i>1 0 0 0 1 0 0 0 1 -3.88478 2.84391 -0.366359</i>
                        <i>1 0 0 0 1 0 0 0 1 -3.88478 2.84391 -0.366359</i>
                        <i>1 0 0 0 1 0 0 0 1 -3.88478 2.84391 -0.366359</i>
                        <i>1 0 0 0 1 0 0 0 1 -3.88478 2.84391 -0.366359</i>
                        <i>1 0 0 0 1 0 0 0 1 -3.88478 2.84391 -0.366359</i>
                        <i>1 0 0 0 1 0 0 0 1 -3.88478 2.84391 -0.366359</i>
                        <i>1 0 0 0 1 0 0 0 1 -3.88478 2.84391 -0.366359</i>
                        <i>1 0 0 0 1 0 0 0 1 -3.88478 2.84391 -0.366359</i>
                        <i>1 0 0 0 1 0 0 0 1 -3.88478 2.84391 -0.366359</i>
                        <i>1 0 0 0 1 0 0 0 1 -3.88478 2.84391 -0.366359</i>
                        <i>1 0 0 0 1 0 0 0 1 -3.88478 2.84391 -0.366359</i>
                        <i>1 0 0 0 1 0 0 0 1 -3.88478 2.84391 -0.366359</i>
                        <i>1 0 0 0 1 0 0 0 1 -3.88478 2.84391 -0.366359</i>
                        <i>1 0 0 0 1 0 0 0 1 -3.88478 2.84391 -0.366359</i>
                        <i>1 0 0 0 1 0 0 0 1 -3.88478 2.84391 -0.366359</i>
                        <i>1 0 0 0 1 0 0 0 1 -3.88478 2.84391 -0.366359</i>
                        <i>1 0 0 0 1 0 0 0 1 -3.88478 2.84391 -0.366359</i>
                        <i>1 0 0 0 1 0 0 0 1 -3.88478 2.84391 -0.366359</i>
                        <i>1 0 0 0 1 0 0 0 1 -3.88478 2.84391 -0.366359</i>
                        <i>1 0 0 0 1 0 0 0 1 -3.88478 2.84391 -0.366359</i>
                        <i>1 0 0 0 1 0 0 0 1 -3.88478 2.84391 -0.366359</i>
                        <i>1 0 0 0 1 0 0 0 1 -3.88478 2.84391 -0.366359</i>
                        <i>1 0 0 0 1 0 0 0 1 -3.88478 2.84391 -0.366359</i>
                        <i>1 0 0 0 1 0 0 0 1 -3.88478 2.84391 -0.366359</i>
                        <i>1 0 0 0 1 0 0 0 1 -3.88478 2.84391 -0.366359</i>
                        <i>1 0 0 0 1 0 0 0 1 -3.88478 2.84391 -0.366359</i>
                        <i>1 0 0 0 1 0 0 0 1 -3.88478 2.84391 -0.366359</i>
                        <i>1 0 0 0 1 0 0 0 1 -3.88478 2.84391 -0.366359</i>
                        <i>1 0 0 0 1 0 0 0 1 -3.88478 2.84391 -0.366359</i>
                        <i>1 0 0 0 1 0 0 0 1 -3.88478 2.84391 -0.366359</i>
                        <i>1 0 0 0 1 0 0 0 1 -3.88478 2.84391 -0.366359</i>
                        <i>1 0 0 0 1 0 0 0 1 -3.88478 2.84391 -0.366359</i>
                        <i>1 0 0 0 1 0 0 0 1 -3.88478 2.84391 -0.366359</i>
                        <i>1 0 0 0 1 0 0 0 1 -3.88478 2.84391 -0.366359</i>
                        <i>1 0 0 0 1 0 0 0 1 -3.88478 2.84391 -0.366359</i>
                        <i>1 0 0 0 1 0 0 0 1 -3.88478 2.84391 -0.366359</i>
                        <i>1 0 0 0 1 0 0 0 1 -3.88478 2.84391 -0.366359</i>
                        <i>1 0 0 0 1 0 0 0 1 -3.88478 2.84391 -0.366359</i>
                        <i>1 0 0 0 1 0 0 0 1 -3.88478 2.84391 -0.366359</i>
                        <i>1 0 0 0 1 0 0 0 1 -3.88478 2.84391 -0.366359</i>
                        <i>1 0 0 0 1 0 0 0 1 -3.88478 2.84391 -0.366359</i>
                        <i>1 0 0 0 1 0 0 0 1 -3.88478 2.84391 -0.366359</i>
                        <i>1 0 0 0 1 0 0 0 1 -3.88478 2.84391 -0.366359</i>
                        <i>1 0 0 0 1 0 0 0 1 -3.88478 2.84391 -0.366359</i>
                        <i>1 0 0 0 1 0 0 0 1 -3.88478 2.84391 -0.366359</i>
                        <i>1 0 0 0 1 0 0 0 1 -3.88478 2.84391 -0.366359</i>
                        <i>1 0 0 0 1 0 0 0 1 -3.88478 2.84391 -0.366359</i>
                        <i>1 0 0 0 1 0 0 0 1 -3.88478 2.84391 -0.366359</i>
                        <i>1 0 0 0 1 0 0 0 1 -3.88478 2.84391 -0.366359</i>
                        <i>1 0 0 0 1 0 0 0 1 -3.88478 2.84391 -0.366359</i>
                        <i>1 0 0 0 1 0 0 0 1 -3.88478 2.84391 -0.366359</i>
                        <i>1 0 0 0 1 0 0 0 1 -3.88478 2.84391 -0.366359</i>
                        <i>1 0 0 0 1 0 0 0 1 -3.88478 2.84391 -0.366359</i>
                        <i>1 0 0 0 1 0 0 0 1 -3.88478 2.84391 -0.366359</i>
                        <i>1 0 0 0 1 0 0 0 1 -3.88478 2.84391 -0.366359</i>
                        <i>1 0 0 0 1 0 0 0 1 -3.88478 2.84391 -0.366359</i>
                        <i>1 0 0 0 1 0 0 0 1 -3.88478 2.84391 -0.366359</i>
                        <i>1 0 0 0 1 0 0 0 1 -3.88478 2.84391 -0.366359</i>
                        <i>1 0 0 0 1 0 0 0 1 -3.88478 2.84391 -0.366359</i>
                        <i>1 0 0 0 1 0 0 0 1 -3.88478 2.84391 -0.366359</i>
                        <i>1 0 0 0 1 0 0 0 1 -3.88478 2.84391 -0.366359</i>
                        <i>1 0 0 0 1 0 0 0 1 -3.88478 2.84391 -0.366359</i>
                        <i>1 0 0 0 1 0 0 0 1 -3.88478 2.84391 -0.366359</i>
                        <i>1 0 0 0 1 0 0 0 1 -3.88478 2.84391 -0.366359</i>
                        <i>1 0 0 0 1 0 0 0 1 -3.88478 2.84391 -0.366359</i>
                        <i>1 0 0 0 1 0 0 0 1 -3.88478 2.84391 -0.366359</i>
                        <i>1 0 0 0 1 0 0 0 1 -3.88478 2.84391 -0.366359</i>
                        <i>1 0 0 0 1 0 0 0 1 -3.88478 2.84391 -0.366359</i>
                        <i>1 0 0 0 1 0 0 0 1 -3.88478 2.84391 -0.366359</i>
                        <i>1 0 0 0 1 0 0 0 1 -3.88478 2.84391 -0.366359</i>
                        <i>1 0 0 0 1 0 0 0 1 -3.88478 2.84391 -0.366359</i>
                        <i>1 0 0 0 1 0 0 0 1 -3.88478 2.84391 -0.366359</i>
                        <i>1 0 0 0 1 0 0 0 1 -3.88478 2.84391 -0.366359</i>
                        <i>1 0 0 0 1 0 0 0 1 -3.88478 2.84391 -0.366359</i>
                        <i>1 0 0 0 1 0 0 0 1 -3.88478 2.84391 -0.366359</i>
                        <i>1 0 0 0 1 0 0 0 1 -3.88478 2.84391 -0.366359</i>
                        <i>1 0 0 0 1 0 0 0 1 -3.88478 2.84391 -0.366359</i>
                        <i>1 0 0 0 1 0 0 0 1 -3.88478 2.84391 -0.366359</i>
                        <i>1 0 0 0 1 0 0 0 1 -3.88478 2.84391 -0.366359</i>
                        <i>1 0 0 0 1 0 0 0 1 -3.88478 2.84391 -0.366359</i>
                        <i>1 0 0 0 1 0 0 0 1 -3.88478 2.84391 -0.366359</i>
                        <i>1 0 0 0 1 0 0 0 1 -3.88478 2.84391 -0.366359</i>
                        <i>1 0 0 0 1 0 0 0 1 -3.88478 2.84391 -0.366359</i>
                        <i>1 0 0 0 1 0 0 0 1 -3.88478 2.84391 -0.366359</i>
                        <i>1 0 0 0 1 0 0 0 1 -3.88478 2.84391 -0.366359</i>
                        <i>1 0 0 0 1 0 0 0 1 -3.88478 2.84391 -0.366359</i>
                        <i>1 0 0 0 1 0 0 0 1 -3.88478 2.84391 -0.366359</i>
                        <i>1 0 0 0 1 0 0 0 1 -3.88478 2.84391 -0.366359</i>
                        <i>1 0 0 0 1 0 0 0 1 -3.88478 2.84391 -0.366359</i>
                        <i>1 0 0 0 1 0 0 0 1 -3.88478 2.84391 -0.366359</i>
                        <i>1 0 0 0 1 0 0 0 1 -3.88478 2.84391 -0.366359</i>
                        <i>1 0 0 0 1 0 0 0 1 -3.88478 2.84391 -0.366359</i>
                        <i>1 0 0 0 1 0 0 0 1 -3.88478 2.84391 -0.366359</i>
                        <i>1 0 0 0 1 0 0 0 1 -3.88478 2.84391 -0.366359</i>
                        <i>1 0 0 0 1 0 0 0 1 -3.88478 2.84391 -0.366359</i>
                        <i>1 0 0 0 1 0 0 0 1 -3.88478 2.84391 -0.366359</i>
                        <i>1 0 0 0 1 0 0 0 1 -3.88478 2.84391 -0.366359</i>
                        <i>1 0 0 0 1 0 0 0 1 -3.88478 2.84391 -0.366359</i>
                        <i>1 0 0 0 1 0 0 0 1 -3.88478 2.84391 -0.366359</i>
                        <i>1 0 0 0 1 0 0 0 1 -3.88478 2.84391 -0.366359</i>
                    </KeyFrames>
                </p>
            </i>
            <i>
                <p>
                    <Name><![CDATA[spine0]]></Name>
                    <Exclude>0</Exclude>
                    <Additive>0</Additive>
                    <IKPriority>0</IKPriority>
                    <IKRotLimits>-1e+010 -1e+010 -1e+010 1e+010 1e+010 1e+010</IKRotLimits>
                    <IKRotLimitOrder>0</IKRotLimitOrder>
                    <KeyFrames count="120">
                        <i>-0.0214708 0.980063 0.197523 -0.703368 -0.155213 0.693674 0.710502 -0.124038 0.692677 -3.92903 2.97875 -0.389986</i>
                        <i>-0.0207051 0.979986 0.197986 -0.70339 -0.155009 0.693696 0.710502 -0.124899 0.692522 -3.92903 2.97875 -0.389986</i>
                        <i>-0.019845 0.979903 0.198486 -0.703418 -0.154764 0.693723 0.7105 -0.125852 0.692352 -3.92903 2.97875 -0.389986</i>
                        <i>-0.0189037 0.979812 0.199025 -0.703448 -0.154491 0.693753 0.710495 -0.126889 0.692168 -3.92903 2.97875 -0.389986</i>
                        <i>-0.0178951 0.979713 0.199605 -0.70348 -0.1542 0.693785 0.710489 -0.128003 0.691968 -3.92903 2.97875 -0.389986</i>
                        <i>-0.0168336 0.979604 0.200229 -0.703513 -0.153904 0.693817 0.710483 -0.129184 0.691756 -3.92903 2.97875 -0.389986</i>
                        <i>-0.0157341 0.979486 0.200898 -0.703546 -0.153614 0.693849 0.710476 -0.130424 0.69153 -3.92903 2.97875 -0.389986</i>
                        <i>-0.0146119 0.979357 0.201612 -0.703576 -0.15334 0.693879 0.71047 -0.13171 0.691292 -3.92903 2.97875 -0.389986</i>
                        <i>-0.0134823 0.979216 0.202371 -0.703603 -0.153095 0.693906 0.710465 -0.133033 0.691043 -3.92903 2.97875 -0.389986</i>
                        <i>-0.0123611 0.979064 0.203176 -0.703626 -0.152888 0.693928 0.710463 -0.134382 0.690785 -3.92903 2.97875 -0.389986</i>
                        <i>-0.0112639 0.978901 0.204025 -0.703643 -0.152731 0.693945 0.710464 -0.135744 0.690517 -3.92903 2.97875 -0.389986</i>
                        <i>-0.0102063 0.978725 0.20492 -0.703654 -0.152634 0.693956 0.71047 -0.13711 0.690242 -3.92903 2.97875 -0.389986</i>
                        <i>-0.00920395 0.978538 0.205861 -0.703656 -0.15261 0.693958 0.710481 -0.138468 0.689959 -3.92903 2.97875 -0.389986</i>
                        <i>-0.00827211 0.978338 0.206847 -0.70365 -0.15267 0.693952 0.710499 -0.139807 0.68967 -3.92903 2.97875 -0.389986</i>
                        <i>-0.0074259 0.978126 0.207881 -0.703633 -0.152824 0.693935 0.710525 -0.141119 0.689376 -3.92903 2.97875 -0.389986</i>
                        <i>-0.00675921 0.977905 0.208942 -0.7036 -0.153124 0.693902 0.710564 -0.142321 0.689088 -3.92903 2.97875 -0.389986</i>
                        <i>-0.00634248 0.977682 0.209993 -0.703548 -0.153594 0.693851 0.71062 -0.143339 0.68882 -3.92903 2.97875 -0.389986</i>
                        <i>-0.00615398 0.977463 0.211016 -0.70348 -0.154204 0.693784 0.710688 -0.144176 0.688575 -3.92903 2.97875 -0.389986</i>
                        <i>-0.00617115 0.977252 0.211992 -0.7034 -0.154925 0.693705 0.710768 -0.144834 0.688355 -3.92903 2.97875 -0.389986</i>
                        <i>-0.0063719 0.977053 0.212902 -0.70331 -0.155727 0.693617 0.710855 -0.145316 0.688163 -3.92903 2.97875 -0.389986</i>
                        <i>-0.00673568 0.976871 0.213721 -0.703214 -0.156579 0.693522 0.710946 -0.145621 0.688004 -3.92903 2.97875 -0.389986</i>
                        <i>-0.00724436 0.976714 0.214424 -0.703116 -0.157447 0.693425 0.711038 -0.145741 0.687884 -3.92903 2.97875 -0.389986</i>
                        <i>-0.00790053 0.976591 0.214959 -0.703019 -0.158297 0.69333 0.711127 -0.145643 0.687813 -3.92903 2.97875 -0.389986</i>
                        <i>-0.00868919 0.976511 0.215292 -0.702928 -0.159094 0.69324 0.711208 -0.145311 0.687799 -3.92903 2.97875 -0.389986</i>
                        <i>-0.00957122 0.976477 0.215411 -0.702847 -0.1598 0.69316 0.711277 -0.144766 0.687843 -3.92903 2.97875 -0.389986</i>
                        <i>-0.0105112 0.976492 0.215298 -0.70278 -0.160379 0.693094 0.71133 -0.144022 0.687945 -3.92903 2.97875 -0.389986</i>
                        <i>-0.0114765 0.976561 0.214933 -0.702732 -0.160792 0.693047 0.711362 -0.143086 0.688106 -3.92903 2.97875 -0.389986</i>
                        <i>-0.012436 0.97669 0.214293 -0.702708 -0.161002 0.693023 0.71137 -0.141967 0.68833 -3.92903 2.97875 -0.389986</i>
                        <i>-0.0134329 0.976895 0.213296 -0.70271 -0.160978 0.693025 0.711349 -0.140576 0.688637 -3.92903 2.97875 -0.389986</i>
                        <i>-0.014486 0.977173 0.211951 -0.702738 -0.160742 0.693052 0.711301 -0.138906 0.689025 -3.92903 2.97875 -0.389986</i>
                        <i>-0.0156068 0.977512 0.210299 -0.702785 -0.160332 0.693099 0.711231 -0.136978 0.689484 -3.92903 2.97875 -0.389986</i>
                        <i>-0.016809 0.977903 0.208383 -0.702848 -0.159788 0.693161 0.711141 -0.13481 0.690003 -3.92903 2.97875 -0.389986</i>
                        <i>-0.0180264 0.978318 0.206322 -0.702921 -0.159151 0.693233 0.711039 -0.132532 0.690549 -3.92903 2.97875 -0.389986</i>
                        <i>-0.0191926 0.978734 0.204236 -0.703 -0.158461 0.693311 0.710931 -0.130271 0.691091 -3.92903 2.97875 -0.389986</i>
                        <i>-0.0202415 0.979127 0.20224 -0.703081 -0.157756 0.693391 0.710822 -0.128156 0.691598 -3.92903 2.97875 -0.389986</i>
                        <i>-0.0211077 0.979477 0.20045 -0.703158 -0.157071 0.693467 0.71072 -0.126311 0.692043 -3.92903 2.97875 -0.389986</i>
                        <i>-0.0217263 0.979764 0.198976 -0.70323 -0.156442 0.693537 0.710631 -0.124858 0.692398 -3.92903 2.97875 -0.389986</i>
                        <i>-0.0220338 0.979969 0.197927 -0.70329 -0.155901 0.693597 0.710561 -0.123918 0.692638 -3.92903 2.97875 -0.389986</i>
                        <i>-0.0219685 0.980075 0.197408 -0.703338 -0.15548 0.693644 0.710516 -0.123606 0.692739 -3.92903 2.97875 -0.389986</i>
                        <i>-0.0214708 0.980063 0.197523 -0.703368 -0.155213 0.693674 0.710502 -0.124038 0.692677 -3.92903 2.97875 -0.389986</i>
                        <i>-0.0206974 0.979983 0.198 -0.70339 -0.155013 0.693696 0.710503 -0.124914 0.692519 -3.92903 2.97875 -0.389986</i>
                        <i>-0.0198501 0.979899 0.198503 -0.703416 -0.15478 0.693721 0.710501 -0.12586 0.692349 -3.92903 2.97875 -0.389986</i>
                        <i>-0.0189388 0.97981 0.199034 -0.703445 -0.154522 0.69375 0.710498 -0.126871 0.692168 -3.92903 2.97875 -0.389986</i>
                        <i>-0.0179741 0.979713 0.199597 -0.703475 -0.15425 0.693779 0.710493 -0.127941 0.691976 -3.92903 2.97875 -0.389986</i>
                        <i>-0.016967 0.97961 0.200193 -0.703506 -0.153972 0.69381 0.710487 -0.129065 0.691774 -3.92903 2.97875 -0.389986</i>
                        <i>-0.015929 0.979498 0.200823 -0.703536 -0.153697 0.69384 0.710481 -0.130234 0.691561 -3.92903 2.97875 -0.389986</i>
                        <i>-0.0148716 0.979378 0.201489 -0.703565 -0.153434 0.693869 0.710475 -0.131442 0.691338 -3.92903 2.97875 -0.389986</i>
                        <i>-0.0138065 0.979249 0.202191 -0.703592 -0.153192 0.693895 0.71047 -0.13268 0.691107 -3.92903 2.97875 -0.389986</i>
                        <i>-0.0127456 0.97911 0.20293 -0.703615 -0.15298 0.693918 0.710467 -0.13394 0.690867 -3.92903 2.97875 -0.389986</i>
                        <i>-0.0117007 0.978962 0.203706 -0.703635 -0.152807 0.693937 0.710466 -0.135215 0.69062 -3.92903 2.97875 -0.389986</i>
                        <i>-0.0106835 0.978804 0.204521 -0.703648 -0.152681 0.693951 0.710468 -0.136497 0.690365 -3.92903 2.97875 -0.389986</i>
                        <i>-0.00970577 0.978635 0.205375 -0.703656 -0.152611 0.693958 0.710474 -0.137778 0.690104 -3.92903 2.97875 -0.389986</i>
                        <i>-0.00877912 0.978456 0.206268 -0.703657 -0.152607 0.693959 0.710486 -0.13905 0.689837 -3.92903 2.97875 -0.389986</i>
                        <i>-0.0079149 0.978266 0.207203 -0.703649 -0.152676 0.693951 0.710504 -0.140306 0.689564 -3.92903 2.97875 -0.389986</i>
                        <i>-0.00712441 0.978064 0.208182 -0.703632 -0.15283 0.693934 0.710529 -0.141539 0.689286 -3.92903 2.97875 -0.389986</i>
                        <i>-0.00650797 0.977853 0.209192 -0.703599 -0.153129 0.693902 0.710567 -0.142672 0.689013 -3.92903 2.97875 -0.389986</i>
                        <i>-0.00614042 0.97764 0.210195 -0.703547 -0.153599 0.693851 0.710622 -0.143622 0.688759 -3.92903 2.97875 -0.389986</i>
                        <i>-0.00599815 0.97743 0.211172 -0.70348 -0.154208 0.693784 0.71069 -0.144394 0.688527 -3.92903 2.97875 -0.389986</i>
                        <i>-0.0060567 0.977228 0.212107 -0.703399 -0.154928 0.693705 0.710769 -0.144995 0.68832 -3.92903 2.97875 -0.389986</i>
                        <i>-0.00629221 0.977036 0.212982 -0.70331 -0.15573 0.693616 0.710856 -0.145428 0.688139 -3.92903 2.97875 -0.389986</i>
                        <i>-0.00668229 0.97686 0.213776 -0.703214 -0.15658 0.693522 0.710947 -0.145696 0.687988 -3.92903 2.97875 -0.389986</i>
                        <i>-0.00720706 0.976706 0.214462 -0.703116 -0.157448 0.693425 0.711039 -0.145794 0.687872 -3.92903 2.97875 -0.389986</i>
                        <i>-0.00787318 0.976585 0.214987 -0.703019 -0.158298 0.69333 0.711128 -0.145681 0.687804 -3.92903 2.97875 -0.389986</i>
                        <i>-0.00867076 0.976507 0.215311 -0.702928 -0.159095 0.69324 0.711208 -0.145337 0.687793 -3.92903 2.97875 -0.389986</i>
                        <i>-0.00956034 0.976474 0.215422 -0.702847 -0.159801 0.69316 0.711277 -0.144782 0.687839 -3.92903 2.97875 -0.389986</i>
                        <i>-0.0105061 0.976491 0.215303 -0.70278 -0.160379 0.693094 0.71133 -0.144029 0.687943 -3.92903 2.97875 -0.389986</i>
                        <i>-0.0114751 0.976561 0.214934 -0.702732 -0.160792 0.693047 0.711362 -0.143088 0.688106 -3.92903 2.97875 -0.389986</i>
                        <i>-0.012436 0.97669 0.214293 -0.702708 -0.161002 0.693023 0.71137 -0.141967 0.68833 -3.92903 2.97875 -0.389986</i>
                        <i>-0.0134329 0.976895 0.213296 -0.70271 -0.160978 0.693025 0.711349 -0.140576 0.688637 -3.92903 2.97875 -0.389986</i>
                        <i>-0.014486 0.977173 0.211951 -0.702738 -0.160742 0.693052 0.711301 -0.138906 0.689025 -3.92903 2.97875 -0.389986</i>
                        <i>-0.0156068 0.977512 0.210299 -0.702785 -0.160332 0.693099 0.711231 -0.136978 0.689484 -3.92903 2.97875 -0.389986</i>
                        <i>-0.016809 0.977903 0.208383 -0.702848 -0.159788 0.693161 0.711141 -0.13481 0.690003 -3.92903 2.97875 -0.389986</i>
                        <i>-0.0180264 0.978318 0.206322 -0.702921 -0.159151 0.693233 0.711039 -0.132532 0.690549 -3.92903 2.97875 -0.389986</i>
                        <i>-0.0191926 0.978734 0.204236 -0.703 -0.158461 0.693311 0.710931 -0.130271 0.691091 -3.92903 2.97875 -0.389986</i>
                        <i>-0.0202415 0.979127 0.20224 -0.703081 -0.157756 0.693391 0.710822 -0.128156 0.691598 -3.92903 2.97875 -0.389986</i>
                        <i>-0.0211077 0.979477 0.20045 -0.703158 -0.157071 0.693467 0.71072 -0.126311 0.692043 -3.92903 2.97875 -0.389986</i>
                        <i>-0.0217263 0.979764 0.198976 -0.70323 -0.156442 0.693537 0.710631 -0.124858 0.692398 -3.92903 2.97875 -0.389986</i>
                        <i>-0.0220338 0.979969 0.197927 -0.70329 -0.155901 0.693597 0.710561 -0.123918 0.692638 -3.92903 2.97875 -0.389986</i>
                        <i>-0.0219685 0.980075 0.197408 -0.703338 -0.15548 0.693644 0.710516 -0.123606 0.692739 -3.92903 2.97875 -0.389986</i>
                        <i>-0.0214708 0.980063 0.197523 -0.703368 -0.155213 0.693674 0.710502 -0.124038 0.692677 -3.92903 2.97875 -0.389986</i>
                        <i>-0.0206974 0.979983 0.198 -0.70339 -0.155013 0.693696 0.710503 -0.124914 0.692519 -3.92903 2.97875 -0.389986</i>
                        <i>-0.0198501 0.979899 0.198503 -0.703416 -0.15478 0.693721 0.710501 -0.12586 0.692349 -3.92903 2.97875 -0.389986</i>
                        <i>-0.0189388 0.97981 0.199034 -0.703445 -0.154522 0.69375 0.710498 -0.126871 0.692168 -3.92903 2.97875 -0.389986</i>
                        <i>-0.0179741 0.979713 0.199597 -0.703475 -0.15425 0.693779 0.710493 -0.127941 0.691976 -3.92903 2.97875 -0.389986</i>
                        <i>-0.016967 0.97961 0.200193 -0.703506 -0.153972 0.69381 0.710487 -0.129065 0.691774 -3.92903 2.97875 -0.389986</i>
                        <i>-0.015929 0.979498 0.200823 -0.703536 -0.153697 0.69384 0.710481 -0.130234 0.691561 -3.92903 2.97875 -0.389986</i>
                        <i>-0.0148716 0.979378 0.201489 -0.703565 -0.153434 0.693869 0.710475 -0.131442 0.691338 -3.92903 2.97875 -0.389986</i>
                        <i>-0.0138065 0.979249 0.202191 -0.703592 -0.153192 0.693895 0.71047 -0.13268 0.691107 -3.92903 2.97875 -0.389986</i>
                        <i>-0.0127456 0.97911 0.20293 -0.703615 -0.15298 0.693918 0.710467 -0.13394 0.690867 -3.92903 2.97875 -0.389986</i>
                        <i>-0.0117007 0.978962 0.203706 -0.703635 -0.152807 0.693937 0.710466 -0.135215 0.69062 -3.92903 2.97875 -0.389986</i>
                        <i>-0.0106835 0.978804 0.204521 -0.703648 -0.152681 0.693951 0.710468 -0.136497 0.690365 -3.92903 2.97875 -0.389986</i>
                        <i>-0.00970578 0.978635 0.205375 -0.703656 -0.152611 0.693958 0.710474 -0.137778 0.690104 -3.92903 2.97875 -0.389986</i>
                        <i>-0.00877912 0.978456 0.206268 -0.703657 -0.152607 0.693959 0.710486 -0.13905 0.689837 -3.92903 2.97875 -0.389986</i>
                        <i>-0.0079149 0.978266 0.207203 -0.703649 -0.152676 0.693951 0.710504 -0.140306 0.689564 -3.92903 2.97875 -0.389986</i>
                        <i>-0.00712441 0.978064 0.208182 -0.703632 -0.15283 0.693934 0.710529 -0.141539 0.689286 -3.92903 2.97875 -0.389986</i>
                        <i>-0.00650797 0.977853 0.209192 -0.703599 -0.153129 0.693902 0.710567 -0.142672 0.689013 -3.92903 2.97875 -0.389986</i>
                        <i>-0.00614042 0.97764 0.210195 -0.703547 -0.153599 0.693851 0.710622 -0.143622 0.688759 -3.92903 2.97875 -0.389986</i>
                        <i>-0.00599815 0.97743 0.211172 -0.70348 -0.154208 0.693784 0.71069 -0.144394 0.688527 -3.92903 2.97875 -0.389986</i>
                        <i>-0.0060567 0.977228 0.212107 -0.703399 -0.154928 0.693705 0.710769 -0.144995 0.68832 -3.92903 2.97875 -0.389986</i>
                        <i>-0.00629221 0.977036 0.212982 -0.70331 -0.15573 0.693616 0.710856 -0.145428 0.688139 -3.92903 2.97875 -0.389986</i>
                        <i>-0.00668228 0.97686 0.213776 -0.703214 -0.15658 0.693522 0.710947 -0.145696 0.687988 -3.92903 2.97875 -0.389986</i>
                        <i>-0.00720706 0.976706 0.214462 -0.703116 -0.157448 0.693425 0.711039 -0.145794 0.687872 -3.92903 2.97875 -0.389986</i>
                        <i>-0.00787318 0.976585 0.214987 -0.703019 -0.158298 0.69333 0.711128 -0.145681 0.687804 -3.92903 2.97875 -0.389986</i>
                        <i>-0.00867076 0.976507 0.215311 -0.702928 -0.159095 0.69324 0.711208 -0.145337 0.687793 -3.92903 2.97875 -0.389986</i>
                        <i>-0.00956034 0.976474 0.215422 -0.702847 -0.159801 0.69316 0.711277 -0.144782 0.687839 -3.92903 2.97875 -0.389986</i>
                        <i>-0.0105061 0.976491 0.215303 -0.70278 -0.160379 0.693094 0.71133 -0.144029 0.687943 -3.92903 2.97875 -0.389986</i>
                        <i>-0.0114751 0.976561 0.214934 -0.702732 -0.160792 0.693047 0.711362 -0.143088 0.688106 -3.92903 2.97875 -0.389986</i>
                        <i>-0.012436 0.97669 0.214293 -0.702708 -0.161002 0.693023 0.71137 -0.141967 0.68833 -3.92903 2.97875 -0.389986</i>
                        <i>-0.0134329 0.976895 0.213296 -0.70271 -0.160978 0.693025 0.711349 -0.140576 0.688637 -3.92903 2.97875 -0.389986</i>
                        <i>-0.014486 0.977173 0.211951 -0.702738 -0.160742 0.693052 0.711301 -0.138906 0.689025 -3.92903 2.97875 -0.389986</i>
                        <i>-0.0156068 0.977512 0.210299 -0.702785 -0.160332 0.693099 0.711231 -0.136978 0.689484 -3.92903 2.97875 -0.389986</i>
                        <i>-0.016809 0.977903 0.208383 -0.702848 -0.159788 0.693161 0.711141 -0.13481 0.690003 -3.92903 2.97875 -0.389986</i>
                        <i>-0.0180264 0.978318 0.206322 -0.702921 -0.159151 0.693233 0.711039 -0.132532 0.690549 -3.92903 2.97875 -0.389986</i>
                        <i>-0.0191926 0.978734 0.204236 -0.703 -0.158461 0.693311 0.710931 -0.130271 0.691091 -3.92903 2.97875 -0.389986</i>
                        <i>-0.0202415 0.979127 0.20224 -0.703081 -0.157756 0.693391 0.710822 -0.128156 0.691598 -3.92903 2.97875 -0.389986</i>
                        <i>-0.0211077 0.979477 0.20045 -0.703158 -0.157071 0.693467 0.71072 -0.126311 0.692043 -3.92903 2.97875 -0.389986</i>
                        <i>-0.0217263 0.979764 0.198976 -0.70323 -0.156442 0.693537 0.710631 -0.124858 0.692398 -3.92903 2.97875 -0.389986</i>
                        <i>-0.0220338 0.979969 0.197927 -0.70329 -0.155901 0.693597 0.710561 -0.123918 0.692638 -3.92903 2.97875 -0.389986</i>
                        <i>-0.0219685 0.980075 0.197408 -0.703338 -0.15548 0.693644 0.710516 -0.123606 0.692739 -3.92903 2.97875 -0.389986</i>
                        <i>-0.0214708 0.980063 0.197523 -0.703368 -0.155213 0.693674 0.710502 -0.124038 0.692677 -3.92903 2.97875 -0.389986</i>
                    </KeyFrames>
                </p>
            </i>
            <i>
                <p>
                    <Name><![CDATA[spine1]]></Name>
                    <Exclude>0</Exclude>
                    <Additive>0</Additive>
                    <IKPriority>0</IKPriority>
                    <IKRotLimits>-1e+010 -1e+010 -1e+010 1e+010 1e+010 1e+010</IKRotLimits>
                    <IKRotLimitOrder>0</IKRotLimitOrder>
                    <KeyFrames count="120">
                        <i>0.258718 0.826837 0.499404 -0.709008 -0.188576 0.67952 0.656028 -0.529886 0.537446 -3.93289 3.15349 -0.354798</i>
                        <i>0.260234 0.825918 0.500138 -0.709009 -0.188157 0.679634 0.655427 -0.531466 0.536619 -3.93276 3.15373 -0.354665</i>
                        <i>0.2617 0.825098 0.500726 -0.708994 -0.187666 0.679786 0.654859 -0.532912 0.535877 -3.93261 3.15401 -0.354517</i>
                        <i>0.263132 0.824348 0.501211 -0.708965 -0.187124 0.679966 0.654317 -0.534262 0.535195 -3.93245 3.15433 -0.354355</i>
                        <i>0.264542 0.823639 0.501634 -0.708925 -0.186554 0.680164 0.653791 -0.535553 0.534547 -3.93228 3.15466 -0.354181</i>
                        <i>0.265943 0.822944 0.502033 -0.708878 -0.185976 0.680371 0.653274 -0.53682 0.533908 -3.9321 3.155 -0.353996</i>
                        <i>0.267346 0.822236 0.502447 -0.708825 -0.185413 0.680579 0.652758 -0.538098 0.533253 -3.93191 3.15534 -0.353805</i>
                        <i>0.268763 0.821489 0.502913 -0.708772 -0.184885 0.680779 0.652234 -0.539419 0.532558 -3.93171 3.15565 -0.353608</i>
                        <i>0.270205 0.820677 0.503466 -0.708719 -0.184411 0.680962 0.651695 -0.540815 0.531801 -3.93151 3.15593 -0.353409</i>
                        <i>0.271681 0.819775 0.504142 -0.708672 -0.184012 0.68112 0.651133 -0.542319 0.530958 -3.93131 3.15617 -0.35321</i>
                        <i>0.273203 0.818756 0.504975 -0.708632 -0.183707 0.681244 0.650539 -0.543959 0.530007 -3.93112 3.15634 -0.353015</i>
                        <i>0.274779 0.817595 0.505999 -0.708603 -0.183515 0.681325 0.649906 -0.545766 0.528924 -3.93093 3.15645 -0.352824</i>
                        <i>0.276421 0.816265 0.50725 -0.708588 -0.183457 0.681356 0.649226 -0.547772 0.527685 -3.93075 3.15647 -0.352643</i>
                        <i>0.27814 0.814738 0.508763 -0.708591 -0.183552 0.681328 0.648488 -0.550009 0.526263 -3.93058 3.15639 -0.352472</i>
                        <i>0.279948 0.812983 0.510576 -0.708614 -0.183823 0.681231 0.647684 -0.552511 0.52463 -3.93042 3.1562 -0.352316</i>
                        <i>0.281766 0.810988 0.512744 -0.708666 -0.184363 0.681031 0.646839 -0.555256 0.522772 -3.9303 3.15584 -0.352189</i>
                        <i>0.283482 0.808809 0.515233 -0.708748 -0.185221 0.680713 0.645999 -0.55814 0.520735 -3.93022 3.15529 -0.352106</i>
                        <i>0.285066 0.806515 0.517949 -0.708852 -0.186344 0.680297 0.645187 -0.561079 0.51858 -3.93018 3.15459 -0.352061</i>
                        <i>0.286485 0.804175 0.520796 -0.708973 -0.187682 0.679804 0.644425 -0.563984 0.51637 -3.93017 3.15377 -0.352052</i>
                        <i>0.287705 0.801865 0.523678 -0.709101 -0.189182 0.679254 0.64374 -0.566766 0.514175 -3.9302 3.15287 -0.352073</i>
                        <i>0.288689 0.799667 0.52649 -0.709231 -0.190787 0.678669 0.643157 -0.569328 0.51207 -3.93025 3.15193 -0.352123</i>
                        <i>0.289392 0.797672 0.529123 -0.709354 -0.192438 0.678074 0.642705 -0.571565 0.510142 -3.93033 3.15097 -0.352197</i>
                        <i>0.289729 0.796017 0.531426 -0.709463 -0.194073 0.677493 0.642432 -0.573317 0.508516 -3.93043 3.15005 -0.352297</i>
                        <i>0.289649 0.794806 0.533279 -0.709554 -0.195624 0.676952 0.642368 -0.574469 0.507296 -3.93056 3.14919 -0.352421</i>
                        <i>0.289155 0.794102 0.534595 -0.709621 -0.197017 0.676478 0.642517 -0.574967 0.506543 -3.93071 3.14844 -0.352563</i>
                        <i>0.288245 0.793969 0.535283 -0.709661 -0.198177 0.676096 0.642881 -0.574751 0.506326 -3.93086 3.14782 -0.352717</i>
                        <i>0.286914 0.794476 0.535246 -0.709673 -0.199028 0.675835 0.643463 -0.573756 0.506714 -3.93102 3.14737 -0.352879</i>
                        <i>0.285157 0.795686 0.534387 -0.709654 -0.199491 0.675718 0.644265 -0.571916 0.507775 -3.93118 3.14713 -0.353046</i>
                        <i>0.282961 0.797651 0.532622 -0.709614 -0.199499 0.675757 0.645276 -0.569169 0.509574 -3.93135 3.14713 -0.353224</i>
                        <i>0.280459 0.800207 0.530106 -0.709569 -0.199083 0.675927 0.646416 -0.565716 0.511967 -3.93154 3.14737 -0.353417</i>
                        <i>0.27761 0.803317 0.526891 -0.709516 -0.198325 0.676206 0.647703 -0.561559 0.51491 -3.93174 3.14779 -0.353625</i>
                        <i>0.274361 0.806953 0.523023 -0.70945 -0.197307 0.676572 0.649158 -0.556684 0.51836 -3.93196 3.14836 -0.35385</i>
