<?xml version="1.0" encoding="ISO-8859-1" ?>
<Animl Version="1">
    <ModellingPackage><![CDATA[Maya.2010]]></ModellingPackage>
    <SrcFile><![CDATA[anims\turrets\antiair\red\~src\aa_zu232\aa_zu232_crew_aim_low_crewmanc.mb]]></SrcFile>
    <FramesPerSecond>30</FramesPerSecond>
    <TotalFrames>41</TotalFrames>
    <Skeleton>
        <RefFrame>
            <Name><![CDATA[soldier_ref_frame]]></Name>
            <Exclude>0</Exclude>
            <Additive>0</Additive>
            <IKPriority>0</IKPriority>
            <IKRotLimits>-1e+010 -1e+010 -1e+010 1e+010 1e+010 1e+010</IKRotLimits>
            <IKRotLimitOrder>0</IKRotLimitOrder>
            <KeyFrames count="41">
                <i>1 0 0 0 1 0 0 0 1 -3.35 1.93 -0.31</i>
                <i>1 0 0 0 1 0 0 0 1 -3.35 1.93 -0.31</i>
                <i>1 0 0 0 1 0 0 0 1 -3.35 1.93 -0.31</i>
                <i>1 0 0 0 1 0 0 0 1 -3.35 1.93 -0.31</i>
                <i>1 0 0 0 1 0 0 0 1 -3.35 1.93 -0.31</i>
                <i>1 0 0 0 1 0 0 0 1 -3.35 1.93 -0.31</i>
                <i>1 0 0 0 1 0 0 0 1 -3.35 1.93 -0.31</i>
                <i>1 0 0 0 1 0 0 0 1 -3.35 1.93 -0.31</i>
                <i>1 0 0 0 1 0 0 0 1 -3.35 1.93 -0.31</i>
                <i>1 0 0 0 1 0 0 0 1 -3.35 1.93 -0.31</i>
                <i>1 0 0 0 1 0 0 0 1 -3.35 1.93 -0.31</i>
                <i>1 0 0 0 1 0 0 0 1 -3.35 1.93 -0.31</i>
                <i>1 0 0 0 1 0 0 0 1 -3.35 1.93 -0.31</i>
                <i>1 0 0 0 1 0 0 0 1 -3.35 1.93 -0.31</i>
                <i>1 0 0 0 1 0 0 0 1 -3.35 1.93 -0.31</i>
                <i>1 0 0 0 1 0 0 0 1 -3.35 1.93 -0.31</i>
                <i>1 0 0 0 1 0 0 0 1 -3.35 1.93 -0.31</i>
                <i>1 0 0 0 1 0 0 0 1 -3.35 1.93 -0.31</i>
                <i>1 0 0 0 1 0 0 0 1 -3.35 1.93 -0.31</i>
                <i>1 0 0 0 1 0 0 0 1 -3.35 1.93 -0.31</i>
                <i>1 0 0 0 1 0 0 0 1 -3.35 1.93 -0.31</i>
                <i>1 0 0 0 1 0 0 0 1 -3.35 1.93 -0.31</i>
                <i>1 0 0 0 1 0 0 0 1 -3.35 1.93 -0.31</i>
                <i>1 0 0 0 1 0 0 0 1 -3.35 1.93 -0.31</i>
                <i>1 0 0 0 1 0 0 0 1 -3.35 1.93 -0.31</i>
                <i>1 0 0 0 1 0 0 0 1 -3.35 1.93 -0.31</i>
                <i>1 0 0 0 1 0 0 0 1 -3.35 1.93 -0.31</i>
                <i>1 0 0 0 1 0 0 0 1 -3.35 1.93 -0.31</i>
                <i>1 0 0 0 1 0 0 0 1 -3.35 1.93 -0.31</i>
                <i>1 0 0 0 1 0 0 0 1 -3.35 1.93 -0.31</i>
                <i>1 0 0 0 1 0 0 0 1 -3.35 1.93 -0.31</i>
                <i>1 0 0 0 1 0 0 0 1 -3.35 1.93 -0.31</i>
                <i>1 0 0 0 1 0 0 0 1 -3.35 1.93 -0.31</i>
                <i>1 0 0 0 1 0 0 0 1 -3.35 1.93 -0.31</i>
                <i>1 0 0 0 1 0 0 0 1 -3.35 1.93 -0.31</i>
                <i>1 0 0 0 1 0 0 0 1 -3.35 1.93 -0.31</i>
                <i>1 0 0 0 1 0 0 0 1 -3.35 1.93 -0.31</i>
                <i>1 0 0 0 1 0 0 0 1 -3.35 1.93 -0.31</i>
                <i>1 0 0 0 1 0 0 0 1 -3.35 1.93 -0.31</i>
                <i>1 0 0 0 1 0 0 0 1 -3.35 1.93 -0.31</i>
                <i>1 0 0 0 1 0 0 0 1 -3.35 1.93 -0.31</i>
            </KeyFrames>
        </RefFrame>
        <Bones count="23">
            <i>
                <p>
                    <Name><![CDATA[pelvis]]></Name>
                    <Exclude>0</Exclude>
                    <Additive>0</Additive>
                    <IKPriority>0</IKPriority>
                    <IKRotLimits>-1e+010 -1e+010 -1e+010 1e+010 1e+010 1e+010</IKRotLimits>
                    <IKRotLimitOrder>2</IKRotLimitOrder>
                    <KeyFrames count="41">
                        <i>1 0 0 0 1 0 0 0 1 -3.88478 2.84391 -0.366359</i>
                        <i>1 0 0 0 1 0 0 0 1 -3.88478 2.84391 -0.366359</i>
                        <i>1 0 0 0 1 0 0 0 1 -3.88478 2.84391 -0.366359</i>
                        <i>1 0 0 0 1 0 0 0 1 -3.88478 2.84391 -0.366359</i>
                        <i>1 0 0 0 1 0 0 0 1 -3.88478 2.84391 -0.366359</i>
                        <i>1 0 0 0 1 0 0 0 1 -3.88478 2.84391 -0.366359</i>
                        <i>1 0 0 0 1 0 0 0 1 -3.88478 2.84391 -0.366359</i>
                        <i>1 0 0 0 1 0 0 0 1 -3.88478 2.84391 -0.366359</i>
                        <i>1 0 0 0 1 0 0 0 1 -3.88478 2.84391 -0.366359</i>
                        <i>1 0 0 0 1 0 0 0 1 -3.88478 2.84391 -0.366359</i>
                        <i>1 0 0 0 1 0 0 0 1 -3.88478 2.84391 -0.366359</i>
                        <i>1 0 0 0 1 0 0 0 1 -3.88478 2.84391 -0.366359</i>
                        <i>1 0 0 0 1 0 0 0 1 -3.88478 2.84391 -0.366359</i>
                        <i>1 0 0 0 1 0 0 0 1 -3.88478 2.84391 -0.366359</i>
                        <i>1 0 0 0 1 0 0 0 1 -3.88478 2.84391 -0.366359</i>
                        <i>1 0 0 0 1 0 0 0 1 -3.88478 2.84391 -0.366359</i>
                        <i>1 0 0 0 1 0 0 0 1 -3.88478 2.84391 -0.366359</i>
                        <i>1 0 0 0 1 0 0 0 1 -3.88478 2.84391 -0.366359</i>
                        <i>1 0 0 0 1 0 0 0 1 -3.88478 2.84391 -0.366359</i>
                        <i>1 0 0 0 1 0 0 0 1 -3.88478 2.84391 -0.366359</i>
                        <i>1 0 0 0 1 0 0 0 1 -3.88478 2.84391 -0.366359</i>
                        <i>1 0 0 0 1 0 0 0 1 -3.88478 2.84391 -0.366359</i>
                        <i>1 0 0 0 1 0 0 0 1 -3.88478 2.84391 -0.366359</i>
                        <i>1 0 0 0 1 0 0 0 1 -3.88478 2.84391 -0.366359</i>
                        <i>1 0 0 0 1 0 0 0 1 -3.88478 2.84391 -0.366359</i>
                        <i>1 0 0 0 1 0 0 0 1 -3.88478 2.84391 -0.366359</i>
                        <i>1 0 0 0 1 0 0 0 1 -3.88478 2.84391 -0.366359</i>
                        <i>1 0 0 0 1 0 0 0 1 -3.88478 2.84391 -0.366359</i>
                        <i>1 0 0 0 1 0 0 0 1 -3.88478 2.84391 -0.366359</i>
                        <i>1 0 0 0 1 0 0 0 1 -3.88478 2.84391 -0.366359</i>
                        <i>1 0 0 0 1 0 0 0 1 -3.88478 2.84391 -0.366359</i>
                        <i>1 0 0 0 1 0 0 0 1 -3.88478 2.84391 -0.366359</i>
                        <i>1 0 0 0 1 0 0 0 1 -3.88478 2.84391 -0.366359</i>
                        <i>1 0 0 0 1 0 0 0 1 -3.88478 2.84391 -0.366359</i>
                        <i>1 0 0 0 1 0 0 0 1 -3.88478 2.84391 -0.366359</i>
                        <i>1 0 0 0 1 0 0 0 1 -3.88478 2.84391 -0.366359</i>
                        <i>1 0 0 0 1 0 0 0 1 -3.88478 2.84391 -0.366359</i>
                        <i>1 0 0 0 1 0 0 0 1 -3.88478 2.84391 -0.366359</i>
                        <i>1 0 0 0 1 0 0 0 1 -3.88478 2.84391 -0.366359</i>
                        <i>1 0 0 0 1 0 0 0 1 -3.88478 2.84391 -0.366359</i>
                        <i>1 0 0 0 1 0 0 0 1 -3.88478 2.84391 -0.366359</i>
                    </KeyFrames>
                </p>
            </i>
            <i>
                <p>
                    <Name><![CDATA[spine0]]></Name>
                    <Exclude>0</Exclude>
                    <Additive>0</Additive>
                    <IKPriority>0</IKPriority>
                    <IKRotLimits>-1e+010 -1e+010 -1e+010 1e+010 1e+010 1e+010</IKRotLimits>
                    <IKRotLimitOrder>0</IKRotLimitOrder>
                    <KeyFrames count="41">
                        <i>-0.0216479 0.979989 0.197872 -0.702833 -0.155675 0.694112 0.711026 -0.124045 0.692138 -3.93039 2.97802 -0.39148</i>
                        <i>-0.0214708 0.980063 0.197523 -0.703368 -0.155213 0.693674 0.710502 -0.124038 0.692677 -3.92903 2.97875 -0.389986</i>
                        <i>-0.0213953 0.980129 0.197202 -0.703764 -0.154865 0.693349 0.710111 -0.12395 0.693093 -3.928 2.97927 -0.388856</i>
                        <i>-0.021069 0.980159 0.197092 -0.704114 -0.1545 0.693075 0.709774 -0.124173 0.693399 -3.92709 2.97972 -0.387859</i>
                        <i>-0.0205377 0.980156 0.197162 -0.704418 -0.154129 0.692849 0.709488 -0.124655 0.693605 -3.92629 2.9801 -0.386994</i>
                        <i>-0.0198406 0.980125 0.197386 -0.704677 -0.15376 0.692668 0.709251 -0.12535 0.693722 -3.92562 2.98041 -0.386258</i>
                        <i>-0.0190112 0.980069 0.197746 -0.704892 -0.153403 0.692528 0.70906 -0.126223 0.693759 -3.92505 2.98067 -0.38565</i>
                        <i>-0.0180786 0.97999 0.198225 -0.705065 -0.153066 0.692427 0.708913 -0.127244 0.693723 -3.92461 2.98087 -0.385166</i>
                        <i>-0.0170681 0.979889 0.198814 -0.705196 -0.15276 0.69236 0.708807 -0.128386 0.693621 -3.92427 2.98101 -0.384804</i>
                        <i>-0.0160027 0.979767 0.199503 -0.705288 -0.152493 0.692326 0.70874 -0.129628 0.693458 -3.92405 2.98111 -0.384562</i>
                        <i>-0.0149034 0.979624 0.200285 -0.705341 -0.152276 0.69232 0.708712 -0.130952 0.693238 -3.92393 2.98116 -0.384435</i>
                        <i>-0.01379 0.979462 0.201156 -0.705356 -0.152119 0.692339 0.708719 -0.132339 0.692967 -3.92392 2.98116 -0.384423</i>
                        <i>-0.0126818 0.979281 0.202111 -0.705333 -0.152033 0.692381 0.708763 -0.133775 0.692647 -3.92401 2.98113 -0.384521</i>
                        <i>-0.0115978 0.97908 0.203146 -0.705273 -0.152027 0.692443 0.708841 -0.135243 0.692282 -3.9242 2.98104 -0.384726</i>
                        <i>-0.0105574 0.97886 0.204259 -0.705175 -0.152115 0.692523 0.708954 -0.136727 0.691874 -3.92449 2.98092 -0.385036</i>
                        <i>-0.00958022 0.978621 0.205447 -0.705039 -0.152307 0.69262 0.709103 -0.138212 0.691426 -3.92487 2.98075 -0.385447</i>
                        <i>-0.00867919 0.978351 0.206769 -0.704852 -0.152658 0.692733 0.709301 -0.139729 0.690918 -3.92536 2.98053 -0.385983</i>
                        <i>-0.00786561 0.978043 0.208253 -0.704604 -0.153197 0.692866 0.709557 -0.141286 0.690338 -3.92598 2.98025 -0.386655</i>
                        <i>-0.0071582 0.97771 0.20984 -0.704301 -0.153895 0.69302 0.709865 -0.14283 0.689703 -3.9267 2.97991 -0.387442</i>
                        <i>-0.00657627 0.977362 0.211473 -0.703948 -0.154724 0.693194 0.710221 -0.144308 0.689029 -3.92751 2.97952 -0.38832</i>
                        <i>-0.00613929 0.977012 0.213095 -0.70355 -0.155655 0.693389 0.710619 -0.145666 0.688333 -3.92837 2.97908 -0.389266</i>
                        <i>-0.00586705 0.976675 0.214641 -0.703115 -0.156656 0.693605 0.711052 -0.146848 0.687634 -3.92928 2.97862 -0.390259</i>
                        <i>-0.00578009 0.976366 0.216048 -0.702652 -0.157691 0.693839 0.71151 -0.147796 0.686957 -3.93021 2.97812 -0.391277</i>
                        <i>-0.00593682 0.976107 0.217207 -0.702172 -0.158723 0.69409 0.711982 -0.148396 0.686338 -3.93113 2.97761 -0.392296</i>
                        <i>-0.00635466 0.975917 0.218049 -0.701689 -0.159708 0.694353 0.712455 -0.14859 0.685805 -3.93204 2.97709 -0.393295</i>
                        <i>-0.00699395 0.9758 0.218554 -0.701217 -0.160604 0.694623 0.712914 -0.148396 0.68537 -3.9329 2.97659 -0.394253</i>
                        <i>-0.00781582 0.97576 0.218702 -0.700775 -0.161363 0.694893 0.71334 -0.14783 0.685049 -3.93371 2.9761 -0.395148</i>
                        <i>-0.00878185 0.975804 0.21847 -0.700382 -0.161939 0.695155 0.713714 -0.146908 0.684858 -3.93444 2.97565 -0.39596</i>
                        <i>-0.00985321 0.975936 0.217833 -0.700059 -0.162284 0.6954 0.714017 -0.145644 0.684812 -3.93508 2.97524 -0.396666</i>
                        <i>-0.0110657 0.976174 0.216706 -0.699826 -0.162357 0.695617 0.714227 -0.143959 0.684949 -3.9356 2.97491 -0.397247</i>
                        <i>-0.0124349 0.976513 0.215098 -0.699692 -0.162173 0.695795 0.714336 -0.14185 0.685275 -3.93599 2.97465 -0.397682</i>
                        <i>-0.0139294 0.976933 0.213089 -0.69966 -0.161771 0.695921 0.71434 -0.139396 0.685775 -3.93622 2.9745 -0.397949</i>
                        <i>-0.0154551 0.977403 0.210821 -0.699757 -0.16118 0.695961 0.714214 -0.136767 0.686435 -3.93624 2.97449 -0.397966</i>
                        <i>-0.0169019 0.977886 0.208454 -0.699989 -0.160442 0.695898 0.713954 -0.134154 0.687221 -3.93599 2.97465 -0.397684</i>
                        <i>-0.0182269 0.978362 0.206097 -0.700329 -0.15961 0.695747 0.713587 -0.131655 0.688084 -3.9355 2.97497 -0.397135</i>
                        <i>-0.019387 0.978809 0.203854 -0.700752 -0.158734 0.695521 0.713141 -0.129367 0.68898 -3.93479 2.97542 -0.396351</i>
                        <i>-0.0203422 0.979211 0.201823 -0.701234 -0.157861 0.695235 0.712641 -0.127382 0.689867 -3.9339 2.97598 -0.395362</i>
                        <i>-0.0210573 0.97955 0.200095 -0.701752 -0.157034 0.694898 0.71211 -0.125785 0.690708 -3.93286 2.97661 -0.3942</i>
                        <i>-0.0215015 0.979814 0.198753 -0.70229 -0.156294 0.694522 0.711566 -0.124649 0.691474 -3.93168 2.9773 -0.392895</i>
                        <i>-0.0216479 0.979989 0.197872 -0.702833 -0.155675 0.694112 0.711026 -0.124045 0.692138 -3.93039 2.97802 -0.39148</i>
                        <i>-0.0214708 0.980063 0.197523 -0.703368 -0.155213 0.693674 0.710502 -0.124038 0.692677 -3.92903 2.97875 -0.389986</i>
                    </KeyFrames>
                </p>
            </i>
            <i>
                <p>
                    <Name><![CDATA[spine1]]></Name>
                    <Exclude>0</Exclude>
                    <Additive>0</Additive>
                    <IKPriority>0</IKPriority>
                    <IKRotLimits>-1e+010 -1e+010 -1e+010 1e+010 1e+010 1e+010</IKRotLimits>
                    <IKRotLimitOrder>0</IKRotLimitOrder>
                    <KeyFrames count="41">
                        <i>0.269976 0.817394 0.508901 -0.708708 -0.18909 0.67969 0.651802 -0.544163 0.528243 -3.9343 3.15335 -0.356111</i>
                        <i>0.258718 0.826837 0.499404 -0.709008 -0.188576 0.67952 0.656028 -0.529886 0.537446 -3.93289 3.15349 -0.354798</i>
                        <i>0.2493 0.834505 0.491376 -0.709194 -0.1882 0.67943 0.659464 -0.517863 0.544908 -3.93183 3.15358 -0.353812</i>
                        <i>0.241095 0.841112 0.484153 -0.70934 -0.187748 0.679402 0.662352 -0.50723 0.551369 -3.93085 3.15374 -0.352894</i>
                        <i>0.234121 0.846695 0.477802 -0.709449 -0.187241 0.679428 0.664733 -0.498044 0.55685 -3.92996 3.15394 -0.352051</i>
                        <i>0.228381 0.851296 0.472374 -0.709524 -0.186699 0.679499 0.666647 -0.490345 0.561377 -3.92916 3.15418 -0.35129</i>
                        <i>0.223867 0.854952 0.467911 -0.709569 -0.186145 0.679604 0.668128 -0.484156 0.564976 -3.92845 3.15443 -0.350615</i>
                        <i>0.220562 0.8577 0.464439 -0.709587 -0.185598 0.679735 0.669208 -0.479484 0.567676 -3.92784 3.1547 -0.35003</i>
                        <i>0.218441 0.85957 0.461978 -0.709581 -0.18508 0.679883 0.669909 -0.476325 0.569505 -3.92733 3.15496 -0.349537</i>
                        <i>0.21747 0.860589 0.460537 -0.709555 -0.184612 0.680037 0.670253 -0.474664 0.570487 -3.92692 3.15521 -0.349138</i>
                        <i>0.217613 0.860777 0.460117 -0.709512 -0.184215 0.680189 0.670251 -0.474476 0.570645 -3.92661 3.15543 -0.348834</i>
                        <i>0.218827 0.86015 0.460713 -0.709457 -0.183908 0.68033 0.669915 -0.475731 0.569995 -3.92641 3.1556 -0.348627</i>
                        <i>0.22107 0.858716 0.462315 -0.709391 -0.183714 0.680451 0.669248 -0.47839 0.568552 -3.9263 3.15572 -0.348516</i>
                        <i>0.224295 0.856476 0.464909 -0.709318 -0.183652 0.680543 0.668251 -0.482411 0.566322 -3.9263 3.15577 -0.348503</i>
                        <i>0.228456 0.853428 0.468476 -0.709242 -0.183745 0.680598 0.666921 -0.487749 0.563309 -3.9264 3.15574 -0.348588</i>
                        <i>0.233505 0.849558 0.472997 -0.709165 -0.184014 0.680606 0.665252 -0.494358 0.559509 -3.92661 3.15561 -0.34877</i>
                        <i>0.239742 0.844537 0.478833 -0.709093 -0.184554 0.680534 0.663107 -0.50269 0.55461 -3.92694 3.15533 -0.349071</i>
                        <i>0.247289 0.838173 0.486121 -0.709029 -0.18541 0.680369 0.660399 -0.512921 0.548439 -3.92742 3.15488 -0.349503</i>
                        <i>0.255838 0.830669 0.494507 -0.708968 -0.186531 0.680125 0.6572 -0.524591 0.541196 -3.92801 3.15429 -0.350046</i>
                        <i>0.265078 0.82224 0.503642 -0.708907 -0.187866 0.679822 0.653594 -0.537241 0.533093 -3.92871 3.15359 -0.350683</i>
                        <i>0.274702 0.81313 0.513184 -0.708842 -0.189361 0.679475 0.649679 -0.55042 0.524363 -3.92949 3.15283 -0.351399</i>
                        <i>0.284407 0.80361 0.522804 -0.708769 -0.190961 0.679103 0.645569 -0.563689 0.515263 -3.93035 3.15202 -0.352177</i>
                        <i>0.293896 0.793982 0.532182 -0.708685 -0.192607 0.678726 0.641398 -0.576624 0.506077 -3.93126 3.1512 -0.353003</i>
                        <i>0.302803 0.784648 0.54096 -0.708586 -0.194235 0.678365 0.637351 -0.588728 0.497176 -3.93221 3.15041 -0.353868</i>
                        <i>0.310866 0.775957 0.548865 -0.70847 -0.195778 0.678043 0.633587 -0.599635 0.488881 -3.93319 3.14967 -0.35476</i>
                        <i>0.317942 0.768163 0.555732 -0.708338 -0.197163 0.677779 0.630215 -0.60914 0.481433 -3.93416 3.14902 -0.355655</i>
                        <i>0.323895 0.761527 0.561399 -0.708191 -0.198315 0.677596 0.627341 -0.617048 0.475073 -3.93512 3.14849 -0.356532</i>
                        <i>0.328593 0.756304 0.565713 -0.708034 -0.199157 0.677513 0.625072 -0.62317 0.470047 -3.93602 3.14812 -0.357369</i>
                        <i>0.331906 0.752741 0.568524 -0.707869 -0.199614 0.677551 0.623506 -0.627324 0.466589 -3.93684 3.14793 -0.358146</i>
                        <i>0.3337 0.751063 0.569692 -0.707712 -0.199617 0.677714 0.622726 -0.629331 0.464925 -3.93758 3.14797 -0.358853</i>
                        <i>0.333979 0.751244 0.56929 -0.707583 -0.199197 0.677972 0.622723 -0.629249 0.46504 -3.93822 3.14823 -0.359476</i>
                        <i>0.332708 0.753247 0.567384 -0.707486 -0.198433 0.678297 0.623513 -0.627092 0.466891 -3.93874 3.14865 -0.359991</i>
                        <i>0.329645 0.757203 0.563895 -0.707448 -0.197402 0.678638 0.625181 -0.622636 0.47061 -3.93903 3.14921 -0.36031</i>
                        <i>0.324769 0.763003 0.558884 -0.707486 -0.196181 0.678953 0.627685 -0.615906 0.4761 -3.93905 3.14986 -0.360369</i>
                        <i>0.318311 0.770288 0.552572 -0.707587 -0.19485 0.679231 0.630872 -0.607199 0.483022 -3.9388 3.15056 -0.360183</i>
                        <i>0.31049 0.778712 0.545163 -0.70774 -0.193487 0.67946 0.634586 -0.5968 0.49105 -3.93831 3.15126 -0.359766</i>
                        <i>0.301523 0.787945 0.536867 -0.707937 -0.192162 0.679632 0.638678 -0.584992 0.499874 -3.93759 3.15194 -0.359132</i>
                        <i>0.291627 0.797669 0.527899 -0.708168 -0.190944 0.679735 0.643003 -0.57207 0.509199 -3.93667 3.15254 -0.358299</i>
                        <i>0.281032 0.807581 0.518493 -0.708426 -0.189899 0.679758 0.64742 -0.558348 0.518744 -3.93557 3.15302 -0.357285</i>
                        <i>0.269976 0.817394 0.508901 -0.708708 -0.18909 0.67969 0.651802 -0.544163 0.528243 -3.9343 3.15335 -0.356111</i>
                        <i>0.258718 0.826837 0.499404 -0.709008 -0.188576 0.67952 0.656028 -0.529886 0.537446 -3.93289 3.15349 -0.354798</i>
                    </KeyFrames>
                </p>
            </i>
            <i>
                <p>
                    <Name><![CDATA[spine2]]></Name>
                    <Exclude>0</Exclude>
                    <Additive>0</Additive>
                    <IKPriority>0</IKPriority>
                    <IKRotLimits>-1e+010 -1e+010 -1e+010 1e+010 1e+010 1e+010</IKRotLimits>
                    <IKRotLimitOrder>0</IKRotLimitOrder>
                    <KeyFrames count="41">
                        <i>0.484646 0.604344 0.632366 -0.706455 -0.155862 0.690383 0.515791 -0.781329 0.351404 -3.88978 3.28761 -0.272331</i>
                        <i>0.477984 0.614268 0.627858 -0.706467 -0.155907 0.69036 0.521954 -0.773542 0.359439 -3.89038 3.28886 -0.272861</i>
                        <i>0.47168 0.623476 0.623535 -0.706463 -0.155956 0.690353 0.527663 -0.76613 0.366902 -3.89097 3.28988 -0.273394</i>
                        <i>0.466038 0.631623 0.619565 -0.706437 -0.15596 0.690379 0.532687 -0.759426 0.373518 -3.8914 3.29089 -0.273792</i>
                        <i>0.461088 0.63871 0.615993 -0.706392 -0.155928 0.690432 0.537036 -0.753483 0.379283 -3.89169 3.29188 -0.274063</i>
                        <i>0.456854 0.64474 0.612858 -0.706333 -0.155865 0.690507 0.540721 -0.748342 0.384194 -3.89184 3.29282 -0.274217</i>
                        <i>0.453348 0.649725 0.610191 -0.706263 -0.155779 0.690598 0.543754 -0.744036 0.388255 -3.89187 3.29369 -0.274261</i>
                        <i>0.450579 0.653678 0.608016 -0.706187 -0.155678 0.690699 0.546149 -0.740587 0.391474 -3.89178 3.29448 -0.274203</i>
                        <i>0.448546 0.656615 0.606352 -0.706107 -0.155569 0.690805 0.547923 -0.738007 0.39386 -3.89158 3.29517 -0.27405</i>
                        <i>0.447243 0.658554 0.60521 -0.706027 -0.155462 0.69091 0.549089 -0.7363 0.395428 -3.89129 3.29572 -0.273809</i>
                        <i>0.446656 0.659517 0.604595 -0.705951 -0.155363 0.69101 0.549665 -0.735459 0.396193 -3.89092 3.29612 -0.273489</i>
                        <i>0.446766 0.659525 0.604506 -0.705881 -0.15528 0.6911 0.549665 -0.735469 0.396172 -3.89047 3.29636 -0.273097</i>
                        <i>0.447548 0.6586 0.604936 -0.705821 -0.15522 0.691175 0.549106 -0.73631 0.395386 -3.88996 3.29639 -0.272641</i>
                        <i>0.448973 0.656767 0.605872 -0.705774 -0.15519 0.69123 0.548002 -0.737952 0.393853 -3.8894 3.2962 -0.27213</i>
                        <i>0.451007 0.65405 0.607298 -0.705743 -0.155197 0.69126 0.54637 -0.74036 0.391597 -3.88879 3.29576 -0.271572</i>
                        <i>0.453613 0.650474 0.609195 -0.705731 -0.155246 0.691261 0.544223 -0.743493 0.388638 -3.88814 3.29506 -0.270978</i>
                        <i>0.456989 0.645713 0.611732 -0.70575 -0.155361 0.691216 0.541367 -0.747608 0.384713 -3.88746 3.29393 -0.270328</i>
                        <i>0.461208 0.639612 0.614966 -0.705804 -0.155551 0.691118 0.537706 -0.752795 0.379699 -3.88672 3.29234 -0.269618</i>
                        <i>0.466047 0.632459 0.618705 -0.705887 -0.155797 0.690978 0.533407 -0.758764 0.373836 -3.88596 3.29036 -0.268879</i>
                        <i>0.471293 0.624541 0.622762 -0.705992 -0.156081 0.690807 0.528638 -0.765237 0.367361 -3.8852 3.28808 -0.268141</i>
                        <i>0.47674 0.616146 0.626964 -0.706113 -0.156387 0.690614 0.523568 -0.77195 0.360513 -3.88449 3.28559 -0.267434</i>
                        <i>0.482198 0.607562 0.631152 -0.706243 -0.156699 0.69041 0.518368 -0.778661 0.353527 -3.88383 3.283 -0.266785</i>
                        <i>0.487491 0.599075 0.635186 -0.706376 -0.157003 0.690205 0.513211 -0.785149 0.346634 -3.88327 3.2804 -0.266221</i>
                        <i>0.492407 0.591045 0.638906 -0.706504 -0.157287 0.690009 0.508318 -0.791155 0.340127 -3.88284 3.2779 -0.265784</i>
                        <i>0.496809 0.583734 0.642211 -0.706622 -0.157539 0.689831 0.503851 -0.796515 0.334212 -3.88257 3.27559 -0.265494</i>
                        <i>0.500657 0.577266 0.645063 -0.706723 -0.157746 0.68968 0.499885 -0.801174 0.32899 -3.88243 3.27358 -0.265343</i>
                        <i>0.503912 0.571759 0.647429 -0.706801 -0.157897 0.689566 0.496493 -0.805084 0.324553 -3.88243 3.27193 -0.265323</i>
                        <i>0.506538 0.567325 0.649277 -0.70685 -0.157982 0.689496 0.493743 -0.808198 0.32099 -3.88255 3.27075 -0.265426</i>
                        <i>0.508499 0.564074 0.650576 -0.706865 -0.15799 0.689479 0.491702 -0.810469 0.318386 -3.88277 3.27011 -0.265644</i>
                        <i>0.509876 0.561905 0.651374 -0.706849 -0.157905 0.689515 0.490297 -0.81199 0.31667 -3.88312 3.27011 -0.26598</i>
                        <i>0.510765 0.560649 0.65176 -0.706813 -0.157733 0.689591 0.489423 -0.812892 0.31571 -3.88356 3.2707 -0.266424</i>
                        <i>0.511036 0.560498 0.651678 -0.706763 -0.157499 0.689695 0.489212 -0.813041 0.315651 -3.88412 3.27182 -0.266973</i>
                        <i>0.510512 0.561705 0.651049 -0.706708 -0.157235 0.689813 0.489839 -0.812259 0.316691 -3.88476 3.27337 -0.2676</i>
                        <i>0.509157 0.564289 0.649875 -0.706653 -0.156961 0.689931 0.491325 -0.810519 0.318838 -3.88545 3.27526 -0.26827</i>
                        <i>0.506998 0.568171 0.648177 -0.7066 -0.156691 0.690046 0.493628 -0.807855 0.322028 -3.88618 3.27737 -0.268966</i>
                        <i>0.504052 0.573279 0.645974 -0.706552 -0.156437 0.690153 0.496705 -0.804288 0.326199 -3.88692 3.2796 -0.269675</i>
                        <i>0.50033 0.579538 0.643278 -0.706511 -0.156213 0.690246 0.500512 -0.799833 0.331292 -3.88767 3.28185 -0.270383</i>
                        <i>0.495844 0.586865 0.6401 -0.706479 -0.156032 0.690319 0.505001 -0.794508 0.337241 -3.88841 3.284 -0.271072</i>
                        <i>0.490609 0.59517 0.636456 -0.70646 -0.155909 0.690367 0.510115 -0.788331 0.343973 -3.88912 3.28596 -0.271728</i>
                        <i>0.484646 0.604344 0.632366 -0.706455 -0.155862 0.690383 0.515791 -0.781329 0.351404 -3.88978 3.28761 -0.272331</i>
                        <i>0.477984 0.614268 0.627858 -0.706467 -0.155907 0.69036 0.521954 -0.773542 0.359439 -3.89038 3.28886 -0.272861</i>
                    </KeyFrames>
                </p>
            </i>
            <i>
                <p>
                    <Name><![CDATA[head]]></Name>
                    <Exclude>0</Exclude>
                    <Additive>0</Additive>
                    <IKPriority>0</IKPriority>
                    <IKRotLimits>-1e+010 -1e+010 -1e+010 1e+010 1e+010 1e+010</IKRotLimits>
                    <IKRotLimitOrder>0</IKRotLimitOrder>
                    <KeyFrames count="41">
                        <i>0.0536263 0.990825 0.124055 -0.223878 0.133001 -0.9655 -0.973141 0.0240031 0.228956 -3.76493 3.45261 -0.113336</i>
                        <i>0.0477926 0.991844 0.118161 -0.223382 0.125913 -0.966564 -0.973559 0.0197996 0.227578 -3.76713 3.45577 -0.115066</i>
                        <i>0.0422405 0.992515 0.114584 -0.222712 0.121155 -0.967327 -0.973969 0.0153411 0.226163 -3.76927 3.45869 -0.116745</i>
                        <i>0.0384419 0.992501 0.116032 -0.221941 0.121698 -0.967436 -0.974302 0.0114378 0.224955 -3.77104 3.4614 -0.118136</i>
                        <i>0.0361783 0.991907 0.121707 -0.221142 0.126713 -0.966975 -0.97457 0.00806897 0.223937 -3.77247 3.4639 -0.119249</i>
                        <i>0.0352347 0.990782 0.130803 -0.220355 0.135365 -0.965981 -0.974783 0.00521297 0.223093 -3.77356 3.46615 -0.120099</i>
                        <i>0.0353994 0.98916 0.142511 -0.219595 0.146814 -0.964481 -0.974949 0.00284737 0.222411 -3.77435 3.46815 -0.120696</i>
                        <i>0.0364633 0.987081 0.15602 -0.218864 0.160222 -0.962511 -0.975074 0.000949146 0.221878 -3.77484 3.46986 -0.121055</i>
                        <i>0.0382194 0.984612 0.170521 -0.218161 0.174751 -0.96014 -0.975164 -0.000505054 0.221483 -3.77506 3.47128 -0.12119</i>
                        <i>0.0404622 0.981866 0.185209 -0.217488 0.189571 -0.957477 -0.975224 -0.00153917 0.221215 -3.77502 3.47237 -0.121115</i>
                        <i>0.0429875 0.978998 0.199288 -0.216855 0.20386 -0.95468 -0.975257 -0.00217746 0.221064 -3.77474 3.47312 -0.120846</i>
                        <i>0.0455922 0.976212 0.211972 -0.216284 0.216805 -0.951954 -0.975265 -0.00244444 0.221024 -3.77424 3.4735 -0.1204</i>
                        <i>0.0480743 0.973751 0.222481 -0.215808 0.227604 -0.949539 -0.975252 -0.00236474 0.221085 -3.77355 3.47348 -0.119795</i>
                        <i>0.0502325 0.971882 0.230048 -0.215471 0.23546 -0.947698 -0.975218 -0.00196334 0.22124 -3.77269 3.47305 -0.11905</i>
                        <i>0.0520797 0.970636 0.234847 -0.215275 0.240549 -0.946463 -0.975164 -0.00126529 0.221481 -3.77167 3.47217 -0.118184</i>
                        <i>0.0537732 0.969851 0.23769 -0.215186 0.243697 -0.945678 -0.975091 -0.00029564 0.221803 -3.77053 3.47083 -0.117218</i>
                        <i>0.055498 0.969452 0.23892 -0.215197 0.245279 -0.945266 -0.974993 0.00104575 0.222235 -3.76922 3.46879 -0.116123</i>
                        <i>0.0573828 0.969366 0.238822 -0.215299 0.245603 -0.945159 -0.974861 0.00281777 0.222797 -3.76774 3.46596 -0.11489</i>
                        <i>0.0593566 0.969573 0.237495 -0.215494 0.24475 -0.945336 -0.9747 0.00493332 0.223464 -3.76614 3.46249 -0.113574</i>
                        <i>0.0613483 0.970049 0.235033 -0.215782 0.242798 -0.945773 -0.974512 0.00730546 0.224215 -3.76448 3.45854 -0.112228</i>
                        <i>0.0632862 0.970766 0.231532 -0.216166 0.239824 -0.946444 -0.974303 0.0098475 0.225024 -3.76284 3.45427 -0.110902</i>
                        <i>0.0650989 0.971696 0.227087 -0.216641 0.235904 -0.94732 -0.974078 0.0124732 0.225866 -3.76125 3.44984 -0.109643</i>
                        <i>0.066715 0.972809 0.221792 -0.217203 0.231116 -0.948371 -0.973844 0.0150968 0.226715 -3.75979 3.44541 -0.108493</i>
                        <i>0.0679998 0.974093 0.215682 -0.217842 0.225463 -0.949585 -0.973612 0.017587 0.227529 -3.75852 3.44119 -0.107518</i>
                        <i>0.0688938 0.975515 0.208864 -0.218542 0.219034 -0.950928 -0.973392 0.0198675 0.228281 -3.75748 3.43732 -0.106745</i>
                        <i>0.0694381 0.977016 0.201537 -0.219285 0.212033 -0.952343 -0.973187 0.0219347 0.228968 -3.75667 3.43392 -0.10616</i>
                        <i>0.0696743 0.978543 0.193906 -0.220047 0.204667 -0.953777 -0.972998 0.0237853 0.229585 -3.75606 3.43111 -0.105745</i>
                        <i>0.0696451 0.980045 0.186174 -0.220806 0.197143 -0.955185 -0.972828 0.0254156 0.23013 -3.75564 3.429 -0.105484</i>
                        <i>0.0693938 0.981481 0.178546 -0.22154 0.18967 -0.956528 -0.972679 0.026822 0.230599 -3.7554 3.4277 -0.10536</i>
                        <i>0.069235 0.982752 0.171481 -0.222223 0.182768 -0.957712 -0.972534 0.0282001 0.231045 -3.75528 3.42727 -0.105339</i>
                        <i>0.0693958 0.983789 0.165357 -0.222841 0.176856 -0.958678 -0.972382 0.0296798 0.231502 -3.75527 3.42761 -0.1054</i>
                        <i>0.0696043 0.984653 0.160042 -0.223374 0.171741 -0.959484 -0.972244 0.031035 0.2319 -3.75543 3.42868 -0.10559</i>
                        <i>0.0695751 0.985423 0.155247 -0.223811 0.167077 -0.960205 -0.972146 0.0320602 0.232173 -3.75581 3.43045 -0.105954</i>
                        <i>0.0692006 0.986135 0.15083 -0.22415 0.162697 -0.960878 -0.972095 0.0326847 0.232301 -3.75643 3.4328 -0.10649</i>
                        <i>0.0683726 0.986823 0.146645 -0.224387 0.158433 -0.961535 -0.972099 0.0328375 0.232263 -3.75727 3.43562 -0.107198</i>
                        <i>0.0669827 0.987519 0.142545 -0.224518 0.15412 -0.962205 -0.972165 0.0324472 0.232039 -3.75835 3.43878 -0.108079</i>
                        <i>0.0649222 0.988248 0.138384 -0.224539 0.149588 -0.962915 -0.9723 0.0314418 0.231612 -3.75965 3.44218 -0.109135</i>
                        <i>0.062082 0.989033 0.134015 -0.224445 0.14467 -0.963688 -0.972507 0.0297487 0.230965 -3.76119 3.4457 -0.110365</i>
                        <i>0.0583531 0.989889 0.129289 -0.224228 0.139197 -0.964545 -0.972788 0.0272941 0.230083 -3.76295 3.44922 -0.111767</i>
                        <i>0.0536263 0.990825 0.124055 -0.223878 0.133001 -0.9655 -0.973141 0.0240031 0.228956 -3.76493 3.45261 -0.113336</i>
                        <i>0.0477926 0.991844 0.118161 -0.223382 0.125913 -0.966564 -0.973559 0.0197996 0.227578 -3.76713 3.45577 -0.115066</i>
                    </KeyFrames>
                </p>
            </i>
            <i>
                <p>
                    <Name><![CDATA[head_prop]]></Name>
                    <Exclude>0</Exclude>
                    <Additive>0</Additive>
                    <IKPriority>0</IKPriority>
                    <IKRotLimits>-1e+010 -1e+010 -1e+010 1e+010 1e+010 1e+010</IKRotLimits>
                    <IKRotLimitOrder>0</IKRotLimitOrder>
                    <KeyFrames count="41">
                        <i>0.973141 -0.0240031 -0.228956 0.0536263 0.990825 0.124055 0.223878 -0.133001 0.9655 -3.74745 3.77553 -0.0729055</i>
                        <i>0.973559 -0.0197996 -0.227578 0.0477926 0.991844 0.118161 0.223382 -0.125913 0.966564 -3.75155 3.77902 -0.0765558</i>
                        <i>0.973969 -0.0153411 -0.226163 0.0422405 0.992515 0.114584 0.222712 -0.121155 0.967327 -3.7555 3.78216 -0.0794012</i>
                        <i>0.974302 -0.0114378 -0.224955 0.0384419 0.992501 0.116032 0.221941 -0.121698 0.967436 -3.75851 3.78487 -0.0803199</i>
                        <i>0.97457 -0.00806897 -0.223937 0.0361783 0.991907 0.121707 0.221142 -0.126713 0.966975 -3.76068 3.78717 -0.0795841</i>
                        <i>0.974783 -0.00521297 -0.223093 0.0352347 0.990782 0.130803 0.220355 -0.135365 0.965981 -3.76208 3.78906 -0.0774687</i>
                        <i>0.974949 -0.00284737 -0.222411 0.0353994 0.98916 0.142511 0.219595 -0.146814 0.964481 -3.76281 3.79052 -0.0742504</i>
                        <i>0.975074 -0.000949146 -0.221878 0.0364633 0.987081 0.15602 0.218864 -0.160222 0.962511 -3.76296 3.79156 -0.0702067</i>
                        <i>0.975164 0.000505054 -0.221483 0.0382194 0.984612 0.170521 0.218161 -0.174751 0.96014 -3.7626 3.79217 -0.0656156</i>
                        <i>0.975224 0.00153917 -0.221215 0.0404622 0.981866 0.185209 0.217488 -0.189571 0.957477 -3.76183 3.79237 -0.0607537</i>
                        <i>0.975257 0.00217746 -0.221064 0.0429875 0.978998 0.199288 0.216855 -0.20386 0.95468 -3.76073 3.79218 -0.0558965</i>
                        <i>0.975265 0.00244444 -0.221024 0.0455922 0.976212 0.211972 0.216284 -0.216805 0.951954 -3.75938 3.79165 -0.0513171</i>
                        <i>0.975252 0.00236474 -0.221085 0.0480743 0.973751 0.222481 0.215808 -0.227604 0.949539 -3.75788 3.79084 -0.0472865</i>
                        <i>0.975218 0.00196334 -0.22124 0.0502325 0.971882 0.230048 0.215471 -0.23546 0.947698 -3.75632 3.7898 -0.0440749</i>
                        <i>0.975164 0.00126529 -0.221481 0.0520797 0.970636 0.234847 0.215275 -0.240549 0.946463 -3.7547 3.78851 -0.0416447</i>
                        <i>0.975091 0.00029564 -0.221803 0.0537732 0.969851 0.23769 0.215186 -0.243697 0.945678 -3.753 3.78691 -0.0397529</i>
                        <i>0.974993 -0.00104575 -0.222235 0.055498 0.969452 0.23892 0.215197 -0.245279 0.945266 -3.75114 3.78475 -0.0382574</i>
                        <i>0.974861 -0.00281777 -0.222797 0.0573828 0.969366 0.238822 0.215299 -0.245603 0.945159 -3.74904 3.78188 -0.0370561</i>
                        <i>0.9747 -0.00493332 -0.223464 0.0593566 0.969573 0.237495 0.215494 -0.24475 0.945336 -3.74679 3.77848 -0.0361724</i>
                        <i>0.974512 -0.00730546 -0.224215 0.0613483 0.970049 0.235033 0.215782 -0.242798 0.945773 -3.74449 3.77468 -0.0356284</i>
                        <i>0.974303 -0.0098475 -0.225024 0.0632862 0.970766 0.231532 0.216166 -0.239824 0.946444 -3.74221 3.77065 -0.0354435</i>
                        <i>0.974078 -0.0124732 -0.225866 0.0650989 0.971696 0.227087 0.216641 -0.235904 0.94732 -3.74004 3.76652 -0.0356332</i>
                        <i>0.973844 -0.0150968 -0.226715 0.066715 0.972809 0.221792 0.217203 -0.231116 0.948371 -3.73804 3.76246 -0.0362094</i>
                        <i>0.973612 -0.017587 -0.227529 0.0679998 0.974093 0.215682 0.217842 -0.225463 0.949585 -3.73635 3.75865 -0.0372251</i>
                        <i>0.973392 -0.0198675 -0.228281 0.0688938 0.975515 0.208864 0.218542 -0.219034 0.950928 -3.73503 3.75525 -0.0386749</i>
                        <i>0.973187 -0.0219347 -0.228968 0.0694381 0.977016 0.201537 0.219285 -0.212033 0.952343 -3.73404 3.75234 -0.0404772</i>
                        <i>0.972998 -0.0237853 -0.229585 0.0696743 0.978543 0.193906 0.220047 -0.204667 0.953777 -3.73336 3.75002 -0.0425494</i>
                        <i>0.972828 -0.0254156 -0.23013 0.0696451 0.980045 0.186174 0.220806 -0.197143 0.955185 -3.73295 3.7484 -0.0448082</i>
                        <i>0.972679 -0.026822 -0.230599 0.0693938 0.981481 0.178546 0.22154 -0.18967 0.956528 -3.73278 3.74758 -0.0471698</i>
                        <i>0.972534 -0.0282001 -0.231045 0.069235 0.982752 0.171481 0.222223 -0.182768 0.957712 -3.73271 3.74756 -0.0494514</i>
                        <i>0.972382 -0.0296798 -0.231502 0.0693958 0.983789 0.165357 0.222841 -0.176856 0.958678 -3.73265 3.74823 -0.0515082</i>
                        <i>0.972244 -0.031035 -0.2319 0.0696043 0.984653 0.160042 0.223374 -0.171741 0.959484 -3.73274 3.74959 -0.0534314</i>
                        <i>0.972146 -0.0320602 -0.232173 0.0695751 0.985423 0.155247 0.223811 -0.167077 0.960205 -3.73314 3.75161 -0.0553576</i>
                        <i>0.972095 -0.0326847 -0.232301 0.0692006 0.986135 0.15083 0.22415 -0.162697 0.960878 -3.73388 3.75419 -0.0573328</i>
                        <i>0.972099 -0.0328375 -0.232263 0.0683726 0.986823 0.146645 0.224387 -0.158433 0.961535 -3.73499 3.75723 -0.0594051</i>
                        <i>0.972165 -0.0324472 -0.232039 0.0669827 0.987519 0.142545 0.224518 -0.15412 0.962205 -3.73652 3.76063 -0.0616227</i>
                        <i>0.9723 -0.0314418 -0.231612 0.0649222 0.988248 0.138384 0.224539 -0.149588 0.962915 -3.73849 3.76426 -0.0640345</i>
                        <i>0.972507 -0.0297487 -0.230965 0.062082 0.989033 0.134015 0.224445 -0.14467 0.963688 -3.74095 3.76804 -0.0666882</i>
                        <i>0.972788 -0.0272941 -0.230083 0.0583531 0.989889 0.129289 0.224228 -0.139197 0.964545 -3.74393 3.77183 -0.0696303</i>
                        <i>0.973141 -0.0240031 -0.228956 0.0536263 0.990825 0.124055 0.223878 -0.133001 0.9655 -3.74745 3.77553 -0.0729055</i>
                        <i>0.973559 -0.0197996 -0.227578 0.0477926 0.991844 0.118161 0.223382 -0.125913 0.966564 -3.75155 3.77902 -0.0765558</i>
                    </KeyFrames>
                </p>
            </i>
            <i>
                <p>
                    <Name><![CDATA[l_clav]]></Name>
                    <Exclude>0</Exclude>
                    <Additive>0</Additive>
                    <IKPriority>0</IKPriority>
                    <IKRotLimits>-1e+010 -1e+010 -1e+010 1e+010 1e+010 1e+010</IKRotLimits>
                    <IKRotLimitOrder>0</IKRotLimitOrder>
                    <KeyFrames count="41">
                        <i>0.696055 0.272809 -0.66414 0.314117 0.716073 0.623354 0.64563 -0.642506 0.412733 -3.78416 3.31191 -0.279609</i>
                        <i>0.68734 0.254718 -0.680207 0.328454 0.726268 0.603864 0.647828 -0.638477 0.41553 -3.78534 3.314 -0.280549</i>
                        <i>0.678978 0.237566 -0.694659 0.340914 0.735972 0.584913 0.650205 -0.633962 0.418719 -3.7864 3.31581 -0.281388</i>
                        <i>0.671934 0.223117 -0.706204 0.350798 0.74391 0.568804 0.652262 -0.629934 0.421589 -3.78723 3.31757 -0.282038</i>
                        <i>0.666224 0.211396 -0.715163 0.358296 0.750315 0.555564 0.654041 -0.62637 0.424135 -3.78785 3.31925 -0.28251</i>
                        <i>0.66184 0.202388 -0.721808 0.36358 0.755378 0.545174 0.655574 -0.623253 0.426355 -3.78826 3.32082 -0.282813</i>
                        <i>0.658755 0.196047 -0.726366 0.366798 0.759254 0.53758 0.656888 -0.620563 0.428252 -3.78847 3.32225 -0.282958</i>
                        <i>0.656922 0.192303 -0.729022 0.368084 0.762066 0.5327 0.658003 -0.618284 0.429835 -3.78851 3.32352 -0.282953</i>
                        <i>0.656283 0.19106 -0.729924 0.367555 0.763905 0.530427 0.658936 -0.616397 0.431113 -3.78837 3.32459 -0.28281</i>
