<?xml version="1.0" encoding="ISO-8859-1" ?>
<Animl Version="1">
    <ModellingPackage><![CDATA[Maya.2010]]></ModellingPackage>
    <SrcFile><![CDATA[anims\turrets\artillery\red\~src\artillery_scud\artillery_scud_idle_crewman_b.mb]]></SrcFile>
    <FramesPerSecond>30</FramesPerSecond>
    <TotalFrames>193</TotalFrames>
    <Skeleton>
        <RefFrame>
            <Name><![CDATA[soldier_ref_frame]]></Name>
            <Exclude>0</Exclude>
            <Additive>0</Additive>
            <IKPriority>0</IKPriority>
            <IKRotLimits>-1e+010 -1e+010 -1e+010 1e+010 1e+010 1e+010</IKRotLimits>
            <IKRotLimitOrder>0</IKRotLimitOrder>
            <KeyFrames count="193">
                <i>1 0 0 0 1 0 0 0 1 2.41041 1.34485 -0.373551</i>
                <i>1 0 0 0 1 0 0 0 1 2.41041 1.34485 -0.373551</i>
                <i>1 0 0 0 1 0 0 0 1 2.41041 1.34485 -0.373551</i>
                <i>1 0 0 0 1 0 0 0 1 2.41041 1.34485 -0.373551</i>
                <i>1 0 0 0 1 0 0 0 1 2.41041 1.34485 -0.373551</i>
                <i>1 0 0 0 1 0 0 0 1 2.41041 1.34485 -0.373551</i>
                <i>1 0 0 0 1 0 0 0 1 2.41041 1.34485 -0.373551</i>
                <i>1 0 0 0 1 0 0 0 1 2.41041 1.34485 -0.373551</i>
                <i>1 0 0 0 1 0 0 0 1 2.41041 1.34485 -0.373551</i>
                <i>1 0 0 0 1 0 0 0 1 2.41041 1.34485 -0.373551</i>
                <i>1 0 0 0 1 0 0 0 1 2.41041 1.34485 -0.373551</i>
                <i>1 0 0 0 1 0 0 0 1 2.41041 1.34485 -0.373551</i>
                <i>1 0 0 0 1 0 0 0 1 2.41041 1.34485 -0.373551</i>
                <i>1 0 0 0 1 0 0 0 1 2.41041 1.34485 -0.373551</i>
                <i>1 0 0 0 1 0 0 0 1 2.41041 1.34485 -0.373551</i>
                <i>1 0 0 0 1 0 0 0 1 2.41041 1.34485 -0.373551</i>
                <i>1 0 0 0 1 0 0 0 1 2.41041 1.34485 -0.373551</i>
                <i>1 0 0 0 1 0 0 0 1 2.41041 1.34485 -0.373551</i>
                <i>1 0 0 0 1 0 0 0 1 2.41041 1.34485 -0.373551</i>
                <i>1 0 0 0 1 0 0 0 1 2.41041 1.34485 -0.373551</i>
                <i>1 0 0 0 1 0 0 0 1 2.41041 1.34485 -0.373551</i>
                <i>1 0 0 0 1 0 0 0 1 2.41041 1.34485 -0.373551</i>
                <i>1 0 0 0 1 0 0 0 1 2.41041 1.34485 -0.373551</i>
                <i>1 0 0 0 1 0 0 0 1 2.41041 1.34485 -0.373551</i>
                <i>1 0 0 0 1 0 0 0 1 2.41041 1.34485 -0.373551</i>
                <i>1 0 0 0 1 0 0 0 1 2.41041 1.34485 -0.373551</i>
                <i>1 0 0 0 1 0 0 0 1 2.41041 1.34485 -0.373551</i>
                <i>1 0 0 0 1 0 0 0 1 2.41041 1.34485 -0.373551</i>
                <i>1 0 0 0 1 0 0 0 1 2.41041 1.34485 -0.373551</i>
                <i>1 0 0 0 1 0 0 0 1 2.41041 1.34485 -0.373551</i>
                <i>1 0 0 0 1 0 0 0 1 2.41041 1.34485 -0.373551</i>
                <i>1 0 0 0 1 0 0 0 1 2.41041 1.34485 -0.373551</i>
                <i>1 0 0 0 1 0 0 0 1 2.41041 1.34485 -0.373551</i>
                <i>1 0 0 0 1 0 0 0 1 2.41041 1.34485 -0.373551</i>
                <i>1 0 0 0 1 0 0 0 1 2.41041 1.34485 -0.373551</i>
                <i>1 0 0 0 1 0 0 0 1 2.41041 1.34485 -0.373551</i>
                <i>1 0 0 0 1 0 0 0 1 2.41041 1.34485 -0.373551</i>
                <i>1 0 0 0 1 0 0 0 1 2.41041 1.34485 -0.373551</i>
                <i>1 0 0 0 1 0 0 0 1 2.41041 1.34485 -0.373551</i>
                <i>1 0 0 0 1 0 0 0 1 2.41041 1.34485 -0.373551</i>
                <i>1 0 0 0 1 0 0 0 1 2.41041 1.34485 -0.373551</i>
                <i>1 0 0 0 1 0 0 0 1 2.41041 1.34485 -0.373551</i>
                <i>1 0 0 0 1 0 0 0 1 2.41041 1.34485 -0.373551</i>
                <i>1 0 0 0 1 0 0 0 1 2.41041 1.34485 -0.373551</i>
                <i>1 0 0 0 1 0 0 0 1 2.41041 1.34485 -0.373551</i>
                <i>1 0 0 0 1 0 0 0 1 2.41041 1.34485 -0.373551</i>
                <i>1 0 0 0 1 0 0 0 1 2.41041 1.34485 -0.373551</i>
                <i>1 0 0 0 1 0 0 0 1 2.41041 1.34485 -0.373551</i>
                <i>1 0 0 0 1 0 0 0 1 2.41041 1.34485 -0.373551</i>
                <i>1 0 0 0 1 0 0 0 1 2.41041 1.34485 -0.373551</i>
                <i>1 0 0 0 1 0 0 0 1 2.41041 1.34485 -0.373551</i>
                <i>1 0 0 0 1 0 0 0 1 2.41041 1.34485 -0.373551</i>
                <i>1 0 0 0 1 0 0 0 1 2.41041 1.34485 -0.373551</i>
                <i>1 0 0 0 1 0 0 0 1 2.41041 1.34485 -0.373551</i>
                <i>1 0 0 0 1 0 0 0 1 2.41041 1.34485 -0.373551</i>
                <i>1 0 0 0 1 0 0 0 1 2.41041 1.34485 -0.373551</i>
                <i>1 0 0 0 1 0 0 0 1 2.41041 1.34485 -0.373551</i>
                <i>1 0 0 0 1 0 0 0 1 2.41041 1.34485 -0.373551</i>
                <i>1 0 0 0 1 0 0 0 1 2.41041 1.34485 -0.373551</i>
                <i>1 0 0 0 1 0 0 0 1 2.41041 1.34485 -0.373551</i>
                <i>1 0 0 0 1 0 0 0 1 2.41041 1.34485 -0.373551</i>
                <i>1 0 0 0 1 0 0 0 1 2.41041 1.34485 -0.373551</i>
                <i>1 0 0 0 1 0 0 0 1 2.41041 1.34485 -0.373551</i>
                <i>1 0 0 0 1 0 0 0 1 2.41041 1.34485 -0.373551</i>
                <i>1 0 0 0 1 0 0 0 1 2.41041 1.34485 -0.373551</i>
                <i>1 0 0 0 1 0 0 0 1 2.41041 1.34485 -0.373551</i>
                <i>1 0 0 0 1 0 0 0 1 2.41041 1.34485 -0.373551</i>
                <i>1 0 0 0 1 0 0 0 1 2.41041 1.34485 -0.373551</i>
                <i>1 0 0 0 1 0 0 0 1 2.41041 1.34485 -0.373551</i>
                <i>1 0 0 0 1 0 0 0 1 2.41041 1.34485 -0.373551</i>
                <i>1 0 0 0 1 0 0 0 1 2.41041 1.34485 -0.373551</i>
                <i>1 0 0 0 1 0 0 0 1 2.41041 1.34485 -0.373551</i>
                <i>1 0 0 0 1 0 0 0 1 2.41041 1.34485 -0.373551</i>
                <i>1 0 0 0 1 0 0 0 1 2.41041 1.34485 -0.373551</i>
                <i>1 0 0 0 1 0 0 0 1 2.41041 1.34485 -0.373551</i>
                <i>1 0 0 0 1 0 0 0 1 2.41041 1.34485 -0.373551</i>
                <i>1 0 0 0 1 0 0 0 1 2.41041 1.34485 -0.373551</i>
                <i>1 0 0 0 1 0 0 0 1 2.41041 1.34485 -0.373551</i>
                <i>1 0 0 0 1 0 0 0 1 2.41041 1.34485 -0.373551</i>
                <i>1 0 0 0 1 0 0 0 1 2.41041 1.34485 -0.373551</i>
                <i>1 0 0 0 1 0 0 0 1 2.41041 1.34485 -0.373551</i>
                <i>1 0 0 0 1 0 0 0 1 2.41041 1.34485 -0.373551</i>
                <i>1 0 0 0 1 0 0 0 1 2.41041 1.34485 -0.373551</i>
                <i>1 0 0 0 1 0 0 0 1 2.41041 1.34485 -0.373551</i>
                <i>1 0 0 0 1 0 0 0 1 2.41041 1.34485 -0.373551</i>
                <i>1 0 0 0 1 0 0 0 1 2.41041 1.34485 -0.373551</i>
                <i>1 0 0 0 1 0 0 0 1 2.41041 1.34485 -0.373551</i>
                <i>1 0 0 0 1 0 0 0 1 2.41041 1.34485 -0.373551</i>
                <i>1 0 0 0 1 0 0 0 1 2.41041 1.34485 -0.373551</i>
                <i>1 0 0 0 1 0 0 0 1 2.41041 1.34485 -0.373551</i>
                <i>1 0 0 0 1 0 0 0 1 2.41041 1.34485 -0.373551</i>
                <i>1 0 0 0 1 0 0 0 1 2.41041 1.34485 -0.373551</i>
                <i>1 0 0 0 1 0 0 0 1 2.41041 1.34485 -0.373551</i>
                <i>1 0 0 0 1 0 0 0 1 2.41041 1.34485 -0.373551</i>
                <i>1 0 0 0 1 0 0 0 1 2.41041 1.34485 -0.373551</i>
                <i>1 0 0 0 1 0 0 0 1 2.41041 1.34485 -0.373551</i>
                <i>1 0 0 0 1 0 0 0 1 2.41041 1.34485 -0.373551</i>
                <i>1 0 0 0 1 0 0 0 1 2.41041 1.34485 -0.373551</i>
                <i>1 0 0 0 1 0 0 0 1 2.41041 1.34485 -0.373551</i>
                <i>1 0 0 0 1 0 0 0 1 2.41041 1.34485 -0.373551</i>
                <i>1 0 0 0 1 0 0 0 1 2.41041 1.34485 -0.373551</i>
                <i>1 0 0 0 1 0 0 0 1 2.41041 1.34485 -0.373551</i>
                <i>1 0 0 0 1 0 0 0 1 2.41041 1.34485 -0.373551</i>
                <i>1 0 0 0 1 0 0 0 1 2.41041 1.34485 -0.373551</i>
                <i>1 0 0 0 1 0 0 0 1 2.41041 1.34485 -0.373551</i>
                <i>1 0 0 0 1 0 0 0 1 2.41041 1.34485 -0.373551</i>
                <i>1 0 0 0 1 0 0 0 1 2.41041 1.34485 -0.373551</i>
                <i>1 0 0 0 1 0 0 0 1 2.41041 1.34485 -0.373551</i>
                <i>1 0 0 0 1 0 0 0 1 2.41041 1.34485 -0.373551</i>
                <i>1 0 0 0 1 0 0 0 1 2.41041 1.34485 -0.373551</i>
                <i>1 0 0 0 1 0 0 0 1 2.41041 1.34485 -0.373551</i>
                <i>1 0 0 0 1 0 0 0 1 2.41041 1.34485 -0.373551</i>
                <i>1 0 0 0 1 0 0 0 1 2.41041 1.34485 -0.373551</i>
                <i>1 0 0 0 1 0 0 0 1 2.41041 1.34485 -0.373551</i>
                <i>1 0 0 0 1 0 0 0 1 2.41041 1.34485 -0.373551</i>
                <i>1 0 0 0 1 0 0 0 1 2.41041 1.34485 -0.373551</i>
                <i>1 0 0 0 1 0 0 0 1 2.41041 1.34485 -0.373551</i>
                <i>1 0 0 0 1 0 0 0 1 2.41041 1.34485 -0.373551</i>
                <i>1 0 0 0 1 0 0 0 1 2.41041 1.34485 -0.373551</i>
                <i>1 0 0 0 1 0 0 0 1 2.41041 1.34485 -0.373551</i>
                <i>1 0 0 0 1 0 0 0 1 2.41041 1.34485 -0.373551</i>
                <i>1 0 0 0 1 0 0 0 1 2.41041 1.34485 -0.373551</i>
                <i>1 0 0 0 1 0 0 0 1 2.41041 1.34485 -0.373551</i>
                <i>1 0 0 0 1 0 0 0 1 2.41041 1.34485 -0.373551</i>
                <i>1 0 0 0 1 0 0 0 1 2.41041 1.34485 -0.373551</i>
                <i>1 0 0 0 1 0 0 0 1 2.41041 1.34485 -0.373551</i>
                <i>1 0 0 0 1 0 0 0 1 2.41041 1.34485 -0.373551</i>
                <i>1 0 0 0 1 0 0 0 1 2.41041 1.34485 -0.373551</i>
                <i>1 0 0 0 1 0 0 0 1 2.41041 1.34485 -0.373551</i>
                <i>1 0 0 0 1 0 0 0 1 2.41041 1.34485 -0.373551</i>
                <i>1 0 0 0 1 0 0 0 1 2.41041 1.34485 -0.373551</i>
                <i>1 0 0 0 1 0 0 0 1 2.41041 1.34485 -0.373551</i>
                <i>1 0 0 0 1 0 0 0 1 2.41041 1.34485 -0.373551</i>
                <i>1 0 0 0 1 0 0 0 1 2.41041 1.34485 -0.373551</i>
                <i>1 0 0 0 1 0 0 0 1 2.41041 1.34485 -0.373551</i>
                <i>1 0 0 0 1 0 0 0 1 2.41041 1.34485 -0.373551</i>
                <i>1 0 0 0 1 0 0 0 1 2.41041 1.34485 -0.373551</i>
                <i>1 0 0 0 1 0 0 0 1 2.41041 1.34485 -0.373551</i>
                <i>1 0 0 0 1 0 0 0 1 2.41041 1.34485 -0.373551</i>
                <i>1 0 0 0 1 0 0 0 1 2.41041 1.34485 -0.373551</i>
                <i>1 0 0 0 1 0 0 0 1 2.41041 1.34485 -0.373551</i>
                <i>1 0 0 0 1 0 0 0 1 2.41041 1.34485 -0.373551</i>
                <i>1 0 0 0 1 0 0 0 1 2.41041 1.34485 -0.373551</i>
                <i>1 0 0 0 1 0 0 0 1 2.41041 1.34485 -0.373551</i>
                <i>1 0 0 0 1 0 0 0 1 2.41041 1.34485 -0.373551</i>
                <i>1 0 0 0 1 0 0 0 1 2.41041 1.34485 -0.373551</i>
                <i>1 0 0 0 1 0 0 0 1 2.41041 1.34485 -0.373551</i>
                <i>1 0 0 0 1 0 0 0 1 2.41041 1.34485 -0.373551</i>
                <i>1 0 0 0 1 0 0 0 1 2.41041 1.34485 -0.373551</i>
                <i>1 0 0 0 1 0 0 0 1 2.41041 1.34485 -0.373551</i>
                <i>1 0 0 0 1 0 0 0 1 2.41041 1.34485 -0.373551</i>
                <i>1 0 0 0 1 0 0 0 1 2.41041 1.34485 -0.373551</i>
                <i>1 0 0 0 1 0 0 0 1 2.41041 1.34485 -0.373551</i>
                <i>1 0 0 0 1 0 0 0 1 2.41041 1.34485 -0.373551</i>
                <i>1 0 0 0 1 0 0 0 1 2.41041 1.34485 -0.373551</i>
                <i>1 0 0 0 1 0 0 0 1 2.41041 1.34485 -0.373551</i>
                <i>1 0 0 0 1 0 0 0 1 2.41041 1.34485 -0.373551</i>
                <i>1 0 0 0 1 0 0 0 1 2.41041 1.34485 -0.373551</i>
                <i>1 0 0 0 1 0 0 0 1 2.41041 1.34485 -0.373551</i>
                <i>1 0 0 0 1 0 0 0 1 2.41041 1.34485 -0.373551</i>
                <i>1 0 0 0 1 0 0 0 1 2.41041 1.34485 -0.373551</i>
                <i>1 0 0 0 1 0 0 0 1 2.41041 1.34485 -0.373551</i>
                <i>1 0 0 0 1 0 0 0 1 2.41041 1.34485 -0.373551</i>
                <i>1 0 0 0 1 0 0 0 1 2.41041 1.34485 -0.373551</i>
                <i>1 0 0 0 1 0 0 0 1 2.41041 1.34485 -0.373551</i>
                <i>1 0 0 0 1 0 0 0 1 2.41041 1.34485 -0.373551</i>
                <i>1 0 0 0 1 0 0 0 1 2.41041 1.34485 -0.373551</i>
                <i>1 0 0 0 1 0 0 0 1 2.41041 1.34485 -0.373551</i>
                <i>1 0 0 0 1 0 0 0 1 2.41041 1.34485 -0.373551</i>
                <i>1 0 0 0 1 0 0 0 1 2.41041 1.34485 -0.373551</i>
                <i>1 0 0 0 1 0 0 0 1 2.41041 1.34485 -0.373551</i>
                <i>1 0 0 0 1 0 0 0 1 2.41041 1.34485 -0.373551</i>
                <i>1 0 0 0 1 0 0 0 1 2.41041 1.34485 -0.373551</i>
                <i>1 0 0 0 1 0 0 0 1 2.41041 1.34485 -0.373551</i>
                <i>1 0 0 0 1 0 0 0 1 2.41041 1.34485 -0.373551</i>
                <i>1 0 0 0 1 0 0 0 1 2.41041 1.34485 -0.373551</i>
                <i>1 0 0 0 1 0 0 0 1 2.41041 1.34485 -0.373551</i>
                <i>1 0 0 0 1 0 0 0 1 2.41041 1.34485 -0.373551</i>
                <i>1 0 0 0 1 0 0 0 1 2.41041 1.34485 -0.373551</i>
                <i>1 0 0 0 1 0 0 0 1 2.41041 1.34485 -0.373551</i>
                <i>1 0 0 0 1 0 0 0 1 2.41041 1.34485 -0.373551</i>
                <i>1 0 0 0 1 0 0 0 1 2.41041 1.34485 -0.373551</i>
                <i>1 0 0 0 1 0 0 0 1 2.41041 1.34485 -0.373551</i>
                <i>1 0 0 0 1 0 0 0 1 2.41041 1.34485 -0.373551</i>
                <i>1 0 0 0 1 0 0 0 1 2.41041 1.34485 -0.373551</i>
                <i>1 0 0 0 1 0 0 0 1 2.41041 1.34485 -0.373551</i>
                <i>1 0 0 0 1 0 0 0 1 2.41041 1.34485 -0.373551</i>
                <i>1 0 0 0 1 0 0 0 1 2.41041 1.34485 -0.373551</i>
                <i>1 0 0 0 1 0 0 0 1 2.41041 1.34485 -0.373551</i>
                <i>1 0 0 0 1 0 0 0 1 2.41041 1.34485 -0.373551</i>
                <i>1 0 0 0 1 0 0 0 1 2.41041 1.34485 -0.373551</i>
                <i>1 0 0 0 1 0 0 0 1 2.41041 1.34485 -0.373551</i>
                <i>1 0 0 0 1 0 0 0 1 2.41041 1.34485 -0.373551</i>
            </KeyFrames>
        </RefFrame>
        <Bones count="23">
            <i>
                <p>
                    <Name><![CDATA[pelvis]]></Name>
                    <Exclude>0</Exclude>
                    <Additive>0</Additive>
                    <IKPriority>0</IKPriority>
                    <IKRotLimits>-1e+010 -1e+010 -1e+010 1e+010 1e+010 1e+010</IKRotLimits>
                    <IKRotLimitOrder>2</IKRotLimitOrder>
                    <KeyFrames count="193">
                        <i>1 0 0 0 1 0 0 0 1 2.41041 1.91524 -0.373551</i>
                        <i>1 0 0 0 1 0 0 0 1 2.41041 1.91529 -0.373551</i>
                        <i>1 0 0 0 1 0 0 0 1 2.41041 1.91544 -0.373551</i>
                        <i>1 0 0 0 1 0 0 0 1 2.41041 1.91568 -0.373551</i>
                        <i>1 0 0 0 1 0 0 0 1 2.41041 1.91602 -0.373551</i>
                        <i>1 0 0 0 1 0 0 0 1 2.41041 1.91643 -0.373551</i>
                        <i>1 0 0 0 1 0 0 0 1 2.41041 1.91693 -0.373551</i>
                        <i>1 0 0 0 1 0 0 0 1 2.41041 1.91751 -0.373551</i>
                        <i>1 0 0 0 1 0 0 0 1 2.41041 1.91816 -0.373551</i>
                        <i>1 0 0 0 1 0 0 0 1 2.41041 1.91888 -0.373551</i>
                        <i>1 0 0 0 1 0 0 0 1 2.41041 1.91966 -0.373551</i>
                        <i>1 0 0 0 1 0 0 0 1 2.41041 1.9205 -0.373551</i>
                        <i>1 0 0 0 1 0 0 0 1 2.41041 1.9214 -0.373551</i>
                        <i>1 0 0 0 1 0 0 0 1 2.41041 1.92235 -0.373551</i>
                        <i>1 0 0 0 1 0 0 0 1 2.41041 1.92334 -0.373551</i>
                        <i>1 0 0 0 1 0 0 0 1 2.41041 1.92438 -0.373551</i>
                        <i>1 0 0 0 1 0 0 0 1 2.41041 1.92546 -0.373551</i>
                        <i>1 0 0 0 1 0 0 0 1 2.41041 1.92657 -0.373551</i>
                        <i>1 0 0 0 1 0 0 0 1 2.41041 1.92771 -0.373551</i>
                        <i>1 0 0 0 1 0 0 0 1 2.41041 1.92888 -0.373551</i>
                        <i>1 0 0 0 1 0 0 0 1 2.41041 1.93006 -0.373551</i>
                        <i>1 0 0 0 1 0 0 0 1 2.41041 1.93127 -0.373551</i>
                        <i>1 0 0 0 1 0 0 0 1 2.41041 1.93249 -0.373551</i>
                        <i>1 0 0 0 1 0 0 0 1 2.41041 1.93371 -0.373551</i>
                        <i>1 0 0 0 1 0 0 0 1 2.41041 1.93495 -0.373551</i>
                        <i>1 0 0 0 1 0 0 0 1 2.41041 1.93618 -0.373551</i>
                        <i>1 0 0 0 1 0 0 0 1 2.41041 1.9374 -0.373551</i>
                        <i>1 0 0 0 1 0 0 0 1 2.41041 1.93862 -0.373551</i>
                        <i>1 0 0 0 1 0 0 0 1 2.41041 1.93983 -0.373551</i>
                        <i>1 0 0 0 1 0 0 0 1 2.41041 1.94101 -0.373551</i>
                        <i>1 0 0 0 1 0 0 0 1 2.41041 1.94218 -0.373551</i>
                        <i>1 0 0 0 1 0 0 0 1 2.41041 1.94332 -0.373551</i>
                        <i>1 0 0 0 1 0 0 0 1 2.41041 1.94443 -0.373551</i>
                        <i>1 0 0 0 1 0 0 0 1 2.41041 1.94551 -0.373551</i>
                        <i>1 0 0 0 1 0 0 0 1 2.41041 1.94655 -0.373551</i>
                        <i>1 0 0 0 1 0 0 0 1 2.41041 1.94754 -0.373551</i>
                        <i>1 0 0 0 1 0 0 0 1 2.41041 1.94849 -0.373551</i>
                        <i>1 0 0 0 1 0 0 0 1 2.41041 1.94939 -0.373551</i>
                        <i>1 0 0 0 1 0 0 0 1 2.41041 1.95023 -0.373551</i>
                        <i>1 0 0 0 1 0 0 0 1 2.41041 1.95101 -0.373551</i>
                        <i>1 0 0 0 1 0 0 0 1 2.41041 1.95173 -0.373551</i>
                        <i>1 0 0 0 1 0 0 0 1 2.41041 1.95238 -0.373551</i>
                        <i>1 0 0 0 1 0 0 0 1 2.41041 1.95296 -0.373551</i>
                        <i>1 0 0 0 1 0 0 0 1 2.41041 1.95346 -0.373551</i>
                        <i>1 0 0 0 1 0 0 0 1 2.41041 1.95387 -0.373551</i>
                        <i>1 0 0 0 1 0 0 0 1 2.41041 1.95421 -0.373551</i>
                        <i>1 0 0 0 1 0 0 0 1 2.41041 1.95445 -0.373551</i>
                        <i>1 0 0 0 1 0 0 0 1 2.41041 1.9546 -0.373551</i>
                        <i>1 0 0 0 1 0 0 0 1 2.41041 1.95465 -0.373551</i>
                        <i>1 0 0 0 1 0 0 0 1 2.41041 1.9546 -0.373551</i>
                        <i>1 0 0 0 1 0 0 0 1 2.41041 1.95445 -0.373551</i>
                        <i>1 0 0 0 1 0 0 0 1 2.41041 1.95421 -0.373551</i>
                        <i>1 0 0 0 1 0 0 0 1 2.41041 1.95387 -0.373551</i>
                        <i>1 0 0 0 1 0 0 0 1 2.41041 1.95346 -0.373551</i>
                        <i>1 0 0 0 1 0 0 0 1 2.41041 1.95296 -0.373551</i>
                        <i>1 0 0 0 1 0 0 0 1 2.41041 1.95238 -0.373551</i>
                        <i>1 0 0 0 1 0 0 0 1 2.41041 1.95173 -0.373551</i>
                        <i>1 0 0 0 1 0 0 0 1 2.41041 1.95101 -0.373551</i>
                        <i>1 0 0 0 1 0 0 0 1 2.41041 1.95023 -0.373551</i>
                        <i>1 0 0 0 1 0 0 0 1 2.41041 1.94939 -0.373551</i>
                        <i>1 0 0 0 1 0 0 0 1 2.41041 1.94849 -0.373551</i>
                        <i>1 0 0 0 1 0 0 0 1 2.41041 1.94754 -0.373551</i>
                        <i>1 0 0 0 1 0 0 0 1 2.41041 1.94655 -0.373551</i>
                        <i>1 0 0 0 1 0 0 0 1 2.41041 1.94551 -0.373551</i>
                        <i>1 0 0 0 1 0 0 0 1 2.41041 1.94443 -0.373551</i>
                        <i>1 0 0 0 1 0 0 0 1 2.41041 1.94332 -0.373551</i>
                        <i>1 0 0 0 1 0 0 0 1 2.41041 1.94218 -0.373551</i>
                        <i>1 0 0 0 1 0 0 0 1 2.41041 1.94101 -0.373551</i>
                        <i>1 0 0 0 1 0 0 0 1 2.41041 1.93983 -0.373551</i>
                        <i>1 0 0 0 1 0 0 0 1 2.41041 1.93862 -0.373551</i>
                        <i>1 0 0 0 1 0 0 0 1 2.41041 1.9374 -0.373551</i>
                        <i>1 0 0 0 1 0 0 0 1 2.41041 1.93618 -0.373551</i>
                        <i>1 0 0 0 1 0 0 0 1 2.41041 1.93495 -0.373551</i>
                        <i>1 0 0 0 1 0 0 0 1 2.41041 1.93371 -0.373551</i>
                        <i>1 0 0 0 1 0 0 0 1 2.41041 1.93249 -0.373551</i>
                        <i>1 0 0 0 1 0 0 0 1 2.41041 1.93127 -0.373551</i>
                        <i>1 0 0 0 1 0 0 0 1 2.41041 1.93006 -0.373551</i>
                        <i>1 0 0 0 1 0 0 0 1 2.41041 1.92888 -0.373551</i>
                        <i>1 0 0 0 1 0 0 0 1 2.41041 1.92771 -0.373551</i>
                        <i>1 0 0 0 1 0 0 0 1 2.41041 1.92657 -0.373551</i>
                        <i>1 0 0 0 1 0 0 0 1 2.41041 1.92546 -0.373551</i>
                        <i>1 0 0 0 1 0 0 0 1 2.41041 1.92438 -0.373551</i>
                        <i>1 0 0 0 1 0 0 0 1 2.41041 1.92334 -0.373551</i>
                        <i>1 0 0 0 1 0 0 0 1 2.41041 1.92235 -0.373551</i>
                        <i>1 0 0 0 1 0 0 0 1 2.41041 1.9214 -0.373551</i>
                        <i>1 0 0 0 1 0 0 0 1 2.41041 1.9205 -0.373551</i>
                        <i>1 0 0 0 1 0 0 0 1 2.41041 1.91966 -0.373551</i>
                        <i>1 0 0 0 1 0 0 0 1 2.41041 1.91888 -0.373551</i>
                        <i>1 0 0 0 1 0 0 0 1 2.41041 1.91816 -0.373551</i>
                        <i>1 0 0 0 1 0 0 0 1 2.41041 1.91751 -0.373551</i>
                        <i>1 0 0 0 1 0 0 0 1 2.41041 1.91693 -0.373551</i>
                        <i>1 0 0 0 1 0 0 0 1 2.41041 1.91643 -0.373551</i>
                        <i>1 0 0 0 1 0 0 0 1 2.41041 1.91602 -0.373551</i>
                        <i>1 0 0 0 1 0 0 0 1 2.41041 1.91568 -0.373551</i>
                        <i>1 0 0 0 1 0 0 0 1 2.41041 1.91544 -0.373551</i>
                        <i>1 0 0 0 1 0 0 0 1 2.41041 1.91529 -0.373551</i>
                        <i>1 0 0 0 1 0 0 0 1 2.41041 1.91524 -0.373551</i>
                        <i>1 0 0 0 1 0 0 0 1 2.41041 1.91529 -0.373551</i>
                        <i>1 0 0 0 1 0 0 0 1 2.41041 1.91544 -0.373551</i>
                        <i>1 0 0 0 1 0 0 0 1 2.41041 1.91568 -0.373551</i>
                        <i>1 0 0 0 1 0 0 0 1 2.41041 1.91602 -0.373551</i>
                        <i>1 0 0 0 1 0 0 0 1 2.41041 1.91643 -0.373551</i>
                        <i>1 0 0 0 1 0 0 0 1 2.41041 1.91693 -0.373551</i>
                        <i>1 0 0 0 1 0 0 0 1 2.41041 1.91751 -0.373551</i>
                        <i>1 0 0 0 1 0 0 0 1 2.41041 1.91816 -0.373551</i>
                        <i>1 0 0 0 1 0 0 0 1 2.41041 1.91888 -0.373551</i>
                        <i>1 0 0 0 1 0 0 0 1 2.41041 1.91966 -0.373551</i>
                        <i>1 0 0 0 1 0 0 0 1 2.41041 1.9205 -0.373551</i>
                        <i>1 0 0 0 1 0 0 0 1 2.41041 1.9214 -0.373551</i>
                        <i>1 0 0 0 1 0 0 0 1 2.41041 1.92235 -0.373551</i>
                        <i>1 0 0 0 1 0 0 0 1 2.41041 1.92334 -0.373551</i>
                        <i>1 0 0 0 1 0 0 0 1 2.41041 1.92438 -0.373551</i>
                        <i>1 0 0 0 1 0 0 0 1 2.41041 1.92546 -0.373551</i>
                        <i>1 0 0 0 1 0 0 0 1 2.41041 1.92657 -0.373551</i>
                        <i>1 0 0 0 1 0 0 0 1 2.41041 1.92771 -0.373551</i>
                        <i>1 0 0 0 1 0 0 0 1 2.41041 1.92888 -0.373551</i>
                        <i>1 0 0 0 1 0 0 0 1 2.41041 1.93006 -0.373551</i>
                        <i>1 0 0 0 1 0 0 0 1 2.41041 1.93127 -0.373551</i>
                        <i>1 0 0 0 1 0 0 0 1 2.41041 1.93249 -0.373551</i>
                        <i>1 0 0 0 1 0 0 0 1 2.41041 1.93371 -0.373551</i>
                        <i>1 0 0 0 1 0 0 0 1 2.41041 1.93495 -0.373551</i>
                        <i>1 0 0 0 1 0 0 0 1 2.41041 1.93618 -0.373551</i>
                        <i>1 0 0 0 1 0 0 0 1 2.41041 1.9374 -0.373551</i>
                        <i>1 0 0 0 1 0 0 0 1 2.41041 1.93862 -0.373551</i>
                        <i>1 0 0 0 1 0 0 0 1 2.41041 1.93983 -0.373551</i>
                        <i>1 0 0 0 1 0 0 0 1 2.41041 1.94101 -0.373551</i>
                        <i>1 0 0 0 1 0 0 0 1 2.41041 1.94218 -0.373551</i>
                        <i>1 0 0 0 1 0 0 0 1 2.41041 1.94332 -0.373551</i>
                        <i>1 0 0 0 1 0 0 0 1 2.41041 1.94443 -0.373551</i>
                        <i>1 0 0 0 1 0 0 0 1 2.41041 1.94551 -0.373551</i>
                        <i>1 0 0 0 1 0 0 0 1 2.41041 1.94655 -0.373551</i>
                        <i>1 0 0 0 1 0 0 0 1 2.41041 1.94754 -0.373551</i>
                        <i>1 0 0 0 1 0 0 0 1 2.41041 1.94849 -0.373551</i>
                        <i>1 0 0 0 1 0 0 0 1 2.41041 1.94939 -0.373551</i>
                        <i>1 0 0 0 1 0 0 0 1 2.41041 1.95023 -0.373551</i>
                        <i>1 0 0 0 1 0 0 0 1 2.41041 1.95101 -0.373551</i>
                        <i>1 0 0 0 1 0 0 0 1 2.41041 1.95173 -0.373551</i>
                        <i>1 0 0 0 1 0 0 0 1 2.41041 1.95238 -0.373551</i>
                        <i>1 0 0 0 1 0 0 0 1 2.41041 1.95296 -0.373551</i>
                        <i>1 0 0 0 1 0 0 0 1 2.41041 1.95346 -0.373551</i>
                        <i>1 0 0 0 1 0 0 0 1 2.41041 1.95387 -0.373551</i>
                        <i>1 0 0 0 1 0 0 0 1 2.41041 1.95421 -0.373551</i>
                        <i>1 0 0 0 1 0 0 0 1 2.41041 1.95445 -0.373551</i>
                        <i>1 0 0 0 1 0 0 0 1 2.41041 1.9546 -0.373551</i>
                        <i>1 0 0 0 1 0 0 0 1 2.41041 1.95465 -0.373551</i>
                        <i>1 0 0 0 1 0 0 0 1 2.41041 1.9546 -0.373551</i>
                        <i>1 0 0 0 1 0 0 0 1 2.41041 1.95445 -0.373551</i>
                        <i>1 0 0 0 1 0 0 0 1 2.41041 1.95421 -0.373551</i>
                        <i>1 0 0 0 1 0 0 0 1 2.41041 1.95387 -0.373551</i>
                        <i>1 0 0 0 1 0 0 0 1 2.41041 1.95346 -0.373551</i>
                        <i>1 0 0 0 1 0 0 0 1 2.41041 1.95296 -0.373551</i>
                        <i>1 0 0 0 1 0 0 0 1 2.41041 1.95238 -0.373551</i>
                        <i>1 0 0 0 1 0 0 0 1 2.41041 1.95173 -0.373551</i>
                        <i>1 0 0 0 1 0 0 0 1 2.41041 1.95101 -0.373551</i>
                        <i>1 0 0 0 1 0 0 0 1 2.41041 1.95023 -0.373551</i>
                        <i>1 0 0 0 1 0 0 0 1 2.41041 1.94939 -0.373551</i>
                        <i>1 0 0 0 1 0 0 0 1 2.41041 1.94849 -0.373551</i>
                        <i>1 0 0 0 1 0 0 0 1 2.41041 1.94754 -0.373551</i>
                        <i>1 0 0 0 1 0 0 0 1 2.41041 1.94655 -0.373551</i>
                        <i>1 0 0 0 1 0 0 0 1 2.41041 1.94551 -0.373551</i>
                        <i>1 0 0 0 1 0 0 0 1 2.41041 1.94443 -0.373551</i>
                        <i>1 0 0 0 1 0 0 0 1 2.41041 1.94332 -0.373551</i>
                        <i>1 0 0 0 1 0 0 0 1 2.41041 1.94218 -0.373551</i>
                        <i>1 0 0 0 1 0 0 0 1 2.41041 1.94101 -0.373551</i>
                        <i>1 0 0 0 1 0 0 0 1 2.41041 1.93983 -0.373551</i>
                        <i>1 0 0 0 1 0 0 0 1 2.41041 1.93862 -0.373551</i>
                        <i>1 0 0 0 1 0 0 0 1 2.41041 1.9374 -0.373551</i>
                        <i>1 0 0 0 1 0 0 0 1 2.41041 1.93618 -0.373551</i>
                        <i>1 0 0 0 1 0 0 0 1 2.41041 1.93495 -0.373551</i>
                        <i>1 0 0 0 1 0 0 0 1 2.41041 1.93371 -0.373551</i>
                        <i>1 0 0 0 1 0 0 0 1 2.41041 1.93249 -0.373551</i>
                        <i>1 0 0 0 1 0 0 0 1 2.41041 1.93127 -0.373551</i>
                        <i>1 0 0 0 1 0 0 0 1 2.41041 1.93006 -0.373551</i>
                        <i>1 0 0 0 1 0 0 0 1 2.41041 1.92888 -0.373551</i>
                        <i>1 0 0 0 1 0 0 0 1 2.41041 1.92771 -0.373551</i>
                        <i>1 0 0 0 1 0 0 0 1 2.41041 1.92657 -0.373551</i>
                        <i>1 0 0 0 1 0 0 0 1 2.41041 1.92546 -0.373551</i>
                        <i>1 0 0 0 1 0 0 0 1 2.41041 1.92438 -0.373551</i>
                        <i>1 0 0 0 1 0 0 0 1 2.41041 1.92334 -0.373551</i>
                        <i>1 0 0 0 1 0 0 0 1 2.41041 1.92235 -0.373551</i>
                        <i>1 0 0 0 1 0 0 0 1 2.41041 1.9214 -0.373551</i>
                        <i>1 0 0 0 1 0 0 0 1 2.41041 1.9205 -0.373551</i>
                        <i>1 0 0 0 1 0 0 0 1 2.41041 1.91966 -0.373551</i>
                        <i>1 0 0 0 1 0 0 0 1 2.41041 1.91888 -0.373551</i>
                        <i>1 0 0 0 1 0 0 0 1 2.41041 1.91816 -0.373551</i>
                        <i>1 0 0 0 1 0 0 0 1 2.41041 1.91751 -0.373551</i>
                        <i>1 0 0 0 1 0 0 0 1 2.41041 1.91693 -0.373551</i>
                        <i>1 0 0 0 1 0 0 0 1 2.41041 1.91643 -0.373551</i>
                        <i>1 0 0 0 1 0 0 0 1 2.41041 1.91602 -0.373551</i>
                        <i>1 0 0 0 1 0 0 0 1 2.41041 1.91568 -0.373551</i>
                        <i>1 0 0 0 1 0 0 0 1 2.41041 1.91544 -0.373551</i>
                        <i>1 0 0 0 1 0 0 0 1 2.41041 1.91529 -0.373551</i>
                        <i>1 0 0 0 1 0 0 0 1 2.41041 1.91524 -0.373551</i>
                    </KeyFrames>
                </p>
            </i>
            <i>
                <p>
                    <Name><![CDATA[spine0]]></Name>
                    <Exclude>0</Exclude>
                    <Additive>0</Additive>
                    <IKPriority>0</IKPriority>
                    <IKRotLimits>-1e+010 -1e+010 -1e+010 1e+010 1e+010 1e+010</IKRotLimits>
                    <IKRotLimitOrder>0</IKRotLimitOrder>
                    <KeyFrames count="193">
                        <i>-0.0731994 0.997231 -0.0131051 -0.341671 -0.0374204 -0.939074 -0.936965 -0.064262 0.343464 2.45542 2.05089 -0.389928</i>
                        <i>-0.0741987 0.997164 -0.0125995 -0.341673 -0.0372893 -0.939079 -0.936885 -0.0653735 0.343471 2.45542 2.05095 -0.389928</i>
                        <i>-0.0752694 0.99709 -0.0120574 -0.341675 -0.0371487 -0.939084 -0.936799 -0.0665646 0.343477 2.45542 2.05109 -0.389928</i>
                        <i>-0.0764019 0.997011 -0.011484 -0.341676 -0.0369998 -0.939089 -0.936707 -0.0678244 0.343482 2.45542 2.05134 -0.389928</i>
                        <i>-0.0775863 0.996926 -0.0108841 -0.341678 -0.036844 -0.939094 -0.936609 -0.069142 0.343487 2.45542 2.05167 -0.389928</i>
                        <i>-0.0788127 0.996837 -0.0102626 -0.34168 -0.0366824 -0.9391 -0.936506 -0.0705065 0.343491 2.45542 2.05209 -0.389928</i>
                        <i>-0.0800713 0.996743 -0.00962462 -0.341683 -0.0365164 -0.939106 -0.936398 -0.0719068 0.343494 2.45542 2.05259 -0.389928</i>
                        <i>-0.0813521 0.996645 -0.00897512 -0.341685 -0.0363473 -0.939112 -0.936287 -0.073332 0.343495 2.45542 2.05316 -0.389928</i>
                        <i>-0.0826451 0.996544 -0.0083192 -0.341687 -0.0361764 -0.939117 -0.936173 -0.0747708 0.343496 2.45542 2.05381 -0.389928</i>
                        <i>-0.0839401 0.996441 -0.00766196 -0.341689 -0.0360051 -0.939123 -0.936057 -0.0762121 0.343495 2.45542 2.05453 -0.389928</i>
                        <i>-0.0852271 0.996337 -0.00700855 -0.341691 -0.0358345 -0.939129 -0.93594 -0.0776445 0.343493 2.45542 2.05531 -0.389928</i>
                        <i>-0.0864959 0.996232 -0.00636418 -0.341693 -0.0356663 -0.939135 -0.935823 -0.0790567 0.343491 2.45542 2.05615 -0.389928</i>
                        <i>-0.087736 0.996127 -0.00573408 -0.341695 -0.0355016 -0.93914 -0.935707 -0.0804371 0.343487 2.45542 2.05705 -0.389928</i>
                        <i>-0.0889373 0.996024 -0.00512351 -0.341697 -0.0353419 -0.939145 -0.935592 -0.0817744 0.343482 2.45542 2.058 -0.389928</i>
                        <i>-0.0900893 0.995923 -0.00453779 -0.341699 -0.0351885 -0.939151 -0.935482 -0.0830569 0.343476 2.45542 2.059 -0.389928</i>
                        <i>-0.0911815 0.995826 -0.00398225 -0.341701 -0.035043 -0.939155 -0.935375 -0.0842729 0.34347 2.45542 2.06003 -0.389928</i>
                        <i>-0.0922036 0.995734 -0.00346227 -0.341702 -0.0349067 -0.93916 -0.935274 -0.0854108 0.343463 2.45542 2.06111 -0.389928</i>
                        <i>-0.0931448 0.995648 -0.00298325 -0.341704 -0.034781 -0.939164 -0.935181 -0.0864588 0.343456 2.45542 2.06222 -0.389928</i>
                        <i>-0.0939947 0.995569 -0.00255057 -0.341705 -0.0346675 -0.939168 -0.935095 -0.0874053 0.34345 2.45542 2.06336 -0.389928</i>
                        <i>-0.0947428 0.995499 -0.00216965 -0.341706 -0.0345675 -0.939171 -0.935019 -0.0882383 0.343443 2.45542 2.06453 -0.389928</i>
                        <i>-0.0953785 0.995439 -0.00184593 -0.341707 -0.0344824 -0.939174 -0.934954 -0.0889462 0.343438 2.45542 2.06572 -0.389928</i>
                        <i>-0.0958911 0.995391 -0.0015848 -0.341708 -0.0344138 -0.939176 -0.934901 -0.089517 0.343433 2.45542 2.06692 -0.389928</i>
                        <i>-0.0962702 0.995354 -0.00139166 -0.341709 -0.034363 -0.939178 -0.934862 -0.0899393 0.343429 2.45542 2.06814 -0.389928</i>
                        <i>-0.0965053 0.995332 -0.00127187 -0.341709 -0.0343315 -0.939179 -0.934838 -0.0902011 0.343427 2.45542 2.06937 -0.389928</i>
                        <i>-0.096586 0.995324 -0.00123077 -0.341709 -0.0343207 -0.939179 -0.934829 -0.0902909 0.343426 2.45542 2.0706 -0.389928</i>
                        <i>-0.096505 0.995332 -0.00127202 -0.341709 -0.0343316 -0.939179 -0.934838 -0.0902008 0.343427 2.45542 2.07183 -0.389928</i>
                        <i>-0.0962691 0.995354 -0.00139222 -0.341709 -0.0343632 -0.939178 -0.934862 -0.089938 0.343429 2.45542 2.07306 -0.389928</i>
                        <i>-0.0958887 0.995391 -0.001586 -0.341708 -0.0344141 -0.939176 -0.934902 -0.0895144 0.343433 2.45542 2.07427 -0.389928</i>
                        <i>-0.0953744 0.99544 -0.00184797 -0.341707 -0.034483 -0.939174 -0.934954 -0.0889417 0.343438 2.45542 2.07548 -0.389928</i>
                        <i>-0.0947369 0.9955 -0.00217267 -0.341706 -0.0345683 -0.939171 -0.93502 -0.0882317 0.343443 2.45542 2.07667 -0.389928</i>
                        <i>-0.0939867 0.99557 -0.00255467 -0.341705 -0.0346686 -0.939168 -0.935096 -0.0873963 0.34345 2.45542 2.07783 -0.389928</i>
                        <i>-0.0931344 0.995649 -0.00298852 -0.341704 -0.0347824 -0.939164 -0.935182 -0.0864473 0.343456 2.45542 2.07897 -0.389928</i>
                        <i>-0.0921908 0.995735 -0.00346876 -0.341702 -0.0349084 -0.93916 -0.935276 -0.0853966 0.343463 2.45542 2.08009 -0.389928</i>
                        <i>-0.0911664 0.995828 -0.00398994 -0.341701 -0.035045 -0.939155 -0.935377 -0.0842561 0.34347 2.45542 2.08116 -0.389928</i>
                        <i>-0.0900719 0.995925 -0.00454663 -0.341699 -0.0351908 -0.93915 -0.935483 -0.0830375 0.343476 2.45542 2.0822 -0.389928</i>
                        <i>-0.0889178 0.996026 -0.00513342 -0.341697 -0.0353444 -0.939145 -0.935594 -0.0817527 0.343482 2.45542 2.0832 -0.389928</i>
                        <i>-0.0877146 0.996129 -0.00574495 -0.341695 -0.0355044 -0.93914 -0.935709 -0.0804133 0.343487 2.45542 2.08415 -0.389928</i>
                        <i>-0.0864729 0.996234 -0.00637585 -0.341693 -0.0356693 -0.939134 -0.935825 -0.0790311 0.343491 2.45542 2.08504 -0.389928</i>
                        <i>-0.085203 0.996339 -0.00702084 -0.341691 -0.0358378 -0.939129 -0.935942 -0.0776176 0.343493 2.45542 2.08588 -0.389928</i>
                        <i>-0.0839152 0.996443 -0.00767463 -0.341689 -0.0360084 -0.939123 -0.936059 -0.0761843 0.343495 2.45542 2.08667 -0.389928</i>
                        <i>-0.0826199 0.996546 -0.00833198 -0.341687 -0.0361798 -0.939117 -0.936175 -0.0747428 0.343496 2.45542 2.08738 -0.389928</i>
                        <i>-0.0813273 0.996647 -0.00898772 -0.341685 -0.0363506 -0.939111 -0.936289 -0.0733044 0.343495 2.45542 2.08803 -0.389928</i>
                        <i>-0.0800475 0.996744 -0.0096367 -0.341683 -0.0365196 -0.939106 -0.9364 -0.0718803 0.343493 2.45542 2.08861 -0.389928</i>
                        <i>-0.0787906 0.996838 -0.0102738 -0.34168 -0.0366853 -0.9391 -0.936508 -0.0704819 0.343491 2.45542 2.08911 -0.389928</i>
                        <i>-0.0775667 0.996928 -0.010894 -0.341678 -0.0368466 -0.939094 -0.936611 -0.0691202 0.343487 2.45542 2.08953 -0.389928</i>
                        <i>-0.0763857 0.997012 -0.0114922 -0.341676 -0.037002 -0.939089 -0.936708 -0.0678064 0.343482 2.45542 2.08986 -0.389928</i>
                        <i>-0.0752577 0.997091 -0.0120634 -0.341675 -0.0371502 -0.939084 -0.9368 -0.0665515 0.343477 2.45542 2.0901 -0.389928</i>
                        <i>-0.0741922 0.997164 -0.0126027 -0.341673 -0.0372902 -0.939079 -0.936886 -0.0653664 0.343471 2.45542 2.09025 -0.389928</i>
                        <i>-0.0731994 0.997231 -0.0131051 -0.341671 -0.0374204 -0.939074 -0.936965 -0.064262 0.343464 2.45542 2.0903 -0.389928</i>
                        <i>-0.0722095 0.997297 -0.0136059 -0.341669 -0.0375502 -0.93907 -0.937042 -0.063161 0.343457 2.45542 2.09025 -0.389928</i>
                        <i>-0.0711531 0.997365 -0.0141402 -0.341668 -0.0376886 -0.939065 -0.937123 -0.0619861 0.343449 2.45542 2.0901 -0.389928</i>
                        <i>-0.0700402 0.997436 -0.0147029 -0.341666 -0.0378342 -0.93906 -0.937208 -0.0607485 0.34344 2.45542 2.08986 -0.389928</i>
                        <i>-0.0688808 0.997508 -0.0152888 -0.341664 -0.0379858 -0.939054 -0.937295 -0.0594592 0.343429 2.45542 2.08953 -0.389928</i>
                        <i>-0.0676849 0.99758 -0.0158931 -0.341662 -0.038142 -0.939049 -0.937383 -0.0581293 0.343417 2.45542 2.08911 -0.389928</i>
                        <i>-0.0664622 0.997652 -0.0165106 -0.34166 -0.0383015 -0.939043 -0.937471 -0.0567698 0.343403 2.45542 2.08861 -0.389928</i>
                        <i>-0.0652226 0.997724 -0.0171364 -0.341658 -0.0384631 -0.939037 -0.937559 -0.0553916 0.343388 2.45542 2.08803 -0.389928</i>
                        <i>-0.0639759 0.997793 -0.0177656 -0.341655 -0.0386254 -0.939031 -0.937645 -0.0540056 0.343373 2.45542 2.08738 -0.389928</i>
                        <i>-0.0627317 0.997861 -0.0183933 -0.341653 -0.0387873 -0.939025 -0.93773 -0.0526225 0.343356 2.45542 2.08667 -0.389928</i>
                        <i>-0.0614998 0.997926 -0.0190146 -0.341651 -0.0389474 -0.93902 -0.937813 -0.0512531 0.343338 2.45542 2.08588 -0.389928</i>
                        <i>-0.0602895 0.997988 -0.0196248 -0.341649 -0.0391045 -0.939014 -0.937892 -0.0499079 0.343319 2.45542 2.08504 -0.389928</i>
                        <i>-0.0591106 0.998047 -0.0202189 -0.341647 -0.0392574 -0.939008 -0.937968 -0.0485976 0.3433 2.45542 2.08415 -0.389928</i>
                        <i>-0.0579724 0.998102 -0.0207923 -0.341645 -0.0394048 -0.939003 -0.938039 -0.0473326 0.343281 2.45542 2.0832 -0.389928</i>
                        <i>-0.0568843 0.998153 -0.0213403 -0.341643 -0.0395457 -0.938997 -0.938107 -0.0461234 0.343262 2.45542 2.0822 -0.389928</i>
                        <i>-0.0558558 0.9982 -0.0218582 -0.341641 -0.0396787 -0.938992 -0.938169 -0.0449805 0.343243 2.45542 2.08116 -0.389928</i>
                        <i>-0.054896 0.998242 -0.0223412 -0.34164 -0.0398028 -0.938988 -0.938226 -0.0439141 0.343224 2.45542 2.08009 -0.389928</i>
                        <i>-0.0540144 0.99828 -0.0227849 -0.341638 -0.0399167 -0.938984 -0.938278 -0.0429345 0.343207 2.45542 2.07897 -0.389928</i>
                        <i>-0.0532203 0.998314 -0.0231844 -0.341637 -0.0400192 -0.93898 -0.938324 -0.0420521 0.34319 2.45542 2.07783 -0.389928</i>
                        <i>-0.0525227 0.998342 -0.0235352 -0.341635 -0.0401092 -0.938976 -0.938364 -0.0412771 0.343176 2.45542 2.07667 -0.389928</i>
                        <i>-0.0519312 0.998366 -0.0238327 -0.341634 -0.0401854 -0.938973 -0.938397 -0.0406199 0.343163 2.45542 2.07548 -0.389928</i>
                        <i>-0.0514548 0.998385 -0.0240723 -0.341634 -0.0402468 -0.938971 -0.938424 -0.0400907 0.343153 2.45542 2.07427 -0.389928</i>
                        <i>-0.0511029 0.998399 -0.0242492 -0.341633 -0.0402922 -0.938969 -0.938443 -0.0396998 0.343145 2.45542 2.07306 -0.389928</i>
                        <i>-0.0508849 0.998407 -0.0243588 -0.341633 -0.0403203 -0.938968 -0.938455 -0.0394576 0.34314 2.45542 2.07183 -0.389928</i>
                        <i>-0.0508101 0.99841 -0.0243964 -0.341632 -0.0403299 -0.938968 -0.938459 -0.0393745 0.343139 2.45542 2.0706 -0.389928</i>
