<?xml version="1.0" encoding="ISO-8859-1" ?>
<Animl Version="1">
    <ModellingPackage><![CDATA[Maya.2010]]></ModellingPackage>
    <SrcFile><![CDATA[anims\turrets\artillery\red\~src\artillery_d30\artillery_d30_reload_high_crewman_a.mb]]></SrcFile>
    <FramesPerSecond>30</FramesPerSecond>
    <TotalFrames>76</TotalFrames>
    <Skeleton>
        <RefFrame>
            <Name><![CDATA[soldier_ref_frame]]></Name>
            <Exclude>0</Exclude>
            <Additive>0</Additive>
            <IKPriority>0</IKPriority>
            <IKRotLimits>-1e+010 -1e+010 -1e+010 1e+010 1e+010 1e+010</IKRotLimits>
            <IKRotLimitOrder>0</IKRotLimitOrder>
            <KeyFrames count="76">
                <i>1 0 0 0 1 0 0 0 1 1.7 1.35 -3.33</i>
                <i>1 0 0 0 1 0 0 0 1 1.7 1.35 -3.33</i>
                <i>1 0 0 0 1 0 0 0 1 1.7 1.35 -3.33</i>
                <i>1 0 0 0 1 0 0 0 1 1.7 1.35 -3.33</i>
                <i>1 0 0 0 1 0 0 0 1 1.7 1.35 -3.33</i>
                <i>1 0 0 0 1 0 0 0 1 1.7 1.35 -3.33</i>
                <i>1 0 0 0 1 0 0 0 1 1.7 1.35 -3.33</i>
                <i>1 0 0 0 1 0 0 0 1 1.7 1.35 -3.33</i>
                <i>1 0 0 0 1 0 0 0 1 1.7 1.35 -3.33</i>
                <i>1 0 0 0 1 0 0 0 1 1.7 1.35 -3.33</i>
                <i>1 0 0 0 1 0 0 0 1 1.7 1.35 -3.33</i>
                <i>1 0 0 0 1 0 0 0 1 1.7 1.35 -3.33</i>
                <i>1 0 0 0 1 0 0 0 1 1.7 1.35 -3.33</i>
                <i>1 0 0 0 1 0 0 0 1 1.7 1.35 -3.33</i>
                <i>1 0 0 0 1 0 0 0 1 1.7 1.35 -3.33</i>
                <i>1 0 0 0 1 0 0 0 1 1.7 1.35 -3.33</i>
                <i>1 0 0 0 1 0 0 0 1 1.7 1.35 -3.33</i>
                <i>1 0 0 0 1 0 0 0 1 1.7 1.35 -3.33</i>
                <i>1 0 0 0 1 0 0 0 1 1.7 1.35 -3.33</i>
                <i>1 0 0 0 1 0 0 0 1 1.7 1.35 -3.33</i>
                <i>1 0 0 0 1 0 0 0 1 1.7 1.35 -3.33</i>
                <i>1 0 0 0 1 0 0 0 1 1.7 1.35 -3.33</i>
                <i>1 0 0 0 1 0 0 0 1 1.7 1.35 -3.33</i>
                <i>1 0 0 0 1 0 0 0 1 1.7 1.35 -3.33</i>
                <i>1 0 0 0 1 0 0 0 1 1.7 1.35 -3.33</i>
                <i>1 0 0 0 1 0 0 0 1 1.7 1.35 -3.33</i>
                <i>1 0 0 0 1 0 0 0 1 1.7 1.35 -3.33</i>
                <i>1 0 0 0 1 0 0 0 1 1.7 1.35 -3.33</i>
                <i>1 0 0 0 1 0 0 0 1 1.7 1.35 -3.33</i>
                <i>1 0 0 0 1 0 0 0 1 1.7 1.35 -3.33</i>
                <i>1 0 0 0 1 0 0 0 1 1.7 1.35 -3.33</i>
                <i>1 0 0 0 1 0 0 0 1 1.7 1.35 -3.33</i>
                <i>1 0 0 0 1 0 0 0 1 1.7 1.35 -3.33</i>
                <i>1 0 0 0 1 0 0 0 1 1.7 1.35 -3.33</i>
                <i>1 0 0 0 1 0 0 0 1 1.7 1.35 -3.33</i>
                <i>1 0 0 0 1 0 0 0 1 1.7 1.35 -3.33</i>
                <i>1 0 0 0 1 0 0 0 1 1.7 1.35 -3.33</i>
                <i>1 0 0 0 1 0 0 0 1 1.7 1.35 -3.33</i>
                <i>1 0 0 0 1 0 0 0 1 1.7 1.35 -3.33</i>
                <i>1 0 0 0 1 0 0 0 1 1.7 1.35 -3.33</i>
                <i>1 0 0 0 1 0 0 0 1 1.7 1.35 -3.33</i>
                <i>1 0 0 0 1 0 0 0 1 1.7 1.35 -3.33</i>
                <i>1 0 0 0 1 0 0 0 1 1.7 1.35 -3.33</i>
                <i>1 0 0 0 1 0 0 0 1 1.7 1.35 -3.33</i>
                <i>1 0 0 0 1 0 0 0 1 1.7 1.35 -3.33</i>
                <i>1 0 0 0 1 0 0 0 1 1.7 1.35 -3.33</i>
                <i>1 0 0 0 1 0 0 0 1 1.7 1.35 -3.33</i>
                <i>1 0 0 0 1 0 0 0 1 1.7 1.35 -3.33</i>
                <i>1 0 0 0 1 0 0 0 1 1.7 1.35 -3.33</i>
                <i>1 0 0 0 1 0 0 0 1 1.7 1.35 -3.33</i>
                <i>1 0 0 0 1 0 0 0 1 1.7 1.35 -3.33</i>
                <i>1 0 0 0 1 0 0 0 1 1.7 1.35 -3.33</i>
                <i>1 0 0 0 1 0 0 0 1 1.7 1.35 -3.33</i>
                <i>1 0 0 0 1 0 0 0 1 1.7 1.35 -3.33</i>
                <i>1 0 0 0 1 0 0 0 1 1.7 1.35 -3.33</i>
                <i>1 0 0 0 1 0 0 0 1 1.7 1.35 -3.33</i>
                <i>1 0 0 0 1 0 0 0 1 1.69064 1.35 -3.23328</i>
                <i>1 0 0 0 1 0 0 0 1 1.66832 1.35 -3.00264</i>
                <i>1 0 0 0 1 0 0 0 1 1.64168 1.35 -2.72736</i>
                <i>1 0 0 0 1 0 0 0 1 1.61936 1.35 -2.49672</i>
                <i>1 0 0 0 1 0 0 0 1 1.61 1.35 -2.4</i>
                <i>1 0 0 0 1 0 0 0 1 1.61 1.35 -2.4</i>
                <i>1 0 0 0 1 0 0 0 1 1.61 1.35 -2.4</i>
                <i>1 0 0 0 1 0 0 0 1 1.61 1.35 -2.4</i>
                <i>1 0 0 0 1 0 0 0 1 1.61 1.35 -2.4</i>
                <i>1 0 0 0 1 0 0 0 1 1.61 1.35 -2.4</i>
                <i>1 0 0 0 1 0 0 0 1 1.61 1.35 -2.4</i>
                <i>1 0 0 0 1 0 0 0 1 1.61 1.35 -2.4</i>
                <i>1 0 0 0 1 0 0 0 1 1.61 1.35 -2.4</i>
                <i>1 0 0 0 1 0 0 0 1 1.61 1.35 -2.4</i>
                <i>1 0 0 0 1 0 0 0 1 1.61 1.35 -2.4</i>
                <i>1 0 0 0 1 0 0 0 1 1.61 1.35 -2.4</i>
                <i>1 0 0 0 1 0 0 0 1 1.61 1.35 -2.4</i>
                <i>1 0 0 0 1 0 0 0 1 1.61 1.35 -2.4</i>
                <i>1 0 0 0 1 0 0 0 1 1.61 1.35 -2.4</i>
                <i>1 0 0 0 1 0 0 0 1 1.61 1.35 -2.4</i>
            </KeyFrames>
        </RefFrame>
        <Bones count="23">
            <i>
                <p>
                    <Name><![CDATA[pelvis]]></Name>
                    <Exclude>0</Exclude>
                    <Additive>0</Additive>
                    <IKPriority>0</IKPriority>
                    <IKRotLimits>-1e+010 -1e+010 -1e+010 1e+010 1e+010 1e+010</IKRotLimits>
                    <IKRotLimitOrder>2</IKRotLimitOrder>
                    <KeyFrames count="76">
                        <i>1 0 0 0 1 0 0 0 1 4.1245 1.38235 -2.84886</i>
                        <i>1 0 0 0 1 0 0 0 1 4.1245 1.38235 -2.84886</i>
                        <i>1 0 0 0 1 0 0 0 1 4.1245 1.38235 -2.84886</i>
                        <i>1 0 0 0 1 0 0 0 1 4.1245 1.38235 -2.84886</i>
                        <i>1 0 0 0 1 0 0 0 1 4.1245 1.38235 -2.84886</i>
                        <i>1 0 0 0 1 0 0 0 1 4.1245 1.38235 -2.84886</i>
                        <i>1 0 0 0 1 0 0 0 1 4.1245 1.38235 -2.84886</i>
                        <i>1 0 0 0 1 0 0 0 1 4.1245 1.38235 -2.84886</i>
                        <i>1 0 0 0 1 0 0 0 1 4.1245 1.38235 -2.84886</i>
                        <i>1 0 0 0 1 0 0 0 1 4.1245 1.38235 -2.84886</i>
                        <i>1 0 0 0 1 0 0 0 1 4.1245 1.38235 -2.84886</i>
                        <i>1 0 0 0 1 0 0 0 1 4.1245 1.38235 -2.84886</i>
                        <i>1 0 0 0 1 0 0 0 1 4.1245 1.38235 -2.84886</i>
                        <i>1 0 0 0 1 0 0 0 1 4.1253 1.37927 -2.84525</i>
                        <i>1 0 0 0 1 0 0 0 1 4.1245 1.38235 -2.84886</i>
                        <i>1 0 0 0 1 0 0 0 1 4.12962 1.39288 -2.86538</i>
                        <i>1 0 0 0 1 0 0 0 1 4.14457 1.40184 -2.88504</i>
                        <i>1 0 0 0 1 0 0 0 1 4.15917 1.41216 -2.9063</i>
                        <i>1 0 0 0 1 0 0 0 1 4.16322 1.42679 -2.92764</i>
                        <i>1 0 0 0 1 0 0 0 1 4.14653 1.44869 -2.94753</i>
                        <i>1 0 0 0 1 0 0 0 1 4.09889 1.4808 -2.96444</i>
                        <i>1 0 0 0 1 0 0 0 1 4.0247 1.52064 -2.97788</i>
                        <i>1 0 0 0 1 0 0 0 1 3.93689 1.5636 -2.9889</i>
                        <i>1 0 0 0 1 0 0 0 1 3.8381 1.60947 -2.99832</i>
                        <i>1 0 0 0 1 0 0 0 1 3.73096 1.65803 -3.00695</i>
                        <i>1 0 0 0 1 0 0 0 1 3.61811 1.70906 -3.0156</i>
                        <i>1 0 0 0 1 0 0 0 1 3.50218 1.76234 -3.02508</i>
                        <i>1 0 0 0 1 0 0 0 1 3.38582 1.81764 -3.0362</i>
                        <i>1 0 0 0 1 0 0 0 1 3.27165 1.87475 -3.04977</i>
                        <i>1 0 0 0 1 0 0 0 1 3.16232 1.93344 -3.0666</i>
                        <i>1 0 0 0 1 0 0 0 1 3.06045 1.9935 -3.08751</i>
                        <i>1 0 0 0 1 0 0 0 1 2.96502 2.0688 -3.12459</i>
                        <i>1 0 0 0 1 0 0 0 1 2.87405 2.16241 -3.17977</i>
                        <i>1 0 0 0 1 0 0 0 1 2.78876 2.25808 -3.2388</i>
                        <i>1 0 0 0 1 0 0 0 1 2.71039 2.33961 -3.28775</i>
                        <i>1 0 0 0 1 0 0 0 1 2.64011 2.39083 -3.31268</i>
                        <i>1 0 0 0 1 0 0 0 1 2.58444 2.39902 -3.30717</i>
                        <i>1 0 0 0 1 0 0 0 1 2.5424 2.37445 -3.27824</i>
                        <i>1 0 0 0 1 0 0 0 1 2.50374 2.33548 -3.23367</i>
                        <i>1 0 0 0 1 0 0 0 1 2.45888 2.30124 -3.18505</i>
                        <i>1 0 0 0 1 0 0 0 1 2.39966 2.29211 -3.14654</i>
                        <i>1 0 0 0 1 0 0 0 1 2.32373 2.31913 -3.11638</i>
                        <i>1 0 0 0 1 0 0 0 1 2.23825 2.36947 -3.08513</i>
                        <i>1 0 0 0 1 0 0 0 1 2.14961 2.42831 -3.05524</i>
                        <i>1 0 0 0 1 0 0 0 1 2.06433 2.4808 -3.02911</i>
                        <i>1 0 0 0 1 0 0 0 1 1.98922 2.51191 -3.00911</i>
                        <i>1 0 0 0 1 0 0 0 1 1.92886 2.5144 -2.99953</i>
                        <i>1 0 0 0 1 0 0 0 1 1.87908 2.49805 -2.99798</i>
                        <i>1 0 0 0 1 0 0 0 1 1.83369 2.47336 -2.99707</i>
                        <i>1 0 0 0 1 0 0 0 1 1.78649 2.45092 -2.98961</i>
                        <i>1 0 0 0 1 0 0 0 1 1.7312 2.44147 -2.96858</i>
                        <i>1 0 0 0 1 0 0 0 1 1.65795 2.45132 -2.92326</i>
                        <i>1 0 0 0 1 0 0 0 1 1.57109 2.47342 -2.85906</i>
                        <i>1 0 0 0 1 0 0 0 1 1.48564 2.49847 -2.79286</i>
                        <i>1 0 0 0 1 0 0 0 1 1.41682 2.51712 -2.74113</i>
                        <i>1 0 0 0 1 0 0 0 1 1.38 2.52 -2.72</i>
                        <i>1 0 0 0 1 0 0 0 1 1.40984 2.49975 -2.65868</i>
                        <i>1 0 0 0 1 0 0 0 1 1.4876 2.46261 -2.51758</i>
                        <i>1 0 0 0 1 0 0 0 1 1.54859 2.4196 -2.35954</i>
                        <i>1 0 0 0 1 0 0 0 1 1.56521 2.38173 -2.33026</i>
                        <i>1 0 0 0 1 0 0 0 1 1.57 2.36 -2.4</i>
                        <i>1 0 0 0 1 0 0 0 1 1.57473 2.35984 -2.43359</i>
                        <i>1 0 0 0 1 0 0 0 1 1.57532 2.37392 -2.43779</i>
                        <i>1 0 0 0 1 0 0 0 1 1.57354 2.39408 -2.42519</i>
                        <i>1 0 0 0 1 0 0 0 1 1.57118 2.41216 -2.4084</i>
                        <i>1 0 0 0 1 0 0 0 1 1.57 2.42 -2.4</i>
                        <i>1 0 0 0 1 0 0 0 1 1.57 2.42 -2.4</i>
                        <i>1 0 0 0 1 0 0 0 1 1.57 2.42 -2.4</i>
                        <i>1 0 0 0 1 0 0 0 1 1.57 2.42 -2.4</i>
                        <i>1 0 0 0 1 0 0 0 1 1.57 2.42 -2.4</i>
                        <i>1 0 0 0 1 0 0 0 1 1.57 2.42 -2.4</i>
                        <i>1 0 0 0 1 0 0 0 1 1.57 2.42 -2.4</i>
                        <i>1 0 0 0 1 0 0 0 1 1.57 2.42 -2.4</i>
                        <i>1 0 0 0 1 0 0 0 1 1.57 2.42 -2.4</i>
                        <i>1 0 0 0 1 0 0 0 1 1.57 2.42 -2.4</i>
                        <i>1 0 0 0 1 0 0 0 1 1.57 2.42 -2.4</i>
                    </KeyFrames>
                </p>
            </i>
            <i>
                <p>
                    <Name><![CDATA[spine0]]></Name>
                    <Exclude>0</Exclude>
                    <Additive>0</Additive>
                    <IKPriority>0</IKPriority>
                    <IKRotLimits>-1e+010 -1e+010 -1e+010 1e+010 1e+010 1e+010</IKRotLimits>
                    <IKRotLimitOrder>0</IKRotLimitOrder>
                    <KeyFrames count="76">
                        <i>-0.118915 0.986827 0.109692 -0.0252062 0.10744 -0.993892 -0.992584 -0.120954 0.012098 4.19067 1.50888 -2.83135</i>
                        <i>-0.118986 0.986809 0.109775 -0.0251944 0.107524 -0.993883 -0.992576 -0.121024 0.0120681 4.19067 1.50888 -2.83135</i>
                        <i>-0.119057 0.98679 0.109871 -0.0251809 0.107621 -0.993873 -0.992568 -0.121094 0.0120352 4.19067 1.50888 -2.83135</i>
                        <i>-0.119114 0.986773 0.109961 -0.0251681 0.107714 -0.993863 -0.992562 -0.121151 0.012005 4.19067 1.50888 -2.83135</i>
                        <i>-0.119153 0.98676 0.110034 -0.0251577 0.107788 -0.993856 -0.992557 -0.121189 0.0119814 4.19067 1.50888 -2.83135</i>
                        <i>-0.119176 0.986752 0.110078 -0.0251515 0.107832 -0.993851 -0.992554 -0.121212 0.0119673 4.19067 1.50888 -2.83135</i>
                        <i>-0.119188 0.98675 0.110082 -0.025151 0.107836 -0.99385 -0.992553 -0.121224 0.011965 4.19067 1.50888 -2.83135</i>
                        <i>-0.11917 0.986763 0.10999 -0.0251641 0.107742 -0.99386 -0.992555 -0.121206 0.0119915 4.19067 1.50888 -2.83135</i>
                        <i>-0.119073 0.986796 0.109794 -0.025192 0.107542 -0.993881 -0.992566 -0.121111 0.012054 4.19067 1.50888 -2.83135</i>
                        <i>-0.118899 0.986842 0.109568 -0.0252238 0.107314 -0.993905 -0.992586 -0.120938 0.0121325 4.19067 1.50888 -2.83135</i>
                        <i>-0.118757 0.986875 0.109424 -0.0252442 0.107168 -0.99392 -0.992602 -0.120797 0.012186 4.19067 1.50888 -2.83135</i>
                        <i>-0.118003 0.986698 0.111816 -0.0249013 0.109627 -0.993661 -0.992701 -0.120039 0.0116337 4.19067 1.50888 -2.83135</i>
                        <i>-0.11685 0.986365 0.115888 -0.0243176 0.113811 -0.993205 -0.992852 -0.118875 0.0106872 4.19067 1.50888 -2.83135</i>
                        <i>-0.112125 0.987127 0.114056 -0.0151452 0.113069 -0.993472 -0.993579 -0.11312 0.00227243 4.19204 1.50546 -2.82741</i>
                        <i>-0.118915 0.986827 0.109692 -0.0252062 0.10744 -0.993892 -0.992584 -0.120954 0.012098 4.19067 1.50888 -2.83135</i>
                        <i>-0.143299 0.983643 0.109146 -0.0701538 0.0999107 -0.99252 -0.98719 -0.149884 0.0546891 4.19302 1.52099 -2.84912</i>
                        <i>-0.172104 0.978808 0.110974 -0.124288 0.090178 -0.98814 -0.977206 -0.183856 0.106134 4.20441 1.53176 -2.86971</i>
                        <i>-0.205411 0.971906 0.114913 -0.180463 0.0777882 -0.980501 -0.961894 -0.222143 0.159415 4.21505 1.54389 -2.89142</i>
                        <i>-0.24252 0.962785 0.119282 -0.232404 0.0617161 -0.970659 -0.941898 -0.263126 0.208788 4.21525 1.56011 -2.91291</i>
                        <i>-0.282258 0.951682 0.120966 -0.274946 0.0405538 -0.960604 -0.919095 -0.304397 0.250215 4.19529 1.58327 -2.93311</i>
                        <i>-0.323439 0.939129 0.115862 -0.303881 0.0128689 -0.952623 -0.896127 -0.343324 0.281221 4.14545 1.61627 -2.95114</i>
                        <i>-0.374806 0.921566 0.101179 -0.322076 -0.0270921 -0.946326 -0.869361 -0.387276 0.306968 4.07017 1.65667 -2.96673</i>
                        <i>-0.437098 0.895887 0.0795785 -0.335382 -0.0802531 -0.938658 -0.834545 -0.436974 0.335542 3.982 1.69996 -2.98063</i>
                        <i>-0.495441 0.866864 0.0555442 -0.344918 -0.137639 -0.928486 -0.797226 -0.479168 0.36719 3.88332 1.74596 -2.99349</i>
                        <i>-0.53312 0.845341 0.0343782 -0.35263 -0.185085 -0.917276 -0.769048 -0.501141 0.396766 3.77654 1.79448 -3.00594</i>
                        <i>-0.548341 0.836069 0.0176129 -0.359687 -0.216784 -0.907541 -0.754948 -0.503977 0.419595 3.66406 1.84535 -3.01859</i>
                        <i>-0.552762 0.833333 0.00330869 -0.365648 -0.238968 -0.899553 -0.748836 -0.498449 0.436799 3.54832 1.89842 -3.03208</i>
                        <i>-0.54996 0.835148 -0.00851357 -0.370526 -0.253108 -0.89367 -0.748501 -0.488328 0.448644 3.43172 1.95355 -3.04701</i>
                        <i>-0.543328 0.839333 -0.017752 -0.374428 -0.261197 -0.889708 -0.751398 -0.476756 0.456186 3.3167 2.01062 -3.06407</i>
                        <i>-0.536019 0.84386 -0.024171 -0.377684 -0.265314 -0.887109 -0.755009 -0.466378 0.460926 3.20568 2.06952 -3.0839</i>
                        <i>-0.530947 0.846964 -0.0273443 -0.38085 -0.267325 -0.88515 -0.757 -0.459554 0.464502 3.10106 2.13011 -3.10717</i>
                        <i>-0.527489 0.849246 -0.0231599 -0.38528 -0.263426 -0.884402 -0.757176 -0.457589 0.466152 2.99894 2.20708 -3.14519</i>
                        <i>-0.52386 0.851748 -0.00982154 -0.392071 -0.251344 -0.884933 -0.756209 -0.45973 0.465614 2.89682 2.30311 -3.19931</i>
                        <i>-0.52051 0.853805 0.0092687 -0.399392 -0.23386 -0.886451 -0.754689 -0.465108 0.462729 2.79928 2.40056 -3.25568</i>
                        <i>-0.515609 0.856323 0.0293143 -0.402149 -0.211648 -0.890776 -0.756587 -0.47108 0.453497 2.71094 2.48281 -3.30148</i>
                        <i>-0.504524 0.862282 0.0438778 -0.39247 -0.183776 -0.901218 -0.769041 -0.471907 0.431139 2.63631 2.53417 -3.32441</i>
                        <i>-0.485216 0.873078 0.0479556 -0.347643 -0.142299 -0.926766 -0.802315 -0.466353 0.372565 2.58382 2.54249 -3.31772</i>
                        <i>-0.45673 0.88871 0.0399117 -0.264768 -0.0929656 -0.95982 -0.849291 -0.448946 0.277762 2.55062 2.51782 -3.28686</i>
                        <i>-0.415501 0.909313 0.0225507 -0.17009 -0.0533184 -0.983985 -0.893548 -0.412683 0.176819 2.52386 2.47781 -3.23943</i>
                        <i>-0.362519 0.931958 0.00590244 -0.0983612 -0.0319618 -0.994637 -0.926771 -0.361156 0.103255 2.49094 2.44145 -3.18817</i>
                        <i>-0.304877 0.952388 0.00254761 -0.0863099 -0.0249652 -0.995955 -0.948473 -0.303864 0.0898118 2.44055 2.43 -3.14995</i>
                        <i>-0.240787 0.97055 0.00737465 -0.128249 -0.0242842 -0.991445 -0.962067 -0.239673 0.130319 2.37079 2.45483 -3.12457</i>
                        <i>-0.169145 0.985566 0.00709299 -0.191733 -0.0258448 -0.981107 -0.966762 -0.16731 0.193337 2.2906 2.50251 -3.10108</i>
                        <i>-0.0997641 0.995011 0.000450647 -0.270467 -0.0266823 -0.962359 -0.957546 -0.0961308 0.271779 2.2053 2.55849 -3.08072</i>
                        <i>-0.0421591 0.999057 -0.0103979 -0.35725 -0.024793 -0.93368 -0.933057 -0.0356485 0.357958 2.12087 2.60834 -3.06424</i>
                        <i>-0.00433622 0.999807 -0.0191602 -0.444744 -0.0190893 -0.895454 -0.895647 0.00463849 0.444741 2.04421 2.63767 -3.05219</i>
                        <i>0.0109694 0.999788 -0.0174319 -0.529279 -0.0089852 -0.8484 -0.848377 0.0185328 0.529068 1.98107 2.63955 -3.04755</i>
                        <i>0.0119741 0.999915 -0.00523032 -0.607303 0.00311687 -0.794464 -0.79438 0.0126894 0.607289 1.92848 2.62339 -3.04843</i>
                        <i>0.00734309 0.999894 0.0125637 -0.673199 0.0142335 -0.739325 -0.739425 -0.00302891 0.673232 1.88082 2.5993 -3.0482</i>
                        <i>0.0030051 0.99954 0.0301703 -0.722458 0.0230303 -0.691032 -0.691409 -0.0197201 0.722195 1.83207 2.5776 -3.04033</i>
                        <i>0.00301625 0.999162 0.0408204 -0.751597 0.0291912 -0.658976 -0.659616 -0.0286929 0.751055 1.77579 2.56886 -3.01838</i>
                        <i>0.00393687 0.999113 0.0419287 -0.74588 0.0308617 -0.665365 -0.666068 -0.0286543 0.74534 1.70295 2.57963 -2.97024</i>
                        <i>0.000885015 0.999246 0.0388271 -0.704068 0.0281951 -0.709573 -0.710132 -0.0267089 0.703561 1.61775 2.603 -2.90063</i>
                        <i>-0.00504266 0.999378 0.0348894 -0.643002 0.0234802 -0.765505 -0.765848 -0.0262941 0.642484 1.53361 2.62944 -2.82808</i>
                        <i>-0.0127115 0.999373 0.0330451 -0.584533 0.019386 -0.811139 -0.811271 -0.0296268 0.58392 1.46489 2.64942 -2.77083</i>
                        <i>-0.0211217 0.999108 0.0365665 -0.556022 0.0186577 -0.830958 -0.830899 -0.037883 0.555132 1.42683 2.6534 -2.74662</i>
                        <i>-0.0329095 0.998341 0.0472422 -0.569519 0.0201112 -0.821732 -0.821319 -0.0539481 0.567913 1.45407 2.63409 -2.68503</i>
                        <i>-0.0499715 0.996779 0.0627296 -0.607726 0.0194953 -0.793907 -0.792573 -0.0777951 0.604794 1.52821 2.59783 -2.54522</i>
                        <i>-0.0700077 0.994286 0.0805826 -0.655199 0.0150818 -0.755306 -0.752206 -0.105675 0.650399 1.58521 2.55556 -2.38905</i>
                        <i>-0.0904804 0.991021 0.0984441 -0.697944 0.00741353 -0.716114 -0.710414 -0.133503 0.691006 1.59818 2.51825 -2.36143</i>
                        <i>-0.108582 0.987514 0.114134 -0.724509 -4.44089e-016 -0.689266 -0.680659 -0.157533 0.715462 1.60049 2.49689 -2.43205</i>
                        <i>-0.125723 0.983492 0.130147 -0.734132 -0.00399393 -0.678996 -0.667267 -0.18091 0.722514 1.60417 2.49691 -2.46583</i>
                        <i>-0.143663 0.978436 0.148407 -0.735306 -0.00517012 -0.677716 -0.662334 -0.206487 0.720192 1.60463 2.51102 -2.47006</i>
                        <i>-0.159743 0.97311 0.16595 -0.731721 -0.0038814 -0.681593 -0.662621 -0.230308 0.712665 1.60325 2.53111 -2.45739</i>
                        <i>-0.171283 0.968764 0.17933 -0.726922 -0.0014041 -0.686719 -0.665016 -0.247982 0.704456 1.60141 2.5491 -2.4405</i>
                        <i>-0.175688 0.96697 0.184671 -0.724509 2.22045e-016 -0.689266 -0.666499 -0.254892 0.700578 1.60049 2.55689 -2.43205</i>
                        <i>-0.175688 0.96697 0.184671 -0.724509 2.22045e-016 -0.689266 -0.666499 -0.254892 0.700578 1.60049 2.55689 -2.43205</i>
                        <i>-0.175688 0.96697 0.184671 -0.724509 2.22045e-016 -0.689266 -0.666499 -0.254892 0.700578 1.60049 2.55689 -2.43205</i>
                        <i>-0.175688 0.96697 0.184671 -0.724509 2.22045e-016 -0.689266 -0.666499 -0.254892 0.700578 1.60049 2.55689 -2.43205</i>
                        <i>-0.175688 0.96697 0.184671 -0.724509 2.22045e-016 -0.689266 -0.666499 -0.254892 0.700578 1.60049 2.55689 -2.43205</i>
                        <i>-0.175688 0.96697 0.184671 -0.724509 2.22045e-016 -0.689266 -0.666499 -0.254892 0.700578 1.60049 2.55689 -2.43205</i>
                        <i>-0.175688 0.96697 0.184671 -0.724509 2.22045e-016 -0.689266 -0.666499 -0.254892 0.700578 1.60049 2.55689 -2.43205</i>
                        <i>-0.175688 0.96697 0.184671 -0.724509 2.22045e-016 -0.689266 -0.666499 -0.254892 0.700578 1.60049 2.55689 -2.43205</i>
                        <i>-0.175688 0.96697 0.184671 -0.724509 2.22045e-016 -0.689266 -0.666499 -0.254892 0.700578 1.60049 2.55689 -2.43205</i>
                        <i>-0.175688 0.96697 0.184671 -0.724509 2.22045e-016 -0.689266 -0.666499 -0.254892 0.700578 1.60049 2.55689 -2.43205</i>
                        <i>-0.175688 0.96697 0.184671 -0.724509 2.22045e-016 -0.689266 -0.666499 -0.254892 0.700578 1.60049 2.55689 -2.43205</i>
                    </KeyFrames>
                </p>
            </i>
            <i>
                <p>
                    <Name><![CDATA[spine1]]></Name>
                    <Exclude>0</Exclude>
                    <Additive>0</Additive>
                    <IKPriority>0</IKPriority>
                    <IKRotLimits>-1e+010 -1e+010 -1e+010 1e+010 1e+010 1e+010</IKRotLimits>
                    <IKRotLimitOrder>0</IKRotLimitOrder>
                    <KeyFrames count="76">
                        <i>-0.588421 0.806737 0.0541955 0.140241 0.167841 -0.975788 -0.7963 -0.566573 -0.211899 4.16962 1.68393 -2.81189</i>
                        <i>-0.588438 0.806814 0.0528393 0.148354 0.171979 -0.973866 -0.794816 -0.56522 -0.220893 4.1696 1.68393 -2.81188</i>
                        <i>-0.588407 0.806941 0.0512169 0.158038 0.176897 -0.971458 -0.79297 -0.563518 -0.231614 4.16959 1.68394 -2.81186</i>
                        <i>-0.588324 0.807103 0.0495946 0.167705 0.181784 -0.968932 -0.791043 -0.561729 -0.242303 4.16958 1.68393 -2.81184</i>
                        <i>-0.588219 0.807262 0.0482387 0.175779 0.185851 -0.966727 -0.789367 -0.560168 -0.251221 4.16957 1.68393 -2.81183</i>
                        <i>-0.588145 0.807364 0.0474142 0.180693 0.188322 -0.965342 -0.788312 -0.559194 -0.256646 4.16957 1.68393 -2.81182</i>
                        <i>-0.588161 0.807355 0.0473857 0.18088 0.188427 -0.965286 -0.788257 -0.559172 -0.25686 4.16957 1.68393 -2.81182</i>
                        <i>-0.588381 0.807082 0.0492635 0.169755 0.182864 -0.968372 -0.790564 -0.561409 -0.2446 4.16957 1.68393 -2.81184</i>
                        <i>-0.588594 0.806697 0.0528897 0.148222 0.171999 -0.973882 -0.794725 -0.565382 -0.220808 4.16959 1.68394 -2.81187</i>
                        <i>-0.588538 0.806485 0.056613 0.126017 0.16068 -0.978929 -0.798588 -0.569003 -0.196197 4.16962 1.68393 -2.81192</i>
                        <i>-0.588369 0.806453 0.0587827 0.113001 0.153991 -0.981589 -0.800658 -0.570894 -0.181734 4.16965 1.68393 -2.81194</i>
                        <i>-0.58655 0.807191 0.0663461 0.112046 0.162002 -0.980409 -0.802125 -0.567625 -0.185465 4.16979 1.68385 -2.81152</i>
                        <i>-0.58367 0.808257 0.0777833 0.117849 0.179101 -0.976747 -0.803394 -0.560931 -0.199788 4.17 1.68373 -2.81081</i>
                        <i>-0.579321 0.81189 0.0722636 0.137314 0.184599 -0.973174 -0.80345 -0.553857 -0.218425 4.1722 1.68044 -2.80719</i>
                        <i>-0.588421 0.806737 0.0541955 0.140241 0.167841 -0.975788 -0.7963 -0.566573 -0.211899 4.16962 1.68393 -2.81189</i>
                        <i>-0.614338 0.788333 0.0334532 0.111877 0.128996 -0.985314 -0.781071 -0.601573 -0.167444 4.16762 1.6956 -2.82975</i>
                        <i>-0.644239 0.764801 0.00592994 0.0799847 0.0750828 -0.993964 -0.76063 -0.639876 -0.109544 4.17389 1.70555 -2.85001</i>
                        <i>-0.680318 0.732492 -0.0249622 0.0511335 0.0134606 -0.998601 -0.731131 -0.680643 -0.0466123 4.17858 1.71661 -2.87101</i>
                        <i>-0.722346 0.689273 -0.0558572 0.0303995 -0.0490448 -0.998334 -0.690864 -0.72284 0.0144738 4.17207 1.73167 -2.89166</i>
                        <i>-0.768111 0.634814 -0.0837693 0.0202572 -0.106668 -0.994088 -0.639997 -0.765267 0.0690733 4.14479 1.75371 -2.91146</i>
                        <i>-0.814517 0.570316 -0.106312 0.0204758 -0.154877 -0.987722 -0.579778 -0.806693 0.114472 4.08711 1.78581 -2.93024</i>
                        <i>-0.868834 0.477926 -0.129287 0.0330649 -0.204538 -0.9783 -0.493999 -0.854255 0.161907 4.0017 1.82519 -2.94826</i>
                        <i>-0.92064 0.359298 -0.152733 0.0575412 -0.262061 -0.963334 -0.38615 -0.895672 0.220589 3.90083 1.8665 -2.96587</i>
                        <i>-0.953209 0.250896 -0.168655 0.0843117 -0.31512 -0.945299 -0.290318 -0.915287 0.279222 3.78982 1.90975 -2.98303</i>
                        <i>-0.966306 0.190692 -0.172886 0.0977262 -0.349575 -0.931798 -0.238123 -0.917297 0.319161 3.6746 1.95632 -2.99941</i>
                        <i>-0.968922 0.181396 -0.168181 0.0929365 -0.363131 -0.927091 -0.229242 -0.91391 0.334988 3.5582 2.00698 -3.01525</i>
                        <i>-0.967397 0.196414 -0.159891 0.0792463 -0.364867 -0.927681 -0.240548 -0.910107 0.337406 3.44082 2.06072 -3.03149</i>
                        <i>-0.962217 0.227562 -0.149515 0.0602601 -0.357521 -0.931959 -0.265533 -0.905756 0.330299 3.32426 2.11697 -3.04875</i>
                        <i>-0.953694 0.26722 -0.138059 0.0393118 -0.344328 -0.938026 -0.298197 -0.900017 0.317879 3.21035 2.17516 -3.06761</i>
                        <i>-0.942824 0.308432 -0.126302 0.0188857 -0.328905 -0.944174 -0.332754 -0.892576 0.304275 3.10089 2.23473 -3.0887</i>
                        <i>-0.931567 0.344918 -0.114953 0.000518327 -0.31492 -0.949118 -0.363569 -0.884227 0.29319 2.99769 2.29523 -3.11256</i>
                        <i>-0.917237 0.384201 -0.105192 -0.0156154 -0.298552 -0.954266 -0.398035 -0.873645 0.279842 2.89777 2.37016 -3.1497</i>
                        <i>-0.893524 0.438606 -0.096121 -0.0325276 -0.276737 -0.960395 -0.447835 -0.85501 0.261538 2.79907 2.4622 -3.20119</i>
                        <i>-0.858431 0.50583 -0.0850463 -0.053112 -0.252571 -0.96612 -0.510172 -0.82483 0.24368 2.70505 2.55524 -3.25403</i>
                        <i>-0.814544 0.576163 -0.0674937 -0.0798712 -0.226628 -0.970701 -0.574578 -0.785287 0.230617 2.61976 2.63431 -3.29631</i>
                        <i>-0.771762 0.63472 -0.0388987 -0.113975 -0.198245 -0.973503 -0.625614 -0.74688 0.22534 2.54794 2.68525 -3.31673</i>
                        <i>-0.741424 0.671035 -0.0014335 -0.148705 -0.166386 -0.974783 -0.654352 -0.722515 0.223148 2.49818 2.69665 -3.30926</i>
                        <i>-0.719469 0.693969 0.0277726 -0.173696 -0.141073 -0.974643 -0.672454 -0.706049 0.222037 2.46856 2.67759 -3.2797</i>
                        <i>-0.695034 0.717914 0.0390827 -0.19033 -0.1313 -0.9729 -0.693327 -0.683637 0.227899 2.44783 2.64436 -3.23532</i>
                        <i>-0.659541 0.750447 0.0428438 -0.209833 -0.129083 -0.969179 -0.721787 -0.648203 0.242604 2.42383 2.61421 -3.18708</i>
                        <i>-0.609333 0.790529 0.0614634 -0.24504 -0.114018 -0.962785 -0.754101 -0.601718 0.263186 2.38401 2.60689 -3.14949</i>
                        <i>-0.539737 0.835732 0.101174 -0.296208 -0.0760383 -0.952092 -0.788 -0.543848 0.288591 2.32635 2.63431 -3.12321</i>
                        <i>-0.452537 0.879701 0.14607 -0.352103 -0.0257763 -0.935606 -0.819289 -0.474828 0.32141 2.25955 2.68389 -3.09979</i>
                        <i>-0.356065 0.915862 0.185514 -0.407406 0.0265165 -0.912862 -0.840975 -0.400617 0.363686 2.18709 2.74078 -3.08066</i>
                        <i>-0.263115 0.941154 0.212132 -0.459725 0.0710009 -0.885218 -0.848188 -0.330437 0.413991 2.11324 2.79062 -3.06617</i>
                        <i>-0.189487 0.955813 0.224757 -0.509321 0.10002 -0.854744 -0.839456 -0.276436 0.467863 2.04348 2.81937 -3.0557</i>
                        <i>-0.14881 0.961677 0.230286 -0.55851 0.110441 -0.822112 -0.81604 -0.250956 0.520672 1.9831 2.82061 -3.05074</i>
                        <i>-0.135682 0.962343 0.235556 -0.60707 0.107141 -0.787392 -0.782979 -0.249834 0.569673 1.93068 2.80401 -3.04941</i>
                        <i>-0.137455 0.960671 0.241282 -0.652145 0.0955734 -0.752046 -0.745529 -0.260723 0.61336 1.88218 2.77956 -3.04597</i>
                        <i>-0.143585 0.958547 0.246111 -0.690727 0.0810272 -0.718562 -0.708717 -0.27317 0.65046 1.83264 2.75747 -3.03494</i>
                        <i>-0.144047 0.958556 0.245806 -0.72011 0.0688369 -0.690437 -0.678743 -0.276463 0.68035 1.77636 2.7482 -3.01109</i>
                        <i>-0.143124 0.962303 0.231277 -0.738399 0.0517737 -0.672373 -0.659001 -0.267007 0.703154 1.70368 2.75814 -2.96278</i>
                        <i>-0.147026 0.967697 0.204808 -0.746867 0.0271458 -0.664419 -0.648515 -0.250651 0.71875 1.61793 2.78041 -2.89376</i>
                        <i>-0.150102 0.972628 0.177384 -0.748581 0.00539353 -0.663022 -0.64583 -0.232307 0.72728 1.53274 2.80569 -2.82195</i>
                        <i>-0.151329 0.975511 0.159617 -0.747629 -0.00731929 -0.664076 -0.646645 -0.219828 0.730428 1.46268 2.82463 -2.76505</i>
                        <i>-0.154517 0.974871 0.160473 -0.748479 -0.00948301 -0.663091 -0.644906 -0.22257 0.731136 1.42315 2.82786 -2.74025</i>
                        <i>-0.168271 0.968653 0.182747 -0.748397 -0.0048827 -0.663233 -0.64155 -0.24837 0.725759 1.44834 2.80813 -2.6768</i>
                        <i>-0.195412 0.956291 0.217534 -0.743546 0.000170731 -0.668685 -0.639495 -0.292415 0.711013 1.51951 2.77163 -2.53429</i>
                        <i>-0.231385 0.938621 0.255833 -0.736361 0.00288656 -0.676583 -0.635794 -0.344937 0.690496 1.573 2.72919 -2.37499</i>
                        <i>-0.270241 0.917651 0.291354 -0.729188 0.00252764 -0.684309 -0.628693 -0.39738 0.668457 1.58236 2.69169 -2.34421</i>
                        <i>-0.305327 0.896535 0.320938 -0.724509 -4.44089e-016 -0.689266 -0.617951 -0.442974 0.649547 1.58146 2.67008 -2.41205</i>
                        <i>-0.339274 0.872368 0.351949 -0.722824 -0.00232505 -0.691028 -0.602012 -0.488845 0.631357 1.58208 2.66986 -2.44297</i>
                        <i>-0.374595 0.842229 0.387724 -0.72254 -0.00310764 -0.691322 -0.581047 -0.539111 0.609708 1.57929 2.68378 -2.44387</i>
                        <i>-0.405 0.81149 0.42126 -0.723149 -0.0023615 -0.690688 -0.559491 -0.584362 0.587785 1.57494 2.7037 -2.42798</i>
                        <i>-0.425779 0.787289 0.445969 -0.724044 -0.000856442 -0.689753 -0.542653 -0.616583 0.570397 1.57095 2.72154 -2.4086</i>
                        <i>-0.433446 0.777525 0.455608 -0.724509 2.22045e-016 -0.689266 -0.535922 -0.628852 0.563324 1.5692 2.72927 -2.39916</i>
                        <i>-0.433446 0.777525 0.455608 -0.724509 2.22045e-016 -0.689266 -0.535922 -0.628852 0.563324 1.5692 2.72927 -2.39916</i>
                        <i>-0.433446 0.777525 0.455608 -0.724509 2.22045e-016 -0.689266 -0.535922 -0.628852 0.563324 1.5692 2.72927 -2.39916</i>
                        <i>-0.433446 0.777525 0.455608 -0.724509 2.22045e-016 -0.689266 -0.535922 -0.628852 0.563324 1.5692 2.72927 -2.39916</i>
                        <i>-0.433446 0.777525 0.455608 -0.724509 2.22045e-016 -0.689266 -0.535922 -0.628852 0.563324 1.5692 2.72927 -2.39916</i>
                        <i>-0.433446 0.777525 0.455608 -0.724509 2.22045e-016 -0.689266 -0.535922 -0.628852 0.563324 1.5692 2.72927 -2.39916</i>
                        <i>-0.433446 0.777525 0.455608 -0.724509 2.22045e-016 -0.689266 -0.535922 -0.628852 0.563324 1.5692 2.72927 -2.39916</i>
                        <i>-0.433446 0.777525 0.455608 -0.724509 2.22045e-016 -0.689266 -0.535922 -0.628852 0.563324 1.5692 2.72927 -2.39916</i>
                        <i>-0.433446 0.777525 0.455608 -0.724509 2.22045e-016 -0.689266 -0.535922 -0.628852 0.563324 1.5692 2.72927 -2.39916</i>
                        <i>-0.433446 0.777525 0.455608 -0.724509 2.22045e-016 -0.689266 -0.535922 -0.628852 0.563324 1.5692 2.72927 -2.39916</i>
                        <i>-0.433446 0.777525 0.455608 -0.724509 2.22045e-016 -0.689266 -0.535922 -0.628852 0.563324 1.5692 2.72927 -2.39916</i>
                    </KeyFrames>
                </p>
            </i>
            <i>
                <p>
                    <Name><![CDATA[spine2]]></Name>
                    <Exclude>0</Exclude>
                    <Additive>0</Additive>
                    <IKPriority>0</IKPriority>
                    <IKRotLimits>-1e+010 -1e+010 -1e+010 1e+010 1e+010 1e+010</IKRotLimits>
                    <IKRotLimitOrder>0</IKRotLimitOrder>
                    <KeyFrames count="76">
                        <i>-0.72118 0.692033 0.0314516 0.240794 0.292989 -0.925298 -0.649552 -0.659733 -0.377935 4.07358 1.81529 -2.80329</i>
                        <i>-0.72079 0.692609 0.0274816 0.254193 0.301004 -0.91912 -0.644863 -0.655507 -0.393017 4.07356 1.81531 -2.8035</i>
                        <i>-0.720234 0.693358 0.0227519 0.270103 0.31048 -0.911398 -0.638989 -0.650275 -0.410896 4.07355 1.81533 -2.80376</i>
                        <i>-0.719587 0.694168 0.0180415 0.285891 0.319837 -0.903311 -0.63282 -0.644853 -0.428607 4.07355 1.81536 -2.80402</i>
                        <i>-0.718976 0.694891 0.0141174 0.299 0.327572 -0.896267 -0.627433 -0.640174 -0.443289 4.07357 1.81539 -2.80424</i>
                        <i>-0.718579 0.695346 0.0117346 0.306941 0.332247 -0.891852 -0.624044 -0.637264 -0.452176 4.07358 1.81541 -2.80437</i>
                        <i>-0.718579 0.695348 0.0116451 0.307239 0.332436 -0.891678 -0.623898 -0.637163 -0.45252 4.07357 1.8154 -2.80438</i>
                        <i>-0.719502 0.694281 0.0170502 0.28921 0.321856 -0.901536 -0.631407 -0.643726 -0.432369 4.07353 1.81536 -2.80407</i>
                        <i>-0.720922 0.692468 0.0275606 0.253945 0.300965 -0.919202 -0.644813 -0.655674 -0.392821 4.07352 1.81529 -2.80349</i>
                        <i>-0.721894 0.690934 0.0384525 0.217116 0.278906 -0.935453 -0.657061 -0.66695 -0.351353 4.07356 1.81524 -2.8029</i>
                        <i>-0.722227 0.690201 0.0448543 0.195333 0.265748 -0.944046 -0.663501 -0.673054 -0.326749 4.07362 1.81522 -2.80255</i>
                        <i>-0.720317 0.691535 0.0540608 0.192151 0.27382 -0.942391 -0.666499 -0.668432 -0.330117 4.07408 1.81523 -2.8009</i>
                        <i>-0.717017 0.693935 0.0658912 0.199289 0.29466 -0.934591 -0.66796 -0.656986 -0.34957 4.07479 1.81524 -2.79834</i>
                        <i>-0.712799 0.699076 0.0566593 0.225381 0.304804 -0.925363 -0.66417 -0.646828 -0.374823 4.07771 1.81254 -2.79563</i>
                        <i>-0.72118 0.692033 0.0314516 0.240794 0.292989 -0.925298 -0.649552 -0.659733 -0.377935 4.07358 1.81529 -2.80329</i>
                        <i>-0.745044 0.667015 0.000727049 0.232437 0.260649 -0.937035 -0.625206 -0.697963 -0.349234 4.06729 1.82402 -2.82453</i>
                        <i>-0.772177 0.634145 -0.0400484 0.226474 0.215786 -0.949813 -0.593677 -0.742494 -0.310243 4.06865 1.83014 -2.84927</i>
                        <i>-0.803478 0.589199 -0.0852439 0.224567 0.16735 -0.959981 -0.551355 -0.790467 -0.266776 4.06736 1.83602 -2.87532</i>
                        <i>-0.837607 0.530776 -0.129196 0.227257 0.123503 -0.965972 -0.496759 -0.838465 -0.224069 4.05367 1.84429 -2.90104</i>
                        <i>-0.871914 0.460354 -0.166855 0.233081 0.0905208 -0.968235 -0.430627 -0.883108 -0.186226 4.01826 1.85789 -2.92546</i>
                        <i>-0.903825 0.381295 -0.194203 0.238493 0.0720622 -0.968467 -0.355277 -0.92164 -0.156068 3.95189 1.88009 -2.94809</i>
                        <i>-0.937325 0.272241 -0.217499 0.24336 0.0647113 -0.967775 -0.249393 -0.960051 -0.126908 3.85564 1.90507 -2.97016</i>
                        <i>-0.961453 0.136787 -0.238532 0.248565 0.0614305 -0.966665 -0.117575 -0.988694 -0.0930631 3.74356 1.92736 -2.9921</i>
                        <i>-0.967804 0.0182168 -0.251045 0.251687 0.0582676 -0.966053 -0.00297058 -0.998135 -0.0609766 3.62438 1.95273 -3.01241</i>
                        <i>-0.966494 -0.0416988 -0.253278 0.251048 0.0521577 -0.966569 0.0535151 -0.997768 -0.0399418 3.50469 1.98925 -3.02989</i>
                        <i>-0.967743 -0.0413611 -0.24852 0.246755 0.0434674 -0.968103 0.0508443 -0.998198 -0.0318592 3.38615 2.03857 -3.04518</i>
                        <i>-0.97049 -0.0119268 -0.240844 0.240318 0.0345514 -0.970079 0.0198915 -0.999332 -0.0306656 3.26774 2.09522 -3.06017</i>
                        <i>-0.972184 0.0371592 -0.231251 0.232282 0.026307 -0.972293 -0.0300461 -0.998963 -0.0342068 3.15126 2.15724 -3.0757</i>
                        <i>-0.970623 0.0966038 -0.22036 0.223164 0.0191126 -0.974594 -0.0899377 -0.995139 -0.0401096 3.03853 2.22265 -3.09258</i>
                        <i>-0.965236 0.157289 -0.208758 0.213354 0.012736 -0.976892 -0.150996 -0.98747 -0.0458516 2.9312 2.28959 -3.11153</i>
                        <i>-0.957516 0.210429 -0.197187 0.203059 0.00645127 -0.979145 -0.204768 -0.977588 -0.0489067 2.8307 2.35642 -3.13329</i>
                        <i>-0.946764 0.262157 -0.186848 0.194509 0.00334264 -0.980895 -0.256524 -0.965019 -0.0541568 2.73579 2.43743 -3.16842</i>
                        <i>-0.929199 0.325009 -0.175951 0.186697 0.00191258 -0.982416 -0.318957 -0.945709 -0.0624552 2.64556 2.53707 -3.21788</i>
                        <i>-0.903251 0.397768 -0.160989 0.173543 -0.00450461 -0.984816 -0.392454 -0.917475 -0.064961 2.56196 2.63918 -3.26842</i>
                        <i>-0.870066 0.473359 -0.13754 0.146204 -0.0186572 -0.989079 -0.470755 -0.880672 -0.0529738 2.48713 2.72784 -3.30753</i>
                        <i>-0.836057 0.53927 -0.100976 0.0950225 -0.0389386 -0.994713 -0.540351 -0.841232 -0.018688 2.42346 2.78739 -3.32321</i>
                        <i>-0.808589 0.586517 -0.0467121 0.00755688 -0.0690328 -0.997586 -0.588326 -0.80699 0.0513869 2.37766 2.8055 -3.30964</i>
                        <i>-0.782608 0.622336 0.0149394 -0.105784 -0.109301 -0.988364 -0.613461 -0.775082 0.151373 2.3495 2.79219 -3.27513</i>
                        <i>-0.749885 0.65781 0.0704196 -0.221082 -0.148848 -0.963829 -0.623535 -0.73833 0.257049 2.33065 2.7651 -3.22863</i>
                        <i>-0.706317 0.69811 0.117295 -0.322128 -0.169421 -0.931413 -0.630356 -0.695657 0.344545 2.31126 2.74194 -3.17957</i>
