<?xml version="1.0" encoding="ISO-8859-1" ?>
<Animl Version="1">
    <ModellingPackage><![CDATA[Maya.2010]]></ModellingPackage>
    <SrcFile><![CDATA[anims\turrets\artillery\red\~src\artillery_scud\artillery_scud_idle_crewman_d.mb]]></SrcFile>
    <FramesPerSecond>30</FramesPerSecond>
    <TotalFrames>189</TotalFrames>
    <Skeleton>
        <RefFrame>
            <Name><![CDATA[soldier_ref_frame]]></Name>
            <Exclude>0</Exclude>
            <Additive>0</Additive>
            <IKPriority>0</IKPriority>
            <IKRotLimits>-1e+010 -1e+010 -1e+010 1e+010 1e+010 1e+010</IKRotLimits>
            <IKRotLimitOrder>0</IKRotLimitOrder>
            <KeyFrames count="189">
                <i>1 0 0 0 1 0 0 0 1 2.14709 1.3378 -2.49437</i>
                <i>1 0 0 0 1 0 0 0 1 2.14709 1.3378 -2.49437</i>
                <i>1 0 0 0 1 0 0 0 1 2.14709 1.3378 -2.49437</i>
                <i>1 0 0 0 1 0 0 0 1 2.14709 1.3378 -2.49437</i>
                <i>1 0 0 0 1 0 0 0 1 2.14709 1.3378 -2.49437</i>
                <i>1 0 0 0 1 0 0 0 1 2.14709 1.3378 -2.49437</i>
                <i>1 0 0 0 1 0 0 0 1 2.14709 1.3378 -2.49437</i>
                <i>1 0 0 0 1 0 0 0 1 2.14709 1.3378 -2.49437</i>
                <i>1 0 0 0 1 0 0 0 1 2.14709 1.3378 -2.49437</i>
                <i>1 0 0 0 1 0 0 0 1 2.14709 1.3378 -2.49437</i>
                <i>1 0 0 0 1 0 0 0 1 2.14709 1.3378 -2.49437</i>
                <i>1 0 0 0 1 0 0 0 1 2.14709 1.3378 -2.49437</i>
                <i>1 0 0 0 1 0 0 0 1 2.14709 1.3378 -2.49437</i>
                <i>1 0 0 0 1 0 0 0 1 2.14709 1.3378 -2.49437</i>
                <i>1 0 0 0 1 0 0 0 1 2.14709 1.3378 -2.49437</i>
                <i>1 0 0 0 1 0 0 0 1 2.14709 1.3378 -2.49437</i>
                <i>1 0 0 0 1 0 0 0 1 2.14709 1.3378 -2.49437</i>
                <i>1 0 0 0 1 0 0 0 1 2.14709 1.3378 -2.49437</i>
                <i>1 0 0 0 1 0 0 0 1 2.14709 1.3378 -2.49437</i>
                <i>1 0 0 0 1 0 0 0 1 2.14709 1.3378 -2.49437</i>
                <i>1 0 0 0 1 0 0 0 1 2.14709 1.3378 -2.49437</i>
                <i>1 0 0 0 1 0 0 0 1 2.14709 1.3378 -2.49437</i>
                <i>1 0 0 0 1 0 0 0 1 2.14709 1.3378 -2.49437</i>
                <i>1 0 0 0 1 0 0 0 1 2.14709 1.3378 -2.49437</i>
                <i>1 0 0 0 1 0 0 0 1 2.14709 1.3378 -2.49437</i>
                <i>1 0 0 0 1 0 0 0 1 2.14709 1.3378 -2.49437</i>
                <i>1 0 0 0 1 0 0 0 1 2.14709 1.3378 -2.49437</i>
                <i>1 0 0 0 1 0 0 0 1 2.14709 1.3378 -2.49437</i>
                <i>1 0 0 0 1 0 0 0 1 2.14709 1.3378 -2.49437</i>
                <i>1 0 0 0 1 0 0 0 1 2.14709 1.3378 -2.49437</i>
                <i>1 0 0 0 1 0 0 0 1 2.14709 1.3378 -2.49437</i>
                <i>1 0 0 0 1 0 0 0 1 2.14709 1.3378 -2.49437</i>
                <i>1 0 0 0 1 0 0 0 1 2.14709 1.3378 -2.49437</i>
                <i>1 0 0 0 1 0 0 0 1 2.14709 1.3378 -2.49437</i>
                <i>1 0 0 0 1 0 0 0 1 2.14709 1.3378 -2.49437</i>
                <i>1 0 0 0 1 0 0 0 1 2.14709 1.3378 -2.49437</i>
                <i>1 0 0 0 1 0 0 0 1 2.14709 1.3378 -2.49437</i>
                <i>1 0 0 0 1 0 0 0 1 2.14709 1.3378 -2.49437</i>
                <i>1 0 0 0 1 0 0 0 1 2.14709 1.3378 -2.49437</i>
                <i>1 0 0 0 1 0 0 0 1 2.14709 1.3378 -2.49437</i>
                <i>1 0 0 0 1 0 0 0 1 2.14709 1.3378 -2.49437</i>
                <i>1 0 0 0 1 0 0 0 1 2.14709 1.3378 -2.49437</i>
                <i>1 0 0 0 1 0 0 0 1 2.14709 1.3378 -2.49437</i>
                <i>1 0 0 0 1 0 0 0 1 2.14709 1.3378 -2.49437</i>
                <i>1 0 0 0 1 0 0 0 1 2.14709 1.3378 -2.49437</i>
                <i>1 0 0 0 1 0 0 0 1 2.14709 1.3378 -2.49437</i>
                <i>1 0 0 0 1 0 0 0 1 2.14709 1.3378 -2.49437</i>
                <i>1 0 0 0 1 0 0 0 1 2.14709 1.3378 -2.49437</i>
                <i>1 0 0 0 1 0 0 0 1 2.14709 1.3378 -2.49437</i>
                <i>1 0 0 0 1 0 0 0 1 2.14709 1.3378 -2.49437</i>
                <i>1 0 0 0 1 0 0 0 1 2.14709 1.3378 -2.49437</i>
                <i>1 0 0 0 1 0 0 0 1 2.14709 1.3378 -2.49437</i>
                <i>1 0 0 0 1 0 0 0 1 2.14709 1.3378 -2.49437</i>
                <i>1 0 0 0 1 0 0 0 1 2.14709 1.3378 -2.49437</i>
                <i>1 0 0 0 1 0 0 0 1 2.14709 1.3378 -2.49437</i>
                <i>1 0 0 0 1 0 0 0 1 2.14709 1.3378 -2.49437</i>
                <i>1 0 0 0 1 0 0 0 1 2.14709 1.3378 -2.49437</i>
                <i>1 0 0 0 1 0 0 0 1 2.14709 1.3378 -2.49437</i>
                <i>1 0 0 0 1 0 0 0 1 2.14709 1.3378 -2.49437</i>
                <i>1 0 0 0 1 0 0 0 1 2.14709 1.3378 -2.49437</i>
                <i>1 0 0 0 1 0 0 0 1 2.14709 1.3378 -2.49437</i>
                <i>1 0 0 0 1 0 0 0 1 2.14709 1.3378 -2.49437</i>
                <i>1 0 0 0 1 0 0 0 1 2.14709 1.3378 -2.49437</i>
                <i>1 0 0 0 1 0 0 0 1 2.14709 1.3378 -2.49437</i>
                <i>1 0 0 0 1 0 0 0 1 2.14709 1.3378 -2.49437</i>
                <i>1 0 0 0 1 0 0 0 1 2.14709 1.3378 -2.49437</i>
                <i>1 0 0 0 1 0 0 0 1 2.14709 1.3378 -2.49437</i>
                <i>1 0 0 0 1 0 0 0 1 2.14709 1.3378 -2.49437</i>
                <i>1 0 0 0 1 0 0 0 1 2.14709 1.3378 -2.49437</i>
                <i>1 0 0 0 1 0 0 0 1 2.14709 1.3378 -2.49437</i>
                <i>1 0 0 0 1 0 0 0 1 2.14709 1.3378 -2.49437</i>
                <i>1 0 0 0 1 0 0 0 1 2.14709 1.3378 -2.49437</i>
                <i>1 0 0 0 1 0 0 0 1 2.14709 1.3378 -2.49437</i>
                <i>1 0 0 0 1 0 0 0 1 2.14709 1.3378 -2.49437</i>
                <i>1 0 0 0 1 0 0 0 1 2.14709 1.3378 -2.49437</i>
                <i>1 0 0 0 1 0 0 0 1 2.14709 1.3378 -2.49437</i>
                <i>1 0 0 0 1 0 0 0 1 2.14709 1.3378 -2.49437</i>
                <i>1 0 0 0 1 0 0 0 1 2.14709 1.3378 -2.49437</i>
                <i>1 0 0 0 1 0 0 0 1 2.14709 1.3378 -2.49437</i>
                <i>1 0 0 0 1 0 0 0 1 2.14709 1.3378 -2.49437</i>
                <i>1 0 0 0 1 0 0 0 1 2.14709 1.3378 -2.49437</i>
                <i>1 0 0 0 1 0 0 0 1 2.14709 1.3378 -2.49437</i>
                <i>1 0 0 0 1 0 0 0 1 2.14709 1.3378 -2.49437</i>
                <i>1 0 0 0 1 0 0 0 1 2.14709 1.3378 -2.49437</i>
                <i>1 0 0 0 1 0 0 0 1 2.14709 1.3378 -2.49437</i>
                <i>1 0 0 0 1 0 0 0 1 2.14709 1.3378 -2.49437</i>
                <i>1 0 0 0 1 0 0 0 1 2.14709 1.3378 -2.49437</i>
                <i>1 0 0 0 1 0 0 0 1 2.14709 1.3378 -2.49437</i>
                <i>1 0 0 0 1 0 0 0 1 2.14709 1.3378 -2.49437</i>
                <i>1 0 0 0 1 0 0 0 1 2.14709 1.3378 -2.49437</i>
                <i>1 0 0 0 1 0 0 0 1 2.14709 1.3378 -2.49437</i>
                <i>1 0 0 0 1 0 0 0 1 2.14709 1.3378 -2.49437</i>
                <i>1 0 0 0 1 0 0 0 1 2.14709 1.3378 -2.49437</i>
                <i>1 0 0 0 1 0 0 0 1 2.14709 1.3378 -2.49437</i>
                <i>1 0 0 0 1 0 0 0 1 2.14709 1.3378 -2.49437</i>
                <i>1 0 0 0 1 0 0 0 1 2.14709 1.3378 -2.49437</i>
                <i>1 0 0 0 1 0 0 0 1 2.14709 1.3378 -2.49437</i>
                <i>1 0 0 0 1 0 0 0 1 2.14709 1.3378 -2.49437</i>
                <i>1 0 0 0 1 0 0 0 1 2.14709 1.3378 -2.49437</i>
                <i>1 0 0 0 1 0 0 0 1 2.14709 1.3378 -2.49437</i>
                <i>1 0 0 0 1 0 0 0 1 2.14709 1.3378 -2.49437</i>
                <i>1 0 0 0 1 0 0 0 1 2.14709 1.3378 -2.49437</i>
                <i>1 0 0 0 1 0 0 0 1 2.14709 1.3378 -2.49437</i>
                <i>1 0 0 0 1 0 0 0 1 2.14709 1.3378 -2.49437</i>
                <i>1 0 0 0 1 0 0 0 1 2.14709 1.3378 -2.49437</i>
                <i>1 0 0 0 1 0 0 0 1 2.14709 1.3378 -2.49437</i>
                <i>1 0 0 0 1 0 0 0 1 2.14709 1.3378 -2.49437</i>
                <i>1 0 0 0 1 0 0 0 1 2.14709 1.3378 -2.49437</i>
                <i>1 0 0 0 1 0 0 0 1 2.14709 1.3378 -2.49437</i>
                <i>1 0 0 0 1 0 0 0 1 2.14709 1.3378 -2.49437</i>
                <i>1 0 0 0 1 0 0 0 1 2.14709 1.3378 -2.49437</i>
                <i>1 0 0 0 1 0 0 0 1 2.14709 1.3378 -2.49437</i>
                <i>1 0 0 0 1 0 0 0 1 2.14709 1.3378 -2.49437</i>
                <i>1 0 0 0 1 0 0 0 1 2.14709 1.3378 -2.49437</i>
                <i>1 0 0 0 1 0 0 0 1 2.14709 1.3378 -2.49437</i>
                <i>1 0 0 0 1 0 0 0 1 2.14709 1.3378 -2.49437</i>
                <i>1 0 0 0 1 0 0 0 1 2.14709 1.3378 -2.49437</i>
                <i>1 0 0 0 1 0 0 0 1 2.14709 1.3378 -2.49437</i>
                <i>1 0 0 0 1 0 0 0 1 2.14709 1.3378 -2.49437</i>
                <i>1 0 0 0 1 0 0 0 1 2.14709 1.3378 -2.49437</i>
                <i>1 0 0 0 1 0 0 0 1 2.14709 1.3378 -2.49437</i>
                <i>1 0 0 0 1 0 0 0 1 2.14709 1.3378 -2.49437</i>
                <i>1 0 0 0 1 0 0 0 1 2.14709 1.3378 -2.49437</i>
                <i>1 0 0 0 1 0 0 0 1 2.14709 1.3378 -2.49437</i>
                <i>1 0 0 0 1 0 0 0 1 2.14709 1.3378 -2.49437</i>
                <i>1 0 0 0 1 0 0 0 1 2.14709 1.3378 -2.49437</i>
                <i>1 0 0 0 1 0 0 0 1 2.14709 1.3378 -2.49437</i>
                <i>1 0 0 0 1 0 0 0 1 2.14709 1.3378 -2.49437</i>
                <i>1 0 0 0 1 0 0 0 1 2.14709 1.3378 -2.49437</i>
                <i>1 0 0 0 1 0 0 0 1 2.14709 1.3378 -2.49437</i>
                <i>1 0 0 0 1 0 0 0 1 2.14709 1.3378 -2.49437</i>
                <i>1 0 0 0 1 0 0 0 1 2.14709 1.3378 -2.49437</i>
                <i>1 0 0 0 1 0 0 0 1 2.14709 1.3378 -2.49437</i>
                <i>1 0 0 0 1 0 0 0 1 2.14709 1.3378 -2.49437</i>
                <i>1 0 0 0 1 0 0 0 1 2.14709 1.3378 -2.49437</i>
                <i>1 0 0 0 1 0 0 0 1 2.14709 1.3378 -2.49437</i>
                <i>1 0 0 0 1 0 0 0 1 2.14709 1.3378 -2.49437</i>
                <i>1 0 0 0 1 0 0 0 1 2.14709 1.3378 -2.49437</i>
                <i>1 0 0 0 1 0 0 0 1 2.14709 1.3378 -2.49437</i>
                <i>1 0 0 0 1 0 0 0 1 2.14709 1.3378 -2.49437</i>
                <i>1 0 0 0 1 0 0 0 1 2.14709 1.3378 -2.49437</i>
                <i>1 0 0 0 1 0 0 0 1 2.14709 1.3378 -2.49437</i>
                <i>1 0 0 0 1 0 0 0 1 2.14709 1.3378 -2.49437</i>
                <i>1 0 0 0 1 0 0 0 1 2.14709 1.3378 -2.49437</i>
                <i>1 0 0 0 1 0 0 0 1 2.14709 1.3378 -2.49437</i>
                <i>1 0 0 0 1 0 0 0 1 2.14709 1.3378 -2.49437</i>
                <i>1 0 0 0 1 0 0 0 1 2.14709 1.3378 -2.49437</i>
                <i>1 0 0 0 1 0 0 0 1 2.14709 1.3378 -2.49437</i>
                <i>1 0 0 0 1 0 0 0 1 2.14709 1.3378 -2.49437</i>
                <i>1 0 0 0 1 0 0 0 1 2.14709 1.3378 -2.49437</i>
                <i>1 0 0 0 1 0 0 0 1 2.14709 1.3378 -2.49437</i>
                <i>1 0 0 0 1 0 0 0 1 2.14709 1.3378 -2.49437</i>
                <i>1 0 0 0 1 0 0 0 1 2.14709 1.3378 -2.49437</i>
                <i>1 0 0 0 1 0 0 0 1 2.14709 1.3378 -2.49437</i>
                <i>1 0 0 0 1 0 0 0 1 2.14709 1.3378 -2.49437</i>
                <i>1 0 0 0 1 0 0 0 1 2.14709 1.3378 -2.49437</i>
                <i>1 0 0 0 1 0 0 0 1 2.14709 1.3378 -2.49437</i>
                <i>1 0 0 0 1 0 0 0 1 2.14709 1.3378 -2.49437</i>
                <i>1 0 0 0 1 0 0 0 1 2.14709 1.3378 -2.49437</i>
                <i>1 0 0 0 1 0 0 0 1 2.14709 1.3378 -2.49437</i>
                <i>1 0 0 0 1 0 0 0 1 2.14709 1.3378 -2.49437</i>
                <i>1 0 0 0 1 0 0 0 1 2.14709 1.3378 -2.49437</i>
                <i>1 0 0 0 1 0 0 0 1 2.14709 1.3378 -2.49437</i>
                <i>1 0 0 0 1 0 0 0 1 2.14709 1.3378 -2.49437</i>
                <i>1 0 0 0 1 0 0 0 1 2.14709 1.3378 -2.49437</i>
                <i>1 0 0 0 1 0 0 0 1 2.14709 1.3378 -2.49437</i>
                <i>1 0 0 0 1 0 0 0 1 2.14709 1.3378 -2.49437</i>
                <i>1 0 0 0 1 0 0 0 1 2.14709 1.3378 -2.49437</i>
                <i>1 0 0 0 1 0 0 0 1 2.14709 1.3378 -2.49437</i>
                <i>1 0 0 0 1 0 0 0 1 2.14709 1.3378 -2.49437</i>
                <i>1 0 0 0 1 0 0 0 1 2.14709 1.3378 -2.49437</i>
                <i>1 0 0 0 1 0 0 0 1 2.14709 1.3378 -2.49437</i>
                <i>1 0 0 0 1 0 0 0 1 2.14709 1.3378 -2.49437</i>
                <i>1 0 0 0 1 0 0 0 1 2.14709 1.3378 -2.49437</i>
                <i>1 0 0 0 1 0 0 0 1 2.14709 1.3378 -2.49437</i>
                <i>1 0 0 0 1 0 0 0 1 2.14709 1.3378 -2.49437</i>
                <i>1 0 0 0 1 0 0 0 1 2.14709 1.3378 -2.49437</i>
                <i>1 0 0 0 1 0 0 0 1 2.14709 1.3378 -2.49437</i>
                <i>1 0 0 0 1 0 0 0 1 2.14709 1.3378 -2.49437</i>
                <i>1 0 0 0 1 0 0 0 1 2.14709 1.3378 -2.49437</i>
                <i>1 0 0 0 1 0 0 0 1 2.14709 1.3378 -2.49437</i>
                <i>1 0 0 0 1 0 0 0 1 2.14709 1.3378 -2.49437</i>
                <i>1 0 0 0 1 0 0 0 1 2.14709 1.3378 -2.49437</i>
                <i>1 0 0 0 1 0 0 0 1 2.14709 1.3378 -2.49437</i>
                <i>1 0 0 0 1 0 0 0 1 2.14709 1.3378 -2.49437</i>
                <i>1 0 0 0 1 0 0 0 1 2.14709 1.3378 -2.49437</i>
                <i>1 0 0 0 1 0 0 0 1 2.14709 1.3378 -2.49437</i>
                <i>1 0 0 0 1 0 0 0 1 2.14709 1.3378 -2.49437</i>
                <i>1 0 0 0 1 0 0 0 1 2.14709 1.3378 -2.49437</i>
            </KeyFrames>
        </RefFrame>
        <Bones count="23">
            <i>
                <p>
                    <Name><![CDATA[pelvis]]></Name>
                    <Exclude>0</Exclude>
                    <Additive>0</Additive>
                    <IKPriority>0</IKPriority>
                    <IKRotLimits>-1e+010 -1e+010 -1e+010 1e+010 1e+010 1e+010</IKRotLimits>
                    <IKRotLimitOrder>2</IKRotLimitOrder>
                    <KeyFrames count="189">
                        <i>1 0 0 0 1 0 0 0 1 1.78108 2.46615 -2.45361</i>
                        <i>1 0 0 0 1 0 0 0 1 1.78108 2.46611 -2.45361</i>
                        <i>1 0 0 0 1 0 0 0 1 1.78108 2.46602 -2.45361</i>
                        <i>1 0 0 0 1 0 0 0 1 1.78107 2.46588 -2.45361</i>
                        <i>1 0 0 0 1 0 0 0 1 1.78106 2.46568 -2.45361</i>
                        <i>1 0 0 0 1 0 0 0 1 1.78105 2.46544 -2.45361</i>
                        <i>1 0 0 0 1 0 0 0 1 1.78104 2.46516 -2.4536</i>
                        <i>1 0 0 0 1 0 0 0 1 1.78102 2.46484 -2.4536</i>
                        <i>1 0 0 0 1 0 0 0 1 1.781 2.46449 -2.4536</i>
                        <i>1 0 0 0 1 0 0 0 1 1.78099 2.46412 -2.4536</i>
                        <i>1 0 0 0 1 0 0 0 1 1.78097 2.46372 -2.4536</i>
                        <i>1 0 0 0 1 0 0 0 1 1.78095 2.4633 -2.45359</i>
                        <i>1 0 0 0 1 0 0 0 1 1.78093 2.46286 -2.45359</i>
                        <i>1 0 0 0 1 0 0 0 1 1.78091 2.46241 -2.45359</i>
                        <i>1 0 0 0 1 0 0 0 1 1.78089 2.46196 -2.45359</i>
                        <i>1 0 0 0 1 0 0 0 1 1.78086 2.46151 -2.45359</i>
                        <i>1 0 0 0 1 0 0 0 1 1.78084 2.46106 -2.45358</i>
                        <i>1 0 0 0 1 0 0 0 1 1.78082 2.46061 -2.45358</i>
                        <i>1 0 0 0 1 0 0 0 1 1.7808 2.46018 -2.45358</i>
                        <i>1 0 0 0 1 0 0 0 1 1.78078 2.45976 -2.45358</i>
                        <i>1 0 0 0 1 0 0 0 1 1.78076 2.45936 -2.45357</i>
                        <i>1 0 0 0 1 0 0 0 1 1.78074 2.45898 -2.45357</i>
                        <i>1 0 0 0 1 0 0 0 1 1.78073 2.45863 -2.45357</i>
                        <i>1 0 0 0 1 0 0 0 1 1.78071 2.45832 -2.45357</i>
                        <i>1 0 0 0 1 0 0 0 1 1.7807 2.45804 -2.45357</i>
                        <i>1 0 0 0 1 0 0 0 1 1.78069 2.4578 -2.45357</i>
                        <i>1 0 0 0 1 0 0 0 1 1.78068 2.45761 -2.45356</i>
                        <i>1 0 0 0 1 0 0 0 1 1.78067 2.45746 -2.45356</i>
                        <i>1 0 0 0 1 0 0 0 1 1.78067 2.45738 -2.45356</i>
                        <i>1 0 0 0 1 0 0 0 1 1.78067 2.45734 -2.45356</i>
                        <i>1 0 0 0 1 0 0 0 1 1.78067 2.45737 -2.45356</i>
                        <i>1 0 0 0 1 0 0 0 1 1.78067 2.45743 -2.45356</i>
                        <i>1 0 0 0 1 0 0 0 1 1.78068 2.45754 -2.45356</i>
                        <i>1 0 0 0 1 0 0 0 1 1.78068 2.45768 -2.45357</i>
                        <i>1 0 0 0 1 0 0 0 1 1.78069 2.45786 -2.45357</i>
                        <i>1 0 0 0 1 0 0 0 1 1.7807 2.45807 -2.45357</i>
                        <i>1 0 0 0 1 0 0 0 1 1.78071 2.45831 -2.45357</i>
                        <i>1 0 0 0 1 0 0 0 1 1.78073 2.45857 -2.45357</i>
                        <i>1 0 0 0 1 0 0 0 1 1.78074 2.45886 -2.45357</i>
                        <i>1 0 0 0 1 0 0 0 1 1.78075 2.45917 -2.45357</i>
                        <i>1 0 0 0 1 0 0 0 1 1.78077 2.45951 -2.45357</i>
                        <i>1 0 0 0 1 0 0 0 1 1.78079 2.45985 -2.45358</i>
                        <i>1 0 0 0 1 0 0 0 1 1.7808 2.46021 -2.45358</i>
                        <i>1 0 0 0 1 0 0 0 1 1.78082 2.46058 -2.45358</i>
                        <i>1 0 0 0 1 0 0 0 1 1.78084 2.46096 -2.45358</i>
                        <i>1 0 0 0 1 0 0 0 1 1.78086 2.46135 -2.45358</i>
                        <i>1 0 0 0 1 0 0 0 1 1.78087 2.46173 -2.45359</i>
                        <i>1 0 0 0 1 0 0 0 1 1.78089 2.46212 -2.45359</i>
                        <i>1 0 0 0 1 0 0 0 1 1.78091 2.4625 -2.45359</i>
                        <i>1 0 0 0 1 0 0 0 1 1.78093 2.46288 -2.45359</i>
                        <i>1 0 0 0 1 0 0 0 1 1.78095 2.46326 -2.45359</i>
                        <i>1 0 0 0 1 0 0 0 1 1.78096 2.46362 -2.4536</i>
                        <i>1 0 0 0 1 0 0 0 1 1.78098 2.46396 -2.4536</i>
                        <i>1 0 0 0 1 0 0 0 1 1.781 2.4643 -2.4536</i>
                        <i>1 0 0 0 1 0 0 0 1 1.78101 2.46461 -2.4536</i>
                        <i>1 0 0 0 1 0 0 0 1 1.78102 2.4649 -2.4536</i>
                        <i>1 0 0 0 1 0 0 0 1 1.78104 2.46517 -2.4536</i>
                        <i>1 0 0 0 1 0 0 0 1 1.78105 2.46541 -2.45361</i>
                        <i>1 0 0 0 1 0 0 0 1 1.78106 2.46562 -2.45361</i>
                        <i>1 0 0 0 1 0 0 0 1 1.78107 2.4658 -2.45361</i>
                        <i>1 0 0 0 1 0 0 0 1 1.78107 2.46595 -2.45361</i>
                        <i>1 0 0 0 1 0 0 0 1 1.78108 2.46605 -2.45361</i>
                        <i>1 0 0 0 1 0 0 0 1 1.78108 2.46612 -2.45361</i>
                        <i>1 0 0 0 1 0 0 0 1 1.78108 2.46615 -2.45361</i>
                        <i>1 0 0 0 1 0 0 0 1 1.78108 2.46615 -2.45361</i>
                        <i>1 0 0 0 1 0 0 0 1 1.78108 2.46615 -2.45361</i>
                        <i>1 0 0 0 1 0 0 0 1 1.78107 2.46615 -2.45361</i>
                        <i>1 0 0 0 1 0 0 0 1 1.78106 2.46615 -2.45361</i>
                        <i>1 0 0 0 1 0 0 0 1 1.78105 2.46615 -2.45361</i>
                        <i>1 0 0 0 1 0 0 0 1 1.78104 2.46615 -2.4536</i>
                        <i>1 0 0 0 1 0 0 0 1 1.78102 2.46615 -2.4536</i>
                        <i>1 0 0 0 1 0 0 0 1 1.781 2.46615 -2.4536</i>
                        <i>1 0 0 0 1 0 0 0 1 1.78099 2.46615 -2.4536</i>
                        <i>1 0 0 0 1 0 0 0 1 1.78097 2.46615 -2.4536</i>
                        <i>1 0 0 0 1 0 0 0 1 1.78095 2.46615 -2.45359</i>
                        <i>1 0 0 0 1 0 0 0 1 1.78093 2.46615 -2.45359</i>
                        <i>1 0 0 0 1 0 0 0 1 1.78091 2.46615 -2.45359</i>
                        <i>1 0 0 0 1 0 0 0 1 1.78089 2.46615 -2.45359</i>
                        <i>1 0 0 0 1 0 0 0 1 1.78086 2.46615 -2.45359</i>
                        <i>1 0 0 0 1 0 0 0 1 1.78084 2.46615 -2.45358</i>
                        <i>1 0 0 0 1 0 0 0 1 1.78082 2.46615 -2.45358</i>
                        <i>1 0 0 0 1 0 0 0 1 1.7808 2.46615 -2.45358</i>
                        <i>1 0 0 0 1 0 0 0 1 1.78078 2.46615 -2.45358</i>
                        <i>1 0 0 0 1 0 0 0 1 1.78076 2.46615 -2.45357</i>
                        <i>1 0 0 0 1 0 0 0 1 1.78074 2.46615 -2.45357</i>
                        <i>1 0 0 0 1 0 0 0 1 1.78073 2.46615 -2.45357</i>
                        <i>1 0 0 0 1 0 0 0 1 1.78071 2.46615 -2.45357</i>
                        <i>1 0 0 0 1 0 0 0 1 1.7807 2.46615 -2.45357</i>
                        <i>1 0 0 0 1 0 0 0 1 1.78069 2.46615 -2.45357</i>
                        <i>1 0 0 0 1 0 0 0 1 1.78068 2.46615 -2.45356</i>
                        <i>1 0 0 0 1 0 0 0 1 1.78067 2.46615 -2.45356</i>
                        <i>1 0 0 0 1 0 0 0 1 1.78067 2.46615 -2.45356</i>
                        <i>1 0 0 0 1 0 0 0 1 1.78067 2.46615 -2.45356</i>
                        <i>1 0 0 0 1 0 0 0 1 1.78067 2.46615 -2.45356</i>
                        <i>1 0 0 0 1 0 0 0 1 1.78067 2.46615 -2.45356</i>
                        <i>1 0 0 0 1 0 0 0 1 1.78068 2.46615 -2.45356</i>
                        <i>1 0 0 0 1 0 0 0 1 1.78068 2.46615 -2.45357</i>
                        <i>1 0 0 0 1 0 0 0 1 1.78069 2.46615 -2.45357</i>
                        <i>1 0 0 0 1 0 0 0 1 1.7807 2.46615 -2.45357</i>
                        <i>1 0 0 0 1 0 0 0 1 1.78071 2.46615 -2.45357</i>
                        <i>1 0 0 0 1 0 0 0 1 1.78073 2.46615 -2.45357</i>
                        <i>1 0 0 0 1 0 0 0 1 1.78074 2.46615 -2.45357</i>
                        <i>1 0 0 0 1 0 0 0 1 1.78075 2.46615 -2.45357</i>
                        <i>1 0 0 0 1 0 0 0 1 1.78077 2.46615 -2.45357</i>
                        <i>1 0 0 0 1 0 0 0 1 1.78079 2.46615 -2.45358</i>
                        <i>1 0 0 0 1 0 0 0 1 1.7808 2.46615 -2.45358</i>
                        <i>1 0 0 0 1 0 0 0 1 1.78082 2.46615 -2.45358</i>
                        <i>1 0 0 0 1 0 0 0 1 1.78084 2.46615 -2.45358</i>
                        <i>1 0 0 0 1 0 0 0 1 1.78086 2.46615 -2.45358</i>
                        <i>1 0 0 0 1 0 0 0 1 1.78087 2.46615 -2.45359</i>
                        <i>1 0 0 0 1 0 0 0 1 1.78089 2.46615 -2.45359</i>
                        <i>1 0 0 0 1 0 0 0 1 1.78091 2.46615 -2.45359</i>
                        <i>1 0 0 0 1 0 0 0 1 1.78093 2.46615 -2.45359</i>
                        <i>1 0 0 0 1 0 0 0 1 1.78095 2.46615 -2.45359</i>
                        <i>1 0 0 0 1 0 0 0 1 1.78096 2.46615 -2.4536</i>
                        <i>1 0 0 0 1 0 0 0 1 1.78098 2.46615 -2.4536</i>
                        <i>1 0 0 0 1 0 0 0 1 1.781 2.46615 -2.4536</i>
                        <i>1 0 0 0 1 0 0 0 1 1.78101 2.46615 -2.4536</i>
                        <i>1 0 0 0 1 0 0 0 1 1.78102 2.46615 -2.4536</i>
                        <i>1 0 0 0 1 0 0 0 1 1.78104 2.46615 -2.4536</i>
                        <i>1 0 0 0 1 0 0 0 1 1.78105 2.46615 -2.45361</i>
                        <i>1 0 0 0 1 0 0 0 1 1.78106 2.46615 -2.45361</i>
                        <i>1 0 0 0 1 0 0 0 1 1.78107 2.46615 -2.45361</i>
                        <i>1 0 0 0 1 0 0 0 1 1.78107 2.46615 -2.45361</i>
                        <i>1 0 0 0 1 0 0 0 1 1.78108 2.46615 -2.45361</i>
                        <i>1 0 0 0 1 0 0 0 1 1.78108 2.46615 -2.45361</i>
                        <i>1 0 0 0 1 0 0 0 1 1.78108 2.46615 -2.45361</i>
                        <i>1 0 0 0 1 0 0 0 1 1.78108 2.46615 -2.45361</i>
                        <i>1 0 0 0 1 0 0 0 1 1.78108 2.46615 -2.45361</i>
                        <i>1 0 0 0 1 0 0 0 1 1.78107 2.46615 -2.45361</i>
                        <i>1 0 0 0 1 0 0 0 1 1.78106 2.46615 -2.45361</i>
                        <i>1 0 0 0 1 0 0 0 1 1.78105 2.46615 -2.45361</i>
                        <i>1 0 0 0 1 0 0 0 1 1.78104 2.46615 -2.4536</i>
                        <i>1 0 0 0 1 0 0 0 1 1.78102 2.46615 -2.4536</i>
                        <i>1 0 0 0 1 0 0 0 1 1.781 2.46615 -2.4536</i>
                        <i>1 0 0 0 1 0 0 0 1 1.78099 2.46615 -2.4536</i>
                        <i>1 0 0 0 1 0 0 0 1 1.78097 2.46615 -2.4536</i>
                        <i>1 0 0 0 1 0 0 0 1 1.78095 2.46615 -2.45359</i>
                        <i>1 0 0 0 1 0 0 0 1 1.78093 2.46615 -2.45359</i>
                        <i>1 0 0 0 1 0 0 0 1 1.78091 2.46615 -2.45359</i>
                        <i>1 0 0 0 1 0 0 0 1 1.78089 2.46615 -2.45359</i>
                        <i>1 0 0 0 1 0 0 0 1 1.78086 2.46615 -2.45359</i>
                        <i>1 0 0 0 1 0 0 0 1 1.78084 2.46615 -2.45358</i>
                        <i>1 0 0 0 1 0 0 0 1 1.78082 2.46615 -2.45358</i>
                        <i>1 0 0 0 1 0 0 0 1 1.7808 2.46615 -2.45358</i>
                        <i>1 0 0 0 1 0 0 0 1 1.78078 2.46615 -2.45358</i>
                        <i>1 0 0 0 1 0 0 0 1 1.78076 2.46615 -2.45357</i>
                        <i>1 0 0 0 1 0 0 0 1 1.78074 2.46615 -2.45357</i>
                        <i>1 0 0 0 1 0 0 0 1 1.78073 2.46615 -2.45357</i>
                        <i>1 0 0 0 1 0 0 0 1 1.78071 2.46615 -2.45357</i>
                        <i>1 0 0 0 1 0 0 0 1 1.7807 2.46615 -2.45357</i>
                        <i>1 0 0 0 1 0 0 0 1 1.78069 2.46615 -2.45357</i>
                        <i>1 0 0 0 1 0 0 0 1 1.78068 2.46615 -2.45356</i>
                        <i>1 0 0 0 1 0 0 0 1 1.78067 2.46615 -2.45356</i>
                        <i>1 0 0 0 1 0 0 0 1 1.78067 2.46615 -2.45356</i>
                        <i>1 0 0 0 1 0 0 0 1 1.78067 2.46615 -2.45356</i>
                        <i>1 0 0 0 1 0 0 0 1 1.78067 2.46615 -2.45356</i>
                        <i>1 0 0 0 1 0 0 0 1 1.78067 2.46615 -2.45356</i>
                        <i>1 0 0 0 1 0 0 0 1 1.78068 2.46615 -2.45356</i>
                        <i>1 0 0 0 1 0 0 0 1 1.78068 2.46615 -2.45357</i>
                        <i>1 0 0 0 1 0 0 0 1 1.78069 2.46615 -2.45357</i>
                        <i>1 0 0 0 1 0 0 0 1 1.7807 2.46615 -2.45357</i>
                        <i>1 0 0 0 1 0 0 0 1 1.78071 2.46615 -2.45357</i>
                        <i>1 0 0 0 1 0 0 0 1 1.78073 2.46615 -2.45357</i>
                        <i>1 0 0 0 1 0 0 0 1 1.78074 2.46615 -2.45357</i>
                        <i>1 0 0 0 1 0 0 0 1 1.78075 2.46615 -2.45357</i>
                        <i>1 0 0 0 1 0 0 0 1 1.78077 2.46615 -2.45357</i>
                        <i>1 0 0 0 1 0 0 0 1 1.78079 2.46615 -2.45358</i>
                        <i>1 0 0 0 1 0 0 0 1 1.7808 2.46615 -2.45358</i>
                        <i>1 0 0 0 1 0 0 0 1 1.78082 2.46615 -2.45358</i>
                        <i>1 0 0 0 1 0 0 0 1 1.78084 2.46615 -2.45358</i>
                        <i>1 0 0 0 1 0 0 0 1 1.78086 2.46615 -2.45358</i>
                        <i>1 0 0 0 1 0 0 0 1 1.78087 2.46615 -2.45359</i>
                        <i>1 0 0 0 1 0 0 0 1 1.78089 2.46615 -2.45359</i>
                        <i>1 0 0 0 1 0 0 0 1 1.78091 2.46615 -2.45359</i>
                        <i>1 0 0 0 1 0 0 0 1 1.78093 2.46615 -2.45359</i>
                        <i>1 0 0 0 1 0 0 0 1 1.78095 2.46615 -2.45359</i>
                        <i>1 0 0 0 1 0 0 0 1 1.78096 2.46615 -2.4536</i>
                        <i>1 0 0 0 1 0 0 0 1 1.78098 2.46615 -2.4536</i>
                        <i>1 0 0 0 1 0 0 0 1 1.781 2.46615 -2.4536</i>
                        <i>1 0 0 0 1 0 0 0 1 1.78101 2.46615 -2.4536</i>
                        <i>1 0 0 0 1 0 0 0 1 1.78102 2.46615 -2.4536</i>
                        <i>1 0 0 0 1 0 0 0 1 1.78104 2.46615 -2.4536</i>
                        <i>1 0 0 0 1 0 0 0 1 1.78105 2.46615 -2.45361</i>
                        <i>1 0 0 0 1 0 0 0 1 1.78106 2.46615 -2.45361</i>
                        <i>1 0 0 0 1 0 0 0 1 1.78107 2.46615 -2.45361</i>
                        <i>1 0 0 0 1 0 0 0 1 1.78107 2.46615 -2.45361</i>
                        <i>1 0 0 0 1 0 0 0 1 1.78108 2.46615 -2.45361</i>
                        <i>1 0 0 0 1 0 0 0 1 1.78108 2.46615 -2.45361</i>
                    </KeyFrames>
                </p>
            </i>
            <i>
                <p>
                    <Name><![CDATA[spine0]]></Name>
                    <Exclude>0</Exclude>
                    <Additive>0</Additive>
                    <IKPriority>0</IKPriority>
                    <IKRotLimits>-1e+010 -1e+010 -1e+010 1e+010 1e+010 1e+010</IKRotLimits>
                    <IKRotLimitOrder>0</IKRotLimitOrder>
                    <KeyFrames count="189">
                        <i>0.00652806 0.999978 -0.000726927 0.11067 -2.22045e-016 0.993857 0.993836 -0.00656841 -0.110668 1.74575 2.60555 -2.44968</i>
                        <i>0.00993655 0.99995 -0.00110648 0.11067 0 0.993857 0.993807 -0.00999796 -0.110665 1.74653 2.60571 -2.44976</i>
                        <i>0.0129778 0.999915 -0.00144513 0.11067 1.11022e-016 0.993857 0.993772 -0.013058 -0.110661 1.74721 2.60579 -2.44984</i>
                        <i>0.0156444 0.999876 -0.00174207 0.11067 0 0.993857 0.993734 -0.0157411 -0.110656 1.74778 2.60579 -2.4499</i>
                        <i>0.0179292 0.999837 -0.00199649 0.11067 0 0.993857 0.993695 -0.01804 -0.110652 1.74826 2.60571 -2.44995</i>
                        <i>0.019825 0.999801 -0.00220759 0.11067 -2.22045e-016 0.993857 0.993659 -0.0199475 -0.110648 1.74863 2.60556 -2.45</i>
                        <i>0.0213248 0.99977 -0.00237461 0.11067 -4.44089e-016 0.993857 0.993628 -0.0214566 -0.110645 1.7489 2.60534 -2.45003</i>
                        <i>0.0224219 0.999745 -0.00249677 0.11067 0 0.993857 0.993604 -0.0225605 -0.110642 1.74909 2.60507 -2.45005</i>
                        <i>0.0231096 0.99973 -0.00257335 0.11067 -2.22045e-016 0.993857 0.993589 -0.0232524 -0.11064 1.74918 2.60475 -2.45006</i>
                        <i>0.0233812 0.999723 -0.00260359 0.11067 2.22045e-016 0.993857 0.993582 -0.0235257 -0.11064 1.74918 2.60437 -2.45006</i>
                        <i>0.0232303 0.999727 -0.00258679 0.11067 -2.22045e-016 0.993857 0.993586 -0.0233739 -0.11064 1.74911 2.60396 -2.45005</i>
                        <i>0.0226506 0.99974 -0.00252224 0.11067 0 0.993857 0.993599 -0.0227906 -0.110641 1.74895 2.60351 -2.45003</i>
                        <i>0.0216359 0.999763 -0.00240925 0.11067 0 0.993857 0.993622 -0.0217697 -0.110644 1.74871 2.60302 -2.45</i>
                        <i>0.0201801 0.999794 -0.00224713 0.11067 0 0.993857 0.993652 -0.0203048 -0.110647 1.74839 2.60251 -2.44997</i>
                        <i>0.0182771 0.999831 -0.00203523 0.11067 -4.44089e-016 0.993857 0.993689 -0.01839 -0.110651 1.74801 2.60197 -2.44993</i>
                        <i>0.0158658 0.999873 -0.00176673 0.11067 0 0.993857 0.993731 -0.0159639 -0.110656 1.74752 2.6014 -2.44987</i>
                        <i>0.0129353 0.999915 -0.0014404 0.11067 -4.44089e-016 0.993857 0.993773 -0.0130152 -0.110661 1.74691 2.60081 -2.4498</i>
                        <i>0.00958683 0.999953 -0.00106753 0.11067 -2.22045e-016 0.993857 0.993811 -0.00964609 -0.110665 1.74619 2.60019 -2.44972</i>
                        <i>0.00590849 0.999982 -0.000657935 0.11067 0 0.993857 0.99384 -0.00594501 -0.110668 1.74538 2.59955 -2.44963</i>
                        <i>0.00196201 0.999998 -0.000218478 0.11067 -4.44089e-016 0.993857 0.993855 -0.00197413 -0.11067 1.74448 2.5989 -2.44953</i>
                        <i>-0.00218865 0.999998 0.000243716 0.11067 0 0.993857 0.993855 0.00220218 -0.11067 1.74352 2.59825 -2.44943</i>
                        <i>-0.0064829 0.999979 0.000721898 0.11067 -2.22045e-016 0.993857 0.993836 0.00652296 -0.110668 1.74251 2.5976 -2.44932</i>
                        <i>-0.0108639 0.99994 0.00120974 0.11067 -2.22045e-016 0.993857 0.993798 0.010931 -0.110664 1.74146 2.59696 -2.4492</i>
                        <i>-0.0152747 0.999882 0.00170091 0.11067 2.22045e-016 0.993857 0.99374 0.0153692 -0.110657 1.74039 2.59634 -2.44908</i>
                        <i>-0.0196589 0.999804 0.0021891 0.11067 -2.22045e-016 0.993857 0.993663 0.0197804 -0.110649 1.73931 2.59574 -2.44896</i>
                        <i>-0.0239596 0.999709 0.00266801 0.11067 0 0.993857 0.993568 0.0241077 -0.110638 1.73824 2.59517 -2.44884</i>
                        <i>-0.0281208 0.9996 0.00313137 0.11067 0 0.993857 0.993459 0.0282946 -0.110626 1.73718 2.59465 -2.44872</i>
                        <i>-0.0320862 0.999479 0.00357294 0.11067 2.22045e-016 0.993857 0.993339 0.0322845 -0.110612 1.73616 2.59418 -2.44861</i>
                        <i>-0.0358002 0.999351 0.0039865 0.11067 2.22045e-016 0.993857 0.993212 0.0360214 -0.110598 1.73518 2.59376 -2.4485</i>
                        <i>-0.0392072 0.999222 0.00436589 0.11067 0 0.993857 0.993084 0.0394495 -0.110584 1.73427 2.59342 -2.4484</i>
                        <i>-0.0423022 0.999094 0.00471053 0.11067 2.22045e-016 0.993857 0.992957 0.0425637 -0.11057 1.73342 2.59315 -2.4483</i>
                        <i>-0.0451046 0.99897 0.00502258 0.11067 0 0.993857 0.992833 0.0453833 -0.110556 1.73264 2.59293 -2.44822</i>
                        <i>-0.0475957 0.998853 0.00529999 0.11067 -4.44089e-016 0.993857 0.992717 0.0478899 -0.110543 1.73193 2.59278 -2.44814</i>
                        <i>-0.0497577 0.998746 0.00554072 0.11067 -2.22045e-016 0.993857 0.992611 0.0500652 -0.110531 1.73132 2.59269 -2.44807</i>
                        <i>-0.0515724 0.998653 0.0057428 0.11067 -2.22045e-016 0.993857 0.992518 0.0518912 -0.110521 1.73079 2.59267 -2.44801</i>
                        <i>-0.0530223 0.998576 0.00590425 0.11067 -4.44089e-016 0.993857 0.992442 0.05335 -0.110513 1.73037 2.59272 -2.44796</i>
                        <i>-0.0540896 0.998518 0.0060231 0.11067 0 0.993857 0.992384 0.0544239 -0.110506 1.73005 2.59283 -2.44793</i>
                        <i>-0.0547567 0.998481 0.00609739 0.11067 1.11022e-016 0.993857 0.992348 0.0550952 -0.110502 1.72985 2.59302 -2.44791</i>
                        <i>-0.0550061 0.998467 0.00612515 0.11067 0 0.993857 0.992334 0.055346 -0.110501 1.72978 2.59328 -2.4479</i>
                        <i>-0.0548197 0.998478 0.0061044 0.11067 -2.22045e-016 0.993857 0.992344 0.0551585 -0.110502 1.72984 2.59361 -2.4479</i>
                        <i>-0.0542549 0.998509 0.00604151 0.11067 0 0.993857 0.992375 0.0545902 -0.110505 1.73 2.59399 -2.44792</i>
                        <i>-0.0533793 0.998557 0.00594401 0.11067 -4.44089e-016 0.993857 0.992423 0.0537092 -0.11051 1.73021 2.59441 -2.44795</i>
                        <i>-0.0521909 0.99862 0.00581168 0.11067 0 0.993857 0.992486 0.0525135 -0.110517 1.73048 2.59487 -2.44797</i>
                        <i>-0.0506875 0.998699 0.00564426 0.11067 2.22045e-016 0.993857 0.992564 0.0510007 -0.110526 1.73079 2.59535 -2.44801</i>
                        <i>-0.0488667 0.998791 0.00544152 0.11067 0 0.993857 0.992655 0.0491688 -0.110536 1.73115 2.59586 -2.44805</i>
                        <i>-0.0467765 0.998892 0.00520876 0.11067 0 0.993857 0.992756 0.0470657 -0.110548 1.73156 2.59639 -2.4481</i>
                        <i>-0.0445298 0.998996 0.00495857 0.11067 2.22045e-016 0.993857 0.992859 0.044805 -0.110559 1.73202 2.59694 -2.44815</i>
                        <i>-0.0421925 0.999098 0.00469831 0.11067 -2.22045e-016 0.993857 0.992961 0.0424533 -0.11057 1.73253 2.5975 -2.4482</i>
                        <i>-0.0397661 0.999199 0.00442812 0.11067 -2.22045e-016 0.993857 0.993061 0.0400119 -0.110582 1.73307 2.59808 -2.44826</i>
                        <i>-0.0372519 0.999297 0.00414815 0.11067 0 0.993857 0.993159 0.0374821 -0.110592 1.73367 2.59866 -2.44833</i>
                        <i>-0.0346512 0.999392 0.00385855 0.11067 -6.66134e-016 0.993857 0.993253 0.0348653 -0.110603 1.7343 2.59924 -2.4484</i>
                        <i>-0.0319651 0.999483 0.00355945 0.11067 0 0.993857 0.993343 0.0321627 -0.110613 1.73497 2.59983 -2.44847</i>
                        <i>-0.029195 0.999568 0.00325098 0.11067 0 0.993857 0.993428 0.0293754 -0.110622 1.73568 2.60042 -2.44855</i>
                        <i>-0.0263418 0.999649 0.00293327 0.11067 0 0.993857 0.993508 0.0265046 -0.110631 1.73643 2.60099 -2.44864</i>
                        <i>-0.0234067 0.999723 0.00260643 0.11067 2.22045e-016 0.993857 0.993582 0.0235513 -0.110639 1.73722 2.60156 -2.44873</i>
                        <i>-0.0203907 0.99979 0.00227059 0.11067 0 0.993857 0.993648 0.0205168 -0.110647 1.73804 2.60211 -2.44882</i>
                        <i>-0.017295 0.999849 0.00192587 0.11067 0 0.993857 0.993707 0.0174019 -0.110653 1.7389 2.60264 -2.44891</i>
                        <i>-0.0141205 0.999899 0.00157237 0.11067 -2.22045e-016 0.993857 0.993757 0.0142077 -0.110659 1.73979 2.60315 -2.44901</i>
                        <i>-0.0108681 0.99994 0.00121021 0.11067 -2.22045e-016 0.993857 0.993798 0.0109353 -0.110664 1.74071 2.60364 -2.44911</i>
                        <i>-0.00753887 0.999971 0.000839485 0.11067 -2.22045e-016 0.993857 0.993829 0.00758547 -0.110667 1.74167 2.60409 -2.44922</i>
                        <i>-0.00413375 0.999991 0.00046031 0.11067 0 0.993857 0.993849 0.0041593 -0.110669 1.74265 2.60452 -2.44933</i>
                        <i>-0.000653629 1 7.27843e-005 0.11067 -2.22045e-016 0.993857 0.993857 0.000657669 -0.11067 1.74366 2.6049 -2.44944</i>
                        <i>0.00290059 0.999996 -0.000322992 0.11067 1.11022e-016 0.993857 0.993853 -0.00291851 -0.11067 1.74469 2.60525 -2.44956</i>
                        <i>0.00652806 0.999978 -0.000726927 0.11067 0 0.993857 0.993836 -0.00656841 -0.110668 1.74575 2.60555 -2.44968</i>
                        <i>0.00993655 0.99995 -0.00110648 0.11067 2.22045e-016 0.993857 0.993807 -0.00999796 -0.110665 1.74653 2.60575 -2.44976</i>
                        <i>0.0129778 0.999915 -0.00144513 0.11067 1.11022e-016 0.993857 0.993772 -0.013058 -0.110661 1.74721 2.60592 -2.44984</i>
                        <i>0.0156444 0.999876 -0.00174207 0.11067 0 0.993857 0.993734 -0.0157411 -0.110656 1.74778 2.60606 -2.4499</i>
                        <i>0.0179292 0.999837 -0.00199649 0.11067 -4.44089e-016 0.993857 0.993695 -0.01804 -0.110652 1.74826 2.60617 -2.44995</i>
                        <i>0.019825 0.999801 -0.00220759 0.11067 -4.44089e-016 0.993857 0.993659 -0.0199475 -0.110648 1.74863 2.60626 -2.45</i>
                        <i>0.0213248 0.99977 -0.00237461 0.11067 -4.44089e-016 0.993857 0.993628 -0.0214566 -0.110645 1.7489 2.60633 -2.45003</i>
                        <i>0.0224219 0.999745 -0.00249677 0.11067 2.22045e-016 0.993857 0.993604 -0.0225605 -0.110642 1.74909 2.60638 -2.45005</i>
                        <i>0.0231096 0.99973 -0.00257335 0.11067 -2.22045e-016 0.993857 0.993589 -0.0232524 -0.11064 1.74918 2.6064 -2.45006</i>
                        <i>0.0233812 0.999723 -0.00260359 0.11067 0 0.993857 0.993582 -0.0235257 -0.11064 1.74918 2.60641 -2.45006</i>
                        <i>0.0232303 0.999727 -0.00258679 0.11067 -2.22045e-016 0.993857 0.993586 -0.0233739 -0.11064 1.74911 2.60639 -2.45005</i>
                        <i>0.0226506 0.99974 -0.00252224 0.11067 2.22045e-016 0.993857 0.993599 -0.0227906 -0.110641 1.74895 2.60636 -2.45003</i>
                        <i>0.0216359 0.999763 -0.00240925 0.11067 0 0.993857 0.993622 -0.0217697 -0.110644 1.74871 2.60631 -2.45</i>
                        <i>0.0201801 0.999794 -0.00224713 0.11067 -2.22045e-016 0.993857 0.993652 -0.0203048 -0.110647 1.74839 2.60624 -2.44997</i>
                        <i>0.0182771 0.999831 -0.00203523 0.11067 -4.44089e-016 0.993857 0.993689 -0.01839 -0.110651 1.74801 2.60615 -2.44993</i>
                        <i>0.0158658 0.999873 -0.00176673 0.11067 0 0.993857 0.993731 -0.0159639 -0.110656 1.74752 2.60604 -2.44987</i>
                        <i>0.0129353 0.999915 -0.0014404 0.11067 -4.44089e-016 0.993857 0.993773 -0.0130152 -0.110661 1.74691 2.6059 -2.4498</i>
                        <i>0.00958683 0.999953 -0.00106753 0.11067 -2.22045e-016 0.993857 0.993811 -0.00964609 -0.110665 1.74619 2.60573 -2.44972</i>
                        <i>0.00590849 0.999982 -0.000657935 0.11067 0 0.993857 0.99384 -0.00594501 -0.110668 1.74538 2.60552 -2.44963</i>
                        <i>0.00196201 0.999998 -0.000218478 0.11067 -2.22045e-016 0.993857 0.993855 -0.00197413 -0.11067 1.74448 2.6053 -2.44953</i>
                        <i>-0.00218865 0.999998 0.000243716 0.11067 1.11022e-016 0.993857 0.993855 0.00220218 -0.11067 1.74352 2.60504 -2.44943</i>
                        <i>-0.0064829 0.999979 0.000721898 0.11067 -2.22045e-016 0.993857 0.993836 0.00652296 -0.110668 1.74251 2.60477 -2.44932</i>
