<?xml version="1.0" encoding="ISO-8859-1" ?>
<Animl Version="1">
    <ModellingPackage><![CDATA[Maya.2010]]></ModellingPackage>
    <SrcFile><![CDATA[anims\turrets\artillery\red\~src\artillery_scud\artillery_scud_idle_crewman_a.mb]]></SrcFile>
    <FramesPerSecond>30</FramesPerSecond>
    <TotalFrames>97</TotalFrames>
    <Skeleton>
        <RefFrame>
            <Name><![CDATA[soldier_ref_frame]]></Name>
            <Exclude>0</Exclude>
            <Additive>0</Additive>
            <IKPriority>0</IKPriority>
            <IKRotLimits>-1e+010 -1e+010 -1e+010 1e+010 1e+010 1e+010</IKRotLimits>
            <IKRotLimitOrder>0</IKRotLimitOrder>
            <KeyFrames count="97">
                <i>1 0 0 0 1 0 0 0 1 3.07 3.34 2.56</i>
                <i>1 0 0 0 1 0 0 0 1 3.07 3.34 2.56</i>
                <i>1 0 0 0 1 0 0 0 1 3.07 3.34 2.56</i>
                <i>1 0 0 0 1 0 0 0 1 3.07 3.34 2.56</i>
                <i>1 0 0 0 1 0 0 0 1 3.07 3.34 2.56</i>
                <i>1 0 0 0 1 0 0 0 1 3.07 3.34 2.56</i>
                <i>1 0 0 0 1 0 0 0 1 3.07 3.34 2.56</i>
                <i>1 0 0 0 1 0 0 0 1 3.07 3.34 2.56</i>
                <i>1 0 0 0 1 0 0 0 1 3.07 3.34 2.56</i>
                <i>1 0 0 0 1 0 0 0 1 3.07 3.34 2.56</i>
                <i>1 0 0 0 1 0 0 0 1 3.07 3.34 2.56</i>
                <i>1 0 0 0 1 0 0 0 1 3.07 3.34 2.56</i>
                <i>1 0 0 0 1 0 0 0 1 3.07 3.34 2.56</i>
                <i>1 0 0 0 1 0 0 0 1 3.07 3.34 2.56</i>
                <i>1 0 0 0 1 0 0 0 1 3.07 3.34 2.56</i>
                <i>1 0 0 0 1 0 0 0 1 3.07 3.34 2.56</i>
                <i>1 0 0 0 1 0 0 0 1 3.07 3.34 2.56</i>
                <i>1 0 0 0 1 0 0 0 1 3.07 3.34 2.56</i>
                <i>1 0 0 0 1 0 0 0 1 3.07 3.34 2.56</i>
                <i>1 0 0 0 1 0 0 0 1 3.07 3.34 2.56</i>
                <i>1 0 0 0 1 0 0 0 1 3.07 3.34 2.56</i>
                <i>1 0 0 0 1 0 0 0 1 3.07 3.34 2.56</i>
                <i>1 0 0 0 1 0 0 0 1 3.07 3.34 2.56</i>
                <i>1 0 0 0 1 0 0 0 1 3.07 3.34 2.56</i>
                <i>1 0 0 0 1 0 0 0 1 3.07 3.34 2.56</i>
                <i>1 0 0 0 1 0 0 0 1 3.07 3.34 2.56</i>
                <i>1 0 0 0 1 0 0 0 1 3.07 3.34 2.56</i>
                <i>1 0 0 0 1 0 0 0 1 3.07 3.34 2.56</i>
                <i>1 0 0 0 1 0 0 0 1 3.07 3.34 2.56</i>
                <i>1 0 0 0 1 0 0 0 1 3.07 3.34 2.56</i>
                <i>1 0 0 0 1 0 0 0 1 3.07 3.34 2.56</i>
                <i>1 0 0 0 1 0 0 0 1 3.07 3.34 2.56</i>
                <i>1 0 0 0 1 0 0 0 1 3.07 3.34 2.56</i>
                <i>1 0 0 0 1 0 0 0 1 3.07 3.34 2.56</i>
                <i>1 0 0 0 1 0 0 0 1 3.07 3.34 2.56</i>
                <i>1 0 0 0 1 0 0 0 1 3.07 3.34 2.56</i>
                <i>1 0 0 0 1 0 0 0 1 3.07 3.34 2.56</i>
                <i>1 0 0 0 1 0 0 0 1 3.07 3.34 2.56</i>
                <i>1 0 0 0 1 0 0 0 1 3.07 3.34 2.56</i>
                <i>1 0 0 0 1 0 0 0 1 3.07 3.34 2.56</i>
                <i>1 0 0 0 1 0 0 0 1 3.07 3.34 2.56</i>
                <i>1 0 0 0 1 0 0 0 1 3.07 3.34 2.56</i>
                <i>1 0 0 0 1 0 0 0 1 3.07 3.34 2.56</i>
                <i>1 0 0 0 1 0 0 0 1 3.07 3.34 2.56</i>
                <i>1 0 0 0 1 0 0 0 1 3.07 3.34 2.56</i>
                <i>1 0 0 0 1 0 0 0 1 3.07 3.34 2.56</i>
                <i>1 0 0 0 1 0 0 0 1 3.07 3.34 2.56</i>
                <i>1 0 0 0 1 0 0 0 1 3.07 3.34 2.56</i>
                <i>1 0 0 0 1 0 0 0 1 3.07 3.34 2.56</i>
                <i>1 0 0 0 1 0 0 0 1 3.07 3.34 2.56</i>
                <i>1 0 0 0 1 0 0 0 1 3.07 3.34 2.56</i>
                <i>1 0 0 0 1 0 0 0 1 3.07 3.34 2.56</i>
                <i>1 0 0 0 1 0 0 0 1 3.07 3.34 2.56</i>
                <i>1 0 0 0 1 0 0 0 1 3.07 3.34 2.56</i>
                <i>1 0 0 0 1 0 0 0 1 3.07 3.34 2.56</i>
                <i>1 0 0 0 1 0 0 0 1 3.07 3.34 2.56</i>
                <i>1 0 0 0 1 0 0 0 1 3.07 3.34 2.56</i>
                <i>1 0 0 0 1 0 0 0 1 3.07 3.34 2.56</i>
                <i>1 0 0 0 1 0 0 0 1 3.07 3.34 2.56</i>
                <i>1 0 0 0 1 0 0 0 1 3.07 3.34 2.56</i>
                <i>1 0 0 0 1 0 0 0 1 3.07 3.34 2.56</i>
                <i>1 0 0 0 1 0 0 0 1 3.07 3.34 2.56</i>
                <i>1 0 0 0 1 0 0 0 1 3.07 3.34 2.56</i>
                <i>1 0 0 0 1 0 0 0 1 3.07 3.34 2.56</i>
                <i>1 0 0 0 1 0 0 0 1 3.07 3.34 2.56</i>
                <i>1 0 0 0 1 0 0 0 1 3.07 3.34 2.56</i>
                <i>1 0 0 0 1 0 0 0 1 3.07 3.34 2.56</i>
                <i>1 0 0 0 1 0 0 0 1 3.07 3.34 2.56</i>
                <i>1 0 0 0 1 0 0 0 1 3.07 3.34 2.56</i>
                <i>1 0 0 0 1 0 0 0 1 3.07 3.34 2.56</i>
                <i>1 0 0 0 1 0 0 0 1 3.07 3.34 2.56</i>
                <i>1 0 0 0 1 0 0 0 1 3.07 3.34 2.56</i>
                <i>1 0 0 0 1 0 0 0 1 3.07 3.34 2.56</i>
                <i>1 0 0 0 1 0 0 0 1 3.07 3.34 2.56</i>
                <i>1 0 0 0 1 0 0 0 1 3.07 3.34 2.56</i>
                <i>1 0 0 0 1 0 0 0 1 3.07 3.34 2.56</i>
                <i>1 0 0 0 1 0 0 0 1 3.07 3.34 2.56</i>
                <i>1 0 0 0 1 0 0 0 1 3.07 3.34 2.56</i>
                <i>1 0 0 0 1 0 0 0 1 3.07 3.34 2.56</i>
                <i>1 0 0 0 1 0 0 0 1 3.07 3.34 2.56</i>
                <i>1 0 0 0 1 0 0 0 1 3.07 3.34 2.56</i>
                <i>1 0 0 0 1 0 0 0 1 3.07 3.34 2.56</i>
                <i>1 0 0 0 1 0 0 0 1 3.07 3.34 2.56</i>
                <i>1 0 0 0 1 0 0 0 1 3.07 3.34 2.56</i>
                <i>1 0 0 0 1 0 0 0 1 3.07 3.34 2.56</i>
                <i>1 0 0 0 1 0 0 0 1 3.07 3.34 2.56</i>
                <i>1 0 0 0 1 0 0 0 1 3.07 3.34 2.56</i>
                <i>1 0 0 0 1 0 0 0 1 3.07 3.34 2.56</i>
                <i>1 0 0 0 1 0 0 0 1 3.07 3.34 2.56</i>
                <i>1 0 0 0 1 0 0 0 1 3.07 3.34 2.56</i>
                <i>1 0 0 0 1 0 0 0 1 3.07 3.34 2.56</i>
                <i>1 0 0 0 1 0 0 0 1 3.07 3.34 2.56</i>
                <i>1 0 0 0 1 0 0 0 1 3.07 3.34 2.56</i>
                <i>1 0 0 0 1 0 0 0 1 3.07 3.34 2.56</i>
                <i>1 0 0 0 1 0 0 0 1 3.07 3.34 2.56</i>
                <i>1 0 0 0 1 0 0 0 1 3.07 3.34 2.56</i>
                <i>1 0 0 0 1 0 0 0 1 3.07 3.34 2.56</i>
            </KeyFrames>
        </RefFrame>
        <Bones count="23">
            <i>
                <p>
                    <Name><![CDATA[pelvis]]></Name>
                    <Exclude>0</Exclude>
                    <Additive>0</Additive>
                    <IKPriority>0</IKPriority>
                    <IKRotLimits>-1e+010 -1e+010 -1e+010 1e+010 1e+010 1e+010</IKRotLimits>
                    <IKRotLimitOrder>2</IKRotLimitOrder>
                    <KeyFrames count="97">
                        <i>1 0 0 0 1 0 0 0 1 3.12146 4.47354 2.54553</i>
                        <i>1 0 0 0 1 0 0 0 1 3.12146 4.47346 2.54553</i>
                        <i>1 0 0 0 1 0 0 0 1 3.12146 4.47322 2.54553</i>
                        <i>1 0 0 0 1 0 0 0 1 3.12146 4.47283 2.54553</i>
                        <i>1 0 0 0 1 0 0 0 1 3.12146 4.4723 2.54553</i>
                        <i>1 0 0 0 1 0 0 0 1 3.12146 4.47163 2.54553</i>
                        <i>1 0 0 0 1 0 0 0 1 3.12146 4.47082 2.54553</i>
                        <i>1 0 0 0 1 0 0 0 1 3.12146 4.4699 2.54553</i>
                        <i>1 0 0 0 1 0 0 0 1 3.12146 4.46885 2.54553</i>
                        <i>1 0 0 0 1 0 0 0 1 3.12146 4.4677 2.54553</i>
                        <i>1 0 0 0 1 0 0 0 1 3.12146 4.46645 2.54553</i>
                        <i>1 0 0 0 1 0 0 0 1 3.12146 4.4651 2.54553</i>
                        <i>1 0 0 0 1 0 0 0 1 3.12146 4.46366 2.54553</i>
                        <i>1 0 0 0 1 0 0 0 1 3.12146 4.46213 2.54553</i>
                        <i>1 0 0 0 1 0 0 0 1 3.12146 4.46053 2.54553</i>
                        <i>1 0 0 0 1 0 0 0 1 3.12146 4.45887 2.54553</i>
                        <i>1 0 0 0 1 0 0 0 1 3.12146 4.45714 2.54553</i>
                        <i>1 0 0 0 1 0 0 0 1 3.12146 4.45535 2.54553</i>
                        <i>1 0 0 0 1 0 0 0 1 3.12146 4.45352 2.54553</i>
                        <i>1 0 0 0 1 0 0 0 1 3.12146 4.45165 2.54553</i>
                        <i>1 0 0 0 1 0 0 0 1 3.12146 4.44974 2.54553</i>
                        <i>1 0 0 0 1 0 0 0 1 3.12146 4.4478 2.54553</i>
                        <i>1 0 0 0 1 0 0 0 1 3.12146 4.44585 2.54553</i>
                        <i>1 0 0 0 1 0 0 0 1 3.12146 4.44388 2.54553</i>
                        <i>1 0 0 0 1 0 0 0 1 3.12146 4.4419 2.54553</i>
                        <i>1 0 0 0 1 0 0 0 1 3.12146 4.43993 2.54553</i>
                        <i>1 0 0 0 1 0 0 0 1 3.12146 4.43796 2.54553</i>
                        <i>1 0 0 0 1 0 0 0 1 3.12146 4.436 2.54553</i>
                        <i>1 0 0 0 1 0 0 0 1 3.12146 4.43407 2.54553</i>
                        <i>1 0 0 0 1 0 0 0 1 3.12146 4.43216 2.54553</i>
                        <i>1 0 0 0 1 0 0 0 1 3.12146 4.43029 2.54553</i>
                        <i>1 0 0 0 1 0 0 0 1 3.12146 4.42845 2.54553</i>
                        <i>1 0 0 0 1 0 0 0 1 3.12146 4.42667 2.54553</i>
                        <i>1 0 0 0 1 0 0 0 1 3.12146 4.42494 2.54553</i>
                        <i>1 0 0 0 1 0 0 0 1 3.12146 4.42327 2.54553</i>
                        <i>1 0 0 0 1 0 0 0 1 3.12146 4.42168 2.54553</i>
                        <i>1 0 0 0 1 0 0 0 1 3.12146 4.42015 2.54553</i>
                        <i>1 0 0 0 1 0 0 0 1 3.12146 4.41871 2.54553</i>
                        <i>1 0 0 0 1 0 0 0 1 3.12146 4.41736 2.54553</i>
                        <i>1 0 0 0 1 0 0 0 1 3.12146 4.4161 2.54553</i>
                        <i>1 0 0 0 1 0 0 0 1 3.12146 4.41495 2.54553</i>
                        <i>1 0 0 0 1 0 0 0 1 3.12146 4.41391 2.54553</i>
                        <i>1 0 0 0 1 0 0 0 1 3.12146 4.41298 2.54553</i>
                        <i>1 0 0 0 1 0 0 0 1 3.12146 4.41218 2.54553</i>
                        <i>1 0 0 0 1 0 0 0 1 3.12146 4.41151 2.54553</i>
                        <i>1 0 0 0 1 0 0 0 1 3.12146 4.41098 2.54553</i>
                        <i>1 0 0 0 1 0 0 0 1 3.12146 4.41059 2.54553</i>
                        <i>1 0 0 0 1 0 0 0 1 3.12146 4.41035 2.54553</i>
                        <i>1 0 0 0 1 0 0 0 1 3.12146 4.41026 2.54553</i>
                        <i>1 0 0 0 1 0 0 0 1 3.12146 4.41032 2.54553</i>
                        <i>1 0 0 0 1 0 0 0 1 3.12146 4.41048 2.54553</i>
                        <i>1 0 0 0 1 0 0 0 1 3.12146 4.41074 2.54553</i>
                        <i>1 0 0 0 1 0 0 0 1 3.12146 4.41111 2.54553</i>
                        <i>1 0 0 0 1 0 0 0 1 3.12146 4.41157 2.54553</i>
                        <i>1 0 0 0 1 0 0 0 1 3.12146 4.41212 2.54553</i>
                        <i>1 0 0 0 1 0 0 0 1 3.12146 4.41276 2.54553</i>
                        <i>1 0 0 0 1 0 0 0 1 3.12146 4.41349 2.54553</i>
                        <i>1 0 0 0 1 0 0 0 1 3.12146 4.4143 2.54553</i>
                        <i>1 0 0 0 1 0 0 0 1 3.12146 4.41519 2.54553</i>
                        <i>1 0 0 0 1 0 0 0 1 3.12146 4.41615 2.54553</i>
                        <i>1 0 0 0 1 0 0 0 1 3.12146 4.41719 2.54553</i>
                        <i>1 0 0 0 1 0 0 0 1 3.12146 4.41829 2.54553</i>
                        <i>1 0 0 0 1 0 0 0 1 3.12146 4.41946 2.54553</i>
                        <i>1 0 0 0 1 0 0 0 1 3.12146 4.42069 2.54553</i>
                        <i>1 0 0 0 1 0 0 0 1 3.12146 4.42198 2.54553</i>
                        <i>1 0 0 0 1 0 0 0 1 3.12146 4.42333 2.54553</i>
                        <i>1 0 0 0 1 0 0 0 1 3.12146 4.42472 2.54553</i>
                        <i>1 0 0 0 1 0 0 0 1 3.12146 4.42617 2.54553</i>
                        <i>1 0 0 0 1 0 0 0 1 3.12146 4.42766 2.54553</i>
                        <i>1 0 0 0 1 0 0 0 1 3.12146 4.42919 2.54553</i>
                        <i>1 0 0 0 1 0 0 0 1 3.12146 4.43076 2.54553</i>
                        <i>1 0 0 0 1 0 0 0 1 3.12146 4.43236 2.54553</i>
                        <i>1 0 0 0 1 0 0 0 1 3.12146 4.43399 2.54553</i>
                        <i>1 0 0 0 1 0 0 0 1 3.12146 4.43565 2.54553</i>
                        <i>1 0 0 0 1 0 0 0 1 3.12146 4.43734 2.54553</i>
                        <i>1 0 0 0 1 0 0 0 1 3.12146 4.43905 2.54553</i>
                        <i>1 0 0 0 1 0 0 0 1 3.12146 4.44077 2.54553</i>
                        <i>1 0 0 0 1 0 0 0 1 3.12146 4.4425 2.54553</i>
                        <i>1 0 0 0 1 0 0 0 1 3.12146 4.44425 2.54553</i>
                        <i>1 0 0 0 1 0 0 0 1 3.12146 4.44601 2.54553</i>
                        <i>1 0 0 0 1 0 0 0 1 3.12146 4.44776 2.54553</i>
                        <i>1 0 0 0 1 0 0 0 1 3.12146 4.44952 2.54553</i>
                        <i>1 0 0 0 1 0 0 0 1 3.12146 4.45127 2.54553</i>
                        <i>1 0 0 0 1 0 0 0 1 3.12146 4.45302 2.54553</i>
                        <i>1 0 0 0 1 0 0 0 1 3.12146 4.45476 2.54553</i>
                        <i>1 0 0 0 1 0 0 0 1 3.12146 4.45648 2.54553</i>
                        <i>1 0 0 0 1 0 0 0 1 3.12146 4.45819 2.54553</i>
                        <i>1 0 0 0 1 0 0 0 1 3.12146 4.45987 2.54553</i>
                        <i>1 0 0 0 1 0 0 0 1 3.12146 4.46153 2.54553</i>
                        <i>1 0 0 0 1 0 0 0 1 3.12146 4.46316 2.54553</i>
                        <i>1 0 0 0 1 0 0 0 1 3.12146 4.46477 2.54553</i>
                        <i>1 0 0 0 1 0 0 0 1 3.12146 4.46634 2.54553</i>
                        <i>1 0 0 0 1 0 0 0 1 3.12146 4.46787 2.54553</i>
                        <i>1 0 0 0 1 0 0 0 1 3.12146 4.46936 2.54553</i>
                        <i>1 0 0 0 1 0 0 0 1 3.12146 4.4708 2.54553</i>
                        <i>1 0 0 0 1 0 0 0 1 3.12146 4.4722 2.54553</i>
                        <i>1 0 0 0 1 0 0 0 1 3.12146 4.47354 2.54553</i>
                    </KeyFrames>
                </p>
            </i>
            <i>
                <p>
                    <Name><![CDATA[spine0]]></Name>
                    <Exclude>0</Exclude>
                    <Additive>0</Additive>
                    <IKPriority>0</IKPriority>
                    <IKRotLimits>-1e+010 -1e+010 -1e+010 1e+010 1e+010 1e+010</IKRotLimits>
                    <IKRotLimitOrder>0</IKRotLimitOrder>
                    <KeyFrames count="97">
                        <i>-0.0704192 0.996013 0.0547649 -0.613902 0 -0.789383 -0.786235 -0.0892079 0.611454 3.14398 4.61455 2.52802</i>
                        <i>-0.0699712 0.996064 0.0544165 -0.613902 2.22045e-016 -0.789383 -0.786275 -0.0886404 0.611485 3.14398 4.61447 2.52802</i>
                        <i>-0.0694812 0.996119 0.0540354 -0.613902 -2.22045e-016 -0.789383 -0.786319 -0.0880197 0.611519 3.14398 4.61423 2.52802</i>
                        <i>-0.0689546 0.996177 0.0536259 -0.613902 0 -0.789383 -0.786365 -0.0873526 0.611555 3.14398 4.61384 2.52802</i>
                        <i>-0.0683968 0.996239 0.0531921 -0.613902 2.22045e-016 -0.789383 -0.786414 -0.086646 0.611593 3.14398 4.6133 2.52802</i>
                        <i>-0.0678132 0.996303 0.0527382 -0.613902 0 -0.789383 -0.786464 -0.0859066 0.611632 3.14398 4.61263 2.52802</i>
                        <i>-0.0672092 0.996369 0.0522685 -0.613902 -2.22045e-016 -0.789383 -0.786516 -0.0851415 0.611672 3.14398 4.61183 2.52802</i>
                        <i>-0.0665902 0.996436 0.0517871 -0.613902 -2.22045e-016 -0.789383 -0.786569 -0.0843573 0.611713 3.14398 4.6109 2.52802</i>
                        <i>-0.0659615 0.996503 0.0512981 -0.613902 -2.22045e-016 -0.789383 -0.786622 -0.0835609 0.611755 3.14398 4.60986 2.52802</i>
                        <i>-0.0653286 0.99657 0.0508059 -0.613902 -2.22045e-016 -0.789383 -0.786675 -0.0827591 0.611796 3.14398 4.60871 2.52802</i>
                        <i>-0.0646969 0.996636 0.0503147 -0.613902 -4.44089e-016 -0.789383 -0.786727 -0.0819588 0.611836 3.14398 4.60745 2.52802</i>
                        <i>-0.0640717 0.996701 0.0498285 -0.613902 -2.22045e-016 -0.789383 -0.786778 -0.0811669 0.611876 3.14398 4.6061 2.52802</i>
                        <i>-0.0634585 0.996763 0.0493516 -0.613902 -6.66134e-016 -0.789383 -0.786828 -0.08039 0.611915 3.14398 4.60466 2.52802</i>
                        <i>-0.0628626 0.996824 0.0488881 -0.613902 -2.22045e-016 -0.789383 -0.786876 -0.0796351 0.611952 3.14398 4.60314 2.52802</i>
                        <i>-0.0622894 0.996882 0.0484424 -0.613902 0 -0.789383 -0.786921 -0.0789091 0.611987 3.14398 4.60154 2.52802</i>
                        <i>-0.0617444 0.996936 0.0480185 -0.613902 0 -0.789383 -0.786964 -0.0782186 0.612021 3.14398 4.59987 2.52802</i>
                        <i>-0.0612329 0.996987 0.0476207 -0.613902 0 -0.789383 -0.787004 -0.0775706 0.612052 3.14398 4.59814 2.52802</i>
                        <i>-0.0607603 0.997033 0.0472532 -0.613902 -4.44089e-016 -0.789383 -0.787041 -0.0769719 0.61208 3.14398 4.59636 2.52802</i>
                        <i>-0.060332 0.997075 0.0469201 -0.613902 0 -0.789383 -0.787074 -0.0764293 0.612106 3.14398 4.59453 2.52802</i>
                        <i>-0.0599534 0.997112 0.0466257 -0.613902 0 -0.789383 -0.787103 -0.0759497 0.612128 3.14398 4.59265 2.52802</i>
                        <i>-0.0596299 0.997143 0.0463741 -0.613902 -4.44089e-016 -0.789383 -0.787127 -0.0755399 0.612148 3.14398 4.59075 2.52802</i>
                        <i>-0.0593669 0.997168 0.0461695 -0.613902 -2.22045e-016 -0.789383 -0.787147 -0.0752067 0.612163 3.14398 4.58881 2.52802</i>
                        <i>-0.0591698 0.997187 0.0460162 -0.613902 -4.44089e-016 -0.789383 -0.787162 -0.0749571 0.612175 3.14398 4.58686 2.52802</i>
                        <i>-0.059044 0.997199 0.0459184 -0.613902 -2.22045e-016 -0.789383 -0.787171 -0.0747977 0.612182 3.14398 4.58489 2.52802</i>
                        <i>-0.0589949 0.997203 0.0458802 -0.613902 0 -0.789383 -0.787175 -0.0747355 0.612185 3.14398 4.58291 2.52802</i>
                        <i>-0.0590221 0.997201 0.0459014 -0.613902 -4.44089e-016 -0.789383 -0.787173 -0.0747699 0.612183 3.14398 4.58093 2.52802</i>
                        <i>-0.0591187 0.997192 0.0459765 -0.613902 -2.22045e-016 -0.789383 -0.787166 -0.0748924 0.612177 3.14398 4.57896 2.52802</i>
                        <i>-0.0592805 0.997176 0.0461023 -0.613902 -2.22045e-016 -0.789383 -0.787154 -0.0750973 0.612168 3.14398 4.57701 2.52802</i>
                        <i>-0.059503 0.997155 0.0462754 -0.613902 -2.22045e-016 -0.789383 -0.787137 -0.0753791 0.612155 3.14398 4.57507 2.52802</i>
                        <i>-0.0597818 0.997128 0.0464922 -0.613902 1.11022e-016 -0.789383 -0.787116 -0.0757323 0.612139 3.14398 4.57317 2.52802</i>
                        <i>-0.0601126 0.997096 0.0467495 -0.613902 -2.22045e-016 -0.789383 -0.78709 -0.0761515 0.612119 3.14398 4.57129 2.52802</i>
                        <i>-0.0604911 0.99706 0.0470438 -0.613902 -2.22045e-016 -0.789383 -0.787061 -0.0766309 0.612096 3.14398 4.56946 2.52802</i>
                        <i>-0.0609129 0.997018 0.0473718 -0.613902 1.11022e-016 -0.789383 -0.787029 -0.0771652 0.612071 3.14398 4.56768 2.52802</i>
                        <i>-0.0613735 0.996973 0.0477301 -0.613902 -2.22045e-016 -0.789383 -0.786993 -0.0777488 0.612043 3.14398 4.56595 2.52802</i>
                        <i>-0.0618687 0.996924 0.0481152 -0.613902 -2.22045e-016 -0.789383 -0.786954 -0.0783761 0.612013 3.14398 4.56428 2.52802</i>
                        <i>-0.0623941 0.996871 0.0485238 -0.613902 2.22045e-016 -0.789383 -0.786913 -0.0790417 0.611981 3.14398 4.56268 2.52802</i>
                        <i>-0.0629453 0.996816 0.0489525 -0.613902 -2.22045e-016 -0.789383 -0.786869 -0.07974 0.611947 3.14398 4.56116 2.52802</i>
                        <i>-0.063518 0.996757 0.0493979 -0.613902 -4.44089e-016 -0.789383 -0.786823 -0.0804655 0.611911 3.14398 4.55972 2.52802</i>
                        <i>-0.0641079 0.996697 0.0498566 -0.613902 -2.22045e-016 -0.789383 -0.786775 -0.0812127 0.611874 3.14398 4.55837 2.52802</i>
                        <i>-0.0647104 0.996634 0.0503252 -0.613902 0 -0.789383 -0.786726 -0.081976 0.611835 3.14398 4.55711 2.52802</i>
                        <i>-0.0653214 0.99657 0.0508003 -0.613902 0 -0.789383 -0.786675 -0.08275 0.611796 3.14398 4.55596 2.52802</i>
                        <i>-0.0659364 0.996505 0.0512786 -0.613902 -4.44089e-016 -0.789383 -0.786624 -0.0835291 0.611756 3.14398 4.55492 2.52802</i>
                        <i>-0.0665511 0.99644 0.0517567 -0.613902 -2.22045e-016 -0.789383 -0.786572 -0.0843078 0.611716 3.14398 4.55399 2.52802</i>
                        <i>-0.0671611 0.996374 0.0522311 -0.613902 2.22045e-016 -0.789383 -0.78652 -0.0850805 0.611676 3.14398 4.55319 2.52802</i>
                        <i>-0.0677621 0.996309 0.0526984 -0.613902 0 -0.789383 -0.786469 -0.0858418 0.611636 3.14398 4.55252 2.52802</i>
                        <i>-0.0683496 0.996244 0.0531554 -0.613902 0 -0.789383 -0.786418 -0.0865862 0.611596 3.14398 4.55198 2.52802</i>
                        <i>-0.0689194 0.996181 0.0535985 -0.613902 -2.22045e-016 -0.789383 -0.786368 -0.087308 0.611557 3.14398 4.55159 2.52802</i>
                        <i>-0.0694671 0.99612 0.0540245 -0.613902 -4.44089e-016 -0.789383 -0.78632 -0.0880018 0.61152 3.14398 4.55135 2.52802</i>
                        <i>-0.0699883 0.996062 0.0544298 -0.613902 -4.44089e-016 -0.789383 -0.786274 -0.0886621 0.611484 3.14398 4.55127 2.52802</i>
                        <i>-0.0705206 0.996002 0.0548437 -0.613902 -2.22045e-016 -0.789383 -0.786226 -0.0893364 0.611447 3.14398 4.55133 2.52802</i>
                        <i>-0.0711002 0.995935 0.0552945 -0.613902 0 -0.789383 -0.786174 -0.0900707 0.611406 3.14398 4.55149 2.52802</i>
                        <i>-0.0717211 0.995864 0.0557774 -0.613902 0 -0.789383 -0.786118 -0.0908572 0.611362 3.14398 4.55175 2.52802</i>
                        <i>-0.072377 0.995788 0.0562874 -0.613902 -4.44089e-016 -0.789383 -0.786058 -0.0916881 0.611316 3.14398 4.55211 2.52802</i>
                        <i>-0.0730617 0.995708 0.05682 -0.613902 -2.22045e-016 -0.789383 -0.785994 -0.0925555 0.611266 3.14398 4.55257 2.52802</i>
                        <i>-0.0737691 0.995624 0.0573701 -0.613902 -4.44089e-016 -0.789383 -0.785928 -0.0934516 0.611215 3.14398 4.55312 2.52802</i>
                        <i>-0.074493 0.995537 0.0579331 -0.613902 -2.22045e-016 -0.789383 -0.78586 -0.0943687 0.611162 3.14398 4.55377 2.52802</i>
                        <i>-0.0752272 0.995449 0.0585041 -0.613902 -6.66134e-016 -0.789383 -0.78579 -0.0952988 0.611108 3.14398 4.55449 2.52802</i>
                        <i>-0.0759656 0.995359 0.0590783 -0.613902 0 -0.789383 -0.785719 -0.0962342 0.611052 3.14398 4.5553 2.52802</i>
                        <i>-0.0767019 0.995268 0.0596509 -0.613902 0 -0.789383 -0.785647 -0.0971669 0.610997 3.14398 4.55619 2.52802</i>
                        <i>-0.0774299 0.995178 0.0602171 -0.613902 2.22045e-016 -0.789383 -0.785576 -0.0980892 0.610941 3.14398 4.55716 2.52802</i>
                        <i>-0.0781435 0.995088 0.0607721 -0.613902 0 -0.789383 -0.785505 -0.0989932 0.610886 3.14398 4.55819 2.52802</i>
                        <i>-0.0788365 0.995 0.061311 -0.613902 -2.22045e-016 -0.789383 -0.785436 -0.0998711 0.610832 3.14398 4.5593 2.52802</i>
                        <i>-0.0795026 0.994915 0.061829 -0.613902 3.33067e-016 -0.789383 -0.785369 -0.100715 0.61078 3.14398 4.56047 2.52802</i>
                        <i>-0.0801356 0.994834 0.0623214 -0.613902 0 -0.789383 -0.785304 -0.101517 0.61073 3.14398 4.5617 2.52802</i>
                        <i>-0.0807294 0.994757 0.0627831 -0.613902 0 -0.789383 -0.785244 -0.102269 0.610683 3.14398 4.56299 2.52802</i>
                        <i>-0.0812777 0.994685 0.0632095 -0.613902 -2.22045e-016 -0.789383 -0.785187 -0.102964 0.610639 3.14398 4.56433 2.52802</i>
                        <i>-0.0817743 0.99462 0.0635957 -0.613902 -2.22045e-016 -0.789383 -0.785136 -0.103593 0.610599 3.14398 4.56573 2.52802</i>
                        <i>-0.0822129 0.994562 0.0639368 -0.613902 -2.22045e-016 -0.789383 -0.78509 -0.104148 0.610563 3.14398 4.56718 2.52802</i>
                        <i>-0.0825874 0.994512 0.0642281 -0.613902 -6.66134e-016 -0.789383 -0.78505 -0.104623 0.610532 3.14398 4.56867 2.52802</i>
                        <i>-0.0828914 0.994471 0.0644645 -0.613902 -2.22045e-016 -0.789383 -0.785018 -0.105008 0.610508 3.14398 4.5702 2.52802</i>
                        <i>-0.0831189 0.994441 0.0646415 -0.613902 -2.22045e-016 -0.789383 -0.784994 -0.105296 0.610489 3.14398 4.57176 2.52802</i>
                        <i>-0.0832636 0.994421 0.0647539 -0.613902 -2.22045e-016 -0.789383 -0.784979 -0.105479 0.610477 3.14398 4.57337 2.52802</i>
                        <i>-0.0833192 0.994414 0.0647972 -0.613902 0 -0.789383 -0.784973 -0.10555 0.610472 3.14398 4.575 2.52802</i>
                        <i>-0.0832835 0.994419 0.0647694 -0.613902 1.11022e-016 -0.789383 -0.784977 -0.105505 0.610475 3.14398 4.57666 2.52802</i>
                        <i>-0.0831623 0.994435 0.0646752 -0.613902 1.11022e-016 -0.789383 -0.78499 -0.105351 0.610485 3.14398 4.57835 2.52802</i>
                        <i>-0.0829613 0.994462 0.0645189 -0.613902 -2.22045e-016 -0.789383 -0.785011 -0.105096 0.610502 3.14398 4.58005 2.52802</i>
                        <i>-0.0826863 0.994499 0.064305 -0.613902 -2.22045e-016 -0.789383 -0.78504 -0.104748 0.610524 3.14398 4.58177 2.52802</i>
                        <i>-0.0823428 0.994545 0.0640379 -0.613902 -2.22045e-016 -0.789383 -0.785076 -0.104313 0.610552 3.14398 4.58351 2.52802</i>
                        <i>-0.0819367 0.994598 0.063722 -0.613902 2.22045e-016 -0.789383 -0.785119 -0.103798 0.610586 3.14398 4.58526 2.52802</i>
                        <i>-0.0814736 0.994659 0.0633619 -0.613902 0 -0.789383 -0.785167 -0.103212 0.610623 3.14398 4.58701 2.52802</i>
                        <i>-0.0809594 0.994727 0.062962 -0.613902 -2.22045e-016 -0.789383 -0.78522 -0.10256 0.610664 3.14398 4.58877 2.52802</i>
                        <i>-0.0803996 0.9948 0.0625266 -0.613902 0 -0.789383 -0.785278 -0.101851 0.610709 3.14398 4.59053 2.52802</i>
                        <i>-0.0798 0.994877 0.0620604 -0.613902 -4.44089e-016 -0.789383 -0.785339 -0.101092 0.610757 3.14398 4.59228 2.52802</i>
                        <i>-0.0791664 0.994958 0.0615676 -0.613902 1.11022e-016 -0.789383 -0.785403 -0.100289 0.610806 3.14398 4.59403 2.52802</i>
                        <i>-0.0785044 0.995043 0.0610527 -0.613902 -4.44089e-016 -0.789383 -0.785469 -0.0994503 0.610858 3.14398 4.59576 2.52802</i>
                        <i>-0.0778197 0.995129 0.0605202 -0.613902 2.22045e-016 -0.789383 -0.785537 -0.098583 0.610911 3.14398 4.59749 2.52802</i>
                        <i>-0.077118 0.995216 0.0599746 -0.613902 -2.22045e-016 -0.789383 -0.785607 -0.0976941 0.610965 3.14398 4.59919 2.52802</i>
                        <i>-0.0764051 0.995305 0.0594201 -0.613902 -2.22045e-016 -0.789383 -0.785676 -0.096791 0.611019 3.14398 4.60088 2.52802</i>
                        <i>-0.0756866 0.995393 0.0588613 -0.613902 0 -0.789383 -0.785746 -0.0958807 0.611073 3.14398 4.60254 2.52802</i>
                        <i>-0.0749682 0.99548 0.0583026 -0.613902 0 -0.789383 -0.785815 -0.0949706 0.611127 3.14398 4.60417 2.52802</i>
                        <i>-0.0742555 0.995566 0.0577484 -0.613902 -2.22045e-016 -0.789383 -0.785882 -0.0940678 0.611179 3.14398 4.60577 2.52802</i>
                        <i>-0.0735543 0.995649 0.0572031 -0.613902 0 -0.789383 -0.785948 -0.0931796 0.611231 3.14398 4.60734 2.52802</i>
                        <i>-0.0728703 0.99573 0.0566711 -0.613902 -2.22045e-016 -0.789383 -0.786012 -0.0923131 0.61128 3.14398 4.60887 2.52802</i>
                        <i>-0.0722091 0.995807 0.0561569 -0.613902 0 -0.789383 -0.786073 -0.0914754 0.611328 3.14398 4.61036 2.52802</i>
                        <i>-0.0715764 0.995881 0.0556648 -0.613902 -4.44089e-016 -0.789383 -0.786131 -0.0906739 0.611373 3.14398 4.61181 2.52802</i>
                        <i>-0.0709779 0.995949 0.0551994 -0.613902 -6.66134e-016 -0.789383 -0.786185 -0.0899157 0.611415 3.14398 4.6132 2.52802</i>
                        <i>-0.0704192 0.996013 0.0547649 -0.613902 0 -0.789383 -0.786235 -0.0892079 0.611454 3.14398 4.61455 2.52802</i>
                    </KeyFrames>
                </p>
            </i>
            <i>
                <p>
                    <Name><![CDATA[spine1]]></Name>
                    <Exclude>0</Exclude>
                    <Additive>0</Additive>
                    <IKPriority>0</IKPriority>
                    <IKRotLimits>-1e+010 -1e+010 -1e+010 1e+010 1e+010 1e+010</IKRotLimits>
                    <IKRotLimitOrder>0</IKRotLimitOrder>
                    <KeyFrames count="97">
                        <i>-0.13791 0.984621 0.107252 -0.613902 0 -0.789383 -0.777242 -0.174706 0.60446 3.13194 4.78477 2.53738</i>
                        <i>-0.136268 0.984987 0.105975 -0.613902 2.22045e-016 -0.789383 -0.777532 -0.172626 0.604685 3.13202 4.7847 2.53732</i>
                        <i>-0.134474 0.985383 0.10458 -0.613902 -2.22045e-016 -0.789383 -0.777844 -0.170353 0.604928 3.1321 4.78447 2.53726</i>
                        <i>-0.132546 0.985802 0.103081 -0.613902 0 -0.789383 -0.778175 -0.167911 0.605185 3.13219 4.78409 2.53719</i>
                        <i>-0.130505 0.986239 0.101494 -0.613902 2.22045e-016 -0.789383 -0.77852 -0.165326 0.605454 3.13229 4.78356 2.53711</i>
                        <i>-0.12837 0.986689 0.0998329 -0.613902 0 -0.789383 -0.778875 -0.16262 0.60573 3.13239 4.7829 2.53704</i>
                        <i>-0.12616 0.987146 0.0981141 -0.613902 -2.22045e-016 -0.789383 -0.779236 -0.159821 0.60601 3.13249 4.78211 2.53696</i>
                        <i>-0.123895 0.987606 0.0963526 -0.613902 -2.22045e-016 -0.789383 -0.779599 -0.156951 0.606293 3.1326 4.7812 2.53687</i>
                        <i>-0.121594 0.988065 0.0945635 -0.613902 -2.22045e-016 -0.789383 -0.779961 -0.154037 0.606575 3.1327 4.78016 2.53679</i>
                        <i>-0.119278 0.988518 0.0927621 -0.613902 -2.22045e-016 -0.789383 -0.780319 -0.151103 0.606853 3.13281 4.77902 2.53671</i>
                        <i>-0.116965 0.988961 0.0909638 -0.613902 -4.44089e-016 -0.789383 -0.780669 -0.148173 0.607125 3.13292 4.77778 2.53662</i>
                        <i>-0.114677 0.989391 0.0891839 -0.613902 -2.22045e-016 -0.789383 -0.781008 -0.145274 0.607389 3.13303 4.77644 2.53654</i>
                        <i>-0.112431 0.989805 0.0874377 -0.613902 -6.66134e-016 -0.789383 -0.781335 -0.142429 0.607643 3.13313 4.77501 2.53646</i>
                        <i>-0.110249 0.990199 0.0857405 -0.613902 -2.22045e-016 -0.789383 -0.781646 -0.139665 0.607885 3.13323 4.7735 2.53638</i>
                        <i>-0.10815 0.99057 0.0841078 -0.613902 0 -0.789383 -0.781939 -0.137005 0.608113 3.13333 4.77191 2.5363</i>
                        <i>-0.106153 0.990917 0.082555 -0.613902 0 -0.789383 -0.782213 -0.134476 0.608325 3.13342 4.77025 2.53623</i>
                        <i>-0.104279 0.991236 0.0810974 -0.613902 0 -0.789383 -0.782465 -0.132102 0.608521 3.13351 4.76853 2.53616</i>
                        <i>-0.102547 0.991526 0.0797505 -0.613902 -4.44089e-016 -0.789383 -0.782693 -0.129908 0.608699 3.13359 4.76676 2.5361</i>
                        <i>-0.100977 0.991785 0.0785297 -0.613902 0 -0.789383 -0.782898 -0.127919 0.608858 3.13366 4.76494 2.53604</i>
                        <i>-0.0995893 0.99201 0.0774504 -0.613902 0 -0.789383 -0.783075 -0.126161 0.608996 3.13373 4.76307 2.53599</i>
                        <i>-0.0984033 0.9922 0.0765281 -0.613902 -4.44089e-016 -0.789383 -0.783225 -0.124659 0.609113 3.13378 4.76117 2.53595</i>
                        <i>-0.0974389 0.992352 0.0757781 -0.613902 -2.22045e-016 -0.789383 -0.783346 -0.123437 0.609207 3.13383 4.75924 2.53591</i>
                        <i>-0.0967159 0.992466 0.0752158 -0.613902 -4.44089e-016 -0.789383 -0.783435 -0.122521 0.609276 3.13386 4.75729 2.53589</i>
                        <i>-0.0962542 0.992538 0.0748568 -0.613902 -2.22045e-016 -0.789383 -0.783492 -0.121936 0.609321 3.13388 4.75532 2.53587</i>
                        <i>-0.0960735 0.992566 0.0747162 -0.613902 0 -0.789383 -0.783514 -0.121707 0.609338 3.13389 4.75334 2.53587</i>
                        <i>-0.0961728 0.992551 0.0747934 -0.613902 -4.44089e-016 -0.789383 -0.783502 -0.121833 0.609328 3.13389 4.75137 2.53587</i>
                        <i>-0.0965271 0.992495 0.0750689 -0.613902 -2.22045e-016 -0.789383 -0.783459 -0.122282 0.609294 3.13387 4.7494 2.53588</i>
                        <i>-0.0971203 0.992403 0.0755303 -0.613902 -2.22045e-016 -0.789383 -0.783385 -0.123033 0.609237 3.13384 4.74744 2.5359</i>
                        <i>-0.0979364 0.992274 0.076165 -0.613902 -2.22045e-016 -0.789383 -0.783284 -0.124067 0.609158 3.13381 4.7455 2.53593</i>
                        <i>-0.0989593 0.992111 0.0769605 -0.613902 1.11022e-016 -0.789383 -0.783155 -0.125363 0.609058 3.13376 4.74359 2.53597</i>
                        <i>-0.100173 0.991915 0.0779044 -0.613902 -2.22045e-016 -0.789383 -0.783001 -0.1269 0.608938 3.1337 4.7417 2.53601</i>
                        <i>-0.101561 0.991689 0.078984 -0.613902 -2.22045e-016 -0.789383 -0.782822 -0.128659 0.608799 3.13364 4.73987 2.53606</i>
                        <i>-0.103108 0.991433 0.080187 -0.613902 1.11022e-016 -0.789383 -0.78262 -0.130619 0.608642 3.13357 4.73807 2.53612</i>
                        <i>-0.104797 0.991148 0.0815007 -0.613902 -2.22045e-016 -0.789383 -0.782395 -0.132759 0.608468 3.13349 4.73634 2.53618</i>
                        <i>-0.106613 0.990838 0.0829126 -0.613902 -2.22045e-016 -0.789383 -0.78215 -0.135059 0.608277 3.1334 4.73466 2.53625</i>
                        <i>-0.108539 0.990502 0.0844103 -0.613902 2.22045e-016 -0.789383 -0.781885 -0.137498 0.608071 3.13331 4.73305 2.53632</i>
                        <i>-0.110559 0.990143 0.0859812 -0.613902 -2.22045e-016 -0.789383 -0.781602 -0.140057 0.607851 3.13322 4.73152 2.53639</i>
                        <i>-0.112657 0.989764 0.0876128 -0.613902 -4.44089e-016 -0.789383 -0.781302 -0.142715 0.607618 3.13312 4.73007 2.53647</i>
                        <i>-0.114816 0.989365 0.0892926 -0.613902 -2.22045e-016 -0.789383 -0.780988 -0.145451 0.607373 3.13302 4.7287 2.53654</i>
                        <i>-0.117022 0.988951 0.0910082 -0.613902 0 -0.789383 -0.78066 -0.148246 0.607118 3.13292 4.72744 2.53662</i>
                        <i>-0.119258 0.988522 0.092747 -0.613902 0 -0.789383 -0.780322 -0.151078 0.606855 3.13281 4.72627 2.53671</i>
                        <i>-0.121508 0.988082 0.0944967 -0.613902 -4.44089e-016 -0.789383 -0.779975 -0.153928 0.606585 3.13271 4.72522 2.53679</i>
                        <i>-0.123756 0.987634 0.0962448 -0.613902 -2.22045e-016 -0.789383 -0.779621 -0.156776 0.60631 3.1326 4.72428 2.53687</i>
                        <i>-0.125986 0.987182 0.0979789 -0.613902 2.22045e-016 -0.789383 -0.779264 -0.1596 0.606032 3.1325 4.72347 2.53695</i>
                        <i>-0.128182 0.986728 0.0996866 -0.613902 0 -0.789383 -0.778906 -0.162382 0.605754 3.1324 4.72279 2.53703</i>
                        <i>-0.130328 0.986277 0.101355 -0.613902 0 -0.789383 -0.77855 -0.165101 0.605477 3.13229 4.72224 2.53711</i>
                        <i>-0.132408 0.985832 0.102973 -0.613902 -2.22045e-016 -0.789383 -0.778199 -0.167736 0.605204 3.1322 4.72184 2.53718</i>
                        <i>-0.134406 0.985398 0.104528 -0.613902 -4.44089e-016 -0.789383 -0.777856 -0.170268 0.604937 3.1321 4.72159 2.53726</i>
                        <i>-0.136307 0.984979 0.106006 -0.613902 -4.44089e-016 -0.789383 -0.777525 -0.172676 0.60468 3.13201 4.7215 2.53733</i>
                        <i>-0.138248 0.984545 0.107515 -0.613902 -2.22045e-016 -0.789383 -0.777182 -0.175134 0.604413 3.13192 4.72155 2.5374</i>
                        <i>-0.14036 0.984065 0.109158 -0.613902 0 -0.789383 -0.776804 -0.17781 0.604119 3.13182 4.7217 2.53747</i>
                        <i>-0.142622 0.983543 0.110917 -0.613902 0 -0.789383 -0.776392 -0.180675 0.603799 3.13172 4.72195 2.53756</i>
                        <i>-0.145009 0.982982 0.112773 -0.613902 -4.44089e-016 -0.789383 -0.775949 -0.1837 0.603454 3.13161 4.7223 2.53764</i>
                        <i>-0.147501 0.982387 0.114711 -0.613902 -2.22045e-016 -0.789383 -0.775479 -0.186856 0.603089 3.13149 4.72275 2.53773</i>
                        <i>-0.150073 0.981762 0.116711 -0.613902 -4.44089e-016 -0.789383 -0.774986 -0.190114 0.602705 3.13137 4.72329 2.53783</i>
                        <i>-0.152703 0.981111 0.118757 -0.613902 -2.22045e-016 -0.789383 -0.774472 -0.193446 0.602305 3.13124 4.72392 2.53793</i>
                        <i>-0.155369 0.980439 0.120831 -0.613902 -6.66134e-016 -0.789383 -0.773941 -0.196824 0.601893 3.13112 4.72463 2.53802</i>
                        <i>-0.158049 0.979751 0.122914 -0.613902 0 -0.789383 -0.773399 -0.200218 0.601471 3.13099 4.72543 2.53812</i>
                        <i>-0.160719 0.979054 0.124991 -0.613902 0 -0.789383 -0.772848 -0.2036 0.601043 3.13087 4.7263 2.53822</i>
                        <i>-0.163357 0.978353 0.127042 -0.613902 2.22045e-016 -0.789383 -0.772295 -0.206942 0.600613 3.13074 4.72726 2.53832</i>
                        <i>-0.165941 0.977655 0.129052 -0.613902 0 -0.789383 -0.771744 -0.210216 0.600184 3.13062 4.72828 2.53841</i>
                        <i>-0.168448 0.976967 0.131002 -0.613902 -2.22045e-016 -0.789383 -0.7712 -0.213392 0.599761 3.1305 4.72937 2.5385</i>
                        <i>-0.170856 0.976295 0.132875 -0.613902 3.33067e-016 -0.789383 -0.77067 -0.216443 0.599349 3.13039 4.73053 2.53859</i>
                        <i>-0.173144 0.975648 0.134654 -0.613902 0 -0.789383 -0.77016 -0.219341 0.598952 3.13028 4.73175 2.53868</i>
                        <i>-0.175288 0.975034 0.136321 -0.613902 0 -0.789383 -0.769675 -0.222057 0.598575 3.13018 4.73303 2.53876</i>
                        <i>-0.177266 0.974459 0.13786 -0.613902 -2.22045e-016 -0.789383 -0.769221 -0.224563 0.598222 3.13008 4.73437 2.53883</i>
                        <i>-0.179057 0.973934 0.139253 -0.613902 -2.22045e-016 -0.789383 -0.768806 -0.226832 0.597899 3.13 4.73576 2.5389</i>
                        <i>-0.180639 0.973465 0.140482 -0.613902 -2.22045e-016 -0.789383 -0.768436 -0.228835 0.597612 3.12992 4.7372 2.53895</i>
                        <i>-0.181988 0.973062 0.141532 -0.613902 -6.66134e-016 -0.789383 -0.768118 -0.230545 0.597364 3.12986 4.73868 2.539</i>
                        <i>-0.183083 0.972732 0.142384 -0.613902 -2.22045e-016 -0.789383 -0.767858 -0.231932 0.597162 3.12981 4.7402 2.53904</i>
                        <i>-0.183903 0.972484 0.143021 -0.613902 -2.22045e-016 -0.789383 -0.767662 -0.23297 0.597009 3.12977 4.74177 2.53907</i>
                        <i>-0.184424 0.972326 0.143426 -0.613902 -2.22045e-016 -0.789383 -0.767537 -0.23363 0.596912 3.12974 4.74337 2.53909</i>
                        <i>-0.184624 0.972264 0.143582 -0.613902 0 -0.789383 -0.767488 -0.233885 0.596875 3.12973 4.745 2.5391</i>
                        <i>-0.184497 0.972303 0.143483 -0.613902 1.11022e-016 -0.789383 -0.767519 -0.233723 0.596898 3.12974 4.74666 2.5391</i>
                        <i>-0.184061 0.972436 0.143144 -0.613902 1.11022e-016 -0.789383 -0.767624 -0.233171 0.59698 3.12976 4.74835 2.53908</i>
                        <i>-0.183339 0.972655 0.142582 -0.613902 -2.22045e-016 -0.789383 -0.767797 -0.232256 0.597114 3.12979 4.75006 2.53905</i>
                        <i>-0.182349 0.972953 0.141813 -0.613902 -2.22045e-016 -0.789383 -0.768032 -0.231002 0.597297 3.12984 4.75179 2.53902</i>
                        <i>-0.181113 0.973324 0.140851 -0.613902 -2.22045e-016 -0.789383 -0.768325 -0.229436 0.597525 3.1299 4.75353 2.53897</i>
                        <i>-0.179651 0.973759 0.139714 -0.613902 2.22045e-016 -0.789383 -0.768668 -0.227584 0.597792 3.12997 4.75528 2.53892</i>
