<?xml version="1.0" encoding="ISO-8859-1" ?>
<Animl Version="1">
    <ModellingPackage><![CDATA[Maya.2010]]></ModellingPackage>
    <SrcFile><![CDATA[anims\turrets\artillery\red\~src\artillery_scud\artillery_scud_fire_crewman_c.mb]]></SrcFile>
    <FramesPerSecond>30</FramesPerSecond>
    <TotalFrames>127</TotalFrames>
    <Skeleton>
        <RefFrame>
            <Name><![CDATA[soldier_ref_frame]]></Name>
            <Exclude>0</Exclude>
            <Additive>0</Additive>
            <IKPriority>0</IKPriority>
            <IKRotLimits>-1e+010 -1e+010 -1e+010 1e+010 1e+010 1e+010</IKRotLimits>
            <IKRotLimitOrder>0</IKRotLimitOrder>
            <KeyFrames count="127">
                <i>1 0 0 0 1 0 0 0 1 -3.10966 1.33435 -0.351689</i>
                <i>1 0 0 0 1 0 0 0 1 -3.31021 1.33435 -0.351689</i>
                <i>1 0 0 0 1 0 0 0 1 -3.31021 1.33435 -0.351689</i>
                <i>1 0 0 0 1 0 0 0 1 -3.31021 1.33435 -0.351689</i>
                <i>1 0 0 0 1 0 0 0 1 -3.31021 1.33435 -0.351689</i>
                <i>1 0 0 0 1 0 0 0 1 -3.31021 1.33435 -0.351689</i>
                <i>1 0 0 0 1 0 0 0 1 -3.31021 1.33435 -0.351689</i>
                <i>1 0 0 0 1 0 0 0 1 -3.31021 1.33435 -0.351689</i>
                <i>1 0 0 0 1 0 0 0 1 -3.31021 1.33435 -0.351689</i>
                <i>1 0 0 0 1 0 0 0 1 -3.31021 1.33435 -0.351689</i>
                <i>1 0 0 0 1 0 0 0 1 -3.31021 1.33435 -0.351689</i>
                <i>1 0 0 0 1 0 0 0 1 -3.31021 1.33435 -0.351689</i>
                <i>1 0 0 0 1 0 0 0 1 -3.31021 1.33435 -0.351689</i>
                <i>1 0 0 0 1 0 0 0 1 -3.31021 1.33435 -0.351689</i>
                <i>1 0 0 0 1 0 0 0 1 -3.31021 1.33435 -0.351689</i>
                <i>1 0 0 0 1 0 0 0 1 -3.31021 1.33435 -0.351689</i>
                <i>1 0 0 0 1 0 0 0 1 -3.31021 1.33435 -0.351689</i>
                <i>1 0 0 0 1 0 0 0 1 -3.31021 1.33435 -0.351689</i>
                <i>1 0 0 0 1 0 0 0 1 -3.31021 1.33435 -0.351689</i>
                <i>1 0 0 0 1 0 0 0 1 -3.31021 1.33435 -0.351689</i>
                <i>1 0 0 0 1 0 0 0 1 -3.31021 1.33435 -0.351689</i>
                <i>1 0 0 0 1 0 0 0 1 -3.31021 1.33435 -0.351689</i>
                <i>1 0 0 0 1 0 0 0 1 -3.31021 1.33435 -0.351689</i>
                <i>1 0 0 0 1 0 0 0 1 -3.31021 1.33435 -0.351689</i>
                <i>1 0 0 0 1 0 0 0 1 -3.31021 1.33435 -0.351689</i>
                <i>1 0 0 0 1 0 0 0 1 -3.31021 1.33435 -0.351689</i>
                <i>1 0 0 0 1 0 0 0 1 -3.31021 1.33435 -0.351689</i>
                <i>1 0 0 0 1 0 0 0 1 -3.31021 1.33435 -0.351689</i>
                <i>1 0 0 0 1 0 0 0 1 -3.31021 1.33435 -0.351689</i>
                <i>1 0 0 0 1 0 0 0 1 -3.31021 1.33435 -0.351689</i>
                <i>1 0 0 0 1 0 0 0 1 -3.31021 1.33435 -0.351689</i>
                <i>1 0 0 0 1 0 0 0 1 -3.31021 1.33435 -0.351689</i>
                <i>1 0 0 0 1 0 0 0 1 -3.31021 1.33435 -0.351689</i>
                <i>1 0 0 0 1 0 0 0 1 -3.31021 1.33435 -0.351689</i>
                <i>1 0 0 0 1 0 0 0 1 -3.31021 1.33435 -0.351689</i>
                <i>1 0 0 0 1 0 0 0 1 -3.31021 1.33435 -0.351689</i>
                <i>1 0 0 0 1 0 0 0 1 -3.31021 1.33435 -0.351689</i>
                <i>1 0 0 0 1 0 0 0 1 -3.31021 1.33435 -0.351689</i>
                <i>1 0 0 0 1 0 0 0 1 -3.31021 1.33435 -0.351689</i>
                <i>1 0 0 0 1 0 0 0 1 -3.31021 1.33435 -0.351689</i>
                <i>1 0 0 0 1 0 0 0 1 -3.31021 1.33435 -0.351689</i>
                <i>1 0 0 0 1 0 0 0 1 -3.31021 1.33435 -0.351689</i>
                <i>1 0 0 0 1 0 0 0 1 -3.31021 1.33435 -0.351689</i>
                <i>1 0 0 0 1 0 0 0 1 -3.31021 1.33435 -0.351689</i>
                <i>1 0 0 0 1 0 0 0 1 -3.31021 1.33435 -0.351689</i>
                <i>1 0 0 0 1 0 0 0 1 -3.31021 1.33435 -0.351689</i>
                <i>1 0 0 0 1 0 0 0 1 -3.31021 1.33435 -0.351689</i>
                <i>1 0 0 0 1 0 0 0 1 -3.31021 1.33435 -0.351689</i>
                <i>1 0 0 0 1 0 0 0 1 -3.31021 1.33435 -0.351689</i>
                <i>1 0 0 0 1 0 0 0 1 -3.31021 1.33435 -0.351689</i>
                <i>1 0 0 0 1 0 0 0 1 -3.31021 1.33435 -0.351689</i>
                <i>1 0 0 0 1 0 0 0 1 -3.31021 1.33435 -0.351689</i>
                <i>1 0 0 0 1 0 0 0 1 -3.31021 1.33435 -0.351689</i>
                <i>1 0 0 0 1 0 0 0 1 -3.31021 1.33435 -0.351689</i>
                <i>1 0 0 0 1 0 0 0 1 -3.31021 1.33435 -0.351689</i>
                <i>1 0 0 0 1 0 0 0 1 -3.31021 1.33435 -0.351689</i>
                <i>1 0 0 0 1 0 0 0 1 -3.31021 1.33435 -0.351689</i>
                <i>1 0 0 0 1 0 0 0 1 -3.31021 1.33435 -0.351689</i>
                <i>1 0 0 0 1 0 0 0 1 -3.31021 1.33435 -0.351689</i>
                <i>1 0 0 0 1 0 0 0 1 -3.31021 1.33435 -0.351689</i>
                <i>1 0 0 0 1 0 0 0 1 -3.31021 1.33435 -0.351689</i>
                <i>1 0 0 0 1 0 0 0 1 -3.31021 1.33435 -0.351689</i>
                <i>1 0 0 0 1 0 0 0 1 -3.31021 1.33435 -0.351689</i>
                <i>1 0 0 0 1 0 0 0 1 -3.31021 1.33435 -0.351689</i>
                <i>1 0 0 0 1 0 0 0 1 -3.31021 1.33435 -0.351689</i>
                <i>1 0 0 0 1 0 0 0 1 -3.31021 1.33435 -0.351689</i>
                <i>1 0 0 0 1 0 0 0 1 -3.31021 1.33435 -0.351689</i>
                <i>1 0 0 0 1 0 0 0 1 -3.31021 1.33435 -0.351689</i>
                <i>1 0 0 0 1 0 0 0 1 -3.31021 1.33435 -0.351689</i>
                <i>1 0 0 0 1 0 0 0 1 -3.31021 1.33435 -0.351689</i>
                <i>1 0 0 0 1 0 0 0 1 -3.31021 1.33435 -0.351689</i>
                <i>1 0 0 0 1 0 0 0 1 -3.31021 1.33435 -0.351689</i>
                <i>1 0 0 0 1 0 0 0 1 -3.31021 1.33435 -0.351689</i>
                <i>1 0 0 0 1 0 0 0 1 -3.31021 1.33435 -0.351689</i>
                <i>1 0 0 0 1 0 0 0 1 -3.31021 1.33435 -0.351689</i>
                <i>1 0 0 0 1 0 0 0 1 -3.31021 1.33435 -0.351689</i>
                <i>1 0 0 0 1 0 0 0 1 -3.31021 1.33435 -0.351689</i>
                <i>1 0 0 0 1 0 0 0 1 -3.31021 1.33435 -0.351689</i>
                <i>1 0 0 0 1 0 0 0 1 -3.31021 1.33435 -0.351689</i>
                <i>1 0 0 0 1 0 0 0 1 -3.31021 1.33435 -0.351689</i>
                <i>1 0 0 0 1 0 0 0 1 -3.31021 1.33435 -0.351689</i>
                <i>1 0 0 0 1 0 0 0 1 -3.31021 1.33435 -0.351689</i>
                <i>1 0 0 0 1 0 0 0 1 -3.31021 1.33435 -0.351689</i>
                <i>1 0 0 0 1 0 0 0 1 -3.31021 1.33435 -0.351689</i>
                <i>1 0 0 0 1 0 0 0 1 -3.31021 1.33435 -0.351689</i>
                <i>1 0 0 0 1 0 0 0 1 -3.31021 1.33435 -0.351689</i>
                <i>1 0 0 0 1 0 0 0 1 -3.31021 1.33435 -0.351689</i>
                <i>1 0 0 0 1 0 0 0 1 -3.31021 1.33435 -0.351689</i>
                <i>1 0 0 0 1 0 0 0 1 -3.31021 1.33435 -0.351689</i>
                <i>1 0 0 0 1 0 0 0 1 -3.31021 1.33435 -0.351689</i>
                <i>1 0 0 0 1 0 0 0 1 -3.31021 1.33435 -0.351689</i>
                <i>1 0 0 0 1 0 0 0 1 -3.31021 1.33435 -0.351689</i>
                <i>1 0 0 0 1 0 0 0 1 -3.31021 1.33435 -0.351689</i>
                <i>1 0 0 0 1 0 0 0 1 -3.31021 1.33435 -0.351689</i>
                <i>1 0 0 0 1 0 0 0 1 -3.31021 1.33435 -0.351689</i>
                <i>1 0 0 0 1 0 0 0 1 -3.31021 1.33435 -0.351689</i>
                <i>1 0 0 0 1 0 0 0 1 -3.31021 1.33435 -0.351689</i>
                <i>1 0 0 0 1 0 0 0 1 -3.31021 1.33435 -0.351689</i>
                <i>1 0 0 0 1 0 0 0 1 -3.31021 1.33435 -0.351689</i>
                <i>1 0 0 0 1 0 0 0 1 -3.31235 1.33435 -0.351689</i>
                <i>1 0 0 0 1 0 0 0 1 -3.31663 1.33435 -0.351689</i>
                <i>1 0 0 0 1 0 0 0 1 -3.31984 1.33435 -0.351689</i>
                <i>1 0 0 0 1 0 0 0 1 -3.31877 1.33435 -0.351689</i>
                <i>1 0 0 0 1 0 0 0 1 -3.31021 1.33435 -0.351689</i>
                <i>1 0 0 0 1 0 0 0 1 -3.29377 1.33435 -0.351689</i>
                <i>1 0 0 0 1 0 0 0 1 -3.27224 1.33435 -0.351689</i>
                <i>1 0 0 0 1 0 0 0 1 -3.24724 1.33435 -0.351689</i>
                <i>1 0 0 0 1 0 0 0 1 -3.22037 1.33435 -0.351689</i>
                <i>1 0 0 0 1 0 0 0 1 -3.19323 1.33435 -0.351689</i>
                <i>1 0 0 0 1 0 0 0 1 -3.16742 1.33435 -0.351689</i>
                <i>1 0 0 0 1 0 0 0 1 -3.14456 1.33435 -0.351689</i>
                <i>1 0 0 0 1 0 0 0 1 -3.12624 1.33435 -0.351689</i>
                <i>1 0 0 0 1 0 0 0 1 -3.11408 1.33435 -0.351689</i>
                <i>1 0 0 0 1 0 0 0 1 -3.10966 1.33435 -0.351689</i>
                <i>1 0 0 0 1 0 0 0 1 -3.10966 1.33435 -0.351689</i>
                <i>1 0 0 0 1 0 0 0 1 -3.10966 1.33435 -0.351689</i>
                <i>1 0 0 0 1 0 0 0 1 -3.10966 1.33435 -0.351689</i>
                <i>1 0 0 0 1 0 0 0 1 -3.10966 1.33435 -0.351689</i>
                <i>1 0 0 0 1 0 0 0 1 -3.10966 1.33435 -0.351689</i>
                <i>1 0 0 0 1 0 0 0 1 -3.10966 1.33435 -0.351689</i>
                <i>1 0 0 0 1 0 0 0 1 -3.10966 1.33435 -0.351689</i>
                <i>1 0 0 0 1 0 0 0 1 -3.10966 1.33435 -0.351689</i>
                <i>1 0 0 0 1 0 0 0 1 -3.10966 1.33435 -0.351689</i>
                <i>1 0 0 0 1 0 0 0 1 -3.10966 1.33435 -0.351689</i>
                <i>1 0 0 0 1 0 0 0 1 -3.10966 1.33435 -0.351689</i>
                <i>1 0 0 0 1 0 0 0 1 -3.10966 1.33435 -0.351689</i>
                <i>1 0 0 0 1 0 0 0 1 -3.10966 1.33435 -0.351689</i>
            </KeyFrames>
        </RefFrame>
        <Bones count="23">
            <i>
                <p>
                    <Name><![CDATA[pelvis]]></Name>
                    <Exclude>0</Exclude>
                    <Additive>0</Additive>
                    <IKPriority>0</IKPriority>
                    <IKRotLimits>-1e+010 -1e+010 -1e+010 1e+010 1e+010 1e+010</IKRotLimits>
                    <IKRotLimitOrder>2</IKRotLimitOrder>
                    <KeyFrames count="127">
                        <i>1 0 0 0 1 0 0 0 1 -3.10966 1.90474 -0.351689</i>
                        <i>1 0 0 0 1 0 0 0 1 -3.31021 1.94029 -0.351689</i>
                        <i>1 0 0 0 1 0 0 0 1 -3.30087 2.03224 -0.57756</i>
                        <i>1 0 0 0 1 0 0 0 1 -3.29763 2.10558 -0.829465</i>
                        <i>1 0 0 0 1 0 0 0 1 -3.30539 2.15961 -1.04505</i>
                        <i>1 0 0 0 1 0 0 0 1 -3.31347 2.18623 -1.268</i>
                        <i>1 0 0 0 1 0 0 0 1 -3.32318 2.17661 -1.49142</i>
                        <i>1 0 0 0 1 0 0 0 1 -3.33575 2.13252 -1.70311</i>
                        <i>1 0 0 0 1 0 0 0 1 -3.35241 2.07358 -1.8901</i>
                        <i>1 0 0 0 1 0 0 0 1 -3.37446 2.02796 -2.04227</i>
                        <i>1 0 0 0 1 0 0 0 1 -3.4032 1.99988 -2.16188</i>
                        <i>1 0 0 0 1 0 0 0 1 -3.43774 1.97945 -2.26394</i>
                        <i>1 0 0 0 1 0 0 0 1 -3.47607 1.96551 -2.35849</i>
                        <i>1 0 0 0 1 0 0 0 1 -3.51617 1.95448 -2.45288</i>
                        <i>1 0 0 0 1 0 0 0 1 -3.55613 1.94201 -2.55254</i>
                        <i>1 0 0 0 1 0 0 0 1 -3.59418 1.92351 -2.66163</i>
                        <i>1 0 0 0 1 0 0 0 1 -3.62858 1.89407 -2.78309</i>
                        <i>1 0 0 0 1 0 0 0 1 -3.65751 1.84838 -2.9178</i>
                        <i>1 0 0 0 1 0 0 0 1 -3.67285 1.74744 -3.06464</i>
                        <i>1 0 0 0 1 0 0 0 1 -3.67074 1.59813 -3.18753</i>
                        <i>1 0 0 0 1 0 0 0 1 -3.65738 1.46416 -3.25529</i>
                        <i>1 0 0 0 1 0 0 0 1 -3.6424 1.39711 -3.26402</i>
                        <i>1 0 0 0 1 0 0 0 1 -3.63553 1.38632 -3.25298</i>
                        <i>1 0 0 0 1 0 0 0 1 -3.63618 1.38791 -3.25391</i>
                        <i>1 0 0 0 1 0 0 0 1 -3.64003 1.39372 -3.2602</i>
                        <i>1 0 0 0 1 0 0 0 1 -3.6424 1.39711 -3.26402</i>
                        <i>1 0 0 0 1 0 0 0 1 -3.64235 1.39711 -3.26505</i>
                        <i>1 0 0 0 1 0 0 0 1 -3.64223 1.39711 -3.26767</i>
                        <i>1 0 0 0 1 0 0 0 1 -3.64206 1.39711 -3.27119</i>
                        <i>1 0 0 0 1 0 0 0 1 -3.64188 1.39711 -3.27495</i>
                        <i>1 0 0 0 1 0 0 0 1 -3.64173 1.39711 -3.27825</i>
                        <i>1 0 0 0 1 0 0 0 1 -3.64162 1.39711 -3.28041</i>
                        <i>1 0 0 0 1 0 0 0 1 -3.64161 1.39711 -3.28075</i>
                        <i>1 0 0 0 1 0 0 0 1 -3.64171 1.39711 -3.27859</i>
                        <i>1 0 0 0 1 0 0 0 1 -3.64196 1.39711 -3.27324</i>
                        <i>1 0 0 0 1 0 0 0 1 -3.6424 1.39711 -3.26402</i>
                        <i>1 0 0 0 1 0 0 0 1 -3.64372 1.39408 -3.25317</i>
                        <i>1 0 0 0 1 0 0 0 1 -3.64629 1.38633 -3.24262</i>
                        <i>1 0 0 0 1 0 0 0 1 -3.64962 1.37588 -3.23127</i>
                        <i>1 0 0 0 1 0 0 0 1 -3.65321 1.36476 -3.21802</i>
                        <i>1 0 0 0 1 0 0 0 1 -3.65659 1.35499 -3.20175</i>
                        <i>1 0 0 0 1 0 0 0 1 -3.65927 1.34859 -3.18136</i>
                        <i>1 0 0 0 1 0 0 0 1 -3.66075 1.34758 -3.15574</i>
                        <i>1 0 0 0 1 0 0 0 1 -3.66055 1.35398 -3.12379</i>
                        <i>1 0 0 0 1 0 0 0 1 -3.65818 1.36982 -3.0844</i>
                        <i>1 0 0 0 1 0 0 0 1 -3.65316 1.39711 -3.03647</i>
                        <i>1 0 0 0 1 0 0 0 1 -3.64181 1.45141 -2.96316</i>
                        <i>1 0 0 0 1 0 0 0 1 -3.62298 1.53793 -2.85836</i>
                        <i>1 0 0 0 1 0 0 0 1 -3.59993 1.64316 -2.73699</i>
                        <i>1 0 0 0 1 0 0 0 1 -3.57594 1.75363 -2.61398</i>
                        <i>1 0 0 0 1 0 0 0 1 -3.55427 1.85583 -2.50426</i>
                        <i>1 0 0 0 1 0 0 0 1 -3.53819 1.93628 -2.42276</i>
                        <i>1 0 0 0 1 0 0 0 1 -3.52698 2.00142 -2.36583</i>
                        <i>1 0 0 0 1 0 0 0 1 -3.51752 2.0651 -2.31888</i>
                        <i>1 0 0 0 1 0 0 0 1 -3.50956 2.1246 -2.2804</i>
                        <i>1 0 0 0 1 0 0 0 1 -3.50282 2.17751 -2.2489</i>
                        <i>1 0 0 0 1 0 0 0 1 -3.49701 2.22231 -2.22287</i>
                        <i>1 0 0 0 1 0 0 0 1 -3.49188 2.25862 -2.20082</i>
                        <i>1 0 0 0 1 0 0 0 1 -3.48714 2.28691 -2.18125</i>
                        <i>1 0 0 0 1 0 0 0 1 -3.48252 2.3081 -2.16265</i>
                        <i>1 0 0 0 1 0 0 0 1 -3.47879 2.32627 -2.15193</i>
                        <i>1 0 0 0 1 0 0 0 1 -3.47658 2.34464 -2.15317</i>
                        <i>1 0 0 0 1 0 0 0 1 -3.47539 2.36278 -2.16058</i>
                        <i>1 0 0 0 1 0 0 0 1 -3.47474 2.37999 -2.1684</i>
                        <i>1 0 0 0 1 0 0 0 1 -3.47413 2.39556 -2.17087</i>
                        <i>1 0 0 0 1 0 0 0 1 -3.47307 2.40907 -2.1622</i>
                        <i>1 0 0 0 1 0 0 0 1 -3.47179 2.42198 -2.14239</i>
                        <i>1 0 0 0 1 0 0 0 1 -3.4707 2.43476 -2.11604</i>
                        <i>1 0 0 0 1 0 0 0 1 -3.46959 2.44594 -2.08433</i>
                        <i>1 0 0 0 1 0 0 0 1 -3.46834 2.45422 -2.04846</i>
                        <i>1 0 0 0 1 0 0 0 1 -3.46689 2.45847 -2.00959</i>
                        <i>1 0 0 0 1 0 0 0 1 -3.46515 2.45759 -1.96887</i>
                        <i>1 0 0 0 1 0 0 0 1 -3.46439 2.44556 -1.92457</i>
                        <i>1 0 0 0 1 0 0 0 1 -3.46424 2.42224 -1.87496</i>
                        <i>1 0 0 0 1 0 0 0 1 -3.46236 2.39524 -1.82122</i>
                        <i>1 0 0 0 1 0 0 0 1 -3.45698 2.37262 -1.76466</i>
                        <i>1 0 0 0 1 0 0 0 1 -3.44696 2.36313 -1.70679</i>
                        <i>1 0 0 0 1 0 0 0 1 -3.42793 2.37279 -1.64778</i>
                        <i>1 0 0 0 1 0 0 0 1 -3.40102 2.39632 -1.58668</i>
                        <i>1 0 0 0 1 0 0 0 1 -3.37335 2.42564 -1.52333</i>
                        <i>1 0 0 0 1 0 0 0 1 -3.35205 2.45224 -1.45771</i>
                        <i>1 0 0 0 1 0 0 0 1 -3.34425 2.46722 -1.38987</i>
                        <i>1 0 0 0 1 0 0 0 1 -3.34979 2.47258 -1.32036</i>
                        <i>1 0 0 0 1 0 0 0 1 -3.36231 2.47647 -1.24984</i>
                        <i>1 0 0 0 1 0 0 0 1 -3.37974 2.47895 -1.17848</i>
                        <i>1 0 0 0 1 0 0 0 1 -3.40001 2.48013 -1.10647</i>
                        <i>1 0 0 0 1 0 0 0 1 -3.42103 2.48015 -1.03401</i>
                        <i>1 0 0 0 1 0 0 0 1 -3.44018 2.47925 -0.9622</i>
                        <i>1 0 0 0 1 0 0 0 1 -3.45459 2.47777 -0.892615</i>
                        <i>1 0 0 0 1 0 0 0 1 -3.46542 2.47592 -0.825931</i>
                        <i>1 0 0 0 1 0 0 0 1 -3.4748 2.47394 -0.761144</i>
                        <i>1 0 0 0 1 0 0 0 1 -3.48176 2.47208 -0.696599</i>
                        <i>1 0 0 0 1 0 0 0 1 -3.48531 2.47057 -0.630602</i>
                        <i>1 0 0 0 1 0 0 0 1 -3.48459 2.46963 -0.561303</i>
                        <i>1 0 0 0 1 0 0 0 1 -3.47689 2.46916 -0.482207</i>
                        <i>1 0 0 0 1 0 0 0 1 -3.46296 2.46838 -0.394237</i>
                        <i>1 0 0 0 1 0 0 0 1 -3.4466 2.46659 -0.307748</i>
                        <i>1 0 0 0 1 0 0 0 1 -3.43155 2.46312 -0.23308</i>
                        <i>1 0 0 0 1 0 0 0 1 -3.42151 2.45727 -0.180526</i>
                        <i>1 0 0 0 1 0 0 0 1 -3.41924 2.45079 -0.153483</i>
                        <i>1 0 0 0 1 0 0 0 1 -3.42209 2.44393 -0.145084</i>
                        <i>1 0 0 0 1 0 0 0 1 -3.42637 2.43361 -0.150133</i>
                        <i>1 0 0 0 1 0 0 0 1 -3.42793 2.418 -0.1636</i>
                        <i>1 0 0 0 1 0 0 0 1 -3.42151 2.397 -0.180526</i>
                        <i>1 0 0 0 1 0 0 0 1 -3.4051 2.36731 -0.20069</i>
                        <i>1 0 0 0 1 0 0 0 1 -3.38087 2.33102 -0.225218</i>
                        <i>1 0 0 0 1 0 0 0 1 -3.34925 2.29104 -0.251301</i>
                        <i>1 0 0 0 1 0 0 0 1 -3.31122 2.2482 -0.276532</i>
                        <i>1 0 0 0 1 0 0 0 1 -3.26857 2.20271 -0.298948</i>
                        <i>1 0 0 0 1 0 0 0 1 -3.22391 2.15446 -0.317233</i>
                        <i>1 0 0 0 1 0 0 0 1 -3.18052 2.10294 -0.330913</i>
                        <i>1 0 0 0 1 0 0 0 1 -3.14241 2.0471 -0.340416</i>
                        <i>1 0 0 0 1 0 0 0 1 -3.11492 1.98431 -0.346925</i>
                        <i>1 0 0 0 1 0 0 0 1 -3.10966 1.90474 -0.351689</i>
                        <i>1 0 0 0 1 0 0 0 1 -3.10291 1.88791 -0.353457</i>
                        <i>1 0 0 0 1 0 0 0 1 -3.10629 1.89633 -0.352573</i>
                        <i>1 0 0 0 1 0 0 0 1 -3.10966 1.90474 -0.351689</i>
                        <i>1 0 0 0 1 0 0 0 1 -3.10966 1.90474 -0.351689</i>
                        <i>1 0 0 0 1 0 0 0 1 -3.10966 1.90474 -0.351689</i>
                        <i>1 0 0 0 1 0 0 0 1 -3.10966 1.90474 -0.351689</i>
                        <i>1 0 0 0 1 0 0 0 1 -3.10966 1.90474 -0.351689</i>
                        <i>1 0 0 0 1 0 0 0 1 -3.10966 1.90474 -0.351689</i>
                        <i>1 0 0 0 1 0 0 0 1 -3.10966 1.90474 -0.351689</i>
                        <i>1 0 0 0 1 0 0 0 1 -3.10966 1.90474 -0.351689</i>
                        <i>1 0 0 0 1 0 0 0 1 -3.10966 1.90474 -0.351689</i>
                        <i>1 0 0 0 1 0 0 0 1 -3.10966 1.90474 -0.351689</i>
                        <i>1 0 0 0 1 0 0 0 1 -3.10966 1.90474 -0.351689</i>
                    </KeyFrames>
                </p>
            </i>
            <i>
                <p>
                    <Name><![CDATA[spine0]]></Name>
                    <Exclude>0</Exclude>
                    <Additive>0</Additive>
                    <IKPriority>0</IKPriority>
                    <IKRotLimits>-1e+010 -1e+010 -1e+010 1e+010 1e+010 1e+010</IKRotLimits>
                    <IKRotLimitOrder>0</IKRotLimitOrder>
                    <KeyFrames count="127">
                        <i>-0.0718774 0.997231 0.0190665 -0.706612 -0.0374204 -0.706612 -0.703942 -0.064262 0.707345 -3.07579 2.0404 -0.385558</i>
                        <i>-0.00699256 0.98898 0.147887 -0.998884 -2.22045e-016 -0.0472303 -0.0467098 -0.148052 0.987876 -3.30795 2.07594 -0.399533</i>
                        <i>0.0229017 0.692368 -0.721181 -0.999383 -0.00335772 -0.0349597 -0.0266265 0.721537 0.691864 -3.29632 2.07411 -0.715119</i>
                        <i>0.0227139 -0.149818 -0.988453 -0.999729 -0.00840314 -0.0216994 -0.00505516 0.988678 -0.149968 -3.2944 2.01985 -0.944949</i>
                        <i>0.0166442 -0.592433 -0.805448 -0.999861 -0.0108578 -0.0126754 -0.00123611 0.805547 -0.592531 -3.30307 2.02084 -1.08293</i>
                        <i>0.0119361 -0.860981 -0.508496 -0.999928 -0.00982801 -0.00683091 0.000883774 0.508542 -0.861037 -3.31142 2.05316 -1.21337</i>
                        <i>0.0109058 -0.981588 -0.190696 -0.99993 -0.00981828 -0.00664662 0.00465193 0.190755 -0.981627 -3.3209 2.08489 -1.38062</i>
                        <i>0.0136843 -0.992143 0.124361 -0.999897 -0.0141256 -0.00266793 0.00440364 -0.124312 -0.992233 -3.33265 2.0624 -1.57754</i>
                        <i>0.0207055 -0.918514 0.394846 -0.999785 -0.0195336 0.00698778 0.00129441 -0.394906 -0.918721 -3.34813 2.00524 -1.76358</i>
                        <i>0.0334907 -0.798713 0.60078 -0.999439 -0.027105 0.019679 0.000566226 -0.601101 -0.799173 -3.36937 1.97398 -1.90902</i>
                        <i>0.0547866 -0.648926 0.758876 -0.998498 -0.0355686 0.0416707 -4.90578e-005 -0.76002 -0.6499 -3.39784 1.97966 -2.01955</i>
                        <i>0.0846095 -0.497504 0.863325 -0.9964 -0.0375784 0.0759962 -0.005366 -0.866647 -0.498893 -3.43224 1.99334 -2.12086</i>
                        <i>0.12126 -0.352148 0.928056 -0.992466 -0.0265067 0.119618 -0.0175235 -0.935569 -0.352709 -3.47055 2.01197 -2.22244</i>
                        <i>0.162613 -0.213698 0.963271 -0.985964 0.00226022 0.166945 -0.037853 -0.976897 -0.210331 -3.51083 2.03036 -2.33077</i>
                        <i>0.20587 -0.0793544 0.975356 -0.976357 0.0504765 0.210188 -0.0659119 -0.995568 -0.0670866 -3.55125 2.04291 -2.45011</i>
                        <i>0.24686 0.056247 0.967417 -0.964101 0.115035 0.239326 -0.0978259 -0.991768 0.0826255 -3.59013 2.04411 -2.5833</i>
                        <i>0.279157 0.201029 0.938967 -0.952192 0.184331 0.243624 -0.124105 -0.962086 0.242875 -3.62586 2.02848 -2.73189</i>
                        <i>0.293865 0.364165 0.883757 -0.947022 0.236273 0.217541 -0.129587 -0.900865 0.414305 -3.65669 1.99048 -2.89538</i>
                        <i>0.254532 0.577638 0.775595 -0.964499 0.210012 0.160116 -0.0703954 -0.788815 0.610586 -3.67452 1.89115 -3.07107</i>
                        <i>0.163758 0.794924 0.584192 -0.986182 0.116859 0.11743 0.0250796 -0.595349 0.803076 -3.67523 1.73813 -3.22036</i>
                        <i>0.0709658 0.933772 0.350761 -0.993319 0.0340749 0.110256 0.0910018 -0.356242 0.929952 -3.66463 1.59705 -3.3099</i>
                        <i>0.0107593 0.987529 0.157069 -0.992726 -0.00828803 0.120111 0.119915 -0.157218 0.980256 -3.65196 1.52222 -3.3344</i>
                        <i>-0.0146285 0.99935 0.0329534 -0.991306 -0.018805 0.130227 0.130762 -0.0307619 0.990936 -3.64676 1.50566 -3.33253</i>
                        <i>-0.0238152 0.998651 -0.0461513 -0.990352 -0.0172633 0.137492 0.136509 0.0489805 0.989427 -3.64855 1.50418 -3.33772</i>
                        <i>-0.025215 0.995262 -0.0939039 -0.989651 -0.0115783 0.143025 0.14126 0.0965385 0.985254 -3.65324 1.50876 -3.34557</i>
                        <i>-0.0264313 0.99236 -0.120515 -0.988805 -0.00824365 0.148984 0.146852 0.123103 0.981468 -3.65633 1.51148 -3.35017</i>
                        <i>-0.0292292 0.99 -0.138006 -0.987767 -0.00745013 0.155762 0.153176 0.14087 0.978107 -3.65709 1.51058 -3.35225</i>
                        <i>-0.0306003 0.987772 -0.152873 -0.986727 -0.00545034 0.162294 0.159476 0.155811 0.974828 -3.65783 1.50963 -3.35595</i>
                        <i>-0.0309332 0.985864 -0.164667 -0.985683 -0.00276851 0.168589 0.16575 0.167524 0.971835 -3.65854 1.50871 -3.36047</i>
                        <i>-0.0305893 0.984464 -0.172904 -0.98463 8.07633e-005 0.174656 0.171956 0.175589 0.969329 -3.65922 1.50794 -3.36502</i>
                        <i>-0.029914 0.98374 -0.177089 -0.98357 0.00258598 0.18051 0.178033 0.17958 0.9675 -3.65985 1.5074 -3.36883</i>
                        <i>-0.0292456 0.983827 -0.176718 -0.982508 0.00423411 0.18617 0.183908 0.179072 0.966494 -3.6604 1.50719 -3.37111</i>
                        <i>-0.0289237 0.984798 -0.171278 -0.981451 0.00450823 0.191658 0.189517 0.173645 0.966401 -3.66086 1.50742 -3.37108</i>
                        <i>-0.0292931 0.986642 -0.160248 -0.980401 0.00288718 0.196992 0.194823 0.162878 0.96722 -3.66119 1.50815 -3.36796</i>
                        <i>-0.0307034 0.989234 -0.143088 -0.979348 -0.0011524 0.202179 0.199837 0.14634 0.968839 -3.66137 1.50948 -3.36095</i>
                        <i>-0.0335032 0.992301 -0.119234 -0.978264 -0.00813202 0.207202 0.204638 0.123584 0.971005 -3.6614 1.51144 -3.34925</i>
                        <i>-0.0369118 0.995496 -0.0873184 -0.977161 -0.0176572 0.211766 0.209271 0.0931408 0.973412 -3.66176 1.51103 -3.33498</i>
                        <i>-0.0400327 0.99809 -0.0470558 -0.976104 -0.0289976 0.215358 0.213582 0.0545528 0.975401 -3.66273 1.50643 -3.32009</i>
                        <i>-0.0431133 0.99907 0.000484838 -0.975122 -0.0421855 0.217619 0.217437 0.00890951 0.976034 -3.66397 1.49945 -3.30354</i>
                        <i>-0.0465104 0.997449 0.0541584 -0.974226 -0.0572742 0.218183 0.220728 -0.0426147 0.974404 -3.66514 1.49191 -3.28426</i>
                        <i>-0.0506785 0.992334 0.112718 -0.973411 -0.0743237 0.216672 0.223389 -0.0987405 0.969715 -3.66594 1.48565 -3.26121</i>
                        <i>-0.0561421 0.983001 0.174807 -0.972646 -0.0933745 0.212697 0.225404 -0.158084 0.961355 -3.66605 1.48254 -3.23339</i>
                        <i>-0.0634555 0.968952 0.238967 -0.971869 -0.114417 0.205863 0.226813 -0.219181 0.948955 -3.66519 1.48446 -3.19979</i>
                        <i>-0.0731607 0.949963 0.303673 -0.970977 -0.137367 0.195791 0.227709 -0.280535 0.932442 -3.66308 1.49334 -3.15941</i>
                        <i>-0.0857503 0.926111 0.367376 -0.969826 -0.162053 0.182146 0.228222 -0.340671 0.912062 -3.65944 1.51114 -3.11128</i>
                        <i>-0.101645 0.897776 0.428563 -0.968223 -0.188227 0.164668 0.228502 -0.398207 0.88838 -3.65398 1.53985 -3.05442</i>
                        <i>-0.131157 0.855376 0.501127 -0.964768 -0.226428 0.133987 0.228079 -0.465899 0.854938 -3.64412 1.59512 -2.96956</i>
                        <i>-0.177782 0.789546 0.587376 -0.956372 -0.279241 0.0858865 0.231831 -0.546481 0.804744 -3.62945 1.68138 -2.84957</i>
                        <i>-0.23015 0.706098 0.669669 -0.941999 -0.334376 0.0288216 0.244272 -0.624195 0.7421 -3.61255 1.78429 -2.71205</i>
                        <i>-0.276902 0.619553 0.734493 -0.924347 -0.380563 -0.027468 0.262503 -0.686532 0.678061 -3.59536 1.89065 -2.57469</i>
                        <i>-0.309785 0.551973 0.774183 -0.909757 -0.408743 -0.0726103 0.276363 -0.726811 0.628784 -3.57949 1.9886 -2.45495</i>
                        <i>-0.323577 0.528246 0.785018 -0.906239 -0.411584 -0.0965848 0.27208 -0.742667 0.611897 -3.56659 2.06704 -2.36994</i>
                        <i>-0.319087 0.552047 0.770343 -0.915682 -0.389159 -0.100407 0.244357 -0.737428 0.629675 -3.55576 2.13325 -2.31593</i>
                        <i>-0.300629 0.60436 0.737815 -0.932368 -0.349086 -0.0939571 0.200777 -0.716162 0.668431 -3.54487 2.19972 -2.27616</i>
                        <i>-0.267469 0.673283 0.689312 -0.952009 -0.295116 -0.081148 0.148791 -0.677936 0.719906 -3.53382 2.26269 -2.24815</i>
                        <i>-0.220564 0.746756 0.627461 -0.970592 -0.23165 -0.0654894 0.0964468 -0.623454 0.775889 -3.5227 2.31863 -2.22929</i>
                        <i>-0.163846 0.814455 0.556613 -0.985182 -0.164093 -0.0498952 0.0506988 -0.55654 0.829273 -3.51192 2.36527 -2.21681</i>
                        <i>-0.104095 0.869445 0.482938 -0.994441 -0.0987253 -0.0366103 0.0158475 -0.484064 0.874889 -3.50197 2.40195 -2.20785</i>
                        <i>-0.0498055 0.908936 0.413951 -0.998733 -0.0423301 -0.0272183 -0.0072171 -0.414782 0.909892 -3.49326 2.42947 -2.19957</i>
                        <i>-0.00978605 0.93374 0.357817 -0.99974 -0.00175992 -0.0227496 -0.0206125 -0.357946 0.933515 -3.48599 2.44944 -2.18923</i>
                        <i>0.0105533 0.949665 0.313091 -0.999567 0.0186181 -0.0227802 -0.0274627 -0.312715 0.94945 -3.48094 2.46653 -2.18382</i>
                        <i>0.0148907 0.961667 0.273817 -0.999431 0.022607 -0.0250467 -0.0302768 -0.273288 0.961456 -3.47829 2.4841 -2.18845</i>
                        <i>0.00877403 0.97036 0.241503 -0.999484 0.0159691 -0.0278516 -0.0308827 -0.241134 0.97 -3.47725 2.50177 -2.19763</i>
                        <i>-0.00217548 0.976072 0.217436 -0.999548 0.00439999 -0.0297523 -0.0299971 -0.217402 0.975621 -3.47706 2.51887 -2.20588</i>
                        <i>-0.0125033 0.979192 0.202551 -0.999545 -0.00667993 -0.0294084 -0.0274434 -0.202827 0.97883 -3.47698 2.5346 -2.20769</i>
                        <i>-0.0169269 0.980165 0.197461 -0.999602 -0.0121303 -0.0254756 -0.022575 -0.197814 0.97998 -3.47625 2.54848 -2.19758</i>
                        <i>-0.0150358 0.978345 0.206436 -0.999843 -0.0127695 -0.0123065 -0.00940393 -0.206589 0.978383 -3.47528 2.56223 -2.17421</i>
                        <i>-0.0105579 0.973293 0.229326 -0.999863 -0.0132023 0.0100001 0.0127606 -0.229189 0.973298 -3.47458 2.57626 -2.14168</i>
                        <i>-0.00462839 0.965656 0.259783 -0.999317 -0.0139941 0.0342144 0.0366747 -0.259447 0.965061 -3.47363 2.58857 -2.10262</i>
                        <i>0.000942917 0.956581 0.291465 -0.998471 -0.0152063 0.0531368 0.0552618 -0.29107 0.955104 -3.47219 2.59758 -2.05976</i>
                        <i>0.00354164 0.948001 0.318248 -0.998083 -0.0163117 0.0596968 0.0617838 -0.317849 0.946126 -3.47026 2.60215 -2.01587</i>
                        <i>9.92176e-005 0.942489 0.334237 -0.998756 -0.0165715 0.0470251 0.0498594 -0.333826 0.941315 -3.46792 2.60134 -1.97361</i>
                        <i>-0.0146836 0.940431 0.339667 -0.999883 -0.0152936 -0.000880883 0.00436633 -0.33964 0.940545 -3.46604 2.58917 -1.93296</i>
                        <i>-0.0387431 0.940128 0.338613 -0.996724 -0.0122842 -0.0799365 -0.0709909 -0.340601 0.937524 -3.46351 2.56519 -1.89111</i>
                        <i>-0.0644 0.941286 0.33141 -0.985882 -0.00857492 -0.167223 -0.154563 -0.337501 0.928549 -3.45782 2.53676 -1.84665</i>
                        <i>-0.0850191 0.944088 0.318543 -0.970463 -0.00602065 -0.241173 -0.225771 -0.329638 0.916715 -3.44813 2.51214 -1.79864</i>
                        <i>-0.0948689 0.949191 0.300059 -0.959518 -0.00689301 -0.281563 -0.265189 -0.314624 0.91142 -3.43513 2.50077 -1.74693</i>
                        <i>-0.0914898 0.957332 0.274125 -0.959743 -0.0113579 -0.280651 -0.265563 -0.288766 0.919832 -3.41581 2.50909 -1.69219</i>
                        <i>-0.07894 0.966921 0.242553 -0.967489 -0.0156649 -0.252427 -0.240277 -0.254594 0.936722 -3.39052 2.53151 -1.63472</i>
                        <i>-0.0616859 0.975614 0.210649 -0.977655 -0.0165674 -0.209563 -0.200962 -0.218869 0.954835 -3.36544 2.55993 -1.5743</i>
                        <i>-0.0442742 0.981925 0.184021 -0.986184 -0.013525 -0.1651 -0.159627 -0.188789 0.968957 -3.3467 2.58581 -1.51088</i>
                        <i>-0.031369 0.985187 0.168591 -0.991153 -0.00889748 -0.132426 -0.128964 -0.171253 0.97675 -3.34059 2.60016 -1.44471</i>
                        <i>-0.0237136 0.986068 0.164643 -0.99391 -0.00552621 -0.110057 -0.107613 -0.16625 0.980194 -3.34712 2.6049 -1.37675</i>
                        <i>-0.0185713 0.985802 0.166881 -0.996109 -0.00386047 -0.0880469 -0.0861526 -0.167867 0.982038 -3.36062 2.60814 -1.30777</i>
                        <i>-0.0153041 0.984794 0.173053 -0.997734 -0.00370044 -0.0671773 -0.0655154 -0.173689 0.982619 -3.37899 2.60999 -1.23784</i>
                        <i>-0.0131275 0.983428 0.180825 -0.998824 -0.00445449 -0.0482864 -0.0466808 -0.181246 0.982329 -3.40012 2.61063 -1.16702</i>
                        <i>-0.0111873 0.982155 0.187743 -0.999465 -0.0052129 -0.0322857 -0.0307308 -0.188003 0.981687 -3.42188 2.61026 -1.09537</i>
                        <i>-0.00978871 0.980911 0.194213 -0.999774 -0.0059364 -0.0204076 -0.0188651 -0.194369 0.980747 -3.44156 2.60914 -1.02404</i>
                        <i>-0.00971022 0.979378 0.201802 -0.999886 -0.00718326 -0.0132505 -0.0115277 -0.201908 0.979337 -3.45624 2.60752 -0.954724</i>
                        <i>-0.0109323 0.977676 0.209833 -0.999899 -0.00877824 -0.0111941 -0.00910226 -0.209934 0.977673 -3.46704 2.6056 -0.888181</i>
                        <i>-0.0135389 0.975926 0.217681 -0.999834 -0.0105528 -0.0148747 -0.0122195 -0.217846 0.975907 -3.47606 2.6036 -0.823466</i>
                        <i>-0.0176411 0.974269 0.224695 -0.999611 -0.0123321 -0.0250094 -0.0215949 -0.225049 0.974108 -3.48228 2.60171 -0.758984</i>
                        <i>-0.023279 0.972888 0.230102 -0.999011 -0.0139143 -0.0422377 -0.0378909 -0.230857 0.97225 -3.48467 2.60015 -0.693088</i>
                        <i>-0.0301938 0.972064 0.232766 -0.997656 -0.0150008 -0.0667682 -0.0614113 -0.234236 0.970238 -3.48234 2.59911 -0.623967</i>
                        <i>-0.0450235 0.971664 0.232038 -0.991931 -0.0159277 -0.125772 -0.118512 -0.235829 0.964541 -3.47088 2.59854 -0.544819</i>
                        <i>-0.0691808 0.971629 0.226165 -0.973532 -0.0162509 -0.227974 -0.217831 -0.23595 0.947036 -3.45051 2.59774 -0.455928</i>
                        <i>-0.0956188 0.971784 0.215621 -0.938786 -0.0160161 -0.344129 -0.330966 -0.235327 0.913829 -3.42682 2.59599 -0.36742</i>
                        <i>-0.118205 0.971974 0.203208 -0.894645 -0.01545 -0.446511 -0.430858 -0.234579 0.871398 -3.40529 2.59257 -0.290085</i>
                        <i>-0.132473 0.972064 0.193759 -0.858878 -0.0150008 -0.51196 -0.494751 -0.234236 0.836872 -3.39108 2.58675 -0.235356</i>
                        <i>-0.138826 0.971532 0.191972 -0.844482 -0.0148826 -0.535377 -0.517279 -0.236441 0.822507 -3.38724 2.5802 -0.207573</i>
                        <i>-0.140901 0.970451 0.195885 -0.845284 -0.0149185 -0.534109 -0.515404 -0.240836 0.822409 -3.39005 2.5732 -0.199476</i>
                        <i>-0.139704 0.969627 0.200766 -0.853328 -0.0150397 -0.521157 -0.502308 -0.244127 0.829511 -3.39507 2.56277 -0.205205</i>
                        <i>-0.136413 0.969907 0.201674 -0.86041 -0.0150971 -0.509378 -0.491005 -0.243008 0.836577 -3.39743 2.5472 -0.21904</i>
                        <i>-0.132473 0.972064 0.193759 -0.858878 -0.0150008 -0.51196 -0.494751 -0.234236 0.836872 -3.39108 2.52648 -0.235356</i>
                        <i>-0.129359 0.975364 0.178693 -0.84706 -0.0150078 -0.531285 -0.515514 -0.220091 0.828134 -3.37386 2.49724 -0.253962</i>
                        <i>-0.127223 0.978613 0.161653 -0.82868 -0.0153076 -0.559513 -0.545072 -0.205141 0.812905 -3.34833 2.46144 -0.276484</i>
                        <i>-0.125122 0.98173 0.143353 -0.804796 -0.0159325 -0.593338 -0.580214 -0.18961 0.792086 -3.31518 2.42198 -0.300193</i>
                        <i>-0.122183 0.984665 0.12452 -0.777313 -0.0169249 -0.628887 -0.617136 -0.17363 0.767461 -3.27562 2.37968 -0.322803</i>
                        <i>-0.117779 0.987384 0.105836 -0.748958 -0.0183413 -0.662364 -0.652066 -0.157279 0.741669 -3.23171 2.33477 -0.342514</i>
                        <i>-0.111601 0.989863 0.0878464 -0.723147 -0.0202601 -0.690397 -0.681618 -0.140575 0.718077 -3.18624 2.28712 -0.358199</i>
                        <i>-0.103641 0.992088 0.0708451 -0.703654 -0.0227953 -0.710178 -0.702944 -0.123454 0.700449 -3.14268 2.23625 -0.369569</i>
                        <i>-0.0941466 0.994054 0.0547055 -0.693999 -0.0261324 -0.719501 -0.713794 -0.105704 0.692333 -3.10512 2.18109 -0.37719</i>
                        <i>-0.0835132 0.995761 0.0385413 -0.696255 -0.0306369 -0.71714 -0.712919 -0.0867253 0.695862 -3.07899 2.11906 -0.382252</i>
                        <i>-0.0718774 0.997231 0.0190665 -0.706612 -0.0374204 -0.706612 -0.703942 -0.064262 0.707345 -3.07579 2.0404 -0.385558</i>
                        <i>-0.0696812 0.997439 0.0161487 -0.718201 -0.0389256 -0.694746 -0.692338 -0.0600087 0.719073 -3.06994 2.02376 -0.387435</i>
                        <i>-0.070751 0.997339 0.0176095 -0.712433 -0.0381679 -0.700702 -0.698165 -0.0621209 0.713237 -3.07287 2.03208 -0.386499</i>
                        <i>-0.0718774 0.997231 0.0190665 -0.706612 -0.0374204 -0.706612 -0.703942 -0.064262 0.707345 -3.07579 2.0404 -0.385558</i>
                        <i>-0.0718774 0.997231 0.0190665 -0.706612 -0.0374204 -0.706612 -0.703942 -0.064262 0.707345 -3.07579 2.0404 -0.385558</i>
                        <i>-0.0718774 0.997231 0.0190665 -0.706612 -0.0374204 -0.706612 -0.703942 -0.064262 0.707345 -3.07579 2.0404 -0.385558</i>
                        <i>-0.0718774 0.997231 0.0190665 -0.706612 -0.0374204 -0.706612 -0.703942 -0.064262 0.707345 -3.07579 2.0404 -0.385558</i>
                        <i>-0.0718774 0.997231 0.0190665 -0.706612 -0.0374204 -0.706612 -0.703942 -0.064262 0.707345 -3.07579 2.0404 -0.385558</i>
                        <i>-0.0718774 0.997231 0.0190665 -0.706612 -0.0374204 -0.706612 -0.703942 -0.064262 0.707345 -3.07579 2.0404 -0.385558</i>
                        <i>-0.0718774 0.997231 0.0190665 -0.706612 -0.0374204 -0.706612 -0.703942 -0.064262 0.707345 -3.07579 2.0404 -0.385558</i>
                        <i>-0.0718774 0.997231 0.0190665 -0.706612 -0.0374204 -0.706612 -0.703942 -0.064262 0.707345 -3.07579 2.0404 -0.385558</i>
                        <i>-0.0718774 0.997231 0.0190665 -0.706612 -0.0374204 -0.706612 -0.703942 -0.064262 0.707345 -3.07579 2.0404 -0.385558</i>
                        <i>-0.0718774 0.997231 0.0190665 -0.706612 -0.0374204 -0.706612 -0.703942 -0.064262 0.707345 -3.07579 2.0404 -0.385558</i>
                        <i>-0.0718774 0.997231 0.0190665 -0.706612 -0.0374204 -0.706612 -0.703942 -0.064262 0.707345 -3.07579 2.0404 -0.385558</i>
                    </KeyFrames>
                </p>
            </i>
            <i>
                <p>
                    <Name><![CDATA[spine1]]></Name>
                    <Exclude>0</Exclude>
                    <Additive>0</Additive>
                    <IKPriority>0</IKPriority>
                    <IKRotLimits>-1e+010 -1e+010 -1e+010 1e+010 1e+010 1e+010</IKRotLimits>
                    <IKRotLimitOrder>0</IKRotLimitOrder>
                    <KeyFrames count="127">
                        <i>-0.311063 0.904589 0.291476 -0.806828 -0.0892679 -0.584004 -0.502264 -0.416832 0.757616 -3.08858 2.21822 -0.382187</i>
                        <i>-0.0261954 0.832097 0.554011 -0.998884 -2.22045e-016 -0.0472303 -0.0393002 -0.55463 0.831168 -3.30917 2.24909 -0.373663</i>
                        <i>0.00659396 0.925033 -0.379829 -0.99888 -0.0117023 -0.0458404 -0.0468488 0.379706 0.92392 -3.29235 2.19415 -0.840176</i>
                        <i>0.0184069 0.284918 -0.958375 -0.999729 -0.00840314 -0.0216994 -0.0142359 0.958515 0.284686 -3.29043 1.9936 -1.118</i>
                        <i>0.0158745 -0.05349 -0.998442 -0.999704 -0.0192471 -0.0148634 -0.0184221 0.998383 -0.0537797 -3.29997 1.91055 -1.23272</i>
                        <i>0.0142091 -0.355134 -0.934707 -0.999395 -0.0347191 -0.0020012 -0.0317415 0.93417 -0.355413 -3.30902 1.87983 -1.31552</i>
                        <i>0.0169838 -0.624779 -0.780617 -0.99859 -0.0498761 0.018193 -0.0503007 0.779207 -0.624745 -3.31863 1.88105 -1.41999</i>
                        <i>0.0237682 -0.823626 -0.566635 -0.997829 -0.0543629 0.0371634 -0.0614126 0.564522 -0.82313 -3.32999 1.86917 -1.55317</i>
