<?xml version="1.0" encoding="ISO-8859-1" ?>
<Animl Version="1">
    <ModellingPackage><![CDATA[Maya.2010]]></ModellingPackage>
    <SrcFile><![CDATA[anims\turrets\artillery\red\~src\artillery_2a36\artillery_2a36_reload_crewman_c.mb]]></SrcFile>
    <FramesPerSecond>30</FramesPerSecond>
    <TotalFrames>115</TotalFrames>
    <Skeleton>
        <RefFrame>
            <Name><![CDATA[soldier_ref_frame]]></Name>
            <Exclude>0</Exclude>
            <Additive>0</Additive>
            <IKPriority>0</IKPriority>
            <IKRotLimits>-1e+010 -1e+010 -1e+010 1e+010 1e+010 1e+010</IKRotLimits>
            <IKRotLimitOrder>0</IKRotLimitOrder>
            <KeyFrames count="115">
                <i>1 0 0 0 1 0 0 0 1 -1.27519 1.34084 -2.39908</i>
                <i>1 0 0 0 1 0 0 0 1 -1.27519 1.34084 -2.39908</i>
                <i>1 0 0 0 1 0 0 0 1 -1.27519 1.34084 -2.39908</i>
                <i>1 0 0 0 1 0 0 0 1 -1.27519 1.34084 -2.39908</i>
                <i>1 0 0 0 1 0 0 0 1 -1.27519 1.34084 -2.39908</i>
                <i>1 0 0 0 1 0 0 0 1 -1.27519 1.34084 -2.39908</i>
                <i>1 0 0 0 1 0 0 0 1 -1.27519 1.34084 -2.39908</i>
                <i>1 0 0 0 1 0 0 0 1 -1.27519 1.34084 -2.39908</i>
                <i>1 0 0 0 1 0 0 0 1 -1.27519 1.34084 -2.39908</i>
                <i>1 0 0 0 1 0 0 0 1 -1.27519 1.34084 -2.39908</i>
                <i>1 0 0 0 1 0 0 0 1 -1.27519 1.34084 -2.39908</i>
                <i>1 0 0 0 1 0 0 0 1 -1.27519 1.34084 -2.39908</i>
                <i>1 0 0 0 1 0 0 0 1 -1.27519 1.34084 -2.39908</i>
                <i>1 0 0 0 1 0 0 0 1 -1.27519 1.34084 -2.39908</i>
                <i>1 0 0 0 1 0 0 0 1 -1.27519 1.34084 -2.39908</i>
                <i>1 0 0 0 1 0 0 0 1 -1.27519 1.34084 -2.39908</i>
                <i>1 0 0 0 1 0 0 0 1 -1.27519 1.34084 -2.39908</i>
                <i>1 0 0 0 1 0 0 0 1 -1.27519 1.34084 -2.39908</i>
                <i>1 0 0 0 1 0 0 0 1 -1.27519 1.34084 -2.39908</i>
                <i>1 0 0 0 1 0 0 0 1 -1.27519 1.34084 -2.39908</i>
                <i>1 0 0 0 1 0 0 0 1 -1.27519 1.34084 -2.39908</i>
                <i>1 0 0 0 1 0 0 0 1 -1.27519 1.34084 -2.39908</i>
                <i>1 0 0 0 1 0 0 0 1 -1.27519 1.34084 -2.39908</i>
                <i>1 0 0 0 1 0 0 0 1 -1.27519 1.34084 -2.39908</i>
                <i>1 0 0 0 1 0 0 0 1 -1.27519 1.34084 -2.39908</i>
                <i>1 0 0 0 1 0 0 0 1 -1.27519 1.34084 -2.39908</i>
                <i>1 0 0 0 1 0 0 0 1 -1.27519 1.34084 -2.39908</i>
                <i>1 0 0 0 1 0 0 0 1 -1.27519 1.34084 -2.39908</i>
                <i>1 0 0 0 1 0 0 0 1 -1.27519 1.34084 -2.39908</i>
                <i>1 0 0 0 1 0 0 0 1 -1.27519 1.34084 -2.39908</i>
                <i>1 0 0 0 1 0 0 0 1 -1.27519 1.34084 -2.39908</i>
                <i>1 0 0 0 1 0 0 0 1 -1.27519 1.34084 -2.39908</i>
                <i>1 0 0 0 1 0 0 0 1 -1.27519 1.34084 -2.39908</i>
                <i>1 0 0 0 1 0 0 0 1 -1.27519 1.34084 -2.39908</i>
                <i>1 0 0 0 1 0 0 0 1 -1.27519 1.34084 -2.39908</i>
                <i>1 0 0 0 1 0 0 0 1 -1.27519 1.34084 -2.39908</i>
                <i>1 0 0 0 1 0 0 0 1 -1.27519 1.34084 -2.39908</i>
                <i>1 0 0 0 1 0 0 0 1 -1.27519 1.34084 -2.39908</i>
                <i>1 0 0 0 1 0 0 0 1 -1.27519 1.34084 -2.39908</i>
                <i>1 0 0 0 1 0 0 0 1 -1.27519 1.34084 -2.39908</i>
                <i>1 0 0 0 1 0 0 0 1 -1.27519 1.34084 -2.39908</i>
                <i>1 0 0 0 1 0 0 0 1 -1.27519 1.34084 -2.39908</i>
                <i>1 0 0 0 1 0 0 0 1 -1.27519 1.34084 -2.39908</i>
                <i>1 0 0 0 1 0 0 0 1 -1.27519 1.34084 -2.39908</i>
                <i>1 0 0 0 1 0 0 0 1 -1.27519 1.34084 -2.39908</i>
                <i>1 0 0 0 1 0 0 0 1 -1.27519 1.34084 -2.39908</i>
                <i>1 0 0 0 1 0 0 0 1 -1.27519 1.34084 -2.39908</i>
                <i>1 0 0 0 1 0 0 0 1 -1.27519 1.34084 -2.39908</i>
                <i>1 0 0 0 1 0 0 0 1 -1.27519 1.34084 -2.39908</i>
                <i>1 0 0 0 1 0 0 0 1 -1.27519 1.34084 -2.39908</i>
                <i>1 0 0 0 1 0 0 0 1 -1.27519 1.34084 -2.39908</i>
                <i>1 0 0 0 1 0 0 0 1 -1.27519 1.34084 -2.39908</i>
                <i>1 0 0 0 1 0 0 0 1 -1.27519 1.34084 -2.39908</i>
                <i>1 0 0 0 1 0 0 0 1 -1.27519 1.34084 -2.39908</i>
                <i>1 0 0 0 1 0 0 0 1 -1.27519 1.34084 -2.39908</i>
                <i>1 0 0 0 1 0 0 0 1 -1.27519 1.34084 -2.39908</i>
                <i>1 0 0 0 1 0 0 0 1 -1.27519 1.34084 -2.39908</i>
                <i>1 0 0 0 1 0 0 0 1 -1.27519 1.34084 -2.39908</i>
                <i>1 0 0 0 1 0 0 0 1 -1.27519 1.34084 -2.39908</i>
                <i>1 0 0 0 1 0 0 0 1 -1.27519 1.34084 -2.39908</i>
                <i>1 0 0 0 1 0 0 0 1 -1.27519 1.34084 -2.39908</i>
                <i>1 0 0 0 1 0 0 0 1 -1.27519 1.34084 -2.39908</i>
                <i>1 0 0 0 1 0 0 0 1 -1.27519 1.34084 -2.39908</i>
                <i>1 0 0 0 1 0 0 0 1 -1.27519 1.34084 -2.39908</i>
                <i>1 0 0 0 1 0 0 0 1 -1.27519 1.34084 -2.39908</i>
                <i>1 0 0 0 1 0 0 0 1 -1.27519 1.34084 -2.39908</i>
                <i>1 0 0 0 1 0 0 0 1 -1.27519 1.34084 -2.39908</i>
                <i>1 0 0 0 1 0 0 0 1 -1.27519 1.34084 -2.39908</i>
                <i>1 0 0 0 1 0 0 0 1 -1.27519 1.34084 -2.39908</i>
                <i>1 0 0 0 1 0 0 0 1 -1.27519 1.34084 -2.39908</i>
                <i>1 0 0 0 1 0 0 0 1 -1.27519 1.34084 -2.39908</i>
                <i>1 0 0 0 1 0 0 0 1 -1.27519 1.34084 -2.39908</i>
                <i>1 0 0 0 1 0 0 0 1 -1.27519 1.34084 -2.39908</i>
                <i>1 0 0 0 1 0 0 0 1 -1.27519 1.34084 -2.39908</i>
                <i>1 0 0 0 1 0 0 0 1 -1.27519 1.34084 -2.39908</i>
                <i>1 0 0 0 1 0 0 0 1 -1.27519 1.34084 -2.39908</i>
                <i>1 0 0 0 1 0 0 0 1 -1.27519 1.34084 -2.39908</i>
                <i>1 0 0 0 1 0 0 0 1 -1.27519 1.34084 -2.39908</i>
                <i>1 0 0 0 1 0 0 0 1 -1.27519 1.34084 -2.39908</i>
                <i>1 0 0 0 1 0 0 0 1 -1.27519 1.34084 -2.39908</i>
                <i>1 0 0 0 1 0 0 0 1 -1.27519 1.34084 -2.39908</i>
                <i>1 0 0 0 1 0 0 0 1 -1.27519 1.34084 -2.39908</i>
                <i>1 0 0 0 1 0 0 0 1 -1.27519 1.34084 -2.39908</i>
                <i>1 0 0 0 1 0 0 0 1 -1.27519 1.34084 -2.39908</i>
                <i>1 0 0 0 1 0 0 0 1 -1.27519 1.34084 -2.39908</i>
                <i>1 0 0 0 1 0 0 0 1 -1.27519 1.34084 -2.39908</i>
                <i>1 0 0 0 1 0 0 0 1 -1.27519 1.34084 -2.39908</i>
                <i>1 0 0 0 1 0 0 0 1 -1.27519 1.34084 -2.39908</i>
                <i>1 0 0 0 1 0 0 0 1 -1.27519 1.34084 -2.39908</i>
                <i>1 0 0 0 1 0 0 0 1 -1.27519 1.34084 -2.39908</i>
                <i>1 0 0 0 1 0 0 0 1 -1.27519 1.34084 -2.39908</i>
                <i>1 0 0 0 1 0 0 0 1 -1.27519 1.34084 -2.39908</i>
                <i>1 0 0 0 1 0 0 0 1 -1.27519 1.34084 -2.39908</i>
                <i>1 0 0 0 1 0 0 0 1 -1.27519 1.34084 -2.39908</i>
                <i>1 0 0 0 1 0 0 0 1 -1.27519 1.34084 -2.39908</i>
                <i>1 0 0 0 1 0 0 0 1 -1.27519 1.34084 -2.39908</i>
                <i>1 0 0 0 1 0 0 0 1 -1.27519 1.34084 -2.39908</i>
                <i>1 0 0 0 1 0 0 0 1 -1.27519 1.34084 -2.39908</i>
                <i>1 0 0 0 1 0 0 0 1 -1.27519 1.34084 -2.39908</i>
                <i>1 0 0 0 1 0 0 0 1 -1.27519 1.34084 -2.39908</i>
                <i>1 0 0 0 1 0 0 0 1 -1.27519 1.34084 -2.39908</i>
                <i>1 0 0 0 1 0 0 0 1 -1.27519 1.34084 -2.39908</i>
                <i>1 0 0 0 1 0 0 0 1 -1.27519 1.34084 -2.39908</i>
                <i>1 0 0 0 1 0 0 0 1 -1.27519 1.34084 -2.39908</i>
                <i>1 0 0 0 1 0 0 0 1 -1.27519 1.34084 -2.39908</i>
                <i>1 0 0 0 1 0 0 0 1 -1.27519 1.34084 -2.39908</i>
                <i>1 0 0 0 1 0 0 0 1 -1.27519 1.34084 -2.39908</i>
                <i>1 0 0 0 1 0 0 0 1 -1.27519 1.34084 -2.39908</i>
                <i>1 0 0 0 1 0 0 0 1 -1.27519 1.34084 -2.39908</i>
                <i>1 0 0 0 1 0 0 0 1 -1.27519 1.34084 -2.39908</i>
                <i>1 0 0 0 1 0 0 0 1 -1.27519 1.34084 -2.39908</i>
                <i>1 0 0 0 1 0 0 0 1 -1.27519 1.34084 -2.39908</i>
                <i>1 0 0 0 1 0 0 0 1 -1.27519 1.34084 -2.39908</i>
                <i>1 0 0 0 1 0 0 0 1 -1.27519 1.34084 -2.39908</i>
                <i>1 0 0 0 1 0 0 0 1 -1.27519 1.34084 -2.39908</i>
            </KeyFrames>
        </RefFrame>
        <Bones count="23">
            <i>
                <p>
                    <Name><![CDATA[pelvis]]></Name>
                    <Exclude>0</Exclude>
                    <Additive>0</Additive>
                    <IKPriority>0</IKPriority>
                    <IKRotLimits>-1e+010 -1e+010 -1e+010 1e+010 1e+010 1e+010</IKRotLimits>
                    <IKRotLimitOrder>2</IKRotLimitOrder>
                    <KeyFrames count="115">
                        <i>1 0 0 0 1 0 0 0 1 -1.52338 2.37274 -4.19988</i>
                        <i>1 0 0 0 1 0 0 0 1 -1.52486 2.37361 -4.14394</i>
                        <i>1 0 0 0 1 0 0 0 1 -1.52813 2.37354 -4.0887</i>
                        <i>1 0 0 0 1 0 0 0 1 -1.5314 2.37346 -4.03345</i>
                        <i>1 0 0 0 1 0 0 0 1 -1.53289 2.37434 -3.97751</i>
                        <i>1 0 0 0 1 0 0 0 1 -1.53081 2.37713 -3.9202</i>
                        <i>1 0 0 0 1 0 0 0 1 -1.52338 2.38278 -3.86083</i>
                        <i>1 0 0 0 1 0 0 0 1 -1.50932 2.39284 -3.80029</i>
                        <i>1 0 0 0 1 0 0 0 1 -1.48979 2.40686 -3.73931</i>
                        <i>1 0 0 0 1 0 0 0 1 -1.46671 2.4228 -3.67695</i>
                        <i>1 0 0 0 1 0 0 0 1 -1.44195 2.43858 -3.61229</i>
                        <i>1 0 0 0 1 0 0 0 1 -1.41741 2.45217 -3.54438</i>
                        <i>1 0 0 0 1 0 0 0 1 -1.39499 2.46151 -3.47229</i>
                        <i>1 0 0 0 1 0 0 0 1 -1.37325 2.46609 -3.3956</i>
                        <i>1 0 0 0 1 0 0 0 1 -1.35038 2.46747 -3.31498</i>
                        <i>1 0 0 0 1 0 0 0 1 -1.32773 2.46666 -3.23111</i>
                        <i>1 0 0 0 1 0 0 0 1 -1.30665 2.46464 -3.14468</i>
                        <i>1 0 0 0 1 0 0 0 1 -1.28851 2.46245 -3.05639</i>
                        <i>1 0 0 0 1 0 0 0 1 -1.27464 2.46107 -2.96693</i>
                        <i>1 0 0 0 1 0 0 0 1 -1.26546 2.46031 -2.87156</i>
                        <i>1 0 0 0 1 0 0 0 1 -1.25979 2.45934 -2.76765</i>
                        <i>1 0 0 0 1 0 0 0 1 -1.2565 2.45821 -2.65905</i>
                        <i>1 0 0 0 1 0 0 0 1 -1.25452 2.45701 -2.54963</i>
                        <i>1 0 0 0 1 0 0 0 1 -1.25274 2.45579 -2.44324</i>
                        <i>1 0 0 0 1 0 0 0 1 -1.25007 2.45461 -2.34372</i>
                        <i>1 0 0 0 1 0 0 0 1 -1.24541 2.45355 -2.25494</i>
                        <i>1 0 0 0 1 0 0 0 1 -1.23768 2.45266 -2.18074</i>
                        <i>1 0 0 0 1 0 0 0 1 -1.22576 2.45201 -2.12498</i>
                        <i>1 0 0 0 1 0 0 0 1 -1.20867 2.45159 -2.09667</i>
                        <i>1 0 0 0 1 0 0 0 1 -1.18685 2.45137 -2.09686</i>
                        <i>1 0 0 0 1 0 0 0 1 -1.16139 2.45133 -2.11748</i>
                        <i>1 0 0 0 1 0 0 0 1 -1.13337 2.45147 -2.15047</i>
                        <i>1 0 0 0 1 0 0 0 1 -1.10386 2.45179 -2.18774</i>
                        <i>1 0 0 0 1 0 0 0 1 -1.07396 2.45227 -2.22122</i>
                        <i>1 0 0 0 1 0 0 0 1 -1.04474 2.45291 -2.24285</i>
                        <i>1 0 0 0 1 0 0 0 1 -1.01536 2.45405 -2.2563</i>
                        <i>1 0 0 0 1 0 0 0 1 -0.984533 2.45576 -2.26969</i>
                        <i>1 0 0 0 1 0 0 0 1 -0.952675 2.45771 -2.28159</i>
                        <i>1 0 0 0 1 0 0 0 1 -0.92019 2.45954 -2.29057</i>
                        <i>1 0 0 0 1 0 0 0 1 -0.887488 2.46089 -2.29521</i>
                        <i>1 0 0 0 1 0 0 0 1 -0.854977 2.46142 -2.29406</i>
                        <i>1 0 0 0 1 0 0 0 1 -0.819077 2.46292 -2.28233</i>
                        <i>1 0 0 0 1 0 0 0 1 -0.780439 2.46471 -2.25926</i>
                        <i>1 0 0 0 1 0 0 0 1 -0.74581 2.46273 -2.22952</i>
                        <i>1 0 0 0 1 0 0 0 1 -0.721943 2.45291 -2.19775</i>
                        <i>1 0 0 0 1 0 0 0 1 -0.712624 2.43179 -2.16594</i>
                        <i>1 0 0 0 1 0 0 0 1 -0.71291 2.40261 -2.13239</i>
                        <i>1 0 0 0 1 0 0 0 1 -0.716527 2.37137 -2.09627</i>
                        <i>1 0 0 0 1 0 0 0 1 -0.717247 2.34384 -2.05677</i>
                        <i>1 0 0 0 1 0 0 0 1 -0.708843 2.32569 -2.01307</i>
                        <i>1 0 0 0 1 0 0 0 1 -0.691564 2.31555 -1.96769</i>
                        <i>1 0 0 0 1 0 0 0 1 -0.670195 2.3085 -1.92211</i>
                        <i>1 0 0 0 1 0 0 0 1 -0.645323 2.30512 -1.87399</i>
                        <i>1 0 0 0 1 0 0 0 1 -0.617596 2.30623 -1.821</i>
                        <i>1 0 0 0 1 0 0 0 1 -0.587728 2.31281 -1.7608</i>
                        <i>1 0 0 0 1 0 0 0 1 -0.556472 2.32569 -1.69104</i>
                        <i>1 0 0 0 1 0 0 0 1 -0.523254 2.3509 -1.60812</i>
                        <i>1 0 0 0 1 0 0 0 1 -0.487129 2.38804 -1.51313</i>
                        <i>1 0 0 0 1 0 0 0 1 -0.448283 2.4284 -1.41086</i>
                        <i>1 0 0 0 1 0 0 0 1 -0.407345 2.46439 -1.30628</i>
                        <i>1 0 0 0 1 0 0 0 1 -0.365685 2.48988 -1.20421</i>
                        <i>1 0 0 0 1 0 0 0 1 -0.325206 2.49976 -1.10914</i>
                        <i>1 0 0 0 1 0 0 0 1 -0.285659 2.49401 -1.0205</i>
                        <i>1 0 0 0 1 0 0 0 1 -0.245775 2.47818 -0.934306</i>
                        <i>1 0 0 0 1 0 0 0 1 -0.205709 2.45547 -0.849848</i>
                        <i>1 0 0 0 1 0 0 0 1 -0.165577 2.42905 -0.766397</i>
                        <i>1 0 0 0 1 0 0 0 1 -0.125612 2.4021 -0.683172</i>
                        <i>1 0 0 0 1 0 0 0 1 -0.0862403 2.37794 -0.599373</i>
                        <i>1 0 0 0 1 0 0 0 1 -0.0480802 2.35999 -0.51423</i>
                        <i>1 0 0 0 1 0 0 0 1 -0.0118622 2.35172 -0.427021</i>
                        <i>1 0 0 0 1 0 0 0 1 0.0264677 2.35891 -0.323082</i>
                        <i>1 0 0 0 1 0 0 0 1 0.0680543 2.38036 -0.200015</i>
                        <i>1 0 0 0 1 0 0 0 1 0.107788 2.40901 -0.0755208</i>
                        <i>1 0 0 0 1 0 0 0 1 0.140558 2.43783 0.0326993</i>
                        <i>1 0 0 0 1 0 0 0 1 0.161256 2.45975 0.106946</i>
                        <i>1 0 0 0 1 0 0 0 1 0.164771 2.46772 0.129518</i>
                        <i>1 0 0 0 1 0 0 0 1 0.13902 2.45915 0.0676584</i>
                        <i>1 0 0 0 1 0 0 0 1 0.0856063 2.4384 -0.0713572</i>
                        <i>1 0 0 0 1 0 0 0 1 0.0199466 2.40885 -0.245178</i>
                        <i>1 0 0 0 1 0 0 0 1 -0.0425416 2.37389 -0.411454</i>
                        <i>1 0 0 0 1 0 0 0 1 -0.0864395 2.3369 -0.527833</i>
                        <i>1 0 0 0 1 0 0 0 1 -0.109091 2.29243 -0.586464</i>
                        <i>1 0 0 0 1 0 0 0 1 -0.121258 2.23764 -0.616661</i>
                        <i>1 0 0 0 1 0 0 0 1 -0.127653 2.17988 -0.631813</i>
                        <i>1 0 0 0 1 0 0 0 1 -0.132989 2.12649 -0.645314</i>
                        <i>1 0 0 0 1 0 0 0 1 -0.141978 2.0848 -0.670555</i>
                        <i>1 0 0 0 1 0 0 0 1 -0.159331 2.06216 -0.720928</i>
                        <i>1 0 0 0 1 0 0 0 1 -0.18312 2.06605 -0.800152</i>
                        <i>1 0 0 0 1 0 0 0 1 -0.209187 2.0921 -0.898257</i>
                        <i>1 0 0 0 1 0 0 0 1 -0.238907 2.12984 -1.0081</i>
                        <i>1 0 0 0 1 0 0 0 1 -0.273654 2.16885 -1.12255</i>
                        <i>1 0 0 0 1 0 0 0 1 -0.3148 2.19868 -1.23445</i>
                        <i>1 0 0 0 1 0 0 0 1 -0.36372 2.20888 -1.33667</i>
                        <i>1 0 0 0 1 0 0 0 1 -0.422367 2.19613 -1.42918</i>
                        <i>1 0 0 0 1 0 0 0 1 -0.490032 2.16814 -1.51768</i>
                        <i>1 0 0 0 1 0 0 0 1 -0.564097 2.13097 -1.60364</i>
                        <i>1 0 0 0 1 0 0 0 1 -0.641944 2.09067 -1.68853</i>
                        <i>1 0 0 0 1 0 0 0 1 -0.720954 2.05331 -1.7738</i>
                        <i>1 0 0 0 1 0 0 0 1 -0.798509 2.02495 -1.86092</i>
                        <i>1 0 0 0 1 0 0 0 1 -0.875532 2.0058 -1.94981</i>
                        <i>1 0 0 0 1 0 0 0 1 -0.954299 1.99106 -2.03928</i>
                        <i>1 0 0 0 1 0 0 0 1 -1.03423 1.97925 -2.12913</i>
                        <i>1 0 0 0 1 0 0 0 1 -1.11474 1.96892 -2.21918</i>
                        <i>1 0 0 0 1 0 0 0 1 -1.19526 1.95858 -2.30922</i>
                        <i>1 0 0 0 1 0 0 0 1 -1.27519 1.94678 -2.39908</i>
                        <i>1 0 0 0 1 0 0 0 1 -1.27519 1.94678 -2.39908</i>
                        <i>1 0 0 0 1 0 0 0 1 -1.27519 1.94678 -2.39908</i>
                        <i>1 0 0 0 1 0 0 0 1 -1.27519 1.94678 -2.39908</i>
                        <i>1 0 0 0 1 0 0 0 1 -1.27519 1.94678 -2.39908</i>
                        <i>1 0 0 0 1 0 0 0 1 -1.27519 1.94678 -2.39908</i>
                        <i>1 0 0 0 1 0 0 0 1 -1.27519 1.94678 -2.39908</i>
                        <i>1 0 0 0 1 0 0 0 1 -1.27519 1.94678 -2.39908</i>
                        <i>1 0 0 0 1 0 0 0 1 -1.27519 1.94678 -2.39908</i>
                        <i>1 0 0 0 1 0 0 0 1 -1.27519 1.94678 -2.39908</i>
                        <i>1 0 0 0 1 0 0 0 1 -1.27519 1.94678 -2.39908</i>
                    </KeyFrames>
                </p>
            </i>
            <i>
                <p>
                    <Name><![CDATA[spine0]]></Name>
                    <Exclude>0</Exclude>
                    <Additive>0</Additive>
                    <IKPriority>0</IKPriority>
                    <IKRotLimits>-1e+010 -1e+010 -1e+010 1e+010 1e+010 1e+010</IKRotLimits>
                    <IKRotLimitOrder>0</IKRotLimitOrder>
                    <KeyFrames count="115">
                        <i>-0.00763436 0.980167 0.198027 -0.999689 -0.0121826 0.0217596 0.0237405 -0.197799 0.979955 -1.52823 2.51214 -4.23507</i>
                        <i>-0.00752482 0.980161 0.198059 -0.999662 -0.0123029 0.0229052 0.0248875 -0.19782 0.979922 -1.52977 2.51302 -4.17913</i>
                        <i>-0.00728694 0.980166 0.198045 -0.999603 -0.0125332 0.0252499 0.0272312 -0.197782 0.979868 -1.53315 2.51294 -4.12388</i>
                        <i>-0.00704727 0.980176 0.198002 -0.999538 -0.0127608 0.0275946 0.0295743 -0.197716 0.979813 -1.53653 2.51286 -4.06863</i>
                        <i>-0.00693314 0.980185 0.197964 -0.999504 -0.0128744 0.0287407 0.0307199 -0.197667 0.979788 -1.53807 2.51374 -4.01269</i>
                        <i>-0.00707241 0.980181 0.197975 -0.999541 -0.0127644 0.0274894 0.0294716 -0.19769 0.979821 -1.53593 2.51653 -3.95538</i>
                        <i>-0.00759364 0.980156 0.198082 -0.999668 -0.0123204 0.0226413 0.0246325 -0.197844 0.979924 -1.52827 2.52218 -3.89601</i>
                        <i>-0.00758918 0.980003 0.198839 -0.999793 -0.0111917 0.0170003 0.0188857 -0.198669 0.979885 -1.51387 2.53227 -3.83543</i>
                        <i>-0.00677183 0.979707 0.200319 -0.999883 -0.00938297 0.0120884 0.0137227 -0.200214 0.979656 -1.49396 2.54633 -3.77434</i>
                        <i>-0.00620725 0.979403 0.201822 -0.999962 -0.0073227 0.00478071 0.00616012 -0.201785 0.979411 -1.47037 2.5623 -3.71188</i>
                        <i>-0.00698706 0.979226 0.20265 -0.999953 -0.0054687 -0.00805151 -0.00677602 -0.202697 0.979218 -1.44493 2.57812 -3.64717</i>
                        <i>-0.0101902 0.979316 0.202081 -0.999554 -0.00430598 -0.0295364 -0.0280553 -0.202292 0.978923 -1.41946 2.59171 -3.5793</i>
                        <i>-0.0167689 0.979795 0.199301 -0.998018 -0.00431134 -0.0627766 -0.060649 -0.199959 0.977925 -1.39577 2.60102 -3.50739</i>
                        <i>-0.0270544 0.980591 0.194187 -0.99397 -0.00573912 -0.1095 -0.10626 -0.195979 0.974834 -1.3724 2.60554 -3.43096</i>
                        <i>-0.0398474 0.981518 0.187174 -0.985871 -0.00811889 -0.167307 -0.162696 -0.191196 0.967974 -1.34757 2.60683 -3.35058</i>
                        <i>-0.0536012 0.982525 0.178244 -0.972432 -0.0107922 -0.232938 -0.226944 -0.185816 0.956017 -1.32264 2.60591 -3.26686</i>
                        <i>-0.0668258 0.983597 0.167546 -0.952892 -0.0131219 -0.303027 -0.295858 -0.179904 0.938138 -1.29898 2.60378 -3.18043</i>
                        <i>-0.0781583 0.984753 0.155413 -0.927227 -0.0145337 -0.374218 -0.366254 -0.173352 0.914225 -1.27796 2.60145 -3.09192</i>
                        <i>-0.0864229 0.986038 0.142336 -0.896242 -0.0145574 -0.443327 -0.435066 -0.165881 0.884987 -1.26099 2.59991 -3.00203</i>
                        <i>-0.0935851 0.987183 0.129276 -0.857222 -0.0138545 -0.514761 -0.506372 -0.158992 0.847531 -1.24849 2.59902 -2.90573</i>
                        <i>-0.101349 0.988025 0.116339 -0.806534 -0.0131375 -0.591042 -0.582436 -0.153733 0.798207 -1.23935 2.59797 -2.8002</i>
                        <i>-0.108314 0.988763 0.103033 -0.745263 -0.012171 -0.66666 -0.657915 -0.148995 0.738206 -1.23262 2.59679 -2.68943</i>
                        <i>-0.113074 0.989574 0.0891995 -0.675987 -0.0108242 -0.736834 -0.728187 -0.143615 0.670163 -1.22729 2.5955 -2.57747</i>
                        <i>-0.114264 0.990613 0.075025 -0.602676 -0.0090841 -0.797935 -0.789763 -0.136391 0.598057 -1.22226 2.59412 -2.4684</i>
                        <i>-0.110626 0.99199 0.0609766 -0.530367 -0.00703641 -0.847739 -0.840519 -0.126122 0.526898 -1.2164 2.59264 -2.36631</i>
                        <i>-0.101072 0.993737 0.0476477 -0.464721 -0.00481101 -0.885444 -0.87967 -0.111636 0.462297 -1.20847 2.59108 -2.2753</i>
                        <i>-0.0846976 0.995773 0.0355254 -0.411566 -0.00249211 -0.911377 -0.907436 -0.0918125 0.410037 -1.19721 2.58943 -2.19948</i>
                        <i>-0.0607587 0.997847 0.0246954 -0.376536 0 -0.926402 -0.924407 -0.0655857 0.375725 -1.18139 2.58766 -2.14301</i>
                        <i>-0.0251213 0.999584 0.0141349 -0.371346 0.00379692 -0.928487 -0.928155 -0.0285737 0.371096 -1.15952 2.58545 -2.11571</i>
                        <i>0.0222412 0.999752 0.0014568 -0.397518 0.0101805 -0.917538 -0.917325 0.019828 0.397645 -1.1321 2.58255 -2.11903</i>
                        <i>0.0756975 0.997008 -0.0156673 -0.44434 0.0196619 -0.895642 -0.892654 0.0747595 0.444499 -1.10095 2.57904 -2.14457</i>
                        <i>0.129681 0.990817 -0.038281 -0.500913 0.0321448 -0.8649 -0.855727 0.131337 0.500482 -1.06782 2.57513 -2.18376</i>
                        <i>0.179325 0.981614 -0.0653952 -0.557061 0.0465268 -0.829167 -0.810879 0.185119 0.555163 -1.03424 2.57114 -2.22777</i>
                        <i>0.221231 0.970681 -0.0939944 -0.604057 0.0607265 -0.794624 -0.765619 0.232573 0.599782 -1.00132 2.56745 -2.26763</i>
                        <i>0.25386 0.959817 -0.119613 -0.63479 0.0720207 -0.769321 -0.729792 0.271229 0.627565 -0.969798 2.56444 -2.29424</i>
                        <i>0.281959 0.948894 -0.141773 -0.650434 0.0804256 -0.755293 -0.705291 0.305176 0.639869 -0.938092 2.56221 -2.31132</i>
                        <i>0.308848 0.937134 -0.162458 -0.658495 0.0874359 -0.747489 -0.686293 0.337838 0.644103 -0.90479 2.56052 -2.32769</i>
                        <i>0.331994 0.925853 -0.180489 -0.662023 0.0923966 -0.743766 -0.671942 0.366414 0.643611 -0.870685 2.55936 -2.34194</i>
                        <i>0.348717 0.916715 -0.195012 -0.663904 0.094748 -0.741791 -0.661534 0.388144 0.641652 -0.836579 2.55874 -2.35273</i>
                        <i>0.356168 0.911555 -0.205457 -0.666944 0.0939927 -0.739156 -0.654469 0.400291 0.641433 -0.803292 2.55873 -2.35873</i>
                        <i>0.35132 0.912081 -0.211383 -0.673862 0.0895888 -0.733406 -0.649988 0.400103 0.646091 -0.771676 2.55934 -2.35864</i>
                        <i>0.317707 0.926115 -0.203403 -0.686322 0.0765961 -0.723253 -0.654236 0.369382 0.659948 -0.73998 2.56443 -2.34664</i>
                        <i>0.255499 0.949813 -0.180486 -0.70155 0.0536873 -0.710595 -0.665243 0.308176 0.680058 -0.708943 2.57282 -2.32168</i>
                        <i>0.187248 0.969881 -0.155787 -0.715819 0.0261148 -0.697797 -0.672712 0.242176 0.699149 -0.682915 2.57723 -2.28975</i>
                        <i>0.136672 0.980035 -0.144404 -0.726283 -2.22045e-016 -0.687396 -0.673672 0.198826 0.711783 -0.66568 2.57122 -2.2572</i>
                        <i>0.107219 0.982191 -0.154288 -0.733409 -0.0266413 -0.679265 -0.671278 0.185987 0.717492 -0.660379 2.55125 -2.22672</i>
                        <i>0.0852197 0.980587 -0.176596 -0.738559 -0.0567985 -0.671792 -0.668781 0.187676 0.719382 -0.663693 2.52208 -2.19564</i>
                        <i>0.0690809 0.976933 -0.202062 -0.741534 -0.0852086 -0.665483 -0.66735 0.195808 0.718543 -0.669512 2.49015 -2.16242</i>
                        <i>0.0573128 0.973496 -0.221406 -0.74269 -0.10663 -0.661092 -0.667179 0.202325 0.716894 -0.671806 2.46175 -2.12555</i>
                        <i>0.0483496 0.973069 -0.225387 -0.742709 -0.115856 -0.659515 -0.667866 0.199284 0.717105 -0.664587 2.44306 -2.08353</i>
                        <i>0.0451273 0.976354 -0.211414 -0.741675 -0.10903 -0.661839 -0.669239 0.186668 0.719217 -0.647744 2.43248 -2.03913</i>
                        <i>0.0487786 0.981404 -0.185651 -0.739177 -0.0895371 -0.667533 -0.671743 0.16979 0.721064 -0.625899 2.42474 -1.99439</i>
                        <i>0.0549592 0.986824 -0.152175 -0.735303 -0.0631067 -0.674794 -0.675506 0.148981 0.722147 -0.600198 2.42072 -1.94678</i>
                        <i>0.0594137 0.991495 -0.115793 -0.730817 -0.0358123 -0.681633 -0.679982 0.125122 0.722474 -0.571837 2.42158 -1.89378</i>
                        <i>0.0580468 0.994938 -0.082024 -0.727395 -0.0141231 -0.686074 -0.68376 0.0994882 0.722893 -0.542074 2.42864 -1.83287</i>
                        <i>0.0468904 0.99729 -0.056683 -0.727177 -0.00482455 -0.686433 -0.684847 0.0734056 0.72498 -0.512217 2.44306 -1.76149</i>
                        <i>0.0197849 0.999075 -0.0381676 -0.733813 -0.0114176 -0.679255 -0.679063 0.0414469 0.732909 -0.482765 2.47148 -1.67532</i>
                        <i>-0.0211593 0.999556 -0.0209565 -0.74521 -0.0297418 -0.666166 -0.666494 0.00152135 0.745509 -0.452581 2.51313 -1.57522</i>
                        <i>-0.0676886 0.997692 -0.00535029 -0.755096 -0.0547332 -0.653325 -0.652111 -0.0401827 0.757058 -0.420512 2.55805 -1.4667</i>
                        <i>-0.111698 0.993718 0.00686495 -0.759167 -0.080872 -0.645852 -0.64124 -0.0773522 0.763432 -0.385846 2.59776 -1.35574</i>
                        <i>-0.145238 0.98932 0.0123169 -0.755329 -0.102829 -0.647228 -0.639049 -0.103306 0.762197 -0.348656 2.62569 -1.24849</i>
                        <i>-0.160237 0.987053 0.00705547 -0.742709 -0.115856 -0.659515 -0.650159 -0.110919 0.751658 -0.309534 2.63655 -1.15082</i>
                        <i>-0.156561 0.987582 -0.0130202 -0.720106 -0.123161 -0.682847 -0.675971 -0.0975313 0.730446 -0.268087 2.63046 -1.06256</i>
                        <i>-0.139967 0.989154 -0.0445323 -0.68845 -0.129544 -0.713621 -0.71165 -0.0692251 0.699115 -0.224036 2.61335 -0.978481</i>
                        <i>-0.111291 0.990603 -0.0795024 -0.650057 -0.133075 -0.748143 -0.751692 -0.0315808 0.658758 -0.177905 2.58865 -0.896614</i>
                        <i>-0.0729409 0.991139 -0.11101 -0.60767 -0.132426 -0.783071 -0.790833 0.0103396 0.611944 -0.130401 2.55972 -0.815212</i>
                        <i>-0.0291403 0.990509 -0.13432 -0.564692 -0.127193 -0.815442 -0.824787 0.0520874 0.563039 -0.0825838 2.53006 -0.732878</i>
                        <i>0.0145208 0.98897 -0.147405 -0.52517 -0.117906 -0.84279 -0.850873 0.0896505 0.517666 -0.035844 2.50335 -0.648648</i>
                        <i>0.0519036 0.987237 -0.15056 -0.493583 -0.105702 -0.863252 -0.868149 0.11912 0.481797 0.00823278 2.48348 -0.561943</i>
                        <i>0.0770877 0.986416 -0.145057 -0.474453 -0.0916674 -0.875495 -0.876899 0.136313 0.460941 0.0480433 2.47442 -0.472332</i>
                        <i>0.0866236 0.987862 -0.128935 -0.474332 -0.0729144 -0.877321 -0.876074 0.137155 0.462259 0.0872622 2.48248 -0.364679</i>
                        <i>0.0848922 0.991514 -0.098451 -0.490225 -0.0444588 -0.870461 -0.867452 0.122158 0.482291 0.127916 2.50617 -0.235861</i>
                        <i>0.0784359 0.995569 -0.051871 -0.511732 -0.00444566 -0.859134 -0.855557 0.093931 0.509116 0.16595 2.53761 -0.103382</i>
                        <i>0.0717878 0.997398 0.00667311 -0.529937 0.0438085 -0.846905 -0.844993 0.0572611 0.531702 0.196818 2.56896 0.0143674</i>
                        <i>0.0655783 0.995717 0.065174 -0.539964 0.0903362 -0.836826 -0.839129 0.019686 0.543576 0.215205 2.59278 0.0976555</i>
                        <i>0.0576031 0.992603 0.106872 -0.541983 0.120994 -0.831634 -0.838413 -0.0100184 0.544944 0.215333 2.60235 0.125699</i>
                        <i>0.0413608 0.990995 0.127348 -0.555897 0.128732 -0.821223 -0.830222 -0.0368259 0.556215 0.18241 2.59622 0.0625563</i>
                        <i>0.015865 0.990871 0.133874 -0.586573 0.117654 -0.801305 -0.809741 -0.0658142 0.583085 0.11838 2.57792 -0.0838381</i>
                        <i>-0.0121262 0.991695 0.128041 -0.611834 0.0939227 -0.78539 -0.790893 -0.0878634 0.605614 0.042865 2.54897 -0.268377</i>
                        <i>-0.0367393 0.993175 0.110699 -0.609349 0.0655332 -0.790189 -0.79205 -0.0964853 0.602783 -0.0248772 2.51257 -0.445381</i>
                        <i>-0.0530309 0.995392 0.0798931 -0.557133 0.0369043 -0.829603 -0.828728 -0.0885057 0.552609 -0.0667728 2.47343 -0.568704</i>
                        <i>-0.0813899 0.996211 0.0306372 -0.431946 -0.00755398 -0.901868 -0.898219 -0.0866365 0.430925 -0.0829569 2.42752 -0.628464</i>
                        <i>-0.131021 0.990799 -0.0339241 -0.234774 -0.0642552 -0.969924 -0.96318 -0.119116 0.241032 -0.089313 2.37284 -0.65406</i>
                        <i>-0.182452 0.977955 -0.10156 0.00875003 -0.101675 -0.994779 -0.983176 -0.182388 0.00999362 -0.0928982 2.31685 -0.658789</i>
                        <i>-0.223539 0.961711 -0.158564 0.253571 -0.0996987 -0.962165 -0.941133 -0.255288 -0.221576 -0.0999075 2.26595 -0.657707</i>
                        <i>-0.248525 0.949332 -0.192366 0.452307 -0.0618766 -0.889713 -0.856536 -0.308125 -0.414011 -0.114072 2.22589 -0.667198</i>
                        <i>-0.254413 0.947803 -0.192205 0.574839 -0.0116186 -0.818184 -0.777711 -0.318644 -0.541879 -0.136259 2.20314 -0.70388</i>
                        <i>-0.238228 0.960508 -0.143776 0.63603 0.0424167 -0.770497 -0.733971 -0.275 -0.621017 -0.161362 2.20505 -0.770127</i>
                        <i>-0.208791 0.976735 -0.048944 0.662539 0.10446 -0.741707 -0.719339 -0.187289 -0.668936 -0.185983 2.227 -0.854003</i>
                        <i>-0.171425 0.983014 0.0655464 0.658038 0.16376 -0.734962 -0.733212 -0.0828588 -0.674933 -0.211637 2.25916 -0.951258</i>
                        <i>-0.126619 0.978066 0.165393 0.627735 0.208108 -0.750093 -0.76806 0.00884684 -0.640316 -0.240012 2.29282 -1.05776</i>
                        <i>-0.0795578 0.97223 0.22009 0.577975 0.224879 -0.784458 -0.812167 0.0647967 -0.579815 -0.273697 2.31973 -1.16846</i>
                        <i>-0.0454666 0.976411 0.211081 0.513146 0.204119 -0.833677 -0.857097 0.0704108 -0.510321 -0.316208 2.33092 -1.27713</i>
                        <i>-0.0420248 0.990148 0.133568 0.416843 0.138871 -0.898308 -0.908006 0.0179256 -0.418573 -0.3713 2.32334 -1.38553</i>
                        <i>-0.0803442 0.996115 0.0360442 0.265146 0.0562164 -0.962568 -0.960855 -0.0677798 -0.268633 -0.440186 2.30133 -1.49595</i>
                        <i>-0.156809 0.987608 -0.00648753 0.0620883 0.00330194 -0.998065 -0.985675 -0.156908 -0.0618367 -0.521747 2.26841 -1.60036</i>
                        <i>-0.23546 0.970703 0.0479012 -0.162533 0.00926349 -0.98666 -0.958197 -0.240104 0.15559 -0.610475 2.231 -1.69222</i>
                        <i>-0.27171 0.946162 0.175933 -0.369011 0.0664097 -0.927049 -0.888822 -0.316809 0.3311 -0.697702 2.19527 -1.77271</i>
                        <i>-0.25025 0.918425 0.306382 -0.533167 0.133418 -0.835424 -0.808151 -0.372417 0.456286 -0.777189 2.16692 -1.85169</i>
                        <i>-0.189174 0.901902 0.388312 -0.664576 0.173524 -0.726793 -0.722878 -0.395553 0.566556 -0.85172 2.14716 -1.93768</i>
                        <i>-0.113284 0.901511 0.417665 -0.777767 0.181119 -0.601892 -0.618259 -0.393031 0.680648 -0.927538 2.13218 -2.03125</i>
                        <i>-0.0445604 0.918407 0.39312 -0.871607 0.156552 -0.464534 -0.488175 -0.363346 0.793514 -1.00725 2.12053 -2.13201</i>
                        <i>-0.000700557 0.945776 0.324819 -0.942126 0.108274 -0.317293 -0.335258 -0.306243 0.890965 -1.09233 2.10983 -2.23751</i>
                        <i>0.0113247 0.972226 0.233768 -0.985509 0.0504208 -0.161955 -0.169243 -0.228546 0.958709 -1.18242 2.0976 -2.34392</i>
                        <i>0 0.98898 0.148052 -1 0 0 -2.77556e-017 -0.148052 0.98898 -1.27519 2.08243 -2.44698</i>
                        <i>0 0.98898 0.148052 -1 0 0 -2.77556e-017 -0.148052 0.98898 -1.27519 2.08243 -2.44698</i>
                        <i>0 0.98898 0.148052 -1 0 0 -2.77556e-017 -0.148052 0.98898 -1.27519 2.08243 -2.44698</i>
                        <i>0 0.98898 0.148052 -1 0 0 -2.77556e-017 -0.148052 0.98898 -1.27519 2.08243 -2.44698</i>
                        <i>0 0.98898 0.148052 -1 0 0 -2.77556e-017 -0.148052 0.98898 -1.27519 2.08243 -2.44698</i>
                        <i>0 0.98898 0.148052 -1 0 0 -2.77556e-017 -0.148052 0.98898 -1.27519 2.08243 -2.44698</i>
                        <i>0 0.98898 0.148052 -1 0 0 -2.77556e-017 -0.148052 0.98898 -1.27519 2.08243 -2.44698</i>
                        <i>0 0.98898 0.148052 -1 0 0 -2.77556e-017 -0.148052 0.98898 -1.27519 2.08243 -2.44698</i>
                        <i>0 0.98898 0.148052 -1 0 0 -2.77556e-017 -0.148052 0.98898 -1.27519 2.08243 -2.44698</i>
                        <i>0 0.98898 0.148052 -1 0 0 -2.77556e-017 -0.148052 0.98898 -1.27519 2.08243 -2.44698</i>
                        <i>0 0.98898 0.148052 -1 0 0 -2.77556e-017 -0.148052 0.98898 -1.27519 2.08243 -2.44698</i>
                    </KeyFrames>
                </p>
            </i>
            <i>
                <p>
                    <Name><![CDATA[spine1]]></Name>
                    <Exclude>0</Exclude>
                    <Additive>0</Additive>
                    <IKPriority>0</IKPriority>
                    <IKRotLimits>-1e+010 -1e+010 -1e+010 1e+010 1e+010 1e+010</IKRotLimits>
                    <IKRotLimitOrder>0</IKRotLimitOrder>
                    <KeyFrames count="115">
                        <i>0.0711987 0.858791 0.507355 -0.988801 -0.00611826 0.149118 0.131165 -0.512289 0.848737 -1.52955 2.68254 -4.20065</i>
                        <i>0.0683188 0.858398 0.508414 -0.990889 -0.000903292 0.134677 0.116066 -0.512983 0.850516 -1.53108 2.68342 -4.14471</i>
                        <i>0.065433 0.858056 0.509371 -0.992868 0.00500516 0.119111 0.0996544 -0.513532 0.852264 -1.53442 2.68335 -4.08946</i>
                        <i>0.062524 0.857805 0.510159 -0.994568 0.01093 0.103514 0.0832188 -0.51386 0.853828 -1.53776 2.68328 -4.03422</i>
                        <i>0.0595829 0.85764 0.510787 -0.995901 0.0161882 0.0889903 0.0680529 -0.513996 0.855089 -1.53928 2.68417 -3.97829</i>
                        <i>0.0566048 0.857521 0.511326 -0.996855 0.0200966 0.0766508 0.0554537 -0.514057 0.855962 -1.53716 2.68695 -3.92097</i>
                        <i>0.0535832 0.857391 0.511869 -0.99747 0.0219747 0.0676085 0.0467188 -0.514196 0.856399 -1.52959 2.69261 -3.86159</i>
                        <i>0.0534139 0.856596 0.513216 -0.997431 0.0211981 0.0684284 0.0477363 -0.515552 0.855527 -1.51519 2.70267 -3.80087</i>
                        <i>0.056717 0.855054 0.515428 -0.996667 0.0181689 0.0795311 0.0586386 -0.518221 0.853234 -1.49514 2.7167 -3.73952</i>
                        <i>0.0600389 0.853593 0.517469 -0.995589 0.0137615 0.092812 0.0721025 -0.520759 0.850653 -1.47145 2.73263 -3.6768</i>
                        <i>0.0598275 0.853005 0.518462 -0.994928 0.00888029 0.100199 0.0808658 -0.521827 0.84921 -1.44614 2.74842 -3.61194</i>
                        <i>0.0525078 0.853998 0.517621 -0.995596 0.00445376 0.0936459 0.077668 -0.520258 0.85047 -1.42123 2.76201 -3.54418</i>
                        <i>0.0347142 0.857174 0.513855 -0.99788 0.00140946 0.0650621 0.0550453 -0.515024 0.855406 -1.39869 2.77135 -3.47275</i>
                        <i>0.00663032 0.862065 0.506755 -0.999887 -0.00113351 0.0150107 0.0135146 -0.506797 0.86196 -1.3771 2.77594 -3.39723</i>
                        <i>-0.02776 0.867647 0.496406 -0.998821 -0.0042878 -0.0483616 -0.0398323 -0.497163 0.866742 -1.35449 2.77733 -3.31808</i>
                        <i>-0.0656728 0.873677 0.482053 -0.992543 -0.00747828 -0.121666 -0.102692 -0.486449 0.867653 -1.33195 2.77651 -3.23593</i>
                        <i>-0.104316 0.880008 0.463363 -0.979483 -0.0101308 -0.20127 -0.172425 -0.474852 0.86301 -1.31057 2.77449 -3.15136</i>
                        <i>-0.141022 0.886596 0.440522 -0.958929 -0.0117122 -0.283406 -0.246107 -0.462396 0.851834 -1.29152 2.77228 -3.06498</i>
                        <i>-0.173393 0.893493 0.414252 -0.931185 -0.0117799 -0.364358 -0.320671 -0.448922 0.83405 -1.27597 2.77088 -2.97736</i>
                        <i>-0.204345 0.899984 0.385061 -0.893839 -0.0111653 -0.448248 -0.399117 -0.43578 0.806723 -1.2647 2.7701 -2.88334</i>
                        <i>-0.235958 0.905615 0.3524 -0.843332 -0.0106567 -0.537287 -0.48282 -0.423967 0.766249 -1.2569 2.76912 -2.78005</i>
                        <i>-0.265074 0.910857 0.316346 -0.780339 -0.00992803 -0.625278 -0.566399 -0.412602 0.713409 -1.25137 2.76799 -2.67159</i>
                        <i>-0.28894 0.91616 0.277785 -0.70739 -0.00880149 -0.706768 -0.645068 -0.400716 0.650626 -1.24685 2.76676 -2.56204</i>
                        <i>-0.305369 0.921933 0.238305 -0.628741 -0.00726329 -0.777581 -0.715146 -0.387281 0.581875 -1.24202 2.76548 -2.45543</i>
                        <i>-0.312845 0.928518 0.199957 -0.549958 -0.00544181 -0.835174 -0.774386 -0.371248 0.512348 -1.23552 2.76418 -2.35577</i>
                        <i>-0.310518 0.936152 0.16492 -0.477362 -0.00354084 -0.878699 -0.822012 -0.351579 0.447983 -1.22593 2.76286 -2.26707</i>
                        <i>-0.298064 0.944932 0.135137 -0.417467 -0.00172991 -0.90869 -0.858416 -0.327263 0.394994 -1.21184 2.76151 -2.19335</i>
                        <i>-0.275437 0.954778 0.111952 -0.376536 0 -0.926402 -0.884508 -0.29732 0.359508 -1.19188 2.76004 -2.13875</i>
                        <i>-0.239183 0.966057 0.0976017 -0.36747 0.0029814 -0.930031 -0.898753 -0.258313 0.354284 -1.16385 2.7581 -2.11327</i>
                        <i>-0.189693 0.97769 0.090217 -0.392256 0.00877038 -0.919814 -0.900084 -0.209871 0.381841 -1.12826 2.75521 -2.11878</i>
                        <i>-0.132255 0.987605 0.0845253 -0.439491 0.0180075 -0.898066 -0.888457 -0.155922 0.431662 -1.08787 2.75123 -2.14728</i>
                        <i>-0.0720921 0.994456 0.0765554 -0.497481 0.030674 -0.866932 -0.864474 -0.100584 0.492511 -1.04542 2.74627 -2.19038</i>
                        <i>-0.0143974 0.99782 0.0644081 -0.555285 0.0455898 -0.83041 -0.831536 -0.0477206 0.553418 -1.00326 2.7407 -2.23908</i>
                        <i>0.0361655 0.998173 0.0483955 -0.603562 0.0604141 -0.795024 -0.796495 -0.000457261 0.604645 -0.963095 2.73513 -2.28387</i>
                        <i>0.0759934 0.996639 0.0305969 -0.63479 0.0720207 -0.769321 -0.768938 0.0390407 0.63813 -0.925937 2.73026 -2.31491</i>
