<?xml version="1.0" encoding="ISO-8859-1" ?>
<Animl Version="1">
    <ModellingPackage><![CDATA[Maya.2010]]></ModellingPackage>
    <SrcFile><![CDATA[anims\turrets\artillery\red\~src\artillery_2a36\artillery_2a36_reload_crewman_b.mb]]></SrcFile>
    <FramesPerSecond>30</FramesPerSecond>
    <TotalFrames>115</TotalFrames>
    <Skeleton>
        <RefFrame>
            <Name><![CDATA[soldier_ref_frame]]></Name>
            <Exclude>0</Exclude>
            <Additive>0</Additive>
            <IKPriority>0</IKPriority>
            <IKRotLimits>-1e+010 -1e+010 -1e+010 1e+010 1e+010 1e+010</IKRotLimits>
            <IKRotLimitOrder>0</IKRotLimitOrder>
            <KeyFrames count="115">
                <i>1 0 0 0 1 0 0 0 1 -2.86102 1.35334 -1.9112</i>
                <i>1 0 0 0 1 0 0 0 1 -2.86102 1.35334 -1.91126</i>
                <i>1 0 0 0 1 0 0 0 1 -2.86101 1.35334 -1.91132</i>
                <i>1 0 0 0 1 0 0 0 1 -2.86101 1.35334 -1.91137</i>
                <i>1 0 0 0 1 0 0 0 1 -2.86101 1.35334 -1.91142</i>
                <i>1 0 0 0 1 0 0 0 1 -2.86101 1.35334 -1.91146</i>
                <i>1 0 0 0 1 0 0 0 1 -2.86101 1.35334 -1.9115</i>
                <i>1 0 0 0 1 0 0 0 1 -2.86101 1.35334 -1.91153</i>
                <i>1 0 0 0 1 0 0 0 1 -2.86101 1.35334 -1.91156</i>
                <i>1 0 0 0 1 0 0 0 1 -2.861 1.35334 -1.91159</i>
                <i>1 0 0 0 1 0 0 0 1 -2.861 1.35334 -1.91161</i>
                <i>1 0 0 0 1 0 0 0 1 -2.861 1.35334 -1.91163</i>
                <i>1 0 0 0 1 0 0 0 1 -2.861 1.35334 -1.91165</i>
                <i>1 0 0 0 1 0 0 0 1 -2.861 1.35334 -1.91166</i>
                <i>1 0 0 0 1 0 0 0 1 -2.861 1.35334 -1.91167</i>
                <i>1 0 0 0 1 0 0 0 1 -2.861 1.35334 -1.91168</i>
                <i>1 0 0 0 1 0 0 0 1 -2.861 1.35334 -1.91168</i>
                <i>1 0 0 0 1 0 0 0 1 -2.861 1.35334 -1.91168</i>
                <i>1 0 0 0 1 0 0 0 1 -2.861 1.35334 -1.91168</i>
                <i>1 0 0 0 1 0 0 0 1 -2.861 1.35334 -1.91168</i>
                <i>1 0 0 0 1 0 0 0 1 -2.861 1.35334 -1.91168</i>
                <i>1 0 0 0 1 0 0 0 1 -2.861 1.35334 -1.91167</i>
                <i>1 0 0 0 1 0 0 0 1 -2.861 1.35334 -1.91166</i>
                <i>1 0 0 0 1 0 0 0 1 -2.861 1.35334 -1.91165</i>
                <i>1 0 0 0 1 0 0 0 1 -2.861 1.35334 -1.91164</i>
                <i>1 0 0 0 1 0 0 0 1 -2.861 1.35334 -1.91162</i>
                <i>1 0 0 0 1 0 0 0 1 -2.861 1.35334 -1.91161</i>
                <i>1 0 0 0 1 0 0 0 1 -2.861 1.35334 -1.91159</i>
                <i>1 0 0 0 1 0 0 0 1 -2.86101 1.35334 -1.91158</i>
                <i>1 0 0 0 1 0 0 0 1 -2.86101 1.35334 -1.91156</i>
                <i>1 0 0 0 1 0 0 0 1 -2.86101 1.35334 -1.91154</i>
                <i>1 0 0 0 1 0 0 0 1 -2.86101 1.35334 -1.91152</i>
                <i>1 0 0 0 1 0 0 0 1 -2.86101 1.35334 -1.9115</i>
                <i>1 0 0 0 1 0 0 0 1 -2.86101 1.35334 -1.91148</i>
                <i>1 0 0 0 1 0 0 0 1 -2.86101 1.35334 -1.91146</i>
                <i>1 0 0 0 1 0 0 0 1 -2.86101 1.35334 -1.91144</i>
                <i>1 0 0 0 1 0 0 0 1 -2.86101 1.35334 -1.91142</i>
                <i>1 0 0 0 1 0 0 0 1 -2.86101 1.35334 -1.91139</i>
                <i>1 0 0 0 1 0 0 0 1 -2.86101 1.35334 -1.91137</i>
                <i>1 0 0 0 1 0 0 0 1 -2.86101 1.35334 -1.91135</i>
                <i>1 0 0 0 1 0 0 0 1 -2.86101 1.35334 -1.91134</i>
                <i>1 0 0 0 1 0 0 0 1 -2.86102 1.35334 -1.91132</i>
                <i>1 0 0 0 1 0 0 0 1 -2.86102 1.35334 -1.9113</i>
                <i>1 0 0 0 1 0 0 0 1 -2.86102 1.35334 -1.91128</i>
                <i>1 0 0 0 1 0 0 0 1 -2.86102 1.35334 -1.91127</i>
                <i>1 0 0 0 1 0 0 0 1 -2.86102 1.35334 -1.91125</i>
                <i>1 0 0 0 1 0 0 0 1 -2.86102 1.35334 -1.91124</i>
                <i>1 0 0 0 1 0 0 0 1 -2.86102 1.35334 -1.91123</i>
                <i>1 0 0 0 1 0 0 0 1 -2.86102 1.35334 -1.91122</i>
                <i>1 0 0 0 1 0 0 0 1 -2.86102 1.35334 -1.91121</i>
                <i>1 0 0 0 1 0 0 0 1 -2.86102 1.35334 -1.91121</i>
                <i>1 0 0 0 1 0 0 0 1 -2.86102 1.35334 -1.9112</i>
                <i>1 0 0 0 1 0 0 0 1 -2.86102 1.35334 -1.9112</i>
                <i>1 0 0 0 1 0 0 0 1 -2.86102 1.35334 -1.9112</i>
                <i>1 0 0 0 1 0 0 0 1 -2.86102 1.35334 -1.9112</i>
                <i>1 0 0 0 1 0 0 0 1 -2.86102 1.35334 -1.9112</i>
                <i>1 0 0 0 1 0 0 0 1 -2.86102 1.35334 -1.9112</i>
                <i>1 0 0 0 1 0 0 0 1 -2.86102 1.35334 -1.9112</i>
                <i>1 0 0 0 1 0 0 0 1 -2.86102 1.35334 -1.9112</i>
                <i>1 0 0 0 1 0 0 0 1 -2.86102 1.35334 -1.9112</i>
                <i>1 0 0 0 1 0 0 0 1 -2.86102 1.35334 -1.9112</i>
                <i>1 0 0 0 1 0 0 0 1 -2.86102 1.35334 -1.9112</i>
                <i>1 0 0 0 1 0 0 0 1 -2.86102 1.35334 -1.9112</i>
                <i>1 0 0 0 1 0 0 0 1 -2.86102 1.35334 -1.9112</i>
                <i>1 0 0 0 1 0 0 0 1 -2.86102 1.35334 -1.9112</i>
                <i>1 0 0 0 1 0 0 0 1 -2.86102 1.35334 -1.9112</i>
                <i>1 0 0 0 1 0 0 0 1 -2.86102 1.35334 -1.9112</i>
                <i>1 0 0 0 1 0 0 0 1 -2.86102 1.35334 -1.9112</i>
                <i>1 0 0 0 1 0 0 0 1 -2.86102 1.35334 -1.9112</i>
                <i>1 0 0 0 1 0 0 0 1 -2.86102 1.35334 -1.9112</i>
                <i>1 0 0 0 1 0 0 0 1 -2.86102 1.35334 -1.9112</i>
                <i>1 0 0 0 1 0 0 0 1 -2.86102 1.35334 -1.9112</i>
                <i>1 0 0 0 1 0 0 0 1 -2.86102 1.35334 -1.9112</i>
                <i>1 0 0 0 1 0 0 0 1 -2.86102 1.35334 -1.9112</i>
                <i>1 0 0 0 1 0 0 0 1 -2.86102 1.35334 -1.9112</i>
                <i>1 0 0 0 1 0 0 0 1 -2.86102 1.35334 -1.9112</i>
                <i>1 0 0 0 1 0 0 0 1 -2.86102 1.35334 -1.9112</i>
                <i>1 0 0 0 1 0 0 0 1 -2.86102 1.35334 -1.9112</i>
                <i>1 0 0 0 1 0 0 0 1 -2.86102 1.35334 -1.9112</i>
                <i>1 0 0 0 1 0 0 0 1 -2.86102 1.35334 -1.9112</i>
                <i>1 0 0 0 1 0 0 0 1 -2.86102 1.35334 -1.9112</i>
                <i>1 0 0 0 1 0 0 0 1 -2.86102 1.35334 -1.9112</i>
                <i>1 0 0 0 1 0 0 0 1 -2.86102 1.35334 -1.9112</i>
                <i>1 0 0 0 1 0 0 0 1 -2.86102 1.35334 -1.9112</i>
                <i>1 0 0 0 1 0 0 0 1 -2.86102 1.35334 -1.9112</i>
                <i>1 0 0 0 1 0 0 0 1 -2.86102 1.35334 -1.9112</i>
                <i>1 0 0 0 1 0 0 0 1 -2.86102 1.35334 -1.9112</i>
                <i>1 0 0 0 1 0 0 0 1 -2.86102 1.35334 -1.9112</i>
                <i>1 0 0 0 1 0 0 0 1 -2.86102 1.35334 -1.9112</i>
                <i>1 0 0 0 1 0 0 0 1 -2.86102 1.35334 -1.9112</i>
                <i>1 0 0 0 1 0 0 0 1 -2.86102 1.35334 -1.9112</i>
                <i>1 0 0 0 1 0 0 0 1 -2.86102 1.35334 -1.9112</i>
                <i>1 0 0 0 1 0 0 0 1 -2.86102 1.35334 -1.9112</i>
                <i>1 0 0 0 1 0 0 0 1 -2.86102 1.35334 -1.9112</i>
                <i>1 0 0 0 1 0 0 0 1 -2.86102 1.35334 -1.9112</i>
                <i>1 0 0 0 1 0 0 0 1 -2.86102 1.35334 -1.9112</i>
                <i>1 0 0 0 1 0 0 0 1 -2.86102 1.35334 -1.9112</i>
                <i>1 0 0 0 1 0 0 0 1 -2.86102 1.35334 -1.9112</i>
                <i>1 0 0 0 1 0 0 0 1 -2.86102 1.35334 -1.9112</i>
                <i>1 0 0 0 1 0 0 0 1 -2.86102 1.35334 -1.9112</i>
                <i>1 0 0 0 1 0 0 0 1 -2.86102 1.35334 -1.9112</i>
                <i>1 0 0 0 1 0 0 0 1 -2.86102 1.35334 -1.9112</i>
                <i>1 0 0 0 1 0 0 0 1 -2.86102 1.35334 -1.9112</i>
                <i>1 0 0 0 1 0 0 0 1 -2.86102 1.35334 -1.9112</i>
                <i>1 0 0 0 1 0 0 0 1 -2.86102 1.35334 -1.9112</i>
                <i>1 0 0 0 1 0 0 0 1 -2.86102 1.35334 -1.9112</i>
                <i>1 0 0 0 1 0 0 0 1 -2.86102 1.35334 -1.9112</i>
                <i>1 0 0 0 1 0 0 0 1 -2.86102 1.35334 -1.9112</i>
                <i>1 0 0 0 1 0 0 0 1 -2.86102 1.35334 -1.9112</i>
                <i>1 0 0 0 1 0 0 0 1 -2.86102 1.35334 -1.9112</i>
                <i>1 0 0 0 1 0 0 0 1 -2.86102 1.35334 -1.9112</i>
                <i>1 0 0 0 1 0 0 0 1 -2.86102 1.35334 -1.9112</i>
                <i>1 0 0 0 1 0 0 0 1 -2.86102 1.35334 -1.9112</i>
                <i>1 0 0 0 1 0 0 0 1 -2.86102 1.35334 -1.9112</i>
                <i>1 0 0 0 1 0 0 0 1 -2.86102 1.35334 -1.9112</i>
            </KeyFrames>
        </RefFrame>
        <Bones count="23">
            <i>
                <p>
                    <Name><![CDATA[pelvis]]></Name>
                    <Exclude>0</Exclude>
                    <Additive>0</Additive>
                    <IKPriority>0</IKPriority>
                    <IKRotLimits>-1e+010 -1e+010 -1e+010 1e+010 1e+010 1e+010</IKRotLimits>
                    <IKRotLimitOrder>2</IKRotLimitOrder>
                    <KeyFrames count="115">
                        <i>1 0 0 0 1 0 0 0 1 -4.70798 2.37348 -1.97825</i>
                        <i>1 0 0 0 1 0 0 0 1 -4.75347 2.3197 -2.0035</i>
                        <i>1 0 0 0 1 0 0 0 1 -4.72349 2.25029 -2.04156</i>
                        <i>1 0 0 0 1 0 0 0 1 -4.64515 2.22608 -2.06385</i>
                        <i>1 0 0 0 1 0 0 0 1 -4.50762 2.2952 -2.06092</i>
                        <i>1 0 0 0 1 0 0 0 1 -4.32986 2.4075 -2.05751</i>
                        <i>1 0 0 0 1 0 0 0 1 -4.17216 2.47875 -2.05545</i>
                        <i>1 0 0 0 1 0 0 0 1 -4.04251 2.49529 -2.04243</i>
                        <i>1 0 0 0 1 0 0 0 1 -3.91362 2.49936 -2.0203</i>
                        <i>1 0 0 0 1 0 0 0 1 -3.78759 2.49502 -1.99048</i>
                        <i>1 0 0 0 1 0 0 0 1 -3.66669 2.48556 -1.95602</i>
                        <i>1 0 0 0 1 0 0 0 1 -3.55305 2.47345 -1.92114</i>
                        <i>1 0 0 0 1 0 0 0 1 -3.44859 2.46071 -1.89122</i>
                        <i>1 0 0 0 1 0 0 0 1 -3.35441 2.44147 -1.86549</i>
                        <i>1 0 0 0 1 0 0 0 1 -3.26873 2.41235 -1.84282</i>
                        <i>1 0 0 0 1 0 0 0 1 -3.18914 2.37936 -1.82769</i>
                        <i>1 0 0 0 1 0 0 0 1 -3.11405 2.3486 -1.82185</i>
                        <i>1 0 0 0 1 0 0 0 1 -3.04341 2.32598 -1.82464</i>
                        <i>1 0 0 0 1 0 0 0 1 -2.97818 2.31706 -1.83446</i>
                        <i>1 0 0 0 1 0 0 0 1 -2.92551 2.32517 -1.86287</i>
                        <i>1 0 0 0 1 0 0 0 1 -2.88615 2.34511 -1.91312</i>
                        <i>1 0 0 0 1 0 0 0 1 -2.85183 2.36947 -1.97192</i>
                        <i>1 0 0 0 1 0 0 0 1 -2.81607 2.39134 -2.02352</i>
                        <i>1 0 0 0 1 0 0 0 1 -2.77282 2.40481 -2.04751</i>
                        <i>1 0 0 0 1 0 0 0 1 -2.71947 2.41004 -2.03649</i>
                        <i>1 0 0 0 1 0 0 0 1 -2.66025 2.4116 -2.00386</i>
                        <i>1 0 0 0 1 0 0 0 1 -2.59816 2.4106 -1.95744</i>
                        <i>1 0 0 0 1 0 0 0 1 -2.53635 2.40825 -1.9057</i>
                        <i>1 0 0 0 1 0 0 0 1 -2.47845 2.40588 -1.85767</i>
                        <i>1 0 0 0 1 0 0 0 1 -2.42866 2.40481 -1.82249</i>
                        <i>1 0 0 0 1 0 0 0 1 -2.38763 2.40679 -1.80229</i>
                        <i>1 0 0 0 1 0 0 0 1 -2.35293 2.41075 -1.79045</i>
                        <i>1 0 0 0 1 0 0 0 1 -2.32452 2.41372 -1.78291</i>
                        <i>1 0 0 0 1 0 0 0 1 -2.30234 2.41273 -1.77562</i>
                        <i>1 0 0 0 1 0 0 0 1 -2.28633 2.40481 -1.76452</i>
                        <i>1 0 0 0 1 0 0 0 1 -2.27693 2.38645 -1.74771</i>
                        <i>1 0 0 0 1 0 0 0 1 -2.27351 2.35951 -1.72763</i>
                        <i>1 0 0 0 1 0 0 0 1 -2.27441 2.32913 -1.70679</i>
                        <i>1 0 0 0 1 0 0 0 1 -2.27795 2.30045 -1.68768</i>
                        <i>1 0 0 0 1 0 0 0 1 -2.28249 2.27861 -1.67279</i>
                        <i>1 0 0 0 1 0 0 0 1 -2.28634 2.26877 -1.66462</i>
                        <i>1 0 0 0 1 0 0 0 1 -2.28967 2.26875 -1.66191</i>
                        <i>1 0 0 0 1 0 0 0 1 -2.29368 2.2725 -1.66149</i>
                        <i>1 0 0 0 1 0 0 0 1 -2.29823 2.27935 -1.66297</i>
                        <i>1 0 0 0 1 0 0 0 1 -2.30321 2.28859 -1.66594</i>
                        <i>1 0 0 0 1 0 0 0 1 -2.30847 2.29956 -1.67002</i>
                        <i>1 0 0 0 1 0 0 0 1 -2.31389 2.31156 -1.67479</i>
                        <i>1 0 0 0 1 0 0 0 1 -2.31931 2.3239 -1.67985</i>
                        <i>1 0 0 0 1 0 0 0 1 -2.32459 2.33591 -1.68479</i>
                        <i>1 0 0 0 1 0 0 0 1 -2.32959 2.3469 -1.68916</i>
                        <i>1 0 0 0 1 0 0 0 1 -2.33413 2.35618 -1.69256</i>
                        <i>1 0 0 0 1 0 0 0 1 -2.33807 2.36308 -1.69455</i>
                        <i>1 0 0 0 1 0 0 0 1 -2.34125 2.36691 -1.69469</i>
                        <i>1 0 0 0 1 0 0 0 1 -2.34344 2.36687 -1.69238</i>
                        <i>1 0 0 0 1 0 0 0 1 -2.34467 2.36321 -1.68773</i>
                        <i>1 0 0 0 1 0 0 0 1 -2.34511 2.35682 -1.68137</i>
                        <i>1 0 0 0 1 0 0 0 1 -2.34497 2.3486 -1.67395</i>
                        <i>1 0 0 0 1 0 0 0 1 -2.34444 2.33947 -1.6661</i>
                        <i>1 0 0 0 1 0 0 0 1 -2.34371 2.33032 -1.65847</i>
                        <i>1 0 0 0 1 0 0 0 1 -2.34296 2.32206 -1.65169</i>
                        <i>1 0 0 0 1 0 0 0 1 -2.34239 2.31558 -1.64637</i>
                        <i>1 0 0 0 1 0 0 0 1 -2.34219 2.31181 -1.64313</i>
                        <i>1 0 0 0 1 0 0 0 1 -2.34153 2.30997 -1.64095</i>
                        <i>1 0 0 0 1 0 0 0 1 -2.33968 2.30865 -1.63843</i>
                        <i>1 0 0 0 1 0 0 0 1 -2.33688 2.30779 -1.63571</i>
                        <i>1 0 0 0 1 0 0 0 1 -2.33341 2.30734 -1.63292</i>
                        <i>1 0 0 0 1 0 0 0 1 -2.32952 2.30724 -1.63017</i>
                        <i>1 0 0 0 1 0 0 0 1 -2.32548 2.30742 -1.62759</i>
                        <i>1 0 0 0 1 0 0 0 1 -2.32152 2.30784 -1.6253</i>
                        <i>1 0 0 0 1 0 0 0 1 -2.31791 2.30844 -1.6234</i>
                        <i>1 0 0 0 1 0 0 0 1 -2.3149 2.30915 -1.62202</i>
                        <i>1 0 0 0 1 0 0 0 1 -2.31271 2.30991 -1.62125</i>
                        <i>1 0 0 0 1 0 0 0 1 -2.31162 2.31067 -1.62121</i>
                        <i>1 0 0 0 1 0 0 0 1 -2.31185 2.31136 -1.62202</i>
                        <i>1 0 0 0 1 0 0 0 1 -2.31366 2.31192 -1.62378</i>
                        <i>1 0 0 0 1 0 0 0 1 -2.31732 2.31231 -1.62663</i>
                        <i>1 0 0 0 1 0 0 0 1 -2.3231 2.31245 -1.63069</i>
                        <i>1 0 0 0 1 0 0 0 1 -2.33128 2.3123 -1.63614</i>
                        <i>1 0 0 0 1 0 0 0 1 -2.34219 2.31181 -1.64313</i>
                        <i>1 0 0 0 1 0 0 0 1 -2.35901 2.31006 -1.65416</i>
                        <i>1 0 0 0 1 0 0 0 1 -2.38409 2.30662 -1.67125</i>
                        <i>1 0 0 0 1 0 0 0 1 -2.41635 2.30216 -1.69403</i>
                        <i>1 0 0 0 1 0 0 0 1 -2.45446 2.29722 -1.72204</i>
                        <i>1 0 0 0 1 0 0 0 1 -2.49672 2.29236 -1.75455</i>
                        <i>1 0 0 0 1 0 0 0 1 -2.54111 2.28812 -1.79034</i>
                        <i>1 0 0 0 1 0 0 0 1 -2.58545 2.28514 -1.82761</i>
                        <i>1 0 0 0 1 0 0 0 1 -2.62758 2.28415 -1.86397</i>
                        <i>1 0 0 0 1 0 0 0 1 -2.66549 2.28593 -1.89659</i>
                        <i>1 0 0 0 1 0 0 0 1 -2.69746 2.29122 -1.92235</i>
                        <i>1 0 0 0 1 0 0 0 1 -2.72496 2.30245 -1.93958</i>
                        <i>1 0 0 0 1 0 0 0 1 -2.75045 2.32026 -1.9488</i>
                        <i>1 0 0 0 1 0 0 0 1 -2.774 2.34266 -1.95066</i>
                        <i>1 0 0 0 1 0 0 0 1 -2.79567 2.36763 -1.94637</i>
                        <i>1 0 0 0 1 0 0 0 1 -2.81547 2.39313 -1.93777</i>
                        <i>1 0 0 0 1 0 0 0 1 -2.83323 2.41705 -1.92721</i>
                        <i>1 0 0 0 1 0 0 0 1 -2.84858 2.4372 -1.9174</i>
                        <i>1 0 0 0 1 0 0 0 1 -2.86102 2.45132 -1.9112</i>
                        <i>1 0 0 0 1 0 0 0 1 -2.86932 2.45924 -1.90849</i>
                        <i>1 0 0 0 1 0 0 0 1 -2.87325 2.46297 -1.90716</i>
                        <i>1 0 0 0 1 0 0 0 1 -2.87376 2.46346 -1.90698</i>
                        <i>1 0 0 0 1 0 0 0 1 -2.87188 2.46168 -1.90763</i>
                        <i>1 0 0 0 1 0 0 0 1 -2.86864 2.4586 -1.90872</i>
                        <i>1 0 0 0 1 0 0 0 1 -2.86508 2.4552 -1.9099</i>
                        <i>1 0 0 0 1 0 0 0 1 -2.8622 2.45245 -1.91083</i>
                        <i>1 0 0 0 1 0 0 0 1 -2.86102 2.45132 -1.9112</i>
                        <i>1 0 0 0 1 0 0 0 1 -2.86102 2.45132 -1.9112</i>
                        <i>1 0 0 0 1 0 0 0 1 -2.86102 2.45132 -1.9112</i>
                        <i>1 0 0 0 1 0 0 0 1 -2.86102 2.45132 -1.9112</i>
                        <i>1 0 0 0 1 0 0 0 1 -2.86102 2.45132 -1.9112</i>
                        <i>1 0 0 0 1 0 0 0 1 -2.86102 2.45132 -1.9112</i>
                        <i>1 0 0 0 1 0 0 0 1 -2.86102 2.45132 -1.9112</i>
                        <i>1 0 0 0 1 0 0 0 1 -2.86102 2.45132 -1.9112</i>
                        <i>1 0 0 0 1 0 0 0 1 -2.86102 2.45132 -1.9112</i>
                        <i>1 0 0 0 1 0 0 0 1 -2.86102 2.45132 -1.9112</i>
                        <i>1 0 0 0 1 0 0 0 1 -2.86102 2.45132 -1.9112</i>
                    </KeyFrames>
                </p>
            </i>
            <i>
                <p>
                    <Name><![CDATA[spine0]]></Name>
                    <Exclude>0</Exclude>
                    <Additive>0</Additive>
                    <IKPriority>0</IKPriority>
                    <IKRotLimits>-1e+010 -1e+010 -1e+010 1e+010 1e+010 1e+010</IKRotLimits>
                    <IKRotLimitOrder>0</IKRotLimitOrder>
                    <KeyFrames count="115">
                        <i>0.3214 0.884 0.33948 -0.789512 0.05221 0.611511 0.522851 -0.464563 0.714708 -4.71817 2.51446 -2.005</i>
                        <i>0.349266 0.867368 0.354523 -0.788767 0.0679082 0.610929 0.505825 -0.493013 0.707869 -4.75857 2.46108 -2.02962</i>
                        <i>0.375821 0.844912 0.380635 -0.810819 0.100928 0.576529 0.448699 -0.525298 0.723001 -4.71925 2.39186 -2.06678</i>
                        <i>0.386818 0.830964 0.399839 -0.844903 0.145642 0.51471 0.369472 -0.536924 0.758421 -4.6334 2.36739 -2.08814</i>
                        <i>0.395909 0.824085 0.405143 -0.884287 0.223191 0.410148 0.247573 -0.520644 0.817091 -4.48923 2.43589 -2.08465</i>
                        <i>0.396862 0.81768 0.417012 -0.912631 0.303011 0.274387 0.0980012 -0.489472 0.866494 -4.30495 2.54747 -2.07952</i>
                        <i>0.352131 0.829659 0.433208 -0.935925 0.315528 0.156479 -0.0068653 -0.460552 0.887606 -4.14652 2.61881 -2.07598</i>
                        <i>0.255554 0.863352 0.435104 -0.965178 0.253848 0.0631914 -0.055894 -0.436102 0.89816 -4.0223 2.63605 -2.06422</i>
                        <i>0.132488 0.897886 0.419818 -0.987231 0.157329 -0.0249329 -0.0884364 -0.411154 0.907266 -3.90108 2.64049 -2.04519</i>
                        <i>-0.000368326 0.922302 0.386469 -0.993809 0.0425989 -0.102609 -0.111099 -0.384114 0.916577 -3.78347 2.63583 -2.01969</i>
                        <i>-0.124303 0.93216 0.340038 -0.983431 -0.070163 -0.167157 -0.131959 -0.355182 0.925436 -3.67035 2.62532 -1.98991</i>
                        <i>-0.22225 0.930799 0.290204 -0.9619 -0.160717 -0.221177 -0.15923 -0.328304 0.931054 -3.56263 2.61192 -1.95896</i>
                        <i>-0.281553 0.926637 0.249141 -0.938622 -0.212042 -0.272078 -0.199289 -0.310454 0.929463 -3.46127 2.59836 -1.93106</i>
                        <i>-0.304189 0.925938 0.223847 -0.915736 -0.21948 -0.336536 -0.262482 -0.307355 0.914678 -3.36722 2.57934 -1.90452</i>
                        <i>-0.303654 0.928394 0.214194 -0.889164 -0.195355 -0.413792 -0.342318 -0.316103 0.884815 -3.28004 2.55124 -1.87857</i>
                        <i>-0.287901 0.931956 0.220388 -0.860725 -0.150924 -0.486183 -0.41984 -0.329666 0.845609 -3.19858 2.51954 -1.85859</i>
                        <i>-0.26372 0.934865 0.237653 -0.836905 -0.0992509 -0.538274 -0.479627 -0.340847 0.808568 -3.12203 2.48992 -1.84759</i>
                        <i>-0.235087 0.937566 0.256328 -0.827515 -0.0547256 -0.558771 -0.509857 -0.343475 0.788715 -3.05049 2.46802 -1.84632</i>
                        <i>-0.203881 0.942659 0.264247 -0.842046 -0.0311661 -0.538504 -0.49939 -0.332299 0.800117 -2.98481 2.45935 -1.85461</i>
                        <i>-0.159527 0.954945 0.250263 -0.88882 -0.0286198 -0.457361 -0.429592 -0.2954 0.85334 -2.931 2.46716 -1.88537</i>
                        <i>-0.102702 0.970393 0.21861 -0.950291 -0.0307744 -0.309838 -0.293937 -0.239564 0.925316 -2.89041 2.48622 -1.94079</i>
                        <i>-0.0506502 0.981693 0.183612 -0.993121 -0.0300744 -0.113162 -0.105568 -0.188081 0.976463 -2.8571 2.50939 -2.00494</i>
                        <i>-0.0123499 0.987168 0.15921 -0.994388 -0.0288557 0.101783 0.105071 -0.157059 0.981984 -2.82545 2.53035 -2.05938</i>
                        <i>0.0111616 0.988288 0.152191 -0.954299 -0.0349289 0.296806 0.298646 -0.148549 0.942732 -2.78866 2.54356 -2.0821</i>
                        <i>0.0251591 0.987401 0.156225 -0.877716 -0.0529859 0.476243 0.47852 -0.149103 0.865325 -2.74362 2.54876 -2.06595</i>
                        <i>0.036674 0.986863 0.157344 -0.755716 -0.0756337 0.650517 0.653872 -0.142765 0.743014 -2.69331 2.5499 -2.02566</i>
                        <i>0.0463245 0.988043 0.147058 -0.597599 -0.0905551 0.796665 0.800456 -0.124787 0.586259 -2.63878 2.54798 -1.97064</i>
                        <i>0.0525026 0.99098 0.123296 -0.424947 -0.0895592 0.900777 0.903694 -0.0996874 0.416412 -2.58218 2.54451 -1.91106</i>
                        <i>0.0554017 0.994298 0.0911156 -0.264998 -0.0733405 0.961456 0.962656 -0.0774117 0.259424 -2.527 2.5413 -1.8571</i>
                        <i>0.0598088 0.996372 0.0605501 -0.143002 -0.0514806 0.988383 0.987914 -0.0677727 0.139404 -2.4776 2.54003 -1.81836</i>
                        <i>0.0776469 0.995912 0.0461643 -0.0836622 -0.0396319 0.995706 0.993464 -0.0811757 0.0802428 -2.43422 2.54278 -1.79643</i>
                        <i>0.110152 0.992629 0.0505388 -0.0815454 -0.0416511 0.995799 0.990564 -0.11381 0.0763564 -2.39504 2.54815 -1.78376</i>
                        <i>0.146618 0.98693 0.0668763 -0.112023 -0.050606 0.992416 0.98283 -0.152997 0.103139 -2.36153 2.55255 -1.77569</i>
                        <i>0.175912 0.980852 0.083573 -0.150674 -0.0570686 0.986935 0.972806 -0.186206 0.13775 -2.3351 2.55262 -1.7683</i>
                        <i>0.188941 0.978333 0.0846569 -0.173032 -0.0516924 0.983559 0.966624 -0.200483 0.159516 -2.31713 2.54521 -1.75837</i>
                        <i>0.183541 0.98085 0.0651625 -0.177961 -0.0320388 0.983516 0.966769 -0.192112 0.168672 -2.30841 2.52679 -1.74467</i>
                        <i>0.166442 0.985454 0.0343113 -0.180238 -0.00380529 0.983616 0.969439 -0.169899 0.176983 -2.30728 2.49935 -1.72918</i>
                        <i>0.142877 0.989738 -0.00201498 -0.179406 0.0279007 0.983379 0.973345 -0.14014 0.181551 -2.31138 2.468 -1.71344</i>
                        <i>0.118087 0.992288 -0.0376786 -0.176505 0.0583144 0.982571 0.977191 -0.109378 0.18203 -2.31836 2.43805 -1.69909</i>
                        <i>0.0975753 0.992965 -0.0670837 -0.174119 0.0833981 0.981187 0.979878 -0.084059 0.181032 -2.32582 2.41495 -1.68802</i>
                        <i>0.0871488 0.992527 -0.0854069 -0.175827 0.0997122 0.979358 0.980556 -0.070333 0.183203 -2.33138 2.40425 -1.6823</i>
                        <i>0.0850007 0.991799 -0.0954485 -0.182226 0.109654 0.977123 0.979576 -0.065663 0.190052 -2.33542 2.40378 -1.68115</i>
                        <i>0.0851727 0.990994 -0.103323 -0.191078 0.118021 0.974454 0.977873 -0.0632542 0.19941 -2.3399 2.40716 -1.68213</i>
                        <i>0.0873186 0.990178 -0.109192 -0.201888 0.124925 0.971409 0.975508 -0.0627776 0.210813 -2.34471 2.41372 -1.68484</i>
                        <i>0.0910689 0.989393 -0.113171 -0.214119 0.13044 0.968059 0.972553 -0.0639279 0.223727 -2.34977 2.42276 -1.68889</i>
                        <i>0.0960371 0.988666 -0.115393 -0.227205 0.134642 0.964494 0.9691 -0.0664094 0.237561 -2.35497 2.43359 -1.69387</i>
                        <i>0.101828 0.98801 -0.116047 -0.24056 0.137647 0.960825 0.965278 -0.0699224 0.251692 -2.36021 2.44552 -1.69937</i>
                        <i>0.108047 0.987423 -0.115416 -0.25359 0.13963 0.957181 0.961259 -0.0741518 0.265487 -2.3654 2.45784 -1.705</i>
                        <i>0.114309 0.986895 -0.113892 -0.265699 0.140838 0.953713 0.957255 -0.0787572 0.278316 -2.37041 2.46987 -1.71034</i>
                        <i>0.120248 0.986409 -0.11197 -0.276302 0.141586 0.950584 0.953518 -0.0833685 0.289573 -2.37515 2.48088 -1.715</i>
                        <i>0.125515 0.985949 -0.110233 -0.284825 0.142246 0.947967 0.950327 -0.0875869 0.298677 -2.37949 2.4902 -1.7186</i>
                        <i>0.129776 0.985498 -0.10932 -0.290703 0.143224 0.946033 0.947971 -0.0909931 0.305075 -2.3833 2.49711 -1.72076</i>
                        <i>0.132704 0.985046 -0.109877 -0.293375 0.144928 0.944948 0.946742 -0.0931633 0.308221 -2.38646 2.50091 -1.72107</i>
                        <i>0.134307 0.984652 -0.111453 -0.291105 0.146714 0.945374 0.947217 -0.0945258 0.306342 -2.38875 2.50084 -1.71877</i>
                        <i>0.134937 0.984377 -0.113113 -0.283452 0.147735 0.947539 0.949446 -0.0957962 0.298959 -2.39012 2.49718 -1.71381</i>
                        <i>0.134784 0.984212 -0.114715 -0.271784 0.148052 0.950902 0.952873 -0.0969885 0.287448 -2.39076 2.49084 -1.70688</i>
                        <i>0.134046 0.984148 -0.116118 -0.257471 0.147739 0.954925 0.956943 -0.0981073 0.273193 -2.39083 2.4827 -1.69871</i>
                        <i>0.132935 0.984168 -0.117223 -0.241897 0.146913 0.959116 0.961152 -0.0991444 0.257597 -2.39049 2.47365 -1.69001</i>
                        <i>0.131666 0.984247 -0.117993 -0.226464 0.145747 0.963053 0.965079 -0.100081 0.242086 -2.38994 2.46459 -1.68149</i>
                        <i>0.130456 0.984351 -0.118463 -0.212588 0.144477 0.966402 0.968394 -0.100889 0.228109 -2.38933 2.45642 -1.67389</i>
                        <i>0.129516 0.984444 -0.118729 -0.201695 0.143389 0.968896 0.970848 -0.10154 0.217128 -2.38887 2.45001 -1.66792</i>
                        <i>0.129053 0.984481 -0.11892 -0.195211 0.142797 0.97031 0.972233 -0.102007 0.21061 -2.38873 2.44628 -1.6643</i>
                        <i>0.12837 0.984561 -0.118998 -0.190278 0.142213 0.971375 0.973301 -0.102053 0.205596 -2.38812 2.44447 -1.66182</i>
                        <i>0.12677 0.984788 -0.118837 -0.183418 0.14101 0.972869 0.974827 -0.101534 0.198503 -2.38634 2.44319 -1.65888</i>
                        <i>0.124461 0.985131 -0.118431 -0.175136 0.139296 0.97464 0.976646 -0.100564 0.189869 -2.38362 2.44238 -1.65565</i>
                        <i>0.121651 0.98556 -0.117785 -0.165939 0.13719 0.976547 0.978604 -0.0992529 0.180232 -2.38024 2.44198 -1.65228</i>
                        <i>0.118545 0.98604 -0.116924 -0.156334 0.13482 0.97846 0.980564 -0.0977124 0.170134 -2.37643 2.44194 -1.64892</i>
                        <i>0.115346 0.986541 -0.115897 -0.146832 0.132328 0.98027 0.982413 -0.0960525 0.16012 -2.37246 2.44218 -1.64572</i>
                        <i>0.11225 0.987029 -0.114779 -0.137945 0.129869 0.981889 0.984058 -0.0943838 0.150733 -2.36857 2.44266 -1.64284</i>
                        <i>0.10945 0.987471 -0.11367 -0.130183 0.127612 0.983243 0.98543 -0.0928182 0.142519 -2.36501 2.4433 -1.64043</i>
                        <i>0.107133 0.987838 -0.112687 -0.12406 0.125735 0.984276 0.986474 -0.0914685 0.136021 -2.36203 2.44405 -1.63864</i>
                        <i>0.105482 0.988099 -0.111956 -0.120086 0.124417 0.984936 0.987144 -0.0904483 0.13178 -2.35987 2.44484 -1.6376</i>
                        <i>0.10468 0.988224 -0.111602 -0.118772 0.123838 0.985169 0.987388 -0.0898719 0.130337 -2.35878 2.4456 -1.63747</i>
                        <i>0.104915 0.988185 -0.111727 -0.12063 0.124163 0.984902 0.987138 -0.0898529 0.132231 -2.359 2.44628 -1.6384</i>
                        <i>0.106383 0.987952 -0.112395 -0.126169 0.125535 0.984034 0.986288 -0.0905033 0.138004 -2.36078 2.44681 -1.64053</i>
                        <i>0.109295 0.987496 -0.113605 -0.135899 0.128062 0.982411 0.984676 -0.0919333 0.148196 -2.36438 2.44714 -1.64402</i>
                        <i>0.113878 0.986785 -0.115267 -0.150324 0.1318 0.979812 0.982056 -0.0942519 0.163346 -2.37005 2.44719 -1.64903</i>
                        <i>0.120379 0.98579 -0.117163 -0.169937 0.136742 0.975922 0.978075 -0.0975699 0.183983 -2.37807 2.44692 -1.65573</i>
                        <i>0.129053 0.984481 -0.11892 -0.195211 0.142797 0.97031 0.972233 -0.102007 0.21061 -2.38873 2.44628 -1.6643</i>
                        <i>0.144349 0.982181 -0.120346 -0.233641 0.152011 0.960367 0.961548 -0.11051 0.251421 -2.40516 2.44429 -1.67756</i>
                        <i>0.169061 0.978441 -0.118625 -0.289625 0.164362 0.942922 0.942091 -0.125055 0.311168 -2.4296 2.44053 -1.69761</i>
                        <i>0.200429 0.973607 -0.109165 -0.358616 0.176602 0.916628 0.911714 -0.14457 0.384548 -2.46085 2.43573 -1.7236</i>
                        <i>0.234755 0.968037 -0.088284 -0.435652 0.185967 0.880695 0.868963 -0.168287 0.465384 -2.49753 2.43056 -1.75463</i>
                        <i>0.267601 0.961998 -0.0543196 -0.515619 0.190599 0.83535 0.813958 -0.195532 0.547028 -2.53802 2.42563 -1.7896</i>
                        <i>0.294479 0.955622 -0.00826674 -0.593706 0.189718 0.781998 0.748863 -0.225373 0.623227 -2.58039 2.42155 -1.82705</i>
                        <i>0.311767 0.949034 0.0462208 -0.665889 0.183533 0.723123 0.677785 -0.256224 0.689171 -2.62263 2.41896 -1.86511</i>
                        <i>0.317443 0.942622 0.103415 -0.729276 0.172968 0.661996 0.606124 -0.285564 0.742339 -2.66268 2.41852 -1.90151</i>
                        <i>0.311357 0.93733 0.15643 -0.782207 0.159311 0.602305 0.539637 -0.309892 0.782789 -2.69859 2.42093 -1.93367</i>
                        <i>0.29497 0.934738 0.198133 -0.824093 0.143925 0.547865 0.483594 -0.324884 0.812765 -2.72861 2.42684 -1.95883</i>
                        <i>0.266715 0.937472 0.22363 -0.858738 0.125823 0.496727 0.437529 -0.324524 0.838601 -2.75376 2.4387 -1.9757</i>
                        <i>0.227396 0.945676 0.232351 -0.889601 0.10468 0.444581 0.396107 -0.307796 0.865079 -2.77627 2.45711 -1.98489</i>
                        <i>0.182611 0.957079 0.225062 -0.916174 0.0825833 0.39218 0.35676 -0.277812 0.891932 -2.79638 2.48005 -1.98697</i>
                        <i>0.137436 0.969201 0.204357 -0.938127 0.0611618 0.340846 0.317849 -0.238557 0.917639 -2.81439 2.50546 -1.98308</i>
                        <i>0.0960215 0.979938 0.174646 -0.955436 0.0415336 0.29226 0.279143 -0.194926 0.940257 -2.83055 2.53128 -1.97495</i>
                        <i>0.0612298 0.988018 0.141676 -0.968398 0.0244221 0.248211 0.241777 -0.152396 0.95829 -2.84494 2.55541 -1.96482</i>
                        <i>0.0346173 0.993121 0.111857 -0.977558 0.010376 0.21041 0.207802 -0.116631 0.971193 -2.85748 2.57569 -1.95529</i>
                        <i>0.0168284 0.99564 0.0917486 -0.983592 -2.22045e-016 0.180409 0.179623 -0.0932792 0.979303 -2.86797 2.58992 -1.94911</i>
                        <i>0.00686366 0.996647 0.0815345 -0.986977 -0.00635258 0.160736 0.160715 -0.081576 0.983624 -2.87519 2.59793 -1.94627</i>
                        <i>0.00232096 0.997059 0.0766089 -0.988419 -0.00933691 0.151464 0.151734 -0.0760732 0.98549 -2.8786 2.6017 -1.94486</i>
                        <i>0.00173481 0.997109 0.0759602 -0.9886 -0.00972637 0.150253 0.150558 -0.0753549 0.985725 -2.87905 2.60219 -1.94468</i>
                        <i>0.0038912 0.99692 0.0783315 -0.987928 -0.0082986 0.154692 0.154866 -0.0779878 0.984853 -2.87741 2.60039 -1.94536</i>
                        <i>0.00766249 0.996571 0.0823826 -0.986717 -0.00583381 0.162346 0.16227 -0.0825323 0.983289 -2.87459 2.59728 -1.9465</i>
                        <i>0.0118992 0.996155 0.0867938 -0.985303 -0.00311095 0.170788 0.170401 -0.0875504 0.981478 -2.87149 2.59384 -1.94774</i>
                        <i>0.0153811 0.995795 0.090313 -0.984101 -0.000907328 0.177606 0.176941 -0.0916089 0.979949 -2.869 2.59106 -1.94871</i>
                        <i>0.0168284 0.99564 0.0917486 -0.983592 -2.22045e-016 0.180409 0.179623 -0.0932792 0.979303 -2.86797 2.58992 -1.94911</i>
                        <i>0.0168284 0.99564 0.0917486 -0.983592 -2.22045e-016 0.180409 0.179623 -0.0932792 0.979303 -2.86797 2.58992 -1.94911</i>
                        <i>0.0168284 0.99564 0.0917486 -0.983592 -2.22045e-016 0.180409 0.179623 -0.0932792 0.979303 -2.86797 2.58992 -1.94911</i>
                        <i>0.0168284 0.99564 0.0917486 -0.983592 -2.22045e-016 0.180409 0.179623 -0.0932792 0.979303 -2.86797 2.58992 -1.94911</i>
                        <i>0.0168284 0.99564 0.0917486 -0.983592 -2.22045e-016 0.180409 0.179623 -0.0932792 0.979303 -2.86797 2.58992 -1.94911</i>
                        <i>0.0168284 0.99564 0.0917486 -0.983592 -2.22045e-016 0.180409 0.179623 -0.0932792 0.979303 -2.86797 2.58992 -1.94911</i>
                        <i>0.0168284 0.99564 0.0917486 -0.983592 -2.22045e-016 0.180409 0.179623 -0.0932792 0.979303 -2.86797 2.58992 -1.94911</i>
                        <i>0.0168284 0.99564 0.0917486 -0.983592 -2.22045e-016 0.180409 0.179623 -0.0932792 0.979303 -2.86797 2.58992 -1.94911</i>
                        <i>0.0168284 0.99564 0.0917486 -0.983592 -2.22045e-016 0.180409 0.179623 -0.0932792 0.979303 -2.86797 2.58992 -1.94911</i>
                        <i>0.0168284 0.99564 0.0917486 -0.983592 -2.22045e-016 0.180409 0.179623 -0.0932792 0.979303 -2.86797 2.58992 -1.94911</i>
                        <i>0.0168284 0.99564 0.0917486 -0.983592 -2.22045e-016 0.180409 0.179623 -0.0932792 0.979303 -2.86797 2.58992 -1.94911</i>
                    </KeyFrames>
                </p>
            </i>
            <i>
                <p>
                    <Name><![CDATA[spine1]]></Name>
                    <Exclude>0</Exclude>
                    <Additive>0</Additive>
                    <IKPriority>0</IKPriority>
                    <IKRotLimits>-1e+010 -1e+010 -1e+010 1e+010 1e+010 1e+010</IKRotLimits>
                    <IKRotLimitOrder>0</IKRotLimitOrder>
                    <KeyFrames count="115">
                        <i>0.46064 0.524844 0.715786 -0.857492 0.0549313 0.511556 0.229168 -0.849424 0.475353 -4.66161 2.67008 -1.94526</i>
                        <i>0.469231 0.495151 0.731196 -0.860172 0.068924 0.505325 0.199815 -0.866069 0.458256 -4.69698 2.61409 -1.96711</i>
                        <i>0.454277 0.465737 0.759422 -0.880005 0.101927 0.463899 0.138649 -0.879034 0.456154 -4.65289 2.54108 -1.99958</i>
                        <i>0.42686 0.452824 0.782778 -0.901987 0.151084 0.404467 0.064887 -0.878706 0.472933 -4.56529 2.51374 -2.01775</i>
                        <i>0.393295 0.455578 0.798604 -0.918629 0.230565 0.320875 -0.0379469 -0.859819 0.509187 -4.42006 2.5799 -2.01388</i>
                        <i>0.345106 0.467717 0.813722 -0.926648 0.307508 0.216247 -0.149084 -0.828662 0.539531 -4.23577 2.69002 -2.00683</i>
                        <i>0.27003 0.495809 0.825383 -0.941004 0.317468 0.117153 -0.203948 -0.808324 0.552285 -4.08504 2.76367 -2.00036</i>
                        <i>0.160417 0.539694 0.826436 -0.967086 0.253483 0.0221838 -0.197515 -0.802793 0.562593 -3.97772 2.78665 -1.98835</i>
                        <i>0.0288916 0.584713 0.810726 -0.985119 0.154131 -0.076056 -0.169429 -0.796464 0.580465 -3.87795 2.79728 -1.9719</i>
                        <i>-0.108259 0.622007 0.775491 -0.985237 0.0369365 -0.167166 -0.132622 -0.78214 0.608826 -3.78354 2.7977 -1.95189</i>
                        <i>-0.234347 0.647621 0.72503 -0.966786 -0.076996 -0.243713 -0.102009 -0.758062 0.644155 -3.69234 2.79028 -1.92977</i>
                        <i>-0.335548 0.66281 0.669396 -0.937723 -0.167194 -0.304503 -0.0899087 -0.729883 0.677633 -3.60225 2.77788 -1.90726</i>
                        <i>-0.40183 0.672218 0.621817 -0.909905 -0.216739 -0.353691 -0.102986 -0.707918 0.698746 -3.51151 2.76373 -1.88664</i>
                        <i>-0.437522 0.678896 0.58964 -0.887357 -0.219862 -0.405289 -0.14551 -0.700543 0.698617 -3.4209 2.74278 -1.86504</i>
                        <i>-0.452268 0.683865 0.572522 -0.867392 -0.187865 -0.460801 -0.207569 -0.705007 0.678145 -3.33257 2.71187 -1.84152</i>
                        <i>-0.446612 0.688175 0.571798 -0.852165 -0.132405 -0.506244 -0.272675 -0.713361 0.645573 -3.24729 2.67721 -1.82129</i>
                        <i>-0.422321 0.692983 0.584312 -0.845233 -0.0681946 -0.530029 -0.327454 -0.717722 0.614532 -3.16582 2.64508 -1.80811</i>
                        <i>-0.38189 0.701719 0.601457 -0.850646 -0.0124428 -0.525592 -0.361334 -0.712345 0.601666 -3.08906 2.62172 -1.80426</i>
                        <i>-0.328514 0.720348 0.610883 -0.871608 0.0179373 -0.489875 -0.363838 -0.693381 0.621969 -3.01812 2.61321 -1.81144</i>
                        <i>-0.253564 0.759768 0.598713 -0.911743 0.0190558 -0.410319 -0.323156 -0.649915 0.687881 -2.95717 2.62368 -1.84431</i>
                        <i>-0.158076 0.810318 0.564266 -0.960446 0.00649445 -0.27839 -0.229249 -0.585954 0.77724 -2.90745 2.64714 -1.90451</i>
                        <i>-0.0599784 0.852386 0.519462 -0.994853 -0.00846692 -0.100975 -0.0816712 -0.522845 0.848506 -2.86564 2.67485 -1.97398</i>
                        <i>0.0294674 0.877767 0.47818 -0.994634 -0.0217128 0.10115 0.0991691 -0.478595 0.872417 -2.82757 2.69947 -2.0321</i>
                        <i>0.10682 0.887673 0.447913 -0.954299 -0.0349289 0.296806 0.279112 -0.459148 0.843374 -2.78673 2.7147 -2.05575</i>
                        <i>0.18132 0.89012 0.418102 -0.870569 -0.0524668 0.489242 0.45742 -0.452695 0.765398 -2.73925 2.72044 -2.0388</i>
                        <i>0.255396 0.894211 0.367642 -0.730564 -0.0705812 0.679187 0.633285 -0.442047 0.635252 -2.68694 2.72164 -1.99829</i>
                        <i>0.316551 0.90314 0.290058 -0.544403 -0.0774375 0.835241 0.776801 -0.422305 0.467159 -2.63074 2.71974 -1.94508</i>
                        <i>0.354645 0.914994 0.192388 -0.339491 -0.0657063 0.938312 0.871191 -0.398081 0.287329 -2.57308 2.71646 -1.88967</i>
                        <i>0.369143 0.924753 0.0925458 -0.150822 -0.0386506 0.987805 0.917053 -0.3786 0.125206 -2.51741 2.71353 -1.84132</i>
                        <i>0.371301 0.928426 0.0126785 -0.00957273 -0.00982622 0.999906 0.928463 -0.371387 0.00523909 -2.46726 2.71249 -1.80788</i>
                        <i>0.383528 0.923198 -0.0247169 0.0586098 0.00237856 0.998278 0.921668 -0.384316 -0.0531962 -2.42079 2.71515 -1.78844</i>
                        <i>0.413118 0.910402 -0.022386 0.0630092 -0.00405192 0.998005 0.908495 -0.413704 -0.0590377 -2.37599 2.71995 -1.77502</i>
                        <i>0.448579 0.893736 0.00344821 0.0307599 -0.0192945 0.999341 0.893214 -0.448177 -0.0361463 -2.33617 2.72337 -1.76411</i>
                        <i>0.477244 0.878156 0.0328572 -0.0113141 -0.0312467 0.999448 0.878698 -0.477352 -0.00497676 -2.30466 2.72239 -1.75384</i>
                        <i>0.489868 0.870779 0.042106 -0.0356073 -0.028273 0.998966 0.871069 -0.490861 0.0171561 -2.28443 2.71454 -1.74372</i>
                        <i>0.484945 0.874148 0.0263397 -0.0402946 -0.00775257 0.999158 0.873616 -0.485598 0.0314639 -2.27666 2.69653 -1.7334</i>
                        <i>0.469117 0.883136 -0.00058793 -0.0420704 0.0230126 0.99885 0.882133 -0.468553 0.0479495 -2.2785 2.66981 -1.72325</i>
