<?xml version="1.0" encoding="ISO-8859-1" ?>
<Animl Version="1">
    <ModellingPackage><![CDATA[Maya.2010]]></ModellingPackage>
    <SrcFile><![CDATA[anims\turrets\artillery\red\~src\artillery_d30\artillery_d30_fire_crewman_b.mb]]></SrcFile>
    <FramesPerSecond>30</FramesPerSecond>
    <TotalFrames>75</TotalFrames>
    <Skeleton>
        <RefFrame>
            <Name><![CDATA[soldier_ref_frame]]></Name>
            <Exclude>0</Exclude>
            <Additive>0</Additive>
            <IKPriority>0</IKPriority>
            <IKRotLimits>-1e+010 -1e+010 -1e+010 1e+010 1e+010 1e+010</IKRotLimits>
            <IKRotLimitOrder>0</IKRotLimitOrder>
            <KeyFrames count="75">
                <i>1 0 0 0 1 0 0 0 1 -1.16931 1.35334 -3.24053</i>
                <i>1 0 0 0 1 0 0 0 1 -1.16931 1.35334 -3.24053</i>
                <i>1 0 0 0 1 0 0 0 1 -1.16931 1.35334 -3.24053</i>
                <i>1 0 0 0 1 0 0 0 1 -1.16931 1.35334 -3.24053</i>
                <i>1 0 0 0 1 0 0 0 1 -1.16931 1.35334 -3.24053</i>
                <i>1 0 0 0 1 0 0 0 1 -1.16931 1.35334 -3.24053</i>
                <i>1 0 0 0 1 0 0 0 1 -1.16931 1.35334 -3.24053</i>
                <i>1 0 0 0 1 0 0 0 1 -1.16931 1.35334 -3.24053</i>
                <i>1 0 0 0 1 0 0 0 1 -1.16931 1.35334 -3.24053</i>
                <i>1 0 0 0 1 0 0 0 1 -1.16931 1.35334 -3.24053</i>
                <i>1 0 0 0 1 0 0 0 1 -1.16931 1.35334 -3.24053</i>
                <i>1 0 0 0 1 0 0 0 1 -1.16931 1.35334 -3.24053</i>
                <i>1 0 0 0 1 0 0 0 1 -1.16931 1.35334 -3.24053</i>
                <i>1 0 0 0 1 0 0 0 1 -1.16931 1.35334 -3.24053</i>
                <i>1 0 0 0 1 0 0 0 1 -1.16931 1.35334 -3.24053</i>
                <i>1 0 0 0 1 0 0 0 1 -1.16931 1.35334 -3.24053</i>
                <i>1 0 0 0 1 0 0 0 1 -1.16931 1.35334 -3.24053</i>
                <i>1 0 0 0 1 0 0 0 1 -1.16931 1.35334 -3.24053</i>
                <i>1 0 0 0 1 0 0 0 1 -1.16931 1.35334 -3.24053</i>
                <i>1 0 0 0 1 0 0 0 1 -1.16931 1.35334 -3.24053</i>
                <i>1 0 0 0 1 0 0 0 1 -1.16931 1.35334 -3.24053</i>
                <i>1 0 0 0 1 0 0 0 1 -1.16931 1.35334 -3.24053</i>
                <i>1 0 0 0 1 0 0 0 1 -1.16931 1.35334 -3.24053</i>
                <i>1 0 0 0 1 0 0 0 1 -1.16931 1.35334 -3.24053</i>
                <i>1 0 0 0 1 0 0 0 1 -1.16931 1.35334 -3.24053</i>
                <i>1 0 0 0 1 0 0 0 1 -1.16931 1.35334 -3.24053</i>
                <i>1 0 0 0 1 0 0 0 1 -1.16931 1.35334 -3.24053</i>
                <i>1 0 0 0 1 0 0 0 1 -1.16931 1.35334 -3.24053</i>
                <i>1 0 0 0 1 0 0 0 1 -1.16931 1.35334 -3.24053</i>
                <i>1 0 0 0 1 0 0 0 1 -1.16931 1.35334 -3.24053</i>
                <i>1 0 0 0 1 0 0 0 1 -1.16931 1.35334 -3.24053</i>
                <i>1 0 0 0 1 0 0 0 1 -1.16931 1.35334 -3.24053</i>
                <i>1 0 0 0 1 0 0 0 1 -1.16931 1.35334 -3.24053</i>
                <i>1 0 0 0 1 0 0 0 1 -1.16931 1.35334 -3.24053</i>
                <i>1 0 0 0 1 0 0 0 1 -1.16931 1.35334 -3.24053</i>
                <i>1 0 0 0 1 0 0 0 1 -1.16931 1.35334 -3.24053</i>
                <i>1 0 0 0 1 0 0 0 1 -1.16931 1.35334 -3.24053</i>
                <i>1 0 0 0 1 0 0 0 1 -1.16931 1.35334 -3.24053</i>
                <i>1 0 0 0 1 0 0 0 1 -1.16931 1.35334 -3.24053</i>
                <i>1 0 0 0 1 0 0 0 1 -1.16931 1.35334 -3.24053</i>
                <i>1 0 0 0 1 0 0 0 1 -1.16931 1.35334 -3.24053</i>
                <i>1 0 0 0 1 0 0 0 1 -1.16931 1.35334 -3.24053</i>
                <i>1 0 0 0 1 0 0 0 1 -1.16931 1.35334 -3.24053</i>
                <i>1 0 0 0 1 0 0 0 1 -1.16931 1.35334 -3.24053</i>
                <i>1 0 0 0 1 0 0 0 1 -1.16931 1.35334 -3.24053</i>
                <i>1 0 0 0 1 0 0 0 1 -1.16931 1.35334 -3.24053</i>
                <i>1 0 0 0 1 0 0 0 1 -1.16931 1.35334 -3.24053</i>
                <i>1 0 0 0 1 0 0 0 1 -1.16931 1.35334 -3.24053</i>
                <i>1 0 0 0 1 0 0 0 1 -1.16931 1.35334 -3.24053</i>
                <i>1 0 0 0 1 0 0 0 1 -1.16931 1.35334 -3.24053</i>
                <i>1 0 0 0 1 0 0 0 1 -1.16931 1.35334 -3.24053</i>
                <i>1 0 0 0 1 0 0 0 1 -1.16931 1.35334 -3.24053</i>
                <i>1 0 0 0 1 0 0 0 1 -1.16931 1.35334 -3.24053</i>
                <i>1 0 0 0 1 0 0 0 1 -1.16931 1.35334 -3.24053</i>
                <i>1 0 0 0 1 0 0 0 1 -1.16931 1.35334 -3.24053</i>
                <i>1 0 0 0 1 0 0 0 1 -1.16931 1.35334 -3.24053</i>
                <i>1 0 0 0 1 0 0 0 1 -1.16931 1.35334 -3.24053</i>
                <i>1 0 0 0 1 0 0 0 1 -1.16931 1.35334 -3.24053</i>
                <i>1 0 0 0 1 0 0 0 1 -1.16931 1.35334 -3.24053</i>
                <i>1 0 0 0 1 0 0 0 1 -1.16931 1.35334 -3.24053</i>
                <i>1 0 0 0 1 0 0 0 1 -1.16931 1.35334 -3.24053</i>
                <i>1 0 0 0 1 0 0 0 1 -1.16931 1.35334 -3.24053</i>
                <i>1 0 0 0 1 0 0 0 1 -1.16931 1.35334 -3.24053</i>
                <i>1 0 0 0 1 0 0 0 1 -1.16931 1.35334 -3.24053</i>
                <i>1 0 0 0 1 0 0 0 1 -1.16931 1.35334 -3.24053</i>
                <i>1 0 0 0 1 0 0 0 1 -1.16931 1.35334 -3.24053</i>
                <i>1 0 0 0 1 0 0 0 1 -1.16931 1.35334 -3.24053</i>
                <i>1 0 0 0 1 0 0 0 1 -1.16931 1.35334 -3.24053</i>
                <i>1 0 0 0 1 0 0 0 1 -1.16931 1.35334 -3.24053</i>
                <i>1 0 0 0 1 0 0 0 1 -1.16931 1.35334 -3.24053</i>
                <i>1 0 0 0 1 0 0 0 1 -1.16931 1.35334 -3.24053</i>
                <i>1 0 0 0 1 0 0 0 1 -1.16931 1.35334 -3.24053</i>
                <i>1 0 0 0 1 0 0 0 1 -1.16931 1.35334 -3.24053</i>
                <i>1 0 0 0 1 0 0 0 1 -1.16931 1.35334 -3.24053</i>
                <i>1 0 0 0 1 0 0 0 1 -1.16931 1.35334 -3.24053</i>
            </KeyFrames>
        </RefFrame>
        <Bones count="23">
            <i>
                <p>
                    <Name><![CDATA[pelvis]]></Name>
                    <Exclude>0</Exclude>
                    <Additive>0</Additive>
                    <IKPriority>0</IKPriority>
                    <IKRotLimits>-1e+010 -1e+010 -1e+010 1e+010 1e+010 1e+010</IKRotLimits>
                    <IKRotLimitOrder>2</IKRotLimitOrder>
                    <KeyFrames count="75">
                        <i>1 0 0 0 1 0 0 0 1 -1.27 2.43 -3.24053</i>
                        <i>1 0 0 0 1 0 0 0 1 -1.18868 2.29477 -3.32288</i>
                        <i>1 0 0 0 1 0 0 0 1 -1.18881 2.16093 -3.40816</i>
                        <i>1 0 0 0 1 0 0 0 1 -1.37828 2.2242 -3.51424</i>
                        <i>1 0 0 0 1 0 0 0 1 -1.64362 2.35808 -3.62316</i>
                        <i>1 0 0 0 1 0 0 0 1 -1.88347 2.4559 -3.6912</i>
                        <i>1 0 0 0 1 0 0 0 1 -2.05726 2.46099 -3.69765</i>
                        <i>1 0 0 0 1 0 0 0 1 -2.19891 2.41465 -3.6808</i>
                        <i>1 0 0 0 1 0 0 0 1 -2.31891 2.33942 -3.66453</i>
                        <i>1 0 0 0 1 0 0 0 1 -2.44309 2.24612 -3.64088</i>
                        <i>1 0 0 0 1 0 0 0 1 -2.57928 2.13552 -3.60777</i>
                        <i>1 0 0 0 1 0 0 0 1 -2.69782 2.01957 -3.57285</i>
                        <i>1 0 0 0 1 0 0 0 1 -2.78134 1.90973 -3.542</i>
                        <i>1 0 0 0 1 0 0 0 1 -2.83407 1.81674 -3.51784</i>
                        <i>1 0 0 0 1 0 0 0 1 -2.86747 1.75078 -3.50225</i>
                        <i>1 0 0 0 1 0 0 0 1 -2.90123 1.71374 -3.49206</i>
                        <i>1 0 0 0 1 0 0 0 1 -2.94428 1.70001 -3.48226</i>
                        <i>1 0 0 0 1 0 0 0 1 -2.99121 1.7057 -3.47261</i>
                        <i>1 0 0 0 1 0 0 0 1 -3.03559 1.72343 -3.46306</i>
                        <i>1 0 0 0 1 0 0 0 1 -3.07057 1.74463 -3.45331</i>
                        <i>1 0 0 0 1 0 0 0 1 -3.09546 1.76146 -3.44164</i>
                        <i>1 0 0 0 1 0 0 0 1 -3.11175 1.77365 -3.42605</i>
                        <i>1 0 0 0 1 0 0 0 1 -3.12013 1.78462 -3.40736</i>
                        <i>1 0 0 0 1 0 0 0 1 -3.12212 1.79433 -3.38787</i>
                        <i>1 0 0 0 1 0 0 0 1 -3.12117 1.80558 -3.36946</i>
                        <i>1 0 0 0 1 0 0 0 1 -3.12037 1.81998 -3.35343</i>
                        <i>1 0 0 0 1 0 0 0 1 -3.12206 1.83538 -3.34107</i>
                        <i>1 0 0 0 1 0 0 0 1 -3.12555 1.85047 -3.33366</i>
                        <i>1 0 0 0 1 0 0 0 1 -3.12894 1.86565 -3.33059</i>
                        <i>1 0 0 0 1 0 0 0 1 -3.13235 1.88093 -3.33068</i>
                        <i>1 0 0 0 1 0 0 0 1 -3.13582 1.89626 -3.33309</i>
                        <i>1 0 0 0 1 0 0 0 1 -3.13932 1.91155 -3.33716</i>
                        <i>1 0 0 0 1 0 0 0 1 -3.14281 1.92672 -3.34234</i>
                        <i>1 0 0 0 1 0 0 0 1 -3.14622 1.94171 -3.34818</i>
                        <i>1 0 0 0 1 0 0 0 1 -3.1495 1.95643 -3.35424</i>
                        <i>1 0 0 0 1 0 0 0 1 -3.1526 1.97082 -3.36012</i>
                        <i>1 0 0 0 1 0 0 0 1 -3.15548 1.98484 -3.36539</i>
                        <i>1 0 0 0 1 0 0 0 1 -3.15813 1.99846 -3.36964</i>
                        <i>1 0 0 0 1 0 0 0 1 -3.16055 2.0117 -3.37236</i>
                        <i>1 0 0 0 1 0 0 0 1 -3.16211 2.02063 -3.37356</i>
                        <i>1 0 0 0 1 0 0 0 1 -3.16207 2.0263 -3.37385</i>
                        <i>1 0 0 0 1 0 0 0 1 -3.1603 2.03613 -3.37361</i>
                        <i>1 0 0 0 1 0 0 0 1 -3.15667 2.05751 -3.37322</i>
                        <i>1 0 0 0 1 0 0 0 1 -3.14817 2.10554 -3.37231</i>
                        <i>1 0 0 0 1 0 0 0 1 -3.13646 2.16951 -3.37083</i>
                        <i>1 0 0 0 1 0 0 0 1 -3.12837 2.2184 -3.36975</i>
                        <i>1 0 0 0 1 0 0 0 1 -3.12679 2.24457 -3.36864</i>
                        <i>1 0 0 0 1 0 0 0 1 -3.12818 2.26167 -3.36732</i>
                        <i>1 0 0 0 1 0 0 0 1 -3.12967 2.27145 -3.36721</i>
                        <i>1 0 0 0 1 0 0 0 1 -3.12837 2.27604 -3.36975</i>
                        <i>1 0 0 0 1 0 0 0 1 -3.12443 2.26639 -3.37607</i>
                        <i>1 0 0 0 1 0 0 0 1 -3.1199 2.24691 -3.38527</i>
                        <i>1 0 0 0 1 0 0 0 1 -3.1147 2.22547 -3.39576</i>
                        <i>1 0 0 0 1 0 0 0 1 -3.10883 2.20529 -3.4059</i>
                        <i>1 0 0 0 1 0 0 0 1 -3.10236 2.18868 -3.41401</i>
                        <i>1 0 0 0 1 0 0 0 1 -3.09541 2.17822 -3.41844</i>
                        <i>1 0 0 0 1 0 0 0 1 -3.08809 2.1778 -3.41752</i>
                        <i>1 0 0 0 1 0 0 0 1 -3.0793 2.1913 -3.4096</i>
                        <i>1 0 0 0 1 0 0 0 1 -3.06856 2.21588 -3.39562</i>
                        <i>1 0 0 0 1 0 0 0 1 -3.0568 2.24754 -3.37778</i>
                        <i>1 0 0 0 1 0 0 0 1 -3.04496 2.28231 -3.3583</i>
                        <i>1 0 0 0 1 0 0 0 1 -3.03397 2.31624 -3.33936</i>
                        <i>1 0 0 0 1 0 0 0 1 -3.02484 2.34539 -3.32314</i>
                        <i>1 0 0 0 1 0 0 0 1 -3.01859 2.36579 -3.31183</i>
                        <i>1 0 0 0 1 0 0 0 1 -3.01627 2.37348 -3.30758</i>
                        <i>1 0 0 0 1 0 0 0 1 -3.01627 2.37348 -3.30758</i>
                        <i>1 0 0 0 1 0 0 0 1 -3.01627 2.37348 -3.30758</i>
                        <i>1 0 0 0 1 0 0 0 1 -3.01627 2.37348 -3.30758</i>
                        <i>1 0 0 0 1 0 0 0 1 -3.01627 2.37348 -3.30758</i>
                        <i>1 0 0 0 1 0 0 0 1 -3.01627 2.37348 -3.30758</i>
                        <i>1 0 0 0 1 0 0 0 1 -3.01627 2.37348 -3.30758</i>
                        <i>1 0 0 0 1 0 0 0 1 -3.01627 2.37348 -3.30758</i>
                        <i>1 0 0 0 1 0 0 0 1 -3.01627 2.37348 -3.30758</i>
                        <i>1 0 0 0 1 0 0 0 1 -3.01627 2.37348 -3.30758</i>
                        <i>1 0 0 0 1 0 0 0 1 -3.01627 2.37348 -3.30758</i>
                    </KeyFrames>
                </p>
            </i>
            <i>
                <p>
                    <Name><![CDATA[spine0]]></Name>
                    <Exclude>0</Exclude>
                    <Additive>0</Additive>
                    <IKPriority>0</IKPriority>
                    <IKRotLimits>-1e+010 -1e+010 -1e+010 1e+010 1e+010 1e+010</IKRotLimits>
                    <IKRotLimitOrder>0</IKRotLimitOrder>
                    <KeyFrames count="75">
                        <i>0.0506409 0.998713 -0.00285972 -0.998711 0.0506501 0.00324207 0.00338275 0.00269185 0.999991 -1.25453 2.562 -3.29561</i>
                        <i>-0.230894 0.969698 0.0798348 -0.971371 -0.22502 -0.0761847 -0.0559117 -0.0951398 0.993892 -1.18797 2.43255 -3.36427</i>
                        <i>-0.431025 0.880803 0.195968 -0.899756 -0.403108 -0.167163 -0.0682412 -0.248375 0.966257 -1.20103 2.30237 -3.43142</i>
                        <i>-0.388093 0.849794 0.356699 -0.921028 -0.343745 -0.183158 -0.033033 -0.399612 0.916089 -1.39522 2.36706 -3.5148</i>
                        <i>-0.266658 0.810171 0.522031 -0.963691 -0.216322 -0.156539 -0.0138968 -0.544819 0.838439 -1.6609 2.49908 -3.60041</i>
                        <i>-0.177835 0.754798 0.63139 -0.98401 -0.142857 -0.106374 0.00990743 -0.640212 0.768135 -1.90291 2.59417 -3.65658</i>
                        <i>-0.11666 0.735274 0.667655 -0.989485 -0.14392 -0.0143978 0.0855023 -0.662314 0.744332 -2.08413 2.59984 -3.67127</i>
                        <i>-0.0457049 0.733177 0.6785 -0.985814 -0.142908 0.0880184 0.161496 -0.664852 0.729308 -2.23596 2.55315 -3.66891</i>
                        <i>0.00272496 0.739469 0.673185 -0.977913 -0.138723 0.15634 0.208995 -0.658743 0.722758 -2.36285 2.47614 -3.65605</i>
                        <i>0.00568 0.754641 0.656113 -0.966895 -0.163242 0.196126 0.25511 -0.635507 0.728732 -2.48965 2.38109 -3.62317</i>
                        <i>-0.0140009 0.769664 0.638296 -0.951098 -0.207251 0.229043 0.308573 -0.603875 0.734927 -2.62752 2.26742 -3.57663</i>
                        <i>-0.0374626 0.78028 0.624307 -0.931784 -0.253015 0.260313 0.361076 -0.571967 0.736531 -2.74592 2.14708 -3.52677</i>
                        <i>-0.0493895 0.789351 0.611952 -0.911173 -0.286543 0.29607 0.409053 -0.542972 0.733387 -2.82686 2.03231 -3.48202</i>
                        <i>-0.0419794 0.802496 0.595178 -0.891476 -0.299056 0.340347 0.451119 -0.5163 0.72796 -2.87443 1.93543 -3.44726</i>
                        <i>-0.0116649 0.821246 0.570455 -0.874448 -0.285075 0.392522 0.48498 -0.494254 0.721462 -2.90046 1.86839 -3.42625</i>
                        <i>0.0428618 0.84428 0.534185 -0.859203 -0.241699 0.450945 0.509836 -0.478302 0.715049 -2.92459 1.83394 -3.41654</i>
                        <i>0.115487 0.867473 0.483893 -0.841429 -0.173456 0.511772 0.527883 -0.466265 0.709885 -2.95622 1.82517 -3.41233</i>
                        <i>0.199691 0.884307 0.422048 -0.817074 -0.087465 0.56986 0.540845 -0.458641 0.705078 -2.99094 1.83628 -3.41225</i>
                        <i>0.287842 0.890121 0.353315 -0.78384 0.00701118 0.620923 0.55022 -0.455671 0.69973 -3.02304 1.85822 -3.41439</i>
                        <i>0.370655 0.883967 0.284986 -0.743527 0.0985332 0.661407 0.556581 -0.457048 0.693775 -3.04641 1.88158 -3.4165</i>
                        <i>0.438699 0.86983 0.225696 -0.702382 0.175239 0.689892 0.560538 -0.46118 0.68783 -3.06119 1.89864 -3.41508</i>
                        <i>0.499922 0.848178 0.175134 -0.661435 0.243371 0.709418 0.559091 -0.470493 0.682681 -3.06771 1.90951 -3.40876</i>
                        <i>0.560585 0.818128 0.128108 -0.61809 0.310429 0.722218 0.551098 -0.484046 0.679698 -3.06582 1.91761 -3.39956</i>
                        <i>0.613095 0.7852 0.0870337 -0.576535 0.369383 0.72881 0.540113 -0.497008 0.679162 -3.05825 1.92323 -3.38913</i>
                        <i>0.655028 0.753702 0.0535766 -0.539964 0.417313 0.73095 0.528561 -0.507723 0.680324 -3.04948 1.92997 -3.37866</i>
                        <i>0.684158 0.728809 0.0276486 -0.51159 0.452539 0.7304 0.51981 -0.513854 0.68246 -3.04357 1.94062 -3.36899</i>
                        <i>0.697176 0.71685 0.00854647 -0.495252 0.472972 0.728713 0.518336 -0.512274 0.684766 -3.04364 1.95434 -3.36099</i>
                        <i>0.697327 0.716751 -0.00149843 -0.491845 0.480035 0.726399 0.521366 -0.505801 0.687272 -3.04817 1.9696 -3.35635</i>
                        <i>0.691385 0.722484 -0.00193169 -0.497804 0.478311 0.72347 0.523619 -0.499235 0.690353 -3.05375 1.98579 -3.35529</i>
                        <i>0.680399 0.732825 0.00499993 -0.510786 0.46933 0.720297 0.525505 -0.492643 0.693648 -3.06034 2.0027 -3.35678</i>
                        <i>0.66519 0.746466 0.0176345 -0.528719 0.454212 0.717041 0.527237 -0.486292 0.696808 -3.06777 2.02009 -3.36011</i>
                        <i>0.64654 0.762094 0.0346099 -0.549732 0.433963 0.713772 0.528942 -0.480509 0.699522 -3.07585 2.03767 -3.36473</i>
                        <i>0.625305 0.778461 0.0547022 -0.572138 0.409646 0.710527 0.530709 -0.475593 0.701541 -3.08435 2.05518 -3.37023</i>
                        <i>0.602453 0.794457 0.0767351 -0.594457 0.382468 0.707346 0.532607 -0.471759 0.70269 -3.093 2.07238 -3.37625</i>
                        <i>0.57908 0.809172 0.0995366 -0.615454 0.35381 0.704297 0.534681 -0.469104 0.702892 -3.1015 2.08908 -3.38247</i>
                        <i>0.556375 0.821937 0.121927 -0.634162 0.325209 0.701483 0.536923 -0.467609 0.702179 -3.10956 2.10511 -3.3886</i>
                        <i>0.535593 0.832328 0.142725 -0.649883 0.298323 0.699039 0.539252 -0.467154 0.700695 -3.11688 2.12038 -3.39432</i>
                        <i>0.518019 0.840129 0.160746 -0.662151 0.274894 0.697129 0.541491 -0.467564 0.698693 -3.12317 2.13483 -3.39929</i>
                        <i>0.504951 0.845266 0.174785 -0.670649 0.256732 0.69593 0.543374 -0.46863 0.696513 -3.12819 2.14846 -3.40314</i>
                        <i>0.502175 0.845938 0.17947 -0.67263 0.251663 0.695869 0.543496 -0.470165 0.695382 -3.12865 2.15634 -3.40762</i>
                        <i>0.510551 0.841358 0.177354 -0.669237 0.259322 0.696328 0.539869 -0.474203 0.695466 -3.1235 2.15927 -3.41293</i>
                        <i>0.52423 0.832782 0.177925 -0.66504 0.269863 0.696345 0.531888 -0.483372 0.695303 -3.11569 2.16608 -3.41628</i>
                        <i>0.53807 0.82148 0.188813 -0.663655 0.274782 0.695742 0.519656 -0.499665 0.693032 -3.10778 2.18625 -3.41485</i>
                        <i>0.557877 0.799261 0.223507 -0.667654 0.272252 0.692904 0.492961 -0.535781 0.685513 -3.09585 2.23622 -3.40202</i>
                        <i>0.578362 0.768203 0.274521 -0.675796 0.262684 0.688693 0.456943 -0.583834 0.671074 -3.08286 2.30255 -3.38195</i>
                        <i>0.583038 0.750571 0.310983 -0.686571 0.250529 0.682536 0.434382 -0.611456 0.661388 -3.07995 2.35387 -3.36904</i>
                        <i>0.57117 0.756649 0.318193 -0.699803 0.246277 0.670539 0.428999 -0.605664 0.670172 -3.0922 2.38421 -3.36804</i>
                        <i>0.555719 0.76995 0.313614 -0.718975 0.255678 0.6463 0.417434 -0.584642 0.69566 -3.11231 2.40455 -3.37291</i>
                        <i>0.541883 0.781518 0.30918 -0.742338 0.27257 0.612079 0.394078 -0.561191 0.727851 -3.1309 2.41462 -3.38131</i>
                        <i>0.526258 0.790018 0.314523 -0.762809 0.275172 0.585152 0.375732 -0.547862 0.747444 -3.13934 2.41805 -3.38997</i>
                        <i>0.504162 0.797544 0.331276 -0.777473 0.252159 0.576152 0.375973 -0.548032 0.747198 -3.13841 2.40773 -3.39898</i>
                        <i>0.476622 0.804747 0.353855 -0.788756 0.213721 0.576357 0.388195 -0.55381 0.736613 -3.13448 2.38792 -3.40977</i>
                        <i>0.446308 0.810371 0.379616 -0.79592 0.165562 0.582323 0.409048 -0.562039 0.718882 -3.12823 2.36648 -3.42086</i>
                        <i>0.415976 0.813772 0.40588 -0.799137 0.114115 0.590219 0.433987 -0.56987 0.697784 -3.12034 2.34649 -3.43088</i>
                        <i>0.388096 0.815259 0.429807 -0.799386 0.0656844 0.597217 0.458655 -0.575359 0.677198 -3.11155 2.33015 -3.43849</i>
                        <i>0.364763 0.816111 0.448231 -0.798058 0.0260495 0.602017 0.479636 -0.577308 0.660806 -3.10268 2.31989 -3.44241</i>
                        <i>0.347818 0.818304 0.457604 -0.796618 0.000566874 0.604483 0.494391 -0.574786 0.652072 -3.09454 2.31952 -3.44136</i>
                        <i>0.336908 0.823873 0.455771 -0.795412 -0.00996588 0.605987 0.503799 -0.566687 0.65196 -3.08586 2.33297 -3.43374</i>
                        <i>0.329866 0.832775 0.444605 -0.794076 -0.00992372 0.607738 0.510521 -0.553522 0.658013 -3.07545 2.35746 -3.42021</i>
                        <i>0.325725 0.843786 0.426531 -0.79282 -0.00202617 0.609453 0.515112 -0.536676 0.66831 -3.06417 2.38899 -3.40295</i>
                        <i>0.323581 0.855489 0.404271 -0.791709 0.0108147 0.610803 0.518163 -0.517709 0.680797 -3.05286 2.42362 -3.38409</i>
                        <i>0.322682 0.866483 0.380899 -0.790759 0.0256314 0.61159 0.520169 -0.498549 0.69345 -3.0424 2.45741 -3.36576</i>
                        <i>0.322469 0.875532 0.359802 -0.79 0.039533 0.61183 0.521453 -0.48154 0.704419 -3.03372 2.48643 -3.35007</i>
                        <i>0.322564 0.881614 0.344542 -0.789488 0.0497834 0.611743 0.522169 -0.469338 0.712083 -3.02778 2.50674 -3.33912</i>
                        <i>0.322671 0.883842 0.338684 -0.7893 0.0537754 0.611648 0.522387 -0.464685 0.714968 -3.02558 2.51439 -3.335</i>
                        <i>0.322671 0.883842 0.338684 -0.7893 0.0537754 0.611648 0.522387 -0.464685 0.714968 -3.02558 2.51439 -3.335</i>
                        <i>0.322671 0.883842 0.338684 -0.7893 0.0537754 0.611648 0.522387 -0.464685 0.714968 -3.02558 2.51439 -3.335</i>
                        <i>0.322671 0.883842 0.338684 -0.7893 0.0537754 0.611648 0.522387 -0.464685 0.714968 -3.02558 2.51439 -3.335</i>
                        <i>0.322671 0.883842 0.338684 -0.7893 0.0537754 0.611648 0.522387 -0.464685 0.714968 -3.02558 2.51439 -3.335</i>
                        <i>0.322671 0.883842 0.338684 -0.7893 0.0537754 0.611648 0.522387 -0.464685 0.714968 -3.02558 2.51439 -3.335</i>
                        <i>0.322671 0.883842 0.338684 -0.7893 0.0537754 0.611648 0.522387 -0.464685 0.714968 -3.02558 2.51439 -3.335</i>
                        <i>0.322671 0.883842 0.338684 -0.7893 0.0537754 0.611648 0.522387 -0.464685 0.714968 -3.02558 2.51439 -3.335</i>
                        <i>0.322671 0.883842 0.338684 -0.7893 0.0537754 0.611648 0.522387 -0.464685 0.714968 -3.02558 2.51439 -3.335</i>
                        <i>0.322671 0.883842 0.338684 -0.7893 0.0537754 0.611648 0.522387 -0.464685 0.714968 -3.02558 2.51439 -3.335</i>
                        <i>0.322671 0.883842 0.338684 -0.7893 0.0537754 0.611648 0.522387 -0.464685 0.714968 -3.02558 2.51439 -3.335</i>
                    </KeyFrames>
                </p>
            </i>
            <i>
                <p>
                    <Name><![CDATA[spine1]]></Name>
                    <Exclude>0</Exclude>
                    <Additive>0</Additive>
                    <IKPriority>0</IKPriority>
                    <IKRotLimits>-1e+010 -1e+010 -1e+010 1e+010 1e+010 1e+010</IKRotLimits>
                    <IKRotLimitOrder>0</IKRotLimitOrder>
                    <KeyFrames count="75">
                        <i>-0.0328617 0.976866 0.211314 -0.999408 -0.0299571 -0.016933 -0.0102109 -0.211746 0.977271 -1.2456 2.73819 -3.29614</i>
                        <i>-0.572544 0.76881 0.284824 -0.819848 -0.539648 -0.191391 0.00656165 -0.343092 0.939279 -1.22979 2.60823 -3.34986</i>
                        <i>-0.825666 0.45288 0.336415 -0.55756 -0.745993 -0.364171 0.0860372 -0.488255 0.86845 -1.28098 2.46579 -3.39515</i>
                        <i>-0.752011 0.42031 0.507759 -0.642165 -0.640915 -0.420539 0.148674 -0.642315 0.751883 -1.46284 2.51513 -3.45267</i>
                        <i>-0.512861 0.44542 0.733876 -0.847332 -0.399914 -0.349425 0.137846 -0.801043 0.582519 -1.70397 2.6299 -3.51604</i>
                        <i>-0.242913 0.387787 0.889165 -0.966697 -0.172892 -0.188692 0.080557 -0.905389 0.41687 -1.93114 2.71395 -3.55629</i>
                        <i>-0.0347976 0.30328 0.952266 -0.999183 -0.0301305 -0.0269161 0.0205291 -0.952425 0.30408 -2.10373 2.72337 -3.55907</i>
                        <i>0.142788 0.265541 0.953467 -0.98652 0.115984 0.115437 -0.0799337 -0.957097 0.278523 -2.24436 2.68778 -3.54442</i>
                        <i>0.256035 0.291514 0.921665 -0.958231 0.202231 0.202229 -0.127436 -0.934945 0.331116 -2.36235 2.61779 -3.52726</i>
                        <i>0.31647 0.37173 0.872733 -0.945569 0.197138 0.258914 -0.075803 -0.907168 0.413885 -2.4886 2.52313 -3.4998</i>
                        <i>0.346568 0.49095 0.799286 -0.937406 0.150316 0.314126 0.0340747 -0.858122 0.512314 -2.6301 2.408 -3.46013</i>
                        <i>0.343331 0.62973 0.696824 -0.922633 0.0873397 0.375659 0.175703 -0.771888 0.610997 -2.75258 2.28556 -3.41601</i>
                        <i>0.313862 0.757545 0.572378 -0.894728 0.0342467 0.445295 0.317729 -0.651884 0.688546 -2.83548 2.17 -3.3753</i>
                        <i>0.278003 0.849718 0.447988 -0.856501 0.00813319 0.516082 0.43488 -0.527175 0.730045 -2.88173 2.07477 -3.34394</i>
                        <i>0.260424 0.899455 0.350943 -0.81899 0.013302 0.573654 0.511308 -0.436812 0.740108 -2.90249 2.01099 -3.32721</i>
                        <i>0.270608 0.91883 0.287267 -0.792307 0.0430698 0.608601 0.546828 -0.392296 0.73965 -2.9172 1.97947 -3.32446</i>
                        <i>0.299795 0.922005 0.24501 -0.77602 0.0863024 0.624775 0.554901 -0.377437 0.741368 -2.93665 1.97214 -3.33033</i>
                        <i>0.342773 0.91339 0.219602 -0.765295 0.13593 0.629163 0.544821 -0.383721 0.745606 -2.9578 1.98295 -3.34221</i>
                        <i>0.391764 0.896994 0.20475 -0.754819 0.186096 0.62898 0.526088 -0.400961 0.749974 -2.97618 2.00301 -3.35687</i>
                        <i>0.437748 0.877836 0.194371 -0.742446 0.231 0.628818 0.5071 -0.419574 0.752866 -2.9869 2.02339 -3.37073</i>
                        <i>0.472101 0.862149 0.183902 -0.729552 0.265003 0.630497 0.494848 -0.431824 0.754091 -2.99131 2.03707 -3.3791</i>
                        <i>0.49943 0.848032 0.177233 -0.718565 0.29119 0.631564 0.483978 -0.442775 0.754795 -2.98854 2.04372 -3.38099</i>
                        <i>0.52287 0.833526 0.178439 -0.712359 0.312316 0.628493 0.468136 -0.455733 0.757071 -2.9774 2.04654 -3.37931</i>
                        <i>0.53745 0.822607 0.185647 -0.712648 0.325343 0.621518 0.450866 -0.466336 0.761085 -2.96156 2.04696 -3.37535</i>
                        <i>0.54711 0.813809 0.19592 -0.715697 0.333408 0.613691 0.434106 -0.475976 0.764852 -2.94596 2.049 -3.37014</i>
                        <i>0.556221 0.805323 0.205118 -0.716862 0.340101 0.608638 0.420389 -0.485579 0.766477 -2.93524 2.05593 -3.36456</i>
                        <i>0.566555 0.797112 0.208872 -0.712965 0.347097 0.609265 0.413154 -0.494101 0.764963 -2.93335 2.06766 -3.35959</i>
                        <i>0.575715 0.788769 0.215397 -0.708816 0.350134 0.612361 0.407594 -0.505222 0.760669 -2.93809 2.08266 -3.35653</i>
                        <i>0.582039 0.779022 0.23314 -0.709329 0.346218 0.613991 0.397596 -0.52274 0.754096 -2.94472 2.09964 -3.35554</i>
                        <i>0.586207 0.76782 0.258483 -0.712979 0.337413 0.614666 0.384737 -0.544614 0.745233 -2.95299 2.11823 -3.35594</i>
                        <i>0.58853 0.755172 0.288699 -0.718714 0.325162 0.614589 0.370247 -0.569196 0.734121 -2.96259 2.13803 -3.35727</i>
                        <i>0.589155 0.741268 0.321587 -0.725788 0.310549 0.613833 0.355146 -0.595047 0.720965 -2.97318 2.15861 -3.35918</i>
                        <i>0.588173 0.726496 0.355326 -0.733653 0.294434 0.612423 0.340303 -0.620897 0.706174 -2.98438 2.17956 -3.36144</i>
                        <i>0.585682 0.711401 0.388439 -0.741903 0.277513 0.610382 0.326429 -0.645674 0.690325 -2.9958 2.20049 -3.36383</i>
                        <i>0.58181 0.696602 0.419813 -0.750241 0.260344 0.60775 0.314065 -0.668555 0.67409 -3.00703 2.22102 -3.3662</i>
                        <i>0.576728 0.682689 0.448688 -0.758443 0.243361 0.604599 0.30356 -0.688993 0.658134 -3.01764 2.24086 -3.36843</i>
                        <i>0.570652 0.670143 0.47462 -0.766342 0.226899 0.601029 0.295085 -0.706701 0.643039 -3.02719 2.25972 -3.3704</i>
                        <i>0.563849 0.659299 0.497392 -0.773791 0.211236 0.597183 0.288655 -0.721598 0.629265 -3.03526 2.2774 -3.37201</i>
                        <i>0.556655 0.650359 0.516883 -0.780629 0.196666 0.593246 0.28417 -0.733727 0.617165 -3.04142 2.29371 -3.37311</i>
                        <i>0.536843 0.64845 0.539733 -0.793394 0.170457 0.584354 0.286923 -0.741928 0.605985 -3.04149 2.30319 -3.37647</i>
                        <i>0.503409 0.653261 0.565535 -0.811508 0.132701 0.569074 0.296707 -0.745413 0.596929 -3.03418 2.30648 -3.38191</i>
                        <i>0.474016 0.658092 0.584999 -0.82634 0.103031 0.553666 0.30409 -0.745855 0.592646 -3.02345 2.31264 -3.38499</i>
                        <i>0.466705 0.657208 0.591831 -0.831899 0.0990596 0.546015 0.300218 -0.747172 0.592962 -3.01301 2.33097 -3.38161</i>
                        <i>0.498868 0.65057 0.572617 -0.82124 0.143721 0.552185 0.276938 -0.745723 0.605972 -2.99889 2.37515 -3.36318</i>
                        <i>0.561078 0.635317 0.530626 -0.789993 0.219554 0.572457 0.24719 -0.740384 0.625082 -2.98412 2.43369 -3.33508</i>
                        <i>0.624641 0.60196 0.497462 -0.750349 0.286182 0.595883 0.216333 -0.745483 0.630441 -2.98063 2.48172 -3.31606</i>
                        <i>0.686706 0.543166 0.483121 -0.708292 0.350398 0.612816 0.163576 -0.763015 0.625341 -2.99287 2.51581 -3.31271</i>
                        <i>0.741208 0.475979 0.473344 -0.665206 0.426209 0.613063 0.090061 -0.769279 0.632534 -3.01194 2.54367 -3.31629</i>
                        <i>0.768115 0.429387 0.475002 -0.639868 0.487095 0.594397 0.0238548 -0.760503 0.648896 -3.029 2.56169 -3.32323</i>
                        <i>0.764631 0.414525 0.493465 -0.644392 0.503559 0.575489 -0.00993375 -0.758022 0.652154 -3.03797 2.57037 -3.32945</i>
                        <i>0.737108 0.42058 0.528946 -0.675683 0.471599 0.56661 -0.0111458 -0.775053 0.631798 -3.04058 2.56264 -3.33477</i>
                        <i>0.694729 0.432467 0.574738 -0.719242 0.410495 0.560521 0.00647993 -0.802786 0.596232 -3.04179 2.54458 -3.34102</i>
                        <i>0.640962 0.445085 0.625354 -0.766425 0.326575 0.55312 0.0419603 -0.833815 0.550446 -3.04152 2.5241 -3.34716</i>
                        <i>0.580473 0.454858 0.675393 -0.809187 0.229603 0.540832 0.0909294 -0.860457 0.501344 -3.03973 2.50439 -3.35226</i>
                        <i>0.51989 0.460154 0.719703 -0.841842 0.133007 0.523079 0.144972 -0.87782 0.456526 -3.03658 2.48785 -3.35548</i>
                        <i>0.467587 0.461551 0.753879 -0.862512 0.0515505 0.503404 0.193484 -0.885615 0.422198 -3.03245 2.47723 -3.35612</i>
                        <i>0.432794 0.461422 0.774454 -0.872621 -0.00124601 0.488396 0.226322 -0.88718 0.402107 -3.02785 2.47664 -3.35361</i>
                        <i>0.416104 0.46363 0.782243 -0.876182 -0.0256846 0.481296 0.243235 -0.885656 0.395537 -3.02173 2.49001 -3.34698</i>
                        <i>0.410223 0.469891 0.781614 -0.876701 -0.0329035 0.479909 0.251223 -0.882111 0.398456 -3.01338 2.51436 -3.33655</i>
                        <i>0.412608 0.479472 0.774507 -0.875225 -0.0269739 0.482963 0.252459 -0.877143 0.408516 -3.00373 2.54571 -3.32381</i>
                        <i>0.420693 0.491123 0.762768 -0.87229 -0.0120258 0.488842 0.249254 -0.871007 0.423343 -2.99371 2.58011 -3.3102</i>
                        <i>0.431828 0.503254 0.748505 -0.868372 0.00762342 0.495856 0.243835 -0.864105 0.440303 -2.98426 2.61364 -3.29713</i>
                        <i>0.443264 0.514092 0.73432 -0.864177 0.0274411 0.502439 0.238149 -0.857296 0.45643 -2.9763 2.64239 -3.28601</i>
                        <i>0.452191 0.521838 0.723331 -0.86074 0.0427587 0.507245 0.233771 -0.851972 0.468502 -2.97082 2.66249 -3.27828</i>
                        <i>0.45579 0.524778 0.718932 -0.859316 0.0488931 0.509102 0.232015 -0.849834 0.473235 -2.96877 2.67005 -3.27538</i>
                        <i>0.45579 0.524778 0.718932 -0.859316 0.0488931 0.509102 0.232015 -0.849834 0.473235 -2.96877 2.67005 -3.27538</i>
                        <i>0.45579 0.524778 0.718932 -0.859316 0.0488931 0.509102 0.232015 -0.849834 0.473235 -2.96877 2.67005 -3.27538</i>
                        <i>0.45579 0.524778 0.718932 -0.859316 0.0488931 0.509102 0.232015 -0.849834 0.473235 -2.96877 2.67005 -3.27538</i>
                        <i>0.45579 0.524778 0.718932 -0.859316 0.0488931 0.509102 0.232015 -0.849834 0.473235 -2.96877 2.67005 -3.27538</i>
                        <i>0.45579 0.524778 0.718932 -0.859316 0.0488931 0.509102 0.232015 -0.849834 0.473235 -2.96877 2.67005 -3.27538</i>
                        <i>0.45579 0.524778 0.718932 -0.859316 0.0488931 0.509102 0.232015 -0.849834 0.473235 -2.96877 2.67005 -3.27538</i>
                        <i>0.45579 0.524778 0.718932 -0.859316 0.0488931 0.509102 0.232015 -0.849834 0.473235 -2.96877 2.67005 -3.27538</i>
                        <i>0.45579 0.524778 0.718932 -0.859316 0.0488931 0.509102 0.232015 -0.849834 0.473235 -2.96877 2.67005 -3.27538</i>
                        <i>0.45579 0.524778 0.718932 -0.859316 0.0488931 0.509102 0.232015 -0.849834 0.473235 -2.96877 2.67005 -3.27538</i>
                        <i>0.45579 0.524778 0.718932 -0.859316 0.0488931 0.509102 0.232015 -0.849834 0.473235 -2.96877 2.67005 -3.27538</i>
                    </KeyFrames>
                </p>
            </i>
            <i>
                <p>
                    <Name><![CDATA[spine2]]></Name>
                    <Exclude>0</Exclude>
                    <Additive>0</Additive>
                    <IKPriority>0</IKPriority>
                    <IKRotLimits>-1e+010 -1e+010 -1e+010 1e+010 1e+010 1e+010</IKRotLimits>
                    <IKRotLimitOrder>0</IKRotLimitOrder>
                    <KeyFrames count="75">
                        <i>-0.02383 0.914846 0.4031 -0.99924 -0.00936055 -0.0378278 -0.0308334 -0.403695 0.914374 -1.25096 2.89677 -3.26175</i>
                        <i>-0.626631 0.60865 0.486701 -0.775785 -0.546564 -0.315317 0.074096 -0.575163 0.814676 -1.32531 2.73626 -3.30225</i>
                        <i>-0.844068 0.207206 0.494585 -0.484342 -0.690424 -0.537334 0.230135 -0.693095 0.683123 -1.42194 2.54286 -3.33757</i>
                        <i>-0.748853 0.162527 0.642498 -0.603197 -0.568752 -0.559173 0.274541 -0.806291 0.523948 -1.58338 2.58233 -3.37129</i>
                        <i>-0.504386 0.193694 0.841474 -0.837774 -0.345781 -0.422575 0.209116 -0.918106 0.336679 -1.78017 2.69604 -3.40717</i>
                        <i>-0.24082 0.154088 0.95826 -0.966252 -0.131087 -0.22175 0.0914469 -0.979323 0.180457 -1.96662 2.77057 -3.42666</i>
                        <i>-0.0658993 0.0937786 0.99341 -0.997285 0.0266117 -0.0686685 -0.0328759 -0.995237 0.0917702 -2.10918 2.77008 -3.41209</i>
                        <i>0.0732828 0.0753456 0.994461 -0.982655 0.175773 0.0590954 -0.170347 -0.981543 0.0869199 -2.22047 2.73222 -3.38357</i>
                        <i>0.183474 0.106496 0.977239 -0.954085 0.258729 0.150931 -0.236766 -0.960061 0.149077 -2.31757 2.66866 -3.365</i>
                        <i>0.28233 0.180659 0.942153 -0.935561 0.26906 0.228763 -0.212167 -0.946028 0.244981 -2.4341 2.58708 -3.34873</i>
                        <i>0.372841 0.289419 0.881604 -0.918893 0.247191 0.307461 -0.128939 -0.924734 0.358108 -2.57206 2.49021 -3.3258</i>
                        <i>0.439326 0.422134 0.792966 -0.898327 0.206318 0.387867 0.000128481 -0.882744 0.469855 -2.69662 2.38825 -3.30216</i>
                        <i>0.471465 0.556265 0.684317 -0.869426 0.163211 0.466327 0.147713 -0.81482 0.56058 -2.78512 2.29162 -3.28332</i>
                        <i>0.474541 0.664573 0.577195 -0.835268 0.133074 0.533497 0.277738 -0.735279 0.618245 -2.83725 2.21069 -3.27224</i>
                        <i>0.469573 0.729081 0.497938 -0.80645 0.124637 0.578017 0.35936 -0.672984 0.646494 -2.86078 2.15496 -3.27101</i>
                        <i>0.470421 0.754343 0.457898 -0.793451 0.134492 0.593589 0.386186 -0.642557 0.661802 -2.87417 2.1255 -3.2788</i>
                        <i>0.474828 0.757072 0.448755 -0.795874 0.151727 0.586143 0.375664 -0.635469 0.674578 -2.88983 2.11621 -3.29207</i>
                        <i>0.480384 0.745135 0.462607 -0.808171 0.171165 0.563527 0.340721 -0.644575 0.684421 -2.90545 2.12268 -3.30867</i>
                        <i>0.483216 0.725975 0.48935 -0.824394 0.189124 0.533485 0.294749 -0.661205 0.689877 -2.91754 2.13761 -3.32621</i>
                        <i>0.481614 0.707262 0.517522 -0.839552 0.202944 0.503951 0.251398 -0.677196 0.691524 -2.9223 2.15331 -3.34204</i>
                        <i>0.477164 0.696407 0.536033 -0.849927 0.210591 0.482986 0.223471 -0.686053 0.692382 -2.92221 2.16366 -3.35219</i>
                        <i>0.470692 0.691676 0.547753 -0.857691 0.213111 0.467921 0.206918 -0.690049 0.693554 -2.91587 2.16752 -3.35521</i>
                        <i>0.459884 0.689008 0.560156 -0.866985 0.212038 0.450974 0.19195 -0.693042 0.694872 -2.90162 2.16776 -3.35346</i>
                        <i>0.445814 0.689369 0.570982 -0.876773 0.207789 0.433698 0.180334 -0.69397 0.697055 -2.88368 2.16657 -3.34845</i>
                        <i>0.43347 0.690406 0.579175 -0.884637 0.203462 0.419549 0.171819 -0.694221 0.698953 -2.8665 2.1676 -3.34167</i>
                        <i>0.427474 0.689501 0.584683 -0.888681 0.201835 0.411715 0.165868 -0.695594 0.699025 -2.8543 2.17351 -3.3347</i>
                        <i>0.430685 0.684885 0.587744 -0.8878 0.20444 0.412329 0.162239 -0.699383 0.69609 -2.85098 2.18393 -3.32921</i>
                        <i>0.439614 0.676139 0.591249 -0.883942 0.208913 0.418332 0.159331 -0.706534 0.689509 -2.85457 2.19746 -3.32528</i>
                        <i>0.449641 0.664122 0.597299 -0.879557 0.212739 0.425583 0.155571 -0.716718 0.679789 -2.86038 2.21289 -3.32175</i>
                        <i>0.460757 0.649698 0.604645 -0.87459 0.216476 0.433856 0.150984 -0.728719 0.667962 -2.86803 2.22987 -3.31847</i>
                        <i>0.472721 0.633656 0.612385 -0.869101 0.220429 0.442803 0.145597 -0.741547 0.654912 -2.87711 2.24804 -3.31532</i>
                        <i>0.485142 0.616748 0.619886 -0.863239 0.224718 0.452018 0.139481 -0.754403 0.641421 -2.88724 2.26704 -3.31225</i>
                        <i>0.497543 0.599692 0.626754 -0.857217 0.229318 0.461078 0.132779 -0.76667 0.628161 -2.89801 2.28652 -3.30922</i>
                        <i>0.509415 0.583148 0.632799 -0.851291 0.234095 0.469577 0.125698 -0.777906 0.61568 -2.90902 2.30614 -3.30621</i>
                        <i>0.520269 0.567682 0.638011 -0.845743 0.238838 0.477154 0.118491 -0.787841 0.604373 -2.91985 2.32559 -3.30322</i>
                        <i>0.529681 0.553735 0.642507 -0.840847 0.243293 0.483514 0.111421 -0.796358 0.594474 -2.93012 2.3446 -3.30024</i>
                        <i>0.53732 0.541611 0.646486 -0.836849 0.247192 0.488446 0.104742 -0.803464 0.586068 -2.93942 2.36291 -3.29727</i>
                        <i>0.542958 0.531484 0.65017 -0.833942 0.250281 0.491834 0.098677 -0.809249 0.579119 -2.94735 2.38026 -3.29431</i>
                        <i>0.546474 0.523438 0.653742 -0.832249 0.25234 0.493647 0.0934283 -0.813841 0.573528 -2.95354 2.39642 -3.29134</i>
                        <i>0.538547 0.521183 0.662069 -0.837482 0.24466 0.488635 0.0926867 -0.817624 0.568243 -2.95587 2.40661 -3.29021</i>
                        <i>0.518726 0.52535 0.674486 -0.849405 0.227059 0.476398 0.0971278 -0.820032 0.564016 -2.95326 2.41148 -3.29081</i>
