<?xml version="1.0" encoding="ISO-8859-1" ?>
<Animl Version="1">
    <ModellingPackage><![CDATA[Maya.2010]]></ModellingPackage>
    <SrcFile><![CDATA[anims\turrets\artillery\red\~src\artillery_2a36\artillery_2a36_idle_crewman_a.mb]]></SrcFile>
    <FramesPerSecond>30</FramesPerSecond>
    <TotalFrames>193</TotalFrames>
    <Skeleton>
        <RefFrame>
            <Name><![CDATA[soldier_ref_frame]]></Name>
            <Exclude>0</Exclude>
            <Additive>0</Additive>
            <IKPriority>0</IKPriority>
            <IKRotLimits>-1e+010 -1e+010 -1e+010 1e+010 1e+010 1e+010</IKRotLimits>
            <IKRotLimitOrder>0</IKRotLimitOrder>
            <KeyFrames count="193">
                <i>1 0 0 0 1 0 0 0 1 0.85 1.35 -1.88</i>
                <i>1 0 0 0 1 0 0 0 1 0.85 1.35 -1.88</i>
                <i>1 0 0 0 1 0 0 0 1 0.85 1.35 -1.88</i>
                <i>1 0 0 0 1 0 0 0 1 0.85 1.35 -1.88</i>
                <i>1 0 0 0 1 0 0 0 1 0.85 1.35 -1.88</i>
                <i>1 0 0 0 1 0 0 0 1 0.85 1.35 -1.88</i>
                <i>1 0 0 0 1 0 0 0 1 0.85 1.35 -1.88</i>
                <i>1 0 0 0 1 0 0 0 1 0.85 1.35 -1.88</i>
                <i>1 0 0 0 1 0 0 0 1 0.85 1.35 -1.88</i>
                <i>1 0 0 0 1 0 0 0 1 0.85 1.35 -1.88</i>
                <i>1 0 0 0 1 0 0 0 1 0.85 1.35 -1.88</i>
                <i>1 0 0 0 1 0 0 0 1 0.85 1.35 -1.88</i>
                <i>1 0 0 0 1 0 0 0 1 0.85 1.35 -1.88</i>
                <i>1 0 0 0 1 0 0 0 1 0.85 1.35 -1.88</i>
                <i>1 0 0 0 1 0 0 0 1 0.85 1.35 -1.88</i>
                <i>1 0 0 0 1 0 0 0 1 0.85 1.35 -1.88</i>
                <i>1 0 0 0 1 0 0 0 1 0.85 1.35 -1.88</i>
                <i>1 0 0 0 1 0 0 0 1 0.85 1.35 -1.88</i>
                <i>1 0 0 0 1 0 0 0 1 0.85 1.35 -1.88</i>
                <i>1 0 0 0 1 0 0 0 1 0.85 1.35 -1.88</i>
                <i>1 0 0 0 1 0 0 0 1 0.85 1.35 -1.88</i>
                <i>1 0 0 0 1 0 0 0 1 0.85 1.35 -1.88</i>
                <i>1 0 0 0 1 0 0 0 1 0.85 1.35 -1.88</i>
                <i>1 0 0 0 1 0 0 0 1 0.85 1.35 -1.88</i>
                <i>1 0 0 0 1 0 0 0 1 0.85 1.35 -1.88</i>
                <i>1 0 0 0 1 0 0 0 1 0.85 1.35 -1.88</i>
                <i>1 0 0 0 1 0 0 0 1 0.85 1.35 -1.88</i>
                <i>1 0 0 0 1 0 0 0 1 0.85 1.35 -1.88</i>
                <i>1 0 0 0 1 0 0 0 1 0.85 1.35 -1.88</i>
                <i>1 0 0 0 1 0 0 0 1 0.85 1.35 -1.88</i>
                <i>1 0 0 0 1 0 0 0 1 0.85 1.35 -1.88</i>
                <i>1 0 0 0 1 0 0 0 1 0.85 1.35 -1.88</i>
                <i>1 0 0 0 1 0 0 0 1 0.85 1.35 -1.88</i>
                <i>1 0 0 0 1 0 0 0 1 0.85 1.35 -1.88</i>
                <i>1 0 0 0 1 0 0 0 1 0.85 1.35 -1.88</i>
                <i>1 0 0 0 1 0 0 0 1 0.85 1.35 -1.88</i>
                <i>1 0 0 0 1 0 0 0 1 0.85 1.35 -1.88</i>
                <i>1 0 0 0 1 0 0 0 1 0.85 1.35 -1.88</i>
                <i>1 0 0 0 1 0 0 0 1 0.85 1.35 -1.88</i>
                <i>1 0 0 0 1 0 0 0 1 0.85 1.35 -1.88</i>
                <i>1 0 0 0 1 0 0 0 1 0.85 1.35 -1.88</i>
                <i>1 0 0 0 1 0 0 0 1 0.85 1.35 -1.88</i>
                <i>1 0 0 0 1 0 0 0 1 0.85 1.35 -1.88</i>
                <i>1 0 0 0 1 0 0 0 1 0.85 1.35 -1.88</i>
                <i>1 0 0 0 1 0 0 0 1 0.85 1.35 -1.88</i>
                <i>1 0 0 0 1 0 0 0 1 0.85 1.35 -1.88</i>
                <i>1 0 0 0 1 0 0 0 1 0.85 1.35 -1.88</i>
                <i>1 0 0 0 1 0 0 0 1 0.85 1.35 -1.88</i>
                <i>1 0 0 0 1 0 0 0 1 0.85 1.35 -1.88</i>
                <i>1 0 0 0 1 0 0 0 1 0.85 1.35 -1.88</i>
                <i>1 0 0 0 1 0 0 0 1 0.85 1.35 -1.88</i>
                <i>1 0 0 0 1 0 0 0 1 0.85 1.35 -1.88</i>
                <i>1 0 0 0 1 0 0 0 1 0.85 1.35 -1.88</i>
                <i>1 0 0 0 1 0 0 0 1 0.85 1.35 -1.88</i>
                <i>1 0 0 0 1 0 0 0 1 0.85 1.35 -1.88</i>
                <i>1 0 0 0 1 0 0 0 1 0.85 1.35 -1.88</i>
                <i>1 0 0 0 1 0 0 0 1 0.85 1.35 -1.88</i>
                <i>1 0 0 0 1 0 0 0 1 0.85 1.35 -1.88</i>
                <i>1 0 0 0 1 0 0 0 1 0.85 1.35 -1.88</i>
                <i>1 0 0 0 1 0 0 0 1 0.85 1.35 -1.88</i>
                <i>1 0 0 0 1 0 0 0 1 0.85 1.35 -1.88</i>
                <i>1 0 0 0 1 0 0 0 1 0.85 1.35 -1.88</i>
                <i>1 0 0 0 1 0 0 0 1 0.85 1.35 -1.88</i>
                <i>1 0 0 0 1 0 0 0 1 0.85 1.35 -1.88</i>
                <i>1 0 0 0 1 0 0 0 1 0.85 1.35 -1.88</i>
                <i>1 0 0 0 1 0 0 0 1 0.85 1.35 -1.88</i>
                <i>1 0 0 0 1 0 0 0 1 0.85 1.35 -1.88</i>
                <i>1 0 0 0 1 0 0 0 1 0.85 1.35 -1.88</i>
                <i>1 0 0 0 1 0 0 0 1 0.85 1.35 -1.88</i>
                <i>1 0 0 0 1 0 0 0 1 0.85 1.35 -1.88</i>
                <i>1 0 0 0 1 0 0 0 1 0.85 1.35 -1.88</i>
                <i>1 0 0 0 1 0 0 0 1 0.85 1.35 -1.88</i>
                <i>1 0 0 0 1 0 0 0 1 0.85 1.35 -1.88</i>
                <i>1 0 0 0 1 0 0 0 1 0.85 1.35 -1.88</i>
                <i>1 0 0 0 1 0 0 0 1 0.85 1.35 -1.88</i>
                <i>1 0 0 0 1 0 0 0 1 0.85 1.35 -1.88</i>
                <i>1 0 0 0 1 0 0 0 1 0.85 1.35 -1.88</i>
                <i>1 0 0 0 1 0 0 0 1 0.85 1.35 -1.88</i>
                <i>1 0 0 0 1 0 0 0 1 0.85 1.35 -1.88</i>
                <i>1 0 0 0 1 0 0 0 1 0.85 1.35 -1.88</i>
                <i>1 0 0 0 1 0 0 0 1 0.85 1.35 -1.88</i>
                <i>1 0 0 0 1 0 0 0 1 0.85 1.35 -1.88</i>
                <i>1 0 0 0 1 0 0 0 1 0.85 1.35 -1.88</i>
                <i>1 0 0 0 1 0 0 0 1 0.85 1.35 -1.88</i>
                <i>1 0 0 0 1 0 0 0 1 0.85 1.35 -1.88</i>
                <i>1 0 0 0 1 0 0 0 1 0.85 1.35 -1.88</i>
                <i>1 0 0 0 1 0 0 0 1 0.85 1.35 -1.88</i>
                <i>1 0 0 0 1 0 0 0 1 0.85 1.35 -1.88</i>
                <i>1 0 0 0 1 0 0 0 1 0.85 1.35 -1.88</i>
                <i>1 0 0 0 1 0 0 0 1 0.85 1.35 -1.88</i>
                <i>1 0 0 0 1 0 0 0 1 0.85 1.35 -1.88</i>
                <i>1 0 0 0 1 0 0 0 1 0.85 1.35 -1.88</i>
                <i>1 0 0 0 1 0 0 0 1 0.85 1.35 -1.88</i>
                <i>1 0 0 0 1 0 0 0 1 0.85 1.35 -1.88</i>
                <i>1 0 0 0 1 0 0 0 1 0.85 1.35 -1.88</i>
                <i>1 0 0 0 1 0 0 0 1 0.85 1.35 -1.88</i>
                <i>1 0 0 0 1 0 0 0 1 0.85 1.35 -1.88</i>
                <i>1 0 0 0 1 0 0 0 1 0.85 1.35 -1.88</i>
                <i>1 0 0 0 1 0 0 0 1 0.85 1.35 -1.88</i>
                <i>1 0 0 0 1 0 0 0 1 0.85 1.35 -1.88</i>
                <i>1 0 0 0 1 0 0 0 1 0.85 1.35 -1.88</i>
                <i>1 0 0 0 1 0 0 0 1 0.85 1.35 -1.88</i>
                <i>1 0 0 0 1 0 0 0 1 0.85 1.35 -1.88</i>
                <i>1 0 0 0 1 0 0 0 1 0.85 1.35 -1.88</i>
                <i>1 0 0 0 1 0 0 0 1 0.85 1.35 -1.88</i>
                <i>1 0 0 0 1 0 0 0 1 0.85 1.35 -1.88</i>
                <i>1 0 0 0 1 0 0 0 1 0.85 1.35 -1.88</i>
                <i>1 0 0 0 1 0 0 0 1 0.85 1.35 -1.88</i>
                <i>1 0 0 0 1 0 0 0 1 0.85 1.35 -1.88</i>
                <i>1 0 0 0 1 0 0 0 1 0.85 1.35 -1.88</i>
                <i>1 0 0 0 1 0 0 0 1 0.85 1.35 -1.88</i>
                <i>1 0 0 0 1 0 0 0 1 0.85 1.35 -1.88</i>
                <i>1 0 0 0 1 0 0 0 1 0.85 1.35 -1.88</i>
                <i>1 0 0 0 1 0 0 0 1 0.85 1.35 -1.88</i>
                <i>1 0 0 0 1 0 0 0 1 0.85 1.35 -1.88</i>
                <i>1 0 0 0 1 0 0 0 1 0.85 1.35 -1.88</i>
                <i>1 0 0 0 1 0 0 0 1 0.85 1.35 -1.88</i>
                <i>1 0 0 0 1 0 0 0 1 0.85 1.35 -1.88</i>
                <i>1 0 0 0 1 0 0 0 1 0.85 1.35 -1.88</i>
                <i>1 0 0 0 1 0 0 0 1 0.85 1.35 -1.88</i>
                <i>1 0 0 0 1 0 0 0 1 0.85 1.35 -1.88</i>
                <i>1 0 0 0 1 0 0 0 1 0.85 1.35 -1.88</i>
                <i>1 0 0 0 1 0 0 0 1 0.85 1.35 -1.88</i>
                <i>1 0 0 0 1 0 0 0 1 0.85 1.35 -1.88</i>
                <i>1 0 0 0 1 0 0 0 1 0.85 1.35 -1.88</i>
                <i>1 0 0 0 1 0 0 0 1 0.85 1.35 -1.88</i>
                <i>1 0 0 0 1 0 0 0 1 0.85 1.35 -1.88</i>
                <i>1 0 0 0 1 0 0 0 1 0.85 1.35 -1.88</i>
                <i>1 0 0 0 1 0 0 0 1 0.85 1.35 -1.88</i>
                <i>1 0 0 0 1 0 0 0 1 0.85 1.35 -1.88</i>
                <i>1 0 0 0 1 0 0 0 1 0.85 1.35 -1.88</i>
                <i>1 0 0 0 1 0 0 0 1 0.85 1.35 -1.88</i>
                <i>1 0 0 0 1 0 0 0 1 0.85 1.35 -1.88</i>
                <i>1 0 0 0 1 0 0 0 1 0.85 1.35 -1.88</i>
                <i>1 0 0 0 1 0 0 0 1 0.85 1.35 -1.88</i>
                <i>1 0 0 0 1 0 0 0 1 0.85 1.35 -1.88</i>
                <i>1 0 0 0 1 0 0 0 1 0.85 1.35 -1.88</i>
                <i>1 0 0 0 1 0 0 0 1 0.85 1.35 -1.88</i>
                <i>1 0 0 0 1 0 0 0 1 0.85 1.35 -1.88</i>
                <i>1 0 0 0 1 0 0 0 1 0.85 1.35 -1.88</i>
                <i>1 0 0 0 1 0 0 0 1 0.85 1.35 -1.88</i>
                <i>1 0 0 0 1 0 0 0 1 0.85 1.35 -1.88</i>
                <i>1 0 0 0 1 0 0 0 1 0.85 1.35 -1.88</i>
                <i>1 0 0 0 1 0 0 0 1 0.85 1.35 -1.88</i>
                <i>1 0 0 0 1 0 0 0 1 0.85 1.35 -1.88</i>
                <i>1 0 0 0 1 0 0 0 1 0.85 1.35 -1.88</i>
                <i>1 0 0 0 1 0 0 0 1 0.85 1.35 -1.88</i>
                <i>1 0 0 0 1 0 0 0 1 0.85 1.35 -1.88</i>
                <i>1 0 0 0 1 0 0 0 1 0.85 1.35 -1.88</i>
                <i>1 0 0 0 1 0 0 0 1 0.85 1.35 -1.88</i>
                <i>1 0 0 0 1 0 0 0 1 0.85 1.35 -1.88</i>
                <i>1 0 0 0 1 0 0 0 1 0.85 1.35 -1.88</i>
                <i>1 0 0 0 1 0 0 0 1 0.85 1.35 -1.88</i>
                <i>1 0 0 0 1 0 0 0 1 0.85 1.35 -1.88</i>
                <i>1 0 0 0 1 0 0 0 1 0.85 1.35 -1.88</i>
                <i>1 0 0 0 1 0 0 0 1 0.85 1.35 -1.88</i>
                <i>1 0 0 0 1 0 0 0 1 0.85 1.35 -1.88</i>
                <i>1 0 0 0 1 0 0 0 1 0.85 1.35 -1.88</i>
                <i>1 0 0 0 1 0 0 0 1 0.85 1.35 -1.88</i>
                <i>1 0 0 0 1 0 0 0 1 0.85 1.35 -1.88</i>
                <i>1 0 0 0 1 0 0 0 1 0.85 1.35 -1.88</i>
                <i>1 0 0 0 1 0 0 0 1 0.85 1.35 -1.88</i>
                <i>1 0 0 0 1 0 0 0 1 0.85 1.35 -1.88</i>
                <i>1 0 0 0 1 0 0 0 1 0.85 1.35 -1.88</i>
                <i>1 0 0 0 1 0 0 0 1 0.85 1.35 -1.88</i>
                <i>1 0 0 0 1 0 0 0 1 0.85 1.35 -1.88</i>
                <i>1 0 0 0 1 0 0 0 1 0.85 1.35 -1.88</i>
                <i>1 0 0 0 1 0 0 0 1 0.85 1.35 -1.88</i>
                <i>1 0 0 0 1 0 0 0 1 0.85 1.35 -1.88</i>
                <i>1 0 0 0 1 0 0 0 1 0.85 1.35 -1.88</i>
                <i>1 0 0 0 1 0 0 0 1 0.85 1.35 -1.88</i>
                <i>1 0 0 0 1 0 0 0 1 0.85 1.35 -1.88</i>
                <i>1 0 0 0 1 0 0 0 1 0.85 1.35 -1.88</i>
                <i>1 0 0 0 1 0 0 0 1 0.85 1.35 -1.88</i>
                <i>1 0 0 0 1 0 0 0 1 0.85 1.35 -1.88</i>
                <i>1 0 0 0 1 0 0 0 1 0.85 1.35 -1.88</i>
                <i>1 0 0 0 1 0 0 0 1 0.85 1.35 -1.88</i>
                <i>1 0 0 0 1 0 0 0 1 0.85 1.35 -1.88</i>
                <i>1 0 0 0 1 0 0 0 1 0.85 1.35 -1.88</i>
                <i>1 0 0 0 1 0 0 0 1 0.85 1.35 -1.88</i>
                <i>1 0 0 0 1 0 0 0 1 0.85 1.35 -1.88</i>
                <i>1 0 0 0 1 0 0 0 1 0.85 1.35 -1.88</i>
                <i>1 0 0 0 1 0 0 0 1 0.85 1.35 -1.88</i>
                <i>1 0 0 0 1 0 0 0 1 0.85 1.35 -1.88</i>
                <i>1 0 0 0 1 0 0 0 1 0.85 1.35 -1.88</i>
                <i>1 0 0 0 1 0 0 0 1 0.85 1.35 -1.88</i>
                <i>1 0 0 0 1 0 0 0 1 0.85 1.35 -1.88</i>
                <i>1 0 0 0 1 0 0 0 1 0.85 1.35 -1.88</i>
                <i>1 0 0 0 1 0 0 0 1 0.85 1.35 -1.88</i>
                <i>1 0 0 0 1 0 0 0 1 0.85 1.35 -1.88</i>
                <i>1 0 0 0 1 0 0 0 1 0.85 1.35 -1.88</i>
                <i>1 0 0 0 1 0 0 0 1 0.85 1.35 -1.88</i>
                <i>1 0 0 0 1 0 0 0 1 0.85 1.35 -1.88</i>
            </KeyFrames>
        </RefFrame>
        <Bones count="23">
            <i>
                <p>
                    <Name><![CDATA[pelvis]]></Name>
                    <Exclude>0</Exclude>
                    <Additive>0</Additive>
                    <IKPriority>0</IKPriority>
                    <IKRotLimits>-1e+010 -1e+010 -1e+010 1e+010 1e+010 1e+010</IKRotLimits>
                    <IKRotLimitOrder>2</IKRotLimitOrder>
                    <KeyFrames count="193">
                        <i>1 0 0 0 1 0 0 0 1 0.85 2.44766 -1.88</i>
                        <i>1 0 0 0 1 0 0 0 1 0.850594 2.44761 -1.88009</i>
                        <i>1 0 0 0 1 0 0 0 1 0.851427 2.44756 -1.88031</i>
                        <i>1 0 0 0 1 0 0 0 1 0.852517 2.44751 -1.88062</i>
                        <i>1 0 0 0 1 0 0 0 1 0.853883 2.44746 -1.88099</i>
                        <i>1 0 0 0 1 0 0 0 1 0.855554 2.4474 -1.88134</i>
                        <i>1 0 0 0 1 0 0 0 1 0.85759 2.44735 -1.88152</i>
                        <i>1 0 0 0 1 0 0 0 1 0.860114 2.4473 -1.88129</i>
                        <i>1 0 0 0 1 0 0 0 1 0.863057 2.44726 -1.88061</i>
                        <i>1 0 0 0 1 0 0 0 1 0.86561 2.44721 -1.88011</i>
                        <i>1 0 0 0 1 0 0 0 1 0.86746 2.44717 -1.88</i>
                        <i>1 0 0 0 1 0 0 0 1 0.869057 2.44713 -1.87999</i>
                        <i>1 0 0 0 1 0 0 0 1 0.870702 2.44709 -1.87997</i>
                        <i>1 0 0 0 1 0 0 0 1 0.872357 2.44706 -1.87994</i>
                        <i>1 0 0 0 1 0 0 0 1 0.873988 2.44702 -1.8799</i>
                        <i>1 0 0 0 1 0 0 0 1 0.875558 2.44699 -1.87987</i>
                        <i>1 0 0 0 1 0 0 0 1 0.87703 2.44696 -1.87985</i>
                        <i>1 0 0 0 1 0 0 0 1 0.878369 2.44694 -1.87985</i>
                        <i>1 0 0 0 1 0 0 0 1 0.879538 2.44691 -1.87987</i>
                        <i>1 0 0 0 1 0 0 0 1 0.880502 2.44689 -1.87992</i>
                        <i>1 0 0 0 1 0 0 0 1 0.881223 2.44687 -1.88</i>
                        <i>1 0 0 0 1 0 0 0 1 0.881767 2.44686 -1.88011</i>
                        <i>1 0 0 0 1 0 0 0 1 0.882226 2.44684 -1.88024</i>
                        <i>1 0 0 0 1 0 0 0 1 0.882608 2.44683 -1.88038</i>
                        <i>1 0 0 0 1 0 0 0 1 0.88292 2.44682 -1.88053</i>
                        <i>1 0 0 0 1 0 0 0 1 0.883169 2.44681 -1.8807</i>
                        <i>1 0 0 0 1 0 0 0 1 0.883362 2.44679 -1.88087</i>
                        <i>1 0 0 0 1 0 0 0 1 0.883506 2.44678 -1.88105</i>
                        <i>1 0 0 0 1 0 0 0 1 0.883609 2.44677 -1.88123</i>
                        <i>1 0 0 0 1 0 0 0 1 0.883677 2.44677 -1.88142</i>
                        <i>1 0 0 0 1 0 0 0 1 0.883719 2.44676 -1.8816</i>
                        <i>1 0 0 0 1 0 0 0 1 0.88374 2.44675 -1.88179</i>
                        <i>1 0 0 0 1 0 0 0 1 0.883749 2.44674 -1.88197</i>
                        <i>1 0 0 0 1 0 0 0 1 0.883752 2.44674 -1.88214</i>
                        <i>1 0 0 0 1 0 0 0 1 0.883757 2.44673 -1.88231</i>
                        <i>1 0 0 0 1 0 0 0 1 0.883771 2.44672 -1.88246</i>
                        <i>1 0 0 0 1 0 0 0 1 0.8838 2.44672 -1.88261</i>
                        <i>1 0 0 0 1 0 0 0 1 0.883853 2.44671 -1.88274</i>
                        <i>1 0 0 0 1 0 0 0 1 0.883936 2.44671 -1.88285</i>
                        <i>1 0 0 0 1 0 0 0 1 0.884005 2.4467 -1.88292</i>
                        <i>1 0 0 0 1 0 0 0 1 0.884021 2.4467 -1.88294</i>
                        <i>1 0 0 0 1 0 0 0 1 0.883995 2.44671 -1.88291</i>
                        <i>1 0 0 0 1 0 0 0 1 0.883941 2.44671 -1.88286</i>
                        <i>1 0 0 0 1 0 0 0 1 0.883871 2.44672 -1.88278</i>
                        <i>1 0 0 0 1 0 0 0 1 0.883798 2.44672 -1.88271</i>
                        <i>1 0 0 0 1 0 0 0 1 0.883735 2.44673 -1.88264</i>
                        <i>1 0 0 0 1 0 0 0 1 0.883664 2.44674 -1.88257</i>
                        <i>1 0 0 0 1 0 0 0 1 0.883567 2.44674 -1.88246</i>
                        <i>1 0 0 0 1 0 0 0 1 0.883455 2.44675 -1.88235</i>
                        <i>1 0 0 0 1 0 0 0 1 0.883339 2.44676 -1.88222</i>
                        <i>1 0 0 0 1 0 0 0 1 0.883228 2.44677 -1.8821</i>
                        <i>1 0 0 0 1 0 0 0 1 0.883123 2.44678 -1.88198</i>
                        <i>1 0 0 0 1 0 0 0 1 0.883023 2.44678 -1.88185</i>
                        <i>1 0 0 0 1 0 0 0 1 0.882925 2.44679 -1.88172</i>
                        <i>1 0 0 0 1 0 0 0 1 0.882829 2.4468 -1.88159</i>
                        <i>1 0 0 0 1 0 0 0 1 0.882733 2.44681 -1.88146</i>
                        <i>1 0 0 0 1 0 0 0 1 0.882634 2.44682 -1.88134</i>
                        <i>1 0 0 0 1 0 0 0 1 0.882531 2.44682 -1.88121</i>
                        <i>1 0 0 0 1 0 0 0 1 0.882422 2.44683 -1.88108</i>
                        <i>1 0 0 0 1 0 0 0 1 0.882305 2.44684 -1.88095</i>
                        <i>1 0 0 0 1 0 0 0 1 0.88218 2.44685 -1.88082</i>
                        <i>1 0 0 0 1 0 0 0 1 0.882043 2.44685 -1.8807</i>
                        <i>1 0 0 0 1 0 0 0 1 0.881893 2.44686 -1.88058</i>
                        <i>1 0 0 0 1 0 0 0 1 0.881729 2.44687 -1.88046</i>
                        <i>1 0 0 0 1 0 0 0 1 0.881549 2.44687 -1.88034</i>
                        <i>1 0 0 0 1 0 0 0 1 0.881333 2.44688 -1.88024</i>
                        <i>1 0 0 0 1 0 0 0 1 0.881073 2.4469 -1.88015</i>
                        <i>1 0 0 0 1 0 0 0 1 0.880779 2.44691 -1.88007</i>
                        <i>1 0 0 0 1 0 0 0 1 0.880461 2.44692 -1.88</i>
                        <i>1 0 0 0 1 0 0 0 1 0.880129 2.44694 -1.87993</i>
                        <i>1 0 0 0 1 0 0 0 1 0.879793 2.44694 -1.87985</i>
                        <i>1 0 0 0 1 0 0 0 1 0.879463 2.44694 -1.87977</i>
                        <i>1 0 0 0 1 0 0 0 1 0.879149 2.44694 -1.87966</i>
                        <i>1 0 0 0 1 0 0 0 1 0.878861 2.44693 -1.87953</i>
                        <i>1 0 0 0 1 0 0 0 1 0.878609 2.44693 -1.87937</i>
                        <i>1 0 0 0 1 0 0 0 1 0.878345 2.44691 -1.87916</i>
                        <i>1 0 0 0 1 0 0 0 1 0.878026 2.4469 -1.87887</i>
                        <i>1 0 0 0 1 0 0 0 1 0.87767 2.44688 -1.87853</i>
                        <i>1 0 0 0 1 0 0 0 1 0.877297 2.44686 -1.87816</i>
                        <i>1 0 0 0 1 0 0 0 1 0.876927 2.44683 -1.87778</i>
                        <i>1 0 0 0 1 0 0 0 1 0.876575 2.4468 -1.87742</i>
                        <i>1 0 0 0 1 0 0 0 1 0.876258 2.44676 -1.87708</i>
                        <i>1 0 0 0 1 0 0 0 1 0.875988 2.44671 -1.87679</i>
                        <i>1 0 0 0 1 0 0 0 1 0.875775 2.44665 -1.87655</i>
                        <i>1 0 0 0 1 0 0 0 1 0.875629 2.44657 -1.87637</i>
                        <i>1 0 0 0 1 0 0 0 1 0.875555 2.44649 -1.87628</i>
                        <i>1 0 0 0 1 0 0 0 1 0.875559 2.44638 -1.87626</i>
                        <i>1 0 0 0 1 0 0 0 1 0.875643 2.44626 -1.87632</i>
                        <i>1 0 0 0 1 0 0 0 1 0.875808 2.44611 -1.87647</i>
                        <i>1 0 0 0 1 0 0 0 1 0.876056 2.44593 -1.87671</i>
                        <i>1 0 0 0 1 0 0 0 1 0.876386 2.44572 -1.87704</i>
                        <i>1 0 0 0 1 0 0 0 1 0.876796 2.44548 -1.87745</i>
                        <i>1 0 0 0 1 0 0 0 1 0.877286 2.4452 -1.87796</i>
                        <i>1 0 0 0 1 0 0 0 1 0.877852 2.44489 -1.87855</i>
                        <i>1 0 0 0 1 0 0 0 1 0.878493 2.44453 -1.87923</i>
                        <i>1 0 0 0 1 0 0 0 1 0.879206 2.44415 -1.88</i>
                        <i>1 0 0 0 1 0 0 0 1 0.880095 2.44361 -1.88096</i>
                        <i>1 0 0 0 1 0 0 0 1 0.881277 2.4429 -1.88224</i>
                        <i>1 0 0 0 1 0 0 0 1 0.882768 2.44211 -1.88386</i>
                        <i>1 0 0 0 1 0 0 0 1 0.884576 2.44126 -1.88582</i>
                        <i>1 0 0 0 1 0 0 0 1 0.886701 2.44039 -1.88811</i>
                        <i>1 0 0 0 1 0 0 0 1 0.889131 2.43951 -1.89074</i>
                        <i>1 0 0 0 1 0 0 0 1 0.891833 2.43862 -1.89364</i>
                        <i>1 0 0 0 1 0 0 0 1 0.894752 2.43774 -1.89678</i>
                        <i>1 0 0 0 1 0 0 0 1 0.89781 2.43687 -1.90006</i>
                        <i>1 0 0 0 1 0 0 0 1 0.900906 2.43602 -1.90338</i>
                        <i>1 0 0 0 1 0 0 0 1 0.903929 2.4352 -1.90662</i>
                        <i>1 0 0 0 1 0 0 0 1 0.906765 2.43442 -1.90965</i>
                        <i>1 0 0 0 1 0 0 0 1 0.909318 2.43369 -1.91237</i>
                        <i>1 0 0 0 1 0 0 0 1 0.911513 2.43302 -1.91471</i>
                        <i>1 0 0 0 1 0 0 0 1 0.913306 2.43244 -1.91661</i>
                        <i>1 0 0 0 1 0 0 0 1 0.914828 2.43192 -1.9182</i>
                        <i>1 0 0 0 1 0 0 0 1 0.916232 2.43146 -1.91965</i>
                        <i>1 0 0 0 1 0 0 0 1 0.917515 2.43104 -1.92096</i>
                        <i>1 0 0 0 1 0 0 0 1 0.918677 2.43067 -1.92212</i>
                        <i>1 0 0 0 1 0 0 0 1 0.919717 2.43034 -1.92315</i>
                        <i>1 0 0 0 1 0 0 0 1 0.920633 2.43005 -1.92404</i>
                        <i>1 0 0 0 1 0 0 0 1 0.921425 2.42981 -1.9248</i>
                        <i>1 0 0 0 1 0 0 0 1 0.922091 2.4296 -1.92543</i>
                        <i>1 0 0 0 1 0 0 0 1 0.922631 2.42944 -1.92594</i>
                        <i>1 0 0 0 1 0 0 0 1 0.923043 2.42931 -1.92633</i>
                        <i>1 0 0 0 1 0 0 0 1 0.923327 2.42922 -1.9266</i>
                        <i>1 0 0 0 1 0 0 0 1 0.923481 2.42917 -1.92676</i>
                        <i>1 0 0 0 1 0 0 0 1 0.923504 2.42916 -1.92681</i>
                        <i>1 0 0 0 1 0 0 0 1 0.923428 2.42918 -1.92671</i>
                        <i>1 0 0 0 1 0 0 0 1 0.923261 2.42925 -1.92644</i>
                        <i>1 0 0 0 1 0 0 0 1 0.922972 2.42937 -1.92599</i>
                        <i>1 0 0 0 1 0 0 0 1 0.922527 2.42953 -1.92536</i>
                        <i>1 0 0 0 1 0 0 0 1 0.921893 2.42976 -1.92457</i>
                        <i>1 0 0 0 1 0 0 0 1 0.921038 2.43004 -1.92361</i>
                        <i>1 0 0 0 1 0 0 0 1 0.919928 2.43039 -1.9225</i>
                        <i>1 0 0 0 1 0 0 0 1 0.918531 2.4308 -1.92122</i>
                        <i>1 0 0 0 1 0 0 0 1 0.916814 2.43129 -1.91979</i>
                        <i>1 0 0 0 1 0 0 0 1 0.914743 2.43186 -1.91822</i>
                        <i>1 0 0 0 1 0 0 0 1 0.912287 2.4325 -1.9165</i>
                        <i>1 0 0 0 1 0 0 0 1 0.909358 2.43325 -1.91457</i>
                        <i>1 0 0 0 1 0 0 0 1 0.905941 2.43411 -1.91244</i>
                        <i>1 0 0 0 1 0 0 0 1 0.902109 2.43507 -1.91015</i>
                        <i>1 0 0 0 1 0 0 0 1 0.89794 2.4361 -1.90773</i>
                        <i>1 0 0 0 1 0 0 0 1 0.893519 2.43719 -1.90523</i>
                        <i>1 0 0 0 1 0 0 0 1 0.888937 2.43831 -1.90264</i>
                        <i>1 0 0 0 1 0 0 0 1 0.884285 2.43946 -1.89998</i>
                        <i>1 0 0 0 1 0 0 0 1 0.879649 2.44061 -1.89725</i>
                        <i>1 0 0 0 1 0 0 0 1 0.875105 2.44175 -1.89447</i>
                        <i>1 0 0 0 1 0 0 0 1 0.870724 2.44285 -1.89169</i>
                        <i>1 0 0 0 1 0 0 0 1 0.866569 2.44391 -1.88895</i>
                        <i>1 0 0 0 1 0 0 0 1 0.862704 2.4449 -1.8863</i>
                        <i>1 0 0 0 1 0 0 0 1 0.859196 2.4458 -1.88382</i>
                        <i>1 0 0 0 1 0 0 0 1 0.856121 2.44658 -1.88161</i>
                        <i>1 0 0 0 1 0 0 0 1 0.853572 2.44721 -1.87976</i>
                        <i>1 0 0 0 1 0 0 0 1 0.851668 2.44766 -1.87841</i>
                        <i>1 0 0 0 1 0 0 0 1 0.850264 2.44797 -1.87751</i>
                        <i>1 0 0 0 1 0 0 0 1 0.849074 2.44823 -1.87683</i>
                        <i>1 0 0 0 1 0 0 0 1 0.848049 2.44845 -1.87631</i>
                        <i>1 0 0 0 1 0 0 0 1 0.847159 2.44863 -1.87593</i>
                        <i>1 0 0 0 1 0 0 0 1 0.846382 2.44879 -1.87565</i>
                        <i>1 0 0 0 1 0 0 0 1 0.845701 2.44892 -1.87546</i>
                        <i>1 0 0 0 1 0 0 0 1 0.845106 2.44903 -1.87533</i>
                        <i>1 0 0 0 1 0 0 0 1 0.844588 2.44913 -1.87526</i>
                        <i>1 0 0 0 1 0 0 0 1 0.844141 2.44921 -1.87523</i>
                        <i>1 0 0 0 1 0 0 0 1 0.843759 2.44928 -1.87524</i>
                        <i>1 0 0 0 1 0 0 0 1 0.843436 2.44934 -1.87527</i>
                        <i>1 0 0 0 1 0 0 0 1 0.843163 2.44939 -1.87532</i>
                        <i>1 0 0 0 1 0 0 0 1 0.842934 2.44942 -1.87539</i>
                        <i>1 0 0 0 1 0 0 0 1 0.842741 2.44945 -1.87548</i>
                        <i>1 0 0 0 1 0 0 0 1 0.842595 2.44947 -1.87558</i>
                        <i>1 0 0 0 1 0 0 0 1 0.842509 2.44947 -1.87572</i>
                        <i>1 0 0 0 1 0 0 0 1 0.84248 2.44946 -1.87587</i>
                        <i>1 0 0 0 1 0 0 0 1 0.842503 2.44943 -1.87604</i>
                        <i>1 0 0 0 1 0 0 0 1 0.842574 2.44939 -1.87623</i>
                        <i>1 0 0 0 1 0 0 0 1 0.842689 2.44933 -1.87643</i>
                        <i>1 0 0 0 1 0 0 0 1 0.84284 2.44928 -1.87664</i>
                        <i>1 0 0 0 1 0 0 0 1 0.843024 2.44921 -1.87684</i>
                        <i>1 0 0 0 1 0 0 0 1 0.843235 2.44914 -1.87705</i>
                        <i>1 0 0 0 1 0 0 0 1 0.843466 2.44907 -1.87725</i>
                        <i>1 0 0 0 1 0 0 0 1 0.843713 2.449 -1.87744</i>
                        <i>1 0 0 0 1 0 0 0 1 0.843969 2.44894 -1.87761</i>
                        <i>1 0 0 0 1 0 0 0 1 0.844227 2.44887 -1.87777</i>
                        <i>1 0 0 0 1 0 0 0 1 0.844485 2.44879 -1.87791</i>
                        <i>1 0 0 0 1 0 0 0 1 0.844746 2.44871 -1.87806</i>
                        <i>1 0 0 0 1 0 0 0 1 0.845013 2.44863 -1.8782</i>
                        <i>1 0 0 0 1 0 0 0 1 0.845289 2.44854 -1.87833</i>
                        <i>1 0 0 0 1 0 0 0 1 0.845576 2.44845 -1.87846</i>
                        <i>1 0 0 0 1 0 0 0 1 0.845879 2.44836 -1.8786</i>
                        <i>1 0 0 0 1 0 0 0 1 0.846199 2.44826 -1.87873</i>
                        <i>1 0 0 0 1 0 0 0 1 0.846541 2.44817 -1.87887</i>
                        <i>1 0 0 0 1 0 0 0 1 0.846909 2.44809 -1.87901</i>
                        <i>1 0 0 0 1 0 0 0 1 0.847307 2.448 -1.87915</i>
                        <i>1 0 0 0 1 0 0 0 1 0.847741 2.44792 -1.8793</i>
                        <i>1 0 0 0 1 0 0 0 1 0.848218 2.44785 -1.87946</i>
                        <i>1 0 0 0 1 0 0 0 1 0.848745 2.44778 -1.87963</i>
                        <i>1 0 0 0 1 0 0 0 1 0.849335 2.44772 -1.87981</i>
                        <i>1 0 0 0 1 0 0 0 1 0.85 2.44766 -1.88</i>
                    </KeyFrames>
                </p>
            </i>
            <i>
                <p>
                    <Name><![CDATA[spine0]]></Name>
                    <Exclude>0</Exclude>
                    <Additive>0</Additive>
                    <IKPriority>0</IKPriority>
                    <IKRotLimits>-1e+010 -1e+010 -1e+010 1e+010 1e+010 1e+010</IKRotLimits>
                    <IKRotLimitOrder>0</IKRotLimitOrder>
                    <KeyFrames count="193">
                        <i>-0.168749 0.969568 0.177377 -0.724509 -4.44089e-016 -0.689266 -0.66829 -0.244824 0.70246 0.876204 2.58641 -1.90754</i>
                        <i>-0.164066 0.970633 0.175937 -0.726243 0.0018472 -0.687436 -0.667573 -0.240558 0.704612 0.876938 2.58636 -1.90751</i>
                        <i>-0.159259 0.971689 0.174518 -0.728249 0.00372296 -0.685303 -0.666551 -0.236233 0.707038 0.877904 2.5863 -1.9076</i>
                        <i>-0.154344 0.972728 0.173144 -0.730592 0.00561202 -0.682791 -0.665142 -0.231882 0.709801 0.879116 2.58625 -1.90781</i>
                        <i>-0.14933 0.973741 0.171842 -0.733371 0.00749931 -0.679788 -0.663226 -0.227536 0.712993 0.880589 2.58619 -1.9081</i>
                        <i>-0.144213 0.974721 0.170651 -0.736735 0.0093699 -0.676117 -0.660624 -0.223229 0.71676 0.882344 2.58614 -1.90838</i>
                        <i>-0.138966 0.975661 0.169629 -0.740942 0.0112089 -0.671476 -0.657034 -0.218997 0.72135 0.884426 2.58608 -1.90854</i>
                        <i>-0.133504 0.976553 0.168883 -0.746481 0.0130011 -0.66528 -0.651876 -0.214885 0.727242 0.886935 2.58603 -1.90835</i>
                        <i>-0.127585 0.977384 0.168649 -0.754489 0.0147299 -0.656147 -0.643792 -0.210959 0.735546 0.889749 2.58598 -1.90779</i>
                        <i>-0.120483 0.978129 0.169549 -0.768022 0.0163718 -0.640214 -0.628988 -0.207353 0.749252 0.891907 2.58594 -1.90765</i>
                        <i>-0.112915 0.978797 0.170902 -0.783979 0.0179066 -0.620529 -0.610432 -0.204051 0.765334 0.893213 2.58591 -1.908</i>
                        <i>-0.107206 0.979488 0.170616 -0.792596 0.0194063 -0.609438 -0.600248 -0.200565 0.774258 0.894596 2.58588 -1.90816</i>
                        <i>-0.102042 0.980201 0.169689 -0.798864 0.0209045 -0.601148 -0.592793 -0.1969 0.780914 0.896141 2.58584 -1.90822</i>
                        <i>-0.0971706 0.980907 0.168463 -0.804081 0.0223778 -0.594098 -0.586525 -0.193187 0.786554 0.897747 2.58581 -1.90824</i>
                        <i>-0.092572 0.981587 0.167085 -0.808616 0.0238052 -0.587855 -0.581009 -0.189527 0.791523 0.899357 2.58577 -1.90822</i>
                        <i>-0.0882732 0.982225 0.165658 -0.812627 0.0251667 -0.582241 -0.57606 -0.186014 0.795961 0.900923 2.58574 -1.9082</i>
                        <i>-0.084319 0.982806 0.164264 -0.816193 0.026443 -0.577174 -0.571594 -0.182738 0.799929 0.902401 2.58571 -1.90819</i>
                        <i>-0.0807627 0.983319 0.162979 -0.819346 0.0276152 -0.572633 -0.567581 -0.179784 0.803448 0.903748 2.58568 -1.9082</i>
                        <i>-0.0776641 0.983751 0.161871 -0.822088 0.0286653 -0.568638 -0.564038 -0.177235 0.806504 0.904925 2.58565 -1.90823</i>
                        <i>-0.0750903 0.984093 0.161003 -0.824383 0.0295759 -0.56526 -0.56103 -0.175174 0.809048 0.905892 2.58562 -1.9083</i>
                        <i>-0.0731212 0.984336 0.160425 -0.826139 0.0303303 -0.56265 -0.558702 -0.173675 0.81098 0.906616 2.5856 -1.90842</i>
                        <i>-0.0715822 0.984519 0.159995 -0.827455 0.0309539 -0.560678 -0.556951 -0.172523 0.812429 0.907162 2.58557 -1.90857</i>
                        <i>-0.0702243 0.98469 0.159545 -0.828546 0.0314892 -0.559035 -0.555499 -0.171448 0.81365 0.907624 2.58555 -1.90875</i>
                        <i>-0.0690331 0.984849 0.15908 -0.829426 0.0319456 -0.557702 -0.554334 -0.170445 0.814655 0.908009 2.58552 -1.90894</i>
                        <i>-0.0679946 0.984998 0.158607 -0.83011 0.0323323 -0.556662 -0.553439 -0.169511 0.815458 0.908325 2.5855 -1.90914</i>
                        <i>-0.0670952 0.985136 0.158129 -0.83061 0.0326588 -0.555896 -0.552797 -0.168642 0.816073 0.90858 2.58547 -1.90936</i>
                        <i>-0.0663213 0.985265 0.157652 -0.83094 0.0329341 -0.555386 -0.552394 -0.167834 0.816512 0.908781 2.58545 -1.90958</i>
                        <i>-0.0656598 0.985385 0.157181 -0.831114 0.0331673 -0.555112 -0.552213 -0.167084 0.816789 0.908936 2.58543 -1.90982</i>
                        <i>-0.0650976 0.985495 0.156721 -0.831143 0.0333675 -0.555057 -0.552235 -0.16639 0.816915 0.909053 2.5854 -1.91005</i>
                        <i>-0.0646219 0.985597 0.156275 -0.83104 0.0335438 -0.5552 -0.552446 -0.165749 0.816903 0.909139 2.58538 -1.91028</i>
                        <i>-0.06422 0.985691 0.155849 -0.830818 0.0337049 -0.555523 -0.552826 -0.165158 0.816765 0.909201 2.58536 -1.91052</i>
                        <i>-0.0638793 0.985777 0.155447 -0.830489 0.0338598 -0.556005 -0.55336 -0.164614 0.816514 0.909248 2.58534 -1.91074</i>
                        <i>-0.0635872 0.985855 0.155073 -0.830065 0.0340174 -0.556628 -0.55403 -0.164115 0.81616 0.909287 2.58532 -1.91096</i>
                        <i>-0.0633315 0.985925 0.15473 -0.829558 0.0341864 -0.557373 -0.554817 -0.163657 0.815717 0.909325 2.5853 -1.91117</i>
                        <i>-0.0630996 0.985988 0.154424 -0.828981 0.0343757 -0.558219 -0.555705 -0.163238 0.815196 0.90937 2.58528 -1.91136</i>
                        <i>-0.0628794 0.986043 0.154158 -0.828346 0.0345941 -0.559147 -0.556677 -0.162855 0.81461 0.90943 2.58526 -1.91154</i>
                        <i>-0.0626584 0.986092 0.153936 -0.827665 0.0348502 -0.560139 -0.557714 -0.162505 0.81397 0.909512 2.58524 -1.9117</i>
                        <i>-0.0624245 0.986134 0.153762 -0.82695 0.0351529 -0.561175 -0.558799 -0.162185 0.81329 0.909624 2.58522 -1.91183</i>
                        <i>-0.0621653 0.98617 0.153639 -0.826215 0.0355107 -0.562235 -0.559915 -0.161891 0.81258 0.909773 2.58521 -1.91194</i>
                        <i>-0.0619821 0.986201 0.153513 -0.824948 0.0359553 -0.564064 -0.5618 -0.161602 0.811336 0.909946 2.58519 -1.91197</i>
                        <i>-0.0619592 0.98623 0.153333 -0.822792 0.0364889 -0.567171 -0.564956 -0.161303 0.809201 0.910124 2.58518 -1.9119</i>
                        <i>-0.0620645 0.986257 0.153119 -0.819983 0.0370771 -0.571186 -0.569013 -0.161005 0.806413 0.9103 2.58517 -1.91174</i>
                        <i>-0.0622651 0.986279 0.152893 -0.816764 0.0376879 -0.57574 -0.573603 -0.160726 0.803211 0.91047 2.58517 -1.91153</i>
                        <i>-0.0625227 0.986297 0.152671 -0.813382 0.0382905 -0.580469 -0.578361 -0.160472 0.799842 0.910628 2.58516 -1.9113</i>
                        <i>-0.0628002 0.986311 0.152469 -0.810092 0.0388542 -0.585014 -0.58293 -0.160253 0.796563 0.910772 2.58516 -1.91105</i>
                        <i>-0.0630613 0.98632 0.152305 -0.807159 0.0393487 -0.589022 -0.586957 -0.160079 0.793635 0.910895 2.58516 -1.91083</i>
                        <i>-0.0633238 0.98633 0.152129 -0.804268 0.0398173 -0.592931 -0.590883 -0.159899 0.790752 0.911005 2.58517 -1.9106</i>
                        <i>-0.0635854 0.986348 0.151903 -0.801284 0.0402749 -0.596927 -0.594895 -0.159673 0.787784 0.911095 2.58517 -1.91035</i>
                        <i>-0.0637817 0.986372 0.151662 -0.798752 0.0406486 -0.600285 -0.59827 -0.159428 0.785275 0.911139 2.58517 -1.9101</i>
                        <i>-0.0638647 0.986398 0.151458 -0.797229 0.040863 -0.602293 -0.60029 -0.159212 0.783775 0.911114 2.58518 -1.9099</i>
                        <i>-0.0638914 0.986422 0.151292 -0.796398 0.0409605 -0.603384 -0.601389 -0.15904 0.782967 0.911049 2.58518 -1.90973</i>
                        <i>-0.0639465 0.986443 0.15113 -0.795573 0.0410353 -0.604467 -0.602474 -0.158888 0.782164 0.91099 2.58519 -1.90957</i>
                        <i>-0.0640349 0.98646 0.150981 -0.794756 0.041089 -0.605537 -0.603542 -0.158769 0.781364 0.910935 2.5852 -1.9094</i>
                        <i>-0.0641619 0.986471 0.150857 -0.793948 0.0411236 -0.606593 -0.60459 -0.158692 0.780568 0.910883 2.5852 -1.90924</i>
                        <i>-0.0643328 0.986474 0.150766 -0.793153 0.0411408 -0.607632 -0.605616 -0.158671 0.779778 0.91083 2.58521 -1.90907</i>
                        <i>-0.0645528 0.986467 0.150719 -0.792371 0.0411423 -0.608651 -0.606615 -0.158716 0.778992 0.910775 2.58522 -1.90891</i>
                        <i>-0.0648274 0.986448 0.150727 -0.791605 0.0411299 -0.609647 -0.607584 -0.158838 0.778211 0.910716 2.58522 -1.90874</i>
                        <i>-0.0651619 0.986415 0.150799 -0.790858 0.0411052 -0.610618 -0.608521 -0.159049 0.777435 0.91065 2.58523 -1.90858</i>
                        <i>-0.0655618 0.986366 0.150945 -0.79013 0.0410701 -0.611561 -0.609423 -0.159362 0.776665 0.910575 2.58524 -1.90842</i>
                        <i>-0.0660188 0.986307 0.151132 -0.789425 0.0410093 -0.612475 -0.610286 -0.159742 0.775908 0.91049 2.58524 -1.90826</i>
                        <i>-0.0665129 0.986243 0.151328 -0.788744 0.0409197 -0.613358 -0.611112 -0.160156 0.775172 0.910391 2.58525 -1.9081</i>
                        <i>-0.0670338 0.986174 0.151549 -0.78809 0.040818 -0.614205 -0.611899 -0.160607 0.774458 0.910277 2.58526 -1.90795</i>
                        <i>-0.0675823 0.986098 0.151801 -0.787464 0.040707 -0.615014 -0.612644 -0.161102 0.773766 0.910147 2.58527 -1.9078</i>
                        <i>-0.0681667 0.986014 0.152084 -0.78687 0.0405801 -0.615784 -0.613343 -0.161646 0.773098 0.909996 2.58528 -1.90765</i>
                        <i>-0.0687928 0.985922 0.1524 -0.786308 0.0404329 -0.616511 -0.613993 -0.162245 0.772456 0.909824 2.58529 -1.90751</i>
                        <i>-0.0694882 0.985822 0.152729 -0.785782 0.0402314 -0.617194 -0.614588 -0.1629 0.771845 0.909608 2.5853 -1.90738</i>
                        <i>-0.0702682 0.985715 0.153065 -0.785295 0.039958 -0.617832 -0.615122 -0.163615 0.771269 0.909335 2.58532 -1.90728</i>
                        <i>-0.0711246 0.985598 0.153423 -0.784848 0.0396286 -0.61842 -0.615594 -0.164398 0.770725 0.909019 2.58534 -1.90719</i>
                        <i>-0.0720473 0.98547 0.153811 -0.784442 0.0392561 -0.618958 -0.616003 -0.16525 0.770216 0.90867 2.58537 -1.9071</i>
                        <i>-0.0730177 0.985332 0.154241 -0.78408 0.0388616 -0.619442 -0.61635 -0.166167 0.769741 0.908301 2.58539 -1.90702</i>
                        <i>-0.0740169 0.985181 0.154724 -0.783762 0.0384668 -0.619868 -0.616634 -0.167147 0.769301 0.907924 2.5854 -1.90693</i>
                        <i>-0.0750257 0.985019 0.155272 -0.783491 0.0380936 -0.620234 -0.616857 -0.168188 0.768895 0.907548 2.58542 -1.90683</i>
                        <i>-0.0760247 0.984843 0.155896 -0.783268 0.037764 -0.620537 -0.617019 -0.169285 0.768525 0.907187 2.58543 -1.9067</i>
                        <i>-0.0769945 0.984655 0.156609 -0.783094 0.0375001 -0.620772 -0.617119 -0.170436 0.76819 0.906852 2.58544 -1.90654</i>
                        <i>-0.0779156 0.984453 0.157422 -0.78297 0.0373241 -0.620938 -0.61716 -0.171638 0.767889 0.906556 2.58545 -1.90634</i>
                        <i>-0.0787889 0.984243 0.158295 -0.782912 0.0372059 -0.621019 -0.617124 -0.172861 0.767644 0.906247 2.58545 -1.90608</i>
                        <i>-0.0796269 0.984033 0.159182 -0.782928 0.0371028 -0.621005 -0.616995 -0.174076 0.767473 0.90588 2.58546 -1.90575</i>
                        <i>-0.0803984 0.98383 0.160044 -0.783016 0.0370167 -0.620899 -0.616784 -0.175236 0.767379 0.905472 2.58546 -1.90537</i>
                        <i>-0.081086 0.983641 0.160859 -0.783172 0.0369465 -0.620707 -0.616496 -0.176311 0.767364 0.905043 2.58545 -1.90496</i>
                        <i>-0.0817092 0.98346 0.161648 -0.783392 0.0368912 -0.620432 -0.616133 -0.177329 0.767421 0.904611 2.58545 -1.90454</i>
                        <i>-0.0822874 0.983283 0.162431 -0.783674 0.0368496 -0.620078 -0.615698 -0.178318 0.767541 0.904194 2.58543 -1.90413</i>
                        <i>-0.0828402 0.983104 0.163231 -0.784013 0.0368207 -0.619651 -0.615192 -0.179307 0.767716 0.903805 2.58541 -1.90375</i>
                        <i>-0.083387 0.982918 0.164069 -0.784407 0.0368033 -0.619154 -0.614616 -0.180326 0.767939 0.903459 2.58539 -1.9034</i>
                        <i>-0.083947 0.98272 0.164966 -0.784851 0.0367966 -0.618591 -0.613972 -0.181403 0.7682 0.903164 2.58536 -1.90311</i>
                        <i>-0.0845397 0.982505 0.165945 -0.785343 0.0367994 -0.617966 -0.613261 -0.182566 0.768492 0.902929 2.58531 -1.90288</i>
                        <i>-0.0851842 0.982266 0.167026 -0.785878 0.0368109 -0.617285 -0.612486 -0.183845 0.768805 0.90276 2.58526 -1.90271</i>
                        <i>-0.0858995 0.981998 0.168231 -0.786453 0.0368302 -0.616551 -0.611647 -0.185267 0.769132 0.902661 2.58518 -1.90262</i>
                        <i>-0.0867045 0.981694 0.169583 -0.787065 0.0368564 -0.615768 -0.610746 -0.186863 0.769462 0.902636 2.5851 -1.9026</i>
                        <i>-0.0876182 0.981349 0.171103 -0.78771 0.0368886 -0.61494 -0.609783 -0.18866 0.769787 0.902684 2.58499 -1.90266</i>
                        <i>-0.0886593 0.980956 0.172814 -0.788385 0.0369261 -0.614073 -0.60876 -0.190687 0.770097 0.902807 2.58486 -1.90279</i>
