<?xml version="1.0" encoding="ISO-8859-1" ?>
<Animl Version="1">
    <ModellingPackage><![CDATA[Maya.2010]]></ModellingPackage>
    <SrcFile><![CDATA[anims\turrets\artillery\red\~src\artillery_2a36\artillery_2a36_idle_crewman_c.mb]]></SrcFile>
    <FramesPerSecond>30</FramesPerSecond>
    <TotalFrames>65</TotalFrames>
    <Skeleton>
        <RefFrame>
            <Name><![CDATA[soldier_ref_frame]]></Name>
            <Exclude>0</Exclude>
            <Additive>0</Additive>
            <IKPriority>0</IKPriority>
            <IKRotLimits>-1e+010 -1e+010 -1e+010 1e+010 1e+010 1e+010</IKRotLimits>
            <IKRotLimitOrder>0</IKRotLimitOrder>
            <KeyFrames count="65">
                <i>1 0 0 0 1 0 0 0 1 -1.27535 1.33674 -2.39289</i>
                <i>1 0 0 0 1 0 0 0 1 -1.27535 1.33674 -2.39289</i>
                <i>1 0 0 0 1 0 0 0 1 -1.27535 1.33674 -2.39289</i>
                <i>1 0 0 0 1 0 0 0 1 -1.27535 1.33674 -2.39289</i>
                <i>1 0 0 0 1 0 0 0 1 -1.27535 1.33674 -2.39289</i>
                <i>1 0 0 0 1 0 0 0 1 -1.27535 1.33674 -2.39289</i>
                <i>1 0 0 0 1 0 0 0 1 -1.27535 1.33674 -2.39289</i>
                <i>1 0 0 0 1 0 0 0 1 -1.27535 1.33674 -2.39289</i>
                <i>1 0 0 0 1 0 0 0 1 -1.27535 1.33674 -2.39289</i>
                <i>1 0 0 0 1 0 0 0 1 -1.27535 1.33674 -2.39289</i>
                <i>1 0 0 0 1 0 0 0 1 -1.27535 1.33674 -2.39289</i>
                <i>1 0 0 0 1 0 0 0 1 -1.27535 1.33674 -2.39289</i>
                <i>1 0 0 0 1 0 0 0 1 -1.27535 1.33674 -2.39289</i>
                <i>1 0 0 0 1 0 0 0 1 -1.27535 1.33674 -2.39289</i>
                <i>1 0 0 0 1 0 0 0 1 -1.27535 1.33674 -2.39289</i>
                <i>1 0 0 0 1 0 0 0 1 -1.27535 1.33674 -2.39289</i>
                <i>1 0 0 0 1 0 0 0 1 -1.27535 1.33674 -2.39289</i>
                <i>1 0 0 0 1 0 0 0 1 -1.27535 1.33674 -2.39289</i>
                <i>1 0 0 0 1 0 0 0 1 -1.27535 1.33674 -2.39289</i>
                <i>1 0 0 0 1 0 0 0 1 -1.27535 1.33674 -2.39289</i>
                <i>1 0 0 0 1 0 0 0 1 -1.27535 1.33674 -2.39289</i>
                <i>1 0 0 0 1 0 0 0 1 -1.27535 1.33674 -2.39289</i>
                <i>1 0 0 0 1 0 0 0 1 -1.27535 1.33674 -2.39289</i>
                <i>1 0 0 0 1 0 0 0 1 -1.27535 1.33674 -2.39289</i>
                <i>1 0 0 0 1 0 0 0 1 -1.27535 1.33674 -2.39289</i>
                <i>1 0 0 0 1 0 0 0 1 -1.27535 1.33674 -2.39289</i>
                <i>1 0 0 0 1 0 0 0 1 -1.27535 1.33674 -2.39289</i>
                <i>1 0 0 0 1 0 0 0 1 -1.27535 1.33674 -2.39289</i>
                <i>1 0 0 0 1 0 0 0 1 -1.27535 1.33674 -2.39289</i>
                <i>1 0 0 0 1 0 0 0 1 -1.27535 1.33674 -2.39289</i>
                <i>1 0 0 0 1 0 0 0 1 -1.27535 1.33674 -2.39289</i>
                <i>1 0 0 0 1 0 0 0 1 -1.27535 1.33674 -2.39289</i>
                <i>1 0 0 0 1 0 0 0 1 -1.27535 1.33674 -2.39289</i>
                <i>1 0 0 0 1 0 0 0 1 -1.27535 1.33674 -2.39289</i>
                <i>1 0 0 0 1 0 0 0 1 -1.27535 1.33674 -2.39289</i>
                <i>1 0 0 0 1 0 0 0 1 -1.27535 1.33674 -2.39289</i>
                <i>1 0 0 0 1 0 0 0 1 -1.27535 1.33674 -2.39289</i>
                <i>1 0 0 0 1 0 0 0 1 -1.27535 1.33674 -2.39289</i>
                <i>1 0 0 0 1 0 0 0 1 -1.27535 1.33674 -2.39289</i>
                <i>1 0 0 0 1 0 0 0 1 -1.27535 1.33674 -2.39289</i>
                <i>1 0 0 0 1 0 0 0 1 -1.27535 1.33674 -2.39289</i>
                <i>1 0 0 0 1 0 0 0 1 -1.27535 1.33674 -2.39289</i>
                <i>1 0 0 0 1 0 0 0 1 -1.27535 1.33674 -2.39289</i>
                <i>1 0 0 0 1 0 0 0 1 -1.27535 1.33674 -2.39289</i>
                <i>1 0 0 0 1 0 0 0 1 -1.27535 1.33674 -2.39289</i>
                <i>1 0 0 0 1 0 0 0 1 -1.27535 1.33674 -2.39289</i>
                <i>1 0 0 0 1 0 0 0 1 -1.27535 1.33674 -2.39289</i>
                <i>1 0 0 0 1 0 0 0 1 -1.27535 1.33674 -2.39289</i>
                <i>1 0 0 0 1 0 0 0 1 -1.27535 1.33674 -2.39289</i>
                <i>1 0 0 0 1 0 0 0 1 -1.27535 1.33674 -2.39289</i>
                <i>1 0 0 0 1 0 0 0 1 -1.27535 1.33674 -2.39289</i>
                <i>1 0 0 0 1 0 0 0 1 -1.27535 1.33674 -2.39289</i>
                <i>1 0 0 0 1 0 0 0 1 -1.27535 1.33674 -2.39289</i>
                <i>1 0 0 0 1 0 0 0 1 -1.27535 1.33674 -2.39289</i>
                <i>1 0 0 0 1 0 0 0 1 -1.27535 1.33674 -2.39289</i>
                <i>1 0 0 0 1 0 0 0 1 -1.27535 1.33674 -2.39289</i>
                <i>1 0 0 0 1 0 0 0 1 -1.27535 1.33674 -2.39289</i>
                <i>1 0 0 0 1 0 0 0 1 -1.27535 1.33674 -2.39289</i>
                <i>1 0 0 0 1 0 0 0 1 -1.27535 1.33674 -2.39289</i>
                <i>1 0 0 0 1 0 0 0 1 -1.27535 1.33674 -2.39289</i>
                <i>1 0 0 0 1 0 0 0 1 -1.27535 1.33674 -2.39289</i>
                <i>1 0 0 0 1 0 0 0 1 -1.27535 1.33674 -2.39289</i>
                <i>1 0 0 0 1 0 0 0 1 -1.27535 1.33674 -2.39289</i>
                <i>1 0 0 0 1 0 0 0 1 -1.27535 1.33674 -2.39289</i>
                <i>1 0 0 0 1 0 0 0 1 -1.27535 1.33674 -2.39289</i>
            </KeyFrames>
        </RefFrame>
        <Bones count="23">
            <i>
                <p>
                    <Name><![CDATA[pelvis]]></Name>
                    <Exclude>0</Exclude>
                    <Additive>0</Additive>
                    <IKPriority>0</IKPriority>
                    <IKRotLimits>-1e+010 -1e+010 -1e+010 1e+010 1e+010 1e+010</IKRotLimits>
                    <IKRotLimitOrder>2</IKRotLimitOrder>
                    <KeyFrames count="65">
                        <i>1 0 0 0 1 0 0 0 1 -1.22005 1.93791 -2.18581</i>
                        <i>1 0 0 0 1 0 0 0 1 -1.22005 1.93874 -2.18581</i>
                        <i>1 0 0 0 1 0 0 0 1 -1.22005 1.93953 -2.18581</i>
                        <i>1 0 0 0 1 0 0 0 1 -1.22005 1.94028 -2.18581</i>
                        <i>1 0 0 0 1 0 0 0 1 -1.22005 1.94097 -2.18581</i>
                        <i>1 0 0 0 1 0 0 0 1 -1.22005 1.94162 -2.18581</i>
                        <i>1 0 0 0 1 0 0 0 1 -1.22005 1.9422 -2.18581</i>
                        <i>1 0 0 0 1 0 0 0 1 -1.22005 1.9427 -2.18581</i>
                        <i>1 0 0 0 1 0 0 0 1 -1.22005 1.94314 -2.18581</i>
                        <i>1 0 0 0 1 0 0 0 1 -1.22005 1.94349 -2.18581</i>
                        <i>1 0 0 0 1 0 0 0 1 -1.22005 1.94374 -2.18581</i>
                        <i>1 0 0 0 1 0 0 0 1 -1.22005 1.9439 -2.18581</i>
                        <i>1 0 0 0 1 0 0 0 1 -1.22005 1.94396 -2.18581</i>
                        <i>1 0 0 0 1 0 0 0 1 -1.22005 1.9439 -2.18581</i>
                        <i>1 0 0 0 1 0 0 0 1 -1.22005 1.94374 -2.18581</i>
                        <i>1 0 0 0 1 0 0 0 1 -1.22005 1.94349 -2.18581</i>
                        <i>1 0 0 0 1 0 0 0 1 -1.22005 1.94314 -2.18581</i>
                        <i>1 0 0 0 1 0 0 0 1 -1.22005 1.9427 -2.18581</i>
                        <i>1 0 0 0 1 0 0 0 1 -1.22005 1.9422 -2.18581</i>
                        <i>1 0 0 0 1 0 0 0 1 -1.22005 1.94162 -2.18581</i>
                        <i>1 0 0 0 1 0 0 0 1 -1.22005 1.94097 -2.18581</i>
                        <i>1 0 0 0 1 0 0 0 1 -1.22005 1.94028 -2.18581</i>
                        <i>1 0 0 0 1 0 0 0 1 -1.22005 1.93953 -2.18581</i>
                        <i>1 0 0 0 1 0 0 0 1 -1.22005 1.93874 -2.18581</i>
                        <i>1 0 0 0 1 0 0 0 1 -1.22005 1.93791 -2.18581</i>
                        <i>1 0 0 0 1 0 0 0 1 -1.22005 1.93706 -2.18581</i>
                        <i>1 0 0 0 1 0 0 0 1 -1.22005 1.93619 -2.18581</i>
                        <i>1 0 0 0 1 0 0 0 1 -1.22005 1.9353 -2.18581</i>
                        <i>1 0 0 0 1 0 0 0 1 -1.22005 1.93441 -2.18581</i>
                        <i>1 0 0 0 1 0 0 0 1 -1.22005 1.93351 -2.18581</i>
                        <i>1 0 0 0 1 0 0 0 1 -1.22005 1.93263 -2.18581</i>
                        <i>1 0 0 0 1 0 0 0 1 -1.22005 1.93175 -2.18581</i>
                        <i>1 0 0 0 1 0 0 0 1 -1.22005 1.9309 -2.18581</i>
                        <i>1 0 0 0 1 0 0 0 1 -1.22005 1.93008 -2.18581</i>
                        <i>1 0 0 0 1 0 0 0 1 -1.22005 1.92929 -2.18581</i>
                        <i>1 0 0 0 1 0 0 0 1 -1.22005 1.92854 -2.18581</i>
                        <i>1 0 0 0 1 0 0 0 1 -1.22005 1.92784 -2.18581</i>
                        <i>1 0 0 0 1 0 0 0 1 -1.22005 1.9272 -2.18581</i>
                        <i>1 0 0 0 1 0 0 0 1 -1.22005 1.92662 -2.18581</i>
                        <i>1 0 0 0 1 0 0 0 1 -1.22005 1.92611 -2.18581</i>
                        <i>1 0 0 0 1 0 0 0 1 -1.22005 1.92568 -2.18581</i>
                        <i>1 0 0 0 1 0 0 0 1 -1.22005 1.92533 -2.18581</i>
                        <i>1 0 0 0 1 0 0 0 1 -1.22005 1.92507 -2.18581</i>
                        <i>1 0 0 0 1 0 0 0 1 -1.22005 1.92491 -2.18581</i>
                        <i>1 0 0 0 1 0 0 0 1 -1.22005 1.92486 -2.18581</i>
                        <i>1 0 0 0 1 0 0 0 1 -1.22005 1.92491 -2.18581</i>
                        <i>1 0 0 0 1 0 0 0 1 -1.22005 1.92507 -2.18581</i>
                        <i>1 0 0 0 1 0 0 0 1 -1.22005 1.92533 -2.18581</i>
                        <i>1 0 0 0 1 0 0 0 1 -1.22005 1.92568 -2.18581</i>
                        <i>1 0 0 0 1 0 0 0 1 -1.22005 1.92611 -2.18581</i>
                        <i>1 0 0 0 1 0 0 0 1 -1.22005 1.92662 -2.18581</i>
                        <i>1 0 0 0 1 0 0 0 1 -1.22005 1.9272 -2.18581</i>
                        <i>1 0 0 0 1 0 0 0 1 -1.22005 1.92784 -2.18581</i>
                        <i>1 0 0 0 1 0 0 0 1 -1.22005 1.92854 -2.18581</i>
                        <i>1 0 0 0 1 0 0 0 1 -1.22005 1.92929 -2.18581</i>
                        <i>1 0 0 0 1 0 0 0 1 -1.22005 1.93008 -2.18581</i>
                        <i>1 0 0 0 1 0 0 0 1 -1.22005 1.9309 -2.18581</i>
                        <i>1 0 0 0 1 0 0 0 1 -1.22005 1.93175 -2.18581</i>
                        <i>1 0 0 0 1 0 0 0 1 -1.22005 1.93263 -2.18581</i>
                        <i>1 0 0 0 1 0 0 0 1 -1.22005 1.93351 -2.18581</i>
                        <i>1 0 0 0 1 0 0 0 1 -1.22005 1.93441 -2.18581</i>
                        <i>1 0 0 0 1 0 0 0 1 -1.22005 1.9353 -2.18581</i>
                        <i>1 0 0 0 1 0 0 0 1 -1.22005 1.93619 -2.18581</i>
                        <i>1 0 0 0 1 0 0 0 1 -1.22005 1.93706 -2.18581</i>
                        <i>1 0 0 0 1 0 0 0 1 -1.22005 1.93791 -2.18581</i>
                    </KeyFrames>
                </p>
            </i>
            <i>
                <p>
                    <Name><![CDATA[spine0]]></Name>
                    <Exclude>0</Exclude>
                    <Additive>0</Additive>
                    <IKPriority>0</IKPriority>
                    <IKRotLimits>-1e+010 -1e+010 -1e+010 1e+010 1e+010 1e+010</IKRotLimits>
                    <IKRotLimitOrder>0</IKRotLimitOrder>
                    <KeyFrames count="65">
                        <i>-0.034271 0.978574 0.203025 -0.99931 -0.0306389 -0.0210072 -0.0143367 -0.203605 0.978948 -1.23098 2.0657 -2.25099</i>
                        <i>-0.0342936 0.978752 0.20216 -0.999309 -0.0306759 -0.0210024 -0.0143547 -0.20274 0.979127 -1.23098 2.06652 -2.25099</i>
                        <i>-0.0343202 0.978962 0.201137 -0.999308 -0.0307195 -0.0209967 -0.0143761 -0.201719 0.979338 -1.23098 2.06731 -2.25099</i>
                        <i>-0.0343501 0.979196 0.199986 -0.999306 -0.0307686 -0.0209903 -0.0144003 -0.200568 0.979574 -1.23098 2.06806 -2.25099</i>
                        <i>-0.0343824 0.97945 0.198734 -0.999305 -0.0308218 -0.0209833 -0.0144268 -0.199318 0.979829 -1.23098 2.06876 -2.25099</i>
                        <i>-0.0344164 0.979717 0.197411 -0.999303 -0.0308779 -0.020976 -0.0144549 -0.197995 0.980096 -1.23098 2.0694 -2.25099</i>
                        <i>-0.0344514 0.97999 0.196043 -0.999301 -0.0309357 -0.0209685 -0.0144842 -0.196628 0.980371 -1.23098 2.06998 -2.25099</i>
                        <i>-0.0344867 0.980265 0.194659 -0.9993 -0.030994 -0.0209609 -0.0145139 -0.195245 0.980647 -1.23098 2.07049 -2.25099</i>
                        <i>-0.0345215 0.980535 0.193287 -0.999298 -0.0310517 -0.0209533 -0.0145436 -0.193874 0.980919 -1.23098 2.07092 -2.25099</i>
                        <i>-0.0345551 0.980796 0.191953 -0.999297 -0.0311075 -0.020946 -0.0145726 -0.192542 0.98118 -1.23098 2.07127 -2.25099</i>
                        <i>-0.0345869 0.981041 0.190687 -0.999295 -0.0311605 -0.0209391 -0.0146003 -0.191277 0.981428 -1.23098 2.07153 -2.25099</i>
                        <i>-0.0346162 0.981268 0.189514 -0.999294 -0.0312093 -0.0209328 -0.014626 -0.190105 0.981655 -1.23098 2.07169 -2.25099</i>
                        <i>-0.0346424 0.981469 0.188462 -0.999292 -0.0312531 -0.0209271 -0.0146492 -0.189053 0.981858 -1.23098 2.07174 -2.25099</i>
                        <i>-0.0346578 0.981588 0.187839 -0.999292 -0.0312789 -0.0209237 -0.014663 -0.188432 0.981977 -1.23098 2.07169 -2.25099</i>
                        <i>-0.0346755 0.981724 0.187127 -0.999291 -0.0313084 -0.0209198 -0.0146788 -0.187719 0.982113 -1.23098 2.07153 -2.25099</i>
                        <i>-0.0346948 0.981872 0.186344 -0.99929 -0.0313408 -0.0209156 -0.0146963 -0.186938 0.982262 -1.23098 2.07127 -2.25099</i>
                        <i>-0.0347152 0.982028 0.185514 -0.999289 -0.0313751 -0.0209111 -0.0147148 -0.186108 0.982419 -1.23098 2.07092 -2.25099</i>
                        <i>-0.0347363 0.982189 0.184657 -0.999288 -0.0314105 -0.0209065 -0.014734 -0.185251 0.982581 -1.23098 2.07049 -2.25099</i>
                        <i>-0.0347574 0.98235 0.183793 -0.999287 -0.031446 -0.0209019 -0.0147534 -0.184389 0.982743 -1.23098 2.06998 -2.25099</i>
                        <i>-0.0347781 0.982508 0.182945 -0.999286 -0.0314808 -0.0208973 -0.0147725 -0.183541 0.982901 -1.23098 2.0694 -2.25099</i>
                        <i>-0.0347978 0.982658 0.182132 -0.999285 -0.0315142 -0.020893 -0.0147909 -0.182729 0.983052 -1.23098 2.06876 -2.25099</i>
                        <i>-0.0348161 0.982797 0.181375 -0.999284 -0.0315451 -0.0208889 -0.0148081 -0.181973 0.983192 -1.23098 2.06806 -2.25099</i>
                        <i>-0.0348326 0.982922 0.180696 -0.999283 -0.0315729 -0.0208853 -0.0148235 -0.181294 0.983317 -1.23098 2.06731 -2.25099</i>
                        <i>-0.0348466 0.983028 0.180114 -0.999283 -0.0315966 -0.0208822 -0.0148368 -0.180713 0.983424 -1.23098 2.06652 -2.25099</i>
                        <i>-0.0348577 0.983113 0.179651 -0.999282 -0.0316155 -0.0208797 -0.0148474 -0.18025 0.983509 -1.23098 2.0657 -2.25099</i>
                        <i>-0.0348655 0.983172 0.179327 -0.999282 -0.0316287 -0.020878 -0.0148548 -0.179926 0.983568 -1.23098 2.06485 -2.25099</i>
                        <i>-0.0348695 0.983202 0.179162 -0.999281 -0.0316354 -0.0208771 -0.0148586 -0.179761 0.983598 -1.23098 2.06397 -2.25099</i>
                        <i>-0.0348691 0.983199 0.179177 -0.999281 -0.0316348 -0.0208772 -0.0148582 -0.179776 0.983595 -1.23098 2.06309 -2.25099</i>
                        <i>-0.0348639 0.983159 0.179393 -0.999282 -0.031626 -0.0208784 -0.0148533 -0.179993 0.983556 -1.23098 2.06219 -2.25099</i>
                        <i>-0.034855 0.983092 0.179762 -0.999282 -0.031611 -0.0208803 -0.0148448 -0.180361 0.983488 -1.23098 2.0613 -2.25099</i>
                        <i>-0.0348441 0.98301 0.180217 -0.999283 -0.0315925 -0.0208827 -0.0148345 -0.180815 0.983405 -1.23098 2.06041 -2.25099</i>
                        <i>-0.0348312 0.982912 0.180752 -0.999283 -0.0315706 -0.0208856 -0.0148223 -0.181349 0.983307 -1.23098 2.05954 -2.25099</i>
                        <i>-0.0348165 0.9828 0.18136 -0.999284 -0.0315457 -0.0208888 -0.0148084 -0.181958 0.983195 -1.23098 2.05869 -2.25099</i>
                        <i>-0.0348001 0.982675 0.182038 -0.999285 -0.031518 -0.0208925 -0.014793 -0.182635 0.98307 -1.23098 2.05786 -2.25099</i>
                        <i>-0.0347821 0.982539 0.182778 -0.999286 -0.0314877 -0.0208964 -0.0147763 -0.183374 0.982932 -1.23098 2.05707 -2.25099</i>
                        <i>-0.0347627 0.982391 0.183574 -0.999287 -0.031455 -0.0209007 -0.0147583 -0.18417 0.982784 -1.23098 2.05632 -2.25099</i>
                        <i>-0.034742 0.982233 0.184422 -0.999288 -0.0314201 -0.0209052 -0.0147393 -0.185017 0.982625 -1.23098 2.05563 -2.25099</i>
                        <i>-0.0347201 0.982066 0.185314 -0.999289 -0.0313834 -0.02091 -0.0147193 -0.185908 0.982457 -1.23098 2.05498 -2.25099</i>
                        <i>-0.0346972 0.98189 0.186246 -0.99929 -0.0313449 -0.0209151 -0.0146985 -0.186839 0.982281 -1.23098 2.0544 -2.25099</i>
                        <i>-0.0346734 0.981708 0.18721 -0.999291 -0.031305 -0.0209203 -0.014677 -0.187803 0.982097 -1.23098 2.0539 -2.25099</i>
                        <i>-0.0346488 0.981519 0.188202 -0.999292 -0.0312639 -0.0209256 -0.014655 -0.188794 0.981907 -1.23098 2.05346 -2.25099</i>
                        <i>-0.0346236 0.981325 0.189215 -0.999293 -0.0312218 -0.0209311 -0.0146326 -0.189806 0.981713 -1.23098 2.05311 -2.25099</i>
                        <i>-0.034598 0.981127 0.190244 -0.999295 -0.0311789 -0.0209367 -0.01461 -0.190834 0.981514 -1.23098 2.05286 -2.25099</i>
                        <i>-0.034572 0.980926 0.191281 -0.999296 -0.0311356 -0.0209424 -0.0145873 -0.19187 0.981312 -1.23098 2.0527 -2.25099</i>
                        <i>-0.0345458 0.980724 0.192322 -0.999297 -0.0310921 -0.0209481 -0.0145646 -0.19291 0.981108 -1.23098 2.05264 -2.25099</i>
                        <i>-0.0345196 0.980521 0.193359 -0.999298 -0.0310486 -0.0209537 -0.014542 -0.193947 0.980904 -1.23098 2.0527 -2.25099</i>
                        <i>-0.0344936 0.980318 0.194388 -0.999299 -0.0310054 -0.0209594 -0.0145198 -0.194975 0.980701 -1.23098 2.05286 -2.25099</i>
                        <i>-0.0344678 0.980117 0.195401 -0.999301 -0.0309627 -0.0209649 -0.0144979 -0.195987 0.980499 -1.23098 2.05311 -2.25099</i>
                        <i>-0.0344425 0.97992 0.196393 -0.999302 -0.0309209 -0.0209704 -0.0144767 -0.196979 0.980301 -1.23098 2.05346 -2.25099</i>
                        <i>-0.0344178 0.979727 0.197358 -0.999303 -0.0308801 -0.0209757 -0.0144561 -0.197942 0.980107 -1.23098 2.0539 -2.25099</i>
                        <i>-0.0343939 0.97954 0.198288 -0.999304 -0.0308407 -0.0209809 -0.0144363 -0.198872 0.979919 -1.23098 2.0544 -2.25099</i>
                        <i>-0.034371 0.97936 0.199178 -0.999305 -0.0308029 -0.0209858 -0.0144174 -0.199761 0.979739 -1.23098 2.05498 -2.25099</i>
                        <i>-0.0343492 0.979189 0.200022 -0.999306 -0.030767 -0.0209905 -0.0143996 -0.200604 0.979567 -1.23098 2.05563 -2.25099</i>
                        <i>-0.0343287 0.979028 0.200813 -0.999307 -0.0307334 -0.0209949 -0.0143829 -0.201395 0.979405 -1.23098 2.05632 -2.25099</i>
                        <i>-0.0343096 0.978878 0.201545 -0.999308 -0.0307021 -0.020999 -0.0143676 -0.202126 0.979254 -1.23098 2.05707 -2.25099</i>
                        <i>-0.0342923 0.978741 0.202212 -0.999309 -0.0306737 -0.0210027 -0.0143536 -0.202792 0.979117 -1.23098 2.05786 -2.25099</i>
                        <i>-0.0342767 0.978619 0.202807 -0.999309 -0.0306482 -0.021006 -0.0143412 -0.203387 0.978993 -1.23098 2.05869 -2.25099</i>
                        <i>-0.0342632 0.978512 0.203323 -0.99931 -0.0306261 -0.0210089 -0.0143304 -0.203903 0.978886 -1.23098 2.05954 -2.25099</i>
                        <i>-0.0342519 0.978422 0.203756 -0.999311 -0.0306076 -0.0210113 -0.0143215 -0.204335 0.978796 -1.23098 2.06041 -2.25099</i>
                        <i>-0.034243 0.978352 0.204097 -0.999311 -0.0305929 -0.0210132 -0.0143144 -0.204676 0.978725 -1.23098 2.0613 -2.25099</i>
                        <i>-0.0342365 0.978301 0.204342 -0.999311 -0.0305824 -0.0210146 -0.0143093 -0.20492 0.978674 -1.23098 2.06219 -2.25099</i>
                        <i>-0.0342352 0.978291 0.204391 -0.999311 -0.0305803 -0.0210149 -0.0143083 -0.204969 0.978664 -1.23098 2.06309 -2.25099</i>
                        <i>-0.0342411 0.978337 0.204169 -0.999311 -0.0305898 -0.0210136 -0.0143129 -0.204748 0.97871 -1.23098 2.06397 -2.25099</i>
                        <i>-0.0342533 0.978433 0.203704 -0.999311 -0.0306098 -0.021011 -0.0143225 -0.204283 0.978807 -1.23098 2.06485 -2.25099</i>
                        <i>-0.034271 0.978574 0.203025 -0.99931 -0.0306389 -0.0210072 -0.0143367 -0.203605 0.978948 -1.23098 2.0657 -2.25099</i>
                    </KeyFrames>
                </p>
            </i>
            <i>
                <p>
                    <Name><![CDATA[spine1]]></Name>
                    <Exclude>0</Exclude>
                    <Additive>0</Additive>
                    <IKPriority>0</IKPriority>
                    <IKRotLimits>-1e+010 -1e+010 -1e+010 1e+010 1e+010 1e+010</IKRotLimits>
                    <IKRotLimitOrder>0</IKRotLimitOrder>
                    <KeyFrames count="65">
                        <i>0.0660759 0.746598 0.661986 -0.995637 0.093143 -0.00566895 -0.0658918 -0.658723 0.749495 -1.23717 2.24253 -2.21436</i>
                        <i>0.0660796 0.748144 0.660238 -0.995645 0.0930468 -0.0057866 -0.0657622 -0.65698 0.751034 -1.23717 2.24335 -2.21452</i>
                        <i>0.0660841 0.749967 0.658165 -0.995655 0.0929332 -0.00592547 -0.0656094 -0.654914 0.75285 -1.23718 2.24413 -2.21472</i>
                        <i>0.0660894 0.752017 0.655822 -0.995666 0.0928056 -0.00608162 -0.0654374 -0.652578 0.754891 -1.23718 2.24486 -2.21494</i>
                        <i>0.0660953 0.754241 0.653263 -0.995678 0.092667 -0.00625113 -0.0652508 -0.650026 0.757105 -1.23718 2.24555 -2.21517</i>
                        <i>0.0661018 0.756587 0.650544 -0.99569 0.0925208 -0.00643011 -0.0650538 -0.647315 0.759442 -1.23719 2.24618 -2.21542</i>
                        <i>0.0661089 0.759005 0.64772 -0.995703 0.09237 -0.00661471 -0.0648505 -0.644499 0.76185 -1.23719 2.24675 -2.21568</i>
                        <i>0.0661163 0.761445 0.644849 -0.995716 0.0922178 -0.00680115 -0.0646453 -0.641636 0.76428 -1.2372 2.24725 -2.21594</i>
                        <i>0.066124 0.763858 0.641988 -0.995728 0.0920672 -0.0069857 -0.0644421 -0.638783 0.766683 -1.2372 2.24767 -2.2162</i>
                        <i>0.0661317 0.766196 0.639194 -0.99574 0.0919211 -0.00716466 -0.064245 -0.635998 0.769012 -1.2372 2.248 -2.21645</i>
                        <i>0.0661393 0.768412 0.636528 -0.995752 0.0917827 -0.00733441 -0.0640581 -0.633339 0.771218 -1.23721 2.24825 -2.21669</i>
                        <i>0.0661466 0.770459 0.634049 -0.995763 0.0916547 -0.00749133 -0.0638853 -0.630867 0.773257 -1.23721 2.24839 -2.21692</i>
                        <i>0.0661533 0.77229 0.631816 -0.995772 0.0915401 -0.00763189 -0.0637305 -0.62864 0.775081 -1.23721 2.24844 -2.21711</i>
                        <i>0.0661573 0.773372 0.630491 -0.995778 0.0914724 -0.00771496 -0.0636391 -0.627318 0.776158 -1.23722 2.24837 -2.21723</i>
                        <i>0.0661621 0.77461 0.628969 -0.995784 0.091395 -0.00781003 -0.0635344 -0.625801 0.777391 -1.23722 2.24821 -2.21737</i>
                        <i>0.0661673 0.775965 0.627296 -0.995791 0.0913101 -0.00791424 -0.0634196 -0.624132 0.778741 -1.23722 2.24794 -2.21751</i>
                        <i>0.066173 0.777402 0.625514 -0.995798 0.0912201 -0.00802474 -0.0632979 -0.622355 0.780172 -1.23722 2.24758 -2.21767</i>
                        <i>0.0661791 0.778882 0.623669 -0.995806 0.0911273 -0.00813872 -0.0631723 -0.620515 0.781646 -1.23722 2.24714 -2.21783</i>
                        <i>0.0661852 0.78037 0.621805 -0.995814 0.0910339 -0.00825337 -0.0630461 -0.618656 0.783128 -1.23723 2.24662 -2.21799</i>
                        <i>0.0661914 0.78183 0.619968 -0.995821 0.0909423 -0.00836593 -0.0629221 -0.616824 0.784582 -1.23723 2.24603 -2.21815</i>
                        <i>0.0661975 0.783226 0.618203 -0.995828 0.0908547 -0.00847363 -0.0628034 -0.615063 0.785973 -1.23723 2.24537 -2.21831</i>
                        <i>0.0662032 0.784523 0.616556 -0.995835 0.0907732 -0.00857376 -0.0626931 -0.61342 0.787264 -1.23723 2.24467 -2.21845</i>
                        <i>0.0662084 0.785685 0.615073 -0.995841 0.0907002 -0.0086636 -0.0625941 -0.611941 0.788422 -1.23724 2.24391 -2.21857</i>
                        <i>0.0662129 0.786679 0.613801 -0.995846 0.0906377 -0.00874045 -0.0625094 -0.610672 0.789412 -1.23724 2.24311 -2.21868</i>
                        <i>0.0662166 0.78747 0.612786 -0.99585 0.090588 -0.00880163 -0.062442 -0.60966 0.7902 -1.23724 2.24228 -2.21877</i>
                        <i>0.0662192 0.788023 0.612074 -0.995852 0.0905532 -0.00884444 -0.0623949 -0.60895 0.790751 -1.23724 2.24143 -2.21883</i>
                        <i>0.0662205 0.788304 0.611712 -0.995854 0.0905355 -0.0088662 -0.0623709 -0.608588 0.791031 -1.23724 2.24055 -2.21886</i>
                        <i>0.0662204 0.788278 0.611745 -0.995854 0.0905371 -0.00886418 -0.0623731 -0.608622 0.791005 -1.23724 2.23966 -2.21886</i>
                        <i>0.0662187 0.78791 0.61222 -0.995852 0.0905603 -0.00883564 -0.0624046 -0.609096 0.790638 -1.23724 2.23877 -2.21882</i>
                        <i>0.0662157 0.787281 0.613029 -0.995849 0.0905999 -0.00878697 -0.0624582 -0.609903 0.790011 -1.23724 2.23788 -2.21875</i>
                        <i>0.0662122 0.786504 0.614025 -0.995845 0.0906487 -0.00872693 -0.0625243 -0.610896 0.789238 -1.23724 2.237 -2.21866</i>
                        <i>0.066208 0.78559 0.615195 -0.99584 0.0907061 -0.00865626 -0.0626022 -0.612062 0.788328 -1.23724 2.23614 -2.21856</i>
                        <i>0.0662033 0.784548 0.616524 -0.995835 0.0907716 -0.00857573 -0.0626909 -0.613388 0.78729 -1.23723 2.23529 -2.21845</i>
                        <i>0.0661982 0.783387 0.617999 -0.995829 0.0908446 -0.00848607 -0.0627897 -0.614859 0.786133 -1.23723 2.23448 -2.21832</i>
                        <i>0.0661927 0.782117 0.619606 -0.995822 0.0909243 -0.00838804 -0.0628977 -0.616463 0.784868 -1.23723 2.2337 -2.21818</i>
                        <i>0.0661868 0.780747 0.621332 -0.995815 0.0910103 -0.00828241 -0.0630141 -0.618184 0.783504 -1.23723 2.23296 -2.21803</i>
                        <i>0.0661807 0.779287 0.623163 -0.995808 0.0911019 -0.00816991 -0.063138 -0.62001 0.782049 -1.23723 2.23227 -2.21787</i>
                        <i>0.0661744 0.777747 0.625085 -0.9958 0.0911984 -0.0080513 -0.0632686 -0.621927 0.780515 -1.23722 2.23164 -2.21771</i>
                        <i>0.066168 0.776136 0.627085 -0.995792 0.0912994 -0.00792736 -0.0634051 -0.623921 0.778911 -1.23722 2.23107 -2.21753</i>
                        <i>0.0661615 0.774464 0.629149 -0.995783 0.0914041 -0.00779886 -0.0635467 -0.62598 0.777246 -1.23722 2.23057 -2.21735</i>
                        <i>0.066155 0.772742 0.631263 -0.995775 0.0915119 -0.00766656 -0.0636924 -0.628089 0.775531 -1.23721 2.23015 -2.21716</i>
                        <i>0.0661485 0.770979 0.633416 -0.995765 0.0916222 -0.00753125 -0.0638414 -0.630235 0.773775 -1.23721 2.22982 -2.21697</i>
                        <i>0.066142 0.769186 0.635593 -0.995756 0.0917343 -0.00739373 -0.0639928 -0.632406 0.771989 -1.23721 2.22957 -2.21678</i>
                        <i>0.0661357 0.767373 0.637781 -0.995747 0.0918476 -0.00725479 -0.0641458 -0.634588 0.770184 -1.23721 2.22942 -2.21658</i>
                        <i>0.0661296 0.765551 0.639968 -0.995737 0.0919614 -0.00711524 -0.0642994 -0.636769 0.768369 -1.2372 2.22938 -2.21639</i>
                        <i>0.0661236 0.76373 0.64214 -0.995728 0.0920751 -0.0069759 -0.0644528 -0.638935 0.766556 -1.2372 2.22944 -2.21619</i>
                        <i>0.0661178 0.761922 0.644285 -0.995718 0.092188 -0.0068376 -0.0646051 -0.641075 0.764755 -1.2372 2.22961 -2.216</i>
                        <i>0.0661123 0.760137 0.646391 -0.995709 0.0922994 -0.00670116 -0.0647553 -0.643174 0.762977 -1.23719 2.22988 -2.2158</i>
                        <i>0.0661071 0.758386 0.648445 -0.9957 0.0924086 -0.00656743 -0.0649026 -0.645222 0.761233 -1.23719 2.23024 -2.21562</i>
                        <i>0.0661021 0.75668 0.650435 -0.995691 0.092515 -0.00643726 -0.0650459 -0.647206 0.759535 -1.23719 2.23068 -2.21543</i>
                        <i>0.0660975 0.755032 0.652348 -0.995682 0.0926177 -0.00631151 -0.0651843 -0.649113 0.757894 -1.23718 2.2312 -2.21526</i>
                        <i>0.0660932 0.753452 0.654172 -0.995673 0.0927161 -0.00619104 -0.065317 -0.650932 0.75632 -1.23718 2.23178 -2.21509</i>
                        <i>0.0660892 0.751953 0.655896 -0.995665 0.0928096 -0.00607673 -0.0654428 -0.652651 0.754827 -1.23718 2.23243 -2.21493</i>
                        <i>0.0660855 0.750545 0.657507 -0.995658 0.0928973 -0.00596945 -0.0655609 -0.654257 0.753425 -1.23718 2.23314 -2.21478</i>
                        <i>0.0660823 0.74924 0.658994 -0.995651 0.0929785 -0.00587008 -0.0656703 -0.65574 0.752126 -1.23717 2.23389 -2.21464</i>
                        <i>0.0660794 0.74805 0.660344 -0.995644 0.0930526 -0.0057795 -0.0657701 -0.657086 0.750941 -1.23717 2.23468 -2.21451</i>
                        <i>0.0660768 0.746988 0.661546 -0.995639 0.0931187 -0.00569862 -0.0658591 -0.658284 0.749883 -1.23717 2.23551 -2.2144</i>
                        <i>0.0660747 0.746064 0.662588 -0.995634 0.0931762 -0.0056283 -0.0659365 -0.659323 0.748963 -1.23717 2.23637 -2.2143</i>
                        <i>0.0660729 0.74529 0.663459 -0.99563 0.0932244 -0.00556943 -0.0660014 -0.660191 0.748192 -1.23717 2.23725 -2.21422</i>
                        <i>0.0660715 0.744678 0.664145 -0.995626 0.0932624 -0.0055229 -0.0660526 -0.660875 0.747583 -1.23717 2.23814 -2.21416</i>
                        <i>0.0660705 0.74424 0.664636 -0.995624 0.0932897 -0.00548957 -0.0660893 -0.661365 0.747147 -1.23717 2.23903 -2.21411</i>
                        <i>0.0660703 0.744152 0.664735 -0.995623 0.0932952 -0.00548289 -0.0660966 -0.661463 0.74706 -1.23717 2.23993 -2.2141</i>
                        <i>0.0660712 0.74455 0.664289 -0.995626 0.0932704 -0.00551315 -0.0660633 -0.661019 0.747456 -1.23717 2.24081 -2.21414</i>
                        <i>0.0660731 0.745383 0.663354 -0.99563 0.0932186 -0.00557649 -0.0659936 -0.660087 0.748285 -1.23717 2.24168 -2.21423</i>
                        <i>0.0660759 0.746598 0.661986 -0.995637 0.093143 -0.00566895 -0.0658918 -0.658723 0.749495 -1.23717 2.24253 -2.21436</i>
                    </KeyFrames>
                </p>
            </i>
            <i>
                <p>
                    <Name><![CDATA[spine2]]></Name>
                    <Exclude>0</Exclude>
                    <Additive>0</Additive>
                    <IKPriority>0</IKPriority>
                    <IKRotLimits>-1e+010 -1e+010 -1e+010 1e+010 1e+010 1e+010</IKRotLimits>
                    <IKRotLimitOrder>0</IKRotLimitOrder>
                    <KeyFrames count="65">
                        <i>0.0826284 0.665557 0.741759 -0.995393 0.091444 0.0288321 -0.0486399 -0.740724 0.670047 -1.22623 2.36627 -2.10428</i>
                        <i>0.0826869 0.667642 0.739876 -0.995389 0.091553 0.0286276 -0.0486249 -0.738832 0.672134 -1.22623 2.36732 -2.10476</i>
                        <i>0.0827563 0.670104 0.73764 -0.995384 0.0916816 0.0283852 -0.048607 -0.736584 0.674598 -1.22624 2.36838 -2.10533</i>
                        <i>0.0828348 0.672872 0.735107 -0.995378 0.0918261 0.0281113 -0.0485867 -0.734038 0.677368 -1.22625 2.36942 -2.10596</i>
                        <i>0.0829207 0.675876 0.732335 -0.995372 0.0919828 0.0278123 -0.0485646 -0.731252 0.680376 -1.22625 2.37044 -2.10666</i>
                        <i>0.083012 0.679049 0.729384 -0.995366 0.092148 0.0274948 -0.048541 -0.728286 0.683552 -1.22626 2.37142 -2.1074</i>
                        <i>0.083107 0.682322 0.726313 -0.995359 0.0923182 0.0271653 -0.0485164 -0.7252 0.686827 -1.22626 2.37235 -2.10816</i>
                        <i>0.0832036 0.685627 0.723183 -0.995352 0.0924899 0.0268305 -0.0484914 -0.722054 0.690135 -1.22627 2.37321 -2.10894</i>
                        <i>0.0833 0.688897 0.720057 -0.995345 0.0926595 0.026497 -0.0484664 -0.718912 0.693409 -1.22628 2.37399 -2.10971</i>
                        <i>0.0833943 0.692068 0.716998 -0.995338 0.0928238 0.0261717 -0.0484419 -0.715839 0.696583 -1.22628 2.37467 -2.11046</i>
                        <i>0.0834843 0.695076 0.714073 -0.995332 0.0929794 0.0258613 -0.0484185 -0.712899 0.699593 -1.22629 2.37524 -2.11117</i>
                        <i>0.0835681 0.697855 0.711347 -0.995326 0.093123 0.0255728 -0.0483967 -0.710159 0.702376 -1.22629 2.37569 -2.11183</i>
                        <i>0.0836437 0.700344 0.708888 -0.995321 0.0932515 0.0253131 -0.0483769 -0.707688 0.704867 -1.2263 2.37601 -2.11243</i>
                        <i>0.0836885 0.701815 0.707426 -0.995318 0.0933273 0.0251591 -0.0483652 -0.706219 0.706339 -1.2263 2.37611 -2.11278</i>
                        <i>0.0837401 0.703498 0.705747 -0.995314 0.093414 0.0249822 -0.0483517 -0.704532 0.708024 -1.2263 2.37612 -2.11319</i>
                        <i>0.0837968 0.705342 0.703897 -0.99531 0.093509 0.0247878 -0.0483368 -0.702673 0.70987 -1.22631 2.37606 -2.11363</i>
                        <i>0.0838573 0.707297 0.701925 -0.995306 0.0936095 0.0245808 -0.048321 -0.700691 0.711826 -1.22631 2.37591 -2.11411</i>
                        <i>0.0839199 0.709313 0.69988 -0.995301 0.0937131 0.0243665 -0.0483045 -0.698636 0.713844 -1.22632 2.37568 -2.11459</i>
                        <i>0.0839832 0.71134 0.697812 -0.995297 0.0938172 0.0241502 -0.0482878 -0.696558 0.715874 -1.22632 2.37538 -2.11509</i>
                        <i>0.0840457 0.71333 0.695771 -0.995292 0.0939192 0.023937 -0.0482713 -0.694507 0.717865 -1.22632 2.37501 -2.11557</i>
                        <i>0.0841058 0.715233 0.693807 -0.995288 0.0940167 0.0237322 -0.0482554 -0.692533 0.71977 -1.22633 2.37456 -2.11604</i>
                        <i>0.0841618 0.717002 0.691972 -0.995284 0.0941073 0.0235412 -0.0482406 -0.69069 0.72154 -1.22633 2.37404 -2.11647</i>
                        <i>0.0842123 0.718588 0.690318 -0.99528 0.0941884 0.0233692 -0.0482272 -0.689028 0.723128 -1.22633 2.37346 -2.11686</i>
                        <i>0.0842557 0.719945 0.688898 -0.995277 0.0942578 0.0232217 -0.0482157 -0.687601 0.724486 -1.22633 2.37281 -2.1172</i>
                        <i>0.0842904 0.721024 0.687764 -0.995274 0.0943129 0.023104 -0.0482064 -0.686461 0.725567 -1.22634 2.37209 -2.11746</i>
                        <i>0.0843146 0.72178 0.686968 -0.995273 0.0943515 0.0230215 -0.0482 -0.685661 0.726323 -1.22634 2.37132 -2.11765</i>
                        <i>0.084327 0.722164 0.686563 -0.995272 0.0943711 0.0229796 -0.0481967 -0.685254 0.726707 -1.22634 2.37048 -2.11775</i>
                        <i>0.0843259 0.722128 0.686601 -0.995272 0.0943693 0.0229835 -0.048197 -0.685292 0.726672 -1.22634 2.36959 -2.11774</i>
                        <i>0.0843096 0.721625 0.687132 -0.995273 0.0943436 0.0230385 -0.0482013 -0.685826 0.726168 -1.22634 2.36865 -2.11761</i>
                        <i>0.084282 0.720766 0.688036 -0.995275 0.0942997 0.0231322 -0.0482086 -0.686734 0.725308 -1.22634 2.36767 -2.1174</i>
                        <i>0.0842481 0.719706 0.689148 -0.995277 0.0942456 0.0232477 -0.0482177 -0.687852 0.724247 -1.22633 2.36667 -2.11714</i>
                        <i>0.0842082 0.718458 0.690454 -0.99528 0.0941818 0.0233833 -0.0482283 -0.689164 0.722998 -1.22633 2.36567 -2.11683</i>
                        <i>0.0841629 0.717036 0.691936 -0.995284 0.0941091 0.0235374 -0.0482403 -0.690654 0.721575 -1.22633 2.36467 -2.11648</i>
                        <i>0.0841127 0.715453 0.693579 -0.995287 0.094028 0.0237085 -0.0482536 -0.692305 0.71999 -1.22633 2.36369 -2.11609</i>
                        <i>0.084058 0.713721 0.695368 -0.995291 0.0939393 0.023895 -0.0482681 -0.694102 0.718256 -1.22632 2.36272 -2.11567</i>
                        <i>0.0839993 0.711853 0.697287 -0.995295 0.0938435 0.0240952 -0.0482836 -0.69603 0.716387 -1.22632 2.36178 -2.11521</i>
                        <i>0.0839371 0.709864 0.699319 -0.9953 0.0937415 0.0243078 -0.0483 -0.698072 0.714396 -1.22632 2.36088 -2.11473</i>
                        <i>0.0838718 0.707767 0.70145 -0.995304 0.0936337 0.0245309 -0.0483171 -0.700213 0.712297 -1.22631 2.36002 -2.11422</i>
                        <i>0.083804 0.705574 0.703663 -0.995309 0.0935209 0.0247632 -0.0483349 -0.702438 0.710102 -1.22631 2.35921 -2.11369</i>
                        <i>0.083734 0.7033 0.705945 -0.995314 0.0934038 0.025003 -0.0483533 -0.70473 0.707826 -1.2263 2.35847 -2.11314</i>
                        <i>0.0836624 0.700958 0.708279 -0.995319 0.0932831 0.0252489 -0.048372 -0.707076 0.705481 -1.2263 2.35779 -2.11258</i>
                        <i>0.0835895 0.698562 0.71065 -0.995325 0.0931595 0.0254992 -0.0483911 -0.709459 0.703083 -1.2263 2.3572 -2.112</i>
                        <i>0.0835159 0.696127 0.713045 -0.99533 0.0930337 0.0257524 -0.0484103 -0.711866 0.700645 -1.22629 2.35668 -2.11142</i>
                        <i>0.083442 0.693665 0.715448 -0.995335 0.0929065 0.0260071 -0.0484295 -0.714281 0.698182 -1.22629 2.35627 -2.11084</i>
                        <i>0.0833682 0.691193 0.717846 -0.99534 0.0927785 0.0262617 -0.0484487 -0.71669 0.695707 -1.22628 2.35595 -2.11025</i>
                        <i>0.0832949 0.688724 0.720223 -0.995346 0.0926505 0.0265148 -0.0484677 -0.71908 0.693235 -1.22628 2.35575 -2.10967</i>
                        <i>0.0832226 0.686272 0.722568 -0.995351 0.0925234 0.0267648 -0.0484865 -0.721436 0.690782 -1.22627 2.35565 -2.10909</i>
                        <i>0.0831517 0.683854 0.724865 -0.995356 0.0923979 0.0270103 -0.0485049 -0.723745 0.688361 -1.22627 2.35565 -2.10852</i>
                        <i>0.0830826 0.681484 0.727102 -0.995361 0.0922747 0.0272499 -0.0485227 -0.725993 0.685988 -1.22626 2.35575 -2.10797</i>
                        <i>0.0830157 0.679176 0.729266 -0.995365 0.0921546 0.0274821 -0.04854 -0.728167 0.683679 -1.22626 2.35593 -2.10743</i>
                        <i>0.0829514 0.676947 0.731343 -0.99537 0.0920385 0.0277054 -0.0485566 -0.730255 0.681447 -1.22625 2.3562 -2.10691</i>
                        <i>0.0828902 0.674811 0.733321 -0.995374 0.0919273 0.0279185 -0.0485724 -0.732243 0.67931 -1.22625 2.35655 -2.10641</i>
                        <i>0.0828324 0.672785 0.735187 -0.995378 0.0918216 0.0281199 -0.0485874 -0.734118 0.677281 -1.22625 2.35698 -2.10594</i>
                        <i>0.0827783 0.670883 0.736928 -0.995382 0.0917223 0.0283082 -0.0486013 -0.735869 0.675378 -1.22624 2.35747 -2.10551</i>
                        <i>0.0827285 0.669122 0.738534 -0.995386 0.0916303 0.028482 -0.0486141 -0.737482 0.673615 -1.22624 2.35803 -2.1051</i>
                        <i>0.0826833 0.667516 0.73999 -0.995389 0.0915464 0.02864 -0.0486258 -0.738946 0.672008 -1.22623 2.35865 -2.10473</i>
                        <i>0.0826431 0.666083 0.741285 -0.995392 0.0914715 0.0287807 -0.0486361 -0.740248 0.670573 -1.22623 2.35932 -2.1044</i>
                        <i>0.0826082 0.664837 0.742407 -0.995394 0.0914063 0.0289026 -0.0486451 -0.741375 0.669325 -1.22623 2.36004 -2.10412</i>
                        <i>0.0825791 0.663793 0.743343 -0.995396 0.0913517 0.0290045 -0.0486526 -0.742316 0.668281 -1.22623 2.3608 -2.10388</i>
                        <i>0.0825562 0.662969 0.744081 -0.995398 0.0913085 0.0290849 -0.0486585 -0.743058 0.667456 -1.22623 2.36159 -2.10369</i>
                        <i>0.0825398 0.662378 0.744609 -0.995399 0.0912776 0.0291424 -0.0486628 -0.743588 0.666865 -1.22622 2.36242 -2.10356</i>
                        <i>0.0825365 0.66226 0.744714 -0.995399 0.0912714 0.0291539 -0.0486636 -0.743694 0.666746 -1.22622 2.3633 -2.10353</i>
                        <i>0.0825514 0.662796 0.744235 -0.995398 0.0912995 0.0291017 -0.0486598 -0.743213 0.667283 -1.22622 2.36425 -2.10365</i>
