<?xml version="1.0" encoding="ISO-8859-1" ?>
<Animl Version="1">
    <ModellingPackage><![CDATA[Maya.2010]]></ModellingPackage>
    <SrcFile><![CDATA[anims\turrets\artillery\red\~src\artillery_scud\artillery_scud_idle_crewman_c.mb]]></SrcFile>
    <FramesPerSecond>30</FramesPerSecond>
    <TotalFrames>193</TotalFrames>
    <Skeleton>
        <RefFrame>
            <Name><![CDATA[soldier_ref_frame]]></Name>
            <Exclude>0</Exclude>
            <Additive>0</Additive>
            <IKPriority>0</IKPriority>
            <IKRotLimits>-1e+010 -1e+010 -1e+010 1e+010 1e+010 1e+010</IKRotLimits>
            <IKRotLimitOrder>0</IKRotLimitOrder>
            <KeyFrames count="193">
                <i>1 0 0 0 1 0 0 0 1 -3.10966 1.33435 -0.351689</i>
                <i>1 0 0 0 1 0 0 0 1 -3.10966 1.33435 -0.351689</i>
                <i>1 0 0 0 1 0 0 0 1 -3.10966 1.33435 -0.351689</i>
                <i>1 0 0 0 1 0 0 0 1 -3.10966 1.33435 -0.351689</i>
                <i>1 0 0 0 1 0 0 0 1 -3.10966 1.33435 -0.351689</i>
                <i>1 0 0 0 1 0 0 0 1 -3.10966 1.33435 -0.351689</i>
                <i>1 0 0 0 1 0 0 0 1 -3.10966 1.33435 -0.351689</i>
                <i>1 0 0 0 1 0 0 0 1 -3.10966 1.33435 -0.351689</i>
                <i>1 0 0 0 1 0 0 0 1 -3.10966 1.33435 -0.351689</i>
                <i>1 0 0 0 1 0 0 0 1 -3.10966 1.33435 -0.351689</i>
                <i>1 0 0 0 1 0 0 0 1 -3.10966 1.33435 -0.351689</i>
                <i>1 0 0 0 1 0 0 0 1 -3.10966 1.33435 -0.351689</i>
                <i>1 0 0 0 1 0 0 0 1 -3.10966 1.33435 -0.351689</i>
                <i>1 0 0 0 1 0 0 0 1 -3.10966 1.33435 -0.351689</i>
                <i>1 0 0 0 1 0 0 0 1 -3.10966 1.33435 -0.351689</i>
                <i>1 0 0 0 1 0 0 0 1 -3.10966 1.33435 -0.351689</i>
                <i>1 0 0 0 1 0 0 0 1 -3.10966 1.33435 -0.351689</i>
                <i>1 0 0 0 1 0 0 0 1 -3.10966 1.33435 -0.351689</i>
                <i>1 0 0 0 1 0 0 0 1 -3.10966 1.33435 -0.351689</i>
                <i>1 0 0 0 1 0 0 0 1 -3.10966 1.33435 -0.351689</i>
                <i>1 0 0 0 1 0 0 0 1 -3.10966 1.33435 -0.351689</i>
                <i>1 0 0 0 1 0 0 0 1 -3.10966 1.33435 -0.351689</i>
                <i>1 0 0 0 1 0 0 0 1 -3.10966 1.33435 -0.351689</i>
                <i>1 0 0 0 1 0 0 0 1 -3.10966 1.33435 -0.351689</i>
                <i>1 0 0 0 1 0 0 0 1 -3.10966 1.33435 -0.351689</i>
                <i>1 0 0 0 1 0 0 0 1 -3.10966 1.33435 -0.351689</i>
                <i>1 0 0 0 1 0 0 0 1 -3.10966 1.33435 -0.351689</i>
                <i>1 0 0 0 1 0 0 0 1 -3.10966 1.33435 -0.351689</i>
                <i>1 0 0 0 1 0 0 0 1 -3.10966 1.33435 -0.351689</i>
                <i>1 0 0 0 1 0 0 0 1 -3.10966 1.33435 -0.351689</i>
                <i>1 0 0 0 1 0 0 0 1 -3.10966 1.33435 -0.351689</i>
                <i>1 0 0 0 1 0 0 0 1 -3.10966 1.33435 -0.351689</i>
                <i>1 0 0 0 1 0 0 0 1 -3.10966 1.33435 -0.351689</i>
                <i>1 0 0 0 1 0 0 0 1 -3.10966 1.33435 -0.351689</i>
                <i>1 0 0 0 1 0 0 0 1 -3.10966 1.33435 -0.351689</i>
                <i>1 0 0 0 1 0 0 0 1 -3.10966 1.33435 -0.351689</i>
                <i>1 0 0 0 1 0 0 0 1 -3.10966 1.33435 -0.351689</i>
                <i>1 0 0 0 1 0 0 0 1 -3.10966 1.33435 -0.351689</i>
                <i>1 0 0 0 1 0 0 0 1 -3.10966 1.33435 -0.351689</i>
                <i>1 0 0 0 1 0 0 0 1 -3.10966 1.33435 -0.351689</i>
                <i>1 0 0 0 1 0 0 0 1 -3.10966 1.33435 -0.351689</i>
                <i>1 0 0 0 1 0 0 0 1 -3.10966 1.33435 -0.351689</i>
                <i>1 0 0 0 1 0 0 0 1 -3.10966 1.33435 -0.351689</i>
                <i>1 0 0 0 1 0 0 0 1 -3.10966 1.33435 -0.351689</i>
                <i>1 0 0 0 1 0 0 0 1 -3.10966 1.33435 -0.351689</i>
                <i>1 0 0 0 1 0 0 0 1 -3.10966 1.33435 -0.351689</i>
                <i>1 0 0 0 1 0 0 0 1 -3.10966 1.33435 -0.351689</i>
                <i>1 0 0 0 1 0 0 0 1 -3.10966 1.33435 -0.351689</i>
                <i>1 0 0 0 1 0 0 0 1 -3.10966 1.33435 -0.351689</i>
                <i>1 0 0 0 1 0 0 0 1 -3.10966 1.33435 -0.351689</i>
                <i>1 0 0 0 1 0 0 0 1 -3.10966 1.33435 -0.351689</i>
                <i>1 0 0 0 1 0 0 0 1 -3.10966 1.33435 -0.351689</i>
                <i>1 0 0 0 1 0 0 0 1 -3.10966 1.33435 -0.351689</i>
                <i>1 0 0 0 1 0 0 0 1 -3.10966 1.33435 -0.351689</i>
                <i>1 0 0 0 1 0 0 0 1 -3.10966 1.33435 -0.351689</i>
                <i>1 0 0 0 1 0 0 0 1 -3.10966 1.33435 -0.351689</i>
                <i>1 0 0 0 1 0 0 0 1 -3.10966 1.33435 -0.351689</i>
                <i>1 0 0 0 1 0 0 0 1 -3.10966 1.33435 -0.351689</i>
                <i>1 0 0 0 1 0 0 0 1 -3.10966 1.33435 -0.351689</i>
                <i>1 0 0 0 1 0 0 0 1 -3.10966 1.33435 -0.351689</i>
                <i>1 0 0 0 1 0 0 0 1 -3.10966 1.33435 -0.351689</i>
                <i>1 0 0 0 1 0 0 0 1 -3.10966 1.33435 -0.351689</i>
                <i>1 0 0 0 1 0 0 0 1 -3.10966 1.33435 -0.351689</i>
                <i>1 0 0 0 1 0 0 0 1 -3.10966 1.33435 -0.351689</i>
                <i>1 0 0 0 1 0 0 0 1 -3.10966 1.33435 -0.351689</i>
                <i>1 0 0 0 1 0 0 0 1 -3.10966 1.33435 -0.351689</i>
                <i>1 0 0 0 1 0 0 0 1 -3.10966 1.33435 -0.351689</i>
                <i>1 0 0 0 1 0 0 0 1 -3.10966 1.33435 -0.351689</i>
                <i>1 0 0 0 1 0 0 0 1 -3.10966 1.33435 -0.351689</i>
                <i>1 0 0 0 1 0 0 0 1 -3.10966 1.33435 -0.351689</i>
                <i>1 0 0 0 1 0 0 0 1 -3.10966 1.33435 -0.351689</i>
                <i>1 0 0 0 1 0 0 0 1 -3.10966 1.33435 -0.351689</i>
                <i>1 0 0 0 1 0 0 0 1 -3.10966 1.33435 -0.351689</i>
                <i>1 0 0 0 1 0 0 0 1 -3.10966 1.33435 -0.351689</i>
                <i>1 0 0 0 1 0 0 0 1 -3.10966 1.33435 -0.351689</i>
                <i>1 0 0 0 1 0 0 0 1 -3.10966 1.33435 -0.351689</i>
                <i>1 0 0 0 1 0 0 0 1 -3.10966 1.33435 -0.351689</i>
                <i>1 0 0 0 1 0 0 0 1 -3.10966 1.33435 -0.351689</i>
                <i>1 0 0 0 1 0 0 0 1 -3.10966 1.33435 -0.351689</i>
                <i>1 0 0 0 1 0 0 0 1 -3.10966 1.33435 -0.351689</i>
                <i>1 0 0 0 1 0 0 0 1 -3.10966 1.33435 -0.351689</i>
                <i>1 0 0 0 1 0 0 0 1 -3.10966 1.33435 -0.351689</i>
                <i>1 0 0 0 1 0 0 0 1 -3.10966 1.33435 -0.351689</i>
                <i>1 0 0 0 1 0 0 0 1 -3.10966 1.33435 -0.351689</i>
                <i>1 0 0 0 1 0 0 0 1 -3.10966 1.33435 -0.351689</i>
                <i>1 0 0 0 1 0 0 0 1 -3.10966 1.33435 -0.351689</i>
                <i>1 0 0 0 1 0 0 0 1 -3.10966 1.33435 -0.351689</i>
                <i>1 0 0 0 1 0 0 0 1 -3.10966 1.33435 -0.351689</i>
                <i>1 0 0 0 1 0 0 0 1 -3.10966 1.33435 -0.351689</i>
                <i>1 0 0 0 1 0 0 0 1 -3.10966 1.33435 -0.351689</i>
                <i>1 0 0 0 1 0 0 0 1 -3.10966 1.33435 -0.351689</i>
                <i>1 0 0 0 1 0 0 0 1 -3.10966 1.33435 -0.351689</i>
                <i>1 0 0 0 1 0 0 0 1 -3.10966 1.33435 -0.351689</i>
                <i>1 0 0 0 1 0 0 0 1 -3.10966 1.33435 -0.351689</i>
                <i>1 0 0 0 1 0 0 0 1 -3.10966 1.33435 -0.351689</i>
                <i>1 0 0 0 1 0 0 0 1 -3.10966 1.33435 -0.351689</i>
                <i>1 0 0 0 1 0 0 0 1 -3.10966 1.33435 -0.351689</i>
                <i>1 0 0 0 1 0 0 0 1 -3.10966 1.33435 -0.351689</i>
                <i>1 0 0 0 1 0 0 0 1 -3.10966 1.33435 -0.351689</i>
                <i>1 0 0 0 1 0 0 0 1 -3.10966 1.33435 -0.351689</i>
                <i>1 0 0 0 1 0 0 0 1 -3.10966 1.33435 -0.351689</i>
                <i>1 0 0 0 1 0 0 0 1 -3.10966 1.33435 -0.351689</i>
                <i>1 0 0 0 1 0 0 0 1 -3.10966 1.33435 -0.351689</i>
                <i>1 0 0 0 1 0 0 0 1 -3.10966 1.33435 -0.351689</i>
                <i>1 0 0 0 1 0 0 0 1 -3.10966 1.33435 -0.351689</i>
                <i>1 0 0 0 1 0 0 0 1 -3.10966 1.33435 -0.351689</i>
                <i>1 0 0 0 1 0 0 0 1 -3.10966 1.33435 -0.351689</i>
                <i>1 0 0 0 1 0 0 0 1 -3.10966 1.33435 -0.351689</i>
                <i>1 0 0 0 1 0 0 0 1 -3.10966 1.33435 -0.351689</i>
                <i>1 0 0 0 1 0 0 0 1 -3.10966 1.33435 -0.351689</i>
                <i>1 0 0 0 1 0 0 0 1 -3.10966 1.33435 -0.351689</i>
                <i>1 0 0 0 1 0 0 0 1 -3.10966 1.33435 -0.351689</i>
                <i>1 0 0 0 1 0 0 0 1 -3.10966 1.33435 -0.351689</i>
                <i>1 0 0 0 1 0 0 0 1 -3.10966 1.33435 -0.351689</i>
                <i>1 0 0 0 1 0 0 0 1 -3.10966 1.33435 -0.351689</i>
                <i>1 0 0 0 1 0 0 0 1 -3.10966 1.33435 -0.351689</i>
                <i>1 0 0 0 1 0 0 0 1 -3.10966 1.33435 -0.351689</i>
                <i>1 0 0 0 1 0 0 0 1 -3.10966 1.33435 -0.351689</i>
                <i>1 0 0 0 1 0 0 0 1 -3.10966 1.33435 -0.351689</i>
                <i>1 0 0 0 1 0 0 0 1 -3.10966 1.33435 -0.351689</i>
                <i>1 0 0 0 1 0 0 0 1 -3.10966 1.33435 -0.351689</i>
                <i>1 0 0 0 1 0 0 0 1 -3.10966 1.33435 -0.351689</i>
                <i>1 0 0 0 1 0 0 0 1 -3.10966 1.33435 -0.351689</i>
                <i>1 0 0 0 1 0 0 0 1 -3.10966 1.33435 -0.351689</i>
                <i>1 0 0 0 1 0 0 0 1 -3.10966 1.33435 -0.351689</i>
                <i>1 0 0 0 1 0 0 0 1 -3.10966 1.33435 -0.351689</i>
                <i>1 0 0 0 1 0 0 0 1 -3.10966 1.33435 -0.351689</i>
                <i>1 0 0 0 1 0 0 0 1 -3.10966 1.33435 -0.351689</i>
                <i>1 0 0 0 1 0 0 0 1 -3.10966 1.33435 -0.351689</i>
                <i>1 0 0 0 1 0 0 0 1 -3.10966 1.33435 -0.351689</i>
                <i>1 0 0 0 1 0 0 0 1 -3.10966 1.33435 -0.351689</i>
                <i>1 0 0 0 1 0 0 0 1 -3.10966 1.33435 -0.351689</i>
                <i>1 0 0 0 1 0 0 0 1 -3.10966 1.33435 -0.351689</i>
                <i>1 0 0 0 1 0 0 0 1 -3.10966 1.33435 -0.351689</i>
                <i>1 0 0 0 1 0 0 0 1 -3.10966 1.33435 -0.351689</i>
                <i>1 0 0 0 1 0 0 0 1 -3.10966 1.33435 -0.351689</i>
                <i>1 0 0 0 1 0 0 0 1 -3.10966 1.33435 -0.351689</i>
                <i>1 0 0 0 1 0 0 0 1 -3.10966 1.33435 -0.351689</i>
                <i>1 0 0 0 1 0 0 0 1 -3.10966 1.33435 -0.351689</i>
                <i>1 0 0 0 1 0 0 0 1 -3.10966 1.33435 -0.351689</i>
                <i>1 0 0 0 1 0 0 0 1 -3.10966 1.33435 -0.351689</i>
                <i>1 0 0 0 1 0 0 0 1 -3.10966 1.33435 -0.351689</i>
                <i>1 0 0 0 1 0 0 0 1 -3.10966 1.33435 -0.351689</i>
                <i>1 0 0 0 1 0 0 0 1 -3.10966 1.33435 -0.351689</i>
                <i>1 0 0 0 1 0 0 0 1 -3.10966 1.33435 -0.351689</i>
                <i>1 0 0 0 1 0 0 0 1 -3.10966 1.33435 -0.351689</i>
                <i>1 0 0 0 1 0 0 0 1 -3.10966 1.33435 -0.351689</i>
                <i>1 0 0 0 1 0 0 0 1 -3.10966 1.33435 -0.351689</i>
                <i>1 0 0 0 1 0 0 0 1 -3.10966 1.33435 -0.351689</i>
                <i>1 0 0 0 1 0 0 0 1 -3.10966 1.33435 -0.351689</i>
                <i>1 0 0 0 1 0 0 0 1 -3.10966 1.33435 -0.351689</i>
                <i>1 0 0 0 1 0 0 0 1 -3.10966 1.33435 -0.351689</i>
                <i>1 0 0 0 1 0 0 0 1 -3.10966 1.33435 -0.351689</i>
                <i>1 0 0 0 1 0 0 0 1 -3.10966 1.33435 -0.351689</i>
                <i>1 0 0 0 1 0 0 0 1 -3.10966 1.33435 -0.351689</i>
                <i>1 0 0 0 1 0 0 0 1 -3.10966 1.33435 -0.351689</i>
                <i>1 0 0 0 1 0 0 0 1 -3.10966 1.33435 -0.351689</i>
                <i>1 0 0 0 1 0 0 0 1 -3.10966 1.33435 -0.351689</i>
                <i>1 0 0 0 1 0 0 0 1 -3.10966 1.33435 -0.351689</i>
                <i>1 0 0 0 1 0 0 0 1 -3.10966 1.33435 -0.351689</i>
                <i>1 0 0 0 1 0 0 0 1 -3.10966 1.33435 -0.351689</i>
                <i>1 0 0 0 1 0 0 0 1 -3.10966 1.33435 -0.351689</i>
                <i>1 0 0 0 1 0 0 0 1 -3.10966 1.33435 -0.351689</i>
                <i>1 0 0 0 1 0 0 0 1 -3.10966 1.33435 -0.351689</i>
                <i>1 0 0 0 1 0 0 0 1 -3.10966 1.33435 -0.351689</i>
                <i>1 0 0 0 1 0 0 0 1 -3.10966 1.33435 -0.351689</i>
                <i>1 0 0 0 1 0 0 0 1 -3.10966 1.33435 -0.351689</i>
                <i>1 0 0 0 1 0 0 0 1 -3.10966 1.33435 -0.351689</i>
                <i>1 0 0 0 1 0 0 0 1 -3.10966 1.33435 -0.351689</i>
                <i>1 0 0 0 1 0 0 0 1 -3.10966 1.33435 -0.351689</i>
                <i>1 0 0 0 1 0 0 0 1 -3.10966 1.33435 -0.351689</i>
                <i>1 0 0 0 1 0 0 0 1 -3.10966 1.33435 -0.351689</i>
                <i>1 0 0 0 1 0 0 0 1 -3.10966 1.33435 -0.351689</i>
                <i>1 0 0 0 1 0 0 0 1 -3.10966 1.33435 -0.351689</i>
                <i>1 0 0 0 1 0 0 0 1 -3.10966 1.33435 -0.351689</i>
                <i>1 0 0 0 1 0 0 0 1 -3.10966 1.33435 -0.351689</i>
                <i>1 0 0 0 1 0 0 0 1 -3.10966 1.33435 -0.351689</i>
                <i>1 0 0 0 1 0 0 0 1 -3.10966 1.33435 -0.351689</i>
                <i>1 0 0 0 1 0 0 0 1 -3.10966 1.33435 -0.351689</i>
                <i>1 0 0 0 1 0 0 0 1 -3.10966 1.33435 -0.351689</i>
                <i>1 0 0 0 1 0 0 0 1 -3.10966 1.33435 -0.351689</i>
                <i>1 0 0 0 1 0 0 0 1 -3.10966 1.33435 -0.351689</i>
                <i>1 0 0 0 1 0 0 0 1 -3.10966 1.33435 -0.351689</i>
                <i>1 0 0 0 1 0 0 0 1 -3.10966 1.33435 -0.351689</i>
                <i>1 0 0 0 1 0 0 0 1 -3.10966 1.33435 -0.351689</i>
                <i>1 0 0 0 1 0 0 0 1 -3.10966 1.33435 -0.351689</i>
                <i>1 0 0 0 1 0 0 0 1 -3.10966 1.33435 -0.351689</i>
                <i>1 0 0 0 1 0 0 0 1 -3.10966 1.33435 -0.351689</i>
                <i>1 0 0 0 1 0 0 0 1 -3.10966 1.33435 -0.351689</i>
                <i>1 0 0 0 1 0 0 0 1 -3.10966 1.33435 -0.351689</i>
                <i>1 0 0 0 1 0 0 0 1 -3.10966 1.33435 -0.351689</i>
                <i>1 0 0 0 1 0 0 0 1 -3.10966 1.33435 -0.351689</i>
                <i>1 0 0 0 1 0 0 0 1 -3.10966 1.33435 -0.351689</i>
            </KeyFrames>
        </RefFrame>
        <Bones count="23">
            <i>
                <p>
                    <Name><![CDATA[pelvis]]></Name>
                    <Exclude>0</Exclude>
                    <Additive>0</Additive>
                    <IKPriority>0</IKPriority>
                    <IKRotLimits>-1e+010 -1e+010 -1e+010 1e+010 1e+010 1e+010</IKRotLimits>
                    <IKRotLimitOrder>2</IKRotLimitOrder>
                    <KeyFrames count="193">
                        <i>1 0 0 0 1 0 0 0 1 -3.10966 1.90474 -0.351689</i>
                        <i>1 0 0 0 1 0 0 0 1 -3.10966 1.90479 -0.351689</i>
                        <i>1 0 0 0 1 0 0 0 1 -3.10966 1.90494 -0.351689</i>
                        <i>1 0 0 0 1 0 0 0 1 -3.10966 1.90519 -0.351689</i>
                        <i>1 0 0 0 1 0 0 0 1 -3.10966 1.90552 -0.351689</i>
                        <i>1 0 0 0 1 0 0 0 1 -3.10966 1.90594 -0.351689</i>
                        <i>1 0 0 0 1 0 0 0 1 -3.10966 1.90644 -0.351689</i>
                        <i>1 0 0 0 1 0 0 0 1 -3.10966 1.90701 -0.351689</i>
                        <i>1 0 0 0 1 0 0 0 1 -3.10966 1.90766 -0.351689</i>
                        <i>1 0 0 0 1 0 0 0 1 -3.10966 1.90838 -0.351689</i>
                        <i>1 0 0 0 1 0 0 0 1 -3.10966 1.90916 -0.351689</i>
                        <i>1 0 0 0 1 0 0 0 1 -3.10966 1.91 -0.351689</i>
                        <i>1 0 0 0 1 0 0 0 1 -3.10966 1.9109 -0.351689</i>
                        <i>1 0 0 0 1 0 0 0 1 -3.10966 1.91185 -0.351689</i>
                        <i>1 0 0 0 1 0 0 0 1 -3.10966 1.91285 -0.351689</i>
                        <i>1 0 0 0 1 0 0 0 1 -3.10966 1.91388 -0.351689</i>
                        <i>1 0 0 0 1 0 0 0 1 -3.10966 1.91496 -0.351689</i>
                        <i>1 0 0 0 1 0 0 0 1 -3.10966 1.91607 -0.351689</i>
                        <i>1 0 0 0 1 0 0 0 1 -3.10966 1.91721 -0.351689</i>
                        <i>1 0 0 0 1 0 0 0 1 -3.10966 1.91838 -0.351689</i>
                        <i>1 0 0 0 1 0 0 0 1 -3.10966 1.91957 -0.351689</i>
                        <i>1 0 0 0 1 0 0 0 1 -3.10966 1.92077 -0.351689</i>
                        <i>1 0 0 0 1 0 0 0 1 -3.10966 1.92199 -0.351689</i>
                        <i>1 0 0 0 1 0 0 0 1 -3.10966 1.92322 -0.351689</i>
                        <i>1 0 0 0 1 0 0 0 1 -3.10966 1.92445 -0.351689</i>
                        <i>1 0 0 0 1 0 0 0 1 -3.10966 1.92568 -0.351689</i>
                        <i>1 0 0 0 1 0 0 0 1 -3.10966 1.9269 -0.351689</i>
                        <i>1 0 0 0 1 0 0 0 1 -3.10966 1.92812 -0.351689</i>
                        <i>1 0 0 0 1 0 0 0 1 -3.10966 1.92933 -0.351689</i>
                        <i>1 0 0 0 1 0 0 0 1 -3.10966 1.93052 -0.351689</i>
                        <i>1 0 0 0 1 0 0 0 1 -3.10966 1.93168 -0.351689</i>
                        <i>1 0 0 0 1 0 0 0 1 -3.10966 1.93282 -0.351689</i>
                        <i>1 0 0 0 1 0 0 0 1 -3.10966 1.93393 -0.351689</i>
                        <i>1 0 0 0 1 0 0 0 1 -3.10966 1.93501 -0.351689</i>
                        <i>1 0 0 0 1 0 0 0 1 -3.10966 1.93605 -0.351689</i>
                        <i>1 0 0 0 1 0 0 0 1 -3.10966 1.93705 -0.351689</i>
                        <i>1 0 0 0 1 0 0 0 1 -3.10966 1.93799 -0.351689</i>
                        <i>1 0 0 0 1 0 0 0 1 -3.10966 1.93889 -0.351689</i>
                        <i>1 0 0 0 1 0 0 0 1 -3.10966 1.93973 -0.351689</i>
                        <i>1 0 0 0 1 0 0 0 1 -3.10966 1.94051 -0.351689</i>
                        <i>1 0 0 0 1 0 0 0 1 -3.10966 1.94123 -0.351689</i>
                        <i>1 0 0 0 1 0 0 0 1 -3.10966 1.94188 -0.351689</i>
                        <i>1 0 0 0 1 0 0 0 1 -3.10966 1.94246 -0.351689</i>
                        <i>1 0 0 0 1 0 0 0 1 -3.10966 1.94296 -0.351689</i>
                        <i>1 0 0 0 1 0 0 0 1 -3.10966 1.94338 -0.351689</i>
                        <i>1 0 0 0 1 0 0 0 1 -3.10966 1.94371 -0.351689</i>
                        <i>1 0 0 0 1 0 0 0 1 -3.10966 1.94395 -0.351689</i>
                        <i>1 0 0 0 1 0 0 0 1 -3.10966 1.9441 -0.351689</i>
                        <i>1 0 0 0 1 0 0 0 1 -3.10966 1.94415 -0.351689</i>
                        <i>1 0 0 0 1 0 0 0 1 -3.10966 1.9441 -0.351689</i>
                        <i>1 0 0 0 1 0 0 0 1 -3.10966 1.94395 -0.351689</i>
                        <i>1 0 0 0 1 0 0 0 1 -3.10966 1.94371 -0.351689</i>
                        <i>1 0 0 0 1 0 0 0 1 -3.10966 1.94338 -0.351689</i>
                        <i>1 0 0 0 1 0 0 0 1 -3.10966 1.94296 -0.351689</i>
                        <i>1 0 0 0 1 0 0 0 1 -3.10966 1.94246 -0.351689</i>
                        <i>1 0 0 0 1 0 0 0 1 -3.10966 1.94188 -0.351689</i>
                        <i>1 0 0 0 1 0 0 0 1 -3.10966 1.94123 -0.351689</i>
                        <i>1 0 0 0 1 0 0 0 1 -3.10966 1.94051 -0.351689</i>
                        <i>1 0 0 0 1 0 0 0 1 -3.10966 1.93973 -0.351689</i>
                        <i>1 0 0 0 1 0 0 0 1 -3.10966 1.93889 -0.351689</i>
                        <i>1 0 0 0 1 0 0 0 1 -3.10966 1.93799 -0.351689</i>
                        <i>1 0 0 0 1 0 0 0 1 -3.10966 1.93705 -0.351689</i>
                        <i>1 0 0 0 1 0 0 0 1 -3.10966 1.93605 -0.351689</i>
                        <i>1 0 0 0 1 0 0 0 1 -3.10966 1.93501 -0.351689</i>
                        <i>1 0 0 0 1 0 0 0 1 -3.10966 1.93393 -0.351689</i>
                        <i>1 0 0 0 1 0 0 0 1 -3.10966 1.93282 -0.351689</i>
                        <i>1 0 0 0 1 0 0 0 1 -3.10966 1.93168 -0.351689</i>
                        <i>1 0 0 0 1 0 0 0 1 -3.10966 1.93052 -0.351689</i>
                        <i>1 0 0 0 1 0 0 0 1 -3.10966 1.92933 -0.351689</i>
                        <i>1 0 0 0 1 0 0 0 1 -3.10966 1.92812 -0.351689</i>
                        <i>1 0 0 0 1 0 0 0 1 -3.10966 1.9269 -0.351689</i>
                        <i>1 0 0 0 1 0 0 0 1 -3.10966 1.92568 -0.351689</i>
                        <i>1 0 0 0 1 0 0 0 1 -3.10966 1.92445 -0.351689</i>
                        <i>1 0 0 0 1 0 0 0 1 -3.10966 1.92322 -0.351689</i>
                        <i>1 0 0 0 1 0 0 0 1 -3.10966 1.92199 -0.351689</i>
                        <i>1 0 0 0 1 0 0 0 1 -3.10966 1.92077 -0.351689</i>
                        <i>1 0 0 0 1 0 0 0 1 -3.10966 1.91957 -0.351689</i>
                        <i>1 0 0 0 1 0 0 0 1 -3.10966 1.91838 -0.351689</i>
                        <i>1 0 0 0 1 0 0 0 1 -3.10966 1.91721 -0.351689</i>
                        <i>1 0 0 0 1 0 0 0 1 -3.10966 1.91607 -0.351689</i>
                        <i>1 0 0 0 1 0 0 0 1 -3.10966 1.91496 -0.351689</i>
                        <i>1 0 0 0 1 0 0 0 1 -3.10966 1.91388 -0.351689</i>
                        <i>1 0 0 0 1 0 0 0 1 -3.10966 1.91285 -0.351689</i>
                        <i>1 0 0 0 1 0 0 0 1 -3.10966 1.91185 -0.351689</i>
                        <i>1 0 0 0 1 0 0 0 1 -3.10966 1.9109 -0.351689</i>
                        <i>1 0 0 0 1 0 0 0 1 -3.10966 1.91 -0.351689</i>
                        <i>1 0 0 0 1 0 0 0 1 -3.10966 1.90916 -0.351689</i>
                        <i>1 0 0 0 1 0 0 0 1 -3.10966 1.90838 -0.351689</i>
                        <i>1 0 0 0 1 0 0 0 1 -3.10966 1.90766 -0.351689</i>
                        <i>1 0 0 0 1 0 0 0 1 -3.10966 1.90701 -0.351689</i>
                        <i>1 0 0 0 1 0 0 0 1 -3.10966 1.90644 -0.351689</i>
                        <i>1 0 0 0 1 0 0 0 1 -3.10966 1.90594 -0.351689</i>
                        <i>1 0 0 0 1 0 0 0 1 -3.10966 1.90552 -0.351689</i>
                        <i>1 0 0 0 1 0 0 0 1 -3.10966 1.90519 -0.351689</i>
                        <i>1 0 0 0 1 0 0 0 1 -3.10966 1.90494 -0.351689</i>
                        <i>1 0 0 0 1 0 0 0 1 -3.10966 1.90479 -0.351689</i>
                        <i>1 0 0 0 1 0 0 0 1 -3.10966 1.90474 -0.351689</i>
                        <i>1 0 0 0 1 0 0 0 1 -3.10966 1.90479 -0.351689</i>
                        <i>1 0 0 0 1 0 0 0 1 -3.10966 1.90494 -0.351689</i>
                        <i>1 0 0 0 1 0 0 0 1 -3.10966 1.90519 -0.351689</i>
                        <i>1 0 0 0 1 0 0 0 1 -3.10966 1.90552 -0.351689</i>
                        <i>1 0 0 0 1 0 0 0 1 -3.10966 1.90594 -0.351689</i>
                        <i>1 0 0 0 1 0 0 0 1 -3.10966 1.90644 -0.351689</i>
                        <i>1 0 0 0 1 0 0 0 1 -3.10966 1.90701 -0.351689</i>
                        <i>1 0 0 0 1 0 0 0 1 -3.10966 1.90766 -0.351689</i>
                        <i>1 0 0 0 1 0 0 0 1 -3.10966 1.90838 -0.351689</i>
                        <i>1 0 0 0 1 0 0 0 1 -3.10966 1.90916 -0.351689</i>
                        <i>1 0 0 0 1 0 0 0 1 -3.10966 1.91 -0.351689</i>
                        <i>1 0 0 0 1 0 0 0 1 -3.10966 1.9109 -0.351689</i>
                        <i>1 0 0 0 1 0 0 0 1 -3.10966 1.91185 -0.351689</i>
                        <i>1 0 0 0 1 0 0 0 1 -3.10966 1.91285 -0.351689</i>
                        <i>1 0 0 0 1 0 0 0 1 -3.10966 1.91388 -0.351689</i>
                        <i>1 0 0 0 1 0 0 0 1 -3.10966 1.91496 -0.351689</i>
                        <i>1 0 0 0 1 0 0 0 1 -3.10966 1.91607 -0.351689</i>
                        <i>1 0 0 0 1 0 0 0 1 -3.10966 1.91721 -0.351689</i>
                        <i>1 0 0 0 1 0 0 0 1 -3.10966 1.91838 -0.351689</i>
                        <i>1 0 0 0 1 0 0 0 1 -3.10966 1.91957 -0.351689</i>
                        <i>1 0 0 0 1 0 0 0 1 -3.10966 1.92077 -0.351689</i>
                        <i>1 0 0 0 1 0 0 0 1 -3.10966 1.92199 -0.351689</i>
                        <i>1 0 0 0 1 0 0 0 1 -3.10966 1.92322 -0.351689</i>
                        <i>1 0 0 0 1 0 0 0 1 -3.10966 1.92445 -0.351689</i>
                        <i>1 0 0 0 1 0 0 0 1 -3.10966 1.92568 -0.351689</i>
                        <i>1 0 0 0 1 0 0 0 1 -3.10966 1.9269 -0.351689</i>
                        <i>1 0 0 0 1 0 0 0 1 -3.10966 1.92812 -0.351689</i>
                        <i>1 0 0 0 1 0 0 0 1 -3.10966 1.92933 -0.351689</i>
                        <i>1 0 0 0 1 0 0 0 1 -3.10966 1.93052 -0.351689</i>
                        <i>1 0 0 0 1 0 0 0 1 -3.10966 1.93168 -0.351689</i>
                        <i>1 0 0 0 1 0 0 0 1 -3.10966 1.93282 -0.351689</i>
                        <i>1 0 0 0 1 0 0 0 1 -3.10966 1.93393 -0.351689</i>
                        <i>1 0 0 0 1 0 0 0 1 -3.10966 1.93501 -0.351689</i>
                        <i>1 0 0 0 1 0 0 0 1 -3.10966 1.93605 -0.351689</i>
                        <i>1 0 0 0 1 0 0 0 1 -3.10966 1.93705 -0.351689</i>
                        <i>1 0 0 0 1 0 0 0 1 -3.10966 1.93799 -0.351689</i>
                        <i>1 0 0 0 1 0 0 0 1 -3.10966 1.93889 -0.351689</i>
                        <i>1 0 0 0 1 0 0 0 1 -3.10966 1.93973 -0.351689</i>
                        <i>1 0 0 0 1 0 0 0 1 -3.10966 1.94051 -0.351689</i>
                        <i>1 0 0 0 1 0 0 0 1 -3.10966 1.94123 -0.351689</i>
                        <i>1 0 0 0 1 0 0 0 1 -3.10966 1.94188 -0.351689</i>
                        <i>1 0 0 0 1 0 0 0 1 -3.10966 1.94246 -0.351689</i>
                        <i>1 0 0 0 1 0 0 0 1 -3.10966 1.94296 -0.351689</i>
                        <i>1 0 0 0 1 0 0 0 1 -3.10966 1.94338 -0.351689</i>
                        <i>1 0 0 0 1 0 0 0 1 -3.10966 1.94371 -0.351689</i>
                        <i>1 0 0 0 1 0 0 0 1 -3.10966 1.94395 -0.351689</i>
                        <i>1 0 0 0 1 0 0 0 1 -3.10966 1.9441 -0.351689</i>
                        <i>1 0 0 0 1 0 0 0 1 -3.10966 1.94415 -0.351689</i>
                        <i>1 0 0 0 1 0 0 0 1 -3.10966 1.9441 -0.351689</i>
                        <i>1 0 0 0 1 0 0 0 1 -3.10966 1.94395 -0.351689</i>
                        <i>1 0 0 0 1 0 0 0 1 -3.10966 1.94371 -0.351689</i>
                        <i>1 0 0 0 1 0 0 0 1 -3.10966 1.94338 -0.351689</i>
                        <i>1 0 0 0 1 0 0 0 1 -3.10966 1.94296 -0.351689</i>
                        <i>1 0 0 0 1 0 0 0 1 -3.10966 1.94246 -0.351689</i>
                        <i>1 0 0 0 1 0 0 0 1 -3.10966 1.94188 -0.351689</i>
                        <i>1 0 0 0 1 0 0 0 1 -3.10966 1.94123 -0.351689</i>
                        <i>1 0 0 0 1 0 0 0 1 -3.10966 1.94051 -0.351689</i>
                        <i>1 0 0 0 1 0 0 0 1 -3.10966 1.93973 -0.351689</i>
                        <i>1 0 0 0 1 0 0 0 1 -3.10966 1.93889 -0.351689</i>
                        <i>1 0 0 0 1 0 0 0 1 -3.10966 1.93799 -0.351689</i>
                        <i>1 0 0 0 1 0 0 0 1 -3.10966 1.93705 -0.351689</i>
                        <i>1 0 0 0 1 0 0 0 1 -3.10966 1.93605 -0.351689</i>
                        <i>1 0 0 0 1 0 0 0 1 -3.10966 1.93501 -0.351689</i>
                        <i>1 0 0 0 1 0 0 0 1 -3.10966 1.93393 -0.351689</i>
                        <i>1 0 0 0 1 0 0 0 1 -3.10966 1.93282 -0.351689</i>
                        <i>1 0 0 0 1 0 0 0 1 -3.10966 1.93168 -0.351689</i>
                        <i>1 0 0 0 1 0 0 0 1 -3.10966 1.93052 -0.351689</i>
                        <i>1 0 0 0 1 0 0 0 1 -3.10966 1.92933 -0.351689</i>
                        <i>1 0 0 0 1 0 0 0 1 -3.10966 1.92812 -0.351689</i>
                        <i>1 0 0 0 1 0 0 0 1 -3.10966 1.9269 -0.351689</i>
                        <i>1 0 0 0 1 0 0 0 1 -3.10966 1.92568 -0.351689</i>
                        <i>1 0 0 0 1 0 0 0 1 -3.10966 1.92445 -0.351689</i>
                        <i>1 0 0 0 1 0 0 0 1 -3.10966 1.92322 -0.351689</i>
                        <i>1 0 0 0 1 0 0 0 1 -3.10966 1.92199 -0.351689</i>
                        <i>1 0 0 0 1 0 0 0 1 -3.10966 1.92077 -0.351689</i>
                        <i>1 0 0 0 1 0 0 0 1 -3.10966 1.91957 -0.351689</i>
                        <i>1 0 0 0 1 0 0 0 1 -3.10966 1.91838 -0.351689</i>
                        <i>1 0 0 0 1 0 0 0 1 -3.10966 1.91721 -0.351689</i>
                        <i>1 0 0 0 1 0 0 0 1 -3.10966 1.91607 -0.351689</i>
                        <i>1 0 0 0 1 0 0 0 1 -3.10966 1.91496 -0.351689</i>
                        <i>1 0 0 0 1 0 0 0 1 -3.10966 1.91388 -0.351689</i>
                        <i>1 0 0 0 1 0 0 0 1 -3.10966 1.91285 -0.351689</i>
                        <i>1 0 0 0 1 0 0 0 1 -3.10966 1.91185 -0.351689</i>
                        <i>1 0 0 0 1 0 0 0 1 -3.10966 1.9109 -0.351689</i>
                        <i>1 0 0 0 1 0 0 0 1 -3.10966 1.91 -0.351689</i>
                        <i>1 0 0 0 1 0 0 0 1 -3.10966 1.90916 -0.351689</i>
                        <i>1 0 0 0 1 0 0 0 1 -3.10966 1.90838 -0.351689</i>
                        <i>1 0 0 0 1 0 0 0 1 -3.10966 1.90766 -0.351689</i>
                        <i>1 0 0 0 1 0 0 0 1 -3.10966 1.90701 -0.351689</i>
                        <i>1 0 0 0 1 0 0 0 1 -3.10966 1.90644 -0.351689</i>
                        <i>1 0 0 0 1 0 0 0 1 -3.10966 1.90594 -0.351689</i>
                        <i>1 0 0 0 1 0 0 0 1 -3.10966 1.90552 -0.351689</i>
                        <i>1 0 0 0 1 0 0 0 1 -3.10966 1.90519 -0.351689</i>
                        <i>1 0 0 0 1 0 0 0 1 -3.10966 1.90494 -0.351689</i>
                        <i>1 0 0 0 1 0 0 0 1 -3.10966 1.90479 -0.351689</i>
                        <i>1 0 0 0 1 0 0 0 1 -3.10966 1.90474 -0.351689</i>
                    </KeyFrames>
                </p>
            </i>
            <i>
                <p>
                    <Name><![CDATA[spine0]]></Name>
                    <Exclude>0</Exclude>
                    <Additive>0</Additive>
                    <IKPriority>0</IKPriority>
                    <IKRotLimits>-1e+010 -1e+010 -1e+010 1e+010 1e+010 1e+010</IKRotLimits>
                    <IKRotLimitOrder>0</IKRotLimitOrder>
                    <KeyFrames count="193">
                        <i>-0.0718774 0.997231 0.0190665 -0.706612 -0.0374204 -0.706612 -0.703942 -0.064262 0.707345 -3.07579 2.0404 -0.385558</i>
                        <i>-0.0725693 0.997164 0.0199472 -0.706615 -0.0372893 -0.706615 -0.703867 -0.0653735 0.707317 -3.07579 2.04045 -0.385558</i>
                        <i>-0.0733105 0.99709 0.020891 -0.706619 -0.0371487 -0.706619 -0.703787 -0.0665646 0.707286 -3.07579 2.0406 -0.385558</i>
                        <i>-0.0740944 0.997011 0.0218894 -0.706623 -0.0369998 -0.706623 -0.703701 -0.0678244 0.707252 -3.07579 2.04084 -0.385558</i>
                        <i>-0.0749142 0.996926 0.0229338 -0.706627 -0.036844 -0.706627 -0.70361 -0.069142 0.707215 -3.07579 2.04117 -0.385558</i>
                        <i>-0.0757629 0.996837 0.0240154 -0.706631 -0.0366824 -0.706631 -0.703515 -0.0705065 0.707175 -3.07579 2.04159 -0.385558</i>
                        <i>-0.0766338 0.996743 0.0251257 -0.706635 -0.0365164 -0.706635 -0.703416 -0.0719068 0.707132 -3.07579 2.04209 -0.385558</i>
                        <i>-0.07752 0.996645 0.0262557 -0.70664 -0.0363473 -0.70664 -0.703314 -0.073332 0.707086 -3.07579 2.04267 -0.385558</i>
                        <i>-0.0784145 0.996544 0.0273967 -0.706644 -0.0361764 -0.706644 -0.703211 -0.0747708 0.707039 -3.07579 2.04332 -0.385558</i>
                        <i>-0.0793104 0.996441 0.0285398 -0.706648 -0.0360051 -0.706648 -0.703106 -0.0762121 0.706989 -3.07579 2.04403 -0.385558</i>
                        <i>-0.0802005 0.996337 0.029676 -0.706653 -0.0358345 -0.706653 -0.703001 -0.0776445 0.706938 -3.07579 2.04482 -0.385558</i>
                        <i>-0.0810779 0.996232 0.0307963 -0.706657 -0.0356663 -0.706657 -0.702896 -0.0790567 0.706886 -3.07579 2.04566 -0.385558</i>
                        <i>-0.0819355 0.996127 0.0318916 -0.706661 -0.0355016 -0.706661 -0.702792 -0.0804371 0.706833 -3.07579 2.04655 -0.385558</i>
                        <i>-0.082766 0.996024 0.0329527 -0.706665 -0.0353419 -0.706665 -0.702691 -0.0817744 0.70678 -3.07579 2.0475 -0.385558</i>
                        <i>-0.0835624 0.995923 0.0339705 -0.706669 -0.0351885 -0.706669 -0.702593 -0.0830569 0.706728 -3.07579 2.0485 -0.385558</i>
                        <i>-0.0843174 0.995826 0.0349357 -0.706672 -0.035043 -0.706672 -0.702499 -0.0842729 0.706678 -3.07579 2.04954 -0.385558</i>
                        <i>-0.0850239 0.995734 0.0358389 -0.706676 -0.0349067 -0.706676 -0.70241 -0.0854108 0.706629 -3.07579 2.05061 -0.385558</i>
                        <i>-0.0856744 0.995648 0.0366709 -0.706679 -0.034781 -0.706679 -0.702328 -0.0864588 0.706583 -3.07579 2.05172 -0.385558</i>
                        <i>-0.0862617 0.995569 0.0374224 -0.706682 -0.0346675 -0.706682 -0.702253 -0.0874053 0.706541 -3.07579 2.05287 -0.385558</i>
                        <i>-0.0867787 0.995499 0.0380838 -0.706684 -0.0345675 -0.706684 -0.702187 -0.0882383 0.706503 -3.07579 2.05403 -0.385558</i>
                        <i>-0.0872179 0.995439 0.0386459 -0.706686 -0.0344824 -0.706686 -0.702131 -0.0889462 0.706471 -3.07579 2.05522 -0.385558</i>
                        <i>-0.087572 0.995391 0.0390992 -0.706688 -0.0344138 -0.706688 -0.702085 -0.089517 0.706444 -3.07579 2.05643 -0.385558</i>
                        <i>-0.087834 0.995354 0.0394345 -0.706689 -0.034363 -0.706689 -0.702051 -0.0899393 0.706424 -3.07579 2.05764 -0.385558</i>
                        <i>-0.0879964 0.995332 0.0396424 -0.70669 -0.0343315 -0.70669 -0.70203 -0.0902011 0.706412 -3.07579 2.05887 -0.385558</i>
                        <i>-0.0880521 0.995324 0.0397138 -0.70669 -0.0343207 -0.70669 -0.702023 -0.0902909 0.706408 -3.07579 2.0601 -0.385558</i>
                        <i>-0.0879962 0.995332 0.0396422 -0.70669 -0.0343316 -0.70669 -0.70203 -0.0902008 0.706412 -3.07579 2.06133 -0.385558</i>
                        <i>-0.0878332 0.995354 0.0394335 -0.706689 -0.0343632 -0.706689 -0.702051 -0.089938 0.706424 -3.07579 2.06256 -0.385558</i>
                        <i>-0.0875704 0.995391 0.0390971 -0.706688 -0.0344141 -0.706688 -0.702085 -0.0895144 0.706444 -3.07579 2.06378 -0.385558</i>
                        <i>-0.0872151 0.99544 0.0386423 -0.706686 -0.034483 -0.706686 -0.702131 -0.0889417 0.706471 -3.07579 2.06498 -0.385558</i>
                        <i>-0.0867746 0.9955 0.0380785 -0.706684 -0.0345683 -0.706684 -0.702188 -0.0882317 0.706504 -3.07579 2.06617 -0.385558</i>
                        <i>-0.0862562 0.99557 0.0374152 -0.706682 -0.0346686 -0.706682 -0.702254 -0.0873963 0.706542 -3.07579 2.06734 -0.385558</i>
                        <i>-0.0856672 0.995649 0.0366618 -0.706679 -0.0347824 -0.706679 -0.702329 -0.0864473 0.706584 -3.07579 2.06848 -0.385558</i>
                        <i>-0.085015 0.995735 0.0358277 -0.706676 -0.0349084 -0.706676 -0.702411 -0.0853966 0.70663 -3.07579 2.06959 -0.385558</i>
                        <i>-0.084307 0.995828 0.0349223 -0.706672 -0.035045 -0.706672 -0.7025 -0.0842561 0.706679 -3.07579 2.07067 -0.385558</i>
                        <i>-0.0835504 0.995925 0.0339551 -0.706669 -0.0351908 -0.706669 -0.702594 -0.0830375 0.706729 -3.07579 2.0717 -0.385558</i>
                        <i>-0.0827525 0.996026 0.0329355 -0.706665 -0.0353444 -0.706665 -0.702692 -0.0817527 0.706781 -3.07579 2.0727 -0.385558</i>
                        <i>-0.0819207 0.996129 0.0318727 -0.706661 -0.0355044 -0.706661 -0.702794 -0.0804133 0.706834 -3.07579 2.07365 -0.385558</i>
                        <i>-0.081062 0.996234 0.030776 -0.706657 -0.0356693 -0.706657 -0.702898 -0.0790311 0.706887 -3.07579 2.07455 -0.385558</i>
                        <i>-0.0801838 0.996339 0.0296546 -0.706653 -0.0358378 -0.706653 -0.703003 -0.0776176 0.706939 -3.07579 2.07539 -0.385558</i>
                        <i>-0.0792931 0.996443 0.0285178 -0.706648 -0.0360084 -0.706648 -0.703108 -0.0761843 0.70699 -3.07579 2.07617 -0.385558</i>
                        <i>-0.0783971 0.996546 0.0273745 -0.706644 -0.0361798 -0.706644 -0.703213 -0.0747428 0.70704 -3.07579 2.07689 -0.385558</i>
                        <i>-0.0775028 0.996647 0.0262338 -0.706639 -0.0363506 -0.706639 -0.703316 -0.0733044 0.707087 -3.07579 2.07754 -0.385558</i>
                        <i>-0.0766174 0.996744 0.0251046 -0.706635 -0.0365196 -0.706635 -0.703418 -0.0718803 0.707133 -3.07579 2.07811 -0.385558</i>
                        <i>-0.0757476 0.996838 0.0239959 -0.706631 -0.0366853 -0.706631 -0.703516 -0.0704819 0.707175 -3.07579 2.07861 -0.385558</i>
                        <i>-0.0749006 0.996928 0.0229165 -0.706627 -0.0368466 -0.706627 -0.703611 -0.0691202 0.707215 -3.07579 2.07903 -0.385558</i>
                        <i>-0.0740833 0.997012 0.0218752 -0.706623 -0.037002 -0.706623 -0.703702 -0.0678064 0.707252 -3.07579 2.07936 -0.385558</i>
                        <i>-0.0733024 0.997091 0.0208806 -0.706619 -0.0371502 -0.706619 -0.703788 -0.0665515 0.707286 -3.07579 2.07961 -0.385558</i>
                        <i>-0.0725648 0.997164 0.0199415 -0.706615 -0.0372902 -0.706615 -0.703868 -0.0653664 0.707317 -3.07579 2.07975 -0.385558</i>
                        <i>-0.0718774 0.997231 0.0190665 -0.706612 -0.0374204 -0.706612 -0.703942 -0.064262 0.707345 -3.07579 2.07981 -0.385558</i>
                        <i>-0.071192 0.997297 0.0181942 -0.706608 -0.0375502 -0.706608 -0.704015 -0.063161 0.707371 -3.07579 2.07975 -0.385558</i>
                        <i>-0.0704605 0.997365 0.0172634 -0.706604 -0.0376886 -0.706604 -0.704092 -0.0619861 0.707398 -3.07579 2.07961 -0.385558</i>
                        <i>-0.0696898 0.997436 0.0162831 -0.7066 -0.0378342 -0.7066 -0.704173 -0.0607485 0.707425 -3.07579 2.07936 -0.385558</i>
                        <i>-0.0688868 0.997508 0.0152619 -0.706596 -0.0379858 -0.706596 -0.704256 -0.0594592 0.707452 -3.07579 2.07903 -0.385558</i>
                        <i>-0.0680584 0.99758 0.0142088 -0.706592 -0.038142 -0.706592 -0.70434 -0.0581293 0.707478 -3.07579 2.07861 -0.385558</i>
                        <i>-0.0672113 0.997652 0.0131323 -0.706588 -0.0383015 -0.706588 -0.704426 -0.0567698 0.707503 -3.07579 2.07811 -0.385558</i>
                        <i>-0.0663525 0.997724 0.0120411 -0.706584 -0.0384631 -0.706584 -0.704512 -0.0553916 0.707527 -3.07579 2.07754 -0.385558</i>
                        <i>-0.0654887 0.997793 0.0109439 -0.706579 -0.0386254 -0.706579 -0.704597 -0.0540056 0.707549 -3.07579 2.07689 -0.385558</i>
                        <i>-0.0646265 0.997861 0.0098491 -0.706575 -0.0387873 -0.706575 -0.704681 -0.0526225 0.70757 -3.07579 2.07617 -0.385558</i>
                        <i>-0.0637726 0.997926 0.00876524 -0.70657 -0.0389474 -0.70657 -0.704763 -0.0512531 0.707589 -3.07579 2.07539 -0.385558</i>
                        <i>-0.0629338 0.997988 0.00770073 -0.706566 -0.0391045 -0.706566 -0.704843 -0.0499079 0.707605 -3.07579 2.07455 -0.385558</i>
                        <i>-0.0621165 0.998047 0.0066639 -0.706562 -0.0392574 -0.706562 -0.70492 -0.0485976 0.70762 -3.07579 2.07365 -0.385558</i>
                        <i>-0.0613274 0.998102 0.00566309 -0.706558 -0.0394048 -0.706558 -0.704993 -0.0473326 0.707633 -3.07579 2.0727 -0.385558</i>
                        <i>-0.060573 0.998153 0.00470651 -0.706554 -0.0395457 -0.706554 -0.705062 -0.0461234 0.707644 -3.07579 2.0717 -0.385558</i>
                        <i>-0.0598597 0.9982 0.0038024 -0.70655 -0.0396787 -0.70655 -0.705127 -0.0449805 0.707653 -3.07579 2.07067 -0.385558</i>
                        <i>-0.0591942 0.998242 0.00295892 -0.706546 -0.0398028 -0.706546 -0.705187 -0.0439141 0.70766 -3.07579 2.06959 -0.385558</i>
                        <i>-0.0585828 0.99828 0.00218421 -0.706543 -0.0399167 -0.706543 -0.705241 -0.0429345 0.707667 -3.07579 2.06848 -0.385558</i>
                        <i>-0.0580319 0.998314 0.00148641 -0.70654 -0.0400192 -0.70654 -0.705289 -0.0420521 0.707671 -3.07579 2.06734 -0.385558</i>
                        <i>-0.0575481 0.998342 0.000873606 -0.706538 -0.0401092 -0.706538 -0.705332 -0.0412771 0.707675 -3.07579 2.06617 -0.385558</i>
                        <i>-0.0571377 0.998366 0.00035392 -0.706536 -0.0401854 -0.706536 -0.705367 -0.0406199 0.707677 -3.07579 2.06498 -0.385558</i>
                        <i>-0.0568073 0.998385 -6.45255e-005 -0.706534 -0.0402468 -0.706534 -0.705396 -0.0400907 0.707679 -3.07579 2.06378 -0.385558</i>
                        <i>-0.0565632 0.998399 -0.000373593 -0.706533 -0.0402922 -0.706533 -0.705416 -0.0396998 0.70768 -3.07579 2.06256 -0.385558</i>
