<?xml version="1.0" encoding="ISO-8859-1" ?>
<Animl Version="1">
    <ModellingPackage><![CDATA[Maya.2010]]></ModellingPackage>
    <SrcFile><![CDATA[anims\turrets\artillery\red\~src\artillery_d30\artillery_d30_idle_crewman_a.mb]]></SrcFile>
    <FramesPerSecond>30</FramesPerSecond>
    <TotalFrames>66</TotalFrames>
    <Skeleton>
        <RefFrame>
            <Name><![CDATA[soldier_ref_frame]]></Name>
            <Exclude>0</Exclude>
            <Additive>0</Additive>
            <IKPriority>0</IKPriority>
            <IKRotLimits>-1e+010 -1e+010 -1e+010 1e+010 1e+010 1e+010</IKRotLimits>
            <IKRotLimitOrder>0</IKRotLimitOrder>
            <KeyFrames count="66">
                <i>1 0 0 0 1 0 0 0 1 1.61 1.35 -2.4</i>
                <i>1 0 0 0 1 0 0 0 1 1.61 1.35 -2.4</i>
                <i>1 0 0 0 1 0 0 0 1 1.61 1.35 -2.4</i>
                <i>1 0 0 0 1 0 0 0 1 1.61 1.35 -2.4</i>
                <i>1 0 0 0 1 0 0 0 1 1.61 1.35 -2.4</i>
                <i>1 0 0 0 1 0 0 0 1 1.61 1.35 -2.4</i>
                <i>1 0 0 0 1 0 0 0 1 1.61 1.35 -2.4</i>
                <i>1 0 0 0 1 0 0 0 1 1.61 1.35 -2.4</i>
                <i>1 0 0 0 1 0 0 0 1 1.61 1.35 -2.4</i>
                <i>1 0 0 0 1 0 0 0 1 1.61 1.35 -2.4</i>
                <i>1 0 0 0 1 0 0 0 1 1.61 1.35 -2.4</i>
                <i>1 0 0 0 1 0 0 0 1 1.61 1.35 -2.4</i>
                <i>1 0 0 0 1 0 0 0 1 1.61 1.35 -2.4</i>
                <i>1 0 0 0 1 0 0 0 1 1.61 1.35 -2.4</i>
                <i>1 0 0 0 1 0 0 0 1 1.61 1.35 -2.4</i>
                <i>1 0 0 0 1 0 0 0 1 1.61 1.35 -2.4</i>
                <i>1 0 0 0 1 0 0 0 1 1.61 1.35 -2.4</i>
                <i>1 0 0 0 1 0 0 0 1 1.61 1.35 -2.4</i>
                <i>1 0 0 0 1 0 0 0 1 1.61 1.35 -2.4</i>
                <i>1 0 0 0 1 0 0 0 1 1.61 1.35 -2.4</i>
                <i>1 0 0 0 1 0 0 0 1 1.61 1.35 -2.4</i>
                <i>1 0 0 0 1 0 0 0 1 1.61 1.35 -2.4</i>
                <i>1 0 0 0 1 0 0 0 1 1.61 1.35 -2.4</i>
                <i>1 0 0 0 1 0 0 0 1 1.61 1.35 -2.4</i>
                <i>1 0 0 0 1 0 0 0 1 1.61 1.35 -2.4</i>
                <i>1 0 0 0 1 0 0 0 1 1.61 1.35 -2.4</i>
                <i>1 0 0 0 1 0 0 0 1 1.61 1.35 -2.4</i>
                <i>1 0 0 0 1 0 0 0 1 1.61 1.35 -2.4</i>
                <i>1 0 0 0 1 0 0 0 1 1.61 1.35 -2.4</i>
                <i>1 0 0 0 1 0 0 0 1 1.61 1.35 -2.4</i>
                <i>1 0 0 0 1 0 0 0 1 1.61 1.35 -2.4</i>
                <i>1 0 0 0 1 0 0 0 1 1.61 1.35 -2.4</i>
                <i>1 0 0 0 1 0 0 0 1 1.61 1.35 -2.4</i>
                <i>1 0 0 0 1 0 0 0 1 1.61 1.35 -2.4</i>
                <i>1 0 0 0 1 0 0 0 1 1.61 1.35 -2.4</i>
                <i>1 0 0 0 1 0 0 0 1 1.61 1.35 -2.4</i>
                <i>1 0 0 0 1 0 0 0 1 1.61 1.35 -2.4</i>
                <i>1 0 0 0 1 0 0 0 1 1.61 1.35 -2.4</i>
                <i>1 0 0 0 1 0 0 0 1 1.61 1.35 -2.4</i>
                <i>1 0 0 0 1 0 0 0 1 1.61 1.35 -2.4</i>
                <i>1 0 0 0 1 0 0 0 1 1.61 1.35 -2.4</i>
                <i>1 0 0 0 1 0 0 0 1 1.61 1.35 -2.4</i>
                <i>1 0 0 0 1 0 0 0 1 1.61 1.35 -2.4</i>
                <i>1 0 0 0 1 0 0 0 1 1.61 1.35 -2.4</i>
                <i>1 0 0 0 1 0 0 0 1 1.61 1.35 -2.4</i>
                <i>1 0 0 0 1 0 0 0 1 1.61 1.35 -2.4</i>
                <i>1 0 0 0 1 0 0 0 1 1.61 1.35 -2.4</i>
                <i>1 0 0 0 1 0 0 0 1 1.61 1.35 -2.4</i>
                <i>1 0 0 0 1 0 0 0 1 1.61 1.35 -2.4</i>
                <i>1 0 0 0 1 0 0 0 1 1.61 1.35 -2.4</i>
                <i>1 0 0 0 1 0 0 0 1 1.61 1.35 -2.4</i>
                <i>1 0 0 0 1 0 0 0 1 1.61 1.35 -2.4</i>
                <i>1 0 0 0 1 0 0 0 1 1.61 1.35 -2.4</i>
                <i>1 0 0 0 1 0 0 0 1 1.61 1.35 -2.4</i>
                <i>1 0 0 0 1 0 0 0 1 1.61 1.35 -2.4</i>
                <i>1 0 0 0 1 0 0 0 1 1.61 1.35 -2.4</i>
                <i>1 0 0 0 1 0 0 0 1 1.61 1.35 -2.4</i>
                <i>1 0 0 0 1 0 0 0 1 1.61 1.35 -2.4</i>
                <i>1 0 0 0 1 0 0 0 1 1.61 1.35 -2.4</i>
                <i>1 0 0 0 1 0 0 0 1 1.61 1.35 -2.4</i>
                <i>1 0 0 0 1 0 0 0 1 1.61 1.35 -2.4</i>
                <i>1 0 0 0 1 0 0 0 1 1.61 1.35 -2.4</i>
                <i>1 0 0 0 1 0 0 0 1 1.61 1.35 -2.4</i>
                <i>1 0 0 0 1 0 0 0 1 1.61 1.35 -2.4</i>
                <i>1 0 0 0 1 0 0 0 1 1.61 1.35 -2.4</i>
                <i>1 0 0 0 1 0 0 0 1 1.61 1.35 -2.4</i>
            </KeyFrames>
        </RefFrame>
        <Bones count="23">
            <i>
                <p>
                    <Name><![CDATA[pelvis]]></Name>
                    <Exclude>0</Exclude>
                    <Additive>0</Additive>
                    <IKPriority>0</IKPriority>
                    <IKRotLimits>-1e+010 -1e+010 -1e+010 1e+010 1e+010 1e+010</IKRotLimits>
                    <IKRotLimitOrder>2</IKRotLimitOrder>
                    <KeyFrames count="66">
                        <i>1 0 0 0 1 0 0 0 1 1.72 2.49 -3.37</i>
                        <i>1 0 0 0 1 0 0 0 1 1.72 2.49195 -3.37</i>
                        <i>1 0 0 0 1 0 0 0 1 1.72 2.49383 -3.37</i>
                        <i>1 0 0 0 1 0 0 0 1 1.72 2.49562 -3.37</i>
                        <i>1 0 0 0 1 0 0 0 1 1.72 2.49732 -3.37</i>
                        <i>1 0 0 0 1 0 0 0 1 1.72 2.49893 -3.37</i>
                        <i>1 0 0 0 1 0 0 0 1 1.72 2.50045 -3.37</i>
                        <i>1 0 0 0 1 0 0 0 1 1.72 2.50187 -3.37</i>
                        <i>1 0 0 0 1 0 0 0 1 1.72 2.50318 -3.37</i>
                        <i>1 0 0 0 1 0 0 0 1 1.72 2.5044 -3.37</i>
                        <i>1 0 0 0 1 0 0 0 1 1.72 2.50551 -3.37</i>
                        <i>1 0 0 0 1 0 0 0 1 1.72 2.50651 -3.37</i>
                        <i>1 0 0 0 1 0 0 0 1 1.72 2.50739 -3.37</i>
                        <i>1 0 0 0 1 0 0 0 1 1.72 2.50816 -3.37</i>
                        <i>1 0 0 0 1 0 0 0 1 1.72 2.50881 -3.37</i>
                        <i>1 0 0 0 1 0 0 0 1 1.72 2.50933 -3.37</i>
                        <i>1 0 0 0 1 0 0 0 1 1.72 2.50973 -3.37</i>
                        <i>1 0 0 0 1 0 0 0 1 1.72 2.51 -3.37</i>
                        <i>1 0 0 0 1 0 0 0 1 1.72 2.51014 -3.37</i>
                        <i>1 0 0 0 1 0 0 0 1 1.72 2.51014 -3.37</i>
                        <i>1 0 0 0 1 0 0 0 1 1.72 2.51 -3.37</i>
                        <i>1 0 0 0 1 0 0 0 1 1.72 2.50971 -3.37</i>
                        <i>1 0 0 0 1 0 0 0 1 1.72 2.50926 -3.37</i>
                        <i>1 0 0 0 1 0 0 0 1 1.72 2.50867 -3.37</i>
                        <i>1 0 0 0 1 0 0 0 1 1.72 2.50794 -3.37</i>
                        <i>1 0 0 0 1 0 0 0 1 1.72 2.50709 -3.37</i>
                        <i>1 0 0 0 1 0 0 0 1 1.72 2.50613 -3.37</i>
                        <i>1 0 0 0 1 0 0 0 1 1.72 2.50508 -3.37</i>
                        <i>1 0 0 0 1 0 0 0 1 1.72 2.50393 -3.37</i>
                        <i>1 0 0 0 1 0 0 0 1 1.72 2.5027 -3.37</i>
                        <i>1 0 0 0 1 0 0 0 1 1.72 2.50141 -3.37</i>
                        <i>1 0 0 0 1 0 0 0 1 1.72 2.50007 -3.37</i>
                        <i>1 0 0 0 1 0 0 0 1 1.72 2.49868 -3.37</i>
                        <i>1 0 0 0 1 0 0 0 1 1.72 2.49726 -3.37</i>
                        <i>1 0 0 0 1 0 0 0 1 1.72 2.49583 -3.37</i>
                        <i>1 0 0 0 1 0 0 0 1 1.72 2.49438 -3.37</i>
                        <i>1 0 0 0 1 0 0 0 1 1.72 2.49294 -3.37</i>
                        <i>1 0 0 0 1 0 0 0 1 1.72 2.49151 -3.37</i>
                        <i>1 0 0 0 1 0 0 0 1 1.72 2.4901 -3.37</i>
                        <i>1 0 0 0 1 0 0 0 1 1.72 2.48874 -3.37</i>
                        <i>1 0 0 0 1 0 0 0 1 1.72 2.48742 -3.37</i>
                        <i>1 0 0 0 1 0 0 0 1 1.72 2.48616 -3.37</i>
                        <i>1 0 0 0 1 0 0 0 1 1.72 2.48498 -3.37</i>
                        <i>1 0 0 0 1 0 0 0 1 1.72 2.48387 -3.37</i>
                        <i>1 0 0 0 1 0 0 0 1 1.72 2.48287 -3.37</i>
                        <i>1 0 0 0 1 0 0 0 1 1.72 2.48196 -3.37</i>
                        <i>1 0 0 0 1 0 0 0 1 1.72 2.48118 -3.37</i>
                        <i>1 0 0 0 1 0 0 0 1 1.72 2.48052 -3.37</i>
                        <i>1 0 0 0 1 0 0 0 1 1.72 2.48 -3.37</i>
                        <i>1 0 0 0 1 0 0 0 1 1.72 2.4796 -3.37</i>
                        <i>1 0 0 0 1 0 0 0 1 1.72 2.47927 -3.37</i>
                        <i>1 0 0 0 1 0 0 0 1 1.72 2.47905 -3.37</i>
                        <i>1 0 0 0 1 0 0 0 1 1.72 2.47892 -3.37</i>
                        <i>1 0 0 0 1 0 0 0 1 1.72 2.4789 -3.37</i>
                        <i>1 0 0 0 1 0 0 0 1 1.72 2.479 -3.37</i>
                        <i>1 0 0 0 1 0 0 0 1 1.72 2.47922 -3.37</i>
                        <i>1 0 0 0 1 0 0 0 1 1.72 2.47957 -3.37</i>
                        <i>1 0 0 0 1 0 0 0 1 1.72 2.48007 -3.37</i>
                        <i>1 0 0 0 1 0 0 0 1 1.72 2.48071 -3.37</i>
                        <i>1 0 0 0 1 0 0 0 1 1.72 2.4815 -3.37</i>
                        <i>1 0 0 0 1 0 0 0 1 1.72 2.48247 -3.37</i>
                        <i>1 0 0 0 1 0 0 0 1 1.72 2.4836 -3.37</i>
                        <i>1 0 0 0 1 0 0 0 1 1.72 2.48491 -3.37</i>
                        <i>1 0 0 0 1 0 0 0 1 1.72 2.48641 -3.37</i>
                        <i>1 0 0 0 1 0 0 0 1 1.72 2.4881 -3.37</i>
                        <i>1 0 0 0 1 0 0 0 1 1.72 2.49 -3.37</i>
                    </KeyFrames>
                </p>
            </i>
            <i>
                <p>
                    <Name><![CDATA[spine0]]></Name>
                    <Exclude>0</Exclude>
                    <Additive>0</Additive>
                    <IKPriority>0</IKPriority>
                    <IKRotLimits>-1e+010 -1e+010 -1e+010 1e+010 1e+010 1e+010</IKRotLimits>
                    <IKRotLimitOrder>0</IKRotLimitOrder>
                    <KeyFrames count="66">
                        <i>-0.0341346 0.998783 0.0356062 -0.723307 -0.000102867 -0.690526 -0.689682 -0.0493251 0.72243 1.75162 2.62637 -3.40317</i>
                        <i>-0.0338434 0.998804 0.0352974 -0.723308 -0.000105582 -0.690526 -0.689696 -0.0489006 0.722446 1.75116 2.62854 -3.40269</i>
                        <i>-0.0334016 0.998835 0.0348304 -0.723308 -0.000108492 -0.690526 -0.689717 -0.0482577 0.722469 1.75074 2.63062 -3.40225</i>
                        <i>-0.0328215 0.998875 0.0342183 -0.723308 -0.000111555 -0.690525 -0.689745 -0.0474145 0.722498 1.75036 2.63258 -3.40185</i>
                        <i>-0.0321156 0.998923 0.0334743 -0.723308 -0.000114732 -0.690525 -0.689778 -0.0463889 0.722533 1.75003 2.63444 -3.40151</i>
                        <i>-0.0312964 0.998978 0.0326115 -0.723309 -0.000117982 -0.690525 -0.689815 -0.0451991 0.722573 1.74975 2.63618 -3.40121</i>
                        <i>-0.0303764 0.999038 0.0316432 -0.723309 -0.000121267 -0.690525 -0.689856 -0.0438634 0.722616 1.74952 2.6378 -3.40097</i>
                        <i>-0.0293684 0.999101 0.0305825 -0.723309 -0.000124546 -0.690525 -0.6899 -0.0424001 0.722662 1.74934 2.6393 -3.40078</i>
                        <i>-0.0282849 0.999166 0.0294429 -0.723309 -0.000127779 -0.690525 -0.689945 -0.0408277 0.722709 1.74922 2.64067 -3.40066</i>
                        <i>-0.027139 0.999233 0.028238 -0.723309 -0.000130925 -0.690525 -0.689991 -0.0391649 0.722757 1.74916 2.64192 -3.40059</i>
                        <i>-0.0259434 0.999299 0.0269813 -0.723309 -0.000133944 -0.690525 -0.690037 -0.0374304 0.722805 1.74915 2.64303 -3.40058</i>
                        <i>-0.0247114 0.999365 0.0256867 -0.723309 -0.000136795 -0.690525 -0.690083 -0.0356432 0.722852 1.7492 2.644 -3.40063</i>
                        <i>-0.0234561 0.999428 0.0243679 -0.723308 -0.000139436 -0.690525 -0.690127 -0.0338226 0.722898 1.74931 2.64483 -3.40075</i>
                        <i>-0.0222176 0.999487 0.0230671 -0.723308 -0.000141827 -0.690525 -0.690168 -0.0320264 0.72294 1.74948 2.64553 -3.40092</i>
                        <i>-0.0209998 0.999542 0.0217883 -0.723308 -0.000144032 -0.690526 -0.690206 -0.0302606 0.72298 1.74967 2.64609 -3.40113</i>
                        <i>-0.0197696 0.999594 0.0204966 -0.723308 -0.000146146 -0.690526 -0.690243 -0.0284768 0.723017 1.74989 2.64651 -3.40136</i>
                        <i>-0.0185281 0.999644 0.0191932 -0.723308 -0.000148177 -0.690526 -0.690277 -0.0266768 0.723053 1.75014 2.6468 -3.40162</i>
                        <i>-0.0172765 0.999691 0.0178793 -0.723307 -0.000150133 -0.690526 -0.69031 -0.0248622 0.723086 1.75042 2.64694 -3.40191</i>
                        <i>-0.0160159 0.999735 0.0165561 -0.723307 -0.000152022 -0.690526 -0.690341 -0.0230346 0.723118 1.75071 2.64694 -3.40222</i>
                        <i>-0.0147997 0.999774 0.0152797 -0.723307 -0.000153722 -0.690527 -0.690368 -0.0212715 0.723146 1.75102 2.64679 -3.40254</i>
                        <i>-0.0136838 0.999807 0.0141088 -0.723307 -0.000155103 -0.690527 -0.690391 -0.019654 0.723169 1.75135 2.6465 -3.40289</i>
                        <i>-0.012696 0.999834 0.0130727 -0.723307 -0.000156105 -0.690527 -0.69041 -0.0182225 0.723188 1.7517 2.64604 -3.40325</i>
                        <i>-0.0118569 0.999855 0.0121929 -0.723306 -0.00015669 -0.690527 -0.690426 -0.0170067 0.723204 1.75205 2.64542 -3.40362</i>
                        <i>-0.0111608 0.999872 0.0114634 -0.723306 -0.000156882 -0.690527 -0.690437 -0.0159984 0.723215 1.75241 2.64465 -3.404</i>
                        <i>-0.0106018 0.999885 0.0108782 -0.723306 -0.000156705 -0.690528 -0.690446 -0.0151891 0.723224 1.75278 2.64374 -3.40438</i>
                        <i>-0.0101745 0.999894 0.0104313 -0.723306 -0.000156185 -0.690528 -0.690453 -0.0145708 0.72323 1.75315 2.6427 -3.40477</i>
                        <i>-0.00987298 0.9999 0.0101167 -0.723305 -0.000155345 -0.690528 -0.690458 -0.014135 0.723235 1.75352 2.64155 -3.40516</i>
                        <i>-0.0096916 0.999904 0.00992832 -0.723305 -0.000154212 -0.690528 -0.69046 -0.0138735 0.723237 1.75389 2.64029 -3.40555</i>
                        <i>-0.00962456 0.999905 0.00986012 -0.723305 -0.00015281 -0.690529 -0.690462 -0.0137779 0.723238 1.75426 2.63895 -3.40593</i>
                        <i>-0.00966604 0.999904 0.00990595 -0.723305 -0.000151164 -0.690529 -0.690461 -0.0138397 0.723237 1.75462 2.63753 -3.40631</i>
                        <i>-0.00981016 0.999901 0.0100596 -0.723305 -0.000149299 -0.690529 -0.690459 -0.0140504 0.723235 1.75497 2.63605 -3.40668</i>
                        <i>-0.0100509 0.999896 0.0103148 -0.723304 -0.00014724 -0.690529 -0.690456 -0.0144012 0.723231 1.75531 2.63452 -3.40704</i>
                        <i>-0.0103824 0.999889 0.0106652 -0.723304 -0.000145013 -0.69053 -0.690452 -0.0148835 0.723225 1.75564 2.63295 -3.40738</i>
                        <i>-0.0107984 0.99988 0.0111043 -0.723304 -0.000142643 -0.69053 -0.690445 -0.0154884 0.723219 1.75595 2.63136 -3.40771</i>
                        <i>-0.0112927 0.999869 0.0116257 -0.723304 -0.000140155 -0.69053 -0.690438 -0.0162068 0.72321 1.75625 2.62976 -3.40801</i>
                        <i>-0.0118591 0.999855 0.0122227 -0.723303 -0.000137576 -0.69053 -0.690429 -0.0170298 0.7232 1.75652 2.62816 -3.4083</i>
                        <i>-0.0124912 0.999839 0.0128886 -0.723303 -0.000134932 -0.690531 -0.690418 -0.0179479 0.723188 1.75677 2.62657 -3.40856</i>
                        <i>-0.0131826 0.99982 0.0136167 -0.723303 -0.000132248 -0.690531 -0.690405 -0.018952 0.723175 1.75699 2.62501 -3.40879</i>
                        <i>-0.0139268 0.999799 0.0144002 -0.723303 -0.00012955 -0.690531 -0.690391 -0.0200326 0.723159 1.75719 2.62349 -3.409</i>
                        <i>-0.0147173 0.999776 0.0152321 -0.723302 -0.000126865 -0.690531 -0.690375 -0.0211802 0.723142 1.75736 2.62203 -3.40917</i>
                        <i>-0.0155476 0.999749 0.0161056 -0.723302 -0.000124219 -0.690532 -0.690357 -0.0223853 0.723123 1.75749 2.62063 -3.40931</i>
                        <i>-0.0164109 0.999721 0.0170136 -0.723302 -0.000121639 -0.690532 -0.690337 -0.0236383 0.723102 1.75759 2.61932 -3.40942</i>
                        <i>-0.0173008 0.999689 0.0179493 -0.723302 -0.000119152 -0.690532 -0.690315 -0.0249295 0.723079 1.75765 2.61809 -3.40948</i>
                        <i>-0.0181979 0.999656 0.0188924 -0.723302 -0.000116793 -0.690532 -0.690292 -0.0262311 0.723055 1.75768 2.61697 -3.40951</i>
                        <i>-0.019081 0.999621 0.0198206 -0.723302 -0.000114593 -0.690532 -0.690269 -0.0275123 0.72303 1.75768 2.61597 -3.40951</i>
                        <i>-0.0199653 0.999585 0.0207499 -0.723302 -0.000112512 -0.690532 -0.690244 -0.0287952 0.723004 1.75765 2.61508 -3.40948</i>
                        <i>-0.0208589 0.999547 0.0216888 -0.723302 -0.000110529 -0.690532 -0.690217 -0.0300913 0.722976 1.75759 2.61433 -3.40942</i>
                        <i>-0.0217762 0.999506 0.0226524 -0.723302 -0.000108606 -0.690532 -0.690189 -0.0314217 0.722947 1.7575 2.61372 -3.40932</i>
                        <i>-0.0227366 0.999461 0.0236612 -0.723302 -0.000106691 -0.690532 -0.690158 -0.0328145 0.722915 1.75739 2.61327 -3.40921</i>
                        <i>-0.0237282 0.999413 0.0247025 -0.723302 -0.000104814 -0.690532 -0.690124 -0.0342525 0.72288 1.75724 2.61295 -3.40906</i>
                        <i>-0.0247388 0.999362 0.0257638 -0.723302 -0.000103002 -0.690532 -0.690089 -0.0357179 0.722843 1.75708 2.61273 -3.40888</i>
                        <i>-0.0257565 0.999308 0.0268323 -0.723302 -0.000101286 -0.690532 -0.690051 -0.0371935 0.722804 1.75688 2.61261 -3.40868</i>
                        <i>-0.0267692 0.999252 0.0278954 -0.723302 -9.96917e-005 -0.690532 -0.690013 -0.0386618 0.722764 1.75666 2.61261 -3.40845</i>
                        <i>-0.0277651 0.999195 0.0289406 -0.723302 -9.82491e-005 -0.690531 -0.689973 -0.0401055 0.722723 1.75642 2.61273 -3.40819</i>
                        <i>-0.0287322 0.999138 0.0299554 -0.723303 -9.69862e-005 -0.690531 -0.689933 -0.0415073 0.722682 1.75615 2.61299 -3.40791</i>
                        <i>-0.0296587 0.999081 0.0309275 -0.723303 -9.5931e-005 -0.690531 -0.689894 -0.0428502 0.722641 1.75585 2.61337 -3.4076</i>
                        <i>-0.0305328 0.999026 0.0318443 -0.723303 -9.51117e-005 -0.690531 -0.689855 -0.0441169 0.722602 1.75553 2.6139 -3.40726</i>
                        <i>-0.0313428 0.998974 0.0326936 -0.723304 -9.4556e-005 -0.69053 -0.689819 -0.0452906 0.722564 1.75519 2.61459 -3.40691</i>
                        <i>-0.0320771 0.998925 0.0334632 -0.723304 -9.42917e-005 -0.69053 -0.689784 -0.0463542 0.722529 1.75482 2.61543 -3.40652</i>
                        <i>-0.0327241 0.998881 0.0341409 -0.723304 -9.4346e-005 -0.690529 -0.689754 -0.0472912 0.722498 1.75443 2.61644 -3.40611</i>
                        <i>-0.0332724 0.998843 0.0347146 -0.723305 -9.47462e-005 -0.690529 -0.689727 -0.0480848 0.722471 1.75402 2.61762 -3.40568</i>
                        <i>-0.0337104 0.998813 0.0351724 -0.723305 -9.55192e-005 -0.690528 -0.689705 -0.0487183 0.72245 1.75358 2.61898 -3.40522</i>
                        <i>-0.0340269 0.99879 0.0355022 -0.723306 -9.66915e-005 -0.690528 -0.689689 -0.0491755 0.722434 1.75313 2.62052 -3.40474</i>
                        <i>-0.0342106 0.998777 0.0356924 -0.723306 -9.82895e-005 -0.690527 -0.68968 -0.0494399 0.722425 1.75265 2.62227 -3.40424</i>
                        <i>-0.0342502 0.998774 0.035731 -0.723307 -0.000100339 -0.690527 -0.689677 -0.0494951 0.722424 1.75215 2.62421 -3.40372</i>
                        <i>-0.0341346 0.998783 0.0356062 -0.723307 -0.000102867 -0.690526 -0.689682 -0.0493251 0.72243 1.75162 2.62637 -3.40317</i>
                    </KeyFrames>
                </p>
            </i>
            <i>
                <p>
                    <Name><![CDATA[spine1]]></Name>
                    <Exclude>0</Exclude>
                    <Additive>0</Additive>
                    <IKPriority>0</IKPriority>
                    <IKRotLimits>-1e+010 -1e+010 -1e+010 1e+010 1e+010 1e+010</IKRotLimits>
                    <IKRotLimitOrder>0</IKRotLimitOrder>
                    <KeyFrames count="66">
                        <i>-0.120278 0.984672 0.126312 -0.72391 7.27332e-005 -0.689894 -0.679329 -0.174417 0.712805 1.74577 2.7978 -3.39706</i>
                        <i>-0.117036 0.985492 0.122913 -0.723911 7.46111e-005 -0.689894 -0.679894 -0.169721 0.7134 1.74536 2.79986 -3.39663</i>
                        <i>-0.113596 0.986338 0.119305 -0.723911 7.56836e-005 -0.689893 -0.680477 -0.164735 0.714012 1.74501 2.80183 -3.39627</i>
                        <i>-0.110027 0.987188 0.115561 -0.723912 7.60154e-005 -0.689893 -0.681062 -0.159563 0.714628 1.74474 2.80371 -3.39599</i>
                        <i>-0.106399 0.988023 0.111754 -0.723912 7.56707e-005 -0.689892 -0.681638 -0.154304 0.715234 1.74453 2.80549 -3.39577</i>
                        <i>-0.102783 0.988828 0.107958 -0.723912 7.47133e-005 -0.689892 -0.682193 -0.149061 0.715817 1.74439 2.80716 -3.39563</i>
                        <i>-0.0992485 0.989587 0.104248 -0.723913 7.32059e-005 -0.689892 -0.682715 -0.143937 0.716367 1.74432 2.80874 -3.39555</i>
                        <i>-0.0958672 0.990288 0.100697 -0.723913 7.1211e-005 -0.689892 -0.683198 -0.139034 0.716875 1.74432 2.8102 -3.39555</i>
                        <i>-0.0927093 0.99092 0.09738 -0.723913 6.87907e-005 -0.689891 -0.683634 -0.134454 0.717333 1.74438 2.81156 -3.39562</i>
                        <i>-0.0898453 0.991475 0.0943707 -0.723913 6.60069e-005 -0.689892 -0.684016 -0.1303 0.717735 1.74451 2.8128 -3.39575</i>
                        <i>-0.0873453 0.991945 0.0917431 -0.723913 6.29214e-005 -0.689892 -0.68434 -0.126673 0.718076 1.74471 2.81392 -3.39596</i>
                        <i>-0.0852793 0.992323 0.0895705 -0.723912 5.9596e-005 -0.689892 -0.684601 -0.123675 0.71835 1.74497 2.81493 -3.39624</i>
                        <i>-0.0837168 0.992603 0.0879258 -0.723912 5.6093e-005 -0.689892 -0.684794 -0.121406 0.718553 1.7453 2.81581 -3.39658</i>
                        <i>-0.0826466 0.992792 0.0867977 -0.723912 5.25806e-005 -0.689892 -0.684924 -0.119851 0.71869 1.74567 2.81656 -3.39697</i>
                        <i>-0.0818896 0.992924 0.0859983 -0.723912 4.90527e-005 -0.689893 -0.685015 -0.11875 0.718785 1.74608 2.81718 -3.3974</i>
                        <i>-0.0812909 0.993028 0.0853646 -0.723911 4.53454e-005 -0.689893 -0.685087 -0.117878 0.71886 1.74651 2.81768 -3.39785</i>
                        <i>-0.0808237 0.993109 0.0848687 -0.723911 4.14581e-005 -0.689893 -0.685143 -0.117197 0.718919 1.74697 2.81804 -3.39833</i>
                        <i>-0.0804614 0.993171 0.0844825 -0.72391 3.73902e-005 -0.689894 -0.685186 -0.116668 0.718964 1.74746 2.81827 -3.39884</i>
                        <i>-0.0801773 0.99322 0.0841782 -0.72391 3.31412e-005 -0.689894 -0.68522 -0.116251 0.718999 1.74796 2.81835 -3.39938</i>
                        <i>-0.0800747 0.993238 0.0840643 -0.72391 2.88763e-005 -0.689895 -0.685232 -0.116098 0.719012 1.74849 2.81829 -3.39992</i>
                        <i>-0.080263 0.993206 0.0842559 -0.723909 2.47694e-005 -0.689895 -0.68521 -0.116367 0.718989 1.749 2.81809 -3.40047</i>
                        <i>-0.080735 0.993126 0.0847454 -0.723909 2.08448e-005 -0.689896 -0.685155 -0.117047 0.718931 1.74952 2.81773 -3.401</i>
                        <i>-0.0814798 0.992999 0.0855215 -0.723908 1.71227e-005 -0.689896 -0.685068 -0.118122 0.718839 1.75001 2.81721 -3.40152</i>
                        <i>-0.0824754 0.992827 0.086561 -0.723908 1.36085e-005 -0.689896 -0.684949 -0.119562 0.718714 1.75049 2.81653 -3.40203</i>
                        <i>-0.0836998 0.992612 0.0878409 -0.723908 1.03076e-005 -0.689897 -0.684801 -0.121333 0.718558 1.75096 2.81572 -3.40251</i>
                        <i>-0.0851309 0.992357 0.089338 -0.723907 7.22539e-006 -0.689897 -0.684625 -0.123404 0.718374 1.7514 2.81478 -3.40298</i>
                        <i>-0.0867468 0.992063 0.0910294 -0.723907 4.36728e-006 -0.689898 -0.684422 -0.125743 0.718161 1.75183 2.81373 -3.40342</i>
                        <i>-0.088526 0.991733 0.0928924 -0.723907 1.73865e-006 -0.689898 -0.684195 -0.128319 0.717922 1.75223 2.81257 -3.40384</i>
                        <i>-0.0904466 0.991369 0.0949042 -0.723906 -6.55224e-007 -0.689898 -0.683944 -0.131101 0.717658 1.75261 2.81133 -3.40424</i>
                        <i>-0.0924874 0.990974 0.0970424 -0.723906 -2.80886e-006 -0.689898 -0.683671 -0.134057 0.717372 1.75296 2.81 -3.40461</i>
                        <i>-0.0946272 0.990549 0.0992849 -0.723906 -4.71695e-006 -0.689899 -0.683378 -0.137156 0.717065 1.75329 2.80862 -3.40495</i>
                        <i>-0.096845 0.990099 0.10161 -0.723906 -6.37397e-006 -0.689899 -0.683068 -0.140369 0.716739 1.75358 2.80718 -3.40526</i>
                        <i>-0.0991201 0.989626 0.103995 -0.723905 -7.77449e-006 -0.689899 -0.682742 -0.143665 0.716397 1.75385 2.8057 -3.40554</i>
                        <i>-0.101432 0.989134 0.106419 -0.723905 -8.91291e-006 -0.6899 -0.682402 -0.147015 0.71604 1.75409 2.80419 -3.40579</i>
                        <i>-0.10376 0.988627 0.108861 -0.723905 -9.78363e-006 -0.6899 -0.682052 -0.150389 0.715673 1.7543 2.80267 -3.40601</i>
                        <i>-0.106086 0.988108 0.1113 -0.723905 -1.03809e-005 -0.6899 -0.681695 -0.153759 0.715298 1.75447 2.80114 -3.40619</i>
                        <i>-0.108387 0.987583 0.113714 -0.723905 -1.0699e-005 -0.6899 -0.681333 -0.157095 0.714917 1.75461 2.79962 -3.40634</i>
                        <i>-0.110647 0.987057 0.116085 -0.723904 -1.07322e-005 -0.6899 -0.68097 -0.160369 0.714536 1.75472 2.79812 -3.40644</i>
                        <i>-0.112844 0.986534 0.11839 -0.723904 -1.04744e-005 -0.6899 -0.680609 -0.163554 0.714158 1.75478 2.79666 -3.40651</i>
                        <i>-0.114959 0.986021 0.120611 -0.723904 -9.91976e-006 -0.6899 -0.680255 -0.166621 0.713786 1.75481 2.79523 -3.40654</i>
                        <i>-0.116975 0.985523 0.122727 -0.723904 -9.0622e-006 -0.689901 -0.679912 -0.169543 0.713425 1.7548 2.79387 -3.40653</i>
                        <i>-0.118871 0.985046 0.124718 -0.723904 -7.89579e-006 -0.689901 -0.679583 -0.172293 0.71308 1.75475 2.79258 -3.40648</i>
                        <i>-0.120628 0.984597 0.126564 -0.723904 -6.41448e-006 -0.689901 -0.679273 -0.174842 0.712754 1.75466 2.79137 -3.40638</i>
                        <i>-0.122241 0.984178 0.128259 -0.723904 -4.6671e-006 -0.689901 -0.678985 -0.177181 0.712451 1.75453 2.79025 -3.40624</i>
                        <i>-0.123716 0.983791 0.12981 -0.723904 -2.70995e-006 -0.689901 -0.678718 -0.179322 0.71217 1.75438 2.78923 -3.40608</i>
                        <i>-0.125113 0.983419 0.131279 -0.723904 -4.70683e-007 -0.689901 -0.678461 -0.181349 0.711901 1.75419 2.78833 -3.40589</i>
                        <i>-0.126474 0.983052 0.132711 -0.723904 2.10063e-006 -0.689901 -0.678209 -0.183325 0.711635 1.75398 2.78755 -3.40566</i>
                        <i>-0.127789 0.982695 0.134094 -0.723904 4.98301e-006 -0.689901 -0.677963 -0.185233 0.711376 1.75373 2.78692 -3.40541</i>
                        <i>-0.129048 0.982348 0.13542 -0.723904 8.15828e-006 -0.689901 -0.677724 -0.187061 0.711125 1.75345 2.78643 -3.40511</i>
                        <i>-0.13023 0.98202 0.136665 -0.723904 1.15915e-005 -0.689901 -0.677498 -0.188778 0.710887 1.75314 2.78606 -3.40479</i>
                        <i>-0.131312 0.981716 0.137805 -0.723904 1.52476e-005 -0.689901 -0.677289 -0.19035 0.710666 1.7528 2.78578 -3.40443</i>
                        <i>-0.132273 0.981444 0.138819 -0.723904 1.90913e-005 -0.689901 -0.677102 -0.191747 0.710469 1.75243 2.7856 -3.40404</i>
                        <i>-0.13309 0.981211 0.139683 -0.723904 2.30872e-005 -0.6899 -0.676941 -0.192936 0.7103 1.75204 2.78553 -3.40363</i>
                        <i>-0.133742 0.981024 0.140373 -0.723904 2.72001e-005 -0.6899 -0.676813 -0.193886 0.710164 1.75162 2.78558 -3.40319</i>
                        <i>-0.134207 0.98089 0.140866 -0.723905 3.13942e-005 -0.6899 -0.67672 -0.194563 0.710067 1.75119 2.78574 -3.40274</i>
                        <i>-0.13446 0.980816 0.141138 -0.723905 3.5634e-005 -0.6899 -0.67667 -0.194935 0.710013 1.75073 2.78604 -3.40226</i>
                        <i>-0.134481 0.980809 0.141166 -0.723905 3.98839e-005 -0.689899 -0.676666 -0.194969 0.710008 1.75026 2.78647 -3.40177</i>
                        <i>-0.134245 0.980876 0.140925 -0.723906 4.41082e-005 -0.689899 -0.676712 -0.194631 0.710056 1.74978 2.78704 -3.40127</i>
                        <i>-0.133729 0.981024 0.14039 -0.723906 4.82712e-005 -0.689899 -0.676814 -0.193889 0.710162 1.74929 2.78777 -3.40075</i>
                        <i>-0.132911 0.981256 0.139537 -0.723906 5.23374e-005 -0.689898 -0.676974 -0.192706 0.710331 1.74879 2.78866 -3.40023</i>
                        <i>-0.131765 0.98158 0.138341 -0.723907 5.62714e-005 -0.689898 -0.677198 -0.19105 0.710565 1.74829 2.78972 -3.3997</i>
                        <i>-0.130268 0.981999 0.136776 -0.723907 6.00379e-005 -0.689897 -0.677487 -0.188885 0.710869 1.74778 2.79095 -3.39917</i>
                        <i>-0.128396 0.982517 0.134817 -0.723908 6.36018e-005 -0.689897 -0.677843 -0.186175 0.711243 1.74727 2.79237 -3.39864</i>
                        <i>-0.126124 0.983134 0.132437 -0.723909 6.69285e-005 -0.689896 -0.678269 -0.182885 0.711691 1.74677 2.79398 -3.39811</i>
                        <i>-0.123426 0.983853 0.129611 -0.723909 6.99836e-005 -0.689895 -0.678765 -0.178978 0.712212 1.74626 2.79579 -3.39758</i>
                        <i>-0.120278 0.984672 0.126312 -0.72391 7.27332e-005 -0.689894 -0.679329 -0.174417 0.712805 1.74577 2.7978 -3.39706</i>
                    </KeyFrames>
                </p>
            </i>
            <i>
                <p>
                    <Name><![CDATA[spine2]]></Name>
                    <Exclude>0</Exclude>
                    <Additive>0</Additive>
                    <IKPriority>0</IKPriority>
                    <IKRotLimits>-1e+010 -1e+010 -1e+010 1e+010 1e+010 1e+010</IKRotLimits>
                    <IKRotLimitOrder>0</IKRotLimitOrder>
                    <KeyFrames count="66">
                        <i>-0.201139 0.956481 0.211393 -0.724508 -2.16304e-005 -0.689267 -0.659266 -0.291794 0.692982 1.72675 2.95342 -3.37709</i>
                        <i>-0.200585 0.956725 0.210816 -0.724508 -1.72444e-005 -0.689266 -0.659435 -0.290994 0.693158 1.72687 2.9555 -3.37722</i>
                        <i>-0.199565 0.957172 0.20975 -0.724508 -1.32666e-005 -0.689266 -0.659744 -0.289519 0.693482 1.72708 2.95751 -3.37744</i>
                        <i>-0.19816 0.957785 0.208278 -0.724508 -9.71434e-006 -0.689266 -0.660167 -0.287484 0.693925 1.72738 2.95944 -3.37776</i>
                        <i>-0.196452 0.958525 0.206487 -0.724508 -6.60515e-006 -0.689266 -0.660677 -0.285009 0.694461 1.72776 2.96128 -3.37815</i>
                        <i>-0.194523 0.959352 0.204463 -0.724508 -3.95683e-006 -0.689266 -0.661248 -0.282213 0.695059 1.7282 2.96302 -3.37861</i>
                        <i>-0.192456 0.960228 0.202294 -0.724508 -1.78746e-006 -0.689266 -0.661852 -0.279217 0.695694 1.72869 2.96466 -3.37913</i>
                        <i>-0.190334 0.961117 0.200066 -0.724509 -1.15181e-007 -0.689266 -0.662465 -0.27614 0.696338 1.72922 2.96621 -3.37969</i>
                        <i>-0.188241 0.961984 0.197867 -0.724509 1.04184e-006 -0.689266 -0.663063 -0.273104 0.696966 1.72978 2.96764 -3.38028</i>
                        <i>-0.18626 0.962795 0.195786 -0.724509 1.66554e-006 -0.689266 -0.663622 -0.270231 0.697553 1.73037 2.96895 -3.38089</i>
                        <i>-0.184475 0.963518 0.19391 -0.724509 1.73786e-006 -0.689266 -0.66412 -0.267642 0.698077 1.73096 2.97016 -3.38152</i>
                        <i>-0.182971 0.964122 0.192329 -0.724509 1.24101e-006 -0.689266 -0.664536 -0.26546 0.698515 1.73154 2.97123 -3.38213</i>
                        <i>-0.181831 0.964576 0.191129 -0.724509 1.57558e-007 -0.689266 -0.664849 -0.263805 0.698844 1.73211 2.97219 -3.38273</i>
                        <i>-0.181087 0.964871 0.190344 -0.724508 -1.38118e-006 -0.689266 -0.665052 -0.262723 0.699058 1.73265 2.97301 -3.3833</i>
                        <i>-0.180559 0.96508 0.189786 -0.724508 -3.21641e-006 -0.689266 -0.665196 -0.261955 0.699209 1.73317 2.97371 -3.38384</i>
                        <i>-0.180049 0.965281 0.189247 -0.724508 -5.32446e-006 -0.689266 -0.665335 -0.261212 0.699355 1.73369 2.97428 -3.38439</i>
                        <i>-0.179529 0.965486 0.188697 -0.724508 -7.68152e-006 -0.689266 -0.665475 -0.260456 0.699504 1.73422 2.97472 -3.38494</i>
                        <i>-0.178971 0.965704 0.188108 -0.724508 -1.02638e-005 -0.689266 -0.665625 -0.259645 0.699663 1.73476 2.97502 -3.38551</i>
                        <i>-0.178349 0.965947 0.187449 -0.724508 -1.30477e-005 -0.689266 -0.665792 -0.258738 0.699839 1.7353 2.97518 -3.38608</i>
                        <i>-0.177758 0.966177 0.186825 -0.724508 -1.60092e-005 -0.689266 -0.66595 -0.257879 0.700006 1.73583 2.9752 -3.38664</i>
                        <i>-0.177303 0.966354 0.186342 -0.724508 -1.91242e-005 -0.689266 -0.666072 -0.257215 0.700135 1.73632 2.97507 -3.38715</i>
                        <i>-0.176925 0.966501 0.185939 -0.724508 -2.2369e-005 -0.689266 -0.666173 -0.256663 0.700242 1.73675 2.97478 -3.3876</i>
                        <i>-0.176576 0.966636 0.185568 -0.724508 -2.57202e-005 -0.689266 -0.666265 -0.256153 0.70034 1.73712 2.97432 -3.38799</i>
                        <i>-0.176259 0.966759 0.18523 -0.724508 -2.91542e-005 -0.689266 -0.666349 -0.25569 0.70043 1.73743 2.9737 -3.38832</i>
                        <i>-0.175974 0.966869 0.184925 -0.724508 -3.26474e-005 -0.689267 -0.666424 -0.255273 0.70051 1.73769 2.97293 -3.38859</i>
                        <i>-0.175723 0.966966 0.184657 -0.724508 -3.61762e-005 -0.689266 -0.666491 -0.254906 0.700581 1.7379 2.97204 -3.38881</i>
                        <i>-0.175508 0.967049 0.184426 -0.724508 -3.97172e-005 -0.689266 -0.666547 -0.25459 0.700642 1.73806 2.97103 -3.38898</i>
                        <i>-0.175329 0.967118 0.184233 -0.724508 -4.32469e-005 -0.689266 -0.666594 -0.254327 0.700692 1.73817 2.9699 -3.38909</i>
                        <i>-0.175189 0.967173 0.184081 -0.724508 -4.67421e-005 -0.689266 -0.666631 -0.25412 0.700733 1.73824 2.96869 -3.38916</i>
                        <i>-0.175089 0.967212 0.183971 -0.724508 -5.01795e-005 -0.689266 -0.666657 -0.253971 0.700762 1.73826 2.96739 -3.38918</i>
                        <i>-0.17503 0.967235 0.183905 -0.724508 -5.35357e-005 -0.689266 -0.666673 -0.253883 0.700779 1.73824 2.96602 -3.38916</i>
                        <i>-0.175015 0.967242 0.183884 -0.724508 -5.67878e-005 -0.689266 -0.666676 -0.253857 0.700785 1.73817 2.96459 -3.38909</i>
                        <i>-0.175045 0.967231 0.183911 -0.724508 -5.99127e-005 -0.689266 -0.666668 -0.253897 0.700778 1.73807 2.96311 -3.38898</i>
                        <i>-0.175122 0.967203 0.183987 -0.724508 -6.28873e-005 -0.689266 -0.666648 -0.254006 0.700758 1.73793 2.9616 -3.38884</i>
                        <i>-0.175247 0.967156 0.184116 -0.724509 -6.56888e-005 -0.689266 -0.666615 -0.254185 0.700724 1.73776 2.96006 -3.38866</i>
                        <i>-0.175424 0.967089 0.184298 -0.724509 -6.82942e-005 -0.689266 -0.666568 -0.254439 0.700676 1.73756 2.95852 -3.38844</i>
                        <i>-0.175654 0.967002 0.184536 -0.724509 -7.06809e-005 -0.689265 -0.666508 -0.25477 0.700614 1.73732 2.95698 -3.38819</i>
                        <i>-0.175939 0.966893 0.184832 -0.724509 -7.2826e-005 -0.689265 -0.666433 -0.255181 0.700536 1.73706 2.95545 -3.38792</i>
                        <i>-0.176281 0.966762 0.18519 -0.724509 -7.47066e-005 -0.689265 -0.666342 -0.255676 0.700441 1.73677 2.95395 -3.38761</i>
                        <i>-0.176683 0.966608 0.18561 -0.724509 -7.63002e-005 -0.689265 -0.666235 -0.256258 0.70033 1.73646 2.95249 -3.38728</i>
                        <i>-0.177147 0.96643 0.186097 -0.724509 -7.75836e-005 -0.689265 -0.666112 -0.25693 0.700201 1.73612 2.95108 -3.38693</i>
                        <i>-0.177676 0.966226 0.186651 -0.724509 -7.8534e-005 -0.689265 -0.665971 -0.257696 0.700054 1.73576 2.94973 -3.38655</i>
                        <i>-0.178272 0.965995 0.187276 -0.724509 -7.91285e-005 -0.689265 -0.665812 -0.25856 0.699887 1.73539 2.94846 -3.38616</i>
                        <i>-0.178935 0.965737 0.187973 -0.724509 -7.93954e-005 -0.689265 -0.665634 -0.259522 0.6997 1.735 2.94728 -3.38575</i>
                        <i>-0.17968 0.965446 0.188756 -0.724509 -7.93812e-005 -0.689265 -0.665433 -0.260603 0.699489 1.73461 2.9462 -3.38534</i>
                        <i>-0.180583 0.965091 0.189706 -0.724509 -7.9089e-005 -0.689265 -0.665189 -0.261913 0.699232 1.73421 2.94523 -3.38492</i>
                        <i>-0.181704 0.964648 0.190885 -0.724509 -7.85221e-005 -0.689265 -0.664883 -0.263541 0.698911 1.73378 2.94438 -3.38447</i>
                        <i>-0.182978 0.964141 0.192226 -0.724509 -7.76862e-005 -0.689265 -0.664534 -0.26539 0.698543 1.73333 2.94366 -3.38399</i>
                        <i>-0.184331 0.963599 0.193649 -0.724509 -7.65866e-005 -0.689265 -0.66416 -0.267353 0.69815 1.73285 2.94309 -3.38349</i>
                        <i>-0.185742 0.963028 0.195135 -0.724509 -7.52276e-005 -0.689265 -0.663767 -0.269403 0.697736 1.73235 2.94263 -3.38297</i>
                        <i>-0.187195 0.962435 0.196664 -0.724509 -7.36134e-005 -0.689265 -0.663359 -0.271512 0.697306 1.73185 2.94227 -3.38244</i>
                        <i>-0.188671 0.961828 0.198218 -0.724509 -7.17484e-005 -0.689266 -0.662941 -0.273655 0.696866 1.73133 2.942 -3.38189</i>
                        <i>-0.19015 0.961214 0.199775 -0.724509 -6.96367e-005 -0.689266 -0.662518 -0.275803 0.696421 1.73081 2.94183 -3.38135</i>
                        <i>-0.191614 0.960601 0.201318 -0.724508 -6.72824e-005 -0.689266 -0.662096 -0.27793 0.695977 1.7303 2.94178 -3.38082</i>
                        <i>-0.193045 0.959998 0.202825 -0.724508 -6.46899e-005 -0.689266 -0.661681 -0.280008 0.695539 1.7298 2.94186 -3.38029</i>
                        <i>-0.194423 0.959411 0.204278 -0.724508 -6.18632e-005 -0.689266 -0.661277 -0.282011 0.695113 1.72932 2.94207 -3.37979</i>
                        <i>-0.195731 0.958851 0.205656 -0.724508 -5.88064e-005 -0.689266 -0.660892 -0.28391 0.694707 1.72886 2.94242 -3.3793</i>
                        <i>-0.196948 0.958325 0.206941 -0.724508 -5.55239e-005 -0.689267 -0.66053 -0.28568 0.694325 1.72843 2.94292 -3.37885</i>
                        <i>-0.198056 0.957843 0.20811 -0.724508 -5.20197e-005 -0.689267 -0.660199 -0.287291 0.693975 1.72804 2.94358 -3.37844</i>
                        <i>-0.199037 0.957414 0.209146 -0.724508 -4.82979e-005 -0.689267 -0.659904 -0.288717 0.693664 1.72768 2.94441 -3.37807</i>
                        <i>-0.19987 0.957048 0.210027 -0.724508 -4.43627e-005 -0.689267 -0.659652 -0.28993 0.693397 1.72738 2.94542 -3.37774</i>
                        <i>-0.200536 0.956753 0.210733 -0.724508 -4.02183e-005 -0.689267 -0.65945 -0.2909 0.693183 1.72712 2.94661 -3.37748</i>
                        <i>-0.201016 0.95654 0.211244 -0.724508 -3.58688e-005 -0.689267 -0.659304 -0.291601 0.693028 1.72693 2.948 -3.37727</i>
                        <i>-0.20129 0.956417 0.211538 -0.724508 -3.13182e-005 -0.689267 -0.65922 -0.292003 0.692938 1.7268 2.94959 -3.37714</i>
                        <i>-0.201337 0.956395 0.211594 -0.724508 -2.65707e-005 -0.689267 -0.659205 -0.292077 0.692921 1.72674 2.9514 -3.37707</i>
                        <i>-0.201139 0.956481 0.211393 -0.724508 -2.16304e-005 -0.689267 -0.659266 -0.291794 0.692982 1.72675 2.95342 -3.37709</i>
                    </KeyFrames>
                </p>
            </i>
            <i>
                <p>
                    <Name><![CDATA[head]]></Name>
                    <Exclude>0</Exclude>
