<?xml version="1.0" encoding="ISO-8859-1" ?>
<Animl Version="1">
    <ModellingPackage><![CDATA[Maya.2010]]></ModellingPackage>
    <SrcFile><![CDATA[anims\turrets\artillery\red\~src\artillery_scud\artillery_scud_fire_crewman_a.mb]]></SrcFile>
    <FramesPerSecond>30</FramesPerSecond>
    <TotalFrames>126</TotalFrames>
    <Skeleton>
        <RefFrame>
            <Name><![CDATA[soldier_ref_frame]]></Name>
            <Exclude>0</Exclude>
            <Additive>0</Additive>
            <IKPriority>0</IKPriority>
            <IKRotLimits>-1e+010 -1e+010 -1e+010 1e+010 1e+010 1e+010</IKRotLimits>
            <IKRotLimitOrder>0</IKRotLimitOrder>
            <KeyFrames count="126">
                <i>1 0 0 0 1 0 0 0 1 3.07 3.34 2.56</i>
                <i>1 0 0 0 1 0 0 0 1 3.07 3.34 2.56</i>
                <i>1 0 0 0 1 0 0 0 1 3.07 3.34 2.56</i>
                <i>1 0 0 0 1 0 0 0 1 3.07 3.34 2.56</i>
                <i>1 0 0 0 1 0 0 0 1 3.07 3.34 2.56</i>
                <i>1 0 0 0 1 0 0 0 1 3.07 3.34 2.56</i>
                <i>1 0 0 0 1 0 0 0 1 3.07 3.34 2.56</i>
                <i>1 0 0 0 1 0 0 0 1 3.07 3.34 2.56</i>
                <i>1 0 0 0 1 0 0 0 1 3.07 3.34 2.56</i>
                <i>1 0 0 0 1 0 0 0 1 3.07 3.34 2.56</i>
                <i>1 0 0 0 1 0 0 0 1 3.07 3.34 2.56</i>
                <i>1 0 0 0 1 0 0 0 1 3.07 3.34 2.56</i>
                <i>1 0 0 0 1 0 0 0 1 3.07 3.34 2.56</i>
                <i>1 0 0 0 1 0 0 0 1 3.07 3.34 2.56</i>
                <i>1 0 0 0 1 0 0 0 1 3.07 3.34 2.56</i>
                <i>1 0 0 0 1 0 0 0 1 3.07 3.34 2.56</i>
                <i>1 0 0 0 1 0 0 0 1 3.07 3.34 2.56</i>
                <i>1 0 0 0 1 0 0 0 1 3.07 3.34 2.56</i>
                <i>1 0 0 0 1 0 0 0 1 3.07 3.34 2.56</i>
                <i>1 0 0 0 1 0 0 0 1 3.07 3.34 2.56</i>
                <i>1 0 0 0 1 0 0 0 1 3.07 3.34 2.56</i>
                <i>1 0 0 0 1 0 0 0 1 3.07 3.34 2.56</i>
                <i>1 0 0 0 1 0 0 0 1 3.07 3.34 2.56</i>
                <i>1 0 0 0 1 0 0 0 1 3.07 3.34 2.56</i>
                <i>1 0 0 0 1 0 0 0 1 3.07 3.34 2.56</i>
                <i>1 0 0 0 1 0 0 0 1 3.07 3.34 2.56</i>
                <i>1 0 0 0 1 0 0 0 1 3.07 3.34 2.56</i>
                <i>1 0 0 0 1 0 0 0 1 3.07 3.34 2.56</i>
                <i>1 0 0 0 1 0 0 0 1 3.07 3.34 2.56</i>
                <i>1 0 0 0 1 0 0 0 1 3.07 3.34 2.56</i>
                <i>1 0 0 0 1 0 0 0 1 3.07 3.34 2.56</i>
                <i>1 0 0 0 1 0 0 0 1 3.07 3.34 2.56</i>
                <i>1 0 0 0 1 0 0 0 1 3.07 3.34 2.56</i>
                <i>1 0 0 0 1 0 0 0 1 3.07 3.34 2.56</i>
                <i>1 0 0 0 1 0 0 0 1 3.07 3.34 2.56</i>
                <i>1 0 0 0 1 0 0 0 1 3.07 3.34 2.56</i>
                <i>1 0 0 0 1 0 0 0 1 3.07 3.34 2.56</i>
                <i>1 0 0 0 1 0 0 0 1 3.07 3.34 2.56</i>
                <i>1 0 0 0 1 0 0 0 1 3.07 3.34 2.56</i>
                <i>1 0 0 0 1 0 0 0 1 3.07 3.34 2.56</i>
                <i>1 0 0 0 1 0 0 0 1 3.07 3.34 2.56</i>
                <i>1 0 0 0 1 0 0 0 1 3.07 3.34 2.56</i>
                <i>1 0 0 0 1 0 0 0 1 3.07 3.34 2.56</i>
                <i>1 0 0 0 1 0 0 0 1 3.07 3.34 2.56</i>
                <i>1 0 0 0 1 0 0 0 1 3.07 3.34 2.56</i>
                <i>1 0 0 0 1 0 0 0 1 3.07 3.34 2.56</i>
                <i>1 0 0 0 1 0 0 0 1 3.07 3.34 2.56</i>
                <i>1 0 0 0 1 0 0 0 1 3.07 3.34 2.56</i>
                <i>1 0 0 0 1 0 0 0 1 3.07 3.34 2.56</i>
                <i>1 0 0 0 1 0 0 0 1 3.07 3.34 2.56</i>
                <i>1 0 0 0 1 0 0 0 1 3.07 3.34 2.56</i>
                <i>1 0 0 0 1 0 0 0 1 3.07 3.34 2.56</i>
                <i>1 0 0 0 1 0 0 0 1 3.07 3.34 2.56</i>
                <i>1 0 0 0 1 0 0 0 1 3.07 3.34 2.56</i>
                <i>1 0 0 0 1 0 0 0 1 3.07 3.34 2.56</i>
                <i>1 0 0 0 1 0 0 0 1 3.07 3.34 2.56</i>
                <i>1 0 0 0 1 0 0 0 1 3.07 3.34 2.56</i>
                <i>1 0 0 0 1 0 0 0 1 3.07 3.34 2.56</i>
                <i>1 0 0 0 1 0 0 0 1 3.07 3.34 2.56</i>
                <i>1 0 0 0 1 0 0 0 1 3.07 3.34 2.56</i>
                <i>1 0 0 0 1 0 0 0 1 3.07 3.34 2.56</i>
                <i>1 0 0 0 1 0 0 0 1 3.07 3.34 2.56</i>
                <i>1 0 0 0 1 0 0 0 1 3.07 3.34 2.56</i>
                <i>1 0 0 0 1 0 0 0 1 3.07 3.34 2.56</i>
                <i>1 0 0 0 1 0 0 0 1 3.07 3.34 2.56</i>
                <i>1 0 0 0 1 0 0 0 1 3.07 3.34 2.56</i>
                <i>1 0 0 0 1 0 0 0 1 3.07 3.34 2.56</i>
                <i>1 0 0 0 1 0 0 0 1 3.07 3.34 2.56</i>
                <i>1 0 0 0 1 0 0 0 1 3.07 3.34 2.56</i>
                <i>1 0 0 0 1 0 0 0 1 3.07 3.34 2.56</i>
                <i>1 0 0 0 1 0 0 0 1 3.07 3.34 2.56</i>
                <i>1 0 0 0 1 0 0 0 1 3.07 3.34 2.56</i>
                <i>1 0 0 0 1 0 0 0 1 3.07 3.34 2.56</i>
                <i>1 0 0 0 1 0 0 0 1 3.07 3.34 2.56</i>
                <i>1 0 0 0 1 0 0 0 1 3.07 3.34 2.56</i>
                <i>1 0 0 0 1 0 0 0 1 3.07 3.34 2.56</i>
                <i>1 0 0 0 1 0 0 0 1 3.07 3.34 2.56</i>
                <i>1 0 0 0 1 0 0 0 1 3.07 3.34 2.56</i>
                <i>1 0 0 0 1 0 0 0 1 3.07 3.34 2.56</i>
                <i>1 0 0 0 1 0 0 0 1 3.07 3.34 2.56</i>
                <i>1 0 0 0 1 0 0 0 1 3.07 3.34 2.56</i>
                <i>1 0 0 0 1 0 0 0 1 3.07 3.34 2.56</i>
                <i>1 0 0 0 1 0 0 0 1 3.07 3.34 2.56</i>
                <i>1 0 0 0 1 0 0 0 1 3.07 3.34 2.56</i>
                <i>1 0 0 0 1 0 0 0 1 3.07 3.34 2.56</i>
                <i>1 0 0 0 1 0 0 0 1 3.07 3.34 2.56</i>
                <i>1 0 0 0 1 0 0 0 1 3.07 3.34 2.56</i>
                <i>1 0 0 0 1 0 0 0 1 3.07 3.34 2.56</i>
                <i>1 0 0 0 1 0 0 0 1 3.07 3.34 2.56</i>
                <i>1 0 0 0 1 0 0 0 1 3.07 3.34 2.56</i>
                <i>1 0 0 0 1 0 0 0 1 3.07 3.34 2.56</i>
                <i>1 0 0 0 1 0 0 0 1 3.07 3.34 2.56</i>
                <i>1 0 0 0 1 0 0 0 1 3.07 3.34 2.56</i>
                <i>1 0 0 0 1 0 0 0 1 3.07 3.34 2.56</i>
                <i>1 0 0 0 1 0 0 0 1 3.07 3.34 2.56</i>
                <i>1 0 0 0 1 0 0 0 1 3.07 3.34 2.56</i>
                <i>1 0 0 0 1 0 0 0 1 3.07 3.34 2.56</i>
                <i>1 0 0 0 1 0 0 0 1 3.07 3.34 2.56</i>
                <i>1 0 0 0 1 0 0 0 1 3.07 3.34 2.56</i>
                <i>1 0 0 0 1 0 0 0 1 3.07 3.34 2.56</i>
                <i>1 0 0 0 1 0 0 0 1 3.07 3.34 2.56</i>
                <i>1 0 0 0 1 0 0 0 1 3.07 3.34 2.56</i>
                <i>1 0 0 0 1 0 0 0 1 3.07 3.34 2.56</i>
                <i>1 0 0 0 1 0 0 0 1 3.07 3.34 2.56</i>
                <i>1 0 0 0 1 0 0 0 1 3.07 3.34 2.56</i>
                <i>1 0 0 0 1 0 0 0 1 3.07 3.34 2.56</i>
                <i>1 0 0 0 1 0 0 0 1 3.07 3.34 2.56</i>
                <i>1 0 0 0 1 0 0 0 1 3.07 3.34 2.56</i>
                <i>1 0 0 0 1 0 0 0 1 3.07 3.34 2.56</i>
                <i>1 0 0 0 1 0 0 0 1 3.07 3.34 2.56</i>
                <i>1 0 0 0 1 0 0 0 1 3.07 3.34 2.56</i>
                <i>1 0 0 0 1 0 0 0 1 3.07 3.34 2.56</i>
                <i>1 0 0 0 1 0 0 0 1 3.07 3.34 2.56</i>
                <i>1 0 0 0 1 0 0 0 1 3.07 3.34 2.56</i>
                <i>1 0 0 0 1 0 0 0 1 3.07 3.34 2.56</i>
                <i>1 0 0 0 1 0 0 0 1 3.07 3.34 2.56</i>
                <i>1 0 0 0 1 0 0 0 1 3.07 3.34 2.56</i>
                <i>1 0 0 0 1 0 0 0 1 3.07 3.34 2.56</i>
                <i>1 0 0 0 1 0 0 0 1 3.07 3.34 2.56</i>
                <i>1 0 0 0 1 0 0 0 1 3.07 3.34 2.56</i>
                <i>1 0 0 0 1 0 0 0 1 3.07 3.34 2.56</i>
                <i>1 0 0 0 1 0 0 0 1 3.07 3.34 2.56</i>
                <i>1 0 0 0 1 0 0 0 1 3.07 3.34 2.56</i>
                <i>1 0 0 0 1 0 0 0 1 3.07 3.34 2.56</i>
                <i>1 0 0 0 1 0 0 0 1 3.07 3.34 2.56</i>
                <i>1 0 0 0 1 0 0 0 1 3.07 3.34 2.56</i>
            </KeyFrames>
        </RefFrame>
        <Bones count="23">
            <i>
                <p>
                    <Name><![CDATA[pelvis]]></Name>
                    <Exclude>0</Exclude>
                    <Additive>0</Additive>
                    <IKPriority>0</IKPriority>
                    <IKRotLimits>-1e+010 -1e+010 -1e+010 1e+010 1e+010 1e+010</IKRotLimits>
                    <IKRotLimitOrder>2</IKRotLimitOrder>
                    <KeyFrames count="126">
                        <i>1 0 0 0 1 0 0 0 1 3.12146 4.47338 2.54553</i>
                        <i>1 0 0 0 1 0 0 0 1 3.12146 4.10157 2.54553</i>
                        <i>1 0 0 0 1 0 0 0 1 3.12167 4.24109 2.545</i>
                        <i>1 0 0 0 1 0 0 0 1 3.12204 4.44583 2.54394</i>
                        <i>1 0 0 0 1 0 0 0 1 3.1223 4.55144 2.54317</i>
                        <i>1 0 0 0 1 0 0 0 1 3.12219 4.63291 2.54345</i>
                        <i>1 0 0 0 1 0 0 0 1 3.12146 4.6994 2.54553</i>
                        <i>1 0 0 0 1 0 0 0 1 3.11814 4.76405 2.55051</i>
                        <i>1 0 0 0 1 0 0 0 1 3.11183 4.83094 2.55811</i>
                        <i>1 0 0 0 1 0 0 0 1 3.10473 4.89553 2.56697</i>
                        <i>1 0 0 0 1 0 0 0 1 3.09936 4.95235 2.57552</i>
                        <i>1 0 0 0 1 0 0 0 1 3.09842 4.99482 2.58203</i>
                        <i>1 0 0 0 1 0 0 0 1 3.10466 5.01547 2.58472</i>
                        <i>1 0 0 0 1 0 0 0 1 3.11377 5.01709 2.58598</i>
                        <i>1 0 0 0 1 0 0 0 1 3.12046 5.00512 2.58856</i>
                        <i>1 0 0 0 1 0 0 0 1 3.12599 4.97579 2.59115</i>
                        <i>1 0 0 0 1 0 0 0 1 3.13154 4.92526 2.5923</i>
                        <i>1 0 0 0 1 0 0 0 1 3.13829 4.84972 2.59056</i>
                        <i>1 0 0 0 1 0 0 0 1 3.1476 4.7456 2.58472</i>
                        <i>1 0 0 0 1 0 0 0 1 3.16217 4.60295 2.57313</i>
                        <i>1 0 0 0 1 0 0 0 1 3.18274 4.42375 2.55924</i>
                        <i>1 0 0 0 1 0 0 0 1 3.20665 4.22231 2.54889</i>
                        <i>1 0 0 0 1 0 0 0 1 3.22942 4.01228 2.54456</i>
                        <i>1 0 0 0 1 0 0 0 1 3.24625 3.80631 2.54476</i>
                        <i>1 0 0 0 1 0 0 0 1 3.25343 3.61582 2.54553</i>
                        <i>1 0 0 0 1 0 0 0 1 3.26125 3.49826 2.53484</i>
                        <i>1 0 0 0 1 0 0 0 1 3.27478 3.4515 2.52228</i>
                        <i>1 0 0 0 1 0 0 0 1 3.27329 3.44114 2.52111</i>
                        <i>1 0 0 0 1 0 0 0 1 3.26938 3.43976 2.52106</i>
                        <i>1 0 0 0 1 0 0 0 1 3.26435 3.44512 2.52181</i>
                        <i>1 0 0 0 1 0 0 0 1 3.25938 3.45475 2.52303</i>
                        <i>1 0 0 0 1 0 0 0 1 3.25528 3.46613 2.52443</i>
                        <i>1 0 0 0 1 0 0 0 1 3.25246 3.47698 2.52583</i>
                        <i>1 0 0 0 1 0 0 0 1 3.25098 3.48534 2.52709</i>
                        <i>1 0 0 0 1 0 0 0 1 3.25079 3.48956 2.52813</i>
                        <i>1 0 0 0 1 0 0 0 1 3.25193 3.49021 2.52926</i>
                        <i>1 0 0 0 1 0 0 0 1 3.25421 3.48926 2.53071</i>
                        <i>1 0 0 0 1 0 0 0 1 3.25731 3.48732 2.53228</i>
                        <i>1 0 0 0 1 0 0 0 1 3.26089 3.48495 2.5338</i>
                        <i>1 0 0 0 1 0 0 0 1 3.26457 3.4826 2.53511</i>
                        <i>1 0 0 0 1 0 0 0 1 3.26786 3.48064 2.53611</i>
                        <i>1 0 0 0 1 0 0 0 1 3.27024 3.47931 2.53675</i>
                        <i>1 0 0 0 1 0 0 0 1 3.27115 3.47881 2.53698</i>
                        <i>1 0 0 0 1 0 0 0 1 3.27146 3.47853 2.53706</i>
                        <i>1 0 0 0 1 0 0 0 1 3.27218 3.47786 2.53722</i>
                        <i>1 0 0 0 1 0 0 0 1 3.27293 3.47707 2.53737</i>
                        <i>1 0 0 0 1 0 0 0 1 3.27336 3.47639 2.53741</i>
                        <i>1 0 0 0 1 0 0 0 1 3.2734 3.47585 2.53734</i>
                        <i>1 0 0 0 1 0 0 0 1 3.27328 3.4753 2.53722</i>
                        <i>1 0 0 0 1 0 0 0 1 3.27307 3.47477 2.53706</i>
                        <i>1 0 0 0 1 0 0 0 1 3.27284 3.47424 2.53689</i>
                        <i>1 0 0 0 1 0 0 0 1 3.27266 3.47374 2.53672</i>
                        <i>1 0 0 0 1 0 0 0 1 3.2726 3.47327 2.53658</i>
                        <i>1 0 0 0 1 0 0 0 1 3.27266 3.47281 2.53644</i>
                        <i>1 0 0 0 1 0 0 0 1 3.27277 3.47234 2.5363</i>
                        <i>1 0 0 0 1 0 0 0 1 3.27292 3.47189 2.53615</i>
                        <i>1 0 0 0 1 0 0 0 1 3.27309 3.47145 2.53601</i>
                        <i>1 0 0 0 1 0 0 0 1 3.27327 3.47104 2.53587</i>
                        <i>1 0 0 0 1 0 0 0 1 3.27344 3.47067 2.53575</i>
                        <i>1 0 0 0 1 0 0 0 1 3.27359 3.47037 2.53564</i>
                        <i>1 0 0 0 1 0 0 0 1 3.2737 3.47012 2.53556</i>
                        <i>1 0 0 0 1 0 0 0 1 3.27376 3.46996 2.5355</i>
                        <i>1 0 0 0 1 0 0 0 1 3.2738 3.46987 2.53547</i>
                        <i>1 0 0 0 1 0 0 0 1 3.27383 3.46983 2.53546</i>
                        <i>1 0 0 0 1 0 0 0 1 3.27383 3.46983 2.53546</i>
                        <i>1 0 0 0 1 0 0 0 1 3.27383 3.46986 2.53547</i>
                        <i>1 0 0 0 1 0 0 0 1 3.27382 3.46989 2.53548</i>
                        <i>1 0 0 0 1 0 0 0 1 3.27382 3.46993 2.53549</i>
                        <i>1 0 0 0 1 0 0 0 1 3.27381 3.46994 2.53549</i>
                        <i>1 0 0 0 1 0 0 0 1 3.27378 3.47002 2.53552</i>
                        <i>1 0 0 0 1 0 0 0 1 3.2737 3.47022 2.53559</i>
                        <i>1 0 0 0 1 0 0 0 1 3.27358 3.47053 2.53569</i>
                        <i>1 0 0 0 1 0 0 0 1 3.27344 3.47092 2.53582</i>
                        <i>1 0 0 0 1 0 0 0 1 3.27327 3.47135 2.53596</i>
                        <i>1 0 0 0 1 0 0 0 1 3.27311 3.47181 2.53611</i>
                        <i>1 0 0 0 1 0 0 0 1 3.27295 3.47226 2.53626</i>
                        <i>1 0 0 0 1 0 0 0 1 3.27281 3.47267 2.53639</i>
                        <i>1 0 0 0 1 0 0 0 1 3.27269 3.47302 2.5365</i>
                        <i>1 0 0 0 1 0 0 0 1 3.2726 3.47327 2.53658</i>
                        <i>1 0 0 0 1 0 0 0 1 3.27255 3.47343 2.53662</i>
                        <i>1 0 0 0 1 0 0 0 1 3.27252 3.47351 2.53665</i>
                        <i>1 0 0 0 1 0 0 0 1 3.27251 3.47354 2.53666</i>
                        <i>1 0 0 0 1 0 0 0 1 3.27252 3.47353 2.53666</i>
                        <i>1 0 0 0 1 0 0 0 1 3.27253 3.4735 2.53665</i>
                        <i>1 0 0 0 1 0 0 0 1 3.27254 3.47346 2.53663</i>
                        <i>1 0 0 0 1 0 0 0 1 3.27255 3.47342 2.53662</i>
                        <i>1 0 0 0 1 0 0 0 1 3.27256 3.4734 2.53662</i>
                        <i>1 0 0 0 1 0 0 0 1 3.27256 3.4734 2.53662</i>
                        <i>1 0 0 0 1 0 0 0 1 3.27256 3.47339 2.53661</i>
                        <i>1 0 0 0 1 0 0 0 1 3.27257 3.47337 2.53661</i>
                        <i>1 0 0 0 1 0 0 0 1 3.27258 3.47334 2.5366</i>
                        <i>1 0 0 0 1 0 0 0 1 3.27259 3.47332 2.53659</i>
                        <i>1 0 0 0 1 0 0 0 1 3.27259 3.4733 2.53659</i>
                        <i>1 0 0 0 1 0 0 0 1 3.2726 3.47328 2.53658</i>
                        <i>1 0 0 0 1 0 0 0 1 3.2726 3.47327 2.53658</i>
                        <i>1 0 0 0 1 0 0 0 1 3.2726 3.47327 2.53657</i>
                        <i>1 0 0 0 1 0 0 0 1 3.27261 3.47326 2.53657</i>
                        <i>1 0 0 0 1 0 0 0 1 3.27261 3.47326 2.53657</i>
                        <i>1 0 0 0 1 0 0 0 1 3.27261 3.47326 2.53657</i>
                        <i>1 0 0 0 1 0 0 0 1 3.27261 3.47326 2.53657</i>
                        <i>1 0 0 0 1 0 0 0 1 3.27261 3.47326 2.53657</i>
                        <i>1 0 0 0 1 0 0 0 1 3.27261 3.47326 2.53657</i>
                        <i>1 0 0 0 1 0 0 0 1 3.2726 3.47327 2.53657</i>
                        <i>1 0 0 0 1 0 0 0 1 3.2726 3.47327 2.53658</i>
                        <i>1 0 0 0 1 0 0 0 1 3.2726 3.47327 2.53658</i>
                        <i>1 0 0 0 1 0 0 0 1 3.2726 3.47327 2.53658</i>
                        <i>1 0 0 0 1 0 0 0 1 3.2726 3.47327 2.53658</i>
                        <i>1 0 0 0 1 0 0 0 1 3.2726 3.47327 2.53658</i>
                        <i>1 0 0 0 1 0 0 0 1 3.2726 3.47327 2.53658</i>
                        <i>1 0 0 0 1 0 0 0 1 3.2726 3.47327 2.53658</i>
                        <i>1 0 0 0 1 0 0 0 1 3.2726 3.47327 2.53658</i>
                        <i>1 0 0 0 1 0 0 0 1 3.2726 3.47327 2.53658</i>
                        <i>1 0 0 0 1 0 0 0 1 3.2726 3.47327 2.53658</i>
                        <i>1 0 0 0 1 0 0 0 1 3.2726 3.47327 2.53658</i>
                        <i>1 0 0 0 1 0 0 0 1 3.2726 3.47327 2.53658</i>
                        <i>1 0 0 0 1 0 0 0 1 3.2726 3.47327 2.53658</i>
                        <i>1 0 0 0 1 0 0 0 1 3.2726 3.47327 2.53658</i>
                        <i>1 0 0 0 1 0 0 0 1 3.2726 3.47327 2.53658</i>
                        <i>1 0 0 0 1 0 0 0 1 3.2726 3.47327 2.53658</i>
                        <i>1 0 0 0 1 0 0 0 1 3.2726 3.47327 2.53658</i>
                        <i>1 0 0 0 1 0 0 0 1 3.2726 3.47327 2.53658</i>
                        <i>1 0 0 0 1 0 0 0 1 3.2726 3.47327 2.53658</i>
                        <i>1 0 0 0 1 0 0 0 1 3.2726 3.47327 2.53658</i>
                        <i>1 0 0 0 1 0 0 0 1 3.2726 3.47327 2.53658</i>
                        <i>1 0 0 0 1 0 0 0 1 3.2726 3.47327 2.53658</i>
                        <i>1 0 0 0 1 0 0 0 1 3.2726 3.47327 2.53658</i>
                    </KeyFrames>
                </p>
            </i>
            <i>
                <p>
                    <Name><![CDATA[spine0]]></Name>
                    <Exclude>0</Exclude>
                    <Additive>0</Additive>
                    <IKPriority>0</IKPriority>
                    <IKRotLimits>-1e+010 -1e+010 -1e+010 1e+010 1e+010 1e+010</IKRotLimits>
                    <IKRotLimitOrder>0</IKRotLimitOrder>
                    <KeyFrames count="126">
                        <i>-0.06936 0.996132 0.0539412 -0.613902 -2.22045e-016 -0.789383 -0.78633 -0.0878661 0.611527 3.14398 4.61438 2.52802</i>
                        <i>-0.0432883 0.998495 0.0336653 -0.613902 0 -0.789383 -0.788195 -0.0548382 0.612978 3.14398 4.24258 2.52802</i>
                        <i>-0.0670464 0.996446 0.0509955 -0.613789 -0.000896081 -0.78947 -0.786618 -0.0842316 0.611667 3.14216 4.38258 2.52906</i>
                        <i>-0.114866 0.989661 0.0858948 -0.613481 -0.00266396 -0.789705 -0.781311 -0.143405 0.607444 3.13826 4.58821 2.53133</i>
                        <i>-0.178306 0.974653 0.135125 -0.613395 -0.00272288 -0.789771 -0.769385 -0.223706 0.598333 3.13466 4.69444 2.53356</i>
                        <i>-0.231904 0.955955 0.179918 -0.613838 -0.000333252 -0.789432 -0.754601 -0.293513 0.586879 3.13386 4.77601 2.53437</i>
                        <i>-0.228039 0.957364 0.177346 -0.613902 -2.22045e-016 -0.789383 -0.755727 -0.288883 0.587727 3.13834 4.84166 2.53241</i>
                        <i>-0.147574 0.982642 0.112416 -0.613801 -0.00186588 -0.789459 -0.775545 -0.185504 0.603422 3.14865 4.90262 2.52678</i>
                        <i>-0.020042 0.999656 0.0169381 -0.613802 0.0010705 -0.789459 -0.789205 -0.026219 0.613569 3.16183 4.9601 2.51922</i>
                        <i>0.128161 0.988198 -0.0839035 -0.610663 0.0119697 -0.7918 -0.781451 0.152715 0.60499 3.17481 5.00874 2.51248</i>
                        <i>0.267828 0.948482 -0.169266 -0.601183 0.0272332 -0.798647 -0.752892 0.31566 0.577505 3.18566 5.04587 2.50841</i>
                        <i>0.375387 0.898189 -0.228782 -0.587885 0.0399004 -0.80796 -0.716572 0.437795 0.54301 3.19485 5.07078 2.50703</i>
                        <i>0.43496 0.861832 -0.260873 -0.579287 0.0460211 -0.813824 -0.689374 0.505101 0.519265 3.20498 5.08288 2.5067</i>
                        <i>0.460576 0.841796 -0.281513 -0.58225 0.0471409 -0.811642 -0.669966 0.537733 0.511848 3.21443 5.08255 2.50675</i>
                        <i>0.473782 0.826622 -0.303687 -0.593714 0.04513 -0.80341 -0.650411 0.560945 0.512159 3.22076 5.06886 2.50748</i>
                        <i>0.474653 0.819881 -0.320155 -0.606882 0.0414047 -0.793713 -0.637494 0.571034 0.517224 3.22563 5.03845 2.50844</i>
                        <i>0.465777 0.823773 -0.323187 -0.614331 0.0381535 -0.788125 -0.636905 0.565635 0.52384 3.2307 4.98791 2.50901</i>
                        <i>0.45012 0.838432 -0.307283 -0.609303 0.0368143 -0.792082 -0.652795 0.543761 0.52743 3.23758 4.91383 2.50854</i>
                        <i>0.42782 0.862511 -0.270269 -0.586158 0.0371349 -0.809345 -0.688033 0.504674 0.521455 3.24792 4.81302 2.5067</i>
                        <i>0.39127 0.896796 -0.206553 -0.531795 0.037154 -0.846057 -0.751067 0.440881 0.491449 3.26467 4.67643 2.50392</i>
                        <i>0.325352 0.937288 -0.12505 -0.445951 0.0354768 -0.894354 -0.83383 0.346747 0.429527 3.287 4.50571 2.50349</i>
                        <i>0.221372 0.973936 -0.0494265 -0.344918 0.0307893 -0.938128 -0.912155 0.224723 0.342744 3.31014 4.31365 2.50836</i>
                        <i>0.0847484 0.996402 0.000968237 -0.247839 0.0220209 -0.968551 -0.965087 0.0818431 0.248813 3.32911 4.11252 2.51793</i>
                        <i>-0.0661598 0.997556 0.0224849 -0.175077 0.0105791 -0.984498 -0.982329 -0.0690708 0.173949 3.34025 3.91393 2.52801</i>
                        <i>-0.208983 0.977306 0.0346314 -0.146609 0.00370237 -0.989188 -0.966867 -0.2118 0.142508 3.34189 3.72856 2.53284</i>
                        <i>-0.379707 0.920454 0.0926635 -0.131473 0.0454573 -0.990277 -0.915717 -0.388198 0.103754 3.34936 3.61128 2.5223</i>
                        <i>-0.464619 0.873822 0.1434 -0.106224 0.105772 -0.9887 -0.879116 -0.474602 0.0436774 3.3678 3.56043 2.5089</i>
                        <i>-0.418013 0.897043 0.143456 -0.0996999 0.11166 -0.988733 -0.902954 -0.427605 0.0427599 3.37263 3.54414 2.50638</i>
                        <i>-0.346646 0.928041 0.136296 -0.094264 0.110104 -0.98944 -0.933247 -0.355833 0.0493138 3.37581 3.53519 2.50482</i>
                        <i>-0.257216 0.958441 0.123409 -0.0912211 0.103054 -0.990484 -0.962039 -0.266026 0.060923 3.37778 3.5318 2.504</i>
                        <i>-0.157764 0.981711 0.106557 -0.0912682 0.0929501 -0.991479 -0.98325 -0.166145 0.0749348 3.3791 3.53213 2.50366</i>
                        <i>-0.0576277 0.994473 0.0877682 -0.094428 0.0820906 -0.992141 -0.993862 -0.0654626 0.0891754 3.38015 3.53446 2.5036</i>
                        <i>0.0332743 0.997044 0.0692518 -0.100231 0.0722698 -0.992336 -0.994408 0.0260781 0.10234 3.38111 3.53741 2.50364</i>
                        <i>0.105327 0.993007 0.0533155 -0.107984 0.0647175 -0.992044 -0.988557 0.098732 0.114045 3.38199 3.53996 2.50365</i>
                        <i>0.149733 0.987818 0.0423633 -0.11701 0.0602491 -0.991301 -0.981778 0.143474 0.124606 3.38272 3.5414 2.50354</i>
                        <i>0.163386 0.985881 0.0366464 -0.129717 0.0582908 -0.989836 -0.977997 0.156972 0.13741 3.38307 3.54344 2.50351</i>
                        <i>0.153206 0.987588 0.0346137 -0.147262 0.057453 -0.987428 -0.97716 0.146183 0.154236 3.38285 3.54776 2.50379</i>
                        <i>0.125903 0.991384 0.0361523 -0.167372 0.0571474 -0.984236 -0.977822 0.117868 0.173125 3.38194 3.55354 2.50439</i>
                        <i>0.0882016 0.995264 0.0408721 -0.187938 0.0569224 -0.98053 -0.978212 0.0788029 0.192069 3.38032 3.55991 2.50527</i>
                        <i>0.0469422 0.997752 0.0478289 -0.206999 0.0565588 -0.976705 -0.977214 0.0359481 0.209189 3.37817 3.56606 2.50637</i>
                        <i>0.00903621 0.998421 0.0554481 -0.222729 0.0560669 -0.973267 -0.974838 -0.00355526 0.222884 3.37589 3.57122 2.5075</i>
                        <i>-0.0186537 0.997923 0.061656 -0.233411 0.0556163 -0.970786 -0.972199 -0.0324999 0.231889 3.37408 3.57475 2.50839</i>
                        <i>-0.0293741 0.997505 0.064197 -0.237358 0.055427 -0.96984 -0.970978 -0.0437259 0.235137 3.37335 3.57605 2.50876</i>
                        <i>-0.0391461 0.99699 0.0669195 -0.237601 0.0557626 -0.969761 -0.970574 -0.0538625 0.234703 3.37453 3.57472 2.50837</i>
                        <i>-0.0619159 0.995379 0.0733952 -0.237811 0.0567058 -0.969655 -0.969336 -0.0774913 0.233201 3.37715 3.57166 2.50756</i>
                        <i>-0.0872903 0.992898 0.0808319 -0.237441 0.058066 -0.969665 -0.967472 -0.103835 0.230686 3.37987 3.56834 2.50686</i>
                        <i>-0.103697 0.990893 0.0858945 -0.236568 0.0593095 -0.969803 -0.966065 -0.120885 0.228264 3.38143 3.56627 2.50677</i>
                        <i>-0.108765 0.990173 0.0879124 -0.235346 0.0602735 -0.970041 -0.965807 -0.126196 0.226477 3.38184 3.56552 2.50742</i>
                        <i>-0.10942 0.990015 0.0888648 -0.23385 0.0612529 -0.970341 -0.966096 -0.126956 0.224813 3.38192 3.56512 2.50847</i>
                        <i>-0.10758 0.990188 0.0891831 -0.232263 0.06219 -0.970663 -0.966685 -0.125138 0.223294 3.38169 3.56504 2.50971</i>
                        <i>-0.105163 0.990439 0.0892826 -0.230731 0.0630292 -0.970974 -0.967318 -0.122711 0.221897 3.38117 3.56529 2.51094</i>
                        <i>-0.104057 0.990533 0.0895396 -0.229442 0.0636919 -0.971236 -0.967744 -0.121608 0.220643 3.38036 3.56586 2.51197</i>
                        <i>-0.106111 0.990247 0.0902904 -0.228667 0.0640685 -0.971394 -0.967705 -0.123722 0.219638 3.37929 3.56676 2.5126</i>
                        <i>-0.111181 0.989583 0.0914536 -0.228457 0.0641095 -0.971441 -0.967185 -0.128899 0.218949 3.37783 3.5681 2.51285</i>
                        <i>-0.117658 0.988716 0.0927177 -0.228639 0.0638869 -0.971413 -0.966375 -0.135493 0.218543 3.37593 3.56984 2.5129</i>
                        <i>-0.125153 0.987669 0.0940539 -0.229218 0.06345 -0.971305 -0.965296 -0.14312 0.218451 3.37373 3.57183 2.51281</i>
                        <i>-0.13327 0.986474 0.0954345 -0.230159 0.0628554 -0.971121 -0.963984 -0.151386 0.218669 3.37135 3.57389 2.51263</i>
                        <i>-0.141597 0.985177 0.0968327 -0.231364 0.0621739 -0.970879 -0.962508 -0.159877 0.219131 3.36895 3.57587 2.51239</i>
                        <i>-0.149708 0.983839 0.0982212 -0.232669 0.0614959 -0.97061 -0.960964 -0.168161 0.219702 3.36671 3.57764 2.51215</i>
                        <i>-0.157164 0.98254 0.0995725 -0.233851 0.0609322 -0.970361 -0.959486 -0.175791 0.220192 3.36479 3.57908 2.51196</i>
                        <i>-0.163522 0.981371 0.100858 -0.234651 0.0606096 -0.970188 -0.958227 -0.182314 0.220369 3.36339 3.58008 2.51186</i>
                        <i>-0.169239 0.980261 0.102205 -0.235008 0.0605729 -0.970104 -0.957146 -0.188199 0.220118 3.36255 3.58066 2.51184</i>
                        <i>-0.174922 0.979107 0.103686 -0.235083 0.0607312 -0.970076 -0.956106 -0.194063 0.219548 3.36213 3.58094 2.51184</i>
                        <i>-0.180364 0.977959 0.10519 -0.234945 0.0610132 -0.970092 -0.955128 -0.199684 0.218762 3.36204 3.58099 2.51186</i>
                        <i>-0.185356 0.976871 0.106614 -0.234669 0.0613519 -0.970137 -0.95424 -0.20484 0.217869 3.36219 3.58089 2.51188</i>
                        <i>-0.189676 0.975904 0.107864 -0.234333 0.0616888 -0.970197 -0.953473 -0.209299 0.216985 3.36247 3.58069 2.51191</i>
                        <i>-0.193083 0.975125 0.108855 -0.234008 0.0619762 -0.970257 -0.952869 -0.212813 0.216221 3.36279 3.58047 2.51194</i>
                        <i>-0.195321 0.974607 0.109508 -0.233765 0.0621752 -0.970303 -0.952472 -0.215119 0.215685 3.36305 3.58029 2.51196</i>
                        <i>-0.196124 0.974419 0.109743 -0.23367 0.0622502 -0.970321 -0.952331 -0.215947 0.215483 3.36316 3.58021 2.51197</i>
                        <i>-0.19417 0.97487 0.10921 -0.233854 0.0621183 -0.970285 -0.952686 -0.21394 0.215916 3.36325 3.58018 2.51194</i>
                        <i>-0.188779 0.976091 0.107743 -0.23436 0.0617647 -0.970186 -0.953644 -0.208402 0.217097 3.36348 3.58009 2.51184</i>
                        <i>-0.180657 0.977868 0.105537 -0.23512 0.0612542 -0.970034 -0.95503 -0.200058 0.21885 3.36383 3.57996 2.51171</i>
                        <i>-0.170512 0.97998 0.102786 -0.236064 0.0606491 -0.969843 -0.956661 -0.189634 0.220996 3.36427 3.5798 2.51154</i>
                        <i>-0.159053 0.982225 0.0996824 -0.237125 0.0600057 -0.969624 -0.95837 -0.177859 0.223366 3.36476 3.57961 2.51135</i>
                        <i>-0.146993 0.984427 0.0964172 -0.238236 0.0593716 -0.969391 -0.960019 -0.165463 0.225799 3.36527 3.57942 2.51116</i>
                        <i>-0.135045 0.986448 0.0931833 -0.239326 0.0587862 -0.969158 -0.961502 -0.153181 0.228144 3.36577 3.57922 2.51097</i>
                        <i>-0.123923 0.988186 0.0901757 -0.240326 0.0582814 -0.968941 -0.962749 -0.141746 0.230265 3.36623 3.57904 2.51079</i>
                        <i>-0.114339 0.989573 0.0875931 -0.241164 0.0578855 -0.968757 -0.963725 -0.131891 0.232031 3.36661 3.57888 2.51065</i>
                        <i>-0.107001 0.990564 0.0856401 -0.241764 0.0576278 -0.968622 -0.964417 -0.124348 0.233317 3.36688 3.57877 2.51054</i>
                        <i>-0.101618 0.991247 0.0842844 -0.242107 0.0575341 -0.968542 -0.964913 -0.118828 0.234141 3.36705 3.5787 2.51048</i>
                        <i>-0.0973588 0.991758 0.083291 -0.242263 0.0575554 -0.968502 -0.965313 -0.11447 0.234663 3.36715 3.57866 2.51044</i>
                        <i>-0.0941074 0.992131 0.0825781 -0.242291 0.0576283 -0.968491 -0.965629 -0.11115 0.234961 3.36718 3.57864 2.51043</i>
                        <i>-0.091745 0.992394 0.0820792 -0.242237 0.0577085 -0.968499 -0.96587 -0.108738 0.2351 3.36717 3.57865 2.51044</i>
                        <i>-0.090147 0.992568 0.0817407 -0.242145 0.057768 -0.968519 -0.966043 -0.107102 0.235138 3.36713 3.57866 2.51045</i>
                        <i>-0.0891842 0.992674 0.0815193 -0.242052 0.0577909 -0.968541 -0.966156 -0.10611 0.235124 3.36709 3.57868 2.51047</i>
                        <i>-0.0887239 0.992726 0.0813771 -0.24199 0.0577683 -0.968558 -0.966214 -0.105627 0.235104 3.36705 3.5787 2.51048</i>
                        <i>-0.0886325 0.992743 0.0812768 -0.241993 0.0576918 -0.968561 -0.966221 -0.105514 0.235123 3.36703 3.57871 2.51049</i>
                        <i>-0.089316 0.992678 0.0813246 -0.242036 0.0575715 -0.968558 -0.966148 -0.106191 0.235122 3.36702 3.57871 2.51049</i>
                        <i>-0.0910683 0.992494 0.0816216 -0.242067 0.0574417 -0.968558 -0.965976 -0.107963 0.235019 3.36701 3.57872 2.5105</i>
                        <i>-0.0935917 0.992219 0.0821123 -0.242084 0.0573198 -0.968561 -0.965731 -0.110527 0.234835 3.36699 3.57872 2.5105</i>
                        <i>-0.0965907 0.99188 0.0827343 -0.242086 0.057215 -0.968566 -0.965435 -0.113583 0.234594 3.36696 3.57873 2.51051</i>
                        <i>-0.09977 0.991507 0.0834204 -0.242078 0.0571319 -0.968573 -0.965114 -0.116829 0.234322 3.36694 3.57874 2.51052</i>
                        <i>-0.102833 0.991137 0.0841014 -0.242061 0.057073 -0.968581 -0.964796 -0.11996 0.234047 3.36692 3.57875 2.51053</i>
                        <i>-0.10548 0.990807 0.0847099 -0.24204 0.057043 -0.968588 -0.964516 -0.12267 0.233798 3.3669 3.57876 2.51054</i>
                        <i>-0.107409 0.990559 0.0851838 -0.242014 0.0570527 -0.968594 -0.964309 -0.124651 0.233602 3.36688 3.57877 2.51054</i>
                        <i>-0.10868 0.990387 0.0855652 -0.241969 0.0571304 -0.968601 -0.964178 -0.125972 0.233434 3.36688 3.57877 2.51055</i>
                        <i>-0.109605 0.990255 0.0859202 -0.241902 0.0572674 -0.968609 -0.96409 -0.126949 0.233268 3.36687 3.57877 2.51055</i>
                        <i>-0.110246 0.990156 0.0862363 -0.241826 0.0574352 -0.968618 -0.964036 -0.12764 0.233113 3.36687 3.57877 2.51055</i>
                        <i>-0.110662 0.990086 0.0865064 -0.241748 0.0576112 -0.968627 -0.964008 -0.128103 0.232976 3.36687 3.57877 2.51055</i>
                        <i>-0.110914 0.990039 0.0867245 -0.241679 0.0577743 -0.968635 -0.963997 -0.128395 0.232863 3.36687 3.57877 2.51055</i>
                        <i>-0.111059 0.990009 0.0868837 -0.241626 0.0579028 -0.96864 -0.963993 -0.12857 0.232781 3.36687 3.57877 2.51055</i>
                        <i>-0.111157 0.98999 0.0869756 -0.241599 0.0579732 -0.968643 -0.963989 -0.128685 0.232736 3.36688 3.57877 2.51055</i>
                        <i>-0.110867 0.990028 0.086909 -0.241602 0.0579761 -0.968642 -0.964021 -0.128388 0.232765 3.36688 3.57877 2.51055</i>
                        <i>-0.110083 0.990136 0.086679 -0.241624 0.0579334 -0.968639 -0.964106 -0.127574 0.232863 3.36688 3.57877 2.51054</i>
                        <i>-0.109211 0.990256 0.086403 -0.241657 0.0578653 -0.968635 -0.964197 -0.126665 0.232983 3.36688 3.57877 2.51054</i>
                        <i>-0.108652 0.990334 0.0862183 -0.24168 0.0578136 -0.968632 -0.964254 -0.126081 0.233062 3.36688 3.57877 2.51054</i>
                        <i>-0.108404 0.990368 0.0861365 -0.24169 0.0577911 -0.968631 -0.964279 -0.125821 0.233097 3.36688 3.57877 2.51054</i>
                        <i>-0.108192 0.990397 0.0860657 -0.241699 0.0577706 -0.96863 -0.964301 -0.1256 0.233128 3.36688 3.57877 2.51054</i>
                        <i>-0.108012 0.990422 0.0860045 -0.241707 0.0577521 -0.968629 -0.964319 -0.125412 0.233154 3.36688 3.57877 2.51054</i>
                        <i>-0.107858 0.990444 0.085951 -0.241715 0.0577353 -0.968628 -0.964334 -0.12525 0.233178 3.36688 3.57877 2.51054</i>
                        <i>-0.107724 0.990463 0.0859035 -0.241722 0.0577198 -0.968627 -0.964347 -0.125109 0.233199 3.36688 3.57877 2.51054</i>
                        <i>-0.107603 0.990479 0.0858603 -0.241729 0.0577051 -0.968626 -0.964359 -0.124982 0.233218 3.36688 3.57877 2.51054</i>
                        <i>-0.10749 0.990495 0.0858194 -0.241735 0.057691 -0.968626 -0.96437 -0.124863 0.233236 3.36688 3.57877 2.51054</i>
                        <i>-0.107379 0.990511 0.0857788 -0.241742 0.0576767 -0.968625 -0.964381 -0.124747 0.233255 3.36688 3.57877 2.51054</i>
                        <i>-0.107265 0.990527 0.0857368 -0.241749 0.0576618 -0.968624 -0.964392 -0.124626 0.233274 3.36688 3.57877 2.51054</i>
                        <i>-0.107141 0.990544 0.0856913 -0.241756 0.0576457 -0.968623 -0.964404 -0.124495 0.233294 3.36688 3.57877 2.51054</i>
                        <i>-0.107001 0.990564 0.0856401 -0.241764 0.0576278 -0.968622 -0.964417 -0.124348 0.233317 3.36688 3.57877 2.51054</i>
                        <i>-0.107001 0.990564 0.0856401 -0.241764 0.0576278 -0.968622 -0.964417 -0.124348 0.233317 3.36688 3.57877 2.51054</i>
                        <i>-0.107001 0.990564 0.0856401 -0.241764 0.0576278 -0.968622 -0.964417 -0.124348 0.233317 3.36688 3.57877 2.51054</i>
                        <i>-0.107001 0.990564 0.0856401 -0.241764 0.0576278 -0.968622 -0.964417 -0.124348 0.233317 3.36688 3.57877 2.51054</i>
                        <i>-0.107001 0.990564 0.0856401 -0.241764 0.0576278 -0.968622 -0.964417 -0.124348 0.233317 3.36688 3.57877 2.51054</i>
                        <i>-0.107001 0.990564 0.0856401 -0.241764 0.0576278 -0.968622 -0.964417 -0.124348 0.233317 3.36688 3.57877 2.51054</i>
                        <i>-0.107001 0.990564 0.0856401 -0.241764 0.0576278 -0.968622 -0.964417 -0.124348 0.233317 3.36688 3.57877 2.51054</i>
                        <i>-0.107001 0.990564 0.0856401 -0.241764 0.0576278 -0.968622 -0.964417 -0.124348 0.233317 3.36688 3.57877 2.51054</i>
                        <i>-0.107001 0.990564 0.0856401 -0.241764 0.0576278 -0.968622 -0.964417 -0.124348 0.233317 3.36688 3.57877 2.51054</i>
                        <i>-0.107001 0.990564 0.0856401 -0.241764 0.0576278 -0.968622 -0.964417 -0.124348 0.233317 3.36688 3.57877 2.51054</i>
                    </KeyFrames>
                </p>
            </i>
            <i>
                <p>
                    <Name><![CDATA[spine1]]></Name>
                    <Exclude>0</Exclude>
                    <Additive>0</Additive>
                    <IKPriority>0</IKPriority>
                    <IKRotLimits>-1e+010 -1e+010 -1e+010 1e+010 1e+010 1e+010</IKRotLimits>
                    <IKRotLimitOrder>0</IKRotLimitOrder>
                    <KeyFrames count="126">
                        <i>-0.133869 0.985515 0.10411 -0.613902 -2.22045e-016 -0.789383 -0.777948 -0.169587 0.605009 3.13212 4.78463 2.53724</i>
                        <i>-0.0381037 0.998834 0.0296332 -0.613902 0 -0.789383 -0.788462 -0.0482703 0.613186 3.13657 4.41334 2.53378</i>
                        <i>-0.0912072 0.993441 0.068962 -0.613715 -0.00153802 -0.789526 -0.784242 -0.114333 0.60983 3.13072 4.55257 2.53776</i>
                        <i>-0.194128 0.9702 0.145005 -0.612951 -0.00455661 -0.790108 -0.765902 -0.242263 0.595569 3.11874 4.75631 2.54593</i>
                        <i>-0.353244 0.894338 0.274551 -0.618924 -0.00333948 -0.785443 -0.701535 -0.44738 0.554707 3.10439 4.85987 2.5565</i>
                        <i>-0.504425 0.762013 0.406069 -0.626141 0.00101612 -0.779709 -0.594561 -0.647561 0.476615 3.09418 4.93958 2.56516</i>
                        <i>-0.551467 0.715507 0.428875 -0.613902 -2.22045e-016 -0.789383 -0.564809 -0.698605 0.439251 3.09882 5.0076 2.56314</i>
                        <i>-0.492647 0.803017 0.335354 -0.570922 -0.00740525 -0.820971 -0.656771 -0.59591 0.462108 3.12258 5.07641 2.54664</i>
                        <i>-0.360775 0.911023 0.199698 -0.506921 -0.0118141 -0.861911 -0.782861 -0.412187 0.466079 3.15822 5.14279 2.52228</i>
                        <i>-0.166084 0.983943 0.0653685 -0.425429 -0.0116915 -0.904916 -0.889622 -0.178102 0.420539 3.19931 5.19694 2.49642</i>
                        <i>0.0461649 0.998341 -0.0344115 -0.334127 -0.0170318 -0.942374 -0.941397 0.0550023 0.332786 3.23901 5.2343 2.47468</i>
                        <i>0.225418 0.96966 -0.0945877 -0.26147 -0.0333134 -0.964637 -0.93852 0.242178 0.246027 3.27203 5.255 2.45998</i>
                        <i>0.341218 0.930623 -0.132329 -0.249056 -0.0462389 -0.967385 -0.906389 0.363047 0.216 3.29523 5.2613 2.45255</i>
                        <i>0.402966 0.899232 -0.170294 -0.32591 -0.0328816 -0.944829 -0.85522 0.436234 0.279819 3.30967 5.25625 2.44851</i>
                        <i>0.42913 0.877542 -0.213934 -0.463934 0.0109226 -0.885802 -0.774992 0.479375 0.411809 3.31873 5.23943 2.44467</i>
                        <i>0.422383 0.871914 -0.247705 -0.614158 0.0743122 -0.785676 -0.666635 0.483987 0.566882 3.32399 5.20799 2.44208</i>
                        <i>0.393734 0.883146 -0.255003 -0.737616 0.138003 -0.660967 -0.548539 0.448339 0.70576 3.32747 5.15867 2.44185</i>
                        <i>0.355396 0.90616 -0.229276 -0.815478 0.180707 -0.549855 -0.456825 0.382386 0.803176 3.33114 5.08772 2.44465</i>
                        <i>0.310801 0.9343 -0.174605 -0.8449 0.187431 -0.501012 -0.435369 0.303239 0.847644 3.3365 4.99119 2.45073</i>
                        <i>0.245687 0.96505 -0.091194 -0.817616 0.155774 -0.554291 -0.520713 0.210743 0.827312 3.34476 4.85956 2.46162</i>
                        <i>0.133109 0.991074 0.0074109 -0.724377 0.102388 -0.681759 -0.676432 0.08538 0.73154 3.35257 4.69411 2.47826</i>
                        <i>-0.0392393 0.995518 0.0860507 -0.566399 0.0487863 -0.822686 -0.823197 -0.0810206 0.561945 3.35426 4.50707 2.49848</i>
                        <i>-0.252497 0.96061 0.116077 -0.375661 0.0132318 -0.926663 -0.891697 -0.277585 0.357523 3.34607 4.31009 2.51808</i>
                        <i>-0.464174 0.879699 0.103308 -0.213522 0.00206257 -0.976936 -0.859623 -0.475527 0.186877 3.32715 4.11401 2.53249</i>
                        <i>-0.638476 0.763443 0.0974866 -0.146609 0.00370237 -0.989188 -0.755549 -0.645865 0.109563 3.29923 3.92903 2.53991</i>
                        <i>-0.830226 0.534662 0.157675 -0.155905 0.0488529 -0.986563 -0.53518 -0.843653 0.0427973 3.26682 3.81212 2.54247</i>
