<?xml version="1.0" encoding="ISO-8859-1" ?>
<Animl Version="1">
    <ModellingPackage><![CDATA[Maya.2010]]></ModellingPackage>
    <SrcFile><![CDATA[anims\turrets\artillery\red\~src\artillery_scud\artillery_scud_idle_alt_crewman_c.mb]]></SrcFile>
    <FramesPerSecond>30</FramesPerSecond>
    <TotalFrames>97</TotalFrames>
    <Skeleton>
        <RefFrame>
            <Name><![CDATA[soldier_ref_frame]]></Name>
            <Exclude>0</Exclude>
            <Additive>0</Additive>
            <IKPriority>0</IKPriority>
            <IKRotLimits>-1e+010 -1e+010 -1e+010 1e+010 1e+010 1e+010</IKRotLimits>
            <IKRotLimitOrder>0</IKRotLimitOrder>
            <KeyFrames count="97">
                <i>1 0 0 0 1 0 0 0 1 -3.10966 1.33435 -0.351689</i>
                <i>1 0 0 0 1 0 0 0 1 -3.10966 1.33435 -0.351689</i>
                <i>1 0 0 0 1 0 0 0 1 -3.10966 1.33435 -0.351689</i>
                <i>1 0 0 0 1 0 0 0 1 -3.10966 1.33435 -0.351689</i>
                <i>1 0 0 0 1 0 0 0 1 -3.10966 1.33435 -0.351689</i>
                <i>1 0 0 0 1 0 0 0 1 -3.10966 1.33435 -0.351689</i>
                <i>1 0 0 0 1 0 0 0 1 -3.10966 1.33435 -0.351689</i>
                <i>1 0 0 0 1 0 0 0 1 -3.10966 1.33435 -0.351689</i>
                <i>1 0 0 0 1 0 0 0 1 -3.10966 1.33435 -0.351689</i>
                <i>1 0 0 0 1 0 0 0 1 -3.10966 1.33435 -0.351689</i>
                <i>1 0 0 0 1 0 0 0 1 -3.10966 1.33435 -0.351689</i>
                <i>1 0 0 0 1 0 0 0 1 -3.10966 1.33435 -0.351689</i>
                <i>1 0 0 0 1 0 0 0 1 -3.10966 1.33435 -0.351689</i>
                <i>1 0 0 0 1 0 0 0 1 -3.10966 1.33435 -0.351689</i>
                <i>1 0 0 0 1 0 0 0 1 -3.10966 1.33435 -0.351689</i>
                <i>1 0 0 0 1 0 0 0 1 -3.10966 1.33435 -0.351689</i>
                <i>1 0 0 0 1 0 0 0 1 -3.10966 1.33435 -0.351689</i>
                <i>1 0 0 0 1 0 0 0 1 -3.10966 1.33435 -0.351689</i>
                <i>1 0 0 0 1 0 0 0 1 -3.10966 1.33435 -0.351689</i>
                <i>1 0 0 0 1 0 0 0 1 -3.10966 1.33435 -0.351689</i>
                <i>1 0 0 0 1 0 0 0 1 -3.10966 1.33435 -0.351689</i>
                <i>1 0 0 0 1 0 0 0 1 -3.10966 1.33435 -0.351689</i>
                <i>1 0 0 0 1 0 0 0 1 -3.10966 1.33435 -0.351689</i>
                <i>1 0 0 0 1 0 0 0 1 -3.10966 1.33435 -0.351689</i>
                <i>1 0 0 0 1 0 0 0 1 -3.10966 1.33435 -0.351689</i>
                <i>1 0 0 0 1 0 0 0 1 -3.10966 1.33435 -0.351689</i>
                <i>1 0 0 0 1 0 0 0 1 -3.10966 1.33435 -0.351689</i>
                <i>1 0 0 0 1 0 0 0 1 -3.10966 1.33435 -0.351689</i>
                <i>1 0 0 0 1 0 0 0 1 -3.10966 1.33435 -0.351689</i>
                <i>1 0 0 0 1 0 0 0 1 -3.10966 1.33435 -0.351689</i>
                <i>1 0 0 0 1 0 0 0 1 -3.10966 1.33435 -0.351689</i>
                <i>1 0 0 0 1 0 0 0 1 -3.10966 1.33435 -0.351689</i>
                <i>1 0 0 0 1 0 0 0 1 -3.10966 1.33435 -0.351689</i>
                <i>1 0 0 0 1 0 0 0 1 -3.10966 1.33435 -0.351689</i>
                <i>1 0 0 0 1 0 0 0 1 -3.10966 1.33435 -0.351689</i>
                <i>1 0 0 0 1 0 0 0 1 -3.10966 1.33435 -0.351689</i>
                <i>1 0 0 0 1 0 0 0 1 -3.10966 1.33435 -0.351689</i>
                <i>1 0 0 0 1 0 0 0 1 -3.10966 1.33435 -0.351689</i>
                <i>1 0 0 0 1 0 0 0 1 -3.10966 1.33435 -0.351689</i>
                <i>1 0 0 0 1 0 0 0 1 -3.10966 1.33435 -0.351689</i>
                <i>1 0 0 0 1 0 0 0 1 -3.10966 1.33435 -0.351689</i>
                <i>1 0 0 0 1 0 0 0 1 -3.10966 1.33435 -0.351689</i>
                <i>1 0 0 0 1 0 0 0 1 -3.10966 1.33435 -0.351689</i>
                <i>1 0 0 0 1 0 0 0 1 -3.10966 1.33435 -0.351689</i>
                <i>1 0 0 0 1 0 0 0 1 -3.10966 1.33435 -0.351689</i>
                <i>1 0 0 0 1 0 0 0 1 -3.10966 1.33435 -0.351689</i>
                <i>1 0 0 0 1 0 0 0 1 -3.10966 1.33435 -0.351689</i>
                <i>1 0 0 0 1 0 0 0 1 -3.10966 1.33435 -0.351689</i>
                <i>1 0 0 0 1 0 0 0 1 -3.10966 1.33435 -0.351689</i>
                <i>1 0 0 0 1 0 0 0 1 -3.10966 1.33435 -0.351689</i>
                <i>1 0 0 0 1 0 0 0 1 -3.10966 1.33435 -0.351689</i>
                <i>1 0 0 0 1 0 0 0 1 -3.10966 1.33435 -0.351689</i>
                <i>1 0 0 0 1 0 0 0 1 -3.10966 1.33435 -0.351689</i>
                <i>1 0 0 0 1 0 0 0 1 -3.10966 1.33435 -0.351689</i>
                <i>1 0 0 0 1 0 0 0 1 -3.10966 1.33435 -0.351689</i>
                <i>1 0 0 0 1 0 0 0 1 -3.10966 1.33435 -0.351689</i>
                <i>1 0 0 0 1 0 0 0 1 -3.10966 1.33435 -0.351689</i>
                <i>1 0 0 0 1 0 0 0 1 -3.10966 1.33435 -0.351689</i>
                <i>1 0 0 0 1 0 0 0 1 -3.10966 1.33435 -0.351689</i>
                <i>1 0 0 0 1 0 0 0 1 -3.10966 1.33435 -0.351689</i>
                <i>1 0 0 0 1 0 0 0 1 -3.10966 1.33435 -0.351689</i>
                <i>1 0 0 0 1 0 0 0 1 -3.10966 1.33435 -0.351689</i>
                <i>1 0 0 0 1 0 0 0 1 -3.10966 1.33435 -0.351689</i>
                <i>1 0 0 0 1 0 0 0 1 -3.10966 1.33435 -0.351689</i>
                <i>1 0 0 0 1 0 0 0 1 -3.10966 1.33435 -0.351689</i>
                <i>1 0 0 0 1 0 0 0 1 -3.10966 1.33435 -0.351689</i>
                <i>1 0 0 0 1 0 0 0 1 -3.10966 1.33435 -0.351689</i>
                <i>1 0 0 0 1 0 0 0 1 -3.10966 1.33435 -0.351689</i>
                <i>1 0 0 0 1 0 0 0 1 -3.10966 1.33435 -0.351689</i>
                <i>1 0 0 0 1 0 0 0 1 -3.10966 1.33435 -0.351689</i>
                <i>1 0 0 0 1 0 0 0 1 -3.10966 1.33435 -0.351689</i>
                <i>1 0 0 0 1 0 0 0 1 -3.10966 1.33435 -0.351689</i>
                <i>1 0 0 0 1 0 0 0 1 -3.10966 1.33435 -0.351689</i>
                <i>1 0 0 0 1 0 0 0 1 -3.10966 1.33435 -0.351689</i>
                <i>1 0 0 0 1 0 0 0 1 -3.10966 1.33435 -0.351689</i>
                <i>1 0 0 0 1 0 0 0 1 -3.10966 1.33435 -0.351689</i>
                <i>1 0 0 0 1 0 0 0 1 -3.10966 1.33435 -0.351689</i>
                <i>1 0 0 0 1 0 0 0 1 -3.10966 1.33435 -0.351689</i>
                <i>1 0 0 0 1 0 0 0 1 -3.10966 1.33435 -0.351689</i>
                <i>1 0 0 0 1 0 0 0 1 -3.10966 1.33435 -0.351689</i>
                <i>1 0 0 0 1 0 0 0 1 -3.10966 1.33435 -0.351689</i>
                <i>1 0 0 0 1 0 0 0 1 -3.10966 1.33435 -0.351689</i>
                <i>1 0 0 0 1 0 0 0 1 -3.10966 1.33435 -0.351689</i>
                <i>1 0 0 0 1 0 0 0 1 -3.10966 1.33435 -0.351689</i>
                <i>1 0 0 0 1 0 0 0 1 -3.10966 1.33435 -0.351689</i>
                <i>1 0 0 0 1 0 0 0 1 -3.10966 1.33435 -0.351689</i>
                <i>1 0 0 0 1 0 0 0 1 -3.10966 1.33435 -0.351689</i>
                <i>1 0 0 0 1 0 0 0 1 -3.10966 1.33435 -0.351689</i>
                <i>1 0 0 0 1 0 0 0 1 -3.10966 1.33435 -0.351689</i>
                <i>1 0 0 0 1 0 0 0 1 -3.10966 1.33435 -0.351689</i>
                <i>1 0 0 0 1 0 0 0 1 -3.10966 1.33435 -0.351689</i>
                <i>1 0 0 0 1 0 0 0 1 -3.10966 1.33435 -0.351689</i>
                <i>1 0 0 0 1 0 0 0 1 -3.10966 1.33435 -0.351689</i>
                <i>1 0 0 0 1 0 0 0 1 -3.10966 1.33435 -0.351689</i>
                <i>1 0 0 0 1 0 0 0 1 -3.10966 1.33435 -0.351689</i>
                <i>1 0 0 0 1 0 0 0 1 -3.10966 1.33435 -0.351689</i>
                <i>1 0 0 0 1 0 0 0 1 -3.10966 1.33435 -0.351689</i>
            </KeyFrames>
        </RefFrame>
        <Bones count="23">
            <i>
                <p>
                    <Name><![CDATA[pelvis]]></Name>
                    <Exclude>0</Exclude>
                    <Additive>0</Additive>
                    <IKPriority>0</IKPriority>
                    <IKRotLimits>-1e+010 -1e+010 -1e+010 1e+010 1e+010 1e+010</IKRotLimits>
                    <IKRotLimitOrder>2</IKRotLimitOrder>
                    <KeyFrames count="97">
                        <i>1 0 0 0 1 0 0 0 1 -3.10966 1.93889 -0.351689</i>
                        <i>1 0 0 0 1 0 0 0 1 -3.10966 1.93827 -0.351689</i>
                        <i>1 0 0 0 1 0 0 0 1 -3.10966 1.93757 -0.351689</i>
                        <i>1 0 0 0 1 0 0 0 1 -3.10966 1.93682 -0.351689</i>
                        <i>1 0 0 0 1 0 0 0 1 -3.10966 1.93604 -0.351689</i>
                        <i>1 0 0 0 1 0 0 0 1 -3.10966 1.93524 -0.351689</i>
                        <i>1 0 0 0 1 0 0 0 1 -3.10966 1.93444 -0.351689</i>
                        <i>1 0 0 0 1 0 0 0 1 -3.10966 1.93366 -0.351689</i>
                        <i>1 0 0 0 1 0 0 0 1 -3.10966 1.93293 -0.351689</i>
                        <i>1 0 0 0 1 0 0 0 1 -3.10966 1.93226 -0.351689</i>
                        <i>1 0 0 0 1 0 0 0 1 -3.10966 1.93167 -0.351689</i>
                        <i>1 0 0 0 1 0 0 0 1 -3.10966 1.93119 -0.351689</i>
                        <i>1 0 0 0 1 0 0 0 1 -3.10966 1.93082 -0.351689</i>
                        <i>1 0 0 0 1 0 0 0 1 -3.10966 1.93053 -0.351689</i>
                        <i>1 0 0 0 1 0 0 0 1 -3.10966 1.93024 -0.351689</i>
                        <i>1 0 0 0 1 0 0 0 1 -3.10966 1.92997 -0.351689</i>
                        <i>1 0 0 0 1 0 0 0 1 -3.10966 1.9297 -0.351689</i>
                        <i>1 0 0 0 1 0 0 0 1 -3.10966 1.92945 -0.351689</i>
                        <i>1 0 0 0 1 0 0 0 1 -3.10966 1.92921 -0.351689</i>
                        <i>1 0 0 0 1 0 0 0 1 -3.10966 1.92898 -0.351689</i>
                        <i>1 0 0 0 1 0 0 0 1 -3.10966 1.92877 -0.351689</i>
                        <i>1 0 0 0 1 0 0 0 1 -3.10966 1.92856 -0.351689</i>
                        <i>1 0 0 0 1 0 0 0 1 -3.10966 1.92837 -0.351689</i>
                        <i>1 0 0 0 1 0 0 0 1 -3.10966 1.92819 -0.351689</i>
                        <i>1 0 0 0 1 0 0 0 1 -3.10966 1.92802 -0.351689</i>
                        <i>1 0 0 0 1 0 0 0 1 -3.10966 1.92786 -0.351689</i>
                        <i>1 0 0 0 1 0 0 0 1 -3.10966 1.92771 -0.351689</i>
                        <i>1 0 0 0 1 0 0 0 1 -3.10966 1.92758 -0.351689</i>
                        <i>1 0 0 0 1 0 0 0 1 -3.10966 1.92746 -0.351689</i>
                        <i>1 0 0 0 1 0 0 0 1 -3.10966 1.92735 -0.351689</i>
                        <i>1 0 0 0 1 0 0 0 1 -3.10966 1.92726 -0.351689</i>
                        <i>1 0 0 0 1 0 0 0 1 -3.10966 1.92718 -0.351689</i>
                        <i>1 0 0 0 1 0 0 0 1 -3.10966 1.92711 -0.351689</i>
                        <i>1 0 0 0 1 0 0 0 1 -3.10966 1.92706 -0.351689</i>
                        <i>1 0 0 0 1 0 0 0 1 -3.10966 1.92702 -0.351689</i>
                        <i>1 0 0 0 1 0 0 0 1 -3.10966 1.92699 -0.351689</i>
                        <i>1 0 0 0 1 0 0 0 1 -3.10966 1.92698 -0.351689</i>
                        <i>1 0 0 0 1 0 0 0 1 -3.10966 1.92698 -0.351689</i>
                        <i>1 0 0 0 1 0 0 0 1 -3.10966 1.92699 -0.351689</i>
                        <i>1 0 0 0 1 0 0 0 1 -3.10966 1.92702 -0.351689</i>
                        <i>1 0 0 0 1 0 0 0 1 -3.10966 1.92706 -0.351689</i>
                        <i>1 0 0 0 1 0 0 0 1 -3.10966 1.92712 -0.351689</i>
                        <i>1 0 0 0 1 0 0 0 1 -3.10966 1.92719 -0.351689</i>
                        <i>1 0 0 0 1 0 0 0 1 -3.10966 1.92728 -0.351689</i>
                        <i>1 0 0 0 1 0 0 0 1 -3.10966 1.92738 -0.351689</i>
                        <i>1 0 0 0 1 0 0 0 1 -3.10966 1.9275 -0.351689</i>
                        <i>1 0 0 0 1 0 0 0 1 -3.10966 1.92764 -0.351689</i>
                        <i>1 0 0 0 1 0 0 0 1 -3.10966 1.92778 -0.351689</i>
                        <i>1 0 0 0 1 0 0 0 1 -3.10966 1.92795 -0.351689</i>
                        <i>1 0 0 0 1 0 0 0 1 -3.10966 1.92813 -0.351689</i>
                        <i>1 0 0 0 1 0 0 0 1 -3.10966 1.92832 -0.351689</i>
                        <i>1 0 0 0 1 0 0 0 1 -3.10966 1.92853 -0.351689</i>
                        <i>1 0 0 0 1 0 0 0 1 -3.10966 1.92876 -0.351689</i>
                        <i>1 0 0 0 1 0 0 0 1 -3.10966 1.92901 -0.351689</i>
                        <i>1 0 0 0 1 0 0 0 1 -3.10966 1.92927 -0.351689</i>
                        <i>1 0 0 0 1 0 0 0 1 -3.10966 1.92954 -0.351689</i>
                        <i>1 0 0 0 1 0 0 0 1 -3.10966 1.92984 -0.351689</i>
                        <i>1 0 0 0 1 0 0 0 1 -3.10966 1.93015 -0.351689</i>
                        <i>1 0 0 0 1 0 0 0 1 -3.10966 1.93048 -0.351689</i>
                        <i>1 0 0 0 1 0 0 0 1 -3.10966 1.93082 -0.351689</i>
                        <i>1 0 0 0 1 0 0 0 1 -3.10966 1.93119 -0.351689</i>
                        <i>1 0 0 0 1 0 0 0 1 -3.10966 1.93159 -0.351689</i>
                        <i>1 0 0 0 1 0 0 0 1 -3.10966 1.93201 -0.351689</i>
                        <i>1 0 0 0 1 0 0 0 1 -3.10966 1.93246 -0.351689</i>
                        <i>1 0 0 0 1 0 0 0 1 -3.10966 1.93293 -0.351689</i>
                        <i>1 0 0 0 1 0 0 0 1 -3.10966 1.93342 -0.351689</i>
                        <i>1 0 0 0 1 0 0 0 1 -3.10966 1.93392 -0.351689</i>
                        <i>1 0 0 0 1 0 0 0 1 -3.10966 1.93442 -0.351689</i>
                        <i>1 0 0 0 1 0 0 0 1 -3.10966 1.93494 -0.351689</i>
                        <i>1 0 0 0 1 0 0 0 1 -3.10966 1.93546 -0.351689</i>
                        <i>1 0 0 0 1 0 0 0 1 -3.10966 1.93597 -0.351689</i>
                        <i>1 0 0 0 1 0 0 0 1 -3.10966 1.93649 -0.351689</i>
                        <i>1 0 0 0 1 0 0 0 1 -3.10966 1.937 -0.351689</i>
                        <i>1 0 0 0 1 0 0 0 1 -3.10966 1.93749 -0.351689</i>
                        <i>1 0 0 0 1 0 0 0 1 -3.10966 1.93798 -0.351689</i>
                        <i>1 0 0 0 1 0 0 0 1 -3.10966 1.93844 -0.351689</i>
                        <i>1 0 0 0 1 0 0 0 1 -3.10966 1.93889 -0.351689</i>
                        <i>1 0 0 0 1 0 0 0 1 -3.10966 1.9393 -0.351689</i>
                        <i>1 0 0 0 1 0 0 0 1 -3.10966 1.93965 -0.351689</i>
                        <i>1 0 0 0 1 0 0 0 1 -3.10966 1.93995 -0.351689</i>
                        <i>1 0 0 0 1 0 0 0 1 -3.10966 1.94021 -0.351689</i>
                        <i>1 0 0 0 1 0 0 0 1 -3.10966 1.94041 -0.351689</i>
                        <i>1 0 0 0 1 0 0 0 1 -3.10966 1.94056 -0.351689</i>
                        <i>1 0 0 0 1 0 0 0 1 -3.10966 1.94067 -0.351689</i>
                        <i>1 0 0 0 1 0 0 0 1 -3.10966 1.94074 -0.351689</i>
                        <i>1 0 0 0 1 0 0 0 1 -3.10966 1.94077 -0.351689</i>
                        <i>1 0 0 0 1 0 0 0 1 -3.10966 1.94076 -0.351689</i>
                        <i>1 0 0 0 1 0 0 0 1 -3.10966 1.94071 -0.351689</i>
                        <i>1 0 0 0 1 0 0 0 1 -3.10966 1.94062 -0.351689</i>
                        <i>1 0 0 0 1 0 0 0 1 -3.10966 1.9405 -0.351689</i>
                        <i>1 0 0 0 1 0 0 0 1 -3.10966 1.94035 -0.351689</i>
                        <i>1 0 0 0 1 0 0 0 1 -3.10966 1.94017 -0.351689</i>
                        <i>1 0 0 0 1 0 0 0 1 -3.10966 1.93996 -0.351689</i>
                        <i>1 0 0 0 1 0 0 0 1 -3.10966 1.93973 -0.351689</i>
                        <i>1 0 0 0 1 0 0 0 1 -3.10966 1.93947 -0.351689</i>
                        <i>1 0 0 0 1 0 0 0 1 -3.10966 1.93919 -0.351689</i>
                        <i>1 0 0 0 1 0 0 0 1 -3.10966 1.93889 -0.351689</i>
                    </KeyFrames>
                </p>
            </i>
            <i>
                <p>
                    <Name><![CDATA[spine0]]></Name>
                    <Exclude>0</Exclude>
                    <Additive>0</Additive>
                    <IKPriority>0</IKPriority>
                    <IKRotLimits>-1e+010 -1e+010 -1e+010 1e+010 1e+010 1e+010</IKRotLimits>
                    <IKRotLimitOrder>0</IKRotLimitOrder>
                    <KeyFrames count="97">
                        <i>-0.081062 0.996234 0.030776 -0.706657 -0.0356693 -0.706657 -0.702898 -0.0790311 0.706887 -3.07579 2.07455 -0.385558</i>
                        <i>-0.0780281 0.996498 0.0300562 -0.706037 -0.033949 -0.707361 -0.703863 -0.0764148 0.706213 -3.07576 2.07392 -0.385526</i>
                        <i>-0.074691 0.996775 0.0293462 -0.705357 -0.0320061 -0.70813 -0.704907 -0.0735904 0.705472 -3.07573 2.07323 -0.385491</i>
                        <i>-0.0711456 0.997053 0.0286851 -0.704635 -0.0298838 -0.70894 -0.705994 -0.0706505 0.704685 -3.07569 2.07248 -0.385454</i>
                        <i>-0.0674892 0.997324 0.028102 -0.703892 -0.0276331 -0.70977 -0.707094 -0.0676826 0.703873 -3.07565 2.07169 -0.385416</i>
                        <i>-0.0638202 0.997579 0.0276157 -0.703144 -0.0253125 -0.710596 -0.708177 -0.0647682 0.703058 -3.07562 2.07089 -0.385379</i>
                        <i>-0.0602374 0.997813 0.0272336 -0.702414 -0.022988 -0.711398 -0.709216 -0.061982 0.702262 -3.07558 2.07009 -0.385342</i>
                        <i>-0.0568397 0.998019 0.0269528 -0.701719 -0.020732 -0.712152 -0.710183 -0.0593919 0.701507 -3.07555 2.06932 -0.385307</i>
                        <i>-0.0537249 0.998197 0.0267613 -0.70108 -0.0186225 -0.712839 -0.711056 -0.057059 0.700817 -3.07551 2.06859 -0.385275</i>
                        <i>-0.0509894 0.998344 0.0266394 -0.700519 -0.0167412 -0.713437 -0.71181 -0.0550392 0.700213 -3.07549 2.06792 -0.385247</i>
                        <i>-0.0487284 0.998459 0.0265629 -0.700056 -0.015172 -0.713927 -0.712423 -0.053384 0.699717 -3.07546 2.06733 -0.385224</i>
                        <i>-0.0470357 0.998541 0.0265058 -0.699713 -0.0139992 -0.714287 -0.712874 -0.0521435 0.699351 -3.07545 2.06684 -0.385207</i>
                        <i>-0.0460051 0.998591 0.0264442 -0.699511 -0.0133055 -0.714498 -0.713139 -0.0513685 0.699138 -3.07544 2.06647 -0.385197</i>
                        <i>-0.0453534 0.998623 0.0263782 -0.69939 -0.012887 -0.714624 -0.7133 -0.0508593 0.699011 -3.07543 2.06618 -0.385191</i>
                        <i>-0.0447351 0.998652 0.0263206 -0.699274 -0.0124864 -0.714745 -0.713453 -0.0503795 0.69889 -3.07543 2.06589 -0.385185</i>
                        <i>-0.0441498 0.998679 0.026271 -0.699163 -0.0121038 -0.71486 -0.713598 -0.0499286 0.698774 -3.07542 2.06562 -0.38518</i>
                        <i>-0.0435971 0.998705 0.0262286 -0.699058 -0.0117394 -0.714968 -0.713735 -0.0495059 0.698665 -3.07542 2.06536 -0.385174</i>
                        <i>-0.0430767 0.998728 0.0261931 -0.698959 -0.0113934 -0.715071 -0.713863 -0.0491108 0.698561 -3.07541 2.06511 -0.385169</i>
                        <i>-0.0425884 0.99875 0.0261638 -0.698865 -0.0110658 -0.715168 -0.713985 -0.0487428 0.698463 -3.07541 2.06487 -0.385165</i>
                        <i>-0.0421317 0.99877 0.0261402 -0.698776 -0.0107568 -0.715259 -0.714098 -0.0484012 0.69837 -3.0754 2.06464 -0.385161</i>
                        <i>-0.0417063 0.998788 0.0261219 -0.698694 -0.0104664 -0.715344 -0.714204 -0.0480856 0.698284 -3.0754 2.06442 -0.385156</i>
                        <i>-0.041312 0.998805 0.0261084 -0.698616 -0.0101948 -0.715424 -0.714303 -0.0477953 0.698203 -3.07539 2.06421 -0.385153</i>
                        <i>-0.0409483 0.99882 0.0260993 -0.698544 -0.00994191 -0.715498 -0.714394 -0.0475299 0.698127 -3.07539 2.06402 -0.385149</i>
                        <i>-0.0406149 0.998834 0.0260941 -0.698478 -0.00970784 -0.715566 -0.714478 -0.0472888 0.698058 -3.07539 2.06384 -0.385146</i>
                        <i>-0.0403115 0.998846 0.0260925 -0.698417 -0.00949261 -0.715629 -0.714555 -0.0470715 0.697994 -3.07539 2.06367 -0.385143</i>
                        <i>-0.0400378 0.998857 0.0260942 -0.698361 -0.00929623 -0.715685 -0.714625 -0.0468776 0.697935 -3.07538 2.06351 -0.38514</i>
                        <i>-0.0397933 0.998867 0.0260986 -0.698311 -0.00911872 -0.715737 -0.714688 -0.0467065 0.697882 -3.07538 2.06337 -0.385138</i>
                        <i>-0.0395779 0.998875 0.0261056 -0.698266 -0.00896005 -0.715783 -0.714744 -0.0465578 0.697835 -3.07538 2.06323 -0.385135</i>
                        <i>-0.0393911 0.998883 0.0261147 -0.698226 -0.00882021 -0.715823 -0.714793 -0.046431 0.697793 -3.07538 2.06311 -0.385134</i>
                        <i>-0.0392325 0.998888 0.0261257 -0.698192 -0.00869917 -0.715858 -0.714835 -0.0463257 0.697757 -3.07537 2.06301 -0.385132</i>
                        <i>-0.0391019 0.998893 0.0261384 -0.698163 -0.00859689 -0.715887 -0.71487 -0.0462414 0.697727 -3.07537 2.06291 -0.38513</i>
                        <i>-0.0389989 0.998897 0.0261523 -0.698139 -0.00851331 -0.715911 -0.714899 -0.0461777 0.697701 -3.07537 2.06283 -0.385129</i>
                        <i>-0.0389232 0.9989 0.0261674 -0.698121 -0.00844837 -0.71593 -0.714921 -0.0461343 0.697682 -3.07537 2.06276 -0.385128</i>
                        <i>-0.0388744 0.998901 0.0261833 -0.698108 -0.008402 -0.715943 -0.714936 -0.0461106 0.697667 -3.07537 2.06271 -0.385128</i>
                        <i>-0.0388522 0.998901 0.0261999 -0.6981 -0.00837412 -0.715951 -0.714945 -0.0461064 0.697658 -3.07537 2.06267 -0.385127</i>
                        <i>-0.0388563 0.998901 0.0262169 -0.698097 -0.00836464 -0.715954 -0.714948 -0.0461213 0.697655 -3.07537 2.06264 -0.385127</i>
                        <i>-0.0388864 0.998899 0.0262341 -0.6981 -0.00837347 -0.715952 -0.714944 -0.0461548 0.697657 -3.07537 2.06263 -0.385127</i>
                        <i>-0.0389421 0.998897 0.0262514 -0.698107 -0.00840049 -0.715944 -0.714933 -0.0462066 0.697664 -3.07537 2.06263 -0.385128</i>
                        <i>-0.039023 0.998893 0.0262686 -0.69812 -0.00844561 -0.715931 -0.714916 -0.0462764 0.697677 -3.07537 2.06264 -0.385128</i>
                        <i>-0.039129 0.998888 0.0262856 -0.698138 -0.00850869 -0.715913 -0.714893 -0.0463639 0.697695 -3.07537 2.06267 -0.385129</i>
                        <i>-0.0392595 0.998883 0.0263022 -0.698161 -0.00858961 -0.71589 -0.714864 -0.0464686 0.697718 -3.07537 2.06272 -0.38513</i>
                        <i>-0.0394144 0.998876 0.0263183 -0.698189 -0.00868823 -0.715861 -0.714828 -0.0465903 0.697746 -3.07537 2.06278 -0.385132</i>
                        <i>-0.0395933 0.998869 0.0263337 -0.698221 -0.00880443 -0.715828 -0.714786 -0.0467287 0.69778 -3.07538 2.06285 -0.385133</i>
                        <i>-0.0397958 0.99886 0.0263485 -0.698259 -0.00893804 -0.715789 -0.714738 -0.0468835 0.697819 -3.07538 2.06294 -0.385135</i>
                        <i>-0.0400218 0.998851 0.0263624 -0.698302 -0.00908893 -0.715746 -0.714684 -0.0470543 0.697863 -3.07538 2.06304 -0.385137</i>
                        <i>-0.0402708 0.998841 0.0263755 -0.69835 -0.00925693 -0.715697 -0.714623 -0.047241 0.697913 -3.07538 2.06316 -0.38514</i>
                        <i>-0.0405425 0.998829 0.0263876 -0.698402 -0.00944187 -0.715643 -0.714556 -0.0474431 0.697967 -3.07538 2.06329 -0.385142</i>
                        <i>-0.0408366 0.998817 0.0263987 -0.69846 -0.0096436 -0.715585 -0.714483 -0.0476605 0.698027 -3.07539 2.06344 -0.385145</i>
                        <i>-0.0411529 0.998804 0.0264088 -0.698522 -0.00986194 -0.715521 -0.714405 -0.0478929 0.698092 -3.07539 2.0636 -0.385148</i>
                        <i>-0.041491 0.99879 0.0264177 -0.698589 -0.0100967 -0.715452 -0.71432 -0.0481399 0.698162 -3.07539 2.06378 -0.385151</i>
                        <i>-0.0418505 0.998774 0.0264256 -0.69866 -0.0103477 -0.715379 -0.714229 -0.0484015 0.698237 -3.0754 2.06398 -0.385155</i>
                        <i>-0.0422313 0.998758 0.0264322 -0.698736 -0.0106148 -0.7153 -0.714132 -0.0486773 0.698317 -3.0754 2.06419 -0.385159</i>
                        <i>-0.042633 0.998741 0.0264378 -0.698817 -0.0108977 -0.715217 -0.714028 -0.048967 0.698402 -3.0754 2.06442 -0.385163</i>
                        <i>-0.0430553 0.998723 0.0264421 -0.698903 -0.0111963 -0.715129 -0.713919 -0.0492706 0.698492 -3.07541 2.06466 -0.385167</i>
                        <i>-0.0434979 0.998703 0.0264453 -0.698993 -0.0115104 -0.715036 -0.713804 -0.0495876 0.698587 -3.07541 2.06492 -0.385171</i>
                        <i>-0.0439605 0.998683 0.0264473 -0.699088 -0.0118397 -0.714938 -0.713683 -0.049918 0.698688 -3.07542 2.0652 -0.385176</i>
                        <i>-0.0444429 0.998662 0.0264481 -0.699187 -0.0121841 -0.714835 -0.713556 -0.0502615 0.698793 -3.07542 2.06549 -0.385181</i>
                        <i>-0.0449446 0.998639 0.0264479 -0.699291 -0.0125433 -0.714727 -0.713423 -0.0506179 0.698903 -3.07543 2.0658 -0.385186</i>
                        <i>-0.0454654 0.998616 0.0264466 -0.699399 -0.0129172 -0.714615 -0.713284 -0.050987 0.699018 -3.07543 2.06613 -0.385191</i>
                        <i>-0.0460051 0.998591 0.0264442 -0.699511 -0.0133055 -0.714498 -0.713139 -0.0513685 0.699138 -3.07544 2.06647 -0.385197</i>
                        <i>-0.0467523 0.998557 0.0264046 -0.699675 -0.0138699 -0.714327 -0.71293 -0.0518711 0.699314 -3.07545 2.06684 -0.385205</i>
                        <i>-0.0478699 0.998507 0.0263063 -0.699928 -0.0147432 -0.714061 -0.712607 -0.0525945 0.699589 -3.07546 2.06724 -0.385217</i>
                        <i>-0.0493184 0.99844 0.0261726 -0.70026 -0.0158808 -0.713711 -0.712182 -0.0535267 0.699951 -3.07547 2.06767 -0.385234</i>
                        <i>-0.0510587 0.998356 0.0260278 -0.700658 -0.0172376 -0.713289 -0.711668 -0.0546562 0.700387 -3.07549 2.06812 -0.385254</i>
                        <i>-0.0530507 0.998256 0.0258961 -0.70111 -0.0187682 -0.712806 -0.711077 -0.0559709 0.700883 -3.07552 2.06859 -0.385276</i>
                        <i>-0.055254 0.998139 0.0258006 -0.701604 -0.0204274 -0.712274 -0.710421 -0.0574577 0.701427 -3.07554 2.06907 -0.385301</i>
                        <i>-0.0576267 0.998006 0.0257623 -0.70213 -0.0221705 -0.711704 -0.709714 -0.0591016 0.702007 -3.07557 2.06957 -0.385327</i>
                        <i>-0.0601263 0.997857 0.0257994 -0.702674 -0.0239543 -0.711109 -0.708967 -0.0608849 0.702609 -3.07559 2.07008 -0.385355</i>
                        <i>-0.0627092 0.997695 0.0259272 -0.703227 -0.0257369 -0.7105 -0.708195 -0.0627875 0.70322 -3.07562 2.07059 -0.385383</i>
                        <i>-0.0653312 0.997521 0.0261567 -0.703777 -0.0274783 -0.70989 -0.707411 -0.0647864 0.703827 -3.07565 2.07111 -0.385411</i>
                        <i>-0.0679477 0.997337 0.0264956 -0.704313 -0.029141 -0.709291 -0.70663 -0.0668559 0.704418 -3.07568 2.07163 -0.385438</i>
                        <i>-0.070514 0.997147 0.0269472 -0.704825 -0.0306897 -0.708717 -0.705868 -0.0689675 0.704978 -3.0757 2.07214 -0.385464</i>
                        <i>-0.0729856 0.996953 0.0275111 -0.705303 -0.0320919 -0.708179 -0.705139 -0.0710905 0.705496 -3.07573 2.07265 -0.385489</i>
                        <i>-0.0753186 0.996761 0.0281835 -0.705735 -0.0333176 -0.707692 -0.704461 -0.0731924 0.705959 -3.07575 2.07315 -0.385511</i>
                        <i>-0.07747 0.996574 0.0289579 -0.706112 -0.0343392 -0.707267 -0.70385 -0.0752395 0.706353 -3.07577 2.07363 -0.38553</i>
                        <i>-0.079398 0.996397 0.0298253 -0.706423 -0.0351311 -0.706918 -0.703323 -0.0771971 0.706667 -3.07578 2.0741 -0.385546</i>
                        <i>-0.081062 0.996234 0.030776 -0.706657 -0.0356693 -0.706657 -0.702898 -0.0790311 0.706887 -3.07579 2.07455 -0.385558</i>
                        <i>-0.082501 0.996085 0.0317637 -0.706831 -0.0360153 -0.706465 -0.702555 -0.0807356 0.707035 -3.0758 2.07495 -0.385566</i>
                        <i>-0.0837795 0.995947 0.0327345 -0.70697 -0.0362557 -0.706314 -0.702264 -0.0823169 0.707142 -3.07581 2.07531 -0.385573</i>
                        <i>-0.0848969 0.995821 0.0336672 -0.707077 -0.036405 -0.706199 -0.702022 -0.0837594 0.707212 -3.07582 2.07561 -0.385579</i>
                        <i>-0.0858519 0.995709 0.0345412 -0.707154 -0.0364769 -0.706118 -0.701828 -0.0850475 0.707251 -3.07582 2.07586 -0.385582</i>
                        <i>-0.0866432 0.995613 0.0353369 -0.707205 -0.0364843 -0.706066 -0.701679 -0.0861663 0.707263 -3.07582 2.07606 -0.385585</i>
                        <i>-0.0872693 0.995533 0.0360352 -0.707232 -0.03644 -0.706042 -0.701575 -0.087101 0.707253 -3.07582 2.07622 -0.385586</i>
                        <i>-0.0877281 0.995471 0.0366175 -0.707238 -0.0363558 -0.70604 -0.701512 -0.0878369 0.707224 -3.07582 2.07633 -0.385586</i>
                        <i>-0.0879733 0.995435 0.0370082 -0.707225 -0.0362524 -0.706059 -0.701494 -0.0882875 0.707186 -3.07582 2.0764 -0.385585</i>
                        <i>-0.0879804 0.995429 0.0371612 -0.707196 -0.0361453 -0.706093 -0.701523 -0.0884026 0.707143 -3.07582 2.07642 -0.385584</i>
                        <i>-0.0877795 0.995449 0.0371029 -0.707153 -0.0360377 -0.706141 -0.70159 -0.0882222 0.707098 -3.07582 2.07641 -0.385582</i>
                        <i>-0.0874012 0.995491 0.0368603 -0.707101 -0.0359328 -0.706199 -0.70169 -0.0877866 0.707053 -3.07582 2.07636 -0.385579</i>
                        <i>-0.0868758 0.995552 0.0364604 -0.707041 -0.0358335 -0.706264 -0.701816 -0.0871362 0.707009 -3.07581 2.07627 -0.385576</i>
                        <i>-0.0862336 0.995627 0.0359302 -0.706977 -0.0357428 -0.706333 -0.701959 -0.0863115 0.706968 -3.07581 2.07615 -0.385573</i>
                        <i>-0.0855054 0.995712 0.0352966 -0.706912 -0.0356641 -0.706402 -0.702114 -0.0853527 0.70693 -3.07581 2.076 -0.38557</i>
                        <i>-0.0847218 0.995804 0.034586 -0.706848 -0.0356009 -0.706469 -0.702273 -0.0843003 0.706899 -3.0758 2.07582 -0.385567</i>
                        <i>-0.0839137 0.995899 0.0338244 -0.706789 -0.0355572 -0.70653 -0.70243 -0.0831943 0.706874 -3.0758 2.07562 -0.385564</i>
                        <i>-0.0831124 0.995992 0.0330375 -0.706738 -0.0355374 -0.706583 -0.702577 -0.0820747 0.706859 -3.0758 2.07538 -0.385561</i>
                        <i>-0.0823491 0.996082 0.0322506 -0.706696 -0.0355461 -0.706623 -0.702708 -0.0809812 0.706854 -3.0758 2.07512 -0.385559</i>
                        <i>-0.0816551 0.996163 0.0314885 -0.706668 -0.0355883 -0.706649 -0.702817 -0.0799535 0.706863 -3.0758 2.07485 -0.385558</i>
                        <i>-0.081062 0.996234 0.030776 -0.706657 -0.0356693 -0.706657 -0.702898 -0.0790311 0.706887 -3.07579 2.07455 -0.385558</i>
                    </KeyFrames>
                </p>
            </i>
            <i>
                <p>
                    <Name><![CDATA[spine1]]></Name>
                    <Exclude>0</Exclude>
                    <Additive>0</Additive>
                    <IKPriority>0</IKPriority>
                    <IKRotLimits>-1e+010 -1e+010 -1e+010 1e+010 1e+010 1e+010</IKRotLimits>
                    <IKRotLimitOrder>0</IKRotLimitOrder>
                    <KeyFrames count="97">
                        <i>-0.333088 0.885131 0.324954 -0.806425 -0.0888393 -0.584624 -0.488601 -0.456783 0.743384 -3.09027 2.25286 -0.380081</i>
                        <i>-0.331589 0.887647 0.319579 -0.799356 -0.0844274 -0.594896 -0.501077 -0.452719 0.737542 -3.08969 2.25222 -0.38018</i>
                        <i>-0.329741 0.890417 0.313733 -0.791458 -0.0795665 -0.606022 -0.51465 -0.448137 0.730964 -3.08906 2.2515 -0.380274</i>
                        <i>-0.327554 0.893359 0.3076 -0.782921 -0.0743897 -0.617658 -0.528908 -0.443143 0.723796 -3.08838 2.25073 -0.380357</i>
                        <i>-0.325058 0.896392 0.301361 -0.773953 -0.0690344 -0.629469 -0.543447 -0.437853 0.716205 -3.08768 2.24991 -0.380426</i>
                        <i>-0.322311 0.899433 0.295189 -0.764784 -0.0636423 -0.641136 -0.557872 -0.432401 0.708384 -3.08698 2.24907 -0.380477</i>
                        <i>-0.319393 0.902399 0.289246 -0.755664 -0.0583591 -0.652354 -0.571804 -0.426931 0.70055 -3.0863 2.24822 -0.38051</i>
                        <i>-0.316409 0.905211 0.283687 -0.746865 -0.0533335 -0.662833 -0.584874 -0.421602 0.692946 -3.08566 2.2474 -0.380527</i>
                        <i>-0.313483 0.907789 0.278652 -0.738675 -0.0487166 -0.672299 -0.596731 -0.416588 0.685833 -3.08507 2.24662 -0.380531</i>
                        <i>-0.310755 0.910058 0.274275 -0.731396 -0.0446608 -0.680489 -0.607035 -0.412068 0.679491 -3.08455 2.24591 -0.380526</i>
                        <i>-0.308375 0.911942 0.270677 -0.72534 -0.0413193 -0.68715 -0.615457 -0.408232 0.67421 -3.08412 2.24528 -0.380518</i>
                        <i>-0.306497 0.913371 0.267979 -0.720821 -0.0388446 -0.692032 -0.621673 -0.40527 0.670283 -3.0838 2.24476 -0.380513</i>
                        <i>-0.305271 0.914273 0.266299 -0.718149 -0.0373885 -0.694884 -0.625357 -0.40337 0.667998 -3.0836 2.24437 -0.380514</i>
                        <i>-0.304437 0.91487 0.265201 -0.716538 -0.0365121 -0.696592 -0.627608 -0.402094 0.666654 -3.08348 2.24406 -0.38052</i>
                        <i>-0.303643 0.915433 0.264166 -0.714997 -0.035676 -0.698217 -0.629746 -0.400886 0.665364 -3.08336 2.24376 -0.380525</i>
                        <i>-0.30289 0.915963 0.263193 -0.713527 -0.0348801 -0.699759 -0.631773 -0.399745 0.664129 -3.08325 2.24347 -0.380529</i>
                        <i>-0.302178 0.91646 0.26228 -0.712129 -0.0341245 -0.701219 -0.633689 -0.39867 0.662949 -3.08315 2.24319 -0.380532</i>
                        <i>-0.301506 0.916925 0.261426 -0.710802 -0.0334089 -0.702599 -0.635496 -0.39766 0.661824 -3.08305 2.24293 -0.380534</i>
                        <i>-0.300875 0.917358 0.26063 -0.709546 -0.0327333 -0.703898 -0.637195 -0.396715 0.660757 -3.08296 2.24268 -0.380535</i>
                        <i>-0.300286 0.917761 0.259891 -0.708363 -0.0320975 -0.705118 -0.638788 -0.395834 0.659746 -3.08287 2.24244 -0.380535</i>
                        <i>-0.299737 0.918133 0.259207 -0.707252 -0.0315014 -0.706259 -0.640275 -0.395017 0.658794 -3.08279 2.24221 -0.380534</i>
                        <i>-0.29923 0.918476 0.258578 -0.706213 -0.0309449 -0.707323 -0.641658 -0.394263 0.657899 -3.08272 2.242 -0.380533</i>
                        <i>-0.298763 0.91879 0.258001 -0.705246 -0.0304279 -0.708309 -0.642937 -0.393571 0.657064 -3.08265 2.24179 -0.380531</i>
                        <i>-0.298337 0.919076 0.257477 -0.704351 -0.0299501 -0.709219 -0.644115 -0.392941 0.656287 -3.08259 2.2416 -0.380529</i>
                        <i>-0.297952 0.919333 0.257004 -0.703529 -0.0295115 -0.710054 -0.645191 -0.392372 0.65557 -3.08253 2.24143 -0.380527</i>
                        <i>-0.297607 0.919563 0.256582 -0.702779 -0.0291119 -0.710813 -0.646167 -0.391863 0.654913 -3.08248 2.24126 -0.380524</i>
                        <i>-0.297301 0.919766 0.256208 -0.702101 -0.0287512 -0.711497 -0.647045 -0.391413 0.654316 -3.08243 2.24111 -0.380521</i>
                        <i>-0.297035 0.919943 0.255882 -0.701495 -0.0284291 -0.712108 -0.647824 -0.391021 0.653779 -3.08239 2.24098 -0.380518</i>
                        <i>-0.296808 0.920093 0.255603 -0.70096 -0.0281455 -0.712645 -0.648505 -0.390687 0.653303 -3.08236 2.24085 -0.380514</i>
                        <i>-0.29662 0.920219 0.255371 -0.700498 -0.0279003 -0.713109 -0.649091 -0.390409 0.652887 -3.08233 2.24074 -0.380511</i>
                        <i>-0.29647 0.920319 0.255184 -0.700107 -0.0276932 -0.713501 -0.649581 -0.390188 0.652532 -3.0823 2.24064 -0.380507</i>
                        <i>-0.296357 0.920395 0.255042 -0.699788 -0.0275241 -0.71382 -0.649977 -0.390021 0.652238 -3.08228 2.24056 -0.380503</i>
                        <i>-0.296282 0.920446 0.254943 -0.699539 -0.0273928 -0.714069 -0.650278 -0.389908 0.652004 -3.08227 2.24049 -0.3805</i>
                        <i>-0.296242 0.920474 0.254887 -0.699362 -0.0272991 -0.714246 -0.650487 -0.389848 0.651832 -3.08226 2.24044 -0.380496</i>
                        <i>-0.296239 0.920479 0.254874 -0.699255 -0.0272428 -0.714353 -0.650604 -0.389841 0.65172 -3.08225 2.2404 -0.380493</i>
                        <i>-0.29627 0.920462 0.254901 -0.699218 -0.0272237 -0.71439 -0.650629 -0.389884 0.651669 -3.08226 2.24037 -0.38049</i>
                        <i>-0.296336 0.920421 0.25497 -0.699251 -0.0272417 -0.714357 -0.650564 -0.389977 0.651678 -3.08226 2.24036 -0.380487</i>
                        <i>-0.296435 0.920359 0.255078 -0.699354 -0.0272965 -0.714254 -0.650408 -0.39012 0.651748 -3.08227 2.24036 -0.380484</i>
                        <i>-0.296567 0.920276 0.255225 -0.699525 -0.027388 -0.714083 -0.650163 -0.39031 0.651879 -3.08229 2.24038 -0.380482</i>
                        <i>-0.296731 0.920172 0.255411 -0.699766 -0.0275158 -0.713842 -0.64983 -0.390547 0.652069 -3.08231 2.24041 -0.380479</i>
                        <i>-0.296926 0.920047 0.255634 -0.700074 -0.0276799 -0.713533 -0.649408 -0.39083 0.65232 -3.08233 2.24046 -0.380478</i>
                        <i>-0.297152 0.919901 0.255895 -0.700451 -0.02788 -0.713156 -0.648899 -0.391158 0.65263 -3.08236 2.24052 -0.380476</i>
                        <i>-0.297407 0.919736 0.256193 -0.700894 -0.0281159 -0.712711 -0.648303 -0.391529 0.653 -3.08239 2.2406 -0.380475</i>
                        <i>-0.29769 0.919551 0.256526 -0.701405 -0.0283874 -0.712198 -0.64762 -0.391943 0.653428 -3.08243 2.24069 -0.380474</i>
                        <i>-0.298001 0.919348 0.256895 -0.701981 -0.0286943 -0.711617 -0.646852 -0.392398 0.653916 -3.08247 2.2408 -0.380473</i>
                        <i>-0.298338 0.919125 0.257299 -0.702623 -0.0290363 -0.710969 -0.645999 -0.392893 0.654462 -3.08252 2.24092 -0.380473</i>
                        <i>-0.298701 0.918885 0.257737 -0.703331 -0.0294133 -0.710254 -0.645061 -0.393428 0.655066 -3.08257 2.24106 -0.380473</i>
                        <i>-0.299089 0.918626 0.258208 -0.704103 -0.029825 -0.709471 -0.644038 -0.394 0.655728 -3.08263 2.24122 -0.380474</i>
                        <i>-0.2995 0.91835 0.258713 -0.704938 -0.0302711 -0.708622 -0.642932 -0.394609 0.656447 -3.08269 2.24139 -0.380475</i>
                        <i>-0.299934 0.918057 0.25925 -0.705837 -0.0307515 -0.707706 -0.641742 -0.395253 0.657223 -3.08275 2.24158 -0.380476</i>
                        <i>-0.300389 0.917748 0.259819 -0.706799 -0.031266 -0.706723 -0.64047 -0.395932 0.658055 -3.08282 2.24178 -0.380478</i>
                        <i>-0.300864 0.917421 0.26042 -0.707822 -0.0318143 -0.705674 -0.639115 -0.396643 0.658943 -3.08289 2.242 -0.380481</i>
                        <i>-0.301359 0.917079 0.261052 -0.708907 -0.0323961 -0.704558 -0.637678 -0.397386 0.659887 -3.08297 2.24224 -0.380483</i>
                        <i>-0.301872 0.916722 0.261714 -0.710052 -0.0330112 -0.703375 -0.63616 -0.39816 0.660885 -3.08305 2.24249 -0.380486</i>
                        <i>-0.302403 0.916349 0.262406 -0.711257 -0.0336595 -0.702126 -0.63456 -0.398963 0.661938 -3.08313 2.24276 -0.38049</i>
                        <i>-0.302949 0.915962 0.263128 -0.71252 -0.0343406 -0.700811 -0.63288 -0.399794 0.663045 -3.08322 2.24305 -0.380494</i>
                        <i>-0.30351 0.91556 0.263878 -0.713842 -0.0350543 -0.699429 -0.631119 -0.400651 0.664205 -3.08331 2.24335 -0.380498</i>
                        <i>-0.304085 0.915144 0.264657 -0.715222 -0.0358003 -0.69798 -0.629278 -0.401534 0.665417 -3.0834 2.24367 -0.380503</i>
                        <i>-0.304672 0.914715 0.265464 -0.716658 -0.0365785 -0.696465 -0.627357 -0.40244 0.666682 -3.0835 2.24401 -0.380509</i>
                        <i>-0.305271 0.914273 0.266299 -0.718149 -0.0373885 -0.694884 -0.625357 -0.40337 0.667998 -3.0836 2.24437 -0.380514</i>
                        <i>-0.306027 0.913697 0.267405 -0.720316 -0.0385673 -0.692573 -0.622489 -0.404562 0.669953 -3.08375 2.24475 -0.380529</i>
                        <i>-0.307065 0.912879 0.269004 -0.723665 -0.0403959 -0.688968 -0.618078 -0.406227 0.673022 -3.08396 2.24517 -0.380558</i>
                        <i>-0.308342 0.91184 0.27106 -0.728025 -0.04279 -0.684214 -0.612295 -0.40831 0.677036 -3.08423 2.24561 -0.380598</i>
                        <i>-0.309817 0.910599 0.273537 -0.733222 -0.045665 -0.678454 -0.605309 -0.41076 0.68182 -3.08457 2.24609 -0.380643</i>
                        <i>-0.311446 0.909178 0.2764 -0.739086 -0.0489357 -0.671832 -0.597289 -0.413522 0.687201 -3.08495 2.24658 -0.380688</i>
                        <i>-0.313189 0.907596 0.279612 -0.745445 -0.0525174 -0.664495 -0.588408 -0.416548 0.693011 -3.08537 2.24709 -0.380729</i>
