<?xml version="1.0" encoding="ISO-8859-1" ?>
<Animl Version="1">
    <ModellingPackage><![CDATA[Maya.2010]]></ModellingPackage>
    <SrcFile><![CDATA[anims\turrets\artillery\red\~src\artillery_scud\artillery_scud_fire_crewman_b.mb]]></SrcFile>
    <FramesPerSecond>30</FramesPerSecond>
    <TotalFrames>117</TotalFrames>
    <Skeleton>
        <RefFrame>
            <Name><![CDATA[soldier_ref_frame]]></Name>
            <Exclude>0</Exclude>
            <Additive>0</Additive>
            <IKPriority>0</IKPriority>
            <IKRotLimits>-1e+010 -1e+010 -1e+010 1e+010 1e+010 1e+010</IKRotLimits>
            <IKRotLimitOrder>0</IKRotLimitOrder>
            <KeyFrames count="117">
                <i>1 0 0 0 1 0 0 0 1 2.41041 1.34485 -0.373551</i>
                <i>1 0 0 0 1 0 0 0 1 2.41041 1.34485 -0.373551</i>
                <i>1 0 0 0 1 0 0 0 1 2.41041 1.34485 -0.373551</i>
                <i>1 0 0 0 1 0 0 0 1 2.41041 1.34485 -0.373551</i>
                <i>1 0 0 0 1 0 0 0 1 2.41041 1.34485 -0.373551</i>
                <i>1 0 0 0 1 0 0 0 1 2.41041 1.34485 -0.373551</i>
                <i>1 0 0 0 1 0 0 0 1 2.41041 1.34485 -0.373551</i>
                <i>1 0 0 0 1 0 0 0 1 2.41041 1.34485 -0.373551</i>
                <i>1 0 0 0 1 0 0 0 1 2.41041 1.34485 -0.373551</i>
                <i>1 0 0 0 1 0 0 0 1 2.41041 1.34485 -0.373551</i>
                <i>1 0 0 0 1 0 0 0 1 2.41041 1.34485 -0.373551</i>
                <i>1 0 0 0 1 0 0 0 1 2.41041 1.34485 -0.373551</i>
                <i>1 0 0 0 1 0 0 0 1 2.41041 1.34485 -0.373551</i>
                <i>1 0 0 0 1 0 0 0 1 2.41041 1.34485 -0.373551</i>
                <i>1 0 0 0 1 0 0 0 1 2.41041 1.34485 -0.373551</i>
                <i>1 0 0 0 1 0 0 0 1 2.41041 1.34485 -0.373551</i>
                <i>1 0 0 0 1 0 0 0 1 2.41041 1.34485 -0.373551</i>
                <i>1 0 0 0 1 0 0 0 1 2.41041 1.34485 -0.373551</i>
                <i>1 0 0 0 1 0 0 0 1 2.41041 1.34485 -0.373551</i>
                <i>1 0 0 0 1 0 0 0 1 2.41041 1.34485 -0.373551</i>
                <i>1 0 0 0 1 0 0 0 1 2.41041 1.34485 -0.373551</i>
                <i>1 0 0 0 1 0 0 0 1 2.41041 1.34485 -0.373551</i>
                <i>1 0 0 0 1 0 0 0 1 2.41041 1.34485 -0.373551</i>
                <i>1 0 0 0 1 0 0 0 1 2.41041 1.34485 -0.373551</i>
                <i>1 0 0 0 1 0 0 0 1 2.41041 1.34485 -0.373551</i>
                <i>1 0 0 0 1 0 0 0 1 2.41041 1.34485 -0.373551</i>
                <i>1 0 0 0 1 0 0 0 1 2.41041 1.34485 -0.373551</i>
                <i>1 0 0 0 1 0 0 0 1 2.41041 1.34485 -0.373551</i>
                <i>1 0 0 0 1 0 0 0 1 2.41041 1.34485 -0.373551</i>
                <i>1 0 0 0 1 0 0 0 1 2.41041 1.34485 -0.373551</i>
                <i>1 0 0 0 1 0 0 0 1 2.41041 1.34485 -0.373551</i>
                <i>1 0 0 0 1 0 0 0 1 2.41041 1.34485 -0.373551</i>
                <i>1 0 0 0 1 0 0 0 1 2.41041 1.34485 -0.373551</i>
                <i>1 0 0 0 1 0 0 0 1 2.41041 1.34485 -0.373551</i>
                <i>1 0 0 0 1 0 0 0 1 2.41041 1.34485 -0.373551</i>
                <i>1 0 0 0 1 0 0 0 1 2.41041 1.34485 -0.373551</i>
                <i>1 0 0 0 1 0 0 0 1 2.41041 1.34485 -0.373551</i>
                <i>1 0 0 0 1 0 0 0 1 2.41041 1.34485 -0.373551</i>
                <i>1 0 0 0 1 0 0 0 1 2.41041 1.34485 -0.373551</i>
                <i>1 0 0 0 1 0 0 0 1 2.41041 1.34485 -0.373551</i>
                <i>1 0 0 0 1 0 0 0 1 2.41041 1.34485 -0.373551</i>
                <i>1 0 0 0 1 0 0 0 1 2.41041 1.34485 -0.373551</i>
                <i>1 0 0 0 1 0 0 0 1 2.41041 1.34485 -0.373551</i>
                <i>1 0 0 0 1 0 0 0 1 2.41041 1.34485 -0.373551</i>
                <i>1 0 0 0 1 0 0 0 1 2.41041 1.34485 -0.373551</i>
                <i>1 0 0 0 1 0 0 0 1 2.41041 1.34485 -0.373551</i>
                <i>1 0 0 0 1 0 0 0 1 2.41041 1.34485 -0.373551</i>
                <i>1 0 0 0 1 0 0 0 1 2.41041 1.34485 -0.373551</i>
                <i>1 0 0 0 1 0 0 0 1 2.41041 1.34485 -0.373551</i>
                <i>1 0 0 0 1 0 0 0 1 2.41041 1.34485 -0.373551</i>
                <i>1 0 0 0 1 0 0 0 1 2.41041 1.34485 -0.373551</i>
                <i>1 0 0 0 1 0 0 0 1 2.41041 1.34485 -0.373551</i>
                <i>1 0 0 0 1 0 0 0 1 2.41041 1.34485 -0.373551</i>
                <i>1 0 0 0 1 0 0 0 1 2.41041 1.34485 -0.373551</i>
                <i>1 0 0 0 1 0 0 0 1 2.41041 1.34485 -0.373551</i>
                <i>1 0 0 0 1 0 0 0 1 2.41041 1.34485 -0.373551</i>
                <i>1 0 0 0 1 0 0 0 1 2.41041 1.34485 -0.373551</i>
                <i>1 0 0 0 1 0 0 0 1 2.41041 1.34485 -0.373551</i>
                <i>1 0 0 0 1 0 0 0 1 2.41041 1.34485 -0.373551</i>
                <i>1 0 0 0 1 0 0 0 1 2.41041 1.34485 -0.373551</i>
                <i>1 0 0 0 1 0 0 0 1 2.41041 1.34485 -0.373551</i>
                <i>1 0 0 0 1 0 0 0 1 2.41041 1.34485 -0.373551</i>
                <i>1 0 0 0 1 0 0 0 1 2.41041 1.34485 -0.373551</i>
                <i>1 0 0 0 1 0 0 0 1 2.41041 1.34485 -0.373551</i>
                <i>1 0 0 0 1 0 0 0 1 2.41041 1.34485 -0.373551</i>
                <i>1 0 0 0 1 0 0 0 1 2.41041 1.34485 -0.373551</i>
                <i>1 0 0 0 1 0 0 0 1 2.41041 1.34485 -0.373551</i>
                <i>1 0 0 0 1 0 0 0 1 2.41041 1.34485 -0.373551</i>
                <i>1 0 0 0 1 0 0 0 1 2.41041 1.34485 -0.373551</i>
                <i>1 0 0 0 1 0 0 0 1 2.41041 1.34485 -0.373551</i>
                <i>1 0 0 0 1 0 0 0 1 2.41041 1.34485 -0.373551</i>
                <i>1 0 0 0 1 0 0 0 1 2.41041 1.34485 -0.373551</i>
                <i>1 0 0 0 1 0 0 0 1 2.41041 1.34485 -0.373551</i>
                <i>1 0 0 0 1 0 0 0 1 2.41041 1.34485 -0.373551</i>
                <i>1 0 0 0 1 0 0 0 1 2.41041 1.34485 -0.373551</i>
                <i>1 0 0 0 1 0 0 0 1 2.41041 1.34485 -0.373551</i>
                <i>1 0 0 0 1 0 0 0 1 2.41041 1.34485 -0.373551</i>
                <i>1 0 0 0 1 0 0 0 1 2.41041 1.34485 -0.373551</i>
                <i>1 0 0 0 1 0 0 0 1 2.41041 1.34485 -0.373551</i>
                <i>1 0 0 0 1 0 0 0 1 2.41041 1.34485 -0.373551</i>
                <i>1 0 0 0 1 0 0 0 1 2.41041 1.34485 -0.373551</i>
                <i>1 0 0 0 1 0 0 0 1 2.41041 1.34485 -0.373551</i>
                <i>1 0 0 0 1 0 0 0 1 2.41041 1.34485 -0.373551</i>
                <i>1 0 0 0 1 0 0 0 1 2.41041 1.34485 -0.373551</i>
                <i>1 0 0 0 1 0 0 0 1 2.41041 1.34485 -0.373551</i>
                <i>1 0 0 0 1 0 0 0 1 2.41041 1.34485 -0.373551</i>
                <i>1 0 0 0 1 0 0 0 1 2.41041 1.34485 -0.373551</i>
                <i>1 0 0 0 1 0 0 0 1 2.41041 1.34485 -0.373551</i>
                <i>1 0 0 0 1 0 0 0 1 2.41041 1.34485 -0.373551</i>
                <i>1 0 0 0 1 0 0 0 1 2.41041 1.34485 -0.373551</i>
                <i>1 0 0 0 1 0 0 0 1 2.41041 1.34485 -0.373551</i>
                <i>1 0 0 0 1 0 0 0 1 2.41041 1.34485 -0.373551</i>
                <i>1 0 0 0 1 0 0 0 1 2.41041 1.34485 -0.373551</i>
                <i>1 0 0 0 1 0 0 0 1 2.41041 1.34485 -0.373551</i>
                <i>1 0 0 0 1 0 0 0 1 2.41041 1.34485 -0.373551</i>
                <i>1 0 0 0 1 0 0 0 1 2.41041 1.34485 -0.373551</i>
                <i>1 0 0 0 1 0 0 0 1 2.41041 1.34485 -0.373551</i>
                <i>1 0 0 0 1 0 0 0 1 2.41041 1.34485 -0.373551</i>
                <i>1 0 0 0 1 0 0 0 1 2.41041 1.34485 -0.373551</i>
                <i>1 0 0 0 1 0 0 0 1 2.41041 1.34485 -0.373551</i>
                <i>1 0 0 0 1 0 0 0 1 2.41041 1.34485 -0.373551</i>
                <i>1 0 0 0 1 0 0 0 1 2.41041 1.34485 -0.373551</i>
                <i>1 0 0 0 1 0 0 0 1 2.41041 1.34485 -0.373551</i>
                <i>1 0 0 0 1 0 0 0 1 2.41041 1.34485 -0.373551</i>
                <i>1 0 0 0 1 0 0 0 1 2.41041 1.34485 -0.373551</i>
                <i>1 0 0 0 1 0 0 0 1 2.41041 1.34485 -0.373551</i>
                <i>1 0 0 0 1 0 0 0 1 2.41041 1.34485 -0.373551</i>
                <i>1 0 0 0 1 0 0 0 1 2.41041 1.34485 -0.373551</i>
                <i>1 0 0 0 1 0 0 0 1 2.41041 1.34485 -0.373551</i>
                <i>1 0 0 0 1 0 0 0 1 2.41041 1.34485 -0.373551</i>
                <i>1 0 0 0 1 0 0 0 1 2.41041 1.34485 -0.373551</i>
                <i>1 0 0 0 1 0 0 0 1 2.41041 1.34485 -0.373551</i>
                <i>1 0 0 0 1 0 0 0 1 2.41041 1.34485 -0.373551</i>
                <i>1 0 0 0 1 0 0 0 1 2.41041 1.34485 -0.373551</i>
                <i>1 0 0 0 1 0 0 0 1 2.41041 1.34485 -0.373551</i>
                <i>1 0 0 0 1 0 0 0 1 2.41041 1.34485 -0.373551</i>
                <i>1 0 0 0 1 0 0 0 1 2.41041 1.34485 -0.373551</i>
            </KeyFrames>
        </RefFrame>
        <Bones count="23">
            <i>
                <p>
                    <Name><![CDATA[pelvis]]></Name>
                    <Exclude>0</Exclude>
                    <Additive>0</Additive>
                    <IKPriority>0</IKPriority>
                    <IKRotLimits>-1e+010 -1e+010 -1e+010 1e+010 1e+010 1e+010</IKRotLimits>
                    <IKRotLimitOrder>2</IKRotLimitOrder>
                    <KeyFrames count="117">
                        <i>1 0 0 0 1 0 0 0 1 2.41041 1.91524 -0.373551</i>
                        <i>1 0 0 0 1 0 0 0 1 2.33313 2.01799 -0.475581</i>
                        <i>1 0 0 0 1 0 0 0 1 2.39315 2.18869 -0.513911</i>
                        <i>1 0 0 0 1 0 0 0 1 2.91775 2.37148 -0.3371</i>
                        <i>1 0 0 0 1 0 0 0 1 3.47437 2.45894 -0.144675</i>
                        <i>1 0 0 0 1 0 0 0 1 3.72342 2.4969 -0.0899774</i>
                        <i>1 0 0 0 1 0 0 0 1 3.87888 2.49183 -0.0780215</i>
                        <i>1 0 0 0 1 0 0 0 1 4.04336 2.39782 -0.0716624</i>
                        <i>1 0 0 0 1 0 0 0 1 4.27523 2.30387 -0.0646165</i>
                        <i>1 0 0 0 1 0 0 0 1 4.49029 2.20818 -0.0649628</i>
                        <i>1 0 0 0 1 0 0 0 1 4.6309 2.18845 -0.0657767</i>
                        <i>1 0 0 0 1 0 0 0 1 4.72161 2.18321 -0.0670301</i>
                        <i>1 0 0 0 1 0 0 0 1 4.76026 2.1659 -0.0616321</i>
                        <i>1 0 0 0 1 0 0 0 1 4.76936 2.1095 -0.063847</i>
                        <i>1 0 0 0 1 0 0 0 1 4.77896 1.99009 -0.0816117</i>
                        <i>1 0 0 0 1 0 0 0 1 4.78672 1.84824 -0.103505</i>
                        <i>1 0 0 0 1 0 0 0 1 4.79301 1.69894 -0.127229</i>
                        <i>1 0 0 0 1 0 0 0 1 4.79819 1.55689 -0.15048</i>
                        <i>1 0 0 0 1 0 0 0 1 4.80265 1.43786 -0.170997</i>
                        <i>1 0 0 0 1 0 0 0 1 4.80686 1.36038 -0.186605</i>
                        <i>1 0 0 0 1 0 0 0 1 4.81089 1.3244 -0.195424</i>
                        <i>1 0 0 0 1 0 0 0 1 4.81459 1.32974 -0.19898</i>
                        <i>1 0 0 0 1 0 0 0 1 4.8183 1.39688 -0.200514</i>
                        <i>1 0 0 0 1 0 0 0 1 4.82246 1.44092 -0.203389</i>
                        <i>1 0 0 0 1 0 0 0 1 4.82732 1.43347 -0.208332</i>
                        <i>1 0 0 0 1 0 0 0 1 4.83261 1.41365 -0.213618</i>
                        <i>1 0 0 0 1 0 0 0 1 4.83798 1.39153 -0.218911</i>
                        <i>1 0 0 0 1 0 0 0 1 4.84307 1.3772 -0.223875</i>
                        <i>1 0 0 0 1 0 0 0 1 4.84796 1.37266 -0.228682</i>
                        <i>1 0 0 0 1 0 0 0 1 4.85285 1.3721 -0.233539</i>
                        <i>1 0 0 0 1 0 0 0 1 4.85759 1.3738 -0.238163</i>
                        <i>1 0 0 0 1 0 0 0 1 4.862 1.37606 -0.242269</i>
                        <i>1 0 0 0 1 0 0 0 1 4.86591 1.3772 -0.245572</i>
                        <i>1 0 0 0 1 0 0 0 1 4.8695 1.3772 -0.247879</i>
                        <i>1 0 0 0 1 0 0 0 1 4.87286 1.3772 -0.249379</i>
                        <i>1 0 0 0 1 0 0 0 1 4.87577 1.3772 -0.250364</i>
                        <i>1 0 0 0 1 0 0 0 1 4.87796 1.3772 -0.251123</i>
                        <i>1 0 0 0 1 0 0 0 1 4.87919 1.3772 -0.251949</i>
                        <i>1 0 0 0 1 0 0 0 1 4.87966 1.3772 -0.252613</i>
                        <i>1 0 0 0 1 0 0 0 1 4.87979 1.3772 -0.252799</i>
                        <i>1 0 0 0 1 0 0 0 1 4.8797 1.3772 -0.252666</i>
                        <i>1 0 0 0 1 0 0 0 1 4.87949 1.3772 -0.252374</i>
                        <i>1 0 0 0 1 0 0 0 1 4.87929 1.3772 -0.252082</i>
                        <i>1 0 0 0 1 0 0 0 1 4.87919 1.3772 -0.251949</i>
                        <i>1 0 0 0 1 0 0 0 1 4.87919 1.3772 -0.251949</i>
                        <i>1 0 0 0 1 0 0 0 1 4.87919 1.3772 -0.251949</i>
                        <i>1 0 0 0 1 0 0 0 1 4.87919 1.3772 -0.251949</i>
                        <i>1 0 0 0 1 0 0 0 1 4.87919 1.3772 -0.251949</i>
                        <i>1 0 0 0 1 0 0 0 1 4.87919 1.3772 -0.251949</i>
                        <i>1 0 0 0 1 0 0 0 1 4.87919 1.3772 -0.251949</i>
                        <i>1 0 0 0 1 0 0 0 1 4.87919 1.3772 -0.251949</i>
                        <i>1 0 0 0 1 0 0 0 1 4.87919 1.3772 -0.251949</i>
                        <i>1 0 0 0 1 0 0 0 1 4.87919 1.3772 -0.251949</i>
                        <i>1 0 0 0 1 0 0 0 1 4.87919 1.3772 -0.251949</i>
                        <i>1 0 0 0 1 0 0 0 1 4.87919 1.3772 -0.251949</i>
                        <i>1 0 0 0 1 0 0 0 1 4.87919 1.3772 -0.251949</i>
                        <i>1 0 0 0 1 0 0 0 1 4.87919 1.3772 -0.251949</i>
                        <i>1 0 0 0 1 0 0 0 1 4.87919 1.3772 -0.251949</i>
                        <i>1 0 0 0 1 0 0 0 1 4.87919 1.3772 -0.251949</i>
                        <i>1 0 0 0 1 0 0 0 1 4.87919 1.3772 -0.251949</i>
                        <i>1 0 0 0 1 0 0 0 1 4.87919 1.3772 -0.251949</i>
                        <i>1 0 0 0 1 0 0 0 1 4.87919 1.3772 -0.251949</i>
                        <i>1 0 0 0 1 0 0 0 1 4.87919 1.3772 -0.251949</i>
                        <i>1 0 0 0 1 0 0 0 1 4.87919 1.3772 -0.251949</i>
                        <i>1 0 0 0 1 0 0 0 1 4.87919 1.3772 -0.251949</i>
                        <i>1 0 0 0 1 0 0 0 1 4.87919 1.3772 -0.251949</i>
                        <i>1 0 0 0 1 0 0 0 1 4.87919 1.3772 -0.251949</i>
                        <i>1 0 0 0 1 0 0 0 1 4.87919 1.3772 -0.251949</i>
                        <i>1 0 0 0 1 0 0 0 1 4.87919 1.3772 -0.251949</i>
                        <i>1 0 0 0 1 0 0 0 1 4.87919 1.3772 -0.251949</i>
                        <i>1 0 0 0 1 0 0 0 1 4.87919 1.3772 -0.251949</i>
                        <i>1 0 0 0 1 0 0 0 1 4.87919 1.3772 -0.251949</i>
                        <i>1 0 0 0 1 0 0 0 1 4.88025 1.37473 -0.249184</i>
                        <i>1 0 0 0 1 0 0 0 1 4.87919 1.3772 -0.251949</i>
                        <i>1 0 0 0 1 0 0 0 1 4.88075 1.38525 -0.264679</i>
                        <i>1 0 0 0 1 0 0 0 1 4.8905 1.39092 -0.279993</i>
                        <i>1 0 0 0 1 0 0 0 1 4.90337 1.39601 -0.296755</i>
                        <i>1 0 0 0 1 0 0 0 1 4.91428 1.40232 -0.313829</i>
                        <i>1 0 0 0 1 0 0 0 1 4.91816 1.41163 -0.330081</i>
                        <i>1 0 0 0 1 0 0 0 1 4.90995 1.42576 -0.344374</i>
                        <i>1 0 0 0 1 0 0 0 1 4.88458 1.4465 -0.355573</i>
                        <i>1 0 0 0 1 0 0 0 1 4.83697 1.47565 -0.362542</i>
                        <i>1 0 0 0 1 0 0 0 1 4.76773 1.51205 -0.364539</i>
                        <i>1 0 0 0 1 0 0 0 1 4.6828 1.55302 -0.362347</i>
                        <i>1 0 0 0 1 0 0 0 1 4.58512 1.59808 -0.357121</i>
                        <i>1 0 0 0 1 0 0 0 1 4.47765 1.64677 -0.350015</i>
                        <i>1 0 0 0 1 0 0 0 1 4.36331 1.6986 -0.342182</i>
                        <i>1 0 0 0 1 0 0 0 1 4.24505 1.75311 -0.334776</i>
                        <i>1 0 0 0 1 0 0 0 1 4.12582 1.80981 -0.328953</i>
                        <i>1 0 0 0 1 0 0 0 1 4.00855 1.86824 -0.325865</i>
                        <i>1 0 0 0 1 0 0 0 1 3.8962 1.92791 -0.326666</i>
                        <i>1 0 0 0 1 0 0 0 1 3.79169 1.98835 -0.332512</i>
                        <i>1 0 0 0 1 0 0 0 1 3.69202 2.06262 -0.354177</i>
                        <i>1 0 0 0 1 0 0 0 1 3.59427 2.1542 -0.393338</i>
                        <i>1 0 0 0 1 0 0 0 1 3.50151 2.24834 -0.437675</i>
                        <i>1 0 0 0 1 0 0 0 1 3.41675 2.33038 -0.475173</i>
                        <i>1 0 0 0 1 0 0 0 1 3.34295 2.38568 -0.493825</i>
                        <i>1 0 0 0 1 0 0 0 1 3.28632 2.40577 -0.487108</i>
                        <i>1 0 0 0 1 0 0 0 1 3.24499 2.40001 -0.460955</i>
                        <i>1 0 0 0 1 0 0 0 1 3.20951 2.3805 -0.423222</i>
                        <i>1 0 0 0 1 0 0 0 1 3.17043 2.36003 -0.385186</i>
                        <i>1 0 0 0 1 0 0 0 1 3.11916 2.3523 -0.360809</i>
                        <i>1 0 0 0 1 0 0 0 1 3.0516 2.36137 -0.354539</i>
                        <i>1 0 0 0 1 0 0 0 1 2.97306 2.3788 -0.357057</i>
                        <i>1 0 0 0 1 0 0 0 1 2.88988 2.3997 -0.362038</i>
                        <i>1 0 0 0 1 0 0 0 1 2.80936 2.41899 -0.365147</i>
                        <i>1 0 0 0 1 0 0 0 1 2.73916 2.43135 -0.365037</i>
                        <i>1 0 0 0 1 0 0 0 1 2.67895 2.44283 -0.360966</i>
                        <i>1 0 0 0 1 0 0 0 1 2.62365 2.45671 -0.355024</i>
                        <i>1 0 0 0 1 0 0 0 1 2.57364 2.4635 -0.35052</i>
                        <i>1 0 0 0 1 0 0 0 1 2.52962 2.45379 -0.348917</i>
                        <i>1 0 0 0 1 0 0 0 1 2.49238 2.41822 -0.350016</i>
                        <i>1 0 0 0 1 0 0 0 1 2.46464 2.34897 -0.352684</i>
                        <i>1 0 0 0 1 0 0 0 1 2.44616 2.2523 -0.356096</i>
                        <i>1 0 0 0 1 0 0 0 1 2.43324 2.13994 -0.360055</i>
                        <i>1 0 0 0 1 0 0 0 1 2.42237 2.02367 -0.365317</i>
                        <i>1 0 0 0 1 0 0 0 1 2.41041 1.91524 -0.373551</i>
                    </KeyFrames>
                </p>
            </i>
            <i>
                <p>
                    <Name><![CDATA[spine0]]></Name>
                    <Exclude>0</Exclude>
                    <Additive>0</Additive>
                    <IKPriority>0</IKPriority>
                    <IKRotLimits>-1e+010 -1e+010 -1e+010 1e+010 1e+010 1e+010</IKRotLimits>
                    <IKRotLimitOrder>0</IKRotLimitOrder>
                    <KeyFrames count="117">
                        <i>-0.0731994 0.997231 -0.0131051 -0.341671 -0.0374204 -0.939074 -0.936965 -0.064262 0.343464 2.45542 2.05089 -0.389928</i>
                        <i>-0.202003 0.977793 -0.0558169 -0.351631 -0.1256 -0.927675 -0.914084 -0.167766 0.369194 2.36807 2.15484 -0.5029</i>
                        <i>-0.283428 0.941674 -0.181435 0.08271 -0.164485 -0.982906 -0.95542 -0.293589 -0.0312663 2.42973 2.32734 -0.525547</i>
                        <i>-0.300748 0.937463 -0.175254 0.0340298 -0.173096 -0.984317 -0.953096 -0.301996 0.0201568 2.9802 2.50051 -0.349304</i>
                        <i>-0.335447 0.939191 -0.0734584 -0.131877 -0.124024 -0.983477 -0.932783 -0.320217 0.165461 3.56046 2.57143 -0.169817</i>
                        <i>-0.266256 0.96369 -0.0202243 -0.16477 -0.0661769 -0.984109 -0.949715 -0.258693 0.176408 3.81537 2.60403 -0.117621</i>
                        <i>-0.150914 0.988375 0.0184564 -0.181299 -0.00931936 -0.983384 -0.971779 -0.151753 0.180598 3.97191 2.59814 -0.105237</i>
                        <i>-0.0614652 0.996638 0.054167 -0.200846 0.0408093 -0.978772 -0.977693 -0.0710397 0.197663 4.13676 2.50415 -0.0974509</i>
                        <i>-0.0338721 0.994585 0.0982496 -0.234801 0.0876353 -0.968085 -0.971453 -0.0558602 0.230561 4.3679 2.41155 -0.0872672</i>
                        <i>-0.0238991 0.989544 0.142239 -0.255724 0.131495 -0.957765 -0.966454 -0.0592636 0.249907 4.58331 2.31634 -0.0834809</i>
                        <i>-0.011002 0.984867 0.17296 -0.243293 0.165136 -0.955792 -0.96989 -0.0525957 0.237795 4.727 2.29421 -0.0823576</i>
                        <i>0.00283838 0.980579 0.196103 -0.217257 0.192025 -0.95704 -0.97611 -0.0398885 0.213583 4.82217 2.2849 -0.0826232</i>
                        <i>-6.11049e-005 0.975502 0.219991 -0.19226 0.215875 -0.957306 -0.981344 -0.042354 0.187537 4.86369 2.26494 -0.0754199</i>
                        <i>-0.0214579 0.972624 0.231392 -0.17683 0.224104 -0.958389 -0.984007 -0.061482 0.16718 4.87304 2.20858 -0.0752826</i>
                        <i>-0.0408032 0.97337 0.225581 -0.17313 0.215466 -0.961041 -0.984053 -0.0782684 0.159728 4.88191 2.09014 -0.0909623</i>
                        <i>-0.0760256 0.973872 0.213992 -0.174751 0.198278 -0.964442 -0.981673 -0.110718 0.155111 4.88668 1.95149 -0.110055</i>
                        <i>-0.120793 0.972851 0.197407 -0.178079 0.1744 -0.968438 -0.976574 -0.152135 0.152178 4.88845 1.80653 -0.130672</i>
                        <i>-0.169279 0.969427 0.177641 -0.180236 0.146753 -0.972614 -0.968948 -0.196661 0.149883 4.88841 1.66894 -0.150895</i>
                        <i>-0.216142 0.963552 0.157639 -0.17995 0.119376 -0.976405 -0.959636 -0.23941 0.147589 4.88798 1.55366 -0.168811</i>
                        <i>-0.256149 0.956261 0.14125 -0.177744 0.0970388 -0.979281 -0.950155 -0.275949 0.145114 4.88878 1.47857 -0.182548</i>
                        <i>-0.299152 0.944917 0.132815 -0.17649 0.0819953 -0.980881 -0.937741 -0.316874 0.142239 4.89123 1.44363 -0.190416</i>
                        <i>-0.346271 0.92894 0.13102 -0.177732 0.0721717 -0.981429 -0.921145 -0.363127 0.140112 4.89474 1.44909 -0.193791</i>
                        <i>-0.378903 0.915965 0.13206 -0.180417 0.0668501 -0.981316 -0.907679 -0.39565 0.139926 4.89957 1.51548 -0.195687</i>
                        <i>-0.378601 0.916111 0.131913 -0.183045 0.0655977 -0.980914 -0.907279 -0.395521 0.142854 4.90607 1.55792 -0.199254</i>
                        <i>-0.324772 0.936928 0.129186 -0.185954 0.0706685 -0.980014 -0.927332 -0.342303 0.151274 4.916 1.54672 -0.205668</i>
                        <i>-0.230372 0.965092 0.124606 -0.188592 0.081343 -0.978681 -0.954653 -0.248961 0.16327 4.92831 1.52106 -0.213175</i>
                        <i>-0.129803 0.984451 0.118349 -0.189122 0.0925868 -0.977579 -0.973337 -0.149275 0.174163 4.93949 1.49346 -0.220466</i>
                        <i>-0.0603021 0.991688 0.113664 -0.187394 0.100599 -0.97712 -0.980432 -0.0802223 0.17977 4.94658 1.47708 -0.22621</i>
                        <i>-0.0288368 0.993155 0.113192 -0.18364 0.106048 -0.977256 -0.98257 -0.0489676 0.179325 4.94881 1.47524 -0.230209</i>
                        <i>-0.0152668 0.993187 0.115524 -0.179065 0.110954 -0.977561 -0.983719 -0.0356106 0.176151 4.94805 1.47996 -0.233321</i>
                        <i>-0.0152128 0.992738 0.119329 -0.174972 0.114859 -0.977851 -0.984456 -0.0357551 0.171954 4.94552 1.48763 -0.235806</i>
                        <i>-0.022617 0.992147 0.123017 -0.172008 0.117352 -0.978081 -0.984836 -0.0432813 0.168003 4.94281 1.495 -0.237925</i>
                        <i>-0.0299774 0.991724 0.12484 -0.170506 0.117992 -0.978267 -0.984901 -0.0506119 0.165558 4.94184 1.49926 -0.239925</i>
                        <i>-0.0370748 0.991583 0.124048 -0.170448 0.116039 -0.97851 -0.984669 -0.0574218 0.164712 4.94359 1.50036 -0.241758</i>
                        <i>-0.0478391 0.991419 0.121653 -0.171302 0.111845 -0.97885 -0.984056 -0.0676667 0.164481 4.94694 1.50037 -0.243254</i>
                        <i>-0.0608851 0.99108 0.11855 -0.172698 0.106519 -0.979198 -0.983091 -0.0800918 0.164672 4.95075 1.49983 -0.244471</i>
                        <i>-0.0745306 0.990486 0.115687 -0.174155 0.101299 -0.979494 -0.981894 -0.0931498 0.164948 4.95386 1.49928 -0.245468</i>
                        <i>-0.0864048 0.989707 0.11408 -0.17496 0.097654 -0.979721 -0.980777 -0.104612 0.164721 4.95512 1.49926 -0.246303</i>
                        <i>-0.0971202 0.988741 0.113837 -0.174963 0.0956357 -0.979919 -0.979773 -0.115087 0.163705 4.95461 1.49985 -0.246712</i>
                        <i>-0.108402 0.987522 0.114235 -0.17463 0.0942085 -0.980117 -0.978649 -0.126195 0.162238 4.95334 1.50068 -0.246537</i>
                        <i>-0.119201 0.986179 0.115076 -0.174071 0.0933498 -0.980298 -0.977492 -0.136884 0.160538 4.95163 1.5016 -0.245993</i>
                        <i>-0.128487 0.984883 0.116171 -0.17341 0.0930247 -0.980447 -0.976432 -0.14612 0.158836 4.94982 1.5025 -0.245296</i>
                        <i>-0.135243 0.983841 0.117331 -0.172773 0.0931881 -0.980543 -0.975633 -0.152883 0.157378 4.94823 1.50324 -0.24466</i>
                        <i>-0.138447 0.983271 0.11837 -0.172277 0.0937884 -0.980573 -0.975271 -0.15615 0.156411 4.94722 1.50373 -0.244299</i>
                        <i>-0.137168 0.983316 0.119474 -0.17188 0.0951566 -0.980511 -0.975522 -0.15503 0.15596 4.94676 1.50397 -0.244186</i>
                        <i>-0.132149 0.983837 0.120838 -0.171481 0.0973784 -0.980363 -0.976284 -0.150276 0.155841 4.94658 1.50406 -0.244143</i>
                        <i>-0.124867 0.984608 0.122291 -0.171101 0.10004 -0.980161 -0.977309 -0.143314 0.155976 4.94661 1.50404 -0.244149</i>
                        <i>-0.116768 0.98543 0.123667 -0.170758 0.102745 -0.979941 -0.97837 -0.135543 0.156273 4.94676 1.50397 -0.244186</i>
                        <i>-0.109266 0.986145 0.124817 -0.170474 0.105118 -0.979739 -0.979285 -0.12833 0.156626 4.94696 1.50386 -0.244236</i>
                        <i>-0.103752 0.986641 0.125603 -0.170278 0.1068 -0.979591 -0.979919 -0.123022 0.156923 4.94714 1.50377 -0.24428</i>
                        <i>-0.101605 0.986827 0.125895 -0.170205 0.10744 -0.979534 -0.980156 -0.120954 0.157046 4.94722 1.50373 -0.244299</i>
                        <i>-0.101605 0.986827 0.125895 -0.170205 0.10744 -0.979534 -0.980156 -0.120954 0.157046 4.94722 1.50373 -0.244299</i>
                        <i>-0.101659 0.98681 0.12598 -0.170193 0.107518 -0.979528 -0.980153 -0.121019 0.157018 4.94722 1.50373 -0.244299</i>
                        <i>-0.101715 0.986791 0.126083 -0.170178 0.107613 -0.97952 -0.98015 -0.121088 0.156985 4.94722 1.50373 -0.244299</i>
                        <i>-0.10176 0.986774 0.126183 -0.170164 0.107707 -0.979512 -0.980148 -0.121147 0.156953 4.94722 1.50373 -0.244299</i>
                        <i>-0.101789 0.98676 0.126264 -0.170152 0.107784 -0.979505 -0.980147 -0.121187 0.156928 4.94722 1.50373 -0.244299</i>
                        <i>-0.101807 0.986752 0.126314 -0.170145 0.107831 -0.979501 -0.980146 -0.121212 0.156913 4.94722 1.50373 -0.244299</i>
                        <i>-0.101818 0.98675 0.126321 -0.170144 0.107836 -0.979501 -0.980145 -0.121224 0.15691 4.94722 1.50373 -0.244299</i>
                        <i>-0.101812 0.986764 0.126221 -0.17016 0.107736 -0.979509 -0.980143 -0.121204 0.156938 4.94722 1.50373 -0.244299</i>
                        <i>-0.101737 0.9868 0.126 -0.170192 0.107525 -0.979527 -0.980145 -0.121098 0.157006 4.94722 1.50373 -0.244299</i>
                        <i>-0.10159 0.986847 0.125747 -0.170227 0.107292 -0.979546 -0.980154 -0.120918 0.157089 4.94722 1.50373 -0.244299</i>
                        <i>-0.101488 0.986875 0.125607 -0.170247 0.107168 -0.979557 -0.980161 -0.120797 0.157136 4.94722 1.50373 -0.244299</i>
                        <i>-0.10154 0.986859 0.125692 -0.170235 0.107246 -0.97955 -0.980158 -0.120861 0.157108 4.94722 1.50373 -0.244299</i>
                        <i>-0.101654 0.986821 0.125899 -0.170205 0.107436 -0.979534 -0.980151 -0.121003 0.157041 4.94722 1.50373 -0.244299</i>
                        <i>-0.101727 0.986789 0.126091 -0.170177 0.107619 -0.979519 -0.980149 -0.121102 0.156981 4.94722 1.50373 -0.244299</i>
                        <i>-0.101742 0.986776 0.12618 -0.170164 0.107706 -0.979512 -0.980149 -0.121129 0.156956 4.94722 1.50373 -0.244299</i>
                        <i>-0.101727 0.986784 0.126134 -0.170171 0.107662 -0.979516 -0.98015 -0.121108 0.15697 4.94722 1.50373 -0.244299</i>
                        <i>-0.101681 0.986805 0.126005 -0.17019 0.107539 -0.979526 -0.980151 -0.121044 0.157009 4.94722 1.50373 -0.244299</i>
                        <i>-0.101605 0.986832 0.125851 -0.170212 0.107395 -0.979538 -0.980155 -0.120947 0.157058 4.94722 1.50373 -0.244299</i>
                        <i>-0.101544 0.986851 0.125751 -0.170226 0.107304 -0.979545 -0.980159 -0.120873 0.157091 4.94722 1.50373 -0.244299</i>
                        <i>-0.100641 0.986702 0.127634 -0.169911 0.109356 -0.979373 -0.980307 -0.120252 0.156646 4.94722 1.50373 -0.244299</i>
                        <i>-0.0991829 0.986432 0.130826 -0.169378 0.11282 -0.979072 -0.980548 -0.119266 0.15589 4.94722 1.50373 -0.244299</i>
                        <i>-0.0956191 0.98705 0.1288 -0.162157 0.112218 -0.980363 -0.982121 -0.114627 0.149327 4.94876 1.50099 -0.241337</i>
                        <i>-0.101605 0.986827 0.125895 -0.170205 0.10744 -0.979534 -0.980156 -0.120954 0.157046 4.94722 1.50373 -0.244299</i>
                        <i>-0.119885 0.984522 0.127842 -0.203368 0.101687 -0.973808 -0.971735 -0.142744 0.18803 4.9466 1.51297 -0.257688</i>
                        <i>-0.139092 0.981474 0.131768 -0.241096 0.0954954 -0.965792 -0.960482 -0.166103 0.223346 4.95378 1.51995 -0.273381</i>
                        <i>-0.159919 0.977504 0.137517 -0.280844 0.0884983 -0.955665 -0.946336 -0.19145 0.260374 4.96383 1.52638 -0.290202</i>
                        <i>-0.182882 0.972447 0.144569 -0.320309 0.0800902 -0.943922 -0.929493 -0.218933 0.296836 4.97184 1.53398 -0.307061</i>
                        <i>-0.20835 0.966172 0.151996 -0.357494 0.0694231 -0.931332 -0.910378 -0.248381 0.330936 4.97289 1.54449 -0.322963</i>
                        <i>-0.236627 0.958589 0.158473 -0.390723 0.0554517 -0.918837 -0.889575 -0.279341 0.361421 4.96207 1.55965 -0.337005</i>
                        <i>-0.26804 0.949626 0.162372 -0.418591 0.0370052 -0.907421 -0.867719 -0.311192 0.387586 4.93441 1.58126 -0.348351</i>
                        <i>-0.303031 0.939129 0.161892 -0.439855 0.0128689 -0.897977 -0.845399 -0.343324 0.409181 4.88497 1.61112 -0.356194</i>
                        <i>-0.352045 0.923029 0.15518 -0.455268 -0.0240073 -0.890031 -0.817799 -0.383979 0.428677 4.8145 1.64802 -0.360019</i>
                        <i>-0.415582 0.898255 0.142931 -0.466503 -0.0755993 -0.881283 -0.780811 -0.432923 0.450456 4.72889 1.68928 -0.360521</i>
                        <i>-0.47722 0.869479 0.127542 -0.474254 -0.132629 -0.87034 -0.739827 -0.475831 0.475648 4.63088 1.73447 -0.358663</i>
                        <i>-0.51832 0.847821 0.111994 -0.480433 -0.180338 -0.85829 -0.70748 -0.498675 0.500794 4.5232 1.78312 -0.355379</i>
                        <i>-0.536421 0.838287 0.097604 -0.486405 -0.212577 -0.847479 -0.689683 -0.502081 0.521778 4.40862 1.83482 -0.351591</i>
                        <i>-0.543723 0.835042 0.084089 -0.491651 -0.235715 -0.838283 -0.68018 -0.497136 0.538712 4.28989 1.88914 -0.348223</i>
                        <i>-0.543597 0.836254 0.0719809 -0.49616 -0.25098 -0.831165 -0.676999 -0.487533 0.551348 4.1698 1.9457 -0.346214</i>
                        <i>-0.539231 0.839882 0.0618664 -0.499938 -0.260127 -0.826073 -0.677711 -0.476374 0.560157 4.05111 2.0041 -0.346517</i>
                        <i>-0.533557 0.84401 0.054439 -0.503146 -0.265018 -0.822563 -0.679824 -0.466275 0.566063 3.93659 2.06398 -0.350093</i>
                        <i>-0.529242 0.846964 0.0505537 -0.506135 -0.267325 -0.819978 -0.680978 -0.459554 0.570158 3.82899 2.12495 -0.357895</i>
                        <i>-0.524784 0.849454 0.0550494 -0.510709 -0.262454 -0.818715 -0.681013 -0.457762 0.571555 3.72255 2.20091 -0.379471</i>
                        <i>-0.518377 0.852324 0.0694966 -0.518204 -0.248439 -0.818378 -0.680257 -0.460242 0.570463 3.61389 2.29493 -0.41583</i>
                        <i>-0.511614 0.854562 0.0892997 -0.526306 -0.229536 -0.818728 -0.679157 -0.465872 0.567195 3.50938 2.39086 -0.455614</i>
                        <i>-0.504065 0.856887 0.107997 -0.529555 -0.207859 -0.822414 -0.682268 -0.471741 0.558544 3.41522 2.47361 -0.48855</i>
                        <i>-0.492692 0.862282 0.117149 -0.519979 -0.183776 -0.834175 -0.697765 -0.471907 0.538913 3.33748 2.52902 -0.50487</i>
                        <i>-0.473324 0.874058 0.109485 -0.479768 -0.151555 -0.864207 -0.738774 -0.461578 0.49108 3.28427 2.54916 -0.498535</i>
                        <i>-0.443999 0.89189 0.0860095 -0.406332 -0.114863 -0.906477 -0.798598 -0.437423 0.413402 3.25213 2.54316 -0.473268</i>
                        <i>-0.404649 0.912907 0.0534691 -0.318978 -0.0861071 -0.943842 -0.857037 -0.398981 0.32604 3.22893 2.52254 -0.435307</i>
                        <i>-0.359621 0.932806 0.0233396 -0.245845 -0.0705911 -0.966735 -0.900129 -0.353397 0.254712 3.20188 2.5 -0.395919</i>
                        <i>-0.318669 0.94782 0.00937692 -0.217786 -0.063587 -0.973923 -0.922507 -0.312401 0.226685 3.15897 2.49017 -0.370906</i>
                        <i>-0.283082 0.958928 0.0179594 -0.249507 -0.0555497 -0.966778 -0.926073 -0.278158 0.254985 3.09544 2.49786 -0.366667</i>
                        <i>-0.246695 0.96831 0.0389621 -0.322093 -0.0440074 -0.945685 -0.914001 -0.245845 0.322742 3.01845 2.5143 -0.373633</i>
                        <i>-0.210341 0.975695 0.061449 -0.413616 -0.0318626 -0.909894 -0.885821 -0.216804 0.410265 2.93495 2.53448 -0.384427</i>
                        <i>-0.177558 0.980953 0.0787633 -0.503227 -0.0217238 -0.863881 -0.845716 -0.193025 0.497499 2.8531 2.55308 -0.393505</i>
                        <i>-0.153958 0.983946 0.0902613 -0.573152 -0.0145217 -0.81932 -0.804856 -0.177874 0.566187 2.78179 2.56463 -0.398432</i>
                        <i>-0.146933 0.983734 0.103338 -0.618011 -0.00972945 -0.78611 -0.772317 -0.179369 0.609388 2.72154 2.57509 -0.398227</i>
                        <i>-0.1552 0.980496 0.120588 -0.643966 -0.00784445 -0.765014 -0.749147 -0.196385 0.632623 2.66696 2.58788 -0.395215</i>
                        <i>-0.171727 0.975709 0.136022 -0.652956 -0.00934293 -0.757338 -0.737671 -0.218872 0.6387 2.61825 2.5937 -0.392424</i>
                        <i>-0.187889 0.971765 0.142724 -0.645822 -0.0127501 -0.763381 -0.740007 -0.235606 0.629983 2.57585 2.58336 -0.391008</i>
                        <i>-0.192865 0.971932 0.134729 -0.622241 -0.014979 -0.782683 -0.758696 -0.234786 0.607664 2.54018 2.54773 -0.390492</i>
                        <i>-0.181376 0.977124 0.111048 -0.580823 -0.0153169 -0.813886 -0.793566 -0.212119 0.570315 2.5135 2.47917 -0.389522</i>
                        <i>-0.158542 0.984218 0.0786108 -0.524774 -0.0165558 -0.85108 -0.836347 -0.176185 0.519117 2.49528 2.38374 -0.387811</i>
                        <i>-0.129311 0.990628 0.0439824 -0.460776 -0.0207536 -0.887274 -0.878046 -0.135001 0.459141 2.48166 2.27288 -0.386103</i>
                        <i>-0.0992315 0.994989 0.0122672 -0.396712 -0.0282526 -0.917508 -0.912564 -0.0959123 0.397527 2.46929 2.15809 -0.386021</i>
                        <i>-0.0731994 0.997231 -0.0131051 -0.341671 -0.0374204 -0.939074 -0.936965 -0.064262 0.343464 2.45542 2.05089 -0.389928</i>
                    </KeyFrames>
                </p>
            </i>
            <i>
                <p>
                    <Name><![CDATA[spine1]]></Name>
                    <Exclude>0</Exclude>
                    <Additive>0</Additive>
                    <IKPriority>0</IKPriority>
                    <IKRotLimits>-1e+010 -1e+010 -1e+010 1e+010 1e+010 1e+010</IKRotLimits>
                    <IKRotLimitOrder>0</IKRotLimitOrder>
                    <KeyFrames count="117">
                        <i>-0.405117 0.904589 0.132659 -0.484322 -0.0892679 -0.870324 -0.775443 -0.416832 0.474276 2.4424 2.22871 -0.392279</i>
                        <i>-0.536567 0.843786 0.0109889 -0.288024 -0.170884 -0.942253 -0.793182 -0.508747 0.334722 2.33244 2.32742 -0.512763</i>
                        <i>-0.611224 0.737678 -0.286769 0.299014 -0.120246 -0.946642 -0.7328 -0.664358 -0.147078 2.37979 2.49337 -0.557533</i>
                        <i>-0.854742 0.48473 -0.185612 0.219299 0.0131347 -0.975569 -0.47045 -0.874565 -0.117528 2.92507 2.67257 -0.381469</i>
                        <i>-0.956828 0.264472 0.120557 -0.0278469 0.329455 -0.94376 -0.289317 -0.906374 -0.307868 3.49723 2.74876 -0.183702</i>
                        <i>-0.916031 0.334669 0.221098 -0.0538654 0.443587 -0.894611 -0.397475 -0.831401 -0.388312 3.76524 2.78585 -0.121455</i>
                        <i>-0.813227 0.500185 0.297451 -0.0459662 0.454325 -0.889649 -0.580129 -0.737159 -0.346478 3.94377 2.78305 -0.101801</i>
                        <i>-0.696892 0.618971 0.362238 -0.0476655 0.463998 -0.884553 -0.71559 -0.633704 -0.293853 4.12545 2.68883 -0.087431</i>
                        <i>-0.664246 0.630406 0.401703 -0.0707115 0.481985 -0.873321 -0.744162 -0.608505 -0.27558 4.36175 2.59434 -0.0692286</i>
                        <i>-0.640607 0.639939 0.424383 -0.0865894 0.488947 -0.868005 -0.762971 -0.592797 -0.257811 4.57898 2.49886 -0.0572668</i>
                        <i>-0.559386 0.696017 0.450164 -0.0776962 0.496663 -0.864459 -0.825258 -0.518542 -0.223749 4.72502 2.48026 -0.0497099</i>
                        <i>-0.461689 0.752782 0.469214 -0.0557339 0.503302 -0.862311 -0.885289 -0.424271 -0.190414 4.82285 2.47483 -0.0446699</i>
                        <i>-0.395884 0.78146 0.482282 -0.0359812 0.511586 -0.858478 -0.917595 -0.357211 -0.174411 4.86383 2.45677 -0.0321895</i>
                        <i>-0.389218 0.788993 0.475394 -0.0238262 0.507295 -0.861443 -0.920838 -0.346616 -0.178649 4.86895 2.40099 -0.0295364</i>
                        <i>-0.419013 0.791703 0.444561 -0.0168394 0.482755 -0.875593 -0.907824 -0.374371 -0.188949 4.87398 2.28314 -0.0462638</i>
                        <i>-0.480102 0.78132 0.398799 -0.0174295 0.446035 -0.894846 -0.87704 -0.436568 -0.200524 4.87177 2.14464 -0.0676428</i>
                        <i>-0.559386 0.75614 0.339615 -0.0206056 0.396903 -0.917629 -0.828651 -0.520307 -0.206442 4.8647 1.99907 -0.0916323</i>
                        <i>-0.643184 0.715795 0.271939 -0.021065 0.338471 -0.940741 -0.765421 -0.610798 -0.202621 4.8552 1.86003 -0.115909</i>
                        <i>-0.718216 0.664995 0.20481 -0.015781 0.2787 -0.960249 -0.695641 -0.692898 -0.189672 4.8457 1.74283 -0.13789</i>
                        <i>-0.773778 0.615407 0.150143 -0.00608957 0.229784 -0.973223 -0.633428 -0.753972 -0.174054 4.83868 1.66616 -0.154867</i>
                        <i>-0.817988 0.563052 0.117759 0.00102133 0.206136 -0.978523 -0.575234 -0.8003 -0.169192 4.83226 1.63041 -0.164192</i>
                        <i>-0.855483 0.507257 0.104114 0.00240009 0.204939 -0.978772 -0.517825 -0.837073 -0.17654 4.8255 1.63534 -0.167556</i>
                        <i>-0.877418 0.468818 0.101726 0.00064196 0.213197 -0.977009 -0.479727 -0.857179 -0.187364 4.82278 1.70163 -0.168887</i>
                        <i>-0.87829 0.466799 0.103467 0.000143254 0.216658 -0.976248 -0.478128 -0.857414 -0.190355 4.82888 1.74521 -0.172324</i>
                        <i>-0.846531 0.520539 0.111464 0.00205617 0.212581 -0.977141 -0.532336 -0.826951 -0.181027 4.85003 1.73762 -0.179386</i>
                        <i>-0.781704 0.610727 0.126297 0.00438561 0.207891 -0.978142 -0.623634 -0.764064 -0.165188 4.88199 1.7159 -0.188055</i>
                        <i>-0.700617 0.699661 0.140038 0.00651255 0.202521 -0.979256 -0.713508 -0.685171 -0.146446 4.9138 1.68959 -0.196921</i>
                        <i>-0.633908 0.759052 0.148326 0.00701415 0.197417 -0.980295 -0.773377 -0.620376 -0.130468 4.9349 1.67163 -0.20394</i>
                        <i>-0.590155 0.79262 0.153202 0.00534421 0.193605 -0.981065 -0.807272 -0.578162 -0.118493 4.94339 1.66637 -0.208449</i>
                        <i>-0.551207 0.819313 0.157787 0.00260978 0.190801 -0.981625 -0.834364 -0.540667 -0.107309 4.94528 1.66667 -0.211622</i>
                        <i>-0.517191 0.840509 0.161423 -0.000257369 0.188455 -0.982082 -0.85587 -0.507966 -0.0972508 4.9428 1.66989 -0.213911</i>
