<?xml version="1.0" encoding="ISO-8859-1" ?>
<Animl Version="1">
    <ModellingPackage><![CDATA[Maya.2010]]></ModellingPackage>
    <SrcFile><![CDATA[anims\turrets\artillery\red\~src\artillery_2a36\artillery_2a36_idle_crewman_b.mb]]></SrcFile>
    <FramesPerSecond>30</FramesPerSecond>
    <TotalFrames>65</TotalFrames>
    <Skeleton>
        <RefFrame>
            <Name><![CDATA[soldier_ref_frame]]></Name>
            <Exclude>0</Exclude>
            <Additive>0</Additive>
            <IKPriority>0</IKPriority>
            <IKRotLimits>-1e+010 -1e+010 -1e+010 1e+010 1e+010 1e+010</IKRotLimits>
            <IKRotLimitOrder>0</IKRotLimitOrder>
            <KeyFrames count="65">
                <i>1 0 0 0 1 0 0 0 1 -2.86239 1.35334 -1.90694</i>
                <i>1 0 0 0 1 0 0 0 1 -2.86239 1.35334 -1.90694</i>
                <i>1 0 0 0 1 0 0 0 1 -2.86239 1.35334 -1.90694</i>
                <i>1 0 0 0 1 0 0 0 1 -2.86239 1.35334 -1.90694</i>
                <i>1 0 0 0 1 0 0 0 1 -2.86239 1.35334 -1.90694</i>
                <i>1 0 0 0 1 0 0 0 1 -2.86239 1.35334 -1.90694</i>
                <i>1 0 0 0 1 0 0 0 1 -2.86239 1.35334 -1.90694</i>
                <i>1 0 0 0 1 0 0 0 1 -2.86239 1.35334 -1.90694</i>
                <i>1 0 0 0 1 0 0 0 1 -2.86239 1.35334 -1.90694</i>
                <i>1 0 0 0 1 0 0 0 1 -2.86239 1.35334 -1.90694</i>
                <i>1 0 0 0 1 0 0 0 1 -2.86239 1.35334 -1.90694</i>
                <i>1 0 0 0 1 0 0 0 1 -2.86239 1.35334 -1.90694</i>
                <i>1 0 0 0 1 0 0 0 1 -2.86239 1.35334 -1.90694</i>
                <i>1 0 0 0 1 0 0 0 1 -2.86239 1.35334 -1.90694</i>
                <i>1 0 0 0 1 0 0 0 1 -2.86239 1.35334 -1.90694</i>
                <i>1 0 0 0 1 0 0 0 1 -2.86239 1.35334 -1.90694</i>
                <i>1 0 0 0 1 0 0 0 1 -2.86239 1.35334 -1.90694</i>
                <i>1 0 0 0 1 0 0 0 1 -2.86239 1.35334 -1.90694</i>
                <i>1 0 0 0 1 0 0 0 1 -2.86239 1.35334 -1.90694</i>
                <i>1 0 0 0 1 0 0 0 1 -2.86239 1.35334 -1.90694</i>
                <i>1 0 0 0 1 0 0 0 1 -2.86239 1.35334 -1.90694</i>
                <i>1 0 0 0 1 0 0 0 1 -2.86239 1.35334 -1.90694</i>
                <i>1 0 0 0 1 0 0 0 1 -2.86239 1.35334 -1.90694</i>
                <i>1 0 0 0 1 0 0 0 1 -2.86239 1.35334 -1.90694</i>
                <i>1 0 0 0 1 0 0 0 1 -2.86239 1.35334 -1.90694</i>
                <i>1 0 0 0 1 0 0 0 1 -2.86239 1.35334 -1.90694</i>
                <i>1 0 0 0 1 0 0 0 1 -2.86239 1.35334 -1.90694</i>
                <i>1 0 0 0 1 0 0 0 1 -2.86239 1.35334 -1.90694</i>
                <i>1 0 0 0 1 0 0 0 1 -2.86239 1.35334 -1.90694</i>
                <i>1 0 0 0 1 0 0 0 1 -2.86239 1.35334 -1.90694</i>
                <i>1 0 0 0 1 0 0 0 1 -2.86239 1.35334 -1.90694</i>
                <i>1 0 0 0 1 0 0 0 1 -2.86239 1.35334 -1.90694</i>
                <i>1 0 0 0 1 0 0 0 1 -2.86239 1.35334 -1.90694</i>
                <i>1 0 0 0 1 0 0 0 1 -2.86239 1.35334 -1.90694</i>
                <i>1 0 0 0 1 0 0 0 1 -2.86239 1.35334 -1.90694</i>
                <i>1 0 0 0 1 0 0 0 1 -2.86239 1.35334 -1.90694</i>
                <i>1 0 0 0 1 0 0 0 1 -2.86239 1.35334 -1.90694</i>
                <i>1 0 0 0 1 0 0 0 1 -2.86239 1.35334 -1.90694</i>
                <i>1 0 0 0 1 0 0 0 1 -2.86239 1.35334 -1.90694</i>
                <i>1 0 0 0 1 0 0 0 1 -2.86239 1.35334 -1.90694</i>
                <i>1 0 0 0 1 0 0 0 1 -2.86239 1.35334 -1.90694</i>
                <i>1 0 0 0 1 0 0 0 1 -2.86239 1.35334 -1.90694</i>
                <i>1 0 0 0 1 0 0 0 1 -2.86239 1.35334 -1.90694</i>
                <i>1 0 0 0 1 0 0 0 1 -2.86239 1.35334 -1.90694</i>
                <i>1 0 0 0 1 0 0 0 1 -2.86239 1.35334 -1.90694</i>
                <i>1 0 0 0 1 0 0 0 1 -2.86239 1.35334 -1.90694</i>
                <i>1 0 0 0 1 0 0 0 1 -2.86239 1.35334 -1.90694</i>
                <i>1 0 0 0 1 0 0 0 1 -2.86239 1.35334 -1.90694</i>
                <i>1 0 0 0 1 0 0 0 1 -2.86239 1.35334 -1.90694</i>
                <i>1 0 0 0 1 0 0 0 1 -2.86239 1.35334 -1.90694</i>
                <i>1 0 0 0 1 0 0 0 1 -2.86239 1.35334 -1.90694</i>
                <i>1 0 0 0 1 0 0 0 1 -2.86239 1.35334 -1.90694</i>
                <i>1 0 0 0 1 0 0 0 1 -2.86239 1.35334 -1.90694</i>
                <i>1 0 0 0 1 0 0 0 1 -2.86239 1.35334 -1.90694</i>
                <i>1 0 0 0 1 0 0 0 1 -2.86239 1.35334 -1.90694</i>
                <i>1 0 0 0 1 0 0 0 1 -2.86239 1.35334 -1.90694</i>
                <i>1 0 0 0 1 0 0 0 1 -2.86239 1.35334 -1.90694</i>
                <i>1 0 0 0 1 0 0 0 1 -2.86239 1.35334 -1.90694</i>
                <i>1 0 0 0 1 0 0 0 1 -2.86239 1.35334 -1.90694</i>
                <i>1 0 0 0 1 0 0 0 1 -2.86239 1.35334 -1.90694</i>
                <i>1 0 0 0 1 0 0 0 1 -2.86239 1.35334 -1.90694</i>
                <i>1 0 0 0 1 0 0 0 1 -2.86239 1.35334 -1.90694</i>
                <i>1 0 0 0 1 0 0 0 1 -2.86239 1.35334 -1.90694</i>
                <i>1 0 0 0 1 0 0 0 1 -2.86239 1.35334 -1.90694</i>
                <i>1 0 0 0 1 0 0 0 1 -2.86239 1.35334 -1.90694</i>
            </KeyFrames>
        </RefFrame>
        <Bones count="23">
            <i>
                <p>
                    <Name><![CDATA[pelvis]]></Name>
                    <Exclude>0</Exclude>
                    <Additive>0</Additive>
                    <IKPriority>0</IKPriority>
                    <IKRotLimits>-1e+010 -1e+010 -1e+010 1e+010 1e+010 1e+010</IKRotLimits>
                    <IKRotLimitOrder>2</IKRotLimitOrder>
                    <KeyFrames count="65">
                        <i>1 0 0 0 1 0 0 0 1 -2.86239 2.41685 -1.90694</i>
                        <i>1 0 0 0 1 0 0 0 1 -2.86239 2.41712 -1.90694</i>
                        <i>1 0 0 0 1 0 0 0 1 -2.86239 2.41754 -1.90694</i>
                        <i>1 0 0 0 1 0 0 0 1 -2.86239 2.41812 -1.90694</i>
                        <i>1 0 0 0 1 0 0 0 1 -2.86239 2.41883 -1.90694</i>
                        <i>1 0 0 0 1 0 0 0 1 -2.86239 2.41967 -1.90694</i>
                        <i>1 0 0 0 1 0 0 0 1 -2.86239 2.42062 -1.90694</i>
                        <i>1 0 0 0 1 0 0 0 1 -2.86239 2.42168 -1.90694</i>
                        <i>1 0 0 0 1 0 0 0 1 -2.86239 2.42284 -1.90694</i>
                        <i>1 0 0 0 1 0 0 0 1 -2.86239 2.42407 -1.90694</i>
                        <i>1 0 0 0 1 0 0 0 1 -2.86239 2.42537 -1.90694</i>
                        <i>1 0 0 0 1 0 0 0 1 -2.86239 2.42673 -1.90694</i>
                        <i>1 0 0 0 1 0 0 0 1 -2.86239 2.42813 -1.90694</i>
                        <i>1 0 0 0 1 0 0 0 1 -2.86239 2.42957 -1.90694</i>
                        <i>1 0 0 0 1 0 0 0 1 -2.86239 2.43104 -1.90694</i>
                        <i>1 0 0 0 1 0 0 0 1 -2.86239 2.43251 -1.90694</i>
                        <i>1 0 0 0 1 0 0 0 1 -2.86239 2.43399 -1.90694</i>
                        <i>1 0 0 0 1 0 0 0 1 -2.86239 2.43545 -1.90694</i>
                        <i>1 0 0 0 1 0 0 0 1 -2.86239 2.43689 -1.90694</i>
                        <i>1 0 0 0 1 0 0 0 1 -2.86239 2.43829 -1.90694</i>
                        <i>1 0 0 0 1 0 0 0 1 -2.86239 2.43965 -1.90694</i>
                        <i>1 0 0 0 1 0 0 0 1 -2.86239 2.44095 -1.90694</i>
                        <i>1 0 0 0 1 0 0 0 1 -2.86239 2.44219 -1.90694</i>
                        <i>1 0 0 0 1 0 0 0 1 -2.86239 2.44334 -1.90694</i>
                        <i>1 0 0 0 1 0 0 0 1 -2.86239 2.4444 -1.90694</i>
                        <i>1 0 0 0 1 0 0 0 1 -2.86239 2.44535 -1.90694</i>
                        <i>1 0 0 0 1 0 0 0 1 -2.86239 2.44619 -1.90694</i>
                        <i>1 0 0 0 1 0 0 0 1 -2.86239 2.44691 -1.90694</i>
                        <i>1 0 0 0 1 0 0 0 1 -2.86239 2.44748 -1.90694</i>
                        <i>1 0 0 0 1 0 0 0 1 -2.86239 2.44791 -1.90694</i>
                        <i>1 0 0 0 1 0 0 0 1 -2.86239 2.44817 -1.90694</i>
                        <i>1 0 0 0 1 0 0 0 1 -2.86239 2.44826 -1.90694</i>
                        <i>1 0 0 0 1 0 0 0 1 -2.86239 2.44817 -1.90694</i>
                        <i>1 0 0 0 1 0 0 0 1 -2.86239 2.44791 -1.90694</i>
                        <i>1 0 0 0 1 0 0 0 1 -2.86239 2.44748 -1.90694</i>
                        <i>1 0 0 0 1 0 0 0 1 -2.86239 2.44691 -1.90694</i>
                        <i>1 0 0 0 1 0 0 0 1 -2.86239 2.44619 -1.90694</i>
                        <i>1 0 0 0 1 0 0 0 1 -2.86239 2.44535 -1.90694</i>
                        <i>1 0 0 0 1 0 0 0 1 -2.86239 2.4444 -1.90694</i>
                        <i>1 0 0 0 1 0 0 0 1 -2.86239 2.44334 -1.90694</i>
                        <i>1 0 0 0 1 0 0 0 1 -2.86239 2.44219 -1.90694</i>
                        <i>1 0 0 0 1 0 0 0 1 -2.86239 2.44095 -1.90694</i>
                        <i>1 0 0 0 1 0 0 0 1 -2.86239 2.43965 -1.90694</i>
                        <i>1 0 0 0 1 0 0 0 1 -2.86239 2.43829 -1.90694</i>
                        <i>1 0 0 0 1 0 0 0 1 -2.86239 2.43689 -1.90694</i>
                        <i>1 0 0 0 1 0 0 0 1 -2.86239 2.43545 -1.90694</i>
                        <i>1 0 0 0 1 0 0 0 1 -2.86239 2.43399 -1.90694</i>
                        <i>1 0 0 0 1 0 0 0 1 -2.86239 2.43251 -1.90694</i>
                        <i>1 0 0 0 1 0 0 0 1 -2.86239 2.43104 -1.90694</i>
                        <i>1 0 0 0 1 0 0 0 1 -2.86239 2.42957 -1.90694</i>
                        <i>1 0 0 0 1 0 0 0 1 -2.86239 2.42813 -1.90694</i>
                        <i>1 0 0 0 1 0 0 0 1 -2.86239 2.42673 -1.90694</i>
                        <i>1 0 0 0 1 0 0 0 1 -2.86239 2.42537 -1.90694</i>
                        <i>1 0 0 0 1 0 0 0 1 -2.86239 2.42407 -1.90694</i>
                        <i>1 0 0 0 1 0 0 0 1 -2.86239 2.42284 -1.90694</i>
                        <i>1 0 0 0 1 0 0 0 1 -2.86239 2.42168 -1.90694</i>
                        <i>1 0 0 0 1 0 0 0 1 -2.86239 2.42062 -1.90694</i>
                        <i>1 0 0 0 1 0 0 0 1 -2.86239 2.41967 -1.90694</i>
                        <i>1 0 0 0 1 0 0 0 1 -2.86239 2.41883 -1.90694</i>
                        <i>1 0 0 0 1 0 0 0 1 -2.86239 2.41812 -1.90694</i>
                        <i>1 0 0 0 1 0 0 0 1 -2.86239 2.41754 -1.90694</i>
                        <i>1 0 0 0 1 0 0 0 1 -2.86239 2.41712 -1.90694</i>
                        <i>1 0 0 0 1 0 0 0 1 -2.86239 2.41685 -1.90694</i>
                        <i>1 0 0 0 1 0 0 0 1 -2.86239 2.41676 -1.90694</i>
                        <i>1 0 0 0 1 0 0 0 1 -2.86239 2.41685 -1.90694</i>
                    </KeyFrames>
                </p>
            </i>
            <i>
                <p>
                    <Name><![CDATA[spine0]]></Name>
                    <Exclude>0</Exclude>
                    <Additive>0</Additive>
                    <IKPriority>0</IKPriority>
                    <IKRotLimits>-1e+010 -1e+010 -1e+010 1e+010 1e+010 1e+010</IKRotLimits>
                    <IKRotLimitOrder>0</IKRotLimitOrder>
                    <KeyFrames count="65">
                        <i>0.0177351 0.995156 0.0966917 -0.983592 -2.22045e-016 0.180409 0.179535 -0.0983048 0.978827 -2.86934 2.55546 -1.94485</i>
                        <i>0.0179226 0.995053 0.0977138 -0.983592 -2.22045e-016 0.180409 0.179517 -0.0993439 0.978726 -2.86934 2.55572 -1.94485</i>
                        <i>0.0181073 0.99495 0.0987211 -0.983592 -2.22045e-016 0.180409 0.179498 -0.100368 0.978625 -2.86934 2.55614 -1.94485</i>
                        <i>0.0182882 0.994849 0.0997076 -0.983592 0 0.180409 0.17948 -0.101371 0.978525 -2.86934 2.55672 -1.94485</i>
                        <i>0.0184642 0.994749 0.100667 -0.983592 -2.22045e-016 0.180409 0.179462 -0.102346 0.978427 -2.86934 2.55743 -1.94485</i>
                        <i>0.0186342 0.994651 0.101593 -0.983592 0 0.180409 0.179444 -0.103288 0.978331 -2.86934 2.55827 -1.94485</i>
                        <i>0.0187969 0.994557 0.102481 -0.983592 -2.22045e-016 0.180409 0.179427 -0.10419 0.978238 -2.86934 2.55923 -1.94485</i>
                        <i>0.0189513 0.994467 0.103322 -0.983592 -2.22045e-016 0.180409 0.179411 -0.105046 0.97815 -2.86934 2.56029 -1.94485</i>
                        <i>0.0190962 0.994382 0.104113 -0.983592 -4.44089e-016 0.180409 0.179396 -0.105849 0.978066 -2.86934 2.56144 -1.94485</i>
                        <i>0.0192305 0.994303 0.104845 -0.983592 0 0.180409 0.179381 -0.106594 0.977988 -2.86934 2.56267 -1.94485</i>
                        <i>0.0193532 0.99423 0.105513 -0.983592 0 0.180409 0.179368 -0.107274 0.977916 -2.86934 2.56397 -1.94485</i>
                        <i>0.0194629 0.994164 0.106112 -0.983592 1.11022e-016 0.180409 0.179356 -0.107882 0.977851 -2.86934 2.56533 -1.94485</i>
                        <i>0.0195587 0.994106 0.106634 -0.983592 -4.44089e-016 0.180409 0.179346 -0.108413 0.977794 -2.86934 2.56674 -1.94485</i>
                        <i>0.0196393 0.994057 0.107074 -0.983592 -4.44089e-016 0.180409 0.179337 -0.10886 0.977746 -2.86934 2.56818 -1.94485</i>
                        <i>0.0197037 0.994018 0.107425 -0.983592 0 0.180409 0.17933 -0.109217 0.977708 -2.86934 2.56964 -1.94485</i>
                        <i>0.0197507 0.993989 0.107681 -0.983592 -2.22045e-016 0.180409 0.179325 -0.109477 0.97768 -2.86934 2.57112 -1.94485</i>
                        <i>0.019763 0.993982 0.107748 -0.983592 -2.22045e-016 0.180409 0.179323 -0.109546 0.977672 -2.86934 2.57259 -1.94485</i>
                        <i>0.0197276 0.994003 0.107555 -0.983592 0 0.180409 0.179327 -0.109349 0.977693 -2.86934 2.57405 -1.94485</i>
                        <i>0.0196494 0.994051 0.107129 -0.983592 0 0.180409 0.179336 -0.108916 0.97774 -2.86934 2.57549 -1.94485</i>
                        <i>0.0195334 0.994121 0.106496 -0.983592 -2.22045e-016 0.180409 0.179349 -0.108273 0.977809 -2.86934 2.5769 -1.94485</i>
                        <i>0.0193845 0.994211 0.105684 -0.983592 -4.44089e-016 0.180409 0.179365 -0.107447 0.977897 -2.86934 2.57826 -1.94485</i>
                        <i>0.0192077 0.994316 0.10472 -0.983592 0 0.180409 0.179384 -0.106467 0.978001 -2.86934 2.57956 -1.94485</i>
                        <i>0.0190081 0.994434 0.103632 -0.983592 -2.22045e-016 0.180409 0.179405 -0.105361 0.978117 -2.86934 2.58079 -1.94485</i>
                        <i>0.0187906 0.994561 0.102446 -0.983592 -2.22045e-016 0.180409 0.179428 -0.104155 0.978242 -2.86934 2.58194 -1.94485</i>
                        <i>0.0185601 0.994694 0.10119 -0.983592 0 0.180409 0.179452 -0.102878 0.978373 -2.86934 2.583 -1.94485</i>
                        <i>0.0183217 0.99483 0.0998897 -0.983592 -2.22045e-016 0.180409 0.179476 -0.101556 0.978506 -2.86934 2.58396 -1.94485</i>
                        <i>0.0180802 0.994966 0.098573 -0.983592 -6.66134e-016 0.180409 0.179501 -0.100217 0.97864 -2.86934 2.5848 -1.94485</i>
                        <i>0.0178405 0.995098 0.0972665 -0.983592 -2.22045e-016 0.180409 0.179525 -0.0988891 0.97877 -2.86934 2.58551 -1.94485</i>
                        <i>0.0176076 0.995226 0.0959967 -0.983592 -4.44089e-016 0.180409 0.179548 -0.0975981 0.978896 -2.86934 2.58608 -1.94485</i>
                        <i>0.0173863 0.995345 0.0947903 -0.983592 -2.22045e-016 0.180409 0.17957 -0.0963716 0.979013 -2.86934 2.58651 -1.94485</i>
                        <i>0.0171815 0.995455 0.0936738 -0.983592 0 0.180409 0.179589 -0.0952365 0.979121 -2.86934 2.58677 -1.94485</i>
                        <i>0.0169981 0.995551 0.0926736 -0.983592 -2.22045e-016 0.180409 0.179607 -0.0942196 0.979216 -2.86934 2.58686 -1.94485</i>
                        <i>0.0168757 0.995615 0.0920062 -0.983592 -4.44089e-016 0.180409 0.179618 -0.093541 0.979279 -2.86934 2.58677 -1.94485</i>
                        <i>0.0167361 0.995688 0.0912452 -0.983592 -2.22045e-016 0.180409 0.179631 -0.0927674 0.97935 -2.86934 2.58651 -1.94485</i>
                        <i>0.0165834 0.995766 0.0904125 -0.983592 -4.44089e-016 0.180409 0.179645 -0.0919208 0.979427 -2.86934 2.58608 -1.94485</i>
                        <i>0.0164214 0.995849 0.0895298 -0.983592 -2.22045e-016 0.180409 0.17966 -0.0910233 0.979509 -2.86934 2.58551 -1.94485</i>
                        <i>0.0162543 0.995933 0.0886187 -0.983592 -2.22045e-016 0.180409 0.179676 -0.090097 0.979591 -2.86934 2.5848 -1.94485</i>
                        <i>0.016086 0.996017 0.0877009 -0.983592 -8.88178e-016 0.180409 0.179691 -0.089164 0.979674 -2.86934 2.58396 -1.94485</i>
                        <i>0.0159204 0.996099 0.0867981 -0.983592 0 0.180409 0.179705 -0.0882461 0.979754 -2.86934 2.583 -1.94485</i>
                        <i>0.0157615 0.996176 0.0859317 -0.983592 -4.44089e-016 0.180409 0.179719 -0.0873652 0.979831 -2.86934 2.58194 -1.94485</i>
                        <i>0.0156132 0.996248 0.0851232 -0.983592 0 0.180409 0.179732 -0.0865433 0.979901 -2.86934 2.58079 -1.94485</i>
                        <i>0.0154795 0.996312 0.0843942 -0.983592 2.22045e-016 0.180409 0.179744 -0.0858021 0.979964 -2.86934 2.57956 -1.94485</i>
                        <i>0.0153643 0.996367 0.0837661 -0.983592 0 0.180409 0.179754 -0.0851635 0.980018 -2.86934 2.57826 -1.94485</i>
                        <i>0.0152715 0.996411 0.0832602 -0.983592 0 0.180409 0.179762 -0.0846492 0.980061 -2.86934 2.5769 -1.94485</i>
                        <i>0.0152051 0.996442 0.0828981 -0.983592 -2.22045e-016 0.180409 0.179767 -0.084281 0.980092 -2.86934 2.57549 -1.94485</i>
                        <i>0.015169 0.996459 0.0827012 -0.983592 -2.22045e-016 0.180409 0.17977 -0.0840808 0.980109 -2.86934 2.57405 -1.94485</i>
                        <i>0.0151671 0.99646 0.0826909 -0.983592 -8.88178e-016 0.180409 0.179771 -0.0840704 0.98011 -2.86934 2.57259 -1.94485</i>
                        <i>0.0152034 0.996443 0.0828888 -0.983592 -2.22045e-016 0.180409 0.179767 -0.0842716 0.980093 -2.86934 2.57112 -1.94485</i>
                        <i>0.0152684 0.996412 0.0832435 -0.983592 -4.44089e-016 0.180409 0.179762 -0.0846321 0.980063 -2.86934 2.56964 -1.94485</i>
                        <i>0.0153494 0.996374 0.083685 -0.983592 0 0.180409 0.179755 -0.085081 0.980025 -2.86934 2.56818 -1.94485</i>
                        <i>0.0154452 0.996329 0.0842074 -0.983592 -2.22045e-016 0.180409 0.179747 -0.0856122 0.97998 -2.86934 2.56674 -1.94485</i>
                        <i>0.0155548 0.996276 0.0848049 -0.983592 0 0.180409 0.179737 -0.0862196 0.979929 -2.86934 2.56533 -1.94485</i>
                        <i>0.0156771 0.996217 0.0854714 -0.983592 0 0.180409 0.179727 -0.0868972 0.979871 -2.86934 2.56397 -1.94485</i>
                        <i>0.0158109 0.996152 0.086201 -0.983592 0 0.180409 0.179715 -0.0876391 0.979807 -2.86934 2.56267 -1.94485</i>
                        <i>0.0159552 0.996082 0.0869879 -0.983592 -2.22045e-016 0.180409 0.179702 -0.088439 0.979738 -2.86934 2.56144 -1.94485</i>
                        <i>0.0161089 0.996006 0.087826 -0.983592 0 0.180409 0.179689 -0.0892911 0.979663 -2.86934 2.56029 -1.94485</i>
                        <i>0.016271 0.995925 0.0887094 -0.983592 -2.22045e-016 0.180409 0.179674 -0.0901893 0.979583 -2.86934 2.55923 -1.94485</i>
                        <i>0.0164402 0.995839 0.0896322 -0.983592 -2.22045e-016 0.180409 0.179659 -0.0911275 0.979499 -2.86934 2.55827 -1.94485</i>
                        <i>0.0166156 0.99575 0.0905884 -0.983592 0 0.180409 0.179642 -0.0920996 0.979411 -2.86934 2.55743 -1.94485</i>
                        <i>0.016796 0.995657 0.091572 -0.983592 -2.22045e-016 0.180409 0.179626 -0.0930996 0.97932 -2.86934 2.55672 -1.94485</i>
                        <i>0.0169804 0.995561 0.0925771 -0.983592 -2.22045e-016 0.180409 0.179608 -0.0941215 0.979225 -2.86934 2.55614 -1.94485</i>
                        <i>0.0171676 0.995462 0.0935976 -0.983592 -2.22045e-016 0.180409 0.179591 -0.095159 0.979128 -2.86934 2.55572 -1.94485</i>
                        <i>0.0173565 0.995361 0.0946276 -0.983592 -2.22045e-016 0.180409 0.179572 -0.0962062 0.979029 -2.86934 2.55546 -1.94485</i>
                        <i>0.017546 0.995259 0.095661 -0.983592 -4.44089e-016 0.180409 0.179554 -0.0972568 0.978929 -2.86934 2.55537 -1.94485</i>
                        <i>0.0177351 0.995156 0.0966917 -0.983592 -2.22045e-016 0.180409 0.179535 -0.0983048 0.978827 -2.86934 2.55546 -1.94485</i>
                    </KeyFrames>
                </p>
            </i>
            <i>
                <p>
                    <Name><![CDATA[spine1]]></Name>
                    <Exclude>0</Exclude>
                    <Additive>0</Additive>
                    <IKPriority>0</IKPriority>
                    <IKRotLimits>-1e+010 -1e+010 -1e+010 1e+010 1e+010 1e+010</IKRotLimits>
                    <IKRotLimitOrder>0</IKRotLimitOrder>
                    <KeyFrames count="65">
                        <i>0.0552706 0.951915 0.301336 -0.983592 -2.22045e-016 0.180409 0.171734 -0.306363 0.936296 -2.86628 2.72681 -1.9282</i>
                        <i>0.0559192 0.95075 0.304871 -0.983592 -2.22045e-016 0.180409 0.171524 -0.309957 0.93515 -2.86625 2.72708 -1.92802</i>
                        <i>0.0565572 0.94959 0.30835 -0.983592 -2.22045e-016 0.180409 0.171315 -0.313494 0.934009 -2.86622 2.7275 -1.92785</i>
                        <i>0.057181 0.948442 0.311751 -0.983592 0 0.180409 0.171108 -0.316952 0.932879 -2.86619 2.72808 -1.92768</i>
                        <i>0.0577868 0.947313 0.315054 -0.983592 -2.22045e-016 0.180409 0.170904 -0.320309 0.931769 -2.86616 2.72879 -1.92751</i>
                        <i>0.0583706 0.946213 0.318237 -0.983592 0 0.180409 0.170705 -0.323546 0.930687 -2.86613 2.72964 -1.92735</i>
                        <i>0.0589289 0.945149 0.32128 -0.983592 -2.22045e-016 0.180409 0.170514 -0.32664 0.92964 -2.8661 2.73059 -1.92719</i>
                        <i>0.0594577 0.944131 0.324164 -0.983592 -2.22045e-016 0.180409 0.17033 -0.329572 0.928639 -2.86607 2.73165 -1.92705</i>
                        <i>0.0599535 0.943167 0.326867 -0.983592 -4.44089e-016 0.180409 0.170156 -0.332319 0.927691 -2.86605 2.73281 -1.92691</i>
                        <i>0.0604124 0.942267 0.329368 -0.983592 0 0.180409 0.169994 -0.334863 0.926806 -2.86602 2.73404 -1.92678</i>
                        <i>0.0608307 0.94144 0.331649 -0.983592 0 0.180409 0.169844 -0.337182 0.925992 -2.866 2.73534 -1.92666</i>
                        <i>0.0612047 0.940695 0.333688 -0.983592 1.11022e-016 0.180409 0.16971 -0.339255 0.925259 -2.86598 2.7367 -1.92656</i>
                        <i>0.0615306 0.940041 0.335465 -0.983592 -4.44089e-016 0.180409 0.169592 -0.341061 0.924617 -2.86597 2.73811 -1.92647</i>
                        <i>0.0618048 0.939488 0.33696 -0.983592 -4.44089e-016 0.180409 0.169492 -0.342581 0.924073 -2.86595 2.73955 -1.92639</i>
                        <i>0.0620236 0.939045 0.338153 -0.983592 0 0.180409 0.169412 -0.343794 0.923637 -2.86594 2.74101 -1.92633</i>
                        <i>0.0621831 0.938721 0.339023 -0.983592 -2.22045e-016 0.180409 0.169354 -0.344678 0.923318 -2.86593 2.74249 -1.92629</i>
                        <i>0.0622251 0.938635 0.339251 -0.983592 -2.22045e-016 0.180409 0.169339 -0.344911 0.923234 -2.86593 2.74396 -1.92627</i>
                        <i>0.0621049 0.93888 0.338596 -0.983592 0 0.180409 0.169383 -0.344244 0.923475 -2.86594 2.74542 -1.92631</i>
                        <i>0.0618391 0.939419 0.337147 -0.983592 0 0.180409 0.16948 -0.342771 0.924005 -2.86595 2.74686 -1.92638</i>
                        <i>0.0614444 0.940214 0.334995 -0.983592 -2.22045e-016 0.180409 0.169623 -0.340584 0.924787 -2.86597 2.74827 -1.92649</i>
                        <i>0.0609373 0.941228 0.332231 -0.983592 -4.44089e-016 0.180409 0.169806 -0.337773 0.925784 -2.866 2.74962 -1.92663</i>
                        <i>0.0603344 0.94242 0.328943 -0.983592 0 0.180409 0.170021 -0.334431 0.926957 -2.86603 2.75093 -1.9268</i>
                        <i>0.0596522 0.943754 0.325224 -0.983592 -2.22045e-016 0.180409 0.170262 -0.330649 0.928268 -2.86606 2.75216 -1.92699</i>
                        <i>0.0589072 0.94519 0.321162 -0.983592 -2.22045e-016 0.180409 0.170521 -0.32652 0.929681 -2.8661 2.75331 -1.9272</i>
                        <i>0.0581163 0.946693 0.31685 -0.983592 0 0.180409 0.170792 -0.322136 0.93116 -2.86614 2.75436 -1.92742</i>
                        <i>0.0572961 0.948228 0.312378 -0.983592 -2.22045e-016 0.180409 0.171069 -0.31759 0.932669 -2.86618 2.75532 -1.92764</i>
                        <i>0.0564635 0.949761 0.307839 -0.983592 -6.66134e-016 0.180409 0.171346 -0.312975 0.934177 -2.86622 2.75616 -1.92787</i>
                        <i>0.0556355 0.951262 0.303325 -0.983592 -2.22045e-016 0.180409 0.171616 -0.308385 0.935653 -2.86627 2.75687 -1.9281</i>
                        <i>0.054829 0.952699 0.298928 -0.983592 -4.44089e-016 0.180409 0.171876 -0.303915 0.937067 -2.86631 2.75744 -1.92832</i>
                        <i>0.0540612 0.954046 0.294742 -0.983592 -2.22045e-016 0.180409 0.172119 -0.299659 0.938392 -2.86635 2.75786 -1.92853</i>
                        <i>0.0533493 0.955277 0.29086 -0.983592 0 0.180409 0.172341 -0.295713 0.939602 -2.86638 2.75813 -1.92872</i>
                        <i>0.0527105 0.956366 0.287378 -0.983592 -2.22045e-016 0.180409 0.172537 -0.292172 0.940673 -2.86641 2.75821 -1.9289</i>
                        <i>0.0522836 0.957086 0.28505 -0.983592 -4.44089e-016 0.180409 0.172667 -0.289806 0.941381 -2.86643 2.75812 -1.92901</i>
                        <i>0.0517964 0.957899 0.282394 -0.983592 -2.22045e-016 0.180409 0.172814 -0.287105 0.942182 -2.86646 2.75786 -1.92915</i>
                        <i>0.0512626 0.958781 0.279484 -0.983592 -4.44089e-016 0.180409 0.172973 -0.284146 0.943049 -2.86648 2.75743 -1.92929</i>
                        <i>0.0506959 0.959706 0.276394 -0.983592 -2.22045e-016 0.180409 0.17314 -0.281005 0.943959 -2.86651 2.75686 -1.92944</i>
                        <i>0.0501103 0.960651 0.273201 -0.983592 -2.22045e-016 0.180409 0.17331 -0.277759 0.944888 -2.86654 2.75614 -1.9296</i>
                        <i>0.0495196 0.961591 0.269981 -0.983592 -8.88178e-016 0.180409 0.17348 -0.274485 0.945813 -2.86657 2.7553 -1.92976</i>
                        <i>0.0489376 0.962506 0.266808 -0.983592 0 0.180409 0.173645 -0.271259 0.946713 -2.8666 2.75434 -1.92992</i>
                        <i>0.0483785 0.963374 0.26376 -0.983592 -4.44089e-016 0.180409 0.173802 -0.26816 0.947567 -2.86663 2.75328 -1.93007</i>
                        <i>0.0478561 0.964176 0.260912 -0.983592 0 0.180409 0.173946 -0.265264 0.948355 -2.86665 2.75213 -1.93021</i>
                        <i>0.0473846 0.964891 0.258341 -0.983592 2.22045e-016 0.180409 0.174075 -0.26265 0.949059 -2.86668 2.7509 -1.93033</i>
                        <i>0.0469779 0.965502 0.256123 -0.983592 0 0.180409 0.174185 -0.260396 0.94966 -2.8667 2.7496 -1.93044</i>
                        <i>0.0466501 0.96599 0.254336 -0.983592 0 0.180409 0.174274 -0.258579 0.95014 -2.86671 2.74824 -1.93053</i>
                        <i>0.0464153 0.966337 0.253056 -0.983592 -2.22045e-016 0.180409 0.174336 -0.257278 0.950481 -2.86672 2.74683 -1.93059</i>
                        <i>0.0462876 0.966526 0.25236 -0.983592 -2.22045e-016 0.180409 0.17437 -0.25657 0.950667 -2.86673 2.74539 -1.93063</i>
                        <i>0.0462809 0.966536 0.252324 -0.983592 -8.88178e-016 0.180409 0.174372 -0.256533 0.950676 -2.86673 2.74393 -1.93063</i>
                        <i>0.0464093 0.966346 0.253023 -0.983592 -2.22045e-016 0.180409 0.174338 -0.257244 0.95049 -2.86672 2.74245 -1.9306</i>
                        <i>0.0466392 0.966006 0.254277 -0.983592 -4.44089e-016 0.180409 0.174276 -0.258519 0.950156 -2.86671 2.74098 -1.93053</i>
                        <i>0.0469253 0.96558 0.255837 -0.983592 0 0.180409 0.1742 -0.260105 0.949737 -2.8667 2.73952 -1.93046</i>
                        <i>0.0472637 0.965073 0.257682 -0.983592 -2.22045e-016 0.180409 0.174108 -0.26198 0.949238 -2.86668 2.73808 -1.93037</i>
                        <i>0.0476502 0.964489 0.259789 -0.983592 0 0.180409 0.174003 -0.264123 0.948663 -2.86666 2.73667 -1.93026</i>
                        <i>0.0480811 0.963832 0.262139 -0.983592 0 0.180409 0.173884 -0.266512 0.948017 -2.86664 2.73532 -1.93015</i>
                        <i>0.0485524 0.963106 0.264708 -0.983592 0 0.180409 0.173753 -0.269124 0.947303 -2.86662 2.73401 -1.93002</i>
                        <i>0.04906 0.962315 0.267475 -0.983592 -2.22045e-016 0.180409 0.173611 -0.271937 0.946525 -2.86659 2.73278 -1.92989</i>
                        <i>0.0496001 0.961464 0.27042 -0.983592 0 0.180409 0.173457 -0.274931 0.945688 -2.86657 2.73163 -1.92974</i>
                        <i>0.0501686 0.960557 0.27352 -0.983592 -2.22045e-016 0.180409 0.173293 -0.278082 0.944796 -2.86654 2.73057 -1.92959</i>
                        <i>0.0507617 0.959599 0.276753 -0.983592 -2.22045e-016 0.180409 0.173121 -0.28137 0.943854 -2.86651 2.72962 -1.92943</i>
                        <i>0.0513754 0.958595 0.280099 -0.983592 0 0.180409 0.172939 -0.284771 0.942867 -2.86648 2.72878 -1.92926</i>
                        <i>0.0520057 0.957551 0.283535 -0.983592 -2.22045e-016 0.180409 0.172751 -0.288265 0.941839 -2.86645 2.72807 -1.92909</i>
                        <i>0.0526488 0.95647 0.287041 -0.983592 -2.22045e-016 0.180409 0.172556 -0.29183 0.940776 -2.86642 2.7275 -1.92892</i>
                        <i>0.0533007 0.95536 0.290595 -0.983592 -2.22045e-016 0.180409 0.172356 -0.295443 0.939684 -2.86638 2.72707 -1.92874</i>
                        <i>0.0539575 0.954227 0.294177 -0.983592 -2.22045e-016 0.180409 0.172151 -0.299084 0.938569 -2.86635 2.72681 -1.92856</i>
                        <i>0.0546155 0.953076 0.297764 -0.983592 -4.44089e-016 0.180409 0.171944 -0.302731 0.937438 -2.86632 2.72672 -1.92838</i>
                        <i>0.0552706 0.951915 0.301336 -0.983592 -2.22045e-016 0.180409 0.171734 -0.306363 0.936296 -2.86628 2.72681 -1.9282</i>
                    </KeyFrames>
                </p>
            </i>
            <i>
                <p>
                    <Name><![CDATA[spine2]]></Name>
                    <Exclude>0</Exclude>
                    <Additive>0</Additive>
                    <IKPriority>0</IKPriority>
                    <IKRotLimits>-1e+010 -1e+010 -1e+010 1e+010 1e+010 1e+010</IKRotLimits>
                    <IKRotLimitOrder>0</IKRotLimitOrder>
                    <KeyFrames count="65">
                        <i>0.0917793 0.860927 0.500381 -0.983592 -2.22045e-016 0.180409 0.155319 -0.508728 0.846801 -2.85752 2.87763 -1.88042</i>
                        <i>0.0925534 0.858377 0.504602 -0.983592 -2.22045e-016 0.180409 0.154859 -0.513019 0.844292 -2.85739 2.87773 -1.87968</i>
                        <i>0.0933134 0.855845 0.508745 -0.983592 -2.22045e-016 0.180409 0.154402 -0.517232 0.841802 -2.85725 2.87798 -1.87895</i>
                        <i>0.0940546 0.853349 0.512786 -0.983592 0 0.180409 0.153952 -0.52134 0.839347 -2.85712 2.87839 -1.87823</i>
                        <i>0.0947727 0.850904 0.516701 -0.983592 -2.22045e-016 0.180409 0.153511 -0.525321 0.836942 -2.85699 2.87894 -1.87754</i>
                        <i>0.0954634 0.848529 0.520466 -0.983592 0 0.180409 0.153082 -0.529149 0.834606 -2.85687 2.87962 -1.87687</i>
                        <i>0.0961223 0.84624 0.524059 -0.983592 -2.22045e-016 0.180409 0.15267 -0.532802 0.832355 -2.85675 2.88042 -1.87622</i>
                        <i>0.0967453 0.844056 0.527456 -0.983592 -2.22045e-016 0.180409 0.152276 -0.536255 0.830207 -2.85664 2.88133 -1.87562</i>
                        <i>0.0973282 0.841995 0.530633 -0.983592 -4.44089e-016 0.180409 0.151904 -0.539485 0.828179 -2.85653 2.88234 -1.87504</i>
                        <i>0.0978667 0.840075 0.533569 -0.983592 0 0.180409 0.151557 -0.54247 0.826291 -2.85644 2.88345 -1.87452</i>
                        <i>0.0983567 0.838315 0.536241 -0.983592 0 0.180409 0.15124 -0.545187 0.824559 -2.85635 2.88463 -1.87403</i>
                        <i>0.0987942 0.836733 0.538626 -0.983592 1.11022e-016 0.180409 0.150954 -0.547612 0.823003 -2.85627 2.88588 -1.8736</i>
                        <i>0.099175 0.835347 0.540702 -0.983592 -4.44089e-016 0.180409 0.150704 -0.549722 0.821641 -2.8562 2.88719 -1.87323</i>
                        <i>0.099495 0.834178 0.542447 -0.983592 -4.44089e-016 0.180409 0.150493 -0.551496 0.82049 -2.85614 2.88855 -1.87291</i>
                        <i>0.0997499 0.833241 0.543837 -0.983592 0 0.180409 0.150324 -0.552909 0.819569 -2.8561 2.88994 -1.87266</i>
                        <i>0.0999358 0.832557 0.54485 -0.983592 -2.22045e-016 0.180409 0.150201 -0.553939 0.818896 -2.85606 2.89137 -1.87247</i>
                        <i>0.0999846 0.832377 0.545116 -0.983592 -2.22045e-016 0.180409 0.150168 -0.55421 0.818719 -2.85605 2.89283 -1.87242</i>
                        <i>0.0998446 0.832893 0.544353 -0.983592 0 0.180409 0.150262 -0.553434 0.819227 -2.85608 2.89433 -1.87256</i>
                        <i>0.0995349 0.834031 0.542665 -0.983592 0 0.180409 0.150467 -0.551717 0.820346 -2.85614 2.89585 -1.87287</i>
                        <i>0.0990744 0.835714 0.540154 -0.983592 -2.22045e-016 0.180409 0.150771 -0.549165 0.822002 -2.85622 2.89737 -1.87333</i>
                        <i>0.0984816 0.837864 0.536922 -0.983592 -4.44089e-016 0.180409 0.151158 -0.545879 0.824116 -2.85633 2.89888 -1.87391</i>
                        <i>0.0977752 0.840402 0.533071 -0.983592 0 0.180409 0.151616 -0.541964 0.826612 -2.85645 2.90035 -1.87461</i>
                        <i>0.096974 0.843249 0.528703 -0.983592 -2.22045e-016 0.180409 0.15213 -0.537522 0.829413 -2.8566 2.90178 -1.87539</i>
                        <i>0.0960968 0.846329 0.52392 -0.983592 -2.22045e-016 0.180409 0.152686 -0.53266 0.832442 -2.85676 2.90314 -1.87625</i>
                        <i>0.0951627 0.849566 0.518827 -0.983592 0 0.180409 0.15327 -0.527482 0.835626 -2.85692 2.90442 -1.87716</i>
                        <i>0.0941911 0.852886 0.51353 -0.983592 -2.22045e-016 0.180409 0.153869 -0.522097 0.838892 -2.8571 2.9056 -1.8781</i>
                        <i>0.0932018 0.856219 0.508137 -0.983592 -6.66134e-016 0.180409 0.15447 -0.516613 0.84217 -2.85727 2.90666 -1.87906</i>
                        <i>0.092215 0.859495 0.502756 -0.983592 -2.22045e-016 0.180409 0.155061 -0.511143 0.845393 -2.85745 2.90759 -1.88001</i>
                        <i>0.091251 0.862651 0.497501 -0.983592 -4.44089e-016 0.180409 0.15563 -0.5058 0.848496 -2.85761 2.90838 -1.88093</i>
                        <i>0.0903308 0.865621 0.492484 -0.983592 -2.22045e-016 0.180409 0.156166 -0.500699 0.851418 -2.85778 2.909 -1.88181</i>
                        <i>0.0894752 0.868347 0.487819 -0.983592 0 0.180409 0.156658 -0.495957 0.854099 -2.85793 2.90944 -1.88262</i>
                        <i>0.0887058 0.870769 0.483624 -0.983592 -2.22045e-016 0.180409 0.157095 -0.491692 0.856481 -2.85806 2.90969 -1.88335</i>
                        <i>0.0881907 0.872375 0.480816 -0.983592 -4.44089e-016 0.180409 0.157385 -0.488837 0.858061 -2.85815 2.9097 -1.88384</i>
                        <i>0.0876018 0.874196 0.477605 -0.983592 -2.22045e-016 0.180409 0.157713 -0.485573 0.859852 -2.85825 2.90956 -1.8844</i>
                        <i>0.0869555 0.876177 0.474082 -0.983592 -4.44089e-016 0.180409 0.15807 -0.48199 0.8618 -2.85836 2.90926 -1.88501</i>
                        <i>0.0862682 0.878262 0.470335 -0.983592 -2.22045e-016 0.180409 0.158446 -0.478181 0.863851 -2.85848 2.90882 -1.88565</i>
                        <i>0.0855566 0.880398 0.466455 -0.983592 -2.22045e-016 0.180409 0.158832 -0.474236 0.865952 -2.8586 2.90824 -1.88632</i>
                        <i>0.0848373 0.882534 0.462533 -0.983592 -8.88178e-016 0.180409 0.159217 -0.470249 0.868053 -2.85873 2.90754 -1.88699</i>
                        <i>0.0841274 0.884619 0.458663 -0.983592 0 0.180409 0.159593 -0.466314 0.870104 -2.85885 2.90672 -1.88766</i>
                        <i>0.0834441 0.886605 0.454937 -0.983592 -4.44089e-016 0.180409 0.159952 -0.462527 0.872058 -2.85896 2.90579 -1.88829</i>
                        <i>0.0828046 0.888446 0.451451 -0.983592 0 0.180409 0.160284 -0.458982 0.873868 -2.85907 2.90475 -1.88889</i>
                        <i>0.0822263 0.890094 0.448298 -0.983592 2.22045e-016 0.180409 0.160581 -0.455777 0.875489 -2.85917 2.90362 -1.88942</i>
                        <i>0.081727 0.891506 0.445576 -0.983592 0 0.180409 0.160836 -0.453009 0.876878 -2.85926 2.90241 -1.88988</i>
                        <i>0.081324 0.892637 0.443379 -0.983592 0 0.180409 0.16104 -0.450775 0.877991 -2.85933 2.90112 -1.89026</i>
                        <i>0.0810352 0.893444 0.441804 -0.983592 -2.22045e-016 0.180409 0.161186 -0.449174 0.878784 -2.85937 2.89977 -1.89052</i>
                        <i>0.0808779 0.893882 0.440947 -0.983592 -2.22045e-016 0.180409 0.161265 -0.448302 0.879215 -2.8594 2.89835 -1.89067</i>
                        <i>0.0808697 0.893905 0.440902 -0.983592 -8.88178e-016 0.180409 0.161269 -0.448257 0.879237 -2.8594 2.89689 -1.89068</i>
                        <i>0.0810277 0.893465 0.441763 -0.983592 -2.22045e-016 0.180409 0.161189 -0.449133 0.878805 -2.85938 2.89539 -1.89053</i>
                        <i>0.0813106 0.892675 0.443306 -0.983592 -4.44089e-016 0.180409 0.161047 -0.450701 0.878028 -2.85933 2.89387 -1.89027</i>
                        <i>0.0816624 0.891688 0.445224 -0.983592 0 0.180409 0.160869 -0.452651 0.877057 -2.85927 2.89234 -1.88994</i>
                        <i>0.0820779 0.890515 0.447489 -0.983592 -2.22045e-016 0.180409 0.160657 -0.454954 0.875903 -2.8592 2.89083 -1.88956</i>
                        <i>0.0825522 0.889167 0.450075 -0.983592 0 0.180409 0.160414 -0.457583 0.874577 -2.85912 2.88934 -1.88912</i>
                        <i>0.0830802 0.887655 0.452953 -0.983592 0 0.180409 0.160141 -0.46051 0.87309 -2.85903 2.88788 -1.88863</i>
                        <i>0.0836567 0.885989 0.456097 -0.983592 0 0.180409 0.159841 -0.463705 0.871452 -2.85893 2.88648 -1.88809</i>
                        <i>0.0842768 0.884182 0.459478 -0.983592 -2.22045e-016 0.180409 0.159515 -0.467143 0.869674 -2.85882 2.88513 -1.88752</i>
                        <i>0.0849354 0.882244 0.463068 -0.983592 0 0.180409 0.159165 -0.470793 0.867767 -2.85871 2.88385 -1.8869</i>
                        <i>0.0856275 0.880186 0.466842 -0.983592 -2.22045e-016 0.180409 0.158794 -0.474629 0.865743 -2.85859 2.88266 -1.88625</i>
                        <i>0.0863481 0.87802 0.47077 -0.983592 -2.22045e-016 0.180409 0.158403 -0.478623 0.863613 -2.85847 2.88157 -1.88558</i>
                        <i>0.0870922 0.875759 0.474827 -0.983592 0 0.180409 0.157995 -0.482748 0.86139 -2.85834 2.88058 -1.88488</i>
                        <i>0.0878549 0.873416 0.478985 -0.983592 -2.22045e-016 0.180409 0.157572 -0.486976 0.859084 -2.85821 2.87972 -1.88416</i>
                        <i>0.0886314 0.871002 0.483218 -0.983592 -2.22045e-016 0.180409 0.157137 -0.491279 0.85671 -2.85807 2.87898 -1.88342</i>
                        <i>0.0894167 0.868532 0.4875 -0.983592 -2.22045e-016 0.180409 0.156691 -0.495633 0.854281 -2.85794 2.8784 -1.88268</i>
                        <i>0.0902063 0.86602 0.491805 -0.983592 -2.22045e-016 0.180409 0.156238 -0.500009 0.85181 -2.8578 2.87797 -1.88193</i>
                        <i>0.0909954 0.86348 0.496107 -0.983592 -4.44089e-016 0.180409 0.15578 -0.504383 0.849312 -2.85766 2.87771 -1.88117</i>
                        <i>0.0917793 0.860927 0.500381 -0.983592 -2.22045e-016 0.180409 0.155319 -0.508728 0.846801 -2.85752 2.87763 -1.88042</i>
                    </KeyFrames>
                </p>
            </i>
            <i>
                <p>
                    <Name><![CDATA[head]]></Name>
                    <Exclude>0</Exclude>
                    <Additive>0</Additive>
                    <IKPriority>0</IKPriority>
                    <IKRotLimits>-1e+010 -1e+010 -1e+010 1e+010 1e+010 1e+010</IKRotLimits>
                    <IKRotLimitOrder>0</IKRotLimitOrder>
                    <KeyFrames count="65">
