<?xml version="1.0" encoding="ISO-8859-1" ?>
<Animl Version="1">
    <ModellingPackage><![CDATA[Maya.2010]]></ModellingPackage>
    <SrcFile><![CDATA[anims\turrets\artillery\red\~src\artillery_scud\artillery_scud_idle_crewman_b.mb]]></SrcFile>
    <FramesPerSecond>30</FramesPerSecond>
    <TotalFrames>97</TotalFrames>
    <Skeleton>
        <RefFrame>
            <Name><![CDATA[soldier_ref_frame]]></Name>
            <Exclude>0</Exclude>
            <Additive>0</Additive>
            <IKPriority>0</IKPriority>
            <IKRotLimits>-1e+010 -1e+010 -1e+010 1e+010 1e+010 1e+010</IKRotLimits>
            <IKRotLimitOrder>0</IKRotLimitOrder>
            <KeyFrames count="97">
                <i>1 0 0 0 1 0 0 0 1 2.41041 1.34485 -0.373551</i>
                <i>1 0 0 0 1 0 0 0 1 2.41041 1.34485 -0.373551</i>
                <i>1 0 0 0 1 0 0 0 1 2.41041 1.34485 -0.373551</i>
                <i>1 0 0 0 1 0 0 0 1 2.41041 1.34485 -0.373551</i>
                <i>1 0 0 0 1 0 0 0 1 2.41041 1.34485 -0.373551</i>
                <i>1 0 0 0 1 0 0 0 1 2.41041 1.34485 -0.373551</i>
                <i>1 0 0 0 1 0 0 0 1 2.41041 1.34485 -0.373551</i>
                <i>1 0 0 0 1 0 0 0 1 2.41041 1.34485 -0.373551</i>
                <i>1 0 0 0 1 0 0 0 1 2.41041 1.34485 -0.373551</i>
                <i>1 0 0 0 1 0 0 0 1 2.41041 1.34485 -0.373551</i>
                <i>1 0 0 0 1 0 0 0 1 2.41041 1.34485 -0.373551</i>
                <i>1 0 0 0 1 0 0 0 1 2.41041 1.34485 -0.373551</i>
                <i>1 0 0 0 1 0 0 0 1 2.41041 1.34485 -0.373551</i>
                <i>1 0 0 0 1 0 0 0 1 2.41041 1.34485 -0.373551</i>
                <i>1 0 0 0 1 0 0 0 1 2.41041 1.34485 -0.373551</i>
                <i>1 0 0 0 1 0 0 0 1 2.41041 1.34485 -0.373551</i>
                <i>1 0 0 0 1 0 0 0 1 2.41041 1.34485 -0.373551</i>
                <i>1 0 0 0 1 0 0 0 1 2.41041 1.34485 -0.373551</i>
                <i>1 0 0 0 1 0 0 0 1 2.41041 1.34485 -0.373551</i>
                <i>1 0 0 0 1 0 0 0 1 2.41041 1.34485 -0.373551</i>
                <i>1 0 0 0 1 0 0 0 1 2.41041 1.34485 -0.373551</i>
                <i>1 0 0 0 1 0 0 0 1 2.41041 1.34485 -0.373551</i>
                <i>1 0 0 0 1 0 0 0 1 2.41041 1.34485 -0.373551</i>
                <i>1 0 0 0 1 0 0 0 1 2.41041 1.34485 -0.373551</i>
                <i>1 0 0 0 1 0 0 0 1 2.41041 1.34485 -0.373551</i>
                <i>1 0 0 0 1 0 0 0 1 2.41041 1.34485 -0.373551</i>
                <i>1 0 0 0 1 0 0 0 1 2.41041 1.34485 -0.373551</i>
                <i>1 0 0 0 1 0 0 0 1 2.41041 1.34485 -0.373551</i>
                <i>1 0 0 0 1 0 0 0 1 2.41041 1.34485 -0.373551</i>
                <i>1 0 0 0 1 0 0 0 1 2.41041 1.34485 -0.373551</i>
                <i>1 0 0 0 1 0 0 0 1 2.41041 1.34485 -0.373551</i>
                <i>1 0 0 0 1 0 0 0 1 2.41041 1.34485 -0.373551</i>
                <i>1 0 0 0 1 0 0 0 1 2.41041 1.34485 -0.373551</i>
                <i>1 0 0 0 1 0 0 0 1 2.41041 1.34485 -0.373551</i>
                <i>1 0 0 0 1 0 0 0 1 2.41041 1.34485 -0.373551</i>
                <i>1 0 0 0 1 0 0 0 1 2.41041 1.34485 -0.373551</i>
                <i>1 0 0 0 1 0 0 0 1 2.41041 1.34485 -0.373551</i>
                <i>1 0 0 0 1 0 0 0 1 2.41041 1.34485 -0.373551</i>
                <i>1 0 0 0 1 0 0 0 1 2.41041 1.34485 -0.373551</i>
                <i>1 0 0 0 1 0 0 0 1 2.41041 1.34485 -0.373551</i>
                <i>1 0 0 0 1 0 0 0 1 2.41041 1.34485 -0.373551</i>
                <i>1 0 0 0 1 0 0 0 1 2.41041 1.34485 -0.373551</i>
                <i>1 0 0 0 1 0 0 0 1 2.41041 1.34485 -0.373551</i>
                <i>1 0 0 0 1 0 0 0 1 2.41041 1.34485 -0.373551</i>
                <i>1 0 0 0 1 0 0 0 1 2.41041 1.34485 -0.373551</i>
                <i>1 0 0 0 1 0 0 0 1 2.41041 1.34485 -0.373551</i>
                <i>1 0 0 0 1 0 0 0 1 2.41041 1.34485 -0.373551</i>
                <i>1 0 0 0 1 0 0 0 1 2.41041 1.34485 -0.373551</i>
                <i>1 0 0 0 1 0 0 0 1 2.41041 1.34485 -0.373551</i>
                <i>1 0 0 0 1 0 0 0 1 2.41041 1.34485 -0.373551</i>
                <i>1 0 0 0 1 0 0 0 1 2.41041 1.34485 -0.373551</i>
                <i>1 0 0 0 1 0 0 0 1 2.41041 1.34485 -0.373551</i>
                <i>1 0 0 0 1 0 0 0 1 2.41041 1.34485 -0.373551</i>
                <i>1 0 0 0 1 0 0 0 1 2.41041 1.34485 -0.373551</i>
                <i>1 0 0 0 1 0 0 0 1 2.41041 1.34485 -0.373551</i>
                <i>1 0 0 0 1 0 0 0 1 2.41041 1.34485 -0.373551</i>
                <i>1 0 0 0 1 0 0 0 1 2.41041 1.34485 -0.373551</i>
                <i>1 0 0 0 1 0 0 0 1 2.41041 1.34485 -0.373551</i>
                <i>1 0 0 0 1 0 0 0 1 2.41041 1.34485 -0.373551</i>
                <i>1 0 0 0 1 0 0 0 1 2.41041 1.34485 -0.373551</i>
                <i>1 0 0 0 1 0 0 0 1 2.41041 1.34485 -0.373551</i>
                <i>1 0 0 0 1 0 0 0 1 2.41041 1.34485 -0.373551</i>
                <i>1 0 0 0 1 0 0 0 1 2.41041 1.34485 -0.373551</i>
                <i>1 0 0 0 1 0 0 0 1 2.41041 1.34485 -0.373551</i>
                <i>1 0 0 0 1 0 0 0 1 2.41041 1.34485 -0.373551</i>
                <i>1 0 0 0 1 0 0 0 1 2.41041 1.34485 -0.373551</i>
                <i>1 0 0 0 1 0 0 0 1 2.41041 1.34485 -0.373551</i>
                <i>1 0 0 0 1 0 0 0 1 2.41041 1.34485 -0.373551</i>
                <i>1 0 0 0 1 0 0 0 1 2.41041 1.34485 -0.373551</i>
                <i>1 0 0 0 1 0 0 0 1 2.41041 1.34485 -0.373551</i>
                <i>1 0 0 0 1 0 0 0 1 2.41041 1.34485 -0.373551</i>
                <i>1 0 0 0 1 0 0 0 1 2.41041 1.34485 -0.373551</i>
                <i>1 0 0 0 1 0 0 0 1 2.41041 1.34485 -0.373551</i>
                <i>1 0 0 0 1 0 0 0 1 2.41041 1.34485 -0.373551</i>
                <i>1 0 0 0 1 0 0 0 1 2.41041 1.34485 -0.373551</i>
                <i>1 0 0 0 1 0 0 0 1 2.41041 1.34485 -0.373551</i>
                <i>1 0 0 0 1 0 0 0 1 2.41041 1.34485 -0.373551</i>
                <i>1 0 0 0 1 0 0 0 1 2.41041 1.34485 -0.373551</i>
                <i>1 0 0 0 1 0 0 0 1 2.41041 1.34485 -0.373551</i>
                <i>1 0 0 0 1 0 0 0 1 2.41041 1.34485 -0.373551</i>
                <i>1 0 0 0 1 0 0 0 1 2.41041 1.34485 -0.373551</i>
                <i>1 0 0 0 1 0 0 0 1 2.41041 1.34485 -0.373551</i>
                <i>1 0 0 0 1 0 0 0 1 2.41041 1.34485 -0.373551</i>
                <i>1 0 0 0 1 0 0 0 1 2.41041 1.34485 -0.373551</i>
                <i>1 0 0 0 1 0 0 0 1 2.41041 1.34485 -0.373551</i>
                <i>1 0 0 0 1 0 0 0 1 2.41041 1.34485 -0.373551</i>
                <i>1 0 0 0 1 0 0 0 1 2.41041 1.34485 -0.373551</i>
                <i>1 0 0 0 1 0 0 0 1 2.41041 1.34485 -0.373551</i>
                <i>1 0 0 0 1 0 0 0 1 2.41041 1.34485 -0.373551</i>
                <i>1 0 0 0 1 0 0 0 1 2.41041 1.34485 -0.373551</i>
                <i>1 0 0 0 1 0 0 0 1 2.41041 1.34485 -0.373551</i>
                <i>1 0 0 0 1 0 0 0 1 2.41041 1.34485 -0.373551</i>
                <i>1 0 0 0 1 0 0 0 1 2.41041 1.34485 -0.373551</i>
                <i>1 0 0 0 1 0 0 0 1 2.41041 1.34485 -0.373551</i>
                <i>1 0 0 0 1 0 0 0 1 2.41041 1.34485 -0.373551</i>
                <i>1 0 0 0 1 0 0 0 1 2.41041 1.34485 -0.373551</i>
                <i>1 0 0 0 1 0 0 0 1 2.41041 1.34485 -0.373551</i>
            </KeyFrames>
        </RefFrame>
        <Bones count="23">
            <i>
                <p>
                    <Name><![CDATA[pelvis]]></Name>
                    <Exclude>0</Exclude>
                    <Additive>0</Additive>
                    <IKPriority>0</IKPriority>
                    <IKRotLimits>-1e+010 -1e+010 -1e+010 1e+010 1e+010 1e+010</IKRotLimits>
                    <IKRotLimitOrder>2</IKRotLimitOrder>
                    <KeyFrames count="97">
                        <i>1 0 0 0 1 0 0 0 1 2.41041 1.92438 -0.373551</i>
                        <i>1 0 0 0 1 0 0 0 1 2.41041 1.92438 -0.373551</i>
                        <i>1 0 0 0 1 0 0 0 1 2.41041 1.92438 -0.373551</i>
                        <i>1 0 0 0 1 0 0 0 1 2.41041 1.92438 -0.373551</i>
                        <i>1 0 0 0 1 0 0 0 1 2.41041 1.92438 -0.373551</i>
                        <i>1 0 0 0 1 0 0 0 1 2.41041 1.92438 -0.373551</i>
                        <i>1 0 0 0 1 0 0 0 1 2.41041 1.92438 -0.373551</i>
                        <i>1 0 0 0 1 0 0 0 1 2.41041 1.92438 -0.373551</i>
                        <i>1 0 0 0 1 0 0 0 1 2.41041 1.92438 -0.373551</i>
                        <i>1 0 0 0 1 0 0 0 1 2.41041 1.92438 -0.373551</i>
                        <i>1 0 0 0 1 0 0 0 1 2.41041 1.92438 -0.373551</i>
                        <i>1 0 0 0 1 0 0 0 1 2.41041 1.92438 -0.373551</i>
                        <i>1 0 0 0 1 0 0 0 1 2.41041 1.92438 -0.373551</i>
                        <i>1 0 0 0 1 0 0 0 1 2.41041 1.92438 -0.373551</i>
                        <i>1 0 0 0 1 0 0 0 1 2.41041 1.92438 -0.373551</i>
                        <i>1 0 0 0 1 0 0 0 1 2.41041 1.92438 -0.373551</i>
                        <i>1 0 0 0 1 0 0 0 1 2.41041 1.92438 -0.373551</i>
                        <i>1 0 0 0 1 0 0 0 1 2.41041 1.92438 -0.373551</i>
                        <i>1 0 0 0 1 0 0 0 1 2.41041 1.92438 -0.373551</i>
                        <i>1 0 0 0 1 0 0 0 1 2.41041 1.92438 -0.373551</i>
                        <i>1 0 0 0 1 0 0 0 1 2.41041 1.92438 -0.373551</i>
                        <i>1 0 0 0 1 0 0 0 1 2.41041 1.92438 -0.373551</i>
                        <i>1 0 0 0 1 0 0 0 1 2.41041 1.92438 -0.373551</i>
                        <i>1 0 0 0 1 0 0 0 1 2.41041 1.92438 -0.373551</i>
                        <i>1 0 0 0 1 0 0 0 1 2.41041 1.92438 -0.373551</i>
                        <i>1 0 0 0 1 0 0 0 1 2.41041 1.92438 -0.373551</i>
                        <i>1 0 0 0 1 0 0 0 1 2.41041 1.92438 -0.373551</i>
                        <i>1 0 0 0 1 0 0 0 1 2.41041 1.92438 -0.373551</i>
                        <i>1 0 0 0 1 0 0 0 1 2.41041 1.92438 -0.373551</i>
                        <i>1 0 0 0 1 0 0 0 1 2.41041 1.92438 -0.373551</i>
                        <i>1 0 0 0 1 0 0 0 1 2.41041 1.92438 -0.373551</i>
                        <i>1 0 0 0 1 0 0 0 1 2.41041 1.92438 -0.373551</i>
                        <i>1 0 0 0 1 0 0 0 1 2.41041 1.92438 -0.373551</i>
                        <i>1 0 0 0 1 0 0 0 1 2.41041 1.92438 -0.373551</i>
                        <i>1 0 0 0 1 0 0 0 1 2.41041 1.92438 -0.373551</i>
                        <i>1 0 0 0 1 0 0 0 1 2.41041 1.92438 -0.373551</i>
                        <i>1 0 0 0 1 0 0 0 1 2.41041 1.92438 -0.373551</i>
                        <i>1 0 0 0 1 0 0 0 1 2.41041 1.92438 -0.373551</i>
                        <i>1 0 0 0 1 0 0 0 1 2.41041 1.92438 -0.373551</i>
                        <i>1 0 0 0 1 0 0 0 1 2.41041 1.92438 -0.373551</i>
                        <i>1 0 0 0 1 0 0 0 1 2.41041 1.92438 -0.373551</i>
                        <i>1 0 0 0 1 0 0 0 1 2.41041 1.92438 -0.373551</i>
                        <i>1 0 0 0 1 0 0 0 1 2.41041 1.92438 -0.373551</i>
                        <i>1 0 0 0 1 0 0 0 1 2.41041 1.92438 -0.373551</i>
                        <i>1 0 0 0 1 0 0 0 1 2.41041 1.92438 -0.373551</i>
                        <i>1 0 0 0 1 0 0 0 1 2.41041 1.92438 -0.373551</i>
                        <i>1 0 0 0 1 0 0 0 1 2.41041 1.92438 -0.373551</i>
                        <i>1 0 0 0 1 0 0 0 1 2.41041 1.92438 -0.373551</i>
                        <i>1 0 0 0 1 0 0 0 1 2.41041 1.92438 -0.373551</i>
                        <i>1 0 0 0 1 0 0 0 1 2.41041 1.92438 -0.373551</i>
                        <i>1 0 0 0 1 0 0 0 1 2.41041 1.92438 -0.373551</i>
                        <i>1 0 0 0 1 0 0 0 1 2.41041 1.92438 -0.373551</i>
                        <i>1 0 0 0 1 0 0 0 1 2.41041 1.92438 -0.373551</i>
                        <i>1 0 0 0 1 0 0 0 1 2.41041 1.92438 -0.373551</i>
                        <i>1 0 0 0 1 0 0 0 1 2.41041 1.92438 -0.373551</i>
                        <i>1 0 0 0 1 0 0 0 1 2.41041 1.92438 -0.373551</i>
                        <i>1 0 0 0 1 0 0 0 1 2.41041 1.92438 -0.373551</i>
                        <i>1 0 0 0 1 0 0 0 1 2.41041 1.92438 -0.373551</i>
                        <i>1 0 0 0 1 0 0 0 1 2.41041 1.92438 -0.373551</i>
                        <i>1 0 0 0 1 0 0 0 1 2.41041 1.92438 -0.373551</i>
                        <i>1 0 0 0 1 0 0 0 1 2.41041 1.92438 -0.373551</i>
                        <i>1 0 0 0 1 0 0 0 1 2.41041 1.92438 -0.373551</i>
                        <i>1 0 0 0 1 0 0 0 1 2.41041 1.92438 -0.373551</i>
                        <i>1 0 0 0 1 0 0 0 1 2.41041 1.92438 -0.373551</i>
                        <i>1 0 0 0 1 0 0 0 1 2.41041 1.92438 -0.373551</i>
                        <i>1 0 0 0 1 0 0 0 1 2.41041 1.92438 -0.373551</i>
                        <i>1 0 0 0 1 0 0 0 1 2.41041 1.92438 -0.373551</i>
                        <i>1 0 0 0 1 0 0 0 1 2.41041 1.92438 -0.373551</i>
                        <i>1 0 0 0 1 0 0 0 1 2.41041 1.92438 -0.373551</i>
                        <i>1 0 0 0 1 0 0 0 1 2.41041 1.92438 -0.373551</i>
                        <i>1 0 0 0 1 0 0 0 1 2.41041 1.92438 -0.373551</i>
                        <i>1 0 0 0 1 0 0 0 1 2.41041 1.92438 -0.373551</i>
                        <i>1 0 0 0 1 0 0 0 1 2.41041 1.92438 -0.373551</i>
                        <i>1 0 0 0 1 0 0 0 1 2.41041 1.92438 -0.373551</i>
                        <i>1 0 0 0 1 0 0 0 1 2.41041 1.92438 -0.373551</i>
                        <i>1 0 0 0 1 0 0 0 1 2.41041 1.92438 -0.373551</i>
                        <i>1 0 0 0 1 0 0 0 1 2.41041 1.92438 -0.373551</i>
                        <i>1 0 0 0 1 0 0 0 1 2.41041 1.92438 -0.373551</i>
                        <i>1 0 0 0 1 0 0 0 1 2.41041 1.92438 -0.373551</i>
                        <i>1 0 0 0 1 0 0 0 1 2.41041 1.92438 -0.373551</i>
                        <i>1 0 0 0 1 0 0 0 1 2.41041 1.92438 -0.373551</i>
                        <i>1 0 0 0 1 0 0 0 1 2.41041 1.92438 -0.373551</i>
                        <i>1 0 0 0 1 0 0 0 1 2.41041 1.92438 -0.373551</i>
                        <i>1 0 0 0 1 0 0 0 1 2.41041 1.92438 -0.373551</i>
                        <i>1 0 0 0 1 0 0 0 1 2.41041 1.92438 -0.373551</i>
                        <i>1 0 0 0 1 0 0 0 1 2.41041 1.92438 -0.373551</i>
                        <i>1 0 0 0 1 0 0 0 1 2.41041 1.92438 -0.373551</i>
                        <i>1 0 0 0 1 0 0 0 1 2.41041 1.92438 -0.373551</i>
                        <i>1 0 0 0 1 0 0 0 1 2.41041 1.92438 -0.373551</i>
                        <i>1 0 0 0 1 0 0 0 1 2.41041 1.92438 -0.373551</i>
                        <i>1 0 0 0 1 0 0 0 1 2.41041 1.92438 -0.373551</i>
                        <i>1 0 0 0 1 0 0 0 1 2.41041 1.92438 -0.373551</i>
                        <i>1 0 0 0 1 0 0 0 1 2.41041 1.92438 -0.373551</i>
                        <i>1 0 0 0 1 0 0 0 1 2.41041 1.92438 -0.373551</i>
                        <i>1 0 0 0 1 0 0 0 1 2.41041 1.92438 -0.373551</i>
                        <i>1 0 0 0 1 0 0 0 1 2.41041 1.92438 -0.373551</i>
                        <i>1 0 0 0 1 0 0 0 1 2.41041 1.92438 -0.373551</i>
                    </KeyFrames>
                </p>
            </i>
            <i>
                <p>
                    <Name><![CDATA[spine0]]></Name>
                    <Exclude>0</Exclude>
                    <Additive>0</Additive>
                    <IKPriority>0</IKPriority>
                    <IKRotLimits>-1e+010 -1e+010 -1e+010 1e+010 1e+010 1e+010</IKRotLimits>
                    <IKRotLimitOrder>0</IKRotLimitOrder>
                    <KeyFrames count="97">
                        <i>-0.0911815 0.995826 -0.00398225 -0.341701 -0.035043 -0.939155 -0.935375 -0.0842729 0.34347 2.45542 2.06003 -0.389928</i>
                        <i>-0.0902785 0.995912 -0.00305508 -0.340189 -0.0337206 -0.939752 -0.936014 -0.0838001 0.341842 2.45544 2.06003 -0.389855</i>
                        <i>-0.0893339 0.996 -0.0020448 -0.338571 -0.032298 -0.940386 -0.93669 -0.0833161 0.340102 2.45547 2.06003 -0.389776</i>
                        <i>-0.088364 0.996088 -0.000961397 -0.336869 -0.0307923 -0.941048 -0.937396 -0.0828308 0.338272 2.4555 2.06003 -0.389694</i>
                        <i>-0.0873839 0.996175 0.00018407 -0.335103 -0.029221 -0.941728 -0.93812 -0.0823536 0.336375 2.45553 2.06003 -0.389609</i>
                        <i>-0.0864081 0.996259 0.00137947 -0.333293 -0.0276024 -0.942419 -0.938855 -0.0818924 0.334431 2.45556 2.06003 -0.389521</i>
                        <i>-0.0854497 0.996339 0.00261155 -0.33146 -0.0259552 -0.943112 -0.939592 -0.0814543 0.332464 2.45559 2.06003 -0.389433</i>
                        <i>-0.0845206 0.996414 0.00386594 -0.329625 -0.0242985 -0.943799 -0.940321 -0.0810448 0.330496 2.45563 2.06003 -0.389344</i>
                        <i>-0.0836315 0.996484 0.00512726 -0.327808 -0.0226522 -0.944473 -0.941036 -0.0806684 0.32855 2.45566 2.06003 -0.389256</i>
                        <i>-0.0827913 0.996547 0.0063792 -0.326031 -0.021036 -0.945125 -0.941727 -0.080328 0.326646 2.45569 2.06003 -0.389171</i>
                        <i>-0.082008 0.996603 0.00760467 -0.324314 -0.0194704 -0.945749 -0.942388 -0.0800253 0.324809 2.45571 2.06003 -0.389088</i>
                        <i>-0.0812881 0.996652 0.00878593 -0.32268 -0.0179758 -0.946337 -0.943011 -0.079761 0.323061 2.45574 2.06003 -0.389009</i>
                        <i>-0.0806368 0.996694 0.00990471 -0.321149 -0.0165726 -0.946884 -0.94359 -0.0795346 0.321423 2.45577 2.06003 -0.388935</i>
                        <i>-0.0800583 0.99673 0.0109424 -0.319742 -0.0152813 -0.947382 -0.944116 -0.0793445 0.319919 2.45579 2.06003 -0.388868</i>
                        <i>-0.0795562 0.99676 0.0118803 -0.318481 -0.0141225 -0.947824 -0.944585 -0.0791889 0.318572 2.45581 2.06003 -0.388807</i>
                        <i>-0.0791331 0.996783 0.0126994 -0.317387 -0.0131163 -0.948205 -0.944989 -0.0790651 0.317404 2.45583 2.06003 -0.388754</i>
                        <i>-0.0787919 0.996801 0.0133812 -0.316481 -0.0122832 -0.948519 -0.945321 -0.0789706 0.316437 2.45584 2.06003 -0.388711</i>
                        <i>-0.0785354 0.996814 0.013907 -0.315786 -0.011643 -0.948759 -0.945575 -0.0789028 0.315695 2.45585 2.06003 -0.388677</i>
                        <i>-0.0783668 0.996823 0.014259 -0.315322 -0.0112158 -0.948918 -0.945743 -0.0788599 0.315199 2.45586 2.06003 -0.388655</i>
                        <i>-0.0782462 0.996828 0.0145141 -0.314987 -0.0109068 -0.949033 -0.945865 -0.07883 0.314841 2.45587 2.06003 -0.388639</i>
                        <i>-0.0781308 0.996834 0.014761 -0.314663 -0.0106081 -0.949144 -0.945983 -0.0788021 0.314495 2.45587 2.06003 -0.388624</i>
                        <i>-0.0780204 0.996839 0.0149997 -0.31435 -0.0103199 -0.949251 -0.946096 -0.0787761 0.314161 2.45588 2.06003 -0.388608</i>
                        <i>-0.0779149 0.996844 0.0152301 -0.314048 -0.010042 -0.949354 -0.946205 -0.0787518 0.313839 2.45588 2.06003 -0.388594</i>
                        <i>-0.0778142 0.996848 0.0154521 -0.313758 -0.00977458 -0.949453 -0.946309 -0.0787291 0.31353 2.45588 2.06003 -0.38858</i>
                        <i>-0.0777182 0.996852 0.0156658 -0.313479 -0.00951757 -0.949547 -0.946409 -0.078708 0.313232 2.45589 2.06003 -0.388567</i>
                        <i>-0.0776269 0.996856 0.0158711 -0.313212 -0.009271 -0.949638 -0.946505 -0.0786884 0.312946 2.45589 2.06003 -0.388554</i>
                        <i>-0.07754 0.99686 0.0160679 -0.312955 -0.00903487 -0.949725 -0.946597 -0.0786702 0.312673 2.4559 2.06003 -0.388541</i>
                        <i>-0.0774577 0.996863 0.0162562 -0.31271 -0.0088092 -0.949808 -0.946685 -0.0786534 0.312412 2.4559 2.06003 -0.38853</i>
                        <i>-0.0773797 0.996866 0.016436 -0.312477 -0.00859399 -0.949887 -0.946768 -0.0786378 0.312163 2.45591 2.06003 -0.388519</i>
                        <i>-0.0773061 0.996869 0.0166072 -0.312255 -0.00838924 -0.949961 -0.946848 -0.0786235 0.311926 2.45591 2.06003 -0.388508</i>
                        <i>-0.0772366 0.996872 0.0167698 -0.312044 -0.00819497 -0.950032 -0.946923 -0.0786102 0.311701 2.45591 2.06003 -0.388498</i>
                        <i>-0.0771713 0.996874 0.0169238 -0.311845 -0.00801117 -0.950099 -0.946994 -0.078598 0.311488 2.45592 2.06003 -0.388488</i>
                        <i>-0.0771101 0.996876 0.0170692 -0.311657 -0.00783786 -0.950163 -0.947061 -0.0785868 0.311287 2.45592 2.06003 -0.388479</i>
                        <i>-0.0770529 0.996879 0.0172058 -0.31148 -0.00767503 -0.950222 -0.947124 -0.0785766 0.311099 2.45592 2.06003 -0.388471</i>
                        <i>-0.0769997 0.99688 0.0173338 -0.311315 -0.00752269 -0.950277 -0.947182 -0.0785673 0.310923 2.45592 2.06003 -0.388463</i>
                        <i>-0.0769504 0.996882 0.017453 -0.311161 -0.00738085 -0.950329 -0.947237 -0.0785588 0.310758 2.45593 2.06003 -0.388455</i>
                        <i>-0.0769049 0.996884 0.0175635 -0.311018 -0.00724951 -0.950376 -0.947287 -0.0785512 0.310606 2.45593 2.06003 -0.388448</i>
                        <i>-0.0768633 0.996885 0.0176652 -0.310887 -0.00712866 -0.95042 -0.947334 -0.0785443 0.310467 2.45593 2.06003 -0.388442</i>
                        <i>-0.0768254 0.996886 0.0177581 -0.310767 -0.00701832 -0.95046 -0.947376 -0.0785382 0.310339 2.45593 2.06003 -0.388436</i>
                        <i>-0.0767913 0.996888 0.0178422 -0.310659 -0.00691848 -0.950496 -0.947414 -0.0785327 0.310223 2.45593 2.06003 -0.388431</i>
                        <i>-0.0767609 0.996889 0.0179175 -0.310562 -0.00682914 -0.950529 -0.947449 -0.0785279 0.31012 2.45594 2.06003 -0.388427</i>
                        <i>-0.0767341 0.996889 0.017984 -0.310476 -0.00675031 -0.950557 -0.947479 -0.0785237 0.310029 2.45594 2.06003 -0.388422</i>
                        <i>-0.0767109 0.99689 0.0180416 -0.310402 -0.00668199 -0.950582 -0.947505 -0.0785202 0.30995 2.45594 2.06003 -0.388419</i>
                        <i>-0.0766914 0.996891 0.0180904 -0.31034 -0.00662418 -0.950603 -0.947527 -0.0785172 0.309883 2.45594 2.06003 -0.388416</i>
                        <i>-0.0766754 0.996891 0.0181303 -0.310288 -0.00657688 -0.95062 -0.947545 -0.0785148 0.309828 2.45594 2.06003 -0.388413</i>
                        <i>-0.076663 0.996892 0.0181614 -0.310248 -0.00654009 -0.950633 -0.947559 -0.0785129 0.309785 2.45594 2.06003 -0.388412</i>
                        <i>-0.0766541 0.996892 0.0181836 -0.31022 -0.00651381 -0.950643 -0.947569 -0.0785116 0.309755 2.45594 2.06003 -0.38841</i>
                        <i>-0.0766488 0.996892 0.0181969 -0.310203 -0.00649804 -0.950648 -0.947575 -0.0785108 0.309737 2.45594 2.06003 -0.388409</i>
                        <i>-0.0766471 0.996892 0.0182013 -0.310197 -0.00649278 -0.95065 -0.947577 -0.0785105 0.309731 2.45594 2.06003 -0.388409</i>
                        <i>-0.0766488 0.996892 0.0181969 -0.310203 -0.00649804 -0.950648 -0.947575 -0.0785108 0.309737 2.45594 2.06003 -0.388409</i>
                        <i>-0.0766541 0.996892 0.0181836 -0.31022 -0.00651381 -0.950643 -0.947569 -0.0785116 0.309755 2.45594 2.06003 -0.38841</i>
                        <i>-0.076663 0.996892 0.0181614 -0.310248 -0.00654009 -0.950633 -0.947559 -0.0785129 0.309785 2.45594 2.06003 -0.388412</i>
                        <i>-0.0766754 0.996891 0.0181303 -0.310288 -0.00657688 -0.95062 -0.947545 -0.0785148 0.309828 2.45594 2.06003 -0.388413</i>
                        <i>-0.0766914 0.996891 0.0180904 -0.31034 -0.00662418 -0.950603 -0.947527 -0.0785172 0.309883 2.45594 2.06003 -0.388416</i>
                        <i>-0.0767109 0.99689 0.0180416 -0.310402 -0.00668199 -0.950582 -0.947505 -0.0785202 0.30995 2.45594 2.06003 -0.388419</i>
                        <i>-0.0767341 0.996889 0.017984 -0.310476 -0.00675031 -0.950557 -0.947479 -0.0785237 0.310029 2.45594 2.06003 -0.388422</i>
                        <i>-0.0767609 0.996889 0.0179175 -0.310562 -0.00682914 -0.950529 -0.947449 -0.0785279 0.31012 2.45594 2.06003 -0.388427</i>
                        <i>-0.0767913 0.996888 0.0178422 -0.310659 -0.00691848 -0.950496 -0.947414 -0.0785327 0.310223 2.45593 2.06003 -0.388431</i>
                        <i>-0.0768254 0.996886 0.0177581 -0.310767 -0.00701832 -0.95046 -0.947376 -0.0785382 0.310339 2.45593 2.06003 -0.388436</i>
                        <i>-0.0768633 0.996885 0.0176652 -0.310887 -0.00712866 -0.95042 -0.947334 -0.0785443 0.310467 2.45593 2.06003 -0.388442</i>
                        <i>-0.0769049 0.996884 0.0175635 -0.311018 -0.00724951 -0.950376 -0.947287 -0.0785512 0.310606 2.45593 2.06003 -0.388448</i>
                        <i>-0.0769504 0.996882 0.017453 -0.311161 -0.00738085 -0.950329 -0.947237 -0.0785588 0.310758 2.45593 2.06003 -0.388455</i>
                        <i>-0.0769997 0.99688 0.0173338 -0.311315 -0.00752269 -0.950277 -0.947182 -0.0785673 0.310923 2.45592 2.06003 -0.388463</i>
                        <i>-0.0770529 0.996879 0.0172058 -0.31148 -0.00767503 -0.950222 -0.947124 -0.0785766 0.311099 2.45592 2.06003 -0.388471</i>
                        <i>-0.0771101 0.996876 0.0170692 -0.311657 -0.00783786 -0.950163 -0.947061 -0.0785868 0.311287 2.45592 2.06003 -0.388479</i>
                        <i>-0.0771713 0.996874 0.0169238 -0.311845 -0.00801117 -0.950099 -0.946994 -0.078598 0.311488 2.45592 2.06003 -0.388488</i>
                        <i>-0.0772366 0.996872 0.0167698 -0.312044 -0.00819497 -0.950032 -0.946923 -0.0786102 0.311701 2.45591 2.06003 -0.388498</i>
                        <i>-0.0773061 0.996869 0.0166072 -0.312255 -0.00838924 -0.949961 -0.946848 -0.0786235 0.311926 2.45591 2.06003 -0.388508</i>
                        <i>-0.0773797 0.996866 0.016436 -0.312477 -0.00859399 -0.949887 -0.946768 -0.0786378 0.312163 2.45591 2.06003 -0.388519</i>
                        <i>-0.0774577 0.996863 0.0162562 -0.31271 -0.0088092 -0.949808 -0.946685 -0.0786534 0.312412 2.4559 2.06003 -0.38853</i>
                        <i>-0.07754 0.99686 0.0160679 -0.312955 -0.00903487 -0.949725 -0.946597 -0.0786702 0.312673 2.4559 2.06003 -0.388541</i>
                        <i>-0.0776269 0.996856 0.0158711 -0.313212 -0.009271 -0.949638 -0.946505 -0.0786884 0.312946 2.45589 2.06003 -0.388554</i>
                        <i>-0.0777182 0.996852 0.0156658 -0.313479 -0.00951757 -0.949547 -0.946409 -0.078708 0.313232 2.45589 2.06003 -0.388567</i>
                        <i>-0.0778142 0.996848 0.0154521 -0.313758 -0.00977458 -0.949453 -0.946309 -0.0787291 0.31353 2.45588 2.06003 -0.38858</i>
                        <i>-0.0779149 0.996844 0.0152301 -0.314048 -0.010042 -0.949354 -0.946205 -0.0787518 0.313839 2.45588 2.06003 -0.388594</i>
                        <i>-0.0780204 0.996839 0.0149997 -0.31435 -0.0103199 -0.949251 -0.946096 -0.0787761 0.314161 2.45588 2.06003 -0.388608</i>
                        <i>-0.0781308 0.996834 0.014761 -0.314663 -0.0106081 -0.949144 -0.945983 -0.0788021 0.314495 2.45587 2.06003 -0.388624</i>
                        <i>-0.0782462 0.996828 0.0145141 -0.314987 -0.0109068 -0.949033 -0.945865 -0.07883 0.314841 2.45587 2.06003 -0.388639</i>
                        <i>-0.0783668 0.996823 0.014259 -0.315322 -0.0112158 -0.948918 -0.945743 -0.0788599 0.315199 2.45586 2.06003 -0.388655</i>
                        <i>-0.0785354 0.996814 0.013907 -0.315786 -0.0116431 -0.948759 -0.945575 -0.0789028 0.315695 2.45585 2.06003 -0.388677</i>
                        <i>-0.0787919 0.996801 0.0133812 -0.316481 -0.0122832 -0.948519 -0.945321 -0.0789706 0.316437 2.45584 2.06003 -0.388711</i>
                        <i>-0.0791331 0.996783 0.0126994 -0.317387 -0.0131164 -0.948205 -0.944989 -0.0790651 0.317404 2.45583 2.06003 -0.388754</i>
                        <i>-0.0795562 0.99676 0.0118803 -0.318481 -0.0141225 -0.947824 -0.944585 -0.0791889 0.318572 2.45581 2.06003 -0.388807</i>
                        <i>-0.0800583 0.99673 0.0109424 -0.319742 -0.0152813 -0.947382 -0.944116 -0.0793445 0.319919 2.45579 2.06003 -0.388868</i>
                        <i>-0.0806368 0.996694 0.00990471 -0.321149 -0.0165726 -0.946884 -0.94359 -0.0795346 0.321423 2.45577 2.06003 -0.388935</i>
                        <i>-0.0812881 0.996652 0.00878593 -0.32268 -0.0179758 -0.946337 -0.943011 -0.079761 0.323061 2.45574 2.06003 -0.389009</i>
                        <i>-0.082008 0.996603 0.00760468 -0.324314 -0.0194704 -0.945749 -0.942388 -0.0800253 0.324809 2.45571 2.06003 -0.389088</i>
                        <i>-0.0827913 0.996547 0.00637919 -0.326031 -0.021036 -0.945125 -0.941727 -0.080328 0.326646 2.45569 2.06003 -0.389171</i>
                        <i>-0.0836315 0.996484 0.00512725 -0.327808 -0.0226522 -0.944473 -0.941036 -0.0806684 0.32855 2.45566 2.06003 -0.389256</i>
                        <i>-0.0845206 0.996414 0.00386594 -0.329625 -0.0242985 -0.943799 -0.940321 -0.0810448 0.330496 2.45563 2.06003 -0.389344</i>
                        <i>-0.0854497 0.996339 0.00261155 -0.33146 -0.0259552 -0.943112 -0.939592 -0.0814543 0.332464 2.45559 2.06003 -0.389433</i>
                        <i>-0.0864081 0.996259 0.00137948 -0.333293 -0.0276024 -0.942419 -0.938855 -0.0818924 0.334431 2.45556 2.06003 -0.389521</i>
                        <i>-0.0873839 0.996175 0.000184072 -0.335103 -0.029221 -0.941728 -0.93812 -0.0823536 0.336375 2.45553 2.06003 -0.389609</i>
                        <i>-0.088364 0.996088 -0.000961393 -0.336869 -0.0307923 -0.941048 -0.937396 -0.0828308 0.338272 2.4555 2.06003 -0.389694</i>
                        <i>-0.0893339 0.996 -0.0020448 -0.338571 -0.032298 -0.940386 -0.93669 -0.0833161 0.340102 2.45547 2.06003 -0.389776</i>
                        <i>-0.0902785 0.995912 -0.00305508 -0.340189 -0.0337206 -0.939752 -0.936014 -0.0838001 0.341842 2.45544 2.06003 -0.389855</i>
                        <i>-0.0911815 0.995826 -0.00398225 -0.341701 -0.035043 -0.939155 -0.935375 -0.0842729 0.34347 2.45542 2.06003 -0.389928</i>
                    </KeyFrames>
                </p>
            </i>
            <i>
                <p>
                    <Name><![CDATA[spine1]]></Name>
                    <Exclude>0</Exclude>
                    <Additive>0</Additive>
                    <IKPriority>0</IKPriority>
                    <IKRotLimits>-1e+010 -1e+010 -1e+010 1e+010 1e+010 1e+010</IKRotLimits>
                    <IKRotLimitOrder>0</IKRotLimitOrder>
                    <KeyFrames count="97">
                        <i>-0.451012 0.877877 0.160999 -0.483479 -0.0886785 -0.870852 -0.750224 -0.470604 0.46443 2.43912 2.23851 -0.390658</i>
                        <i>-0.451707 0.877798 0.159469 -0.475306 -0.0855085 -0.875655 -0.755013 -0.471337 0.455848 2.43931 2.23854 -0.390418</i>
                        <i>-0.452428 0.877725 0.157825 -0.466521 -0.0821123 -0.880691 -0.760045 -0.472077 0.446627 2.4395 2.23858 -0.390159</i>
                        <i>-0.453159 0.877658 0.156085 -0.457227 -0.0785321 -0.885876 -0.765239 -0.472809 0.436877 2.4397 2.23861 -0.389882</i>
                        <i>-0.453889 0.877602 0.154271 -0.447533 -0.074811 -0.891133 -0.770519 -0.473517 0.426712 2.43991 2.23865 -0.389592</i>
                        <i>-0.454606 0.877557 0.152402 -0.437547 -0.0709925 -0.896389 -0.775813 -0.474187 0.416246 2.44011 2.23868 -0.38929</i>
                        <i>-0.455301 0.877525 0.150501 -0.427383 -0.0671206 -0.901575 -0.781054 -0.47481 0.4056 2.44032 2.23871 -0.38898</i>
                        <i>-0.455964 0.877507 0.148589 -0.417157 -0.0632399 -0.906632 -0.786179 -0.475376 0.394893 2.44051 2.23874 -0.388666</i>
                        <i>-0.456589 0.877502 0.146688 -0.406987 -0.0593952 -0.911501 -0.791131 -0.475881 0.384251 2.4407 2.23876 -0.388352</i>
                        <i>-0.457169 0.877509 0.144822 -0.396994 -0.0556318 -0.916133 -0.795859 -0.476322 0.3738 2.44088 2.23879 -0.388042</i>
                        <i>-0.457701 0.877529 0.143014 -0.387303 -0.0519953 -0.920485 -0.800316 -0.476697 0.363668 2.44105 2.23881 -0.387739</i>
                        <i>-0.458182 0.877558 0.141286 -0.378039 -0.0485311 -0.924517 -0.80446 -0.477009 0.353987 2.4412 2.23882 -0.387449</i>
                        <i>-0.458609 0.877595 0.139664 -0.369328 -0.045285 -0.928195 -0.808254 -0.47726 0.344889 2.44135 2.23884 -0.387174</i>
                        <i>-0.458981 0.877636 0.13817 -0.361301 -0.0423027 -0.931489 -0.811664 -0.477457 0.336507 2.44147 2.23885 -0.38692</i>
                        <i>-0.459298 0.87768 0.136829 -0.354086 -0.0396296 -0.934373 -0.814658 -0.477605 0.328976 2.44158 2.23886 -0.386691</i>
                        <i>-0.459561 0.877724 0.135663 -0.347812 -0.0373112 -0.936821 -0.817209 -0.477712 0.32243 2.44168 2.23887 -0.386491</i>
                        <i>-0.45977 0.877763 0.134698 -0.342611 -0.035393 -0.938811 -0.819286 -0.477786 0.317004 2.44175 2.23887 -0.386325</i>
                        <i>-0.459925 0.877795 0.133955 -0.33861 -0.03392 -0.940315 -0.820861 -0.477833 0.312831 2.44181 2.23888 -0.386198</i>
                        <i>-0.460026 0.877818 0.13346 -0.335937 -0.0329373 -0.941308 -0.821902 -0.47786 0.310044 2.44185 2.23888 -0.386112</i>
                        <i>-0.460098 0.877835 0.133101 -0.334003 -0.0322267 -0.942021 -0.82265 -0.477878 0.308027 2.44187 2.23888 -0.38605</i>
                        <i>-0.460166 0.877852 0.132755 -0.332133 -0.0315401 -0.942705 -0.823368 -0.477893 0.306077 2.4419 2.23888 -0.38599</i>
                        <i>-0.460231 0.877868 0.13242 -0.330327 -0.0308775 -0.943362 -0.824058 -0.477906 0.304194 2.44192 2.23888 -0.385933</i>
                        <i>-0.460293 0.877884 0.132098 -0.328585 -0.030239 -0.94399 -0.82472 -0.477917 0.302379 2.44195 2.23888 -0.385877</i>
                        <i>-0.460351 0.8779 0.131787 -0.326908 -0.0296245 -0.944592 -0.825353 -0.477926 0.30063 2.44197 2.23888 -0.385823</i>
                        <i>-0.460406 0.877916 0.131489 -0.325296 -0.029034 -0.945167 -0.825959 -0.477933 0.29895 2.44199 2.23889 -0.385771</i>
                        <i>-0.460459 0.877931 0.131202 -0.323748 -0.0284676 -0.945715 -0.826538 -0.477939 0.297337 2.44201 2.23889 -0.385721</i>
                        <i>-0.460509 0.877946 0.130928 -0.322265 -0.0279253 -0.946237 -0.827089 -0.477944 0.295791 2.44203 2.23889 -0.385674</i>
                        <i>-0.460555 0.877961 0.130666 -0.320848 -0.0274071 -0.946734 -0.827614 -0.477947 0.294314 2.44205 2.23889 -0.385628</i>
                        <i>-0.4606 0.877975 0.130416 -0.319495 -0.0269129 -0.947206 -0.828113 -0.47795 0.292905 2.44207 2.23889 -0.385585</i>
                        <i>-0.460641 0.877988 0.130178 -0.318208 -0.0264428 -0.947652 -0.828585 -0.477951 0.291564 2.44208 2.23889 -0.385543</i>
                        <i>-0.46068 0.878001 0.129952 -0.316986 -0.0259968 -0.948074 -0.829032 -0.477952 0.290291 2.4421 2.23889 -0.385504</i>
                        <i>-0.460716 0.878014 0.129738 -0.31583 -0.0255749 -0.948471 -0.829453 -0.477951 0.289086 2.44212 2.23889 -0.385467</i>
                        <i>-0.46075 0.878026 0.129537 -0.314739 -0.0251771 -0.948844 -0.829848 -0.477951 0.28795 2.44213 2.23889 -0.385432</i>
                        <i>-0.460782 0.878037 0.129347 -0.313714 -0.0248034 -0.949193 -0.830219 -0.477949 0.286882 2.44214 2.23889 -0.385399</i>
                        <i>-0.460811 0.878048 0.12917 -0.312755 -0.0244538 -0.949519 -0.830564 -0.477948 0.285882 2.44215 2.23889 -0.385368</i>
                        <i>-0.460839 0.878058 0.129005 -0.311861 -0.0241283 -0.949821 -0.830885 -0.477946 0.284952 2.44217 2.23889 -0.385339</i>
                        <i>-0.460863 0.878067 0.128852 -0.311034 -0.0238269 -0.9501 -0.831182 -0.477944 0.28409 2.44218 2.23889 -0.385312</i>
                        <i>-0.460886 0.878076 0.128712 -0.310272 -0.0235496 -0.950356 -0.831454 -0.477942 0.283296 2.44219 2.23889 -0.385288</i>
                        <i>-0.460907 0.878084 0.128583 -0.309577 -0.0232964 -0.950589 -0.831701 -0.477939 0.282572 2.44219 2.23889 -0.385265</i>
                        <i>-0.460925 0.878091 0.128467 -0.308947 -0.0230673 -0.950799 -0.831925 -0.477937 0.281916 2.4422 2.23889 -0.385245</i>
                        <i>-0.460942 0.878098 0.128363 -0.308384 -0.0228623 -0.950987 -0.832125 -0.477935 0.281329 2.44221 2.23889 -0.385227</i>
                        <i>-0.460956 0.878104 0.128271 -0.307887 -0.0226815 -0.951153 -0.832301 -0.477933 0.280812 2.44222 2.23889 -0.385211</i>
                        <i>-0.460969 0.878109 0.128192 -0.307456 -0.0225247 -0.951296 -0.832453 -0.477931 0.280363 2.44222 2.23889 -0.385197</i>
                        <i>-0.460979 0.878113 0.128125 -0.307091 -0.0223921 -0.951417 -0.832582 -0.477929 0.279983 2.44223 2.23889 -0.385185</i>
                        <i>-0.460988 0.878116 0.128069 -0.306793 -0.0222836 -0.951515 -0.832688 -0.477928 0.279672 2.44223 2.23889 -0.385176</i>
                        <i>-0.460994 0.878119 0.128027 -0.306561 -0.0221992 -0.951592 -0.832769 -0.477927 0.27943 2.44223 2.23889 -0.385168</i>
                        <i>-0.460999 0.878121 0.127996 -0.306395 -0.0221389 -0.951647 -0.832828 -0.477926 0.279258 2.44223 2.23889 -0.385163</i>
                        <i>-0.461002 0.878122 0.127978 -0.306295 -0.0221027 -0.95168 -0.832863 -0.477925 0.279154 2.44223 2.23889 -0.38516</i>
                        <i>-0.461003 0.878123 0.127972 -0.306262 -0.0220907 -0.951691 -0.832874 -0.477925 0.27912 2.44224 2.23889 -0.385158</i>
                        <i>-0.461002 0.878122 0.127978 -0.306295 -0.0221027 -0.95168 -0.832863 -0.477925 0.279154 2.44223 2.23889 -0.38516</i>
                        <i>-0.460999 0.878121 0.127996 -0.306395 -0.0221389 -0.951647 -0.832828 -0.477926 0.279258 2.44223 2.23889 -0.385163</i>
                        <i>-0.460994 0.878119 0.128027 -0.306561 -0.0221992 -0.951592 -0.832769 -0.477927 0.27943 2.44223 2.23889 -0.385168</i>
                        <i>-0.460988 0.878116 0.128069 -0.306793 -0.0222836 -0.951515 -0.832688 -0.477928 0.279672 2.44223 2.23889 -0.385176</i>
                        <i>-0.460979 0.878113 0.128125 -0.307091 -0.0223921 -0.951417 -0.832582 -0.477929 0.279983 2.44223 2.23889 -0.385185</i>
                        <i>-0.460969 0.878109 0.128192 -0.307456 -0.0225247 -0.951296 -0.832453 -0.477931 0.280363 2.44222 2.23889 -0.385197</i>
                        <i>-0.460956 0.878104 0.128271 -0.307887 -0.0226815 -0.951153 -0.832301 -0.477933 0.280812 2.44222 2.23889 -0.385211</i>
                        <i>-0.460942 0.878098 0.128363 -0.308384 -0.0228623 -0.950987 -0.832125 -0.477935 0.281329 2.44221 2.23889 -0.385227</i>
                        <i>-0.460925 0.878091 0.128467 -0.308947 -0.0230673 -0.950799 -0.831925 -0.477937 0.281916 2.4422 2.23889 -0.385245</i>
                        <i>-0.460907 0.878084 0.128583 -0.309577 -0.0232964 -0.950589 -0.831701 -0.477939 0.282572 2.44219 2.23889 -0.385265</i>
                        <i>-0.460886 0.878076 0.128712 -0.310272 -0.0235496 -0.950356 -0.831454 -0.477942 0.283296 2.44219 2.23889 -0.385288</i>
                        <i>-0.460863 0.878067 0.128852 -0.311034 -0.0238269 -0.9501 -0.831182 -0.477944 0.28409 2.44218 2.23889 -0.385312</i>
                        <i>-0.460839 0.878058 0.129005 -0.311861 -0.0241283 -0.949821 -0.830885 -0.477946 0.284952 2.44217 2.23889 -0.385339</i>
                        <i>-0.460811 0.878048 0.12917 -0.312755 -0.0244538 -0.949519 -0.830564 -0.477948 0.285882 2.44215 2.23889 -0.385368</i>
                        <i>-0.460782 0.878037 0.129347 -0.313714 -0.0248034 -0.949193 -0.830219 -0.477949 0.286882 2.44214 2.23889 -0.385399</i>
                        <i>-0.46075 0.878026 0.129537 -0.314739 -0.0251771 -0.948844 -0.829848 -0.477951 0.28795 2.44213 2.23889 -0.385432</i>
                        <i>-0.460716 0.878014 0.129738 -0.31583 -0.0255749 -0.948471 -0.829453 -0.477951 0.289086 2.44212 2.23889 -0.385467</i>
                        <i>-0.46068 0.878001 0.129952 -0.316986 -0.0259968 -0.948074 -0.829032 -0.477952 0.290291 2.4421 2.23889 -0.385504</i>
