<?xml version="1.0" encoding="ISO-8859-1" ?>
<Animl Version="1">
    <ModellingPackage><![CDATA[Maya.2010]]></ModellingPackage>
    <SrcFile><![CDATA[anims\turrets\artillery\red\~src\artillery_2a36\artillery_2a36_idle_crewman_a.mb]]></SrcFile>
    <FramesPerSecond>30</FramesPerSecond>
    <TotalFrames>65</TotalFrames>
    <Skeleton>
        <RefFrame>
            <Name><![CDATA[soldier_ref_frame]]></Name>
            <Exclude>0</Exclude>
            <Additive>0</Additive>
            <IKPriority>0</IKPriority>
            <IKRotLimits>-1e+010 -1e+010 -1e+010 1e+010 1e+010 1e+010</IKRotLimits>
            <IKRotLimitOrder>0</IKRotLimitOrder>
            <KeyFrames count="65">
                <i>1 0 0 0 1 0 0 0 1 0.85 1.35 -1.88</i>
                <i>1 0 0 0 1 0 0 0 1 0.85 1.35 -1.88</i>
                <i>1 0 0 0 1 0 0 0 1 0.85 1.35 -1.88</i>
                <i>1 0 0 0 1 0 0 0 1 0.85 1.35 -1.88</i>
                <i>1 0 0 0 1 0 0 0 1 0.85 1.35 -1.88</i>
                <i>1 0 0 0 1 0 0 0 1 0.85 1.35 -1.88</i>
                <i>1 0 0 0 1 0 0 0 1 0.85 1.35 -1.88</i>
                <i>1 0 0 0 1 0 0 0 1 0.85 1.35 -1.88</i>
                <i>1 0 0 0 1 0 0 0 1 0.85 1.35 -1.88</i>
                <i>1 0 0 0 1 0 0 0 1 0.85 1.35 -1.88</i>
                <i>1 0 0 0 1 0 0 0 1 0.85 1.35 -1.88</i>
                <i>1 0 0 0 1 0 0 0 1 0.85 1.35 -1.88</i>
                <i>1 0 0 0 1 0 0 0 1 0.85 1.35 -1.88</i>
                <i>1 0 0 0 1 0 0 0 1 0.85 1.35 -1.88</i>
                <i>1 0 0 0 1 0 0 0 1 0.85 1.35 -1.88</i>
                <i>1 0 0 0 1 0 0 0 1 0.85 1.35 -1.88</i>
                <i>1 0 0 0 1 0 0 0 1 0.85 1.35 -1.88</i>
                <i>1 0 0 0 1 0 0 0 1 0.85 1.35 -1.88</i>
                <i>1 0 0 0 1 0 0 0 1 0.85 1.35 -1.88</i>
                <i>1 0 0 0 1 0 0 0 1 0.85 1.35 -1.88</i>
                <i>1 0 0 0 1 0 0 0 1 0.85 1.35 -1.88</i>
                <i>1 0 0 0 1 0 0 0 1 0.85 1.35 -1.88</i>
                <i>1 0 0 0 1 0 0 0 1 0.85 1.35 -1.88</i>
                <i>1 0 0 0 1 0 0 0 1 0.85 1.35 -1.88</i>
                <i>1 0 0 0 1 0 0 0 1 0.85 1.35 -1.88</i>
                <i>1 0 0 0 1 0 0 0 1 0.85 1.35 -1.88</i>
                <i>1 0 0 0 1 0 0 0 1 0.85 1.35 -1.88</i>
                <i>1 0 0 0 1 0 0 0 1 0.85 1.35 -1.88</i>
                <i>1 0 0 0 1 0 0 0 1 0.85 1.35 -1.88</i>
                <i>1 0 0 0 1 0 0 0 1 0.85 1.35 -1.88</i>
                <i>1 0 0 0 1 0 0 0 1 0.85 1.35 -1.88</i>
                <i>1 0 0 0 1 0 0 0 1 0.85 1.35 -1.88</i>
                <i>1 0 0 0 1 0 0 0 1 0.85 1.35 -1.88</i>
                <i>1 0 0 0 1 0 0 0 1 0.85 1.35 -1.88</i>
                <i>1 0 0 0 1 0 0 0 1 0.85 1.35 -1.88</i>
                <i>1 0 0 0 1 0 0 0 1 0.85 1.35 -1.88</i>
                <i>1 0 0 0 1 0 0 0 1 0.85 1.35 -1.88</i>
                <i>1 0 0 0 1 0 0 0 1 0.85 1.35 -1.88</i>
                <i>1 0 0 0 1 0 0 0 1 0.85 1.35 -1.88</i>
                <i>1 0 0 0 1 0 0 0 1 0.85 1.35 -1.88</i>
                <i>1 0 0 0 1 0 0 0 1 0.85 1.35 -1.88</i>
                <i>1 0 0 0 1 0 0 0 1 0.85 1.35 -1.88</i>
                <i>1 0 0 0 1 0 0 0 1 0.85 1.35 -1.88</i>
                <i>1 0 0 0 1 0 0 0 1 0.85 1.35 -1.88</i>
                <i>1 0 0 0 1 0 0 0 1 0.85 1.35 -1.88</i>
                <i>1 0 0 0 1 0 0 0 1 0.85 1.35 -1.88</i>
                <i>1 0 0 0 1 0 0 0 1 0.85 1.35 -1.88</i>
                <i>1 0 0 0 1 0 0 0 1 0.85 1.35 -1.88</i>
                <i>1 0 0 0 1 0 0 0 1 0.85 1.35 -1.88</i>
                <i>1 0 0 0 1 0 0 0 1 0.85 1.35 -1.88</i>
                <i>1 0 0 0 1 0 0 0 1 0.85 1.35 -1.88</i>
                <i>1 0 0 0 1 0 0 0 1 0.85 1.35 -1.88</i>
                <i>1 0 0 0 1 0 0 0 1 0.85 1.35 -1.88</i>
                <i>1 0 0 0 1 0 0 0 1 0.85 1.35 -1.88</i>
                <i>1 0 0 0 1 0 0 0 1 0.85 1.35 -1.88</i>
                <i>1 0 0 0 1 0 0 0 1 0.85 1.35 -1.88</i>
                <i>1 0 0 0 1 0 0 0 1 0.85 1.35 -1.88</i>
                <i>1 0 0 0 1 0 0 0 1 0.85 1.35 -1.88</i>
                <i>1 0 0 0 1 0 0 0 1 0.85 1.35 -1.88</i>
                <i>1 0 0 0 1 0 0 0 1 0.85 1.35 -1.88</i>
                <i>1 0 0 0 1 0 0 0 1 0.85 1.35 -1.88</i>
                <i>1 0 0 0 1 0 0 0 1 0.85 1.35 -1.88</i>
                <i>1 0 0 0 1 0 0 0 1 0.85 1.35 -1.88</i>
                <i>1 0 0 0 1 0 0 0 1 0.85 1.35 -1.88</i>
                <i>1 0 0 0 1 0 0 0 1 0.85 1.35 -1.88</i>
            </KeyFrames>
        </RefFrame>
        <Bones count="23">
            <i>
                <p>
                    <Name><![CDATA[pelvis]]></Name>
                    <Exclude>0</Exclude>
                    <Additive>0</Additive>
                    <IKPriority>0</IKPriority>
                    <IKRotLimits>-1e+010 -1e+010 -1e+010 1e+010 1e+010 1e+010</IKRotLimits>
                    <IKRotLimitOrder>2</IKRotLimitOrder>
                    <KeyFrames count="65">
                        <i>1 0 0 0 1 0 0 0 1 0.85 2.44766 -1.88</i>
                        <i>1 0 0 0 1 0 0 0 1 0.85 2.44756 -1.88</i>
                        <i>1 0 0 0 1 0 0 0 1 0.85 2.44727 -1.88</i>
                        <i>1 0 0 0 1 0 0 0 1 0.85 2.44679 -1.88</i>
                        <i>1 0 0 0 1 0 0 0 1 0.85 2.44615 -1.88</i>
                        <i>1 0 0 0 1 0 0 0 1 0.85 2.44535 -1.88</i>
                        <i>1 0 0 0 1 0 0 0 1 0.85 2.44441 -1.88</i>
                        <i>1 0 0 0 1 0 0 0 1 0.85 2.44334 -1.88</i>
                        <i>1 0 0 0 1 0 0 0 1 0.85 2.44215 -1.88</i>
                        <i>1 0 0 0 1 0 0 0 1 0.85 2.44086 -1.88</i>
                        <i>1 0 0 0 1 0 0 0 1 0.85 2.43948 -1.88</i>
                        <i>1 0 0 0 1 0 0 0 1 0.85 2.43803 -1.88</i>
                        <i>1 0 0 0 1 0 0 0 1 0.85 2.4365 -1.88</i>
                        <i>1 0 0 0 1 0 0 0 1 0.85 2.43493 -1.88</i>
                        <i>1 0 0 0 1 0 0 0 1 0.85 2.43332 -1.88</i>
                        <i>1 0 0 0 1 0 0 0 1 0.85 2.43168 -1.88</i>
                        <i>1 0 0 0 1 0 0 0 1 0.85 2.43003 -1.88</i>
                        <i>1 0 0 0 1 0 0 0 1 0.85 2.42838 -1.88</i>
                        <i>1 0 0 0 1 0 0 0 1 0.85 2.42674 -1.88</i>
                        <i>1 0 0 0 1 0 0 0 1 0.85 2.42513 -1.88</i>
                        <i>1 0 0 0 1 0 0 0 1 0.85 2.42356 -1.88</i>
                        <i>1 0 0 0 1 0 0 0 1 0.85 2.42204 -1.88</i>
                        <i>1 0 0 0 1 0 0 0 1 0.85 2.42058 -1.88</i>
                        <i>1 0 0 0 1 0 0 0 1 0.85 2.4192 -1.88</i>
                        <i>1 0 0 0 1 0 0 0 1 0.85 2.41791 -1.88</i>
                        <i>1 0 0 0 1 0 0 0 1 0.85 2.41672 -1.88</i>
                        <i>1 0 0 0 1 0 0 0 1 0.85 2.41565 -1.88</i>
                        <i>1 0 0 0 1 0 0 0 1 0.85 2.41471 -1.88</i>
                        <i>1 0 0 0 1 0 0 0 1 0.85 2.41392 -1.88</i>
                        <i>1 0 0 0 1 0 0 0 1 0.85 2.41327 -1.88</i>
                        <i>1 0 0 0 1 0 0 0 1 0.85 2.4128 -1.88</i>
                        <i>1 0 0 0 1 0 0 0 1 0.85 2.4125 -1.88</i>
                        <i>1 0 0 0 1 0 0 0 1 0.85 2.4124 -1.88</i>
                        <i>1 0 0 0 1 0 0 0 1 0.85 2.4125 -1.88</i>
                        <i>1 0 0 0 1 0 0 0 1 0.85 2.4128 -1.88</i>
                        <i>1 0 0 0 1 0 0 0 1 0.85 2.41327 -1.88</i>
                        <i>1 0 0 0 1 0 0 0 1 0.85 2.41392 -1.88</i>
                        <i>1 0 0 0 1 0 0 0 1 0.85 2.41471 -1.88</i>
                        <i>1 0 0 0 1 0 0 0 1 0.85 2.41565 -1.88</i>
                        <i>1 0 0 0 1 0 0 0 1 0.85 2.41672 -1.88</i>
                        <i>1 0 0 0 1 0 0 0 1 0.85 2.41791 -1.88</i>
                        <i>1 0 0 0 1 0 0 0 1 0.85 2.4192 -1.88</i>
                        <i>1 0 0 0 1 0 0 0 1 0.85 2.42058 -1.88</i>
                        <i>1 0 0 0 1 0 0 0 1 0.85 2.42204 -1.88</i>
                        <i>1 0 0 0 1 0 0 0 1 0.85 2.42356 -1.88</i>
                        <i>1 0 0 0 1 0 0 0 1 0.85 2.42513 -1.88</i>
                        <i>1 0 0 0 1 0 0 0 1 0.85 2.42674 -1.88</i>
                        <i>1 0 0 0 1 0 0 0 1 0.85 2.42838 -1.88</i>
                        <i>1 0 0 0 1 0 0 0 1 0.85 2.43003 -1.88</i>
                        <i>1 0 0 0 1 0 0 0 1 0.85 2.43168 -1.88</i>
                        <i>1 0 0 0 1 0 0 0 1 0.85 2.43332 -1.88</i>
                        <i>1 0 0 0 1 0 0 0 1 0.85 2.43493 -1.88</i>
                        <i>1 0 0 0 1 0 0 0 1 0.85 2.4365 -1.88</i>
                        <i>1 0 0 0 1 0 0 0 1 0.85 2.43803 -1.88</i>
                        <i>1 0 0 0 1 0 0 0 1 0.85 2.43948 -1.88</i>
                        <i>1 0 0 0 1 0 0 0 1 0.85 2.44086 -1.88</i>
                        <i>1 0 0 0 1 0 0 0 1 0.85 2.44215 -1.88</i>
                        <i>1 0 0 0 1 0 0 0 1 0.85 2.44334 -1.88</i>
                        <i>1 0 0 0 1 0 0 0 1 0.85 2.44441 -1.88</i>
                        <i>1 0 0 0 1 0 0 0 1 0.85 2.44535 -1.88</i>
                        <i>1 0 0 0 1 0 0 0 1 0.85 2.44615 -1.88</i>
                        <i>1 0 0 0 1 0 0 0 1 0.85 2.44679 -1.88</i>
                        <i>1 0 0 0 1 0 0 0 1 0.85 2.44727 -1.88</i>
                        <i>1 0 0 0 1 0 0 0 1 0.85 2.44756 -1.88</i>
                        <i>1 0 0 0 1 0 0 0 1 0.85 2.44766 -1.88</i>
                    </KeyFrames>
                </p>
            </i>
            <i>
                <p>
                    <Name><![CDATA[spine0]]></Name>
                    <Exclude>0</Exclude>
                    <Additive>0</Additive>
                    <IKPriority>0</IKPriority>
                    <IKRotLimits>-1e+010 -1e+010 -1e+010 1e+010 1e+010 1e+010</IKRotLimits>
                    <IKRotLimitOrder>0</IKRotLimitOrder>
                    <KeyFrames count="65">
                        <i>-0.168749 0.969568 0.177377 -0.724509 -4.44089e-016 -0.689266 -0.66829 -0.244824 0.70246 0.876204 2.58641 -1.90754</i>
                        <i>-0.168028 0.969831 0.176619 -0.724509 -4.44089e-016 -0.689266 -0.668471 -0.243778 0.702651 0.876204 2.58631 -1.90754</i>
                        <i>-0.167214 0.970127 0.175764 -0.724509 -2.22045e-016 -0.689266 -0.668675 -0.242597 0.702865 0.876204 2.58601 -1.90754</i>
                        <i>-0.16633 0.970447 0.174834 -0.724509 -2.22045e-016 -0.689266 -0.668896 -0.241315 0.703097 0.876204 2.58554 -1.90754</i>
                        <i>-0.165397 0.970783 0.173854 -0.724509 0 -0.689266 -0.669127 -0.239961 0.70334 0.876204 2.58489 -1.90754</i>
                        <i>-0.164436 0.971126 0.172844 -0.724509 0 -0.689266 -0.669364 -0.238568 0.703589 0.876204 2.5841 -1.90754</i>
                        <i>-0.16347 0.971469 0.171829 -0.724509 2.22045e-016 -0.689266 -0.6696 -0.237166 0.703838 0.876204 2.58316 -1.90754</i>
                        <i>-0.16252 0.971805 0.17083 -0.724509 0 -0.689266 -0.669832 -0.235787 0.704081 0.876204 2.58209 -1.90754</i>
                        <i>-0.161607 0.972125 0.16987 -0.724509 -2.22045e-016 -0.689266 -0.670053 -0.234463 0.704313 0.876204 2.5809 -1.90754</i>
                        <i>-0.160752 0.972423 0.168971 -0.724509 0 -0.689266 -0.670258 -0.233222 0.704529 0.876204 2.57961 -1.90754</i>
                        <i>-0.159976 0.972693 0.168156 -0.724509 -4.44089e-016 -0.689266 -0.670444 -0.232097 0.704724 0.876204 2.57823 -1.90754</i>
                        <i>-0.159301 0.972926 0.167446 -0.724509 -4.44089e-016 -0.689266 -0.670605 -0.231116 0.704893 0.876204 2.57677 -1.90754</i>
                        <i>-0.158746 0.973117 0.166863 -0.724509 -2.22045e-016 -0.689266 -0.670736 -0.230312 0.705031 0.876204 2.57525 -1.90754</i>
                        <i>-0.158334 0.973258 0.16643 -0.724509 1.11022e-016 -0.689266 -0.670834 -0.229714 0.705134 0.876204 2.57368 -1.90754</i>
                        <i>-0.158085 0.973343 0.166168 -0.724509 -6.66134e-016 -0.689266 -0.670892 -0.229352 0.705196 0.876204 2.57207 -1.90754</i>
                        <i>-0.158019 0.973366 0.166099 -0.724509 2.22045e-016 -0.689266 -0.670908 -0.229258 0.705212 0.876204 2.57043 -1.90754</i>
                        <i>-0.158159 0.973318 0.166246 -0.724509 0 -0.689266 -0.670875 -0.229461 0.705177 0.876204 2.56878 -1.90754</i>
                        <i>-0.158452 0.973218 0.166554 -0.724509 0 -0.689266 -0.670806 -0.229885 0.705105 0.876204 2.56713 -1.90754</i>
                        <i>-0.158826 0.97309 0.166947 -0.724509 -2.22045e-016 -0.689266 -0.670717 -0.230427 0.705012 0.876204 2.56549 -1.90754</i>
                        <i>-0.159276 0.972935 0.16742 -0.724509 -2.22045e-016 -0.689266 -0.670611 -0.231081 0.704899 0.876204 2.56388 -1.90754</i>
                        <i>-0.159797 0.972755 0.167968 -0.724509 -2.22045e-016 -0.689266 -0.670487 -0.231837 0.704769 0.876204 2.5623 -1.90754</i>
                        <i>-0.160384 0.972551 0.168584 -0.724509 0 -0.689266 -0.670346 -0.232688 0.704622 0.876204 2.56078 -1.90754</i>
                        <i>-0.161031 0.972326 0.169264 -0.724509 0 -0.689266 -0.670191 -0.233626 0.704459 0.876204 2.55933 -1.90754</i>
                        <i>-0.161732 0.972081 0.170002 -0.724509 0 -0.689266 -0.670022 -0.234645 0.704281 0.876204 2.55795 -1.90754</i>
                        <i>-0.162484 0.971817 0.170792 -0.724509 5.55112e-016 -0.689266 -0.669841 -0.235735 0.70409 0.876204 2.55666 -1.90754</i>
                        <i>-0.163279 0.971537 0.171628 -0.724509 -2.22045e-016 -0.689266 -0.669647 -0.236889 0.703887 0.876204 2.55547 -1.90754</i>
                        <i>-0.164114 0.971241 0.172505 -0.724509 -2.22045e-016 -0.689266 -0.669443 -0.2381 0.703672 0.876204 2.5544 -1.90754</i>
                        <i>-0.164982 0.970931 0.173417 -0.724509 0 -0.689266 -0.66923 -0.239359 0.703448 0.876204 2.55346 -1.90754</i>
                        <i>-0.165878 0.97061 0.174359 -0.724509 -2.22045e-016 -0.689266 -0.669008 -0.240658 0.703215 0.876204 2.55266 -1.90754</i>
                        <i>-0.166796 0.970279 0.175324 -0.724509 1.11022e-016 -0.689266 -0.66878 -0.241991 0.702975 0.876204 2.55202 -1.90754</i>
                        <i>-0.167732 0.969939 0.176308 -0.724509 -2.22045e-016 -0.689266 -0.668546 -0.243348 0.702729 0.876204 2.55154 -1.90754</i>
                        <i>-0.168679 0.969593 0.177303 -0.724509 0 -0.689266 -0.668307 -0.244722 0.702479 0.876204 2.55125 -1.90754</i>
                        <i>-0.169632 0.969243 0.178305 -0.724509 -4.44089e-016 -0.689266 -0.668066 -0.246105 0.702225 0.876204 2.55115 -1.90754</i>
                        <i>-0.170586 0.968891 0.179308 -0.724509 3.33067e-016 -0.689266 -0.667823 -0.247489 0.70197 0.876204 2.55125 -1.90754</i>
                        <i>-0.171534 0.968538 0.180305 -0.724509 0 -0.689266 -0.66758 -0.248865 0.701714 0.876204 2.55154 -1.90754</i>
                        <i>-0.172472 0.968188 0.181291 -0.724509 1.11022e-016 -0.689266 -0.667339 -0.250226 0.70146 0.876204 2.55202 -1.90754</i>
                        <i>-0.173394 0.967841 0.182259 -0.724509 0 -0.689266 -0.6671 -0.251563 0.701209 0.876204 2.55266 -1.90754</i>
                        <i>-0.174293 0.967501 0.183205 -0.724509 -6.66134e-016 -0.689266 -0.666865 -0.252867 0.700963 0.876204 2.55346 -1.90754</i>
                        <i>-0.175164 0.96717 0.18412 -0.724509 -2.22045e-016 -0.689266 -0.666637 -0.254132 0.700723 0.876204 2.5544 -1.90754</i>
                        <i>-0.176002 0.96685 0.185001 -0.724509 -2.22045e-016 -0.689266 -0.666416 -0.255347 0.700491 0.876204 2.55547 -1.90754</i>
                        <i>-0.1768 0.966543 0.18584 -0.724509 0 -0.689266 -0.666205 -0.256505 0.700269 0.876204 2.55666 -1.90754</i>
                        <i>-0.177553 0.966252 0.186632 -0.724509 1.11022e-016 -0.689266 -0.666005 -0.257598 0.700058 0.876204 2.55795 -1.90754</i>
                        <i>-0.178255 0.96598 0.187369 -0.724509 0 -0.689266 -0.665817 -0.258616 0.699861 0.876204 2.55933 -1.90754</i>
                        <i>-0.1789 0.965729 0.188047 -0.724509 0 -0.689266 -0.665644 -0.259551 0.699679 0.876204 2.56078 -1.90754</i>
                        <i>-0.179482 0.965502 0.188659 -0.724509 -2.22045e-016 -0.689266 -0.665487 -0.260396 0.699514 0.876204 2.5623 -1.90754</i>
                        <i>-0.179995 0.965301 0.189199 -0.724509 -6.66134e-016 -0.689266 -0.665349 -0.261141 0.699369 0.876204 2.56388 -1.90754</i>
                        <i>-0.180434 0.965128 0.18966 -0.724509 0 -0.689266 -0.66523 -0.261777 0.699244 0.876204 2.56549 -1.90754</i>
                        <i>-0.180793 0.964987 0.190037 -0.724509 -2.22045e-016 -0.689266 -0.665133 -0.262297 0.699141 0.876204 2.56713 -1.90754</i>
                        <i>-0.181065 0.96488 0.190323 -0.724509 -2.22045e-016 -0.689266 -0.665059 -0.262692 0.699064 0.876204 2.56878 -1.90754</i>
                        <i>-0.18117 0.964838 0.190434 -0.724509 0 -0.689266 -0.66503 -0.262845 0.699033 0.876204 2.57043 -1.90754</i>
                        <i>-0.181048 0.964886 0.190305 -0.724509 0 -0.689266 -0.665063 -0.262668 0.699068 0.876204 2.57207 -1.90754</i>
                        <i>-0.180722 0.965015 0.189962 -0.724509 0 -0.689266 -0.665152 -0.262194 0.699162 0.876204 2.57368 -1.90754</i>
                        <i>-0.180215 0.965214 0.18943 -0.724509 0 -0.689266 -0.665289 -0.26146 0.699306 0.876204 2.57525 -1.90754</i>
                        <i>-0.179553 0.965474 0.188734 -0.724509 0 -0.689266 -0.665468 -0.260499 0.699494 0.876204 2.57677 -1.90754</i>
                        <i>-0.178758 0.965785 0.187898 -0.724509 -2.22045e-016 -0.689266 -0.665682 -0.259346 0.699719 0.876204 2.57823 -1.90754</i>
                        <i>-0.177855 0.966135 0.186949 -0.724509 -2.22045e-016 -0.689266 -0.665924 -0.258036 0.699973 0.876204 2.57961 -1.90754</i>
                        <i>-0.176868 0.966517 0.185911 -0.724509 2.22045e-016 -0.689266 -0.666187 -0.256603 0.70025 0.876204 2.5809 -1.90754</i>
                        <i>-0.17582 0.966919 0.18481 -0.724509 -4.44089e-016 -0.689266 -0.666464 -0.255083 0.700541 0.876204 2.58209 -1.90754</i>
                        <i>-0.174735 0.967333 0.183669 -0.724509 3.33067e-016 -0.689266 -0.66675 -0.253508 0.700841 0.876204 2.58316 -1.90754</i>
                        <i>-0.173636 0.96775 0.182514 -0.724509 0 -0.689266 -0.667037 -0.251914 0.701143 0.876204 2.5841 -1.90754</i>
                        <i>-0.172547 0.968159 0.18137 -0.724509 -4.44089e-016 -0.689266 -0.667319 -0.250335 0.70144 0.876204 2.58489 -1.90754</i>
                        <i>-0.171491 0.968554 0.180259 -0.724509 2.22045e-016 -0.689266 -0.667591 -0.248802 0.701726 0.876204 2.58554 -1.90754</i>
                        <i>-0.170491 0.968926 0.179208 -0.724509 0 -0.689266 -0.667848 -0.247351 0.701995 0.876204 2.58601 -1.90754</i>
                        <i>-0.169569 0.969266 0.178239 -0.724509 -6.66134e-016 -0.689266 -0.668082 -0.246014 0.702242 0.876204 2.58631 -1.90754</i>
                        <i>-0.168749 0.969568 0.177377 -0.724509 -4.44089e-016 -0.689266 -0.66829 -0.244824 0.70246 0.876204 2.58641 -1.90754</i>
                    </KeyFrames>
                </p>
            </i>
            <i>
                <p>
                    <Name><![CDATA[spine1]]></Name>
                    <Exclude>0</Exclude>
                    <Additive>0</Additive>
                    <IKPriority>0</IKPriority>
                    <IKRotLimits>-1e+010 -1e+010 -1e+010 1e+010 1e+010 1e+010</IKRotLimits>
                    <IKRotLimitOrder>0</IKRotLimitOrder>
                    <KeyFrames count="65">
                        <i>-0.38858 0.825939 0.408448 -0.724509 -4.44089e-016 -0.689266 -0.569292 -0.563759 0.5984 0.846655 2.75628 -1.87648</i>
                        <i>-0.386578 0.827914 0.406344 -0.724509 -4.44089e-016 -0.689266 -0.570653 -0.560855 0.599831 0.846788 2.75619 -1.87662</i>
                        <i>-0.384311 0.830133 0.403961 -0.724509 -2.22045e-016 -0.689266 -0.572182 -0.557566 0.601438 0.846938 2.7559 -1.87678</i>
                        <i>-0.381837 0.832532 0.401361 -0.724509 -2.22045e-016 -0.689266 -0.573836 -0.553977 0.603177 0.847101 2.75543 -1.87695</i>
                        <i>-0.379216 0.83505 0.398606 -0.724509 0 -0.689266 -0.575572 -0.550174 0.605001 0.847273 2.75479 -1.87713</i>
                        <i>-0.376506 0.837627 0.395757 -0.724509 0 -0.689266 -0.577348 -0.546242 0.606868 0.84745 2.754 -1.87732</i>
                        <i>-0.373768 0.840204 0.392879 -0.724509 2.22045e-016 -0.689266 -0.579124 -0.54227 0.608735 0.847628 2.75306 -1.87751</i>
                        <i>-0.371063 0.842724 0.390036 -0.724509 0 -0.689266 -0.580861 -0.538346 0.610561 0.847803 2.752 -1.87769</i>
                        <i>-0.368452 0.845132 0.387292 -0.724509 -2.22045e-016 -0.689266 -0.58252 -0.534558 0.612305 0.847971 2.75082 -1.87787</i>
                        <i>-0.365998 0.847373 0.384712 -0.724509 0 -0.689266 -0.584065 -0.530997 0.613929 0.848128 2.74953 -1.87803</i>
                        <i>-0.363763 0.849397 0.382363 -0.724509 -4.44089e-016 -0.689266 -0.58546 -0.527755 0.615395 0.848271 2.74816 -1.87818</i>
                        <i>-0.361811 0.85115 0.380311 -0.724509 -4.44089e-016 -0.689266 -0.586669 -0.524922 0.616666 0.848395 2.7467 -1.87831</i>
                        <i>-0.360204 0.852583 0.378622 -0.724509 -2.22045e-016 -0.689266 -0.587656 -0.522591 0.617704 0.848497 2.74518 -1.87842</i>
                        <i>-0.359007 0.853646 0.377363 -0.724509 1.11022e-016 -0.689266 -0.588389 -0.520854 0.618474 0.848572 2.74361 -1.8785</i>
                        <i>-0.358282 0.854287 0.376601 -0.724509 -6.66134e-016 -0.689266 -0.588831 -0.519802 0.618938 0.848618 2.742 -1.87855</i>
                        <i>-0.358092 0.854454 0.376402 -0.724509 2.22045e-016 -0.689266 -0.588946 -0.519527 0.619059 0.84863 2.74036 -1.87856</i>
                        <i>-0.3585 0.854094 0.37683 -0.724509 0 -0.689266 -0.588698 -0.520118 0.618799 0.848604 2.73871 -1.87853</i>
                        <i>-0.359349 0.853342 0.377723 -0.724509 0 -0.689266 -0.58818 -0.521351 0.618254 0.848551 2.73706 -1.87848</i>
                        <i>-0.360435 0.852378 0.378864 -0.724509 -2.22045e-016 -0.689266 -0.587515 -0.522926 0.617555 0.848482 2.73542 -1.8784</i>
                        <i>-0.361739 0.851214 0.380236 -0.724509 -2.22045e-016 -0.689266 -0.586713 -0.524819 0.616712 0.848399 2.73381 -1.87832</i>
                        <i>-0.363246 0.849862 0.381819 -0.724509 -2.22045e-016 -0.689266 -0.585781 -0.527005 0.615733 0.848304 2.73223 -1.87822</i>
                        <i>-0.364938 0.848335 0.383598 -0.724509 0 -0.689266 -0.584728 -0.52946 0.614626 0.848196 2.73071 -1.8781</i>
                        <i>-0.366799 0.846644 0.385554 -0.724509 0 -0.689266 -0.583563 -0.532159 0.613401 0.848077 2.72925 -1.87798</i>
                        <i>-0.368812 0.844802 0.387669 -0.724509 0 -0.689266 -0.582293 -0.535079 0.612066 0.847948 2.72786 -1.87784</i>
                        <i>-0.370959 0.84282 0.389927 -0.724509 5.55112e-016 -0.689266 -0.580927 -0.538195 0.610631 0.84781 2.72657 -1.8777</i>
                        <i>-0.373225 0.840712 0.392309 -0.724509 -2.22045e-016 -0.689266 -0.579474 -0.541483 0.609103 0.847664 2.72538 -1.87754</i>
                        <i>-0.375593 0.838489 0.394798 -0.724509 -2.22045e-016 -0.689266 -0.577942 -0.544918 0.607493 0.84751 2.72431 -1.87738</i>
                        <i>-0.378046 0.836166 0.397376 -0.724509 0 -0.689266 -0.57634 -0.548477 0.605809 0.84735 2.72336 -1.87721</i>
                        <i>-0.380568 0.833754 0.400027 -0.724509 -2.22045e-016 -0.689266 -0.574678 -0.552136 0.604062 0.847185 2.72256 -1.87704</i>
                        <i>-0.383143 0.831269 0.402733 -0.724509 1.11022e-016 -0.689266 -0.572965 -0.555871 0.602261 0.847015 2.72191 -1.87686</i>
                        <i>-0.385754 0.828723 0.405478 -0.724509 -2.22045e-016 -0.689266 -0.57121 -0.559659 0.600417 0.846843 2.72143 -1.87668</i>
                        <i>-0.388386 0.826131 0.408244 -0.724509 0 -0.689266 -0.569424 -0.563478 0.598539 0.846668 2.72112 -1.8765</i>
                        <i>-0.391022 0.823509 0.411016 -0.724509 -4.44089e-016 -0.689266 -0.567617 -0.567303 0.59664 0.846491 2.72102 -1.87631</i>
                        <i>-0.393648 0.820872 0.413776 -0.724509 3.33067e-016 -0.689266 -0.565799 -0.571113 0.594729 0.846315 2.72111 -1.87613</i>
                        <i>-0.396248 0.818235 0.416509 -0.724509 0 -0.689266 -0.563981 -0.574885 0.592818 0.846139 2.7214 -1.87594</i>
                        <i>-0.398807 0.815614 0.419198 -0.724509 1.11022e-016 -0.689266 -0.562175 -0.578597 0.590919 0.845965 2.72186 -1.87576</i>
                        <i>-0.401309 0.813026 0.421829 -0.724509 0 -0.689266 -0.560391 -0.582227 0.589044 0.845794 2.7225 -1.87558</i>
                        <i>-0.403741 0.810489 0.424384 -0.724509 -6.66134e-016 -0.689266 -0.558642 -0.585755 0.587206 0.845628 2.72329 -1.8754</i>
                        <i>-0.406086 0.808018 0.42685 -0.724509 -2.22045e-016 -0.689266 -0.556939 -0.589158 0.585416 0.845466 2.72422 -1.87523</i>
                        <i>-0.408331 0.805633 0.42921 -0.724509 -2.22045e-016 -0.689266 -0.555295 -0.592415 0.583688 0.84531 2.72528 -1.87507</i>
                        <i>-0.410462 0.80335 0.43145 -0.724509 0 -0.689266 -0.553722 -0.595507 0.582034 0.845162 2.72646 -1.87491</i>
                        <i>-0.412464 0.801189 0.433554 -0.724509 1.11022e-016 -0.689266 -0.552232 -0.598411 0.580468 0.845022 2.72774 -1.87477</i>
                        <i>-0.414324 0.799167 0.435508 -0.724509 0 -0.689266 -0.550839 -0.601109 0.579004 0.844891 2.72912 -1.87463</i>
                        <i>-0.416026 0.797303 0.437298 -0.724509 0 -0.689266 -0.549554 -0.603579 0.577653 0.844771 2.73057 -1.8745</i>
                        <i>-0.417558 0.795616 0.438908 -0.724509 -2.22045e-016 -0.689266 -0.548391 -0.605801 0.576431 0.844662 2.73208 -1.87439</i>
                        <i>-0.418905 0.794124 0.440324 -0.724509 -6.66134e-016 -0.689266 -0.547362 -0.607756 0.57535 0.844567 2.73365 -1.87429</i>
                        <i>-0.420054 0.792846 0.441532 -0.724509 0 -0.689266 -0.546481 -0.609422 0.574423 0.844485 2.73526 -1.8742</i>
                        <i>-0.42099 0.7918 0.442516 -0.724509 -2.22045e-016 -0.689266 -0.545761 -0.610781 0.573666 0.844418 2.73689 -1.87413</i>
                        <i>-0.4217 0.791004 0.443262 -0.724509 -2.22045e-016 -0.689266 -0.545212 -0.61181 0.57309 0.844367 2.73854 -1.87408</i>
                        <i>-0.421975 0.790696 0.44355 -0.724509 0 -0.689266 -0.545 -0.612209 0.572866 0.844348 2.74019 -1.87406</i>
                        <i>-0.421656 0.791054 0.443216 -0.724509 0 -0.689266 -0.545246 -0.611747 0.573125 0.844371 2.74183 -1.87408</i>
                        <i>-0.420805 0.792007 0.442321 -0.724509 0 -0.689266 -0.545903 -0.610512 0.573816 0.844431 2.74344 -1.87415</i>
                        <i>-0.419481 0.793484 0.44093 -0.724509 0 -0.689266 -0.546921 -0.608592 0.574886 0.844526 2.74502 -1.87425</i>
                        <i>-0.417744 0.79541 0.439104 -0.724509 0 -0.689266 -0.548249 -0.606071 0.576282 0.844649 2.74655 -1.87438</i>
                        <i>-0.415652 0.797714 0.436905 -0.724509 -2.22045e-016 -0.689266 -0.549837 -0.603036 0.57795 0.844797 2.74802 -1.87453</i>
                        <i>-0.413265 0.80032 0.434396 -0.724509 -2.22045e-016 -0.689266 -0.551633 -0.599573 0.579839 0.844965 2.74941 -1.87471</i>
                        <i>-0.410642 0.803157 0.431639 -0.724509 2.22045e-016 -0.689266 -0.553588 -0.595768 0.581894 0.845149 2.7507 -1.8749</i>
                        <i>-0.407844 0.806152 0.428697 -0.724509 -4.44089e-016 -0.689266 -0.555653 -0.591708 0.584064 0.845344 2.7519 -1.87511</i>
                        <i>-0.404931 0.809237 0.425636 -0.724509 3.33067e-016 -0.689266 -0.557779 -0.587482 0.586299 0.845546 2.75298 -1.87532</i>
                        <i>-0.401966 0.812343 0.422519 -0.724509 0 -0.689266 -0.55992 -0.58318 0.588549 0.845749 2.75393 -1.87553</i>
                        <i>-0.399011 0.815404 0.419413 -0.724509 -4.44089e-016 -0.689266 -0.56203 -0.578893 0.590767 0.845951 2.75474 -1.87574</i>
                        <i>-0.39613 0.818355 0.416384 -0.724509 2.22045e-016 -0.689266 -0.564064 -0.574713 0.592905 0.846147 2.75539 -1.87595</i>
                        <i>-0.393387 0.821135 0.413502 -0.724509 0 -0.689266 -0.56598 -0.570734 0.594919 0.846332 2.75587 -1.87614</i>
                        <i>-0.390849 0.823683 0.410833 -0.724509 -6.66134e-016 -0.689266 -0.567736 -0.567051 0.596765 0.846503 2.75618 -1.87632</i>
                        <i>-0.38858 0.825939 0.408448 -0.724509 -4.44089e-016 -0.689266 -0.569292 -0.563759 0.5984 0.846655 2.75628 -1.87648</i>
                    </KeyFrames>
                </p>
            </i>
            <i>
                <p>
                    <Name><![CDATA[spine2]]></Name>
                    <Exclude>0</Exclude>
                    <Additive>0</Additive>
                    <IKPriority>0</IKPriority>
                    <IKRotLimits>-1e+010 -1e+010 -1e+010 1e+010 1e+010 1e+010</IKRotLimits>
                    <IKRotLimitOrder>0</IKRotLimitOrder>
                    <KeyFrames count="65">
                        <i>-0.464332 0.739039 0.488074 -0.724509 -4.44089e-016 -0.689266 -0.509394 -0.673662 0.53544 0.783995 2.88926 -1.81062</i>
                        <i>-0.462069 0.742019 0.485695 -0.724509 -4.44089e-016 -0.689266 -0.511448 -0.670379 0.537599 0.784466 2.88946 -1.81111</i>
                        <i>-0.4595 0.74537 0.482995 -0.724509 -2.22045e-016 -0.689266 -0.513758 -0.666651 0.540027 0.784998 2.88949 -1.81167</i>
                        <i>-0.456689 0.748997 0.48004 -0.724509 -2.22045e-016 -0.689266 -0.516258 -0.662573 0.542655 0.785577 2.88937 -1.81228</i>
                        <i>-0.453701 0.75281 0.476899 -0.724509 0 -0.689266 -0.518886 -0.658238 0.545417 0.78619 2.8891 -1.81293</i>
                        <i>-0.450603 0.756716 0.473643 -0.724509 0 -0.689266 -0.521579 -0.653744 0.548247 0.786822 2.88869 -1.81359</i>
                        <i>-0.447464 0.760627 0.470343 -0.724509 2.22045e-016 -0.689266 -0.524274 -0.649189 0.551081 0.787459 2.88813 -1.81426</i>
                        <i>-0.444352 0.764457 0.467073 -0.724509 0 -0.689266 -0.526914 -0.644675 0.553855 0.788087 2.88743 -1.81492</i>
                        <i>-0.441341 0.76812 0.463907 -0.724509 -2.22045e-016 -0.689266 -0.529439 -0.640306 0.556509 0.788693 2.8866 -1.81556</i>
                        <i>-0.438503 0.771534 0.460924 -0.724509 0 -0.689266 -0.531792 -0.636188 0.558983 0.789261 2.88564 -1.81616</i>
                        <i>-0.435911 0.774619 0.4582 -0.724509 -4.44089e-016 -0.689266 -0.533918 -0.632429 0.561218 0.789777 2.88456 -1.8167</i>
                        <i>-0.433642 0.777295 0.455815 -0.724509 -4.44089e-016 -0.689266 -0.535762 -0.629137 0.563157 0.790227 2.88336 -1.81717</i>
                        <i>-0.431772 0.779483 0.453849 -0.724509 -2.22045e-016 -0.689266 -0.537271 -0.626423 0.564742 0.790597 2.88205 -1.81756</i>
                        <i>-0.430376 0.781107 0.452381 -0.724509 1.11022e-016 -0.689266 -0.53839 -0.624398 0.565919 0.790873 2.88063 -1.81785</i>
                        <i>-0.42953 0.782086 0.451492 -0.724509 -6.66134e-016 -0.689266 -0.539065 -0.62317 0.566628 0.79104 2.87911 -1.81803</i>
                        <i>-0.429308 0.782343 0.451259 -0.724509 2.22045e-016 -0.689266 -0.539242 -0.622848 0.566814 0.791083 2.8775 -1.81807</i>
                        <i>-0.429784 0.781793 0.451759 -0.724509 0 -0.689266 -0.538863 -0.623538 0.566415 0.79099 2.87579 -1.81797</i>
                        <i>-0.430775 0.780643 0.452801 -0.724509 0 -0.689266 -0.538071 -0.624977 0.565583 0.790794 2.87403 -1.81777</i>
                        <i>-0.432041 0.77917 0.454131 -0.724509 -2.22045e-016 -0.689266 -0.537055 -0.626813 0.564515 0.790544 2.87225 -1.8175</i>
                        <i>-0.433559 0.777392 0.455728 -0.724509 -2.22045e-016 -0.689266 -0.53583 -0.629016 0.563227 0.790244 2.87047 -1.81719</i>
                        <i>-0.435311 0.775329 0.457568 -0.724509 -2.22045e-016 -0.689266 -0.534408 -0.631557 0.561733 0.789896 2.8687 -1.81682</i>
                        <i>-0.437274 0.773 0.459633 -0.724509 0 -0.689266 -0.532803 -0.634406 0.560045 0.789506 2.86695 -1.81641</i>
                        <i>-0.43943 0.770423 0.461898 -0.724509 0 -0.689266 -0.531026 -0.637533 0.558178 0.789075 2.86525 -1.81596</i>
                        <i>-0.441756 0.767618 0.464343 -0.724509 0 -0.689266 -0.529093 -0.640908 0.556146 0.78861 2.8636 -1.81547</i>
                        <i>-0.444233 0.764603 0.466947 -0.724509 5.55112e-016 -0.689266 -0.527015 -0.644502 0.553961 0.788112 2.86202 -1.81495</i>
                        <i>-0.44684 0.761399 0.469687 -0.724509 -2.22045e-016 -0.689266 -0.524806 -0.648284 0.55164 0.787585 2.86052 -1.81439</i>
                        <i>-0.449557 0.758024 0.472544 -0.724509 -2.22045e-016 -0.689266 -0.52248 -0.652226 0.549195 0.787034 2.85912 -1.81381</i>
                        <i>-0.452365 0.7545 0.475495 -0.724509 0 -0.689266 -0.520051 -0.6563 0.546642 0.786463 2.85784 -1.81321</i>
                        <i>-0.455243 0.750847 0.47852 -0.724509 -2.22045e-016 -0.689266 -0.517533 -0.660476 0.543995 0.785874 2.85668 -1.81259</i>
                        <i>-0.458173 0.747087 0.4816 -0.724509 1.11022e-016 -0.689266 -0.514941 -0.664727 0.541271 0.785271 2.85567 -1.81196</i>
                        <i>-0.461136 0.74324 0.484715 -0.724509 -2.22045e-016 -0.689266 -0.51229 -0.669025 0.538483 0.784659 2.85481 -1.81132</i>
                        <i>-0.464114 0.739329 0.487844 -0.724509 0 -0.689266 -0.509594 -0.673345 0.53565 0.784041 2.85413 -1.81067</i>
                        <i>-0.467087 0.735377 0.49097 -0.724509 -4.44089e-016 -0.689266 -0.50687 -0.677659 0.532787 0.78342 2.85364 -1.81002</i>
                        <i>-0.470039 0.731406 0.494073 -0.724509 3.33067e-016 -0.689266 -0.504133 -0.681942 0.52991 0.7828 2.85335 -1.80936</i>
                        <i>-0.472953 0.727442 0.497135 -0.724509 0 -0.689266 -0.501401 -0.686169 0.527038 0.782186 2.85325 -1.80872</i>
                        <i>-0.475812 0.723508 0.50014 -0.724509 1.11022e-016 -0.689266 -0.498689 -0.690316 0.524187 0.781579 2.85333 -1.80808</i>
                        <i>-0.478599 0.719628 0.50307 -0.724509 0 -0.689266 -0.496015 -0.69436 0.521377 0.780985 2.85359 -1.80746</i>
                        <i>-0.481298 0.715828 0.505907 -0.724509 -6.66134e-016 -0.689266 -0.493396 -0.698276 0.518624 0.780406 2.854 -1.80685</i>
                        <i>-0.483895 0.712134 0.508637 -0.724509 -2.22045e-016 -0.689266 -0.49085 -0.702044 0.515947 0.779847 2.85457 -1.80626</i>
                        <i>-0.486373 0.708571 0.511242 -0.724509 -2.22045e-016 -0.689266 -0.488394 -0.705639 0.513366 0.779311 2.85528 -1.8057</i>
                        <i>-0.488718 0.705166 0.513707 -0.724509 0 -0.689266 -0.486047 -0.709042 0.510899 0.778801 2.85612 -1.80516</i>
                        <i>-0.490916 0.701945 0.516017 -0.724509 1.11022e-016 -0.689266 -0.483827 -0.712231 0.508565 0.77832 2.85708 -1.80466</i>
                        <i>-0.492952 0.698936 0.518157 -0.724509 0 -0.689266 -0.481752 -0.715185 0.506385 0.777874 2.85816 -1.80419</i>
                        <i>-0.494812 0.696164 0.520112 -0.724509 0 -0.689266 -0.479842 -0.717883 0.504377 0.777464 2.85933 -1.80376</i>
                        <i>-0.496482 0.693657 0.521868 -0.724509 -2.22045e-016 -0.689266 -0.478114 -0.720306 0.50256 0.777095 2.8606 -1.80337</i>
                        <i>-0.497948 0.691442 0.523408 -0.724509 -6.66134e-016 -0.689266 -0.476587 -0.722432 0.500956 0.77677 2.86194 -1.80303</i>
                        <i>-0.499195 0.689546 0.52472 -0.724509 0 -0.689266 -0.47528 -0.724242 0.499582 0.776492 2.86336 -1.80273</i>
                        <i>-0.500211 0.687995 0.525787 -0.724509 -2.22045e-016 -0.689266 -0.474211 -0.725715 0.498458 0.776266 2.86484 -1.8025</i>
                        <i>-0.50098 0.686816 0.526595 -0.724509 -2.22045e-016 -0.689266 -0.473399 -0.726831 0.497604 0.776094 2.86637 -1.80232</i>
                        <i>-0.501277 0.68636 0.526908 -0.724509 0 -0.689266 -0.473084 -0.727262 0.497273 0.776028 2.86797 -1.80225</i>
                        <i>-0.500932 0.686889 0.526545 -0.724509 0 -0.689266 -0.473449 -0.726762 0.497657 0.776105 2.86967 -1.80233</i>
                        <i>-0.50001 0.688302 0.525576 -0.724509 0 -0.689266 -0.474423 -0.725424 0.498681 0.776311 2.87142 -1.80254</i>
                        <i>-0.498574 0.690492 0.524066 -0.724509 0 -0.689266 -0.475932 -0.72334 0.500267 0.776631 2.87322 -1.80288</i>
                        <i>-0.496684 0.693352 0.52208 -0.724509 0 -0.689266 -0.477904 -0.720599 0.502339 0.77705 2.87504 -1.80332</i>
                        <i>-0.494404 0.696774 0.519683 -0.724509 -2.22045e-016 -0.689266 -0.480262 -0.717291 0.504819 0.777554 2.87684 -1.80385</i>
                        <i>-0.491794 0.700651 0.51694 -0.724509 -2.22045e-016 -0.689266 -0.482935 -0.713504 0.507628 0.778128 2.87862 -1.80445</i>
                        <i>-0.488916 0.704877 0.513915 -0.724509 2.22045e-016 -0.689266 -0.485848 -0.709329 0.51069 0.778758 2.88034 -1.80511</i>
                        <i>-0.485836 0.709347 0.510677 -0.724509 -4.44089e-016 -0.689266 -0.488928 -0.70486 0.513928 0.779427 2.88197 -1.80582</i>
                        <i>-0.482617 0.713956 0.507294 -0.724509 3.33067e-016 -0.689266 -0.492106 -0.70019 0.517268 0.780123 2.88351 -1.80655</i>
                        <i>-0.479328 0.718605 0.503837 -0.724509 0 -0.689266 -0.49531 -0.695419 0.520635 0.780829 2.88492 -1.80729</i>
                        <i>-0.476039 0.723193 0.500379 -0.724509 -4.44089e-016 -0.689266 -0.498472 -0.690646 0.523959 0.781531 2.88617 -1.80803</i>
                        <i>-0.47282 0.727623 0.496996 -0.724509 2.22045e-016 -0.689266 -0.501526 -0.685977 0.527169 0.782214 2.88726 -1.80875</i>
                        <i>-0.469746 0.731803 0.493765 -0.724509 0 -0.689266 -0.504407 -0.681517 0.530197 0.782862 2.88815 -1.80943</i>
                        <i>-0.466891 0.735638 0.490764 -0.724509 -6.66134e-016 -0.689266 -0.50705 -0.677375 0.532976 0.783461 2.88883 -1.81006</i>
                        <i>-0.464332 0.739039 0.488074 -0.724509 -4.44089e-016 -0.689266 -0.509394 -0.673662 0.53544 0.783995 2.88926 -1.81062</i>
                    </KeyFrames>
                </p>
            </i>
            <i>
                <p>
                    <Name><![CDATA[head]]></Name>
                    <Exclude>0</Exclude>
                    <Additive>0</Additive>
                    <IKPriority>0</IKPriority>
                    <IKRotLimits>-1e+010 -1e+010 -1e+010 1e+010 1e+010 1e+010</IKRotLimits>
                    <IKRotLimitOrder>0</IKRotLimitOrder>
                    <KeyFrames count="65">
                        <i>-0.106076 0.990584 0.0865516 -0.0782519 0.0784567 -0.993842 -0.991274 -0.112196 0.0691928 0.674569 3.09334 -1.6956</i>
                        <i>-0.103119 0.991297 0.0818289 -0.0778586 0.0739707 -0.994217 -0.991617 -0.108894 0.0695532 0.675675 3.09423 -1.69676</i>
                        <i>-0.0997752 0.992066 0.0764902 -0.0774363 0.0688987 -0.994614 -0.991992 -0.105161 0.0699475 0.676927 3.09505 -1.69808</i>
                        <i>-0.0961321 0.992856 0.0706761 -0.0770034 0.063374 -0.995015 -0.992386 -0.101095 0.070361 0.678294 3.09578 -1.69951</i>
                        <i>-0.0922781 0.99364 0.0645276 -0.0765761 0.0575305 -0.995403 -0.992784 -0.0967951 0.0707802 0.679742 3.0964 -1.70104</i>
                        <i>-0.0883016 0.994393 0.0581861 -0.0761681 0.0515026 -0.995764 -0.993177 -0.0923594 0.0711932 0.68124 3.0969 -1.70261</i>
                        <i>-0.0842917 0.995094 0.0517935 -0.0757906 0.0454252 -0.996089 -0.993555 -0.0878874 0.0715897 0.682753 3.09725 -1.7042</i>
