<?xml version="1.0" encoding="ISO-8859-1" ?>
<Animl Version="1">
    <ModellingPackage><![CDATA[Maya.2010]]></ModellingPackage>
    <SrcFile><![CDATA[anims\turrets\artillery\red\~src\artillery_d30\artillery_d30_aim_low_crewman_a.mb]]></SrcFile>
    <FramesPerSecond>30</FramesPerSecond>
    <TotalFrames>61</TotalFrames>
    <Skeleton>
        <RefFrame>
            <Name><![CDATA[soldier_ref_frame]]></Name>
            <Exclude>0</Exclude>
            <Additive>0</Additive>
            <IKPriority>0</IKPriority>
            <IKRotLimits>-1e+010 -1e+010 -1e+010 1e+010 1e+010 1e+010</IKRotLimits>
            <IKRotLimitOrder>0</IKRotLimitOrder>
            <KeyFrames count="61">
                <i>1 0 0 0 1 0 0 0 1 1.61 1.35 -2.4</i>
                <i>1 0 0 0 1 0 0 0 1 1.61 1.35 -2.4</i>
                <i>1 0 0 0 1 0 0 0 1 1.61 1.35 -2.4</i>
                <i>1 0 0 0 1 0 0 0 1 1.61 1.35 -2.4</i>
                <i>1 0 0 0 1 0 0 0 1 1.61 1.35 -2.4</i>
                <i>1 0 0 0 1 0 0 0 1 1.61 1.35 -2.4</i>
                <i>1 0 0 0 1 0 0 0 1 1.61 1.35 -2.4</i>
                <i>1 0 0 0 1 0 0 0 1 1.61 1.35 -2.4</i>
                <i>1 0 0 0 1 0 0 0 1 1.61 1.35 -2.4</i>
                <i>1 0 0 0 1 0 0 0 1 1.61 1.35 -2.4</i>
                <i>1 0 0 0 1 0 0 0 1 1.61 1.35 -2.4</i>
                <i>1 0 0 0 1 0 0 0 1 1.61 1.35 -2.4</i>
                <i>1 0 0 0 1 0 0 0 1 1.61 1.35 -2.4</i>
                <i>1 0 0 0 1 0 0 0 1 1.61 1.35 -2.4</i>
                <i>1 0 0 0 1 0 0 0 1 1.61 1.35 -2.4</i>
                <i>1 0 0 0 1 0 0 0 1 1.61 1.35 -2.4</i>
                <i>1 0 0 0 1 0 0 0 1 1.61 1.35 -2.4</i>
                <i>1 0 0 0 1 0 0 0 1 1.61 1.35 -2.4</i>
                <i>1 0 0 0 1 0 0 0 1 1.61 1.35 -2.4</i>
                <i>1 0 0 0 1 0 0 0 1 1.61 1.35 -2.4</i>
                <i>1 0 0 0 1 0 0 0 1 1.61 1.35 -2.4</i>
                <i>1 0 0 0 1 0 0 0 1 1.61 1.35 -2.4</i>
                <i>1 0 0 0 1 0 0 0 1 1.61 1.35 -2.4</i>
                <i>1 0 0 0 1 0 0 0 1 1.61 1.35 -2.4</i>
                <i>1 0 0 0 1 0 0 0 1 1.61 1.35 -2.4</i>
                <i>1 0 0 0 1 0 0 0 1 1.61 1.35 -2.4</i>
                <i>1 0 0 0 1 0 0 0 1 1.61 1.35 -2.4</i>
                <i>1 0 0 0 1 0 0 0 1 1.61 1.35 -2.4</i>
                <i>1 0 0 0 1 0 0 0 1 1.61 1.35 -2.4</i>
                <i>1 0 0 0 1 0 0 0 1 1.61 1.35 -2.4</i>
                <i>1 0 0 0 1 0 0 0 1 1.61 1.35 -2.4</i>
                <i>1 0 0 0 1 0 0 0 1 1.61 1.35 -2.4</i>
                <i>1 0 0 0 1 0 0 0 1 1.61 1.35 -2.4</i>
                <i>1 0 0 0 1 0 0 0 1 1.61 1.35 -2.4</i>
                <i>1 0 0 0 1 0 0 0 1 1.61 1.35 -2.4</i>
                <i>1 0 0 0 1 0 0 0 1 1.61 1.35 -2.4</i>
                <i>1 0 0 0 1 0 0 0 1 1.61 1.35 -2.4</i>
                <i>1 0 0 0 1 0 0 0 1 1.61 1.35 -2.4</i>
                <i>1 0 0 0 1 0 0 0 1 1.61 1.35 -2.4</i>
                <i>1 0 0 0 1 0 0 0 1 1.61 1.35 -2.4</i>
                <i>1 0 0 0 1 0 0 0 1 1.61 1.35 -2.4</i>
                <i>1 0 0 0 1 0 0 0 1 1.61 1.35 -2.4</i>
                <i>1 0 0 0 1 0 0 0 1 1.61 1.35 -2.4</i>
                <i>1 0 0 0 1 0 0 0 1 1.61 1.35 -2.4</i>
                <i>1 0 0 0 1 0 0 0 1 1.61 1.35 -2.4</i>
                <i>1 0 0 0 1 0 0 0 1 1.61 1.35 -2.4</i>
                <i>1 0 0 0 1 0 0 0 1 1.61 1.35 -2.4</i>
                <i>1 0 0 0 1 0 0 0 1 1.61 1.35 -2.4</i>
                <i>1 0 0 0 1 0 0 0 1 1.61 1.35 -2.4</i>
                <i>1 0 0 0 1 0 0 0 1 1.61 1.35 -2.4</i>
                <i>1 0 0 0 1 0 0 0 1 1.61 1.35 -2.4</i>
                <i>1 0 0 0 1 0 0 0 1 1.61 1.35 -2.4</i>
                <i>1 0 0 0 1 0 0 0 1 1.61 1.35 -2.4</i>
                <i>1 0 0 0 1 0 0 0 1 1.61 1.35 -2.4</i>
                <i>1 0 0 0 1 0 0 0 1 1.61 1.35 -2.4</i>
                <i>1 0 0 0 1 0 0 0 1 1.61 1.35 -2.4</i>
                <i>1 0 0 0 1 0 0 0 1 1.61 1.35 -2.4</i>
                <i>1 0 0 0 1 0 0 0 1 1.61 1.35 -2.4</i>
                <i>1 0 0 0 1 0 0 0 1 1.61 1.35 -2.4</i>
                <i>1 0 0 0 1 0 0 0 1 1.61 1.35 -2.4</i>
                <i>1 0 0 0 1 0 0 0 1 1.61 1.35 -2.4</i>
            </KeyFrames>
        </RefFrame>
        <Bones count="23">
            <i>
                <p>
                    <Name><![CDATA[pelvis]]></Name>
                    <Exclude>0</Exclude>
                    <Additive>0</Additive>
                    <IKPriority>0</IKPriority>
                    <IKRotLimits>-1e+010 -1e+010 -1e+010 1e+010 1e+010 1e+010</IKRotLimits>
                    <IKRotLimitOrder>2</IKRotLimitOrder>
                    <KeyFrames count="61">
                        <i>1 0 0 0 1 0 0 0 1 1.45 2.48 -2.26</i>
                        <i>1 0 0 0 1 0 0 0 1 1.45 2.47902 -2.26</i>
                        <i>1 0 0 0 1 0 0 0 1 1.45 2.47745 -2.26</i>
                        <i>1 0 0 0 1 0 0 0 1 1.45 2.47573 -2.26</i>
                        <i>1 0 0 0 1 0 0 0 1 1.45 2.47395 -2.26</i>
                        <i>1 0 0 0 1 0 0 0 1 1.45 2.47217 -2.26</i>
                        <i>1 0 0 0 1 0 0 0 1 1.45 2.47043 -2.26</i>
                        <i>1 0 0 0 1 0 0 0 1 1.45 2.46873 -2.26</i>
                        <i>1 0 0 0 1 0 0 0 1 1.45 2.4671 -2.26</i>
                        <i>1 0 0 0 1 0 0 0 1 1.45 2.46556 -2.26</i>
                        <i>1 0 0 0 1 0 0 0 1 1.45 2.46414 -2.26</i>
                        <i>1 0 0 0 1 0 0 0 1 1.45 2.46286 -2.26</i>
                        <i>1 0 0 0 1 0 0 0 1 1.45 2.46174 -2.26</i>
                        <i>1 0 0 0 1 0 0 0 1 1.45 2.46085 -2.26</i>
                        <i>1 0 0 0 1 0 0 0 1 1.45 2.46024 -2.26</i>
                        <i>1 0 0 0 1 0 0 0 1 1.45 2.46 -2.26</i>
                        <i>1 0 0 0 1 0 0 0 1 1.45 2.4602 -2.26</i>
                        <i>1 0 0 0 1 0 0 0 1 1.45 2.46077 -2.26</i>
                        <i>1 0 0 0 1 0 0 0 1 1.45 2.46165 -2.26</i>
                        <i>1 0 0 0 1 0 0 0 1 1.45 2.4628 -2.26</i>
                        <i>1 0 0 0 1 0 0 0 1 1.45 2.46417 -2.26</i>
                        <i>1 0 0 0 1 0 0 0 1 1.45 2.46572 -2.26</i>
                        <i>1 0 0 0 1 0 0 0 1 1.45 2.46738 -2.26</i>
                        <i>1 0 0 0 1 0 0 0 1 1.45 2.46912 -2.26</i>
                        <i>1 0 0 0 1 0 0 0 1 1.45 2.47088 -2.26</i>
                        <i>1 0 0 0 1 0 0 0 1 1.45 2.47262 -2.26</i>
                        <i>1 0 0 0 1 0 0 0 1 1.45 2.47428 -2.26</i>
                        <i>1 0 0 0 1 0 0 0 1 1.45 2.47583 -2.26</i>
                        <i>1 0 0 0 1 0 0 0 1 1.45 2.4772 -2.26</i>
                        <i>1 0 0 0 1 0 0 0 1 1.45 2.47835 -2.26</i>
                        <i>1 0 0 0 1 0 0 0 1 1.45 2.47923 -2.26</i>
                        <i>1 0 0 0 1 0 0 0 1 1.45 2.4798 -2.26</i>
                        <i>1 0 0 0 1 0 0 0 1 1.45 2.48 -2.26</i>
                        <i>1 0 0 0 1 0 0 0 1 1.45 2.47975 -2.26</i>
                        <i>1 0 0 0 1 0 0 0 1 1.45 2.47903 -2.26</i>
                        <i>1 0 0 0 1 0 0 0 1 1.45 2.47792 -2.26</i>
                        <i>1 0 0 0 1 0 0 0 1 1.45 2.47649 -2.26</i>
                        <i>1 0 0 0 1 0 0 0 1 1.45 2.47481 -2.26</i>
                        <i>1 0 0 0 1 0 0 0 1 1.45 2.47296 -2.26</i>
                        <i>1 0 0 0 1 0 0 0 1 1.45 2.471 -2.26</i>
                        <i>1 0 0 0 1 0 0 0 1 1.45 2.469 -2.26</i>
                        <i>1 0 0 0 1 0 0 0 1 1.45 2.46704 -2.26</i>
                        <i>1 0 0 0 1 0 0 0 1 1.45 2.46519 -2.26</i>
                        <i>1 0 0 0 1 0 0 0 1 1.45 2.46351 -2.26</i>
                        <i>1 0 0 0 1 0 0 0 1 1.45 2.46208 -2.26</i>
                        <i>1 0 0 0 1 0 0 0 1 1.45 2.46097 -2.26</i>
                        <i>1 0 0 0 1 0 0 0 1 1.45 2.46025 -2.26</i>
                        <i>1 0 0 0 1 0 0 0 1 1.45 2.46 -2.26</i>
                        <i>1 0 0 0 1 0 0 0 1 1.45 2.46031 -2.26</i>
                        <i>1 0 0 0 1 0 0 0 1 1.45 2.4611 -2.26</i>
                        <i>1 0 0 0 1 0 0 0 1 1.45 2.46223 -2.26</i>
                        <i>1 0 0 0 1 0 0 0 1 1.45 2.46363 -2.26</i>
                        <i>1 0 0 0 1 0 0 0 1 1.45 2.46522 -2.26</i>
                        <i>1 0 0 0 1 0 0 0 1 1.45 2.46698 -2.26</i>
                        <i>1 0 0 0 1 0 0 0 1 1.45 2.46885 -2.26</i>
                        <i>1 0 0 0 1 0 0 0 1 1.45 2.47082 -2.26</i>
                        <i>1 0 0 0 1 0 0 0 1 1.45 2.47285 -2.26</i>
                        <i>1 0 0 0 1 0 0 0 1 1.45 2.47491 -2.26</i>
                        <i>1 0 0 0 1 0 0 0 1 1.45 2.47693 -2.26</i>
                        <i>1 0 0 0 1 0 0 0 1 1.45 2.4788 -2.26</i>
                        <i>1 0 0 0 1 0 0 0 1 1.45 2.48 -2.26</i>
                    </KeyFrames>
                </p>
            </i>
            <i>
                <p>
                    <Name><![CDATA[spine0]]></Name>
                    <Exclude>0</Exclude>
                    <Additive>0</Additive>
                    <IKPriority>0</IKPriority>
                    <IKRotLimits>-1e+010 -1e+010 -1e+010 1e+010 1e+010 1e+010</IKRotLimits>
                    <IKRotLimitOrder>0</IKRotLimitOrder>
                    <KeyFrames count="61">
                        <i>-0.139095 0.985713 0.094989 -0.722943 -0.0355231 -0.689994 -0.676762 -0.164646 0.717555 1.47876 2.61768 -2.29023</i>
                        <i>-0.137868 0.986003 0.0937534 -0.723035 -0.0355001 -0.689898 -0.676914 -0.162902 0.71781 1.47911 2.61655 -2.2906</i>
                        <i>-0.135191 0.986628 0.0910369 -0.723185 -0.0354503 -0.689744 -0.677293 -0.159084 0.718308 1.47968 2.61472 -2.29119</i>
                        <i>-0.132096 0.987333 0.0878932 -0.72335 -0.035391 -0.689574 -0.677728 -0.154667 0.718862 1.4803 2.61271 -2.29185</i>
                        <i>-0.128828 0.988054 0.0845742 -0.723519 -0.0353262 -0.6894 -0.678176 -0.150005 0.719427 1.48095 2.61063 -2.29253</i>
                        <i>-0.125496 0.988766 0.0811897 -0.723687 -0.0352582 -0.689227 -0.678621 -0.145251 0.719983 1.48159 2.60854 -2.2932</i>
                        <i>-0.122161 0.989456 0.0778007 -0.723852 -0.0351884 -0.689057 -0.679054 -0.140492 0.720519 1.48221 2.60648 -2.29386</i>
                        <i>-0.11886 0.990116 0.0744455 -0.724011 -0.0351184 -0.688894 -0.679471 -0.135782 0.721029 1.48282 2.60448 -2.2945</i>
                        <i>-0.115621 0.990742 0.0711495 -0.724162 -0.0350494 -0.688738 -0.679868 -0.131156 0.72151 1.4834 2.60256 -2.2951</i>
                        <i>-0.112458 0.991332 0.0679276 -0.724304 -0.0349828 -0.688592 -0.680247 -0.126638 0.72196 1.48394 2.60073 -2.29568</i>
                        <i>-0.109377 0.991887 0.0647816 -0.724435 -0.0349201 -0.688458 -0.68061 -0.122231 0.722377 1.48444 2.59904 -2.2962</i>
                        <i>-0.106355 0.992413 0.0616875 -0.724553 -0.0348628 -0.688337 -0.680964 -0.117904 0.722763 1.48489 2.59752 -2.29668</i>
                        <i>-0.103344 0.992919 0.0585886 -0.724654 -0.0348125 -0.688233 -0.681319 -0.113581 0.723121 1.48528 2.59619 -2.29709</i>
                        <i>-0.100462 0.993386 0.0556047 -0.724737 -0.0347745 -0.688147 -0.681662 -0.109432 0.723437 1.4856 2.59512 -2.29742</i>
                        <i>-0.0979539 0.99378 0.052981 -0.724797 -0.0347574 -0.688086 -0.681964 -0.105801 0.723693 1.48583 2.59438 -2.29766</i>
                        <i>-0.0960707 0.994068 0.0509746 -0.724826 -0.0347675 -0.688054 -0.6822 -0.10305 0.723867 1.48595 2.59408 -2.29779</i>
                        <i>-0.0949906 0.994233 0.0497777 -0.724817 -0.0348013 -0.688062 -0.682361 -0.101439 0.723943 1.48591 2.5943 -2.29775</i>
                        <i>-0.0948659 0.994256 0.0495553 -0.724761 -0.0348554 -0.688118 -0.682438 -0.101195 0.723904 1.4857 2.59498 -2.29752</i>
                        <i>-0.0956128 0.994151 0.050226 -0.724663 -0.034925 -0.688218 -0.682438 -0.102199 0.723764 1.48532 2.59607 -2.29713</i>
                        <i>-0.097151 0.993925 0.0517117 -0.724529 -0.0350054 -0.688355 -0.682363 -0.104341 0.723528 1.48481 2.59751 -2.29659</i>
                        <i>-0.0994255 0.993581 0.0539601 -0.724363 -0.0350925 -0.688525 -0.682212 -0.107544 0.723202 1.48417 2.59922 -2.29592</i>
                        <i>-0.102394 0.993113 0.0569314 -0.72417 -0.0351829 -0.688723 -0.681977 -0.111749 0.722786 1.48344 2.60115 -2.29515</i>
                        <i>-0.106019 0.992516 0.0605906 -0.723957 -0.0352738 -0.688943 -0.68165 -0.116906 0.722279 1.48263 2.60323 -2.29429</i>
                        <i>-0.110267 0.99178 0.0649048 -0.723727 -0.0353632 -0.68918 -0.68122 -0.122967 0.721678 1.48175 2.6054 -2.29338</i>
                        <i>-0.115007 0.990914 0.0697392 -0.723487 -0.0354484 -0.689427 -0.680691 -0.129745 0.72099 1.48084 2.60761 -2.29242</i>
                        <i>-0.120028 0.989943 0.0748752 -0.723242 -0.0355265 -0.689681 -0.680084 -0.136934 0.720232 1.47991 2.60978 -2.29144</i>
                        <i>-0.125175 0.988891 0.0801544 -0.722997 -0.0355956 -0.689933 -0.679416 -0.144314 0.719421 1.47898 2.61186 -2.29046</i>
                        <i>-0.130297 0.987789 0.0854187 -0.722759 -0.0356544 -0.69018 -0.678706 -0.151665 0.718579 1.47808 2.6138 -2.28951</i>
                        <i>-0.135238 0.986671 0.0905083 -0.722533 -0.0357019 -0.690414 -0.67798 -0.158766 0.71773 1.47722 2.61554 -2.28861</i>
                        <i>-0.139841 0.985581 0.0952596 -0.722325 -0.0357368 -0.69063 -0.677268 -0.165387 0.716907 1.47643 2.61701 -2.28778</i>
                        <i>-0.143936 0.984572 0.0994985 -0.72214 -0.0357578 -0.690822 -0.676606 -0.171286 0.716146 1.47572 2.61817 -2.28704</i>
                        <i>-0.147341 0.983704 0.103039 -0.721986 -0.0357633 -0.690982 -0.676037 -0.176203 0.71549 1.47513 2.61897 -2.28642</i>
                        <i>-0.14987 0.983041 0.105684 -0.721868 -0.0357534 -0.691107 -0.675608 -0.179866 0.714984 1.47467 2.61934 -2.28593</i>
                        <i>-0.150914 0.98276 0.106804 -0.721792 -0.0357224 -0.691188 -0.675457 -0.1814 0.714739 1.47437 2.6192 -2.28561</i>
                        <i>-0.149386 0.983159 0.105269 -0.721764 -0.0356579 -0.69122 -0.675825 -0.179238 0.714936 1.47424 2.61853 -2.28548</i>
                        <i>-0.146807 0.983824 0.102653 -0.721801 -0.0355889 -0.691185 -0.676351 -0.175566 0.71535 1.47436 2.61737 -2.2856</i>
                        <i>-0.143384 0.984686 0.0991682 -0.721908 -0.0355209 -0.691077 -0.676971 -0.170679 0.715946 1.47475 2.6158 -2.28601</i>
                        <i>-0.139239 0.985697 0.0949407 -0.722073 -0.0354524 -0.690908 -0.67766 -0.164755 0.716682 1.47537 2.61389 -2.28666</i>
                        <i>-0.134469 0.986816 0.0900684 -0.722286 -0.035382 -0.690689 -0.678396 -0.157931 0.717521 1.47617 2.61172 -2.28751</i>
                        <i>-0.129173 0.988002 0.084652 -0.722534 -0.0353088 -0.690433 -0.67916 -0.150349 0.718426 1.47712 2.60938 -2.2885</i>
                        <i>-0.123506 0.989206 0.0788485 -0.722807 -0.0352339 -0.690151 -0.679924 -0.14223 0.719357 1.47816 2.60694 -2.2896</i>
                        <i>-0.117637 0.990382 0.0728298 -0.723092 -0.0351589 -0.689856 -0.680661 -0.133816 0.720274 1.47926 2.6045 -2.29075</i>
                        <i>-0.111738 0.991492 0.066769 -0.72338 -0.0350864 -0.689558 -0.681349 -0.125349 0.721146 1.48037 2.60213 -2.29192</i>
                        <i>-0.105982 0.992505 0.0608434 -0.723659 -0.0350197 -0.689269 -0.681972 -0.11708 0.721947 1.48144 2.59995 -2.29305</i>
                        <i>-0.100553 0.993397 0.0552407 -0.723919 -0.0349625 -0.688999 -0.682518 -0.109271 0.722654 1.48244 2.59802 -2.2941</i>
                        <i>-0.0956604 0.994149 0.0501732 -0.724148 -0.0349194 -0.68876 -0.682978 -0.10222 0.723252 1.48333 2.59646 -2.29504</i>
                        <i>-0.0915108 0.994748 0.0458589 -0.724338 -0.0348913 -0.688562 -0.683345 -0.0962282 0.723726 1.48406 2.59536 -2.2958</i>
                        <i>-0.0886924 0.995134 0.0429178 -0.724476 -0.03488 -0.688416 -0.68357 -0.0921503 0.724045 1.4846 2.59482 -2.29637</i>
                        <i>-0.0892354 0.995062 0.0434673 -0.724554 -0.0349083 -0.688334 -0.683417 -0.0929181 0.724091 1.4849 2.59496 -2.29668</i>
                        <i>-0.090999 0.994821 0.0452833 -0.724561 -0.0349457 -0.688325 -0.683177 -0.0954473 0.723988 1.48493 2.59574 -2.29671</i>
                        <i>-0.0934903 0.99447 0.0478537 -0.724511 -0.0349869 -0.688375 -0.682893 -0.0990269 0.723775 1.48474 2.59698 -2.29651</i>
                        <i>-0.0965603 0.994018 0.0510238 -0.724421 -0.0350317 -0.688467 -0.682561 -0.103441 0.723471 1.4844 2.59856 -2.29615</i>
                        <i>-0.100149 0.993466 0.0547316 -0.724302 -0.0350798 -0.68859 -0.682171 -0.108604 0.723082 1.48394 2.6004 -2.29567</i>
                        <i>-0.104349 0.992785 0.0590729 -0.724159 -0.035133 -0.688738 -0.681693 -0.114647 0.7226 1.48339 2.60244 -2.2951</i>
                        <i>-0.109073 0.991974 0.0639577 -0.723998 -0.0351905 -0.688904 -0.681124 -0.121446 0.722025 1.48277 2.60463 -2.29445</i>
                        <i>-0.114136 0.991053 0.0691925 -0.723822 -0.03525 -0.689086 -0.680481 -0.128733 0.721369 1.4821 2.60694 -2.29374</i>
                        <i>-0.119416 0.990034 0.0746509 -0.723635 -0.0353101 -0.689279 -0.679773 -0.136331 0.72064 1.48139 2.60932 -2.293</i>
                        <i>-0.124807 0.988932 0.0802233 -0.723442 -0.0353697 -0.689478 -0.67901 -0.144089 0.71985 1.48065 2.61172 -2.29222</i>
                        <i>-0.130181 0.987773 0.085777 -0.723248 -0.0354275 -0.689679 -0.678207 -0.151821 0.719017 1.47991 2.61409 -2.29144</i>
                        <i>-0.135296 0.986612 0.0910631 -0.723065 -0.0354815 -0.689869 -0.677401 -0.159181 0.718184 1.47922 2.61627 -2.29071</i>
                        <i>-0.139095 0.985713 0.094989 -0.722943 -0.0355231 -0.689994 -0.676762 -0.164646 0.717555 1.47876 2.61768 -2.29023</i>
                    </KeyFrames>
                </p>
            </i>
            <i>
                <p>
                    <Name><![CDATA[spine1]]></Name>
                    <Exclude>0</Exclude>
                    <Additive>0</Additive>
                    <IKPriority>0</IKPriority>
                    <IKRotLimits>-1e+010 -1e+010 -1e+010 1e+010 1e+010 1e+010</IKRotLimits>
                    <IKRotLimitOrder>0</IKRotLimitOrder>
                    <KeyFrames count="61">
                        <i>-0.327465 0.887031 0.325489 -0.722367 -0.0129767 -0.691388 -0.609058 -0.461528 0.645011 1.45435 2.79072 -2.27357</i>
                        <i>-0.329559 0.885405 0.327793 -0.722246 -0.0128173 -0.691517 -0.608072 -0.464643 0.643705 1.45489 2.78985 -2.27414</i>
                        <i>-0.33071 0.884479 0.329131 -0.722074 -0.0125913 -0.691701 -0.607651 -0.46641 0.642824 1.45589 2.78845 -2.27518</i>
                        <i>-0.33144 0.88387 0.330032 -0.721893 -0.0123513 -0.691895 -0.607469 -0.467569 0.642153 1.45702 2.78691 -2.27637</i>
                        <i>-0.331866 0.883494 0.330611 -0.721711 -0.0121104 -0.692088 -0.607452 -0.468287 0.641646 1.45819 2.78531 -2.2776</i>
                        <i>-0.332029 0.883321 0.330909 -0.721534 -0.0118751 -0.692277 -0.607573 -0.468618 0.64129 1.45938 2.7837 -2.27884</i>
                        <i>-0.331935 0.883349 0.33093 -0.721365 -0.0116504 -0.692457 -0.607825 -0.468572 0.641084 1.46055 2.78211 -2.28008</i>
                        <i>-0.33157 0.883587 0.330658 -0.721207 -0.0114403 -0.692625 -0.608212 -0.468126 0.641043 1.46171 2.78055 -2.28129</i>
                        <i>-0.330899 0.884065 0.330053 -0.721063 -0.0112492 -0.692778 -0.608748 -0.467228 0.641189 1.46283 2.77905 -2.28246</i>
                        <i>-0.329856 0.88483 0.329044 -0.720936 -0.0110823 -0.692913 -0.609464 -0.465782 0.641561 1.4639 2.77761 -2.28359</i>
                        <i>-0.32833 0.885967 0.32751 -0.720831 -0.010946 -0.693025 -0.610412 -0.46362 0.642226 1.46493 2.77627 -2.28466</i>
                        <i>-0.326108 0.887628 0.325222 -0.720754 -0.0108494 -0.693106 -0.611692 -0.460432 0.6433 1.4659 2.77504 -2.28568</i>
                        <i>-0.322846 0.890061 0.321811 -0.720715 -0.0108058 -0.693147 -0.613465 -0.455714 0.644969 1.46681 2.77395 -2.28663</i>
                        <i>-0.318619 0.893179 0.317353 -0.720724 -0.0108228 -0.693138 -0.615661 -0.449571 0.647184 1.46764 2.77304 -2.2875</i>
                        <i>-0.313723 0.896734 0.312162 -0.720794 -0.0109085 -0.693063 -0.618088 -0.442435 0.649783 1.46832 2.77238 -2.28821</i>
                        <i>-0.308458 0.900489 0.306551 -0.720936 -0.011067 -0.692913 -0.620568 -0.434738 0.652609 1.46878 2.77204 -2.28869</i>
                        <i>-0.303087 0.904246 0.300795 -0.721135 -0.0112863 -0.692702 -0.622978 -0.426863 0.655505 1.46895 2.77212 -2.28888</i>
                        <i>-0.297872 0.907825 0.29517 -0.721379 -0.0115548 -0.692445 -0.625208 -0.419189 0.658328 1.46878 2.77254 -2.2887</i>
                        <i>-0.292917 0.911164 0.289791 -0.721656 -0.0118601 -0.69215 -0.627226 -0.411872 0.661021 1.46831 2.77326 -2.28821</i>
                        <i>-0.288345 0.914194 0.284794 -0.721958 -0.0121902 -0.691829 -0.628994 -0.405095 0.663525 1.46756 2.77425 -2.28742</i>
                        <i>-0.284339 0.916809 0.280379 -0.722275 -0.0125335 -0.691492 -0.630453 -0.399129 0.665752 1.46656 2.77545 -2.28638</i>
                        <i>-0.281122 0.918889 0.276789 -0.722595 -0.0128788 -0.691151 -0.631527 -0.394305 0.667606 1.46535 2.77682 -2.2851</i>
                        <i>-0.278946 0.920299 0.274297 -0.722908 -0.0132164 -0.690818 -0.632134 -0.390992 0.668978 1.46394 2.77832 -2.28363</i>
                        <i>-0.278078 0.92089 0.273192 -0.723203 -0.0135376 -0.690503 -0.632179 -0.389587 0.669755 1.46237 2.77988 -2.28198</i>
                        <i>-0.278485 0.920692 0.273444 -0.72347 -0.0138377 -0.690217 -0.631694 -0.390044 0.669947 1.46068 2.78147 -2.2802</i>
                        <i>-0.279874 0.919884 0.274742 -0.723704 -0.0141144 -0.689966 -0.630811 -0.391936 0.669674 1.45892 2.78302 -2.27835</i>
                        <i>-0.282131 0.918526 0.276969 -0.723898 -0.0143623 -0.689757 -0.629582 -0.395099 0.668972 1.45714 2.7845 -2.27648</i>
                        <i>-0.285137 0.916676 0.280005 -0.724045 -0.0145758 -0.689598 -0.628057 -0.399366 0.667871 1.45539 2.78584 -2.27465</i>
                        <i>-0.288771 0.914392 0.283721 -0.724139 -0.0147482 -0.689496 -0.626286 -0.40456 0.666406 1.45372 2.78702 -2.27289</i>
                        <i>-0.292896 0.911747 0.287976 -0.724173 -0.0148723 -0.689457 -0.624328 -0.410484 0.664619 1.45217 2.78799 -2.27126</i>
                        <i>-0.297347 0.908829 0.292599 -0.724143 -0.0149399 -0.689488 -0.622256 -0.416901 0.662565 1.4508 2.78871 -2.26981</i>
                        <i>-0.301904 0.905777 0.297359 -0.724045 -0.0149446 -0.689591 -0.620171 -0.423491 0.660335 1.44965 2.78915 -2.2686</i>
                        <i>-0.306199 0.90284 0.301863 -0.723891 -0.01489 -0.689754 -0.618243 -0.429718 0.658117 1.44877 2.78927 -2.26767</i>
                        <i>-0.308907 0.900962 0.304702 -0.723701 -0.0147903 -0.689956 -0.617117 -0.433645 0.656596 1.4483 2.789 -2.26716</i>
                        <i>-0.307659 0.901847 0.303344 -0.723498 -0.0146709 -0.690171 -0.617978 -0.431806 0.656998 1.44844 2.78834 -2.2673</i>
                        <i>-0.306122 0.902913 0.301723 -0.72328 -0.0145101 -0.690402 -0.618996 -0.429578 0.657501 1.449 2.78737 -2.26787</i>
                        <i>-0.3048 0.903807 0.300382 -0.723058 -0.0143092 -0.69064 -0.619907 -0.427701 0.657866 1.44995 2.78613 -2.26887</i>
                        <i>-0.303501 0.904667 0.299107 -0.722837 -0.0140787 -0.690875 -0.620801 -0.425887 0.6582 1.45125 2.78469 -2.27022</i>
                        <i>-0.301968 0.90567 0.297619 -0.722626 -0.0138302 -0.6911 -0.621793 -0.423758 0.658637 1.45283 2.7831 -2.27188</i>
                        <i>-0.299974 0.906971 0.295668 -0.722431 -0.0135754 -0.691309 -0.622984 -0.420974 0.659296 1.45464 2.78141 -2.27378</i>
                        <i>-0.29748 0.908591 0.293204 -0.722257 -0.0133253 -0.691496 -0.62438 -0.417475 0.6602 1.45661 2.77968 -2.27585</i>
                        <i>-0.294503 0.910511 0.290238 -0.722109 -0.0130901 -0.691656 -0.625961 -0.413278 0.661343 1.45867 2.77795 -2.27802</i>
                        <i>-0.291068 0.912707 0.286784 -0.721991 -0.0128801 -0.691783 -0.627701 -0.408411 0.662715 1.46076 2.77628 -2.28021</i>
                        <i>-0.287207 0.915148 0.282871 -0.72191 -0.0127055 -0.69187 -0.62957 -0.402918 0.664303 1.4628 2.77474 -2.28235</i>
                        <i>-0.282979 0.917787 0.27855 -0.721871 -0.0125756 -0.691913 -0.631526 -0.396874 0.666083 1.46471 2.77339 -2.28437</i>
                        <i>-0.278488 0.920549 0.273925 -0.721881 -0.0124988 -0.691904 -0.633507 -0.390428 0.668008 1.46643 2.77231 -2.28618</i>
                        <i>-0.273956 0.923291 0.269224 -0.721934 -0.0124723 -0.69185 -0.635421 -0.383898 0.669972 1.46788 2.77157 -2.28771</i>
                        <i>-0.270556 0.925314 0.265696 -0.722001 -0.0124701 -0.691779 -0.636799 -0.378998 0.671452 1.4689 2.77127 -2.28878</i>
                        <i>-0.272426 0.924169 0.267762 -0.722055 -0.0124318 -0.691724 -0.635941 -0.381782 0.670687 1.46909 2.77158 -2.289</i>
                        <i>-0.274859 0.922685 0.27038 -0.722104 -0.0124226 -0.691673 -0.634837 -0.385355 0.669689 1.46879 2.77238 -2.2887</i>
                        <i>-0.277303 0.92119 0.272969 -0.722151 -0.0124436 -0.691623 -0.63372 -0.388914 0.668689 1.46817 2.77352 -2.28805</i>
                        <i>-0.279973 0.919547 0.275769 -0.722196 -0.0124847 -0.691576 -0.632493 -0.392782 0.667588 1.46729 2.77492 -2.28713</i>
                        <i>-0.283086 0.917612 0.279019 -0.722238 -0.0125381 -0.691531 -0.631059 -0.397281 0.666283 1.46621 2.77651 -2.286</i>
                        <i>-0.287195 0.915015 0.283314 -0.722272 -0.0125933 -0.691494 -0.629159 -0.403224 0.664507 1.46493 2.77826 -2.28466</i>
                        <i>-0.29224 0.911761 0.288594 -0.7223 -0.0126485 -0.691464 -0.6268 -0.410525 0.662262 1.4635 2.78011 -2.28316</i>
                        <i>-0.297819 0.908082 0.294433 -0.722323 -0.0127071 -0.691439 -0.624142 -0.4186 0.659713 1.46196 2.78204 -2.28154</i>
                        <i>-0.303724 0.904093 0.300612 -0.722343 -0.0127693 -0.691417 -0.621267 -0.427145 0.656944 1.46034 2.784 -2.27985</i>
                        <i>-0.309822 0.89987 0.306992 -0.72236 -0.0128343 -0.691399 -0.618229 -0.43597 0.654006 1.45868 2.78597 -2.27811</i>
                        <i>-0.316002 0.895482 0.313458 -0.722372 -0.0128992 -0.691384 -0.615079 -0.444911 0.650947 1.45703 2.78788 -2.27637</i>
                        <i>-0.322107 0.891035 0.319851 -0.722378 -0.0129568 -0.691377 -0.611897 -0.45375 0.647837 1.45546 2.78962 -2.27473</i>
                        <i>-0.327465 0.887031 0.325489 -0.722367 -0.0129767 -0.691388 -0.609058 -0.461528 0.645011 1.45435 2.79072 -2.27357</i>
                    </KeyFrames>
                </p>
            </i>
            <i>
                <p>
                    <Name><![CDATA[spine2]]></Name>
                    <Exclude>0</Exclude>
                    <Additive>0</Additive>
                    <IKPriority>0</IKPriority>
                    <IKRotLimits>-1e+010 -1e+010 -1e+010 1e+010 1e+010 1e+010</IKRotLimits>
                    <IKRotLimitOrder>0</IKRotLimitOrder>
                    <KeyFrames count="61">
                        <i>-0.38194 0.781701 0.493017 -0.740946 0.0598429 -0.668893 -0.552378 -0.620776 0.556342 1.40142 2.93387 -2.22096</i>
                        <i>-0.38563 0.77752 0.496742 -0.741019 0.059768 -0.668818 -0.549709 -0.626012 0.553109 1.40155 2.93291 -2.22109</i>
                        <i>-0.388945 0.773782 0.499983 -0.740945 0.059774 -0.6689 -0.547469 -0.630625 0.550081 1.40227 2.93161 -2.22182</i>
                        <i>-0.391928 0.77041 0.502852 -0.740819 0.0598105 -0.669036 -0.545508 -0.634737 0.547294 1.40316 2.93025 -2.22275</i>
                        <i>-0.394587 0.767397 0.505374 -0.740665 0.0598656 -0.669202 -0.543798 -0.638371 0.544762 1.40416 2.92887 -2.22377</i>
                        <i>-0.396908 0.764764 0.507542 -0.740491 0.0599343 -0.669388 -0.542343 -0.641516 0.542513 1.4052 2.92752 -2.22486</i>
                        <i>-0.398865 0.762552 0.509334 -0.740302 0.0600143 -0.66959 -0.541165 -0.644137 0.540581 1.40629 2.9262 -2.22598</i>
                        <i>-0.400413 0.760821 0.510706 -0.740099 0.0601045 -0.669807 -0.540299 -0.646172 0.539016 1.4074 2.92495 -2.22713</i>
                        <i>-0.401485 0.75966 0.511592 -0.739881 0.0602051 -0.670039 -0.539802 -0.647528 0.537886 1.40853 2.92377 -2.22831</i>
                        <i>-0.401979 0.759198 0.51189 -0.739645 0.0603176 -0.670289 -0.539758 -0.648059 0.53729 1.40969 2.92268 -2.22951</i>
                        <i>-0.401729 0.759639 0.511432 -0.739383 0.0604456 -0.670566 -0.540302 -0.64753 0.537381 1.41089 2.92173 -2.23076</i>
                        <i>-0.400452 0.761325 0.509924 -0.739081 0.0605972 -0.670885 -0.541662 -0.645532 0.538415 1.41216 2.92094 -2.23209</i>
                        <i>-0.397685 0.764792 0.506892 -0.738713 0.0607858 -0.671274 -0.544197 -0.641403 0.540788 1.41356 2.92038 -2.23356</i>
                        <i>-0.393398 0.770013 0.502314 -0.738292 0.061 -0.671718 -0.547872 -0.635106 0.544497 1.41506 2.92005 -2.23513</i>
                        <i>-0.387738 0.776715 0.49636 -0.737856 0.0612152 -0.672176 -0.552474 -0.626871 0.549368 1.41654 2.91998 -2.2367</i>
                        <i>-0.380901 0.784569 0.48925 -0.737445 0.0614108 -0.67261 -0.557754 -0.616993 0.555185 1.41789 2.9202 -2.23813</i>
                        <i>-0.373305 0.793018 0.481421 -0.737085 0.0615795 -0.672989 -0.563338 -0.606078 0.561533 1.419 2.92076 -2.23931</i>
                        <i>-0.365362 0.801559 0.4733 -0.736801 0.0617153 -0.673288 -0.56889 -0.594721 0.568041 1.41977 2.92155 -2.24014</i>
                        <i>-0.357301 0.80994 0.465117 -0.736598 0.0618182 -0.6735 -0.574247 -0.583246 0.574512 1.4202 2.92254 -2.24062</i>
                        <i>-0.349378 0.817907 0.457125 -0.736482 0.0618872 -0.67362 -0.579249 -0.572012 0.580752 1.42031 2.92369 -2.24076</i>
                        <i>-0.341912 0.825175 0.449647 -0.736462 0.0619192 -0.673639 -0.583712 -0.561473 0.58654 1.42009 2.92495 -2.24056</i>
                        <i>-0.335268 0.831444 0.443054 -0.73655 0.0619095 -0.673544 -0.587443 -0.552149 0.591643 1.41953 2.92627 -2.23999</i>
                        <i>-0.329846 0.836406 0.437752 -0.736756 0.0618514 -0.673324 -0.590248 -0.54461 0.595825 1.41861 2.9276 -2.23905</i>
                        <i>-0.326067 0.839746 0.434174 -0.737093 0.0617361 -0.672966 -0.591924 -0.539458 0.598841 1.41731 2.92886 -2.2377</i>
                        <i>-0.323983 0.841484 0.432366 -0.737546 0.0615669 -0.672485 -0.592504 -0.536763 0.600686 1.41567 2.93003 -2.23601</i>
                        <i>-0.323321 0.841909 0.432034 -0.738075 0.0613583 -0.671923 -0.592206 -0.53612 0.601554 1.41381 2.93108 -2.23407</i>
                        <i>-0.324018 0.84109 0.433104 -0.738659 0.0611171 -0.671303 -0.591096 -0.537431 0.601476 1.41178 2.93197 -2.23195</i>
                        <i>-0.326004 0.839086 0.435496 -0.739275 0.0608505 -0.670649 -0.589232 -0.540585 0.600477 1.40966 2.93269 -2.22974</i>
                        <i>-0.329195 0.835947 0.439117 -0.739899 0.0605668 -0.669986 -0.586668 -0.545459 0.598578 1.40751 2.9332 -2.22748</i>
                        <i>-0.333496 0.831728 0.443857 -0.74051 0.0602758 -0.669337 -0.58346 -0.551902 0.595801 1.40539 2.93347 -2.22526</i>
                        <i>-0.338779 0.826504 0.449578 -0.741083 0.05999 -0.668728 -0.579677 -0.559726 0.592185 1.40338 2.9335 -2.22315</i>
                        <i>-0.344841 0.820425 0.456057 -0.741593 0.0597244 -0.668186 -0.575434 -0.568627 0.587826 1.40156 2.93328 -2.22124</i>
                        <i>-0.35121 0.813922 0.462799 -0.742016 0.0594959 -0.667737 -0.57102 -0.57792 0.583047 1.40005 2.93281 -2.21963</i>
                        <i>-0.356556 0.808366 0.468414 -0.742281 0.059355 -0.667455 -0.567351 -0.58568 0.578871 1.39917 2.93217 -2.2187</i>
                        <i>-0.358681 0.806151 0.470604 -0.742264 0.0593907 -0.667471 -0.566032 -0.588721 0.577075 1.39952 2.93161 -2.21907</i>
                        <i>-0.360535 0.804252 0.472434 -0.742136 0.0594762 -0.667605 -0.565021 -0.591305 0.575421 1.4003 2.93086 -2.21988</i>
                        <i>-0.362362 0.802413 0.474158 -0.741916 0.059594 -0.667839 -0.56414 -0.593785 0.573729 1.40141 2.92992 -2.22103</i>
                        <i>-0.363897 0.800919 0.475507 -0.741604 0.0597475 -0.668172 -0.563562 -0.595784 0.572223 1.40283 2.92886 -2.22251</i>
                        <i>-0.364825 0.800107 0.476164 -0.741197 0.0599412 -0.668607 -0.563499 -0.596855 0.571168 1.40454 2.92775 -2.22429</i>
                        <i>-0.36487 0.80027 0.475855 -0.740694 0.0601769 -0.669142 -0.56413 -0.596613 0.570798 1.40654 2.92664 -2.22637</i>
                        <i>-0.363983 0.801451 0.474545 -0.740112 0.060445 -0.669761 -0.565464 -0.594999 0.571163 1.40877 2.92557 -2.2287</i>
                        <i>-0.362173 0.803617 0.472261 -0.739473 0.0607329 -0.670441 -0.567459 -0.59204 0.572257 1.41117 2.92457 -2.23121</i>
                        <i>-0.359454 0.806721 0.469035 -0.738797 0.0610287 -0.671159 -0.570063 -0.587772 0.574067 1.41367 2.92368 -2.23382</i>
                        <i>-0.355845 0.810703 0.464904 -0.738108 0.0613209 -0.67189 -0.573212 -0.582238 0.576565 1.4162 2.92293 -2.23647</i>
                        <i>-0.351383 0.815474 0.459926 -0.737428 0.0615985 -0.672611 -0.576828 -0.575506 0.579709 1.41869 2.92236 -2.23907</i>
                        <i>-0.346143 0.820909 0.454195 -0.736784 0.0618508 -0.673293 -0.580805 -0.5677 0.583423 1.42105 2.92201 -2.24155</i>
                        <i>-0.34044 0.826653 0.448047 -0.736202 0.0620708 -0.67391 -0.5849 -0.559278 0.587452 1.42316 2.92194 -2.24377</i>
                        <i>-0.335581 0.83143 0.442843 -0.735749 0.0622364 -0.674389 -0.588268 -0.552134 0.590838 1.42469 2.92213 -2.24537</i>
                        <i>-0.335398 0.831646 0.442575 -0.735656 0.0622547 -0.674489 -0.588488 -0.551805 0.590925 1.42453 2.9224 -2.2452</i>
                        <i>-0.335957 0.831114 0.44315 -0.735683 0.0622408 -0.67446 -0.588135 -0.552608 0.590527 1.42382 2.92301 -2.24446</i>
                        <i>-0.336791 0.830284 0.444072 -0.735791 0.0622076 -0.674346 -0.587523 -0.553858 0.589965 1.4228 2.92388 -2.24339</i>
                        <i>-0.338082 0.828986 0.445514 -0.735978 0.0621484 -0.674147 -0.586546 -0.555805 0.589105 1.42152 2.92492 -2.24205</i>
                        <i>-0.340038 0.827015 0.447683 -0.736251 0.0620556 -0.673857 -0.585071 -0.558744 0.58779 1.41997 2.92607 -2.24042</i>
                        <i>-0.343289 0.823736 0.451235 -0.736651 0.061904 -0.673433 -0.582664 -0.563585 0.585555 1.41807 2.92724 -2.23844</i>
                        <i>-0.347734 0.819202 0.456059 -0.737165 0.0616941 -0.67289 -0.579369 -0.570177 0.582434 1.41588 2.9284 -2.23613</i>
                        <i>-0.352878 0.813864 0.46163 -0.73775 0.0614418 -0.672272 -0.575501 -0.577797 0.578747 1.41349 2.92954 -2.23362</i>
                        <i>-0.358461 0.807951 0.467676 -0.738383 0.0611554 -0.671602 -0.571223 -0.586068 0.574656 1.41098 2.93066 -2.23099</i>
                        <i>-0.364327 0.801601 0.474027 -0.739047 0.0608406 -0.670901 -0.566635 -0.594755 0.570255 1.40841 2.93173 -2.22829</i>
                        <i>-0.370354 0.794928 0.480549 -0.739725 0.0605036 -0.670184 -0.561823 -0.60368 0.56562 1.40583 2.93272 -2.22559</i>
                        <i>-0.376406 0.788076 0.487088 -0.740392 0.0601549 -0.669478 -0.556901 -0.612631 0.560843 1.40335 2.93354 -2.22298</i>
                        <i>-0.38194 0.781701 0.493017 -0.740946 0.0598429 -0.668893 -0.552378 -0.620776 0.556342 1.40142 2.93387 -2.22096</i>
                    </KeyFrames>
                </p>
            </i>
            <i>
                <p>
                    <Name><![CDATA[head]]></Name>
                    <Exclude>0</Exclude>
                    <Additive>0</Additive>
                    <IKPriority>0</IKPriority>
                    <IKRotLimits>-1e+010 -1e+010 -1e+010 1e+010 1e+010 1e+010</IKRotLimits>
                    <IKRotLimitOrder>0</IKRotLimitOrder>
                    <KeyFrames count="61">
                        <i>-0.00373589 0.970417 0.241407 0.00842976 0.24143 -0.970382 -0.999957 -0.0015902 -0.00908242 1.31506 3.14546 -2.09814</i>
                        <i>-0.00871986 0.968438 0.249103 0.00750013 0.249168 -0.968431 -0.999934 -0.00657631 -0.00943614 1.3141 3.14354 -2.09713</i>
                        <i>-0.0134454 0.966048 0.258014 0.00676096 0.25812 -0.966089 -0.999887 -0.011245 -0.010002 1.31376 3.14142 -2.09679</i>
                        <i>-0.017818 0.96353 0.267008 0.00609044 0.26715 -0.963636 -0.999823 -0.0155438 -0.0106283 1.31368 3.13933 -2.09673</i>
                        <i>-0.0218084 0.960963 0.275815 0.00546979 0.275991 -0.961145 -0.999747 -0.0194524 -0.0112752 1.31378 3.13731 -2.09685</i>
                        <i>-0.025379 0.958401 0.284293 0.00490382 0.284501 -0.958663 -0.999666 -0.0229359 -0.0119201 1.31402 3.1354 -2.09713</i>
                        <i>-0.0284781 0.955893 0.29233 0.00440875 0.292566 -0.956235 -0.999585 -0.0259429 -0.012546 1.31441 3.13363 -2.09756</i>
                        <i>-0.0310337 0.953493 0.299813 0.0040113 0.300074 -0.953907 -0.99951 -0.0284007 -0.0131371 1.31494 3.13203 -2.09813</i>
                        <i>-0.0329448 0.951265 0.306609 0.00374925 0.306891 -0.951737 -0.99945 -0.0302053 -0.013677 1.31562 3.13064 -2.09887</i>
                        <i>-0.034064 0.949293 0.312541 0.00367718 0.312839 -0.949799 -0.999413 -0.0312047 -0.0141473 1.31651 3.12952 -2.09982</i>
                        <i>-0.0341634 0.947693 0.317349 0.00387674 0.317657 -0.948198 -0.999409 -0.0311634 -0.0145262 1.31766 3.12875 -2.10104</i>
                        <i>-0.0328581 0.946642 0.320608 0.00448138 0.320918 -0.947096 -0.99945 -0.029683 -0.0147871 1.31918 3.12844 -2.10266</i>
                        <i>-0.0295397 0.946395 0.321658 0.00569437 0.321953 -0.946739 -0.999547 -0.0261347 -0.0148995 1.32128 3.1288 -2.10488</i>
                        <i>-0.0241427 0.946973 0.320403 0.0075151 0.32066 -0.947165 -0.99968 -0.0204593 -0.0148582 1.32393 3.12982 -2.10766</i>
                        <i>-0.0168061 0.948292 0.316954 0.00983972 0.317141 -0.948327 -0.99981 -0.012819 -0.0146608 1.32699 3.13146 -2.11088</i>
                        <i>-0.00776384 0.95021 0.311513 0.0125284 0.311591 -0.950134 -0.999891 -0.00347391 -0.0143238 1.33031 3.13367 -2.11435</i>
                        <i>0.00231795 0.952436 0.304729 0.0153561 0.30466 -0.952337 -0.999879 0.0068869 -0.0139195 1.33363 3.13633 -2.11783</i>
                        <i>0.0128101 0.954737 0.297175 0.0181181 0.296928 -0.954728 -0.999754 0.0176145 -0.0134944 1.33674 3.13919 -2.12107</i>
                        <i>0.0233735 0.957032 0.289039 0.0207108 0.288592 -0.957228 -0.999512 0.02836 -0.0130755 1.33956 3.14216 -2.12401</i>
                        <i>0.0336603 0.959325 0.280292 0.0230225 0.279632 -0.959831 -0.999168 0.0387613 -0.0126736 1.34203 3.14514 -2.12658</i>
                        <i>0.0433094 0.962005 0.269574 0.024863 0.268705 -0.962902 -0.998752 0.0484051 -0.012281 1.34405 3.14801 -2.12867</i>
                        <i>0.0520451 0.966472 0.251442 0.0257682 0.2504 -0.9678 -0.998312 0.0568484 -0.0118721 1.34549 3.15067 -2.13015</i>
