<?xml version="1.0" encoding="ISO-8859-1" ?>
<Animl Version="1">
    <ModellingPackage><![CDATA[Maya.2010]]></ModellingPackage>
    <SrcFile><![CDATA[anims\turrets\artillery\red\~src\artillery_scud\artillery_scud_idle_alt_crewman_d.mb]]></SrcFile>
    <FramesPerSecond>30</FramesPerSecond>
    <TotalFrames>97</TotalFrames>
    <Skeleton>
        <RefFrame>
            <Name><![CDATA[soldier_ref_frame]]></Name>
            <Exclude>0</Exclude>
            <Additive>0</Additive>
            <IKPriority>0</IKPriority>
            <IKRotLimits>-1e+010 -1e+010 -1e+010 1e+010 1e+010 1e+010</IKRotLimits>
            <IKRotLimitOrder>0</IKRotLimitOrder>
            <KeyFrames count="97">
                <i>1 0 0 0 1 0 0 0 1 2.14709 1.3378 -2.49437</i>
                <i>1 0 0 0 1 0 0 0 1 2.14709 1.3378 -2.49437</i>
                <i>1 0 0 0 1 0 0 0 1 2.14709 1.3378 -2.49437</i>
                <i>1 0 0 0 1 0 0 0 1 2.14709 1.3378 -2.49437</i>
                <i>1 0 0 0 1 0 0 0 1 2.14709 1.3378 -2.49437</i>
                <i>1 0 0 0 1 0 0 0 1 2.14709 1.3378 -2.49437</i>
                <i>1 0 0 0 1 0 0 0 1 2.14709 1.3378 -2.49437</i>
                <i>1 0 0 0 1 0 0 0 1 2.14709 1.3378 -2.49437</i>
                <i>1 0 0 0 1 0 0 0 1 2.14709 1.3378 -2.49437</i>
                <i>1 0 0 0 1 0 0 0 1 2.14709 1.3378 -2.49437</i>
                <i>1 0 0 0 1 0 0 0 1 2.14709 1.3378 -2.49437</i>
                <i>1 0 0 0 1 0 0 0 1 2.14709 1.3378 -2.49437</i>
                <i>1 0 0 0 1 0 0 0 1 2.14709 1.3378 -2.49437</i>
                <i>1 0 0 0 1 0 0 0 1 2.14709 1.3378 -2.49437</i>
                <i>1 0 0 0 1 0 0 0 1 2.14709 1.3378 -2.49437</i>
                <i>1 0 0 0 1 0 0 0 1 2.14709 1.3378 -2.49437</i>
                <i>1 0 0 0 1 0 0 0 1 2.14709 1.3378 -2.49437</i>
                <i>1 0 0 0 1 0 0 0 1 2.14709 1.3378 -2.49437</i>
                <i>1 0 0 0 1 0 0 0 1 2.14709 1.3378 -2.49437</i>
                <i>1 0 0 0 1 0 0 0 1 2.14709 1.3378 -2.49437</i>
                <i>1 0 0 0 1 0 0 0 1 2.14709 1.3378 -2.49437</i>
                <i>1 0 0 0 1 0 0 0 1 2.14709 1.3378 -2.49437</i>
                <i>1 0 0 0 1 0 0 0 1 2.14709 1.3378 -2.49437</i>
                <i>1 0 0 0 1 0 0 0 1 2.14709 1.3378 -2.49437</i>
                <i>1 0 0 0 1 0 0 0 1 2.14709 1.3378 -2.49437</i>
                <i>1 0 0 0 1 0 0 0 1 2.14709 1.3378 -2.49437</i>
                <i>1 0 0 0 1 0 0 0 1 2.14709 1.3378 -2.49437</i>
                <i>1 0 0 0 1 0 0 0 1 2.14709 1.3378 -2.49437</i>
                <i>1 0 0 0 1 0 0 0 1 2.14709 1.3378 -2.49437</i>
                <i>1 0 0 0 1 0 0 0 1 2.14709 1.3378 -2.49437</i>
                <i>1 0 0 0 1 0 0 0 1 2.14709 1.3378 -2.49437</i>
                <i>1 0 0 0 1 0 0 0 1 2.14709 1.3378 -2.49437</i>
                <i>1 0 0 0 1 0 0 0 1 2.14709 1.3378 -2.49437</i>
                <i>1 0 0 0 1 0 0 0 1 2.14709 1.3378 -2.49437</i>
                <i>1 0 0 0 1 0 0 0 1 2.14709 1.3378 -2.49437</i>
                <i>1 0 0 0 1 0 0 0 1 2.14709 1.3378 -2.49437</i>
                <i>1 0 0 0 1 0 0 0 1 2.14709 1.3378 -2.49437</i>
                <i>1 0 0 0 1 0 0 0 1 2.14709 1.3378 -2.49437</i>
                <i>1 0 0 0 1 0 0 0 1 2.14709 1.3378 -2.49437</i>
                <i>1 0 0 0 1 0 0 0 1 2.14709 1.3378 -2.49437</i>
                <i>1 0 0 0 1 0 0 0 1 2.14709 1.3378 -2.49437</i>
                <i>1 0 0 0 1 0 0 0 1 2.14709 1.3378 -2.49437</i>
                <i>1 0 0 0 1 0 0 0 1 2.14709 1.3378 -2.49437</i>
                <i>1 0 0 0 1 0 0 0 1 2.14709 1.3378 -2.49437</i>
                <i>1 0 0 0 1 0 0 0 1 2.14709 1.3378 -2.49437</i>
                <i>1 0 0 0 1 0 0 0 1 2.14709 1.3378 -2.49437</i>
                <i>1 0 0 0 1 0 0 0 1 2.14709 1.3378 -2.49437</i>
                <i>1 0 0 0 1 0 0 0 1 2.14709 1.3378 -2.49437</i>
                <i>1 0 0 0 1 0 0 0 1 2.14709 1.3378 -2.49437</i>
                <i>1 0 0 0 1 0 0 0 1 2.14709 1.3378 -2.49437</i>
                <i>1 0 0 0 1 0 0 0 1 2.14709 1.3378 -2.49437</i>
                <i>1 0 0 0 1 0 0 0 1 2.14709 1.3378 -2.49437</i>
                <i>1 0 0 0 1 0 0 0 1 2.14709 1.3378 -2.49437</i>
                <i>1 0 0 0 1 0 0 0 1 2.14709 1.3378 -2.49437</i>
                <i>1 0 0 0 1 0 0 0 1 2.14709 1.3378 -2.49437</i>
                <i>1 0 0 0 1 0 0 0 1 2.14709 1.3378 -2.49437</i>
                <i>1 0 0 0 1 0 0 0 1 2.14709 1.3378 -2.49437</i>
                <i>1 0 0 0 1 0 0 0 1 2.14709 1.3378 -2.49437</i>
                <i>1 0 0 0 1 0 0 0 1 2.14709 1.3378 -2.49437</i>
                <i>1 0 0 0 1 0 0 0 1 2.14709 1.3378 -2.49437</i>
                <i>1 0 0 0 1 0 0 0 1 2.14709 1.3378 -2.49437</i>
                <i>1 0 0 0 1 0 0 0 1 2.14709 1.3378 -2.49437</i>
                <i>1 0 0 0 1 0 0 0 1 2.14709 1.3378 -2.49437</i>
                <i>1 0 0 0 1 0 0 0 1 2.14709 1.3378 -2.49437</i>
                <i>1 0 0 0 1 0 0 0 1 2.14709 1.3378 -2.49437</i>
                <i>1 0 0 0 1 0 0 0 1 2.14709 1.3378 -2.49437</i>
                <i>1 0 0 0 1 0 0 0 1 2.14709 1.3378 -2.49437</i>
                <i>1 0 0 0 1 0 0 0 1 2.14709 1.3378 -2.49437</i>
                <i>1 0 0 0 1 0 0 0 1 2.14709 1.3378 -2.49437</i>
                <i>1 0 0 0 1 0 0 0 1 2.14709 1.3378 -2.49437</i>
                <i>1 0 0 0 1 0 0 0 1 2.14709 1.3378 -2.49437</i>
                <i>1 0 0 0 1 0 0 0 1 2.14709 1.3378 -2.49437</i>
                <i>1 0 0 0 1 0 0 0 1 2.14709 1.3378 -2.49437</i>
                <i>1 0 0 0 1 0 0 0 1 2.14709 1.3378 -2.49437</i>
                <i>1 0 0 0 1 0 0 0 1 2.14709 1.3378 -2.49437</i>
                <i>1 0 0 0 1 0 0 0 1 2.14709 1.3378 -2.49437</i>
                <i>1 0 0 0 1 0 0 0 1 2.14709 1.3378 -2.49437</i>
                <i>1 0 0 0 1 0 0 0 1 2.14709 1.3378 -2.49437</i>
                <i>1 0 0 0 1 0 0 0 1 2.14709 1.3378 -2.49437</i>
                <i>1 0 0 0 1 0 0 0 1 2.14709 1.3378 -2.49437</i>
                <i>1 0 0 0 1 0 0 0 1 2.14709 1.3378 -2.49437</i>
                <i>1 0 0 0 1 0 0 0 1 2.14709 1.3378 -2.49437</i>
                <i>1 0 0 0 1 0 0 0 1 2.14709 1.3378 -2.49437</i>
                <i>1 0 0 0 1 0 0 0 1 2.14709 1.3378 -2.49437</i>
                <i>1 0 0 0 1 0 0 0 1 2.14709 1.3378 -2.49437</i>
                <i>1 0 0 0 1 0 0 0 1 2.14709 1.3378 -2.49437</i>
                <i>1 0 0 0 1 0 0 0 1 2.14709 1.3378 -2.49437</i>
                <i>1 0 0 0 1 0 0 0 1 2.14709 1.3378 -2.49437</i>
                <i>1 0 0 0 1 0 0 0 1 2.14709 1.3378 -2.49437</i>
                <i>1 0 0 0 1 0 0 0 1 2.14709 1.3378 -2.49437</i>
                <i>1 0 0 0 1 0 0 0 1 2.14709 1.3378 -2.49437</i>
                <i>1 0 0 0 1 0 0 0 1 2.14709 1.3378 -2.49437</i>
                <i>1 0 0 0 1 0 0 0 1 2.14709 1.3378 -2.49437</i>
                <i>1 0 0 0 1 0 0 0 1 2.14709 1.3378 -2.49437</i>
                <i>1 0 0 0 1 0 0 0 1 2.14709 1.3378 -2.49437</i>
                <i>1 0 0 0 1 0 0 0 1 2.14709 1.3378 -2.49437</i>
                <i>1 0 0 0 1 0 0 0 1 2.14709 1.3378 -2.49437</i>
            </KeyFrames>
        </RefFrame>
        <Bones count="23">
            <i>
                <p>
                    <Name><![CDATA[pelvis]]></Name>
                    <Exclude>0</Exclude>
                    <Additive>0</Additive>
                    <IKPriority>0</IKPriority>
                    <IKRotLimits>-1e+010 -1e+010 -1e+010 1e+010 1e+010 1e+010</IKRotLimits>
                    <IKRotLimitOrder>2</IKRotLimitOrder>
                    <KeyFrames count="97">
                        <i>1 0 0 0 1 0 0 0 1 1.78108 2.46615 -2.45361</i>
                        <i>1 0 0 0 1 0 0 0 1 1.78108 2.46612 -2.45361</i>
                        <i>1 0 0 0 1 0 0 0 1 1.78108 2.46604 -2.45361</i>
                        <i>1 0 0 0 1 0 0 0 1 1.78107 2.4659 -2.45361</i>
                        <i>1 0 0 0 1 0 0 0 1 1.78106 2.46572 -2.45361</i>
                        <i>1 0 0 0 1 0 0 0 1 1.78105 2.4655 -2.45361</i>
                        <i>1 0 0 0 1 0 0 0 1 1.78104 2.46523 -2.4536</i>
                        <i>1 0 0 0 1 0 0 0 1 1.78102 2.46493 -2.4536</i>
                        <i>1 0 0 0 1 0 0 0 1 1.78101 2.4646 -2.4536</i>
                        <i>1 0 0 0 1 0 0 0 1 1.78099 2.46425 -2.4536</i>
                        <i>1 0 0 0 1 0 0 0 1 1.78097 2.46387 -2.4536</i>
                        <i>1 0 0 0 1 0 0 0 1 1.78095 2.46347 -2.4536</i>
                        <i>1 0 0 0 1 0 0 0 1 1.78094 2.46305 -2.45359</i>
                        <i>1 0 0 0 1 0 0 0 1 1.78092 2.46262 -2.45359</i>
                        <i>1 0 0 0 1 0 0 0 1 1.78089 2.46219 -2.45359</i>
                        <i>1 0 0 0 1 0 0 0 1 1.78087 2.46175 -2.45359</i>
                        <i>1 0 0 0 1 0 0 0 1 1.78085 2.46131 -2.45358</i>
                        <i>1 0 0 0 1 0 0 0 1 1.78083 2.46087 -2.45358</i>
                        <i>1 0 0 0 1 0 0 0 1 1.78081 2.46044 -2.45358</i>
                        <i>1 0 0 0 1 0 0 0 1 1.78079 2.46003 -2.45358</i>
                        <i>1 0 0 0 1 0 0 0 1 1.78077 2.45963 -2.45358</i>
                        <i>1 0 0 0 1 0 0 0 1 1.78076 2.45925 -2.45357</i>
                        <i>1 0 0 0 1 0 0 0 1 1.78074 2.45889 -2.45357</i>
                        <i>1 0 0 0 1 0 0 0 1 1.78072 2.45856 -2.45357</i>
                        <i>1 0 0 0 1 0 0 0 1 1.78071 2.45826 -2.45357</i>
                        <i>1 0 0 0 1 0 0 0 1 1.7807 2.458 -2.45357</i>
                        <i>1 0 0 0 1 0 0 0 1 1.78069 2.45777 -2.45357</i>
                        <i>1 0 0 0 1 0 0 0 1 1.78068 2.45759 -2.45356</i>
                        <i>1 0 0 0 1 0 0 0 1 1.78067 2.45746 -2.45356</i>
                        <i>1 0 0 0 1 0 0 0 1 1.78067 2.45737 -2.45356</i>
                        <i>1 0 0 0 1 0 0 0 1 1.78067 2.45734 -2.45356</i>
                        <i>1 0 0 0 1 0 0 0 1 1.78067 2.45737 -2.45356</i>
                        <i>1 0 0 0 1 0 0 0 1 1.78067 2.45743 -2.45356</i>
                        <i>1 0 0 0 1 0 0 0 1 1.78068 2.45754 -2.45356</i>
                        <i>1 0 0 0 1 0 0 0 1 1.78068 2.45768 -2.45357</i>
                        <i>1 0 0 0 1 0 0 0 1 1.78069 2.45786 -2.45357</i>
                        <i>1 0 0 0 1 0 0 0 1 1.7807 2.45807 -2.45357</i>
                        <i>1 0 0 0 1 0 0 0 1 1.78071 2.45831 -2.45357</i>
                        <i>1 0 0 0 1 0 0 0 1 1.78073 2.45857 -2.45357</i>
                        <i>1 0 0 0 1 0 0 0 1 1.78074 2.45886 -2.45357</i>
                        <i>1 0 0 0 1 0 0 0 1 1.78075 2.45917 -2.45357</i>
                        <i>1 0 0 0 1 0 0 0 1 1.78077 2.45951 -2.45357</i>
                        <i>1 0 0 0 1 0 0 0 1 1.78079 2.45985 -2.45358</i>
                        <i>1 0 0 0 1 0 0 0 1 1.7808 2.46021 -2.45358</i>
                        <i>1 0 0 0 1 0 0 0 1 1.78082 2.46058 -2.45358</i>
                        <i>1 0 0 0 1 0 0 0 1 1.78084 2.46096 -2.45358</i>
                        <i>1 0 0 0 1 0 0 0 1 1.78086 2.46135 -2.45358</i>
                        <i>1 0 0 0 1 0 0 0 1 1.78087 2.46173 -2.45359</i>
                        <i>1 0 0 0 1 0 0 0 1 1.78089 2.46212 -2.45359</i>
                        <i>1 0 0 0 1 0 0 0 1 1.78091 2.4625 -2.45359</i>
                        <i>1 0 0 0 1 0 0 0 1 1.78093 2.46288 -2.45359</i>
                        <i>1 0 0 0 1 0 0 0 1 1.78095 2.46326 -2.45359</i>
                        <i>1 0 0 0 1 0 0 0 1 1.78096 2.46362 -2.4536</i>
                        <i>1 0 0 0 1 0 0 0 1 1.78098 2.46396 -2.4536</i>
                        <i>1 0 0 0 1 0 0 0 1 1.781 2.4643 -2.4536</i>
                        <i>1 0 0 0 1 0 0 0 1 1.78101 2.46461 -2.4536</i>
                        <i>1 0 0 0 1 0 0 0 1 1.78102 2.4649 -2.4536</i>
                        <i>1 0 0 0 1 0 0 0 1 1.78104 2.46517 -2.4536</i>
                        <i>1 0 0 0 1 0 0 0 1 1.78105 2.46541 -2.45361</i>
                        <i>1 0 0 0 1 0 0 0 1 1.78106 2.46562 -2.45361</i>
                        <i>1 0 0 0 1 0 0 0 1 1.78107 2.4658 -2.45361</i>
                        <i>1 0 0 0 1 0 0 0 1 1.78107 2.46595 -2.45361</i>
                        <i>1 0 0 0 1 0 0 0 1 1.78108 2.46605 -2.45361</i>
                        <i>1 0 0 0 1 0 0 0 1 1.78108 2.46612 -2.45361</i>
                        <i>1 0 0 0 1 0 0 0 1 1.78108 2.46615 -2.45361</i>
                        <i>1 0 0 0 1 0 0 0 1 1.78108 2.46615 -2.45361</i>
                        <i>1 0 0 0 1 0 0 0 1 1.78108 2.46615 -2.45361</i>
                        <i>1 0 0 0 1 0 0 0 1 1.78108 2.46616 -2.45361</i>
                        <i>1 0 0 0 1 0 0 0 1 1.78108 2.46616 -2.45361</i>
                        <i>1 0 0 0 1 0 0 0 1 1.78108 2.46616 -2.45361</i>
                        <i>1 0 0 0 1 0 0 0 1 1.78108 2.46616 -2.45361</i>
                        <i>1 0 0 0 1 0 0 0 1 1.78108 2.46616 -2.45361</i>
                        <i>1 0 0 0 1 0 0 0 1 1.78108 2.46616 -2.45361</i>
                        <i>1 0 0 0 1 0 0 0 1 1.78108 2.46616 -2.45361</i>
                        <i>1 0 0 0 1 0 0 0 1 1.78108 2.46616 -2.45361</i>
                        <i>1 0 0 0 1 0 0 0 1 1.78108 2.46616 -2.45361</i>
                        <i>1 0 0 0 1 0 0 0 1 1.78108 2.46616 -2.45361</i>
                        <i>1 0 0 0 1 0 0 0 1 1.78108 2.46616 -2.45361</i>
                        <i>1 0 0 0 1 0 0 0 1 1.78108 2.46616 -2.45361</i>
                        <i>1 0 0 0 1 0 0 0 1 1.78108 2.46616 -2.45361</i>
                        <i>1 0 0 0 1 0 0 0 1 1.78108 2.46616 -2.45361</i>
                        <i>1 0 0 0 1 0 0 0 1 1.78108 2.46616 -2.45361</i>
                        <i>1 0 0 0 1 0 0 0 1 1.78108 2.46616 -2.45361</i>
                        <i>1 0 0 0 1 0 0 0 1 1.78108 2.46616 -2.45361</i>
                        <i>1 0 0 0 1 0 0 0 1 1.78108 2.46616 -2.45361</i>
                        <i>1 0 0 0 1 0 0 0 1 1.78108 2.46616 -2.45361</i>
                        <i>1 0 0 0 1 0 0 0 1 1.78108 2.46615 -2.45361</i>
                        <i>1 0 0 0 1 0 0 0 1 1.78108 2.46615 -2.45361</i>
                        <i>1 0 0 0 1 0 0 0 1 1.78108 2.46615 -2.45361</i>
                        <i>1 0 0 0 1 0 0 0 1 1.78108 2.46615 -2.45361</i>
                        <i>1 0 0 0 1 0 0 0 1 1.78108 2.46615 -2.45361</i>
                        <i>1 0 0 0 1 0 0 0 1 1.78108 2.46615 -2.45361</i>
                        <i>1 0 0 0 1 0 0 0 1 1.78108 2.46615 -2.45361</i>
                        <i>1 0 0 0 1 0 0 0 1 1.78108 2.46615 -2.45361</i>
                        <i>1 0 0 0 1 0 0 0 1 1.78108 2.46615 -2.45361</i>
                        <i>1 0 0 0 1 0 0 0 1 1.78108 2.46615 -2.45361</i>
                        <i>1 0 0 0 1 0 0 0 1 1.78108 2.46615 -2.45361</i>
                    </KeyFrames>
                </p>
            </i>
            <i>
                <p>
                    <Name><![CDATA[spine0]]></Name>
                    <Exclude>0</Exclude>
                    <Additive>0</Additive>
                    <IKPriority>0</IKPriority>
                    <IKRotLimits>-1e+010 -1e+010 -1e+010 1e+010 1e+010 1e+010</IKRotLimits>
                    <IKRotLimitOrder>0</IKRotLimitOrder>
                    <KeyFrames count="97">
                        <i>0.00290059 0.999996 -0.000322992 0.11067 1.11022e-016 0.993857 0.993853 -0.00291851 -0.11067 1.74469 2.60527 -2.44956</i>
                        <i>0.00318928 0.999995 -0.000355139 0.11067 -4.44089e-016 0.993857 0.993852 -0.00320899 -0.11067 1.74476 2.60526 -2.44956</i>
                        <i>0.00399073 0.999992 -0.000444384 0.11067 0 0.993857 0.993849 -0.00401539 -0.110669 1.74494 2.60523 -2.44958</i>
                        <i>0.0052083 0.999986 -0.000579966 0.11067 -4.44089e-016 0.993857 0.993844 -0.0052405 -0.110669 1.74521 2.60517 -2.44962</i>
                        <i>0.00674554 0.999977 -0.000751144 0.11067 -2.22045e-016 0.993857 0.993834 -0.00678723 -0.110668 1.74556 2.60508 -2.44965</i>
                        <i>0.00850597 0.999963 -0.000947176 0.11067 -2.22045e-016 0.993857 0.993821 -0.00855855 -0.110666 1.74595 2.60496 -2.4497</i>
                        <i>0.010393 0.999945 -0.0011573 0.11067 1.11022e-016 0.993857 0.993803 -0.0104572 -0.110664 1.74638 2.6048 -2.44975</i>
                        <i>0.0123098 0.999923 -0.00137074 0.11067 2.22045e-016 0.993857 0.993781 -0.0123859 -0.110662 1.74681 2.60461 -2.44979</i>
                        <i>0.0141591 0.999898 -0.00157667 0.11067 -2.22045e-016 0.993857 0.993756 -0.0142466 -0.110659 1.74722 2.60439 -2.44984</i>
                        <i>0.0158433 0.999873 -0.00176421 0.11067 -2.22045e-016 0.993857 0.993731 -0.0159412 -0.110656 1.7476 2.60413 -2.44988</i>
                        <i>0.0172643 0.999849 -0.00192246 0.11067 0 0.993857 0.993707 -0.0173711 -0.110653 1.74792 2.60383 -2.44992</i>
                        <i>0.0183239 0.99983 -0.00204044 0.11067 0 0.993857 0.993688 -0.0184372 -0.110651 1.74815 2.60349 -2.44994</i>
                        <i>0.0189232 0.999819 -0.00210717 0.11067 -4.44089e-016 0.993857 0.993677 -0.0190401 -0.11065 1.74828 2.60311 -2.44996</i>
                        <i>0.0189631 0.999818 -0.00211161 0.11067 2.22045e-016 0.993857 0.993676 -0.0190803 -0.11065 1.74829 2.60269 -2.44996</i>
                        <i>0.0183443 0.99983 -0.00204271 0.11067 -2.22045e-016 0.993857 0.993688 -0.0184577 -0.110651 1.74814 2.60222 -2.44994</i>
                        <i>0.0169675 0.999854 -0.00188941 0.11067 -2.22045e-016 0.993857 0.993712 -0.0170724 -0.110654 1.74783 2.60171 -2.44991</i>
                        <i>0.0147903 0.999889 -0.00164697 0.11067 0 0.993857 0.993747 -0.0148817 -0.110658 1.74735 2.60116 -2.44985</i>
                        <i>0.0119123 0.999928 -0.00132648 0.11067 -2.22045e-016 0.993857 0.993786 -0.0119859 -0.110662 1.74676 2.60059 -2.44979</i>
                        <i>0.00855925 0.999963 -0.000953108 0.11067 2.22045e-016 0.993857 0.99382 -0.00861215 -0.110666 1.74605 2.59999 -2.44971</i>
                        <i>0.00490938 0.999988 -0.00054668 0.11067 -2.22045e-016 0.993857 0.993845 -0.00493973 -0.110669 1.74525 2.59937 -2.44962</i>
                        <i>0.00102622 0.999999 -0.000114274 0.11067 0 0.993857 0.993857 -0.00103257 -0.11067 1.74438 2.59875 -2.44952</i>
                        <i>-0.00304031 0.999995 0.000338551 0.11067 -2.22045e-016 0.993857 0.993853 0.0030591 -0.11067 1.74343 2.59812 -2.44942</i>
                        <i>-0.00724664 0.999973 0.000806944 0.11067 2.22045e-016 0.993857 0.993831 0.00729143 -0.110667 1.74244 2.59749 -2.44931</i>
                        <i>-0.0115385 0.999933 0.00128486 0.11067 -4.44089e-016 0.993857 0.99379 0.0116099 -0.110663 1.7414 2.59687 -2.44919</i>
                        <i>-0.0158618 0.999873 0.00176628 0.11067 0 0.993857 0.993731 0.0159599 -0.110656 1.74035 2.59627 -2.44907</i>
                        <i>-0.0201624 0.999794 0.00224516 0.11067 -2.22045e-016 0.993857 0.993653 0.020287 -0.110647 1.73928 2.59569 -2.44895</i>
                        <i>-0.0243863 0.999699 0.00271551 0.11067 0 0.993857 0.993558 0.024537 -0.110637 1.73821 2.59514 -2.44884</i>
                        <i>-0.0284798 0.999589 0.00317134 0.11067 -2.22045e-016 0.993857 0.993449 0.0286558 -0.110625 1.73717 2.59463 -2.44872</i>
                        <i>-0.0323894 0.999469 0.00360669 0.11067 0 0.993857 0.993329 0.0325896 -0.110611 1.73615 2.59417 -2.44861</i>
                        <i>-0.0360619 0.999341 0.00401564 0.11067 -2.22045e-016 0.993857 0.993203 0.0362848 -0.110597 1.73518 2.59376 -2.4485</i>
                        <i>-0.0394445 0.999212 0.00439231 0.11067 -2.22045e-016 0.993857 0.993074 0.0396883 -0.110583 1.73427 2.59342 -2.4484</i>
                        <i>-0.0425233 0.999084 0.00473515 0.11067 -2.22045e-016 0.993857 0.992947 0.0427861 -0.110569 1.73342 2.59315 -2.4483</i>
                        <i>-0.0453074 0.99896 0.00504517 0.11067 -4.44089e-016 0.993857 0.992824 0.0455875 -0.110555 1.73264 2.59293 -2.44822</i>
                        <i>-0.0477789 0.998844 0.00532038 0.11067 -4.44089e-016 0.993857 0.992708 0.0480742 -0.110542 1.73193 2.59278 -2.44814</i>
                        <i>-0.0499199 0.998738 0.00555879 0.11067 -2.22045e-016 0.993857 0.992603 0.0502284 -0.11053 1.73132 2.59269 -2.44807</i>
                        <i>-0.0517131 0.998645 0.00575847 0.11067 -2.22045e-016 0.993857 0.992511 0.0520327 -0.11052 1.73079 2.59267 -2.44801</i>
                        <i>-0.0531412 0.998569 0.0059175 0.11067 -2.22045e-016 0.993857 0.992435 0.0534697 -0.110512 1.73037 2.59272 -2.44796</i>
                        <i>-0.054187 0.998513 0.00603395 0.11067 -6.66134e-016 0.993857 0.992379 0.054522 -0.110506 1.73005 2.59283 -2.44793</i>
                        <i>-0.0548335 0.998477 0.00610594 0.11067 0 0.993857 0.992343 0.0551724 -0.110502 1.72985 2.59302 -2.44791</i>
                        <i>-0.0550635 0.998464 0.00613155 0.11067 -2.22045e-016 0.993857 0.992331 0.0554038 -0.1105 1.72978 2.59328 -2.4479</i>
                        <i>-0.0548596 0.998475 0.00610885 0.11067 -4.44089e-016 0.993857 0.992342 0.0551987 -0.110501 1.72984 2.59361 -2.4479</i>
                        <i>-0.0542797 0.998507 0.00604427 0.11067 -2.22045e-016 0.993857 0.992374 0.0546152 -0.110505 1.73 2.59399 -2.44792</i>
                        <i>-0.0533919 0.998556 0.00594541 0.11067 2.22045e-016 0.993857 0.992422 0.0537219 -0.11051 1.73021 2.59441 -2.44795</i>
                        <i>-0.0521948 0.99862 0.0058121 0.11067 -2.22045e-016 0.993857 0.992486 0.0525174 -0.110517 1.73048 2.59487 -2.44797</i>
                        <i>-0.0506866 0.998699 0.00564416 0.11067 -2.22045e-016 0.993857 0.992564 0.0509999 -0.110526 1.73079 2.59535 -2.44801</i>
                        <i>-0.0488656 0.998791 0.00544139 0.11067 -4.44089e-016 0.993857 0.992655 0.0491677 -0.110536 1.73115 2.59586 -2.44805</i>
                        <i>-0.0467765 0.998892 0.00520876 0.11067 0 0.993857 0.992756 0.0470657 -0.110548 1.73156 2.59639 -2.4481</i>
                        <i>-0.0445298 0.998996 0.00495857 0.11067 2.22045e-016 0.993857 0.992859 0.044805 -0.110559 1.73202 2.59694 -2.44815</i>
                        <i>-0.0421925 0.999098 0.00469831 0.11067 -2.22045e-016 0.993857 0.992961 0.0424533 -0.11057 1.73253 2.5975 -2.4482</i>
                        <i>-0.0397661 0.999199 0.00442812 0.11067 -2.22045e-016 0.993857 0.993061 0.0400119 -0.110582 1.73307 2.59808 -2.44826</i>
                        <i>-0.0372519 0.999297 0.00414815 0.11067 0 0.993857 0.993159 0.0374821 -0.110592 1.73367 2.59866 -2.44833</i>
                        <i>-0.0346512 0.999392 0.00385855 0.11067 -6.66134e-016 0.993857 0.993253 0.0348653 -0.110603 1.7343 2.59924 -2.4484</i>
                        <i>-0.0319651 0.999483 0.00355945 0.11067 0 0.993857 0.993343 0.0321627 -0.110613 1.73497 2.59983 -2.44847</i>
                        <i>-0.029195 0.999568 0.00325098 0.11067 0 0.993857 0.993428 0.0293754 -0.110622 1.73568 2.60042 -2.44855</i>
                        <i>-0.0263418 0.999649 0.00293327 0.11067 0 0.993857 0.993508 0.0265046 -0.110631 1.73643 2.60099 -2.44864</i>
                        <i>-0.0234067 0.999723 0.00260643 0.11067 2.22045e-016 0.993857 0.993582 0.0235513 -0.110639 1.73722 2.60156 -2.44873</i>
                        <i>-0.0203907 0.99979 0.00227059 0.11067 0 0.993857 0.993648 0.0205168 -0.110647 1.73804 2.60211 -2.44882</i>
                        <i>-0.017295 0.999849 0.00192587 0.11067 0 0.993857 0.993707 0.0174019 -0.110653 1.7389 2.60264 -2.44891</i>
                        <i>-0.0141205 0.999899 0.00157237 0.11067 -2.22045e-016 0.993857 0.993757 0.0142077 -0.110659 1.73979 2.60315 -2.44901</i>
                        <i>-0.0108681 0.99994 0.00121021 0.11067 -2.22045e-016 0.993857 0.993798 0.0109353 -0.110664 1.74071 2.60364 -2.44911</i>
                        <i>-0.00753887 0.999971 0.000839485 0.11067 -2.22045e-016 0.993857 0.993829 0.00758547 -0.110667 1.74167 2.60409 -2.44922</i>
                        <i>-0.00413375 0.999991 0.00046031 0.11067 0 0.993857 0.993849 0.0041593 -0.110669 1.74265 2.60452 -2.44933</i>
                        <i>-0.000653629 1 7.27843e-005 0.11067 -2.22045e-016 0.993857 0.993857 0.000657669 -0.11067 1.74366 2.6049 -2.44944</i>
                        <i>0.00290059 0.999996 -0.000322992 0.11067 1.11022e-016 0.993857 0.993853 -0.00291851 -0.11067 1.74469 2.60525 -2.44956</i>
                        <i>0.00652806 0.999978 -0.000726927 0.11067 0 0.993857 0.993836 -0.00656841 -0.110668 1.74575 2.60555 -2.44968</i>
                        <i>0.00995895 0.99995 -0.00110897 0.11067 0 0.993857 0.993807 -0.0100205 -0.110665 1.74676 2.6058 -2.44979</i>
                        <i>0.0129376 0.999915 -0.00144065 0.11067 -2.22045e-016 0.993857 0.993773 -0.0130175 -0.110661 1.74763 2.60602 -2.44988</i>
                        <i>0.0154847 0.999879 -0.00172429 0.11067 0 0.993857 0.993737 -0.0155805 -0.110657 1.74837 2.6062 -2.44997</i>
                        <i>0.0176217 0.999843 -0.00196226 0.11067 -4.44089e-016 0.993857 0.993701 -0.0177307 -0.110653 1.749 2.60635 -2.45004</i>
                        <i>0.0193703 0.99981 -0.00215696 0.11067 2.22045e-016 0.993857 0.993668 -0.01949 -0.110649 1.74951 2.60647 -2.45009</i>
                        <i>0.0207525 0.999782 -0.00231087 0.11067 -4.44089e-016 0.993857 0.99364 -0.0208807 -0.110646 1.74992 2.60656 -2.45014</i>
                        <i>0.0217906 0.99976 -0.00242647 0.11067 -2.22045e-016 0.993857 0.993618 -0.0219252 -0.110644 1.75022 2.60663 -2.45017</i>
                        <i>0.0225071 0.999744 -0.00250626 0.11067 -4.44089e-016 0.993857 0.993602 -0.0226462 -0.110642 1.75043 2.60668 -2.4502</i>
                        <i>0.0229248 0.999734 -0.00255277 0.11067 2.22045e-016 0.993857 0.993593 -0.0230665 -0.110641 1.75055 2.60671 -2.45021</i>
                        <i>0.0230665 0.999731 -0.00256855 0.11067 0 0.993857 0.993589 -0.023209 -0.11064 1.75059 2.60672 -2.45021</i>
                        <i>0.022955 0.999733 -0.00255614 0.11067 -2.22045e-016 0.993857 0.993592 -0.0230969 -0.110641 1.75056 2.60671 -2.45021</i>
                        <i>0.0226134 0.999741 -0.0025181 0.11067 -2.22045e-016 0.993857 0.9936 -0.0227532 -0.110642 1.75046 2.60669 -2.4502</i>
                        <i>0.0220648 0.999754 -0.00245701 0.11067 -4.44089e-016 0.993857 0.993612 -0.0222012 -0.110643 1.7503 2.60665 -2.45018</i>
                        <i>0.0213321 0.99977 -0.00237542 0.11067 -2.22045e-016 0.993857 0.993628 -0.021464 -0.110645 1.75009 2.6066 -2.45016</i>
                        <i>0.0204386 0.999789 -0.00227592 0.11067 2.22045e-016 0.993857 0.993647 -0.0205649 -0.110647 1.74982 2.60654 -2.45013</i>
                        <i>0.0194072 0.999809 -0.00216108 0.11067 0 0.993857 0.993668 -0.0195272 -0.110649 1.74952 2.60647 -2.4501</i>
                        <i>0.0182612 0.999831 -0.00203346 0.11067 -2.22045e-016 0.993857 0.993689 -0.0183741 -0.110651 1.74919 2.6064 -2.45006</i>
                        <i>0.0170235 0.999853 -0.00189564 0.11067 0 0.993857 0.993711 -0.0171288 -0.110654 1.74882 2.60631 -2.45002</i>
                        <i>0.0157174 0.999875 -0.00175019 0.11067 0 0.993857 0.993733 -0.0158145 -0.110656 1.74844 2.60622 -2.44998</i>
                        <i>0.0143656 0.999896 -0.00159967 0.11067 2.22045e-016 0.993857 0.993753 -0.0144544 -0.110659 1.74805 2.60613 -2.44993</i>
                        <i>0.0129913 0.999915 -0.00144664 0.11067 -4.44089e-016 0.993857 0.993772 -0.0130716 -0.110661 1.74764 2.60603 -2.44989</i>
                        <i>0.0116174 0.999932 -0.00129364 0.11067 -4.44089e-016 0.993857 0.993789 -0.0116892 -0.110663 1.74724 2.60593 -2.44984</i>
                        <i>0.0102666 0.999947 -0.00114323 0.11067 -2.22045e-016 0.993857 0.993804 -0.0103301 -0.110664 1.74685 2.60583 -2.4498</i>
                        <i>0.00896187 0.999959 -0.000997941 0.11067 0 0.993857 0.993817 -0.00901726 -0.110666 1.74646 2.60573 -2.44975</i>
                        <i>0.00772588 0.99997 -0.000860309 0.11067 -2.22045e-016 0.993857 0.993827 -0.00777363 -0.110667 1.7461 2.60564 -2.44971</i>
                        <i>0.00658133 0.999978 -0.000732858 0.11067 0 0.993857 0.993835 -0.006622 -0.110668 1.74577 2.60556 -2.44968</i>
                        <i>0.00555086 0.999984 -0.000618111 0.11067 0 0.993857 0.993842 -0.00558517 -0.110668 1.74547 2.60548 -2.44964</i>
                        <i>0.00465708 0.999989 -0.000518585 0.11067 0 0.993857 0.993846 -0.00468586 -0.110669 1.7452 2.60541 -2.44961</i>
                        <i>0.00392257 0.999992 -0.000436794 0.11067 1.11022e-016 0.993857 0.993849 -0.00394681 -0.110669 1.74499 2.60535 -2.44959</i>
                        <i>0.00336991 0.999994 -0.000375253 0.11067 -4.44089e-016 0.993857 0.993851 -0.00339073 -0.11067 1.74483 2.60531 -2.44957</i>
                        <i>0.0030217 0.999995 -0.000336479 0.11067 -4.44089e-016 0.993857 0.993853 -0.00304037 -0.11067 1.74473 2.60528 -2.44956</i>
                        <i>0.00290059 0.999996 -0.000322992 0.11067 1.11022e-016 0.993857 0.993853 -0.00291851 -0.11067 1.74469 2.60527 -2.44956</i>
                    </KeyFrames>
                </p>
            </i>
            <i>
                <p>
                    <Name><![CDATA[spine1]]></Name>
                    <Exclude>0</Exclude>
                    <Additive>0</Additive>
                    <IKPriority>0</IKPriority>
                    <IKRotLimits>-1e+010 -1e+010 -1e+010 1e+010 1e+010 1e+010</IKRotLimits>
                    <IKRotLimitOrder>0</IKRotLimitOrder>
                    <KeyFrames count="97">
                        <i>0.130895 0.991289 -0.0145758 0.11067 1.11022e-016 0.993857 0.9852 -0.131705 -0.109706 1.74518 2.7792 -2.44961</i>
                        <i>0.130815 0.9913 -0.0145668 0.11067 -4.44089e-016 0.993857 0.98521 -0.131623 -0.109707 1.7453 2.77917 -2.44962</i>
                        <i>0.130579 0.991331 -0.0145405 0.11067 0 0.993857 0.985242 -0.131386 -0.109711 1.74562 2.77906 -2.44966</i>
                        <i>0.130198 0.991382 -0.014498 0.11067 -4.44089e-016 0.993857 0.985292 -0.131002 -0.109716 1.7461 2.77889 -2.44971</i>
                        <i>0.129681 0.991451 -0.0144405 0.11067 -2.22045e-016 0.993857 0.98536 -0.130483 -0.109724 1.74671 2.77866 -2.44978</i>
                        <i>0.129039 0.991535 -0.014369 0.11067 -2.22045e-016 0.993857 0.985445 -0.129837 -0.109733 1.74742 2.77837 -2.44986</i>
                        <i>0.128282 0.991635 -0.0142847 0.11067 1.11022e-016 0.993857 0.985543 -0.129075 -0.109744 1.74817 2.77803 -2.44994</i>
                        <i>0.127419 0.991747 -0.0141887 0.11067 2.22045e-016 0.993857 0.985655 -0.128207 -0.109757 1.74893 2.77764 -2.45003</i>
                        <i>0.126463 0.991871 -0.0140822 0.11067 -2.22045e-016 0.993857 0.985779 -0.127244 -0.109771 1.74966 2.77722 -2.45011</i>
                        <i>0.125424 0.992005 -0.0139665 0.11067 -2.22045e-016 0.993857 0.985911 -0.126199 -0.109785 1.75033 2.77676 -2.45019</i>
                        <i>0.124315 0.992146 -0.013843 0.11067 0 0.993857 0.986052 -0.125083 -0.109801 1.75089 2.77626 -2.45025</i>
                        <i>0.123148 0.992293 -0.0137131 0.11067 0 0.993857 0.986198 -0.12391 -0.109817 1.7513 2.77575 -2.45029</i>
                        <i>0.121937 0.992445 -0.0135782 0.11067 -4.44089e-016 0.993857 0.986349 -0.122691 -0.109834 1.75154 2.77522 -2.45032</i>
                        <i>0.120695 0.992599 -0.0134399 0.11067 2.22045e-016 0.993857 0.986501 -0.121441 -0.109851 1.75155 2.77468 -2.45032</i>
                        <i>0.119435 0.992753 -0.0132996 0.11067 -2.22045e-016 0.993857 0.986655 -0.120173 -0.109868 1.75129 2.77414 -2.45029</i>
                        <i>0.118169 0.992906 -0.0131587 0.11067 -2.22045e-016 0.993857 0.986807 -0.1189 -0.109885 1.75074 2.7736 -2.45023</i>
                        <i>0.116739 0.993078 -0.0129993 0.11067 0 0.993857 0.986977 -0.11746 -0.109904 1.74989 2.77307 -2.45014</i>
                        <i>0.115218 0.993257 -0.0128301 0.11067 -2.22045e-016 0.993857 0.987156 -0.115931 -0.109924 1.7488 2.77255 -2.45002</i>
                        <i>0.11397 0.993403 -0.012691 0.11067 2.22045e-016 0.993857 0.987301 -0.114674 -0.10994 1.74752 2.77204 -2.44987</i>
                        <i>0.113064 0.993508 -0.0125901 0.11067 -2.22045e-016 0.993857 0.987405 -0.113763 -0.109952 1.7461 2.77155 -2.44971</i>
                        <i>0.11251 0.993572 -0.0125284 0.11067 0 0.993857 0.987468 -0.113205 -0.109959 1.74455 2.77106 -2.44954</i>
                        <i>0.112282 0.993598 -0.0125031 0.11067 -2.22045e-016 0.993857 0.987494 -0.112976 -0.109962 1.7429 2.7706 -2.44936</i>
                        <i>0.112339 0.993591 -0.0125094 0.11067 2.22045e-016 0.993857 0.987488 -0.113034 -0.109961 1.74118 2.77015 -2.44917</i>
                        <i>0.112666 0.993554 -0.0125458 0.11067 -4.44089e-016 0.993857 0.98745 -0.113362 -0.109957 1.7394 2.76973 -2.44897</i>
                        <i>0.113247 0.993487 -0.0126106 0.11067 0 0.993857 0.987384 -0.113947 -0.109949 1.73759 2.76934 -2.44877</i>
                        <i>0.114069 0.993392 -0.0127021 0.11067 -2.22045e-016 0.993857 0.987289 -0.114774 -0.109939 1.73577 2.76899 -2.44856</i>
                        <i>0.115117 0.993269 -0.0128187 0.11067 0 0.993857 0.987168 -0.115828 -0.109925 1.73397 2.76867 -2.44836</i>
                        <i>0.116377 0.993121 -0.0129591 0.11067 -2.22045e-016 0.993857 0.98702 -0.117096 -0.109909 1.7322 2.7684 -2.44817</i>
                        <i>0.117837 0.992946 -0.0131216 0.11067 0 0.993857 0.986847 -0.118565 -0.10989 1.7305 2.76818 -2.44798</i>
                        <i>0.119484 0.992747 -0.013305 0.11067 -2.22045e-016 0.993857 0.986649 -0.120222 -0.109867 1.72888 2.76802 -2.4478</i>
                        <i>0.121306 0.992523 -0.0135079 0.11067 -2.22045e-016 0.993857 0.986426 -0.122055 -0.109843 1.72736 2.76792 -2.44763</i>
                        <i>0.123253 0.99228 -0.0137247 0.11067 -2.22045e-016 0.993857 0.986185 -0.124015 -0.109816 1.72596 2.76789 -2.44747</i>
                        <i>0.125254 0.992027 -0.0139475 0.11067 -4.44089e-016 0.993857 0.985933 -0.126028 -0.109788 1.72468 2.76792 -2.44733</i>
                        <i>0.127265 0.991768 -0.0141715 0.11067 -4.44089e-016 0.993857 0.985675 -0.128051 -0.109759 1.72353 2.76799 -2.4472</i>
                        <i>0.129243 0.991509 -0.0143917 0.11067 -2.22045e-016 0.993857 0.985418 -0.130041 -0.10973 1.72252 2.76812 -2.44709</i>
                        <i>0.131144 0.991256 -0.0146035 0.11067 -2.22045e-016 0.993857 0.985167 -0.131955 -0.109702 1.72167 2.76831 -2.44699</i>
                        <i>0.132928 0.991015 -0.0148021 0.11067 -2.22045e-016 0.993857 0.984928 -0.133749 -0.109676 1.72098 2.76854 -2.44692</i>
                        <i>0.134551 0.990793 -0.0149828 0.11067 -6.66134e-016 0.993857 0.984707 -0.135382 -0.109651 1.72047 2.76881 -2.44686</i>
                        <i>0.13597 0.990597 -0.0151408 0.11067 0 0.993857 0.984512 -0.136811 -0.10963 1.72015 2.76914 -2.44683</i>
                        <i>0.137144 0.990433 -0.0152716 0.11067 -2.22045e-016 0.993857 0.984349 -0.137992 -0.109611 1.72003 2.76951 -2.44681</i>
                        <i>0.138029 0.990309 -0.0153701 0.11067 -4.44089e-016 0.993857 0.984226 -0.138882 -0.109598 1.72013 2.76992 -2.44682</i>
                        <i>0.138811 0.990198 -0.0154572 0.11067 -2.22045e-016 0.993857 0.984116 -0.139669 -0.109585 1.72038 2.77036 -2.44685</i>
                        <i>0.139707 0.990071 -0.015557 0.11067 2.22045e-016 0.993857 0.983989 -0.14057 -0.109571 1.72075 2.77083 -2.44689</i>
                        <i>0.140723 0.989925 -0.01567 0.11067 -2.22045e-016 0.993857 0.983844 -0.141592 -0.109555 1.72122 2.77131 -2.44694</i>
                        <i>0.141862 0.98976 -0.015797 0.11067 -2.22045e-016 0.993857 0.98368 -0.142739 -0.109537 1.7218 2.77181 -2.44701</i>
                        <i>0.143131 0.989575 -0.0159383 0.11067 -4.44089e-016 0.993857 0.983497 -0.144016 -0.109516 1.72249 2.77233 -2.44709</i>
                        <i>0.144374 0.989393 -0.0160767 0.11067 0 0.993857 0.983315 -0.145267 -0.109496 1.72327 2.77284 -2.44717</i>
                        <i>0.145399 0.989241 -0.0161908 0.11067 2.22045e-016 0.993857 0.983164 -0.146298 -0.109479 1.72413 2.77336 -2.44727</i>
                        <i>0.146173 0.989125 -0.016277 0.11067 -2.22045e-016 0.993857 0.983049 -0.147077 -0.109467 1.72505 2.77388 -2.44737</i>
                        <i>0.146701 0.989046 -0.0163358 0.11067 -2.22045e-016 0.993857 0.98297 -0.147608 -0.109458 1.72603 2.7744 -2.44748</i>
                        <i>0.146988 0.989003 -0.0163677 0.11067 0 0.993857 0.982928 -0.147896 -0.109453 1.72707 2.77491 -2.44759</i>
                        <i>0.147038 0.988995 -0.0163734 0.11067 -6.66134e-016 0.993857 0.98292 -0.147947 -0.109452 1.72816 2.7754 -2.44772</i>
                        <i>0.146858 0.989022 -0.0163533 0.11067 0 0.993857 0.982947 -0.147766 -0.109455 1.72931 2.77589 -2.44784</i>
                        <i>0.146451 0.989083 -0.0163079 0.11067 0 0.993857 0.983008 -0.147356 -0.109462 1.73052 2.77635 -2.44798</i>
                        <i>0.145822 0.989178 -0.0162379 0.11067 0 0.993857 0.983101 -0.146724 -0.109472 1.73178 2.77679 -2.44812</i>
                        <i>0.144976 0.989303 -0.0161437 0.11067 2.22045e-016 0.993857 0.983226 -0.145872 -0.109486 1.73308 2.77721 -2.44826</i>
                        <i>0.143917 0.98946 -0.0160257 0.11067 0 0.993857 0.983382 -0.144806 -0.109504 1.73444 2.7776 -2.44842</i>
                        <i>0.142649 0.989646 -0.0158845 0.11067 0 0.993857 0.983567 -0.14353 -0.109524 1.73585 2.77795 -2.44857</i>
                        <i>0.141176 0.98986 -0.0157206 0.11067 -2.22045e-016 0.993857 0.983779 -0.142049 -0.109548 1.7373 2.77827 -2.44873</i>
                        <i>0.139504 0.9901 -0.0155343 0.11067 -2.22045e-016 0.993857 0.984018 -0.140366 -0.109574 1.73879 2.77855 -2.4489</i>
                        <i>0.137635 0.990364 -0.0153263 0.11067 -2.22045e-016 0.993857 0.984281 -0.138486 -0.109604 1.74033 2.77878 -2.44907</i>
                        <i>0.135575 0.990652 -0.0150969 0.11067 0 0.993857 0.984567 -0.136413 -0.109636 1.74191 2.77896 -2.44925</i>
                        <i>0.133327 0.990961 -0.0148465 0.11067 -2.22045e-016 0.993857 0.984874 -0.134151 -0.10967 1.74353 2.7791 -2.44943</i>
                        <i>0.130895 0.991289 -0.0145758 0.11067 1.11022e-016 0.993857 0.9852 -0.131705 -0.109706 1.74518 2.77918 -2.44961</i>
                        <i>0.128284 0.991635 -0.014285 0.11067 0 0.993857 0.985543 -0.129077 -0.109744 1.74687 2.7792 -2.4498</i>
                        <i>0.125751 0.991963 -0.0140029 0.11067 0 0.993857 0.98587 -0.126529 -0.109781 1.74847 2.77919 -2.44998</i>
                        <i>0.123544 0.992244 -0.0137572 0.11067 -2.22045e-016 0.993857 0.986149 -0.124308 -0.109812 1.74986 2.77917 -2.45013</i>
                        <i>0.121651 0.99248 -0.0135464 0.11067 0 0.993857 0.986384 -0.122403 -0.109838 1.75104 2.77916 -2.45026</i>
                        <i>0.120059 0.992677 -0.0133691 0.11067 -4.44089e-016 0.993857 0.986579 -0.120801 -0.10986 1.75204 2.77914 -2.45038</i>
                        <i>0.118753 0.992836 -0.0132236 0.11067 2.22045e-016 0.993857 0.986737 -0.119487 -0.109877 1.75285 2.77913 -2.45047</i>
                        <i>0.117718 0.992961 -0.0131084 0.11067 -4.44089e-016 0.993857 0.986861 -0.118446 -0.109891 1.75349 2.77911 -2.45054</i>
                        <i>0.11694 0.993054 -0.0130217 0.11067 -2.22045e-016 0.993857 0.986954 -0.117662 -0.109901 1.75397 2.7791 -2.45059</i>
                        <i>0.116401 0.993118 -0.0129617 0.11067 -4.44089e-016 0.993857 0.987017 -0.11712 -0.109908 1.75431 2.7791 -2.45063</i>
                        <i>0.116086 0.993155 -0.0129266 0.11067 2.22045e-016 0.993857 0.987054 -0.116803 -0.109913 1.7545 2.77909 -2.45065</i>
