<?xml version="1.0" encoding="ISO-8859-1" ?>
<Animl Version="1">
    <ModellingPackage><![CDATA[Maya.2010]]></ModellingPackage>
    <SrcFile><![CDATA[anims\turrets\artillery\red\~src\artillery_d30\artillery_d30_fire_crewman_a.mb]]></SrcFile>
    <FramesPerSecond>30</FramesPerSecond>
    <TotalFrames>75</TotalFrames>
    <Skeleton>
        <RefFrame>
            <Name><![CDATA[soldier_ref_frame]]></Name>
            <Exclude>0</Exclude>
            <Additive>0</Additive>
            <IKPriority>0</IKPriority>
            <IKRotLimits>-1e+010 -1e+010 -1e+010 1e+010 1e+010 1e+010</IKRotLimits>
            <IKRotLimitOrder>0</IKRotLimitOrder>
            <KeyFrames count="75">
                <i>1 0 0 0 1 0 0 0 1 1.61 1.35 -2.4</i>
                <i>1 0 0 0 1 0 0 0 1 1.62583 1.35 -2.56361</i>
                <i>1 0 0 0 1 0 0 0 1 1.64267 1.35 -2.73756</i>
                <i>1 0 0 0 1 0 0 0 1 1.6595 1.35 -2.9115</i>
                <i>1 0 0 0 1 0 0 0 1 1.67533 1.35 -3.07511</i>
                <i>1 0 0 0 1 0 0 0 1 1.68917 1.35 -3.21806</i>
                <i>1 0 0 0 1 0 0 0 1 1.7 1.35 -3.33</i>
                <i>1 0 0 0 1 0 0 0 1 1.70506 1.35 -3.38231</i>
                <i>1 0 0 0 1 0 0 0 1 1.7045 1.35 -3.3765</i>
                <i>1 0 0 0 1 0 0 0 1 1.70169 1.35 -3.34744</i>
                <i>1 0 0 0 1 0 0 0 1 1.7 1.35 -3.33</i>
                <i>1 0 0 0 1 0 0 0 1 1.7 1.35 -3.33</i>
                <i>1 0 0 0 1 0 0 0 1 1.7 1.35 -3.33</i>
                <i>1 0 0 0 1 0 0 0 1 1.7 1.35 -3.33</i>
                <i>1 0 0 0 1 0 0 0 1 1.7 1.35 -3.33</i>
                <i>1 0 0 0 1 0 0 0 1 1.7 1.35 -3.33</i>
                <i>1 0 0 0 1 0 0 0 1 1.7 1.35 -3.33</i>
                <i>1 0 0 0 1 0 0 0 1 1.7 1.35 -3.33</i>
                <i>1 0 0 0 1 0 0 0 1 1.7 1.35 -3.33</i>
                <i>1 0 0 0 1 0 0 0 1 1.7 1.35 -3.33</i>
                <i>1 0 0 0 1 0 0 0 1 1.7 1.35 -3.33</i>
                <i>1 0 0 0 1 0 0 0 1 1.7 1.35 -3.33</i>
                <i>1 0 0 0 1 0 0 0 1 1.7 1.35 -3.33</i>
                <i>1 0 0 0 1 0 0 0 1 1.7 1.35 -3.33</i>
                <i>1 0 0 0 1 0 0 0 1 1.7 1.35 -3.33</i>
                <i>1 0 0 0 1 0 0 0 1 1.7 1.35 -3.33</i>
                <i>1 0 0 0 1 0 0 0 1 1.7 1.35 -3.33</i>
                <i>1 0 0 0 1 0 0 0 1 1.7 1.35 -3.33</i>
                <i>1 0 0 0 1 0 0 0 1 1.7 1.35 -3.33</i>
                <i>1 0 0 0 1 0 0 0 1 1.7 1.35 -3.33</i>
                <i>1 0 0 0 1 0 0 0 1 1.7 1.35 -3.33</i>
                <i>1 0 0 0 1 0 0 0 1 1.7 1.35 -3.33</i>
                <i>1 0 0 0 1 0 0 0 1 1.7 1.35 -3.33</i>
                <i>1 0 0 0 1 0 0 0 1 1.7 1.35 -3.33</i>
                <i>1 0 0 0 1 0 0 0 1 1.7 1.35 -3.33</i>
                <i>1 0 0 0 1 0 0 0 1 1.7 1.35 -3.33</i>
                <i>1 0 0 0 1 0 0 0 1 1.7 1.35 -3.33</i>
                <i>1 0 0 0 1 0 0 0 1 1.7 1.35 -3.33</i>
                <i>1 0 0 0 1 0 0 0 1 1.7 1.35 -3.33</i>
                <i>1 0 0 0 1 0 0 0 1 1.7 1.35 -3.33</i>
                <i>1 0 0 0 1 0 0 0 1 1.7 1.35 -3.33</i>
                <i>1 0 0 0 1 0 0 0 1 1.7 1.35 -3.33</i>
                <i>1 0 0 0 1 0 0 0 1 1.7 1.35 -3.33</i>
                <i>1 0 0 0 1 0 0 0 1 1.7 1.35 -3.33</i>
                <i>1 0 0 0 1 0 0 0 1 1.7 1.35 -3.33</i>
                <i>1 0 0 0 1 0 0 0 1 1.7 1.35 -3.33</i>
                <i>1 0 0 0 1 0 0 0 1 1.7 1.35 -3.33</i>
                <i>1 0 0 0 1 0 0 0 1 1.7 1.35 -3.33</i>
                <i>1 0 0 0 1 0 0 0 1 1.7 1.35 -3.33</i>
                <i>1 0 0 0 1 0 0 0 1 1.7 1.35 -3.33</i>
                <i>1 0 0 0 1 0 0 0 1 1.7 1.35 -3.33</i>
                <i>1 0 0 0 1 0 0 0 1 1.7 1.35 -3.33</i>
                <i>1 0 0 0 1 0 0 0 1 1.7 1.35 -3.33</i>
                <i>1 0 0 0 1 0 0 0 1 1.7 1.35 -3.33</i>
                <i>1 0 0 0 1 0 0 0 1 1.7 1.35 -3.33</i>
                <i>1 0 0 0 1 0 0 0 1 1.7 1.35 -3.33</i>
                <i>1 0 0 0 1 0 0 0 1 1.7 1.35 -3.33</i>
                <i>1 0 0 0 1 0 0 0 1 1.7 1.35 -3.33</i>
                <i>1 0 0 0 1 0 0 0 1 1.7 1.35 -3.33</i>
                <i>1 0 0 0 1 0 0 0 1 1.7 1.35 -3.33</i>
                <i>1 0 0 0 1 0 0 0 1 1.7 1.35 -3.33</i>
                <i>1 0 0 0 1 0 0 0 1 1.7 1.35 -3.33</i>
                <i>1 0 0 0 1 0 0 0 1 1.7 1.35 -3.33</i>
                <i>1 0 0 0 1 0 0 0 1 1.7 1.35 -3.33</i>
                <i>1 0 0 0 1 0 0 0 1 1.7 1.35 -3.33</i>
                <i>1 0 0 0 1 0 0 0 1 1.7 1.35 -3.33</i>
                <i>1 0 0 0 1 0 0 0 1 1.7 1.35 -3.33</i>
                <i>1 0 0 0 1 0 0 0 1 1.7 1.35 -3.33</i>
                <i>1 0 0 0 1 0 0 0 1 1.7 1.35 -3.33</i>
                <i>1 0 0 0 1 0 0 0 1 1.7 1.35 -3.33</i>
                <i>1 0 0 0 1 0 0 0 1 1.7 1.35 -3.33</i>
                <i>1 0 0 0 1 0 0 0 1 1.7 1.35 -3.33</i>
                <i>1 0 0 0 1 0 0 0 1 1.7 1.35 -3.33</i>
                <i>1 0 0 0 1 0 0 0 1 1.7 1.35 -3.33</i>
                <i>1 0 0 0 1 0 0 0 1 1.7 1.35 -3.33</i>
            </KeyFrames>
        </RefFrame>
        <Bones count="23">
            <i>
                <p>
                    <Name><![CDATA[pelvis]]></Name>
                    <Exclude>0</Exclude>
                    <Additive>0</Additive>
                    <IKPriority>0</IKPriority>
                    <IKRotLimits>-1e+010 -1e+010 -1e+010 1e+010 1e+010 1e+010</IKRotLimits>
                    <IKRotLimitOrder>2</IKRotLimitOrder>
                    <KeyFrames count="75">
                        <i>1 0 0 0 1 0 0 0 1 1.57 2.42 -2.4</i>
                        <i>1 0 0 0 1 0 0 0 1 1.56886 2.30508 -2.66788</i>
                        <i>1 0 0 0 1 0 0 0 1 1.64611 2.19384 -2.87893</i>
                        <i>1 0 0 0 1 0 0 0 1 1.88419 2.2313 -2.95121</i>
                        <i>1 0 0 0 1 0 0 0 1 2.17687 2.30783 -2.96542</i>
                        <i>1 0 0 0 1 0 0 0 1 2.47242 2.3955 -2.95368</i>
                        <i>1 0 0 0 1 0 0 0 1 2.71909 2.46409 -2.94807</i>
                        <i>1 0 0 0 1 0 0 0 1 2.89739 2.50028 -2.93371</i>
                        <i>1 0 0 0 1 0 0 0 1 3.0356 2.50476 -2.88866</i>
                        <i>1 0 0 0 1 0 0 0 1 3.1536 2.45636 -2.83447</i>
                        <i>1 0 0 0 1 0 0 0 1 3.27129 2.40297 -2.79268</i>
                        <i>1 0 0 0 1 0 0 0 1 3.38912 2.36242 -2.76869</i>
                        <i>1 0 0 0 1 0 0 0 1 3.49809 2.31036 -2.75114</i>
                        <i>1 0 0 0 1 0 0 0 1 3.60395 2.2572 -2.73636</i>
                        <i>1 0 0 0 1 0 0 0 1 3.71244 2.21333 -2.72073</i>
                        <i>1 0 0 0 1 0 0 0 1 3.83769 2.19807 -2.70314</i>
                        <i>1 0 0 0 1 0 0 0 1 3.94158 2.18836 -2.68896</i>
                        <i>1 0 0 0 1 0 0 0 1 3.97903 2.17105 -2.67797</i>
                        <i>1 0 0 0 1 0 0 0 1 3.98835 2.11465 -2.67883</i>
                        <i>1 0 0 0 1 0 0 0 1 4.00045 1.99524 -2.695</i>
                        <i>1 0 0 0 1 0 0 0 1 4.01133 1.85339 -2.71553</i>
                        <i>1 0 0 0 1 0 0 0 1 4.02101 1.7041 -2.73808</i>
                        <i>1 0 0 0 1 0 0 0 1 4.02953 1.56205 -2.76032</i>
                        <i>1 0 0 0 1 0 0 0 1 4.03695 1.44301 -2.77997</i>
                        <i>1 0 0 0 1 0 0 0 1 4.0434 1.36553 -2.79479</i>
                        <i>1 0 0 0 1 0 0 0 1 4.04867 1.32955 -2.80293</i>
                        <i>1 0 0 0 1 0 0 0 1 4.05284 1.33489 -2.8059</i>
                        <i>1 0 0 0 1 0 0 0 1 4.05674 1.40203 -2.80688</i>
                        <i>1 0 0 0 1 0 0 0 1 4.06128 1.44607 -2.80911</i>
                        <i>1 0 0 0 1 0 0 0 1 4.06681 1.43862 -2.81329</i>
                        <i>1 0 0 0 1 0 0 0 1 4.07282 1.4188 -2.81775</i>
                        <i>1 0 0 0 1 0 0 0 1 4.0789 1.39668 -2.8222</i>
                        <i>1 0 0 0 1 0 0 0 1 4.08466 1.38235 -2.82637</i>
                        <i>1 0 0 0 1 0 0 0 1 4.0902 1.37782 -2.83041</i>
                        <i>1 0 0 0 1 0 0 0 1 4.09575 1.37725 -2.8345</i>
                        <i>1 0 0 0 1 0 0 0 1 4.10111 1.37895 -2.83838</i>
                        <i>1 0 0 0 1 0 0 0 1 4.10607 1.38122 -2.8418</i>
                        <i>1 0 0 0 1 0 0 0 1 4.11043 1.38235 -2.84449</i>
                        <i>1 0 0 0 1 0 0 0 1 4.11431 1.38235 -2.84625</i>
                        <i>1 0 0 0 1 0 0 0 1 4.11786 1.38235 -2.84724</i>
                        <i>1 0 0 0 1 0 0 0 1 4.12088 1.38235 -2.84779</i>
                        <i>1 0 0 0 1 0 0 0 1 4.12316 1.38235 -2.84822</i>
                        <i>1 0 0 0 1 0 0 0 1 4.1245 1.38235 -2.84886</i>
                        <i>1 0 0 0 1 0 0 0 1 4.12506 1.38235 -2.84945</i>
                        <i>1 0 0 0 1 0 0 0 1 4.12522 1.38235 -2.84961</i>
                        <i>1 0 0 0 1 0 0 0 1 4.1251 1.38235 -2.8495</i>
                        <i>1 0 0 0 1 0 0 0 1 4.12486 1.38235 -2.84924</i>
                        <i>1 0 0 0 1 0 0 0 1 4.12461 1.38235 -2.84898</i>
                        <i>1 0 0 0 1 0 0 0 1 4.1245 1.38235 -2.84886</i>
                        <i>1 0 0 0 1 0 0 0 1 4.1245 1.38235 -2.84886</i>
                        <i>1 0 0 0 1 0 0 0 1 4.1245 1.38235 -2.84886</i>
                        <i>1 0 0 0 1 0 0 0 1 4.1245 1.38235 -2.84886</i>
                        <i>1 0 0 0 1 0 0 0 1 4.1245 1.38235 -2.84886</i>
                        <i>1 0 0 0 1 0 0 0 1 4.1245 1.38235 -2.84886</i>
                        <i>1 0 0 0 1 0 0 0 1 4.1245 1.38235 -2.84886</i>
                        <i>1 0 0 0 1 0 0 0 1 4.1245 1.38235 -2.84886</i>
                        <i>1 0 0 0 1 0 0 0 1 4.1245 1.38235 -2.84886</i>
                        <i>1 0 0 0 1 0 0 0 1 4.1245 1.38235 -2.84886</i>
                        <i>1 0 0 0 1 0 0 0 1 4.1245 1.38235 -2.84886</i>
                        <i>1 0 0 0 1 0 0 0 1 4.1245 1.38235 -2.84886</i>
                        <i>1 0 0 0 1 0 0 0 1 4.1245 1.38235 -2.84886</i>
                        <i>1 0 0 0 1 0 0 0 1 4.1245 1.38235 -2.84886</i>
                        <i>1 0 0 0 1 0 0 0 1 4.1245 1.38235 -2.84886</i>
                        <i>1 0 0 0 1 0 0 0 1 4.1245 1.38235 -2.84886</i>
                        <i>1 0 0 0 1 0 0 0 1 4.1245 1.38235 -2.84886</i>
                        <i>1 0 0 0 1 0 0 0 1 4.1245 1.38235 -2.84886</i>
                        <i>1 0 0 0 1 0 0 0 1 4.1245 1.38235 -2.84886</i>
                        <i>1 0 0 0 1 0 0 0 1 4.1245 1.38235 -2.84886</i>
                        <i>1 0 0 0 1 0 0 0 1 4.1245 1.38235 -2.84886</i>
                        <i>1 0 0 0 1 0 0 0 1 4.1245 1.38235 -2.84886</i>
                        <i>1 0 0 0 1 0 0 0 1 4.1245 1.38235 -2.84886</i>
                        <i>1 0 0 0 1 0 0 0 1 4.1245 1.38235 -2.84886</i>
                        <i>1 0 0 0 1 0 0 0 1 4.1245 1.38235 -2.84886</i>
                        <i>1 0 0 0 1 0 0 0 1 4.1245 1.38235 -2.84886</i>
                        <i>1 0 0 0 1 0 0 0 1 4.1245 1.38235 -2.84886</i>
                    </KeyFrames>
                </p>
            </i>
            <i>
                <p>
                    <Name><![CDATA[spine0]]></Name>
                    <Exclude>0</Exclude>
                    <Additive>0</Additive>
                    <IKPriority>0</IKPriority>
                    <IKRotLimits>-1e+010 -1e+010 -1e+010 1e+010 1e+010 1e+010</IKRotLimits>
                    <IKRotLimitOrder>0</IKRotLimitOrder>
                    <KeyFrames count="75">
                        <i>-0.175688 0.96697 0.184671 -0.724509 0 -0.689266 -0.666499 -0.254892 0.700578 1.60049 2.55689 -2.43205</i>
                        <i>-0.275787 0.958173 -0.0764628 -0.194846 -0.133623 -0.971689 -0.941263 -0.253081 0.223547 1.607 2.44214 -2.68926</i>
                        <i>-0.253865 0.941674 -0.220913 0.225485 -0.164485 -0.960261 -0.94059 -0.293589 -0.170577 1.684 2.33249 -2.88509</i>
                        <i>-0.24204 0.94127 -0.235431 0.270518 -0.167558 -0.948021 -0.931792 -0.293148 -0.214075 1.93219 2.36691 -2.95207</i>
                        <i>-0.261296 0.939897 -0.219812 0.198265 -0.170608 -0.965186 -0.944677 -0.29578 -0.14177 2.24049 2.43685 -2.96693</i>
                        <i>-0.301316 0.937373 -0.174756 0.086717 -0.155576 -0.98401 -0.949573 -0.311652 -0.0344086 2.55128 2.5156 -2.96093</i>
                        <i>-0.321108 0.939191 -0.121699 0.0132863 -0.124024 -0.99219 -0.946949 -0.320217 0.0273468 2.80792 2.57658 -2.96036</i>
                        <i>-0.282883 0.956029 -0.0773663 -0.0111172 -0.0839237 -0.99641 -0.95909 -0.281008 0.0343689 2.99086 2.60881 -2.94719</i>
                        <i>-0.20466 0.978345 -0.0308982 -0.0269046 -0.037177 -0.998946 -0.978463 -0.203613 0.0339307 3.13093 2.61164 -2.9022</i>
                        <i>-0.123378 0.992301 0.0107627 -0.0407231 0.0057737 -0.999154 -0.991524 -0.123712 0.0396972 3.24943 2.56289 -2.84728</i>
                        <i>-0.0687222 0.996638 0.0446014 -0.0556301 0.0408093 -0.997617 -0.996084 -0.0710397 0.0526386 3.36746 2.50931 -2.80454</i>
                        <i>-0.0494947 0.996287 0.0704517 -0.0736921 0.0667032 -0.995048 -0.996052 -0.0544414 0.070117 3.48493 2.46919 -2.77941</i>
                        <i>-0.0492809 0.994524 0.0921561 -0.0922472 0.0873417 -0.991898 -0.994516 -0.0573828 0.0874378 3.59254 2.41851 -2.76006</i>
                        <i>-0.0526872 0.992146 0.113451 -0.106653 0.107368 -0.988482 -0.992899 -0.0641802 0.100159 3.69753 2.36626 -2.74312</i>
                        <i>-0.0444323 0.989544 0.137218 -0.112989 0.131495 -0.984857 -0.992602 -0.0592636 0.105965 3.80717 2.3215 -2.72545</i>
                        <i>-0.0416571 0.985157 0.166524 -0.101293 0.161645 -0.981637 -0.993984 -0.0577597 0.0930556 3.93446 2.30449 -2.70562</i>
                        <i>-0.0345024 0.980212 0.194922 -0.0761513 0.191892 -0.978457 -0.996499 -0.0486027 0.0680236 4.0423 2.29108 -2.68945</i>
                        <i>-0.0354359 0.975357 0.217767 -0.0507436 0.215866 -0.975103 -0.998083 -0.045604 0.0418437 4.08298 2.27049 -2.67641</i>
                        <i>-0.0550482 0.972624 0.22577 -0.0348507 0.224104 -0.973942 -0.997875 -0.061482 0.0215601 4.09259 2.21373 -2.67499</i>
                        <i>-0.0733363 0.97337 0.217194 -0.030803 0.215466 -0.976025 -0.996831 -0.0782683 0.0141812 4.10366 2.09529 -2.68921</i>
                        <i>-0.106487 0.973872 0.200582 -0.0319092 0.198278 -0.979626 -0.993802 -0.110718 0.00996158 4.11117 1.95665 -2.7074</i>
                        <i>-0.148349 0.972851 0.177631 -0.0346175 0.1744 -0.984066 -0.988329 -0.152135 0.0078056 4.11593 1.81168 -2.72753</i>
                        <i>-0.193426 0.969427 0.150991 -0.0361412 0.146753 -0.988513 -0.980449 -0.196661 0.00665039 4.11885 1.67409 -2.74754</i>
                        <i>-0.236862 0.963552 0.124355 -0.0353036 0.119376 -0.992221 -0.970902 -0.23941 0.00574118 4.12104 1.55881 -2.76533</i>
                        <i>-0.274044 0.956261 0.102294 -0.0327019 0.0970388 -0.994743 -0.961161 -0.275949 0.00467866 4.12384 1.48373 -2.7788</i>
                        <i>-0.315352 0.944917 0.0876644 -0.0312271 0.0819953 -0.996143 -0.948461 -0.316874 0.00364961 4.12742 1.44878 -2.78623</i>
                        <i>-0.361703 0.92894 0.0790012 -0.0323757 0.0721717 -0.996867 -0.931731 -0.363127 0.00397041 4.13138 1.45424 -2.78906</i>
                        <i>-0.394136 0.915965 0.0752608 -0.0350479 0.0668501 -0.997147 -0.918383 -0.39565 0.00575462 4.13644 1.52063 -2.79022</i>
                        <i>-0.393816 0.916111 0.0751596 -0.0377063 0.0655977 -0.997133 -0.918416 -0.395521 0.00870981 4.14339 1.56307 -2.7928</i>
                        <i>-0.340166 0.936928 0.080329 -0.0407158 0.0706685 -0.996669 -0.939484 -0.342303 0.0141088 4.15414 1.55188 -2.7977</i>
                        <i>-0.246111 0.965092 0.0895965 -0.0435208 0.081343 -0.995736 -0.968264 -0.248961 0.0219821 4.16742 1.52621 -2.80332</i>
                        <i>-0.145707 0.984451 0.098106 -0.044206 0.0925868 -0.994723 -0.98834 -0.149275 0.0300281 4.17955 1.49861 -2.8089</i>
                        <i>-0.0762678 0.991688 0.103629 -0.0425635 0.100599 -0.994016 -0.996179 -0.0802223 0.0345372 4.1874 1.48223 -2.81355</i>
                        <i>-0.0450716 0.993155 0.107762 -0.0388301 0.106048 -0.993603 -0.998229 -0.0489677 0.0337845 4.1902 1.48039 -2.81718</i>
                        <i>-0.0319881 0.993187 0.112052 -0.0342597 0.110954 -0.993235 -0.998901 -0.0356106 0.030477 4.18989 1.48511 -2.82037</i>
                        <i>-0.0324909 0.992738 0.115824 -0.0301679 0.114859 -0.992924 -0.999017 -0.0357551 0.026217 4.18776 1.49278 -2.8232</i>
                        <i>-0.0403546 0.992147 0.118391 -0.0272027 0.117352 -0.992718 -0.998815 -0.0432813 0.0222534 4.18539 1.50015 -2.82569</i>
                        <i>-0.0479024 0.991724 0.119118 -0.0256891 0.117992 -0.992682 -0.998522 -0.0506119 0.0198244 4.18472 1.50441 -2.82781</i>
                        <i>-0.0548077 0.991583 0.117297 -0.0255969 0.116039 -0.992915 -0.998169 -0.0574218 0.0190216 4.18672 1.50551 -2.82937</i>
                        <i>-0.0651065 0.991419 0.113354 -0.0263912 0.111845 -0.993375 -0.997529 -0.0676667 0.0188829 4.19025 1.50552 -2.83036</i>
                        <i>-0.0775587 0.99108 0.108377 -0.0277215 0.106519 -0.993924 -0.996602 -0.0800919 0.0192128 4.19419 1.50498 -2.831</i>
                        <i>-0.0906394 0.990486 0.103551 -0.0291193 0.101299 -0.99443 -0.995458 -0.0931498 0.0196606 4.19741 1.50443 -2.83154</i>
                        <i>-0.102151 0.989707 0.100225 -0.0298829 0.097654 -0.994772 -0.99432 -0.104612 0.0195999 4.19879 1.50441 -2.83218</i>
                        <i>-0.112783 0.988729 0.0984623 -0.0298332 0.0956803 -0.994965 -0.993172 -0.115153 0.0187058 4.19831 1.50502 -2.83265</i>
                        <i>-0.124149 0.987481 0.0973008 -0.0294222 0.0943528 -0.995104 -0.991827 -0.126404 0.0173401 4.19694 1.5059 -2.83266</i>
                        <i>-0.135102 0.986107 0.0966492 -0.0287925 0.0935951 -0.995194 -0.990413 -0.137236 0.0157476 4.1951 1.50686 -2.83236</i>
                        <i>-0.144519 0.984793 0.096417 -0.0280974 0.0933165 -0.99524 -0.989103 -0.14654 0.0141841 4.19316 1.50777 -2.83193</i>
                        <i>-0.15128 0.983768 0.0965169 -0.0274878 0.0934162 -0.995248 -0.988109 -0.153214 0.0129097 4.19155 1.50849 -2.83154</i>
                        <i>-0.154262 0.983271 0.0968632 -0.0271047 0.0937884 -0.995223 -0.987658 -0.15615 0.0121833 4.19067 1.50888 -2.83135</i>
                        <i>-0.154486 0.983182 0.0973989 -0.0268852 0.0943625 -0.995175 -0.987629 -0.156359 0.0118554 4.19034 1.50905 -2.83132</i>
                        <i>-0.153814 0.983218 0.0981043 -0.0266803 0.0951169 -0.995108 -0.98774 -0.155679 0.0116023 4.1901 1.50917 -2.8313</i>
                        <i>-0.15237 0.983358 0.0989494 -0.0264901 0.096019 -0.995027 -0.987968 -0.154234 0.0114188 4.18993 1.50926 -2.83128</i>
                        <i>-0.15028 0.983583 0.0999044 -0.0263141 0.0970367 -0.994933 -0.988293 -0.152148 0.0112994 4.18983 1.50931 -2.83127</i>
                        <i>-0.147667 0.983873 0.10094 -0.0261518 0.0981387 -0.994829 -0.988691 -0.149543 0.0112382 4.18979 1.50933 -2.83127</i>
                        <i>-0.144654 0.984208 0.102026 -0.0260022 0.0992939 -0.994718 -0.989141 -0.146543 0.0112283 4.18979 1.50933 -2.83127</i>
                        <i>-0.141362 0.984571 0.103135 -0.0258648 0.100472 -0.994604 -0.98962 -0.143266 0.0112628 4.18984 1.5093 -2.83127</i>
                        <i>-0.137912 0.984944 0.104238 -0.025739 0.101644 -0.994488 -0.99011 -0.139835 0.0113335 4.18992 1.50926 -2.83128</i>
                        <i>-0.134425 0.985312 0.105309 -0.0256247 0.102781 -0.994374 -0.990592 -0.136367 0.011432 4.19003 1.50921 -2.83129</i>
                        <i>-0.131019 0.985662 0.106319 -0.0255221 0.103855 -0.994265 -0.991051 -0.132981 0.0115492 4.19015 1.50915 -2.8313</i>
                        <i>-0.127813 0.985983 0.107244 -0.0254317 0.104837 -0.994164 -0.991472 -0.129794 0.0116757 4.19027 1.50909 -2.83131</i>
                        <i>-0.124925 0.986264 0.108058 -0.0253546 0.105702 -0.994075 -0.991842 -0.126925 0.0118016 4.19039 1.50902 -2.83132</i>
                        <i>-0.122474 0.986497 0.108734 -0.025292 0.106421 -0.993999 -0.992149 -0.124489 0.0119167 4.1905 1.50897 -2.83133</i>
                        <i>-0.120576 0.986674 0.109249 -0.0252454 0.106969 -0.993942 -0.992383 -0.122603 0.0120111 4.19059 1.50892 -2.83134</i>
                        <i>-0.11935 0.986787 0.109577 -0.0252163 0.107317 -0.993905 -0.992532 -0.121386 0.0120747 4.19065 1.50889 -2.83135</i>
                        <i>-0.118915 0.986827 0.109692 -0.0252062 0.10744 -0.993892 -0.992584 -0.120954 0.012098 4.19067 1.50888 -2.83135</i>
                        <i>-0.118915 0.986827 0.109692 -0.0252062 0.10744 -0.993892 -0.992584 -0.120954 0.012098 4.19067 1.50888 -2.83135</i>
                        <i>-0.118915 0.986827 0.109692 -0.0252062 0.10744 -0.993892 -0.992584 -0.120954 0.012098 4.19067 1.50888 -2.83135</i>
                        <i>-0.118915 0.986827 0.109692 -0.0252062 0.10744 -0.993892 -0.992584 -0.120954 0.012098 4.19067 1.50888 -2.83135</i>
                        <i>-0.118915 0.986827 0.109692 -0.0252062 0.10744 -0.993892 -0.992584 -0.120954 0.012098 4.19067 1.50888 -2.83135</i>
                        <i>-0.118915 0.986827 0.109692 -0.0252062 0.10744 -0.993892 -0.992584 -0.120954 0.012098 4.19067 1.50888 -2.83135</i>
                        <i>-0.118915 0.986827 0.109692 -0.0252062 0.10744 -0.993892 -0.992584 -0.120954 0.012098 4.19067 1.50888 -2.83135</i>
                        <i>-0.118915 0.986827 0.109692 -0.0252062 0.10744 -0.993892 -0.992584 -0.120954 0.012098 4.19067 1.50888 -2.83135</i>
                        <i>-0.118915 0.986827 0.109692 -0.0252062 0.10744 -0.993892 -0.992584 -0.120954 0.012098 4.19067 1.50888 -2.83135</i>
                        <i>-0.118915 0.986827 0.109692 -0.0252062 0.10744 -0.993892 -0.992584 -0.120954 0.012098 4.19067 1.50888 -2.83135</i>
                        <i>-0.118915 0.986827 0.109692 -0.0252062 0.10744 -0.993892 -0.992584 -0.120954 0.012098 4.19067 1.50888 -2.83135</i>
                    </KeyFrames>
                </p>
            </i>
            <i>
                <p>
                    <Name><![CDATA[spine1]]></Name>
                    <Exclude>0</Exclude>
                    <Additive>0</Additive>
                    <IKPriority>0</IKPriority>
                    <IKRotLimits>-1e+010 -1e+010 -1e+010 1e+010 1e+010 1e+010</IKRotLimits>
                    <IKRotLimitOrder>0</IKRotLimitOrder>
                    <KeyFrames count="75">
                        <i>-0.433446 0.777525 0.455608 -0.724509 0 -0.689266 -0.535922 -0.628852 0.563324 1.5692 2.72927 -2.39916</i>
                        <i>-0.619679 0.78275 -0.0574443 -0.0607167 -0.120782 -0.99082 -0.782503 -0.610503 0.122372 1.5583 2.61145 -2.70278</i>
                        <i>-0.562745 0.737678 -0.373027 0.434166 -0.120246 -0.892771 -0.703433 -0.664358 -0.252607 1.63927 2.49852 -2.92404</i>
                        <i>-0.656845 0.634373 -0.407584 0.471551 -0.0762059 -0.87854 -0.588383 -0.769262 -0.249084 1.88883 2.53572 -2.99428</i>
                        <i>-0.812477 0.48328 -0.326071 0.375283 0.00553776 -0.926894 -0.446143 -0.875448 -0.185866 2.19256 2.60954 -3.0073</i>
                        <i>-0.927715 0.338712 -0.156906 0.221133 0.160022 -0.962026 -0.300742 -0.927182 -0.223355 2.49494 2.69118 -2.99365</i>
                        <i>-0.964173 0.264472 -0.0205901 0.110394 0.329455 -0.937695 -0.241211 -0.906374 -0.346848 2.74741 2.75391 -2.98334</i>
                        <i>-0.950246 0.306813 0.0538306 0.0830419 0.41607 -0.905533 -0.300226 -0.856009 -0.420848 2.93756 2.7893 -2.96179</i>
                        <i>-0.897147 0.422878 0.127677 0.0826219 0.444577 -0.891922 -0.433936 -0.789637 -0.43379 3.09258 2.79549 -2.90801</i>
                        <i>-0.814441 0.545041 0.199037 0.0856339 0.452169 -0.887812 -0.573892 -0.706026 -0.414939 3.22651 2.74792 -2.84527</i>
                        <i>-0.742354 0.618971 0.256489 0.0821345 0.463998 -0.88202 -0.664955 -0.633704 -0.39529 3.35481 2.69398 -2.79628</i>
                        <i>-0.717707 0.633758 0.288526 0.0704305 0.478285 -0.875376 -0.692775 -0.607942 -0.387904 3.47589 2.65283 -2.76643</i>
                        <i>-0.720516 0.624526 0.301371 0.0554991 0.485145 -0.872671 -0.691214 -0.612047 -0.384215 3.58358 2.6008 -2.74318</i>
                        <i>-0.722886 0.61811 0.30883 0.0439368 0.487169 -0.872202 -0.689569 -0.616934 -0.379325 3.68796 2.54787 -2.72236</i>
                        <i>-0.695756 0.639939 0.326193 0.0412099 0.488947 -0.871339 -0.717095 -0.592797 -0.36656 3.79905 2.50401 -2.70015</i>
                        <i>-0.630384 0.687759 0.360005 0.0476687 0.497175 -0.86634 -0.774819 -0.528966 -0.346196 3.92671 2.49021 -2.67424</i>
                        <i>-0.538116 0.743946 0.396202 0.067116 0.50639 -0.859689 -0.840194 -0.436021 -0.322427 4.03576 2.4807 -2.65176</i>
                        <i>-0.466816 0.778736 0.41911 0.0883449 0.51261 -0.854064 -0.879931 -0.361665 -0.308092 4.07617 2.46224 -2.6336</i>
                        <i>-0.454523 0.788993 0.4134 0.10234 0.507295 -0.855674 -0.884837 -0.346616 -0.311322 4.08186 2.40614 -2.63033</i>
                        <i>-0.479491 0.791703 0.378543 0.11132 0.482755 -0.868651 -0.870458 -0.374371 -0.319609 4.08928 2.28829 -2.64615</i>
                        <i>-0.533235 0.78132 0.324344 0.11355 0.446035 -0.887783 -0.838312 -0.436568 -0.326561 4.09022 2.1498 -2.66762</i>
                        <i>-0.603018 0.75614 0.254207 0.113738 0.396903 -0.910786 -0.789578 -0.520307 -0.325342 4.08674 2.00422 -2.69238</i>
                        <i>-0.676024 0.715795 0.17501 0.116662 0.338471 -0.933717 -0.727586 -0.610798 -0.312321 4.08088 1.86518 -2.71779</i>
                        <i>-0.740438 0.664996 0.0976345 0.12474 0.2787 -0.952243 -0.660448 -0.692898 -0.289312 4.0747 1.74799 -2.74092</i>
                        <i>-0.787413 0.615407 0.0354337 0.136224 0.229784 -0.963661 -0.601185 -0.753972 -0.264768 4.07023 1.67131 -2.75874</i>
                        <i>-0.826416 0.563052 -0.00306468 0.144033 0.206136 -0.967865 -0.544327 -0.8003 -0.251452 4.06525 1.63557 -2.76891</i>
                        <i>-0.861513 0.507257 -0.0220435 0.145434 0.204939 -0.96791 -0.486461 -0.837073 -0.25033 4.05905 1.64049 -2.77322</i>
                        <i>-0.882863 0.468818 -0.0276113 0.143437 0.213197 -0.966423 -0.44719 -0.857179 -0.25547 4.05655 1.70678 -2.77494</i>
                        <i>-0.883981 0.466799 -0.0260167 0.142832 0.216658 -0.965742 -0.44517 -0.857414 -0.258195 4.06309 1.75037 -2.77745</i>
                        <i>-0.853732 0.520539 -0.0134635 0.144855 0.212581 -0.966347 -0.500159 -0.826951 -0.25689 4.08504 1.74277 -2.78134</i>
                        <i>-0.791769 0.610727 0.0106854 0.147306 0.207891 -0.966996 -0.592793 -0.764064 -0.254566 4.11793 1.72105 -2.78524</i>
                        <i>-0.713561 0.699661 0.0361304 0.149573 0.202521 -0.967788 -0.68444 -0.685172 -0.249161 4.15069 1.69474 -2.78937</i>
                        <i>-0.64878 0.759052 0.05408 0.150221 0.197417 -0.968742 -0.746002 -0.620376 -0.242106 4.17259 1.67678 -2.79323</i>
                        <i>-0.60621 0.79262 0.0652985 0.148681 0.193605 -0.969748 -0.781283 -0.578162 -0.235213 4.18165 1.67152 -2.79644</i>
                        <i>-0.56835 0.819313 0.0755264 0.146058 0.190801 -0.970702 -0.809719 -0.540667 -0.228109 4.18398 1.67182 -2.79931</i>
                        <i>-0.535231 0.840509 0.0840959 0.143289 0.188455 -0.971573 -0.832464 -0.507966 -0.221302 4.18187 1.67504 -2.80193</i>
                        <i>-0.509269 0.855919 0.0897053 0.141088 0.185859 -0.972394 -0.848964 -0.482554 -0.215412 4.17818 1.6787 -2.80438</i>
                        <i>-0.495022 0.864142 0.0906211 0.139911 0.182211 -0.973254 -0.857542 -0.469103 -0.211101 4.17624 1.68062 -2.80665</i>
                        <i>-0.502056 0.860754 0.0839187 0.139803 0.176534 -0.974316 -0.85346 -0.477429 -0.208966 4.17705 1.68099 -2.80861</i>
                        <i>-0.52931 0.845499 0.0704449 0.140392 0.169169 -0.975537 -0.836733 -0.506471 -0.208244 4.17874 1.68137 -2.81025</i>
                        <i>-0.565329 0.823086 0.0541504 0.1413 0.16131 -0.976736 -0.812673 -0.544526 -0.207495 4.1804 1.68176 -2.81167</i>
                        <i>-0.599413 0.799493 0.038922 0.14221 0.154221 -0.977749 -0.787706 -0.58054 -0.206138 4.1812 1.68216 -2.81296</i>
                        <i>-0.622567 0.782051 0.0283998 0.142874 0.149268 -0.97842 -0.769414 -0.605074 -0.204664 4.18046 1.68256 -2.81414</i>
                        <i>-0.636469 0.770982 0.022235 0.143307 0.146532 -0.97877 -0.757872 -0.619771 -0.20375 4.17806 1.683 -2.81493</i>
                        <i>-0.648007 0.761429 0.0176621 0.14368 0.144985 -0.978946 -0.747959 -0.631826 -0.203354 4.17467 1.68349 -2.81516</i>
                        <i>-0.656998 0.753752 0.0145542 0.143978 0.1444 -0.978989 -0.740016 -0.641098 -0.203394 4.17088 1.68396 -2.81501</i>
                        <i>-0.663254 0.748285 0.0128004 0.144174 0.144537 -0.97894 -0.734376 -0.64744 -0.203748 4.1673 1.68434 -2.81465</i>
                        <i>-0.666582 0.74533 0.0122928 0.144246 0.14515 -0.978838 -0.731342 -0.650703 -0.204266 4.16452 1.68461 -2.81426</i>
                        <i>-0.66678 0.745143 0.012917 0.144186 0.145989 -0.978723 -0.731174 -0.65073 -0.204781 4.16313 1.68473 -2.81403</i>
                        <i>-0.66467 0.746998 0.0143897 0.144024 0.147002 -0.978595 -0.733124 -0.64837 -0.205293 4.16278 1.68477 -2.81391</i>
                        <i>-0.661337 0.749908 0.0164486 0.143795 0.148272 -0.978437 -0.736177 -0.644711 -0.205891 4.16267 1.68477 -2.81378</i>
                        <i>-0.656953 0.753692 0.0190009 0.143513 0.149755 -0.978252 -0.740146 -0.639939 -0.206546 4.16278 1.68476 -2.81362</i>
                        <i>-0.65169 0.758167 0.021953 0.143191 0.151401 -0.978046 -0.744846 -0.63424 -0.20723 4.16307 1.68473 -2.81345</i>
                        <i>-0.645724 0.763155 0.0252109 0.142845 0.153167 -0.977822 -0.750091 -0.627801 -0.207916 4.16351 1.68468 -2.81328</i>
                        <i>-0.639231 0.76848 0.02868 0.142486 0.155006 -0.977584 -0.755699 -0.620816 -0.208583 4.16407 1.68462 -2.8131</i>
                        <i>-0.632397 0.773972 0.0322655 0.142128 0.156874 -0.977338 -0.761494 -0.61348 -0.20921 4.16472 1.68454 -2.81292</i>
                        <i>-0.625411 0.779471 0.0358724 0.141781 0.158726 -0.97709 -0.767306 -0.605997 -0.209783 4.16543 1.68446 -2.81274</i>
                        <i>-0.618468 0.784822 0.0394059 0.141455 0.160519 -0.976844 -0.772974 -0.598572 -0.210292 4.16617 1.68437 -2.81257</i>
                        <i>-0.611768 0.78988 0.0427715 0.141156 0.162209 -0.976608 -0.778341 -0.59142 -0.210731 4.1669 1.68428 -2.81241</i>
                        <i>-0.605518 0.794508 0.0458752 0.140892 0.163755 -0.976388 -0.783261 -0.584757 -0.211097 4.16761 1.6842 -2.81227</i>
                        <i>-0.599928 0.798575 0.048623 0.140668 0.165114 -0.976192 -0.787591 -0.578805 -0.21139 4.16825 1.68411 -2.81214</i>
                        <i>-0.59521 0.801955 0.0509218 0.140487 0.166244 -0.976026 -0.791195 -0.573786 -0.211614 4.1688 1.68404 -2.81204</i>
                        <i>-0.591578 0.804525 0.0526787 0.140353 0.167103 -0.975898 -0.793938 -0.569926 -0.211772 4.16924 1.68398 -2.81196</i>
                        <i>-0.589244 0.806162 0.0538008 0.14027 0.16765 -0.975817 -0.795685 -0.567448 -0.211867 4.16952 1.68395 -2.81191</i>
                        <i>-0.588421 0.806737 0.0541955 0.140241 0.167841 -0.975788 -0.7963 -0.566573 -0.211899 4.16962 1.68393 -2.81189</i>
                        <i>-0.588421 0.806737 0.0541955 0.140241 0.167841 -0.975788 -0.7963 -0.566573 -0.211899 4.16962 1.68393 -2.81189</i>
                        <i>-0.588421 0.806737 0.0541955 0.140241 0.167841 -0.975788 -0.7963 -0.566573 -0.211899 4.16962 1.68393 -2.81189</i>
                        <i>-0.588421 0.806737 0.0541955 0.140241 0.167841 -0.975788 -0.7963 -0.566573 -0.211899 4.16962 1.68393 -2.81189</i>
                        <i>-0.588421 0.806737 0.0541955 0.140241 0.167841 -0.975788 -0.7963 -0.566573 -0.211899 4.16962 1.68393 -2.81189</i>
                        <i>-0.588421 0.806737 0.0541955 0.140241 0.167841 -0.975788 -0.7963 -0.566573 -0.211899 4.16962 1.68393 -2.81189</i>
                        <i>-0.588421 0.806737 0.0541955 0.140241 0.167841 -0.975788 -0.7963 -0.566573 -0.211899 4.16962 1.68393 -2.81189</i>
                        <i>-0.588421 0.806737 0.0541955 0.140241 0.167841 -0.975788 -0.7963 -0.566573 -0.211899 4.16962 1.68393 -2.81189</i>
                        <i>-0.588421 0.806737 0.0541955 0.140241 0.167841 -0.975788 -0.7963 -0.566573 -0.211899 4.16962 1.68393 -2.81189</i>
                        <i>-0.588421 0.806737 0.0541955 0.140241 0.167841 -0.975788 -0.7963 -0.566573 -0.211899 4.16962 1.68393 -2.81189</i>
                        <i>-0.588421 0.806737 0.0541955 0.140241 0.167841 -0.975788 -0.7963 -0.566573 -0.211899 4.16962 1.68393 -2.81189</i>
                    </KeyFrames>
                </p>
            </i>
            <i>
                <p>
                    <Name><![CDATA[spine2]]></Name>
                    <Exclude>0</Exclude>
                    <Additive>0</Additive>
                    <IKPriority>0</IKPriority>
                    <IKRotLimits>-1e+010 -1e+010 -1e+010 1e+010 1e+010 1e+010</IKRotLimits>
                    <IKRotLimitOrder>0</IKRotLimitOrder>
                    <KeyFrames count="75">
                        <i>-0.505483 0.679836 0.531328 -0.724509 0 -0.689266 -0.468588 -0.733364 0.492547 1.49809 2.85654 -2.32441</i>
                        <i>-0.71379 0.69729 -0.065505 0.0510725 -0.0414578 -0.997834 -0.698495 -0.715589 -0.00602016 1.45751 2.73848 -2.71223</i>
                        <i>-0.636204 0.642681 -0.426855 0.580319 0.0340442 -0.813677 -0.508403 -0.765377 -0.394619 1.54804 2.61793 -2.98474</i>
                        <i>-0.748961 0.487003 -0.449317 0.565623 0.116675 -0.816368 -0.34515 -0.865572 -0.362845 1.78059 2.63995 -3.06169</i>
                        <i>-0.903397 0.271629 -0.331801 0.386835 0.182377 -0.903934 -0.185022 -0.944963 -0.269835 2.05546 2.69059 -3.06258</i>
                        <i>-0.988081 0.0754687 -0.134163 0.148753 0.243936 -0.958315 -0.0395955 -0.96685 -0.252255 2.33546 2.74877 -3.02098</i>
                        <i>-0.999597 -0.0277987 0.00580916 -0.0139989 0.304338 -0.952461 0.0247092 -0.952158 -0.304604 2.58037 2.79908 -2.98739</i>
                        <i>-0.996876 0.015993 0.0773458 -0.0662349 0.364173 -0.928973 -0.0430243 -0.931194 -0.361976 2.7729 2.84185 -2.95301</i>
                        <i>-0.97574 0.155621 0.153993 -0.0741728 0.426804 -0.901297 -0.205986 -0.890854 -0.404907 2.93772 2.8679 -2.8865</i>
                        <i>-0.921793 0.30924 0.233812 -0.0601382 0.481744 -0.874246 -0.382989 -0.819935 -0.425471 3.0869 2.84081 -2.81164</i>
                        <i>-0.86399 0.405372 0.298655 -0.0493166 0.522165 -0.851417 -0.501089 -0.750344 -0.431154 3.22828 2.79894 -2.75303</i>
                        <i>-0.844593 0.42225 0.329192 -0.0534039 0.545339 -0.836513 -0.532739 -0.724093 -0.438039 3.35418 2.75979 -2.71797</i>
                        <i>-0.850464 0.406034 0.334436 -0.0606454 0.55585 -0.829068 -0.522526 -0.725374 -0.448106 3.46209 2.7056 -2.69284</i>
                        <i>-0.853664 0.39854 0.335297 -0.062108 0.56129 -0.825285 -0.517108 -0.725341 -0.4544 3.56623 2.65145 -2.67083</i>
                        <i>-0.824792 0.440349 0.354699 -0.0495458 0.568604 -0.821118 -0.563262 -0.694825 -0.447163 3.68097 2.6121 -2.64527</i>
                        <i>-0.736266 0.541324 0.406055 -0.0222706 0.580349 -0.814063 -0.676326 -0.60841 -0.415236 3.81726 2.60905 -2.61225</i>
                        <i>-0.585381 0.662237 0.46773 0.0201591 0.588614 -0.808163 -0.810508 -0.463654 -0.357914 3.93975 2.61276 -2.58165</i>
                        <i>-0.438616 0.740767 0.508803 0.0603605 0.589175 -0.805748 -0.896645 -0.322702 -0.303134 3.99142 2.60285 -2.55816</i>
                        <i>-0.383643 0.772099 0.506638 0.0879279 0.576665 -0.812235 -0.919286 -0.26706 -0.289122 3.9988 2.54952 -2.55545</i>
                        <i>-0.415629 0.783695 0.4616 0.110837 0.547371 -0.829518 -0.902756 -0.293609 -0.314366 4.00149 2.43247 -2.57746</i>
                        <i>-0.498524 0.77479 0.388813 0.128533 0.509629 -0.85074 -0.857294 -0.374138 -0.353648 3.99262 2.29206 -2.60883</i>
                        <i>-0.605964 0.739275 0.293735 0.14476 0.465561 -0.873096 -0.78221 -0.486544 -0.389131 3.97669 2.14152 -2.6465</i>
                        <i>-0.712442 0.676183 0.187627 0.162348 0.418948 -0.893379 -0.682693 -0.606019 -0.408253 3.95812 1.99451 -2.68645</i>
                        <i>-0.798079 0.596262 0.0868438 0.181802 0.375691 -0.908738 -0.574472 -0.709456 -0.408233 3.94087 1.86754 -2.72367</i>
                        <i>-0.852694 0.52234 0.0085236 0.200739 0.342673 -0.917758 -0.482303 -0.780856 -0.397049 3.9281 1.78176 -2.75271</i>
                        <i>-0.888823 0.456607 -0.0387805 0.208929 0.328466 -0.921118 -0.40785 -0.826813 -0.387347 3.91499 1.73729 -2.76982</i>
                        <i>-0.916583 0.395011 -0.0619851 0.204415 0.329694 -0.921692 -0.343642 -0.857478 -0.382938 3.90021 1.73332 -2.77766</i>
                        <i>-0.932098 0.355551 -0.0691121 0.196222 0.335295 -0.921452 -0.304451 -0.872445 -0.382295 3.89159 1.79366 -2.78049</i>
                        <i>-0.932603 0.354505 -0.0676523 0.194473 0.335717 -0.921669 -0.304025 -0.872708 -0.382033 3.89692 1.83738 -2.78274</i>
                        <i>-0.909052 0.413299 -0.0529961 0.202817 0.327779 -0.922728 -0.363991 -0.849556 -0.381792 3.92505 1.83958 -2.78427</i>
                        <i>-0.857552 0.513836 -0.0240375 0.215296 0.316087 -0.923979 -0.467176 -0.797535 -0.381688 3.97082 1.83376 -2.78366</i>
                        <i>-0.789191 0.614106 0.0071584 0.228007 0.303796 -0.925052 -0.570254 -0.72841 -0.379774 4.01976 1.82233 -2.78312</i>
                        <i>-0.731868 0.680798 0.0297152 0.237083 0.295265 -0.925532 -0.638874 -0.670323 -0.377501 4.05532 1.8132 -2.78382</i>
                        <i>-0.696007 0.71667 0.0442476 0.242244 0.292376 -0.925113 -0.675938 -0.633166 -0.377105 4.07415 1.81135 -2.78522</i>
                        <i>-0.666387 0.743377 0.057603 0.246057 0.292185 -0.924167 -0.703835 -0.601679 -0.377621 4.08554 1.81308 -2.78655</i>
                        <i>-0.642922 0.762839 0.0687616 0.248745 0.292862 -0.923232 -0.724415 -0.576462 -0.378039 4.09135 1.81665 -2.788</i>
                        <i>-0.626899 0.77538 0.0760462 0.250449 0.292987 -0.922732 -0.737748 -0.559414 -0.377866 4.09378 1.82012 -2.78978</i>
                        <i>-0.621084 0.779924 0.0772882 0.2513 0.291581 -0.922946 -0.742363 -0.553804 -0.377091 4.09527 1.82163 -2.79207</i>
                        <i>-0.633672 0.770535 0.06882 0.250766 0.28875 -0.92398 -0.731831 -0.568243 -0.376197 4.09527 1.82088 -2.79518</i>
                        <i>-0.663533 0.746347 0.0518703 0.248776 0.285495 -0.925529 -0.705574 -0.601215 -0.375108 4.09233 1.81905 -2.79899</i>
                        <i>-0.699571 0.713863 0.031622 0.2461 0.282247 -0.927239 -0.670847 -0.640887 -0.373133 4.0876 1.8165 -2.80303</i>
                        <i>-0.732253 0.68091 0.0129559 0.243472 0.279503 -0.928762 -0.636024 -0.676935 -0.370449 4.08222 1.81378 -2.80678</i>
                        <i>-0.754404 0.65641 0.000208251 0.241573 0.277932 -0.929729 -0.610341 -0.701341 -0.368244 4.07734 1.81167 -2.80969</i>
