<?xml version="1.0" encoding="ISO-8859-1" ?>
<Animl Version="1">
    <ModellingPackage><![CDATA[Maya.2010]]></ModellingPackage>
    <SrcFile><![CDATA[anims\turrets\artillery\red\~src\artillery_2a36\artillery_2a36_fire_crewman_c.mb]]></SrcFile>
    <FramesPerSecond>30</FramesPerSecond>
    <TotalFrames>75</TotalFrames>
    <Skeleton>
        <RefFrame>
            <Name><![CDATA[soldier_ref_frame]]></Name>
            <Exclude>0</Exclude>
            <Additive>0</Additive>
            <IKPriority>0</IKPriority>
            <IKRotLimits>-1e+010 -1e+010 -1e+010 1e+010 1e+010 1e+010</IKRotLimits>
            <IKRotLimitOrder>0</IKRotLimitOrder>
            <KeyFrames count="75">
                <i>1 0 0 0 1 0 0 0 1 -1.27519 1.34084 -2.39908</i>
                <i>1 0 0 0 1 0 0 0 1 -1.27519 1.34084 -2.39908</i>
                <i>1 0 0 0 1 0 0 0 1 -1.27519 1.34084 -2.39908</i>
                <i>1 0 0 0 1 0 0 0 1 -1.27519 1.34084 -2.39908</i>
                <i>1 0 0 0 1 0 0 0 1 -1.27519 1.34084 -2.39908</i>
                <i>1 0 0 0 1 0 0 0 1 -1.27519 1.34084 -2.39908</i>
                <i>1 0 0 0 1 0 0 0 1 -1.27519 1.34084 -2.39908</i>
                <i>1 0 0 0 1 0 0 0 1 -1.27519 1.34084 -2.39908</i>
                <i>1 0 0 0 1 0 0 0 1 -1.27519 1.34084 -2.39908</i>
                <i>1 0 0 0 1 0 0 0 1 -1.27519 1.34084 -2.39908</i>
                <i>1 0 0 0 1 0 0 0 1 -1.27519 1.34084 -2.39908</i>
                <i>1 0 0 0 1 0 0 0 1 -1.27519 1.34084 -2.39908</i>
                <i>1 0 0 0 1 0 0 0 1 -1.27519 1.34084 -2.39908</i>
                <i>1 0 0 0 1 0 0 0 1 -1.27519 1.34084 -2.39908</i>
                <i>1 0 0 0 1 0 0 0 1 -1.27519 1.34084 -2.39908</i>
                <i>1 0 0 0 1 0 0 0 1 -1.27519 1.34084 -2.39908</i>
                <i>1 0 0 0 1 0 0 0 1 -1.27519 1.34084 -2.39908</i>
                <i>1 0 0 0 1 0 0 0 1 -1.27519 1.34084 -2.39908</i>
                <i>1 0 0 0 1 0 0 0 1 -1.27519 1.34084 -2.39908</i>
                <i>1 0 0 0 1 0 0 0 1 -1.27519 1.34084 -2.39908</i>
                <i>1 0 0 0 1 0 0 0 1 -1.27519 1.34084 -2.39908</i>
                <i>1 0 0 0 1 0 0 0 1 -1.27519 1.34084 -2.39908</i>
                <i>1 0 0 0 1 0 0 0 1 -1.27519 1.34084 -2.39908</i>
                <i>1 0 0 0 1 0 0 0 1 -1.27519 1.34084 -2.39908</i>
                <i>1 0 0 0 1 0 0 0 1 -1.27519 1.34084 -2.39908</i>
                <i>1 0 0 0 1 0 0 0 1 -1.27519 1.34084 -2.39908</i>
                <i>1 0 0 0 1 0 0 0 1 -1.27519 1.34084 -2.39908</i>
                <i>1 0 0 0 1 0 0 0 1 -1.27519 1.34084 -2.39908</i>
                <i>1 0 0 0 1 0 0 0 1 -1.27519 1.34084 -2.39908</i>
                <i>1 0 0 0 1 0 0 0 1 -1.27519 1.34084 -2.39908</i>
                <i>1 0 0 0 1 0 0 0 1 -1.27519 1.34084 -2.39908</i>
                <i>1 0 0 0 1 0 0 0 1 -1.27519 1.34084 -2.39908</i>
                <i>1 0 0 0 1 0 0 0 1 -1.27519 1.34084 -2.39908</i>
                <i>1 0 0 0 1 0 0 0 1 -1.27519 1.34084 -2.39908</i>
                <i>1 0 0 0 1 0 0 0 1 -1.27519 1.34084 -2.39908</i>
                <i>1 0 0 0 1 0 0 0 1 -1.27519 1.34084 -2.39908</i>
                <i>1 0 0 0 1 0 0 0 1 -1.27519 1.34084 -2.39908</i>
                <i>1 0 0 0 1 0 0 0 1 -1.27519 1.34084 -2.39908</i>
                <i>1 0 0 0 1 0 0 0 1 -1.27519 1.34084 -2.39908</i>
                <i>1 0 0 0 1 0 0 0 1 -1.27519 1.34084 -2.39908</i>
                <i>1 0 0 0 1 0 0 0 1 -1.27519 1.34084 -2.39908</i>
                <i>1 0 0 0 1 0 0 0 1 -1.27519 1.34084 -2.39908</i>
                <i>1 0 0 0 1 0 0 0 1 -1.27519 1.34084 -2.39908</i>
                <i>1 0 0 0 1 0 0 0 1 -1.27519 1.34084 -2.39908</i>
                <i>1 0 0 0 1 0 0 0 1 -1.27519 1.34084 -2.39908</i>
                <i>1 0 0 0 1 0 0 0 1 -1.27519 1.34084 -2.39908</i>
                <i>1 0 0 0 1 0 0 0 1 -1.27519 1.34084 -2.39908</i>
                <i>1 0 0 0 1 0 0 0 1 -1.27519 1.34084 -2.39908</i>
                <i>1 0 0 0 1 0 0 0 1 -1.27519 1.34084 -2.39908</i>
                <i>1 0 0 0 1 0 0 0 1 -1.27519 1.34084 -2.39908</i>
                <i>1 0 0 0 1 0 0 0 1 -1.27519 1.34084 -2.39908</i>
                <i>1 0 0 0 1 0 0 0 1 -1.27519 1.34084 -2.39908</i>
                <i>1 0 0 0 1 0 0 0 1 -1.27519 1.34084 -2.39908</i>
                <i>1 0 0 0 1 0 0 0 1 -1.27519 1.34084 -2.39908</i>
                <i>1 0 0 0 1 0 0 0 1 -1.27519 1.34084 -2.39908</i>
                <i>1 0 0 0 1 0 0 0 1 -1.27519 1.34084 -2.39908</i>
                <i>1 0 0 0 1 0 0 0 1 -1.27519 1.34084 -2.39908</i>
                <i>1 0 0 0 1 0 0 0 1 -1.27519 1.34084 -2.39908</i>
                <i>1 0 0 0 1 0 0 0 1 -1.27519 1.34084 -2.39908</i>
                <i>1 0 0 0 1 0 0 0 1 -1.27519 1.34084 -2.39908</i>
                <i>1 0 0 0 1 0 0 0 1 -1.27519 1.34084 -2.39908</i>
                <i>1 0 0 0 1 0 0 0 1 -1.27519 1.34084 -2.39908</i>
                <i>1 0 0 0 1 0 0 0 1 -1.27519 1.34084 -2.39908</i>
                <i>1 0 0 0 1 0 0 0 1 -1.27519 1.34084 -2.39908</i>
                <i>1 0 0 0 1 0 0 0 1 -1.27519 1.34084 -2.39908</i>
                <i>1 0 0 0 1 0 0 0 1 -1.27519 1.34084 -2.39908</i>
                <i>1 0 0 0 1 0 0 0 1 -1.27519 1.34084 -2.39908</i>
                <i>1 0 0 0 1 0 0 0 1 -1.27519 1.34084 -2.39908</i>
                <i>1 0 0 0 1 0 0 0 1 -1.27519 1.34084 -2.39908</i>
                <i>1 0 0 0 1 0 0 0 1 -1.27519 1.34084 -2.39908</i>
                <i>1 0 0 0 1 0 0 0 1 -1.27519 1.34084 -2.39908</i>
                <i>1 0 0 0 1 0 0 0 1 -1.27519 1.34084 -2.39908</i>
                <i>1 0 0 0 1 0 0 0 1 -1.27519 1.34084 -2.39908</i>
                <i>1 0 0 0 1 0 0 0 1 -1.27519 1.34084 -2.39908</i>
                <i>1 0 0 0 1 0 0 0 1 -1.27519 1.34084 -2.39908</i>
            </KeyFrames>
        </RefFrame>
        <Bones count="23">
            <i>
                <p>
                    <Name><![CDATA[pelvis]]></Name>
                    <Exclude>0</Exclude>
                    <Additive>0</Additive>
                    <IKPriority>0</IKPriority>
                    <IKRotLimits>-1e+010 -1e+010 -1e+010 1e+010 1e+010 1e+010</IKRotLimits>
                    <IKRotLimitOrder>2</IKRotLimitOrder>
                    <KeyFrames count="75">
                        <i>1 0 0 0 1 0 0 0 1 -1.27519 1.94678 -2.39908</i>
                        <i>1 0 0 0 1 0 0 0 1 -1.27694 2.04158 -2.64505</i>
                        <i>1 0 0 0 1 0 0 0 1 -1.28519 2.11207 -2.87691</i>
                        <i>1 0 0 0 1 0 0 0 1 -1.30312 2.1661 -3.09189</i>
                        <i>1 0 0 0 1 0 0 0 1 -1.32172 2.19272 -3.31421</i>
                        <i>1 0 0 0 1 0 0 0 1 -1.34197 2.1831 -3.53692</i>
                        <i>1 0 0 0 1 0 0 0 1 -1.36453 2.13901 -3.74779</i>
                        <i>1 0 0 0 1 0 0 0 1 -1.39 2.08007 -3.93378</i>
                        <i>1 0 0 0 1 0 0 0 1 -1.41921 2.03446 -4.08474</i>
                        <i>1 0 0 0 1 0 0 0 1 -1.45357 2.00638 -4.20286</i>
                        <i>1 0 0 0 1 0 0 0 1 -1.49289 1.98595 -4.30318</i>
                        <i>1 0 0 0 1 0 0 0 1 -1.53564 1.97201 -4.3958</i>
                        <i>1 0 0 0 1 0 0 0 1 -1.58015 1.96097 -4.48819</i>
                        <i>1 0 0 0 1 0 0 0 1 -1.62478 1.9485 -4.58586</i>
                        <i>1 0 0 0 1 0 0 0 1 -1.66794 1.93 -4.69303</i>
                        <i>1 0 0 0 1 0 0 0 1 -1.70804 1.90056 -4.81273</i>
                        <i>1 0 0 0 1 0 0 0 1 -1.7433 1.85487 -4.94592</i>
                        <i>1 0 0 0 1 0 0 0 1 -1.76556 1.75393 -5.09188</i>
                        <i>1 0 0 0 1 0 0 0 1 -1.76925 1.60463 -5.21472</i>
                        <i>1 0 0 0 1 0 0 0 1 -1.7591 1.47065 -5.28304</i>
                        <i>1 0 0 0 1 0 0 0 1 -1.74455 1.4036 -5.29247</i>
                        <i>1 0 0 0 1 0 0 0 1 -1.73717 1.39281 -5.28177</i>
                        <i>1 0 0 0 1 0 0 0 1 -1.73786 1.39441 -5.28266</i>
                        <i>1 0 0 0 1 0 0 0 1 -1.74201 1.40021 -5.28876</i>
                        <i>1 0 0 0 1 0 0 0 1 -1.74455 1.4036 -5.29247</i>
                        <i>1 0 0 0 1 0 0 0 1 -1.74455 1.4036 -5.2935</i>
                        <i>1 0 0 0 1 0 0 0 1 -1.74455 1.4036 -5.29612</i>
                        <i>1 0 0 0 1 0 0 0 1 -1.74455 1.4036 -5.29965</i>
                        <i>1 0 0 0 1 0 0 0 1 -1.74455 1.4036 -5.30341</i>
                        <i>1 0 0 0 1 0 0 0 1 -1.74455 1.4036 -5.30671</i>
                        <i>1 0 0 0 1 0 0 0 1 -1.74455 1.4036 -5.30888</i>
                        <i>1 0 0 0 1 0 0 0 1 -1.74455 1.4036 -5.30922</i>
                        <i>1 0 0 0 1 0 0 0 1 -1.74455 1.4036 -5.30705</i>
                        <i>1 0 0 0 1 0 0 0 1 -1.74455 1.4036 -5.3017</i>
                        <i>1 0 0 0 1 0 0 0 1 -1.74455 1.4036 -5.29247</i>
                        <i>1 0 0 0 1 0 0 0 1 -1.74536 1.40057 -5.28157</i>
                        <i>1 0 0 0 1 0 0 0 1 -1.74743 1.39282 -5.27091</i>
                        <i>1 0 0 0 1 0 0 0 1 -1.75022 1.38238 -5.25942</i>
                        <i>1 0 0 0 1 0 0 0 1 -1.75318 1.37126 -5.24601</i>
                        <i>1 0 0 0 1 0 0 0 1 -1.75579 1.36148 -5.2296</i>
                        <i>1 0 0 0 1 0 0 0 1 -1.7575 1.35508 -5.2091</i>
                        <i>1 0 0 0 1 0 0 0 1 -1.75777 1.35407 -5.18345</i>
                        <i>1 0 0 0 1 0 0 0 1 -1.75606 1.36047 -5.15154</i>
                        <i>1 0 0 0 1 0 0 0 1 -1.75184 1.37631 -5.11231</i>
                        <i>1 0 0 0 1 0 0 0 1 -1.74455 1.4036 -5.06466</i>
                        <i>1 0 0 0 1 0 0 0 1 -1.72976 1.45791 -4.99198</i>
                        <i>1 0 0 0 1 0 0 0 1 -1.706 1.54442 -4.88818</i>
                        <i>1 0 0 0 1 0 0 0 1 -1.67724 1.64966 -4.76803</i>
                        <i>1 0 0 0 1 0 0 0 1 -1.64747 1.76012 -4.6463</i>
                        <i>1 0 0 0 1 0 0 0 1 -1.62064 1.86232 -4.53772</i>
                        <i>1 0 0 0 1 0 0 0 1 -1.60073 1.94277 -4.45707</i>
                        <i>1 0 0 0 1 0 0 0 1 -1.58684 2.00791 -4.40074</i>
                        <i>1 0 0 0 1 0 0 0 1 -1.57518 2.07159 -4.35428</i>
                        <i>1 0 0 0 1 0 0 0 1 -1.56541 2.1311 -4.31622</i>
                        <i>1 0 0 0 1 0 0 0 1 -1.55718 2.184 -4.28508</i>
                        <i>1 0 0 0 1 0 0 0 1 -1.55016 2.2288 -4.25935</i>
                        <i>1 0 0 0 1 0 0 0 1 -1.54399 2.26511 -4.23757</i>
                        <i>1 0 0 0 1 0 0 0 1 -1.53833 2.2934 -4.21824</i>
                        <i>1 0 0 0 1 0 0 0 1 -1.53283 2.31459 -4.19988</i>
                        <i>1 0 0 0 1 0 0 0 1 -1.52851 2.33149 -4.18712</i>
                        <i>1 0 0 0 1 0 0 0 1 -1.52617 2.34564 -4.18355</i>
                        <i>1 0 0 0 1 0 0 0 1 -1.52514 2.35628 -4.1861</i>
                        <i>1 0 0 0 1 0 0 0 1 -1.52477 2.36349 -4.19171</i>
                        <i>1 0 0 0 1 0 0 0 1 -1.52441 2.36848 -4.19733</i>
                        <i>1 0 0 0 1 0 0 0 1 -1.52338 2.37274 -4.19988</i>
                        <i>1 0 0 0 1 0 0 0 1 -1.52338 2.37274 -4.19988</i>
                        <i>1 0 0 0 1 0 0 0 1 -1.52338 2.37274 -4.19988</i>
                        <i>1 0 0 0 1 0 0 0 1 -1.52338 2.37274 -4.19988</i>
                        <i>1 0 0 0 1 0 0 0 1 -1.52338 2.37274 -4.19988</i>
                        <i>1 0 0 0 1 0 0 0 1 -1.52338 2.37274 -4.19988</i>
                        <i>1 0 0 0 1 0 0 0 1 -1.52338 2.37274 -4.19988</i>
                        <i>1 0 0 0 1 0 0 0 1 -1.52338 2.37274 -4.19988</i>
                        <i>1 0 0 0 1 0 0 0 1 -1.52338 2.37274 -4.19988</i>
                        <i>1 0 0 0 1 0 0 0 1 -1.52338 2.37274 -4.19988</i>
                        <i>1 0 0 0 1 0 0 0 1 -1.52338 2.37274 -4.19988</i>
                    </KeyFrames>
                </p>
            </i>
            <i>
                <p>
                    <Name><![CDATA[spine0]]></Name>
                    <Exclude>0</Exclude>
                    <Additive>0</Additive>
                    <IKPriority>0</IKPriority>
                    <IKRotLimits>-1e+010 -1e+010 -1e+010 1e+010 1e+010 1e+010</IKRotLimits>
                    <IKRotLimitOrder>0</IKRotLimitOrder>
                    <KeyFrames count="75">
                        <i>2.22045e-016 0.98898 0.148052 -1 2.22045e-016 -1.38778e-017 -2.77556e-017 -0.148052 0.98898 -1.27519 2.08243 -2.44698</i>
                        <i>-0.0134445 0.628284 -0.777868 -0.999894 -0.00415421 0.0139266 0.00551843 0.777973 0.628274 -1.27905 2.07261 -2.78551</i>
                        <i>-0.0239964 -0.149818 -0.988422 -0.999638 -0.00840314 0.0255424 -0.0121326 0.988678 -0.149562 -1.28742 2.02635 -2.99242</i>
                        <i>-0.021416 -0.592433 -0.805335 -0.999344 -0.0108578 0.0345625 -0.0292202 0.805547 -0.591811 -1.30259 2.02734 -3.12984</i>
                        <i>-0.0120937 -0.860981 -0.508493 -0.999135 -0.00982801 0.0404037 -0.0397843 0.508541 -0.860118 -1.31709 2.05965 -3.25974</i>
                        <i>0.00188694 -0.981588 -0.190999 -0.999128 -0.00981828 0.0405878 -0.0417158 0.190755 -0.980751 -1.33446 2.09138 -3.42635</i>
                        <i>0.0195426 -0.992143 0.123576 -0.998907 -0.0141256 0.0445605 -0.0424648 -0.124312 -0.991334 -1.3555 2.06889 -3.6225</i>
                        <i>0.0393311 -0.918514 0.393428 -0.998339 -0.0195336 0.0542002 -0.0420985 -0.394906 -0.917757 -1.37975 2.01173 -3.8076</i>
                        <i>0.0618283 -0.798713 0.598527 -0.997394 -0.027105 0.0668609 -0.0371796 -0.601101 -0.798307 -1.40784 1.98048 -3.95188</i>
                        <i>0.0905674 -0.648926 0.755442 -0.995416 -0.0355686 0.0887836 -0.030744 -0.76002 -0.649173 -1.44149 1.98615 -4.06094</i>
                        <i>0.12529 -0.497504 0.858366 -0.991698 -0.0375784 0.122972 -0.0289229 -0.866647 -0.498082 -1.48064 1.99983 -4.16051</i>
                        <i>0.164957 -0.352148 0.921293 -0.985709 -0.0265067 0.166359 -0.0341625 -0.935569 -0.351488 -1.52371 2.01846 -4.26017</i>
                        <i>0.207927 -0.213698 0.954515 -0.976978 0.0022602 0.213326 -0.0477448 -0.976897 -0.208309 -1.56905 2.03685 -4.36648</i>
                        <i>0.251707 -0.0793545 0.964545 -0.96534 0.0504764 0.256067 -0.0690069 -0.995568 -0.0638988 -1.61507 2.0494 -4.48377</i>
                        <i>0.292276 0.0562469 0.954678 -0.951721 0.115035 0.284593 -0.0938143 -0.991768 0.0871535 -1.6602 2.0506 -4.61497</i>
                        <i>0.323193 0.201028 0.924734 -0.939623 0.184331 0.288325 -0.112495 -0.962086 0.248465 -1.7029 2.03497 -4.76171</i>
                        <i>0.335277 0.364165 0.868892 -0.935691 0.236273 0.262027 -0.109875 -0.900865 0.419963 -1.74142 1.99697 -4.92357</i>
                        <i>0.29088 0.577638 0.762708 -0.95586 0.210012 0.205491 -0.0414788 -0.788815 0.613229 -1.76753 1.89764 -5.09822</i>
                        <i>0.191167 0.794924 0.575805 -0.979535 0.116859 0.163876 0.0629811 -0.595349 0.800995 -1.77529 1.74462 -5.24731</i>
                        <i>0.0874534 0.933772 0.347019 -0.987003 0.034075 0.157048 0.134822 -0.356243 0.924616 -1.76892 1.60354 -5.33725</i>
                        <i>0.0181657 0.987529 0.156385 -0.985945 -0.00828803 0.166864 0.166079 -0.157218 0.973499 -1.75743 1.52871 -5.36232</i>
                        <i>-0.0130557 0.99935 0.0336077 -0.984049 -0.018805 0.176902 0.177419 -0.030762 0.983655 -1.75214 1.51215 -5.3607</i>
                        <i>-0.0259683 0.998651 -0.044975 -0.982753 -0.0172633 0.184113 0.183088 0.0489805 0.981876 -1.75418 1.51068 -5.3658</i>
                        <i>-0.029622 0.995262 -0.0926081 -0.981792 -0.0115783 0.189607 0.187636 0.0965384 0.977483 -1.75923 1.51525 -5.37341</i>
                        <i>-0.0320937 0.99236 -0.119132 -0.980665 -0.00824365 0.195519 0.193043 0.123103 0.973437 -1.76254 1.51798 -5.37787</i>
                        <i>-0.0357146 0.99 -0.136471 -0.979308 -0.00745014 0.202241 0.199201 0.14087 0.969781 -1.76339 1.51707 -5.37991</i>
                        <i>-0.0377864 0.987772 -0.151258 -0.977961 -0.00545034 0.208716 0.20534 0.155811 0.966208 -1.7643 1.51612 -5.38356</i>
                        <i>-0.0386759 0.985864 -0.163022 -0.97662 -0.00276852 0.214955 0.211465 0.167524 0.962922 -1.76524 1.51521 -5.38805</i>
                        <i>-0.0387215 0.984464 -0.171266 -0.975282 8.07633e-005 0.220965 0.217546 0.175589 0.960126 -1.76613 1.51443 -5.39256</i>
                        <i>-0.0382446 0.98374 -0.175479 -0.973947 0.00258597 0.226763 0.223529 0.17958 0.958011 -1.76694 1.51389 -5.39634</i>
                        <i>-0.0375594 0.983827 -0.17514 -0.972619 0.00423411 0.232367 0.22935 0.179072 0.95673 -1.7676 1.51368 -5.39859</i>
                        <i>-0.036981 0.984798 -0.169721 -0.971304 0.00450824 0.237799 0.234949 0.173645 0.956372 -1.76805 1.51391 -5.39854</i>
                        <i>-0.036829 0.986642 -0.158686 -0.970003 0.00288718 0.243077 0.240288 0.162878 0.956939 -1.76823 1.51464 -5.3954</i>
                        <i>-0.0374272 0.989234 -0.141478 -0.968706 -0.0011524 0.248208 0.245372 0.14634 0.95832 -1.76809 1.51597 -5.3884</i>
                        <i>-0.0390973 0.992301 -0.117519 -0.967386 -0.00813202 0.253175 0.25027 0.123584 0.960256 -1.76756 1.51793 -5.37671</i>
                        <i>-0.0409946 0.995496 -0.0854778 -0.966069 -0.0176571 0.257681 0.255012 0.0931409 0.962442 -1.76725 1.51753 -5.36243</i>
                        <i>-0.0422105 0.99809 -0.0451126 -0.964844 -0.0289976 0.26122 0.259413 0.0545528 0.964225 -1.76751 1.51292 -5.34752</i>
                        <i>-0.0430423 0.99907 0.00252055 -0.963755 -0.0421854 0.263432 0.263293 0.00890951 0.964675 -1.76796 1.50594 -5.33092</i>
                        <i>-0.0439005 0.997449 0.0562946 -0.962834 -0.0572741 0.263952 0.266503 -0.0426147 0.962892 -1.76822 1.4984 -5.31161</i>
                        <i>-0.0452982 0.992334 0.114986 -0.962091 -0.0743236 0.262405 0.268939 -0.0987403 0.958082 -1.76793 1.49214 -5.28855</i>
                        <i>-0.0478233 0.983001 0.177263 -0.961515 -0.0933745 0.258398 0.270557 -0.158084 0.949636 -1.76673 1.48903 -5.26076</i>
                        <i>-0.0520982 0.968952 0.241697 -0.961061 -0.114417 0.251535 0.27138 -0.219181 0.937183 -1.76429 1.49095 -5.22723</i>
                        <i>-0.0587365 0.949963 0.306789 -0.960646 -0.137367 0.241432 0.271494 -0.280535 0.920647 -1.76027 1.49983 -5.187</i>
                        <i>-0.0683033 0.926111 0.371015 -0.960141 -0.162053 0.227748 0.271044 -0.340671 0.900266 -1.75436 1.51763 -5.13909</i>
                        <i>-0.0812901 0.897776 0.432885 -0.959365 -0.188227 0.210214 0.270205 -0.398207 0.876596 -1.74623 1.54634 -5.08256</i>
                        <i>-0.107341 0.855374 0.506767 -0.957363 -0.226427 0.179404 0.268203 -0.465903 0.843209 -1.73236 1.60161 -4.99825</i>
                        <i>-0.149837 0.789537 0.59513 -0.951249 -0.279241 0.130961 0.269583 -0.546494 0.792887 -1.71204 1.68787 -4.8791</i>
                        <i>-0.198257 0.70608 0.679812 -0.939586 -0.334376 0.0732799 0.279055 -0.624214 0.729716 -1.68867 1.79078 -4.74253</i>
                        <i>-0.241895 0.61953 0.746773 -0.924612 -0.380564 0.0162189 0.294243 -0.686552 0.664881 -1.66501 1.89714 -4.60613</i>
                        <i>-0.272867 0.551954 0.787966 -0.912171 -0.408743 -0.0295617 0.305759 -0.726826 0.615009 -1.6435 1.99509 -4.48727</i>
                        <i>-0.28614 0.528246 0.799425 -0.90979 -0.411584 -0.053675 0.300677 -0.742667 0.598364 -1.6266 2.07353 -4.40297</i>
                        <i>-0.282365 0.552078 0.784525 -0.9194 -0.389163 -0.057051 0.273812 -0.737402 0.617467 -1.61323 2.13974 -4.34953</i>
                        <i>-0.265497 0.604418 0.751126 -0.935756 -0.349109 -0.049835 0.232104 -0.716102 0.658275 -1.60048 2.20621 -4.31032</i>
                        <i>-0.234713 0.673347 0.701081 -0.954758 -0.29518 -0.0361378 0.182612 -0.677844 0.712166 -1.58811 2.26918 -4.28286</i>
                        <i>-0.190844 0.7468 0.637078 -0.97257 -0.23178 -0.0196454 0.132991 -0.623352 0.770549 -1.57612 2.32513 -4.26455</i>
                        <i>-0.137599 0.814464 0.563663 -0.986405 -0.164299 -0.00339415 0.0898447 -0.556467 0.825998 -1.56476 2.37176 -4.25259</i>
                        <i>-0.0814467 0.869418 0.487319 -0.995034 -0.0989965 0.0103157 0.0572115 -0.484059 0.873163 -1.55439 2.40844 -4.24411</i>
                        <i>-0.0305066 0.908884 0.415933 -0.998892 -0.0426414 0.0199149 0.0358363 -0.414864 0.909177 -1.54531 2.43596 -4.23625</i>
                        <i>0.00680535 0.933679 0.358046 -0.999699 -0.0020868 0.024443 0.0235691 -0.358104 0.933384 -1.53756 2.45593 -4.22627</i>
                        <i>0.0254802 0.948416 0.316002 -0.999509 0.0184007 0.0253675 0.0182443 -0.316494 0.948419 -1.53217 2.47186 -4.21842</i>
                        <i>0.0288805 0.958245 0.284487 -0.999426 0.0226425 0.0251923 0.0176988 -0.285052 0.958349 -1.52956 2.48545 -4.21727</i>
                        <i>0.0220653 0.965234 0.260454 -0.999569 0.0162566 0.0244356 0.019352 -0.260881 0.965177 -1.52877 2.4959 -4.22059</i>
                        <i>0.0103045 0.970583 0.240547 -0.999715 0.00481369 0.0234028 0.0215564 -0.240719 0.970355 -1.52889 2.50311 -4.22617</i>
                        <i>-0.00124732 0.975257 0.221071 -0.999729 -0.00635476 0.0223934 0.0232442 -0.220983 0.975001 -1.52902 2.50809 -4.23174</i>
                        <i>-0.00763436 0.980167 0.198027 -0.999689 -0.0121826 0.0217596 0.0237405 -0.197799 0.979955 -1.52823 2.51214 -4.23507</i>
                        <i>-0.00763436 0.980167 0.198027 -0.999689 -0.0121826 0.0217596 0.0237405 -0.197799 0.979955 -1.52823 2.51214 -4.23507</i>
                        <i>-0.00763436 0.980167 0.198027 -0.999689 -0.0121826 0.0217596 0.0237405 -0.197799 0.979955 -1.52823 2.51214 -4.23507</i>
                        <i>-0.00763436 0.980167 0.198027 -0.999689 -0.0121826 0.0217596 0.0237405 -0.197799 0.979955 -1.52823 2.51214 -4.23507</i>
                        <i>-0.00763436 0.980167 0.198027 -0.999689 -0.0121826 0.0217596 0.0237405 -0.197799 0.979955 -1.52823 2.51214 -4.23507</i>
                        <i>-0.00763436 0.980167 0.198027 -0.999689 -0.0121826 0.0217596 0.0237405 -0.197799 0.979955 -1.52823 2.51214 -4.23507</i>
                        <i>-0.00763436 0.980167 0.198027 -0.999689 -0.0121826 0.0217596 0.0237405 -0.197799 0.979955 -1.52823 2.51214 -4.23507</i>
                        <i>-0.00763436 0.980167 0.198027 -0.999689 -0.0121826 0.0217596 0.0237405 -0.197799 0.979955 -1.52823 2.51214 -4.23507</i>
                        <i>-0.00763436 0.980167 0.198027 -0.999689 -0.0121826 0.0217596 0.0237405 -0.197799 0.979955 -1.52823 2.51214 -4.23507</i>
                        <i>-0.00763436 0.980167 0.198027 -0.999689 -0.0121826 0.0217596 0.0237405 -0.197799 0.979955 -1.52823 2.51214 -4.23507</i>
                        <i>-0.00763436 0.980167 0.198027 -0.999689 -0.0121826 0.0217596 0.0237405 -0.197799 0.979955 -1.52823 2.51214 -4.23507</i>
                    </KeyFrames>
                </p>
            </i>
            <i>
                <p>
                    <Name><![CDATA[spine1]]></Name>
                    <Exclude>0</Exclude>
                    <Additive>0</Additive>
                    <IKPriority>0</IKPriority>
                    <IKRotLimits>-1e+010 -1e+010 -1e+010 1e+010 1e+010 1e+010</IKRotLimits>
                    <IKRotLimitOrder>0</IKRotLimitOrder>
                    <KeyFrames count="75">
                        <i>1.89154e-016 0.832097 0.55463 -1 2.22045e-016 -1.38778e-017 -1.19561e-016 -0.55463 0.832097 -1.27519 2.25558 -2.42108</i>
                        <i>-0.010862 0.887194 -0.461268 -0.999873 -0.0042539 0.0153633 0.011668 0.461377 0.887128 -1.28138 2.18177 -2.92068</i>
                        <i>-0.026878 0.284918 -0.958175 -0.999638 -0.00840314 0.0255424 -0.000774199 0.958515 0.28504 -1.29162 2.00009 -3.16547</i>
                        <i>-0.0313 -0.0534899 -0.998078 -0.999291 -0.0192471 0.0323695 -0.0209415 0.998383 -0.0528495 -1.30657 1.91705 -3.27961</i>
                        <i>-0.0299533 -0.355134 -0.934335 -0.998374 -0.0347191 0.0452028 -0.0484923 0.93417 -0.353517 -1.31952 1.88632 -3.36189</i>
                        <i>-0.0199039 -0.624779 -0.780547 -0.996616 -0.0498761 0.0653364 -0.0797515 0.779207 -0.621673 -1.33406 1.88754 -3.46579</i>
                        <i>-0.00302073 -0.823626 -0.567126 -0.994961 -0.0543629 0.0842497 -0.100221 0.564522 -0.819311 -1.35169 1.87566 -3.59829</i>
                        <i>0.0231542 -0.958661 -0.283606 -0.993868 -0.0527542 0.0971813 -0.108125 0.279617 -0.954004 -1.37296 1.8532 -3.73969</i>
                        <i>0.0592098 -0.998125 0.0155413 -0.991851 -0.0570641 0.113906 -0.112805 -0.0221589 -0.99337 -1.39793 1.8524 -3.85599</i>
                        <i>0.0991263 -0.968776 0.227261 -0.987106 -0.0668868 0.145426 -0.125685 -0.238746 -0.962914 -1.42703 1.88246 -3.94035</i>
                        <i>0.143574 -0.906824 0.396304 -0.978766 -0.0709131 0.192325 -0.146302 -0.415502 -0.897749 -1.4605 1.91979 -4.02254</i>
                        <i>0.188385 -0.826467 0.530531 -0.966145 -0.0589954 0.251163 -0.176279 -0.559885 -0.809601 -1.49693 1.96125 -4.11065</i>
                        <i>0.231005 -0.734888 0.637634 -0.948782 -0.024979 0.314941 -0.215519 -0.677729 -0.703019 -1.53509 2.0019 -4.21055</i>
                        <i>0.269764 -0.634395 0.724411 -0.92679 0.0331043 0.374119 -0.26132 -0.7723 -0.57902 -1.57392 2.03638 -4.3261</i>
                        <i>0.302865 -0.522982 0.79672 -0.902534 0.111123 0.416033 -0.306112 -0.845069 -0.438354 -1.61261 2.05971 -4.45952</i>
                        <i>0.327784 -0.39471 0.858348 -0.883171 0.194632 0.426764 -0.33551 -0.897955 -0.284799 -1.65052 2.06751 -4.6118</i>
                        <i>0.341128 -0.241101 0.908572 -0.879967 0.258015 0.398856 -0.330589 -0.935574 -0.124144 -1.68707 2.05596 -4.78267</i>
                        <i>0.318305 -0.0466505 0.94684 -0.920039 0.225538 0.320408 -0.228496 -0.973117 0.0288698 -1.71915 1.99371 -4.97132</i>
                        <i>0.26006 0.173715 0.949838 -0.96246 0.125811 0.240506 -0.07772 -0.976726 0.199912 -1.7421 1.88263 -5.14736</i>
                        <i>0.190144 0.391609 0.900271 -0.981057 0.041199 0.189285 0.0370355 -0.919209 0.392024 -1.75331 1.77036 -5.2753</i>
                        <i>0.131889 0.574481 0.807822 -0.985945 -0.00828803 0.166864 0.102556 -0.818476 0.565314 -1.75416 1.70693 -5.33415</i>
                        <i>0.10092 0.713533 0.693316 -0.985459 -0.0240551 0.168201 0.136695 -0.700209 0.700729 -1.75451 1.69273 -5.35468</i>
                        <i>0.0837487 0.818892 0.567805 -0.983789 -0.0227283 0.177883 0.158572 -0.573498 0.803713 -1.75886 1.69025 -5.37393</i>
                        <i>0.074843 0.886529 0.45658 -0.982107 -0.0138159 0.187814 0.17281 -0.462468 0.869632 -1.76451 1.69223 -5.38992</i>
                        <i>0.0697258 0.918822 0.388464 -0.980665 -0.00824365 0.195519 0.18285 -0.394585 0.900482 -1.76821 1.69298 -5.3989</i>
                        <i>0.0679785 0.93189 0.356314 -0.97932 -0.00588608 0.202231 0.190555 -0.362693 0.912219 -1.76969 1.69142 -5.40397</i>
                        <i>0.0709199 0.940588 0.332062 -0.978002 9.89944e-005 0.208595 0.196169 -0.339551 0.919904 -1.77096 1.68993 -5.41021</i>
                        <i>0.0771967 0.945789 0.315473 -0.976673 0.00814436 0.214577 0.200375 -0.324679 0.924356 -1.77204 1.68863 -5.41675</i>
                        <i>0.0853903 0.94812 0.30623 -0.975304 0.0167051 0.220236 0.203695 -0.317474 0.926131 -1.77295 1.68762 -5.42272</i>
                        <i>0.0940451 0.948028 0.30397 -0.973894 0.0242421 0.225706 0.206607 -0.317261 0.925559 -1.77367 1.68702 -5.42725</i>
                        <i>0.101688 0.945839 0.308299 -0.972481 0.0292092 0.231146 0.209621 -0.32332 0.92278 -1.77422 1.68692 -5.42945</i>
                        <i>0.106838 0.941779 0.318808 -0.971121 0.0300438 0.236689 0.21333 -0.334889 0.917791 -1.77457 1.68741 -5.42847</i>
                        <i>0.108019 0.935978 0.335079 -0.969858 0.0251618 0.242367 0.218419 -0.351159 0.910484 -1.77473 1.68856 -5.4234</i>
                        <i>0.103752 0.928444 0.356689 -0.968669 0.0129645 0.248017 0.225646 -0.371246 0.9007 -1.77469 1.6904 -5.41337</i>
                        <i>0.0925629 0.919014 0.383203 -0.967386 -0.00813202 0.253175 0.235788 -0.39414 0.888289 -1.77446 1.69292 -5.39746</i>
                        <i>0.0740752 0.905905 0.416952 -0.965739 -0.0391124 0.256551 0.248719 -0.421671 0.871971 -1.77449 1.69309 -5.37754</i>
                        <i>0.0496579 0.886924 0.459238 -0.963399 -0.0787423 0.256248 0.263434 -0.455154 0.850551 -1.77497 1.68903 -5.35551</i>
                        <i>0.0204269 0.861174 0.5079 -0.959969 -0.125052 0.250642 0.27936 -0.492688 0.824146 -1.77557 1.68239 -5.33051</i>
                        <i>-0.0125256 0.828001 0.560587 -0.95512 -0.175841 0.23838 0.295953 -0.532442 0.793043 -1.776 1.67486 -5.30168</i>
                        <i>-0.048129 0.78716 0.614868 -0.948625 -0.22875 0.218595 0.31272 -0.572758 0.75773 -1.77597 1.66813 -5.2682</i>
                        <i>-0.0853409 0.738911 0.668376 -0.940377 -0.281414 0.191041 0.329253 -0.612222 0.718872 -1.77525 1.66391 -5.22926</i>
                        <i>-0.123158 0.684033 0.718979 -0.930392 -0.331643 0.156151 0.345256 -0.649701 0.677264 -1.7736 1.66397 -5.18411</i>
                        <i>-0.160631 0.623763 0.76493 -0.918794 -0.377617 0.114987 0.360575 -0.684343 0.633767 -1.77082 1.67014 -5.13204</i>
                        <i>-0.19687 0.559685 0.804981 -0.905799 -0.418032 0.0691213 0.375194 -0.715543 0.58926 -1.76666 1.68433 -5.07236</i>
                        <i>-0.23105 0.493598 0.838437 -0.891697 -0.45217 0.0204704 0.38922 -0.742902 0.544613 -1.76092 1.70852 -5.00442</i>
                        <i>-0.274637 0.407957 0.870716 -0.871183 -0.488822 -0.0457567 0.406958 -0.771119 0.489654 -1.75183 1.75664 -4.90647</i>
                        <i>-0.328396 0.292423 0.898134 -0.839193 -0.526722 -0.135349 0.433488 -0.798156 0.418372 -1.7393 1.83143 -4.77097</i>
                        <i>-0.376884 0.164073 0.911613 -0.799731 -0.554186 -0.230886 0.467321 -0.816063 0.340078 -1.72481 1.91948 -4.6187</i>
                        <i>-0.409856 0.0456315 0.911008 -0.761489 -0.566938 -0.314191 0.502148 -0.822496 0.267111 -1.70915 2.0102 -4.46995</i>
                        <i>-0.424372 -0.0376019 0.904707 -0.735761 -0.568059 -0.368735 0.527792 -0.822129 0.213402 -1.69326 2.09575 -4.34368</i>
                        <i>-0.421703 -0.0608352 0.904691 -0.734071 -0.562785 -0.380017 0.532264 -0.824362 0.192671 -1.67863 2.16959 -4.25771</i>
                        <i>-0.401889 -0.0236892 0.915382 -0.759143 -0.550381 -0.347537 0.512042 -0.834577 0.203209 -1.66431 2.23961 -4.2077</i>
                        <i>-0.364184 0.0510781 0.929925 -0.802299 -0.52427 -0.285405 0.472954 -0.850019 0.231911 -1.64821 2.31488 -4.17536</i>
                        <i>-0.306302 0.151003 0.939882 -0.855651 -0.47637 -0.202317 0.417181 -0.866181 0.275119 -1.63005 2.38951 -4.15764</i>
                        <i>-0.228263 0.261691 0.937771 -0.909053 -0.402159 -0.109048 0.348596 -0.877375 0.329689 -1.61006 2.45794 -4.1513</i>
                        <i>-0.134962 0.368805 0.919656 -0.952338 -0.304533 -0.0176326 0.273563 -0.878204 0.392328 -1.58916 2.51617 -4.15269</i>
                        <i>-0.0365422 0.461352 0.886464 -0.978959 -0.194731 0.0609906 0.20076 -0.865583 0.45876 -1.56882 2.5624 -4.15785</i>
                        <i>0.0533855 0.534314 0.843599 -0.98876 -0.089866 0.119491 0.139656 -0.840495 0.523511 -1.55071 2.59689 -4.16264</i>
                        <i>0.120339 0.588849 0.799234 -0.987855 -0.00868093 0.155135 0.0982893 -0.808196 0.580653 -1.53636 2.62126 -4.1629</i>
                        <i>0.153997 0.63588 0.756268 -0.984722 0.0358066 0.17041 0.0812811 -0.770957 0.63168 -1.52766 2.63962 -4.16256</i>
                        <i>0.158731 0.684346 0.711671 -0.983769 0.0485262 0.172756 0.0836905 -0.727541 0.680941 -1.52446 2.65451 -4.16711</i>
                        <i>0.14303 0.7331 0.664911 -0.984998 0.0399011 0.167891 0.0965505 -0.678949 0.727809 -1.52489 2.66557 -4.17484</i>
                        <i>0.116231 0.77962 0.615372 -0.986893 0.0208184 0.160028 0.11195 -0.625907 0.771821 -1.52709 2.67302 -4.18408</i>
                        <i>0.088632 0.821826 0.562802 -0.98827 0.00200606 0.152707 0.124369 -0.569735 0.812364 -1.52924 2.67817 -4.1932</i>
                        <i>0.0711987 0.858791 0.507355 -0.988801 -0.00611826 0.149118 0.131165 -0.512289 0.848737 -1.52955 2.68254 -4.20065</i>
                        <i>0.0711987 0.858791 0.507355 -0.988801 -0.00611826 0.149118 0.131165 -0.512289 0.848737 -1.52955 2.68254 -4.20065</i>
                        <i>0.0711987 0.858791 0.507355 -0.988801 -0.00611826 0.149118 0.131165 -0.512289 0.848737 -1.52955 2.68254 -4.20065</i>
                        <i>0.0711987 0.858791 0.507355 -0.988801 -0.00611826 0.149118 0.131165 -0.512289 0.848737 -1.52955 2.68254 -4.20065</i>
                        <i>0.0711987 0.858791 0.507355 -0.988801 -0.00611826 0.149118 0.131165 -0.512289 0.848737 -1.52955 2.68254 -4.20065</i>
                        <i>0.0711987 0.858791 0.507355 -0.988801 -0.00611826 0.149118 0.131165 -0.512289 0.848737 -1.52955 2.68254 -4.20065</i>
                        <i>0.0711987 0.858791 0.507355 -0.988801 -0.00611826 0.149118 0.131165 -0.512289 0.848737 -1.52955 2.68254 -4.20065</i>
                        <i>0.0711987 0.858791 0.507355 -0.988801 -0.00611826 0.149118 0.131165 -0.512289 0.848737 -1.52955 2.68254 -4.20065</i>
                        <i>0.0711987 0.858791 0.507355 -0.988801 -0.00611826 0.149118 0.131165 -0.512289 0.848737 -1.52955 2.68254 -4.20065</i>
                        <i>0.0711987 0.858791 0.507355 -0.988801 -0.00611826 0.149118 0.131165 -0.512289 0.848737 -1.52955 2.68254 -4.20065</i>
                        <i>0.0711987 0.858791 0.507355 -0.988801 -0.00611826 0.149118 0.131165 -0.512289 0.848737 -1.52955 2.68254 -4.20065</i>
                    </KeyFrames>
                </p>
            </i>
            <i>
                <p>
                    <Name><![CDATA[spine2]]></Name>
                    <Exclude>0</Exclude>
                    <Additive>0</Additive>
                    <IKPriority>0</IKPriority>
                    <IKRotLimits>-1e+010 -1e+010 -1e+010 1e+010 1e+010 1e+010</IKRotLimits>
                    <IKRotLimitOrder>0</IKRotLimitOrder>
                    <KeyFrames count="75">
                        <i>1.50989e-016 0.656651 0.754194 -1 2.22045e-016 -1.38778e-017 -1.65156e-016 -0.754194 0.656651 -1.27519 2.38938 -2.33172</i>
                        <i>-0.0084814 0.979441 -0.201555 -0.999849 -0.00524869 0.0165679 0.0151694 0.201665 0.979337 -1.28312 2.32351 -2.99424</i>
                        <i>-0.026133 0.527297 -0.849279 -0.999638 -0.00840314 0.0255424 0.00633183 0.849639 0.527326 -1.29594 2.04608 -3.31959</i>
                        <i>-0.0283251 0.153108 -0.987803 -0.999417 -0.0231671 0.0250672 -0.0190466 0.987938 0.153675 -1.31193 1.90828 -3.45016</i>
                        <i>-0.0222921 -0.205739 -0.978353 -0.998428 -0.0457605 0.0323726 -0.0514302 0.977536 -0.204396 -1.3251 1.82132 -3.53474</i>
                        <i>-0.00687566 -0.510025 -0.860132 -0.996445 -0.0687308 0.0487201 -0.083966 0.857409 -0.50774 -1.33795 1.76904 -3.61505</i>
                        <i>0.0148762 -0.728016 -0.685399 -0.993602 -0.0875147 0.0713907 -0.111956 0.679951 -0.72466 -1.35232 1.72874 -3.70016</i>
                        <i>0.042512 -0.882561 -0.468272 -0.990192 -0.0996537 0.0979249 -0.13309 0.459516 -0.878142 -1.36935 1.70144 -3.78485</i>
                        <i>0.0725744 -0.974899 -0.210488 -0.986862 -0.100737 0.126315 -0.144348 0.198555 -0.969402 -1.38924 1.70556 -3.85373</i>
                        <i>0.0988057 -0.99403 0.0462733 -0.984082 -0.0907025 0.152828 -0.147718 -0.060637 -0.987169 -1.41252 1.74048 -3.90706</i>
                        <i>0.124381 -0.949488 0.288101 -0.981501 -0.0751419 0.176097 -0.145554 -0.304675 -0.941269 -1.43933 1.78598 -3.96411</i>
                        <i>0.148144 -0.852809 0.50077 -0.979195 -0.0554836 0.195189 -0.138675 -0.519267 -0.843286 -1.46888 1.83809 -4.03167</i>
                        <i>0.169168 -0.716896 0.676345 -0.977347 -0.0334691 0.208979 -0.12718 -0.696376 -0.706318 -1.50046 1.89166 -4.115</i>
                        <i>0.186557 -0.553647 0.811586 -0.976205 -0.0115126 0.216544 -0.110545 -0.832672 -0.542621 -1.53345 1.94114 -4.21744</i>
                        <i>0.199434 -0.374125 0.90568 -0.975922 0.00748507 0.217993 -0.0883358 -0.927348 -0.363624 -1.56735 1.98149 -4.34046</i>
                        <i>0.207266 -0.190196 0.959618 -0.976365 0.0212007 0.215085 -0.0612531 -0.981517 -0.181307 -1.60175 2.00873 -4.48411</i>
                        <i>0.210259 -0.014679 0.977536 -0.977135 0.0291738 0.210611 -0.03161 -0.999467 -0.00820927 -1.63629 2.02003 -4.64749</i>
                        <i>0.204334 0.0916176 0.974605 -0.978886 0.024666 0.202912 -0.00544927 -0.995489 0.0947233 -1.67053 1.98643 -4.82679</i>
                        <i>0.190532 0.130173 0.973012 -0.981574 0.0106531 0.190784 0.0144692 -0.991434 0.129804 -1.70065 1.90999 -4.99602</i>
                        <i>0.173505 0.165812 0.970774 -0.984359 -0.00137821 0.176169 0.0305488 -0.986156 0.162979 -1.72211 1.83413 -5.12764</i>
                        <i>0.159946 0.24172 0.957073 -0.985945 -0.00828803 0.166864 0.0482666 -0.970311 0.236997 -1.73228 1.80166 -5.20018</i>
                        <i>0.151424 0.386162 0.909917 -0.985545 -0.0117673 0.169004 0.0759702 -0.922356 0.378799 -1.73773 1.81075 -5.23944</i>
                        <i>0.140659 0.555899 0.819263 -0.98406 -0.0124488 0.1774 0.108815 -0.831157 0.545287 -1.74499 1.82522 -5.27994</i>
                        <i>0.128019 0.693613 0.708881 -0.982242 -0.010176 0.187343 0.137157 -0.720276 0.679993 -1.75224 1.83687 -5.31514</i>
                        <i>0.11997 0.764014 0.633948 -0.980665 -0.00824365 0.195519 0.154605 -0.645147 0.748253 -1.75687 1.84172 -5.33579</i>
                        <i>0.119912 0.788967 0.602621 -0.979222 -0.00599823 0.202703 0.16354 -0.614407 0.771854 -1.75865 1.84209 -5.34615</i>
                        <i>0.124344 0.805727 0.579088 -0.977647 -0.000238267 0.210255 0.169546 -0.592288 0.787686 -1.75946 1.84191 -5.35635</i>
                        <i>0.132033 0.81564 0.563293 -0.975957 0.00754779 0.217831 0.17342 -0.578511 0.797026 -1.75953 1.84141 -5.36559</i>
                        <i>0.141596 0.81978 0.554897 -0.974184 0.0158306 0.225201 0.175831 -0.572459 0.800858 -1.75911 1.8408 -5.37305</i>
                        <i>0.151577 0.819022 0.553378 -0.972394 0.0230748 0.2322 0.177408 -0.573298 0.79991 -1.75843 1.84023 -5.37792</i>
                        <i>0.160509 0.814101 0.558101 -0.970702 0.0277628 0.238675 0.178811 -0.58006 0.794706 -1.75772 1.83985 -5.3794</i>
                        <i>0.166945 0.805655 0.568374 -0.969252 0.0284091 0.244424 0.180774 -0.591703 0.785626 -1.75723 1.83976 -5.37669</i>
                        <i>0.169473 0.794247 0.583481 -0.968184 0.0235678 0.249129 0.184119 -0.607138 0.772971 -1.75719 1.84003 -5.36896</i>
                        <i>0.166703 0.780352 0.602711 -0.967578 0.011837 0.252296 0.189745 -0.625229 0.757024 -1.75784 1.84069 -5.35542</i>
                        <i>0.157239 0.764327 0.625364 -0.967386 -0.00813202 0.253175 0.198594 -0.644778 0.738121 -1.75942 1.8417 -5.33521</i>
                        <i>0.140652 0.743704 0.653545 -0.967511 -0.0368286 0.250131 0.210093 -0.667494 0.714362 -1.76244 1.83975 -5.30981</i>
