<?xml version="1.0" encoding="ISO-8859-1" ?>
<Animl Version="1">
    <ModellingPackage><![CDATA[Maya.2010]]></ModellingPackage>
    <SrcFile><![CDATA[anims\turrets\artillery\red\~src\artillery_2a36\artillery_2a36_fire_crewman_b.mb]]></SrcFile>
    <FramesPerSecond>30</FramesPerSecond>
    <TotalFrames>91</TotalFrames>
    <Skeleton>
        <RefFrame>
            <Name><![CDATA[soldier_ref_frame]]></Name>
            <Exclude>0</Exclude>
            <Additive>0</Additive>
            <IKPriority>0</IKPriority>
            <IKRotLimits>-1e+010 -1e+010 -1e+010 1e+010 1e+010 1e+010</IKRotLimits>
            <IKRotLimitOrder>0</IKRotLimitOrder>
            <KeyFrames count="91">
                <i>1 0 0 0 1 0 0 0 1 -2.8635 1.35334 -1.9102</i>
                <i>1 0 0 0 1 0 0 0 1 -2.8635 1.35334 -1.9102</i>
                <i>1 0 0 0 1 0 0 0 1 -2.8635 1.35334 -1.9102</i>
                <i>1 0 0 0 1 0 0 0 1 -2.8635 1.35334 -1.9102</i>
                <i>1 0 0 0 1 0 0 0 1 -2.8635 1.35334 -1.9102</i>
                <i>1 0 0 0 1 0 0 0 1 -2.8635 1.35334 -1.9102</i>
                <i>1 0 0 0 1 0 0 0 1 -2.8635 1.35334 -1.9102</i>
                <i>1 0 0 0 1 0 0 0 1 -2.8635 1.35334 -1.9102</i>
                <i>1 0 0 0 1 0 0 0 1 -2.8635 1.35334 -1.9102</i>
                <i>1 0 0 0 1 0 0 0 1 -2.8635 1.35334 -1.9102</i>
                <i>1 0 0 0 1 0 0 0 1 -2.8635 1.35334 -1.9102</i>
                <i>1 0 0 0 1 0 0 0 1 -2.8635 1.35334 -1.9102</i>
                <i>1 0 0 0 1 0 0 0 1 -2.8635 1.35334 -1.9102</i>
                <i>1 0 0 0 1 0 0 0 1 -2.8635 1.35334 -1.9102</i>
                <i>1 0 0 0 1 0 0 0 1 -2.8635 1.35334 -1.9102</i>
                <i>1 0 0 0 1 0 0 0 1 -2.8635 1.35334 -1.9102</i>
                <i>1 0 0 0 1 0 0 0 1 -2.8635 1.35334 -1.9102</i>
                <i>1 0 0 0 1 0 0 0 1 -2.8635 1.35334 -1.9102</i>
                <i>1 0 0 0 1 0 0 0 1 -2.8635 1.35334 -1.9102</i>
                <i>1 0 0 0 1 0 0 0 1 -2.8635 1.35334 -1.9102</i>
                <i>1 0 0 0 1 0 0 0 1 -2.8635 1.35334 -1.9102</i>
                <i>1 0 0 0 1 0 0 0 1 -2.8635 1.35334 -1.9102</i>
                <i>1 0 0 0 1 0 0 0 1 -2.8635 1.35334 -1.9102</i>
                <i>1 0 0 0 1 0 0 0 1 -2.8635 1.35334 -1.9102</i>
                <i>1 0 0 0 1 0 0 0 1 -2.8635 1.35334 -1.9102</i>
                <i>1 0 0 0 1 0 0 0 1 -2.8635 1.35334 -1.9102</i>
                <i>1 0 0 0 1 0 0 0 1 -2.8635 1.35334 -1.9102</i>
                <i>1 0 0 0 1 0 0 0 1 -2.8635 1.35334 -1.9102</i>
                <i>1 0 0 0 1 0 0 0 1 -2.8635 1.35334 -1.9102</i>
                <i>1 0 0 0 1 0 0 0 1 -2.8635 1.35334 -1.9102</i>
                <i>1 0 0 0 1 0 0 0 1 -2.8635 1.35334 -1.9102</i>
                <i>1 0 0 0 1 0 0 0 1 -2.8635 1.35334 -1.9102</i>
                <i>1 0 0 0 1 0 0 0 1 -2.8635 1.35334 -1.9102</i>
                <i>1 0 0 0 1 0 0 0 1 -2.8635 1.35334 -1.9102</i>
                <i>1 0 0 0 1 0 0 0 1 -2.8635 1.35334 -1.9102</i>
                <i>1 0 0 0 1 0 0 0 1 -2.8635 1.35334 -1.9102</i>
                <i>1 0 0 0 1 0 0 0 1 -2.8635 1.35334 -1.9102</i>
                <i>1 0 0 0 1 0 0 0 1 -2.8635 1.35334 -1.9102</i>
                <i>1 0 0 0 1 0 0 0 1 -2.8635 1.35334 -1.9102</i>
                <i>1 0 0 0 1 0 0 0 1 -2.8635 1.35334 -1.9102</i>
                <i>1 0 0 0 1 0 0 0 1 -2.8635 1.35334 -1.9102</i>
                <i>1 0 0 0 1 0 0 0 1 -2.8635 1.35334 -1.9102</i>
                <i>1 0 0 0 1 0 0 0 1 -2.8635 1.35334 -1.9102</i>
                <i>1 0 0 0 1 0 0 0 1 -2.8635 1.35334 -1.9102</i>
                <i>1 0 0 0 1 0 0 0 1 -2.8635 1.35334 -1.9102</i>
                <i>1 0 0 0 1 0 0 0 1 -2.8635 1.35334 -1.9102</i>
                <i>1 0 0 0 1 0 0 0 1 -2.8635 1.35334 -1.9102</i>
                <i>1 0 0 0 1 0 0 0 1 -2.8635 1.35334 -1.9102</i>
                <i>1 0 0 0 1 0 0 0 1 -2.8635 1.35334 -1.9102</i>
                <i>1 0 0 0 1 0 0 0 1 -2.8635 1.35334 -1.9102</i>
                <i>1 0 0 0 1 0 0 0 1 -2.8635 1.35334 -1.9102</i>
                <i>1 0 0 0 1 0 0 0 1 -2.8635 1.35334 -1.9102</i>
                <i>1 0 0 0 1 0 0 0 1 -2.8635 1.35334 -1.9102</i>
                <i>1 0 0 0 1 0 0 0 1 -2.8635 1.35334 -1.9102</i>
                <i>1 0 0 0 1 0 0 0 1 -2.8635 1.35334 -1.9102</i>
                <i>1 0 0 0 1 0 0 0 1 -2.8635 1.35334 -1.9102</i>
                <i>1 0 0 0 1 0 0 0 1 -2.8635 1.35334 -1.9102</i>
                <i>1 0 0 0 1 0 0 0 1 -2.8635 1.35334 -1.9102</i>
                <i>1 0 0 0 1 0 0 0 1 -2.8635 1.35334 -1.9102</i>
                <i>1 0 0 0 1 0 0 0 1 -2.8635 1.35334 -1.9102</i>
                <i>1 0 0 0 1 0 0 0 1 -2.8635 1.35334 -1.9102</i>
                <i>1 0 0 0 1 0 0 0 1 -2.8635 1.35334 -1.9102</i>
                <i>1 0 0 0 1 0 0 0 1 -2.8635 1.35334 -1.9102</i>
                <i>1 0 0 0 1 0 0 0 1 -2.8635 1.35334 -1.9102</i>
                <i>1 0 0 0 1 0 0 0 1 -2.8635 1.35334 -1.9102</i>
                <i>1 0 0 0 1 0 0 0 1 -2.8635 1.35334 -1.9102</i>
                <i>1 0 0 0 1 0 0 0 1 -2.8635 1.35334 -1.9102</i>
                <i>1 0 0 0 1 0 0 0 1 -2.8635 1.35334 -1.9102</i>
                <i>1 0 0 0 1 0 0 0 1 -2.8635 1.35334 -1.9102</i>
                <i>1 0 0 0 1 0 0 0 1 -2.8635 1.35334 -1.9102</i>
                <i>1 0 0 0 1 0 0 0 1 -2.8635 1.35334 -1.9102</i>
                <i>1 0 0 0 1 0 0 0 1 -2.8635 1.35334 -1.9102</i>
                <i>1 0 0 0 1 0 0 0 1 -2.8635 1.35334 -1.9102</i>
                <i>1 0 0 0 1 0 0 0 1 -2.8635 1.35334 -1.9102</i>
                <i>1 0 0 0 1 0 0 0 1 -2.8635 1.35334 -1.9102</i>
                <i>1 0 0 0 1 0 0 0 1 -2.8635 1.35334 -1.9102</i>
                <i>1 0 0 0 1 0 0 0 1 -2.8635 1.35334 -1.9102</i>
                <i>1 0 0 0 1 0 0 0 1 -2.8635 1.35334 -1.9102</i>
                <i>1 0 0 0 1 0 0 0 1 -2.8635 1.35334 -1.9102</i>
                <i>1 0 0 0 1 0 0 0 1 -2.8635 1.35334 -1.9102</i>
                <i>1 0 0 0 1 0 0 0 1 -2.8635 1.35334 -1.9102</i>
                <i>1 0 0 0 1 0 0 0 1 -2.8635 1.35334 -1.9102</i>
                <i>1 0 0 0 1 0 0 0 1 -2.8635 1.35334 -1.9102</i>
                <i>1 0 0 0 1 0 0 0 1 -2.8635 1.35334 -1.9102</i>
                <i>1 0 0 0 1 0 0 0 1 -2.8635 1.35334 -1.9102</i>
                <i>1 0 0 0 1 0 0 0 1 -2.8635 1.35334 -1.9102</i>
                <i>1 0 0 0 1 0 0 0 1 -2.8635 1.35334 -1.9102</i>
                <i>1 0 0 0 1 0 0 0 1 -2.8635 1.35334 -1.9102</i>
                <i>1 0 0 0 1 0 0 0 1 -2.8635 1.35334 -1.9102</i>
                <i>1 0 0 0 1 0 0 0 1 -2.8635 1.35334 -1.9102</i>
                <i>1 0 0 0 1 0 0 0 1 -2.8635 1.35334 -1.9102</i>
            </KeyFrames>
        </RefFrame>
        <Bones count="23">
            <i>
                <p>
                    <Name><![CDATA[pelvis]]></Name>
                    <Exclude>0</Exclude>
                    <Additive>0</Additive>
                    <IKPriority>0</IKPriority>
                    <IKRotLimits>-1e+010 -1e+010 -1e+010 1e+010 1e+010 1e+010</IKRotLimits>
                    <IKRotLimitOrder>2</IKRotLimitOrder>
                    <KeyFrames count="91">
                        <i>1 0 0 0 1 0 0 0 1 -2.8635 2.43187 -1.9102</i>
                        <i>1 0 0 0 1 0 0 0 1 -2.84007 2.2959 -1.99271</i>
                        <i>1 0 0 0 1 0 0 0 1 -2.883 2.16093 -2.07784</i>
                        <i>1 0 0 0 1 0 0 0 1 -3.08141 2.22419 -2.18413</i>
                        <i>1 0 0 0 1 0 0 0 1 -3.34224 2.35817 -2.29308</i>
                        <i>1 0 0 0 1 0 0 0 1 -3.57766 2.4559 -2.36087</i>
                        <i>1 0 0 0 1 0 0 0 1 -3.75145 2.46099 -2.36732</i>
                        <i>1 0 0 0 1 0 0 0 1 -3.8931 2.41465 -2.35047</i>
                        <i>1 0 0 0 1 0 0 0 1 -4.0131 2.33942 -2.3342</i>
                        <i>1 0 0 0 1 0 0 0 1 -4.13728 2.24612 -2.31055</i>
                        <i>1 0 0 0 1 0 0 0 1 -4.27347 2.13552 -2.27744</i>
                        <i>1 0 0 0 1 0 0 0 1 -4.39201 2.01957 -2.24252</i>
                        <i>1 0 0 0 1 0 0 0 1 -4.47553 1.90973 -2.21167</i>
                        <i>1 0 0 0 1 0 0 0 1 -4.52826 1.81674 -2.18751</i>
                        <i>1 0 0 0 1 0 0 0 1 -4.56166 1.75078 -2.17192</i>
                        <i>1 0 0 0 1 0 0 0 1 -4.59542 1.71374 -2.16173</i>
                        <i>1 0 0 0 1 0 0 0 1 -4.63847 1.70001 -2.15193</i>
                        <i>1 0 0 0 1 0 0 0 1 -4.68541 1.7057 -2.14229</i>
                        <i>1 0 0 0 1 0 0 0 1 -4.72979 1.72343 -2.13273</i>
                        <i>1 0 0 0 1 0 0 0 1 -4.76476 1.74463 -2.12299</i>
                        <i>1 0 0 0 1 0 0 0 1 -4.78965 1.76146 -2.11131</i>
                        <i>1 0 0 0 1 0 0 0 1 -4.80594 1.77365 -2.09572</i>
                        <i>1 0 0 0 1 0 0 0 1 -4.81432 1.78462 -2.07703</i>
                        <i>1 0 0 0 1 0 0 0 1 -4.81631 1.79433 -2.05754</i>
                        <i>1 0 0 0 1 0 0 0 1 -4.81536 1.80558 -2.03913</i>
                        <i>1 0 0 0 1 0 0 0 1 -4.81457 1.81998 -2.0231</i>
                        <i>1 0 0 0 1 0 0 0 1 -4.81625 1.83538 -2.01074</i>
                        <i>1 0 0 0 1 0 0 0 1 -4.81974 1.85047 -2.00333</i>
                        <i>1 0 0 0 1 0 0 0 1 -4.82313 1.86565 -2.00026</i>
                        <i>1 0 0 0 1 0 0 0 1 -4.82655 1.88093 -2.00035</i>
                        <i>1 0 0 0 1 0 0 0 1 -4.83002 1.89626 -2.00276</i>
                        <i>1 0 0 0 1 0 0 0 1 -4.83352 1.91155 -2.00683</i>
                        <i>1 0 0 0 1 0 0 0 1 -4.837 1.92672 -2.01201</i>
                        <i>1 0 0 0 1 0 0 0 1 -4.84041 1.94171 -2.01785</i>
                        <i>1 0 0 0 1 0 0 0 1 -4.84369 1.95643 -2.02391</i>
                        <i>1 0 0 0 1 0 0 0 1 -4.84679 1.97082 -2.02979</i>
                        <i>1 0 0 0 1 0 0 0 1 -4.84967 1.98484 -2.03507</i>
                        <i>1 0 0 0 1 0 0 0 1 -4.85232 1.99846 -2.03931</i>
                        <i>1 0 0 0 1 0 0 0 1 -4.85474 2.0117 -2.04204</i>
                        <i>1 0 0 0 1 0 0 0 1 -4.8563 2.02063 -2.04323</i>
                        <i>1 0 0 0 1 0 0 0 1 -4.85626 2.0263 -2.04352</i>
                        <i>1 0 0 0 1 0 0 0 1 -4.8545 2.03613 -2.04328</i>
                        <i>1 0 0 0 1 0 0 0 1 -4.85086 2.05751 -2.04289</i>
                        <i>1 0 0 0 1 0 0 0 1 -4.84236 2.10554 -2.04198</i>
                        <i>1 0 0 0 1 0 0 0 1 -4.83065 2.16951 -2.0405</i>
                        <i>1 0 0 0 1 0 0 0 1 -4.82256 2.2184 -2.03942</i>
                        <i>1 0 0 0 1 0 0 0 1 -4.82098 2.24457 -2.03832</i>
                        <i>1 0 0 0 1 0 0 0 1 -4.82237 2.26167 -2.03699</i>
                        <i>1 0 0 0 1 0 0 0 1 -4.82386 2.27145 -2.03688</i>
                        <i>1 0 0 0 1 0 0 0 1 -4.82256 2.27604 -2.03942</i>
                        <i>1 0 0 0 1 0 0 0 1 -4.81863 2.26639 -2.04574</i>
                        <i>1 0 0 0 1 0 0 0 1 -4.81409 2.24691 -2.05494</i>
                        <i>1 0 0 0 1 0 0 0 1 -4.80889 2.22547 -2.06543</i>
                        <i>1 0 0 0 1 0 0 0 1 -4.80302 2.20529 -2.07557</i>
                        <i>1 0 0 0 1 0 0 0 1 -4.79656 2.18868 -2.08368</i>
                        <i>1 0 0 0 1 0 0 0 1 -4.78961 2.17822 -2.08811</i>
                        <i>1 0 0 0 1 0 0 0 1 -4.78228 2.1778 -2.08719</i>
                        <i>1 0 0 0 1 0 0 0 1 -4.77447 2.18861 -2.08078</i>
                        <i>1 0 0 0 1 0 0 0 1 -4.7661 2.20669 -2.07045</i>
                        <i>1 0 0 0 1 0 0 0 1 -4.75726 2.23034 -2.05713</i>
                        <i>1 0 0 0 1 0 0 0 1 -4.74806 2.25791 -2.04173</i>
                        <i>1 0 0 0 1 0 0 0 1 -4.73862 2.28772 -2.02514</i>
                        <i>1 0 0 0 1 0 0 0 1 -4.72908 2.31806 -2.00827</i>
                        <i>1 0 0 0 1 0 0 0 1 -4.71963 2.34722 -1.99201</i>
                        <i>1 0 0 0 1 0 0 0 1 -4.71047 2.37348 -1.97725</i>
                        <i>1 0 0 0 1 0 0 0 1 -4.71047 2.37348 -1.97725</i>
                        <i>1 0 0 0 1 0 0 0 1 -4.71047 2.37348 -1.97725</i>
                        <i>1 0 0 0 1 0 0 0 1 -4.71047 2.37348 -1.97725</i>
                        <i>1 0 0 0 1 0 0 0 1 -4.71047 2.37348 -1.97725</i>
                        <i>1 0 0 0 1 0 0 0 1 -4.71047 2.37348 -1.97725</i>
                        <i>1 0 0 0 1 0 0 0 1 -4.71047 2.37348 -1.97725</i>
                        <i>1 0 0 0 1 0 0 0 1 -4.71047 2.37348 -1.97725</i>
                        <i>1 0 0 0 1 0 0 0 1 -4.71047 2.37348 -1.97725</i>
                        <i>1 0 0 0 1 0 0 0 1 -4.71047 2.37348 -1.97725</i>
                        <i>1 0 0 0 1 0 0 0 1 -4.71047 2.37348 -1.97725</i>
                        <i>1 0 0 0 1 0 0 0 1 -4.71047 2.37348 -1.97725</i>
                        <i>1 0 0 0 1 0 0 0 1 -4.71047 2.37348 -1.97725</i>
                        <i>1 0 0 0 1 0 0 0 1 -4.71047 2.37348 -1.97725</i>
                        <i>1 0 0 0 1 0 0 0 1 -4.71047 2.37348 -1.97725</i>
                        <i>1 0 0 0 1 0 0 0 1 -4.71047 2.37348 -1.97725</i>
                        <i>1 0 0 0 1 0 0 0 1 -4.71047 2.37348 -1.97725</i>
                        <i>1 0 0 0 1 0 0 0 1 -4.71047 2.37348 -1.97725</i>
                        <i>1 0 0 0 1 0 0 0 1 -4.71047 2.37348 -1.97725</i>
                        <i>1 0 0 0 1 0 0 0 1 -4.71047 2.37348 -1.97725</i>
                        <i>1 0 0 0 1 0 0 0 1 -4.71047 2.37348 -1.97725</i>
                        <i>1 0 0 0 1 0 0 0 1 -4.71047 2.37348 -1.97725</i>
                        <i>1 0 0 0 1 0 0 0 1 -4.71047 2.37348 -1.97725</i>
                        <i>1 0 0 0 1 0 0 0 1 -4.71047 2.37348 -1.97725</i>
                        <i>1 0 0 0 1 0 0 0 1 -4.71047 2.37348 -1.97725</i>
                        <i>1 0 0 0 1 0 0 0 1 -4.71047 2.37348 -1.97725</i>
                        <i>1 0 0 0 1 0 0 0 1 -4.71047 2.37348 -1.97725</i>
                    </KeyFrames>
                </p>
            </i>
            <i>
                <p>
                    <Name><![CDATA[spine0]]></Name>
                    <Exclude>0</Exclude>
                    <Additive>0</Additive>
                    <IKPriority>0</IKPriority>
                    <IKRotLimits>-1e+010 -1e+010 -1e+010 1e+010 1e+010 1e+010</IKRotLimits>
                    <IKRotLimitOrder>0</IKRotLimitOrder>
                    <KeyFrames count="91">
                        <i>-0.0369093 0.985794 0.163853 -0.998149 -0.0442962 0.0416589 0.0483251 -0.162012 0.985605 -2.86764 2.57235 -1.94093</i>
                        <i>-0.273904 0.950143 0.149012 -0.961502 -0.266957 -0.0651746 -0.0221453 -0.161127 0.986685 -2.84929 2.43573 -2.02523</i>
                        <i>-0.431025 0.880803 0.195968 -0.899756 -0.403108 -0.167163 -0.0682412 -0.248375 0.966257 -2.89522 2.30237 -2.10109</i>
                        <i>-0.381432 0.857887 0.344296 -0.9234 -0.336312 -0.185007 -0.0429243 -0.388491 0.920452 -3.09633 2.36726 -2.18643</i>
                        <i>-0.264293 0.814349 0.516706 -0.964261 -0.212734 -0.157938 -0.0186959 -0.539981 0.841469 -3.35864 2.49942 -2.27128</i>
                        <i>-0.177835 0.754798 0.63139 -0.98401 -0.142857 -0.106374 0.00990743 -0.640212 0.768135 -3.5971 2.59417 -2.32626</i>
                        <i>-0.11666 0.735274 0.667655 -0.989485 -0.14392 -0.0143978 0.0855023 -0.662314 0.744332 -3.77832 2.59984 -2.34094</i>
                        <i>-0.0457049 0.733177 0.6785 -0.985814 -0.142908 0.0880184 0.161496 -0.664852 0.729308 -3.93015 2.55315 -2.33858</i>
                        <i>0.00272496 0.739469 0.673185 -0.977913 -0.138723 0.15634 0.208995 -0.658743 0.722758 -4.05704 2.47614 -2.32572</i>
                        <i>0.00568 0.754641 0.656113 -0.966895 -0.163242 0.196126 0.25511 -0.635507 0.728732 -4.18384 2.38109 -2.29284</i>
                        <i>-0.0140009 0.769664 0.638296 -0.951098 -0.207251 0.229043 0.308573 -0.603875 0.734927 -4.32171 2.26742 -2.2463</i>
                        <i>-0.0374626 0.78028 0.624307 -0.931784 -0.253015 0.260313 0.361076 -0.571967 0.736531 -4.44011 2.14708 -2.19644</i>
                        <i>-0.0493895 0.789351 0.611952 -0.911173 -0.286543 0.29607 0.409053 -0.542972 0.733387 -4.52106 2.03231 -2.1517</i>
                        <i>-0.0419794 0.802496 0.595178 -0.891476 -0.299056 0.340347 0.451119 -0.5163 0.72796 -4.56863 1.93543 -2.11693</i>
                        <i>-0.0116649 0.821246 0.570455 -0.874448 -0.285075 0.392522 0.48498 -0.494254 0.721462 -4.59465 1.86839 -2.09592</i>
                        <i>0.0428618 0.84428 0.534185 -0.859203 -0.241699 0.450945 0.509836 -0.478302 0.715049 -4.61878 1.83394 -2.08621</i>
                        <i>0.115487 0.867473 0.483893 -0.841429 -0.173456 0.511772 0.527883 -0.466265 0.709885 -4.65041 1.82517 -2.082</i>
                        <i>0.199691 0.884307 0.422048 -0.817074 -0.087465 0.56986 0.540845 -0.458641 0.705078 -4.68514 1.83628 -2.08192</i>
                        <i>0.287842 0.890121 0.353315 -0.78384 0.00701118 0.620923 0.55022 -0.455671 0.69973 -4.71723 1.85822 -2.08406</i>
                        <i>0.370655 0.883967 0.284986 -0.743527 0.0985332 0.661407 0.556581 -0.457048 0.693775 -4.7406 1.88158 -2.08617</i>
                        <i>0.438699 0.86983 0.225696 -0.702382 0.175239 0.689892 0.560538 -0.46118 0.68783 -4.75539 1.89864 -2.08476</i>
                        <i>0.499922 0.848178 0.175134 -0.661435 0.243371 0.709418 0.559091 -0.470493 0.682681 -4.7619 1.90951 -2.07843</i>
                        <i>0.560585 0.818128 0.128108 -0.61809 0.310429 0.722218 0.551098 -0.484046 0.679698 -4.76002 1.91761 -2.06924</i>
                        <i>0.613095 0.7852 0.0870337 -0.576535 0.369383 0.72881 0.540113 -0.497008 0.679162 -4.75244 1.92323 -2.0588</i>
                        <i>0.655028 0.753702 0.0535766 -0.539964 0.417313 0.73095 0.528561 -0.507723 0.680324 -4.74368 1.92997 -2.04833</i>
                        <i>0.684158 0.728809 0.0276486 -0.51159 0.452539 0.7304 0.51981 -0.513854 0.68246 -4.73776 1.94062 -2.03866</i>
                        <i>0.697176 0.71685 0.00854647 -0.495252 0.472972 0.728713 0.518336 -0.512274 0.684766 -4.73784 1.95434 -2.03066</i>
                        <i>0.697327 0.716751 -0.00149843 -0.491845 0.480035 0.726399 0.521366 -0.505801 0.687272 -4.74236 1.9696 -2.02602</i>
                        <i>0.691385 0.722484 -0.00193169 -0.497804 0.478311 0.72347 0.523619 -0.499235 0.690353 -4.74795 1.98579 -2.02496</i>
                        <i>0.680399 0.732825 0.00499993 -0.510786 0.46933 0.720297 0.525505 -0.492643 0.693648 -4.75453 2.0027 -2.02646</i>
                        <i>0.66519 0.746466 0.0176345 -0.528719 0.454212 0.717041 0.527237 -0.486292 0.696808 -4.76196 2.02009 -2.02978</i>
                        <i>0.64654 0.762094 0.0346099 -0.549732 0.433963 0.713772 0.528942 -0.480509 0.699522 -4.77005 2.03767 -2.0344</i>
                        <i>0.625305 0.778461 0.0547022 -0.572138 0.409646 0.710527 0.530709 -0.475593 0.701541 -4.77855 2.05518 -2.0399</i>
                        <i>0.602453 0.794457 0.0767351 -0.594457 0.382468 0.707346 0.532607 -0.471759 0.70269 -4.78719 2.07238 -2.04592</i>
                        <i>0.57908 0.809172 0.0995366 -0.615454 0.35381 0.704297 0.534681 -0.469104 0.702892 -4.79569 2.08908 -2.05215</i>
                        <i>0.556375 0.821937 0.121927 -0.634162 0.325209 0.701483 0.536923 -0.467609 0.702179 -4.80375 2.10511 -2.05827</i>
                        <i>0.535593 0.832328 0.142725 -0.649883 0.298323 0.699039 0.539252 -0.467154 0.700695 -4.81107 2.12038 -2.06399</i>
                        <i>0.518019 0.840129 0.160746 -0.662151 0.274894 0.697129 0.541491 -0.467564 0.698693 -4.81737 2.13483 -2.06897</i>
                        <i>0.504951 0.845266 0.174785 -0.670649 0.256732 0.69593 0.543374 -0.46863 0.696513 -4.82239 2.14846 -2.07281</i>
                        <i>0.502175 0.845938 0.17947 -0.67263 0.251663 0.695869 0.543496 -0.470165 0.695382 -4.82285 2.15634 -2.07729</i>
                        <i>0.510551 0.841358 0.177354 -0.669237 0.259322 0.696328 0.539869 -0.474203 0.695466 -4.81769 2.15927 -2.0826</i>
                        <i>0.52423 0.832782 0.177925 -0.66504 0.269863 0.696345 0.531888 -0.483372 0.695303 -4.80988 2.16608 -2.08595</i>
                        <i>0.53807 0.82148 0.188813 -0.663655 0.274782 0.695742 0.519656 -0.499665 0.693032 -4.80198 2.18625 -2.08452</i>
                        <i>0.557877 0.799261 0.223507 -0.667654 0.272252 0.692904 0.492961 -0.535781 0.685513 -4.79004 2.23622 -2.0717</i>
                        <i>0.578362 0.768203 0.274521 -0.675796 0.262684 0.688693 0.456943 -0.583834 0.671074 -4.77705 2.30255 -2.05162</i>
                        <i>0.583038 0.750571 0.310983 -0.686571 0.250529 0.682536 0.434382 -0.611456 0.661388 -4.77415 2.35387 -2.03871</i>
                        <i>0.57117 0.756649 0.318193 -0.699803 0.246277 0.670539 0.428999 -0.605664 0.670172 -4.78639 2.38421 -2.03771</i>
                        <i>0.555719 0.76995 0.313614 -0.718975 0.255678 0.6463 0.417434 -0.584642 0.69566 -4.8065 2.40455 -2.04258</i>
                        <i>0.541883 0.781518 0.30918 -0.742338 0.27257 0.612079 0.394078 -0.561191 0.727851 -4.82509 2.41462 -2.05098</i>
                        <i>0.526258 0.790018 0.314523 -0.762809 0.275172 0.585152 0.375732 -0.547862 0.747444 -4.83354 2.41805 -2.05964</i>
                        <i>0.504162 0.797544 0.331276 -0.777473 0.252159 0.576152 0.375973 -0.548032 0.747198 -4.8326 2.40773 -2.06865</i>
                        <i>0.476622 0.804747 0.353855 -0.788756 0.213721 0.576357 0.388195 -0.55381 0.736613 -4.82867 2.38792 -2.07944</i>
                        <i>0.446308 0.810371 0.379616 -0.79592 0.165562 0.582323 0.409048 -0.562039 0.718882 -4.82243 2.36648 -2.09053</i>
                        <i>0.415976 0.813772 0.40588 -0.799137 0.114115 0.590219 0.433987 -0.56987 0.697784 -4.81453 2.34649 -2.10055</i>
                        <i>0.388096 0.815259 0.429807 -0.799386 0.0656844 0.597217 0.458655 -0.575359 0.677198 -4.80575 2.33015 -2.10816</i>
                        <i>0.364763 0.816111 0.448231 -0.798058 0.0260495 0.602017 0.479636 -0.577308 0.660806 -4.79688 2.31989 -2.11208</i>
                        <i>0.347818 0.818304 0.457604 -0.796618 0.000566874 0.604483 0.494391 -0.574786 0.652072 -4.78873 2.31952 -2.11103</i>
                        <i>0.337174 0.82295 0.457239 -0.79551 -0.0106827 0.605847 0.503466 -0.568014 0.651063 -4.78099 2.33029 -2.10486</i>
                        <i>0.330837 0.829595 0.449798 -0.794418 -0.0124324 0.607244 0.509358 -0.558227 0.654932 -4.77285 2.3483 -2.09488</i>
                        <i>0.327696 0.837838 0.436626 -0.793472 -0.00680243 0.608569 0.512852 -0.545877 0.662572 -4.76436 2.37186 -2.08199</i>
                        <i>0.32664 0.847114 0.419171 -0.792647 0.00396107 0.609668 0.514798 -0.531397 0.672756 -4.75559 2.39932 -2.06708</i>
                        <i>0.326591 0.856828 0.398979 -0.791867 0.0175801 0.610441 0.516029 -0.515303 0.684235 -4.74662 2.42901 -2.05102</i>
                        <i>0.326526 0.866449 0.377687 -0.791066 0.0318233 0.610903 0.517297 -0.498251 0.695809 -4.73756 2.45922 -2.03469</i>
                        <i>0.325503 0.875556 0.357001 -0.790213 0.0445594 0.61121 0.519241 -0.481058 0.70638 -4.72855 2.48825 -2.01896</i>
                        <i>0.322671 0.883842 0.338684 -0.7893 0.0537754 0.611648 0.522387 -0.464685 0.714968 -4.71978 2.51439 -2.00468</i>
                        <i>0.322671 0.883842 0.338684 -0.7893 0.0537754 0.611648 0.522387 -0.464685 0.714968 -4.71978 2.51439 -2.00468</i>
                        <i>0.322671 0.883842 0.338684 -0.7893 0.0537754 0.611648 0.522387 -0.464685 0.714968 -4.71978 2.51439 -2.00468</i>
                        <i>0.322671 0.883842 0.338684 -0.7893 0.0537754 0.611648 0.522387 -0.464685 0.714968 -4.71978 2.51439 -2.00468</i>
                        <i>0.322671 0.883842 0.338684 -0.7893 0.0537754 0.611648 0.522387 -0.464685 0.714968 -4.71978 2.51439 -2.00468</i>
                        <i>0.322671 0.883842 0.338684 -0.7893 0.0537754 0.611648 0.522387 -0.464685 0.714968 -4.71978 2.51439 -2.00468</i>
                        <i>0.322671 0.883842 0.338684 -0.7893 0.0537754 0.611648 0.522387 -0.464685 0.714968 -4.71978 2.51439 -2.00468</i>
                        <i>0.322671 0.883842 0.338684 -0.7893 0.0537754 0.611648 0.522387 -0.464685 0.714968 -4.71978 2.51439 -2.00468</i>
                        <i>0.322671 0.883842 0.338684 -0.7893 0.0537754 0.611648 0.522387 -0.464685 0.714968 -4.71978 2.51439 -2.00468</i>
                        <i>0.322671 0.883842 0.338684 -0.7893 0.0537754 0.611648 0.522387 -0.464685 0.714968 -4.71978 2.51439 -2.00468</i>
                        <i>0.322671 0.883842 0.338684 -0.7893 0.0537754 0.611648 0.522387 -0.464685 0.714968 -4.71978 2.51439 -2.00468</i>
                        <i>0.322671 0.883842 0.338684 -0.7893 0.0537754 0.611648 0.522387 -0.464685 0.714968 -4.71978 2.51439 -2.00468</i>
                        <i>0.322671 0.883842 0.338684 -0.7893 0.0537754 0.611648 0.522387 -0.464685 0.714968 -4.71978 2.51439 -2.00468</i>
                        <i>0.322671 0.883842 0.338684 -0.7893 0.0537754 0.611648 0.522387 -0.464685 0.714968 -4.71978 2.51439 -2.00468</i>
                        <i>0.322671 0.883842 0.338684 -0.7893 0.0537754 0.611648 0.522387 -0.464685 0.714968 -4.71978 2.51439 -2.00468</i>
                        <i>0.322671 0.883842 0.338684 -0.7893 0.0537754 0.611648 0.522387 -0.464685 0.714968 -4.71978 2.51439 -2.00468</i>
                        <i>0.322671 0.883842 0.338684 -0.7893 0.0537754 0.611648 0.522387 -0.464685 0.714968 -4.71978 2.51439 -2.00468</i>
                        <i>0.322671 0.883842 0.338684 -0.7893 0.0537754 0.611648 0.522387 -0.464685 0.714968 -4.71978 2.51439 -2.00468</i>
                        <i>0.322671 0.883842 0.338684 -0.7893 0.0537754 0.611648 0.522387 -0.464685 0.714968 -4.71978 2.51439 -2.00468</i>
                        <i>0.322671 0.883842 0.338684 -0.7893 0.0537754 0.611648 0.522387 -0.464685 0.714968 -4.71978 2.51439 -2.00468</i>
                        <i>0.322671 0.883842 0.338684 -0.7893 0.0537754 0.611648 0.522387 -0.464685 0.714968 -4.71978 2.51439 -2.00468</i>
                        <i>0.322671 0.883842 0.338684 -0.7893 0.0537754 0.611648 0.522387 -0.464685 0.714968 -4.71978 2.51439 -2.00468</i>
                        <i>0.322671 0.883842 0.338684 -0.7893 0.0537754 0.611648 0.522387 -0.464685 0.714968 -4.71978 2.51439 -2.00468</i>
                        <i>0.322671 0.883842 0.338684 -0.7893 0.0537754 0.611648 0.522387 -0.464685 0.714968 -4.71978 2.51439 -2.00468</i>
                        <i>0.322671 0.883842 0.338684 -0.7893 0.0537754 0.611648 0.522387 -0.464685 0.714968 -4.71978 2.51439 -2.00468</i>
                        <i>0.322671 0.883842 0.338684 -0.7893 0.0537754 0.611648 0.522387 -0.464685 0.714968 -4.71978 2.51439 -2.00468</i>
                        <i>0.322671 0.883842 0.338684 -0.7893 0.0537754 0.611648 0.522387 -0.464685 0.714968 -4.71978 2.51439 -2.00468</i>
                    </KeyFrames>
                </p>
            </i>
            <i>
                <p>
                    <Name><![CDATA[spine1]]></Name>
                    <Exclude>0</Exclude>
                    <Additive>0</Additive>
                    <IKPriority>0</IKPriority>
                    <IKRotLimits>-1e+010 -1e+010 -1e+010 1e+010 1e+010 1e+010</IKRotLimits>
                    <IKRotLimitOrder>0</IKRotLimitOrder>
                    <KeyFrames count="91">
                        <i>-0.101999 0.91456 0.391378 -0.994676 -0.0995821 -0.0265267 0.0147139 -0.392 0.919847 -2.87401 2.74235 -1.91268</i>
                        <i>-0.602907 0.711969 0.360004 -0.796379 -0.5641 -0.218109 0.0477913 -0.418199 0.907097 -2.89834 2.6059 -1.99859</i>
                        <i>-0.825666 0.45288 0.336415 -0.55756 -0.745993 -0.364171 0.0860372 -0.488255 0.86845 -2.97518 2.46579 -2.06482</i>
                        <i>-0.749868 0.438186 0.495672 -0.647624 -0.639291 -0.414597 0.135208 -0.631902 0.763163 -3.16303 2.51729 -2.12625</i>
                        <i>-0.512456 0.454164 0.728782 -0.848511 -0.398252 -0.348461 0.13198 -0.796951 0.58945 -3.40143 2.63125 -2.18757</i>
                        <i>-0.242913 0.387787 0.889165 -0.966697 -0.172892 -0.188692 0.080557 -0.905389 0.41687 -3.62533 2.71395 -2.22596</i>
                        <i>-0.0347976 0.30328 0.952266 -0.999183 -0.0301305 -0.0269161 0.0205291 -0.952425 0.30408 -3.79792 2.72337 -2.22874</i>
                        <i>0.142788 0.265541 0.953467 -0.98652 0.115984 0.115437 -0.0799337 -0.957097 0.278523 -3.93855 2.68778 -2.21409</i>
                        <i>0.256035 0.291514 0.921665 -0.958231 0.202231 0.202229 -0.127436 -0.934945 0.331116 -4.05655 2.61779 -2.19693</i>
                        <i>0.31647 0.37173 0.872733 -0.945569 0.197138 0.258914 -0.075803 -0.907168 0.413885 -4.1828 2.52313 -2.16947</i>
                        <i>0.346568 0.49095 0.799286 -0.937406 0.150316 0.314126 0.0340747 -0.858122 0.512314 -4.32429 2.408 -2.1298</i>
                        <i>0.343331 0.62973 0.696824 -0.922633 0.0873397 0.375659 0.175703 -0.771888 0.610997 -4.44677 2.28556 -2.08568</i>
                        <i>0.313862 0.757545 0.572378 -0.894728 0.0342467 0.445295 0.317729 -0.651884 0.688546 -4.52968 2.17 -2.04497</i>
                        <i>0.278003 0.849718 0.447988 -0.856501 0.00813319 0.516082 0.43488 -0.527175 0.730045 -4.57592 2.07477 -2.01361</i>
                        <i>0.260424 0.899455 0.350943 -0.81899 0.013302 0.573654 0.511308 -0.436812 0.740108 -4.59668 2.01099 -1.99688</i>
                        <i>0.270608 0.91883 0.287267 -0.792307 0.0430698 0.608601 0.546828 -0.392296 0.73965 -4.61139 1.97947 -1.99414</i>
                        <i>0.299795 0.922005 0.24501 -0.77602 0.0863024 0.624775 0.554901 -0.377437 0.741368 -4.63084 1.97214 -2</i>
                        <i>0.342773 0.91339 0.219602 -0.765295 0.13593 0.629163 0.544821 -0.383721 0.745606 -4.65199 1.98295 -2.01188</i>
                        <i>0.391764 0.896994 0.20475 -0.754819 0.186096 0.62898 0.526088 -0.400961 0.749974 -4.67037 2.00301 -2.02654</i>
                        <i>0.437748 0.877836 0.194371 -0.742446 0.231 0.628818 0.5071 -0.419574 0.752866 -4.68109 2.02339 -2.0404</i>
                        <i>0.472101 0.862149 0.183902 -0.729552 0.265003 0.630497 0.494848 -0.431824 0.754091 -4.68551 2.03707 -2.04878</i>
                        <i>0.49943 0.848032 0.177233 -0.718565 0.29119 0.631564 0.483978 -0.442775 0.754795 -4.68273 2.04372 -2.05066</i>
                        <i>0.52287 0.833526 0.178439 -0.712359 0.312316 0.628493 0.468136 -0.455733 0.757071 -4.6716 2.04654 -2.04898</i>
                        <i>0.53745 0.822607 0.185647 -0.712648 0.325343 0.621518 0.450866 -0.466336 0.761085 -4.65576 2.04696 -2.04502</i>
                        <i>0.54711 0.813809 0.19592 -0.715697 0.333408 0.613691 0.434106 -0.475976 0.764852 -4.64016 2.049 -2.03981</i>
                        <i>0.556221 0.805323 0.205118 -0.716862 0.340101 0.608638 0.420389 -0.485579 0.766477 -4.62944 2.05593 -2.03423</i>
                        <i>0.566555 0.797112 0.208872 -0.712965 0.347097 0.609265 0.413154 -0.494101 0.764963 -4.62755 2.06766 -2.02926</i>
                        <i>0.575715 0.788769 0.215397 -0.708816 0.350134 0.612361 0.407594 -0.505222 0.760669 -4.63228 2.08266 -2.0262</i>
                        <i>0.582039 0.779022 0.23314 -0.709329 0.346218 0.613991 0.397596 -0.52274 0.754096 -4.63892 2.09964 -2.02521</i>
                        <i>0.586207 0.76782 0.258483 -0.712979 0.337413 0.614666 0.384737 -0.544614 0.745233 -4.64719 2.11823 -2.02561</i>
                        <i>0.58853 0.755172 0.288699 -0.718714 0.325162 0.614589 0.370247 -0.569196 0.734121 -4.65679 2.13803 -2.02694</i>
                        <i>0.589155 0.741268 0.321587 -0.725788 0.310549 0.613833 0.355146 -0.595047 0.720965 -4.66737 2.15861 -2.02886</i>
                        <i>0.588173 0.726496 0.355326 -0.733653 0.294434 0.612423 0.340303 -0.620897 0.706174 -4.67857 2.17956 -2.03111</i>
                        <i>0.585682 0.711401 0.388439 -0.741903 0.277513 0.610382 0.326429 -0.645674 0.690325 -4.68999 2.20049 -2.0335</i>
                        <i>0.58181 0.696602 0.419813 -0.750241 0.260344 0.60775 0.314065 -0.668555 0.67409 -4.70122 2.22102 -2.03588</i>
                        <i>0.576728 0.682689 0.448688 -0.758443 0.243361 0.604599 0.30356 -0.688993 0.658134 -4.71183 2.24086 -2.0381</i>
                        <i>0.570652 0.670143 0.47462 -0.766342 0.226899 0.601029 0.295085 -0.706701 0.643039 -4.72138 2.25972 -2.04007</i>
                        <i>0.563849 0.659299 0.497392 -0.773791 0.211236 0.597183 0.288655 -0.721598 0.629265 -4.72945 2.2774 -2.04168</i>
                        <i>0.556655 0.650359 0.516883 -0.780629 0.196666 0.593246 0.28417 -0.733727 0.617165 -4.73561 2.29371 -2.04278</i>
                        <i>0.536843 0.64845 0.539733 -0.793394 0.170457 0.584354 0.286923 -0.741928 0.605985 -4.73568 2.30319 -2.04614</i>
                        <i>0.503409 0.653261 0.565535 -0.811508 0.132701 0.569074 0.296707 -0.745413 0.596929 -4.72838 2.30648 -2.05158</i>
                        <i>0.474016 0.658092 0.584999 -0.82634 0.103031 0.553666 0.30409 -0.745855 0.592646 -4.71764 2.31264 -2.05466</i>
                        <i>0.466705 0.657208 0.591831 -0.831899 0.0990596 0.546015 0.300218 -0.747172 0.592962 -4.7072 2.33097 -2.05128</i>
                        <i>0.498868 0.65057 0.572617 -0.82124 0.143721 0.552185 0.276938 -0.745723 0.605972 -4.69308 2.37515 -2.03286</i>
                        <i>0.561078 0.635317 0.530626 -0.789993 0.219554 0.572457 0.24719 -0.740384 0.625082 -4.67832 2.43369 -2.00475</i>
                        <i>0.624641 0.60196 0.497462 -0.750349 0.286182 0.595883 0.216333 -0.745483 0.630441 -4.67482 2.48172 -1.98573</i>
                        <i>0.686706 0.543166 0.483121 -0.708292 0.350398 0.612816 0.163576 -0.763015 0.625341 -4.68706 2.51581 -1.98238</i>
                        <i>0.741208 0.475979 0.473344 -0.665206 0.426209 0.613063 0.090061 -0.769279 0.632534 -4.70614 2.54367 -1.98597</i>
                        <i>0.768115 0.429387 0.475002 -0.639868 0.487095 0.594397 0.0238548 -0.760503 0.648896 -4.7232 2.56169 -1.9929</i>
                        <i>0.764631 0.414525 0.493465 -0.644392 0.503559 0.575489 -0.00993375 -0.758022 0.652154 -4.73216 2.57037 -1.99912</i>
                        <i>0.737108 0.42058 0.528946 -0.675683 0.471599 0.56661 -0.0111458 -0.775053 0.631798 -4.73477 2.56264 -2.00444</i>
                        <i>0.694729 0.432467 0.574738 -0.719242 0.410495 0.560521 0.00647993 -0.802786 0.596232 -4.73599 2.54458 -2.01069</i>
                        <i>0.640962 0.445085 0.625354 -0.766425 0.326575 0.55312 0.0419603 -0.833815 0.550446 -4.73572 2.5241 -2.01683</i>
                        <i>0.580473 0.454858 0.675393 -0.809187 0.229603 0.540832 0.0909294 -0.860457 0.501344 -4.73392 2.50439 -2.02193</i>
                        <i>0.51989 0.460154 0.719703 -0.841842 0.133007 0.523079 0.144972 -0.87782 0.456526 -4.73077 2.48785 -2.02515</i>
                        <i>0.467587 0.461551 0.753879 -0.862512 0.0515505 0.503404 0.193484 -0.885615 0.422198 -4.72664 2.47723 -2.02579</i>
                        <i>0.432794 0.461422 0.774454 -0.872621 -0.00124601 0.488396 0.226322 -0.88718 0.402107 -4.72204 2.47664 -2.02329</i>
                        <i>0.415807 0.462886 0.782842 -0.87632 -0.026303 0.48101 0.243244 -0.886028 0.394699 -4.71673 2.48734 -2.01772</i>
                        <i>0.409211 0.467199 0.783755 -0.877175 -0.0350625 0.478889 0.251217 -0.883457 0.395467 -4.71034 2.50524 -2.00989</i>
                        <i>0.410695 0.474132 0.778799 -0.876165 -0.0311506 0.481005 0.252319 -0.879903 0.402624 -4.7031 2.52868 -2.00036</i>
                        <i>0.417925 0.483088 0.769392 -0.873751 -0.0181925 0.486034 0.248794 -0.875383 0.414495 -4.69525 2.55598 -1.98964</i>
                        <i>0.42852 0.493326 0.756968 -0.870267 0.000121994 0.49258 0.24291 -0.869845 0.429378 -4.68704 2.58545 -1.97824</i>
                        <i>0.440038 0.504107 0.74313 -0.866179 0.020002 0.499333 0.236853 -0.86341 0.445449 -4.67873 2.61541 -1.96666</i>
                        <i>0.449977 0.51478 0.729741 -0.862209 0.0375683 0.505158 0.23263 -0.856499 0.460753 -4.67061 2.64417 -1.95542</i>
                        <i>0.45579 0.524778 0.718932 -0.859316 0.0488931 0.509102 0.232015 -0.849834 0.473235 -4.66297 2.67005 -1.94505</i>
                        <i>0.45579 0.524778 0.718932 -0.859316 0.0488931 0.509102 0.232015 -0.849834 0.473235 -4.66297 2.67005 -1.94505</i>
                        <i>0.45579 0.524778 0.718932 -0.859316 0.0488931 0.509102 0.232015 -0.849834 0.473235 -4.66297 2.67005 -1.94505</i>
                        <i>0.45579 0.524778 0.718932 -0.859316 0.0488931 0.509102 0.232015 -0.849834 0.473235 -4.66297 2.67005 -1.94505</i>
                        <i>0.45579 0.524778 0.718932 -0.859316 0.0488931 0.509102 0.232015 -0.849834 0.473235 -4.66297 2.67005 -1.94505</i>
                        <i>0.45579 0.524778 0.718932 -0.859316 0.0488931 0.509102 0.232015 -0.849834 0.473235 -4.66297 2.67005 -1.94505</i>
                        <i>0.45579 0.524778 0.718932 -0.859316 0.0488931 0.509102 0.232015 -0.849834 0.473235 -4.66297 2.67005 -1.94505</i>
                        <i>0.45579 0.524778 0.718932 -0.859316 0.0488931 0.509102 0.232015 -0.849834 0.473235 -4.66297 2.67005 -1.94505</i>
                        <i>0.45579 0.524778 0.718932 -0.859316 0.0488931 0.509102 0.232015 -0.849834 0.473235 -4.66297 2.67005 -1.94505</i>
                        <i>0.45579 0.524778 0.718932 -0.859316 0.0488931 0.509102 0.232015 -0.849834 0.473235 -4.66297 2.67005 -1.94505</i>
                        <i>0.45579 0.524778 0.718932 -0.859316 0.0488931 0.509102 0.232015 -0.849834 0.473235 -4.66297 2.67005 -1.94505</i>
                        <i>0.45579 0.524778 0.718932 -0.859316 0.0488931 0.509102 0.232015 -0.849834 0.473235 -4.66297 2.67005 -1.94505</i>
                        <i>0.45579 0.524778 0.718932 -0.859316 0.0488931 0.509102 0.232015 -0.849834 0.473235 -4.66297 2.67005 -1.94505</i>
                        <i>0.45579 0.524778 0.718932 -0.859316 0.0488931 0.509102 0.232015 -0.849834 0.473235 -4.66297 2.67005 -1.94505</i>
                        <i>0.45579 0.524778 0.718932 -0.859316 0.0488931 0.509102 0.232015 -0.849834 0.473235 -4.66297 2.67005 -1.94505</i>
                        <i>0.45579 0.524778 0.718932 -0.859316 0.0488931 0.509102 0.232015 -0.849834 0.473235 -4.66297 2.67005 -1.94505</i>
                        <i>0.45579 0.524778 0.718932 -0.859316 0.0488931 0.509102 0.232015 -0.849834 0.473235 -4.66297 2.67005 -1.94505</i>
                        <i>0.45579 0.524778 0.718932 -0.859316 0.0488931 0.509102 0.232015 -0.849834 0.473235 -4.66297 2.67005 -1.94505</i>
                        <i>0.45579 0.524778 0.718932 -0.859316 0.0488931 0.509102 0.232015 -0.849834 0.473235 -4.66297 2.67005 -1.94505</i>
                        <i>0.45579 0.524778 0.718932 -0.859316 0.0488931 0.509102 0.232015 -0.849834 0.473235 -4.66297 2.67005 -1.94505</i>
                        <i>0.45579 0.524778 0.718932 -0.859316 0.0488931 0.509102 0.232015 -0.849834 0.473235 -4.66297 2.67005 -1.94505</i>
                        <i>0.45579 0.524778 0.718932 -0.859316 0.0488931 0.509102 0.232015 -0.849834 0.473235 -4.66297 2.67005 -1.94505</i>
                        <i>0.45579 0.524778 0.718932 -0.859316 0.0488931 0.509102 0.232015 -0.849834 0.473235 -4.66297 2.67005 -1.94505</i>
                        <i>0.45579 0.524778 0.718932 -0.859316 0.0488931 0.509102 0.232015 -0.849834 0.473235 -4.66297 2.67005 -1.94505</i>
