<?xml version="1.0" encoding="ISO-8859-1" ?>
<Animl Version="1">
    <ModellingPackage><![CDATA[Maya.2010]]></ModellingPackage>
    <SrcFile><![CDATA[anims\turrets\artillery\red\~src\artillery_2a36\artillery_2a36_idle_crewman_b.mb]]></SrcFile>
    <FramesPerSecond>30</FramesPerSecond>
    <TotalFrames>193</TotalFrames>
    <Skeleton>
        <RefFrame>
            <Name><![CDATA[soldier_ref_frame]]></Name>
            <Exclude>0</Exclude>
            <Additive>0</Additive>
            <IKPriority>0</IKPriority>
            <IKRotLimits>-1e+010 -1e+010 -1e+010 1e+010 1e+010 1e+010</IKRotLimits>
            <IKRotLimitOrder>0</IKRotLimitOrder>
            <KeyFrames count="193">
                <i>1 0 0 0 1 0 0 0 1 -2.86239 1.35334 -1.90694</i>
                <i>1 0 0 0 1 0 0 0 1 -2.86239 1.35334 -1.90694</i>
                <i>1 0 0 0 1 0 0 0 1 -2.86239 1.35334 -1.90694</i>
                <i>1 0 0 0 1 0 0 0 1 -2.86239 1.35334 -1.90694</i>
                <i>1 0 0 0 1 0 0 0 1 -2.86239 1.35334 -1.90694</i>
                <i>1 0 0 0 1 0 0 0 1 -2.86239 1.35334 -1.90694</i>
                <i>1 0 0 0 1 0 0 0 1 -2.86239 1.35334 -1.90694</i>
                <i>1 0 0 0 1 0 0 0 1 -2.86239 1.35334 -1.90694</i>
                <i>1 0 0 0 1 0 0 0 1 -2.86239 1.35334 -1.90694</i>
                <i>1 0 0 0 1 0 0 0 1 -2.86239 1.35334 -1.90694</i>
                <i>1 0 0 0 1 0 0 0 1 -2.86239 1.35334 -1.90694</i>
                <i>1 0 0 0 1 0 0 0 1 -2.86239 1.35334 -1.90694</i>
                <i>1 0 0 0 1 0 0 0 1 -2.86239 1.35334 -1.90694</i>
                <i>1 0 0 0 1 0 0 0 1 -2.86239 1.35334 -1.90694</i>
                <i>1 0 0 0 1 0 0 0 1 -2.86239 1.35334 -1.90694</i>
                <i>1 0 0 0 1 0 0 0 1 -2.86239 1.35334 -1.90694</i>
                <i>1 0 0 0 1 0 0 0 1 -2.86239 1.35334 -1.90694</i>
                <i>1 0 0 0 1 0 0 0 1 -2.86239 1.35334 -1.90694</i>
                <i>1 0 0 0 1 0 0 0 1 -2.86239 1.35334 -1.90694</i>
                <i>1 0 0 0 1 0 0 0 1 -2.86239 1.35334 -1.90694</i>
                <i>1 0 0 0 1 0 0 0 1 -2.86239 1.35334 -1.90694</i>
                <i>1 0 0 0 1 0 0 0 1 -2.86239 1.35334 -1.90694</i>
                <i>1 0 0 0 1 0 0 0 1 -2.86239 1.35334 -1.90694</i>
                <i>1 0 0 0 1 0 0 0 1 -2.86239 1.35334 -1.90694</i>
                <i>1 0 0 0 1 0 0 0 1 -2.86239 1.35334 -1.90694</i>
                <i>1 0 0 0 1 0 0 0 1 -2.86239 1.35334 -1.90694</i>
                <i>1 0 0 0 1 0 0 0 1 -2.86239 1.35334 -1.90694</i>
                <i>1 0 0 0 1 0 0 0 1 -2.86239 1.35334 -1.90694</i>
                <i>1 0 0 0 1 0 0 0 1 -2.86239 1.35334 -1.90694</i>
                <i>1 0 0 0 1 0 0 0 1 -2.86239 1.35334 -1.90694</i>
                <i>1 0 0 0 1 0 0 0 1 -2.86239 1.35334 -1.90694</i>
                <i>1 0 0 0 1 0 0 0 1 -2.86239 1.35334 -1.90694</i>
                <i>1 0 0 0 1 0 0 0 1 -2.86239 1.35334 -1.90694</i>
                <i>1 0 0 0 1 0 0 0 1 -2.86239 1.35334 -1.90694</i>
                <i>1 0 0 0 1 0 0 0 1 -2.86239 1.35334 -1.90694</i>
                <i>1 0 0 0 1 0 0 0 1 -2.86239 1.35334 -1.90694</i>
                <i>1 0 0 0 1 0 0 0 1 -2.86239 1.35334 -1.90694</i>
                <i>1 0 0 0 1 0 0 0 1 -2.86239 1.35334 -1.90694</i>
                <i>1 0 0 0 1 0 0 0 1 -2.86239 1.35334 -1.90694</i>
                <i>1 0 0 0 1 0 0 0 1 -2.86239 1.35334 -1.90694</i>
                <i>1 0 0 0 1 0 0 0 1 -2.86239 1.35334 -1.90694</i>
                <i>1 0 0 0 1 0 0 0 1 -2.86239 1.35334 -1.90694</i>
                <i>1 0 0 0 1 0 0 0 1 -2.86239 1.35334 -1.90694</i>
                <i>1 0 0 0 1 0 0 0 1 -2.86239 1.35334 -1.90694</i>
                <i>1 0 0 0 1 0 0 0 1 -2.86239 1.35334 -1.90694</i>
                <i>1 0 0 0 1 0 0 0 1 -2.86239 1.35334 -1.90694</i>
                <i>1 0 0 0 1 0 0 0 1 -2.86239 1.35334 -1.90694</i>
                <i>1 0 0 0 1 0 0 0 1 -2.86239 1.35334 -1.90694</i>
                <i>1 0 0 0 1 0 0 0 1 -2.86239 1.35334 -1.90694</i>
                <i>1 0 0 0 1 0 0 0 1 -2.86239 1.35334 -1.90694</i>
                <i>1 0 0 0 1 0 0 0 1 -2.86239 1.35334 -1.90694</i>
                <i>1 0 0 0 1 0 0 0 1 -2.86239 1.35334 -1.90694</i>
                <i>1 0 0 0 1 0 0 0 1 -2.86239 1.35334 -1.90694</i>
                <i>1 0 0 0 1 0 0 0 1 -2.86239 1.35334 -1.90694</i>
                <i>1 0 0 0 1 0 0 0 1 -2.86239 1.35334 -1.90694</i>
                <i>1 0 0 0 1 0 0 0 1 -2.86239 1.35334 -1.90694</i>
                <i>1 0 0 0 1 0 0 0 1 -2.86239 1.35334 -1.90694</i>
                <i>1 0 0 0 1 0 0 0 1 -2.86239 1.35334 -1.90694</i>
                <i>1 0 0 0 1 0 0 0 1 -2.86239 1.35334 -1.90694</i>
                <i>1 0 0 0 1 0 0 0 1 -2.86239 1.35334 -1.90694</i>
                <i>1 0 0 0 1 0 0 0 1 -2.86239 1.35334 -1.90694</i>
                <i>1 0 0 0 1 0 0 0 1 -2.86239 1.35334 -1.90694</i>
                <i>1 0 0 0 1 0 0 0 1 -2.86239 1.35334 -1.90694</i>
                <i>1 0 0 0 1 0 0 0 1 -2.86239 1.35334 -1.90694</i>
                <i>1 0 0 0 1 0 0 0 1 -2.86239 1.35334 -1.90694</i>
                <i>1 0 0 0 1 0 0 0 1 -2.86239 1.35334 -1.90694</i>
                <i>1 0 0 0 1 0 0 0 1 -2.86239 1.35334 -1.90694</i>
                <i>1 0 0 0 1 0 0 0 1 -2.86239 1.35334 -1.90694</i>
                <i>1 0 0 0 1 0 0 0 1 -2.86239 1.35334 -1.90694</i>
                <i>1 0 0 0 1 0 0 0 1 -2.86239 1.35334 -1.90694</i>
                <i>1 0 0 0 1 0 0 0 1 -2.86239 1.35334 -1.90694</i>
                <i>1 0 0 0 1 0 0 0 1 -2.86239 1.35334 -1.90694</i>
                <i>1 0 0 0 1 0 0 0 1 -2.86239 1.35334 -1.90694</i>
                <i>1 0 0 0 1 0 0 0 1 -2.86239 1.35334 -1.90694</i>
                <i>1 0 0 0 1 0 0 0 1 -2.86239 1.35334 -1.90694</i>
                <i>1 0 0 0 1 0 0 0 1 -2.86239 1.35334 -1.90694</i>
                <i>1 0 0 0 1 0 0 0 1 -2.86239 1.35334 -1.90694</i>
                <i>1 0 0 0 1 0 0 0 1 -2.86239 1.35334 -1.90694</i>
                <i>1 0 0 0 1 0 0 0 1 -2.86239 1.35334 -1.90694</i>
                <i>1 0 0 0 1 0 0 0 1 -2.86239 1.35334 -1.90694</i>
                <i>1 0 0 0 1 0 0 0 1 -2.86239 1.35334 -1.90694</i>
                <i>1 0 0 0 1 0 0 0 1 -2.86239 1.35334 -1.90694</i>
                <i>1 0 0 0 1 0 0 0 1 -2.86239 1.35334 -1.90694</i>
                <i>1 0 0 0 1 0 0 0 1 -2.86239 1.35334 -1.90694</i>
                <i>1 0 0 0 1 0 0 0 1 -2.86239 1.35334 -1.90694</i>
                <i>1 0 0 0 1 0 0 0 1 -2.86239 1.35334 -1.90694</i>
                <i>1 0 0 0 1 0 0 0 1 -2.86239 1.35334 -1.90694</i>
                <i>1 0 0 0 1 0 0 0 1 -2.86239 1.35334 -1.90694</i>
                <i>1 0 0 0 1 0 0 0 1 -2.86239 1.35334 -1.90694</i>
                <i>1 0 0 0 1 0 0 0 1 -2.86239 1.35334 -1.90694</i>
                <i>1 0 0 0 1 0 0 0 1 -2.86239 1.35334 -1.90694</i>
                <i>1 0 0 0 1 0 0 0 1 -2.86239 1.35334 -1.90694</i>
                <i>1 0 0 0 1 0 0 0 1 -2.86239 1.35334 -1.90694</i>
                <i>1 0 0 0 1 0 0 0 1 -2.86239 1.35334 -1.90694</i>
                <i>1 0 0 0 1 0 0 0 1 -2.86239 1.35334 -1.90694</i>
                <i>1 0 0 0 1 0 0 0 1 -2.86239 1.35334 -1.90694</i>
                <i>1 0 0 0 1 0 0 0 1 -2.86239 1.35334 -1.90694</i>
                <i>1 0 0 0 1 0 0 0 1 -2.86239 1.35334 -1.90694</i>
                <i>1 0 0 0 1 0 0 0 1 -2.86239 1.35334 -1.90694</i>
                <i>1 0 0 0 1 0 0 0 1 -2.86239 1.35334 -1.90694</i>
                <i>1 0 0 0 1 0 0 0 1 -2.86239 1.35334 -1.90694</i>
                <i>1 0 0 0 1 0 0 0 1 -2.86239 1.35334 -1.90694</i>
                <i>1 0 0 0 1 0 0 0 1 -2.86239 1.35334 -1.90694</i>
                <i>1 0 0 0 1 0 0 0 1 -2.86239 1.35334 -1.90694</i>
                <i>1 0 0 0 1 0 0 0 1 -2.86239 1.35334 -1.90694</i>
                <i>1 0 0 0 1 0 0 0 1 -2.86239 1.35334 -1.90694</i>
                <i>1 0 0 0 1 0 0 0 1 -2.86239 1.35334 -1.90694</i>
                <i>1 0 0 0 1 0 0 0 1 -2.86239 1.35334 -1.90694</i>
                <i>1 0 0 0 1 0 0 0 1 -2.86239 1.35334 -1.90694</i>
                <i>1 0 0 0 1 0 0 0 1 -2.86239 1.35334 -1.90694</i>
                <i>1 0 0 0 1 0 0 0 1 -2.86239 1.35334 -1.90694</i>
                <i>1 0 0 0 1 0 0 0 1 -2.86239 1.35334 -1.90694</i>
                <i>1 0 0 0 1 0 0 0 1 -2.86239 1.35334 -1.90694</i>
                <i>1 0 0 0 1 0 0 0 1 -2.86239 1.35334 -1.90694</i>
                <i>1 0 0 0 1 0 0 0 1 -2.86239 1.35334 -1.90694</i>
                <i>1 0 0 0 1 0 0 0 1 -2.86239 1.35334 -1.90694</i>
                <i>1 0 0 0 1 0 0 0 1 -2.86239 1.35334 -1.90694</i>
                <i>1 0 0 0 1 0 0 0 1 -2.86239 1.35334 -1.90694</i>
                <i>1 0 0 0 1 0 0 0 1 -2.86239 1.35334 -1.90694</i>
                <i>1 0 0 0 1 0 0 0 1 -2.86239 1.35334 -1.90694</i>
                <i>1 0 0 0 1 0 0 0 1 -2.86239 1.35334 -1.90694</i>
                <i>1 0 0 0 1 0 0 0 1 -2.86239 1.35334 -1.90694</i>
                <i>1 0 0 0 1 0 0 0 1 -2.86239 1.35334 -1.90694</i>
                <i>1 0 0 0 1 0 0 0 1 -2.86239 1.35334 -1.90694</i>
                <i>1 0 0 0 1 0 0 0 1 -2.86239 1.35334 -1.90694</i>
                <i>1 0 0 0 1 0 0 0 1 -2.86239 1.35334 -1.90694</i>
                <i>1 0 0 0 1 0 0 0 1 -2.86239 1.35334 -1.90694</i>
                <i>1 0 0 0 1 0 0 0 1 -2.86239 1.35334 -1.90694</i>
                <i>1 0 0 0 1 0 0 0 1 -2.86239 1.35334 -1.90694</i>
                <i>1 0 0 0 1 0 0 0 1 -2.86239 1.35334 -1.90694</i>
                <i>1 0 0 0 1 0 0 0 1 -2.86239 1.35334 -1.90694</i>
                <i>1 0 0 0 1 0 0 0 1 -2.86239 1.35334 -1.90694</i>
                <i>1 0 0 0 1 0 0 0 1 -2.86239 1.35334 -1.90694</i>
                <i>1 0 0 0 1 0 0 0 1 -2.86239 1.35334 -1.90694</i>
                <i>1 0 0 0 1 0 0 0 1 -2.86239 1.35334 -1.90694</i>
                <i>1 0 0 0 1 0 0 0 1 -2.86239 1.35334 -1.90694</i>
                <i>1 0 0 0 1 0 0 0 1 -2.86239 1.35334 -1.90694</i>
                <i>1 0 0 0 1 0 0 0 1 -2.86239 1.35334 -1.90694</i>
                <i>1 0 0 0 1 0 0 0 1 -2.86239 1.35334 -1.90694</i>
                <i>1 0 0 0 1 0 0 0 1 -2.86239 1.35334 -1.90694</i>
                <i>1 0 0 0 1 0 0 0 1 -2.86239 1.35334 -1.90694</i>
                <i>1 0 0 0 1 0 0 0 1 -2.86239 1.35334 -1.90694</i>
                <i>1 0 0 0 1 0 0 0 1 -2.86239 1.35334 -1.90694</i>
                <i>1 0 0 0 1 0 0 0 1 -2.86239 1.35334 -1.90694</i>
                <i>1 0 0 0 1 0 0 0 1 -2.86239 1.35334 -1.90694</i>
                <i>1 0 0 0 1 0 0 0 1 -2.86239 1.35334 -1.90694</i>
                <i>1 0 0 0 1 0 0 0 1 -2.86239 1.35334 -1.90694</i>
                <i>1 0 0 0 1 0 0 0 1 -2.86239 1.35334 -1.90694</i>
                <i>1 0 0 0 1 0 0 0 1 -2.86239 1.35334 -1.90694</i>
                <i>1 0 0 0 1 0 0 0 1 -2.86239 1.35334 -1.90694</i>
                <i>1 0 0 0 1 0 0 0 1 -2.86239 1.35334 -1.90694</i>
                <i>1 0 0 0 1 0 0 0 1 -2.86239 1.35334 -1.90694</i>
                <i>1 0 0 0 1 0 0 0 1 -2.86239 1.35334 -1.90694</i>
                <i>1 0 0 0 1 0 0 0 1 -2.86239 1.35334 -1.90694</i>
                <i>1 0 0 0 1 0 0 0 1 -2.86239 1.35334 -1.90694</i>
                <i>1 0 0 0 1 0 0 0 1 -2.86239 1.35334 -1.90694</i>
                <i>1 0 0 0 1 0 0 0 1 -2.86239 1.35334 -1.90694</i>
                <i>1 0 0 0 1 0 0 0 1 -2.86239 1.35334 -1.90694</i>
                <i>1 0 0 0 1 0 0 0 1 -2.86239 1.35334 -1.90694</i>
                <i>1 0 0 0 1 0 0 0 1 -2.86239 1.35334 -1.90694</i>
                <i>1 0 0 0 1 0 0 0 1 -2.86239 1.35334 -1.90694</i>
                <i>1 0 0 0 1 0 0 0 1 -2.86239 1.35334 -1.90694</i>
                <i>1 0 0 0 1 0 0 0 1 -2.86239 1.35334 -1.90694</i>
                <i>1 0 0 0 1 0 0 0 1 -2.86239 1.35334 -1.90694</i>
                <i>1 0 0 0 1 0 0 0 1 -2.86239 1.35334 -1.90694</i>
                <i>1 0 0 0 1 0 0 0 1 -2.86239 1.35334 -1.90694</i>
                <i>1 0 0 0 1 0 0 0 1 -2.86239 1.35334 -1.90694</i>
                <i>1 0 0 0 1 0 0 0 1 -2.86239 1.35334 -1.90694</i>
                <i>1 0 0 0 1 0 0 0 1 -2.86239 1.35334 -1.90694</i>
                <i>1 0 0 0 1 0 0 0 1 -2.86239 1.35334 -1.90694</i>
                <i>1 0 0 0 1 0 0 0 1 -2.86239 1.35334 -1.90694</i>
                <i>1 0 0 0 1 0 0 0 1 -2.86239 1.35334 -1.90694</i>
                <i>1 0 0 0 1 0 0 0 1 -2.86239 1.35334 -1.90694</i>
                <i>1 0 0 0 1 0 0 0 1 -2.86239 1.35334 -1.90694</i>
                <i>1 0 0 0 1 0 0 0 1 -2.86239 1.35334 -1.90694</i>
                <i>1 0 0 0 1 0 0 0 1 -2.86239 1.35334 -1.90694</i>
                <i>1 0 0 0 1 0 0 0 1 -2.86239 1.35334 -1.90694</i>
                <i>1 0 0 0 1 0 0 0 1 -2.86239 1.35334 -1.90694</i>
                <i>1 0 0 0 1 0 0 0 1 -2.86239 1.35334 -1.90694</i>
                <i>1 0 0 0 1 0 0 0 1 -2.86239 1.35334 -1.90694</i>
                <i>1 0 0 0 1 0 0 0 1 -2.86239 1.35334 -1.90694</i>
                <i>1 0 0 0 1 0 0 0 1 -2.86239 1.35334 -1.90694</i>
                <i>1 0 0 0 1 0 0 0 1 -2.86239 1.35334 -1.90694</i>
                <i>1 0 0 0 1 0 0 0 1 -2.86239 1.35334 -1.90694</i>
                <i>1 0 0 0 1 0 0 0 1 -2.86239 1.35334 -1.90694</i>
                <i>1 0 0 0 1 0 0 0 1 -2.86239 1.35334 -1.90694</i>
                <i>1 0 0 0 1 0 0 0 1 -2.86239 1.35334 -1.90694</i>
                <i>1 0 0 0 1 0 0 0 1 -2.86239 1.35334 -1.90694</i>
                <i>1 0 0 0 1 0 0 0 1 -2.86239 1.35334 -1.90694</i>
                <i>1 0 0 0 1 0 0 0 1 -2.86239 1.35334 -1.90694</i>
                <i>1 0 0 0 1 0 0 0 1 -2.86239 1.35334 -1.90694</i>
                <i>1 0 0 0 1 0 0 0 1 -2.86239 1.35334 -1.90694</i>
                <i>1 0 0 0 1 0 0 0 1 -2.86239 1.35334 -1.90694</i>
            </KeyFrames>
        </RefFrame>
        <Bones count="23">
            <i>
                <p>
                    <Name><![CDATA[pelvis]]></Name>
                    <Exclude>0</Exclude>
                    <Additive>0</Additive>
                    <IKPriority>0</IKPriority>
                    <IKRotLimits>-1e+010 -1e+010 -1e+010 1e+010 1e+010 1e+010</IKRotLimits>
                    <IKRotLimitOrder>2</IKRotLimitOrder>
                    <KeyFrames count="193">
                        <i>1 0 0 0 1 0 0 0 1 -2.86239 2.44826 -1.90694</i>
                        <i>1 0 0 0 1 0 0 0 1 -2.85922 2.44871 -1.90736</i>
                        <i>1 0 0 0 1 0 0 0 1 -2.85664 2.44912 -1.90771</i>
                        <i>1 0 0 0 1 0 0 0 1 -2.85461 2.44948 -1.90798</i>
                        <i>1 0 0 0 1 0 0 0 1 -2.85309 2.4498 -1.90818</i>
                        <i>1 0 0 0 1 0 0 0 1 -2.85202 2.45008 -1.90832</i>
                        <i>1 0 0 0 1 0 0 0 1 -2.85136 2.45033 -1.90841</i>
                        <i>1 0 0 0 1 0 0 0 1 -2.85108 2.45054 -1.90845</i>
                        <i>1 0 0 0 1 0 0 0 1 -2.85113 2.45072 -1.90844</i>
                        <i>1 0 0 0 1 0 0 0 1 -2.85147 2.45087 -1.9084</i>
                        <i>1 0 0 0 1 0 0 0 1 -2.85205 2.45099 -1.90832</i>
                        <i>1 0 0 0 1 0 0 0 1 -2.85283 2.4511 -1.90821</i>
                        <i>1 0 0 0 1 0 0 0 1 -2.85377 2.45117 -1.90809</i>
                        <i>1 0 0 0 1 0 0 0 1 -2.85483 2.45123 -1.90795</i>
                        <i>1 0 0 0 1 0 0 0 1 -2.85596 2.45128 -1.9078</i>
                        <i>1 0 0 0 1 0 0 0 1 -2.85711 2.45131 -1.90764</i>
                        <i>1 0 0 0 1 0 0 0 1 -2.85825 2.45132 -1.90749</i>
                        <i>1 0 0 0 1 0 0 0 1 -2.85934 2.45133 -1.90735</i>
                        <i>1 0 0 0 1 0 0 0 1 -2.86032 2.45133 -1.90722</i>
                        <i>1 0 0 0 1 0 0 0 1 -2.86116 2.45133 -1.9071</i>
                        <i>1 0 0 0 1 0 0 0 1 -2.86181 2.45132 -1.90702</i>
                        <i>1 0 0 0 1 0 0 0 1 -2.86223 2.45132 -1.90696</i>
                        <i>1 0 0 0 1 0 0 0 1 -2.86239 2.45132 -1.90694</i>
                        <i>1 0 0 0 1 0 0 0 1 -2.86457 2.45141 -1.90665</i>
                        <i>1 0 0 0 1 0 0 0 1 -2.87079 2.45165 -1.90582</i>
                        <i>1 0 0 0 1 0 0 0 1 -2.88052 2.45199 -1.90452</i>
                        <i>1 0 0 0 1 0 0 0 1 -2.89323 2.45239 -1.90283</i>
                        <i>1 0 0 0 1 0 0 0 1 -2.9084 2.4528 -1.9008</i>
                        <i>1 0 0 0 1 0 0 0 1 -2.92551 2.45318 -1.89852</i>
                        <i>1 0 0 0 1 0 0 0 1 -2.94403 2.45347 -1.89605</i>
                        <i>1 0 0 0 1 0 0 0 1 -2.96345 2.45364 -1.89346</i>
                        <i>1 0 0 0 1 0 0 0 1 -2.98325 2.45363 -1.89082</i>
                        <i>1 0 0 0 1 0 0 0 1 -3.00289 2.4534 -1.8882</i>
                        <i>1 0 0 0 1 0 0 0 1 -3.02186 2.4529 -1.88567</i>
                        <i>1 0 0 0 1 0 0 0 1 -3.03963 2.45209 -1.8833</i>
                        <i>1 0 0 0 1 0 0 0 1 -3.05568 2.45092 -1.88116</i>
                        <i>1 0 0 0 1 0 0 0 1 -3.06949 2.44934 -1.87932</i>
                        <i>1 0 0 0 1 0 0 0 1 -3.08054 2.44731 -1.87785</i>
                        <i>1 0 0 0 1 0 0 0 1 -3.0883 2.44478 -1.87681</i>
                        <i>1 0 0 0 1 0 0 0 1 -3.09379 2.44176 -1.87608</i>
                        <i>1 0 0 0 1 0 0 0 1 -3.09839 2.43832 -1.87546</i>
                        <i>1 0 0 0 1 0 0 0 1 -3.10216 2.43449 -1.87496</i>
                        <i>1 0 0 0 1 0 0 0 1 -3.10516 2.43033 -1.87455</i>
                        <i>1 0 0 0 1 0 0 0 1 -3.10743 2.42586 -1.87424</i>
                        <i>1 0 0 0 1 0 0 0 1 -3.10904 2.42115 -1.87402</i>
                        <i>1 0 0 0 1 0 0 0 1 -3.11004 2.41622 -1.87388</i>
                        <i>1 0 0 0 1 0 0 0 1 -3.11048 2.41111 -1.87382</i>
                        <i>1 0 0 0 1 0 0 0 1 -3.11041 2.40588 -1.87382</i>
                        <i>1 0 0 0 1 0 0 0 1 -3.10989 2.40056 -1.87389</i>
                        <i>1 0 0 0 1 0 0 0 1 -3.10898 2.39519 -1.874</i>
                        <i>1 0 0 0 1 0 0 0 1 -3.10772 2.38982 -1.87417</i>
                        <i>1 0 0 0 1 0 0 0 1 -3.10618 2.38449 -1.87437</i>
                        <i>1 0 0 0 1 0 0 0 1 -3.1044 2.37924 -1.8746</i>
                        <i>1 0 0 0 1 0 0 0 1 -3.10245 2.37411 -1.87486</i>
                        <i>1 0 0 0 1 0 0 0 1 -3.10037 2.36914 -1.87514</i>
                        <i>1 0 0 0 1 0 0 0 1 -3.09822 2.36438 -1.87543</i>
                        <i>1 0 0 0 1 0 0 0 1 -3.09605 2.35987 -1.87573</i>
                        <i>1 0 0 0 1 0 0 0 1 -3.09392 2.35565 -1.87602</i>
                        <i>1 0 0 0 1 0 0 0 1 -3.09189 2.35176 -1.8763</i>
                        <i>1 0 0 0 1 0 0 0 1 -3.08999 2.34824 -1.87657</i>
                        <i>1 0 0 0 1 0 0 0 1 -3.0883 2.34514 -1.87681</i>
                        <i>1 0 0 0 1 0 0 0 1 -3.08679 2.34278 -1.87703</i>
                        <i>1 0 0 0 1 0 0 0 1 -3.08538 2.34138 -1.87722</i>
                        <i>1 0 0 0 1 0 0 0 1 -3.08408 2.34084 -1.87739</i>
                        <i>1 0 0 0 1 0 0 0 1 -3.08288 2.34106 -1.87753</i>
                        <i>1 0 0 0 1 0 0 0 1 -3.08179 2.34194 -1.87765</i>
                        <i>1 0 0 0 1 0 0 0 1 -3.08081 2.34338 -1.87775</i>
                        <i>1 0 0 0 1 0 0 0 1 -3.07993 2.34527 -1.87783</i>
                        <i>1 0 0 0 1 0 0 0 1 -3.07916 2.34751 -1.87788</i>
                        <i>1 0 0 0 1 0 0 0 1 -3.07848 2.35001 -1.87791</i>
                        <i>1 0 0 0 1 0 0 0 1 -3.07791 2.35266 -1.87792</i>
                        <i>1 0 0 0 1 0 0 0 1 -3.07745 2.3553 -1.87791</i>
                        <i>1 0 0 0 1 0 0 0 1 -3.07708 2.35794 -1.87788</i>
                        <i>1 0 0 0 1 0 0 0 1 -3.07681 2.36073 -1.87783</i>
                        <i>1 0 0 0 1 0 0 0 1 -3.07665 2.3638 -1.87775</i>
                        <i>1 0 0 0 1 0 0 0 1 -3.07658 2.36731 -1.87766</i>
                        <i>1 0 0 0 1 0 0 0 1 -3.07663 2.37116 -1.87755</i>
                        <i>1 0 0 0 1 0 0 0 1 -3.0768 2.37513 -1.87741</i>
                        <i>1 0 0 0 1 0 0 0 1 -3.07709 2.37922 -1.87724</i>
                        <i>1 0 0 0 1 0 0 0 1 -3.07748 2.38339 -1.87706</i>
                        <i>1 0 0 0 1 0 0 0 1 -3.07796 2.38764 -1.87686</i>
                        <i>1 0 0 0 1 0 0 0 1 -3.07852 2.39195 -1.87665</i>
                        <i>1 0 0 0 1 0 0 0 1 -3.07914 2.39629 -1.87642</i>
                        <i>1 0 0 0 1 0 0 0 1 -3.07981 2.40065 -1.87618</i>
                        <i>1 0 0 0 1 0 0 0 1 -3.08053 2.40502 -1.87594</i>
                        <i>1 0 0 0 1 0 0 0 1 -3.08127 2.40936 -1.87569</i>
                        <i>1 0 0 0 1 0 0 0 1 -3.08202 2.41367 -1.87544</i>
                        <i>1 0 0 0 1 0 0 0 1 -3.08278 2.41793 -1.87519</i>
                        <i>1 0 0 0 1 0 0 0 1 -3.08353 2.42212 -1.87494</i>
                        <i>1 0 0 0 1 0 0 0 1 -3.08425 2.42621 -1.87469</i>
                        <i>1 0 0 0 1 0 0 0 1 -3.08494 2.43019 -1.87446</i>
                        <i>1 0 0 0 1 0 0 0 1 -3.08559 2.43405 -1.87423</i>
                        <i>1 0 0 0 1 0 0 0 1 -3.08617 2.43777 -1.87401</i>
                        <i>1 0 0 0 1 0 0 0 1 -3.08668 2.44132 -1.87381</i>
                        <i>1 0 0 0 1 0 0 0 1 -3.08711 2.44469 -1.87363</i>
                        <i>1 0 0 0 1 0 0 0 1 -3.08744 2.44786 -1.87347</i>
                        <i>1 0 0 0 1 0 0 0 1 -3.08767 2.45081 -1.87332</i>
                        <i>1 0 0 0 1 0 0 0 1 -3.08774 2.45341 -1.87321</i>
                        <i>1 0 0 0 1 0 0 0 1 -3.08764 2.45558 -1.87313</i>
                        <i>1 0 0 0 1 0 0 0 1 -3.0874 2.45736 -1.87308</i>
                        <i>1 0 0 0 1 0 0 0 1 -3.08704 2.45879 -1.87306</i>
                        <i>1 0 0 0 1 0 0 0 1 -3.08658 2.45992 -1.87305</i>
                        <i>1 0 0 0 1 0 0 0 1 -3.08604 2.4608 -1.87307</i>
                        <i>1 0 0 0 1 0 0 0 1 -3.08546 2.46148 -1.87309</i>
                        <i>1 0 0 0 1 0 0 0 1 -3.08484 2.46199 -1.87313</i>
                        <i>1 0 0 0 1 0 0 0 1 -3.08423 2.46239 -1.87316</i>
                        <i>1 0 0 0 1 0 0 0 1 -3.08363 2.46272 -1.8732</i>
                        <i>1 0 0 0 1 0 0 0 1 -3.08307 2.46303 -1.87324</i>
                        <i>1 0 0 0 1 0 0 0 1 -3.08258 2.46337 -1.87327</i>
                        <i>1 0 0 0 1 0 0 0 1 -3.08217 2.46377 -1.87328</i>
                        <i>1 0 0 0 1 0 0 0 1 -3.08186 2.46412 -1.87328</i>
                        <i>1 0 0 0 1 0 0 0 1 -3.08162 2.46428 -1.87328</i>
                        <i>1 0 0 0 1 0 0 0 1 -3.08144 2.46428 -1.87327</i>
                        <i>1 0 0 0 1 0 0 0 1 -3.08133 2.46415 -1.87325</i>
                        <i>1 0 0 0 1 0 0 0 1 -3.08128 2.46391 -1.87322</i>
                        <i>1 0 0 0 1 0 0 0 1 -3.08128 2.46358 -1.87319</i>
                        <i>1 0 0 0 1 0 0 0 1 -3.08134 2.46321 -1.87316</i>
                        <i>1 0 0 0 1 0 0 0 1 -3.08144 2.46281 -1.87313</i>
                        <i>1 0 0 0 1 0 0 0 1 -3.08159 2.46241 -1.87309</i>
                        <i>1 0 0 0 1 0 0 0 1 -3.08177 2.46203 -1.87305</i>
                        <i>1 0 0 0 1 0 0 0 1 -3.08199 2.46172 -1.87301</i>
                        <i>1 0 0 0 1 0 0 0 1 -3.08225 2.46143 -1.87298</i>
                        <i>1 0 0 0 1 0 0 0 1 -3.08253 2.46114 -1.87295</i>
                        <i>1 0 0 0 1 0 0 0 1 -3.08284 2.46083 -1.87294</i>
                        <i>1 0 0 0 1 0 0 0 1 -3.08316 2.4605 -1.87293</i>
                        <i>1 0 0 0 1 0 0 0 1 -3.08351 2.46014 -1.87293</i>
                        <i>1 0 0 0 1 0 0 0 1 -3.08386 2.45977 -1.87294</i>
                        <i>1 0 0 0 1 0 0 0 1 -3.08423 2.45936 -1.87296</i>
                        <i>1 0 0 0 1 0 0 0 1 -3.08459 2.45891 -1.87299</i>
                        <i>1 0 0 0 1 0 0 0 1 -3.08496 2.45843 -1.87303</i>
                        <i>1 0 0 0 1 0 0 0 1 -3.08533 2.45791 -1.87308</i>
                        <i>1 0 0 0 1 0 0 0 1 -3.08568 2.45734 -1.87314</i>
                        <i>1 0 0 0 1 0 0 0 1 -3.08602 2.45673 -1.87321</i>
                        <i>1 0 0 0 1 0 0 0 1 -3.08635 2.45608 -1.87329</i>
                        <i>1 0 0 0 1 0 0 0 1 -3.08665 2.4554 -1.87338</i>
                        <i>1 0 0 0 1 0 0 0 1 -3.08693 2.45469 -1.87348</i>
                        <i>1 0 0 0 1 0 0 0 1 -3.08719 2.45395 -1.87359</i>
                        <i>1 0 0 0 1 0 0 0 1 -3.0874 2.45319 -1.87372</i>
                        <i>1 0 0 0 1 0 0 0 1 -3.08758 2.45241 -1.87385</i>
                        <i>1 0 0 0 1 0 0 0 1 -3.08772 2.45162 -1.87399</i>
                        <i>1 0 0 0 1 0 0 0 1 -3.08782 2.45081 -1.87415</i>
                        <i>1 0 0 0 1 0 0 0 1 -3.08781 2.44999 -1.87432</i>
                        <i>1 0 0 0 1 0 0 0 1 -3.08767 2.44916 -1.87452</i>
                        <i>1 0 0 0 1 0 0 0 1 -3.08742 2.44832 -1.87474</i>
                        <i>1 0 0 0 1 0 0 0 1 -3.08708 2.44746 -1.87498</i>
                        <i>1 0 0 0 1 0 0 0 1 -3.08669 2.44659 -1.87523</i>
                        <i>1 0 0 0 1 0 0 0 1 -3.08625 2.44572 -1.87548</i>
                        <i>1 0 0 0 1 0 0 0 1 -3.08581 2.44484 -1.87573</i>
                        <i>1 0 0 0 1 0 0 0 1 -3.08537 2.44395 -1.87598</i>
                        <i>1 0 0 0 1 0 0 0 1 -3.08498 2.44305 -1.87622</i>
                        <i>1 0 0 0 1 0 0 0 1 -3.08464 2.44216 -1.87645</i>
                        <i>1 0 0 0 1 0 0 0 1 -3.08439 2.44126 -1.87665</i>
                        <i>1 0 0 0 1 0 0 0 1 -3.08424 2.44036 -1.87683</i>
                        <i>1 0 0 0 1 0 0 0 1 -3.08423 2.43947 -1.87698</i>
                        <i>1 0 0 0 1 0 0 0 1 -3.08438 2.43857 -1.87709</i>
                        <i>1 0 0 0 1 0 0 0 1 -3.08471 2.43768 -1.87717</i>
                        <i>1 0 0 0 1 0 0 0 1 -3.08539 2.43677 -1.87717</i>
                        <i>1 0 0 0 1 0 0 0 1 -3.08647 2.43583 -1.87709</i>
                        <i>1 0 0 0 1 0 0 0 1 -3.08788 2.43486 -1.87694</i>
                        <i>1 0 0 0 1 0 0 0 1 -3.08951 2.43388 -1.87674</i>
                        <i>1 0 0 0 1 0 0 0 1 -3.09126 2.43291 -1.87651</i>
                        <i>1 0 0 0 1 0 0 0 1 -3.09304 2.43194 -1.87626</i>
                        <i>1 0 0 0 1 0 0 0 1 -3.09475 2.43101 -1.87602</i>
                        <i>1 0 0 0 1 0 0 0 1 -3.0963 2.43011 -1.87579</i>
                        <i>1 0 0 0 1 0 0 0 1 -3.09759 2.42926 -1.8756</i>
                        <i>1 0 0 0 1 0 0 0 1 -3.09851 2.42847 -1.87546</i>
                        <i>1 0 0 0 1 0 0 0 1 -3.09898 2.42776 -1.87539</i>
                        <i>1 0 0 0 1 0 0 0 1 -3.09893 2.42716 -1.87539</i>
                        <i>1 0 0 0 1 0 0 0 1 -3.09828 2.42671 -1.87548</i>
                        <i>1 0 0 0 1 0 0 0 1 -3.09698 2.42639 -1.87565</i>
                        <i>1 0 0 0 1 0 0 0 1 -3.09493 2.42622 -1.87593</i>
                        <i>1 0 0 0 1 0 0 0 1 -3.09207 2.42618 -1.87631</i>
                        <i>1 0 0 0 1 0 0 0 1 -3.0883 2.42628 -1.87681</i>
                        <i>1 0 0 0 1 0 0 0 1 -3.08263 2.4266 -1.87757</i>
                        <i>1 0 0 0 1 0 0 0 1 -3.07449 2.42718 -1.87865</i>
                        <i>1 0 0 0 1 0 0 0 1 -3.06432 2.42797 -1.88001</i>
                        <i>1 0 0 0 1 0 0 0 1 -3.05256 2.42894 -1.88158</i>
                        <i>1 0 0 0 1 0 0 0 1 -3.03967 2.43004 -1.8833</i>
                        <i>1 0 0 0 1 0 0 0 1 -3.02607 2.43123 -1.88511</i>
                        <i>1 0 0 0 1 0 0 0 1 -3.01222 2.43248 -1.88696</i>
                        <i>1 0 0 0 1 0 0 0 1 -2.99855 2.43373 -1.88878</i>
                        <i>1 0 0 0 1 0 0 0 1 -2.9855 2.43496 -1.89052</i>
                        <i>1 0 0 0 1 0 0 0 1 -2.97353 2.43611 -1.89212</i>
                        <i>1 0 0 0 1 0 0 0 1 -2.96158 2.43729 -1.89371</i>
                        <i>1 0 0 0 1 0 0 0 1 -2.94862 2.43863 -1.89544</i>
                        <i>1 0 0 0 1 0 0 0 1 -2.9351 2.44005 -1.89724</i>
                        <i>1 0 0 0 1 0 0 0 1 -2.92147 2.44151 -1.89906</i>
                        <i>1 0 0 0 1 0 0 0 1 -2.90818 2.44296 -1.90083</i>
                        <i>1 0 0 0 1 0 0 0 1 -2.89566 2.44435 -1.9025</i>
                        <i>1 0 0 0 1 0 0 0 1 -2.88438 2.44563 -1.90401</i>
                        <i>1 0 0 0 1 0 0 0 1 -2.87477 2.44674 -1.90529</i>
                        <i>1 0 0 0 1 0 0 0 1 -2.86729 2.44763 -1.90629</i>
                        <i>1 0 0 0 1 0 0 0 1 -2.86239 2.44826 -1.90694</i>
                    </KeyFrames>
                </p>
            </i>
            <i>
                <p>
                    <Name><![CDATA[spine0]]></Name>
                    <Exclude>0</Exclude>
                    <Additive>0</Additive>
                    <IKPriority>0</IKPriority>
                    <IKRotLimits>-1e+010 -1e+010 -1e+010 1e+010 1e+010 1e+010</IKRotLimits>
                    <IKRotLimitOrder>0</IKRotLimitOrder>
                    <KeyFrames count="193">
                        <i>0.0169981 0.995551 0.0926736 -0.983592 -2.22045e-016 0.180409 0.179607 -0.0942196 0.979216 -2.86934 2.58686 -1.94485</i>
                        <i>0.0182297 0.995557 0.0923841 -0.983022 0.000973302 0.183487 0.182581 -0.0941605 0.978671 -2.86611 2.58738 -1.94503</i>
                        <i>0.0192317 0.99556 0.0921429 -0.98255 0.00176627 0.185991 0.185002 -0.0941119 0.978221 -2.86349 2.58784 -1.94518</i>
                        <i>0.0200205 0.995563 0.0919454 -0.982173 0.00239177 0.187964 0.18691 -0.0940694 0.977863 -2.86142 2.58825 -1.9453</i>
                        <i>0.0206125 0.995565 0.0917872 -0.981886 0.0028628 0.189449 0.188346 -0.0940296 0.977591 -2.85986 2.5886 -1.94539</i>
                        <i>0.0210243 0.995568 0.0916644 -0.981684 0.00319245 0.190487 0.189351 -0.0939904 0.977401 -2.85877 2.5889 -1.94545</i>
                        <i>0.0212728 0.995571 0.0915733 -0.98156 0.00339388 0.191122 0.189964 -0.0939505 0.977285 -2.8581 2.58916 -1.94549</i>
                        <i>0.0213747 0.995575 0.0915104 -0.981507 0.00348029 0.191393 0.190228 -0.0939091 0.977238 -2.85782 2.58938 -1.94551</i>
                        <i>0.0213469 0.995579 0.0914723 -0.981517 0.00346492 0.191345 0.190182 -0.0938662 0.977251 -2.85787 2.58956 -1.9455</i>
                        <i>0.0212064 0.995583 0.0914558 -0.981581 0.00336105 0.191017 0.189866 -0.0938221 0.977317 -2.85821 2.5897 -1.94548</i>
                        <i>0.0209702 0.995588 0.0914577 -0.981691 0.00318195 0.190453 0.189321 -0.0937771 0.977427 -2.8588 2.58982 -1.94545</i>
                        <i>0.0206552 0.995593 0.0914749 -0.981839 0.00294093 0.189693 0.188588 -0.0937318 0.977573 -2.8596 2.5899 -1.9454</i>
                        <i>0.0202784 0.995598 0.0915042 -0.982016 0.00265127 0.18878 0.187706 -0.0936868 0.977747 -2.86056 2.58996 -1.94535</i>
                        <i>0.0198568 0.995603 0.0915425 -0.982213 0.00232627 0.187755 0.186716 -0.0936425 0.977941 -2.86164 2.59 -1.94529</i>
                        <i>0.0194072 0.995608 0.0915866 -0.982423 0.00197922 0.18666 0.185659 -0.0935993 0.978146 -2.86279 2.59002 -1.94522</i>
                        <i>0.0189467 0.995613 0.0916333 -0.982636 0.00162341 0.185537 0.184575 -0.0935575 0.978355 -2.86396 2.59002 -1.94515</i>
                        <i>0.018492 0.995617 0.0916792 -0.982845 0.00127208 0.184428 0.183503 -0.0935169 0.978561 -2.86513 2.59002 -1.94509</i>
                        <i>0.01806 0.995621 0.091721 -0.983043 0.000938504 0.183375 0.182486 -0.0934774 0.978755 -2.86623 2.59 -1.94502</i>
                        <i>0.0176675 0.995625 0.0917553 -0.983221 0.000635914 0.182419 0.181563 -0.0934386 0.97893 -2.86723 2.58998 -1.94497</i>
                        <i>0.0173313 0.995629 0.0917787 -0.983372 0.000377546 0.181603 0.180774 -0.0934001 0.97908 -2.86809 2.58996 -1.94492</i>
                        <i>0.0170683 0.995632 0.0917877 -0.983489 0.000176622 0.180968 0.180161 -0.093361 0.979196 -2.86875 2.58994 -1.94488</i>
                        <i>0.016895 0.995636 0.0917789 -0.983565 4.63616e-005 0.180556 0.179764 -0.0933209 0.979273 -2.86918 2.58993 -1.94485</i>
                        <i>0.0168284 0.99564 0.0917486 -0.983592 -2.22045e-016 0.180409 0.179623 -0.0932792 0.979303 -2.86934 2.58992 -1.94485</i>
                        <i>0.0150101 0.995669 0.0917461 -0.988765 0.00113283 0.149473 0.148722 -0.0929589 0.9845 -2.86971 2.59003 -1.94478</i>
                        <i>0.00818052 0.99564 0.0929235 -0.99318 -0.00271809 0.116558 0.116302 -0.0932433 0.988827 -2.87458 2.59033 -1.94388</i>
                        <i>-0.00288471 0.995456 0.095178 -0.996568 -0.010736 0.0820818 0.0827307 -0.0946146 0.99207 -2.88339 2.5908 -1.94222</i>
                        <i>-0.0174152 0.994995 0.0983989 -0.998675 -0.0220758 0.0464755 0.0484151 -0.0974592 0.994061 -2.89557 2.59138 -1.93987</i>
                        <i>-0.0346427 0.994133 0.102465 -0.999304 -0.0358729 0.0101872 0.0138032 -0.102041 0.994684 -2.91055 2.59204 -1.93693</i>
                        <i>-0.0537983 0.992776 0.107245 -0.998339 -0.0512568 -0.0263171 -0.0206299 -0.108483 0.993884 -2.92778 2.5927 -1.93351</i>
                        <i>-0.0741115 0.990873 0.112596 -0.995765 -0.067369 -0.062555 -0.0543986 -0.116755 0.99167 -2.94667 2.59332 -1.9297</i>
                        <i>-0.094811 0.988433 0.118366 -0.991684 -0.0833833 -0.0980329 -0.0870293 -0.126676 0.988119 -2.96667 2.59381 -1.92564</i>
                        <i>-0.115127 0.985531 0.124394 -0.986307 -0.0985251 -0.132252 -0.118082 -0.137916 0.98338 -2.98717 2.59413 -1.92146</i>
                        <i>-0.133841 0.982363 0.130574 -0.980013 -0.111635 -0.164659 -0.147179 -0.150002 0.97767 -3.00761 2.59421 -1.9173</i>
                        <i>-0.1501 0.97916 0.136805 -0.973239 -0.121983 -0.194748 -0.174001 -0.162376 0.971266 -3.02737 2.59398 -1.91329</i>
                        <i>-0.163683 0.976111 0.142884 -0.966377 -0.129537 -0.222117 -0.198302 -0.174437 0.964494 -3.04587 2.59339 -1.9096</i>
                        <i>-0.174351 0.973415 0.148541 -0.959815 -0.134314 -0.246406 -0.219904 -0.185533 0.957716 -3.06249 2.59239 -1.90637</i>
                        <i>-0.181835 0.971282 0.153453 -0.953919 -0.136354 -0.267294 -0.238694 -0.194985 0.951318 -3.07662 2.59093 -1.90376</i>
                        <i>-0.185837 0.969914 0.157262 -0.949024 -0.135707 -0.284494 -0.254593 -0.202115 0.945691 -3.08765 2.58896 -1.90193</i>
                        <i>-0.186035 0.969494 0.159601 -0.945421 -0.1324 -0.297742 -0.267528 -0.20628 0.941211 -3.09498 2.58643 -1.901</i>
                        <i>-0.182808 0.969904 0.160831 -0.943013 -0.126719 -0.307684 -0.278043 -0.207913 0.937797 -3.09969 2.58336 -1.90081</i>
                        <i>-0.176932 0.970867 0.161595 -0.941483 -0.119094 -0.31532 -0.286889 -0.207929 0.935126 -3.10334 2.5798 -1.90105</i>
                        <i>-0.168653 0.972279 0.161957 -0.940726 -0.109721 -0.320931 -0.294264 -0.206483 0.933152 -3.10598 2.5758 -1.90169</i>
                        <i>-0.158213 0.974026 0.161993 -0.940615 -0.0987694 -0.32479 -0.300354 -0.203759 0.93181 -3.1077 2.57139 -1.90268</i>
                        <i>-0.145854 0.975988 0.161785 -0.94101 -0.0863951 -0.327163 -0.30533 -0.199959 0.931016 -3.10857 2.56661 -1.90399</i>
                        <i>-0.131818 0.978043 0.161416 -0.941767 -0.0727451 -0.328304 -0.309353 -0.195292 0.930678 -3.10867 2.56151 -1.90558</i>
                        <i>-0.116346 0.980077 0.160975 -0.942739 -0.0579657 -0.328456 -0.312581 -0.189972 0.930701 -3.10806 2.5561 -1.9074</i>
                        <i>-0.0996861 0.981981 0.160548 -0.943788 -0.0422081 -0.327846 -0.315162 -0.184205 0.930989 -3.10683 2.55045 -1.90941</i>
                        <i>-0.0820697 0.983673 0.160161 -0.944784 -0.0256339 -0.326688 -0.317249 -0.178129 0.931463 -3.10505 2.5446 -1.91158</i>
                        <i>-0.0637256 0.985089 0.159808 -0.945615 -0.00841907 -0.32518 -0.318985 -0.171839 0.932051 -3.1028 2.53858 -1.91386</i>
                        <i>-0.0449024 0.986173 0.15952 -0.946183 0.00924646 -0.323499 -0.320501 -0.165461 0.932685 -3.10015 2.53244 -1.91621</i>
                        <i>-0.0258552 0.986889 0.159318 -0.946415 0.0271561 -0.321808 -0.321915 -0.159101 0.933305 -3.09717 2.52625 -1.91859</i>
                        <i>-0.00684454 0.987221 0.159212 -0.94626 0.0450868 -0.320247 -0.323333 -0.152848 0.933859 -3.09394 2.52004 -1.92098</i>
                        <i>0.0118628 0.987175 0.159201 -0.945692 0.0627996 -0.31894 -0.324847 -0.146772 0.934309 -3.09052 2.51388 -1.92334</i>
                        <i>0.0299954 0.986779 0.15927 -0.94471 0.0800411 -0.317988 -0.326532 -0.140926 0.934621 -3.08699 2.50782 -1.92564</i>
                        <i>0.0472776 0.986082 0.159394 -0.943339 0.0965463 -0.317476 -0.328447 -0.135353 0.934774 -3.08342 2.50192 -1.92785</i>
                        <i>0.0634309 0.985152 0.159537 -0.941625 0.11204 -0.317472 -0.330633 -0.130086 0.934751 -3.07985 2.49624 -1.92995</i>
                        <i>0.0781747 0.984073 0.159654 -0.939639 0.126241 -0.318029 -0.333118 -0.125155 0.934542 -3.07637 2.49084 -1.9319</i>
                        <i>0.0912284 0.982942 0.159694 -0.937463 0.138864 -0.319187 -0.335918 -0.120588 0.93414 -3.07304 2.48578 -1.9337</i>
                        <i>0.102312 0.981865 0.159601 -0.935193 0.149624 -0.320978 -0.339038 -0.116418 0.933542 -3.06992 2.48111 -1.93531</i>
                        <i>0.111148 0.98095 0.15932 -0.932926 0.158237 -0.323434 -0.342483 -0.112684 0.932742 -3.06707 2.4769 -1.93671</i>
                        <i>0.117462 0.9803 0.158793 -0.930755 0.164427 -0.326586 -0.346262 -0.109436 0.931733 -3.06456 2.47322 -1.93788</i>
                        <i>0.118712 0.98038 0.157363 -0.929449 0.165476 -0.32976 -0.34933 -0.107114 0.930857 -3.06256 2.47052 -1.9386</i>
                        <i>0.113326 0.98146 0.154575 -0.929555 0.159671 -0.332314 -0.350834 -0.106026 0.930416 -3.06113 2.46913 -1.93875</i>
                        <i>0.102483 0.98325 0.150722 -0.930678 0.148271 -0.334447 -0.351192 -0.105998 0.930284 -3.0602 2.4689 -1.93842</i>
                        <i>0.0873596 0.985402 0.146121 -0.932333 0.132543 -0.336434 -0.35089 -0.106843 0.930301 -3.05969 2.46966 -1.9377</i>
                        <i>0.0691365 0.98758 0.141089 -0.934047 0.113755 -0.33855 -0.350395 -0.108377 0.930311 -3.05951 2.47123 -1.93667</i>
                        <i>0.0489952 0.989508 0.135914 -0.935434 0.0931566 -0.341005 -0.350089 -0.110431 0.930184 -3.05958 2.47344 -1.93544</i>
                        <i>0.0281149 0.991004 0.130849 -0.936241 0.0719699 -0.343909 -0.350232 -0.112837 0.929842 -3.05982 2.47614 -1.93408</i>
                        <i>0.00766811 0.991988 0.1261 -0.936364 0.0513798 -0.347249 -0.350946 -0.115413 0.929256 -3.06014 2.47915 -1.93271</i>
                        <i>-0.0111834 0.992488 0.121832 -0.93585 0.0325284 -0.350893 -0.35222 -0.117941 0.928456 -3.06048 2.48233 -1.93142</i>
                        <i>-0.0272896 0.992617 0.118177 -0.934869 0.0165164 -0.354609 -0.353943 -0.120157 0.927517 -3.06073 2.48553 -1.93032</i>
                        <i>-0.042873 0.992455 0.114871 -0.933571 0.0011523 -0.358391 -0.355819 -0.122605 0.926478 -3.06105 2.48873 -1.92914</i>
                        <i>-0.0596772 0.991942 0.111757 -0.931904 -0.0152372 -0.362386 -0.357763 -0.125772 0.925304 -3.06156 2.492 -1.92771</i>
                        <i>-0.0758527 0.991137 0.109061 -0.929957 -0.0308563 -0.366372 -0.35976 -0.129212 0.924055 -3.06219 2.49539 -1.9263</i>
                        <i>-0.0895644 0.990222 0.106949 -0.928019 -0.0439841 -0.369928 -0.361607 -0.132383 0.922884 -3.06286 2.49892 -1.92517</i>
                        <i>-0.0989863 0.989475 0.105554 -0.926522 -0.052952 -0.372496 -0.362986 -0.13467 0.922012 -3.06348 2.50266 -1.92461</i>
