<?xml version="1.0" encoding="ISO-8859-1" ?>
<Animl Version="1">
    <ModellingPackage><![CDATA[Maya.2010]]></ModellingPackage>
    <SrcFile><![CDATA[anims\turrets\artillery\red\~src\artillery_d30\artillery_d30_idle_crewman_b.mb]]></SrcFile>
    <FramesPerSecond>30</FramesPerSecond>
    <TotalFrames>66</TotalFrames>
    <Skeleton>
        <RefFrame>
            <Name><![CDATA[soldier_ref_frame]]></Name>
            <Exclude>0</Exclude>
            <Additive>0</Additive>
            <IKPriority>0</IKPriority>
            <IKRotLimits>-1e+010 -1e+010 -1e+010 1e+010 1e+010 1e+010</IKRotLimits>
            <IKRotLimitOrder>0</IKRotLimitOrder>
            <KeyFrames count="66">
                <i>1 0 0 0 1 0 0 0 1 -1.16931 1.35334 -3.24053</i>
                <i>1 0 0 0 1 0 0 0 1 -1.16931 1.35334 -3.24053</i>
                <i>1 0 0 0 1 0 0 0 1 -1.16931 1.35334 -3.24053</i>
                <i>1 0 0 0 1 0 0 0 1 -1.16931 1.35334 -3.24053</i>
                <i>1 0 0 0 1 0 0 0 1 -1.16931 1.35334 -3.24053</i>
                <i>1 0 0 0 1 0 0 0 1 -1.16931 1.35334 -3.24053</i>
                <i>1 0 0 0 1 0 0 0 1 -1.16931 1.35334 -3.24053</i>
                <i>1 0 0 0 1 0 0 0 1 -1.16931 1.35334 -3.24053</i>
                <i>1 0 0 0 1 0 0 0 1 -1.16931 1.35334 -3.24053</i>
                <i>1 0 0 0 1 0 0 0 1 -1.16931 1.35334 -3.24053</i>
                <i>1 0 0 0 1 0 0 0 1 -1.16931 1.35334 -3.24053</i>
                <i>1 0 0 0 1 0 0 0 1 -1.16931 1.35334 -3.24053</i>
                <i>1 0 0 0 1 0 0 0 1 -1.16931 1.35334 -3.24053</i>
                <i>1 0 0 0 1 0 0 0 1 -1.16931 1.35334 -3.24053</i>
                <i>1 0 0 0 1 0 0 0 1 -1.16931 1.35334 -3.24053</i>
                <i>1 0 0 0 1 0 0 0 1 -1.16931 1.35334 -3.24053</i>
                <i>1 0 0 0 1 0 0 0 1 -1.16931 1.35334 -3.24053</i>
                <i>1 0 0 0 1 0 0 0 1 -1.16931 1.35334 -3.24053</i>
                <i>1 0 0 0 1 0 0 0 1 -1.16931 1.35334 -3.24053</i>
                <i>1 0 0 0 1 0 0 0 1 -1.16931 1.35334 -3.24053</i>
                <i>1 0 0 0 1 0 0 0 1 -1.16931 1.35334 -3.24053</i>
                <i>1 0 0 0 1 0 0 0 1 -1.16931 1.35334 -3.24053</i>
                <i>1 0 0 0 1 0 0 0 1 -1.16931 1.35334 -3.24053</i>
                <i>1 0 0 0 1 0 0 0 1 -1.16931 1.35334 -3.24053</i>
                <i>1 0 0 0 1 0 0 0 1 -1.16931 1.35334 -3.24053</i>
                <i>1 0 0 0 1 0 0 0 1 -1.16931 1.35334 -3.24053</i>
                <i>1 0 0 0 1 0 0 0 1 -1.16931 1.35334 -3.24053</i>
                <i>1 0 0 0 1 0 0 0 1 -1.16931 1.35334 -3.24053</i>
                <i>1 0 0 0 1 0 0 0 1 -1.16931 1.35334 -3.24053</i>
                <i>1 0 0 0 1 0 0 0 1 -1.16931 1.35334 -3.24053</i>
                <i>1 0 0 0 1 0 0 0 1 -1.16931 1.35334 -3.24053</i>
                <i>1 0 0 0 1 0 0 0 1 -1.16931 1.35334 -3.24053</i>
                <i>1 0 0 0 1 0 0 0 1 -1.16931 1.35334 -3.24053</i>
                <i>1 0 0 0 1 0 0 0 1 -1.16931 1.35334 -3.24053</i>
                <i>1 0 0 0 1 0 0 0 1 -1.16931 1.35334 -3.24053</i>
                <i>1 0 0 0 1 0 0 0 1 -1.16931 1.35334 -3.24053</i>
                <i>1 0 0 0 1 0 0 0 1 -1.16931 1.35334 -3.24053</i>
                <i>1 0 0 0 1 0 0 0 1 -1.16931 1.35334 -3.24053</i>
                <i>1 0 0 0 1 0 0 0 1 -1.16931 1.35334 -3.24053</i>
                <i>1 0 0 0 1 0 0 0 1 -1.16931 1.35334 -3.24053</i>
                <i>1 0 0 0 1 0 0 0 1 -1.16931 1.35334 -3.24053</i>
                <i>1 0 0 0 1 0 0 0 1 -1.16931 1.35334 -3.24053</i>
                <i>1 0 0 0 1 0 0 0 1 -1.16931 1.35334 -3.24053</i>
                <i>1 0 0 0 1 0 0 0 1 -1.16931 1.35334 -3.24053</i>
                <i>1 0 0 0 1 0 0 0 1 -1.16931 1.35334 -3.24053</i>
                <i>1 0 0 0 1 0 0 0 1 -1.16931 1.35334 -3.24053</i>
                <i>1 0 0 0 1 0 0 0 1 -1.16931 1.35334 -3.24053</i>
                <i>1 0 0 0 1 0 0 0 1 -1.16931 1.35334 -3.24053</i>
                <i>1 0 0 0 1 0 0 0 1 -1.16931 1.35334 -3.24053</i>
                <i>1 0 0 0 1 0 0 0 1 -1.16931 1.35334 -3.24053</i>
                <i>1 0 0 0 1 0 0 0 1 -1.16931 1.35334 -3.24053</i>
                <i>1 0 0 0 1 0 0 0 1 -1.16931 1.35334 -3.24053</i>
                <i>1 0 0 0 1 0 0 0 1 -1.16931 1.35334 -3.24053</i>
                <i>1 0 0 0 1 0 0 0 1 -1.16931 1.35334 -3.24053</i>
                <i>1 0 0 0 1 0 0 0 1 -1.16931 1.35334 -3.24053</i>
                <i>1 0 0 0 1 0 0 0 1 -1.16931 1.35334 -3.24053</i>
                <i>1 0 0 0 1 0 0 0 1 -1.16931 1.35334 -3.24053</i>
                <i>1 0 0 0 1 0 0 0 1 -1.16931 1.35334 -3.24053</i>
                <i>1 0 0 0 1 0 0 0 1 -1.16931 1.35334 -3.24053</i>
                <i>1 0 0 0 1 0 0 0 1 -1.16931 1.35334 -3.24053</i>
                <i>1 0 0 0 1 0 0 0 1 -1.16931 1.35334 -3.24053</i>
                <i>1 0 0 0 1 0 0 0 1 -1.16931 1.35334 -3.24053</i>
                <i>1 0 0 0 1 0 0 0 1 -1.16931 1.35334 -3.24053</i>
                <i>1 0 0 0 1 0 0 0 1 -1.16931 1.35334 -3.24053</i>
                <i>1 0 0 0 1 0 0 0 1 -1.16931 1.35334 -3.24053</i>
                <i>1 0 0 0 1 0 0 0 1 -1.16931 1.35334 -3.24053</i>
            </KeyFrames>
        </RefFrame>
        <Bones count="23">
            <i>
                <p>
                    <Name><![CDATA[pelvis]]></Name>
                    <Exclude>0</Exclude>
                    <Additive>0</Additive>
                    <IKPriority>0</IKPriority>
                    <IKRotLimits>-1e+010 -1e+010 -1e+010 1e+010 1e+010 1e+010</IKRotLimits>
                    <IKRotLimitOrder>2</IKRotLimitOrder>
                    <KeyFrames count="66">
                        <i>1 0 0 0 1 0 0 0 1 -1.16931 2.5 -3.24053</i>
                        <i>1 0 0 0 1 0 0 0 1 -1.16931 2.49768 -3.24053</i>
                        <i>1 0 0 0 1 0 0 0 1 -1.16931 2.4956 -3.24053</i>
                        <i>1 0 0 0 1 0 0 0 1 -1.16931 2.49375 -3.24053</i>
                        <i>1 0 0 0 1 0 0 0 1 -1.16931 2.49211 -3.24053</i>
                        <i>1 0 0 0 1 0 0 0 1 -1.16931 2.49069 -3.24053</i>
                        <i>1 0 0 0 1 0 0 0 1 -1.16931 2.48946 -3.24053</i>
                        <i>1 0 0 0 1 0 0 0 1 -1.16931 2.48843 -3.24053</i>
                        <i>1 0 0 0 1 0 0 0 1 -1.16931 2.48758 -3.24053</i>
                        <i>1 0 0 0 1 0 0 0 1 -1.16931 2.48691 -3.24053</i>
                        <i>1 0 0 0 1 0 0 0 1 -1.16931 2.4864 -3.24053</i>
                        <i>1 0 0 0 1 0 0 0 1 -1.16931 2.48605 -3.24053</i>
                        <i>1 0 0 0 1 0 0 0 1 -1.16931 2.48584 -3.24053</i>
                        <i>1 0 0 0 1 0 0 0 1 -1.16931 2.48578 -3.24053</i>
                        <i>1 0 0 0 1 0 0 0 1 -1.16931 2.48584 -3.24053</i>
                        <i>1 0 0 0 1 0 0 0 1 -1.16931 2.48603 -3.24053</i>
                        <i>1 0 0 0 1 0 0 0 1 -1.16931 2.48633 -3.24053</i>
                        <i>1 0 0 0 1 0 0 0 1 -1.16931 2.48673 -3.24053</i>
                        <i>1 0 0 0 1 0 0 0 1 -1.16931 2.48723 -3.24053</i>
                        <i>1 0 0 0 1 0 0 0 1 -1.16931 2.48782 -3.24053</i>
                        <i>1 0 0 0 1 0 0 0 1 -1.16931 2.48848 -3.24053</i>
                        <i>1 0 0 0 1 0 0 0 1 -1.16931 2.48921 -3.24053</i>
                        <i>1 0 0 0 1 0 0 0 1 -1.16931 2.49 -3.24053</i>
                        <i>1 0 0 0 1 0 0 0 1 -1.16931 2.49089 -3.24053</i>
                        <i>1 0 0 0 1 0 0 0 1 -1.16931 2.49191 -3.24053</i>
                        <i>1 0 0 0 1 0 0 0 1 -1.16931 2.49305 -3.24053</i>
                        <i>1 0 0 0 1 0 0 0 1 -1.16931 2.49429 -3.24053</i>
                        <i>1 0 0 0 1 0 0 0 1 -1.16931 2.49563 -3.24053</i>
                        <i>1 0 0 0 1 0 0 0 1 -1.16931 2.49705 -3.24053</i>
                        <i>1 0 0 0 1 0 0 0 1 -1.16931 2.49854 -3.24053</i>
                        <i>1 0 0 0 1 0 0 0 1 -1.16931 2.50008 -3.24053</i>
                        <i>1 0 0 0 1 0 0 0 1 -1.16931 2.50166 -3.24053</i>
                        <i>1 0 0 0 1 0 0 0 1 -1.16931 2.50328 -3.24053</i>
                        <i>1 0 0 0 1 0 0 0 1 -1.16931 2.50491 -3.24053</i>
                        <i>1 0 0 0 1 0 0 0 1 -1.16931 2.50654 -3.24053</i>
                        <i>1 0 0 0 1 0 0 0 1 -1.16931 2.50816 -3.24053</i>
                        <i>1 0 0 0 1 0 0 0 1 -1.16931 2.50976 -3.24053</i>
                        <i>1 0 0 0 1 0 0 0 1 -1.16931 2.51133 -3.24053</i>
                        <i>1 0 0 0 1 0 0 0 1 -1.16931 2.51284 -3.24053</i>
                        <i>1 0 0 0 1 0 0 0 1 -1.16931 2.5143 -3.24053</i>
                        <i>1 0 0 0 1 0 0 0 1 -1.16931 2.51568 -3.24053</i>
                        <i>1 0 0 0 1 0 0 0 1 -1.16931 2.51697 -3.24053</i>
                        <i>1 0 0 0 1 0 0 0 1 -1.16931 2.51817 -3.24053</i>
                        <i>1 0 0 0 1 0 0 0 1 -1.16931 2.51925 -3.24053</i>
                        <i>1 0 0 0 1 0 0 0 1 -1.16931 2.5202 -3.24053</i>
                        <i>1 0 0 0 1 0 0 0 1 -1.16931 2.52102 -3.24053</i>
                        <i>1 0 0 0 1 0 0 0 1 -1.16931 2.52168 -3.24053</i>
                        <i>1 0 0 0 1 0 0 0 1 -1.16931 2.52218 -3.24053</i>
                        <i>1 0 0 0 1 0 0 0 1 -1.16931 2.52251 -3.24053</i>
                        <i>1 0 0 0 1 0 0 0 1 -1.16931 2.52264 -3.24053</i>
                        <i>1 0 0 0 1 0 0 0 1 -1.16931 2.52257 -3.24053</i>
                        <i>1 0 0 0 1 0 0 0 1 -1.16931 2.52228 -3.24053</i>
                        <i>1 0 0 0 1 0 0 0 1 -1.16931 2.52177 -3.24053</i>
                        <i>1 0 0 0 1 0 0 0 1 -1.16931 2.52101 -3.24053</i>
                        <i>1 0 0 0 1 0 0 0 1 -1.16931 2.52 -3.24053</i>
                        <i>1 0 0 0 1 0 0 0 1 -1.16931 2.51877 -3.24053</i>
                        <i>1 0 0 0 1 0 0 0 1 -1.16931 2.51737 -3.24053</i>
                        <i>1 0 0 0 1 0 0 0 1 -1.16931 2.51583 -3.24053</i>
                        <i>1 0 0 0 1 0 0 0 1 -1.16931 2.51415 -3.24053</i>
                        <i>1 0 0 0 1 0 0 0 1 -1.16931 2.51235 -3.24053</i>
                        <i>1 0 0 0 1 0 0 0 1 -1.16931 2.51045 -3.24053</i>
                        <i>1 0 0 0 1 0 0 0 1 -1.16931 2.50847 -3.24053</i>
                        <i>1 0 0 0 1 0 0 0 1 -1.16931 2.50642 -3.24053</i>
                        <i>1 0 0 0 1 0 0 0 1 -1.16931 2.50431 -3.24053</i>
                        <i>1 0 0 0 1 0 0 0 1 -1.16931 2.50217 -3.24053</i>
                        <i>1 0 0 0 1 0 0 0 1 -1.16931 2.5 -3.24053</i>
                    </KeyFrames>
                </p>
            </i>
            <i>
                <p>
                    <Name><![CDATA[spine0]]></Name>
                    <Exclude>0</Exclude>
                    <Additive>0</Additive>
                    <IKPriority>0</IKPriority>
                    <IKRotLimits>-1e+010 -1e+010 -1e+010 1e+010 1e+010 1e+010</IKRotLimits>
                    <IKRotLimitOrder>0</IKRotLimitOrder>
                    <KeyFrames count="66">
                        <i>0.016784 0.995663 0.0915065 -0.983592 -2.22045e-016 0.180409 0.179627 -0.093033 0.979326 -1.1757 2.63944 -3.27536</i>
                        <i>0.0161066 0.996007 0.087813 -0.983592 -6.66134e-016 0.180409 0.179689 -0.0892779 0.979664 -1.17601 2.63666 -3.27707</i>
                        <i>0.0153758 0.996362 0.0838288 -0.983592 0 0.180409 0.179753 -0.0852272 0.980013 -1.17631 2.63413 -3.27871</i>
                        <i>0.014599 0.99672 0.0795938 -0.983592 2.22045e-016 0.180409 0.179818 -0.0809216 0.980366 -1.1766 2.63182 -3.28027</i>
                        <i>0.0137835 0.997077 0.0751478 -0.983592 -4.44089e-016 0.180409 0.179882 -0.0764014 0.980717 -1.17687 2.62974 -3.28174</i>
                        <i>0.0129366 0.997426 0.0705305 -0.983592 -2.22045e-016 0.180409 0.179945 -0.0717071 0.98106 -1.17712 2.62787 -3.28313</i>
                        <i>0.0120657 0.997761 0.0657824 -0.983592 -2.22045e-016 0.180409 0.180005 -0.0668798 0.981389 -1.17736 2.62622 -3.28443</i>
                        <i>0.0111783 0.998079 0.0609442 -0.983592 1.11022e-016 0.180409 0.180063 -0.0619609 0.981702 -1.17758 2.62478 -3.28564</i>
                        <i>0.010282 0.998375 0.0560575 -0.983592 0 0.180409 0.180116 -0.0569927 0.981993 -1.17779 2.62355 -3.28676</i>
                        <i>0.00938455 0.998646 0.0511646 -0.983592 -2.22045e-016 0.180409 0.180165 -0.0520181 0.98226 -1.17798 2.62251 -3.28778</i>
                        <i>0.00849388 0.998891 0.0463087 -0.983592 -4.44089e-016 0.180409 0.180209 -0.0470812 0.982501 -1.17814 2.62167 -3.2887</i>
                        <i>0.00761804 0.999108 0.0415336 -0.983592 -2.22045e-016 0.180409 0.180248 -0.0422265 0.982714 -1.17829 2.62101 -3.28951</i>
                        <i>0.00676524 0.999297 0.0368841 -0.983592 -2.22045e-016 0.180409 0.180282 -0.0374994 0.9829 -1.17842 2.62054 -3.29022</i>
                        <i>0.00594381 0.999457 0.0324057 -0.983592 0 0.180409 0.180311 -0.0329463 0.983058 -1.17853 2.62025 -3.29083</i>
                        <i>0.00516223 0.999591 0.0281445 -0.983592 -4.44089e-016 0.180409 0.180335 -0.028614 0.983189 -1.17862 2.62012 -3.29132</i>
                        <i>0.00442908 0.999699 0.0241474 -0.983592 -2.22045e-016 0.180409 0.180355 -0.0245502 0.983295 -1.17869 2.62016 -3.29169</i>
                        <i>0.00375307 0.999784 0.0204617 -0.983592 -2.22045e-016 0.180409 0.18037 -0.0208031 0.983379 -1.17874 2.62035 -3.29196</i>
                        <i>0.003143 0.999848 0.0171356 -0.983592 0 0.180409 0.180382 -0.0174215 0.983442 -1.17877 2.6207 -3.2921</i>
                        <i>0.00260775 0.999896 0.0142174 -0.983592 -2.22045e-016 0.180409 0.18039 -0.0144546 0.983489 -1.17877 2.62119 -3.29211</i>
                        <i>0.00215627 0.999929 0.011756 -0.983592 -6.66134e-016 0.180409 0.180396 -0.0119521 0.983521 -1.17875 2.62182 -3.29201</i>
                        <i>0.0017976 0.99995 0.00980053 -0.983592 2.22045e-016 0.180409 0.1804 -0.00996403 0.983543 -1.17871 2.62258 -3.29177</i>
                        <i>0.00154081 0.999964 0.00840051 -0.983592 -2.22045e-016 0.180409 0.180403 -0.00854065 0.983556 -1.17864 2.62346 -3.29139</i>
                        <i>0.00139502 0.99997 0.00760563 -0.983592 -4.44089e-016 0.180409 0.180404 -0.00773251 0.983562 -1.17854 2.62444 -3.29088</i>
                        <i>0.00134183 0.999972 0.00731566 -0.983592 0 0.180409 0.180404 -0.0074377 0.983564 -1.17844 2.62556 -3.29029</i>
                        <i>0.00135533 0.999972 0.00738924 -0.983592 -4.44089e-016 0.180409 0.180404 -0.0075125 0.983564 -1.17833 2.62681 -3.28968</i>
                        <i>0.00143258 0.999968 0.00781043 -0.983592 0 0.180409 0.180404 -0.00794072 0.983561 -1.17821 2.62818 -3.28906</i>
                        <i>0.00157067 0.999962 0.00856332 -0.983592 -2.22045e-016 0.180409 0.180402 -0.00870618 0.983554 -1.17809 2.62966 -3.28841</i>
                        <i>0.00176668 0.999952 0.00963197 -0.983592 -2.22045e-016 0.180409 0.180401 -0.00979265 0.983544 -1.17797 2.63124 -3.28775</i>
                        <i>0.00201768 0.999937 0.0110004 -0.983592 0 0.180409 0.180398 -0.0111839 0.98353 -1.17785 2.6329 -3.28708</i>
                        <i>0.0023207 0.999917 0.0126524 -0.983592 0 0.180409 0.180394 -0.0128635 0.98351 -1.17772 2.63463 -3.28639</i>
                        <i>0.00267276 0.99989 0.0145719 -0.983592 0 0.180409 0.180389 -0.014815 0.983484 -1.17759 2.63642 -3.28569</i>
                        <i>0.00307085 0.999855 0.0167423 -0.983592 0 0.180409 0.180383 -0.0170216 0.983449 -1.17746 2.63824 -3.28497</i>
                        <i>0.00351192 0.999811 0.019147 -0.983592 -2.22045e-016 0.180409 0.180375 -0.0194664 0.983405 -1.17733 2.6401 -3.28424</i>
                        <i>0.00399289 0.999755 0.0217692 -0.983592 -2.22045e-016 0.180409 0.180365 -0.0221324 0.983351 -1.17719 2.64197 -3.2835</i>
                        <i>0.00451063 0.999687 0.024592 -0.983592 0 0.180409 0.180353 -0.0250022 0.983284 -1.17705 2.64384 -3.28276</i>
                        <i>0.00506201 0.999606 0.0275981 -0.983592 0 0.180409 0.180338 -0.0280585 0.983204 -1.17692 2.6457 -3.282</i>
                        <i>0.00564382 0.999511 0.0307701 -0.983592 -2.22045e-016 0.180409 0.180321 -0.0312834 0.98311 -1.17678 2.64754 -3.28123</i>
                        <i>0.00625286 0.999399 0.0340906 -0.983592 -2.22045e-016 0.180409 0.180301 -0.0346593 0.983001 -1.17663 2.64934 -3.28046</i>
                        <i>0.00688587 0.999271 0.0375418 -0.983592 0 0.180409 0.180278 -0.0381681 0.982875 -1.17649 2.65109 -3.27968</i>
                        <i>0.00754027 0.999126 0.0411096 -0.983592 -6.66134e-016 0.180409 0.180252 -0.0417954 0.982732 -1.17635 2.65277 -3.2789</i>
                        <i>0.00821358 0.998963 0.0447805 -0.983592 0 0.180409 0.180222 -0.0455275 0.982572 -1.1762 2.65437 -3.27811</i>
                        <i>0.00890274 0.998782 0.0485377 -0.983592 0 0.180409 0.180189 -0.0493475 0.982393 -1.17606 2.65588 -3.27732</i>
                        <i>0.00960468 0.998582 0.0523647 -0.983592 -2.22045e-016 0.180409 0.180153 -0.0532383 0.982197 -1.17591 2.65729 -3.27653</i>
                        <i>0.0103163 0.998364 0.0562446 -0.983592 -2.22045e-016 0.180409 0.180114 -0.0571829 0.981982 -1.17577 2.65858 -3.27573</i>
                        <i>0.0110346 0.998128 0.0601607 -0.983592 -2.22045e-016 0.180409 0.180071 -0.0611643 0.98175 -1.17562 2.65975 -3.27494</i>
                        <i>0.0117564 0.997874 0.0640962 -0.983592 -4.44089e-016 0.180409 0.180026 -0.0651654 0.981501 -1.17547 2.66076 -3.27414</i>
                        <i>0.0124788 0.997605 0.0680344 -0.983592 -2.22045e-016 0.180409 0.179977 -0.0691694 0.981236 -1.17533 2.66162 -3.27335</i>
                        <i>0.0131986 0.99732 0.0719588 -0.983592 -2.22045e-016 0.180409 0.179926 -0.0731593 0.980956 -1.17518 2.66231 -3.27256</i>
                        <i>0.0139105 0.997023 0.0758403 -0.983592 -2.22045e-016 0.180409 0.179872 -0.0771055 0.980663 -1.17504 2.66282 -3.27178</i>
                        <i>0.0146092 0.996716 0.0796492 -0.983592 -4.44089e-016 0.180409 0.179817 -0.0809779 0.980361 -1.1749 2.66313 -3.27099</i>
                        <i>0.0152912 0.996402 0.0833678 -0.983592 0 0.180409 0.17976 -0.0847585 0.980052 -1.17475 2.66323 -3.27022</i>
                        <i>0.0159315 0.996093 0.0868586 -0.983592 -4.44089e-016 0.180409 0.179704 -0.0883076 0.979749 -1.17463 2.66309 -3.26953</i>
                        <i>0.0165019 0.995808 0.0899684 -0.983592 -4.44089e-016 0.180409 0.179653 -0.0914693 0.979468 -1.17453 2.66269 -3.269</i>
                        <i>0.0169978 0.995552 0.0926719 -0.983592 -4.44089e-016 0.180409 0.179607 -0.0942179 0.979216 -1.17447 2.66201 -3.26864</i>
                        <i>0.0174186 0.995328 0.0949664 -0.983592 -4.44089e-016 0.180409 0.179566 -0.0965507 0.978996 -1.17443 2.66104 -3.26843</i>
                        <i>0.0177633 0.995141 0.0968454 -0.983592 0 0.180409 0.179533 -0.098461 0.978812 -1.17442 2.65982 -3.26838</i>
                        <i>0.0180305 0.994993 0.0983026 -0.983592 -2.22045e-016 0.180409 0.179506 -0.0999424 0.978667 -1.17444 2.6584 -3.26848</i>
                        <i>0.0182193 0.994888 0.0993319 -0.983592 0 0.180409 0.179487 -0.100989 0.978563 -1.17448 2.6568 -3.26872</i>
                        <i>0.0183286 0.994826 0.0999276 -0.983592 -2.22045e-016 0.180409 0.179476 -0.101595 0.978502 -1.17455 2.65505 -3.2691</i>
                        <i>0.0183573 0.99481 0.100084 -0.983592 0 0.180409 0.179473 -0.101754 0.978486 -1.17465 2.65314 -3.26962</i>
                        <i>0.0183046 0.994839 0.0997965 -0.983592 -2.22045e-016 0.180409 0.179478 -0.101461 0.978516 -1.17476 2.6511 -3.27027</i>
                        <i>0.0181693 0.994916 0.0990591 -0.983592 -2.22045e-016 0.180409 0.179492 -0.100712 0.978591 -1.17491 2.64894 -3.27105</i>
                        <i>0.0179506 0.995038 0.0978668 -0.983592 -4.44089e-016 0.180409 0.179514 -0.0994994 0.978711 -1.17507 2.64669 -3.27196</i>
                        <i>0.0176475 0.995204 0.0962143 -0.983592 -2.22045e-016 0.180409 0.179544 -0.0978194 0.978875 -1.17526 2.64434 -3.27298</i>
                        <i>0.017259 0.995413 0.0940962 -0.983592 -2.22045e-016 0.180409 0.179582 -0.0956659 0.97908 -1.17547 2.64192 -3.27411</i>
                        <i>0.016784 0.995663 0.0915065 -0.983592 -2.22045e-016 0.180409 0.179627 -0.093033 0.979326 -1.1757 2.63944 -3.27536</i>
                    </KeyFrames>
                </p>
            </i>
            <i>
                <p>
                    <Name><![CDATA[spine1]]></Name>
                    <Exclude>0</Exclude>
                    <Additive>0</Additive>
                    <IKPriority>0</IKPriority>
                    <IKRotLimits>-1e+010 -1e+010 -1e+010 1e+010 1e+010 1e+010</IKRotLimits>
                    <IKRotLimitOrder>0</IKRotLimitOrder>
                    <KeyFrames count="66">
                        <i>0.0484188 0.963312 0.263979 -0.983592 -2.22045e-016 0.180409 0.17379 -0.268383 0.947506 -1.17283 2.80958 -3.25971</i>
                        <i>0.0501086 0.960653 0.273192 -0.983592 -6.66134e-016 0.180409 0.173311 -0.27775 0.944891 -1.17325 2.80736 -3.26202</i>
                        <i>0.0515091 0.958375 0.280828 -0.983592 0 0.180409 0.1729 -0.285513 0.94265 -1.17367 2.80536 -3.2643</i>
                        <i>0.0526376 0.956489 0.28698 -0.983592 2.22045e-016 0.180409 0.17256 -0.291768 0.940795 -1.17408 2.80358 -3.26656</i>
                        <i>0.0535107 0.955 0.29174 -0.983592 -4.44089e-016 0.180409 0.172291 -0.296607 0.93933 -1.17449 2.802 -3.26877</i>
                        <i>0.054145 0.953901 0.295198 -0.983592 -2.22045e-016 0.180409 0.172092 -0.300123 0.938249 -1.17489 2.80061 -3.27093</i>
                        <i>0.0545562 0.95318 0.297441 -0.983592 -2.22045e-016 0.180409 0.171963 -0.302403 0.93754 -1.17527 2.79941 -3.27303</i>
                        <i>0.0547599 0.952821 0.298551 -0.983592 1.11022e-016 0.180409 0.171898 -0.303531 0.937187 -1.17564 2.79838 -3.27506</i>
                        <i>0.0547708 0.952802 0.29861 -0.983592 0 0.180409 0.171894 -0.303592 0.937168 -1.176 2.79752 -3.27701</i>
                        <i>0.0546033 0.953097 0.297697 -0.983592 -2.22045e-016 0.180409 0.171948 -0.302664 0.937459 -1.17634 2.79681 -3.27887</i>
                        <i>0.0542714 0.95368 0.295888 -0.983592 -4.44089e-016 0.180409 0.172053 -0.300824 0.938031 -1.17666 2.79626 -3.28062</i>
                        <i>0.0537886 0.95452 0.293256 -0.983592 -2.22045e-016 0.180409 0.172204 -0.298148 0.938858 -1.17696 2.79585 -3.28226</i>
                        <i>0.053168 0.955587 0.289872 -0.983592 -2.22045e-016 0.180409 0.172397 -0.294708 0.939908 -1.17724 2.79558 -3.28378</i>
                        <i>0.0524224 0.956852 0.285807 -0.983592 0 0.180409 0.172625 -0.290575 0.941152 -1.1775 2.79544 -3.28517</i>
                        <i>0.0515643 0.958284 0.281129 -0.983592 -4.44089e-016 0.180409 0.172883 -0.285819 0.94256 -1.17772 2.79542 -3.2864</i>
                        <i>0.050606 0.959852 0.275904 -0.983592 -2.22045e-016 0.180409 0.173166 -0.280507 0.944103 -1.17792 2.79553 -3.28748</i>
                        <i>0.0495593 0.961529 0.270198 -0.983592 -2.22045e-016 0.180409 0.173469 -0.274705 0.945751 -1.17809 2.79574 -3.28839</i>
                        <i>0.0484363 0.963285 0.264075 -0.983592 0 0.180409 0.173786 -0.26848 0.947479 -1.17822 2.79607 -3.28911</i>
                        <i>0.0472486 0.965096 0.257599 -0.983592 -2.22045e-016 0.180409 0.174112 -0.261897 0.94926 -1.17832 2.79649 -3.28964</i>
                        <i>0.0460078 0.966936 0.250835 -0.983592 -6.66134e-016 0.180409 0.174444 -0.255019 0.95107 -1.17838 2.79701 -3.28997</i>
                        <i>0.0447254 0.968783 0.243843 -0.983592 2.22045e-016 0.180409 0.174777 -0.247911 0.952887 -1.1784 2.79762 -3.29007</i>
                        <i>0.043413 0.970615 0.236688 -0.983592 -2.22045e-016 0.180409 0.175108 -0.240636 0.954689 -1.17837 2.79831 -3.28994</i>
                        <i>0.0420819 0.972415 0.229431 -0.983592 -4.44089e-016 0.180409 0.175433 -0.233258 0.956459 -1.1783 2.79908 -3.28957</i>
                        <i>0.0407733 0.974126 0.222296 -0.983592 0 0.180409 0.175741 -0.226005 0.958142 -1.17821 2.79996 -3.28903</i>
                        <i>0.0395227 0.975709 0.215478 -0.983592 -4.44089e-016 0.180409 0.176027 -0.219072 0.959699 -1.17809 2.80097 -3.28841</i>
                        <i>0.0383309 0.977168 0.20898 -0.983592 0 0.180409 0.17629 -0.212466 0.961135 -1.17796 2.8021 -3.28771</i>
                        <i>0.0371987 0.978512 0.202808 -0.983592 -2.22045e-016 0.180409 0.176533 -0.206191 0.962456 -1.17782 2.80335 -3.28694</i>
                        <i>0.036127 0.979745 0.196964 -0.983592 -2.22045e-016 0.180409 0.176755 -0.20025 0.963669 -1.17767 2.80469 -3.28609</i>
                        <i>0.0351164 0.980873 0.191455 -0.983592 0 0.180409 0.176959 -0.194649 0.964778 -1.1775 2.80611 -3.28518</i>
                        <i>0.0341677 0.981902 0.186282 -0.983592 0 0.180409 0.177144 -0.18939 0.965791 -1.17732 2.8076 -3.28421</i>
                        <i>0.0332815 0.982837 0.181451 -0.983592 0 0.180409 0.177313 -0.184478 0.96671 -1.17713 2.80915 -3.28318</i>
                        <i>0.0324586 0.983682 0.176965 -0.983592 0 0.180409 0.177465 -0.179917 0.967541 -1.17693 2.81075 -3.28209</i>
                        <i>0.0316996 0.984442 0.172826 -0.983592 -2.22045e-016 0.180409 0.177602 -0.17571 0.968289 -1.17672 2.81237 -3.28095</i>
                        <i>0.0310052 0.985121 0.169041 -0.983592 -2.22045e-016 0.180409 0.177725 -0.17186 0.968957 -1.17651 2.81402 -3.27976</i>
                        <i>0.0303761 0.985723 0.16561 -0.983592 0 0.180409 0.177834 -0.168373 0.969549 -1.17628 2.81567 -3.27853</i>
                        <i>0.0298128 0.986252 0.162539 -0.983592 0 0.180409 0.177929 -0.165251 0.970069 -1.17605 2.81731 -3.27726</i>
                        <i>0.0293161 0.986709 0.159831 -0.983592 -2.22045e-016 0.180409 0.178011 -0.162498 0.970519 -1.17581 2.81892 -3.27596</i>
                        <i>0.0288866 0.987098 0.15749 -0.983592 -2.22045e-016 0.180409 0.178082 -0.160117 0.970901 -1.17556 2.8205 -3.27462</i>
                        <i>0.0285249 0.987421 0.155518 -0.983592 0 0.180409 0.17814 -0.158112 0.971219 -1.17531 2.82204 -3.27326</i>
                        <i>0.0282298 0.987682 0.153909 -0.983592 -6.66134e-016 0.180409 0.178187 -0.156476 0.971475 -1.17506 2.82351 -3.27187</i>
                        <i>0.0279996 0.987883 0.152654 -0.983592 0 0.180409 0.178223 -0.155201 0.971673 -1.1748 2.8249 -3.27046</i>
                        <i>0.0278344 0.988026 0.151753 -0.983592 0 0.180409 0.178249 -0.154285 0.971815 -1.17454 2.8262 -3.26904</i>
                        <i>0.0277342 0.988113 0.151207 -0.983592 -2.22045e-016 0.180409 0.178265 -0.153729 0.9719 -1.17427 2.82741 -3.2676</i>
                        <i>0.0276989 0.988143 0.151014 -0.983592 -2.22045e-016 0.180409 0.17827 -0.153534 0.97193 -1.17401 2.82849 -3.26615</i>
                        <i>0.0277286 0.988118 0.151176 -0.983592 -2.22045e-016 0.180409 0.178266 -0.153698 0.971904 -1.17374 2.82945 -3.2647</i>
                        <i>0.0278232 0.988036 0.151692 -0.983592 -4.44089e-016 0.180409 0.178251 -0.154223 0.971824 -1.17348 2.83026 -3.26325</i>
                        <i>0.0279828 0.987898 0.152563 -0.983592 -2.22045e-016 0.180409 0.178226 -0.155108 0.971688 -1.17321 2.83092 -3.2618</i>
                        <i>0.0282074 0.987701 0.153787 -0.983592 -2.22045e-016 0.180409 0.17819 -0.156352 0.971495 -1.17294 2.83141 -3.26035</i>
                        <i>0.0284879 0.987454 0.155316 -0.983592 -2.22045e-016 0.180409 0.178146 -0.157907 0.971251 -1.17268 2.83172 -3.25891</i>
                        <i>0.0288149 0.987162 0.157099 -0.983592 -4.44089e-016 0.180409 0.178093 -0.15972 0.970965 -1.17242 2.83184 -3.2575</i>
                        <i>0.0291872 0.986826 0.159129 -0.983592 0 0.180409 0.178033 -0.161783 0.970634 -1.17217 2.83175 -3.2561</i>
                        <i>0.0296855 0.986369 0.161846 -0.983592 -4.44089e-016 0.180409 0.17795 -0.164546 0.970185 -1.17193 2.83144 -3.25483</i>
                        <i>0.0303776 0.985722 0.165619 -0.983592 -4.44089e-016 0.180409 0.177833 -0.168382 0.969548 -1.17174 2.8309 -3.25379</i>
                        <i>0.031244 0.98489 0.170342 -0.983592 -4.44089e-016 0.180409 0.177683 -0.173184 0.968729 -1.17159 2.83013 -3.25297</i>
                        <i>0.0322667 0.983876 0.175918 -0.983592 -4.44089e-016 0.180409 0.1775 -0.178853 0.967732 -1.17148 2.8291 -3.25238</i>
                        <i>0.0334274 0.982685 0.182246 -0.983592 0 0.180409 0.177285 -0.185286 0.96656 -1.17142 2.82786 -3.25201</i>
                        <i>0.034707 0.981321 0.189223 -0.983592 -2.22045e-016 0.180409 0.177039 -0.192379 0.965219 -1.17139 2.82647 -3.25186</i>
                        <i>0.0360867 0.97979 0.196745 -0.983592 0 0.180409 0.176763 -0.200027 0.963714 -1.1714 2.82493 -3.25192</i>
                        <i>0.0375473 0.978103 0.204708 -0.983592 -2.22045e-016 0.180409 0.176459 -0.208123 0.962054 -1.17145 2.82328 -3.25219</i>
                        <i>0.0390694 0.976269 0.213007 -0.983592 0 0.180409 0.176128 -0.21656 0.96025 -1.17154 2.82152 -3.25267</i>
                        <i>0.040634 0.974305 0.221536 -0.983592 -2.22045e-016 0.180409 0.175774 -0.225232 0.958318 -1.17166 2.81966 -3.25335</i>
                        <i>0.0422215 0.972229 0.230192 -0.983592 -2.22045e-016 0.180409 0.175399 -0.234032 0.956276 -1.17182 2.81774 -3.25424</i>
                        <i>0.0438128 0.970063 0.238867 -0.983592 -4.44089e-016 0.180409 0.175008 -0.242852 0.954146 -1.17202 2.81576 -3.25532</i>
                        <i>0.0453887 0.967835 0.247459 -0.983592 -2.22045e-016 0.180409 0.174606 -0.251587 0.951954 -1.17226 2.81373 -3.25659</i>
                        <i>0.0469303 0.965573 0.255864 -0.983592 -2.22045e-016 0.180409 0.174198 -0.260132 0.94973 -1.17252 2.81166 -3.25806</i>
                        <i>0.0484188 0.963312 0.263979 -0.983592 -2.22045e-016 0.180409 0.17379 -0.268383 0.947506 -1.17283 2.80958 -3.25971</i>
                    </KeyFrames>
                </p>
            </i>
            <i>
                <p>
                    <Name><![CDATA[spine2]]></Name>
                    <Exclude>0</Exclude>
                    <Additive>0</Additive>
                    <IKPriority>0</IKPriority>
                    <IKRotLimits>-1e+010 -1e+010 -1e+010 1e+010 1e+010 1e+010</IKRotLimits>
                    <IKRotLimitOrder>0</IKRotLimitOrder>
                    <KeyFrames count="66">
                        <i>0.0868602 0.876467 0.473562 -0.983592 -2.22045e-016 0.180409 0.158123 -0.481462 0.862086 -1.16521 2.9611 -3.21819</i>
                        <i>0.0884711 0.871502 0.482345 -0.983592 -6.66134e-016 0.180409 0.157227 -0.490391 0.857202 -1.16535 2.95887 -3.21892</i>
                        <i>0.0898231 0.867243 0.489716 -0.983592 0 0.180409 0.156459 -0.497885 0.853013 -1.16552 2.95692 -3.21987</i>
                        <i>0.0909334 0.863681 0.495769 -0.983592 2.22045e-016 0.180409 0.155816 -0.504039 0.849509 -1.16573 2.95524 -3.22102</i>
                        <i>0.0918181 0.8608 0.500592 -0.983592 -4.44089e-016 0.180409 0.155296 -0.508943 0.846676 -1.16597 2.9538 -3.22235</i>
                        <i>0.0924925 0.858579 0.504269 -0.983592 -2.22045e-016 0.180409 0.154896 -0.512682 0.844491 -1.16625 2.95259 -3.22384</i>
                        <i>0.092971 0.85699 0.506878 -0.983592 -2.22045e-016 0.180409 0.154609 -0.515334 0.842928 -1.16655 2.95161 -3.22548</i>
                        <i>0.0932669 0.856001 0.508492 -0.983592 1.11022e-016 0.180409 0.15443 -0.516974 0.841955 -1.16687 2.95082 -3.22723</i>
                        <i>0.093393 0.855579 0.509179 -0.983592 0 0.180409 0.154354 -0.517673 0.84154 -1.16721 2.95024 -3.22907</i>
                        <i>0.0933609 0.855686 0.509004 -0.983592 -2.22045e-016 0.180409 0.154374 -0.517495 0.841646 -1.16756 2.94983 -3.23099</i>
                        <i>0.093182 0.856285 0.508028 -0.983592 -4.44089e-016 0.180409 0.154482 -0.516503 0.842235 -1.16792 2.94958 -3.23297</i>
                        <i>0.0928667 0.857337 0.50631 -0.983592 -2.22045e-016 0.180409 0.154671 -0.514756 0.843269 -1.16829 2.94949 -3.23498</i>
                        <i>0.0924252 0.858801 0.503903 -0.983592 -2.22045e-016 0.180409 0.154936 -0.512309 0.84471 -1.16866 2.94953 -3.23699</i>
                        <i>0.091867 0.86064 0.500859 -0.983592 0 0.180409 0.155267 -0.509215 0.846518 -1.16903 2.94971 -3.239</i>
                        <i>0.0912014 0.862812 0.49723 -0.983592 -4.44089e-016 0.180409 0.155659 -0.505525 0.848655 -1.16939 2.95 -3.24096</i>
                        <i>0.0904371 0.86528 0.493063 -0.983592 -2.22045e-016 0.180409 0.156105 -0.501289 0.851082 -1.16974 2.9504 -3.24287</i>
                        <i>0.0895828 0.868006 0.488406 -0.983592 -2.22045e-016 0.180409 0.156596 -0.496553 0.853764 -1.17007 2.95089 -3.2447</i>
                        <i>0.0886469 0.870953 0.483303 -0.983592 0 0.180409 0.157128 -0.491366 0.856662 -1.17039 2.95147 -3.24642</i>
                        <i>0.0876376 0.874086 0.477801 -0.983592 -2.22045e-016 0.180409 0.157693 -0.485771 0.859744 -1.17068 2.95213 -3.24802</i>
                        <i>0.086563 0.87737 0.471942 -0.983592 -6.66134e-016 0.180409 0.158286 -0.479815 0.862974 -1.17095 2.95285 -3.24946</i>
                        <i>0.0854312 0.880772 0.465771 -0.983592 2.22045e-016 0.180409 0.158899 -0.473541 0.86632 -1.17118 2.95363 -3.25072</i>
                        <i>0.0842501 0.88426 0.459332 -0.983592 -2.22045e-016 0.180409 0.159529 -0.466994 0.869751 -1.17138 2.95446 -3.25179</i>
                        <i>0.0830277 0.887806 0.452667 -0.983592 -4.44089e-016 0.180409 0.160168 -0.460219 0.873238 -1.17153 2.95533 -3.25264</i>
                        <i>0.0817742 0.891373 0.445833 -0.983592 0 0.180409 0.160812 -0.453271 0.876747 -1.17165 2.95628 -3.2533</i>
                        <i>0.0805008 0.894927 0.438891 -0.983592 -4.44089e-016 0.180409 0.161453 -0.446212 0.880243 -1.17175 2.95734 -3.25382</i>
                        <i>0.0792143 0.898447 0.431877 -0.983592 0 0.180409 0.162088 -0.439081 0.883705 -1.17182 2.9585 -3.25421</i>
                        <i>0.0779216 0.901914 0.424828 -0.983592 -2.22045e-016 0.180409 0.162714 -0.431916 0.887115 -1.17187 2.95975 -3.25447</i>
                        <i>0.0766295 0.905309 0.417784 -0.983592 -2.22045e-016 0.180409 0.163326 -0.424754 0.890454 -1.17189 2.96108 -3.25461</i>
                        <i>0.0753455 0.908614 0.410784 -0.983592 0 0.180409 0.163922 -0.417636 0.893705 -1.17189 2.96248 -3.25462</i>
                        <i>0.0740767 0.911814 0.403866 -0.983592 0 0.180409 0.1645 -0.410603 0.896853 -1.17187 2.96393 -3.25452</i>
                        <i>0.0728306 0.914893 0.397072 -0.983592 0 0.180409 0.165055 -0.403696 0.899881 -1.17183 2.96543 -3.25429</i>
                        <i>0.0716148 0.917837 0.390444 -0.983592 0 0.180409 0.165586 -0.396957 0.902777 -1.17177 2.96696 -3.25396</i>
                        <i>0.070437 0.920633 0.384022 -0.983592 -2.22045e-016 0.180409 0.166091 -0.390429 0.905527 -1.17169 2.96852 -3.25351</i>
                        <i>0.0693049 0.923269 0.37785 -0.983592 -2.22045e-016 0.180409 0.166566 -0.384154 0.90812 -1.17159 2.97008 -3.25296</i>
                        <i>0.0682264 0.925734 0.371971 -0.983592 0 0.180409 0.167011 -0.378176 0.910544 -1.17147 2.97164 -3.25231</i>
                        <i>0.0672095 0.928016 0.366427 -0.983592 0 0.180409 0.167423 -0.372539 0.912789 -1.17133 2.97318 -3.25156</i>
                        <i>0.0662622 0.930107 0.361262 -0.983592 -7.75096e-009 0.180409 0.1678 -0.367288 0.914846 -1.17118 2.97469 -3.25072</i>
                        <i>0.0653924 0.931997 0.356519 -0.983592 -2.22045e-016 0.180409 0.168141 -0.362467 0.916704 -1.17101 2.97616 -3.24979</i>
                        <i>0.0646081 0.933676 0.352244 -0.983592 0 0.180409 0.168444 -0.35812 0.918356 -1.17082 2.97758 -3.24876</i>
                        <i>0.063912 0.935147 0.348448 -0.983592 -6.66134e-016 0.180409 0.168709 -0.354261 0.919802 -1.17062 2.97892 -3.24766</i>
                        <i>0.0633051 0.936414 0.34514 -0.983592 0 0.180409 0.168938 -0.350897 0.921049 -1.1704 2.98019 -3.24648</i>
                        <i>0.0627937 0.937471 0.342352 -0.983592 0 0.180409 0.169128 -0.348063 0.922089 -1.17017 2.98136 -3.24522</i>
                        <i>0.0623839 0.938311 0.340117 -0.983592 -2.22045e-016 0.180409 0.16928 -0.345791 0.922915 -1.16993 2.98242 -3.24389</i>
                        <i>0.0620819 0.938927 0.338471 -0.983592 -2.22045e-016 0.180409 0.169391 -0.344117 0.923521 -1.16967 2.98336 -3.2425</i>
                        <i>0.0618936 0.939309 0.337444 -0.983592 -2.22045e-016 0.180409 0.16946 -0.343073 0.923896 -1.1694 2.98417 -3.24105</i>
                        <i>0.061825 0.939447 0.33707 -0.983592 -4.44089e-016 0.180409 0.169485 -0.342693 0.924033 -1.16913 2.98483 -3.23954</i>
                        <i>0.0618821 0.939332 0.337381 -0.983592 -2.22045e-016 0.180409 0.169464 -0.34301 0.923919 -1.16884 2.98533 -3.23797</i>
                        <i>0.0620706 0.93895 0.338409 -0.983592 -2.22045e-016 0.180409 0.169395 -0.344055 0.923543 -1.16854 2.98565 -3.23636</i>
                        <i>0.0623848 0.93831 0.340122 -0.983592 -2.22045e-016 0.180409 0.16928 -0.345796 0.922914 -1.16824 2.98579 -3.23471</i>
                        <i>0.0628178 0.937422 0.342483 -0.983592 -4.44089e-016 0.180409 0.16912 -0.348196 0.92204 -1.16794 2.98573 -3.23304</i>
                        <i>0.0633739 0.936271 0.345514 -0.983592 0 0.180409 0.168912 -0.351278 0.920908 -1.16763 2.98547 -3.23135</i>
                        <i>0.0641098 0.93473 0.349527 -0.983592 -4.44089e-016 0.180409 0.168634 -0.355358 0.919393 -1.16732 2.98498 -3.22967</i>
                        <i>0.0650707 0.932688 0.354766 -0.983592 -4.44089e-016 0.180409 0.168266 -0.360684 0.917384 -1.16702 2.98427 -3.22806</i>
                        <i>0.0662376 0.930161 0.361128 -0.983592 -4.44089e-016 0.180409 0.16781 -0.367152 0.914899 -1.16674 2.98332 -3.22652</i>
                        <i>0.0675835 0.927181 0.368466 -0.983592 -4.44089e-016 0.180409 0.167272 -0.374612 0.911968 -1.16647 2.98211 -3.22506</i>
                        <i>0.0690828 0.92378 0.37664 -0.983592 0 0.180409 0.166659 -0.382923 0.908623 -1.16622 2.98069 -3.2237</i>
                        <i>0.0707094 0.919991 0.385508 -0.983592 -2.22045e-016 0.180409 0.165975 -0.391939 0.904896 -1.16599 2.97912 -3.22246</i>
                        <i>0.0724373 0.915852 0.394928 -0.983592 0 0.180409 0.165228 -0.401516 0.900824 -1.16579 2.97742 -3.22133</i>
                        <i>0.0742405 0.911405 0.404759 -0.983592 -2.22045e-016 0.180409 0.164426 -0.411512 0.89645 -1.16561 2.97559 -3.22034</i>
                        <i>0.0760932 0.906698 0.41486 -0.983592 0 0.180409 0.163577 -0.421781 0.89182 -1.16545 2.97367 -3.2195</i>
                        <i>0.07797 0.901785 0.425093 -0.983592 -2.22045e-016 0.180409 0.16269 -0.432184 0.886989 -1.16533 2.97167 -3.21881</i>
                        <i>0.0798458 0.896728 0.43532 -0.983592 -2.22045e-016 0.180409 0.161778 -0.442582 0.882014 -1.16523 2.96961 -3.2183</i>
                        <i>0.0816962 0.891593 0.445408 -0.983592 -4.44089e-016 0.180409 0.160852 -0.452838 0.876963 -1.16517 2.9675 -3.21797</i>
                        <i>0.0834974 0.886451 0.455228 -0.983592 -2.22045e-016 0.180409 0.159924 -0.462822 0.871906 -1.16515 2.96537 -3.21783</i>
