<?xml version="1.0" encoding="ISO-8859-1" ?>
<Animl Version="1">
    <ModellingPackage><![CDATA[Maya.2010]]></ModellingPackage>
    <SrcFile><![CDATA[anims\turrets\artillery\red\~src\artillery_d30\artillery_d30_aim_high_crewman_a.mb]]></SrcFile>
    <FramesPerSecond>30</FramesPerSecond>
    <TotalFrames>61</TotalFrames>
    <Skeleton>
        <RefFrame>
            <Name><![CDATA[soldier_ref_frame]]></Name>
            <Exclude>0</Exclude>
            <Additive>0</Additive>
            <IKPriority>0</IKPriority>
            <IKRotLimits>-1e+010 -1e+010 -1e+010 1e+010 1e+010 1e+010</IKRotLimits>
            <IKRotLimitOrder>0</IKRotLimitOrder>
            <KeyFrames count="61">
                <i>1 0 0 0 1 0 0 0 1 1.61 1.35 -2.4</i>
                <i>1 0 0 0 1 0 0 0 1 1.61 1.35 -2.4</i>
                <i>1 0 0 0 1 0 0 0 1 1.61 1.35 -2.4</i>
                <i>1 0 0 0 1 0 0 0 1 1.61 1.35 -2.4</i>
                <i>1 0 0 0 1 0 0 0 1 1.61 1.35 -2.4</i>
                <i>1 0 0 0 1 0 0 0 1 1.61 1.35 -2.4</i>
                <i>1 0 0 0 1 0 0 0 1 1.61 1.35 -2.4</i>
                <i>1 0 0 0 1 0 0 0 1 1.61 1.35 -2.4</i>
                <i>1 0 0 0 1 0 0 0 1 1.61 1.35 -2.4</i>
                <i>1 0 0 0 1 0 0 0 1 1.61 1.35 -2.4</i>
                <i>1 0 0 0 1 0 0 0 1 1.61 1.35 -2.4</i>
                <i>1 0 0 0 1 0 0 0 1 1.61 1.35 -2.4</i>
                <i>1 0 0 0 1 0 0 0 1 1.61 1.35 -2.4</i>
                <i>1 0 0 0 1 0 0 0 1 1.61 1.35 -2.4</i>
                <i>1 0 0 0 1 0 0 0 1 1.61 1.35 -2.4</i>
                <i>1 0 0 0 1 0 0 0 1 1.61 1.35 -2.4</i>
                <i>1 0 0 0 1 0 0 0 1 1.61 1.35 -2.4</i>
                <i>1 0 0 0 1 0 0 0 1 1.61 1.35 -2.4</i>
                <i>1 0 0 0 1 0 0 0 1 1.61 1.35 -2.4</i>
                <i>1 0 0 0 1 0 0 0 1 1.61 1.35 -2.4</i>
                <i>1 0 0 0 1 0 0 0 1 1.61 1.35 -2.4</i>
                <i>1 0 0 0 1 0 0 0 1 1.61 1.35 -2.4</i>
                <i>1 0 0 0 1 0 0 0 1 1.61 1.35 -2.4</i>
                <i>1 0 0 0 1 0 0 0 1 1.61 1.35 -2.4</i>
                <i>1 0 0 0 1 0 0 0 1 1.61 1.35 -2.4</i>
                <i>1 0 0 0 1 0 0 0 1 1.61 1.35 -2.4</i>
                <i>1 0 0 0 1 0 0 0 1 1.61 1.35 -2.4</i>
                <i>1 0 0 0 1 0 0 0 1 1.61 1.35 -2.4</i>
                <i>1 0 0 0 1 0 0 0 1 1.61 1.35 -2.4</i>
                <i>1 0 0 0 1 0 0 0 1 1.61 1.35 -2.4</i>
                <i>1 0 0 0 1 0 0 0 1 1.61 1.35 -2.4</i>
                <i>1 0 0 0 1 0 0 0 1 1.61 1.35 -2.4</i>
                <i>1 0 0 0 1 0 0 0 1 1.61 1.35 -2.4</i>
                <i>1 0 0 0 1 0 0 0 1 1.61 1.35 -2.4</i>
                <i>1 0 0 0 1 0 0 0 1 1.61 1.35 -2.4</i>
                <i>1 0 0 0 1 0 0 0 1 1.61 1.35 -2.4</i>
                <i>1 0 0 0 1 0 0 0 1 1.61 1.35 -2.4</i>
                <i>1 0 0 0 1 0 0 0 1 1.61 1.35 -2.4</i>
                <i>1 0 0 0 1 0 0 0 1 1.61 1.35 -2.4</i>
                <i>1 0 0 0 1 0 0 0 1 1.61 1.35 -2.4</i>
                <i>1 0 0 0 1 0 0 0 1 1.61 1.35 -2.4</i>
                <i>1 0 0 0 1 0 0 0 1 1.61 1.35 -2.4</i>
                <i>1 0 0 0 1 0 0 0 1 1.61 1.35 -2.4</i>
                <i>1 0 0 0 1 0 0 0 1 1.61 1.35 -2.4</i>
                <i>1 0 0 0 1 0 0 0 1 1.61 1.35 -2.4</i>
                <i>1 0 0 0 1 0 0 0 1 1.61 1.35 -2.4</i>
                <i>1 0 0 0 1 0 0 0 1 1.61 1.35 -2.4</i>
                <i>1 0 0 0 1 0 0 0 1 1.61 1.35 -2.4</i>
                <i>1 0 0 0 1 0 0 0 1 1.61 1.35 -2.4</i>
                <i>1 0 0 0 1 0 0 0 1 1.61 1.35 -2.4</i>
                <i>1 0 0 0 1 0 0 0 1 1.61 1.35 -2.4</i>
                <i>1 0 0 0 1 0 0 0 1 1.61 1.35 -2.4</i>
                <i>1 0 0 0 1 0 0 0 1 1.61 1.35 -2.4</i>
                <i>1 0 0 0 1 0 0 0 1 1.61 1.35 -2.4</i>
                <i>1 0 0 0 1 0 0 0 1 1.61 1.35 -2.4</i>
                <i>1 0 0 0 1 0 0 0 1 1.61 1.35 -2.4</i>
                <i>1 0 0 0 1 0 0 0 1 1.61 1.35 -2.4</i>
                <i>1 0 0 0 1 0 0 0 1 1.61 1.35 -2.4</i>
                <i>1 0 0 0 1 0 0 0 1 1.61 1.35 -2.4</i>
                <i>1 0 0 0 1 0 0 0 1 1.61 1.35 -2.4</i>
                <i>1 0 0 0 1 0 0 0 1 1.61 1.35 -2.4</i>
            </KeyFrames>
        </RefFrame>
        <Bones count="23">
            <i>
                <p>
                    <Name><![CDATA[pelvis]]></Name>
                    <Exclude>0</Exclude>
                    <Additive>0</Additive>
                    <IKPriority>0</IKPriority>
                    <IKRotLimits>-1e+010 -1e+010 -1e+010 1e+010 1e+010 1e+010</IKRotLimits>
                    <IKRotLimitOrder>2</IKRotLimitOrder>
                    <KeyFrames count="61">
                        <i>1 0 0 0 1 0 0 0 1 1.57 2.42 -2.4</i>
                        <i>1 0 0 0 1 0 0 0 1 1.57 2.41975 -2.4</i>
                        <i>1 0 0 0 1 0 0 0 1 1.57 2.41903 -2.4</i>
                        <i>1 0 0 0 1 0 0 0 1 1.57 2.41792 -2.4</i>
                        <i>1 0 0 0 1 0 0 0 1 1.57 2.41649 -2.4</i>
                        <i>1 0 0 0 1 0 0 0 1 1.57 2.41481 -2.4</i>
                        <i>1 0 0 0 1 0 0 0 1 1.57 2.41296 -2.4</i>
                        <i>1 0 0 0 1 0 0 0 1 1.57 2.411 -2.4</i>
                        <i>1 0 0 0 1 0 0 0 1 1.57 2.409 -2.4</i>
                        <i>1 0 0 0 1 0 0 0 1 1.57 2.40704 -2.4</i>
                        <i>1 0 0 0 1 0 0 0 1 1.57 2.40519 -2.4</i>
                        <i>1 0 0 0 1 0 0 0 1 1.57 2.40351 -2.4</i>
                        <i>1 0 0 0 1 0 0 0 1 1.57 2.40208 -2.4</i>
                        <i>1 0 0 0 1 0 0 0 1 1.57 2.40097 -2.4</i>
                        <i>1 0 0 0 1 0 0 0 1 1.57 2.40025 -2.4</i>
                        <i>1 0 0 0 1 0 0 0 1 1.57 2.4 -2.4</i>
                        <i>1 0 0 0 1 0 0 0 1 1.57 2.4002 -2.4</i>
                        <i>1 0 0 0 1 0 0 0 1 1.57 2.40077 -2.4</i>
                        <i>1 0 0 0 1 0 0 0 1 1.57 2.40165 -2.4</i>
                        <i>1 0 0 0 1 0 0 0 1 1.57 2.4028 -2.4</i>
                        <i>1 0 0 0 1 0 0 0 1 1.57 2.40417 -2.4</i>
                        <i>1 0 0 0 1 0 0 0 1 1.57 2.40572 -2.4</i>
                        <i>1 0 0 0 1 0 0 0 1 1.57 2.40738 -2.4</i>
                        <i>1 0 0 0 1 0 0 0 1 1.57 2.40912 -2.4</i>
                        <i>1 0 0 0 1 0 0 0 1 1.57 2.41088 -2.4</i>
                        <i>1 0 0 0 1 0 0 0 1 1.57 2.41262 -2.4</i>
                        <i>1 0 0 0 1 0 0 0 1 1.57 2.41428 -2.4</i>
                        <i>1 0 0 0 1 0 0 0 1 1.57 2.41583 -2.4</i>
                        <i>1 0 0 0 1 0 0 0 1 1.57 2.4172 -2.4</i>
                        <i>1 0 0 0 1 0 0 0 1 1.57 2.41835 -2.4</i>
                        <i>1 0 0 0 1 0 0 0 1 1.57 2.41923 -2.4</i>
                        <i>1 0 0 0 1 0 0 0 1 1.57 2.4198 -2.4</i>
                        <i>1 0 0 0 1 0 0 0 1 1.57 2.42 -2.4</i>
                        <i>1 0 0 0 1 0 0 0 1 1.57 2.41975 -2.4</i>
                        <i>1 0 0 0 1 0 0 0 1 1.57 2.41903 -2.4</i>
                        <i>1 0 0 0 1 0 0 0 1 1.57 2.41792 -2.4</i>
                        <i>1 0 0 0 1 0 0 0 1 1.57 2.41649 -2.4</i>
                        <i>1 0 0 0 1 0 0 0 1 1.57 2.41481 -2.4</i>
                        <i>1 0 0 0 1 0 0 0 1 1.57 2.41296 -2.4</i>
                        <i>1 0 0 0 1 0 0 0 1 1.57 2.411 -2.4</i>
                        <i>1 0 0 0 1 0 0 0 1 1.57 2.409 -2.4</i>
                        <i>1 0 0 0 1 0 0 0 1 1.57 2.40704 -2.4</i>
                        <i>1 0 0 0 1 0 0 0 1 1.57 2.40519 -2.4</i>
                        <i>1 0 0 0 1 0 0 0 1 1.57 2.40351 -2.4</i>
                        <i>1 0 0 0 1 0 0 0 1 1.57 2.40208 -2.4</i>
                        <i>1 0 0 0 1 0 0 0 1 1.57 2.40097 -2.4</i>
                        <i>1 0 0 0 1 0 0 0 1 1.57 2.40025 -2.4</i>
                        <i>1 0 0 0 1 0 0 0 1 1.57 2.4 -2.4</i>
                        <i>1 0 0 0 1 0 0 0 1 1.57 2.40034 -2.4</i>
                        <i>1 0 0 0 1 0 0 0 1 1.57 2.40127 -2.4</i>
                        <i>1 0 0 0 1 0 0 0 1 1.57 2.4027 -2.4</i>
                        <i>1 0 0 0 1 0 0 0 1 1.57 2.40452 -2.4</i>
                        <i>1 0 0 0 1 0 0 0 1 1.57 2.4066 -2.4</i>
                        <i>1 0 0 0 1 0 0 0 1 1.57 2.40885 -2.4</i>
                        <i>1 0 0 0 1 0 0 0 1 1.57 2.41115 -2.4</i>
                        <i>1 0 0 0 1 0 0 0 1 1.57 2.4134 -2.4</i>
                        <i>1 0 0 0 1 0 0 0 1 1.57 2.41548 -2.4</i>
                        <i>1 0 0 0 1 0 0 0 1 1.57 2.4173 -2.4</i>
                        <i>1 0 0 0 1 0 0 0 1 1.57 2.41873 -2.4</i>
                        <i>1 0 0 0 1 0 0 0 1 1.57 2.41966 -2.4</i>
                        <i>1 0 0 0 1 0 0 0 1 1.57 2.42 -2.4</i>
                    </KeyFrames>
                </p>
            </i>
            <i>
                <p>
                    <Name><![CDATA[spine0]]></Name>
                    <Exclude>0</Exclude>
                    <Additive>0</Additive>
                    <IKPriority>0</IKPriority>
                    <IKRotLimits>-1e+010 -1e+010 -1e+010 1e+010 1e+010 1e+010</IKRotLimits>
                    <IKRotLimitOrder>0</IKRotLimitOrder>
                    <KeyFrames count="61">
                        <i>-0.175688 0.96697 0.184671 -0.724509 1.11022e-016 -0.689266 -0.666499 -0.254892 0.700578 1.60049 2.55689 -2.43205</i>
                        <i>-0.176274 0.966745 0.185287 -0.724509 -4.44089e-016 -0.689266 -0.666344 -0.255742 0.700415 1.60058 2.5566 -2.43214</i>
                        <i>-0.175804 0.966925 0.184793 -0.724509 -2.22045e-016 -0.689266 -0.666469 -0.25506 0.700546 1.60083 2.55576 -2.4324</i>
                        <i>-0.174417 0.967454 0.183335 -0.724509 -2.22045e-016 -0.689266 -0.666833 -0.253047 0.700929 1.60121 2.55447 -2.43281</i>
                        <i>-0.17225 0.968271 0.181058 -0.724509 -2.22045e-016 -0.689266 -0.667396 -0.249904 0.70152 1.60171 2.5528 -2.43333</i>
                        <i>-0.169442 0.969313 0.178106 -0.724509 -2.22045e-016 -0.689266 -0.668114 -0.24583 0.702276 1.60229 2.55083 -2.43395</i>
                        <i>-0.166126 0.97052 0.174621 -0.724509 0 -0.689266 -0.668946 -0.241019 0.70315 1.60294 2.54865 -2.43463</i>
                        <i>-0.162437 0.971834 0.170743 -0.724509 -2.22045e-016 -0.689266 -0.669852 -0.235667 0.704102 1.60363 2.54633 -2.43535</i>
                        <i>-0.158507 0.973199 0.166611 -0.724509 -2.22045e-016 -0.689266 -0.670793 -0.229965 0.705091 1.60433 2.54397 -2.43608</i>
                        <i>-0.154466 0.974566 0.162364 -0.724509 -2.22045e-016 -0.689266 -0.671735 -0.224102 0.706081 1.60502 2.54163 -2.43681</i>
                        <i>-0.150445 0.975889 0.158137 -0.724509 -2.22045e-016 -0.689266 -0.672647 -0.218268 0.70704 1.60567 2.53942 -2.4375</i>
                        <i>-0.146573 0.977128 0.154067 -0.724509 0 -0.689266 -0.673501 -0.212651 0.707938 1.60627 2.5374 -2.43812</i>
                        <i>-0.14288 0.978279 0.150186 -0.724509 -2.22045e-016 -0.689266 -0.674294 -0.207293 0.708771 1.60679 2.53567 -2.43867</i>
                        <i>-0.139471 0.979314 0.146602 -0.724509 0 -0.689266 -0.675008 -0.202347 0.709521 1.6072 2.53432 -2.43911</i>
                        <i>-0.136593 0.980167 0.143577 -0.724509 3.33067e-016 -0.689266 -0.675596 -0.198172 0.71014 1.60749 2.53344 -2.43941</i>
                        <i>-0.134454 0.98079 0.141329 -0.724509 -4.44089e-016 -0.689266 -0.676025 -0.195068 0.710591 1.60763 2.5331 -2.43956</i>
                        <i>-0.133187 0.981153 0.139997 -0.724509 -2.22045e-016 -0.689266 -0.676275 -0.193231 0.710854 1.6076 2.53332 -2.43952</i>
                        <i>-0.132907 0.981233 0.139703 -0.724509 -2.22045e-016 -0.689266 -0.676331 -0.192824 0.710912 1.60738 2.53401 -2.4393</i>
                        <i>-0.133596 0.981036 0.140427 -0.724509 -4.44089e-016 -0.689266 -0.676195 -0.193823 0.710769 1.60701 2.53511 -2.4389</i>
                        <i>-0.135197 0.980575 0.142109 -0.724509 2.22045e-016 -0.689266 -0.675877 -0.196146 0.710435 1.6065 2.53656 -2.43837</i>
                        <i>-0.137649 0.979856 0.144688 -0.724509 -2.22045e-016 -0.689266 -0.675381 -0.199704 0.709914 1.60587 2.53829 -2.43771</i>
                        <i>-0.14089 0.978886 0.148094 -0.724509 0 -0.689266 -0.674713 -0.204406 0.709211 1.60514 2.54024 -2.43694</i>
                        <i>-0.14485 0.977669 0.152256 -0.724509 -4.44089e-016 -0.689266 -0.673874 -0.210151 0.708329 1.60434 2.54234 -2.43609</i>
                        <i>-0.149458 0.976208 0.157099 -0.724509 1.11022e-016 -0.689266 -0.672867 -0.216836 0.707271 1.60347 2.54454 -2.43518</i>
                        <i>-0.154534 0.974543 0.162435 -0.724509 0 -0.689266 -0.671719 -0.2242 0.706065 1.60256 2.54677 -2.43423</i>
                        <i>-0.159812 0.97275 0.167983 -0.724509 3.33067e-016 -0.689266 -0.670483 -0.231858 0.704765 1.60164 2.54896 -2.43325</i>
                        <i>-0.165087 0.970893 0.173528 -0.724509 1.11022e-016 -0.689266 -0.669204 -0.239512 0.703421 1.60071 2.55107 -2.43228</i>
                        <i>-0.170157 0.969049 0.178857 -0.724509 -2.22045e-016 -0.689266 -0.667933 -0.246867 0.702085 1.59981 2.55303 -2.43134</i>
                        <i>-0.174819 0.967301 0.183758 -0.724509 -2.22045e-016 -0.689266 -0.666728 -0.253631 0.700818 1.59896 2.55479 -2.43044</i>
                        <i>-0.178874 0.965739 0.18802 -0.724509 -2.22045e-016 -0.689266 -0.665651 -0.259514 0.699686 1.59817 2.55628 -2.42961</i>
                        <i>-0.182125 0.96446 0.191437 -0.724509 -2.22045e-016 -0.689266 -0.664769 -0.26423 0.698759 1.59747 2.55746 -2.42888</i>
                        <i>-0.184389 0.963554 0.193817 -0.724509 -2.22045e-016 -0.689266 -0.664145 -0.267515 0.698103 1.59688 2.55827 -2.42826</i>
                        <i>-0.185558 0.963081 0.195045 -0.724509 -2.22045e-016 -0.689266 -0.663819 -0.26921 0.697761 1.59643 2.55866 -2.42778</i>
                        <i>-0.185546 0.963086 0.195033 -0.724509 -2.22045e-016 -0.689266 -0.663822 -0.269193 0.697764 1.59612 2.55852 -2.42746</i>
                        <i>-0.184311 0.963585 0.193735 -0.724509 0 -0.689266 -0.664166 -0.267402 0.698126 1.59599 2.55786 -2.42732</i>
                        <i>-0.181883 0.964556 0.191183 -0.724509 2.22045e-016 -0.689266 -0.664835 -0.26388 0.698829 1.59611 2.5567 -2.42745</i>
                        <i>-0.178355 0.965941 0.187475 -0.724509 -4.44089e-016 -0.689266 -0.66579 -0.258761 0.699833 1.5965 2.55512 -2.42786</i>
                        <i>-0.173895 0.967652 0.182787 -0.724509 0 -0.689266 -0.666969 -0.25229 0.701072 1.59712 2.55319 -2.4285</i>
                        <i>-0.16867 0.969597 0.177294 -0.724509 -2.22045e-016 -0.689266 -0.66831 -0.244709 0.702481 1.59792 2.551 -2.42935</i>
                        <i>-0.162859 0.971685 0.171186 -0.724509 0 -0.689266 -0.669749 -0.236279 0.703994 1.59886 2.54863 -2.43034</i>
                        <i>-0.156705 0.973813 0.164718 -0.724509 -4.44089e-016 -0.689266 -0.671216 -0.227351 0.705536 1.5999 2.54617 -2.43143</i>
                        <i>-0.150467 0.975882 0.15816 -0.724509 2.22045e-016 -0.689266 -0.672642 -0.2183 0.707035 1.60099 2.5437 -2.43257</i>
                        <i>-0.144404 0.977808 0.151788 -0.724509 0 -0.689266 -0.673969 -0.209505 0.70843 1.60209 2.54131 -2.43373</i>
                        <i>-0.13878 0.979521 0.145875 -0.724509 -4.44089e-016 -0.689266 -0.67515 -0.201344 0.709671 1.60316 2.53909 -2.43485</i>
                        <i>-0.133855 0.980962 0.140699 -0.724509 -4.44089e-016 -0.689266 -0.676144 -0.194199 0.710715 1.60415 2.53714 -2.4359</i>
                        <i>-0.129895 0.982082 0.136537 -0.724509 -2.22045e-016 -0.689266 -0.676915 -0.188454 0.711527 1.60504 2.53555 -2.43683</i>
                        <i>-0.127092 0.982854 0.13359 -0.724509 0 -0.689266 -0.677447 -0.184387 0.712086 1.60576 2.53443 -2.43759</i>
                        <i>-0.125582 0.983262 0.132003 -0.724509 0 -0.689266 -0.677729 -0.182197 0.712382 1.6063 2.53388 -2.43815</i>
                        <i>-0.125528 0.983276 0.131947 -0.724509 -2.22045e-016 -0.689266 -0.677739 -0.182119 0.712392 1.60659 2.53404 -2.43846</i>
                        <i>-0.126902 0.982905 0.133391 -0.724509 1.11022e-016 -0.689266 -0.677483 -0.184112 0.712123 1.60662 2.53497 -2.43849</i>
                        <i>-0.129537 0.982182 0.13616 -0.724509 -2.22045e-016 -0.689266 -0.676984 -0.187934 0.711599 1.60638 2.53653 -2.43824</i>
                        <i>-0.133232 0.981141 0.140044 -0.724509 -2.22045e-016 -0.689266 -0.676267 -0.193295 0.710845 1.60593 2.5386 -2.43777</i>
                        <i>-0.137788 0.979815 0.144833 -0.724509 -4.44089e-016 -0.689266 -0.675353 -0.199905 0.709885 1.60532 2.54102 -2.43713</i>
                        <i>-0.143059 0.978224 0.150374 -0.724509 -4.44089e-016 -0.689266 -0.674256 -0.207553 0.708732 1.6046 2.54367 -2.43637</i>
                        <i>-0.148819 0.976413 0.156428 -0.724509 -2.22045e-016 -0.689266 -0.673008 -0.215909 0.70742 1.60381 2.54639 -2.43554</i>
                        <i>-0.154745 0.974472 0.162657 -0.724509 -4.44089e-016 -0.689266 -0.671671 -0.224507 0.706014 1.60301 2.54906 -2.4347</i>
                        <i>-0.160516 0.972506 0.168723 -0.724509 2.22045e-016 -0.689266 -0.670315 -0.232879 0.704589 1.60224 2.55153 -2.43388</i>
                        <i>-0.165812 0.970634 0.17429 -0.724509 2.22045e-016 -0.689266 -0.669025 -0.240563 0.703232 1.60155 2.55368 -2.43316</i>
                        <i>-0.170316 0.968991 0.179024 -0.724509 -2.22045e-016 -0.689266 -0.667892 -0.247097 0.702042 1.60099 2.55538 -2.43258</i>
                        <i>-0.173712 0.967721 0.182595 -0.724509 -2.22045e-016 -0.689266 -0.667017 -0.252025 0.701122 1.60062 2.55649 -2.43219</i>
                        <i>-0.175688 0.96697 0.184671 -0.724509 1.11022e-016 -0.689266 -0.666499 -0.254892 0.700578 1.60049 2.55689 -2.43205</i>
                    </KeyFrames>
                </p>
            </i>
            <i>
                <p>
                    <Name><![CDATA[spine1]]></Name>
                    <Exclude>0</Exclude>
                    <Additive>0</Additive>
                    <IKPriority>0</IKPriority>
                    <IKRotLimits>-1e+010 -1e+010 -1e+010 1e+010 1e+010 1e+010</IKRotLimits>
                    <IKRotLimitOrder>0</IKRotLimitOrder>
                    <KeyFrames count="61">
                        <i>-0.433446 0.777525 0.455608 -0.724509 1.11022e-016 -0.689266 -0.535922 -0.628852 0.563324 1.5692 2.72927 -2.39916</i>
                        <i>-0.436097 0.774398 0.458396 -0.724509 -4.44089e-016 -0.689266 -0.533766 -0.632699 0.561058 1.56916 2.72904 -2.39912</i>
                        <i>-0.438141 0.771966 0.460544 -0.724509 -2.22045e-016 -0.689266 -0.53209 -0.635663 0.559296 1.56946 2.72843 -2.39944</i>
                        <i>-0.439591 0.770229 0.462068 -0.724509 -2.22045e-016 -0.689266 -0.530892 -0.637768 0.558037 1.57005 2.72751 -2.40005</i>
                        <i>-0.440464 0.769179 0.462985 -0.724509 -2.22045e-016 -0.689266 -0.530169 -0.639033 0.557277 1.57088 2.72631 -2.40092</i>
                        <i>-0.440773 0.768806 0.46331 -0.724509 -2.22045e-016 -0.689266 -0.529912 -0.639482 0.557007 1.5719 2.72491 -2.402</i>
                        <i>-0.440534 0.769094 0.463059 -0.724509 0 -0.689266 -0.53011 -0.639136 0.557215 1.57307 2.72336 -2.40323</i>
                        <i>-0.439764 0.770022 0.462249 -0.724509 -2.22045e-016 -0.689266 -0.53075 -0.638018 0.557887 1.57435 2.7217 -2.40458</i>
                        <i>-0.438477 0.771565 0.460897 -0.724509 -2.22045e-016 -0.689266 -0.531813 -0.636151 0.559005 1.5757 2.72 -2.40599</i>
                        <i>-0.43669 0.773695 0.459019 -0.724509 -2.22045e-016 -0.689266 -0.533281 -0.633559 0.560548 1.57706 2.71831 -2.40742</i>
                        <i>-0.43442 0.776381 0.456632 -0.724509 -2.22045e-016 -0.689266 -0.535133 -0.630264 0.562494 1.57839 2.7167 -2.40881</i>
                        <i>-0.431681 0.77959 0.453753 -0.724509 0 -0.689266 -0.537344 -0.626291 0.564819 1.57964 2.71522 -2.41013</i>
                        <i>-0.428244 0.783569 0.45014 -0.724509 -2.22045e-016 -0.689266 -0.540087 -0.621304 0.567703 1.5808 2.71394 -2.41135</i>
                        <i>-0.424055 0.78835 0.445737 -0.724509 0 -0.689266 -0.543383 -0.615227 0.571167 1.58182 2.71291 -2.41242</i>
                        <i>-0.419392 0.793583 0.440836 -0.724509 3.33067e-016 -0.689266 -0.54699 -0.608461 0.574958 1.58263 2.71221 -2.41327</i>
                        <i>-0.414521 0.798952 0.435716 -0.724509 -4.44089e-016 -0.689266 -0.55069 -0.601395 0.578847 1.58317 2.7119 -2.41384</i>
                        <i>-0.409689 0.80418 0.430637 -0.724509 -2.22045e-016 -0.689266 -0.554294 -0.594385 0.582636 1.58339 2.71198 -2.41407</i>
                        <i>-0.405173 0.808982 0.42589 -0.724509 -2.22045e-016 -0.689266 -0.557604 -0.587833 0.586115 1.58327 2.71238 -2.41395</i>
                        <i>-0.401172 0.813168 0.421685 -0.724509 -4.44089e-016 -0.689266 -0.560489 -0.582029 0.589147 1.58282 2.71306 -2.41348</i>
                        <i>-0.397823 0.816625 0.418164 -0.724509 2.22045e-016 -0.689266 -0.562871 -0.577169 0.591651 1.58208 2.71397 -2.4127</i>
                        <i>-0.395265 0.819235 0.415475 -0.724509 -2.22045e-016 -0.689266 -0.564671 -0.573458 0.593543 1.58108 2.71507 -2.41164</i>
                        <i>-0.393642 0.820878 0.413769 -0.724509 0 -0.689266 -0.565803 -0.571103 0.594733 1.57984 2.71632 -2.41034</i>
                        <i>-0.393099 0.821426 0.413198 -0.724509 -4.44089e-016 -0.689266 -0.566181 -0.570315 0.59513 1.57839 2.71767 -2.40882</i>
                        <i>-0.393783 0.820736 0.413917 -0.724509 1.11022e-016 -0.689266 -0.565705 -0.571308 0.59463 1.57678 2.71908 -2.40712</i>
                        <i>-0.395561 0.818935 0.415786 -0.724509 0 -0.689266 -0.564464 -0.573887 0.593325 1.57504 2.72049 -2.4053</i>
                        <i>-0.39806 0.816382 0.418413 -0.724509 3.33067e-016 -0.689266 -0.562704 -0.577512 0.591476 1.57326 2.72187 -2.40342</i>
                        <i>-0.401066 0.813279 0.421573 -0.724509 1.11022e-016 -0.689266 -0.560565 -0.581875 0.589227 1.57147 2.72317 -2.40155</i>
                        <i>-0.404367 0.809831 0.425042 -0.724509 -2.22045e-016 -0.689266 -0.558189 -0.586663 0.58673 1.56975 2.72435 -2.39974</i>
                        <i>-0.407748 0.806255 0.428597 -0.724509 -2.22045e-016 -0.689266 -0.555724 -0.591569 0.584138 1.56815 2.72538 -2.39805</i>
                        <i>-0.410998 0.802774 0.432013 -0.724509 -2.22045e-016 -0.689266 -0.553324 -0.596284 0.581616 1.56671 2.72622 -2.39655</i>
                        <i>-0.413905 0.799623 0.435069 -0.724509 -2.22045e-016 -0.689266 -0.551153 -0.600502 0.579334 1.5655 2.72685 -2.39527</i>
                        <i>-0.416263 0.797043 0.437547 -0.724509 -2.22045e-016 -0.689266 -0.549374 -0.603923 0.577464 1.56457 2.72724 -2.39429</i>
                        <i>-0.417886 0.795253 0.439253 -0.724509 -2.22045e-016 -0.689266 -0.548141 -0.606277 0.576168 1.56394 2.72734 -2.39363</i>
                        <i>-0.418595 0.794468 0.439998 -0.724509 -2.22045e-016 -0.689266 -0.5476 -0.607306 0.575599 1.56366 2.72708 -2.39334</i>
                        <i>-0.418291 0.794805 0.439679 -0.724509 0 -0.689266 -0.547832 -0.606865 0.575843 1.56376 2.72646 -2.39344</i>
                        <i>-0.417259 0.795946 0.438594 -0.724509 2.22045e-016 -0.689266 -0.548618 -0.605368 0.57667 1.56429 2.72555 -2.394</i>
                        <i>-0.415681 0.797682 0.436935 -0.724509 -4.44089e-016 -0.689266 -0.549815 -0.603078 0.577928 1.56526 2.72442 -2.39501</i>
                        <i>-0.413513 0.800051 0.434656 -0.724509 0 -0.689266 -0.551448 -0.599932 0.579644 1.5666 2.72312 -2.39642</i>
                        <i>-0.410709 0.803085 0.431709 -0.724509 -2.22045e-016 -0.689266 -0.553539 -0.595864 0.581842 1.56825 2.72169 -2.39816</i>
                        <i>-0.407263 0.80677 0.428087 -0.724509 0 -0.689266 -0.556079 -0.590865 0.584512 1.57013 2.72017 -2.40014</i>
                        <i>-0.403344 0.810904 0.423968 -0.724509 -4.44089e-016 -0.689266 -0.558928 -0.585179 0.587507 1.57217 2.71861 -2.40228</i>
                        <i>-0.39917 0.81524 0.419579 -0.724509 2.22045e-016 -0.689266 -0.561917 -0.579123 0.590649 1.57428 2.71706 -2.4045</i>
                        <i>-0.39496 0.819545 0.415154 -0.724509 0 -0.689266 -0.564884 -0.573015 0.593767 1.57638 2.71556 -2.40671</i>
                        <i>-0.390937 0.823595 0.410926 -0.724509 -4.44089e-016 -0.689266 -0.567676 -0.567179 0.596701 1.57838 2.71418 -2.40881</i>
                        <i>-0.387326 0.827178 0.40713 -0.724509 -4.44089e-016 -0.689266 -0.570145 -0.56194 0.599297 1.58019 2.71298 -2.41071</i>
                        <i>-0.384353 0.830092 0.404005 -0.724509 -2.22045e-016 -0.689266 -0.572154 -0.557627 0.601409 1.58173 2.71202 -2.41233</i>
                        <i>-0.382221 0.832161 0.401764 -0.724509 0 -0.689266 -0.57358 -0.554533 0.602908 1.58292 2.71139 -2.41358</i>
                        <i>-0.381115 0.833228 0.400602 -0.724509 0 -0.689266 -0.574316 -0.55293 0.603681 1.58369 2.71117 -2.41439</i>
                        <i>-0.381202 0.833144 0.400694 -0.724509 -2.22045e-016 -0.689266 -0.574258 -0.553056 0.60362 1.58398 2.7115 -2.41469</i>
                        <i>-0.382302 0.832083 0.401849 -0.724509 1.11022e-016 -0.689266 -0.573526 -0.554651 0.602851 1.58375 2.7124 -2.41445</i>
                        <i>-0.384293 0.83015 0.403942 -0.724509 -2.22045e-016 -0.689266 -0.572194 -0.55754 0.601451 1.58305 2.71375 -2.41371</i>
                        <i>-0.387155 0.827347 0.40695 -0.724509 -2.22045e-016 -0.689266 -0.570262 -0.561691 0.59942 1.58196 2.71545 -2.41257</i>
                        <i>-0.390861 0.82367 0.410847 -0.724509 -4.44089e-016 -0.689266 -0.567728 -0.567069 0.596756 1.58056 2.71739 -2.4111</i>
                        <i>-0.395532 0.818963 0.415756 -0.724509 -4.44089e-016 -0.689266 -0.564483 -0.573846 0.593346 1.57893 2.71947 -2.40938</i>
                        <i>-0.401071 0.813274 0.421578 -0.724509 -2.22045e-016 -0.689266 -0.560562 -0.581881 0.589224 1.57715 2.72156 -2.40751</i>
                        <i>-0.40713 0.806912 0.427947 -0.724509 -4.44089e-016 -0.689266 -0.556177 -0.590672 0.584615 1.57533 2.72359 -2.4056</i>
                        <i>-0.413368 0.800209 0.434503 -0.724509 2.22045e-016 -0.689266 -0.551557 -0.599722 0.579758 1.57357 2.72543 -2.40375</i>
                        <i>-0.419447 0.793522 0.440894 -0.724509 2.22045e-016 -0.689266 -0.546948 -0.608541 0.574914 1.57197 2.72701 -2.40207</i>
                        <i>-0.425036 0.787237 0.446769 -0.724509 -2.22045e-016 -0.689266 -0.542615 -0.616651 0.57036 1.57064 2.72823 -2.40068</i>
                        <i>-0.42981 0.781762 0.451786 -0.724509 -2.22045e-016 -0.689266 -0.538842 -0.623576 0.566394 1.56968 2.72901 -2.39967</i>
                        <i>-0.433446 0.777525 0.455608 -0.724509 1.11022e-016 -0.689266 -0.535922 -0.628852 0.563324 1.5692 2.72927 -2.39916</i>
                    </KeyFrames>
                </p>
            </i>
            <i>
                <p>
                    <Name><![CDATA[spine2]]></Name>
                    <Exclude>0</Exclude>
                    <Additive>0</Additive>
                    <IKPriority>0</IKPriority>
                    <IKRotLimits>-1e+010 -1e+010 -1e+010 1e+010 1e+010 1e+010</IKRotLimits>
                    <IKRotLimitOrder>0</IKRotLimitOrder>
                    <KeyFrames count="61">
                        <i>-0.505483 0.679836 0.531328 -0.724509 1.11022e-016 -0.689266 -0.468588 -0.733364 0.492547 1.49809 2.85654 -2.32441</i>
                        <i>-0.508663 0.674825 0.534671 -0.724509 -4.44089e-016 -0.689266 -0.465134 -0.737978 0.488916 1.49757 2.85587 -2.32387</i>
                        <i>-0.511658 0.670042 0.537819 -0.724509 -2.22045e-016 -0.689266 -0.461837 -0.742323 0.485451 1.49746 2.85499 -2.32375</i>
                        <i>-0.514396 0.665615 0.540697 -0.724509 -2.22045e-016 -0.689266 -0.458786 -0.746295 0.482244 1.49769 2.85397 -2.32399</i>
                        <i>-0.516807 0.661671 0.543232 -0.724509 -2.22045e-016 -0.689266 -0.456067 -0.749794 0.479386 1.49823 2.85284 -2.32456</i>
                        <i>-0.518827 0.658336 0.545355 -0.724509 -2.22045e-016 -0.689266 -0.453769 -0.752724 0.47697 1.49905 2.85165 -2.32542</i>
                        <i>-0.520391 0.655733 0.546999 -0.724509 0 -0.689266 -0.451974 -0.754993 0.475084 1.50009 2.85043 -2.32651</i>
                        <i>-0.521437 0.653981 0.548099 -0.724509 -2.22045e-016 -0.689266 -0.450767 -0.756511 0.473815 1.50132 2.84922 -2.32781</i>
                        <i>-0.521905 0.653195 0.54859 -0.724509 -2.22045e-016 -0.689266 -0.450225 -0.75719 0.473246 1.5027 2.84808 -2.32925</i>
                        <i>-0.521733 0.653485 0.548409 -0.724509 -2.22045e-016 -0.689266 -0.450425 -0.75694 0.473455 1.50418 2.84703 -2.33082</i>
                        <i>-0.520858 0.654952 0.54749 -0.724509 -2.22045e-016 -0.689266 -0.451436 -0.75567 0.474519 1.50574 2.84613 -2.33245</i>
                        <i>-0.519212 0.657696 0.54576 -0.724509 0 -0.689266 -0.453328 -0.753283 0.476507 1.50732 2.84541 -2.33412</i>
                        <i>-0.516465 0.662234 0.542872 -0.724509 -2.22045e-016 -0.689266 -0.456455 -0.749297 0.479794 1.50896 2.84497 -2.33584</i>
                        <i>-0.51246 0.668751 0.538662 -0.724509 0 -0.689266 -0.460947 -0.743487 0.484516 1.51062 2.84485 -2.33758</i>
                        <i>-0.507385 0.676846 0.533328 -0.724509 3.33067e-016 -0.689266 -0.466527 -0.736124 0.490381 1.5122 2.84505 -2.33924</i>
                        <i>-0.501484 0.686042 0.527125 -0.724509 -4.44089e-016 -0.689266 -0.472865 -0.727562 0.497043 1.51359 2.84558 -2.3407</i>
                        <i>-0.495102 0.69573 0.520417 -0.724509 -2.22045e-016 -0.689266 -0.479543 -0.718304 0.504062 1.5147 2.8464 -2.34187</i>
                        <i>-0.488597 0.705343 0.51358 -0.724509 -2.22045e-016 -0.689266 -0.486169 -0.708866 0.511027 1.51545 2.84739 -2.34266</i>
                        <i>-0.482245 0.714486 0.506902 -0.724509 -4.44089e-016 -0.689266 -0.492471 -0.69965 0.517651 1.51582 2.84848 -2.34305</i>
                        <i>-0.476282 0.722855 0.500635 -0.724509 2.22045e-016 -0.689266 -0.498239 -0.691 0.523715 1.51581 2.84963 -2.34303</i>
                        <i>-0.470963 0.730154 0.495044 -0.724509 -2.22045e-016 -0.689266 -0.50327 -0.683282 0.529003 1.51541 2.8508 -2.34262</i>
                        <i>-0.46655 0.736093 0.490405 -0.724509 0 -0.689266 -0.507364 -0.67688 0.533306 1.51464 2.85193 -2.34181</i>
                        <i>-0.463317 0.74038 0.487007 -0.724509 -4.44089e-016 -0.689266 -0.510319 -0.672189 0.536412 1.51348 2.85297 -2.3406</i>
                        <i>-0.461539 0.742713 0.485138 -0.724509 1.11022e-016 -0.689266 -0.511927 -0.66961 0.538102 1.51196 2.85386 -2.33899</i>
                        <i>-0.461169 0.743197 0.484749 -0.724509 0 -0.689266 -0.51226 -0.669072 0.538453 1.51013 2.85459 -2.33706</i>
                        <i>-0.461872 0.742277 0.485488 -0.724509 3.33067e-016 -0.689266 -0.511626 -0.670093 0.537786 1.50812 2.85517 -2.33496</i>
                        <i>-0.463494 0.740146 0.487193 -0.724509 1.11022e-016 -0.689266 -0.510157 -0.672447 0.536242 1.50604 2.8556 -2.33277</i>
                        <i>-0.465874 0.736994 0.489695 -0.724509 -2.22045e-016 -0.689266 -0.507985 -0.6759 0.533958 1.50396 2.85587 -2.33058</i>
                        <i>-0.46885 0.733012 0.492822 -0.724509 -2.22045e-016 -0.689266 -0.50524 -0.680216 0.531073 1.50197 2.856 -2.32849</i>
                        <i>-0.472257 0.728393 0.496404 -0.724509 -2.22045e-016 -0.689266 -0.502056 -0.68516 0.527727 1.50016 2.856 -2.32659</i>
                        <i>-0.475935 0.723337 0.50027 -0.724509 -2.22045e-016 -0.689266 -0.498572 -0.690495 0.524064 1.49861 2.85587 -2.32496</i>
                        <i>-0.479703 0.718078 0.504231 -0.724509 -2.22045e-016 -0.689266 -0.494947 -0.695963 0.520254 1.4974 2.85564 -2.32369</i>
                        <i>-0.483292 0.712994 0.508003 -0.724509 -2.22045e-016 -0.689266 -0.491443 -0.70117 0.516571 1.49659 2.8553 -2.32284</i>
                        <i>-0.486407 0.708522 0.511277 -0.724509 -2.22045e-016 -0.689266 -0.48836 -0.705689 0.51333 1.49625 2.85482 -2.32248</i>
                        <i>-0.488825 0.70501 0.51382 -0.724509 0 -0.689266 -0.485939 -0.709197 0.510786 1.49642 2.85422 -2.32265</i>
                        <i>-0.490585 0.702433 0.515669 -0.724509 2.22045e-016 -0.689266 -0.484163 -0.71175 0.508919 1.49708 2.85355 -2.32335</i>
                        <i>-0.491682 0.700816 0.516822 -0.724509 -4.44089e-016 -0.689266 -0.483049 -0.713342 0.507747 1.49822 2.85286 -2.32454</i>
                        <i>-0.49201 0.700332 0.517167 -0.724509 0 -0.689266 -0.482715 -0.713817 0.507396 1.49978 2.85218 -2.32618</i>
                        <i>-0.491459 0.701145 0.516588 -0.724509 -2.22045e-016 -0.689266 -0.483275 -0.713019 0.507986 1.50171 2.85155 -2.32822</i>
                        <i>-0.489964 0.703344 0.515016 -0.724509 0 -0.689266 -0.484791 -0.710849 0.509579 1.50396 2.851 -2.33058</i>
                        <i>-0.487647 0.706725 0.512581 -0.724509 -4.44089e-016 -0.689266 -0.487122 -0.707488 0.512029 1.50643 2.85051 -2.33318</i>
                        <i>-0.484684 0.711003 0.509466 -0.724509 2.22045e-016 -0.689266 -0.49007 -0.703188 0.515128 1.50901 2.85008 -2.33589</i>
                        <i>-0.48125 0.715896 0.505857 -0.724509 0 -0.689266 -0.493443 -0.698207 0.518673 1.51159 2.8497 -2.3386</i>
                        <i>-0.477526 0.721126 0.501942 -0.724509 -4.44089e-016 -0.689266 -0.497048 -0.692804 0.522462 1.51405 2.84939 -2.34119</i>
                        <i>-0.473695 0.726425 0.497915 -0.724509 -4.44089e-016 -0.689266 -0.5007 -0.687246 0.526301 1.51627 2.84915 -2.34352</i>
                        <i>-0.469945 0.731533 0.493974 -0.724509 -2.22045e-016 -0.689266 -0.504221 -0.681806 0.530002 1.51814 2.849 -2.34549</i>
                        <i>-0.466569 0.736069 0.490425 -0.724509 0 -0.689266 -0.507347 -0.676907 0.533288 1.51955 2.84899 -2.34697</i>
                        <i>-0.463937 0.739562 0.487659 -0.724509 0 -0.689266 -0.509755 -0.673089 0.535819 1.52041 2.84915 -2.34787</i>
                        <i>-0.462335 0.74167 0.485975 -0.724509 -2.22045e-016 -0.689266 -0.511208 -0.670765 0.537346 1.52062 2.84959 -2.3481</i>
                        <i>-0.461761 0.742423 0.485371 -0.724509 1.11022e-016 -0.689266 -0.511727 -0.669931 0.537892 1.52019 2.85034 -2.34765</i>
                        <i>-0.462182 0.741871 0.485814 -0.724509 -2.22045e-016 -0.689266 -0.511346 -0.670543 0.537492 1.51919 2.8513 -2.3466</i>
                        <i>-0.46361 0.739994 0.487314 -0.724509 -2.22045e-016 -0.689266 -0.510053 -0.672614 0.536132 1.5177 2.8524 -2.34502</i>
                        <i>-0.466047 0.736764 0.489877 -0.724509 -4.44089e-016 -0.689266 -0.507826 -0.67615 0.533792 1.51578 2.85355 -2.343</i>
                        <i>-0.469661 0.731918 0.493675 -0.724509 -4.44089e-016 -0.689266 -0.504486 -0.681393 0.53028 1.51348 2.85463 -2.34059</i>
                        <i>-0.474367 0.725502 0.498622 -0.724509 -2.22045e-016 -0.689266 -0.500063 -0.68822 0.525632 1.5109 2.85556 -2.33788</i>
                        <i>-0.479794 0.71795 0.504327 -0.724509 -4.44089e-016 -0.689266 -0.494858 -0.696095 0.520161 1.5082 2.8563 -2.33504</i>
                        <i>-0.485581 0.709713 0.510409 -0.724509 2.22045e-016 -0.689266 -0.489181 -0.704491 0.514193 1.50553 2.85683 -2.33223</i>
                        <i>-0.491376 0.701268 0.5165 -0.724509 2.22045e-016 -0.689266 -0.48336 -0.712897 0.508075 1.50303 2.85712 -2.32961</i>
                        <i>-0.496839 0.693118 0.522243 -0.724509 -2.22045e-016 -0.689266 -0.477743 -0.720824 0.50217 1.50086 2.85717 -2.32733</i>
                        <i>-0.501646 0.685792 0.527296 -0.724509 -2.22045e-016 -0.689266 -0.472693 -0.727798 0.496862 1.49917 2.85698 -2.32554</i>
                        <i>-0.505483 0.679836 0.531328 -0.724509 1.11022e-016 -0.689266 -0.468588 -0.733364 0.492547 1.49809 2.85654 -2.32441</i>
                    </KeyFrames>
                </p>
            </i>
            <i>
                <p>
                    <Name><![CDATA[head]]></Name>
                    <Exclude>0</Exclude>
                    <Additive>0</Additive>
                    <IKPriority>0</IKPriority>
                    <IKRotLimits>-1e+010 -1e+010 -1e+010 1e+010 1e+010 1e+010</IKRotLimits>
                    <IKRotLimitOrder>0</IKRotLimitOrder>
                    <KeyFrames count="61">
                        <i>-0.103488 0.962893 0.249254 0.0145794 0.252041 -0.967607 -0.994524 -0.0965016 -0.0401215 1.37722 3.04833 -2.19737</i>
                        <i>-0.108394 0.960796 0.255192 0.0131945 0.258072 -0.966036 -0.99402 -0.101345 -0.0406507 1.37575 3.04644 -2.19582</i>
                        <i>-0.113368 0.958211 0.26264 0.0115864 0.265601 -0.964013 -0.993485 -0.106246 -0.041213 1.37467 3.04441 -2.19468</i>
                        <i>-0.118241 0.955224 0.271232 0.00980043 0.274257 -0.961606 -0.992937 -0.111043 -0.0417899 1.37395 3.04232 -2.19393</i>
                        <i>-0.122842 0.951931 0.280602 0.00789196 0.283672 -0.958889 -0.992395 -0.115577 -0.0423594 1.3736 3.04025 -2.19356</i>
                        <i>-0.127007 0.948443 0.290389 0.0059278 0.293481 -0.955947 -0.991884 -0.11969 -0.0428963 1.3736 3.03826 -2.19355</i>
                        <i>-0.130573 0.944886 0.300236 0.00398628 0.303326 -0.952878 -0.991431 -0.123224 -0.0433729 1.37393 3.03642 -2.1939</i>
                        <i>-0.133384 0.941403 0.309789 0.00215662 0.312857 -0.949798 -0.991062 -0.12602 -0.0437603 1.37459 3.03482 -2.1946</i>
                        <i>-0.135285 0.938152 0.3187 0.000537391 0.321726 -0.946833 -0.990807 -0.127921 -0.0440289 1.37557 3.03352 -2.19562</i>
                        <i>-0.136126 0.9353 0.326625 -0.000765847 0.329594 -0.944122 -0.990691 -0.12877 -0.0441502 1.37685 3.03259 -2.19698</i>
                        <i>-0.13576 0.933023 0.333224 -0.00164403 0.336125 -0.941816 -0.99074 -0.128409 -0.0440984 1.37844 3.0321 -2.19864</i>
                        <i>-0.134038 0.931495 0.338157 -0.00198818 0.340983 -0.940067 -0.990974 -0.126677 -0.0438527 1.38031 3.03213 -2.20061</i>
                        <i>-0.130422 0.93109 0.340677 -0.00155159 0.343419 -0.939181 -0.991457 -0.123019 -0.0433449 1.3826 3.03288 -2.20302</i>
                        <i>-0.124655 0.932007 0.34033 -0.000204133 0.342981 -0.939342 -0.9922 -0.117164 -0.0425641 1.38535 3.03446 -2.20591</i>
                        <i>-0.117003 0.934129 0.337215 0.00196303 0.339764 -0.940509 -0.99313 -0.10938 -0.0415871 1.3884 3.03677 -2.20912</i>
                        <i>-0.107855 0.937248 0.331561 0.00478695 0.333992 -0.942564 -0.994155 -0.100073 -0.0405091 1.39158 3.03967 -2.21246</i>
                        <i>-0.0978244 0.941043 0.323834 0.00800972 0.326129 -0.945291 -0.995171 -0.0898788 -0.0394408 1.39468 3.04295 -2.21571</i>
                        <i>-0.0874908 0.94523 0.314462 0.0113887 0.316601 -0.94849 -0.9961 -0.0794028 -0.0384646 1.39751 3.04633 -2.21869</i>
                        <i>-0.0772753 0.949627 0.303706 0.0147449 0.305672 -0.952023 -0.996901 -0.0690897 -0.0376232 1.39996 3.04967 -2.22127</i>
                        <i>-0.0675457 0.9541 0.291771 0.0179301 0.293552 -0.955775 -0.997555 -0.059327 -0.0369354 1.40194 3.05284 -2.22335</i>
                        <i>-0.0586752 0.958537 0.278863 0.0208114 0.280458 -0.959641 -0.99806 -0.0505035 -0.0364044 1.40338 3.05573 -2.22486</i>
