<?xml version="1.0" encoding="ISO-8859-1" ?>
<Animl Version="1">
    <ModellingPackage><![CDATA[Maya.2010]]></ModellingPackage>
    <SrcFile><![CDATA[anims\turrets\artillery\red\~src\artillery_scud\artillery_scud_fire_crewman_d.mb]]></SrcFile>
    <FramesPerSecond>30</FramesPerSecond>
    <TotalFrames>127</TotalFrames>
    <Skeleton>
        <RefFrame>
            <Name><![CDATA[soldier_ref_frame]]></Name>
            <Exclude>0</Exclude>
            <Additive>0</Additive>
            <IKPriority>0</IKPriority>
            <IKRotLimits>-1e+010 -1e+010 -1e+010 1e+010 1e+010 1e+010</IKRotLimits>
            <IKRotLimitOrder>0</IKRotLimitOrder>
            <KeyFrames count="127">
                <i>1 0 0 0 1 0 0 0 1 2.15 1.33 -2.5</i>
                <i>1 0 0 0 1 0 0 0 1 2.15 1.33 -2.5</i>
                <i>1 0 0 0 1 0 0 0 1 2.15 1.33 -2.5</i>
                <i>1 0 0 0 1 0 0 0 1 2.15 1.33 -2.5</i>
                <i>1 0 0 0 1 0 0 0 1 2.15 1.33 -2.5</i>
                <i>1 0 0 0 1 0 0 0 1 2.15 1.33 -2.5</i>
                <i>1 0 0 0 1 0 0 0 1 2.15 1.33 -2.5</i>
                <i>1 0 0 0 1 0 0 0 1 2.15 1.33 -2.5</i>
                <i>1 0 0 0 1 0 0 0 1 2.15 1.33 -2.5</i>
                <i>1 0 0 0 1 0 0 0 1 2.15 1.33 -2.5</i>
                <i>1 0 0 0 1 0 0 0 1 2.15 1.33 -2.5</i>
                <i>1 0 0 0 1 0 0 0 1 2.15 1.33 -2.5</i>
                <i>1 0 0 0 1 0 0 0 1 2.15 1.33 -2.5</i>
                <i>1 0 0 0 1 0 0 0 1 2.15 1.33 -2.5</i>
                <i>1 0 0 0 1 0 0 0 1 2.15 1.33 -2.5</i>
                <i>1 0 0 0 1 0 0 0 1 2.15 1.33 -2.5</i>
                <i>1 0 0 0 1 0 0 0 1 2.15 1.33 -2.5</i>
                <i>1 0 0 0 1 0 0 0 1 2.15 1.33 -2.5</i>
                <i>1 0 0 0 1 0 0 0 1 2.15 1.33 -2.5</i>
                <i>1 0 0 0 1 0 0 0 1 2.15 1.33 -2.5</i>
                <i>1 0 0 0 1 0 0 0 1 2.15 1.33 -2.5</i>
                <i>1 0 0 0 1 0 0 0 1 2.15 1.33 -2.5</i>
                <i>1 0 0 0 1 0 0 0 1 2.15 1.33 -2.5</i>
                <i>1 0 0 0 1 0 0 0 1 2.15 1.33 -2.5</i>
                <i>1 0 0 0 1 0 0 0 1 2.15 1.33 -2.5</i>
                <i>1 0 0 0 1 0 0 0 1 2.15 1.33 -2.5</i>
                <i>1 0 0 0 1 0 0 0 1 2.15 1.33 -2.5</i>
                <i>1 0 0 0 1 0 0 0 1 2.15 1.33 -2.5</i>
                <i>1 0 0 0 1 0 0 0 1 2.15 1.33 -2.5</i>
                <i>1 0 0 0 1 0 0 0 1 2.15 1.33 -2.5</i>
                <i>1 0 0 0 1 0 0 0 1 2.15 1.33 -2.5</i>
                <i>1 0 0 0 1 0 0 0 1 2.15 1.33 -2.5</i>
                <i>1 0 0 0 1 0 0 0 1 2.15 1.33 -2.5</i>
                <i>1 0 0 0 1 0 0 0 1 2.15 1.33 -2.5</i>
                <i>1 0 0 0 1 0 0 0 1 2.15 1.33 -2.5</i>
                <i>1 0 0 0 1 0 0 0 1 2.15 1.33 -2.5</i>
                <i>1 0 0 0 1 0 0 0 1 2.15 1.33 -2.5</i>
                <i>1 0 0 0 1 0 0 0 1 2.15 1.33 -2.5</i>
                <i>1 0 0 0 1 0 0 0 1 2.15 1.33 -2.5</i>
                <i>1 0 0 0 1 0 0 0 1 2.15 1.33 -2.5</i>
                <i>1 0 0 0 1 0 0 0 1 2.15 1.33 -2.5</i>
                <i>1 0 0 0 1 0 0 0 1 2.15 1.33 -2.5</i>
                <i>1 0 0 0 1 0 0 0 1 2.15 1.33 -2.5</i>
                <i>1 0 0 0 1 0 0 0 1 2.15 1.33 -2.5</i>
                <i>1 0 0 0 1 0 0 0 1 2.15 1.33 -2.5</i>
                <i>1 0 0 0 1 0 0 0 1 2.15 1.33 -2.5</i>
                <i>1 0 0 0 1 0 0 0 1 2.15 1.33 -2.5</i>
                <i>1 0 0 0 1 0 0 0 1 2.15 1.33 -2.5</i>
                <i>1 0 0 0 1 0 0 0 1 2.15 1.33 -2.5</i>
                <i>1 0 0 0 1 0 0 0 1 2.15 1.33 -2.5</i>
                <i>1 0 0 0 1 0 0 0 1 2.15 1.33 -2.5</i>
                <i>1 0 0 0 1 0 0 0 1 2.15 1.33 -2.5</i>
                <i>1 0 0 0 1 0 0 0 1 2.15 1.33 -2.5</i>
                <i>1 0 0 0 1 0 0 0 1 2.15 1.33 -2.5</i>
                <i>1 0 0 0 1 0 0 0 1 2.15 1.33 -2.5</i>
                <i>1 0 0 0 1 0 0 0 1 2.15 1.33 -2.5</i>
                <i>1 0 0 0 1 0 0 0 1 2.15 1.33 -2.5</i>
                <i>1 0 0 0 1 0 0 0 1 2.15 1.33 -2.5</i>
                <i>1 0 0 0 1 0 0 0 1 2.15 1.33 -2.5</i>
                <i>1 0 0 0 1 0 0 0 1 2.15 1.33 -2.5</i>
                <i>1 0 0 0 1 0 0 0 1 2.15 1.33 -2.5</i>
                <i>1 0 0 0 1 0 0 0 1 2.15 1.33 -2.5</i>
                <i>1 0 0 0 1 0 0 0 1 2.15 1.33 -2.5</i>
                <i>1 0 0 0 1 0 0 0 1 2.15 1.33 -2.5</i>
                <i>1 0 0 0 1 0 0 0 1 2.15 1.33 -2.5</i>
                <i>1 0 0 0 1 0 0 0 1 2.15 1.33 -2.5</i>
                <i>1 0 0 0 1 0 0 0 1 2.15 1.33 -2.5</i>
                <i>1 0 0 0 1 0 0 0 1 2.15 1.33 -2.5</i>
                <i>1 0 0 0 1 0 0 0 1 2.15 1.33 -2.5</i>
                <i>1 0 0 0 1 0 0 0 1 2.15 1.33 -2.5</i>
                <i>1 0 0 0 1 0 0 0 1 2.15 1.33 -2.5</i>
                <i>1 0 0 0 1 0 0 0 1 2.15 1.33 -2.5</i>
                <i>1 0 0 0 1 0 0 0 1 2.15 1.33 -2.5</i>
                <i>1 0 0 0 1 0 0 0 1 2.15 1.33 -2.5</i>
                <i>1 0 0 0 1 0 0 0 1 2.15 1.33 -2.5</i>
                <i>1 0 0 0 1 0 0 0 1 2.15 1.33 -2.5</i>
                <i>1 0 0 0 1 0 0 0 1 2.15 1.33 -2.5</i>
                <i>1 0 0 0 1 0 0 0 1 2.15 1.33 -2.5</i>
                <i>1 0 0 0 1 0 0 0 1 2.15 1.33 -2.5</i>
                <i>1 0 0 0 1 0 0 0 1 2.15 1.33 -2.5</i>
                <i>1 0 0 0 1 0 0 0 1 2.15 1.33 -2.5</i>
                <i>1 0 0 0 1 0 0 0 1 2.15 1.33 -2.5</i>
                <i>1 0 0 0 1 0 0 0 1 2.15 1.33 -2.5</i>
                <i>1 0 0 0 1 0 0 0 1 2.15 1.33 -2.5</i>
                <i>1 0 0 0 1 0 0 0 1 2.15 1.33 -2.5</i>
                <i>1 0 0 0 1 0 0 0 1 2.15 1.33 -2.5</i>
                <i>1 0 0 0 1 0 0 0 1 2.15 1.33 -2.5</i>
                <i>1 0 0 0 1 0 0 0 1 2.15 1.33 -2.5</i>
                <i>1 0 0 0 1 0 0 0 1 2.15 1.33 -2.5</i>
                <i>1 0 0 0 1 0 0 0 1 2.15 1.33 -2.5</i>
                <i>1 0 0 0 1 0 0 0 1 2.15 1.33 -2.5</i>
                <i>1 0 0 0 1 0 0 0 1 2.15 1.33 -2.5</i>
                <i>1 0 0 0 1 0 0 0 1 2.15 1.33 -2.5</i>
                <i>1 0 0 0 1 0 0 0 1 2.15 1.33 -2.5</i>
                <i>1 0 0 0 1 0 0 0 1 2.15 1.33 -2.5</i>
                <i>1 0 0 0 1 0 0 0 1 2.15 1.33 -2.5</i>
                <i>1 0 0 0 1 0 0 0 1 2.15 1.33 -2.5</i>
                <i>1 0 0 0 1 0 0 0 1 2.15 1.33 -2.5</i>
                <i>1 0 0 0 1 0 0 0 1 2.15 1.33 -2.5</i>
                <i>1 0 0 0 1 0 0 0 1 2.15 1.33 -2.5</i>
                <i>1 0 0 0 1 0 0 0 1 2.15 1.33 -2.5</i>
                <i>1 0 0 0 1 0 0 0 1 2.15 1.33 -2.5</i>
                <i>1 0 0 0 1 0 0 0 1 2.15 1.33 -2.5</i>
                <i>1 0 0 0 1 0 0 0 1 2.15 1.33 -2.5</i>
                <i>1 0 0 0 1 0 0 0 1 2.15 1.33 -2.5</i>
                <i>1 0 0 0 1 0 0 0 1 2.15 1.33 -2.5</i>
                <i>1 0 0 0 1 0 0 0 1 2.15 1.33 -2.5</i>
                <i>1 0 0 0 1 0 0 0 1 2.15 1.33 -2.5</i>
                <i>1 0 0 0 1 0 0 0 1 2.15 1.33 -2.5</i>
                <i>1 0 0 0 1 0 0 0 1 2.15 1.33 -2.5</i>
                <i>1 0 0 0 1 0 0 0 1 2.15 1.33 -2.5</i>
                <i>1 0 0 0 1 0 0 0 1 2.15 1.33 -2.5</i>
                <i>1 0 0 0 1 0 0 0 1 2.15 1.33 -2.5</i>
                <i>1 0 0 0 1 0 0 0 1 2.15 1.33 -2.5</i>
                <i>1 0 0 0 1 0 0 0 1 2.15 1.33 -2.5</i>
                <i>1 0 0 0 1 0 0 0 1 2.15 1.33 -2.5</i>
                <i>1 0 0 0 1 0 0 0 1 2.15 1.33 -2.5</i>
                <i>1 0 0 0 1 0 0 0 1 2.15 1.33 -2.5</i>
                <i>1 0 0 0 1 0 0 0 1 2.15 1.33 -2.5</i>
                <i>1 0 0 0 1 0 0 0 1 2.15 1.33 -2.5</i>
                <i>1 0 0 0 1 0 0 0 1 2.15 1.33 -2.5</i>
                <i>1 0 0 0 1 0 0 0 1 2.15 1.33 -2.5</i>
                <i>1 0 0 0 1 0 0 0 1 2.15 1.33 -2.5</i>
                <i>1 0 0 0 1 0 0 0 1 2.15 1.33 -2.5</i>
                <i>1 0 0 0 1 0 0 0 1 2.15 1.33 -2.5</i>
                <i>1 0 0 0 1 0 0 0 1 2.15 1.33 -2.5</i>
                <i>1 0 0 0 1 0 0 0 1 2.15 1.33 -2.5</i>
            </KeyFrames>
        </RefFrame>
        <Bones count="23">
            <i>
                <p>
                    <Name><![CDATA[pelvis]]></Name>
                    <Exclude>0</Exclude>
                    <Additive>0</Additive>
                    <IKPriority>0</IKPriority>
                    <IKRotLimits>-1e+010 -1e+010 -1e+010 1e+010 1e+010 1e+010</IKRotLimits>
                    <IKRotLimitOrder>2</IKRotLimitOrder>
                    <KeyFrames count="127">
                        <i>1 0 0 0 1 0 0 0 1 1.78173 2.45835 -2.5</i>
                        <i>1 0 0 0 1 0 0 0 1 2.06214 2.30299 -2.52297</i>
                        <i>1 0 0 0 1 0 0 0 1 2.34254 2.14763 -2.54595</i>
                        <i>1 0 0 0 1 0 0 0 1 2.55827 2.01081 -2.56052</i>
                        <i>1 0 0 0 1 0 0 0 1 2.70451 1.88632 -2.56536</i>
                        <i>1 0 0 0 1 0 0 0 1 2.82351 1.76204 -2.56597</i>
                        <i>1 0 0 0 1 0 0 0 1 2.92121 1.64767 -2.56415</i>
                        <i>1 0 0 0 1 0 0 0 1 3.00351 1.5529 -2.56173</i>
                        <i>1 0 0 0 1 0 0 0 1 3.07634 1.48743 -2.56052</i>
                        <i>1 0 0 0 1 0 0 0 1 3.13831 1.45125 -2.56052</i>
                        <i>1 0 0 0 1 0 0 0 1 3.18683 1.43509 -2.56052</i>
                        <i>1 0 0 0 1 0 0 0 1 3.22603 1.43479 -2.56052</i>
                        <i>1 0 0 0 1 0 0 0 1 3.26005 1.44619 -2.56052</i>
                        <i>1 0 0 0 1 0 0 0 1 3.293 1.46512 -2.56052</i>
                        <i>1 0 0 0 1 0 0 0 1 3.32903 1.48743 -2.56052</i>
                        <i>1 0 0 0 1 0 0 0 1 3.36904 1.5227 -2.56078</i>
                        <i>1 0 0 0 1 0 0 0 1 3.41061 1.57629 -2.56152</i>
                        <i>1 0 0 0 1 0 0 0 1 3.45229 1.6374 -2.56255</i>
                        <i>1 0 0 0 1 0 0 0 1 3.49121 1.69503 -2.56328</i>
                        <i>1 0 0 0 1 0 0 0 1 3.52316 1.73875 -2.56289</i>
                        <i>1 0 0 0 1 0 0 0 1 3.54365 1.75876 -2.56052</i>
                        <i>1 0 0 0 1 0 0 0 1 3.55037 1.74941 -2.55526</i>
                        <i>1 0 0 0 1 0 0 0 1 3.54624 1.7175 -2.54754</i>
                        <i>1 0 0 0 1 0 0 0 1 3.53588 1.6714 -2.53884</i>
                        <i>1 0 0 0 1 0 0 0 1 3.52368 1.61976 -2.53061</i>
                        <i>1 0 0 0 1 0 0 0 1 3.51305 1.572 -2.52413</i>
                        <i>1 0 0 0 1 0 0 0 1 3.5059 1.53831 -2.5204</i>
                        <i>1 0 0 0 1 0 0 0 1 3.50018 1.51856 -2.51983</i>
                        <i>1 0 0 0 1 0 0 0 1 3.4939 1.50558 -2.52179</i>
                        <i>1 0 0 0 1 0 0 0 1 3.48736 1.49918 -2.52534</i>
                        <i>1 0 0 0 1 0 0 0 1 3.48064 1.49829 -2.52939</i>
                        <i>1 0 0 0 1 0 0 0 1 3.47427 1.50087 -2.53288</i>
                        <i>1 0 0 0 1 0 0 0 1 3.46962 1.50429 -2.53487</i>
                        <i>1 0 0 0 1 0 0 0 1 3.4666 1.50989 -2.53569</i>
                        <i>1 0 0 0 1 0 0 0 1 3.46367 1.51933 -2.5362</i>
                        <i>1 0 0 0 1 0 0 0 1 3.46087 1.53035 -2.53646</i>
                        <i>1 0 0 0 1 0 0 0 1 3.45835 1.54074 -2.53653</i>
                        <i>1 0 0 0 1 0 0 0 1 3.45625 1.54829 -2.53649</i>
                        <i>1 0 0 0 1 0 0 0 1 3.45458 1.5508 -2.5364</i>
                        <i>1 0 0 0 1 0 0 0 1 3.45321 1.54683 -2.53626</i>
                        <i>1 0 0 0 1 0 0 0 1 3.4519 1.53796 -2.53607</i>
                        <i>1 0 0 0 1 0 0 0 1 3.45049 1.52646 -2.53582</i>
                        <i>1 0 0 0 1 0 0 0 1 3.44893 1.51463 -2.53555</i>
                        <i>1 0 0 0 1 0 0 0 1 3.44728 1.50476 -2.53532</i>
                        <i>1 0 0 0 1 0 0 0 1 3.4457 1.49911 -2.5352</i>
                        <i>1 0 0 0 1 0 0 0 1 3.44463 1.49602 -2.53518</i>
                        <i>1 0 0 0 1 0 0 0 1 3.44432 1.49244 -2.53515</i>
                        <i>1 0 0 0 1 0 0 0 1 3.44459 1.4886 -2.53512</i>
                        <i>1 0 0 0 1 0 0 0 1 3.44529 1.48473 -2.53509</i>
                        <i>1 0 0 0 1 0 0 0 1 3.44623 1.48104 -2.53507</i>
                        <i>1 0 0 0 1 0 0 0 1 3.44726 1.47778 -2.53504</i>
                        <i>1 0 0 0 1 0 0 0 1 3.4482 1.47515 -2.53502</i>
                        <i>1 0 0 0 1 0 0 0 1 3.44888 1.47339 -2.535</i>
                        <i>1 0 0 0 1 0 0 0 1 3.44914 1.47273 -2.53498</i>
                        <i>1 0 0 0 1 0 0 0 1 3.4488 1.47338 -2.53496</i>
                        <i>1 0 0 0 1 0 0 0 1 3.4477 1.47558 -2.53494</i>
                        <i>1 0 0 0 1 0 0 0 1 3.44567 1.47954 -2.53492</i>
                        <i>1 0 0 0 1 0 0 0 1 3.44253 1.48549 -2.5349</i>
                        <i>1 0 0 0 1 0 0 0 1 3.43813 1.49367 -2.53488</i>
                        <i>1 0 0 0 1 0 0 0 1 3.43228 1.50429 -2.53487</i>
                        <i>1 0 0 0 1 0 0 0 1 3.42459 1.52199 -2.53487</i>
                        <i>1 0 0 0 1 0 0 0 1 3.41477 1.54943 -2.53489</i>
                        <i>1 0 0 0 1 0 0 0 1 3.40282 1.58389 -2.53493</i>
                        <i>1 0 0 0 1 0 0 0 1 3.38876 1.62263 -2.53498</i>
                        <i>1 0 0 0 1 0 0 0 1 3.37258 1.66293 -2.53501</i>
                        <i>1 0 0 0 1 0 0 0 1 3.35429 1.70206 -2.53503</i>
                        <i>1 0 0 0 1 0 0 0 1 3.33391 1.73728 -2.53502</i>
                        <i>1 0 0 0 1 0 0 0 1 3.31143 1.76587 -2.53497</i>
                        <i>1 0 0 0 1 0 0 0 1 3.28688 1.7851 -2.53487</i>
                        <i>1 0 0 0 1 0 0 0 1 3.26052 1.79633 -2.53469</i>
                        <i>1 0 0 0 1 0 0 0 1 3.23277 1.80322 -2.53444</i>
                        <i>1 0 0 0 1 0 0 0 1 3.20379 1.8065 -2.53413</i>
                        <i>1 0 0 0 1 0 0 0 1 3.17376 1.80688 -2.53379</i>
                        <i>1 0 0 0 1 0 0 0 1 3.14285 1.80509 -2.53343</i>
                        <i>1 0 0 0 1 0 0 0 1 3.11125 1.80183 -2.53307</i>
                        <i>1 0 0 0 1 0 0 0 1 3.07913 1.79782 -2.53275</i>
                        <i>1 0 0 0 1 0 0 0 1 3.04666 1.79376 -2.53247</i>
                        <i>1 0 0 0 1 0 0 0 1 3.01403 1.79037 -2.53226</i>
                        <i>1 0 0 0 1 0 0 0 1 2.98141 1.78833 -2.53213</i>
                        <i>1 0 0 0 1 0 0 0 1 2.94897 1.78837 -2.53211</i>
                        <i>1 0 0 0 1 0 0 0 1 2.9169 1.79117 -2.53222</i>
                        <i>1 0 0 0 1 0 0 0 1 2.88717 1.8089 -2.53294</i>
                        <i>1 0 0 0 1 0 0 0 1 2.86172 1.83734 -2.53474</i>
                        <i>1 0 0 0 1 0 0 0 1 2.84059 1.85307 -2.5377</i>
                        <i>1 0 0 0 1 0 0 0 1 2.82087 1.85357 -2.54222</i>
                        <i>1 0 0 0 1 0 0 0 1 2.79967 1.85263 -2.54797</i>
                        <i>1 0 0 0 1 0 0 0 1 2.77687 1.85151 -2.55404</i>
                        <i>1 0 0 0 1 0 0 0 1 2.75228 1.85115 -2.55978</i>
                        <i>1 0 0 0 1 0 0 0 1 2.72583 1.85219 -2.56477</i>
                        <i>1 0 0 0 1 0 0 0 1 2.69763 1.85505 -2.56879</i>
                        <i>1 0 0 0 1 0 0 0 1 2.66809 1.85997 -2.57167</i>
                        <i>1 0 0 0 1 0 0 0 1 2.63785 1.86716 -2.57325</i>
                        <i>1 0 0 0 1 0 0 0 1 2.60777 1.87689 -2.57326</i>
                        <i>1 0 0 0 1 0 0 0 1 2.57876 1.88957 -2.57134</i>
                        <i>1 0 0 0 1 0 0 0 1 2.55461 1.90524 -2.56581</i>
                        <i>1 0 0 0 1 0 0 0 1 2.53499 1.92446 -2.55649</i>
                        <i>1 0 0 0 1 0 0 0 1 2.51434 1.94826 -2.54426</i>
                        <i>1 0 0 0 1 0 0 0 1 2.48867 1.97749 -2.52829</i>
                        <i>1 0 0 0 1 0 0 0 1 2.45703 2.01266 -2.50686</i>
                        <i>1 0 0 0 1 0 0 0 1 2.42155 2.05366 -2.47925</i>
                        <i>1 0 0 0 1 0 0 0 1 2.38302 2.10653 -2.43953</i>
                        <i>1 0 0 0 1 0 0 0 1 2.34668 2.17115 -2.38642</i>
                        <i>1 0 0 0 1 0 0 0 1 2.31951 2.23793 -2.32958</i>
                        <i>1 0 0 0 1 0 0 0 1 2.30404 2.29806 -2.27961</i>
                        <i>1 0 0 0 1 0 0 0 1 2.29883 2.3434 -2.2464</i>
                        <i>1 0 0 0 1 0 0 0 1 2.30228 2.37426 -2.22829</i>
                        <i>1 0 0 0 1 0 0 0 1 2.31154 2.39769 -2.21756</i>
                        <i>1 0 0 0 1 0 0 0 1 2.3221 2.41595 -2.21392</i>
                        <i>1 0 0 0 1 0 0 0 1 2.33019 2.43113 -2.21736</i>
                        <i>1 0 0 0 1 0 0 0 1 2.3324 2.44499 -2.22803</i>
                        <i>1 0 0 0 1 0 0 0 1 2.32561 2.45909 -2.2464</i>
                        <i>1 0 0 0 1 0 0 0 1 2.30576 2.46882 -2.27973</i>
                        <i>1 0 0 0 1 0 0 0 1 2.27426 2.47247 -2.32931</i>
                        <i>1 0 0 0 1 0 0 0 1 2.23659 2.47589 -2.38694</i>
                        <i>1 0 0 0 1 0 0 0 1 2.19826 2.48075 -2.44443</i>
                        <i>1 0 0 0 1 0 0 0 1 2.16475 2.48532 -2.4936</i>
                        <i>1 0 0 0 1 0 0 0 1 2.15 2.48987 -2.5</i>
                        <i>1 0 0 0 1 0 0 0 1 2.15 2.48987 -2.5</i>
                        <i>1 0 0 0 1 0 0 0 1 2.15 2.48987 -2.5</i>
                        <i>1 0 0 0 1 0 0 0 1 2.15 2.48987 -2.5</i>
                        <i>1 0 0 0 1 0 0 0 1 2.15 2.48987 -2.5</i>
                        <i>1 0 0 0 1 0 0 0 1 2.15 2.48987 -2.5</i>
                        <i>1 0 0 0 1 0 0 0 1 2.15 2.48987 -2.5</i>
                        <i>1 0 0 0 1 0 0 0 1 2.15 2.48987 -2.5</i>
                        <i>1 0 0 0 1 0 0 0 1 2.15 2.48987 -2.5</i>
                        <i>1 0 0 0 1 0 0 0 1 2.15 2.48987 -2.5</i>
                        <i>1 0 0 0 1 0 0 0 1 2.15 2.48987 -2.5</i>
                    </KeyFrames>
                </p>
            </i>
            <i>
                <p>
                    <Name><![CDATA[spine0]]></Name>
                    <Exclude>0</Exclude>
                    <Additive>0</Additive>
                    <IKPriority>0</IKPriority>
                    <IKRotLimits>-1e+010 -1e+010 -1e+010 1e+010 1e+010 1e+010</IKRotLimits>
                    <IKRotLimitOrder>0</IKRotLimitOrder>
                    <KeyFrames count="127">
                        <i>0.00291851 0.999996 1.66533e-016 -1.66533e-016 -2.22045e-016 1 0.999996 -0.00291851 2.22045e-016 1.74511 2.59747 -2.5</i>
                        <i>0.101826 0.993635 -0.0481721 0.0893943 0.0390884 0.995229 0.990777 -0.105647 -0.0848451 2.03587 2.4444 -2.52617</i>
                        <i>0.199404 0.973406 -0.112777 0.178073 0.077177 0.980986 0.963602 -0.215695 -0.157948 2.32681 2.29038 -2.55432</i>
                        <i>0.321851 0.930605 -0.174317 0.233614 0.100365 0.967136 0.917517 -0.351996 -0.1851 2.55867 2.1539 -2.57546</i>
                        <i>0.480145 0.848901 -0.220968 0.251912 0.107851 0.961721 0.840238 -0.517431 -0.162065 2.72911 2.02632 -2.5875</i>
                        <i>0.644569 0.721756 -0.252188 0.254194 0.108779 0.961017 0.721053 -0.683546 -0.113351 2.87593 1.89291 -2.59464</i>
                        <i>0.783371 0.563099 -0.263154 0.247346 0.105991 0.963113 0.57022 -0.819564 -0.0562501 2.99993 1.76347 -2.59711</i>
                        <i>0.877953 0.402546 -0.259142 0.238196 0.102247 0.96582 0.415283 -0.909672 -0.00611653 3.10286 1.65091 -2.59661</i>
                        <i>0.92724 0.276386 -0.252659 0.233614 0.100365 0.967136 0.292661 -0.955792 0.0284945 3.18851 1.57014 -2.5962</i>
                        <i>0.946273 0.205255 -0.249875 0.233614 0.100365 0.967136 0.223588 -0.973549 0.0470219 3.25633 1.52513 -2.59669</i>
                        <i>0.952821 0.174616 -0.248277 0.233614 0.100365 0.967136 0.193796 -0.979508 0.0548367 3.3069 1.50552 -2.59683</i>
                        <i>0.954528 0.165784 -0.247773 0.233614 0.100365 0.967136 0.185203 -0.981042 0.0570714 3.34648 1.50455 -2.59685</i>
                        <i>0.955622 0.159897 -0.247426 0.233614 0.100365 0.967136 0.179475 -0.982018 0.0585565 3.38092 1.51521 -2.59688</i>
                        <i>0.959299 0.138502 -0.246094 0.233614 0.100365 0.967136 0.158649 -0.985264 0.0639237 3.4159 1.53041 -2.59698</i>
                        <i>0.966684 0.0830576 -0.242124 0.233614 0.100365 0.967136 0.104629 -0.991478 0.0776174 3.45667 1.54281 -2.5971</i>
                        <i>0.972418 -0.0240152 -0.232004 0.233243 0.100399 0.967222 6.4951e-005 -0.994657 0.103232 3.50379 1.55778 -2.59696</i>
                        <i>0.961965 -0.17055 -0.213391 0.232451 0.100732 0.967378 -0.143491 -0.980187 0.136545 3.55022 1.58172 -2.59581</i>
                        <i>0.92604 -0.327561 -0.187493 0.231771 0.101466 0.967464 -0.29788 -0.939366 0.16988 3.59012 1.60961 -2.59296</i>
                        <i>0.870392 -0.465911 -0.159203 0.231659 0.102206 0.967413 -0.434456 -0.878909 0.196891 3.62049 1.63719 -2.58851</i>
                        <i>0.814342 -0.564229 -0.135985 0.232281 0.102124 0.967273 -0.531876 -0.819278 0.214224 3.64142 1.65941 -2.58322</i>
                        <i>0.781928 -0.610603 -0.125511 0.233614 0.100365 0.967136 -0.577939 -0.785551 0.221123 3.65507 1.66948 -2.57817</i>
                        <i>0.78608 -0.603913 -0.131784 0.236197 0.0964508 0.966906 -0.571216 -0.791193 0.218461 3.66347 1.6624 -2.57355</i>
                        <i>0.81739 -0.556 -0.15079 0.240633 0.0917022 0.966274 -0.52342 -0.826108 0.208748 3.66709 1.64244 -2.56894</i>
                        <i>0.861606 -0.475757 -0.176889 0.246828 0.0882056 0.965037 -0.443521 -0.875143 0.193429 3.66591 1.61545 -2.56445</i>
                        <i>0.90394 -0.37576 -0.204198 0.25383 0.08713 0.963317 -0.344184 -0.922612 0.174139 3.6605 1.58656 -2.56021</i>
                        <i>0.934316 -0.274297 -0.227629 0.260164 0.0882435 0.961524 -0.243656 -0.957588 0.153809 3.65271 1.56037 -2.55666</i>
                        <i>0.950531 -0.192528 -0.243772 0.264486 0.0900555 0.960176 -0.162907 -0.97715 0.136521 3.64561 1.54183 -2.55452</i>
                        <i>0.959103 -0.12366 -0.254616 0.266524 0.0916135 0.959464 -0.0953214 -0.988087 0.120825 3.6392 1.53092 -2.5547</i>
                        <i>0.963341 -0.0516819 -0.263256 0.267106 0.0930424 0.959165 -0.0250775 -0.99432 0.103436 3.63211 1.52422 -2.55711</i>
                        <i>0.962878 0.0157704 -0.269474 0.266882 0.094122 0.959122 0.0404892 -0.995436 0.0864192 3.62488 1.52196 -2.56092</i>
                        <i>0.959233 0.0712329 -0.273494 0.266438 0.0948062 0.959178 0.0942539 -0.992944 0.0719621 3.61769 1.52352 -2.56512</i>
                        <i>0.955119 0.107894 -0.275874 0.266303 0.0951218 0.959184 0.129732 -0.989601 0.0621203 3.61108 1.52731 -2.56867</i>
                        <i>0.95331 0.119686 -0.277263 0.266977 0.0951059 0.958998 0.141148 -0.988246 0.0587119 3.60635 1.5311 -2.57068</i>
                        <i>0.953975 0.111393 -0.278431 0.268658 0.0950884 0.958531 0.133249 -0.989217 0.0607855 3.60312 1.53767 -2.57155</i>
                        <i>0.955446 0.0943072 -0.279694 0.270987 0.0953381 0.95785 0.116998 -0.990968 0.0655344 3.5997 1.54929 -2.57217</i>
                        <i>0.957012 0.0723021 -0.280893 0.273668 0.0957596 0.957045 0.0960946 -0.992775 0.0718562 3.59625 1.56297 -2.57255</i>
                        <i>0.958216 0.0487422 -0.281862 0.276382 0.0961967 0.956221 0.0737226 -0.994168 0.0787058 3.59311 1.57574 -2.57271</i>
                        <i>0.958909 0.0269192 -0.282432 0.278726 0.0964231 0.955518 0.0529548 -0.994976 0.084958 3.59064 1.58466 -2.57273</i>
                        <i>0.959218 0.0104536 -0.282474 0.280216 0.0961642 0.955108 0.0371482 -0.995311 0.0893131 3.58907 1.58681 -2.57263</i>
                        <i>0.959354 0.00417761 -0.282173 0.280506 0.0954024 0.955099 0.03091 -0.99543 0.0903528 3.58826 1.58074 -2.5724</i>
                        <i>0.95943 0.0079053 -0.281836 0.279869 0.0944368 0.955382 0.0341683 -0.995499 0.088393 3.58771 1.56886 -2.57208</i>
                        <i>0.959388 0.017966 -0.281519 0.27872 0.0934611 0.955814 0.0434831 -0.995461 0.084658 3.58707 1.55401 -2.57167</i>
                        <i>0.959133 0.0309471 -0.28126 0.277431 0.0926365 0.956269 0.0556486 -0.995219 0.080265 3.58615 1.53903 -2.57123</i>
                        <i>0.958693 0.0435572 -0.281088 0.276305 0.0920876 0.956648 0.0675536 -0.994798 0.0762487 3.58493 1.5268 -2.57086</i>
                        <i>0.958271 0.0523633 -0.281023 0.27559 0.0919166 0.956871 0.0759355 -0.994389 0.0736503 3.58352 1.52016 -2.57068</i>
                        <i>0.95792 0.0574451 -0.281227 0.275426 0.0918464 0.956924 0.0808003 -0.994115 0.0721597 3.5825 1.51673 -2.57063</i>
                        <i>0.957514 0.0613745 -0.281781 0.275721 0.0915701 0.956866 0.0845299 -0.993905 0.0707575 3.5823 1.51247 -2.57056</i>
                        <i>0.957082 0.0643222 -0.28259 0.276359 0.0911364 0.956723 0.0872928 -0.993759 0.069449 3.58273 1.5077 -2.57047</i>
                        <i>0.956651 0.0664525 -0.283555 0.277225 0.0905947 0.956524 0.0892521 -0.993668 0.0682452 3.58359 1.50276 -2.57037</i>
                        <i>0.956245 0.0679217 -0.284574 0.278197 0.0900001 0.956298 0.0905651 -0.993623 0.0671666 3.58469 1.49796 -2.57027</i>
                        <i>0.95589 0.0688765 -0.285537 0.27915 0.0894158 0.956075 0.0913826 -0.99361 0.0662448 3.58586 1.49365 -2.57017</i>
                        <i>0.95561 0.0694547 -0.286332 0.279953 0.0889135 0.955887 0.0918496 -0.993615 0.0655226 3.58691 1.49015 -2.57008</i>
                        <i>0.955432 0.0697878 -0.286843 0.280474 0.0885715 0.955767 0.092107 -0.993622 0.0650504 3.58767 1.4878 -2.57002</i>
                        <i>0.955384 0.0700067 -0.286952 0.280578 0.0884696 0.955745 0.0922951 -0.993616 0.0648801 3.58795 1.48692 -2.56998</i>
                        <i>0.955488 0.0702488 -0.286546 0.280136 0.0886815 0.955855 0.0925589 -0.99358 0.0650548 3.58758 1.48785 -2.56998</i>
                        <i>0.955764 0.0706671 -0.28552 0.279028 0.0892643 0.956125 0.0930533 -0.993498 0.0655975 3.58637 1.49092 -2.57002</i>
                        <i>0.956224 0.0714379 -0.283782 0.277145 0.0902475 0.95658 0.0939467 -0.993354 0.0664982 3.58413 1.49645 -2.57012</i>
                        <i>0.956869 0.0727636 -0.28126 0.274402 0.0916213 0.95724 0.0954216 -0.993132 0.0677032 3.58064 1.50478 -2.57026</i>
                        <i>0.957688 0.0748645 -0.277901 0.270731 0.0933265 0.95812 0.0976647 -0.992817 0.0691095 3.57569 1.51622 -2.57045</i>
                        <i>0.958658 0.0779549 -0.273674 0.266092 0.0952475 0.95923 0.100843 -0.992397 0.0705666 3.56901 1.5311 -2.57068</i>
                        <i>0.960095 0.0832825 -0.266986 0.258755 0.0977398 0.960985 0.106128 -0.991721 0.0722897 3.55965 1.55589 -2.57101</i>
                        <i>0.962063 0.0909209 -0.257232 0.248172 0.10003 0.963537 0.113337 -0.990822 0.0736714 3.54655 1.59415 -2.57137</i>
                        <i>0.964421 0.0980067 -0.245535 0.235866 0.100542 0.966571 0.119417 -0.990094 0.0738483 3.52936 1.64175 -2.5715</i>
                        <i>0.967352 0.100627 -0.232603 0.22298 0.0982955 0.969855 0.120458 -0.990057 0.0726485 3.50798 1.69451 -2.57124</i>
                        <i>0.971001 0.0957748 -0.219054 0.210381 0.0929414 0.973192 0.113566 -0.991055 0.070097 3.48276 1.74836 -2.57049</i>
                        <i>0.975074 0.0831313 -0.205719 0.198768 0.084753 0.976375 0.0986027 -0.992928 0.0661166 3.45447 1.79944 -2.56933</i>
                        <i>0.978894 0.0652736 -0.193664 0.188739 0.0747013 0.979182 0.0783817 -0.995067 0.0608049 3.42429 1.84425 -2.56795</i>
                        <i>0.98184 0.0463134 -0.183969 0.180838 0.0645828 0.98139 0.0573328 -0.996837 0.0550348 3.3936 1.87964 -2.56662</i>
                        <i>0.983644 0.0302705 -0.17756 0.175652 0.0570242 0.982799 0.039875 -0.997914 0.0507744 3.36381 1.9027 -2.56566</i>
                        <i>0.984721 0.0160165 -0.173399 0.172357 0.0523493 0.983643 0.0248318 -0.9985 0.0487889 3.33481 1.91574 -2.56503</i>
                        <i>0.98547 0.000639039 -0.169851 0.169617 0.0489264 0.984295 0.0089392 -0.998802 0.048107 3.30561 1.92358 -2.56453</i>
                        <i>0.985865 -0.0152202 -0.16685 0.167389 0.0467747 0.984781 -0.00718421 -0.998789 0.0486612 3.27623 1.92711 -2.56415</i>
                        <i>0.985916 -0.0309721 -0.164351 0.165658 0.0458252 0.985118 -0.0229798 -0.998469 0.0503105 3.24666 1.92719 -2.56388</i>
                        <i>0.985661 -0.0460587 -0.162328 0.164418 0.0459348 0.985321 -0.0379261 -0.997882 0.052849 3.2169 1.92465 -2.56372</i>
                        <i>0.98517 -0.0599432 -0.160771 0.163663 0.0469056 0.985401 -0.051527 -0.997099 0.0560205 3.18692 1.9203 -2.56365</i>
                        <i>0.984532 -0.0721047 -0.159683 0.163371 0.0485064 0.985371 -0.0633042 -0.996217 0.0595359 3.15671 1.91497 -2.56364</i>
                        <i>0.983853 -0.0820351 -0.159068 0.163504 0.0504927 0.98525 -0.0727932 -0.99535 0.0630905 3.12625 1.90947 -2.5637</i>
                        <i>0.983248 -0.0892368 -0.158935 0.164003 0.0526233 0.985055 -0.0795395 -0.994619 0.0663768 3.09554 1.90463 -2.5638</i>
                        <i>0.982822 -0.0932189 -0.159282 0.16479 0.0546716 0.984812 -0.0830949 -0.994143 0.069094 3.06459 1.90131 -2.56395</i>
                        <i>0.982663 -0.093493 -0.1601 0.165776 0.0564312 0.984548 -0.0830136 -0.994019 0.0709517 3.03341 1.90035 -2.56413</i>
                        <i>0.982822 -0.0895685 -0.161362 0.166863 0.0577147 0.984289 -0.0788484 -0.994307 0.071669 3.00201 1.90262 -2.56435</i>
                        <i>0.984115 -0.066111 -0.164762 0.168598 0.057342 0.984016 -0.0556065 -0.996163 0.0675773 2.97054 1.92173 -2.56478</i>
                        <i>0.985159 -0.00764163 -0.171473 0.171633 0.0542554 0.983666 0.00178651 -0.998498 0.0547618 2.93892 1.95476 -2.56557</i>
                        <i>0.979879 0.0862997 -0.179971 0.176294 0.0485437 0.98314 0.0935811 -0.995086 0.0323528 2.90653 1.97763 -2.56655</i>
                        <i>0.961846 0.204506 -0.181739 0.176913 0.041796 0.983339 0.208695 -0.977973 0.0040216 2.87124 1.98585 -2.56791</i>
                        <i>0.927521 0.331656 -0.172362 0.170262 0.0356177 0.984755 0.332739 -0.942728 -0.0234324 2.83177 1.99117 -2.56976</i>
                        <i>0.873659 0.460784 -0.1562 0.160396 0.0303268 0.986587 0.459341 -0.886994 -0.0474125 2.7886 1.99378 -2.57185</i>
                        <i>0.799432 0.58475 -0.137757 0.151021 0.0263324 0.98818 0.581465 -0.810786 -0.0672584 2.74254 1.99398 -2.57394</i>
                        <i>0.706794 0.697021 -0.120846 0.145433 0.0240096 0.989077 0.692309 -0.716648 -0.0844001 2.69469 1.99222 -2.57572</i>
                        <i>0.60025 0.792516 -0.107785 0.146519 0.0235251 0.988928 0.786277 -0.609397 -0.101997 2.64638 1.98924 -2.5767</i>
                        <i>0.486144 0.86826 -0.0989327 0.156854 0.0246749 0.987314 0.859686 -0.495495 -0.124194 2.59906 1.98611 -2.57621</i>
                        <i>0.371714 0.9237 -0.092775 0.178876 0.0267987 0.983507 0.910951 -0.382179 -0.155266 2.55416 1.98417 -2.5734</i>
                        <i>0.264225 0.960568 -0.0865685 0.215053 0.0288202 0.976177 0.940179 -0.276548 -0.198958 2.51307 1.98502 -2.56737</i>
                        <i>0.170379 0.982332 -0.0774201 0.267928 0.0294252 0.962989 0.948254 -0.184817 -0.258181 2.47705 1.99033 -2.55723</i>
                        <i>0.100449 0.992575 -0.0685944 0.357285 0.028359 0.933565 0.928578 -0.118283 -0.351784 2.4522 2.00274 -2.53931</i>
                        <i>0.0569097 0.996589 -0.059765 0.486981 0.0245487 0.873067 0.871556 -0.0787905 -0.483923 2.43985 2.02359 -2.51385</i>
                        <i>0.0331206 0.998202 -0.0499581 0.6332 0.0177167 0.773785 0.773279 -0.0572617 -0.631475 2.43358 2.05198 -2.48581</i>
                        <i>0.0218001 0.998889 -0.0417892 0.770576 0.00984344 0.637273 0.636976 -0.0460943 -0.769505 2.42696 2.08686 -2.45809</i>
                        <i>0.0162107 0.999189 -0.0368564 0.878223 0.00339231 0.47824 0.477977 -0.0401208 -0.877456 2.41515 2.12739 -2.43084</i>
                        <i>0.0125094 0.999349 -0.0338344 0.946625 -0.000936329 0.322335 0.322093 -0.0360607 -0.946021 2.39641 2.17268 -2.40246</i>
                        <i>0.0144424 0.99873 -0.0482579 0.984568 -0.00578609 0.17491 0.174408 -0.0500393 -0.983401 2.37157 2.23045 -2.36737</i>
                        <i>0.00816544 0.996005 -0.0889255 0.999584 -0.0056704 0.0282743 0.0276571 -0.0891194 -0.995637 2.34532 2.30108 -2.32469</i>
                        <i>-0.0197813 0.990467 -0.136321 0.994157 0.00501503 -0.107823 -0.106111 -0.137657 -0.98478 2.32249 2.37316 -2.28059</i>
                        <i>-0.0654778 0.983311 -0.169742 0.973549 0.0256362 -0.227036 -0.218895 -0.180118 -0.95898 2.30637 2.43678 -2.24155</i>
                        <i>-0.112599 0.978351 -0.173639 0.943515 0.0504706 -0.327463 -0.311611 -0.200703 -0.928772 2.29888 2.48355 -2.21395</i>
                        <i>-0.143273 0.978332 -0.149466 0.911296 0.0715062 -0.405496 -0.386022 -0.194304 -0.901794 2.30173 2.51434 -2.19552</i>
                        <i>-0.155398 0.981476 -0.112052 0.881205 0.0864616 -0.464759 -0.446462 -0.170963 -0.878318 2.3127 2.53684 -2.18108</i>
                        <i>-0.153589 0.985729 -0.0689142 0.851413 0.0966196 -0.51552 -0.501504 -0.137852 -0.854102 2.3271 2.55357 -2.17229</i>
                        <i>-0.14355 0.989298 -0.0261484 0.81744 0.103636 -0.566615 -0.557841 -0.102712 -0.823568 2.34054 2.56687 -2.17085</i>
                        <i>-0.130928 0.991334 0.010725 0.772624 0.108809 -0.62547 -0.621217 -0.0736053 -0.780174 2.34878 2.57909 -2.17857</i>
                        <i>-0.121614 0.991897 0.0367406 0.707778 0.112611 -0.697402 -0.695888 -0.0588098 -0.715738 2.3477 2.59253 -2.19741</i>
                        <i>-0.117141 0.991957 0.0479484 0.59249 0.108552 -0.79823 -0.797015 -0.0650969 -0.600441 2.33368 2.60322 -2.23668</i>
                        <i>-0.107534 0.993224 0.0440719 0.418984 0.0854737 -0.903962 -0.901604 -0.0787416 -0.425336 2.30825 2.60861 -2.29757</i>
                        <i>-0.0903274 0.995517 0.028064 0.226834 0.0480038 -0.97275 -0.969736 -0.0815001 -0.230153 2.27508 2.61332 -2.3688</i>
                        <i>-0.0708403 0.997453 0.008316 0.0715061 0.0133936 -0.99735 -0.994921 -0.0700579 -0.0722728 2.23899 2.61857 -2.4378</i>
                        <i>-0.0558299 0.99844 -0.000521146 0.0084406 -4.99676e-005 -0.999964 -0.998405 -0.0558323 -0.00842464 2.20604 2.62311 -2.49176</i>
                        <i>0.00452804 0.999951 -0.00884095 0.077056 -0.00916366 -0.996985 -0.997016 0.00383313 -0.0770937 2.19776 2.62553 -2.49631</i>
                        <i>0.00452804 0.999951 -0.00884095 0.077056 -0.00916366 -0.996985 -0.997016 0.00383313 -0.0770937 2.19776 2.62553 -2.49631</i>
                        <i>0.00452804 0.999951 -0.00884095 0.077056 -0.00916366 -0.996985 -0.997016 0.00383313 -0.0770937 2.19776 2.62553 -2.49631</i>
                        <i>0.00452804 0.999951 -0.00884095 0.077056 -0.00916366 -0.996985 -0.997016 0.00383313 -0.0770937 2.19776 2.62553 -2.49631</i>
                        <i>0.00452804 0.999951 -0.00884095 0.077056 -0.00916366 -0.996985 -0.997016 0.00383313 -0.0770937 2.19776 2.62553 -2.49631</i>
                        <i>0.00452804 0.999951 -0.00884095 0.077056 -0.00916366 -0.996985 -0.997016 0.00383313 -0.0770937 2.19776 2.62553 -2.49631</i>
                        <i>0.00452804 0.999951 -0.00884095 0.077056 -0.00916366 -0.996985 -0.997016 0.00383313 -0.0770937 2.19776 2.62553 -2.49631</i>
                        <i>0.00452804 0.999951 -0.00884095 0.077056 -0.00916366 -0.996985 -0.997016 0.00383313 -0.0770937 2.19776 2.62553 -2.49631</i>
                        <i>0.00452804 0.999951 -0.00884095 0.077056 -0.00916366 -0.996985 -0.997016 0.00383313 -0.0770937 2.19776 2.62553 -2.49631</i>
                        <i>0.00452804 0.999951 -0.00884095 0.077056 -0.00916366 -0.996985 -0.997016 0.00383313 -0.0770937 2.19776 2.62553 -2.49631</i>
                        <i>0.00452804 0.999951 -0.00884095 0.077056 -0.00916366 -0.996985 -0.997016 0.00383313 -0.0770937 2.19776 2.62553 -2.49631</i>
                    </KeyFrames>
                </p>
            </i>
            <i>
                <p>
                    <Name><![CDATA[spine1]]></Name>
                    <Exclude>0</Exclude>
                    <Additive>0</Additive>
                    <IKPriority>0</IKPriority>
                    <IKRotLimits>-1e+010 -1e+010 -1e+010 1e+010 1e+010 1e+010</IKRotLimits>
                    <IKRotLimitOrder>0</IKRotLimitOrder>
                    <KeyFrames count="127">
                        <i>0.131705 0.991289 1.93748e-016 -1.66533e-016 -2.22045e-016 1 0.991289 -0.131705 1.98743e-016 1.74561 2.7714 -2.5</i>
                        <i>0.197757 0.978639 -0.0561999 0.0893943 0.0390884 0.995229 0.976166 -0.201838 -0.0797547 2.05367 2.61826 -2.5346</i>
                        <i>0.260825 0.957559 -0.12268 0.178073 0.077177 0.980986 0.94882 -0.277712 -0.150386 2.36166 2.46061 -2.57404</i>
                        <i>0.360779 0.914707 -0.182071 0.233614 0.100365 0.967136 0.902919 -0.391456 -0.177479 2.61472 2.31602 -2.60583</i>
                        <i>0.507806 0.831235 -0.226232 0.251912 0.107851 0.961721 0.823816 -0.545359 -0.154631 2.81255 2.17387 -2.62591</i>
                        <i>0.664201 0.702639 -0.255217 0.254194 0.108779 0.961017 0.70301 -0.703183 -0.106355 2.98779 2.01818 -2.63841</i>
                        <i>0.798287 0.54106 -0.264559 0.247346 0.105991 0.963113 0.549143 -0.834278 -0.049218 3.13588 1.86121 -2.64278</i>
                        <i>0.890562 0.373781 -0.259206 0.238196 0.102247 0.96582 0.387508 -0.921864 0.00202432 3.25543 1.72088 -2.64164</i>
                        <i>0.938903 0.235275 -0.25121 0.233614 0.100365 0.967136 0.252756 -0.966733 0.0392691 3.35004 1.6183 -2.64021</i>
                        <i>0.959609 0.136567 -0.245968 0.233614 0.100365 0.967136 0.156766 -0.985534 0.0644067 3.42197 1.56109 -2.64044</i>
                        <i>0.968651 0.0624111 -0.240456 0.233614 0.100365 0.967136 0.0844933 -0.992991 0.0826382 3.47478 1.53631 -2.64058</i>
                        <i>0.97187 0.00647882 -0.235429 0.233614 0.100365 0.967136 0.0298947 -0.99493 0.0960278 3.51557 1.53395 -2.64075</i>
                        <i>0.972232 -0.0381762 -0.230883 0.233614 0.100365 0.967136 -0.0137491 -0.994218 0.106496 3.55057 1.54363 -2.64081</i>
                        <i>0.970886 -0.0782589 -0.226398 0.233614 0.100365 0.967136 -0.0529646 -0.991868 0.115725 3.58589 1.55499 -2.64059</i>
                        <i>0.967799 -0.119911 -0.22133 0.233614 0.100365 0.967136 -0.0937561 -0.987699 0.125145 3.62697 1.55747 -2.63975</i>
                        <i>0.963054 -0.162005 -0.215131 0.232981 0.100513 0.967273 -0.13508 -0.981658 0.134544 3.67351 1.55361 -2.63746</i>
                        <i>0.957548 -0.199145 -0.20843 0.23163 0.101097 0.967537 -0.171609 -0.974741 0.142933 3.71666 1.55222 -2.63273</i>
                        <i>0.951685 -0.231098 -0.202209 0.230396 0.102037 0.967732 -0.203009 -0.967565 0.150352 3.74982 1.55312 -2.62529</i>
                        <i>0.94602 -0.256948 -0.197545 0.230002 0.102796 0.967746 -0.228353 -0.960943 0.156345 3.77106 1.5566 -2.61605</i>
                        <i>0.94125 -0.275378 -0.195487 0.230942 0.102514 0.967552 -0.246402 -0.955855 0.160088 3.78315 1.56123 -2.60689</i>
                        <i>0.938091 -0.284892 -0.197033 0.233614 0.100365 0.967136 -0.255755 -0.953291 0.160706 3.79163 1.56286 -2.60009</i>
                        <i>0.936782 -0.284608 -0.203564 0.239057 0.0957313 0.966275 -0.255522 -0.953852 0.157717 3.80042 1.55722 -2.59651</i>
                        <i>0.936678 -0.276762 -0.214564 0.247542 0.0898849 0.964699 -0.247706 -0.956725 0.152703 3.80886 1.54602 -2.5951</i>
