<?xml version="1.0" encoding="ISO-8859-1" ?>
<Animl Version="1">
    <ModellingPackage><![CDATA[Maya.2010]]></ModellingPackage>
    <SrcFile><![CDATA[anims\turrets\artillery\red\~src\artillery_2a36\artillery_2a36_reload_crewman_a.mb]]></SrcFile>
    <FramesPerSecond>30</FramesPerSecond>
    <TotalFrames>115</TotalFrames>
    <Skeleton>
        <RefFrame>
            <Name><![CDATA[soldier_ref_frame]]></Name>
            <Exclude>0</Exclude>
            <Additive>0</Additive>
            <IKPriority>0</IKPriority>
            <IKRotLimits>-1e+010 -1e+010 -1e+010 1e+010 1e+010 1e+010</IKRotLimits>
            <IKRotLimitOrder>0</IKRotLimitOrder>
            <KeyFrames count="115">
                <i>1 0 0 0 1 0 0 0 1 0.85 1.35 -1.88</i>
                <i>1 0 0 0 1 0 0 0 1 0.85 1.35 -1.88</i>
                <i>1 0 0 0 1 0 0 0 1 0.85 1.35 -1.88</i>
                <i>1 0 0 0 1 0 0 0 1 0.85 1.35 -1.88</i>
                <i>1 0 0 0 1 0 0 0 1 0.85 1.35 -1.88</i>
                <i>1 0 0 0 1 0 0 0 1 0.85 1.35 -1.88</i>
                <i>1 0 0 0 1 0 0 0 1 0.85 1.35 -1.88</i>
                <i>1 0 0 0 1 0 0 0 1 0.85 1.35 -1.88</i>
                <i>1 0 0 0 1 0 0 0 1 0.85 1.35 -1.88</i>
                <i>1 0 0 0 1 0 0 0 1 0.85 1.35 -1.88</i>
                <i>1 0 0 0 1 0 0 0 1 0.85 1.35 -1.88</i>
                <i>1 0 0 0 1 0 0 0 1 0.85 1.35 -1.88</i>
                <i>1 0 0 0 1 0 0 0 1 0.85 1.35 -1.88</i>
                <i>1 0 0 0 1 0 0 0 1 0.85 1.35 -1.88</i>
                <i>1 0 0 0 1 0 0 0 1 0.85 1.35 -1.88</i>
                <i>1 0 0 0 1 0 0 0 1 0.85 1.35 -1.88</i>
                <i>1 0 0 0 1 0 0 0 1 0.85 1.35 -1.88</i>
                <i>1 0 0 0 1 0 0 0 1 0.85 1.35 -1.88</i>
                <i>1 0 0 0 1 0 0 0 1 0.85 1.35 -1.88</i>
                <i>1 0 0 0 1 0 0 0 1 0.85 1.35 -1.88</i>
                <i>1 0 0 0 1 0 0 0 1 0.85 1.35 -1.88</i>
                <i>1 0 0 0 1 0 0 0 1 0.85 1.35 -1.88</i>
                <i>1 0 0 0 1 0 0 0 1 0.85 1.35 -1.88</i>
                <i>1 0 0 0 1 0 0 0 1 0.85 1.35 -1.88</i>
                <i>1 0 0 0 1 0 0 0 1 0.85 1.35 -1.88</i>
                <i>1 0 0 0 1 0 0 0 1 0.85 1.35 -1.88</i>
                <i>1 0 0 0 1 0 0 0 1 0.85 1.35 -1.88</i>
                <i>1 0 0 0 1 0 0 0 1 0.85 1.35 -1.88</i>
                <i>1 0 0 0 1 0 0 0 1 0.85 1.35 -1.88</i>
                <i>1 0 0 0 1 0 0 0 1 0.85 1.35 -1.88</i>
                <i>1 0 0 0 1 0 0 0 1 0.85 1.35 -1.88</i>
                <i>1 0 0 0 1 0 0 0 1 0.85 1.35 -1.88</i>
                <i>1 0 0 0 1 0 0 0 1 0.85 1.35 -1.88</i>
                <i>1 0 0 0 1 0 0 0 1 0.85 1.35 -1.88</i>
                <i>1 0 0 0 1 0 0 0 1 0.85 1.35 -1.88</i>
                <i>1 0 0 0 1 0 0 0 1 0.85 1.35 -1.88</i>
                <i>1 0 0 0 1 0 0 0 1 0.85 1.35 -1.88</i>
                <i>1 0 0 0 1 0 0 0 1 0.85 1.35 -1.88</i>
                <i>1 0 0 0 1 0 0 0 1 0.85 1.35 -1.88</i>
                <i>1 0 0 0 1 0 0 0 1 0.85 1.35 -1.88</i>
                <i>1 0 0 0 1 0 0 0 1 0.85 1.35 -1.88</i>
                <i>1 0 0 0 1 0 0 0 1 0.85 1.35 -1.88</i>
                <i>1 0 0 0 1 0 0 0 1 0.85 1.35 -1.88</i>
                <i>1 0 0 0 1 0 0 0 1 0.85 1.35 -1.88</i>
                <i>1 0 0 0 1 0 0 0 1 0.85 1.35 -1.88</i>
                <i>1 0 0 0 1 0 0 0 1 0.85 1.35 -1.88</i>
                <i>1 0 0 0 1 0 0 0 1 0.85 1.35 -1.88</i>
                <i>1 0 0 0 1 0 0 0 1 0.85 1.35 -1.88</i>
                <i>1 0 0 0 1 0 0 0 1 0.85 1.35 -1.88</i>
                <i>1 0 0 0 1 0 0 0 1 0.85 1.35 -1.88</i>
                <i>1 0 0 0 1 0 0 0 1 0.85 1.35 -1.88</i>
                <i>1 0 0 0 1 0 0 0 1 0.85 1.35 -1.88</i>
                <i>1 0 0 0 1 0 0 0 1 0.85 1.35 -1.88</i>
                <i>1 0 0 0 1 0 0 0 1 0.85 1.35 -1.88</i>
                <i>1 0 0 0 1 0 0 0 1 0.85 1.35 -1.88</i>
                <i>1 0 0 0 1 0 0 0 1 0.85 1.35 -1.88</i>
                <i>1 0 0 0 1 0 0 0 1 0.85 1.35 -1.88</i>
                <i>1 0 0 0 1 0 0 0 1 0.85 1.35 -1.88</i>
                <i>1 0 0 0 1 0 0 0 1 0.85 1.35 -1.88</i>
                <i>1 0 0 0 1 0 0 0 1 0.85 1.35 -1.88</i>
                <i>1 0 0 0 1 0 0 0 1 0.85 1.35 -1.88</i>
                <i>1 0 0 0 1 0 0 0 1 0.85 1.35 -1.88</i>
                <i>1 0 0 0 1 0 0 0 1 0.85 1.35 -1.88</i>
                <i>1 0 0 0 1 0 0 0 1 0.85 1.35 -1.88</i>
                <i>1 0 0 0 1 0 0 0 1 0.85 1.35 -1.88</i>
                <i>1 0 0 0 1 0 0 0 1 0.85 1.35 -1.88</i>
                <i>1 0 0 0 1 0 0 0 1 0.85 1.35 -1.88</i>
                <i>1 0 0 0 1 0 0 0 1 0.85 1.35 -1.88</i>
                <i>1 0 0 0 1 0 0 0 1 0.85 1.35 -1.88</i>
                <i>1 0 0 0 1 0 0 0 1 0.85 1.35 -1.88</i>
                <i>1 0 0 0 1 0 0 0 1 0.85 1.35 -1.88</i>
                <i>1 0 0 0 1 0 0 0 1 0.85 1.35 -1.88</i>
                <i>1 0 0 0 1 0 0 0 1 0.85 1.35 -1.88</i>
                <i>1 0 0 0 1 0 0 0 1 0.85 1.35 -1.88</i>
                <i>1 0 0 0 1 0 0 0 1 0.85 1.35 -1.88</i>
                <i>1 0 0 0 1 0 0 0 1 0.85 1.35 -1.88</i>
                <i>1 0 0 0 1 0 0 0 1 0.85 1.35 -1.88</i>
                <i>1 0 0 0 1 0 0 0 1 0.85 1.35 -1.88</i>
                <i>1 0 0 0 1 0 0 0 1 0.85 1.35 -1.88</i>
                <i>1 0 0 0 1 0 0 0 1 0.85 1.35 -1.88</i>
                <i>1 0 0 0 1 0 0 0 1 0.85 1.35 -1.88</i>
                <i>1 0 0 0 1 0 0 0 1 0.85 1.35 -1.88</i>
                <i>1 0 0 0 1 0 0 0 1 0.85 1.35 -1.88</i>
                <i>1 0 0 0 1 0 0 0 1 0.85 1.35 -1.88</i>
                <i>1 0 0 0 1 0 0 0 1 0.85 1.35 -1.88</i>
                <i>1 0 0 0 1 0 0 0 1 0.85 1.35 -1.88</i>
                <i>1 0 0 0 1 0 0 0 1 0.85 1.35 -1.88</i>
                <i>1 0 0 0 1 0 0 0 1 0.85 1.35 -1.88</i>
                <i>1 0 0 0 1 0 0 0 1 0.85 1.35 -1.88</i>
                <i>1 0 0 0 1 0 0 0 1 0.85 1.35 -1.88</i>
                <i>1 0 0 0 1 0 0 0 1 0.85 1.35 -1.88</i>
                <i>1 0 0 0 1 0 0 0 1 0.85 1.35 -1.88</i>
                <i>1 0 0 0 1 0 0 0 1 0.85 1.35 -1.88</i>
                <i>1 0 0 0 1 0 0 0 1 0.85 1.35 -1.88</i>
                <i>1 0 0 0 1 0 0 0 1 0.85 1.35 -1.88</i>
                <i>1 0 0 0 1 0 0 0 1 0.85 1.35 -1.88</i>
                <i>1 0 0 0 1 0 0 0 1 0.85 1.35 -1.88</i>
                <i>1 0 0 0 1 0 0 0 1 0.85 1.35 -1.88</i>
                <i>1 0 0 0 1 0 0 0 1 0.85 1.35 -1.88</i>
                <i>1 0 0 0 1 0 0 0 1 0.85 1.35 -1.88</i>
                <i>1 0 0 0 1 0 0 0 1 0.85 1.35 -1.88</i>
                <i>1 0 0 0 1 0 0 0 1 0.85 1.35 -1.88</i>
                <i>1 0 0 0 1 0 0 0 1 0.85 1.35 -1.88</i>
                <i>1 0 0 0 1 0 0 0 1 0.85 1.35 -1.88</i>
                <i>1 0 0 0 1 0 0 0 1 0.85 1.35 -1.88</i>
                <i>1 0 0 0 1 0 0 0 1 0.85 1.35 -1.88</i>
                <i>1 0 0 0 1 0 0 0 1 0.85 1.35 -1.88</i>
                <i>1 0 0 0 1 0 0 0 1 0.85 1.35 -1.88</i>
                <i>1 0 0 0 1 0 0 0 1 0.85 1.35 -1.88</i>
                <i>1 0 0 0 1 0 0 0 1 0.85 1.35 -1.88</i>
                <i>1 0 0 0 1 0 0 0 1 0.85 1.35 -1.88</i>
                <i>1 0 0 0 1 0 0 0 1 0.85 1.35 -1.88</i>
                <i>1 0 0 0 1 0 0 0 1 0.85 1.35 -1.88</i>
                <i>1 0 0 0 1 0 0 0 1 0.85 1.35 -1.88</i>
                <i>1 0 0 0 1 0 0 0 1 0.85 1.35 -1.88</i>
            </KeyFrames>
        </RefFrame>
        <Bones count="23">
            <i>
                <p>
                    <Name><![CDATA[pelvis]]></Name>
                    <Exclude>0</Exclude>
                    <Additive>0</Additive>
                    <IKPriority>0</IKPriority>
                    <IKRotLimits>-1e+010 -1e+010 -1e+010 1e+010 1e+010 1e+010</IKRotLimits>
                    <IKRotLimitOrder>2</IKRotLimitOrder>
                    <KeyFrames count="115">
                        <i>1 0 0 0 1 0 0 0 1 4.1245 1.38235 -2.84886</i>
                        <i>1 0 0 0 1 0 0 0 1 4.1245 1.38235 -2.84886</i>
                        <i>1 0 0 0 1 0 0 0 1 4.1245 1.38235 -2.84886</i>
                        <i>1 0 0 0 1 0 0 0 1 4.1245 1.38235 -2.84886</i>
                        <i>1 0 0 0 1 0 0 0 1 4.1245 1.38235 -2.84886</i>
                        <i>1 0 0 0 1 0 0 0 1 4.1245 1.38235 -2.84886</i>
                        <i>1 0 0 0 1 0 0 0 1 4.1245 1.38235 -2.84886</i>
                        <i>1 0 0 0 1 0 0 0 1 4.1245 1.38235 -2.84886</i>
                        <i>1 0 0 0 1 0 0 0 1 4.1245 1.38235 -2.84886</i>
                        <i>1 0 0 0 1 0 0 0 1 4.1245 1.38235 -2.84886</i>
                        <i>1 0 0 0 1 0 0 0 1 4.1245 1.38235 -2.84886</i>
                        <i>1 0 0 0 1 0 0 0 1 4.1245 1.38235 -2.84886</i>
                        <i>1 0 0 0 1 0 0 0 1 4.1245 1.38235 -2.84886</i>
                        <i>1 0 0 0 1 0 0 0 1 4.1245 1.38235 -2.84886</i>
                        <i>1 0 0 0 1 0 0 0 1 4.1245 1.38235 -2.84886</i>
                        <i>1 0 0 0 1 0 0 0 1 4.1245 1.38235 -2.84886</i>
                        <i>1 0 0 0 1 0 0 0 1 4.1245 1.38235 -2.84886</i>
                        <i>1 0 0 0 1 0 0 0 1 4.1245 1.38235 -2.84886</i>
                        <i>1 0 0 0 1 0 0 0 1 4.1245 1.38235 -2.84886</i>
                        <i>1 0 0 0 1 0 0 0 1 4.1245 1.38235 -2.84886</i>
                        <i>1 0 0 0 1 0 0 0 1 4.1245 1.38235 -2.84886</i>
                        <i>1 0 0 0 1 0 0 0 1 4.1246 1.38198 -2.84843</i>
                        <i>1 0 0 0 1 0 0 0 1 4.12485 1.38102 -2.8473</i>
                        <i>1 0 0 0 1 0 0 0 1 4.12519 1.37969 -2.84573</i>
                        <i>1 0 0 0 1 0 0 0 1 4.12558 1.37821 -2.844</i>
                        <i>1 0 0 0 1 0 0 0 1 4.12594 1.3768 -2.84235</i>
                        <i>1 0 0 0 1 0 0 0 1 4.12623 1.37569 -2.84105</i>
                        <i>1 0 0 0 1 0 0 0 1 4.12639 1.3751 -2.84035</i>
                        <i>1 0 0 0 1 0 0 0 1 4.12635 1.37525 -2.84052</i>
                        <i>1 0 0 0 1 0 0 0 1 4.12606 1.37636 -2.84183</i>
                        <i>1 0 0 0 1 0 0 0 1 4.12546 1.37865 -2.84452</i>
                        <i>1 0 0 0 1 0 0 0 1 4.1245 1.38235 -2.84886</i>
                        <i>1 0 0 0 1 0 0 0 1 4.1247 1.38615 -2.85534</i>
                        <i>1 0 0 0 1 0 0 0 1 4.12703 1.38903 -2.86398</i>
                        <i>1 0 0 0 1 0 0 0 1 4.13061 1.39165 -2.87432</i>
                        <i>1 0 0 0 1 0 0 0 1 4.13457 1.39464 -2.88591</i>
                        <i>1 0 0 0 1 0 0 0 1 4.13803 1.39867 -2.89831</i>
                        <i>1 0 0 0 1 0 0 0 1 4.1401 1.40437 -2.91107</i>
                        <i>1 0 0 0 1 0 0 0 1 4.13991 1.41241 -2.92373</i>
                        <i>1 0 0 0 1 0 0 0 1 4.13657 1.42342 -2.93585</i>
                        <i>1 0 0 0 1 0 0 0 1 4.12921 1.43805 -2.94697</i>
                        <i>1 0 0 0 1 0 0 0 1 4.11694 1.45697 -2.95665</i>
                        <i>1 0 0 0 1 0 0 0 1 4.09889 1.4808 -2.96444</i>
                        <i>1 0 0 0 1 0 0 0 1 4.07496 1.51208 -2.97024</i>
                        <i>1 0 0 0 1 0 0 0 1 4.04603 1.55163 -2.97449</i>
                        <i>1 0 0 0 1 0 0 0 1 4.01268 1.59754 -2.9775</i>
                        <i>1 0 0 0 1 0 0 0 1 3.97549 1.6479 -2.9796</i>
                        <i>1 0 0 0 1 0 0 0 1 3.93507 1.70083 -2.98112</i>
                        <i>1 0 0 0 1 0 0 0 1 3.892 1.75442 -2.98237</i>
                        <i>1 0 0 0 1 0 0 0 1 3.84685 1.80676 -2.98369</i>
                        <i>1 0 0 0 1 0 0 0 1 3.80023 1.85596 -2.98539</i>
                        <i>1 0 0 0 1 0 0 0 1 3.75271 1.90012 -2.9878</i>
                        <i>1 0 0 0 1 0 0 0 1 3.70489 1.93733 -2.99125</i>
                        <i>1 0 0 0 1 0 0 0 1 3.65735 1.96569 -2.99606</i>
                        <i>1 0 0 0 1 0 0 0 1 3.61053 1.98256 -3.0005</i>
                        <i>1 0 0 0 1 0 0 0 1 3.56405 1.98837 -3.0032</i>
                        <i>1 0 0 0 1 0 0 0 1 3.51731 1.98586 -3.00499</i>
                        <i>1 0 0 0 1 0 0 0 1 3.46969 1.97775 -3.00672</i>
                        <i>1 0 0 0 1 0 0 0 1 3.42058 1.96677 -3.00922</i>
                        <i>1 0 0 0 1 0 0 0 1 3.36938 1.95565 -3.01333</i>
                        <i>1 0 0 0 1 0 0 0 1 3.31546 1.94713 -3.0199</i>
                        <i>1 0 0 0 1 0 0 0 1 3.25822 1.94392 -3.02976</i>
                        <i>1 0 0 0 1 0 0 0 1 3.19705 1.94876 -3.04376</i>
                        <i>1 0 0 0 1 0 0 0 1 3.13133 1.96438 -3.06273</i>
                        <i>1 0 0 0 1 0 0 0 1 3.06045 1.9935 -3.08751</i>
                        <i>1 0 0 0 1 0 0 0 1 2.97471 2.05704 -3.13239</i>
                        <i>1 0 0 0 1 0 0 0 1 2.86987 2.16156 -3.20259</i>
                        <i>1 0 0 0 1 0 0 0 1 2.7535 2.28793 -3.285</i>
                        <i>1 0 0 0 1 0 0 0 1 2.6328 2.41588 -3.36612</i>
                        <i>1 0 0 0 1 0 0 0 1 2.51444 2.52414 -3.43261</i>
                        <i>1 0 0 0 1 0 0 0 1 2.40515 2.59105 -3.47151</i>
                        <i>1 0 0 0 1 0 0 0 1 2.287 2.61585 -3.45656</i>
                        <i>1 0 0 0 1 0 0 0 1 2.14562 2.61545 -3.38094</i>
                        <i>1 0 0 0 1 0 0 0 1 1.99363 2.59685 -3.26141</i>
                        <i>1 0 0 0 1 0 0 0 1 1.84085 2.56926 -3.11514</i>
                        <i>1 0 0 0 1 0 0 0 1 1.69265 2.54192 -2.95857</i>
                        <i>1 0 0 0 1 0 0 0 1 1.55071 2.52139 -2.80603</i>
                        <i>1 0 0 0 1 0 0 0 1 1.4158 2.51053 -2.66916</i>
                        <i>1 0 0 0 1 0 0 0 1 1.32079 2.50237 -2.57333</i>
                        <i>1 0 0 0 1 0 0 0 1 1.27217 2.48691 -2.51916</i>
                        <i>1 0 0 0 1 0 0 0 1 1.23479 2.4622 -2.47764</i>
                        <i>1 0 0 0 1 0 0 0 1 1.17405 2.4329 -2.4149</i>
                        <i>1 0 0 0 1 0 0 0 1 1.09197 2.40775 -2.33637</i>
                        <i>1 0 0 0 1 0 0 0 1 1.02094 2.38778 -2.27608</i>
                        <i>1 0 0 0 1 0 0 0 1 0.96852 2.37189 -2.24122</i>
                        <i>1 0 0 0 1 0 0 0 1 0.92703 2.35694 -2.21773</i>
                        <i>1 0 0 0 1 0 0 0 1 0.885459 2.33821 -2.18873</i>
                        <i>1 0 0 0 1 0 0 0 1 0.846479 2.31749 -2.15719</i>
                        <i>1 0 0 0 1 0 0 0 1 0.812833 2.29938 -2.12604</i>
                        <i>1 0 0 0 1 0 0 0 1 0.787302 2.2884 -2.09819</i>
                        <i>1 0 0 0 1 0 0 0 1 0.772684 2.2891 -2.07655</i>
                        <i>1 0 0 0 1 0 0 0 1 0.766343 2.30422 -2.05948</i>
                        <i>1 0 0 0 1 0 0 0 1 0.763494 2.33013 -2.0433</i>
                        <i>1 0 0 0 1 0 0 0 1 0.763719 2.36174 -2.02792</i>
                        <i>1 0 0 0 1 0 0 0 1 0.766602 2.39393 -2.01322</i>
                        <i>1 0 0 0 1 0 0 0 1 0.771726 2.42161 -1.9991</i>
                        <i>1 0 0 0 1 0 0 0 1 0.778677 2.4397 -1.98545</i>
                        <i>1 0 0 0 1 0 0 0 1 0.78704 2.44884 -1.97216</i>
                        <i>1 0 0 0 1 0 0 0 1 0.7964 2.45375 -1.95911</i>
                        <i>1 0 0 0 1 0 0 0 1 0.806339 2.45537 -1.9462</i>
                        <i>1 0 0 0 1 0 0 0 1 0.816438 2.45466 -1.93333</i>
                        <i>1 0 0 0 1 0 0 0 1 0.826278 2.45258 -1.92038</i>
                        <i>1 0 0 0 1 0 0 0 1 0.835435 2.45008 -1.90725</i>
                        <i>1 0 0 0 1 0 0 0 1 0.843484 2.44812 -1.89382</i>
                        <i>1 0 0 0 1 0 0 0 1 0.85 2.44766 -1.88</i>
                        <i>1 0 0 0 1 0 0 0 1 0.85 2.44766 -1.88</i>
                        <i>1 0 0 0 1 0 0 0 1 0.85 2.44766 -1.88</i>
                        <i>1 0 0 0 1 0 0 0 1 0.85 2.44766 -1.88</i>
                        <i>1 0 0 0 1 0 0 0 1 0.85 2.44766 -1.88</i>
                        <i>1 0 0 0 1 0 0 0 1 0.85 2.44766 -1.88</i>
                        <i>1 0 0 0 1 0 0 0 1 0.85 2.44766 -1.88</i>
                        <i>1 0 0 0 1 0 0 0 1 0.85 2.44766 -1.88</i>
                        <i>1 0 0 0 1 0 0 0 1 0.85 2.44766 -1.88</i>
                        <i>1 0 0 0 1 0 0 0 1 0.85 2.44766 -1.88</i>
                        <i>1 0 0 0 1 0 0 0 1 0.85 2.44766 -1.88</i>
                    </KeyFrames>
                </p>
            </i>
            <i>
                <p>
                    <Name><![CDATA[spine0]]></Name>
                    <Exclude>0</Exclude>
                    <Additive>0</Additive>
                    <IKPriority>0</IKPriority>
                    <IKRotLimits>-1e+010 -1e+010 -1e+010 1e+010 1e+010 1e+010</IKRotLimits>
                    <IKRotLimitOrder>0</IKRotLimitOrder>
                    <KeyFrames count="115">
                        <i>-0.118915 0.986827 0.109692 -0.0252062 0.10744 -0.993892 -0.992584 -0.120954 0.012098 4.19067 1.50888 -2.83135</i>
                        <i>-0.118986 0.986809 0.109775 -0.0251944 0.107524 -0.993883 -0.992576 -0.121024 0.0120681 4.19067 1.50888 -2.83135</i>
                        <i>-0.119057 0.98679 0.109871 -0.0251809 0.107621 -0.993873 -0.992568 -0.121094 0.0120352 4.19067 1.50888 -2.83135</i>
                        <i>-0.119114 0.986773 0.109961 -0.0251681 0.107714 -0.993863 -0.992562 -0.121151 0.012005 4.19067 1.50888 -2.83135</i>
                        <i>-0.119153 0.98676 0.110034 -0.0251577 0.107788 -0.993856 -0.992557 -0.121189 0.0119814 4.19067 1.50888 -2.83135</i>
                        <i>-0.119176 0.986752 0.110078 -0.0251515 0.107832 -0.993851 -0.992554 -0.121212 0.0119673 4.19067 1.50888 -2.83135</i>
                        <i>-0.119188 0.98675 0.110082 -0.025151 0.107836 -0.99385 -0.992553 -0.121224 0.011965 4.19067 1.50888 -2.83135</i>
                        <i>-0.119167 0.986764 0.109984 -0.025165 0.107736 -0.993861 -0.992555 -0.121204 0.0119932 4.19067 1.50888 -2.83135</i>
                        <i>-0.119061 0.9868 0.109777 -0.0251944 0.107525 -0.993883 -0.992567 -0.121098 0.0120598 4.19067 1.50888 -2.83135</i>
                        <i>-0.118878 0.986847 0.109548 -0.0252268 0.107292 -0.993907 -0.992588 -0.120918 0.0121402 4.19067 1.50888 -2.83135</i>
                        <i>-0.118757 0.986875 0.109424 -0.0252442 0.107168 -0.99392 -0.992602 -0.120797 0.012186 4.19067 1.50888 -2.83135</i>
                        <i>-0.118821 0.986859 0.109501 -0.0252333 0.107246 -0.993912 -0.992595 -0.120861 0.0121587 4.19067 1.50888 -2.83135</i>
                        <i>-0.118964 0.986821 0.109689 -0.0252068 0.107436 -0.993892 -0.992579 -0.121003 0.0120936 4.19067 1.50888 -2.83135</i>
                        <i>-0.119064 0.986789 0.109869 -0.0251813 0.107619 -0.993873 -0.992567 -0.121102 0.012035 4.19067 1.50888 -2.83135</i>
                        <i>-0.119092 0.986776 0.109954 -0.0251692 0.107706 -0.993864 -0.992564 -0.121129 0.0120094 4.19067 1.50888 -2.83135</i>
                        <i>-0.119069 0.986784 0.109907 -0.0251757 0.107659 -0.993869 -0.992567 -0.121106 0.0120242 4.19067 1.50888 -2.83135</i>
                        <i>-0.119 0.986807 0.109781 -0.0251937 0.10753 -0.993883 -0.992575 -0.121038 0.0120652 4.19067 1.50888 -2.83135</i>
                        <i>-0.118899 0.986835 0.109638 -0.0252139 0.107385 -0.993898 -0.992586 -0.120938 0.012114 4.19067 1.50888 -2.83135</i>
                        <i>-0.118833 0.986851 0.109559 -0.0252251 0.107304 -0.993906 -0.992594 -0.120873 0.0121421 4.19067 1.50888 -2.83135</i>
                        <i>-0.118704 0.986826 0.109924 -0.0251728 0.10768 -0.993867 -0.992611 -0.120743 0.012059 4.19067 1.50888 -2.83135</i>
                        <i>-0.118389 0.986752 0.110927 -0.025029 0.108711 -0.993758 -0.992652 -0.120426 0.0118272 4.19067 1.50888 -2.83135</i>
                        <i>-0.117392 0.986745 0.112039 -0.0237372 0.109999 -0.993648 -0.992802 -0.119305 0.0105096 4.19084 1.50847 -2.83088</i>
                        <i>-0.115443 0.98688 0.112877 -0.0206705 0.111225 -0.99358 -0.993099 -0.117035 0.00755913 4.19127 1.5074 -2.82964</i>
                        <i>-0.112937 0.987103 0.113463 -0.0165023 0.112314 -0.993536 -0.993465 -0.114079 0.00360505 4.19185 1.50592 -2.82794</i>
                        <i>-0.110262 0.987364 0.113816 -0.0119097 0.113193 -0.993502 -0.993831 -0.110901 -0.00072169 4.19251 1.50428 -2.82604</i>
                        <i>-0.107801 0.987621 0.113943 -0.00757409 0.113791 -0.993476 -0.994144 -0.107961 -0.00478649 4.19313 1.50271 -2.82423</i>
                        <i>-0.105933 0.987836 0.113838 -0.00418042 0.114039 -0.993468 -0.994365 -0.105717 -0.00795087 4.19362 1.50148 -2.8228</i>
                        <i>-0.105035 0.987972 0.113488 -0.00241523 0.113865 -0.993493 -0.994466 -0.104625 -0.0095736 4.19388 1.50082 -2.82204</i>
                        <i>-0.105486 0.987993 0.112879 -0.00296343 0.113199 -0.993568 -0.994416 -0.105142 -0.00901308 4.19381 1.50098 -2.82223</i>
                        <i>-0.107676 0.987856 0.112012 -0.00650382 0.111965 -0.993691 -0.994165 -0.107725 -0.00563108 4.19332 1.50222 -2.82366</i>
                        <i>-0.112009 0.987497 0.110921 -0.0137029 0.110078 -0.993829 -0.993613 -0.112838 0.00120186 4.19231 1.50477 -2.82661</i>
                        <i>-0.118915 0.986827 0.109692 -0.0252062 0.10744 -0.993892 -0.992584 -0.120954 0.012098 4.19067 1.50888 -2.83135</i>
                        <i>-0.129433 0.985683 0.108058 -0.0418063 0.103454 -0.993755 -0.990706 -0.133142 0.0278174 4.18973 1.51335 -2.83839</i>
                        <i>-0.143863 0.983904 0.106003 -0.063138 0.0977727 -0.993204 -0.987581 -0.149578 0.0480558 4.19035 1.51717 -2.84769</i>
                        <i>-0.161526 0.98137 0.104034 -0.0880805 0.0906611 -0.991979 -0.98293 -0.169394 0.0717954 4.19181 1.52091 -2.85871</i>
                        <i>-0.1817 0.977987 0.102598 -0.115536 0.08238 -0.989881 -0.976543 -0.191715 0.0980242 4.19334 1.5251 -2.87093</i>
                        <i>-0.203603 0.973723 0.102024 -0.144466 0.0731871 -0.9868 -0.968337 -0.215654 0.125768 4.19422 1.53031 -2.88385</i>
                        <i>-0.226401 0.968627 0.102495 -0.173919 0.0633354 -0.982721 -0.958381 -0.240315 0.154123 4.19372 1.53712 -2.89698</i>
                        <i>-0.249225 0.962843 0.104024 -0.203056 0.0530729 -0.977728 -0.946919 -0.264797 0.182284 4.19113 1.54613 -2.90988</i>
                        <i>-0.271194 0.956618 0.106466 -0.231159 0.0426436 -0.971981 -0.934355 -0.288206 0.209567 4.18573 1.55792 -2.92213</i>
                        <i>-0.29144 0.950298 0.109529 -0.257634 0.0322927 -0.965703 -0.921242 -0.309662 0.235418 4.1768 1.57313 -2.93333</i>
                        <i>-0.309122 0.944307 0.112815 -0.282002 0.0222749 -0.959155 -0.90825 -0.32831 0.259411 4.16362 1.59237 -2.94312</i>
                        <i>-0.323439 0.939129 0.115862 -0.303881 0.0128689 -0.952623 -0.896127 -0.343324 0.281221 4.14545 1.61627 -2.95114</i>
                        <i>-0.335786 0.934422 0.118759 -0.325222 0.00331438 -0.945632 -0.884013 -0.356153 0.302781 4.12243 1.64727 -2.95733</i>
                        <i>-0.347741 0.929638 0.12186 -0.34796 -0.00727004 -0.937481 -0.870632 -0.368403 0.326005 4.09541 1.68618 -2.96213</i>
                        <i>-0.358632 0.925056 0.125122 -0.37174 -0.0185782 -0.928151 -0.856267 -0.379377 0.350543 4.06469 1.73116 -2.96591</i>
                        <i>-0.367419 0.921128 0.128557 -0.396134 -0.0299302 -0.917705 -0.841476 -0.388108 0.375887 4.03061 1.78037 -2.96902</i>
                        <i>-0.372617 0.918518 0.132219 -0.420577 -0.0401466 -0.906368 -0.827207 -0.393336 0.401267 3.99349 1.83197 -2.97178</i>
                        <i>-0.372333 0.918059 0.13615 -0.444318 -0.0475275 -0.894608 -0.814831 -0.393585 0.425606 3.95369 1.88414 -2.97451</i>
                        <i>-0.366527 0.91982 0.139964 -0.466429 -0.0514906 -0.883059 -0.805048 -0.388948 0.447903 3.91157 1.93509 -2.97747</i>
                        <i>-0.358046 0.922722 0.142787 -0.485967 -0.0535813 -0.872333 -0.79727 -0.381725 0.467597 3.86754 1.98303 -2.98094</i>
                        <i>-0.349245 0.92591 0.143939 -0.502051 -0.0551985 -0.863075 -0.791184 -0.373689 0.484132 3.82199 2.02617 -2.98517</i>
                        <i>-0.34263 0.92855 0.142826 -0.513891 -0.0579725 -0.855895 -0.786461 -0.366653 0.497036 3.77535 2.06275 -2.99038</i>
                        <i>-0.340799 0.929814 0.13893 -0.520766 -0.0636712 -0.851322 -0.782725 -0.362479 0.505915 3.72803 2.09099 -2.99685</i>
                        <i>-0.347327 0.929217 0.126177 -0.522638 -0.0800994 -0.848783 -0.778597 -0.36075 0.513465 3.68045 2.10825 -3.00349</i>
                        <i>-0.362494 0.926444 0.101481 -0.519853 -0.11062 -0.847063 -0.773531 -0.359811 0.521714 3.63242 2.11479 -3.00936</i>
                        <i>-0.383928 0.920793 0.0688443 -0.512254 -0.150366 -0.845568 -0.768242 -0.359903 0.52941 3.58349 2.11321 -3.01492</i>
                        <i>-0.409251 0.911851 0.0322692 -0.499906 -0.194498 -0.843958 -0.763287 -0.361522 0.535438 3.53316 2.1061 -3.02061</i>
                        <i>-0.436189 0.899845 -0.00428389 -0.483329 -0.238298 -0.842382 -0.759034 -0.365367 0.538864 3.48097 2.09614 -3.02692</i>
                        <i>-0.46267 0.885758 -0.0369936 -0.46359 -0.2773 -0.841539 -0.755659 -0.372205 0.538928 3.42641 2.08604 -3.03437</i>
                        <i>-0.486892 0.87124 -0.0622729 -0.442275 -0.307388 -0.842559 -0.753213 -0.382693 0.534992 3.36901 2.07855 -3.04349</i>
                        <i>-0.5073 0.858338 -0.0768288 -0.421346 -0.324817 -0.846736 -0.751741 -0.397178 0.526436 3.30825 2.07646 -3.05481</i>
                        <i>-0.522476 0.84911 -0.0776614 -0.402919 -0.32614 -0.855155 -0.751448 -0.415507 0.512522 3.24365 2.08253 -3.06887</i>
                        <i>-0.530942 0.845136 -0.0620173 -0.388955 -0.308065 -0.868222 -0.752871 -0.436853 0.492284 3.17473 2.09952 -3.08617</i>
                        <i>-0.530947 0.846964 -0.0273443 -0.38085 -0.267325 -0.88515 -0.757 -0.459554 0.464502 3.10106 2.13011 -3.10717</i>
                        <i>-0.5088 0.858815 0.0596626 -0.371659 -0.156617 -0.915063 -0.776526 -0.487758 0.398873 3.01333 2.19537 -3.14059</i>
                        <i>-0.462779 0.863452 0.200714 -0.348104 0.0312247 -0.936936 -0.815266 -0.503464 0.286121 2.9071 2.29995 -3.18996</i>
                        <i>-0.41064 0.841139 0.351939 -0.306101 0.236409 -0.922178 -0.858881 -0.486412 0.160394 2.78889 2.42234 -3.2479</i>
                        <i>-0.367225 0.795601 0.481835 -0.255693 0.411721 -0.874704 -0.894297 -0.444415 0.0522355 2.66509 2.5427 -3.30635</i>
                        <i>-0.338662 0.742398 0.578059 -0.219766 0.534958 -0.815796 -0.914883 -0.403317 -0.018016 2.54258 2.64243 -3.35572</i>
                        <i>-0.322891 0.695966 0.641384 -0.228391 0.600357 -0.766426 -0.918465 -0.393958 -0.0348974 2.42932 2.7034 -3.38497</i>
                        <i>-0.309087 0.656854 0.687756 -0.29635 0.620639 -0.725936 -0.903682 -0.428194 0.00282714 2.30788 2.72572 -3.36607</i>
                        <i>-0.289094 0.620872 0.728658 -0.40601 0.609789 -0.680671 -0.866937 -0.492621 0.0757942 2.16339 2.72468 -3.28902</i>
                        <i>-0.26298 0.5949 0.759563 -0.539103 0.562296 -0.627049 -0.800131 -0.574384 0.172839 2.00832 2.70728 -3.17038</i>
                        <i>-0.234201 0.58429 0.777017 -0.674508 0.477931 -0.562691 -0.700135 -0.655887 0.282176 1.8522 2.6826 -3.02727</i>
                        <i>-0.207722 0.590356 0.779956 -0.791799 0.366711 -0.488444 -0.574374 -0.719029 0.391269 1.70018 2.65951 -2.87603</i>
                        <i>-0.187079 0.610607 0.76952 -0.877186 0.248792 -0.410668 -0.442207 -0.751839 0.489072 1.55412 2.64397 -2.7308</i>
                        <i>-0.17286 0.640589 0.748175 -0.927677 0.149356 -0.342212 -0.330961 -0.753219 0.568442 1.41557 2.63826 -2.60299</i>
                        <i>-0.19563 0.706528 0.680109 -0.943994 0.0522367 -0.325801 -0.265714 -0.705755 0.656739 1.31476 2.6378 -2.52516</i>
                        <i>-0.264203 0.789841 0.553487 -0.930066 -0.0567449 -0.362984 -0.255292 -0.610681 0.749596 1.25831 2.62876 -2.49965</i>
                        <i>-0.332989 0.843327 0.421804 -0.89815 -0.147453 -0.414227 -0.287132 -0.516776 0.806534 1.21727 2.60469 -2.48684</i>
                        <i>-0.354836 0.867034 0.349776 -0.877197 -0.179319 -0.445387 -0.323444 -0.464862 0.824189 1.16046 2.57333 -2.443</i>
                        <i>-0.336199 0.880335 0.334635 -0.875594 -0.161312 -0.455317 -0.346851 -0.446081 0.825049 1.08659 2.54631 -2.37469</i>
                        <i>-0.315945 0.889752 0.329424 -0.874202 -0.138068 -0.465518 -0.368713 -0.435061 0.821445 1.02342 2.52423 -2.3216</i>
                        <i>-0.299321 0.895982 0.328059 -0.87184 -0.117125 -0.475581 -0.387688 -0.428366 0.816211 0.977012 2.50658 -2.29104</i>
                        <i>-0.286344 0.900082 0.328418 -0.868879 -0.0994793 -0.484926 -0.403803 -0.424212 0.810548 0.939261 2.49071 -2.26923</i>
                        <i>-0.274019 0.903 0.330914 -0.866055 -0.0820823 -0.493164 -0.418165 -0.421726 0.80454 0.899925 2.47185 -2.23997</i>
                        <i>-0.262917 0.905261 0.333733 -0.86309 -0.0660778 -0.500709 -0.43122 -0.419687 0.798694 0.86208 2.45158 -2.20692</i>
                        <i>-0.253707 0.907387 0.335085 -0.859611 -0.0526679 -0.508227 -0.44351 -0.416984 0.793362 0.82888 2.43418 -2.17365</i>
                        <i>-0.247038 0.909944 0.333127 -0.855119 -0.0430118 -0.516645 -0.45579 -0.412494 0.788736 0.803524 2.4239 -2.14373</i>
                        <i>-0.243466 0.913505 0.325932 -0.848948 -0.0381969 -0.527094 -0.469054 -0.405029 0.784818 0.789238 2.42502 -2.12069</i>
                        <i>-0.241342 0.917778 0.315336 -0.841496 -0.0360695 -0.539058 -0.483362 -0.395451 0.781012 0.783479 2.44036 -2.1027</i>
                        <i>-0.238688 0.922109 0.304536 -0.833712 -0.0337781 -0.551165 -0.497948 -0.385452 0.776836 0.781253 2.46651 -2.08552</i>
                        <i>-0.235484 0.926474 0.293586 -0.825625 -0.0313339 -0.563348 -0.512728 -0.375051 0.772299 0.782134 2.49835 -2.06906</i>
                        <i>-0.231721 0.930848 0.282537 -0.817263 -0.0287515 -0.575548 -0.527624 -0.364273 0.76741 0.785699 2.53079 -2.05322</i>
                        <i>-0.227401 0.935205 0.27144 -0.808654 -0.026049 -0.587708 -0.542557 -0.353146 0.762181 0.791528 2.55872 -2.0379</i>
                        <i>-0.222536 0.93952 0.260346 -0.799827 -0.0232464 -0.59978 -0.557453 -0.341704 0.756627 0.7992 2.57704 -2.023</i>
                        <i>-0.21715 0.943765 0.249304 -0.790812 -0.0203656 -0.61172 -0.572243 -0.329988 0.750764 0.808295 2.58642 -2.00844</i>
                        <i>-0.211275 0.947916 0.238365 -0.781636 -0.0174296 -0.623491 -0.586863 -0.318042 0.744608 0.818392 2.59154 -1.99411</i>
                        <i>-0.204954 0.951947 0.227575 -0.772326 -0.0144621 -0.635062 -0.601254 -0.30592 0.738178 0.829067 2.59337 -1.97992</i>
                        <i>-0.198239 0.955835 0.21698 -0.762905 -0.0114872 -0.646409 -0.615368 -0.293678 0.731489 0.839897 2.59285 -1.96576</i>
                        <i>-0.19119 0.959559 0.206623 -0.753396 -0.00852908 -0.657512 -0.629159 -0.281379 0.724558 0.850456 2.59093 -1.95154</i>
                        <i>-0.183875 0.963099 0.196547 -0.743816 -0.00561213 -0.66836 -0.642594 -0.269089 0.717401 0.860315 2.58858 -1.93717</i>
                        <i>-0.176368 0.966439 0.186787 -0.734183 -0.00276088 -0.678946 -0.655644 -0.25688 0.710031 0.869042 2.58675 -1.92253</i>
                        <i>-0.168749 0.969568 0.177377 -0.724509 -4.44089e-016 -0.689266 -0.66829 -0.244824 0.70246 0.876204 2.58641 -1.90754</i>
                        <i>-0.168749 0.969568 0.177377 -0.724509 -4.44089e-016 -0.689266 -0.66829 -0.244824 0.70246 0.876204 2.58641 -1.90754</i>
                        <i>-0.168749 0.969568 0.177377 -0.724509 -4.44089e-016 -0.689266 -0.66829 -0.244824 0.70246 0.876204 2.58641 -1.90754</i>
                        <i>-0.168749 0.969568 0.177377 -0.724509 -4.44089e-016 -0.689266 -0.66829 -0.244824 0.70246 0.876204 2.58641 -1.90754</i>
                        <i>-0.168749 0.969568 0.177377 -0.724509 -4.44089e-016 -0.689266 -0.66829 -0.244824 0.70246 0.876204 2.58641 -1.90754</i>
                        <i>-0.168749 0.969568 0.177377 -0.724509 -4.44089e-016 -0.689266 -0.66829 -0.244824 0.70246 0.876204 2.58641 -1.90754</i>
                        <i>-0.168749 0.969568 0.177377 -0.724509 -4.44089e-016 -0.689266 -0.66829 -0.244824 0.70246 0.876204 2.58641 -1.90754</i>
                        <i>-0.168749 0.969568 0.177377 -0.724509 -4.44089e-016 -0.689266 -0.66829 -0.244824 0.70246 0.876204 2.58641 -1.90754</i>
                        <i>-0.168749 0.969568 0.177377 -0.724509 -4.44089e-016 -0.689266 -0.66829 -0.244824 0.70246 0.876204 2.58641 -1.90754</i>
                        <i>-0.168749 0.969568 0.177377 -0.724509 -4.44089e-016 -0.689266 -0.66829 -0.244824 0.70246 0.876204 2.58641 -1.90754</i>
                        <i>-0.168749 0.969568 0.177377 -0.724509 -4.44089e-016 -0.689266 -0.66829 -0.244824 0.70246 0.876204 2.58641 -1.90754</i>
                    </KeyFrames>
                </p>
            </i>
            <i>
                <p>
                    <Name><![CDATA[spine1]]></Name>
                    <Exclude>0</Exclude>
                    <Additive>0</Additive>
                    <IKPriority>0</IKPriority>
                    <IKRotLimits>-1e+010 -1e+010 -1e+010 1e+010 1e+010 1e+010</IKRotLimits>
                    <IKRotLimitOrder>0</IKRotLimitOrder>
                    <KeyFrames count="115">
                        <i>-0.588421 0.806737 0.0541955 0.140241 0.167841 -0.975788 -0.7963 -0.566573 -0.211899 4.16962 1.68393 -2.81189</i>
                        <i>-0.588438 0.806814 0.0528393 0.148354 0.171979 -0.973866 -0.794816 -0.56522 -0.220893 4.1696 1.68393 -2.81188</i>
                        <i>-0.588407 0.806941 0.0512169 0.158038 0.176897 -0.971458 -0.79297 -0.563518 -0.231614 4.16959 1.68394 -2.81186</i>
                        <i>-0.588324 0.807103 0.0495946 0.167705 0.181784 -0.968932 -0.791043 -0.561729 -0.242303 4.16958 1.68393 -2.81184</i>
                        <i>-0.588219 0.807262 0.0482387 0.175779 0.185851 -0.966727 -0.789367 -0.560168 -0.251221 4.16957 1.68393 -2.81183</i>
                        <i>-0.588145 0.807364 0.0474142 0.180693 0.188322 -0.965342 -0.788312 -0.559194 -0.256646 4.16957 1.68393 -2.81182</i>
                        <i>-0.588161 0.807355 0.0473857 0.18088 0.188427 -0.965286 -0.788257 -0.559172 -0.25686 4.16957 1.68393 -2.81182</i>
                        <i>-0.58839 0.807069 0.0493701 0.169121 0.182545 -0.968543 -0.790693 -0.561531 -0.2439 4.16957 1.68393 -2.81184</i>
                        <i>-0.588596 0.806677 0.0531742 0.146525 0.171136 -0.974291 -0.795038 -0.565673 -0.218928 4.16959 1.68394 -2.81188</i>
                        <i>-0.588518 0.806477 0.0569325 0.124102 0.159697 -0.979334 -0.798903 -0.56929 -0.19407 4.16962 1.68393 -2.81192</i>
                        <i>-0.588369 0.806453 0.0587827 0.113001 0.153991 -0.981589 -0.800658 -0.570894 -0.181734 4.16965 1.68393 -2.81194</i>
                        <i>-0.588443 0.806487 0.0575696 0.120246 0.157701 -0.980138 -0.799547 -0.569833 -0.189775 4.16963 1.68393 -2.81193</i>
                        <i>-0.588529 0.806637 0.0545011 0.13854 0.167036 -0.976169 -0.796517 -0.566953 -0.210057 4.16961 1.68393 -2.81189</i>
                        <i>-0.588427 0.806922 0.0512874 0.15763 0.176699 -0.971561 -0.793036 -0.563608 -0.23117 4.16959 1.68394 -2.81186</i>
                        <i>-0.588292 0.807123 0.0496451 0.167363 0.18159 -0.969028 -0.79114 -0.561763 -0.241911 4.16958 1.68393 -2.81185</i>
                        <i>-0.588351 0.807027 0.050502 0.162267 0.179022 -0.970371 -0.792157 -0.562724 -0.236282 4.16959 1.68393 -2.81185</i>
                        <i>-0.588458 0.806803 0.0527884 0.148676 0.172154 -0.973786 -0.794741 -0.565183 -0.221257 4.1696 1.68393 -2.81188</i>
                        <i>-0.588463 0.806637 0.0552134 0.134229 0.164808 -0.977149 -0.797304 -0.567605 -0.205258 4.16962 1.68393 -2.8119</i>
                        <i>-0.588417 0.806582 0.0564862 0.126628 0.160925 -0.97881 -0.79858 -0.568796 -0.196827 4.16963 1.68393 -2.81192</i>
                        <i>-0.588131 0.80669 0.0579056 0.125163 0.161519 -0.9789 -0.799022 -0.568474 -0.195963 4.16966 1.68392 -2.81185</i>
                        <i>-0.58739 0.806984 0.0612328 0.123996 0.164506 -0.978551 -0.799749 -0.567198 -0.196692 4.16971 1.68389 -2.81168</i>
                        <i>-0.585848 0.807802 0.0651019 0.124269 0.168924 -0.977764 -0.800837 -0.564731 -0.199348 4.17006 1.68345 -2.81101</i>
                        <i>-0.583366 0.809318 0.0684663 0.126689 0.173935 -0.976574 -0.802268 -0.561026 -0.204 4.17083 1.68238 -2.80963</i>
                        <i>-0.580384 0.811224 0.0712111 0.130636 0.179062 -0.975126 -0.803797 -0.556644 -0.2099 4.17187 1.6809 -2.80782</i>
                        <i>-0.577328 0.813224 0.0732131 0.135478 0.183829 -0.973577 -0.805195 -0.552154 -0.216303 4.173 1.67928 -2.80586</i>
                        <i>-0.574614 0.815042 0.074336 0.140571 0.187765 -0.972103 -0.806262 -0.548135 -0.222463 4.17406 1.67774 -2.80404</i>
                        <i>-0.57265 0.816415 0.0744294 0.145263 0.190404 -0.970899 -0.806828 -0.545173 -0.227629 4.17488 1.67653 -2.80263</i>
                        <i>-0.571835 0.817084 0.0733341 0.1489 0.191281 -0.970175 -0.806743 -0.543861 -0.231045 4.1753 1.6759 -2.80193</i>
                        <i>-0.572574 0.816782 0.0708904 0.150831 0.189935 -0.970141 -0.805859 -0.544785 -0.231949 4.17515 1.67608 -2.80222</i>
                        <i>-0.575284 0.815209 0.0669524 0.150424 0.185899 -0.970986 -0.804003 -0.548521 -0.229572 4.17427 1.67732 -2.8038</i>
                        <i>-0.580406 0.812008 0.0614064 0.147077 0.178697 -0.972849 -0.800935 -0.555616 -0.223145 4.17249 1.67986 -2.80694</i>
                        <i>-0.588421 0.806737 0.0541955 0.140241 0.167841 -0.975788 -0.7963 -0.566573 -0.211899 4.16962 1.68393 -2.81189</i>
                        <i>-0.599702 0.799014 0.0439838 0.129781 0.15135 -0.979924 -0.789629 -0.581954 -0.194461 4.16679 1.68827 -2.81921</i>
                        <i>-0.61418 0.788592 0.0300926 0.116635 0.128421 -0.984837 -0.780499 -0.601358 -0.170851 4.16485 1.69184 -2.82887</i>
                        <i>-0.631647 0.775139 0.0135237 0.101962 0.100354 -0.989714 -0.768522 -0.62377 -0.142423 4.16316 1.69518 -2.84024</i>
                        <i>-0.651772 0.7584 -0.00471764 0.0868875 0.0684891 -0.993861 -0.753421 -0.648181 -0.110535 4.16109 1.69886 -2.85271</i>
                        <i>-0.674077 0.738282 -0.0236498 0.0724104 0.0341826 -0.996789 -0.735103 -0.673625 -0.0765011 4.15805 1.70345 -2.86571</i>
                        <i>-0.697938 0.714905 -0.0423456 0.0593096 -0.00122629 -0.998239 -0.713698 -0.69922 -0.0415448 4.15346 1.70955 -2.87874</i>
                        <i>-0.722621 0.688639 -0.0599609 0.0480748 -0.0364659 -0.998178 -0.689571 -0.724187 -0.00675517 4.14673 1.7178 -2.89134</i>
                        <i>-0.747346 0.660103 -0.0757523 0.0388701 -0.0703795 -0.996763 -0.663297 -0.747871 0.0269396 4.13731 1.72886 -2.90311</i>
                        <i>-0.771347 0.630149 -0.0890834 0.0315341 -0.101961 -0.994288 -0.635633 -0.76975 0.0587764 4.12462 1.74341 -2.91372</i>
                        <i>-0.793931 0.599824 -0.0994187 0.025621 -0.130365 -0.991135 -0.607468 -0.78944 0.0881328 4.10809 1.76216 -2.92285</i>
                        <i>-0.814517 0.570316 -0.106312 0.0204758 -0.154877 -0.987722 -0.579778 -0.806693 0.114472 4.08711 1.78581 -2.93024</i>
                        <i>-0.836353 0.536912 -0.110633 0.0156016 -0.17842 -0.983831 -0.547969 -0.824556 0.140845 4.06155 1.81686 -2.9358</i>
                        <i>-0.860376 0.496981 -0.112972 0.0108417 -0.203765 -0.97896 -0.509544 -0.843499 0.169927 4.03194 1.85605 -2.93989</i>
