<?xml version="1.0" encoding="ISO-8859-1" ?>
<Animl Version="1">
    <ModellingPackage><![CDATA[Maya.2010]]></ModellingPackage>
    <SrcFile><![CDATA[anims\turrets\artillery\red\~src\artillery_d30\artillery_d30_aim_crewman_b.mb]]></SrcFile>
    <FramesPerSecond>30</FramesPerSecond>
    <TotalFrames>61</TotalFrames>
    <Skeleton>
        <RefFrame>
            <Name><![CDATA[soldier_ref_frame]]></Name>
            <Exclude>0</Exclude>
            <Additive>0</Additive>
            <IKPriority>0</IKPriority>
            <IKRotLimits>-1e+010 -1e+010 -1e+010 1e+010 1e+010 1e+010</IKRotLimits>
            <IKRotLimitOrder>0</IKRotLimitOrder>
            <KeyFrames count="61">
                <i>1 0 0 0 1 0 0 0 1 -1.16931 1.35334 -3.24053</i>
                <i>1 0 0 0 1 0 0 0 1 -1.16931 1.35334 -3.24053</i>
                <i>1 0 0 0 1 0 0 0 1 -1.16931 1.35334 -3.24053</i>
                <i>1 0 0 0 1 0 0 0 1 -1.16931 1.35334 -3.24053</i>
                <i>1 0 0 0 1 0 0 0 1 -1.16931 1.35334 -3.24053</i>
                <i>1 0 0 0 1 0 0 0 1 -1.16931 1.35334 -3.24053</i>
                <i>1 0 0 0 1 0 0 0 1 -1.16931 1.35334 -3.24053</i>
                <i>1 0 0 0 1 0 0 0 1 -1.16931 1.35334 -3.24053</i>
                <i>1 0 0 0 1 0 0 0 1 -1.16931 1.35334 -3.24053</i>
                <i>1 0 0 0 1 0 0 0 1 -1.16931 1.35334 -3.24053</i>
                <i>1 0 0 0 1 0 0 0 1 -1.16931 1.35334 -3.24053</i>
                <i>1 0 0 0 1 0 0 0 1 -1.16931 1.35334 -3.24053</i>
                <i>1 0 0 0 1 0 0 0 1 -1.16931 1.35334 -3.24053</i>
                <i>1 0 0 0 1 0 0 0 1 -1.16931 1.35334 -3.24053</i>
                <i>1 0 0 0 1 0 0 0 1 -1.16931 1.35334 -3.24053</i>
                <i>1 0 0 0 1 0 0 0 1 -1.16931 1.35334 -3.24053</i>
                <i>1 0 0 0 1 0 0 0 1 -1.16931 1.35334 -3.24053</i>
                <i>1 0 0 0 1 0 0 0 1 -1.16931 1.35334 -3.24053</i>
                <i>1 0 0 0 1 0 0 0 1 -1.16931 1.35334 -3.24053</i>
                <i>1 0 0 0 1 0 0 0 1 -1.16931 1.35334 -3.24053</i>
                <i>1 0 0 0 1 0 0 0 1 -1.16931 1.35334 -3.24053</i>
                <i>1 0 0 0 1 0 0 0 1 -1.16931 1.35334 -3.24053</i>
                <i>1 0 0 0 1 0 0 0 1 -1.16931 1.35334 -3.24053</i>
                <i>1 0 0 0 1 0 0 0 1 -1.16931 1.35334 -3.24053</i>
                <i>1 0 0 0 1 0 0 0 1 -1.16931 1.35334 -3.24053</i>
                <i>1 0 0 0 1 0 0 0 1 -1.16931 1.35334 -3.24053</i>
                <i>1 0 0 0 1 0 0 0 1 -1.16931 1.35334 -3.24053</i>
                <i>1 0 0 0 1 0 0 0 1 -1.16931 1.35334 -3.24053</i>
                <i>1 0 0 0 1 0 0 0 1 -1.16931 1.35334 -3.24053</i>
                <i>1 0 0 0 1 0 0 0 1 -1.16931 1.35334 -3.24053</i>
                <i>1 0 0 0 1 0 0 0 1 -1.16931 1.35334 -3.24053</i>
                <i>1 0 0 0 1 0 0 0 1 -1.16931 1.35334 -3.24053</i>
                <i>1 0 0 0 1 0 0 0 1 -1.16931 1.35334 -3.24053</i>
                <i>1 0 0 0 1 0 0 0 1 -1.16931 1.35334 -3.24053</i>
                <i>1 0 0 0 1 0 0 0 1 -1.16931 1.35334 -3.24053</i>
                <i>1 0 0 0 1 0 0 0 1 -1.16931 1.35334 -3.24053</i>
                <i>1 0 0 0 1 0 0 0 1 -1.16931 1.35334 -3.24053</i>
                <i>1 0 0 0 1 0 0 0 1 -1.16931 1.35334 -3.24053</i>
                <i>1 0 0 0 1 0 0 0 1 -1.16931 1.35334 -3.24053</i>
                <i>1 0 0 0 1 0 0 0 1 -1.16931 1.35334 -3.24053</i>
                <i>1 0 0 0 1 0 0 0 1 -1.16931 1.35334 -3.24053</i>
                <i>1 0 0 0 1 0 0 0 1 -1.16931 1.35334 -3.24053</i>
                <i>1 0 0 0 1 0 0 0 1 -1.16931 1.35334 -3.24053</i>
                <i>1 0 0 0 1 0 0 0 1 -1.16931 1.35334 -3.24053</i>
                <i>1 0 0 0 1 0 0 0 1 -1.16931 1.35334 -3.24053</i>
                <i>1 0 0 0 1 0 0 0 1 -1.16931 1.35334 -3.24053</i>
                <i>1 0 0 0 1 0 0 0 1 -1.16931 1.35334 -3.24053</i>
                <i>1 0 0 0 1 0 0 0 1 -1.16931 1.35334 -3.24053</i>
                <i>1 0 0 0 1 0 0 0 1 -1.16931 1.35334 -3.24053</i>
                <i>1 0 0 0 1 0 0 0 1 -1.16931 1.35334 -3.24053</i>
                <i>1 0 0 0 1 0 0 0 1 -1.16931 1.35334 -3.24053</i>
                <i>1 0 0 0 1 0 0 0 1 -1.16931 1.35334 -3.24053</i>
                <i>1 0 0 0 1 0 0 0 1 -1.16931 1.35334 -3.24053</i>
                <i>1 0 0 0 1 0 0 0 1 -1.16931 1.35334 -3.24053</i>
                <i>1 0 0 0 1 0 0 0 1 -1.16931 1.35334 -3.24053</i>
                <i>1 0 0 0 1 0 0 0 1 -1.16931 1.35334 -3.24053</i>
                <i>1 0 0 0 1 0 0 0 1 -1.16931 1.35334 -3.24053</i>
                <i>1 0 0 0 1 0 0 0 1 -1.16931 1.35334 -3.24053</i>
                <i>1 0 0 0 1 0 0 0 1 -1.16931 1.35334 -3.24053</i>
                <i>1 0 0 0 1 0 0 0 1 -1.16931 1.35334 -3.24053</i>
                <i>1 0 0 0 1 0 0 0 1 -1.16931 1.35334 -3.24053</i>
            </KeyFrames>
        </RefFrame>
        <Bones count="23">
            <i>
                <p>
                    <Name><![CDATA[pelvis]]></Name>
                    <Exclude>0</Exclude>
                    <Additive>0</Additive>
                    <IKPriority>0</IKPriority>
                    <IKRotLimits>-1e+010 -1e+010 -1e+010 1e+010 1e+010 1e+010</IKRotLimits>
                    <IKRotLimitOrder>2</IKRotLimitOrder>
                    <KeyFrames count="61">
                        <i>1 0 0 0 1 0 0 0 1 -1.27 2.43 -3.24053</i>
                        <i>1 0 0 0 1 0 0 0 1 -1.27 2.43464 -3.24053</i>
                        <i>1 0 0 0 1 0 0 0 1 -1.27 2.43899 -3.24053</i>
                        <i>1 0 0 0 1 0 0 0 1 -1.27 2.44305 -3.24053</i>
                        <i>1 0 0 0 1 0 0 0 1 -1.27 2.44683 -3.24053</i>
                        <i>1 0 0 0 1 0 0 0 1 -1.27 2.45032 -3.24053</i>
                        <i>1 0 0 0 1 0 0 0 1 -1.27 2.45353 -3.24053</i>
                        <i>1 0 0 0 1 0 0 0 1 -1.27 2.45646 -3.24053</i>
                        <i>1 0 0 0 1 0 0 0 1 -1.27 2.45912 -3.24053</i>
                        <i>1 0 0 0 1 0 0 0 1 -1.27 2.46149 -3.24053</i>
                        <i>1 0 0 0 1 0 0 0 1 -1.27 2.4636 -3.24053</i>
                        <i>1 0 0 0 1 0 0 0 1 -1.27 2.46543 -3.24053</i>
                        <i>1 0 0 0 1 0 0 0 1 -1.27 2.46699 -3.24053</i>
                        <i>1 0 0 0 1 0 0 0 1 -1.27 2.46828 -3.24053</i>
                        <i>1 0 0 0 1 0 0 0 1 -1.27 2.46931 -3.24053</i>
                        <i>1 0 0 0 1 0 0 0 1 -1.27 2.47007 -3.24053</i>
                        <i>1 0 0 0 1 0 0 0 1 -1.27 2.47057 -3.24053</i>
                        <i>1 0 0 0 1 0 0 0 1 -1.27 2.47081 -3.24053</i>
                        <i>1 0 0 0 1 0 0 0 1 -1.27 2.4708 -3.24053</i>
                        <i>1 0 0 0 1 0 0 0 1 -1.27 2.47053 -3.24053</i>
                        <i>1 0 0 0 1 0 0 0 1 -1.27 2.47 -3.24053</i>
                        <i>1 0 0 0 1 0 0 0 1 -1.27 2.46913 -3.24053</i>
                        <i>1 0 0 0 1 0 0 0 1 -1.27 2.46785 -3.24053</i>
                        <i>1 0 0 0 1 0 0 0 1 -1.27 2.46619 -3.24053</i>
                        <i>1 0 0 0 1 0 0 0 1 -1.27 2.46419 -3.24053</i>
                        <i>1 0 0 0 1 0 0 0 1 -1.27 2.46188 -3.24053</i>
                        <i>1 0 0 0 1 0 0 0 1 -1.27 2.45929 -3.24053</i>
                        <i>1 0 0 0 1 0 0 0 1 -1.27 2.45645 -3.24053</i>
                        <i>1 0 0 0 1 0 0 0 1 -1.27 2.4534 -3.24053</i>
                        <i>1 0 0 0 1 0 0 0 1 -1.27 2.45017 -3.24053</i>
                        <i>1 0 0 0 1 0 0 0 1 -1.27 2.4468 -3.24053</i>
                        <i>1 0 0 0 1 0 0 0 1 -1.27 2.44331 -3.24053</i>
                        <i>1 0 0 0 1 0 0 0 1 -1.27 2.43974 -3.24053</i>
                        <i>1 0 0 0 1 0 0 0 1 -1.27 2.43613 -3.24053</i>
                        <i>1 0 0 0 1 0 0 0 1 -1.27 2.4325 -3.24053</i>
                        <i>1 0 0 0 1 0 0 0 1 -1.27 2.4289 -3.24053</i>
                        <i>1 0 0 0 1 0 0 0 1 -1.27 2.42534 -3.24053</i>
                        <i>1 0 0 0 1 0 0 0 1 -1.27 2.42188 -3.24053</i>
                        <i>1 0 0 0 1 0 0 0 1 -1.27 2.41853 -3.24053</i>
                        <i>1 0 0 0 1 0 0 0 1 -1.27 2.41533 -3.24053</i>
                        <i>1 0 0 0 1 0 0 0 1 -1.27 2.41232 -3.24053</i>
                        <i>1 0 0 0 1 0 0 0 1 -1.27 2.40953 -3.24053</i>
                        <i>1 0 0 0 1 0 0 0 1 -1.27 2.40699 -3.24053</i>
                        <i>1 0 0 0 1 0 0 0 1 -1.27 2.40473 -3.24053</i>
                        <i>1 0 0 0 1 0 0 0 1 -1.27 2.40279 -3.24053</i>
                        <i>1 0 0 0 1 0 0 0 1 -1.27 2.4012 -3.24053</i>
                        <i>1 0 0 0 1 0 0 0 1 -1.27 2.4 -3.24053</i>
                        <i>1 0 0 0 1 0 0 0 1 -1.27 2.39922 -3.24053</i>
                        <i>1 0 0 0 1 0 0 0 1 -1.27 2.39888 -3.24053</i>
                        <i>1 0 0 0 1 0 0 0 1 -1.27 2.39897 -3.24053</i>
                        <i>1 0 0 0 1 0 0 0 1 -1.27 2.39952 -3.24053</i>
                        <i>1 0 0 0 1 0 0 0 1 -1.27 2.40051 -3.24053</i>
                        <i>1 0 0 0 1 0 0 0 1 -1.27 2.40195 -3.24053</i>
                        <i>1 0 0 0 1 0 0 0 1 -1.27 2.40384 -3.24053</i>
                        <i>1 0 0 0 1 0 0 0 1 -1.27 2.40619 -3.24053</i>
                        <i>1 0 0 0 1 0 0 0 1 -1.27 2.409 -3.24053</i>
                        <i>1 0 0 0 1 0 0 0 1 -1.27 2.41227 -3.24053</i>
                        <i>1 0 0 0 1 0 0 0 1 -1.27 2.416 -3.24053</i>
                        <i>1 0 0 0 1 0 0 0 1 -1.27 2.42019 -3.24053</i>
                        <i>1 0 0 0 1 0 0 0 1 -1.27 2.42486 -3.24053</i>
                        <i>1 0 0 0 1 0 0 0 1 -1.27 2.43 -3.24053</i>
                    </KeyFrames>
                </p>
            </i>
            <i>
                <p>
                    <Name><![CDATA[spine0]]></Name>
                    <Exclude>0</Exclude>
                    <Additive>0</Additive>
                    <IKPriority>0</IKPriority>
                    <IKRotLimits>-1e+010 -1e+010 -1e+010 1e+010 1e+010 1e+010</IKRotLimits>
                    <IKRotLimitOrder>0</IKRotLimitOrder>
                    <KeyFrames count="61">
                        <i>0.0506409 0.998713 -0.00285972 -0.998711 0.0506501 0.00324207 0.00338275 0.00269185 0.999991 -1.25453 2.562 -3.29561</i>
                        <i>0.0506759 0.998709 -0.00360035 -0.998711 0.050686 0.00276132 0.00294024 0.00345578 0.99999 -1.25453 2.56701 -3.29471</i>
                        <i>0.0505806 0.998712 -0.00397812 -0.998717 0.0505899 0.00227462 0.00247294 0.00385797 0.99999 -1.25458 2.5717 -3.29389</i>
                        <i>0.0503721 0.998722 -0.00407381 -0.998729 0.0503797 0.00179191 0.00199485 0.00397836 0.99999 -1.2547 2.57607 -3.29314</i>
                        <i>0.0500675 0.998738 -0.00396551 -0.998745 0.050073 0.00132102 0.00151791 0.0038944 0.999991 -1.25487 2.58013 -3.29247</i>
                        <i>0.0496839 0.998758 -0.00372889 -0.998764 0.0496875 0.000868008 0.00105221 0.00368115 0.999993 -1.25508 2.58388 -3.29188</i>
                        <i>0.0492387 0.998781 -0.00343735 -0.998787 0.0492405 0.000437474 0.000606198 0.00341164 0.999994 -1.25533 2.58732 -3.29135</i>
                        <i>0.0487491 0.998806 -0.00316225 -0.998811 0.0487494 3.28118e-005 0.00018693 0.00315689 0.999995 -1.2556 2.59045 -3.2909</i>
                        <i>0.0482322 0.998832 -0.00297327 -0.998836 0.0482314 -0.000343509 -0.000199703 0.00298637 0.999996 -1.25589 2.59328 -3.29051</i>
                        <i>0.0477056 0.998857 -0.00293875 -0.998861 0.0477038 -0.000689691 -0.000548714 0.0029683 0.999995 -1.25618 2.5958 -3.29019</i>
                        <i>0.0471864 0.998881 -0.0031259 -0.998886 0.0471835 -0.00100438 -0.000855768 0.00316981 0.999995 -1.25648 2.59803 -3.28992</i>
                        <i>0.0466934 0.998903 -0.00363609 -0.998909 0.046689 -0.00128646 -0.00111529 0.00369219 0.999993 -1.25677 2.59997 -3.28972</i>
                        <i>0.0462438 0.99892 -0.00453075 -0.998929 0.0462372 -0.00153482 -0.00132368 0.00459687 0.999989 -1.25704 2.60161 -3.28957</i>
                        <i>0.045853 0.998931 -0.00581672 -0.998947 0.0458435 -0.00174818 -0.00147965 0.00589076 0.999982 -1.25728 2.60296 -3.28948</i>
                        <i>0.0455367 0.998935 -0.00750099 -0.998961 0.0455235 -0.00192494 -0.00158142 0.00758085 0.99997 -1.25748 2.60402 -3.28944</i>
                        <i>0.0453105 0.998927 -0.00959064 -0.998972 0.0452928 -0.00206301 -0.00162641 0.00967426 0.999952 -1.25764 2.6048 -3.28944</i>
                        <i>0.0451901 0.998905 -0.0120927 -0.998977 0.0451672 -0.00215972 -0.00161116 0.012178 0.999925 -1.25775 2.60529 -3.28949</i>
                        <i>0.0451959 0.998863 -0.0151488 -0.998977 0.0451675 -0.00221169 -0.00152494 0.0152333 0.999883 -1.2578 2.6055 -3.28959</i>
                        <i>0.0453433 0.998796 -0.0187454 -0.998971 0.0453097 -0.00221467 -0.00136265 0.0188265 0.999822 -1.25778 2.60543 -3.28972</i>
                        <i>0.0455968 0.998702 -0.0226988 -0.998959 0.0455591 -0.00217552 -0.00113856 0.0227744 0.99974 -1.2577 2.60509 -3.28991</i>
                        <i>0.0459119 0.998582 -0.0269497 -0.998945 0.0458718 -0.00210487 -0.000865659 0.0270179 0.999635 -1.2576 2.60446 -3.29015</i>
                        <i>0.0462819 0.998434 -0.031413 -0.998928 0.0462418 -0.00200319 -0.000547456 0.031472 0.999505 -1.25747 2.60347 -3.29046</i>
                        <i>0.0467003 0.99826 -0.0360037 -0.998909 0.0466632 -0.00187066 -0.000187364 0.0360518 0.99935 -1.25731 2.60204 -3.29082</i>
                        <i>0.0471602 0.99806 -0.0406366 -0.998887 0.0471298 -0.00170738 0.00021112 0.0406719 0.999173 -1.25713 2.60021 -3.29122</i>
                        <i>0.0476551 0.997839 -0.0452264 -0.998864 0.0476354 -0.00151337 0.000644278 0.0452471 0.998976 -1.25693 2.59802 -3.29167</i>
                        <i>0.0481783 0.997602 -0.0496878 -0.998838 0.0481738 -0.00128871 0.00110803 0.0496922 0.998764 -1.25671 2.5955 -3.29216</i>
                        <i>0.048723 0.997355 -0.0539352 -0.998811 0.0487382 -0.00103359 0.00159785 0.0539215 0.998544 -1.25648 2.59268 -3.29268</i>
                        <i>0.0492824 0.997106 -0.0578827 -0.998783 0.0493218 -0.000748392 0.00210865 0.0578492 0.998323 -1.25623 2.5896 -3.29322</i>
                        <i>0.0498498 0.996865 -0.0614441 -0.998753 0.0499174 -0.000433738 0.00263475 0.0613891 0.99811 -1.25598 2.5863 -3.29379</i>
                        <i>0.0504182 0.996641 -0.0645326 -0.998723 0.0505176 -9.05364e-005 0.0031698 0.0644547 0.997916 -1.25571 2.58281 -3.29438</i>
                        <i>0.0509806 0.996446 -0.067061 -0.998693 0.0511144 0.000279984 0.00370677 0.066959 0.997749 -1.25544 2.57916 -3.29498</i>
                        <i>0.0515323 0.996284 -0.0690045 -0.998662 0.0517021 0.000676107 0.00424127 0.0688773 0.997616 -1.25517 2.57539 -3.29559</i>
                        <i>0.0520688 0.996162 -0.0703523 -0.998632 0.0522752 0.00109565 0.00476913 0.0701991 0.997522 -1.25489 2.57153 -3.2962</i>
                        <i>0.0525804 0.996095 -0.0709286 -0.998603 0.0528222 0.00153634 0.00527695 0.0707487 0.99748 -1.25462 2.56763 -3.29681</i>
                        <i>0.05306 0.99609 -0.0706328 -0.998575 0.0533338 0.00199539 0.0057547 0.0704263 0.9975 -1.25435 2.56371 -3.29741</i>
                        <i>0.0535045 0.996145 -0.0695109 -0.998548 0.0538059 0.00246918 0.00619976 0.0692779 0.997578 -1.25408 2.55982 -3.298</i>
                        <i>0.0539113 0.996254 -0.0676098 -0.998524 0.0542345 0.00295358 0.0066093 0.0673507 0.997707 -1.25382 2.55598 -3.29858</i>
                        <i>0.0542697 0.996423 -0.0647735 -0.998502 0.0546069 0.00344466 0.00696941 0.0644895 0.997894 -1.25357 2.55223 -3.29913</i>
                        <i>0.054572 0.996649 -0.0609241 -0.998483 0.0549131 0.00393787 0.0072702 0.0606168 0.998135 -1.25333 2.54861 -3.29966</i>
                        <i>0.0548193 0.996912 -0.0562292 -0.998468 0.0551546 0.00442729 0.00751492 0.0559003 0.998408 -1.25311 2.54515 -3.30017</i>
                        <i>0.0550134 0.997189 -0.0508595 -0.998456 0.0553335 0.00490643 0.00770688 0.0505111 0.998694 -1.2529 2.5419 -3.30063</i>
                        <i>0.0551564 0.997464 -0.0449893 -0.998447 0.0554529 0.00536822 0.00784939 0.0446233 0.998973 -1.25271 2.53888 -3.30106</i>
                        <i>0.0552508 0.997719 -0.038796 -0.998441 0.0555166 0.00580511 0.00794569 0.0384148 0.99923 -1.25253 2.53614 -3.30145</i>
                        <i>0.0552999 0.997942 -0.0324602 -0.998438 0.0555293 0.00620918 0.00799889 0.0320662 0.999454 -1.25237 2.5337 -3.30179</i>
                        <i>0.055307 0.998127 -0.0261656 -0.998437 0.0554966 0.00657221 0.008012 0.0257612 0.999636 -1.25224 2.53161 -3.30207</i>
                        <i>0.0552764 0.998269 -0.020098 -0.998439 0.0554244 0.00688587 0.00798786 0.019686 0.999774 -1.25213 2.52989 -3.3023</i>
                        <i>0.0552123 0.99837 -0.0144451 -0.998443 0.0553196 0.00714184 0.00792929 0.0140283 0.99987 -1.25205 2.5286 -3.30247</i>
                        <i>0.0550603 0.998439 -0.00938287 -0.998452 0.0551298 0.00731506 0.00782091 0.00896558 0.999929 -1.25203 2.52777 -3.30256</i>
                        <i>0.0547856 0.998485 -0.00509181 -0.998469 0.0548224 0.00738745 0.00765541 0.00467929 0.99996 -1.2521 2.52743 -3.30257</i>
                        <i>0.0544163 0.998517 -0.0016052 -0.998491 0.0544267 0.00736404 0.00744049 0.00120205 0.999972 -1.25224 2.52759 -3.30248</i>
                        <i>0.0539778 0.998542 0.00110925 -0.998516 0.0539683 0.00725231 0.00718187 -0.00149907 0.999973 -1.25244 2.52825 -3.30231</i>
                        <i>0.0534977 0.998564 0.0029795 -0.998544 0.0534756 0.00706096 0.00689149 -0.0033529 0.999971 -1.25269 2.52939 -3.30205</i>
                        <i>0.0529974 0.998586 0.00406434 -0.998573 0.0529691 0.00680032 0.00657543 -0.00441894 0.999969 -1.25296 2.53104 -3.3017</i>
                        <i>0.0524965 0.998611 0.00446667 -0.998602 0.052467 0.00648117 0.00623781 -0.00480066 0.999969 -1.25326 2.53318 -3.30126</i>
                        <i>0.0520143 0.998637 0.00429129 -0.998629 0.0519876 0.00611379 0.00588237 -0.00460341 0.999972 -1.25355 2.53581 -3.30073</i>
                        <i>0.0515704 0.998663 0.00364446 -0.998654 0.0515491 0.0057073 0.0055118 -0.00393388 0.999977 -1.25383 2.53894 -3.30011</i>
                        <i>0.0511848 0.998686 0.00263369 -0.998676 0.0511704 0.00526898 0.00512729 -0.00289989 0.999983 -1.25409 2.54256 -3.2994</i>
                        <i>0.0508779 0.998704 0.0013675 -0.998694 0.0508708 0.00480359 0.00472779 -0.00161011 0.999988 -1.2543 2.54668 -3.29859</i>
                        <i>0.0506707 0.998715 -4.44037e-005 -0.998706 0.0506704 0.00431277 0.00430948 -0.000174185 0.999991 -1.25446 2.55129 -3.29769</i>
                        <i>0.0505845 0.998719 -0.00149104 -0.998712 0.0505899 0.00379442 0.00386499 0.00129718 0.999992 -1.25454 2.5564 -3.2967</i>
                        <i>0.0506409 0.998713 -0.00285972 -0.998711 0.0506501 0.00324207 0.00338275 0.00269185 0.999991 -1.25453 2.562 -3.29561</i>
                    </KeyFrames>
                </p>
            </i>
            <i>
                <p>
                    <Name><![CDATA[spine1]]></Name>
                    <Exclude>0</Exclude>
                    <Additive>0</Additive>
                    <IKPriority>0</IKPriority>
                    <IKRotLimits>-1e+010 -1e+010 -1e+010 1e+010 1e+010 1e+010</IKRotLimits>
                    <IKRotLimitOrder>0</IKRotLimitOrder>
                    <KeyFrames count="61">
                        <i>-0.0328617 0.976866 0.211314 -0.999408 -0.0299571 -0.016933 -0.0102109 -0.211746 0.977271 -1.2456 2.73819 -3.29614</i>
                        <i>-0.0329077 0.977214 0.20969 -0.999395 -0.0298128 -0.0179041 -0.0112447 -0.210152 0.977604 -1.24559 2.74309 -3.29537</i>
                        <i>-0.0326171 0.977484 0.208473 -0.999393 -0.0293453 -0.0187688 -0.0122285 -0.208958 0.977848 -1.24567 2.74767 -3.29462</i>
                        <i>-0.0320292 0.977696 0.20757 -0.9994 -0.0285961 -0.0195196 -0.0131485 -0.208071 0.978025 -1.24583 2.75192 -3.29389</i>
                        <i>-0.0311831 0.977868 0.206886 -0.999416 -0.0276062 -0.0201541 -0.0139967 -0.207393 0.978157 -1.24606 2.75586 -3.2932</i>
                        <i>-0.0301184 0.97802 0.206323 -0.999437 -0.0264166 -0.0206738 -0.0147691 -0.206829 0.978266 -1.24635 2.75949 -3.29256</i>
                        <i>-0.0288746 0.978172 0.20578 -0.999463 -0.0250677 -0.0210837 -0.015465 -0.206278 0.978371 -1.24668 2.76281 -3.29198</i>
                        <i>-0.0274917 0.978343 0.205155 -0.999493 -0.0236003 -0.0213912 -0.0160862 -0.205639 0.978496 -1.24704 2.76583 -3.29148</i>
                        <i>-0.0260095 0.978553 0.204345 -0.999523 -0.0220551 -0.0216059 -0.0166357 -0.204809 0.978661 -1.24742 2.76854 -3.29106</i>
                        <i>-0.0244683 0.978822 0.203244 -0.999554 -0.0204727 -0.0217386 -0.0171173 -0.203685 0.978887 -1.24782 2.77096 -3.29072</i>
                        <i>-0.0229087 0.97917 0.201747 -0.999584 -0.0188944 -0.0218012 -0.0175352 -0.202162 0.979195 -1.24821 2.77309 -3.29049</i>
                        <i>-0.0213667 0.979639 0.199626 -0.999612 -0.0173597 -0.0218017 -0.0178923 -0.200014 0.97963 -1.24859 2.77494 -3.29038</i>
                        <i>-0.0198842 0.980244 0.196789 -0.999637 -0.0159106 -0.0217528 -0.018192 -0.19715 0.980205 -1.24894 2.7765 -3.29039</i>
                        <i>-0.0185097 0.980959 0.193333 -0.999659 -0.0145914 -0.0216719 -0.0184382 -0.193668 0.980894 -1.24925 2.77779 -3.29052</i>
                        <i>-0.0172922 0.981756 0.189355 -0.999677 -0.0134467 -0.0215744 -0.0186346 -0.189667 0.981672 -1.24952 2.7788 -3.29077</i>
                        <i>-0.0162802 0.982613 0.184952 -0.999691 -0.0125212 -0.0214741 -0.0187849 -0.185245 0.982513 -1.24972 2.77955 -3.29114</i>
                        <i>-0.0155221 0.983503 0.180224 -0.999701 -0.0118594 -0.021383 -0.0188929 -0.180502 0.983393 -1.24985 2.78004 -3.29163</i>
                        <i>-0.0150544 0.984463 0.174943 -0.999707 -0.0115013 -0.0213063 -0.0189632 -0.175213 0.984348 -1.24989 2.78027 -3.29226</i>
                        <i>-0.0149179 0.98551 0.168958 -0.999708 -0.0114915 -0.0212388 -0.0189895 -0.169226 0.985394 -1.24984 2.78023 -3.29302</i>
                        <i>-0.0150379 0.986587 0.162544 -0.999707 -0.0117513 -0.0211623 -0.0189683 -0.162814 0.986474 -1.24972 2.77992 -3.2939</i>
                        <i>-0.0152985 0.987654 0.155904 -0.999704 -0.0121603 -0.0210632 -0.0189073 -0.15618 0.987548 -1.24956 2.77934 -3.2949</i>
                        <i>-0.015693 0.988688 0.149165 -0.9997 -0.0127085 -0.0209403 -0.0188078 -0.149449 0.988591 -1.24936 2.7784 -3.29599</i>
                        <i>-0.0162142 0.989668 0.142456 -0.999694 -0.0133856 -0.0207921 -0.0186704 -0.142749 0.989583 -1.24912 2.77703 -3.29715</i>
                        <i>-0.0168551 0.990579 0.135902 -0.999687 -0.0141816 -0.0206165 -0.018495 -0.136207 0.990508 -1.24886 2.77526 -3.29838</i>
                        <i>-0.0176083 0.991406 0.129632 -0.999678 -0.0150863 -0.0204119 -0.0182808 -0.129949 0.991352 -1.24857 2.77312 -3.29963</i>
                        <i>-0.0184666 0.992139 0.12377 -0.999667 -0.0160896 -0.0201764 -0.0180264 -0.124102 0.992106 -1.24825 2.77066 -3.30091</i>
                        <i>-0.0194225 0.992771 0.118444 -0.999654 -0.0171819 -0.0199088 -0.0177298 -0.11879 0.992761 -1.24792 2.76791 -3.30218</i>
                        <i>-0.0204687 0.993295 0.113779 -0.999639 -0.0183534 -0.0196078 -0.0173882 -0.114139 0.993313 -1.24757 2.76489 -3.30343</i>
                        <i>-0.0215979 0.993708 0.109898 -0.999622 -0.0195949 -0.019273 -0.0169983 -0.110272 0.993756 -1.24721 2.76166 -3.30463</i>
                        <i>-0.0228027 0.994006 0.106925 -0.999603 -0.0208976 -0.0189043 -0.0165565 -0.107314 0.994087 -1.24684 2.75823 -3.30576</i>
                        <i>-0.0240761 0.994182 0.104984 -0.999581 -0.0222531 -0.0185023 -0.0160585 -0.105386 0.994302 -1.24646 2.75465 -3.30682</i>
                        <i>-0.0254041 0.994255 0.10398 -0.999557 -0.0236507 -0.0180608 -0.0154978 -0.104392 0.994415 -1.24609 2.75096 -3.30778</i>
                        <i>-0.0267712 0.994242 0.103763 -0.999531 -0.0250798 -0.0175716 -0.014868 -0.104185 0.994447 -1.24571 2.74718 -3.30863</i>
                        <i>-0.0281722 0.994133 0.104432 -0.999503 -0.0265361 -0.0170237 -0.0141526 -0.10486 0.994386 -1.24534 2.74335 -3.30935</i>
                        <i>-0.0295992 0.993921 0.106042 -0.999473 -0.0280135 -0.0164124 -0.013342 -0.106472 0.994226 -1.24498 2.7395 -3.3099</i>
                        <i>-0.0310389 0.993604 0.108571 -0.999441 -0.0295006 -0.0157466 -0.0124429 -0.108999 0.993964 -1.24463 2.73568 -3.3103</i>
                        <i>-0.0324785 0.993177 0.111999 -0.999407 -0.0309865 -0.0150369 -0.0114639 -0.112421 0.993595 -1.2443 2.73192 -3.31055</i>
                        <i>-0.0339202 0.992577 0.116794 -0.99937 -0.0324688 -0.0143077 -0.0104093 -0.117206 0.993053 -1.24399 2.72826 -3.31061</i>
                        <i>-0.035361 0.991747 0.123241 -0.999331 -0.0339437 -0.0135813 -0.00928599 -0.123638 0.992284 -1.24369 2.72476 -3.31046</i>
                        <i>-0.0367803 0.990694 0.131043 -0.99929 -0.0353973 -0.0128682 -0.00810992 -0.131423 0.991293 -1.24342 2.72143 -3.31014</i>
                        <i>-0.0381586 0.989429 0.13991 -0.999248 -0.036815 -0.0121799 -0.00690031 -0.14027 0.990089 -1.24317 2.71832 -3.30966</i>
                        <i>-0.0394766 0.987965 0.149555 -0.999204 -0.0381805 -0.0115285 -0.0056797 -0.149891 0.988686 -1.24294 2.71546 -3.30906</i>
                        <i>-0.0407158 0.986327 0.159693 -0.999161 -0.0394763 -0.0109274 -0.00447383 -0.160004 0.987106 -1.24274 2.71287 -3.30835</i>
                        <i>-0.0418582 0.984546 0.170049 -0.999118 -0.0406832 -0.0103901 -0.00331141 -0.170334 0.985381 -1.24257 2.71059 -3.30757</i>
                        <i>-0.0428864 0.982667 0.18035 -0.999077 -0.0417799 -0.00993091 -0.00222379 -0.180609 0.983552 -1.24243 2.70865 -3.30675</i>
                        <i>-0.0437828 0.980744 0.190329 -0.99904 -0.0427436 -0.00956396 -0.00124444 -0.190565 0.981674 -1.24232 2.70707 -3.3059</i>
                        <i>-0.0445305 0.978839 0.199726 -0.999008 -0.0435498 -0.00930317 -0.000408282 -0.199942 0.979808 -1.24224 2.7059 -3.30507</i>
                        <i>-0.0449315 0.977045 0.20824 -0.99899 -0.0439842 -0.00917976 0.000190236 -0.208442 0.978035 -1.24225 2.70517 -3.30427</i>
                        <i>-0.044845 0.975454 0.215588 -0.998994 -0.0438902 -0.00921696 0.000471448 -0.215784 0.976441 -1.24236 2.70491 -3.30351</i>
                        <i>-0.0443422 0.97413 0.221597 -0.999016 -0.0433379 -0.00939461 0.000451981 -0.221796 0.975093 -1.24256 2.7051 -3.30281</i>
                        <i>-0.0434936 0.973129 0.226117 -0.999054 -0.0424026 -0.00968219 0.000165919 -0.226324 0.974052 -1.24284 2.70576 -3.30215</i>
                        <i>-0.0423673 0.972506 0.228991 -0.999102 -0.0411564 -0.0100634 -0.000362268 -0.229211 0.973377 -1.24318 2.70687 -3.30156</i>
                        <i>-0.04104 0.972244 0.230342 -0.999157 -0.0396815 -0.0105292 -0.00109662 -0.23058 0.973053 -1.24355 2.70844 -3.30102</i>
                        <i>-0.0395913 0.972294 0.230382 -0.999214 -0.0380637 -0.011073 -0.001997 -0.23064 0.973037 -1.24394 2.71047 -3.30051</i>
                        <i>-0.038101 0.972605 0.229321 -0.999269 -0.0363896 -0.0116888 -0.00302371 -0.229598 0.973281 -1.24432 2.71298 -3.30001</i>
                        <i>-0.0366496 0.97312 0.227362 -0.99932 -0.0347456 -0.0123722 -0.00413984 -0.227661 0.973732 -1.24469 2.71596 -3.2995</i>
                        <i>-0.0353185 0.973785 0.224712 -0.999362 -0.0332182 -0.0131218 -0.00531334 -0.225032 0.974337 -1.24502 2.71943 -3.29897</i>
                        <i>-0.0341902 0.974544 0.221575 -0.999394 -0.0318925 -0.0139404 -0.00651893 -0.221917 0.975044 -1.2453 2.72338 -3.29839</i>
                        <i>-0.033348 0.975344 0.218158 -0.999414 -0.0308525 -0.0148363 -0.0077398 -0.218524 0.975801 -1.2455 2.72782 -3.29773</i>
                        <i>-0.0328766 0.976134 0.214667 -0.999419 -0.0301806 -0.0158255 -0.00896904 -0.215063 0.976559 -1.24561 2.73276 -3.29699</i>
                        <i>-0.0328617 0.976866 0.211314 -0.999408 -0.0299571 -0.016933 -0.0102109 -0.211746 0.977271 -1.2456 2.73819 -3.29614</i>
                    </KeyFrames>
                </p>
            </i>
            <i>
                <p>
                    <Name><![CDATA[spine2]]></Name>
                    <Exclude>0</Exclude>
                    <Additive>0</Additive>
                    <IKPriority>0</IKPriority>
                    <IKRotLimits>-1e+010 -1e+010 -1e+010 1e+010 1e+010 1e+010</IKRotLimits>
                    <IKRotLimitOrder>0</IKRotLimitOrder>
                    <KeyFrames count="61">
                        <i>-0.02383 0.914846 0.4031 -0.99924 -0.00936055 -0.0378278 -0.0308334 -0.403695 0.914374 -1.25096 2.89677 -3.26175</i>
                        <i>-0.024334 0.910877 0.411961 -0.999216 -0.00928893 -0.038484 -0.0312275 -0.412574 0.910389 -1.25095 2.90162 -3.26126</i>
                        <i>-0.0245532 0.907257 0.419858 -0.999198 -0.00898804 -0.039011 -0.0316193 -0.42048 0.906751 -1.25098 2.90614 -3.26073</i>
                        <i>-0.0245151 0.904011 0.426805 -0.999187 -0.00848996 -0.0394095 -0.0320031 -0.427424 0.903485 -1.25105 2.91032 -3.26017</i>
                        <i>-0.0242482 0.901158 0.432811 -0.999182 -0.00782603 -0.0396843 -0.0323747 -0.433419 0.900611 -1.25114 2.91418 -3.25962</i>
                        <i>-0.0237817 0.898716 0.437886 -0.999181 -0.00702699 -0.0398435 -0.032731 -0.438475 0.898147 -1.25124 2.91773 -3.25909</i>
                        <i>-0.0231457 0.896699 0.442036 -0.999185 -0.00612314 -0.0398978 -0.0330696 -0.442599 0.89611 -1.25137 2.92096 -3.25863</i>
                        <i>-0.0223709 0.895118 0.445267 -0.999192 -0.0051441 -0.0398597 -0.0333887 -0.445799 0.89451 -1.25151 2.9239 -3.25825</i>
                        <i>-0.0214882 0.893984 0.447583 -0.999201 -0.00411929 -0.0397434 -0.0336863 -0.44808 0.893359 -1.25165 2.92654 -3.25798</i>
                        <i>-0.0205293 0.893303 0.448987 -0.999212 -0.00307781 -0.039564 -0.0339607 -0.449445 0.892662 -1.25179 2.92891 -3.25785</i>
                        <i>-0.0195257 0.893077 0.449479 -0.999224 -0.00204857 -0.0393367 -0.03421 -0.449898 0.892424 -1.25193 2.931 -3.25788</i>
                        <i>-0.0185034 0.893385 0.448911 -0.999236 -0.00106245 -0.0390724 -0.0344298 -0.449291 0.892722 -1.25206 2.93284 -3.25813</i>
                        <i>-0.017495 0.894212 0.447301 -0.999247 -0.000147941 -0.0387871 -0.0346177 -0.447643 0.893542 -1.25217 2.93443 -3.25861</i>
                        <i>-0.0165433 0.895428 0.444898 -0.999258 0.000668898 -0.0385031 -0.0347743 -0.445205 0.894753 -1.25226 2.93577 -3.25931</i>
                        <i>-0.0156911 0.8969 0.441955 -0.999268 0.00136139 -0.0382407 -0.0348997 -0.442231 0.896222 -1.25232 2.93688 -3.26021</i>
                        <i>-0.0149815 0.898497 0.438725 -0.999275 0.00190219 -0.0380186 -0.0349941 -0.438976 0.897817 -1.25236 2.93775 -3.2613</i>
                        <i>-0.0144572 0.90009 0.435463 -0.999281 0.00226349 -0.0378543 -0.0350579 -0.435697 0.89941 -1.25237 2.93838 -3.26255</i>
                        <i>-0.0141499 0.901697 0.432138 -0.999284 0.00241412 -0.0377579 -0.0350894 -0.432362 0.901017 -1.25234 2.93879 -3.26402</i>
                        <i>-0.0140771 0.90347 0.42842 -0.999285 0.00231903 -0.0377253 -0.0350772 -0.428645 0.902792 -1.25227 2.93896 -3.26574</i>
                        <i>-0.0141729 0.905459 0.424197 -0.999286 0.00203372 -0.0377282 -0.0350241 -0.424429 0.904784 -1.25217 2.93887 -3.26765</i>
                        <i>-0.0143559 0.907602 0.419586 -0.999286 0.00164252 -0.0377429 -0.0349447 -0.419829 0.90693 -1.25205 2.93853 -3.2697</i>
                        <i>-0.0146212 0.909859 0.414661 -0.999286 0.0011536 -0.0377666 -0.0348406 -0.414917 0.909192 -1.25191 2.93782 -3.27187</i>
                        <i>-0.0149632 0.912191 0.409493 -0.999285 0.000575298 -0.0377963 -0.0347131 -0.409765 0.91153 -1.25176 2.93669 -3.2741</i>
                        <i>-0.0153766 0.914561 0.404156 -0.999284 -8.39268e-005 -0.0378292 -0.0345632 -0.404448 0.913907 -1.2516 2.93516 -3.27637</i>
                        <i>-0.0158557 0.916933 0.398725 -0.999283 -0.000815504 -0.0378621 -0.0343919 -0.39904 0.916289 -1.25143 2.93325 -3.27863</i>
                        <i>-0.0163946 0.919275 0.393275 -0.99928 -0.00161079 -0.0378923 -0.0341999 -0.393613 0.91864 -1.25126 2.93101 -3.28083</i>
                        <i>-0.0169874 0.921553 0.38788 -0.999278 -0.00246102 -0.0379169 -0.0339879 -0.388244 0.92093 -1.25108 2.92845 -3.28295</i>
                        <i>-0.0176281 0.92374 0.382615 -0.999275 -0.00335737 -0.0379336 -0.0337562 -0.383007 0.923129 -1.25091 2.92562 -3.28494</i>
                        <i>-0.0183105 0.925805 0.377557 -0.999271 -0.00429098 -0.03794 -0.033505 -0.377976 0.925209 -1.25073 2.92255 -3.28676</i>
                        <i>-0.0190283 0.927725 0.372779 -0.999266 -0.00525296 -0.0379341 -0.0332342 -0.373228 0.927144 -1.25056 2.91927 -3.28836</i>
                        <i>-0.0197754 0.929474 0.368358 -0.999262 -0.00623443 -0.0379144 -0.0329439 -0.368836 0.92891 -1.25039 2.91582 -3.28972</i>
                        <i>-0.020535 0.931137 0.364091 -0.999256 -0.00722978 -0.0378691 -0.0326291 -0.364598 0.930593 -1.25023 2.91223 -3.29083</i>
                        <i>-0.0212881 0.932822 0.359708 -0.999252 -0.00823437 -0.0377834 -0.0322833 -0.360243 0.9323 -1.25008 2.90854 -3.29171</i>
                        <i>-0.0220162 0.934615 0.354979 -0.999249 -0.00924378 -0.0376369 -0.0318947 -0.355541 0.934116 -1.24994 2.90477 -3.29231</i>
                        <i>-0.022708 0.936542 0.34982 -0.999247 -0.0102518 -0.0374184 -0.0314576 -0.350407 0.936069 -1.24982 2.90095 -3.29259</i>
                        <i>-0.0233651 0.938522 0.344428 -0.999247 -0.0112482 -0.0371364 -0.0309791 -0.345036 0.938078 -1.2497 2.89713 -3.29257</i>
                        <i>-0.0239895 0.940481 0.338998 -0.999248 -0.0122234 -0.0368012 -0.0304672 -0.339626 0.940067 -1.24961 2.89335 -3.29226</i>
                        <i>-0.024598 0.942186 0.334187 -0.999249 -0.0131624 -0.036441 -0.0299355 -0.334832 0.941802 -1.24953 2.88965 -3.29153</i>
                        <i>-0.0252016 0.943476 0.33048 -0.99925 -0.014053 -0.0360807 -0.0293971 -0.331141 0.943123 -1.24947 2.88607 -3.29033</i>
                        <i>-0.0257931 0.944387 0.327823 -0.999251 -0.0148894 -0.035728 -0.02886 -0.328499 0.944063 -1.24943 2.88265 -3.28872</i>
                        <i>-0.026366 0.944947 0.326159 -0.999251 -0.0156656 -0.0353909 -0.0283331 -0.326848 0.944652 -1.2494 2.87942 -3.28679</i>
                        <i>-0.0269136 0.945181 0.325434 -0.99925 -0.0163756 -0.0350778 -0.0278257 -0.326135 0.944914 -1.2494 2.87641 -3.2846</i>
                        <i>-0.0274299 0.945112 0.325592 -0.99925 -0.0170136 -0.034797 -0.0273476 -0.326302 0.94487 -1.2494 2.87365 -3.28222</i>
                        <i>-0.0279088 0.944758 0.326577 -0.999248 -0.017573 -0.0345572 -0.0269092 -0.327296 0.944539 -1.24942 2.87118 -3.27973</i>
                        <i>-0.0283445 0.944136 0.328335 -0.999246 -0.0180476 -0.0343666 -0.0265211 -0.329062 0.943936 -1.24945 2.86903 -3.27721</i>
                        <i>-0.0287312 0.943259 0.330814 -0.999244 -0.0184304 -0.0342335 -0.026194 -0.331547 0.943075 -1.24949 2.86724 -3.27471</i>
                        <i>-0.0290635 0.942139 0.333959 -0.999241 -0.0187144 -0.0341654 -0.0259387 -0.334699 0.941968 -1.24954 2.86584 -3.27232</i>
                        <i>-0.029214 0.940801 0.337698 -0.99924 -0.0187671 -0.0341596 -0.0257997 -0.338439 0.940634 -1.24961 2.8649 -3.27011</i>
                        <i>-0.0290949 0.939262 0.341965 -0.999243 -0.0184961 -0.0342148 -0.0258116 -0.342702 0.93909 -1.24971 2.86442 -3.26814</i>
                        <i>-0.0287473 0.93763 0.346444 -0.99925 -0.0179577 -0.0343147 -0.0259532 -0.347171 0.937443 -1.24984 2.86443 -3.26645</i>
                        <i>-0.0282066 0.936058 0.350714 -0.999259 -0.0172101 -0.0344329 -0.0261954 -0.351425 0.935849 -1.24998 2.86491 -3.26505</i>
                        <i>-0.0275176 0.934604 0.354623 -0.999269 -0.0163067 -0.0345639 -0.0265208 -0.355315 0.93437 -1.25012 2.86588 -3.264</i>
                        <i>-0.0267328 0.933228 0.358289 -0.99928 -0.0152978 -0.034713 -0.0269141 -0.358959 0.932965 -1.25028 2.86734 -3.26325</i>
                        <i>-0.0259078 0.93185 0.361917 -0.99929 -0.0142324 -0.0348892 -0.0273605 -0.362564 0.931557 -1.25042 2.86929 -3.26276</i>
                        <i>-0.0250984 0.930391 0.36571 -0.999297 -0.0131599 -0.0351012 -0.0278451 -0.366334 0.930067 -1.25056 2.87173 -3.26247</i>
                        <i>-0.0243611 0.928765 0.369868 -0.999301 -0.01213 -0.0353589 -0.0283536 -0.370471 0.928411 -1.25069 2.87466 -3.26231</i>
                        <i>-0.0237538 0.926886 0.374591 -0.999301 -0.0111926 -0.0356733 -0.0288725 -0.375177 0.926503 -1.2508 2.87809 -3.26225</i>
                        <i>-0.0233355 0.924659 0.38008 -0.999296 -0.0103975 -0.036058 -0.0293895 -0.380654 0.92425 -1.25089 2.88202 -3.26221</i>
                        <i>-0.0231671 0.921985 0.386532 -0.999285 -0.00979469 -0.0365298 -0.029894 -0.387102 0.921552 -1.25095 2.88644 -3.26216</i>
                        <i>-0.0233106 0.918754 0.394141 -0.999267 -0.0094331 -0.0371105 -0.0303774 -0.394717 0.9183 -1.25097 2.89135 -3.26202</i>
                        <i>-0.02383 0.914846 0.4031 -0.99924 -0.00936055 -0.0378278 -0.0308334 -0.403695 0.914374 -1.25096 2.89677 -3.26175</i>
                    </KeyFrames>
                </p>
            </i>
            <i>
                <p>
                    <Name><![CDATA[head]]></Name>
                    <Exclude>0</Exclude>
                    <Additive>0</Additive>
                    <IKPriority>0</IKPriority>
                    <IKRotLimits>-1e+010 -1e+010 -1e+010 1e+010 1e+010 1e+010</IKRotLimits>
                    <IKRotLimitOrder>0</IKRotLimitOrder>
                    <KeyFrames count="61">
                        <i>0.0318031 0.989167 0.143308 -0.0150024 0.143837 -0.989488 -0.999382 0.0293188 0.0194143 -1.25192 3.13961 -3.16642</i>
                        <i>0.0313509 0.985098 0.169112 -0.0143143 0.16962 -0.985406 -0.999406 0.0284727 0.0194187 -1.25207 3.14312 -3.16275</i>
                        <i>0.0309489 0.980798 0.192555 -0.0136992 0.193045 -0.981094 -0.999427 0.027726 0.0194107 -1.2522 3.1464 -3.15941</i>
                        <i>0.030598 0.976417 0.213714 -0.0131509 0.214189 -0.976704 -0.999445 0.0270746 0.0193945 -1.25232 3.14946 -3.15641</i>
                        <i>0.0302984 0.972083 0.232671 -0.0126637 0.233133 -0.972362 -0.999461 0.0265145 0.0193737 -1.25243 3.15231 -3.15377</i>
                        <i>0.0300497 0.967907 0.249507 -0.0122328 0.249958 -0.96818 -0.999474 0.0260413 0.0193513 -1.25252 3.15497 -3.15149</i>
                        <i>0.0298511 0.963977 0.264305 -0.0118535 0.264745 -0.964245 -0.999484 0.0256509 0.0193294 -1.2526 3.15746 -3.1496</i>
                        <i>0.0297013 0.960369 0.277144 -0.0115219 0.277577 -0.960634 -0.999493 0.0253388 0.0193097 -1.25266 3.15978 -3.1481</i>
                        <i>0.0295985 0.957141 0.288106 -0.0112347 0.288532 -0.957404 -0.999499 0.025101 0.0192933 -1.25271 3.16195 -3.147</i>
                        <i>0.0295407 0.954338 0.297266 -0.010989 0.297687 -0.9546 -0.999503 0.024933 0.0192811 -1.25274 3.16398 -3.14632</i>
