<?xml version="1.0" encoding="ISO-8859-1" ?>
<Animl Version="1">
    <ModellingPackage><![CDATA[Maya.2010]]></ModellingPackage>
    <SrcFile><![CDATA[anims\turrets\artillery\red\~src\artillery_2a36\artillery_2a36_idle_crewman_c.mb]]></SrcFile>
    <FramesPerSecond>30</FramesPerSecond>
    <TotalFrames>193</TotalFrames>
    <Skeleton>
        <RefFrame>
            <Name><![CDATA[soldier_ref_frame]]></Name>
            <Exclude>0</Exclude>
            <Additive>0</Additive>
            <IKPriority>0</IKPriority>
            <IKRotLimits>-1e+010 -1e+010 -1e+010 1e+010 1e+010 1e+010</IKRotLimits>
            <IKRotLimitOrder>0</IKRotLimitOrder>
            <KeyFrames count="193">
                <i>1 0 0 0 1 0 0 0 1 -1.27535 1.33674 -2.39289</i>
                <i>1 0 0 0 1 0 0 0 1 -1.27535 1.33674 -2.39289</i>
                <i>1 0 0 0 1 0 0 0 1 -1.27535 1.33674 -2.39289</i>
                <i>1 0 0 0 1 0 0 0 1 -1.27535 1.33674 -2.39289</i>
                <i>1 0 0 0 1 0 0 0 1 -1.27535 1.33674 -2.39289</i>
                <i>1 0 0 0 1 0 0 0 1 -1.27535 1.33674 -2.39289</i>
                <i>1 0 0 0 1 0 0 0 1 -1.27535 1.33674 -2.39289</i>
                <i>1 0 0 0 1 0 0 0 1 -1.27535 1.33674 -2.39289</i>
                <i>1 0 0 0 1 0 0 0 1 -1.27535 1.33674 -2.39289</i>
                <i>1 0 0 0 1 0 0 0 1 -1.27535 1.33674 -2.39289</i>
                <i>1 0 0 0 1 0 0 0 1 -1.27535 1.33674 -2.39289</i>
                <i>1 0 0 0 1 0 0 0 1 -1.27535 1.33674 -2.39289</i>
                <i>1 0 0 0 1 0 0 0 1 -1.27535 1.33674 -2.39289</i>
                <i>1 0 0 0 1 0 0 0 1 -1.27535 1.33674 -2.39289</i>
                <i>1 0 0 0 1 0 0 0 1 -1.27535 1.33674 -2.39289</i>
                <i>1 0 0 0 1 0 0 0 1 -1.27535 1.33674 -2.39289</i>
                <i>1 0 0 0 1 0 0 0 1 -1.27535 1.33674 -2.39289</i>
                <i>1 0 0 0 1 0 0 0 1 -1.27535 1.33674 -2.39289</i>
                <i>1 0 0 0 1 0 0 0 1 -1.27535 1.33674 -2.39289</i>
                <i>1 0 0 0 1 0 0 0 1 -1.27535 1.33674 -2.39289</i>
                <i>1 0 0 0 1 0 0 0 1 -1.27535 1.33674 -2.39289</i>
                <i>1 0 0 0 1 0 0 0 1 -1.27535 1.33674 -2.39289</i>
                <i>1 0 0 0 1 0 0 0 1 -1.27535 1.33674 -2.39289</i>
                <i>1 0 0 0 1 0 0 0 1 -1.27535 1.33674 -2.39289</i>
                <i>1 0 0 0 1 0 0 0 1 -1.27535 1.33674 -2.39289</i>
                <i>1 0 0 0 1 0 0 0 1 -1.27535 1.33674 -2.39289</i>
                <i>1 0 0 0 1 0 0 0 1 -1.27535 1.33674 -2.39289</i>
                <i>1 0 0 0 1 0 0 0 1 -1.27535 1.33674 -2.39289</i>
                <i>1 0 0 0 1 0 0 0 1 -1.27535 1.33674 -2.39289</i>
                <i>1 0 0 0 1 0 0 0 1 -1.27535 1.33674 -2.39289</i>
                <i>1 0 0 0 1 0 0 0 1 -1.27535 1.33674 -2.39289</i>
                <i>1 0 0 0 1 0 0 0 1 -1.27535 1.33674 -2.39289</i>
                <i>1 0 0 0 1 0 0 0 1 -1.27535 1.33674 -2.39289</i>
                <i>1 0 0 0 1 0 0 0 1 -1.27535 1.33674 -2.39289</i>
                <i>1 0 0 0 1 0 0 0 1 -1.27535 1.33674 -2.39289</i>
                <i>1 0 0 0 1 0 0 0 1 -1.27535 1.33674 -2.39289</i>
                <i>1 0 0 0 1 0 0 0 1 -1.27535 1.33674 -2.39289</i>
                <i>1 0 0 0 1 0 0 0 1 -1.27535 1.33674 -2.39289</i>
                <i>1 0 0 0 1 0 0 0 1 -1.27535 1.33674 -2.39289</i>
                <i>1 0 0 0 1 0 0 0 1 -1.27535 1.33674 -2.39289</i>
                <i>1 0 0 0 1 0 0 0 1 -1.27535 1.33674 -2.39289</i>
                <i>1 0 0 0 1 0 0 0 1 -1.27535 1.33674 -2.39289</i>
                <i>1 0 0 0 1 0 0 0 1 -1.27535 1.33674 -2.39289</i>
                <i>1 0 0 0 1 0 0 0 1 -1.27535 1.33674 -2.39289</i>
                <i>1 0 0 0 1 0 0 0 1 -1.27535 1.33674 -2.39289</i>
                <i>1 0 0 0 1 0 0 0 1 -1.27535 1.33674 -2.39289</i>
                <i>1 0 0 0 1 0 0 0 1 -1.27535 1.33674 -2.39289</i>
                <i>1 0 0 0 1 0 0 0 1 -1.27535 1.33674 -2.39289</i>
                <i>1 0 0 0 1 0 0 0 1 -1.27535 1.33674 -2.39289</i>
                <i>1 0 0 0 1 0 0 0 1 -1.27535 1.33674 -2.39289</i>
                <i>1 0 0 0 1 0 0 0 1 -1.27535 1.33674 -2.39289</i>
                <i>1 0 0 0 1 0 0 0 1 -1.27535 1.33674 -2.39289</i>
                <i>1 0 0 0 1 0 0 0 1 -1.27535 1.33674 -2.39289</i>
                <i>1 0 0 0 1 0 0 0 1 -1.27535 1.33674 -2.39289</i>
                <i>1 0 0 0 1 0 0 0 1 -1.27535 1.33674 -2.39289</i>
                <i>1 0 0 0 1 0 0 0 1 -1.27535 1.33674 -2.39289</i>
                <i>1 0 0 0 1 0 0 0 1 -1.27535 1.33674 -2.39289</i>
                <i>1 0 0 0 1 0 0 0 1 -1.27535 1.33674 -2.39289</i>
                <i>1 0 0 0 1 0 0 0 1 -1.27535 1.33674 -2.39289</i>
                <i>1 0 0 0 1 0 0 0 1 -1.27535 1.33674 -2.39289</i>
                <i>1 0 0 0 1 0 0 0 1 -1.27535 1.33674 -2.39289</i>
                <i>1 0 0 0 1 0 0 0 1 -1.27535 1.33674 -2.39289</i>
                <i>1 0 0 0 1 0 0 0 1 -1.27535 1.33674 -2.39289</i>
                <i>1 0 0 0 1 0 0 0 1 -1.27535 1.33674 -2.39289</i>
                <i>1 0 0 0 1 0 0 0 1 -1.27535 1.33674 -2.39289</i>
                <i>1 0 0 0 1 0 0 0 1 -1.27535 1.33674 -2.39289</i>
                <i>1 0 0 0 1 0 0 0 1 -1.27535 1.33674 -2.39289</i>
                <i>1 0 0 0 1 0 0 0 1 -1.27535 1.33674 -2.39289</i>
                <i>1 0 0 0 1 0 0 0 1 -1.27535 1.33674 -2.39289</i>
                <i>1 0 0 0 1 0 0 0 1 -1.27535 1.33674 -2.39289</i>
                <i>1 0 0 0 1 0 0 0 1 -1.27535 1.33674 -2.39289</i>
                <i>1 0 0 0 1 0 0 0 1 -1.27535 1.33674 -2.39289</i>
                <i>1 0 0 0 1 0 0 0 1 -1.27535 1.33674 -2.39289</i>
                <i>1 0 0 0 1 0 0 0 1 -1.27535 1.33674 -2.39289</i>
                <i>1 0 0 0 1 0 0 0 1 -1.27535 1.33674 -2.39289</i>
                <i>1 0 0 0 1 0 0 0 1 -1.27535 1.33674 -2.39289</i>
                <i>1 0 0 0 1 0 0 0 1 -1.27535 1.33674 -2.39289</i>
                <i>1 0 0 0 1 0 0 0 1 -1.27535 1.33674 -2.39289</i>
                <i>1 0 0 0 1 0 0 0 1 -1.27535 1.33674 -2.39289</i>
                <i>1 0 0 0 1 0 0 0 1 -1.27535 1.33674 -2.39289</i>
                <i>1 0 0 0 1 0 0 0 1 -1.27535 1.33674 -2.39289</i>
                <i>1 0 0 0 1 0 0 0 1 -1.27535 1.33674 -2.39289</i>
                <i>1 0 0 0 1 0 0 0 1 -1.27535 1.33674 -2.39289</i>
                <i>1 0 0 0 1 0 0 0 1 -1.27535 1.33674 -2.39289</i>
                <i>1 0 0 0 1 0 0 0 1 -1.27535 1.33674 -2.39289</i>
                <i>1 0 0 0 1 0 0 0 1 -1.27535 1.33674 -2.39289</i>
                <i>1 0 0 0 1 0 0 0 1 -1.27535 1.33674 -2.39289</i>
                <i>1 0 0 0 1 0 0 0 1 -1.27535 1.33674 -2.39289</i>
                <i>1 0 0 0 1 0 0 0 1 -1.27535 1.33674 -2.39289</i>
                <i>1 0 0 0 1 0 0 0 1 -1.27535 1.33674 -2.39289</i>
                <i>1 0 0 0 1 0 0 0 1 -1.27535 1.33674 -2.39289</i>
                <i>1 0 0 0 1 0 0 0 1 -1.27535 1.33674 -2.39289</i>
                <i>1 0 0 0 1 0 0 0 1 -1.27535 1.33674 -2.39289</i>
                <i>1 0 0 0 1 0 0 0 1 -1.27535 1.33674 -2.39289</i>
                <i>1 0 0 0 1 0 0 0 1 -1.27535 1.33674 -2.39289</i>
                <i>1 0 0 0 1 0 0 0 1 -1.27535 1.33674 -2.39289</i>
                <i>1 0 0 0 1 0 0 0 1 -1.27535 1.33674 -2.39289</i>
                <i>1 0 0 0 1 0 0 0 1 -1.27535 1.33674 -2.39289</i>
                <i>1 0 0 0 1 0 0 0 1 -1.27535 1.33674 -2.39289</i>
                <i>1 0 0 0 1 0 0 0 1 -1.27535 1.33674 -2.39289</i>
                <i>1 0 0 0 1 0 0 0 1 -1.27535 1.33674 -2.39289</i>
                <i>1 0 0 0 1 0 0 0 1 -1.27535 1.33674 -2.39289</i>
                <i>1 0 0 0 1 0 0 0 1 -1.27535 1.33674 -2.39289</i>
                <i>1 0 0 0 1 0 0 0 1 -1.27535 1.33674 -2.39289</i>
                <i>1 0 0 0 1 0 0 0 1 -1.27535 1.33674 -2.39289</i>
                <i>1 0 0 0 1 0 0 0 1 -1.27535 1.33674 -2.39289</i>
                <i>1 0 0 0 1 0 0 0 1 -1.27535 1.33674 -2.39289</i>
                <i>1 0 0 0 1 0 0 0 1 -1.27535 1.33674 -2.39289</i>
                <i>1 0 0 0 1 0 0 0 1 -1.27535 1.33674 -2.39289</i>
                <i>1 0 0 0 1 0 0 0 1 -1.27535 1.33674 -2.39289</i>
                <i>1 0 0 0 1 0 0 0 1 -1.27535 1.33674 -2.39289</i>
                <i>1 0 0 0 1 0 0 0 1 -1.27535 1.33674 -2.39289</i>
                <i>1 0 0 0 1 0 0 0 1 -1.27535 1.33674 -2.39289</i>
                <i>1 0 0 0 1 0 0 0 1 -1.27535 1.33674 -2.39289</i>
                <i>1 0 0 0 1 0 0 0 1 -1.27535 1.33674 -2.39289</i>
                <i>1 0 0 0 1 0 0 0 1 -1.27535 1.33674 -2.39289</i>
                <i>1 0 0 0 1 0 0 0 1 -1.27535 1.33674 -2.39289</i>
                <i>1 0 0 0 1 0 0 0 1 -1.27535 1.33674 -2.39289</i>
                <i>1 0 0 0 1 0 0 0 1 -1.27535 1.33674 -2.39289</i>
                <i>1 0 0 0 1 0 0 0 1 -1.27535 1.33674 -2.39289</i>
                <i>1 0 0 0 1 0 0 0 1 -1.27535 1.33674 -2.39289</i>
                <i>1 0 0 0 1 0 0 0 1 -1.27535 1.33674 -2.39289</i>
                <i>1 0 0 0 1 0 0 0 1 -1.27535 1.33674 -2.39289</i>
                <i>1 0 0 0 1 0 0 0 1 -1.27535 1.33674 -2.39289</i>
                <i>1 0 0 0 1 0 0 0 1 -1.27535 1.33674 -2.39289</i>
                <i>1 0 0 0 1 0 0 0 1 -1.27535 1.33674 -2.39289</i>
                <i>1 0 0 0 1 0 0 0 1 -1.27535 1.33674 -2.39289</i>
                <i>1 0 0 0 1 0 0 0 1 -1.27535 1.33674 -2.39289</i>
                <i>1 0 0 0 1 0 0 0 1 -1.27535 1.33674 -2.39289</i>
                <i>1 0 0 0 1 0 0 0 1 -1.27535 1.33674 -2.39289</i>
                <i>1 0 0 0 1 0 0 0 1 -1.27535 1.33674 -2.39289</i>
                <i>1 0 0 0 1 0 0 0 1 -1.27535 1.33674 -2.39289</i>
                <i>1 0 0 0 1 0 0 0 1 -1.27535 1.33674 -2.39289</i>
                <i>1 0 0 0 1 0 0 0 1 -1.27535 1.33674 -2.39289</i>
                <i>1 0 0 0 1 0 0 0 1 -1.27535 1.33674 -2.39289</i>
                <i>1 0 0 0 1 0 0 0 1 -1.27535 1.33674 -2.39289</i>
                <i>1 0 0 0 1 0 0 0 1 -1.27535 1.33674 -2.39289</i>
                <i>1 0 0 0 1 0 0 0 1 -1.27535 1.33674 -2.39289</i>
                <i>1 0 0 0 1 0 0 0 1 -1.27535 1.33674 -2.39289</i>
                <i>1 0 0 0 1 0 0 0 1 -1.27535 1.33674 -2.39289</i>
                <i>1 0 0 0 1 0 0 0 1 -1.27535 1.33674 -2.39289</i>
                <i>1 0 0 0 1 0 0 0 1 -1.27535 1.33674 -2.39289</i>
                <i>1 0 0 0 1 0 0 0 1 -1.27535 1.33674 -2.39289</i>
                <i>1 0 0 0 1 0 0 0 1 -1.27535 1.33674 -2.39289</i>
                <i>1 0 0 0 1 0 0 0 1 -1.27535 1.33674 -2.39289</i>
                <i>1 0 0 0 1 0 0 0 1 -1.27535 1.33674 -2.39289</i>
                <i>1 0 0 0 1 0 0 0 1 -1.27535 1.33674 -2.39289</i>
                <i>1 0 0 0 1 0 0 0 1 -1.27535 1.33674 -2.39289</i>
                <i>1 0 0 0 1 0 0 0 1 -1.27535 1.33674 -2.39289</i>
                <i>1 0 0 0 1 0 0 0 1 -1.27535 1.33674 -2.39289</i>
                <i>1 0 0 0 1 0 0 0 1 -1.27535 1.33674 -2.39289</i>
                <i>1 0 0 0 1 0 0 0 1 -1.27535 1.33674 -2.39289</i>
                <i>1 0 0 0 1 0 0 0 1 -1.27535 1.33674 -2.39289</i>
                <i>1 0 0 0 1 0 0 0 1 -1.27535 1.33674 -2.39289</i>
                <i>1 0 0 0 1 0 0 0 1 -1.27535 1.33674 -2.39289</i>
                <i>1 0 0 0 1 0 0 0 1 -1.27535 1.33674 -2.39289</i>
                <i>1 0 0 0 1 0 0 0 1 -1.27535 1.33674 -2.39289</i>
                <i>1 0 0 0 1 0 0 0 1 -1.27535 1.33674 -2.39289</i>
                <i>1 0 0 0 1 0 0 0 1 -1.27535 1.33674 -2.39289</i>
                <i>1 0 0 0 1 0 0 0 1 -1.27535 1.33674 -2.39289</i>
                <i>1 0 0 0 1 0 0 0 1 -1.27535 1.33674 -2.39289</i>
                <i>1 0 0 0 1 0 0 0 1 -1.27535 1.33674 -2.39289</i>
                <i>1 0 0 0 1 0 0 0 1 -1.27535 1.33674 -2.39289</i>
                <i>1 0 0 0 1 0 0 0 1 -1.27535 1.33674 -2.39289</i>
                <i>1 0 0 0 1 0 0 0 1 -1.27535 1.33674 -2.39289</i>
                <i>1 0 0 0 1 0 0 0 1 -1.27535 1.33674 -2.39289</i>
                <i>1 0 0 0 1 0 0 0 1 -1.27535 1.33674 -2.39289</i>
                <i>1 0 0 0 1 0 0 0 1 -1.27535 1.33674 -2.39289</i>
                <i>1 0 0 0 1 0 0 0 1 -1.27535 1.33674 -2.39289</i>
                <i>1 0 0 0 1 0 0 0 1 -1.27535 1.33674 -2.39289</i>
                <i>1 0 0 0 1 0 0 0 1 -1.27535 1.33674 -2.39289</i>
                <i>1 0 0 0 1 0 0 0 1 -1.27535 1.33674 -2.39289</i>
                <i>1 0 0 0 1 0 0 0 1 -1.27535 1.33674 -2.39289</i>
                <i>1 0 0 0 1 0 0 0 1 -1.27535 1.33674 -2.39289</i>
                <i>1 0 0 0 1 0 0 0 1 -1.27535 1.33674 -2.39289</i>
                <i>1 0 0 0 1 0 0 0 1 -1.27535 1.33674 -2.39289</i>
                <i>1 0 0 0 1 0 0 0 1 -1.27535 1.33674 -2.39289</i>
                <i>1 0 0 0 1 0 0 0 1 -1.27535 1.33674 -2.39289</i>
                <i>1 0 0 0 1 0 0 0 1 -1.27535 1.33674 -2.39289</i>
                <i>1 0 0 0 1 0 0 0 1 -1.27535 1.33674 -2.39289</i>
                <i>1 0 0 0 1 0 0 0 1 -1.27535 1.33674 -2.39289</i>
                <i>1 0 0 0 1 0 0 0 1 -1.27535 1.33674 -2.39289</i>
                <i>1 0 0 0 1 0 0 0 1 -1.27535 1.33674 -2.39289</i>
                <i>1 0 0 0 1 0 0 0 1 -1.27535 1.33674 -2.39289</i>
                <i>1 0 0 0 1 0 0 0 1 -1.27535 1.33674 -2.39289</i>
                <i>1 0 0 0 1 0 0 0 1 -1.27535 1.33674 -2.39289</i>
                <i>1 0 0 0 1 0 0 0 1 -1.27535 1.33674 -2.39289</i>
                <i>1 0 0 0 1 0 0 0 1 -1.27535 1.33674 -2.39289</i>
                <i>1 0 0 0 1 0 0 0 1 -1.27535 1.33674 -2.39289</i>
                <i>1 0 0 0 1 0 0 0 1 -1.27535 1.33674 -2.39289</i>
                <i>1 0 0 0 1 0 0 0 1 -1.27535 1.33674 -2.39289</i>
                <i>1 0 0 0 1 0 0 0 1 -1.27535 1.33674 -2.39289</i>
                <i>1 0 0 0 1 0 0 0 1 -1.27535 1.33674 -2.39289</i>
            </KeyFrames>
        </RefFrame>
        <Bones count="23">
            <i>
                <p>
                    <Name><![CDATA[pelvis]]></Name>
                    <Exclude>0</Exclude>
                    <Additive>0</Additive>
                    <IKPriority>0</IKPriority>
                    <IKRotLimits>-1e+010 -1e+010 -1e+010 1e+010 1e+010 1e+010</IKRotLimits>
                    <IKRotLimitOrder>2</IKRotLimitOrder>
                    <KeyFrames count="193">
                        <i>1 0 0 0 1 0 0 0 1 -1.22005 1.94396 -2.18581</i>
                        <i>1 0 0 0 1 0 0 0 1 -1.22005 1.94387 -2.18581</i>
                        <i>1 0 0 0 1 0 0 0 1 -1.22005 1.94362 -2.18581</i>
                        <i>1 0 0 0 1 0 0 0 1 -1.22005 1.94323 -2.18581</i>
                        <i>1 0 0 0 1 0 0 0 1 -1.22005 1.94269 -2.18581</i>
                        <i>1 0 0 0 1 0 0 0 1 -1.22005 1.94204 -2.18581</i>
                        <i>1 0 0 0 1 0 0 0 1 -1.22005 1.94128 -2.18581</i>
                        <i>1 0 0 0 1 0 0 0 1 -1.22005 1.94043 -2.18581</i>
                        <i>1 0 0 0 1 0 0 0 1 -1.22005 1.9395 -2.18581</i>
                        <i>1 0 0 0 1 0 0 0 1 -1.22005 1.93851 -2.18581</i>
                        <i>1 0 0 0 1 0 0 0 1 -1.22005 1.93746 -2.18581</i>
                        <i>1 0 0 0 1 0 0 0 1 -1.22005 1.93638 -2.18581</i>
                        <i>1 0 0 0 1 0 0 0 1 -1.22005 1.93528 -2.18581</i>
                        <i>1 0 0 0 1 0 0 0 1 -1.22005 1.93417 -2.18581</i>
                        <i>1 0 0 0 1 0 0 0 1 -1.22005 1.93306 -2.18581</i>
                        <i>1 0 0 0 1 0 0 0 1 -1.22005 1.93198 -2.18581</i>
                        <i>1 0 0 0 1 0 0 0 1 -1.22005 1.93093 -2.18581</i>
                        <i>1 0 0 0 1 0 0 0 1 -1.22005 1.92993 -2.18581</i>
                        <i>1 0 0 0 1 0 0 0 1 -1.22005 1.92899 -2.18581</i>
                        <i>1 0 0 0 1 0 0 0 1 -1.22005 1.92812 -2.18581</i>
                        <i>1 0 0 0 1 0 0 0 1 -1.22005 1.92735 -2.18581</i>
                        <i>1 0 0 0 1 0 0 0 1 -1.22005 1.92662 -2.18581</i>
                        <i>1 0 0 0 1 0 0 0 1 -1.22005 1.92588 -2.18581</i>
                        <i>1 0 0 0 1 0 0 0 1 -1.22005 1.92514 -2.18581</i>
                        <i>1 0 0 0 1 0 0 0 1 -1.22005 1.92438 -2.18581</i>
                        <i>1 0 0 0 1 0 0 0 1 -1.22005 1.92362 -2.18581</i>
                        <i>1 0 0 0 1 0 0 0 1 -1.22005 1.92285 -2.18581</i>
                        <i>1 0 0 0 1 0 0 0 1 -1.22005 1.92208 -2.18581</i>
                        <i>1 0 0 0 1 0 0 0 1 -1.22005 1.92131 -2.18581</i>
                        <i>1 0 0 0 1 0 0 0 1 -1.22005 1.92053 -2.18581</i>
                        <i>1 0 0 0 1 0 0 0 1 -1.22005 1.91975 -2.18581</i>
                        <i>1 0 0 0 1 0 0 0 1 -1.22005 1.91897 -2.18581</i>
                        <i>1 0 0 0 1 0 0 0 1 -1.22005 1.91819 -2.18581</i>
                        <i>1 0 0 0 1 0 0 0 1 -1.22005 1.91741 -2.18581</i>
                        <i>1 0 0 0 1 0 0 0 1 -1.22005 1.91663 -2.18581</i>
                        <i>1 0 0 0 1 0 0 0 1 -1.22005 1.91586 -2.18581</i>
                        <i>1 0 0 0 1 0 0 0 1 -1.22005 1.91509 -2.18581</i>
                        <i>1 0 0 0 1 0 0 0 1 -1.22005 1.91432 -2.18581</i>
                        <i>1 0 0 0 1 0 0 0 1 -1.22005 1.91356 -2.18581</i>
                        <i>1 0 0 0 1 0 0 0 1 -1.22005 1.91281 -2.18581</i>
                        <i>1 0 0 0 1 0 0 0 1 -1.22005 1.91206 -2.18581</i>
                        <i>1 0 0 0 1 0 0 0 1 -1.22005 1.91132 -2.18581</i>
                        <i>1 0 0 0 1 0 0 0 1 -1.22005 1.9106 -2.18581</i>
                        <i>1 0 0 0 1 0 0 0 1 -1.22005 1.90988 -2.18581</i>
                        <i>1 0 0 0 1 0 0 0 1 -1.22005 1.90917 -2.18581</i>
                        <i>1 0 0 0 1 0 0 0 1 -1.22005 1.90848 -2.18581</i>
                        <i>1 0 0 0 1 0 0 0 1 -1.22005 1.9078 -2.18581</i>
                        <i>1 0 0 0 1 0 0 0 1 -1.22005 1.90713 -2.18581</i>
                        <i>1 0 0 0 1 0 0 0 1 -1.22005 1.90648 -2.18581</i>
                        <i>1 0 0 0 1 0 0 0 1 -1.22005 1.90584 -2.18581</i>
                        <i>1 0 0 0 1 0 0 0 1 -1.22005 1.90522 -2.18581</i>
                        <i>1 0 0 0 1 0 0 0 1 -1.22005 1.90462 -2.18581</i>
                        <i>1 0 0 0 1 0 0 0 1 -1.22005 1.90404 -2.18581</i>
                        <i>1 0 0 0 1 0 0 0 1 -1.22005 1.90348 -2.18581</i>
                        <i>1 0 0 0 1 0 0 0 1 -1.22005 1.90294 -2.18581</i>
                        <i>1 0 0 0 1 0 0 0 1 -1.22005 1.90242 -2.18581</i>
                        <i>1 0 0 0 1 0 0 0 1 -1.22005 1.90192 -2.18581</i>
                        <i>1 0 0 0 1 0 0 0 1 -1.22005 1.90145 -2.18581</i>
                        <i>1 0 0 0 1 0 0 0 1 -1.22005 1.901 -2.18581</i>
                        <i>1 0 0 0 1 0 0 0 1 -1.22005 1.90057 -2.18581</i>
                        <i>1 0 0 0 1 0 0 0 1 -1.22005 1.90018 -2.18581</i>
                        <i>1 0 0 0 1 0 0 0 1 -1.22005 1.89981 -2.18581</i>
                        <i>1 0 0 0 1 0 0 0 1 -1.22005 1.89947 -2.18581</i>
                        <i>1 0 0 0 1 0 0 0 1 -1.22005 1.89918 -2.18581</i>
                        <i>1 0 0 0 1 0 0 0 1 -1.22005 1.89892 -2.18581</i>
                        <i>1 0 0 0 1 0 0 0 1 -1.22005 1.8987 -2.18581</i>
                        <i>1 0 0 0 1 0 0 0 1 -1.22005 1.89852 -2.18581</i>
                        <i>1 0 0 0 1 0 0 0 1 -1.22005 1.89837 -2.18581</i>
                        <i>1 0 0 0 1 0 0 0 1 -1.22005 1.89825 -2.18581</i>
                        <i>1 0 0 0 1 0 0 0 1 -1.22005 1.89816 -2.18581</i>
                        <i>1 0 0 0 1 0 0 0 1 -1.22005 1.8981 -2.18581</i>
                        <i>1 0 0 0 1 0 0 0 1 -1.22005 1.89807 -2.18581</i>
                        <i>1 0 0 0 1 0 0 0 1 -1.22005 1.89806 -2.18581</i>
                        <i>1 0 0 0 1 0 0 0 1 -1.22005 1.89807 -2.18581</i>
                        <i>1 0 0 0 1 0 0 0 1 -1.22005 1.8981 -2.18581</i>
                        <i>1 0 0 0 1 0 0 0 1 -1.22005 1.89815 -2.18581</i>
                        <i>1 0 0 0 1 0 0 0 1 -1.22005 1.89822 -2.18581</i>
                        <i>1 0 0 0 1 0 0 0 1 -1.22005 1.8983 -2.18581</i>
                        <i>1 0 0 0 1 0 0 0 1 -1.22005 1.8984 -2.18581</i>
                        <i>1 0 0 0 1 0 0 0 1 -1.22005 1.89851 -2.18581</i>
                        <i>1 0 0 0 1 0 0 0 1 -1.22005 1.89862 -2.18581</i>
                        <i>1 0 0 0 1 0 0 0 1 -1.22005 1.89875 -2.18581</i>
                        <i>1 0 0 0 1 0 0 0 1 -1.22005 1.89888 -2.18581</i>
                        <i>1 0 0 0 1 0 0 0 1 -1.22005 1.89901 -2.18581</i>
                        <i>1 0 0 0 1 0 0 0 1 -1.22005 1.89915 -2.18581</i>
                        <i>1 0 0 0 1 0 0 0 1 -1.22005 1.89929 -2.18581</i>
                        <i>1 0 0 0 1 0 0 0 1 -1.22005 1.89942 -2.18581</i>
                        <i>1 0 0 0 1 0 0 0 1 -1.22005 1.89955 -2.18581</i>
                        <i>1 0 0 0 1 0 0 0 1 -1.22005 1.89968 -2.18581</i>
                        <i>1 0 0 0 1 0 0 0 1 -1.22005 1.8998 -2.18581</i>
                        <i>1 0 0 0 1 0 0 0 1 -1.22005 1.89991 -2.18581</i>
                        <i>1 0 0 0 1 0 0 0 1 -1.22005 1.90001 -2.18581</i>
                        <i>1 0 0 0 1 0 0 0 1 -1.22005 1.9001 -2.18581</i>
                        <i>1 0 0 0 1 0 0 0 1 -1.22005 1.90017 -2.18581</i>
                        <i>1 0 0 0 1 0 0 0 1 -1.22005 1.90023 -2.18581</i>
                        <i>1 0 0 0 1 0 0 0 1 -1.22005 1.90027 -2.18581</i>
                        <i>1 0 0 0 1 0 0 0 1 -1.22005 1.90029 -2.18581</i>
                        <i>1 0 0 0 1 0 0 0 1 -1.22004 1.90026 -2.18581</i>
                        <i>1 0 0 0 1 0 0 0 1 -1.21999 1.90017 -2.18581</i>
                        <i>1 0 0 0 1 0 0 0 1 -1.21992 1.90002 -2.18581</i>
                        <i>1 0 0 0 1 0 0 0 1 -1.21983 1.89983 -2.18581</i>
                        <i>1 0 0 0 1 0 0 0 1 -1.21972 1.89961 -2.18581</i>
                        <i>1 0 0 0 1 0 0 0 1 -1.21961 1.89937 -2.18581</i>
                        <i>1 0 0 0 1 0 0 0 1 -1.21949 1.89912 -2.18581</i>
                        <i>1 0 0 0 1 0 0 0 1 -1.21938 1.89887 -2.18581</i>
                        <i>1 0 0 0 1 0 0 0 1 -1.21927 1.89864 -2.18581</i>
                        <i>1 0 0 0 1 0 0 0 1 -1.21917 1.89843 -2.18581</i>
                        <i>1 0 0 0 1 0 0 0 1 -1.21909 1.89826 -2.18581</i>
                        <i>1 0 0 0 1 0 0 0 1 -1.21904 1.89814 -2.18581</i>
                        <i>1 0 0 0 1 0 0 0 1 -1.21901 1.89808 -2.18581</i>
                        <i>1 0 0 0 1 0 0 0 1 -1.21902 1.89809 -2.18581</i>
                        <i>1 0 0 0 1 0 0 0 1 -1.21906 1.89818 -2.18581</i>
                        <i>1 0 0 0 1 0 0 0 1 -1.21915 1.89837 -2.18581</i>
                        <i>1 0 0 0 1 0 0 0 1 -1.21929 1.89866 -2.18581</i>
                        <i>1 0 0 0 1 0 0 0 1 -1.21948 1.89907 -2.18581</i>
                        <i>1 0 0 0 1 0 0 0 1 -1.21973 1.89961 -2.18581</i>
                        <i>1 0 0 0 1 0 0 0 1 -1.22005 1.90029 -2.18581</i>
                        <i>1 0 0 0 1 0 0 0 1 -1.22043 1.90109 -2.18581</i>
                        <i>1 0 0 0 1 0 0 0 1 -1.22085 1.90199 -2.18581</i>
                        <i>1 0 0 0 1 0 0 0 1 -1.22131 1.90298 -2.18581</i>
                        <i>1 0 0 0 1 0 0 0 1 -1.22181 1.90405 -2.18581</i>
                        <i>1 0 0 0 1 0 0 0 1 -1.22235 1.9052 -2.18581</i>
                        <i>1 0 0 0 1 0 0 0 1 -1.22292 1.90642 -2.18581</i>
                        <i>1 0 0 0 1 0 0 0 1 -1.22352 1.9077 -2.18581</i>
                        <i>1 0 0 0 1 0 0 0 1 -1.22415 1.90903 -2.18581</i>
                        <i>1 0 0 0 1 0 0 0 1 -1.2248 1.91042 -2.18581</i>
                        <i>1 0 0 0 1 0 0 0 1 -1.22547 1.91186 -2.18581</i>
                        <i>1 0 0 0 1 0 0 0 1 -1.22616 1.91333 -2.18581</i>
                        <i>1 0 0 0 1 0 0 0 1 -1.22686 1.91483 -2.18581</i>
                        <i>1 0 0 0 1 0 0 0 1 -1.22758 1.91636 -2.18581</i>
                        <i>1 0 0 0 1 0 0 0 1 -1.2283 1.91791 -2.18581</i>
                        <i>1 0 0 0 1 0 0 0 1 -1.22904 1.91947 -2.18581</i>
                        <i>1 0 0 0 1 0 0 0 1 -1.22977 1.92103 -2.18581</i>
                        <i>1 0 0 0 1 0 0 0 1 -1.2305 1.9226 -2.18581</i>
                        <i>1 0 0 0 1 0 0 0 1 -1.23123 1.92416 -2.18581</i>
                        <i>1 0 0 0 1 0 0 0 1 -1.23195 1.9257 -2.18581</i>
                        <i>1 0 0 0 1 0 0 0 1 -1.23267 1.92722 -2.18581</i>
                        <i>1 0 0 0 1 0 0 0 1 -1.23337 1.92872 -2.18581</i>
                        <i>1 0 0 0 1 0 0 0 1 -1.23406 1.93019 -2.18581</i>
                        <i>1 0 0 0 1 0 0 0 1 -1.23472 1.93161 -2.18581</i>
                        <i>1 0 0 0 1 0 0 0 1 -1.23537 1.933 -2.18581</i>
                        <i>1 0 0 0 1 0 0 0 1 -1.23599 1.93433 -2.18581</i>
                        <i>1 0 0 0 1 0 0 0 1 -1.23659 1.9356 -2.18581</i>
                        <i>1 0 0 0 1 0 0 0 1 -1.23715 1.9368 -2.18581</i>
                        <i>1 0 0 0 1 0 0 0 1 -1.23769 1.93794 -2.18581</i>
                        <i>1 0 0 0 1 0 0 0 1 -1.23818 1.93899 -2.18581</i>
                        <i>1 0 0 0 1 0 0 0 1 -1.23864 1.93997 -2.18581</i>
                        <i>1 0 0 0 1 0 0 0 1 -1.23905 1.94085 -2.18581</i>
                        <i>1 0 0 0 1 0 0 0 1 -1.23942 1.94164 -2.18581</i>
                        <i>1 0 0 0 1 0 0 0 1 -1.23974 1.94232 -2.18581</i>
                        <i>1 0 0 0 1 0 0 0 1 -1.24001 1.94289 -2.18581</i>
                        <i>1 0 0 0 1 0 0 0 1 -1.24022 1.94335 -2.18581</i>
                        <i>1 0 0 0 1 0 0 0 1 -1.24038 1.94368 -2.18581</i>
                        <i>1 0 0 0 1 0 0 0 1 -1.24047 1.94389 -2.18581</i>
                        <i>1 0 0 0 1 0 0 0 1 -1.24051 1.94396 -2.18581</i>
                        <i>1 0 0 0 1 0 0 0 1 -1.24048 1.94396 -2.18581</i>
                        <i>1 0 0 0 1 0 0 0 1 -1.2404 1.94396 -2.18581</i>
                        <i>1 0 0 0 1 0 0 0 1 -1.24026 1.94396 -2.18581</i>
                        <i>1 0 0 0 1 0 0 0 1 -1.24008 1.94396 -2.18581</i>
                        <i>1 0 0 0 1 0 0 0 1 -1.23984 1.94396 -2.18581</i>
                        <i>1 0 0 0 1 0 0 0 1 -1.23957 1.94396 -2.18581</i>
                        <i>1 0 0 0 1 0 0 0 1 -1.23925 1.94396 -2.18581</i>
                        <i>1 0 0 0 1 0 0 0 1 -1.23888 1.94396 -2.18581</i>
                        <i>1 0 0 0 1 0 0 0 1 -1.23848 1.94396 -2.18581</i>
                        <i>1 0 0 0 1 0 0 0 1 -1.23805 1.94396 -2.18581</i>
                        <i>1 0 0 0 1 0 0 0 1 -1.23757 1.94396 -2.18581</i>
                        <i>1 0 0 0 1 0 0 0 1 -1.23707 1.94396 -2.18581</i>
                        <i>1 0 0 0 1 0 0 0 1 -1.23654 1.94396 -2.18581</i>
                        <i>1 0 0 0 1 0 0 0 1 -1.23598 1.94396 -2.18581</i>
                        <i>1 0 0 0 1 0 0 0 1 -1.23539 1.94396 -2.18581</i>
                        <i>1 0 0 0 1 0 0 0 1 -1.23478 1.94396 -2.18581</i>
                        <i>1 0 0 0 1 0 0 0 1 -1.23415 1.94396 -2.18581</i>
                        <i>1 0 0 0 1 0 0 0 1 -1.2335 1.94396 -2.18581</i>
                        <i>1 0 0 0 1 0 0 0 1 -1.23284 1.94396 -2.18581</i>
                        <i>1 0 0 0 1 0 0 0 1 -1.23216 1.94396 -2.18581</i>
                        <i>1 0 0 0 1 0 0 0 1 -1.23146 1.94396 -2.18581</i>
                        <i>1 0 0 0 1 0 0 0 1 -1.23076 1.94396 -2.18581</i>
                        <i>1 0 0 0 1 0 0 0 1 -1.23006 1.94396 -2.18581</i>
                        <i>1 0 0 0 1 0 0 0 1 -1.22934 1.94396 -2.18581</i>
                        <i>1 0 0 0 1 0 0 0 1 -1.22862 1.94396 -2.18581</i>
                        <i>1 0 0 0 1 0 0 0 1 -1.22791 1.94396 -2.18581</i>
                        <i>1 0 0 0 1 0 0 0 1 -1.22719 1.94396 -2.18581</i>
                        <i>1 0 0 0 1 0 0 0 1 -1.22648 1.94396 -2.18581</i>
                        <i>1 0 0 0 1 0 0 0 1 -1.22577 1.94396 -2.18581</i>
                        <i>1 0 0 0 1 0 0 0 1 -1.22507 1.94396 -2.18581</i>
                        <i>1 0 0 0 1 0 0 0 1 -1.22439 1.94396 -2.18581</i>
                        <i>1 0 0 0 1 0 0 0 1 -1.22371 1.94396 -2.18581</i>
                        <i>1 0 0 0 1 0 0 0 1 -1.22305 1.94396 -2.18581</i>
                        <i>1 0 0 0 1 0 0 0 1 -1.22241 1.94396 -2.18581</i>
                        <i>1 0 0 0 1 0 0 0 1 -1.22178 1.94396 -2.18581</i>
                        <i>1 0 0 0 1 0 0 0 1 -1.22118 1.94396 -2.18581</i>
                        <i>1 0 0 0 1 0 0 0 1 -1.2206 1.94396 -2.18581</i>
                        <i>1 0 0 0 1 0 0 0 1 -1.22005 1.94396 -2.18581</i>
                    </KeyFrames>
                </p>
            </i>
            <i>
                <p>
                    <Name><![CDATA[spine0]]></Name>
                    <Exclude>0</Exclude>
                    <Additive>0</Additive>
                    <IKPriority>0</IKPriority>
                    <IKRotLimits>-1e+010 -1e+010 -1e+010 1e+010 1e+010 1e+010</IKRotLimits>
                    <IKRotLimitOrder>0</IKRotLimitOrder>
                    <KeyFrames count="193">
                        <i>-0.0346424 0.981469 0.188462 -0.999292 -0.0312531 -0.0209271 -0.0146492 -0.189053 0.981858 -1.23098 2.07174 -2.25099</i>
                        <i>-0.0357661 0.981547 0.187849 -0.999223 -0.0320059 -0.0230129 -0.0165759 -0.188526 0.981928 -1.23036 2.07158 -2.25124</i>
                        <i>-0.0369601 0.981679 0.186921 -0.999142 -0.0328035 -0.0252831 -0.0186883 -0.187695 0.98205 -1.22969 2.07124 -2.25152</i>
                        <i>-0.0382026 0.981861 0.185713 -0.99905 -0.0336323 -0.0276985 -0.0209501 -0.186595 0.982213 -1.22897 2.07074 -2.25181</i>
                        <i>-0.0394758 0.982085 0.184259 -0.998948 -0.0344837 -0.0302199 -0.0233246 -0.185258 0.982413 -1.22821 2.0701 -2.25212</i>
                        <i>-0.0407653 0.982343 0.182593 -0.998836 -0.0353513 -0.0328089 -0.0257747 -0.183718 0.982641 -1.22742 2.06933 -2.25244</i>
                        <i>-0.0420591 0.98263 0.180747 -0.998715 -0.0362309 -0.035428 -0.028264 -0.182004 0.982891 -1.22661 2.06844 -2.25277</i>
                        <i>-0.0433474 0.982938 0.178755 -0.998587 -0.0371194 -0.0380408 -0.0307565 -0.180151 0.983158 -1.22579 2.06746 -2.25309</i>
                        <i>-0.044622 0.983262 0.176651 -0.998452 -0.0380151 -0.040612 -0.0332168 -0.178189 0.983435 -1.22498 2.06639 -2.25342</i>
                        <i>-0.0458768 0.983594 0.174467 -0.998312 -0.038917 -0.0431075 -0.0356106 -0.17615 0.983719 -1.22418 2.06526 -2.25373</i>
                        <i>-0.0471069 0.983929 0.172235 -0.99817 -0.0398249 -0.0454947 -0.0379043 -0.174063 0.984005 -1.2234 2.06407 -2.25404</i>
                        <i>-0.0483091 0.984261 0.16999 -0.998029 -0.0407394 -0.0477419 -0.0400652 -0.171961 0.984289 -1.22266 2.06285 -2.25433</i>
                        <i>-0.0494815 0.984585 0.167762 -0.997889 -0.0416616 -0.0498186 -0.0420615 -0.169873 0.984568 -1.22196 2.06161 -2.2546</i>
                        <i>-0.0506239 0.984896 0.165583 -0.997754 -0.0425937 -0.0516955 -0.0438619 -0.167828 0.98484 -1.22131 2.06038 -2.25485</i>
                        <i>-0.0517377 0.985188 0.163487 -0.997627 -0.0435389 -0.0533436 -0.0454354 -0.165858 0.985102 -1.22074 2.05915 -2.25507</i>
                        <i>-0.0528268 0.985457 0.161504 -0.997509 -0.0445026 -0.0547344 -0.046751 -0.163993 0.985353 -1.22024 2.05797 -2.25527</i>
                        <i>-0.0538977 0.985699 0.159666 -0.997403 -0.0454927 -0.0558393 -0.0477771 -0.162261 0.985591 -1.21983 2.05683 -2.25542</i>
                        <i>-0.0549577 0.985908 0.158004 -0.997311 -0.0465177 -0.0566299 -0.0484819 -0.160691 0.985813 -1.21951 2.05576 -2.25555</i>
                        <i>-0.0560136 0.986081 0.156549 -0.997235 -0.0475858 -0.0570771 -0.0488331 -0.159313 0.98602 -1.2193 2.05477 -2.25562</i>
                        <i>-0.0570722 0.986212 0.155332 -0.997177 -0.0487051 -0.0571514 -0.048798 -0.158156 0.986208 -1.21922 2.05389 -2.25566</i>
                        <i>-0.0581403 0.986298 0.154386 -0.997137 -0.0498849 -0.0568222 -0.0483421 -0.157248 0.986375 -1.21926 2.05312 -2.25564</i>
                        <i>-0.0592102 0.986361 0.15358 -0.99711 -0.0511026 -0.056215 -0.0475999 -0.156465 0.986536 -1.21939 2.05242 -2.25559</i>
                        <i>-0.0602646 0.986421 0.152781 -0.997088 -0.052323 -0.0554819 -0.0467346 -0.155679 0.986701 -1.21956 2.05172 -2.25553</i>
                        <i>-0.0612976 0.986476 0.15201 -0.99707 -0.0535378 -0.05463 -0.0457529 -0.154914 0.986868 -1.21978 2.05102 -2.25544</i>
                        <i>-0.0623038 0.986523 0.151294 -0.997057 -0.0547388 -0.0536662 -0.0446612 -0.154193 0.987031 -1.22003 2.05032 -2.25535</i>
                        <i>-0.063278 0.986559 0.150656 -0.997049 -0.0559188 -0.0525969 -0.0434655 -0.15354 0.987186 -1.22031 2.04962 -2.25524</i>
                        <i>-0.064215 0.98658 0.15012 -0.997045 -0.0570707 -0.0514288 -0.0421712 -0.152979 0.987329 -1.22063 2.04892 -2.25512</i>
                        <i>-0.06511 0.986584 0.149709 -0.997044 -0.0581876 -0.0501679 -0.0407836 -0.152533 0.987457 -1.22098 2.04822 -2.25498</i>
                        <i>-0.0659577 0.986567 0.149448 -0.997048 -0.059263 -0.0488204 -0.0393079 -0.152226 0.987564 -1.22136 2.04752 -2.25483</i>
                        <i>-0.0667528 0.986527 0.149358 -0.997055 -0.06029 -0.0473923 -0.037749 -0.152082 0.987647 -1.22177 2.04683 -2.25468</i>
                        <i>-0.0674893 0.986461 0.149464 -0.997066 -0.0612618 -0.0458897 -0.036112 -0.152122 0.987702 -1.2222 2.04613 -2.25451</i>
                        <i>-0.0681607 0.986366 0.149787 -0.997081 -0.062171 -0.0443186 -0.0344019 -0.152371 0.987724 -1.22266 2.04544 -2.25433</i>
                        <i>-0.0687597 0.986239 0.150351 -0.9971 -0.0630097 -0.0426851 -0.0326241 -0.15285 0.987711 -1.22314 2.04475 -2.25414</i>
                        <i>-0.0692779 0.986076 0.151179 -0.997122 -0.0637688 -0.0409954 -0.0307841 -0.153584 0.987656 -1.22364 2.04406 -2.25395</i>
                        <i>-0.0697054 0.985874 0.152292 -0.997149 -0.0644386 -0.039256 -0.0288881 -0.154594 0.987556 -1.22415 2.04338 -2.25374</i>
                        <i>-0.0700311 0.985631 0.153712 -0.997181 -0.0650076 -0.0374735 -0.0269426 -0.155903 0.987405 -1.22468 2.0427 -2.25353</i>
                        <i>-0.0702416 0.985341 0.155463 -0.997218 -0.0654628 -0.0356547 -0.024955 -0.157535 0.987198 -1.22523 2.04202 -2.25332</i>
                        <i>-0.0703218 0.985001 0.157566 -0.997261 -0.0657891 -0.0338068 -0.0229336 -0.159512 0.98693 -1.22579 2.04135 -2.2531</i>
                        <i>-0.0702465 0.984605 0.160055 -0.997311 -0.0659612 -0.0319384 -0.0208893 -0.161868 0.986591 -1.22635 2.04068 -2.25287</i>
                        <i>-0.0699995 0.984152 0.162924 -0.997369 -0.0659637 -0.0300569 -0.0188335 -0.164599 0.986181 -1.22693 2.04002 -2.25264</i>
                        <i>-0.069577 0.983646 0.166134 -0.997436 -0.0657951 -0.0281673 -0.0167758 -0.167668 0.985701 -1.2275 2.03936 -2.25241</i>
                        <i>-0.0689756 0.983088 0.169647 -0.99751 -0.0654532 -0.0262751 -0.0147268 -0.171036 0.985155 -1.22809 2.03871 -2.25217</i>
                        <i>-0.0681925 0.982484 0.173423 -0.997591 -0.0649366 -0.0243858 -0.0126971 -0.174668 0.984545 -1.22867 2.03807 -2.25193</i>
                        <i>-0.0672264 0.981836 0.177425 -0.99768 -0.0642445 -0.022505 -0.0106977 -0.178526 0.983877 -1.22926 2.03744 -2.2517</i>
                        <i>-0.066078 0.981148 0.181612 -0.997776 -0.0633777 -0.0206383 -0.00873903 -0.182572 0.983154 -1.22984 2.03681 -2.25146</i>
                        <i>-0.0647501 0.980424 0.185946 -0.997878 -0.0623389 -0.0187911 -0.00683158 -0.186769 0.98238 -1.23042 2.03619 -2.25122</i>
                        <i>-0.0632483 0.979669 0.190388 -0.997985 -0.061133 -0.016969 -0.00498504 -0.191078 0.981562 -1.23099 2.03558 -2.25098</i>
                        <i>-0.0615811 0.978888 0.194898 -0.998097 -0.0597677 -0.0151773 -0.0032083 -0.195462 0.980706 -1.23156 2.03498 -2.25075</i>
                        <i>-0.0597605 0.978087 0.199437 -0.998212 -0.0582535 -0.0134212 -0.00150922 -0.199882 0.979819 -1.23211 2.0344 -2.25052</i>
                        <i>-0.0578021 0.97727 0.203966 -0.998328 -0.0566044 -0.0117059 0.000105565 -0.204302 0.978908 -1.23265 2.03382 -2.25029</i>
                        <i>-0.0557248 0.976445 0.208447 -0.998445 -0.0548378 -0.0100363 0.00163088 -0.208682 0.977982 -1.23318 2.03326 -2.25007</i>
                        <i>-0.0535517 0.975618 0.212843 -0.99856 -0.0529746 -0.00841738 0.00306311 -0.212987 0.97705 -1.2337 2.03272 -2.24986</i>
                        <i>-0.0513093 0.974797 0.217115 -0.998673 -0.0510395 -0.00685382 0.00440037 -0.217179 0.976122 -1.23419 2.03219 -2.24965</i>
                        <i>-0.049028 0.973989 0.221228 -0.998781 -0.0490608 -0.00535028 0.00564252 -0.221221 0.975207 -1.23467 2.03167 -2.24945</i>
                        <i>-0.0467415 0.973203 0.225148 -0.998884 -0.04707 -0.00391129 0.00679122 -0.225079 0.974317 -1.23512 2.03117 -2.24925</i>
                        <i>-0.0444866 0.972447 0.228838 -0.998979 -0.0451023 -0.00254131 0.00784986 -0.228718 0.973461 -1.23556 2.03069 -2.24907</i>
                        <i>-0.0423031 0.971732 0.232268 -0.999066 -0.0431956 -0.00124472 0.00882341 -0.232103 0.972651 -1.23596 2.03023 -2.2489</i>
                        <i>-0.0402329 0.971065 0.235404 -0.999143 -0.04139 -2.58492e-005 0.00971825 -0.235203 0.971898 -1.23634 2.02979 -2.24873</i>
                        <i>-0.0383197 0.970456 0.238215 -0.99921 -0.0397278 0.00111098 0.0105419 -0.237984 0.971212 -1.2367 2.02937 -2.24858</i>
                        <i>-0.0366081 0.969916 0.240671 -0.999266 -0.0382522 0.00216147 0.0113026 -0.240415 0.970604 -1.23702 2.02897 -2.24844</i>
                        <i>-0.0351432 0.969454 0.242742 -0.99931 -0.0370071 0.00312125 0.0120091 -0.242464 0.970086 -1.23731 2.02859 -2.24832</i>
                        <i>-0.0339693 0.96908 0.244397 -0.999343 -0.0360354 0.00398592 0.0126696 -0.244101 0.969667 -1.23756 2.02824 -2.24821</i>
                        <i>-0.0330001 0.96877 0.245754 -0.999367 -0.0352487 0.00475561 0.0132696 -0.245442 0.96932 -1.23778 2.02792 -2.24811</i>
                        <i>-0.0321201 0.968495 0.246954 -0.999389 -0.0345308 0.00543582 0.0137921 -0.246629 0.969012 -1.23798 2.02764 -2.24803</i>
                        <i>-0.0313283 0.968252 0.248005 -0.999408 -0.0338809 0.00603018 0.0142414 -0.247669 0.96874 -1.23815 2.0274 -2.24795</i>
                        <i>-0.0306234 0.968041 0.248914 -0.999424 -0.0332984 0.0065424 0.0146218 -0.24857 0.968503 -1.2383 2.02719 -2.24789</i>
                        <i>-0.0300033 0.967861 0.249689 -0.999438 -0.0327819 0.00697628 0.0149373 -0.249339 0.968301 -1.23843 2.02702 -2.24783</i>
                        <i>-0.0294654 0.96771 0.250337 -0.99945 -0.0323295 0.00733567 0.0151921 -0.249983 0.968131 -1.23854 2.02687 -2.24779</i>
                        <i>-0.029007 0.967587 0.250865 -0.999461 -0.0319393 0.00762448 0.0153898 -0.250509 0.967992 -1.23862 2.02676 -2.24775</i>
                        <i>-0.0286246 0.967491 0.251281 -0.99947 -0.0316087 0.00784666 0.0155342 -0.250924 0.967882 -1.23869 2.02668 -2.24772</i>
                        <i>-0.0283146 0.967419 0.251593 -0.999477 -0.031335 0.00800622 0.015629 -0.251234 0.9678 -1.23874 2.02662 -2.2477</i>
                        <i>-0.0280731 0.96737 0.251806 -0.999483 -0.0311153 0.00810718 0.0156777 -0.251448 0.967744 -1.23877 2.02659 -2.24769</i>
                        <i>-0.0278959 0.967344 0.251929 -0.999488 -0.0309463 0.00815361 0.0156836 -0.251572 0.967712 -1.23878 2.02658 -2.24768</i>
                        <i>-0.0277786 0.967337 0.251967 -0.999492 -0.0308248 0.0081496 0.0156502 -0.251613 0.967701 -1.23879 2.02659 -2.24768</i>
