<?xml version="1.0" encoding="ISO-8859-1" ?>
<Animl Version="1">
    <ModellingPackage><![CDATA[Maya.2010]]></ModellingPackage>
    <SrcFile><![CDATA[anims\turrets\artillery\red\~src\artillery_d30\artillery_d30_reload_crewman_a.mb]]></SrcFile>
    <FramesPerSecond>30</FramesPerSecond>
    <TotalFrames>65</TotalFrames>
    <Skeleton>
        <RefFrame>
            <Name><![CDATA[soldier_ref_frame]]></Name>
            <Exclude>0</Exclude>
            <Additive>0</Additive>
            <IKPriority>0</IKPriority>
            <IKRotLimits>-1e+010 -1e+010 -1e+010 1e+010 1e+010 1e+010</IKRotLimits>
            <IKRotLimitOrder>0</IKRotLimitOrder>
            <KeyFrames count="65">
                <i>1 0 0 0 1 0 0 0 1 1.7 1.35 -3.33</i>
                <i>1 0 0 0 1 0 0 0 1 1.7 1.35 -3.33</i>
                <i>1 0 0 0 1 0 0 0 1 1.7 1.35 -3.33</i>
                <i>1 0 0 0 1 0 0 0 1 1.7 1.35 -3.33</i>
                <i>1 0 0 0 1 0 0 0 1 1.7 1.35 -3.33</i>
                <i>1 0 0 0 1 0 0 0 1 1.7 1.35 -3.33</i>
                <i>1 0 0 0 1 0 0 0 1 1.7 1.35 -3.33</i>
                <i>1 0 0 0 1 0 0 0 1 1.7 1.35 -3.33</i>
                <i>1 0 0 0 1 0 0 0 1 1.7 1.35 -3.33</i>
                <i>1 0 0 0 1 0 0 0 1 1.7 1.35 -3.33</i>
                <i>1 0 0 0 1 0 0 0 1 1.7 1.35 -3.33</i>
                <i>1 0 0 0 1 0 0 0 1 1.7 1.35 -3.33</i>
                <i>1 0 0 0 1 0 0 0 1 1.7 1.35 -3.33</i>
                <i>1 0 0 0 1 0 0 0 1 1.7 1.35 -3.33</i>
                <i>1 0 0 0 1 0 0 0 1 1.7 1.35 -3.33</i>
                <i>1 0 0 0 1 0 0 0 1 1.7 1.35 -3.33</i>
                <i>1 0 0 0 1 0 0 0 1 1.7 1.35 -3.33</i>
                <i>1 0 0 0 1 0 0 0 1 1.7 1.35 -3.33</i>
                <i>1 0 0 0 1 0 0 0 1 1.7 1.35 -3.33</i>
                <i>1 0 0 0 1 0 0 0 1 1.7 1.35 -3.33</i>
                <i>1 0 0 0 1 0 0 0 1 1.7 1.35 -3.33</i>
                <i>1 0 0 0 1 0 0 0 1 1.7 1.35 -3.33</i>
                <i>1 0 0 0 1 0 0 0 1 1.7 1.35 -3.33</i>
                <i>1 0 0 0 1 0 0 0 1 1.7 1.35 -3.33</i>
                <i>1 0 0 0 1 0 0 0 1 1.7 1.35 -3.33</i>
                <i>1 0 0 0 1 0 0 0 1 1.7 1.35 -3.33</i>
                <i>1 0 0 0 1 0 0 0 1 1.7 1.35 -3.33</i>
                <i>1 0 0 0 1 0 0 0 1 1.7 1.35 -3.33</i>
                <i>1 0 0 0 1 0 0 0 1 1.7 1.35 -3.33</i>
                <i>1 0 0 0 1 0 0 0 1 1.7 1.35 -3.33</i>
                <i>1 0 0 0 1 0 0 0 1 1.7 1.35 -3.33</i>
                <i>1 0 0 0 1 0 0 0 1 1.7 1.35 -3.33</i>
                <i>1 0 0 0 1 0 0 0 1 1.7 1.35 -3.33</i>
                <i>1 0 0 0 1 0 0 0 1 1.7 1.35 -3.33</i>
                <i>1 0 0 0 1 0 0 0 1 1.7 1.35 -3.33</i>
                <i>1 0 0 0 1 0 0 0 1 1.7 1.35 -3.33</i>
                <i>1 0 0 0 1 0 0 0 1 1.7 1.35 -3.33</i>
                <i>1 0 0 0 1 0 0 0 1 1.7 1.35 -3.33</i>
                <i>1 0 0 0 1 0 0 0 1 1.7 1.35 -3.33</i>
                <i>1 0 0 0 1 0 0 0 1 1.7 1.35 -3.33</i>
                <i>1 0 0 0 1 0 0 0 1 1.7 1.35 -3.33</i>
                <i>1 0 0 0 1 0 0 0 1 1.7 1.35 -3.33</i>
                <i>1 0 0 0 1 0 0 0 1 1.7 1.35 -3.33</i>
                <i>1 0 0 0 1 0 0 0 1 1.7 1.35 -3.33</i>
                <i>1 0 0 0 1 0 0 0 1 1.7 1.35 -3.33</i>
                <i>1 0 0 0 1 0 0 0 1 1.7 1.35 -3.33</i>
                <i>1 0 0 0 1 0 0 0 1 1.7 1.35 -3.33</i>
                <i>1 0 0 0 1 0 0 0 1 1.7 1.35 -3.33</i>
                <i>1 0 0 0 1 0 0 0 1 1.7 1.35 -3.33</i>
                <i>1 0 0 0 1 0 0 0 1 1.7 1.35 -3.33</i>
                <i>1 0 0 0 1 0 0 0 1 1.7 1.35 -3.33</i>
                <i>1 0 0 0 1 0 0 0 1 1.7 1.35 -3.33</i>
                <i>1 0 0 0 1 0 0 0 1 1.7 1.35 -3.33</i>
                <i>1 0 0 0 1 0 0 0 1 1.7 1.35 -3.33</i>
                <i>1 0 0 0 1 0 0 0 1 1.7 1.35 -3.33</i>
                <i>1 0 0 0 1 0 0 0 1 1.7 1.35 -3.33</i>
                <i>1 0 0 0 1 0 0 0 1 1.7 1.35 -3.33</i>
                <i>1 0 0 0 1 0 0 0 1 1.7 1.35 -3.33</i>
                <i>1 0 0 0 1 0 0 0 1 1.7 1.35 -3.33</i>
                <i>1 0 0 0 1 0 0 0 1 1.7 1.35 -3.33</i>
                <i>1 0 0 0 1 0 0 0 1 1.7 1.35 -3.33</i>
                <i>1 0 0 0 1 0 0 0 1 1.7 1.35 -3.33</i>
                <i>1 0 0 0 1 0 0 0 1 1.7 1.35 -3.33</i>
                <i>1 0 0 0 1 0 0 0 1 1.7 1.35 -3.33</i>
                <i>1 0 0 0 1 0 0 0 1 1.7 1.35 -3.33</i>
            </KeyFrames>
        </RefFrame>
        <Bones count="23">
            <i>
                <p>
                    <Name><![CDATA[pelvis]]></Name>
                    <Exclude>0</Exclude>
                    <Additive>0</Additive>
                    <IKPriority>0</IKPriority>
                    <IKRotLimits>-1e+010 -1e+010 -1e+010 1e+010 1e+010 1e+010</IKRotLimits>
                    <IKRotLimitOrder>2</IKRotLimitOrder>
                    <KeyFrames count="65">
                        <i>1 0 0 0 1 0 0 0 1 4.1245 1.38235 -2.84886</i>
                        <i>1 0 0 0 1 0 0 0 1 4.1245 1.38235 -2.84886</i>
                        <i>1 0 0 0 1 0 0 0 1 4.1245 1.38235 -2.84886</i>
                        <i>1 0 0 0 1 0 0 0 1 4.1245 1.38235 -2.84886</i>
                        <i>1 0 0 0 1 0 0 0 1 4.1245 1.38235 -2.84886</i>
                        <i>1 0 0 0 1 0 0 0 1 4.1245 1.38235 -2.84886</i>
                        <i>1 0 0 0 1 0 0 0 1 4.1245 1.38235 -2.84886</i>
                        <i>1 0 0 0 1 0 0 0 1 4.1245 1.38235 -2.84886</i>
                        <i>1 0 0 0 1 0 0 0 1 4.1245 1.38235 -2.84886</i>
                        <i>1 0 0 0 1 0 0 0 1 4.1245 1.38235 -2.84886</i>
                        <i>1 0 0 0 1 0 0 0 1 4.1245 1.38235 -2.84886</i>
                        <i>1 0 0 0 1 0 0 0 1 4.1245 1.38235 -2.84886</i>
                        <i>1 0 0 0 1 0 0 0 1 4.1245 1.38235 -2.84886</i>
                        <i>1 0 0 0 1 0 0 0 1 4.1245 1.38235 -2.84886</i>
                        <i>1 0 0 0 1 0 0 0 1 4.1245 1.38235 -2.84886</i>
                        <i>1 0 0 0 1 0 0 0 1 4.1245 1.38235 -2.84886</i>
                        <i>1 0 0 0 1 0 0 0 1 4.1245 1.38235 -2.84886</i>
                        <i>1 0 0 0 1 0 0 0 1 4.1245 1.38235 -2.84886</i>
                        <i>1 0 0 0 1 0 0 0 1 4.1245 1.38235 -2.84886</i>
                        <i>1 0 0 0 1 0 0 0 1 4.1245 1.38235 -2.84886</i>
                        <i>1 0 0 0 1 0 0 0 1 4.1245 1.38235 -2.84886</i>
                        <i>1 0 0 0 1 0 0 0 1 4.12514 1.37989 -2.84597</i>
                        <i>1 0 0 0 1 0 0 0 1 4.1245 1.38235 -2.84886</i>
                        <i>1 0 0 0 1 0 0 0 1 4.12791 1.3904 -2.86123</i>
                        <i>1 0 0 0 1 0 0 0 1 4.13979 1.39608 -2.87495</i>
                        <i>1 0 0 0 1 0 0 0 1 4.15496 1.40116 -2.88965</i>
                        <i>1 0 0 0 1 0 0 0 1 4.16825 1.40747 -2.90495</i>
                        <i>1 0 0 0 1 0 0 0 1 4.17447 1.41679 -2.92046</i>
                        <i>1 0 0 0 1 0 0 0 1 4.16844 1.43091 -2.9358</i>
                        <i>1 0 0 0 1 0 0 0 1 4.14497 1.45165 -2.95058</i>
                        <i>1 0 0 0 1 0 0 0 1 4.09889 1.4808 -2.96444</i>
                        <i>1 0 0 0 1 0 0 0 1 4.03069 1.5172 -2.97653</i>
                        <i>1 0 0 0 1 0 0 0 1 3.94635 1.55817 -2.98678</i>
                        <i>1 0 0 0 1 0 0 0 1 3.84896 1.60324 -2.99589</i>
                        <i>1 0 0 0 1 0 0 0 1 3.7416 1.65192 -3.00456</i>
                        <i>1 0 0 0 1 0 0 0 1 3.62735 1.70376 -3.01353</i>
                        <i>1 0 0 0 1 0 0 0 1 3.50928 1.75826 -3.02349</i>
                        <i>1 0 0 0 1 0 0 0 1 3.39047 1.81497 -3.03515</i>
                        <i>1 0 0 0 1 0 0 0 1 3.27402 1.87339 -3.04924</i>
                        <i>1 0 0 0 1 0 0 0 1 3.16298 1.93306 -3.06645</i>
                        <i>1 0 0 0 1 0 0 0 1 3.06045 1.9935 -3.08751</i>
                        <i>1 0 0 0 1 0 0 0 1 2.96502 2.06778 -3.12351</i>
                        <i>1 0 0 0 1 0 0 0 1 2.87405 2.15935 -3.17654</i>
                        <i>1 0 0 0 1 0 0 0 1 2.78876 2.25349 -3.23396</i>
                        <i>1 0 0 0 1 0 0 0 1 2.71039 2.33553 -3.28344</i>
                        <i>1 0 0 0 1 0 0 0 1 2.64011 2.39083 -3.31268</i>
                        <i>1 0 0 0 1 0 0 0 1 2.5831 2.41092 -3.31431</i>
                        <i>1 0 0 0 1 0 0 0 1 2.5384 2.40516 -3.29448</i>
                        <i>1 0 0 0 1 0 0 0 1 2.49778 2.38566 -3.26234</i>
                        <i>1 0 0 0 1 0 0 0 1 2.45356 2.36518 -3.23042</i>
                        <i>1 0 0 0 1 0 0 0 1 2.39928 2.35745 -3.2138</i>
                        <i>1 0 0 0 1 0 0 0 1 2.33153 2.36653 -3.21747</i>
                        <i>1 0 0 0 1 0 0 0 1 2.2542 2.38395 -3.23144</i>
                        <i>1 0 0 0 1 0 0 0 1 2.17265 2.40485 -3.24853</i>
                        <i>1 0 0 0 1 0 0 0 1 2.09344 2.42414 -3.26337</i>
                        <i>1 0 0 0 1 0 0 0 1 2.02398 2.43651 -3.27353</i>
                        <i>1 0 0 0 1 0 0 0 1 1.96498 2.43952 -3.28125</i>
                        <i>1 0 0 0 1 0 0 0 1 1.91194 2.4365 -3.28937</i>
                        <i>1 0 0 0 1 0 0 0 1 1.86436 2.43061 -3.2978</i>
                        <i>1 0 0 0 1 0 0 0 1 1.82173 2.42512 -3.30604</i>
                        <i>1 0 0 0 1 0 0 0 1 1.78362 2.42337 -3.3132</i>
                        <i>1 0 0 0 1 0 0 0 1 1.7503 2.42786 -3.31936</i>
                        <i>1 0 0 0 1 0 0 0 1 1.72381 2.43614 -3.32474</i>
                        <i>1 0 0 0 1 0 0 0 1 1.70632 2.4441 -3.32855</i>
                        <i>1 0 0 0 1 0 0 0 1 1.7 2.44766 -3.33</i>
                    </KeyFrames>
                </p>
            </i>
            <i>
                <p>
                    <Name><![CDATA[spine0]]></Name>
                    <Exclude>0</Exclude>
                    <Additive>0</Additive>
                    <IKPriority>0</IKPriority>
                    <IKRotLimits>-1e+010 -1e+010 -1e+010 1e+010 1e+010 1e+010</IKRotLimits>
                    <IKRotLimitOrder>0</IKRotLimitOrder>
                    <KeyFrames count="65">
                        <i>-0.118915 0.986827 0.109692 -0.0252062 0.10744 -0.993892 -0.992584 -0.120954 0.012098 4.19067 1.50888 -2.83135</i>
                        <i>-0.118986 0.986809 0.109775 -0.0251944 0.107524 -0.993883 -0.992576 -0.121024 0.0120681 4.19067 1.50888 -2.83135</i>
                        <i>-0.119057 0.98679 0.109871 -0.0251809 0.107621 -0.993873 -0.992568 -0.121094 0.0120352 4.19067 1.50888 -2.83135</i>
                        <i>-0.119114 0.986773 0.109961 -0.0251681 0.107714 -0.993863 -0.992562 -0.121151 0.012005 4.19067 1.50888 -2.83135</i>
                        <i>-0.119153 0.98676 0.110034 -0.0251577 0.107788 -0.993856 -0.992557 -0.121189 0.0119814 4.19067 1.50888 -2.83135</i>
                        <i>-0.119176 0.986752 0.110078 -0.0251515 0.107832 -0.993851 -0.992554 -0.121212 0.0119673 4.19067 1.50888 -2.83135</i>
                        <i>-0.119188 0.98675 0.110082 -0.025151 0.107836 -0.99385 -0.992553 -0.121224 0.011965 4.19067 1.50888 -2.83135</i>
                        <i>-0.119167 0.986764 0.109984 -0.025165 0.107736 -0.993861 -0.992555 -0.121204 0.0119932 4.19067 1.50888 -2.83135</i>
                        <i>-0.119061 0.9868 0.109777 -0.0251944 0.107525 -0.993883 -0.992567 -0.121098 0.0120598 4.19067 1.50888 -2.83135</i>
                        <i>-0.118878 0.986847 0.109548 -0.0252268 0.107292 -0.993907 -0.992588 -0.120918 0.0121402 4.19067 1.50888 -2.83135</i>
                        <i>-0.118757 0.986875 0.109424 -0.0252442 0.107168 -0.99392 -0.992602 -0.120797 0.012186 4.19067 1.50888 -2.83135</i>
                        <i>-0.118821 0.986859 0.109501 -0.0252333 0.107246 -0.993912 -0.992595 -0.120861 0.0121587 4.19067 1.50888 -2.83135</i>
                        <i>-0.118964 0.986821 0.109689 -0.0252068 0.107436 -0.993892 -0.992579 -0.121003 0.0120936 4.19067 1.50888 -2.83135</i>
                        <i>-0.119064 0.986789 0.109869 -0.0251813 0.107619 -0.993873 -0.992567 -0.121102 0.012035 4.19067 1.50888 -2.83135</i>
                        <i>-0.119092 0.986776 0.109954 -0.0251692 0.107706 -0.993864 -0.992564 -0.121129 0.0120094 4.19067 1.50888 -2.83135</i>
                        <i>-0.119071 0.986784 0.109911 -0.0251753 0.107662 -0.993869 -0.992567 -0.121108 0.0120232 4.19067 1.50888 -2.83135</i>
                        <i>-0.119006 0.986805 0.10979 -0.0251924 0.107539 -0.993882 -0.992574 -0.121044 0.0120621 4.19067 1.50888 -2.83135</i>
                        <i>-0.118909 0.986832 0.109648 -0.0252124 0.107395 -0.993897 -0.992585 -0.120947 0.0121102 4.19067 1.50888 -2.83135</i>
                        <i>-0.118833 0.986851 0.109559 -0.0252251 0.107304 -0.993906 -0.992594 -0.120873 0.0121421 4.19067 1.50888 -2.83135</i>
                        <i>-0.118216 0.986702 0.111553 -0.0249392 0.109356 -0.99369 -0.992675 -0.120252 0.01168 4.19067 1.50888 -2.83135</i>
                        <i>-0.11724 0.986432 0.114924 -0.024456 0.11282 -0.993314 -0.992803 -0.119266 0.0108972 4.19067 1.50888 -2.83135</i>
                        <i>-0.113418 0.98705 0.113441 -0.0171239 0.112218 -0.993536 -0.9934 -0.114627 0.00417458 4.19176 1.50615 -2.8282</i>
                        <i>-0.118915 0.986827 0.109692 -0.0252062 0.10744 -0.993892 -0.992584 -0.120954 0.012098 4.19067 1.50888 -2.83135</i>
                        <i>-0.137283 0.984522 0.108946 -0.0588505 0.101687 -0.993074 -0.988782 -0.142744 0.0439798 4.19202 1.51812 -2.84469</i>
                        <i>-0.156858 0.981474 0.110023 -0.0973445 0.0954954 -0.990659 -0.982812 -0.166103 0.0805618 4.20142 1.5251 -2.85916</i>
                        <i>-0.178301 0.977504 0.112666 -0.138146 0.0884983 -0.98645 -0.97423 -0.19145 0.119259 4.21382 1.53154 -2.87433</i>
                        <i>-0.202048 0.972447 0.116286 -0.178904 0.0800901 -0.980601 -0.962897 -0.218933 0.157792 4.22421 1.53914 -2.88984</i>
                        <i>-0.228329 0.966172 0.119911 -0.217529 0.069423 -0.973582 -0.948972 -0.248381 0.194319 4.22757 1.54964 -2.90542</i>
                        <i>-0.257249 0.958589 0.122186 -0.252228 0.0554517 -0.966078 -0.932847 -0.279341 0.227518 4.21891 1.5648 -2.92089</i>
                        <i>-0.288894 0.949626 0.121451 -0.281465 0.0370053 -0.958858 -0.915051 -0.311192 0.256596 4.19321 1.58642 -2.93616</i>
                        <i>-0.323439 0.939129 0.115862 -0.303881 0.0128689 -0.952623 -0.896127 -0.343324 0.281221 4.14545 1.61627 -2.95114</i>
                        <i>-0.370946 0.923029 0.102058 -0.32029 -0.0240073 -0.947015 -0.871673 -0.383979 0.304542 4.07629 1.65317 -2.96523</i>
                        <i>-0.43201 0.898255 0.0806538 -0.332683 -0.0755994 -0.940004 -0.838266 -0.432923 0.331494 3.99168 1.69444 -2.97824</i>
                        <i>-0.490737 0.869479 0.0564213 -0.34195 -0.132629 -0.930311 -0.801403 -0.475831 0.362405 3.89445 1.73962 -2.99072</i>
                        <i>-0.529123 0.847821 0.0350328 -0.349824 -0.180338 -0.919294 -0.773079 -0.498675 0.392009 3.78745 1.78828 -3.00321</i>
                        <i>-0.544927 0.838287 0.0181513 -0.357312 -0.212577 -0.909472 -0.75854 -0.502081 0.415369 3.67354 1.83997 -3.01621</i>
                        <i>-0.550174 0.835042 0.00371424 -0.363845 -0.235715 -0.901141 -0.751615 -0.497136 0.43351 3.5556 1.8943 -3.03023</i>
                        <i>-0.54828 0.836254 -0.00824541 -0.369346 -0.25098 -0.894758 -0.750314 -0.487533 0.446475 3.43651 1.95085 -3.0458</i>
                        <i>-0.542483 0.839882 -0.0176132 -0.373828 -0.260127 -0.890273 -0.752306 -0.476374 0.455086 3.31913 2.00925 -3.06345</i>
                        <i>-0.535784 0.84401 -0.0241314 -0.377515 -0.265018 -0.88727 -0.75526 -0.466275 0.460619 3.20636 2.06913 -3.08372</i>
                        <i>-0.530947 0.846964 -0.0273443 -0.38085 -0.267325 -0.88515 -0.757 -0.459554 0.464502 3.10106 2.13011 -3.10717</i>
                        <i>-0.527194 0.849454 -0.0222453 -0.38556 -0.262454 -0.884569 -0.757239 -0.457762 0.465879 2.99892 2.20607 -3.14407</i>
                        <i>-0.522968 0.852324 -0.00701682 -0.393023 -0.248439 -0.885331 -0.756332 -0.460242 0.464909 2.89674 2.30008 -3.19592</i>
                        <i>-0.519172 0.854562 0.013562 -0.400986 -0.229536 -0.886861 -0.754765 -0.465872 0.461837 2.79917 2.39601 -3.25055</i>
                        <i>-0.514436 0.856887 0.0331622 -0.403663 -0.207859 -0.890983 -0.756579 -0.471741 0.452824 2.71084 2.47876 -3.2969</i>
                        <i>-0.504524 0.862282 0.0438778 -0.39247 -0.183776 -0.901218 -0.769041 -0.471907 0.431139 2.63631 2.53417 -3.32441</i>
                        <i>-0.484244 0.874058 0.0391272 -0.348301 -0.151555 -0.92505 -0.802617 -0.461578 0.377825 2.58275 2.55432 -3.32592</i>
                        <i>-0.451802 0.89189 0.0201899 -0.269475 -0.114863 -0.956133 -0.850446 -0.437423 0.292238 2.54726 2.54831 -3.30562</i>
                        <i>-0.408119 0.912907 -0.00624956 -0.177598 -0.0861071 -0.980329 -0.895487 -0.398981 0.197273 2.51876 2.52769 -3.27145</i>
                        <i>-0.359171 0.932806 -0.0294741 -0.101905 -0.0705911 -0.992286 -0.927692 -0.353397 0.120411 2.48624 2.50515 -3.23644</i>
                        <i>-0.316617 0.94782 -0.0373011 -0.0730961 -0.063587 -0.995296 -0.945733 -0.312401 0.0894146 2.44014 2.49532 -3.21797</i>
                        <i>-0.282667 0.958928 -0.0236093 -0.105521 -0.0555498 -0.992864 -0.953396 -0.278158 0.116889 2.37667 2.50301 -3.22306</i>
                        <i>-0.24974 0.96831 0.00248614 -0.18041 -0.0440074 -0.982606 -0.951358 -0.245845 0.185684 2.30152 2.51946 -3.24121</i>
                        <i>-0.217063 0.975695 0.0300452 -0.276182 -0.0318627 -0.960577 -0.936273 -0.216804 0.276386 2.2205 2.53963 -3.26409</i>
                        <i>-0.187164 0.980953 0.0519651 -0.371556 -0.0217238 -0.928156 -0.909349 -0.193025 0.368545 2.14085 2.55823 -3.28504</i>
                        <i>-0.165497 0.983946 0.0667891 -0.447244 -0.0145217 -0.894294 -0.878967 -0.177874 0.442467 2.07103 2.56979 -3.30033</i>
                        <i>-0.157516 0.984226 0.0805418 -0.505992 -0.0104005 -0.862476 -0.848034 -0.176607 0.499649 2.01196 2.57191 -3.31227</i>
                        <i>-0.160728 0.982157 0.097643 -0.560602 -0.00942123 -0.828032 -0.812337 -0.187827 0.552113 1.95849 2.56805 -3.32436</i>
                        <i>-0.169591 0.978566 0.11682 -0.60938 -0.0109655 -0.792803 -0.774529 -0.20564 0.598178 1.91023 2.56139 -3.33638</i>
                        <i>-0.178394 0.974587 0.135481 -0.650858 -0.0136149 -0.759077 -0.737942 -0.223594 0.636747 1.86682 2.55522 -3.34773</i>
                        <i>-0.181281 0.971932 0.149953 -0.683773 -0.014979 -0.729541 -0.706818 -0.234786 0.667296 1.82796 2.55288 -3.35743</i>
                        <i>-0.175522 0.971755 0.157746 -0.705903 -0.0125407 -0.708197 -0.686216 -0.235658 0.688166 1.79428 2.55693 -3.36522</i>
                        <i>-0.165579 0.973047 0.160509 -0.71807 -0.00739352 -0.695932 -0.675988 -0.230488 0.69994 1.76785 2.56493 -3.37132</i>
                        <i>-0.156241 0.974602 0.160439 -0.723344 -0.00229324 -0.690484 -0.672579 -0.223934 0.70533 1.7506 2.57275 -3.37529</i>
                        <i>-0.152117 0.975343 0.159895 -0.724509 -2.22045e-016 -0.689266 -0.672271 -0.220694 0.706644 1.74444 2.57627 -3.37671</i>
                    </KeyFrames>
                </p>
            </i>
            <i>
                <p>
                    <Name><![CDATA[spine1]]></Name>
                    <Exclude>0</Exclude>
                    <Additive>0</Additive>
                    <IKPriority>0</IKPriority>
                    <IKRotLimits>-1e+010 -1e+010 -1e+010 1e+010 1e+010 1e+010</IKRotLimits>
                    <IKRotLimitOrder>0</IKRotLimitOrder>
                    <KeyFrames count="65">
                        <i>-0.588421 0.806737 0.0541955 0.140241 0.167841 -0.975788 -0.7963 -0.566573 -0.211899 4.16962 1.68393 -2.81189</i>
                        <i>-0.588438 0.806814 0.0528393 0.148354 0.171979 -0.973866 -0.794816 -0.56522 -0.220893 4.1696 1.68393 -2.81188</i>
                        <i>-0.588407 0.806941 0.0512169 0.158038 0.176897 -0.971458 -0.79297 -0.563518 -0.231614 4.16959 1.68394 -2.81186</i>
                        <i>-0.588324 0.807103 0.0495946 0.167705 0.181784 -0.968932 -0.791043 -0.561729 -0.242303 4.16958 1.68393 -2.81184</i>
                        <i>-0.588219 0.807262 0.0482387 0.175779 0.185851 -0.966727 -0.789367 -0.560168 -0.251221 4.16957 1.68393 -2.81183</i>
                        <i>-0.588145 0.807364 0.0474142 0.180693 0.188322 -0.965342 -0.788312 -0.559194 -0.256646 4.16957 1.68393 -2.81182</i>
                        <i>-0.588161 0.807355 0.0473857 0.18088 0.188427 -0.965286 -0.788257 -0.559172 -0.25686 4.16957 1.68393 -2.81182</i>
                        <i>-0.58839 0.807069 0.0493701 0.169121 0.182545 -0.968543 -0.790693 -0.561531 -0.2439 4.16957 1.68393 -2.81184</i>
                        <i>-0.588596 0.806677 0.0531742 0.146525 0.171136 -0.974291 -0.795038 -0.565673 -0.218928 4.16959 1.68394 -2.81188</i>
                        <i>-0.588518 0.806477 0.0569325 0.124102 0.159697 -0.979334 -0.798903 -0.56929 -0.19407 4.16962 1.68393 -2.81192</i>
                        <i>-0.588369 0.806453 0.0587827 0.113001 0.153991 -0.981589 -0.800658 -0.570894 -0.181734 4.16965 1.68393 -2.81194</i>
                        <i>-0.588443 0.806487 0.0575696 0.120246 0.157701 -0.980138 -0.799547 -0.569833 -0.189775 4.16963 1.68393 -2.81193</i>
                        <i>-0.588529 0.806637 0.0545011 0.13854 0.167036 -0.976169 -0.796517 -0.566953 -0.210057 4.16961 1.68393 -2.81189</i>
                        <i>-0.588427 0.806922 0.0512874 0.15763 0.176699 -0.971561 -0.793036 -0.563608 -0.23117 4.16959 1.68394 -2.81186</i>
                        <i>-0.588292 0.807123 0.0496451 0.167363 0.18159 -0.969028 -0.79114 -0.561763 -0.241911 4.16958 1.68393 -2.81185</i>
                        <i>-0.588347 0.807033 0.0504457 0.162603 0.179192 -0.970284 -0.792091 -0.562661 -0.236653 4.16959 1.68393 -2.81185</i>
                        <i>-0.588455 0.806815 0.0526381 0.149574 0.17261 -0.973567 -0.794574 -0.565027 -0.222252 4.1696 1.68393 -2.81188</i>
                        <i>-0.588468 0.806645 0.0550444 0.135242 0.165326 -0.976922 -0.797129 -0.567443 -0.206381 4.16962 1.68393 -2.8119</i>
                        <i>-0.588417 0.806582 0.0564862 0.126628 0.160925 -0.97881 -0.79858 -0.568796 -0.196827 4.16963 1.68393 -2.81192</i>
                        <i>-0.586959 0.807166 0.0629472 0.125106 0.167241 -0.977946 -0.799892 -0.56614 -0.199145 4.16975 1.68387 -2.81157</i>
                        <i>-0.584571 0.808054 0.0729801 0.127115 0.180054 -0.975409 -0.801323 -0.560919 -0.207969 4.16992 1.68376 -2.81098</i>
                        <i>-0.580992 0.81097 0.0691095 0.139695 0.183009 -0.973136 -0.801831 -0.55573 -0.219616 4.17169 1.68113 -2.80808</i>
                        <i>-0.588421 0.806737 0.0541955 0.140241 0.167841 -0.975788 -0.7963 -0.566573 -0.211899 4.16962 1.68393 -2.81189</i>
                        <i>-0.608156 0.79289 0.0383564 0.118375 0.138362 -0.983282 -0.784942 -0.593448 -0.178004 4.16769 1.69286 -2.82535</i>
                        <i>-0.628083 0.777898 0.0196588 0.0946729 0.101467 -0.990324 -0.772366 -0.620144 -0.137376 4.17362 1.69929 -2.83964</i>
                        <i>-0.6502 0.759762 -0.00119786 0.0714763 0.0595992 -0.99566 -0.756393 -0.647464 -0.0930564 4.18222 1.70501 -2.85434</i>
                        <i>-0.675816 0.7367 -0.0233744 0.0509409 0.0150472 -0.998588 -0.735308 -0.676052 -0.0476973 4.18837 1.71179 -2.8692</i>
                        <i>-0.705489 0.707231 -0.0459304 0.0347942 -0.0301666 -0.998939 -0.707866 -0.706339 -0.0033253 4.18701 1.72144 -2.8841</i>
                        <i>-0.739068 0.670201 -0.0678924 0.0241432 -0.0743675 -0.996939 -0.673198 -0.738445 0.0387818 4.17307 1.73578 -2.89911</i>
                        <i>-0.775806 0.624761 -0.0883134 0.0194171 -0.116259 -0.993029 -0.630673 -0.772113 0.0780632 4.14148 1.75663 -2.9144</i>
                        <i>-0.814517 0.570316 -0.106312 0.0204758 -0.154877 -0.987722 -0.579778 -0.806693 0.114472 4.08711 1.78581 -2.93024</i>
                        <i>-0.865355 0.484588 -0.127807 0.0322653 -0.200624 -0.979137 -0.500119 -0.851425 0.157976 4.00859 1.82181 -2.9466</i>
                        <i>-0.917611 0.367482 -0.151484 0.0564387 -0.25679 -0.964818 -0.393453 -0.893877 0.214893 3.91155 1.86123 -2.96329</i>
                        <i>-0.9515 0.257606 -0.168187 0.0834434 -0.310095 -0.947036 -0.296116 -0.915139 0.27356 3.80193 1.90373 -2.98012</i>
                        <i>-0.965264 0.19589 -0.172895 0.0971531 -0.345184 -0.933493 -0.242543 -0.917864 0.314162 3.68637 1.95045 -2.99656</i>
                        <i>-0.968059 0.185851 -0.16829 0.0924525 -0.359315 -0.928626 -0.233055 -0.914523 0.330655 3.56841 2.00192 -3.01276</i>
                        <i>-0.966685 0.199794 -0.160009 0.0789469 -0.361917 -0.928861 -0.243491 -0.910548 0.334087 3.44866 2.05684 -3.02957</i>
                        <i>-0.961684 0.229754 -0.149592 0.0601363 -0.355572 -0.932712 -0.267485 -0.90597 0.328131 3.32941 2.11443 -3.04748</i>
                        <i>-0.953381 0.26832 -0.13809 0.0392905 -0.343336 -0.938391 -0.299201 -0.900069 0.316787 3.21297 2.17387 -3.06697</i>
                        <i>-0.942724 0.308737 -0.126307 0.0188906 -0.328627 -0.944271 -0.33304 -0.892573 0.303972 3.10162 2.23437 -3.08851</i>
                        <i>-0.931567 0.344918 -0.114953 0.000518327 -0.31492 -0.949118 -0.363569 -0.884227 0.29319 2.99769 2.29523 -3.11256</i>
                        <i>-0.917197 0.38459 -0.104115 -0.016475 -0.297696 -0.954518 -0.398093 -0.873766 0.279382 2.89781 2.36918 -3.1484</i>
                        <i>-0.893278 0.439858 -0.0926307 -0.0352315 -0.273949 -0.961099 -0.448123 -0.855264 0.26021 2.79918 2.45925 -3.19727</i>
                        <i>-0.857801 0.507817 -0.0793688 -0.0573686 -0.24805 -0.967047 -0.510771 -0.82498 0.24191 2.7052 2.55077 -3.24812</i>
                        <i>-0.81373 0.577917 -0.0620936 -0.0837945 -0.222353 -0.971359 -0.575171 -0.785221 0.229361 2.61989 2.63031 -3.29105</i>
                        <i>-0.771762 0.63472 -0.0388987 -0.113975 -0.198245 -0.973503 -0.625614 -0.74688 0.22534 2.54794 2.68525 -3.31673</i>
                        <i>-0.73892 0.673651 -0.0138408 -0.140857 -0.174527 -0.974525 -0.658905 -0.718147 0.22385 2.49728 2.70865 -3.31902</i>
                        <i>-0.710126 0.704074 -0.000966297 -0.155635 -0.158311 -0.975046 -0.686658 -0.692255 0.221999 2.46617 2.70848 -3.30201</i>
                        <i>-0.68083 0.732414 -0.00630656 -0.161501 -0.158514 -0.974059 -0.714414 -0.66215 0.226206 2.44429 2.69443 -3.27261</i>
                        <i>-0.648649 0.760846 -0.0191524 -0.171392 -0.170543 -0.97033 -0.741538 -0.626121 0.241026 2.41998 2.67746 -3.2419</i>
                        <i>-0.617159 0.786646 -0.0174232 -0.199396 -0.177779 -0.963658 -0.761154 -0.591256 0.266572 2.38152 2.67106 -3.22489</i>
                        <i>-0.587899 0.808754 0.0170503 -0.255182 -0.165413 -0.952639 -0.76763 -0.564407 0.303626 2.32445 2.68044 -3.22744</i>
                        <i>-0.556112 0.827632 0.0759264 -0.331487 -0.137103 -0.933445 -0.762139 -0.544269 0.350594 2.25559 2.69788 -3.24076</i>
                        <i>-0.520187 0.842098 0.142393 -0.41422 -0.102958 -0.904335 -0.746878 -0.529405 0.402372 2.18077 2.71854 -3.2586</i>
                        <i>-0.484434 0.851035 0.202642 -0.490115 -0.0721476 -0.868667 -0.724646 -0.520129 0.452055 2.10675 2.73732 -3.27557</i>
                        <i>-0.458737 0.852804 0.24957 -0.547978 -0.0504148 -0.834972 -0.699485 -0.519792 0.490445 2.04093 2.74911 -3.28819</i>
                        <i>-0.452198 0.84343 0.290074 -0.588171 -0.0375004 -0.807867 -0.670501 -0.535928 0.513039 1.98325 2.75168 -3.29759</i>
                        <i>-0.459805 0.823641 0.331955 -0.619303 -0.029512 -0.784598 -0.63643 -0.566343 0.523653 1.92906 2.74831 -3.30648</i>
                        <i>-0.472549 0.798615 0.372709 -0.644073 -0.0242796 -0.764579 -0.601555 -0.601353 0.525839 1.87898 2.74212 -3.31486</i>
                        <i>-0.482617 0.774438 0.409055 -0.664854 -0.0199193 -0.746707 -0.570131 -0.632336 0.524502 1.83373 2.73634 -3.32261</i>
                        <i>-0.483628 0.757959 0.437725 -0.683773 -0.014979 -0.729541 -0.546405 -0.65213 0.525516 1.7942 2.73428 -3.32951</i>
                        <i>-0.473918 0.753698 0.455348 -0.700612 -0.00948856 -0.713479 -0.533427 -0.657152 0.532547 1.76154 2.73855 -3.33581</i>
                        <i>-0.459876 0.757647 0.463126 -0.713433 -0.00471833 -0.700708 -0.528704 -0.652648 0.5427 1.73698 2.74676 -3.34139</i>
                        <i>-0.447343 0.764069 0.464847 -0.721618 -0.00131128 -0.692291 -0.528348 -0.645133 0.551952 1.7215 2.75472 -3.3454</i>
                        <i>-0.441919 0.76742 0.464515 -0.724509 -2.22045e-016 -0.689266 -0.528957 -0.641144 0.556003 1.71611 2.7583 -3.34694</i>
                    </KeyFrames>
                </p>
            </i>
            <i>
                <p>
                    <Name><![CDATA[spine2]]></Name>
                    <Exclude>0</Exclude>
                    <Additive>0</Additive>
                    <IKPriority>0</IKPriority>
                    <IKRotLimits>-1e+010 -1e+010 -1e+010 1e+010 1e+010 1e+010</IKRotLimits>
                    <IKRotLimitOrder>0</IKRotLimitOrder>
                    <KeyFrames count="65">
                        <i>-0.72118 0.692033 0.0314516 0.240794 0.292989 -0.925298 -0.649552 -0.659733 -0.377935 4.07358 1.81529 -2.80329</i>
                        <i>-0.72079 0.692609 0.0274816 0.254193 0.301004 -0.91912 -0.644863 -0.655507 -0.393017 4.07356 1.81531 -2.8035</i>
                        <i>-0.720234 0.693358 0.0227519 0.270103 0.31048 -0.911398 -0.638989 -0.650275 -0.410896 4.07355 1.81533 -2.80376</i>
                        <i>-0.719587 0.694168 0.0180415 0.285891 0.319837 -0.903311 -0.63282 -0.644853 -0.428607 4.07355 1.81536 -2.80402</i>
                        <i>-0.718976 0.694891 0.0141174 0.299 0.327572 -0.896267 -0.627433 -0.640174 -0.443289 4.07357 1.81539 -2.80424</i>
                        <i>-0.718579 0.695346 0.0117346 0.306941 0.332247 -0.891852 -0.624044 -0.637264 -0.452176 4.07358 1.81541 -2.80437</i>
                        <i>-0.718579 0.695348 0.0116451 0.307239 0.332436 -0.891678 -0.623898 -0.637163 -0.45252 4.07357 1.8154 -2.80438</i>
                        <i>-0.71955 0.694224 0.0173586 0.288179 0.321247 -0.902083 -0.631824 -0.644091 -0.431214 4.07353 1.81536 -2.80406</i>
                        <i>-0.721011 0.692342 0.0283909 0.251147 0.299295 -0.920515 -0.645808 -0.656571 -0.389675 4.07352 1.81528 -2.80345</i>
                        <i>-0.721953 0.69082 0.0393936 0.213919 0.276978 -0.936761 -0.658045 -0.66787 -0.347745 4.07357 1.81523 -2.80285</i>
                        <i>-0.722227 0.690201 0.0448543 0.195333 0.265748 -0.944046 -0.663501 -0.673054 -0.326749 4.07362 1.81522 -2.80255</i>
                        <i>-0.722037 0.690621 0.0412858 0.20748 0.273073 -0.939352 -0.660011 -0.669681 -0.340459 4.07359 1.81523 -2.80275</i>
                        <i>-0.721347 0.69182 0.0322962 0.237955 0.291365 -0.926544 -0.650412 -0.660675 -0.374798 4.07355 1.81527 -2.80323</i>
                        <i>-0.720274 0.69331 0.0229514 0.269432 0.310092 -0.911729 -0.639228 -0.650511 -0.410151 4.07355 1.81533 -2.80375</i>
                        <i>-0.719582 0.694168 0.0182041 0.285342 0.319485 -0.903609 -0.633073 -0.645027 -0.427971 4.07356 1.81536 -2.80402</i>
                        <i>-0.719919 0.693755 0.0205229 0.277577 0.314895 -0.90763 -0.636135 -0.647723 -0.419269 4.07356 1.81535 -2.80389</i>
                        <i>-0.72074 0.692684 0.0268865 0.256199 0.302214 -0.918166 -0.644125 -0.65487 -0.395283 4.07355 1.81531 -2.80353</i>
                        <i>-0.721449 0.691637 0.033909 0.232493 0.288059 -0.928961 -0.652272 -0.662314 -0.368621 4.07357 1.81527 -2.80315</i>
                        <i>-0.721773 0.691078 0.0381387 0.218157 0.27945 -0.935048 -0.656849 -0.666572 -0.352463 4.07359 1.81525 -2.80292</i>
                        <i>-0.720296 0.692125 0.0462192 0.21431 0.285414 -0.934136 -0.659731 -0.662949 -0.353912 4.07396 1.81526 -2.80152</i>
                        <i>-0.717675 0.694 0.0575108 0.215498 0.299861 -0.929325 -0.662196 -0.654559 -0.364758 4.07456 1.81526 -2.7993</i>
                        <i>-0.714266 0.697966 0.0516398 0.231318 0.305069 -0.92381 -0.660542 -0.647901 -0.379353 4.07692 1.8131 -2.79705</i>
                        <i>-0.72118 0.692033 0.0314516 0.240794 0.292989 -0.925298 -0.649552 -0.659733 -0.377935 4.07358 1.81529 -2.80329</i>
                        <i>-0.739442 0.673169 0.00828773 0.233516 0.268013 -0.934687 -0.631424 -0.689211 -0.355375 4.06838 1.82202 -2.81933</i>
                        <i>-0.757863 0.652119 -0.0196095 0.228039 0.236616 -0.944463 -0.611263 -0.720246 -0.328031 4.07106 1.82598 -2.83666</i>
                        <i>-0.777862 0.626382 -0.0507613 0.224769 0.201874 -0.953271 -0.586864 -0.752923 -0.297821 4.07606 1.82871 -2.85477</i>
                        <i>-0.800124 0.593997 -0.0834753 0.224016 0.166814 -0.960203 -0.556433 -0.786982 -0.266537 4.07799 1.83177 -2.87324</i>
                        <i>-0.824622 0.553677 -0.115929 0.225791 0.134257 -0.96488 -0.518668 -0.821837 -0.235727 4.07161 1.83677 -2.89184</i>
                        <i>-0.850751 0.504796 -0.146302 0.22961 0.106585 -0.967429 -0.472761 -0.856633 -0.206583 4.05182 1.84537 -2.91046</i>
                        <i>-0.877534 0.447259 -0.172897 0.234389 0.0855341 -0.968373 -0.418325 -0.890305 -0.179892 4.01359 1.85924 -2.92917</i>
                        <i>-0.903825 0.381295 -0.194203 0.238493 0.0720622 -0.968467 -0.355277 -0.92164 -0.156068 3.95189 1.88009 -2.94809</i>
                        <i>-0.93541 0.279991 -0.215902 0.242995 0.0655279 -0.967812 -0.256831 -0.957764 -0.129332 3.86324 1.90275 -2.96825</i>
                        <i>-0.960509 0.145651 -0.237082 0.248121 0.062724 -0.966696 -0.125929 -0.987346 -0.0963859 3.75497 1.92343 -2.98928</i>
                        <i>-0.967866 0.024869 -0.250234 0.251304 0.0597892 -0.96606 -0.00906363 -0.997901 -0.0641176 3.63695 1.94784 -3.00939</i>
                        <i>-0.966804 -0.0368728 -0.252846 0.250737 0.0536728 -0.966566 0.049211 -0.997878 -0.0426457 3.51678 1.98427 -3.02702</i>
                        <i>-0.967997 -0.0371841 -0.248193 0.2465 0.0448036 -0.968107 0.0471182 -0.998303 -0.0342039 3.39664 2.03427 -3.0427</i>
                        <i>-0.970589 -0.00871847 -0.240586 0.240141 0.0356171 -0.970084 0.0170267 -0.999327 -0.0324759 3.2758 2.09192 -3.05825</i>
                        <i>-0.972148 0.0392653 -0.231053 0.232181 0.0270405 -0.972297 -0.0319298 -0.998863 -0.0354041 3.15656 2.15507 -3.07444</i>
                        <i>-0.970544 0.0976718 -0.220237 0.223119 0.0195034 -0.974596 -0.0908952 -0.995028 -0.0407213 3.04123 2.22155 -3.09193</i>
                        <i>-0.965196 0.157589 -0.208716 0.213343 0.0128505 -0.976893 -0.151265 -0.987421 -0.0460236 2.93196 2.28928 -3.11135</i>
                        <i>-0.957516 0.210429 -0.197187 0.203059 0.00645127 -0.979145 -0.204768 -0.977588 -0.0489067 2.8307 2.35642 -3.13329</i>
                        <i>-0.946928 0.262213 -0.185933 0.193618 0.00354269 -0.981071 -0.256591 -0.965003 -0.0541238 2.73584 2.43652 -3.16693</i>
                        <i>-0.929681 0.325247 -0.172936 0.183809 0.00275145 -0.982958 -0.319228 -0.945625 -0.0623413 2.64574 2.53431 -3.21337</i>
                        <i>-0.903921 0.398232 -0.156005 0.168875 -0.00279818 -0.985634 -0.392947 -0.91728 -0.0647219 2.56227 2.63501 -3.26157</i>
                        <i>-0.870577 0.473802 -0.132692 0.141763 -0.0167114 -0.98976 -0.471167 -0.880473 -0.0526188 2.48744 2.72409 -3.30138</i>
                        <i>-0.836057 0.53927 -0.100976 0.0950225 -0.0389386 -0.994713 -0.540351 -0.841232 -0.018688 2.42346 2.78739 -3.32321</i>
                        <i>-0.803931 0.59162 -0.0606678 0.0223388 -0.0718989 -0.997162 -0.594303 -0.803004 0.0445856 2.37716 2.81793 -3.32142</i>
                        <i>-0.76928 0.638595 -0.0201215 -0.0680939 -0.113262 -0.991229 -0.635273 -0.761163 0.130614 2.34877 2.82464 -3.30222</i>
                        <i>-0.730165 0.683137 0.0135082 -0.162475 -0.15439 -0.974559 -0.663672 -0.713784 0.223723 2.3298 2.81731 -3.27361</i>
                        <i>-0.688148 0.724351 0.0420452 -0.252061 -0.184321 -0.949995 -0.68038 -0.664336 0.309421 2.30965 2.80655 -3.24499</i>
                        <i>-0.649849 0.756545 0.0730482 -0.330615 -0.194825 -0.923438 -0.684391 -0.624246 0.376732 2.27614 2.80503 -3.22763</i>
                        <i>-0.619791 0.776006 0.116939 -0.402484 -0.186402 -0.896248 -0.673696 -0.602552 0.42786 2.22427 2.81791 -3.22428</i>
                        <i>-0.594042 0.785642 0.172861 -0.47258 -0.166934 -0.865333 -0.650986 -0.595735 0.470444 2.16123 2.83798 -3.22764</i>
                        <i>-0.569715 0.788526 0.23163 -0.536341 -0.143177 -0.831768 -0.622706 -0.598103 0.504489 2.09296 2.86039 -3.23435</i>
                        <i>-0.546887 0.78707 0.285367 -0.589692 -0.12018 -0.798636 -0.594288 -0.605043 0.529854 2.02533 2.88006 -3.24133</i>
                        <i>-0.528613 0.782526 0.32897 -0.629338 -0.101212 -0.770513 -0.569651 -0.614336 0.545975 1.96398 2.89188 -3.24615</i>
                        <i>-0.521307 0.771109 0.365556 -0.653125 -0.0848169 -0.752485 -0.549243 -0.631029 0.547846 1.90723 2.89317 -3.24868</i>
                        <i>-0.523985 0.751749 0.400392 -0.665069 -0.0674455 -0.74373 -0.532093 -0.655991 0.535305 1.85138 2.8871 -3.25028</i>
                        <i>-0.530199 0.729204 0.432608 -0.670937 -0.048878 -0.739902 -0.518395 -0.682548 0.515165 1.79864 2.87749 -3.25141</i>
                        <i>-0.534392 0.70848 0.460957 -0.675705 -0.0304547 -0.736543 -0.507788 -0.705074 0.494998 1.75116 2.86838 -3.25258</i>
                        <i>-0.531879 0.694701 0.484247 -0.683773 -0.014979 -0.729541 -0.499559 -0.719143 0.482985 1.71109 2.86403 -3.25428</i>
                        <i>-0.520932 0.691559 0.500376 -0.696441 -0.00539686 -0.717593 -0.493557 -0.7223 0.484441 1.67998 2.86775 -3.25744</i>
                        <i>-0.506548 0.695729 0.509283 -0.709766 -0.00111124 -0.704437 -0.489531 -0.718303 0.494368 1.65784 2.87662 -3.2617</i>
                        <i>-0.494072 0.701946 0.512996 -0.72025 2.42732e-005 -0.693715 -0.486963 -0.71223 0.505565 1.64458 2.88559 -3.26547</i>
                        <i>-0.488741 0.705134 0.51373 -0.724509 -2.22045e-016 -0.689266 -0.486025 -0.709074 0.510876 1.64016 2.88968 -3.2671</i>
                    </KeyFrames>
                </p>
            </i>
            <i>
                <p>
                    <Name><![CDATA[head]]></Name>
                    <Exclude>0</Exclude>
                    <Additive>0</Additive>
                    <IKPriority>0</IKPriority>
                    <IKRotLimits>-1e+010 -1e+010 -1e+010 1e+010 1e+010 1e+010</IKRotLimits>
                    <IKRotLimitOrder>0</IKRotLimitOrder>
                    <KeyFrames count="65">
                        <i>-0.698856 0.708925 -0.0950032 0.669312 0.695004 0.26266 0.252234 0.119975 -0.9602 3.90103 2.00706 -2.78844</i>
                        <i>-0.697796 0.709236 -0.100324 0.631119 0.675 0.382182 0.338776 0.203369 -0.918625 3.90106 2.0072 -2.78962</i>
                        <i>-0.692927 0.71341 -0.104394 0.576324 0.635045 0.514363 0.433246 0.296251 -0.851195 3.90114 2.00739 -2.79103</i>
                        <i>-0.687321 0.718165 -0.108759 0.526694 0.595882 0.606233 0.500183 0.359394 -0.787815 3.90125 2.00759 -2.79243</i>
