<?xml version="1.0" encoding="ISO-8859-1" ?>
<Animl Version="1">
    <ModellingPackage><![CDATA[Maya.2010]]></ModellingPackage>
    <SrcFile><![CDATA[anims\turrets\artillery\red\~src\artillery_2a36\artillery_2a36_fire_crewman_a.mb]]></SrcFile>
    <FramesPerSecond>30</FramesPerSecond>
    <TotalFrames>91</TotalFrames>
    <Skeleton>
        <RefFrame>
            <Name><![CDATA[soldier_ref_frame]]></Name>
            <Exclude>0</Exclude>
            <Additive>0</Additive>
            <IKPriority>0</IKPriority>
            <IKRotLimits>-1e+010 -1e+010 -1e+010 1e+010 1e+010 1e+010</IKRotLimits>
            <IKRotLimitOrder>0</IKRotLimitOrder>
            <KeyFrames count="91">
                <i>1 0 0 0 1 0 0 0 1 0.857627 1.35 -1.89876</i>
                <i>1 0 0 0 1 0 0 0 1 0.857627 1.35 -1.89876</i>
                <i>1 0 0 0 1 0 0 0 1 0.857627 1.35 -1.89876</i>
                <i>1 0 0 0 1 0 0 0 1 0.857627 1.35 -1.89876</i>
                <i>1 0 0 0 1 0 0 0 1 0.857627 1.35 -1.89876</i>
                <i>1 0 0 0 1 0 0 0 1 0.857627 1.35 -1.89876</i>
                <i>1 0 0 0 1 0 0 0 1 0.857627 1.35 -1.89876</i>
                <i>1 0 0 0 1 0 0 0 1 0.857627 1.35 -1.89876</i>
                <i>1 0 0 0 1 0 0 0 1 0.857627 1.35 -1.89876</i>
                <i>1 0 0 0 1 0 0 0 1 0.857627 1.35 -1.89876</i>
                <i>1 0 0 0 1 0 0 0 1 0.857627 1.35 -1.89876</i>
                <i>1 0 0 0 1 0 0 0 1 0.857627 1.35 -1.89876</i>
                <i>1 0 0 0 1 0 0 0 1 0.857627 1.35 -1.89876</i>
                <i>1 0 0 0 1 0 0 0 1 0.857627 1.35 -1.89876</i>
                <i>1 0 0 0 1 0 0 0 1 0.857627 1.35 -1.89876</i>
                <i>1 0 0 0 1 0 0 0 1 0.857627 1.35 -1.89876</i>
                <i>1 0 0 0 1 0 0 0 1 0.857627 1.35 -1.89876</i>
                <i>1 0 0 0 1 0 0 0 1 0.857627 1.35 -1.89876</i>
                <i>1 0 0 0 1 0 0 0 1 0.857627 1.35 -1.89876</i>
                <i>1 0 0 0 1 0 0 0 1 0.857627 1.35 -1.89876</i>
                <i>1 0 0 0 1 0 0 0 1 0.857627 1.35 -1.89876</i>
                <i>1 0 0 0 1 0 0 0 1 0.857627 1.35 -1.89876</i>
                <i>1 0 0 0 1 0 0 0 1 0.857627 1.35 -1.89876</i>
                <i>1 0 0 0 1 0 0 0 1 0.857627 1.35 -1.89876</i>
                <i>1 0 0 0 1 0 0 0 1 0.857627 1.35 -1.89876</i>
                <i>1 0 0 0 1 0 0 0 1 0.857627 1.35 -1.89876</i>
                <i>1 0 0 0 1 0 0 0 1 0.857627 1.35 -1.89876</i>
                <i>1 0 0 0 1 0 0 0 1 0.857627 1.35 -1.89876</i>
                <i>1 0 0 0 1 0 0 0 1 0.857627 1.35 -1.89876</i>
                <i>1 0 0 0 1 0 0 0 1 0.857627 1.35 -1.89876</i>
                <i>1 0 0 0 1 0 0 0 1 0.857627 1.35 -1.89876</i>
                <i>1 0 0 0 1 0 0 0 1 0.857627 1.35 -1.89876</i>
                <i>1 0 0 0 1 0 0 0 1 0.857627 1.35 -1.89876</i>
                <i>1 0 0 0 1 0 0 0 1 0.857627 1.35 -1.89876</i>
                <i>1 0 0 0 1 0 0 0 1 0.857627 1.35 -1.89876</i>
                <i>1 0 0 0 1 0 0 0 1 0.857627 1.35 -1.89876</i>
                <i>1 0 0 0 1 0 0 0 1 0.857627 1.35 -1.89876</i>
                <i>1 0 0 0 1 0 0 0 1 0.857627 1.35 -1.89876</i>
                <i>1 0 0 0 1 0 0 0 1 0.857627 1.35 -1.89876</i>
                <i>1 0 0 0 1 0 0 0 1 0.857627 1.35 -1.89876</i>
                <i>1 0 0 0 1 0 0 0 1 0.857627 1.35 -1.89876</i>
                <i>1 0 0 0 1 0 0 0 1 0.857627 1.35 -1.89876</i>
                <i>1 0 0 0 1 0 0 0 1 0.857627 1.35 -1.89876</i>
                <i>1 0 0 0 1 0 0 0 1 0.857627 1.35 -1.89876</i>
                <i>1 0 0 0 1 0 0 0 1 0.857627 1.35 -1.89876</i>
                <i>1 0 0 0 1 0 0 0 1 0.857627 1.35 -1.89876</i>
                <i>1 0 0 0 1 0 0 0 1 0.857627 1.35 -1.89876</i>
                <i>1 0 0 0 1 0 0 0 1 0.857627 1.35 -1.89876</i>
                <i>1 0 0 0 1 0 0 0 1 0.857627 1.35 -1.89876</i>
                <i>1 0 0 0 1 0 0 0 1 0.857627 1.35 -1.89876</i>
                <i>1 0 0 0 1 0 0 0 1 0.857627 1.35 -1.89876</i>
                <i>1 0 0 0 1 0 0 0 1 0.857627 1.35 -1.89876</i>
                <i>1 0 0 0 1 0 0 0 1 0.857627 1.35 -1.89876</i>
                <i>1 0 0 0 1 0 0 0 1 0.857627 1.35 -1.89876</i>
                <i>1 0 0 0 1 0 0 0 1 0.857627 1.35 -1.89876</i>
                <i>1 0 0 0 1 0 0 0 1 0.857627 1.35 -1.89876</i>
                <i>1 0 0 0 1 0 0 0 1 0.857627 1.35 -1.89876</i>
                <i>1 0 0 0 1 0 0 0 1 0.857627 1.35 -1.89876</i>
                <i>1 0 0 0 1 0 0 0 1 0.857627 1.35 -1.89876</i>
                <i>1 0 0 0 1 0 0 0 1 0.857627 1.35 -1.89876</i>
                <i>1 0 0 0 1 0 0 0 1 0.857627 1.35 -1.89876</i>
                <i>1 0 0 0 1 0 0 0 1 0.857627 1.35 -1.89876</i>
                <i>1 0 0 0 1 0 0 0 1 0.857627 1.35 -1.89876</i>
                <i>1 0 0 0 1 0 0 0 1 0.857627 1.35 -1.89876</i>
                <i>1 0 0 0 1 0 0 0 1 0.857627 1.35 -1.89876</i>
                <i>1 0 0 0 1 0 0 0 1 0.857627 1.35 -1.89876</i>
                <i>1 0 0 0 1 0 0 0 1 0.857627 1.35 -1.89876</i>
                <i>1 0 0 0 1 0 0 0 1 0.857627 1.35 -1.89876</i>
                <i>1 0 0 0 1 0 0 0 1 0.857627 1.35 -1.89876</i>
                <i>1 0 0 0 1 0 0 0 1 0.857627 1.35 -1.89876</i>
                <i>1 0 0 0 1 0 0 0 1 0.857627 1.35 -1.89876</i>
                <i>1 0 0 0 1 0 0 0 1 0.857627 1.35 -1.89876</i>
                <i>1 0 0 0 1 0 0 0 1 0.857627 1.35 -1.89876</i>
                <i>1 0 0 0 1 0 0 0 1 0.857627 1.35 -1.89876</i>
                <i>1 0 0 0 1 0 0 0 1 0.857627 1.35 -1.89876</i>
                <i>1 0 0 0 1 0 0 0 1 0.857627 1.35 -1.89876</i>
                <i>1 0 0 0 1 0 0 0 1 0.857627 1.35 -1.89876</i>
                <i>1 0 0 0 1 0 0 0 1 0.857627 1.35 -1.89876</i>
                <i>1 0 0 0 1 0 0 0 1 0.857627 1.35 -1.89876</i>
                <i>1 0 0 0 1 0 0 0 1 0.857627 1.35 -1.89876</i>
                <i>1 0 0 0 1 0 0 0 1 0.857627 1.35 -1.89876</i>
                <i>1 0 0 0 1 0 0 0 1 0.857627 1.35 -1.89876</i>
                <i>1 0 0 0 1 0 0 0 1 0.857627 1.35 -1.89876</i>
                <i>1 0 0 0 1 0 0 0 1 0.857627 1.35 -1.89876</i>
                <i>1 0 0 0 1 0 0 0 1 0.857627 1.35 -1.89876</i>
                <i>1 0 0 0 1 0 0 0 1 0.857627 1.35 -1.89876</i>
                <i>1 0 0 0 1 0 0 0 1 0.857627 1.35 -1.89876</i>
                <i>1 0 0 0 1 0 0 0 1 0.857627 1.35 -1.89876</i>
                <i>1 0 0 0 1 0 0 0 1 0.857627 1.35 -1.89876</i>
                <i>1 0 0 0 1 0 0 0 1 0.857627 1.35 -1.89876</i>
                <i>1 0 0 0 1 0 0 0 1 0.857627 1.35 -1.89876</i>
            </KeyFrames>
        </RefFrame>
        <Bones count="23">
            <i>
                <p>
                    <Name><![CDATA[pelvis]]></Name>
                    <Exclude>0</Exclude>
                    <Additive>0</Additive>
                    <IKPriority>0</IKPriority>
                    <IKRotLimits>-1e+010 -1e+010 -1e+010 1e+010 1e+010 1e+010</IKRotLimits>
                    <IKRotLimitOrder>2</IKRotLimitOrder>
                    <KeyFrames count="91">
                        <i>1 0 0 0 1 0 0 0 1 0.857627 2.33296 -1.89876</i>
                        <i>1 0 0 0 1 0 0 0 1 0.864272 2.22188 -2.10698</i>
                        <i>1 0 0 0 1 0 0 0 1 0.997182 2.19384 -2.27139</i>
                        <i>1 0 0 0 1 0 0 0 1 1.55808 2.74327 -2.31362</i>
                        <i>1 0 0 0 1 0 0 0 1 2.14834 2.99729 -2.29596</i>
                        <i>1 0 0 0 1 0 0 0 1 2.45143 3.05893 -2.24846</i>
                        <i>1 0 0 0 1 0 0 0 1 2.66836 3.17759 -2.18666</i>
                        <i>1 0 0 0 1 0 0 0 1 2.90464 3.22519 -2.16972</i>
                        <i>1 0 0 0 1 0 0 0 1 3.21416 3.06084 -2.23098</i>
                        <i>1 0 0 0 1 0 0 0 1 3.54323 2.79156 -2.33748</i>
                        <i>1 0 0 0 1 0 0 0 1 3.836 2.50869 -2.44898</i>
                        <i>1 0 0 0 1 0 0 0 1 3.94758 2.18836 -2.60435</i>
                        <i>1 0 0 0 1 0 0 0 1 4.02935 2.11465 -2.72192</i>
                        <i>1 0 0 0 1 0 0 0 1 4.0463 1.98508 -2.75666</i>
                        <i>1 0 0 0 1 0 0 0 1 4.05192 1.84034 -2.77506</i>
                        <i>1 0 0 0 1 0 0 0 1 4.05031 1.69293 -2.78261</i>
                        <i>1 0 0 0 1 0 0 0 1 4.04562 1.55527 -2.78477</i>
                        <i>1 0 0 0 1 0 0 0 1 4.04195 1.44082 -2.78702</i>
                        <i>1 0 0 0 1 0 0 0 1 4.0434 1.36553 -2.79479</i>
                        <i>1 0 0 0 1 0 0 0 1 4.05238 1.32776 -2.80405</i>
                        <i>1 0 0 0 1 0 0 0 1 4.06128 1.44607 -2.80911</i>
                        <i>1 0 0 0 1 0 0 0 1 4.06597 1.44362 -2.81269</i>
                        <i>1 0 0 0 1 0 0 0 1 4.06994 1.43399 -2.81567</i>
                        <i>1 0 0 0 1 0 0 0 1 4.07349 1.42013 -2.81829</i>
                        <i>1 0 0 0 1 0 0 0 1 4.07692 1.40495 -2.82079</i>
                        <i>1 0 0 0 1 0 0 0 1 4.08054 1.39138 -2.82341</i>
                        <i>1 0 0 0 1 0 0 0 1 4.08466 1.38235 -2.82637</i>
                        <i>1 0 0 0 1 0 0 0 1 4.08956 1.37864 -2.82995</i>
                        <i>1 0 0 0 1 0 0 0 1 4.09503 1.37818 -2.83398</i>
                        <i>1 0 0 0 1 0 0 0 1 4.10063 1.37957 -2.83804</i>
                        <i>1 0 0 0 1 0 0 0 1 4.10591 1.38142 -2.84168</i>
                        <i>1 0 0 0 1 0 0 0 1 4.11043 1.38235 -2.84449</i>
                        <i>1 0 0 0 1 0 0 0 1 4.11431 1.38235 -2.84625</i>
                        <i>1 0 0 0 1 0 0 0 1 4.11786 1.38235 -2.84724</i>
                        <i>1 0 0 0 1 0 0 0 1 4.12088 1.38235 -2.84779</i>
                        <i>1 0 0 0 1 0 0 0 1 4.12316 1.38235 -2.84822</i>
                        <i>1 0 0 0 1 0 0 0 1 4.1245 1.38235 -2.84886</i>
                        <i>1 0 0 0 1 0 0 0 1 4.12506 1.38235 -2.84945</i>
                        <i>1 0 0 0 1 0 0 0 1 4.12522 1.38235 -2.84961</i>
                        <i>1 0 0 0 1 0 0 0 1 4.1251 1.38235 -2.8495</i>
                        <i>1 0 0 0 1 0 0 0 1 4.12486 1.38235 -2.84924</i>
                        <i>1 0 0 0 1 0 0 0 1 4.12461 1.38235 -2.84898</i>
                        <i>1 0 0 0 1 0 0 0 1 4.1245 1.38235 -2.84886</i>
                        <i>1 0 0 0 1 0 0 0 1 4.1245 1.38235 -2.84886</i>
                        <i>1 0 0 0 1 0 0 0 1 4.1245 1.38235 -2.84886</i>
                        <i>1 0 0 0 1 0 0 0 1 4.1245 1.38235 -2.84886</i>
                        <i>1 0 0 0 1 0 0 0 1 4.1245 1.38235 -2.84886</i>
                        <i>1 0 0 0 1 0 0 0 1 4.1245 1.38235 -2.84886</i>
                        <i>1 0 0 0 1 0 0 0 1 4.1245 1.38235 -2.84886</i>
                        <i>1 0 0 0 1 0 0 0 1 4.1245 1.38235 -2.84886</i>
                        <i>1 0 0 0 1 0 0 0 1 4.1245 1.38235 -2.84886</i>
                        <i>1 0 0 0 1 0 0 0 1 4.1245 1.38235 -2.84886</i>
                        <i>1 0 0 0 1 0 0 0 1 4.1245 1.38235 -2.84886</i>
                        <i>1 0 0 0 1 0 0 0 1 4.1245 1.38235 -2.84886</i>
                        <i>1 0 0 0 1 0 0 0 1 4.1245 1.38235 -2.84886</i>
                        <i>1 0 0 0 1 0 0 0 1 4.1245 1.38235 -2.84886</i>
                        <i>1 0 0 0 1 0 0 0 1 4.1245 1.38235 -2.84886</i>
                        <i>1 0 0 0 1 0 0 0 1 4.1245 1.38235 -2.84886</i>
                        <i>1 0 0 0 1 0 0 0 1 4.1245 1.38235 -2.84886</i>
                        <i>1 0 0 0 1 0 0 0 1 4.1245 1.38235 -2.84886</i>
                        <i>1 0 0 0 1 0 0 0 1 4.1245 1.38235 -2.84886</i>
                        <i>1 0 0 0 1 0 0 0 1 4.1245 1.38235 -2.84886</i>
                        <i>1 0 0 0 1 0 0 0 1 4.1245 1.38235 -2.84886</i>
                        <i>1 0 0 0 1 0 0 0 1 4.1245 1.38235 -2.84886</i>
                        <i>1 0 0 0 1 0 0 0 1 4.1245 1.38235 -2.84886</i>
                        <i>1 0 0 0 1 0 0 0 1 4.1245 1.38235 -2.84886</i>
                        <i>1 0 0 0 1 0 0 0 1 4.1245 1.38235 -2.84886</i>
                        <i>1 0 0 0 1 0 0 0 1 4.1245 1.38235 -2.84886</i>
                        <i>1 0 0 0 1 0 0 0 1 4.1245 1.38235 -2.84886</i>
                        <i>1 0 0 0 1 0 0 0 1 4.1245 1.38235 -2.84886</i>
                        <i>1 0 0 0 1 0 0 0 1 4.1245 1.38235 -2.84886</i>
                        <i>1 0 0 0 1 0 0 0 1 4.1245 1.38235 -2.84886</i>
                        <i>1 0 0 0 1 0 0 0 1 4.1245 1.38235 -2.84886</i>
                        <i>1 0 0 0 1 0 0 0 1 4.1245 1.38235 -2.84886</i>
                        <i>1 0 0 0 1 0 0 0 1 4.1245 1.38235 -2.84886</i>
                        <i>1 0 0 0 1 0 0 0 1 4.1245 1.38235 -2.84886</i>
                        <i>1 0 0 0 1 0 0 0 1 4.1245 1.38235 -2.84886</i>
                        <i>1 0 0 0 1 0 0 0 1 4.1245 1.38235 -2.84886</i>
                        <i>1 0 0 0 1 0 0 0 1 4.1245 1.38235 -2.84886</i>
                        <i>1 0 0 0 1 0 0 0 1 4.1245 1.38235 -2.84886</i>
                        <i>1 0 0 0 1 0 0 0 1 4.1245 1.38235 -2.84886</i>
                        <i>1 0 0 0 1 0 0 0 1 4.1245 1.38235 -2.84886</i>
                        <i>1 0 0 0 1 0 0 0 1 4.1245 1.38235 -2.84886</i>
                        <i>1 0 0 0 1 0 0 0 1 4.1245 1.38235 -2.84886</i>
                        <i>1 0 0 0 1 0 0 0 1 4.1245 1.38235 -2.84886</i>
                        <i>1 0 0 0 1 0 0 0 1 4.1245 1.38235 -2.84886</i>
                        <i>1 0 0 0 1 0 0 0 1 4.1245 1.38235 -2.84886</i>
                        <i>1 0 0 0 1 0 0 0 1 4.1245 1.38235 -2.84886</i>
                        <i>1 0 0 0 1 0 0 0 1 4.1245 1.38235 -2.84886</i>
                        <i>1 0 0 0 1 0 0 0 1 4.1245 1.38235 -2.84886</i>
                        <i>1 0 0 0 1 0 0 0 1 4.1245 1.38235 -2.84886</i>
                    </KeyFrames>
                </p>
            </i>
            <i>
                <p>
                    <Name><![CDATA[spine0]]></Name>
                    <Exclude>0</Exclude>
                    <Additive>0</Additive>
                    <IKPriority>0</IKPriority>
                    <IKRotLimits>-1e+010 -1e+010 -1e+010 1e+010 1e+010 1e+010</IKRotLimits>
                    <IKRotLimitOrder>0</IKRotLimitOrder>
                    <KeyFrames count="91">
                        <i>-0.177369 0.971702 0.156 -0.665113 -0.00152144 -0.746741 -0.725372 -0.236206 0.646561 0.886035 2.4722 -1.92116</i>
                        <i>-0.263748 0.961434 -0.0779871 -0.176087 -0.127481 -0.976085 -0.948383 -0.243708 0.202919 0.898686 2.36031 -2.12565</i>
                        <i>-0.253865 0.941674 -0.220913 0.225485 -0.164485 -0.960261 -0.94059 -0.293589 -0.170577 1.03506 2.33249 -2.27755</i>
                        <i>-0.262121 0.941904 -0.210023 0.173106 -0.168211 -0.970433 -0.949382 -0.290727 -0.118957 1.62275 2.87174 -2.31679</i>
                        <i>-0.321108 0.939191 -0.121699 0.0132863 -0.124024 -0.99219 -0.946949 -0.320217 0.0273468 2.23717 3.10978 -2.30825</i>
                        <i>-0.274804 0.959772 -0.0576291 -0.022551 -0.0663538 -0.997541 -0.961236 -0.272829 0.0398781 2.54454 3.16769 -2.26248</i>
                        <i>-0.186588 0.982438 -0.000187678 -0.0433661 -0.0084271 -0.999024 -0.981481 -0.186398 0.0441769 2.75991 3.28776 -2.19996</i>
                        <i>-0.138173 0.9891 0.0508876 -0.0608581 0.0428042 -0.997228 -0.988537 -0.140887 0.0542804 2.99311 3.33807 -2.18113</i>
                        <i>-0.178577 0.978631 0.101939 -0.076711 0.0894412 -0.993034 -0.980931 -0.185152 0.0590996 3.29628 3.17865 -2.23957</i>
                        <i>-0.252673 0.955719 0.150856 -0.0884271 0.132452 -0.987237 -0.963502 -0.262788 0.0510444 3.61721 2.91486 -2.34189</i>
                        <i>-0.266732 0.944553 0.191503 -0.0925422 0.172682 -0.980621 -0.959318 -0.279285 0.0413511 3.90998 2.63207 -2.44959</i>
                        <i>0.0786192 0.976491 0.200711 -0.0517322 0.205059 -0.977382 -0.995562 0.0664577 0.0666376 4.06156 2.27605 -2.60806</i>
                        <i>-0.0550482 0.972624 0.22577 -0.0348507 0.224104 -0.973942 -0.997875 -0.061482 0.0215601 4.13358 2.21373 -2.71808</i>
                        <i>-0.0906326 0.972616 0.214017 -0.0339694 0.211757 -0.976732 -0.995305 -0.0957937 0.0138471 4.14746 2.08717 -2.7503</i>
                        <i>-0.126095 0.97234 0.196607 -0.0351683 0.193683 -0.980434 -0.991395 -0.130542 0.00977312 4.14918 1.94597 -2.76633</i>
                        <i>-0.161542 0.971222 0.175018 -0.036625 0.171325 -0.984534 -0.986186 -0.165453 0.00789499 4.14317 1.80226 -2.7717</i>
                        <i>-0.197483 0.968621 0.150907 -0.0370202 0.14646 -0.988524 -0.979607 -0.200803 0.00693524 4.13393 1.66811 -2.77193</i>
                        <i>-0.234709 0.963858 0.126055 -0.0357057 0.121041 -0.992005 -0.97141 -0.237334 0.0060058 4.12597 1.55669 -2.77248</i>
                        <i>-0.274044 0.956261 0.102294 -0.0327019 0.0970388 -0.994743 -0.961161 -0.275949 0.00467866 4.12384 1.48373 -2.7788</i>
                        <i>-0.349778 0.933144 0.0830468 -0.0334303 0.0761574 -0.996535 -0.936236 -0.351342 0.00455712 4.13214 1.44634 -2.78748</i>
                        <i>-0.393816 0.916111 0.0751596 -0.0377063 0.0655977 -0.997133 -0.918416 -0.395521 0.00870981 4.14339 1.56307 -2.7928</i>
                        <i>-0.359532 0.929871 0.0779477 -0.0401216 0.0680514 -0.996875 -0.93227 -0.361536 0.0128413 4.15185 1.55794 -2.79687</i>
                        <i>-0.307433 0.947937 0.0830657 -0.0425676 0.0735057 -0.996386 -0.950617 -0.309858 0.0177534 4.16054 1.54472 -2.80055</i>
                        <i>-0.244792 0.965473 0.0890973 -0.0442945 0.0806613 -0.995757 -0.968563 -0.2477 0.0230199 4.16886 1.52688 -2.80397</i>
                        <i>-0.179619 0.979146 0.0949261 -0.0448846 0.0882379 -0.995088 -0.982712 -0.182998 0.0280994 4.17636 1.50803 -2.80723</i>
                        <i>-0.120511 0.987676 0.0998642 -0.0442631 0.0951512 -0.994478 -0.991725 -0.124266 0.0322508 4.18264 1.49189 -2.8104</i>
                        <i>-0.0762678 0.991688 0.103629 -0.0425635 0.100599 -0.994016 -0.996179 -0.0802223 0.0345372 4.1874 1.48223 -2.81355</i>
                        <i>-0.0497632 0.992975 0.107352 -0.0390854 0.105467 -0.993654 -0.997996 -0.0536434 0.0335624 4.18965 1.48113 -2.81673</i>
                        <i>-0.0370511 0.99306 0.111622 -0.0344713 0.110362 -0.993293 -0.998719 -0.0406503 0.030143 4.18928 1.48595 -2.81986</i>
                        <i>-0.0357059 0.99266 0.115551 -0.0302637 0.114497 -0.992962 -0.998904 -0.0389516 0.0259533 4.18735 1.49335 -2.82286</i>
                        <i>-0.0413794 0.992115 0.118301 -0.0272235 0.117239 -0.99273 -0.998773 -0.0442992 0.0221575 4.18525 1.50034 -2.82557</i>
                        <i>-0.0479024 0.991724 0.119118 -0.0256891 0.117992 -0.992682 -0.998522 -0.0506119 0.0198244 4.18472 1.50441 -2.82781</i>
                        <i>-0.0548077 0.991583 0.117297 -0.0255969 0.116039 -0.992915 -0.998169 -0.0574218 0.0190216 4.18672 1.50551 -2.82937</i>
                        <i>-0.0651065 0.991419 0.113354 -0.0263912 0.111845 -0.993375 -0.997529 -0.0676667 0.0188829 4.19025 1.50552 -2.83036</i>
                        <i>-0.0775587 0.99108 0.108377 -0.0277215 0.106519 -0.993924 -0.996602 -0.0800919 0.0192128 4.19419 1.50498 -2.831</i>
                        <i>-0.0906393 0.990486 0.103551 -0.0291193 0.101299 -0.99443 -0.995458 -0.0931498 0.0196606 4.19741 1.50443 -2.83154</i>
                        <i>-0.102151 0.989707 0.100225 -0.0298829 0.097654 -0.994772 -0.99432 -0.104612 0.0195999 4.19879 1.50441 -2.83218</i>
                        <i>-0.112804 0.988725 0.0984756 -0.0298257 0.0956941 -0.994964 -0.993169 -0.115173 0.0186948 4.19829 1.50503 -2.83265</i>
                        <i>-0.124215 0.987469 0.0973433 -0.0293987 0.0943975 -0.9951 -0.99182 -0.126468 0.0173047 4.19691 1.50592 -2.83265</i>
                        <i>-0.135215 0.986084 0.0967208 -0.0287535 0.0936709 -0.995188 -0.990399 -0.137345 0.0156877 4.19504 1.50689 -2.83236</i>
                        <i>-0.144653 0.984765 0.0965016 -0.0280523 0.0934067 -0.995233 -0.989085 -0.14667 0.0141134 4.19309 1.50781 -2.83193</i>
                        <i>-0.151386 0.983745 0.0965827 -0.0274535 0.0934867 -0.995242 -0.988093 -0.153317 0.0128547 4.1915 1.50852 -2.83154</i>
                        <i>-0.154262 0.983271 0.0968632 -0.0271047 0.0937884 -0.995223 -0.987658 -0.15615 0.0121833 4.19067 1.50888 -2.83135</i>
                        <i>-0.154557 0.983185 0.0972582 -0.0269317 0.0942118 -0.995188 -0.987617 -0.156433 0.0119178 4.19041 1.50902 -2.83132</i>
                        <i>-0.154354 0.983169 0.0977427 -0.0267689 0.0947305 -0.995143 -0.987653 -0.156221 0.0116963 4.19019 1.50913 -2.8313</i>
                        <i>-0.1537 0.983215 0.0983056 -0.026616 0.0953321 -0.99509 -0.987759 -0.155562 0.0115167 4.19001 1.50922 -2.83129</i>
                        <i>-0.152645 0.983316 0.0989358 -0.026473 0.0960047 -0.995029 -0.987926 -0.154505 0.0113767 4.18988 1.50928 -2.83128</i>
                        <i>-0.151236 0.983465 0.0996221 -0.0263393 0.0967363 -0.994962 -0.988147 -0.153098 0.0112738 4.18979 1.50933 -2.83127</i>
                        <i>-0.149522 0.983653 0.100354 -0.0262145 0.097515 -0.994889 -0.988411 -0.151388 0.0112054 4.18974 1.50935 -2.83126</i>
                        <i>-0.147551 0.983872 0.101119 -0.0260982 0.0983294 -0.994812 -0.98871 -0.149424 0.0111687 4.18971 1.50937 -2.83126</i>
                        <i>-0.145369 0.984115 0.101908 -0.0259897 0.0991678 -0.994731 -0.989036 -0.147252 0.011161 4.18972 1.50936 -2.83126</i>
                        <i>-0.143025 0.984375 0.102709 -0.0258887 0.100019 -0.994649 -0.98938 -0.144919 0.011179 4.18975 1.50935 -2.83126</i>
                        <i>-0.140565 0.984645 0.103512 -0.0257947 0.100872 -0.994565 -0.989735 -0.142471 0.0112195 4.1898 1.50933 -2.83127</i>
                        <i>-0.138037 0.984919 0.104307 -0.0257074 0.101716 -0.994481 -0.990093 -0.139956 0.0112791 4.18986 1.50929 -2.83127</i>
                        <i>-0.135486 0.985191 0.105083 -0.0256266 0.102541 -0.994399 -0.990448 -0.13742 0.0113542 4.18994 1.50925 -2.83128</i>
                        <i>-0.132959 0.985455 0.105831 -0.0255522 0.103335 -0.994318 -0.990792 -0.134908 0.0114412 4.19003 1.50921 -2.83129</i>
                        <i>-0.130503 0.985707 0.10654 -0.0254842 0.104089 -0.994241 -0.99112 -0.132467 0.0115361 4.19013 1.50916 -2.8313</i>
                        <i>-0.128164 0.985942 0.107202 -0.0254228 0.104791 -0.994169 -0.991427 -0.130142 0.0116349 4.19023 1.50911 -2.83131</i>
                        <i>-0.125987 0.986157 0.107806 -0.0253682 0.105433 -0.994103 -0.991708 -0.127978 0.0117338 4.19032 1.50906 -2.83132</i>
                        <i>-0.124018 0.986347 0.108342 -0.0253207 0.106004 -0.994043 -0.991957 -0.126023 0.0118286 4.19042 1.50901 -2.83133</i>
                        <i>-0.122304 0.986511 0.108803 -0.0252807 0.106494 -0.993992 -0.992171 -0.12432 0.0119151 4.1905 1.50897 -2.83133</i>
                        <i>-0.120891 0.986644 0.109177 -0.0252488 0.106892 -0.99395 -0.992345 -0.122916 0.0119893 4.19057 1.50893 -2.83134</i>
                        <i>-0.119824 0.986743 0.109457 -0.0252255 0.107189 -0.993919 -0.992475 -0.121857 0.0120472 4.19063 1.50891 -2.83135</i>
                        <i>-0.11915 0.986805 0.109631 -0.0252111 0.107375 -0.993899 -0.992556 -0.121187 0.0120847 4.19066 1.50889 -2.83135</i>
                        <i>-0.118915 0.986827 0.109692 -0.0252062 0.10744 -0.993892 -0.992584 -0.120954 0.012098 4.19067 1.50888 -2.83135</i>
                        <i>-0.118915 0.986827 0.109692 -0.0252062 0.10744 -0.993892 -0.992584 -0.120954 0.012098 4.19067 1.50888 -2.83135</i>
                        <i>-0.118915 0.986827 0.109692 -0.0252062 0.10744 -0.993892 -0.992584 -0.120954 0.012098 4.19067 1.50888 -2.83135</i>
                        <i>-0.118915 0.986827 0.109692 -0.0252062 0.10744 -0.993892 -0.992584 -0.120954 0.012098 4.19067 1.50888 -2.83135</i>
                        <i>-0.118915 0.986827 0.109692 -0.0252062 0.10744 -0.993892 -0.992584 -0.120954 0.012098 4.19067 1.50888 -2.83135</i>
                        <i>-0.118915 0.986827 0.109692 -0.0252062 0.10744 -0.993892 -0.992584 -0.120954 0.012098 4.19067 1.50888 -2.83135</i>
                        <i>-0.118915 0.986827 0.109692 -0.0252062 0.10744 -0.993892 -0.992584 -0.120954 0.012098 4.19067 1.50888 -2.83135</i>
                        <i>-0.118915 0.986827 0.109692 -0.0252062 0.10744 -0.993892 -0.992584 -0.120954 0.012098 4.19067 1.50888 -2.83135</i>
                        <i>-0.118915 0.986827 0.109692 -0.0252062 0.10744 -0.993892 -0.992584 -0.120954 0.012098 4.19067 1.50888 -2.83135</i>
                        <i>-0.118915 0.986827 0.109692 -0.0252062 0.10744 -0.993892 -0.992584 -0.120954 0.012098 4.19067 1.50888 -2.83135</i>
                        <i>-0.118915 0.986827 0.109692 -0.0252062 0.10744 -0.993892 -0.992584 -0.120954 0.012098 4.19067 1.50888 -2.83135</i>
                        <i>-0.118915 0.986827 0.109692 -0.0252062 0.10744 -0.993892 -0.992584 -0.120954 0.012098 4.19067 1.50888 -2.83135</i>
                        <i>-0.118915 0.986827 0.109692 -0.0252062 0.10744 -0.993892 -0.992584 -0.120954 0.012098 4.19067 1.50888 -2.83135</i>
                        <i>-0.118915 0.986827 0.109692 -0.0252062 0.10744 -0.993892 -0.992584 -0.120954 0.012098 4.19067 1.50888 -2.83135</i>
                        <i>-0.118915 0.986827 0.109692 -0.0252062 0.10744 -0.993892 -0.992584 -0.120954 0.012098 4.19067 1.50888 -2.83135</i>
                        <i>-0.118915 0.986827 0.109692 -0.0252062 0.10744 -0.993892 -0.992584 -0.120954 0.012098 4.19067 1.50888 -2.83135</i>
                        <i>-0.118915 0.986827 0.109692 -0.0252062 0.10744 -0.993892 -0.992584 -0.120954 0.012098 4.19067 1.50888 -2.83135</i>
                        <i>-0.118915 0.986827 0.109692 -0.0252062 0.10744 -0.993892 -0.992584 -0.120954 0.012098 4.19067 1.50888 -2.83135</i>
                        <i>-0.118915 0.986827 0.109692 -0.0252062 0.10744 -0.993892 -0.992584 -0.120954 0.012098 4.19067 1.50888 -2.83135</i>
                        <i>-0.118915 0.986827 0.109692 -0.0252062 0.10744 -0.993892 -0.992584 -0.120954 0.012098 4.19067 1.50888 -2.83135</i>
                        <i>-0.118915 0.986827 0.109692 -0.0252062 0.10744 -0.993892 -0.992584 -0.120954 0.012098 4.19067 1.50888 -2.83135</i>
                        <i>-0.118915 0.986827 0.109692 -0.0252062 0.10744 -0.993892 -0.992584 -0.120954 0.012098 4.19067 1.50888 -2.83135</i>
                        <i>-0.118915 0.986827 0.109692 -0.0252062 0.10744 -0.993892 -0.992584 -0.120954 0.012098 4.19067 1.50888 -2.83135</i>
                        <i>-0.118915 0.986827 0.109692 -0.0252062 0.10744 -0.993892 -0.992584 -0.120954 0.012098 4.19067 1.50888 -2.83135</i>
                        <i>-0.118915 0.986827 0.109692 -0.0252062 0.10744 -0.993892 -0.992584 -0.120954 0.012098 4.19067 1.50888 -2.83135</i>
                        <i>-0.118915 0.986827 0.109692 -0.0252062 0.10744 -0.993892 -0.992584 -0.120954 0.012098 4.19067 1.50888 -2.83135</i>
                        <i>-0.118915 0.986827 0.109692 -0.0252062 0.10744 -0.993892 -0.992584 -0.120954 0.012098 4.19067 1.50888 -2.83135</i>
                    </KeyFrames>
                </p>
            </i>
            <i>
                <p>
                    <Name><![CDATA[spine1]]></Name>
                    <Exclude>0</Exclude>
                    <Additive>0</Additive>
                    <IKPriority>0</IKPriority>
                    <IKRotLimits>-1e+010 -1e+010 -1e+010 1e+010 1e+010 1e+010</IKRotLimits>
                    <IKRotLimitOrder>0</IKRotLimitOrder>
                    <KeyFrames count="91">
                        <i>-0.417473 0.858192 0.298701 -0.606587 -0.0184407 -0.794803 -0.676585 -0.512997 0.528267 0.855142 2.64152 -1.89399</i>
                        <i>-0.553487 0.827034 -0.0983219 -0.0112541 -0.12547 -0.992034 -0.832782 -0.547971 0.0787534 0.852634 2.52826 -2.13928</i>
                        <i>-0.562745 0.737678 -0.373027 0.434166 -0.120246 -0.892771 -0.703433 -0.664358 -0.252607 0.990333 2.49852 -2.31649</i>
                        <i>-0.820546 0.489448 -0.295204 0.342832 0.0081855 -0.939361 -0.457352 -0.871994 -0.174515 1.57463 3.04493 -2.3554</i>
                        <i>-0.964173 0.264472 -0.0205901 0.110394 0.329455 -0.937695 -0.241211 -0.906374 -0.346848 2.17665 3.2871 -2.33122</i>
                        <i>-0.945588 0.31383 0.0858698 0.0671568 0.446488 -0.892266 -0.31836 -0.83795 -0.443269 2.49293 3.34829 -2.27333</i>
                        <i>-0.871237 0.457639 0.177516 0.0618989 0.461184 -0.885143 -0.486943 -0.760181 -0.430128 2.72527 3.47062 -2.2</i>
                        <i>-0.783194 0.563951 0.26185 0.0472499 0.473895 -0.879313 -0.619979 -0.6763 -0.397799 2.96759 3.52135 -2.1717</i>
                        <i>-0.748468 0.575549 0.329452 0.00623967 0.502873 -0.864338 -0.663142 -0.644873 -0.379975 3.26291 3.36208 -2.22047</i>
                        <i>-0.737174 0.561021 0.376602 -0.0377584 0.522276 -0.85194 -0.674647 -0.642249 -0.363825 3.56914 3.09712 -2.31313</i>
                        <i>-0.695807 0.589482 0.410321 -0.0448898 0.534486 -0.843984 -0.716825 -0.605669 -0.345438 3.85848 2.81494 -2.41253</i>
                        <i>-0.365689 0.826132 0.428693 0.118417 0.49815 -0.858967 -0.923173 -0.263351 -0.279996 4.07715 2.46779 -2.56865</i>
                        <i>-0.454523 0.788993 0.4134 0.10234 0.507295 -0.855674 -0.884837 -0.346616 -0.311322 4.12285 2.40614 -2.67342</i>
                        <i>-0.503612 0.781634 0.368 0.105207 0.478277 -0.871885 -0.8575 -0.400375 -0.323099 4.12967 2.2799 -2.7079</i>
                        <i>-0.559905 0.767659 0.311779 0.106821 0.440031 -0.891606 -0.821642 -0.46591 -0.328378 4.12438 2.1385 -2.72741</i>
                        <i>-0.620092 0.744853 0.246333 0.109138 0.392835 -0.91311 -0.7769 -0.539328 -0.324886 4.11143 1.99405 -2.73715</i>
                        <i>-0.680569 0.711486 0.174969 0.11419 0.338886 -0.933872 -0.723731 -0.615585 -0.31188 4.09523 1.85868 -2.74225</i>
                        <i>-0.737523 0.667475 0.102652 0.123254 0.282493 -0.951318 -0.663979 -0.688966 -0.290615 4.08008 1.74576 -2.74776</i>
                        <i>-0.787413 0.615407 0.0354337 0.136224 0.229784 -0.963661 -0.601185 -0.753972 -0.264768 4.07023 1.67131 -2.75874</i>
                        <i>-0.853046 0.521698 -0.0119679 0.14308 0.211777 -0.966788 -0.501837 -0.826427 -0.2553 4.06222 1.63338 -2.77084</i>
                        <i>-0.883981 0.466799 -0.0260167 0.142832 0.216658 -0.965742 -0.44517 -0.857414 -0.258195 4.06309 1.75037 -2.77745</i>
                        <i>-0.865476 0.500589 -0.0190202 0.144525 0.213159 -0.966269 -0.479649 -0.839032 -0.256831 4.07865 1.74782 -2.78096</i>
                        <i>-0.834042 0.551667 -0.00612037 0.146128 0.210201 -0.966676 -0.531997 -0.807143 -0.25593 4.0982 1.73757 -2.78366</i>
                        <i>-0.791776 0.61073 0.0100068 0.147728 0.207366 -0.967045 -0.592678 -0.764205 -0.254409 4.11955 1.72213 -2.78596</i>
                        <i>-0.742499 0.669308 0.0268613 0.149194 0.204335 -0.967465 -0.653021 -0.714334 -0.251575 4.14051 1.70444 -2.78819</i>
                        <i>-0.692213 0.720458 0.0422068 0.15017 0.200992 -0.968014 -0.705897 -0.663733 -0.247321 4.15888 1.68801 -2.79057</i>
                        <i>-0.64878 0.759052 0.05408 0.150221 0.197417 -0.968742 -0.746002 -0.620376 -0.242106 4.17259 1.67678 -2.79323</i>
                        <i>-0.61194 0.788317 0.0639226 0.148764 0.194105 -0.969635 -0.776787 -0.583849 -0.236054 4.18018 1.67258 -2.79603</i>
                        <i>-0.57537 0.814545 0.0739338 0.146152 0.191334 -0.970583 -0.804729 -0.547638 -0.229136 4.1824 1.67302 -2.79884</i>
                        <i>-0.540292 0.837374 0.0830014 0.143351 0.188789 -0.971498 -0.829178 -0.512994 -0.22204 4.18086 1.67584 -2.80162</i>
                        <i>-0.511062 0.854889 0.0893318 0.141109 0.185965 -0.972371 -0.847882 -0.484336 -0.215672 4.17786 1.67897 -2.80428</i>
                        <i>-0.495022 0.864142 0.0906211 0.139911 0.182211 -0.973254 -0.857542 -0.469103 -0.211101 4.17624 1.68062 -2.80665</i>
                        <i>-0.502056 0.860754 0.0839186 0.139803 0.176534 -0.974316 -0.85346 -0.477429 -0.208966 4.17705 1.68099 -2.80861</i>
                        <i>-0.52931 0.845499 0.0704448 0.140392 0.169169 -0.975537 -0.836733 -0.506471 -0.208244 4.17874 1.68137 -2.81025</i>
                        <i>-0.565329 0.823086 0.0541504 0.1413 0.16131 -0.976736 -0.812673 -0.544526 -0.207495 4.1804 1.68176 -2.81167</i>
                        <i>-0.599413 0.799493 0.0389221 0.14221 0.154221 -0.977749 -0.787706 -0.58054 -0.206138 4.1812 1.68216 -2.81296</i>
                        <i>-0.622567 0.782051 0.0283998 0.142874 0.149268 -0.97842 -0.769414 -0.605074 -0.204664 4.18046 1.68256 -2.81414</i>
                        <i>-0.636426 0.771017 0.0222687 0.143304 0.146558 -0.978767 -0.757909 -0.619721 -0.203763 4.17804 1.683 -2.81493</i>
                        <i>-0.64787 0.761544 0.01777 0.143671 0.145068 -0.978935 -0.74808 -0.631669 -0.203397 4.17462 1.6835 -2.81515</i>
                        <i>-0.656768 0.753949 0.0147367 0.143961 0.14454 -0.978971 -0.740224 -0.640835 -0.203468 4.17081 1.68397 -2.81499</i>
                        <i>-0.662981 0.748523 0.0130176 0.144153 0.144703 -0.978918 -0.734627 -0.647128 -0.203837 4.16721 1.68435 -2.81463</i>
                        <i>-0.666368 0.745519 0.0124632 0.144229 0.145279 -0.978822 -0.73154 -0.650458 -0.204335 4.16444 1.68462 -2.81425</i>
                        <i>-0.66678 0.745143 0.012917 0.144186 0.145989 -0.978723 -0.731174 -0.65073 -0.204781 4.16313 1.68473 -2.81403</i>
                        <i>-0.665297 0.746448 0.0139874 0.144068 0.146744 -0.978627 -0.732546 -0.649063 -0.205168 4.16282 1.68476 -2.81394</i>
                        <i>-0.663156 0.748323 0.01537 0.143915 0.147634 -0.978516 -0.734515 -0.646697 -0.205599 4.16265 1.68478 -2.81384</i>
                        <i>-0.660422 0.750701 0.0170301 0.14373 0.14864 -0.97839 -0.73701 -0.643703 -0.206064 4.16261 1.68478 -2.81374</i>
                        <i>-0.657161 0.753513 0.0189326 0.14352 0.149747 -0.978252 -0.739961 -0.640152 -0.206552 4.16268 1.68477 -2.81362</i>
                        <i>-0.653437 0.756689 0.0210424 0.143289 0.150936 -0.978104 -0.743296 -0.636114 -0.207052 4.16286 1.68475 -2.8135</i>
                        <i>-0.649317 0.760161 0.023324 0.143043 0.152191 -0.977945 -0.746945 -0.63166 -0.207556 4.16312 1.68472 -2.81337</i>
                        <i>-0.644867 0.763861 0.0257419 0.142787 0.153494 -0.977779 -0.750839 -0.626862 -0.208053 4.16346 1.68468 -2.81324</i>
                        <i>-0.640156 0.767725 0.0282604 0.142526 0.15483 -0.977606 -0.754908 -0.621793 -0.208536 4.16387 1.68464 -2.81311</i>
                        <i>-0.635254 0.771687 0.0308439 0.142265 0.15618 -0.97743 -0.759087 -0.616528 -0.208998 4.16432 1.68459 -2.81298</i>
                        <i>-0.630232 0.775686 0.0334566 0.142008 0.15753 -0.97725 -0.763309 -0.611143 -0.209434 4.16482 1.68453 -2.81285</i>
                        <i>-0.625163 0.779661 0.0360629 0.141759 0.158862 -0.977071 -0.767513 -0.605716 -0.209838 4.16535 1.68447 -2.81272</i>
                        <i>-0.62012 0.783555 0.0386271 0.141521 0.16016 -0.976893 -0.771637 -0.600325 -0.210208 4.16589 1.6844 -2.8126</i>
                        <i>-0.615181 0.787313 0.0411137 0.141297 0.161409 -0.97672 -0.775621 -0.59505 -0.210541 4.16644 1.68434 -2.81248</i>
                        <i>-0.610422 0.790882 0.0434872 0.14109 0.162593 -0.976554 -0.77941 -0.589974 -0.210836 4.16698 1.68427 -2.81237</i>
                        <i>-0.605922 0.79421 0.0457125 0.140902 0.163696 -0.976397 -0.782947 -0.585179 -0.211093 4.1675 1.68421 -2.81227</i>
                        <i>-0.60176 0.797248 0.0477542 0.140735 0.164702 -0.976252 -0.78618 -0.580748 -0.211312 4.16799 1.68415 -2.81218</i>
                        <i>-0.598018 0.799948 0.0495774 0.140589 0.165596 -0.976121 -0.789056 -0.576768 -0.211494 4.16844 1.68409 -2.8121</i>
                        <i>-0.594775 0.802263 0.0511471 0.140468 0.166363 -0.976008 -0.791524 -0.573321 -0.211641 4.16883 1.68404 -2.81203</i>
                        <i>-0.592114 0.804147 0.0524286 0.140371 0.166986 -0.975916 -0.793534 -0.570494 -0.211754 4.16916 1.68399 -2.81197</i>
                        <i>-0.590115 0.805552 0.053387 0.1403 0.167451 -0.975846 -0.795035 -0.568371 -0.211834 4.1694 1.68396 -2.81193</i>
                        <i>-0.588857 0.806432 0.0539875 0.140256 0.167741 -0.975803 -0.795974 -0.567037 -0.211882 4.16956 1.68394 -2.8119</i>
                        <i>-0.588421 0.806737 0.0541955 0.140241 0.167841 -0.975788 -0.7963 -0.566573 -0.211899 4.16962 1.68393 -2.81189</i>
                        <i>-0.588421 0.806737 0.0541955 0.140241 0.167841 -0.975788 -0.7963 -0.566573 -0.211899 4.16962 1.68393 -2.81189</i>
                        <i>-0.588421 0.806737 0.0541955 0.140241 0.167841 -0.975788 -0.7963 -0.566573 -0.211899 4.16962 1.68393 -2.81189</i>
                        <i>-0.588421 0.806737 0.0541955 0.140241 0.167841 -0.975788 -0.7963 -0.566573 -0.211899 4.16962 1.68393 -2.81189</i>
                        <i>-0.588421 0.806737 0.0541955 0.140241 0.167841 -0.975788 -0.7963 -0.566573 -0.211899 4.16962 1.68393 -2.81189</i>
                        <i>-0.588421 0.806737 0.0541955 0.140241 0.167841 -0.975788 -0.7963 -0.566573 -0.211899 4.16962 1.68393 -2.81189</i>
                        <i>-0.588421 0.806737 0.0541955 0.140241 0.167841 -0.975788 -0.7963 -0.566573 -0.211899 4.16962 1.68393 -2.81189</i>
                        <i>-0.588421 0.806737 0.0541955 0.140241 0.167841 -0.975788 -0.7963 -0.566573 -0.211899 4.16962 1.68393 -2.81189</i>
                        <i>-0.588421 0.806737 0.0541955 0.140241 0.167841 -0.975788 -0.7963 -0.566573 -0.211899 4.16962 1.68393 -2.81189</i>
                        <i>-0.588421 0.806737 0.0541955 0.140241 0.167841 -0.975788 -0.7963 -0.566573 -0.211899 4.16962 1.68393 -2.81189</i>
                        <i>-0.588421 0.806737 0.0541955 0.140241 0.167841 -0.975788 -0.7963 -0.566573 -0.211899 4.16962 1.68393 -2.81189</i>
                        <i>-0.588421 0.806737 0.0541955 0.140241 0.167841 -0.975788 -0.7963 -0.566573 -0.211899 4.16962 1.68393 -2.81189</i>
                        <i>-0.588421 0.806737 0.0541955 0.140241 0.167841 -0.975788 -0.7963 -0.566573 -0.211899 4.16962 1.68393 -2.81189</i>
                        <i>-0.588421 0.806737 0.0541955 0.140241 0.167841 -0.975788 -0.7963 -0.566573 -0.211899 4.16962 1.68393 -2.81189</i>
                        <i>-0.588421 0.806737 0.0541955 0.140241 0.167841 -0.975788 -0.7963 -0.566573 -0.211899 4.16962 1.68393 -2.81189</i>
                        <i>-0.588421 0.806737 0.0541955 0.140241 0.167841 -0.975788 -0.7963 -0.566573 -0.211899 4.16962 1.68393 -2.81189</i>
                        <i>-0.588421 0.806737 0.0541955 0.140241 0.167841 -0.975788 -0.7963 -0.566573 -0.211899 4.16962 1.68393 -2.81189</i>
                        <i>-0.588421 0.806737 0.0541955 0.140241 0.167841 -0.975788 -0.7963 -0.566573 -0.211899 4.16962 1.68393 -2.81189</i>
                        <i>-0.588421 0.806737 0.0541955 0.140241 0.167841 -0.975788 -0.7963 -0.566573 -0.211899 4.16962 1.68393 -2.81189</i>
                        <i>-0.588421 0.806737 0.0541955 0.140241 0.167841 -0.975788 -0.7963 -0.566573 -0.211899 4.16962 1.68393 -2.81189</i>
                        <i>-0.588421 0.806737 0.0541955 0.140241 0.167841 -0.975788 -0.7963 -0.566573 -0.211899 4.16962 1.68393 -2.81189</i>
                        <i>-0.588421 0.806737 0.0541955 0.140241 0.167841 -0.975788 -0.7963 -0.566573 -0.211899 4.16962 1.68393 -2.81189</i>
