<?xml version="1.0" encoding="ISO-8859-1" ?>
<Animl Version="1">
    <ModellingPackage><![CDATA[Maya.2010]]></ModellingPackage>
    <SrcFile><![CDATA[anims\turrets\artillery\red\~src\artillery_d30\artillery_d30_aim_random_crewman_b.mb]]></SrcFile>
    <FramesPerSecond>30</FramesPerSecond>
    <TotalFrames>61</TotalFrames>
    <Skeleton>
        <RefFrame>
            <Name><![CDATA[soldier_ref_frame]]></Name>
            <Exclude>0</Exclude>
            <Additive>0</Additive>
            <IKPriority>0</IKPriority>
            <IKRotLimits>-1e+010 -1e+010 -1e+010 1e+010 1e+010 1e+010</IKRotLimits>
            <IKRotLimitOrder>0</IKRotLimitOrder>
            <KeyFrames count="61">
                <i>1 0 0 0 1 0 0 0 1 -1.16931 1.35334 -3.24053</i>
                <i>1 0 0 0 1 0 0 0 1 -1.16931 1.35334 -3.24053</i>
                <i>1 0 0 0 1 0 0 0 1 -1.16931 1.35334 -3.24053</i>
                <i>1 0 0 0 1 0 0 0 1 -1.16931 1.35334 -3.24053</i>
                <i>1 0 0 0 1 0 0 0 1 -1.16931 1.35334 -3.24053</i>
                <i>1 0 0 0 1 0 0 0 1 -1.16931 1.35334 -3.24053</i>
                <i>1 0 0 0 1 0 0 0 1 -1.16931 1.35334 -3.24053</i>
                <i>1 0 0 0 1 0 0 0 1 -1.16931 1.35334 -3.24053</i>
                <i>1 0 0 0 1 0 0 0 1 -1.16931 1.35334 -3.24053</i>
                <i>1 0 0 0 1 0 0 0 1 -1.16931 1.35334 -3.24053</i>
                <i>1 0 0 0 1 0 0 0 1 -1.16931 1.35334 -3.24053</i>
                <i>1 0 0 0 1 0 0 0 1 -1.16931 1.35334 -3.24053</i>
                <i>1 0 0 0 1 0 0 0 1 -1.16931 1.35334 -3.24053</i>
                <i>1 0 0 0 1 0 0 0 1 -1.16931 1.35334 -3.24053</i>
                <i>1 0 0 0 1 0 0 0 1 -1.16931 1.35334 -3.24053</i>
                <i>1 0 0 0 1 0 0 0 1 -1.16931 1.35334 -3.24053</i>
                <i>1 0 0 0 1 0 0 0 1 -1.16931 1.35334 -3.24053</i>
                <i>1 0 0 0 1 0 0 0 1 -1.16931 1.35334 -3.24053</i>
                <i>1 0 0 0 1 0 0 0 1 -1.16931 1.35334 -3.24053</i>
                <i>1 0 0 0 1 0 0 0 1 -1.16931 1.35334 -3.24053</i>
                <i>1 0 0 0 1 0 0 0 1 -1.16931 1.35334 -3.24053</i>
                <i>1 0 0 0 1 0 0 0 1 -1.16931 1.35334 -3.24053</i>
                <i>1 0 0 0 1 0 0 0 1 -1.16931 1.35334 -3.24053</i>
                <i>1 0 0 0 1 0 0 0 1 -1.16931 1.35334 -3.24053</i>
                <i>1 0 0 0 1 0 0 0 1 -1.16931 1.35334 -3.24053</i>
                <i>1 0 0 0 1 0 0 0 1 -1.16931 1.35334 -3.24053</i>
                <i>1 0 0 0 1 0 0 0 1 -1.16931 1.35334 -3.24053</i>
                <i>1 0 0 0 1 0 0 0 1 -1.16931 1.35334 -3.24053</i>
                <i>1 0 0 0 1 0 0 0 1 -1.16931 1.35334 -3.24053</i>
                <i>1 0 0 0 1 0 0 0 1 -1.16931 1.35334 -3.24053</i>
                <i>1 0 0 0 1 0 0 0 1 -1.16931 1.35334 -3.24053</i>
                <i>1 0 0 0 1 0 0 0 1 -1.16931 1.35334 -3.24053</i>
                <i>1 0 0 0 1 0 0 0 1 -1.16931 1.35334 -3.24053</i>
                <i>1 0 0 0 1 0 0 0 1 -1.16931 1.35334 -3.24053</i>
                <i>1 0 0 0 1 0 0 0 1 -1.16931 1.35334 -3.24053</i>
                <i>1 0 0 0 1 0 0 0 1 -1.16931 1.35334 -3.24053</i>
                <i>1 0 0 0 1 0 0 0 1 -1.16931 1.35334 -3.24053</i>
                <i>1 0 0 0 1 0 0 0 1 -1.16931 1.35334 -3.24053</i>
                <i>1 0 0 0 1 0 0 0 1 -1.16931 1.35334 -3.24053</i>
                <i>1 0 0 0 1 0 0 0 1 -1.16931 1.35334 -3.24053</i>
                <i>1 0 0 0 1 0 0 0 1 -1.16931 1.35334 -3.24053</i>
                <i>1 0 0 0 1 0 0 0 1 -1.16931 1.35334 -3.24053</i>
                <i>1 0 0 0 1 0 0 0 1 -1.16931 1.35334 -3.24053</i>
                <i>1 0 0 0 1 0 0 0 1 -1.16931 1.35334 -3.24053</i>
                <i>1 0 0 0 1 0 0 0 1 -1.16931 1.35334 -3.24053</i>
                <i>1 0 0 0 1 0 0 0 1 -1.16931 1.35334 -3.24053</i>
                <i>1 0 0 0 1 0 0 0 1 -1.16931 1.35334 -3.24053</i>
                <i>1 0 0 0 1 0 0 0 1 -1.16931 1.35334 -3.24053</i>
                <i>1 0 0 0 1 0 0 0 1 -1.16931 1.35334 -3.24053</i>
                <i>1 0 0 0 1 0 0 0 1 -1.16931 1.35334 -3.24053</i>
                <i>1 0 0 0 1 0 0 0 1 -1.16931 1.35334 -3.24053</i>
                <i>1 0 0 0 1 0 0 0 1 -1.16931 1.35334 -3.24053</i>
                <i>1 0 0 0 1 0 0 0 1 -1.16931 1.35334 -3.24053</i>
                <i>1 0 0 0 1 0 0 0 1 -1.16931 1.35334 -3.24053</i>
                <i>1 0 0 0 1 0 0 0 1 -1.16931 1.35334 -3.24053</i>
                <i>1 0 0 0 1 0 0 0 1 -1.16931 1.35334 -3.24053</i>
                <i>1 0 0 0 1 0 0 0 1 -1.16931 1.35334 -3.24053</i>
                <i>1 0 0 0 1 0 0 0 1 -1.16931 1.35334 -3.24053</i>
                <i>1 0 0 0 1 0 0 0 1 -1.16931 1.35334 -3.24053</i>
                <i>1 0 0 0 1 0 0 0 1 -1.16931 1.35334 -3.24053</i>
                <i>1 0 0 0 1 0 0 0 1 -1.16931 1.35334 -3.24053</i>
            </KeyFrames>
        </RefFrame>
        <Bones count="23">
            <i>
                <p>
                    <Name><![CDATA[pelvis]]></Name>
                    <Exclude>0</Exclude>
                    <Additive>0</Additive>
                    <IKPriority>0</IKPriority>
                    <IKRotLimits>-1e+010 -1e+010 -1e+010 1e+010 1e+010 1e+010</IKRotLimits>
                    <IKRotLimitOrder>2</IKRotLimitOrder>
                    <KeyFrames count="61">
                        <i>1 0 0 0 1 0 0 0 1 -1.27 2.43 -3.24053</i>
                        <i>1 0 0 0 1 0 0 0 1 -1.27005 2.42624 -3.24053</i>
                        <i>1 0 0 0 1 0 0 0 1 -1.27016 2.41752 -3.24053</i>
                        <i>1 0 0 0 1 0 0 0 1 -1.27031 2.40768 -3.24053</i>
                        <i>1 0 0 0 1 0 0 0 1 -1.27048 2.40056 -3.24053</i>
                        <i>1 0 0 0 1 0 0 0 1 -1.27062 2.4 -3.24053</i>
                        <i>1 0 0 0 1 0 0 0 1 -1.27072 2.40944 -3.24053</i>
                        <i>1 0 0 0 1 0 0 0 1 -1.27074 2.42632 -3.24053</i>
                        <i>1 0 0 0 1 0 0 0 1 -1.27064 2.44548 -3.24053</i>
                        <i>1 0 0 0 1 0 0 0 1 -1.2704 2.46176 -3.24053</i>
                        <i>1 0 0 0 1 0 0 0 1 -1.27 2.47 -3.24053</i>
                        <i>1 0 0 0 1 0 0 0 1 -1.26993 2.46972 -3.24053</i>
                        <i>1 0 0 0 1 0 0 0 1 -1.26975 2.46895 -3.24053</i>
                        <i>1 0 0 0 1 0 0 0 1 -1.26944 2.46776 -3.24053</i>
                        <i>1 0 0 0 1 0 0 0 1 -1.26903 2.46623 -3.24053</i>
                        <i>1 0 0 0 1 0 0 0 1 -1.26852 2.46444 -3.24053</i>
                        <i>1 0 0 0 1 0 0 0 1 -1.26792 2.46248 -3.24053</i>
                        <i>1 0 0 0 1 0 0 0 1 -1.26724 2.46042 -3.24053</i>
                        <i>1 0 0 0 1 0 0 0 1 -1.26649 2.45834 -3.24053</i>
                        <i>1 0 0 0 1 0 0 0 1 -1.26568 2.45632 -3.24053</i>
                        <i>1 0 0 0 1 0 0 0 1 -1.26481 2.45444 -3.24053</i>
                        <i>1 0 0 0 1 0 0 0 1 -1.26391 2.45279 -3.24053</i>
                        <i>1 0 0 0 1 0 0 0 1 -1.26296 2.45144 -3.24053</i>
                        <i>1 0 0 0 1 0 0 0 1 -1.26199 2.45047 -3.24053</i>
                        <i>1 0 0 0 1 0 0 0 1 -1.261 2.44996 -3.24053</i>
                        <i>1 0 0 0 1 0 0 0 1 -1.26 2.45 -3.24053</i>
                        <i>1 0 0 0 1 0 0 0 1 -1.259 2.45067 -3.24053</i>
                        <i>1 0 0 0 1 0 0 0 1 -1.25801 2.45196 -3.24053</i>
                        <i>1 0 0 0 1 0 0 0 1 -1.25704 2.45376 -3.24053</i>
                        <i>1 0 0 0 1 0 0 0 1 -1.25609 2.45598 -3.24053</i>
                        <i>1 0 0 0 1 0 0 0 1 -1.25519 2.45852 -3.24053</i>
                        <i>1 0 0 0 1 0 0 0 1 -1.25432 2.46128 -3.24053</i>
                        <i>1 0 0 0 1 0 0 0 1 -1.25351 2.46417 -3.24053</i>
                        <i>1 0 0 0 1 0 0 0 1 -1.25276 2.46708 -3.24053</i>
                        <i>1 0 0 0 1 0 0 0 1 -1.25208 2.46992 -3.24053</i>
                        <i>1 0 0 0 1 0 0 0 1 -1.25148 2.47259 -3.24053</i>
                        <i>1 0 0 0 1 0 0 0 1 -1.25097 2.475 -3.24053</i>
                        <i>1 0 0 0 1 0 0 0 1 -1.25056 2.47704 -3.24053</i>
                        <i>1 0 0 0 1 0 0 0 1 -1.25025 2.47862 -3.24053</i>
                        <i>1 0 0 0 1 0 0 0 1 -1.25007 2.47964 -3.24053</i>
                        <i>1 0 0 0 1 0 0 0 1 -1.25 2.48 -3.24053</i>
                        <i>1 0 0 0 1 0 0 0 1 -1.25014 2.47912 -3.24053</i>
                        <i>1 0 0 0 1 0 0 0 1 -1.25056 2.47767 -3.24053</i>
                        <i>1 0 0 0 1 0 0 0 1 -1.25121 2.47572 -3.24053</i>
                        <i>1 0 0 0 1 0 0 0 1 -1.25208 2.47334 -3.24053</i>
                        <i>1 0 0 0 1 0 0 0 1 -1.25312 2.47058 -3.24053</i>
                        <i>1 0 0 0 1 0 0 0 1 -1.25432 2.46752 -3.24053</i>
                        <i>1 0 0 0 1 0 0 0 1 -1.25564 2.46422 -3.24053</i>
                        <i>1 0 0 0 1 0 0 0 1 -1.25704 2.46075 -3.24053</i>
                        <i>1 0 0 0 1 0 0 0 1 -1.2585 2.45718 -3.24053</i>
                        <i>1 0 0 0 1 0 0 0 1 -1.26 2.45357 -3.24053</i>
                        <i>1 0 0 0 1 0 0 0 1 -1.26149 2.44999 -3.24053</i>
                        <i>1 0 0 0 1 0 0 0 1 -1.26296 2.4465 -3.24053</i>
                        <i>1 0 0 0 1 0 0 0 1 -1.26436 2.44318 -3.24053</i>
                        <i>1 0 0 0 1 0 0 0 1 -1.26568 2.44008 -3.24053</i>
                        <i>1 0 0 0 1 0 0 0 1 -1.26688 2.43728 -3.24053</i>
                        <i>1 0 0 0 1 0 0 0 1 -1.26792 2.43483 -3.24053</i>
                        <i>1 0 0 0 1 0 0 0 1 -1.26878 2.43282 -3.24053</i>
                        <i>1 0 0 0 1 0 0 0 1 -1.26944 2.4313 -3.24053</i>
                        <i>1 0 0 0 1 0 0 0 1 -1.26985 2.43034 -3.24053</i>
                        <i>1 0 0 0 1 0 0 0 1 -1.27 2.43 -3.24053</i>
                    </KeyFrames>
                </p>
            </i>
            <i>
                <p>
                    <Name><![CDATA[spine0]]></Name>
                    <Exclude>0</Exclude>
                    <Additive>0</Additive>
                    <IKPriority>0</IKPriority>
                    <IKRotLimits>-1e+010 -1e+010 -1e+010 1e+010 1e+010 1e+010</IKRotLimits>
                    <IKRotLimitOrder>0</IKRotLimitOrder>
                    <KeyFrames count="61">
                        <i>0.0506409 0.998713 -0.00285972 -0.998711 0.0506501 0.00324207 0.00338275 0.00269185 0.999991 -1.25453 2.562 -3.29561</i>
                        <i>0.0496985 0.998763 -0.00173513 -0.99875 0.0497071 0.0053357 0.00541535 0.00146778 0.999984 -1.25491 2.55781 -3.29671</i>
                        <i>0.0475544 0.998869 -0.000171062 -0.99881 0.0475534 0.010783 0.010779 -0.000341921 0.999942 -1.2559 2.54807 -3.29927</i>
                        <i>0.0449764 0.998987 -0.00107359 -0.99882 0.0449885 0.0183142 0.018344 0.000248614 0.999832 -1.25734 2.53699 -3.30223</i>
                        <i>0.0415732 0.999106 -0.00769525 -0.998768 0.0417656 0.0268145 0.0271119 0.00657101 0.999611 -1.25903 2.52889 -3.30453</i>
                        <i>0.0361717 0.999164 -0.0190516 -0.998693 0.0368304 0.0354399 0.0361119 0.0177448 0.99919 -1.26073 2.52814 -3.30517</i>
                        <i>0.0286288 0.999155 -0.0294914 -0.99861 0.0298944 0.0434054 0.0442504 0.0282078 0.998622 -1.2622 2.53859 -3.30334</i>
                        <i>0.01935 0.999112 -0.0374298 -0.998507 0.021224 0.0503348 0.0510845 0.0363999 0.998031 -1.26332 2.55726 -3.29966</i>
                        <i>0.00949745 0.99904 -0.0427574 -0.998367 0.0118821 0.0558681 0.0563225 0.042157 0.997522 -1.26403 2.57832 -3.29535</i>
                        <i>0.000820907 0.998929 -0.0462536 -0.998208 0.00358594 0.0597286 0.0598305 0.0461217 0.997142 -1.2643 2.59607 -3.2917</i>
                        <i>-0.00466725 0.998773 -0.0492967 -0.998079 -0.00160746 0.0619271 0.0617719 0.0494911 0.996863 -1.26411 2.60494 -3.29004</i>
                        <i>-0.00485728 0.998743 -0.0498872 -0.998075 -0.00175753 0.0619921 0.0618265 0.0500923 0.996829 -1.26403 2.60462 -3.29017</i>
                        <i>-0.00536343 0.998658 -0.0515061 -0.998063 -0.00215337 0.0621781 0.0619838 0.0517398 0.996735 -1.26381 2.60371 -3.29053</i>
                        <i>-0.00608911 0.998527 -0.0539222 -0.998043 -0.0027124 0.062475 0.0622367 0.0541971 0.996589 -1.26346 2.60231 -3.29109</i>
                        <i>-0.00693811 0.998356 -0.0569045 -0.998016 -0.00335206 0.0628736 0.0625795 0.0572279 0.996398 -1.26298 2.6005 -3.29182</i>
                        <i>-0.00781562 0.998154 -0.0602242 -0.997983 -0.00399115 0.0633643 0.063007 0.0605979 0.996172 -1.26239 2.59838 -3.29267</i>
                        <i>-0.00862896 0.997935 -0.063656 -0.997944 -0.00455081 0.0639345 0.0635128 0.0640768 0.995922 -1.26169 2.59604 -3.29362</i>
                        <i>-0.00928776 0.997711 -0.0669793 -0.997901 -0.00495488 0.0645681 0.0640884 0.0674384 0.995663 -1.26089 2.59357 -3.29463</i>
                        <i>-0.00970357 0.997501 -0.0699774 -0.997856 -0.00512995 0.0652445 0.0647225 0.0704605 0.995413 -1.26 2.59105 -3.29567</i>
                        <i>-0.00978897 0.997325 -0.0724365 -0.997811 -0.0050046 0.0659382 0.0653993 0.0729234 0.995191 -1.25903 2.58859 -3.2967</i>
                        <i>-0.009456 0.997203 -0.074143 -0.997768 -0.00450815 0.0666192 0.0660986 0.0746075 0.99502 -1.258 2.58628 -3.2977</i>
                        <i>-0.00863891 0.997152 -0.0749237 -0.997729 -0.00359053 0.0672551 0.0667945 0.0753346 0.994919 -1.2569 2.58422 -3.29862</i>
                        <i>-0.00739366 0.99717 -0.0748211 -0.997695 -0.00230886 0.0678191 0.0674543 0.0751501 0.994888 -1.25574 2.58249 -3.29944</i>
                        <i>-0.00581218 0.997245 -0.0739432 -0.997665 -0.000751235 0.0682881 0.0680445 0.0741675 0.994922 -1.25454 2.5812 -3.30012</i>
                        <i>-0.00398667 0.997368 -0.0724006 -0.997641 0.000995015 0.0686412 0.0685326 0.0725035 0.995011 -1.2533 2.58044 -3.30064</i>
                        <i>-0.00201121 0.997523 -0.0703083 -0.997622 0.00284195 0.0688588 0.0688881 0.0702796 0.995146 -1.25203 2.58031 -3.30095</i>
                        <i>1.29671e-005 0.997696 -0.0678441 -0.997609 0.00470134 0.068946 0.0691061 0.067681 0.995311 -1.25074 2.58091 -3.30107</i>
                        <i>0.00197667 0.997867 -0.0652504 -0.9976 0.00648367 0.0689332 0.0692092 0.0649576 0.995485 -1.24944 2.5822 -3.30103</i>
                        <i>0.00376974 0.998022 -0.0627461 -0.997595 0.00809614 0.0688403 0.0692121 0.0623357 0.995652 -1.24816 2.58406 -3.30085</i>
                        <i>0.00527984 0.998151 -0.0605528 -0.997594 0.00944376 0.0686866 0.0691314 0.0600444 0.995799 -1.24689 2.58639 -3.30057</i>
                        <i>0.00639375 0.998244 -0.0588931 -0.997597 0.0104303 0.0684905 0.0689845 0.0583137 0.995912 -1.24567 2.58908 -3.30019</i>
                        <i>0.00707744 0.9983 -0.0578496 -0.997606 0.0110283 0.0682638 0.0687858 0.057228 0.995989 -1.24449 2.59202 -3.29974</i>
                        <i>0.00741486 0.99833 -0.0572966 -0.99762 0.0113129 0.0680101 0.0685447 0.056656 0.996038 -1.24338 2.59511 -3.29924</i>
                        <i>0.00747098 0.998338 -0.0571426 -0.997639 0.0113428 0.0677364 0.0682719 0.0565016 0.996065 -1.24234 2.59823 -3.29872</i>
                        <i>0.00731127 0.99833 -0.0572953 -0.99766 0.0111775 0.0674515 0.0679793 0.0566681 0.996076 -1.2414 2.60129 -3.29819</i>
                        <i>0.00700119 0.998312 -0.0576635 -0.997682 0.0108764 0.067167 0.0676807 0.0570596 0.996074 -1.24056 2.60416 -3.29768</i>
                        <i>0.0066056 0.998286 -0.0581575 -0.997705 0.010499 0.0668966 0.0673925 0.0575821 0.996064 -1.23984 2.60675 -3.29722</i>
                        <i>0.00618858 0.998257 -0.0586896 -0.997725 0.0101041 0.0666561 0.067133 0.0581436 0.996048 -1.23926 2.60895 -3.29682</i>
                        <i>0.00581336 0.998231 -0.0591741 -0.997741 0.00975036 0.0664628 0.0669222 0.0586541 0.996033 -1.23883 2.61065 -3.2965</i>
                        <i>0.00554249 0.998211 -0.0595266 -0.997752 0.00949569 0.0663345 0.0667811 0.0590252 0.99602 -1.23856 2.61175 -3.29629</i>
                        <i>0.00543831 0.998204 -0.059663 -0.997756 0.00939794 0.0662882 0.0667298 0.0591686 0.996015 -1.23847 2.61214 -3.29622</i>
                        <i>0.0073758 0.998266 -0.0583987 -0.997849 0.0111516 0.0645968 0.065136 0.0577967 0.996201 -1.23839 2.6113 -3.29609</i>
                        <i>0.00987516 0.998339 -0.056762 -0.997967 0.0134135 0.0622981 0.062956 0.0560314 0.996442 -1.23856 2.60988 -3.29597</i>
                        <i>0.0128253 0.998417 -0.054754 -0.998101 0.0160825 0.0594691 0.0602556 0.0538873 0.996727 -1.23897 2.60795 -3.29587</i>
                        <i>0.016112 0.998497 -0.0523768 -0.998238 0.0190551 0.0561864 0.0571 0.0513793 0.997046 -1.23958 2.60557 -3.29579</i>
                        <i>0.0196211 0.998575 -0.0496379 -0.998372 0.0222281 0.0525263 0.0535548 0.0485265 0.997385 -1.24037 2.60282 -3.29572</i>
                        <i>0.0232416 0.998645 -0.0465539 -0.998494 0.025502 0.0485646 0.049686 0.0453551 0.997735 -1.2413 2.59975 -3.29567</i>
                        <i>0.0268686 0.998707 -0.0431532 -0.9986 0.0287832 0.0443771 0.0455618 0.0419004 0.998082 -1.24236 2.59645 -3.29563</i>
                        <i>0.0304066 0.998758 -0.039477 -0.998686 0.031987 0.0400392 0.0412522 0.0382077 0.998418 -1.2435 2.59297 -3.2956</i>
                        <i>0.033772 0.998796 -0.0355802 -0.998751 0.0350396 0.0356263 0.0368301 0.0343326 0.998732 -1.24471 2.58938 -3.29558</i>
                        <i>0.0368957 0.998822 -0.0315306 -0.998795 0.0378801 0.0312132 0.0323708 0.0303409 0.999015 -1.24596 2.58575 -3.29556</i>
                        <i>0.0397248 0.998835 -0.0274072 -0.99882 0.0404616 0.0268745 0.0279521 0.0263072 0.999263 -1.24722 2.58214 -3.29556</i>
                        <i>0.0422232 0.998837 -0.0232986 -0.998828 0.042752 0.0226843 0.023654 0.0223134 0.999471 -1.24847 2.57863 -3.29555</i>
                        <i>0.0443722 0.998829 -0.0193004 -0.998824 0.0447337 0.0187161 0.0195576 0.0184473 0.999639 -1.24967 2.57528 -3.29556</i>
                        <i>0.0461689 0.998813 -0.015513 -0.99881 0.0464024 0.015043 0.0157449 0.0148 0.999767 -1.2508 2.57216 -3.29556</i>
                        <i>0.0476242 0.998793 -0.0120386 -0.99879 0.0477655 0.0117374 0.0122982 0.011465 0.999859 -1.25182 2.56934 -3.29557</i>
                        <i>0.0487598 0.99877 -0.00897966 -0.998767 0.0488394 0.00887147 0.00929912 0.00853602 0.99992 -1.25273 2.56687 -3.29558</i>
                        <i>0.0496036 0.998748 -0.00643681 -0.998746 0.0496455 0.0065171 0.00682851 0.00610546 0.999958 -1.25348 2.56484 -3.29559</i>
                        <i>0.0501846 0.99873 -0.00450767 -0.998728 0.0502059 0.00474604 0.00496632 0.00426376 0.999979 -1.25405 2.5633 -3.2956</i>
                        <i>0.0505264 0.998717 -0.00328575 -0.998716 0.0505383 0.00363022 0.00379162 0.00309811 0.999988 -1.25441 2.56233 -3.29561</i>
                        <i>0.0506409 0.998713 -0.00285972 -0.998711 0.0506501 0.00324207 0.00338275 0.00269185 0.999991 -1.25453 2.562 -3.29561</i>
                    </KeyFrames>
                </p>
            </i>
            <i>
                <p>
                    <Name><![CDATA[spine1]]></Name>
                    <Exclude>0</Exclude>
                    <Additive>0</Additive>
                    <IKPriority>0</IKPriority>
                    <IKRotLimits>-1e+010 -1e+010 -1e+010 1e+010 1e+010 1e+010</IKRotLimits>
                    <IKRotLimitOrder>0</IKRotLimitOrder>
                    <KeyFrames count="61">
                        <i>-0.0328617 0.976866 0.211314 -0.999408 -0.0299571 -0.016933 -0.0102109 -0.211746 0.977271 -1.2456 2.73819 -3.29614</i>
                        <i>-0.0312458 0.975946 0.215764 -0.999511 -0.0302048 -0.00812108 -0.00140863 -0.215912 0.976412 -1.24613 2.73417 -3.29704</i>
                        <i>-0.026804 0.974058 0.224704 -0.999398 -0.0310631 0.0154397 0.0220191 -0.224155 0.974305 -1.24749 2.72483 -3.29933</i>
                        <i>-0.0204288 0.972567 0.231725 -0.99824 -0.0327485 0.0494432 0.0556755 -0.230307 0.971524 -1.24936 2.71429 -3.30245</i>
                        <i>-0.0136277 0.972859 0.230999 -0.99535 -0.0352296 0.0896503 0.0953551 -0.228703 0.968815 -1.25163 2.70666 -3.30594</i>
                        <i>-0.00822607 0.975769 0.218649 -0.990497 -0.0379704 0.132186 0.137285 -0.215484 0.966809 -1.25429 2.70599 -3.3086</i>
                        <i>-0.00554377 0.981177 0.193032 -0.98401 -0.039719 0.17363 0.178029 -0.188983 0.965708 -1.25712 2.71582 -3.3086</i>
                        <i>-0.00595215 0.987372 0.15831 -0.976594 -0.0397787 0.21138 0.215008 -0.153346 0.964498 -1.25991 2.73345 -3.30629</i>
                        <i>-0.00885312 0.992514 0.121807 -0.969201 -0.0384974 0.243244 0.246113 -0.115902 0.962287 -1.26237 2.75348 -3.30287</i>
                        <i>-0.0128353 0.995706 0.091677 -0.963011 -0.036989 0.266911 0.269155 -0.0848601 0.959351 -1.26416 2.77051 -3.2998</i>
                        <i>-0.015995 0.996947 0.0764193 -0.959338 -0.0368426 0.279844 0.281805 -0.0688358 0.956999 -1.26492 2.77913 -3.29866</i>
                        <i>-0.0161434 0.99691 0.0768776 -0.959337 -0.037113 0.279813 0.281801 -0.0692344 0.956972 -1.26488 2.77885 -3.29889</i>
                        <i>-0.0165578 0.996801 0.0781941 -0.959331 -0.0378788 0.27973 0.281797 -0.0703824 0.956889 -1.26475 2.77805 -3.29954</i>
                        <i>-0.0171907 0.996624 0.0802785 -0.959318 -0.03907 0.279611 0.281804 -0.0722059 0.956751 -1.26453 2.77681 -3.30053</i>
                        <i>-0.0179935 0.996384 0.0830396 -0.959293 -0.0406156 0.279477 0.281839 -0.0746306 0.956555 -1.2642 2.77522 -3.3018</i>
                        <i>-0.0189179 0.996082 0.0863867 -0.959252 -0.0424452 0.279347 0.28192 -0.0775819 0.956296 -1.26376 2.77336 -3.30325</i>
                        <i>-0.0199159 0.995722 0.0902311 -0.959188 -0.0444904 0.279249 0.282068 -0.0809871 0.95597 -1.2632 2.77129 -3.30482</i>
                        <i>-0.020941 0.995306 0.094487 -0.959095 -0.0466852 0.279208 0.282309 -0.0847751 0.95557 -1.26252 2.76911 -3.30644</i>
                        <i>-0.0219488 0.994838 0.0990715 -0.958967 -0.0489674 0.279258 0.282667 -0.0888769 0.955092 -1.26171 2.76689 -3.30804</i>
                        <i>-0.0228971 0.994324 0.103905 -0.958797 -0.0512785 0.279427 0.283169 -0.0932254 0.954528 -1.26077 2.7647 -3.30953</i>
                        <i>-0.0237469 0.993768 0.108909 -0.958578 -0.053564 0.279747 0.283837 -0.0977546 0.953877 -1.25967 2.76264 -3.31084</i>
                        <i>-0.0244737 0.993181 0.113983 -0.95831 -0.0557757 0.280235 0.284681 -0.102373 0.95314 -1.25843 2.76078 -3.31192</i>
                        <i>-0.0251147 0.992588 0.118904 -0.958003 -0.0578838 0.280854 0.285655 -0.106857 0.952356 -1.25705 2.75922 -3.31273</i>
                        <i>-0.0257245 0.992022 0.123416 -0.957678 -0.059861 0.281548 0.28669 -0.11095 0.951577 -1.25557 2.75804 -3.31327</i>
                        <i>-0.0263568 0.991518 0.127265 -0.957355 -0.0616771 0.282255 0.28771 -0.114399 0.950861 -1.25401 2.75735 -3.31351</i>
                        <i>-0.0270638 0.991118 0.130202 -0.957056 -0.063299 0.282908 0.288637 -0.116954 0.950269 -1.25239 2.75723 -3.31345</i>
                        <i>-0.0278767 0.990837 0.132155 -0.956797 -0.0647263 0.283461 0.289418 -0.118544 0.949834 -1.25074 2.75778 -3.31313</i>
                        <i>-0.0288049 0.990666 0.133233 -0.956582 -0.0659946 0.283895 0.290038 -0.119271 0.949554 -1.2491 2.75898 -3.31262</i>
                        <i>-0.0298658 0.990604 0.133462 -0.956418 -0.0671225 0.284182 0.290471 -0.119158 0.949436 -1.24749 2.76074 -3.312</i>
                        <i>-0.031076 0.990647 0.132867 -0.956311 -0.0681297 0.284301 0.290694 -0.118227 0.949484 -1.24596 2.76294 -3.31131</i>
                        <i>-0.032452 0.990789 0.13147 -0.956267 -0.0690363 0.28423 0.290688 -0.116496 0.949699 -1.24454 2.76551 -3.31063</i>
                        <i>-0.0339771 0.991015 0.129361 -0.956284 -0.0698546 0.283974 0.290459 -0.114058 0.950066 -1.24324 2.76834 -3.30999</i>
                        <i>-0.0355859 0.991299 0.12673 -0.956349 -0.0705843 0.283575 0.290053 -0.111107 0.950539 -1.24207 2.77131 -3.30938</i>
                        <i>-0.0372215 0.991615 0.123748 -0.956451 -0.0712269 0.283069 0.28951 -0.107822 0.951083 -1.24103 2.77433 -3.30883</i>
                        <i>-0.0388268 0.991943 0.120586 -0.956579 -0.0717841 0.282495 0.288875 -0.104381 0.95166 -1.24011 2.77729 -3.30832</i>
                        <i>-0.0403445 0.992263 0.117418 -0.956722 -0.0722566 0.28189 0.288193 -0.100964 0.952235 -1.23933 2.78008 -3.30787</i>
                        <i>-0.0417167 0.992556 0.114422 -0.956867 -0.0726448 0.281297 0.287515 -0.0977523 0.952775 -1.23868 2.7826 -3.30749</i>
                        <i>-0.0428854 0.992808 0.111777 -0.957003 -0.0729483 0.280757 0.286892 -0.0949306 0.953248 -1.23818 2.78474 -3.30718</i>
                        <i>-0.0437922 0.993004 0.109663 -0.957115 -0.0731663 0.280316 0.286379 -0.0926844 0.953623 -1.23781 2.7864 -3.30695</i>
                        <i>-0.0443789 0.993131 0.108262 -0.957192 -0.0732979 0.280019 0.286031 -0.0912002 0.95387 -1.23759 2.78748 -3.3068</i>
                        <i>-0.0445874 0.993177 0.107754 -0.957221 -0.0733419 0.27991 0.285903 -0.0906642 0.95396 -1.23751 2.78786 -3.30675</i>
                        <i>-0.0440345 0.993007 0.109536 -0.959396 -0.0726092 0.272558 0.278605 -0.0930864 0.955884 -1.23709 2.78701 -3.30639</i>
                        <i>-0.0429722 0.992735 0.112385 -0.962321 -0.0713594 0.262384 0.268497 -0.0968749 0.958397 -1.23683 2.78559 -3.30599</i>
                        <i>-0.0415277 0.992356 0.116208 -0.965814 -0.069658 0.249704 0.25589 -0.101865 0.961324 -1.23672 2.78366 -3.30554</i>
                        <i>-0.0398324 0.991864 0.120911 -0.969684 -0.0675687 0.234836 0.241095 -0.107891 0.964486 -1.23675 2.7813 -3.30504</i>
                        <i>-0.0380152 0.991251 0.126394 -0.973749 -0.065154 0.218102 0.224429 -0.114785 0.967707 -1.23692 2.77857 -3.30449</i>
                        <i>-0.0361973 0.990515 0.132549 -0.977837 -0.062475 0.199831 0.206217 -0.122378 0.970824 -1.23721 2.77554 -3.30389</i>
                        <i>-0.034487 0.989656 0.139257 -0.981793 -0.0595922 0.180362 0.186794 -0.130502 0.973692 -1.23763 2.77227 -3.30325</i>
                        <i>-0.0329748 0.988677 0.14639 -0.985488 -0.0565651 0.16004 0.166509 -0.138989 0.976195 -1.23815 2.76882 -3.30258</i>
                        <i>-0.0317305 0.987591 0.15381 -0.988817 -0.0534528 0.139223 0.145717 -0.147672 0.978243 -1.23877 2.76527 -3.30187</i>
                        <i>-0.0308 0.986413 0.161369 -0.991706 -0.0503134 0.118271 0.124783 -0.156388 0.979782 -1.23947 2.76168 -3.30114</i>
                        <i>-0.0302041 0.985167 0.168918 -0.99411 -0.0472049 0.0975538 0.104081 -0.164976 0.980791 -1.24023 2.75811 -3.30041</i>
                        <i>-0.0299384 0.983881 0.1763 -0.996017 -0.0441846 0.0774436 0.083985 -0.173279 0.981285 -1.24103 2.75464 -3.29969</i>
                        <i>-0.0299742 0.982589 0.183359 -0.997443 -0.0413093 0.0583144 0.0648736 -0.181143 0.981315 -1.24185 2.75133 -3.29899</i>
                        <i>-0.0302611 0.981329 0.189943 -0.998431 -0.0386355 0.0405407 0.0471223 -0.188418 0.980958 -1.24266 2.74824 -3.29833</i>
                        <i>-0.0307306 0.980142 0.195901 -0.999044 -0.0362191 0.0244951 0.0311041 -0.194961 0.980318 -1.24343 2.74545 -3.29773</i>
                        <i>-0.0313009 0.979073 0.201086 -0.999362 -0.034116 0.0105485 0.017188 -0.200628 0.979517 -1.24413 2.74302 -3.2972</i>
                        <i>-0.0318831 0.978168 0.205357 -0.999475 -0.032382 -0.000931658 0.00573857 -0.205279 0.978687 -1.24473 2.74101 -3.29676</i>
                        <i>-0.0323884 0.97747 0.208576 -0.999471 -0.0310731 -0.00958031 -0.00288334 -0.208776 0.977959 -1.24519 2.73949 -3.29643</i>
                        <i>-0.0327359 0.977023 0.210607 -0.999429 -0.0302458 -0.0150346 -0.00831919 -0.210979 0.977455 -1.24549 2.73853 -3.29622</i>
                        <i>-0.0328617 0.976866 0.211314 -0.999408 -0.0299571 -0.016933 -0.0102109 -0.211746 0.977271 -1.2456 2.73819 -3.29614</i>
                    </KeyFrames>
                </p>
            </i>
            <i>
                <p>
                    <Name><![CDATA[spine2]]></Name>
                    <Exclude>0</Exclude>
                    <Additive>0</Additive>
                    <IKPriority>0</IKPriority>
                    <IKRotLimits>-1e+010 -1e+010 -1e+010 1e+010 1e+010 1e+010</IKRotLimits>
                    <IKRotLimitOrder>0</IKRotLimitOrder>
                    <KeyFrames count="61">
                        <i>-0.02383 0.914846 0.4031 -0.99924 -0.00936055 -0.0378278 -0.0308334 -0.403695 0.914374 -1.25096 2.89677 -3.26175</i>
                        <i>-0.0194726 0.917646 0.396921 -0.999666 -0.0111245 -0.0233238 -0.0169875 -0.397242 0.917557 -1.25122 2.89272 -3.26189</i>
                        <i>-0.0088529 0.923818 0.382731 -0.999742 -0.0161868 0.015946 0.0209263 -0.382491 0.923722 -1.25184 2.88341 -3.26264</i>
                        <i>0.00461509 0.93016 0.367127 -0.996997 -0.0241008 0.0735954 0.0773035 -0.366364 0.927255 -1.25266 2.87308 -3.2645</i>
                        <i>0.0196818 0.933886 0.357029 -0.989143 -0.0338277 0.143012 0.145634 -0.355968 0.923081 -1.25379 2.8659 -3.26801</i>
                        <i>0.0369469 0.935171 0.352264 -0.975023 -0.0435196 0.217798 0.219009 -0.351512 0.910206 -1.25552 2.86578 -3.27269</i>
                        <i>0.0559219 0.936917 0.34505 -0.954975 -0.0506594 0.292328 0.291367 -0.345861 0.8919 -1.25787 2.87595 -3.27701</i>
                        <i>0.0758479 0.939206 0.334871 -0.930947 -0.0536031 0.361198 0.357189 -0.339144 0.870286 -1.26069 2.89368 -3.28053</i>
                        <i>0.0950943 0.941408 0.323585 -0.906238 -0.0526434 0.419478 0.411935 -0.333135 0.848134 -1.26359 2.91366 -3.28318</i>
                        <i>0.111171 0.942761 0.314393 -0.885209 -0.0498554 0.462515 0.451715 -0.329721 0.828998 -1.26599 2.93059 -3.28505</i>
                        <i>0.121063 0.942482 0.311564 -0.872805 -0.0484358 0.485659 0.472816 -0.33073 0.816739 -1.26725 2.93922 -3.28638</i>
                        <i>0.12141 0.942063 0.312692 -0.872846 -0.0486788 0.485562 0.472651 -0.331884 0.816366 -1.26723 2.93897 -3.28653</i>
                        <i>0.122334 0.940913 0.315781 -0.87296 -0.0493695 0.485288 0.472203 -0.335031 0.815339 -1.26717 2.93826 -3.28696</i>
                        <i>0.123652 0.939181 0.320389 -0.873134 -0.0504477 0.484862 0.471536 -0.339697 0.813793 -1.26705 2.93717 -3.28761</i>
                        <i>0.125186 0.937021 0.326069 -0.873358 -0.0518522 0.48431 0.470716 -0.345404 0.811864 -1.26686 2.93576 -3.2884</i>
                        <i>0.126756 0.93459 0.332378 -0.873619 -0.0535221 0.483659 0.469812 -0.351678 0.809691 -1.26657 2.93411 -3.28929</i>
                        <i>0.128188 0.932056 0.338879 -0.8739 -0.0553984 0.482938 0.468899 -0.358053 0.807423 -1.26618 2.93227 -3.29021</i>
                        <i>0.12931 0.9296 0.345143 -0.874184 -0.0574254 0.482187 0.46806 -0.36407 0.805216 -1.26567 2.93031 -3.29111</i>
                        <i>0.129955 0.927408 0.35075 -0.87445 -0.0595512 0.481447 0.467386 -0.36928 0.803233 -1.26503 2.92831 -3.29192</i>
                        <i>0.129959 0.925678 0.355289 -0.874672 -0.0617287 0.480769 0.466969 -0.373242 0.801642 -1.26424 2.92632 -3.29259</i>
                        <i>0.129158 0.924607 0.358357 -0.874822 -0.0639149 0.480209 0.466909 -0.375522 0.800612 -1.26329 2.92441 -3.29307</i>
                        <i>0.127435 0.924349 0.359637 -0.874876 -0.0660685 0.479819 0.467281 -0.375783 0.800272 -1.26217 2.92265 -3.29329</i>
                        <i>0.12491 0.924849 0.359238 -0.874833 -0.0681388 0.479608 0.468043 -0.374182 0.800577 -1.2609 2.92113 -3.29328</i>
                        <i>0.12177 0.925979 0.3574 -0.874703 -0.0700711 0.479567 0.469112 -0.371016 0.801424 -1.25952 2.91995 -3.29307</i>
                        <i>0.118199 0.92761 0.354356 -0.874502 -0.0718095 0.479677 0.4704 -0.366583 0.802709 -1.25806 2.9192 -3.29268</i>
                        <i>0.114379 0.929613 0.35034 -0.874248 -0.0732969 0.479915 0.471814 -0.361176 0.804328 -1.25656 2.919 -3.29215</i>
                        <i>0.110498 0.931822 0.345685 -0.873966 -0.0745214 0.48024 0.473259 -0.355182 0.806146 -1.25504 2.91943 -3.29151</i>
                        <i>0.106751 0.934043 0.340835 -0.873684 -0.0755183 0.480597 0.474637 -0.349086 0.807996 -1.25354 2.92051 -3.29085</i>
                        <i>0.103338 0.93611 0.336184 -0.873429 -0.0763002 0.480937 0.475861 -0.343332 0.809741 -1.25211 2.92213 -3.2902</i>
                        <i>0.100458 0.937867 0.332134 -0.873227 -0.0768799 0.48121 0.476846 -0.33837 0.811248 -1.25077 2.92422 -3.28963</i>
                        <i>0.0983176 0.939168 0.329086 -0.873106 -0.0772705 0.481368 0.477514 -0.334654 0.812396 -1.24957 2.92669 -3.2892</i>
                        <i>0.0969758 0.939969 0.32719 -0.873072 -0.0774922 0.481393 0.47785 -0.332344 0.813146 -1.24852 2.92943 -3.28891</i>
                        <i>0.096278 0.940382 0.32621 -0.873108 -0.0775737 0.481316 0.477926 -0.331157 0.813586 -1.24761 2.93235 -3.28875</i>
                        <i>0.0961061 0.94048 0.325977 -0.873197 -0.0775423 0.481158 0.477797 -0.330885 0.813772 -1.24682 2.93532 -3.2887</i>
                        <i>0.0963416 0.940336 0.326322 -0.873325 -0.0774252 0.480946 0.477517 -0.33132 0.81376 -1.24617 2.93825 -3.28872</i>
                        <i>0.0968658 0.940021 0.327075 -0.873474 -0.0772497 0.480703 0.477137 -0.332256 0.813601 -1.24563 2.94103 -3.28879</i>
                        <i>0.0975598 0.939603 0.328068 -0.87363 -0.0770433 0.480453 0.47671 -0.333483 0.813349 -1.24521 2.94354 -3.2889</i>
                        <i>0.0983052 0.939153 0.329132 -0.873777 -0.0768338 0.480219 0.476287 -0.334796 0.813057 -1.24489 2.94568 -3.28902</i>
                        <i>0.098984 0.938742 0.3301 -0.8739 -0.0766494 0.480024 0.475921 -0.335989 0.81278 -1.24467 2.94734 -3.28914</i>
                        <i>0.0994777 0.938442 0.330803 -0.873985 -0.0765181 0.479892 0.475663 -0.336856 0.812572 -1.24454 2.94842 -3.28922</i>
                        <i>0.0996685 0.938326 0.331075 -0.874016 -0.0764681 0.479842 0.475565 -0.33719 0.81249 -1.2445 2.9488 -3.28926</i>
                        <i>0.0963528 0.937908 0.333234 -0.880599 -0.0757311 0.467771 0.463962 -0.338516 0.818624 -1.24399 2.9479 -3.28861</i>
                        <i>0.092015 0.937193 0.336457 -0.88946 -0.0745444 0.450893 0.447655 -0.340754 0.826736 -1.24357 2.94642 -3.28774</i>
                        <i>0.086747 0.936218 0.340544 -0.900041 -0.0728939 0.429667 0.427086 -0.343776 0.836311 -1.24323 2.94443 -3.28667</i>
                        <i>0.080642 0.935024 0.345292 -0.911771 -0.0707612 0.404558 0.402704 -0.347451 0.846822 -1.243 2.94199 -3.2854</i>
                        <i>0.0737992 0.93365 0.350503 -0.92409 -0.0681311 0.376053 0.374982 -0.351649 0.857748 -1.24289 2.93916 -3.28396</i>
                        <i>0.0663273 0.932133 0.35599 -0.936469 -0.0649982 0.344674 0.344421 -0.356235 0.868603 -1.24291 2.93602 -3.28236</i>
                        <i>0.0583456 0.930513 0.361581 -0.948433 -0.0613718 0.31098 0.311562 -0.361079 0.878949 -1.24306 2.93262 -3.28063</i>
                        <i>0.0499848 0.928828 0.367124 -0.959574 -0.0572802 0.275568 0.276984 -0.366057 0.888416 -1.24336 2.92904 -3.27879</i>
                        <i>0.0413861 0.927113 0.372491 -0.969566 -0.0527724 0.239073 0.241305 -0.371049 0.896713 -1.24379 2.92533 -3.27687</i>
                        <i>0.0326993 0.925402 0.377573 -0.978179 -0.0479202 0.202163 0.205175 -0.375945 0.903642 -1.24436 2.92158 -3.27491</i>
                        <i>0.0240812 0.923729 0.382289 -0.985276 -0.0428174 0.165525 0.169269 -0.380646 0.909097 -1.24504 2.91784 -3.27295</i>
                        <i>0.0156926 0.922123 0.386578 -0.99082 -0.0375794 0.129861 0.134275 -0.385067 0.913068 -1.24582 2.91419 -3.27102</i>
                        <i>0.00769652 0.920614 0.390398 -0.994868 -0.0323408 0.0958777 0.100892 -0.389132 0.91564 -1.24666 2.9107 -3.26916</i>
                        <i>0.000256145 0.919228 0.393726 -0.99756 -0.0272524 0.0642748 0.0698131 -0.392782 0.916978 -1.24754 2.90744 -3.26743</i>
                        <i>-0.0064668 0.917989 0.396553 -0.999108 -0.0224777 0.0357412 0.0417237 -0.395968 0.917316 -1.2484 2.90448 -3.26585</i>
                        <i>-0.0123129 0.916923 0.398875 -0.999775 -0.0181891 0.0109505 0.0172959 -0.39865 0.91694 -1.24921 2.90189 -3.26447</i>
                        <i>-0.0171253 0.916051 0.400695 -0.999849 -0.0145624 -0.00944068 -0.00281307 -0.400797 0.916163 -1.24991 2.89976 -3.26334</i>
                        <i>-0.0207501 0.915399 0.402013 -0.999623 -0.0117724 -0.0247896 -0.0179597 -0.402376 0.915298 -1.25047 2.89814 -3.26248</i>
                        <i>-0.0230351 0.914988 0.402822 -0.999356 -0.00998695 -0.0344625 -0.0275099 -0.403357 0.914629 -1.25083 2.89712 -3.26194</i>
                        <i>-0.02383 0.914846 0.4031 -0.99924 -0.00936055 -0.0378278 -0.0308334 -0.403695 0.914374 -1.25096 2.89677 -3.26175</i>
                    </KeyFrames>
                </p>
            </i>
            <i>
                <p>
                    <Name><![CDATA[head]]></Name>
                    <Exclude>0</Exclude>
                    <Additive>0</Additive>
                    <IKPriority>0</IKPriority>
                    <IKRotLimits>-1e+010 -1e+010 -1e+010 1e+010 1e+010 1e+010</IKRotLimits>
                    <IKRotLimitOrder>0</IKRotLimitOrder>
                    <KeyFrames count="61">
                        <i>0.0318031 0.989167 0.143308 -0.0150024 0.143837 -0.989488 -0.999382 0.0293188 0.0194143 -1.25192 3.13961 -3.16642</i>
                        <i>0.0524386 0.969544 0.239238 -0.0766934 0.24277 -0.967047 -0.995675 0.0323626 0.0870881 -1.25118 3.13664 -3.16916</i>
                        <i>0.119873 0.947879 0.29522 -0.226213 0.315621 -0.921527 -0.966674 0.0436837 0.252257 -1.24946 3.12964 -3.17577</i>
                        <i>0.149295 0.975528 0.161422 -0.431602 0.211171 -0.876999 -0.889624 0.061262 0.452566 -1.2475 3.12159 -3.18386</i>
                        <i>0.0959272 0.995374 0.00529303 -0.625362 0.0644033 -0.777673 -0.774417 0.0712899 0.628647 -1.24557 3.11569 -3.19088</i>
                        <i>0.0216943 0.9976 -0.065748 -0.744078 -0.0278121 -0.667513 -0.66774 0.0634029 0.74169 -1.24346 3.11568 -3.19593</i>
                        <i>-0.0150674 0.9978 -0.0645654 -0.791801 -0.0513389 -0.608618 -0.610593 0.0419526 0.790832 -1.24115 3.12526 -3.19995</i>
                        <i>-0.033917 0.998599 -0.0406284 -0.802837 -0.0514343 -0.593976 -0.595234 0.0124721 0.803456 -1.23866 3.14192 -3.2031</i>
                        <i>-0.0393502 0.999203 -0.00671779 -0.794543 -0.0353658 -0.606177 -0.605931 -0.0185156 0.795301 -1.23613 3.1606 -3.20548</i>
                        <i>-0.0399995 0.998899 0.0245287 -0.780041 -0.0158754 -0.625527 -0.624448 -0.0441541 0.779817 -1.23381 3.17628 -3.20703</i>
                        <i>-0.0460018 0.998223 0.0378734 -0.772951 -0.0115523 -0.63436 -0.632796 -0.058456 0.772109 -1.23203 3.184 -3.2076</i>
                        <i>-0.0672792 0.997511 0.0211099 -0.77133 -0.0385801 -0.635265 -0.632869 -0.0590229 0.772006 -1.23188 3.18366 -3.20744</i>
                        <i>-0.112307 0.993573 -0.0141642 -0.765897 -0.0956364 -0.635811 -0.633079 -0.060558 0.771715 -1.23145 3.18271 -3.20703</i>
