<?xml version="1.0" encoding="ISO-8859-1" ?>
<Animl Version="1">
    <ModellingPackage><![CDATA[Maya.2010]]></ModellingPackage>
    <SrcFile><![CDATA[anims\turrets\artillery\red\~src\artillery_d30\artillery_d30_idle_alt_crewman_b.mb]]></SrcFile>
    <FramesPerSecond>30</FramesPerSecond>
    <TotalFrames>193</TotalFrames>
    <Skeleton>
        <RefFrame>
            <Name><![CDATA[soldier_ref_frame]]></Name>
            <Exclude>0</Exclude>
            <Additive>0</Additive>
            <IKPriority>0</IKPriority>
            <IKRotLimits>-1e+010 -1e+010 -1e+010 1e+010 1e+010 1e+010</IKRotLimits>
            <IKRotLimitOrder>0</IKRotLimitOrder>
            <KeyFrames count="193">
                <i>1 0 0 0 1 0 0 0 1 -1.16931 1.35334 -3.24053</i>
                <i>1 0 0 0 1 0 0 0 1 -1.16931 1.35334 -3.24053</i>
                <i>1 0 0 0 1 0 0 0 1 -1.16931 1.35334 -3.24053</i>
                <i>1 0 0 0 1 0 0 0 1 -1.16931 1.35334 -3.24053</i>
                <i>1 0 0 0 1 0 0 0 1 -1.16931 1.35334 -3.24053</i>
                <i>1 0 0 0 1 0 0 0 1 -1.16931 1.35334 -3.24053</i>
                <i>1 0 0 0 1 0 0 0 1 -1.16931 1.35334 -3.24053</i>
                <i>1 0 0 0 1 0 0 0 1 -1.16931 1.35334 -3.24053</i>
                <i>1 0 0 0 1 0 0 0 1 -1.16931 1.35334 -3.24053</i>
                <i>1 0 0 0 1 0 0 0 1 -1.16931 1.35334 -3.24053</i>
                <i>1 0 0 0 1 0 0 0 1 -1.16931 1.35334 -3.24053</i>
                <i>1 0 0 0 1 0 0 0 1 -1.16931 1.35334 -3.24053</i>
                <i>1 0 0 0 1 0 0 0 1 -1.16931 1.35334 -3.24053</i>
                <i>1 0 0 0 1 0 0 0 1 -1.16931 1.35334 -3.24053</i>
                <i>1 0 0 0 1 0 0 0 1 -1.16931 1.35334 -3.24053</i>
                <i>1 0 0 0 1 0 0 0 1 -1.16931 1.35334 -3.24053</i>
                <i>1 0 0 0 1 0 0 0 1 -1.16931 1.35334 -3.24053</i>
                <i>1 0 0 0 1 0 0 0 1 -1.16931 1.35334 -3.24053</i>
                <i>1 0 0 0 1 0 0 0 1 -1.16931 1.35334 -3.24053</i>
                <i>1 0 0 0 1 0 0 0 1 -1.16931 1.35334 -3.24053</i>
                <i>1 0 0 0 1 0 0 0 1 -1.16931 1.35334 -3.24053</i>
                <i>1 0 0 0 1 0 0 0 1 -1.16931 1.35334 -3.24053</i>
                <i>1 0 0 0 1 0 0 0 1 -1.16931 1.35334 -3.24053</i>
                <i>1 0 0 0 1 0 0 0 1 -1.16931 1.35334 -3.24053</i>
                <i>1 0 0 0 1 0 0 0 1 -1.16931 1.35334 -3.24053</i>
                <i>1 0 0 0 1 0 0 0 1 -1.16931 1.35334 -3.24053</i>
                <i>1 0 0 0 1 0 0 0 1 -1.16931 1.35334 -3.24053</i>
                <i>1 0 0 0 1 0 0 0 1 -1.16931 1.35334 -3.24053</i>
                <i>1 0 0 0 1 0 0 0 1 -1.16931 1.35334 -3.24053</i>
                <i>1 0 0 0 1 0 0 0 1 -1.16931 1.35334 -3.24053</i>
                <i>1 0 0 0 1 0 0 0 1 -1.16931 1.35334 -3.24053</i>
                <i>1 0 0 0 1 0 0 0 1 -1.16931 1.35334 -3.24053</i>
                <i>1 0 0 0 1 0 0 0 1 -1.16931 1.35334 -3.24053</i>
                <i>1 0 0 0 1 0 0 0 1 -1.16931 1.35334 -3.24053</i>
                <i>1 0 0 0 1 0 0 0 1 -1.16931 1.35334 -3.24053</i>
                <i>1 0 0 0 1 0 0 0 1 -1.16931 1.35334 -3.24053</i>
                <i>1 0 0 0 1 0 0 0 1 -1.16931 1.35334 -3.24053</i>
                <i>1 0 0 0 1 0 0 0 1 -1.16931 1.35334 -3.24053</i>
                <i>1 0 0 0 1 0 0 0 1 -1.16931 1.35334 -3.24053</i>
                <i>1 0 0 0 1 0 0 0 1 -1.16931 1.35334 -3.24053</i>
                <i>1 0 0 0 1 0 0 0 1 -1.16931 1.35334 -3.24053</i>
                <i>1 0 0 0 1 0 0 0 1 -1.16931 1.35334 -3.24053</i>
                <i>1 0 0 0 1 0 0 0 1 -1.16931 1.35334 -3.24053</i>
                <i>1 0 0 0 1 0 0 0 1 -1.16931 1.35334 -3.24053</i>
                <i>1 0 0 0 1 0 0 0 1 -1.16931 1.35334 -3.24053</i>
                <i>1 0 0 0 1 0 0 0 1 -1.16931 1.35334 -3.24053</i>
                <i>1 0 0 0 1 0 0 0 1 -1.16931 1.35334 -3.24053</i>
                <i>1 0 0 0 1 0 0 0 1 -1.16931 1.35334 -3.24053</i>
                <i>1 0 0 0 1 0 0 0 1 -1.16931 1.35334 -3.24053</i>
                <i>1 0 0 0 1 0 0 0 1 -1.16931 1.35334 -3.24053</i>
                <i>1 0 0 0 1 0 0 0 1 -1.16931 1.35334 -3.24053</i>
                <i>1 0 0 0 1 0 0 0 1 -1.16931 1.35334 -3.24053</i>
                <i>1 0 0 0 1 0 0 0 1 -1.16931 1.35334 -3.24053</i>
                <i>1 0 0 0 1 0 0 0 1 -1.16931 1.35334 -3.24053</i>
                <i>1 0 0 0 1 0 0 0 1 -1.16931 1.35334 -3.24053</i>
                <i>1 0 0 0 1 0 0 0 1 -1.16931 1.35334 -3.24053</i>
                <i>1 0 0 0 1 0 0 0 1 -1.16931 1.35334 -3.24053</i>
                <i>1 0 0 0 1 0 0 0 1 -1.16931 1.35334 -3.24053</i>
                <i>1 0 0 0 1 0 0 0 1 -1.16931 1.35334 -3.24053</i>
                <i>1 0 0 0 1 0 0 0 1 -1.16931 1.35334 -3.24053</i>
                <i>1 0 0 0 1 0 0 0 1 -1.16931 1.35334 -3.24053</i>
                <i>1 0 0 0 1 0 0 0 1 -1.16931 1.35334 -3.24053</i>
                <i>1 0 0 0 1 0 0 0 1 -1.16931 1.35334 -3.24053</i>
                <i>1 0 0 0 1 0 0 0 1 -1.16931 1.35334 -3.24053</i>
                <i>1 0 0 0 1 0 0 0 1 -1.16931 1.35334 -3.24053</i>
                <i>1 0 0 0 1 0 0 0 1 -1.16931 1.35334 -3.24053</i>
                <i>1 0 0 0 1 0 0 0 1 -1.16931 1.35334 -3.24053</i>
                <i>1 0 0 0 1 0 0 0 1 -1.16931 1.35334 -3.24053</i>
                <i>1 0 0 0 1 0 0 0 1 -1.16931 1.35334 -3.24053</i>
                <i>1 0 0 0 1 0 0 0 1 -1.16931 1.35334 -3.24053</i>
                <i>1 0 0 0 1 0 0 0 1 -1.16931 1.35334 -3.24053</i>
                <i>1 0 0 0 1 0 0 0 1 -1.16931 1.35334 -3.24053</i>
                <i>1 0 0 0 1 0 0 0 1 -1.16931 1.35334 -3.24053</i>
                <i>1 0 0 0 1 0 0 0 1 -1.16931 1.35334 -3.24053</i>
                <i>1 0 0 0 1 0 0 0 1 -1.16931 1.35334 -3.24053</i>
                <i>1 0 0 0 1 0 0 0 1 -1.16931 1.35334 -3.24053</i>
                <i>1 0 0 0 1 0 0 0 1 -1.16931 1.35334 -3.24053</i>
                <i>1 0 0 0 1 0 0 0 1 -1.16931 1.35334 -3.24053</i>
                <i>1 0 0 0 1 0 0 0 1 -1.16931 1.35334 -3.24053</i>
                <i>1 0 0 0 1 0 0 0 1 -1.16931 1.35334 -3.24053</i>
                <i>1 0 0 0 1 0 0 0 1 -1.16931 1.35334 -3.24053</i>
                <i>1 0 0 0 1 0 0 0 1 -1.16931 1.35334 -3.24053</i>
                <i>1 0 0 0 1 0 0 0 1 -1.16931 1.35334 -3.24053</i>
                <i>1 0 0 0 1 0 0 0 1 -1.16931 1.35334 -3.24053</i>
                <i>1 0 0 0 1 0 0 0 1 -1.16931 1.35334 -3.24053</i>
                <i>1 0 0 0 1 0 0 0 1 -1.16931 1.35334 -3.24053</i>
                <i>1 0 0 0 1 0 0 0 1 -1.16931 1.35334 -3.24053</i>
                <i>1 0 0 0 1 0 0 0 1 -1.16931 1.35334 -3.24053</i>
                <i>1 0 0 0 1 0 0 0 1 -1.16931 1.35334 -3.24053</i>
                <i>1 0 0 0 1 0 0 0 1 -1.16931 1.35334 -3.24053</i>
                <i>1 0 0 0 1 0 0 0 1 -1.16931 1.35334 -3.24053</i>
                <i>1 0 0 0 1 0 0 0 1 -1.16931 1.35334 -3.24053</i>
                <i>1 0 0 0 1 0 0 0 1 -1.16931 1.35334 -3.24053</i>
                <i>1 0 0 0 1 0 0 0 1 -1.16931 1.35334 -3.24053</i>
                <i>1 0 0 0 1 0 0 0 1 -1.16931 1.35334 -3.24053</i>
                <i>1 0 0 0 1 0 0 0 1 -1.16931 1.35334 -3.24053</i>
                <i>1 0 0 0 1 0 0 0 1 -1.16931 1.35334 -3.24053</i>
                <i>1 0 0 0 1 0 0 0 1 -1.16931 1.35334 -3.24053</i>
                <i>1 0 0 0 1 0 0 0 1 -1.16931 1.35334 -3.24053</i>
                <i>1 0 0 0 1 0 0 0 1 -1.16931 1.35334 -3.24053</i>
                <i>1 0 0 0 1 0 0 0 1 -1.16931 1.35334 -3.24053</i>
                <i>1 0 0 0 1 0 0 0 1 -1.16931 1.35334 -3.24053</i>
                <i>1 0 0 0 1 0 0 0 1 -1.16931 1.35334 -3.24053</i>
                <i>1 0 0 0 1 0 0 0 1 -1.16931 1.35334 -3.24053</i>
                <i>1 0 0 0 1 0 0 0 1 -1.16931 1.35334 -3.24053</i>
                <i>1 0 0 0 1 0 0 0 1 -1.16931 1.35334 -3.24053</i>
                <i>1 0 0 0 1 0 0 0 1 -1.16931 1.35334 -3.24053</i>
                <i>1 0 0 0 1 0 0 0 1 -1.16931 1.35334 -3.24053</i>
                <i>1 0 0 0 1 0 0 0 1 -1.16931 1.35334 -3.24053</i>
                <i>1 0 0 0 1 0 0 0 1 -1.16931 1.35334 -3.24053</i>
                <i>1 0 0 0 1 0 0 0 1 -1.16931 1.35334 -3.24053</i>
                <i>1 0 0 0 1 0 0 0 1 -1.16931 1.35334 -3.24053</i>
                <i>1 0 0 0 1 0 0 0 1 -1.16931 1.35334 -3.24053</i>
                <i>1 0 0 0 1 0 0 0 1 -1.16931 1.35334 -3.24053</i>
                <i>1 0 0 0 1 0 0 0 1 -1.16931 1.35334 -3.24053</i>
                <i>1 0 0 0 1 0 0 0 1 -1.16931 1.35334 -3.24053</i>
                <i>1 0 0 0 1 0 0 0 1 -1.16931 1.35334 -3.24053</i>
                <i>1 0 0 0 1 0 0 0 1 -1.16931 1.35334 -3.24053</i>
                <i>1 0 0 0 1 0 0 0 1 -1.16931 1.35334 -3.24053</i>
                <i>1 0 0 0 1 0 0 0 1 -1.16931 1.35334 -3.24053</i>
                <i>1 0 0 0 1 0 0 0 1 -1.16931 1.35334 -3.24053</i>
                <i>1 0 0 0 1 0 0 0 1 -1.16931 1.35334 -3.24053</i>
                <i>1 0 0 0 1 0 0 0 1 -1.16931 1.35334 -3.24053</i>
                <i>1 0 0 0 1 0 0 0 1 -1.16931 1.35334 -3.24053</i>
                <i>1 0 0 0 1 0 0 0 1 -1.16931 1.35334 -3.24053</i>
                <i>1 0 0 0 1 0 0 0 1 -1.16931 1.35334 -3.24053</i>
                <i>1 0 0 0 1 0 0 0 1 -1.16931 1.35334 -3.24053</i>
                <i>1 0 0 0 1 0 0 0 1 -1.16931 1.35334 -3.24053</i>
                <i>1 0 0 0 1 0 0 0 1 -1.16931 1.35334 -3.24053</i>
                <i>1 0 0 0 1 0 0 0 1 -1.16931 1.35334 -3.24053</i>
                <i>1 0 0 0 1 0 0 0 1 -1.16931 1.35334 -3.24053</i>
                <i>1 0 0 0 1 0 0 0 1 -1.16931 1.35334 -3.24053</i>
                <i>1 0 0 0 1 0 0 0 1 -1.16931 1.35334 -3.24053</i>
                <i>1 0 0 0 1 0 0 0 1 -1.16931 1.35334 -3.24053</i>
                <i>1 0 0 0 1 0 0 0 1 -1.16931 1.35334 -3.24053</i>
                <i>1 0 0 0 1 0 0 0 1 -1.16931 1.35334 -3.24053</i>
                <i>1 0 0 0 1 0 0 0 1 -1.16931 1.35334 -3.24053</i>
                <i>1 0 0 0 1 0 0 0 1 -1.16931 1.35334 -3.24053</i>
                <i>1 0 0 0 1 0 0 0 1 -1.16931 1.35334 -3.24053</i>
                <i>1 0 0 0 1 0 0 0 1 -1.16931 1.35334 -3.24053</i>
                <i>1 0 0 0 1 0 0 0 1 -1.16931 1.35334 -3.24053</i>
                <i>1 0 0 0 1 0 0 0 1 -1.16931 1.35334 -3.24053</i>
                <i>1 0 0 0 1 0 0 0 1 -1.16931 1.35334 -3.24053</i>
                <i>1 0 0 0 1 0 0 0 1 -1.16931 1.35334 -3.24053</i>
                <i>1 0 0 0 1 0 0 0 1 -1.16931 1.35334 -3.24053</i>
                <i>1 0 0 0 1 0 0 0 1 -1.16931 1.35334 -3.24053</i>
                <i>1 0 0 0 1 0 0 0 1 -1.16931 1.35334 -3.24053</i>
                <i>1 0 0 0 1 0 0 0 1 -1.16931 1.35334 -3.24053</i>
                <i>1 0 0 0 1 0 0 0 1 -1.16931 1.35334 -3.24053</i>
                <i>1 0 0 0 1 0 0 0 1 -1.16931 1.35334 -3.24053</i>
                <i>1 0 0 0 1 0 0 0 1 -1.16931 1.35334 -3.24053</i>
                <i>1 0 0 0 1 0 0 0 1 -1.16931 1.35334 -3.24053</i>
                <i>1 0 0 0 1 0 0 0 1 -1.16931 1.35334 -3.24053</i>
                <i>1 0 0 0 1 0 0 0 1 -1.16931 1.35334 -3.24053</i>
                <i>1 0 0 0 1 0 0 0 1 -1.16931 1.35334 -3.24053</i>
                <i>1 0 0 0 1 0 0 0 1 -1.16931 1.35334 -3.24053</i>
                <i>1 0 0 0 1 0 0 0 1 -1.16931 1.35334 -3.24053</i>
                <i>1 0 0 0 1 0 0 0 1 -1.16931 1.35334 -3.24053</i>
                <i>1 0 0 0 1 0 0 0 1 -1.16931 1.35334 -3.24053</i>
                <i>1 0 0 0 1 0 0 0 1 -1.16931 1.35334 -3.24053</i>
                <i>1 0 0 0 1 0 0 0 1 -1.16931 1.35334 -3.24053</i>
                <i>1 0 0 0 1 0 0 0 1 -1.16931 1.35334 -3.24053</i>
                <i>1 0 0 0 1 0 0 0 1 -1.16931 1.35334 -3.24053</i>
                <i>1 0 0 0 1 0 0 0 1 -1.16931 1.35334 -3.24053</i>
                <i>1 0 0 0 1 0 0 0 1 -1.16931 1.35334 -3.24053</i>
                <i>1 0 0 0 1 0 0 0 1 -1.16931 1.35334 -3.24053</i>
                <i>1 0 0 0 1 0 0 0 1 -1.16931 1.35334 -3.24053</i>
                <i>1 0 0 0 1 0 0 0 1 -1.16931 1.35334 -3.24053</i>
                <i>1 0 0 0 1 0 0 0 1 -1.16931 1.35334 -3.24053</i>
                <i>1 0 0 0 1 0 0 0 1 -1.16931 1.35334 -3.24053</i>
                <i>1 0 0 0 1 0 0 0 1 -1.16931 1.35334 -3.24053</i>
                <i>1 0 0 0 1 0 0 0 1 -1.16931 1.35334 -3.24053</i>
                <i>1 0 0 0 1 0 0 0 1 -1.16931 1.35334 -3.24053</i>
                <i>1 0 0 0 1 0 0 0 1 -1.16931 1.35334 -3.24053</i>
                <i>1 0 0 0 1 0 0 0 1 -1.16931 1.35334 -3.24053</i>
                <i>1 0 0 0 1 0 0 0 1 -1.16931 1.35334 -3.24053</i>
                <i>1 0 0 0 1 0 0 0 1 -1.16931 1.35334 -3.24053</i>
                <i>1 0 0 0 1 0 0 0 1 -1.16931 1.35334 -3.24053</i>
                <i>1 0 0 0 1 0 0 0 1 -1.16931 1.35334 -3.24053</i>
                <i>1 0 0 0 1 0 0 0 1 -1.16931 1.35334 -3.24053</i>
                <i>1 0 0 0 1 0 0 0 1 -1.16931 1.35334 -3.24053</i>
                <i>1 0 0 0 1 0 0 0 1 -1.16931 1.35334 -3.24053</i>
                <i>1 0 0 0 1 0 0 0 1 -1.16931 1.35334 -3.24053</i>
                <i>1 0 0 0 1 0 0 0 1 -1.16931 1.35334 -3.24053</i>
                <i>1 0 0 0 1 0 0 0 1 -1.16931 1.35334 -3.24053</i>
                <i>1 0 0 0 1 0 0 0 1 -1.16931 1.35334 -3.24053</i>
                <i>1 0 0 0 1 0 0 0 1 -1.16931 1.35334 -3.24053</i>
                <i>1 0 0 0 1 0 0 0 1 -1.16931 1.35334 -3.24053</i>
                <i>1 0 0 0 1 0 0 0 1 -1.16931 1.35334 -3.24053</i>
                <i>1 0 0 0 1 0 0 0 1 -1.16931 1.35334 -3.24053</i>
                <i>1 0 0 0 1 0 0 0 1 -1.16931 1.35334 -3.24053</i>
                <i>1 0 0 0 1 0 0 0 1 -1.16931 1.35334 -3.24053</i>
                <i>1 0 0 0 1 0 0 0 1 -1.16931 1.35334 -3.24053</i>
            </KeyFrames>
        </RefFrame>
        <Bones count="23">
            <i>
                <p>
                    <Name><![CDATA[pelvis]]></Name>
                    <Exclude>0</Exclude>
                    <Additive>0</Additive>
                    <IKPriority>0</IKPriority>
                    <IKRotLimits>-1e+010 -1e+010 -1e+010 1e+010 1e+010 1e+010</IKRotLimits>
                    <IKRotLimitOrder>2</IKRotLimitOrder>
                    <KeyFrames count="193">
                        <i>1 0 0 0 1 0 0 0 1 -1.16931 2.5 -3.24053</i>
                        <i>1 0 0 0 1 0 0 0 1 -1.16931 2.50012 -3.24053</i>
                        <i>1 0 0 0 1 0 0 0 1 -1.16931 2.50047 -3.24053</i>
                        <i>1 0 0 0 1 0 0 0 1 -1.16931 2.50101 -3.24053</i>
                        <i>1 0 0 0 1 0 0 0 1 -1.16931 2.50174 -3.24053</i>
                        <i>1 0 0 0 1 0 0 0 1 -1.16931 2.50263 -3.24053</i>
                        <i>1 0 0 0 1 0 0 0 1 -1.16931 2.50365 -3.24053</i>
                        <i>1 0 0 0 1 0 0 0 1 -1.16931 2.50479 -3.24053</i>
                        <i>1 0 0 0 1 0 0 0 1 -1.16931 2.50601 -3.24053</i>
                        <i>1 0 0 0 1 0 0 0 1 -1.16931 2.5073 -3.24053</i>
                        <i>1 0 0 0 1 0 0 0 1 -1.16931 2.50864 -3.24053</i>
                        <i>1 0 0 0 1 0 0 0 1 -1.16931 2.51 -3.24053</i>
                        <i>1 0 0 0 1 0 0 0 1 -1.16931 2.51136 -3.24053</i>
                        <i>1 0 0 0 1 0 0 0 1 -1.16931 2.5127 -3.24053</i>
                        <i>1 0 0 0 1 0 0 0 1 -1.16931 2.51399 -3.24053</i>
                        <i>1 0 0 0 1 0 0 0 1 -1.16931 2.51521 -3.24053</i>
                        <i>1 0 0 0 1 0 0 0 1 -1.16931 2.51635 -3.24053</i>
                        <i>1 0 0 0 1 0 0 0 1 -1.16931 2.51737 -3.24053</i>
                        <i>1 0 0 0 1 0 0 0 1 -1.16931 2.51826 -3.24053</i>
                        <i>1 0 0 0 1 0 0 0 1 -1.16931 2.51899 -3.24053</i>
                        <i>1 0 0 0 1 0 0 0 1 -1.16931 2.51953 -3.24053</i>
                        <i>1 0 0 0 1 0 0 0 1 -1.16931 2.51988 -3.24053</i>
                        <i>1 0 0 0 1 0 0 0 1 -1.16931 2.52 -3.24053</i>
                        <i>1 0 0 0 1 0 0 0 1 -1.1715 2.51942 -3.24024</i>
                        <i>1 0 0 0 1 0 0 0 1 -1.17772 2.51777 -3.23941</i>
                        <i>1 0 0 0 1 0 0 0 1 -1.18744 2.51516 -3.23811</i>
                        <i>1 0 0 0 1 0 0 0 1 -1.20015 2.5117 -3.23642</i>
                        <i>1 0 0 0 1 0 0 0 1 -1.21532 2.5075 -3.23439</i>
                        <i>1 0 0 0 1 0 0 0 1 -1.23243 2.50267 -3.23211</i>
                        <i>1 0 0 0 1 0 0 0 1 -1.25096 2.49733 -3.22964</i>
                        <i>1 0 0 0 1 0 0 0 1 -1.27038 2.49159 -3.22705</i>
                        <i>1 0 0 0 1 0 0 0 1 -1.29017 2.48557 -3.22441</i>
                        <i>1 0 0 0 1 0 0 0 1 -1.30981 2.47936 -3.22179</i>
                        <i>1 0 0 0 1 0 0 0 1 -1.32878 2.4731 -3.21926</i>
                        <i>1 0 0 0 1 0 0 0 1 -1.34655 2.46689 -3.21689</i>
                        <i>1 0 0 0 1 0 0 0 1 -1.36261 2.46083 -3.21475</i>
                        <i>1 0 0 0 1 0 0 0 1 -1.37642 2.45506 -3.21291</i>
                        <i>1 0 0 0 1 0 0 0 1 -1.38747 2.44967 -3.21143</i>
                        <i>1 0 0 0 1 0 0 0 1 -1.39523 2.44478 -3.2104</i>
                        <i>1 0 0 0 1 0 0 0 1 -1.40071 2.44011 -3.20967</i>
                        <i>1 0 0 0 1 0 0 0 1 -1.40532 2.43533 -3.20905</i>
                        <i>1 0 0 0 1 0 0 0 1 -1.40909 2.43045 -3.20854</i>
                        <i>1 0 0 0 1 0 0 0 1 -1.41208 2.42549 -3.20814</i>
                        <i>1 0 0 0 1 0 0 0 1 -1.41436 2.42047 -3.20783</i>
                        <i>1 0 0 0 1 0 0 0 1 -1.41597 2.41541 -3.20761</i>
                        <i>1 0 0 0 1 0 0 0 1 -1.41696 2.41033 -3.20747</i>
                        <i>1 0 0 0 1 0 0 0 1 -1.4174 2.40526 -3.20741</i>
                        <i>1 0 0 0 1 0 0 0 1 -1.41733 2.4002 -3.20741</i>
                        <i>1 0 0 0 1 0 0 0 1 -1.41681 2.39518 -3.20747</i>
                        <i>1 0 0 0 1 0 0 0 1 -1.4159 2.39022 -3.20759</i>
                        <i>1 0 0 0 1 0 0 0 1 -1.41465 2.38534 -3.20775</i>
                        <i>1 0 0 0 1 0 0 0 1 -1.4131 2.38056 -3.20796</i>
                        <i>1 0 0 0 1 0 0 0 1 -1.41133 2.37589 -3.20819</i>
                        <i>1 0 0 0 1 0 0 0 1 -1.40937 2.37136 -3.20845</i>
                        <i>1 0 0 0 1 0 0 0 1 -1.40729 2.36699 -3.20873</i>
                        <i>1 0 0 0 1 0 0 0 1 -1.40514 2.3628 -3.20902</i>
                        <i>1 0 0 0 1 0 0 0 1 -1.40298 2.35879 -3.20932</i>
                        <i>1 0 0 0 1 0 0 0 1 -1.40085 2.35501 -3.20961</i>
                        <i>1 0 0 0 1 0 0 0 1 -1.39881 2.35146 -3.20989</i>
                        <i>1 0 0 0 1 0 0 0 1 -1.39692 2.34816 -3.21016</i>
                        <i>1 0 0 0 1 0 0 0 1 -1.39523 2.34514 -3.2104</i>
                        <i>1 0 0 0 1 0 0 0 1 -1.39371 2.34278 -3.21061</i>
                        <i>1 0 0 0 1 0 0 0 1 -1.3923 2.34138 -3.21081</i>
                        <i>1 0 0 0 1 0 0 0 1 -1.391 2.34084 -3.21097</i>
                        <i>1 0 0 0 1 0 0 0 1 -1.38981 2.34106 -3.21112</i>
                        <i>1 0 0 0 1 0 0 0 1 -1.38872 2.34194 -3.21124</i>
                        <i>1 0 0 0 1 0 0 0 1 -1.38773 2.34338 -3.21134</i>
                        <i>1 0 0 0 1 0 0 0 1 -1.38685 2.34527 -3.21141</i>
                        <i>1 0 0 0 1 0 0 0 1 -1.38608 2.34751 -3.21147</i>
                        <i>1 0 0 0 1 0 0 0 1 -1.38541 2.35001 -3.2115</i>
                        <i>1 0 0 0 1 0 0 0 1 -1.38484 2.35266 -3.21151</i>
                        <i>1 0 0 0 1 0 0 0 1 -1.38437 2.3553 -3.2115</i>
                        <i>1 0 0 0 1 0 0 0 1 -1.384 2.35794 -3.21147</i>
                        <i>1 0 0 0 1 0 0 0 1 -1.38374 2.36073 -3.21142</i>
                        <i>1 0 0 0 1 0 0 0 1 -1.38357 2.3638 -3.21134</i>
                        <i>1 0 0 0 1 0 0 0 1 -1.3835 2.36731 -3.21125</i>
                        <i>1 0 0 0 1 0 0 0 1 -1.38355 2.37116 -3.21113</i>
                        <i>1 0 0 0 1 0 0 0 1 -1.38373 2.37513 -3.21099</i>
                        <i>1 0 0 0 1 0 0 0 1 -1.38402 2.37922 -3.21083</i>
                        <i>1 0 0 0 1 0 0 0 1 -1.38441 2.38339 -3.21065</i>
                        <i>1 0 0 0 1 0 0 0 1 -1.38489 2.38764 -3.21045</i>
                        <i>1 0 0 0 1 0 0 0 1 -1.38544 2.39195 -3.21024</i>
                        <i>1 0 0 0 1 0 0 0 1 -1.38606 2.39629 -3.21001</i>
                        <i>1 0 0 0 1 0 0 0 1 -1.38674 2.40065 -3.20977</i>
                        <i>1 0 0 0 1 0 0 0 1 -1.38745 2.40502 -3.20953</i>
                        <i>1 0 0 0 1 0 0 0 1 -1.38819 2.40936 -3.20928</i>
                        <i>1 0 0 0 1 0 0 0 1 -1.38894 2.41367 -3.20903</i>
                        <i>1 0 0 0 1 0 0 0 1 -1.3897 2.41793 -3.20878</i>
                        <i>1 0 0 0 1 0 0 0 1 -1.39045 2.42212 -3.20853</i>
                        <i>1 0 0 0 1 0 0 0 1 -1.39118 2.42621 -3.20828</i>
                        <i>1 0 0 0 1 0 0 0 1 -1.39187 2.43019 -3.20805</i>
                        <i>1 0 0 0 1 0 0 0 1 -1.39251 2.43405 -3.20782</i>
                        <i>1 0 0 0 1 0 0 0 1 -1.39309 2.43777 -3.2076</i>
                        <i>1 0 0 0 1 0 0 0 1 -1.39361 2.44132 -3.2074</i>
                        <i>1 0 0 0 1 0 0 0 1 -1.39403 2.44469 -3.20722</i>
                        <i>1 0 0 0 1 0 0 0 1 -1.39437 2.44786 -3.20705</i>
                        <i>1 0 0 0 1 0 0 0 1 -1.39459 2.45081 -3.20691</i>
                        <i>1 0 0 0 1 0 0 0 1 -1.39466 2.45341 -3.2068</i>
                        <i>1 0 0 0 1 0 0 0 1 -1.39457 2.45558 -3.20672</i>
                        <i>1 0 0 0 1 0 0 0 1 -1.39433 2.45736 -3.20667</i>
                        <i>1 0 0 0 1 0 0 0 1 -1.39396 2.45879 -3.20665</i>
                        <i>1 0 0 0 1 0 0 0 1 -1.3935 2.45992 -3.20664</i>
                        <i>1 0 0 0 1 0 0 0 1 -1.39297 2.4608 -3.20665</i>
                        <i>1 0 0 0 1 0 0 0 1 -1.39238 2.46148 -3.20668</i>
                        <i>1 0 0 0 1 0 0 0 1 -1.39177 2.46199 -3.20671</i>
                        <i>1 0 0 0 1 0 0 0 1 -1.39115 2.46239 -3.20675</i>
                        <i>1 0 0 0 1 0 0 0 1 -1.39055 2.46272 -3.20679</i>
                        <i>1 0 0 0 1 0 0 0 1 -1.38999 2.46303 -3.20683</i>
                        <i>1 0 0 0 1 0 0 0 1 -1.3895 2.46337 -3.20685</i>
                        <i>1 0 0 0 1 0 0 0 1 -1.3891 2.46377 -3.20687</i>
                        <i>1 0 0 0 1 0 0 0 1 -1.38878 2.46412 -3.20687</i>
                        <i>1 0 0 0 1 0 0 0 1 -1.38854 2.46428 -3.20687</i>
                        <i>1 0 0 0 1 0 0 0 1 -1.38837 2.46428 -3.20686</i>
                        <i>1 0 0 0 1 0 0 0 1 -1.38826 2.46415 -3.20684</i>
                        <i>1 0 0 0 1 0 0 0 1 -1.3882 2.46391 -3.20681</i>
                        <i>1 0 0 0 1 0 0 0 1 -1.38821 2.46358 -3.20678</i>
                        <i>1 0 0 0 1 0 0 0 1 -1.38826 2.46321 -3.20675</i>
                        <i>1 0 0 0 1 0 0 0 1 -1.38837 2.46281 -3.20671</i>
                        <i>1 0 0 0 1 0 0 0 1 -1.38851 2.46241 -3.20668</i>
                        <i>1 0 0 0 1 0 0 0 1 -1.3887 2.46203 -3.20664</i>
                        <i>1 0 0 0 1 0 0 0 1 -1.38892 2.46172 -3.2066</i>
                        <i>1 0 0 0 1 0 0 0 1 -1.38917 2.46143 -3.20657</i>
                        <i>1 0 0 0 1 0 0 0 1 -1.38945 2.46114 -3.20654</i>
                        <i>1 0 0 0 1 0 0 0 1 -1.38976 2.46083 -3.20652</i>
                        <i>1 0 0 0 1 0 0 0 1 -1.39009 2.4605 -3.20652</i>
                        <i>1 0 0 0 1 0 0 0 1 -1.39043 2.46014 -3.20652</i>
                        <i>1 0 0 0 1 0 0 0 1 -1.39079 2.45977 -3.20653</i>
                        <i>1 0 0 0 1 0 0 0 1 -1.39115 2.45936 -3.20655</i>
                        <i>1 0 0 0 1 0 0 0 1 -1.39152 2.45891 -3.20658</i>
                        <i>1 0 0 0 1 0 0 0 1 -1.39189 2.45843 -3.20662</i>
                        <i>1 0 0 0 1 0 0 0 1 -1.39225 2.45791 -3.20667</i>
                        <i>1 0 0 0 1 0 0 0 1 -1.3926 2.45734 -3.20673</i>
                        <i>1 0 0 0 1 0 0 0 1 -1.39295 2.45673 -3.2068</i>
                        <i>1 0 0 0 1 0 0 0 1 -1.39327 2.45608 -3.20688</i>
                        <i>1 0 0 0 1 0 0 0 1 -1.39358 2.4554 -3.20697</i>
                        <i>1 0 0 0 1 0 0 0 1 -1.39386 2.45469 -3.20707</i>
                        <i>1 0 0 0 1 0 0 0 1 -1.39411 2.45395 -3.20718</i>
                        <i>1 0 0 0 1 0 0 0 1 -1.39433 2.45319 -3.2073</i>
                        <i>1 0 0 0 1 0 0 0 1 -1.39451 2.45241 -3.20744</i>
                        <i>1 0 0 0 1 0 0 0 1 -1.39465 2.45162 -3.20758</i>
                        <i>1 0 0 0 1 0 0 0 1 -1.39474 2.45081 -3.20773</i>
                        <i>1 0 0 0 1 0 0 0 1 -1.39473 2.44999 -3.20791</i>
                        <i>1 0 0 0 1 0 0 0 1 -1.39459 2.44916 -3.20811</i>
                        <i>1 0 0 0 1 0 0 0 1 -1.39434 2.44832 -3.20833</i>
                        <i>1 0 0 0 1 0 0 0 1 -1.39401 2.44746 -3.20857</i>
                        <i>1 0 0 0 1 0 0 0 1 -1.39361 2.44659 -3.20882</i>
                        <i>1 0 0 0 1 0 0 0 1 -1.39318 2.44572 -3.20907</i>
                        <i>1 0 0 0 1 0 0 0 1 -1.39273 2.44484 -3.20932</i>
                        <i>1 0 0 0 1 0 0 0 1 -1.3923 2.44395 -3.20957</i>
                        <i>1 0 0 0 1 0 0 0 1 -1.3919 2.44305 -3.20981</i>
                        <i>1 0 0 0 1 0 0 0 1 -1.39156 2.44216 -3.21004</i>
                        <i>1 0 0 0 1 0 0 0 1 -1.39131 2.44126 -3.21024</i>
                        <i>1 0 0 0 1 0 0 0 1 -1.39117 2.44036 -3.21042</i>
                        <i>1 0 0 0 1 0 0 0 1 -1.39116 2.43947 -3.21057</i>
                        <i>1 0 0 0 1 0 0 0 1 -1.39131 2.43857 -3.21068</i>
                        <i>1 0 0 0 1 0 0 0 1 -1.39164 2.43768 -3.21076</i>
                        <i>1 0 0 0 1 0 0 0 1 -1.39231 2.43677 -3.21076</i>
                        <i>1 0 0 0 1 0 0 0 1 -1.3934 2.43583 -3.21068</i>
                        <i>1 0 0 0 1 0 0 0 1 -1.3948 2.43486 -3.21053</i>
                        <i>1 0 0 0 1 0 0 0 1 -1.39643 2.43388 -3.21033</i>
                        <i>1 0 0 0 1 0 0 0 1 -1.39818 2.43291 -3.2101</i>
                        <i>1 0 0 0 1 0 0 0 1 -1.39997 2.43194 -3.20985</i>
                        <i>1 0 0 0 1 0 0 0 1 -1.40168 2.43101 -3.20961</i>
                        <i>1 0 0 0 1 0 0 0 1 -1.40323 2.43011 -3.20938</i>
                        <i>1 0 0 0 1 0 0 0 1 -1.40451 2.42926 -3.20919</i>
                        <i>1 0 0 0 1 0 0 0 1 -1.40544 2.42847 -3.20904</i>
                        <i>1 0 0 0 1 0 0 0 1 -1.40591 2.42776 -3.20897</i>
                        <i>1 0 0 0 1 0 0 0 1 -1.40585 2.42716 -3.20898</i>
                        <i>1 0 0 0 1 0 0 0 1 -1.40521 2.42671 -3.20907</i>
                        <i>1 0 0 0 1 0 0 0 1 -1.4039 2.42639 -3.20924</i>
                        <i>1 0 0 0 1 0 0 0 1 -1.40186 2.42622 -3.20951</i>
                        <i>1 0 0 0 1 0 0 0 1 -1.39899 2.42618 -3.2099</i>
                        <i>1 0 0 0 1 0 0 0 1 -1.39523 2.42628 -3.2104</i>
                        <i>1 0 0 0 1 0 0 0 1 -1.38955 2.42637 -3.21116</i>
                        <i>1 0 0 0 1 0 0 0 1 -1.38141 2.42635 -3.21224</i>
                        <i>1 0 0 0 1 0 0 0 1 -1.37124 2.42634 -3.2136</i>
                        <i>1 0 0 0 1 0 0 0 1 -1.35949 2.42645 -3.21517</i>
                        <i>1 0 0 0 1 0 0 0 1 -1.34659 2.4268 -3.21689</i>
                        <i>1 0 0 0 1 0 0 0 1 -1.333 2.42751 -3.2187</i>
                        <i>1 0 0 0 1 0 0 0 1 -1.31914 2.42868 -3.22055</i>
                        <i>1 0 0 0 1 0 0 0 1 -1.30547 2.43042 -3.22237</i>
                        <i>1 0 0 0 1 0 0 0 1 -1.29243 2.43286 -3.22411</i>
                        <i>1 0 0 0 1 0 0 0 1 -1.28045 2.43611 -3.22571</i>
                        <i>1 0 0 0 1 0 0 0 1 -1.26919 2.44031 -3.22721</i>
                        <i>1 0 0 0 1 0 0 0 1 -1.25799 2.44543 -3.2287</i>
                        <i>1 0 0 0 1 0 0 0 1 -1.24684 2.4513 -3.23019</i>
                        <i>1 0 0 0 1 0 0 0 1 -1.23573 2.45777 -3.23167</i>
                        <i>1 0 0 0 1 0 0 0 1 -1.22465 2.46467 -3.23315</i>
                        <i>1 0 0 0 1 0 0 0 1 -1.21359 2.47185 -3.23462</i>
                        <i>1 0 0 0 1 0 0 0 1 -1.20254 2.47913 -3.2361</i>
                        <i>1 0 0 0 1 0 0 0 1 -1.19148 2.48636 -3.23757</i>
                        <i>1 0 0 0 1 0 0 0 1 -1.18041 2.49337 -3.23905</i>
                        <i>1 0 0 0 1 0 0 0 1 -1.16931 2.5 -3.24053</i>
                    </KeyFrames>
                </p>
            </i>
            <i>
                <p>
                    <Name><![CDATA[spine0]]></Name>
                    <Exclude>0</Exclude>
                    <Additive>0</Additive>
                    <IKPriority>0</IKPriority>
                    <IKRotLimits>-1e+010 -1e+010 -1e+010 1e+010 1e+010 1e+010</IKRotLimits>
                    <IKRotLimitOrder>0</IKRotLimitOrder>
                    <KeyFrames count="193">
                        <i>0.016784 0.995663 0.0915065 -0.983592 -2.22045e-016 0.180409 0.179627 -0.093033 0.979326 -1.1757 2.63944 -3.27536</i>
                        <i>0.0167607 0.995675 0.0913791 -0.983592 0 0.180409 0.179629 -0.0929035 0.979338 -1.17569 2.63956 -3.27532</i>
                        <i>0.0166936 0.99571 0.0910133 -0.983592 0 0.180409 0.179635 -0.0925316 0.979372 -1.17567 2.63993 -3.27523</i>
                        <i>0.0165872 0.995764 0.0904333 -0.983592 -2.22045e-016 0.180409 0.179645 -0.091942 0.979425 -1.17565 2.64052 -3.27509</i>
                        <i>0.0164461 0.995836 0.0896639 -0.983592 0 0.180409 0.179658 -0.0911597 0.979496 -1.17561 2.6413 -3.2749</i>
                        <i>0.0162747 0.995923 0.0887297 -0.983592 -2.22045e-016 0.180409 0.179674 -0.0902099 0.979581 -1.17557 2.64224 -3.27467</i>
                        <i>0.0160776 0.996021 0.0876554 -0.983592 -2.22045e-016 0.180409 0.179691 -0.0891177 0.979678 -1.17552 2.64333 -3.2744</i>
                        <i>0.0158594 0.996129 0.0864654 -0.983592 0 0.180409 0.179711 -0.0879078 0.979784 -1.17547 2.64454 -3.2741</i>
                        <i>0.0156243 0.996243 0.085184 -0.983592 -4.44089e-016 0.180409 0.179731 -0.086605 0.979896 -1.17541 2.64584 -3.27378</i>
                        <i>0.015377 0.996361 0.0838353 -0.983592 0 0.180409 0.179753 -0.0852338 0.980012 -1.17535 2.64722 -3.27344</i>
                        <i>0.0151216 0.996481 0.0824429 -0.983592 -4.44089e-016 0.180409 0.179774 -0.0838183 0.98013 -1.17528 2.64864 -3.27309</i>
                        <i>0.0148625 0.996601 0.0810305 -0.983592 0 0.180409 0.179796 -0.0823823 0.980248 -1.17522 2.65009 -3.27273</i>
                        <i>0.014604 0.996718 0.0796213 -0.983592 -2.22045e-016 0.180409 0.179817 -0.0809495 0.980364 -1.17515 2.65153 -3.27237</i>
                        <i>0.0143504 0.996831 0.0782382 -0.983592 0 0.180409 0.179838 -0.0795433 0.980475 -1.17508 2.65295 -3.27202</i>
                        <i>0.0141057 0.996939 0.0769041 -0.983592 -2.22045e-016 0.180409 0.179857 -0.0781871 0.980581 -1.17502 2.65432 -3.27168</i>
                        <i>0.0138742 0.997039 0.0756419 -0.983592 2.22045e-016 0.180409 0.179875 -0.0769038 0.980679 -1.17496 2.65562 -3.27135</i>
                        <i>0.01366 0.997129 0.0744742 -0.983592 -4.44089e-016 0.180409 0.179891 -0.0757166 0.980768 -1.17491 2.65682 -3.27106</i>
                        <i>0.0134673 0.99721 0.0734236 -0.983592 -2.22045e-016 0.180409 0.179906 -0.0746485 0.980847 -1.17486 2.6579 -3.27079</i>
                        <i>0.0133002 0.997279 0.0725129 -0.983592 -2.22045e-016 0.180409 0.179918 -0.0737226 0.980915 -1.17482 2.65884 -3.27055</i>
                        <i>0.013163 0.997335 0.0717648 -0.983592 -2.22045e-016 0.180409 0.179928 -0.072962 0.98097 -1.17478 2.65961 -3.27036</i>
                        <i>0.0130598 0.997376 0.0712021 -0.983592 -4.44089e-016 0.180409 0.179936 -0.0723899 0.981011 -1.17475 2.66019 -3.27021</i>
                        <i>0.0129948 0.997402 0.0708476 -0.983592 0 0.180409 0.179941 -0.0720295 0.981037 -1.17474 2.66056 -3.27012</i>
                        <i>0.0129722 0.997412 0.0707243 -0.983592 0 0.180409 0.179942 -0.0719042 0.981046 -1.17473 2.66069 -3.27009</i>
                        <i>0.0107161 0.997392 0.0713747 -0.984437 -0.00199819 0.175724 0.175408 -0.072147 0.981849 -1.17702 2.66006 -3.27005</i>
                        <i>0.004296 0.997308 0.0732024 -0.986695 -0.00766984 0.1624 0.162524 -0.0729261 0.984006 -1.18352 2.65824 -3.26991</i>
                        <i>-0.00578049 0.997086 0.07606 -0.989797 -0.016534 0.141525 0.14237 -0.0744659 0.987008 -1.19362 2.65538 -3.26967</i>
                        <i>-0.0190028 0.996629 0.0798149 -0.993061 -0.0280802 0.114198 0.116054 -0.077091 0.990247 -1.20672 2.6516 -3.26929</i>
                        <i>-0.0348331 0.99583 0.0843138 -0.995795 -0.0417363 0.0815483 0.0847272 -0.0811187 0.993097 -1.22222 2.64703 -3.26873</i>
                        <i>-0.0526885 0.994605 0.0893617 -0.997379 -0.0568558 0.0447459 0.0495852 -0.0867699 0.994994 -1.23953 2.64181 -3.26796</i>
                        <i>-0.0719297 0.992903 0.0947122 -0.997339 -0.0727277 0.00499635 0.0118491 -0.0941009 0.995492 -1.25808 2.63608 -3.26697</i>
                        <i>-0.0918591 0.990731 0.100067 -0.995399 -0.088608 -0.0364723 -0.0272675 -0.102957 0.994312 -1.27731 2.62998 -3.26574</i>
                        <i>-0.111731 0.988167 0.10508 -0.991504 -0.103768 -0.0784319 -0.0665998 -0.112951 0.991366 -1.2967 2.62363 -3.26429</i>
                        <i>-0.130062 0.985429 0.109605 -0.98592 -0.116819 -0.119647 -0.1051 -0.123623 0.986748 -1.31574 2.61717 -3.26266</i>
                        <i>-0.145719 0.982751 0.11387 -0.979112 -0.12676 -0.15897 -0.141794 -0.134656 0.980695 -1.33393 2.6107 -3.26092</i>
                        <i>-0.15852 0.980284 0.117959 -0.97159 -0.133607 -0.195352 -0.17574 -0.145575 0.973614 -1.35079 2.60433 -3.25916</i>
                        <i>-0.168317 0.978175 0.121834 -0.963952 -0.137497 -0.227796 -0.206073 -0.155784 0.966057 -1.36585 2.59816 -3.25749</i>
                        <i>-0.174956 0.976563 0.12536 -0.956853 -0.138645 -0.255361 -0.231995 -0.164628 0.958684 -1.37862 2.59228 -3.25604</i>
                        <i>-0.178255 0.975578 0.128347 -0.950967 -0.137296 -0.277148 -0.252758 -0.171457 0.952216 -1.38862 2.58678 -3.25495</i>
                        <i>-0.177988 0.975328 0.130598 -0.946944 -0.133672 -0.292282 -0.267613 -0.175692 0.947373 -1.39537 2.58176 -3.25436</i>
                        <i>-0.174514 0.975723 0.132322 -0.944476 -0.127878 -0.302676 -0.278407 -0.177796 0.943863 -1.39984 2.57691 -3.25418</i>
                        <i>-0.168521 0.976567 0.133855 -0.942797 -0.120066 -0.310995 -0.287636 -0.178607 0.940938 -1.40336 2.5719 -3.25422</i>
                        <i>-0.160246 0.97777 0.135233 -0.941813 -0.110444 -0.317474 -0.295481 -0.178238 0.938575 -1.406 2.56674 -3.25447</i>
                        <i>-0.149919 0.97923 0.1365 -0.941413 -0.0991972 -0.322339 -0.302103 -0.176827 0.936731 -1.40781 2.56146 -3.25492</i>
                        <i>-0.137772 0.980845 0.137705 -0.941472 -0.0865005 -0.325803 -0.307651 -0.174532 0.935355 -1.40887 2.55608 -3.25553</i>
                        <i>-0.124032 0.982508 0.138903 -0.941866 -0.0725196 -0.32807 -0.312258 -0.171519 0.934385 -1.40924 2.55062 -3.25629</i>
                        <i>-0.108929 0.98412 0.140149 -0.942467 -0.0574189 -0.32933 -0.316053 -0.16796 0.933756 -1.40898 2.5451 -3.25716</i>
                        <i>-0.0926999 0.985589 0.141498 -0.943156 -0.0413654 -0.329765 -0.31916 -0.164024 0.933399 -1.40815 2.53956 -3.25814</i>
                        <i>-0.0755617 0.986843 0.142938 -0.943821 -0.0245351 -0.329545 -0.321702 -0.159809 0.933257 -1.40682 2.53401 -3.25919</i>
                        <i>-0.0577316 0.98783 0.144425 -0.944363 -0.00711517 -0.328829 -0.323799 -0.155373 0.933281 -1.40504 2.52848 -3.26029</i>
                        <i>-0.0394487 0.988504 0.145959 -0.944699 0.0106961 -0.327765 -0.325558 -0.150817 0.933416 -1.40289 2.523 -3.26142</i>
                        <i>-0.020959 0.988835 0.147533 -0.944764 0.0286875 -0.326492 -0.327079 -0.146227 0.933615 -1.40041 2.51759 -3.26256</i>
                        <i>-0.00251514 0.988814 0.149133 -0.944515 0.0466351 -0.32514 -0.328457 -0.141676 0.933833 -1.39767 2.51228 -3.26369</i>
                        <i>0.0156237 0.988451 0.150735 -0.943929 0.064302 -0.323825 -0.329778 -0.137224 0.934032 -1.39474 2.5071 -3.2648</i>
                        <i>0.033193 0.987775 0.152309 -0.943005 0.0814408 -0.32266 -0.33112 -0.132918 0.93418 -1.39167 2.50208 -3.26588</i>
                        <i>0.0499243 0.986837 0.153818 -0.941762 0.0977945 -0.321746 -0.332554 -0.128797 0.934248 -1.38852 2.49722 -3.2669</i>
                        <i>0.065546 0.985703 0.155218 -0.940241 0.113099 -0.321178 -0.334142 -0.124891 0.934212 -1.38536 2.49258 -3.26786</i>
                        <i>0.0797847 0.984456 0.156462 -0.938498 0.127085 -0.321047 -0.33594 -0.121224 0.93405 -1.38225 2.48815 -3.26875</i>
                        <i>0.092367 0.983191 0.157495 -0.936602 0.13948 -0.321437 -0.338001 -0.11782 0.933742 -1.37924 2.48398 -3.26957</i>
                        <i>0.10302 0.982008 0.158264 -0.934629 0.150015 -0.322434 -0.340374 -0.114701 0.933268 -1.3764 2.48009 -3.2703</i>
                        <i>0.111474 0.981011 0.158714 -0.932657 0.158418 -0.324121 -0.34311 -0.111895 0.932607 -1.3738 2.47649 -3.27093</i>
                        <i>0.117462 0.9803 0.158793 -0.930755 0.164427 -0.326586 -0.346262 -0.109436 0.931733 -1.37148 2.47322 -3.27147</i>
                        <i>0.118472 0.980338 0.1578 -0.929653 0.165345 -0.329252 -0.34887 -0.107692 0.930963 -1.36963 2.47076 -3.27173</i>
                        <i>0.112947 0.981393 0.155274 -0.929866 0.159472 -0.331538 -0.350131 -0.106938 0.930577 -1.36829 2.46952 -3.27162</i>
                        <i>0.102047 0.983169 0.151544 -0.931012 0.148056 -0.333611 -0.350433 -0.107045 0.93045 -1.3674 2.46935 -3.27118</i>
                        <i>0.0869334 0.985316 0.146954 -0.932628 0.132351 -0.33569 -0.35021 -0.10787 0.930439 -1.36689 2.47009 -3.27047</i>
                        <i>0.0687673 0.987498 0.14184 -0.934272 0.113606 -0.337979 -0.349868 -0.109275 0.930404 -1.36668 2.47159 -3.26955</i>
                        <i>0.0487121 0.98944 0.136515 -0.935581 0.0930578 -0.34063 -0.349736 -0.111128 0.930234 -1.36669 2.47372 -3.26848</i>
                        <i>0.0279293 0.990955 0.131259 -0.93632 0.0719154 -0.343704 -0.350035 -0.113301 0.929859 -1.36687 2.47631 -3.26731</i>
                        <i>0.00757373 0.991961 0.126316 -0.936397 0.0513573 -0.347165 -0.350862 -0.115652 0.929258 -1.36714 2.47923 -3.26612</i>
                        <i>-0.01121 0.99248 0.121895 -0.935857 0.0325234 -0.350875 -0.352201 -0.118009 0.928455 -1.36742 2.48235 -3.26496</i>
                        <i>-0.0272896 0.992617 0.118177 -0.934869 0.0165164 -0.354609 -0.353943 -0.120157 0.927517 -1.36766 2.48553 -3.26391</i>
                        <i>-0.042873 0.992455 0.114871 -0.933571 0.0011523 -0.358391 -0.355819 -0.122605 0.926478 -1.36797 2.48873 -3.26273</i>
                        <i>-0.0596772 0.991942 0.111757 -0.931904 -0.0152372 -0.362386 -0.357763 -0.125772 0.925304 -1.36848 2.492 -3.2613</i>
                        <i>-0.0758527 0.991137 0.109061 -0.929957 -0.0308563 -0.366372 -0.35976 -0.129212 0.924055 -1.36911 2.49539 -3.25989</i>
                        <i>-0.0895644 0.990222 0.106949 -0.928019 -0.0439841 -0.369928 -0.361607 -0.132383 0.922884 -1.36978 2.49892 -3.25876</i>
                        <i>-0.0989863 0.989475 0.105554 -0.926522 -0.052952 -0.372496 -0.362986 -0.13467 0.922012 -1.3704 2.50266 -3.2582</i>
                        <i>-0.104939 0.988962 0.104606 -0.925423 -0.0585974 -0.374378 -0.364116 -0.136092 0.921357 -1.37096 2.50658 -3.25803</i>
