<?xml version="1.0" encoding="ISO-8859-1" ?>
<Animl Version="1">
    <ModellingPackage><![CDATA[Maya.2010]]></ModellingPackage>
    <SrcFile><![CDATA[anims\turrets\artillery\red\~src\artillery_scud\artillery_scud_idle_crewman_a.mb]]></SrcFile>
    <FramesPerSecond>30</FramesPerSecond>
    <TotalFrames>97</TotalFrames>
    <Skeleton>
        <RefFrame>
            <Name><![CDATA[soldier_ref_frame]]></Name>
            <Exclude>0</Exclude>
            <Additive>0</Additive>
            <IKPriority>0</IKPriority>
            <IKRotLimits>-1e+010 -1e+010 -1e+010 1e+010 1e+010 1e+010</IKRotLimits>
            <IKRotLimitOrder>0</IKRotLimitOrder>
            <KeyFrames count="97">
                <i>1 0 0 0 1 0 0 0 1 3.07 3.34 2.56</i>
                <i>1 0 0 0 1 0 0 0 1 3.07 3.34 2.56</i>
                <i>1 0 0 0 1 0 0 0 1 3.07 3.34 2.56</i>
                <i>1 0 0 0 1 0 0 0 1 3.07 3.34 2.56</i>
                <i>1 0 0 0 1 0 0 0 1 3.07 3.34 2.56</i>
                <i>1 0 0 0 1 0 0 0 1 3.07 3.34 2.56</i>
                <i>1 0 0 0 1 0 0 0 1 3.07 3.34 2.56</i>
                <i>1 0 0 0 1 0 0 0 1 3.07 3.34 2.56</i>
                <i>1 0 0 0 1 0 0 0 1 3.07 3.34 2.56</i>
                <i>1 0 0 0 1 0 0 0 1 3.07 3.34 2.56</i>
                <i>1 0 0 0 1 0 0 0 1 3.07 3.34 2.56</i>
                <i>1 0 0 0 1 0 0 0 1 3.07 3.34 2.56</i>
                <i>1 0 0 0 1 0 0 0 1 3.07 3.34 2.56</i>
                <i>1 0 0 0 1 0 0 0 1 3.07 3.34 2.56</i>
                <i>1 0 0 0 1 0 0 0 1 3.07 3.34 2.56</i>
                <i>1 0 0 0 1 0 0 0 1 3.07 3.34 2.56</i>
                <i>1 0 0 0 1 0 0 0 1 3.07 3.34 2.56</i>
                <i>1 0 0 0 1 0 0 0 1 3.07 3.34 2.56</i>
                <i>1 0 0 0 1 0 0 0 1 3.07 3.34 2.56</i>
                <i>1 0 0 0 1 0 0 0 1 3.07 3.34 2.56</i>
                <i>1 0 0 0 1 0 0 0 1 3.07 3.34 2.56</i>
                <i>1 0 0 0 1 0 0 0 1 3.07 3.34 2.56</i>
                <i>1 0 0 0 1 0 0 0 1 3.07 3.34 2.56</i>
                <i>1 0 0 0 1 0 0 0 1 3.07 3.34 2.56</i>
                <i>1 0 0 0 1 0 0 0 1 3.07 3.34 2.56</i>
                <i>1 0 0 0 1 0 0 0 1 3.07 3.34 2.56</i>
                <i>1 0 0 0 1 0 0 0 1 3.07 3.34 2.56</i>
                <i>1 0 0 0 1 0 0 0 1 3.07 3.34 2.56</i>
                <i>1 0 0 0 1 0 0 0 1 3.07 3.34 2.56</i>
                <i>1 0 0 0 1 0 0 0 1 3.07 3.34 2.56</i>
                <i>1 0 0 0 1 0 0 0 1 3.07 3.34 2.56</i>
                <i>1 0 0 0 1 0 0 0 1 3.07 3.34 2.56</i>
                <i>1 0 0 0 1 0 0 0 1 3.07 3.34 2.56</i>
                <i>1 0 0 0 1 0 0 0 1 3.07 3.34 2.56</i>
                <i>1 0 0 0 1 0 0 0 1 3.07 3.34 2.56</i>
                <i>1 0 0 0 1 0 0 0 1 3.07 3.34 2.56</i>
                <i>1 0 0 0 1 0 0 0 1 3.07 3.34 2.56</i>
                <i>1 0 0 0 1 0 0 0 1 3.07 3.34 2.56</i>
                <i>1 0 0 0 1 0 0 0 1 3.07 3.34 2.56</i>
                <i>1 0 0 0 1 0 0 0 1 3.07 3.34 2.56</i>
                <i>1 0 0 0 1 0 0 0 1 3.07 3.34 2.56</i>
                <i>1 0 0 0 1 0 0 0 1 3.07 3.34 2.56</i>
                <i>1 0 0 0 1 0 0 0 1 3.07 3.34 2.56</i>
                <i>1 0 0 0 1 0 0 0 1 3.07 3.34 2.56</i>
                <i>1 0 0 0 1 0 0 0 1 3.07 3.34 2.56</i>
                <i>1 0 0 0 1 0 0 0 1 3.07 3.34 2.56</i>
                <i>1 0 0 0 1 0 0 0 1 3.07 3.34 2.56</i>
                <i>1 0 0 0 1 0 0 0 1 3.07 3.34 2.56</i>
                <i>1 0 0 0 1 0 0 0 1 3.07 3.34 2.56</i>
                <i>1 0 0 0 1 0 0 0 1 3.07 3.34 2.56</i>
                <i>1 0 0 0 1 0 0 0 1 3.07 3.34 2.56</i>
                <i>1 0 0 0 1 0 0 0 1 3.07 3.34 2.56</i>
                <i>1 0 0 0 1 0 0 0 1 3.07 3.34 2.56</i>
                <i>1 0 0 0 1 0 0 0 1 3.07 3.34 2.56</i>
                <i>1 0 0 0 1 0 0 0 1 3.07 3.34 2.56</i>
                <i>1 0 0 0 1 0 0 0 1 3.07 3.34 2.56</i>
                <i>1 0 0 0 1 0 0 0 1 3.07 3.34 2.56</i>
                <i>1 0 0 0 1 0 0 0 1 3.07 3.34 2.56</i>
                <i>1 0 0 0 1 0 0 0 1 3.07 3.34 2.56</i>
                <i>1 0 0 0 1 0 0 0 1 3.07 3.34 2.56</i>
                <i>1 0 0 0 1 0 0 0 1 3.07 3.34 2.56</i>
                <i>1 0 0 0 1 0 0 0 1 3.07 3.34 2.56</i>
                <i>1 0 0 0 1 0 0 0 1 3.07 3.34 2.56</i>
                <i>1 0 0 0 1 0 0 0 1 3.07 3.34 2.56</i>
                <i>1 0 0 0 1 0 0 0 1 3.07 3.34 2.56</i>
                <i>1 0 0 0 1 0 0 0 1 3.07 3.34 2.56</i>
                <i>1 0 0 0 1 0 0 0 1 3.07 3.34 2.56</i>
                <i>1 0 0 0 1 0 0 0 1 3.07 3.34 2.56</i>
                <i>1 0 0 0 1 0 0 0 1 3.07 3.34 2.56</i>
                <i>1 0 0 0 1 0 0 0 1 3.07 3.34 2.56</i>
                <i>1 0 0 0 1 0 0 0 1 3.07 3.34 2.56</i>
                <i>1 0 0 0 1 0 0 0 1 3.07 3.34 2.56</i>
                <i>1 0 0 0 1 0 0 0 1 3.07 3.34 2.56</i>
                <i>1 0 0 0 1 0 0 0 1 3.07 3.34 2.56</i>
                <i>1 0 0 0 1 0 0 0 1 3.07 3.34 2.56</i>
                <i>1 0 0 0 1 0 0 0 1 3.07 3.34 2.56</i>
                <i>1 0 0 0 1 0 0 0 1 3.07 3.34 2.56</i>
                <i>1 0 0 0 1 0 0 0 1 3.07 3.34 2.56</i>
                <i>1 0 0 0 1 0 0 0 1 3.07 3.34 2.56</i>
                <i>1 0 0 0 1 0 0 0 1 3.07 3.34 2.56</i>
                <i>1 0 0 0 1 0 0 0 1 3.07 3.34 2.56</i>
                <i>1 0 0 0 1 0 0 0 1 3.07 3.34 2.56</i>
                <i>1 0 0 0 1 0 0 0 1 3.07 3.34 2.56</i>
                <i>1 0 0 0 1 0 0 0 1 3.07 3.34 2.56</i>
                <i>1 0 0 0 1 0 0 0 1 3.07 3.34 2.56</i>
                <i>1 0 0 0 1 0 0 0 1 3.07 3.34 2.56</i>
                <i>1 0 0 0 1 0 0 0 1 3.07 3.34 2.56</i>
                <i>1 0 0 0 1 0 0 0 1 3.07 3.34 2.56</i>
                <i>1 0 0 0 1 0 0 0 1 3.07 3.34 2.56</i>
                <i>1 0 0 0 1 0 0 0 1 3.07 3.34 2.56</i>
                <i>1 0 0 0 1 0 0 0 1 3.07 3.34 2.56</i>
                <i>1 0 0 0 1 0 0 0 1 3.07 3.34 2.56</i>
                <i>1 0 0 0 1 0 0 0 1 3.07 3.34 2.56</i>
                <i>1 0 0 0 1 0 0 0 1 3.07 3.34 2.56</i>
                <i>1 0 0 0 1 0 0 0 1 3.07 3.34 2.56</i>
                <i>1 0 0 0 1 0 0 0 1 3.07 3.34 2.56</i>
                <i>1 0 0 0 1 0 0 0 1 3.07 3.34 2.56</i>
            </KeyFrames>
        </RefFrame>
        <Bones count="23">
            <i>
                <p>
                    <Name><![CDATA[pelvis]]></Name>
                    <Exclude>0</Exclude>
                    <Additive>0</Additive>
                    <IKPriority>0</IKPriority>
                    <IKRotLimits>-1e+010 -1e+010 -1e+010 1e+010 1e+010 1e+010</IKRotLimits>
                    <IKRotLimitOrder>2</IKRotLimitOrder>
                    <KeyFrames count="97">
                        <i>1 0 0 0 1 0 0 0 1 3.12146 4.47354 2.54553</i>
                        <i>1 0 0 0 1 0 0 0 1 3.12146 4.47354 2.54553</i>
                        <i>1 0 0 0 1 0 0 0 1 3.12146 4.47354 2.54553</i>
                        <i>1 0 0 0 1 0 0 0 1 3.12146 4.47355 2.54553</i>
                        <i>1 0 0 0 1 0 0 0 1 3.12146 4.47355 2.54553</i>
                        <i>1 0 0 0 1 0 0 0 1 3.12146 4.47355 2.54553</i>
                        <i>1 0 0 0 1 0 0 0 1 3.12146 4.47356 2.54553</i>
                        <i>1 0 0 0 1 0 0 0 1 3.12146 4.47356 2.54553</i>
                        <i>1 0 0 0 1 0 0 0 1 3.12146 4.47356 2.54553</i>
                        <i>1 0 0 0 1 0 0 0 1 3.12146 4.47357 2.54553</i>
                        <i>1 0 0 0 1 0 0 0 1 3.12146 4.47357 2.54553</i>
                        <i>1 0 0 0 1 0 0 0 1 3.12146 4.47358 2.54553</i>
                        <i>1 0 0 0 1 0 0 0 1 3.12146 4.47358 2.54553</i>
                        <i>1 0 0 0 1 0 0 0 1 3.12146 4.47358 2.54553</i>
                        <i>1 0 0 0 1 0 0 0 1 3.12146 4.47358 2.54553</i>
                        <i>1 0 0 0 1 0 0 0 1 3.12146 4.47358 2.54553</i>
                        <i>1 0 0 0 1 0 0 0 1 3.12146 4.47358 2.54553</i>
                        <i>1 0 0 0 1 0 0 0 1 3.12146 4.47358 2.54553</i>
                        <i>1 0 0 0 1 0 0 0 1 3.12146 4.47358 2.54553</i>
                        <i>1 0 0 0 1 0 0 0 1 3.12146 4.47358 2.54553</i>
                        <i>1 0 0 0 1 0 0 0 1 3.12146 4.47358 2.54553</i>
                        <i>1 0 0 0 1 0 0 0 1 3.12146 4.47358 2.54553</i>
                        <i>1 0 0 0 1 0 0 0 1 3.12146 4.47358 2.54553</i>
                        <i>1 0 0 0 1 0 0 0 1 3.12146 4.47358 2.54553</i>
                        <i>1 0 0 0 1 0 0 0 1 3.12146 4.47358 2.54553</i>
                        <i>1 0 0 0 1 0 0 0 1 3.12146 4.47359 2.54553</i>
                        <i>1 0 0 0 1 0 0 0 1 3.12146 4.47359 2.54553</i>
                        <i>1 0 0 0 1 0 0 0 1 3.12146 4.47359 2.54553</i>
                        <i>1 0 0 0 1 0 0 0 1 3.12146 4.47359 2.54553</i>
                        <i>1 0 0 0 1 0 0 0 1 3.12146 4.47359 2.54553</i>
                        <i>1 0 0 0 1 0 0 0 1 3.12146 4.47359 2.54553</i>
                        <i>1 0 0 0 1 0 0 0 1 3.12146 4.47359 2.54553</i>
                        <i>1 0 0 0 1 0 0 0 1 3.12146 4.47359 2.54553</i>
                        <i>1 0 0 0 1 0 0 0 1 3.12146 4.47359 2.54553</i>
                        <i>1 0 0 0 1 0 0 0 1 3.12146 4.47359 2.54553</i>
                        <i>1 0 0 0 1 0 0 0 1 3.12146 4.47359 2.54553</i>
                        <i>1 0 0 0 1 0 0 0 1 3.12146 4.47359 2.54553</i>
                        <i>1 0 0 0 1 0 0 0 1 3.12146 4.47359 2.54553</i>
                        <i>1 0 0 0 1 0 0 0 1 3.12146 4.47359 2.54553</i>
                        <i>1 0 0 0 1 0 0 0 1 3.12146 4.47359 2.54553</i>
                        <i>1 0 0 0 1 0 0 0 1 3.12146 4.47359 2.54553</i>
                        <i>1 0 0 0 1 0 0 0 1 3.12146 4.47359 2.54553</i>
                        <i>1 0 0 0 1 0 0 0 1 3.12146 4.47359 2.54553</i>
                        <i>1 0 0 0 1 0 0 0 1 3.12146 4.47359 2.54553</i>
                        <i>1 0 0 0 1 0 0 0 1 3.12146 4.47359 2.54553</i>
                        <i>1 0 0 0 1 0 0 0 1 3.12146 4.47359 2.54553</i>
                        <i>1 0 0 0 1 0 0 0 1 3.12146 4.47359 2.54553</i>
                        <i>1 0 0 0 1 0 0 0 1 3.12146 4.47359 2.54553</i>
                        <i>1 0 0 0 1 0 0 0 1 3.12146 4.47359 2.54553</i>
                        <i>1 0 0 0 1 0 0 0 1 3.12146 4.47359 2.54553</i>
                        <i>1 0 0 0 1 0 0 0 1 3.12146 4.47359 2.54553</i>
                        <i>1 0 0 0 1 0 0 0 1 3.12146 4.47359 2.54553</i>
                        <i>1 0 0 0 1 0 0 0 1 3.12146 4.47359 2.54553</i>
                        <i>1 0 0 0 1 0 0 0 1 3.12146 4.47359 2.54553</i>
                        <i>1 0 0 0 1 0 0 0 1 3.12146 4.47359 2.54553</i>
                        <i>1 0 0 0 1 0 0 0 1 3.12146 4.47359 2.54553</i>
                        <i>1 0 0 0 1 0 0 0 1 3.12146 4.47359 2.54553</i>
                        <i>1 0 0 0 1 0 0 0 1 3.12146 4.47359 2.54553</i>
                        <i>1 0 0 0 1 0 0 0 1 3.12146 4.47359 2.54553</i>
                        <i>1 0 0 0 1 0 0 0 1 3.12146 4.47359 2.54553</i>
                        <i>1 0 0 0 1 0 0 0 1 3.12146 4.47359 2.54553</i>
                        <i>1 0 0 0 1 0 0 0 1 3.12146 4.47359 2.54553</i>
                        <i>1 0 0 0 1 0 0 0 1 3.12146 4.47359 2.54553</i>
                        <i>1 0 0 0 1 0 0 0 1 3.12146 4.47359 2.54553</i>
                        <i>1 0 0 0 1 0 0 0 1 3.12146 4.47359 2.54553</i>
                        <i>1 0 0 0 1 0 0 0 1 3.12146 4.47359 2.54553</i>
                        <i>1 0 0 0 1 0 0 0 1 3.12146 4.47359 2.54553</i>
                        <i>1 0 0 0 1 0 0 0 1 3.12146 4.47359 2.54553</i>
                        <i>1 0 0 0 1 0 0 0 1 3.12146 4.47359 2.54553</i>
                        <i>1 0 0 0 1 0 0 0 1 3.12146 4.47359 2.54553</i>
                        <i>1 0 0 0 1 0 0 0 1 3.12146 4.47359 2.54553</i>
                        <i>1 0 0 0 1 0 0 0 1 3.12146 4.47359 2.54553</i>
                        <i>1 0 0 0 1 0 0 0 1 3.12146 4.47358 2.54553</i>
                        <i>1 0 0 0 1 0 0 0 1 3.12146 4.47358 2.54553</i>
                        <i>1 0 0 0 1 0 0 0 1 3.12146 4.47358 2.54553</i>
                        <i>1 0 0 0 1 0 0 0 1 3.12146 4.47358 2.54553</i>
                        <i>1 0 0 0 1 0 0 0 1 3.12146 4.47358 2.54553</i>
                        <i>1 0 0 0 1 0 0 0 1 3.12146 4.47358 2.54553</i>
                        <i>1 0 0 0 1 0 0 0 1 3.12146 4.47358 2.54553</i>
                        <i>1 0 0 0 1 0 0 0 1 3.12146 4.47358 2.54553</i>
                        <i>1 0 0 0 1 0 0 0 1 3.12146 4.47358 2.54553</i>
                        <i>1 0 0 0 1 0 0 0 1 3.12146 4.47358 2.54553</i>
                        <i>1 0 0 0 1 0 0 0 1 3.12146 4.47358 2.54553</i>
                        <i>1 0 0 0 1 0 0 0 1 3.12146 4.47359 2.54553</i>
                        <i>1 0 0 0 1 0 0 0 1 3.12146 4.47362 2.54553</i>
                        <i>1 0 0 0 1 0 0 0 1 3.12146 4.47365 2.54553</i>
                        <i>1 0 0 0 1 0 0 0 1 3.12146 4.4737 2.54553</i>
                        <i>1 0 0 0 1 0 0 0 1 3.12146 4.47375 2.54553</i>
                        <i>1 0 0 0 1 0 0 0 1 3.12146 4.47379 2.54553</i>
                        <i>1 0 0 0 1 0 0 0 1 3.12146 4.47383 2.54553</i>
                        <i>1 0 0 0 1 0 0 0 1 3.12146 4.47386 2.54553</i>
                        <i>1 0 0 0 1 0 0 0 1 3.12146 4.47387 2.54553</i>
                        <i>1 0 0 0 1 0 0 0 1 3.12146 4.47387 2.54553</i>
                        <i>1 0 0 0 1 0 0 0 1 3.12146 4.47383 2.54553</i>
                        <i>1 0 0 0 1 0 0 0 1 3.12146 4.47377 2.54553</i>
                        <i>1 0 0 0 1 0 0 0 1 3.12146 4.47368 2.54553</i>
                        <i>1 0 0 0 1 0 0 0 1 3.12146 4.47354 2.54553</i>
                    </KeyFrames>
                </p>
            </i>
            <i>
                <p>
                    <Name><![CDATA[spine0]]></Name>
                    <Exclude>0</Exclude>
                    <Additive>0</Additive>
                    <IKPriority>0</IKPriority>
                    <IKRotLimits>-1e+010 -1e+010 -1e+010 1e+010 1e+010 1e+010</IKRotLimits>
                    <IKRotLimitOrder>0</IKRotLimitOrder>
                    <KeyFrames count="97">
                        <i>-0.0704192 0.996013 0.0547649 -0.613902 0 -0.789383 -0.786235 -0.0892079 0.611454 3.14398 4.61455 2.52802</i>
                        <i>-0.0707316 0.996006 0.0544979 -0.610568 -2.62104e-005 -0.791964 -0.788799 -0.0892916 0.608131 3.14409 4.61454 2.52812</i>
                        <i>-0.0716253 0.995985 0.0537041 -0.601009 -0.000125359 -0.799242 -0.796026 -0.0895226 0.598605 3.14441 4.61453 2.52841</i>
                        <i>-0.0730396 0.995954 0.0523618 -0.585944 -0.00036718 -0.810351 -0.807053 -0.0898689 0.5836 3.14489 4.61451 2.52886</i>
                        <i>-0.0749105 0.995914 0.0504289 -0.566195 -0.000850329 -0.824271 -0.82086 -0.0902991 0.563945 3.14549 4.61447 2.52944</i>
                        <i>-0.077158 0.995869 0.0478706 -0.542713 -0.00167433 -0.839916 -0.836367 -0.0907863 0.5406 3.14616 4.61444 2.53011</i>
                        <i>-0.0796804 0.995818 0.0446849 -0.516588 -0.0029136 -0.856229 -0.852519 -0.0913084 0.51466 3.14687 4.61439 2.53084</i>
                        <i>-0.082354 0.995763 0.0409243 -0.489023 -0.00459585 -0.872259 -0.868375 -0.091847 0.487329 3.14757 4.61435 2.5316</i>
                        <i>-0.0850416 0.995701 0.0367108 -0.461295 -0.0066875 -0.887221 -0.883162 -0.0923853 0.459881 3.14824 4.6143 2.53233</i>
                        <i>-0.087605 0.995633 0.03224 -0.434698 -0.00908826 -0.900531 -0.896305 -0.0929056 0.433596 3.14885 4.61425 2.53302</i>
                        <i>-0.0899184 0.995562 0.027775 -0.410473 -0.0116355 -0.911798 -0.907428 -0.0933883 0.409698 3.14937 4.6142 2.53363</i>
                        <i>-0.0918786 0.99549 0.0236276 -0.389762 -0.0141179 -0.920807 -0.916321 -0.0938116 0.389301 3.14981 4.61416 2.53414</i>
                        <i>-0.0934074 0.995424 0.0201322 -0.373556 -0.0162956 -0.927464 -0.922893 -0.0941525 0.373369 3.15014 4.61412 2.53453</i>
                        <i>-0.094447 0.995374 0.0176143 -0.362674 -0.0179244 -0.931744 -0.927118 -0.0943887 0.362689 3.15036 4.6141 2.53479</i>
                        <i>-0.0949495 0.995348 0.0163595 -0.357748 -0.0187816 -0.933629 -0.928979 -0.0945002 0.357867 3.15047 4.61409 2.5349</i>
                        <i>-0.0951634 0.995336 0.0158226 -0.355993 -0.0191841 -0.934292 -0.92963 -0.0945431 0.356159 3.15052 4.61408 2.53494</i>
                        <i>-0.09537 0.995324 0.0153001 -0.354298 -0.0195764 -0.934928 -0.930257 -0.0945849 0.354508 3.15056 4.61407 2.53498</i>
                        <i>-0.0955692 0.995313 0.0147924 -0.352662 -0.0199583 -0.935538 -0.930858 -0.0946254 0.352916 3.1506 4.61407 2.53502</i>
                        <i>-0.0957613 0.995302 0.0142997 -0.351085 -0.0203296 -0.936123 -0.931434 -0.0946647 0.351382 3.15064 4.61406 2.53505</i>
                        <i>-0.0959461 0.995291 0.0138221 -0.349566 -0.02069 -0.936683 -0.931986 -0.0947029 0.349905 3.15068 4.61406 2.53508</i>
                        <i>-0.0961239 0.99528 0.01336 -0.348107 -0.0210395 -0.937219 -0.932514 -0.0947398 0.348486 3.15072 4.61405 2.53512</i>
                        <i>-0.0962946 0.995269 0.0129134 -0.346707 -0.0213778 -0.93773 -0.933018 -0.0947755 0.347125 3.15076 4.61405 2.53515</i>
                        <i>-0.0964584 0.995259 0.0124827 -0.345365 -0.0217049 -0.938217 -0.933498 -0.09481 0.345821 3.15079 4.61404 2.53518</i>
                        <i>-0.0966154 0.995249 0.0120679 -0.344083 -0.0220204 -0.938681 -0.933955 -0.0948434 0.344575 3.15082 4.61404 2.5352</i>
                        <i>-0.0967655 0.995239 0.0116692 -0.342859 -0.0223243 -0.939122 -0.93439 -0.0948754 0.343386 3.15086 4.61403 2.53523</i>
                        <i>-0.0969088 0.995229 0.0112869 -0.341693 -0.0226165 -0.939539 -0.934802 -0.0949063 0.342255 3.15089 4.61403 2.53525</i>
                        <i>-0.0970455 0.99522 0.0109209 -0.340586 -0.0228968 -0.939935 -0.935192 -0.0949359 0.34118 3.15092 4.61403 2.53528</i>
                        <i>-0.0971755 0.995211 0.0105716 -0.339537 -0.0231651 -0.940307 -0.93556 -0.0949643 0.340162 3.15094 4.61402 2.5353</i>
                        <i>-0.097299 0.995203 0.0102389 -0.338546 -0.0234212 -0.940658 -0.935906 -0.0949915 0.3392 3.15097 4.61402 2.53532</i>
                        <i>-0.097416 0.995194 0.00992302 -0.337612 -0.0236651 -0.940988 -0.936231 -0.0950174 0.338295 3.15099 4.61402 2.53534</i>
                        <i>-0.0975265 0.995186 0.00962405 -0.336736 -0.0238967 -0.941296 -0.936535 -0.0950421 0.337446 3.15102 4.61401 2.53536</i>
                        <i>-0.0976306 0.995179 0.00934206 -0.335918 -0.0241158 -0.941583 -0.936818 -0.0950655 0.336652 3.15104 4.61401 2.53538</i>
                        <i>-0.0977284 0.995172 0.00907713 -0.335156 -0.0243224 -0.941849 -0.937081 -0.0950876 0.335914 3.15106 4.61401 2.53539</i>
                        <i>-0.0978198 0.995165 0.00882932 -0.33445 -0.0245163 -0.942095 -0.937323 -0.0951085 0.335231 3.15108 4.614 2.53541</i>
                        <i>-0.097905 0.995159 0.0085987 -0.333801 -0.0246976 -0.94232 -0.937545 -0.0951281 0.334603 3.1511 4.614 2.53542</i>
                        <i>-0.0979839 0.995153 0.0083853 -0.333208 -0.0248662 -0.942526 -0.937748 -0.0951464 0.334029 3.15111 4.614 2.53543</i>
                        <i>-0.0980567 0.995147 0.00818916 -0.33267 -0.0250219 -0.942711 -0.937932 -0.0951634 0.333509 3.15113 4.614 2.53544</i>
                        <i>-0.0981233 0.995142 0.0080103 -0.332187 -0.0251648 -0.942878 -0.938096 -0.0951792 0.333042 3.15114 4.61399 2.53545</i>
                        <i>-0.0981838 0.995137 0.00784872 -0.331759 -0.0252948 -0.943025 -0.938241 -0.0951936 0.332629 3.15116 4.61399 2.53546</i>
                        <i>-0.0982381 0.995133 0.00770443 -0.331385 -0.0254118 -0.943153 -0.938367 -0.0952068 0.332268 3.15117 4.61399 2.53547</i>
                        <i>-0.0982865 0.995129 0.00757742 -0.331064 -0.0255159 -0.943263 -0.938475 -0.0952186 0.33196 3.15118 4.61399 2.53547</i>
                        <i>-0.0983288 0.995126 0.00746767 -0.330797 -0.0256071 -0.943354 -0.938565 -0.0952291 0.331703 3.15119 4.61399 2.53548</i>
                        <i>-0.098365 0.995123 0.00737514 -0.330583 -0.0256852 -0.943427 -0.938637 -0.0952384 0.331497 3.15119 4.61399 2.53548</i>
                        <i>-0.0983953 0.995121 0.0072998 -0.330421 -0.0257503 -0.943482 -0.938691 -0.0952463 0.331343 3.1512 4.61399 2.53549</i>
                        <i>-0.0984197 0.995119 0.00724159 -0.330311 -0.0258024 -0.94352 -0.938727 -0.0952528 0.331238 3.1512 4.61398 2.53549</i>
                        <i>-0.098438 0.995117 0.00720044 -0.330251 -0.0258416 -0.943539 -0.938746 -0.0952581 0.331183 3.15121 4.61398 2.53549</i>
                        <i>-0.0984505 0.995116 0.0071763 -0.330243 -0.0258678 -0.943541 -0.938748 -0.095262 0.331177 3.15121 4.61398 2.53549</i>
                        <i>-0.098457 0.995115 0.00716908 -0.330284 -0.025881 -0.943527 -0.938732 -0.0952646 0.331219 3.15121 4.61398 2.53549</i>
                        <i>-0.0984576 0.995115 0.00717869 -0.330375 -0.0258813 -0.943495 -0.9387 -0.0952659 0.331309 3.15121 4.61398 2.53549</i>
                        <i>-0.0984523 0.995116 0.00720502 -0.330514 -0.0258687 -0.943446 -0.938652 -0.0952658 0.331447 3.15121 4.61398 2.53548</i>
                        <i>-0.098441 0.995116 0.00724797 -0.330702 -0.0258432 -0.943381 -0.938587 -0.0952644 0.331631 3.1512 4.61398 2.53548</i>
                        <i>-0.0984239 0.995118 0.00730743 -0.330937 -0.025805 -0.9433 -0.938506 -0.0952616 0.331861 3.1512 4.61398 2.53547</i>
                        <i>-0.0984009 0.995119 0.00738327 -0.331219 -0.025754 -0.943202 -0.938409 -0.0952575 0.332136 3.1512 4.61398 2.53547</i>
                        <i>-0.0983721 0.995122 0.00747535 -0.331547 -0.0256903 -0.943089 -0.938296 -0.095252 0.332456 3.15119 4.61399 2.53546</i>
                        <i>-0.0983373 0.995124 0.00758352 -0.33192 -0.025614 -0.94296 -0.938168 -0.0952452 0.33282 3.15118 4.61399 2.53545</i>
                        <i>-0.0982966 0.995127 0.00770765 -0.332338 -0.0255252 -0.942815 -0.938024 -0.0952371 0.333228 3.15117 4.61399 2.53544</i>
                        <i>-0.0982501 0.995131 0.00784757 -0.3328 -0.0254239 -0.942655 -0.937865 -0.0952276 0.333678 3.15116 4.61399 2.53543</i>
                        <i>-0.0981977 0.995135 0.00800312 -0.333306 -0.0253102 -0.942479 -0.937691 -0.0952167 0.33417 3.15115 4.61399 2.53542</i>
                        <i>-0.0981393 0.995139 0.00817412 -0.333854 -0.0251842 -0.942288 -0.937502 -0.0952045 0.334703 3.15114 4.61399 2.53541</i>
                        <i>-0.0980751 0.995144 0.00836039 -0.334444 -0.025046 -0.942083 -0.937299 -0.0951909 0.335276 3.15112 4.61399 2.5354</i>
                        <i>-0.0980049 0.995149 0.00856174 -0.335075 -0.0248957 -0.941863 -0.937081 -0.095176 0.335889 3.15111 4.614 2.53538</i>
                        <i>-0.0979289 0.995155 0.00877799 -0.335746 -0.0247334 -0.941628 -0.936848 -0.0951597 0.336541 3.15109 4.614 2.53537</i>
                        <i>-0.0978469 0.995161 0.00900893 -0.336457 -0.0245593 -0.941379 -0.936602 -0.0951421 0.337231 3.15107 4.614 2.53535</i>
                        <i>-0.097759 0.995167 0.00925434 -0.337206 -0.0243733 -0.941115 -0.936341 -0.0951231 0.337959 3.15106 4.614 2.53534</i>
                        <i>-0.0976651 0.995174 0.00951404 -0.337994 -0.0241757 -0.940838 -0.936067 -0.0951027 0.338723 3.15104 4.61401 2.53532</i>
                        <i>-0.0975653 0.995181 0.00978779 -0.338818 -0.0239665 -0.940547 -0.935779 -0.0950809 0.339524 3.15101 4.61401 2.5353</i>
                        <i>-0.0974595 0.995188 0.0100754 -0.339679 -0.0237459 -0.940242 -0.935478 -0.0950578 0.340359 3.15099 4.61401 2.53529</i>
                        <i>-0.0973477 0.995196 0.0103766 -0.340576 -0.0235141 -0.939923 -0.935164 -0.0950334 0.341229 3.15097 4.61402 2.53527</i>
                        <i>-0.09723 0.995205 0.0106911 -0.341508 -0.0232711 -0.939591 -0.934836 -0.0950075 0.342132 3.15094 4.61402 2.53525</i>
                        <i>-0.0971063 0.995213 0.0110188 -0.342473 -0.0230171 -0.939246 -0.934496 -0.0949803 0.343069 3.15092 4.61402 2.53523</i>
                        <i>-0.0969766 0.995222 0.0113594 -0.343472 -0.0227522 -0.938887 -0.934143 -0.0949517 0.344037 3.15089 4.61403 2.53521</i>
                        <i>-0.0968409 0.995231 0.0117126 -0.344503 -0.0224766 -0.938516 -0.933777 -0.0949217 0.345036 3.15086 4.61403 2.53518</i>
                        <i>-0.0966991 0.99524 0.0120783 -0.345565 -0.0221905 -0.938132 -0.933399 -0.0948904 0.346066 3.15083 4.61403 2.53516</i>
                        <i>-0.0965514 0.99525 0.012456 -0.346659 -0.0218939 -0.937736 -0.933009 -0.0948577 0.347126 3.1508 4.61404 2.53514</i>
                        <i>-0.0963976 0.99526 0.0128457 -0.347782 -0.021587 -0.937327 -0.932607 -0.0948235 0.348214 3.15077 4.61404 2.53512</i>
                        <i>-0.0962377 0.99527 0.013247 -0.348934 -0.02127 -0.936906 -0.932193 -0.094788 0.349331 3.15074 4.61405 2.53509</i>
                        <i>-0.0960719 0.995281 0.0136597 -0.350115 -0.0209431 -0.936473 -0.931767 -0.0947511 0.350475 3.1507 4.61405 2.53507</i>
                        <i>-0.0958999 0.995291 0.0140835 -0.351323 -0.0206064 -0.936028 -0.93133 -0.0947128 0.351645 3.15067 4.61406 2.53504</i>
                        <i>-0.095722 0.995302 0.0145181 -0.352558 -0.02026 -0.935571 -0.930882 -0.0946731 0.352841 3.15063 4.61406 2.53501</i>
                        <i>-0.0955379 0.995313 0.0149633 -0.353818 -0.0199042 -0.935102 -0.930422 -0.094632 0.354062 3.15059 4.61407 2.53499</i>
                        <i>-0.0953478 0.995325 0.0154187 -0.355104 -0.0195391 -0.934623 -0.929952 -0.0945895 0.355307 3.15055 4.61407 2.53496</i>
                        <i>-0.0951517 0.995336 0.0158843 -0.356414 -0.0191648 -0.934132 -0.92947 -0.0945456 0.356575 3.15051 4.61408 2.53493</i>
                        <i>-0.0949495 0.995348 0.0163595 -0.357748 -0.0187816 -0.933629 -0.928979 -0.0945002 0.357867 3.15047 4.61409 2.5349</i>
                        <i>-0.0945517 0.995366 0.0174862 -0.361936 -0.0180074 -0.932029 -0.927396 -0.0944538 0.361961 3.15038 4.61411 2.53481</i>
                        <i>-0.0937812 0.995399 0.0196372 -0.370974 -0.0166339 -0.928494 -0.923896 -0.0943602 0.370828 3.15019 4.61416 2.53459</i>
                        <i>-0.0926616 0.995444 0.0224945 -0.383869 -0.0148693 -0.923268 -0.918726 -0.0941864 0.383498 3.14994 4.61422 2.53428</i>
                        <i>-0.0912225 0.995496 0.0258149 -0.399865 -0.0128757 -0.916484 -0.912023 -0.0939264 0.399239 3.14961 4.6143 2.53389</i>
                        <i>-0.0895009 0.995553 0.0294053 -0.41836 -0.0107851 -0.908217 -0.903861 -0.0935883 0.417464 3.14923 4.61438 2.53342</i>
                        <i>-0.0875409 0.995611 0.0331092 -0.43885 -0.00870639 -0.898518 -0.894286 -0.093187 0.437686 3.14879 4.61447 2.5329</i>
                        <i>-0.0853928 0.995668 0.0367995 -0.460899 -0.00672969 -0.887427 -0.883335 -0.0927408 0.459477 3.1483 4.61455 2.53232</i>
                        <i>-0.0831129 0.995722 0.0403745 -0.484103 -0.00492869 -0.874997 -0.871055 -0.0922689 0.482441 3.14775 4.61462 2.5317</i>
                        <i>-0.0807611 0.995773 0.0437529 -0.508071 -0.00336187 -0.861309 -0.85752 -0.0917899 0.506195 3.14715 4.61468 2.53104</i>
                        <i>-0.0784008 0.99582 0.0468703 -0.53239 -0.00207294 -0.846497 -0.842861 -0.0913193 0.530327 3.14651 4.61472 2.53036</i>
                        <i>-0.0760972 0.995862 0.0496711 -0.556564 -0.00109057 -0.830804 -0.827312 -0.090867 0.554344 3.14583 4.61473 2.52967</i>
                        <i>-0.0739202 0.995903 0.0520917 -0.579875 -0.000426772 -0.814706 -0.811345 -0.0904298 0.57753 3.14513 4.61471 2.52899</i>
                        <i>-0.0719569 0.995945 0.0540022 -0.60089 -7.27647e-005 -0.799332 -0.796086 -0.0899668 0.598458 3.14446 4.61465 2.52838</i>
                        <i>-0.0704192 0.996013 0.0547649 -0.613902 0 -0.789383 -0.786235 -0.0892079 0.611454 3.14398 4.61455 2.52802</i>
                    </KeyFrames>
                </p>
            </i>
            <i>
                <p>
                    <Name><![CDATA[spine1]]></Name>
                    <Exclude>0</Exclude>
                    <Additive>0</Additive>
                    <IKPriority>0</IKPriority>
                    <IKRotLimits>-1e+010 -1e+010 -1e+010 1e+010 1e+010 1e+010</IKRotLimits>
                    <IKRotLimitOrder>0</IKRotLimitOrder>
                    <KeyFrames count="97">
                        <i>-0.13791 0.984621 0.107252 -0.613902 0 -0.789383 -0.777242 -0.174706 0.60446 3.13194 4.78477 2.53738</i>
                        <i>-0.140001 0.984471 0.105906 -0.606918 -0.0008111 -0.794764 -0.782336 -0.175544 0.597607 3.132 4.78476 2.53744</i>
                        <i>-0.14586 0.984044 0.101896 -0.586725 -0.00311628 -0.80978 -0.796542 -0.177899 0.577818 3.13216 4.78475 2.53759</i>
                        <i>-0.154764 0.983361 0.0951292 -0.554481 -0.0067625 -0.832169 -0.817679 -0.181537 0.546302 3.1324 4.78472 2.53781</i>
                        <i>-0.165868 0.982437 0.085475 -0.511577 -0.011622 -0.859159 -0.843076 -0.186234 0.50452 3.13268 4.78469 2.53806</i>
                        <i>-0.17825 0.98128 0.0729131 -0.459835 -0.0175596 -0.887831 -0.86993 -0.191784 0.454357 3.13297 4.78466 2.53829</i>
                        <i>-0.190974 0.9799 0.0576538 -0.401605 -0.0244051 -0.915488 -0.89568 -0.197988 0.398193 3.13325 4.78463 2.53848</i>
                        <i>-0.203192 0.978313 0.040199 -0.339714 -0.031933 -0.939987 -0.918318 -0.204654 0.338835 3.13349 4.78459 2.53859</i>
                        <i>-0.21423 0.97655 0.0213388 -0.277297 -0.0398556 -0.959957 -0.936596 -0.211569 0.279333 3.1337 4.78457 2.53861</i>
                        <i>-0.223655 0.974666 0.00209213 -0.217548 -0.0478278 -0.974877 -0.95008 -0.218492 0.222733 3.13386 4.78454 2.53854</i>
                        <i>-0.231286 0.972748 -0.016388 -0.16347 -0.0554617 -0.984988 -0.959054 -0.225135 0.171843 3.13399 4.78452 2.53839</i>
                        <i>-0.237151 0.970915 -0.0329158 -0.117686 -0.0623453 -0.991092 -0.964318 -0.231165 0.129049 3.13408 4.7845 2.53819</i>
                        <i>-0.241413 0.969314 -0.0463612 -0.082333 -0.0680607 -0.994278 -0.966924 -0.236214 0.0962373 3.13415 4.78449 2.53798</i>
                        <i>-0.24425 0.96811 -0.0557155 -0.0590486 -0.0721976 -0.995641 -0.967913 -0.239896 0.0747998 3.13419 4.78448 2.53781</i>
                        <i>-0.245753 0.967465 -0.0601367 -0.0490184 -0.0743636 -0.996026 -0.968092 -0.241829 0.0656987 3.13422 4.78448 2.53771</i>
                        <i>-0.24656 0.967153 -0.0618371 -0.0459591 -0.0754041 -0.996093 -0.968037 -0.242755 0.0630412 3.13422 4.78447 2.53765</i>
                        <i>-0.247338 0.966847 -0.0634917 -0.0429939 -0.0764146 -0.996149 -0.967975 -0.243655 0.0604688 3.13423 4.78447 2.5376</i>
                        <i>-0.248085 0.966548 -0.0650998 -0.0401232 -0.0773949 -0.996193 -0.967907 -0.244529 0.0579816 3.13424 4.78447 2.53755</i>
                        <i>-0.248805 0.966257 -0.0666608 -0.0373471 -0.078345 -0.996226 -0.967833 -0.245376 0.0555795 3.13425 4.78447 2.5375</i>
                        <i>-0.249496 0.965973 -0.0681741 -0.034666 -0.0792647 -0.996251 -0.967755 -0.246197 0.0532627 3.13425 4.78447 2.53745</i>
                        <i>-0.250159 0.965697 -0.0696392 -0.0320802 -0.0801538 -0.996266 -0.967673 -0.246991 0.0510309 3.13426 4.78446 2.5374</i>
                        <i>-0.250795 0.965429 -0.0710554 -0.0295896 -0.0810123 -0.996274 -0.967588 -0.247758 0.0488842 3.13427 4.78446 2.53736</i>
                        <i>-0.251404 0.965169 -0.0724223 -0.0271946 -0.08184 -0.996274 -0.9675 -0.248498 0.0468223 3.13427 4.78446 2.53731</i>
                        <i>-0.251987 0.964917 -0.0737395 -0.0248954 -0.0826368 -0.996269 -0.96741 -0.249211 0.0448454 3.13428 4.78446 2.53727</i>
                        <i>-0.252544 0.964674 -0.0750064 -0.0226919 -0.0834027 -0.996258 -0.967319 -0.249897 0.0429532 3.13428 4.78446 2.53723</i>
                        <i>-0.253076 0.964439 -0.0762226 -0.0205844 -0.0841375 -0.996242 -0.967227 -0.250556 0.0411456 3.13429 4.78446 2.53719</i>
                        <i>-0.253583 0.964213 -0.0773877 -0.0185728 -0.0848412 -0.996221 -0.967135 -0.251187 0.0394225 3.1343 4.78446 2.53715</i>
                        <i>-0.254065 0.963996 -0.0785013 -0.0166573 -0.0855137 -0.996198 -0.967044 -0.251791 0.0377836 3.1343 4.78445 2.53711</i>
                        <i>-0.254523 0.963788 -0.0795632 -0.0148378 -0.0861549 -0.996171 -0.966953 -0.252368 0.0362288 3.13431 4.78445 2.53707</i>
                        <i>-0.254957 0.96359 -0.0805729 -0.0131142 -0.0867648 -0.996142 -0.966864 -0.252917 0.034758 3.13431 4.78445 2.53704</i>
                        <i>-0.255367 0.963401 -0.0815302 -0.0114866 -0.0873433 -0.996112 -0.966776 -0.253438 0.0333708 3.13431 4.78445 2.53701</i>
                        <i>-0.255754 0.963221 -0.0824348 -0.00995486 -0.0878903 -0.99608 -0.966691 -0.253931 0.032067 3.13432 4.78445 2.53698</i>
                        <i>-0.256118 0.963051 -0.0832866 -0.00851892 -0.0884058 -0.996048 -0.966608 -0.254396 0.0308464 3.13432 4.78445 2.53695</i>
                        <i>-0.256459 0.962891 -0.0840851 -0.00717856 -0.0888897 -0.996016 -0.966528 -0.254833 0.0297087 3.13432 4.78445 2.53692</i>
                        <i>-0.256778 0.96274 -0.0848304 -0.00593373 -0.0893421 -0.995983 -0.966452 -0.255243 0.0286537 3.13433 4.78445 2.53689</i>
                        <i>-0.257074 0.9626 -0.0855221 -0.00478416 -0.0897629 -0.995952 -0.96638 -0.255624 0.0276809 3.13433 4.78445 2.53687</i>
                        <i>-0.257348 0.96247 -0.0861603 -0.00372964 -0.0901521 -0.995921 -0.966312 -0.255977 0.0267901 3.13433 4.78444 2.53685</i>
                        <i>-0.257601 0.96235 -0.0867447 -0.00276997 -0.0905096 -0.995892 -0.966247 -0.256302 0.025981 3.13433 4.78444 2.53682</i>
                        <i>-0.257832 0.96224 -0.0872753 -0.00190488 -0.0908354 -0.995864 -0.966188 -0.256599 0.0252532 3.13434 4.78444 2.53681</i>
                        <i>-0.258041 0.962141 -0.0877521 -0.00113402 -0.0911296 -0.995838 -0.966133 -0.256867 0.0246062 3.13434 4.78444 2.53679</i>
                        <i>-0.258229 0.962052 -0.0881749 -0.000457131 -0.0913921 -0.995815 -0.966084 -0.257108 0.0240399 3.13434 4.78444 2.53677</i>
                        <i>-0.258395 0.961973 -0.0885439 0.000126169 -0.091623 -0.995794 -0.966039 -0.257319 0.0235535 3.13434 4.78444 2.53676</i>
                        <i>-0.25854 0.961905 -0.0888589 0.000616242 -0.0918221 -0.995775 -0.966 -0.257503 0.0231469 3.13434 4.78444 2.53675</i>
                        <i>-0.258664 0.961847 -0.0891201 0.00101353 -0.0919897 -0.995759 -0.965967 -0.257658 0.0228196 3.13434 4.78444 2.53674</i>
                        <i>-0.258767 0.9618 -0.0893275 0.00131839 -0.0921255 -0.995747 -0.965939 -0.257785 0.022571 3.13434 4.78444 2.53673</i>
                        <i>-0.258849 0.961764 -0.0894812 0.0015313 -0.0922298 -0.995737 -0.965917 -0.257883 0.0224008 3.13434 4.78444 2.53672</i>
                        <i>-0.25891 0.961738 -0.0895813 0.00165276 -0.0923025 -0.99573 -0.9659 -0.257953 0.0223085 3.13434 4.78444 2.53672</i>
                        <i>-0.25895 0.961723 -0.0896279 0.00168329 -0.0923436 -0.995726 -0.965889 -0.257994 0.0222935 3.13434 4.78444 2.53672</i>
                        <i>-0.258968 0.961719 -0.0896213 0.00162338 -0.0923531 -0.995725 -0.965884 -0.258007 0.0223553 3.13434 4.78444 2.53672</i>
                        <i>-0.258966 0.961725 -0.0895615 0.00147355 -0.0923312 -0.995727 -0.965885 -0.257991 0.0224934 3.13434 4.78444 2.53672</i>
                        <i>-0.258942 0.961742 -0.0894488 0.00123448 -0.0922778 -0.995732 -0.965892 -0.257947 0.0227074 3.13434 4.78444 2.53672</i>
                        <i>-0.258897 0.96177 -0.0892834 0.000906658 -0.092193 -0.995741 -0.965905 -0.257875 0.0229965 3.13434 4.78444 2.53672</i>
                        <i>-0.25883 0.961808 -0.0890656 0.000490783 -0.0920768 -0.995752 -0.965923 -0.257774 0.0233602 3.13434 4.78444 2.53673</i>
                        <i>-0.258742 0.961857 -0.0887956 -1.25256e-005 -0.0919293 -0.995766 -0.965946 -0.257645 0.023798 3.13434 4.78444 2.53674</i>
                        <i>-0.258632 0.961916 -0.0884737 -0.000602578 -0.0917506 -0.995782 -0.965976 -0.257488 0.0243093 3.13434 4.78444 2.53675</i>
                        <i>-0.2585 0.961985 -0.0881001 -0.00127871 -0.0915406 -0.9958 -0.96601 -0.257302 0.0248934 3.13433 4.78444 2.53676</i>
                        <i>-0.258346 0.962066 -0.0876754 -0.0020402 -0.0912995 -0.995821 -0.96605 -0.257088 0.0255498 3.13433 4.78444 2.53678</i>
                        <i>-0.258171 0.962156 -0.0871997 -0.00288632 -0.0910273 -0.995844 -0.966095 -0.256846 0.0262777 3.13433 4.78444 2.53679</i>
                        <i>-0.257972 0.962257 -0.0866735 -0.00381634 -0.0907241 -0.995869 -0.966145 -0.256576 0.0270766 3.13433 4.78444 2.53681</i>
                        <i>-0.257751 0.962368 -0.0860971 -0.00482937 -0.09039 -0.995895 -0.966199 -0.256277 0.0279457 3.13432 4.78444 2.53683</i>
                        <i>-0.257507 0.962489 -0.085471 -0.00592473 -0.090025 -0.995922 -0.966258 -0.255951 0.0288846 3.13432 4.78445 2.53685</i>
                        <i>-0.25724 0.96262 -0.0847955 -0.00710158 -0.0896292 -0.99595 -0.966321 -0.255596 0.0298924 3.13432 4.78445 2.53687</i>
                        <i>-0.25695 0.962761 -0.0840712 -0.00835906 -0.0892027 -0.995978 -0.966389 -0.255214 0.0309684 3.13431 4.78445 2.5369</i>
                        <i>-0.256636 0.962912 -0.0832984 -0.00969631 -0.0887456 -0.996007 -0.966459 -0.254804 0.032112 3.13431 4.78445 2.53692</i>
                        <i>-0.256298 0.963073 -0.0824776 -0.0111125 -0.0882579 -0.996036 -0.966534 -0.254365 0.0333225 3.13431 4.78445 2.53695</i>
                        <i>-0.255936 0.963243 -0.0816094 -0.0126068 -0.0877398 -0.996064 -0.966612 -0.2539 0.0345991 3.1343 4.78445 2.53698</i>
                        <i>-0.255549 0.963423 -0.0806943 -0.0141781 -0.0871912 -0.996091 -0.966692 -0.253406 0.0359412 3.1343 4.78445 2.53701</i>
                        <i>-0.255138 0.963612 -0.0797327 -0.0158257 -0.0866124 -0.996116 -0.966775 -0.252885 0.0373479 3.13429 4.78445 2.53704</i>
                        <i>-0.254701 0.96381 -0.0787252 -0.0175485 -0.0860034 -0.99614 -0.966861 -0.252337 0.0388186 3.13429 4.78445 2.53708</i>
                        <i>-0.254239 0.964017 -0.0776724 -0.0193458 -0.0853643 -0.996162 -0.966948 -0.251761 0.0403526 3.13429 4.78445 2.53711</i>
                        <i>-0.253752 0.964234 -0.0765748 -0.0212163 -0.0846952 -0.996181 -0.967037 -0.251158 0.041949 3.13428 4.78446 2.53715</i>
                        <i>-0.253238 0.964459 -0.075433 -0.0231592 -0.0839962 -0.996197 -0.967127 -0.250527 0.0436071 3.13428 4.78446 2.53719</i>
                        <i>-0.252697 0.964692 -0.0742476 -0.0251736 -0.0832674 -0.996209 -0.967218 -0.24987 0.0453262 3.13427 4.78446 2.53723</i>
                        <i>-0.25213 0.964935 -0.0730193 -0.0272583 -0.0825089 -0.996217 -0.967309 -0.249186 0.0471055 3.13427 4.78446 2.53727</i>
                        <i>-0.251535 0.965185 -0.0717486 -0.0294125 -0.0817208 -0.996221 -0.967401 -0.248474 0.0489441 3.13426 4.78446 2.53732</i>
                        <i>-0.250913 0.965444 -0.0704361 -0.0316349 -0.0809032 -0.99622 -0.967493 -0.247736 0.0508414 3.13426 4.78446 2.53736</i>
                        <i>-0.250263 0.96571 -0.0690827 -0.0339248 -0.0800563 -0.996213 -0.967583 -0.246971 0.0527966 3.13425 4.78447 2.53741</i>
