<?xml version="1.0" encoding="ISO-8859-1" ?>
<Animl Version="1">
    <ModellingPackage><![CDATA[Maya.2010]]></ModellingPackage>
    <SrcFile><![CDATA[anims\turrets\artillery\red\~src\artillery_d30\artillery_d30_reload_crewman_b.mb]]></SrcFile>
    <FramesPerSecond>30</FramesPerSecond>
    <TotalFrames>76</TotalFrames>
    <Skeleton>
        <RefFrame>
            <Name><![CDATA[soldier_ref_frame]]></Name>
            <Exclude>0</Exclude>
            <Additive>0</Additive>
            <IKPriority>0</IKPriority>
            <IKRotLimits>-1e+010 -1e+010 -1e+010 1e+010 1e+010 1e+010</IKRotLimits>
            <IKRotLimitOrder>0</IKRotLimitOrder>
            <KeyFrames count="76">
                <i>1 0 0 0 1 0 0 0 1 -1.16931 1.35334 -3.24053</i>
                <i>1 0 0 0 1 0 0 0 1 -1.16931 1.35334 -3.24053</i>
                <i>1 0 0 0 1 0 0 0 1 -1.16931 1.35334 -3.24053</i>
                <i>1 0 0 0 1 0 0 0 1 -1.16931 1.35334 -3.24053</i>
                <i>1 0 0 0 1 0 0 0 1 -1.16931 1.35334 -3.24053</i>
                <i>1 0 0 0 1 0 0 0 1 -1.16931 1.35334 -3.24053</i>
                <i>1 0 0 0 1 0 0 0 1 -1.16931 1.35334 -3.24053</i>
                <i>1 0 0 0 1 0 0 0 1 -1.16931 1.35334 -3.24053</i>
                <i>1 0 0 0 1 0 0 0 1 -1.16931 1.35334 -3.24053</i>
                <i>1 0 0 0 1 0 0 0 1 -1.16931 1.35334 -3.24053</i>
                <i>1 0 0 0 1 0 0 0 1 -1.16931 1.35334 -3.24053</i>
                <i>1 0 0 0 1 0 0 0 1 -1.16931 1.35334 -3.24053</i>
                <i>1 0 0 0 1 0 0 0 1 -1.16931 1.35334 -3.24053</i>
                <i>1 0 0 0 1 0 0 0 1 -1.16931 1.35334 -3.24053</i>
                <i>1 0 0 0 1 0 0 0 1 -1.16931 1.35334 -3.24053</i>
                <i>1 0 0 0 1 0 0 0 1 -1.16931 1.35334 -3.24053</i>
                <i>1 0 0 0 1 0 0 0 1 -1.16931 1.35334 -3.24053</i>
                <i>1 0 0 0 1 0 0 0 1 -1.16931 1.35334 -3.24053</i>
                <i>1 0 0 0 1 0 0 0 1 -1.16931 1.35334 -3.24053</i>
                <i>1 0 0 0 1 0 0 0 1 -1.16931 1.35334 -3.24053</i>
                <i>1 0 0 0 1 0 0 0 1 -1.16931 1.35334 -3.24053</i>
                <i>1 0 0 0 1 0 0 0 1 -1.16931 1.35334 -3.24053</i>
                <i>1 0 0 0 1 0 0 0 1 -1.16931 1.35334 -3.24053</i>
                <i>1 0 0 0 1 0 0 0 1 -1.16931 1.35334 -3.24053</i>
                <i>1 0 0 0 1 0 0 0 1 -1.16931 1.35334 -3.24053</i>
                <i>1 0 0 0 1 0 0 0 1 -1.16931 1.35334 -3.24053</i>
                <i>1 0 0 0 1 0 0 0 1 -1.16931 1.35334 -3.24053</i>
                <i>1 0 0 0 1 0 0 0 1 -1.16931 1.35334 -3.24053</i>
                <i>1 0 0 0 1 0 0 0 1 -1.16931 1.35334 -3.24053</i>
                <i>1 0 0 0 1 0 0 0 1 -1.16931 1.35334 -3.24053</i>
                <i>1 0 0 0 1 0 0 0 1 -1.16931 1.35334 -3.24053</i>
                <i>1 0 0 0 1 0 0 0 1 -1.16931 1.35334 -3.24053</i>
                <i>1 0 0 0 1 0 0 0 1 -1.16931 1.35334 -3.24053</i>
                <i>1 0 0 0 1 0 0 0 1 -1.16931 1.35334 -3.24053</i>
                <i>1 0 0 0 1 0 0 0 1 -1.16931 1.35334 -3.24053</i>
                <i>1 0 0 0 1 0 0 0 1 -1.16931 1.35334 -3.24053</i>
                <i>1 0 0 0 1 0 0 0 1 -1.16931 1.35334 -3.24053</i>
                <i>1 0 0 0 1 0 0 0 1 -1.16931 1.35334 -3.24053</i>
                <i>1 0 0 0 1 0 0 0 1 -1.16931 1.35334 -3.24053</i>
                <i>1 0 0 0 1 0 0 0 1 -1.16931 1.35334 -3.24053</i>
                <i>1 0 0 0 1 0 0 0 1 -1.16931 1.35334 -3.24053</i>
                <i>1 0 0 0 1 0 0 0 1 -1.16931 1.35334 -3.24053</i>
                <i>1 0 0 0 1 0 0 0 1 -1.16931 1.35334 -3.24053</i>
                <i>1 0 0 0 1 0 0 0 1 -1.16931 1.35334 -3.24053</i>
                <i>1 0 0 0 1 0 0 0 1 -1.16931 1.35334 -3.24053</i>
                <i>1 0 0 0 1 0 0 0 1 -1.16931 1.35334 -3.24053</i>
                <i>1 0 0 0 1 0 0 0 1 -1.16931 1.35334 -3.24053</i>
                <i>1 0 0 0 1 0 0 0 1 -1.16931 1.35334 -3.24053</i>
                <i>1 0 0 0 1 0 0 0 1 -1.16931 1.35334 -3.24053</i>
                <i>1 0 0 0 1 0 0 0 1 -1.16931 1.35334 -3.24053</i>
                <i>1 0 0 0 1 0 0 0 1 -1.16931 1.35334 -3.24053</i>
                <i>1 0 0 0 1 0 0 0 1 -1.16931 1.35334 -3.24053</i>
                <i>1 0 0 0 1 0 0 0 1 -1.16931 1.35334 -3.24053</i>
                <i>1 0 0 0 1 0 0 0 1 -1.16931 1.35334 -3.24053</i>
                <i>1 0 0 0 1 0 0 0 1 -1.16931 1.35334 -3.24053</i>
                <i>1 0 0 0 1 0 0 0 1 -1.16931 1.35334 -3.24053</i>
                <i>1 0 0 0 1 0 0 0 1 -1.16931 1.35334 -3.24053</i>
                <i>1 0 0 0 1 0 0 0 1 -1.16931 1.35334 -3.24053</i>
                <i>1 0 0 0 1 0 0 0 1 -1.16931 1.35334 -3.24053</i>
                <i>1 0 0 0 1 0 0 0 1 -1.16931 1.35334 -3.24053</i>
                <i>1 0 0 0 1 0 0 0 1 -1.16931 1.35334 -3.24053</i>
                <i>1 0 0 0 1 0 0 0 1 -1.16931 1.35334 -3.24053</i>
                <i>1 0 0 0 1 0 0 0 1 -1.16931 1.35334 -3.24053</i>
                <i>1 0 0 0 1 0 0 0 1 -1.16931 1.35334 -3.24053</i>
                <i>1 0 0 0 1 0 0 0 1 -1.16931 1.35334 -3.24053</i>
                <i>1 0 0 0 1 0 0 0 1 -1.16931 1.35334 -3.24053</i>
                <i>1 0 0 0 1 0 0 0 1 -1.16931 1.35334 -3.24053</i>
                <i>1 0 0 0 1 0 0 0 1 -1.16931 1.35334 -3.24053</i>
                <i>1 0 0 0 1 0 0 0 1 -1.16931 1.35334 -3.24053</i>
                <i>1 0 0 0 1 0 0 0 1 -1.16931 1.35334 -3.24053</i>
                <i>1 0 0 0 1 0 0 0 1 -1.16931 1.35334 -3.24053</i>
                <i>1 0 0 0 1 0 0 0 1 -1.16931 1.35334 -3.24053</i>
                <i>1 0 0 0 1 0 0 0 1 -1.16931 1.35334 -3.24053</i>
                <i>1 0 0 0 1 0 0 0 1 -1.16931 1.35334 -3.24053</i>
                <i>1 0 0 0 1 0 0 0 1 -1.16931 1.35334 -3.24053</i>
                <i>1 0 0 0 1 0 0 0 1 -1.16931 1.35334 -3.24053</i>
            </KeyFrames>
        </RefFrame>
        <Bones count="23">
            <i>
                <p>
                    <Name><![CDATA[pelvis]]></Name>
                    <Exclude>0</Exclude>
                    <Additive>0</Additive>
                    <IKPriority>0</IKPriority>
                    <IKRotLimits>-1e+010 -1e+010 -1e+010 1e+010 1e+010 1e+010</IKRotLimits>
                    <IKRotLimitOrder>2</IKRotLimitOrder>
                    <KeyFrames count="76">
                        <i>1 0 0 0 1 0 0 0 1 -3.01627 2.37348 -3.30758</i>
                        <i>1 0 0 0 1 0 0 0 1 -3.01142 2.30932 -3.34137</i>
                        <i>1 0 0 0 1 0 0 0 1 -3.00655 2.24515 -3.37508</i>
                        <i>1 0 0 0 1 0 0 0 1 -2.95344 2.22608 -3.39301</i>
                        <i>1 0 0 0 1 0 0 0 1 -2.81651 2.29507 -3.38497</i>
                        <i>1 0 0 0 1 0 0 0 1 -2.63945 2.40757 -3.37709</i>
                        <i>1 0 0 0 1 0 0 0 1 -2.48046 2.47875 -3.38448</i>
                        <i>1 0 0 0 1 0 0 0 1 -2.34776 2.49593 -3.39995</i>
                        <i>1 0 0 0 1 0 0 0 1 -2.21611 2.50291 -3.41894</i>
                        <i>1 0 0 0 1 0 0 0 1 -2.08862 2.50322 -3.43728</i>
                        <i>1 0 0 0 1 0 0 0 1 -1.96784 2.49839 -3.45034</i>
                        <i>1 0 0 0 1 0 0 0 1 -1.85538 2.48811 -3.45257</i>
                        <i>1 0 0 0 1 0 0 0 1 -1.75227 2.47099 -3.43839</i>
                        <i>1 0 0 0 1 0 0 0 1 -1.65953 2.43674 -3.39961</i>
                        <i>1 0 0 0 1 0 0 0 1 -1.57571 2.38384 -3.34163</i>
                        <i>1 0 0 0 1 0 0 0 1 -1.49802 2.32451 -3.27925</i>
                        <i>1 0 0 0 1 0 0 0 1 -1.42395 2.27027 -3.22412</i>
                        <i>1 0 0 0 1 0 0 0 1 -1.35242 2.23122 -3.18459</i>
                        <i>1 0 0 0 1 0 0 0 1 -1.28413 2.21631 -3.16717</i>
                        <i>1 0 0 0 1 0 0 0 1 -1.22561 2.22994 -3.18547</i>
                        <i>1 0 0 0 1 0 0 0 1 -1.17873 2.26316 -3.23549</i>
                        <i>1 0 0 0 1 0 0 0 1 -1.13739 2.30469 -3.29785</i>
                        <i>1 0 0 0 1 0 0 0 1 -1.09602 2.34371 -3.35234</i>
                        <i>1 0 0 0 1 0 0 0 1 -1.05 2.37 -3.37639</i>
                        <i>1 0 0 0 1 0 0 0 1 -0.998057 2.38369 -3.36414</i>
                        <i>1 0 0 0 1 0 0 0 1 -0.943278 2.39246 -3.33129</i>
                        <i>1 0 0 0 1 0 0 0 1 -0.887736 2.39761 -3.28531</i>
                        <i>1 0 0 0 1 0 0 0 1 -0.833359 2.40046 -3.23417</i>
                        <i>1 0 0 0 1 0 0 0 1 -0.78225 2.40238 -3.18653</i>
                        <i>1 0 0 0 1 0 0 0 1 -0.736967 2.40481 -3.15146</i>
                        <i>1 0 0 0 1 0 0 0 1 -0.69774 2.40882 -3.13128</i>
                        <i>1 0 0 0 1 0 0 0 1 -0.66327 2.41303 -3.11946</i>
                        <i>1 0 0 0 1 0 0 0 1 -0.634179 2.41524 -3.11194</i>
                        <i>1 0 0 0 1 0 0 0 1 -0.611092 2.41324 -3.10467</i>
                        <i>1 0 0 0 1 0 0 0 1 -0.594631 2.40481 -3.09359</i>
                        <i>1 0 0 0 1 0 0 0 1 -0.585645 2.38772 -3.08007</i>
                        <i>1 0 0 0 1 0 0 0 1 -0.583129 2.36359 -3.06721</i>
                        <i>1 0 0 0 1 0 0 0 1 -0.584926 2.33602 -3.05359</i>
                        <i>1 0 0 0 1 0 0 0 1 -0.58888 2.30862 -3.03777</i>
                        <i>1 0 0 0 1 0 0 0 1 -0.592834 2.285 -3.01832</i>
                        <i>1 0 0 0 1 0 0 0 1 -0.594631 2.26877 -2.99381</i>
                        <i>1 0 0 0 1 0 0 0 1 -0.594631 2.26137 -2.95988</i>
                        <i>1 0 0 0 1 0 0 0 1 -0.594631 2.2602 -2.91681</i>
                        <i>1 0 0 0 1 0 0 0 1 -0.594631 2.26281 -2.87011</i>
                        <i>1 0 0 0 1 0 0 0 1 -0.594631 2.26674 -2.82529</i>
                        <i>1 0 0 0 1 0 0 0 1 -0.594631 2.26955 -2.78788</i>
                        <i>1 0 0 0 1 0 0 0 1 -0.594631 2.26877 -2.76339</i>
                        <i>1 0 0 0 1 0 0 0 1 -0.590351 2.26345 -2.74835</i>
                        <i>1 0 0 0 1 0 0 0 1 -0.580999 2.2553 -2.73774</i>
                        <i>1 0 0 0 1 0 0 0 1 -0.571719 2.24584 -2.73465</i>
                        <i>1 0 0 0 1 0 0 0 1 -0.567531 2.23686 -2.74198</i>
                        <i>1 0 0 0 1 0 0 0 1 -0.573414 2.2303 -2.76256</i>
                        <i>1 0 0 0 1 0 0 0 1 -0.594631 2.22809 -2.79952</i>
                        <i>1 0 0 0 1 0 0 0 1 -0.637132 2.22982 -2.86643</i>
                        <i>1 0 0 0 1 0 0 0 1 -0.700167 2.23437 -2.96652</i>
                        <i>1 0 0 0 1 0 0 0 1 -0.777759 2.24294 -3.0874</i>
                        <i>1 0 0 0 1 0 0 0 1 -0.860806 2.25627 -3.21388</i>
                        <i>1 0 0 0 1 0 0 0 1 -0.938463 2.27326 -3.32612</i>
                        <i>1 0 0 0 1 0 0 0 1 -1.00081 2.29122 -3.4</i>
                        <i>1 0 0 0 1 0 0 0 1 -1.05319 2.31153 -3.42804</i>
                        <i>1 0 0 0 1 0 0 0 1 -1.10476 2.33572 -3.42357</i>
                        <i>1 0 0 0 1 0 0 0 1 -1.15359 2.36151 -3.39347</i>
                        <i>1 0 0 0 1 0 0 0 1 -1.19781 2.38665 -3.34733</i>
                        <i>1 0 0 0 1 0 0 0 1 -1.23473 2.40853 -3.29725</i>
                        <i>1 0 0 0 1 0 0 0 1 -1.26039 2.42408 -3.25696</i>
                        <i>1 0 0 0 1 0 0 0 1 -1.27 2.43 -3.24053</i>
                        <i>1 0 0 0 1 0 0 0 1 -1.27 2.43 -3.24053</i>
                        <i>1 0 0 0 1 0 0 0 1 -1.27 2.43 -3.24053</i>
                        <i>1 0 0 0 1 0 0 0 1 -1.27 2.43 -3.24053</i>
                        <i>1 0 0 0 1 0 0 0 1 -1.27 2.43 -3.24053</i>
                        <i>1 0 0 0 1 0 0 0 1 -1.27 2.43 -3.24053</i>
                        <i>1 0 0 0 1 0 0 0 1 -1.27 2.43 -3.24053</i>
                        <i>1 0 0 0 1 0 0 0 1 -1.27 2.43 -3.24053</i>
                        <i>1 0 0 0 1 0 0 0 1 -1.27 2.43 -3.24053</i>
                        <i>1 0 0 0 1 0 0 0 1 -1.27 2.43 -3.24053</i>
                        <i>1 0 0 0 1 0 0 0 1 -1.27 2.43 -3.24053</i>
                    </KeyFrames>
                </p>
            </i>
            <i>
                <p>
                    <Name><![CDATA[spine0]]></Name>
                    <Exclude>0</Exclude>
                    <Additive>0</Additive>
                    <IKPriority>0</IKPriority>
                    <IKRotLimits>-1e+010 -1e+010 -1e+010 1e+010 1e+010 1e+010</IKRotLimits>
                    <IKRotLimitOrder>0</IKRotLimitOrder>
                    <KeyFrames count="76">
                        <i>0.322671 0.883842 0.338684 -0.7893 0.0537754 0.611648 0.522387 -0.464685 0.714968 -3.02558 2.51439 -3.335</i>
                        <i>0.350183 0.864081 0.361574 -0.804348 0.0795905 0.588804 0.479996 -0.49702 0.722893 -3.01337 2.45077 -3.36757</i>
                        <i>0.375033 0.84352 0.38448 -0.818205 0.106237 0.565025 0.435764 -0.526486 0.730015 -3.00124 2.38675 -3.39994</i>
                        <i>0.386818 0.830964 0.399839 -0.844903 0.145642 0.51471 0.369472 -0.536924 0.758421 -2.9417 2.36739 -3.4173</i>
                        <i>0.398769 0.820652 0.409285 -0.885087 0.227607 0.405975 0.240008 -0.524143 0.817111 -2.7967 2.43561 -3.40847</i>
                        <i>0.400059 0.811302 0.426313 -0.912646 0.310102 0.266296 0.083846 -0.495607 0.86449 -2.61274 2.54737 -3.39804</i>
                        <i>0.352131 0.829659 0.433208 -0.935925 0.315528 0.156479 -0.0068653 -0.460552 0.887606 -2.45482 2.61881 -3.40501</i>
                        <i>0.249276 0.877332 0.41006 -0.968283 0.233227 0.0896277 -0.0170038 -0.419397 0.907644 -2.33131 2.63659 -3.42525</i>
                        <i>0.114295 0.923104 0.367173 -0.993447 0.106412 0.0417139 -0.000565356 -0.369534 0.929217 -2.21219 2.64294 -3.45169</i>
                        <i>-0.0370272 0.950156 0.309568 -0.999017 -0.0427494 0.0117189 0.0243687 -0.30883 0.950805 -2.09849 2.64063 -3.47872</i>
                        <i>-0.182299 0.952414 0.244283 -0.982453 -0.1864 -0.00642548 0.0394148 -0.241168 0.969683 -1.99047 2.6314 -3.50027</i>
                        <i>-0.297292 0.937826 0.179166 -0.954344 -0.29759 -0.0258521 0.029073 -0.178671 0.983479 -1.88752 2.61627 -3.50947</i>
                        <i>-0.36135 0.92432 0.122715 -0.932288 -0.355853 -0.0648658 -0.0162883 -0.137845 0.99032 -1.7888 2.59596 -3.49958</i>
                        <i>-0.368871 0.926169 0.0783899 -0.923485 -0.355622 -0.143902 -0.1054 -0.125473 0.986482 -1.69533 2.56163 -3.46139</i>
                        <i>-0.334429 0.941148 0.0489657 -0.915649 -0.312194 -0.253222 -0.223032 -0.12952 0.966168 -1.60807 2.51079 -3.40107</i>
                        <i>-0.273372 0.961052 0.0405692 -0.898816 -0.240191 -0.366659 -0.342634 -0.136699 0.92947 -1.52593 2.45418 -3.33496</i>
                        <i>-0.202453 0.977977 0.0507238 -0.872857 -0.156723 -0.462123 -0.443997 -0.137833 0.885364 -1.44733 2.40229 -3.27628</i>
                        <i>-0.137009 0.988267 0.0675088 -0.846842 -0.0815012 -0.525562 -0.513894 -0.129176 0.848072 -1.37133 2.36474 -3.23469</i>
                        <i>-0.0901609 0.993205 0.0735899 -0.834676 -0.0350465 -0.549625 -0.543311 -0.110978 0.832164 -1.29844 2.35025 -3.21768</i>
                        <i>-0.0602736 0.996564 0.0568132 -0.846069 -0.0208046 -0.532667 -0.529655 -0.0801736 0.844416 -1.23229 2.3626 -3.24072</i>
                        <i>-0.0371579 0.99888 0.029279 -0.880271 -0.0188491 -0.474096 -0.473013 -0.0433899 0.879986 -1.17558 2.39184 -3.29973</i>
                        <i>-0.0218167 0.999706 0.0106018 -0.928705 -0.0163386 -0.370459 -0.370177 -0.0179281 0.928788 -1.12775 2.42698 -3.373</i>
                        <i>-0.0130245 0.999855 0.0109883 -0.973211 -0.0101531 -0.229692 -0.229547 -0.0136855 0.973201 -1.0869 2.45987 -3.43673</i>
                        <i>-0.00691473 0.999649 0.0255776 -0.997222 -0.00499624 -0.0743244 -0.0741705 -0.0260205 0.996906 -1.04867 2.48426 -3.46379</i>
                        <i>-0.00185296 0.998969 0.0453683 -0.995409 -0.00618401 0.0955113 0.0956933 -0.044983 0.994394 -1.0095 2.50149 -3.44592</i>
                        <i>0.00551581 0.99774 0.0669601 -0.958121 -0.013899 0.286027 0.286312 -0.0657335 0.955879 -0.968085 2.51633 -3.40012</i>
                        <i>0.0179711 0.996079 0.086627 -0.879219 -0.025511 0.475735 0.476079 -0.0847136 0.875313 -0.922063 2.52769 -3.33626</i>
                        <i>0.0364556 0.99432 0.0999942 -0.76439 -0.0367092 0.643708 0.643722 -0.0999014 0.75871 -0.871282 2.53541 -3.26651</i>
                        <i>0.0580328 0.992952 0.103341 -0.630933 -0.043742 0.774603 0.773664 -0.110154 0.623947 -0.818918 2.54043 -3.20367</i>
                        <i>0.0764483 0.992311 0.0973367 -0.503756 -0.0458066 0.862631 0.860457 -0.114981 0.496381 -0.771024 2.54437 -3.15922</i>
                        <i>0.0836405 0.992251 0.0918775 -0.399387 -0.0510918 0.915358 0.912959 -0.113256 0.392019 -0.731831 2.54856 -3.13394</i>
                        <i>0.0802497 0.992762 0.0893501 -0.316862 -0.0595818 0.946598 0.945071 -0.104276 0.309788 -0.700441 2.552 -3.11888</i>
                        <i>0.0720017 0.993722 0.0856231 -0.254667 -0.0646842 0.964863 0.964345 -0.0912772 0.248411 -0.675978 2.55287 -3.10953</i>
                        <i>0.0639076 0.99492 0.0777759 -0.209532 -0.0628207 0.975782 0.975711 -0.0786565 0.204453 -0.657323 2.54943 -3.10163</i>
                        <i>0.0604671 0.99618 0.0630002 -0.176957 -0.0514176 0.982875 0.982359 -0.0705799 0.173172 -0.643303 2.54017 -3.09108</i>
                        <i>0.0607536 0.997455 0.0373033 -0.158145 -0.0272813 0.987039 0.985545 -0.0658655 0.156085 -0.634877 2.5229 -3.08005</i>
                        <i>0.0616649 0.998091 0.00354457 -0.152723 0.00592602 0.988251 0.986343 -0.0614817 0.152797 -0.632399 2.49868 -3.07148</i>
                        <i>0.0641404 0.9974 -0.0328512 -0.154215 0.04243 0.987126 0.985953 -0.0582485 0.156536 -0.63375 2.47102 -3.06287</i>
                        <i>0.068883 0.995453 -0.0657949 -0.158822 0.0760527 0.984374 0.984901 -0.0573569 0.163338 -0.636817 2.44354 -3.05177</i>
                        <i>0.0764301 0.993282 -0.0868906 -0.165767 0.0985911 0.981224 0.983199 -0.0605915 0.172188 -0.63949 2.41999 -3.03559</i>
                        <i>0.0871488 0.992527 -0.0854069 -0.175827 0.0997122 0.979358 0.980556 -0.070333 0.183203 -0.639673 2.40425 -3.01149</i>
                        <i>0.102155 0.993543 -0.0493591 -0.194332 0.0685945 0.978534 0.975602 -0.0903701 0.200085 -0.637422 2.39802 -2.97373</i>
                        <i>0.119767 0.992588 0.0206381 -0.216572 0.0058336 0.976249 0.968892 -0.121392 0.215666 -0.634632 2.39828 -2.92225</i>
                        <i>0.137726 0.984079 0.112339 -0.226856 -0.0790639 0.970714 0.964141 -0.159177 0.212355 -0.631828 2.40161 -2.86317</i>
                        <i>0.157219 0.966031 0.205102 -0.216455 -0.168927 0.961567 0.963551 -0.195572 0.182543 -0.629063 2.40484 -2.80433</i>
                        <i>0.179496 0.943924 0.277108 -0.190084 -0.243096 0.951195 0.96522 -0.223409 0.13579 -0.626245 2.40592 -2.75471</i>
                        <i>0.201585 0.927574 0.314596 -0.164532 -0.284557 0.944434 0.965553 -0.242145 0.0952531 -0.62383 2.40372 -2.72301</i>
                        <i>0.222577 0.922632 0.314975 -0.14388 -0.288455 0.946622 0.96424 -0.256014 0.0685447 -0.617623 2.39845 -2.70676</i>
                        <i>0.244143 0.924902 0.291463 -0.123464 -0.268466 0.955344 0.961848 -0.269226 0.0486482 -0.606585 2.39148 -2.69906</i>
                        <i>0.264626 0.928601 0.260141 -0.107473 -0.239679 0.964885 0.958344 -0.283292 0.0363744 -0.596174 2.38353 -2.70088</i>
                        <i>0.282273 0.930353 0.234019 -0.100574 -0.213896 0.971665 0.954048 -0.297811 0.0331919 -0.591615 2.37573 -2.71318</i>
                        <i>0.295054 0.929384 0.221786 -0.110958 -0.197221 0.97406 0.949016 -0.312009 0.0449317 -0.598059 2.36978 -2.73742</i>
                        <i>0.300695 0.926026 0.228164 -0.150374 -0.190209 0.970159 0.941791 -0.326032 0.0820555 -0.620989 2.36755 -2.77606</i>
                        <i>0.299822 0.921747 0.245946 -0.233051 -0.179228 0.955806 0.925091 -0.343889 0.161078 -0.667084 2.36877 -2.84424</i>
                        <i>0.296394 0.919415 0.258509 -0.355864 -0.144864 0.923242 0.886291 -0.365637 0.28425 -0.735085 2.37282 -2.9489</i>
                        <i>0.294354 0.920125 0.258313 -0.499677 -0.0822297 0.8623 0.814665 -0.382895 0.43556 -0.816813 2.38118 -3.07964</i>
                        <i>0.296359 0.92331 0.244273 -0.638632 0.00140068 0.769511 0.710155 -0.384052 0.590071 -0.900847 2.39428 -3.22073</i>
                        <i>0.299696 0.927977 0.221453 -0.749843 0.0856059 0.656054 0.589845 -0.362672 0.721493 -0.975424 2.41037 -3.34918</i>
                        <i>0.29497 0.934738 0.198133 -0.824093 0.143925 0.547865 0.483594 -0.324884 0.812765 -1.03196 2.42684 -3.43648</i>
                        <i>0.269231 0.946698 0.176854 -0.878048 0.165844 0.448918 0.39566 -0.276149 0.875897 -1.07699 2.44578 -3.47395</i>
                        <i>0.225636 0.962646 0.149668 -0.924015 0.162792 0.345969 0.308681 -0.216359 0.926232 -1.11967 2.46878 -3.4762</i>
                        <i>0.174888 0.977933 0.114283 -0.958989 0.142894 0.244787 0.223054 -0.152407 0.962818 -1.1592 2.49372 -3.4499</i>
                        <i>0.126458 0.989205 0.0740458 -0.981784 0.114139 0.151899 0.141808 -0.0919058 0.985618 -1.19492 2.51843 -3.40495</i>
                        <i>0.0870001 0.995561 0.0359145 -0.993629 0.0841257 0.0749992 0.0716449 -0.0422107 0.996537 -1.22509 2.54026 -3.35425</i>
                        <i>0.0605468 0.998135 0.00784554 -0.997922 0.0603565 0.0225693 0.0220537 -0.00919573 0.999714 -1.24644 2.55597 -3.3127</i>
                        <i>0.0506409 0.998713 -0.00285972 -0.998711 0.0506501 0.00324207 0.00338275 0.00269185 0.999991 -1.25453 2.562 -3.29561</i>
                        <i>0.0506409 0.998713 -0.00285972 -0.998711 0.0506501 0.00324207 0.00338275 0.00269185 0.999991 -1.25453 2.562 -3.29561</i>
                        <i>0.0506409 0.998713 -0.00285972 -0.998711 0.0506501 0.00324207 0.00338275 0.00269185 0.999991 -1.25453 2.562 -3.29561</i>
                        <i>0.0506409 0.998713 -0.00285972 -0.998711 0.0506501 0.00324207 0.00338275 0.00269185 0.999991 -1.25453 2.562 -3.29561</i>
                        <i>0.0506409 0.998713 -0.00285972 -0.998711 0.0506501 0.00324207 0.00338275 0.00269185 0.999991 -1.25453 2.562 -3.29561</i>
                        <i>0.0506409 0.998713 -0.00285972 -0.998711 0.0506501 0.00324207 0.00338275 0.00269185 0.999991 -1.25453 2.562 -3.29561</i>
                        <i>0.0506409 0.998713 -0.00285972 -0.998711 0.0506501 0.00324207 0.00338275 0.00269185 0.999991 -1.25453 2.562 -3.29561</i>
                        <i>0.0506409 0.998713 -0.00285972 -0.998711 0.0506501 0.00324207 0.00338275 0.00269185 0.999991 -1.25453 2.562 -3.29561</i>
                        <i>0.0506409 0.998713 -0.00285972 -0.998711 0.0506501 0.00324207 0.00338275 0.00269185 0.999991 -1.25453 2.562 -3.29561</i>
                        <i>0.0506409 0.998713 -0.00285972 -0.998711 0.0506501 0.00324207 0.00338275 0.00269185 0.999991 -1.25453 2.562 -3.29561</i>
                        <i>0.0506409 0.998713 -0.00285972 -0.998711 0.0506501 0.00324207 0.00338275 0.00269185 0.999991 -1.25453 2.562 -3.29561</i>
                    </KeyFrames>
                </p>
            </i>
            <i>
                <p>
                    <Name><![CDATA[spine1]]></Name>
                    <Exclude>0</Exclude>
                    <Additive>0</Additive>
                    <IKPriority>0</IKPriority>
                    <IKRotLimits>-1e+010 -1e+010 -1e+010 1e+010 1e+010 1e+010</IKRotLimits>
                    <IKRotLimitOrder>0</IKRotLimitOrder>
                    <KeyFrames count="76">
                        <i>0.45579 0.524778 0.718932 -0.859316 0.0488931 0.509102 0.232015 -0.849834 0.473235 -2.96877 2.67005 -3.27538</i>
                        <i>0.453812 0.494848 0.741067 -0.872811 0.079229 0.481584 0.179597 -0.86536 0.467864 -2.95164 2.60312 -3.30384</i>
                        <i>0.448757 0.466003 0.762534 -0.884579 0.110334 0.453153 0.127037 -0.877877 0.461729 -2.93505 2.53565 -3.3321</i>
                        <i>0.42686 0.452824 0.782778 -0.901987 0.151084 0.404467 0.064887 -0.878706 0.472933 -2.87359 2.51374 -3.34691</i>
                        <i>0.388227 0.451793 0.80322 -0.920528 0.231434 0.31475 -0.0436907 -0.861581 0.505736 -2.72701 2.57904 -3.33695</i>
                        <i>0.338779 0.459869 0.820822 -0.926843 0.313179 0.207078 -0.161836 -0.830927 0.532325 -2.543 2.68882 -3.32373</i>
                        <i>0.27003 0.495809 0.825383 -0.941004 0.317468 0.117153 -0.203948 -0.808324 0.552285 -2.39334 2.76367 -3.32939</i>
                        <i>0.172142 0.557324 0.812255 -0.971743 0.23126 0.0472651 -0.1615 -0.797439 0.581385 -2.28781 2.78969 -3.35371</i>
                        <i>0.0498916 0.617965 0.784621 -0.995034 0.0985048 -0.0143109 -0.0861326 -0.780011 0.61981 -2.1922 2.80437 -3.3875</i>
                        <i>-0.0843192 0.666029 0.741145 -0.996439 -0.0569431 -0.0621918 0.000781593 -0.743749 0.668458 -2.10501 2.80785 -3.42427</i>
                        <i>-0.214097 0.697395 0.683961 -0.974008 -0.205435 -0.0954198 0.0739642 -0.686613 0.723251 -2.02285 2.80056 -3.45693</i>
                        <i>-0.321943 0.717258 0.617976 -0.940255 -0.318605 -0.120048 0.110785 -0.619703 0.776978 -1.94068 2.78399 -3.47748</i>
                        <i>-0.390281 0.738302 0.550082 -0.915642 -0.373764 -0.14799 0.0963395 -0.561436 0.821893 -1.85328 2.7609 -3.47773</i>
                        <i>-0.407931 0.778563 0.476898 -0.912731 -0.360716 -0.191848 0.0226588 -0.51354 0.857766 -1.7599 2.72375 -3.44769</i>
                        <i>-0.370344 0.838302 0.400119 -0.924082 -0.288703 -0.250446 -0.0944335 -0.462494 0.881579 -1.66476 2.67033 -3.39276</i>
                        <i>-0.277789 0.899055 0.338427 -0.933824 -0.17006 -0.314726 -0.225403 -0.403459 0.8868 -1.57081 2.61188 -3.32826</i>
                        <i>-0.153381 0.939872 0.305149 -0.927551 -0.0304446 -0.372455 -0.34077 -0.340168 0.876448 -1.47985 2.55924 -3.26808</i>
                        <i>-0.0387697 0.953643 0.298432 -0.906147 0.0923305 -0.412762 -0.421182 -0.286426 0.860561 -1.39318 2.52202 -3.22388</i>
                        <i>0.0264201 0.952262 0.304137 -0.888067 0.162041 -0.430209 -0.458954 -0.258728 0.849953 -1.31287 2.50872 -3.20588</i>
                        <i>0.0172787 0.945743 0.324455 -0.886095 0.164811 -0.433213 -0.463182 -0.280013 0.840866 -1.2421 2.52416 -3.23146</i>
                        <i>-0.0361569 0.929612 0.366761 -0.896838 0.131725 -0.422292 -0.440879 -0.344194 0.828949 -1.18184 2.55964 -3.29479</i>
                        <i>-0.079655 0.901676 0.425012 -0.917748 0.10009 -0.384345 -0.389094 -0.420669 0.819538 -1.13159 2.60376 -3.37116</i>
                        <i>-0.0786681 0.870688 0.485503 -0.946528 0.0876159 -0.310498 -0.312884 -0.483969 0.817238 -1.0893 2.64563 -3.43477</i>
                        <i>-0.0294578 0.84965 0.526524 -0.977886 0.0846158 -0.191254 -0.207051 -0.520515 0.828368 -1.04998 2.67488 -3.45903</i>
                        <i>0.0557316 0.843845 0.533685 -0.997351 0.0720782 -0.00981642 -0.0467506 -0.531724 0.845626 -1.00987 2.69144 -3.43741</i>
                        <i>0.156681 0.850196 0.502611 -0.973965 0.0485876 0.221429 0.163837 -0.524219 0.835674 -0.967083 2.70241 -3.38772</i>
                        <i>0.24684 0.868667 0.429521 -0.885999 0.0227673 0.463127 0.392524 -0.494874 0.775258 -0.918833 2.7083 -3.32061</i>
                        <i>0.304452 0.894558 0.327222 -0.737474 0.00394765 0.675364 0.60286 -0.446934 0.660916 -0.864881 2.71051 -3.24892</i>
                        <i>0.325076 0.919251 0.222042 -0.557421 -0.00341607 0.830223 0.763942 -0.393657 0.511299 -0.808936 2.71126 -3.1859</i>
                        <i>0.32613 0.934696 0.141359 -0.390441 -0.00300051 0.920623 0.860927 -0.355435 0.363965 -0.758031 2.7129 -3.14269</i>
                        <i>0.328358 0.939519 0.0973928 -0.265022 -0.00732854 0.964214 0.906611 -0.342419 0.246587 -0.717651 2.71663 -3.11838</i>
                        <i>0.336713 0.938587 0.0753551 -0.175613 -0.0160273 0.984329 0.925086 -0.34467 0.159431 -0.686794 2.72072 -3.1037</i>
                        <i>0.350287 0.934631 0.0613494 -0.1152 -0.0220118 0.993098 0.929531 -0.354937 0.0999591 -0.663657 2.72288 -3.09488</i>
                        <i>0.364294 0.930102 0.0468961 -0.0746101 -0.021046 0.996991 0.92829 -0.366697 0.0617281 -0.646315 2.72088 -3.08823</i>
                        <i>0.373228 0.927381 0.0258094 -0.0438863 -0.01014 0.998985 0.926701 -0.373981 0.0369148 -0.632847 2.71259 -3.08018</i>
                        <i>0.376314 0.926481 -0.00450929 -0.0211859 0.0134708 0.999685 0.92625 -0.3761 0.0246976 -0.624359 2.69576 -3.07359</i>
                        <i>0.377657 0.925121 -0.0390667 -0.00874528 0.045753 0.998914 0.925904 -0.376905 0.0253694 -0.62172 2.67171 -3.07087</i>
                        <i>0.378984 0.922447 -0.0739177 -0.00350686 0.0813072 0.996683 0.925397 -0.377467 0.034049 -0.622645 2.64389 -3.06857</i>
                        <i>0.381846 0.91839 -0.103696 -0.00515802 0.114314 0.993431 0.924211 -0.378803 0.0483873 -0.624895 2.61597 -3.06317</i>
                        <i>0.387729 0.913939 -0.119924 -0.016446 0.13694 0.990443 0.921627 -0.382052 0.0681261 -0.626267 2.59195 -3.05064</i>
                        <i>0.397872 0.910639 -0.111508 -0.041664 0.139352 0.989366 0.916495 -0.388995 0.0933852 -0.624598 2.57604 -3.02627</i>
                        <i>0.412172 0.908658 -0.0667481 -0.0884636 0.112827 0.989669 0.906801 -0.40201 0.126887 -0.619751 2.56997 -2.98227</i>
                        <i>0.427365 0.904015 0.0107904 -0.149316 0.0588063 0.987039 0.891664 -0.423437 0.160115 -0.613916 2.57004 -2.91868</i>
                        <i>0.441646 0.891019 0.105046 -0.204342 -0.0141097 0.978798 0.873609 -0.453747 0.175841 -0.608009 2.57186 -2.84374</i>
                        <i>0.456979 0.867875 0.194843 -0.241253 -0.0899055 0.966289 0.856135 -0.48858 0.168292 -0.601877 2.57194 -2.76885</i>
                        <i>0.475415 0.839597 0.262787 -0.261819 -0.150142 0.953367 0.8399 -0.522048 0.148442 -0.59521 2.56917 -2.70678</i>
                        <i>0.49494 0.814294 0.30325 -0.279979 -0.180933 0.942802 0.822585 -0.551534 0.138434 -0.588977 2.56414 -2.6686</i>
                        <i>0.513149 0.795521 0.322218 -0.306557 -0.180778 0.934528 0.801686 -0.57833 0.151106 -0.579186 2.55781 -2.65236</i>
                        <i>0.529141 0.780595 0.332689 -0.341404 -0.163089 0.925659 0.776823 -0.603386 0.180202 -0.564516 2.55087 -2.64883</i>
                        <i>0.540965 0.76738 0.344217 -0.38174 -0.140655 0.913505 0.749421 -0.625575 0.21685 -0.550636 2.54334 -2.65611</i>
                        <i>0.547941 0.754671 0.360877 -0.424117 -0.12122 0.897458 0.721031 -0.644808 0.253648 -0.543 2.53598 -2.67287</i>
                        <i>0.550711 0.742015 0.38227 -0.467575 -0.105134 0.877679 0.691441 -0.662088 0.28905 -0.547069 2.53042 -2.69908</i>
                        <i>0.550783 0.729181 0.406119 -0.514179 -0.0868503 0.853274 0.657463 -0.678787 0.327094 -0.568707 2.52861 -2.73638</i>
                        <i>0.554984 0.715338 0.424599 -0.56878 -0.0461517 0.821194 0.607027 -0.697253 0.381257 -0.614333 2.53103 -2.80095</i>
                        <i>0.563947 0.701428 0.435846 -0.633079 0.0283219 0.773569 0.530259 -0.712177 0.460031 -0.681857 2.53808 -2.90245</i>
                        <i>0.57033 0.689259 0.446817 -0.701275 0.125333 0.701788 0.427713 -0.713592 0.554841 -0.762464 2.55131 -3.03192</i>
                        <i>0.568036 0.682317 0.460194 -0.76291 0.226802 0.605417 0.308714 -0.694985 0.649378 -0.844474 2.57021 -3.17426</i>
                        <i>0.552859 0.685337 0.473983 -0.810562 0.310409 0.496624 0.193226 -0.658756 0.727121 -0.917036 2.59148 -3.30608</i>
                        <i>0.520843 0.702513 0.484971 -0.846836 0.353557 0.397323 0.10766 -0.617634 0.779062 -0.973902 2.6111 -3.39756</i>
                        <i>0.460039 0.739671 0.491173 -0.885872 0.345003 0.310168 0.0599661 -0.577805 0.813969 -1.02437 2.63104 -3.43948</i>
                        <i>0.369936 0.794615 0.481387 -0.928367 0.296206 0.224492 0.0357949 -0.529952 0.847272 -1.07641 2.6535 -3.4476</i>
                        <i>0.262415 0.856226 0.44499 -0.964596 0.220178 0.145179 0.0263289 -0.467332 0.88369 -1.12652 2.67663 -3.42862</i>
                        <i>0.152466 0.911684 0.381559 -0.988104 0.132763 0.0776137 0.0201022 -0.388853 0.92108 -1.17186 2.69889 -3.39151</i>
                        <i>0.057122 0.950823 0.304423 -0.998323 0.0515325 0.0263712 0.00938662 -0.305419 0.952172 -1.20952 2.71846 -3.34787</i>
                        <i>-0.00848942 0.971111 0.238476 -0.999957 -0.00733137 -0.00574258 -0.00382833 -0.238514 0.971131 -1.23572 2.73268 -3.31135</i>
                        <i>-0.0328617 0.976866 0.211314 -0.999408 -0.0299571 -0.016933 -0.0102109 -0.211746 0.977271 -1.2456 2.73819 -3.29614</i>
                        <i>-0.0328617 0.976866 0.211314 -0.999408 -0.0299571 -0.016933 -0.0102109 -0.211746 0.977271 -1.2456 2.73819 -3.29614</i>
                        <i>-0.0328617 0.976866 0.211314 -0.999408 -0.0299571 -0.016933 -0.0102109 -0.211746 0.977271 -1.2456 2.73819 -3.29614</i>
                        <i>-0.0328617 0.976866 0.211314 -0.999408 -0.0299571 -0.016933 -0.0102109 -0.211746 0.977271 -1.2456 2.73819 -3.29614</i>
                        <i>-0.0328617 0.976866 0.211314 -0.999408 -0.0299571 -0.016933 -0.0102109 -0.211746 0.977271 -1.2456 2.73819 -3.29614</i>
                        <i>-0.0328617 0.976866 0.211314 -0.999408 -0.0299571 -0.016933 -0.0102109 -0.211746 0.977271 -1.2456 2.73819 -3.29614</i>
                        <i>-0.0328617 0.976866 0.211314 -0.999408 -0.0299571 -0.016933 -0.0102109 -0.211746 0.977271 -1.2456 2.73819 -3.29614</i>
                        <i>-0.0328617 0.976866 0.211314 -0.999408 -0.0299571 -0.016933 -0.0102109 -0.211746 0.977271 -1.2456 2.73819 -3.29614</i>
                        <i>-0.0328617 0.976866 0.211314 -0.999408 -0.0299571 -0.016933 -0.0102109 -0.211746 0.977271 -1.2456 2.73819 -3.29614</i>
                        <i>-0.0328617 0.976866 0.211314 -0.999408 -0.0299571 -0.016933 -0.0102109 -0.211746 0.977271 -1.2456 2.73819 -3.29614</i>
                        <i>-0.0328617 0.976866 0.211314 -0.999408 -0.0299571 -0.016933 -0.0102109 -0.211746 0.977271 -1.2456 2.73819 -3.29614</i>
                    </KeyFrames>
                </p>
            </i>
            <i>
                <p>
                    <Name><![CDATA[spine2]]></Name>
                    <Exclude>0</Exclude>
                    <Additive>0</Additive>
                    <IKPriority>0</IKPriority>
                    <IKRotLimits>-1e+010 -1e+010 -1e+010 1e+010 1e+010 1e+010</IKRotLimits>
                    <IKRotLimitOrder>0</IKRotLimitOrder>
                    <KeyFrames count="76">
                        <i>0.397768 0.436595 0.806948 -0.912579 0.0974278 0.397123 0.0947629 -0.894367 0.437181 -2.8951 2.75475 -3.15894</i>
                        <i>0.392983 0.40983 0.823167 -0.918729 0.137273 0.370261 0.0387461 -0.901773 0.430469 -2.87822 2.68307 -3.18369</i>
                        <i>0.385594 0.384191 0.838877 -0.922512 0.177298 0.342838 -0.0170155 -0.90607 0.422786 -2.86238 2.61101 -3.20833</i>
                        <i>0.348019 0.371576 0.860705 -0.934762 0.207497 0.288384 -0.0714373 -0.904918 0.419548 -2.80463 2.58681 -3.22015</i>
                        <i>0.253937 0.369132 0.894012 -0.956182 0.235057 0.174542 -0.145715 -0.899161 0.412647 -2.66478 2.65141 -3.2079</i>
                        <i>0.128286 0.37412 0.918464 -0.967997 0.24866 0.0339172 -0.215696 -0.893422 0.394047 -2.48883 2.76232 -3.19218</i>
                        <i>0.0260721 0.398246 0.916908 -0.973912 0.216951 -0.0665367 -0.225423 -0.891253 0.393513 -2.35011 2.84304 -3.19693</i>
                        <i>-0.0442595 0.438392 0.897694 -0.983481 0.138751 -0.116249 -0.175518 -0.88801 0.425009 -2.26029 2.87888 -3.22342</i>
                        <i>-0.112117 0.478716 0.870781 -0.988061 0.0394745 -0.148919 -0.105664 -0.877082 0.468575 -2.18426 2.90348 -3.26137</i>
                        <i>-0.179811 0.517305 0.836698 -0.983233 -0.0682667 -0.169094 -0.0303548 -0.853074 0.520907 -2.11871 2.91536 -3.30433</i>
                        <i>-0.247288 0.553097 0.79557 -0.96829 -0.171184 -0.181964 0.0355449 -0.81534 0.57789 -2.05784 2.91417 -3.34519</i>
                        <i>-0.311017 0.586499 0.747855 -0.947199 -0.25585 -0.193272 0.0779848 -0.768479 0.635106 -1.99364 2.90166 -3.37578</i>
                        <i>-0.363525 0.620533 0.694829 -0.927696 -0.309214 -0.209207 0.0850311 -0.720642 0.688073 -1.91733 2.8818 -3.38738</i>
                        <i>-0.39987 0.667892 0.627714 -0.915076 -0.330019 -0.231784 0.0523508 -0.667089 0.743137 -1.82556 2.8489 -3.37086</i>
                        <i>-0.411057 0.732451 0.542722 -0.91151 -0.321443 -0.25656 -0.0134632 -0.600158 0.799768 -1.72248 2.80094 -3.33037</i>
                        <i>-0.387332 0.802604 0.453653 -0.916526 -0.281967 -0.28368 -0.0997679 -0.525663 0.844822 -1.61267 2.74761 -3.27722</i>
                        <i>-0.333794 0.86373 0.377561 -0.92377 -0.219973 -0.313465 -0.187696 -0.453413 0.871313 -1.50237 2.69809 -3.2231</i>
                        <i>-0.270689 0.904775 0.328799 -0.927337 -0.153392 -0.341347 -0.258407 -0.397306 0.880553 -1.39869 2.66178 -3.18025</i>
                        <i>-0.223677 0.922092 0.315775 -0.928033 -0.102477 -0.358125 -0.297865 -0.373154 0.878654 -1.30882 2.64864 -3.16128</i>
                        <i>-0.210426 0.911489 0.353424 -0.924568 -0.0680862 -0.374884 -0.317639 -0.40565 0.857061 -1.23938 2.66528 -3.18311</i>
                        <i>-0.215552 0.875514 0.43245 -0.917421 -0.0298775 -0.396795 -0.334479 -0.482269 0.809655 -1.18738 2.70325 -3.23811</i>
                        <i>-0.208111 0.825597 0.524481 -0.915237 0.0247705 -0.402153 -0.345007 -0.563717 0.750462 -1.14462 2.75022 -3.30196</i>
                        <i>-0.166514 0.776568 0.60763 -0.926794 0.0871247 -0.365325 -0.336639 -0.62398 0.705212 -1.10292 2.7941 -3.35165</i>
                        <i>-0.0848495 0.741996 0.665013 -0.956682 0.125878 -0.262514 -0.278495 -0.658481 0.699174 -1.05535 2.8235 -3.36647</i>
                        <i>0.0386801 0.724208 0.688496 -0.989707 0.12277 -0.0735351 -0.137781 -0.678565 0.721502 -1.00026 2.83862 -3.34384</i>
                        <i>0.192156 0.718265 0.668709 -0.97875 0.0905587 0.183977 0.0715871 -0.689851 0.720404 -0.940251 2.84792 -3.30129</i>
                        <i>0.344605 0.727021 0.593876 -0.885553 0.0418276 0.46265 0.311516 -0.685341 0.65823 -0.877625 2.85293 -3.24885</i>
                        <i>0.464828 0.748522 0.472917 -0.708286 -0.00614687 0.705899 0.531288 -0.663082 0.52731 -0.815481 2.85528 -3.19588</i>
                        <i>0.537207 0.774171 0.334766 -0.486968 -0.0393854 0.872531 0.688673 -0.63175 0.355838 -0.757408 2.85669 -3.15081</i>
                        <i>0.571126 0.792068 0.215507 -0.285625 -0.0543758 0.956798 0.769567 -0.608006 0.195179 -0.707013 2.85894 -3.12071</i>
                        <i>0.586157 0.798649 0.136309 -0.142267 -0.0641689 0.987746 0.797609 -0.598366 0.0760082 -0.666434 2.86305 -3.10333</i>
                        <i>0.5936 0.800047 0.0869776 -0.0466805 -0.0736666 0.99619 0.803405 -0.595398 -0.00638184 -0.634105 2.86747 -3.09206</i>
                        <i>0.599409 0.798572 0.0546856 0.0128263 -0.0778929 0.996879 0.80034 -0.596837 -0.0569325 -0.608477 2.86996 -3.08537</i>
                        <i>0.604392 0.79615 0.0292619 0.0500725 -0.0746178 0.995954 0.795112 -0.600481 -0.0849636 -0.588509 2.86827 -3.08093</i>
