<?xml version="1.0" encoding="ISO-8859-1" ?>
<Animl Version="1">
    <ModellingPackage><![CDATA[Maya.2010]]></ModellingPackage>
    <SrcFile><![CDATA[anims\turrets\artillery\red\~src\artillery_d30\artillery_d30_idle_alt_crewman_a.mb]]></SrcFile>
    <FramesPerSecond>30</FramesPerSecond>
    <TotalFrames>193</TotalFrames>
    <Skeleton>
        <RefFrame>
            <Name><![CDATA[soldier_ref_frame]]></Name>
            <Exclude>0</Exclude>
            <Additive>0</Additive>
            <IKPriority>0</IKPriority>
            <IKRotLimits>-1e+010 -1e+010 -1e+010 1e+010 1e+010 1e+010</IKRotLimits>
            <IKRotLimitOrder>0</IKRotLimitOrder>
            <KeyFrames count="193">
                <i>1 0 0 0 1 0 0 0 1 1.61 1.35 -2.4</i>
                <i>1 0 0 0 1 0 0 0 1 1.61 1.35 -2.4</i>
                <i>1 0 0 0 1 0 0 0 1 1.61 1.35 -2.4</i>
                <i>1 0 0 0 1 0 0 0 1 1.61 1.35 -2.4</i>
                <i>1 0 0 0 1 0 0 0 1 1.61 1.35 -2.4</i>
                <i>1 0 0 0 1 0 0 0 1 1.61 1.35 -2.4</i>
                <i>1 0 0 0 1 0 0 0 1 1.61 1.35 -2.4</i>
                <i>1 0 0 0 1 0 0 0 1 1.61 1.35 -2.4</i>
                <i>1 0 0 0 1 0 0 0 1 1.61 1.35 -2.4</i>
                <i>1 0 0 0 1 0 0 0 1 1.61 1.35 -2.4</i>
                <i>1 0 0 0 1 0 0 0 1 1.61 1.35 -2.4</i>
                <i>1 0 0 0 1 0 0 0 1 1.61 1.35 -2.4</i>
                <i>1 0 0 0 1 0 0 0 1 1.61 1.35 -2.4</i>
                <i>1 0 0 0 1 0 0 0 1 1.61 1.35 -2.4</i>
                <i>1 0 0 0 1 0 0 0 1 1.61 1.35 -2.4</i>
                <i>1 0 0 0 1 0 0 0 1 1.61 1.35 -2.4</i>
                <i>1 0 0 0 1 0 0 0 1 1.61 1.35 -2.4</i>
                <i>1 0 0 0 1 0 0 0 1 1.61 1.35 -2.4</i>
                <i>1 0 0 0 1 0 0 0 1 1.61 1.35 -2.4</i>
                <i>1 0 0 0 1 0 0 0 1 1.61 1.35 -2.4</i>
                <i>1 0 0 0 1 0 0 0 1 1.61 1.35 -2.4</i>
                <i>1 0 0 0 1 0 0 0 1 1.61 1.35 -2.4</i>
                <i>1 0 0 0 1 0 0 0 1 1.61 1.35 -2.4</i>
                <i>1 0 0 0 1 0 0 0 1 1.61 1.35 -2.4</i>
                <i>1 0 0 0 1 0 0 0 1 1.61 1.35 -2.4</i>
                <i>1 0 0 0 1 0 0 0 1 1.61 1.35 -2.4</i>
                <i>1 0 0 0 1 0 0 0 1 1.61 1.35 -2.4</i>
                <i>1 0 0 0 1 0 0 0 1 1.61 1.35 -2.4</i>
                <i>1 0 0 0 1 0 0 0 1 1.61 1.35 -2.4</i>
                <i>1 0 0 0 1 0 0 0 1 1.61 1.35 -2.4</i>
                <i>1 0 0 0 1 0 0 0 1 1.61 1.35 -2.4</i>
                <i>1 0 0 0 1 0 0 0 1 1.61 1.35 -2.4</i>
                <i>1 0 0 0 1 0 0 0 1 1.61 1.35 -2.4</i>
                <i>1 0 0 0 1 0 0 0 1 1.61 1.35 -2.4</i>
                <i>1 0 0 0 1 0 0 0 1 1.61 1.35 -2.4</i>
                <i>1 0 0 0 1 0 0 0 1 1.61 1.35 -2.4</i>
                <i>1 0 0 0 1 0 0 0 1 1.61 1.35 -2.4</i>
                <i>1 0 0 0 1 0 0 0 1 1.61 1.35 -2.4</i>
                <i>1 0 0 0 1 0 0 0 1 1.61 1.35 -2.4</i>
                <i>1 0 0 0 1 0 0 0 1 1.61 1.35 -2.4</i>
                <i>1 0 0 0 1 0 0 0 1 1.61 1.35 -2.4</i>
                <i>1 0 0 0 1 0 0 0 1 1.61 1.35 -2.4</i>
                <i>1 0 0 0 1 0 0 0 1 1.61 1.35 -2.4</i>
                <i>1 0 0 0 1 0 0 0 1 1.61 1.35 -2.4</i>
                <i>1 0 0 0 1 0 0 0 1 1.61 1.35 -2.4</i>
                <i>1 0 0 0 1 0 0 0 1 1.61 1.35 -2.4</i>
                <i>1 0 0 0 1 0 0 0 1 1.61 1.35 -2.4</i>
                <i>1 0 0 0 1 0 0 0 1 1.61 1.35 -2.4</i>
                <i>1 0 0 0 1 0 0 0 1 1.61 1.35 -2.4</i>
                <i>1 0 0 0 1 0 0 0 1 1.61 1.35 -2.4</i>
                <i>1 0 0 0 1 0 0 0 1 1.61 1.35 -2.4</i>
                <i>1 0 0 0 1 0 0 0 1 1.61 1.35 -2.4</i>
                <i>1 0 0 0 1 0 0 0 1 1.61 1.35 -2.4</i>
                <i>1 0 0 0 1 0 0 0 1 1.61 1.35 -2.4</i>
                <i>1 0 0 0 1 0 0 0 1 1.61 1.35 -2.4</i>
                <i>1 0 0 0 1 0 0 0 1 1.61 1.35 -2.4</i>
                <i>1 0 0 0 1 0 0 0 1 1.61 1.35 -2.4</i>
                <i>1 0 0 0 1 0 0 0 1 1.61 1.35 -2.4</i>
                <i>1 0 0 0 1 0 0 0 1 1.61 1.35 -2.4</i>
                <i>1 0 0 0 1 0 0 0 1 1.61 1.35 -2.4</i>
                <i>1 0 0 0 1 0 0 0 1 1.61 1.35 -2.4</i>
                <i>1 0 0 0 1 0 0 0 1 1.61 1.35 -2.4</i>
                <i>1 0 0 0 1 0 0 0 1 1.61 1.35 -2.4</i>
                <i>1 0 0 0 1 0 0 0 1 1.61 1.35 -2.4</i>
                <i>1 0 0 0 1 0 0 0 1 1.61 1.35 -2.4</i>
                <i>1 0 0 0 1 0 0 0 1 1.61 1.35 -2.4</i>
                <i>1 0 0 0 1 0 0 0 1 1.61 1.35 -2.4</i>
                <i>1 0 0 0 1 0 0 0 1 1.61 1.35 -2.4</i>
                <i>1 0 0 0 1 0 0 0 1 1.61 1.35 -2.4</i>
                <i>1 0 0 0 1 0 0 0 1 1.61 1.35 -2.4</i>
                <i>1 0 0 0 1 0 0 0 1 1.61 1.35 -2.4</i>
                <i>1 0 0 0 1 0 0 0 1 1.61 1.35 -2.4</i>
                <i>1 0 0 0 1 0 0 0 1 1.61 1.35 -2.4</i>
                <i>1 0 0 0 1 0 0 0 1 1.61 1.35 -2.4</i>
                <i>1 0 0 0 1 0 0 0 1 1.61 1.35 -2.4</i>
                <i>1 0 0 0 1 0 0 0 1 1.61 1.35 -2.4</i>
                <i>1 0 0 0 1 0 0 0 1 1.61 1.35 -2.4</i>
                <i>1 0 0 0 1 0 0 0 1 1.61 1.35 -2.4</i>
                <i>1 0 0 0 1 0 0 0 1 1.61 1.35 -2.4</i>
                <i>1 0 0 0 1 0 0 0 1 1.61 1.35 -2.4</i>
                <i>1 0 0 0 1 0 0 0 1 1.61 1.35 -2.4</i>
                <i>1 0 0 0 1 0 0 0 1 1.61 1.35 -2.4</i>
                <i>1 0 0 0 1 0 0 0 1 1.61 1.35 -2.4</i>
                <i>1 0 0 0 1 0 0 0 1 1.61 1.35 -2.4</i>
                <i>1 0 0 0 1 0 0 0 1 1.61 1.35 -2.4</i>
                <i>1 0 0 0 1 0 0 0 1 1.61 1.35 -2.4</i>
                <i>1 0 0 0 1 0 0 0 1 1.61 1.35 -2.4</i>
                <i>1 0 0 0 1 0 0 0 1 1.61 1.35 -2.4</i>
                <i>1 0 0 0 1 0 0 0 1 1.61 1.35 -2.4</i>
                <i>1 0 0 0 1 0 0 0 1 1.61 1.35 -2.4</i>
                <i>1 0 0 0 1 0 0 0 1 1.61 1.35 -2.4</i>
                <i>1 0 0 0 1 0 0 0 1 1.61 1.35 -2.4</i>
                <i>1 0 0 0 1 0 0 0 1 1.61 1.35 -2.4</i>
                <i>1 0 0 0 1 0 0 0 1 1.61 1.35 -2.4</i>
                <i>1 0 0 0 1 0 0 0 1 1.61 1.35 -2.4</i>
                <i>1 0 0 0 1 0 0 0 1 1.61 1.35 -2.4</i>
                <i>1 0 0 0 1 0 0 0 1 1.61 1.35 -2.4</i>
                <i>1 0 0 0 1 0 0 0 1 1.61 1.35 -2.4</i>
                <i>1 0 0 0 1 0 0 0 1 1.61 1.35 -2.4</i>
                <i>1 0 0 0 1 0 0 0 1 1.61 1.35 -2.4</i>
                <i>1 0 0 0 1 0 0 0 1 1.61 1.35 -2.4</i>
                <i>1 0 0 0 1 0 0 0 1 1.61 1.35 -2.4</i>
                <i>1 0 0 0 1 0 0 0 1 1.61 1.35 -2.4</i>
                <i>1 0 0 0 1 0 0 0 1 1.61 1.35 -2.4</i>
                <i>1 0 0 0 1 0 0 0 1 1.61 1.35 -2.4</i>
                <i>1 0 0 0 1 0 0 0 1 1.61 1.35 -2.4</i>
                <i>1 0 0 0 1 0 0 0 1 1.61 1.35 -2.4</i>
                <i>1 0 0 0 1 0 0 0 1 1.61 1.35 -2.4</i>
                <i>1 0 0 0 1 0 0 0 1 1.61 1.35 -2.4</i>
                <i>1 0 0 0 1 0 0 0 1 1.61 1.35 -2.4</i>
                <i>1 0 0 0 1 0 0 0 1 1.61 1.35 -2.4</i>
                <i>1 0 0 0 1 0 0 0 1 1.61 1.35 -2.4</i>
                <i>1 0 0 0 1 0 0 0 1 1.61 1.35 -2.4</i>
                <i>1 0 0 0 1 0 0 0 1 1.61 1.35 -2.4</i>
                <i>1 0 0 0 1 0 0 0 1 1.61 1.35 -2.4</i>
                <i>1 0 0 0 1 0 0 0 1 1.61 1.35 -2.4</i>
                <i>1 0 0 0 1 0 0 0 1 1.61 1.35 -2.4</i>
                <i>1 0 0 0 1 0 0 0 1 1.61 1.35 -2.4</i>
                <i>1 0 0 0 1 0 0 0 1 1.61 1.35 -2.4</i>
                <i>1 0 0 0 1 0 0 0 1 1.61 1.35 -2.4</i>
                <i>1 0 0 0 1 0 0 0 1 1.61 1.35 -2.4</i>
                <i>1 0 0 0 1 0 0 0 1 1.61 1.35 -2.4</i>
                <i>1 0 0 0 1 0 0 0 1 1.61 1.35 -2.4</i>
                <i>1 0 0 0 1 0 0 0 1 1.61 1.35 -2.4</i>
                <i>1 0 0 0 1 0 0 0 1 1.61 1.35 -2.4</i>
                <i>1 0 0 0 1 0 0 0 1 1.61 1.35 -2.4</i>
                <i>1 0 0 0 1 0 0 0 1 1.61 1.35 -2.4</i>
                <i>1 0 0 0 1 0 0 0 1 1.61 1.35 -2.4</i>
                <i>1 0 0 0 1 0 0 0 1 1.61 1.35 -2.4</i>
                <i>1 0 0 0 1 0 0 0 1 1.61 1.35 -2.4</i>
                <i>1 0 0 0 1 0 0 0 1 1.61 1.35 -2.4</i>
                <i>1 0 0 0 1 0 0 0 1 1.61 1.35 -2.4</i>
                <i>1 0 0 0 1 0 0 0 1 1.61 1.35 -2.4</i>
                <i>1 0 0 0 1 0 0 0 1 1.61 1.35 -2.4</i>
                <i>1 0 0 0 1 0 0 0 1 1.61 1.35 -2.4</i>
                <i>1 0 0 0 1 0 0 0 1 1.61 1.35 -2.4</i>
                <i>1 0 0 0 1 0 0 0 1 1.61 1.35 -2.4</i>
                <i>1 0 0 0 1 0 0 0 1 1.61 1.35 -2.4</i>
                <i>1 0 0 0 1 0 0 0 1 1.61 1.35 -2.4</i>
                <i>1 0 0 0 1 0 0 0 1 1.61 1.35 -2.4</i>
                <i>1 0 0 0 1 0 0 0 1 1.61 1.35 -2.4</i>
                <i>1 0 0 0 1 0 0 0 1 1.61 1.35 -2.4</i>
                <i>1 0 0 0 1 0 0 0 1 1.61 1.35 -2.4</i>
                <i>1 0 0 0 1 0 0 0 1 1.61 1.35 -2.4</i>
                <i>1 0 0 0 1 0 0 0 1 1.61 1.35 -2.4</i>
                <i>1 0 0 0 1 0 0 0 1 1.61 1.35 -2.4</i>
                <i>1 0 0 0 1 0 0 0 1 1.61 1.35 -2.4</i>
                <i>1 0 0 0 1 0 0 0 1 1.61 1.35 -2.4</i>
                <i>1 0 0 0 1 0 0 0 1 1.61 1.35 -2.4</i>
                <i>1 0 0 0 1 0 0 0 1 1.61 1.35 -2.4</i>
                <i>1 0 0 0 1 0 0 0 1 1.61 1.35 -2.4</i>
                <i>1 0 0 0 1 0 0 0 1 1.61 1.35 -2.4</i>
                <i>1 0 0 0 1 0 0 0 1 1.61 1.35 -2.4</i>
                <i>1 0 0 0 1 0 0 0 1 1.61 1.35 -2.4</i>
                <i>1 0 0 0 1 0 0 0 1 1.61 1.35 -2.4</i>
                <i>1 0 0 0 1 0 0 0 1 1.61 1.35 -2.4</i>
                <i>1 0 0 0 1 0 0 0 1 1.61 1.35 -2.4</i>
                <i>1 0 0 0 1 0 0 0 1 1.61 1.35 -2.4</i>
                <i>1 0 0 0 1 0 0 0 1 1.61 1.35 -2.4</i>
                <i>1 0 0 0 1 0 0 0 1 1.61 1.35 -2.4</i>
                <i>1 0 0 0 1 0 0 0 1 1.61 1.35 -2.4</i>
                <i>1 0 0 0 1 0 0 0 1 1.61 1.35 -2.4</i>
                <i>1 0 0 0 1 0 0 0 1 1.61 1.35 -2.4</i>
                <i>1 0 0 0 1 0 0 0 1 1.61 1.35 -2.4</i>
                <i>1 0 0 0 1 0 0 0 1 1.61 1.35 -2.4</i>
                <i>1 0 0 0 1 0 0 0 1 1.61 1.35 -2.4</i>
                <i>1 0 0 0 1 0 0 0 1 1.61 1.35 -2.4</i>
                <i>1 0 0 0 1 0 0 0 1 1.61 1.35 -2.4</i>
                <i>1 0 0 0 1 0 0 0 1 1.61 1.35 -2.4</i>
                <i>1 0 0 0 1 0 0 0 1 1.61 1.35 -2.4</i>
                <i>1 0 0 0 1 0 0 0 1 1.61 1.35 -2.4</i>
                <i>1 0 0 0 1 0 0 0 1 1.61 1.35 -2.4</i>
                <i>1 0 0 0 1 0 0 0 1 1.61 1.35 -2.4</i>
                <i>1 0 0 0 1 0 0 0 1 1.61 1.35 -2.4</i>
                <i>1 0 0 0 1 0 0 0 1 1.61 1.35 -2.4</i>
                <i>1 0 0 0 1 0 0 0 1 1.61 1.35 -2.4</i>
                <i>1 0 0 0 1 0 0 0 1 1.61 1.35 -2.4</i>
                <i>1 0 0 0 1 0 0 0 1 1.61 1.35 -2.4</i>
                <i>1 0 0 0 1 0 0 0 1 1.61 1.35 -2.4</i>
                <i>1 0 0 0 1 0 0 0 1 1.61 1.35 -2.4</i>
                <i>1 0 0 0 1 0 0 0 1 1.61 1.35 -2.4</i>
                <i>1 0 0 0 1 0 0 0 1 1.61 1.35 -2.4</i>
                <i>1 0 0 0 1 0 0 0 1 1.61 1.35 -2.4</i>
                <i>1 0 0 0 1 0 0 0 1 1.61 1.35 -2.4</i>
                <i>1 0 0 0 1 0 0 0 1 1.61 1.35 -2.4</i>
                <i>1 0 0 0 1 0 0 0 1 1.61 1.35 -2.4</i>
                <i>1 0 0 0 1 0 0 0 1 1.61 1.35 -2.4</i>
                <i>1 0 0 0 1 0 0 0 1 1.61 1.35 -2.4</i>
                <i>1 0 0 0 1 0 0 0 1 1.61 1.35 -2.4</i>
                <i>1 0 0 0 1 0 0 0 1 1.61 1.35 -2.4</i>
                <i>1 0 0 0 1 0 0 0 1 1.61 1.35 -2.4</i>
                <i>1 0 0 0 1 0 0 0 1 1.61 1.35 -2.4</i>
                <i>1 0 0 0 1 0 0 0 1 1.61 1.35 -2.4</i>
            </KeyFrames>
        </RefFrame>
        <Bones count="23">
            <i>
                <p>
                    <Name><![CDATA[pelvis]]></Name>
                    <Exclude>0</Exclude>
                    <Additive>0</Additive>
                    <IKPriority>0</IKPriority>
                    <IKRotLimits>-1e+010 -1e+010 -1e+010 1e+010 1e+010 1e+010</IKRotLimits>
                    <IKRotLimitOrder>2</IKRotLimitOrder>
                    <KeyFrames count="193">
                        <i>1 0 0 0 1 0 0 0 1 1.72 2.49 -3.37</i>
                        <i>1 0 0 0 1 0 0 0 1 1.71678 2.48999 -3.37939</i>
                        <i>1 0 0 0 1 0 0 0 1 1.70927 2.49005 -3.40001</i>
                        <i>1 0 0 0 1 0 0 0 1 1.70212 2.49014 -3.42063</i>
                        <i>1 0 0 0 1 0 0 0 1 1.7 2.49023 -3.43</i>
                        <i>1 0 0 0 1 0 0 0 1 1.70424 2.49028 -3.42466</i>
                        <i>1 0 0 0 1 0 0 0 1 1.71188 2.49027 -3.41158</i>
                        <i>1 0 0 0 1 0 0 0 1 1.72116 2.49016 -3.39517</i>
                        <i>1 0 0 0 1 0 0 0 1 1.73027 2.48991 -3.37984</i>
                        <i>1 0 0 0 1 0 0 0 1 1.73746 2.48951 -3.37</i>
                        <i>1 0 0 0 1 0 0 0 1 1.74329 2.48887 -3.36477</i>
                        <i>1 0 0 0 1 0 0 0 1 1.7494 2.48801 -3.36026</i>
                        <i>1 0 0 0 1 0 0 0 1 1.75564 2.48699 -3.35642</i>
                        <i>1 0 0 0 1 0 0 0 1 1.76184 2.48586 -3.35315</i>
                        <i>1 0 0 0 1 0 0 0 1 1.76782 2.48468 -3.35038</i>
                        <i>1 0 0 0 1 0 0 0 1 1.77343 2.48351 -3.34804</i>
                        <i>1 0 0 0 1 0 0 0 1 1.7785 2.48242 -3.34604</i>
                        <i>1 0 0 0 1 0 0 0 1 1.78285 2.48146 -3.34432</i>
                        <i>1 0 0 0 1 0 0 0 1 1.78633 2.4807 -3.34279</i>
                        <i>1 0 0 0 1 0 0 0 1 1.78877 2.48019 -3.34137</i>
                        <i>1 0 0 0 1 0 0 0 1 1.79 2.48 -3.34</i>
                        <i>1 0 0 0 1 0 0 0 1 1.79023 2.48006 -3.33864</i>
                        <i>1 0 0 0 1 0 0 0 1 1.78983 2.48024 -3.33734</i>
                        <i>1 0 0 0 1 0 0 0 1 1.78888 2.48055 -3.3361</i>
                        <i>1 0 0 0 1 0 0 0 1 1.78743 2.48096 -3.33492</i>
                        <i>1 0 0 0 1 0 0 0 1 1.78556 2.48145 -3.33382</i>
                        <i>1 0 0 0 1 0 0 0 1 1.78333 2.48202 -3.33281</i>
                        <i>1 0 0 0 1 0 0 0 1 1.78082 2.48265 -3.33189</i>
                        <i>1 0 0 0 1 0 0 0 1 1.77809 2.48332 -3.33106</i>
                        <i>1 0 0 0 1 0 0 0 1 1.77521 2.48401 -3.33034</i>
                        <i>1 0 0 0 1 0 0 0 1 1.77225 2.48472 -3.32974</i>
                        <i>1 0 0 0 1 0 0 0 1 1.76929 2.48543 -3.32926</i>
                        <i>1 0 0 0 1 0 0 0 1 1.76637 2.48612 -3.32891</i>
                        <i>1 0 0 0 1 0 0 0 1 1.76359 2.48678 -3.3287</i>
                        <i>1 0 0 0 1 0 0 0 1 1.76099 2.48738 -3.32864</i>
                        <i>1 0 0 0 1 0 0 0 1 1.75866 2.48793 -3.32873</i>
                        <i>1 0 0 0 1 0 0 0 1 1.75667 2.4884 -3.32898</i>
                        <i>1 0 0 0 1 0 0 0 1 1.75507 2.48877 -3.3294</i>
                        <i>1 0 0 0 1 0 0 0 1 1.75394 2.48904 -3.33</i>
                        <i>1 0 0 0 1 0 0 0 1 1.75312 2.48924 -3.33077</i>
                        <i>1 0 0 0 1 0 0 0 1 1.75243 2.4894 -3.3317</i>
                        <i>1 0 0 0 1 0 0 0 1 1.75184 2.48954 -3.33277</i>
                        <i>1 0 0 0 1 0 0 0 1 1.75136 2.48965 -3.33398</i>
                        <i>1 0 0 0 1 0 0 0 1 1.75097 2.48974 -3.3353</i>
                        <i>1 0 0 0 1 0 0 0 1 1.75067 2.4898 -3.33674</i>
                        <i>1 0 0 0 1 0 0 0 1 1.75045 2.48985 -3.33827</i>
                        <i>1 0 0 0 1 0 0 0 1 1.7503 2.48987 -3.33989</i>
                        <i>1 0 0 0 1 0 0 0 1 1.75021 2.48988 -3.34158</i>
                        <i>1 0 0 0 1 0 0 0 1 1.75019 2.48988 -3.34334</i>
                        <i>1 0 0 0 1 0 0 0 1 1.75021 2.48986 -3.34514</i>
                        <i>1 0 0 0 1 0 0 0 1 1.75028 2.48983 -3.34699</i>
                        <i>1 0 0 0 1 0 0 0 1 1.75038 2.48979 -3.34886</i>
                        <i>1 0 0 0 1 0 0 0 1 1.75051 2.48974 -3.35075</i>
                        <i>1 0 0 0 1 0 0 0 1 1.75066 2.48969 -3.35264</i>
                        <i>1 0 0 0 1 0 0 0 1 1.75083 2.48963 -3.35452</i>
                        <i>1 0 0 0 1 0 0 0 1 1.751 2.48957 -3.35638</i>
                        <i>1 0 0 0 1 0 0 0 1 1.75117 2.48951 -3.35822</i>
                        <i>1 0 0 0 1 0 0 0 1 1.75132 2.48945 -3.36001</i>
                        <i>1 0 0 0 1 0 0 0 1 1.75147 2.48939 -3.36174</i>
                        <i>1 0 0 0 1 0 0 0 1 1.75158 2.48934 -3.36341</i>
                        <i>1 0 0 0 1 0 0 0 1 1.75167 2.48929 -3.365</i>
                        <i>1 0 0 0 1 0 0 0 1 1.75172 2.48926 -3.3665</i>
                        <i>1 0 0 0 1 0 0 0 1 1.75172 2.48923 -3.3679</i>
                        <i>1 0 0 0 1 0 0 0 1 1.75166 2.48921 -3.36918</i>
                        <i>1 0 0 0 1 0 0 0 1 1.75155 2.48921 -3.37034</i>
                        <i>1 0 0 0 1 0 0 0 1 1.75137 2.48922 -3.37122</i>
                        <i>1 0 0 0 1 0 0 0 1 1.75113 2.48923 -3.3717</i>
                        <i>1 0 0 0 1 0 0 0 1 1.75084 2.48924 -3.37185</i>
                        <i>1 0 0 0 1 0 0 0 1 1.75052 2.48925 -3.37174</i>
                        <i>1 0 0 0 1 0 0 0 1 1.75018 2.48926 -3.37144</i>
                        <i>1 0 0 0 1 0 0 0 1 1.74983 2.48926 -3.37101</i>
                        <i>1 0 0 0 1 0 0 0 1 1.74949 2.48927 -3.37052</i>
                        <i>1 0 0 0 1 0 0 0 1 1.74916 2.48927 -3.37004</i>
                        <i>1 0 0 0 1 0 0 0 1 1.74886 2.48927 -3.36964</i>
                        <i>1 0 0 0 1 0 0 0 1 1.74861 2.48926 -3.36937</i>
                        <i>1 0 0 0 1 0 0 0 1 1.74837 2.48925 -3.36918</i>
                        <i>1 0 0 0 1 0 0 0 1 1.74812 2.48925 -3.36897</i>
                        <i>1 0 0 0 1 0 0 0 1 1.74786 2.48924 -3.36873</i>
                        <i>1 0 0 0 1 0 0 0 1 1.7476 2.48922 -3.36848</i>
                        <i>1 0 0 0 1 0 0 0 1 1.74735 2.4892 -3.36823</i>
                        <i>1 0 0 0 1 0 0 0 1 1.74711 2.48918 -3.36798</i>
                        <i>1 0 0 0 1 0 0 0 1 1.74689 2.48914 -3.36774</i>
                        <i>1 0 0 0 1 0 0 0 1 1.74669 2.48909 -3.36752</i>
                        <i>1 0 0 0 1 0 0 0 1 1.74652 2.48903 -3.36733</i>
                        <i>1 0 0 0 1 0 0 0 1 1.74639 2.48895 -3.36718</i>
                        <i>1 0 0 0 1 0 0 0 1 1.7463 2.48886 -3.36706</i>
                        <i>1 0 0 0 1 0 0 0 1 1.74627 2.48874 -3.367</i>
                        <i>1 0 0 0 1 0 0 0 1 1.74629 2.4886 -3.367</i>
                        <i>1 0 0 0 1 0 0 0 1 1.74637 2.48844 -3.36706</i>
                        <i>1 0 0 0 1 0 0 0 1 1.74652 2.48826 -3.36719</i>
                        <i>1 0 0 0 1 0 0 0 1 1.74674 2.48804 -3.36741</i>
                        <i>1 0 0 0 1 0 0 0 1 1.74705 2.4878 -3.36772</i>
                        <i>1 0 0 0 1 0 0 0 1 1.74744 2.48752 -3.36812</i>
                        <i>1 0 0 0 1 0 0 0 1 1.74793 2.48721 -3.36863</i>
                        <i>1 0 0 0 1 0 0 0 1 1.74851 2.48687 -3.36926</i>
                        <i>1 0 0 0 1 0 0 0 1 1.74921 2.48648 -3.37</i>
                        <i>1 0 0 0 1 0 0 0 1 1.7502 2.48601 -3.37107</i>
                        <i>1 0 0 0 1 0 0 0 1 1.75163 2.48542 -3.37261</i>
                        <i>1 0 0 0 1 0 0 0 1 1.75344 2.48474 -3.37456</i>
                        <i>1 0 0 0 1 0 0 0 1 1.75557 2.48397 -3.37686</i>
                        <i>1 0 0 0 1 0 0 0 1 1.75796 2.48313 -3.37944</i>
                        <i>1 0 0 0 1 0 0 0 1 1.76055 2.48225 -3.38223</i>
                        <i>1 0 0 0 1 0 0 0 1 1.76329 2.48133 -3.38518</i>
                        <i>1 0 0 0 1 0 0 0 1 1.76612 2.4804 -3.38822</i>
                        <i>1 0 0 0 1 0 0 0 1 1.76897 2.47946 -3.39128</i>
                        <i>1 0 0 0 1 0 0 0 1 1.77178 2.47854 -3.3943</i>
                        <i>1 0 0 0 1 0 0 0 1 1.77451 2.47766 -3.39723</i>
                        <i>1 0 0 0 1 0 0 0 1 1.77708 2.47682 -3.39998</i>
                        <i>1 0 0 0 1 0 0 0 1 1.77945 2.47605 -3.40251</i>
                        <i>1 0 0 0 1 0 0 0 1 1.78154 2.47536 -3.40474</i>
                        <i>1 0 0 0 1 0 0 0 1 1.78331 2.47477 -3.40661</i>
                        <i>1 0 0 0 1 0 0 0 1 1.78483 2.47426 -3.4082</i>
                        <i>1 0 0 0 1 0 0 0 1 1.78623 2.4738 -3.40965</i>
                        <i>1 0 0 0 1 0 0 0 1 1.78752 2.47338 -3.41096</i>
                        <i>1 0 0 0 1 0 0 0 1 1.78868 2.47301 -3.41212</i>
                        <i>1 0 0 0 1 0 0 0 1 1.78972 2.47268 -3.41315</i>
                        <i>1 0 0 0 1 0 0 0 1 1.79063 2.47239 -3.41404</i>
                        <i>1 0 0 0 1 0 0 0 1 1.79142 2.47214 -3.4148</i>
                        <i>1 0 0 0 1 0 0 0 1 1.79209 2.47194 -3.41543</i>
                        <i>1 0 0 0 1 0 0 0 1 1.79263 2.47178 -3.41594</i>
                        <i>1 0 0 0 1 0 0 0 1 1.79304 2.47165 -3.41633</i>
                        <i>1 0 0 0 1 0 0 0 1 1.79333 2.47156 -3.4166</i>
                        <i>1 0 0 0 1 0 0 0 1 1.79348 2.47151 -3.41676</i>
                        <i>1 0 0 0 1 0 0 0 1 1.7935 2.4715 -3.41681</i>
                        <i>1 0 0 0 1 0 0 0 1 1.79366 2.47139 -3.41621</i>
                        <i>1 0 0 0 1 0 0 0 1 1.79411 2.47112 -3.41462</i>
                        <i>1 0 0 0 1 0 0 0 1 1.79466 2.47076 -3.41236</i>
                        <i>1 0 0 0 1 0 0 0 1 1.79516 2.47041 -3.40972</i>
                        <i>1 0 0 0 1 0 0 0 1 1.79541 2.47014 -3.40701</i>
                        <i>1 0 0 0 1 0 0 0 1 1.79526 2.47003 -3.40454</i>
                        <i>1 0 0 0 1 0 0 0 1 1.79453 2.47017 -3.40262</i>
                        <i>1 0 0 0 1 0 0 0 1 1.79304 2.47064 -3.40155</i>
                        <i>1 0 0 0 1 0 0 0 1 1.79062 2.47152 -3.40163</i>
                        <i>1 0 0 0 1 0 0 0 1 1.78709 2.47289 -3.40318</i>
                        <i>1 0 0 0 1 0 0 0 1 1.78229 2.47484 -3.4065</i>
                        <i>1 0 0 0 1 0 0 0 1 1.7729 2.47897 -3.416</i>
                        <i>1 0 0 0 1 0 0 0 1 1.75775 2.48582 -3.43303</i>
                        <i>1 0 0 0 1 0 0 0 1 1.73986 2.49388 -3.45326</i>
                        <i>1 0 0 0 1 0 0 0 1 1.72226 2.5016 -3.47238</i>
                        <i>1 0 0 0 1 0 0 0 1 1.70796 2.50749 -3.48607</i>
                        <i>1 0 0 0 1 0 0 0 1 1.7 2.51 -3.49</i>
                        <i>1 0 0 0 1 0 0 0 1 1.69768 2.50939 -3.48476</i>
                        <i>1 0 0 0 1 0 0 0 1 1.6979 2.50718 -3.47464</i>
                        <i>1 0 0 0 1 0 0 0 1 1.70008 2.50377 -3.4609</i>
                        <i>1 0 0 0 1 0 0 0 1 1.70366 2.49957 -3.44478</i>
                        <i>1 0 0 0 1 0 0 0 1 1.70803 2.49497 -3.42754</i>
                        <i>1 0 0 0 1 0 0 0 1 1.71263 2.49037 -3.41043</i>
                        <i>1 0 0 0 1 0 0 0 1 1.71687 2.48617 -3.39471</i>
                        <i>1 0 0 0 1 0 0 0 1 1.72018 2.48278 -3.38164</i>
                        <i>1 0 0 0 1 0 0 0 1 1.72197 2.48059 -3.37245</i>
                        <i>1 0 0 0 1 0 0 0 1 1.72167 2.48 -3.36841</i>
                        <i>1 0 0 0 1 0 0 0 1 1.72023 2.48047 -3.36747</i>
                        <i>1 0 0 0 1 0 0 0 1 1.71897 2.48115 -3.36671</i>
                        <i>1 0 0 0 1 0 0 0 1 1.71787 2.48202 -3.36611</i>
                        <i>1 0 0 0 1 0 0 0 1 1.71692 2.48302 -3.36565</i>
                        <i>1 0 0 0 1 0 0 0 1 1.71611 2.48412 -3.36532</i>
                        <i>1 0 0 0 1 0 0 0 1 1.71542 2.48528 -3.3651</i>
                        <i>1 0 0 0 1 0 0 0 1 1.71484 2.48645 -3.36498</i>
                        <i>1 0 0 0 1 0 0 0 1 1.71436 2.4876 -3.36494</i>
                        <i>1 0 0 0 1 0 0 0 1 1.71396 2.48869 -3.36496</i>
                        <i>1 0 0 0 1 0 0 0 1 1.71363 2.48968 -3.36503</i>
                        <i>1 0 0 0 1 0 0 0 1 1.71335 2.49052 -3.36513</i>
                        <i>1 0 0 0 1 0 0 0 1 1.71312 2.49118 -3.36525</i>
                        <i>1 0 0 0 1 0 0 0 1 1.71292 2.49162 -3.36537</i>
                        <i>1 0 0 0 1 0 0 0 1 1.71274 2.49179 -3.36548</i>
                        <i>1 0 0 0 1 0 0 0 1 1.7126 2.49181 -3.36559</i>
                        <i>1 0 0 0 1 0 0 0 1 1.71251 2.49181 -3.36572</i>
                        <i>1 0 0 0 1 0 0 0 1 1.71249 2.49179 -3.36588</i>
                        <i>1 0 0 0 1 0 0 0 1 1.71251 2.49176 -3.36605</i>
                        <i>1 0 0 0 1 0 0 0 1 1.71259 2.49172 -3.36624</i>
                        <i>1 0 0 0 1 0 0 0 1 1.7127 2.49167 -3.36644</i>
                        <i>1 0 0 0 1 0 0 0 1 1.71285 2.49161 -3.36665</i>
                        <i>1 0 0 0 1 0 0 0 1 1.71303 2.49154 -3.36685</i>
                        <i>1 0 0 0 1 0 0 0 1 1.71324 2.49148 -3.36706</i>
                        <i>1 0 0 0 1 0 0 0 1 1.71347 2.49141 -3.36725</i>
                        <i>1 0 0 0 1 0 0 0 1 1.71371 2.49134 -3.36744</i>
                        <i>1 0 0 0 1 0 0 0 1 1.71397 2.49127 -3.36761</i>
                        <i>1 0 0 0 1 0 0 0 1 1.71422 2.49121 -3.36777</i>
                        <i>1 0 0 0 1 0 0 0 1 1.71447 2.49113 -3.36792</i>
                        <i>1 0 0 0 1 0 0 0 1 1.71472 2.49105 -3.36806</i>
                        <i>1 0 0 0 1 0 0 0 1 1.71496 2.49097 -3.3682</i>
                        <i>1 0 0 0 1 0 0 0 1 1.71522 2.49088 -3.36833</i>
                        <i>1 0 0 0 1 0 0 0 1 1.71549 2.49079 -3.36847</i>
                        <i>1 0 0 0 1 0 0 0 1 1.71578 2.4907 -3.3686</i>
                        <i>1 0 0 0 1 0 0 0 1 1.71609 2.49061 -3.36873</i>
                        <i>1 0 0 0 1 0 0 0 1 1.71642 2.49052 -3.36887</i>
                        <i>1 0 0 0 1 0 0 0 1 1.7168 2.49043 -3.36901</i>
                        <i>1 0 0 0 1 0 0 0 1 1.71721 2.49035 -3.36915</i>
                        <i>1 0 0 0 1 0 0 0 1 1.71766 2.49026 -3.3693</i>
                        <i>1 0 0 0 1 0 0 0 1 1.71816 2.49019 -3.36946</i>
                        <i>1 0 0 0 1 0 0 0 1 1.71871 2.49012 -3.36963</i>
                        <i>1 0 0 0 1 0 0 0 1 1.71933 2.49005 -3.36981</i>
                        <i>1 0 0 0 1 0 0 0 1 1.72 2.49 -3.37</i>
                    </KeyFrames>
                </p>
            </i>
            <i>
                <p>
                    <Name><![CDATA[spine0]]></Name>
                    <Exclude>0</Exclude>
                    <Additive>0</Additive>
                    <IKPriority>0</IKPriority>
                    <IKRotLimits>-1e+010 -1e+010 -1e+010 1e+010 1e+010 1e+010</IKRotLimits>
                    <IKRotLimitOrder>0</IKRotLimitOrder>
                    <KeyFrames count="193">
                        <i>-0.0341346 0.998783 0.0356062 -0.723307 -0.000102867 -0.690526 -0.689682 -0.0493251 0.72243 1.75162 2.62637 -3.40317</i>
                        <i>-0.0304506 0.998912 0.0353152 -0.725779 0.00219615 -0.687924 -0.687253 -0.0465788 0.724923 1.74817 2.62658 -3.41186</i>
                        <i>-0.0268208 0.999016 0.0353117 -0.729379 0.0045985 -0.684094 -0.683583 -0.0441036 0.728539 1.74028 2.62692 -3.43168</i>
                        <i>-0.0232133 0.999101 0.0354769 -0.734102 0.00705432 -0.679003 -0.678643 -0.0418056 0.733278 1.73264 2.62731 -3.45144</i>
                        <i>-0.0195937 0.999171 0.0356862 -0.739936 0.0095127 -0.67261 -0.672392 -0.0395844 0.739136 1.72996 2.6277 -3.45998</i>
                        <i>-0.0159277 0.999232 0.0358097 -0.746868 0.0119219 -0.664866 -0.664782 -0.0373349 0.746104 1.73364 2.62804 -3.45389</i>
                        <i>-0.0121845 0.999288 0.0357129 -0.754879 0.0142296 -0.65571 -0.655751 -0.0349484 0.754168 1.74077 2.62826 -3.44022</i>
                        <i>-0.0083402 0.999343 0.0352575 -0.763944 0.016383 -0.645074 -0.645229 -0.0323148 0.763306 1.74959 2.62832 -3.42345</i>
                        <i>-0.00438069 0.999402 0.0343023 -0.77403 0.0183295 -0.632883 -0.633134 -0.0293235 0.773487 1.75836 2.62816 -3.40805</i>
                        <i>-0.000304627 0.999465 0.0327027 -0.785093 0.0200163 -0.619054 -0.619377 -0.0258633 0.784667 1.76533 2.62773 -3.39852</i>
                        <i>0.00391148 0.999532 0.0303518 -0.795175 0.0215135 -0.605999 -0.606368 -0.0217646 0.794886 1.7712 2.62695 -3.39398</i>
                        <i>0.00851969 0.999603 0.0268495 -0.803135 0.0228366 -0.595359 -0.595736 -0.0164915 0.803011 1.77777 2.62574 -3.39065</i>
                        <i>0.0135715 0.999665 0.0220519 -0.80929 0.023934 -0.586922 -0.587253 -0.00988093 0.809343 1.78486 2.62415 -3.38851</i>
                        <i>0.0188785 0.999689 0.0163103 -0.813937 0.0248405 -0.580422 -0.580647 -0.00231806 0.814152 1.79218 2.62226 -3.38733</i>
                        <i>0.0242685 0.999656 0.00998357 -0.817348 0.0255909 -0.575575 -0.575633 0.00580828 0.817688 1.79949 2.62018 -3.3869</i>
                        <i>0.0295747 0.999557 0.00343273 -0.819781 0.0262202 -0.572076 -0.571913 0.0141049 0.820193 1.8065 2.61799 -3.38699</i>
                        <i>0.0346292 0.999396 -0.00298291 -0.821482 0.0267644 -0.569606 -0.569182 0.0221754 0.821913 1.81298 2.61583 -3.38737</i>
                        <i>0.0392589 0.999189 -0.00891034 -0.822695 0.0272607 -0.56783 -0.567126 0.0296229 0.823098 1.81864 2.61383 -3.38785</i>
                        <i>0.0432847 0.998965 -0.0140059 -0.82366 0.0277476 -0.566404 -0.565429 0.0360527 0.824009 1.82325 2.61212 -3.3882</i>
                        <i>0.0465214 0.998756 -0.0179356 -0.824621 0.0282645 -0.564978 -0.563769 0.0410737 0.824911 1.82654 2.61086 -3.38822</i>
                        <i>0.0487808 0.998602 -0.0203721 -0.825819 0.0288509 -0.563197 -0.561822 0.0442968 0.826071 1.82825 2.61021 -3.38772</i>
                        <i>0.0503778 0.998491 -0.0218576 -0.827098 0.0294434 -0.561287 -0.559796 0.0463548 0.827333 1.82871 2.61002 -3.38687</i>
                        <i>0.051764 0.998391 -0.0231528 -0.828155 0.0299583 -0.559698 -0.558103 0.0481463 0.828373 1.8285 2.61 -3.38598</i>
                        <i>0.0529543 0.998302 -0.0242584 -0.829005 0.0304048 -0.558414 -0.556728 0.0496808 0.829208 1.82767 2.61014 -3.38505</i>
                        <i>0.053963 0.998226 -0.0251761 -0.829661 0.030792 -0.557418 -0.555654 0.0509675 0.82985 1.82631 2.61044 -3.38411</i>
                        <i>0.0548032 0.998161 -0.0259074 -0.830135 0.0311288 -0.556693 -0.554863 0.0520152 0.830314 1.82448 2.61086 -3.38316</i>
                        <i>0.0554878 0.998109 -0.0264542 -0.83044 0.0314242 -0.556222 -0.554339 0.0528321 0.830613 1.82226 2.61141 -3.38221</i>
                        <i>0.0560287 0.998069 -0.0268189 -0.830588 0.0316871 -0.555985 -0.554062 0.0534266 0.830759 1.8197 2.61205 -3.38128</i>
                        <i>0.0564377 0.998041 -0.0270035 -0.830592 0.0319262 -0.555966 -0.554014 0.0538063 0.830767 1.81689 2.61278 -3.38036</i>
                        <i>0.0567259 0.998024 -0.0270107 -0.830464 0.0321505 -0.556144 -0.554177 0.0539792 0.830647 1.8139 2.61357 -3.37947</i>
                        <i>0.0569041 0.998019 -0.026843 -0.830215 0.0323686 -0.556503 -0.554531 0.0539528 0.830412 1.81079 2.61442 -3.37863</i>
                        <i>0.056983 0.998023 -0.0265032 -0.829858 0.0325893 -0.557023 -0.555058 0.0537347 0.830074 1.80763 2.6153 -3.37784</i>
                        <i>0.0569729 0.998037 -0.0259939 -0.829404 0.0328215 -0.557685 -0.555737 0.0533323 0.829646 1.8045 2.61619 -3.37711</i>
                        <i>0.056884 0.99806 -0.0253181 -0.828865 0.0330739 -0.55847 -0.556549 0.0527533 0.829138 1.80146 2.61709 -3.37645</i>
                        <i>0.0567267 0.99809 -0.0244786 -0.828253 0.0333554 -0.559361 -0.557476 0.0520052 0.828562 1.79859 2.61797 -3.37588</i>
                        <i>0.0565112 0.998126 -0.0234784 -0.827579 0.0336747 -0.560339 -0.558498 0.0510956 0.827931 1.79595 2.61881 -3.37539</i>
                        <i>0.0562478 0.998167 -0.0223204 -0.826855 0.0340408 -0.561384 -0.559595 0.0500324 0.827254 1.79361 2.6196 -3.37501</i>
                        <i>0.0559471 0.998213 -0.0210078 -0.826093 0.0344626 -0.562479 -0.56075 0.0488234 0.826545 1.79164 2.62032 -3.37474</i>
                        <i>0.0556196 0.998261 -0.0195434 -0.825305 0.0349491 -0.563605 -0.561942 0.0474767 0.825813 1.79012 2.62095 -3.37459</i>
                        <i>0.0549911 0.998332 -0.0175657 -0.824471 0.0354768 -0.564792 -0.563227 0.0455409 0.825047 1.78874 2.62164 -3.37434</i>
                        <i>0.0539115 0.998434 -0.0149141 -0.823568 0.0360137 -0.566073 -0.564649 0.0428005 0.824221 1.78722 2.62248 -3.37385</i>
                        <i>0.0526371 0.998543 -0.0118464 -0.822601 0.0366305 -0.567438 -0.566178 0.0396132 0.823331 1.78567 2.62337 -3.37329</i>
                        <i>0.0514082 0.99864 -0.00863524 -0.821572 0.0373739 -0.568879 -0.567783 0.0363395 0.822376 1.78418 2.62423 -3.37281</i>
                        <i>0.0504017 0.998713 -0.00560831 -0.820488 0.0382043 -0.570385 -0.569437 0.0333499 0.821358 1.78288 2.62497 -3.37257</i>
                        <i>0.0497951 0.998755 -0.00308968 -0.819354 0.0390813 -0.571955 -0.571122 0.0310121 0.820279 1.78186 2.62555 -3.37274</i>
                        <i>0.049765 0.99876 -0.00139797 -0.818167 0.0399638 -0.57359 -0.572823 0.0296885 0.819142 1.78124 2.62589 -3.37348</i>
                        <i>0.0502291 0.998738 -0.000477064 -0.81693 0.0408107 -0.575291 -0.574545 0.0292861 0.817949 1.78099 2.62603 -3.37474</i>
                        <i>0.050946 0.998701 -4.53217e-005 -0.815647 0.0415818 -0.577054 -0.576303 0.0294355 0.816706 1.78099 2.62605 -3.37633</i>
                        <i>0.0518544 0.998655 -8.07935e-005 -0.814321 0.0422362 -0.578876 -0.578093 0.030083 0.815416 1.7812 2.62596 -3.3782</i>
                        <i>0.05293 0.998598 -0.000509367 -0.812956 0.0427939 -0.58075 -0.579914 0.0311532 0.814082 1.7816 2.62578 -3.38032</i>
                        <i>0.0541666 0.998531 -0.0012333 -0.811555 0.0433042 -0.582669 -0.581759 0.0325621 0.812709 1.78217 2.6255 -3.38265</i>
                        <i>0.0555305 0.998455 -0.00219632 -0.810123 0.0437701 -0.584624 -0.583625 0.0342438 0.811301 1.78287 2.62515 -3.38514</i>
                        <i>0.056987 0.998369 -0.00334217 -0.808663 0.0441948 -0.58661 -0.585505 0.0361318 0.809863 1.78369 2.62474 -3.38776</i>
                        <i>0.0585005 0.998277 -0.00461451 -0.807182 0.0445812 -0.588616 -0.587396 0.0381591 0.808399 1.78459 2.62427 -3.39047</i>
                        <i>0.0600346 0.998179 -0.00595685 -0.805686 0.0449325 -0.590637 -0.589293 0.040258 0.806916 1.78555 2.62376 -3.39322</i>
                        <i>0.0615519 0.998077 -0.00731268 -0.804179 0.0452518 -0.592662 -0.591192 0.0423602 0.805418 1.78655 2.62323 -3.39598</i>
                        <i>0.0630142 0.997975 -0.00862564 -0.802667 0.0455421 -0.594685 -0.593089 0.0443972 0.803912 1.78754 2.62267 -3.39871</i>
                        <i>0.0643825 0.997877 -0.00983978 -0.801157 0.0458064 -0.596698 -0.59498 0.0463001 0.802406 1.78852 2.62212 -3.40138</i>
                        <i>0.0656175 0.997785 -0.0108998 -0.799655 0.0460477 -0.598692 -0.596864 0.0480008 0.800905 1.78944 2.62158 -3.40393</i>
                        <i>0.0666877 0.997704 -0.0117985 -0.798167 0.0462472 -0.600659 -0.598734 0.0494737 0.799419 1.79029 2.62107 -3.40635</i>
                        <i>0.0675666 0.997636 -0.0125312 -0.796702 0.0463889 -0.602589 -0.600584 0.0506986 0.797953 1.79103 2.62062 -3.40859</i>
                        <i>0.068222 0.997585 -0.0130479 -0.795266 0.0464797 -0.604476 -0.60241 0.0516151 0.796516 1.79164 2.62024 -3.41061</i>
                        <i>0.0686216 0.997554 -0.0132993 -0.793865 0.0465265 -0.606312 -0.60421 0.0521639 0.795116 1.7921 2.61994 -3.41238</i>
                        <i>0.0687328 0.997547 -0.0132366 -0.792504 0.0465361 -0.608089 -0.605982 0.0522857 0.793759 1.79237 2.61976 -3.41387</i>
                        <i>0.0685225 0.997567 -0.0128113 -0.791189 0.046515 -0.6098 -0.607721 0.0519212 0.792452 1.79243 2.6197 -3.41503</i>
                        <i>0.0680249 0.99761 -0.0121566 -0.789924 0.0464124 -0.611446 -0.60942 0.0511963 0.791193 1.7923 2.61974 -3.41578</i>
                        <i>0.0673157 0.997666 -0.0114267 -0.788712 0.0461957 -0.613025 -0.611067 0.0502786 0.789981 1.79205 2.61981 -3.41608</i>
                        <i>0.0664122 0.997736 -0.0106131 -0.787557 0.0458852 -0.614532 -0.612653 0.0491708 0.788821 1.79169 2.61992 -3.416</i>
                        <i>0.0653332 0.997816 -0.00971442 -0.786464 0.0454978 -0.615958 -0.614171 0.0478825 0.787719 1.79125 2.62006 -3.41561</i>
                        <i>0.0641095 0.997905 -0.00872293 -0.785437 0.0450638 -0.617299 -0.615613 0.0464261 0.78668 1.79073 2.62024 -3.41498</i>
                        <i>0.0627724 0.997999 -0.00763092 -0.78448 0.0446129 -0.618548 -0.616969 0.0448141 0.78571 1.79016 2.62044 -3.41419</i>
                        <i>0.0613531 0.998095 -0.00643041 -0.783596 0.0441753 -0.619698 -0.618234 0.0430593 0.784814 1.78956 2.62065 -3.41329</i>
                        <i>0.0598831 0.998192 -0.00511327 -0.78279 0.043781 -0.620744 -0.619398 0.0411746 0.783997 1.78893 2.62089 -3.41236</i>
                        <i>0.0583938 0.998287 -0.00367116 -0.782066 0.0434599 -0.621678 -0.620454 0.0391732 0.783264 1.78831 2.62114 -3.41147</i>
                        <i>0.0569169 0.998377 -0.0020956 -0.781427 0.0432421 -0.622496 -0.621395 0.0370681 0.78262 1.78771 2.6214 -3.41068</i>
                        <i>0.05544 0.998462 -0.00043105 -0.78092 0.0430918 -0.623143 -0.622166 0.0348837 0.782108 1.7871 2.62167 -3.40994</i>
                        <i>0.0539362 0.998544 0.00126983 -0.780579 0.0429559 -0.62358 -0.622726 0.0326423 0.781759 1.78645 2.62195 -3.40917</i>
                        <i>0.0524437 0.998619 0.00296513 -0.780394 0.0428356 -0.623819 -0.623085 0.0304014 0.781563 1.78576 2.62223 -3.40837</i>
                        <i>0.0509869 0.998689 0.0046249 -0.780356 0.0427293 -0.623874 -0.623254 0.0282003 0.781511 1.78505 2.62252 -3.40754</i>
                        <i>0.0495559 0.998752 0.00626324 -0.780453 0.0426361 -0.623759 -0.623247 0.0260228 0.781592 1.78433 2.62279 -3.40671</i>
                        <i>0.0481412 0.998809 0.00789398 -0.780676 0.0425551 -0.623485 -0.623079 0.0238527 0.781795 1.78362 2.62306 -3.40589</i>
                        <i>0.0467329 0.998862 0.00953079 -0.781013 0.0424857 -0.623067 -0.622763 0.0216741 0.78211 1.78291 2.62332 -3.40508</i>
                        <i>0.0453213 0.99891 0.0111872 -0.781454 0.042427 -0.622518 -0.622314 0.0194711 0.782525 1.78222 2.62356 -3.40429</i>
                        <i>0.0438965 0.998953 0.0128765 -0.781989 0.0423782 -0.62185 -0.621745 0.0172278 0.78303 1.78156 2.62378 -3.40354</i>
                        <i>0.0424489 0.998992 0.0146122 -0.782605 0.0423387 -0.621077 -0.62107 0.0149285 0.783613 1.78094 2.62397 -3.40284</i>
                        <i>0.0409686 0.999026 0.0164074 -0.783293 0.0423077 -0.620212 -0.620302 0.0125574 0.784263 1.78037 2.62414 -3.40219</i>
                        <i>0.0394457 0.999055 0.0182755 -0.784041 0.0422844 -0.619267 -0.619455 0.0100987 0.784968 1.77987 2.62427 -3.40162</i>
                        <i>0.0378704 0.999078 0.0202299 -0.784839 0.0422684 -0.618257 -0.618542 0.00753642 0.785716 1.77944 2.62437 -3.40112</i>
                        <i>0.0362327 0.999095 0.0222838 -0.785676 0.0422589 -0.617194 -0.617577 0.00485473 0.786496 1.77909 2.62443 -3.40072</i>
                        <i>0.0345227 0.999105 0.0244508 -0.786541 0.0422553 -0.616091 -0.616573 0.0020376 0.787295 1.77883 2.62445 -3.40042</i>
                        <i>0.0327304 0.999106 0.0267442 -0.787423 0.0422571 -0.614963 -0.615543 -0.000931007 0.788103 1.77867 2.62442 -3.40023</i>
                        <i>0.0308456 0.999098 0.0291773 -0.788312 0.0422638 -0.613822 -0.614501 -0.00406713 0.788905 1.77863 2.62435 -3.40017</i>
