<?xml version="1.0" encoding="ISO-8859-1" ?>
<Animl Version="1">
    <ModellingPackage><![CDATA[Maya.2010]]></ModellingPackage>
    <SrcFile><![CDATA[anims\turrets\antitank\red\~src\at_at4spigot\at_at4spigot_fire_crewman_b.mb]]></SrcFile>
    <FramesPerSecond>30</FramesPerSecond>
    <TotalFrames>40</TotalFrames>
    <Skeleton>
        <RefFrame>
            <Name><![CDATA[soldier_ref_frame]]></Name>
            <Exclude>0</Exclude>
            <Additive>0</Additive>
            <IKPriority>0</IKPriority>
            <IKRotLimits>-1e+010 -1e+010 -1e+010 1e+010 1e+010 1e+010</IKRotLimits>
            <IKRotLimitOrder>0</IKRotLimitOrder>
            <KeyFrames count="40">
                <i>1 0 0 0 1 0 0 0 1 0.76 0.92 -2.22</i>
                <i>1 0 0 0 1 0 0 0 1 0.76 0.92 -2.22</i>
                <i>1 0 0 0 1 0 0 0 1 0.76 0.92 -2.22</i>
                <i>1 0 0 0 1 0 0 0 1 0.76 0.92 -2.22</i>
                <i>1 0 0 0 1 0 0 0 1 0.76 0.92 -2.22</i>
                <i>1 0 0 0 1 0 0 0 1 0.76 0.92 -2.22</i>
                <i>1 0 0 0 1 0 0 0 1 0.76 0.92 -2.22</i>
                <i>1 0 0 0 1 0 0 0 1 0.76 0.92 -2.22</i>
                <i>1 0 0 0 1 0 0 0 1 0.76 0.92 -2.22</i>
                <i>1 0 0 0 1 0 0 0 1 0.76 0.92 -2.22</i>
                <i>1 0 0 0 1 0 0 0 1 0.76 0.92 -2.22</i>
                <i>1 0 0 0 1 0 0 0 1 0.76 0.92 -2.22</i>
                <i>1 0 0 0 1 0 0 0 1 0.76 0.92 -2.22</i>
                <i>1 0 0 0 1 0 0 0 1 0.76 0.92 -2.22</i>
                <i>1 0 0 0 1 0 0 0 1 0.76 0.92 -2.22</i>
                <i>1 0 0 0 1 0 0 0 1 0.76 0.92 -2.22</i>
                <i>1 0 0 0 1 0 0 0 1 0.76 0.92 -2.22</i>
                <i>1 0 0 0 1 0 0 0 1 0.76 0.92 -2.22</i>
                <i>1 0 0 0 1 0 0 0 1 0.76 0.92 -2.22</i>
                <i>1 0 0 0 1 0 0 0 1 0.76 0.92 -2.22</i>
                <i>1 0 0 0 1 0 0 0 1 0.76 0.92 -2.22</i>
                <i>1 0 0 0 1 0 0 0 1 0.76 0.92 -2.22</i>
                <i>1 0 0 0 1 0 0 0 1 0.76 0.92 -2.22</i>
                <i>1 0 0 0 1 0 0 0 1 0.76 0.92 -2.22</i>
                <i>1 0 0 0 1 0 0 0 1 0.76 0.92 -2.22</i>
                <i>1 0 0 0 1 0 0 0 1 0.76 0.92 -2.22</i>
                <i>1 0 0 0 1 0 0 0 1 0.76 0.92 -2.22</i>
                <i>1 0 0 0 1 0 0 0 1 0.76 0.92 -2.22</i>
                <i>1 0 0 0 1 0 0 0 1 0.76 0.92 -2.22</i>
                <i>1 0 0 0 1 0 0 0 1 0.76 0.92 -2.22</i>
                <i>1 0 0 0 1 0 0 0 1 0.76 0.92 -2.22</i>
                <i>1 0 0 0 1 0 0 0 1 0.76 0.92 -2.22</i>
                <i>1 0 0 0 1 0 0 0 1 0.76 0.92 -2.22</i>
                <i>1 0 0 0 1 0 0 0 1 0.76 0.92 -2.22</i>
                <i>1 0 0 0 1 0 0 0 1 0.76 0.92 -2.22</i>
                <i>1 0 0 0 1 0 0 0 1 0.76 0.92 -2.22</i>
                <i>1 0 0 0 1 0 0 0 1 0.76 0.92 -2.22</i>
                <i>1 0 0 0 1 0 0 0 1 0.76 0.92 -2.22</i>
                <i>1 0 0 0 1 0 0 0 1 0.76 0.92 -2.22</i>
                <i>1 0 0 0 1 0 0 0 1 0.76 0.92 -2.22</i>
            </KeyFrames>
        </RefFrame>
        <Bones count="23">
            <i>
                <p>
                    <Name><![CDATA[pelvis]]></Name>
                    <Exclude>0</Exclude>
                    <Additive>0</Additive>
                    <IKPriority>0</IKPriority>
                    <IKRotLimits>-1e+010 -1e+010 -1e+010 1e+010 1e+010 1e+010</IKRotLimits>
                    <IKRotLimitOrder>2</IKRotLimitOrder>
                    <KeyFrames count="40">
                        <i>1 0 0 0 1 0 0 0 1 0.760021 1.45068 -2.21572</i>
                        <i>1 0 0 0 1 0 0 0 1 0.717858 1.4524 -2.21572</i>
                        <i>1 0 0 0 1 0 0 0 1 0.68609 1.45706 -2.21572</i>
                        <i>1 0 0 0 1 0 0 0 1 0.674869 1.47439 -2.21572</i>
                        <i>1 0 0 0 1 0 0 0 1 0.670415 1.47619 -2.21572</i>
                        <i>1 0 0 0 1 0 0 0 1 0.668019 1.47664 -2.21572</i>
                        <i>1 0 0 0 1 0 0 0 1 0.662971 1.48066 -2.21572</i>
                        <i>1 0 0 0 1 0 0 0 1 0.653686 1.49323 -2.21572</i>
                        <i>1 0 0 0 1 0 0 0 1 0.64297 1.50977 -2.21572</i>
                        <i>1 0 0 0 1 0 0 0 1 0.631846 1.52267 -2.21572</i>
                        <i>1 0 0 0 1 0 0 0 1 0.621209 1.5257 -2.21572</i>
                        <i>1 0 0 0 1 0 0 0 1 0.614588 1.52333 -2.21572</i>
                        <i>1 0 0 0 1 0 0 0 1 0.621812 1.51742 -2.21572</i>
                        <i>1 0 0 0 1 0 0 0 1 0.631576 1.51119 -2.21572</i>
                        <i>1 0 0 0 1 0 0 0 1 0.64516 1.50427 -2.21572</i>
                        <i>1 0 0 0 1 0 0 0 1 0.660242 1.49704 -2.21572</i>
                        <i>1 0 0 0 1 0 0 0 1 0.675171 1.49007 -2.21572</i>
                        <i>1 0 0 0 1 0 0 0 1 0.688299 1.48395 -2.21572</i>
                        <i>1 0 0 0 1 0 0 0 1 0.700851 1.47806 -2.21572</i>
                        <i>1 0 0 0 1 0 0 0 1 0.714433 1.47174 -2.21572</i>
                        <i>1 0 0 0 1 0 0 0 1 0.727966 1.46547 -2.21572</i>
                        <i>1 0 0 0 1 0 0 0 1 0.740371 1.45973 -2.21572</i>
                        <i>1 0 0 0 1 0 0 0 1 0.750568 1.45503 -2.21572</i>
                        <i>1 0 0 0 1 0 0 0 1 0.757478 1.45185 -2.21572</i>
                        <i>1 0 0 0 1 0 0 0 1 0.760021 1.45068 -2.21572</i>
                        <i>1 0 0 0 1 0 0 0 1 0.760021 1.45068 -2.21572</i>
                        <i>1 0 0 0 1 0 0 0 1 0.760021 1.45068 -2.21572</i>
                        <i>1 0 0 0 1 0 0 0 1 0.760021 1.45068 -2.21572</i>
                        <i>1 0 0 0 1 0 0 0 1 0.760021 1.45068 -2.21572</i>
                        <i>1 0 0 0 1 0 0 0 1 0.760021 1.45068 -2.21572</i>
                        <i>1 0 0 0 1 0 0 0 1 0.760021 1.45068 -2.21572</i>
                        <i>1 0 0 0 1 0 0 0 1 0.760021 1.45068 -2.21572</i>
                        <i>1 0 0 0 1 0 0 0 1 0.760021 1.45068 -2.21572</i>
                        <i>1 0 0 0 1 0 0 0 1 0.760021 1.45068 -2.21572</i>
                        <i>1 0 0 0 1 0 0 0 1 0.760021 1.45068 -2.21572</i>
                        <i>1 0 0 0 1 0 0 0 1 0.760021 1.45068 -2.21572</i>
                        <i>1 0 0 0 1 0 0 0 1 0.760021 1.45068 -2.21572</i>
                        <i>1 0 0 0 1 0 0 0 1 0.760021 1.45068 -2.21572</i>
                        <i>1 0 0 0 1 0 0 0 1 0.760021 1.45068 -2.21572</i>
                        <i>1 0 0 0 1 0 0 0 1 0.760021 1.45068 -2.21572</i>
                    </KeyFrames>
                </p>
            </i>
            <i>
                <p>
                    <Name><![CDATA[spine0]]></Name>
                    <Exclude>0</Exclude>
                    <Additive>0</Additive>
                    <IKPriority>0</IKPriority>
                    <IKRotLimits>-1e+010 -1e+010 -1e+010 1e+010 1e+010 1e+010</IKRotLimits>
                    <IKRotLimitOrder>0</IKRotLimitOrder>
                    <KeyFrames count="40">
                        <i>-0.126341 0.990349 0.0569814 -0.783813 -0.0644553 -0.617643 -0.608009 -0.122696 0.784392 0.780539 1.58616 -2.25953</i>
                        <i>-0.205137 0.975259 0.0823888 -0.73969 -0.0993602 -0.665572 -0.640919 -0.197476 0.741772 0.730247 1.58995 -2.25601</i>
                        <i>-0.286678 0.953241 0.0956413 -0.687834 -0.135308 -0.713145 -0.666858 -0.270229 0.694461 0.691701 1.59522 -2.25541</i>
                        <i>-0.332206 0.938468 0.094426 -0.627617 -0.14521 -0.76486 -0.704086 -0.313354 0.637238 0.689257 1.60799 -2.26711</i>
                        <i>-0.381839 0.918423 0.103435 -0.564107 -0.142942 -0.813235 -0.732108 -0.368873 0.57267 0.695318 1.60431 -2.27624</i>
                        <i>-0.39632 0.912076 0.10511 -0.52364 -0.130514 -0.841883 -0.754143 -0.388695 0.529324 0.703356 1.59925 -2.28216</i>
                        <i>-0.402886 0.90996 0.098266 -0.482379 -0.119869 -0.867722 -0.777813 -0.396995 0.487239 0.706329 1.59872 -2.28556</i>
                        <i>-0.389226 0.918073 0.075135 -0.470826 -0.128176 -0.872865 -0.791724 -0.375117 0.482142 0.697046 1.61129 -2.28556</i>
                        <i>-0.371538 0.926951 0.0521713 -0.46471 -0.137028 -0.874796 -0.803744 -0.349265 0.481674 0.686089 1.62795 -2.28551</i>
                        <i>-0.353138 0.935086 0.0301206 -0.46066 -0.145768 -0.875525 -0.814301 -0.323057 0.482233 0.674625 1.641 -2.28545</i>
                        <i>-0.334828 0.942231 0.0095535 -0.45884 -0.15418 -0.87504 -0.823017 -0.297372 0.483956 0.663556 1.64422 -2.2854</i>
                        <i>-0.318503 0.947901 -0.00624004 -0.463777 -0.161567 -0.871095 -0.82672 -0.274552 0.491075 0.656302 1.64213 -2.2853</i>
                        <i>-0.285447 0.958344 -0.00985337 -0.511115 -0.160919 -0.844314 -0.810729 -0.235971 0.535758 0.660721 1.63812 -2.28364</i>
                        <i>-0.25906 0.965831 -0.00760468 -0.566455 -0.158305 -0.808745 -0.782315 -0.205206 0.58811 0.667181 1.63422 -2.28123</i>
                        <i>-0.227924 0.973672 -0.00365133 -0.627163 -0.149677 -0.764371 -0.744793 -0.171928 0.644766 0.678176 1.62924 -2.27887</i>
                        <i>-0.197594 0.980281 0.00248544 -0.684725 -0.136204 -0.715961 -0.701504 -0.143171 0.698136 0.691115 1.62394 -2.27602</i>
                        <i>-0.168144 0.985703 0.0108057 -0.737121 -0.118447 -0.665299 -0.654508 -0.119831 0.746499 0.704475 1.61888 -2.27269</i>
                        <i>-0.139743 0.989958 0.0213299 -0.782526 -0.0972108 -0.614982 -0.606733 -0.10263 0.788252 0.716635 1.61461 -2.26882</i>
                        <i>-0.140272 0.989493 0.0350347 -0.782562 -0.0891206 -0.616161 -0.606565 -0.113847 0.786841 0.726995 1.6102 -2.26623</i>
                        <i>-0.139695 0.989087 0.0468264 -0.782793 -0.0813508 -0.616942 -0.6064 -0.122839 0.785614 0.738941 1.60492 -2.26429</i>
                        <i>-0.138554 0.988706 0.0571195 -0.78312 -0.0740731 -0.617443 -0.606239 -0.130281 0.784539 0.751197 1.59941 -2.26277</i>
                        <i>-0.137313 0.988319 0.0661087 -0.783479 -0.0675328 -0.617738 -0.606058 -0.136618 0.7836 0.76259 1.59427 -2.26157</i>
                        <i>-0.136367 0.987907 0.0737764 -0.783819 -0.0620526 -0.617882 -0.605832 -0.142086 0.782802 0.771995 1.59001 -2.26062</i>
                        <i>-0.136017 0.987488 0.0797901 -0.784091 -0.0580724 -0.617922 -0.605558 -0.146611 0.78218 0.778315 1.58715 -2.25992</i>
                        <i>-0.136274 0.987189 0.0829874 -0.784229 -0.056313 -0.617911 -0.605321 -0.149287 0.781857 0.780539 1.58616 -2.25953</i>
                        <i>-0.134734 0.987729 0.0789857 -0.784169 -0.0575575 -0.617872 -0.605744 -0.145187 0.782301 0.780539 1.58616 -2.25953</i>
                        <i>-0.132704 0.988413 0.0736807 -0.784087 -0.0592163 -0.61782 -0.606298 -0.139759 0.78286 0.780539 1.58616 -2.25953</i>
                        <i>-0.130586 0.989093 0.0681353 -0.783998 -0.0609528 -0.617763 -0.606872 -0.134089 0.783407 0.780539 1.58616 -2.25953</i>
                        <i>-0.128449 0.989743 0.0625278 -0.783907 -0.0627113 -0.617703 -0.607447 -0.128359 0.783921 0.780539 1.58616 -2.25953</i>
                        <i>-0.126341 0.990349 0.0569814 -0.783813 -0.0644553 -0.617643 -0.608009 -0.122696 0.784392 0.780539 1.58616 -2.25953</i>
                        <i>-0.12634 0.990349 0.0569803 -0.783813 -0.0644555 -0.617643 -0.608009 -0.122695 0.784392 0.780539 1.58616 -2.25953</i>
                        <i>-0.12634 0.990349 0.05698 -0.783813 -0.0644555 -0.617643 -0.608009 -0.122695 0.784392 0.780539 1.58616 -2.25953</i>
                        <i>-0.12634 0.990349 0.05698 -0.783813 -0.0644556 -0.617643 -0.608009 -0.122694 0.784392 0.780539 1.58616 -2.25953</i>
                        <i>-0.12634 0.990349 0.05698 -0.783813 -0.0644555 -0.617643 -0.608009 -0.122695 0.784392 0.780539 1.58616 -2.25953</i>
                        <i>-0.12634 0.990349 0.0569802 -0.783813 -0.0644555 -0.617643 -0.608009 -0.122695 0.784392 0.780539 1.58616 -2.25953</i>
                        <i>-0.12634 0.990349 0.0569804 -0.783813 -0.0644555 -0.617643 -0.608009 -0.122695 0.784392 0.780539 1.58616 -2.25953</i>
                        <i>-0.12634 0.990349 0.0569806 -0.783813 -0.0644554 -0.617643 -0.608009 -0.122695 0.784392 0.780539 1.58616 -2.25953</i>
                        <i>-0.12634 0.990349 0.0569809 -0.783813 -0.0644554 -0.617643 -0.608009 -0.122696 0.784392 0.780539 1.58616 -2.25953</i>
                        <i>-0.12634 0.990349 0.0569812 -0.783813 -0.0644554 -0.617643 -0.608009 -0.122696 0.784392 0.780539 1.58616 -2.25953</i>
                        <i>-0.126341 0.990349 0.0569814 -0.783813 -0.0644553 -0.617643 -0.608009 -0.122696 0.784392 0.780539 1.58616 -2.25953</i>
                    </KeyFrames>
                </p>
            </i>
            <i>
                <p>
                    <Name><![CDATA[spine1]]></Name>
                    <Exclude>0</Exclude>
                    <Additive>0</Additive>
                    <IKPriority>0</IKPriority>
                    <IKRotLimits>-1e+010 -1e+010 -1e+010 1e+010 1e+010 1e+010</IKRotLimits>
                    <IKRotLimitOrder>0</IKRotLimitOrder>
                    <KeyFrames count="40">
                        <i>-0.297428 0.869786 0.393711 -0.862928 -0.0684537 -0.500669 -0.408524 -0.488657 0.770923 0.758095 1.76227 -2.24943</i>
                        <i>-0.43222 0.7903 0.434294 -0.811216 -0.130418 -0.570017 -0.393845 -0.598679 0.697473 0.693711 1.76378 -2.24136</i>
                        <i>-0.565209 0.687235 0.456342 -0.746993 -0.191626 -0.636617 -0.350058 -0.700706 0.621668 0.640336 1.76613 -2.2383</i>
                        <i>-0.645022 0.587139 0.489096 -0.686287 -0.163592 -0.708694 -0.33609 -0.792784 0.508466 0.626756 1.78479 -2.24939</i>
                        <i>-0.702676 0.507428 0.498762 -0.625585 -0.106668 -0.772829 -0.338953 -0.855067 0.392392 0.620495 1.7846 -2.25603</i>
                        <i>-0.714546 0.492282 0.497074 -0.58851 -0.0387991 -0.807559 -0.378261 -0.86957 0.317437 0.623592 1.7832 -2.26106</i>
                        <i>-0.720342 0.488442 0.492474 -0.546229 0.0381116 -0.836769 -0.427482 -0.871764 0.239348 0.623406 1.78646 -2.2654</i>
                        <i>-0.711404 0.5036 0.490195 -0.537772 0.0589631 -0.841026 -0.452444 -0.861923 0.228875 0.616712 1.80126 -2.27012</i>
                        <i>-0.697968 0.523711 0.488435 -0.533464 0.0747941 -0.84251 -0.477763 -0.848606 0.227177 0.609265 1.82013 -2.2748</i>
                        <i>-0.682745 0.54639 0.485096 -0.528621 0.0889436 -0.844185 -0.504401 -0.832795 0.228107 0.601528 1.8351 -2.27931</i>
                        <i>-0.665963 0.571046 0.48 -0.523576 0.100535 -0.846027 -0.531377 -0.814739 0.232033 0.594255 1.83981 -2.28352</i>
                        <i>-0.646479 0.597204 0.474776 -0.523921 0.104853 -0.845288 -0.554591 -0.795206 0.245102 0.590631 1.83817 -2.2867</i>
                        <i>-0.60642 0.640982 0.470528 -0.55605 0.0811419 -0.827179 -0.568386 -0.763255 0.307212 0.602764 1.83328 -2.28575</i>
                        <i>-0.561957 0.683932 0.465233 -0.612336 0.0341574 -0.789859 -0.556101 -0.728746 0.399601 0.615686 1.82673 -2.28285</i>
                        <i>-0.507547 0.730607 0.456738 -0.676813 -0.010013 -0.736087 -0.533217 -0.682725 0.499566 0.633895 1.81888 -2.27967</i>
                        <i>-0.452267 0.774719 0.441888 -0.738961 -0.0480763 -0.672031 -0.49939 -0.630476 0.59423 0.653611 1.81042 -2.27563</i>
                        <i>-0.398829 0.815169 0.420042 -0.795512 -0.0796964 -0.600673 -0.456174 -0.573714 0.680262 0.673289 1.80204 -2.27075</i>
                        <i>-0.349925 0.851242 0.391075 -0.843869 -0.105177 -0.526139 -0.40674 -0.514125 0.755141 0.691295 1.7944 -2.265</i>
                        <i>-0.339793 0.853974 0.394042 -0.849506 -0.0988945 -0.518227 -0.403584 -0.510831 0.75906 0.701743 1.78857 -2.25996</i>
                        <i>-0.330393 0.856532 0.396476 -0.854115 -0.0925651 -0.511781 -0.401657 -0.507725 0.762159 0.713932 1.7822 -2.25594</i>
                        <i>-0.321634 0.858964 0.398412 -0.857746 -0.0861036 -0.506812 -0.401029 -0.504744 0.764467 0.726504 1.77581 -2.25262</i>
                        <i>-0.313869 0.860996 0.400214 -0.860412 -0.079696 -0.503328 -0.401468 -0.502329 0.765826 0.738211 1.76991 -2.24985</i>
                        <i>-0.307605 0.862347 0.402165 -0.862147 -0.0737653 -0.50126 -0.402594 -0.500915 0.76616 0.747859 1.76502 -2.24758</i>
                        <i>-0.303363 0.862912 0.404171 -0.863031 -0.0690213 -0.500413 -0.403916 -0.500619 0.765658 0.754302 1.76164 -2.24584</i>
                        <i>-0.301645 0.862999 0.40527 -0.863264 -0.0667866 -0.500315 -0.404705 -0.500772 0.765141 0.756522 1.76027 -2.24492</i>
                        <i>-0.301058 0.863964 0.403646 -0.863238 -0.0670528 -0.500324 -0.405196 -0.499069 0.765993 0.756772 1.76053 -2.24561</i>
                        <i>-0.300245 0.86529 0.401405 -0.86319 -0.0674018 -0.500359 -0.4059 -0.496719 0.767147 0.757095 1.76093 -2.24653</i>
                        <i>-0.299356 0.866725 0.398966 -0.863123 -0.0677585 -0.500427 -0.406699 -0.494162 0.768375 0.75743 1.76135 -2.24749</i>
                        <i>-0.298413 0.86823 0.396391 -0.863036 -0.068111 -0.50053 -0.407577 -0.491464 0.769639 0.757766 1.7618 -2.24847</i>
                        <i>-0.297428 0.869786 0.393711 -0.862928 -0.0684537 -0.500669 -0.408524 -0.488657 0.770923 0.758095 1.76227 -2.24943</i>
                        <i>-0.297428 0.869786 0.393711 -0.862928 -0.0684536 -0.500669 -0.408524 -0.488658 0.770923 0.758096 1.76227 -2.24943</i>
                        <i>-0.297428 0.869786 0.393712 -0.862928 -0.0684536 -0.500669 -0.408524 -0.488658 0.770922 0.758096 1.76227 -2.24943</i>
                        <i>-0.297428 0.869786 0.393712 -0.862928 -0.0684536 -0.500669 -0.408524 -0.488658 0.770922 0.758096 1.76227 -2.24943</i>
                        <i>-0.297428 0.869786 0.393712 -0.862928 -0.0684536 -0.500669 -0.408524 -0.488658 0.770922 0.758096 1.76227 -2.24943</i>
                        <i>-0.297428 0.869786 0.393712 -0.862928 -0.0684536 -0.500669 -0.408524 -0.488658 0.770922 0.758096 1.76227 -2.24943</i>
                        <i>-0.297428 0.869786 0.393711 -0.862928 -0.0684536 -0.500669 -0.408524 -0.488658 0.770923 0.758096 1.76227 -2.24943</i>
                        <i>-0.297428 0.869786 0.393711 -0.862928 -0.0684536 -0.500669 -0.408524 -0.488658 0.770923 0.758095 1.76227 -2.24943</i>
                        <i>-0.297428 0.869786 0.393711 -0.862928 -0.0684536 -0.500669 -0.408524 -0.488657 0.770923 0.758095 1.76227 -2.24943</i>
                        <i>-0.297428 0.869786 0.393711 -0.862928 -0.0684537 -0.500669 -0.408524 -0.488657 0.770923 0.758095 1.76227 -2.24943</i>
                        <i>-0.297428 0.869786 0.393711 -0.862928 -0.0684537 -0.500669 -0.408524 -0.488657 0.770923 0.758095 1.76227 -2.24943</i>
                    </KeyFrames>
                </p>
            </i>
            <i>
                <p>
                    <Name><![CDATA[spine2]]></Name>
                    <Exclude>0</Exclude>
                    <Additive>0</Additive>
                    <IKPriority>0</IKPriority>
                    <IKRotLimits>-1e+010 -1e+010 -1e+010 1e+010 1e+010 1e+010</IKRotLimits>
                    <IKRotLimitOrder>0</IKRotLimitOrder>
                    <KeyFrames count="40">
                        <i>-0.378663 0.69291 0.613588 -0.907585 -0.148061 -0.392895 -0.181393 -0.705659 0.68494 0.709531 1.90437 -2.18486</i>
                        <i>-0.551862 0.541179 0.634487 -0.824896 -0.242525 -0.510616 -0.122455 -0.805175 0.580257 0.622947 1.89309 -2.17001</i>
                        <i>-0.695847 0.368423 0.616491 -0.717368 -0.315496 -0.621165 -0.0343507 -0.874487 0.483832 0.547255 1.87914 -2.16291</i>
                        <i>-0.756629 0.297049 0.582472 -0.651697 -0.270484 -0.708611 -0.0529426 -0.915751 0.398242 0.515111 1.886 -2.16452</i>
                        <i>-0.797205 0.277867 0.535961 -0.594727 -0.2089 -0.776312 -0.103749 -0.93763 0.331792 0.493727 1.87554 -2.16589</i>
                        <i>-0.799402 0.31418 0.512102 -0.573998 -0.147658 -0.805433 -0.177435 -0.93781 0.298377 0.491085 1.87377 -2.16881</i>
                        <i>-0.799133 0.328988 0.503144 -0.553355 -0.0754972 -0.829517 -0.234915 -0.941311 0.242379 0.48668 1.87835 -2.17196</i>
                        <i>-0.789592 0.317737 0.524964 -0.565968 -0.0465119 -0.823114 -0.237116 -0.947038 0.216554 0.481261 1.89629 -2.17685</i>
                        <i>-0.775803 0.30954 0.549831 -0.583604 -0.0207525 -0.811773 -0.239866 -0.95066 0.196749 0.476082 1.91918 -2.18168</i>
                        <i>-0.76107 0.305003 0.572491 -0.599811 0.00513416 -0.800125 -0.24698 -0.952338 0.179037 0.471059 1.9386 -2.18671</i>
                        <i>-0.745599 0.305813 0.592081 -0.613912 0.0303945 -0.788789 -0.259218 -0.951606 0.16508 0.466953 1.94804 -2.19189</i>
                        <i>-0.725878 0.323295 0.607109 -0.627494 0.0502313 -0.776999 -0.281696 -0.944964 0.166404 0.467484 1.95099 -2.19639</i>
                        <i>-0.693554 0.363643 0.621889 -0.650661 0.0543462 -0.757421 -0.309228 -0.929952 0.198916 0.488997 1.95263 -2.19758</i>
                        <i>-0.645163 0.423264 0.636092 -0.695123 0.0203863 -0.718602 -0.317125 -0.905777 0.281068 0.512511 1.95148 -2.19745</i>
                        <i>-0.582521 0.49371 0.645693 -0.749234 -0.0181461 -0.662057 -0.315148 -0.869437 0.380475 0.542865 1.94922 -2.1977</i>
                        <i>-0.51582 0.563968 0.64488 -0.803134 -0.0563424 -0.593129 -0.298172 -0.823872 0.482004 0.574422 1.94552 -2.19813</i>
                        <i>-0.44899 0.631957 0.631695 -0.853096 -0.0929008 -0.513417 -0.265772 -0.769416 0.580831 0.605119 1.94102 -2.19876</i>
                        <i>-0.386735 0.696002 0.604993 -0.895618 -0.127117 -0.426274 -0.219783 -0.706698 0.672513 0.63289 1.93634 -2.19948</i>
                        <i>-0.38281 0.70028 0.602548 -0.900054 -0.135698 -0.414113 -0.208231 -0.700852 0.682236 0.645465 1.92994 -2.19445</i>
                        <i>-0.379328 0.706286 0.59772 -0.903192 -0.142397 -0.404928 -0.200882 -0.693457 0.691928 0.659536 1.9232 -2.1904</i>
                        <i>-0.376013 0.713198 0.591577 -0.905399 -0.146952 -0.398319 -0.197147 -0.685386 0.700985 0.673805 1.91657 -2.18707</i>
                        <i>-0.372965 0.719971 0.585268 -0.90684 -0.149395 -0.39411 -0.196311 -0.677733 0.708618 0.686991 1.91048 -2.18426</i>
                        <i>-0.37042 0.725673 0.579816 -0.907614 -0.150013 -0.392087 -0.197548 -0.671487 0.714199 0.697828 1.90537 -2.18189</i>
                        <i>-0.368614 0.72967 0.575938 -0.907844 -0.149369 -0.391801 -0.199858 -0.667286 0.717486 0.705093 1.90172 -2.18</i>
                        <i>-0.367645 0.73188 0.573749 -0.907821 -0.148608 -0.392145 -0.201739 -0.665032 0.719051 0.707682 1.90012 -2.17902</i>
                        <i>-0.369338 0.726298 0.579725 -0.907784 -0.148532 -0.392257 -0.198788 -0.671141 0.71418 0.707979 1.90067 -2.17991</i>
                        <i>-0.371598 0.718628 0.587782 -0.907736 -0.148425 -0.392409 -0.194754 -0.67937 0.70748 0.708356 1.90149 -2.18109</i>
                        <i>-0.373953 0.710363 0.596275 -0.907686 -0.148309 -0.392569 -0.190433 -0.688033 0.700247 0.708748 1.9024 -2.18233</i>
                        <i>-0.376325 0.701735 0.604936 -0.907635 -0.148187 -0.392732 -0.18595 -0.696856 0.692686 0.709144 1.90336 -2.1836</i>
                        <i>-0.378663 0.69291 0.613588 -0.907585 -0.148061 -0.392895 -0.181393 -0.705659 0.68494 0.709531 1.90437 -2.18486</i>
                        <i>-0.378663 0.692909 0.613589 -0.907585 -0.148061 -0.392895 -0.181392 -0.70566 0.684939 0.709531 1.90437 -2.18486</i>
                        <i>-0.378663 0.692909 0.613589 -0.907585 -0.148061 -0.392895 -0.181392 -0.70566 0.684939 0.709531 1.90437 -2.18486</i>
                        <i>-0.378663 0.692909 0.613589 -0.907585 -0.148061 -0.392895 -0.181392 -0.70566 0.684939 0.709531 1.90437 -2.18486</i>
                        <i>-0.378663 0.692909 0.613589 -0.907585 -0.148061 -0.392895 -0.181392 -0.70566 0.684939 0.709531 1.90437 -2.18486</i>
                        <i>-0.378663 0.692909 0.613589 -0.907585 -0.148061 -0.392895 -0.181392 -0.70566 0.684939 0.709531 1.90437 -2.18486</i>
                        <i>-0.378663 0.692909 0.613589 -0.907585 -0.148061 -0.392895 -0.181392 -0.705659 0.684939 0.709531 1.90437 -2.18486</i>
                        <i>-0.378663 0.692909 0.613589 -0.907585 -0.148061 -0.392895 -0.181392 -0.705659 0.684939 0.709531 1.90437 -2.18486</i>
                        <i>-0.378663 0.692909 0.613589 -0.907585 -0.148061 -0.392895 -0.181392 -0.705659 0.684939 0.709531 1.90437 -2.18486</i>
                        <i>-0.378663 0.69291 0.613589 -0.907585 -0.148061 -0.392895 -0.181393 -0.705659 0.68494 0.709531 1.90437 -2.18486</i>
                        <i>-0.378663 0.69291 0.613588 -0.907585 -0.148061 -0.392895 -0.181393 -0.705659 0.68494 0.709531 1.90437 -2.18486</i>
                    </KeyFrames>
                </p>
            </i>
            <i>
                <p>
                    <Name><![CDATA[head]]></Name>
                    <Exclude>0</Exclude>
                    <Additive>0</Additive>
                    <IKPriority>0</IKPriority>
                    <IKRotLimits>-1e+010 -1e+010 -1e+010 1e+010 1e+010 1e+010</IKRotLimits>
                    <IKRotLimitOrder>0</IKRotLimitOrder>
                    <KeyFrames count="40">
                        <i>-0.01436 0.97927 0.202051 -0.0152604 0.201834 -0.979301 -0.99978 -0.0171462 0.0120457 0.613509 2.09189 -2.03109</i>
                        <i>-0.330205 0.817826 0.471302 0.399309 0.57346 -0.71533 -0.855288 -0.0480102 -0.515924 0.478603 2.03993 -2.01043</i>
                        <i>-0.725232 0.461121 0.511279 0.411318 0.885686 -0.215357 -0.552138 0.0541144 -0.831995 0.363068 1.97968 -2.00879</i>
                        <i>-0.855579 0.264401 0.445057 0.321218 0.945355 0.0558906 -0.40596 0.190779 -0.893756 0.310901 1.97212 -2.0188</i>
                        <i>-0.915031 0.191719 0.35491 0.26416 0.94973 0.168023 -0.304856 0.2475 -0.919677 0.277058 1.96129 -2.03323</i>
                        <i>-0.916545 0.227748 0.328749 0.306888 0.92761 0.212978 -0.256446 0.296093 -0.920089 0.274539 1.97265 -2.04261</i>
                        <i>-0.917547 0.23442 0.321178 0.330431 0.898834 0.287945 -0.221186 0.37033 -0.902182 0.270376 1.98246 -2.04642</i>
                        <i>-0.918168 0.215937 0.332173 0.337379 0.865696 0.369791 -0.20771 0.451598 -0.867707 0.266486 1.99584 -2.04235</i>
                        <i>-0.91162 0.209963 0.353362 0.359142 0.825011 0.436319 -0.199917 0.524664 -0.827503 0.264258 2.01468 -2.03736</i>
                        <i>-0.901566 0.208201 0.379252 0.385054 0.785822 0.48396 -0.197264 0.582354 -0.788639 0.262813 2.03095 -2.03343</i>
                        <i>-0.887818 0.20907 0.409962 0.412094 0.757706 0.506023 -0.204836 0.618199 -0.758862 0.262879 2.03879 -2.03089</i>
                        <i>-0.865832 0.224203 0.44729 0.443164 0.758629 0.477584 -0.232252 0.611731 -0.756204 0.269575 2.04575 -2.02995</i>
                        <i>-0.854675 0.177739 0.48779 0.40387 0.818008 0.409574 -0.326219 0.547057 -0.770915 0.301191 2.05786 -2.02746</i>
                        <i>-0.780311 0.190477 0.595679 0.391585 0.891473 0.227896 -0.487623 0.411089 -0.770214 0.340339 2.0735 -2.02514</i>
                        <i>-0.577627 0.408152 0.706936 0.464186 0.87661 -0.126834 -0.671474 0.254887 -0.695812 0.390391 2.09057 -2.0252</i>
                        <i>-0.355796 0.640053 0.680985 0.425216 0.759744 -0.491915 -0.832226 0.114545 -0.542475 0.442468 2.10538 -2.02869</i>
                        <i>-0.178756 0.830763 0.527142 0.293443 0.556403 -0.777372 -0.939115 0.0157263 -0.343242 0.493208 2.11794 -2.03588</i>
                        <i>-0.0798004 0.948146 0.307654 0.135843 0.316103 -0.938949 -0.987511 -0.0331359 -0.154024 0.539139 2.12848 -2.04666</i>
                        <i>-0.100597 0.947875 0.302346 0.0637551 0.309405 -0.948791 -0.992882 -0.0761692 -0.091557 0.552065 2.12256 -2.04332</i>
                        <i>-0.109952 0.945645 0.306049 0.0186828 0.309828 -0.950609 -0.993761 -0.0988031 -0.0517334 0.566434 2.11697 -2.04159</i>
                        <i>-0.110244 0.944284 0.31012 -0.00424747 0.311571 -0.950213 -0.993895 -0.106073 -0.0303381 0.581047 2.11185 -2.04088</i>
                        <i>-0.105154 0.9438 0.313345 -0.0106401 0.314006 -0.949361 -0.994399 -0.103163 -0.0229769 0.594612 2.1073 -2.04067</i>
                        <i>-0.09803 0.943989 0.31508 -0.00644452 0.315997 -0.948738 -0.995163 -0.0950353 -0.0248935 0.605818 2.10351 -2.04054</i>
                        <i>-0.0916679 0.945058 0.313788 0.00202635 0.315291 -0.948993 -0.995788 -0.0863563 -0.0308171 0.613396 2.10079 -2.04031</i>
                        <i>-0.08831 0.948201 0.305148 0.00789272 0.307001 -0.951676 -0.996062 -0.0816341 -0.0345952 0.616235 2.09969 -2.04029</i>
                        <i>-0.0842924 0.951565 0.295666 0.00688289 0.297271 -0.954768 -0.996417 -0.0784447 -0.0316072 0.615837 2.09854 -2.03894</i>
                        <i>-0.0715107 0.957651 0.27891 0.00577674 0.280019 -0.959977 -0.997423 -0.0670374 -0.0255564 0.615276 2.09701 -2.03708</i>
                        <i>-0.0535925 0.965096 0.256353 0.00300026 0.256876 -0.96644 -0.998558 -0.0510247 -0.0166622 0.61469 2.09537 -2.03511</i>
                        <i>-0.0332362 0.972698 0.229682 -0.00360726 0.229691 -0.973257 -0.999441 -0.0331759 -0.00412524 0.614098 2.09364 -2.0331</i>
                        <i>-0.01436 0.97927 0.202051 -0.0152604 0.201834 -0.979301 -0.99978 -0.0171462 0.0120457 0.613509 2.09189 -2.03109</i>
                        <i>-0.01436 0.97927 0.202051 -0.0152604 0.201834 -0.979301 -0.99978 -0.0171462 0.0120458 0.61351 2.09189 -2.03109</i>
                        <i>-0.01436 0.97927 0.202051 -0.0152604 0.201834 -0.979301 -0.99978 -0.0171462 0.0120458 0.61351 2.09189 -2.03109</i>
                        <i>-0.01436 0.97927 0.202051 -0.0152605 0.201834 -0.979301 -0.99978 -0.0171462 0.0120458 0.61351 2.09189 -2.03109</i>
                        <i>-0.01436 0.97927 0.202051 -0.0152605 0.201834 -0.979301 -0.99978 -0.0171462 0.0120458 0.61351 2.09189 -2.03109</i>
                        <i>-0.01436 0.97927 0.202051 -0.0152604 0.201834 -0.979301 -0.99978 -0.0171462 0.0120458 0.61351 2.09189 -2.03109</i>
                        <i>-0.0143601 0.97927 0.202051 -0.0152605 0.201834 -0.979301 -0.99978 -0.0171462 0.0120458 0.61351 2.09189 -2.03109</i>
                        <i>-0.01436 0.97927 0.202051 -0.0152604 0.201834 -0.979301 -0.99978 -0.0171462 0.0120458 0.61351 2.09189 -2.03109</i>
                        <i>-0.01436 0.97927 0.202051 -0.0152604 0.201834 -0.979301 -0.99978 -0.0171462 0.0120457 0.613509 2.09189 -2.03109</i>
                        <i>-0.01436 0.97927 0.202051 -0.0152604 0.201834 -0.979301 -0.99978 -0.0171462 0.0120457 0.613509 2.09189 -2.03109</i>
                        <i>-0.01436 0.97927 0.202051 -0.0152604 0.201834 -0.979301 -0.99978 -0.0171462 0.0120457 0.613509 2.09189 -2.03109</i>
                    </KeyFrames>
                </p>
            </i>
            <i>
                <p>
                    <Name><![CDATA[head_prop]]></Name>
                    <Exclude>0</Exclude>
                    <Additive>0</Additive>
                    <IKPriority>0</IKPriority>
                    <IKRotLimits>-1e+010 -1e+010 -1e+010 1e+010 1e+010 1e+010</IKRotLimits>
                    <IKRotLimitOrder>0</IKRotLimitOrder>
                    <KeyFrames count="40">
                        <i>0.999913 0.00208689 -0.0130072 0.000574683 0.979523 0.201332 0.013161 -0.201322 0.979437 0.608829 2.41104 -1.96524</i>
                        <i>0.859286 0.0345795 0.510325 -0.317176 0.818754 0.478582 -0.401282 -0.573102 0.714512 0.370987 2.30646 -1.85683</i>
                        <i>0.562049 -0.0628587 0.824712 -0.716682 0.460728 0.523542 -0.412877 -0.885313 0.213902 0.126708 2.12996 -1.84216</i>
                        <i>0.418024 -0.196694 0.886887 -0.849248 0.262019 0.458394 -0.322544 -0.944806 -0.0575114 0.0320599 2.05829 -1.87375</i>
                        <i>0.31794 -0.252331 0.913916 -0.910234 0.1885 0.368703 -0.265308 -0.949103 -0.169749 -0.0211594 2.02377 -1.91757</i>
                        <i>0.269468 -0.301411 0.914625 -0.912448 0.223786 0.342575 -0.307936 -0.926861 -0.214718 -0.0241716 2.04687 -1.93547</i>
                        <i>0.234178 -0.375678 0.896675 -0.913964 0.229333 0.334777 -0.331406 -0.897927 -0.289652 -0.0286609 2.05886 -1.94174</i>
                        <i>0.220698 -0.456591 0.861868 -0.914783 0.20962 0.345299 -0.338326 -0.864629 -0.371419 -0.0327536 2.06621 -1.93409</i>
                        <i>0.212763 -0.529474 0.821212 -0.908341 0.202534 0.36592 -0.360068 -0.823794 -0.437851 -0.0328468 2.08311 -1.9222</i>
                        <i>0.209905 -0.587049 0.781865 -0.898314 0.199889 0.39125 -0.385969 -0.784486 -0.485397 -0.0310158 2.09881 -1.90983</i>
                        <i>0.217214 -0.622844 0.751587 -0.88444 0.200208 0.421523 -0.413017 -0.756295 -0.507381 -0.0264686 2.10693 -1.89728</i>
                        <i>0.244233 -0.616605 0.748431 -0.86203 0.215436 0.458793 -0.444133 -0.757223 -0.478915 -0.0126077 2.11882 -1.88418</i>
                        <i>0.338105 -0.551368 0.762678 -0.849492 0.169975 0.499472 -0.405029 -0.816763 -0.410914 0.0226449 2.11578 -1.86849</i>
                        <i>0.498405 -0.41576 0.760747 -0.77273 0.184782 0.607243 -0.39304 -0.890505 -0.229174 0.0860288 2.13557 -1.83101</i>
                        <i>0.679055 -0.262798 0.685435 -0.567283 0.40476 0.717189 -0.465913 -0.875846 0.125773 0.202137 2.22359 -1.7948</i>
                        <i>0.836555 -0.125692 0.53327 -0.343095 0.638671 0.688757 -0.427155 -0.759145 0.491159 0.326511 2.31398 -1.80675</i>
                        <i>0.941063 -0.0293073 0.336958 -0.164547 0.830729 0.531802 -0.295507 -0.555905 0.776946 0.43495 2.38869 -1.86408</i>
                        <i>0.988306 0.0182999 0.151381 -0.064962 0.948702 0.309426 -0.137953 -0.315642 0.938797 0.513132 2.43749 -1.9464</i>
                        <i>0.994139 0.0613464 0.0890209 -0.0857138 0.94907 0.30318 -0.0658881 -0.309034 0.948766 0.51928 2.43148 -1.94479</i>
                        <i>0.995252 0.0840102 0.0491503 -0.0950782 0.947179 0.306287 -0.0208229 -0.309506 0.95067 0.5306 2.42516 -1.94184</i>
                        <i>0.995439 0.0912956 0.0276958 -0.0953808 0.945928 0.310037 0.00210684 -0.311265 0.950321 0.545117 2.4196 -1.93981</i>
                        <i>0.99588 0.0883882 0.0202854 -0.0902868 0.945401 0.313153 0.0085012 -0.313694 0.949486 0.560341 2.41489 -1.93854</i>
                        <i>0.996528 0.0802546 0.0221746 -0.0831503 0.94547 0.314917 0.00430807 -0.315667 0.94886 0.57387 2.41117 -1.93785</i>
                        <i>0.99704 0.0715621 0.0281174 -0.0767751 0.946409 0.313713 -0.00416055 -0.314943 0.949101 0.583521 2.40879 -1.93804</i>
                        <i>0.997252 0.0668109 0.0320298 -0.0734104 0.949477 0.305129 -0.0100256 -0.306642 0.951772 0.587454 2.40872 -1.94084</i>
                        <i>0.997549 0.063592 0.0291903 -0.0693885 0.952788 0.295602 -0.00901427 -0.296902 0.954865 0.588365 2.40866 -1.94258</i>
                        <i>0.998366 0.0521313 0.0234016 -0.0565938 0.958693 0.278755 -0.00790308 -0.279624 0.960077 0.59197 2.40912 -1.94618</i>
                        <i>0.999239 0.0360578 0.014859 -0.038662 0.965887 0.256063 -0.00511897 -0.256443 0.966546 0.597223 2.4099 -1.95156</i>
                        <i>0.999831 0.0181545 0.00273632 -0.0182983 0.973206 0.229205 0.00149806 -0.229216 0.973374 0.603266 2.41066 -1.95825</i>
                        <i>0.999913 0.00208689 -0.0130072 0.000574683 0.979523 0.201332 0.013161 -0.201322 0.979437 0.608829 2.41104 -1.96524</i>
                        <i>0.999913 0.00208689 -0.0130073 0.000574686 0.979523 0.201332 0.013161 -0.201322 0.979437 0.60883 2.41104 -1.96524</i>
                        <i>0.999913 0.00208688 -0.0130073 0.000574695 0.979523 0.201332 0.0131611 -0.201322 0.979437 0.60883 2.41104 -1.96524</i>
                        <i>0.999913 0.00208687 -0.0130073 0.00057469 0.979523 0.201332 0.0131611 -0.201322 0.979437 0.60883 2.41104 -1.96524</i>
                        <i>0.999913 0.0020869 -0.0130073 0.000574695 0.979523 0.201332 0.0131611 -0.201322 0.979437 0.60883 2.41104 -1.96524</i>
                        <i>0.999913 0.00208688 -0.0130073 0.000574665 0.979523 0.201332 0.013161 -0.201322 0.979437 0.60883 2.41104 -1.96524</i>
                        <i>0.999913 0.00208686 -0.0130073 0.000574647 0.979523 0.201332 0.0131611 -0.201322 0.979437 0.60883 2.41104 -1.96524</i>
                        <i>0.999913 0.00208691 -0.0130073 0.000574667 0.979523 0.201332 0.013161 -0.201322 0.979437 0.608829 2.41104 -1.96524</i>
                        <i>0.999913 0.00208689 -0.0130072 0.000574669 0.979523 0.201332 0.013161 -0.201322 0.979437 0.608829 2.41104 -1.96524</i>
                        <i>0.999913 0.00208686 -0.0130072 0.000574683 0.979523 0.201332 0.013161 -0.201322 0.979437 0.608829 2.41104 -1.96524</i>
                        <i>0.999913 0.00208689 -0.0130072 0.000574683 0.979523 0.201332 0.013161 -0.201322 0.979437 0.608829 2.41104 -1.96524</i>
                    </KeyFrames>
                </p>
            </i>
            <i>
                <p>
                    <Name><![CDATA[l_clav]]></Name>
                    <Exclude>0</Exclude>
                    <Additive>0</Additive>
                    <IKPriority>0</IKPriority>
                    <IKRotLimits>-1e+010 -1e+010 -1e+010 1e+010 1e+010 1e+010</IKRotLimits>
                    <IKRotLimitOrder>0</IKRotLimitOrder>
                    <KeyFrames count="40">
                        <i>0.830043 0.366512 0.420355 -0.527766 0.759827 0.379638 -0.180255 -0.536965 0.824122 0.756754 1.9375 -2.08991</i>
                        <i>0.564654 0.615426 0.549924 -0.81657 0.513391 0.263901 -0.119915 -0.598064 0.792426 0.655164 1.92362 -2.06622</i>
                        <i>0.231636 0.72096 0.653117 -0.96696 0.244107 0.0734813 -0.106453 -0.648559 0.753683 0.563816 1.90463 -2.05217</i>
                        <i>0.150802 0.673007 0.724099 -0.973736 0.227515 -0.00866999 -0.170578 -0.703774 0.689641 0.516634 1.90297 -2.04537</i>
                        <i>0.0551912 0.648801 0.758954 -0.959518 0.244718 -0.139424 -0.276188 -0.720535 0.636042 0.481772 1.88492 -2.0418</i>
                        <i>0.0237943 0.647868 0.761381 -0.926691 0.300027 -0.226336 -0.37507 -0.700179 0.607513 0.47249 1.87975 -2.04307</i>
                        <i>-0.0116489 0.622412 0.782603 -0.897255 0.338949 -0.282925 -0.441359 -0.705491 0.554514 0.463071 1.87911 -2.04607</i>
                        <i>-0.0108199 0.588744 0.808247 -0.9051 0.337828 -0.258197 -0.425061 -0.734338 0.529217 0.459883 1.89429 -2.05233</i>
                        <i>0.018312 0.549625 0.835211 -0.915893 0.344257 -0.206463 -0.401004 -0.761183 0.509702 0.457745 1.91509 -2.05875</i>
                        <i>0.0500832 0.511965 0.857545 -0.922784 0.352168 -0.156355 -0.382048 -0.783498 0.490071 0.455548 1.93277 -2.06549</i>
                        <i>0.0834988 0.478403 0.874162 -0.925069 0.363369 -0.110499 -0.370506 -0.799434 0.472896 0.453955 1.9409 -2.07239</i>
                        <i>0.124668 0.463153 0.877467 -0.918229 0.388918 -0.0748231 -0.375917 -0.796387 0.473766 0.456813 1.94364 -2.07822</i>
                        <i>0.238887 0.354614 0.903981 -0.920307 0.379671 0.0942638 -0.309788 -0.854458 0.417052 0.482692 1.94784 -2.08008</i>
