<?xml version="1.0" encoding="ISO-8859-1" ?>
<Animl Version="1">
    <ModellingPackage><![CDATA[Maya.2010]]></ModellingPackage>
    <SrcFile><![CDATA[anims\turrets\antitank\red\~src\at_at4spigot\at_at4spigot_reload_low_crewman_a.mb]]></SrcFile>
    <FramesPerSecond>30</FramesPerSecond>
    <TotalFrames>130</TotalFrames>
    <Skeleton>
        <RefFrame>
            <Name><![CDATA[soldier_ref_frame]]></Name>
            <Exclude>0</Exclude>
            <Additive>0</Additive>
            <IKPriority>0</IKPriority>
            <IKRotLimits>-1e+010 -1e+010 -1e+010 1e+010 1e+010 1e+010</IKRotLimits>
            <IKRotLimitOrder>0</IKRotLimitOrder>
            <KeyFrames count="130">
                <i>1 0 0 0 1 0 0 0 1 1.48 0.92 -0.17</i>
                <i>1 0 0 0 1 0 0 0 1 1.48 0.92 -0.17</i>
                <i>1 0 0 0 1 0 0 0 1 1.48 0.92 -0.17</i>
                <i>1 0 0 0 1 0 0 0 1 1.48 0.92 -0.17</i>
                <i>1 0 0 0 1 0 0 0 1 1.48 0.92 -0.17</i>
                <i>1 0 0 0 1 0 0 0 1 1.48 0.92 -0.17</i>
                <i>1 0 0 0 1 0 0 0 1 1.48 0.92 -0.17</i>
                <i>1 0 0 0 1 0 0 0 1 1.48 0.92 -0.17</i>
                <i>1 0 0 0 1 0 0 0 1 1.48 0.92 -0.17</i>
                <i>1 0 0 0 1 0 0 0 1 1.48 0.92 -0.17</i>
                <i>1 0 0 0 1 0 0 0 1 1.48 0.92 -0.17</i>
                <i>1 0 0 0 1 0 0 0 1 1.48 0.92 -0.17</i>
                <i>1 0 0 0 1 0 0 0 1 1.48 0.92 -0.17</i>
                <i>1 0 0 0 1 0 0 0 1 1.48 0.92 -0.17</i>
                <i>1 0 0 0 1 0 0 0 1 1.48 0.92 -0.17</i>
                <i>1 0 0 0 1 0 0 0 1 1.48 0.92 -0.17</i>
                <i>1 0 0 0 1 0 0 0 1 1.48 0.92 -0.17</i>
                <i>1 0 0 0 1 0 0 0 1 1.48 0.92 -0.17</i>
                <i>1 0 0 0 1 0 0 0 1 1.48 0.92 -0.17</i>
                <i>1 0 0 0 1 0 0 0 1 1.48 0.92 -0.17</i>
                <i>1 0 0 0 1 0 0 0 1 1.48 0.92 -0.17</i>
                <i>1 0 0 0 1 0 0 0 1 1.48 0.92 -0.17</i>
                <i>1 0 0 0 1 0 0 0 1 1.48 0.92 -0.17</i>
                <i>1 0 0 0 1 0 0 0 1 1.48 0.92 -0.17</i>
                <i>1 0 0 0 1 0 0 0 1 1.48 0.92 -0.17</i>
                <i>1 0 0 0 1 0 0 0 1 1.48 0.92 -0.17</i>
                <i>1 0 0 0 1 0 0 0 1 1.48 0.92 -0.17</i>
                <i>1 0 0 0 1 0 0 0 1 1.48 0.92 -0.17</i>
                <i>1 0 0 0 1 0 0 0 1 1.48 0.92 -0.17</i>
                <i>1 0 0 0 1 0 0 0 1 1.48 0.92 -0.17</i>
                <i>1 0 0 0 1 0 0 0 1 1.48 0.92 -0.17</i>
                <i>1 0 0 0 1 0 0 0 1 1.48 0.92 -0.17</i>
                <i>1 0 0 0 1 0 0 0 1 1.48 0.92 -0.17</i>
                <i>1 0 0 0 1 0 0 0 1 1.48 0.92 -0.17</i>
                <i>1 0 0 0 1 0 0 0 1 1.48 0.92 -0.17</i>
                <i>1 0 0 0 1 0 0 0 1 1.48 0.92 -0.17</i>
                <i>1 0 0 0 1 0 0 0 1 1.48 0.92 -0.17</i>
                <i>1 0 0 0 1 0 0 0 1 1.48 0.92 -0.17</i>
                <i>1 0 0 0 1 0 0 0 1 1.48 0.92 -0.17</i>
                <i>1 0 0 0 1 0 0 0 1 1.48 0.92 -0.17</i>
                <i>1 0 0 0 1 0 0 0 1 1.48 0.92 -0.17</i>
                <i>1 0 0 0 1 0 0 0 1 1.48 0.92 -0.17</i>
                <i>1 0 0 0 1 0 0 0 1 1.48 0.92 -0.17</i>
                <i>1 0 0 0 1 0 0 0 1 1.48 0.92 -0.17</i>
                <i>1 0 0 0 1 0 0 0 1 1.48 0.92 -0.17</i>
                <i>1 0 0 0 1 0 0 0 1 1.48 0.92 -0.17</i>
                <i>1 0 0 0 1 0 0 0 1 1.48 0.92 -0.17</i>
                <i>1 0 0 0 1 0 0 0 1 1.48 0.92 -0.17</i>
                <i>1 0 0 0 1 0 0 0 1 1.48 0.92 -0.17</i>
                <i>1 0 0 0 1 0 0 0 1 1.48 0.92 -0.17</i>
                <i>1 0 0 0 1 0 0 0 1 1.48 0.92 -0.17</i>
                <i>1 0 0 0 1 0 0 0 1 1.48 0.92 -0.17</i>
                <i>1 0 0 0 1 0 0 0 1 1.48 0.92 -0.17</i>
                <i>1 0 0 0 1 0 0 0 1 1.48 0.92 -0.17</i>
                <i>1 0 0 0 1 0 0 0 1 1.48 0.92 -0.17</i>
                <i>1 0 0 0 1 0 0 0 1 1.48 0.92 -0.17</i>
                <i>1 0 0 0 1 0 0 0 1 1.48 0.92 -0.17</i>
                <i>1 0 0 0 1 0 0 0 1 1.48 0.92 -0.17</i>
                <i>1 0 0 0 1 0 0 0 1 1.48 0.92 -0.17</i>
                <i>1 0 0 0 1 0 0 0 1 1.48 0.92 -0.17</i>
                <i>1 0 0 0 1 0 0 0 1 1.48 0.92 -0.17</i>
                <i>1 0 0 0 1 0 0 0 1 1.48 0.92 -0.17</i>
                <i>1 0 0 0 1 0 0 0 1 1.48 0.92 -0.17</i>
                <i>1 0 0 0 1 0 0 0 1 1.48 0.92 -0.17</i>
                <i>1 0 0 0 1 0 0 0 1 1.48 0.92 -0.17</i>
                <i>1 0 0 0 1 0 0 0 1 1.48 0.92 -0.17</i>
                <i>1 0 0 0 1 0 0 0 1 1.48 0.92 -0.17</i>
                <i>1 0 0 0 1 0 0 0 1 1.48 0.92 -0.17</i>
                <i>1 0 0 0 1 0 0 0 1 1.48 0.92 -0.17</i>
                <i>1 0 0 0 1 0 0 0 1 1.48 0.92 -0.17</i>
                <i>1 0 0 0 1 0 0 0 1 1.48 0.92 -0.17</i>
                <i>1 0 0 0 1 0 0 0 1 1.48 0.92 -0.17</i>
                <i>1 0 0 0 1 0 0 0 1 1.48 0.92 -0.17</i>
                <i>1 0 0 0 1 0 0 0 1 1.48 0.92 -0.17</i>
                <i>1 0 0 0 1 0 0 0 1 1.48 0.92 -0.17</i>
                <i>1 0 0 0 1 0 0 0 1 1.48 0.92 -0.17</i>
                <i>1 0 0 0 1 0 0 0 1 1.48 0.92 -0.17</i>
                <i>1 0 0 0 1 0 0 0 1 1.48 0.92 -0.17</i>
                <i>1 0 0 0 1 0 0 0 1 1.48 0.92 -0.17</i>
                <i>1 0 0 0 1 0 0 0 1 1.48 0.92 -0.17</i>
                <i>1 0 0 0 1 0 0 0 1 1.48 0.92 -0.17</i>
                <i>1 0 0 0 1 0 0 0 1 1.48 0.92 -0.17</i>
                <i>1 0 0 0 1 0 0 0 1 1.48 0.92 -0.17</i>
                <i>1 0 0 0 1 0 0 0 1 1.48 0.92 -0.17</i>
                <i>1 0 0 0 1 0 0 0 1 1.48 0.92 -0.17</i>
                <i>1 0 0 0 1 0 0 0 1 1.48 0.92 -0.17</i>
                <i>1 0 0 0 1 0 0 0 1 1.48 0.92 -0.17</i>
                <i>1 0 0 0 1 0 0 0 1 1.48 0.92 -0.17</i>
                <i>1 0 0 0 1 0 0 0 1 1.48 0.92 -0.17</i>
                <i>1 0 0 0 1 0 0 0 1 1.48 0.92 -0.17</i>
                <i>1 0 0 0 1 0 0 0 1 1.48 0.92 -0.17</i>
                <i>1 0 0 0 1 0 0 0 1 1.48 0.92 -0.17</i>
                <i>1 0 0 0 1 0 0 0 1 1.48 0.92 -0.17</i>
                <i>1 0 0 0 1 0 0 0 1 1.48 0.92 -0.17</i>
                <i>1 0 0 0 1 0 0 0 1 1.48 0.92 -0.17</i>
                <i>1 0 0 0 1 0 0 0 1 1.48 0.92 -0.17</i>
                <i>1 0 0 0 1 0 0 0 1 1.48 0.92 -0.17</i>
                <i>1 0 0 0 1 0 0 0 1 1.48 0.92 -0.17</i>
                <i>1 0 0 0 1 0 0 0 1 1.48 0.92 -0.17</i>
                <i>1 0 0 0 1 0 0 0 1 1.48 0.92 -0.17</i>
                <i>1 0 0 0 1 0 0 0 1 1.48 0.92 -0.17</i>
                <i>1 0 0 0 1 0 0 0 1 1.48 0.92 -0.17</i>
                <i>1 0 0 0 1 0 0 0 1 1.48 0.92 -0.17</i>
                <i>1 0 0 0 1 0 0 0 1 1.48 0.92 -0.17</i>
                <i>1 0 0 0 1 0 0 0 1 1.48 0.92 -0.17</i>
                <i>1 0 0 0 1 0 0 0 1 1.48 0.92 -0.17</i>
                <i>1 0 0 0 1 0 0 0 1 1.48 0.92 -0.17</i>
                <i>1 0 0 0 1 0 0 0 1 1.48 0.92 -0.17</i>
                <i>1 0 0 0 1 0 0 0 1 1.48 0.92 -0.17</i>
                <i>1 0 0 0 1 0 0 0 1 1.48 0.92 -0.17</i>
                <i>1 0 0 0 1 0 0 0 1 1.48 0.92 -0.17</i>
                <i>1 0 0 0 1 0 0 0 1 1.48 0.92 -0.17</i>
                <i>1 0 0 0 1 0 0 0 1 1.48 0.92 -0.17</i>
                <i>1 0 0 0 1 0 0 0 1 1.48 0.92 -0.17</i>
                <i>1 0 0 0 1 0 0 0 1 1.48 0.92 -0.17</i>
                <i>1 0 0 0 1 0 0 0 1 1.48 0.92 -0.17</i>
                <i>1 0 0 0 1 0 0 0 1 1.48 0.92 -0.17</i>
                <i>1 0 0 0 1 0 0 0 1 1.48 0.92 -0.17</i>
                <i>1 0 0 0 1 0 0 0 1 1.48 0.92 -0.17</i>
                <i>1 0 0 0 1 0 0 0 1 1.48 0.92 -0.17</i>
                <i>1 0 0 0 1 0 0 0 1 1.48 0.92 -0.17</i>
                <i>1 0 0 0 1 0 0 0 1 1.48 0.92 -0.17</i>
                <i>1 0 0 0 1 0 0 0 1 1.48 0.92 -0.17</i>
                <i>1 0 0 0 1 0 0 0 1 1.48 0.92 -0.17</i>
                <i>1 0 0 0 1 0 0 0 1 1.48 0.92 -0.17</i>
                <i>1 0 0 0 1 0 0 0 1 1.48 0.92 -0.17</i>
                <i>1 0 0 0 1 0 0 0 1 1.48 0.92 -0.17</i>
                <i>1 0 0 0 1 0 0 0 1 1.48 0.92 -0.17</i>
                <i>1 0 0 0 1 0 0 0 1 1.48 0.92 -0.17</i>
                <i>1 0 0 0 1 0 0 0 1 1.48 0.92 -0.17</i>
            </KeyFrames>
        </RefFrame>
        <Bones count="23">
            <i>
                <p>
                    <Name><![CDATA[pelvis]]></Name>
                    <Exclude>0</Exclude>
                    <Additive>0</Additive>
                    <IKPriority>0</IKPriority>
                    <IKRotLimits>-1e+010 -1e+010 -1e+010 1e+010 1e+010 1e+010</IKRotLimits>
                    <IKRotLimitOrder>2</IKRotLimitOrder>
                    <KeyFrames count="130">
                        <i>1 0 0 0 1 0 0 0 1 1.47617 1.79276 -0.276932</i>
                        <i>1 0 0 0 1 0 0 0 1 1.47617 1.79293 -0.276932</i>
                        <i>1 0 0 0 1 0 0 0 1 1.47617 1.79336 -0.276932</i>
                        <i>1 0 0 0 1 0 0 0 1 1.47617 1.79389 -0.276932</i>
                        <i>1 0 0 0 1 0 0 0 1 1.47617 1.79439 -0.276932</i>
                        <i>1 0 0 0 1 0 0 0 1 1.47617 1.79473 -0.276932</i>
                        <i>1 0 0 0 1 0 0 0 1 1.47617 1.79475 -0.276932</i>
                        <i>1 0 0 0 1 0 0 0 1 1.47617 1.79432 -0.276932</i>
                        <i>1 0 0 0 1 0 0 0 1 1.47617 1.79329 -0.276932</i>
                        <i>1 0 0 0 1 0 0 0 1 1.47617 1.79153 -0.276932</i>
                        <i>1 0 0 0 1 0 0 0 1 1.47617 1.78661 -0.276932</i>
                        <i>1 0 0 0 1 0 0 0 1 1.47617 1.77819 -0.276932</i>
                        <i>1 0 0 0 1 0 0 0 1 1.47617 1.76932 -0.276932</i>
                        <i>1 0 0 0 1 0 0 0 1 1.47617 1.76303 -0.276932</i>
                        <i>1 0 0 0 1 0 0 0 1 1.47617 1.76233 -0.276932</i>
                        <i>1 0 0 0 1 0 0 0 1 1.47617 1.77011 -0.276932</i>
                        <i>1 0 0 0 1 0 0 0 1 1.47617 1.78435 -0.276932</i>
                        <i>1 0 0 0 1 0 0 0 1 1.47617 1.80074 -0.276932</i>
                        <i>1 0 0 0 1 0 0 0 1 1.47617 1.81496 -0.276932</i>
                        <i>1 0 0 0 1 0 0 0 1 1.47617 1.8227 -0.276932</i>
                        <i>1 0 0 0 1 0 0 0 1 1.47617 1.82475 -0.276932</i>
                        <i>1 0 0 0 1 0 0 0 1 1.47617 1.82502 -0.276932</i>
                        <i>1 0 0 0 1 0 0 0 1 1.47617 1.82389 -0.276932</i>
                        <i>1 0 0 0 1 0 0 0 1 1.47617 1.82173 -0.276932</i>
                        <i>1 0 0 0 1 0 0 0 1 1.47617 1.81892 -0.276932</i>
                        <i>1 0 0 0 1 0 0 0 1 1.47617 1.81584 -0.276932</i>
                        <i>1 0 0 0 1 0 0 0 1 1.47617 1.81286 -0.276932</i>
                        <i>1 0 0 0 1 0 0 0 1 1.47617 1.81038 -0.276932</i>
                        <i>1 0 0 0 1 0 0 0 1 1.47617 1.80876 -0.276932</i>
                        <i>1 0 0 0 1 0 0 0 1 1.47617 1.80838 -0.276932</i>
                        <i>1 0 0 0 1 0 0 0 1 1.47617 1.809 -0.276932</i>
                        <i>1 0 0 0 1 0 0 0 1 1.47617 1.81009 -0.276932</i>
                        <i>1 0 0 0 1 0 0 0 1 1.47617 1.81161 -0.276932</i>
                        <i>1 0 0 0 1 0 0 0 1 1.47617 1.81351 -0.276932</i>
                        <i>1 0 0 0 1 0 0 0 1 1.47617 1.81573 -0.276932</i>
                        <i>1 0 0 0 1 0 0 0 1 1.47617 1.81823 -0.276932</i>
                        <i>1 0 0 0 1 0 0 0 1 1.47617 1.82096 -0.276932</i>
                        <i>1 0 0 0 1 0 0 0 1 1.47617 1.82387 -0.276932</i>
                        <i>1 0 0 0 1 0 0 0 1 1.47617 1.82691 -0.276932</i>
                        <i>1 0 0 0 1 0 0 0 1 1.47617 1.83003 -0.276932</i>
                        <i>1 0 0 0 1 0 0 0 1 1.47203 1.8347 -0.278532</i>
                        <i>1 0 0 0 1 0 0 0 1 1.46082 1.84128 -0.282874</i>
                        <i>1 0 0 0 1 0 0 0 1 1.44429 1.84807 -0.289273</i>
                        <i>1 0 0 0 1 0 0 0 1 1.42421 1.85339 -0.297043</i>
                        <i>1 0 0 0 1 0 0 0 1 1.40237 1.85554 -0.305498</i>
                        <i>1 0 0 0 1 0 0 0 1 1.38052 1.85334 -0.313954</i>
                        <i>1 0 0 0 1 0 0 0 1 1.36045 1.84792 -0.321724</i>
                        <i>1 0 0 0 1 0 0 0 1 1.34392 1.84104 -0.328123</i>
                        <i>1 0 0 0 1 0 0 0 1 1.3327 1.83449 -0.332465</i>
                        <i>1 0 0 0 1 0 0 0 1 1.32857 1.83003 -0.334065</i>
                        <i>1 0 0 0 1 0 0 0 1 1.32857 1.82728 -0.334065</i>
                        <i>1 0 0 0 1 0 0 0 1 1.32857 1.82469 -0.334065</i>
                        <i>1 0 0 0 1 0 0 0 1 1.32857 1.82228 -0.334065</i>
                        <i>1 0 0 0 1 0 0 0 1 1.32857 1.82009 -0.334065</i>
                        <i>1 0 0 0 1 0 0 0 1 1.32857 1.81815 -0.334065</i>
                        <i>1 0 0 0 1 0 0 0 1 1.32857 1.81649 -0.334065</i>
                        <i>1 0 0 0 1 0 0 0 1 1.32857 1.81514 -0.334065</i>
                        <i>1 0 0 0 1 0 0 0 1 1.32857 1.81414 -0.334065</i>
                        <i>1 0 0 0 1 0 0 0 1 1.32857 1.81351 -0.334065</i>
                        <i>1 0 0 0 1 0 0 0 1 1.32857 1.8133 -0.334065</i>
                        <i>1 0 0 0 1 0 0 0 1 1.32857 1.81352 -0.334065</i>
                        <i>1 0 0 0 1 0 0 0 1 1.32857 1.81416 -0.334065</i>
                        <i>1 0 0 0 1 0 0 0 1 1.32857 1.81513 -0.334065</i>
                        <i>1 0 0 0 1 0 0 0 1 1.32857 1.81638 -0.334065</i>
                        <i>1 0 0 0 1 0 0 0 1 1.32857 1.81785 -0.334065</i>
                        <i>1 0 0 0 1 0 0 0 1 1.32857 1.81946 -0.334065</i>
                        <i>1 0 0 0 1 0 0 0 1 1.32857 1.82116 -0.334065</i>
                        <i>1 0 0 0 1 0 0 0 1 1.32857 1.82288 -0.334065</i>
                        <i>1 0 0 0 1 0 0 0 1 1.32857 1.82455 -0.334065</i>
                        <i>1 0 0 0 1 0 0 0 1 1.32857 1.82611 -0.334065</i>
                        <i>1 0 0 0 1 0 0 0 1 1.32857 1.8275 -0.334065</i>
                        <i>1 0 0 0 1 0 0 0 1 1.32857 1.82865 -0.334065</i>
                        <i>1 0 0 0 1 0 0 0 1 1.32857 1.8295 -0.334065</i>
                        <i>1 0 0 0 1 0 0 0 1 1.32857 1.82998 -0.334065</i>
                        <i>1 0 0 0 1 0 0 0 1 1.32857 1.83003 -0.334065</i>
                        <i>1 0 0 0 1 0 0 0 1 1.32857 1.82864 -0.334065</i>
                        <i>1 0 0 0 1 0 0 0 1 1.32857 1.82526 -0.334065</i>
                        <i>1 0 0 0 1 0 0 0 1 1.32857 1.82053 -0.334065</i>
                        <i>1 0 0 0 1 0 0 0 1 1.32857 1.81509 -0.334065</i>
                        <i>1 0 0 0 1 0 0 0 1 1.32857 1.80955 -0.334065</i>
                        <i>1 0 0 0 1 0 0 0 1 1.32769 1.80296 -0.334039</i>
                        <i>1 0 0 0 1 0 0 0 1 1.32538 1.79489 -0.333972</i>
                        <i>1 0 0 0 1 0 0 0 1 1.32212 1.78679 -0.333877</i>
                        <i>1 0 0 0 1 0 0 0 1 1.31841 1.78015 -0.333769</i>
                        <i>1 0 0 0 1 0 0 0 1 1.31471 1.77641 -0.333662</i>
                        <i>1 0 0 0 1 0 0 0 1 1.31153 1.77603 -0.333569</i>
                        <i>1 0 0 0 1 0 0 0 1 1.30934 1.77804 -0.333506</i>
                        <i>1 0 0 0 1 0 0 0 1 1.30863 1.78175 -0.333485</i>
                        <i>1 0 0 0 1 0 0 0 1 1.30988 1.78651 -0.333522</i>
                        <i>1 0 0 0 1 0 0 0 1 1.31359 1.79163 -0.333629</i>
                        <i>1 0 0 0 1 0 0 0 1 1.32027 1.79746 -0.333378</i>
                        <i>1 0 0 0 1 0 0 0 1 1.32972 1.80448 -0.332378</i>
                        <i>1 0 0 0 1 0 0 0 1 1.34133 1.81227 -0.330704</i>
                        <i>1 0 0 0 1 0 0 0 1 1.35448 1.8204 -0.32843</i>
                        <i>1 0 0 0 1 0 0 0 1 1.36855 1.82846 -0.325629</i>
                        <i>1 0 0 0 1 0 0 0 1 1.38293 1.83601 -0.322377</i>
                        <i>1 0 0 0 1 0 0 0 1 1.39701 1.84264 -0.318748</i>
                        <i>1 0 0 0 1 0 0 0 1 1.41016 1.84791 -0.314815</i>
                        <i>1 0 0 0 1 0 0 0 1 1.42177 1.85141 -0.310654</i>
                        <i>1 0 0 0 1 0 0 0 1 1.43122 1.85271 -0.306337</i>
                        <i>1 0 0 0 1 0 0 0 1 1.4391 1.85152 -0.301975</i>
                        <i>1 0 0 0 1 0 0 0 1 1.44636 1.84814 -0.297687</i>
                        <i>1 0 0 0 1 0 0 0 1 1.45295 1.84299 -0.293563</i>
                        <i>1 0 0 0 1 0 0 0 1 1.45881 1.83648 -0.289695</i>
                        <i>1 0 0 0 1 0 0 0 1 1.46391 1.82905 -0.286173</i>
                        <i>1 0 0 0 1 0 0 0 1 1.46819 1.82111 -0.283088</i>
                        <i>1 0 0 0 1 0 0 0 1 1.47161 1.81309 -0.280531</i>
                        <i>1 0 0 0 1 0 0 0 1 1.47411 1.80541 -0.278592</i>
                        <i>1 0 0 0 1 0 0 0 1 1.47564 1.79849 -0.277362</i>
                        <i>1 0 0 0 1 0 0 0 1 1.47617 1.79276 -0.276932</i>
                        <i>1 0 0 0 1 0 0 0 1 1.47617 1.788 -0.276932</i>
                        <i>1 0 0 0 1 0 0 0 1 1.47617 1.78388 -0.276932</i>
                        <i>1 0 0 0 1 0 0 0 1 1.47617 1.78063 -0.276932</i>
                        <i>1 0 0 0 1 0 0 0 1 1.47617 1.77851 -0.276932</i>
                        <i>1 0 0 0 1 0 0 0 1 1.47617 1.77775 -0.276932</i>
                        <i>1 0 0 0 1 0 0 0 1 1.47617 1.77931 -0.276932</i>
                        <i>1 0 0 0 1 0 0 0 1 1.47617 1.78303 -0.276932</i>
                        <i>1 0 0 0 1 0 0 0 1 1.47617 1.78747 -0.276932</i>
                        <i>1 0 0 0 1 0 0 0 1 1.47617 1.7912 -0.276932</i>
                        <i>1 0 0 0 1 0 0 0 1 1.47617 1.79276 -0.276932</i>
                        <i>1 0 0 0 1 0 0 0 1 1.47617 1.79276 -0.276932</i>
                        <i>1 0 0 0 1 0 0 0 1 1.47617 1.79276 -0.276932</i>
                        <i>1 0 0 0 1 0 0 0 1 1.47617 1.79276 -0.276932</i>
                        <i>1 0 0 0 1 0 0 0 1 1.47617 1.79276 -0.276932</i>
                        <i>1 0 0 0 1 0 0 0 1 1.47617 1.79276 -0.276932</i>
                        <i>1 0 0 0 1 0 0 0 1 1.47617 1.79276 -0.276932</i>
                        <i>1 0 0 0 1 0 0 0 1 1.47617 1.79276 -0.276932</i>
                        <i>1 0 0 0 1 0 0 0 1 1.47617 1.79276 -0.276932</i>
                        <i>1 0 0 0 1 0 0 0 1 1.47617 1.79276 -0.276932</i>
                        <i>1 0 0 0 1 0 0 0 1 1.47617 1.79276 -0.276932</i>
                    </KeyFrames>
                </p>
            </i>
            <i>
                <p>
                    <Name><![CDATA[spine0]]></Name>
                    <Exclude>0</Exclude>
                    <Additive>0</Additive>
                    <IKPriority>0</IKPriority>
                    <IKRotLimits>-1e+010 -1e+010 -1e+010 1e+010 1e+010 1e+010</IKRotLimits>
                    <IKRotLimitOrder>0</IKRotLimitOrder>
                    <KeyFrames count="130">
                        <i>-0.311782 0.947735 0.0677528 -0.239408 -0.00935253 -0.970874 -0.919498 -0.318922 0.229811 1.49933 1.93288 -0.299849</i>
                        <i>-0.311516 0.947838 0.0675409 -0.239388 -0.00949438 -0.970878 -0.919593 -0.318612 0.229858 1.49933 1.93305 -0.299849</i>
                        <i>-0.310805 0.948111 0.0669743 -0.239333 -0.0098737 -0.970887 -0.919848 -0.317785 0.229983 1.49933 1.93348 -0.299849</i>
                        <i>-0.30978 0.948504 0.0661573 -0.239255 -0.0104207 -0.970901 -0.920214 -0.316594 0.230162 1.49933 1.93401 -0.299849</i>
                        <i>-0.308573 0.948964 0.0651938 -0.239162 -0.0110658 -0.970917 -0.920644 -0.31519 0.23037 1.49933 1.93452 -0.299849</i>
                        <i>-0.307312 0.949442 0.0641861 -0.239064 -0.0117406 -0.970933 -0.92109 -0.313724 0.230586 1.49933 1.93485 -0.299849</i>
                        <i>-0.306123 0.94989 0.0632343 -0.238972 -0.0123781 -0.970948 -0.92151 -0.312341 0.230787 1.49933 1.93487 -0.299849</i>
                        <i>-0.305127 0.950263 0.0624359 -0.238895 -0.0129129 -0.97096 -0.92186 -0.311181 0.230953 1.49933 1.93444 -0.299849</i>
                        <i>-0.304442 0.950518 0.0618868 -0.238842 -0.0132807 -0.970968 -0.922101 -0.310385 0.231067 1.49933 1.93342 -0.299849</i>
                        <i>-0.304188 0.950613 0.0616824 -0.238822 -0.0134176 -0.970971 -0.92219 -0.310088 0.231109 1.49933 1.93166 -0.299849</i>
                        <i>-0.30557 0.950168 0.0617136 -0.229688 -0.0106566 -0.973206 -0.924051 -0.311557 0.221498 1.49951 1.92678 -0.299337</i>
                        <i>-0.309379 0.948937 0.0616701 -0.204786 -0.0031549 -0.978802 -0.928626 -0.31545 0.195305 1.5 1.9185 -0.297936</i>
                        <i>-0.31511 0.94708 0.0612007 -0.167823 0.00786402 -0.985786 -0.934099 -0.320902 0.156464 1.50068 1.90981 -0.295845</i>
                        <i>-0.32221 0.944773 0.0598785 -0.122574 0.0210835 -0.992235 -0.938699 -0.327047 0.109011 1.50148 1.9037 -0.293266</i>
                        <i>-0.33005 0.942219 0.0573619 -0.0729687 0.0351194 -0.996716 -0.941139 -0.333151 0.0571614 1.50228 1.90316 -0.290412</i>
                        <i>-0.337971 0.939631 0.0535611 -0.0230894 0.0486147 -0.998551 -0.940873 -0.338717 0.00526524 1.50301 1.91105 -0.287512</i>
                        <i>-0.345384 0.937194 0.0487664 0.0228972 0.0603643 -0.997914 -0.938182 -0.343547 -0.0423079 1.50363 1.92535 -0.28481</i>
                        <i>-0.351897 0.935019 0.0436879 0.0608245 0.0694162 -0.995732 -0.93406 -0.347738 -0.0812994 1.5041 1.94175 -0.28256</i>
                        <i>-0.357375 0.93313 0.0393929 0.0865788 0.0750962 -0.993411 -0.929939 -0.35161 -0.107627 1.50439 1.95596 -0.281022</i>
                        <i>-0.361855 0.931493 0.0371711 0.0960918 0.0769299 -0.992395 -0.927269 -0.355531 -0.117346 1.5045 1.9637 -0.280454</i>
                        <i>-0.366112 0.92986 0.0363804 0.0961307 0.076677 -0.992411 -0.925592 -0.359836 -0.11746 1.5045 1.96575 -0.280454</i>
                        <i>-0.370804 0.928033 0.0354893 0.0961764 0.0763801 -0.992429 -0.923718 -0.364583 -0.117577 1.5045 1.96602 -0.280454</i>
                        <i>-0.375768 0.926071 0.0345248 0.0962278 0.0760454 -0.99245 -0.921704 -0.369608 -0.117689 1.5045 1.96489 -0.280454</i>
                        <i>-0.380831 0.924037 0.0335179 0.0962837 0.0756825 -0.992472 -0.919618 -0.374737 -0.117792 1.5045 1.96273 -0.280454</i>
                        <i>-0.385816 0.922003 0.0325043 0.0963418 0.0753041 -0.992496 -0.917532 -0.379789 -0.117881 1.5045 1.95992 -0.280454</i>
                        <i>-0.390536 0.920048 0.0315243 0.0963998 0.0749265 -0.992519 -0.915527 -0.384575 -0.117954 1.5045 1.95684 -0.280454</i>
                        <i>-0.394801 0.918256 0.0306216 0.0964547 0.0745692 -0.99254 -0.913689 -0.388903 -0.11801 1.5045 1.95387 -0.280454</i>
                        <i>-0.39842 0.916717 0.0298432 0.0965031 0.0742541 -0.992559 -0.912112 -0.392576 -0.11805 1.5045 1.95138 -0.280454</i>
                        <i>-0.401201 0.915523 0.0292374 0.0965415 0.0740045 -0.992574 -0.910888 -0.395399 -0.118077 1.5045 1.94976 -0.280454</i>
                        <i>-0.402951 0.914767 0.0288526 0.0965661 0.073844 -0.992584 -0.910113 -0.397176 -0.118091 1.5045 1.94938 -0.280454</i>
                        <i>-0.403379 0.914577 0.0288886 0.0965518 0.0739371 -0.992578 -0.909925 -0.397596 -0.118129 1.5045 1.95 -0.280454</i>
                        <i>-0.402517 0.914939 0.0294421 0.0964829 0.0743861 -0.992551 -0.910314 -0.396678 -0.118218 1.5045 1.95109 -0.280454</i>
                        <i>-0.400666 0.915719 0.030419 0.0963678 0.0751348 -0.992506 -0.911142 -0.394732 -0.11835 1.5045 1.95261 -0.280454</i>
                        <i>-0.398135 0.916778 0.0317267 0.096215 0.0761292 -0.992445 -0.912267 -0.392074 -0.118517 1.5045 1.95451 -0.280454</i>
                        <i>-0.395228 0.917981 0.03326 0.0960345 0.0773021 -0.992372 -0.913549 -0.389019 -0.11871 1.5045 1.95673 -0.280454</i>
                        <i>-0.392242 0.9192 0.0348919 0.0958403 0.0785634 -0.992292 -0.914856 -0.385874 -0.118912 1.5045 1.95923 -0.280454</i>
                        <i>-0.38946 0.920321 0.0364719 0.09565 0.079798 -0.992211 -0.916063 -0.382938 -0.119107 1.5045 1.96196 -0.280454</i>
                        <i>-0.387153 0.921239 0.0378287 0.0954849 0.080868 -0.992141 -0.917058 -0.380499 -0.119273 1.5045 1.96487 -0.280454</i>
                        <i>-0.385581 0.921859 0.038778 0.0953686 0.0816216 -0.99209 -0.917732 -0.378833 -0.119388 1.5045 1.96791 -0.280454</i>
                        <i>-0.384999 0.922087 0.039134 0.0953248 0.0819051 -0.992071 -0.917981 -0.378216 -0.119431 1.5045 1.97103 -0.280454</i>
                        <i>-0.385015 0.922067 0.0394488 0.0953589 0.0822602 -0.992038 -0.91797 -0.378188 -0.119599 1.50069 1.97564 -0.281799</i>
                        <i>-0.385424 0.92186 0.0402785 0.0954167 0.0832342 -0.991951 -0.917793 -0.378479 -0.120041 1.49032 1.98206 -0.285453</i>
                        <i>-0.386781 0.92124 0.041444 0.0954214 0.0846821 -0.991828 -0.917221 -0.379666 -0.120659 1.47493 1.98862 -0.290845</i>
                        <i>-0.389637 0.919975 0.0427649 0.0952922 0.0864576 -0.991688 -0.916025 -0.382323 -0.121354 1.45607 1.99368 -0.297404</i>
                        <i>-0.394515 0.917832 0.0440677 0.0949559 0.0884222 -0.991547 -0.91397 -0.386996 -0.122037 1.43529 1.99558 -0.304559</i>
                        <i>-0.40719 0.912238 0.0449299 0.0939543 0.0907681 -0.99143 -0.908498 -0.399479 -0.122669 1.41335 1.99339 -0.311762</i>
                        <i>-0.428531 0.902397 0.045181 0.0921648 0.0934023 -0.991353 -0.898814 -0.420662 -0.123195 1.39169 1.9883 -0.31844</i>
                        <i>-0.451744 0.891009 0.0450521 0.0901034 0.0958064 -0.991314 -0.887586 -0.443761 -0.123563 1.37296 1.98188 -0.323978</i>
                        <i>-0.470277 0.881381 0.0447911 0.0883823 0.0975351 -0.9913 -0.878082 -0.462227 -0.123767 1.35977 1.9757 -0.327755</i>
                        <i>-0.477838 0.877312 0.0446499 0.0876635 0.098198 -0.991298 -0.874063 -0.469766 -0.123831 1.35479 1.9714 -0.329152</i>
                        <i>-0.4777 0.877392 0.0445713 0.0876803 0.098096 -0.991307 -0.874137 -0.469639 -0.12379 1.35479 1.96865 -0.329152</i>
                        <i>-0.477327 0.877606 0.0443558 0.087726 0.0978176 -0.99133 -0.874336 -0.469297 -0.12368 1.35479 1.96605 -0.329152</i>
                        <i>-0.476788 0.877915 0.0440329 0.0877941 0.0974033 -0.991365 -0.874623 -0.468805 -0.123516 1.35479 1.96364 -0.329152</i>
                        <i>-0.476149 0.878282 0.0436323 0.0878777 0.096894 -0.991408 -0.874963 -0.468223 -0.123317 1.35479 1.96145 -0.329152</i>
                        <i>-0.475472 0.87867 0.0431859 0.08797 0.096332 -0.991454 -0.875321 -0.46761 -0.1231 1.35479 1.95951 -0.329152</i>
                        <i>-0.474815 0.879048 0.0427287 0.0880635 0.0957621 -0.991501 -0.875669 -0.467017 -0.122881 1.35479 1.95785 -0.329152</i>
                        <i>-0.474228 0.879385 0.0422993 0.0881506 0.0952314 -0.991544 -0.875978 -0.466489 -0.12268 1.35479 1.95651 -0.329152</i>
                        <i>-0.473756 0.879657 0.0419392 0.0882231 0.0947895 -0.99158 -0.876226 -0.466067 -0.122513 1.35479 1.9555 -0.329152</i>
                        <i>-0.473441 0.879838 0.0416914 0.0882727 0.094487 -0.991605 -0.876391 -0.465786 -0.1224 1.35479 1.95488 -0.329152</i>
                        <i>-0.473326 0.879904 0.0415994 0.088291 0.0943751 -0.991614 -0.876451 -0.465684 -0.122358 1.35479 1.95467 -0.329152</i>
                        <i>-0.473221 0.879956 0.0416937 0.0882775 0.0944576 -0.991607 -0.876509 -0.465569 -0.12238 1.35479 1.95489 -0.329152</i>
                        <i>-0.472943 0.880094 0.0419527 0.0882401 0.0946858 -0.991589 -0.876663 -0.465263 -0.122441 1.35479 1.95552 -0.329152</i>
                        <i>-0.472547 0.880288 0.0423399 0.0881837 0.0950297 -0.991561 -0.876882 -0.464826 -0.122533 1.35479 1.9565 -0.329152</i>
                        <i>-0.472091 0.88051 0.0428181 0.0881132 0.0954592 -0.991526 -0.877135 -0.464317 -0.12265 1.35479 1.95775 -0.329152</i>
                        <i>-0.47163 0.88073 0.043351 0.0880336 0.0959445 -0.991486 -0.877391 -0.463798 -0.122784 1.35479 1.95921 -0.329152</i>
                        <i>-0.471219 0.880923 0.0439032 0.0879495 0.0964569 -0.991444 -0.87762 -0.463326 -0.122929 1.35479 1.96083 -0.329152</i>
                        <i>-0.470913 0.88106 0.0444409 0.0878654 0.0969692 -0.991401 -0.877793 -0.462959 -0.123079 1.35479 1.96252 -0.329152</i>
                        <i>-0.470761 0.881116 0.0449321 0.0877854 0.0974559 -0.991361 -0.877883 -0.46275 -0.123228 1.35479 1.96424 -0.329152</i>
                        <i>-0.470811 0.881068 0.0453469 0.0877137 0.0978927 -0.991324 -0.877863 -0.462749 -0.123371 1.35479 1.96591 -0.329152</i>
                        <i>-0.471109 0.880893 0.0456568 0.0876538 0.0982569 -0.991293 -0.877709 -0.463005 -0.123503 1.35479 1.96748 -0.329152</i>
                        <i>-0.471698 0.880568 0.0458341 0.0876095 0.0985264 -0.99127 -0.877397 -0.463565 -0.123621 1.35479 1.96887 -0.329152</i>
                        <i>-0.47262 0.880073 0.0458517 0.0875844 0.0986793 -0.991257 -0.876903 -0.464472 -0.123718 1.35479 1.97002 -0.329152</i>
                        <i>-0.473919 0.879383 0.0456813 0.0875822 0.0986928 -0.991256 -0.876202 -0.465775 -0.123791 1.35479 1.97087 -0.329152</i>
                        <i>-0.475642 0.878472 0.0452922 0.087607 0.0985418 -0.991269 -0.875266 -0.467521 -0.123831 1.35479 1.97135 -0.329152</i>
                        <i>-0.477838 0.877312 0.0446499 0.0876635 0.098198 -0.991298 -0.874063 -0.469766 -0.123831 1.35479 1.9714 -0.329152</i>
                        <i>-0.483461 0.874446 0.0401202 0.0977942 0.0995001 -0.99022 -0.869886 -0.474809 -0.13362 1.35474 1.96999 -0.328491</i>
                        <i>-0.493097 0.869464 0.0297945 0.121859 0.102938 -0.987195 -0.861398 -0.483152 -0.15671 1.3546 1.96657 -0.326919</i>
                        <i>-0.50315 0.864039 0.0166162 0.150567 0.10658 -0.982838 -0.850981 -0.492013 -0.183722 1.35441 1.96177 -0.325053</i>
                        <i>-0.510306 0.85998 0.00466642 0.174642 0.108941 -0.978587 -0.842074 -0.498563 -0.205782 1.35424 1.95624 -0.323498</i>
                        <i>-0.511947 0.859016 -0.00102523 0.184864 0.109008 -0.9767 -0.838889 -0.500208 -0.214607 1.35416 1.95068 -0.322848</i>
                        <i>-0.507401 0.86171 -1.68286e-006 0.184888 0.108866 -0.976711 -0.841642 -0.495584 -0.214558 1.35328 1.94408 -0.322822</i>
                        <i>-0.498599 0.866824 0.00387543 0.184603 0.11055 -0.976576 -0.846948 -0.486205 -0.215139 1.35097 1.93601 -0.322755</i>
                        <i>-0.487183 0.873251 0.00926156 0.18417 0.113103 -0.976365 -0.853659 -0.473963 -0.215928 1.34772 1.92792 -0.322661</i>
                        <i>-0.474799 0.879972 0.0146989 0.183769 0.11546 -0.976165 -0.860695 -0.460781 -0.216532 1.344 1.92127 -0.322553</i>
                        <i>-0.46308 0.886121 0.0186308 0.183597 0.116468 -0.976077 -0.867092 -0.448581 -0.216623 1.34031 1.91753 -0.322445</i>
                        <i>-0.447674 0.893949 0.0210323 0.183842 0.115032 -0.976202 -0.875094 -0.433154 -0.215842 1.33713 1.91715 -0.322353</i>
                        <i>-0.426632 0.904136 0.022873 0.184405 0.111718 -0.97648 -0.885427 -0.41238 -0.21439 1.33494 1.91916 -0.322289</i>
                        <i>-0.405134 0.913939 0.0241097 0.185067 0.107805 -0.976795 -0.89533 -0.391271 -0.212816 1.33422 1.92287 -0.322269</i>
                        <i>-0.388373 0.921169 0.0247695 0.185619 0.104531 -0.977046 -0.902614 -0.374861 -0.211583 1.33548 1.92763 -0.322305</i>
                        <i>-0.381608 0.923987 0.0249608 0.18585 0.103153 -0.977148 -0.905447 -0.368249 -0.211087 1.33918 1.93275 -0.322413</i>
                        <i>-0.378086 0.925408 0.0259177 0.183123 0.102201 -0.977763 -0.907478 -0.364933 -0.208104 1.34629 1.93853 -0.32253</i>
                        <i>-0.368375 0.929242 0.0284341 0.175236 0.0994398 -0.979492 -0.913013 -0.355838 -0.199468 1.35691 1.9454 -0.322572</i>
                        <i>-0.353735 0.934804 0.0318236 0.162606 0.0949652 -0.98211 -0.921103 -0.342232 -0.185598 1.37023 1.95296 -0.322533</i>
                        <i>-0.335498 0.941378 0.0353381 0.145636 0.0888915 -0.985337 -0.930715 -0.325433 -0.166921 1.38543 1.96076 -0.32241</i>
                        <i>-0.315123 0.948276 0.0383338 0.124741 0.0814264 -0.988842 -0.940817 -0.306825 -0.143948 1.40171 1.9684 -0.322192</i>
                        <i>-0.294147 0.954906 0.0403874 0.100382 0.0728893 -0.992275 -0.950474 -0.287821 -0.117295 1.41824 1.97547 -0.321848</i>
                        <i>-0.27409 0.960815 0.0413284 0.0730883 0.0636611 -0.995292 -0.958923 -0.269779 -0.0876732 1.43423 1.98157 -0.321323</i>
                        <i>-0.256363 0.965702 0.0412007 0.043469 0.0541008 -0.997589 -0.965603 -0.253954 -0.0558475 1.44891 1.98633 -0.320535</i>
                        <i>-0.242239 0.969383 0.0402184 0.0121952 0.0444919 -0.998935 -0.97014 -0.241491 -0.0225995 1.46151 1.98939 -0.319375</i>
                        <i>-0.232881 0.971731 0.0387888 -0.0200367 0.0350827 -0.999184 -0.972299 -0.233468 0.0113002 1.47131 1.9904 -0.317713</i>
                        <i>-0.230524 0.972322 0.0380607 -0.0525456 0.0266183 -0.998264 -0.971647 -0.232124 0.0449551 1.47869 1.98915 -0.315704</i>
                        <i>-0.235445 0.971101 0.0390902 -0.0846072 0.0195882 -0.996222 -0.968198 -0.237863 0.0775502 1.48464 1.9859 -0.313592</i>
                        <i>-0.245846 0.968391 0.042162 -0.1155 0.0139204 -0.99321 -0.962403 -0.249047 0.108427 1.48931 1.98103 -0.311384</i>
                        <i>-0.259999 0.964451 0.0472808 -0.144532 0.00954339 -0.989454 -0.954731 -0.26409 0.136912 1.49286 1.9749 -0.309119</i>
                        <i>-0.276261 0.959555 0.0541649 -0.171023 0.0063767 -0.985246 -0.945744 -0.281449 0.162344 1.49545 1.96788 -0.306865</i>
                        <i>-0.293096 0.954054 0.062261 -0.194298 0.00432461 -0.980933 -0.936132 -0.299605 0.184103 1.49723 1.96034 -0.304718</i>
                        <i>-0.309073 0.948401 0.0707828 -0.213677 0.00327504 -0.976899 -0.926723 -0.317057 0.201639 1.49836 1.95267 -0.302801</i>
                        <i>-0.322856 0.943164 0.0787717 -0.228467 0.00310229 -0.973547 -0.918459 -0.332312 0.21448 1.49899 1.94528 -0.301253</i>
                        <i>-0.333173 0.93901 0.0851783 -0.23796 0.0036732 -0.971268 -0.912344 -0.343869 0.222223 1.49927 1.93855 -0.300222</i>
                        <i>-0.33875 0.936661 0.0889622 -0.241424 0.00485457 -0.970408 -0.909375 -0.350203 0.224488 1.49933 1.93288 -0.299849</i>
                        <i>-0.342346 0.935083 0.091757 -0.241687 0.00673095 -0.970331 -0.907957 -0.354366 0.223693 1.49933 1.92812 -0.299849</i>
                        <i>-0.346779 0.933104 0.0951925 -0.242009 0.00903992 -0.970232 -0.906188 -0.359494 0.222684 1.49933 1.924 -0.299849</i>
                        <i>-0.350761 0.931294 0.0982703 -0.242296 0.0111109 -0.970139 -0.904577 -0.364098 0.221752 1.49933 1.92076 -0.299849</i>
                        <i>-0.352951 0.930287 0.0999594 -0.242454 0.0122487 -0.970086 -0.903682 -0.366628 0.221229 1.49933 1.91863 -0.299849</i>
                        <i>-0.351998 0.930727 0.0992242 -0.242385 0.0117534 -0.970109 -0.904072 -0.365527 0.221457 1.49933 1.91787 -0.299849</i>
                        <i>-0.345671 0.933602 0.0943342 -0.241928 0.00846283 -0.970257 -0.906632 -0.358212 0.22294 1.49933 1.91943 -0.299849</i>
                        <i>-0.335105 0.938237 0.086122 -0.241157 0.00294925 -0.970482 -0.910795 -0.345982 0.225274 1.49933 1.92315 -0.299849</i>
                        <i>-0.323907 0.942922 0.0773486 -0.240326 -0.00292908 -0.970688 -0.915056 -0.333001 0.227557 1.49933 1.9276 -0.299849</i>
                        <i>-0.31524 0.94639 0.0705009 -0.239672 -0.00751297 -0.970825 -0.918249 -0.32294 0.229191 1.49933 1.93132 -0.299849</i>
                        <i>-0.311782 0.947735 0.0677528 -0.239408 -0.00935253 -0.970874 -0.919498 -0.318922 0.229811 1.49933 1.93288 -0.299849</i>
                        <i>-0.311782 0.947735 0.0677528 -0.239408 -0.00935253 -0.970874 -0.919498 -0.318922 0.229811 1.49933 1.93288 -0.299849</i>
                        <i>-0.311782 0.947735 0.0677528 -0.239408 -0.00935253 -0.970874 -0.919498 -0.318922 0.229811 1.49933 1.93288 -0.299849</i>
                        <i>-0.311782 0.947735 0.0677528 -0.239408 -0.00935253 -0.970874 -0.919498 -0.318922 0.229811 1.49933 1.93288 -0.299849</i>
                        <i>-0.311782 0.947735 0.0677528 -0.239408 -0.00935253 -0.970874 -0.919498 -0.318922 0.229811 1.49933 1.93288 -0.299849</i>
                        <i>-0.311782 0.947735 0.0677528 -0.239408 -0.00935253 -0.970874 -0.919498 -0.318922 0.229811 1.49933 1.93288 -0.299849</i>
                        <i>-0.311782 0.947735 0.0677528 -0.239408 -0.00935253 -0.970874 -0.919498 -0.318922 0.229811 1.49933 1.93288 -0.299849</i>
                        <i>-0.311782 0.947735 0.0677528 -0.239408 -0.00935253 -0.970874 -0.919498 -0.318922 0.229811 1.49933 1.93288 -0.299849</i>
                        <i>-0.311782 0.947735 0.0677528 -0.239408 -0.00935253 -0.970874 -0.919498 -0.318922 0.229811 1.49933 1.93288 -0.299849</i>
                        <i>-0.311782 0.947735 0.0677528 -0.239408 -0.00935253 -0.970874 -0.919498 -0.318922 0.229811 1.49933 1.93288 -0.299849</i>
                        <i>-0.311782 0.947735 0.0677528 -0.239408 -0.00935253 -0.970874 -0.919498 -0.318922 0.229811 1.49933 1.93288 -0.299849</i>
                    </KeyFrames>
                </p>
            </i>
            <i>
                <p>
                    <Name><![CDATA[spine1]]></Name>
                    <Exclude>0</Exclude>
                    <Additive>0</Additive>
                    <IKPriority>0</IKPriority>
                    <IKRotLimits>-1e+010 -1e+010 -1e+010 1e+010 1e+010 1e+010</IKRotLimits>
                    <IKRotLimitOrder>0</IKRotLimitOrder>
                    <KeyFrames count="130">
                        <i>-0.659467 0.670793 0.339323 -0.441277 0.0199986 -0.897148 -0.608586 -0.741375 0.282817 1.44373 2.102 -0.287769</i>
                        <i>-0.659372 0.670928 0.339239 -0.441295 0.0199233 -0.897141 -0.608676 -0.741255 0.282941 1.44377 2.10222 -0.287806</i>
                        <i>-0.659118 0.671293 0.339014 -0.441343 0.0197221 -0.897122 -0.608917 -0.74093 0.283271 1.44388 2.10275 -0.287903</i>
                        <i>-0.658747 0.671822 0.338686 -0.441411 0.0194327 -0.897095 -0.60927 -0.740458 0.283748 1.44404 2.10344 -0.288043</i>
                        <i>-0.658304 0.672453 0.338294 -0.441488 0.0190924 -0.897064 -0.609693 -0.739893 0.284311 1.44422 2.10412 -0.288208</i>
                        <i>-0.657834 0.673121 0.337879 -0.441565 0.0187376 -0.897034 -0.610144 -0.739295 0.2849 1.44441 2.10465 -0.288381</i>
                        <i>-0.657384 0.67376 0.337482 -0.441635 0.0184036 -0.897006 -0.610578 -0.738721 0.285457 1.44459 2.10485 -0.288545</i>
                        <i>-0.657002 0.674301 0.337144 -0.441691 0.0181242 -0.896984 -0.610948 -0.738234 0.285925 1.44474 2.10458 -0.288682</i>
                        <i>-0.656737 0.674677 0.33691 -0.441728 0.0179324 -0.89697 -0.611206 -0.737895 0.286247 1.44485 2.10366 -0.288776</i>
                        <i>-0.656637 0.674818 0.336822 -0.441742 0.0178611 -0.896964 -0.611303 -0.737769 0.286367 1.44489 2.10194 -0.288811</i>
                        <i>-0.662035 0.673101 0.329614 -0.427791 0.0217385 -0.903616 -0.61539 -0.739231 0.273555 1.44484 2.09694 -0.288296</i>
                        <i>-0.675991 0.668741 0.30955 -0.389365 0.0325034 -0.92051 -0.625645 -0.742784 0.238412 1.44468 2.0883 -0.286911</i>
                        <i>-0.694641 0.663159 0.278736 -0.331361 0.0489433 -0.942234 -0.638493 -0.746877 0.185747 1.44442 2.07906 -0.284917</i>
