<?xml version="1.0" encoding="ISO-8859-1" ?>
<Animl Version="1">
    <ModellingPackage><![CDATA[Maya.2010]]></ModellingPackage>
    <SrcFile><![CDATA[anims\turrets\antitank\red\~src\at_at4spigot\at_at4spigot_aim_high_crewman_b.mb]]></SrcFile>
    <FramesPerSecond>30</FramesPerSecond>
    <TotalFrames>30</TotalFrames>
    <Skeleton>
        <RefFrame>
            <Name><![CDATA[soldier_ref_frame]]></Name>
            <Exclude>0</Exclude>
            <Additive>0</Additive>
            <IKPriority>0</IKPriority>
            <IKRotLimits>-1e+010 -1e+010 -1e+010 1e+010 1e+010 1e+010</IKRotLimits>
            <IKRotLimitOrder>0</IKRotLimitOrder>
            <KeyFrames count="30">
                <i>1 0 0 0 1 0 0 0 1 0.76 0.92 -2.22</i>
                <i>1 0 0 0 1 0 0 0 1 0.76 0.92 -2.22</i>
                <i>1 0 0 0 1 0 0 0 1 0.76 0.92 -2.22</i>
                <i>1 0 0 0 1 0 0 0 1 0.76 0.92 -2.22</i>
                <i>1 0 0 0 1 0 0 0 1 0.76 0.92 -2.22</i>
                <i>1 0 0 0 1 0 0 0 1 0.76 0.92 -2.22</i>
                <i>1 0 0 0 1 0 0 0 1 0.76 0.92 -2.22</i>
                <i>1 0 0 0 1 0 0 0 1 0.76 0.92 -2.22</i>
                <i>1 0 0 0 1 0 0 0 1 0.76 0.92 -2.22</i>
                <i>1 0 0 0 1 0 0 0 1 0.76 0.92 -2.22</i>
                <i>1 0 0 0 1 0 0 0 1 0.76 0.92 -2.22</i>
                <i>1 0 0 0 1 0 0 0 1 0.76 0.92 -2.22</i>
                <i>1 0 0 0 1 0 0 0 1 0.76 0.92 -2.22</i>
                <i>1 0 0 0 1 0 0 0 1 0.76 0.92 -2.22</i>
                <i>1 0 0 0 1 0 0 0 1 0.76 0.92 -2.22</i>
                <i>1 0 0 0 1 0 0 0 1 0.76 0.92 -2.22</i>
                <i>1 0 0 0 1 0 0 0 1 0.76 0.92 -2.22</i>
                <i>1 0 0 0 1 0 0 0 1 0.76 0.92 -2.22</i>
                <i>1 0 0 0 1 0 0 0 1 0.76 0.92 -2.22</i>
                <i>1 0 0 0 1 0 0 0 1 0.76 0.92 -2.22</i>
                <i>1 0 0 0 1 0 0 0 1 0.76 0.92 -2.22</i>
                <i>1 0 0 0 1 0 0 0 1 0.76 0.92 -2.22</i>
                <i>1 0 0 0 1 0 0 0 1 0.76 0.92 -2.22</i>
                <i>1 0 0 0 1 0 0 0 1 0.76 0.92 -2.22</i>
                <i>1 0 0 0 1 0 0 0 1 0.76 0.92 -2.22</i>
                <i>1 0 0 0 1 0 0 0 1 0.76 0.92 -2.22</i>
                <i>1 0 0 0 1 0 0 0 1 0.76 0.92 -2.22</i>
                <i>1 0 0 0 1 0 0 0 1 0.76 0.92 -2.22</i>
                <i>1 0 0 0 1 0 0 0 1 0.76 0.92 -2.22</i>
                <i>1 0 0 0 1 0 0 0 1 0.76 0.92 -2.22</i>
            </KeyFrames>
        </RefFrame>
        <Bones count="23">
            <i>
                <p>
                    <Name><![CDATA[pelvis]]></Name>
                    <Exclude>0</Exclude>
                    <Additive>0</Additive>
                    <IKPriority>0</IKPriority>
                    <IKRotLimits>-1e+010 -1e+010 -1e+010 1e+010 1e+010 1e+010</IKRotLimits>
                    <IKRotLimitOrder>2</IKRotLimitOrder>
                    <KeyFrames count="30">
                        <i>1 0 0 0 1 0 0 0 1 0.760021 1.45068 -2.21572</i>
                        <i>1 0 0 0 1 0 0 0 1 0.760021 1.45068 -2.21572</i>
                        <i>1 0 0 0 1 0 0 0 1 0.760021 1.45068 -2.21572</i>
                        <i>1 0 0 0 1 0 0 0 1 0.760021 1.45068 -2.21572</i>
                        <i>1 0 0 0 1 0 0 0 1 0.760021 1.45068 -2.21572</i>
                        <i>1 0 0 0 1 0 0 0 1 0.760021 1.45068 -2.21572</i>
                        <i>1 0 0 0 1 0 0 0 1 0.760021 1.45068 -2.21572</i>
                        <i>1 0 0 0 1 0 0 0 1 0.760021 1.45068 -2.21572</i>
                        <i>1 0 0 0 1 0 0 0 1 0.760021 1.45068 -2.21572</i>
                        <i>1 0 0 0 1 0 0 0 1 0.760021 1.45068 -2.21572</i>
                        <i>1 0 0 0 1 0 0 0 1 0.760021 1.45068 -2.21572</i>
                        <i>1 0 0 0 1 0 0 0 1 0.760021 1.45068 -2.21572</i>
                        <i>1 0 0 0 1 0 0 0 1 0.760021 1.45068 -2.21572</i>
                        <i>1 0 0 0 1 0 0 0 1 0.760021 1.45068 -2.21572</i>
                        <i>1 0 0 0 1 0 0 0 1 0.760021 1.45068 -2.21572</i>
                        <i>1 0 0 0 1 0 0 0 1 0.760021 1.45068 -2.21572</i>
                        <i>1 0 0 0 1 0 0 0 1 0.760021 1.45068 -2.21572</i>
                        <i>1 0 0 0 1 0 0 0 1 0.760021 1.45068 -2.21572</i>
                        <i>1 0 0 0 1 0 0 0 1 0.760021 1.45068 -2.21572</i>
                        <i>1 0 0 0 1 0 0 0 1 0.760021 1.45068 -2.21572</i>
                        <i>1 0 0 0 1 0 0 0 1 0.760021 1.45068 -2.21572</i>
                        <i>1 0 0 0 1 0 0 0 1 0.760021 1.45068 -2.21572</i>
                        <i>1 0 0 0 1 0 0 0 1 0.760021 1.45068 -2.21572</i>
                        <i>1 0 0 0 1 0 0 0 1 0.760021 1.45068 -2.21572</i>
                        <i>1 0 0 0 1 0 0 0 1 0.760021 1.45068 -2.21572</i>
                        <i>1 0 0 0 1 0 0 0 1 0.760021 1.45068 -2.21572</i>
                        <i>1 0 0 0 1 0 0 0 1 0.760021 1.45068 -2.21572</i>
                        <i>1 0 0 0 1 0 0 0 1 0.760021 1.45068 -2.21572</i>
                        <i>1 0 0 0 1 0 0 0 1 0.760021 1.45068 -2.21572</i>
                        <i>1 0 0 0 1 0 0 0 1 0.760021 1.45068 -2.21572</i>
                    </KeyFrames>
                </p>
            </i>
            <i>
                <p>
                    <Name><![CDATA[spine0]]></Name>
                    <Exclude>0</Exclude>
                    <Additive>0</Additive>
                    <IKPriority>0</IKPriority>
                    <IKRotLimits>-1e+010 -1e+010 -1e+010 1e+010 1e+010 1e+010</IKRotLimits>
                    <IKRotLimitOrder>0</IKRotLimitOrder>
                    <KeyFrames count="30">
                        <i>-0.126341 0.990349 0.0569814 -0.783813 -0.0644553 -0.617643 -0.608009 -0.122696 0.784392 0.780539 1.58616 -2.25953</i>
                        <i>-0.123256 0.991109 0.0501127 -0.783719 -0.0662389 -0.617574 -0.608763 -0.115394 0.784915 0.780617 1.58608 -2.25975</i>
                        <i>-0.120856 0.991686 0.0441852 -0.783631 -0.0679875 -0.617495 -0.609357 -0.109253 0.785333 0.780828 1.58586 -2.26033</i>
                        <i>-0.119277 0.99207 0.0396289 -0.783552 -0.0695432 -0.617422 -0.60977 -0.104695 0.785633 0.781137 1.58553 -2.26117</i>
                        <i>-0.118655 0.99225 0.0368806 -0.783478 -0.0707426 -0.617379 -0.609986 -0.10215 0.785801 0.781511 1.58512 -2.2622</i>
                        <i>-0.118946 0.992251 0.0359192 -0.783402 -0.0715613 -0.617382 -0.610027 -0.101574 0.785843 0.781915 1.58467 -2.2633</i>
                        <i>-0.119968 0.992111 0.0363795 -0.783315 -0.0720797 -0.617432 -0.609939 -0.102569 0.785782 0.782314 1.58421 -2.26439</i>
                        <i>-0.121647 0.991838 0.0381893 -0.783223 -0.0722839 -0.617525 -0.609725 -0.105031 0.785624 0.782674 1.58378 -2.26537</i>
                        <i>-0.1239 0.991436 0.0412638 -0.783141 -0.0721631 -0.617643 -0.609376 -0.108842 0.785375 0.78296 1.58344 -2.26617</i>
                        <i>-0.126331 0.990963 0.0450771 -0.783088 -0.0717297 -0.61776 -0.608944 -0.113342 0.785074 0.783138 1.58321 -2.26668</i>
                        <i>-0.12862 0.990476 0.0491391 -0.783072 -0.071034 -0.617862 -0.608486 -0.117949 0.78475 0.78322 1.5831 -2.26693</i>
                        <i>-0.130875 0.989954 0.0535061 -0.78308 -0.0701258 -0.617955 -0.607994 -0.122774 0.784391 0.783246 1.58306 -2.26702</i>
                        <i>-0.133083 0.9894 0.0581124 -0.783114 -0.0690355 -0.618035 -0.607472 -0.127759 0.784 0.783222 1.58308 -2.26698</i>
                        <i>-0.135232 0.988816 0.0628937 -0.78317 -0.0677933 -0.618101 -0.606924 -0.132844 0.783579 0.783153 1.58316 -2.26681</i>
                        <i>-0.137311 0.988206 0.0677863 -0.783247 -0.0664297 -0.618152 -0.606358 -0.137973 0.783131 0.783045 1.58328 -2.26652</i>
                        <i>-0.139309 0.987575 0.0727262 -0.78334 -0.0649754 -0.618188 -0.605781 -0.143089 0.782659 0.782903 1.58345 -2.26615</i>
                        <i>-0.141215 0.986929 0.0776486 -0.783447 -0.0634612 -0.618209 -0.605201 -0.148134 0.782169 0.782734 1.58366 -2.26569</i>
                        <i>-0.143018 0.986277 0.0824879 -0.783563 -0.0619181 -0.618219 -0.604628 -0.153051 0.781666 0.782542 1.58388 -2.26516</i>
                        <i>-0.144706 0.985627 0.0871771 -0.783684 -0.0603772 -0.618218 -0.604069 -0.157779 0.781157 0.782334 1.58413 -2.26459</i>
                        <i>-0.146266 0.984991 0.0916481 -0.783806 -0.0588701 -0.618209 -0.603535 -0.162257 0.780652 0.782115 1.58439 -2.26398</i>
                        <i>-0.147417 0.98449 0.0951171 -0.783917 -0.0576572 -0.618182 -0.60311 -0.165694 0.780259 0.78189 1.58465 -2.26336</i>
                        <i>-0.147651 0.984317 0.0965386 -0.784007 -0.0569797 -0.618131 -0.602936 -0.166955 0.780124 0.781666 1.58491 -2.26273</i>
                        <i>-0.146831 0.984514 0.0957765 -0.78407 -0.0568094 -0.618067 -0.603054 -0.165847 0.780269 0.781447 1.58516 -2.26211</i>
                        <i>-0.145136 0.985016 0.093166 -0.784105 -0.0570807 -0.617997 -0.603419 -0.162745 0.78064 0.781239 1.58539 -2.26153</i>
                        <i>-0.142742 0.985747 0.0890413 -0.784112 -0.0577274 -0.617929 -0.603981 -0.158023 0.781176 0.781048 1.5856 -2.26099</i>
                        <i>-0.139825 0.98663 0.0837323 -0.784091 -0.0586849 -0.617866 -0.60469 -0.152047 0.781813 0.780879 1.58579 -2.26051</i>
                        <i>-0.136557 0.987591 0.0775617 -0.784046 -0.059892 -0.617807 -0.605495 -0.145178 0.782495 0.780739 1.58594 -2.26011</i>
                        <i>-0.133108 0.988566 0.0708438 -0.78398 -0.0612911 -0.617752 -0.606347 -0.137768 0.783175 0.780631 1.58606 -2.2598</i>
                        <i>-0.129647 0.9895 0.0638843 -0.783901 -0.0628288 -0.617699 -0.607199 -0.130162 0.783816 0.780563 1.58613 -2.2596</i>
                        <i>-0.126341 0.990349 0.0569814 -0.783813 -0.0644553 -0.617643 -0.608009 -0.122696 0.784392 0.780539 1.58616 -2.25953</i>
                    </KeyFrames>
                </p>
            </i>
            <i>
                <p>
                    <Name><![CDATA[spine1]]></Name>
                    <Exclude>0</Exclude>
                    <Additive>0</Additive>
                    <IKPriority>0</IKPriority>
                    <IKRotLimits>-1e+010 -1e+010 -1e+010 1e+010 1e+010 1e+010</IKRotLimits>
                    <IKRotLimitOrder>0</IKRotLimitOrder>
                    <KeyFrames count="30">
                        <i>-0.297428 0.869786 0.393711 -0.862928 -0.0684537 -0.500669 -0.408524 -0.488657 0.770923 0.758095 1.76227 -2.24943</i>
                        <i>-0.293304 0.874041 0.387331 -0.863012 -0.0677538 -0.500619 -0.411319 -0.481105 0.77418 0.758681 1.76267 -2.25085</i>
                        <i>-0.290577 0.876132 0.384652 -0.863291 -0.0666766 -0.500284 -0.412667 -0.477438 0.775731 0.75926 1.76305 -2.25247</i>
                        <i>-0.289287 0.87624 0.385378 -0.863709 -0.065362 -0.499735 -0.412699 -0.477421 0.775724 0.759782 1.76339 -2.25411</i>
                        <i>-0.289437 0.874509 0.38918 -0.864218 -0.0639454 -0.499038 -0.411527 -0.480776 0.774274 0.760196 1.76363 -2.2556</i>
                        <i>-0.290908 0.871196 0.395461 -0.864759 -0.0625785 -0.498272 -0.409346 -0.486931 0.77158 0.760478 1.76378 -2.25686</i>
                        <i>-0.293501 0.866656 0.403442 -0.865266 -0.061419 -0.497537 -0.406414 -0.495112 0.767914 0.760626 1.76386 -2.25785</i>
                        <i>-0.297072 0.861147 0.412522 -0.865683 -0.0605968 -0.496912 -0.402917 -0.504732 0.763481 0.760622 1.7639 -2.25849</i>
                        <i>-0.301492 0.854928 0.422139 -0.865957 -0.0602357 -0.496477 -0.399024 -0.515238 0.758492 0.760448 1.7639 -2.25871</i>
                        <i>-0.305833 0.849078 0.430735 -0.866112 -0.0602438 -0.496207 -0.395369 -0.524821 0.753821 0.760151 1.76385 -2.25851</i>
                        <i>-0.309433 0.844287 0.437528 -0.866207 -0.0604186 -0.496019 -0.392348 -0.532474 0.750023 0.759804 1.76373 -2.25802</i>
                        <i>-0.312694 0.840039 0.443348 -0.86625 -0.0607245 -0.495907 -0.389659 -0.539118 0.746671 0.759422 1.76358 -2.25732</i>
                        <i>-0.315644 0.836311 0.448277 -0.866242 -0.0611464 -0.495869 -0.387291 -0.544835 0.743748 0.759011 1.76337 -2.25644</i>
                        <i>-0.318312 0.833081 0.452387 -0.866185 -0.0616701 -0.495904 -0.385229 -0.549703 0.741232 0.758579 1.76313 -2.25541</i>
                        <i>-0.320721 0.830321 0.455748 -0.86608 -0.0622822 -0.49601 -0.383463 -0.553795 0.739099 0.758132 1.76286 -2.25426</i>
                        <i>-0.322892 0.828003 0.458424 -0.86593 -0.0629696 -0.496185 -0.381976 -0.557177 0.737325 0.757676 1.76256 -2.253</i>
                        <i>-0.324846 0.826096 0.460478 -0.865738 -0.0637197 -0.496425 -0.380754 -0.559915 0.735882 0.757217 1.76224 -2.25168</i>
                        <i>-0.326599 0.82457 0.461971 -0.865507 -0.0645201 -0.496725 -0.379778 -0.562069 0.734743 0.756763 1.7619 -2.25032</i>
                        <i>-0.328167 0.823389 0.462965 -0.865242 -0.0653586 -0.497076 -0.379028 -0.563701 0.733879 0.756318 1.76156 -2.24894</i>
                        <i>-0.329564 0.822519 0.463519 -0.86495 -0.0662226 -0.49747 -0.378484 -0.564869 0.733262 0.755888 1.76121 -2.24757</i>
                        <i>-0.330708 0.822113 0.463425 -0.864633 -0.0671483 -0.497897 -0.378209 -0.565351 0.733032 0.755523 1.76093 -2.24636</i>
                        <i>-0.330813 0.823191 0.461431 -0.864316 -0.068006 -0.49833 -0.378841 -0.563677 0.733994 0.755314 1.76076 -2.24552</i>
                        <i>-0.32934 0.826351 0.456814 -0.864025 -0.0686426 -0.498748 -0.380784 -0.558957 0.736594 0.755292 1.7607 -2.24507</i>
                        <i>-0.326543 0.831151 0.450064 -0.863765 -0.0690766 -0.499137 -0.38377 -0.55174 0.740476 0.755428 1.76073 -2.24497</i>
                        <i>-0.322682 0.837138 0.441674 -0.863539 -0.0693258 -0.499493 -0.387525 -0.542581 0.745272 0.755694 1.76086 -2.24519</i>
                        <i>-0.318025 0.843862 0.432154 -0.863348 -0.069408 -0.499812 -0.391778 -0.532052 0.75062 0.756065 1.76105 -2.24566</i>
                        <i>-0.312859 0.850886 0.422033 -0.863191 -0.0693416 -0.500093 -0.396257 -0.520754 0.756172 0.756515 1.7613 -2.24636</i>
                        <i>-0.307488 0.857799 0.411865 -0.863068 -0.0691462 -0.500332 -0.400705 -0.509313 0.7616 0.757019 1.76159 -2.24725</i>
                        <i>-0.302232 0.864217 0.402226 -0.86298 -0.0688428 -0.500526 -0.404873 -0.498388 0.766608 0.757554 1.76192 -2.24828</i>
                        <i>-0.297428 0.869786 0.393711 -0.862928 -0.0684537 -0.500669 -0.408524 -0.488657 0.770923 0.758095 1.76227 -2.24943</i>
                    </KeyFrames>
                </p>
            </i>
            <i>
                <p>
                    <Name><![CDATA[spine2]]></Name>
                    <Exclude>0</Exclude>
                    <Additive>0</Additive>
                    <IKPriority>0</IKPriority>
                    <IKRotLimits>-1e+010 -1e+010 -1e+010 1e+010 1e+010 1e+010</IKRotLimits>
                    <IKRotLimitOrder>0</IKRotLimitOrder>
                    <KeyFrames count="30">
                        <i>-0.378663 0.69291 0.613588 -0.907585 -0.148061 -0.392895 -0.181393 -0.705659 0.68494 0.709531 1.90437 -2.18486</i>
                        <i>-0.377072 0.690929 0.616793 -0.908358 -0.145851 -0.391936 -0.18084 -0.708057 0.682607 0.710695 1.90574 -2.1872</i>
                        <i>-0.375653 0.687539 0.62143 -0.909279 -0.143806 -0.390552 -0.179154 -0.711765 0.679186 0.711582 1.90687 -2.18906</i>
                        <i>-0.374388 0.683552 0.626571 -0.910256 -0.142064 -0.388911 -0.176828 -0.715943 0.675394 0.712153 1.9077 -2.19037</i>
                        <i>-0.373264 0.679798 0.631307 -0.911196 -0.140759 -0.387179 -0.174342 -0.719764 0.67197 0.712375 1.90815 -2.19101</i>
                        <i>-0.372469 0.676308 0.635511 -0.91201 -0.14 -0.385535 -0.171769 -0.723192 0.668946 0.71225 1.90821 -2.191</i>
                        <i>-0.372327 0.672486 0.639637 -0.912606 -0.139866 -0.384172 -0.168887 -0.726774 0.66579 0.711812 1.90799 -2.19044</i>
                        <i>-0.373031 0.668223 0.643681 -0.912898 -0.140421 -0.383274 -0.165726 -0.730588 0.662401 0.711071 1.90751 -2.18937</i>
                        <i>-0.374766 0.663397 0.647654 -0.912799 -0.141715 -0.383033 -0.16232 -0.734726 0.658658 0.710043 1.90678 -2.18782</i>
                        <i>-0.376835 0.659325 0.650604 -0.912456 -0.143333 -0.383248 -0.159431 -0.738069 0.655618 0.708947 1.90595 -2.18608</i>
                        <i>-0.378527 0.65711 0.651861 -0.912069 -0.144866 -0.383594 -0.157631 -0.739743 0.654166 0.707972 1.9051 -2.18442</i>
                        <i>-0.380076 0.656091 0.651987 -0.911611 -0.146408 -0.384095 -0.156545 -0.740344 0.653746 0.707051 1.9042 -2.18275</i>
                        <i>-0.381503 0.65612 0.651124 -0.911092 -0.147952 -0.384735 -0.156098 -0.740011 0.65423 0.706184 1.90328 -2.1811</i>
                        <i>-0.382822 0.657055 0.649404 -0.910518 -0.149488 -0.385499 -0.156216 -0.738872 0.655488 0.70537 1.90233 -2.17947</i>
                        <i>-0.384049 0.65875 0.646958 -0.909897 -0.151013 -0.38637 -0.156823 -0.73705 0.657391 0.704608 1.90137 -2.17788</i>
                        <i>-0.385193 0.661064 0.64391 -0.909237 -0.152518 -0.387333 -0.157844 -0.734665 0.659813 0.703898 1.90042 -2.17634</i>
                        <i>-0.386267 0.663855 0.640386 -0.908544 -0.154 -0.38837 -0.159202 -0.731834 0.662627 0.70324 1.89947 -2.17486</i>
                        <i>-0.38728 0.666981 0.636514 -0.907828 -0.155453 -0.389464 -0.160817 -0.728677 0.665708 0.702632 1.89854 -2.17344</i>
                        <i>-0.388242 0.670304 0.632424 -0.907097 -0.15687 -0.390597 -0.162611 -0.725316 0.668935 0.702075 1.89764 -2.17211</i>
                        <i>-0.389165 0.673685 0.62825 -0.906361 -0.158244 -0.391751 -0.1645 -0.721877 0.672185 0.701568 1.89678 -2.17087</i>
                        <i>-0.390313 0.67591 0.625141 -0.905622 -0.15955 -0.392927 -0.165842 -0.719506 0.674394 0.701156 1.89609 -2.16988</i>
                        <i>-0.391165 0.677485 0.6229 -0.905043 -0.160361 -0.393931 -0.166994 -0.717843 0.67588 0.701053 1.8958 -2.16953</i>
                        <i>-0.391073 0.679778 0.620454 -0.904759 -0.160354 -0.394585 -0.168738 -0.715673 0.677746 0.70138 1.896 -2.16999</i>
                        <i>-0.390204 0.682521 0.617985 -0.904733 -0.15966 -0.394927 -0.170879 -0.713214 0.679799 0.702061 1.89661 -2.17113</i>
                        <i>-0.388728 0.685441 0.61568 -0.904922 -0.158401 -0.395001 -0.173226 -0.71069 0.681845 0.703025 1.89755 -2.1728</i>
                        <i>-0.386824 0.68826 0.61373 -0.905282 -0.156702 -0.394853 -0.175589 -0.708338 0.683686 0.704199 1.89873 -2.17489</i>
                        <i>-0.384674 0.690701 0.612338 -0.905771 -0.154688 -0.394527 -0.177779 -0.706402 0.685121 0.705512 1.90008 -2.17728</i>
                        <i>-0.382469 0.692481 0.611709 -0.906344 -0.152487 -0.394067 -0.179606 -0.705137 0.685947 0.70689 1.90151 -2.17982</i>
                        <i>-0.380401 0.693313 0.612056 -0.906962 -0.150232 -0.393511 -0.180876 -0.704803 0.685957 0.708255 1.90297 -2.18239</i>
                        <i>-0.378663 0.69291 0.613588 -0.907585 -0.148061 -0.392895 -0.181393 -0.705659 0.68494 0.709531 1.90437 -2.18486</i>
                    </KeyFrames>
                </p>
            </i>
            <i>
                <p>
                    <Name><![CDATA[head]]></Name>
                    <Exclude>0</Exclude>
                    <Additive>0</Additive>
                    <IKPriority>0</IKPriority>
                    <IKRotLimits>-1e+010 -1e+010 -1e+010 1e+010 1e+010 1e+010</IKRotLimits>
                    <IKRotLimitOrder>0</IKRotLimitOrder>
                    <KeyFrames count="30">
                        <i>-0.01436 0.97927 0.202051 -0.0152604 0.201834 -0.979301 -0.99978 -0.0171462 0.0120457 0.613509 2.09189 -2.03109</i>
                        <i>-0.0160674 0.976887 0.213152 -0.0153216 0.212914 -0.976951 -0.999753 -0.0189629 0.0115465 0.614813 2.09232 -2.03176</i>
                        <i>-0.0182065 0.973963 0.225974 -0.0117066 0.225789 -0.974106 -0.999766 -0.0203804 0.00729093 0.615811 2.09239 -2.0317</i>
                        <i>-0.0201152 0.970887 0.238694 -0.0067112 0.238605 -0.971093 -0.999775 -0.0211356 0.00171627 0.6165 2.09222 -2.03112</i>
                        <i>-0.0211154 0.968151 0.249474 -0.00262084 0.249475 -0.968378 -0.999774 -0.0211015 -0.00273036 0.616874 2.09196 -2.0302</i>
                        <i>-0.0211173 0.965865 0.258184 -0.00213742 0.258198 -0.96609 -0.999775 -0.020953 -0.00338799 0.616881 2.09157 -2.029</i>
                        <i>-0.0209893 0.963796 0.265812 -0.00444677 0.265778 -0.964024 -0.99977 -0.0214162 -0.00129271 0.61644 2.09089 -2.02738</i>
                        <i>-0.0214957 0.961905 0.272539 -0.00658511 0.27246 -0.962144 -0.999747 -0.0224767 0.000477543 0.615503 2.08987 -2.02537</i>
                        <i>-0.0230045 0.960053 0.278871 -0.00848666 0.278747 -0.960327 -0.999699 -0.0244585 0.00173523 0.614024 2.08844 -2.02296</i>
                        <i>-0.0246411 0.958591 0.283719 -0.00992138 0.283557 -0.958904 -0.999647 -0.0264433 0.00252334 0.612417 2.08701 -2.0207</i>
                        <i>-0.0254315 0.957911 0.285937 -0.0107567 0.28575 -0.958244 -0.999619 -0.0274453 0.00303695 0.611071 2.08598 -2.01905</i>
                        <i>-0.0257006 0.957855 0.286101 -0.0111267 0.285904 -0.958194 -0.999608 -0.0278095 0.00330987 0.609849 2.08517 -2.01776</i>
                        <i>-0.025517 0.958359 0.284424 -0.0110769 0.284228 -0.958693 -0.999613 -0.0276135 0.0033631 0.608741 2.08456 -2.01681</i>
                        <i>-0.0249467 0.959351 0.281109 -0.0106582 0.280926 -0.95967 -0.999632 -0.0269368 0.00321682 0.607742 2.08413 -2.01617</i>
                        <i>-0.0240547 0.960752 0.276363 -0.00992552 0.2762 -0.961049 -0.999661 -0.0258608 0.00289214 0.606843 2.08384 -2.0158</i>
                        <i>-0.0229054 0.962479 0.270387 -0.00893668 0.27025 -0.962749 -0.999698 -0.0244685 0.00241114 0.606036 2.08367 -2.01566</i>
                        <i>-0.0215645 0.96445 0.263384 -0.00775166 0.263276 -0.964689 -0.999737 -0.0228447 0.00179867 0.605315 2.08359 -2.01572</i>
                        <i>-0.0200991 0.966585 0.255556 -0.00643199 0.255477 -0.966794 -0.999777 -0.0210755 0.00108221 0.60467 2.08357 -2.01595</i>
                        <i>-0.0185789 0.96881 0.247106 -0.00503965 0.247054 -0.968988 -0.999815 -0.0192481 0.000292441 0.604094 2.08359 -2.0163</i>
                        <i>-0.017076 0.971057 0.238238 -0.00363627 0.23821 -0.971207 -0.999848 -0.0174507 -0.000536675 0.603578 2.08363 -2.01674</i>
                        <i>-0.0165452 0.972962 0.230372 -0.00286802 0.230357 -0.973102 -0.999859 -0.0167609 -0.00102086 0.603046 2.08344 -2.01699</i>
                        <i>-0.0166204 0.974634 0.223186 -0.00288613 0.223169 -0.974775 -0.999858 -0.0168454 -0.000896296 0.602818 2.08336 -2.0174</i>
                        <i>-0.0162129 0.976375 0.215474 -0.00329172 0.215449 -0.976509 -0.999863 -0.0165413 -0.000279104 0.603205 2.08383 -2.01847</i>
                        <i>-0.0155037 0.97803 0.207889 -0.00408106 0.20785 -0.978152 -0.999872 -0.0160134 0.000768917 0.604092 2.08473 -2.02003</i>
                        <i>-0.0146704 0.979463 0.201088 -0.00523472 0.201032 -0.979571 -0.999879 -0.0154233 0.00217809 0.605365 2.08593 -2.02193</i>
                        <i>-0.0138842 0.980559 0.195734 -0.00672181 0.195657 -0.980649 -0.999881 -0.0149313 0.00387458 0.606911 2.08729 -2.02401</i>
                        <i>-0.0133094 0.981208 0.192493 -0.00850376 0.192392 -0.981281 -0.999875 -0.0146971 0.00578336 0.608615 2.0887 -2.02612</i>
                        <i>-0.0131011 0.981302 0.192028 -0.0105408 0.191898 -0.981358 -0.999859 -0.014881 0.00782966 0.610362 2.09001 -2.02811</i>
                        <i>-0.0134059 0.980712 0.194997 -0.0127993 0.19483 -0.980754 -0.999828 -0.0156437 0.00994064 0.612034 2.09111 -2.02982</i>
                        <i>-0.01436 0.97927 0.202051 -0.0152604 0.201834 -0.979301 -0.99978 -0.0171462 0.0120457 0.613509 2.09189 -2.03109</i>
                    </KeyFrames>
                </p>
            </i>
            <i>
                <p>
                    <Name><![CDATA[head_prop]]></Name>
                    <Exclude>0</Exclude>
                    <Additive>0</Additive>
                    <IKPriority>0</IKPriority>
                    <IKRotLimits>-1e+010 -1e+010 -1e+010 1e+010 1e+010 1e+010</IKRotLimits>
                    <IKRotLimitOrder>0</IKRotLimitOrder>
                    <KeyFrames count="30">
                        <i>0.999913 0.00208689 -0.0130072 0.000574683 0.979523 0.201332 0.013161 -0.201322 0.979437 0.608829 2.41104 -1.96524</i>
                        <i>0.999912 0.00391576 -0.0126789 -0.00113297 0.977173 0.212441 0.0132213 -0.212408 0.977092 0.609576 2.4107 -1.9623</i>
                        <i>0.999949 0.00534977 -0.00862137 -0.00326969 0.974278 0.225326 0.00960505 -0.225287 0.974245 0.609877 2.40981 -1.95806</i>
                        <i>0.999976 0.00612391 -0.00324374 -0.00517537 0.97122 0.238129 0.00460863 -0.238107 0.971228 0.609944 2.40864 -1.95332</i>
                        <i>0.999981 0.00610788 0.00103559 -0.00617336 0.96849 0.248976 0.000517712 -0.248978 0.968509 0.609992 2.40749 -1.9489</i>
                        <i>0.999981 0.00597527 0.00155818 -0.00617498 0.966206 0.257697 3.42973e-005 -0.257701 0.966225 0.609999 2.40635 -1.94485</i>
                        <i>0.999979 0.00645337 -0.000655174 -0.00604831 0.964149 0.265293 0.00234372 -0.265284 0.964168 0.6096 2.405 -1.94075</i>
                        <i>0.999969 0.00752793 -0.00252971 -0.00655613 0.962277 0.271994 0.00448182 -0.271969 0.962296 0.608497 2.40336 -1.93655</i>
                        <i>0.999947 0.009524 -0.00388569 -0.00806644 0.960458 0.278308 0.00638262 -0.278262 0.960484 0.606526 2.40133 -1.93208</i>
                        <i>0.999922 0.0115203 -0.00474914 -0.00970439 0.959028 0.283144 0.00781654 -0.283076 0.959066 0.604386 2.39943 -1.92824</i>
                        <i>0.999908 0.0125278 -0.00529721 -0.0104955 0.958365 0.285354 0.00865149 -0.285272 0.958408 0.602783 2.39817 -1.92586</i>
                        <i>0.999901 0.0128925 -0.00557267 -0.010765 0.958314 0.285515 0.00902135 -0.285426 0.958358 0.601473 2.39734 -1.92452</i>
                        <i>0.999904 0.0126924 -0.00559978 -0.0105813 0.958815 0.283836 0.00897166 -0.283749 0.958857 0.600425 2.3969 -1.92412</i>
                        <i>0.999913 0.012008 -0.00540193 -0.0100106 0.959795 0.280524 0.00855325 -0.280445 0.959832 0.599612 2.39679 -1.92455</i>
                        <i>0.999928 0.010921 -0.00500346 -0.00911784 0.961177 0.275782 0.00782097 -0.275717 0.961207 0.599003 2.39696 -1.92573</i>
                        <i>0.999945 0.00951557 -0.00442966 -0.00796763 0.96288 0.269813 0.0068327 -0.269763 0.962903 0.598571 2.39735 -1.92754</i>
                        <i>0.999962 0.00787719 -0.00370852 -0.00662562 0.964822 0.262819 0.00564835 -0.262784 0.964838 0.598287 2.39791 -1.92988</i>
                        <i>0.999977 0.00609262 -0.00287075 -0.00515918 0.966927 0.255001 0.00432941 -0.254981 0.966937 0.59812 2.39859 -1.93266</i>
                        <i>0.999989 0.00424984 -0.00195019 -0.00363777 0.96912 0.246563 0.00293785 -0.246553 0.969125 0.598039 2.39934 -1.93577</i>
                        <i>0.999996 0.00243766 -0.000983994 -0.00213387 0.971335 0.237707 0.00153524 -0.237704 0.971336 0.598013 2.4001 -1.9391</i>
                        <i>0.999998 0.00173596 -0.000378352 -0.00160253 0.973225 0.229848 0.000767267 -0.229847 0.973226 0.597653 2.40054 -1.94191</i>
                        <i>0.999998 0.00181056 -0.000391999 -0.0016778 0.974895 0.22266 0.00078534 -0.222659 0.974896 0.597401 2.401 -1.94467</i>
                        <i>0.999998 0.00149673 -0.000890243 -0.00127043 0.976627 0.214939 0.00119115 -0.214938 0.976627 0.597921 2.40204 -1.94825</i>
                        <i>0.999998 0.000960115 -0.00182134 -0.000561614 0.978269 0.207338 0.00198086 -0.207337 0.978268 0.599039 2.40348 -1.95228</i>
                        <i>0.999995 0.000362967 -0.00312575 0.00027114 0.97969 0.200516 0.00313497 -0.200516 0.979685 0.600584 2.40514 -1.95639</i>
                        <i>0.999989 -0.000134069 -0.00473978 0.00105642 0.980775 0.195137 0.0046225 -0.19514 0.980765 0.602386 2.40687 -1.96021</i>
                        <i>0.999978 -0.000371044 -0.00659858 0.00163022 0.98142 0.191868 0.00640477 -0.191874 0.981399 0.604277 2.40848 -1.96338</i>
                        <i>0.999963 -0.000187527 -0.00863753 0.00183709 0.981516 0.191372 0.00844193 -0.19138 0.98148 0.606092 2.40983 -1.96553</i>
                        <i>0.999942 0.000577678 -0.0107939 0.00153074 0.980939 0.194309 0.0107003 -0.194315 0.980881 0.607665 2.41074 -1.96627</i>
                        <i>0.999913 0.00208689 -0.0130072 0.000574683 0.979523 0.201332 0.013161 -0.201322 0.979437 0.608829 2.41104 -1.96524</i>
                    </KeyFrames>
                </p>
            </i>
            <i>
                <p>
                    <Name><![CDATA[l_clav]]></Name>
                    <Exclude>0</Exclude>
                    <Additive>0</Additive>
                    <IKPriority>0</IKPriority>
                    <IKRotLimits>-1e+010 -1e+010 -1e+010 1e+010 1e+010 1e+010</IKRotLimits>
                    <IKRotLimitOrder>0</IKRotLimitOrder>
                    <KeyFrames count="30">
                        <i>0.830043 0.366512 0.420355 -0.527766 0.759827 0.379638 -0.180255 -0.536965 0.824122 0.756754 1.9375 -2.08991</i>
                        <i>0.830381 0.365001 0.421 -0.528662 0.754789 0.388342 -0.176021 -0.545039 0.819725 0.758199 1.93884 -2.09257</i>
                        <i>0.830698 0.365648 0.419811 -0.530204 0.749563 0.396282 -0.169775 -0.551776 0.816529 0.759315 1.93985 -2.09456</i>
                        <i>0.83098 0.368332 0.416898 -0.532063 0.74503 0.402293 -0.162424 -0.556113 0.815081 0.760051 1.94049 -2.0958</i>
                        <i>0.831226 0.372904 0.412318 -0.533929 0.742095 0.405234 -0.154865 -0.55699 0.815953 0.760356 1.94073 -2.0962</i>
                        <i>0.831294 0.379063 0.406524 -0.535941 0.740542 0.405418 -0.14737 -0.554895 0.818764 0.760235 1.94058 -2.09583</i>
                        <i>0.83092 0.386404 0.400329 -0.538554 0.739286 0.404248 -0.139755 -0.551497 0.822387 0.759729 1.94011 -2.09482</i>
                        <i>0.829955 0.394594 0.394296 -0.541928 0.737921 0.402227 -0.132243 -0.547511 0.826283 0.75885 1.93933 -2.09324</i>
                        <i>0.82826 0.403301 0.389016 -0.546207 0.73605 0.399861 -0.12507 -0.543672 0.829927 0.757614 1.93828 -2.09115</i>
                        <i>0.826286 0.41182 0.38426 -0.550541 0.734619 0.396535 -0.118984 -0.539202 0.833729 0.756294 1.93715 -2.08894</i>
                        <i>0.824605 0.419416 0.379626 -0.553976 0.734644 0.391674 -0.114616 -0.53328 0.838138 0.755123 1.93612 -2.08691</i>
                        <i>0.823216 0.425765 0.375552 -0.556579 0.735697 0.385967 -0.111961 -0.526758 0.842609 0.754008 1.9351 -2.08493</i>
                        <i>0.822208 0.430485 0.372365 -0.558224 0.737651 0.379812 -0.111172 -0.520148 0.84681 0.75295 1.93411 -2.08301</i>
                        <i>0.821657 0.43321 0.370417 -0.55879 0.740385 0.373609 -0.112399 -0.513964 0.850416 0.751948 1.93315 -2.08117</i>
                        <i>0.821526 0.434102 0.369663 -0.558369 0.743756 0.367493 -0.11541 -0.508313 0.853404 0.751002 1.93223 -2.0794</i>
                        <i>0.821694 0.43368 0.369784 -0.557213 0.747598 0.361401 -0.119717 -0.503009 0.85595 0.750113 1.93134 -2.07772</i>
                        <i>0.822087 0.432129 0.370726 -0.555448 0.751761 0.355434 -0.125104 -0.498117 0.858038 0.74928 1.9305 -2.07614</i>
                        <i>0.822628 0.429629 0.372428 -0.5532 0.756096 0.349697 -0.131351 -0.493698 0.859657 0.748505 1.92969 -2.07465</i>
                        <i>0.823242 0.426358 0.374821 -0.5506 0.76046 0.344297 -0.138242 -0.489816 0.860796 0.747787 1.92893 -2.07328</i>
                        <i>0.823864 0.42249 0.377824 -0.547779 0.764711 0.339346 -0.145556 -0.486539 0.861449 0.74713 1.92822 -2.07203</i>
                        <i>0.824164 0.418126 0.382001 -0.545502 0.767392 0.336952 -0.152256 -0.486086 0.860545 0.7466 1.92762 -2.07109</i>
                        <i>0.824372 0.413021 0.38707 -0.543512 0.768589 0.337439 -0.158128 -0.488553 0.858086 0.746455 1.9274 -2.0709</i>
                        <i>0.824908 0.407086 0.392184 -0.541039 0.769555 0.339208 -0.16372 -0.492002 0.855061 0.746833 1.92776 -2.07164</i>
                        <i>0.825668 0.400606 0.397226 -0.538294 0.770169 0.342168 -0.168856 -0.496341 0.851547 0.747646 1.92857 -2.07316</i>
                        <i>0.826557 0.393866 0.402086 -0.535488 0.770312 0.346225 -0.173366 -0.501487 0.847617 0.748807 1.92975 -2.0753</i>
                        <i>0.827488 0.387152 0.406665 -0.532829 0.769865 0.351285 -0.177076 -0.507367 0.84334 0.75023 1.93119 -2.07791</i>
                        <i>0.82838 0.380756 0.410866 -0.530523 0.768711 0.357253 -0.179811 -0.513915 0.838784 0.751828 1.93278 -2.08083</i>
                        <i>0.829154 0.374978 0.414602 -0.528775 0.766732 0.364033 -0.181384 -0.52107 0.834018 0.753511 1.93442 -2.08392</i>
                        <i>0.829735 0.370124 0.417789 -0.527789 0.76381 0.371528 -0.1816 -0.528774 0.829108 0.755184 1.93603 -2.08699</i>
                        <i>0.830043 0.366512 0.420355 -0.527766 0.759827 0.379638 -0.180255 -0.536965 0.824122 0.756754 1.9375 -2.08991</i>
                    </KeyFrames>
                </p>
            </i>
            <i>
                <p>
                    <Name><![CDATA[l_shoulder]]></Name>
                    <Exclude>0</Exclude>
                    <Additive>0</Additive>
                    <IKPriority>0</IKPriority>
                    <IKRotLimits>-1e+010 -1e+010 -1e+010 1e+010 1e+010 1e+010</IKRotLimits>
                    <IKRotLimitOrder>0</IKRotLimitOrder>
                    <KeyFrames count="30">
                        <i>0.64783 -0.671277 0.360144 0.141138 0.570343 0.80919 -0.748596 -0.473388 0.464228 0.920752 2.00992 -2.00686</i>
                        <i>0.642468 -0.673912 0.364798 0.142238 0.572643 0.807371 -0.752996 -0.466822 0.463761 0.922264 2.01096 -2.00939</i>
                        <i>0.64013 -0.674581 0.367661 0.143613 0.575191 0.805314 -0.754725 -0.462705 0.465075 0.923444 2.01209 -2.01161</i>
                        <i>0.640509 -0.673627 0.368748 0.145221 0.577753 0.803189 -0.754095 -0.460899 0.467881 0.924234 2.01326 -2.01343</i>
                        <i>0.643254 -0.671376 0.368075 0.14705 0.580114 0.801152 -0.751399 -0.461218 0.471887 0.924589 2.0144 -2.01474</i>
                        <i>0.647889 -0.668111 0.365878 0.148846 0.582103 0.799375 -0.747051 -0.463447 0.476584 0.924481 2.01548 -2.01551</i>
                        <i>0.653875 -0.66407 0.362572 0.150148 0.583572 0.79806 -0.741555 -0.467392 0.481291 0.923901 2.01645 -2.01572</i>
                        <i>0.660751 -0.659485 0.358451 0.15064 0.584343 0.797403 -0.735334 -0.472888 0.48545 0.922831 2.0173 -2.01533</i>
                        <i>0.668081 -0.65458 0.353824 0.150006 0.584233 0.797603 -0.728811 -0.479788 0.488506 0.92126 2.01797 -2.01429</i>
                        <i>0.674185 -0.650511 0.349729 0.148822 0.583467 0.798385 -0.723413 -0.486212 0.490175 0.919551 2.01852 -2.01301</i>
                        <i>0.678307 -0.647858 0.34667 0.147805 0.582463 0.799306 -0.719759 -0.490936 0.490845 0.918047 2.01898 -2.0119</i>
                        <i>0.681664 -0.645768 0.343973 0.146795 0.581272 0.800359 -0.716788 -0.495083 0.491027 0.916658 2.01922 -2.01073</i>
                        <i>0.68452 -0.644063 0.34149 0.145778 0.579915 0.801528 -0.71427 -0.49888 0.490853 0.9154 2.01916 -2.00944</i>
                        <i>0.687137 -0.642561 0.339055 0.144748 0.578401 0.802808 -0.711963 -0.502561 0.490451 0.91429 2.01875 -2.00798</i>
                        <i>0.689554 -0.641227 0.336664 0.143695 0.576747 0.804185 -0.709836 -0.506152 0.48984 0.913318 2.018 -2.00636</i>
                        <i>0.691659 -0.640131 0.334424 0.142605 0.574977 0.805646 -0.708005 -0.509542 0.488974 0.912462 2.01703 -2.00466</i>
                        <i>0.693491 -0.639242 0.332325 0.141471 0.573107 0.807177 -0.706439 -0.512755 0.487879 0.911707 2.01588 -2.00289</i>
                        <i>0.695086 -0.638528 0.330361 0.140293 0.571156 0.808764 -0.705105 -0.515813 0.486583 0.911038 2.01458 -2.00107</i>
                        <i>0.696478 -0.637958 0.328523 0.139071 0.569147 0.810389 -0.703972 -0.518731 0.48512 0.910442 2.01317 -1.99923</i>
                        <i>0.6977 -0.637503 0.326809 0.137812 0.567105 0.812034 -0.703009 -0.521518 0.483525 0.909908 2.0117 -1.99738</i>
                        <i>0.698664 -0.637155 0.325424 0.136326 0.565078 0.813697 -0.702341 -0.524137 0.481661 0.909437 2.01023 -1.99561</i>
                        <i>0.698172 -0.637783 0.325251 0.135072 0.56349 0.815006 -0.703073 -0.525082 0.47956 0.909333 2.00901 -1.99442</i>
                        <i>0.695398 -0.640035 0.326767 0.134582 0.562657 0.815662 -0.70591 -0.523233 0.477408 0.909817 2.00819 -1.99415</i>
                        <i>0.690763 -0.643555 0.329672 0.134728 0.562492 0.815752 -0.710419 -0.519075 0.475253 0.91078 2.00773 -1.99468</i>
                        <i>0.684682 -0.647976 0.333673 0.13537 0.562906 0.81536 -0.71616 -0.513093 0.473129 0.912117 2.00757 -1.99586</i>
                        <i>0.677578 -0.652927 0.338489 0.136371 0.563808 0.81457 -0.722697 -0.505774 0.471064 0.913724 2.00768 -1.99756</i>
                        <i>0.669884 -0.658052 0.343836 0.137589 0.565103 0.813467 -0.729606 -0.49762 0.469094 0.915498 2.00801 -1.99966</i>
                        <i>0.662048 -0.663019 0.349426 0.138881 0.566694 0.812139 -0.736481 -0.489147 0.467259 0.917334 2.00851 -2.002</i>
                        <i>0.654536 -0.66752 0.354964 0.14011 0.568476 0.810681 -0.742935 -0.480886 0.465614 0.919122 2.00915 -2.00445</i>
                        <i>0.64783 -0.671277 0.360144 0.141138 0.570343 0.80919 -0.748596 -0.473388 0.464228 0.920752 2.00992 -2.00686</i>
                    </KeyFrames>
                </p>
            </i>
            <i>
                <p>
                    <Name><![CDATA[l_elbow]]></Name>
                    <Exclude>0</Exclude>
                    <Additive>0</Additive>
                    <IKPriority>0</IKPriority>
                    <IKRotLimits>-1e+010 -1e+010 -1e+010 1e+010 1e+010 1e+010</IKRotLimits>
                    <IKRotLimitOrder>0</IKRotLimitOrder>
                    <KeyFrames count="30">
                        <i>-0.50611 -0.662417 0.552319 0.139243 0.569235 0.810298 -0.851155 0.487006 -0.195859 1.13148 1.79157 -1.88971</i>
                        <i>-0.505345 -0.660844 0.554898 0.140333 0.571552 0.808477 -0.85143 0.48643 -0.196093 1.13124 1.79175 -1.89073</i>
                        <i>-0.506495 -0.657883 0.557362 0.141703 0.57411 0.806423 -0.850519 0.487429 -0.19756 1.13166 1.79267 -1.89202</i>
                        <i>-0.509109 -0.653958 0.559595 0.143313 0.576676 0.804304 -0.848687 0.489676 -0.19987 1.13258 1.79415 -1.89348</i>
                        <i>-0.512712 -0.649481 0.561517 0.145149 0.579036 0.802278 -0.846202 0.492841 -0.202607 1.13382 1.79602 -1.89501</i>
                        <i>-0.516776 -0.644968 0.562991 0.146955 0.581019 0.800513 -0.843414 0.49642 -0.205475 1.13522 1.79815 -1.8965</i>
