<?xml version="1.0" encoding="ISO-8859-1" ?>
<Animl Version="1">
    <ModellingPackage><![CDATA[Maya.2010]]></ModellingPackage>
    <SrcFile><![CDATA[anims\turrets\antitank\red\~src\at_at4spigot\at_at4spigot_aim_low_crewman_c.mb]]></SrcFile>
    <FramesPerSecond>30</FramesPerSecond>
    <TotalFrames>30</TotalFrames>
    <Skeleton>
        <RefFrame>
            <Name><![CDATA[soldier_ref_frame]]></Name>
            <Exclude>0</Exclude>
            <Additive>0</Additive>
            <IKPriority>0</IKPriority>
            <IKRotLimits>-1e+010 -1e+010 -1e+010 1e+010 1e+010 1e+010</IKRotLimits>
            <IKRotLimitOrder>0</IKRotLimitOrder>
            <KeyFrames count="30">
                <i>1 0 0 0 1 0 0 0 1 -2.11 0.88 -0.15</i>
                <i>1 0 0 0 1 0 0 0 1 -2.11 0.88 -0.15</i>
                <i>1 0 0 0 1 0 0 0 1 -2.11 0.88 -0.15</i>
                <i>1 0 0 0 1 0 0 0 1 -2.11 0.88 -0.15</i>
                <i>1 0 0 0 1 0 0 0 1 -2.11 0.88 -0.15</i>
                <i>1 0 0 0 1 0 0 0 1 -2.11 0.88 -0.15</i>
                <i>1 0 0 0 1 0 0 0 1 -2.11 0.88 -0.15</i>
                <i>1 0 0 0 1 0 0 0 1 -2.11 0.88 -0.15</i>
                <i>1 0 0 0 1 0 0 0 1 -2.11 0.88 -0.15</i>
                <i>1 0 0 0 1 0 0 0 1 -2.11 0.88 -0.15</i>
                <i>1 0 0 0 1 0 0 0 1 -2.11 0.88 -0.15</i>
                <i>1 0 0 0 1 0 0 0 1 -2.11 0.88 -0.15</i>
                <i>1 0 0 0 1 0 0 0 1 -2.11 0.88 -0.15</i>
                <i>1 0 0 0 1 0 0 0 1 -2.11 0.88 -0.15</i>
                <i>1 0 0 0 1 0 0 0 1 -2.11 0.88 -0.15</i>
                <i>1 0 0 0 1 0 0 0 1 -2.11 0.88 -0.15</i>
                <i>1 0 0 0 1 0 0 0 1 -2.11 0.88 -0.15</i>
                <i>1 0 0 0 1 0 0 0 1 -2.11 0.88 -0.15</i>
                <i>1 0 0 0 1 0 0 0 1 -2.11 0.88 -0.15</i>
                <i>1 0 0 0 1 0 0 0 1 -2.11 0.88 -0.15</i>
                <i>1 0 0 0 1 0 0 0 1 -2.11 0.88 -0.15</i>
                <i>1 0 0 0 1 0 0 0 1 -2.11 0.88 -0.15</i>
                <i>1 0 0 0 1 0 0 0 1 -2.11 0.88 -0.15</i>
                <i>1 0 0 0 1 0 0 0 1 -2.11 0.88 -0.15</i>
                <i>1 0 0 0 1 0 0 0 1 -2.11 0.88 -0.15</i>
                <i>1 0 0 0 1 0 0 0 1 -2.11 0.88 -0.15</i>
                <i>1 0 0 0 1 0 0 0 1 -2.11 0.88 -0.15</i>
                <i>1 0 0 0 1 0 0 0 1 -2.11 0.88 -0.15</i>
                <i>1 0 0 0 1 0 0 0 1 -2.11 0.88 -0.15</i>
                <i>1 0 0 0 1 0 0 0 1 -2.11 0.88 -0.15</i>
            </KeyFrames>
        </RefFrame>
        <Bones count="23">
            <i>
                <p>
                    <Name><![CDATA[pelvis]]></Name>
                    <Exclude>0</Exclude>
                    <Additive>0</Additive>
                    <IKPriority>0</IKPriority>
                    <IKRotLimits>-1e+010 -1e+010 -1e+010 1e+010 1e+010 1e+010</IKRotLimits>
                    <IKRotLimitOrder>2</IKRotLimitOrder>
                    <KeyFrames count="30">
                        <i>1 0 0 0 1 0 0 0 1 -1.61453 1.94424 -0.193363</i>
                        <i>1 0 0 0 1 0 0 0 1 -1.61453 1.94457 -0.193363</i>
                        <i>1 0 0 0 1 0 0 0 1 -1.61453 1.94549 -0.193363</i>
                        <i>1 0 0 0 1 0 0 0 1 -1.61453 1.94692 -0.193363</i>
                        <i>1 0 0 0 1 0 0 0 1 -1.61453 1.94874 -0.193363</i>
                        <i>1 0 0 0 1 0 0 0 1 -1.61453 1.95087 -0.193363</i>
                        <i>1 0 0 0 1 0 0 0 1 -1.61453 1.95319 -0.193363</i>
                        <i>1 0 0 0 1 0 0 0 1 -1.61453 1.95562 -0.193363</i>
                        <i>1 0 0 0 1 0 0 0 1 -1.61453 1.95805 -0.193363</i>
                        <i>1 0 0 0 1 0 0 0 1 -1.61453 1.96037 -0.193363</i>
                        <i>1 0 0 0 1 0 0 0 1 -1.61453 1.9625 -0.193363</i>
                        <i>1 0 0 0 1 0 0 0 1 -1.61453 1.96433 -0.193363</i>
                        <i>1 0 0 0 1 0 0 0 1 -1.61453 1.96576 -0.193363</i>
                        <i>1 0 0 0 1 0 0 0 1 -1.61453 1.96669 -0.193363</i>
                        <i>1 0 0 0 1 0 0 0 1 -1.61453 1.96702 -0.193363</i>
                        <i>1 0 0 0 1 0 0 0 1 -1.61453 1.96673 -0.193363</i>
                        <i>1 0 0 0 1 0 0 0 1 -1.61453 1.96592 -0.193363</i>
                        <i>1 0 0 0 1 0 0 0 1 -1.61453 1.96465 -0.193363</i>
                        <i>1 0 0 0 1 0 0 0 1 -1.61453 1.96302 -0.193363</i>
                        <i>1 0 0 0 1 0 0 0 1 -1.61453 1.96111 -0.193363</i>
                        <i>1 0 0 0 1 0 0 0 1 -1.61453 1.959 -0.193363</i>
                        <i>1 0 0 0 1 0 0 0 1 -1.61453 1.95676 -0.193363</i>
                        <i>1 0 0 0 1 0 0 0 1 -1.61453 1.95449 -0.193363</i>
                        <i>1 0 0 0 1 0 0 0 1 -1.61453 1.95225 -0.193363</i>
                        <i>1 0 0 0 1 0 0 0 1 -1.61453 1.95014 -0.193363</i>
                        <i>1 0 0 0 1 0 0 0 1 -1.61453 1.94823 -0.193363</i>
                        <i>1 0 0 0 1 0 0 0 1 -1.61453 1.9466 -0.193363</i>
                        <i>1 0 0 0 1 0 0 0 1 -1.61453 1.94534 -0.193363</i>
                        <i>1 0 0 0 1 0 0 0 1 -1.61453 1.94452 -0.193363</i>
                        <i>1 0 0 0 1 0 0 0 1 -1.61453 1.94424 -0.193363</i>
                    </KeyFrames>
                </p>
            </i>
            <i>
                <p>
                    <Name><![CDATA[spine0]]></Name>
                    <Exclude>0</Exclude>
                    <Additive>0</Additive>
                    <IKPriority>0</IKPriority>
                    <IKRotLimits>-1e+010 -1e+010 -1e+010 1e+010 1e+010 1e+010</IKRotLimits>
                    <IKRotLimitOrder>0</IKRotLimitOrder>
                    <KeyFrames count="30">
                        <i>0.235916 0.946979 0.218117 -0.463828 -0.0875055 0.881593 0.853936 -0.309151 0.418591 -1.64625 2.08344 -0.211015</i>
                        <i>0.234379 0.947283 0.218454 -0.461992 -0.0891816 0.882389 0.855354 -0.307737 0.416735 -1.64894 2.08295 -0.212399</i>
                        <i>0.232222 0.947975 0.217754 -0.460363 -0.0900898 0.883148 0.856819 -0.305332 0.415492 -1.65125 2.08311 -0.213582</i>
                        <i>0.229504 0.949015 0.216097 -0.459015 -0.0902496 0.883833 0.858274 -0.302035 0.414899 -1.65313 2.08387 -0.214547</i>
                        <i>0.226305 0.950352 0.213581 -0.458005 -0.0896985 0.884413 0.859661 -0.297969 0.414966 -1.65456 2.08517 -0.215277</i>
                        <i>0.222735 0.95192 0.210327 -0.457375 -0.0884915 0.88486 0.860928 -0.293287 0.415675 -1.65549 2.08695 -0.215755</i>
                        <i>0.218931 0.953644 0.206478 -0.457151 -0.0866992 0.885153 0.862022 -0.288179 0.416978 -1.6559 2.08911 -0.215963</i>
                        <i>0.215069 0.955437 0.2022 -0.457338 -0.0844055 0.885278 0.862895 -0.28287 0.418805 -1.65574 2.0916 -0.215881</i>
                        <i>0.211361 0.9572 0.197721 -0.457891 -0.0817496 0.885242 0.863517 -0.27764 0.421015 -1.65503 2.0943 -0.215517</i>
                        <i>0.207988 0.958845 0.193282 -0.458703 -0.0789134 0.885079 0.863906 -0.272745 0.423412 -1.65387 2.09706 -0.214923</i>
                        <i>0.205137 0.960287 0.189123 -0.459684 -0.0760624 0.88482 0.864066 -0.268446 0.425825 -1.65234 2.09974 -0.214143</i>
                        <i>0.202976 0.961459 0.185467 -0.460759 -0.0733473 0.884489 0.864003 -0.264986 0.428113 -1.65054 2.10219 -0.21322</i>
                        <i>0.201644 0.962303 0.182516 -0.461872 -0.0709034 0.884108 0.863721 -0.262575 0.430163 -1.64856 2.10427 -0.2122</i>
                        <i>0.201247 0.962776 0.18045 -0.462979 -0.0688521 0.883691 0.863221 -0.261385 0.431888 -1.64647 2.10583 -0.211128</i>
                        <i>0.201858 0.96284 0.179423 -0.464053 -0.0673033 0.883247 0.862501 -0.261552 0.433223 -1.64437 2.10676 -0.210053</i>
                        <i>0.20341 0.962508 0.17945 -0.465072 -0.0663014 0.882786 0.861587 -0.263025 0.434149 -1.64236 2.10701 -0.209021</i>
                        <i>0.205649 0.961865 0.180345 -0.466009 -0.0657982 0.88233 0.860548 -0.265493 0.434707 -1.64053 2.10664 -0.208081</i>
                        <i>0.208336 0.960986 0.181942 -0.466833 -0.0657612 0.881897 0.859455 -0.268667 0.434919 -1.63898 2.10574 -0.207283</i>
                        <i>0.211233 0.959946 0.184077 -0.467505 -0.0661636 0.881511 0.858382 -0.272261 0.434804 -1.63779 2.10437 -0.206674</i>
                        <i>0.214245 0.95878 0.186654 -0.468032 -0.0669606 0.881171 0.857348 -0.276147 0.434394 -1.63697 2.10263 -0.206253</i>
                        <i>0.217372 0.957493 0.18962 -0.468442 -0.0680986 0.880866 0.856336 -0.280301 0.433728 -1.63645 2.10062 -0.205987</i>
                        <i>0.220525 0.956118 0.192891 -0.468725 -0.069546 0.880602 0.855374 -0.284608 0.43282 -1.63624 2.09842 -0.205878</i>
                        <i>0.223629 0.954684 0.196387 -0.468864 -0.0712749 0.88039 0.854492 -0.288959 0.431678 -1.63634 2.09613 -0.20593</i>
                        <i>0.226684 0.953189 0.200114 -0.468845 -0.0732989 0.880234 0.853697 -0.293357 0.430282 -1.63676 2.09381 -0.206146</i>
                        <i>0.229607 0.951667 0.203985 -0.468644 -0.0755856 0.880147 0.853026 -0.297685 0.428638 -1.63751 2.09154 -0.206529</i>
                        <i>0.232213 0.950211 0.207787 -0.468229 -0.0780409 0.880154 0.852549 -0.301675 0.426794 -1.63858 2.0894 -0.207081</i>
                        <i>0.234321 0.948916 0.211311 -0.467567 -0.080568 0.880279 0.852335 -0.30507 0.424802 -1.63999 2.08745 -0.207804</i>
                        <i>0.235757 0.947878 0.214351 -0.466628 -0.0830642 0.880545 0.852454 -0.307617 0.422723 -1.64174 2.08577 -0.2087</i>
                        <i>0.236347 0.947198 0.216693 -0.465388 -0.085418 0.880976 0.852968 -0.309062 0.420626 -1.64382 2.08441 -0.209771</i>
                        <i>0.235916 0.946979 0.218117 -0.463828 -0.0875055 0.881593 0.853936 -0.309151 0.418591 -1.64625 2.08344 -0.211015</i>
                    </KeyFrames>
                </p>
            </i>
            <i>
                <p>
                    <Name><![CDATA[spine1]]></Name>
                    <Exclude>0</Exclude>
                    <Additive>0</Additive>
                    <IKPriority>0</IKPriority>
                    <IKRotLimits>-1e+010 -1e+010 -1e+010 1e+010 1e+010 1e+010</IKRotLimits>
                    <IKRotLimitOrder>0</IKRotLimitOrder>
                    <KeyFrames count="30">
                        <i>0.511506 0.723759 0.46318 -0.612204 -0.0712927 0.787479 0.602966 -0.686361 0.406621 -1.60476 2.25009 -0.172645</i>
                        <i>0.523194 0.711528 0.469037 -0.611291 -0.0701515 0.788291 0.593795 -0.699147 0.398248 -1.60744 2.25084 -0.173699</i>
                        <i>0.531755 0.702815 0.472534 -0.610454 -0.0686532 0.789071 0.587011 -0.708053 0.392529 -1.60988 2.25216 -0.17477</i>
                        <i>0.537436 0.697505 0.473972 -0.609713 -0.0668939 0.789795 0.582592 -0.71345 0.389327 -1.61204 2.25396 -0.175839</i>
                        <i>0.540415 0.695461 0.473588 -0.609082 -0.064974 0.790442 0.580492 -0.71562 0.38848 -1.61389 2.25615 -0.176878</i>
                        <i>0.540802 0.696539 0.471558 -0.608576 -0.0629957 0.790991 0.580662 -0.714748 0.389828 -1.61538 2.25861 -0.177852</i>
                        <i>0.538639 0.700605 0.467997 -0.608209 -0.0610608 0.791425 0.583053 -0.710932 0.393224 -1.61643 2.26123 -0.178723</i>
                        <i>0.533891 0.707549 0.462963 -0.607996 -0.059269 0.791725 0.587623 -0.704175 0.398544 -1.617 2.26392 -0.179439</i>
                        <i>0.526715 0.716987 0.456618 -0.607943 -0.0577054 0.791881 0.594118 -0.694694 0.405493 -1.61704 2.26654 -0.179964</i>
                        <i>0.517535 0.728257 0.449221 -0.608026 -0.0563922 0.791912 0.602048 -0.68298 0.413614 -1.61662 2.269 -0.180287</i>
                        <i>0.506755 0.740729 0.441044 -0.608231 -0.0553595 0.791827 0.610946 -0.669519 0.42248 -1.61576 2.27118 -0.180399</i>
                        <i>0.494827 0.753774 0.432402 -0.608543 -0.0546352 0.791638 0.62034 -0.654859 0.431669 -1.61452 2.27298 -0.180291</i>
                        <i>0.482269 0.76676 0.42367 -0.60895 -0.0542461 0.791351 0.629759 -0.639638 0.440757 -1.61295 2.2743 -0.179965</i>
                        <i>0.469682 0.779062 0.415285 -0.609438 -0.054218 0.790978 0.638736 -0.624598 0.449325 -1.61112 2.27504 -0.179427</i>
                        <i>0.457746 0.790067 0.407754 -0.609991 -0.0545767 0.790527 0.646823 -0.610586 0.456951 -1.6091 2.2751 -0.178694</i>
                        <i>0.447063 0.799347 0.401471 -0.610583 -0.0552963 0.79002 0.6537 -0.59832 0.463346 -1.60698 2.27448 -0.177805</i>
                        <i>0.438035 0.806746 0.396593 -0.61117 -0.0562691 0.789497 0.659239 -0.588213 0.468411 -1.60491 2.27329 -0.176841</i>
                        <i>0.4311 0.812072 0.393309 -0.611708 -0.0573999 0.788998 0.663299 -0.580728 0.472006 -1.60301 2.27165 -0.175873</i>
                        <i>0.426692 0.815123 0.391801 -0.61215 -0.0585955 0.788568 0.665738 -0.576316 0.473975 -1.60142 2.26968 -0.174977</i>
                        <i>0.424822 0.815967 0.392078 -0.612498 -0.0598482 0.788203 0.666613 -0.574993 0.474353 -1.60014 2.26745 -0.174167</i>
                        <i>0.425232 0.814812 0.394029 -0.612791 -0.0611989 0.787871 0.666081 -0.576486 0.473286 -1.59913 2.26504 -0.173425</i>
                        <i>0.427913 0.811657 0.397623 -0.613031 -0.0626282 0.787573 0.664141 -0.580768 0.470771 -1.59839 2.26255 -0.172767</i>
                        <i>0.432828 0.80648 0.402802 -0.61322 -0.0641173 0.787305 0.660773 -0.587774 0.466798 -1.59795 2.26005 -0.17221</i>
                        <i>0.440122 0.799011 0.409724 -0.613389 -0.0657115 0.787043 0.65578 -0.597715 0.461184 -1.5978 2.25764 -0.171752</i>
                        <i>0.449621 0.789275 0.418194 -0.613532 -0.0673706 0.786791 0.649168 -0.610333 0.453954 -1.59798 2.25539 -0.17141</i>
                        <i>0.460783 0.777708 0.427609 -0.613602 -0.0689463 0.7866 0.641227 -0.624833 0.445434 -1.59851 2.25342 -0.171217</i>
                        <i>0.473065 0.764796 0.437374 -0.613549 -0.0702869 0.786522 0.632271 -0.640427 0.43599 -1.59942 2.25181 -0.17121</i>
                        <i>0.485943 0.751085 0.446912 -0.613327 -0.0712355 0.78661 0.622647 -0.656351 0.426045 -1.60074 2.25065 -0.171421</i>
                        <i>0.498913 0.737184 0.455682 -0.612891 -0.071628 0.786914 0.61274 -0.671885 0.416077 -1.60251 2.25005 -0.171887</i>
                        <i>0.511506 0.723759 0.46318 -0.612204 -0.0712927 0.787479 0.602966 -0.686361 0.406621 -1.60476 2.25009 -0.172645</i>
                    </KeyFrames>
                </p>
            </i>
            <i>
                <p>
                    <Name><![CDATA[spine2]]></Name>
                    <Exclude>0</Exclude>
                    <Additive>0</Additive>
                    <IKPriority>0</IKPriority>
                    <IKRotLimits>-1e+010 -1e+010 -1e+010 1e+010 1e+010 1e+010</IKRotLimits>
                    <IKRotLimitOrder>0</IKRotLimitOrder>
                    <KeyFrames count="30">
                        <i>0.596351 0.635 0.49106 -0.690542 0.093908 0.71717 0.409289 -0.766783 0.494497 -1.52204 2.36701 -0.0975283</i>
                        <i>0.603993 0.623712 0.496161 -0.689134 0.0959814 0.718249 0.400358 -0.775739 0.487793 -1.52222 2.36657 -0.0970899</i>
                        <i>0.609822 0.61509 0.499781 -0.687967 0.09776 0.719127 0.39347 -0.782372 0.482778 -1.52273 2.36715 -0.0971137</i>
                        <i>0.613978 0.609062 0.50207 -0.687055 0.099248 0.719796 0.388571 -0.786888 0.479395 -1.52352 2.36864 -0.0975518</i>
                        <i>0.616558 0.605562 0.503141 -0.686409 0.100445 0.720246 0.385616 -0.789433 0.477593 -1.52454 2.37091 -0.0983566</i>
                        <i>0.617616 0.604545 0.503066 -0.686041 0.101342 0.720471 0.384576 -0.790098 0.477333 -1.52574 2.37381 -0.0994796</i>
                        <i>0.61716 0.605993 0.501882 -0.685965 0.10192 0.720462 0.385443 -0.788914 0.478591 -1.52708 2.37721 -0.100871</i>
                        <i>0.615146 0.609921 0.499591 -0.686196 0.102146 0.720209 0.38824 -0.785851 0.48136 -1.5285 2.38096 -0.102478</i>
                        <i>0.611654 0.616101 0.496286 -0.686721 0.102003 0.719729 0.392803 -0.781035 0.48548 -1.52993 2.3849 -0.104226</i>
                        <i>0.606889 0.624106 0.492115 -0.687487 0.10153 0.719065 0.398808 -0.774715 0.490682 -1.53132 2.38882 -0.10603</i>
                        <i>0.601044 0.633526 0.487228 -0.688442 0.10075 0.71826 0.405948 -0.767134 0.496701 -1.5326 2.39255 -0.107808</i>
                        <i>0.594328 0.643934 0.481791 -0.689536 0.0996903 0.717358 0.413901 -0.758558 0.503264 -1.53373 2.3959 -0.109473</i>
                        <i>0.586988 0.654882 0.475999 -0.690713 0.0983879 0.716404 0.422328 -0.749299 0.510088 -1.53463 2.3987 -0.110942</i>
                        <i>0.579317 0.665892 0.470084 -0.691916 0.0968904 0.715447 0.430864 -0.73973 0.516872 -1.53526 2.40078 -0.112131</i>
                        <i>0.571666 0.676462 0.464323 -0.693085 0.0952591 0.714534 0.439124 -0.730291 0.523303 -1.53555 2.40199 -0.112959</i>
                        <i>0.564384 0.686164 0.458967 -0.694166 0.0935764 0.713706 0.446771 -0.721403 0.529125 -1.5355 2.40226 -0.113392</i>
                        <i>0.557766 0.694702 0.454187 -0.695113 0.0919485 0.712997 0.453558 -0.713397 0.534182 -1.53517 2.40174 -0.113478</i>
                        <i>0.552147 0.70176 0.450186 -0.69588 0.0904868 0.712435 0.459222 -0.706644 0.538302 -1.53462 2.40052 -0.113253</i>
                        <i>0.547868 0.707021 0.447171 -0.696426 0.089307 0.71205 0.463499 -0.701531 0.541316 -1.53391 2.3987 -0.112758</i>
                        <i>0.545071 0.710364 0.445288 -0.696759 0.0884215 0.711835 0.466288 -0.698259 0.543148 -1.53304 2.39639 -0.112013</i>
                        <i>0.543753 0.711785 0.444629 -0.696913 0.0877767 0.711763 0.467595 -0.696891 0.543782 -1.53203 2.39367 -0.11103</i>
                        <i>0.544023 0.711158 0.4453 -0.696891 0.0873863 0.711833 0.467313 -0.69758 0.54314 -1.5309 2.39063 -0.109831</i>
                        <i>0.545965 0.708353 0.44739 -0.696694 0.0872591 0.712042 0.465338 -0.700444 0.541146 -1.52966 2.38735 -0.108438</i>
                        <i>0.549858 0.702888 0.451226 -0.696315 0.087386 0.712397 0.461304 -0.705913 0.537481 -1.5283 2.38387 -0.106825</i>
                        <i>0.55563 0.694744 0.456734 -0.695753 0.0877671 0.712899 0.455196 -0.713882 0.532136 -1.52685 2.38029 -0.10503</i>
                        <i>0.5628 0.684498 0.463377 -0.695019 0.0884169 0.713535 0.447443 -0.723633 0.5255 -1.52543 2.37677 -0.103176</i>
                        <i>0.570896 0.672751 0.470622 -0.69412 0.0893467 0.714293 0.438493 -0.734455 0.517977 -1.52413 2.3735 -0.101383</i>
                        <i>0.579461 0.660136 0.47796 -0.693066 0.0905657 0.715163 0.428818 -0.745667 0.509997 -1.52307 2.37066 -0.0997676</i>
                        <i>0.588074 0.647321 0.484917 -0.691868 0.0920827 0.716128 0.418912 -0.756635 0.502012 -1.52234 2.36843 -0.0984452</i>
                        <i>0.596351 0.635 0.49106 -0.690542 0.093908 0.71717 0.409289 -0.766783 0.494497 -1.52204 2.36701 -0.0975283</i>
                    </KeyFrames>
                </p>
            </i>
            <i>
                <p>
                    <Name><![CDATA[head]]></Name>
                    <Exclude>0</Exclude>
                    <Additive>0</Additive>
                    <IKPriority>0</IKPriority>
                    <IKRotLimits>-1e+010 -1e+010 -1e+010 1e+010 1e+010 1e+010</IKRotLimits>
                    <IKRotLimitOrder>0</IKRotLimitOrder>
                    <KeyFrames count="30">
                        <i>0.107996 0.9689 0.222645 -0.299748 0.245267 -0.921952 -0.947886 0.0328297 0.316913 -1.37712 2.54782 0.015253</i>
                        <i>0.108186 0.971821 0.209428 -0.299755 0.232748 -0.925189 -0.947862 0.0373151 0.316488 -1.37526 2.54542 0.0174298</i>
                        <i>0.107777 0.974573 0.19645 -0.299989 0.22027 -0.928164 -0.947835 0.0411016 0.316101 -1.37412 2.54448 0.0187832</i>
                        <i>0.107582 0.976559 0.186436 -0.300119 0.210676 -0.930347 -0.947816 0.0441358 0.315748 -1.37365 2.54488 0.0193674</i>
                        <i>0.108419 0.977278 0.182133 -0.299821 0.206827 -0.931306 -0.947815 0.0463636 0.315432 -1.37379 2.54649 0.019232</i>
                        <i>0.110796 0.976408 0.185344 -0.298873 0.210594 -0.930766 -0.947839 0.047731 0.315155 -1.37452 2.54919 0.0184226</i>
                        <i>0.114246 0.974162 0.194823 -0.297399 0.22065 -0.928907 -0.947893 0.0481837 0.314923 -1.37579 2.55284 0.0169814</i>
                        <i>0.118117 0.970814 0.208732 -0.295609 0.235051 -0.925941 -0.947978 0.0476664 0.314745 -1.37758 2.55729 0.0149469</i>
                        <i>0.121962 0.966594 0.225434 -0.293692 0.252104 -0.922057 -0.948087 0.0462481 0.314629 -1.37978 2.56231 0.0124215</i>
                        <i>0.125443 0.96178 0.2434 -0.291831 0.270256 -0.917495 -0.948208 0.0440613 0.314579 -1.3823 2.56764 0.00954136</i>
                        <i>0.128234 0.956748 0.26113 -0.290226 0.287979 -0.912599 -0.948327 0.0412392 0.314602 -1.385 2.57301 0.00644497</i>
                        <i>0.130021 0.95199 0.277147 -0.289089 0.303773 -0.907827 -0.948432 0.037916 0.314706 -1.38776 2.57817 0.00327428</i>
                        <i>0.130492 0.948085 0.29001 -0.288623 0.316169 -0.903733 -0.948509 0.0342267 0.314896 -1.39047 2.58285 0.000175022</i>
                        <i>0.129331 0.945669 0.2983 -0.289012 0.323714 -0.900934 -0.948549 0.0303069 0.315176 -1.39297 2.58683 -0.00270286</i>
                        <i>0.126876 0.944607 0.302689 -0.290107 0.32715 -0.899339 -0.948546 0.0262925 0.315545 -1.39515 2.58985 -0.00520601</i>
                        <i>0.123816 0.944283 0.304959 -0.291581 0.328378 -0.898414 -0.948499 0.022318 0.315993 -1.39691 2.59181 -0.00723569</i>
                        <i>0.120335 0.944611 0.305337 -0.293311 0.327671 -0.898109 -0.948413 0.0185151 0.316495 -1.39825 2.59279 -0.00878448</i>
                        <i>0.116617 0.945492 0.30405 -0.29518 0.3253 -0.898359 -0.948298 0.0150146 0.317025 -1.39915 2.59285 -0.00983432</i>
                        <i>0.112846 0.946821 0.301322 -0.297067 0.321538 -0.899091 -0.948165 0.0119464 0.317554 -1.39959 2.59205 -0.0103676</i>
                        <i>0.10921 0.948494 0.297377 -0.298861 0.316656 -0.900229 -0.948027 0.00943923 0.318049 -1.39956 2.59046 -0.0103679</i>
                        <i>0.105896 0.950404 0.292436 -0.300456 0.310926 -0.901694 -0.947899 0.00762133 0.31848 -1.39906 2.58812 -0.00981983</i>
                        <i>0.103099 0.95245 0.286722 -0.301756 0.304623 -0.903409 -0.947794 0.00662035 0.318814 -1.39805 2.58509 -0.00870977</i>
                        <i>0.101018 0.954536 0.280456 -0.302678 0.298022 -0.9053 -0.947724 0.00656411 0.319023 -1.39655 2.58141 -0.00702608</i>
                        <i>0.100178 0.95644 0.274203 -0.303018 0.291826 -0.907203 -0.947705 0.0077933 0.319053 -1.39444 2.57702 -0.00463815</i>
                        <i>0.100678 0.958125 0.268069 -0.302766 0.286164 -0.909089 -0.947732 0.0103626 0.318898 -1.39175 2.57198 -0.00158569</i>
                        <i>0.102083 0.959766 0.261586 -0.302133 0.280452 -0.911078 -0.947784 0.0139722 0.318606 -1.38871 2.56659 0.00188619</i>
                        <i>0.103959 0.961527 0.254281 -0.301321 0.2741 -0.913277 -0.947838 0.0183232 0.318224 -1.38553 2.56115 0.00553647</i>
                        <i>0.105867 0.963553 0.245678 -0.300531 0.266517 -0.915778 -0.947878 0.0231164 0.317793 -1.3824 2.55599 0.0091307</i>
                        <i>0.107362 0.965976 0.235296 -0.29995 0.257106 -0.918655 -0.947894 0.028052 0.317348 -1.37954 2.55143 0.0124424</i>
                        <i>0.107996 0.9689 0.222645 -0.299748 0.245267 -0.921952 -0.947886 0.0328297 0.316913 -1.37712 2.54782 0.015253</i>
                    </KeyFrames>
                </p>
            </i>
            <i>
                <p>
                    <Name><![CDATA[head_prop]]></Name>
                    <Exclude>0</Exclude>
                    <Additive>0</Additive>
                    <IKPriority>0</IKPriority>
                    <IKRotLimits>-1e+010 -1e+010 -1e+010 1e+010 1e+010 1e+010</IKRotLimits>
                    <IKRotLimitOrder>0</IKRotLimitOrder>
                    <KeyFrames count="30">
                        <i>0.947886 -0.0328297 -0.316913 0.107996 0.9689 0.222645 0.299748 -0.245267 0.921952 -1.34192 2.8636 0.087815</i>
                        <i>0.947862 -0.0373151 -0.316488 0.108186 0.971821 0.209428 0.299755 -0.232748 0.925189 -1.34 2.86214 0.0856843</i>
                        <i>0.947835 -0.0411016 -0.316101 0.107777 0.974573 0.19645 0.299989 -0.22027 0.928164 -1.33899 2.8621 0.0828079</i>
                        <i>0.947816 -0.0441358 -0.315748 0.107582 0.976559 0.186436 0.300119 -0.210676 0.930347 -1.33858 2.86315 0.0801285</i>
                        <i>0.947815 -0.0463636 -0.315432 0.108419 0.977278 0.182133 0.299821 -0.206827 0.931306 -1.33846 2.865 0.0785907</i>
                        <i>0.947839 -0.047731 -0.315155 0.110796 0.976408 0.185344 0.298873 -0.210594 0.930766 -1.33841 2.86741 0.0788278</i>
                        <i>0.947893 -0.0481837 -0.314923 0.114246 0.974162 0.194823 0.297399 -0.22065 0.928907 -1.33856 2.87033 0.080476</i>
                        <i>0.947978 -0.0476664 -0.314745 0.118117 0.970814 0.208732 0.295609 -0.235051 0.925941 -1.33908 2.87368 0.0829747</i>
                        <i>0.948087 -0.0462481 -0.314629 0.121962 0.966594 0.225434 0.293692 -0.252104 0.922057 -1.34003 2.87733 0.0858923</i>
                        <i>0.948208 -0.0440613 -0.314579 0.125443 0.96178 0.2434 0.291831 -0.270256 0.917495 -1.34141 2.88109 0.0888678</i>
                        <i>0.948327 -0.0412392 -0.314602 0.128234 0.956748 0.26113 0.290226 -0.287979 0.912599 -1.3432 2.88482 0.0915494</i>
                        <i>0.948432 -0.037916 -0.314706 0.130021 0.95199 0.277147 0.289089 -0.303773 0.907827 -1.34539 2.88843 0.093599</i>
                        <i>0.948509 -0.0342267 -0.314896 0.130492 0.948085 0.29001 0.288623 -0.316169 0.903733 -1.34794 2.89184 0.094692</i>
                        <i>0.948549 -0.0303069 -0.315176 0.129331 0.945669 0.2983 0.289012 -0.323714 0.900934 -1.35082 2.89503 0.0945158</i>
                        <i>0.948546 -0.0262925 -0.315545 0.126876 0.944607 0.302689 0.290107 -0.32715 0.899339 -1.3538 2.89771 0.0934431</i>
                        <i>0.948499 -0.022318 -0.315993 0.123816 0.944283 0.304959 0.291581 -0.328378 0.898414 -1.35656 2.89956 0.0921531</i>
                        <i>0.948413 -0.0185151 -0.316495 0.120335 0.944611 0.305337 0.293311 -0.327671 0.898109 -1.35903 2.90064 0.0907275</i>
                        <i>0.948298 -0.0150146 -0.317025 0.116617 0.945492 0.30405 0.29518 -0.3253 0.898359 -1.36114 2.90099 0.0892582</i>
                        <i>0.948165 -0.0119464 -0.317554 0.112846 0.946821 0.301322 0.297067 -0.321538 0.899091 -1.36281 2.90063 0.087836</i>
                        <i>0.948027 -0.00943923 -0.318049 0.10921 0.948494 0.297377 0.298861 -0.316656 0.900229 -1.36397 2.89958 0.08655</i>
                        <i>0.947899 -0.00762133 -0.31848 0.105896 0.950404 0.292436 0.300456 -0.310926 0.901694 -1.36454 2.89786 0.0854878</i>
                        <i>0.947794 -0.00662035 -0.318814 0.103099 0.95245 0.286722 0.301756 -0.304623 0.903409 -1.36445 2.8955 0.0847355</i>
                        <i>0.947724 -0.00656411 -0.319023 0.101018 0.954536 0.280456 0.302678 -0.298022 0.9053 -1.36363 2.89251 0.0843771</i>
                        <i>0.947705 -0.0077933 -0.319053 0.100178 0.95644 0.274203 0.303018 -0.291826 0.907203 -1.36179 2.88873 0.0847272</i>
                        <i>0.947732 -0.0103626 -0.318898 0.100678 0.958125 0.268069 0.302766 -0.286164 0.909089 -1.35894 2.88424 0.0857805</i>
                        <i>0.947784 -0.0139722 -0.318606 0.102083 0.959766 0.261586 0.302133 -0.280452 0.911078 -1.35544 2.87938 0.0871395</i>
                        <i>0.947838 -0.0183232 -0.318224 0.103959 0.961527 0.254281 0.301321 -0.2741 0.913277 -1.35165 2.87452 0.088409</i>
                        <i>0.947878 -0.0231164 -0.317793 0.105867 0.963553 0.245678 0.300531 -0.266517 0.915778 -1.3479 2.87002 0.0891995</i>
                        <i>0.947894 -0.028052 -0.317348 0.107362 0.965976 0.235296 0.29995 -0.257106 0.918655 -1.34455 2.86625 0.0891273</i>
                        <i>0.947886 -0.0328297 -0.316913 0.107996 0.9689 0.222645 0.299748 -0.245267 0.921952 -1.34192 2.8636 0.087815</i>
                    </KeyFrames>
                </p>
            </i>
            <i>
                <p>
                    <Name><![CDATA[l_clav]]></Name>
                    <Exclude>0</Exclude>
                    <Additive>0</Additive>
                    <IKPriority>0</IKPriority>
                    <IKRotLimits>-1e+010 -1e+010 -1e+010 1e+010 1e+010 1e+010</IKRotLimits>
                    <IKRotLimitOrder>0</IKRotLimitOrder>
                    <KeyFrames count="30">
                        <i>0.709805 0.213442 -0.671282 0.19655 0.855121 0.479725 0.676421 -0.472451 0.565017 -1.40773 2.36866 -0.106314</i>
                        <i>0.707563 0.19828 -0.678263 0.21658 0.852786 0.475235 0.672643 -0.483157 0.560456 -1.40707 2.36738 -0.105474</i>
                        <i>0.704109 0.180251 -0.686834 0.238043 0.851362 0.46746 0.669004 -0.492639 0.556544 -1.40691 2.36738 -0.105219</i>
                        <i>0.699707 0.161009 -0.69605 0.259355 0.850563 0.457468 0.665691 -0.500618 0.553387 -1.40721 2.36853 -0.105486</i>
                        <i>0.694795 0.142194 -0.705011 0.278957 0.850241 0.4464 0.662905 -0.506825 0.551077 -1.4079 2.37067 -0.106216</i>
                        <i>0.689968 0.12544 -0.712887 0.295335 0.850376 0.435474 0.660848 -0.511004 0.549686 -1.40894 2.37367 -0.107354</i>
                        <i>0.68593 0.112386 -0.718936 0.307021 0.851054 0.425965 0.659725 -0.51291 0.549259 -1.41028 2.37736 -0.108846</i>
                        <i>0.683416 0.104686 -0.722484 0.31257 0.852402 0.419178 0.659729 -0.5123 0.549824 -1.41187 2.3816 -0.110643</i>
                        <i>0.683117 0.104043 -0.72286 0.310693 0.854359 0.416581 0.660924 -0.509161 0.551302 -1.41365 2.38618 -0.112664</i>
                        <i>0.684789 0.10976 -0.720428 0.302225 0.856794 0.417809 0.663117 -0.503842 0.553551 -1.41553 2.39088 -0.114815</i>
                        <i>0.687548 0.119545 -0.716231 0.289342 0.859565 0.421223 0.666003 -0.496847 0.556403 -1.41743 2.39546 -0.116999</i>
                        <i>0.690991 0.132749 -0.71057 0.272816 0.862405 0.426414 0.669405 -0.488503 0.559698 -1.41927 2.39972 -0.119115</i>
                        <i>0.694724 0.148708 -0.703736 0.253427 0.865046 0.432977 0.673151 -0.479146 0.563282 -1.42096 2.40345 -0.121059</i>
                        <i>0.698394 0.166736 -0.696021 0.231975 0.867253 0.440522 0.677077 -0.469117 0.567006 -1.42239 2.40643 -0.122723</i>
                        <i>0.701714 0.186124 -0.687718 0.20928 0.868842 0.448682 0.681028 -0.458772 0.570726 -1.42347 2.40846 -0.123998</i>
                        <i>0.704484 0.206132 -0.679126 0.186177 0.869708 0.457107 0.684865 -0.448462 0.574318 -1.42415 2.40948 -0.124826</i>
                        <i>0.706604 0.225997 -0.670549 0.163499 0.869839 0.465455 0.688461 -0.438526 0.577682 -1.42446 2.40958 -0.125237</i>
                        <i>0.708065 0.244949 -0.662303 0.142093 0.869302 0.473417 0.691704 -0.429319 0.580716 -1.42441 2.40885 -0.125251</i>
                        <i>0.708939 0.262216 -0.654712 0.122808 0.868236 0.480713 0.694495 -0.4212 0.583324 -1.42404 2.40739 -0.12489</i>
                        <i>0.709368 0.277034 -0.648111 0.106487 0.86684 0.487081 0.696747 -0.414535 0.585409 -1.42335 2.40527 -0.124176</i>
                        <i>0.709533 0.288646 -0.642842 0.0939695 0.865352 0.492275 0.698378 -0.409693 0.586872 -1.42238 2.40256 -0.123133</i>
                        <i>0.70962 0.296305 -0.639252 0.0860876 0.864015 0.496051 0.699306 -0.40704 0.587614 -1.42115 2.39936 -0.121787</i>
                        <i>0.709734 0.298012 -0.638331 0.084762 0.863408 0.497335 0.699351 -0.407082 0.58753 -1.41968 2.39573 -0.120164</i>
                        <i>0.710093 0.293232 -0.640143 0.0908689 0.863387 0.496293 0.69822 -0.410583 0.586439 -1.41796 2.39166 -0.118238</i>
                        <i>0.710673 0.283462 -0.643889 0.10315 0.863362 0.49393 0.69592 -0.41744 0.584329 -1.41605 2.38726 -0.116059</i>
                        <i>0.711186 0.270232 -0.648991 0.119875 0.863032 0.490719 0.692708 -0.42679 0.581382 -1.41406 2.38275 -0.113775</i>
                        <i>0.711391 0.255083 -0.654871 0.13931 0.862136 0.48715 0.688851 -0.437784 0.57778 -1.41212 2.37839 -0.111525</i>
                        <i>0.711172 0.239555 -0.660944 0.159718 0.860514 0.483742 0.684634 -0.449589 0.573712 -1.41035 2.37441 -0.109446</i>
                        <i>0.710575 0.225174 -0.666618 0.17937 0.85814 0.481064 0.680375 -0.461403 0.569383 -1.40885 2.37107 -0.107668</i>
                        <i>0.709805 0.213442 -0.671282 0.19655 0.855121 0.479725 0.676421 -0.472451 0.565017 -1.40773 2.36866 -0.106314</i>
                    </KeyFrames>
                </p>
            </i>
            <i>
                <p>
                    <Name><![CDATA[l_shoulder]]></Name>
                    <Exclude>0</Exclude>
                    <Additive>0</Additive>
                    <IKPriority>0</IKPriority>
                    <IKRotLimits>-1e+010 -1e+010 -1e+010 1e+010 1e+010 1e+010</IKRotLimits>
                    <IKRotLimitOrder>0</IKRotLimitOrder>
                    <KeyFrames count="30">
                        <i>0.163331 -0.705003 -0.69014 0.829859 0.47648 -0.290344 0.533532 -0.525297 0.662878 -1.26749 2.41083 -0.238945</i>
                        <i>0.159538 -0.694703 -0.701381 0.830886 0.478152 -0.284603 0.533081 -0.537363 0.653503 -1.26727 2.40656 -0.239484</i>
                        <i>0.157166 -0.684816 -0.711565 0.831307 0.480705 -0.27902 0.533131 -0.547677 0.644843 -1.26779 2.403 -0.240922</i>
                        <i>0.156342 -0.675941 -0.720181 0.831148 0.483966 -0.273805 0.53362 -0.55577 0.637471 -1.26896 2.40034 -0.243011</i>
                        <i>0.15713 -0.668735 -0.726707 0.830465 0.487694 -0.269225 0.534451 -0.561202 0.631993 -1.27062 2.39877 -0.245511</i>
                        <i>0.159516 -0.66388 -0.730629 0.829338 0.491582 -0.265605 0.535494 -0.56357 0.628996 -1.27262 2.39845 -0.248205</i>
                        <i>0.163468 -0.662087 -0.731382 0.827866 0.495279 -0.26332 0.536579 -0.562441 0.629081 -1.27475 2.39957 -0.250893</i>
                        <i>0.168359 -0.663764 -0.728747 0.826358 0.498086 -0.262761 0.53739 -0.557968 0.632364 -1.27684 2.40228 -0.25339</i>
                        <i>0.173283 -0.66887 -0.722901 0.825177 0.499294 -0.264176 0.537639 -0.550744 0.638455 -1.27868 2.40674 -0.255485</i>
                        <i>0.17827 -0.676869 -0.714191 0.824261 0.499139 -0.267311 0.537415 -0.541026 0.646898 -1.28023 2.41256 -0.257156</i>
                        <i>0.183666 -0.686849 -0.703211 0.823385 0.49826 -0.271614 0.536939 -0.529127 0.657055 -1.28159 2.41908 -0.258511</i>
                        <i>0.189542 -0.698229 -0.690326 0.822475 0.496918 -0.276781 0.536292 -0.515314 0.668463 -1.28275 2.42595 -0.259508</i>
                        <i>0.195916 -0.710415 -0.675964 0.821466 0.495356 -0.282516 0.535546 -0.499932 0.680631 -1.28369 2.43283 -0.260102</i>
                        <i>0.202716 -0.722813 -0.660642 0.820316 0.493786 -0.288543 0.534778 -0.483443 0.693033 -1.2844 2.43937 -0.260242</i>
                        <i>0.209766 -0.734837 -0.64499 0.819 0.492384 -0.294615 0.534077 -0.466447 0.705117 -1.28482 2.44524 -0.259876</i>
                        <i>0.216777 -0.745936 -0.629751 0.817511 0.491288 -0.300518 0.533557 -0.449683 0.716311 -1.28496 2.4502 -0.259007</i>
                        <i>0.22336 -0.755602 -0.615772 0.81586 0.490604 -0.306073 0.53337 -0.434019 0.726047 -1.28485 2.45423 -0.257723</i>
                        <i>0.229021 -0.763363 -0.604009 0.814066 0.490408 -0.311123 0.53371 -0.420449 0.733741 -1.28451 2.45725 -0.256108</i>
                        <i>0.232837 -0.769056 -0.595264 0.81253 0.490178 -0.315468 0.534398 -0.410218 0.739013 -1.28396 2.4592 -0.254247</i>
                        <i>0.234221 -0.772787 -0.589864 0.811644 0.48942 -0.318909 0.53514 -0.404065 0.74186 -1.28319 2.46 -0.252229</i>
                        <i>0.233186 -0.774529 -0.587987 0.811413 0.488223 -0.321321 0.535941 -0.402173 0.74231 -1.28219 2.45959 -0.250145</i>
                        <i>0.22983 -0.774249 -0.589675 0.81184 0.486675 -0.322588 0.536744 -0.404582 0.740419 -1.28094 2.4579 -0.24809</i>
                        <i>0.224275 -0.771647 -0.595199 0.812863 0.485017 -0.32251 0.537545 -0.411484 0.736021 -1.27945 2.45461 -0.246285</i>
                        <i>0.216582 -0.766529 -0.604587 0.814639 0.483183 -0.320777 0.538011 -0.423046 0.729093 -1.27767 2.4496 -0.244716</i>
                        <i>0.207299 -0.75917 -0.616999 0.817146 0.481137 -0.317457 0.537865 -0.43837 0.720092 -1.27563 2.44327 -0.243278</i>
                        <i>0.197327 -0.750026 -0.631287 0.820062 0.47914 -0.312927 0.537178 -0.455946 0.709615 -1.27354 2.43615 -0.242001</i>
                        <i>0.187431 -0.73955 -0.646479 0.823072 0.477451 -0.307559 0.536117 -0.474453 0.698192 -1.27156 2.42878 -0.240913</i>
                        <i>0.178207 -0.728214 -0.661775 0.825883 0.476313 -0.301733 0.534939 -0.492778 0.686302 -1.26983 2.42174 -0.240035</i>
                        <i>0.170081 -0.716518 -0.676516 0.828227 0.475933 -0.295852 0.53396 -0.50999 0.674387 -1.26845 2.41556 -0.239377</i>
                        <i>0.163331 -0.705003 -0.69014 0.829859 0.47648 -0.290344 0.533532 -0.525297 0.662878 -1.26749 2.41083 -0.238945</i>
                    </KeyFrames>
                </p>
            </i>
            <i>
                <p>
                    <Name><![CDATA[l_elbow]]></Name>
                    <Exclude>0</Exclude>
                    <Additive>0</Additive>
                    <IKPriority>0</IKPriority>
                    <IKRotLimits>-1e+010 -1e+010 -1e+010 1e+010 1e+010 1e+010</IKRotLimits>
                    <IKRotLimitOrder>0</IKRotLimitOrder>
                    <KeyFrames count="30">
                        <i>0.551999 -0.64274 0.531208 0.831155 0.475244 -0.28866 -0.06692 0.600856 0.796551 -1.21436 2.18151 -0.463431</i>
                        <i>0.5495 -0.640845 0.536066 0.832181 0.476884 -0.282941 -0.0743196 0.60158 0.795348 -1.21537 2.18059 -0.467627</i>
                        <i>0.547802 -0.638836 0.540187 0.832602 0.47941 -0.27738 -0.0817709 0.60171 0.794518 -1.21667 2.18024 -0.472378</i>
                        <i>0.54695 -0.637033 0.543171 0.832445 0.482651 -0.272183 -0.0887725 0.60103 0.794281 -1.21811 2.18047 -0.477269</i>
                        <i>0.546981 -0.635742 0.54465 0.831764 0.486365 -0.267615 -0.0947642 0.599401 0.79482 -1.21951 2.18124 -0.481892</i>
                        <i>0.547911 -0.63521 0.544337 0.830639 0.490246 -0.264003 -0.0991618 0.596797 0.796241 -1.22073 2.18251 -0.485862</i>
                        <i>0.549736 -0.635664 0.541961 0.829169 0.493946 -0.261718 -0.101334 0.593253 0.798613 -1.22158 2.18421 -0.488794</i>
                        <i>0.552221 -0.637825 0.536871 0.827663 0.496764 -0.26115 -0.10013 0.588561 0.802228 -1.22208 2.18638 -0.490435</i>
                        <i>0.554998 -0.642581 0.528268 0.826482 0.497991 -0.262551 -0.0943624 0.582319 0.807466 -1.22231 2.18917 -0.490628</i>
