<?xml version="1.0" encoding="ISO-8859-1" ?>
<Animl Version="1">
    <ModellingPackage><![CDATA[Maya.2010]]></ModellingPackage>
    <SrcFile><![CDATA[anims\turrets\antitank\red\~src\at_at4spigot\at_at4spigot_aim_random_crewman_c.mb]]></SrcFile>
    <FramesPerSecond>30</FramesPerSecond>
    <TotalFrames>60</TotalFrames>
    <Skeleton>
        <RefFrame>
            <Name><![CDATA[soldier_ref_frame]]></Name>
            <Exclude>0</Exclude>
            <Additive>0</Additive>
            <IKPriority>0</IKPriority>
            <IKRotLimits>-1e+010 -1e+010 -1e+010 1e+010 1e+010 1e+010</IKRotLimits>
            <IKRotLimitOrder>0</IKRotLimitOrder>
            <KeyFrames count="60">
                <i>1 0 0 0 1 0 0 0 1 -2.11 0.88 -0.15</i>
                <i>1 0 0 0 1 0 0 0 1 -2.11 0.88 -0.15</i>
                <i>1 0 0 0 1 0 0 0 1 -2.11 0.88 -0.15</i>
                <i>1 0 0 0 1 0 0 0 1 -2.11 0.88 -0.15</i>
                <i>1 0 0 0 1 0 0 0 1 -2.11 0.88 -0.15</i>
                <i>1 0 0 0 1 0 0 0 1 -2.11 0.88 -0.15</i>
                <i>1 0 0 0 1 0 0 0 1 -2.11 0.88 -0.15</i>
                <i>1 0 0 0 1 0 0 0 1 -2.11 0.88 -0.15</i>
                <i>1 0 0 0 1 0 0 0 1 -2.11 0.88 -0.15</i>
                <i>1 0 0 0 1 0 0 0 1 -2.11 0.88 -0.15</i>
                <i>1 0 0 0 1 0 0 0 1 -2.11 0.88 -0.15</i>
                <i>1 0 0 0 1 0 0 0 1 -2.11 0.88 -0.15</i>
                <i>1 0 0 0 1 0 0 0 1 -2.11 0.88 -0.15</i>
                <i>1 0 0 0 1 0 0 0 1 -2.11 0.88 -0.15</i>
                <i>1 0 0 0 1 0 0 0 1 -2.11 0.88 -0.15</i>
                <i>1 0 0 0 1 0 0 0 1 -2.11 0.88 -0.15</i>
                <i>1 0 0 0 1 0 0 0 1 -2.11 0.88 -0.15</i>
                <i>1 0 0 0 1 0 0 0 1 -2.11 0.88 -0.15</i>
                <i>1 0 0 0 1 0 0 0 1 -2.11 0.88 -0.15</i>
                <i>1 0 0 0 1 0 0 0 1 -2.11 0.88 -0.15</i>
                <i>1 0 0 0 1 0 0 0 1 -2.11 0.88 -0.15</i>
                <i>1 0 0 0 1 0 0 0 1 -2.11 0.88 -0.15</i>
                <i>1 0 0 0 1 0 0 0 1 -2.11 0.88 -0.15</i>
                <i>1 0 0 0 1 0 0 0 1 -2.11 0.88 -0.15</i>
                <i>1 0 0 0 1 0 0 0 1 -2.11 0.88 -0.15</i>
                <i>1 0 0 0 1 0 0 0 1 -2.11 0.88 -0.15</i>
                <i>1 0 0 0 1 0 0 0 1 -2.11 0.88 -0.15</i>
                <i>1 0 0 0 1 0 0 0 1 -2.11 0.88 -0.15</i>
                <i>1 0 0 0 1 0 0 0 1 -2.11 0.88 -0.15</i>
                <i>1 0 0 0 1 0 0 0 1 -2.11 0.88 -0.15</i>
                <i>1 0 0 0 1 0 0 0 1 -2.11 0.88 -0.15</i>
                <i>1 0 0 0 1 0 0 0 1 -2.11 0.88 -0.15</i>
                <i>1 0 0 0 1 0 0 0 1 -2.11 0.88 -0.15</i>
                <i>1 0 0 0 1 0 0 0 1 -2.11 0.88 -0.15</i>
                <i>1 0 0 0 1 0 0 0 1 -2.11 0.88 -0.15</i>
                <i>1 0 0 0 1 0 0 0 1 -2.11 0.88 -0.15</i>
                <i>1 0 0 0 1 0 0 0 1 -2.11 0.88 -0.15</i>
                <i>1 0 0 0 1 0 0 0 1 -2.11 0.88 -0.15</i>
                <i>1 0 0 0 1 0 0 0 1 -2.11 0.88 -0.15</i>
                <i>1 0 0 0 1 0 0 0 1 -2.11 0.88 -0.15</i>
                <i>1 0 0 0 1 0 0 0 1 -2.11 0.88 -0.15</i>
                <i>1 0 0 0 1 0 0 0 1 -2.11 0.88 -0.15</i>
                <i>1 0 0 0 1 0 0 0 1 -2.11 0.88 -0.15</i>
                <i>1 0 0 0 1 0 0 0 1 -2.11 0.88 -0.15</i>
                <i>1 0 0 0 1 0 0 0 1 -2.11 0.88 -0.15</i>
                <i>1 0 0 0 1 0 0 0 1 -2.11 0.88 -0.15</i>
                <i>1 0 0 0 1 0 0 0 1 -2.11 0.88 -0.15</i>
                <i>1 0 0 0 1 0 0 0 1 -2.11 0.88 -0.15</i>
                <i>1 0 0 0 1 0 0 0 1 -2.11 0.88 -0.15</i>
                <i>1 0 0 0 1 0 0 0 1 -2.11 0.88 -0.15</i>
                <i>1 0 0 0 1 0 0 0 1 -2.11 0.88 -0.15</i>
                <i>1 0 0 0 1 0 0 0 1 -2.11 0.88 -0.15</i>
                <i>1 0 0 0 1 0 0 0 1 -2.11 0.88 -0.15</i>
                <i>1 0 0 0 1 0 0 0 1 -2.11 0.88 -0.15</i>
                <i>1 0 0 0 1 0 0 0 1 -2.11 0.88 -0.15</i>
                <i>1 0 0 0 1 0 0 0 1 -2.11 0.88 -0.15</i>
                <i>1 0 0 0 1 0 0 0 1 -2.11 0.88 -0.15</i>
                <i>1 0 0 0 1 0 0 0 1 -2.11 0.88 -0.15</i>
                <i>1 0 0 0 1 0 0 0 1 -2.11 0.88 -0.15</i>
                <i>1 0 0 0 1 0 0 0 1 -2.11 0.88 -0.15</i>
            </KeyFrames>
        </RefFrame>
        <Bones count="23">
            <i>
                <p>
                    <Name><![CDATA[pelvis]]></Name>
                    <Exclude>0</Exclude>
                    <Additive>0</Additive>
                    <IKPriority>0</IKPriority>
                    <IKRotLimits>-1e+010 -1e+010 -1e+010 1e+010 1e+010 1e+010</IKRotLimits>
                    <IKRotLimitOrder>2</IKRotLimitOrder>
                    <KeyFrames count="60">
                        <i>1 0 0 0 1 0 0 0 1 -1.61453 1.94424 -0.193363</i>
                        <i>1 0 0 0 1 0 0 0 1 -1.60912 1.93721 -0.203637</i>
                        <i>1 0 0 0 1 0 0 0 1 -1.59807 1.92347 -0.227979</i>
                        <i>1 0 0 0 1 0 0 0 1 -1.58912 1.91405 -0.256673</i>
                        <i>1 0 0 0 1 0 0 0 1 -1.59 1.92 -0.28</i>
                        <i>1 0 0 0 1 0 0 0 1 -1.6047 1.9483 -0.297672</i>
                        <i>1 0 0 0 1 0 0 0 1 -1.62804 1.99134 -0.314931</i>
                        <i>1 0 0 0 1 0 0 0 1 -1.65403 2.03823 -0.330354</i>
                        <i>1 0 0 0 1 0 0 0 1 -1.67668 2.07808 -0.342518</i>
                        <i>1 0 0 0 1 0 0 0 1 -1.69 2.1 -0.35</i>
                        <i>1 0 0 0 1 0 0 0 1 -1.69 2.09888 -0.35</i>
                        <i>1 0 0 0 1 0 0 0 1 -1.69 2.09584 -0.35</i>
                        <i>1 0 0 0 1 0 0 0 1 -1.69 2.09136 -0.35</i>
                        <i>1 0 0 0 1 0 0 0 1 -1.69 2.08592 -0.35</i>
                        <i>1 0 0 0 1 0 0 0 1 -1.69 2.08 -0.35</i>
                        <i>1 0 0 0 1 0 0 0 1 -1.69 2.07408 -0.35</i>
                        <i>1 0 0 0 1 0 0 0 1 -1.69 2.06864 -0.35</i>
                        <i>1 0 0 0 1 0 0 0 1 -1.69 2.06416 -0.35</i>
                        <i>1 0 0 0 1 0 0 0 1 -1.69 2.06112 -0.35</i>
                        <i>1 0 0 0 1 0 0 0 1 -1.69 2.06 -0.35</i>
                        <i>1 0 0 0 1 0 0 0 1 -1.69087 2.06112 -0.35</i>
                        <i>1 0 0 0 1 0 0 0 1 -1.69326 2.06416 -0.35</i>
                        <i>1 0 0 0 1 0 0 0 1 -1.69688 2.06864 -0.35</i>
                        <i>1 0 0 0 1 0 0 0 1 -1.70139 2.07408 -0.35</i>
                        <i>1 0 0 0 1 0 0 0 1 -1.7065 2.08 -0.35</i>
                        <i>1 0 0 0 1 0 0 0 1 -1.71189 2.08592 -0.35</i>
                        <i>1 0 0 0 1 0 0 0 1 -1.71724 2.09136 -0.35</i>
                        <i>1 0 0 0 1 0 0 0 1 -1.72226 2.09584 -0.35</i>
                        <i>1 0 0 0 1 0 0 0 1 -1.72661 2.09888 -0.35</i>
                        <i>1 0 0 0 1 0 0 0 1 -1.73 2.1 -0.35</i>
                        <i>1 0 0 0 1 0 0 0 1 -1.73282 2.09949 -0.35</i>
                        <i>1 0 0 0 1 0 0 0 1 -1.73566 2.09806 -0.35</i>
                        <i>1 0 0 0 1 0 0 0 1 -1.7385 2.09584 -0.35</i>
                        <i>1 0 0 0 1 0 0 0 1 -1.74129 2.09298 -0.35</i>
                        <i>1 0 0 0 1 0 0 0 1 -1.744 2.08963 -0.35</i>
                        <i>1 0 0 0 1 0 0 0 1 -1.74661 2.08592 -0.35</i>
                        <i>1 0 0 0 1 0 0 0 1 -1.74908 2.082 -0.35</i>
                        <i>1 0 0 0 1 0 0 0 1 -1.75138 2.078 -0.35</i>
                        <i>1 0 0 0 1 0 0 0 1 -1.75347 2.07408 -0.35</i>
                        <i>1 0 0 0 1 0 0 0 1 -1.75533 2.07037 -0.35</i>
                        <i>1 0 0 0 1 0 0 0 1 -1.75693 2.06702 -0.35</i>
                        <i>1 0 0 0 1 0 0 0 1 -1.75822 2.06416 -0.35</i>
                        <i>1 0 0 0 1 0 0 0 1 -1.75919 2.06194 -0.35</i>
                        <i>1 0 0 0 1 0 0 0 1 -1.75979 2.06051 -0.35</i>
                        <i>1 0 0 0 1 0 0 0 1 -1.76 2.06 -0.35</i>
                        <i>1 0 0 0 1 0 0 0 1 -1.7504 2.06243 -0.344979</i>
                        <i>1 0 0 0 1 0 0 0 1 -1.73126 2.06951 -0.335937</i>
                        <i>1 0 0 0 1 0 0 0 1 -1.70769 2.07625 -0.324412</i>
                        <i>1 0 0 0 1 0 0 0 1 -1.68484 2.07762 -0.311945</i>
                        <i>1 0 0 0 1 0 0 0 1 -1.66783 2.06864 -0.300077</i>
                        <i>1 0 0 0 1 0 0 0 1 -1.65749 2.04313 -0.288403</i>
                        <i>1 0 0 0 1 0 0 0 1 -1.65039 2.00443 -0.275896</i>
                        <i>1 0 0 0 1 0 0 0 1 -1.64531 1.96178 -0.263163</i>
                        <i>1 0 0 0 1 0 0 0 1 -1.64102 1.92444 -0.250809</i>
                        <i>1 0 0 0 1 0 0 0 1 -1.63631 1.90165 -0.239442</i>
                        <i>1 0 0 0 1 0 0 0 1 -1.63063 1.89812 -0.227821</i>
                        <i>1 0 0 0 1 0 0 0 1 -1.6248 1.90768 -0.215539</i>
                        <i>1 0 0 0 1 0 0 0 1 -1.61964 1.92328 -0.204461</i>
                        <i>1 0 0 0 1 0 0 0 1 -1.61594 1.93782 -0.196448</i>
                        <i>1 0 0 0 1 0 0 0 1 -1.61453 1.94424 -0.193363</i>
                    </KeyFrames>
                </p>
            </i>
            <i>
                <p>
                    <Name><![CDATA[spine0]]></Name>
                    <Exclude>0</Exclude>
                    <Additive>0</Additive>
                    <IKPriority>0</IKPriority>
                    <IKRotLimits>-1e+010 -1e+010 -1e+010 1e+010 1e+010 1e+010</IKRotLimits>
                    <IKRotLimitOrder>0</IKRotLimitOrder>
                    <KeyFrames count="60">
                        <i>0.235916 0.946979 0.218117 -0.463828 -0.0875055 0.881593 0.853936 -0.309151 0.418591 -1.64625 2.08344 -0.211015</i>
                        <i>0.223227 0.951151 0.213264 -0.476292 -0.0844577 0.875222 0.85048 -0.296949 0.434172 -1.64259 2.07552 -0.224758</i>
                        <i>0.190346 0.961176 0.199772 -0.50921 -0.0773124 0.857162 0.839329 -0.264884 0.474725 -1.6348 2.05946 -0.257177</i>
                        <i>0.145649 0.973234 0.177769 -0.55692 -0.0678565 0.827789 0.817696 -0.21957 0.532131 -1.62777 2.04722 -0.294994</i>
                        <i>0.0978019 0.984129 0.148067 -0.616046 -0.0569823 0.785646 0.781615 -0.168054 0.600697 -1.62728 2.05158 -0.324635</i>
                        <i>0.0557213 0.991851 0.114574 -0.680816 -0.0461937 0.730997 0.730332 -0.118736 0.672694 -1.63731 2.08069 -0.343551</i>
                        <i>0.0250092 0.996339 0.081746 -0.741267 -0.0363828 0.670223 0.670744 -0.0773574 0.737644 -1.65478 2.12589 -0.358257</i>
                        <i>0.0060973 0.998568 0.053158 -0.790509 -0.027743 0.611822 0.612421 -0.0457523 0.789207 -1.67548 2.17516 -0.368901</i>
                        <i>-0.00338567 0.999556 0.0295962 -0.825722 -0.0194888 0.56374 0.564067 -0.0225296 0.825422 -1.69443 2.2168 -0.376221</i>
                        <i>-0.00624092 0.999924 0.0106382 -0.846697 -0.0109441 0.531963 0.532039 -0.00568739 0.846701 -1.706 2.23951 -0.381251</i>
                        <i>-0.00391623 0.999961 0.00791521 -0.846522 -0.00752874 0.532301 0.53234 -0.00461578 0.846518 -1.70614 2.23833 -0.381471</i>
                        <i>0.00170597 0.999998 0.00132578 -0.846079 0.000736671 0.533057 0.533055 -0.0020311 0.846078 -1.70652 2.23511 -0.382068</i>
                        <i>0.00859481 0.99994 -0.00677166 -0.845509 0.0108827 0.533851 0.533893 0.00113715 0.845552 -1.70708 2.23035 -0.382946</i>
                        <i>0.014739 0.999792 -0.0140948 -0.844988 0.0199909 0.534411 0.534582 0.00403325 0.845107 -1.70776 2.22457 -0.384009</i>
                        <i>0.0181615 0.999665 -0.0184539 -0.844704 0.0252158 0.53464 0.534926 0.00587823 0.844878 -1.70851 2.21826 -0.385164</i>
                        <i>0.0168854 0.999687 -0.0184338 -0.844768 0.0241263 0.534588 0.534866 0.00654557 0.844912 -1.70924 2.21195 -0.386314</i>
                        <i>0.0117725 0.999815 -0.0152191 -0.845016 0.0180849 0.534435 0.534611 0.00656874 0.845073 -1.70992 2.20613 -0.387369</i>
                        <i>0.00515315 0.999931 -0.0105783 -0.84524 0.0100083 0.534293 0.534362 0.0061879 0.845233 -1.71048 2.20133 -0.388235</i>
                        <i>-0.000576268 0.999979 -0.00637498 -0.845353 0.00291842 0.5342 0.534208 0.00569695 0.845334 -1.71086 2.19807 -0.388821</i>
                        <i>-0.00301512 0.999985 -0.00454269 -0.845381 -0.000122381 0.534164 0.534156 0.00545087 0.845368 -1.71099 2.19686 -0.389037</i>
                        <i>-0.00350925 0.999991 -0.00223877 -0.851498 -0.00181423 0.524354 0.524346 0.0037464 0.851497 -1.71087 2.19795 -0.389658</i>
                        <i>-0.00452578 0.999985 0.00310626 -0.865753 -0.00547279 0.500442 0.500452 -0.000424366 0.865764 -1.71085 2.2009 -0.391102</i>
                        <i>-0.00544954 0.999944 0.00911063 -0.882175 -0.00909756 0.470834 0.47089 -0.00547135 0.882175 -1.71152 2.20522 -0.392745</i>
                        <i>-0.00607407 0.999892 0.0133488 -0.895756 -0.0113743 0.4444 0.444504 -0.00925796 0.895729 -1.71347 2.21052 -0.39399</i>
                        <i>-0.00662935 0.999888 0.0134201 -0.90255 -0.011761 0.430425 0.430535 -0.0092589 0.902526 -1.71731 2.21645 -0.394278</i>
                        <i>-0.00748828 0.999923 0.0098568 -0.903846 -0.010985 0.427716 0.427792 -0.00570617 0.903859 -1.72262 2.22258 -0.393661</i>
                        <i>-0.008691 0.999949 0.00512208 -0.903533 -0.0100474 0.4284 0.42843 -0.00090474 0.903574 -1.72828 2.22832 -0.392629</i>
                        <i>-0.0100705 0.999949 -0.000251817 -0.901881 -0.00897409 0.431891 0.431867 0.00457646 0.901926 -1.73389 2.23315 -0.391306</i>
                        <i>-0.0114524 0.999918 -0.00574276 -0.89915 -0.00778521 0.437571 0.43749 0.0101748 0.899166 -1.73905 2.23656 -0.389814</i>
                        <i>-0.0126761 0.999861 -0.010834 -0.895613 -0.00653502 0.444787 0.444654 0.0153412 0.895571 -1.74336 2.23803 -0.388276</i>
                        <i>-0.0136095 0.999795 -0.0150081 -0.891573 -0.00533856 0.452846 0.452673 0.0195438 0.891462 -1.74714 2.23782 -0.386813</i>
                        <i>-0.0141553 0.999742 -0.0177431 -0.887378 -0.00438225 0.461022 0.460826 0.0222707 0.887211 -1.7509 2.23662 -0.385549</i>
                        <i>-0.0142452 0.999724 -0.0186835 -0.883415 -0.00383087 0.468575 0.468374 0.0231802 0.883226 -1.75453 2.23455 -0.384603</i>
                        <i>-0.0138249 0.999747 -0.0177467 -0.880098 -0.00374243 0.474777 0.474591 0.0221826 0.879927 -1.75792 2.23175 -0.384098</i>
                        <i>-0.0127885 0.999803 -0.0151888 -0.876969 -0.00391723 0.480532 0.480378 0.0194654 0.876846 -1.76112 2.22836 -0.384018</i>
                        <i>-0.0111759 0.999871 -0.01153 -0.873379 -0.00414593 0.487024 0.486913 0.015513 0.873313 -1.76424 2.22453 -0.384224</i>
                        <i>-0.00915089 0.999933 -0.00704845 -0.869466 -0.00447495 0.493972 0.493908 0.0106487 0.869449 -1.76722 2.22044 -0.384653</i>
                        <i>-0.00686999 0.999974 -0.00202091 -0.865371 -0.00493252 0.501108 0.501085 0.00519144 0.865382 -1.77004 2.21623 -0.385243</i>
                        <i>-0.00448119 0.999985 0.00327502 -0.861241 -0.00552373 0.508167 0.508177 -0.000543389 0.861252 -1.77263 2.21206 -0.385933</i>
                        <i>-0.00212366 0.999961 0.00855902 -0.857236 -0.00622764 0.514886 0.514919 -0.00624366 0.857216 -1.77497 2.20809 -0.386664</i>
                        <i>7.20144e-005 0.999908 0.013546 -0.853528 -0.00699664 0.521 0.521047 -0.0115994 0.853449 -1.777 2.20448 -0.38738</i>
                        <i>0.00198284 0.999837 0.017945 -0.850301 -0.00775863 0.526239 0.526293 -0.0163021 0.850147 -1.77867 2.20139 -0.388027</i>
                        <i>0.0034914 0.999764 0.0214594 -0.84775 -0.00842271 0.530328 0.530384 -0.0200438 0.847521 -1.77993 2.19898 -0.388554</i>
                        <i>0.00448273 0.999707 0.0237885 -0.846076 -0.0088889 0.532989 0.533044 -0.0225161 0.845788 -1.78072 2.19742 -0.388907</i>
                        <i>0.0048401 0.999685 0.0246312 -0.845475 -0.00906222 0.533938 0.533993 -0.0234094 0.845165 -1.78099 2.19686 -0.389037</i>
                        <i>0.00985098 0.999085 0.0416196 -0.833499 -0.0147902 0.552322 0.552432 -0.0401308 0.832591 -1.77067 2.19982 -0.382523</i>
                        <i>0.018562 0.99771 0.0650359 -0.817138 -0.0223446 0.576009 0.576143 -0.0638352 0.814852 -1.74966 2.20786 -0.37081</i>
                        <i>0.030758 0.995306 0.0917633 -0.796774 -0.0310158 0.60348 0.603494 -0.0916765 0.79208 -1.72385 2.21556 -0.356451</i>
                        <i>0.0458143 0.991873 0.118698 -0.772422 -0.0401736 0.633838 0.633455 -0.120723 0.764304 -1.69927 2.21759 -0.341901</i>
                        <i>0.0624889 0.987755 0.14295 -0.743622 -0.049452 0.666768 0.665673 -0.147966 0.731427 -1.68217 2.20874 -0.32944</i>
                        <i>0.0800435 0.98348 0.162359 -0.710259 -0.0580093 0.701546 0.699375 -0.171471 0.693882 -1.67386 2.18271 -0.319139</i>
                        <i>0.0991461 0.979199 0.177029 -0.67301 -0.0650563 0.736767 0.732958 -0.19219 0.652561 -1.67041 2.14291 -0.309317</i>
                        <i>0.119793 0.974919 0.18757 -0.632857 -0.070583 0.771045 0.764946 -0.211071 0.608529 -1.67007 2.09875 -0.299528</i>
                        <i>0.141587 0.97053 0.194997 -0.591628 -0.0749705 0.802718 0.793681 -0.22902 0.563578 -1.67091 2.05974 -0.289494</i>
                        <i>0.163902 0.965947 0.200205 -0.551967 -0.0784063 0.830171 0.817599 -0.246574 0.52032 -1.67085 2.03554 -0.279145</i>
                        <i>0.185589 0.961292 0.203654 -0.517081 -0.0806977 0.852124 0.835574 -0.26345 0.482089 -1.66841 2.03136 -0.266752</i>
                        <i>0.20509 0.956579 0.207111 -0.492075 -0.082143 0.866669 0.846049 -0.279659 0.453862 -1.663 2.042 -0.250149</i>
                        <i>0.220863 0.952095 0.211506 -0.476661 -0.0838238 0.875081 0.85089 -0.29409 0.435313 -1.65567 2.05982 -0.231901</i>
                        <i>0.231759 0.948503 0.215939 -0.467268 -0.0861494 0.879908 0.853199 -0.304829 0.423239 -1.6491 2.07627 -0.217117</i>
                        <i>0.235916 0.946979 0.218117 -0.463828 -0.0875055 0.881593 0.853936 -0.309151 0.418591 -1.64625 2.08344 -0.211015</i>
                    </KeyFrames>
                </p>
            </i>
            <i>
                <p>
                    <Name><![CDATA[spine1]]></Name>
                    <Exclude>0</Exclude>
                    <Additive>0</Additive>
                    <IKPriority>0</IKPriority>
                    <IKRotLimits>-1e+010 -1e+010 -1e+010 1e+010 1e+010 1e+010</IKRotLimits>
                    <IKRotLimitOrder>0</IKRotLimitOrder>
                    <KeyFrames count="60">
                        <i>0.511506 0.723759 0.46318 -0.612204 -0.0712927 0.787479 0.602966 -0.686361 0.406621 -1.60476 2.25009 -0.172645</i>
                        <i>0.494403 0.72896 0.47348 -0.633477 -0.0708269 0.770513 0.595208 -0.680883 0.426762 -1.60311 2.24387 -0.187028</i>
                        <i>0.445615 0.747123 0.493187 -0.685248 -0.069842 0.724953 0.576075 -0.661006 0.480842 -1.60076 2.23158 -0.221427</i>
                        <i>0.370473 0.78024 0.503959 -0.749801 -0.069019 0.658054 0.548223 -0.62166 0.559456 -1.6015 2.22305 -0.262909</i>
                        <i>0.276487 0.828076 0.487694 -0.812751 -0.0693204 0.578472 0.512826 -0.556314 0.653853 -1.6097 2.22889 -0.297992</i>
                        <i>0.173458 0.885138 0.43179 -0.867166 -0.0705582 0.492996 0.466836 -0.459947 0.755323 -1.62747 2.25641 -0.323277</i>
                        <i>0.0773904 0.937753 0.338571 -0.911148 -0.0713379 0.405857 0.404746 -0.339898 0.848911 -1.65045 2.29857 -0.344097</i>
                        <i>0.00391767 0.974888 0.222663 -0.943015 -0.0704856 0.325199 0.332727 -0.211249 0.919057 -1.67444 2.34499 -0.359853</i>
                        <i>-0.0390909 0.992936 0.112028 -0.963552 -0.0671509 0.258957 0.264651 -0.0978216 0.95937 -1.69499 2.38493 -0.371227</i>
                        <i>-0.0541731 0.997786 0.0385922 -0.974888 -0.0612115 0.214116 0.216004 -0.0260238 0.976045 -1.70703 2.40707 -0.379448</i>
                        <i>-0.050543 0.997969 0.0387621 -0.975191 -0.0576903 0.213716 0.215518 -0.0269987 0.976127 -1.70678 2.40595 -0.380124</i>
                        <i>-0.0409949 0.998376 0.0395521 -0.975848 -0.048508 0.212999 0.214572 -0.0298649 0.976252 -1.70622 2.40289 -0.381826</i>
                        <i>-0.027549 0.998764 0.0413817 -0.976493 -0.0357419 0.212563 0.21378 -0.0345531 0.976271 -1.70563 2.39836 -0.384065</i>
                        <i>-0.0122284 0.998926 0.0446894 -0.97691 -0.0214687 0.212569 0.2133 -0.0410581 0.976124 -1.70527 2.39282 -0.386364</i>
                        <i>0.0029585 0.998748 0.0499404 -0.977067 -0.00774595 0.212791 0.212912 -0.0494247 0.975821 -1.70544 2.38672 -0.388258</i>
                        <i>0.0160397 0.998232 0.0572344 -0.977045 0.0034865 0.213004 0.212427 -0.0593371 0.975374 -1.70639 2.38056 -0.389409</i>
                        <i>0.0263186 0.997514 0.0653728 -0.976882 0.0117853 0.213454 0.212153 -0.0694793 0.974763 -1.70793 2.37488 -0.389923</i>
                        <i>0.0337167 0.996769 0.0729015 -0.976576 0.0173477 0.214472 0.212514 -0.0784251 0.974006 -1.7096 2.3702 -0.390008</i>
                        <i>0.0381735 0.996189 0.0784185 -0.976231 0.0204236 0.21577 0.213346 -0.0847912 0.97329 -1.71094 2.36704 -0.389885</i>
                        <i>0.0396628 0.99596 0.0805604 -0.976062 0.0213632 0.21644 0.213845 -0.0872166 0.972967 -1.7115 2.36588 -0.389792</i>
                        <i>0.0349162 0.995937 0.0830099 -0.976374 0.016271 0.215473 0.213247 -0.0885722 0.972975 -1.71145 2.36694 -0.390023</i>
                        <i>0.0235412 0.995839 0.0880374 -0.976964 0.00423269 0.213362 0.212102 -0.0910322 0.972998 -1.71161 2.36982 -0.390564</i>
                        <i>0.00986009 0.995695 0.0921682 -0.977395 -0.00987046 0.211192 0.211192 -0.0921671 0.973089 -1.71244 2.3741 -0.391192</i>
                        <i>-0.00184859 0.995753 0.0920485 -0.977557 -0.0211909 0.209604 0.210665 -0.0895952 0.973444 -1.71449 2.37937 -0.391721</i>
                        <i>-0.00744412 0.996397 0.084485 -0.977639 -0.0250079 0.208796 0.210157 -0.0810416 0.974303 -1.71842 2.38525 -0.391998</i>
                        <i>-0.00766836 0.997497 0.0702932 -0.977804 -0.0221989 0.208344 0.209383 -0.0671353 0.975526 -1.72387 2.39125 -0.391982</i>
                        <i>-0.00620971 0.998559 0.0533049 -0.978016 -0.0171758 0.207821 0.208437 -0.0508426 0.976713 -1.72973 2.39686 -0.391749</i>
                        <i>-0.00345029 0.999385 0.034909 -0.978217 -0.0106188 0.207314 0.207557 -0.0334333 0.977651 -1.73557 2.40155 -0.391331</i>
                        <i>0.00022782 0.999863 0.0165242 -0.978354 -0.00319666 0.206915 0.20694 -0.0162137 0.978219 -1.74096 2.40483 -0.390763</i>
                        <i>0.00444595 0.99999 -0.000408684 -0.978395 0.00443441 0.206698 0.206698 -0.000519114 0.978405 -1.74548 2.4062 -0.39008</i>
                        <i>0.00883294 0.999857 -0.0144435 -0.978334 0.0116288 0.206707 0.206845 0.0123047 0.978296 -1.74942 2.40592 -0.389318</i>
                        <i>0.0130294 0.999624 -0.0241451 -0.978189 0.0177488 0.206955 0.207306 0.0209219 0.978052 -1.75327 2.40468 -0.388513</i>
                        <i>0.0167013 0.999453 -0.0285367 -0.977996 0.0222654 0.207432 0.207954 0.0244444 0.977833 -1.75691 2.40259 -0.387725</i>
                        <i>0.0195454 0.999434 -0.027362 -0.977789 0.0248198 0.208116 0.208678 0.0226865 0.977721 -1.76023 2.39977 -0.387062</i>
                        <i>0.0219938 0.999535 -0.0211395 -0.977546 0.0259327 0.209119 0.20957 0.0160655 0.977662 -1.76326 2.39638 -0.386552</i>
                        <i>0.0246348 0.999633 -0.0112286 -0.977239 0.0264472 0.210487 0.210706 0.00578769 0.977532 -1.76611 2.39256 -0.386143</i>
                        <i>0.0273987 0.999624 0.00144687 -0.976891 0.0264687 0.212092 0.211974 -0.0072245 0.977249 -1.76875 2.38848 -0.385819</i>
                        <i>0.0302098 0.999416 0.0159616 -0.976524 0.0261029 0.21382 0.213278 -0.0220464 0.976743 -1.77118 2.38431 -0.385564</i>
                        <i>0.0329834 0.998963 0.0313941 -0.976158 0.025456 0.215563 0.214541 -0.0377556 0.975985 -1.77338 2.38018 -0.385364</i>
                        <i>0.0356258 0.998267 0.0468327 -0.975809 0.0246331 0.217232 0.215702 -0.0534389 0.974996 -1.77532 2.37628 -0.385207</i>
                        <i>0.0380349 0.997389 0.0613826 -0.975493 0.0237377 0.218745 0.216716 -0.0681983 0.97385 -1.77698 2.37273 -0.385084</i>
                        <i>0.0401028 0.996439 0.0741702 -0.975225 0.022871 0.220031 0.217551 -0.0811565 0.972669 -1.77832 2.36971 -0.38499</i>
                        <i>0.041718 0.995563 0.0843428 -0.975017 0.0221319 0.221027 0.21818 -0.0914564 0.971614 -1.77933 2.36736 -0.384923</i>
                        <i>0.0427678 0.994926 0.091062 -0.974882 0.0216173 0.221672 0.218579 -0.098255 0.97086 -1.77995 2.36584 -0.384884</i>
                        <i>0.0431416 0.994685 0.0934901 -0.974834 0.0214241 0.221902 0.21872 -0.10071 0.970577 -1.78017 2.3653 -0.384871</i>
                        <i>0.0399951 0.99198 0.119903 -0.969038 0.00924607 0.24674 0.243653 -0.126059 0.961635 -1.769 2.36796 -0.375502</i>
                        <i>0.0339714 0.987934 0.151104 -0.959351 -0.010148 0.282032 0.280163 -0.154542 0.947431 -1.74653 2.37536 -0.359874</i>
                        <i>0.0313775 0.981351 0.189649 -0.945298 -0.0325023 0.324586 0.324696 -0.189459 0.926649 -1.71868 2.38225 -0.341063</i>
                        <i>0.0390343 0.970729 0.236983 -0.926579 -0.0536201 0.372258 0.374069 -0.234115 0.897364 -1.69159 2.38354 -0.322021</i>
                        <i>0.063851 0.954014 0.292884 -0.902963 -0.0697414 0.424022 0.424949 -0.291538 0.856986 -1.67168 2.37431 -0.30546</i>
                        <i>0.108167 0.928655 0.354823 -0.874431 -0.0809198 0.478354 0.472938 -0.362011 0.803292 -1.66035 2.34866 -0.291731</i>
                        <i>0.166968 0.894536 0.41464 -0.841665 -0.0897252 0.532494 0.513539 -0.437897 0.737919 -1.65348 2.31009 -0.279089</i>
                        <i>0.234085 0.854356 0.463983 -0.805437 -0.0968634 0.584712 0.544495 -0.510582 0.665456 -1.6493 2.26786 -0.267</i>
                        <i>0.302557 0.812355 0.498537 -0.766882 -0.103123 0.633449 0.565996 -0.573974 0.59178 -1.64594 2.23108 -0.255088</i>
                        <i>0.366283 0.773101 0.517834 -0.728125 -0.108371 0.676823 0.579371 -0.624956 0.523219 -1.64149 2.20885 -0.243252</i>
                        <i>0.420605 0.740714 0.523865 -0.691789 -0.111727 0.713404 0.586958 -0.662465 0.465425 -1.6348 2.20576 -0.229836</i>
                        <i>0.462297 0.721814 0.51504 -0.661105 -0.106523 0.742693 0.59095 -0.68384 0.427949 -1.62587 2.21543 -0.212629</i>
                        <i>0.490903 0.71709 0.494769 -0.636715 -0.0923256 0.765552 0.594649 -0.690839 0.411259 -1.61611 2.23054 -0.194001</i>
                        <i>0.506776 0.72052 0.473317 -0.619154 -0.0778318 0.781403 0.599856 -0.689052 0.406669 -1.6081 2.24419 -0.178905</i>
                        <i>0.511506 0.723759 0.46318 -0.612204 -0.0712927 0.787479 0.602966 -0.686361 0.406621 -1.60476 2.25009 -0.172645</i>
                    </KeyFrames>
                </p>
            </i>
            <i>
                <p>
                    <Name><![CDATA[spine2]]></Name>
                    <Exclude>0</Exclude>
                    <Additive>0</Additive>
                    <IKPriority>0</IKPriority>
                    <IKRotLimits>-1e+010 -1e+010 -1e+010 1e+010 1e+010 1e+010</IKRotLimits>
                    <IKRotLimitOrder>0</IKRotLimitOrder>
                    <KeyFrames count="60">
                        <i>0.596351 0.635 0.49106 -0.690542 0.093908 0.71717 0.409289 -0.766783 0.494497 -1.52204 2.36701 -0.0975283</i>
                        <i>0.575643 0.645136 0.502429 -0.717246 0.103301 0.68912 0.392675 -0.757052 0.522186 -1.5227 2.3623 -0.109784</i>
                        <i>0.519089 0.673821 0.525844 -0.780495 0.122919 0.612959 0.348389 -0.728599 0.58972 -1.52744 2.35438 -0.139992</i>
                        <i>0.435947 0.717178 0.543697 -0.854022 0.139092 0.501298 0.283896 -0.682868 0.673123 -1.54004 2.35243 -0.178917</i>
                        <i>0.337684 0.77082 0.540191 -0.916748 0.139218 0.374421 0.213407 -0.621655 0.753659 -1.56402 2.36588 -0.216896</i>
                        <i>0.235394 0.83038 0.505034 -0.961063 0.12149 0.248191 0.144736 -0.543792 0.826645 -1.59939 2.40051 -0.252645</i>
                        <i>0.140799 0.887664 0.438438 -0.987468 0.0940216 0.126756 0.0712941 -0.450791 0.889778 -1.63836 2.44805 -0.289889</i>
                        <i>0.0661376 0.934017 0.351054 -0.997805 0.0630962 0.0201096 -0.00336739 -0.351614 0.936139 -1.67412 2.49762 -0.32484</i>
                        <i>0.0179816 0.964 0.265295 -0.997307 0.0361621 -0.0638049 -0.0711016 -0.263434 0.962054 -1.70138 2.53875 -0.35377</i>
                        <i>-0.00522029 0.97798 0.208635 -0.992596 0.0202516 -0.119766 -0.121353 -0.207715 0.970633 -1.71574 2.56113 -0.373411</i>
                        <i>-0.00587279 0.97686 0.213801 -0.99247 0.0204651 -0.120767 -0.122348 -0.2129 0.969384 -1.71493 2.56008 -0.374058</i>
                        <i>-0.00639038 0.974022 0.226363 -0.992158 0.0220817 -0.123025 -0.124827 -0.225374 0.966243 -1.7129 2.55723 -0.375629</i>
                        <i>-0.00462588 0.970283 0.24193 -0.991741 0.0265584 -0.125478 -0.128174 -0.240512 0.962146 -1.71024 2.55296 -0.377573</i>
                        <i>0.00154612 0.966623 0.256198 -0.991225 0.0353453 -0.127374 -0.132178 -0.253753 0.958196 -1.70752 2.54768 -0.379345</i>
                        <i>0.0142438 0.964151 0.264971 -0.990477 0.0498974 -0.128317 -0.136939 -0.26062 0.95568 -1.70532 2.54176 -0.38041</i>
                        <i>0.0356106 0.963446 0.265526 -0.98914 0.0718903 -0.128193 -0.142596 -0.258078 0.955543 -1.70424 2.53565 -0.380419</i>
                        <i>0.0624889 0.963559 0.260094 -0.986979 0.0983612 -0.127268 -0.148213 -0.248754 0.957159 -1.70418 2.52995 -0.379661</i>
                        <i>0.0890357 0.963629 0.251977 -0.98429 0.12385 -0.125838 -0.152468 -0.236815 0.959517 -1.7047 2.52525 -0.378566</i>
                        <i>0.109329 0.96345 0.244564 -0.981873 0.142999 -0.124405 -0.154831 -0.226529 0.961619 -1.70534 2.52208 -0.377578</i>
                        <i>0.117417 0.963316 0.241319 -0.980828 0.150549 -0.123739 -0.15553 -0.222163 0.962525 -1.70566 2.52092 -0.377148</i>
                        <i>0.116452 0.964811 0.23575 -0.982402 0.146794 -0.115488 -0.146031 -0.218152 0.964927 -1.70635 2.52194 -0.377007</i>
                        <i>0.113785 0.968471 0.221622 -0.985881 0.137649 -0.0953449 -0.122845 -0.207644 0.97046 -1.70826 2.52475 -0.376785</i>
                        <i>0.109944 0.973017 0.202855 -0.989477 0.126462 -0.070309 -0.0940653 -0.19299 0.976681 -1.71118 2.52898 -0.376791</i>
                        <i>0.106319 0.977238 0.183579 -0.991982 0.116931 -0.0479507 -0.0683253 -0.177009 0.981835 -1.71503 2.53425 -0.377354</i>
                        <i>0.105215 0.980137 0.16811 -0.99294 0.112853 -0.0365182 -0.0547645 -0.163081 0.985092 -1.71982 2.54018 -0.37882</i>
                        <i>0.10705 0.981815 0.156782 -0.992871 0.113876 -0.0352014 -0.0524149 -0.151896 0.987006 -1.7253 2.54625 -0.381022</i>
                        <i>0.110232 0.982959 0.147107 -0.992457 0.116849 -0.0370953 -0.0536525 -0.141908 0.988425 -1.73094 2.5519 -0.383438</i>
                        <i>0.114277 0.983644 0.139234 -0.991771 0.121101 -0.0415407 -0.0577226 -0.133341 0.989388 -1.73635 2.5566 -0.385881</i>
                        <i>0.118685 0.983941 0.133319 -0.990876 0.126003 -0.0478413 -0.0638717 -0.126425 0.989918 -1.74118 2.55986 -0.388166</i>
                        <i>0.122981 0.98392 0.129526 -0.98984 0.130998 -0.0552798 -0.0713584 -0.121411 0.990034 -1.74505 2.56117 -0.390106</i>
                        <i>0.12674 0.983641 0.128015 -0.988748 0.135614 -0.0631302 -0.079458 -0.118573 0.989761 -1.74832 2.56083 -0.391515</i>
                        <i>0.129601 0.983147 0.128943 -0.987701 0.13947 -0.0706699 -0.0874626 -0.118199 0.989131 -1.75153 2.55952 -0.392208</i>
                        <i>0.131274 0.982515 0.132027 -0.986818 0.142224 -0.0772154 -0.0946428 -0.12015 0.988234 -1.75461 2.55739 -0.392097</i>
                        <i>0.131535 0.9819 0.136278 -0.986232 0.143517 -0.0821535 -0.100225 -0.123596 0.987258 -1.75749 2.55456 -0.391249</i>
                        <i>0.130392 0.981348 0.14126 -0.985895 0.143414 -0.0862707 -0.10492 -0.128019 0.986206 -1.76015 2.55116 -0.389771</i>
                        <i>0.128192 0.9808 0.146961 -0.985644 0.142414 -0.0906871 -0.109875 -0.133226 0.984976 -1.76259 2.54735 -0.387824</i>
                        <i>0.125224 0.980243 0.153108 -0.985442 0.140776 -0.095317 -0.114988 -0.138943 0.983602 -1.76481 2.54327 -0.385533</i>
                        <i>0.121763 0.979671 0.159433 -0.98526 0.138742 -0.100064 -0.12015 -0.144898 0.982125 -1.76681 2.53908 -0.383026</i>
                        <i>0.118067 0.979088 0.165672 -0.985077 0.136524 -0.10481 -0.125237 -0.150825 0.980596 -1.76859 2.53492 -0.38043</i>
                        <i>0.114377 0.978509 0.171574 -0.984881 0.134306 -0.109409 -0.130101 -0.156466 0.979077 -1.77012 2.53095 -0.377874</i>
                        <i>0.110917 0.97796 0.176897 -0.984677 0.132242 -0.113681 -0.134569 -0.161577 0.977642 -1.77141 2.52733 -0.375488</i>
                        <i>0.107893 0.97747 0.181413 -0.984476 0.130458 -0.117418 -0.138439 -0.165928 0.976372 -1.77244 2.52423 -0.373402</i>
                        <i>0.105497 0.977078 0.184903 -0.984302 0.129059 -0.120387 -0.141491 -0.1693 0.975355 -1.77319 2.52181 -0.371749</i>
                        <i>0.103919 0.976818 0.187155 -0.984181 0.128142 -0.122344 -0.14349 -0.17148 0.974682 -1.77365 2.52023 -0.37066</i>
                        <i>0.103348 0.976725 0.187954 -0.984136 0.12781 -0.123046 -0.144205 -0.172256 0.97444 -1.77381 2.51967 -0.370268</i>
                        <i>0.104428 0.972699 0.207245 -0.987686 0.125842 -0.0929509 -0.116493 -0.194986 0.973863 -1.76313 2.52172 -0.356818</i>
                        <i>0.107633 0.967194 0.230109 -0.991548 0.121296 -0.0460349 -0.072436 -0.22321 0.972075 -1.7416 2.52811 -0.33641</i>
                        <i>0.116237 0.959063 0.25824 -0.993089 0.116467 0.0144614 -0.0162071 -0.258137 0.965973 -1.71415 2.53362 -0.311708</i>
                        <i>0.133895 0.946817 0.29259 -0.98986 0.113652 0.0852038 0.047419 -0.301032 0.952434 -1.68587 2.5331 -0.2854</i>
                        <i>0.164306 0.928487 0.333039 -0.979924 0.11499 0.162866 0.112923 -0.353113 0.928741 -1.66209 2.52154 -0.260137</i>
                        <i>0.208127 0.902112 0.377992 -0.962333 0.11975 0.244078 0.174921 -0.414553 0.893055 -1.64378 2.49288 -0.236477</i>
                        <i>0.261421 0.867929 0.422324 -0.937485 0.124171 0.32512 0.229741 -0.480916 0.846132 -1.62745 2.45058 -0.213774</i>
                        <i>0.320376 0.827484 0.461118 -0.906104 0.125715 0.403945 0.276289 -0.547235 0.790062 -1.6121 2.40409 -0.192762</i>
                        <i>0.380945 0.78371 0.490591 -0.86939 0.123015 0.478569 0.31471 -0.608823 0.728212 -1.59692 2.36283 -0.173919</i>
                        <i>0.438887 0.74032 0.509219 -0.829769 0.116484 0.545816 0.344763 -0.662085 0.665418 -1.58112 2.33619 -0.157584</i>
                        <i>0.490678 0.700715 0.517913 -0.790228 0.107431 0.603323 0.367117 -0.705307 0.606439 -1.56466 2.32907 -0.142217</i>
                        <i>0.534037 0.669456 0.516365 -0.753273 0.0994264 0.650149 0.383906 -0.736168 0.55738 -1.54883 2.33549 -0.126559</i>
                        <i>0.567492 0.648682 0.507114 -0.721543 0.0950973 0.685807 0.396646 -0.755095 0.522019 -1.53521 2.34852 -0.11224</i>
                        <i>0.588888 0.637892 0.496291 -0.699063 0.0938439 0.708875 0.405612 -0.764387 0.50119 -1.52565 2.36127 -0.101681</i>
                        <i>0.596351 0.635 0.49106 -0.690542 0.093908 0.71717 0.409289 -0.766783 0.494497 -1.52204 2.36701 -0.0975283</i>
                    </KeyFrames>
                </p>
            </i>
            <i>
                <p>
                    <Name><![CDATA[head]]></Name>
                    <Exclude>0</Exclude>
                    <Additive>0</Additive>
                    <IKPriority>0</IKPriority>
                    <IKRotLimits>-1e+010 -1e+010 -1e+010 1e+010 1e+010 1e+010</IKRotLimits>
                    <IKRotLimitOrder>0</IKRotLimitOrder>
                    <KeyFrames count="60">
                        <i>0.107996 0.9689 0.222645 -0.299748 0.245267 -0.921952 -0.947886 0.0328297 0.316913 -1.37712 2.54782 0.015253</i>
                        <i>0.0822289 0.984283 0.156286 -0.20218 0.170031 -0.964475 -0.97589 0.0477099 0.212984 -1.38263 2.5462 0.00532399</i>
                        <i>0.0701593 0.997536 0.000594875 0.0352313 -0.0018819 -0.999377 -0.996913 0.0701366 -0.0352765 -1.40077 2.54642 -0.0202248</i>
                        <i>0.123467 0.980843 -0.150673 0.294513 -0.181212 -0.938309 -0.947638 0.0714752 -0.311244 -1.43331 2.55571 -0.0561528</i>
                        <i>0.1771 0.955636 -0.235361 0.46546 -0.292033 -0.835502 -0.867169 0.0384168 -0.496529 -1.48097 2.58139 -0.0964271</i>
                        <i>0.178348 0.942713 -0.281929 0.537418 -0.333337 -0.774641 -0.824241 -0.0133584 -0.566081 -1.5405 2.62757 -0.14175</i>
                        <i>0.163064 0.935459 -0.313572 0.554664 -0.349764 -0.754992 -0.81594 -0.0508148 -0.5759 -1.60087 2.68477 -0.194775</i>
                        <i>0.151324 0.934307 -0.322755 0.538326 -0.351741 -0.765822 -0.829039 -0.0578598 -0.556189 -1.65276 2.74136 -0.248512</i>
                        <i>0.151962 0.938112 -0.311212 0.513152 -0.34399 -0.786349 -0.844738 -0.0402041 -0.533668 -1.69019 2.7868 -0.294703</i>
                        <i>0.160511 0.941123 -0.297531 0.505768 -0.337279 -0.794003 -0.847605 -0.0230357 -0.530127 -1.70968 2.81125 -0.325333</i>
                        <i>0.157657 0.943798 -0.290498 0.507889 -0.329784 -0.795796 -0.846873 -0.0220779 -0.531337 -1.70941 2.80997 -0.324396</i>
                        <i>0.151586 0.949815 -0.273629 0.512563 -0.312234 -0.799868 -0.845163 -0.0190037 -0.534171 -1.70843 2.80648 -0.322157</i>
                        <i>0.14611 0.956294 -0.253284 0.517411 -0.292092 -0.804343 -0.843171 -0.01353 -0.537475 -1.70647 2.80138 -0.31947</i>
                        <i>0.145279 0.960857 -0.235897 0.520419 -0.276991 -0.807738 -0.841462 -0.00541766 -0.540289 -1.70326 2.79531 -0.317173</i>
                        <i>0.153314 0.961524 -0.227963 0.519727 -0.274666 -0.808976 -0.840463 0.0055487 -0.54184 -1.69851 2.78897 -0.316082</i>
                        <i>0.174403 0.956561 -0.233613 0.513162 -0.290778 -0.807535 -0.840386 0.0209551 -0.541583 -1.69194 2.78294 -0.316709</i>
                        <i>0.20433 0.946808 -0.248605 0.501327 -0.319344 -0.804171 -0.840786 0.0396834 -0.539912 -1.68437 2.77751 -0.318534</i>
                        <i>0.234845 0.934681 -0.26687 0.486972 -0.350742 -0.799899 -0.841253 0.057894 -0.537534 -1.67721 2.77295 -0.320809</i>
                        <i>0.25829 0.923899 -0.282306 0.474345 -0.375857 -0.796071 -0.841596 0.0717065 -0.535327 -1.67188 2.76976 -0.32276</i>
                        <i>0.267634 0.919218 -0.288807 0.468889 -0.386108 -0.794395 -0.841734 0.0771886 -0.534347 -1.66978 2.76855 -0.32359</i>
                        <i>0.12421 0.975139 -0.18351 0.296172 -0.212946 -0.931094 -0.947024 0.0613008 -0.315259 -1.67036 2.76995 -0.325543</i>
                        <i>0.0857503 0.994248 -0.0641767 -0.0988463 -0.0556064 -0.993548 -0.991401 0.0915406 0.0935094 -1.67213 2.77365 -0.330507</i>
