<?xml version="1.0" encoding="ISO-8859-1" ?>
<Animl Version="1">
    <ModellingPackage><![CDATA[Maya.2010]]></ModellingPackage>
    <SrcFile><![CDATA[anims\turrets\antitank\red\~src\at_at4spigot\at_at4spigot_aim_random_crewman_a.mb]]></SrcFile>
    <FramesPerSecond>30</FramesPerSecond>
    <TotalFrames>60</TotalFrames>
    <Skeleton>
        <RefFrame>
            <Name><![CDATA[soldier_ref_frame]]></Name>
            <Exclude>0</Exclude>
            <Additive>0</Additive>
            <IKPriority>0</IKPriority>
            <IKRotLimits>-1e+010 -1e+010 -1e+010 1e+010 1e+010 1e+010</IKRotLimits>
            <IKRotLimitOrder>0</IKRotLimitOrder>
            <KeyFrames count="60">
                <i>1 0 0 0 1 0 0 0 1 1.48 0.92 -0.17</i>
                <i>1 0 0 0 1 0 0 0 1 1.48 0.92 -0.17</i>
                <i>1 0 0 0 1 0 0 0 1 1.48 0.92 -0.17</i>
                <i>1 0 0 0 1 0 0 0 1 1.48 0.92 -0.17</i>
                <i>1 0 0 0 1 0 0 0 1 1.48 0.92 -0.17</i>
                <i>1 0 0 0 1 0 0 0 1 1.48 0.92 -0.17</i>
                <i>1 0 0 0 1 0 0 0 1 1.48 0.92 -0.17</i>
                <i>1 0 0 0 1 0 0 0 1 1.48 0.92 -0.17</i>
                <i>1 0 0 0 1 0 0 0 1 1.48 0.92 -0.17</i>
                <i>1 0 0 0 1 0 0 0 1 1.48 0.92 -0.17</i>
                <i>1 0 0 0 1 0 0 0 1 1.48 0.92 -0.17</i>
                <i>1 0 0 0 1 0 0 0 1 1.48 0.92 -0.17</i>
                <i>1 0 0 0 1 0 0 0 1 1.48 0.92 -0.17</i>
                <i>1 0 0 0 1 0 0 0 1 1.48 0.92 -0.17</i>
                <i>1 0 0 0 1 0 0 0 1 1.48 0.92 -0.17</i>
                <i>1 0 0 0 1 0 0 0 1 1.48 0.92 -0.17</i>
                <i>1 0 0 0 1 0 0 0 1 1.48 0.92 -0.17</i>
                <i>1 0 0 0 1 0 0 0 1 1.48 0.92 -0.17</i>
                <i>1 0 0 0 1 0 0 0 1 1.48 0.92 -0.17</i>
                <i>1 0 0 0 1 0 0 0 1 1.48 0.92 -0.17</i>
                <i>1 0 0 0 1 0 0 0 1 1.48 0.92 -0.17</i>
                <i>1 0 0 0 1 0 0 0 1 1.48 0.92 -0.17</i>
                <i>1 0 0 0 1 0 0 0 1 1.48 0.92 -0.17</i>
                <i>1 0 0 0 1 0 0 0 1 1.48 0.92 -0.17</i>
                <i>1 0 0 0 1 0 0 0 1 1.48 0.92 -0.17</i>
                <i>1 0 0 0 1 0 0 0 1 1.48 0.92 -0.17</i>
                <i>1 0 0 0 1 0 0 0 1 1.48 0.92 -0.17</i>
                <i>1 0 0 0 1 0 0 0 1 1.48 0.92 -0.17</i>
                <i>1 0 0 0 1 0 0 0 1 1.48 0.92 -0.17</i>
                <i>1 0 0 0 1 0 0 0 1 1.48 0.92 -0.17</i>
                <i>1 0 0 0 1 0 0 0 1 1.48 0.92 -0.17</i>
                <i>1 0 0 0 1 0 0 0 1 1.48 0.92 -0.17</i>
                <i>1 0 0 0 1 0 0 0 1 1.48 0.92 -0.17</i>
                <i>1 0 0 0 1 0 0 0 1 1.48 0.92 -0.17</i>
                <i>1 0 0 0 1 0 0 0 1 1.48 0.92 -0.17</i>
                <i>1 0 0 0 1 0 0 0 1 1.48 0.92 -0.17</i>
                <i>1 0 0 0 1 0 0 0 1 1.48 0.92 -0.17</i>
                <i>1 0 0 0 1 0 0 0 1 1.48 0.92 -0.17</i>
                <i>1 0 0 0 1 0 0 0 1 1.48 0.92 -0.17</i>
                <i>1 0 0 0 1 0 0 0 1 1.48 0.92 -0.17</i>
                <i>1 0 0 0 1 0 0 0 1 1.48 0.92 -0.17</i>
                <i>1 0 0 0 1 0 0 0 1 1.48 0.92 -0.17</i>
                <i>1 0 0 0 1 0 0 0 1 1.48 0.92 -0.17</i>
                <i>1 0 0 0 1 0 0 0 1 1.48 0.92 -0.17</i>
                <i>1 0 0 0 1 0 0 0 1 1.48 0.92 -0.17</i>
                <i>1 0 0 0 1 0 0 0 1 1.48 0.92 -0.17</i>
                <i>1 0 0 0 1 0 0 0 1 1.48 0.92 -0.17</i>
                <i>1 0 0 0 1 0 0 0 1 1.48 0.92 -0.17</i>
                <i>1 0 0 0 1 0 0 0 1 1.48 0.92 -0.17</i>
                <i>1 0 0 0 1 0 0 0 1 1.48 0.92 -0.17</i>
                <i>1 0 0 0 1 0 0 0 1 1.48 0.92 -0.17</i>
                <i>1 0 0 0 1 0 0 0 1 1.48 0.92 -0.17</i>
                <i>1 0 0 0 1 0 0 0 1 1.48 0.92 -0.17</i>
                <i>1 0 0 0 1 0 0 0 1 1.48 0.92 -0.17</i>
                <i>1 0 0 0 1 0 0 0 1 1.48 0.92 -0.17</i>
                <i>1 0 0 0 1 0 0 0 1 1.48 0.92 -0.17</i>
                <i>1 0 0 0 1 0 0 0 1 1.48 0.92 -0.17</i>
                <i>1 0 0 0 1 0 0 0 1 1.48 0.92 -0.17</i>
                <i>1 0 0 0 1 0 0 0 1 1.48 0.92 -0.17</i>
                <i>1 0 0 0 1 0 0 0 1 1.48 0.92 -0.17</i>
            </KeyFrames>
        </RefFrame>
        <Bones count="23">
            <i>
                <p>
                    <Name><![CDATA[pelvis]]></Name>
                    <Exclude>0</Exclude>
                    <Additive>0</Additive>
                    <IKPriority>0</IKPriority>
                    <IKRotLimits>-1e+010 -1e+010 -1e+010 1e+010 1e+010 1e+010</IKRotLimits>
                    <IKRotLimitOrder>2</IKRotLimitOrder>
                    <KeyFrames count="60">
                        <i>1 0 0 0 1 0 0 0 1 1.47617 1.79276 -0.276932</i>
                        <i>1 0 0 0 1 0 0 0 1 1.47501 1.80227 -0.285368</i>
                        <i>1 0 0 0 1 0 0 0 1 1.47217 1.82775 -0.303851</i>
                        <i>1 0 0 0 1 0 0 0 1 1.4686 1.86464 -0.322141</i>
                        <i>1 0 0 0 1 0 0 0 1 1.46526 1.90837 -0.33</i>
                        <i>1 0 0 0 1 0 0 0 1 1.46181 1.95439 -0.323267</i>
                        <i>1 0 0 0 1 0 0 0 1 1.45779 1.99812 -0.308325</i>
                        <i>1 0 0 0 1 0 0 0 1 1.45397 2.03501 -0.29075</i>
                        <i>1 0 0 0 1 0 0 0 1 1.45112 2.06049 -0.276117</i>
                        <i>1 0 0 0 1 0 0 0 1 1.45 2.07 -0.27</i>
                        <i>1 0 0 0 1 0 0 0 1 1.45 2.06944 -0.27</i>
                        <i>1 0 0 0 1 0 0 0 1 1.45 2.06792 -0.27</i>
                        <i>1 0 0 0 1 0 0 0 1 1.45 2.06568 -0.27</i>
                        <i>1 0 0 0 1 0 0 0 1 1.45 2.06296 -0.27</i>
                        <i>1 0 0 0 1 0 0 0 1 1.45 2.06 -0.27</i>
                        <i>1 0 0 0 1 0 0 0 1 1.45 2.05704 -0.27</i>
                        <i>1 0 0 0 1 0 0 0 1 1.45 2.05432 -0.27</i>
                        <i>1 0 0 0 1 0 0 0 1 1.45 2.05208 -0.27</i>
                        <i>1 0 0 0 1 0 0 0 1 1.45 2.05056 -0.27</i>
                        <i>1 0 0 0 1 0 0 0 1 1.45 2.05 -0.27</i>
                        <i>1 0 0 0 1 0 0 0 1 1.45 2.05009 -0.27</i>
                        <i>1 0 0 0 1 0 0 0 1 1.45 2.05036 -0.27</i>
                        <i>1 0 0 0 1 0 0 0 1 1.45 2.05079 -0.27</i>
                        <i>1 0 0 0 1 0 0 0 1 1.45 2.05137 -0.27</i>
                        <i>1 0 0 0 1 0 0 0 1 1.45 2.05208 -0.27</i>
                        <i>1 0 0 0 1 0 0 0 1 1.45 2.0529 -0.27</i>
                        <i>1 0 0 0 1 0 0 0 1 1.45 2.05383 -0.27</i>
                        <i>1 0 0 0 1 0 0 0 1 1.45 2.05483 -0.27</i>
                        <i>1 0 0 0 1 0 0 0 1 1.45 2.05591 -0.27</i>
                        <i>1 0 0 0 1 0 0 0 1 1.45 2.05704 -0.27</i>
                        <i>1 0 0 0 1 0 0 0 1 1.45 2.05821 -0.27</i>
                        <i>1 0 0 0 1 0 0 0 1 1.45 2.0594 -0.27</i>
                        <i>1 0 0 0 1 0 0 0 1 1.45 2.0606 -0.27</i>
                        <i>1 0 0 0 1 0 0 0 1 1.45 2.06179 -0.27</i>
                        <i>1 0 0 0 1 0 0 0 1 1.45 2.06296 -0.27</i>
                        <i>1 0 0 0 1 0 0 0 1 1.45 2.06409 -0.27</i>
                        <i>1 0 0 0 1 0 0 0 1 1.45 2.06517 -0.27</i>
                        <i>1 0 0 0 1 0 0 0 1 1.45 2.06617 -0.27</i>
                        <i>1 0 0 0 1 0 0 0 1 1.45 2.0671 -0.27</i>
                        <i>1 0 0 0 1 0 0 0 1 1.45 2.06792 -0.27</i>
                        <i>1 0 0 0 1 0 0 0 1 1.45 2.06863 -0.27</i>
                        <i>1 0 0 0 1 0 0 0 1 1.45 2.06921 -0.27</i>
                        <i>1 0 0 0 1 0 0 0 1 1.45 2.06964 -0.27</i>
                        <i>1 0 0 0 1 0 0 0 1 1.45 2.06991 -0.27</i>
                        <i>1 0 0 0 1 0 0 0 1 1.45 2.07 -0.27</i>
                        <i>1 0 0 0 1 0 0 0 1 1.44979 2.07226 -0.269943</i>
                        <i>1 0 0 0 1 0 0 0 1 1.44929 2.07754 -0.269811</i>
                        <i>1 0 0 0 1 0 0 0 1 1.44872 2.08358 -0.26966</i>
                        <i>1 0 0 0 1 0 0 0 1 1.44829 2.08811 -0.269547</i>
                        <i>1 0 0 0 1 0 0 0 1 1.44822 2.08886 -0.269528</i>
                        <i>1 0 0 0 1 0 0 0 1 1.44872 2.08358 -0.26966</i>
                        <i>1 0 0 0 1 0 0 0 1 1.45 2.07 -0.27</i>
                        <i>1 0 0 0 1 0 0 0 1 1.45246 2.04394 -0.270652</i>
                        <i>1 0 0 0 1 0 0 0 1 1.45605 2.00589 -0.271603</i>
                        <i>1 0 0 0 1 0 0 0 1 1.46032 1.96062 -0.272735</i>
                        <i>1 0 0 0 1 0 0 0 1 1.46483 1.9129 -0.273928</i>
                        <i>1 0 0 0 1 0 0 0 1 1.46911 1.86748 -0.275064</i>
                        <i>1 0 0 0 1 0 0 0 1 1.47273 1.82915 -0.276022</i>
                        <i>1 0 0 0 1 0 0 0 1 1.47523 1.80265 -0.276685</i>
                        <i>1 0 0 0 1 0 0 0 1 1.47617 1.79276 -0.276932</i>
                    </KeyFrames>
                </p>
            </i>
            <i>
                <p>
                    <Name><![CDATA[spine0]]></Name>
                    <Exclude>0</Exclude>
                    <Additive>0</Additive>
                    <IKPriority>0</IKPriority>
                    <IKRotLimits>-1e+010 -1e+010 -1e+010 1e+010 1e+010 1e+010</IKRotLimits>
                    <IKRotLimitOrder>0</IKRotLimitOrder>
                    <KeyFrames count="60">
                        <i>-0.311782 0.947735 0.0677528 -0.239408 -0.00935253 -0.970874 -0.919498 -0.318922 0.229811 1.49933 1.93288 -0.299849</i>
                        <i>-0.299149 0.952803 0.0517233 -0.210842 -0.0131371 -0.977432 -0.930621 -0.303303 0.20482 1.50299 1.94153 -0.308115</i>
                        <i>-0.262465 0.964854 0.0129801 -0.136336 -0.0237633 -0.990378 -0.955262 -0.261709 0.137781 1.51126 1.96461 -0.324737</i>
                        <i>-0.202144 0.978858 -0.0312169 -0.0328484 -0.0386337 -0.998713 -0.978805 -0.200858 0.0399635 1.51975 1.99819 -0.337716</i>
                        <i>-0.123423 0.99033 -0.0633541 0.0844446 -0.0531293 -0.995011 -0.988755 -0.128158 -0.0770706 1.52403 2.03949 -0.337075</i>
                        <i>-0.0385418 0.99665 -0.0721314 0.204144 -0.0628092 -0.976924 -0.978182 -0.0523776 -0.201039 1.52078 2.08559 -0.321249</i>
                        <i>0.0364724 0.997701 -0.0571101 0.316131 -0.0657322 -0.946436 -0.948014 0.0164645 -0.317802 1.51174 2.13117 -0.299125</i>
                        <i>0.0906716 0.99546 -0.0289471 0.408812 -0.0637101 -0.910392 -0.908103 0.0707128 -0.412732 1.50078 2.17039 -0.2774</i>
                        <i>0.123046 0.992399 -0.0019984 0.471298 -0.0602075 -0.879917 -0.873349 0.107329 -0.475124 1.4917 2.19771 -0.261275</i>
                        <i>0.134241 0.990902 0.0096705 0.494197 -0.0584857 -0.86738 -0.858923 0.121217 -0.497552 1.48795 2.20795 -0.254978</i>
                        <i>0.134335 0.990889 0.00962873 0.494136 -0.0585611 -0.86741 -0.858943 0.121281 -0.497501 1.48844 2.20722 -0.25469</i>
                        <i>0.134626 0.990851 0.00954132 0.493968 -0.0587617 -0.867492 -0.858995 0.1215 -0.497359 1.48978 2.20523 -0.253908</i>
                        <i>0.135146 0.99078 0.00947077 0.493711 -0.0590504 -0.867619 -0.859061 0.121931 -0.49714 1.49175 2.20227 -0.252754</i>
                        <i>0.135898 0.990678 0.00946473 0.493386 -0.0593905 -0.86778 -0.859128 0.122599 -0.496858 1.49414 2.19861 -0.251348</i>
                        <i>0.136838 0.990548 0.00954277 0.493016 -0.0597451 -0.867966 -0.859192 0.123475 -0.496532 1.49675 2.19455 -0.249814</i>
                        <i>0.137875 0.990402 0.00970099 0.492629 -0.0600757 -0.868163 -0.859248 0.124477 -0.496184 1.49937 2.19041 -0.24827</i>
                        <i>0.138901 0.990257 0.0099281 0.492257 -0.0603416 -0.868356 -0.859296 0.125502 -0.495842 1.5018 2.18652 -0.246831</i>
                        <i>0.139815 0.990125 0.0102228 0.491938 -0.0604989 -0.868526 -0.859331 0.126462 -0.495538 1.50386 2.18323 -0.245611</i>
                        <i>0.140547 0.990017 0.0106038 0.491712 -0.0605015 -0.868654 -0.85934 0.1273 -0.495307 1.50536 2.18092 -0.24472</i>
                        <i>0.141049 0.98994 0.0111057 0.49162 -0.0603015 -0.868719 -0.859311 0.127992 -0.49518 1.50612 2.17994 -0.244267</i>
                        <i>0.141146 0.989922 0.0115236 0.491662 -0.0599898 -0.868717 -0.859271 0.128281 -0.495174 1.50609 2.18005 -0.244283</i>
                        <i>0.141435 0.989867 0.0126509 0.491771 -0.0591634 -0.868712 -0.859161 0.129088 -0.495156 1.50602 2.18036 -0.24433</i>
                        <i>0.141917 0.989775 0.0142983 0.491926 -0.0579844 -0.868704 -0.858992 0.130317 -0.495126 1.50589 2.18086 -0.244405</i>
                        <i>0.142588 0.989648 0.0162765 0.492106 -0.0566154 -0.868692 -0.858778 0.131875 -0.495084 1.50572 2.18153 -0.244506</i>
                        <i>0.143452 0.989486 0.0183955 0.492288 -0.0552207 -0.868679 -0.85853 0.13367 -0.495033 1.50551 2.18235 -0.24463</i>
                        <i>0.144513 0.989291 0.0204642 0.492452 -0.0539673 -0.868665 -0.858258 0.135611 -0.494977 1.50527 2.18331 -0.244774</i>
                        <i>0.145779 0.989066 0.0222905 0.49258 -0.0530251 -0.86865 -0.857971 0.137611 -0.494924 1.505 2.18438 -0.244936</i>
                        <i>0.147261 0.988814 0.023681 0.492655 -0.0525666 -0.868636 -0.857674 0.139582 -0.494885 1.5047 2.18554 -0.245112</i>
                        <i>0.148968 0.98854 0.0244411 0.492663 -0.0527658 -0.868619 -0.857375 0.141438 -0.494877 1.50438 2.18679 -0.245301</i>
                        <i>0.15112 0.988222 0.0240924 0.492555 -0.0541463 -0.868595 -0.85706 0.143129 -0.494936 1.50405 2.18809 -0.2455</i>
                        <i>0.153713 0.987858 0.0225542 0.492332 -0.0567778 -0.868554 -0.856727 0.144612 -0.495081 1.5037 2.18944 -0.245705</i>
                        <i>0.156422 0.987483 0.0202299 0.492048 -0.0601508 -0.868488 -0.8564 0.145805 -0.495298 1.50335 2.19082 -0.245915</i>
                        <i>0.158928 0.987135 0.0175266 0.491755 -0.0637538 -0.868396 -0.856107 0.146631 -0.495561 1.50299 2.1922 -0.246127</i>
                        <i>0.160918 0.986856 0.0148541 0.491502 -0.0670753 -0.868289 -0.85588 0.147024 -0.495836 1.50263 2.19357 -0.246337</i>
                        <i>0.162089 0.986695 0.0126234 0.491335 -0.0696068 -0.868185 -0.855755 0.146926 -0.49608 1.50229 2.19492 -0.246543</i>
                        <i>0.162006 0.986727 0.0111475 0.491294 -0.070856 -0.868107 -0.855795 0.146116 -0.496252 1.50195 2.19621 -0.246743</i>
                        <i>0.160591 0.986966 0.0103856 0.49137 -0.0708176 -0.868067 -0.856017 0.144507 -0.496339 1.50163 2.19745 -0.246934</i>
                        <i>0.158231 0.987351 0.0100183 0.491513 -0.0699614 -0.868055 -0.856375 0.142278 -0.496366 1.50132 2.19861 -0.247112</i>
                        <i>0.155222 0.987829 0.00996495 0.491697 -0.0685059 -0.868067 -0.85682 0.139643 -0.496346 1.50105 2.19966 -0.247276</i>
                        <i>0.15186 0.98835 0.0101442 0.491899 -0.0666701 -0.868096 -0.857306 0.136819 -0.496293 1.5008 2.20061 -0.247422</i>
                        <i>0.14844 0.988866 0.0104742 0.492098 -0.064674 -0.868134 -0.857791 0.13402 -0.496219 1.50059 2.20142 -0.247548</i>
                        <i>0.14526 0.989334 0.0108731 0.492278 -0.0627378 -0.868174 -0.858232 0.131464 -0.49614 1.50041 2.20208 -0.24765</i>
                        <i>0.142619 0.989714 0.011259 0.492423 -0.0610819 -0.86821 -0.858592 0.129367 -0.496069 1.50029 2.20257 -0.247727</i>
                        <i>0.140815 0.989969 0.0115501 0.49252 -0.0599269 -0.868235 -0.858834 0.127949 -0.496018 1.5002 2.20288 -0.247775</i>
                        <i>0.140147 0.990062 0.0116652 0.492556 -0.0594931 -0.868245 -0.858922 0.127427 -0.495999 1.50018 2.20299 -0.247792</i>
                        <i>0.1433 0.989568 0.0148389 0.497855 -0.0591202 -0.865243 -0.855339 0.131377 -0.501133 1.49999 2.20515 -0.247225</i>
                        <i>0.15051 0.988354 0.0224343 0.510154 -0.0582101 -0.858111 -0.846812 0.140599 -0.512973 1.49955 2.2102 -0.245898</i>
                        <i>0.158488 0.98686 0.0314343 0.524093 -0.0571018 -0.849744 -0.836784 0.151149 -0.526257 1.49901 2.21597 -0.244374</i>
                        <i>0.164282 0.985666 0.0384028 0.534466 -0.0562232 -0.843318 -0.829071 0.159067 -0.536041 1.49859 2.22029 -0.243227</i>
                        <i>0.165231 0.98546 0.0395821 0.536187 -0.0560728 -0.842234 -0.827769 0.160387 -0.537656 1.49852 2.22101 -0.243035</i>
                        <i>0.158488 0.98686 0.0314343 0.524093 -0.0571018 -0.849744 -0.836784 0.151149 -0.526257 1.49901 2.21597 -0.244374</i>
                        <i>0.140147 0.990062 0.0116652 0.492556 -0.0594931 -0.868245 -0.858922 0.127427 -0.495999 1.50018 2.20299 -0.247792</i>
                        <i>0.101305 0.99463 -0.0212029 0.430355 -0.0630277 -0.900457 -0.896957 0.0820957 -0.434429 1.50201 2.17799 -0.254226</i>
                        <i>0.0377745 0.997709 -0.0561208 0.336001 -0.0655723 -0.939576 -0.941104 0.0166354 -0.337709 1.50381 2.14133 -0.263237</i>
                        <i>-0.0442473 0.996149 -0.0756892 0.219078 -0.064244 -0.97359 -0.974704 -0.0596605 -0.215392 1.50468 2.09747 -0.27319</i>
                        <i>-0.132093 0.988829 -0.0690564 0.0914916 -0.0572069 -0.994161 -0.987006 -0.13764 -0.0829129 1.50431 2.05096 -0.282561</i>
                        <i>-0.210501 0.976906 -0.0366743 -0.0327749 -0.0445461 -0.99847 -0.977044 -0.208977 0.041395 1.50297 2.00648 -0.290227</i>
                        <i>-0.268038 0.963362 0.00949831 -0.138801 -0.0288589 -0.9899 -0.953357 -0.266649 0.141451 1.50127 1.96878 -0.295648</i>
                        <i>-0.301115 0.952242 0.0506335 -0.212122 -0.0151199 -0.977126 -0.929696 -0.304968 0.206544 1.49988 1.94265 -0.2988</i>
                        <i>-0.311782 0.947735 0.0677528 -0.239408 -0.00935253 -0.970874 -0.919498 -0.318922 0.229811 1.49933 1.93288 -0.299849</i>
                    </KeyFrames>
                </p>
            </i>
            <i>
                <p>
                    <Name><![CDATA[spine1]]></Name>
                    <Exclude>0</Exclude>
                    <Additive>0</Additive>
                    <IKPriority>0</IKPriority>
                    <IKRotLimits>-1e+010 -1e+010 -1e+010 1e+010 1e+010 1e+010</IKRotLimits>
                    <IKRotLimitOrder>0</IKRotLimitOrder>
                    <KeyFrames count="60">
                        <i>-0.659467 0.670793 0.339323 -0.441277 0.0199986 -0.897148 -0.608586 -0.741375 0.282817 1.44373 2.102 -0.287769</i>
                        <i>-0.667571 0.679277 0.304847 -0.404468 0.0128955 -0.914461 -0.625104 -0.733769 0.266137 1.44936 2.11252 -0.298844</i>
                        <i>-0.673454 0.707652 0.213748 -0.307161 -0.00487039 -0.951645 -0.672393 -0.706544 0.220643 1.4637 2.13968 -0.32239</i>
                        <i>-0.646132 0.757837 0.0905362 -0.169339 -0.0266806 -0.985197 -0.744202 -0.651899 0.145571 1.48287 2.17711 -0.343424</i>
                        <i>-0.560506 0.827534 -0.0319389 -0.010665 -0.0457762 -0.998895 -0.828082 -0.559546 0.0344835 1.50166 2.21949 -0.348585</i>
                        <i>-0.400689 0.908776 -0.116514 0.15131 -0.059788 -0.986677 -0.903634 -0.41298 -0.11355 1.51396 2.26284 -0.334069</i>
                        <i>-0.189849 0.972982 -0.13139 0.299881 -0.0699641 -0.951408 -0.934895 -0.220025 -0.278496 1.51807 2.30399 -0.309015</i>
                        <i>0.0134133 0.99675 -0.0794271 0.419489 -0.0777153 -0.904427 -0.907661 -0.0211875 -0.419169 1.5162 2.33971 -0.282328</i>
                        <i>0.154577 0.987961 -0.00627206 0.498133 -0.0834172 -0.863079 -0.853211 0.130287 -0.50503 1.51248 2.36546 -0.26162</i>
                        <i>0.205655 0.978199 0.0288417 0.526513 -0.0857544 -0.845831 -0.824918 0.189135 -0.53267 1.51062 2.37538 -0.253351</i>
                        <i>0.200626 0.979333 0.0256142 0.526324 -0.0856971 -0.845954 -0.826276 0.183202 -0.53264 1.51113 2.37465 -0.253071</i>
                        <i>0.18689 0.982237 0.0168247 0.525828 -0.0855535 -0.846277 -0.829805 0.167008 -0.532477 1.51251 2.37267 -0.252304</i>
                        <i>0.166457 0.986041 0.00381594 0.52513 -0.085372 -0.846729 -0.834584 0.142948 -0.53201 1.51458 2.36976 -0.25116</i>
                        <i>0.141371 0.989883 -0.0120483 0.524332 -0.0851948 -0.847241 -0.839697 0.113458 -0.531071 1.51713 2.36625 -0.249754</i>
                        <i>0.113752 0.993075 -0.0293772 0.523539 -0.0850468 -0.847746 -0.844374 0.0810525 -0.529587 1.51993 2.36246 -0.248203</i>
                        <i>0.0857903 0.995215 -0.0467687 0.522856 -0.0849306 -0.84818 -0.848093 0.0483123 -0.52764 1.52278 2.35868 -0.246626</i>
                        <i>0.0597092 0.996236 -0.0628385 0.522389 -0.0848277 -0.848477 -0.850614 0.0178357 -0.525488 1.52546 2.35524 -0.245143</i>
                        <i>0.0377148 0.996376 -0.0762466 0.522248 -0.0847046 -0.848577 -0.851959 -0.00781575 -0.523549 1.52774 2.3524 -0.243867</i>
                        <i>0.0219649 0.996078 -0.0857065 0.52254 -0.0845237 -0.848415 -0.852332 -0.0261498 -0.522348 1.52942 2.35045 -0.242905</i>
                        <i>0.0145705 0.995838 -0.0899652 0.523375 -0.0842603 -0.847926 -0.851978 -0.0347308 -0.522425 1.53031 2.34967 -0.242363</i>
                        <i>0.0155725 0.995898 -0.0891278 0.524199 -0.0840382 -0.847439 -0.851453 -0.033524 -0.523358 1.53029 2.34978 -0.242307</i>
                        <i>0.0184221 0.996057 -0.086783 0.526398 -0.0834564 -0.846132 -0.850038 -0.0300949 -0.52586 1.53026 2.35007 -0.242161</i>
                        <i>0.022884 0.996272 -0.0831808 0.529564 -0.0826508 -0.844234 -0.847961 -0.0247301 -0.529481 1.53022 2.35054 -0.241954</i>
                        <i>0.0287224 0.996495 -0.0785712 0.533288 -0.0817588 -0.841974 -0.845446 -0.0177175 -0.533767 1.53016 2.35117 -0.241717</i>
                        <i>0.0357025 0.996678 -0.073205 0.537165 -0.080909 -0.839588 -0.842721 -0.00934779 -0.538269 1.5301 2.35194 -0.241478</i>
                        <i>0.0435916 0.996778 -0.0673344 0.540797 -0.0802131 -0.83732 -0.840023 8.58702e-005 -0.542551 1.53003 2.35283 -0.241268</i>
                        <i>0.0521596 0.996761 -0.061213 0.543792 -0.079761 -0.835421 -0.837597 0.0102881 -0.546191 1.52997 2.35381 -0.241118</i>
                        <i>0.061179 0.996605 -0.0550957 0.545762 -0.0796176 -0.834149 -0.835704 0.0209633 -0.54878 1.52992 2.35489 -0.241057</i>
                        <i>0.0704244 0.996301 -0.0492385 0.54632 -0.0798228 -0.833764 -0.834611 0.0318174 -0.54992 1.52988 2.35603 -0.241118</i>
                        <i>0.079772 0.99584 -0.0440307 0.54476 -0.0805447 -0.834715 -0.834789 0.0426007 -0.548919 1.52991 2.35722 -0.241378</i>
                        <i>0.088988 0.995243 -0.0396605 0.541135 -0.0817373 -0.836954 -0.836214 0.0530171 -0.545835 1.52999 2.35844 -0.241848</i>
                        <i>0.0976832 0.994563 -0.0360814 0.536195 -0.0831372 -0.83999 -0.838423 0.0627062 -0.541401 1.53009 2.35968 -0.242457</i>
                        <i>0.105468 0.993867 -0.0332474 0.530694 -0.0845288 -0.843338 -0.840976 0.0713013 -0.536354 1.53015 2.36094 -0.243132</i>
                        <i>0.111957 0.993226 -0.0311126 0.525404 -0.0857408 -0.846522 -0.843455 0.0784271 -0.531444 1.53013 2.3622 -0.243801</i>
                        <i>0.116763 0.992718 -0.0296311 0.521105 -0.0866358 -0.849084 -0.845468 0.0837004 -0.527426 1.52997 2.36346 -0.244389</i>
                        <i>0.118972 0.992471 -0.0291197 0.518582 -0.0871211 -0.850578 -0.846711 0.0860939 -0.525042 1.52961 2.36469 -0.244842</i>
                        <i>0.118318 0.99253 -0.0297581 0.517698 -0.0872322 -0.851105 -0.847342 0.0852957 -0.524152 1.52903 2.3659 -0.245164</i>
                        <i>0.115461 0.992816 -0.0313864 0.517664 -0.08711 -0.851138 -0.847757 0.0820256 -0.524003 1.52831 2.36703 -0.245406</i>
                        <i>0.111004 0.993248 -0.0337199 0.518281 -0.0868061 -0.850794 -0.847976 0.0769653 -0.524417 1.52751 2.36808 -0.24558</i>
                        <i>0.105554 0.993744 -0.0364741 0.519347 -0.086369 -0.850188 -0.84802 0.0707977 -0.525215 1.52667 2.36902 -0.245697</i>
                        <i>0.0997171 0.994237 -0.0393642 0.520663 -0.0858512 -0.849435 -0.847919 0.0642077 -0.526224 1.52586 2.36983 -0.245768</i>
                        <i>0.094106 0.994671 -0.0421061 0.522031 -0.0853142 -0.848649 -0.847719 0.0578822 -0.527278 1.52514 2.37049 -0.245803</i>
                        <i>0.0893345 0.995011 -0.0444157 0.523252 -0.0848298 -0.847946 -0.847483 0.0525102 -0.528219 1.52455 2.37099 -0.245815</i>
                        <i>0.0860192 0.99523 -0.0460094 0.524128 -0.0844781 -0.847439 -0.847284 0.0487812 -0.528895 1.52415 2.3713 -0.245814</i>
                        <i>0.0847772 0.99531 -0.0466037 0.524464 -0.0843429 -0.847245 -0.847202 0.0473851 -0.529154 1.52401 2.37141 -0.245812</i>
                        <i>0.0916834 0.994893 -0.0422169 0.531005 -0.084711 -0.843124 -0.842394 0.0548831 -0.53606 1.52436 2.37347 -0.244705</i>
                        <i>0.107516 0.993703 -0.0315478 0.546131 -0.0855462 -0.83332 -0.830771 0.0723664 -0.55189 1.52513 2.37827 -0.242088</i>
                        <i>0.125105 0.991969 -0.0186292 0.563181 -0.0864607 -0.821798 -0.816808 0.0923197 -0.569474 1.52595 2.38374 -0.239035</i>
                        <i>0.137924 0.990407 -0.00844676 0.575799 -0.0871189 -0.812936 -0.805874 0.10726 -0.582291 1.52651 2.38783 -0.236705</i>
                        <i>0.140028 0.990125 -0.00670946 0.577888 -0.0872263 -0.811441 -0.804014 0.109747 -0.584395 1.5266 2.38851 -0.236313</i>
                        <i>0.125105 0.991969 -0.0186292 0.563181 -0.0864607 -0.821798 -0.816809 0.0923197 -0.569474 1.52595 2.38374 -0.239035</i>
                        <i>0.0847772 0.99531 -0.0466037 0.524464 -0.0843429 -0.847245 -0.847202 0.0473851 -0.529154 1.52401 2.37141 -0.245812</i>
                        <i>0.000692653 0.99606 -0.0886829 0.446683 -0.0796521 -0.89114 -0.894692 -0.0389959 -0.444978 1.51927 2.34747 -0.257842</i>
                        <i>-0.132455 0.983889 -0.120076 0.325643 -0.0712227 -0.942807 -0.936169 -0.163981 -0.310962 1.51026 2.31195 -0.272835</i>
                        <i>-0.294276 0.949612 -0.107878 0.171738 -0.0584969 -0.983404 -0.940164 -0.307919 -0.14587 1.49707 2.26886 -0.286211</i>
                        <i>-0.450442 0.892023 -0.0373763 0.000674501 -0.0415238 -0.999137 -0.892805 -0.450079 0.0181024 1.48141 2.22252 -0.29454</i>
                        <i>-0.567813 0.819431 0.0782332 -0.166978 -0.0215957 -0.985724 -0.806044 -0.572771 0.14909 1.46612 2.1776 -0.296652</i>
                        <i>-0.632671 0.746995 0.204269 -0.309031 -0.00166581 -0.951051 -0.71009 -0.664828 0.231898 1.45392 2.13908 -0.293974</i>
                        <i>-0.655738 0.692118 0.301628 -0.405757 0.0138423 -0.913876 -0.636685 -0.721651 0.271755 1.44633 2.11213 -0.289797</i>
                        <i>-0.659467 0.670793 0.339323 -0.441277 0.0199986 -0.897148 -0.608586 -0.741375 0.282817 1.44373 2.102 -0.287769</i>
                    </KeyFrames>
                </p>
            </i>
            <i>
                <p>
                    <Name><![CDATA[spine2]]></Name>
                    <Exclude>0</Exclude>
                    <Additive>0</Additive>
                    <IKPriority>0</IKPriority>
                    <IKRotLimits>-1e+010 -1e+010 -1e+010 1e+010 1e+010 1e+010</IKRotLimits>
                    <IKRotLimitOrder>0</IKRotLimitOrder>
                    <KeyFrames count="60">
                        <i>-0.802726 0.434685 0.408265 -0.518453 -0.170393 -0.837957 -0.294682 -0.884316 0.362143 1.33557 2.21178 -0.231894</i>
                        <i>-0.812071 0.45114 0.370154 -0.4842 -0.166865 -0.858898 -0.325717 -0.876715 0.353948 1.33923 2.2243 -0.248344</i>
                        <i>-0.824064 0.498596 0.268925 -0.390569 -0.156197 -0.907225 -0.410334 -0.852646 0.323452 1.35131 2.25742 -0.286538</i>
                        <i>-0.809714 0.57256 0.1286 -0.250256 -0.138697 -0.958194 -0.530787 -0.808046 0.255592 1.37418 2.30416 -0.328042</i>
                        <i>-0.745026 0.666754 -0.0193618 -0.0781131 -0.116036 -0.990169 -0.662445 -0.736189 0.138532 1.40784 2.35755 -0.353812</i>
                        <i>-0.612557 0.778046 -0.13935 0.10744 -0.0927022 -0.98988 -0.78309 -0.62133 -0.026808 1.4483 2.41135 -0.353081</i>
                        <i>-0.422152 0.885156 -0.19567 0.284604 -0.0755219 -0.955666 -0.860691 -0.459124 -0.220037 1.48776 2.45905 -0.329953</i>
                        <i>-0.222579 0.9583 -0.179221 0.429838 -0.0685378 -0.900301 -0.875041 -0.277425 -0.396659 1.51832 2.49585 -0.294774</i>
                        <i>-0.0742283 0.989157 -0.126719 0.524824 -0.069301 -0.848385 -0.847968 -0.129479 -0.513989 1.53661 2.51937 -0.262609</i>
                        <i>-0.0185929 0.995017 -0.0979608 0.558656 -0.0709174 -0.826362 -0.829191 -0.0700909 -0.554553 1.54271 2.52776 -0.248876</i>
                        <i>-0.023948 0.994573 -0.101248 0.558404 -0.0706976 -0.826551 -0.829224 -0.0763315 -0.55368 1.54243 2.52719 -0.249099</i>
                        <i>-0.0385173 0.993165 -0.11018 0.557743 -0.0701203 -0.827046 -0.829119 -0.0933076 -0.55123 1.54168 2.52566 -0.2497</i>
                        <i>-0.060034 0.990548 -0.123333 0.556814 -0.0693149 -0.82774 -0.828465 -0.118366 -0.54739 1.54057 2.52338 -0.250582</i>
                        <i>-0.086173 0.986501 -0.13925 0.55576 -0.0684038 -0.828524 -0.826865 -0.148786 -0.542363 1.53922 2.5206 -0.25165</i>
                        <i>-0.114559 0.981017 -0.156467 0.554732 -0.0674876 -0.829287 -0.824104 -0.1818 -0.536471 1.53774 2.51753 -0.252809</i>
                        <i>-0.142829 0.97441 -0.173564 0.553897 -0.066636 -0.829914 -0.820242 -0.214672 -0.530206 1.53625 2.51442 -0.253968</i>
                        <i>-0.168712 0.967333 -0.189217 0.553431 -0.0658863 -0.830285 -0.815629 -0.244797 -0.524236 1.53486 2.51153 -0.25503</i>
                        <i>-0.190094 0.960711 -0.202232 0.553516 -0.0652525 -0.830278 -0.810854 -0.26977 -0.519365 1.5337 2.50912 -0.255894</i>
                        <i>-0.205017 0.955627 -0.21153 0.554341 -0.0647441 -0.829768 -0.806644 -0.287377 -0.516469 1.5329 2.50747 -0.256455</i>
                        <i>-0.211603 0.953169 -0.216084 0.556091 -0.0643974 -0.828623 -0.803733 -0.295502 -0.516422 1.53262 2.50684 -0.256604</i>
                        <i>-0.210116 0.953547 -0.215869 0.557697 -0.0644534 -0.827539 -0.803011 -0.294268 -0.518247 1.53277 2.50696 -0.256417</i>
                        <i>-0.205947 0.954618 -0.215151 0.561977 -0.0646134 -0.824625 -0.801104 -0.290739 -0.523167 1.53319 2.50727 -0.255902</i>
                        <i>-0.199535 0.956278 -0.213817 0.568122 -0.0648882 -0.820382 -0.798388 -0.285169 -0.530335 1.53385 2.50777 -0.255129</i>
                        <i>-0.191315 0.958415 -0.211753 0.575325 -0.0652919 -0.815315 -0.795236 -0.277808 -0.538909 1.53471 2.50842 -0.254166</i>
                        <i>-0.181728 0.960916 -0.208842 0.582795 -0.0658141 -0.80995 -0.792039 -0.268903 -0.548057 1.53575 2.5092 -0.253082</i>
                        <i>-0.171223 0.963675 -0.20497 0.589764 -0.0663996 -0.804842 -0.789216 -0.258691 -0.556972 1.53694 2.51008 -0.251947</i>
                        <i>-0.160259 0.966596 -0.200022 0.595488 -0.066935 -0.800571 -0.787217 -0.247409 -0.56487 1.53823 2.51103 -0.250832</i>
                        <i>-0.149305 0.969596 -0.193884 0.599247 -0.0672421 -0.797735 -0.786518 -0.23529 -0.570988 1.5396 2.51204 -0.249806</i>
                        <i>-0.138833 0.972606 -0.186448 0.60033 -0.0670784 -0.796935 -0.78761 -0.222571 -0.574572 1.54102 2.51309 -0.24894</i>
                        <i>-0.129729 0.975613 -0.177056 0.597432 -0.0656048 -0.799231 -0.791357 -0.209462 -0.574352 1.54252 2.51416 -0.248374</i>
                        <i>-0.12243 0.97852 -0.165857 0.590674 -0.0624557 -0.80449 -0.797568 -0.196462 -0.57034 1.54405 2.51523 -0.248149</i>
                        <i>-0.116744 0.981157 -0.153954 0.58145 -0.0581484 -0.811502 -0.805163 -0.184254 -0.563705 1.54551 2.51631 -0.248186</i>
                        <i>-0.112483 0.983389 -0.142457 0.571151 -0.0533297 -0.819111 -0.813102 -0.1735 -0.555664 1.54679 2.51741 -0.248406</i>
                        <i>-0.109468 0.985121 -0.132487 0.56119 -0.0487606 -0.826249 -0.820416 -0.164798 -0.547503 1.54778 2.51852 -0.248731</i>
                        <i>-0.107534 0.986291 -0.125166 0.55302 -0.045283 -0.831936 -0.826199 -0.158681 -0.540569 1.54837 2.51965 -0.24908</i>
                        <i>-0.107262 0.986704 -0.122102 0.548092 -0.043781 -0.835271 -0.829512 -0.156516 -0.536109 1.54835 2.52079 -0.249447</i>
                        <i>-0.108954 0.986345 -0.123505 0.546145 -0.0444149 -0.836512 -0.830575 -0.158592 -0.533849 1.54766 2.52193 -0.249865</i>
                        <i>-0.112312 0.985393 -0.128012 0.545727 -0.0464916 -0.836672 -0.830402 -0.163828 -0.532534 1.54648 2.52303 -0.250361</i>
                        <i>-0.116841 0.983967 -0.13475 0.546522 -0.0495861 -0.835975 -0.829254 -0.17132 -0.531966 1.54497 2.52406 -0.250898</i>
                        <i>-0.122042 0.982193 -0.14284 0.548206 -0.053265 -0.834645 -0.827391 -0.180167 -0.531944 1.54327 2.52499 -0.251445</i>
                        <i>-0.127412 0.980226 -0.151406 0.550437 -0.0571063 -0.832921 -0.825097 -0.189464 -0.532277 1.54154 2.52579 -0.251967</i>
                        <i>-0.132453 0.978259 -0.159577 0.552851 -0.0607116 -0.831066 -0.822686 -0.198299 -0.53279 1.53993 2.52645 -0.25243</i>
                        <i>-0.136667 0.976528 -0.166482 0.555064 -0.0637108 -0.829364 -0.820504 -0.205755 -0.533328 1.53859 2.52693 -0.252802</i>
                        <i>-0.139557 0.975292 -0.171258 0.556682 -0.0657578 -0.828119 -0.81892 -0.210906 -0.53375 1.53767 2.52724 -0.25305</i>
                        <i>-0.140631 0.974823 -0.173042 0.557308 -0.0665162 -0.827637 -0.81831 -0.212829 -0.533922 1.53733 2.52734 -0.25314</i>
                        <i>-0.132511 0.976472 -0.170125 0.565214 -0.0665551 -0.822255 -0.814232 -0.205115 -0.543097 1.53876 2.52932 -0.251347</i>
                        <i>-0.113757 0.98008 -0.162794 0.58346 -0.0667209 -0.809396 -0.804135 -0.187058 -0.564248 1.54202 2.53391 -0.247059</i>
                        <i>-0.0926852 0.983788 -0.153527 0.603953 -0.0670398 -0.794196 -0.791613 -0.166333 -0.587948 1.54559 2.53908 -0.241985</i>
                        <i>-0.0771587 0.986276 -0.145967 0.619061 -0.0673701 -0.782448 -0.781543 -0.150735 -0.605367 1.54815 2.54291 -0.238062</i>
                        <i>-0.0745955 0.986666 -0.144657 0.621557 -0.0674328 -0.780461 -0.779809 -0.148131 -0.608239 1.54857 2.54354 -0.237398</i>
                        <i>-0.0926853 0.983788 -0.153527 0.603953 -0.0670398 -0.794196 -0.791613 -0.166333 -0.587948 1.54559 2.53908 -0.241985</i>
                        <i>-0.140631 0.974823 -0.173042 0.557308 -0.0665162 -0.827637 -0.81831 -0.212829 -0.533922 1.53733 2.52734 -0.25314</i>
                        <i>-0.236862 0.951445 -0.196595 0.462785 -0.0674287 -0.883902 -0.85424 -0.300344 -0.424343 1.5194 2.50374 -0.271769</i>
                        <i>-0.380663 0.903558 -0.196669 0.315431 -0.0730468 -0.946133 -0.869252 -0.422193 -0.257204 1.4894 2.46681 -0.291726</i>
                        <i>-0.542411 0.827706 -0.143853 0.131166 -0.0856953 -0.98765 -0.829811 -0.55458 -0.0620845 1.45045 2.41915 -0.303242</i>
                        <i>-0.683013 0.729707 -0.0319434 -0.0656744 -0.104911 -0.992311 -0.727448 -0.675663 0.119579 1.40947 2.36478 -0.300409</i>
                        <i>-0.772775 0.623898 0.116491 -0.247717 -0.127507 -0.960405 -0.584341 -0.771034 0.253085 1.37461 2.30945 -0.283904</i>
                        <i>-0.807485 0.528342 0.26234 -0.392314 -0.148883 -0.907702 -0.440519 -0.835876 0.327497 1.35107 2.26029 -0.260588</i>
                        <i>-0.807702 0.46032 0.368407 -0.485393 -0.164465 -0.858688 -0.334681 -0.872386 0.356274 1.33904 2.22513 -0.240238</i>
                        <i>-0.802726 0.434685 0.408265 -0.518453 -0.170393 -0.837957 -0.294682 -0.884316 0.362143 1.33557 2.21178 -0.231894</i>
                    </KeyFrames>
                </p>
            </i>
            <i>
                <p>
                    <Name><![CDATA[head]]></Name>
                    <Exclude>0</Exclude>
                    <Additive>0</Additive>
                    <IKPriority>0</IKPriority>
                    <IKRotLimits>-1e+010 -1e+010 -1e+010 1e+010 1e+010 1e+010</IKRotLimits>
                    <IKRotLimitOrder>0</IKRotLimitOrder>
                    <KeyFrames count="60">
                        <i>-0.325522 0.910886 0.253617 0.274142 0.347626 -0.896662 -0.904921 -0.222356 -0.362873 1.129 2.33534 -0.134276</i>
                        <i>-0.329848 0.889829 0.315287 0.431738 0.439194 -0.787852 -0.839525 -0.12375 -0.52904 1.13064 2.35273 -0.159962</i>
                        <i>-0.461205 0.803999 0.375334 0.704835 0.588926 -0.395442 -0.538979 0.0821683 -0.838302 1.14072 2.39932 -0.223008</i>
                        <i>-0.679588 0.705774 0.200109 0.733027 0.664031 0.147425 -0.0288297 0.246873 -0.968619 1.16909 2.46602 -0.299301</i>
                        <i>-0.713594 0.694565 -0.0914437 0.58314 0.661247 0.471911 0.38824 0.283428 -0.876891 1.22188 2.54295 -0.361541</i>
                        <i>-0.580824 0.779121 -0.235826 0.54733 0.588223 0.595335 0.602556 0.21671 -0.76809 1.29832 2.6218 -0.389359</i>
                        <i>-0.394437 0.886824 -0.240753 0.590889 0.44542 0.672645 0.703754 0.123058 -0.699705 1.38532 2.69143 -0.378525</i>
                        <i>-0.213346 0.965827 -0.147181 0.647786 0.252617 0.71872 0.731339 0.0579948 -0.679544 1.46209 2.74226 -0.338971</i>
                        <i>-0.0824305 0.996063 -0.0326266 0.683169 0.0803116 0.725831 0.725593 0.0375411 -0.687099 1.51322 2.77168 -0.294949</i>
                        <i>-0.0328363 0.999249 0.0205652 0.695237 0.00805411 0.718736 0.71803 0.0378984 -0.694979 1.53144 2.78129 -0.274853</i>
                        <i>-0.0385298 0.999129 0.0160501 0.693301 0.015162 0.720488 0.719617 0.0388878 -0.693281 1.53004 2.78064 -0.275773</i>
                        <i>-0.0545326 0.998507 0.00314094 0.687593 0.035271 0.725239 0.724045 0.0417088 -0.68849 1.52624 2.77885 -0.278272</i>
                        <i>-0.0791275 0.996715 -0.0172652 0.678015 0.0665067 0.732033 0.730777 0.0462179 -0.68105 1.52063 2.77613 -0.281954</i>
                        <i>-0.110469 0.992891 -0.0443074 0.66431 0.106923 0.73977 0.739249 0.0522878 -0.6714 1.5138 2.77266 -0.286425</i>
                        <i>-0.146599 0.986185 -0.0771163 0.646257 0.154505 0.747315 0.748906 0.0597186 -0.659979 1.50636 2.76871 -0.291291</i>
                        <i>-0.189763 0.974475 -0.119955 0.62253 0.213894 0.752798 0.759241 0.0681776 -0.647229 1.49889 2.76455 -0.296165</i>
                        <i>-0.237492 0.956019 -0.172121 0.592439 0.282973 0.754283 0.769814 0.0771651 -0.633586 1.492 2.76055 -0.300668</i>
                        <i>-0.281478 0.932808 -0.225034 0.558504 0.349961 0.752064 0.780284 0.0860071 -0.619483 1.48626 2.75711 -0.304431</i>
                        <i>-0.314917 0.909877 -0.270096 0.525437 0.40412 0.748735 0.790407 0.093871 -0.605347 1.48226 2.75467 -0.307093</i>
                        <i>-0.332617 0.894437 -0.298913 0.499322 0.435917 0.748769 0.800027 0.0997994 -0.591605 1.48059 2.75369 -0.308293</i>
                        <i>-0.331147 0.894849 -0.299313 0.493626 0.43463 0.75328 0.804162 0.101698 -0.585647 1.4811 2.75389 -0.308087</i>
                        <i>-0.327005 0.896061 -0.300238 0.478888 0.431015 0.764783 0.814699 0.106307 -0.570057 1.48255 2.75444 -0.307484</i>
                        <i>-0.320585 0.898031 -0.301273 0.458607 0.42545 0.780174 0.828797 0.111946 -0.548236 1.48479 2.7553 -0.306508</i>
