<?xml version="1.0" encoding="ISO-8859-1" ?>
<Animl Version="1">
    <ModellingPackage><![CDATA[Maya.2010]]></ModellingPackage>
    <SrcFile><![CDATA[anims\turrets\antitank\red\~src\at_at4spigot\at_at4spigot_fire_crewman_c.mb]]></SrcFile>
    <FramesPerSecond>30</FramesPerSecond>
    <TotalFrames>40</TotalFrames>
    <Skeleton>
        <RefFrame>
            <Name><![CDATA[soldier_ref_frame]]></Name>
            <Exclude>0</Exclude>
            <Additive>0</Additive>
            <IKPriority>0</IKPriority>
            <IKRotLimits>-1e+010 -1e+010 -1e+010 1e+010 1e+010 1e+010</IKRotLimits>
            <IKRotLimitOrder>0</IKRotLimitOrder>
            <KeyFrames count="40">
                <i>1 0 0 0 1 0 0 0 1 -2.11 0.88 -0.15</i>
                <i>1 0 0 0 1 0 0 0 1 -2.11 0.88 -0.15</i>
                <i>1 0 0 0 1 0 0 0 1 -2.11 0.88 -0.15</i>
                <i>1 0 0 0 1 0 0 0 1 -2.11 0.88 -0.15</i>
                <i>1 0 0 0 1 0 0 0 1 -2.11 0.88 -0.15</i>
                <i>1 0 0 0 1 0 0 0 1 -2.11 0.88 -0.15</i>
                <i>1 0 0 0 1 0 0 0 1 -2.11 0.88 -0.15</i>
                <i>1 0 0 0 1 0 0 0 1 -2.11 0.88 -0.15</i>
                <i>1 0 0 0 1 0 0 0 1 -2.11 0.88 -0.15</i>
                <i>1 0 0 0 1 0 0 0 1 -2.11 0.88 -0.15</i>
                <i>1 0 0 0 1 0 0 0 1 -2.11 0.88 -0.15</i>
                <i>1 0 0 0 1 0 0 0 1 -2.11 0.88 -0.15</i>
                <i>1 0 0 0 1 0 0 0 1 -2.11 0.88 -0.15</i>
                <i>1 0 0 0 1 0 0 0 1 -2.11 0.88 -0.15</i>
                <i>1 0 0 0 1 0 0 0 1 -2.11 0.88 -0.15</i>
                <i>1 0 0 0 1 0 0 0 1 -2.11 0.88 -0.15</i>
                <i>1 0 0 0 1 0 0 0 1 -2.11 0.88 -0.15</i>
                <i>1 0 0 0 1 0 0 0 1 -2.11 0.88 -0.15</i>
                <i>1 0 0 0 1 0 0 0 1 -2.11 0.88 -0.15</i>
                <i>1 0 0 0 1 0 0 0 1 -2.11 0.88 -0.15</i>
                <i>1 0 0 0 1 0 0 0 1 -2.11 0.88 -0.15</i>
                <i>1 0 0 0 1 0 0 0 1 -2.11 0.88 -0.15</i>
                <i>1 0 0 0 1 0 0 0 1 -2.11 0.88 -0.15</i>
                <i>1 0 0 0 1 0 0 0 1 -2.11 0.88 -0.15</i>
                <i>1 0 0 0 1 0 0 0 1 -2.11 0.88 -0.15</i>
                <i>1 0 0 0 1 0 0 0 1 -2.11 0.88 -0.15</i>
                <i>1 0 0 0 1 0 0 0 1 -2.11 0.88 -0.15</i>
                <i>1 0 0 0 1 0 0 0 1 -2.11 0.88 -0.15</i>
                <i>1 0 0 0 1 0 0 0 1 -2.11 0.88 -0.15</i>
                <i>1 0 0 0 1 0 0 0 1 -2.11 0.88 -0.15</i>
                <i>1 0 0 0 1 0 0 0 1 -2.11 0.88 -0.15</i>
                <i>1 0 0 0 1 0 0 0 1 -2.11 0.88 -0.15</i>
                <i>1 0 0 0 1 0 0 0 1 -2.11 0.88 -0.15</i>
                <i>1 0 0 0 1 0 0 0 1 -2.11 0.88 -0.15</i>
                <i>1 0 0 0 1 0 0 0 1 -2.11 0.88 -0.15</i>
                <i>1 0 0 0 1 0 0 0 1 -2.11 0.88 -0.15</i>
                <i>1 0 0 0 1 0 0 0 1 -2.11 0.88 -0.15</i>
                <i>1 0 0 0 1 0 0 0 1 -2.11 0.88 -0.15</i>
                <i>1 0 0 0 1 0 0 0 1 -2.11 0.88 -0.15</i>
                <i>1 0 0 0 1 0 0 0 1 -2.11 0.88 -0.15</i>
            </KeyFrames>
        </RefFrame>
        <Bones count="23">
            <i>
                <p>
                    <Name><![CDATA[pelvis]]></Name>
                    <Exclude>0</Exclude>
                    <Additive>0</Additive>
                    <IKPriority>0</IKPriority>
                    <IKRotLimits>-1e+010 -1e+010 -1e+010 1e+010 1e+010 1e+010</IKRotLimits>
                    <IKRotLimitOrder>2</IKRotLimitOrder>
                    <KeyFrames count="40">
                        <i>1 0 0 0 1 0 0 0 1 -1.61453 1.94424 -0.193363</i>
                        <i>1 0 0 0 1 0 0 0 1 -1.61453 1.79474 -0.193363</i>
                        <i>1 0 0 0 1 0 0 0 1 -1.61453 1.69 -0.193363</i>
                        <i>1 0 0 0 1 0 0 0 1 -1.61453 1.802 -0.193363</i>
                        <i>1 0 0 0 1 0 0 0 1 -1.61453 1.94987 -0.193363</i>
                        <i>1 0 0 0 1 0 0 0 1 -1.61453 2.11996 -0.193363</i>
                        <i>1 0 0 0 1 0 0 0 1 -1.61453 2.29866 -0.193363</i>
                        <i>1 0 0 0 1 0 0 0 1 -1.61453 2.47232 -0.193363</i>
                        <i>1 0 0 0 1 0 0 0 1 -1.61453 2.62731 -0.193363</i>
                        <i>1 0 0 0 1 0 0 0 1 -1.61453 2.75 -0.193363</i>
                        <i>1 0 0 0 1 0 0 0 1 -1.61453 2.8158 -0.193363</i>
                        <i>1 0 0 0 1 0 0 0 1 -1.61453 2.8047 -0.193363</i>
                        <i>1 0 0 0 1 0 0 0 1 -1.61453 2.71 -0.193363</i>
                        <i>1 0 0 0 1 0 0 0 1 -1.61453 2.5233 -0.193363</i>
                        <i>1 0 0 0 1 0 0 0 1 -1.61453 2.27361 -0.193363</i>
                        <i>1 0 0 0 1 0 0 0 1 -1.61453 2.01026 -0.193363</i>
                        <i>1 0 0 0 1 0 0 0 1 -1.61453 1.78261 -0.193363</i>
                        <i>1 0 0 0 1 0 0 0 1 -1.61453 1.64 -0.193363</i>
                        <i>1 0 0 0 1 0 0 0 1 -1.61453 1.65111 -0.193363</i>
                        <i>1 0 0 0 1 0 0 0 1 -1.61453 1.67889 -0.193363</i>
                        <i>1 0 0 0 1 0 0 0 1 -1.61453 1.715 -0.193363</i>
                        <i>1 0 0 0 1 0 0 0 1 -1.61453 1.75111 -0.193363</i>
                        <i>1 0 0 0 1 0 0 0 1 -1.61453 1.77889 -0.193363</i>
                        <i>1 0 0 0 1 0 0 0 1 -1.61453 1.79 -0.193363</i>
                        <i>1 0 0 0 1 0 0 0 1 -1.61453 1.81903 -0.193363</i>
                        <i>1 0 0 0 1 0 0 0 1 -1.61453 1.85252 -0.193363</i>
                        <i>1 0 0 0 1 0 0 0 1 -1.61453 1.88613 -0.193363</i>
                        <i>1 0 0 0 1 0 0 0 1 -1.61453 1.91551 -0.193363</i>
                        <i>1 0 0 0 1 0 0 0 1 -1.61453 1.93633 -0.193363</i>
                        <i>1 0 0 0 1 0 0 0 1 -1.61453 1.94424 -0.193363</i>
                        <i>1 0 0 0 1 0 0 0 1 -1.61453 1.94424 -0.193363</i>
                        <i>1 0 0 0 1 0 0 0 1 -1.61453 1.94424 -0.193363</i>
                        <i>1 0 0 0 1 0 0 0 1 -1.61453 1.94424 -0.193363</i>
                        <i>1 0 0 0 1 0 0 0 1 -1.61453 1.94424 -0.193363</i>
                        <i>1 0 0 0 1 0 0 0 1 -1.61453 1.94424 -0.193363</i>
                        <i>1 0 0 0 1 0 0 0 1 -1.61453 1.94424 -0.193363</i>
                        <i>1 0 0 0 1 0 0 0 1 -1.61453 1.94424 -0.193363</i>
                        <i>1 0 0 0 1 0 0 0 1 -1.61453 1.94424 -0.193363</i>
                        <i>1 0 0 0 1 0 0 0 1 -1.61453 1.94424 -0.193363</i>
                        <i>1 0 0 0 1 0 0 0 1 -1.61453 1.94424 -0.193363</i>
                    </KeyFrames>
                </p>
            </i>
            <i>
                <p>
                    <Name><![CDATA[spine0]]></Name>
                    <Exclude>0</Exclude>
                    <Additive>0</Additive>
                    <IKPriority>0</IKPriority>
                    <IKRotLimits>-1e+010 -1e+010 -1e+010 1e+010 1e+010 1e+010</IKRotLimits>
                    <IKRotLimitOrder>0</IKRotLimitOrder>
                    <KeyFrames count="40">
                        <i>0.235916 0.946979 0.218117 -0.463828 -0.0875055 0.881593 0.853936 -0.309151 0.418591 -1.64625 2.08344 -0.211015</i>
                        <i>0.13889 0.97766 0.157766 -0.534834 -0.0600266 0.842822 0.833464 -0.201439 0.514549 -1.66454 1.92527 -0.227372</i>
                        <i>0.0627149 0.994528 0.0835557 -0.613132 -0.0276657 0.789496 0.787487 -0.100744 0.608042 -1.67199 1.8129 -0.241204</i>
                        <i>0.0260312 0.999248 0.0287346 -0.682551 -0.00323492 0.730831 0.730374 -0.0386372 0.681953 -1.65293 1.93528 -0.23156</i>
                        <i>0.0143477 0.999835 0.0111831 -0.74104 0.00312381 0.671453 0.671307 -0.0179209 0.740963 -1.63724 2.08959 -0.21904</i>
                        <i>-0.000605875 0.999918 0.0127981 -0.792874 -0.00827931 0.60933 0.609386 -0.00977809 0.792814 -1.64135 2.25748 -0.226021</i>
                        <i>-0.0086873 0.999363 0.034617 -0.837587 -0.0261828 0.545677 0.546235 -0.0242543 0.837281 -1.64767 2.43106 -0.238818</i>
                        <i>-0.0153212 0.997166 0.0736504 -0.873366 -0.0492095 0.484573 0.486824 -0.0568995 0.871645 -1.65259 2.59678 -0.254645</i>
                        <i>-0.0212192 0.991806 0.125976 -0.899327 -0.0739814 0.430974 0.436762 -0.104148 0.893528 -1.65385 2.74244 -0.270129</i>
                        <i>-0.0278305 0.984565 0.17279 -0.917275 -0.0938533 0.387039 0.397282 -0.147725 0.905729 -1.65064 2.85725 -0.282183</i>
                        <i>-0.0231963 0.979213 0.201506 -0.917147 -0.10106 0.385523 0.397873 -0.175868 0.900426 -1.63726 2.91812 -0.291899</i>
                        <i>-0.00772956 0.975138 0.221464 -0.905352 -0.100862 0.41251 0.424592 -0.197314 0.883623 -1.61871 2.90313 -0.298199</i>
                        <i>0.00494516 0.976918 0.213558 -0.920884 -0.0787992 0.381789 0.389805 -0.19855 0.899238 -1.60907 2.81139 -0.29528</i>
                        <i>-0.0161616 0.9865 0.162964 -0.966687 -0.0570562 0.24952 0.255449 -0.153502 0.954559 -1.63125 2.65019 -0.259062</i>
                        <i>-0.0593352 0.983397 0.171492 -0.970611 -0.0969728 0.220252 0.233225 -0.153383 0.96025 -1.66019 2.40699 -0.221998</i>
                        <i>-0.0545572 0.992929 0.105427 -0.97155 -0.077157 0.223912 0.230464 -0.0902114 0.96889 -1.65395 2.1427 -0.23338</i>
                        <i>-0.0346068 0.999308 0.0136668 -0.969431 -0.0368897 0.242574 0.24291 -0.0048543 0.970037 -1.63705 1.90842 -0.259386</i>
                        <i>-0.0198773 0.999466 -0.0259167 -0.965396 -0.0124451 0.26049 0.260029 0.0301977 0.965129 -1.6258 1.75867 -0.2739</i>
                        <i>-0.0178711 0.999831 0.00442134 -0.966994 -0.0184079 0.254132 0.25417 0.000266192 0.96716 -1.62553 1.77142 -0.271473</i>
                        <i>-0.0141299 0.997618 0.0675233 -0.970933 -0.0298261 0.237485 0.238933 -0.0622049 0.969042 -1.62497 1.80307 -0.265246</i>
                        <i>-0.0114727 0.992403 0.122491 -0.975818 -0.037853 0.215282 0.218284 -0.117059 0.968839 -1.62454 1.84371 -0.256838</i>
                        <i>-0.0107468 0.989723 0.142592 -0.980292 -0.0385591 0.193754 0.197261 -0.1377 0.970632 -1.62444 1.88377 -0.248122</i>
                        <i>-0.0109399 0.989979 0.140793 -0.983276 -0.0362488 0.178479 0.181794 -0.136486 0.973819 -1.62458 1.91418 -0.241239</i>
                        <i>-0.0111717 0.990688 0.135695 -0.98435 -0.0347636 0.172763 0.175872 -0.131641 0.975571 -1.62469 1.92624 -0.238448</i>
                        <i>0.0164013 0.986223 0.164606 -0.957908 -0.0316915 0.285322 0.286607 -0.162357 0.944191 -1.62804 1.95657 -0.233307</i>
                        <i>0.0628529 0.97857 0.196086 -0.890174 -0.0338695 0.45436 0.451265 -0.203109 0.868969 -1.63259 1.99103 -0.227806</i>
                        <i>0.1204 0.96848 0.218059 -0.775523 -0.0453663 0.629687 0.619732 -0.244924 0.745617 -1.63745 2.02521 -0.222137</i>
                        <i>0.177097 0.958079 0.225215 -0.635496 -0.0634156 0.769495 0.751519 -0.279399 0.597625 -1.64185 2.0548 -0.21679</i>
                        <i>0.2195 0.950101 0.221648 -0.514525 -0.0802907 0.853708 0.828905 -0.301432 0.471227 -1.64502 2.07559 -0.21267</i>
                        <i>0.235916 0.946979 0.218117 -0.463828 -0.0875055 0.881593 0.853936 -0.309151 0.418591 -1.64625 2.08344 -0.211015</i>
                        <i>0.235916 0.946979 0.218117 -0.463828 -0.0875055 0.881593 0.853936 -0.309151 0.418591 -1.64625 2.08344 -0.211015</i>
                        <i>0.235916 0.946979 0.218117 -0.463828 -0.0875055 0.881593 0.853936 -0.309151 0.418591 -1.64625 2.08344 -0.211015</i>
                        <i>0.235916 0.946979 0.218117 -0.463828 -0.0875055 0.881593 0.853936 -0.309151 0.418591 -1.64625 2.08344 -0.211015</i>
                        <i>0.235916 0.946979 0.218117 -0.463828 -0.0875055 0.881593 0.853936 -0.309151 0.418591 -1.64625 2.08344 -0.211015</i>
                        <i>0.235916 0.946979 0.218117 -0.463828 -0.0875055 0.881593 0.853936 -0.309151 0.418591 -1.64625 2.08344 -0.211015</i>
                        <i>0.235916 0.946979 0.218117 -0.463828 -0.0875055 0.881593 0.853936 -0.309151 0.418591 -1.64625 2.08344 -0.211015</i>
                        <i>0.235916 0.946979 0.218117 -0.463828 -0.0875055 0.881593 0.853936 -0.309151 0.418591 -1.64625 2.08344 -0.211015</i>
                        <i>0.235916 0.946979 0.218117 -0.463828 -0.0875055 0.881593 0.853936 -0.309151 0.418591 -1.64625 2.08344 -0.211015</i>
                        <i>0.235916 0.946979 0.218117 -0.463828 -0.0875055 0.881593 0.853936 -0.309151 0.418591 -1.64625 2.08344 -0.211015</i>
                        <i>0.235916 0.946979 0.218117 -0.463828 -0.0875055 0.881593 0.853936 -0.309151 0.418591 -1.64625 2.08344 -0.211015</i>
                    </KeyFrames>
                </p>
            </i>
            <i>
                <p>
                    <Name><![CDATA[spine1]]></Name>
                    <Exclude>0</Exclude>
                    <Additive>0</Additive>
                    <IKPriority>0</IKPriority>
                    <IKRotLimits>-1e+010 -1e+010 -1e+010 1e+010 1e+010 1e+010</IKRotLimits>
                    <IKRotLimitOrder>0</IKRotLimitOrder>
                    <KeyFrames count="40">
                        <i>0.511506 0.723759 0.46318 -0.612204 -0.0712927 0.787479 0.602966 -0.686361 0.406621 -1.60476 2.25009 -0.172645</i>
                        <i>0.454656 0.791513 0.408405 -0.667308 -0.000981135 0.744781 0.589905 -0.611152 0.527737 -1.63921 2.104 -0.198568</i>
                        <i>0.387602 0.857856 0.337413 -0.724279 0.0569778 0.687149 0.570249 -0.510722 0.643412 -1.66041 1.99764 -0.225737</i>
                        <i>0.230676 0.959583 0.161211 -0.754215 0.0716516 0.652707 0.614775 -0.272152 0.74026 -1.64837 2.11129 -0.226517</i>
                        <i>0.124942 0.992061 0.0142699 -0.778665 0.0891325 0.621077 0.614874 -0.0887097 0.78362 -1.63478 2.26163 -0.217118</i>
                        <i>0.180688 0.978116 0.103151 -0.816739 0.0907844 0.56982 0.547986 -0.187207 0.81527 -1.64147 2.43167 -0.223804</i>
                        <i>0.249499 0.929653 0.271101 -0.865321 0.088361 0.493367 0.434706 -0.357684 0.826495 -1.64925 2.60979 -0.232665</i>
                        <i>0.287107 0.841679 0.457324 -0.910187 0.0909101 0.404099 0.298546 -0.53227 0.792186 -1.65549 2.78239 -0.241014</i>
                        <i>0.28007 0.743538 0.607217 -0.943821 0.0977044 0.315684 0.175395 -0.661518 0.72913 -1.65802 2.93469 -0.245835</i>
                        <i>0.238004 0.672888 0.700411 -0.965973 0.0888194 0.242915 0.101244 -0.734392 0.671131 -1.65625 3.05329 -0.247935</i>
                        <i>0.135528 0.635709 0.759938 -0.974301 -0.0537676 0.218736 0.179913 -0.770054 0.612085 -1.64201 3.11528 -0.251496</i>
                        <i>0.00742064 0.624971 0.780613 -0.936777 -0.268766 0.224083 0.349847 -0.732923 0.583464 -1.62036 3.10112 -0.253413</i>
                        <i>-0.0643709 0.659092 0.749303 -0.917974 -0.333592 0.214569 0.391382 -0.674029 0.626503 -1.60815 3.00714 -0.252652</i>
                        <i>0.0402192 0.849092 0.526711 -0.98486 -0.0552727 0.164306 0.168624 -0.525345 0.834014 -1.63415 2.82653 -0.229974</i>
                        <i>0.204655 0.966426 0.155358 -0.973478 0.184374 0.135449 0.102257 -0.178958 0.978528 -1.67054 2.57843 -0.192117</i>
                        <i>0.158868 0.98028 0.117529 -0.981133 0.143468 0.129593 0.110176 -0.1359 0.984577 -1.66348 2.316 -0.214997</i>
                        <i>0.0469081 0.97986 0.194096 -0.987826 0.0166524 0.154666 0.148319 -0.198988 0.968713 -1.64317 2.08478 -0.257003</i>
                        <i>-0.0205446 0.958716 0.283622 -0.980782 -0.0743787 0.180375 0.194024 -0.274466 0.941819 -1.62941 1.93944 -0.278643</i>
                        <i>-0.0124073 0.930554 0.365945 -0.982219 -0.0799046 0.169886 0.187329 -0.35733 0.914999 -1.62878 1.95245 -0.270729</i>
                        <i>0.00293897 0.850199 0.526454 -0.985499 -0.0868546 0.145768 0.169657 -0.519248 0.837615 -1.62754 1.98353 -0.253087</i>
                        <i>0.0144114 0.767527 0.640855 -0.989203 -0.0825366 0.121096 0.145838 -0.635681 0.758051 -1.62662 2.02279 -0.234788</i>
                        <i>0.0200166 0.760129 0.649464 -0.992286 -0.0643853 0.105939 0.122343 -0.646574 0.752977 -1.62639 2.06244 -0.222435</i>
                        <i>0.0235085 0.795562 0.605416 -0.994067 -0.0457274 0.0986891 0.106197 -0.604144 0.789767 -1.62657 2.09295 -0.215869</i>
                        <i>0.024982 0.817832 0.574914 -0.994625 -0.0374739 0.0965276 0.100488 -0.574235 0.8125 -1.62672 2.10503 -0.214013</i>
                        <i>0.0944726 0.805431 0.585111 -0.979509 -0.0298064 0.199182 0.177868 -0.591939 0.786111 -1.62511 2.13382 -0.203773</i>
                        <i>0.198817 0.783915 0.588175 -0.934639 -0.028882 0.354424 0.294826 -0.620196 0.726935 -1.62138 2.16584 -0.192816</i>
                        <i>0.314588 0.760107 0.56857 -0.852643 -0.0369654 0.521184 0.417173 -0.648745 0.636472 -1.61609 2.19716 -0.183451</i>
                        <i>0.416829 0.740313 0.527437 -0.747282 -0.051265 0.662527 0.517517 -0.670304 0.531854 -1.61058 2.22407 -0.17702</i>
                        <i>0.48623 0.727968 0.483366 -0.652731 -0.0651921 0.75478 0.580967 -0.682504 0.443469 -1.60638 2.24295 -0.173642</i>
                        <i>0.511506 0.723759 0.46318 -0.612204 -0.0712927 0.787479 0.602966 -0.686361 0.406621 -1.60476 2.25009 -0.172645</i>
                        <i>0.511506 0.723759 0.46318 -0.612204 -0.0712927 0.787479 0.602966 -0.686361 0.406621 -1.60476 2.25009 -0.172645</i>
                        <i>0.511506 0.723759 0.46318 -0.612204 -0.0712927 0.787479 0.602966 -0.686361 0.406621 -1.60476 2.25009 -0.172645</i>
                        <i>0.511506 0.723759 0.46318 -0.612204 -0.0712927 0.787479 0.602966 -0.686361 0.406621 -1.60476 2.25009 -0.172645</i>
                        <i>0.511506 0.723759 0.46318 -0.612204 -0.0712927 0.787479 0.602966 -0.686361 0.406621 -1.60476 2.25009 -0.172645</i>
                        <i>0.511506 0.723759 0.46318 -0.612204 -0.0712927 0.787479 0.602966 -0.686361 0.406621 -1.60476 2.25009 -0.172645</i>
                        <i>0.511506 0.723759 0.46318 -0.612204 -0.0712927 0.787479 0.602966 -0.686361 0.406621 -1.60476 2.25009 -0.172645</i>
                        <i>0.511506 0.723759 0.46318 -0.612204 -0.0712927 0.787479 0.602966 -0.686361 0.406621 -1.60476 2.25009 -0.172645</i>
                        <i>0.511506 0.723759 0.46318 -0.612204 -0.0712927 0.787479 0.602966 -0.686361 0.406621 -1.60476 2.25009 -0.172645</i>
                        <i>0.511506 0.723759 0.46318 -0.612204 -0.0712927 0.787479 0.602966 -0.686361 0.406621 -1.60476 2.25009 -0.172645</i>
                        <i>0.511506 0.723759 0.46318 -0.612204 -0.0712927 0.787479 0.602966 -0.686361 0.406621 -1.60476 2.25009 -0.172645</i>
                    </KeyFrames>
                </p>
            </i>
            <i>
                <p>
                    <Name><![CDATA[spine2]]></Name>
                    <Exclude>0</Exclude>
                    <Additive>0</Additive>
                    <IKPriority>0</IKPriority>
                    <IKRotLimits>-1e+010 -1e+010 -1e+010 1e+010 1e+010 1e+010</IKRotLimits>
                    <IKRotLimitOrder>0</IKRotLimitOrder>
                    <KeyFrames count="40">
                        <i>0.596351 0.635 0.49106 -0.690542 0.093908 0.71717 0.409289 -0.766783 0.494497 -1.52204 2.36701 -0.0975283</i>
                        <i>0.530693 0.729155 0.432085 -0.737346 0.14579 0.659595 0.417954 -0.668639 0.615009 -1.56278 2.2368 -0.129676</i>
                        <i>0.470926 0.804261 0.362481 -0.777271 0.183946 0.601676 0.417228 -0.565091 0.711754 -1.59418 2.14394 -0.16782</i>
                        <i>0.384968 0.893056 0.232919 -0.792988 0.190942 0.578543 0.472197 -0.407422 0.781689 -1.61101 2.26679 -0.200242</i>
                        <i>0.355277 0.921974 0.154084 -0.79291 0.209942 0.57203 0.495048 -0.325404 0.80563 -1.61502 2.41887 -0.214807</i>
                        <i>0.425143 0.860761 0.279899 -0.804824 0.218009 0.552024 0.414141 -0.459959 0.785446 -1.61251 2.58849 -0.207193</i>
                        <i>0.464102 0.769042 0.439526 -0.840808 0.226378 0.491727 0.27866 -0.597768 0.751679 -1.60821 2.76262 -0.187913</i>
                        <i>0.461639 0.664967 0.587119 -0.876846 0.241883 0.415491 0.134274 -0.70662 0.694736 -1.60638 2.92614 -0.162497</i>
                        <i>0.424443 0.578957 0.696173 -0.905239 0.254538 0.340226 0.0197735 -0.774609 0.632131 -1.60822 3.06668 -0.137334</i>
                        <i>0.364442 0.530746 0.765174 -0.930241 0.245288 0.272922 -0.0428358 -0.81126 0.583114 -1.61286 3.17583 -0.119429</i>
                        <i>0.256271 0.523387 0.812645 -0.966486 0.15195 0.206921 -0.0151816 -0.838437 0.544786 -1.61702 3.23226 -0.110571</i>
                        <i>0.122511 0.549425 0.826512 -0.989792 0.00653588 0.142369 0.0728192 -0.835517 0.544618 -1.6189 3.21712 -0.107459</i>
                        <i>0.0268576 0.61722 0.786332 -0.991811 -0.0817946 0.0980794 0.124854 -0.782527 0.609969 -1.61987 3.12804 -0.114356</i>
                        <i>0.0635398 0.838224 0.541611 -0.995668 0.0163275 0.0915387 0.0678868 -0.545081 0.83563 -1.6276 2.96594 -0.14326</i>
                        <i>0.175371 0.975666 0.131609 -0.984456 0.172488 0.0330853 0.00957922 -0.135365 0.990749 -1.6378 2.73365 -0.167104</i>
                        <i>0.139466 0.986117 0.090128 -0.989974 0.136796 0.0351871 0.0223694 -0.0941318 0.995308 -1.63805 2.47361 -0.196038</i>
                        <i>0.0573651 0.980392 0.188523 -0.996542 0.0448618 0.0699366 0.0601077 -0.191883 0.979575 -1.63563 2.24391 -0.225374</i>
                        <i>0.0119283 0.947049 0.320869 -0.99623 -0.0163189 0.0852004 0.0859251 -0.320675 0.943284 -1.63288 2.09887 -0.231274</i>
                        <i>0.0227756 0.896697 0.442058 -0.996641 -0.0144273 0.0806139 0.078664 -0.442409 0.893357 -1.63089 2.10728 -0.209607</i>
                        <i>0.0413421 0.743322 0.667655 -0.997435 -0.00837182 0.0710832 0.0584272 -0.668881 0.741069 -1.6271 2.12469 -0.165363</i>
                        <i>0.0516692 0.56464 0.823718 -0.998067 0.00066872 0.0621471 0.0345399 -0.825337 0.563583 -1.62428 2.14978 -0.128359</i>
                        <i>0.0537419 0.493591 0.868032 -0.998391 0.0108267 0.0556563 0.0180735 -0.869627 0.493379 -1.62312 2.18827 -0.114535</i>
                        <i>0.0543189 0.505166 0.861311 -0.998483 0.0196812 0.0514265 0.00902726 -0.862798 0.505468 -1.62272 2.22476 -0.115222</i>
                        <i>0.0547399 0.525971 0.848739 -0.998482 0.0236207 0.0497597 0.00612435 -0.850174 0.526465 -1.62263 2.24049 -0.118477</i>
                        <i>0.146283 0.527104 0.837115 -0.988333 0.0415977 0.146515 0.0424065 -0.848782 0.52704 -1.60956 2.26668 -0.106954</i>
                        <i>0.278226 0.543 0.792301 -0.954141 0.0613725 0.292997 0.110472 -0.837487 0.535175 -1.58879 2.29438 -0.0960754</i>
                        <i>0.411883 0.56895 0.711792 -0.888424 0.0770416 0.452512 0.202619 -0.818755 0.537202 -1.5648 2.32103 -0.0904961</i>
                        <i>0.515939 0.598924 0.612452 -0.802172 0.0869559 0.590727 0.300544 -0.796071 0.525304 -1.54293 2.34413 -0.0911871</i>
                        <i>0.576781 0.624331 0.526816 -0.724098 0.0922002 0.683507 0.378162 -0.7757 0.505256 -1.52768 2.36067 -0.0951874</i>
                        <i>0.596351 0.635 0.49106 -0.690542 0.093908 0.71717 0.409289 -0.766783 0.494497 -1.52204 2.36701 -0.0975283</i>
                        <i>0.596351 0.635 0.49106 -0.690542 0.093908 0.71717 0.409289 -0.766783 0.494497 -1.52204 2.36701 -0.0975283</i>
                        <i>0.596351 0.635 0.49106 -0.690542 0.093908 0.71717 0.409289 -0.766783 0.494497 -1.52204 2.36701 -0.0975283</i>
                        <i>0.596351 0.635 0.49106 -0.690542 0.093908 0.71717 0.409289 -0.766783 0.494497 -1.52204 2.36701 -0.0975283</i>
                        <i>0.596351 0.635 0.49106 -0.690542 0.093908 0.71717 0.409289 -0.766783 0.494497 -1.52204 2.36701 -0.0975283</i>
                        <i>0.596351 0.635 0.49106 -0.690542 0.093908 0.71717 0.409289 -0.766783 0.494497 -1.52204 2.36701 -0.0975283</i>
                        <i>0.596351 0.635 0.49106 -0.690542 0.093908 0.71717 0.409289 -0.766783 0.494497 -1.52204 2.36701 -0.0975283</i>
                        <i>0.596351 0.635 0.49106 -0.690542 0.093908 0.71717 0.409289 -0.766783 0.494497 -1.52204 2.36701 -0.0975283</i>
                        <i>0.596351 0.635 0.49106 -0.690542 0.093908 0.71717 0.409289 -0.766783 0.494497 -1.52204 2.36701 -0.0975283</i>
                        <i>0.596351 0.635 0.49106 -0.690542 0.093908 0.71717 0.409289 -0.766783 0.494497 -1.52204 2.36701 -0.0975283</i>
                        <i>0.596351 0.635 0.49106 -0.690542 0.093908 0.71717 0.409289 -0.766783 0.494497 -1.52204 2.36701 -0.0975283</i>
                    </KeyFrames>
                </p>
            </i>
            <i>
                <p>
                    <Name><![CDATA[head]]></Name>
                    <Exclude>0</Exclude>
                    <Additive>0</Additive>
                    <IKPriority>0</IKPriority>
                    <IKRotLimits>-1e+010 -1e+010 -1e+010 1e+010 1e+010 1e+010</IKRotLimits>
                    <IKRotLimitOrder>0</IKRotLimitOrder>
                    <KeyFrames count="40">
                        <i>0.107996 0.9689 0.222645 -0.299748 0.245267 -0.921952 -0.947886 0.0328297 0.316913 -1.37712 2.54782 0.015253</i>
                        <i>0.0902739 0.990227 0.106308 -0.282734 0.127834 -0.950642 -0.954941 0.0557613 0.291511 -1.43497 2.44397 -0.0332878</i>
                        <i>0.0892418 0.995489 0.0321957 -0.259644 0.0544588 -0.964168 -0.961572 0.0776847 0.263333 -1.48109 2.36985 -0.0912246</i>
                        <i>0.068914 0.996518 -0.0469357 -0.26302 -0.0272341 -0.964406 -0.962326 0.0788061 0.260227 -1.51539 2.50443 -0.1531</i>
                        <i>0.112631 0.99293 -0.0374645 -0.263629 -0.00649128 -0.964602 -0.958026 0.118521 0.261034 -1.51997 2.65579 -0.178324</i>
                        <i>0.196637 0.976684 0.0861567 -0.211785 0.128108 -0.968884 -0.95733 0.172271 0.232038 -1.49935 2.8114 -0.138846</i>
                        <i>0.25112 0.946122 0.204432 -0.108936 0.237482 -0.965264 -0.961806 0.220128 0.162703 -1.48459 2.96753 -0.0818048</i>
                        <i>0.283014 0.905913 0.315 0.00966971 0.325716 -0.945418 -0.959067 0.270612 0.0834223 -1.48055 3.11068 -0.0197627</i>
                        <i>0.286291 0.867477 0.406844 0.115837 0.390166 -0.913429 -0.951115 0.308634 0.0112147 -1.48891 3.23319 0.0343519</i>
                        <i>0.253452 0.844195 0.472332 0.190696 0.435091 -0.879961 -0.948366 0.313099 -0.0507095 -1.50791 3.33156 0.0709131</i>
                        <i>0.153566 0.843354 0.514949 0.210305 0.481296 -0.850956 -0.965499 0.238974 -0.10345 -1.54008 3.38715 0.091294</i>
                        <i>0.0112568 0.858027 0.513481 0.189661 0.50236 -0.843602 -0.981785 0.106884 -0.157079 -1.5774 3.37976 0.0965849</i>
                        <i>-0.103619 0.900656 0.421997 0.187262 0.434359 -0.881059 -0.97683 -0.0122702 -0.213666 -1.60513 3.30978 0.075811</i>
                        <i>-0.142216 0.987828 0.0630166 0.238033 0.0959258 -0.966508 -0.960789 -0.122453 -0.248778 -1.61259 3.19767 -0.029952</i>
                        <i>-0.140474 0.950205 -0.278167 0.275506 -0.232342 -0.932799 -0.95098 -0.207671 -0.22915 -1.60743 2.98895 -0.151751</i>
                        <i>-0.166132 0.928916 -0.33093 0.285025 -0.276035 -0.917914 -0.944013 -0.246818 -0.218906 -1.61433 2.7307 -0.193056</i>
                        <i>-0.189688 0.937107 -0.292998 0.281248 -0.234051 -0.930656 -0.940701 -0.25894 -0.219163 -1.62494 2.50217 -0.202626</i>
                        <i>-0.184836 0.961696 -0.202428 0.272262 -0.147807 -0.950803 -0.944303 -0.230857 -0.234514 -1.62851 2.35415 -0.173886</i>
                        <i>-0.157598 0.983433 -0.0895667 0.264196 -0.045404 -0.9634 -0.951506 -0.175493 -0.252664 -1.62354 2.35199 -0.117087</i>
                        <i>-0.098625 0.985029 0.141386 0.244625 0.161718 -0.956037 -0.964589 -0.0597024 -0.256912 -1.61462 2.3314 -0.00616487</i>
                        <i>-0.0419845 0.948611 0.313646 0.215487 0.315132 -0.92426 -0.975604 0.0287819 -0.217644 -1.60909 2.30786 0.0781951</i>
                        <i>-0.00562981 0.944955 0.327152 0.178396 0.322858 -0.929483 -0.983943 0.0531296 -0.170393 -1.60767 2.32453 0.107523</i>
                        <i>0.0122724 0.965231 0.26111 0.145178 0.256643 -0.95554 -0.989329 0.0496343 -0.136981 -1.60749 2.3613 0.10742</i>
                        <i>0.0172867 0.976253 0.215942 0.130943 0.211904 -0.968479 -0.991239 0.0450179 -0.12417 -1.60749 2.3813 0.101734</i>
                        <i>-0.0123891 0.978457 0.20608 0.0700699 0.206438 -0.975947 -0.997465 0.00234887 -0.071118 -1.57071 2.40877 0.109044</i>
                        <i>-0.0320193 0.975442 0.217917 -0.0162384 0.217492 -0.975927 -0.999355 -0.0347872 0.00887562 -1.5162 2.44323 0.105404</i>
                        <i>0.0121758 0.975461 0.219833 -0.12882 0.219548 -0.96706 -0.991593 -0.0165441 0.128332 -1.45937 2.47977 0.0862667</i>
                        <i>0.0608822 0.972663 0.224096 -0.220139 0.232069 -0.947461 -0.973567 0.0083513 0.22825 -1.41377 2.51334 0.0562115</i>
                        <i>0.095845 0.969562 0.225306 -0.278853 0.243438 -0.928967 -0.955539 0.0262096 0.293698 -1.38623 2.53815 0.0276557</i>
                        <i>0.107996 0.9689 0.222645 -0.299748 0.245267 -0.921952 -0.947886 0.0328297 0.316913 -1.37712 2.54782 0.015253</i>
                        <i>0.107996 0.9689 0.222645 -0.299748 0.245267 -0.921952 -0.947886 0.0328297 0.316913 -1.37712 2.54782 0.015253</i>
                        <i>0.107996 0.9689 0.222645 -0.299748 0.245267 -0.921952 -0.947886 0.0328297 0.316913 -1.37712 2.54782 0.015253</i>
                        <i>0.107996 0.9689 0.222645 -0.299748 0.245267 -0.921952 -0.947886 0.0328297 0.316913 -1.37712 2.54782 0.015253</i>
                        <i>0.107996 0.9689 0.222645 -0.299748 0.245267 -0.921952 -0.947886 0.0328297 0.316913 -1.37712 2.54782 0.015253</i>
                        <i>0.107996 0.9689 0.222645 -0.299748 0.245267 -0.921952 -0.947886 0.0328297 0.316913 -1.37712 2.54782 0.015253</i>
                        <i>0.107996 0.9689 0.222645 -0.299748 0.245267 -0.921952 -0.947886 0.0328297 0.316913 -1.37712 2.54782 0.015253</i>
                        <i>0.107996 0.9689 0.222645 -0.299748 0.245267 -0.921952 -0.947886 0.0328297 0.316913 -1.37712 2.54782 0.015253</i>
                        <i>0.107996 0.9689 0.222645 -0.299748 0.245267 -0.921952 -0.947886 0.0328297 0.316913 -1.37712 2.54782 0.015253</i>
                        <i>0.107996 0.9689 0.222645 -0.299748 0.245267 -0.921952 -0.947886 0.0328297 0.316913 -1.37712 2.54782 0.015253</i>
                        <i>0.107996 0.9689 0.222645 -0.299748 0.245267 -0.921952 -0.947886 0.0328297 0.316913 -1.37712 2.54782 0.015253</i>
                    </KeyFrames>
                </p>
            </i>
            <i>
                <p>
                    <Name><![CDATA[head_prop]]></Name>
                    <Exclude>0</Exclude>
                    <Additive>0</Additive>
                    <IKPriority>0</IKPriority>
                    <IKRotLimits>-1e+010 -1e+010 -1e+010 1e+010 1e+010 1e+010</IKRotLimits>
                    <IKRotLimitOrder>0</IKRotLimitOrder>
                    <KeyFrames count="40">
                        <i>0.947886 -0.0328297 -0.316913 0.107996 0.9689 0.222645 0.299748 -0.245267 0.921952 -1.34192 2.8636 0.087815</i>
                        <i>0.965614 0.236082 -0.108882 -0.142482 0.830866 0.537923 0.21746 -0.503912 0.835933 -1.46326 3.03746 0.0119106</i>
                        <i>0.922018 0.387146 -0.000899133 -0.288793 0.689326 0.664401 0.25784 -0.61233 0.747376 -1.55 3.15 -0.108897</i>
                        <i>0.955687 0.272828 -0.110579 -0.22281 0.915856 0.334011 0.192402 -0.294572 0.93606 -1.60517 3.27484 -0.268882</i>
                        <i>0.972315 -0.0302765 -0.231704 -0.00540943 0.988389 -0.151851 0.233611 0.148901 0.960861 -1.56749 3.34993 -0.322692</i>
                        <i>0.917017 -0.270034 -0.293533 0.172957 0.932382 -0.317411 0.359397 0.240303 0.901714 -1.47344 3.42263 -0.218257</i>
                        <i>0.93113 -0.290603 -0.220335 0.314139 0.946015 0.07983 0.185242 -0.143548 0.972152 -1.4076 3.4353 -0.0430973</i>
                        <i>0.959067 -0.270612 -0.0834223 0.268539 0.775629 0.571214 -0.089873 -0.570235 0.816551 -1.39275 3.42659 0.122585</i>
                        <i>0.952636 -0.304067 -0.0052649 0.225694 0.695279 0.682385 -0.20383 -0.651253 0.730974 -1.4058 3.51561 0.211636</i>
                        <i>0.948366 -0.313099 0.0507095 0.188644 0.685317 0.703388 -0.254982 -0.657502 0.708995 -1.43608 3.62269 0.265467</i>
                        <i>0.965499 -0.238974 0.10345 0.0866545 0.669473 0.737765 -0.245564 -0.703347 0.667084 -1.50475 3.67571 0.299798</i>
                        <i>0.981785 -0.106884 0.157079 -0.0442143 0.675527 0.736008 -0.184779 -0.729547 0.658497 -1.5925 3.67124 0.303989</i>
                        <i>0.97683 0.0122702 0.213666 -0.15266 0.739649 0.65545 -0.149995 -0.672882 0.724384 -1.66064 3.61674 0.250341</i>
                        <i>0.960789 0.122453 0.248778 -0.201032 0.925562 0.320814 -0.190975 -0.358247 0.913886 -1.68182 3.54323 0.0173945</i>
                        <i>0.95098 0.207671 0.22915 -0.204377 0.978143 -0.0382852 -0.232092 -0.0104244 0.972638 -1.67508 3.32717 -0.22731</i>
                        <i>0.944013 0.246818 0.218906 -0.226009 0.967207 -0.115886 -0.24033 0.0599231 0.96884 -1.68906 3.05946 -0.288724</i>
                        <i>0.940701 0.25894 0.219163 -0.243267 0.965178 -0.0961923 -0.236439 0.0371732 0.970935 -1.70585 2.83035 -0.285954</i>
                        <i>0.944303 0.230857 0.234514 -0.233527 0.972207 -0.0167153 -0.231854 -0.0389809 0.971969 -1.70633 2.6878 -0.226415</i>
                        <i>0.951506 0.175493 0.252664 -0.205248 0.973944 0.0964706 -0.22915 -0.143651 0.962733 -1.69183 2.69154 -0.130478</i>
                        <i>0.964589 0.0597024 0.256912 -0.14362 0.93587 0.321745 -0.221228 -0.34725 0.911305 -1.66223 2.66826 0.0601393</i>
                        <i>0.975604 -0.0287819 0.217644 -0.0824496 0.870764 0.484739 -0.203468 -0.490858 0.847148 -1.6366 2.62975 0.203773</i>
                        <i>0.983943 -0.0531296 0.170393 -0.0396682 0.865697 0.498995 -0.17402 -0.497741 0.849689 -1.62192 2.64521 0.238294</i>
                        <i>0.989329 -0.0496343 0.136981 -0.0157396 0.89827 0.439161 -0.144843 -0.436631 0.887904 -1.61492 2.69032 0.216178</i>
                        <i>0.991239 -0.0450179 0.12417 -0.00809352 0.917651 0.397304 -0.131831 -0.394828 0.909248 -1.6129 2.71501 0.195247</i>
                        <i>0.997465 -0.00234887 0.071118 -0.0238752 0.930468 0.365593 -0.0670318 -0.366364 0.928054 -1.58381 2.74096 0.196656</i>
                        <i>0.999355 0.0347872 -0.00887562 -0.0296768 0.939569 0.341072 0.0202042 -0.340589 0.939995 -1.53269 2.77095 0.192756</i>
                        <i>0.991593 0.0165441 -0.128332 0.0229731 0.953526 0.300433 0.127338 -0.300856 0.94513 -1.45795 2.80417 0.169025</i>
                        <i>0.973567 -0.0083513 -0.22825 0.0702443 0.961845 0.264425 0.217332 -0.273468 0.937007 -1.39455 2.83362 0.135015</i>
                        <i>0.955539 -0.0262096 -0.293698 0.0991942 0.966562 0.23647 0.277679 -0.25509 0.926188 -1.35504 2.85505 0.102721</i>
                        <i>0.947886 -0.0328297 -0.316913 0.107996 0.9689 0.222645 0.299748 -0.245267 0.921952 -1.34192 2.8636 0.087815</i>
                        <i>0.947886 -0.0328297 -0.316913 0.107996 0.9689 0.222645 0.299748 -0.245267 0.921952 -1.34192 2.8636 0.087815</i>
                        <i>0.947886 -0.0328297 -0.316913 0.107996 0.9689 0.222645 0.299748 -0.245267 0.921952 -1.34192 2.8636 0.087815</i>
                        <i>0.947886 -0.0328297 -0.316913 0.107996 0.9689 0.222645 0.299748 -0.245267 0.921952 -1.34192 2.8636 0.087815</i>
                        <i>0.947886 -0.0328297 -0.316913 0.107996 0.9689 0.222645 0.299748 -0.245267 0.921952 -1.34192 2.8636 0.087815</i>
                        <i>0.947886 -0.0328297 -0.316913 0.107996 0.9689 0.222645 0.299748 -0.245267 0.921952 -1.34192 2.8636 0.087815</i>
                        <i>0.947886 -0.0328297 -0.316913 0.107996 0.9689 0.222645 0.299748 -0.245267 0.921952 -1.34192 2.8636 0.087815</i>
                        <i>0.947886 -0.0328297 -0.316913 0.107996 0.9689 0.222645 0.299748 -0.245267 0.921952 -1.34192 2.8636 0.087815</i>
                        <i>0.947886 -0.0328297 -0.316913 0.107996 0.9689 0.222645 0.299748 -0.245267 0.921952 -1.34192 2.8636 0.087815</i>
                        <i>0.947886 -0.0328297 -0.316913 0.107996 0.9689 0.222645 0.299748 -0.245267 0.921952 -1.34192 2.8636 0.087815</i>
                        <i>0.947886 -0.0328297 -0.316913 0.107996 0.9689 0.222645 0.299748 -0.245267 0.921952 -1.34192 2.8636 0.087815</i>
                    </KeyFrames>
                </p>
            </i>
            <i>
                <p>
                    <Name><![CDATA[l_clav]]></Name>
                    <Exclude>0</Exclude>
                    <Additive>0</Additive>
                    <IKPriority>0</IKPriority>
                    <IKRotLimits>-1e+010 -1e+010 -1e+010 1e+010 1e+010 1e+010</IKRotLimits>
                    <IKRotLimitOrder>0</IKRotLimitOrder>
                    <KeyFrames count="40">
                        <i>0.709805 0.213442 -0.671282 0.19655 0.855121 0.479725 0.676421 -0.472451 0.565017 -1.40773 2.36866 -0.106314</i>
                        <i>0.773088 0.332546 -0.540137 -0.055057 0.883516 0.465153 0.631905 -0.329866 0.701345 -1.44399 2.24805 -0.129968</i>
                        <i>0.78779 0.406546 -0.462717 -0.218357 0.886777 0.407366 0.57594 -0.219881 0.787366 -1.47509 2.16347 -0.163246</i>
                        <i>0.806305 0.327694 -0.492432 -0.190742 0.932087 0.307947 0.559902 -0.154372 0.814051 -1.50246 2.29262 -0.205832</i>
                        <i>0.846453 0.173529 -0.503393 -0.0429884 0.96459 0.260227 0.530725 -0.19863 0.82394 -1.51491 2.44355 -0.23072</i>
                        <i>0.891081 0.0830168 -0.446187 0.0832935 0.936514 0.340592 0.446135 -0.340659 0.827595 -1.50895 2.60628 -0.214001</i>
                        <i>0.944777 0.0771346 -0.318508 0.0772784 0.892059 0.445262 0.318473 -0.445287 0.836836 -1.50098 2.77133 -0.176945</i>
                        <i>0.984525 0.0896023 -0.150604 0.00480962 0.845261 0.534331 0.175177 -0.526787 0.83175 -1.49917 2.92429 -0.132584</i>
                        <i>0.993192 0.115333 0.0163796 -0.103091 0.804743 0.584604 0.0542427 -0.582312 0.811154 -1.50471 3.05567 -0.0923402</i>
                        <i>0.975606 0.16671 0.142829 -0.219248 0.772741 0.595652 -0.0110683 -0.612437 0.790442 -1.51423 3.16005 -0.0645842</i>
                        <i>0.932848 0.304574 0.19243 -0.358219 0.727237 0.585496 0.0383849 -0.615111 0.787506 -1.52381 3.22026 -0.0490423</i>
                        <i>0.847389 0.498527 0.182763 -0.50948 0.666467 0.54429 0.149537 -0.55434 0.818747 -1.53115 3.21611 -0.0408626</i>
                        <i>0.754755 0.640957 0.139709 -0.626276 0.640632 0.444263 0.195252 -0.422806 0.884936 -1.53532 3.13965 -0.0424901</i>
                        <i>0.711865 0.700645 -0.0484283 -0.686362 0.708652 0.163463 0.148848 -0.083124 0.98536 -1.53474 2.99858 -0.075954</i>
                        <i>0.69094 0.683276 -0.236084 -0.714557 0.695017 -0.0797487 0.109592 0.223797 0.968455 -1.53131 2.78566 -0.125411</i>
