<?xml version="1.0" encoding="ISO-8859-1" ?>
<Animl Version="1">
    <ModellingPackage><![CDATA[Maya.2010]]></ModellingPackage>
    <SrcFile><![CDATA[anims\turrets\antitank\red\~src\at_at4spigot\at_at4spigot_idle_crewman_a.mb]]></SrcFile>
    <FramesPerSecond>30</FramesPerSecond>
    <TotalFrames>120</TotalFrames>
    <Skeleton>
        <RefFrame>
            <Name><![CDATA[soldier_ref_frame]]></Name>
            <Exclude>0</Exclude>
            <Additive>0</Additive>
            <IKPriority>0</IKPriority>
            <IKRotLimits>-1e+010 -1e+010 -1e+010 1e+010 1e+010 1e+010</IKRotLimits>
            <IKRotLimitOrder>0</IKRotLimitOrder>
            <KeyFrames count="120">
                <i>1 0 0 0 1 0 0 0 1 1.48 0.92 -0.17</i>
                <i>1 0 0 0 1 0 0 0 1 1.48 0.92 -0.17</i>
                <i>1 0 0 0 1 0 0 0 1 1.48 0.92 -0.17</i>
                <i>1 0 0 0 1 0 0 0 1 1.48 0.92 -0.17</i>
                <i>1 0 0 0 1 0 0 0 1 1.48 0.92 -0.17</i>
                <i>1 0 0 0 1 0 0 0 1 1.48 0.92 -0.17</i>
                <i>1 0 0 0 1 0 0 0 1 1.48 0.92 -0.17</i>
                <i>1 0 0 0 1 0 0 0 1 1.48 0.92 -0.17</i>
                <i>1 0 0 0 1 0 0 0 1 1.48 0.92 -0.17</i>
                <i>1 0 0 0 1 0 0 0 1 1.48 0.92 -0.17</i>
                <i>1 0 0 0 1 0 0 0 1 1.48 0.92 -0.17</i>
                <i>1 0 0 0 1 0 0 0 1 1.48 0.92 -0.17</i>
                <i>1 0 0 0 1 0 0 0 1 1.48 0.92 -0.17</i>
                <i>1 0 0 0 1 0 0 0 1 1.48 0.92 -0.17</i>
                <i>1 0 0 0 1 0 0 0 1 1.48 0.92 -0.17</i>
                <i>1 0 0 0 1 0 0 0 1 1.48 0.92 -0.17</i>
                <i>1 0 0 0 1 0 0 0 1 1.48 0.92 -0.17</i>
                <i>1 0 0 0 1 0 0 0 1 1.48 0.92 -0.17</i>
                <i>1 0 0 0 1 0 0 0 1 1.48 0.92 -0.17</i>
                <i>1 0 0 0 1 0 0 0 1 1.48 0.92 -0.17</i>
                <i>1 0 0 0 1 0 0 0 1 1.48 0.92 -0.17</i>
                <i>1 0 0 0 1 0 0 0 1 1.48 0.92 -0.17</i>
                <i>1 0 0 0 1 0 0 0 1 1.48 0.92 -0.17</i>
                <i>1 0 0 0 1 0 0 0 1 1.48 0.92 -0.17</i>
                <i>1 0 0 0 1 0 0 0 1 1.48 0.92 -0.17</i>
                <i>1 0 0 0 1 0 0 0 1 1.48 0.92 -0.17</i>
                <i>1 0 0 0 1 0 0 0 1 1.48 0.92 -0.17</i>
                <i>1 0 0 0 1 0 0 0 1 1.48 0.92 -0.17</i>
                <i>1 0 0 0 1 0 0 0 1 1.48 0.92 -0.17</i>
                <i>1 0 0 0 1 0 0 0 1 1.48 0.92 -0.17</i>
                <i>1 0 0 0 1 0 0 0 1 1.48 0.92 -0.17</i>
                <i>1 0 0 0 1 0 0 0 1 1.48 0.92 -0.17</i>
                <i>1 0 0 0 1 0 0 0 1 1.48 0.92 -0.17</i>
                <i>1 0 0 0 1 0 0 0 1 1.48 0.92 -0.17</i>
                <i>1 0 0 0 1 0 0 0 1 1.48 0.92 -0.17</i>
                <i>1 0 0 0 1 0 0 0 1 1.48 0.92 -0.17</i>
                <i>1 0 0 0 1 0 0 0 1 1.48 0.92 -0.17</i>
                <i>1 0 0 0 1 0 0 0 1 1.48 0.92 -0.17</i>
                <i>1 0 0 0 1 0 0 0 1 1.48 0.92 -0.17</i>
                <i>1 0 0 0 1 0 0 0 1 1.48 0.92 -0.17</i>
                <i>1 0 0 0 1 0 0 0 1 1.48 0.92 -0.17</i>
                <i>1 0 0 0 1 0 0 0 1 1.48 0.92 -0.17</i>
                <i>1 0 0 0 1 0 0 0 1 1.48 0.92 -0.17</i>
                <i>1 0 0 0 1 0 0 0 1 1.48 0.92 -0.17</i>
                <i>1 0 0 0 1 0 0 0 1 1.48 0.92 -0.17</i>
                <i>1 0 0 0 1 0 0 0 1 1.48 0.92 -0.17</i>
                <i>1 0 0 0 1 0 0 0 1 1.48 0.92 -0.17</i>
                <i>1 0 0 0 1 0 0 0 1 1.48 0.92 -0.17</i>
                <i>1 0 0 0 1 0 0 0 1 1.48 0.92 -0.17</i>
                <i>1 0 0 0 1 0 0 0 1 1.48 0.92 -0.17</i>
                <i>1 0 0 0 1 0 0 0 1 1.48 0.92 -0.17</i>
                <i>1 0 0 0 1 0 0 0 1 1.48 0.92 -0.17</i>
                <i>1 0 0 0 1 0 0 0 1 1.48 0.92 -0.17</i>
                <i>1 0 0 0 1 0 0 0 1 1.48 0.92 -0.17</i>
                <i>1 0 0 0 1 0 0 0 1 1.48 0.92 -0.17</i>
                <i>1 0 0 0 1 0 0 0 1 1.48 0.92 -0.17</i>
                <i>1 0 0 0 1 0 0 0 1 1.48 0.92 -0.17</i>
                <i>1 0 0 0 1 0 0 0 1 1.48 0.92 -0.17</i>
                <i>1 0 0 0 1 0 0 0 1 1.48 0.92 -0.17</i>
                <i>1 0 0 0 1 0 0 0 1 1.48 0.92 -0.17</i>
                <i>1 0 0 0 1 0 0 0 1 1.48 0.92 -0.17</i>
                <i>1 0 0 0 1 0 0 0 1 1.48 0.92 -0.17</i>
                <i>1 0 0 0 1 0 0 0 1 1.48 0.92 -0.17</i>
                <i>1 0 0 0 1 0 0 0 1 1.48 0.92 -0.17</i>
                <i>1 0 0 0 1 0 0 0 1 1.48 0.92 -0.17</i>
                <i>1 0 0 0 1 0 0 0 1 1.48 0.92 -0.17</i>
                <i>1 0 0 0 1 0 0 0 1 1.48 0.92 -0.17</i>
                <i>1 0 0 0 1 0 0 0 1 1.48 0.92 -0.17</i>
                <i>1 0 0 0 1 0 0 0 1 1.48 0.92 -0.17</i>
                <i>1 0 0 0 1 0 0 0 1 1.48 0.92 -0.17</i>
                <i>1 0 0 0 1 0 0 0 1 1.48 0.92 -0.17</i>
                <i>1 0 0 0 1 0 0 0 1 1.48 0.92 -0.17</i>
                <i>1 0 0 0 1 0 0 0 1 1.48 0.92 -0.17</i>
                <i>1 0 0 0 1 0 0 0 1 1.48 0.92 -0.17</i>
                <i>1 0 0 0 1 0 0 0 1 1.48 0.92 -0.17</i>
                <i>1 0 0 0 1 0 0 0 1 1.48 0.92 -0.17</i>
                <i>1 0 0 0 1 0 0 0 1 1.48 0.92 -0.17</i>
                <i>1 0 0 0 1 0 0 0 1 1.48 0.92 -0.17</i>
                <i>1 0 0 0 1 0 0 0 1 1.48 0.92 -0.17</i>
                <i>1 0 0 0 1 0 0 0 1 1.48 0.92 -0.17</i>
                <i>1 0 0 0 1 0 0 0 1 1.48 0.92 -0.17</i>
                <i>1 0 0 0 1 0 0 0 1 1.48 0.92 -0.17</i>
                <i>1 0 0 0 1 0 0 0 1 1.48 0.92 -0.17</i>
                <i>1 0 0 0 1 0 0 0 1 1.48 0.92 -0.17</i>
                <i>1 0 0 0 1 0 0 0 1 1.48 0.92 -0.17</i>
                <i>1 0 0 0 1 0 0 0 1 1.48 0.92 -0.17</i>
                <i>1 0 0 0 1 0 0 0 1 1.48 0.92 -0.17</i>
                <i>1 0 0 0 1 0 0 0 1 1.48 0.92 -0.17</i>
                <i>1 0 0 0 1 0 0 0 1 1.48 0.92 -0.17</i>
                <i>1 0 0 0 1 0 0 0 1 1.48 0.92 -0.17</i>
                <i>1 0 0 0 1 0 0 0 1 1.48 0.92 -0.17</i>
                <i>1 0 0 0 1 0 0 0 1 1.48 0.92 -0.17</i>
                <i>1 0 0 0 1 0 0 0 1 1.48 0.92 -0.17</i>
                <i>1 0 0 0 1 0 0 0 1 1.48 0.92 -0.17</i>
                <i>1 0 0 0 1 0 0 0 1 1.48 0.92 -0.17</i>
                <i>1 0 0 0 1 0 0 0 1 1.48 0.92 -0.17</i>
                <i>1 0 0 0 1 0 0 0 1 1.48 0.92 -0.17</i>
                <i>1 0 0 0 1 0 0 0 1 1.48 0.92 -0.17</i>
                <i>1 0 0 0 1 0 0 0 1 1.48 0.92 -0.17</i>
                <i>1 0 0 0 1 0 0 0 1 1.48 0.92 -0.17</i>
                <i>1 0 0 0 1 0 0 0 1 1.48 0.92 -0.17</i>
                <i>1 0 0 0 1 0 0 0 1 1.48 0.92 -0.17</i>
                <i>1 0 0 0 1 0 0 0 1 1.48 0.92 -0.17</i>
                <i>1 0 0 0 1 0 0 0 1 1.48 0.92 -0.17</i>
                <i>1 0 0 0 1 0 0 0 1 1.48 0.92 -0.17</i>
                <i>1 0 0 0 1 0 0 0 1 1.48 0.92 -0.17</i>
                <i>1 0 0 0 1 0 0 0 1 1.48 0.92 -0.17</i>
                <i>1 0 0 0 1 0 0 0 1 1.48 0.92 -0.17</i>
                <i>1 0 0 0 1 0 0 0 1 1.48 0.92 -0.17</i>
                <i>1 0 0 0 1 0 0 0 1 1.48 0.92 -0.17</i>
                <i>1 0 0 0 1 0 0 0 1 1.48 0.92 -0.17</i>
                <i>1 0 0 0 1 0 0 0 1 1.48 0.92 -0.17</i>
                <i>1 0 0 0 1 0 0 0 1 1.48 0.92 -0.17</i>
                <i>1 0 0 0 1 0 0 0 1 1.48 0.92 -0.17</i>
                <i>1 0 0 0 1 0 0 0 1 1.48 0.92 -0.17</i>
                <i>1 0 0 0 1 0 0 0 1 1.48 0.92 -0.17</i>
                <i>1 0 0 0 1 0 0 0 1 1.48 0.92 -0.17</i>
                <i>1 0 0 0 1 0 0 0 1 1.48 0.92 -0.17</i>
                <i>1 0 0 0 1 0 0 0 1 1.48 0.92 -0.17</i>
                <i>1 0 0 0 1 0 0 0 1 1.48 0.92 -0.17</i>
            </KeyFrames>
        </RefFrame>
        <Bones count="23">
            <i>
                <p>
                    <Name><![CDATA[pelvis]]></Name>
                    <Exclude>0</Exclude>
                    <Additive>0</Additive>
                    <IKPriority>0</IKPriority>
                    <IKRotLimits>-1e+010 -1e+010 -1e+010 1e+010 1e+010 1e+010</IKRotLimits>
                    <IKRotLimitOrder>2</IKRotLimitOrder>
                    <KeyFrames count="120">
                        <i>1 0 0 0 1 0 0 0 1 1.47617 1.5081 -0.450747</i>
                        <i>1 0 0 0 1 0 0 0 1 1.47617 1.50904 -0.450747</i>
                        <i>1 0 0 0 1 0 0 0 1 1.47617 1.51147 -0.450747</i>
                        <i>1 0 0 0 1 0 0 0 1 1.47617 1.51479 -0.450747</i>
                        <i>1 0 0 0 1 0 0 0 1 1.47617 1.51841 -0.450747</i>
                        <i>1 0 0 0 1 0 0 0 1 1.47617 1.52173 -0.450747</i>
                        <i>1 0 0 0 1 0 0 0 1 1.47617 1.52416 -0.450747</i>
                        <i>1 0 0 0 1 0 0 0 1 1.47617 1.5251 -0.450747</i>
                        <i>1 0 0 0 1 0 0 0 1 1.47617 1.52332 -0.450747</i>
                        <i>1 0 0 0 1 0 0 0 1 1.47617 1.51894 -0.450747</i>
                        <i>1 0 0 0 1 0 0 0 1 1.47617 1.51339 -0.450747</i>
                        <i>1 0 0 0 1 0 0 0 1 1.47617 1.5081 -0.450747</i>
                        <i>1 0 0 0 1 0 0 0 1 1.47617 1.5045 -0.450747</i>
                        <i>1 0 0 0 1 0 0 0 1 1.47617 1.50402 -0.450747</i>
                        <i>1 0 0 0 1 0 0 0 1 1.47617 1.5081 -0.450747</i>
                        <i>1 0 0 0 1 0 0 0 1 1.47617 1.51686 -0.448541</i>
                        <i>1 0 0 0 1 0 0 0 1 1.47617 1.5289 -0.442554</i>
                        <i>1 0 0 0 1 0 0 0 1 1.47617 1.54337 -0.433731</i>
                        <i>1 0 0 0 1 0 0 0 1 1.47617 1.55942 -0.423017</i>
                        <i>1 0 0 0 1 0 0 0 1 1.47617 1.5762 -0.411358</i>
                        <i>1 0 0 0 1 0 0 0 1 1.47617 1.59286 -0.399699</i>
                        <i>1 0 0 0 1 0 0 0 1 1.47617 1.60855 -0.388985</i>
                        <i>1 0 0 0 1 0 0 0 1 1.47617 1.62242 -0.380162</i>
                        <i>1 0 0 0 1 0 0 0 1 1.47617 1.63362 -0.374175</i>
                        <i>1 0 0 0 1 0 0 0 1 1.47617 1.64129 -0.37197</i>
                        <i>1 0 0 0 1 0 0 0 1 1.47617 1.64046 -0.37197</i>
                        <i>1 0 0 0 1 0 0 0 1 1.47617 1.63009 -0.37197</i>
                        <i>1 0 0 0 1 0 0 0 1 1.47617 1.61526 -0.37197</i>
                        <i>1 0 0 0 1 0 0 0 1 1.47617 1.60105 -0.37197</i>
                        <i>1 0 0 0 1 0 0 0 1 1.47617 1.59254 -0.37197</i>
                        <i>1 0 0 0 1 0 0 0 1 1.47617 1.59095 -0.37197</i>
                        <i>1 0 0 0 1 0 0 0 1 1.47617 1.5929 -0.37197</i>
                        <i>1 0 0 0 1 0 0 0 1 1.47617 1.59655 -0.37197</i>
                        <i>1 0 0 0 1 0 0 0 1 1.47617 1.60007 -0.37197</i>
                        <i>1 0 0 0 1 0 0 0 1 1.47617 1.60165 -0.37197</i>
                        <i>1 0 0 0 1 0 0 0 1 1.47617 1.60165 -0.37197</i>
                        <i>1 0 0 0 1 0 0 0 1 1.47617 1.60165 -0.37197</i>
                        <i>1 0 0 0 1 0 0 0 1 1.47617 1.60165 -0.37197</i>
                        <i>1 0 0 0 1 0 0 0 1 1.47617 1.60165 -0.37197</i>
                        <i>1 0 0 0 1 0 0 0 1 1.47617 1.60165 -0.37197</i>
                        <i>1 0 0 0 1 0 0 0 1 1.47617 1.60165 -0.37197</i>
                        <i>1 0 0 0 1 0 0 0 1 1.47617 1.60165 -0.37197</i>
                        <i>1 0 0 0 1 0 0 0 1 1.47617 1.60165 -0.37197</i>
                        <i>1 0 0 0 1 0 0 0 1 1.47617 1.60165 -0.37197</i>
                        <i>1 0 0 0 1 0 0 0 1 1.47617 1.60165 -0.37197</i>
                        <i>1 0 0 0 1 0 0 0 1 1.47617 1.60165 -0.37197</i>
                        <i>1 0 0 0 1 0 0 0 1 1.47617 1.60165 -0.37197</i>
                        <i>1 0 0 0 1 0 0 0 1 1.47617 1.60165 -0.37197</i>
                        <i>1 0 0 0 1 0 0 0 1 1.47617 1.60165 -0.37197</i>
                        <i>1 0 0 0 1 0 0 0 1 1.47617 1.60165 -0.37197</i>
                        <i>1 0 0 0 1 0 0 0 1 1.47617 1.60165 -0.37197</i>
                        <i>1 0 0 0 1 0 0 0 1 1.47617 1.60165 -0.37197</i>
                        <i>1 0 0 0 1 0 0 0 1 1.47617 1.60165 -0.37197</i>
                        <i>1 0 0 0 1 0 0 0 1 1.47617 1.60165 -0.37197</i>
                        <i>1 0 0 0 1 0 0 0 1 1.47617 1.60165 -0.37197</i>
                        <i>1 0 0 0 1 0 0 0 1 1.47617 1.60165 -0.37197</i>
                        <i>1 0 0 0 1 0 0 0 1 1.47617 1.60165 -0.37197</i>
                        <i>1 0 0 0 1 0 0 0 1 1.47617 1.60165 -0.37197</i>
                        <i>1 0 0 0 1 0 0 0 1 1.47617 1.60165 -0.37197</i>
                        <i>1 0 0 0 1 0 0 0 1 1.47617 1.60165 -0.37197</i>
                        <i>1 0 0 0 1 0 0 0 1 1.47617 1.60165 -0.37197</i>
                        <i>1 0 0 0 1 0 0 0 1 1.47617 1.60165 -0.37197</i>
                        <i>1 0 0 0 1 0 0 0 1 1.47617 1.60165 -0.37197</i>
                        <i>1 0 0 0 1 0 0 0 1 1.47617 1.60165 -0.37197</i>
                        <i>1 0 0 0 1 0 0 0 1 1.47617 1.60165 -0.37197</i>
                        <i>1 0 0 0 1 0 0 0 1 1.47617 1.60165 -0.37197</i>
                        <i>1 0 0 0 1 0 0 0 1 1.47617 1.60165 -0.37197</i>
                        <i>1 0 0 0 1 0 0 0 1 1.47617 1.60165 -0.37197</i>
                        <i>1 0 0 0 1 0 0 0 1 1.47617 1.60165 -0.37197</i>
                        <i>1 0 0 0 1 0 0 0 1 1.47617 1.60165 -0.37197</i>
                        <i>1 0 0 0 1 0 0 0 1 1.47767 1.60165 -0.370105</i>
                        <i>1 0 0 0 1 0 0 0 1 1.48176 1.60165 -0.365045</i>
                        <i>1 0 0 0 1 0 0 0 1 1.48778 1.60165 -0.357587</i>
                        <i>1 0 0 0 1 0 0 0 1 1.49508 1.60165 -0.348531</i>
                        <i>1 0 0 0 1 0 0 0 1 1.50304 1.60165 -0.338676</i>
                        <i>1 0 0 0 1 0 0 0 1 1.51099 1.60165 -0.328821</i>
                        <i>1 0 0 0 1 0 0 0 1 1.5183 1.60165 -0.319765</i>
                        <i>1 0 0 0 1 0 0 0 1 1.52432 1.60165 -0.312307</i>
                        <i>1 0 0 0 1 0 0 0 1 1.5284 1.60165 -0.307247</i>
                        <i>1 0 0 0 1 0 0 0 1 1.52991 1.60165 -0.305382</i>
                        <i>1 0 0 0 1 0 0 0 1 1.52991 1.60165 -0.305382</i>
                        <i>1 0 0 0 1 0 0 0 1 1.52991 1.60165 -0.305382</i>
                        <i>1 0 0 0 1 0 0 0 1 1.52991 1.60165 -0.305382</i>
                        <i>1 0 0 0 1 0 0 0 1 1.52991 1.60165 -0.305382</i>
                        <i>1 0 0 0 1 0 0 0 1 1.52991 1.60165 -0.305382</i>
                        <i>1 0 0 0 1 0 0 0 1 1.52991 1.60165 -0.305382</i>
                        <i>1 0 0 0 1 0 0 0 1 1.52991 1.60165 -0.305382</i>
                        <i>1 0 0 0 1 0 0 0 1 1.52991 1.60165 -0.305382</i>
                        <i>1 0 0 0 1 0 0 0 1 1.52991 1.60165 -0.305382</i>
                        <i>1 0 0 0 1 0 0 0 1 1.52991 1.60165 -0.305382</i>
                        <i>1 0 0 0 1 0 0 0 1 1.52489 1.60165 -0.310757</i>
                        <i>1 0 0 0 1 0 0 0 1 1.51271 1.60165 -0.324169</i>
                        <i>1 0 0 0 1 0 0 0 1 1.49766 1.60165 -0.341553</i>
                        <i>1 0 0 0 1 0 0 0 1 1.48405 1.60165 -0.358842</i>
                        <i>1 0 0 0 1 0 0 0 1 1.47617 1.60165 -0.37197</i>
                        <i>1 0 0 0 1 0 0 0 1 1.47327 1.5988 -0.382025</i>
                        <i>1 0 0 0 1 0 0 0 1 1.47158 1.59099 -0.392567</i>
                        <i>1 0 0 0 1 0 0 0 1 1.4709 1.57934 -0.403231</i>
                        <i>1 0 0 0 1 0 0 0 1 1.47101 1.56496 -0.413654</i>
                        <i>1 0 0 0 1 0 0 0 1 1.47169 1.54899 -0.423472</i>
                        <i>1 0 0 0 1 0 0 0 1 1.47273 1.53254 -0.43232</i>
                        <i>1 0 0 0 1 0 0 0 1 1.47391 1.51673 -0.439836</i>
                        <i>1 0 0 0 1 0 0 0 1 1.47502 1.50269 -0.445655</i>
                        <i>1 0 0 0 1 0 0 0 1 1.47584 1.49152 -0.449413</i>
                        <i>1 0 0 0 1 0 0 0 1 1.47617 1.48436 -0.450747</i>
                        <i>1 0 0 0 1 0 0 0 1 1.47617 1.48185 -0.450747</i>
                        <i>1 0 0 0 1 0 0 0 1 1.47617 1.48324 -0.450747</i>
                        <i>1 0 0 0 1 0 0 0 1 1.47617 1.48747 -0.450747</i>
                        <i>1 0 0 0 1 0 0 0 1 1.47617 1.49353 -0.450747</i>
                        <i>1 0 0 0 1 0 0 0 1 1.47617 1.50039 -0.450747</i>
                        <i>1 0 0 0 1 0 0 0 1 1.47617 1.50702 -0.450747</i>
                        <i>1 0 0 0 1 0 0 0 1 1.47617 1.51238 -0.450747</i>
                        <i>1 0 0 0 1 0 0 0 1 1.47617 1.51546 -0.450747</i>
                        <i>1 0 0 0 1 0 0 0 1 1.47617 1.51634 -0.450747</i>
                        <i>1 0 0 0 1 0 0 0 1 1.47617 1.51604 -0.450747</i>
                        <i>1 0 0 0 1 0 0 0 1 1.47617 1.51488 -0.450747</i>
                        <i>1 0 0 0 1 0 0 0 1 1.47617 1.51319 -0.450747</i>
                        <i>1 0 0 0 1 0 0 0 1 1.47617 1.51128 -0.450747</i>
                        <i>1 0 0 0 1 0 0 0 1 1.47617 1.50947 -0.450747</i>
                        <i>1 0 0 0 1 0 0 0 1 1.47617 1.5081 -0.450747</i>
                    </KeyFrames>
                </p>
            </i>
            <i>
                <p>
                    <Name><![CDATA[spine0]]></Name>
                    <Exclude>0</Exclude>
                    <Additive>0</Additive>
                    <IKPriority>0</IKPriority>
                    <IKRotLimits>-1e+010 -1e+010 -1e+010 1e+010 1e+010 1e+010</IKRotLimits>
                    <IKRotLimitOrder>0</IKRotLimitOrder>
                    <KeyFrames count="120">
                        <i>-0.308157 0.931847 -0.191573 -0.0556194 -0.218675 -0.974211 -0.949708 -0.289555 0.119215 1.5021 1.64839 -0.469218</i>
                        <i>-0.306544 0.932118 -0.192837 -0.0557566 -0.219827 -0.973944 -0.950222 -0.287805 0.119358 1.50304 1.64902 -0.470232</i>
                        <i>-0.304125 0.932771 -0.193512 -0.0562134 -0.220352 -0.973799 -0.950972 -0.285278 0.119449 1.50407 1.65109 -0.471361</i>
                        <i>-0.301432 0.93353 -0.194064 -0.0568161 -0.220755 -0.973673 -0.951793 -0.28247 0.119582 1.50516 1.654 -0.472573</i>
                        <i>-0.298983 0.934134 -0.194944 -0.0574208 -0.221529 -0.973462 -0.952529 -0.279854 0.119872 1.50631 1.65717 -0.473834</i>
                        <i>-0.297275 0.934336 -0.196582 -0.0579169 -0.223157 -0.97306 -0.953034 -0.277881 0.120453 1.50747 1.66002 -0.475112</i>
                        <i>-0.296305 0.934156 -0.198889 -0.0582936 -0.225541 -0.972488 -0.953313 -0.276559 0.121284 1.50862 1.66195 -0.476376</i>
                        <i>-0.295701 0.933808 -0.201402 -0.0585964 -0.228164 -0.971858 -0.953482 -0.275578 0.122186 1.50974 1.66239 -0.477596</i>
                        <i>-0.295408 0.933339 -0.203991 -0.0588268 -0.230885 -0.971201 -0.953558 -0.2749 0.123111 1.51079 1.66012 -0.478743</i>
                        <i>-0.295361 0.932796 -0.206528 -0.0589917 -0.233567 -0.97055 -0.953563 -0.274479 0.124014 1.51176 1.65527 -0.479788</i>
                        <i>-0.295492 0.932229 -0.208888 -0.0591024 -0.236072 -0.969937 -0.953515 -0.274263 0.124854 1.51262 1.64929 -0.480704</i>
                        <i>-0.295727 0.931691 -0.210945 -0.0591722 -0.238264 -0.969396 -0.953438 -0.274194 0.125591 1.51333 1.64364 -0.481464</i>
                        <i>-0.295987 0.931238 -0.212573 -0.0592141 -0.240005 -0.968964 -0.953355 -0.274213 0.126181 1.51388 1.63976 -0.48204</i>
                        <i>-0.296193 0.930927 -0.213645 -0.0592386 -0.241156 -0.968677 -0.953289 -0.27426 0.126576 1.51424 1.63909 -0.482406</i>
                        <i>-0.296269 0.930814 -0.214033 -0.05925 -0.241574 -0.968572 -0.953265 -0.274276 0.126721 1.51437 1.6431 -0.482534</i>
                        <i>-0.288791 0.933811 -0.211179 -0.0578462 -0.237193 -0.969739 -0.955643 -0.267836 0.122517 1.51436 1.65195 -0.479978</i>
                        <i>-0.268684 0.941584 -0.203046 -0.0540398 -0.225201 -0.972813 -0.961711 -0.250406 0.111391 1.51429 1.66423 -0.473033</i>
                        <i>-0.239488 0.952108 -0.190096 -0.048449 -0.207269 -0.977083 -0.96969 -0.22479 0.0957672 1.51419 1.67904 -0.462785</i>
                        <i>-0.204698 0.96343 -0.172922 -0.0416834 -0.185083 -0.981839 -0.977937 -0.193773 0.0780451 1.51411 1.69548 -0.450318</i>
                        <i>-0.167594 0.973983 -0.152545 -0.0343401 -0.160407 -0.986453 -0.985258 -0.160085 0.06033 1.51408 1.71264 -0.436717</i>
                        <i>-0.131169 0.982732 -0.130508 -0.0270027 -0.135138 -0.990459 -0.990992 -0.126393 0.0442623 1.51412 1.72965 -0.42307</i>
                        <i>-0.0981621 0.989201 -0.108836 -0.0202436 -0.111326 -0.993578 -0.994965 -0.0953285 0.030953 1.51427 1.7456 -0.410465</i>
                        <i>-0.0711722 0.993402 -0.0899254 -0.0146323 -0.0911841 -0.995727 -0.997357 -0.0695523 0.0210255 1.51457 1.75963 -0.399995</i>
                        <i>-0.0527752 0.995681 -0.0763796 -0.0107552 -0.0770485 -0.996969 -0.998549 -0.0517938 0.014775 1.51506 1.77087 -0.392753</i>
                        <i>-0.0456106 0.996448 -0.0707864 -0.00924976 -0.0712784 -0.997414 -0.998916 -0.0448378 0.012468 1.51576 1.77844 -0.389837</i>
                        <i>-0.0443209 0.99657 -0.0698802 -0.00891636 -0.0703407 -0.997483 -0.998978 -0.0435863 0.0120033 1.51725 1.77722 -0.389432</i>
                        <i>-0.0420378 0.996744 -0.0688084 -0.00818806 -0.0692107 -0.997568 -0.999082 -0.0413722 0.0110709 1.51986 1.76609 -0.388999</i>
                        <i>-0.0392407 0.99694 -0.0676002 -0.00719634 -0.0679325 -0.997664 -0.999204 -0.0386626 0.00984004 1.52327 1.75018 -0.388553</i>
                        <i>-0.0364088 0.997136 -0.0662886 -0.00604828 -0.0665512 -0.997765 -0.999319 -0.0359264 0.00845401 1.52716 1.7346 -0.388106</i>
                        <i>-0.0339792 0.997312 -0.0649147 -0.0048325 -0.0651154 -0.997866 -0.999411 -0.033593 0.00703208 1.53122 1.72452 -0.387674</i>
                        <i>-0.0323081 0.997457 -0.0635287 -0.00362685 -0.0636785 -0.997964 -0.999471 -0.0320119 0.00567496 1.53516 1.72127 -0.387274</i>
                        <i>-0.0316439 0.997563 -0.0621883 -0.00250688 -0.0622985 -0.998054 -0.999496 -0.0314265 0.00447214 1.53868 1.7216 -0.386925</i>
                        <i>-0.0321259 0.997623 -0.0609568 -0.00155356 -0.061038 -0.998134 -0.999483 -0.0319713 0.00351076 1.54151 1.72387 -0.386649</i>
                        <i>-0.0338119 0.997632 -0.0599 -0.000859524 -0.0599633 -0.9982 -0.999428 -0.0336996 0.00288496 1.5434 1.72643 -0.386467</i>
                        <i>-0.0367368 0.997577 -0.0590846 -0.000532866 -0.059144 -0.998249 -0.999325 -0.0366411 0.00270434 1.54409 1.72765 -0.386401</i>
                        <i>-0.040595 0.997458 -0.0585612 -0.00261502 -0.0587153 -0.998271 -0.999172 -0.0403716 0.00499192 1.54396 1.72768 -0.386691</i>
                        <i>-0.0443283 0.997308 -0.0584106 -0.00846758 -0.058841 -0.998231 -0.998981 -0.0437553 0.0110531 1.54361 1.72778 -0.387475</i>
                        <i>-0.0468278 0.997174 -0.0587535 -0.0171891 -0.0596137 -0.998074 -0.998755 -0.0457277 0.0199321 1.54309 1.72791 -0.388622</i>
                        <i>-0.0469164 0.997112 -0.0597241 -0.0278637 -0.0610731 -0.997744 -0.99851 -0.0451464 0.0306485 1.54244 1.72806 -0.390003</i>
                        <i>-0.0433797 0.997166 -0.0614628 -0.039553 -0.0631867 -0.997218 -0.998275 -0.040828 0.0421819 1.54172 1.72822 -0.39149</i>
                        <i>-0.0343351 0.997344 -0.0642347 -0.0513092 -0.0659469 -0.996503 -0.998092 -0.0309192 0.0534372 1.54099 1.72836 -0.392959</i>
                        <i>-0.0211992 0.997481 -0.0676862 -0.0621141 -0.0688846 -0.995689 -0.997844 -0.0169036 0.063418 1.54031 1.72847 -0.394291</i>
                        <i>-0.00765005 0.997444 -0.0710429 -0.0709348 -0.0714073 -0.994922 -0.997452 -0.00257179 0.0712997 1.53975 1.72857 -0.39537</i>
                        <i>0.0028471 0.997286 -0.0735706 -0.0767684 -0.0731358 -0.994363 -0.997045 0.00847894 0.0763518 1.53936 1.72863 -0.396085</i>
                        <i>0.0070545 0.997191 -0.0745724 -0.0786265 -0.0737902 -0.994169 -0.996879 0.0128767 0.077885 1.53922 1.72865 -0.396323</i>
                        <i>0.0074581 0.997193 -0.0744961 -0.0774657 -0.0736981 -0.994267 -0.996967 0.0131862 0.0766986 1.53896 1.72883 -0.396062</i>
                        <i>0.00824151 0.997209 -0.0741991 -0.0750051 -0.0733761 -0.99448 -0.997149 0.0137613 0.0741911 1.53823 1.72931 -0.395397</i>
                        <i>0.00876038 0.997249 -0.0736048 -0.0713737 -0.0727963 -0.99479 -0.997411 0.0139682 0.0705396 1.53709 1.73004 -0.394391</i>
                        <i>0.00838125 0.997323 -0.072641 -0.0666876 -0.0719244 -0.995178 -0.997739 0.0131851 0.0659062 1.5356 1.73095 -0.39311</i>
                        <i>0.00649347 0.997438 -0.071244 -0.061071 -0.070717 -0.995625 -0.998112 0.010816 0.0604553 1.53382 1.73199 -0.391617</i>
                        <i>0.00279413 0.997584 -0.0694126 -0.0546754 -0.0691567 -0.996106 -0.9985 0.00657841 0.0543501 1.53182 1.73309 -0.389978</i>
                        <i>-0.002374 0.997732 -0.0672691 -0.0476905 -0.0673057 -0.996592 -0.998859 0.000842189 0.0477421 1.52967 1.7342 -0.388259</i>
                        <i>-0.0086337 0.997852 -0.0649401 -0.0403417 -0.0652373 -0.997054 -0.999149 -0.00598847 0.0408183 1.52744 1.73528 -0.386523</i>
                        <i>-0.0155957 0.99792 -0.0625503 -0.0328911 -0.063036 -0.997469 -0.999337 -0.0134989 0.0338058 1.5252 1.73629 -0.384833</i>
                        <i>-0.0228543 0.997923 -0.0602199 -0.0256354 -0.0608008 -0.997821 -0.99941 -0.0212608 0.0269717 1.52302 1.7372 -0.383251</i>
                        <i>-0.0299868 0.997862 -0.0580643 -0.0189008 -0.0586461 -0.9981 -0.999372 -0.0288324 0.020619 1.52099 1.738 -0.381836</i>
                        <i>-0.0365553 0.997751 -0.056193 -0.0130356 -0.0567019 -0.998306 -0.999247 -0.0357609 0.015079 1.51918 1.73866 -0.380642</i>
                        <i>-0.0421116 0.997614 -0.0547102 -0.00840069 -0.0551104 -0.998445 -0.999078 -0.0415865 0.0107014 1.51767 1.73918 -0.379725</i>
                        <i>-0.0462024 0.997487 -0.0537169 -0.0053592 -0.0540211 -0.998525 -0.998918 -0.0458464 0.00784163 1.51655 1.73955 -0.379138</i>
                        <i>-0.0483763 0.997405 -0.0533144 -0.00426401 -0.0535826 -0.998554 -0.99882 -0.048079 0.00684507 1.51588 1.73975 -0.378932</i>
                        <i>-0.0481951 0.997412 -0.0533573 -0.00426047 -0.0536242 -0.998552 -0.998829 -0.047898 0.00683386 1.51585 1.73976 -0.378933</i>
                        <i>-0.0458331 0.99751 -0.0535988 -0.00426926 -0.0538503 -0.99854 -0.99894 -0.0455374 0.00672676 1.51649 1.73957 -0.378927</i>
                        <i>-0.0417735 0.997667 -0.0539892 -0.00429359 -0.0542152 -0.99852 -0.999118 -0.0414799 0.00654833 1.51768 1.73922 -0.378915</i>
                        <i>-0.0365051 0.997847 -0.0544784 -0.00433776 -0.0546724 -0.998495 -0.999324 -0.0362138 0.00632424 1.51928 1.73873 -0.378898</i>
                        <i>-0.0305144 0.998019 -0.055017 -0.00440442 -0.0551763 -0.998467 -0.999525 -0.0302253 0.00607937 1.52116 1.73812 -0.378877</i>
                        <i>-0.0242787 0.99816 -0.0555573 -0.00449285 -0.055682 -0.998438 -0.999695 -0.0239911 0.00583647 1.5232 1.73744 -0.378852</i>
                        <i>-0.0182603 0.998261 -0.0560534 -0.004598 -0.056146 -0.998412 -0.999823 -0.0179736 0.00561524 1.52526 1.73671 -0.378826</i>
                        <i>-0.0129043 0.998321 -0.0564613 -0.00471048 -0.0565261 -0.99839 -0.999906 -0.0126176 0.005432 1.52723 1.73598 -0.378799</i>
                        <i>-0.00863846 0.998352 -0.0567384 -0.00481726 -0.0567814 -0.998375 -0.999951 -0.0083511 0.00529982 1.52898 1.7353 -0.378773</i>
                        <i>-0.00587797 0.998366 -0.0568423 -0.0049031 -0.0568713 -0.998369 -0.999971 -0.00558968 0.00522938 1.53038 1.73474 -0.378752</i>
                        <i>-0.0133512 0.998364 -0.0555993 -0.00465909 -0.0556658 -0.998439 -0.9999 -0.0130713 0.00539467 1.53254 1.73447 -0.376977</i>
                        <i>-0.0370278 0.997949 -0.0522231 -0.00383046 -0.0524003 -0.998619 -0.999307 -0.0367766 0.00576287 1.53632 1.73457 -0.3722</i>
                        <i>-0.0732105 0.996197 -0.0472369 -0.00253122 -0.0475495 -0.998866 -0.997313 -0.0730079 0.00600271 1.5413 1.73497 -0.365191</i>
                        <i>-0.118139 0.992144 -0.0411531 -0.000906199 -0.041551 -0.999136 -0.992997 -0.117999 0.00580787 1.54703 1.73556 -0.356719</i>
                        <i>-0.167887 0.985203 -0.0344918 0.000899861 -0.0348352 -0.999393 -0.985806 -0.167816 0.00496183 1.55306 1.73625 -0.347553</i>
                        <i>-0.218323 0.97548 -0.0278031 0.00276399 -0.0278722 -0.999608 -0.975873 -0.218314 0.00338892 1.55897 1.73694 -0.338464</i>
                        <i>-0.265147 0.963964 -0.0216839 0.00460077 -0.0212238 -0.999764 -0.964197 -0.265184 0.00119243 1.56431 1.73756 -0.33022</i>
                        <i>-0.303982 0.95253 -0.0167832 0.00637108 -0.0155839 -0.999858 -0.952656 -0.304046 -0.00133142 1.56865 1.73805 -0.323595</i>
                        <i>-0.330482 0.943711 -0.0137942 0.00807654 -0.0117872 -0.999898 -0.943778 -0.33056 -0.00372647 1.57156 1.73835 -0.319361</i>
                        <i>-0.340375 0.940194 -0.013437 0.00972916 -0.010768 -0.999895 -0.940239 -0.34047 -0.00548214 1.57261 1.73842 -0.31829</i>
                        <i>-0.340581 0.940098 -0.0148675 0.0125396 -0.0112697 -0.999858 -0.940131 -0.340719 -0.00795018 1.57259 1.73835 -0.31911</i>
                        <i>-0.340827 0.939978 -0.0166619 0.0173468 -0.0114322 -0.999784 -0.939966 -0.341043 -0.0124092 1.57256 1.73827 -0.320002</i>
                        <i>-0.341101 0.939841 -0.0186752 0.0235787 -0.0113063 -0.999658 -0.939731 -0.341425 -0.0183036 1.57254 1.73817 -0.320914</i>
                        <i>-0.341386 0.939694 -0.0207653 0.0306645 -0.010946 -0.99947 -0.939423 -0.341842 -0.0250785 1.57253 1.73807 -0.3218</i>
                        <i>-0.341663 0.939546 -0.0227927 0.0380369 -0.0104084 -0.999222 -0.939052 -0.342264 -0.0321813 1.57251 1.73798 -0.322609</i>
                        <i>-0.341912 0.939409 -0.0246216 0.0451334 -0.00975469 -0.998933 -0.938647 -0.342659 -0.0390635 1.5725 1.7379 -0.323295</i>
                        <i>-0.34211 0.939297 -0.026119 0.0513977 -0.00904901 -0.998637 -0.938253 -0.342987 -0.0451819 1.57249 1.73783 -0.323808</i>
                        <i>-0.342235 0.939222 -0.0271537 0.0562784 -0.0083572 -0.99838 -0.937928 -0.343208 -0.0499978 1.57248 1.73779 -0.3241</i>
                        <i>-0.342263 0.939199 -0.0275943 0.0592271 -0.00774464 -0.998214 -0.937736 -0.343286 -0.0529753 1.57248 1.73779 -0.324123</i>
                        <i>-0.342176 0.939239 -0.0273062 0.0596928 -0.00727325 -0.99819 -0.937738 -0.343187 -0.0535771 1.57248 1.73783 -0.323829</i>
                        <i>-0.308443 0.95074 -0.0309228 0.0508854 -0.0159702 -0.998577 -0.949881 -0.309577 -0.0434529 1.56704 1.73813 -0.32795</i>
                        <i>-0.230115 0.972366 -0.0393769 0.0327463 -0.032703 -0.998929 -0.972612 -0.231158 -0.024316 1.55389 1.73871 -0.338823</i>
                        <i>-0.140117 0.988982 -0.047762 0.0141736 -0.0462295 -0.99883 -0.990033 -0.14063 -0.00753985 1.53785 1.73932 -0.352936</i>
                        <i>-0.0656478 0.996391 -0.0538038 0.00105264 -0.0538509 -0.998548 -0.997842 -0.0656091 0.00248635 1.52362 1.73971 -0.367212</i>
                        <i>-0.0295231 0.99795 -0.0567864 -0.00406334 -0.0569305 -0.99837 -0.999556 -0.0292442 0.00573577 1.51588 1.73975 -0.378932</i>
                        <i>-0.0316592 0.996838 -0.0728861 -0.00197871 -0.072985 -0.997331 -0.999497 -0.0314304 0.0042831 1.51311 1.73684 -0.389422</i>
                        <i>-0.0533705 0.992374 -0.111111 0.00470182 -0.111018 -0.993807 -0.998564 -0.0535624 0.00125914 1.51068 1.72915 -0.401369</i>
                        <i>-0.0896728 0.983167 -0.159191 0.0151129 -0.158474 -0.987248 -0.995857 -0.090935 -0.000647683 1.50856 1.71775 -0.414155</i>
                        <i>-0.134714 0.969395 -0.205244 0.0281137 -0.203309 -0.978711 -0.990486 -0.137616 0.000135358 1.50671 1.70367 -0.427156</i>
                        <i>-0.181546 0.953916 -0.238924 0.0419498 -0.235228 -0.971035 -0.982487 -0.18631 0.00268793 1.50512 1.68796 -0.439756</i>
                        <i>-0.223656 0.941134 -0.253464 0.0544142 -0.247589 -0.967336 -0.973148 -0.230143 0.00416384 1.50378 1.67172 -0.451353</i>
                        <i>-0.258483 0.932574 -0.251976 0.0640695 -0.243716 -0.967728 -0.963889 -0.266285 0.00324691 1.5027 1.65603 -0.461357</i>
                        <i>-0.284844 0.927818 -0.240869 0.0702918 -0.230384 -0.970558 -0.955993 -0.293389 0.000405624 1.50189 1.64204 -0.469195</i>
                        <i>-0.301723 0.925699 -0.228134 0.0733699 -0.216031 -0.973626 -0.950568 -0.310504 -0.00273685 1.50138 1.63089 -0.474307</i>
                        <i>-0.307721 0.925183 -0.222137 0.0741959 -0.209422 -0.975006 -0.948579 -0.316512 -0.00420124 1.50121 1.62373 -0.476137</i>
                        <i>-0.307285 0.925334 -0.222111 0.0731192 -0.209755 -0.975016 -0.948804 -0.315848 -0.00320507 1.50121 1.62123 -0.476078</i>
                        <i>-0.306141 0.925744 -0.221982 0.0700269 -0.210647 -0.975051 -0.949407 -0.314048 -0.000339165 1.50124 1.62264 -0.475912</i>
                        <i>-0.304541 0.926346 -0.22167 0.0651246 -0.211929 -0.975113 -0.95027 -0.311398 0.00421307 1.50127 1.62692 -0.475648</i>
                        <i>-0.302729 0.927077 -0.221097 0.0586182 -0.213432 -0.975198 -0.951272 -0.308181 0.0102686 1.50132 1.63304 -0.475299</i>
                        <i>-0.300945 0.927873 -0.22019 0.0507158 -0.214995 -0.975297 -0.952292 -0.304678 0.0176437 1.50137 1.63996 -0.474876</i>
                        <i>-0.299415 0.928678 -0.218878 0.0416289 -0.216468 -0.975402 -0.953214 -0.301162 0.026154 1.50143 1.64666 -0.474391</i>
                        <i>-0.298359 0.929437 -0.217094 0.0315722 -0.217719 -0.975501 -0.953931 -0.297903 0.0356139 1.5015 1.6521 -0.473856</i>
                        <i>-0.297991 0.930094 -0.214773 0.0207633 -0.218626 -0.975588 -0.954343 -0.295176 0.0458367 1.50157 1.65525 -0.473282</i>
                        <i>-0.298577 0.930582 -0.211821 0.00941837 -0.219061 -0.975666 -0.954339 -0.293307 0.0566421 1.50164 1.65622 -0.472682</i>
                        <i>-0.300018 0.930903 -0.208348 -0.00221536 -0.219088 -0.975702 -0.953931 -0.292267 0.0677928 1.50171 1.656 -0.472067</i>
                        <i>-0.301986 0.9311 -0.204588 -0.0138743 -0.218878 -0.975654 -0.953211 -0.291795 0.0790164 1.50178 1.65492 -0.47145</i>
                        <i>-0.304145 0.931226 -0.200781 -0.0252985 -0.218588 -0.975489 -0.95229 -0.291611 0.0900409 1.50186 1.6533 -0.470844</i>
                        <i>-0.306141 0.931343 -0.197174 -0.0362314 -0.218367 -0.975194 -0.951297 -0.291403 0.100595 1.50193 1.65146 -0.470261</i>
                        <i>-0.307604 0.931524 -0.194019 -0.046421 -0.218354 -0.974765 -0.950381 -0.290835 0.110409 1.50202 1.64972 -0.469715</i>
                        <i>-0.308157 0.931847 -0.191573 -0.0556194 -0.218675 -0.974211 -0.949708 -0.289555 0.119215 1.5021 1.64839 -0.469218</i>
                    </KeyFrames>
                </p>
            </i>
            <i>
                <p>
                    <Name><![CDATA[spine1]]></Name>
                    <Exclude>0</Exclude>
                    <Additive>0</Additive>
                    <IKPriority>0</IKPriority>
                    <IKRotLimits>-1e+010 -1e+010 -1e+010 1e+010 1e+010 1e+010</IKRotLimits>
                    <IKRotLimitOrder>0</IKRotLimitOrder>
                    <KeyFrames count="120">
                        <i>-0.738242 0.637972 -0.219066 -0.116306 -0.440292 -0.89029 -0.664433 -0.631771 0.399242 1.44886 1.80944 -0.502327</i>
                        <i>-0.74108 0.63685 -0.212655 -0.120318 -0.437564 -0.891101 -0.660549 -0.634791 0.400894 1.44995 1.81048 -0.503634</i>
                        <i>-0.743882 0.635957 -0.205422 -0.125751 -0.435079 -0.891568 -0.656373 -0.63739 0.403619 1.45125 1.8131 -0.504974</i>
                        <i>-0.746723 0.635082 -0.197674 -0.131803 -0.432585 -0.891907 -0.651945 -0.639953 0.406727 1.45266 1.81665 -0.506386</i>
                        <i>-0.749684 0.634023 -0.189705 -0.137663 -0.429783 -0.892376 -0.64732 -0.642885 0.409483 1.45407 1.82044 -0.507908</i>
                        <i>-0.752855 0.632582 -0.181792 -0.142512 -0.426318 -0.893277 -0.642572 -0.646601 0.411106 1.45538 1.8238 -0.509574</i>
                        <i>-0.756145 0.63082 -0.174102 -0.146279 -0.422244 -0.894602 -0.637846 -0.650981 0.411553 1.45656 1.82615 -0.511337</i>
                        <i>-0.759331 0.628979 -0.166737 -0.149453 -0.417971 -0.896083 -0.633308 -0.655504 0.411381 1.45765 1.82695 -0.51309</i>
                        <i>-0.762326 0.62714 -0.159856 -0.152069 -0.413655 -0.897644 -0.629074 -0.659988 0.410708 1.45864 1.82499 -0.514779</i>
                        <i>-0.765049 0.625382 -0.153614 -0.154165 -0.409469 -0.899204 -0.625247 -0.664253 0.409675 1.45951 1.8204 -0.516352</i>
                        <i>-0.767428 0.62378 -0.148165 -0.155786 -0.405597 -0.900678 -0.62192 -0.668124 0.408443 1.46024 1.81464 -0.517755</i>
                        <i>-0.7694 0.622404 -0.143658 -0.156977 -0.402238 -0.901977 -0.619179 -0.67143 0.407185 1.46084 1.80914 -0.518938</i>
                        <i>-0.770901 0.621323 -0.140244 -0.157782 -0.399594 -0.903012 -0.617103 -0.674005 0.406081 1.46128 1.80538 -0.519849</i>
                        <i>-0.771871 0.620605 -0.138075 -0.158242 -0.39787 -0.903692 -0.615772 -0.675684 0.40531 1.46156 1.80479 -0.520435</i>
                        <i>-0.772241 0.620315 -0.137304 -0.158392 -0.397266 -0.903931 -0.615269 -0.676305 0.405038 1.46167 1.80883 -0.520644</i>
                        <i>-0.761462 0.633736 -0.136216 -0.158437 -0.38573 -0.908906 -0.628549 -0.670515 0.394126 1.46305 1.81799 -0.51753</i>
                        <i>-0.730941 0.669535 -0.132092 -0.158068 -0.354394 -0.92164 -0.663882 -0.652785 0.364873 1.46672 1.83105 -0.509009</i>
                        <i>-0.682891 0.720125 -0.122799 -0.156311 -0.308245 -0.938377 -0.713601 -0.621615 0.323061 1.47201 1.84686 -0.496294</i>
                        <i>-0.620022 0.777338 -0.106389 -0.15239 -0.252331 -0.955566 -0.769643 -0.576259 0.274909 1.47826 1.86432 -0.480625</i>
                        <i>-0.546702 0.83327 -0.082322 -0.1461 -0.191736 -0.970511 -0.824482 -0.518554 0.226563 1.48489 1.88239 -0.463304</i>
                        <i>-0.469297 0.881498 -0.0521664 -0.137887 -0.131504 -0.981679 -0.872208 -0.453506 0.183262 1.49138 1.90012 -0.445709</i>
                        <i>-0.395705 0.918168 -0.019618 -0.128747 -0.0766119 -0.988714 -0.909308 -0.388713 0.148527 1.49731 1.91662 -0.429281</i>
                        <i>-0.334451 0.942359 0.0100989 -0.120044 -0.0319709 -0.992254 -0.934736 -0.333073 0.123817 1.5023 1.93103 -0.415511</i>
                        <i>-0.293867 0.955339 0.0311455 -0.113321 -0.00246654 -0.993555 -0.949105 -0.295502 0.108985 1.50596 1.94254 -0.405922</i>
                        <i>-0.281705 0.958749 0.037976 -0.110114 0.00701357 -0.993894 -0.953162 -0.284167 0.103596 1.5079 1.9503 -0.402047</i>
                        <i>-0.28965 0.956451 0.0361115 -0.108717 0.00460784 -0.994062 -0.950938 -0.291856 0.102648 1.5096 1.94945 -0.401509</i>
                        <i>-0.303331 0.952268 0.0343065 -0.106696 0.00183412 -0.99429 -0.946893 -0.305259 0.101046 1.51258 1.93901 -0.400936</i>
                        <i>-0.320913 0.946548 0.0325799 -0.104351 -0.00114676 -0.99454 -0.941343 -0.32256 0.0991411 1.51644 1.92405 -0.400343</i>
                        <i>-0.340585 0.939704 0.030951 -0.101937 -0.00418077 -0.994782 -0.934672 -0.341962 0.0972146 1.52079 1.90964 -0.399742</i>
