<?xml version="1.0" encoding="ISO-8859-1" ?>
<Animl Version="1">
    <ModellingPackage><![CDATA[Maya.2010]]></ModellingPackage>
    <SrcFile><![CDATA[anims\turrets\antitank\red\~src\at_at4spigot\at_at4spigot_idle_crewman_b.mb]]></SrcFile>
    <FramesPerSecond>30</FramesPerSecond>
    <TotalFrames>120</TotalFrames>
    <Skeleton>
        <RefFrame>
            <Name><![CDATA[soldier_ref_frame]]></Name>
            <Exclude>0</Exclude>
            <Additive>0</Additive>
            <IKPriority>0</IKPriority>
            <IKRotLimits>-1e+010 -1e+010 -1e+010 1e+010 1e+010 1e+010</IKRotLimits>
            <IKRotLimitOrder>0</IKRotLimitOrder>
            <KeyFrames count="120">
                <i>1 0 0 0 1 0 0 0 1 0.76 0.92 -2.22</i>
                <i>1 0 0 0 1 0 0 0 1 0.76 0.92 -2.22</i>
                <i>1 0 0 0 1 0 0 0 1 0.76 0.92 -2.22</i>
                <i>1 0 0 0 1 0 0 0 1 0.76 0.92 -2.22</i>
                <i>1 0 0 0 1 0 0 0 1 0.76 0.92 -2.22</i>
                <i>1 0 0 0 1 0 0 0 1 0.76 0.92 -2.22</i>
                <i>1 0 0 0 1 0 0 0 1 0.76 0.92 -2.22</i>
                <i>1 0 0 0 1 0 0 0 1 0.76 0.92 -2.22</i>
                <i>1 0 0 0 1 0 0 0 1 0.76 0.92 -2.22</i>
                <i>1 0 0 0 1 0 0 0 1 0.76 0.92 -2.22</i>
                <i>1 0 0 0 1 0 0 0 1 0.76 0.92 -2.22</i>
                <i>1 0 0 0 1 0 0 0 1 0.76 0.92 -2.22</i>
                <i>1 0 0 0 1 0 0 0 1 0.76 0.92 -2.22</i>
                <i>1 0 0 0 1 0 0 0 1 0.76 0.92 -2.22</i>
                <i>1 0 0 0 1 0 0 0 1 0.76 0.92 -2.22</i>
                <i>1 0 0 0 1 0 0 0 1 0.76 0.92 -2.22</i>
                <i>1 0 0 0 1 0 0 0 1 0.76 0.92 -2.22</i>
                <i>1 0 0 0 1 0 0 0 1 0.76 0.92 -2.22</i>
                <i>1 0 0 0 1 0 0 0 1 0.76 0.92 -2.22</i>
                <i>1 0 0 0 1 0 0 0 1 0.76 0.92 -2.22</i>
                <i>1 0 0 0 1 0 0 0 1 0.76 0.92 -2.22</i>
                <i>1 0 0 0 1 0 0 0 1 0.76 0.92 -2.22</i>
                <i>1 0 0 0 1 0 0 0 1 0.76 0.92 -2.22</i>
                <i>1 0 0 0 1 0 0 0 1 0.76 0.92 -2.22</i>
                <i>1 0 0 0 1 0 0 0 1 0.76 0.92 -2.22</i>
                <i>1 0 0 0 1 0 0 0 1 0.76 0.92 -2.22</i>
                <i>1 0 0 0 1 0 0 0 1 0.76 0.92 -2.22</i>
                <i>1 0 0 0 1 0 0 0 1 0.76 0.92 -2.22</i>
                <i>1 0 0 0 1 0 0 0 1 0.76 0.92 -2.22</i>
                <i>1 0 0 0 1 0 0 0 1 0.76 0.92 -2.22</i>
                <i>1 0 0 0 1 0 0 0 1 0.76 0.92 -2.22</i>
                <i>1 0 0 0 1 0 0 0 1 0.76 0.92 -2.22</i>
                <i>1 0 0 0 1 0 0 0 1 0.76 0.92 -2.22</i>
                <i>1 0 0 0 1 0 0 0 1 0.76 0.92 -2.22</i>
                <i>1 0 0 0 1 0 0 0 1 0.76 0.92 -2.22</i>
                <i>1 0 0 0 1 0 0 0 1 0.76 0.92 -2.22</i>
                <i>1 0 0 0 1 0 0 0 1 0.76 0.92 -2.22</i>
                <i>1 0 0 0 1 0 0 0 1 0.76 0.92 -2.22</i>
                <i>1 0 0 0 1 0 0 0 1 0.76 0.92 -2.22</i>
                <i>1 0 0 0 1 0 0 0 1 0.76 0.92 -2.22</i>
                <i>1 0 0 0 1 0 0 0 1 0.76 0.92 -2.22</i>
                <i>1 0 0 0 1 0 0 0 1 0.76 0.92 -2.22</i>
                <i>1 0 0 0 1 0 0 0 1 0.76 0.92 -2.22</i>
                <i>1 0 0 0 1 0 0 0 1 0.76 0.92 -2.22</i>
                <i>1 0 0 0 1 0 0 0 1 0.76 0.92 -2.22</i>
                <i>1 0 0 0 1 0 0 0 1 0.76 0.92 -2.22</i>
                <i>1 0 0 0 1 0 0 0 1 0.76 0.92 -2.22</i>
                <i>1 0 0 0 1 0 0 0 1 0.76 0.92 -2.22</i>
                <i>1 0 0 0 1 0 0 0 1 0.76 0.92 -2.22</i>
                <i>1 0 0 0 1 0 0 0 1 0.76 0.92 -2.22</i>
                <i>1 0 0 0 1 0 0 0 1 0.76 0.92 -2.22</i>
                <i>1 0 0 0 1 0 0 0 1 0.76 0.92 -2.22</i>
                <i>1 0 0 0 1 0 0 0 1 0.76 0.92 -2.22</i>
                <i>1 0 0 0 1 0 0 0 1 0.76 0.92 -2.22</i>
                <i>1 0 0 0 1 0 0 0 1 0.76 0.92 -2.22</i>
                <i>1 0 0 0 1 0 0 0 1 0.76 0.92 -2.22</i>
                <i>1 0 0 0 1 0 0 0 1 0.76 0.92 -2.22</i>
                <i>1 0 0 0 1 0 0 0 1 0.76 0.92 -2.22</i>
                <i>1 0 0 0 1 0 0 0 1 0.76 0.92 -2.22</i>
                <i>1 0 0 0 1 0 0 0 1 0.76 0.92 -2.22</i>
                <i>1 0 0 0 1 0 0 0 1 0.76 0.92 -2.22</i>
                <i>1 0 0 0 1 0 0 0 1 0.76 0.92 -2.22</i>
                <i>1 0 0 0 1 0 0 0 1 0.76 0.92 -2.22</i>
                <i>1 0 0 0 1 0 0 0 1 0.76 0.92 -2.22</i>
                <i>1 0 0 0 1 0 0 0 1 0.76 0.92 -2.22</i>
                <i>1 0 0 0 1 0 0 0 1 0.76 0.92 -2.22</i>
                <i>1 0 0 0 1 0 0 0 1 0.76 0.92 -2.22</i>
                <i>1 0 0 0 1 0 0 0 1 0.76 0.92 -2.22</i>
                <i>1 0 0 0 1 0 0 0 1 0.76 0.92 -2.22</i>
                <i>1 0 0 0 1 0 0 0 1 0.76 0.92 -2.22</i>
                <i>1 0 0 0 1 0 0 0 1 0.76 0.92 -2.22</i>
                <i>1 0 0 0 1 0 0 0 1 0.76 0.92 -2.22</i>
                <i>1 0 0 0 1 0 0 0 1 0.76 0.92 -2.22</i>
                <i>1 0 0 0 1 0 0 0 1 0.76 0.92 -2.22</i>
                <i>1 0 0 0 1 0 0 0 1 0.76 0.92 -2.22</i>
                <i>1 0 0 0 1 0 0 0 1 0.76 0.92 -2.22</i>
                <i>1 0 0 0 1 0 0 0 1 0.76 0.92 -2.22</i>
                <i>1 0 0 0 1 0 0 0 1 0.76 0.92 -2.22</i>
                <i>1 0 0 0 1 0 0 0 1 0.76 0.92 -2.22</i>
                <i>1 0 0 0 1 0 0 0 1 0.76 0.92 -2.22</i>
                <i>1 0 0 0 1 0 0 0 1 0.76 0.92 -2.22</i>
                <i>1 0 0 0 1 0 0 0 1 0.76 0.92 -2.22</i>
                <i>1 0 0 0 1 0 0 0 1 0.76 0.92 -2.22</i>
                <i>1 0 0 0 1 0 0 0 1 0.76 0.92 -2.22</i>
                <i>1 0 0 0 1 0 0 0 1 0.76 0.92 -2.22</i>
                <i>1 0 0 0 1 0 0 0 1 0.76 0.92 -2.22</i>
                <i>1 0 0 0 1 0 0 0 1 0.76 0.92 -2.22</i>
                <i>1 0 0 0 1 0 0 0 1 0.76 0.92 -2.22</i>
                <i>1 0 0 0 1 0 0 0 1 0.76 0.92 -2.22</i>
                <i>1 0 0 0 1 0 0 0 1 0.76 0.92 -2.22</i>
                <i>1 0 0 0 1 0 0 0 1 0.76 0.92 -2.22</i>
                <i>1 0 0 0 1 0 0 0 1 0.76 0.92 -2.22</i>
                <i>1 0 0 0 1 0 0 0 1 0.76 0.92 -2.22</i>
                <i>1 0 0 0 1 0 0 0 1 0.76 0.92 -2.22</i>
                <i>1 0 0 0 1 0 0 0 1 0.76 0.92 -2.22</i>
                <i>1 0 0 0 1 0 0 0 1 0.76 0.92 -2.22</i>
                <i>1 0 0 0 1 0 0 0 1 0.76 0.92 -2.22</i>
                <i>1 0 0 0 1 0 0 0 1 0.76 0.92 -2.22</i>
                <i>1 0 0 0 1 0 0 0 1 0.76 0.92 -2.22</i>
                <i>1 0 0 0 1 0 0 0 1 0.76 0.92 -2.22</i>
                <i>1 0 0 0 1 0 0 0 1 0.76 0.92 -2.22</i>
                <i>1 0 0 0 1 0 0 0 1 0.76 0.92 -2.22</i>
                <i>1 0 0 0 1 0 0 0 1 0.76 0.92 -2.22</i>
                <i>1 0 0 0 1 0 0 0 1 0.76 0.92 -2.22</i>
                <i>1 0 0 0 1 0 0 0 1 0.76 0.92 -2.22</i>
                <i>1 0 0 0 1 0 0 0 1 0.76 0.92 -2.22</i>
                <i>1 0 0 0 1 0 0 0 1 0.76 0.92 -2.22</i>
                <i>1 0 0 0 1 0 0 0 1 0.76 0.92 -2.22</i>
                <i>1 0 0 0 1 0 0 0 1 0.76 0.92 -2.22</i>
                <i>1 0 0 0 1 0 0 0 1 0.76 0.92 -2.22</i>
                <i>1 0 0 0 1 0 0 0 1 0.76 0.92 -2.22</i>
                <i>1 0 0 0 1 0 0 0 1 0.76 0.92 -2.22</i>
                <i>1 0 0 0 1 0 0 0 1 0.76 0.92 -2.22</i>
                <i>1 0 0 0 1 0 0 0 1 0.76 0.92 -2.22</i>
                <i>1 0 0 0 1 0 0 0 1 0.76 0.92 -2.22</i>
                <i>1 0 0 0 1 0 0 0 1 0.76 0.92 -2.22</i>
                <i>1 0 0 0 1 0 0 0 1 0.76 0.92 -2.22</i>
                <i>1 0 0 0 1 0 0 0 1 0.76 0.92 -2.22</i>
                <i>1 0 0 0 1 0 0 0 1 0.76 0.92 -2.22</i>
                <i>1 0 0 0 1 0 0 0 1 0.76 0.92 -2.22</i>
            </KeyFrames>
        </RefFrame>
        <Bones count="23">
            <i>
                <p>
                    <Name><![CDATA[pelvis]]></Name>
                    <Exclude>0</Exclude>
                    <Additive>0</Additive>
                    <IKPriority>0</IKPriority>
                    <IKRotLimits>-1e+010 -1e+010 -1e+010 1e+010 1e+010 1e+010</IKRotLimits>
                    <IKRotLimitOrder>2</IKRotLimitOrder>
                    <KeyFrames count="120">
                        <i>1 0 0 0 1 0 0 0 1 0.676774 1.51182 -2.21572</i>
                        <i>1 0 0 0 1 0 0 0 1 0.676774 1.51733 -2.21572</i>
                        <i>1 0 0 0 1 0 0 0 1 0.676774 1.52341 -2.21572</i>
                        <i>1 0 0 0 1 0 0 0 1 0.676774 1.52834 -2.21572</i>
                        <i>1 0 0 0 1 0 0 0 1 0.676774 1.53037 -2.21572</i>
                        <i>1 0 0 0 1 0 0 0 1 0.676774 1.52844 -2.21572</i>
                        <i>1 0 0 0 1 0 0 0 1 0.676774 1.52384 -2.21572</i>
                        <i>1 0 0 0 1 0 0 0 1 0.676774 1.51835 -2.21572</i>
                        <i>1 0 0 0 1 0 0 0 1 0.676774 1.51375 -2.21572</i>
                        <i>1 0 0 0 1 0 0 0 1 0.676774 1.51182 -2.21572</i>
                        <i>1 0 0 0 1 0 0 0 1 0.676774 1.51182 -2.21572</i>
                        <i>1 0 0 0 1 0 0 0 1 0.676774 1.51182 -2.21572</i>
                        <i>1 0 0 0 1 0 0 0 1 0.676774 1.51182 -2.21572</i>
                        <i>1 0 0 0 1 0 0 0 1 0.676774 1.51182 -2.21572</i>
                        <i>1 0 0 0 1 0 0 0 1 0.676774 1.51182 -2.21572</i>
                        <i>1 0 0 0 1 0 0 0 1 0.676774 1.51182 -2.21572</i>
                        <i>1 0 0 0 1 0 0 0 1 0.676774 1.51182 -2.21572</i>
                        <i>1 0 0 0 1 0 0 0 1 0.676774 1.51182 -2.21572</i>
                        <i>1 0 0 0 1 0 0 0 1 0.676774 1.51182 -2.21572</i>
                        <i>1 0 0 0 1 0 0 0 1 0.676774 1.51182 -2.21572</i>
                        <i>1 0 0 0 1 0 0 0 1 0.676774 1.51108 -2.21572</i>
                        <i>1 0 0 0 1 0 0 0 1 0.676774 1.50932 -2.21572</i>
                        <i>1 0 0 0 1 0 0 0 1 0.676774 1.50722 -2.21572</i>
                        <i>1 0 0 0 1 0 0 0 1 0.676774 1.50546 -2.21572</i>
                        <i>1 0 0 0 1 0 0 0 1 0.676774 1.50472 -2.21572</i>
                        <i>1 0 0 0 1 0 0 0 1 0.676774 1.50546 -2.21572</i>
                        <i>1 0 0 0 1 0 0 0 1 0.676774 1.50722 -2.21572</i>
                        <i>1 0 0 0 1 0 0 0 1 0.676774 1.50932 -2.21572</i>
                        <i>1 0 0 0 1 0 0 0 1 0.676774 1.51108 -2.21572</i>
                        <i>1 0 0 0 1 0 0 0 1 0.676774 1.51182 -2.21572</i>
                        <i>1 0 0 0 1 0 0 0 1 0.676774 1.51182 -2.21572</i>
                        <i>1 0 0 0 1 0 0 0 1 0.676774 1.51182 -2.21572</i>
                        <i>1 0 0 0 1 0 0 0 1 0.676774 1.51182 -2.21572</i>
                        <i>1 0 0 0 1 0 0 0 1 0.676774 1.51182 -2.21572</i>
                        <i>1 0 0 0 1 0 0 0 1 0.676774 1.51182 -2.21572</i>
                        <i>1 0 0 0 1 0 0 0 1 0.676774 1.51182 -2.21572</i>
                        <i>1 0 0 0 1 0 0 0 1 0.676774 1.51182 -2.21572</i>
                        <i>1 0 0 0 1 0 0 0 1 0.676774 1.51182 -2.21572</i>
                        <i>1 0 0 0 1 0 0 0 1 0.676774 1.51182 -2.21572</i>
                        <i>1 0 0 0 1 0 0 0 1 0.676774 1.51182 -2.21572</i>
                        <i>1 0 0 0 1 0 0 0 1 0.676774 1.51182 -2.21572</i>
                        <i>1 0 0 0 1 0 0 0 1 0.676774 1.51182 -2.21572</i>
                        <i>1 0 0 0 1 0 0 0 1 0.676774 1.51182 -2.21572</i>
                        <i>1 0 0 0 1 0 0 0 1 0.676774 1.51182 -2.21572</i>
                        <i>1 0 0 0 1 0 0 0 1 0.676774 1.51182 -2.21572</i>
                        <i>1 0 0 0 1 0 0 0 1 0.676774 1.51182 -2.21572</i>
                        <i>1 0 0 0 1 0 0 0 1 0.676774 1.51182 -2.21572</i>
                        <i>1 0 0 0 1 0 0 0 1 0.676774 1.51182 -2.21572</i>
                        <i>1 0 0 0 1 0 0 0 1 0.676774 1.51182 -2.21572</i>
                        <i>1 0 0 0 1 0 0 0 1 0.676774 1.51182 -2.21572</i>
                        <i>1 0 0 0 1 0 0 0 1 0.676774 1.51182 -2.21572</i>
                        <i>1 0 0 0 1 0 0 0 1 0.676774 1.51182 -2.21572</i>
                        <i>1 0 0 0 1 0 0 0 1 0.676774 1.51182 -2.21572</i>
                        <i>1 0 0 0 1 0 0 0 1 0.676774 1.51182 -2.21572</i>
                        <i>1 0 0 0 1 0 0 0 1 0.676774 1.51182 -2.21572</i>
                        <i>1 0 0 0 1 0 0 0 1 0.676774 1.51182 -2.21572</i>
                        <i>1 0 0 0 1 0 0 0 1 0.676774 1.51182 -2.21572</i>
                        <i>1 0 0 0 1 0 0 0 1 0.676774 1.51182 -2.21572</i>
                        <i>1 0 0 0 1 0 0 0 1 0.676774 1.51182 -2.21572</i>
                        <i>1 0 0 0 1 0 0 0 1 0.676774 1.51182 -2.21572</i>
                        <i>1 0 0 0 1 0 0 0 1 0.676774 1.51182 -2.21572</i>
                        <i>1 0 0 0 1 0 0 0 1 0.676774 1.51182 -2.21572</i>
                        <i>1 0 0 0 1 0 0 0 1 0.676774 1.51182 -2.21572</i>
                        <i>1 0 0 0 1 0 0 0 1 0.676774 1.51182 -2.21572</i>
                        <i>1 0 0 0 1 0 0 0 1 0.676774 1.51182 -2.21572</i>
                        <i>1 0 0 0 1 0 0 0 1 0.676774 1.51182 -2.21572</i>
                        <i>1 0 0 0 1 0 0 0 1 0.676774 1.51182 -2.21572</i>
                        <i>1 0 0 0 1 0 0 0 1 0.676774 1.51182 -2.21572</i>
                        <i>1 0 0 0 1 0 0 0 1 0.676774 1.51182 -2.21572</i>
                        <i>1 0 0 0 1 0 0 0 1 0.676774 1.51182 -2.21572</i>
                        <i>1 0 0 0 1 0 0 0 1 0.676774 1.51182 -2.21572</i>
                        <i>1 0 0 0 1 0 0 0 1 0.676774 1.51182 -2.21572</i>
                        <i>1 0 0 0 1 0 0 0 1 0.676774 1.51182 -2.21572</i>
                        <i>1 0 0 0 1 0 0 0 1 0.676774 1.51182 -2.21572</i>
                        <i>1 0 0 0 1 0 0 0 1 0.676774 1.51182 -2.21572</i>
                        <i>1 0 0 0 1 0 0 0 1 0.676774 1.51182 -2.21572</i>
                        <i>1 0 0 0 1 0 0 0 1 0.676774 1.51182 -2.21572</i>
                        <i>1 0 0 0 1 0 0 0 1 0.676774 1.51182 -2.21572</i>
                        <i>1 0 0 0 1 0 0 0 1 0.676774 1.51182 -2.21572</i>
                        <i>1 0 0 0 1 0 0 0 1 0.676774 1.51182 -2.21572</i>
                        <i>1 0 0 0 1 0 0 0 1 0.676774 1.51182 -2.21572</i>
                        <i>1 0 0 0 1 0 0 0 1 0.676774 1.51182 -2.21572</i>
                        <i>1 0 0 0 1 0 0 0 1 0.676774 1.51182 -2.21572</i>
                        <i>1 0 0 0 1 0 0 0 1 0.676774 1.51182 -2.21572</i>
                        <i>1 0 0 0 1 0 0 0 1 0.676774 1.51182 -2.21572</i>
                        <i>1 0 0 0 1 0 0 0 1 0.676774 1.51182 -2.21572</i>
                        <i>1 0 0 0 1 0 0 0 1 0.676774 1.51182 -2.21572</i>
                        <i>1 0 0 0 1 0 0 0 1 0.676774 1.51182 -2.21572</i>
                        <i>1 0 0 0 1 0 0 0 1 0.676774 1.51182 -2.21572</i>
                        <i>1 0 0 0 1 0 0 0 1 0.676774 1.51182 -2.21572</i>
                        <i>1 0 0 0 1 0 0 0 1 0.676774 1.51182 -2.21572</i>
                        <i>1 0 0 0 1 0 0 0 1 0.676774 1.51182 -2.21572</i>
                        <i>1 0 0 0 1 0 0 0 1 0.676774 1.51182 -2.21572</i>
                        <i>1 0 0 0 1 0 0 0 1 0.676774 1.51182 -2.21572</i>
                        <i>1 0 0 0 1 0 0 0 1 0.676774 1.51182 -2.21572</i>
                        <i>1 0 0 0 1 0 0 0 1 0.676774 1.51182 -2.21572</i>
                        <i>1 0 0 0 1 0 0 0 1 0.676774 1.51182 -2.21572</i>
                        <i>1 0 0 0 1 0 0 0 1 0.676774 1.51182 -2.21572</i>
                        <i>1 0 0 0 1 0 0 0 1 0.676774 1.51182 -2.21572</i>
                        <i>1 0 0 0 1 0 0 0 1 0.676774 1.51182 -2.21572</i>
                        <i>1 0 0 0 1 0 0 0 1 0.676774 1.51182 -2.21572</i>
                        <i>1 0 0 0 1 0 0 0 1 0.676774 1.51182 -2.21572</i>
                        <i>1 0 0 0 1 0 0 0 1 0.676774 1.51182 -2.21572</i>
                        <i>1 0 0 0 1 0 0 0 1 0.676774 1.51182 -2.21572</i>
                        <i>1 0 0 0 1 0 0 0 1 0.676774 1.51182 -2.21572</i>
                        <i>1 0 0 0 1 0 0 0 1 0.676774 1.51182 -2.21572</i>
                        <i>1 0 0 0 1 0 0 0 1 0.676774 1.51182 -2.21572</i>
                        <i>1 0 0 0 1 0 0 0 1 0.676774 1.51182 -2.21572</i>
                        <i>1 0 0 0 1 0 0 0 1 0.676774 1.51182 -2.21572</i>
                        <i>1 0 0 0 1 0 0 0 1 0.676774 1.51182 -2.21572</i>
                        <i>1 0 0 0 1 0 0 0 1 0.676774 1.51182 -2.21572</i>
                        <i>1 0 0 0 1 0 0 0 1 0.676774 1.51182 -2.21572</i>
                        <i>1 0 0 0 1 0 0 0 1 0.676774 1.51182 -2.21572</i>
                        <i>1 0 0 0 1 0 0 0 1 0.676774 1.51182 -2.21572</i>
                        <i>1 0 0 0 1 0 0 0 1 0.676774 1.51182 -2.21572</i>
                        <i>1 0 0 0 1 0 0 0 1 0.676774 1.51182 -2.21572</i>
                        <i>1 0 0 0 1 0 0 0 1 0.676774 1.51182 -2.21572</i>
                        <i>1 0 0 0 1 0 0 0 1 0.676774 1.51182 -2.21572</i>
                        <i>1 0 0 0 1 0 0 0 1 0.676774 1.51182 -2.21572</i>
                        <i>1 0 0 0 1 0 0 0 1 0.676774 1.51182 -2.21572</i>
                    </KeyFrames>
                </p>
            </i>
            <i>
                <p>
                    <Name><![CDATA[spine0]]></Name>
                    <Exclude>0</Exclude>
                    <Additive>0</Additive>
                    <IKPriority>0</IKPriority>
                    <IKRotLimits>-1e+010 -1e+010 -1e+010 1e+010 1e+010 1e+010</IKRotLimits>
                    <IKRotLimitOrder>0</IKRotLimitOrder>
                    <KeyFrames count="120">
                        <i>-0.0665841 0.993683 -0.0903384 -0.876307 -0.101533 -0.470932 -0.47713 0.0478076 0.877532 0.68929 1.64736 -2.26229</i>
                        <i>-0.0631582 0.991961 -0.10966 -0.875915 -0.107758 -0.470277 -0.478313 0.0663511 0.875679 0.690385 1.65209 -2.2642</i>
                        <i>-0.0586362 0.989205 -0.134297 -0.875476 -0.115599 -0.469232 -0.479692 0.0900597 0.872803 0.691624 1.65725 -2.26634</i>
                        <i>-0.0537676 0.986167 -0.156789 -0.875254 -0.122126 -0.467992 -0.480666 0.112068 0.869713 0.692931 1.66115 -2.2686</i>
                        <i>-0.0496637 0.984179 -0.170074 -0.87542 -0.124869 -0.466955 -0.480804 0.125695 0.867772 0.694232 1.6621 -2.27084</i>
                        <i>-0.0475014 0.984357 -0.169662 -0.875956 -0.122681 -0.46653 -0.480047 0.126455 0.868081 0.695454 1.65911 -2.27293</i>
                        <i>-0.0472296 0.986097 -0.15932 -0.876587 -0.117389 -0.466706 -0.47892 0.117616 0.869944 0.696526 1.65353 -2.27476</i>
                        <i>-0.048189 0.988328 -0.144519 -0.877109 -0.111093 -0.467268 -0.477869 0.104242 0.872224 0.697377 1.64724 -2.2762</i>
                        <i>-0.0495169 0.990165 -0.13085 -0.877435 -0.105713 -0.467903 -0.477133 0.0916432 0.87404 0.697939 1.6421 -2.27716</i>
                        <i>-0.0502252 0.991002 -0.124065 -0.877557 -0.103097 -0.468257 -0.476835 0.0853558 0.874839 0.698142 1.63997 -2.2775</i>
                        <i>-0.0501674 0.990952 -0.124489 -0.877513 -0.103255 -0.468305 -0.476922 0.0857468 0.874753 0.697901 1.64021 -2.27709</i>
                        <i>-0.0500821 0.990613 -0.127191 -0.877359 -0.104487 -0.468321 -0.477214 0.0881378 0.874356 0.697246 1.64084 -2.27598</i>
                        <i>-0.0502992 0.990221 -0.130127 -0.877117 -0.106109 -0.468408 -0.477635 0.0905764 0.873877 0.696276 1.64174 -2.27433</i>
                        <i>-0.0511235 0.99001 -0.131403 -0.876825 -0.107481 -0.468643 -0.478084 0.0912587 0.87356 0.695091 1.64281 -2.27231</i>
                        <i>-0.0528224 0.990197 -0.129307 -0.876544 -0.108011 -0.469047 -0.478415 0.088567 0.873656 0.693793 1.64392 -2.27008</i>
                        <i>-0.0553544 0.990766 -0.123772 -0.876323 -0.107619 -0.46955 -0.478534 0.0824729 0.874187 0.692485 1.64499 -2.26783</i>
                        <i>-0.058318 0.99145 -0.11673 -0.876157 -0.106876 -0.470028 -0.478485 0.0748624 0.874899 0.691274 1.64592 -2.26574</i>
                        <i>-0.0614361 0.992082 -0.109541 -0.876036 -0.10619 -0.47041 -0.478317 0.0670617 0.875623 0.690265 1.64667 -2.26399</i>
                        <i>-0.0644488 0.992534 -0.10355 -0.875932 -0.10598 -0.47065 -0.47811 0.0603697 0.876223 0.689568 1.64716 -2.26277</i>
                        <i>-0.0671043 0.992713 -0.100091 -0.875817 -0.106662 -0.47071 -0.477956 0.0560744 0.876592 0.68929 1.64736 -2.26229</i>
                        <i>-0.0687368 0.992269 -0.103334 -0.874371 -0.109793 -0.472675 -0.480366 0.0578617 0.875158 0.689404 1.6464 -2.2629</i>
                        <i>-0.0689583 0.991023 -0.114534 -0.870662 -0.115832 -0.478048 -0.487024 0.0667547 0.870834 0.689793 1.64398 -2.26465</i>
                        <i>-0.0677653 0.989097 -0.130746 -0.865226 -0.123512 -0.48593 -0.496781 0.0801954 0.864163 0.690436 1.64084 -2.26724</i>
                        <i>-0.0650076 0.986648 -0.149329 -0.858594 -0.131562 -0.495488 -0.508518 0.0960021 0.855683 0.691311 1.63774 -2.27035</i>
                        <i>-0.0604705 0.983943 -0.167928 -0.851318 -0.138676 -0.50599 -0.521153 0.112363 0.846034 0.692375 1.63546 -2.27369</i>
                        <i>-0.0539303 0.981213 -0.185235 -0.843952 -0.143938 -0.516746 -0.533701 0.128461 0.83586 0.693551 1.63454 -2.27697</i>
                        <i>-0.0460936 0.978629 -0.200402 -0.837039 -0.147329 -0.526934 -0.545198 0.143456 0.825942 0.694728 1.6347 -2.27992</i>
                        <i>-0.0383974 0.976502 -0.21206 -0.831209 -0.149001 -0.535622 -0.554633 0.155699 0.817398 0.695766 1.63542 -2.2823</i>
                        <i>-0.0325155 0.9751 -0.219371 -0.827165 -0.149455 -0.541721 -0.561018 0.163841 0.811428 0.696505 1.63621 -2.2839</i>
                        <i>-0.0301851 0.974602 -0.221899 -0.825655 -0.149436 -0.544024 -0.563367 0.166791 0.809196 0.696784 1.63659 -2.28448</i>
                        <i>-0.0322816 0.975592 -0.217206 -0.826261 -0.148325 -0.543408 -0.562361 0.161927 0.810882 0.696486 1.63708 -2.28367</i>
                        <i>-0.0379234 0.978151 -0.20441 -0.827884 -0.14531 -0.54175 -0.559616 0.148682 0.815305 0.695688 1.63839 -2.28144</i>
                        <i>-0.0461026 0.981581 -0.185401 -0.830218 -0.140865 -0.539346 -0.555529 0.129058 0.821421 0.694541 1.64023 -2.27811</i>
                        <i>-0.0558118 0.985196 -0.162089 -0.832966 -0.135454 -0.536488 -0.550502 0.105073 0.828195 0.693196 1.64232 -2.27399</i>
                        <i>-0.0660941 0.98844 -0.136451 -0.835852 -0.129533 -0.533453 -0.544961 0.0787949 0.834751 0.691797 1.64443 -2.26943</i>
                        <i>-0.0760785 0.990955 -0.110545 -0.838631 -0.123563 -0.5305 -0.539361 0.0523467 0.840446 0.690472 1.64635 -2.26481</i>
                        <i>-0.0849976 0.992619 -0.0865051 -0.841092 -0.118024 -0.527859 -0.534172 0.0278921 0.844916 0.689332 1.64795 -2.26051</i>
                        <i>-0.0921841 0.993518 -0.0665184 -0.843048 -0.113422 -0.525742 -0.529879 0.00761316 0.848039 0.688469 1.64914 -2.25697</i>
                        <i>-0.0970411 0.993879 -0.0527925 -0.844327 -0.110291 -0.524355 -0.526968 -0.00630991 0.849862 0.687963 1.64987 -2.25462</i>
                        <i>-0.0989859 0.993953 -0.0475258 -0.844746 -0.109177 -0.523913 -0.525933 -0.0117127 0.850445 0.687892 1.65008 -2.25389</i>
                        <i>-0.0965744 0.994047 -0.050445 -0.845765 -0.108677 -0.52237 -0.524742 -0.00778301 0.851225 0.688518 1.64972 -2.25497</i>
                        <i>-0.0895561 0.994222 -0.0591802 -0.84861 -0.107275 -0.518029 -0.521384 0.00382826 0.853314 0.689897 1.64885 -2.25752</i>
                        <i>-0.079189 0.994205 -0.0726965 -0.852711 -0.105331 -0.511653 -0.516346 0.0214718 0.856111 0.691792 1.64749 -2.26116</i>
                        <i>-0.0667596 0.993702 -0.089999 -0.857518 -0.103256 -0.503985 -0.510104 0.0435299 0.85901 0.693968 1.64569 -2.26551</i>
                        <i>-0.0534778 0.992466 -0.110232 -0.862538 -0.101534 -0.495701 -0.503159 0.0685705 0.861469 0.696209 1.64355 -2.27017</i>
                        <i>-0.0404807 0.990387 -0.132265 -0.867366 -0.100545 -0.487408 -0.496021 0.0949916 0.863099 0.698325 1.64122 -2.27478</i>
                        <i>-0.029032 0.987747 -0.153342 -0.871675 -0.100099 -0.479752 -0.489223 0.119736 0.863901 0.700164 1.63891 -2.27894</i>
                        <i>-0.020179 0.985162 -0.170437 -0.875151 -0.0998326 -0.473439 -0.483429 0.139605 0.86418 0.701602 1.63689 -2.28233</i>
                        <i>-0.0147274 0.983434 -0.180669 -0.877473 -0.0993432 -0.469226 -0.479401 0.151622 0.864399 0.702538 1.63546 -2.28461</i>
                        <i>-0.0134279 0.983358 -0.181181 -0.878312 -0.0982016 -0.467894 -0.4779 0.15285 0.865014 0.702875 1.63492 -2.28544</i>
                        <i>-0.0190987 0.986465 -0.162855 -0.878133 -0.0944289 -0.469005 -0.478036 0.134051 0.868051 0.701504 1.63647 -2.28316</i>
                        <i>-0.0312496 0.991539 -0.125993 -0.877941 -0.0874814 -0.470709 -0.477749 0.0959047 0.873246 0.69819 1.63992 -2.27758</i>
                        <i>-0.0457498 0.995588 -0.0819205 -0.878105 -0.0791784 -0.471872 -0.476277 0.0503467 0.877853 0.694162 1.64361 -2.27072</i>
                        <i>-0.0583543 0.997396 -0.0423884 -0.878609 -0.071471 -0.472163 -0.473963 0.00969009 0.880491 0.690737 1.64632 -2.26481</i>
                        <i>-0.064794 0.997709 -0.0194472 -0.879038 -0.0662897 -0.47212 -0.472328 -0.0134957 0.88132 0.68929 1.64736 -2.26229</i>
                        <i>-0.0654546 0.997747 -0.0147292 -0.879139 -0.0646439 -0.472161 -0.472049 -0.0179561 0.881389 0.68929 1.64736 -2.26229</i>
                        <i>-0.064223 0.997759 -0.0187817 -0.879089 -0.065472 -0.472141 -0.472312 -0.0138115 0.881323 0.68929 1.64736 -2.26229</i>
                        <i>-0.0621322 0.997702 -0.0270057 -0.878962 -0.0675161 -0.472089 -0.472827 -0.00559494 0.881137 0.68929 1.64736 -2.26229</i>
                        <i>-0.0601959 0.997576 -0.0348946 -0.878833 -0.0695421 -0.472035 -0.473318 0.00225193 0.880889 0.68929 1.64736 -2.26229</i>
                        <i>-0.0594098 0.997508 -0.038068 -0.87878 -0.0703521 -0.472013 -0.473515 0.00541121 0.880769 0.68929 1.64736 -2.26229</i>
                        <i>-0.0601562 0.99757 -0.0351374 -0.878827 -0.0696221 -0.472033 -0.473333 0.00248396 0.88088 0.68929 1.64736 -2.26229</i>
                        <i>-0.0617733 0.997669 -0.0290096 -0.878922 -0.0681474 -0.472072 -0.472949 -0.00366431 0.881082 0.68929 1.64736 -2.26229</i>
                        <i>-0.0636819 0.997732 -0.0218105 -0.87903 -0.0664261 -0.472117 -0.472495 -0.0108932 0.881266 0.68929 1.64736 -2.26229</i>
                        <i>-0.065282 0.997742 -0.0157745 -0.879118 -0.0649853 -0.472153 -0.472112 -0.0169555 0.881376 0.68929 1.64736 -2.26229</i>
                        <i>-0.0659539 0.997735 -0.0132385 -0.879155 -0.0643803 -0.472167 -0.47195 -0.0195026 0.881409 0.68929 1.64736 -2.26229</i>
                        <i>-0.0654639 0.997745 -0.0147812 -0.879137 -0.0646767 -0.47216 -0.472052 -0.0179147 0.881389 0.68929 1.64736 -2.26229</i>
                        <i>-0.0643041 0.99776 -0.0184221 -0.879095 -0.0653737 -0.472143 -0.47229 -0.0141659 0.881329 0.68929 1.64736 -2.26229</i>
                        <i>-0.0629352 0.997759 -0.0227008 -0.879045 -0.0661887 -0.472123 -0.472567 -0.00975808 0.881241 0.68929 1.64736 -2.26229</i>
                        <i>-0.0617957 0.997743 -0.026259 -0.879003 -0.0668665 -0.472105 -0.472796 -0.00609233 0.881151 0.68929 1.64736 -2.26229</i>
                        <i>-0.0613005 0.997731 -0.0278471 -0.878983 -0.0671811 -0.472097 -0.472897 -0.0044627 0.881106 0.68929 1.64736 -2.26229</i>
                        <i>-0.0617108 0.997737 -0.0267108 -0.878994 -0.0670053 -0.472102 -0.472823 -0.00565516 0.881139 0.68929 1.64736 -2.26229</i>
                        <i>-0.0627551 0.997748 -0.0236614 -0.879026 -0.0664839 -0.472115 -0.472625 -0.00882864 0.881219 0.68929 1.64736 -2.26229</i>
                        <i>-0.0640363 0.99775 -0.0198537 -0.879068 -0.0658139 -0.472132 -0.472376 -0.0127809 0.881304 0.68929 1.64736 -2.26229</i>
                        <i>-0.0651323 0.997739 -0.0165573 -0.879104 -0.065223 -0.472147 -0.472159 -0.0161964 0.881364 0.68929 1.64736 -2.26229</i>
                        <i>-0.0655977 0.997731 -0.0151482 -0.879119 -0.0649678 -0.472153 -0.472066 -0.0176551 0.881386 0.68929 1.64736 -2.26229</i>
                        <i>-0.0654098 0.997745 -0.0150351 -0.879133 -0.0647488 -0.472158 -0.472067 -0.017666 0.881386 0.68929 1.64736 -2.26229</i>
                        <i>-0.0650157 0.997779 -0.0144867 -0.879169 -0.0641425 -0.472173 -0.472054 -0.0179624 0.881387 0.68929 1.64736 -2.26229</i>
                        <i>-0.0646668 0.99782 -0.0132015 -0.879223 -0.0632281 -0.472195 -0.472 -0.0189283 0.881395 0.68929 1.64736 -2.26229</i>
                        <i>-0.0645921 0.997851 -0.0109743 -0.879289 -0.0621109 -0.472222 -0.471889 -0.0208522 0.881412 0.68929 1.64736 -2.26229</i>
                        <i>-0.0649927 0.997856 -0.0077238 -0.879357 -0.06093 -0.472249 -0.471707 -0.0239008 0.881432 0.68929 1.64736 -2.26229</i>
                        <i>-0.0619201 0.998013 -0.0116988 -0.885198 -0.0603279 -0.461286 -0.461075 -0.0182072 0.887174 0.688781 1.64661 -2.26453</i>
                        <i>-0.0548343 0.998129 -0.027034 -0.898111 -0.0611349 -0.435499 -0.436337 0.000399306 0.899783 0.687375 1.64471 -2.2698</i>
                        <i>-0.0487316 0.997695 -0.0472307 -0.911924 -0.0637328 -0.405381 -0.407456 0.0233159 0.912927 0.685359 1.6422 -2.27591</i>
                        <i>-0.0458568 0.996816 -0.0652309 -0.92227 -0.067336 -0.380636 -0.383817 0.0427057 0.922421 0.683402 1.63991 -2.28088</i>
                        <i>-0.0453941 0.996222 -0.0740285 -0.926289 -0.0697247 -0.370306 -0.374069 0.0517621 0.925955 0.682513 1.63889 -2.28292</i>
                        <i>-0.0450285 0.996508 -0.0703151 -0.926323 -0.068003 -0.370541 -0.374029 0.0484496 0.926151 0.68253 1.63888 -2.28294</i>
                        <i>-0.0438854 0.997315 -0.0586203 -0.926409 -0.0625884 -0.37128 -0.373952 0.0380126 0.926669 0.682578 1.63885 -2.28299</i>
                        <i>-0.042417 0.998133 -0.0439472 -0.926479 -0.0557594 -0.372193 -0.373948 0.0249289 0.927114 0.682655 1.6388 -2.28308</i>
                        <i>-0.0410893 0.998662 -0.0313974 -0.926509 -0.0498462 -0.372957 -0.374023 0.0137654 0.927317 0.682758 1.63873 -2.2832</i>
                        <i>-0.0403831 0.998841 -0.0261854 -0.926527 -0.0472445 -0.373249 -0.374054 0.00918857 0.927361 0.682884 1.63865 -2.28334</i>
                        <i>-0.040264 0.9988 -0.0278669 -0.926563 -0.0477615 -0.373096 -0.373979 0.0107981 0.927374 0.68303 1.63855 -2.28351</i>
                        <i>-0.0402962 0.998688 -0.0315941 -0.926607 -0.0491816 -0.3728 -0.373865 0.0142529 0.927374 0.683194 1.63844 -2.2837</i>
                        <i>-0.040361 0.998536 -0.0360116 -0.926658 -0.0508877 -0.372445 -0.373732 0.0183382 0.927355 0.683373 1.63832 -2.2839</i>
                        <i>-0.0403422 0.998394 -0.0397715 -0.926712 -0.0522693 -0.37212 -0.373601 0.0218445 0.927332 0.683563 1.6382 -2.28412</i>
                        <i>-0.0401262 0.998331 -0.041532 -0.926767 -0.0527221 -0.371919 -0.373488 0.0235668 0.927335 0.683763 1.63806 -2.28435</i>
                        <i>-0.0394723 0.998478 -0.038512 -0.926814 -0.0509892 -0.372043 -0.37344 0.021008 0.927416 0.683969 1.63792 -2.28459</i>
                        <i>-0.0383986 0.998787 -0.0308269 -0.926837 -0.0471292 -0.372493 -0.373494 0.0142684 0.927523 0.684179 1.63778 -2.28483</i>
                        <i>-0.0371805 0.999077 -0.0215048 -0.92683 -0.0425219 -0.373066 -0.373636 0.00606055 0.927556 0.68439 1.63763 -2.28507</i>
                        <i>-0.0361006 0.999255 -0.0136642 -0.926809 -0.0385913 -0.373544 -0.373793 -0.000821098 0.927512 0.684599 1.63748 -2.28531</i>
                        <i>-0.0354488 0.999316 -0.0105158 -0.926819 -0.0368095 -0.373699 -0.373831 -0.00350089 0.92749 0.684803 1.63734 -2.28555</i>
                        <i>-0.0353398 0.999286 -0.0133371 -0.92689 -0.0377635 -0.373429 -0.373666 -0.000834846 0.927563 0.685001 1.6372 -2.28578</i>
                        <i>-0.035555 0.999174 -0.0196622 -0.926995 -0.0403247 -0.372899 -0.373384 0.00496828 0.927664 0.685189 1.63707 -2.28599</i>
                        <i>-0.0358873 0.998988 -0.0271175 -0.927107 -0.0434105 -0.372275 -0.373075 0.0117808 0.927726 0.685364 1.63694 -2.2862</i>
                        <i>-0.0361366 0.99879 -0.0333612 -0.927201 -0.0459629 -0.371733 -0.372817 0.0174994 0.92774 0.685524 1.63682 -2.28638</i>
                        <i>-0.0361094 0.998696 -0.0360834 -0.927262 -0.0469475 -0.371458 -0.372667 0.0200457 0.927748 0.685667 1.63672 -2.28655</i>
                        <i>-0.0359031 0.998695 -0.0363206 -0.927299 -0.0468428 -0.371379 -0.372596 0.0203464 0.927771 0.68579 1.63663 -2.28669</i>
                        <i>-0.0357433 0.99869 -0.0366145 -0.92733 -0.0468024 -0.371307 -0.372534 0.020682 0.927788 0.68589 1.63656 -2.28681</i>
                        <i>-0.0356306 0.998683 -0.0369139 -0.927354 -0.0468079 -0.371246 -0.372485 0.0210045 0.927801 0.685964 1.6365 -2.28689</i>
                        <i>-0.0355642 0.998677 -0.0371522 -0.92737 -0.0468342 -0.371203 -0.372452 0.0212523 0.927808 0.686011 1.63647 -2.28695</i>
                        <i>-0.0355426 0.998674 -0.0372499 -0.927375 -0.0468502 -0.371188 -0.37244 0.0213517 0.92781 0.686027 1.63646 -2.28696</i>
                        <i>-0.0366269 0.998584 -0.0385808 -0.926646 -0.0483919 -0.372807 -0.374146 0.022096 0.927106 0.686143 1.6367 -2.28652</i>
                        <i>-0.0395323 0.998326 -0.0422228 -0.924557 -0.0525728 -0.3774 -0.378988 0.0241178 0.925087 0.686456 1.63738 -2.28526</i>
                        <i>-0.043675 0.997911 -0.0476031 -0.921203 -0.0586659 -0.384634 -0.386623 0.0270532 0.921841 0.686903 1.6384 -2.28332</i>
                        <i>-0.048456 0.997358 -0.0541288 -0.916665 -0.0659287 -0.394182 -0.396709 0.0305175 0.917437 0.68742 1.63966 -2.28083</i>
                        <i>-0.0533266 0.996698 -0.0612321 -0.911052 -0.0736658 -0.405657 -0.408828 0.0341533 0.911972 0.687942 1.64105 -2.27793</i>
                        <i>-0.0578296 0.99598 -0.0684046 -0.904544 -0.0812678 -0.418565 -0.422441 0.0376695 0.905607 0.688416 1.64249 -2.27475</i>
                        <i>-0.0616139 0.995262 -0.075217 -0.897404 -0.0882268 -0.432298 -0.436885 0.0408645 0.898588 0.688802 1.64391 -2.27144</i>
                        <i>-0.0644312 0.994603 -0.0813217 -0.889998 -0.0941327 -0.446142 -0.451389 0.0436307 0.89126 0.689076 1.64522 -2.26815</i>
                        <i>-0.06612 0.994061 -0.0864396 -0.882784 -0.0986576 -0.459303 -0.465102 0.0459385 0.884064 0.689235 1.64638 -2.26505</i>
                        <i>-0.0665841 0.993683 -0.0903384 -0.876307 -0.101533 -0.470932 -0.47713 0.0478076 0.877532 0.68929 1.64736 -2.26229</i>
                    </KeyFrames>
                </p>
            </i>
            <i>
                <p>
                    <Name><![CDATA[spine1]]></Name>
                    <Exclude>0</Exclude>
                    <Additive>0</Additive>
                    <IKPriority>0</IKPriority>
                    <IKRotLimits>-1e+010 -1e+010 -1e+010 1e+010 1e+010 1e+010</IKRotLimits>
                    <IKRotLimitOrder>0</IKRotLimitOrder>
                    <KeyFrames count="120">
                        <i>-0.0640654 0.996607 0.0516804 -0.974472 -0.0513083 -0.218569 -0.215175 -0.0643638 0.974452 0.677707 1.82033 -2.27803</i>
                        <i>-0.0670069 0.996749 0.0447321 -0.972287 -0.0551667 -0.227188 -0.223982 -0.0587156 0.972823 0.679339 1.82573 -2.28341</i>
                        <i>-0.0684406 0.997298 0.0266995 -0.96951 -0.0601741 -0.237547 -0.235298 -0.0421433 0.971009 0.681312 1.83144 -2.29002</i>
                        <i>-0.069985 0.997493 0.0104394 -0.966427 -0.0652043 -0.248531 -0.247227 -0.0274824 0.968568 0.683426 1.83578 -2.2964</i>
                        <i>-0.0734776 0.997258 0.00874697 -0.963482 -0.0687191 -0.258804 -0.257493 -0.0274439 0.96589 0.685413 1.83725 -2.30114</i>
                        <i>-0.0806391 0.996231 0.0319636 -0.961065 -0.0692097 -0.267513 -0.264292 -0.0522911 0.963024 0.686979 1.83517 -2.30332</i>
                        <i>-0.0902441 0.993244 0.0729478 -0.959228 -0.0669871 -0.274581 -0.26784 -0.0947529 0.958793 0.688057 1.83086 -2.30345</i>
                        <i>-0.099852 0.987953 0.118231 -0.957976 -0.0633418 -0.279767 -0.268908 -0.141198 0.95276 0.688696 1.82583 -2.30237</i>
                        <i>-0.107141 0.98215 0.154606 -0.957297 -0.059908 -0.28283 -0.26852 -0.178306 0.946628 0.688991 1.82159 -2.30093</i>
                        <i>-0.109935 0.97942 0.169264 -0.957172 -0.0584323 -0.283562 -0.267836 -0.193188 0.943898 0.689059 1.81973 -2.30006</i>
                        <i>-0.107444 0.981411 0.159021 -0.957637 -0.0591753 -0.281832 -0.267183 -0.182566 0.946194 0.688853 1.81946 -2.29966</i>
                        <i>-0.101284 0.985775 0.134128 -0.958666 -0.0606744 -0.277988 -0.265895 -0.156739 0.951174 0.688261 1.81904 -2.29891</i>
                        <i>-0.0929092 0.990429 0.102066 -0.960149 -0.061984 -0.272528 -0.263594 -0.123319 0.956719 0.687312 1.81863 -2.29762</i>
                        <i>-0.0838824 0.993978 0.0705127 -0.961983 -0.0623191 -0.265905 -0.259909 -0.0901367 0.961417 0.686041 1.81841 -2.29565</i>
                        <i>-0.0759226 0.995987 0.0473878 -0.964074 -0.0611913 -0.25849 -0.254553 -0.0653105 0.964851 0.684494 1.81851 -2.29291</i>
                        <i>-0.069974 0.99691 0.0357049 -0.966315 -0.0588532 -0.250542 -0.247667 -0.0520336 0.967447 0.682779 1.81893 -2.28958</i>
                        <i>-0.0658007 0.997327 0.0317727 -0.96857 -0.056184 -0.242311 -0.239878 -0.0467183 0.969678 0.681077 1.81945 -2.28619</i>
                        <i>-0.0634489 0.99742 0.0335653 -0.970711 -0.0538707 -0.234134 -0.231722 -0.0474377 0.971625 0.679543 1.81996 -2.28314</i>
                        <i>-0.0629526 0.997254 0.0390188 -0.972608 -0.0525371 -0.226438 -0.223766 -0.0522048 0.973244 0.678329 1.82037 -2.28086</i>
                        <i>-0.0643338 0.996866 0.046036 -0.974139 -0.0527207 -0.219712 -0.216596 -0.0589803 0.974478 0.677587 1.82061 -2.27978</i>
                        <i>-0.0659063 0.996435 0.0526733 -0.975057 -0.0531 -0.215511 -0.211946 -0.0655629 0.97508 0.677393 1.81993 -2.28099</i>
                        <i>-0.0660541 0.99615 0.0576407 -0.975307 -0.0522556 -0.214582 -0.210744 -0.0703914 0.975004 0.677694 1.81802 -2.28479</i>
                        <i>-0.0647745 0.996102 0.0598707 -0.975053 -0.0504128 -0.216172 -0.212311 -0.0723795 0.974518 0.678485 1.81549 -2.29035</i>
                        <i>-0.0618526 0.996374 0.0584259 -0.974461 -0.0476241 -0.219449 -0.215871 -0.0705072 0.973873 0.679788 1.81292 -2.2969</i>
                        <i>-0.0568411 0.997004 0.0524684 -0.973709 -0.0437484 -0.223553 -0.220588 -0.063796 0.973279 0.681616 1.81087 -2.30366</i>
                        <i>-0.0488179 0.998031 0.0393858 -0.97292 -0.0385959 -0.227899 -0.22593 -0.0494447 0.972888 0.683945 1.80973 -2.31008</i>
                        <i>-0.0383899 0.999052 0.0205224 -0.972062 -0.0325778 -0.232453 -0.231564 -0.0288729 0.972391 0.686528 1.80928 -2.31571</i>
                        <i>-0.0276501 0.999617 0.000896818 -0.971163 -0.0266504 -0.236921 -0.236806 -0.00742185 0.971528 0.688952 1.80927 -2.32009</i>
                        <i>-0.019157 0.999711 -0.0145241 -0.970404 -0.0220891 -0.240476 -0.240728 0.00948743 0.970546 0.690749 1.80946 -2.32291</i>
                        <i>-0.0157108 0.999661 -0.0207746 -0.970083 -0.0202736 -0.241927 -0.242266 0.0163523 0.970072 0.691446 1.80958 -2.3239</i>
