<?xml version="1.0" encoding="ISO-8859-1" ?>
<Animl Version="1">
    <ModellingPackage><![CDATA[Maya.2010]]></ModellingPackage>
    <SrcFile><![CDATA[anims\turrets\antitank\red\~src\at_at4spigot\at_at4spigot_reload_low_crewman_c.mb]]></SrcFile>
    <FramesPerSecond>30</FramesPerSecond>
    <TotalFrames>130</TotalFrames>
    <Skeleton>
        <RefFrame>
            <Name><![CDATA[soldier_ref_frame]]></Name>
            <Exclude>0</Exclude>
            <Additive>0</Additive>
            <IKPriority>0</IKPriority>
            <IKRotLimits>-1e+010 -1e+010 -1e+010 1e+010 1e+010 1e+010</IKRotLimits>
            <IKRotLimitOrder>0</IKRotLimitOrder>
            <KeyFrames count="130">
                <i>1 0 0 0 1 0 0 0 1 -2.11 0.88 -0.15</i>
                <i>1 0 0 0 1 0 0 0 1 -2.11 0.88 -0.15</i>
                <i>1 0 0 0 1 0 0 0 1 -2.11 0.88 -0.15</i>
                <i>1 0 0 0 1 0 0 0 1 -2.11 0.88 -0.15</i>
                <i>1 0 0 0 1 0 0 0 1 -2.11 0.88 -0.15</i>
                <i>1 0 0 0 1 0 0 0 1 -2.11 0.88 -0.15</i>
                <i>1 0 0 0 1 0 0 0 1 -2.11 0.88 -0.15</i>
                <i>1 0 0 0 1 0 0 0 1 -2.11 0.88 -0.15</i>
                <i>1 0 0 0 1 0 0 0 1 -2.11 0.88 -0.15</i>
                <i>1 0 0 0 1 0 0 0 1 -2.11 0.88 -0.15</i>
                <i>1 0 0 0 1 0 0 0 1 -2.11 0.88 -0.15</i>
                <i>1 0 0 0 1 0 0 0 1 -2.11 0.88 -0.15</i>
                <i>1 0 0 0 1 0 0 0 1 -2.11 0.88 -0.15</i>
                <i>1 0 0 0 1 0 0 0 1 -2.11 0.88 -0.15</i>
                <i>1 0 0 0 1 0 0 0 1 -2.11 0.88 -0.15</i>
                <i>1 0 0 0 1 0 0 0 1 -2.11 0.88 -0.15</i>
                <i>1 0 0 0 1 0 0 0 1 -2.11 0.88 -0.15</i>
                <i>1 0 0 0 1 0 0 0 1 -2.11 0.88 -0.15</i>
                <i>1 0 0 0 1 0 0 0 1 -2.11 0.88 -0.15</i>
                <i>1 0 0 0 1 0 0 0 1 -2.11 0.88 -0.15</i>
                <i>1 0 0 0 1 0 0 0 1 -2.11 0.88 -0.15</i>
                <i>1 0 0 0 1 0 0 0 1 -2.11 0.88 -0.15</i>
                <i>1 0 0 0 1 0 0 0 1 -2.11 0.88 -0.15</i>
                <i>1 0 0 0 1 0 0 0 1 -2.11 0.88 -0.15</i>
                <i>1 0 0 0 1 0 0 0 1 -2.11 0.88 -0.15</i>
                <i>1 0 0 0 1 0 0 0 1 -2.11 0.88 -0.15</i>
                <i>1 0 0 0 1 0 0 0 1 -2.11 0.88 -0.15</i>
                <i>1 0 0 0 1 0 0 0 1 -2.11 0.88 -0.15</i>
                <i>1 0 0 0 1 0 0 0 1 -2.11 0.88 -0.15</i>
                <i>1 0 0 0 1 0 0 0 1 -2.11 0.88 -0.15</i>
                <i>1 0 0 0 1 0 0 0 1 -2.11 0.88 -0.15</i>
                <i>1 0 0 0 1 0 0 0 1 -2.11 0.88 -0.15</i>
                <i>1 0 0 0 1 0 0 0 1 -2.11 0.88 -0.15</i>
                <i>1 0 0 0 1 0 0 0 1 -2.11 0.88 -0.15</i>
                <i>1 0 0 0 1 0 0 0 1 -2.11 0.88 -0.15</i>
                <i>1 0 0 0 1 0 0 0 1 -2.11 0.88 -0.15</i>
                <i>1 0 0 0 1 0 0 0 1 -2.11 0.88 -0.15</i>
                <i>1 0 0 0 1 0 0 0 1 -2.11 0.88 -0.15</i>
                <i>1 0 0 0 1 0 0 0 1 -2.11 0.88 -0.15</i>
                <i>1 0 0 0 1 0 0 0 1 -2.11 0.88 -0.15</i>
                <i>1 0 0 0 1 0 0 0 1 -2.11 0.88 -0.15</i>
                <i>1 0 0 0 1 0 0 0 1 -2.11 0.88 -0.15</i>
                <i>1 0 0 0 1 0 0 0 1 -2.11 0.88 -0.15</i>
                <i>1 0 0 0 1 0 0 0 1 -2.11 0.88 -0.15</i>
                <i>1 0 0 0 1 0 0 0 1 -2.11 0.88 -0.15</i>
                <i>1 0 0 0 1 0 0 0 1 -2.11 0.88 -0.15</i>
                <i>1 0 0 0 1 0 0 0 1 -2.11 0.88 -0.15</i>
                <i>1 0 0 0 1 0 0 0 1 -2.11 0.88 -0.15</i>
                <i>1 0 0 0 1 0 0 0 1 -2.11 0.88 -0.15</i>
                <i>1 0 0 0 1 0 0 0 1 -2.11 0.88 -0.15</i>
                <i>1 0 0 0 1 0 0 0 1 -2.11 0.88 -0.15</i>
                <i>1 0 0 0 1 0 0 0 1 -2.11 0.88 -0.15</i>
                <i>1 0 0 0 1 0 0 0 1 -2.11 0.88 -0.15</i>
                <i>1 0 0 0 1 0 0 0 1 -2.11 0.88 -0.15</i>
                <i>1 0 0 0 1 0 0 0 1 -2.11 0.88 -0.15</i>
                <i>1 0 0 0 1 0 0 0 1 -2.11 0.88 -0.15</i>
                <i>1 0 0 0 1 0 0 0 1 -2.11 0.88 -0.15</i>
                <i>1 0 0 0 1 0 0 0 1 -2.11 0.88 -0.15</i>
                <i>1 0 0 0 1 0 0 0 1 -2.11 0.88 -0.15</i>
                <i>1 0 0 0 1 0 0 0 1 -2.11 0.88 -0.15</i>
                <i>1 0 0 0 1 0 0 0 1 -2.11 0.88 -0.15</i>
                <i>1 0 0 0 1 0 0 0 1 -2.11 0.88 -0.15</i>
                <i>1 0 0 0 1 0 0 0 1 -2.11 0.88 -0.15</i>
                <i>1 0 0 0 1 0 0 0 1 -2.11 0.88 -0.15</i>
                <i>1 0 0 0 1 0 0 0 1 -2.11 0.88 -0.15</i>
                <i>1 0 0 0 1 0 0 0 1 -2.11 0.88 -0.15</i>
                <i>1 0 0 0 1 0 0 0 1 -2.11 0.88 -0.15</i>
                <i>1 0 0 0 1 0 0 0 1 -2.11 0.88 -0.15</i>
                <i>1 0 0 0 1 0 0 0 1 -2.11 0.88 -0.15</i>
                <i>1 0 0 0 1 0 0 0 1 -2.11 0.88 -0.15</i>
                <i>1 0 0 0 1 0 0 0 1 -2.11 0.88 -0.15</i>
                <i>1 0 0 0 1 0 0 0 1 -2.11 0.88 -0.15</i>
                <i>1 0 0 0 1 0 0 0 1 -2.11 0.88 -0.15</i>
                <i>1 0 0 0 1 0 0 0 1 -2.11 0.88 -0.15</i>
                <i>1 0 0 0 1 0 0 0 1 -2.11 0.88 -0.15</i>
                <i>1 0 0 0 1 0 0 0 1 -2.11 0.88 -0.15</i>
                <i>1 0 0 0 1 0 0 0 1 -2.11 0.88 -0.15</i>
                <i>1 0 0 0 1 0 0 0 1 -2.11 0.88 -0.15</i>
                <i>1 0 0 0 1 0 0 0 1 -2.11 0.88 -0.15</i>
                <i>1 0 0 0 1 0 0 0 1 -2.11 0.88 -0.15</i>
                <i>1 0 0 0 1 0 0 0 1 -2.11 0.88 -0.15</i>
                <i>1 0 0 0 1 0 0 0 1 -2.11 0.88 -0.15</i>
                <i>1 0 0 0 1 0 0 0 1 -2.11 0.88 -0.15</i>
                <i>1 0 0 0 1 0 0 0 1 -2.11 0.88 -0.15</i>
                <i>1 0 0 0 1 0 0 0 1 -2.11 0.88 -0.15</i>
                <i>1 0 0 0 1 0 0 0 1 -2.11 0.88 -0.15</i>
                <i>1 0 0 0 1 0 0 0 1 -2.11 0.88 -0.15</i>
                <i>1 0 0 0 1 0 0 0 1 -2.11 0.88 -0.15</i>
                <i>1 0 0 0 1 0 0 0 1 -2.11 0.88 -0.15</i>
                <i>1 0 0 0 1 0 0 0 1 -2.11 0.88 -0.15</i>
                <i>1 0 0 0 1 0 0 0 1 -2.11 0.88 -0.15</i>
                <i>1 0 0 0 1 0 0 0 1 -2.11 0.88 -0.15</i>
                <i>1 0 0 0 1 0 0 0 1 -2.11 0.88 -0.15</i>
                <i>1 0 0 0 1 0 0 0 1 -2.11 0.88 -0.15</i>
                <i>1 0 0 0 1 0 0 0 1 -2.11 0.88 -0.15</i>
                <i>1 0 0 0 1 0 0 0 1 -2.11 0.88 -0.15</i>
                <i>1 0 0 0 1 0 0 0 1 -2.11 0.88 -0.15</i>
                <i>1 0 0 0 1 0 0 0 1 -2.11 0.88 -0.15</i>
                <i>1 0 0 0 1 0 0 0 1 -2.11 0.88 -0.15</i>
                <i>1 0 0 0 1 0 0 0 1 -2.11 0.88 -0.15</i>
                <i>1 0 0 0 1 0 0 0 1 -2.11 0.88 -0.15</i>
                <i>1 0 0 0 1 0 0 0 1 -2.11 0.88 -0.15</i>
                <i>1 0 0 0 1 0 0 0 1 -2.11 0.88 -0.15</i>
                <i>1 0 0 0 1 0 0 0 1 -2.11 0.88 -0.15</i>
                <i>1 0 0 0 1 0 0 0 1 -2.11 0.88 -0.15</i>
                <i>1 0 0 0 1 0 0 0 1 -2.11 0.88 -0.15</i>
                <i>1 0 0 0 1 0 0 0 1 -2.11 0.88 -0.15</i>
                <i>1 0 0 0 1 0 0 0 1 -2.11 0.88 -0.15</i>
                <i>1 0 0 0 1 0 0 0 1 -2.11 0.88 -0.15</i>
                <i>1 0 0 0 1 0 0 0 1 -2.11 0.88 -0.15</i>
                <i>1 0 0 0 1 0 0 0 1 -2.11 0.88 -0.15</i>
                <i>1 0 0 0 1 0 0 0 1 -2.11 0.88 -0.15</i>
                <i>1 0 0 0 1 0 0 0 1 -2.11 0.88 -0.15</i>
                <i>1 0 0 0 1 0 0 0 1 -2.11 0.88 -0.15</i>
                <i>1 0 0 0 1 0 0 0 1 -2.11 0.88 -0.15</i>
                <i>1 0 0 0 1 0 0 0 1 -2.11 0.88 -0.15</i>
                <i>1 0 0 0 1 0 0 0 1 -2.11 0.88 -0.15</i>
                <i>1 0 0 0 1 0 0 0 1 -2.11 0.88 -0.15</i>
                <i>1 0 0 0 1 0 0 0 1 -2.11 0.88 -0.15</i>
                <i>1 0 0 0 1 0 0 0 1 -2.11 0.88 -0.15</i>
                <i>1 0 0 0 1 0 0 0 1 -2.11 0.88 -0.15</i>
                <i>1 0 0 0 1 0 0 0 1 -2.11 0.88 -0.15</i>
                <i>1 0 0 0 1 0 0 0 1 -2.11 0.88 -0.15</i>
                <i>1 0 0 0 1 0 0 0 1 -2.11 0.88 -0.15</i>
                <i>1 0 0 0 1 0 0 0 1 -2.11 0.88 -0.15</i>
                <i>1 0 0 0 1 0 0 0 1 -2.11 0.88 -0.15</i>
                <i>1 0 0 0 1 0 0 0 1 -2.11 0.88 -0.15</i>
                <i>1 0 0 0 1 0 0 0 1 -2.11 0.88 -0.15</i>
                <i>1 0 0 0 1 0 0 0 1 -2.11 0.88 -0.15</i>
                <i>1 0 0 0 1 0 0 0 1 -2.11 0.88 -0.15</i>
            </KeyFrames>
        </RefFrame>
        <Bones count="23">
            <i>
                <p>
                    <Name><![CDATA[pelvis]]></Name>
                    <Exclude>0</Exclude>
                    <Additive>0</Additive>
                    <IKPriority>0</IKPriority>
                    <IKRotLimits>-1e+010 -1e+010 -1e+010 1e+010 1e+010 1e+010</IKRotLimits>
                    <IKRotLimitOrder>2</IKRotLimitOrder>
                    <KeyFrames count="130">
                        <i>1 0 0 0 1 0 0 0 1 -1.61453 1.94424 -0.193363</i>
                        <i>1 0 0 0 1 0 0 0 1 -1.61453 1.94811 -0.193363</i>
                        <i>1 0 0 0 1 0 0 0 1 -1.61453 1.9567 -0.193363</i>
                        <i>1 0 0 0 1 0 0 0 1 -1.61453 1.96551 -0.193363</i>
                        <i>1 0 0 0 1 0 0 0 1 -1.61453 1.97003 -0.193363</i>
                        <i>1 0 0 0 1 0 0 0 1 -1.61453 1.96909 -0.193363</i>
                        <i>1 0 0 0 1 0 0 0 1 -1.61453 1.96547 -0.193363</i>
                        <i>1 0 0 0 1 0 0 0 1 -1.61453 1.9605 -0.193363</i>
                        <i>1 0 0 0 1 0 0 0 1 -1.61453 1.95556 -0.193363</i>
                        <i>1 0 0 0 1 0 0 0 1 -1.61453 1.95201 -0.193363</i>
                        <i>1 0 0 0 1 0 0 0 1 -1.61453 1.9495 -0.193363</i>
                        <i>1 0 0 0 1 0 0 0 1 -1.61453 1.94683 -0.193363</i>
                        <i>1 0 0 0 1 0 0 0 1 -1.61453 1.94414 -0.193363</i>
                        <i>1 0 0 0 1 0 0 0 1 -1.61453 1.94153 -0.193363</i>
                        <i>1 0 0 0 1 0 0 0 1 -1.61453 1.93912 -0.193363</i>
                        <i>1 0 0 0 1 0 0 0 1 -1.61453 1.93701 -0.193363</i>
                        <i>1 0 0 0 1 0 0 0 1 -1.61453 1.93532 -0.193363</i>
                        <i>1 0 0 0 1 0 0 0 1 -1.61453 1.93417 -0.193363</i>
                        <i>1 0 0 0 1 0 0 0 1 -1.61453 1.93367 -0.193363</i>
                        <i>1 0 0 0 1 0 0 0 1 -1.61453 1.93392 -0.193363</i>
                        <i>1 0 0 0 1 0 0 0 1 -1.59316 1.93789 -0.175773</i>
                        <i>1 0 0 0 1 0 0 0 1 -1.53856 1.94615 -0.131058</i>
                        <i>1 0 0 0 1 0 0 0 1 -1.46497 1.95524 -0.0712985</i>
                        <i>1 0 0 0 1 0 0 0 1 -1.38663 1.96172 -0.00857635</i>
                        <i>1 0 0 0 1 0 0 0 1 -1.31778 1.96213 0.0450272</i>
                        <i>1 0 0 0 1 0 0 0 1 -1.24894 1.95373 0.0958635</i>
                        <i>1 0 0 0 1 0 0 0 1 -1.1706 1.93881 0.151987</i>
                        <i>1 0 0 0 1 0 0 0 1 -1.09701 1.92151 0.20387</i>
                        <i>1 0 0 0 1 0 0 0 1 -1.0424 1.90593 0.241986</i>
                        <i>1 0 0 0 1 0 0 0 1 -1.02104 1.89619 0.256809</i>
                        <i>1 0 0 0 1 0 0 0 1 -1.02104 1.89135 0.256809</i>
                        <i>1 0 0 0 1 0 0 0 1 -1.02104 1.8876 0.256809</i>
                        <i>1 0 0 0 1 0 0 0 1 -1.02104 1.88481 0.256809</i>
                        <i>1 0 0 0 1 0 0 0 1 -1.02104 1.88284 0.256809</i>
                        <i>1 0 0 0 1 0 0 0 1 -1.02104 1.88155 0.256809</i>
                        <i>1 0 0 0 1 0 0 0 1 -1.02104 1.88081 0.256809</i>
                        <i>1 0 0 0 1 0 0 0 1 -1.02104 1.88047 0.256809</i>
                        <i>1 0 0 0 1 0 0 0 1 -1.02104 1.8804 0.256809</i>
                        <i>1 0 0 0 1 0 0 0 1 -1.02104 1.88046 0.256809</i>
                        <i>1 0 0 0 1 0 0 0 1 -1.02104 1.88051 0.256809</i>
                        <i>1 0 0 0 1 0 0 0 1 -1.02104 1.88056 0.256809</i>
                        <i>1 0 0 0 1 0 0 0 1 -1.02104 1.88067 0.256809</i>
                        <i>1 0 0 0 1 0 0 0 1 -1.02104 1.88081 0.256809</i>
                        <i>1 0 0 0 1 0 0 0 1 -1.02104 1.88092 0.256809</i>
                        <i>1 0 0 0 1 0 0 0 1 -1.02104 1.88097 0.256809</i>
                        <i>1 0 0 0 1 0 0 0 1 -1.02104 1.88092 0.256809</i>
                        <i>1 0 0 0 1 0 0 0 1 -1.02104 1.88081 0.256809</i>
                        <i>1 0 0 0 1 0 0 0 1 -1.02104 1.88067 0.256809</i>
                        <i>1 0 0 0 1 0 0 0 1 -1.02104 1.88056 0.256809</i>
                        <i>1 0 0 0 1 0 0 0 1 -1.02104 1.88051 0.256809</i>
                        <i>1 0 0 0 1 0 0 0 1 -1.02104 1.88208 0.256809</i>
                        <i>1 0 0 0 1 0 0 0 1 -1.02104 1.88582 0.256809</i>
                        <i>1 0 0 0 1 0 0 0 1 -1.02104 1.89028 0.256809</i>
                        <i>1 0 0 0 1 0 0 0 1 -1.02104 1.89402 0.256809</i>
                        <i>1 0 0 0 1 0 0 0 1 -1.02104 1.89559 0.256809</i>
                        <i>1 0 0 0 1 0 0 0 1 -1.02104 1.89402 0.256809</i>
                        <i>1 0 0 0 1 0 0 0 1 -1.02104 1.89028 0.256809</i>
                        <i>1 0 0 0 1 0 0 0 1 -1.02104 1.88582 0.256809</i>
                        <i>1 0 0 0 1 0 0 0 1 -1.02104 1.88208 0.256809</i>
                        <i>1 0 0 0 1 0 0 0 1 -1.02104 1.88051 0.256809</i>
                        <i>1 0 0 0 1 0 0 0 1 -1.02104 1.88183 0.256809</i>
                        <i>1 0 0 0 1 0 0 0 1 -1.02104 1.88507 0.256809</i>
                        <i>1 0 0 0 1 0 0 0 1 -1.02104 1.88915 0.256809</i>
                        <i>1 0 0 0 1 0 0 0 1 -1.02104 1.89301 0.256809</i>
                        <i>1 0 0 0 1 0 0 0 1 -1.02104 1.89559 0.256809</i>
                        <i>1 0 0 0 1 0 0 0 1 -1.02104 1.89759 0.256809</i>
                        <i>1 0 0 0 1 0 0 0 1 -1.02104 1.89973 0.256809</i>
                        <i>1 0 0 0 1 0 0 0 1 -1.02104 1.90094 0.256809</i>
                        <i>1 0 0 0 1 0 0 0 1 -1.02104 1.90012 0.256809</i>
                        <i>1 0 0 0 1 0 0 0 1 -1.02104 1.89619 0.256809</i>
                        <i>1 0 0 0 1 0 0 0 1 -1.02104 1.88919 0.256809</i>
                        <i>1 0 0 0 1 0 0 0 1 -1.02104 1.88026 0.256809</i>
                        <i>1 0 0 0 1 0 0 0 1 -1.02104 1.86997 0.256809</i>
                        <i>1 0 0 0 1 0 0 0 1 -1.02104 1.8589 0.256809</i>
                        <i>1 0 0 0 1 0 0 0 1 -1.02104 1.84761 0.256809</i>
                        <i>1 0 0 0 1 0 0 0 1 -1.02104 1.83667 0.256809</i>
                        <i>1 0 0 0 1 0 0 0 1 -1.02104 1.82666 0.256809</i>
                        <i>1 0 0 0 1 0 0 0 1 -1.02104 1.81814 0.256809</i>
                        <i>1 0 0 0 1 0 0 0 1 -1.02104 1.81169 0.256809</i>
                        <i>1 0 0 0 1 0 0 0 1 -1.02104 1.80788 0.256809</i>
                        <i>1 0 0 0 1 0 0 0 1 -1.02104 1.8072 0.256809</i>
                        <i>1 0 0 0 1 0 0 0 1 -1.02104 1.80933 0.256809</i>
                        <i>1 0 0 0 1 0 0 0 1 -1.02104 1.81362 0.256809</i>
                        <i>1 0 0 0 1 0 0 0 1 -1.02104 1.81944 0.256809</i>
                        <i>1 0 0 0 1 0 0 0 1 -1.02104 1.82613 0.256809</i>
                        <i>1 0 0 0 1 0 0 0 1 -1.02104 1.83305 0.256809</i>
                        <i>1 0 0 0 1 0 0 0 1 -1.02104 1.83955 0.256809</i>
                        <i>1 0 0 0 1 0 0 0 1 -1.02104 1.845 0.256809</i>
                        <i>1 0 0 0 1 0 0 0 1 -1.02104 1.84874 0.256809</i>
                        <i>1 0 0 0 1 0 0 0 1 -1.02104 1.85013 0.256809</i>
                        <i>1 0 0 0 1 0 0 0 1 -1.0424 1.8651 0.236141</i>
                        <i>1 0 0 0 1 0 0 0 1 -1.09701 1.9011 0.184088</i>
                        <i>1 0 0 0 1 0 0 0 1 -1.1706 1.94476 0.115569</i>
                        <i>1 0 0 0 1 0 0 0 1 -1.24894 1.98272 0.0455081</i>
                        <i>1 0 0 0 1 0 0 0 1 -1.31778 2.00161 -0.0111729</i>
                        <i>1 0 0 0 1 0 0 0 1 -1.38663 1.99449 -0.0589317</i>
                        <i>1 0 0 0 1 0 0 0 1 -1.46497 1.97028 -0.107716</i>
                        <i>1 0 0 0 1 0 0 0 1 -1.53856 1.93937 -0.15084</i>
                        <i>1 0 0 0 1 0 0 0 1 -1.59316 1.91218 -0.181618</i>
                        <i>1 0 0 0 1 0 0 0 1 -1.61453 1.8991 -0.193363</i>
                        <i>1 0 0 0 1 0 0 0 1 -1.61453 1.89863 -0.193363</i>
                        <i>1 0 0 0 1 0 0 0 1 -1.61453 1.9018 -0.193363</i>
                        <i>1 0 0 0 1 0 0 0 1 -1.61453 1.90781 -0.193363</i>
                        <i>1 0 0 0 1 0 0 0 1 -1.61453 1.91589 -0.193363</i>
                        <i>1 0 0 0 1 0 0 0 1 -1.61453 1.92523 -0.193363</i>
                        <i>1 0 0 0 1 0 0 0 1 -1.61453 1.93506 -0.193363</i>
                        <i>1 0 0 0 1 0 0 0 1 -1.61453 1.94457 -0.193363</i>
                        <i>1 0 0 0 1 0 0 0 1 -1.61453 1.95299 -0.193363</i>
                        <i>1 0 0 0 1 0 0 0 1 -1.61453 1.95952 -0.193363</i>
                        <i>1 0 0 0 1 0 0 0 1 -1.61453 1.96338 -0.193363</i>
                        <i>1 0 0 0 1 0 0 0 1 -1.61453 1.96467 -0.193363</i>
                        <i>1 0 0 0 1 0 0 0 1 -1.61453 1.96428 -0.193363</i>
                        <i>1 0 0 0 1 0 0 0 1 -1.61453 1.96256 -0.193363</i>
                        <i>1 0 0 0 1 0 0 0 1 -1.61453 1.95989 -0.193363</i>
                        <i>1 0 0 0 1 0 0 0 1 -1.61453 1.95663 -0.193363</i>
                        <i>1 0 0 0 1 0 0 0 1 -1.61453 1.95314 -0.193363</i>
                        <i>1 0 0 0 1 0 0 0 1 -1.61453 1.94979 -0.193363</i>
                        <i>1 0 0 0 1 0 0 0 1 -1.61453 1.94695 -0.193363</i>
                        <i>1 0 0 0 1 0 0 0 1 -1.61453 1.94498 -0.193363</i>
                        <i>1 0 0 0 1 0 0 0 1 -1.61453 1.94424 -0.193363</i>
                        <i>1 0 0 0 1 0 0 0 1 -1.61453 1.94424 -0.193363</i>
                        <i>1 0 0 0 1 0 0 0 1 -1.61453 1.94424 -0.193363</i>
                        <i>1 0 0 0 1 0 0 0 1 -1.61453 1.94424 -0.193363</i>
                        <i>1 0 0 0 1 0 0 0 1 -1.61453 1.94424 -0.193363</i>
                        <i>1 0 0 0 1 0 0 0 1 -1.61453 1.94424 -0.193363</i>
                        <i>1 0 0 0 1 0 0 0 1 -1.61453 1.94424 -0.193363</i>
                        <i>1 0 0 0 1 0 0 0 1 -1.61453 1.94424 -0.193363</i>
                        <i>1 0 0 0 1 0 0 0 1 -1.61453 1.94424 -0.193363</i>
                        <i>1 0 0 0 1 0 0 0 1 -1.61453 1.94424 -0.193363</i>
                        <i>1 0 0 0 1 0 0 0 1 -1.61453 1.94424 -0.193363</i>
                    </KeyFrames>
                </p>
            </i>
            <i>
                <p>
                    <Name><![CDATA[spine0]]></Name>
                    <Exclude>0</Exclude>
                    <Additive>0</Additive>
                    <IKPriority>0</IKPriority>
                    <IKRotLimits>-1e+010 -1e+010 -1e+010 1e+010 1e+010 1e+010</IKRotLimits>
                    <IKRotLimitOrder>0</IKRotLimitOrder>
                    <KeyFrames count="130">
                        <i>0.235916 0.946979 0.218117 -0.463828 -0.0875055 0.881593 0.853936 -0.309151 0.418591 -1.64625 2.08344 -0.211015</i>
                        <i>0.235727 0.948304 0.21249 -0.456126 -0.0851095 0.885836 0.858127 -0.305738 0.412484 -1.64647 2.0873 -0.210682</i>
                        <i>0.236094 0.951128 0.199037 -0.435327 -0.0795981 0.896747 0.868764 -0.298363 0.395259 -1.64708 2.09587 -0.209781</i>
                        <i>0.238397 0.953834 0.18267 -0.404828 -0.073371 0.911445 0.882769 -0.291235 0.368647 -1.64792 2.10463 -0.208456</i>
                        <i>0.244624 0.955032 0.16755 -0.368152 -0.0683766 0.927248 0.897008 -0.288511 0.33487 -1.64887 2.10908 -0.206853</i>
                        <i>0.25403 0.95482 0.154229 -0.328992 -0.0646487 0.942117 0.909523 -0.290067 0.297706 -1.64982 2.10806 -0.205133</i>
                        <i>0.263162 0.954319 0.141497 -0.291241 -0.0612397 0.954688 0.919742 -0.292447 0.261821 -1.65068 2.10434 -0.203468</i>
                        <i>0.270875 0.953729 0.130489 -0.259038 -0.0583373 0.964104 0.927106 -0.294953 0.23125 -1.65136 2.0993 -0.202042</i>
                        <i>0.2762 0.953236 0.122693 -0.236621 -0.0562859 0.96997 0.931517 -0.296938 0.21001 -1.65181 2.0943 -0.201046</i>
                        <i>0.278206 0.953028 0.119747 -0.228224 -0.0555116 0.972025 0.933014 -0.297753 0.20206 -1.65197 2.09072 -0.200672</i>
                        <i>0.278018 0.953093 0.119663 -0.228222 -0.0554673 0.972028 0.933071 -0.297551 0.202095 -1.65197 2.08821 -0.200672</i>
                        <i>0.277356 0.953324 0.119363 -0.228213 -0.0553114 0.972039 0.93327 -0.296841 0.20222 -1.65197 2.08555 -0.200672</i>
                        <i>0.276074 0.953768 0.118784 -0.228195 -0.0550097 0.97206 0.933654 -0.295466 0.202459 -1.65197 2.08285 -0.200672</i>
                        <i>0.274025 0.954473 0.117859 -0.228168 -0.0545287 0.972094 0.934264 -0.29327 0.202838 -1.65197 2.08024 -0.200672</i>
                        <i>0.271067 0.955481 0.116524 -0.228128 -0.0538365 0.972142 0.935136 -0.290098 0.203379 -1.65197 2.07783 -0.200672</i>
                        <i>0.26706 0.956828 0.114717 -0.228075 -0.0529026 0.972205 0.936302 -0.285801 0.2041 -1.65197 2.07572 -0.200672</i>
                        <i>0.261865 0.95854 0.112376 -0.228005 -0.0516987 0.972286 0.937785 -0.28023 0.205014 -1.65197 2.07404 -0.200672</i>
                        <i>0.255352 0.960634 0.109445 -0.227918 -0.0501997 0.972385 0.9396 -0.273245 0.206128 -1.65197 2.07288 -0.200672</i>
                        <i>0.247393 0.963114 0.105869 -0.227812 -0.0483833 0.972502 0.941753 -0.264708 0.20744 -1.65197 2.07238 -0.200672</i>
                        <i>0.237868 0.965969 0.101597 -0.227686 -0.046231 0.972637 0.944234 -0.254492 0.208941 -1.65197 2.07264 -0.200672</i>
                        <i>0.217224 0.971176 0.0981349 -0.237203 -0.0450029 0.970417 0.946863 -0.234075 0.22059 -1.62976 2.0768 -0.1837</i>
                        <i>0.184317 0.978159 0.0960891 -0.259613 -0.0458401 0.964624 0.94796 -0.202743 0.245493 -1.57306 2.0855 -0.140371</i>
                        <i>0.150624 0.984021 0.0949517 -0.285359 -0.048682 0.957183 0.946511 -0.17127 0.273467 -1.49677 2.09513 -0.0820851</i>
                        <i>0.126101 0.987296 0.0966722 -0.304979 -0.0541474 0.950819 0.943974 -0.149382 0.294276 -1.41581 2.1021 -0.0203242</i>
                        <i>0.120252 0.987153 0.105209 -0.309033 -0.0634899 0.94893 0.943418 -0.146624 0.297428 -1.34508 2.10289 0.0333251</i>
                        <i>0.14522 0.979688 0.138288 -0.288397 -0.091786 0.953102 0.946434 -0.178291 0.26921 -1.27536 2.09488 0.0872201</i>
                        <i>0.198135 0.961229 0.191782 -0.248447 -0.140021 0.958472 0.948165 -0.237555 0.211072 -1.19677 2.08025 0.149523</i>
                        <i>0.263972 0.934285 0.239647 -0.201781 -0.18947 0.96093 0.943188 -0.302015 0.138506 -1.12321 2.06289 0.208383</i>
                        <i>0.32184 0.908087 0.26795 -0.162453 -0.225846 0.960522 0.932753 -0.352663 0.0748358 -1.06872 2.047 0.252125</i>
                        <i>0.346717 0.896267 0.276574 -0.145856 -0.239759 0.959813 0.92656 -0.373124 0.0475977 -1.04742 2.03706 0.269253</i>
                        <i>0.34565 0.895307 0.280983 -0.146108 -0.244437 0.958594 0.926919 -0.372391 0.0463216 -1.04757 2.03213 0.269906</i>
                        <i>0.343176 0.8929 0.29148 -0.146673 -0.255576 0.955598 0.927749 -0.37069 0.0432574 -1.04791 2.02816 0.271461</i>
                        <i>0.340244 0.889852 0.303968 -0.147287 -0.268833 0.951859 0.928731 -0.368635 0.039595 -1.04832 2.02509 0.273315</i>
                        <i>0.337788 0.887161 0.314394 -0.14775 -0.279907 0.948589 0.929553 -0.366874 0.0365284 -1.04866 2.02286 0.274867</i>
                        <i>0.336725 0.886009 0.318754 -0.147929 -0.284541 0.947182 0.92991 -0.366093 0.0352546 -1.0488 2.02146 0.275518</i>
                        <i>0.337624 0.887166 0.314558 -0.147757 -0.280086 0.948536 0.929612 -0.366726 0.0365208 -1.04867 2.02083 0.274893</i>
                        <i>0.339861 0.889805 0.304533 -0.147314 -0.269444 0.951682 0.928866 -0.368302 0.0395074 -1.04834 2.02074 0.273402</i>
                        <i>0.342556 0.892795 0.292528 -0.146729 -0.256705 0.955287 0.927969 -0.370162 0.043063 -1.04794 2.02095 0.27162</i>
                        <i>0.344812 0.895173 0.282436 -0.146191 -0.246004 0.958181 0.927218 -0.371682 0.0460413 -1.04761 2.02122 0.270126</i>
                        <i>0.34572 0.896151 0.278192 -0.145953 -0.241508 0.95936 0.926917 -0.372273 0.0473015 -1.04748 2.02136 0.269499</i>
                        <i>0.344671 0.895231 0.282426 -0.146191 -0.246001 0.958181 0.92727 -0.371545 0.0460852 -1.04761 2.02132 0.270126</i>
                        <i>0.342272 0.89291 0.292509 -0.146728 -0.2567 0.955288 0.928073 -0.369888 0.0431539 -1.04794 2.02122 0.27162</i>
                        <i>0.339437 0.889977 0.304507 -0.147313 -0.269435 0.951685 0.929022 -0.367894 0.0396489 -1.04834 2.02108 0.273402</i>
                        <i>0.33706 0.887392 0.314525 -0.147755 -0.280075 0.948539 0.929817 -0.366187 0.0367148 -1.04867 2.02094 0.274893</i>
                        <i>0.336023 0.88629 0.318714 -0.147928 -0.284528 0.947186 0.930165 -0.365423 0.035499 -1.0488 2.02088 0.275518</i>
                        <i>0.336911 0.887452 0.314516 -0.147755 -0.280073 0.94854 0.929871 -0.366045 0.0367656 -1.04867 2.02094 0.274893</i>
                        <i>0.339141 0.890095 0.304489 -0.147312 -0.26943 0.951686 0.92913 -0.367611 0.0397472 -1.04834 2.02108 0.273402</i>
                        <i>0.341831 0.893088 0.292481 -0.146727 -0.256692 0.955291 0.928236 -0.369463 0.0432953 -1.04794 2.02122 0.27162</i>
                        <i>0.344084 0.895469 0.282386 -0.146189 -0.245991 0.958184 0.927488 -0.370978 0.0462666 -1.04761 2.02132 0.270126</i>
                        <i>0.344991 0.896448 0.278142 -0.145951 -0.241495 0.959364 0.927189 -0.371567 0.0475238 -1.04748 2.02136 0.269499</i>
                        <i>0.344384 0.895954 0.280476 -0.14608 -0.243974 0.958716 0.927394 -0.371138 0.0468601 -1.04755 2.02288 0.269845</i>
                        <i>0.343037 0.894709 0.286044 -0.146379 -0.249883 0.957148 0.927846 -0.370208 0.0452474 -1.04773 2.0265 0.27067</i>
                        <i>0.341448 0.89317 0.292679 -0.146719 -0.256926 0.955229 0.928379 -0.369103 0.0433175 -1.04795 2.03082 0.271654</i>
                        <i>0.340111 0.891843 0.298228 -0.146988 -0.262818 0.953583 0.928827 -0.368161 0.0417032 -1.04813 2.03443 0.272479</i>
                        <i>0.339516 0.89129 0.30055 -0.147098 -0.265286 0.952883 0.929027 -0.367729 0.0410379 -1.04821 2.03595 0.272824</i>
                        <i>0.339987 0.891893 0.29822 -0.146988 -0.262816 0.953584 0.928872 -0.368041 0.0417435 -1.04813 2.03443 0.272479</i>
                        <i>0.341201 0.893269 0.292664 -0.146718 -0.256923 0.95523 0.92847 -0.368864 0.0433966 -1.04795 2.03082 0.271654</i>
                        <i>0.342667 0.894858 0.286021 -0.146378 -0.249878 0.957149 0.927983 -0.36985 0.0453629 -1.04773 2.0265 0.27067</i>
                        <i>0.343893 0.896152 0.280444 -0.146079 -0.243967 0.958718 0.927577 -0.370663 0.0470105 -1.04755 2.02288 0.269845</i>
                        <i>0.344381 0.896695 0.278102 -0.14595 -0.241486 0.959366 0.927416 -0.370976 0.0477092 -1.04748 2.02136 0.269499</i>
                        <i>0.343798 0.89619 0.280438 -0.146079 -0.243966 0.958719 0.927612 -0.370572 0.0470394 -1.04755 2.02263 0.269845</i>
                        <i>0.342478 0.894934 0.286009 -0.146378 -0.249876 0.95715 0.928053 -0.369668 0.0454217 -1.04773 2.02575 0.27067</i>
                        <i>0.340919 0.893382 0.292647 -0.146718 -0.256919 0.955231 0.928573 -0.368593 0.0434863 -1.04795 2.02969 0.271654</i>
                        <i>0.339614 0.892043 0.298199 -0.146987 -0.262812 0.953585 0.929009 -0.367682 0.0418647 -1.04813 2.03343 0.272479</i>
                        <i>0.339052 0.891476 0.300523 -0.147097 -0.26528 0.952885 0.929196 -0.367284 0.0411894 -1.04821 2.03595 0.272824</i>
                        <i>0.3396 0.892106 0.298024 -0.146979 -0.262629 0.953637 0.929015 -0.367659 0.0419319 -1.04812 2.03801 0.272453</i>
                        <i>0.340948 0.893564 0.292058 -0.146687 -0.2563 0.955402 0.928567 -0.368584 0.043689 -1.04793 2.04029 0.271568</i>
                        <i>0.34257 0.895245 0.284924 -0.146318 -0.248734 0.957456 0.928028 -0.369686 0.0457815 -1.0477 2.04164 0.270511</i>
                        <i>0.343936 0.896606 0.278936 -0.145992 -0.242386 0.959133 0.927574 -0.370603 0.0475324 -1.0475 2.04095 0.269625</i>
                        <i>0.344511 0.897164 0.276422 -0.145851 -0.239721 0.959824 0.927383 -0.370986 0.048266 -1.04742 2.03706 0.269253</i>
                        <i>0.341051 0.899319 0.273698 -0.145683 -0.237072 0.960507 0.928688 -0.367454 0.0501618 -1.04736 2.0301 0.268952</i>
                        <i>0.331713 0.905021 0.266278 -0.14522 -0.229909 0.962317 0.932136 -0.357882 0.055163 -1.04718 2.02127 0.268134</i>
                        <i>0.318092 0.913044 0.255281 -0.144519 -0.219422 0.964867 0.93698 -0.343809 0.0621561 -1.04693 2.01112 0.266929</i>
                        <i>0.301761 0.9222 0.241842 -0.14364 -0.206794 0.967783 0.942501 -0.326777 0.0700622 -1.04661 2.0002 0.265465</i>
                        <i>0.284231 0.931464 0.227128 -0.142647 -0.193177 0.970739 0.948085 -0.308313 0.0779633 -1.04627 1.98906 0.263871</i>
                        <i>0.266928 0.940032 0.212343 -0.141615 -0.179685 0.973477 0.953255 -0.28992 0.08516 -1.04593 1.97826 0.262277</i>
                        <i>0.251209 0.947317 0.198709 -0.140634 -0.167392 0.975808 0.957662 -0.273077 0.0911748 -1.04562 1.96835 0.260812</i>
                        <i>0.238378 0.952909 0.187458 -0.139802 -0.157342 0.977599 0.961057 -0.259245 0.0957115 -1.04536 1.95991 0.259606</i>
                        <i>0.229726 0.9565 0.179814 -0.139225 -0.150559 0.978748 0.963246 -0.249879 0.0985811 -1.04518 1.9535 0.258787</i>
                        <i>0.226548 0.957783 0.176997 -0.139009 -0.148067 0.979159 0.964029 -0.246431 0.0995964 -1.04512 1.9497 0.258485</i>
                        <i>0.226344 0.957831 0.176997 -0.139013 -0.148088 0.979155 0.964077 -0.246231 0.0996318 -1.04512 1.94902 0.258485</i>
                        <i>0.225793 0.957961 0.176998 -0.139022 -0.148144 0.979146 0.964205 -0.245691 0.0997272 -1.04512 1.95115 0.258485</i>
                        <i>0.224991 0.958149 0.176999 -0.139034 -0.148227 0.979131 0.96439 -0.244905 0.099866 -1.04512 1.95544 0.258485</i>
                        <i>0.224034 0.958373 0.177001 -0.13905 -0.148326 0.979114 0.964611 -0.243967 0.100032 -1.04512 1.96126 0.258485</i>
                        <i>0.223012 0.958611 0.177004 -0.139067 -0.148434 0.979095 0.964845 -0.242965 0.100208 -1.04512 1.96795 0.258485</i>
                        <i>0.222013 0.958842 0.177009 -0.139084 -0.148541 0.979077 0.965073 -0.241986 0.100381 -1.04512 1.97487 0.258485</i>
                        <i>0.221114 0.959049 0.177014 -0.139099 -0.148638 0.97906 0.965277 -0.241107 0.100537 -1.04512 1.98137 0.258485</i>
                        <i>0.22039 0.959214 0.17702 -0.139111 -0.148717 0.979046 0.965441 -0.240397 0.100662 -1.04512 1.98682 0.258485</i>
                        <i>0.219906 0.959325 0.177024 -0.13912 -0.148771 0.979037 0.96555 -0.239924 0.100745 -1.04512 1.99056 0.258485</i>
                        <i>0.219729 0.959365 0.177026 -0.139123 -0.148791 0.979033 0.96559 -0.239751 0.100776 -1.04512 1.99195 0.258485</i>
                        <i>0.227123 0.959587 0.166157 -0.174204 -0.127832 0.976377 0.958159 -0.250703 0.13813 -1.06549 2.00709 0.235619</i>
                        <i>0.246541 0.958511 0.143086 -0.25773 -0.0774808 0.963105 0.934234 -0.274323 0.227935 -1.11772 2.04335 0.178342</i>
                        <i>0.272268 0.954447 0.122067 -0.356882 -0.0176447 0.933983 0.893591 -0.297857 0.335821 -1.18847 2.08701 0.103593</i>
                        <i>0.29531 0.948649 0.113391 -0.441673 0.0303132 0.896664 0.847182 -0.314875 0.427944 -1.26459 2.12467 0.0281328</i>
                        <i>0.305968 0.944262 0.121461 -0.487453 0.0457891 0.871948 0.817786 -0.325995 0.474293 -1.33308 2.14321 -0.0314391</i>
                        <i>0.303942 0.943358 0.133025 -0.484543 0.0328498 0.87415 0.820266 -0.330147 0.467082 -1.40484 2.13556 -0.0805155</i>
                        <i>0.296379 0.945117 0.137526 -0.44901 0.0107957 0.893461 0.842941 -0.326553 0.427567 -1.48881 2.1103 -0.130574</i>
                        <i>0.286344 0.947831 0.140085 -0.397303 -0.0155833 0.917555 0.87187 -0.318392 0.372113 -1.56907 2.078 -0.174248</i>
                        <i>0.277449 0.95008 0.142724 -0.348674 -0.0388528 0.936439 0.895237 -0.309578 0.320488 -1.62942 2.04944 -0.204845</i>
                        <i>0.2734 0.951026 0.14423 -0.325742 -0.0495447 0.94416 0.905066 -0.305115 0.296244 -1.65355 2.03564 -0.216418</i>
                        <i>0.272155 0.950902 0.147365 -0.327966 -0.052311 0.94324 0.904638 -0.305038 0.297627 -1.65382 2.03509 -0.216434</i>
                        <i>0.269559 0.950357 0.155431 -0.337809 -0.0578286 0.939437 0.901789 -0.305739 0.305451 -1.65354 2.03838 -0.216202</i>
                        <i>0.265873 0.949401 0.167182 -0.353342 -0.0653798 0.933207 0.896917 -0.307187 0.31808 -1.65282 2.04467 -0.215755</i>
                        <i>0.261376 0.948041 0.181386 -0.372626 -0.0742457 0.925007 0.890411 -0.309363 0.333859 -1.65179 2.05313 -0.21512</i>
                        <i>0.25638 0.946328 0.196807 -0.393749 -0.0837002 0.915399 0.882741 -0.312183 0.351156 -1.65059 2.06291 -0.214334</i>
                        <i>0.251253 0.944373 0.212208 -0.414854 -0.0930146 0.905121 0.87451 -0.31545 0.368407 -1.64933 2.07319 -0.213458</i>
                        <i>0.246413 0.942363 0.226346 -0.434165 -0.101467 0.895101 0.866476 -0.318836 0.384138 -1.64815 2.08312 -0.212574</i>
                        <i>0.242332 0.940554 0.237979 -0.449982 -0.108351 0.88644 0.85953 -0.321899 0.396975 -1.64717 2.09188 -0.21179</i>
                        <i>0.239513 0.939246 0.245868 -0.460667 -0.112979 0.880353 0.854646 -0.324119 0.405619 -1.6465 2.09864 -0.211229</i>
                        <i>0.238465 0.938747 0.248773 -0.464595 -0.114674 0.878067 0.85281 -0.324967 0.408792 -1.64625 2.10259 -0.211015</i>
                        <i>0.23839 0.938997 0.247902 -0.464578 -0.113899 0.878176 0.852841 -0.324519 0.409085 -1.64625 2.10388 -0.211015</i>
                        <i>0.238188 0.939668 0.245543 -0.464531 -0.111802 0.878471 0.852923 -0.323303 0.409875 -1.64625 2.10348 -0.211015</i>
                        <i>0.237893 0.940642 0.242075 -0.464457 -0.108721 0.878897 0.853045 -0.321517 0.411024 -1.64625 2.10177 -0.211015</i>
                        <i>0.237539 0.941801 0.237879 -0.464362 -0.104998 0.8794 0.853196 -0.319354 0.412395 -1.64625 2.0991 -0.211015</i>
                        <i>0.237159 0.943033 0.233333 -0.464252 -0.100966 0.87993 0.853361 -0.317009 0.413859 -1.64625 2.09584 -0.211015</i>
                        <i>0.236785 0.944236 0.228806 -0.464134 -0.0969569 0.880442 0.853529 -0.314672 0.415294 -1.64625 2.09235 -0.211015</i>
                        <i>0.236446 0.945315 0.224663 -0.464021 -0.0932912 0.880898 0.853685 -0.312533 0.416587 -1.64625 2.089 -0.211015</i>
                        <i>0.23617 0.946185 0.221264 -0.463923 -0.0902857 0.881263 0.853815 -0.310777 0.417634 -1.64625 2.08616 -0.211015</i>
                        <i>0.235984 0.946766 0.218963 -0.463854 -0.0882531 0.881505 0.853903 -0.309588 0.418335 -1.64625 2.08418 -0.211015</i>
                        <i>0.235916 0.946979 0.218117 -0.463828 -0.0875055 0.881593 0.853936 -0.309151 0.418591 -1.64625 2.08344 -0.211015</i>
                        <i>0.235916 0.946979 0.218117 -0.463828 -0.0875055 0.881593 0.853936 -0.309151 0.418591 -1.64625 2.08344 -0.211015</i>
                        <i>0.235916 0.946979 0.218117 -0.463828 -0.0875055 0.881593 0.853936 -0.309151 0.418591 -1.64625 2.08344 -0.211015</i>
                        <i>0.235916 0.946979 0.218117 -0.463828 -0.0875055 0.881593 0.853936 -0.309151 0.418591 -1.64625 2.08344 -0.211015</i>
                        <i>0.235916 0.946979 0.218117 -0.463828 -0.0875055 0.881593 0.853936 -0.309151 0.418591 -1.64625 2.08344 -0.211015</i>
                        <i>0.235916 0.946979 0.218117 -0.463828 -0.0875055 0.881593 0.853936 -0.309151 0.418591 -1.64625 2.08344 -0.211015</i>
                        <i>0.235916 0.946979 0.218117 -0.463828 -0.0875055 0.881593 0.853936 -0.309151 0.418591 -1.64625 2.08344 -0.211015</i>
                        <i>0.235916 0.946979 0.218117 -0.463828 -0.0875055 0.881593 0.853936 -0.309151 0.418591 -1.64625 2.08344 -0.211015</i>
                        <i>0.235916 0.946979 0.218117 -0.463828 -0.0875055 0.881593 0.853936 -0.309151 0.418591 -1.64625 2.08344 -0.211015</i>
                        <i>0.235916 0.946979 0.218117 -0.463828 -0.0875055 0.881593 0.853936 -0.309151 0.418591 -1.64625 2.08344 -0.211015</i>
                        <i>0.235916 0.946979 0.218117 -0.463828 -0.0875055 0.881593 0.853936 -0.309151 0.418591 -1.64625 2.08344 -0.211015</i>
                    </KeyFrames>
                </p>
            </i>
            <i>
                <p>
                    <Name><![CDATA[spine1]]></Name>
                    <Exclude>0</Exclude>
                    <Additive>0</Additive>
                    <IKPriority>0</IKPriority>
                    <IKRotLimits>-1e+010 -1e+010 -1e+010 1e+010 1e+010 1e+010</IKRotLimits>
                    <IKRotLimitOrder>0</IKRotLimitOrder>
                    <KeyFrames count="130">
                        <i>0.511506 0.723759 0.46318 -0.612204 -0.0712927 0.787479 0.602966 -0.686361 0.406621 -1.60476 2.25009 -0.172645</i>
                        <i>0.517135 0.724493 0.455721 -0.603488 -0.0689231 0.794388 0.606938 -0.685828 0.40158 -1.60498 2.25433 -0.17327</i>
                        <i>0.531966 0.726067 0.435706 -0.579481 -0.0630338 0.812545 0.617426 -0.684729 0.38721 -1.60544 2.26373 -0.174667</i>
                        <i>0.552716 0.727503 0.406502 -0.543276 -0.0553418 0.837728 0.631947 -0.683868 0.364647 -1.60578 2.27334 -0.17616</i>
                        <i>0.576526 0.727679 0.37162 -0.498329 -0.0472889 0.865697 0.647523 -0.684286 0.33536 -1.60559 2.27818 -0.177199</i>
                        <i>0.600282 0.726663 0.334101 -0.449059 -0.0394497 0.892631 0.661822 -0.685861 0.302633 -1.60488 2.27711 -0.177839</i>
                        <i>0.620777 0.725529 0.297059 -0.400773 -0.0319802 0.915619 0.673808 -0.687448 0.27092 -1.60414 2.27324 -0.178436</i>
                        <i>0.636372 0.724508 0.264799 -0.359065 -0.0256006 0.932961 0.682717 -0.688791 0.243854 -1.60348 2.268 -0.178969</i>
                        <i>0.646207 0.723775 0.242003 -0.329787 -0.0211346 0.943819 0.688227 -0.689712 0.225035 -1.603 2.26284 -0.17936</i>
                        <i>0.649681 0.723491 0.233398 -0.31877 -0.0194562 0.947632 0.690145 -0.690059 0.217987 -1.60282 2.2592 -0.179511</i>
                        <i>0.649381 0.723807 0.233255 -0.318752 -0.0194114 0.947639 0.690436 -0.689729 0.21811 -1.60286 2.25669 -0.179527</i>
                        <i>0.648321 0.724918 0.232752 -0.31869 -0.0192537 0.947663 0.691459 -0.688566 0.218542 -1.60298 2.25405 -0.179582</i>
                        <i>0.646262 0.727067 0.231776 -0.31857 -0.0189481 0.94771 0.69344 -0.686305 0.219376 -1.60322 2.25139 -0.179689</i>
                        <i>0.642954 0.730488 0.230209 -0.31838 -0.0184598 0.947783 0.696594 -0.682676 0.220704 -1.6036 2.24884 -0.179861</i>
                        <i>0.638141 0.735407 0.227932 -0.318107 -0.0177547 0.947889 0.701131 -0.677393 0.222608 -1.60414 2.24651 -0.180108</i>
