<?xml version="1.0" encoding="ISO-8859-1" ?>
<Animl Version="1">
    <ModellingPackage><![CDATA[Maya.2010]]></ModellingPackage>
    <SrcFile><![CDATA[anims\turrets\antitank\red\~src\at_at4spigot\at_at4spigot_aim_random_crewman_b.mb]]></SrcFile>
    <FramesPerSecond>30</FramesPerSecond>
    <TotalFrames>60</TotalFrames>
    <Skeleton>
        <RefFrame>
            <Name><![CDATA[soldier_ref_frame]]></Name>
            <Exclude>0</Exclude>
            <Additive>0</Additive>
            <IKPriority>0</IKPriority>
            <IKRotLimits>-1e+010 -1e+010 -1e+010 1e+010 1e+010 1e+010</IKRotLimits>
            <IKRotLimitOrder>0</IKRotLimitOrder>
            <KeyFrames count="60">
                <i>1 0 0 0 1 0 0 0 1 0.76 0.92 -2.22</i>
                <i>1 0 0 0 1 0 0 0 1 0.76 0.92 -2.22</i>
                <i>1 0 0 0 1 0 0 0 1 0.76 0.92 -2.22</i>
                <i>1 0 0 0 1 0 0 0 1 0.76 0.92 -2.22</i>
                <i>1 0 0 0 1 0 0 0 1 0.76 0.92 -2.22</i>
                <i>1 0 0 0 1 0 0 0 1 0.76 0.92 -2.22</i>
                <i>1 0 0 0 1 0 0 0 1 0.76 0.92 -2.22</i>
                <i>1 0 0 0 1 0 0 0 1 0.76 0.92 -2.22</i>
                <i>1 0 0 0 1 0 0 0 1 0.76 0.92 -2.22</i>
                <i>1 0 0 0 1 0 0 0 1 0.76 0.92 -2.22</i>
                <i>1 0 0 0 1 0 0 0 1 0.76 0.92 -2.22</i>
                <i>1 0 0 0 1 0 0 0 1 0.76 0.92 -2.22</i>
                <i>1 0 0 0 1 0 0 0 1 0.76 0.92 -2.22</i>
                <i>1 0 0 0 1 0 0 0 1 0.76 0.92 -2.22</i>
                <i>1 0 0 0 1 0 0 0 1 0.76 0.92 -2.22</i>
                <i>1 0 0 0 1 0 0 0 1 0.76 0.92 -2.22</i>
                <i>1 0 0 0 1 0 0 0 1 0.76 0.92 -2.22</i>
                <i>1 0 0 0 1 0 0 0 1 0.76 0.92 -2.22</i>
                <i>1 0 0 0 1 0 0 0 1 0.76 0.92 -2.22</i>
                <i>1 0 0 0 1 0 0 0 1 0.76 0.92 -2.22</i>
                <i>1 0 0 0 1 0 0 0 1 0.76 0.92 -2.22</i>
                <i>1 0 0 0 1 0 0 0 1 0.76 0.92 -2.22</i>
                <i>1 0 0 0 1 0 0 0 1 0.76 0.92 -2.22</i>
                <i>1 0 0 0 1 0 0 0 1 0.76 0.92 -2.22</i>
                <i>1 0 0 0 1 0 0 0 1 0.76 0.92 -2.22</i>
                <i>1 0 0 0 1 0 0 0 1 0.76 0.92 -2.22</i>
                <i>1 0 0 0 1 0 0 0 1 0.76 0.92 -2.22</i>
                <i>1 0 0 0 1 0 0 0 1 0.76 0.92 -2.22</i>
                <i>1 0 0 0 1 0 0 0 1 0.76 0.92 -2.22</i>
                <i>1 0 0 0 1 0 0 0 1 0.76 0.92 -2.22</i>
                <i>1 0 0 0 1 0 0 0 1 0.76 0.92 -2.22</i>
                <i>1 0 0 0 1 0 0 0 1 0.76 0.92 -2.22</i>
                <i>1 0 0 0 1 0 0 0 1 0.76 0.92 -2.22</i>
                <i>1 0 0 0 1 0 0 0 1 0.76 0.92 -2.22</i>
                <i>1 0 0 0 1 0 0 0 1 0.76 0.92 -2.22</i>
                <i>1 0 0 0 1 0 0 0 1 0.76 0.92 -2.22</i>
                <i>1 0 0 0 1 0 0 0 1 0.76 0.92 -2.22</i>
                <i>1 0 0 0 1 0 0 0 1 0.76 0.92 -2.22</i>
                <i>1 0 0 0 1 0 0 0 1 0.76 0.92 -2.22</i>
                <i>1 0 0 0 1 0 0 0 1 0.76 0.92 -2.22</i>
                <i>1 0 0 0 1 0 0 0 1 0.76 0.92 -2.22</i>
                <i>1 0 0 0 1 0 0 0 1 0.76 0.92 -2.22</i>
                <i>1 0 0 0 1 0 0 0 1 0.76 0.92 -2.22</i>
                <i>1 0 0 0 1 0 0 0 1 0.76 0.92 -2.22</i>
                <i>1 0 0 0 1 0 0 0 1 0.76 0.92 -2.22</i>
                <i>1 0 0 0 1 0 0 0 1 0.76 0.92 -2.22</i>
                <i>1 0 0 0 1 0 0 0 1 0.76 0.92 -2.22</i>
                <i>1 0 0 0 1 0 0 0 1 0.76 0.92 -2.22</i>
                <i>1 0 0 0 1 0 0 0 1 0.76 0.92 -2.22</i>
                <i>1 0 0 0 1 0 0 0 1 0.76 0.92 -2.22</i>
                <i>1 0 0 0 1 0 0 0 1 0.76 0.92 -2.22</i>
                <i>1 0 0 0 1 0 0 0 1 0.76 0.92 -2.22</i>
                <i>1 0 0 0 1 0 0 0 1 0.76 0.92 -2.22</i>
                <i>1 0 0 0 1 0 0 0 1 0.76 0.92 -2.22</i>
                <i>1 0 0 0 1 0 0 0 1 0.76 0.92 -2.22</i>
                <i>1 0 0 0 1 0 0 0 1 0.76 0.92 -2.22</i>
                <i>1 0 0 0 1 0 0 0 1 0.76 0.92 -2.22</i>
                <i>1 0 0 0 1 0 0 0 1 0.76 0.92 -2.22</i>
                <i>1 0 0 0 1 0 0 0 1 0.76 0.92 -2.22</i>
                <i>1 0 0 0 1 0 0 0 1 0.76 0.92 -2.22</i>
            </KeyFrames>
        </RefFrame>
        <Bones count="23">
            <i>
                <p>
                    <Name><![CDATA[pelvis]]></Name>
                    <Exclude>0</Exclude>
                    <Additive>0</Additive>
                    <IKPriority>0</IKPriority>
                    <IKRotLimits>-1e+010 -1e+010 -1e+010 1e+010 1e+010 1e+010</IKRotLimits>
                    <IKRotLimitOrder>2</IKRotLimitOrder>
                    <KeyFrames count="60">
                        <i>1 0 0 0 1 0 0 0 1 0.760021 1.45068 -2.21572</i>
                        <i>1 0 0 0 1 0 0 0 1 0.759166 1.44371 -2.21731</i>
                        <i>1 0 0 0 1 0 0 0 1 0.756832 1.42871 -2.22167</i>
                        <i>1 0 0 0 1 0 0 0 1 0.753372 1.41452 -2.22812</i>
                        <i>1 0 0 0 1 0 0 0 1 0.749137 1.41 -2.23603</i>
                        <i>1 0 0 0 1 0 0 0 1 0.744476 1.41871 -2.24473</i>
                        <i>1 0 0 0 1 0 0 0 1 0.739742 1.43501 -2.25356</i>
                        <i>1 0 0 0 1 0 0 0 1 0.735285 1.45397 -2.26188</i>
                        <i>1 0 0 0 1 0 0 0 1 0.731455 1.47061 -2.26902</i>
                        <i>1 0 0 0 1 0 0 0 1 0.728605 1.48 -2.27434</i>
                        <i>1 0 0 0 1 0 0 0 1 0.727169 1.47981 -2.27702</i>
                        <i>1 0 0 0 1 0 0 0 1 0.726989 1.47333 -2.27736</i>
                        <i>1 0 0 0 1 0 0 0 1 0.727528 1.46406 -2.27635</i>
                        <i>1 0 0 0 1 0 0 0 1 0.728246 1.45548 -2.27501</i>
                        <i>1 0 0 0 1 0 0 0 1 0.728605 1.45108 -2.27434</i>
                        <i>1 0 0 0 1 0 0 0 1 0.728704 1.44994 -2.27434</i>
                        <i>1 0 0 0 1 0 0 0 1 0.728982 1.44884 -2.27431</i>
                        <i>1 0 0 0 1 0 0 0 1 0.729405 1.44779 -2.27428</i>
                        <i>1 0 0 0 1 0 0 0 1 0.729944 1.44681 -2.27424</i>
                        <i>1 0 0 0 1 0 0 0 1 0.730567 1.44591 -2.27419</i>
                        <i>1 0 0 0 1 0 0 0 1 0.731242 1.44511 -2.27413</i>
                        <i>1 0 0 0 1 0 0 0 1 0.731938 1.44441 -2.27408</i>
                        <i>1 0 0 0 1 0 0 0 1 0.732623 1.44383 -2.27402</i>
                        <i>1 0 0 0 1 0 0 0 1 0.733267 1.44339 -2.27397</i>
                        <i>1 0 0 0 1 0 0 0 1 0.733837 1.44309 -2.27393</i>
                        <i>1 0 0 0 1 0 0 0 1 0.734303 1.44295 -2.27389</i>
                        <i>1 0 0 0 1 0 0 0 1 0.734633 1.44299 -2.27386</i>
                        <i>1 0 0 0 1 0 0 0 1 0.734795 1.44321 -2.27385</i>
                        <i>1 0 0 0 1 0 0 0 1 0.734758 1.44363 -2.27385</i>
                        <i>1 0 0 0 1 0 0 0 1 0.734491 1.44426 -2.27388</i>
                        <i>1 0 0 0 1 0 0 0 1 0.733963 1.44512 -2.27392</i>
                        <i>1 0 0 0 1 0 0 0 1 0.733141 1.44622 -2.27398</i>
                        <i>1 0 0 0 1 0 0 0 1 0.731995 1.44757 -2.27407</i>
                        <i>1 0 0 0 1 0 0 0 1 0.730494 1.44918 -2.27419</i>
                        <i>1 0 0 0 1 0 0 0 1 0.728605 1.45108 -2.27434</i>
                        <i>1 0 0 0 1 0 0 0 1 0.724821 1.45943 -2.27465</i>
                        <i>1 0 0 0 1 0 0 0 1 0.71825 1.47538 -2.27517</i>
                        <i>1 0 0 0 1 0 0 0 1 0.709778 1.49141 -2.27584</i>
                        <i>1 0 0 0 1 0 0 0 1 0.700294 1.5 -2.2766</i>
                        <i>1 0 0 0 1 0 0 0 1 0.690686 1.49725 -2.27737</i>
                        <i>1 0 0 0 1 0 0 0 1 0.681842 1.48781 -2.27807</i>
                        <i>1 0 0 0 1 0 0 0 1 0.674651 1.47696 -2.27864</i>
                        <i>1 0 0 0 1 0 0 0 1 0.67 1.47 -2.27901</i>
                        <i>1 0 0 0 1 0 0 0 1 0.67 1.46687 -2.27901</i>
                        <i>1 0 0 0 1 0 0 0 1 0.67 1.46399 -2.27901</i>
                        <i>1 0 0 0 1 0 0 0 1 0.67 1.46138 -2.27901</i>
                        <i>1 0 0 0 1 0 0 0 1 0.67 1.45904 -2.27901</i>
                        <i>1 0 0 0 1 0 0 0 1 0.67 1.45699 -2.27901</i>
                        <i>1 0 0 0 1 0 0 0 1 0.67 1.45523 -2.27901</i>
                        <i>1 0 0 0 1 0 0 0 1 0.67 1.45377 -2.27901</i>
                        <i>1 0 0 0 1 0 0 0 1 0.67 1.45262 -2.27901</i>
                        <i>1 0 0 0 1 0 0 0 1 0.67 1.45179 -2.27901</i>
                        <i>1 0 0 0 1 0 0 0 1 0.67 1.45128 -2.27901</i>
                        <i>1 0 0 0 1 0 0 0 1 0.67 1.45111 -2.27901</i>
                        <i>1 0 0 0 1 0 0 0 1 0.680346 1.45029 -2.27174</i>
                        <i>1 0 0 0 1 0 0 0 1 0.698046 1.44999 -2.25929</i>
                        <i>1 0 0 0 1 0 0 0 1 0.718982 1.45004 -2.24457</i>
                        <i>1 0 0 0 1 0 0 0 1 0.739036 1.45028 -2.23047</i>
                        <i>1 0 0 0 1 0 0 0 1 0.754089 1.45055 -2.21989</i>
                        <i>1 0 0 0 1 0 0 0 1 0.760021 1.45068 -2.21572</i>
                    </KeyFrames>
                </p>
            </i>
            <i>
                <p>
                    <Name><![CDATA[spine0]]></Name>
                    <Exclude>0</Exclude>
                    <Additive>0</Additive>
                    <IKPriority>0</IKPriority>
                    <IKRotLimits>-1e+010 -1e+010 -1e+010 1e+010 1e+010 1e+010</IKRotLimits>
                    <IKRotLimitOrder>0</IKRotLimitOrder>
                    <KeyFrames count="60">
                        <i>-0.126341 0.990349 0.0569814 -0.783813 -0.0644553 -0.617643 -0.608009 -0.122696 0.784392 0.780539 1.58616 -2.25953</i>
                        <i>-0.122563 0.990853 0.0564624 -0.788359 -0.0626405 -0.612019 -0.602884 -0.119524 0.788825 0.78151 1.57805 -2.26367</i>
                        <i>-0.113035 0.99204 0.0554975 -0.800582 -0.0578544 -0.596424 -0.588466 -0.111847 0.800748 0.782786 1.56033 -2.2736</i>
                        <i>-0.0999647 0.993542 0.0536852 -0.818248 -0.0513895 -0.572564 -0.566108 -0.101164 0.8181 0.782028 1.54323 -2.28565</i>
                        <i>-0.0850425 0.995189 0.0486406 -0.839303 -0.0452417 -0.541778 -0.536971 -0.0868984 0.839113 0.777421 1.53764 -2.29606</i>
                        <i>-0.0711584 0.996659 0.0400797 -0.861641 -0.0411764 -0.505846 -0.502505 -0.0705294 0.861692 0.769061 1.54806 -2.30268</i>
                        <i>-0.061132 0.997636 0.0313978 -0.882884 -0.0393733 -0.467938 -0.465595 -0.0563266 0.883203 0.759201 1.5674 -2.3064</i>
                        <i>-0.0556621 0.998139 0.0248944 -0.90121 -0.0394928 -0.43158 -0.429794 -0.0464577 0.901731 0.749557 1.58946 -2.30806</i>
                        <i>-0.0534471 0.998362 0.0203924 -0.915514 -0.0408372 -0.400209 -0.398721 -0.0400595 0.916197 0.741513 1.60847 -2.30892</i>
                        <i>-0.0524304 0.998494 0.016141 -0.925277 -0.042493 -0.376904 -0.375651 -0.0346961 0.926112 0.736139 1.61904 -2.31052</i>
                        <i>-0.0518759 0.998589 0.0113715 -0.929837 -0.0441442 -0.365315 -0.364298 -0.0295247 0.930814 0.733778 1.61892 -2.31309</i>
                        <i>-0.0519008 0.99863 0.00671722 -0.930158 -0.0458919 -0.364279 -0.363472 -0.0251545 0.931266 0.733508 1.61184 -2.3157</i>
                        <i>-0.0521677 0.998635 0.00255536 -0.928043 -0.0475347 -0.369427 -0.368802 -0.0216437 0.929256 0.734444 1.60155 -2.31814</i>
                        <i>-0.0525525 0.998618 -0.000754079 -0.925257 -0.0489759 -0.376165 -0.375682 -0.0190707 0.926552 0.735682 1.59185 -2.32024</i>
                        <i>-0.052947 0.998593 -0.00300285 -0.923803 -0.0501229 -0.379573 -0.379189 -0.0173232 0.925157 0.736219 1.58665 -2.32188</i>
                        <i>-0.0533509 0.998566 -0.00443781 -0.923721 -0.0510394 -0.37965 -0.379332 -0.0161554 0.925119 0.736147 1.58504 -2.3232</i>
                        <i>-0.0538404 0.998535 -0.00543833 -0.923612 -0.0518692 -0.379803 -0.379528 -0.0154258 0.925052 0.73625 1.58348 -2.32446</i>
                        <i>-0.0543936 0.998501 -0.00614755 -0.92348 -0.0526465 -0.380018 -0.379772 -0.0149934 0.924959 0.736496 1.58198 -2.32565</i>
                        <i>-0.0549891 0.998464 -0.00671081 -0.923326 -0.0534069 -0.380285 -0.380059 -0.0147152 0.924845 0.736853 1.58055 -2.32679</i>
                        <i>-0.0556056 0.998426 -0.00727608 -0.923154 -0.0541871 -0.380592 -0.380387 -0.0144461 0.924714 0.737291 1.57921 -2.32788</i>
                        <i>-0.0562225 0.998386 -0.00799425 -0.922966 -0.0550255 -0.380928 -0.380753 -0.0140383 0.92457 0.737778 1.57796 -2.32894</i>
                        <i>-0.0568193 0.998344 -0.00901914 -0.922763 -0.0559623 -0.381282 -0.381156 -0.0133417 0.924415 0.738284 1.57682 -2.32996</i>
                        <i>-0.0573759 0.998297 -0.0105073 -0.922548 -0.0570392 -0.381643 -0.381593 -0.0122036 0.92425 0.738776 1.5758 -2.33096</i>
                        <i>-0.0578725 0.998244 -0.0126179 -0.922322 -0.0582994 -0.382 -0.382065 -0.0104696 0.924076 0.739224 1.57492 -2.33195</i>
                        <i>-0.0583002 0.998181 -0.0153683 -0.922087 -0.0597425 -0.382344 -0.382567 -0.00811983 0.923892 0.739597 1.57417 -2.33293</i>
                        <i>-0.058664 0.998105 -0.0185834 -0.921847 -0.0613068 -0.382675 -0.383089 -0.00531816 0.923696 0.739864 1.57358 -2.33391</i>
                        <i>-0.0589648 0.998015 -0.0221329 -0.921604 -0.062944 -0.382993 -0.383626 -0.00218534 0.923486 0.739993 1.57315 -2.3349</i>
                        <i>-0.0592031 0.99791 -0.025884 -0.921361 -0.0646038 -0.383302 -0.384173 0.00115588 0.92326 0.739954 1.5729 -2.33591</i>
                        <i>-0.0593788 0.997794 -0.0297019 -0.921119 -0.0662349 -0.383605 -0.384726 0.00458096 0.92302 0.739716 1.57283 -2.33693</i>
                        <i>-0.0594919 0.997668 -0.0334494 -0.920879 -0.0677845 -0.383911 -0.385283 0.00796328 0.922764 0.739248 1.57296 -2.33799</i>
                        <i>-0.0595421 0.99754 -0.0369871 -0.92064 -0.0691986 -0.384231 -0.385845 0.0111739 0.922496 0.738518 1.57329 -2.33909</i>
                        <i>-0.0595299 0.997418 -0.0401728 -0.920402 -0.0704229 -0.384578 -0.386414 0.0140813 0.922218 0.737497 1.57385 -2.34022</i>
                        <i>-0.0594567 0.99731 -0.0428607 -0.920164 -0.071402 -0.384968 -0.386993 0.01655 0.921934 0.736154 1.57463 -2.34141</i>
                        <i>-0.0593255 0.997228 -0.044901 -0.919921 -0.0720803 -0.385421 -0.387589 0.0184401 0.921648 0.734457 1.57565 -2.34266</i>
                        <i>-0.0591415 0.997183 -0.0461381 -0.91967 -0.0724021 -0.385959 -0.388213 0.0196056 0.921361 0.732376 1.57691 -2.34397</i>
                        <i>-0.0595456 0.997351 -0.0417673 -0.919508 -0.0710877 -0.386589 -0.388534 0.0153857 0.921306 0.728226 1.58444 -2.34575</i>
                        <i>-0.0604648 0.997691 -0.0309452 -0.919305 -0.0677386 -0.387672 -0.388873 0.00500753 0.921278 0.721131 1.59931 -2.34816</i>
                        <i>-0.0608247 0.997954 -0.0196829 -0.918815 -0.0636837 -0.389517 -0.389974 -0.00560731 0.920809 0.712263 1.61414 -2.35086</i>
                        <i>-0.0594374 0.998127 -0.0145063 -0.918 -0.0603625 -0.391959 -0.392101 -0.00998028 0.919868 0.70278 1.62156 -2.3535</i>
                        <i>-0.0565235 0.998278 -0.0157011 -0.916882 -0.058126 -0.394903 -0.395136 -0.00792521 0.918589 0.693663 1.61818 -2.35524</i>
                        <i>-0.0533374 0.998394 -0.019078 -0.915356 -0.0565191 -0.398659 -0.399097 -0.00380028 0.916901 0.685646 1.60867 -2.35601</i>
                        <i>-0.0500531 0.998441 -0.0247012 -0.913429 -0.0557655 -0.403159 -0.403908 0.00238349 0.914797 0.67948 1.59779 -2.35658</i>
                        <i>-0.0467542 0.998399 -0.0318315 -0.911196 -0.0556848 -0.408192 -0.409311 0.00992006 0.912341 0.67601 1.59084 -2.35685</i>
                        <i>-0.0443885 0.998244 -0.0392352 -0.908767 -0.0566597 -0.413439 -0.414936 0.0173037 0.909686 0.6773 1.58776 -2.35666</i>
                        <i>-0.0416188 0.998113 -0.0451537 -0.906178 -0.0567438 -0.419071 -0.420843 0.0234761 0.90683 0.678655 1.58498 -2.35636</i>
                        <i>-0.0385931 0.998028 -0.0495036 -0.903529 -0.0560121 -0.42485 -0.426785 0.0283317 0.903909 0.680027 1.58252 -2.35596</i>
                        <i>-0.0353625 0.997962 -0.05311 -0.900936 -0.0548335 -0.430473 -0.432508 0.0326261 0.901039 0.681373 1.58039 -2.35544</i>
                        <i>-0.0320793 0.997918 -0.0559497 -0.898512 -0.0533119 -0.435699 -0.437775 0.0362945 0.898352 0.682645 1.57862 -2.3548</i>
                        <i>-0.0288968 0.997898 -0.0580017 -0.896377 -0.0515481 -0.440286 -0.44235 0.0392685 0.895982 0.683799 1.57721 -2.35402</i>
                        <i>-0.025966 0.997905 -0.05925 -0.894655 -0.0496411 -0.443992 -0.446003 0.0414796 0.89407 0.684791 1.57619 -2.35312</i>
                        <i>-0.0234332 0.997942 -0.0596831 -0.893474 -0.0476881 -0.446576 -0.448503 0.0428606 0.892753 0.685577 1.57557 -2.35206</i>
                        <i>-0.0214391 0.99801 -0.0592923 -0.892963 -0.0457862 -0.447795 -0.449619 0.0433456 0.892168 0.686114 1.57538 -2.35085</i>
                        <i>-0.0201186 0.99811 -0.0580665 -0.893249 -0.0440332 -0.447401 -0.449112 0.0428667 0.892446 0.686364 1.57563 -2.34948</i>
                        <i>-0.0198652 0.998301 -0.0547705 -0.896261 -0.0420586 -0.441528 -0.443082 0.0403176 0.895574 0.68579 1.57678 -2.34723</i>
                        <i>-0.025526 0.998982 -0.037201 -0.889483 -0.0396808 -0.455241 -0.456254 0.0214692 0.889591 0.696545 1.57792 -2.33612</i>
                        <i>-0.039753 0.999157 -0.0102789 -0.871402 -0.0397003 -0.488961 -0.488956 -0.0104806 0.872245 0.715547 1.57986 -2.31864</i>
                        <i>-0.0630348 0.997855 0.0176348 -0.845688 -0.044023 -0.531858 -0.529941 -0.0484392 0.84665 0.737867 1.58208 -2.29846</i>
                        <i>-0.0912856 0.995033 0.0397082 -0.817377 -0.0520913 -0.573743 -0.568824 -0.084831 0.818072 0.758911 1.58412 -2.27935</i>
                        <i>-0.115908 0.991858 0.0527611 -0.793737 -0.0605606 -0.605239 -0.597116 -0.112031 0.794293 0.774464 1.58559 -2.26511</i>
                        <i>-0.126341 0.990349 0.0569814 -0.783813 -0.0644553 -0.617643 -0.608009 -0.122696 0.784392 0.780539 1.58616 -2.25953</i>
                    </KeyFrames>
                </p>
            </i>
            <i>
                <p>
                    <Name><![CDATA[spine1]]></Name>
                    <Exclude>0</Exclude>
                    <Additive>0</Additive>
                    <IKPriority>0</IKPriority>
                    <IKRotLimits>-1e+010 -1e+010 -1e+010 1e+010 1e+010 1e+010</IKRotLimits>
                    <IKRotLimitOrder>0</IKRotLimitOrder>
                    <KeyFrames count="60">
                        <i>-0.297428 0.869786 0.393711 -0.862928 -0.0684537 -0.500669 -0.408524 -0.488657 0.770923 0.758095 1.76227 -2.24943</i>
                        <i>-0.301223 0.860827 0.410172 -0.86793 -0.0693638 -0.491819 -0.39492 -0.504148 0.768032 0.759584 1.75554 -2.25359</i>
                        <i>-0.302298 0.843713 0.443582 -0.881501 -0.0703587 -0.466911 -0.362729 -0.532164 0.765003 0.762258 1.74084 -2.26356</i>
                        <i>-0.288009 0.833575 0.471385 -0.900922 -0.0689818 -0.428464 -0.32464 -0.548082 0.770853 0.763629 1.72655 -2.27581</i>
                        <i>-0.251634 0.844412 0.472915 -0.923073 -0.0625296 -0.379509 -0.290891 -0.532032 0.795188 0.761752 1.72153 -2.28714</i>
                        <i>-0.196599 0.877779 0.436867 -0.944829 -0.0505413 -0.323641 -0.262006 -0.476392 0.839288 0.756133 1.72959 -2.29543</i>
                        <i>-0.136558 0.918715 0.370561 -0.963577 -0.0363598 -0.264948 -0.229938 -0.393244 0.890218 0.748322 1.74526 -2.30084</i>
                        <i>-0.0822528 0.95505 0.284806 -0.977885 -0.0222029 -0.207962 -0.192291 -0.295612 0.935755 0.739846 1.76375 -2.30373</i>
                        <i>-0.0418209 0.979003 0.199512 -0.987405 -0.0100024 -0.157894 -0.152584 -0.203602 0.967091 0.732318 1.78026 -2.30541</i>
                        <i>-0.0189385 0.989986 0.139887 -0.99271 -0.00196201 -0.120512 -0.119031 -0.141149 0.982806 0.727177 1.7897 -2.30776</i>
                        <i>-0.0105312 0.992742 0.119804 -0.99477 0.00177113 -0.10212 -0.101591 -0.120253 0.987531 0.724916 1.78948 -2.31115</i>
                        <i>-0.009418 0.991697 0.128248 -0.994944 0.00353063 -0.100365 -0.0999849 -0.128545 0.98665 0.72462 1.78285 -2.31454</i>
                        <i>-0.0122449 0.988236 0.152446 -0.994132 0.00435608 -0.10809 -0.107483 -0.152875 0.982383 0.72547 1.77336 -2.3177</i>
                        <i>-0.0162746 0.983614 0.179554 -0.992993 0.0051217 -0.118061 -0.117046 -0.180217 0.976638 0.726595 1.76458 -2.32038</i>
                        <i>-0.0179817 0.980152 0.197431 -0.992385 0.0065696 -0.123 -0.121855 -0.19814 0.97257 0.72703 1.76004 -2.32241</i>
                        <i>-0.0172184 0.978076 0.207534 -0.992403 0.00857177 -0.122734 -0.121822 -0.208071 0.970498 0.726869 1.75881 -2.32399</i>
                        <i>-0.0165364 0.975652 0.218701 -0.992471 0.0105314 -0.122024 -0.121357 -0.219072 0.968132 0.726866 1.75764 -2.32542</i>
                        <i>-0.0158923 0.97296 0.230426 -0.99258 0.0124324 -0.120953 -0.120547 -0.230639 0.965544 0.726995 1.75654 -2.32674</i>
                        <i>-0.0152447 0.970104 0.242209 -0.99272 0.0142612 -0.119602 -0.11948 -0.242269 0.962824 0.727227 1.75551 -2.32799</i>
                        <i>-0.0145547 0.967211 0.253556 -0.992878 0.0160083 -0.118058 -0.118246 -0.253468 0.960089 0.727535 1.75456 -2.32918</i>
                        <i>-0.0137867 0.96443 0.263979 -0.993044 0.0176682 -0.116413 -0.116936 -0.263747 0.957478 0.727893 1.75369 -2.33037</i>
                        <i>-0.012908 0.961929 0.272995 -0.993207 0.0192404 -0.114758 -0.115641 -0.272622 0.955146 0.728272 1.75293 -2.33158</i>
                        <i>-0.0118891 0.959889 0.280127 -0.993357 0.0207282 -0.113188 -0.114454 -0.279612 0.953267 0.728646 1.75227 -2.33285</i>
                        <i>-0.0107022 0.958497 0.284901 -0.993484 0.0221389 -0.111802 -0.113469 -0.284241 0.952015 0.728987 1.75172 -2.33422</i>
                        <i>-0.00935248 0.957791 0.287315 -0.993578 0.0235008 -0.110685 -0.112765 -0.286505 0.95142 0.729266 1.75129 -2.33569</i>
                        <i>-0.00788647 0.957603 0.287982 -0.993632 0.024867 -0.109899 -0.112401 -0.287015 0.951309 0.729451 1.75099 -2.33725</i>
                        <i>-0.00633712 0.957802 0.287358 -0.993638 0.0262818 -0.109514 -0.112445 -0.286224 0.951542 0.72951 1.75084 -2.33888</i>
                        <i>-0.00473535 0.95825 0.285892 -0.993588 0.027788 -0.109597 -0.112966 -0.284577 0.951974 0.729412 1.75086 -2.34056</i>
                        <i>-0.00311072 0.958811 0.284028 -0.993472 0.0294267 -0.110218 -0.114036 -0.282517 0.95246 0.729126 1.75107 -2.34228</i>
                        <i>-0.00149201 0.959351 0.282211 -0.99328 0.0312388 -0.111445 -0.11573 -0.280481 0.952857 0.72862 1.75147 -2.34402</i>
                        <i>9.18847e-005 0.959743 0.28088 -0.992999 0.0332668 -0.113345 -0.118126 -0.278903 0.953026 0.727865 1.75209 -2.34576</i>
                        <i>0.00161109 0.959862 0.280468 -0.992614 0.0355572 -0.115987 -0.121305 -0.27821 0.95283 0.726827 1.75294 -2.34748</i>
                        <i>0.00303407 0.959584 0.281406 -0.992108 0.0381633 -0.119439 -0.125351 -0.278823 0.952127 0.725476 1.75406 -2.34917</i>
                        <i>0.0043264 0.958781 0.284115 -0.991458 0.0411487 -0.123764 -0.130353 -0.281152 0.950769 0.72378 1.75546 -2.35081</i>
                        <i>0.00544992 0.957312 0.289005 -0.990638 0.0445919 -0.129027 -0.136406 -0.285596 0.948593 0.721707 1.75716 -2.35236</i>
                        <i>0.00548497 0.951263 0.308333 -0.989065 0.0506047 -0.13853 -0.147382 -0.304201 0.941138 0.717436 1.76557 -2.35339</i>
                        <i>0.0041999 0.939434 0.342703 -0.986109 0.0607965 -0.154573 -0.166047 -0.337293 0.92664 0.710096 1.78184 -2.35388</i>
                        <i>0.00262275 0.926745 0.375681 -0.981654 0.0740104 -0.175719 -0.190651 -0.368328 0.909938 0.70108 1.79811 -2.35456</i>
                        <i>0.00195019 0.919862 0.392238 -0.975737 0.0876267 -0.200647 -0.218938 -0.38233 0.897714 0.691798 1.80653 -2.35627</i>
                        <i>0.00176777 0.921457 0.388476 -0.968922 0.0976723 -0.227268 -0.247361 -0.376001 0.892993 0.683213 1.80334 -2.35823</i>
                        <i>0.000951141 0.927319 0.374272 -0.962012 0.103027 -0.252821 -0.273005 -0.359814 0.89219 0.675807 1.79345 -2.35962</i>
                        <i>-0.000127694 0.934583 0.355746 -0.955729 0.104564 -0.275043 -0.294249 -0.340032 0.893194 0.670273 1.7821 -2.36121</i>
                        <i>-0.00175541 0.94192 0.335834 -0.951164 0.102093 -0.291315 -0.308682 -0.319944 0.895741 0.667434 1.77465 -2.36278</i>
                        <i>-0.00464521 0.948118 0.317885 -0.95081 0.094276 -0.29508 -0.309739 -0.303619 0.901042 0.669178 1.7711 -2.36393</i>
                        <i>-0.00851745 0.952172 0.305443 -0.950201 0.0874518 -0.299115 -0.31152 -0.29278 0.90401 0.671054 1.76798 -2.36471</i>
                        <i>-0.0131515 0.954411 0.298207 -0.949392 0.0816801 -0.303288 -0.313818 -0.287104 0.905036 0.67299 1.76529 -2.36509</i>
                        <i>-0.0180074 0.95589 0.293171 -0.948442 0.0764696 -0.307587 -0.316438 -0.283595 0.90523 0.674933 1.76299 -2.36522</i>
                        <i>-0.0228711 0.956829 0.28975 -0.947427 0.0717788 -0.311817 -0.319153 -0.281648 0.904884 0.676811 1.76105 -2.36509</i>
                        <i>-0.0275269 0.957429 0.287352 -0.94643 0.0675585 -0.315762 -0.321733 -0.28065 0.904281 0.678551 1.75948 -2.36468</i>
                        <i>-0.0317488 0.957888 0.285382 -0.945544 0.0637559 -0.319189 -0.323942 -0.279975 0.903701 0.680083 1.75826 -2.36399</i>
                        <i>-0.0352981 0.958399 0.283241 -0.944867 0.0603182 -0.32185 -0.325545 -0.278985 0.903431 0.681336 1.75739 -2.36299</i>
                        <i>-0.0379233 0.959158 0.280316 -0.944505 0.0571935 -0.32348 -0.3263 -0.277027 0.903761 0.682244 1.75687 -2.36169</i>
                        <i>-0.0393672 0.960357 0.27598 -0.944563 0.0543323 -0.323803 -0.325961 -0.273428 0.904979 0.682741 1.75668 -2.36006</i>
                        <i>-0.0373179 0.963159 0.266332 -0.945876 0.0519337 -0.320346 -0.322376 -0.263872 0.909091 0.682229 1.75696 -2.35716</i>
                        <i>-0.053682 0.957277 0.284147 -0.941328 0.0464366 -0.334282 -0.333195 -0.28542 0.898619 0.691978 1.75757 -2.34286</i>
                        <i>-0.0926575 0.943357 0.318578 -0.929711 0.0325697 -0.366848 -0.356444 -0.330176 0.874031 0.708442 1.75904 -2.32053</i>
                        <i>-0.15131 0.922876 0.354127 -0.912294 0.00754612 -0.409466 -0.380558 -0.385024 0.840792 0.726618 1.76053 -2.29535</i>
                        <i>-0.218222 0.89919 0.379257 -0.891166 -0.0252205 -0.452975 -0.397746 -0.436831 0.806832 0.742653 1.76159 -2.2723</i>
                        <i>-0.274208 0.878612 0.390963 -0.87165 -0.0553341 -0.486995 -0.406245 -0.474321 0.781015 0.753858 1.76212 -2.25575</i>
                        <i>-0.297428 0.869786 0.393711 -0.862928 -0.0684537 -0.500669 -0.408524 -0.488657 0.770923 0.758095 1.76227 -2.24943</i>
                    </KeyFrames>
                </p>
            </i>
            <i>
                <p>
                    <Name><![CDATA[spine2]]></Name>
                    <Exclude>0</Exclude>
                    <Additive>0</Additive>
                    <IKPriority>0</IKPriority>
                    <IKRotLimits>-1e+010 -1e+010 -1e+010 1e+010 1e+010 1e+010</IKRotLimits>
                    <IKRotLimitOrder>0</IKRotLimitOrder>
                    <KeyFrames count="60">
                        <i>-0.378663 0.69291 0.613588 -0.907585 -0.148061 -0.392895 -0.181393 -0.705659 0.68494 0.709531 1.90437 -2.18486</i>
                        <i>-0.375705 0.684066 0.62522 -0.911651 -0.151565 -0.381996 -0.166549 -0.7135 0.680573 0.710041 1.89717 -2.18583</i>
                        <i>-0.361448 0.669292 0.649156 -0.922987 -0.158201 -0.350809 -0.132096 -0.725962 0.67493 0.711759 1.88177 -2.18911</i>
                        <i>-0.329907 0.665111 0.669917 -0.939584 -0.16268 -0.301194 -0.0913452 -0.728809 0.678596 0.714858 1.86769 -2.19558</i>
                        <i>-0.278869 0.685348 0.672704 -0.958862 -0.16001 -0.234478 -0.0530596 -0.710419 0.701776 0.719112 1.86473 -2.20652</i>
                        <i>-0.212532 0.731847 0.64748 -0.977001 -0.147406 -0.154082 -0.017322 -0.665336 0.746343 0.723351 1.87642 -2.22201</i>
                        <i>-0.142149 0.790348 0.595939 -0.989607 -0.126688 -0.0680343 0.0217275 -0.599416 0.800142 0.726113 1.89579 -2.23987</i>
                        <i>-0.0776163 0.848562 0.523372 -0.994872 -0.100069 0.0147047 0.0648509 -0.519547 0.851977 0.726852 1.91714 -2.25783</i>
                        <i>-0.0275177 0.89497 0.445276 -0.993712 -0.0728532 0.0850187 0.108529 -0.440137 0.891348 0.725943 1.93532 -2.27372</i>
                        <i>0.00331964 0.922474 0.386044 -0.989353 -0.0531382 0.135485 0.145495 -0.382384 0.912477 0.724464 1.94551 -2.28567</i>
                        <i>0.0160195 0.932074 0.361915 -0.986091 -0.0451608 0.159955 0.165434 -0.359443 0.918386 0.723535 1.94564 -2.29224</i>
                        <i>0.0175794 0.930945 0.364736 -0.985634 -0.0451504 0.162746 0.167976 -0.362358 0.916778 0.72341 1.93924 -2.29425</i>
                        <i>0.0130664 0.923675 0.382955 -0.986941 -0.049581 0.153262 0.160551 -0.379957 0.910964 0.723802 1.9299 -2.29347</i>
                        <i>0.00679291 0.914413 0.404724 -0.988529 -0.054926 0.140688 0.150877 -0.401038 0.903551 0.72427 1.92119 -2.29169</i>
                        <i>0.00373167 0.90785 0.419279 -0.989239 -0.0579742 0.134334 0.146262 -0.415268 0.897864 0.724419 1.91667 -2.29074</i>
                        <i>0.0041312 0.90378 0.427977 -0.989118 -0.0592493 0.134667 0.147067 -0.423876 0.8937 0.724374 1.91545 -2.29063</i>
                        <i>0.00460113 0.898804 0.438326 -0.988848 -0.0611606 0.135792 0.148859 -0.434062 0.888499 0.724474 1.91423 -2.29019</i>
                        <i>0.00516241 0.893202 0.449626 -0.988453 -0.0635352 0.137565 0.15144 -0.445144 0.88256 0.724701 1.91304 -2.28954</i>
                        <i>0.00583408 0.887278 0.461199 -0.987958 -0.0661944 0.139846 0.154611 -0.456461 0.876207 0.725032 1.91189 -2.28879</i>
                        <i>0.00663177 0.881365 0.472389 -0.98739 -0.0689494 0.142505 0.15817 -0.467378 0.869793 0.725448 1.91082 -2.28806</i>
                        <i>0.00756673 0.875826 0.482567 -0.986776 -0.0715997 0.145421 0.161915 -0.477286 0.863702 0.725926 1.90984 -2.28746</i>
                        <i>0.00864598 0.871046 0.491125 -0.986147 -0.0739315 0.148484 0.165646 -0.485605 0.858341 0.726445 1.909 -2.28711</i>
                        <i>0.00987298 0.867424 0.497471 -0.985539 -0.0757193 0.151589 0.16916 -0.491774 0.854133 0.726981 1.90832 -2.28712</i>
                        <i>0.0112492 0.86536 0.501025 -0.984988 -0.0767268 0.154636 0.172258 -0.495243 0.851506 0.727513 1.90784 -2.28762</i>
                        <i>0.0127377 0.864915 0.501757 -0.984524 -0.0768657 0.157492 0.174785 -0.495998 0.85055 0.72801 1.90757 -2.28861</i>
                        <i>0.0142524 0.8657 0.50036 -0.984171 -0.0762585 0.159972 0.176645 -0.49472 0.85091 0.728433 1.90752 -2.28997</i>
                        <i>0.0157236 0.86742 0.497327 -0.983954 -0.0749863 0.161897 0.177726 -0.491893 0.852323 0.728744 1.90766 -2.29162</i>
                        <i>0.0170834 0.86978 0.493144 -0.983898 -0.0731399 0.163084 0.177916 -0.487989 0.854525 0.728907 1.90801 -2.29346</i>
                        <i>0.0182658 0.872489 0.488293 -0.984023 -0.0708184 0.163349 0.177101 -0.483475 0.857256 0.728886 1.90856 -2.2954</i>
                        <i>0.0192056 0.875269 0.483255 -0.984352 -0.0681272 0.162512 0.175164 -0.478814 0.860264 0.728645 1.90931 -2.29736</i>
                        <i>0.0198385 0.877855 0.478515 -0.984899 -0.0651724 0.160394 0.171989 -0.474471 0.863306 0.728148 1.91026 -2.29923</i>
                        <i>0.0201 0.879997 0.474554 -0.985675 -0.0620557 0.156823 0.167452 -0.470908 0.866144 0.727358 1.91143 -2.30094</i>
                        <i>0.019926 0.881454 0.47185 -0.986682 -0.0588659 0.151633 0.161433 -0.468588 0.868542 0.726239 1.91281 -2.30237</i>
                        <i>0.0192514 0.881991 0.470873 -0.987913 -0.0556699 0.144666 0.153807 -0.467967 0.870259 0.724753 1.91441 -2.30345</i>
                        <i>0.0180112 0.881373 0.472077 -0.989348 -0.0525025 0.135769 0.144449 -0.469494 0.87104 0.722861 1.91626 -2.30407</i>
                        <i>0.0135931 0.8737 0.486276 -0.991828 -0.0499187 0.117415 0.12686 -0.483898 0.865881 0.718586 1.92438 -2.30164</i>
                        <i>0.00513653 0.858441 0.512886 -0.99531 -0.0451593 0.0855533 0.096604 -0.51092 0.854183 0.711011 1.9398 -2.29596</i>
                        <i>-0.00478474 0.844096 0.53617 -0.99839 -0.0343388 0.0451502 0.0565226 -0.535091 0.842902 0.7017 1.95509 -2.29059</i>
                        <i>-0.0135951 0.840174 0.542146 -0.999865 -0.0164436 0.000409958 0.00925931 -0.542067 0.840284 0.69227 1.96315 -2.28913</i>
                        <i>-0.0205775 0.848668 0.528525 -0.99895 0.00418737 -0.0456168 -0.0409267 -0.528909 0.847691 0.683621 1.96036 -2.29169</i>
                        <i>-0.0264292 0.862358 0.505609 -0.995757 0.0218852 -0.0893773 -0.0881406 -0.505826 0.858121 0.676049 1.95116 -2.29565</i>
                        <i>-0.0308351 0.877203 0.479129 -0.991379 0.0342322 -0.126475 -0.127346 -0.478898 0.868585 0.670312 1.94066 -2.30055</i>
                        <i>-0.0341524 0.890488 0.453724 -0.987557 0.0396639 -0.15218 -0.153511 -0.453275 0.878052 0.667187 1.93403 -2.30567</i>
                        <i>-0.034991 0.90024 0.433985 -0.987492 0.0356564 -0.153583 -0.153736 -0.433931 0.887733 0.66845 1.93117 -2.30999</i>
                        <i>-0.0382505 0.905262 0.423129 -0.987258 0.0312165 -0.156034 -0.15446 -0.423706 0.892533 0.669678 1.92846 -2.31296</i>
                        <i>-0.0434999 0.906251 0.420496 -0.986869 0.0265571 -0.159327 -0.155557 -0.421905 0.893195 0.670838 1.92598 -2.31462</i>
                        <i>-0.0498955 0.905252 0.421935 -0.986313 0.0218128 -0.163434 -0.157153 -0.424314 0.891774 0.671967 1.92377 -2.31564</i>
                        <i>-0.0570005 0.902785 0.426299 -0.985621 0.0171456 -0.168097 -0.159065 -0.429751 0.888827 0.673032 1.92185 -2.31613</i>
                        <i>-0.0643668 0.899362 0.43244 -0.984835 0.0127128 -0.173027 -0.161112 -0.43702 0.884905 0.673994 1.92024 -2.31616</i>
                        <i>-0.0715229 0.895523 0.439229 -0.984009 0.00866785 -0.177906 -0.163126 -0.44493 0.880583 0.674823 1.91892 -2.31586</i>
                        <i>-0.0779694 0.891852 0.445557 -0.983214 0.00516059 -0.182385 -0.16496 -0.452298 0.876478 0.67549 1.91792 -2.31529</i>
                        <i>-0.0831795 0.888978 0.450333 -0.982529 0.00233785 -0.186095 -0.166487 -0.457945 0.873252 0.675971 1.91721 -2.31458</i>
                        <i>-0.0866065 0.887567 0.452465 -0.982045 0.00034422 -0.188649 -0.167594 -0.460679 0.8716 0.676245 1.91682 -2.31379</i>
                        <i>-0.0864717 0.889244 0.449185 -0.981889 0.00021963 -0.189456 -0.168572 -0.457432 0.87312 0.676109 1.91679 -2.31274</i>
                        <i>-0.108918 0.871541 0.478073 -0.978118 -0.00820277 -0.207887 -0.177261 -0.490255 0.853363 0.683172 1.91586 -2.29566</i>
                        <i>-0.156284 0.837919 0.522941 -0.969229 -0.0281553 -0.244546 -0.190186 -0.545068 0.816535 0.693231 1.91455 -2.26779</i>
                        <i>-0.223203 0.79343 0.56626 -0.954625 -0.0604269 -0.291616 -0.197159 -0.605655 0.770915 0.701802 1.91221 -2.23691</i>
                        <i>-0.295991 0.74639 0.596063 -0.935218 -0.0995088 -0.339803 -0.194312 -0.658028 0.727491 0.706931 1.90896 -2.20991</i>
                        <i>-0.354773 0.708447 0.610114 -0.916257 -0.133604 -0.377654 -0.186034 -0.693003 0.696519 0.709051 1.90579 -2.19158</i>
                        <i>-0.378663 0.69291 0.613588 -0.907585 -0.148061 -0.392895 -0.181393 -0.705659 0.68494 0.709531 1.90437 -2.18486</i>
                    </KeyFrames>
                </p>
            </i>
            <i>
                <p>
                    <Name><![CDATA[head]]></Name>
                    <Exclude>0</Exclude>
                    <Additive>0</Additive>
                    <IKPriority>0</IKPriority>
                    <IKRotLimits>-1e+010 -1e+010 -1e+010 1e+010 1e+010 1e+010</IKRotLimits>
                    <IKRotLimitOrder>0</IKRotLimitOrder>
                    <KeyFrames count="60">
                        <i>-0.01436 0.97927 0.202051 -0.0152604 0.201834 -0.979301 -0.99978 -0.0171462 0.0120457 0.613509 2.09189 -2.03109</i>
                        <i>-0.0226991 0.961654 0.273324 -0.0241616 0.272787 -0.961771 -0.99945 -0.0284352 0.0170432 0.614815 2.0835 -2.0289</i>
                        <i>-0.0319321 0.905655 0.422812 -0.0605021 0.4205 -0.905273 -0.997657 -0.0544883 0.0413665 0.620248 2.06645 -2.02555</i>
                        <i>-0.0144124 0.830903 0.55623 -0.129556 0.550047 -0.825023 -0.991467 -0.0839538 0.0997213 0.63163 2.05308 -2.02625</i>
                        <i>0.0410376 0.802494 0.595247 -0.228616 0.587486 -0.77627 -0.972651 -0.104227 0.207572 0.649436 2.05567 -2.03694</i>
                        <i>0.106131 0.848766 0.518008 -0.381648 0.515821 -0.76699 -0.918194 -0.116295 0.378674 0.671032 2.07771 -2.06033</i>
                        <i>0.135217 0.916036 0.377616 -0.575104 0.382907 -0.722937 -0.806828 -0.119415 0.578592 0.691476 2.10902 -2.09258</i>
                        <i>0.110309 0.966772 0.230616 -0.750347 0.233167 -0.618556 -0.651775 -0.104809 0.751135 0.707597 2.14153 -2.12903</i>
                        <i>0.0607639 0.990581 0.122704 -0.863669 0.113805 -0.491045 -0.500384 -0.0761378 0.862449 0.718086 2.1684 -2.16352</i>
                        <i>0.0395298 0.997267 0.0624157 -0.909286 0.0618004 -0.411557 -0.41429 -0.040485 0.909244 0.723495 2.18393 -2.18922</i>
                        <i>0.0454421 0.998299 0.0365395 -0.918672 0.0561293 -0.391013 -0.392399 -0.0157994 0.919659 0.72544 2.1863 -2.20172</i>
                        <i>0.0466139 0.998396 0.0321396 -0.919772 0.0554499 -0.388516 -0.389675 -0.0114508 0.920881 0.725673 2.18027 -2.20376</i>
                        <i>0.0451346 0.99815 0.0407468 -0.916284 0.0576133 -0.396365 -0.397979 -0.0194459 0.917188 0.725052 2.17022 -2.19951</i>
                        <i>0.0422051 0.997665 0.0536992 -0.91159 0.0604507 -0.406632 -0.408929 -0.0317897 0.912012 0.72409 2.16036 -2.19326</i>
                        <i>0.0395298 0.997267 0.0624158 -0.909286 0.0618004 -0.411557 -0.41429 -0.040485 0.909244 0.723495 2.15501 -2.18922</i>
                        <i>0.0374021 0.997022 0.0674344 -0.909661 0.0619038 -0.410713 -0.413664 -0.0459809 0.909267 0.723464 2.15321 -2.18717</i>
                        <i>0.034755 0.996618 0.0744557 -0.910446 0.062299 -0.408911 -0.412166 -0.0535762 0.909532 0.723594 2.15118 -2.18431</i>
                        <i>0.031708 0.996065 0.0827552 -0.911554 0.0627789 -0.406359 -0.409955 -0.0625511 0.909958 0.723871 2.14901 -2.18095</i>
                        <i>0.0283797 0.995391 0.0916079 -0.912901 0.0631414 -0.403267 -0.407193 -0.0721844 0.910485 0.724279 2.14679 -2.17737</i>
                        <i>0.0248872 0.994647 0.100289 -0.914401 0.0631952 -0.399845 -0.404043 -0.0817533 0.911079 0.724803 2.14462 -2.17387</i>
