<?xml version="1.0" encoding="ISO-8859-1" ?>
<Animl Version="1">
    <ModellingPackage><![CDATA[Maya.2010]]></ModellingPackage>
    <SrcFile><![CDATA[anims\turrets\antitank\red\~src\at_at4spigot\at_at4spigot_fire_crewman_a.mb]]></SrcFile>
    <FramesPerSecond>30</FramesPerSecond>
    <TotalFrames>40</TotalFrames>
    <Skeleton>
        <RefFrame>
            <Name><![CDATA[soldier_ref_frame]]></Name>
            <Exclude>0</Exclude>
            <Additive>0</Additive>
            <IKPriority>0</IKPriority>
            <IKRotLimits>-1e+010 -1e+010 -1e+010 1e+010 1e+010 1e+010</IKRotLimits>
            <IKRotLimitOrder>0</IKRotLimitOrder>
            <KeyFrames count="40">
                <i>1 0 0 0 1 0 0 0 1 1.48 0.92 -0.17</i>
                <i>1 0 0 0 1 0 0 0 1 1.48 0.92 -0.17</i>
                <i>1 0 0 0 1 0 0 0 1 1.48 0.92 -0.17</i>
                <i>1 0 0 0 1 0 0 0 1 1.48 0.92 -0.17</i>
                <i>1 0 0 0 1 0 0 0 1 1.48 0.92 -0.17</i>
                <i>1 0 0 0 1 0 0 0 1 1.48 0.92 -0.17</i>
                <i>1 0 0 0 1 0 0 0 1 1.48 0.92 -0.17</i>
                <i>1 0 0 0 1 0 0 0 1 1.48 0.92 -0.17</i>
                <i>1 0 0 0 1 0 0 0 1 1.48 0.92 -0.17</i>
                <i>1 0 0 0 1 0 0 0 1 1.48 0.92 -0.17</i>
                <i>1 0 0 0 1 0 0 0 1 1.48 0.92 -0.17</i>
                <i>1 0 0 0 1 0 0 0 1 1.48 0.92 -0.17</i>
                <i>1 0 0 0 1 0 0 0 1 1.48 0.92 -0.17</i>
                <i>1 0 0 0 1 0 0 0 1 1.48 0.92 -0.17</i>
                <i>1 0 0 0 1 0 0 0 1 1.48 0.92 -0.17</i>
                <i>1 0 0 0 1 0 0 0 1 1.48 0.92 -0.17</i>
                <i>1 0 0 0 1 0 0 0 1 1.48 0.92 -0.17</i>
                <i>1 0 0 0 1 0 0 0 1 1.48 0.92 -0.17</i>
                <i>1 0 0 0 1 0 0 0 1 1.48 0.92 -0.17</i>
                <i>1 0 0 0 1 0 0 0 1 1.48 0.92 -0.17</i>
                <i>1 0 0 0 1 0 0 0 1 1.48 0.92 -0.17</i>
                <i>1 0 0 0 1 0 0 0 1 1.48 0.92 -0.17</i>
                <i>1 0 0 0 1 0 0 0 1 1.48 0.92 -0.17</i>
                <i>1 0 0 0 1 0 0 0 1 1.48 0.92 -0.17</i>
                <i>1 0 0 0 1 0 0 0 1 1.48 0.92 -0.17</i>
                <i>1 0 0 0 1 0 0 0 1 1.48 0.92 -0.17</i>
                <i>1 0 0 0 1 0 0 0 1 1.48 0.92 -0.17</i>
                <i>1 0 0 0 1 0 0 0 1 1.48 0.92 -0.17</i>
                <i>1 0 0 0 1 0 0 0 1 1.48 0.92 -0.17</i>
                <i>1 0 0 0 1 0 0 0 1 1.48 0.92 -0.17</i>
                <i>1 0 0 0 1 0 0 0 1 1.48 0.92 -0.17</i>
                <i>1 0 0 0 1 0 0 0 1 1.48 0.92 -0.17</i>
                <i>1 0 0 0 1 0 0 0 1 1.48 0.92 -0.17</i>
                <i>1 0 0 0 1 0 0 0 1 1.48 0.92 -0.17</i>
                <i>1 0 0 0 1 0 0 0 1 1.48 0.92 -0.17</i>
                <i>1 0 0 0 1 0 0 0 1 1.48 0.92 -0.17</i>
                <i>1 0 0 0 1 0 0 0 1 1.48 0.92 -0.17</i>
                <i>1 0 0 0 1 0 0 0 1 1.48 0.92 -0.17</i>
                <i>1 0 0 0 1 0 0 0 1 1.48 0.92 -0.17</i>
                <i>1 0 0 0 1 0 0 0 1 1.48 0.92 -0.17</i>
            </KeyFrames>
        </RefFrame>
        <Bones count="23">
            <i>
                <p>
                    <Name><![CDATA[pelvis]]></Name>
                    <Exclude>0</Exclude>
                    <Additive>0</Additive>
                    <IKPriority>0</IKPriority>
                    <IKRotLimits>-1e+010 -1e+010 -1e+010 1e+010 1e+010 1e+010</IKRotLimits>
                    <IKRotLimitOrder>2</IKRotLimitOrder>
                    <KeyFrames count="40">
                        <i>1 0 0 0 1 0 0 0 1 1.47617 1.79276 -0.276932</i>
                        <i>1 0 0 0 1 0 0 0 1 1.52505 1.73611 -0.277715</i>
                        <i>1 0 0 0 1 0 0 0 1 1.57394 1.67116 -0.278498</i>
                        <i>1 0 0 0 1 0 0 0 1 1.6 1.63 -0.276932</i>
                        <i>1 0 0 0 1 0 0 0 1 1.60657 1.61297 -0.272881</i>
                        <i>1 0 0 0 1 0 0 0 1 1.61223 1.59889 -0.267901</i>
                        <i>1 0 0 0 1 0 0 0 1 1.61699 1.58761 -0.262188</i>
                        <i>1 0 0 0 1 0 0 0 1 1.62088 1.57898 -0.255938</i>
                        <i>1 0 0 0 1 0 0 0 1 1.62393 1.57283 -0.249345</i>
                        <i>1 0 0 0 1 0 0 0 1 1.62617 1.56901 -0.242605</i>
                        <i>1 0 0 0 1 0 0 0 1 1.62763 1.56737 -0.235912</i>
                        <i>1 0 0 0 1 0 0 0 1 1.62833 1.56776 -0.229462</i>
                        <i>1 0 0 0 1 0 0 0 1 1.62831 1.57 -0.223449</i>
                        <i>1 0 0 0 1 0 0 0 1 1.62758 1.57867 -0.218069</i>
                        <i>1 0 0 0 1 0 0 0 1 1.62617 1.59594 -0.213517</i>
                        <i>1 0 0 0 1 0 0 0 1 1.62412 1.61806 -0.209987</i>
                        <i>1 0 0 0 1 0 0 0 1 1.62145 1.64128 -0.207676</i>
                        <i>1 0 0 0 1 0 0 0 1 1.61819 1.66184 -0.206778</i>
                        <i>1 0 0 0 1 0 0 0 1 1.61436 1.676 -0.207487</i>
                        <i>1 0 0 0 1 0 0 0 1 1.61 1.68 -0.21</i>
                        <i>1 0 0 0 1 0 0 0 1 1.59805 1.69031 -0.225716</i>
                        <i>1 0 0 0 1 0 0 0 1 1.5754 1.71876 -0.258572</i>
                        <i>1 0 0 0 1 0 0 0 1 1.54803 1.75506 -0.297571</i>
                        <i>1 0 0 0 1 0 0 0 1 1.52188 1.78891 -0.331713</i>
                        <i>1 0 0 0 1 0 0 0 1 1.50292 1.81 -0.35</i>
                        <i>1 0 0 0 1 0 0 0 1 1.49157 1.81555 -0.346685</i>
                        <i>1 0 0 0 1 0 0 0 1 1.48386 1.81243 -0.329099</i>
                        <i>1 0 0 0 1 0 0 0 1 1.47916 1.80481 -0.305865</i>
                        <i>1 0 0 0 1 0 0 0 1 1.47681 1.79686 -0.285602</i>
                        <i>1 0 0 0 1 0 0 0 1 1.47617 1.79276 -0.276932</i>
                        <i>1 0 0 0 1 0 0 0 1 1.47617 1.79276 -0.276932</i>
                        <i>1 0 0 0 1 0 0 0 1 1.47617 1.79276 -0.276932</i>
                        <i>1 0 0 0 1 0 0 0 1 1.47617 1.79276 -0.276932</i>
                        <i>1 0 0 0 1 0 0 0 1 1.47617 1.79276 -0.276932</i>
                        <i>1 0 0 0 1 0 0 0 1 1.47617 1.79276 -0.276932</i>
                        <i>1 0 0 0 1 0 0 0 1 1.47617 1.79276 -0.276932</i>
                        <i>1 0 0 0 1 0 0 0 1 1.47617 1.79276 -0.276932</i>
                        <i>1 0 0 0 1 0 0 0 1 1.47617 1.79276 -0.276932</i>
                        <i>1 0 0 0 1 0 0 0 1 1.47617 1.79276 -0.276932</i>
                        <i>1 0 0 0 1 0 0 0 1 1.47617 1.79276 -0.276932</i>
                    </KeyFrames>
                </p>
            </i>
            <i>
                <p>
                    <Name><![CDATA[spine0]]></Name>
                    <Exclude>0</Exclude>
                    <Additive>0</Additive>
                    <IKPriority>0</IKPriority>
                    <IKRotLimits>-1e+010 -1e+010 -1e+010 1e+010 1e+010 1e+010</IKRotLimits>
                    <IKRotLimitOrder>0</IKRotLimitOrder>
                    <KeyFrames count="40">
                        <i>-0.311782 0.947735 0.0677528 -0.239408 -0.00935253 -0.970874 -0.919498 -0.318922 0.229811 1.49933 1.93288 -0.299849</i>
                        <i>-0.268702 0.962543 0.0362068 -0.226192 -0.0265163 -0.973722 -0.936288 -0.269831 0.224845 1.55887 1.87313 -0.305633</i>
                        <i>-0.252875 0.967324 0.0184009 -0.214714 -0.037565 -0.975954 -0.943373 -0.250746 0.217197 1.61821 1.80405 -0.311295</i>
                        <i>-0.308869 0.94968 0.0520444 -0.204553 -0.012889 -0.978771 -0.928848 -0.312957 0.198241 1.65016 1.76012 -0.312287</i>
                        <i>-0.374367 0.922014 0.0986894 -0.195861 0.0254023 -0.980303 -0.906359 -0.386323 0.171077 1.65887 1.74203 -0.308976</i>
                        <i>-0.415921 0.900431 0.127415 -0.186556 0.0526479 -0.981033 -0.89006 -0.431802 0.146083 1.66655 1.72694 -0.304635</i>
                        <i>-0.454856 0.877206 0.153671 -0.176056 0.0805779 -0.981077 -0.872989 -0.473303 0.117786 1.67322 1.71467 -0.299462</i>
                        <i>-0.488951 0.854284 0.176425 -0.164658 0.108227 -0.980395 -0.85663 -0.508415 0.0877468 1.6789 1.7051 -0.293655</i>
                        <i>-0.515112 0.834725 0.194664 -0.152844 0.134018 -0.979121 -0.843385 -0.53411 0.0585487 1.68361 1.69807 -0.287416</i>
                        <i>-0.532714 0.820313 0.208094 -0.141219 0.156277 -0.977566 -0.83443 -0.550149 0.0325928 1.68737 1.69344 -0.280946</i>
                        <i>-0.544885 0.809643 0.218124 -0.130097 0.175353 -0.975872 -0.828357 -0.560115 0.00978499 1.6902 1.69105 -0.274448</i>
                        <i>-0.55375 0.801367 0.226215 -0.119617 0.192296 -0.97402 -0.824047 -0.566422 -0.0106262 1.69211 1.69077 -0.268127</i>
                        <i>-0.559695 0.795408 0.232525 -0.110158 0.20669 -0.972185 -0.821345 -0.569741 -0.0280633 1.69312 1.69245 -0.262188</i>
                        <i>-0.563067 0.791639 0.237198 -0.102074 0.218203 -0.970551 -0.820083 -0.570697 -0.0420571 1.69325 1.70066 -0.256837</i>
                        <i>-0.564183 0.789889 0.240359 -0.0956853 0.226601 -0.969276 -0.820086 -0.569848 -0.0522637 1.69249 1.71758 -0.252278</i>
                        <i>-0.563334 0.789958 0.24212 -0.0912559 0.231762 -0.968483 -0.821175 -0.567674 -0.0584709 1.69088 1.73947 -0.248716</i>
                        <i>-0.560795 0.79162 0.242585 -0.0889884 0.233667 -0.968236 -0.823159 -0.564569 -0.0605944 1.68842 1.76258 -0.246354</i>
                        <i>-0.556833 0.794637 0.241844 -0.0890183 0.232392 -0.96854 -0.825841 -0.560844 -0.0586662 1.68512 1.78318 -0.245391</i>
                        <i>-0.551712 0.798765 0.239977 -0.091412 0.228085 -0.969341 -0.82901 -0.556734 -0.0528204 1.68101 1.79753 -0.246027</i>
                        <i>-0.545703 0.80375 0.237053 -0.0961671 0.220951 -0.970532 -0.832442 -0.552419 -0.0432791 1.67608 1.80186 -0.248455</i>
                        <i>-0.523138 0.822924 0.221637 -0.121007 0.185704 -0.975126 -0.843613 -0.536945 0.00243075 1.66111 1.81386 -0.263821</i>
                        <i>-0.476891 0.85873 0.187502 -0.164203 0.122527 -0.978787 -0.863488 -0.497564 0.0825734 1.6321 1.84571 -0.295528</i>
                        <i>-0.421366 0.895367 0.144113 -0.202364 0.0620728 -0.977341 -0.884025 -0.440982 0.155035 1.5969 1.88582 -0.332353</i>
                        <i>-0.371713 0.922552 0.10357 -0.226119 0.0182306 -0.973929 -0.900389 -0.385441 0.20183 1.56323 1.92294 -0.363699</i>
                        <i>-0.339438 0.937468 0.0770409 -0.236518 -0.00579182 -0.97161 -0.910407 -0.348023 0.223694 1.53866 1.94619 -0.379501</i>
                        <i>-0.3226 0.944294 0.0651037 -0.239787 -0.0149939 -0.97071 -0.915659 -0.328762 0.231267 1.52335 1.95313 -0.374226</i>
                        <i>-0.312917 0.947843 0.0606375 -0.240462 -0.0172982 -0.970504 -0.918836 -0.318269 0.233333 1.5122 1.9511 -0.354835</i>
                        <i>-0.309036 0.949071 0.0613319 -0.240071 -0.0154465 -0.970632 -0.920251 -0.314685 0.232618 1.50476 1.94428 -0.330128</i>
                        <i>-0.309387 0.948734 0.0646791 -0.239544 -0.0119322 -0.970812 -0.920271 -0.31585 0.230955 1.50062 1.93682 -0.308878</i>
                        <i>-0.311782 0.947735 0.0677528 -0.239408 -0.00935253 -0.970874 -0.919498 -0.318922 0.229811 1.49933 1.93288 -0.299849</i>
                        <i>-0.311782 0.947735 0.0677528 -0.239408 -0.00935253 -0.970874 -0.919498 -0.318922 0.229811 1.49933 1.93288 -0.299849</i>
                        <i>-0.311782 0.947735 0.0677528 -0.239408 -0.00935253 -0.970874 -0.919498 -0.318922 0.229811 1.49933 1.93288 -0.299849</i>
                        <i>-0.311782 0.947735 0.0677528 -0.239408 -0.00935253 -0.970874 -0.919498 -0.318922 0.229811 1.49933 1.93288 -0.299849</i>
                        <i>-0.311782 0.947735 0.0677528 -0.239408 -0.00935253 -0.970874 -0.919498 -0.318922 0.229811 1.49933 1.93288 -0.299849</i>
                        <i>-0.311782 0.947735 0.0677528 -0.239408 -0.00935253 -0.970874 -0.919498 -0.318922 0.229811 1.49933 1.93288 -0.299849</i>
                        <i>-0.311782 0.947735 0.0677528 -0.239408 -0.00935253 -0.970874 -0.919498 -0.318922 0.229811 1.49933 1.93288 -0.299849</i>
                        <i>-0.311782 0.947735 0.0677528 -0.239408 -0.00935253 -0.970874 -0.919498 -0.318922 0.229811 1.49933 1.93288 -0.299849</i>
                        <i>-0.311782 0.947735 0.0677528 -0.239408 -0.00935253 -0.970874 -0.919498 -0.318922 0.229811 1.49933 1.93288 -0.299849</i>
                        <i>-0.311782 0.947735 0.0677528 -0.239408 -0.00935253 -0.970874 -0.919498 -0.318922 0.229811 1.49933 1.93288 -0.299849</i>
                        <i>-0.311782 0.947735 0.0677528 -0.239408 -0.00935253 -0.970874 -0.919498 -0.318922 0.229811 1.49933 1.93288 -0.299849</i>
                    </KeyFrames>
                </p>
            </i>
            <i>
                <p>
                    <Name><![CDATA[spine1]]></Name>
                    <Exclude>0</Exclude>
                    <Additive>0</Additive>
                    <IKPriority>0</IKPriority>
                    <IKRotLimits>-1e+010 -1e+010 -1e+010 1e+010 1e+010 1e+010</IKRotLimits>
                    <IKRotLimitOrder>0</IKRotLimitOrder>
                    <KeyFrames count="40">
                        <i>-0.659467 0.670793 0.339323 -0.441277 0.0199986 -0.897148 -0.608586 -0.741375 0.282817 1.44373 2.102 -0.287769</i>
                        <i>-0.616679 0.723006 0.311398 -0.437102 0.0145045 -0.899295 -0.654713 -0.690689 0.307083 1.50984 2.04901 -0.299033</i>
                        <i>-0.615007 0.729029 0.300472 -0.430619 0.00869581 -0.902492 -0.660556 -0.684427 0.308586 1.57081 1.98578 -0.30786</i>
                        <i>-0.684227 0.640507 0.348689 -0.430616 0.0310364 -0.902002 -0.588561 -0.767325 0.254577 1.59028 1.94465 -0.302204</i>
                        <i>-0.735133 0.550354 0.395841 -0.434156 0.0662488 -0.898398 -0.520661 -0.832299 0.190238 1.58474 1.92503 -0.289424</i>
                        <i>-0.756609 0.50658 0.413424 -0.430373 0.090185 -0.898134 -0.492262 -0.857463 0.149784 1.58327 1.90765 -0.279101</i>
                        <i>-0.773178 0.47083 0.424871 -0.425393 0.111845 -0.898071 -0.470358 -0.875106 0.113811 1.58127 1.89241 -0.268364</i>
                        <i>-0.786372 0.441567 0.432016 -0.420553 0.129593 -0.897965 -0.452498 -0.88782 0.0837934 1.57921 1.87968 -0.25764</i>
                        <i>-0.795922 0.419361 0.436629 -0.416136 0.144853 -0.89769 -0.439704 -0.896188 0.05922 1.57776 1.86999 -0.24736</i>
                        <i>-0.802559 0.402417 0.440409 -0.412239 0.159539 -0.896999 -0.43123 -0.901448 0.0378527 1.57706 1.86371 -0.237788</i>
                        <i>-0.808216 0.38699 0.443876 -0.409417 0.172525 -0.895887 -0.423279 -0.9058 0.0190029 1.57647 1.86045 -0.228847</i>
                        <i>-0.813016 0.373086 0.447004 -0.407316 0.184151 -0.894529 -0.416052 -0.909338 0.00224637 1.57567 1.8597 -0.220477</i>
                        <i>-0.817025 0.360837 0.44974 -0.40588 0.194099 -0.893077 -0.40955 -0.912207 -0.0121276 1.57463 1.86127 -0.21287</i>
                        <i>-0.82028 0.350428 0.45204 -0.405021 0.202162 -0.891677 -0.403854 -0.914511 -0.0238984 1.57333 1.8697 -0.20622</i>
                        <i>-0.82279 0.342084 0.453868 -0.404631 0.208211 -0.890462 -0.399113 -0.916312 -0.0328957 1.57173 1.88711 -0.200724</i>
                        <i>-0.824542 0.336064 0.455182 -0.404589 0.212175 -0.889545 -0.395522 -0.917629 -0.0389791 1.56982 1.90968 -0.196576</i>
                        <i>-0.825508 0.332656 0.455935 -0.404772 0.214016 -0.88902 -0.393316 -0.918443 -0.042022 1.56759 1.93361 -0.193975</i>
                        <i>-0.825636 0.332167 0.456059 -0.405057 0.213717 -0.888962 -0.392752 -0.918689 -0.0419056 1.56502 1.95506 -0.193114</i>
                        <i>-0.82486 0.334919 0.455451 -0.40532 0.211271 -0.889427 -0.394109 -0.918256 -0.0385198 1.56208 1.97019 -0.194185</i>
                        <i>-0.823087 0.341244 0.45396 -0.405425 0.206686 -0.890455 -0.39769 -0.91697 -0.0317719 1.55875 1.97515 -0.197379</i>
                        <i>-0.813003 0.372947 0.447143 -0.408545 0.181792 -0.894451 -0.41487 -0.909869 0.0045679 1.55039 1.9885 -0.216823</i>
                        <i>-0.788225 0.441878 0.428304 -0.415145 0.131947 -0.900136 -0.454264 -0.887318 0.0794393 1.53458 2.02173 -0.257134</i>
                        <i>-0.749425 0.532067 0.394039 -0.421191 0.0760662 -0.903776 -0.510843 -0.843279 0.167096 1.51443 2.06141 -0.304126</i>
                        <i>-0.701865 0.620953 0.349001 -0.424577 0.0287111 -0.904936 -0.571943 -0.783322 0.243491 1.49347 2.09634 -0.344256</i>
                        <i>-0.662631 0.680681 0.312401 -0.426012 0.000508595 -0.904718 -0.615983 -0.73258 0.289641 1.47675 2.11736 -0.365452</i>
                        <i>-0.644297 0.703757 0.299347 -0.428066 -0.00749817 -0.903716 -0.633752 -0.710401 0.306085 1.46536 2.12302 -0.362526</i>
                        <i>-0.639641 0.706622 0.302564 -0.431356 -0.0041719 -0.902172 -0.636232 -0.707579 0.307474 1.45637 2.12034 -0.344019</i>
                        <i>-0.644122 0.696898 0.31534 -0.435348 0.00497483 -0.900249 -0.628951 -0.717152 0.300189 1.44976 2.11334 -0.319213</i>
                        <i>-0.652454 0.682173 0.330066 -0.439103 0.0146726 -0.898317 -0.617651 -0.731043 0.289971 1.44551 2.10593 -0.297359</i>
                        <i>-0.659467 0.670793 0.339323 -0.441277 0.0199986 -0.897148 -0.608586 -0.741375 0.282817 1.44373 2.102 -0.287769</i>
                        <i>-0.659467 0.670793 0.339323 -0.441277 0.0199986 -0.897148 -0.608586 -0.741375 0.282817 1.44373 2.102 -0.287769</i>
                        <i>-0.659467 0.670793 0.339323 -0.441277 0.0199986 -0.897148 -0.608586 -0.741375 0.282817 1.44373 2.102 -0.287769</i>
                        <i>-0.659467 0.670793 0.339323 -0.441277 0.0199986 -0.897148 -0.608586 -0.741375 0.282817 1.44373 2.102 -0.287769</i>
                        <i>-0.659467 0.670793 0.339323 -0.441277 0.0199986 -0.897148 -0.608586 -0.741375 0.282817 1.44373 2.102 -0.287769</i>
                        <i>-0.659467 0.670793 0.339323 -0.441277 0.0199986 -0.897148 -0.608586 -0.741375 0.282817 1.44373 2.102 -0.287769</i>
                        <i>-0.659467 0.670793 0.339323 -0.441277 0.0199986 -0.897148 -0.608586 -0.741375 0.282817 1.44373 2.102 -0.287769</i>
                        <i>-0.659467 0.670793 0.339323 -0.441277 0.0199986 -0.897148 -0.608586 -0.741375 0.282817 1.44373 2.102 -0.287769</i>
                        <i>-0.659467 0.670793 0.339323 -0.441277 0.0199986 -0.897148 -0.608586 -0.741375 0.282817 1.44373 2.102 -0.287769</i>
                        <i>-0.659467 0.670793 0.339323 -0.441277 0.0199986 -0.897148 -0.608586 -0.741375 0.282817 1.44373 2.102 -0.287769</i>
                        <i>-0.659467 0.670793 0.339323 -0.441277 0.0199986 -0.897148 -0.608586 -0.741375 0.282817 1.44373 2.102 -0.287769</i>
                    </KeyFrames>
                </p>
            </i>
            <i>
                <p>
                    <Name><![CDATA[spine2]]></Name>
                    <Exclude>0</Exclude>
                    <Additive>0</Additive>
                    <IKPriority>0</IKPriority>
                    <IKRotLimits>-1e+010 -1e+010 -1e+010 1e+010 1e+010 1e+010</IKRotLimits>
                    <IKRotLimitOrder>0</IKRotLimitOrder>
                    <KeyFrames count="40">
                        <i>-0.802726 0.434685 0.408265 -0.518453 -0.170393 -0.837957 -0.294682 -0.884316 0.362143 1.33557 2.21178 -0.231894</i>
                        <i>-0.750204 0.531699 0.393052 -0.54673 -0.164506 -0.82099 -0.37186 -0.830803 0.414109 1.40621 2.17018 -0.246472</i>
                        <i>-0.724803 0.574041 0.38097 -0.557558 -0.163902 -0.813797 -0.404711 -0.802255 0.438858 1.4645 2.11135 -0.255685</i>
                        <i>-0.758328 0.506771 0.410026 -0.552003 -0.164636 -0.817427 -0.346743 -0.846214 0.404588 1.46797 2.05858 -0.239645</i>
                        <i>-0.782032 0.444146 0.437219 -0.548055 -0.156049 -0.821757 -0.296752 -0.88226 0.365451 1.45055 2.02485 -0.216965</i>
                        <i>-0.785624 0.436847 0.438131 -0.542618 -0.146264 -0.827147 -0.297254 -0.887565 0.35195 1.44363 2.00048 -0.202615</i>
                        <i>-0.786851 0.438823 0.433936 -0.536623 -0.139227 -0.832257 -0.304798 -0.887722 0.345033 1.43721 1.97945 -0.189039</i>
                        <i>-0.787987 0.443218 0.427356 -0.530778 -0.137267 -0.836321 -0.312011 -0.885842 0.343415 1.43144 1.96196 -0.176306</i>
                        <i>-0.789419 0.446682 0.421062 -0.525669 -0.13769 -0.839472 -0.317001 -0.884034 0.343502 1.42702 1.94871 -0.16452</i>
                        <i>-0.792354 0.444295 0.418064 -0.521202 -0.136857 -0.842388 -0.317054 -0.885366 0.340007 1.42387 1.9398 -0.153588</i>
                        <i>-0.798052 0.433811 0.418235 -0.516848 -0.13594 -0.845215 -0.309809 -0.89069 0.332701 1.42098 1.93415 -0.143319</i>
                        <i>-0.804729 0.419898 0.419639 -0.512612 -0.134995 -0.847942 -0.2994 -0.897475 0.323879 1.41808 1.93124 -0.13371</i>
                        <i>-0.811875 0.4037 0.421764 -0.508524 -0.134085 -0.850543 -0.286812 -0.905012 0.314152 1.41518 1.93089 -0.124982</i>
                        <i>-0.81901 0.386408 0.42416 -0.504635 -0.133278 -0.852983 -0.273069 -0.912648 0.304151 1.41227 1.93768 -0.117354</i>
                        <i>-0.825705 0.369265 0.426444 -0.501005 -0.132643 -0.855219 -0.259237 -0.91981 0.294528 1.40936 1.95377 -0.11105</i>
                        <i>-0.831601 0.35356 0.428294 -0.497707 -0.13225 -0.857204 -0.246431 -0.926016 0.285948 1.40647 1.97541 -0.106291</i>
                        <i>-0.836397 0.340621 0.429439 -0.494811 -0.13216 -0.858892 -0.235802 -0.930866 0.279082 1.40361 1.99882 -0.103303</i>
                        <i>-0.839838 0.3318 0.429628 -0.492386 -0.132428 -0.860243 -0.228534 -0.934008 0.274592 1.40083 2.02023 -0.102317</i>
                        <i>-0.841679 0.328453 0.428597 -0.490488 -0.133095 -0.861224 -0.225827 -0.935096 0.273126 1.39814 2.03587 -0.103564</i>
                        <i>-0.841628 0.331923 0.426016 -0.489155 -0.13419 -0.861812 -0.228888 -0.933713 0.2753 1.39559 2.04193 -0.107283</i>
                        <i>-0.833123 0.361773 0.418363 -0.49213 -0.139673 -0.859243 -0.252417 -0.921744 0.294404 1.39175 2.06045 -0.129453</i>
                        <i>-0.811761 0.424492 0.401062 -0.500318 -0.151301 -0.85252 -0.301207 -0.892701 0.335201 1.38601 2.1043 -0.176254</i>
                        <i>-0.780787 0.501325 0.372886 -0.509656 -0.165809 -0.84425 -0.361416 -0.849223 0.384965 1.37928 2.15679 -0.232881</i>
                        <i>-0.747247 0.571378 0.339337 -0.517275 -0.179536 -0.836776 -0.417192 -0.800808 0.429717 1.37215 2.20326 -0.283724</i>
                        <i>-0.725979 0.610298 0.317003 -0.521463 -0.187986 -0.832308 -0.448364 -0.769544 0.454722 1.36549 2.23135 -0.312785</i>
                        <i>-0.729188 0.60451 0.320708 -0.522274 -0.188797 -0.831616 -0.442171 -0.773902 0.453388 1.35878 2.23919 -0.31279</i>
                        <i>-0.748704 0.567306 0.342937 -0.521492 -0.184673 -0.833032 -0.409253 -0.802533 0.434111 1.35137 2.23611 -0.294134</i>
                        <i>-0.773152 0.513848 0.371747 -0.520189 -0.178463 -0.835198 -0.362822 -0.839113 0.405277 1.34428 2.22723 -0.267357</i>
                        <i>-0.793126 0.462527 0.396258 -0.519041 -0.172886 -0.837082 -0.318666 -0.869586 0.377191 1.33861 2.21747 -0.24306</i>
                        <i>-0.802726 0.434685 0.408265 -0.518453 -0.170393 -0.837957 -0.294682 -0.884316 0.362143 1.33557 2.21178 -0.231894</i>
                        <i>-0.802726 0.434685 0.408265 -0.518453 -0.170393 -0.837957 -0.294682 -0.884316 0.362143 1.33557 2.21178 -0.231894</i>
                        <i>-0.802726 0.434685 0.408265 -0.518453 -0.170393 -0.837957 -0.294682 -0.884316 0.362143 1.33557 2.21178 -0.231894</i>
                        <i>-0.802726 0.434685 0.408265 -0.518453 -0.170393 -0.837957 -0.294682 -0.884316 0.362143 1.33557 2.21178 -0.231894</i>
                        <i>-0.802726 0.434685 0.408265 -0.518453 -0.170393 -0.837957 -0.294682 -0.884316 0.362143 1.33557 2.21178 -0.231894</i>
                        <i>-0.802726 0.434685 0.408265 -0.518453 -0.170393 -0.837957 -0.294682 -0.884316 0.362143 1.33557 2.21178 -0.231894</i>
                        <i>-0.802726 0.434685 0.408265 -0.518453 -0.170393 -0.837957 -0.294682 -0.884316 0.362143 1.33557 2.21178 -0.231894</i>
                        <i>-0.802726 0.434685 0.408265 -0.518453 -0.170393 -0.837957 -0.294682 -0.884316 0.362143 1.33557 2.21178 -0.231894</i>
                        <i>-0.802726 0.434685 0.408265 -0.518453 -0.170393 -0.837957 -0.294682 -0.884316 0.362143 1.33557 2.21178 -0.231894</i>
                        <i>-0.802726 0.434685 0.408265 -0.518453 -0.170393 -0.837957 -0.294682 -0.884316 0.362143 1.33557 2.21178 -0.231894</i>
                        <i>-0.802726 0.434685 0.408265 -0.518453 -0.170393 -0.837957 -0.294682 -0.884316 0.362143 1.33557 2.21178 -0.231894</i>
                    </KeyFrames>
                </p>
            </i>
            <i>
                <p>
                    <Name><![CDATA[head]]></Name>
                    <Exclude>0</Exclude>
                    <Additive>0</Additive>
                    <IKPriority>0</IKPriority>
                    <IKRotLimits>-1e+010 -1e+010 -1e+010 1e+010 1e+010 1e+010</IKRotLimits>
                    <IKRotLimitOrder>0</IKRotLimitOrder>
                    <KeyFrames count="40">
                        <i>-0.325522 0.910886 0.253617 0.274142 0.347626 -0.896662 -0.904921 -0.222356 -0.362873 1.129 2.33534 -0.134276</i>
                        <i>-0.178838 0.97888 0.0990505 0.305451 0.150938 -0.940169 -0.935263 -0.137883 -0.325994 1.21338 2.32158 -0.151671</i>
                        <i>-0.0992693 0.994677 0.027636 0.302074 0.0565864 -0.951604 -0.948102 -0.0861169 -0.306083 1.27873 2.27747 -0.163191</i>
                        <i>-0.161875 0.978815 0.125368 0.28173 0.167596 -0.944743 -0.945741 -0.11761 -0.302891 1.27213 2.21125 -0.13851</i>
                        <i>-0.212211 0.953421 0.214371 0.259065 0.266406 -0.928393 -0.942259 -0.141479 -0.303532 1.24816 2.16381 -0.108492</i>
                        <i>-0.20961 0.943508 0.256624 0.262166 0.307076 -0.914863 -0.941983 -0.124486 -0.311722 1.24187 2.1398 -0.0949452</i>
                        <i>-0.199669 0.938105 0.283003 0.271538 0.330481 -0.903908 -0.941488 -0.103636 -0.320718 1.23714 2.12126 -0.0838352</i>
                        <i>-0.191451 0.934864 0.298959 0.281096 0.34406 -0.895884 -0.940389 -0.0874812 -0.328657 1.23297 2.1064 -0.0742072</i>
                        <i>-0.188222 0.93169 0.310686 0.287869 0.354782 -0.889529 -0.938991 -0.0779919 -0.334982 1.22955 2.09503 -0.0651605</i>
                        <i>-0.194326 0.925325 0.325595 0.289053 0.3712 -0.882416 -0.937382 -0.0773619 -0.339602 1.22607 2.08603 -0.0554647</i>
                        <i>-0.211356 0.914934 0.343838 0.283575 0.394055 -0.874246 -0.935368 -0.087273 -0.342739 1.22121 2.07784 -0.0450165</i>
                        <i>-0.232428 0.903102 0.361088 0.275048 0.417132 -0.866227 -0.932913 -0.102019 -0.345349 1.21568 2.0713 -0.034659</i>
                        <i>-0.255865 0.890321 0.376644 0.264357 0.439203 -0.858613 -0.929865 -0.120121 -0.347739 1.20973 2.06655 -0.0248279</i>
                        <i>-0.280077 0.877252 0.389855 0.252538 0.459134 -0.851716 -0.926165 -0.140093 -0.350132 1.2036 2.06852 -0.0159392</i>
                        <i>-0.303546 0.864732 0.400123 0.240746 0.475918 -0.845898 -0.921901 -0.160441 -0.352644 1.19755 2.07972 -0.00838763</i>
                        <i>-0.32483 0.853763 0.406908 0.230212 0.488673 -0.841547 -0.917327 -0.179685 -0.355282 1.19178 2.09677 -0.00254797</i>
                        <i>-0.342528 0.845467 0.409708 0.22219 0.496615 -0.83905 -0.912856 -0.196365 -0.357958 1.1865 2.11633 0.00122042</i>
                        <i>-0.355247 0.841009 0.408048 0.217905 0.499 -0.838759 -0.90902 -0.209051 -0.360529 1.18192 2.13504 0.00256442</i>
                        <i>-0.361548 0.841506 0.401436 0.218493 0.495044 -0.840947 -0.90639 -0.216332 -0.362846 1.17822 2.14954 0.00112442</i>
                        <i>-0.359872 0.84789 0.389326 0.224934 0.48382 -0.845768 -0.905482 -0.216796 -0.364832 1.17561 2.15646 -0.00348257</i>
                        <i>-0.334682 0.86993 0.36223 0.242182 0.450891 -0.859096 -0.910679 -0.199798 -0.361586 1.17527 2.18307 -0.0288309</i>
                        <i>-0.281797 0.905952 0.315976 0.268198 0.390571 -0.880639 -0.921228 -0.163417 -0.353036 1.17812 2.24324 -0.0824728</i>
                        <i>-0.21866 0.940345 0.260653 0.293686 0.31815 -0.901404 -0.930557 -0.12055 -0.345733 1.18323 2.31406 -0.148939</i>
                        <i>-0.164503 0.963854 0.20958 0.31241 0.252448 -0.915789 -0.935595 -0.0851757 -0.342646 1.18785 2.3752 -0.210016</i>
                        <i>-0.139478 0.974032 0.178345 0.321117 0.214864 -0.922343 -0.936712 -0.071377 -0.342747 1.18771 2.4097 -0.244911</i>
                        <i>-0.156892 0.971572 0.17729 0.318488 0.219696 -0.922117 -0.934853 -0.088208 -0.343903 1.17889 2.41337 -0.242812</i>
                        <i>-0.203362 0.958998 0.1974 0.30745 0.253962 -0.917048 -0.92958 -0.125802 -0.34649 1.16398 2.39831 -0.216698</i>
                        <i>-0.259095 0.939165 0.225474 0.292015 0.298691 -0.908576 -0.92065 -0.169566 -0.35164 1.14803 2.3735 -0.180832</i>
                        <i>-0.305476 0.919238 0.248367 0.278195 0.335614 -0.899984 -0.910655 -0.205829 -0.358249 1.1353 2.34885 -0.149021</i>
                        <i>-0.325522 0.910886 0.253617 0.274142 0.347626 -0.896662 -0.904921 -0.222356 -0.362873 1.129 2.33534 -0.134276</i>
                        <i>-0.325522 0.910886 0.253617 0.274142 0.347626 -0.896662 -0.904921 -0.222356 -0.362873 1.129 2.33534 -0.134276</i>
                        <i>-0.325522 0.910886 0.253617 0.274142 0.347626 -0.896662 -0.904921 -0.222356 -0.362873 1.129 2.33534 -0.134276</i>
                        <i>-0.325522 0.910886 0.253617 0.274142 0.347626 -0.896662 -0.904921 -0.222356 -0.362873 1.129 2.33534 -0.134276</i>
                        <i>-0.325522 0.910886 0.253617 0.274142 0.347626 -0.896662 -0.904921 -0.222356 -0.362873 1.129 2.33534 -0.134276</i>
                        <i>-0.325522 0.910886 0.253617 0.274142 0.347626 -0.896662 -0.904921 -0.222356 -0.362873 1.129 2.33534 -0.134276</i>
                        <i>-0.325522 0.910886 0.253617 0.274142 0.347626 -0.896662 -0.904921 -0.222356 -0.362873 1.129 2.33534 -0.134276</i>
                        <i>-0.325522 0.910886 0.253617 0.274142 0.347626 -0.896662 -0.904921 -0.222356 -0.362873 1.129 2.33534 -0.134276</i>
                        <i>-0.325522 0.910886 0.253617 0.274142 0.347626 -0.896662 -0.904921 -0.222356 -0.362873 1.129 2.33534 -0.134276</i>
                        <i>-0.325522 0.910886 0.253617 0.274142 0.347626 -0.896662 -0.904921 -0.222356 -0.362873 1.129 2.33534 -0.134276</i>
                        <i>-0.325522 0.910886 0.253617 0.274142 0.347626 -0.896662 -0.904921 -0.222356 -0.362873 1.129 2.33534 -0.134276</i>
                    </KeyFrames>
                </p>
            </i>
            <i>
                <p>
                    <Name><![CDATA[head_prop]]></Name>
                    <Exclude>0</Exclude>
                    <Additive>0</Additive>
                    <IKPriority>0</IKPriority>
                    <IKRotLimits>-1e+010 -1e+010 -1e+010 1e+010 1e+010 1e+010</IKRotLimits>
                    <IKRotLimitOrder>0</IKRotLimitOrder>
                    <KeyFrames count="40">
                        <i>0.904921 0.222356 0.362873 -0.325522 0.910886 0.253617 -0.274142 -0.347626 0.896662 1.02291 2.63221 -0.0516198</i>
                        <i>0.935263 0.137883 0.325994 -0.178838 0.97888 0.0990505 -0.305451 -0.150938 0.940169 1.1551 2.64061 -0.119389</i>
                        <i>0.948102 0.0861169 0.306083 -0.0992693 0.994677 0.027636 -0.302074 -0.0565864 0.951604 1.24638 2.60164 -0.154184</i>
                        <i>0.945741 0.11761 0.302891 -0.161875 0.978815 0.125368 -0.28173 -0.167596 0.944743 1.21937 2.53025 -0.097651</i>
                        <i>0.942259 0.141479 0.303532 -0.212211 0.953421 0.214371 -0.259065 -0.266406 0.928393 1.179 2.47454 -0.038626</i>
                        <i>0.941983 0.124486 0.311722 -0.20961 0.943508 0.256624 -0.262166 -0.307076 0.914863 1.17355 2.4473 -0.011309</i>
                        <i>0.941488 0.103636 0.320718 -0.199669 0.938105 0.283003 -0.271538 -0.330481 0.903908 1.17207 2.427 0.00839809</i>
                        <i>0.940389 0.0874812 0.328657 -0.191451 0.934864 0.298959 -0.281096 -0.34406 0.895884 1.17057 2.41108 0.0232264</i>
                        <i>0.938991 0.0779919 0.334982 -0.188222 0.93169 0.310686 -0.287869 -0.354782 0.889529 1.1682 2.39868 0.0360948</i>
                        <i>0.937382 0.0773619 0.339602 -0.194326 0.925325 0.325595 -0.289053 -0.3712 0.882416 1.16273 2.3876 0.0506495</i>
                        <i>0.935368 0.087273 0.342739 -0.211356 0.914934 0.343838 -0.283575 -0.394055 0.874246 1.15233 2.37603 0.0670434</i>
                        <i>0.932913 0.102019 0.345349 -0.232428 0.903102 0.361088 -0.275048 -0.417132 0.866227 1.13993 2.36563 0.0830229</i>
                        <i>0.929865 0.120121 0.347739 -0.255865 0.890321 0.376644 -0.264357 -0.439203 0.858613 1.12634 2.35672 0.0979239</i>
                        <i>0.926165 0.140093 0.350132 -0.280077 0.877252 0.389855 -0.252538 -0.459134 0.851716 1.11232 2.35442 0.111118</i>
                        <i>0.921901 0.160441 0.352644 -0.303546 0.864732 0.400123 -0.240746 -0.475918 0.845898 1.09862 2.36154 0.122016</i>
                        <i>0.917327 0.179685 0.355282 -0.32483 0.853763 0.406908 -0.230212 -0.488673 0.841547 1.08591 2.37502 0.130067</i>
                        <i>0.912856 0.196365 0.357958 -0.342528 0.845467 0.409708 -0.22219 -0.496615 0.83905 1.07487 2.39188 0.134748</i>
                        <i>0.90902 0.209051 0.360529 -0.355247 0.841009 0.408048 -0.217905 -0.499 0.838759 1.06614 2.40913 0.135551</i>
                        <i>0.90639 0.216332 0.362846 -0.361548 0.841506 0.401436 -0.218493 -0.495044 0.840947 1.06039 2.4238 0.131956</i>
                        <i>0.905482 0.216796 0.364832 -0.359872 0.84789 0.389326 -0.224934 -0.48382 0.845768 1.05832 2.43279 0.123402</i>
                        <i>0.910679 0.199798 0.361586 -0.334682 0.86993 0.36223 -0.242182 -0.450891 0.859096 1.0662 2.46659 0.089223</i>
                        <i>0.921228 0.163417 0.353036 -0.281797 0.905952 0.315976 -0.268198 -0.390571 0.880639 1.08628 2.5385 0.0205068</i>
                        <i>0.930557 0.12055 0.345733 -0.21866 0.940345 0.260653 -0.293686 -0.31815 0.901404 1.11196 2.62053 -0.06399</i>
                        <i>0.935595 0.0851757 0.342646 -0.164503 0.963854 0.20958 -0.31241 -0.252448 0.915789 1.13424 2.68933 -0.141712</i>
                        <i>0.936712 0.071377 0.342747 -0.139478 0.974032 0.178345 -0.321117 -0.214864 0.922343 1.14225 2.72715 -0.186786</i>
                        <i>0.934853 0.088208 0.343903 -0.156892 0.971572 0.17729 -0.318488 -0.219696 0.922117 1.12776 2.73001 -0.185032</i>
                        <i>0.92958 0.125802 0.34649 -0.203362 0.958998 0.1974 -0.30745 -0.253962 0.917048 1.0977 2.71085 -0.152364</i>
                        <i>0.92065 0.169566 0.35164 -0.259095 0.939165 0.225474 -0.292015 -0.298691 0.908576 1.06359 2.67958 -0.107348</i>
                        <i>0.910655 0.205829 0.358249 -0.305476 0.919238 0.248367 -0.278195 -0.335614 0.899984 1.03575 2.64844 -0.0680757</i>
                        <i>0.904921 0.222356 0.362873 -0.325522 0.910886 0.253617 -0.274142 -0.347626 0.896662 1.02291 2.63221 -0.0516198</i>
                        <i>0.904921 0.222356 0.362873 -0.325522 0.910886 0.253617 -0.274142 -0.347626 0.896662 1.02291 2.63221 -0.0516198</i>
                        <i>0.904921 0.222356 0.362873 -0.325522 0.910886 0.253617 -0.274142 -0.347626 0.896662 1.02291 2.63221 -0.0516198</i>
                        <i>0.904921 0.222356 0.362873 -0.325522 0.910886 0.253617 -0.274142 -0.347626 0.896662 1.02291 2.63221 -0.0516198</i>
                        <i>0.904921 0.222356 0.362873 -0.325522 0.910886 0.253617 -0.274142 -0.347626 0.896662 1.02291 2.63221 -0.0516198</i>
                        <i>0.904921 0.222356 0.362873 -0.325522 0.910886 0.253617 -0.274142 -0.347626 0.896662 1.02291 2.63221 -0.0516198</i>
                        <i>0.904921 0.222356 0.362873 -0.325522 0.910886 0.253617 -0.274142 -0.347626 0.896662 1.02291 2.63221 -0.0516198</i>
                        <i>0.904921 0.222356 0.362873 -0.325522 0.910886 0.253617 -0.274142 -0.347626 0.896662 1.02291 2.63221 -0.0516198</i>
                        <i>0.904921 0.222356 0.362873 -0.325522 0.910886 0.253617 -0.274142 -0.347626 0.896662 1.02291 2.63221 -0.0516198</i>
                        <i>0.904921 0.222356 0.362873 -0.325522 0.910886 0.253617 -0.274142 -0.347626 0.896662 1.02291 2.63221 -0.0516198</i>
                        <i>0.904921 0.222356 0.362873 -0.325522 0.910886 0.253617 -0.274142 -0.347626 0.896662 1.02291 2.63221 -0.0516198</i>
                    </KeyFrames>
                </p>
            </i>
            <i>
                <p>
                    <Name><![CDATA[l_clav]]></Name>
                    <Exclude>0</Exclude>
                    <Additive>0</Additive>
                    <IKPriority>0</IKPriority>
                    <IKRotLimits>-1e+010 -1e+010 -1e+010 1e+010 1e+010 1e+010</IKRotLimits>
                    <IKRotLimitOrder>0</IKRotLimitOrder>
                    <KeyFrames count="40">
                        <i>0.250093 0.516801 0.818761 -0.870516 0.490212 -0.0435194 -0.423857 -0.701861 0.572482 1.31749 2.22566 -0.118308</i>
                        <i>0.267092 0.577084 0.771774 -0.738756 0.636867 -0.220545 -0.618791 -0.511247 0.596426 1.38862 2.19214 -0.13296</i>
                        <i>0.258547 0.635194 0.727793 -0.598329 0.696791 -0.395581 -0.75839 -0.333183 0.560208 1.44519 2.1373 -0.141782</i>
                        <i>0.19116 0.656551 0.729656 -0.561376 0.682916 -0.467421 -0.80518 -0.320259 0.499118 1.44475 2.07792 -0.123079</i>
                        <i>0.136435 0.658737 0.739899 -0.571143 0.662563 -0.484567 -0.809432 -0.356477 0.46663 1.4255 2.03628 -0.0984118</i>
                        <i>0.112705 0.676196 0.72805 -0.563398 0.647037 -0.513737 -0.818462 -0.352281 0.453892 1.4165 2.00874 -0.083031</i>
                        <i>0.0995831 0.695425 0.711665 -0.563666 0.628821 -0.535598 -0.819978 -0.347805 0.454608 1.40793 1.98556 -0.0685899</i>
                        <i>0.093678 0.712869 0.695012 -0.566753 0.612118 -0.551455 -0.818545 -0.342241 0.461363 1.40016 1.96676 -0.0551431</i>
                        <i>0.0941783 0.723402 0.683974 -0.562031 0.605709 -0.563238 -0.821737 -0.33137 0.463619 1.39407 1.95275 -0.0427655</i>
                        <i>0.0938905 0.725035 0.682282 -0.551824 0.608306 -0.570486 -0.828658 -0.322937 0.457206 1.38968 1.94297 -0.031383</i>
                        <i>0.0864766 0.721363 0.687137 -0.546549 0.611015 -0.572665 -0.83295 -0.326032 0.447098 1.38599 1.93615 -0.0208333</i>
                        <i>0.076742 0.714668 0.695242 -0.542454 0.614993 -0.5723 -0.836573 -0.333217 0.43487 1.38254 1.93196 -0.0110418</i>
                        <i>0.0660187 0.705302 0.705826 -0.539906 0.620124 -0.569164 -0.839132 -0.343504 0.421736 1.37928 1.93035 -0.00221153</i>
                        <i>0.0556867 0.693691 0.718116 -0.539297 0.626188 -0.56307 -0.840273 -0.355922 0.408976 1.37617 1.93595 0.00545855</i>
                        <i>0.0471277 0.680369 0.731353 -0.541002 0.632869 -0.55389 -0.8397 -0.36956 0.397907 1.37316 1.951 0.0117706</i>
