<?xml version="1.0" encoding="ISO-8859-1" ?>
<Animl Version="1">
    <ModellingPackage><![CDATA[Maya.2010]]></ModellingPackage>
    <SrcFile><![CDATA[anims\turrets\antitank\red\~src\at_at4spigot\at_at4spigot_reload_low_crewman_b.mb]]></SrcFile>
    <FramesPerSecond>30</FramesPerSecond>
    <TotalFrames>130</TotalFrames>
    <Skeleton>
        <RefFrame>
            <Name><![CDATA[soldier_ref_frame]]></Name>
            <Exclude>0</Exclude>
            <Additive>0</Additive>
            <IKPriority>0</IKPriority>
            <IKRotLimits>-1e+010 -1e+010 -1e+010 1e+010 1e+010 1e+010</IKRotLimits>
            <IKRotLimitOrder>0</IKRotLimitOrder>
            <KeyFrames count="130">
                <i>1 0 0 0 1 0 0 0 1 0.76 0.92 -2.22</i>
                <i>1 0 0 0 1 0 0 0 1 0.76 0.92 -2.22</i>
                <i>1 0 0 0 1 0 0 0 1 0.76 0.92 -2.22</i>
                <i>1 0 0 0 1 0 0 0 1 0.76 0.92 -2.22</i>
                <i>1 0 0 0 1 0 0 0 1 0.76 0.92 -2.22</i>
                <i>1 0 0 0 1 0 0 0 1 0.76 0.92 -2.22</i>
                <i>1 0 0 0 1 0 0 0 1 0.76 0.92 -2.22</i>
                <i>1 0 0 0 1 0 0 0 1 0.76 0.92 -2.22</i>
                <i>1 0 0 0 1 0 0 0 1 0.76 0.92 -2.22</i>
                <i>1 0 0 0 1 0 0 0 1 0.76 0.92 -2.22</i>
                <i>1 0 0 0 1 0 0 0 1 0.76 0.92 -2.22</i>
                <i>1 0 0 0 1 0 0 0 1 0.76 0.92 -2.22</i>
                <i>1 0 0 0 1 0 0 0 1 0.76 0.92 -2.22</i>
                <i>1 0 0 0 1 0 0 0 1 0.76 0.92 -2.22</i>
                <i>1 0 0 0 1 0 0 0 1 0.76 0.92 -2.22</i>
                <i>1 0 0 0 1 0 0 0 1 0.76 0.92 -2.22</i>
                <i>1 0 0 0 1 0 0 0 1 0.76 0.92 -2.22</i>
                <i>1 0 0 0 1 0 0 0 1 0.76 0.92 -2.22</i>
                <i>1 0 0 0 1 0 0 0 1 0.76 0.92 -2.22</i>
                <i>1 0 0 0 1 0 0 0 1 0.76 0.92 -2.22</i>
                <i>1 0 0 0 1 0 0 0 1 0.76 0.92 -2.22</i>
                <i>1 0 0 0 1 0 0 0 1 0.76 0.92 -2.22</i>
                <i>1 0 0 0 1 0 0 0 1 0.76 0.92 -2.22</i>
                <i>1 0 0 0 1 0 0 0 1 0.76 0.92 -2.22</i>
                <i>1 0 0 0 1 0 0 0 1 0.76 0.92 -2.22</i>
                <i>1 0 0 0 1 0 0 0 1 0.76 0.92 -2.22</i>
                <i>1 0 0 0 1 0 0 0 1 0.76 0.92 -2.22</i>
                <i>1 0 0 0 1 0 0 0 1 0.76 0.92 -2.22</i>
                <i>1 0 0 0 1 0 0 0 1 0.76 0.92 -2.22</i>
                <i>1 0 0 0 1 0 0 0 1 0.76 0.92 -2.22</i>
                <i>1 0 0 0 1 0 0 0 1 0.76 0.92 -2.22</i>
                <i>1 0 0 0 1 0 0 0 1 0.76 0.92 -2.22</i>
                <i>1 0 0 0 1 0 0 0 1 0.76 0.92 -2.22</i>
                <i>1 0 0 0 1 0 0 0 1 0.76 0.92 -2.22</i>
                <i>1 0 0 0 1 0 0 0 1 0.76 0.92 -2.22</i>
                <i>1 0 0 0 1 0 0 0 1 0.76 0.92 -2.22</i>
                <i>1 0 0 0 1 0 0 0 1 0.76 0.92 -2.22</i>
                <i>1 0 0 0 1 0 0 0 1 0.76 0.92 -2.22</i>
                <i>1 0 0 0 1 0 0 0 1 0.76 0.92 -2.22</i>
                <i>1 0 0 0 1 0 0 0 1 0.76 0.92 -2.22</i>
                <i>1 0 0 0 1 0 0 0 1 0.76 0.92 -2.22</i>
                <i>1 0 0 0 1 0 0 0 1 0.76 0.92 -2.22</i>
                <i>1 0 0 0 1 0 0 0 1 0.76 0.92 -2.22</i>
                <i>1 0 0 0 1 0 0 0 1 0.76 0.92 -2.22</i>
                <i>1 0 0 0 1 0 0 0 1 0.76 0.92 -2.22</i>
                <i>1 0 0 0 1 0 0 0 1 0.76 0.92 -2.22</i>
                <i>1 0 0 0 1 0 0 0 1 0.76 0.92 -2.22</i>
                <i>1 0 0 0 1 0 0 0 1 0.76 0.92 -2.22</i>
                <i>1 0 0 0 1 0 0 0 1 0.76 0.92 -2.22</i>
                <i>1 0 0 0 1 0 0 0 1 0.76 0.92 -2.22</i>
                <i>1 0 0 0 1 0 0 0 1 0.76 0.92 -2.22</i>
                <i>1 0 0 0 1 0 0 0 1 0.76 0.92 -2.22</i>
                <i>1 0 0 0 1 0 0 0 1 0.76 0.92 -2.22</i>
                <i>1 0 0 0 1 0 0 0 1 0.76 0.92 -2.22</i>
                <i>1 0 0 0 1 0 0 0 1 0.76 0.92 -2.22</i>
                <i>1 0 0 0 1 0 0 0 1 0.76 0.92 -2.22</i>
                <i>1 0 0 0 1 0 0 0 1 0.76 0.92 -2.22</i>
                <i>1 0 0 0 1 0 0 0 1 0.76 0.92 -2.22</i>
                <i>1 0 0 0 1 0 0 0 1 0.76 0.92 -2.22</i>
                <i>1 0 0 0 1 0 0 0 1 0.76 0.92 -2.22</i>
                <i>1 0 0 0 1 0 0 0 1 0.76 0.92 -2.22</i>
                <i>1 0 0 0 1 0 0 0 1 0.76 0.92 -2.22</i>
                <i>1 0 0 0 1 0 0 0 1 0.76 0.92 -2.22</i>
                <i>1 0 0 0 1 0 0 0 1 0.76 0.92 -2.22</i>
                <i>1 0 0 0 1 0 0 0 1 0.76 0.92 -2.22</i>
                <i>1 0 0 0 1 0 0 0 1 0.76 0.92 -2.22</i>
                <i>1 0 0 0 1 0 0 0 1 0.76 0.92 -2.22</i>
                <i>1 0 0 0 1 0 0 0 1 0.76 0.92 -2.22</i>
                <i>1 0 0 0 1 0 0 0 1 0.76 0.92 -2.22</i>
                <i>1 0 0 0 1 0 0 0 1 0.76 0.92 -2.22</i>
                <i>1 0 0 0 1 0 0 0 1 0.76 0.92 -2.22</i>
                <i>1 0 0 0 1 0 0 0 1 0.76 0.92 -2.22</i>
                <i>1 0 0 0 1 0 0 0 1 0.76 0.92 -2.22</i>
                <i>1 0 0 0 1 0 0 0 1 0.76 0.92 -2.22</i>
                <i>1 0 0 0 1 0 0 0 1 0.76 0.92 -2.22</i>
                <i>1 0 0 0 1 0 0 0 1 0.76 0.92 -2.22</i>
                <i>1 0 0 0 1 0 0 0 1 0.76 0.92 -2.22</i>
                <i>1 0 0 0 1 0 0 0 1 0.76 0.92 -2.22</i>
                <i>1 0 0 0 1 0 0 0 1 0.76 0.92 -2.22</i>
                <i>1 0 0 0 1 0 0 0 1 0.76 0.92 -2.22</i>
                <i>1 0 0 0 1 0 0 0 1 0.76 0.92 -2.22</i>
                <i>1 0 0 0 1 0 0 0 1 0.76 0.92 -2.22</i>
                <i>1 0 0 0 1 0 0 0 1 0.76 0.92 -2.22</i>
                <i>1 0 0 0 1 0 0 0 1 0.76 0.92 -2.22</i>
                <i>1 0 0 0 1 0 0 0 1 0.76 0.92 -2.22</i>
                <i>1 0 0 0 1 0 0 0 1 0.76 0.92 -2.22</i>
                <i>1 0 0 0 1 0 0 0 1 0.76 0.92 -2.22</i>
                <i>1 0 0 0 1 0 0 0 1 0.76 0.92 -2.22</i>
                <i>1 0 0 0 1 0 0 0 1 0.76 0.92 -2.22</i>
                <i>1 0 0 0 1 0 0 0 1 0.76 0.92 -2.22</i>
                <i>1 0 0 0 1 0 0 0 1 0.76 0.92 -2.22</i>
                <i>1 0 0 0 1 0 0 0 1 0.76 0.92 -2.22</i>
                <i>1 0 0 0 1 0 0 0 1 0.76 0.92 -2.22</i>
                <i>1 0 0 0 1 0 0 0 1 0.76 0.92 -2.22</i>
                <i>1 0 0 0 1 0 0 0 1 0.76 0.92 -2.22</i>
                <i>1 0 0 0 1 0 0 0 1 0.76 0.92 -2.22</i>
                <i>1 0 0 0 1 0 0 0 1 0.76 0.92 -2.22</i>
                <i>1 0 0 0 1 0 0 0 1 0.76 0.92 -2.22</i>
                <i>1 0 0 0 1 0 0 0 1 0.76 0.92 -2.22</i>
                <i>1 0 0 0 1 0 0 0 1 0.76 0.92 -2.22</i>
                <i>1 0 0 0 1 0 0 0 1 0.76 0.92 -2.22</i>
                <i>1 0 0 0 1 0 0 0 1 0.76 0.92 -2.22</i>
                <i>1 0 0 0 1 0 0 0 1 0.76 0.92 -2.22</i>
                <i>1 0 0 0 1 0 0 0 1 0.76 0.92 -2.22</i>
                <i>1 0 0 0 1 0 0 0 1 0.76 0.92 -2.22</i>
                <i>1 0 0 0 1 0 0 0 1 0.76 0.92 -2.22</i>
                <i>1 0 0 0 1 0 0 0 1 0.76 0.92 -2.22</i>
                <i>1 0 0 0 1 0 0 0 1 0.76 0.92 -2.22</i>
                <i>1 0 0 0 1 0 0 0 1 0.76 0.92 -2.22</i>
                <i>1 0 0 0 1 0 0 0 1 0.76 0.92 -2.22</i>
                <i>1 0 0 0 1 0 0 0 1 0.76 0.92 -2.22</i>
                <i>1 0 0 0 1 0 0 0 1 0.76 0.92 -2.22</i>
                <i>1 0 0 0 1 0 0 0 1 0.76 0.92 -2.22</i>
                <i>1 0 0 0 1 0 0 0 1 0.76 0.92 -2.22</i>
                <i>1 0 0 0 1 0 0 0 1 0.76 0.92 -2.22</i>
                <i>1 0 0 0 1 0 0 0 1 0.76 0.92 -2.22</i>
                <i>1 0 0 0 1 0 0 0 1 0.76 0.92 -2.22</i>
                <i>1 0 0 0 1 0 0 0 1 0.76 0.92 -2.22</i>
                <i>1 0 0 0 1 0 0 0 1 0.76 0.92 -2.22</i>
                <i>1 0 0 0 1 0 0 0 1 0.76 0.92 -2.22</i>
                <i>1 0 0 0 1 0 0 0 1 0.76 0.92 -2.22</i>
                <i>1 0 0 0 1 0 0 0 1 0.76 0.92 -2.22</i>
                <i>1 0 0 0 1 0 0 0 1 0.76 0.92 -2.22</i>
                <i>1 0 0 0 1 0 0 0 1 0.76 0.92 -2.22</i>
                <i>1 0 0 0 1 0 0 0 1 0.76 0.92 -2.22</i>
                <i>1 0 0 0 1 0 0 0 1 0.76 0.92 -2.22</i>
                <i>1 0 0 0 1 0 0 0 1 0.76 0.92 -2.22</i>
                <i>1 0 0 0 1 0 0 0 1 0.76 0.92 -2.22</i>
                <i>1 0 0 0 1 0 0 0 1 0.76 0.92 -2.22</i>
                <i>1 0 0 0 1 0 0 0 1 0.76 0.92 -2.22</i>
            </KeyFrames>
        </RefFrame>
        <Bones count="23">
            <i>
                <p>
                    <Name><![CDATA[pelvis]]></Name>
                    <Exclude>0</Exclude>
                    <Additive>0</Additive>
                    <IKPriority>0</IKPriority>
                    <IKRotLimits>-1e+010 -1e+010 -1e+010 1e+010 1e+010 1e+010</IKRotLimits>
                    <IKRotLimitOrder>2</IKRotLimitOrder>
                    <KeyFrames count="130">
                        <i>1 0 0 0 1 0 0 0 1 0.760021 1.45068 -2.21572</i>
                        <i>1 0 0 0 1 0 0 0 1 0.759752 1.44539 -2.21668</i>
                        <i>1 0 0 0 1 0 0 0 1 0.759079 1.43375 -2.21931</i>
                        <i>1 0 0 0 1 0 0 0 1 0.758204 1.42211 -2.22323</i>
                        <i>1 0 0 0 1 0 0 0 1 0.75733 1.41682 -2.22806</i>
                        <i>1 0 0 0 1 0 0 0 1 0.756657 1.41612 -2.23341</i>
                        <i>1 0 0 0 1 0 0 0 1 0.756388 1.41607 -2.23891</i>
                        <i>1 0 0 0 1 0 0 0 1 0.756724 1.41976 -2.24417</i>
                        <i>1 0 0 0 1 0 0 0 1 0.757868 1.43027 -2.24881</i>
                        <i>1 0 0 0 1 0 0 0 1 0.760021 1.45068 -2.25246</i>
                        <i>1 0 0 0 1 0 0 0 1 0.785655 1.51554 -2.23869</i>
                        <i>1 0 0 0 1 0 0 0 1 0.79 1.60153 -2.2489</i>
                        <i>1 0 0 0 1 0 0 0 1 0.730382 1.67345 -2.31908</i>
                        <i>1 0 0 0 1 0 0 0 1 0.648446 1.74644 -2.41084</i>
                        <i>1 0 0 0 1 0 0 0 1 0.570016 1.81221 -2.49901</i>
                        <i>1 0 0 0 1 0 0 0 1 0.520914 1.86252 -2.55842</i>
                        <i>1 0 0 0 1 0 0 0 1 0.517637 1.89218 -2.57773</i>
                        <i>1 0 0 0 1 0 0 0 1 0.54321 1.90661 -2.57191</i>
                        <i>1 0 0 0 1 0 0 0 1 0.573247 1.91336 -2.55524</i>
                        <i>1 0 0 0 1 0 0 0 1 0.583362 1.92 -2.54201</i>
                        <i>1 0 0 0 1 0 0 0 1 0.565648 1.92964 -2.53215</i>
                        <i>1 0 0 0 1 0 0 0 1 0.534421 1.94003 -2.51877</i>
                        <i>1 0 0 0 1 0 0 0 1 0.49863 1.95066 -2.50588</i>
                        <i>1 0 0 0 1 0 0 0 1 0.467221 1.96103 -2.49752</i>
                        <i>1 0 0 0 1 0 0 0 1 0.449144 1.97065 -2.4977</i>
                        <i>1 0 0 0 1 0 0 0 1 0.451628 1.97902 -2.51318</i>
                        <i>1 0 0 0 1 0 0 0 1 0.468707 1.98564 -2.54126</i>
                        <i>1 0 0 0 1 0 0 0 1 0.489537 1.99001 -2.57184</i>
                        <i>1 0 0 0 1 0 0 0 1 0.503273 1.99163 -2.59479</i>
                        <i>1 0 0 0 1 0 0 0 1 0.49907 1.99 -2.6</i>
                        <i>1 0 0 0 1 0 0 0 1 0.473498 1.98115 -2.58464</i>
                        <i>1 0 0 0 1 0 0 0 1 0.43441 1.96346 -2.55622</i>
                        <i>1 0 0 0 1 0 0 0 1 0.387886 1.93999 -2.52018</i>
                        <i>1 0 0 0 1 0 0 0 1 0.340003 1.91378 -2.4819</i>
                        <i>1 0 0 0 1 0 0 0 1 0.29684 1.88788 -2.4468</i>
                        <i>1 0 0 0 1 0 0 0 1 0.264475 1.86535 -2.4203</i>
                        <i>1 0 0 0 1 0 0 0 1 0.242691 1.84475 -2.40196</i>
                        <i>1 0 0 0 1 0 0 0 1 0.226582 1.82336 -2.38736</i>
                        <i>1 0 0 0 1 0 0 0 1 0.215193 1.80229 -2.37594</i>
                        <i>1 0 0 0 1 0 0 0 1 0.207568 1.78263 -2.36714</i>
                        <i>1 0 0 0 1 0 0 0 1 0.202754 1.76548 -2.36042</i>
                        <i>1 0 0 0 1 0 0 0 1 0.199794 1.75193 -2.3552</i>
                        <i>1 0 0 0 1 0 0 0 1 0.198561 1.74202 -2.35164</i>
                        <i>1 0 0 0 1 0 0 0 1 0.199376 1.73461 -2.34996</i>
                        <i>1 0 0 0 1 0 0 0 1 0.201959 1.72905 -2.34975</i>
                        <i>1 0 0 0 1 0 0 0 1 0.206029 1.72468 -2.35055</i>
                        <i>1 0 0 0 1 0 0 0 1 0.211305 1.72085 -2.35193</i>
                        <i>1 0 0 0 1 0 0 0 1 0.217508 1.71691 -2.35345</i>
                        <i>1 0 0 0 1 0 0 0 1 0.224357 1.71219 -2.35469</i>
                        <i>1 0 0 0 1 0 0 0 1 0.231572 1.70605 -2.3552</i>
                        <i>1 0 0 0 1 0 0 0 1 0.24028 1.69368 -2.3552</i>
                        <i>1 0 0 0 1 0 0 0 1 0.25129 1.67558 -2.3552</i>
                        <i>1 0 0 0 1 0 0 0 1 0.263844 1.65906 -2.3552</i>
                        <i>1 0 0 0 1 0 0 0 1 0.277184 1.65143 -2.3552</i>
                        <i>1 0 0 0 1 0 0 0 1 0.290552 1.66 -2.3552</i>
                        <i>1 0 0 0 1 0 0 0 1 0.303189 1.69688 -2.3552</i>
                        <i>1 0 0 0 1 0 0 0 1 0.314338 1.75719 -2.3552</i>
                        <i>1 0 0 0 1 0 0 0 1 0.32324 1.82277 -2.3552</i>
                        <i>1 0 0 0 1 0 0 0 1 0.329137 1.87545 -2.3552</i>
                        <i>1 0 0 0 1 0 0 0 1 0.331272 1.89705 -2.3552</i>
                        <i>1 0 0 0 1 0 0 0 1 0.331272 1.89705 -2.3552</i>
                        <i>1 0 0 0 1 0 0 0 1 0.331272 1.89705 -2.3552</i>
                        <i>1 0 0 0 1 0 0 0 1 0.331272 1.89705 -2.3552</i>
                        <i>1 0 0 0 1 0 0 0 1 0.331272 1.89705 -2.3552</i>
                        <i>1 0 0 0 1 0 0 0 1 0.331272 1.89705 -2.3552</i>
                        <i>1 0 0 0 1 0 0 0 1 0.333907 1.91487 -2.34313</i>
                        <i>1 0 0 0 1 0 0 0 1 0.340433 1.95745 -2.31453</i>
                        <i>1 0 0 0 1 0 0 0 1 0.348783 2.0084 -2.28077</i>
                        <i>1 0 0 0 1 0 0 0 1 0.356889 2.05137 -2.25324</i>
                        <i>1 0 0 0 1 0 0 0 1 0.362682 2.07 -2.24332</i>
                        <i>1 0 0 0 1 0 0 0 1 0.366379 2.06471 -2.25061</i>
                        <i>1 0 0 0 1 0 0 0 1 0.369612 2.04893 -2.26561</i>
                        <i>1 0 0 0 1 0 0 0 1 0.372442 2.02582 -2.28604</i>
                        <i>1 0 0 0 1 0 0 0 1 0.374926 1.9985 -2.30962</i>
                        <i>1 0 0 0 1 0 0 0 1 0.377125 1.97011 -2.33409</i>
                        <i>1 0 0 0 1 0 0 0 1 0.379096 1.94381 -2.35716</i>
                        <i>1 0 0 0 1 0 0 0 1 0.3809 1.92273 -2.37655</i>
                        <i>1 0 0 0 1 0 0 0 1 0.382594 1.91 -2.39</i>
                        <i>1 0 0 0 1 0 0 0 1 0.383176 1.91684 -2.39102</i>
                        <i>1 0 0 0 1 0 0 0 1 0.382486 1.94157 -2.38049</i>
                        <i>1 0 0 0 1 0 0 0 1 0.381851 1.96801 -2.36718</i>
                        <i>1 0 0 0 1 0 0 0 1 0.382594 1.98 -2.35985</i>
                        <i>1 0 0 0 1 0 0 0 1 0.385178 1.9771 -2.35837</i>
                        <i>1 0 0 0 1 0 0 0 1 0.388842 1.97033 -2.35704</i>
                        <i>1 0 0 0 1 0 0 0 1 0.39308 1.96065 -2.35623</i>
                        <i>1 0 0 0 1 0 0 0 1 0.397382 1.94902 -2.3563</i>
                        <i>1 0 0 0 1 0 0 0 1 0.401242 1.93641 -2.35763</i>
                        <i>1 0 0 0 1 0 0 0 1 0.404151 1.9238 -2.36059</i>
                        <i>1 0 0 0 1 0 0 0 1 0.405602 1.91213 -2.36555</i>
                        <i>1 0 0 0 1 0 0 0 1 0.405086 1.90239 -2.37288</i>
                        <i>1 0 0 0 1 0 0 0 1 0.396769 1.89396 -2.39125</i>
                        <i>1 0 0 0 1 0 0 0 1 0.38037 1.88597 -2.42159</i>
                        <i>1 0 0 0 1 0 0 0 1 0.363711 1.87895 -2.45267</i>
                        <i>1 0 0 0 1 0 0 0 1 0.354619 1.87345 -2.47325</i>
                        <i>1 0 0 0 1 0 0 0 1 0.360917 1.87 -2.47211</i>
                        <i>1 0 0 0 1 0 0 0 1 0.388134 1.8731 -2.44053</i>
                        <i>1 0 0 0 1 0 0 0 1 0.431054 1.88238 -2.386</i>
                        <i>1 0 0 0 1 0 0 0 1 0.481383 1.89111 -2.32158</i>
                        <i>1 0 0 0 1 0 0 0 1 0.530831 1.89256 -2.26035</i>
                        <i>1 0 0 0 1 0 0 0 1 0.571104 1.88 -2.21538</i>
                        <i>1 0 0 0 1 0 0 0 1 0.602539 1.85665 -2.1875</i>
                        <i>1 0 0 0 1 0 0 0 1 0.630665 1.8305 -2.168</i>
                        <i>1 0 0 0 1 0 0 0 1 0.654976 1.802 -2.15562</i>
                        <i>1 0 0 0 1 0 0 0 1 0.67497 1.77158 -2.14912</i>
                        <i>1 0 0 0 1 0 0 0 1 0.690143 1.73966 -2.14725</i>
                        <i>1 0 0 0 1 0 0 0 1 0.702301 1.70669 -2.14919</i>
                        <i>1 0 0 0 1 0 0 0 1 0.713531 1.67309 -2.1544</i>
                        <i>1 0 0 0 1 0 0 0 1 0.723751 1.6393 -2.16207</i>
                        <i>1 0 0 0 1 0 0 0 1 0.732876 1.60574 -2.17138</i>
                        <i>1 0 0 0 1 0 0 0 1 0.740825 1.57286 -2.18151</i>
                        <i>1 0 0 0 1 0 0 0 1 0.747515 1.54109 -2.19164</i>
                        <i>1 0 0 0 1 0 0 0 1 0.752862 1.51085 -2.20094</i>
                        <i>1 0 0 0 1 0 0 0 1 0.756784 1.48258 -2.2086</i>
                        <i>1 0 0 0 1 0 0 0 1 0.759198 1.45672 -2.2138</i>
                        <i>1 0 0 0 1 0 0 0 1 0.760021 1.43369 -2.21572</i>
                        <i>1 0 0 0 1 0 0 0 1 0.760021 1.42172 -2.21572</i>
                        <i>1 0 0 0 1 0 0 0 1 0.760021 1.42421 -2.21572</i>
                        <i>1 0 0 0 1 0 0 0 1 0.760021 1.43439 -2.21572</i>
                        <i>1 0 0 0 1 0 0 0 1 0.760021 1.44548 -2.21572</i>
                        <i>1 0 0 0 1 0 0 0 1 0.760021 1.45068 -2.21572</i>
                        <i>1 0 0 0 1 0 0 0 1 0.760021 1.45068 -2.21572</i>
                        <i>1 0 0 0 1 0 0 0 1 0.760021 1.45068 -2.21572</i>
                        <i>1 0 0 0 1 0 0 0 1 0.760021 1.45068 -2.21572</i>
                        <i>1 0 0 0 1 0 0 0 1 0.760021 1.45068 -2.21572</i>
                        <i>1 0 0 0 1 0 0 0 1 0.760021 1.45068 -2.21572</i>
                        <i>1 0 0 0 1 0 0 0 1 0.760021 1.45068 -2.21572</i>
                        <i>1 0 0 0 1 0 0 0 1 0.760021 1.45068 -2.21572</i>
                        <i>1 0 0 0 1 0 0 0 1 0.760021 1.45068 -2.21572</i>
                        <i>1 0 0 0 1 0 0 0 1 0.760021 1.45068 -2.21572</i>
                        <i>1 0 0 0 1 0 0 0 1 0.760021 1.45068 -2.21572</i>
                    </KeyFrames>
                </p>
            </i>
            <i>
                <p>
                    <Name><![CDATA[spine0]]></Name>
                    <Exclude>0</Exclude>
                    <Additive>0</Additive>
                    <IKPriority>0</IKPriority>
                    <IKRotLimits>-1e+010 -1e+010 -1e+010 1e+010 1e+010 1e+010</IKRotLimits>
                    <IKRotLimitOrder>0</IKRotLimitOrder>
                    <KeyFrames count="130">
                        <i>-0.126341 0.990349 0.0569814 -0.783813 -0.0644553 -0.617643 -0.608009 -0.122696 0.784392 0.780539 1.58616 -2.25953</i>
                        <i>-0.123633 0.991053 0.0502816 -0.786648 -0.0669944 -0.613756 -0.604896 -0.115434 0.787893 0.779742 1.58047 -2.26194</i>
                        <i>-0.116253 0.992693 0.0323353 -0.793947 -0.0733188 -0.60355 -0.596769 -0.0958372 0.796669 0.777687 1.56765 -2.26851</i>
                        <i>-0.105289 0.994421 0.00642187 -0.8037 -0.0812888 -0.589456 -0.585646 -0.0672245 0.807775 0.774864 1.55401 -2.2782</i>
                        <i>-0.0918292 0.995482 -0.0241556 -0.813939 -0.089013 -0.574091 -0.573647 -0.0330571 0.818435 0.771781 1.54586 -2.28998</i>
                        <i>-0.07702 0.995448 -0.0561435 -0.82303 -0.0952611 -0.559953 -0.562752 0.00308014 0.82662 0.768969 1.54153 -2.30281</i>
                        <i>-0.0621279 0.994319 -0.0864284 -0.829855 -0.099574 -0.549023 -0.55451 0.0376133 0.831327 0.766974 1.5373 -2.31564</i>
                        <i>-0.0485903 0.992508 -0.112106 -0.833889 -0.102091 -0.542408 -0.549789 0.0671278 0.832602 0.766346 1.53665 -2.32747</i>
                        <i>-0.0380017 0.990724 -0.130468 -0.835166 -0.103178 -0.540233 -0.548683 0.088433 0.83134 0.767613 1.5432 -2.3374</i>
                        <i>-0.031998 0.989793 -0.138873 -0.834117 -0.102995 -0.541887 -0.550659 0.0984971 0.828899 0.77129 1.56063 -2.34454</i>
                        <i>-0.0736044 0.993137 -0.090897 -0.81013 -0.112697 -0.575317 -0.581612 0.0312925 0.812864 0.799241 1.6278 -2.32762</i>
                        <i>-0.131691 0.991273 -0.00586747 -0.781232 -0.107427 -0.614928 -0.610192 -0.0763967 0.788561 0.808241 1.71862 -2.33047</i>
                        <i>-0.173803 0.983193 0.0558957 -0.750119 -0.095399 -0.654385 -0.638054 -0.155662 0.754093 0.757222 1.79283 -2.39475</i>
                        <i>-0.23917 0.966834 0.0896079 -0.691976 -0.104979 -0.714247 -0.681152 -0.232833 0.694133 0.682783 1.86803 -2.47963</i>
                        <i>-0.296229 0.950627 0.0925012 -0.630554 -0.121904 -0.766512 -0.717391 -0.28539 0.635533 0.608338 1.93641 -2.56068</i>
                        <i>-0.309365 0.947754 0.077818 -0.594284 -0.128802 -0.793875 -0.742375 -0.291843 0.603082 0.560967 1.98946 -2.61298</i>
                        <i>-0.255926 0.964571 0.064073 -0.596954 -0.105559 -0.795301 -0.76036 -0.241787 0.602819 0.562098 2.0205 -2.62521</i>
                        <i>-0.160475 0.985925 0.0468943 -0.618508 -0.0634192 -0.783215 -0.769217 -0.154691 0.61998 0.594563 2.03443 -2.61339</i>
                        <i>-0.0660991 0.997522 0.0240846 -0.640433 -0.0239029 -0.767642 -0.765164 -0.066165 0.640426 0.630531 2.03997 -2.59246</i>
                        <i>-0.0118504 0.999925 -0.00311469 -0.649101 -0.010062 -0.760635 -0.76061 -0.00699211 0.649172 0.642205 2.04651 -2.57708</i>
                        <i>0.0125199 0.999272 -0.0360292 -0.648345 -0.0193188 -0.761102 -0.761244 0.0328883 0.647631 0.622302 2.05734 -2.56652</i>
                        <i>0.0379756 0.996593 -0.0732094 -0.649481 -0.0310617 -0.759743 -0.759429 0.0763998 0.646089 0.588082 2.06906 -2.55293</i>
                        <i>0.0616505 0.992186 -0.108468 -0.651752 -0.0422869 -0.757253 -0.755923 0.117379 0.644052 0.548697 2.08109 -2.54017</i>
                        <i>0.0816614 0.986845 -0.139527 -0.654457 -0.0524885 -0.754275 -0.751676 0.15291 0.641561 0.513317 2.09285 -2.5321</i>
                        <i>0.0969918 0.981267 -0.166457 -0.656611 -0.0626006 -0.751627 -0.747967 0.182199 0.638239 0.491133 2.10375 -2.53259</i>
                        <i>0.10499 0.97726 -0.184226 -0.656866 -0.0709405 -0.750663 -0.746662 0.199824 0.634481 0.489631 2.11326 -2.54826</i>
                        <i>0.104018 0.977538 -0.183302 -0.653872 -0.0716589 -0.753204 -0.749421 0.198203 0.631731 0.503107 2.12086 -2.5763</i>
                        <i>0.096606 0.982037 -0.16208 -0.64609 -0.0619982 -0.760739 -0.757123 0.17821 0.628495 0.520973 2.12604 -2.60653</i>
                        <i>0.0861058 0.987636 -0.131001 -0.631125 -0.0476691 -0.774215 -0.770887 0.149343 0.619217 0.532621 2.12831 -2.62872</i>
                        <i>0.0720923 0.992046 -0.103191 -0.605912 -0.0386205 -0.794594 -0.792259 0.119809 0.598308 0.527412 2.12721 -2.63264</i>
                        <i>0.0347883 0.997689 -0.0583686 -0.553783 -0.0293737 -0.832143 -0.831934 0.0612723 0.551481 0.503504 2.11874 -2.61405</i>
                        <i>-0.0384742 0.999226 0.00815207 -0.468581 -0.0108355 -0.883354 -0.882582 -0.0378063 0.468635 0.468762 2.10119 -2.57964</i>
                        <i>-0.138339 0.988075 0.0675994 -0.365515 0.0125002 -0.930721 -0.920468 -0.153464 0.359427 0.42713 2.07752 -2.53574</i>
                        <i>-0.251932 0.962349 0.102053 -0.261069 0.0339595 -0.964723 -0.931866 -0.269687 0.242684 0.383136 2.05083 -2.48926</i>
                        <i>-0.3559 0.928427 0.10658 -0.169476 0.0480348 -0.984363 -0.919028 -0.368397 0.140251 0.342237 2.02439 -2.44733</i>
                        <i>-0.417665 0.904055 0.090777 -0.101867 0.0526867 -0.993402 -0.902873 -0.424157 0.0700881 0.310602 2.00157 -2.41686</i>
                        <i>-0.446931 0.89123 0.0772165 -0.0601284 0.0561935 -0.996608 -0.892546 -0.450057 0.0284736 0.289539 1.98069 -2.39738</i>
                        <i>-0.47539 0.876526 0.0755427 -0.0359707 0.066429 -0.997143 -0.879039 -0.476749 -5.04229e-005 0.275228 1.95868 -2.38306</i>
                        <i>-0.502367 0.860675 0.0828613 -0.0244418 0.0816579 -0.996361 -0.864309 -0.502564 -0.0199857 0.266219 1.93676 -2.37278</i>
                        <i>-0.525678 0.845363 0.0949959 -0.0208502 0.0988328 -0.994886 -0.850428 -0.52497 -0.0343283 0.260983 1.9162 -2.36546</i>
                        <i>-0.542257 0.83343 0.106547 -0.0211801 0.11321 -0.993345 -0.839946 -0.540905 -0.043737 0.257992 1.89831 -2.36004</i>
                        <i>-0.548896 0.82844 0.111356 -0.0220537 0.11882 -0.992671 -0.8356 -0.547329 -0.0469495 0.255755 1.88446 -2.35538</i>
                        <i>-0.54389 0.831908 0.110062 -0.0229554 0.116359 -0.992942 -0.838843 -0.542577 -0.0441897 0.253972 1.87478 -2.35136</i>
                        <i>-0.528421 0.842131 0.10764 -0.0248998 0.111359 -0.993468 -0.848617 -0.52765 -0.0378757 0.253412 1.86793 -2.3485</i>
                        <i>-0.503942 0.857417 0.104296 -0.0268488 0.105142 -0.994095 -0.86332 -0.503767 -0.0299648 0.254206 1.86305 -2.34663</i>
                        <i>-0.471971 0.875899 0.100222 -0.0280074 0.0987262 -0.99472 -0.881169 -0.472286 -0.0220643 0.256491 1.85931 -2.34558</i>
                        <i>-0.433979 0.895845 0.0955204 -0.0280012 0.0925616 -0.995313 -0.900488 -0.434619 -0.015085 0.260405 1.85591 -2.34522</i>
                        <i>-0.391235 0.915864 0.090162 -0.0268711 0.0865609 -0.995884 -0.919899 -0.392047 -0.00925539 0.266089 1.85208 -2.34541</i>
                        <i>-0.344681 0.934956 0.0839781 -0.0249641 0.0802989 -0.996458 -0.938388 -0.345556 -0.00433717 0.273676 1.84706 -2.34604</i>
                        <i>-0.294926 0.952436 0.0767043 -0.0227579 0.0732505 -0.997054 -0.955249 -0.295803 7.19922e-005 0.283291 1.84004 -2.34698</i>
                        <i>-0.230061 0.971026 0.0646518 -0.0239411 0.0607665 -0.997865 -0.972882 -0.231117 0.00926747 0.298648 1.82508 -2.35024</i>
                        <i>-0.145497 0.988382 0.043943 -0.0320039 0.0396905 -0.998699 -0.988841 -0.146715 0.0258572 0.32023 1.80184 -2.35676</i>
                        <i>-0.0540181 0.998433 0.0146475 -0.047524 0.0120816 -0.998797 -0.997408 -0.0546492 0.0467969 0.343418 1.77852 -2.36486</i>
                        <i>0.030683 0.999306 -0.0211033 -0.0725381 -0.0188313 -0.997188 -0.996894 0.0321275 0.07191 0.364243 1.7646 -2.3728</i>
                        <i>0.0948441 0.993803 -0.0579597 -0.108845 -0.0475206 -0.992922 -0.989524 0.100481 0.103663 0.379579 1.77052 -2.37878</i>
                        <i>0.132881 0.987118 -0.0891083 -0.153999 -0.0682508 -0.985711 -0.979095 0.144704 0.142946 0.387263 1.81072 -2.38105</i>
                        <i>0.149957 0.982423 -0.111168 -0.195922 -0.0806824 -0.977295 -0.969086 0.168333 0.180379 0.388587 1.878 -2.37946</i>
                        <i>0.152714 0.980445 -0.124122 -0.224854 -0.0878299 -0.970426 -0.962351 0.176107 0.207044 0.386013 1.95069 -2.37503</i>
                        <i>0.151899 0.979559 -0.131875 -0.23907 -0.0930489 -0.966534 -0.959047 0.178343 0.220049 0.382316 2.00829 -2.37006</i>
                        <i>0.157051 0.977907 -0.137959 -0.242613 -0.0972084 -0.965241 -0.957327 0.185062 0.221986 0.380432 2.03167 -2.36771</i>
                        <i>0.163364 0.976831 -0.138253 -0.242922 -0.0959932 -0.965285 -0.956191 0.191277 0.221612 0.380868 2.0315 -2.36782</i>
                        <i>0.162663 0.978027 -0.130397 -0.243581 -0.0882621 -0.965856 -0.956143 0.188871 0.223872 0.381906 2.03108 -2.36807</i>
                        <i>0.157002 0.98046 -0.118526 -0.244165 -0.077754 -0.966612 -0.95694 0.1807 0.227186 0.383141 2.03058 -2.36838</i>
                        <i>0.148308 0.983176 -0.10663 -0.244455 -0.0680301 -0.967271 -0.958252 0.16952 0.230253 0.384172 2.03015 -2.36864</i>
                        <i>0.138306 0.98546 -0.0986917 -0.244476 -0.0625949 -0.967633 -0.959741 0.157958 0.232264 0.384603 2.02997 -2.36874</i>
                        <i>0.117809 0.987998 -0.0999069 -0.295494 -0.061172 -0.953384 -0.948053 0.141839 0.284741 0.387077 2.04752 -2.3597</i>
                        <i>0.083736 0.9912 -0.102526 -0.415336 -0.0588081 -0.907765 -0.905806 0.118595 0.406756 0.392479 2.08941 -2.33845</i>
                        <i>0.048458 0.994228 -0.0957229 -0.552873 -0.0531159 -0.831571 -0.831856 0.0932188 0.547108 0.397999 2.13953 -2.31361</i>
                        <i>0.0231539 0.996507 -0.0802364 -0.664197 -0.0446515 -0.746222 -0.747199 0.0705708 0.660843 0.40219 2.18178 -2.29371</i>
                        <i>0.0115638 0.997801 -0.0652688 -0.720404 -0.0369538 -0.692569 -0.693458 0.0550286 0.718393 0.405148 2.20009 -2.2877</i>
                        <i>0.00421183 0.998934 -0.0459759 -0.731099 -0.0282919 -0.681684 -0.682258 0.0364841 0.7302 0.408269 2.19445 -2.29653</i>
                        <i>-0.00309105 0.999626 -0.0271898 -0.723711 -0.0209999 -0.689783 -0.690096 0.0175454 0.723505 0.412314 2.17777 -2.31329</i>
                        <i>-0.00835206 0.999792 -0.0186275 -0.703459 -0.0191138 -0.710479 -0.710687 0.00716975 0.703472 0.416964 2.15338 -2.33544</i>
                        <i>-0.0133205 0.999811 -0.0141305 -0.675025 -0.0194171 -0.737539 -0.737674 -0.000285903 0.675157 0.42186 2.12464 -2.36043</i>
                        <i>-0.0152484 0.999747 -0.0165163 -0.644141 -0.0224558 -0.764577 -0.764755 -0.00101978 0.644321 0.426563 2.0949 -2.38586</i>
                        <i>-0.00365019 0.999214 -0.0394811 -0.618245 -0.0332866 -0.78528 -0.785977 0.0215426 0.617881 0.430573 2.06753 -2.40951</i>
                        <i>0.0181848 0.997111 -0.0737444 -0.604281 -0.047801 -0.795336 -0.796564 0.0590253 0.601666 0.433363 2.04585 -2.42931</i>
                        <i>0.0299957 0.995297 -0.0921102 -0.608043 -0.0549711 -0.791999 -0.793337 0.0797635 0.603534 0.434413 2.0332 -2.44322</i>
                        <i>0.0295828 0.995535 -0.0896397 -0.667677 -0.0470572 -0.742962 -0.743863 0.0818293 0.663304 0.427771 2.04226 -2.44558</i>
                        <i>0.0306753 0.9963 -0.080286 -0.769793 -0.0276867 -0.637693 -0.637556 0.081365 0.766095 0.413797 2.071 -2.43494</i>
                        <i>0.0356538 0.997018 -0.0684386 -0.852694 -0.00536547 -0.522383 -0.521193 0.0769821 0.84996 0.401448 2.10099 -2.41846</i>
                        <i>0.0395014 0.99772 -0.0547217 -0.882394 0.00913438 -0.470422 -0.468849 0.0668685 0.880743 0.397528 2.11457 -2.40848</i>
                        <i>0.0399089 0.998402 -0.0399966 -0.870679 0.0151089 -0.49162 -0.49023 0.0544442 0.869891 0.401239 2.11164 -2.40672</i>
                        <i>0.0400629 0.99886 -0.0259397 -0.843865 0.0199219 -0.536185 -0.535057 0.0433708 0.843702 0.407792 2.10443 -2.40558</i>
                        <i>0.0381074 0.99921 -0.0113012 -0.803042 0.0238915 -0.595443 -0.594703 0.0317661 0.803318 0.416293 2.09404 -2.40485</i>
                        <i>0.0323645 0.999466 0.00445503 -0.750197 0.0272376 -0.660653 -0.660422 0.0180396 0.750678 0.425743 2.0816 -2.40441</i>
                        <i>0.0212615 0.999553 0.0210203 -0.68929 0.0298847 -0.723869 -0.724173 0.000901421 0.689617 0.434969 2.06825 -2.4043</i>
                        <i>0.00584342 0.999396 0.0342458 -0.626605 0.0303486 -0.778746 -0.779315 -0.016908 0.626404 0.442661 2.05516 -2.40484</i>
                        <i>-0.00733022 0.998867 0.0470272 -0.569598 0.0344825 -0.8212 -0.821891 -0.0328062 0.5687 0.447468 2.04348 -2.40666</i>
                        <i>-0.0144275 0.997905 0.0630712 -0.526806 0.0460269 -0.848739 -0.849863 -0.0454714 0.525038 0.448097 2.03439 -2.41057</i>
                        <i>-0.0253632 0.99627 0.0824771 -0.506232 0.058343 -0.860422 -0.862024 -0.0635756 0.502864 0.438588 2.02723 -2.42569</i>
                        <i>-0.0497583 0.993214 0.105122 -0.505277 0.0657568 -0.860448 -0.861522 -0.0959303 0.498576 0.41961 2.02069 -2.45333</i>
                        <i>-0.0773853 0.98915 0.124876 -0.516519 0.0673568 -0.853623 -0.852772 -0.130559 0.505702 0.399932 2.01493 -2.48255</i>
                        <i>-0.0980961 0.985678 0.13717 -0.532003 0.0645467 -0.844279 -0.841041 -0.155795 0.518052 0.388431 2.01023 -2.50231</i>
                        <i>-0.102247 0.985192 0.137632 -0.544047 0.0604491 -0.836874 -0.832801 -0.160446 0.52981 0.394051 2.00687 -2.50154</i>
                        <i>-0.0815344 0.988707 0.12574 -0.559979 0.0589208 -0.826409 -0.824485 -0.137793 0.548851 0.423993 2.00889 -2.47169</i>
                        <i>-0.0425522 0.993521 0.10538 -0.58794 0.0603777 -0.806648 -0.807784 -0.0962818 0.581562 0.472334 2.0159 -2.42011</i>
                        <i>0.00192848 0.996908 0.0785509 -0.621392 0.0627393 -0.780984 -0.783498 -0.0473048 0.619592 0.528425 2.02168 -2.35948</i>
                        <i>0.0410799 0.998011 0.0478182 -0.652702 0.0630404 -0.754988 -0.756501 -0.000196189 0.653993 0.582108 2.02028 -2.30224</i>
                        <i>0.0669612 0.997621 0.0163679 -0.673603 0.0573025 -0.736869 -0.736054 0.0383161 0.675838 0.623829 2.00599 -2.26056</i>
                        <i>0.081576 0.996582 -0.012998 -0.686467 0.0467268 -0.725658 -0.722571 0.068119 0.687932 0.654649 1.98201 -2.23508</i>
                        <i>0.0906766 0.995109 -0.0392001 -0.699079 0.0355689 -0.71416 -0.709272 0.0921616 0.698884 0.68151 1.95566 -2.21746</i>
                        <i>0.093945 0.993702 -0.0610855 -0.711234 0.0240531 -0.702544 -0.696649 0.109447 0.709014 0.703959 1.92738 -2.20638</i>
                        <i>0.0911934 0.99281 -0.0775406 -0.722728 0.0124152 -0.691021 -0.685089 0.119057 0.718664 0.721543 1.8976 -2.20056</i>
                        <i>0.0823346 0.992758 -0.0874842 -0.733365 0.000913147 -0.679835 -0.674831 0.120132 0.728129 0.733799 1.86673 -2.19868</i>
                        <i>0.0680615 0.993528 -0.0909426 -0.743016 -0.0103544 -0.669193 -0.665804 0.113118 0.737502 0.742749 1.83501 -2.20011</i>
                        <i>0.0500151 0.994765 -0.0891159 -0.75164 -0.021266 -0.659231 -0.657675 0.0999545 0.746641 0.750733 1.80268 -2.20459</i>
                        <i>0.029508 0.996133 -0.0827586 -0.759203 -0.0315198 -0.65009 -0.650184 0.0820135 0.755337 0.757757 1.7701 -2.21136</i>
                        <i>0.007758 0.997322 -0.0727171 -0.765707 -0.0408455 -0.641892 -0.643143 0.0606598 0.76334 0.763828 1.73768 -2.21965</i>
                        <i>-0.0141086 0.998103 -0.0599346 -0.771169 -0.0490161 -0.63474 -0.636474 0.0372644 0.770398 0.768952 1.70582 -2.22872</i>
                        <i>-0.0350548 0.998352 -0.0454416 -0.77562 -0.0558516 -0.628724 -0.630226 0.0132056 0.776299 0.773135 1.67491 -2.23782</i>
                        <i>-0.0541264 0.998073 -0.0303364 -0.779085 -0.0612146 -0.623923 -0.624577 -0.010136 0.780897 0.776381 1.64537 -2.24619</i>
                        <i>-0.0704395 0.997392 -0.0157593 -0.781581 -0.065001 -0.620408 -0.619814 -0.0313841 0.784121 0.778694 1.61762 -2.2531</i>
                        <i>-0.0831595 0.996532 -0.0028643 -0.783107 -0.0671264 -0.618253 -0.616302 -0.0491706 0.785974 0.780078 1.59209 -2.2578</i>
                        <i>-0.0914696 0.995782 0.00721091 -0.783643 -0.0675114 -0.617531 -0.61444 -0.0621362 0.786513 0.780539 1.56917 -2.25953</i>
                        <i>-0.0987944 0.994951 0.0176407 -0.78368 -0.0668667 -0.617555 -0.613258 -0.0748357 0.78633 0.780539 1.5572 -2.25953</i>
                        <i>-0.107869 0.993695 0.0305796 -0.783724 -0.0660704 -0.617585 -0.61167 -0.090584 0.78591 0.780539 1.5597 -2.25953</i>
                        <i>-0.116796 0.99221 0.0433289 -0.783768 -0.0652891 -0.617613 -0.609973 -0.106095 0.785288 0.780539 1.56988 -2.25953</i>
                        <i>-0.12362 0.990909 0.0530882 -0.7838 -0.0646928 -0.617634 -0.608585 -0.117963 0.784672 0.780539 1.58096 -2.25953</i>
                        <i>-0.126341 0.990349 0.0569814 -0.783813 -0.0644553 -0.617643 -0.608009 -0.122696 0.784392 0.780539 1.58616 -2.25953</i>
                        <i>-0.126341 0.990349 0.0569814 -0.783813 -0.0644553 -0.617643 -0.608009 -0.122696 0.784392 0.780539 1.58616 -2.25953</i>
                        <i>-0.126341 0.990349 0.0569814 -0.783813 -0.0644553 -0.617643 -0.608009 -0.122696 0.784392 0.780539 1.58616 -2.25953</i>
                        <i>-0.126341 0.990349 0.0569814 -0.783813 -0.0644553 -0.617643 -0.608009 -0.122696 0.784392 0.780539 1.58616 -2.25953</i>
                        <i>-0.126341 0.990349 0.0569814 -0.783813 -0.0644553 -0.617643 -0.608009 -0.122696 0.784392 0.780539 1.58616 -2.25953</i>
                        <i>-0.126341 0.990349 0.0569814 -0.783813 -0.0644553 -0.617643 -0.608009 -0.122696 0.784392 0.780539 1.58616 -2.25953</i>
                        <i>-0.126341 0.990349 0.0569814 -0.783813 -0.0644553 -0.617643 -0.608009 -0.122696 0.784392 0.780539 1.58616 -2.25953</i>
                        <i>-0.126341 0.990349 0.0569814 -0.783813 -0.0644553 -0.617643 -0.608009 -0.122696 0.784392 0.780539 1.58616 -2.25953</i>
                        <i>-0.126341 0.990349 0.0569814 -0.783813 -0.0644553 -0.617643 -0.608009 -0.122696 0.784392 0.780539 1.58616 -2.25953</i>
                        <i>-0.126341 0.990349 0.0569814 -0.783813 -0.0644553 -0.617643 -0.608009 -0.122696 0.784392 0.780539 1.58616 -2.25953</i>
                        <i>-0.126341 0.990349 0.0569814 -0.783813 -0.0644553 -0.617643 -0.608009 -0.122696 0.784392 0.780539 1.58616 -2.25953</i>
                    </KeyFrames>
                </p>
            </i>
            <i>
                <p>
                    <Name><![CDATA[spine1]]></Name>
                    <Exclude>0</Exclude>
                    <Additive>0</Additive>
                    <IKPriority>0</IKPriority>
                    <IKRotLimits>-1e+010 -1e+010 -1e+010 1e+010 1e+010 1e+010</IKRotLimits>
                    <IKRotLimitOrder>0</IKRotLimitOrder>
                    <KeyFrames count="130">
                        <i>-0.297428 0.869786 0.393711 -0.862928 -0.0684537 -0.500669 -0.408524 -0.488657 0.770923 0.758095 1.76227 -2.24943</i>
                        <i>-0.288498 0.873897 0.391246 -0.863936 -0.0614292 -0.499842 -0.412776 -0.482215 0.772713 0.757739 1.75706 -2.25302</i>
                        <i>-0.264546 0.884354 0.384622 -0.866096 -0.0424647 -0.498071 -0.424138 -0.464882 0.777169 0.756887 1.7455 -2.26275</i>
                        <i>-0.229853 0.898098 0.37495 -0.867754 -0.0146862 -0.496777 -0.440648 -0.43955 0.782704 0.755874 1.73367 -2.27709</i>
                        <i>-0.188942 0.912259 0.363435 -0.867293 0.0185511 -0.497452 -0.460547 -0.409194 0.787691 0.75505 1.72767 -2.29445</i>
                        <i>-0.14661 0.924658 0.351445 -0.863692 0.053541 -0.501168 -0.482226 -0.377017 0.79077 0.754774 1.72559 -2.31326</i>
                        <i>-0.107709 0.93406 0.340487 -0.856922 0.0864191 -0.50815 -0.504067 -0.346503 0.791108 0.755391 1.72354 -2.3319</i>
                        <i>-0.0768129 0.940101 0.332129 -0.848095 0.113545 -0.517535 -0.524247 -0.32143 0.788573 0.757193 1.72485 -2.34882</i>
                        <i>-0.0580277 0.942914 0.327941 -0.839308 0.13179 -0.527441 -0.540551 -0.305849 0.783748 0.760399 1.73302 -2.3625</i>
                        <i>-0.055078 0.942555 0.329478 -0.833235 0.138432 -0.535309 -0.550169 -0.304017 0.777746 0.765186 1.75167 -2.37146</i>
                        <i>-0.127778 0.9167 0.378595 -0.82164 0.115961 -0.558087 -0.555501 -0.38238 0.73838 0.785054 1.82028 -2.34535</i>
                        <i>-0.229362 0.863515 0.449149 -0.811386 0.0852601 -0.578259 -0.53763 -0.497064 0.681088 0.782734 1.91127 -2.33172</i>
                        <i>-0.320733 0.815573 0.481633 -0.796837 0.0425525 -0.602693 -0.512035 -0.577087 0.636231 0.723448 1.98442 -2.38396</i>
