<?xml version="1.0" encoding="ISO-8859-1" ?>
<Animl Version="1">
    <ModellingPackage><![CDATA[Maya.2010]]></ModellingPackage>
    <SrcFile><![CDATA[anims\turrets\antitank\red\~src\at_at4spigot\at_at4spigot_aim_high_crewman_a.mb]]></SrcFile>
    <FramesPerSecond>30</FramesPerSecond>
    <TotalFrames>30</TotalFrames>
    <Skeleton>
        <RefFrame>
            <Name><![CDATA[soldier_ref_frame]]></Name>
            <Exclude>0</Exclude>
            <Additive>0</Additive>
            <IKPriority>0</IKPriority>
            <IKRotLimits>-1e+010 -1e+010 -1e+010 1e+010 1e+010 1e+010</IKRotLimits>
            <IKRotLimitOrder>0</IKRotLimitOrder>
            <KeyFrames count="30">
                <i>1 0 0 0 1 0 0 0 1 1.48 0.92 -0.17</i>
                <i>1 0 0 0 1 0 0 0 1 1.48 0.92 -0.17</i>
                <i>1 0 0 0 1 0 0 0 1 1.48 0.92 -0.17</i>
                <i>1 0 0 0 1 0 0 0 1 1.48 0.92 -0.17</i>
                <i>1 0 0 0 1 0 0 0 1 1.48 0.92 -0.17</i>
                <i>1 0 0 0 1 0 0 0 1 1.48 0.92 -0.17</i>
                <i>1 0 0 0 1 0 0 0 1 1.48 0.92 -0.17</i>
                <i>1 0 0 0 1 0 0 0 1 1.48 0.92 -0.17</i>
                <i>1 0 0 0 1 0 0 0 1 1.48 0.92 -0.17</i>
                <i>1 0 0 0 1 0 0 0 1 1.48 0.92 -0.17</i>
                <i>1 0 0 0 1 0 0 0 1 1.48 0.92 -0.17</i>
                <i>1 0 0 0 1 0 0 0 1 1.48 0.92 -0.17</i>
                <i>1 0 0 0 1 0 0 0 1 1.48 0.92 -0.17</i>
                <i>1 0 0 0 1 0 0 0 1 1.48 0.92 -0.17</i>
                <i>1 0 0 0 1 0 0 0 1 1.48 0.92 -0.17</i>
                <i>1 0 0 0 1 0 0 0 1 1.48 0.92 -0.17</i>
                <i>1 0 0 0 1 0 0 0 1 1.48 0.92 -0.17</i>
                <i>1 0 0 0 1 0 0 0 1 1.48 0.92 -0.17</i>
                <i>1 0 0 0 1 0 0 0 1 1.48 0.92 -0.17</i>
                <i>1 0 0 0 1 0 0 0 1 1.48 0.92 -0.17</i>
                <i>1 0 0 0 1 0 0 0 1 1.48 0.92 -0.17</i>
                <i>1 0 0 0 1 0 0 0 1 1.48 0.92 -0.17</i>
                <i>1 0 0 0 1 0 0 0 1 1.48 0.92 -0.17</i>
                <i>1 0 0 0 1 0 0 0 1 1.48 0.92 -0.17</i>
                <i>1 0 0 0 1 0 0 0 1 1.48 0.92 -0.17</i>
                <i>1 0 0 0 1 0 0 0 1 1.48 0.92 -0.17</i>
                <i>1 0 0 0 1 0 0 0 1 1.48 0.92 -0.17</i>
                <i>1 0 0 0 1 0 0 0 1 1.48 0.92 -0.17</i>
                <i>1 0 0 0 1 0 0 0 1 1.48 0.92 -0.17</i>
                <i>1 0 0 0 1 0 0 0 1 1.48 0.92 -0.17</i>
            </KeyFrames>
        </RefFrame>
        <Bones count="23">
            <i>
                <p>
                    <Name><![CDATA[pelvis]]></Name>
                    <Exclude>0</Exclude>
                    <Additive>0</Additive>
                    <IKPriority>0</IKPriority>
                    <IKRotLimits>-1e+010 -1e+010 -1e+010 1e+010 1e+010 1e+010</IKRotLimits>
                    <IKRotLimitOrder>2</IKRotLimitOrder>
                    <KeyFrames count="30">
                        <i>1 0 0 0 1 0 0 0 1 1.47617 1.79276 -0.276932</i>
                        <i>1 0 0 0 1 0 0 0 1 1.47617 1.79217 -0.276932</i>
                        <i>1 0 0 0 1 0 0 0 1 1.47617 1.79054 -0.276932</i>
                        <i>1 0 0 0 1 0 0 0 1 1.47617 1.78807 -0.276932</i>
                        <i>1 0 0 0 1 0 0 0 1 1.47617 1.78499 -0.276932</i>
                        <i>1 0 0 0 1 0 0 0 1 1.47617 1.78149 -0.276932</i>
                        <i>1 0 0 0 1 0 0 0 1 1.47617 1.77778 -0.276932</i>
                        <i>1 0 0 0 1 0 0 0 1 1.47617 1.77408 -0.276932</i>
                        <i>1 0 0 0 1 0 0 0 1 1.47617 1.77058 -0.276932</i>
                        <i>1 0 0 0 1 0 0 0 1 1.47617 1.76749 -0.276932</i>
                        <i>1 0 0 0 1 0 0 0 1 1.47617 1.76503 -0.276932</i>
                        <i>1 0 0 0 1 0 0 0 1 1.47617 1.76341 -0.276932</i>
                        <i>1 0 0 0 1 0 0 0 1 1.47617 1.76282 -0.276932</i>
                        <i>1 0 0 0 1 0 0 0 1 1.47617 1.76312 -0.276932</i>
                        <i>1 0 0 0 1 0 0 0 1 1.47617 1.76396 -0.276932</i>
                        <i>1 0 0 0 1 0 0 0 1 1.47617 1.76528 -0.276932</i>
                        <i>1 0 0 0 1 0 0 0 1 1.47617 1.767 -0.276932</i>
                        <i>1 0 0 0 1 0 0 0 1 1.47617 1.76905 -0.276932</i>
                        <i>1 0 0 0 1 0 0 0 1 1.47617 1.77136 -0.276932</i>
                        <i>1 0 0 0 1 0 0 0 1 1.47617 1.77385 -0.276932</i>
                        <i>1 0 0 0 1 0 0 0 1 1.47617 1.77645 -0.276932</i>
                        <i>1 0 0 0 1 0 0 0 1 1.47617 1.77909 -0.276932</i>
                        <i>1 0 0 0 1 0 0 0 1 1.47617 1.78169 -0.276932</i>
                        <i>1 0 0 0 1 0 0 0 1 1.47617 1.78418 -0.276932</i>
                        <i>1 0 0 0 1 0 0 0 1 1.47617 1.78649 -0.276932</i>
                        <i>1 0 0 0 1 0 0 0 1 1.47617 1.78854 -0.276932</i>
                        <i>1 0 0 0 1 0 0 0 1 1.47617 1.79027 -0.276932</i>
                        <i>1 0 0 0 1 0 0 0 1 1.47617 1.7916 -0.276932</i>
                        <i>1 0 0 0 1 0 0 0 1 1.47617 1.79245 -0.276932</i>
                        <i>1 0 0 0 1 0 0 0 1 1.47617 1.79276 -0.276932</i>
                    </KeyFrames>
                </p>
            </i>
            <i>
                <p>
                    <Name><![CDATA[spine0]]></Name>
                    <Exclude>0</Exclude>
                    <Additive>0</Additive>
                    <IKPriority>0</IKPriority>
                    <IKRotLimits>-1e+010 -1e+010 -1e+010 1e+010 1e+010 1e+010</IKRotLimits>
                    <IKRotLimitOrder>0</IKRotLimitOrder>
                    <KeyFrames count="30">
                        <i>-0.311782 0.947735 0.0677528 -0.239408 -0.00935253 -0.970874 -0.919498 -0.318922 0.229811 1.49933 1.93288 -0.299849</i>
                        <i>-0.314578 0.946541 0.0714189 -0.23976 -0.00643289 -0.970811 -0.918453 -0.322519 0.228966 1.49986 1.93231 -0.299203</i>
                        <i>-0.314415 0.946445 0.0733802 -0.239311 -0.00422145 -0.970934 -0.918626 -0.322836 0.227822 1.50099 1.93058 -0.298589</i>
                        <i>-0.311631 0.947334 0.0737888 -0.238237 -0.00272159 -0.971203 -0.919853 -0.320237 0.226538 1.50263 1.9279 -0.298011</i>
                        <i>-0.306549 0.949068 0.0727905 -0.236724 -0.0019451 -0.971575 -0.921949 -0.315067 0.225263 1.50467 1.9245 -0.29747</i>
                        <i>-0.299469 0.951496 0.0705245 -0.234952 -0.00190299 -0.972005 -0.924725 -0.307655 0.224126 1.50703 1.92057 -0.29697</i>
                        <i>-0.290678 0.954464 0.067123 -0.233089 -0.00259822 -0.972452 -0.927996 -0.298316 0.22323 1.50959 1.91633 -0.296512</i>
                        <i>-0.280892 0.957667 0.0630338 -0.231295 -0.00380614 -0.972876 -0.931451 -0.287853 0.222573 1.51228 1.91201 -0.296096</i>
                        <i>-0.270861 0.960826 0.0587179 -0.229689 -0.00527302 -0.97325 -0.934814 -0.277102 0.222119 1.51498 1.90782 -0.295726</i>
                        <i>-0.2609 0.963836 0.0543214 -0.228334 -0.00693818 -0.973558 -0.937974 -0.266405 0.221887 1.51761 1.90401 -0.295401</i>
                        <i>-0.251323 0.966611 0.0499888 -0.227261 -0.00872867 -0.973795 -0.940845 -0.256098 0.221867 1.52008 1.90082 -0.295124</i>
                        <i>-0.24244 0.969082 0.0458639 -0.226471 -0.0105625 -0.973961 -0.943363 -0.246514 0.222029 1.52229 1.89848 -0.294895</i>
                        <i>-0.234556 0.971191 0.0420902 -0.225936 -0.012352 -0.974064 -0.945482 -0.237982 0.222324 1.52416 1.89727 -0.294716</i>
                        <i>-0.227978 0.972893 0.0388111 -0.225614 -0.0140083 -0.974116 -0.947166 -0.230833 0.222692 1.5256 1.89706 -0.294587</i>
                        <i>-0.223012 0.974145 0.0361705 -0.225459 -0.0154445 -0.97413 -0.948385 -0.225397 0.223074 1.52653 1.89757 -0.294509</i>
                        <i>-0.21997 0.974903 0.034313 -0.225434 -0.0165798 -0.974117 -0.949101 -0.222012 0.223423 1.52686 1.89877 -0.294482</i>
                        <i>-0.219252 0.975099 0.0333303 -0.225444 -0.017395 -0.974101 -0.949265 -0.221087 0.223644 1.52647 1.90063 -0.294555</i>
                        <i>-0.22084 0.974746 0.0331573 -0.225436 -0.0179403 -0.974093 -0.948898 -0.222594 0.223705 1.52538 1.90306 -0.29476</i>
                        <i>-0.224433 0.973906 0.0337051 -0.225495 -0.0182535 -0.974073 -0.948041 -0.226215 0.223707 1.52369 1.90593 -0.295079</i>
                        <i>-0.229728 0.972629 0.0348882 -0.225722 -0.0183759 -0.974019 -0.946718 -0.231635 0.223765 1.52152 1.90911 -0.295491</i>
                        <i>-0.236424 0.97096 0.0366261 -0.226215 -0.018345 -0.973905 -0.94495 -0.238539 0.223983 1.51898 1.91247 -0.295979</i>
                        <i>-0.244226 0.968939 0.0388669 -0.227045 -0.0181694 -0.973715 -0.942764 -0.246631 0.22443 1.51619 1.91587 -0.29652</i>
                        <i>-0.252891 0.966601 0.041586 -0.228242 -0.0178345 -0.973441 -0.940187 -0.255666 0.225129 1.51327 1.91921 -0.297092</i>
                        <i>-0.262161 0.963987 0.0447391 -0.229789 -0.0173309 -0.973086 -0.937267 -0.265385 0.226057 1.51032 1.92238 -0.29767</i>
                        <i>-0.271741 0.96116 0.0482626 -0.231616 -0.0166426 -0.972665 -0.934083 -0.275491 0.227142 1.50749 1.92528 -0.29823</i>
                        <i>-0.281298 0.958207 0.0520693 -0.233601 -0.0157476 -0.972205 -0.930753 -0.285643 0.228267 1.50489 1.92781 -0.298746</i>
                        <i>-0.290466 0.955242 0.056049 -0.235577 -0.0146159 -0.971746 -0.927434 -0.295463 0.229279 1.50264 1.92991 -0.299191</i>
                        <i>-0.298856 0.952406 0.0600755 -0.237347 -0.0132074 -0.971335 -0.924312 -0.304548 0.229997 1.50088 1.93151 -0.29954</i>
                        <i>-0.306081 0.949851 0.0640172 -0.238693 -0.0114724 -0.971027 -0.921596 -0.312494 0.230235 1.49974 1.93252 -0.299768</i>
                        <i>-0.311782 0.947735 0.0677528 -0.239408 -0.00935253 -0.970874 -0.919498 -0.318922 0.229811 1.49933 1.93288 -0.299849</i>
                    </KeyFrames>
                </p>
            </i>
            <i>
                <p>
                    <Name><![CDATA[spine1]]></Name>
                    <Exclude>0</Exclude>
                    <Additive>0</Additive>
                    <IKPriority>0</IKPriority>
                    <IKRotLimits>-1e+010 -1e+010 -1e+010 1e+010 1e+010 1e+010</IKRotLimits>
                    <IKRotLimitOrder>0</IKRotLimitOrder>
                    <KeyFrames count="30">
                        <i>-0.659467 0.670793 0.339323 -0.441277 0.0199986 -0.897148 -0.608586 -0.741375 0.282817 1.44373 2.102 -0.287769</i>
                        <i>-0.670826 0.65697 0.344068 -0.441215 0.0193569 -0.897193 -0.596089 -0.753668 0.276879 1.44375 2.10126 -0.286465</i>
                        <i>-0.680245 0.646598 0.345222 -0.439653 0.0169188 -0.898008 -0.586491 -0.762644 0.27277 1.44483 2.09975 -0.285483</i>
                        <i>-0.687711 0.639789 0.343108 -0.436808 0.012841 -0.899463 -0.579873 -0.768443 0.270634 1.44683 2.09766 -0.2848</i>
                        <i>-0.693178 0.636573 0.338051 -0.432928 0.00726123 -0.901399 -0.576261 -0.771182 0.270557 1.44961 2.09513 -0.284396</i>
                        <i>-0.696574 0.6369 0.330367 -0.428287 0.000313773 -0.903643 -0.575634 -0.770946 0.272557 1.45302 2.09235 -0.284252</i>
                        <i>-0.697808 0.640649 0.320363 -0.423165 -0.00785648 -0.906019 -0.577923 -0.767794 0.276583 1.45693 2.08945 -0.284351</i>
                        <i>-0.697688 0.646256 0.309168 -0.417981 -0.0167162 -0.908302 -0.581828 -0.762937 0.281786 1.46114 2.08659 -0.284621</i>
                        <i>-0.697086 0.652158 0.297927 -0.413085 -0.0256737 -0.910331 -0.586031 -0.757648 0.287293 1.46542 2.0839 -0.284982</i>
                        <i>-0.696021 0.658186 0.286958 -0.40862 -0.0344682 -0.912054 -0.590411 -0.752065 0.292939 1.46963 2.08156 -0.285413</i>
                        <i>-0.694531 0.664182 0.276566 -0.404693 -0.0428244 -0.913449 -0.594853 -0.746343 0.298533 1.47364 2.07976 -0.285889</i>
                        <i>-0.692676 0.669991 0.267043 -0.401376 -0.0504582 -0.914523 -0.599248 -0.740652 0.303869 1.47729 2.07871 -0.286386</i>
                        <i>-0.690528 0.675471 0.258671 -0.398707 -0.0570814 -0.9153 -0.603493 -0.735174 0.308732 1.48046 2.0786 -0.286879</i>
                        <i>-0.688168 0.680484 0.251726 -0.39671 -0.0624075 -0.91582 -0.607492 -0.7301 0.312902 1.483 2.07929 -0.287339</i>
                        <i>-0.685678 0.684905 0.246478 -0.395397 -0.066156 -0.916125 -0.611152 -0.725623 0.316171 1.48476 2.08044 -0.287741</i>
                        <i>-0.68313 0.688611 0.243203 -0.394798 -0.0680565 -0.916244 -0.614385 -0.72193 0.318354 1.48562 2.08198 -0.288057</i>
                        <i>-0.680508 0.691459 0.242472 -0.395058 -0.0675301 -0.916171 -0.617121 -0.719252 0.319121 1.48538 2.08382 -0.288316</i>
                        <i>-0.677725 0.693526 0.244357 -0.396226 -0.0644944 -0.915885 -0.619431 -0.717539 0.318502 1.48405 2.08588 -0.288564</i>
                        <i>-0.674711 0.695024 0.248408 -0.398235 -0.0594385 -0.915356 -0.621429 -0.716526 0.316886 1.48181 2.08809 -0.288796</i>
                        <i>-0.671388 0.696154 0.254181 -0.401031 -0.0528462 -0.914539 -0.623227 -0.715945 0.31466 1.4788 2.09035 -0.289011</i>
                        <i>-0.667678 0.697114 0.261225 -0.40454 -0.0451845 -0.913403 -0.624942 -0.715536 0.312179 1.47521 2.09258 -0.289204</i>
                        <i>-0.663272 0.698419 0.268853 -0.408611 -0.0369935 -0.911959 -0.626983 -0.714733 0.309918 1.4712 2.09468 -0.289366</i>
                        <i>-0.658266 0.700086 0.276706 -0.413057 -0.0286076 -0.910256 -0.629341 -0.713486 0.308007 1.46694 2.09657 -0.289479</i>
                        <i>-0.653236 0.701544 0.284812 -0.417715 -0.0201791 -0.908354 -0.631503 -0.71234 0.306227 1.46257 2.09821 -0.289526</i>
                        <i>-0.648808 0.702203 0.293188 -0.422419 -0.0118847 -0.906323 -0.632938 -0.711877 0.304335 1.45827 2.09959 -0.289492</i>
                        <i>-0.645648 0.701447 0.301847 -0.427008 -0.00392794 -0.904239 -0.63309 -0.712711 0.30206 1.45419 2.10068 -0.289365</i>
                        <i>-0.644454 0.698631 0.310796 -0.431332 0.00346652 -0.902187 -0.631373 -0.715474 0.299108 1.45053 2.10147 -0.289137</i>
                        <i>-0.645928 0.693076 0.320037 -0.435248 0.0100646 -0.900254 -0.627165 -0.720795 0.295159 1.44744 2.10196 -0.288799</i>
                        <i>-0.650736 0.684057 0.329559 -0.438615 0.0156403 -0.898539 -0.619806 -0.729261 0.28986 1.44512 2.10214 -0.288346</i>
                        <i>-0.659467 0.670793 0.339323 -0.441277 0.0199986 -0.897148 -0.608586 -0.741375 0.282817 1.44373 2.102 -0.287769</i>
                    </KeyFrames>
                </p>
            </i>
            <i>
                <p>
                    <Name><![CDATA[spine2]]></Name>
                    <Exclude>0</Exclude>
                    <Additive>0</Additive>
                    <IKPriority>0</IKPriority>
                    <IKRotLimits>-1e+010 -1e+010 -1e+010 1e+010 1e+010 1e+010</IKRotLimits>
                    <IKRotLimitOrder>0</IKRotLimitOrder>
                    <KeyFrames count="30">
                        <i>-0.802726 0.434685 0.408265 -0.518453 -0.170393 -0.837957 -0.294682 -0.884316 0.362143 1.33557 2.21178 -0.231894</i>
                        <i>-0.810775 0.413491 0.414329 -0.516318 -0.171686 -0.839011 -0.275789 -0.894175 0.352692 1.3337 2.20879 -0.2298</i>
                        <i>-0.817318 0.396892 0.417692 -0.513687 -0.173559 -0.84024 -0.26099 -0.901307 0.345732 1.33308 2.20571 -0.22855</i>
                        <i>-0.822507 0.385021 0.418619 -0.510672 -0.175903 -0.841589 -0.250393 -0.90599 0.3413 1.33358 2.20274 -0.228075</i>
                        <i>-0.826434 0.377938 0.417337 -0.507392 -0.178635 -0.842996 -0.24405 -0.908434 0.339393 1.33507 2.20002 -0.228315</i>
                        <i>-0.829134 0.375643 0.414039 -0.503976 -0.181696 -0.84439 -0.24196 -0.908779 0.339965 1.33744 2.1977 -0.229212</i>
                        <i>-0.830586 0.378076 0.408884 -0.500553 -0.185041 -0.845699 -0.244078 -0.907093 0.34294 1.3406 2.19592 -0.230718</i>
                        <i>-0.831284 0.383081 0.402759 -0.497207 -0.188531 -0.846901 -0.248499 -0.90427 0.347194 1.34423 2.19452 -0.232587</i>
                        <i>-0.831759 0.38845 0.396591 -0.493997 -0.191984 -0.848003 -0.253267 -0.901249 0.351578 1.34799 2.19338 -0.234563</i>
                        <i>-0.832002 0.394003 0.390557 -0.491013 -0.195302 -0.848978 -0.258223 -0.89812 0.355952 1.35176 2.19262 -0.236583</i>
                        <i>-0.83202 0.399556 0.384835 -0.488334 -0.19839 -0.849806 -0.263198 -0.894984 0.360182 1.35542 2.19239 -0.238578</i>
                        <i>-0.83183 0.404923 0.379601 -0.486031 -0.201159 -0.850476 -0.268017 -0.891949 0.364135 1.35884 2.19284 -0.240481</i>
                        <i>-0.831459 0.409916 0.375026 -0.484166 -0.20352 -0.850977 -0.272504 -0.889128 0.367687 1.36189 2.19413 -0.242222</i>
                        <i>-0.830942 0.41435 0.37128 -0.482797 -0.20539 -0.851306 -0.276482 -0.886639 0.370714 1.36445 2.19604 -0.243732</i>
                        <i>-0.830314 0.418044 0.368534 -0.481978 -0.206683 -0.851457 -0.279777 -0.884602 0.3731 1.36638 2.19821 -0.24494</i>
                        <i>-0.829607 0.420822 0.366962 -0.481771 -0.207311 -0.851422 -0.282221 -0.883137 0.374727 1.36755 2.20051 -0.245774</i>
                        <i>-0.828794 0.422452 0.366925 -0.482368 -0.207076 -0.85114 -0.283585 -0.882414 0.375401 1.36779 2.20281 -0.246173</i>
                        <i>-0.827754 0.423216 0.368392 -0.483844 -0.205942 -0.850578 -0.28411 -0.882313 0.37524 1.36714 2.20505 -0.246165</i>
                        <i>-0.826352 0.423715 0.370954 -0.486089 -0.204056 -0.849752 -0.284357 -0.882511 0.374586 1.36574 2.20719 -0.24582</i>
                        <i>-0.824452 0.424561 0.374201 -0.488991 -0.201554 -0.848684 -0.284897 -0.88268 0.373778 1.36374 2.20922 -0.24521</i>
                        <i>-0.821914 0.426369 0.377713 -0.492428 -0.198558 -0.847401 -0.286308 -0.882487 0.373154 1.36131 2.21109 -0.244403</i>
                        <i>-0.818243 0.430833 0.380607 -0.496278 -0.195225 -0.845929 -0.29015 -0.881062 0.373554 1.35865 2.21281 -0.243507</i>
                        <i>-0.813399 0.438208 0.382565 -0.500357 -0.191625 -0.844347 -0.296691 -0.87821 0.375128 1.35588 2.21432 -0.242561</i>
                        <i>-0.807961 0.446914 0.384015 -0.504442 -0.187802 -0.842775 -0.304529 -0.874642 0.377178 1.35301 2.21553 -0.241529</i>
                        <i>-0.802579 0.455336 0.385403 -0.508318 -0.183867 -0.841312 -0.312217 -0.871127 0.379024 1.35008 2.21637 -0.240378</i>
                        <i>-0.797984 0.461834 0.387209 -0.511793 -0.180006 -0.840039 -0.318258 -0.868509 0.380005 1.34711 2.21674 -0.239076</i>
                        <i>-0.794966 0.464739 0.38993 -0.514696 -0.176459 -0.839018 -0.321118 -0.867686 0.379479 1.34412 2.21656 -0.2376</i>
                        <i>-0.794317 0.462356 0.394064 -0.516874 -0.173502 -0.838295 -0.31922 -0.869554 0.376796 1.34117 2.21574 -0.235924</i>
                        <i>-0.796741 0.452941 0.400061 -0.51818 -0.171406 -0.83792 -0.310956 -0.874908 0.371271 1.3383 2.21419 -0.234029</i>
                        <i>-0.802726 0.434685 0.408265 -0.518453 -0.170393 -0.837957 -0.294682 -0.884316 0.362143 1.33557 2.21178 -0.231894</i>
                    </KeyFrames>
                </p>
            </i>
            <i>
                <p>
                    <Name><![CDATA[head]]></Name>
                    <Exclude>0</Exclude>
                    <Additive>0</Additive>
                    <IKPriority>0</IKPriority>
                    <IKRotLimits>-1e+010 -1e+010 -1e+010 1e+010 1e+010 1e+010</IKRotLimits>
                    <IKRotLimitOrder>0</IKRotLimitOrder>
                    <KeyFrames count="30">
                        <i>-0.325522 0.910886 0.253617 0.274142 0.347626 -0.896662 -0.904921 -0.222356 -0.362873 1.129 2.33534 -0.134276</i>
                        <i>-0.342444 0.901415 0.264922 0.263991 0.362927 -0.89364 -0.901688 -0.236085 -0.362247 1.12499 2.32681 -0.130163</i>
                        <i>-0.354068 0.895454 0.269812 0.257315 0.370642 -0.89242 -0.899125 -0.246551 -0.361646 1.1226 2.3194 -0.127466</i>
                        <i>-0.360885 0.892889 0.26928 0.253975 0.371918 -0.892846 -0.897362 -0.253824 -0.360991 1.12164 2.31332 -0.126068</i>
                        <i>-0.363278 0.893411 0.264285 0.253663 0.367793 -0.894641 -0.896484 -0.257964 -0.360236 1.12195 2.30875 -0.125874</i>
                        <i>-0.361553 0.896584 0.255766 0.255956 0.359232 -0.897463 -0.89653 -0.259015 -0.359367 1.12344 2.30582 -0.126803</i>
                        <i>-0.35597 0.901903 0.244656 0.260363 0.347157 -0.90094 -0.897494 -0.257009 -0.3584 1.126 2.30467 -0.128794</i>
                        <i>-0.348498 0.907837 0.233198 0.265359 0.334176 -0.904384 -0.898962 -0.253295 -0.357363 1.1292 2.30459 -0.131388</i>
                        <i>-0.341242 0.912965 0.223717 0.269502 0.323037 -0.907202 -0.900513 -0.249283 -0.356279 1.13256 2.30484 -0.134108</i>
                        <i>-0.334664 0.916945 0.217281 0.272427 0.314875 -0.909196 -0.902099 -0.245082 -0.355178 1.13597 2.30553 -0.136867</i>
                        <i>-0.329233 0.919455 0.214962 0.273804 0.310834 -0.910172 -0.90368 -0.240802 -0.354087 1.13931 2.30674 -0.139574</i>
                        <i>-0.325407 0.920143 0.217821 0.273314 0.312054 -0.909902 -0.905212 -0.236555 -0.353033 1.14247 2.30856 -0.14214</i>
                        <i>-0.323616 0.91858 0.226902 0.270632 0.319649 -0.908065 -0.906659 -0.232457 -0.35204 1.14534 2.31111 -0.144472</i>
                        <i>-0.324237 0.914178 0.243208 0.265397 0.33468 -0.904187 -0.907984 -0.228624 -0.351135 1.14778 2.31413 -0.146475</i>
                        <i>-0.324738 0.909978 0.257848 0.260741 0.348192 -0.900431 -0.909153 -0.225173 -0.35034 1.14966 2.31719 -0.148054</i>
                        <i>-0.322934 0.909231 0.262704 0.25956 0.352018 -0.899284 -0.910133 -0.222222 -0.349678 1.15087 2.32011 -0.149114</i>
                        <i>-0.319627 0.911215 0.259857 0.261021 0.348305 -0.900306 -0.910882 -0.219934 -0.349174 1.15124 2.3227 -0.149539</i>
                        <i>-0.315096 0.915267 0.251001 0.264544 0.338694 -0.902941 -0.911445 -0.218112 -0.348849 1.15084 2.32498 -0.149382</i>
                        <i>-0.309302 0.920803 0.2376 0.269711 0.324534 -0.906606 -0.911915 -0.216332 -0.34873 1.14985 2.3271 -0.148802</i>
                        <i>-0.302202 0.927241 0.221129 0.276104 0.307175 -0.91072 -0.912382 -0.214166 -0.348844 1.14847 2.32921 -0.147961</i>
                        <i>-0.293762 0.934055 0.203086 0.283305 0.287993 -0.914767 -0.912931 -0.211189 -0.349224 1.14689 2.33146 -0.147019</i>
                        <i>-0.28274 0.941359 0.184121 0.291542 0.267211 -0.918478 -0.913817 -0.206011 -0.349997 1.14549 2.33435 -0.146325</i>
                        <i>-0.26948 0.948584 0.166036 0.300197 0.24657 -0.921458 -0.91502 -0.198471 -0.351208 1.14439 2.3379 -0.145972</i>
                        <i>-0.259593 0.952776 0.157573 0.305736 0.235856 -0.922441 -0.916044 -0.191283 -0.352525 1.14342 2.34155 -0.145741</i>
                        <i>-0.256779 0.952678 0.162697 0.306634 0.23995 -0.921086 -0.916537 -0.186627 -0.353738 1.14238 2.34476 -0.145408</i>
                        <i>-0.260439 0.949044 0.177447 0.303995 0.255047 -0.917899 -0.916384 -0.185114 -0.354928 1.14106 2.34699 -0.144744</i>
                        <i>-0.269849 0.942361 0.197833 0.298609 0.277225 -0.913225 -0.915431 -0.187357 -0.356206 1.13925 2.34771 -0.143517</i>
                        <i>-0.284266 0.933188 0.219894 0.291196 0.302559 -0.907559 -0.913454 -0.193956 -0.357748 1.13674 2.34639 -0.141499</i>
                        <i>-0.303015 0.922336 0.239747 0.282627 0.327231 -0.901688 -0.910112 -0.205466 -0.359833 1.13336 2.34248 -0.138479</i>
                        <i>-0.325522 0.910886 0.253617 0.274142 0.347626 -0.896662 -0.904921 -0.222356 -0.362873 1.129 2.33534 -0.134276</i>
                    </KeyFrames>
                </p>
            </i>
            <i>
                <p>
                    <Name><![CDATA[head_prop]]></Name>
                    <Exclude>0</Exclude>
                    <Additive>0</Additive>
                    <IKPriority>0</IKPriority>
                    <IKRotLimits>-1e+010 -1e+010 -1e+010 1e+010 1e+010 1e+010</IKRotLimits>
                    <IKRotLimitOrder>0</IKRotLimitOrder>
                    <KeyFrames count="30">
                        <i>0.904921 0.222356 0.362873 -0.325522 0.910886 0.253617 -0.274142 -0.347626 0.896662 1.02291 2.63221 -0.0516198</i>
                        <i>0.901688 0.236085 0.362247 -0.342444 0.901415 0.264922 -0.263991 -0.362927 0.89364 1.01339 2.62059 -0.0438225</i>
                        <i>0.899125 0.246551 0.361646 -0.354068 0.895454 0.269812 -0.257315 -0.370642 0.89242 1.00721 2.61123 -0.0395313</i>
                        <i>0.897362 0.253824 0.360991 -0.360885 0.892889 0.26928 -0.253975 -0.371918 0.892846 1.00402 2.60432 -0.0383071</i>
                        <i>0.896484 0.257964 0.360236 -0.363278 0.893411 0.264285 -0.253663 -0.367793 0.894641 1.00356 2.59992 -0.0397406</i>
                        <i>0.89653 0.259015 0.359367 -0.361553 0.896584 0.255766 -0.255956 -0.359232 0.897463 1.0056 2.59803 -0.0434465</i>
                        <i>0.897494 0.257009 0.3584 -0.35597 0.901903 0.244656 -0.260363 -0.347157 0.90094 1.00999 2.59861 -0.0490579</i>
                        <i>0.898962 0.253295 0.357363 -0.348498 0.907837 0.233198 -0.265359 -0.334176 0.904384 1.01562 2.60046 -0.0553873</i>
                        <i>0.900513 0.249283 0.356279 -0.341242 0.912965 0.223717 -0.269502 -0.323037 0.907202 1.02134 2.60239 -0.0611971</i>
                        <i>0.902099 0.245082 0.355178 -0.334664 0.916945 0.217281 -0.272427 -0.314875 0.909196 1.0269 2.60437 -0.0660527</i>
                        <i>0.90368 0.240802 0.354087 -0.329233 0.919455 0.214962 -0.273804 -0.310834 0.910172 1.03201 2.60639 -0.0695161</i>
                        <i>0.905212 0.236555 0.353033 -0.325407 0.920143 0.217821 -0.273314 -0.312054 0.909902 1.03642 2.60844 -0.0711501</i>
                        <i>0.906659 0.232457 0.35204 -0.323616 0.91858 0.226902 -0.270632 -0.319649 0.908065 1.03987 2.61048 -0.0705221</i>
                        <i>0.907984 0.228624 0.351135 -0.324237 0.914178 0.243208 -0.265397 -0.33468 0.904187 1.0421 2.61207 -0.067211</i>
                        <i>0.909153 0.225173 0.35034 -0.324738 0.909978 0.257848 -0.260741 -0.348192 0.900431 1.04383 2.61375 -0.0640189</i>
                        <i>0.910133 0.222222 0.349678 -0.322934 0.909231 0.262704 -0.25956 -0.352018 0.899284 1.04562 2.61644 -0.0634968</i>
                        <i>0.910882 0.219934 0.349174 -0.319627 0.911215 0.259857 -0.261021 -0.348305 0.900306 1.04707 2.61967 -0.0648493</i>
                        <i>0.911445 0.218112 0.348849 -0.315096 0.915267 0.251001 -0.264544 -0.338694 0.902941 1.04815 2.62327 -0.0675782</i>
                        <i>0.911915 0.216332 0.34873 -0.309302 0.920803 0.2376 -0.269711 -0.324534 0.906606 1.04905 2.6272 -0.0713658</i>
                        <i>0.912382 0.214166 0.348844 -0.302202 0.927241 0.221129 -0.276104 -0.307175 0.91072 1.04998 2.6314 -0.0758926</i>
                        <i>0.912931 0.211189 0.349224 -0.293762 0.934055 0.203086 -0.283305 -0.287993 0.914767 1.05115 2.63588 -0.0808313</i>
                        <i>0.913817 0.206011 0.349997 -0.28274 0.941359 0.184121 -0.291542 -0.267211 0.918478 1.05334 2.64115 -0.086318</i>
                        <i>0.91502 0.198471 0.351208 -0.26948 0.948584 0.166036 -0.300197 -0.24657 0.921458 1.05656 2.64705 -0.0918591</i>
                        <i>0.916044 0.191283 0.352525 -0.259593 0.952776 0.157573 -0.305736 -0.235856 0.922441 1.05881 2.65207 -0.0943865</i>
                        <i>0.916537 0.186627 0.353738 -0.256779 0.952678 0.162697 -0.306634 -0.23995 0.921086 1.05869 2.65524 -0.0923841</i>
                        <i>0.916384 0.185114 0.354928 -0.260439 0.949044 0.177447 -0.303995 -0.255047 0.917899 1.05618 2.65629 -0.0869127</i>
                        <i>0.915431 0.187357 0.356206 -0.269849 0.942361 0.197833 -0.298609 -0.277225 0.913225 1.05131 2.65483 -0.0790412</i>
                        <i>0.913454 0.193956 0.357748 -0.284266 0.933188 0.219894 -0.291196 -0.302559 0.907559 1.0441 2.65053 -0.0698332</i>
                        <i>0.910112 0.205466 0.359833 -0.303015 0.922336 0.239747 -0.282627 -0.327231 0.901688 1.03461 2.64307 -0.0603429</i>
                        <i>0.904921 0.222356 0.362873 -0.325522 0.910886 0.253617 -0.274142 -0.347626 0.896662 1.02291 2.63221 -0.0516198</i>
                    </KeyFrames>
                </p>
            </i>
            <i>
                <p>
                    <Name><![CDATA[l_clav]]></Name>
                    <Exclude>0</Exclude>
                    <Additive>0</Additive>
                    <IKPriority>0</IKPriority>
                    <IKRotLimits>-1e+010 -1e+010 -1e+010 1e+010 1e+010 1e+010</IKRotLimits>
                    <IKRotLimitOrder>0</IKRotLimitOrder>
                    <KeyFrames count="30">
                        <i>0.250093 0.516801 0.818761 -0.870516 0.490212 -0.0435194 -0.423857 -0.701861 0.572482 1.31749 2.22566 -0.118308</i>
                        <i>0.24532 0.520606 0.817794 -0.881154 0.471471 -0.0358104 -0.404209 -0.711818 0.574395 1.31579 2.22087 -0.116397</i>
                        <i>0.239682 0.529694 0.81362 -0.890115 0.45449 -0.0336715 -0.387618 -0.716145 0.580422 1.31516 2.2165 -0.115438</i>
                        <i>0.233859 0.541819 0.807305 -0.89721 0.440174 -0.035518 -0.374599 -0.716016 0.589064 1.31548 2.21271 -0.115333</i>
                        <i>0.228755 0.554817 0.799906 -0.902271 0.429333 -0.0397575 -0.365484 -0.712637 0.598807 1.31662 2.20965 -0.116</i>
                        <i>0.225388 0.56662 0.792554 -0.905149 0.422726 -0.0448117 -0.360424 -0.707279 0.608153 1.31849 2.20744 -0.117366</i>
                        <i>0.22478 0.575242 0.786492 -0.90569 0.421083 -0.049134 -0.359443 -0.701274 0.615642 1.32101 2.2062 -0.119371</i>
                        <i>0.227008 0.578152 0.783714 -0.904547 0.423393 -0.0503323 -0.360919 -0.697481 0.619079 1.32394 2.20561 -0.121757</i>
                        <i>0.231968 0.572751 0.786223 -0.902326 0.428593 -0.0460002 -0.363317 -0.698759 0.616228 1.32701 2.20532 -0.124251</i>
                        <i>0.239641 0.558597 0.794066 -0.898899 0.436681 -0.0359115 -0.366814 -0.70518 0.60677 1.33012 2.20544 -0.126774</i>
                        <i>0.249134 0.53745 0.805655 -0.894374 0.446803 -0.0214925 -0.37152 -0.715202 0.591995 1.33316 2.20609 -0.129246</i>
                        <i>0.259822 0.51045 0.819715 -0.888786 0.458308 -0.0036803 -0.377561 -0.727595 0.572759 1.33604 2.20739 -0.131585</i>
                        <i>0.271079 0.478817 0.835015 -0.882222 0.470541 0.0165858 -0.384968 -0.741165 0.549977 1.33864 2.20946 -0.133708</i>
                        <i>0.282295 0.443898 0.85045 -0.874855 0.482864 0.0383618 -0.393622 -0.754849 0.524656 1.34085 2.21207 -0.135528</i>
                        <i>0.292902 0.407192 0.865103 -0.866961 0.494666 0.0606992 -0.40322 -0.767789 0.497909 1.34256 2.21481 -0.13696</i>
                        <i>0.302415 0.370343 0.878289 -0.858929 0.505381 0.0826474 -0.413262 -0.779382 0.470933 1.34365 2.21753 -0.137916</i>
                        <i>0.310431 0.335094 0.889576 -0.851287 0.514434 0.103288 -0.423017 -0.789348 0.444957 1.34399 2.22005 -0.138296</i>
                        <i>0.316755 0.303401 0.898674 -0.844387 0.521783 0.121461 -0.432061 -0.797302 0.421465 1.34359 2.22234 -0.138117</i>
                        <i>0.321271 0.277341 0.905465 -0.83847 0.527743 0.135854 -0.440174 -0.802851 0.40209 1.34258 2.22442 -0.137473</i>
                        <i>0.323863 0.258983 0.909967 -0.83379 0.532658 0.145153 -0.447109 -0.805731 0.388446 1.34107 2.22632 -0.136456</i>
                        <i>0.32442 0.250365 0.912178 -0.830574 0.536871 0.148042 -0.452657 -0.805659 0.382118 1.3392 2.22806 -0.135161</i>
                        <i>0.321751 0.258125 0.91096 -0.829446 0.540833 0.139712 -0.456614 -0.800544 0.388114 1.33711 2.22976 -0.133724</i>
                        <i>0.315638 0.28398 0.905388 -0.830526 0.544149 0.118863 -0.458911 -0.789466 0.407607 1.33488 2.23142 -0.132206</i>
                        <i>0.307347 0.3224 0.895319 -0.833141 0.545775 0.0894716 -0.459797 -0.773426 0.436347 1.33254 2.23283 -0.13059</i>
                        <i>0.297929 0.367754 0.880906 -0.836729 0.544792 0.0555521 -0.459481 -0.75363 0.470019 1.33009 2.23383 -0.128864</i>
                        <i>0.288118 0.414497 0.863238 -0.841023 0.540587 0.0211326 -0.457896 -0.732092 0.504354 1.32757 2.23422 -0.127015</i>
                        <i>0.278302 0.457392 0.844595 -0.846105 0.532925 -0.00980757 -0.454592 -0.711887 0.535316 1.32499 2.23381 -0.125035</i>
                        <i>0.268584 0.491658 0.828333 -0.85236 0.521888 -0.0333926 -0.448714 -0.697069 0.559241 1.32241 2.2324 -0.122919</i>
                        <i>0.259025 0.512906 0.818434 -0.860334 0.507663 -0.0458621 -0.439012 -0.692247 0.572768 1.31989 2.22975 -0.120671</i>
                        <i>0.250093 0.516801 0.818761 -0.870516 0.490212 -0.0435194 -0.423857 -0.701861 0.572482 1.31749 2.22566 -0.118308</i>
                    </KeyFrames>
                </p>
            </i>
            <i>
                <p>
                    <Name><![CDATA[l_shoulder]]></Name>
                    <Exclude>0</Exclude>
                    <Additive>0</Additive>
                    <IKPriority>0</IKPriority>
                    <IKRotLimits>-1e+010 -1e+010 -1e+010 1e+010 1e+010 1e+010</IKRotLimits>
                    <IKRotLimitOrder>0</IKRotLimitOrder>
                    <KeyFrames count="30">
                        <i>0.706116 -0.694569 0.137744 -0.0856878 0.109281 0.990311 -0.702892 -0.711077 0.0176493 1.36691 2.32777 0.0434619</i>
                        <i>0.714317 -0.687506 0.130712 -0.0785492 0.106833 0.991169 -0.6954 -0.718277 0.0223098 1.36426 2.32373 0.0451817</i>
                        <i>0.717384 -0.6851 0.126484 -0.0725113 0.107142 0.991596 -0.692894 -0.720527 0.0271843 1.36252 2.32115 0.0453159</i>
                        <i>0.716186 -0.686673 0.124731 -0.067575 0.109653 0.99167 -0.69463 -0.718649 0.0321302 1.36169 2.31976 0.0441728</i>
                        <i>0.711416 -0.691546 0.125103 -0.0636979 0.11383 0.991456 -0.699878 -0.713307 0.0369301 1.36182 2.31927 0.0420445</i>
                        <i>0.703684 -0.699032 0.127213 -0.0608089 0.119136 0.991014 -0.707906 -0.705096 0.0413266 1.36302 2.31939 0.0392259</i>
                        <i>0.693566 -0.708449 0.130641 -0.0588249 0.125046 0.990406 -0.717988 -0.694596 0.045053 1.36542 2.31986 0.0360231</i>
                        <i>0.683266 -0.717757 0.134064 -0.0570821 0.130537 0.989799 -0.727935 -0.683948 0.0482204 1.36879 2.31984 0.0330879</i>
                        <i>0.675231 -0.724934 0.13614 -0.0549527 0.134616 0.989373 -0.735556 -0.675537 0.05106 1.37284 2.31848 0.0310899</i>
                        <i>0.669917 -0.729731 0.136764 -0.0524968 0.13719 0.989153 -0.740578 -0.66983 0.053597 1.37746 2.31581 0.0301165</i>
                        <i>0.667033 -0.732456 0.136291 -0.0498816 0.138618 0.989089 -0.743357 -0.666553 0.0559267 1.38238 2.31228 0.0299339</i>
                        <i>0.666397 -0.733274 0.134997 -0.0472572 0.139156 0.989142 -0.744098 -0.665541 0.0580806 1.38737 2.30825 0.0303726</i>
                        <i>0.66778 -0.732354 0.133143 -0.0447718 0.139028 0.989276 -0.743011 -0.66658 0.0600515 1.3922 2.30407 0.0312732</i>
                        <i>0.670933 -0.729863 0.130954 -0.0425644 0.138405 0.989461 -0.740296 -0.669436 0.0617939 1.39663 2.29978 0.0325026</i>
                        <i>0.675577 -0.725988 0.128597 -0.0407583 0.137378 0.98968 -0.736162 -0.673846 0.0632191 1.40043 2.29526 0.033966</i>
                        <i>0.681466 -0.720893 0.126162 -0.0394557 0.135947 0.98993 -0.730785 -0.679582 0.0642 1.4034 2.2907 0.0356149</i>
                        <i>0.68855 -0.714577 0.123608 -0.038735 0.133966 0.990229 -0.724154 -0.68661 0.064563 1.40532 2.28626 0.0374649</i>
                        <i>0.696361 -0.707403 0.121086 -0.0387065 0.131452 0.990567 -0.716647 -0.694479 0.0641573 1.40617 2.28228 0.0394412</i>
                        <i>0.704119 -0.700063 0.118863 -0.0394909 0.128528 0.990919 -0.708983 -0.702419 0.0628525 1.40605 2.27921 0.0414278</i>
                        <i>0.711059 -0.6933 0.117177 -0.0412084 0.125273 0.991266 -0.701924 -0.709677 0.0605066 1.40506 2.27748 0.043334</i>
                        <i>0.716466 -0.687862 0.116282 -0.0440007 0.121795 0.991579 -0.696233 -0.71555 0.0569954 1.4033 2.27752 0.0450652</i>
                        <i>0.71833 -0.685769 0.117144 -0.0485983 0.118509 0.991763 -0.694003 -0.718106 0.0518014 1.40068 2.28076 0.0462617</i>
                        <i>0.715944 -0.687729 0.120219 -0.0552145 0.11588 0.991727 -0.695971 -0.716659 0.0449909 1.39724 2.28752 0.0466795</i>
                        <i>0.71048 -0.692508 0.125106 -0.0632155 0.114253 0.991438 -0.700872 -0.712306 0.0373975 1.39326 2.29653 0.0463053</i>
                        <i>0.703263 -0.698716 0.131218 -0.0718177 0.113806 0.990904 -0.707293 -0.706289 0.029855 1.38895 2.30649 0.0451838</i>
                        <i>0.695913 -0.704815 0.137628 -0.0800416 0.114327 0.990214 -0.713651 -0.700118 0.0231469 1.38449 2.31612 0.043542</i>
                        <i>0.690399 -0.709142 0.143061 -0.086744 0.115178 0.98955 -0.718209 -0.695594 0.0180052 1.37998 2.32418 0.0418391</i>
                        <i>0.688902 -0.710001 0.145986 -0.0907002 0.115382 0.989172 -0.719157 -0.694683 0.0150897 1.37548 2.32954 0.0407421</i>
                        <i>0.693547 -0.705719 0.14475 -0.090706 0.113785 0.989356 -0.714678 -0.699295 0.0149023 1.37107 2.33109 0.0410338</i>
                        <i>0.706116 -0.694569 0.137744 -0.0856878 0.109281 0.990311 -0.702892 -0.711077 0.0176493 1.36691 2.32777 0.0434619</i>
                    </KeyFrames>
                </p>
            </i>
            <i>
                <p>
                    <Name><![CDATA[l_elbow]]></Name>
                    <Exclude>0</Exclude>
                    <Additive>0</Additive>
                    <IKPriority>0</IKPriority>
                    <IKRotLimits>-1e+010 -1e+010 -1e+010 1e+010 1e+010 1e+010</IKRotLimits>
                    <IKRotLimitOrder>0</IKRotLimitOrder>
                    <KeyFrames count="30">
                        <i>-0.616296 -0.786902 0.0310536 -0.0874687 0.107587 0.990341 -0.782642 0.607627 -0.135135 1.59659 2.10184 0.0882667</i>
                        <i>-0.614901 -0.787882 0.0337349 -0.080312 0.10512 0.991211 -0.784504 0.606788 -0.127915 1.59661 2.1001 0.0876993</i>
                        <i>-0.611295 -0.790478 0.038254 -0.0742683 0.105423 0.99165 -0.78791 0.60335 -0.123152 1.59587 2.09831 0.0864583</i>
                        <i>-0.60627 -0.794039 0.0440354 -0.0693364 0.107939 0.991737 -0.792231 0.598207 -0.120496 1.59464 2.0964 0.0847449</i>
                        <i>-0.600651 -0.79791 0.0505715 -0.0654722 0.11213 0.991534 -0.796826 0.592255 -0.119592 1.59322 2.09432 0.0827376</i>
                        <i>-0.59533 -0.80143 0.0573748 -0.062603 0.117457 0.991103 -0.801039 0.586441 -0.120098 1.59191 2.09201 0.0806054</i>
                        <i>-0.591242 -0.803954 0.0639556 -0.0606435 0.123394 0.990503 -0.804211 0.581748 -0.12171 1.59102 2.08942 0.0785175</i>
