<?xml version="1.0" encoding="ISO-8859-1" ?>
<Animl Version="1">
    <ModellingPackage><![CDATA[Maya.2010]]></ModellingPackage>
    <SrcFile><![CDATA[anims\turrets\antitank\red\~src\at_at4spigot\at_at4spigot_idle_crewman_c.mb]]></SrcFile>
    <FramesPerSecond>30</FramesPerSecond>
    <TotalFrames>120</TotalFrames>
    <Skeleton>
        <RefFrame>
            <Name><![CDATA[soldier_ref_frame]]></Name>
            <Exclude>0</Exclude>
            <Additive>0</Additive>
            <IKPriority>0</IKPriority>
            <IKRotLimits>-1e+010 -1e+010 -1e+010 1e+010 1e+010 1e+010</IKRotLimits>
            <IKRotLimitOrder>0</IKRotLimitOrder>
            <KeyFrames count="120">
                <i>1 0 0 0 1 0 0 0 1 -2.11 0.88 -0.15</i>
                <i>1 0 0 0 1 0 0 0 1 -2.11 0.88 -0.15</i>
                <i>1 0 0 0 1 0 0 0 1 -2.11 0.88 -0.15</i>
                <i>1 0 0 0 1 0 0 0 1 -2.11 0.88 -0.15</i>
                <i>1 0 0 0 1 0 0 0 1 -2.11 0.88 -0.15</i>
                <i>1 0 0 0 1 0 0 0 1 -2.11 0.88 -0.15</i>
                <i>1 0 0 0 1 0 0 0 1 -2.11 0.88 -0.15</i>
                <i>1 0 0 0 1 0 0 0 1 -2.11 0.88 -0.15</i>
                <i>1 0 0 0 1 0 0 0 1 -2.11 0.88 -0.15</i>
                <i>1 0 0 0 1 0 0 0 1 -2.11 0.88 -0.15</i>
                <i>1 0 0 0 1 0 0 0 1 -2.11 0.88 -0.15</i>
                <i>1 0 0 0 1 0 0 0 1 -2.11 0.88 -0.15</i>
                <i>1 0 0 0 1 0 0 0 1 -2.11 0.88 -0.15</i>
                <i>1 0 0 0 1 0 0 0 1 -2.11 0.88 -0.15</i>
                <i>1 0 0 0 1 0 0 0 1 -2.11 0.88 -0.15</i>
                <i>1 0 0 0 1 0 0 0 1 -2.11 0.88 -0.15</i>
                <i>1 0 0 0 1 0 0 0 1 -2.11 0.88 -0.15</i>
                <i>1 0 0 0 1 0 0 0 1 -2.11 0.88 -0.15</i>
                <i>1 0 0 0 1 0 0 0 1 -2.11 0.88 -0.15</i>
                <i>1 0 0 0 1 0 0 0 1 -2.11 0.88 -0.15</i>
                <i>1 0 0 0 1 0 0 0 1 -2.11 0.88 -0.15</i>
                <i>1 0 0 0 1 0 0 0 1 -2.11 0.88 -0.15</i>
                <i>1 0 0 0 1 0 0 0 1 -2.11 0.88 -0.15</i>
                <i>1 0 0 0 1 0 0 0 1 -2.11 0.88 -0.15</i>
                <i>1 0 0 0 1 0 0 0 1 -2.11 0.88 -0.15</i>
                <i>1 0 0 0 1 0 0 0 1 -2.11 0.88 -0.15</i>
                <i>1 0 0 0 1 0 0 0 1 -2.11 0.88 -0.15</i>
                <i>1 0 0 0 1 0 0 0 1 -2.11 0.88 -0.15</i>
                <i>1 0 0 0 1 0 0 0 1 -2.11 0.88 -0.15</i>
                <i>1 0 0 0 1 0 0 0 1 -2.11 0.88 -0.15</i>
                <i>1 0 0 0 1 0 0 0 1 -2.11 0.88 -0.15</i>
                <i>1 0 0 0 1 0 0 0 1 -2.11 0.88 -0.15</i>
                <i>1 0 0 0 1 0 0 0 1 -2.11 0.88 -0.15</i>
                <i>1 0 0 0 1 0 0 0 1 -2.11 0.88 -0.15</i>
                <i>1 0 0 0 1 0 0 0 1 -2.11 0.88 -0.15</i>
                <i>1 0 0 0 1 0 0 0 1 -2.11 0.88 -0.15</i>
                <i>1 0 0 0 1 0 0 0 1 -2.11 0.88 -0.15</i>
                <i>1 0 0 0 1 0 0 0 1 -2.11 0.88 -0.15</i>
                <i>1 0 0 0 1 0 0 0 1 -2.11 0.88 -0.15</i>
                <i>1 0 0 0 1 0 0 0 1 -2.11 0.88 -0.15</i>
                <i>1 0 0 0 1 0 0 0 1 -2.11 0.88 -0.15</i>
                <i>1 0 0 0 1 0 0 0 1 -2.11 0.88 -0.15</i>
                <i>1 0 0 0 1 0 0 0 1 -2.11 0.88 -0.15</i>
                <i>1 0 0 0 1 0 0 0 1 -2.11 0.88 -0.15</i>
                <i>1 0 0 0 1 0 0 0 1 -2.11 0.88 -0.15</i>
                <i>1 0 0 0 1 0 0 0 1 -2.11 0.88 -0.15</i>
                <i>1 0 0 0 1 0 0 0 1 -2.11 0.88 -0.15</i>
                <i>1 0 0 0 1 0 0 0 1 -2.11 0.88 -0.15</i>
                <i>1 0 0 0 1 0 0 0 1 -2.11 0.88 -0.15</i>
                <i>1 0 0 0 1 0 0 0 1 -2.11 0.88 -0.15</i>
                <i>1 0 0 0 1 0 0 0 1 -2.11 0.88 -0.15</i>
                <i>1 0 0 0 1 0 0 0 1 -2.11 0.88 -0.15</i>
                <i>1 0 0 0 1 0 0 0 1 -2.11 0.88 -0.15</i>
                <i>1 0 0 0 1 0 0 0 1 -2.11 0.88 -0.15</i>
                <i>1 0 0 0 1 0 0 0 1 -2.11 0.88 -0.15</i>
                <i>1 0 0 0 1 0 0 0 1 -2.11 0.88 -0.15</i>
                <i>1 0 0 0 1 0 0 0 1 -2.11 0.88 -0.15</i>
                <i>1 0 0 0 1 0 0 0 1 -2.11 0.88 -0.15</i>
                <i>1 0 0 0 1 0 0 0 1 -2.11 0.88 -0.15</i>
                <i>1 0 0 0 1 0 0 0 1 -2.11 0.88 -0.15</i>
                <i>1 0 0 0 1 0 0 0 1 -2.11 0.88 -0.15</i>
                <i>1 0 0 0 1 0 0 0 1 -2.11 0.88 -0.15</i>
                <i>1 0 0 0 1 0 0 0 1 -2.11 0.88 -0.15</i>
                <i>1 0 0 0 1 0 0 0 1 -2.11 0.88 -0.15</i>
                <i>1 0 0 0 1 0 0 0 1 -2.11 0.88 -0.15</i>
                <i>1 0 0 0 1 0 0 0 1 -2.11 0.88 -0.15</i>
                <i>1 0 0 0 1 0 0 0 1 -2.11 0.88 -0.15</i>
                <i>1 0 0 0 1 0 0 0 1 -2.11 0.88 -0.15</i>
                <i>1 0 0 0 1 0 0 0 1 -2.11 0.88 -0.15</i>
                <i>1 0 0 0 1 0 0 0 1 -2.11 0.88 -0.15</i>
                <i>1 0 0 0 1 0 0 0 1 -2.11 0.88 -0.15</i>
                <i>1 0 0 0 1 0 0 0 1 -2.11 0.88 -0.15</i>
                <i>1 0 0 0 1 0 0 0 1 -2.11 0.88 -0.15</i>
                <i>1 0 0 0 1 0 0 0 1 -2.11 0.88 -0.15</i>
                <i>1 0 0 0 1 0 0 0 1 -2.11 0.88 -0.15</i>
                <i>1 0 0 0 1 0 0 0 1 -2.11 0.88 -0.15</i>
                <i>1 0 0 0 1 0 0 0 1 -2.11 0.88 -0.15</i>
                <i>1 0 0 0 1 0 0 0 1 -2.11 0.88 -0.15</i>
                <i>1 0 0 0 1 0 0 0 1 -2.11 0.88 -0.15</i>
                <i>1 0 0 0 1 0 0 0 1 -2.11 0.88 -0.15</i>
                <i>1 0 0 0 1 0 0 0 1 -2.11 0.88 -0.15</i>
                <i>1 0 0 0 1 0 0 0 1 -2.11 0.88 -0.15</i>
                <i>1 0 0 0 1 0 0 0 1 -2.11 0.88 -0.15</i>
                <i>1 0 0 0 1 0 0 0 1 -2.11 0.88 -0.15</i>
                <i>1 0 0 0 1 0 0 0 1 -2.11 0.88 -0.15</i>
                <i>1 0 0 0 1 0 0 0 1 -2.11 0.88 -0.15</i>
                <i>1 0 0 0 1 0 0 0 1 -2.11 0.88 -0.15</i>
                <i>1 0 0 0 1 0 0 0 1 -2.11 0.88 -0.15</i>
                <i>1 0 0 0 1 0 0 0 1 -2.11 0.88 -0.15</i>
                <i>1 0 0 0 1 0 0 0 1 -2.11 0.88 -0.15</i>
                <i>1 0 0 0 1 0 0 0 1 -2.11 0.88 -0.15</i>
                <i>1 0 0 0 1 0 0 0 1 -2.11 0.88 -0.15</i>
                <i>1 0 0 0 1 0 0 0 1 -2.11 0.88 -0.15</i>
                <i>1 0 0 0 1 0 0 0 1 -2.11 0.88 -0.15</i>
                <i>1 0 0 0 1 0 0 0 1 -2.11 0.88 -0.15</i>
                <i>1 0 0 0 1 0 0 0 1 -2.11 0.88 -0.15</i>
                <i>1 0 0 0 1 0 0 0 1 -2.11 0.88 -0.15</i>
                <i>1 0 0 0 1 0 0 0 1 -2.11 0.88 -0.15</i>
                <i>1 0 0 0 1 0 0 0 1 -2.11 0.88 -0.15</i>
                <i>1 0 0 0 1 0 0 0 1 -2.11 0.88 -0.15</i>
                <i>1 0 0 0 1 0 0 0 1 -2.11 0.88 -0.15</i>
                <i>1 0 0 0 1 0 0 0 1 -2.11 0.88 -0.15</i>
                <i>1 0 0 0 1 0 0 0 1 -2.11 0.88 -0.15</i>
                <i>1 0 0 0 1 0 0 0 1 -2.11 0.88 -0.15</i>
                <i>1 0 0 0 1 0 0 0 1 -2.11 0.88 -0.15</i>
                <i>1 0 0 0 1 0 0 0 1 -2.11 0.88 -0.15</i>
                <i>1 0 0 0 1 0 0 0 1 -2.11 0.88 -0.15</i>
                <i>1 0 0 0 1 0 0 0 1 -2.11 0.88 -0.15</i>
                <i>1 0 0 0 1 0 0 0 1 -2.11 0.88 -0.15</i>
                <i>1 0 0 0 1 0 0 0 1 -2.11 0.88 -0.15</i>
                <i>1 0 0 0 1 0 0 0 1 -2.11 0.88 -0.15</i>
                <i>1 0 0 0 1 0 0 0 1 -2.11 0.88 -0.15</i>
                <i>1 0 0 0 1 0 0 0 1 -2.11 0.88 -0.15</i>
                <i>1 0 0 0 1 0 0 0 1 -2.11 0.88 -0.15</i>
                <i>1 0 0 0 1 0 0 0 1 -2.11 0.88 -0.15</i>
                <i>1 0 0 0 1 0 0 0 1 -2.11 0.88 -0.15</i>
                <i>1 0 0 0 1 0 0 0 1 -2.11 0.88 -0.15</i>
                <i>1 0 0 0 1 0 0 0 1 -2.11 0.88 -0.15</i>
                <i>1 0 0 0 1 0 0 0 1 -2.11 0.88 -0.15</i>
                <i>1 0 0 0 1 0 0 0 1 -2.11 0.88 -0.15</i>
            </KeyFrames>
        </RefFrame>
        <Bones count="23">
            <i>
                <p>
                    <Name><![CDATA[pelvis]]></Name>
                    <Exclude>0</Exclude>
                    <Additive>0</Additive>
                    <IKPriority>0</IKPriority>
                    <IKRotLimits>-1e+010 -1e+010 -1e+010 1e+010 1e+010 1e+010</IKRotLimits>
                    <IKRotLimitOrder>2</IKRotLimitOrder>
                    <KeyFrames count="120">
                        <i>1 0 0 0 1 0 0 0 1 -1.54518 1.94424 -0.213902</i>
                        <i>1 0 0 0 1 0 0 0 1 -1.54518 1.94423 -0.213902</i>
                        <i>1 0 0 0 1 0 0 0 1 -1.54518 1.94423 -0.213902</i>
                        <i>1 0 0 0 1 0 0 0 1 -1.54518 1.94423 -0.213902</i>
                        <i>1 0 0 0 1 0 0 0 1 -1.54518 1.94423 -0.213902</i>
                        <i>1 0 0 0 1 0 0 0 1 -1.54518 1.94423 -0.213902</i>
                        <i>1 0 0 0 1 0 0 0 1 -1.54518 1.94423 -0.213902</i>
                        <i>1 0 0 0 1 0 0 0 1 -1.54518 1.94424 -0.213902</i>
                        <i>1 0 0 0 1 0 0 0 1 -1.54518 1.94424 -0.213902</i>
                        <i>1 0 0 0 1 0 0 0 1 -1.54518 1.94424 -0.213902</i>
                        <i>1 0 0 0 1 0 0 0 1 -1.54252 1.94968 -0.213902</i>
                        <i>1 0 0 0 1 0 0 0 1 -1.53618 1.96266 -0.213902</i>
                        <i>1 0 0 0 1 0 0 0 1 -1.52861 1.97816 -0.213902</i>
                        <i>1 0 0 0 1 0 0 0 1 -1.52227 1.99114 -0.213902</i>
                        <i>1 0 0 0 1 0 0 0 1 -1.51961 1.99659 -0.213902</i>
                        <i>1 0 0 0 1 0 0 0 1 -1.51961 1.99659 -0.213902</i>
                        <i>1 0 0 0 1 0 0 0 1 -1.51961 1.99659 -0.213902</i>
                        <i>1 0 0 0 1 0 0 0 1 -1.51961 1.99659 -0.213902</i>
                        <i>1 0 0 0 1 0 0 0 1 -1.51961 1.99659 -0.213902</i>
                        <i>1 0 0 0 1 0 0 0 1 -1.51961 1.99659 -0.213902</i>
                        <i>1 0 0 0 1 0 0 0 1 -1.5181 1.99723 -0.212689</i>
                        <i>1 0 0 0 1 0 0 0 1 -1.51398 1.999 -0.209397</i>
                        <i>1 0 0 0 1 0 0 0 1 -1.50792 2.00163 -0.204546</i>
                        <i>1 0 0 0 1 0 0 0 1 -1.50056 2.00486 -0.198655</i>
                        <i>1 0 0 0 1 0 0 0 1 -1.49254 2.00844 -0.192245</i>
                        <i>1 0 0 0 1 0 0 0 1 -1.48453 2.01212 -0.185835</i>
                        <i>1 0 0 0 1 0 0 0 1 -1.47716 2.01562 -0.179944</i>
                        <i>1 0 0 0 1 0 0 0 1 -1.4711 2.0187 -0.175093</i>
                        <i>1 0 0 0 1 0 0 0 1 -1.46699 2.0211 -0.171801</i>
                        <i>1 0 0 0 1 0 0 0 1 -1.46547 2.02255 -0.170588</i>
                        <i>1 0 0 0 1 0 0 0 1 -1.46547 2.02313 -0.170588</i>
                        <i>1 0 0 0 1 0 0 0 1 -1.46547 2.02314 -0.170588</i>
                        <i>1 0 0 0 1 0 0 0 1 -1.46547 2.02269 -0.170588</i>
                        <i>1 0 0 0 1 0 0 0 1 -1.46547 2.02189 -0.170588</i>
                        <i>1 0 0 0 1 0 0 0 1 -1.46547 2.02084 -0.170588</i>
                        <i>1 0 0 0 1 0 0 0 1 -1.46547 2.01966 -0.170588</i>
                        <i>1 0 0 0 1 0 0 0 1 -1.46547 2.01845 -0.170588</i>
                        <i>1 0 0 0 1 0 0 0 1 -1.46547 2.01732 -0.170588</i>
                        <i>1 0 0 0 1 0 0 0 1 -1.46547 2.01638 -0.170588</i>
                        <i>1 0 0 0 1 0 0 0 1 -1.46547 2.01574 -0.170588</i>
                        <i>1 0 0 0 1 0 0 0 1 -1.46547 2.0155 -0.170588</i>
                        <i>1 0 0 0 1 0 0 0 1 -1.46547 2.0155 -0.170588</i>
                        <i>1 0 0 0 1 0 0 0 1 -1.46547 2.01553 -0.170588</i>
                        <i>1 0 0 0 1 0 0 0 1 -1.46547 2.01568 -0.170588</i>
                        <i>1 0 0 0 1 0 0 0 1 -1.46547 2.016 -0.170588</i>
                        <i>1 0 0 0 1 0 0 0 1 -1.46547 2.01656 -0.170588</i>
                        <i>1 0 0 0 1 0 0 0 1 -1.46547 2.01743 -0.170588</i>
                        <i>1 0 0 0 1 0 0 0 1 -1.46547 2.01867 -0.170588</i>
                        <i>1 0 0 0 1 0 0 0 1 -1.46547 2.02036 -0.170588</i>
                        <i>1 0 0 0 1 0 0 0 1 -1.46547 2.02255 -0.170588</i>
                        <i>1 0 0 0 1 0 0 0 1 -1.46547 2.02662 -0.170588</i>
                        <i>1 0 0 0 1 0 0 0 1 -1.46547 2.03289 -0.170588</i>
                        <i>1 0 0 0 1 0 0 0 1 -1.46547 2.03988 -0.170588</i>
                        <i>1 0 0 0 1 0 0 0 1 -1.46547 2.04611 -0.170588</i>
                        <i>1 0 0 0 1 0 0 0 1 -1.46547 2.05009 -0.170588</i>
                        <i>1 0 0 0 1 0 0 0 1 -1.46547 2.05132 -0.170588</i>
                        <i>1 0 0 0 1 0 0 0 1 -1.46547 2.0508 -0.170588</i>
                        <i>1 0 0 0 1 0 0 0 1 -1.46547 2.04927 -0.170588</i>
                        <i>1 0 0 0 1 0 0 0 1 -1.46547 2.04748 -0.170588</i>
                        <i>1 0 0 0 1 0 0 0 1 -1.46547 2.04618 -0.170588</i>
                        <i>1 0 0 0 1 0 0 0 1 -1.46547 2.04528 -0.170588</i>
                        <i>1 0 0 0 1 0 0 0 1 -1.46547 2.04423 -0.170588</i>
                        <i>1 0 0 0 1 0 0 0 1 -1.46547 2.0431 -0.170588</i>
                        <i>1 0 0 0 1 0 0 0 1 -1.46547 2.04195 -0.170588</i>
                        <i>1 0 0 0 1 0 0 0 1 -1.46547 2.04083 -0.170588</i>
                        <i>1 0 0 0 1 0 0 0 1 -1.46547 2.03982 -0.170588</i>
                        <i>1 0 0 0 1 0 0 0 1 -1.46547 2.03896 -0.170588</i>
                        <i>1 0 0 0 1 0 0 0 1 -1.46547 2.03833 -0.170588</i>
                        <i>1 0 0 0 1 0 0 0 1 -1.46547 2.03799 -0.170588</i>
                        <i>1 0 0 0 1 0 0 0 1 -1.46547 2.03798 -0.170588</i>
                        <i>1 0 0 0 1 0 0 0 1 -1.46547 2.03839 -0.170588</i>
                        <i>1 0 0 0 1 0 0 0 1 -1.46547 2.03918 -0.170588</i>
                        <i>1 0 0 0 1 0 0 0 1 -1.46547 2.04028 -0.170588</i>
                        <i>1 0 0 0 1 0 0 0 1 -1.46547 2.0416 -0.170588</i>
                        <i>1 0 0 0 1 0 0 0 1 -1.46547 2.04307 -0.170588</i>
                        <i>1 0 0 0 1 0 0 0 1 -1.46547 2.04462 -0.170588</i>
                        <i>1 0 0 0 1 0 0 0 1 -1.46547 2.04616 -0.170588</i>
                        <i>1 0 0 0 1 0 0 0 1 -1.46547 2.04763 -0.170588</i>
                        <i>1 0 0 0 1 0 0 0 1 -1.46547 2.04893 -0.170588</i>
                        <i>1 0 0 0 1 0 0 0 1 -1.46547 2.05 -0.170588</i>
                        <i>1 0 0 0 1 0 0 0 1 -1.46547 2.05077 -0.170588</i>
                        <i>1 0 0 0 1 0 0 0 1 -1.46547 2.05129 -0.170588</i>
                        <i>1 0 0 0 1 0 0 0 1 -1.46547 2.0516 -0.170588</i>
                        <i>1 0 0 0 1 0 0 0 1 -1.46547 2.05177 -0.170588</i>
                        <i>1 0 0 0 1 0 0 0 1 -1.46547 2.05187 -0.170588</i>
                        <i>1 0 0 0 1 0 0 0 1 -1.46547 2.0518 -0.170588</i>
                        <i>1 0 0 0 1 0 0 0 1 -1.46547 2.05154 -0.170588</i>
                        <i>1 0 0 0 1 0 0 0 1 -1.46547 2.0512 -0.170588</i>
                        <i>1 0 0 0 1 0 0 0 1 -1.46547 2.0509 -0.170588</i>
                        <i>1 0 0 0 1 0 0 0 1 -1.46547 2.05078 -0.170588</i>
                        <i>1 0 0 0 1 0 0 0 1 -1.46547 2.05078 -0.170588</i>
                        <i>1 0 0 0 1 0 0 0 1 -1.46547 2.05078 -0.170588</i>
                        <i>1 0 0 0 1 0 0 0 1 -1.46547 2.05078 -0.170588</i>
                        <i>1 0 0 0 1 0 0 0 1 -1.46547 2.05078 -0.170588</i>
                        <i>1 0 0 0 1 0 0 0 1 -1.46547 2.05078 -0.170588</i>
                        <i>1 0 0 0 1 0 0 0 1 -1.46547 2.05078 -0.170588</i>
                        <i>1 0 0 0 1 0 0 0 1 -1.46547 2.05078 -0.170588</i>
                        <i>1 0 0 0 1 0 0 0 1 -1.46547 2.05078 -0.170588</i>
                        <i>1 0 0 0 1 0 0 0 1 -1.46547 2.05078 -0.170588</i>
                        <i>1 0 0 0 1 0 0 0 1 -1.46547 2.05078 -0.170588</i>
                        <i>1 0 0 0 1 0 0 0 1 -1.46586 2.05026 -0.1708</i>
                        <i>1 0 0 0 1 0 0 0 1 -1.46698 2.04875 -0.171411</i>
                        <i>1 0 0 0 1 0 0 0 1 -1.46879 2.04634 -0.172391</i>
                        <i>1 0 0 0 1 0 0 0 1 -1.47121 2.04311 -0.173707</i>
                        <i>1 0 0 0 1 0 0 0 1 -1.47419 2.03912 -0.175326</i>
                        <i>1 0 0 0 1 0 0 0 1 -1.47766 2.03448 -0.177215</i>
                        <i>1 0 0 0 1 0 0 0 1 -1.48158 2.02924 -0.179343</i>
                        <i>1 0 0 0 1 0 0 0 1 -1.48587 2.0235 -0.181677</i>
                        <i>1 0 0 0 1 0 0 0 1 -1.49049 2.01734 -0.184183</i>
                        <i>1 0 0 0 1 0 0 0 1 -1.49536 2.01082 -0.186831</i>
                        <i>1 0 0 0 1 0 0 0 1 -1.50043 2.00405 -0.189587</i>
                        <i>1 0 0 0 1 0 0 0 1 -1.50564 1.99708 -0.192418</i>
                        <i>1 0 0 0 1 0 0 0 1 -1.51093 1.99001 -0.195293</i>
                        <i>1 0 0 0 1 0 0 0 1 -1.51624 1.98291 -0.198179</i>
                        <i>1 0 0 0 1 0 0 0 1 -1.52151 1.97587 -0.201043</i>
                        <i>1 0 0 0 1 0 0 0 1 -1.52668 1.96896 -0.203853</i>
                        <i>1 0 0 0 1 0 0 0 1 -1.5317 1.96226 -0.206576</i>
                        <i>1 0 0 0 1 0 0 0 1 -1.53649 1.95585 -0.20918</i>
                        <i>1 0 0 0 1 0 0 0 1 -1.541 1.94982 -0.211633</i>
                        <i>1 0 0 0 1 0 0 0 1 -1.54518 1.94424 -0.213902</i>
                    </KeyFrames>
                </p>
            </i>
            <i>
                <p>
                    <Name><![CDATA[spine0]]></Name>
                    <Exclude>0</Exclude>
                    <Additive>0</Additive>
                    <IKPriority>0</IKPriority>
                    <IKRotLimits>-1e+010 -1e+010 -1e+010 1e+010 1e+010 1e+010</IKRotLimits>
                    <IKRotLimitOrder>0</IKRotLimitOrder>
                    <KeyFrames count="120">
                        <i>0.286825 0.938044 0.194436 -0.461795 -0.0424397 0.885971 0.839331 -0.343908 0.421011 -1.57689 2.08344 -0.231554</i>
                        <i>0.286825 0.938044 0.194436 -0.461795 -0.0424397 0.885971 0.839331 -0.343908 0.421011 -1.57689 2.08344 -0.231554</i>
                        <i>0.286825 0.938044 0.194436 -0.461795 -0.0424397 0.885971 0.839331 -0.343908 0.421011 -1.57689 2.08344 -0.231554</i>
                        <i>0.286825 0.938044 0.194436 -0.461795 -0.0424397 0.885971 0.839331 -0.343908 0.421011 -1.57689 2.08344 -0.231554</i>
                        <i>0.286825 0.938044 0.194436 -0.461795 -0.0424397 0.885971 0.839331 -0.343908 0.421011 -1.57689 2.08344 -0.231554</i>
                        <i>0.286825 0.938044 0.194436 -0.461795 -0.0424397 0.885971 0.839331 -0.343908 0.421011 -1.57689 2.08344 -0.231554</i>
                        <i>0.286825 0.938044 0.194436 -0.461795 -0.0424397 0.885971 0.839331 -0.343908 0.421011 -1.57689 2.08344 -0.231554</i>
                        <i>0.286825 0.938044 0.194436 -0.461795 -0.0424397 0.885971 0.839331 -0.343908 0.421011 -1.57689 2.08344 -0.231554</i>
                        <i>0.286825 0.938044 0.194436 -0.461795 -0.0424397 0.885971 0.839331 -0.343908 0.421011 -1.57689 2.08344 -0.231554</i>
                        <i>0.286825 0.938044 0.194436 -0.461795 -0.0424397 0.885971 0.839331 -0.343908 0.421011 -1.57689 2.08344 -0.231554</i>
                        <i>0.286825 0.938044 0.194436 -0.461795 -0.0424397 0.885971 0.839331 -0.343908 0.421011 -1.57424 2.08889 -0.231554</i>
                        <i>0.286825 0.938044 0.194436 -0.461795 -0.0424397 0.885971 0.839331 -0.343908 0.421011 -1.5679 2.10187 -0.231554</i>
                        <i>0.286825 0.938044 0.194436 -0.461795 -0.0424397 0.885971 0.839331 -0.343908 0.421011 -1.56033 2.11737 -0.231554</i>
                        <i>0.286825 0.938044 0.194436 -0.461795 -0.0424397 0.885971 0.839331 -0.343908 0.421011 -1.55399 2.13035 -0.231554</i>
                        <i>0.286825 0.938044 0.194436 -0.461795 -0.0424397 0.885971 0.839331 -0.343908 0.421011 -1.55133 2.13579 -0.231554</i>
                        <i>0.278514 0.941149 0.191489 -0.461188 -0.0438328 0.886219 0.842458 -0.335137 0.421839 -1.55452 2.13478 -0.233379</i>
                        <i>0.259437 0.947993 0.184395 -0.459356 -0.0468231 0.887017 0.84952 -0.314828 0.423319 -1.56198 2.132 -0.237658</i>
                        <i>0.237987 0.955237 0.175739 -0.456552 -0.0496805 0.888309 0.857276 -0.29164 0.424292 -1.57056 2.12803 -0.242601</i>
                        <i>0.221082 0.960633 0.168245 -0.453846 -0.051355 0.889599 0.863218 -0.273032 0.424626 -1.57736 2.12425 -0.246536</i>
                        <i>0.214378 0.96271 0.165021 -0.452853 -0.0517295 0.890083 0.865428 -0.265545 0.424876 -1.57976 2.12275 -0.247958</i>
                        <i>0.208421 0.964898 0.15979 -0.45391 -0.049289 0.889683 0.86633 -0.257959 0.427704 -1.57707 2.12412 -0.246128</i>
                        <i>0.19241 0.970403 0.145935 -0.455893 -0.0432962 0.888981 0.868988 -0.23758 0.434069 -1.57082 2.12715 -0.241706</i>
                        <i>0.17008 0.97729 0.126398 -0.458179 -0.0351333 0.888165 0.872436 -0.208972 0.441798 -1.56189 2.13138 -0.235325</i>
                        <i>0.144953 0.983958 0.103998 -0.460263 -0.0259886 0.887402 0.875869 -0.176498 0.449112 -1.55117 2.13637 -0.227625</i>
                        <i>0.119868 0.989471 0.0811071 -0.46184 -0.0167426 0.886805 0.878826 -0.143758 0.454971 -1.53956 2.1417 -0.219251</i>
                        <i>0.0968083 0.993521 0.0595323 -0.462794 -0.0080208 0.886429 0.881164 -0.113365 0.459019 -1.52794 2.14697 -0.210857</i>
                        <i>0.0770856 0.996196 0.0406454 -0.463157 -0.000321533 0.886276 0.882918 -0.0871443 0.46137 -1.51725 2.15183 -0.203103</i>
                        <i>0.0617362 0.997763 0.0256644 -0.463073 0.00585511 0.886301 0.884167 -0.0666014 0.462399 -1.50842 2.15595 -0.196657</i>
                        <i>0.051899 0.998526 0.015917 -0.462765 0.00992246 0.886426 0.884961 -0.0533704 0.462597 -1.50237 2.15904 -0.192186</i>
                        <i>0.0489822 0.998716 0.0129353 -0.46247 0.0111992 0.886564 0.885281 -0.0494081 0.462425 -1.50004 2.16079 -0.19036</i>
                        <i>0.0501497 0.998643 0.0140654 -0.462251 0.0107247 0.886684 0.88533 -0.0509687 0.462161 -1.50003 2.16141 -0.190152</i>
                        <i>0.0513923 0.998559 0.0154442 -0.462037 0.0100637 0.886804 0.885371 -0.0527106 0.461888 -1.50029 2.16136 -0.190083</i>
                        <i>0.0525402 0.998476 0.0169024 -0.461829 0.0092877 0.88692 0.885411 -0.054405 0.461614 -1.50082 2.16077 -0.19014</i>
                        <i>0.0534247 0.998405 0.0182712 -0.46163 0.00846884 0.887032 0.885462 -0.0558239 0.461346 -1.50157 2.15975 -0.190312</i>
                        <i>0.0538771 0.998359 0.0193813 -0.461439 0.00767969 0.887139 0.885534 -0.0567397 0.461096 -1.50252 2.15841 -0.190585</i>
                        <i>0.0537292 0.998354 0.0200637 -0.461259 0.00699335 0.887238 0.885637 -0.0569251 0.460876 -1.50364 2.15686 -0.190946</i>
                        <i>0.0528135 0.998401 0.0201493 -0.461094 0.00648332 0.887327 0.885778 -0.0561536 0.460699 -1.5049 2.15523 -0.191382</i>
                        <i>0.0512708 0.99849 0.019743 -0.460952 0.00612263 0.887404 0.885943 -0.0545985 0.46057 -1.50627 2.15362 -0.191882</i>
                        <i>0.0493866 0.998598 0.0190776 -0.460839 0.0058368 0.887464 0.886108 -0.0526205 0.460481 -1.50773 2.15215 -0.192432</i>
                        <i>0.0472097 0.99872 0.0181762 -0.460759 0.00562801 0.887507 0.886269 -0.0502739 0.460435 -1.50924 2.15093 -0.193019</i>
                        <i>0.0447879 0.998851 0.0170613 -0.460713 0.00549823 0.887532 0.886418 -0.0476111 0.46043 -1.51078 2.15008 -0.193631</i>
                        <i>0.0421666 0.998986 0.0157544 -0.460702 0.0054492 0.887538 0.886553 -0.0446826 0.460465 -1.51232 2.14944 -0.194255</i>
                        <i>0.0393891 0.999122 0.0142756 -0.460725 0.00548237 0.887526 0.886669 -0.041536 0.460536 -1.51383 2.14883 -0.19488</i>
                        <i>0.0364956 0.999254 0.0126441 -0.46078 0.00559898 0.887497 0.886764 -0.0382159 0.46064 -1.51528 2.14832 -0.195494</i>
                        <i>0.0335234 0.999379 0.0108775 -0.460862 0.00579999 0.887453 0.886838 -0.0347634 0.460771 -1.51666 2.14801 -0.196084</i>
                        <i>0.0305066 0.999494 0.00899204 -0.460969 0.00608617 0.887395 0.886892 -0.0312165 0.460921 -1.51793 2.14796 -0.196639</i>
                        <i>0.027477 0.999598 0.00700296 -0.461093 0.00645814 0.887328 0.886926 -0.0276101 0.461085 -1.51908 2.14826 -0.197148</i>
                        <i>0.0244643 0.999689 0.0049246 -0.461228 0.00691642 0.887254 0.886944 -0.0239775 0.461254 -1.52006 2.149 -0.1976</i>
                        <i>0.0214971 0.999765 0.00277084 -0.461367 0.00746158 0.887178 0.886949 -0.0203501 0.461419 -1.52087 2.15027 -0.197983</i>
                        <i>0.0186038 0.999827 0.000555563 -0.461502 0.00809426 0.887102 0.886944 -0.0167599 0.461572 -1.52148 2.15214 -0.198286</i>
                        <i>0.0147096 0.99989 -0.00208428 -0.461559 0.0086392 0.887067 0.886988 -0.0120864 0.461635 -1.52157 2.15613 -0.198431</i>
                        <i>0.00975165 0.999941 -0.00479746 -0.461473 0.00875652 0.887111 0.887101 -0.0064369 0.461531 -1.52096 2.16268 -0.198375</i>
                        <i>0.00535564 0.999964 -0.00659043 -0.461282 0.00831788 0.887214 0.887237 -0.00171155 0.46131 -1.51981 2.1702 -0.198161</i>
                        <i>0.00332536 0.999971 -0.00679721 -0.461069 0.00756482 0.887332 0.887358 0.000183279 0.461081 -1.51827 2.17713 -0.197833</i>
                        <i>0.00561186 0.999971 -0.00513346 -0.460926 0.00714234 0.88741 0.887421 -0.00261387 0.460953 -1.5165 2.18188 -0.197433</i>
                        <i>0.0130094 0.999915 -0.000404498 -0.460831 0.00635464 0.887465 0.887393 -0.011359 0.460875 -1.51468 2.1839 -0.197004</i>
                        <i>0.0234186 0.999702 0.0069328 -0.460774 0.0046392 0.887505 0.887208 -0.0239786 0.460745 -1.51296 2.18408 -0.196592</i>
                        <i>0.0343541 0.999302 0.0146463 -0.460784 0.00283311 0.887508 0.886847 -0.0372383 0.46056 -1.51152 2.18312 -0.196241</i>
                        <i>0.0430632 0.998858 0.0206839 -0.460827 0.00148968 0.887489 0.886445 -0.0477498 0.460365 -1.51053 2.18172 -0.195997</i>
                        <i>0.0466182 0.998645 0.0231215 -0.460851 0.00096559 0.887477 0.886252 -0.0520282 0.460272 -1.51016 2.18056 -0.195905</i>
                        <i>0.0469096 0.998627 0.0232976 -0.46085 0.000943496 0.887477 0.886237 -0.052368 0.460262 -1.51016 2.17966 -0.195905</i>
                        <i>0.047701 0.998579 0.0237761 -0.460849 0.000883512 0.887478 0.886196 -0.0532908 0.460236 -1.51016 2.17861 -0.195905</i>
                        <i>0.0488686 0.998505 0.0244818 -0.460847 0.000795071 0.887479 0.886133 -0.0546522 0.460197 -1.51016 2.17748 -0.195905</i>
                        <i>0.0502881 0.998413 0.0253397 -0.460845 0.000687611 0.88748 0.886055 -0.0563074 0.460148 -1.51016 2.17633 -0.195905</i>
                        <i>0.0518352 0.99831 0.0262746 -0.460842 0.000570595 0.887482 0.885967 -0.0581112 0.460093 -1.51016 2.17521 -0.195905</i>
                        <i>0.0533845 0.998203 0.0272106 -0.46084 0.00045351 0.887483 0.885876 -0.0599176 0.460036 -1.51016 2.1742 -0.195905</i>
                        <i>0.05481 0.998102 0.0280718 -0.460837 0.00034586 0.887485 0.885791 -0.0615795 0.459981 -1.51016 2.17334 -0.195905</i>
                        <i>0.0559852 0.998017 0.0287816 -0.460835 0.000257174 0.887486 0.885718 -0.0629496 0.459936 -1.51016 2.17271 -0.195905</i>
                        <i>0.0567833 0.997958 0.0292636 -0.460834 0.000196976 0.887486 0.885668 -0.0638801 0.459904 -1.51016 2.17237 -0.195905</i>
                        <i>0.0570775 0.997936 0.0294413 -0.460833 0.000174795 0.887487 0.885649 -0.064223 0.459892 -1.51016 2.17236 -0.195905</i>
                        <i>0.0569744 0.997943 0.0293791 -0.460833 0.000182565 0.887487 0.885656 -0.0641029 0.459896 -1.51016 2.17277 -0.195905</i>
                        <i>0.0566947 0.997964 0.0292102 -0.460834 0.000203655 0.887486 0.885674 -0.0637768 0.459907 -1.51016 2.17356 -0.195905</i>
                        <i>0.0562827 0.997995 0.0289613 -0.460835 0.000234732 0.887486 0.8857 -0.0632965 0.459924 -1.51016 2.17466 -0.195905</i>
                        <i>0.0557825 0.998032 0.0286592 -0.460835 0.000272465 0.887486 0.885731 -0.0627134 0.459944 -1.51016 2.17598 -0.195905</i>
                        <i>0.0552385 0.998071 0.0283306 -0.460836 0.000313518 0.887485 0.885764 -0.0620791 0.459965 -1.51016 2.17745 -0.195905</i>
                        <i>0.0546946 0.99811 0.0280021 -0.460837 0.000354568 0.887485 0.885798 -0.0614451 0.459986 -1.51016 2.179 -0.195905</i>
                        <i>0.0541951 0.998146 0.0277004 -0.460838 0.000392281 0.887484 0.885828 -0.0608627 0.460005 -1.51016 2.18054 -0.195905</i>
                        <i>0.0537839 0.998175 0.0274519 -0.460839 0.000423336 0.887484 0.885853 -0.0603833 0.460021 -1.51016 2.18201 -0.195905</i>
                        <i>0.053505 0.998195 0.0272834 -0.460839 0.000444407 0.887483 0.885869 -0.060058 0.460031 -1.51016 2.18331 -0.195905</i>
                        <i>0.0534022 0.998202 0.0272213 -0.46084 0.000452168 0.887483 0.885875 -0.0599382 0.460035 -1.51016 2.18438 -0.195905</i>
                        <i>0.0521158 0.998302 0.0260287 -0.458856 0.000788222 0.88851 0.886981 -0.0582489 0.458118 -1.51022 2.18515 -0.195793</i>
                        <i>0.0490764 0.998526 0.023164 -0.453457 0.00161097 0.891276 0.889926 -0.0542445 0.452868 -1.51039 2.18567 -0.195488</i>
                        <i>0.0455056 0.99877 0.0196964 -0.445467 0.00264041 0.895294 0.894141 -0.0495151 0.445039 -1.51063 2.18598 -0.195037</i>
                        <i>0.0426761 0.998951 0.0165831 -0.435712 0.00367221 0.900079 0.899074 -0.0456373 0.435412 -1.51092 2.18616 -0.194487</i>
                        <i>0.0419559 0.999013 0.0145844 -0.425033 0.00463597 0.905166 0.904205 -0.0441759 0.424808 -1.51124 2.18625 -0.193886</i>
                        <i>0.0441941 0.998925 0.0139763 -0.414295 0.00559521 0.910126 0.909069 -0.0460124 0.414097 -1.51154 2.18619 -0.193282</i>
                        <i>0.0484071 0.998727 0.0141854 -0.404378 0.00660969 0.914568 0.91331 -0.0500078 0.404184 -1.51181 2.18592 -0.192725</i>
                        <i>0.0532325 0.998474 0.0146943 -0.396179 0.00760979 0.918142 0.916629 -0.0546966 0.39598 -1.51203 2.18558 -0.192264</i>
                        <i>0.0572243 0.998246 0.0151707 -0.3906 0.00840154 0.920522 0.91878 -0.0586019 0.390395 -1.51218 2.18528 -0.191951</i>
                        <i>0.0588879 0.998146 0.015383 -0.388541 0.0087228 0.92139 0.919548 -0.0602356 0.388334 -1.51223 2.18516 -0.191835</i>
                        <i>0.0585094 0.99817 0.015248 -0.38854 0.00869987 0.921391 0.919572 -0.0598345 0.388339 -1.51223 2.18516 -0.191835</i>
                        <i>0.0574827 0.998236 0.0148818 -0.388539 0.0086376 0.921392 0.919638 -0.0587463 0.38835 -1.51223 2.18516 -0.191835</i>
                        <i>0.0559712 0.998329 0.0143429 -0.388537 0.00854576 0.921393 0.919731 -0.0571442 0.388366 -1.51223 2.18516 -0.191835</i>
                        <i>0.0541383 0.99844 0.0136897 -0.388535 0.00843415 0.921395 0.919842 -0.0552017 0.388385 -1.51223 2.18516 -0.191835</i>
                        <i>0.052147 0.998555 0.0129806 -0.388533 0.00831257 0.921398 0.919958 -0.0530915 0.388405 -1.51223 2.18516 -0.191835</i>
                        <i>0.0501594 0.998666 0.0122732 -0.38853 0.00819088 0.9214 0.92007 -0.0509853 0.388423 -1.51223 2.18516 -0.191835</i>
                        <i>0.0483364 0.998763 0.0116247 -0.388528 0.00807897 0.921402 0.920168 -0.0490537 0.388438 -1.51223 2.18516 -0.191835</i>
                        <i>0.0468376 0.998841 0.0110919 -0.388526 0.00798675 0.921403 0.920247 -0.0474658 0.38845 -1.51223 2.18516 -0.191835</i>
                        <i>0.0458219 0.998892 0.010731 -0.388525 0.00792414 0.921404 0.920298 -0.0463898 0.388457 -1.51223 2.18516 -0.191835</i>
                        <i>0.045448 0.99891 0.0105982 -0.388524 0.00790107 0.921405 0.920317 -0.0459937 0.38846 -1.51223 2.18516 -0.191835</i>
                        <i>0.0467231 0.998844 0.0113343 -0.388868 0.00773624 0.921261 0.920108 -0.0474517 0.38878 -1.51253 2.18467 -0.19203</i>
                        <i>0.0504111 0.998638 0.0134762 -0.389865 0.00725392 0.920844 0.919491 -0.0516746 0.389699 -1.51341 2.18326 -0.192594</i>
                        <i>0.0563023 0.99827 0.0169347 -0.391463 0.00646868 0.920171 0.91847 -0.058437 0.39115 -1.51481 2.181 -0.193498</i>
                        <i>0.0641828 0.997704 0.0216307 -0.393613 0.00539132 0.91926 0.917033 -0.0675148 0.393056 -1.51669 2.17796 -0.19471</i>
                        <i>0.0738352 0.996891 0.0274916 -0.396266 0.00403009 0.918127 0.915162 -0.0786841 0.395332 -1.51902 2.17422 -0.1962</i>
                        <i>0.0850405 0.995782 0.0344475 -0.399372 0.00239186 0.916786 0.912836 -0.0917213 0.39789 -1.52174 2.16984 -0.197937</i>
                        <i>0.0975784 0.994323 0.0424279 -0.402882 0.000483045 0.915252 0.910036 -0.106402 0.400642 -1.52481 2.16491 -0.19989</i>
                        <i>0.111229 0.992467 0.0513592 -0.406747 -0.00168947 0.913539 0.906744 -0.122502 0.403495 -1.52819 2.15949 -0.202027</i>
                        <i>0.125773 0.990172 0.0611624 -0.410918 -0.00411764 0.911663 0.902955 -0.139795 0.406362 -1.53184 2.15365 -0.204319</i>
                        <i>0.140994 0.987407 0.0717508 -0.415345 -0.00679147 0.909638 0.898671 -0.158055 0.409157 -1.53571 2.14747 -0.206736</i>
                        <i>0.15668 0.984153 0.0830288 -0.419978 -0.00969858 0.907483 0.893907 -0.177055 0.411803 -1.53975 2.14103 -0.209248</i>
                        <i>0.172624 0.980406 0.0948909 -0.424763 -0.0128235 0.905214 0.888694 -0.196567 0.414227 -1.54393 2.13439 -0.211826</i>
                        <i>0.188622 0.976179 0.10722 -0.429649 -0.0161474 0.902852 0.883076 -0.216365 0.416369 -1.5482 2.12763 -0.214442</i>
                        <i>0.204481 0.971501 0.119889 -0.43458 -0.0196472 0.900419 0.877113 -0.236221 0.418177 -1.55251 2.12084 -0.217069</i>
                        <i>0.220014 0.966421 0.132758 -0.439499 -0.0232955 0.897941 0.870882 -0.255907 0.419615 -1.55683 2.11407 -0.219678</i>
                        <i>0.235042 0.961007 0.145676 -0.444347 -0.0270601 0.895446 0.864471 -0.275198 0.42066 -1.56111 2.10742 -0.222243</i>
                        <i>0.249395 0.955346 0.158481 -0.449064 -0.0309032 0.892965 0.857988 -0.293869 0.421305 -1.56529 2.10096 -0.224739</i>
                        <i>0.262911 0.949546 0.170999 -0.453588 -0.0347815 0.890532 0.851549 -0.311694 0.421558 -1.56935 2.09475 -0.22714</i>
                        <i>0.275437 0.943731 0.183048 -0.457854 -0.0386455 0.888187 0.845284 -0.328448 0.421446 -1.57323 2.08889 -0.22942</i>
                        <i>0.286825 0.938044 0.194436 -0.461795 -0.0424397 0.885971 0.839331 -0.343908 0.421011 -1.57689 2.08344 -0.231554</i>
                    </KeyFrames>
                </p>
            </i>
            <i>
                <p>
                    <Name><![CDATA[spine1]]></Name>
                    <Exclude>0</Exclude>
                    <Additive>0</Additive>
                    <IKPriority>0</IKPriority>
                    <IKRotLimits>-1e+010 -1e+010 -1e+010 1e+010 1e+010 1e+010</IKRotLimits>
                    <IKRotLimitOrder>0</IKRotLimitOrder>
                    <KeyFrames count="120">
                        <i>0.601271 0.662186 0.447195 -0.576048 -0.0286313 0.816914 0.553753 -0.748792 0.364236 -1.52659 2.24804 -0.197449</i>
                        <i>0.601271 0.662186 0.447195 -0.576048 -0.0286313 0.816914 0.553753 -0.748792 0.364236 -1.52659 2.24803 -0.197449</i>
                        <i>0.601271 0.662186 0.447195 -0.576048 -0.0286313 0.816914 0.553753 -0.748792 0.364236 -1.52659 2.24803 -0.197449</i>
                        <i>0.601271 0.662186 0.447195 -0.576048 -0.0286313 0.816914 0.553753 -0.748792 0.364236 -1.52659 2.24803 -0.197449</i>
                        <i>0.601271 0.662186 0.447195 -0.576048 -0.0286313 0.816914 0.553753 -0.748792 0.364236 -1.52659 2.24803 -0.197449</i>
                        <i>0.601271 0.662186 0.447195 -0.576048 -0.0286313 0.816914 0.553753 -0.748792 0.364236 -1.52659 2.24803 -0.197449</i>
                        <i>0.601271 0.662186 0.447195 -0.576048 -0.0286313 0.816914 0.553753 -0.748792 0.364236 -1.52659 2.24804 -0.197449</i>
                        <i>0.601271 0.662186 0.447195 -0.576048 -0.0286313 0.816914 0.553753 -0.748792 0.364236 -1.52659 2.24804 -0.197449</i>
                        <i>0.601271 0.662186 0.447195 -0.576048 -0.0286313 0.816914 0.553753 -0.748792 0.364236 -1.52659 2.24804 -0.197449</i>
                        <i>0.601271 0.662186 0.447195 -0.576048 -0.0286313 0.816914 0.553753 -0.748792 0.364236 -1.52659 2.24804 -0.197449</i>
                        <i>0.601271 0.662186 0.447195 -0.576048 -0.0286313 0.816914 0.553753 -0.748792 0.364236 -1.52393 2.25348 -0.197449</i>
                        <i>0.601271 0.662186 0.447195 -0.576048 -0.0286313 0.816914 0.553753 -0.748792 0.364236 -1.51759 2.26647 -0.197449</i>
                        <i>0.601271 0.662186 0.447195 -0.576048 -0.0286313 0.816914 0.553753 -0.748792 0.364236 -1.51002 2.28196 -0.197449</i>
                        <i>0.601271 0.662186 0.447195 -0.576048 -0.0286313 0.816914 0.553753 -0.748792 0.364236 -1.50369 2.29494 -0.197449</i>
                        <i>0.601271 0.662186 0.447195 -0.576048 -0.0286313 0.816914 0.553753 -0.748792 0.364236 -1.50103 2.30039 -0.197449</i>
                        <i>0.599353 0.665038 0.445534 -0.571633 -0.0340442 0.819803 0.560368 -0.746033 0.359753 -1.50548 2.30058 -0.199659</i>
                        <i>0.594024 0.672833 0.440943 -0.560475 -0.0470412 0.826834 0.577064 -0.738297 0.349162 -1.51587 2.30062 -0.204878</i>
                        <i>0.586185 0.683916 0.434334 -0.545882 -0.0627305 0.83551 0.598665 -0.726859 0.336566 -1.52779 2.29991 -0.211004</i>
                        <i>0.578124 0.694778 0.42785 -0.532488 -0.0760523 0.843014 0.618246 -0.715192 0.325993 -1.53726 2.29872 -0.216007</i>
                        <i>0.573635 0.700386 0.424738 -0.526647 -0.0817909 0.84614 0.627364 -0.709063 0.321938 -1.54078 2.2981 -0.217933</i>
                        <i>0.563079 0.713467 0.417022 -0.527911 -0.0776994 0.845738 0.635808 -0.696368 0.332896 -1.53933 2.29909 -0.21718</i>
                        <i>0.53535 0.746307 0.395507 -0.530947 -0.0668197 0.844766 0.656883 -0.662239 0.360478 -1.53626 2.30167 -0.215485</i>
                        <i>0.491649 0.79233 0.36124 -0.535355 -0.0521552 0.843015 0.686787 -0.607859 0.398536 -1.53167 2.30523 -0.212858</i>
                        <i>0.433592 0.844044 0.315576 -0.540744 -0.036428 0.840398 0.720828 -0.535036 0.440617 -1.52572 2.30932 -0.209357</i>
                        <i>0.364511 0.89382 0.261183 -0.546693 -0.0216469 0.837053 0.753829 -0.447902 0.480755 -1.51874 2.31364 -0.205163</i>
                        <i>0.290048 0.935339 0.202517 -0.55273 -0.00902457 0.833312 0.781257 -0.353638 0.514372 -1.51128 2.31799 -0.200611</i>
                        <i>0.217828 0.965072 0.145558 -0.558339 0.000896628 0.829613 0.800505 -0.261984 0.539032 -1.50407 2.32216 -0.196152</i>
                        <i>0.156426 0.982916 0.0969948 -0.562977 0.00804172 0.826433 0.811534 -0.183881 0.554617 -1.4979 2.32588 -0.192282</i>
                        <i>0.114302 0.991422 0.0633767 -0.566092 0.0125752 0.824246 0.816379 -0.13009 0.562674 -1.49354 2.3288 -0.189476</i>
                        <i>0.0992469 0.993771 0.0506975 -0.567138 0.0146288 0.823493 0.817621 -0.110482 0.565057 -1.49171 2.33049 -0.188158</i>
                        <i>0.101101 0.993574 0.0508811 -0.56696 0.0155145 0.823599 0.817517 -0.112115 0.564886 -1.4915 2.33109 -0.187758</i>
