<?xml version="1.0" encoding="ISO-8859-1" ?>
<Animl Version="1">
    <ModellingPackage><![CDATA[Maya.2010]]></ModellingPackage>
    <SrcFile><![CDATA[anims\turrets\antitank\red\~src\at_b10_recoilless\b10recoilless_reload_low_crewman_a.mb]]></SrcFile>
    <FramesPerSecond>30</FramesPerSecond>
    <TotalFrames>100</TotalFrames>
    <Skeleton>
        <RefFrame>
            <Name><![CDATA[soldier_ref_frame]]></Name>
            <Exclude>0</Exclude>
            <Additive>0</Additive>
            <IKPriority>0</IKPriority>
            <IKRotLimits>-1e+010 -1e+010 -1e+010 1e+010 1e+010 1e+010</IKRotLimits>
            <IKRotLimitOrder>0</IKRotLimitOrder>
            <KeyFrames count="100">
                <i>1 0 0 0 1 0 0 0 1 0.96 0.94 0.91</i>
                <i>1 0 0 0 1 0 0 0 1 0.96 0.94 0.91</i>
                <i>1 0 0 0 1 0 0 0 1 0.96 0.94 0.91</i>
                <i>1 0 0 0 1 0 0 0 1 0.96 0.94 0.91</i>
                <i>1 0 0 0 1 0 0 0 1 0.96 0.94 0.91</i>
                <i>1 0 0 0 1 0 0 0 1 0.96 0.94 0.91</i>
                <i>1 0 0 0 1 0 0 0 1 0.96 0.94 0.91</i>
                <i>1 0 0 0 1 0 0 0 1 0.96 0.94 0.91</i>
                <i>1 0 0 0 1 0 0 0 1 0.96 0.94 0.91</i>
                <i>1 0 0 0 1 0 0 0 1 0.96 0.94 0.91</i>
                <i>1 0 0 0 1 0 0 0 1 0.96 0.94 0.91</i>
                <i>1 0 0 0 1 0 0 0 1 0.96 0.94 0.91</i>
                <i>1 0 0 0 1 0 0 0 1 0.96 0.94 0.91</i>
                <i>1 0 0 0 1 0 0 0 1 0.96 0.94 0.91</i>
                <i>1 0 0 0 1 0 0 0 1 0.96 0.94 0.91</i>
                <i>1 0 0 0 1 0 0 0 1 0.96 0.94 0.91</i>
                <i>1 0 0 0 1 0 0 0 1 0.96 0.94 0.91</i>
                <i>1 0 0 0 1 0 0 0 1 0.96 0.94 0.91</i>
                <i>1 0 0 0 1 0 0 0 1 0.96 0.94 0.91</i>
                <i>1 0 0 0 1 0 0 0 1 0.96 0.94 0.91</i>
                <i>1 0 0 0 1 0 0 0 1 0.96 0.94 0.91</i>
                <i>1 0 0 0 1 0 0 0 1 0.96 0.94 0.91</i>
                <i>1 0 0 0 1 0 0 0 1 0.96 0.94 0.91</i>
                <i>1 0 0 0 1 0 0 0 1 0.96 0.94 0.91</i>
                <i>1 0 0 0 1 0 0 0 1 0.96 0.94 0.91</i>
                <i>1 0 0 0 1 0 0 0 1 0.96 0.94 0.91</i>
                <i>1 0 0 0 1 0 0 0 1 0.96 0.94 0.91</i>
                <i>1 0 0 0 1 0 0 0 1 0.96 0.94 0.91</i>
                <i>1 0 0 0 1 0 0 0 1 0.96 0.94 0.91</i>
                <i>1 0 0 0 1 0 0 0 1 0.96 0.94 0.91</i>
                <i>1 0 0 0 1 0 0 0 1 0.96 0.94 0.91</i>
                <i>1 0 0 0 1 0 0 0 1 0.96 0.94 0.91</i>
                <i>1 0 0 0 1 0 0 0 1 0.96 0.94 0.91</i>
                <i>1 0 0 0 1 0 0 0 1 0.96 0.94 0.91</i>
                <i>1 0 0 0 1 0 0 0 1 0.96 0.94 0.91</i>
                <i>1 0 0 0 1 0 0 0 1 0.96 0.94 0.91</i>
                <i>1 0 0 0 1 0 0 0 1 0.96 0.94 0.91</i>
                <i>1 0 0 0 1 0 0 0 1 0.96 0.94 0.91</i>
                <i>1 0 0 0 1 0 0 0 1 0.96 0.94 0.91</i>
                <i>1 0 0 0 1 0 0 0 1 0.96 0.94 0.91</i>
                <i>1 0 0 0 1 0 0 0 1 0.96 0.94 0.91</i>
                <i>1 0 0 0 1 0 0 0 1 0.96 0.94 0.91</i>
                <i>1 0 0 0 1 0 0 0 1 0.96 0.94 0.91</i>
                <i>1 0 0 0 1 0 0 0 1 0.96 0.94 0.91</i>
                <i>1 0 0 0 1 0 0 0 1 0.96 0.94 0.91</i>
                <i>1 0 0 0 1 0 0 0 1 0.96 0.94 0.91</i>
                <i>1 0 0 0 1 0 0 0 1 0.96 0.94 0.91</i>
                <i>1 0 0 0 1 0 0 0 1 0.96 0.94 0.91</i>
                <i>1 0 0 0 1 0 0 0 1 0.96 0.94 0.91</i>
                <i>1 0 0 0 1 0 0 0 1 0.96 0.94 0.91</i>
                <i>1 0 0 0 1 0 0 0 1 0.96 0.94 0.91</i>
                <i>1 0 0 0 1 0 0 0 1 0.96 0.94 0.91</i>
                <i>1 0 0 0 1 0 0 0 1 0.96 0.94 0.91</i>
                <i>1 0 0 0 1 0 0 0 1 0.96 0.94 0.91</i>
                <i>1 0 0 0 1 0 0 0 1 0.96 0.94 0.91</i>
                <i>1 0 0 0 1 0 0 0 1 0.96 0.94 0.91</i>
                <i>1 0 0 0 1 0 0 0 1 0.96 0.94 0.91</i>
                <i>1 0 0 0 1 0 0 0 1 0.96 0.94 0.91</i>
                <i>1 0 0 0 1 0 0 0 1 0.96 0.94 0.91</i>
                <i>1 0 0 0 1 0 0 0 1 0.96 0.94 0.91</i>
                <i>1 0 0 0 1 0 0 0 1 0.96 0.94 0.91</i>
                <i>1 0 0 0 1 0 0 0 1 0.96 0.94 0.91</i>
                <i>1 0 0 0 1 0 0 0 1 0.96 0.94 0.91</i>
                <i>1 0 0 0 1 0 0 0 1 0.96 0.94 0.91</i>
                <i>1 0 0 0 1 0 0 0 1 0.96 0.94 0.91</i>
                <i>1 0 0 0 1 0 0 0 1 0.96 0.94 0.91</i>
                <i>1 0 0 0 1 0 0 0 1 0.96 0.94 0.91</i>
                <i>1 0 0 0 1 0 0 0 1 0.96 0.94 0.91</i>
                <i>1 0 0 0 1 0 0 0 1 0.96 0.94 0.91</i>
                <i>1 0 0 0 1 0 0 0 1 0.96 0.94 0.91</i>
                <i>1 0 0 0 1 0 0 0 1 0.96 0.94 0.91</i>
                <i>1 0 0 0 1 0 0 0 1 0.96 0.94 0.91</i>
                <i>1 0 0 0 1 0 0 0 1 0.96 0.94 0.91</i>
                <i>1 0 0 0 1 0 0 0 1 0.96 0.94 0.91</i>
                <i>1 0 0 0 1 0 0 0 1 0.96 0.94 0.91</i>
                <i>1 0 0 0 1 0 0 0 1 0.96 0.94 0.91</i>
                <i>1 0 0 0 1 0 0 0 1 0.96 0.94 0.91</i>
                <i>1 0 0 0 1 0 0 0 1 0.96 0.94 0.91</i>
                <i>1 0 0 0 1 0 0 0 1 0.96 0.94 0.91</i>
                <i>1 0 0 0 1 0 0 0 1 0.96 0.94 0.91</i>
                <i>1 0 0 0 1 0 0 0 1 0.96 0.94 0.91</i>
                <i>1 0 0 0 1 0 0 0 1 0.96 0.94 0.91</i>
                <i>1 0 0 0 1 0 0 0 1 0.96 0.94 0.91</i>
                <i>1 0 0 0 1 0 0 0 1 0.96 0.94 0.91</i>
                <i>1 0 0 0 1 0 0 0 1 0.96 0.94 0.91</i>
                <i>1 0 0 0 1 0 0 0 1 0.96 0.94 0.91</i>
                <i>1 0 0 0 1 0 0 0 1 0.96 0.94 0.91</i>
                <i>1 0 0 0 1 0 0 0 1 0.96 0.94 0.91</i>
                <i>1 0 0 0 1 0 0 0 1 0.96 0.94 0.91</i>
                <i>1 0 0 0 1 0 0 0 1 0.96 0.94 0.91</i>
                <i>1 0 0 0 1 0 0 0 1 0.96 0.94 0.91</i>
                <i>1 0 0 0 1 0 0 0 1 0.96 0.94 0.91</i>
                <i>1 0 0 0 1 0 0 0 1 0.96 0.94 0.91</i>
                <i>1 0 0 0 1 0 0 0 1 0.96 0.94 0.91</i>
                <i>1 0 0 0 1 0 0 0 1 0.96 0.94 0.91</i>
                <i>1 0 0 0 1 0 0 0 1 0.96 0.94 0.91</i>
                <i>1 0 0 0 1 0 0 0 1 0.96 0.94 0.91</i>
                <i>1 0 0 0 1 0 0 0 1 0.96 0.94 0.91</i>
                <i>1 0 0 0 1 0 0 0 1 0.96 0.94 0.91</i>
                <i>1 0 0 0 1 0 0 0 1 0.96 0.94 0.91</i>
            </KeyFrames>
        </RefFrame>
        <Bones count="23">
            <i>
                <p>
                    <Name><![CDATA[pelvis]]></Name>
                    <Exclude>0</Exclude>
                    <Additive>0</Additive>
                    <IKPriority>0</IKPriority>
                    <IKRotLimits>-1e+010 -1e+010 -1e+010 1e+010 1e+010 1e+010</IKRotLimits>
                    <IKRotLimitOrder>2</IKRotLimitOrder>
                    <KeyFrames count="100">
                        <i>1 0 0 0 1 0 0 0 1 0.926876 1.8811 0.837703</i>
                        <i>1 0 0 0 1 0 0 0 1 0.927118 1.88985 0.837503</i>
                        <i>1 0 0 0 1 0 0 0 1 0.927382 1.90898 0.837261</i>
                        <i>1 0 0 0 1 0 0 0 1 0.927654 1.92776 0.836995</i>
                        <i>1 0 0 0 1 0 0 0 1 0.927921 1.93548 0.836722</i>
                        <i>1 0 0 0 1 0 0 0 1 0.92817 1.92814 0.83646</i>
                        <i>1 0 0 0 1 0 0 0 1 0.928387 1.91244 0.836226</i>
                        <i>1 0 0 0 1 0 0 0 1 0.928558 1.89373 0.836038</i>
                        <i>1 0 0 0 1 0 0 0 1 0.92867 1.87737 0.835912</i>
                        <i>1 0 0 0 1 0 0 0 1 0.928711 1.8687 0.835866</i>
                        <i>1 0 0 0 1 0 0 0 1 0.928711 1.86638 0.835866</i>
                        <i>1 0 0 0 1 0 0 0 1 0.928711 1.86539 0.835866</i>
                        <i>1 0 0 0 1 0 0 0 1 0.928711 1.86561 0.835866</i>
                        <i>1 0 0 0 1 0 0 0 1 0.928711 1.86691 0.835866</i>
                        <i>1 0 0 0 1 0 0 0 1 0.928711 1.86915 0.835866</i>
                        <i>1 0 0 0 1 0 0 0 1 0.928711 1.87221 0.835866</i>
                        <i>1 0 0 0 1 0 0 0 1 0.928711 1.87595 0.835866</i>
                        <i>1 0 0 0 1 0 0 0 1 0.928711 1.88025 0.835866</i>
                        <i>1 0 0 0 1 0 0 0 1 0.928711 1.88498 0.835866</i>
                        <i>1 0 0 0 1 0 0 0 1 0.928711 1.89 0.835866</i>
                        <i>1 0 0 0 1 0 0 0 1 0.928559 1.89634 0.836471</i>
                        <i>1 0 0 0 1 0 0 0 1 0.928145 1.90471 0.838114</i>
                        <i>1 0 0 0 1 0 0 0 1 0.927535 1.91448 0.840535</i>
                        <i>1 0 0 0 1 0 0 0 1 0.926795 1.92506 0.843476</i>
                        <i>1 0 0 0 1 0 0 0 1 0.92599 1.93584 0.846675</i>
                        <i>1 0 0 0 1 0 0 0 1 0.925184 1.94619 0.849874</i>
                        <i>1 0 0 0 1 0 0 0 1 0.924444 1.95552 0.852814</i>
                        <i>1 0 0 0 1 0 0 0 1 0.923834 1.96321 0.855236</i>
                        <i>1 0 0 0 1 0 0 0 1 0.92342 1.96865 0.856879</i>
                        <i>1 0 0 0 1 0 0 0 1 0.923268 1.97124 0.857484</i>
                        <i>1 0 0 0 1 0 0 0 1 0.923268 1.9657 0.857484</i>
                        <i>1 0 0 0 1 0 0 0 1 0.923268 1.95079 0.857484</i>
                        <i>1 0 0 0 1 0 0 0 1 0.923268 1.93196 0.857484</i>
                        <i>1 0 0 0 1 0 0 0 1 0.923268 1.91465 0.857484</i>
                        <i>1 0 0 0 1 0 0 0 1 0.923268 1.9043 0.857484</i>
                        <i>1 0 0 0 1 0 0 0 1 0.923268 1.90225 0.857484</i>
                        <i>1 0 0 0 1 0 0 0 1 0.923268 1.90489 0.857484</i>
                        <i>1 0 0 0 1 0 0 0 1 0.923268 1.91019 0.857484</i>
                        <i>1 0 0 0 1 0 0 0 1 0.923268 1.91611 0.857484</i>
                        <i>1 0 0 0 1 0 0 0 1 0.923268 1.92064 0.857484</i>
                        <i>1 0 0 0 1 0 0 0 1 0.923268 1.92405 0.857484</i>
                        <i>1 0 0 0 1 0 0 0 1 0.923268 1.92787 0.857484</i>
                        <i>1 0 0 0 1 0 0 0 1 0.923268 1.93192 0.857484</i>
                        <i>1 0 0 0 1 0 0 0 1 0.923268 1.93602 0.857484</i>
                        <i>1 0 0 0 1 0 0 0 1 0.923268 1.93998 0.857484</i>
                        <i>1 0 0 0 1 0 0 0 1 0.923268 1.94363 0.857484</i>
                        <i>1 0 0 0 1 0 0 0 1 0.923268 1.94679 0.857484</i>
                        <i>1 0 0 0 1 0 0 0 1 0.923268 1.94927 0.857484</i>
                        <i>1 0 0 0 1 0 0 0 1 0.923268 1.95089 0.857484</i>
                        <i>1 0 0 0 1 0 0 0 1 0.923268 1.95147 0.857484</i>
                        <i>1 0 0 0 1 0 0 0 1 0.923268 1.95057 0.857484</i>
                        <i>1 0 0 0 1 0 0 0 1 0.923268 1.94813 0.857484</i>
                        <i>1 0 0 0 1 0 0 0 1 0.923268 1.94454 0.857484</i>
                        <i>1 0 0 0 1 0 0 0 1 0.923268 1.94021 0.857484</i>
                        <i>1 0 0 0 1 0 0 0 1 0.923268 1.93552 0.857484</i>
                        <i>1 0 0 0 1 0 0 0 1 0.923268 1.93087 0.857484</i>
                        <i>1 0 0 0 1 0 0 0 1 0.923268 1.92667 0.857484</i>
                        <i>1 0 0 0 1 0 0 0 1 0.923268 1.9233 0.857484</i>
                        <i>1 0 0 0 1 0 0 0 1 0.923268 1.92115 0.857484</i>
                        <i>1 0 0 0 1 0 0 0 1 0.923268 1.92064 0.857484</i>
                        <i>1 0 0 0 1 0 0 0 1 0.923268 1.92232 0.857484</i>
                        <i>1 0 0 0 1 0 0 0 1 0.923268 1.92611 0.857484</i>
                        <i>1 0 0 0 1 0 0 0 1 0.923268 1.9314 0.857484</i>
                        <i>1 0 0 0 1 0 0 0 1 0.923268 1.9376 0.857484</i>
                        <i>1 0 0 0 1 0 0 0 1 0.923268 1.9441 0.857484</i>
                        <i>1 0 0 0 1 0 0 0 1 0.923268 1.9503 0.857484</i>
                        <i>1 0 0 0 1 0 0 0 1 0.923268 1.95559 0.857484</i>
                        <i>1 0 0 0 1 0 0 0 1 0.923268 1.95937 0.857484</i>
                        <i>1 0 0 0 1 0 0 0 1 0.923268 1.96105 0.857484</i>
                        <i>1 0 0 0 1 0 0 0 1 0.923268 1.96001 0.857484</i>
                        <i>1 0 0 0 1 0 0 0 1 0.923367 1.9557 0.85692</i>
                        <i>1 0 0 0 1 0 0 0 1 0.923645 1.94845 0.855381</i>
                        <i>1 0 0 0 1 0 0 0 1 0.924071 1.93895 0.853101</i>
                        <i>1 0 0 0 1 0 0 0 1 0.924616 1.92792 0.85031</i>
                        <i>1 0 0 0 1 0 0 0 1 0.92525 1.91604 0.847243</i>
                        <i>1 0 0 0 1 0 0 0 1 0.925944 1.90403 0.844129</i>
                        <i>1 0 0 0 1 0 0 0 1 0.926666 1.89259 0.841203</i>
                        <i>1 0 0 0 1 0 0 0 1 0.927388 1.88242 0.838696</i>
                        <i>1 0 0 0 1 0 0 0 1 0.92808 1.87422 0.836839</i>
                        <i>1 0 0 0 1 0 0 0 1 0.928711 1.8687 0.835866</i>
                        <i>1 0 0 0 1 0 0 0 1 0.929139 1.86585 0.83555</i>
                        <i>1 0 0 0 1 0 0 0 1 0.929277 1.86493 0.835476</i>
                        <i>1 0 0 0 1 0 0 0 1 0.929184 1.86557 0.835595</i>
                        <i>1 0 0 0 1 0 0 0 1 0.928917 1.86737 0.835859</i>
                        <i>1 0 0 0 1 0 0 0 1 0.928533 1.86995 0.836217</i>
                        <i>1 0 0 0 1 0 0 0 1 0.92809 1.87292 0.836621</i>
                        <i>1 0 0 0 1 0 0 0 1 0.927645 1.87591 0.83702</i>
                        <i>1 0 0 0 1 0 0 0 1 0.927256 1.87853 0.837367</i>
                        <i>1 0 0 0 1 0 0 0 1 0.926981 1.88039 0.837611</i>
                        <i>1 0 0 0 1 0 0 0 1 0.926876 1.8811 0.837703</i>
                        <i>1 0 0 0 1 0 0 0 1 0.926876 1.88111 0.837703</i>
                        <i>1 0 0 0 1 0 0 0 1 0.926876 1.88111 0.837703</i>
                        <i>1 0 0 0 1 0 0 0 1 0.926876 1.88111 0.837703</i>
                        <i>1 0 0 0 1 0 0 0 1 0.926876 1.88111 0.837703</i>
                        <i>1 0 0 0 1 0 0 0 1 0.926876 1.88111 0.837703</i>
                        <i>1 0 0 0 1 0 0 0 1 0.926876 1.88111 0.837703</i>
                        <i>1 0 0 0 1 0 0 0 1 0.926876 1.88111 0.837703</i>
                        <i>1 0 0 0 1 0 0 0 1 0.926876 1.8811 0.837703</i>
                        <i>1 0 0 0 1 0 0 0 1 0.926876 1.8811 0.837703</i>
                        <i>1 0 0 0 1 0 0 0 1 0.926876 1.8811 0.837703</i>
                    </KeyFrames>
                </p>
            </i>
            <i>
                <p>
                    <Name><![CDATA[spine0]]></Name>
                    <Exclude>0</Exclude>
                    <Additive>0</Additive>
                    <IKPriority>0</IKPriority>
                    <IKRotLimits>-1e+010 -1e+010 -1e+010 1e+010 1e+010 1e+010</IKRotLimits>
                    <IKRotLimitOrder>0</IKRotLimitOrder>
                    <KeyFrames count="100">
                        <i>-0.244532 0.933345 0.262814 -0.592778 0.0705991 -0.802266 -0.767345 -0.35197 0.536002 0.948627 2.02267 0.824236</i>
                        <i>-0.247996 0.934659 0.254776 -0.554587 0.0786602 -0.828399 -0.794312 -0.346736 0.498842 0.951806 2.03104 0.825164</i>
                        <i>-0.252455 0.936144 0.244747 -0.509744 0.0863245 -0.855985 -0.822452 -0.340856 0.4554 0.955313 2.04969 0.826455</i>
                        <i>-0.256936 0.937861 0.233238 -0.460699 0.0932923 -0.88264 -0.849553 -0.334234 0.408101 0.958952 2.06789 0.828056</i>
                        <i>-0.26075 0.939789 0.220921 -0.410266 0.0992759 -0.906546 -0.873894 -0.327018 0.359678 0.962518 2.07495 0.829874</i>
                        <i>-0.263532 0.941822 0.208621 -0.361561 0.104064 -0.926523 -0.894329 -0.319598 0.313101 0.965814 2.06691 0.831776</i>
                        <i>-0.265232 0.943786 0.19728 -0.317884 0.107573 -0.942007 -0.910276 -0.312563 0.271482 0.968656 2.05052 0.833596</i>
                        <i>-0.266053 0.945466 0.187907 -0.282607 0.109864 -0.952923 -0.921601 -0.306632 0.237966 0.970876 2.03122 0.83514</i>
                        <i>-0.266336 0.94663 0.18154 -0.259074 0.111107 -0.959446 -0.92841 -0.302567 0.215656 0.972317 2.01445 0.836206</i>
                        <i>-0.266394 0.94706 0.179199 -0.250531 0.111492 -0.961667 -0.930735 -0.301077 0.207567 0.972833 2.00563 0.8366</i>
                        <i>-0.264897 0.947566 0.178741 -0.250511 0.111373 -0.961686 -0.931168 -0.299524 0.207873 0.97293 2.00327 0.836571</i>
                        <i>-0.260832 0.948926 0.177498 -0.250458 0.111051 -0.961737 -0.932329 -0.295308 0.208701 0.973196 2.0022 0.836495</i>
                        <i>-0.254844 0.950892 0.175667 -0.250383 0.11058 -0.961811 -0.934004 -0.289095 0.209907 0.973587 2.0023 0.836382</i>
                        <i>-0.247573 0.953218 0.173443 -0.250296 0.110015 -0.961899 -0.935981 -0.281552 0.21135 0.974062 2.00344 0.836245</i>
                        <i>-0.239661 0.955675 0.171022 -0.250205 0.109407 -0.961992 -0.938062 -0.273343 0.212893 0.974578 2.0055 0.836096</i>
                        <i>-0.231752 0.958053 0.168602 -0.250118 0.108808 -0.962082 -0.94007 -0.265134 0.21441 0.975093 2.00839 0.835947</i>
                        <i>-0.224485 0.960169 0.166377 -0.250042 0.108264 -0.962163 -0.941852 -0.257592 0.21578 0.975566 2.01197 0.83581</i>
                        <i>-0.218501 0.961864 0.164546 -0.249983 0.107821 -0.962228 -0.943274 -0.251382 0.21689 0.975954 2.01613 0.835697</i>
                        <i>-0.214442 0.962988 0.163303 -0.249944 0.107523 -0.962272 -0.944215 -0.247168 0.217636 0.976218 2.02077 0.83562</i>
                        <i>-0.212947 0.963398 0.162845 -0.24993 0.107414 -0.962288 -0.944557 -0.245616 0.217909 0.976315 2.02576 0.835592</i>
                        <i>-0.212056 0.96385 0.16132 -0.250056 0.106064 -0.962404 -0.944724 -0.244423 0.218526 0.97596 2.03217 0.836301</i>
                        <i>-0.209661 0.965057 0.157182 -0.250365 0.102409 -0.96272 -0.945177 -0.241198 0.220145 0.974995 2.04073 0.838225</i>
                        <i>-0.20619 0.966778 0.151084 -0.250726 0.0970479 -0.963181 -0.945845 -0.236478 0.222386 0.973573 2.05078 0.841062</i>
                        <i>-0.202068 0.968774 0.143686 -0.251016 0.0905813 -0.963735 -0.946657 -0.230808 0.224874 0.971844 2.06169 0.844511</i>
                        <i>-0.197703 0.97083 0.135653 -0.251148 0.0836009 -0.964332 -0.947543 -0.22472 0.227294 0.969961 2.07281 0.848269</i>
                        <i>-0.193466 0.972767 0.12765 -0.251089 0.0766835 -0.964922 -0.948433 -0.218731 0.229416 0.968075 2.0835 0.85203</i>
                        <i>-0.189686 0.974443 0.12033 -0.250869 0.0703861 -0.965459 -0.949254 -0.213321 0.231107 0.96634 2.09312 0.855489</i>
                        <i>-0.186657 0.97575 0.114332 -0.25057 0.0652447 -0.965897 -0.949934 -0.20894 0.232315 0.96491 2.10105 0.85834</i>
                        <i>-0.184646 0.976598 0.11028 -0.250306 0.0617799 -0.966194 -0.950396 -0.206007 0.233041 0.963938 2.10665 0.860276</i>
                        <i>-0.183914 0.976903 0.108792 -0.250197 0.0605085 -0.966302 -0.950567 -0.204936 0.23329 0.963579 2.10929 0.860989</i>
                        <i>-0.183373 0.97702 0.108652 -0.25032 0.0604756 -0.966273 -0.950639 -0.204386 0.233478 0.964032 2.10362 0.860858</i>
                        <i>-0.181925 0.977333 0.108278 -0.250654 0.0603859 -0.966192 -0.950829 -0.202914 0.233987 0.96526 2.08835 0.860499</i>
                        <i>-0.179849 0.977776 0.107739 -0.251149 0.0602534 -0.966071 -0.951093 -0.200805 0.234731 0.967063 2.06897 0.859971</i>
                        <i>-0.177426 0.978289 0.107105 -0.251755 0.0600922 -0.965924 -0.951388 -0.198344 0.235627 0.969243 2.05095 0.859328</i>
                        <i>-0.174912 0.978813 0.106443 -0.252419 0.0599163 -0.965761 -0.951678 -0.195792 0.236591 0.971601 2.03979 0.858629</i>
                        <i>-0.17253 0.979305 0.105809 -0.253089 0.05974 -0.965597 -0.951935 -0.193373 0.237544 0.973943 2.03689 0.857928</i>
                        <i>-0.170457 0.979728 0.105253 -0.25371 0.0595775 -0.965444 -0.952143 -0.191271 0.238411 0.976081 2.03871 0.857285</i>
                        <i>-0.168835 0.980055 0.104815 -0.254225 0.0594433 -0.965316 -0.952294 -0.189626 0.239119 0.977831 2.0433 0.856755</i>
                        <i>-0.167778 0.980268 0.104528 -0.254578 0.0593521 -0.965229 -0.952387 -0.188555 0.239596 0.979013 2.04873 0.856395</i>
                        <i>-0.167397 0.980344 0.104424 -0.254708 0.0593184 -0.965197 -0.952419 -0.188169 0.239772 0.979447 2.05307 0.856263</i>
                        <i>-0.165763 0.980613 0.104502 -0.254673 0.059807 -0.965176 -0.952714 -0.186604 0.239822 0.979435 2.05649 0.856266</i>
                        <i>-0.161751 0.981248 0.104824 -0.254579 0.0611351 -0.965118 -0.953429 -0.182795 0.239917 0.979403 2.06032 0.856276</i>
                        <i>-0.156712 0.981991 0.105523 -0.25444 0.0630956 -0.965028 -0.954307 -0.178081 0.23997 0.979352 2.06439 0.856292</i>
                        <i>-0.151929 0.982614 0.106716 -0.25427 0.0654791 -0.964914 -0.955125 -0.173733 0.239901 0.979284 2.06852 0.856312</i>
                        <i>-0.148558 0.982936 0.108478 -0.254084 0.0680734 -0.964784 -0.955705 -0.170889 0.239635 0.979203 2.07252 0.856337</i>
                        <i>-0.147635 0.98281 0.110855 -0.253897 0.0706661 -0.964646 -0.955898 -0.170561 0.2391 0.979109 2.07621 0.856366</i>
                        <i>-0.150153 0.982083 0.113877 -0.253724 0.0730475 -0.964514 -0.955551 -0.173718 0.23821 0.979007 2.07941 0.856397</i>
                        <i>-0.155593 0.980819 0.117405 -0.253566 0.0752139 -0.96439 -0.954723 -0.179822 0.236999 0.978897 2.08193 0.856431</i>
                        <i>-0.16249 0.979239 0.121194 -0.253415 0.0772901 -0.964265 -0.953613 -0.187395 0.235595 0.978782 2.0836 0.856465</i>
                        <i>-0.170486 0.977382 0.125136 -0.253272 0.0792627 -0.964142 -0.952254 -0.196067 0.234031 0.978665 2.08423 0.856501</i>
                        <i>-0.179248 0.975292 0.129136 -0.25314 0.0811197 -0.964023 -0.950679 -0.205488 0.232345 0.978548 2.08338 0.856537</i>
                        <i>-0.188529 0.973003 0.133126 -0.253017 0.0828571 -0.963907 -0.948915 -0.215408 0.230566 0.978434 2.08099 0.856572</i>
                        <i>-0.19807 0.970561 0.137038 -0.252905 0.0844704 -0.963796 -0.946999 -0.225557 0.228729 0.978324 2.07745 0.856605</i>
                        <i>-0.207564 0.968037 0.140788 -0.252804 0.0859506 -0.963692 -0.944991 -0.235619 0.226884 0.978221 2.07316 0.856636</i>
                        <i>-0.21666 0.965527 0.144279 -0.252715 0.0872826 -0.963596 -0.942971 -0.245235 0.225092 0.978127 2.06851 0.856665</i>
                        <i>-0.224981 0.963149 0.147402 -0.252638 0.0884442 -0.96351 -0.941041 -0.254011 0.223429 0.978045 2.0639 0.85669</i>
                        <i>-0.232131 0.961043 0.15004 -0.252575 0.0894068 -0.963438 -0.939319 -0.26154 0.221981 0.977977 2.05972 0.85671</i>
                        <i>-0.237713 0.959358 0.152071 -0.252527 0.0901369 -0.963382 -0.937935 -0.26741 0.220837 0.977926 2.05637 0.856726</i>
                        <i>-0.241335 0.958245 0.153374 -0.252498 0.0905989 -0.963347 -0.937018 -0.271216 0.22009 0.977893 2.05424 0.856736</i>
                        <i>-0.242623 0.957846 0.153833 -0.252487 0.0907593 -0.963334 -0.936688 -0.272568 0.219824 0.977882 2.05373 0.856739</i>
                        <i>-0.240486 0.958622 0.152348 -0.252524 0.0897605 -0.963418 -0.937229 -0.27016 0.220489 0.977506 2.05556 0.856854</i>
                        <i>-0.234778 0.960654 0.1484 -0.252588 0.087131 -0.963643 -0.938658 -0.263726 0.222193 0.976479 2.05977 0.857165</i>
                        <i>-0.226605 0.963465 0.142778 -0.252597 0.0834415 -0.963967 -0.940662 -0.254505 0.22446 0.974954 2.06566 0.857625</i>
                        <i>-0.217061 0.966601 0.136261 -0.252483 0.0792464 -0.964351 -0.942941 -0.243726 0.226849 0.973085 2.07256 0.858185</i>
                        <i>-0.207139 0.969691 0.129586 -0.252216 0.0750495 -0.964756 -0.945241 -0.232522 0.229026 0.971027 2.0798 0.858799</i>
                        <i>-0.197694 0.972464 0.123414 -0.251818 0.0712932 -0.965145 -0.947367 -0.221881 0.230789 0.968938 2.0867 0.859418</i>
                        <i>-0.189438 0.974735 0.118339 -0.251354 0.0683654 -0.965478 -0.949176 -0.212643 0.232053 0.966983 2.09263 0.859995</i>
                        <i>-0.182971 0.976381 0.114895 -0.250924 0.0666174 -0.965712 -0.950557 -0.205527 0.232808 0.965326 2.09692 0.86048</i>
                        <i>-0.178836 0.9773 0.113587 -0.250638 0.0663865 -0.965802 -0.951419 -0.201189 0.233077 0.964136 2.09894 0.860827</i>
                        <i>-0.177577 0.977374 0.114923 -0.250595 0.0680206 -0.965699 -0.951666 -0.200285 0.232846 0.963579 2.09806 0.860989</i>
                        <i>-0.180293 0.976402 0.118888 -0.25073 0.0712553 -0.965431 -0.95112 -0.203869 0.231966 0.963587 2.09378 0.860403</i>
                        <i>-0.187049 0.974391 0.124796 -0.250911 0.0754353 -0.965067 -0.949767 -0.211827 0.230375 0.963932 2.08651 0.858714</i>
                        <i>-0.196939 0.971461 0.132209 -0.251092 0.0803752 -0.96462 -0.947717 -0.223168 0.228097 0.96455 2.07697 0.856187</i>
                        <i>-0.209071 0.967728 0.140684 -0.251231 0.0858809 -0.96411 -0.945078 -0.236911 0.225168 0.965375 2.06585 0.853084</i>
                        <i>-0.222502 0.963368 0.149717 -0.251295 0.0917064 -0.963556 -0.941989 -0.252016 0.221685 0.966344 2.05389 0.849671</i>
                        <i>-0.236183 0.958659 0.158715 -0.251274 0.0975258 -0.96299 -0.938658 -0.267323 0.217852 0.967391 2.04177 0.846209</i>
                        <i>-0.248922 0.95402 0.166984 -0.251178 0.102923 -0.962453 -0.935386 -0.281519 0.214009 0.968449 2.03024 0.842961</i>
                        <i>-0.259385 0.950016 0.173752 -0.251043 0.107401 -0.961999 -0.932576 -0.293147 0.210637 0.969455 2.01998 0.840188</i>
                        <i>-0.266132 0.947323 0.178194 -0.25092 0.110406 -0.961691 -0.930705 -0.300649 0.20832 0.970343 2.01173 0.838152</i>
                        <i>-0.2677 0.946637 0.179489 -0.250866 0.111382 -0.961593 -0.93027 -0.302446 0.207662 0.971047 2.00619 0.837113</i>
                        <i>-0.266739 0.946513 0.181558 -0.261114 0.110364 -0.958978 -0.927723 -0.303204 0.21771 0.970923 2.00351 0.836282</i>
                        <i>-0.26648 0.945319 0.188046 -0.288804 0.107823 -0.951297 -0.919555 -0.30781 0.244279 0.969555 2.00304 0.834839</i>
                        <i>-0.26618 0.943415 0.197776 -0.329213 0.103865 -0.938526 -0.905962 -0.314927 0.282938 0.967211 2.00429 0.833019</i>
                        <i>-0.265101 0.941168 0.209581 -0.377548 0.0986819 -0.920717 -0.887231 -0.32321 0.329175 0.964168 2.00676 0.831055</i>
                        <i>-0.262755 0.938908 0.222287 -0.429083 0.0926413 -0.898502 -0.864203 -0.331466 0.378527 0.960726 2.00998 0.82915</i>
                        <i>-0.259062 0.9369 0.234747 -0.479343 0.0862873 -0.873376 -0.838521 -0.338783 0.426742 0.957197 2.01351 0.827458</i>
                        <i>-0.254423 0.93531 0.245894 -0.524259 0.0802701 -0.847767 -0.812663 -0.344603 0.469922 0.953907 2.01693 0.826082</i>
                        <i>-0.249683 0.934203 0.254801 -0.560243 0.0752541 -0.824903 -0.789801 -0.348715 0.504591 0.951176 2.01985 0.825072</i>
                        <i>-0.24599 0.93356 0.260682 -0.584105 0.071849 -0.808492 -0.773506 -0.351146 0.527623 0.949314 2.02189 0.824451</i>
                        <i>-0.244532 0.933345 0.262814 -0.592778 0.0705991 -0.802266 -0.767345 -0.35197 0.536002 0.948627 2.02267 0.824236</i>
                        <i>-0.244532 0.933345 0.262814 -0.592778 0.0705991 -0.802266 -0.767345 -0.35197 0.536002 0.948627 2.02268 0.824236</i>
                        <i>-0.244532 0.933345 0.262814 -0.592778 0.0705991 -0.802266 -0.767345 -0.35197 0.536002 0.948627 2.02268 0.824236</i>
                        <i>-0.244532 0.933345 0.262814 -0.592778 0.0705991 -0.802266 -0.767345 -0.35197 0.536002 0.948627 2.02268 0.824236</i>
                        <i>-0.244532 0.933345 0.262814 -0.592778 0.0705991 -0.802266 -0.767345 -0.35197 0.536002 0.948627 2.02268 0.824236</i>
                        <i>-0.244532 0.933345 0.262814 -0.592778 0.0705991 -0.802266 -0.767345 -0.35197 0.536002 0.948627 2.02268 0.824236</i>
                        <i>-0.244532 0.933345 0.262814 -0.592778 0.0705991 -0.802266 -0.767345 -0.35197 0.536002 0.948627 2.02268 0.824236</i>
                        <i>-0.244532 0.933345 0.262814 -0.592778 0.0705991 -0.802266 -0.767345 -0.35197 0.536002 0.948627 2.02268 0.824236</i>
                        <i>-0.244532 0.933345 0.262814 -0.592778 0.0705991 -0.802266 -0.767345 -0.35197 0.536002 0.948627 2.02267 0.824236</i>
                        <i>-0.244532 0.933345 0.262814 -0.592778 0.0705991 -0.802266 -0.767345 -0.35197 0.536002 0.948627 2.02267 0.824236</i>
                        <i>-0.244532 0.933345 0.262814 -0.592778 0.0705991 -0.802266 -0.767345 -0.35197 0.536002 0.948627 2.02267 0.824236</i>
                    </KeyFrames>
                </p>
            </i>
            <i>
                <p>
                    <Name><![CDATA[spine1]]></Name>
                    <Exclude>0</Exclude>
                    <Additive>0</Additive>
                    <IKPriority>0</IKPriority>
                    <IKRotLimits>-1e+010 -1e+010 -1e+010 1e+010 1e+010 1e+010</IKRotLimits>
                    <IKRotLimitOrder>0</IKRotLimitOrder>
                    <KeyFrames count="100">
                        <i>-0.513707 0.687862 0.512787 -0.670404 0.0511579 -0.740231 -0.53541 -0.724036 0.434865 0.904858 2.18988 0.87129</i>
                        <i>-0.540258 0.684346 0.489686 -0.624336 0.0641864 -0.778515 -0.564204 -0.726327 0.392584 0.907222 2.19925 0.870983</i>
                        <i>-0.570379 0.680819 0.459515 -0.568875 0.0761144 -0.818895 -0.592495 -0.728486 0.343887 0.909699 2.21903 0.870696</i>
                        <i>-0.600815 0.677855 0.423714 -0.50694 0.0867483 -0.857605 -0.618089 -0.73006 0.291512 0.912277 2.23848 0.870448</i>
                        <i>-0.628906 0.67578 0.384447 -0.442173 0.0958336 -0.891795 -0.6395 -0.730847 0.238541 0.914893 2.24685 0.870251</i>
                        <i>-0.652785 0.674658 0.34454 -0.378816 0.10315 -0.919706 -0.656027 -0.730887 0.188237 0.917432 2.24009 0.870108</i>
                        <i>-0.671439 0.674336 0.307312 -0.321474 0.108595 -0.940671 -0.667701 -0.730396 0.143866 0.919737 2.22488 0.870015</i>
                        <i>-0.684599 0.674507 0.276341 -0.274875 0.112232 -0.954907 -0.675106 -0.729688 0.108571 0.921623 2.20655 0.869961</i>
                        <i>-0.692442 0.674815 0.255244 -0.24367 0.114253 -0.963105 -0.67908 -0.729089 0.0853188 0.922891 2.19044 0.869932</i>
                        <i>-0.695111 0.674959 0.247488 -0.232318 0.114888 -0.965831 -0.68033 -0.728856 0.076945 0.923352 2.18186 0.869922</i>
                        <i>-0.693371 0.676932 0.24698 -0.232193 0.114579 -0.965898 -0.682146 -0.727073 0.0777332 0.923729 2.1796 0.869808</i>
                        <i>-0.688626 0.68226 0.245594 -0.231857 0.11374 -0.966077 -0.687049 -0.722208 0.0798625 0.924751 2.17878 0.8695</i>
                        <i>-0.681574 0.690036 0.243529 -0.231373 0.112507 -0.966338 -0.694207 -0.714977 0.0829742 0.926258 2.17923 0.869045</i>
                        <i>-0.672919 0.69936 0.240988 -0.230803 0.111014 -0.966647 -0.702787 -0.706096 0.0867105 0.928088 2.18079 0.868493</i>
                        <i>-0.663387 0.709357 0.238182 -0.230203 0.109397 -0.966974 -0.711986 -0.696308 0.0907235 0.930078 2.18331 0.867891</i>
                        <i>-0.65374 0.719196 0.235333 -0.229626 0.107787 -0.967292 -0.721038 -0.686396 0.0946812 0.932068 2.18662 0.867289</i>
                        <i>-0.644775 0.728098 0.232678 -0.229114 0.106313 -0.967577 -0.729227 -0.677179 0.0982691 0.933896 2.19058 0.866736</i>
                        <i>-0.637322 0.735327 0.230465 -0.228706 0.105104 -0.967805 -0.735877 -0.669512 0.101189 0.935401 2.19504 0.866279</i>
                        <i>-0.632229 0.740181 0.22895 -0.228436 0.104286 -0.967957 -0.74034 -0.664271 0.103152 0.936422 2.19987 0.86597</i>
                        <i>-0.630345 0.741959 0.22839 -0.228338 0.103985 -0.968013 -0.741975 -0.662332 0.103871 0.936798 2.20493 0.865856</i>
                        <i>-0.628135 0.744111 0.227476 -0.228157 0.10336 -0.968122 -0.743903 -0.660012 0.10485 0.936654 2.21122 0.866246</i>
                        <i>-0.622064 0.749956 0.224947 -0.227655 0.101642 -0.968422 -0.749139 -0.653631 0.107504 0.936255 2.21943 0.867309</i>
                        <i>-0.612929 0.758576 0.22109 -0.226891 0.0990528 -0.96887 -0.756861 -0.644012 0.111401 0.935646 2.22897 0.86889</i>
                        <i>-0.601531 0.769039 0.216193 -0.225919 0.0958141 -0.969423 -0.766238 -0.63198 0.116105 0.934876 2.23926 0.870831</i>
                        <i>-0.588741 0.780407 0.210594 -0.224806 0.0921714 -0.970034 -0.776432 -0.618441 0.121175 0.934 2.24971 0.872971</i>
                        <i>-0.575545 0.791733 0.20471 -0.223631 0.0884045 -0.970656 -0.786598 -0.604436 0.126175 0.933082 2.25974 0.875142</i>
                        <i>-0.563059 0.802088 0.199047 -0.222496 0.0848329 -0.971236 -0.795902 -0.591151 0.130695 0.932203 2.26876 0.877164</i>
                        <i>-0.552516 0.810563 0.194199 -0.221519 0.081812 -0.971718 -0.803527 -0.579909 0.134353 0.931454 2.27619 0.878849</i>
                        <i>-0.545227 0.816283 0.190813 -0.220834 0.079721 -0.972048 -0.808678 -0.572125 0.136797 0.930933 2.28146 0.880004</i>
                        <i>-0.542511 0.818385 0.189546 -0.220577 0.0789421 -0.97217 -0.810572 -0.569223 0.13769 0.930737 2.28398 0.880431</i>
                        <i>-0.5441 0.817239 0.189934 -0.220648 0.0790326 -0.972146 -0.809487 -0.570853 0.137321 0.931253 2.27851 0.880295</i>
                        <i>-0.548371 0.814136 0.190978 -0.220839 0.07928 -0.972083 -0.806548 -0.575237 0.136318 0.93265 2.2638 0.879924</i>
                        <i>-0.554535 0.809592 0.192489 -0.221114 0.0796482 -0.97199 -0.802247 -0.581565 0.134844 0.934694 2.24524 0.87938</i>
                        <i>-0.56181 0.80413 0.19428 -0.221437 0.0801008 -0.971879 -0.797079 -0.589032 0.133063 0.937149 2.22824 0.878723</i>
                        <i>-0.569464 0.798265 0.196174 -0.221777 0.0806004 -0.971761 -0.791534 -0.596889 0.131138 0.939786 2.21819 0.878012</i>
                        <i>-0.576844 0.792491 0.198011 -0.222103 0.0811073 -0.971644 -0.78608 -0.604466 0.129229 0.942386 2.21642 0.877307</i>
                        <i>-0.583386 0.787275 0.199648 -0.222392 0.0815795 -0.971538 -0.781155 -0.611182 0.127491 0.944742 2.21928 0.876663</i>
                        <i>-0.588603 0.783047 0.200961 -0.222621 0.081973 -0.971453 -0.777166 -0.616538 0.126073 0.946657 2.22474 0.876138</i>
                        <i>-0.592054 0.780215 0.201833 -0.222771 0.0822425 -0.971395 -0.774496 -0.620082 0.125118 0.947943 2.23076 0.875783</i>
                        <i>-0.593308 0.779179 0.202151 -0.222826 0.0823422 -0.971374 -0.77352 -0.621369 0.124767 0.948414 2.23532 0.875652</i>
                        <i>-0.593208 0.779094 0.202772 -0.222646 0.0832811 -0.971336 -0.773649 -0.621351 0.124059 0.948687 2.2389 0.875683</i>
                        <i>-0.593051 0.778748 0.204555 -0.222235 0.085866 -0.971205 -0.773888 -0.621433 0.122142 0.94935 2.24318 0.875787</i>
                        <i>-0.593047 0.778003 0.207377 -0.221785 0.0897489 -0.970956 -0.774019 -0.621817 0.119324 0.950169 2.24783 0.87598</i>
                        <i>-0.593442 0.776695 0.21112 -0.221486 0.0945895 -0.970565 -0.773803 -0.622734 0.115893 0.950923 2.25256 0.876275</i>
                        <i>-0.594528 0.774611 0.215673 -0.221516 0.100059 -0.97001 -0.77296 -0.624472 0.112101 0.951408 2.25707 0.876678</i>
                        <i>-0.596642 0.771497 0.220929 -0.22205 0.105842 -0.969274 -0.771176 -0.627367 0.108161 0.951445 2.26103 0.877186</i>
                        <i>-0.600124 0.767085 0.226786 -0.223256 0.111626 -0.968347 -0.76812 -0.63176 0.104267 0.950861 2.26415 0.877792</i>
                        <i>-0.604555 0.761713 0.233038 -0.225031 0.117321 -0.967263 -0.764117 -0.637204 0.100482 0.949754 2.26627 0.878469</i>
                        <i>-0.609046 0.756137 0.239415 -0.2271 0.122966 -0.966077 -0.759927 -0.642757 0.0968267 0.948389 2.26735 0.879181</i>
                        <i>-0.613199 0.750739 0.24572 -0.229367 0.128447 -0.964828 -0.755896 -0.647991 0.093431 0.946837 2.26724 0.879908</i>
                        <i>-0.61669 0.745855 0.251781 -0.231739 0.133662 -0.963551 -0.752323 -0.65256 0.0904153 0.94516 2.26555 0.880633</i>
                        <i>-0.619479 0.741578 0.257502 -0.234134 0.138554 -0.962281 -0.749284 -0.656403 0.0877978 0.943405 2.26223 0.881346</i>
                        <i>-0.621604 0.737929 0.26281 -0.236478 0.143072 -0.961046 -0.746784 -0.659539 0.0855694 0.941617 2.25774 0.882038</i>
                        <i>-0.623127 0.734906 0.267631 -0.238699 0.147167 -0.959877 -0.744806 -0.662009 0.083718 0.939851 2.25249 0.882697</i>
                        <i>-0.624126 0.732489 0.271894 -0.240733 0.150782 -0.958808 -0.743313 -0.663871 0.0822275 0.93817 2.24693 0.883306</i>
                        <i>-0.624699 0.73064 0.275529 -0.24252 0.153863 -0.957868 -0.74225 -0.6652 0.0810767 0.936638 2.2415 0.883849</i>
                        <i>-0.624954 0.729305 0.278471 -0.244003 0.156354 -0.957087 -0.741549 -0.666083 0.0802392 0.935327 2.23661 0.884307</i>
                        <i>-0.625004 0.728426 0.280652 -0.24513 0.158198 -0.956496 -0.741135 -0.66661 0.0796843 0.934306 2.23271 0.884659</i>
                        <i>-0.62496 0.727939 0.28201 -0.245846 0.159343 -0.956122 -0.740935 -0.666869 0.0793779 0.933644 2.23023 0.884885</i>
                        <i>-0.624924 0.727788 0.282478 -0.246098 0.159736 -0.955992 -0.740882 -0.66694 0.0792839 0.93341 2.22959 0.884964</i>
                        <i>-0.620571 0.732706 0.279346 -0.246614 0.1558 -0.956508 -0.744361 -0.662472 0.0840108 0.933494 2.23129 0.884762</i>
                        <i>-0.608522 0.745931 0.270719 -0.247996 0.145302 -0.957802 -0.75379 -0.649981 0.0965682 0.933694 2.23511 0.884233</i>
                        <i>-0.590134 0.76508 0.257671 -0.249983 0.130309 -0.959442 -0.767626 -0.630613 0.114357 0.933912 2.24041 0.883506</i>
                        <i>-0.566799 0.787724 0.241309 -0.252318 0.11285 -0.961042 -0.784267 -0.605604 0.134794 0.934058 2.24659 0.882704</i>
                        <i>-0.54017 0.811498 0.222907 -0.254758 0.0947659 -0.96235 -0.802069 -0.57662 0.155546 0.934069 2.25301 0.881936</i>
                        <i>-0.512305 0.834231 0.203968 -0.257079 0.077643 -0.963266 -0.819423 -0.545922 0.174686 0.933926 2.25911 0.881289</i>
                        <i>-0.485696 0.854063 0.186213 -0.259077 0.0628069 -0.963812 -0.834852 -0.516363 0.190764 0.93365 2.26428 0.880828</i>
                        <i>-0.463201 0.869496 0.171528 -0.260568 0.0513778 -0.964087 -0.847083 -0.491261 0.202764 0.933296 2.26796 0.880601</i>
                        <i>-0.447888 0.879314 0.161871 -0.261379 0.0443638 -0.964216 -0.85503 -0.474171 0.209964 0.932936 2.26954 0.880651</i>
                        <i>-0.442825 0.882367 0.159167 -0.26135 0.042784 -0.964295 -0.857672 -0.468613 0.211661 0.932641 2.26844 0.881018</i>
                        <i>-0.451664 0.877133 0.163213 -0.259585 0.0458256 -0.964632 -0.85359 -0.478057 0.206993 0.93214 2.26418 0.881147</i>
                        <i>-0.473597 0.86385 0.171666 -0.255849 0.0515683 -0.96534 -0.842762 -0.501103 0.196592 0.931192 2.25718 0.880567</i>
                        <i>-0.504663 0.843679 0.183088 -0.250996 0.0595289 -0.966156 -0.826024 -0.533538 0.181718 0.929884 2.2481 0.87947</i>
