<?xml version="1.0" encoding="ISO-8859-1" ?>
<Animl Version="1">
    <ModellingPackage><![CDATA[Maya.2010]]></ModellingPackage>
    <SrcFile><![CDATA[anims\turrets\antitank\red\~src\at_b10_recoilless\b10recoilless_reload_high_crewman_c.mb]]></SrcFile>
    <FramesPerSecond>30</FramesPerSecond>
    <TotalFrames>100</TotalFrames>
    <Skeleton>
        <RefFrame>
            <Name><![CDATA[soldier_ref_frame]]></Name>
            <Exclude>0</Exclude>
            <Additive>0</Additive>
            <IKPriority>0</IKPriority>
            <IKRotLimits>-1e+010 -1e+010 -1e+010 1e+010 1e+010 1e+010</IKRotLimits>
            <IKRotLimitOrder>0</IKRotLimitOrder>
            <KeyFrames count="100">
                <i>1 0 0 0 1 0 0 0 1 -0.72 0.92 1.18</i>
                <i>1 0 0 0 1 0 0 0 1 -0.72 0.92 1.18</i>
                <i>1 0 0 0 1 0 0 0 1 -0.72 0.92 1.18</i>
                <i>1 0 0 0 1 0 0 0 1 -0.72 0.92 1.18</i>
                <i>1 0 0 0 1 0 0 0 1 -0.72 0.92 1.18</i>
                <i>1 0 0 0 1 0 0 0 1 -0.72 0.92 1.18</i>
                <i>1 0 0 0 1 0 0 0 1 -0.72 0.92 1.18</i>
                <i>1 0 0 0 1 0 0 0 1 -0.72 0.92 1.18</i>
                <i>1 0 0 0 1 0 0 0 1 -0.72 0.92 1.18</i>
                <i>1 0 0 0 1 0 0 0 1 -0.72 0.92 1.18</i>
                <i>1 0 0 0 1 0 0 0 1 -0.72 0.92 1.18</i>
                <i>1 0 0 0 1 0 0 0 1 -0.72 0.92 1.18</i>
                <i>1 0 0 0 1 0 0 0 1 -0.72 0.92 1.18</i>
                <i>1 0 0 0 1 0 0 0 1 -0.72 0.92 1.18</i>
                <i>1 0 0 0 1 0 0 0 1 -0.72 0.92 1.18</i>
                <i>1 0 0 0 1 0 0 0 1 -0.72 0.92 1.18</i>
                <i>1 0 0 0 1 0 0 0 1 -0.72 0.92 1.18</i>
                <i>1 0 0 0 1 0 0 0 1 -0.72 0.92 1.18</i>
                <i>1 0 0 0 1 0 0 0 1 -0.72 0.92 1.18</i>
                <i>1 0 0 0 1 0 0 0 1 -0.72 0.92 1.18</i>
                <i>1 0 0 0 1 0 0 0 1 -0.72 0.92 1.18</i>
                <i>1 0 0 0 1 0 0 0 1 -0.72 0.92 1.18</i>
                <i>1 0 0 0 1 0 0 0 1 -0.72 0.92 1.18</i>
                <i>1 0 0 0 1 0 0 0 1 -0.72 0.92 1.18</i>
                <i>1 0 0 0 1 0 0 0 1 -0.72 0.92 1.18</i>
                <i>1 0 0 0 1 0 0 0 1 -0.72 0.92 1.18</i>
                <i>1 0 0 0 1 0 0 0 1 -0.72 0.92 1.18</i>
                <i>1 0 0 0 1 0 0 0 1 -0.72 0.92 1.18</i>
                <i>1 0 0 0 1 0 0 0 1 -0.72 0.92 1.18</i>
                <i>1 0 0 0 1 0 0 0 1 -0.72 0.92 1.18</i>
                <i>1 0 0 0 1 0 0 0 1 -0.72 0.92 1.18</i>
                <i>1 0 0 0 1 0 0 0 1 -0.72 0.92 1.18</i>
                <i>1 0 0 0 1 0 0 0 1 -0.72 0.92 1.18</i>
                <i>1 0 0 0 1 0 0 0 1 -0.72 0.92 1.18</i>
                <i>1 0 0 0 1 0 0 0 1 -0.72 0.92 1.18</i>
                <i>1 0 0 0 1 0 0 0 1 -0.72 0.92 1.18</i>
                <i>1 0 0 0 1 0 0 0 1 -0.72 0.92 1.18</i>
                <i>1 0 0 0 1 0 0 0 1 -0.72 0.92 1.18</i>
                <i>1 0 0 0 1 0 0 0 1 -0.72 0.92 1.18</i>
                <i>1 0 0 0 1 0 0 0 1 -0.72 0.92 1.18</i>
                <i>1 0 0 0 1 0 0 0 1 -0.72 0.92 1.18</i>
                <i>1 0 0 0 1 0 0 0 1 -0.72 0.92 1.18</i>
                <i>1 0 0 0 1 0 0 0 1 -0.72 0.92 1.18</i>
                <i>1 0 0 0 1 0 0 0 1 -0.72 0.92 1.18</i>
                <i>1 0 0 0 1 0 0 0 1 -0.72 0.92 1.18</i>
                <i>1 0 0 0 1 0 0 0 1 -0.72 0.92 1.18</i>
                <i>1 0 0 0 1 0 0 0 1 -0.72 0.92 1.18</i>
                <i>1 0 0 0 1 0 0 0 1 -0.72 0.92 1.18</i>
                <i>1 0 0 0 1 0 0 0 1 -0.72 0.92 1.18</i>
                <i>1 0 0 0 1 0 0 0 1 -0.72 0.92 1.18</i>
                <i>1 0 0 0 1 0 0 0 1 -0.72 0.92 1.18</i>
                <i>1 0 0 0 1 0 0 0 1 -0.72 0.92 1.18</i>
                <i>1 0 0 0 1 0 0 0 1 -0.72 0.92 1.18</i>
                <i>1 0 0 0 1 0 0 0 1 -0.72 0.92 1.18</i>
                <i>1 0 0 0 1 0 0 0 1 -0.72 0.92 1.18</i>
                <i>1 0 0 0 1 0 0 0 1 -0.72 0.92 1.18</i>
                <i>1 0 0 0 1 0 0 0 1 -0.72 0.92 1.18</i>
                <i>1 0 0 0 1 0 0 0 1 -0.72 0.92 1.18</i>
                <i>1 0 0 0 1 0 0 0 1 -0.72 0.92 1.18</i>
                <i>1 0 0 0 1 0 0 0 1 -0.72 0.92 1.18</i>
                <i>1 0 0 0 1 0 0 0 1 -0.72 0.92 1.18</i>
                <i>1 0 0 0 1 0 0 0 1 -0.72 0.92 1.18</i>
                <i>1 0 0 0 1 0 0 0 1 -0.72 0.92 1.18</i>
                <i>1 0 0 0 1 0 0 0 1 -0.72 0.92 1.18</i>
                <i>1 0 0 0 1 0 0 0 1 -0.72 0.92 1.18</i>
                <i>1 0 0 0 1 0 0 0 1 -0.72 0.92 1.18</i>
                <i>1 0 0 0 1 0 0 0 1 -0.72 0.92 1.18</i>
                <i>1 0 0 0 1 0 0 0 1 -0.72 0.92 1.18</i>
                <i>1 0 0 0 1 0 0 0 1 -0.72 0.92 1.18</i>
                <i>1 0 0 0 1 0 0 0 1 -0.72 0.92 1.18</i>
                <i>1 0 0 0 1 0 0 0 1 -0.72 0.92 1.18</i>
                <i>1 0 0 0 1 0 0 0 1 -0.72 0.92 1.18</i>
                <i>1 0 0 0 1 0 0 0 1 -0.72 0.92 1.18</i>
                <i>1 0 0 0 1 0 0 0 1 -0.72 0.92 1.18</i>
                <i>1 0 0 0 1 0 0 0 1 -0.72 0.92 1.18</i>
                <i>1 0 0 0 1 0 0 0 1 -0.72 0.92 1.18</i>
                <i>1 0 0 0 1 0 0 0 1 -0.72 0.92 1.18</i>
                <i>1 0 0 0 1 0 0 0 1 -0.72 0.92 1.18</i>
                <i>1 0 0 0 1 0 0 0 1 -0.72 0.92 1.18</i>
                <i>1 0 0 0 1 0 0 0 1 -0.72 0.92 1.18</i>
                <i>1 0 0 0 1 0 0 0 1 -0.72 0.92 1.18</i>
                <i>1 0 0 0 1 0 0 0 1 -0.72 0.92 1.18</i>
                <i>1 0 0 0 1 0 0 0 1 -0.72 0.92 1.18</i>
                <i>1 0 0 0 1 0 0 0 1 -0.72 0.92 1.18</i>
                <i>1 0 0 0 1 0 0 0 1 -0.72 0.92 1.18</i>
                <i>1 0 0 0 1 0 0 0 1 -0.72 0.92 1.18</i>
                <i>1 0 0 0 1 0 0 0 1 -0.72 0.92 1.18</i>
                <i>1 0 0 0 1 0 0 0 1 -0.72 0.92 1.18</i>
                <i>1 0 0 0 1 0 0 0 1 -0.72 0.92 1.18</i>
                <i>1 0 0 0 1 0 0 0 1 -0.72 0.92 1.18</i>
                <i>1 0 0 0 1 0 0 0 1 -0.72 0.92 1.18</i>
                <i>1 0 0 0 1 0 0 0 1 -0.72 0.92 1.18</i>
                <i>1 0 0 0 1 0 0 0 1 -0.72 0.92 1.18</i>
                <i>1 0 0 0 1 0 0 0 1 -0.72 0.92 1.18</i>
                <i>1 0 0 0 1 0 0 0 1 -0.72 0.92 1.18</i>
                <i>1 0 0 0 1 0 0 0 1 -0.72 0.92 1.18</i>
                <i>1 0 0 0 1 0 0 0 1 -0.72 0.92 1.18</i>
                <i>1 0 0 0 1 0 0 0 1 -0.72 0.92 1.18</i>
                <i>1 0 0 0 1 0 0 0 1 -0.72 0.92 1.18</i>
                <i>1 0 0 0 1 0 0 0 1 -0.72 0.92 1.18</i>
            </KeyFrames>
        </RefFrame>
        <Bones count="23">
            <i>
                <p>
                    <Name><![CDATA[pelvis]]></Name>
                    <Exclude>0</Exclude>
                    <Additive>0</Additive>
                    <IKPriority>0</IKPriority>
                    <IKRotLimits>-1e+010 -1e+010 -1e+010 1e+010 1e+010 1e+010</IKRotLimits>
                    <IKRotLimitOrder>2</IKRotLimitOrder>
                    <KeyFrames count="100">
                        <i>1 0 0 0 1 0 0 0 1 -0.688322 1.98836 1.0416</i>
                        <i>1 0 0 0 1 0 0 0 1 -0.714326 1.97951 1.04917</i>
                        <i>1 0 0 0 1 0 0 0 1 -0.742419 1.95969 1.05692</i>
                        <i>1 0 0 0 1 0 0 0 1 -0.766333 1.93897 1.06431</i>
                        <i>1 0 0 0 1 0 0 0 1 -0.779797 1.9274 1.07079</i>
                        <i>1 0 0 0 1 0 0 0 1 -0.779974 1.92788 1.07698</i>
                        <i>1 0 0 0 1 0 0 0 1 -0.771504 1.93433 1.08327</i>
                        <i>1 0 0 0 1 0 0 0 1 -0.759332 1.94337 1.08882</i>
                        <i>1 0 0 0 1 0 0 0 1 -0.748402 1.95161 1.09277</i>
                        <i>1 0 0 0 1 0 0 0 1 -0.74366 1.95567 1.09428</i>
                        <i>1 0 0 0 1 0 0 0 1 -0.74366 1.95586 1.09428</i>
                        <i>1 0 0 0 1 0 0 0 1 -0.74366 1.9549 1.09428</i>
                        <i>1 0 0 0 1 0 0 0 1 -0.74366 1.9531 1.09428</i>
                        <i>1 0 0 0 1 0 0 0 1 -0.74366 1.95072 1.09428</i>
                        <i>1 0 0 0 1 0 0 0 1 -0.74366 1.94805 1.09428</i>
                        <i>1 0 0 0 1 0 0 0 1 -0.74366 1.94536 1.09428</i>
                        <i>1 0 0 0 1 0 0 0 1 -0.74366 1.94293 1.09428</i>
                        <i>1 0 0 0 1 0 0 0 1 -0.74366 1.94104 1.09428</i>
                        <i>1 0 0 0 1 0 0 0 1 -0.74366 1.93997 1.09428</i>
                        <i>1 0 0 0 1 0 0 0 1 -0.74366 1.94 1.09428</i>
                        <i>1 0 0 0 1 0 0 0 1 -0.748502 1.94669 1.10116</i>
                        <i>1 0 0 0 1 0 0 0 1 -0.760527 1.96029 1.11875</i>
                        <i>1 0 0 0 1 0 0 0 1 -0.775979 1.97311 1.14245</i>
                        <i>1 0 0 0 1 0 0 0 1 -0.791106 1.97749 1.16769</i>
                        <i>1 0 0 0 1 0 0 0 1 -0.802153 1.96572 1.18986</i>
                        <i>1 0 0 0 1 0 0 0 1 -0.809101 1.92853 1.21204</i>
                        <i>1 0 0 0 1 0 0 0 1 -0.814452 1.87104 1.23727</i>
                        <i>1 0 0 0 1 0 0 0 1 -0.818236 1.80717 1.26098</i>
                        <i>1 0 0 0 1 0 0 0 1 -0.820484 1.75087 1.27856</i>
                        <i>1 0 0 0 1 0 0 0 1 -0.821227 1.71605 1.28545</i>
                        <i>1 0 0 0 1 0 0 0 1 -0.821227 1.70845 1.28545</i>
                        <i>1 0 0 0 1 0 0 0 1 -0.821227 1.71877 1.28545</i>
                        <i>1 0 0 0 1 0 0 0 1 -0.821227 1.73844 1.28545</i>
                        <i>1 0 0 0 1 0 0 0 1 -0.821227 1.75888 1.28545</i>
                        <i>1 0 0 0 1 0 0 0 1 -0.821227 1.77152 1.28545</i>
                        <i>1 0 0 0 1 0 0 0 1 -0.821227 1.77709 1.28545</i>
                        <i>1 0 0 0 1 0 0 0 1 -0.821227 1.78204 1.28545</i>
                        <i>1 0 0 0 1 0 0 0 1 -0.821227 1.78636 1.28545</i>
                        <i>1 0 0 0 1 0 0 0 1 -0.821227 1.79004 1.28545</i>
                        <i>1 0 0 0 1 0 0 0 1 -0.821227 1.79306 1.28545</i>
                        <i>1 0 0 0 1 0 0 0 1 -0.821227 1.7954 1.28545</i>
                        <i>1 0 0 0 1 0 0 0 1 -0.821227 1.79707 1.28545</i>
                        <i>1 0 0 0 1 0 0 0 1 -0.821227 1.79804 1.28545</i>
                        <i>1 0 0 0 1 0 0 0 1 -0.821227 1.7983 1.28545</i>
                        <i>1 0 0 0 1 0 0 0 1 -0.821227 1.79788 1.28545</i>
                        <i>1 0 0 0 1 0 0 0 1 -0.821227 1.79688 1.28545</i>
                        <i>1 0 0 0 1 0 0 0 1 -0.821227 1.79539 1.28545</i>
                        <i>1 0 0 0 1 0 0 0 1 -0.821227 1.79349 1.28545</i>
                        <i>1 0 0 0 1 0 0 0 1 -0.821227 1.79126 1.28545</i>
                        <i>1 0 0 0 1 0 0 0 1 -0.821227 1.78879 1.28545</i>
                        <i>1 0 0 0 1 0 0 0 1 -0.821227 1.78616 1.28545</i>
                        <i>1 0 0 0 1 0 0 0 1 -0.821227 1.78344 1.28545</i>
                        <i>1 0 0 0 1 0 0 0 1 -0.821227 1.78074 1.28545</i>
                        <i>1 0 0 0 1 0 0 0 1 -0.821227 1.77813 1.28545</i>
                        <i>1 0 0 0 1 0 0 0 1 -0.821227 1.77568 1.28545</i>
                        <i>1 0 0 0 1 0 0 0 1 -0.821227 1.7735 1.28545</i>
                        <i>1 0 0 0 1 0 0 0 1 -0.821227 1.77165 1.28545</i>
                        <i>1 0 0 0 1 0 0 0 1 -0.821227 1.77023 1.28545</i>
                        <i>1 0 0 0 1 0 0 0 1 -0.821227 1.76932 1.28545</i>
                        <i>1 0 0 0 1 0 0 0 1 -0.821227 1.769 1.28545</i>
                        <i>1 0 0 0 1 0 0 0 1 -0.821227 1.769 1.28545</i>
                        <i>1 0 0 0 1 0 0 0 1 -0.821227 1.769 1.28545</i>
                        <i>1 0 0 0 1 0 0 0 1 -0.821227 1.769 1.28545</i>
                        <i>1 0 0 0 1 0 0 0 1 -0.821227 1.769 1.28545</i>
                        <i>1 0 0 0 1 0 0 0 1 -0.821227 1.769 1.28545</i>
                        <i>1 0 0 0 1 0 0 0 1 -0.821227 1.769 1.28545</i>
                        <i>1 0 0 0 1 0 0 0 1 -0.821227 1.769 1.28545</i>
                        <i>1 0 0 0 1 0 0 0 1 -0.821227 1.769 1.28545</i>
                        <i>1 0 0 0 1 0 0 0 1 -0.821227 1.769 1.28545</i>
                        <i>1 0 0 0 1 0 0 0 1 -0.821227 1.769 1.28545</i>
                        <i>1 0 0 0 1 0 0 0 1 -0.819653 1.77324 1.28119</i>
                        <i>1 0 0 0 1 0 0 0 1 -0.815286 1.7849 1.26947</i>
                        <i>1 0 0 0 1 0 0 0 1 -0.808659 1.80241 1.25184</i>
                        <i>1 0 0 0 1 0 0 0 1 -0.800303 1.82418 1.22986</i>
                        <i>1 0 0 0 1 0 0 0 1 -0.79075 1.84862 1.2051</i>
                        <i>1 0 0 0 1 0 0 0 1 -0.780533 1.87417 1.17913</i>
                        <i>1 0 0 0 1 0 0 0 1 -0.770183 1.89923 1.15349</i>
                        <i>1 0 0 0 1 0 0 0 1 -0.760233 1.92222 1.12977</i>
                        <i>1 0 0 0 1 0 0 0 1 -0.751215 1.94156 1.10951</i>
                        <i>1 0 0 0 1 0 0 0 1 -0.74366 1.95567 1.09428</i>
                        <i>1 0 0 0 1 0 0 0 1 -0.736728 1.96547 1.08293</i>
                        <i>1 0 0 0 1 0 0 0 1 -0.729399 1.9731 1.07319</i>
                        <i>1 0 0 0 1 0 0 0 1 -0.721939 1.97884 1.06498</i>
                        <i>1 0 0 0 1 0 0 0 1 -0.714612 1.98295 1.05818</i>
                        <i>1 0 0 0 1 0 0 0 1 -0.707685 1.9857 1.0527</i>
                        <i>1 0 0 0 1 0 0 0 1 -0.701422 1.98735 1.04844</i>
                        <i>1 0 0 0 1 0 0 0 1 -0.696089 1.98817 1.0453</i>
                        <i>1 0 0 0 1 0 0 0 1 -0.691951 1.98844 1.04317</i>
                        <i>1 0 0 0 1 0 0 0 1 -0.689273 1.98841 1.04198</i>
                        <i>1 0 0 0 1 0 0 0 1 -0.688322 1.98836 1.0416</i>
                        <i>1 0 0 0 1 0 0 0 1 -0.688322 1.98836 1.0416</i>
                        <i>1 0 0 0 1 0 0 0 1 -0.688322 1.98835 1.0416</i>
                        <i>1 0 0 0 1 0 0 0 1 -0.688322 1.98835 1.0416</i>
                        <i>1 0 0 0 1 0 0 0 1 -0.688322 1.98835 1.0416</i>
                        <i>1 0 0 0 1 0 0 0 1 -0.688322 1.98835 1.0416</i>
                        <i>1 0 0 0 1 0 0 0 1 -0.688322 1.98836 1.0416</i>
                        <i>1 0 0 0 1 0 0 0 1 -0.688322 1.98836 1.0416</i>
                        <i>1 0 0 0 1 0 0 0 1 -0.688322 1.98836 1.0416</i>
                        <i>1 0 0 0 1 0 0 0 1 -0.688322 1.98836 1.0416</i>
                        <i>1 0 0 0 1 0 0 0 1 -0.688322 1.98836 1.0416</i>
                    </KeyFrames>
                </p>
            </i>
            <i>
                <p>
                    <Name><![CDATA[spine0]]></Name>
                    <Exclude>0</Exclude>
                    <Additive>0</Additive>
                    <IKPriority>0</IKPriority>
                    <IKRotLimits>-1e+010 -1e+010 -1e+010 1e+010 1e+010 1e+010</IKRotLimits>
                    <IKRotLimitOrder>0</IKRotLimitOrder>
                    <KeyFrames count="100">
                        <i>0.0766325 0.994547 0.0707365 -0.742023 0.00949968 0.670307 0.66598 -0.103855 0.738705 -0.713811 2.1271 1.01334</i>
                        <i>0.0765232 0.994782 0.0674796 -0.719855 0.00829305 0.694075 0.689893 -0.101688 0.716733 -0.741829 2.11777 1.02046</i>
                        <i>0.0770504 0.99484 0.0660062 -0.693854 0.00596195 0.720091 0.715982 -0.101282 0.690733 -0.772014 2.09745 1.02785</i>
                        <i>0.0780909 0.994767 0.0658771 -0.665243 0.00277866 0.746622 0.742532 -0.102129 0.661979 -0.798048 2.07619 1.03499</i>
                        <i>0.0794939 0.994604 0.0666581 -0.635499 -0.000953699 0.772101 0.767999 -0.103738 0.631994 -0.813597 2.06409 1.04133</i>
                        <i>0.0810436 0.994392 0.0679415 -0.606368 -0.00491019 0.795169 0.791043 -0.105641 0.60257 -0.815736 2.06406 1.04746</i>
                        <i>0.0824408 0.994179 0.0693592 -0.579846 -0.00875348 0.814679 0.810544 -0.10738 0.575749 -0.809001 2.07005 1.05378</i>
                        <i>0.0833057 0.994021 0.0705832 -0.558111 -0.0121401 0.829678 0.825574 -0.10851 0.553763 -0.79822 2.07872 1.05939</i>
                        <i>0.0832037 0.993978 0.0713051 -0.543437 -0.0147206 0.839321 0.835316 -0.108584 0.53894 -0.788212 2.0867 1.06341</i>
                        <i>0.0816961 0.994112 0.0711887 -0.538065 -0.0161314 0.842749 0.838935 -0.107153 0.533579 -0.783803 2.09067 1.06494</i>
                        <i>0.0794868 0.994307 0.0709656 -0.538165 -0.0171207 0.842666 0.839083 -0.105172 0.53374 -0.783472 2.09103 1.06533</i>
                        <i>0.0775201 0.994422 0.0715202 -0.538436 -0.0186172 0.842461 0.839093 -0.103817 0.53399 -0.782583 2.09057 1.06641</i>
                        <i>0.0757686 0.994472 0.0726914 -0.538777 -0.0205117 0.842199 0.839034 -0.102977 0.534244 -0.781291 2.08944 1.06798</i>
                        <i>0.0741939 0.994472 0.0743074 -0.539087 -0.0226912 0.841944 0.838976 -0.102525 0.534423 -0.779753 2.08783 1.06989</i>
                        <i>0.072727 0.994439 0.0761683 -0.539296 -0.0250321 0.841744 0.83897 -0.102295 0.534476 -0.778126 2.08592 1.07194</i>
                        <i>0.0712622 0.9944 0.0780419 -0.539373 -0.0273983 0.841621 0.839046 -0.102069 0.5344 -0.77657 2.08392 1.07396</i>
                        <i>0.0696611 0.994384 0.0796687 -0.539329 -0.0296432 0.841573 0.839209 -0.101593 0.534236 -0.775249 2.08205 1.07575</i>
                        <i>0.0677653 0.994426 0.0807735 -0.539213 -0.0316133 0.841576 0.839439 -0.100584 0.534065 -0.774325 2.08055 1.07713</i>
                        <i>0.0654122 0.994559 0.0810791 -0.539088 -0.0331534 0.841597 0.839705 -0.0987595 0.533986 -0.773964 2.07965 1.0779</i>
                        <i>0.0624522 0.994811 0.0803178 -0.53901 -0.0341108 0.841608 0.839981 -0.0958524 0.534083 -0.774327 2.07959 1.07786</i>
                        <i>0.0601902 0.994918 0.0807139 -0.537325 -0.0358511 0.842613 0.841225 -0.0940866 0.532437 -0.780419 2.08593 1.08415</i>
                        <i>0.0598105 0.994649 0.084243 -0.532809 -0.0395556 0.84531 0.844119 -0.0954438 0.527592 -0.794494 2.09895 1.10102</i>
                        <i>0.0610608 0.994044 0.09027 -0.526128 -0.0448006 0.849225 0.848211 -0.0993479 0.520258 -0.812585 2.111 1.12395</i>
                        <i>0.063703 0.993132 0.0981332 -0.51795 -0.0511504 0.85388 0.853036 -0.105223 0.511134 -0.830724 2.11443 1.14841</i>
                        <i>0.0674368 0.991956 0.107123 -0.508958 -0.0581453 0.858825 0.858146 -0.112438 0.500943 -0.844942 2.10161 1.16986</i>
                        <i>0.0718328 0.990594 0.116465 -0.499858 -0.0652921 0.863643 0.863123 -0.120254 0.490466 -0.855004 2.0633 1.19141</i>
                        <i>0.0762894 0.98918 0.125312 -0.491383 -0.0720579 0.867958 0.867596 -0.127792 0.480569 -0.863198 2.00472 1.21611</i>
                        <i>0.0800313 0.987912 0.132756 -0.484296 -0.0778699 0.871432 0.871236 -0.134035 0.47221 -0.869347 1.9399 1.2394</i>
                        <i>0.0821571 0.987041 0.137844 -0.47939 -0.0821206 0.873751 0.873748 -0.137866 0.466431 -0.873274 1.88289 1.25667</i>
                        <i>0.0817384 0.986827 0.139608 -0.477472 -0.0841833 0.874605 0.874837 -0.138148 0.464301 -0.874808 1.84772 1.26334</i>
                        <i>0.0834755 0.98653 0.140681 -0.477681 -0.0842832 0.874481 0.874559 -0.140198 0.46421 -0.874614 1.84021 1.26342</i>
                        <i>0.0905763 0.985478 0.14363 -0.47854 -0.0834133 0.874095 0.873381 -0.147905 0.464036 -0.873576 1.85103 1.26392</i>
                        <i>0.0998893 0.984022 0.147388 -0.479922 -0.0821106 0.87346 0.871606 -0.157984 0.464051 -0.871845 1.87151 1.26477</i>
                        <i>0.108238 0.982604 0.150909 -0.48171 -0.080949 0.872584 0.86962 -0.167141 0.464569 -0.869573 1.89296 1.26588</i>
                        <i>0.1125 0.981771 0.153197 -0.483834 -0.0805396 0.871446 0.867899 -0.172159 0.465954 -0.866911 1.9067 1.26716</i>
                        <i>0.113809 0.981402 0.15459 -0.486297 -0.0806583 0.870063 0.86635 -0.174198 0.468073 -0.864019 1.91339 1.26854</i>
                        <i>0.1154 0.980985 0.156051 -0.489089 -0.0806227 0.8685 0.864566 -0.176548 0.470485 -0.861058 1.9194 1.26992</i>
                        <i>0.117341 0.980516 0.157541 -0.492146 -0.0803725 0.866794 0.862568 -0.179243 0.473126 -0.858198 1.92466 1.27122</i>
                        <i>0.11965 0.980003 0.15899 -0.495393 -0.0798478 0.864991 0.860389 -0.182259 0.475933 -0.855611 1.92911 1.27234</i>
                        <i>0.122129 0.979484 0.160296 -0.49875 -0.0790669 0.863132 0.858099 -0.185361 0.478861 -0.853468 1.93272 1.27318</i>
                        <i>0.124137 0.979079 0.161227 -0.502138 -0.0781572 0.861248 0.855831 -0.187871 0.481931 -0.851945 1.93545 1.27364</i>
                        <i>0.125095 0.978907 0.16153 -0.50548 -0.0772107 0.859377 0.853722 -0.189154 0.48516 -0.851211 1.93728 1.27363</i>
                        <i>0.1252 0.978929 0.161315 -0.508795 -0.0762335 0.857506 0.851735 -0.189436 0.48853 -0.851101 1.93823 1.27323</i>
                        <i>0.12486 0.979055 0.160815 -0.512148 -0.0752213 0.855597 0.849773 -0.189191 0.492029 -0.851313 1.93839 1.27262</i>
                        <i>0.124135 0.97927 0.160066 -0.515528 -0.0741834 0.853655 0.847833 -0.188487 0.495633 -0.851806 1.93779 1.27182</i>
                        <i>0.123089 0.979558 0.159105 -0.518926 -0.0731288 0.851686 0.845911 -0.187397 0.499317 -0.852539 1.93654 1.27086</i>
                        <i>0.121784 0.979904 0.157974 -0.522332 -0.072066 0.849692 0.844001 -0.185994 0.503059 -0.85347 1.93471 1.26976</i>
                        <i>0.120284 0.980292 0.156713 -0.525739 -0.0710034 0.847677 0.842098 -0.184352 0.506838 -0.85456 1.93241 1.26855</i>
                        <i>0.118647 0.980707 0.155362 -0.529143 -0.0699493 0.845644 0.840197 -0.182542 0.510635 -0.855767 1.92973 1.26724</i>
                        <i>0.116929 0.981134 0.153961 -0.532539 -0.0689116 0.843595 0.83829 -0.180631 0.514434 -0.857052 1.92674 1.26588</i>
                        <i>0.115181 0.981561 0.152549 -0.535924 -0.0678982 0.841531 0.836372 -0.178683 0.518222 -0.858376 1.92355 1.26448</i>
                        <i>0.113447 0.981978 0.151161 -0.539298 -0.0669169 0.839452 0.834438 -0.176754 0.521987 -0.859702 1.92025 1.26306</i>
                        <i>0.111765 0.982374 0.149832 -0.54266 -0.0659755 0.837357 0.832483 -0.174895 0.525722 -0.860993 1.91694 1.26167</i>
                        <i>0.110167 0.982743 0.148592 -0.546013 -0.0650815 0.835245 0.830502 -0.17315 0.52942 -0.862213 1.91372 1.26032</i>
                        <i>0.10868 0.983078 0.14747 -0.549358 -0.0642423 0.833114 0.828489 -0.171556 0.53308 -0.863329 1.91069 1.25904</i>
                        <i>0.107324 0.983373 0.146491 -0.5527 -0.0634653 0.83096 0.826441 -0.170147 0.536699 -0.864307 1.90796 1.25786</i>
                        <i>0.106118 0.983624 0.145679 -0.556043 -0.0627578 0.828781 0.824351 -0.168952 0.540278 -0.865115 1.90563 1.25682</i>
                        <i>0.105076 0.983828 0.145058 -0.559393 -0.0621269 0.826571 0.822216 -0.167997 0.543818 -0.865721 1.90382 1.25592</i>
                        <i>0.104214 0.983979 0.144651 -0.562754 -0.0615799 0.824328 0.820029 -0.167309 0.547321 -0.866095 1.90262 1.25522</i>
                        <i>0.103549 0.984074 0.144484 -0.566132 -0.0611239 0.822046 0.817785 -0.166919 0.550786 -0.866206 1.90215 1.25473</i>
                        <i>0.102513 0.984107 0.144999 -0.567583 -0.0618409 0.820991 0.816909 -0.166461 0.552222 -0.866036 1.90222 1.25477</i>
                        <i>0.100764 0.984061 0.14653 -0.565658 -0.0644948 0.822114 0.81846 -0.165725 0.550143 -0.865603 1.90254 1.25555</i>
                        <i>0.0986891 0.983905 0.148965 -0.561087 -0.0686139 0.824908 0.821853 -0.164992 0.545285 -0.864927 1.90306 1.25692</i>
                        <i>0.0966856 0.983615 0.152162 -0.554588 -0.0737074 0.828854 0.826489 -0.164526 0.538374 -0.86402 1.90372 1.25873</i>
                        <i>0.095115 0.983181 0.155908 -0.546887 -0.079257 0.833446 0.831786 -0.164538 0.530151 -0.862898 1.90447 1.26081</i>
                        <i>0.0942713 0.982621 0.159905 -0.53872 -0.0847208 0.838214 0.837194 -0.165163 0.521371 -0.86159 1.90525 1.26303</i>
                        <i>0.0943616 0.981974 0.163778 -0.530832 -0.0895452 0.842733 0.842207 -0.16646 0.512814 -0.860132 1.90601 1.26524</i>
                        <i>0.0955115 0.981301 0.167113 -0.523974 -0.0931783 0.846622 0.846362 -0.168425 0.505277 -0.858577 1.90673 1.2673</i>
                        <i>0.0977988 0.980667 0.169491 -0.518899 -0.0950788 0.849532 0.849223 -0.171032 0.499568 -0.856987 1.90738 1.26908</i>
                        <i>0.101315 0.980128 0.170543 -0.516353 -0.0947209 0.851121 0.850362 -0.174292 0.496495 -0.855434 1.90793 1.27048</i>
                        <i>0.108765 0.979751 0.168103 -0.514369 -0.089239 0.852913 0.850644 -0.179234 0.494248 -0.85247 1.91261 1.2673</i>
                        <i>0.120742 0.979459 0.161499 -0.510919 -0.0781703 0.856068 0.851107 -0.185877 0.490985 -0.846921 1.92464 1.25647</i>
                        <i>0.13365 0.9792 0.152658 -0.506808 -0.0648409 0.859617 0.851636 -0.192256 0.487601 -0.839263 1.94244 1.23953</i>
                        <i>0.142374 0.979417 0.143079 -0.503081 -0.0528858 0.86262 0.852432 -0.194795 0.485196 -0.829977 1.96445 1.21801</i>
                        <i>0.140684 0.981046 0.133255 -0.500926 -0.0455623 0.86429 0.85398 -0.188343 0.485022 -0.819551 1.98909 1.19349</i>
                        <i>0.131645 0.983636 0.123002 -0.501132 -0.0410219 0.864398 0.855299 -0.175434 0.487532 -0.808484 2.01481 1.16754</i>
                        <i>0.122999 0.985939 0.113119 -0.504238 -0.036087 0.86281 0.85476 -0.163164 0.492709 -0.797288 2.04003 1.14177</i>
                        <i>0.115345 0.987795 0.104672 -0.511041 -0.0313475 0.858984 0.851782 -0.152571 0.501188 -0.786484 2.06316 1.1178</i>
                        <i>0.109157 0.989096 0.0988684 -0.522307 -0.0275539 0.852312 0.845742 -0.144675 0.513604 -0.776601 2.08264 1.09727</i>
                        <i>0.10479 0.98975 0.097029 -0.538739 -0.0255141 0.842087 0.835931 -0.140515 0.530543 -0.768171 2.09688 1.08182</i>
                        <i>0.101123 0.990155 0.0967823 -0.560392 -0.0236899 0.827889 0.822031 -0.137954 0.552479 -0.760625 2.10674 1.06996</i>
                        <i>0.0970789 0.990728 0.0950446 -0.585734 -0.0203359 0.810249 0.804669 -0.134329 0.578328 -0.753124 2.11429 1.05908</i>
                        <i>0.0929825 0.991394 0.0921557 -0.613063 -0.0159242 0.789873 0.784543 -0.129942 0.606306 -0.745793 2.11983 1.04919</i>
                        <i>0.08909 0.992085 0.0884907 -0.640775 -0.0109299 0.767651 0.762542 -0.125093 0.634729 -0.738764 2.12364 1.04033</i>
                        <i>0.0855775 0.992747 0.0844349 -0.667387 -0.00580646 0.744688 0.739777 -0.120079 0.66205 -0.732196 2.12602 1.03256</i>
                        <i>0.0825535 0.993341 0.0803632 -0.69157 -0.000961904 0.722309 0.717576 -0.115206 0.686886 -0.726275 2.12725 1.02596</i>
                        <i>0.0800855 0.993838 0.0766292 -0.712145 0.00325688 0.702025 0.69745 -0.110793 0.708017 -0.721219 2.12766 1.02062</i>
                        <i>0.078229 0.994217 0.0735669 -0.728064 0.00656516 0.685478 0.681031 -0.107186 0.724367 -0.717279 2.12755 1.01665</i>
                        <i>0.0770492 0.99446 0.0714971 -0.738353 0.0087233 0.674357 0.669998 -0.104749 0.734935 -0.71472 2.12725 1.01419</i>
                        <i>0.0766325 0.994547 0.0707365 -0.742023 0.00949968 0.670307 0.66598 -0.103855 0.738705 -0.713811 2.1271 1.01334</i>
                        <i>0.0766325 0.994547 0.0707365 -0.742023 0.00949968 0.670307 0.66598 -0.103855 0.738705 -0.713811 2.12709 1.01334</i>
                        <i>0.0766325 0.994547 0.0707365 -0.742023 0.00949968 0.670307 0.66598 -0.103855 0.738705 -0.713811 2.12709 1.01334</i>
                        <i>0.0766325 0.994547 0.0707365 -0.742023 0.00949968 0.670307 0.66598 -0.103855 0.738705 -0.713811 2.12709 1.01334</i>
                        <i>0.0766325 0.994547 0.0707365 -0.742023 0.00949968 0.670307 0.66598 -0.103855 0.738705 -0.713811 2.12709 1.01334</i>
                        <i>0.0766325 0.994547 0.0707365 -0.742023 0.00949968 0.670307 0.66598 -0.103855 0.738705 -0.713811 2.12709 1.01334</i>
                        <i>0.0766325 0.994547 0.0707365 -0.742023 0.00949968 0.670307 0.66598 -0.103855 0.738705 -0.713811 2.12709 1.01334</i>
                        <i>0.0766325 0.994547 0.0707365 -0.742023 0.00949968 0.670307 0.66598 -0.103855 0.738705 -0.713811 2.12709 1.01334</i>
                        <i>0.0766325 0.994547 0.0707365 -0.742023 0.00949968 0.670307 0.66598 -0.103855 0.738705 -0.713811 2.1271 1.01334</i>
                        <i>0.0766325 0.994547 0.0707365 -0.742023 0.00949968 0.670307 0.66598 -0.103855 0.738705 -0.713811 2.1271 1.01334</i>
                        <i>0.0766325 0.994547 0.0707365 -0.742023 0.00949968 0.670307 0.66598 -0.103855 0.738705 -0.713811 2.1271 1.01334</i>
                    </KeyFrames>
                </p>
            </i>
            <i>
                <p>
                    <Name><![CDATA[spine1]]></Name>
                    <Exclude>0</Exclude>
                    <Additive>0</Additive>
                    <IKPriority>0</IKPriority>
                    <IKRotLimits>-1e+010 -1e+010 -1e+010 1e+010 1e+010 1e+010</IKRotLimits>
                    <IKRotLimitOrder>0</IKRotLimitOrder>
                    <KeyFrames count="100">
                        <i>0.195025 0.963133 0.185309 -0.736629 0.0190904 0.676027 0.647567 -0.268346 0.713195 -0.700623 2.29829 1.02552</i>
                        <i>0.211737 0.958594 0.190434 -0.702607 0.0138588 0.711443 0.679346 -0.284439 0.676449 -0.728615 2.28963 1.03212</i>
                        <i>0.230395 0.952627 0.198543 -0.66226 0.00401018 0.749264 0.712973 -0.304113 0.631811 -0.758654 2.27005 1.0393</i>
                        <i>0.25041 0.945561 0.207867 -0.617468 -0.00938621 0.78654 0.745673 -0.325309 0.581504 -0.784448 2.24961 1.04646</i>
                        <i>0.270908 0.937832 0.216979 -0.570641 -0.0250674 0.820817 0.775228 -0.346183 0.528374 -0.799686 2.23836 1.05299</i>
                        <i>0.290736 0.929999 0.224888 -0.524686 -0.0415832 0.85028 0.800111 -0.365202 0.475868 -0.801487 2.23917 1.05941</i>
                        <i>0.308529 0.922726 0.231056 -0.482901 -0.0573382 0.873796 0.819522 -0.381168 0.427894 -0.794443 2.24594 1.06603</i>
                        <i>0.322804 0.916741 0.235338 -0.448803 -0.0706542 0.890833 0.833291 -0.393185 0.388629 -0.783454 2.25527 1.07191</i>
                        <i>0.332049 0.912794 0.237805 -0.425953 -0.0798385 0.901216 0.84161 -0.400541 0.362297 -0.773426 2.26376 1.07608</i>
                        <i>0.334793 0.911615 0.238479 -0.417773 -0.0832495 0.90473 0.844618 -0.402527 0.352976 -0.769266 2.268 1.07761</i>
                        <i>0.331766 0.913308 0.236218 -0.418004 -0.0821546 0.904723 0.845697 -0.398897 0.35451 -0.769337 2.26829 1.07796</i>
                        <i>0.325197 0.917109 0.230561 -0.418188 -0.079207 0.9049 0.848154 -0.390689 0.357766 -0.76883 2.26741 1.0791</i>
                        <i>0.315905 0.922386 0.222278 -0.418219 -0.0749145 0.905252 0.851644 -0.378934 0.362094 -0.767896 2.26564 1.08084</i>
                        <i>0.304742 0.928504 0.212161 -0.418005 -0.0697723 0.905761 0.855806 -0.364708 0.366857 -0.766691 2.26325 1.08298</i>
                        <i>0.292633 0.934845 0.201073 -0.41751 -0.0642616 0.906397 0.860262 -0.349191 0.371502 -0.765377 2.26053 1.0853</i>
                        <i>0.280601 0.940839 0.189962 -0.416769 -0.0588519 0.907105 0.864619 -0.333705 0.375599 -0.764128 2.25779 1.08759</i>
                        <i>0.26976 0.94598 0.179864 -0.415898 -0.054006 0.907806 0.86848 -0.319695 0.378862 -0.763125 2.25531 1.08963</i>
                        <i>0.26129 0.949837 0.171866 -0.415078 -0.0501849 0.908401 0.871457 -0.308694 0.381144 -0.762557 2.25342 1.09116</i>
                        <i>0.256393 0.952023 0.167078 -0.414529 -0.04785 0.908777 0.873171 -0.302263 0.382373 -0.762613 2.2524 1.09197</i>
                        <i>0.256246 0.95215 0.166581 -0.414462 -0.0474607 0.908828 0.873246 -0.301925 0.382468 -0.763481 2.25256 1.09181</i>
                        <i>0.264252 0.948839 0.172845 -0.411818 -0.0510482 0.909835 0.872111 -0.311606 0.377259 -0.769934 2.25951 1.09822</i>
                        <i>0.281396 0.941367 0.186133 -0.404204 -0.0596433 0.912722 0.870308 -0.332072 0.36372 -0.784017 2.27352 1.11579</i>
                        <i>0.305119 0.930199 0.20404 -0.392772 -0.072264 0.916792 0.867544 -0.359872 0.343307 -0.801809 2.28688 1.1399</i>
                        <i>0.332847 0.91594 0.224201 -0.378683 -0.0879117 0.921342 0.863604 -0.391567 0.31759 -0.81938 2.29186 1.16592</i>
                        <i>0.362069 0.899513 0.244507 -0.363132 -0.105471 0.925749 0.858511 -0.423973 0.288454 -0.832812 2.28074 1.18918</i>
                        <i>0.390431 0.882192 0.26325 -0.347367 -0.123646 0.929542 0.852584 -0.454366 0.258169 -0.841948 2.24416 1.21264</i>
                        <i>0.415815 0.865538 0.279182 -0.332702 -0.140928 0.932442 0.846408 -0.480608 0.229366 -0.849193 2.18722 1.23919</i>
                        <i>0.43635 0.851265 0.291457 -0.32052 -0.155616 0.934372 0.840753 -0.501131 0.204945 -0.854526 2.12382 1.26407</i>
                        <i>0.450353 0.841123 0.299489 -0.31225 -0.165875 0.935407 0.83647 -0.514779 0.187938 -0.857962 2.06788 1.28246</i>
                        <i>0.456192 0.836808 0.302723 -0.309329 -0.169852 0.935663 0.834388 -0.520484 0.181364 -0.859525 2.03332 1.28955</i>
                        <i>0.463659 0.832054 0.304479 -0.31013 -0.169501 0.935462 0.829964 -0.528163 0.179454 -0.85898 2.02606 1.28987</i>
                        <i>0.479064 0.82214 0.307545 -0.311827 -0.168116 0.935148 0.820525 -0.543896 0.175827 -0.856588 2.03687 1.29096</i>
                        <i>0.495561 0.811193 0.31046 -0.314014 -0.165937 0.934805 0.809824 -0.560741 0.172494 -0.85311 2.05698 1.2925</i>
                        <i>0.506421 0.803921 0.311847 -0.31631 -0.163245 0.934505 0.802176 -0.571893 0.171618 -0.849317 2.07765 1.29419</i>
                        <i>0.504844 0.805493 0.310344 -0.318406 -0.160404 0.934285 0.802341 -0.570483 0.175495 -0.845962 2.09026 1.29576</i>
                        <i>0.493717 0.813771 0.306626 -0.320344 -0.157612 0.934098 0.80847 -0.559406 0.182871 -0.842963 2.09562 1.2972</i>
                        <i>0.48136 0.822647 0.302563 -0.322302 -0.154883 0.933881 0.815116 -0.547049 0.190586 -0.839851 2.10027 1.29865</i>
                        <i>0.468924 0.83126 0.298524 -0.324255 -0.152367 0.933618 0.821565 -0.534594 0.198092 -0.836773 2.10422 1.30003</i>
                        <i>0.457689 0.838763 0.294954 -0.326195 -0.150201 0.933293 0.827114 -0.523371 0.204855 -0.833889 2.10749 1.30124</i>
                        <i>0.448917 0.844396 0.292349 -0.328163 -0.148517 0.932873 0.831133 -0.514721 0.210428 -0.8314 2.11013 1.30218</i>
                        <i>0.442863 0.84805 0.291005 -0.330197 -0.147488 0.932318 0.833572 -0.508978 0.214707 -0.829585 2.11219 1.30272</i>
                        <i>0.439502 0.849747 0.291149 -0.332302 -0.147322 0.931596 0.834514 -0.506188 0.217624 -0.828711 2.1137 1.30272</i>
                        <i>0.438277 0.84991 0.292518 -0.334473 -0.147856 0.930734 0.834291 -0.505758 0.21947 -0.828586 2.11464 1.30227</i>
                        <i>0.438035 0.849341 0.294526 -0.336692 -0.148778 0.929787 0.833525 -0.506444 0.220797 -0.828847 2.11492 1.30159</i>
                        <i>0.438643 0.84813 0.2971 -0.338936 -0.150053 0.928766 0.832295 -0.508094 0.221642 -0.829445 2.11457 1.30069</i>
                        <i>0.439958 0.846369 0.30016 -0.341178 -0.151648 0.927685 0.830683 -0.51055 0.222045 -0.830329 2.11368 1.2996</i>
                        <i>0.441838 0.844152 0.303622 -0.343394 -0.153525 0.926558 0.82877 -0.51365 0.222044 -0.831448 2.11232 1.29836</i>
                        <i>0.444143 0.841572 0.307398 -0.345561 -0.155646 0.925398 0.826635 -0.517234 0.221686 -0.832754 2.11056 1.29699</i>
                        <i>0.446738 0.838721 0.311402 -0.34766 -0.157967 0.924218 0.824353 -0.521146 0.22102 -0.834197 2.10849 1.29553</i>
                        <i>0.449499 0.835692 0.315547 -0.349678 -0.160442 0.92303 0.821995 -0.525241 0.220105 -0.835728 2.10616 1.294</i>
                        <i>0.452309 0.832572 0.31975 -0.351609 -0.163018 0.921844 0.819627 -0.529386 0.219005 -0.837303 2.10366 1.29243</i>
                        <i>0.455067 0.829448 0.323929 -0.353452 -0.165638 0.920671 0.817304 -0.533461 0.217794 -0.838877 2.10107 1.29086</i>
                        <i>0.457682 0.8264 0.328009 -0.355218 -0.16824 0.919519 0.815075 -0.537362 0.216552 -0.840408 2.09848 1.28931</i>
                        <i>0.460077 0.823505 0.331917 -0.356922 -0.170757 0.918395 0.81298 -0.541 0.215366 -0.841857 2.09595 1.28783</i>
                        <i>0.462185 0.820834 0.335585 -0.358588 -0.173116 0.917304 0.811049 -0.5443 0.214329 -0.843186 2.09358 1.28643</i>
                        <i>0.46395 0.818453 0.338948 -0.360246 -0.175239 0.91625 0.809304 -0.547199 0.213542 -0.844359 2.09145 1.28515</i>
                        <i>0.465324 0.816424 0.341944 -0.361933 -0.177045 0.915237 0.807761 -0.549643 0.213107 -0.845343 2.08964 1.28402</i>
                        <i>0.466265 0.814806 0.344512 -0.363687 -0.17845 0.914269 0.80643 -0.551586 0.21313 -0.846104 2.08826 1.28306</i>
                        <i>0.46673 0.813658 0.346589 -0.365548 -0.179367 0.913347 0.805318 -0.552981 0.213716 -0.84661 2.08738 1.28232</i>
                        <i>0.466675 0.813041 0.348107 -0.367554 -0.179708 0.912474 0.804437 -0.553777 0.214971 -0.846829 2.08709 1.28182</i>
                        <i>0.466062 0.813664 0.347473 -0.365882 -0.180328 0.913023 0.805553 -0.55266 0.213661 -0.846853 2.08717 1.28196</i>
                        <i>0.464858 0.815991 0.343606 -0.357774 -0.181869 0.915926 0.809879 -0.548709 0.207397 -0.846768 2.08729 1.28301</i>
                        <i>0.462953 0.819736 0.337204 -0.344813 -0.183909 0.920479 0.816565 -0.542411 0.197515 -0.846516 2.08742 1.28478</i>
                        <i>0.460217 0.82461 0.328967 -0.32856 -0.186037 0.92598 0.824772 -0.534237 0.185317 -0.84603 2.08754 1.28711</i>
                        <i>0.456575 0.830297 0.319603 -0.310582 -0.187885 0.931793 0.833714 -0.524696 0.172092 -0.845258 2.0876 1.2898</i>
                        <i>0.452058 0.836453 0.309821 -0.292466 -0.189143 0.937384 0.842679 -0.514364 0.15913 -0.84417 2.08758 1.29266</i>
                        <i>0.446827 0.842707 0.300319 -0.275832 -0.189567 0.942327 0.851036 -0.503894 0.147742 -0.842764 2.08747 1.29546</i>
                        <i>0.441164 0.848669 0.291778 -0.262347 -0.188965 0.946291 0.858224 -0.494017 0.139282 -0.841071 2.08727 1.298</i>
                        <i>0.435456 0.85395 0.284864 -0.253739 -0.187178 0.94899 0.86371 -0.485524 0.135172 -0.839139 2.08696 1.30008</i>
                        <i>0.430139 0.858163 0.280242 -0.251815 -0.184052 0.950113 0.866931 -0.47925 0.136931 -0.837025 2.08656 1.30153</i>
                        <i>0.425249 0.862509 0.274301 -0.253715 -0.177317 0.950888 0.868788 -0.473958 0.143428 -0.83284 2.08989 1.29769</i>
                        <i>0.419043 0.868762 0.263923 -0.257115 -0.165238 0.952149 0.870801 -0.46685 0.15413 -0.82534 2.10003 1.28537</i>
                        <i>0.409446 0.877282 0.250458 -0.264145 -0.148775 0.952939 0.873259 -0.456335 0.170815 -0.815622 2.11587 1.26655</i>
                        <i>0.394787 0.888191 0.235073 -0.275672 -0.129556 0.952481 0.876441 -0.44083 0.193702 -0.805019 2.13628 1.2431</i>
                        <i>0.373645 0.901437 0.218636 -0.291527 -0.109639 0.950259 0.880569 -0.418798 0.221826 -0.795044 2.16009 1.21671</i>
