<?xml version="1.0" encoding="ISO-8859-1" ?>
<Animl Version="1">
    <ModellingPackage><![CDATA[Maya.2010]]></ModellingPackage>
    <SrcFile><![CDATA[anims\turrets\antitank\red\~src\at_b10_recoilless\b10recoilless_aim_low_crewman_c.mb]]></SrcFile>
    <FramesPerSecond>30</FramesPerSecond>
    <TotalFrames>30</TotalFrames>
    <Skeleton>
        <RefFrame>
            <Name><![CDATA[soldier_ref_frame]]></Name>
            <Exclude>0</Exclude>
            <Additive>0</Additive>
            <IKPriority>0</IKPriority>
            <IKRotLimits>-1e+010 -1e+010 -1e+010 1e+010 1e+010 1e+010</IKRotLimits>
            <IKRotLimitOrder>0</IKRotLimitOrder>
            <KeyFrames count="30">
                <i>1 0 0 0 1 0 0 0 1 -0.72 0.92 1.18</i>
                <i>1 0 0 0 1 0 0 0 1 -0.72 0.92 1.18</i>
                <i>1 0 0 0 1 0 0 0 1 -0.72 0.92 1.18</i>
                <i>1 0 0 0 1 0 0 0 1 -0.72 0.92 1.18</i>
                <i>1 0 0 0 1 0 0 0 1 -0.72 0.92 1.18</i>
                <i>1 0 0 0 1 0 0 0 1 -0.72 0.92 1.18</i>
                <i>1 0 0 0 1 0 0 0 1 -0.72 0.92 1.18</i>
                <i>1 0 0 0 1 0 0 0 1 -0.72 0.92 1.18</i>
                <i>1 0 0 0 1 0 0 0 1 -0.72 0.92 1.18</i>
                <i>1 0 0 0 1 0 0 0 1 -0.72 0.92 1.18</i>
                <i>1 0 0 0 1 0 0 0 1 -0.72 0.92 1.18</i>
                <i>1 0 0 0 1 0 0 0 1 -0.72 0.92 1.18</i>
                <i>1 0 0 0 1 0 0 0 1 -0.72 0.92 1.18</i>
                <i>1 0 0 0 1 0 0 0 1 -0.72 0.92 1.18</i>
                <i>1 0 0 0 1 0 0 0 1 -0.72 0.92 1.18</i>
                <i>1 0 0 0 1 0 0 0 1 -0.72 0.92 1.18</i>
                <i>1 0 0 0 1 0 0 0 1 -0.72 0.92 1.18</i>
                <i>1 0 0 0 1 0 0 0 1 -0.72 0.92 1.18</i>
                <i>1 0 0 0 1 0 0 0 1 -0.72 0.92 1.18</i>
                <i>1 0 0 0 1 0 0 0 1 -0.72 0.92 1.18</i>
                <i>1 0 0 0 1 0 0 0 1 -0.72 0.92 1.18</i>
                <i>1 0 0 0 1 0 0 0 1 -0.72 0.92 1.18</i>
                <i>1 0 0 0 1 0 0 0 1 -0.72 0.92 1.18</i>
                <i>1 0 0 0 1 0 0 0 1 -0.72 0.92 1.18</i>
                <i>1 0 0 0 1 0 0 0 1 -0.72 0.92 1.18</i>
                <i>1 0 0 0 1 0 0 0 1 -0.72 0.92 1.18</i>
                <i>1 0 0 0 1 0 0 0 1 -0.72 0.92 1.18</i>
                <i>1 0 0 0 1 0 0 0 1 -0.72 0.92 1.18</i>
                <i>1 0 0 0 1 0 0 0 1 -0.72 0.92 1.18</i>
                <i>1 0 0 0 1 0 0 0 1 -0.72 0.92 1.18</i>
            </KeyFrames>
        </RefFrame>
        <Bones count="23">
            <i>
                <p>
                    <Name><![CDATA[pelvis]]></Name>
                    <Exclude>0</Exclude>
                    <Additive>0</Additive>
                    <IKPriority>0</IKPriority>
                    <IKRotLimits>-1e+010 -1e+010 -1e+010 1e+010 1e+010 1e+010</IKRotLimits>
                    <IKRotLimitOrder>2</IKRotLimitOrder>
                    <KeyFrames count="30">
                        <i>1 0 0 0 1 0 0 0 1 -0.688322 1.98836 1.0416</i>
                        <i>1 0 0 0 1 0 0 0 1 -0.688353 1.98863 1.04156</i>
                        <i>1 0 0 0 1 0 0 0 1 -0.688386 1.98941 1.04153</i>
                        <i>1 0 0 0 1 0 0 0 1 -0.688422 1.9906 1.04149</i>
                        <i>1 0 0 0 1 0 0 0 1 -0.68846 1.99215 1.04145</i>
                        <i>1 0 0 0 1 0 0 0 1 -0.688498 1.99396 1.0414</i>
                        <i>1 0 0 0 1 0 0 0 1 -0.688536 1.99597 1.04136</i>
                        <i>1 0 0 0 1 0 0 0 1 -0.688573 1.99809 1.04132</i>
                        <i>1 0 0 0 1 0 0 0 1 -0.688609 2.00025 1.04128</i>
                        <i>1 0 0 0 1 0 0 0 1 -0.688643 2.00238 1.04124</i>
                        <i>1 0 0 0 1 0 0 0 1 -0.688673 2.00438 1.04121</i>
                        <i>1 0 0 0 1 0 0 0 1 -0.6887 2.0062 1.04118</i>
                        <i>1 0 0 0 1 0 0 0 1 -0.688722 2.00775 1.04115</i>
                        <i>1 0 0 0 1 0 0 0 1 -0.688739 2.00895 1.04114</i>
                        <i>1 0 0 0 1 0 0 0 1 -0.68875 2.00972 1.04112</i>
                        <i>1 0 0 0 1 0 0 0 1 -0.688753 2.01 1.04112</i>
                        <i>1 0 0 0 1 0 0 0 1 -0.688745 2.00968 1.04113</i>
                        <i>1 0 0 0 1 0 0 0 1 -0.688722 2.0088 1.04115</i>
                        <i>1 0 0 0 1 0 0 0 1 -0.688688 2.00743 1.04119</i>
                        <i>1 0 0 0 1 0 0 0 1 -0.688644 2.00569 1.04124</i>
                        <i>1 0 0 0 1 0 0 0 1 -0.688595 2.00366 1.0413</i>
                        <i>1 0 0 0 1 0 0 0 1 -0.688541 2.00145 1.04135</i>
                        <i>1 0 0 0 1 0 0 0 1 -0.688487 1.99914 1.04141</i>
                        <i>1 0 0 0 1 0 0 0 1 -0.688435 1.99683 1.04147</i>
                        <i>1 0 0 0 1 0 0 0 1 -0.688388 1.99462 1.04152</i>
                        <i>1 0 0 0 1 0 0 0 1 -0.688349 1.9926 1.04157</i>
                        <i>1 0 0 0 1 0 0 0 1 -0.68832 1.99087 1.0416</i>
                        <i>1 0 0 0 1 0 0 0 1 -0.688304 1.98952 1.04162</i>
                        <i>1 0 0 0 1 0 0 0 1 -0.688304 1.98865 1.04162</i>
                        <i>1 0 0 0 1 0 0 0 1 -0.688322 1.98836 1.0416</i>
                    </KeyFrames>
                </p>
            </i>
            <i>
                <p>
                    <Name><![CDATA[spine0]]></Name>
                    <Exclude>0</Exclude>
                    <Additive>0</Additive>
                    <IKPriority>0</IKPriority>
                    <IKRotLimits>-1e+010 -1e+010 -1e+010 1e+010 1e+010 1e+010</IKRotLimits>
                    <IKRotLimitOrder>0</IKRotLimitOrder>
                    <KeyFrames count="30">
                        <i>0.0766325 0.994547 0.0707365 -0.742023 0.00949968 0.670307 0.66598 -0.103855 0.738705 -0.713811 2.1271 1.01334</i>
                        <i>0.0851333 0.993207 0.0793227 -0.741985 0.0100626 0.670341 0.66499 -0.115925 0.737801 -0.713745 2.12741 1.01342</i>
                        <i>0.0942656 0.991619 0.0883454 -0.741921 0.0108014 0.6704 0.663827 -0.128741 0.736722 -0.713504 2.12829 1.01368</i>
                        <i>0.103591 0.989838 0.0974174 -0.741835 0.0116497 0.670481 0.662533 -0.141724 0.735503 -0.713114 2.12966 1.01411</i>
                        <i>0.112681 0.987944 0.106161 -0.741729 0.0125402 0.670582 0.661166 -0.154305 0.7342 -0.712599 2.13142 1.01469</i>
                        <i>0.12111 0.986047 0.114206 -0.741607 0.0134051 0.670701 0.659811 -0.165925 0.732883 -0.711984 2.13348 1.01537</i>
                        <i>0.128462 0.984282 0.12119 -0.741476 0.014176 0.67083 0.658567 -0.176036 0.731642 -0.711292 2.13576 1.01613</i>
                        <i>0.134322 0.982797 0.126756 -0.741344 0.0147851 0.670962 0.657546 -0.184095 0.730577 -0.710549 2.13816 1.01696</i>
                        <i>0.138189 0.981777 0.130448 -0.741224 0.0151634 0.671087 0.65688 -0.189428 0.729812 -0.709779 2.1406 1.01781</i>
                        <i>0.139808 0.981336 0.13204 -0.741125 0.0152758 0.671194 0.656649 -0.191696 0.729428 -0.709008 2.14299 1.01867</i>
                        <i>0.139499 0.981411 0.131808 -0.741049 0.0151778 0.67128 0.656801 -0.191319 0.72939 -0.70826 2.14524 1.0195</i>
                        <i>0.137669 0.981897 0.130098 -0.740994 0.0149419 0.671345 0.657248 -0.188825 0.729637 -0.707562 2.14728 1.02027</i>
                        <i>0.134472 0.982739 0.127051 -0.740964 0.0145901 0.671387 0.657944 -0.184423 0.730136 -0.706938 2.14902 1.02096</i>
                        <i>0.130059 0.983872 0.122807 -0.740958 0.0141436 0.671402 0.658837 -0.178317 0.730847 -0.706416 2.15037 1.02154</i>
                        <i>0.124578 0.985228 0.1175 -0.740978 0.0136228 0.671391 0.659873 -0.170706 0.731729 -0.706019 2.15126 1.02198</i>
                        <i>0.118175 0.98674 0.111263 -0.741022 0.0130469 0.671354 0.661 -0.161786 0.732738 -0.705774 2.1516 1.02225</i>
                        <i>0.110987 0.988342 0.104219 -0.741089 0.0124346 0.671291 0.66217 -0.15174 0.73383 -0.705704 2.1513 1.02233</i>
                        <i>0.103141 0.989976 0.0964827 -0.741179 0.0118048 0.671203 0.663336 -0.140739 0.734968 -0.705859 2.15036 1.02216</i>
                        <i>0.0948633 0.991569 0.0882744 -0.741288 0.0111749 0.671094 0.66445 -0.129099 0.736098 -0.70625 2.14888 1.02172</i>
                        <i>0.0864672 0.993045 0.0799119 -0.741406 0.010562 0.670974 0.665463 -0.117264 0.737162 -0.706834 2.14697 1.02108</i>
                        <i>0.0785765 0.994301 0.0720461 -0.741524 0.00999108 0.670851 0.666309 -0.106137 0.738084 -0.707567 2.14471 1.02026</i>
                        <i>0.0717311 0.995288 0.0652368 -0.741637 0.00948667 0.670734 0.666955 -0.0964945 0.738824 -0.708406 2.14222 1.01933</i>
                        <i>0.0661528 0.996022 0.0596937 -0.74174 0.00907209 0.670626 0.667417 -0.088641 0.73939 -0.709307 2.1396 1.01833</i>
                        <i>0.0620327 0.996524 0.0556045 -0.741829 0.00876357 0.670532 0.667714 -0.0828439 0.739794 -0.710229 2.13696 1.01731</i>
                        <i>0.0595199 0.996813 0.0531244 -0.741903 0.00856795 0.670452 0.66786 -0.0793184 0.740049 -0.711127 2.13442 1.01632</i>
                        <i>0.058769 0.996895 0.052416 -0.741963 0.00849175 0.670387 0.66786 -0.0782888 0.740158 -0.71196 2.13208 1.01539</i>
                        <i>0.0599399 0.996759 0.0536479 -0.742006 0.00854116 0.670339 0.667708 -0.0799871 0.740113 -0.712686 2.13006 1.01459</i>
                        <i>0.0631965 0.996372 0.0569939 -0.742032 0.00872202 0.670307 0.667379 -0.0846524 0.739892 -0.713264 2.12847 1.01395</i>
                        <i>0.0687052 0.995669 0.062631 -0.742039 0.00903982 0.670296 0.666826 -0.0925275 0.739447 -0.713653 2.12745 1.01352</i>
                        <i>0.0766325 0.994547 0.0707365 -0.742023 0.00949968 0.670307 0.66598 -0.103855 0.738705 -0.713811 2.1271 1.01334</i>
                    </KeyFrames>
                </p>
            </i>
            <i>
                <p>
                    <Name><![CDATA[spine1]]></Name>
                    <Exclude>0</Exclude>
                    <Additive>0</Additive>
                    <IKPriority>0</IKPriority>
                    <IKRotLimits>-1e+010 -1e+010 -1e+010 1e+010 1e+010 1e+010</IKRotLimits>
                    <IKRotLimitOrder>0</IKRotLimitOrder>
                    <KeyFrames count="30">
                        <i>0.195025 0.963133 0.185309 -0.736629 0.0190904 0.676027 0.647567 -0.268346 0.713195 -0.700623 2.29829 1.02552</i>
                        <i>0.20474 0.959442 0.193782 -0.736508 0.0206097 0.676115 0.6447 -0.28115 0.710856 -0.699112 2.29814 1.02705</i>
                        <i>0.216013 0.955001 0.203252 -0.736278 0.0226029 0.676302 0.641275 -0.29574 0.708028 -0.697322 2.29852 1.02885</i>
                        <i>0.227985 0.950071 0.213044 -0.735957 0.0248899 0.676571 0.637488 -0.311039 0.704886 -0.695355 2.29935 1.03082</i>
                        <i>0.239803 0.944983 0.22249 -0.735566 0.0272884 0.676903 0.63359 -0.32598 0.701641 -0.693309 2.30054 1.03286</i>
                        <i>0.250625 0.940138 0.23093 -0.735136 0.0296136 0.677273 0.629891 -0.339506 0.69855 -0.691279 2.30204 1.03489</i>
                        <i>0.25961 0.936001 0.237709 -0.734701 0.0316795 0.677651 0.626751 -0.35057 0.695905 -0.689362 2.30376 1.03682</i>
                        <i>0.26592 0.933079 0.242177 -0.734307 0.0332996 0.678001 0.624564 -0.358126 0.694021 -0.687651 2.30567 1.03857</i>
                        <i>0.268672 0.931911 0.243635 -0.734001 0.0342867 0.678282 0.623745 -0.361063 0.693236 -0.686252 2.30771 1.04002</i>
                        <i>0.267548 0.932698 0.241852 -0.733813 0.0345668 0.678472 0.624449 -0.358998 0.693674 -0.685233 2.30982 1.04112</i>
                        <i>0.263419 0.934973 0.237564 -0.733721 0.0342995 0.678584 0.626309 -0.353058 0.695045 -0.68456 2.31193 1.04189</i>
                        <i>0.257222 0.938199 0.23156 -0.733702 0.0336599 0.678637 0.628902 -0.344456 0.697017 -0.684189 2.31393 1.04236</i>
                        <i>0.249318 0.942121 0.224164 -0.73375 0.0327051 0.678632 0.632022 -0.333675 0.699435 -0.684118 2.31573 1.04252</i>
                        <i>0.240077 0.946484 0.215712 -0.733858 0.0314918 0.678572 0.635464 -0.321211 0.702146 -0.684346 2.31726 1.04238</i>
                        <i>0.229882 0.951048 0.206546 -0.734019 0.0300756 0.678463 0.639039 -0.307575 0.705001 -0.684874 2.31842 1.04192</i>
                        <i>0.219128 0.955596 0.197025 -0.734222 0.0285108 0.678311 0.642574 -0.293297 0.707867 -0.685705 2.31911 1.04115</i>
                        <i>0.208216 0.959942 0.187504 -0.734459 0.0268509 0.678122 0.645923 -0.27891 0.710629 -0.686838 2.31924 1.04005</i>
                        <i>0.197763 0.963845 0.178586 -0.734722 0.0251458 0.677902 0.648902 -0.265275 0.713131 -0.688304 2.3188 1.03858</i>
                        <i>0.188228 0.967179 0.170692 -0.735 0.0234459 0.677662 0.651418 -0.253014 0.715289 -0.690077 2.31788 1.03677</i>
                        <i>0.179808 0.969944 0.163945 -0.735276 0.0218045 0.677417 0.653482 -0.24235 0.717097 -0.692065 2.31655 1.03473</i>
                        <i>0.172844 0.972091 0.15863 -0.735543 0.02028 0.677174 0.655058 -0.233725 0.718521 -0.69412 2.31485 1.03259</i>
                        <i>0.167638 0.973589 0.154989 -0.735797 0.0189293 0.676937 0.656125 -0.227521 0.719537 -0.696108 2.31286 1.03052</i>
                        <i>0.164422 0.974426 0.153166 -0.736025 0.0178237 0.67672 0.656683 -0.224002 0.720132 -0.697947 2.31066 1.02859</i>
                        <i>0.163285 0.974613 0.153188 -0.736221 0.0170097 0.676527 0.656747 -0.223247 0.720308 -0.699561 2.30837 1.02688</i>
                        <i>0.164138 0.974194 0.154937 -0.736385 0.0165016 0.676362 0.65635 -0.22511 0.72009 -0.70088 2.30608 1.02546</i>
                        <i>0.16689 0.973186 0.158292 -0.736516 0.0163143 0.676224 0.655509 -0.22944 0.71949 -0.701834 2.3039 1.02443</i>
                        <i>0.171448 0.971593 0.16313 -0.736611 0.0164633 0.676116 0.654225 -0.236083 0.718509 -0.702354 2.30194 1.02384</i>
                        <i>0.177718 0.969404 0.169329 -0.736667 0.0169646 0.676043 0.652486 -0.244884 0.717142 -0.702371 2.30028 1.02377</i>
                        <i>0.185607 0.966594 0.176763 -0.736676 0.0178347 0.676011 0.650276 -0.255689 0.715377 -0.701816 2.29904 1.02431</i>
                        <i>0.195025 0.963133 0.185309 -0.736629 0.0190904 0.676027 0.647567 -0.268346 0.713195 -0.700623 2.29829 1.02552</i>
                    </KeyFrames>
                </p>
            </i>
            <i>
                <p>
                    <Name><![CDATA[spine2]]></Name>
                    <Exclude>0</Exclude>
                    <Additive>0</Additive>
                    <IKPriority>0</IKPriority>
                    <IKRotLimits>-1e+010 -1e+010 -1e+010 1e+010 1e+010 1e+010</IKRotLimits>
                    <IKRotLimitOrder>0</IKRotLimitOrder>
                    <KeyFrames count="30">
                        <i>0.299046 0.904221 0.304887 -0.732645 0.0128538 0.680489 0.611394 -0.426871 0.666317 -0.669704 2.45088 1.05489</i>
                        <i>0.297567 0.906103 0.300717 -0.732429 0.0146265 0.680686 0.612373 -0.422804 0.668009 -0.666699 2.44995 1.05772</i>
                        <i>0.299633 0.905757 0.299707 -0.732091 0.0168463 0.680999 0.611771 -0.423462 0.668144 -0.663175 2.44942 1.06097</i>
                        <i>0.304309 0.903725 0.301126 -0.731655 0.0193212 0.681401 0.609982 -0.427677 0.667094 -0.659368 2.44926 1.06444</i>
                        <i>0.310653 0.900519 0.304239 -0.731153 0.02186 0.681864 0.60738 -0.434267 0.665208 -0.655513 2.44943 1.06792</i>
                        <i>0.317726 0.896658 0.308308 -0.730625 0.0242736 0.682347 0.604349 -0.442057 0.662833 -0.65184 2.44994 1.07122</i>
                        <i>0.324601 0.892698 0.31261 -0.730122 0.0263762 0.682807 0.601295 -0.449883 0.66034 -0.648572 2.4508 1.07416</i>
                        <i>0.33036 0.889233 0.316427 -0.729703 0.0279844 0.683191 0.598662 -0.456597 0.658121 -0.645931 2.45204 1.07655</i>
                        <i>0.334252 0.886776 0.319223 -0.729429 0.0289152 0.683445 0.596833 -0.461293 0.656505 -0.644159 2.45371 1.07818</i>
                        <i>0.336064 0.885504 0.320849 -0.729324 0.0291178 0.683549 0.595943 -0.463719 0.655604 -0.643366 2.45578 1.07896</i>
                        <i>0.336519 0.884975 0.321829 -0.729348 0.0287658 0.683538 0.595656 -0.464749 0.655135 -0.643381 2.4581 1.07902</i>
                        <i>0.336269 0.884777 0.322634 -0.729461 0.02802 0.683448 0.595659 -0.465171 0.654833 -0.644008 2.4605 1.07852</i>
                        <i>0.335426 0.884854 0.3233 -0.729648 0.0269368 0.683292 0.595905 -0.465089 0.654667 -0.645187 2.46287 1.07751</i>
                        <i>0.334108 0.885145 0.323867 -0.729895 0.0255732 0.683081 0.596344 -0.464612 0.654607 -0.646862 2.46507 1.07605</i>
                        <i>0.332433 0.885588 0.324379 -0.730184 0.0239869 0.682829 0.596924 -0.463851 0.654617 -0.648973 2.46698 1.07417</i>
                        <i>0.330525 0.886119 0.324879 -0.730503 0.0222364 0.682548 0.597594 -0.462924 0.654662 -0.651461 2.46848 1.07192</i>
                        <i>0.328504 0.886676 0.32541 -0.730835 0.0203812 0.68225 0.598302 -0.461942 0.654709 -0.654268 2.46942 1.06936</i>
                        <i>0.32663 0.887089 0.32617 -0.731168 0.0184771 0.681947 0.598921 -0.461229 0.654646 -0.657326 2.4698 1.06654</i>
                        <i>0.325078 0.887257 0.32726 -0.73149 0.0165841 0.681651 0.599372 -0.460977 0.654411 -0.66054 2.46966 1.06355</i>
                        <i>0.323869 0.887202 0.328606 -0.731789 0.0147668 0.681371 0.599661 -0.461146 0.654027 -0.663791 2.46905 1.0605</i>
                        <i>0.322472 0.887365 0.329538 -0.732064 0.0130934 0.68111 0.600079 -0.460882 0.65383 -0.666882 2.468 1.05758</i>
                        <i>0.320491 0.888084 0.329535 -0.732312 0.0116302 0.68087 0.600837 -0.459535 0.654082 -0.669637 2.46653 1.05498</i>
                        <i>0.318273 0.889134 0.32885 -0.73252 0.010465 0.680665 0.601761 -0.457527 0.654639 -0.671937 2.46473 1.05281</i>
                        <i>0.315999 0.890406 0.3276 -0.732682 0.00965238 0.680502 0.602761 -0.455065 0.655435 -0.673689 2.46269 1.05114</i>
                        <i>0.313629 0.89193 0.325726 -0.7328 0.00920473 0.680382 0.603855 -0.452079 0.656493 -0.67484 2.46052 1.05003</i>
                        <i>0.311126 0.893735 0.323168 -0.732873 0.00913399 0.680304 0.60506 -0.448502 0.657836 -0.675334 2.45831 1.04955</i>
                        <i>0.308453 0.895847 0.319868 -0.732899 0.00945188 0.680272 0.606396 -0.444263 0.65948 -0.675118 2.45615 1.04974</i>
                        <i>0.305573 0.898286 0.315764 -0.732874 0.01017 0.680288 0.607882 -0.439293 0.661438 -0.674141 2.45414 1.05066</i>
                        <i>0.30245 0.901072 0.310793 -0.732792 0.0113 0.680359 0.60954 -0.433521 0.663717 -0.672353 2.45236 1.05236</i>
                        <i>0.299046 0.904221 0.304887 -0.732645 0.0128538 0.680489 0.611394 -0.426871 0.666317 -0.669704 2.45088 1.05489</i>
                    </KeyFrames>
                </p>
            </i>
            <i>
                <p>
                    <Name><![CDATA[head]]></Name>
                    <Exclude>0</Exclude>
                    <Additive>0</Additive>
                    <IKPriority>0</IKPriority>
                    <IKRotLimits>-1e+010 -1e+010 -1e+010 1e+010 1e+010 1e+010</IKRotLimits>
                    <IKRotLimitOrder>0</IKRotLimitOrder>
                    <KeyFrames count="30">
                        <i>0.0418655 0.986076 0.16094 -0.0808893 0.163897 -0.983155 -0.995843 0.028142 0.0866246 -0.600302 2.68893 1.12626</i>
                        <i>0.031511 0.990141 0.136487 -0.0832542 0.138681 -0.986831 -0.99603 0.0197329 0.0868033 -0.598673 2.68877 1.12695</i>
                        <i>0.0260956 0.992642 0.118243 -0.0847092 0.120053 -0.989147 -0.996064 0.0157961 0.0872186 -0.595477 2.6884 1.12904</i>
                        <i>0.0247523 0.994085 0.105743 -0.085597 0.107494 -0.990514 -0.996022 0.0154663 0.0877514 -0.591184 2.68793 1.13215</i>
                        <i>0.0265924 0.994782 0.0984965 -0.0861085 0.100445 -0.99121 -0.995931 0.0178773 0.0883303 -0.586263 2.68746 1.13587</i>
                        <i>0.0307152 0.994908 0.0959951 -0.0863265 0.0983221 -0.991403 -0.995793 0.0221642 0.0889068 -0.581178 2.6871 1.13985</i>
                        <i>0.0362138 0.994555 0.0977226 -0.0862668 0.100533 -0.991187 -0.995614 0.0274645 0.0894377 -0.576387 2.68699 1.1437</i>
                        <i>0.0421769 0.99377 0.103158 -0.085917 0.106475 -0.990596 -0.995409 0.0329173 0.0898726 -0.572342 2.6873 1.14705</i>
                        <i>0.0479823 0.992539 0.112094 -0.0852291 0.115883 -0.9896 -0.995205 0.0379295 0.0901534 -0.569455 2.68819 1.14957</i>
                        <i>0.0535247 0.990684 0.125221 -0.0841191 0.129428 -0.988014 -0.995017 0.0423497 0.090263 -0.567882 2.68967 1.15115</i>
                        <i>0.0593008 0.987965 0.142861 -0.0825054 0.147474 -0.985619 -0.994825 0.0466611 0.0902578 -0.567294 2.6915 1.15202</i>
                        <i>0.0655547 0.984245 0.164211 -0.080366 0.169238 -0.982293 -0.994607 0.0511969 0.0901942 -0.567368 2.69344 1.15242</i>
                        <i>0.0720587 0.979507 0.188079 -0.077748 0.193512 -0.978013 -0.994366 0.0558515 0.0900988 -0.568045 2.69536 1.15237</i>
                        <i>0.0785928 0.973825 0.213279 -0.0747323 0.219094 -0.972838 -0.994102 0.0605192 0.0899956 -0.569267 2.69716 1.15191</i>
                        <i>0.0849507 0.967385 0.238641 -0.0714367 0.244804 -0.966937 -0.993821 0.0650943 0.0899031 -0.570975 2.69869 1.15105</i>
                        <i>0.0909437 0.960496 0.263016 -0.0680136 0.269484 -0.9606 -0.993531 0.0694718 0.0898346 -0.573108 2.69985 1.14984</i>
                        <i>0.0963972 0.953584 0.285282 -0.0646478 0.29201 -0.954228 -0.993241 0.0735421 0.089796 -0.575607 2.70051 1.14828</i>
                        <i>0.101204 0.947153 0.3044 -0.0615327 0.311345 -0.948303 -0.992961 0.0772412 0.0897902 -0.578374 2.70063 1.14646</i>
                        <i>0.105299 0.941754 0.319392 -0.0588633 0.326517 -0.943357 -0.992697 0.0805343 0.0898166 -0.581298 2.70027 1.14445</i>
                        <i>0.108627 0.937959 0.329293 -0.0568355 0.336571 -0.939941 -0.992456 0.0833875 0.08987 -0.584263 2.69949 1.14235</i>
                        <i>0.110243 0.936347 0.333318 -0.0558536 0.340669 -0.938523 -0.992334 0.0848488 0.0898546 -0.58727 2.69843 1.1401</i>
                        <i>0.109466 0.937023 0.33167 -0.0561112 0.338968 -0.939123 -0.992405 0.0841916 0.089683 -0.59029 2.69723 1.13772</i>
                        <i>0.106744 0.939689 0.324946 -0.0573995 0.332092 -0.941499 -0.992628 0.081848 0.0893868 -0.593107 2.69591 1.13538</i>
                        <i>0.102336 0.944032 0.313578 -0.0595296 0.32048 -0.945383 -0.992967 0.0780798 0.0889944 -0.595577 2.69451 1.1332</i>
                        <i>0.0962687 0.949761 0.297801 -0.062358 0.304358 -0.950514 -0.9934 0.0729345 0.0885255 -0.597648 2.69312 1.13124</i>
                        <i>0.0885634 0.956535 0.277846 -0.0657221 0.283946 -0.956585 -0.9939 0.0664578 0.0880127 -0.599269 2.69183 1.12954</i>
                        <i>0.0792412 0.963969 0.253938 -0.0694444 0.259458 -0.963254 -0.994434 0.0586948 0.087502 -0.600391 2.6907 1.12815</i>
                        <i>0.0683271 0.971655 0.226314 -0.0733384 0.231122 -0.970157 -0.994964 0.0496905 0.0870516 -0.600967 2.6898 1.12712</i>
                        <i>0.0558542 0.979167 0.195223 -0.0772155 0.199179 -0.976916 -0.995449 0.0394906 0.0867319 -0.600952 2.6892 1.12647</i>
                        <i>0.0418655 0.986076 0.16094 -0.0808893 0.163897 -0.983155 -0.995843 0.028142 0.0866246 -0.600302 2.68893 1.12626</i>
                    </KeyFrames>
                </p>
            </i>
            <i>
                <p>
                    <Name><![CDATA[head_prop]]></Name>
                    <Exclude>0</Exclude>
                    <Additive>0</Additive>
                    <IKPriority>0</IKPriority>
                    <IKRotLimits>-1e+010 -1e+010 -1e+010 1e+010 1e+010 1e+010</IKRotLimits>
                    <IKRotLimitOrder>0</IKRotLimitOrder>
                    <KeyFrames count="30">
                        <i>0.995843 -0.028142 -0.0866246 0.0418655 0.986076 0.16094 0.0808893 -0.163897 0.983155 -0.586658 3.0103 1.17871</i>
                        <i>0.99603 -0.0197329 -0.0868033 0.031511 0.990141 0.136487 0.0832542 -0.138681 0.986831 -0.588403 3.01146 1.17144</i>
                        <i>0.996064 -0.0157961 -0.0872186 0.0260956 0.992642 0.118243 0.0847092 -0.120053 0.989147 -0.586972 3.01191 1.16758</i>
                        <i>0.996022 -0.0154663 -0.0877514 0.0247523 0.994085 0.105743 0.085597 -0.107494 0.990514 -0.583117 3.01191 1.16661</i>
                        <i>0.995931 -0.0178773 -0.0883303 0.0265924 0.994782 0.0984965 0.0861085 -0.100445 0.99121 -0.577596 3.01166 1.16798</i>
                        <i>0.995793 -0.0221642 -0.0889068 0.0307152 0.994908 0.0959951 0.0863265 -0.0983221 0.991403 -0.571168 3.01134 1.17114</i>
                        <i>0.995614 -0.0274645 -0.0894377 0.0362138 0.994555 0.0977226 0.0862668 -0.100533 0.991187 -0.564585 3.01113 1.17554</i>
                        <i>0.995409 -0.0329173 -0.0898726 0.0421769 0.99377 0.103158 0.085917 -0.106475 0.990596 -0.558597 3.01118 1.18067</i>
                        <i>0.995205 -0.0379295 -0.0901534 0.0479823 0.992539 0.112094 0.0852291 -0.115883 0.9896 -0.553818 3.01167 1.18611</i>
                        <i>0.995017 -0.0423497 -0.090263 0.0535247 0.990684 0.125221 0.0841191 -0.129428 0.988014 -0.550437 3.01255 1.19196</i>
                        <i>0.994825 -0.0466611 -0.0902578 0.0593008 0.987965 0.142861 0.0825054 -0.147474 0.985619 -0.547967 3.01349 1.19858</i>
                        <i>0.994607 -0.0511969 -0.0901942 0.0655547 0.984245 0.164211 0.080366 -0.169238 0.982293 -0.546003 3.01421 1.20593</i>
                        <i>0.994366 -0.0558515 -0.0900988 0.0720587 0.979507 0.188079 0.077748 -0.193512 0.978013 -0.544561 3.01459 1.21367</i>
                        <i>0.994102 -0.0605192 -0.0899956 0.0785928 0.973825 0.213279 0.0747323 -0.219094 0.972838 -0.543653 3.01453 1.22142</i>
                        <i>0.993821 -0.0650943 -0.0899031 0.0849507 0.967385 0.238641 0.0714367 -0.244804 0.966937 -0.543289 3.01397 1.22883</i>
                        <i>0.993531 -0.0694718 -0.0898346 0.0909437 0.960496 0.263016 0.0680136 -0.269484 0.9606 -0.543469 3.01289 1.23556</i>
                        <i>0.993241 -0.0735421 -0.089796 0.0963972 0.953584 0.285282 0.0646478 -0.29201 0.954228 -0.54419 3.01129 1.24126</i>
                        <i>0.992961 -0.0772412 -0.0897902 0.101204 0.947153 0.3044 0.0615327 -0.311345 0.948303 -0.545391 3.00931 1.24567</i>
                        <i>0.992697 -0.0805343 -0.0898166 0.105299 0.941754 0.319392 0.0588633 -0.326517 0.943357 -0.54698 3.0072 1.24855</i>
                        <i>0.992456 -0.0833875 -0.08987 0.108627 0.937959 0.329293 0.0568355 -0.336571 0.939941 -0.54886 3.00518 1.24967</i>
                        <i>0.992334 -0.0848488 -0.0898546 0.110243 0.936347 0.333318 0.0558536 -0.340669 0.938523 -0.551341 3.00359 1.24874</i>
                        <i>0.992405 -0.0841916 -0.089683 0.109466 0.937023 0.33167 0.0561112 -0.338968 0.939123 -0.554614 3.00261 1.24582</i>
                        <i>0.992628 -0.081848 -0.0893868 0.106744 0.939689 0.324946 0.0573995 -0.332092 0.941499 -0.558318 3.00216 1.24128</i>
                        <i>0.992967 -0.0780798 -0.0889944 0.102336 0.944032 0.313578 0.0595296 -0.32048 0.945383 -0.562225 3.00218 1.2354</i>
                        <i>0.9934 -0.0729345 -0.0885255 0.0962687 0.949761 0.297801 0.062358 -0.304358 0.950514 -0.566273 3.00266 1.2283</i>
                        <i>0.9939 -0.0664578 -0.0880127 0.0885634 0.956535 0.277846 0.0657221 -0.283946 0.956585 -0.570405 3.00357 1.2201</i>
                        <i>0.994434 -0.0586948 -0.087502 0.0792412 0.963969 0.253938 0.0694444 -0.259458 0.963254 -0.574566 3.00486 1.21091</i>
                        <i>0.994964 -0.0496905 -0.0870516 0.0683271 0.971655 0.226314 0.0733384 -0.231122 0.970157 -0.578699 3.00647 1.20087</i>
                        <i>0.995449 -0.0394906 -0.0867319 0.0558542 0.979167 0.195223 0.0772155 -0.199179 0.976916 -0.582749 3.00832 1.19009</i>
                        <i>0.995843 -0.028142 -0.0866246 0.0418655 0.986076 0.16094 0.0808893 -0.163897 0.983155 -0.586658 3.0103 1.17871</i>
                    </KeyFrames>
                </p>
            </i>
            <i>
                <p>
                    <Name><![CDATA[l_clav]]></Name>
                    <Exclude>0</Exclude>
                    <Additive>0</Additive>
                    <IKPriority>0</IKPriority>
                    <IKRotLimits>-1e+010 -1e+010 -1e+010 1e+010 1e+010 1e+010</IKRotLimits>
                    <IKRotLimitOrder>0</IKRotLimitOrder>
                    <KeyFrames count="30">
                        <i>0.649005 0.142903 -0.747243 0.0740841 0.965661 0.249019 0.757169 -0.216973 0.616132 -0.566765 2.49175 1.03788</i>
                        <i>0.645477 0.115799 -0.75495 0.082917 0.971974 0.21998 0.759266 -0.20459 0.617785 -0.563291 2.49081 1.04107</i>
                        <i>0.642556 0.0907612 -0.760844 0.0950156 0.975858 0.196654 0.760325 -0.198653 0.61842 -0.559222 2.48994 1.04471</i>
                        <i>0.639987 0.0685571 -0.765321 0.109093 0.977815 0.178819 0.760602 -0.197933 0.61831 -0.554845 2.48916 1.04857</i>
                        <i>0.637684 0.0498866 -0.768681 0.123831 0.978283 0.166217 0.76028 -0.20118 0.617657 -0.550443 2.48855 1.05241</i>
                        <i>0.635708 0.0353987 -0.771117 0.137899 0.977671 0.158565 0.759512 -0.207137 0.616632 -0.546291 2.48818 1.05601</i>
                        <i>0.634238 0.0257014 -0.772711 0.149966 0.976376 0.155567 0.758454 -0.214547 0.6154 -0.542659 2.48817 1.05915</i>
                        <i>0.633512 0.0213712 -0.773438 0.1587 0.974777 0.156923 0.757283 -0.222157 0.614141 -0.539807 2.48867 1.06161</i>
                        <i>0.633785 0.0230236 -0.773166 0.163052 0.97312 0.162636 0.756128 -0.229143 0.612995 -0.538017 2.4898 1.06317</i>
                        <i>0.635172 0.0308369 -0.771755 0.1627 0.97144 0.172722 0.75504 -0.235272 0.612015 -0.537409 2.49158 1.06371</i>
                        <i>0.637514 0.0438885 -0.769188 0.158717 0.96948 0.186864 0.753913 -0.241211 0.611091 -0.53776 2.49378 1.06343</i>
                        <i>0.640589 0.0611206 -0.765448 0.152111 0.966973 0.204511 0.752668 -0.24744 0.610135 -0.538819 2.49616 1.06252</i>
                        <i>0.644158 0.0814755 -0.760541 0.143425 0.963808 0.224729 0.751325 -0.253842 0.609159 -0.540504 2.4986 1.06105</i>
                        <i>0.647986 0.1039 -0.754532 0.133215 0.959922 0.246585 0.749912 -0.260298 0.608175 -0.542735 2.50095 1.0591</i>
                        <i>0.651854 0.127349 -0.747576 0.122049 0.95533 0.269162 0.748459 -0.266695 0.607193 -0.545428 2.50308 1.05672</i>
                        <i>0.655571 0.150799 -0.739923 0.110518 0.950146 0.291562 0.747002 -0.272914 0.606222 -0.548504 2.50486 1.05398</i>
                        <i>0.658984 0.173247 -0.731933 0.0992238 0.944584 0.312916 0.745583 -0.278832 0.605276 -0.551877 2.50613 1.05097</i>
                        <i>0.661985 0.19373 -0.724048 0.0888335 0.93893 0.332444 0.744234 -0.284392 0.604348 -0.555439 2.50686 1.04776</i>
                        <i>0.664508 0.211316 -0.71678 0.0800551 0.933534 0.349435 0.74298 -0.289585 0.603424 -0.559071 2.50708 1.04448</i>
                        <i>0.666519 0.2251 -0.710691 0.0736029 0.928796 0.36321 0.741845 -0.294395 0.602492 -0.562651 2.50682 1.04123</i>
                        <i>0.667744 0.234093 -0.706625 0.0692467 0.925615 0.372077 0.741163 -0.297384 0.601864 -0.565976 2.50613 1.03821</i>
                        <i>0.668049 0.238849 -0.704742 0.06576 0.924429 0.37564 0.741206 -0.29729 0.601858 -0.568862 2.50507 1.0356</i>
                        <i>0.667636 0.240448 -0.70459 0.062705 0.924885 0.375041 0.741843 -0.294572 0.602409 -0.571183 2.50367 1.03351</i>
                        <i>0.666583 0.238675 -0.706187 0.0604908 0.926911 0.370373 0.742972 -0.289602 0.603426 -0.57285 2.502 1.03202</i>
                        <i>0.664931 0.233308 -0.709532 0.059296 0.930474 0.361527 0.744548 -0.282462 0.604867 -0.57382 2.50016 1.03117</i>
                        <i>0.662718 0.224093 -0.714554 0.0592871 0.935482 0.348366 0.746518 -0.273232 0.606675 -0.574049 2.49826 1.031</i>
                        <i>0.659987 0.210754 -0.721111 0.0606197 0.941777 0.330728 0.748828 -0.26199 0.608785 -0.573497 2.49638 1.03155</i>
                        <i>0.656773 0.192988 -0.728975 0.0634396 0.94913 0.308428 0.751415 -0.248813 0.61112 -0.572124 2.49462 1.03285</i>
                        <i>0.653107 0.170479 -0.737827 0.0678842 0.957227 0.281262 0.754217 -0.233781 0.613598 -0.569892 2.49305 1.03495</i>
                        <i>0.649005 0.142903 -0.747243 0.0740841 0.965661 0.249019 0.757169 -0.216973 0.616132 -0.566765 2.49175 1.03788</i>
                    </KeyFrames>
                </p>
            </i>
            <i>
                <p>
                    <Name><![CDATA[l_shoulder]]></Name>
                    <Exclude>0</Exclude>
                    <Additive>0</Additive>
                    <IKPriority>0</IKPriority>
                    <IKRotLimits>-1e+010 -1e+010 -1e+010 1e+010 1e+010 1e+010</IKRotLimits>
                    <IKRotLimitOrder>0</IKRotLimitOrder>
                    <KeyFrames count="30">
                        <i>0.246863 -0.791582 -0.558978 0.808368 0.486329 -0.331701 0.534416 -0.369975 0.759946 -0.438536 2.51999 0.890237</i>
                        <i>0.231803 -0.779946 -0.581337 0.806118 0.488506 -0.333968 0.544464 -0.391211 0.741966 -0.435759 2.51369 0.891906</i>
                        <i>0.216772 -0.767935 -0.602732 0.805037 0.489859 -0.334595 0.552201 -0.41269 0.724404 -0.432267 2.50787 0.894385</i>
                        <i>0.20253 -0.75609 -0.622342 0.80494 0.490473 -0.333927 0.557721 -0.433318 0.707943 -0.428397 2.50271 0.897359</i>
                        <i>0.189753 -0.745061 -0.639436 0.805664 0.490385 -0.332308 0.561159 -0.452114 0.69332 -0.42445 2.4984 0.900536</i>
                        <i>0.179039 -0.735595 -0.653334 0.80705 0.489605 -0.330087 0.562686 -0.468174 0.68132 -0.420689 2.49517 0.903654</i>
                        <i>0.170927 -0.72851 -0.663368 0.808947 0.488127 -0.327623 0.562485 -0.48063 0.67276 -0.417347 2.49325 0.906476</i>
                        <i>0.165926 -0.72466 -0.668833 0.811197 0.485958 -0.325276 0.560739 -0.488583 0.668474 -0.414639 2.49289 0.908795</i>
                        <i>0.164664 -0.724904 -0.668879 0.81368 0.483128 -0.323283 0.557503 -0.491021 0.669394 -0.412795 2.49435 0.910404</i>
                        <i>0.167349 -0.729512 -0.663179 0.816282 0.47975 -0.321752 0.552882 -0.487496 0.675773 -0.411912 2.49768 0.911229</i>
                        <i>0.173244 -0.737546 -0.652697 0.818946 0.476016 -0.320526 0.547096 -0.478994 0.686477 -0.411801 2.50245 0.911452</i>
                        <i>0.181582 -0.747969 -0.638413 0.821623 0.472115 -0.319441 0.540336 -0.46653 0.700276 -0.412253 2.50824 0.911282</i>
                        <i>0.192021 -0.760092 -0.620796 0.824181 0.468307 -0.318456 0.532779 -0.450498 0.716378 -0.413233 2.51469 0.910786</i>
                        <i>0.20421 -0.773217 -0.600362 0.826502 0.464831 -0.317533 0.524588 -0.431356 0.733988 -0.414707 2.52148 0.910017</i>
                        <i>0.217764 -0.786646 -0.577726 0.828487 0.461895 -0.316643 0.515935 -0.409685 0.75231 -0.416636 2.52825 0.909014</i>
                        <i>0.232225 -0.799691 -0.553684 0.830053 0.459674 -0.315771 0.507033 -0.386257 0.770534 -0.418977 2.53466 0.907792</i>
                        <i>0.246997 -0.811647 -0.52936 0.831125 0.458318 -0.314922 0.49822 -0.36218 0.787783 -0.421676 2.54036 0.906353</i>
                        <i>0.261468 -0.822003 -0.505912 0.831703 0.457853 -0.314072 0.489801 -0.338648 0.803376 -0.424645 2.54514 0.904705</i>
                        <i>0.274985 -0.830391 -0.484597 0.83183 0.458229 -0.313184 0.482122 -0.316982 0.81675 -0.427779 2.54883 0.902857</i>
                        <i>0.286772 -0.836481 -0.46697 0.83155 0.459387 -0.312232 0.475696 -0.29877 0.827315 -0.430961 2.55129 0.900809</i>
                        <i>0.295789 -0.839976 -0.454916 0.830741 0.461285 -0.311584 0.471569 -0.285755 0.834246 -0.434044 2.55239 0.898594</i>
                        <i>0.301683 -0.841179 -0.448783 0.82935 0.463722 -0.311672 0.470282 -0.278172 0.837529 -0.43687 2.55226 0.896359</i>
                        <i>0.304564 -0.840538 -0.448036 0.827531 0.466417 -0.312486 0.471628 -0.275592 0.837625 -0.439273 2.55117 0.8943</i>
                        <i>0.304336 -0.838131 -0.452677 0.825381 0.469255 -0.313919 0.475526 -0.278094 0.834589 -0.441148 2.54916 0.892494</i>
                        <i>0.301162 -0.834109 -0.46213 0.822958 0.472164 -0.315914 0.481708 -0.285172 0.828634 -0.442444 2.54626 0.890982</i>
                        <i>0.295231 -0.828583 -0.475698 0.820313 0.475084 -0.318405 0.489822 -0.296219 0.819957 -0.44311 2.54254 0.889818</i>
                        <i>0.286721 -0.821608 -0.492698 0.817494 0.477972 -0.321319 0.499494 -0.310649 0.808704 -0.443098 2.53802 0.889072</i>
                        <i>0.275769 -0.813177 -0.512537 0.814542 0.480806 -0.324573 0.510366 -0.327976 0.794958 -0.44236 2.53275 0.888824</i>
                        <i>0.262465 -0.803216 -0.534749 0.811491 0.483584 -0.328069 0.522106 -0.347837 0.778726 -0.440852 2.52673 0.889173</i>
                        <i>0.246863 -0.791582 -0.558978 0.808368 0.486329 -0.331701 0.534416 -0.369975 0.759946 -0.438536 2.51999 0.890237</i>
                    </KeyFrames>
                </p>
            </i>
            <i>
                <p>
                    <Name><![CDATA[l_elbow]]></Name>
                    <Exclude>0</Exclude>
                    <Additive>0</Additive>
                    <IKPriority>0</IKPriority>
                    <IKRotLimits>-1e+010 -1e+010 -1e+010 1e+010 1e+010 1e+010</IKRotLimits>
                    <IKRotLimitOrder>0</IKRotLimitOrder>
                    <KeyFrames count="30">
                        <i>0.552054 -0.820732 0.147089 0.809653 0.485501 -0.329774 0.199245 0.301144 0.932531 -0.358237 2.26251 0.708414</i>
                        <i>0.558577 -0.813014 0.164316 0.80743 0.487623 -0.332085 0.189865 0.318169 0.928827 -0.360359 2.25999 0.70281</i>
                        <i>0.562872 -0.80713 0.17809 0.806369 0.488921 -0.332753 0.181504 0.330904 0.926045 -0.361756 2.25808 0.69833</i>
                        <i>0.565218 -0.803103 0.188557 0.806289 0.489481 -0.332125 0.174435 0.339754 0.924197 -0.362519 2.25677 0.694925</i>
                        <i>0.56586 -0.800895 0.195882 0.807022 0.489345 -0.330541 0.168875 0.345121 0.923241 -0.362728 2.25605 0.692543</i>
                        <i>0.565011 -0.800428 0.200196 0.808413 0.488524 -0.328349 0.16502 0.347362 0.923097 -0.362452 2.2559 0.69114</i>
                        <i>0.562849 -0.801609 0.201553 0.81031 0.487015 -0.325905 0.163089 0.346756 0.923668 -0.361749 2.25628 0.690698</i>
                        <i>0.559525 -0.804349 0.199888 0.812557 0.484825 -0.323569 0.163352 0.343465 0.92485 -0.360667 2.25718 0.69124</i>
                        <i>0.555116 -0.808595 0.194989 0.815032 0.481989 -0.321573 0.16604 0.337432 0.926591 -0.359233 2.25856 0.692833</i>
