<?xml version="1.0" encoding="ISO-8859-1" ?>
<Animl Version="1">
    <ModellingPackage><![CDATA[Maya.2010]]></ModellingPackage>
    <SrcFile><![CDATA[anims\turrets\antitank\red\~src\at_b10_recoilless\b10recoilless_aim_low_crewman_b.mb]]></SrcFile>
    <FramesPerSecond>30</FramesPerSecond>
    <TotalFrames>30</TotalFrames>
    <Skeleton>
        <RefFrame>
            <Name><![CDATA[soldier_ref_frame]]></Name>
            <Exclude>0</Exclude>
            <Additive>0</Additive>
            <IKPriority>0</IKPriority>
            <IKRotLimits>-1e+010 -1e+010 -1e+010 1e+010 1e+010 1e+010</IKRotLimits>
            <IKRotLimitOrder>0</IKRotLimitOrder>
            <KeyFrames count="30">
                <i>1 0 0 0 1 0 0 0 1 1.34 0.92 -1.82</i>
                <i>1 0 0 0 1 0 0 0 1 1.34 0.92 -1.82</i>
                <i>1 0 0 0 1 0 0 0 1 1.34 0.92 -1.82</i>
                <i>1 0 0 0 1 0 0 0 1 1.34 0.92 -1.82</i>
                <i>1 0 0 0 1 0 0 0 1 1.34 0.92 -1.82</i>
                <i>1 0 0 0 1 0 0 0 1 1.34 0.92 -1.82</i>
                <i>1 0 0 0 1 0 0 0 1 1.34 0.92 -1.82</i>
                <i>1 0 0 0 1 0 0 0 1 1.34 0.92 -1.82</i>
                <i>1 0 0 0 1 0 0 0 1 1.34 0.92 -1.82</i>
                <i>1 0 0 0 1 0 0 0 1 1.34 0.92 -1.82</i>
                <i>1 0 0 0 1 0 0 0 1 1.34 0.92 -1.82</i>
                <i>1 0 0 0 1 0 0 0 1 1.34 0.92 -1.82</i>
                <i>1 0 0 0 1 0 0 0 1 1.34 0.92 -1.82</i>
                <i>1 0 0 0 1 0 0 0 1 1.34 0.92 -1.82</i>
                <i>1 0 0 0 1 0 0 0 1 1.34 0.92 -1.82</i>
                <i>1 0 0 0 1 0 0 0 1 1.34 0.92 -1.82</i>
                <i>1 0 0 0 1 0 0 0 1 1.34 0.92 -1.82</i>
                <i>1 0 0 0 1 0 0 0 1 1.34 0.92 -1.82</i>
                <i>1 0 0 0 1 0 0 0 1 1.34 0.92 -1.82</i>
                <i>1 0 0 0 1 0 0 0 1 1.34 0.92 -1.82</i>
                <i>1 0 0 0 1 0 0 0 1 1.34 0.92 -1.82</i>
                <i>1 0 0 0 1 0 0 0 1 1.34 0.92 -1.82</i>
                <i>1 0 0 0 1 0 0 0 1 1.34 0.92 -1.82</i>
                <i>1 0 0 0 1 0 0 0 1 1.34 0.92 -1.82</i>
                <i>1 0 0 0 1 0 0 0 1 1.34 0.92 -1.82</i>
                <i>1 0 0 0 1 0 0 0 1 1.34 0.92 -1.82</i>
                <i>1 0 0 0 1 0 0 0 1 1.34 0.92 -1.82</i>
                <i>1 0 0 0 1 0 0 0 1 1.34 0.92 -1.82</i>
                <i>1 0 0 0 1 0 0 0 1 1.34 0.92 -1.82</i>
                <i>1 0 0 0 1 0 0 0 1 1.34 0.92 -1.82</i>
            </KeyFrames>
        </RefFrame>
        <Bones count="23">
            <i>
                <p>
                    <Name><![CDATA[pelvis]]></Name>
                    <Exclude>0</Exclude>
                    <Additive>0</Additive>
                    <IKPriority>0</IKPriority>
                    <IKRotLimits>-1e+010 -1e+010 -1e+010 1e+010 1e+010 1e+010</IKRotLimits>
                    <IKRotLimitOrder>2</IKRotLimitOrder>
                    <KeyFrames count="30">
                        <i>1 0 0 0 1 0 0 0 1 1.74424 1.88939 -1.60259</i>
                        <i>1 0 0 0 1 0 0 0 1 1.74424 1.88939 -1.60259</i>
                        <i>1 0 0 0 1 0 0 0 1 1.74424 1.88939 -1.60259</i>
                        <i>1 0 0 0 1 0 0 0 1 1.74424 1.88939 -1.60259</i>
                        <i>1 0 0 0 1 0 0 0 1 1.74424 1.88939 -1.60259</i>
                        <i>1 0 0 0 1 0 0 0 1 1.74424 1.88939 -1.60259</i>
                        <i>1 0 0 0 1 0 0 0 1 1.74424 1.88939 -1.60259</i>
                        <i>1 0 0 0 1 0 0 0 1 1.74424 1.88939 -1.60259</i>
                        <i>1 0 0 0 1 0 0 0 1 1.74424 1.88939 -1.60259</i>
                        <i>1 0 0 0 1 0 0 0 1 1.74424 1.88939 -1.60259</i>
                        <i>1 0 0 0 1 0 0 0 1 1.74424 1.88939 -1.60259</i>
                        <i>1 0 0 0 1 0 0 0 1 1.74424 1.88939 -1.60259</i>
                        <i>1 0 0 0 1 0 0 0 1 1.74424 1.88939 -1.60259</i>
                        <i>1 0 0 0 1 0 0 0 1 1.74424 1.88939 -1.60259</i>
                        <i>1 0 0 0 1 0 0 0 1 1.74424 1.88939 -1.60259</i>
                        <i>1 0 0 0 1 0 0 0 1 1.74424 1.88939 -1.60259</i>
                        <i>1 0 0 0 1 0 0 0 1 1.74424 1.88939 -1.60259</i>
                        <i>1 0 0 0 1 0 0 0 1 1.74424 1.88939 -1.60259</i>
                        <i>1 0 0 0 1 0 0 0 1 1.74424 1.88939 -1.60259</i>
                        <i>1 0 0 0 1 0 0 0 1 1.74424 1.88939 -1.60259</i>
                        <i>1 0 0 0 1 0 0 0 1 1.74424 1.88939 -1.60259</i>
                        <i>1 0 0 0 1 0 0 0 1 1.74424 1.88939 -1.60259</i>
                        <i>1 0 0 0 1 0 0 0 1 1.74424 1.88939 -1.60259</i>
                        <i>1 0 0 0 1 0 0 0 1 1.74424 1.88939 -1.60259</i>
                        <i>1 0 0 0 1 0 0 0 1 1.74424 1.88939 -1.60259</i>
                        <i>1 0 0 0 1 0 0 0 1 1.74424 1.88939 -1.60259</i>
                        <i>1 0 0 0 1 0 0 0 1 1.74424 1.88939 -1.60259</i>
                        <i>1 0 0 0 1 0 0 0 1 1.74424 1.88939 -1.60259</i>
                        <i>1 0 0 0 1 0 0 0 1 1.74424 1.88939 -1.60259</i>
                        <i>1 0 0 0 1 0 0 0 1 1.74424 1.88939 -1.60259</i>
                    </KeyFrames>
                </p>
            </i>
            <i>
                <p>
                    <Name><![CDATA[spine0]]></Name>
                    <Exclude>0</Exclude>
                    <Additive>0</Additive>
                    <IKPriority>0</IKPriority>
                    <IKRotLimits>-1e+010 -1e+010 -1e+010 1e+010 1e+010 1e+010</IKRotLimits>
                    <IKRotLimitOrder>0</IKRotLimitOrder>
                    <KeyFrames count="30">
                        <i>-0.238856 0.967117 -0.0873605 0.348497 0.00140291 -0.937309 -0.906365 -0.254327 -0.337372 1.8034 2.01871 -1.58091</i>
                        <i>-0.237314 0.967504 -0.0872792 0.348426 0.000905941 -0.937336 -0.906797 -0.252853 -0.337319 1.80267 2.01909 -1.58118</i>
                        <i>-0.235804 0.967876 -0.0872486 0.348357 0.000372405 -0.937362 -0.907218 -0.251427 -0.337254 1.80185 2.01951 -1.58148</i>
                        <i>-0.234365 0.968224 -0.0872648 0.348291 -0.000179242 -0.937386 -0.907616 -0.250084 -0.337182 1.80097 2.01995 -1.58181</i>
                        <i>-0.233029 0.968541 -0.0873226 0.348233 -0.000731512 -0.937408 -0.907982 -0.248852 -0.337108 1.80006 2.02039 -1.58215</i>
                        <i>-0.231823 0.968822 -0.0874153 0.348184 -0.00126801 -0.937426 -0.90831 -0.247753 -0.337034 1.79915 2.02083 -1.58249</i>
                        <i>-0.230765 0.969064 -0.0875342 0.348144 -0.00177347 -0.93744 -0.908594 -0.246803 -0.336964 1.79826 2.02125 -1.58282</i>
                        <i>-0.229869 0.969265 -0.0876694 0.348113 -0.00223371 -0.93745 -0.908833 -0.24601 -0.3369 1.79743 2.02163 -1.58313</i>
                        <i>-0.229143 0.969424 -0.0878094 0.348091 -0.00263543 -0.937457 -0.909025 -0.245377 -0.336844 1.79668 2.02197 -1.58341</i>
                        <i>-0.228589 0.969543 -0.0879419 0.348077 -0.00296603 -0.937461 -0.90917 -0.244903 -0.336798 1.79605 2.02225 -1.58365</i>
                        <i>-0.228208 0.969622 -0.0880542 0.348068 -0.00321326 -0.937464 -0.909269 -0.244585 -0.336762 1.79556 2.02247 -1.58383</i>
                        <i>-0.228002 0.969664 -0.0881336 0.348064 -0.00336486 -0.937465 -0.909322 -0.24442 -0.336738 1.79524 2.02261 -1.58395</i>
                        <i>-0.227975 0.969667 -0.0881681 0.348063 -0.00340811 -0.937465 -0.909329 -0.244407 -0.336728 1.79513 2.02266 -1.58399</i>
                        <i>-0.228268 0.969597 -0.0881741 0.348067 -0.00330805 -0.937464 -0.909254 -0.244684 -0.336729 1.79525 2.0226 -1.58394</i>
                        <i>-0.228979 0.969429 -0.088177 0.348076 -0.00305367 -0.937461 -0.909072 -0.245352 -0.336736 1.7956 2.02245 -1.58381</i>
                        <i>-0.230055 0.969174 -0.0881799 0.348092 -0.00266657 -0.937457 -0.908794 -0.246361 -0.336749 1.79613 2.02222 -1.58362</i>
                        <i>-0.231446 0.968843 -0.088187 0.348118 -0.00216781 -0.937448 -0.908431 -0.247668 -0.33677 1.7968 2.02191 -1.58336</i>
                        <i>-0.233101 0.968444 -0.088202 0.348154 -0.00157859 -0.937436 -0.907994 -0.249225 -0.3368 1.7976 2.02155 -1.58307</i>
                        <i>-0.234964 0.967992 -0.0882279 0.348203 -0.000920753 -0.937419 -0.907495 -0.250981 -0.336842 1.79847 2.02115 -1.58274</i>
                        <i>-0.236974 0.967498 -0.0882659 0.348265 -0.000217281 -0.937396 -0.906948 -0.252879 -0.336894 1.79938 2.02072 -1.5824</i>
                        <i>-0.239063 0.96698 -0.0883154 0.348339 0.000507458 -0.937369 -0.906371 -0.254854 -0.336958 1.80031 2.02027 -1.58206</i>
                        <i>-0.241152 0.966455 -0.0883738 0.348421 0.00122752 -0.937337 -0.905786 -0.256832 -0.33703 1.8012 2.01983 -1.58173</i>
                        <i>-0.243155 0.965947 -0.0884364 0.348509 0.00191533 -0.937304 -0.905217 -0.258731 -0.337107 1.80204 2.01941 -1.58141</i>
                        <i>-0.244456 0.96562 -0.0884284 0.348583 0.00241439 -0.937275 -0.904838 -0.259947 -0.337189 1.80278 2.01904 -1.58114</i>
                        <i>-0.244665 0.965578 -0.0883042 0.348626 0.00262316 -0.937258 -0.904764 -0.260099 -0.337268 1.8034 2.01872 -1.58091</i>
                        <i>-0.244046 0.965753 -0.0881027 0.348641 0.00259885 -0.937253 -0.904926 -0.259449 -0.337335 1.80385 2.01848 -1.58074</i>
                        <i>-0.242872 0.966071 -0.0878645 0.348628 0.002402 -0.937258 -0.905247 -0.258266 -0.337383 1.80411 2.01834 -1.58064</i>
                        <i>-0.241424 0.966455 -0.0876315 0.348595 0.00209502 -0.937271 -0.905647 -0.256828 -0.337407 1.80415 2.01832 -1.58063</i>
                        <i>-0.239988 0.966829 -0.087448 0.348548 0.00174103 -0.937289 -0.906046 -0.255418 -0.337405 1.80392 2.01844 -1.58071</i>
                        <i>-0.238856 0.967117 -0.0873605 0.348497 0.00140291 -0.937309 -0.906365 -0.254327 -0.337372 1.8034 2.01871 -1.58091</i>
                    </KeyFrames>
                </p>
            </i>
            <i>
                <p>
                    <Name><![CDATA[spine1]]></Name>
                    <Exclude>0</Exclude>
                    <Additive>0</Additive>
                    <IKPriority>0</IKPriority>
                    <IKRotLimits>-1e+010 -1e+010 -1e+010 1e+010 1e+010 1e+010</IKRotLimits>
                    <IKRotLimitOrder>0</IKRotLimitOrder>
                    <KeyFrames count="30">
                        <i>-0.672011 0.706263 -0.222697 0.249716 -0.0669916 -0.965999 -0.697168 -0.704773 -0.131346 1.75857 2.20065 -1.5973</i>
                        <i>-0.670046 0.708344 -0.222008 0.249911 -0.0663614 -0.965992 -0.698987 -0.702741 -0.132557 1.75818 2.20087 -1.59754</i>
                        <i>-0.667684 0.710828 -0.221183 0.250117 -0.0656437 -0.965988 -0.70117 -0.700296 -0.133961 1.75768 2.2012 -1.59783</i>
                        <i>-0.665016 0.713611 -0.220256 0.250327 -0.0648705 -0.965986 -0.703626 -0.697532 -0.135496 1.75709 2.20162 -1.59815</i>
                        <i>-0.662139 0.716587 -0.219259 0.250533 -0.0640727 -0.965985 -0.706262 -0.694548 -0.137104 1.75644 2.2021 -1.5985</i>
                        <i>-0.659156 0.719644 -0.218231 0.25073 -0.063279 -0.965987 -0.708977 -0.691453 -0.138725 1.75575 2.20261 -1.59886</i>
                        <i>-0.656179 0.722669 -0.217209 0.250911 -0.0625166 -0.965989 -0.711669 -0.688361 -0.140303 1.75504 2.20313 -1.59922</i>
                        <i>-0.653322 0.725544 -0.216231 0.251073 -0.0618103 -0.965993 -0.714236 -0.685394 -0.141783 1.75436 2.20363 -1.59956</i>
                        <i>-0.650709 0.728153 -0.215339 0.251212 -0.0611836 -0.965996 -0.716569 -0.682678 -0.143108 1.75373 2.20409 -1.59987</i>
                        <i>-0.648462 0.73038 -0.214574 0.251325 -0.0606588 -0.966 -0.718562 -0.680343 -0.144228 1.75318 2.20449 -1.60014</i>
                        <i>-0.64671 0.732106 -0.213978 0.251409 -0.0602572 -0.966003 -0.720111 -0.67852 -0.145089 1.75274 2.2048 -1.60035</i>
                        <i>-0.645577 0.733218 -0.213591 0.251461 -0.0600003 -0.966006 -0.721109 -0.677341 -0.145641 1.75245 2.205 -1.60049</i>
                        <i>-0.645185 0.733603 -0.213455 0.251477 -0.0599103 -0.966007 -0.721454 -0.676932 -0.145831 1.75234 2.20507 -1.60054</i>
                        <i>-0.645631 0.733169 -0.213598 0.251448 -0.0600058 -0.966009 -0.721065 -0.677394 -0.145612 1.75241 2.20501 -1.60049</i>
                        <i>-0.646847 0.731982 -0.213992 0.251373 -0.0602735 -0.966012 -0.720001 -0.678653 -0.145012 1.75261 2.20485 -1.60037</i>
                        <i>-0.648695 0.730167 -0.214595 0.251256 -0.0606892 -0.966016 -0.718377 -0.680568 -0.14409 1.75293 2.20461 -1.60018</i>
                        <i>-0.651037 0.727853 -0.215362 0.251105 -0.0612293 -0.966021 -0.716308 -0.682994 -0.142905 1.75333 2.20429 -1.59993</i>
                        <i>-0.653735 0.725166 -0.216251 0.250924 -0.0618703 -0.966027 -0.71391 -0.685789 -0.141515 1.7538 2.20391 -1.59964</i>
                        <i>-0.656656 0.722232 -0.217218 0.25072 -0.0625877 -0.966034 -0.711296 -0.688813 -0.13998 1.75431 2.20348 -1.59933</i>
                        <i>-0.659674 0.719172 -0.218223 0.250499 -0.0633563 -0.966041 -0.708576 -0.691937 -0.138358 1.75483 2.20302 -1.599</i>
                        <i>-0.662673 0.716103 -0.219227 0.250269 -0.0641489 -0.966049 -0.705854 -0.69504 -0.136709 1.75535 2.20253 -1.59867</i>
                        <i>-0.665547 0.713135 -0.220195 0.250037 -0.0649369 -0.966056 -0.703227 -0.698013 -0.135092 1.75584 2.20204 -1.59835</i>
                        <i>-0.6682 0.710371 -0.221093 0.249814 -0.0656895 -0.966063 -0.700787 -0.700755 -0.133567 1.75629 2.20155 -1.59805</i>
                        <i>-0.670436 0.708015 -0.221877 0.249629 -0.0663648 -0.966065 -0.698713 -0.703072 -0.132248 1.75678 2.20114 -1.59778</i>
                        <i>-0.672127 0.706211 -0.222513 0.249505 -0.0669226 -0.966058 -0.697132 -0.704831 -0.131223 1.75735 2.20085 -1.59753</i>
                        <i>-0.673269 0.704975 -0.222979 0.249439 -0.0673341 -0.966047 -0.696053 -0.706029 -0.130514 1.75791 2.20066 -1.59732</i>
                        <i>-0.673853 0.704329 -0.223255 0.249431 -0.0675711 -0.966032 -0.69549 -0.70665 -0.130148 1.7584 2.20057 -1.59718</i>
                        <i>-0.673859 0.704303 -0.223318 0.249477 -0.067608 -0.966018 -0.695468 -0.706672 -0.130149 1.75873 2.20055 -1.59711</i>
                        <i>-0.673258 0.704934 -0.223142 0.249575 -0.0674217 -0.966006 -0.696014 -0.706062 -0.130541 1.75881 2.20058 -1.59715</i>
                        <i>-0.672011 0.706263 -0.222697 0.249716 -0.0669916 -0.965999 -0.697168 -0.704773 -0.131346 1.75857 2.20065 -1.5973</i>
                    </KeyFrames>
                </p>
            </i>
            <i>
                <p>
                    <Name><![CDATA[spine2]]></Name>
                    <Exclude>0</Exclude>
                    <Additive>0</Additive>
                    <IKPriority>0</IKPriority>
                    <IKRotLimits>-1e+010 -1e+010 -1e+010 1e+010 1e+010 1e+010</IKRotLimits>
                    <IKRotLimitOrder>0</IKRotLimitOrder>
                    <KeyFrames count="30">
                        <i>-0.761011 0.611324 -0.21713 0.176821 -0.126564 -0.976072 -0.624177 -0.781194 -0.0117783 1.64215 2.32242 -1.63572</i>
                        <i>-0.762733 0.609244 -0.216933 0.176838 -0.126176 -0.976119 -0.622066 -0.78288 -0.0114987 1.64225 2.32285 -1.63579</i>
                        <i>-0.764584 0.607003 -0.216697 0.176846 -0.125733 -0.976175 -0.619787 -0.78469 -0.0112126 1.64226 2.32351 -1.6359</i>
                        <i>-0.766499 0.604681 -0.216429 0.176842 -0.12525 -0.976237 -0.617419 -0.786558 -0.0109287 1.64218 2.32436 -1.63605</i>
                        <i>-0.768414 0.60235 -0.216137 0.176826 -0.124745 -0.976305 -0.615039 -0.788425 -0.0106553 1.64204 2.32534 -1.63622</i>
                        <i>-0.770271 0.600082 -0.215833 0.176798 -0.124234 -0.976375 -0.612719 -0.790232 -0.0103993 1.64184 2.3264 -1.63641</i>
                        <i>-0.772017 0.597945 -0.215525 0.17676 -0.123735 -0.976445 -0.610529 -0.791929 -0.0101668 1.64162 2.32748 -1.6366</i>
                        <i>-0.773603 0.596 -0.215227 0.176714 -0.123265 -0.976513 -0.608532 -0.793467 -0.00996294 1.64138 2.32853 -1.63679</i>
                        <i>-0.774982 0.594305 -0.214952 0.176664 -0.122842 -0.976576 -0.606789 -0.794802 -0.00979191 1.64113 2.32951 -1.63697</i>
                        <i>-0.776111 0.592917 -0.214713 0.176615 -0.122483 -0.976629 -0.605359 -0.795894 -0.00965741 1.64091 2.33036 -1.63713</i>
                        <i>-0.776948 0.591888 -0.214525 0.176572 -0.122207 -0.976672 -0.604296 -0.796702 -0.00956274 1.64073 2.33103 -1.63726</i>
                        <i>-0.777452 0.59127 -0.214401 0.176541 -0.12203 -0.976699 -0.603656 -0.797188 -0.00951122 1.6406 2.33146 -1.63734</i>
                        <i>-0.77758 0.591118 -0.214355 0.176527 -0.12197 -0.97671 -0.603496 -0.79731 -0.00950645 1.64054 2.33161 -1.63737</i>
                        <i>-0.777191 0.591616 -0.214395 0.176526 -0.122048 -0.9767 -0.603998 -0.796928 -0.0095812 1.64053 2.33148 -1.63735</i>
                        <i>-0.776227 0.592838 -0.214509 0.17653 -0.122256 -0.976673 -0.605234 -0.795988 -0.00975544 1.64051 2.33113 -1.6373</i>
                        <i>-0.774772 0.594676 -0.214685 0.176537 -0.122575 -0.976632 -0.607094 -0.794567 -0.0100147 1.64048 2.3306 -1.63722</i>
                        <i>-0.772904 0.597022 -0.214906 0.176541 -0.122983 -0.97658 -0.609469 -0.792742 -0.0103447 1.64046 2.32991 -1.63711</i>
                        <i>-0.770703 0.59977 -0.215159 0.176539 -0.12346 -0.97652 -0.612251 -0.790591 -0.0107312 1.64042 2.3291 -1.63699</i>
                        <i>-0.768251 0.602811 -0.215428 0.176526 -0.123985 -0.976456 -0.615328 -0.788192 -0.0111599 1.64039 2.3282 -1.63685</i>
                        <i>-0.765633 0.606035 -0.215701 0.176501 -0.124537 -0.97639 -0.61859 -0.785628 -0.011616 1.64035 2.32724 -1.63671</i>
                        <i>-0.762939 0.609329 -0.215967 0.176463 -0.125095 -0.976326 -0.62192 -0.782987 -0.0120841 1.64031 2.32625 -1.63656</i>
                        <i>-0.760263 0.612577 -0.216215 0.176413 -0.125639 -0.976265 -0.625203 -0.780361 -0.0125483 1.64028 2.32527 -1.63642</i>
                        <i>-0.757705 0.615661 -0.216438 0.176355 -0.126148 -0.97621 -0.628317 -0.777849 -0.0129915 1.64026 2.32432 -1.63628</i>
                        <i>-0.755963 0.617723 -0.216652 0.176337 -0.126566 -0.976159 -0.630416 -0.776144 -0.0132486 1.64034 2.32352 -1.63615</i>
                        <i>-0.755472 0.618249 -0.216866 0.176393 -0.126851 -0.976112 -0.63099 -0.775678 -0.0132226 1.64059 2.32294 -1.63601</i>
                        <i>-0.755928 0.617624 -0.217057 0.176496 -0.127011 -0.976072 -0.630415 -0.77615 -0.0129974 1.64095 2.32255 -1.63589</i>
                        <i>-0.757022 0.616231 -0.217202 0.17662 -0.127054 -0.976045 -0.629065 -0.777249 -0.0126562 1.64135 2.32233 -1.63579</i>
                        <i>-0.758443 0.614454 -0.21728 0.176735 -0.126988 -0.976032 -0.627319 -0.778666 -0.0122826 1.64173 2.32225 -1.63572</i>
                        <i>-0.759877 0.612685 -0.217264 0.176813 -0.126823 -0.97604 -0.625559 -0.780086 -0.0119609 1.64201 2.32229 -1.63569</i>
                        <i>-0.761011 0.611324 -0.21713 0.176821 -0.126564 -0.976072 -0.624177 -0.781194 -0.0117783 1.64215 2.32242 -1.63572</i>
                    </KeyFrames>
                </p>
            </i>
            <i>
                <p>
                    <Name><![CDATA[head]]></Name>
                    <Exclude>0</Exclude>
                    <Additive>0</Additive>
                    <IKPriority>0</IKPriority>
                    <IKRotLimits>-1e+010 -1e+010 -1e+010 1e+010 1e+010 1e+010</IKRotLimits>
                    <IKRotLimitOrder>0</IKRotLimitOrder>
                    <KeyFrames count="30">
                        <i>-0.427811 0.903706 -0.0171328 0.587882 0.263803 -0.764724 -0.686566 -0.337229 -0.64413 1.45539 2.50195 -1.68849</i>
                        <i>-0.425368 0.904582 -0.0281754 0.591627 0.254376 -0.76503 -0.684865 -0.342088 -0.643378 1.4547 2.50156 -1.68857</i>
                        <i>-0.423444 0.905063 -0.0394466 0.59524 0.245137 -0.765243 -0.682924 -0.347518 -0.642531 1.45378 2.50137 -1.68869</i>
                        <i>-0.422617 0.904934 -0.0498946 0.598251 0.237191 -0.765399 -0.680801 -0.35332 -0.641619 1.45268 2.50133 -1.68887</i>
                        <i>-0.423476 0.904019 -0.0584664 0.600185 0.231635 -0.765587 -0.678562 -0.359298 -0.64067 1.45146 2.50142 -1.68907</i>
                        <i>-0.426614 0.902159 -0.0641089 0.600542 0.229556 -0.765933 -0.676277 -0.365258 -0.639716 1.45018 2.50161 -1.6893</i>
                        <i>-0.432613 0.899178 -0.0657663 0.598783 0.23202 -0.766567 -0.674021 -0.371007 -0.638787 1.44889 2.50186 -1.68953</i>
                        <i>-0.44044 0.895468 -0.0644181 0.595478 0.237682 -0.767407 -0.671877 -0.376356 -0.637916 1.44766 2.50216 -1.68976</i>
                        <i>-0.44845 0.891666 -0.0618368 0.591678 0.244297 -0.768268 -0.669932 -0.381118 -0.637134 1.44653 2.50247 -1.68997</i>
                        <i>-0.456296 0.887926 -0.0581544 0.587538 0.251558 -0.769102 -0.668276 -0.385106 -0.636476 1.44556 2.50277 -1.69015</i>
                        <i>-0.463634 0.88441 -0.0535049 0.583227 0.259171 -0.769855 -0.667001 -0.388136 -0.635972 1.44481 2.50302 -1.6903</i>
                        <i>-0.470127 0.881291 -0.0480244 0.57893 0.266846 -0.770476 -0.666199 -0.390024 -0.635657 1.44433 2.5032 -1.69039</i>
                        <i>-0.475444 0.87875 -0.0418505 0.574848 0.274305 -0.770913 -0.66596 -0.390584 -0.635564 1.44417 2.50328 -1.69043</i>
                        <i>-0.479083 0.877067 -0.0351028 0.571267 0.281183 -0.771097 -0.666434 -0.389473 -0.635749 1.44435 2.50334 -1.6904</i>
                        <i>-0.480891 0.876335 -0.0279378 0.568344 0.2873 -0.771002 -0.667629 -0.386646 -0.63622 1.44481 2.50347 -1.69034</i>
                        <i>-0.481064 0.876445 -0.0205476 0.56609 0.292649 -0.770649 -0.669418 -0.382363 -0.636929 1.44553 2.50366 -1.69025</i>
                        <i>-0.479794 0.877283 -0.0131223 0.564503 0.297213 -0.770065 -0.671665 -0.37688 -0.63783 1.44645 2.50389 -1.69012</i>
                        <i>-0.477271 0.878736 -0.00585057 0.563572 0.300973 -0.769287 -0.67424 -0.370456 -0.638877 1.44755 2.50415 -1.68997</i>
                        <i>-0.473685 0.880694 0.00108013 0.563271 0.3039 -0.768356 -0.677014 -0.36335 -0.640022 1.44876 2.50441 -1.6898</i>
                        <i>-0.469223 0.883048 0.00748293 0.563567 0.305963 -0.767319 -0.679869 -0.355826 -0.641222 1.45007 2.50465 -1.68961</i>
                        <i>-0.463735 0.885883 0.0127119 0.564694 0.306596 -0.766237 -0.682694 -0.348152 -0.642432 1.45141 2.50488 -1.68942</i>
                        <i>-0.457166 0.889233 0.0162573 0.566781 0.305379 -0.765182 -0.68539 -0.340601 -0.643609 1.45275 2.50507 -1.68922</i>
                        <i>-0.449847 0.892921 0.0181355 0.569629 0.302496 -0.764211 -0.687866 -0.333448 -0.644711 1.45404 2.50521 -1.68903</i>
                        <i>-0.443563 0.896058 0.018197 0.572435 0.29887 -0.763541 -0.689616 -0.328262 -0.645503 1.45508 2.50515 -1.68886</i>
                        <i>-0.439443 0.898121 0.016359 0.574712 0.295105 -0.763295 -0.690359 -0.326023 -0.645843 1.45572 2.50482 -1.68872</i>
                        <i>-0.436825 0.899456 0.0127394 0.576741 0.290909 -0.763376 -0.690329 -0.326114 -0.645829 1.45605 2.50428 -1.68862</i>
                        <i>-0.435035 0.900383 0.00745836 0.578802 0.285984 -0.763676 -0.689734 -0.327909 -0.645557 1.45611 2.50365 -1.68854</i>
                        <i>-0.433394 0.901204 0.000637339 0.581174 0.28003 -0.764081 -0.688772 -0.330778 -0.64512 1.45597 2.50299 -1.6885</i>
                        <i>-0.431217 0.902216 -0.00760106 0.584119 0.272741 -0.764472 -0.687646 -0.334093 -0.644612 1.45571 2.5024 -1.68848</i>
                        <i>-0.427811 0.903706 -0.0171328 0.587882 0.263803 -0.764724 -0.686566 -0.337229 -0.64413 1.45539 2.50195 -1.68849</i>
                    </KeyFrames>
                </p>
            </i>
            <i>
                <p>
                    <Name><![CDATA[head_prop]]></Name>
                    <Exclude>0</Exclude>
                    <Additive>0</Additive>
                    <IKPriority>0</IKPriority>
                    <IKRotLimits>-1e+010 -1e+010 -1e+010 1e+010 1e+010 1e+010</IKRotLimits>
                    <IKRotLimitOrder>0</IKRotLimitOrder>
                    <KeyFrames count="30">
                        <i>0.686566 0.337229 0.64413 -0.427811 0.903706 -0.0171328 -0.587882 -0.263803 0.764724 1.31596 2.79648 -1.69408</i>
                        <i>0.684865 0.342088 0.643378 -0.425368 0.904582 -0.0281754 -0.591627 -0.254376 0.76503 1.31607 2.79638 -1.69775</i>
                        <i>0.682924 0.347518 0.642531 -0.423444 0.905063 -0.0394466 -0.59524 -0.245137 0.765243 1.31577 2.79633 -1.70155</i>
                        <i>0.680801 0.35332 0.641619 -0.422617 0.904934 -0.0498946 -0.598251 -0.237191 0.765399 1.31494 2.79625 -1.70513</i>
                        <i>0.678562 0.359298 0.64067 -0.423476 0.904019 -0.0584664 -0.600185 -0.231635 0.765587 1.31344 2.79605 -1.70813</i>
                        <i>0.676277 0.365258 0.639716 -0.426614 0.902159 -0.0641089 -0.600542 -0.229556 0.765933 1.31114 2.79563 -1.71019</i>
                        <i>0.674021 0.371007 0.638787 -0.432613 0.899178 -0.0657663 -0.598783 -0.23202 0.766567 1.3079 2.79491 -1.71096</i>
                        <i>0.671877 0.376356 0.637916 -0.44044 0.895468 -0.0644181 -0.595478 -0.237682 0.767407 1.30412 2.794 -1.71075</i>
                        <i>0.669932 0.381118 0.637134 -0.44845 0.891666 -0.0618368 -0.591678 -0.244297 0.768268 1.30038 2.79307 -1.71012</i>
                        <i>0.668276 0.385106 0.636476 -0.456296 0.887926 -0.0581544 -0.587538 -0.251558 0.769102 1.29685 2.79215 -1.7091</i>
                        <i>0.667001 0.388136 0.635972 -0.463634 0.88441 -0.0535049 -0.583227 -0.259171 0.769855 1.29371 2.79125 -1.70774</i>
                        <i>0.666199 0.390024 0.635657 -0.470127 0.881291 -0.0480244 -0.57893 -0.266846 0.770476 1.29111 2.79042 -1.70604</i>
                        <i>0.66596 0.390584 0.635564 -0.475444 0.87875 -0.0418505 -0.574848 -0.274305 0.770913 1.28922 2.78967 -1.70407</i>
                        <i>0.666434 0.389473 0.635749 -0.479083 0.877067 -0.0351028 -0.571267 -0.281183 0.771097 1.28821 2.78918 -1.70184</i>
                        <i>0.667629 0.386646 0.63622 -0.480891 0.876335 -0.0279378 -0.568344 -0.2873 0.771002 1.28809 2.78908 -1.69945</i>
                        <i>0.669418 0.382363 0.636929 -0.481064 0.876445 -0.0205476 -0.56609 -0.292649 0.770649 1.28875 2.7893 -1.69694</i>
                        <i>0.671665 0.37688 0.63783 -0.479794 0.877283 -0.0131223 -0.564503 -0.297213 0.770065 1.29008 2.78981 -1.6944</i>
                        <i>0.67424 0.370456 0.638877 -0.477271 0.878736 -0.00585057 -0.563572 -0.300973 0.769287 1.292 2.79053 -1.69188</i>
                        <i>0.677014 0.36335 0.640022 -0.473685 0.880694 0.00108013 -0.563271 -0.3039 0.768356 1.29439 2.79143 -1.68945</i>
                        <i>0.679869 0.355826 0.641222 -0.469223 0.883048 0.00748293 -0.563567 -0.305963 0.767319 1.29714 2.79245 -1.68718</i>
                        <i>0.682694 0.348152 0.642432 -0.463735 0.885883 0.0127119 -0.564694 -0.306596 0.766237 1.30027 2.7936 -1.68528</i>
                        <i>0.68539 0.340601 0.643609 -0.457166 0.889233 0.0162573 -0.566781 -0.305379 0.765182 1.30375 2.79488 -1.68393</i>
                        <i>0.687866 0.333448 0.644711 -0.449847 0.892921 0.0181355 -0.569629 -0.302496 0.764211 1.30743 2.79622 -1.68312</i>
                        <i>0.689616 0.328262 0.645503 -0.443563 0.896058 0.018197 -0.572435 -0.29887 0.763541 1.31052 2.79719 -1.68293</i>
                        <i>0.690359 0.326023 0.645843 -0.439443 0.898121 0.016359 -0.574712 -0.295105 0.763295 1.31251 2.79752 -1.68339</i>
                        <i>0.690329 0.326114 0.645829 -0.436825 0.899456 0.0127394 -0.576741 -0.290909 0.763376 1.31368 2.79743 -1.68447</i>
                        <i>0.689734 0.327909 0.645557 -0.435035 0.900383 0.00745836 -0.578802 -0.285984 0.763676 1.31433 2.79709 -1.68611</i>
                        <i>0.688772 0.330778 0.64512 -0.433394 0.901204 0.000637339 -0.581174 -0.28003 0.764081 1.31473 2.7967 -1.68829</i>
                        <i>0.687646 0.334093 0.644612 -0.431217 0.902216 -0.00760106 -0.584119 -0.272741 0.764472 1.31518 2.79644 -1.69096</i>
                        <i>0.686566 0.337229 0.64413 -0.427811 0.903706 -0.0171328 -0.587882 -0.263803 0.764724 1.31596 2.79648 -1.69408</i>
                    </KeyFrames>
                </p>
            </i>
            <i>
                <p>
                    <Name><![CDATA[l_clav]]></Name>
                    <Exclude>0</Exclude>
                    <Additive>0</Additive>
                    <IKPriority>0</IKPriority>
                    <IKRotLimits>-1e+010 -1e+010 -1e+010 1e+010 1e+010 1e+010</IKRotLimits>
                    <IKRotLimitOrder>0</IKRotLimitOrder>
                    <KeyFrames count="30">
                        <i>-0.0248984 0.111549 0.993447 -0.560225 0.821494 -0.106282 -0.827966 -0.5592 0.0420385 1.54845 2.34321 -1.57037</i>
                        <i>-0.0290668 0.118284 0.992554 -0.56447 0.817549 -0.113959 -0.824942 -0.56358 0.0430041 1.54881 2.34351 -1.57034</i>
                        <i>-0.0338054 0.125739 0.991487 -0.569172 0.81304 -0.122515 -0.821523 -0.568468 0.0440818 1.54905 2.3441 -1.57036</i>
                        <i>-0.0389723 0.133634 0.990264 -0.574145 0.808101 -0.131647 -0.817826 -0.573686 0.0452317 1.5492 2.34491 -1.57041</i>
                        <i>-0.0444137 0.141699 0.988913 -0.57921 0.802882 -0.141056 -0.813968 -0.579053 0.0464144 1.54926 2.34589 -1.5705</i>
                        <i>-0.049962 0.149673 0.987472 -0.584196 0.797547 -0.150444 -0.810073 -0.584394 0.0475913 1.54925 2.34697 -1.57061</i>
                        <i>-0.0554365 0.157308 0.985992 -0.588944 0.792275 -0.159514 -0.80627 -0.589537 0.0487246 1.54919 2.34811 -1.57073</i>
                        <i>-0.0606434 0.164366 0.984534 -0.593304 0.787258 -0.167976 -0.802691 -0.594314 0.0497769 1.5491 2.34924 -1.57085</i>
                        <i>-0.0653785 0.170621 0.983165 -0.597133 0.782699 -0.175539 -0.799473 -0.598557 0.0507116 1.54898 2.35029 -1.57098</i>
                        <i>-0.0694298 0.175854 0.981965 -0.6003 0.778811 -0.181917 -0.796755 -0.602104 0.0514926 1.54886 2.35122 -1.57109</i>
                        <i>-0.072581 0.179854 0.981012 -0.602675 0.77581 -0.186822 -0.794679 -0.604791 0.0520841 1.54875 2.35195 -1.57118</i>
                        <i>-0.0746168 0.182407 0.980388 -0.604129 0.773912 -0.189971 -0.793385 -0.606456 0.0524503 1.54867 2.35243 -1.57124</i>
                        <i>-0.0753276 0.183296 0.980168 -0.60453 0.773327 -0.191075 -0.793013 -0.606934 0.052555 1.54862 2.3526 -1.57126</i>
                        <i>-0.0744931 0.182267 0.980423 -0.603577 0.774379 -0.189823 -0.793817 -0.605901 0.0523265 1.54857 2.35248 -1.57126</i>
                        <i>-0.0721953 0.179398 0.981124 -0.601196 0.777075 -0.186327 -0.795834 -0.6033 0.0517524 1.54844 2.35217 -1.57125</i>
                        <i>-0.0686968 0.174949 0.982178 -0.597583 0.781126 -0.180934 -0.798859 -0.599362 0.0508854 1.54824 2.35168 -1.57123</i>
                        <i>-0.0642676 0.169173 0.983489 -0.592925 0.786236 -0.173989 -0.802689 -0.594317 0.0497778 1.548 2.35105 -1.57121</i>
                        <i>-0.0591757 0.16233 0.98496 -0.587417 0.79211 -0.165839 -0.807118 -0.588396 0.048482 1.54773 2.35031 -1.57118</i>
                        <i>-0.0536811 0.154687 0.986504 -0.581258 0.798463 -0.156831 -0.811946 -0.581833 0.0470508 1.54743 2.34948 -1.57115</i>
                        <i>-0.0480298 0.146525 0.98804 -0.574662 0.805022 -0.147319 -0.81698 -0.574865 0.0455376 1.54712 2.34861 -1.57111</i>
                        <i>-0.0424498 0.138143 0.989502 -0.567856 0.811535 -0.137659 -0.822033 -0.567738 0.043996 1.54682 2.34771 -1.57107</i>
                        <i>-0.0371488 0.129856 0.990837 -0.561081 0.817771 -0.128211 -0.826927 -0.560703 0.0424807 1.54654 2.34681 -1.57103</i>
                        <i>-0.0323137 0.121995 0.992005 -0.554594 0.823519 -0.11934 -0.831494 -0.554016 0.0410464 1.54628 2.34593 -1.57098</i>
                        <i>-0.0281405 0.115116 0.992953 -0.550024 0.827667 -0.111542 -0.834675 -0.549287 0.0400257 1.5462 2.34515 -1.57092</i>
                        <i>-0.0247632 0.109709 0.993655 -0.548389 0.829572 -0.105259 -0.835857 -0.547516 0.0396204 1.54636 2.3445 -1.57083</i>
                        <i>-0.0222935 0.10599 0.994117 -0.549016 0.829715 -0.100774 -0.835515 -0.548032 0.039693 1.5467 2.34399 -1.57072</i>
                        <i>-0.0208816 0.104151 0.994342 -0.551213 0.828547 -0.0983606 -0.834103 -0.550148 0.040108 1.54715 2.3436 -1.57061</i>
                        <i>-0.0207096 0.104362 0.994324 -0.554282 0.826504 -0.0982926 -0.832071 -0.553172 0.0407295 1.54764 2.34334 -1.57051</i>
                        <i>-0.0219796 0.106779 0.99404 -0.557522 0.824014 -0.100842 -0.829871 -0.556416 0.04142 1.5481 2.34321 -1.57042</i>
                        <i>-0.0248984 0.111549 0.993447 -0.560225 0.821494 -0.106282 -0.827966 -0.5592 0.0420385 1.54845 2.34321 -1.57037</i>
                    </KeyFrames>
                </p>
            </i>
            <i>
                <p>
                    <Name><![CDATA[l_shoulder]]></Name>
                    <Exclude>0</Exclude>
                    <Additive>0</Additive>
                    <IKPriority>0</IKPriority>
                    <IKRotLimits>-1e+010 -1e+010 -1e+010 1e+010 1e+010 1e+010</IKRotLimits>
                    <IKRotLimitOrder>0</IKRotLimitOrder>
                    <KeyFrames count="30">
                        <i>0.457998 -0.738356 0.495044 -0.740115 -0.00824535 0.67243 -0.492411 -0.674361 -0.550244 1.54353 2.36525 -1.37408</i>
                        <i>0.453973 -0.744692 0.489227 -0.73891 -0.00782189 0.673759 -0.497916 -0.667363 -0.553811 1.54306 2.36688 -1.37423</i>
                        <i>0.448539 -0.752914 0.481594 -0.737588 -0.00751826 0.675209 -0.504754 -0.658076 -0.558713 1.54237 2.36894 -1.37446</i>
                        <i>0.441763 -0.762725 0.47233 -0.736198 -0.00732497 0.676727 -0.512697 -0.646681 -0.564753 1.5415 2.37131 -1.37476</i>
                        <i>0.433702 -0.773842 0.461596 -0.734786 -0.00723055 0.678261 -0.521529 -0.633337 -0.571744 1.54048 2.37388 -1.37511</i>
                        <i>0.424417 -0.785984 0.449554 -0.733396 -0.00722089 0.679763 -0.531037 -0.618204 -0.579503 1.53938 2.37655 -1.3755</i>
                        <i>0.413994 -0.798863 0.43638 -0.732071 -0.00728032 0.681189 -0.541 -0.601469 -0.587838 1.53824 2.37919 -1.37592</i>
                        <i>0.402574 -0.812156 0.422299 -0.73085 -0.0073919 0.682498 -0.551174 -0.583393 -0.59654 1.53712 2.38171 -1.37633</i>
                        <i>0.390413 -0.825469 0.40765 -0.729771 -0.00753719 0.68365 -0.56126 -0.564397 -0.605346 1.53607 2.384 -1.37672</i>
                        <i>0.377997 -0.838248 0.393012 -0.728871 -0.00769693 0.684608 -0.570846 -0.545235 -0.613884 1.53514 2.38596 -1.37707</i>
                        <i>0.366292 -0.84961 0.379463 -0.728186 -0.00785026 0.685334 -0.579288 -0.527352 -0.62155 1.53441 2.38749 -1.37735</i>
                        <i>0.357153 -0.858054 0.369032 -0.727755 -0.0079736 0.68579 -0.585503 -0.513497 -0.627302 1.53392 2.38847 -1.37754</i>
                        <i>0.353492 -0.861341 0.364877 -0.727619 -0.00804081 0.685934 -0.587889 -0.507964 -0.62957 1.53374 2.38882 -1.3776</i>
                        <i>0.35676 -0.858432 0.368532 -0.727843 -0.00811279 0.685696 -0.585634 -0.512863 -0.627698 1.53385 2.3885 -1.37755</i>
                        <i>0.364892 -0.850989 0.377719 -0.72843 -0.00826572 0.68507 -0.579865 -0.525119 -0.622902 1.53417 2.38761 -1.3774</i>
                        <i>0.375533 -0.8408 0.38991 -0.729331 -0.00850062 0.684109 -0.571884 -0.541278 -0.616414 1.53467 2.38624 -1.37718</i>
                        <i>0.387065 -0.829146 0.403359 -0.730496 -0.00881727 0.682861 -0.562634 -0.558963 -0.6091 1.53531 2.38447 -1.37689</i>
                        <i>0.398581 -0.81681 0.417079 -0.731877 -0.00921317 0.681374 -0.55271 -0.576834 -0.601477 1.53604 2.38238 -1.37657</i>
                        <i>0.409596 -0.804293 0.430516 -0.733427 -0.00968206 0.6797 -0.542509 -0.594154 -0.593856 1.53682 2.38005 -1.37624</i>
                        <i>0.419842 -0.791951 0.443335 -0.73509 -0.0102133 0.677892 -0.532329 -0.610499 -0.586444 1.53763 2.37756 -1.37589</i>
                        <i>0.429167 -0.780067 0.455314 -0.736812 -0.0107911 0.676012 -0.522421 -0.625603 -0.579394 1.53843 2.375 -1.37557</i>
                        <i>0.437479 -0.768893 0.466279 -0.738529 -0.0113935 0.674125 -0.513017 -0.639276 -0.572834 1.5392 2.37246 -1.37526</i>
                        <i>0.444719 -0.758665 0.47608 -0.740176 -0.0119923 0.672307 -0.504347 -0.65137 -0.566879 1.5399 2.37004 -1.37498</i>
                        <i>0.450658 -0.749868 0.484361 -0.741448 -0.012245 0.670898 -0.497154 -0.661475 -0.561506 1.54064 2.3679 -1.37473</i>
                        <i>0.455184 -0.742871 0.490866 -0.742139 -0.0119279 0.67014 -0.491972 -0.669328 -0.556743 1.54147 2.36618 -1.3745</i>
                        <i>0.458384 -0.737758 0.495577 -0.742335 -0.0112108 0.669935 -0.488694 -0.674972 -0.552803 1.5423 2.36493 -1.37431</i>
                        <i>0.460296 -0.734627 0.498448 -0.742135 -0.0102853 0.670172 -0.4872 -0.678393 -0.549927 1.54303 2.36417 -1.37415</i>
                        <i>0.460914 -0.733588 0.499406 -0.741636 -0.0093519 0.670737 -0.487375 -0.67953 -0.548366 1.54355 2.36396 -1.37405</i>
                        <i>0.460187 -0.734774 0.498332 -0.740933 -0.00860908 0.671524 -0.489128 -0.678258 -0.54838 1.54375 2.36431 -1.37402</i>
                        <i>0.457998 -0.738356 0.495044 -0.740115 -0.00824535 0.67243 -0.492411 -0.674361 -0.550244 1.54353 2.36525 -1.37408</i>
                    </KeyFrames>
                </p>
            </i>
            <i>
                <p>
                    <Name><![CDATA[l_elbow]]></Name>
                    <Exclude>0</Exclude>
                    <Additive>0</Additive>
                    <IKPriority>0</IKPriority>
                    <IKRotLimits>-1e+010 -1e+010 -1e+010 1e+010 1e+010 1e+010</IKRotLimits>
                    <IKRotLimitOrder>0</IKRotLimitOrder>
                    <KeyFrames count="30">
                        <i>0.109191 -0.988334 0.106177 -0.741374 -0.00981931 0.67102 -0.662149 -0.151986 -0.733797 1.69251 2.12508 -1.21305</i>
                        <i>0.11465 -0.987021 0.112452 -0.740183 -0.00937738 0.67234 -0.662559 -0.160319 -0.731651 1.69073 2.12465 -1.2151</i>
                        <i>0.122213 -0.985126 0.12079 -0.738878 -0.00904925 0.673779 -0.662664 -0.171593 -0.728994 1.68827 2.12404 -1.21781</i>
                        <i>0.13168 -0.982602 0.130971 -0.737507 -0.00882591 0.675282 -0.662378 -0.185512 -0.725838 1.68519 2.12322 -1.22112</i>
                        <i>0.142854 -0.97939 0.14279 -0.736116 -0.00869631 0.6768 -0.661609 -0.201793 -0.722187 1.68156 2.12217 -1.22496</i>
                        <i>0.155526 -0.97543 0.156038 -0.734749 -0.00864679 0.678284 -0.660269 -0.22014 -0.718041 1.67743 2.12088 -1.22927</i>
