<?xml version="1.0" encoding="ISO-8859-1" ?>
<Animl Version="1">
    <ModellingPackage><![CDATA[Maya.2010]]></ModellingPackage>
    <SrcFile><![CDATA[anims\turrets\antitank\red\~src\at_b10_recoilless\b10recoilless_fire_crewman_a.mb]]></SrcFile>
    <FramesPerSecond>30</FramesPerSecond>
    <TotalFrames>40</TotalFrames>
    <Skeleton>
        <RefFrame>
            <Name><![CDATA[soldier_ref_frame]]></Name>
            <Exclude>0</Exclude>
            <Additive>0</Additive>
            <IKPriority>0</IKPriority>
            <IKRotLimits>-1e+010 -1e+010 -1e+010 1e+010 1e+010 1e+010</IKRotLimits>
            <IKRotLimitOrder>0</IKRotLimitOrder>
            <KeyFrames count="40">
                <i>1 0 0 0 1 0 0 0 1 0.96 0.94 0.91</i>
                <i>1 0 0 0 1 0 0 0 1 0.96 0.94 0.91</i>
                <i>1 0 0 0 1 0 0 0 1 0.96 0.94 0.91</i>
                <i>1 0 0 0 1 0 0 0 1 0.96 0.94 0.91</i>
                <i>1 0 0 0 1 0 0 0 1 0.96 0.94 0.91</i>
                <i>1 0 0 0 1 0 0 0 1 0.96 0.94 0.91</i>
                <i>1 0 0 0 1 0 0 0 1 0.96 0.94 0.91</i>
                <i>1 0 0 0 1 0 0 0 1 0.96 0.94 0.91</i>
                <i>1 0 0 0 1 0 0 0 1 0.96 0.94 0.91</i>
                <i>1 0 0 0 1 0 0 0 1 0.96 0.94 0.91</i>
                <i>1 0 0 0 1 0 0 0 1 0.96 0.94 0.91</i>
                <i>1 0 0 0 1 0 0 0 1 0.96 0.94 0.91</i>
                <i>1 0 0 0 1 0 0 0 1 0.96 0.94 0.91</i>
                <i>1 0 0 0 1 0 0 0 1 0.96 0.94 0.91</i>
                <i>1 0 0 0 1 0 0 0 1 0.96 0.94 0.91</i>
                <i>1 0 0 0 1 0 0 0 1 0.96 0.94 0.91</i>
                <i>1 0 0 0 1 0 0 0 1 0.96 0.94 0.91</i>
                <i>1 0 0 0 1 0 0 0 1 0.96 0.94 0.91</i>
                <i>1 0 0 0 1 0 0 0 1 0.96 0.94 0.91</i>
                <i>1 0 0 0 1 0 0 0 1 0.96 0.94 0.91</i>
                <i>1 0 0 0 1 0 0 0 1 0.96 0.94 0.91</i>
                <i>1 0 0 0 1 0 0 0 1 0.96 0.94 0.91</i>
                <i>1 0 0 0 1 0 0 0 1 0.96 0.94 0.91</i>
                <i>1 0 0 0 1 0 0 0 1 0.96 0.94 0.91</i>
                <i>1 0 0 0 1 0 0 0 1 0.96 0.94 0.91</i>
                <i>1 0 0 0 1 0 0 0 1 0.96 0.94 0.91</i>
                <i>1 0 0 0 1 0 0 0 1 0.96 0.94 0.91</i>
                <i>1 0 0 0 1 0 0 0 1 0.96 0.94 0.91</i>
                <i>1 0 0 0 1 0 0 0 1 0.96 0.94 0.91</i>
                <i>1 0 0 0 1 0 0 0 1 0.96 0.94 0.91</i>
                <i>1 0 0 0 1 0 0 0 1 0.96 0.94 0.91</i>
                <i>1 0 0 0 1 0 0 0 1 0.96 0.94 0.91</i>
                <i>1 0 0 0 1 0 0 0 1 0.96 0.94 0.91</i>
                <i>1 0 0 0 1 0 0 0 1 0.96 0.94 0.91</i>
                <i>1 0 0 0 1 0 0 0 1 0.96 0.94 0.91</i>
                <i>1 0 0 0 1 0 0 0 1 0.96 0.94 0.91</i>
                <i>1 0 0 0 1 0 0 0 1 0.96 0.94 0.91</i>
                <i>1 0 0 0 1 0 0 0 1 0.96 0.94 0.91</i>
                <i>1 0 0 0 1 0 0 0 1 0.96 0.94 0.91</i>
                <i>1 0 0 0 1 0 0 0 1 0.96 0.94 0.91</i>
            </KeyFrames>
        </RefFrame>
        <Bones count="23">
            <i>
                <p>
                    <Name><![CDATA[pelvis]]></Name>
                    <Exclude>0</Exclude>
                    <Additive>0</Additive>
                    <IKPriority>0</IKPriority>
                    <IKRotLimits>-1e+010 -1e+010 -1e+010 1e+010 1e+010 1e+010</IKRotLimits>
                    <IKRotLimitOrder>2</IKRotLimitOrder>
                    <KeyFrames count="40">
                        <i>1 0 0 0 1 0 0 0 1 0.926876 1.8811 0.837703</i>
                        <i>1 0 0 0 1 0 0 0 1 0.926876 1.83291 0.837703</i>
                        <i>1 0 0 0 1 0 0 0 1 0.926876 1.74448 0.837703</i>
                        <i>1 0 0 0 1 0 0 0 1 0.926876 1.7 0.837703</i>
                        <i>1 0 0 0 1 0 0 0 1 0.926876 1.73546 0.837703</i>
                        <i>1 0 0 0 1 0 0 0 1 0.926876 1.80732 0.837703</i>
                        <i>1 0 0 0 1 0 0 0 1 0.926876 1.88053 0.837703</i>
                        <i>1 0 0 0 1 0 0 0 1 0.926876 1.92 0.837703</i>
                        <i>1 0 0 0 1 0 0 0 1 0.926876 1.92269 0.837703</i>
                        <i>1 0 0 0 1 0 0 0 1 0.926876 1.91203 0.837703</i>
                        <i>1 0 0 0 1 0 0 0 1 0.926876 1.89263 0.837703</i>
                        <i>1 0 0 0 1 0 0 0 1 0.926876 1.86911 0.837703</i>
                        <i>1 0 0 0 1 0 0 0 1 0.926876 1.84608 0.837703</i>
                        <i>1 0 0 0 1 0 0 0 1 0.926876 1.82817 0.837703</i>
                        <i>1 0 0 0 1 0 0 0 1 0.926876 1.82 0.837703</i>
                        <i>1 0 0 0 1 0 0 0 1 0.926876 1.81924 0.837703</i>
                        <i>1 0 0 0 1 0 0 0 1 0.926876 1.82031 0.837703</i>
                        <i>1 0 0 0 1 0 0 0 1 0.926876 1.82295 0.837703</i>
                        <i>1 0 0 0 1 0 0 0 1 0.926876 1.8269 0.837703</i>
                        <i>1 0 0 0 1 0 0 0 1 0.926876 1.83189 0.837703</i>
                        <i>1 0 0 0 1 0 0 0 1 0.926876 1.83766 0.837703</i>
                        <i>1 0 0 0 1 0 0 0 1 0.926876 1.84395 0.837703</i>
                        <i>1 0 0 0 1 0 0 0 1 0.926876 1.85049 0.837703</i>
                        <i>1 0 0 0 1 0 0 0 1 0.926876 1.85701 0.837703</i>
                        <i>1 0 0 0 1 0 0 0 1 0.926876 1.86326 0.837703</i>
                        <i>1 0 0 0 1 0 0 0 1 0.926876 1.86896 0.837703</i>
                        <i>1 0 0 0 1 0 0 0 1 0.926876 1.87386 0.837703</i>
                        <i>1 0 0 0 1 0 0 0 1 0.926876 1.8777 0.837703</i>
                        <i>1 0 0 0 1 0 0 0 1 0.926876 1.8802 0.837703</i>
                        <i>1 0 0 0 1 0 0 0 1 0.926876 1.8811 0.837703</i>
                        <i>1 0 0 0 1 0 0 0 1 0.926876 1.88111 0.837703</i>
                        <i>1 0 0 0 1 0 0 0 1 0.926876 1.88111 0.837703</i>
                        <i>1 0 0 0 1 0 0 0 1 0.926876 1.88111 0.837703</i>
                        <i>1 0 0 0 1 0 0 0 1 0.926876 1.88111 0.837703</i>
                        <i>1 0 0 0 1 0 0 0 1 0.926876 1.88111 0.837703</i>
                        <i>1 0 0 0 1 0 0 0 1 0.926876 1.88111 0.837703</i>
                        <i>1 0 0 0 1 0 0 0 1 0.926876 1.88111 0.837703</i>
                        <i>1 0 0 0 1 0 0 0 1 0.926876 1.8811 0.837703</i>
                        <i>1 0 0 0 1 0 0 0 1 0.926876 1.8811 0.837703</i>
                        <i>1 0 0 0 1 0 0 0 1 0.926876 1.8811 0.837703</i>
                    </KeyFrames>
                </p>
            </i>
            <i>
                <p>
                    <Name><![CDATA[spine0]]></Name>
                    <Exclude>0</Exclude>
                    <Additive>0</Additive>
                    <IKPriority>0</IKPriority>
                    <IKRotLimits>-1e+010 -1e+010 -1e+010 1e+010 1e+010 1e+010</IKRotLimits>
                    <IKRotLimitOrder>0</IKRotLimitOrder>
                    <KeyFrames count="40">
                        <i>-0.244532 0.933345 0.262814 -0.592778 0.0705991 -0.802266 -0.767345 -0.35197 0.536002 0.948627 2.02267 0.824236</i>
                        <i>-0.156203 0.972446 0.17306 -0.586426 0.0496825 -0.808478 -0.794799 -0.227773 0.562507 0.965858 1.96892 0.811674</i>
                        <i>-0.0671279 0.994611 0.0790135 -0.585627 0.0248387 -0.8102 -0.807796 -0.100659 0.580804 0.982349 1.87162 0.799578</i>
                        <i>-0.0196702 0.999135 0.0366502 -0.586546 0.0181543 -0.809712 -0.809677 -0.0374242 0.585681 0.989169 1.82228 0.794551</i>
                        <i>-0.0372784 0.996695 0.0721779 -0.584173 0.0368661 -0.810792 -0.810773 -0.0723894 0.580868 0.984177 1.86137 0.79824</i>
                        <i>-0.0982551 0.984076 0.148123 -0.584571 0.0633837 -0.808863 -0.805371 -0.166063 0.569034 0.9725 1.94023 0.806852</i>
                        <i>-0.172109 0.959247 0.224105 -0.590416 0.081659 -0.802957 -0.788535 -0.270512 0.552301 0.957906 2.01956 0.817576</i>
                        <i>-0.220961 0.938441 0.265526 -0.597086 0.0851034 -0.79765 -0.771145 -0.334792 0.541525 0.945063 2.0623 0.826976</i>
                        <i>-0.219862 0.940445 0.259274 -0.599181 0.0795518 -0.796651 -0.769833 -0.330506 0.546007 0.939388 2.06586 0.831116</i>
                        <i>-0.181776 0.958088 0.221415 -0.596362 0.0716222 -0.799514 -0.781863 -0.277376 0.558348 0.943164 2.05466 0.828358</i>
                        <i>-0.129879 0.976527 0.171831 -0.591751 0.0627126 -0.803677 -0.795589 -0.206062 0.569716 0.95287 2.03316 0.821261</i>
                        <i>-0.0871725 0.987451 0.131688 -0.587482 0.055801 -0.807311 -0.804528 -0.14774 0.575246 0.965299 2.00537 0.812148</i>
                        <i>-0.0621395 0.992058 0.109361 -0.583974 0.0527193 -0.810059 -0.809391 -0.1142 0.57606 0.977316 1.97635 0.803306</i>
                        <i>-0.0517596 0.993539 0.100996 -0.581197 0.0522726 -0.812082 -0.812115 -0.100732 0.574736 0.986202 1.95267 0.796747</i>
                        <i>-0.0550269 0.992988 0.104624 -0.579676 0.0535459 -0.813086 -0.812987 -0.10539 0.572665 0.989734 1.94185 0.794134</i>
                        <i>-0.0672182 0.990999 0.115773 -0.579353 0.0557014 -0.813171 -0.8123 -0.121733 0.570394 0.989084 1.94159 0.794615</i>
                        <i>-0.0845214 0.987758 0.131115 -0.579504 0.0583143 -0.81288 -0.810574 -0.144688 0.567481 0.98698 1.94424 0.796169</i>
                        <i>-0.105042 0.98328 0.148752 -0.580215 0.0608848 -0.812184 -0.807661 -0.171622 0.564118 0.983643 1.94923 0.79863</i>
                        <i>-0.125222 0.978239 0.165435 -0.581526 0.0627306 -0.811106 -0.803833 -0.197773 0.561016 0.979291 1.95598 0.801834</i>
                        <i>-0.143917 0.973012 0.180376 -0.583288 0.0638376 -0.809753 -0.799414 -0.221749 0.558359 0.974158 1.96392 0.805606</i>
                        <i>-0.162649 0.96717 0.195262 -0.585295 0.0647447 -0.808231 -0.794339 -0.245744 0.555549 0.968503 1.9725 0.809751</i>
                        <i>-0.180561 0.961024 0.209356 -0.587426 0.0653552 -0.806635 -0.788878 -0.268628 0.55273 0.962619 1.98128 0.814056</i>
                        <i>-0.197228 0.954804 0.222375 -0.589544 0.0657206 -0.805058 -0.783287 -0.28988 0.549937 0.95682 1.98985 0.818288</i>
                        <i>-0.21253 0.948632 0.234369 -0.591524 0.0660088 -0.803581 -0.777773 -0.30942 0.54711 0.951442 1.99791 0.822207</i>
                        <i>-0.225977 0.942815 0.245021 -0.593248 0.0663079 -0.802284 -0.772652 -0.326656 0.544339 0.946825 2.00521 0.825564</i>
                        <i>-0.237001 0.937738 0.253925 -0.594596 0.0666907 -0.801254 -0.768301 -0.340881 0.54177 0.94331 2.01156 0.828116</i>
                        <i>-0.243487 0.934499 0.259665 -0.594964 0.0675256 -0.800911 -0.765984 -0.349503 0.539552 0.94254 2.01659 0.828671</i>
                        <i>-0.245346 0.933324 0.262127 -0.59429 0.0688245 -0.8013 -0.765914 -0.352376 0.53778 0.944551 2.02008 0.827204</i>
                        <i>-0.245025 0.93322 0.262798 -0.593295 0.0700517 -0.801931 -0.766788 -0.35241 0.536511 0.947267 2.02206 0.825226</i>
                        <i>-0.244532 0.933345 0.262814 -0.592778 0.0705991 -0.802266 -0.767345 -0.35197 0.536002 0.948627 2.02267 0.824236</i>
                        <i>-0.244532 0.933345 0.262814 -0.592778 0.0705991 -0.802266 -0.767345 -0.35197 0.536002 0.948627 2.02268 0.824236</i>
                        <i>-0.244532 0.933345 0.262814 -0.592778 0.0705991 -0.802266 -0.767345 -0.35197 0.536002 0.948627 2.02268 0.824236</i>
                        <i>-0.244532 0.933345 0.262814 -0.592778 0.0705991 -0.802266 -0.767345 -0.35197 0.536002 0.948627 2.02268 0.824236</i>
                        <i>-0.244532 0.933345 0.262814 -0.592778 0.0705991 -0.802266 -0.767345 -0.35197 0.536002 0.948627 2.02268 0.824236</i>
                        <i>-0.244532 0.933345 0.262814 -0.592778 0.0705991 -0.802266 -0.767345 -0.35197 0.536002 0.948627 2.02268 0.824236</i>
                        <i>-0.244532 0.933345 0.262814 -0.592778 0.0705991 -0.802266 -0.767345 -0.35197 0.536002 0.948627 2.02268 0.824236</i>
                        <i>-0.244532 0.933345 0.262814 -0.592778 0.0705991 -0.802266 -0.767345 -0.35197 0.536002 0.948627 2.02268 0.824236</i>
                        <i>-0.244532 0.933345 0.262814 -0.592778 0.0705991 -0.802266 -0.767345 -0.35197 0.536002 0.948627 2.02267 0.824236</i>
                        <i>-0.244532 0.933345 0.262814 -0.592778 0.0705991 -0.802266 -0.767345 -0.35197 0.536002 0.948627 2.02267 0.824236</i>
                        <i>-0.244532 0.933345 0.262814 -0.592778 0.0705991 -0.802266 -0.767345 -0.35197 0.536002 0.948627 2.02267 0.824236</i>
                    </KeyFrames>
                </p>
            </i>
            <i>
                <p>
                    <Name><![CDATA[spine1]]></Name>
                    <Exclude>0</Exclude>
                    <Additive>0</Additive>
                    <IKPriority>0</IKPriority>
                    <IKRotLimits>-1e+010 -1e+010 -1e+010 1e+010 1e+010 1e+010</IKRotLimits>
                    <IKRotLimitOrder>0</IKRotLimitOrder>
                    <KeyFrames count="40">
                        <i>-0.513707 0.687862 0.512787 -0.670404 0.0511579 -0.740231 -0.53541 -0.724036 0.434865 0.904858 2.18988 0.87129</i>
                        <i>-0.477318 0.762856 0.436141 -0.664182 0.0117718 -0.747479 -0.575353 -0.646461 0.501056 0.936731 2.15074 0.843974</i>
                        <i>-0.438988 0.827676 0.349631 -0.664145 -0.0368307 -0.746696 -0.605145 -0.559997 0.565865 0.969424 2.0648 0.814842</i>
                        <i>-0.409622 0.860549 0.302762 -0.661666 -0.0517858 -0.748008 -0.628019 -0.506728 0.590609 0.98543 2.01844 0.801657</i>
                        <i>-0.40928 0.854968 0.318621 -0.643548 -0.0229563 -0.765061 -0.646788 -0.518173 0.559609 0.977108 2.05315 0.812053</i>
                        <i>-0.430514 0.825086 0.365911 -0.61578 0.0279066 -0.787424 -0.659903 -0.564318 0.496057 0.95436 2.1226 0.834253</i>
                        <i>-0.447544 0.794011 0.411401 -0.590613 0.0829913 -0.802676 -0.671476 -0.602212 0.431811 0.927457 2.18942 0.85724</i>
                        <i>-0.435661 0.794827 0.422434 -0.576191 0.114295 -0.809284 -0.691523 -0.595976 0.408178 0.907381 2.22232 0.872256</i>
                        <i>-0.397143 0.82899 0.393769 -0.571322 0.112464 -0.812984 -0.71824 -0.547839 0.428956 0.90238 2.22409 0.874751</i>
                        <i>-0.36642 0.85894 0.357713 -0.57031 0.0964339 -0.815749 -0.735175 -0.502914 0.454527 0.912217 2.21774 0.866051</i>
                        <i>-0.349749 0.878062 0.326623 -0.570955 0.0766343 -0.817397 -0.742755 -0.472371 0.474531 0.930222 2.20356 0.851234</i>
                        <i>-0.353056 0.882069 0.311939 -0.571537 0.0606363 -0.818333 -0.740741 -0.467202 0.482727 0.949679 2.18276 0.835776</i>
                        <i>-0.374533 0.871118 0.317615 -0.57312 0.0517768 -0.817834 -0.728875 -0.488337 0.479863 0.965878 2.16004 0.823507</i>
                        <i>-0.404464 0.849864 0.337848 -0.577665 0.0489898 -0.814803 -0.709022 -0.524721 0.471121 0.97643 2.14207 0.815932</i>
                        <i>-0.430226 0.827188 0.361476 -0.584289 0.0500713 -0.809999 -0.688122 -0.559689 0.461775 0.979169 2.13453 0.814355</i>
                        <i>-0.451154 0.804916 0.385449 -0.592141 0.0531548 -0.804079 -0.667704 -0.591004 0.452643 0.976076 2.13512 0.817139</i>
                        <i>-0.471981 0.779951 0.410987 -0.600423 0.0569722 -0.79765 -0.645543 -0.623242 0.441411 0.97056 2.13755 0.821743</i>
                        <i>-0.489794 0.755737 0.434698 -0.608785 0.0604438 -0.791029 -0.624085 -0.65208 0.430476 0.963265 2.1411 0.827572</i>
                        <i>-0.501297 0.737227 0.452987 -0.61705 0.0624194 -0.784444 -0.606589 -0.672755 0.423616 0.955167 2.14532 0.833773</i>
                        <i>-0.506996 0.724928 0.4663 -0.625241 0.0630825 -0.777879 -0.593321 -0.68593 0.421271 0.946733 2.15001 0.840031</i>
                        <i>-0.509535 0.716018 0.47717 -0.633331 0.0633096 -0.771287 -0.582465 -0.695205 0.421218 0.937917 2.1549 0.846512</i>
                        <i>-0.508391 0.711743 0.484727 -0.641115 0.0629581 -0.764858 -0.5749 -0.699613 0.424302 0.929156 2.15977 0.852886</i>
                        <i>-0.504077 0.711824 0.489094 -0.648417 0.0621566 -0.758744 -0.570492 -0.699602 0.430227 0.920807 2.16448 0.858916</i>
                        <i>-0.498198 0.71434 0.491443 -0.655109 0.061187 -0.753053 -0.568006 -0.697119 0.437487 0.913169 2.16894 0.864429</i>
                        <i>-0.492072 0.717814 0.492553 -0.661001 0.0601218 -0.747973 -0.566518 -0.693635 0.444891 0.906611 2.17313 0.869179</i>
                        <i>-0.487183 0.720616 0.493321 -0.665877 0.058967 -0.743728 -0.565032 -0.690823 0.451114 0.901511 2.17705 0.872909</i>
                        <i>-0.489438 0.716493 0.497079 -0.668988 0.0571451 -0.741073 -0.55938 -0.695249 0.451357 0.899675 2.18119 0.874392</i>
                        <i>-0.499063 0.704965 0.503945 -0.670249 0.0545928 -0.740126 -0.549275 -0.707138 0.445257 0.901123 2.1854 0.873613</i>
                        <i>-0.509142 0.693189 0.51016 -0.670476 0.0522188 -0.740092 -0.539664 -0.718861 0.43818 0.903574 2.18861 0.8721</i>
                        <i>-0.513707 0.687862 0.512787 -0.670404 0.0511579 -0.740231 -0.53541 -0.724036 0.434865 0.904858 2.18988 0.87129</i>
                        <i>-0.513707 0.687862 0.512787 -0.670404 0.0511579 -0.740231 -0.53541 -0.724036 0.434865 0.904858 2.18989 0.87129</i>
                        <i>-0.513707 0.687862 0.512787 -0.670404 0.0511579 -0.740231 -0.53541 -0.724036 0.434865 0.904858 2.18989 0.87129</i>
                        <i>-0.513707 0.687862 0.512787 -0.670404 0.0511579 -0.740231 -0.53541 -0.724036 0.434865 0.904858 2.18989 0.87129</i>
                        <i>-0.513707 0.687862 0.512787 -0.670404 0.0511579 -0.740231 -0.53541 -0.724036 0.434865 0.904858 2.18989 0.87129</i>
                        <i>-0.513707 0.687862 0.512787 -0.670404 0.0511579 -0.740231 -0.53541 -0.724036 0.434865 0.904858 2.18989 0.87129</i>
                        <i>-0.513707 0.687862 0.512787 -0.670404 0.0511579 -0.740231 -0.53541 -0.724036 0.434865 0.904858 2.18989 0.87129</i>
                        <i>-0.513707 0.687862 0.512787 -0.670404 0.0511579 -0.740231 -0.53541 -0.724036 0.434865 0.904858 2.18989 0.87129</i>
                        <i>-0.513707 0.687862 0.512787 -0.670404 0.0511579 -0.740231 -0.53541 -0.724036 0.434865 0.904858 2.18988 0.87129</i>
                        <i>-0.513707 0.687862 0.512787 -0.670404 0.0511579 -0.740231 -0.53541 -0.724036 0.434865 0.904858 2.18988 0.87129</i>
                        <i>-0.513707 0.687862 0.512787 -0.670404 0.0511579 -0.740231 -0.53541 -0.724036 0.434865 0.904858 2.18988 0.87129</i>
                    </KeyFrames>
                </p>
            </i>
            <i>
                <p>
                    <Name><![CDATA[spine2]]></Name>
                    <Exclude>0</Exclude>
                    <Additive>0</Additive>
                    <IKPriority>0</IKPriority>
                    <IKRotLimits>-1e+010 -1e+010 -1e+010 1e+010 1e+010 1e+010</IKRotLimits>
                    <IKRotLimitOrder>0</IKRotLimitOrder>
                    <KeyFrames count="40">
                        <i>-0.631667 0.52391 0.571414 -0.696254 -0.0592519 -0.715345 -0.340919 -0.84971 0.402202 0.820247 2.30296 0.955875</i>
                        <i>-0.618666 0.581098 0.528751 -0.694128 -0.089027 -0.714326 -0.36802 -0.80895 0.458434 0.85461 2.28157 0.91915</i>
                        <i>-0.608271 0.636696 0.473947 -0.690254 -0.129526 -0.711879 -0.391862 -0.760159 0.518269 0.890885 2.21224 0.877574</i>
                        <i>-0.598361 0.675007 0.431659 -0.680104 -0.143076 -0.719019 -0.423583 -0.723806 0.544686 0.9113 2.17344 0.856638</i>
                        <i>-0.598695 0.689495 0.407628 -0.649462 -0.120027 -0.750861 -0.468788 -0.714276 0.519661 0.904528 2.2041 0.868684</i>
                        <i>-0.603272 0.693336 0.394141 -0.601518 -0.0710529 -0.795694 -0.523678 -0.717103 0.459918 0.88087 2.26296 0.896755</i>
                        <i>-0.595788 0.701829 0.390478 -0.553419 -0.00641146 -0.832878 -0.582034 -0.712317 0.392226 0.854501 2.31859 0.924276</i>
                        <i>-0.57196 0.725226 0.383288 -0.521282 0.039422 -0.852473 -0.633345 -0.687382 0.355499 0.839021 2.34694 0.938486</i>
                        <i>-0.550094 0.74841 0.370511 -0.511301 0.0489538 -0.858006 -0.660278 -0.661427 0.355733 0.840892 2.35242 0.935661</i>
                        <i>-0.545889 0.75377 0.365837 -0.515703 0.0418519 -0.855745 -0.660346 -0.655805 0.365875 0.854808 2.35224 0.922041</i>
                        <i>-0.546249 0.75504 0.362665 -0.525944 0.027803 -0.850064 -0.651916 -0.655088 0.381922 0.87401 2.34445 0.903672</i>
                        <i>-0.538643 0.765101 0.352823 -0.535136 0.0127721 -0.84467 -0.650764 -0.643784 0.402553 0.891218 2.32838 0.887371</i>
                        <i>-0.534525 0.770096 0.348187 -0.543629 0.00215291 -0.839323 -0.647109 -0.637924 0.417496 0.901922 2.30818 0.877688</i>
                        <i>-0.549402 0.751376 0.365503 -0.554983 -0.00114633 -0.831861 -0.624621 -0.659874 0.417631 0.905305 2.29075 0.875292</i>
                        <i>-0.572211 0.719117 0.394267 -0.567878 -0.000583856 -0.823112 -0.591684 -0.694889 0.408705 0.902162 2.28176 0.879013</i>
                        <i>-0.596405 0.679596 0.427143 -0.58148 0.00104345 -0.81356 -0.553338 -0.733586 0.394549 0.894826 2.27925 0.886522</i>
                        <i>-0.61934 0.63582 0.460599 -0.595233 0.00230084 -0.80355 -0.511973 -0.771834 0.377036 0.885405 2.27748 0.89587</i>
                        <i>-0.63659 0.595684 0.48981 -0.608599 0.00205609 -0.793475 -0.473667 -0.803217 0.361224 0.875192 2.27625 0.905727</i>
                        <i>-0.646652 0.565127 0.512321 -0.621263 -0.000505869 -0.783602 -0.442575 -0.825004 0.35142 0.865795 2.27606 0.914536</i>
                        <i>-0.651913 0.542386 0.52993 -0.633244 -0.00495504 -0.773936 -0.417147 -0.840115 0.346693 0.857448 2.27706 0.922169</i>
                        <i>-0.654253 0.524901 0.544455 -0.644549 -0.0104141 -0.764492 -0.395613 -0.851099 0.345138 0.849466 2.27867 0.929381</i>
                        <i>-0.653314 0.514784 0.555139 -0.655059 -0.016728 -0.755393 -0.379577 -0.857157 0.348142 0.842268 2.28097 0.935783</i>
                        <i>-0.649535 0.511984 0.562118 -0.664723 -0.0234669 -0.746721 -0.369118 -0.858674 0.35557 0.835996 2.28389 0.941277</i>
                        <i>-0.644133 0.514101 0.566386 -0.673479 -0.0301144 -0.738592 -0.362655 -0.857201 0.365634 0.830558 2.28712 0.946007</i>
                        <i>-0.637957 0.519465 0.568477 -0.681193 -0.0363865 -0.731199 -0.359148 -0.853717 0.377069 0.826021 2.29048 0.949948</i>
                        <i>-0.631963 0.526143 0.569031 -0.687678 -0.0421113 -0.724794 -0.357383 -0.849353 0.38843 0.822464 2.29382 0.953064</i>
                        <i>-0.628824 0.52944 0.56945 -0.69229 -0.0477961 -0.720034 -0.353998 -0.847 0.396582 0.820416 2.29708 0.955008</i>
                        <i>-0.629166 0.528083 0.570332 -0.694868 -0.053344 -0.717156 -0.348294 -0.847516 0.40051 0.819856 2.30003 0.955798</i>
                        <i>-0.630759 0.525338 0.571107 -0.695997 -0.0575752 -0.715733 -0.34312 -0.848944 0.401949 0.820036 2.30215 0.955931</i>
                        <i>-0.631667 0.52391 0.571414 -0.696254 -0.0592519 -0.715345 -0.340919 -0.84971 0.402202 0.820247 2.30296 0.955875</i>
                        <i>-0.631667 0.52391 0.571414 -0.696254 -0.0592519 -0.715345 -0.340919 -0.84971 0.402202 0.820247 2.30296 0.955875</i>
                        <i>-0.631667 0.52391 0.571414 -0.696254 -0.0592519 -0.715345 -0.340919 -0.84971 0.402202 0.820247 2.30297 0.955875</i>
                        <i>-0.631667 0.52391 0.571414 -0.696254 -0.0592519 -0.715345 -0.340919 -0.84971 0.402202 0.820247 2.30297 0.955875</i>
                        <i>-0.631667 0.52391 0.571414 -0.696254 -0.0592519 -0.715345 -0.340919 -0.84971 0.402202 0.820247 2.30297 0.955875</i>
                        <i>-0.631667 0.52391 0.571414 -0.696254 -0.0592519 -0.715345 -0.340919 -0.84971 0.402202 0.820247 2.30297 0.955875</i>
                        <i>-0.631667 0.52391 0.571414 -0.696254 -0.0592519 -0.715345 -0.340919 -0.84971 0.402202 0.820247 2.30296 0.955875</i>
                        <i>-0.631667 0.52391 0.571414 -0.696254 -0.0592519 -0.715345 -0.340919 -0.84971 0.402202 0.820247 2.30296 0.955875</i>
                        <i>-0.631667 0.52391 0.571414 -0.696254 -0.0592519 -0.715345 -0.340919 -0.84971 0.402202 0.820247 2.30296 0.955875</i>
                        <i>-0.631667 0.52391 0.571414 -0.696254 -0.0592519 -0.715345 -0.340919 -0.84971 0.402202 0.820247 2.30296 0.955875</i>
                        <i>-0.631667 0.52391 0.571414 -0.696254 -0.0592519 -0.715345 -0.340919 -0.84971 0.402202 0.820247 2.30296 0.955875</i>
                    </KeyFrames>
                </p>
            </i>
            <i>
                <p>
                    <Name><![CDATA[head]]></Name>
                    <Exclude>0</Exclude>
                    <Additive>0</Additive>
                    <IKPriority>0</IKPriority>
                    <IKRotLimits>-1e+010 -1e+010 -1e+010 1e+010 1e+010 1e+010</IKRotLimits>
                    <IKRotLimitOrder>0</IKRotLimitOrder>
                    <KeyFrames count="40">
                        <i>-0.156546 0.977408 0.142014 0.352847 0.189643 -0.916261 -0.922492 -0.0933276 -0.374564 0.659566 2.45369 1.09549</i>
                        <i>-0.141826 0.987012 0.0754556 0.360775 0.122523 -0.92457 -0.921806 -0.103906 -0.373466 0.693798 2.44723 1.05218</i>
                        <i>-0.135286 0.990799 -0.00388633 0.371649 0.047109 -0.927177 -0.918463 -0.126878 -0.374603 0.729164 2.39271 0.999992</i>
                        <i>-0.16137 0.986249 0.0356629 0.383584 0.0959752 -0.918506 -0.909298 -0.13454 -0.393797 0.750863 2.36412 0.968092</i>
                        <i>-0.217594 0.961023 0.170551 0.411491 0.248774 -0.876805 -0.885058 -0.120607 -0.449584 0.746144 2.39864 0.96948</i>
                        <i>-0.251592 0.93512 0.249503 0.468179 0.343216 -0.814255 -0.847059 -0.0880478 -0.524154 0.726214 2.45817 0.988058</i>
                        <i>-0.224719 0.942345 0.247968 0.544557 0.332479 -0.77001 -0.808059 -0.038003 -0.587875 0.707701 2.51441 1.01002</i>
                        <i>-0.172017 0.960702 0.217857 0.599565 0.277578 -0.750648 -0.781622 0.00149478 -0.623751 0.701649 2.54546 1.02077</i>
                        <i>-0.132432 0.976259 0.171407 0.620525 0.216508 -0.753707 -0.772924 0.00654732 -0.634465 0.707947 2.55344 1.01626</i>
                        <i>-0.116817 0.984709 0.129237 0.62116 0.173976 -0.764129 -0.774929 -0.0089864 -0.631985 0.720202 2.55376 1.00416</i>
                        <i>-0.0814007 0.995051 0.0569879 0.618991 0.0952855 -0.779596 -0.781168 -0.0281847 -0.623684 0.737014 2.54767 0.987364</i>
                        <i>-0.00722488 0.998686 -0.05073 0.616525 -0.0354933 -0.786535 -0.787302 -0.0369589 -0.615458 0.756006 2.53782 0.969077</i>
                        <i>0.0267969 0.994366 -0.102557 0.609055 -0.0975931 -0.787101 -0.792675 -0.0413709 -0.608239 0.76869 2.52344 0.95755</i>
                        <i>-0.0429624 0.998521 -0.0333126 0.599994 -0.000874236 -0.800004 -0.79885 -0.0543575 -0.599069 0.767527 2.50477 0.960183</i>
                        <i>-0.168709 0.979681 0.108459 0.56917 0.186665 -0.80075 -0.804725 -0.0733623 -0.589097 0.756626 2.48899 0.972937</i>
                        <i>-0.30122 0.914179 0.271191 0.503807 0.39404 -0.768708 -0.809596 -0.0949222 -0.579262 0.74099 2.4762 0.990811</i>
                        <i>-0.401781 0.820539 0.406556 0.420266 0.559673 -0.714243 -0.813602 -0.116108 -0.56971 0.7239 2.46246 1.01052</i>
                        <i>-0.464164 0.722948 0.51176 0.336265 0.678342 -0.653282 -0.819437 -0.131143 -0.557964 0.708277 2.44994 1.02905</i>
                        <i>-0.491385 0.642245 0.588271 0.266714 0.753956 -0.600345 -0.829099 -0.1381 -0.541778 0.696116 2.44082 1.04411</i>
                        <i>-0.484679 0.623809 0.613147 0.239543 0.768849 -0.592866 -0.841253 -0.140474 -0.522074 0.68667 2.43476 1.05626</i>
                        <i>-0.448054 0.686191 0.573053 0.262899 0.713783 -0.649152 -0.854478 -0.1402 -0.500212 0.678613 2.43065 1.06683</i>
                        <i>-0.388368 0.787385 0.478743 0.310011 0.60088 -0.736774 -0.867792 -0.137723 -0.477461 0.672384 2.42918 1.07528</i>
                        <i>-0.31669 0.880312 0.353211 0.353725 0.455122 -0.817155 -0.880106 -0.133846 -0.455521 0.667893 2.43026 1.08167</i>
                        <i>-0.253631 0.937624 0.237765 0.378226 0.322363 -0.867771 -0.89029 -0.130164 -0.436395 0.664616 2.43302 1.08654</i>
                        <i>-0.208553 0.965119 0.158275 0.385423 0.229842 -0.893657 -0.898863 -0.125372 -0.419913 0.662339 2.43692 1.09011</i>
                        <i>-0.174926 0.97884 0.106178 0.383963 0.167121 -0.908099 -0.906628 -0.118081 -0.405072 0.660873 2.44141 1.09257</i>
                        <i>-0.151814 0.985338 0.0778497 0.378237 0.130682 -0.916438 -0.913175 -0.109683 -0.392531 0.660037 2.4459 1.09415</i>
                        <i>-0.145233 0.985607 0.0865172 0.368592 0.135048 -0.919729 -0.918176 -0.101686 -0.382901 0.659657 2.44983 1.09502</i>
                        <i>-0.151549 0.980956 0.12148 0.357938 0.169021 -0.91832 -0.921365 -0.0956886 -0.376736 0.659559 2.45262 1.0954</i>
                        <i>-0.156546 0.977408 0.142014 0.352847 0.189643 -0.916261 -0.922492 -0.0933276 -0.374564 0.659566 2.45369 1.09549</i>
                        <i>-0.156535 0.977414 0.141985 0.352852 0.189612 -0.916265 -0.922492 -0.0933276 -0.374564 0.659566 2.4537 1.09549</i>
                        <i>-0.156528 0.977417 0.141968 0.352855 0.189594 -0.916268 -0.922492 -0.0933276 -0.374564 0.659566 2.4537 1.09549</i>
                        <i>-0.156526 0.977418 0.141961 0.352856 0.189587 -0.916269 -0.922492 -0.0933276 -0.374564 0.659566 2.4537 1.09549</i>
                        <i>-0.156526 0.977418 0.141963 0.352856 0.189588 -0.916269 -0.922492 -0.0933276 -0.374564 0.659566 2.4537 1.09549</i>
                        <i>-0.156529 0.977417 0.141969 0.352855 0.189596 -0.916268 -0.922492 -0.0933276 -0.374564 0.659566 2.4537 1.09549</i>
                        <i>-0.156533 0.977415 0.14198 0.352853 0.189607 -0.916266 -0.922492 -0.0933276 -0.374564 0.659566 2.4537 1.09549</i>
                        <i>-0.156537 0.977412 0.141991 0.352851 0.189619 -0.916264 -0.922492 -0.0933276 -0.374564 0.659566 2.45369 1.09549</i>
                        <i>-0.156541 0.97741 0.142002 0.352849 0.189631 -0.916263 -0.922492 -0.0933276 -0.374564 0.659566 2.45369 1.09549</i>
                        <i>-0.156545 0.977408 0.142011 0.352848 0.18964 -0.916261 -0.922492 -0.0933276 -0.374564 0.659566 2.45369 1.09549</i>
                        <i>-0.156546 0.977408 0.142014 0.352847 0.189643 -0.916261 -0.922492 -0.0933276 -0.374564 0.659566 2.45369 1.09549</i>
                    </KeyFrames>
                </p>
            </i>
            <i>
                <p>
                    <Name><![CDATA[head_prop]]></Name>
                    <Exclude>0</Exclude>
                    <Additive>0</Additive>
                    <IKPriority>0</IKPriority>
                    <IKRotLimits>-1e+010 -1e+010 -1e+010 1e+010 1e+010 1e+010</IKRotLimits>
                    <IKRotLimitOrder>0</IKRotLimitOrder>
                    <KeyFrames count="40">
                        <i>0.922492 0.0933276 0.374564 -0.156546 0.977408 0.142014 -0.352847 -0.189643 0.916261 0.608546 2.77224 1.14177</i>
                        <i>0.921806 0.103906 0.373466 -0.141826 0.987012 0.0754556 -0.360775 -0.122523 0.92457 0.647576 2.76891 1.07677</i>
                        <i>0.918463 0.126878 0.374603 -0.135286 0.990799 -0.00388633 -0.371649 -0.047109 0.927177 0.685073 2.71562 0.998726</i>
                        <i>0.909298 0.13454 0.393797 -0.16137 0.986249 0.0356629 -0.383584 -0.0959752 0.918506 0.698271 2.68554 0.979715</i>
                        <i>0.885058 0.120607 0.449584 -0.217594 0.961023 0.170551 -0.411491 -0.248774 0.876805 0.675228 2.71184 1.02506</i>
                        <i>0.847059 0.0880478 0.524154 -0.251592 0.93512 0.249503 -0.468179 -0.343216 0.814255 0.644218 2.76293 1.06937</i>
                        <i>0.808059 0.038003 0.587875 -0.224719 0.942345 0.247968 -0.544557 -0.332479 0.77001 0.634463 2.82153 1.09084</i>
                        <i>0.781622 -0.00149478 0.623751 -0.172017 0.960702 0.217857 -0.599565 -0.277578 0.750648 0.645587 2.85856 1.09177</i>
                        <i>0.772924 -0.00654732 0.634465 -0.132432 0.976259 0.171407 -0.620525 -0.216508 0.753707 0.664786 2.87161 1.07213</i>
                        <i>0.774929 0.0089864 0.631985 -0.116817 0.984709 0.129237 -0.62116 -0.173976 0.764129 0.68213 2.87468 1.04628</i>
                        <i>0.781168 0.0281847 0.623684 -0.0814007 0.995051 0.0569879 -0.618991 -0.0952855 0.779596 0.710485 2.87196 1.00594</i>
                        <i>0.787302 0.0369589 0.615458 -0.00722488 0.998686 -0.05073 -0.616525 0.0354933 0.786535 0.753651 2.8633 0.952544</i>
                        <i>0.792675 0.0413709 0.608239 0.0267969 0.994366 -0.102557 -0.609055 0.0975931 0.787101 0.777423 2.84751 0.924126</i>
                        <i>0.79885 0.0543575 0.599069 -0.0429624 0.998521 -0.0333126 -0.599994 0.000874236 0.800004 0.753525 2.83019 0.949326</i>
                        <i>0.804725 0.0733623 0.589097 -0.168709 0.979681 0.108459 -0.56917 -0.186665 0.80075 0.701642 2.80828 1.00828</i>
                        <i>0.809596 0.0949222 0.579262 -0.30122 0.914179 0.271191 -0.503807 -0.39404 0.768708 0.64282 2.77414 1.07919</i>
                        <i>0.813602 0.116108 0.56971 -0.401781 0.820539 0.406556 -0.420266 -0.559673 0.714243 0.592956 2.72988 1.14302</i>
                        <i>0.819437 0.131143 0.557964 -0.464164 0.722948 0.51176 -0.336265 -0.678342 0.653282 0.557002 2.68556 1.19584</i>
                        <i>0.829099 0.1381 0.541778 -0.491385 0.642245 0.588271 -0.266714 -0.753956 0.600345 0.535969 2.65013 1.23583</i>
                        <i>0.841253 0.140474 0.522074 -0.484679 0.623809 0.613147 -0.239543 -0.768849 0.592866 0.528708 2.63806 1.25609</i>
                        <i>0.854478 0.1402 0.500212 -0.448054 0.686191 0.573053 -0.262899 -0.713783 0.649152 0.532588 2.65428 1.25359</i>
                        <i>0.867792 0.137723 0.477461 -0.388368 0.787385 0.478743 -0.310011 -0.60088 0.736774 0.545811 2.68579 1.23131</i>
                        <i>0.880106 0.133846 0.455521 -0.31669 0.880312 0.353211 -0.353725 -0.455122 0.817155 0.564681 2.71717 1.19679</i>
                        <i>0.89029 0.130164 0.436395 -0.253631 0.937624 0.237765 -0.378226 -0.322363 0.867771 0.581955 2.7386 1.16403</i>
                        <i>0.898863 0.125372 0.419913 -0.208553 0.965119 0.158275 -0.385423 -0.229842 0.893657 0.59437 2.75146 1.14169</i>
                        <i>0.906628 0.118081 0.405072 -0.174926 0.97884 0.106178 -0.383963 -0.167121 0.908099 0.603863 2.76042 1.12718</i>
                        <i>0.913175 0.109683 0.392531 -0.151814 0.985338 0.0778497 -0.378237 -0.130682 0.916438 0.610559 2.76703 1.11952</i>
                        <i>0.918176 0.101686 0.382901 -0.145233 0.985607 0.0865172 -0.368592 -0.135048 0.919729 0.612324 2.77105 1.12322</i>
                        <i>0.921365 0.0956886 0.376736 -0.151549 0.980956 0.12148 -0.357938 -0.169021 0.91832 0.610168 2.77232 1.13499</i>
                        <i>0.922492 0.0933276 0.374564 -0.156546 0.977408 0.142014 -0.352847 -0.189643 0.916261 0.608546 2.77224 1.14177</i>
                        <i>0.922492 0.0933276 0.374564 -0.156535 0.977414 0.141985 -0.352852 -0.189612 0.916265 0.60855 2.77224 1.14176</i>
                        <i>0.922492 0.0933276 0.374564 -0.156528 0.977417 0.141968 -0.352855 -0.189594 0.916268 0.608552 2.77225 1.14176</i>
                        <i>0.922492 0.0933276 0.374564 -0.156526 0.977418 0.141961 -0.352856 -0.189587 0.916269 0.608553 2.77225 1.14175</i>
                        <i>0.922492 0.0933276 0.374564 -0.156526 0.977418 0.141963 -0.352856 -0.189588 0.916269 0.608552 2.77225 1.14175</i>
                        <i>0.922492 0.0933276 0.374564 -0.156529 0.977417 0.141969 -0.352855 -0.189596 0.916268 0.608552 2.77225 1.14176</i>
                        <i>0.922492 0.0933276 0.374564 -0.156533 0.977415 0.14198 -0.352853 -0.189607 0.916266 0.60855 2.77224 1.14176</i>
                        <i>0.922492 0.0933276 0.374564 -0.156537 0.977412 0.141991 -0.352851 -0.189619 0.916264 0.608549 2.77224 1.14176</i>
                        <i>0.922492 0.0933276 0.374564 -0.156541 0.97741 0.142002 -0.352849 -0.189631 0.916263 0.608547 2.77224 1.14177</i>
                        <i>0.922492 0.0933276 0.374564 -0.156545 0.977408 0.142011 -0.352848 -0.18964 0.916261 0.608546 2.77224 1.14177</i>
                        <i>0.922492 0.0933276 0.374564 -0.156546 0.977408 0.142014 -0.352847 -0.189643 0.916261 0.608546 2.77224 1.14177</i>
                    </KeyFrames>
                </p>
            </i>
            <i>
                <p>
                    <Name><![CDATA[l_clav]]></Name>
                    <Exclude>0</Exclude>
                    <Additive>0</Additive>
                    <IKPriority>0</IKPriority>
                    <IKRotLimits>-1e+010 -1e+010 -1e+010 1e+010 1e+010 1e+010</IKRotLimits>
                    <IKRotLimitOrder>0</IKRotLimitOrder>
                    <KeyFrames count="40">
                        <i>0.205581 -0.0665056 0.976378 -0.719296 0.666236 0.196832 -0.663588 -0.74277 0.0891283 0.825422 2.31305 1.07254</i>
                        <i>0.277985 0.193172 0.940962 -0.733679 0.674984 0.0781794 -0.620032 -0.712097 0.329361 0.857459 2.30319 1.0354</i>
                        <i>0.325148 0.451688 0.830817 -0.750358 0.657923 -0.0640317 -0.575536 -0.60259 0.55285 0.891801 2.24677 0.991935</i>
                        <i>0.33701 0.577776 0.74337 -0.744296 0.647028 -0.165465 -0.576583 -0.497524 0.648091 0.910684 2.21489 0.969849</i>
                        <i>0.319184 0.601266 0.732531 -0.710322 0.663465 -0.235069 -0.627348 -0.445302 0.638859 0.900044 2.24395 0.983711</i>
                        <i>0.294883 0.600746 0.743066 -0.655748 0.692852 -0.299919 -0.69501 -0.398823 0.598249 0.870665 2.29614 1.01442</i>
                        <i>0.282996 0.578693 0.764871 -0.590497 0.733537 -0.336507 -0.755795 -0.356424 0.549305 0.840069 2.34351 1.04297</i>
                        <i>0.285675 0.55739 0.779555 -0.539187 0.765973 -0.350089 -0.792254 -0.320315 0.519357 0.823936 2.36762 1.0559</i>
                        <i>0.28857 0.548985 0.784438 -0.526801 0.775168 -0.348704 -0.799505 -0.312617 0.512896 0.827793 2.37384 1.0508</i>
                        <i>0.287626 0.545182 0.787431 -0.541776 0.770602 -0.335636 -0.789779 -0.330074 0.517011 0.84315 2.37574 1.03591</i>
                        <i>0.292609 0.546586 0.784617 -0.556393 0.764648 -0.325179 -0.777694 -0.341405 0.52786 0.862646 2.37122 1.01733</i>
                        <i>0.312707 0.556244 0.76994 -0.545282 0.768843 -0.333988 -0.777742 -0.315394 0.543732 0.878475 2.35969 1.002</i>
                        <i>0.333167 0.563861 0.755685 -0.528527 0.775403 -0.345556 -0.780807 -0.284272 0.556355 0.886813 2.34312 0.994257</i>
                        <i>0.333742 0.557105 0.760428 -0.542646 0.773158 -0.328271 -0.770813 -0.303085 0.560346 0.888348 2.32569 0.994095</i>
                        <i>0.321341 0.53967 0.778136 -0.577753 0.76279 -0.290437 -0.750295 -0.356241 0.556911 0.884882 2.31387 0.999356</i>
