<?xml version="1.0" encoding="ISO-8859-1" ?>
<Animl Version="1">
    <ModellingPackage><![CDATA[Maya.2010]]></ModellingPackage>
    <SrcFile><![CDATA[anims\turrets\antitank\red\~src\at_b10_recoilless\b10recoilless_aim_random_crewman_b.mb]]></SrcFile>
    <FramesPerSecond>30</FramesPerSecond>
    <TotalFrames>60</TotalFrames>
    <Skeleton>
        <RefFrame>
            <Name><![CDATA[soldier_ref_frame]]></Name>
            <Exclude>0</Exclude>
            <Additive>0</Additive>
            <IKPriority>0</IKPriority>
            <IKRotLimits>-1e+010 -1e+010 -1e+010 1e+010 1e+010 1e+010</IKRotLimits>
            <IKRotLimitOrder>0</IKRotLimitOrder>
            <KeyFrames count="60">
                <i>1 0 0 0 1 0 0 0 1 1.34 0.92 -1.82</i>
                <i>1 0 0 0 1 0 0 0 1 1.34 0.92 -1.82</i>
                <i>1 0 0 0 1 0 0 0 1 1.34 0.92 -1.82</i>
                <i>1 0 0 0 1 0 0 0 1 1.34 0.92 -1.82</i>
                <i>1 0 0 0 1 0 0 0 1 1.34 0.92 -1.82</i>
                <i>1 0 0 0 1 0 0 0 1 1.34 0.92 -1.82</i>
                <i>1 0 0 0 1 0 0 0 1 1.34 0.92 -1.82</i>
                <i>1 0 0 0 1 0 0 0 1 1.34 0.92 -1.82</i>
                <i>1 0 0 0 1 0 0 0 1 1.34 0.92 -1.82</i>
                <i>1 0 0 0 1 0 0 0 1 1.34 0.92 -1.82</i>
                <i>1 0 0 0 1 0 0 0 1 1.34 0.92 -1.82</i>
                <i>1 0 0 0 1 0 0 0 1 1.34 0.92 -1.82</i>
                <i>1 0 0 0 1 0 0 0 1 1.34 0.92 -1.82</i>
                <i>1 0 0 0 1 0 0 0 1 1.34 0.92 -1.82</i>
                <i>1 0 0 0 1 0 0 0 1 1.34 0.92 -1.82</i>
                <i>1 0 0 0 1 0 0 0 1 1.34 0.92 -1.82</i>
                <i>1 0 0 0 1 0 0 0 1 1.34 0.92 -1.82</i>
                <i>1 0 0 0 1 0 0 0 1 1.34 0.92 -1.82</i>
                <i>1 0 0 0 1 0 0 0 1 1.34 0.92 -1.82</i>
                <i>1 0 0 0 1 0 0 0 1 1.34 0.92 -1.82</i>
                <i>1 0 0 0 1 0 0 0 1 1.34 0.92 -1.82</i>
                <i>1 0 0 0 1 0 0 0 1 1.34 0.92 -1.82</i>
                <i>1 0 0 0 1 0 0 0 1 1.34 0.92 -1.82</i>
                <i>1 0 0 0 1 0 0 0 1 1.34 0.92 -1.82</i>
                <i>1 0 0 0 1 0 0 0 1 1.34 0.92 -1.82</i>
                <i>1 0 0 0 1 0 0 0 1 1.34 0.92 -1.82</i>
                <i>1 0 0 0 1 0 0 0 1 1.34 0.92 -1.82</i>
                <i>1 0 0 0 1 0 0 0 1 1.34 0.92 -1.82</i>
                <i>1 0 0 0 1 0 0 0 1 1.34 0.92 -1.82</i>
                <i>1 0 0 0 1 0 0 0 1 1.34 0.92 -1.82</i>
                <i>1 0 0 0 1 0 0 0 1 1.34 0.92 -1.82</i>
                <i>1 0 0 0 1 0 0 0 1 1.34 0.92 -1.82</i>
                <i>1 0 0 0 1 0 0 0 1 1.34 0.92 -1.82</i>
                <i>1 0 0 0 1 0 0 0 1 1.34 0.92 -1.82</i>
                <i>1 0 0 0 1 0 0 0 1 1.34 0.92 -1.82</i>
                <i>1 0 0 0 1 0 0 0 1 1.34 0.92 -1.82</i>
                <i>1 0 0 0 1 0 0 0 1 1.34 0.92 -1.82</i>
                <i>1 0 0 0 1 0 0 0 1 1.34 0.92 -1.82</i>
                <i>1 0 0 0 1 0 0 0 1 1.34 0.92 -1.82</i>
                <i>1 0 0 0 1 0 0 0 1 1.34 0.92 -1.82</i>
                <i>1 0 0 0 1 0 0 0 1 1.34 0.92 -1.82</i>
                <i>1 0 0 0 1 0 0 0 1 1.34 0.92 -1.82</i>
                <i>1 0 0 0 1 0 0 0 1 1.34 0.92 -1.82</i>
                <i>1 0 0 0 1 0 0 0 1 1.34 0.92 -1.82</i>
                <i>1 0 0 0 1 0 0 0 1 1.34 0.92 -1.82</i>
                <i>1 0 0 0 1 0 0 0 1 1.34 0.92 -1.82</i>
                <i>1 0 0 0 1 0 0 0 1 1.34 0.92 -1.82</i>
                <i>1 0 0 0 1 0 0 0 1 1.34 0.92 -1.82</i>
                <i>1 0 0 0 1 0 0 0 1 1.34 0.92 -1.82</i>
                <i>1 0 0 0 1 0 0 0 1 1.34 0.92 -1.82</i>
                <i>1 0 0 0 1 0 0 0 1 1.34 0.92 -1.82</i>
                <i>1 0 0 0 1 0 0 0 1 1.34 0.92 -1.82</i>
                <i>1 0 0 0 1 0 0 0 1 1.34 0.92 -1.82</i>
                <i>1 0 0 0 1 0 0 0 1 1.34 0.92 -1.82</i>
                <i>1 0 0 0 1 0 0 0 1 1.34 0.92 -1.82</i>
                <i>1 0 0 0 1 0 0 0 1 1.34 0.92 -1.82</i>
                <i>1 0 0 0 1 0 0 0 1 1.34 0.92 -1.82</i>
                <i>1 0 0 0 1 0 0 0 1 1.34 0.92 -1.82</i>
                <i>1 0 0 0 1 0 0 0 1 1.34 0.92 -1.82</i>
                <i>1 0 0 0 1 0 0 0 1 1.34 0.92 -1.82</i>
            </KeyFrames>
        </RefFrame>
        <Bones count="23">
            <i>
                <p>
                    <Name><![CDATA[pelvis]]></Name>
                    <Exclude>0</Exclude>
                    <Additive>0</Additive>
                    <IKPriority>0</IKPriority>
                    <IKRotLimits>-1e+010 -1e+010 -1e+010 1e+010 1e+010 1e+010</IKRotLimits>
                    <IKRotLimitOrder>2</IKRotLimitOrder>
                    <KeyFrames count="60">
                        <i>1 0 0 0 1 0 0 0 1 1.74424 1.88939 -1.60259</i>
                        <i>1 0 0 0 1 0 0 0 1 1.74424 1.88939 -1.60259</i>
                        <i>1 0 0 0 1 0 0 0 1 1.74424 1.88939 -1.60259</i>
                        <i>1 0 0 0 1 0 0 0 1 1.74424 1.88939 -1.60259</i>
                        <i>1 0 0 0 1 0 0 0 1 1.74424 1.88939 -1.60259</i>
                        <i>1 0 0 0 1 0 0 0 1 1.74424 1.88939 -1.60259</i>
                        <i>1 0 0 0 1 0 0 0 1 1.74424 1.88939 -1.60259</i>
                        <i>1 0 0 0 1 0 0 0 1 1.74424 1.88939 -1.60259</i>
                        <i>1 0 0 0 1 0 0 0 1 1.74424 1.88939 -1.60259</i>
                        <i>1 0 0 0 1 0 0 0 1 1.74424 1.88939 -1.60259</i>
                        <i>1 0 0 0 1 0 0 0 1 1.74424 1.88939 -1.60259</i>
                        <i>1 0 0 0 1 0 0 0 1 1.74424 1.88939 -1.60259</i>
                        <i>1 0 0 0 1 0 0 0 1 1.74424 1.88939 -1.60259</i>
                        <i>1 0 0 0 1 0 0 0 1 1.74424 1.88939 -1.60259</i>
                        <i>1 0 0 0 1 0 0 0 1 1.74424 1.88939 -1.60259</i>
                        <i>1 0 0 0 1 0 0 0 1 1.74424 1.88939 -1.60259</i>
                        <i>1 0 0 0 1 0 0 0 1 1.74424 1.88939 -1.60259</i>
                        <i>1 0 0 0 1 0 0 0 1 1.74424 1.88939 -1.60259</i>
                        <i>1 0 0 0 1 0 0 0 1 1.74424 1.88939 -1.60259</i>
                        <i>1 0 0 0 1 0 0 0 1 1.74424 1.88939 -1.60259</i>
                        <i>1 0 0 0 1 0 0 0 1 1.74424 1.88939 -1.60259</i>
                        <i>1 0 0 0 1 0 0 0 1 1.74424 1.88939 -1.60259</i>
                        <i>1 0 0 0 1 0 0 0 1 1.74424 1.88939 -1.60259</i>
                        <i>1 0 0 0 1 0 0 0 1 1.74424 1.88939 -1.60259</i>
                        <i>1 0 0 0 1 0 0 0 1 1.74424 1.88939 -1.60259</i>
                        <i>1 0 0 0 1 0 0 0 1 1.74424 1.88939 -1.60259</i>
                        <i>1 0 0 0 1 0 0 0 1 1.74424 1.88939 -1.60259</i>
                        <i>1 0 0 0 1 0 0 0 1 1.74424 1.88939 -1.60259</i>
                        <i>1 0 0 0 1 0 0 0 1 1.74424 1.88939 -1.60259</i>
                        <i>1 0 0 0 1 0 0 0 1 1.74424 1.88939 -1.60259</i>
                        <i>1 0 0 0 1 0 0 0 1 1.74424 1.88939 -1.60259</i>
                        <i>1 0 0 0 1 0 0 0 1 1.74424 1.88939 -1.60259</i>
                        <i>1 0 0 0 1 0 0 0 1 1.74424 1.88939 -1.60259</i>
                        <i>1 0 0 0 1 0 0 0 1 1.74424 1.88939 -1.60259</i>
                        <i>1 0 0 0 1 0 0 0 1 1.74424 1.88939 -1.60259</i>
                        <i>1 0 0 0 1 0 0 0 1 1.74424 1.88939 -1.60259</i>
                        <i>1 0 0 0 1 0 0 0 1 1.74424 1.88939 -1.60259</i>
                        <i>1 0 0 0 1 0 0 0 1 1.74424 1.88939 -1.60259</i>
                        <i>1 0 0 0 1 0 0 0 1 1.74424 1.88939 -1.60259</i>
                        <i>1 0 0 0 1 0 0 0 1 1.74424 1.88939 -1.60259</i>
                        <i>1 0 0 0 1 0 0 0 1 1.74424 1.88939 -1.60259</i>
                        <i>1 0 0 0 1 0 0 0 1 1.74424 1.88939 -1.60259</i>
                        <i>1 0 0 0 1 0 0 0 1 1.74424 1.88939 -1.60259</i>
                        <i>1 0 0 0 1 0 0 0 1 1.74424 1.88939 -1.60259</i>
                        <i>1 0 0 0 1 0 0 0 1 1.74424 1.88939 -1.60259</i>
                        <i>1 0 0 0 1 0 0 0 1 1.74424 1.88939 -1.60259</i>
                        <i>1 0 0 0 1 0 0 0 1 1.74424 1.88939 -1.60259</i>
                        <i>1 0 0 0 1 0 0 0 1 1.74424 1.88939 -1.60259</i>
                        <i>1 0 0 0 1 0 0 0 1 1.74424 1.88939 -1.60259</i>
                        <i>1 0 0 0 1 0 0 0 1 1.74424 1.88939 -1.60259</i>
                        <i>1 0 0 0 1 0 0 0 1 1.74424 1.88939 -1.60259</i>
                        <i>1 0 0 0 1 0 0 0 1 1.74424 1.88939 -1.60259</i>
                        <i>1 0 0 0 1 0 0 0 1 1.74424 1.88939 -1.60259</i>
                        <i>1 0 0 0 1 0 0 0 1 1.74424 1.88939 -1.60259</i>
                        <i>1 0 0 0 1 0 0 0 1 1.74424 1.88939 -1.60259</i>
                        <i>1 0 0 0 1 0 0 0 1 1.74424 1.88939 -1.60259</i>
                        <i>1 0 0 0 1 0 0 0 1 1.74424 1.88939 -1.60259</i>
                        <i>1 0 0 0 1 0 0 0 1 1.74424 1.88939 -1.60259</i>
                        <i>1 0 0 0 1 0 0 0 1 1.74424 1.88939 -1.60259</i>
                        <i>1 0 0 0 1 0 0 0 1 1.74424 1.88939 -1.60259</i>
                    </KeyFrames>
                </p>
            </i>
            <i>
                <p>
                    <Name><![CDATA[spine0]]></Name>
                    <Exclude>0</Exclude>
                    <Additive>0</Additive>
                    <IKPriority>0</IKPriority>
                    <IKRotLimits>-1e+010 -1e+010 -1e+010 1e+010 1e+010 1e+010</IKRotLimits>
                    <IKRotLimitOrder>0</IKRotLimitOrder>
                    <KeyFrames count="60">
                        <i>-0.238856 0.967117 -0.0873605 0.348497 0.00140291 -0.937309 -0.906365 -0.254327 -0.337372 1.8034 2.01871 -1.58091</i>
                        <i>-0.226719 0.970312 -0.0842219 0.348351 3.21288e-005 -0.937364 -0.909533 -0.241857 -0.338016 1.80345 2.01869 -1.58089</i>
                        <i>-0.194108 0.978049 -0.0757717 0.347959 -0.00357302 -0.937503 -0.917195 -0.208342 -0.339627 1.80357 2.01863 -1.58084</i>
                        <i>-0.146974 0.987099 -0.0635187 0.347393 -0.00861362 -0.93768 -0.92613 -0.159881 -0.341645 1.80372 2.01855 -1.58079</i>
                        <i>-0.0912491 0.994623 -0.0489794 0.346722 -0.014375 -0.937858 -0.933519 -0.102561 -0.343546 1.80388 2.01847 -1.58073</i>
                        <i>-0.0324566 0.998909 -0.0335877 0.346011 -0.0202974 -0.938011 -0.937669 -0.0420663 -0.344974 1.804 2.0184 -1.58069</i>
                        <i>0.0245063 0.999526 -0.0186353 0.345322 -0.0259571 -0.938125 -0.938164 0.0165547 -0.345795 1.80404 2.01838 -1.58067</i>
                        <i>0.0753693 0.997142 -0.00526241 0.344718 -0.0310069 -0.938194 -0.935676 0.068897 -0.346069 1.80398 2.01841 -1.58069</i>
                        <i>0.116315 0.993197 0.00550778 0.344262 -0.0351141 -0.938217 -0.931641 0.111024 -0.346005 1.80378 2.01852 -1.58077</i>
                        <i>0.143723 0.989536 0.0127105 0.344024 -0.037916 -0.938195 -0.927896 0.139213 -0.345873 1.8034 2.01871 -1.58091</i>
                        <i>0.139694 0.990126 0.0116426 0.344218 -0.0375334 -0.938139 -0.928439 0.13506 -0.346062 1.80287 2.01899 -1.5811</i>
                        <i>0.129589 0.991527 0.00896829 0.34469 -0.0365654 -0.938004 -0.929729 0.124646 -0.346508 1.80153 2.01967 -1.5816</i>
                        <i>0.116383 0.993189 0.0054821 0.345274 -0.0352829 -0.937839 -0.931258 0.111041 -0.347028 1.79979 2.02053 -1.58225</i>
                        <i>0.103101 0.994669 0.00198562 0.345823 -0.033974 -0.937684 -0.932618 0.0973631 -0.347482 1.79803 2.02136 -1.58291</i>
                        <i>0.0928343 0.995681 -0.000710592 0.346222 -0.0329498 -0.937574 -0.933548 0.086793 -0.347785 1.79667 2.02198 -1.58342</i>
                        <i>0.0887155 0.996055 -0.00179062 0.346375 -0.032536 -0.937532 -0.933892 0.0825534 -0.347896 1.79612 2.02222 -1.58362</i>
                        <i>0.0909865 0.995852 -0.00109853 0.34608 -0.0326541 -0.937637 -0.933783 0.0849321 -0.347615 1.79736 2.02166 -1.58316</i>
                        <i>0.0963795 0.995345 0.000537384 0.345577 -0.032956 -0.937811 -0.933428 0.0905715 -0.347145 1.7994 2.02071 -1.5824</i>
                        <i>0.103909 0.994583 0.00279962 0.344917 -0.0333949 -0.938039 -0.932864 0.0984366 -0.346519 1.80197 2.01945 -1.58144</i>
                        <i>0.11263 0.993622 0.00537923 0.344153 -0.033931 -0.9383 -0.932134 0.107532 -0.34578 1.80479 2.01798 -1.58039</i>
                        <i>0.121673 0.992538 0.00798396 0.343341 -0.0345395 -0.938576 -0.931296 0.11694 -0.344981 1.80762 2.01642 -1.57934</i>
                        <i>0.130267 0.991425 0.0103425 0.342541 -0.0352137 -0.938843 -0.930428 0.125843 -0.344191 1.8102 2.01492 -1.57837</i>
                        <i>0.137723 0.990396 0.012203 0.34182 -0.0359622 -0.939077 -0.929619 0.133503 -0.34349 1.8123 2.01364 -1.57759</i>
                        <i>0.143391 0.989576 0.0133252 0.341252 -0.0368004 -0.939251 -0.92897 0.139227 -0.342972 1.81369 2.01276 -1.57707</i>
                        <i>0.146584 0.989107 0.0134655 0.340922 -0.0377363 -0.939334 -0.928593 0.142282 -0.34274 1.81415 2.01247 -1.5769</i>
                        <i>0.146819 0.989088 0.0122339 0.340911 -0.0389865 -0.939287 -0.92856 0.142076 -0.342915 1.81335 2.01298 -1.5772</i>
                        <i>0.144204 0.989501 0.00964246 0.341233 -0.0405779 -0.939103 -0.928852 0.138713 -0.343502 1.81135 2.01422 -1.57794</i>
                        <i>0.138895 0.990289 0.00603953 0.341866 -0.0422237 -0.9388 -0.929428 0.13246 -0.34441 1.80851 2.01592 -1.57901</i>
                        <i>0.131376 0.991331 0.00182153 0.342743 -0.0436976 -0.938412 -0.930198 0.123909 -0.345512 1.80516 2.01778 -1.58025</i>
                        <i>0.122614 0.992451 -0.00254024 0.343748 -0.0448699 -0.937989 -0.931022 0.114138 -0.346655 1.80169 2.01959 -1.58154</i>
                        <i>0.114009 0.993458 -0.00650624 0.344732 -0.0457017 -0.937588 -0.931752 0.104651 -0.347687 1.79849 2.02114 -1.58273</i>
                        <i>0.107185 0.994194 -0.00949825 0.345531 -0.0462064 -0.937269 -0.932266 0.0971792 -0.348477 1.79598 2.02228 -1.58367</i>
                        <i>0.103757 0.994543 -0.0109341 0.345987 -0.0463981 -0.937092 -0.932485 0.0934469 -0.348912 1.79458 2.02289 -1.58419</i>
                        <i>0.104388 0.994482 -0.0104704 0.346051 -0.0461899 -0.937078 -0.932391 0.094196 -0.348963 1.79442 2.02296 -1.58425</i>
                        <i>0.107941 0.994121 -0.00848107 0.345838 -0.0455463 -0.937188 -0.932065 0.0982283 -0.348721 1.79518 2.02263 -1.58397</i>
                        <i>0.113105 0.993568 -0.00549053 0.345453 -0.0445053 -0.93738 -0.931595 0.104125 -0.348265 1.79658 2.02202 -1.58345</i>
                        <i>0.118584 0.992942 -0.00202817 0.345004 -0.0431178 -0.93761 -0.93108 0.110486 -0.347682 1.79833 2.02122 -1.5828</i>
                        <i>0.123341 0.992363 0.00139805 0.344585 -0.0415073 -0.937837 -0.930617 0.116156 -0.347073 1.80015 2.02035 -1.58212</i>
                        <i>0.126784 0.991921 0.00432765 0.344261 -0.0399097 -0.938025 -0.930274 0.120416 -0.346539 1.80179 2.01954 -1.58151</i>
                        <i>0.128782 0.991653 0.00635715 0.344061 -0.0386677 -0.938151 -0.930074 0.123004 -0.346169 1.80296 2.01895 -1.58107</i>
                        <i>0.129442 0.991561 0.00711726 0.343993 -0.0381719 -0.938196 -0.930007 0.12389 -0.346031 1.8034 2.01871 -1.58091</i>
                        <i>0.128686 0.991666 0.00612841 0.34406 -0.0388499 -0.938144 -0.930088 0.122834 -0.346192 1.80289 2.01898 -1.5811</i>
                        <i>0.126234 0.991994 0.00352373 0.344268 -0.0404772 -0.937998 -0.930346 0.119621 -0.346621 1.80155 2.01966 -1.5816</i>
                        <i>0.121782 0.992557 -0.000151918 0.344629 -0.0424279 -0.93778 -0.930806 0.114152 -0.347231 1.79972 2.02055 -1.58228</i>
                        <i>0.115638 0.993282 -0.00427598 0.345105 -0.044213 -0.937522 -0.931413 0.106937 -0.3479 1.79773 2.02149 -1.58302</i>
                        <i>0.109013 0.994007 -0.00812876 0.345601 -0.0455668 -0.937274 -0.932028 0.0993654 -0.348498 1.7959 2.02232 -1.5837</i>
                        <i>0.103757 0.994543 -0.0109341 0.345987 -0.0463981 -0.937092 -0.932485 0.0934469 -0.348912 1.79458 2.02289 -1.58419</i>
                        <i>0.105038 0.994412 -0.0105717 0.34595 -0.0465045 -0.9371 -0.932355 0.094774 -0.348901 1.79467 2.02285 -1.58416</i>
                        <i>0.109319 0.993975 -0.00795975 0.345579 -0.0455129 -0.937285 -0.932 0.0997119 -0.348472 1.79598 2.02228 -1.58367</i>
                        <i>0.116056 0.993235 -0.00395879 0.345113 -0.0440621 -0.937526 -0.931358 0.10744 -0.347892 1.79774 2.02149 -1.58302</i>
                        <i>0.126826 0.991924 0.00163991 0.344585 -0.042508 -0.937792 -0.930148 0.119502 -0.347193 1.79984 2.0205 -1.58223</i>
                        <i>0.13429 0.99092 0.00660157 0.344164 -0.0403918 -0.93804 -0.929257 0.128241 -0.346463 1.80194 2.01947 -1.58145</i>
                        <i>0.131692 0.991253 0.00862834 0.343989 -0.0375337 -0.938223 -0.929693 0.126525 -0.345923 1.80369 2.01856 -1.5808</i>
                        <i>0.11263 0.993622 0.00537923 0.344153 -0.033931 -0.9383 -0.932134 0.107532 -0.34578 1.80479 2.01798 -1.58039</i>
                        <i>0.0679188 0.997674 -0.00579291 0.344726 -0.0289159 -0.938258 -0.936243 0.0617284 -0.345888 1.80515 2.01779 -1.58026</i>
                        <i>0.000121537 0.999717 -0.0237703 0.345602 -0.0223476 -0.938115 -0.938381 -0.00810105 -0.345507 1.80502 2.01786 -1.5803</i>
                        <i>-0.0791578 0.995844 -0.0450435 0.346591 -0.0148726 -0.937898 -0.93467 -0.0898536 -0.343973 1.8046 2.01809 -1.58046</i>
                        <i>-0.156342 0.985519 -0.0656459 0.347524 -0.00732606 -0.937643 -0.924546 -0.169406 -0.341346 1.80406 2.01837 -1.58066</i>
                        <i>-0.215375 0.973148 -0.0812221 0.348222 -0.00117168 -0.937411 -0.912335 -0.230178 -0.338619 1.8036 2.01861 -1.58083</i>
                        <i>-0.238856 0.967117 -0.0873605 0.348497 0.00140291 -0.937309 -0.906365 -0.254327 -0.337372 1.8034 2.01871 -1.58091</i>
                    </KeyFrames>
                </p>
            </i>
            <i>
                <p>
                    <Name><![CDATA[spine1]]></Name>
                    <Exclude>0</Exclude>
                    <Additive>0</Additive>
                    <IKPriority>0</IKPriority>
                    <IKRotLimits>-1e+010 -1e+010 -1e+010 1e+010 1e+010 1e+010</IKRotLimits>
                    <IKRotLimitOrder>0</IKRotLimitOrder>
                    <KeyFrames count="60">
                        <i>-0.672011 0.706263 -0.222697 0.249716 -0.0669916 -0.965999 -0.697168 -0.704773 -0.131346 1.75857 2.20065 -1.5973</i>
                        <i>-0.659075 0.719375 -0.219362 0.249414 -0.0661008 -0.966138 -0.709516 -0.69147 -0.135857 1.76096 2.20098 -1.59667</i>
                        <i>-0.622439 0.754004 -0.209874 0.248664 -0.0637437 -0.96649 -0.742116 -0.653769 -0.147817 1.76733 2.20168 -1.59499</i>
                        <i>-0.564521 0.802112 -0.194762 0.247732 -0.060433 -0.966942 -0.787366 -0.594108 -0.164593 1.77646 2.20224 -1.59258</i>
                        <i>-0.48819 0.855081 -0.174661 0.24686 -0.0566627 -0.967393 -0.837096 -0.515389 -0.183423 1.78709 2.20224 -1.58975</i>
                        <i>-0.398166 0.904848 -0.150713 0.246213 -0.0528521 -0.967774 -0.883653 -0.422442 -0.201741 1.79811 2.20151 -1.58682</i>
                        <i>-0.301547 0.945255 -0.124746 0.245855 -0.0493235 -0.968051 -0.921208 -0.322582 -0.217523 1.80856 2.20011 -1.58403</i>
                        <i>-0.207426 0.973209 -0.0991888 0.245765 -0.0462993 -0.968223 -0.946876 -0.225212 -0.229577 1.81763 2.19833 -1.58162</i>
                        <i>-0.125882 0.989067 -0.0768138 0.245851 -0.0439115 -0.968312 -0.961099 -0.140778 -0.237636 1.82468 2.19656 -1.57976</i>
                        <i>-0.0669197 0.995927 -0.0604298 0.245994 -0.0422275 -0.968351 -0.966958 -0.0796671 -0.242166 1.82908 2.19523 -1.57862</i>
                        <i>-0.0695376 0.995719 -0.0609007 0.245989 -0.0420484 -0.96836 -0.966775 -0.0823184 -0.242012 1.82781 2.19546 -1.57902</i>
                        <i>-0.0760789 0.995168 -0.0620712 0.245975 -0.0415962 -0.968383 -0.966286 -0.0889415 -0.241622 1.82462 2.19599 -1.57999</i>
                        <i>-0.0845746 0.994387 -0.0635783 0.245957 -0.0409985 -0.968413 -0.965584 -0.0975407 -0.241109 1.82046 2.19663 -1.58127</i>
                        <i>-0.0930611 0.993532 -0.0650691 0.245937 -0.0403898 -0.968444 -0.964808 -0.106127 -0.240588 1.81628 2.19721 -1.58255</i>
                        <i>-0.0995825 0.992824 -0.0662046 0.245921 -0.039914 -0.968468 -0.964161 -0.112724 -0.240182 1.81307 2.19761 -1.58353</i>
                        <i>-0.102189 0.992529 -0.0666561 0.245915 -0.0397218 -0.968477 -0.96389 -0.11536 -0.240018 1.81178 2.19776 -1.58392</i>
                        <i>-0.111236 0.99136 -0.0695112 0.246015 -0.040299 -0.968428 -0.962862 -0.124825 -0.239407 1.81347 2.19769 -1.58334</i>
                        <i>-0.122998 0.98971 -0.0731174 0.24626 -0.0409341 -0.968339 -0.961368 -0.13711 -0.238691 1.81656 2.19754 -1.58229</i>
                        <i>-0.136048 0.987696 -0.0771193 0.246575 -0.0416353 -0.968229 -0.959527 -0.150742 -0.237877 1.82059 2.19731 -1.58093</i>
                        <i>-0.149008 0.985498 -0.0811824 0.246886 -0.0424211 -0.968116 -0.95752 -0.1643 -0.236985 1.82514 2.19701 -1.5794</i>
                        <i>-0.160588 0.983354 -0.0850103 0.24711 -0.0433299 -0.968018 -0.955588 -0.176459 -0.236038 1.82977 2.19663 -1.57787</i>
                        <i>-0.169603 0.981544 -0.0883528 0.247157 -0.0444229 -0.967957 -0.954017 -0.186006 -0.235061 1.83408 2.19619 -1.57646</i>
                        <i>-0.174963 0.98036 -0.091003 0.246937 -0.0457805 -0.96795 -0.953105 -0.191828 -0.234077 1.83769 2.1957 -1.57532</i>
                        <i>-0.175625 0.980075 -0.092783 0.246362 -0.047494 -0.968013 -0.953132 -0.192866 -0.233112 1.8402 2.1952 -1.57459</i>
                        <i>-0.170514 0.980907 -0.0935176 0.245361 -0.0496503 -0.968159 -0.954318 -0.18803 -0.232211 1.84124 2.19473 -1.57439</i>
                        <i>-0.155526 0.983461 -0.0928231 0.243566 -0.0528875 -0.968441 -0.957333 -0.173227 -0.231313 1.84032 2.19424 -1.57493</i>
                        <i>-0.129486 0.987425 -0.0906905 0.240957 -0.0573854 -0.968838 -0.961859 -0.147303 -0.230497 1.83757 2.19371 -1.57617</i>
                        <i>-0.0956495 0.991566 -0.0874566 0.238007 -0.0625293 -0.969248 -0.966542 -0.113523 -0.230019 1.83343 2.19328 -1.57791</i>
                        <i>-0.0575778 0.994845 -0.0834707 0.235143 -0.0677431 -0.969597 -0.970254 -0.0754549 -0.230031 1.82842 2.19304 -1.57992</i>
                        <i>-0.0192761 0.996677 -0.0791418 0.232701 -0.0725104 -0.969841 -0.972357 -0.0371111 -0.23053 1.82314 2.19305 -1.58198</i>
                        <i>0.0148668 0.997076 -0.0749575 0.230903 -0.0763631 -0.969976 -0.972863 -0.00288742 -0.231363 1.81826 2.19325 -1.58386</i>
                        <i>0.0402521 0.99663 -0.0714755 0.229869 -0.0788512 -0.970022 -0.972389 0.0226155 -0.232268 1.81445 2.19354 -1.5853</i>
                        <i>0.0522597 0.996227 -0.0692916 0.22967 -0.0795164 -0.970015 -0.971865 0.0347785 -0.232959 1.81241 2.19379 -1.58607</i>
                        <i>0.0476642 0.996512 -0.0684978 0.230514 -0.0776985 -0.969962 -0.971901 0.0304428 -0.233413 1.81237 2.19397 -1.58605</i>
                        <i>0.0293124 0.997211 -0.0686348 0.232375 -0.0735814 -0.969839 -0.972184 0.0124793 -0.233884 1.81381 2.19419 -1.58543</i>
                        <i>0.00186131 0.997583 -0.069462 0.235019 -0.0679529 -0.969612 -0.971989 -0.0145201 -0.234577 1.81623 2.19453 -1.5844</i>
                        <i>-0.0300343 0.997043 -0.0707294 0.238177 -0.0615843 -0.969267 -0.970757 -0.0459574 -0.235624 1.81911 2.19505 -1.58314</i>
                        <i>-0.0618728 0.995471 -0.0721809 0.241497 -0.055239 -0.968828 -0.968427 -0.0773756 -0.236985 1.82198 2.19572 -1.58186</i>
                        <i>-0.0894229 0.993274 -0.0735541 0.244527 -0.0496954 -0.968368 -0.96551 -0.10458 -0.238438 1.82444 2.19644 -1.58072</i>
                        <i>-0.10874 0.991269 -0.0745787 0.246745 -0.0457607 -0.967999 -0.96296 -0.123662 -0.239615 1.82613 2.19702 -1.57991</i>
                        <i>-0.116031 0.990411 -0.0749806 0.247603 -0.0442649 -0.96785 -0.961889 -0.130866 -0.240092 1.82676 2.19726 -1.57961</i>
                        <i>-0.106476 0.991512 -0.0746107 0.246402 -0.0463852 -0.968057 -0.963301 -0.121459 -0.239371 1.82602 2.19691 -1.57998</i>
                        <i>-0.0815925 0.993939 -0.0736812 0.243383 -0.0518195 -0.968545 -0.966492 -0.0969588 -0.23768 1.82404 2.1961 -1.58095</i>
                        <i>-0.0470296 0.996262 -0.0724613 0.239444 -0.0591829 -0.969105 -0.969771 -0.062927 -0.235765 1.82118 2.19518 -1.58229</i>
                        <i>-0.00878936 0.997424 -0.0711908 0.235414 -0.0671285 -0.969574 -0.971855 -0.0252813 -0.234218 1.81787 2.19442 -1.58376</i>
                        <i>0.0266065 0.997187 -0.0700734 0.231982 -0.0743438 -0.969875 -0.972356 0.00954922 -0.233308 1.81473 2.19397 -1.5851</i>
                        <i>0.0522597 0.996227 -0.0692916 0.22967 -0.0795164 -0.970015 -0.971865 0.0347785 -0.232959 1.81241 2.19379 -1.58607</i>
                        <i>0.0506509 0.996318 -0.0691701 0.229924 -0.0790315 -0.969994 -0.97189 0.0332272 -0.233081 1.81273 2.19381 -1.58597</i>
                        <i>0.0250585 0.997224 -0.0701213 0.232126 -0.0740304 -0.969864 -0.972363 0.00802634 -0.233337 1.81487 2.19399 -1.58504</i>
                        <i>-0.000634808 0.99757 -0.0696748 0.234827 -0.0675778 -0.969685 -0.972037 -0.0169771 -0.234214 1.81793 2.19413 -1.5837</i>
                        <i>-0.0235086 0.997458 -0.0672618 0.238181 -0.0597549 -0.969381 -0.970936 -0.0388093 -0.236171 1.82208 2.19429 -1.58194</i>
                        <i>-0.0509227 0.99651 -0.0661429 0.241731 -0.051961 -0.968951 -0.969006 -0.0653304 -0.238241 1.82571 2.19468 -1.58027</i>
                        <i>-0.0903159 0.993473 -0.0696807 0.244862 -0.0456676 -0.968482 -0.965342 -0.104531 -0.23914 1.82725 2.19554 -1.57924</i>
                        <i>-0.149008 0.985498 -0.0811824 0.246886 -0.0424211 -0.968116 -0.95752 -0.1643 -0.236985 1.82514 2.19701 -1.5794</i>
                        <i>-0.241964 0.964599 -0.10489 0.247655 -0.0431252 -0.967888 -0.938147 -0.260171 -0.228453 1.81756 2.1992 -1.58129</i>
                        <i>-0.361755 0.922084 -0.137456 0.247883 -0.0469982 -0.967649 -0.898714 -0.384125 -0.211567 1.80511 2.20144 -1.58464</i>
                        <i>-0.4823 0.859205 -0.170743 0.248147 -0.0529254 -0.967276 -0.840125 -0.508886 -0.187683 1.79 2.20267 -1.58878</i>
                        <i>-0.582279 0.78844 -0.198278 0.248705 -0.0594469 -0.966753 -0.774014 -0.612233 -0.161474 1.77495 2.20246 -1.59289</i>
                        <i>-0.648191 0.730125 -0.216253 0.249385 -0.0647861 -0.966235 -0.719483 -0.680235 -0.140089 1.76326 2.20134 -1.59605</i>
                        <i>-0.672011 0.706263 -0.222697 0.249716 -0.0669916 -0.965999 -0.697168 -0.704773 -0.131346 1.75857 2.20065 -1.5973</i>
                    </KeyFrames>
                </p>
            </i>
            <i>
                <p>
                    <Name><![CDATA[spine2]]></Name>
                    <Exclude>0</Exclude>
                    <Additive>0</Additive>
                    <IKPriority>0</IKPriority>
                    <IKRotLimits>-1e+010 -1e+010 -1e+010 1e+010 1e+010 1e+010</IKRotLimits>
                    <IKRotLimitOrder>0</IKRotLimitOrder>
                    <KeyFrames count="60">
                        <i>-0.761011 0.611324 -0.21713 0.176821 -0.126564 -0.976072 -0.624177 -0.781194 -0.0117783 1.64215 2.32242 -1.63572</i>
                        <i>-0.754154 0.620602 -0.214722 0.175394 -0.124743 -0.976563 -0.632842 -0.77414 -0.0147743 1.64692 2.32486 -1.63446</i>
                        <i>-0.734745 0.645683 -0.20795 0.171623 -0.11964 -0.977871 -0.656274 -0.754175 -0.0229087 1.66002 2.33108 -1.63101</i>
                        <i>-0.704031 0.682201 -0.197338 0.166364 -0.111712 -0.979716 -0.690408 -0.722581 -0.0348451 1.67965 2.33919 -1.62582</i>
                        <i>-0.66331 0.725521 -0.183409 0.160501 -0.101459 -0.981807 -0.73093 -0.68068 -0.049148 1.70392 2.34729 -1.61935</i>
                        <i>-0.614626 0.770959 -0.166905 0.154831 -0.0895638 -0.983873 -0.773474 -0.630556 -0.0643198 1.73077 2.35387 -1.61216</i>
                        <i>-0.561194 0.814176 -0.148921 0.149957 -0.0769316 -0.985695 -0.813986 -0.575498 -0.0789178 1.75792 2.35808 -1.60483</i>
                        <i>-0.507531 0.851622 -0.130965 0.146217 -0.0646656 -0.987137 -0.849137 -0.520152 -0.0917015 1.78301 2.35981 -1.59802</i>
                        <i>-0.459286 0.880825 -0.114908 0.143668 -0.0539975 -0.988152 -0.876593 -0.470353 -0.101746 1.80375 2.35967 -1.59236</i>
                        <i>-0.422821 0.900356 -0.102867 0.142155 -0.0462099 -0.988765 -0.894994 -0.432693 -0.108451 1.81795 2.35871 -1.58847</i>
                        <i>-0.422953 0.900265 -0.103118 0.142071 -0.0465082 -0.988763 -0.894945 -0.432851 -0.108231 1.81626 2.35875 -1.58893</i>
                        <i>-0.423274 0.900042 -0.103746 0.141874 -0.0472508 -0.988756 -0.894825 -0.433233 -0.107692 1.81203 2.35883 -1.59008</i>
                        <i>-0.423667 0.899763 -0.104563 0.14164 -0.0482099 -0.988743 -0.894676 -0.433708 -0.107018 1.80652 2.35887 -1.59157</i>
                        <i>-0.424033 0.899495 -0.105381 0.141434 -0.0491616 -0.988726 -0.894535 -0.434157 -0.106373 1.80102 2.35884 -1.59305</i>
                        <i>-0.424296 0.899297 -0.106012 0.141293 -0.0498885 -0.98871 -0.894432 -0.434485 -0.105897 1.79678 2.35877 -1.5942</i>
                        <i>-0.424397 0.899219 -0.106264 0.141242 -0.0501779 -0.988703 -0.894392 -0.434611 -0.105712 1.79509 2.35873 -1.59465</i>
                        <i>-0.434437 0.894114 -0.108743 0.141895 -0.0512839 -0.988552 -0.889455 -0.444894 -0.104591 1.79526 2.35894 -1.59457</i>
                        <i>-0.449561 0.886192 -0.112068 0.143035 -0.0524225 -0.988328 -0.881723 -0.460344 -0.10319 1.79631 2.35932 -1.59417</i>
                        <i>-0.467296 0.876481 -0.115825 0.144485 -0.0535373 -0.988058 -0.872215 -0.47845 -0.101621 1.79805 2.3598 -1.59354</i>
                        <i>-0.48532 0.866114 -0.119631 0.146052 -0.0545953 -0.987769 -0.862052 -0.496856 -0.100002 1.80025 2.36033 -1.5928</i>
                        <i>-0.501545 0.856322 -0.123143 0.147526 -0.0556012 -0.987494 -0.85246 -0.51344 -0.098443 1.80274 2.36082 -1.59201</i>
                        <i>-0.51413 0.848397 -0.126068 0.148681 -0.0566021 -0.987264 -0.844727 -0.526326 -0.0970397 1.80533 2.3612 -1.59127</i>
                        <i>-0.521417 0.843624 -0.128152 0.149286 -0.0576797 -0.98711 -0.840142 -0.533828 -0.0958661 1.80786 2.3614 -1.59066</i>
                        <i>-0.521805 0.843229 -0.129169 0.149106 -0.0589329 -0.987063 -0.839933 -0.534314 -0.0949792 1.81016 2.36133 -1.59028</i>
                        <i>-0.51355 0.848323 -0.128895 0.147908 -0.0604493 -0.987152 -0.845216 -0.526016 -0.0944304 1.81208 2.36092 -1.5902</i>
                        <i>-0.490164 0.862384 -0.126625 0.144943 -0.0626062 -0.987457 -0.859494 -0.50237 -0.0943091 1.81387 2.35996 -1.59053</i>
                        <i>-0.449241 0.885004 -0.122275 0.140084 -0.0653932 -0.987978 -0.88236 -0.460969 -0.0945973 1.81576 2.35844 -1.59125</i>
                        <i>-0.395024 0.911254 -0.116497 0.134072 -0.0682677 -0.988617 -0.908835 -0.406146 -0.0952066 1.8175 2.35666 -1.59225</i>
                        <i>-0.332713 0.936598 -0.109936 0.127687 -0.0707615 -0.989287 -0.934344 -0.343186 -0.0960479 1.81892 2.3549 -1.59341</i>
                        <i>-0.268983 0.957592 -0.103273 0.121695 -0.0725747 -0.989911 -0.955426 -0.278837 -0.0970124 1.81995 2.35341 -1.59462</i>
                        <i>-0.211877 0.972445 -0.0972524 0.116783 -0.073606 -0.990426 -0.970294 -0.221206 -0.0979692 1.82056 2.35231 -1.59571</i>
                        <i>-0.170192 0.981043 -0.092677 0.113508 -0.0739059 -0.990784 -0.978852 -0.179143 -0.0987776 1.82079 2.35166 -1.59653</i>
                        <i>-0.15275 0.984123 -0.0903813 0.112324 -0.0735735 -0.990944 -0.981861 -0.161519 -0.0993021 1.82064 2.35147 -1.59692</i>
                        <i>-0.166555 0.981839 -0.0908352 0.113694 -0.0723846 -0.990875 -0.979455 -0.175363 -0.0995734 1.81988 2.35181 -1.59678</i>
                        <i>-0.206741 0.973914 -0.093535 0.117305 -0.0702371 -0.990609 -0.971338 -0.215772 -0.0997239 1.81842 2.35268 -1.59623</i>
                        <i>-0.263612 0.959652 -0.0978595 0.122462 -0.0673334 -0.990186 -0.956824 -0.273009 -0.0997714 1.81646 2.35401 -1.5954</i>
                        <i>-0.327435 0.939227 -0.103149 0.128451 -0.0639064 -0.989655 -0.936102 -0.337297 -0.099719 1.81417 2.35573 -1.59445</i>
                        <i>-0.389132 0.914749 -0.108681 0.1345 -0.0602958 -0.989077 -0.91131 -0.399499 -0.0995707 1.8118 2.35763 -1.59352</i>
                        <i>-0.44087 0.890344 -0.113668 0.139807 -0.0569757 -0.988538 -0.886616 -0.451709 -0.0993576 1.80961 2.35943 -1.59272</i>
                        <i>-0.47617 0.871498 -0.117277 0.143568 -0.0545298 -0.988137 -0.867554 -0.487359 -0.0991539 1.80799 2.36078 -1.59217</i>
                        <i>-0.489266 0.864024 -0.118664 0.144995 -0.0535818 -0.98798 -0.859997 -0.500591 -0.0990637 1.80736 2.36131 -1.59197</i>
                        <i>-0.47137 0.87416 -0.116854 0.14305 -0.0549609 -0.988188 -0.870257 -0.482518 -0.0991415 1.80828 2.36058 -1.59223</i>
                        <i>-0.423904 0.898722 -0.11227 0.138026 -0.0584073 -0.988705 -0.895128 -0.434612 -0.0992878 1.81055 2.35878 -1.59294</i>
                        <i>-0.356139 0.928379 -0.106193 0.131162 -0.062854 -0.989367 -0.925182 -0.36628 -0.0993828 1.81345 2.3565 -1.59394</i>
                        <i>-0.279085 0.955063 -0.0998336 0.12374 -0.0673298 -0.990028 -0.95226 -0.288655 -0.0993883 1.81639 2.3543 -1.59507</i>
                        <i>-0.206237 0.973952 -0.0942557 0.117051 -0.0710789 -0.990579 -0.971476 -0.215326 -0.0993433 1.81891 2.35256 -1.59614</i>
                        <i>-0.15275 0.984123 -0.0903813 0.112324 -0.0735735 -0.990944 -0.981861 -0.161519 -0.0993021 1.82064 2.35147 -1.59692</i>
                        <i>-0.158737 0.98314 -0.090762 0.112819 -0.0732637 -0.990911 -0.980854 -0.167533 -0.0992875 1.82071 2.35158 -1.59681</i>
                        <i>-0.209448 0.973243 -0.0944939 0.11734 -0.0709226 -0.990556 -0.970754 -0.218558 -0.0993457 1.8188 2.35263 -1.59609</i>
                        <i>-0.262199 0.960094 -0.0973205 0.122799 -0.066834 -0.990179 -0.957169 -0.271574 -0.100375 1.81775 2.35379 -1.59475</i>
                        <i>-0.317671 0.942981 -0.0993549 0.129148 -0.0607764 -0.989761 -0.939365 -0.32725 -0.102477 1.8182 2.35517 -1.59269</i>
                        <i>-0.374281 0.921618 -0.102637 0.135546 -0.0551199 -0.989237 -0.917355 -0.384165 -0.104291 1.8173 2.35685 -1.59096</i>
                        <i>-0.430585 0.895953 -0.108924 0.141331 -0.052263 -0.988582 -0.891416 -0.441063 -0.104122 1.81226 2.35874 -1.59062</i>
                        <i>-0.48532 0.866114 -0.119631 0.146052 -0.0545953 -0.987769 -0.862052 -0.496856 -0.100002 1.80025 2.36033 -1.5928</i>
                        <i>-0.545778 0.82662 -0.137206 0.150471 -0.0643976 -0.986515 -0.824308 -0.559064 -0.0892354 1.77688 2.36045 -1.59877</i>
                        <i>-0.611519 0.774971 -0.159574 0.155929 -0.0796859 -0.984549 -0.775713 -0.626953 -0.0721114 1.74379 2.357 -1.6078</i>
                        <i>-0.671846 0.718036 -0.181792 0.162467 -0.0966002 -0.981974 -0.722653 -0.68927 -0.0517569 1.70757 2.34887 -1.61782</i>
                        <i>-0.719434 0.665069 -0.200245 0.169231 -0.111768 -0.979218 -0.673629 -0.738371 -0.0321411 1.67472 2.33756 -1.62686</i>
                        <i>-0.750066 0.626262 -0.212594 0.174636 -0.122492 -0.976984 -0.637889 -0.76993 -0.017491 1.65116 2.32701 -1.63328</i>
                        <i>-0.761011 0.611324 -0.21713 0.176821 -0.126564 -0.976072 -0.624177 -0.781194 -0.0117783 1.64215 2.32242 -1.63572</i>
                    </KeyFrames>
                </p>
            </i>
            <i>
                <p>
                    <Name><![CDATA[head]]></Name>
                    <Exclude>0</Exclude>
                    <Additive>0</Additive>
                    <IKPriority>0</IKPriority>
                    <IKRotLimits>-1e+010 -1e+010 -1e+010 1e+010 1e+010 1e+010</IKRotLimits>
                    <IKRotLimitOrder>0</IKRotLimitOrder>
                    <KeyFrames count="60">
                        <i>-0.427811 0.903706 -0.0171328 0.587882 0.263803 -0.764724 -0.686566 -0.337229 -0.64413 1.45539 2.50195 -1.68849</i>
                        <i>-0.475267 0.877206 0.0680521 0.6141 0.386117 -0.688328 -0.630081 -0.285349 -0.722201 1.46171 2.50635 -1.68659</i>
                        <i>-0.618985 0.76169 0.191537 0.631922 0.627809 -0.454456 -0.466403 -0.160265 -0.869933 1.47917 2.5178 -1.68132</i>
                        <i>-0.79376 0.580804 0.180587 0.560182 0.813751 -0.154937 -0.236941 -0.0218213 -0.971279 1.50571 2.53336 -1.67331</i>
                        <i>-0.882691 0.464215 0.0732116 0.467465 0.883308 0.035266 -0.0482973 0.0653529 -0.996693 1.53908 2.55007 -1.66322</i>
                        <i>-0.889996 0.455696 -0.0157512 0.451304 0.885295 0.112145 0.0650486 0.0927002 -0.993567 1.57667 2.56541 -1.65183</i>
                        <i>-0.866136 0.491865 -0.0887512 0.475881 0.86585 0.154408 0.152793 0.0915033 -0.984013 1.61542 2.5777 -1.64007</i>
                        <i>-0.825706 0.545848 -0.142337 0.520759 0.834593 0.179627 0.216842 0.0741958 -0.973383 1.65199 2.58625 -1.62896</i>
                        <i>-0.783555 0.5947 -0.179926 0.563709 0.802221 0.196657 0.261293 0.0526656 -0.963822 1.68292 2.59128 -1.61956</i>
                        <i>-0.757376 0.61943 -0.206609 0.584191 0.784137 0.209405 0.291722 0.0378991 -0.955752 1.70478 2.5937 -1.61292</i>
                        <i>-0.761283 0.614892 -0.205806 0.580686 0.787743 0.205583 0.288534 0.0369987 -0.956755 1.70323 2.59369 -1.61346</i>
                        <i>-0.770959 0.60346 -0.203614 0.571762 0.796635 0.196115 0.280554 0.0347778 -0.959208 1.69935 2.59365 -1.61479</i>
                        <i>-0.783334 0.588417 -0.200382 0.559821 0.807926 0.184 0.270162 0.0319553 -0.962284 1.69431 2.59354 -1.61652</i>
                        <i>-0.795468 0.573176 -0.196723 0.547503 0.818911 0.172117 0.259752 0.0292065 -0.965234 1.68928 2.59335 -1.61826</i>
                        <i>-0.804629 0.561321 -0.193626 0.537775 0.827153 0.163143 0.251733 0.0271424 -0.967416 1.68541 2.59316 -1.61959</i>
                        <i>-0.80825 0.556547 -0.192319 0.533823 0.830399 0.159596 0.248524 0.0263291 -0.968268 1.68386 2.59307 -1.62012</i>
                        <i>-0.811096 0.551999 -0.193443 0.529065 0.833399 0.159802 0.249425 0.0272708 -0.96801 1.68147 2.59239 -1.62057</i>
                        <i>-0.814022 0.546878 -0.195685 0.52317 0.836693 0.161981 0.252312 0.0294792 -0.967197 1.67848 2.59133 -1.6209</i>
                        <i>-0.81658 0.54197 -0.198662 0.517036 0.839765 0.165738 0.256654 0.0326232 -0.965952 1.67533 2.59003 -1.62111</i>
                        <i>-0.818338 0.538072 -0.201991 0.511578 0.842115 0.170674 0.261935 0.0363348 -0.964401 1.67243 2.58864 -1.62122</i>
                        <i>-0.818879 0.535984 -0.205324 0.507732 0.843272 0.176355 0.267668 0.0401636 -0.962674 1.6702 2.58735 -1.62124</i>
