<?xml version="1.0" encoding="ISO-8859-1" ?>
<Animl Version="1">
    <ModellingPackage><![CDATA[Maya.2010]]></ModellingPackage>
    <SrcFile><![CDATA[anims\turrets\antitank\red\~src\at_b10_recoilless\b10recoilless_idle_crewman_b.mb]]></SrcFile>
    <FramesPerSecond>30</FramesPerSecond>
    <TotalFrames>120</TotalFrames>
    <Skeleton>
        <RefFrame>
            <Name><![CDATA[soldier_ref_frame]]></Name>
            <Exclude>0</Exclude>
            <Additive>0</Additive>
            <IKPriority>0</IKPriority>
            <IKRotLimits>-1e+010 -1e+010 -1e+010 1e+010 1e+010 1e+010</IKRotLimits>
            <IKRotLimitOrder>0</IKRotLimitOrder>
            <KeyFrames count="120">
                <i>1 0 0 0 1 0 0 0 1 1.34 0.92 -1.82</i>
                <i>1 0 0 0 1 0 0 0 1 1.34 0.92 -1.82</i>
                <i>1 0 0 0 1 0 0 0 1 1.34 0.92 -1.82</i>
                <i>1 0 0 0 1 0 0 0 1 1.34 0.92 -1.82</i>
                <i>1 0 0 0 1 0 0 0 1 1.34 0.92 -1.82</i>
                <i>1 0 0 0 1 0 0 0 1 1.34 0.92 -1.82</i>
                <i>1 0 0 0 1 0 0 0 1 1.34 0.92 -1.82</i>
                <i>1 0 0 0 1 0 0 0 1 1.34 0.92 -1.82</i>
                <i>1 0 0 0 1 0 0 0 1 1.34 0.92 -1.82</i>
                <i>1 0 0 0 1 0 0 0 1 1.34 0.92 -1.82</i>
                <i>1 0 0 0 1 0 0 0 1 1.34 0.92 -1.82</i>
                <i>1 0 0 0 1 0 0 0 1 1.34 0.92 -1.82</i>
                <i>1 0 0 0 1 0 0 0 1 1.34 0.92 -1.82</i>
                <i>1 0 0 0 1 0 0 0 1 1.34 0.92 -1.82</i>
                <i>1 0 0 0 1 0 0 0 1 1.34 0.92 -1.82</i>
                <i>1 0 0 0 1 0 0 0 1 1.34 0.92 -1.82</i>
                <i>1 0 0 0 1 0 0 0 1 1.34 0.92 -1.82</i>
                <i>1 0 0 0 1 0 0 0 1 1.34 0.92 -1.82</i>
                <i>1 0 0 0 1 0 0 0 1 1.34 0.92 -1.82</i>
                <i>1 0 0 0 1 0 0 0 1 1.34 0.92 -1.82</i>
                <i>1 0 0 0 1 0 0 0 1 1.34 0.92 -1.82</i>
                <i>1 0 0 0 1 0 0 0 1 1.34 0.92 -1.82</i>
                <i>1 0 0 0 1 0 0 0 1 1.34 0.92 -1.82</i>
                <i>1 0 0 0 1 0 0 0 1 1.34 0.92 -1.82</i>
                <i>1 0 0 0 1 0 0 0 1 1.34 0.92 -1.82</i>
                <i>1 0 0 0 1 0 0 0 1 1.34 0.92 -1.82</i>
                <i>1 0 0 0 1 0 0 0 1 1.34 0.92 -1.82</i>
                <i>1 0 0 0 1 0 0 0 1 1.34 0.92 -1.82</i>
                <i>1 0 0 0 1 0 0 0 1 1.34 0.92 -1.82</i>
                <i>1 0 0 0 1 0 0 0 1 1.34 0.92 -1.82</i>
                <i>1 0 0 0 1 0 0 0 1 1.34 0.92 -1.82</i>
                <i>1 0 0 0 1 0 0 0 1 1.34 0.92 -1.82</i>
                <i>1 0 0 0 1 0 0 0 1 1.34 0.92 -1.82</i>
                <i>1 0 0 0 1 0 0 0 1 1.34 0.92 -1.82</i>
                <i>1 0 0 0 1 0 0 0 1 1.34 0.92 -1.82</i>
                <i>1 0 0 0 1 0 0 0 1 1.34 0.92 -1.82</i>
                <i>1 0 0 0 1 0 0 0 1 1.34 0.92 -1.82</i>
                <i>1 0 0 0 1 0 0 0 1 1.34 0.92 -1.82</i>
                <i>1 0 0 0 1 0 0 0 1 1.34 0.92 -1.82</i>
                <i>1 0 0 0 1 0 0 0 1 1.34 0.92 -1.82</i>
                <i>1 0 0 0 1 0 0 0 1 1.34 0.92 -1.82</i>
                <i>1 0 0 0 1 0 0 0 1 1.34 0.92 -1.82</i>
                <i>1 0 0 0 1 0 0 0 1 1.34 0.92 -1.82</i>
                <i>1 0 0 0 1 0 0 0 1 1.34 0.92 -1.82</i>
                <i>1 0 0 0 1 0 0 0 1 1.34 0.92 -1.82</i>
                <i>1 0 0 0 1 0 0 0 1 1.34 0.92 -1.82</i>
                <i>1 0 0 0 1 0 0 0 1 1.34 0.92 -1.82</i>
                <i>1 0 0 0 1 0 0 0 1 1.34 0.92 -1.82</i>
                <i>1 0 0 0 1 0 0 0 1 1.34 0.92 -1.82</i>
                <i>1 0 0 0 1 0 0 0 1 1.34 0.92 -1.82</i>
                <i>1 0 0 0 1 0 0 0 1 1.34 0.92 -1.82</i>
                <i>1 0 0 0 1 0 0 0 1 1.34 0.92 -1.82</i>
                <i>1 0 0 0 1 0 0 0 1 1.34 0.92 -1.82</i>
                <i>1 0 0 0 1 0 0 0 1 1.34 0.92 -1.82</i>
                <i>1 0 0 0 1 0 0 0 1 1.34 0.92 -1.82</i>
                <i>1 0 0 0 1 0 0 0 1 1.34 0.92 -1.82</i>
                <i>1 0 0 0 1 0 0 0 1 1.34 0.92 -1.82</i>
                <i>1 0 0 0 1 0 0 0 1 1.34 0.92 -1.82</i>
                <i>1 0 0 0 1 0 0 0 1 1.34 0.92 -1.82</i>
                <i>1 0 0 0 1 0 0 0 1 1.34 0.92 -1.82</i>
                <i>1 0 0 0 1 0 0 0 1 1.34 0.92 -1.82</i>
                <i>1 0 0 0 1 0 0 0 1 1.34 0.92 -1.82</i>
                <i>1 0 0 0 1 0 0 0 1 1.34 0.92 -1.82</i>
                <i>1 0 0 0 1 0 0 0 1 1.34 0.92 -1.82</i>
                <i>1 0 0 0 1 0 0 0 1 1.34 0.92 -1.82</i>
                <i>1 0 0 0 1 0 0 0 1 1.34 0.92 -1.82</i>
                <i>1 0 0 0 1 0 0 0 1 1.34 0.92 -1.82</i>
                <i>1 0 0 0 1 0 0 0 1 1.34 0.92 -1.82</i>
                <i>1 0 0 0 1 0 0 0 1 1.34 0.92 -1.82</i>
                <i>1 0 0 0 1 0 0 0 1 1.34 0.92 -1.82</i>
                <i>1 0 0 0 1 0 0 0 1 1.34 0.92 -1.82</i>
                <i>1 0 0 0 1 0 0 0 1 1.34 0.92 -1.82</i>
                <i>1 0 0 0 1 0 0 0 1 1.34 0.92 -1.82</i>
                <i>1 0 0 0 1 0 0 0 1 1.34 0.92 -1.82</i>
                <i>1 0 0 0 1 0 0 0 1 1.34 0.92 -1.82</i>
                <i>1 0 0 0 1 0 0 0 1 1.34 0.92 -1.82</i>
                <i>1 0 0 0 1 0 0 0 1 1.34 0.92 -1.82</i>
                <i>1 0 0 0 1 0 0 0 1 1.34 0.92 -1.82</i>
                <i>1 0 0 0 1 0 0 0 1 1.34 0.92 -1.82</i>
                <i>1 0 0 0 1 0 0 0 1 1.34 0.92 -1.82</i>
                <i>1 0 0 0 1 0 0 0 1 1.34 0.92 -1.82</i>
                <i>1 0 0 0 1 0 0 0 1 1.34 0.92 -1.82</i>
                <i>1 0 0 0 1 0 0 0 1 1.34 0.92 -1.82</i>
                <i>1 0 0 0 1 0 0 0 1 1.34 0.92 -1.82</i>
                <i>1 0 0 0 1 0 0 0 1 1.34 0.92 -1.82</i>
                <i>1 0 0 0 1 0 0 0 1 1.34 0.92 -1.82</i>
                <i>1 0 0 0 1 0 0 0 1 1.34 0.92 -1.82</i>
                <i>1 0 0 0 1 0 0 0 1 1.34 0.92 -1.82</i>
                <i>1 0 0 0 1 0 0 0 1 1.34 0.92 -1.82</i>
                <i>1 0 0 0 1 0 0 0 1 1.34 0.92 -1.82</i>
                <i>1 0 0 0 1 0 0 0 1 1.34 0.92 -1.82</i>
                <i>1 0 0 0 1 0 0 0 1 1.34 0.92 -1.82</i>
                <i>1 0 0 0 1 0 0 0 1 1.34 0.92 -1.82</i>
                <i>1 0 0 0 1 0 0 0 1 1.34 0.92 -1.82</i>
                <i>1 0 0 0 1 0 0 0 1 1.34 0.92 -1.82</i>
                <i>1 0 0 0 1 0 0 0 1 1.34 0.92 -1.82</i>
                <i>1 0 0 0 1 0 0 0 1 1.34 0.92 -1.82</i>
                <i>1 0 0 0 1 0 0 0 1 1.34 0.92 -1.82</i>
                <i>1 0 0 0 1 0 0 0 1 1.34 0.92 -1.82</i>
                <i>1 0 0 0 1 0 0 0 1 1.34 0.92 -1.82</i>
                <i>1 0 0 0 1 0 0 0 1 1.34 0.92 -1.82</i>
                <i>1 0 0 0 1 0 0 0 1 1.34 0.92 -1.82</i>
                <i>1 0 0 0 1 0 0 0 1 1.34 0.92 -1.82</i>
                <i>1 0 0 0 1 0 0 0 1 1.34 0.92 -1.82</i>
                <i>1 0 0 0 1 0 0 0 1 1.34 0.92 -1.82</i>
                <i>1 0 0 0 1 0 0 0 1 1.34 0.92 -1.82</i>
                <i>1 0 0 0 1 0 0 0 1 1.34 0.92 -1.82</i>
                <i>1 0 0 0 1 0 0 0 1 1.34 0.92 -1.82</i>
                <i>1 0 0 0 1 0 0 0 1 1.34 0.92 -1.82</i>
                <i>1 0 0 0 1 0 0 0 1 1.34 0.92 -1.82</i>
                <i>1 0 0 0 1 0 0 0 1 1.34 0.92 -1.82</i>
                <i>1 0 0 0 1 0 0 0 1 1.34 0.92 -1.82</i>
                <i>1 0 0 0 1 0 0 0 1 1.34 0.92 -1.82</i>
                <i>1 0 0 0 1 0 0 0 1 1.34 0.92 -1.82</i>
                <i>1 0 0 0 1 0 0 0 1 1.34 0.92 -1.82</i>
                <i>1 0 0 0 1 0 0 0 1 1.34 0.92 -1.82</i>
                <i>1 0 0 0 1 0 0 0 1 1.34 0.92 -1.82</i>
                <i>1 0 0 0 1 0 0 0 1 1.34 0.92 -1.82</i>
                <i>1 0 0 0 1 0 0 0 1 1.34 0.92 -1.82</i>
                <i>1 0 0 0 1 0 0 0 1 1.34 0.92 -1.82</i>
            </KeyFrames>
        </RefFrame>
        <Bones count="23">
            <i>
                <p>
                    <Name><![CDATA[pelvis]]></Name>
                    <Exclude>0</Exclude>
                    <Additive>0</Additive>
                    <IKPriority>0</IKPriority>
                    <IKRotLimits>-1e+010 -1e+010 -1e+010 1e+010 1e+010 1e+010</IKRotLimits>
                    <IKRotLimitOrder>2</IKRotLimitOrder>
                    <KeyFrames count="120">
                        <i>1 0 0 0 1 0 0 0 1 1.74424 1.88939 -1.60259</i>
                        <i>1 0 0 0 1 0 0 0 1 1.74424 1.88939 -1.60259</i>
                        <i>1 0 0 0 1 0 0 0 1 1.74424 1.88939 -1.60259</i>
                        <i>1 0 0 0 1 0 0 0 1 1.74424 1.88939 -1.60259</i>
                        <i>1 0 0 0 1 0 0 0 1 1.74424 1.88939 -1.60259</i>
                        <i>1 0 0 0 1 0 0 0 1 1.74424 1.88939 -1.60259</i>
                        <i>1 0 0 0 1 0 0 0 1 1.74424 1.88939 -1.60259</i>
                        <i>1 0 0 0 1 0 0 0 1 1.74424 1.88939 -1.60259</i>
                        <i>1 0 0 0 1 0 0 0 1 1.74424 1.88939 -1.60259</i>
                        <i>1 0 0 0 1 0 0 0 1 1.74424 1.88939 -1.60259</i>
                        <i>1 0 0 0 1 0 0 0 1 1.74424 1.88939 -1.60259</i>
                        <i>1 0 0 0 1 0 0 0 1 1.74424 1.88939 -1.60259</i>
                        <i>1 0 0 0 1 0 0 0 1 1.74424 1.88939 -1.60259</i>
                        <i>1 0 0 0 1 0 0 0 1 1.74424 1.88939 -1.60259</i>
                        <i>1 0 0 0 1 0 0 0 1 1.74424 1.88939 -1.60259</i>
                        <i>1 0 0 0 1 0 0 0 1 1.74424 1.88939 -1.60259</i>
                        <i>1 0 0 0 1 0 0 0 1 1.74424 1.88939 -1.60259</i>
                        <i>1 0 0 0 1 0 0 0 1 1.74424 1.88939 -1.60259</i>
                        <i>1 0 0 0 1 0 0 0 1 1.74424 1.88939 -1.60259</i>
                        <i>1 0 0 0 1 0 0 0 1 1.74424 1.88939 -1.60259</i>
                        <i>1 0 0 0 1 0 0 0 1 1.74424 1.88939 -1.60259</i>
                        <i>1 0 0 0 1 0 0 0 1 1.74424 1.88939 -1.60259</i>
                        <i>1 0 0 0 1 0 0 0 1 1.74424 1.88939 -1.60259</i>
                        <i>1 0 0 0 1 0 0 0 1 1.74424 1.88939 -1.60259</i>
                        <i>1 0 0 0 1 0 0 0 1 1.74424 1.88939 -1.60259</i>
                        <i>1 0 0 0 1 0 0 0 1 1.74424 1.88939 -1.60259</i>
                        <i>1 0 0 0 1 0 0 0 1 1.74424 1.88939 -1.60259</i>
                        <i>1 0 0 0 1 0 0 0 1 1.74424 1.88939 -1.60259</i>
                        <i>1 0 0 0 1 0 0 0 1 1.74424 1.88939 -1.60259</i>
                        <i>1 0 0 0 1 0 0 0 1 1.74424 1.88939 -1.60259</i>
                        <i>1 0 0 0 1 0 0 0 1 1.74424 1.88939 -1.60259</i>
                        <i>1 0 0 0 1 0 0 0 1 1.74424 1.88939 -1.60259</i>
                        <i>1 0 0 0 1 0 0 0 1 1.74424 1.88939 -1.60259</i>
                        <i>1 0 0 0 1 0 0 0 1 1.74424 1.88939 -1.60259</i>
                        <i>1 0 0 0 1 0 0 0 1 1.74424 1.88939 -1.60259</i>
                        <i>1 0 0 0 1 0 0 0 1 1.74424 1.88939 -1.60259</i>
                        <i>1 0 0 0 1 0 0 0 1 1.74424 1.88939 -1.60259</i>
                        <i>1 0 0 0 1 0 0 0 1 1.74424 1.88939 -1.60259</i>
                        <i>1 0 0 0 1 0 0 0 1 1.74424 1.88939 -1.60259</i>
                        <i>1 0 0 0 1 0 0 0 1 1.74424 1.88939 -1.60259</i>
                        <i>1 0 0 0 1 0 0 0 1 1.74424 1.88939 -1.60259</i>
                        <i>1 0 0 0 1 0 0 0 1 1.74424 1.88939 -1.60259</i>
                        <i>1 0 0 0 1 0 0 0 1 1.74424 1.88939 -1.60259</i>
                        <i>1 0 0 0 1 0 0 0 1 1.74424 1.88939 -1.60259</i>
                        <i>1 0 0 0 1 0 0 0 1 1.74424 1.88939 -1.60259</i>
                        <i>1 0 0 0 1 0 0 0 1 1.74424 1.88939 -1.60259</i>
                        <i>1 0 0 0 1 0 0 0 1 1.74424 1.88939 -1.60259</i>
                        <i>1 0 0 0 1 0 0 0 1 1.74424 1.88939 -1.60259</i>
                        <i>1 0 0 0 1 0 0 0 1 1.74424 1.88939 -1.60259</i>
                        <i>1 0 0 0 1 0 0 0 1 1.74424 1.88939 -1.60259</i>
                        <i>1 0 0 0 1 0 0 0 1 1.74424 1.88939 -1.60259</i>
                        <i>1 0 0 0 1 0 0 0 1 1.74424 1.88939 -1.60259</i>
                        <i>1 0 0 0 1 0 0 0 1 1.74424 1.88939 -1.60259</i>
                        <i>1 0 0 0 1 0 0 0 1 1.74424 1.88939 -1.60259</i>
                        <i>1 0 0 0 1 0 0 0 1 1.74424 1.88939 -1.60259</i>
                        <i>1 0 0 0 1 0 0 0 1 1.74424 1.88939 -1.60259</i>
                        <i>1 0 0 0 1 0 0 0 1 1.74424 1.88939 -1.60259</i>
                        <i>1 0 0 0 1 0 0 0 1 1.74424 1.88939 -1.60259</i>
                        <i>1 0 0 0 1 0 0 0 1 1.74424 1.88939 -1.60259</i>
                        <i>1 0 0 0 1 0 0 0 1 1.74424 1.88939 -1.60259</i>
                        <i>1 0 0 0 1 0 0 0 1 1.74424 1.88939 -1.60259</i>
                        <i>1 0 0 0 1 0 0 0 1 1.74424 1.88939 -1.60259</i>
                        <i>1 0 0 0 1 0 0 0 1 1.74424 1.88939 -1.60259</i>
                        <i>1 0 0 0 1 0 0 0 1 1.74424 1.88939 -1.60259</i>
                        <i>1 0 0 0 1 0 0 0 1 1.74424 1.88939 -1.60259</i>
                        <i>1 0 0 0 1 0 0 0 1 1.74424 1.88939 -1.60259</i>
                        <i>1 0 0 0 1 0 0 0 1 1.74424 1.88939 -1.60259</i>
                        <i>1 0 0 0 1 0 0 0 1 1.74424 1.88939 -1.60259</i>
                        <i>1 0 0 0 1 0 0 0 1 1.74424 1.88939 -1.60259</i>
                        <i>1 0 0 0 1 0 0 0 1 1.74424 1.88939 -1.60259</i>
                        <i>1 0 0 0 1 0 0 0 1 1.74424 1.88939 -1.60259</i>
                        <i>1 0 0 0 1 0 0 0 1 1.74424 1.88939 -1.60259</i>
                        <i>1 0 0 0 1 0 0 0 1 1.74424 1.88939 -1.60259</i>
                        <i>1 0 0 0 1 0 0 0 1 1.74424 1.88939 -1.60259</i>
                        <i>1 0 0 0 1 0 0 0 1 1.74424 1.88939 -1.60259</i>
                        <i>1 0 0 0 1 0 0 0 1 1.74424 1.88939 -1.60259</i>
                        <i>1 0 0 0 1 0 0 0 1 1.74424 1.88939 -1.60259</i>
                        <i>1 0 0 0 1 0 0 0 1 1.74424 1.88939 -1.60259</i>
                        <i>1 0 0 0 1 0 0 0 1 1.74424 1.88939 -1.60259</i>
                        <i>1 0 0 0 1 0 0 0 1 1.74424 1.88939 -1.60259</i>
                        <i>1 0 0 0 1 0 0 0 1 1.74424 1.88939 -1.60259</i>
                        <i>1 0 0 0 1 0 0 0 1 1.74424 1.88939 -1.60259</i>
                        <i>1 0 0 0 1 0 0 0 1 1.74424 1.88939 -1.60259</i>
                        <i>1 0 0 0 1 0 0 0 1 1.74424 1.88939 -1.60259</i>
                        <i>1 0 0 0 1 0 0 0 1 1.74424 1.88939 -1.60259</i>
                        <i>1 0 0 0 1 0 0 0 1 1.74424 1.88939 -1.60259</i>
                        <i>1 0 0 0 1 0 0 0 1 1.74424 1.88939 -1.60259</i>
                        <i>1 0 0 0 1 0 0 0 1 1.74424 1.88939 -1.60259</i>
                        <i>1 0 0 0 1 0 0 0 1 1.74424 1.88939 -1.60259</i>
                        <i>1 0 0 0 1 0 0 0 1 1.74424 1.88939 -1.60259</i>
                        <i>1 0 0 0 1 0 0 0 1 1.74424 1.88939 -1.60259</i>
                        <i>1 0 0 0 1 0 0 0 1 1.74424 1.88939 -1.60259</i>
                        <i>1 0 0 0 1 0 0 0 1 1.74424 1.88939 -1.60259</i>
                        <i>1 0 0 0 1 0 0 0 1 1.74424 1.88939 -1.60259</i>
                        <i>1 0 0 0 1 0 0 0 1 1.74424 1.88939 -1.60259</i>
                        <i>1 0 0 0 1 0 0 0 1 1.74424 1.88939 -1.60259</i>
                        <i>1 0 0 0 1 0 0 0 1 1.74424 1.88939 -1.60259</i>
                        <i>1 0 0 0 1 0 0 0 1 1.74424 1.88939 -1.60259</i>
                        <i>1 0 0 0 1 0 0 0 1 1.74424 1.88939 -1.60259</i>
                        <i>1 0 0 0 1 0 0 0 1 1.74424 1.88939 -1.60259</i>
                        <i>1 0 0 0 1 0 0 0 1 1.74424 1.88939 -1.60259</i>
                        <i>1 0 0 0 1 0 0 0 1 1.74424 1.88939 -1.60259</i>
                        <i>1 0 0 0 1 0 0 0 1 1.74424 1.88939 -1.60259</i>
                        <i>1 0 0 0 1 0 0 0 1 1.74424 1.88939 -1.60259</i>
                        <i>1 0 0 0 1 0 0 0 1 1.74424 1.88939 -1.60259</i>
                        <i>1 0 0 0 1 0 0 0 1 1.74424 1.88939 -1.60259</i>
                        <i>1 0 0 0 1 0 0 0 1 1.74424 1.88939 -1.60259</i>
                        <i>1 0 0 0 1 0 0 0 1 1.74424 1.88939 -1.60259</i>
                        <i>1 0 0 0 1 0 0 0 1 1.74424 1.88939 -1.60259</i>
                        <i>1 0 0 0 1 0 0 0 1 1.74424 1.88939 -1.60259</i>
                        <i>1 0 0 0 1 0 0 0 1 1.74424 1.88939 -1.60259</i>
                        <i>1 0 0 0 1 0 0 0 1 1.74424 1.88939 -1.60259</i>
                        <i>1 0 0 0 1 0 0 0 1 1.74424 1.88939 -1.60259</i>
                        <i>1 0 0 0 1 0 0 0 1 1.74424 1.88939 -1.60259</i>
                        <i>1 0 0 0 1 0 0 0 1 1.74424 1.88939 -1.60259</i>
                        <i>1 0 0 0 1 0 0 0 1 1.74424 1.88939 -1.60259</i>
                        <i>1 0 0 0 1 0 0 0 1 1.74424 1.88939 -1.60259</i>
                        <i>1 0 0 0 1 0 0 0 1 1.74424 1.88939 -1.60259</i>
                        <i>1 0 0 0 1 0 0 0 1 1.74424 1.88939 -1.60259</i>
                        <i>1 0 0 0 1 0 0 0 1 1.74424 1.88939 -1.60259</i>
                    </KeyFrames>
                </p>
            </i>
            <i>
                <p>
                    <Name><![CDATA[spine0]]></Name>
                    <Exclude>0</Exclude>
                    <Additive>0</Additive>
                    <IKPriority>0</IKPriority>
                    <IKRotLimits>-1e+010 -1e+010 -1e+010 1e+010 1e+010 1e+010</IKRotLimits>
                    <IKRotLimitOrder>0</IKRotLimitOrder>
                    <KeyFrames count="120">
                        <i>-0.238856 0.967117 -0.0873605 0.348497 0.00140291 -0.937309 -0.906365 -0.254327 -0.337372 1.8034 2.01871 -1.58091</i>
                        <i>-0.238728 0.96715 -0.0873447 0.348493 0.0013711 -0.93731 -0.9064 -0.254201 -0.337373 1.8034 2.01871 -1.58091</i>
                        <i>-0.238353 0.967247 -0.0872964 0.348484 0.00127977 -0.937314 -0.906503 -0.253833 -0.337375 1.8034 2.01871 -1.58091</i>
                        <i>-0.237763 0.967399 -0.08722 0.348468 0.00113703 -0.93732 -0.906663 -0.253254 -0.337378 1.8034 2.01871 -1.58091</i>
                        <i>-0.236993 0.967597 -0.0871198 0.348448 0.000951036 -0.937328 -0.906873 -0.252497 -0.337383 1.8034 2.01871 -1.58091</i>
                        <i>-0.236077 0.967832 -0.0870002 0.348425 0.000729952 -0.937337 -0.907121 -0.251596 -0.337389 1.8034 2.01871 -1.58091</i>
                        <i>-0.235046 0.968095 -0.0868656 0.348398 0.000481909 -0.937347 -0.907398 -0.250584 -0.337396 1.8034 2.01871 -1.58091</i>
                        <i>-0.233936 0.968377 -0.0867203 0.34837 0.000214985 -0.937357 -0.907696 -0.249492 -0.337403 1.8034 2.01871 -1.58091</i>
                        <i>-0.232778 0.968669 -0.0865686 0.34834 -6.28266e-005 -0.937368 -0.908005 -0.248354 -0.337411 1.8034 2.01871 -1.58091</i>
                        <i>-0.231606 0.968964 -0.0864149 0.34831 -0.000343626 -0.937379 -0.908317 -0.247202 -0.33742 1.8034 2.01871 -1.58091</i>
                        <i>-0.230453 0.969252 -0.0862635 0.34828 -0.000619619 -0.93739 -0.908621 -0.246068 -0.337428 1.8034 2.01871 -1.58091</i>
                        <i>-0.22935 0.969527 -0.0861186 0.348252 -0.000883118 -0.937401 -0.908911 -0.244984 -0.337437 1.8034 2.01871 -1.58091</i>
                        <i>-0.22833 0.969779 -0.0859845 0.348225 -0.00112653 -0.93741 -0.909178 -0.243981 -0.337445 1.8034 2.01871 -1.58091</i>
                        <i>-0.227425 0.970003 -0.0858654 0.348202 -0.00134235 -0.937419 -0.909414 -0.243091 -0.337452 1.8034 2.01871 -1.58091</i>
                        <i>-0.226665 0.970189 -0.0857655 0.348183 -0.00152314 -0.937425 -0.909611 -0.242344 -0.337458 1.8034 2.01871 -1.58091</i>
                        <i>-0.226084 0.970332 -0.0856889 0.348168 -0.00166149 -0.937431 -0.909761 -0.241772 -0.337462 1.8034 2.01871 -1.58091</i>
                        <i>-0.225712 0.970423 -0.0856398 0.348158 -0.00174998 -0.937434 -0.909857 -0.241406 -0.337465 1.8034 2.01871 -1.58091</i>
                        <i>-0.225581 0.970455 -0.0856226 0.348155 -0.00178114 -0.937435 -0.909891 -0.241278 -0.337467 1.8034 2.01871 -1.58091</i>
                        <i>-0.225613 0.970447 -0.0856268 0.348156 -0.00177364 -0.937435 -0.909883 -0.241309 -0.337466 1.8034 2.01871 -1.58091</i>
                        <i>-0.225705 0.970424 -0.0856389 0.348158 -0.00175171 -0.937434 -0.909859 -0.241399 -0.337466 1.8034 2.01871 -1.58091</i>
                        <i>-0.225854 0.970388 -0.0856584 0.348162 -0.00171623 -0.937433 -0.909821 -0.241546 -0.337464 1.8034 2.01871 -1.58091</i>
                        <i>-0.226056 0.970338 -0.085685 0.348167 -0.00166805 -0.937431 -0.909768 -0.241745 -0.337463 1.8034 2.01871 -1.58091</i>
                        <i>-0.226308 0.970277 -0.0857181 0.348173 -0.00160802 -0.937429 -0.909703 -0.241992 -0.337461 1.8034 2.01871 -1.58091</i>
                        <i>-0.226606 0.970204 -0.0857573 0.348181 -0.00153699 -0.937426 -0.909626 -0.242285 -0.337458 1.8034 2.01871 -1.58091</i>
                        <i>-0.226946 0.97012 -0.085802 0.34819 -0.00145581 -0.937423 -0.909538 -0.24262 -0.337456 1.8034 2.01871 -1.58091</i>
                        <i>-0.227326 0.970027 -0.0858518 0.3482 -0.00136532 -0.937419 -0.909439 -0.242993 -0.337453 1.8034 2.01871 -1.58091</i>
                        <i>-0.22774 0.969925 -0.0859062 0.34821 -0.00126638 -0.937416 -0.909332 -0.243401 -0.337449 1.8034 2.01871 -1.58091</i>
                        <i>-0.228187 0.969815 -0.0859648 0.348222 -0.00115982 -0.937411 -0.909215 -0.24384 -0.337446 1.8034 2.01871 -1.58091</i>
                        <i>-0.228661 0.969698 -0.086027 0.348234 -0.0010465 -0.937407 -0.909091 -0.244306 -0.337442 1.8034 2.01871 -1.58091</i>
                        <i>-0.22916 0.969574 -0.0860924 0.348247 -0.000927283 -0.937402 -0.908961 -0.244796 -0.337439 1.8034 2.01871 -1.58091</i>
                        <i>-0.229679 0.969445 -0.0861606 0.34826 -0.000803018 -0.937398 -0.908825 -0.245307 -0.337435 1.8034 2.01871 -1.58091</i>
                        <i>-0.230216 0.969311 -0.0862309 0.348274 -0.00067457 -0.937393 -0.908683 -0.245835 -0.337431 1.8034 2.01871 -1.58091</i>
                        <i>-0.230767 0.969174 -0.0863031 0.348288 -0.000542811 -0.937387 -0.908538 -0.246376 -0.337427 1.8034 2.01871 -1.58091</i>
                        <i>-0.231327 0.969034 -0.0863765 0.348303 -0.000408613 -0.937382 -0.90839 -0.246927 -0.337423 1.8034 2.01871 -1.58091</i>
                        <i>-0.231893 0.968892 -0.0864506 0.348317 -0.000272855 -0.937377 -0.90824 -0.247484 -0.337418 1.8034 2.01871 -1.58091</i>
                        <i>-0.232462 0.968749 -0.0865251 0.348332 -0.000136423 -0.937371 -0.908089 -0.248043 -0.337414 1.8034 2.01871 -1.58091</i>
                        <i>-0.23303 0.968606 -0.0865994 0.348346 -2.10238e-007 -0.937366 -0.907938 -0.248601 -0.33741 1.8034 2.01871 -1.58091</i>
                        <i>-0.233592 0.968464 -0.086673 0.348361 0.000134887 -0.93736 -0.907788 -0.249154 -0.337407 1.8034 2.01871 -1.58091</i>
                        <i>-0.234146 0.968324 -0.0867454 0.348375 0.000267964 -0.937355 -0.90764 -0.249698 -0.337403 1.8034 2.01871 -1.58091</i>
                        <i>-0.234688 0.968186 -0.0868162 0.348389 0.000398114 -0.93735 -0.907495 -0.25023 -0.337399 1.8034 2.01871 -1.58091</i>
                        <i>-0.235213 0.968053 -0.0868848 0.348403 0.000524421 -0.937345 -0.907354 -0.250746 -0.337396 1.8034 2.01871 -1.58091</i>
                        <i>-0.235718 0.967924 -0.0869508 0.348416 0.000645966 -0.93734 -0.907218 -0.251243 -0.337392 1.8034 2.01871 -1.58091</i>
                        <i>-0.236199 0.967801 -0.0870137 0.348428 0.000761826 -0.937335 -0.907088 -0.251715 -0.337389 1.8034 2.01871 -1.58091</i>
                        <i>-0.236652 0.967685 -0.0870729 0.34844 0.000871072 -0.937331 -0.906965 -0.252161 -0.337386 1.8034 2.01871 -1.58091</i>
                        <i>-0.237074 0.967577 -0.0871279 0.348451 0.000972777 -0.937327 -0.906851 -0.252575 -0.337383 1.8034 2.01871 -1.58091</i>
                        <i>-0.23746 0.967477 -0.0871784 0.348461 0.00106601 -0.937323 -0.906746 -0.252955 -0.337381 1.8034 2.01871 -1.58091</i>
                        <i>-0.237808 0.967388 -0.0872237 0.34847 0.00114983 -0.937319 -0.906651 -0.253297 -0.337379 1.8034 2.01871 -1.58091</i>
                        <i>-0.238112 0.967309 -0.0872635 0.348478 0.0012233 -0.937316 -0.906568 -0.253596 -0.337377 1.8034 2.01871 -1.58091</i>
                        <i>-0.23837 0.967243 -0.0872971 0.348484 0.0012855 -0.937314 -0.906498 -0.253849 -0.337375 1.8034 2.01871 -1.58091</i>
                        <i>-0.238577 0.96719 -0.0873241 0.348489 0.00133548 -0.937312 -0.906441 -0.254052 -0.337374 1.8034 2.01871 -1.58091</i>
                        <i>-0.238729 0.96715 -0.087344 0.348493 0.00137233 -0.93731 -0.9064 -0.254202 -0.337373 1.8034 2.01871 -1.58091</i>
                        <i>-0.238824 0.967126 -0.0873562 0.348496 0.00139511 -0.937309 -0.906374 -0.254295 -0.337372 1.8034 2.01871 -1.58091</i>
                        <i>-0.238856 0.967117 -0.0873605 0.348497 0.00140291 -0.937309 -0.906365 -0.254327 -0.337372 1.8034 2.01871 -1.58091</i>
                        <i>-0.239057 0.966998 -0.0881274 0.351116 0.00146889 -0.936331 -0.905301 -0.254779 -0.33988 1.80279 2.01899 -1.58086</i>
                        <i>-0.239235 0.96677 -0.0901235 0.358232 0.00161309 -0.933631 -0.902461 -0.255642 -0.346714 1.80111 2.01972 -1.58076</i>
                        <i>-0.238801 0.966615 -0.092891 0.368736 0.00176832 -0.929533 -0.898336 -0.256226 -0.356848 1.79863 2.02075 -1.58065</i>
                        <i>-0.237213 0.966708 -0.0959474 0.381519 0.00187374 -0.924359 -0.893405 -0.255876 -0.369262 1.79561 2.02195 -1.5806</i>
                        <i>-0.23395 0.967219 -0.0987695 0.395466 0.0018627 -0.918479 -0.888186 -0.253938 -0.382938 1.79233 2.02318 -1.58063</i>
                        <i>-0.228488 0.968315 -0.100789 0.409451 0.001654 -0.912331 -0.883257 -0.249725 -0.396856 1.78904 2.02434 -1.58075</i>
                        <i>-0.220268 0.970154 -0.101403 0.422341 0.00114693 -0.906436 -0.879267 -0.242486 -0.409988 1.78602 2.02534 -1.58094</i>
                        <i>-0.208662 0.972862 -0.0999966 0.432998 0.000219627 -0.901395 -0.876911 -0.231385 -0.421293 1.78354 2.02611 -1.58117</i>
                        <i>-0.19293 0.976506 -0.0959872 0.440279 -0.00126988 -0.89786 -0.876888 -0.215486 -0.42969 1.78186 2.02661 -1.58135</i>
                        <i>-0.172179 0.981046 -0.0888949 0.443026 -0.00348068 -0.896502 -0.87982 -0.193742 -0.43403 1.78124 2.02679 -1.58142</i>
                        <i>-0.143169 0.986606 -0.0781702 0.442941 -0.00675659 -0.896525 -0.885045 -0.162979 -0.436042 1.78128 2.02678 -1.58142</i>
                        <i>-0.10837 0.99196 -0.0653495 0.442604 -0.0107169 -0.896653 -0.890145 -0.126094 -0.437885 1.78139 2.02675 -1.58142</i>
                        <i>-0.0750065 0.995768 -0.0530959 0.442162 -0.0145138 -0.896818 -0.893794 -0.0907441 -0.439202 1.78151 2.02672 -1.58142</i>
                        <i>-0.0499945 0.997783 -0.0439365 0.441774 -0.0173614 -0.896958 -0.895732 -0.064253 -0.439926 1.78161 2.02669 -1.58142</i>
                        <i>-0.0400666 0.998384 -0.040308 0.441608 -0.0184931 -0.897018 -0.896313 -0.0537408 -0.440153 1.78165 2.02668 -1.58141</i>
                        <i>-0.0400259 0.998386 -0.0402929 0.441608 -0.0184975 -0.897017 -0.896315 -0.0536976 -0.440155 1.78165 2.02668 -1.58141</i>
                        <i>-0.0400666 0.998384 -0.040308 0.441608 -0.0184931 -0.897018 -0.896313 -0.0537408 -0.440153 1.78165 2.02668 -1.58141</i>
                        <i>-0.0661159 0.996956 -0.0413275 0.440749 -0.00797917 -0.897595 -0.895192 -0.0775604 -0.438879 1.78178 2.02664 -1.58141</i>
                        <i>-0.145828 0.988001 -0.0508736 0.438806 0.018508 -0.898391 -0.88667 -0.153335 -0.436239 1.78202 2.02658 -1.58141</i>
                        <i>-0.178166 0.982657 -0.0514072 0.437681 0.0323491 -0.898548 -0.881301 -0.182591 -0.435854 1.78214 2.02654 -1.58141</i>
                        <i>-0.180605 0.98221 -0.0514376 0.437614 0.0334107 -0.898542 -0.880838 -0.184791 -0.435863 1.78197 2.0266 -1.58149</i>
                        <i>-0.174241 0.983356 -0.0514844 0.437703 0.0305098 -0.898602 -0.882075 -0.179108 -0.435734 1.78152 2.02676 -1.5817</i>
                        <i>-0.161641 0.985499 -0.051613 0.437938 0.0247654 -0.898664 -0.884354 -0.167865 -0.435591 1.78089 2.02697 -1.58201</i>
                        <i>-0.144738 0.988114 -0.051785 0.438311 0.0171064 -0.898661 -0.887093 -0.152768 -0.435577 1.78016 2.02722 -1.58236</i>
                        <i>-0.125106 0.990785 -0.0518934 0.438797 0.00834429 -0.898548 -0.889835 -0.135184 -0.435797 1.77944 2.02745 -1.58271</i>
                        <i>-0.10419 0.993209 -0.0517801 0.439346 -0.000744551 -0.898318 -0.892255 -0.116345 -0.436285 1.77881 2.02766 -1.58301</i>
                        <i>-0.0834706 0.995191 -0.0512593 0.439879 -0.00935934 -0.898008 -0.89417 -0.0975052 -0.436982 1.77837 2.02779 -1.58322</i>
                        <i>-0.0645552 0.996653 -0.0501453 0.440293 -0.0166479 -0.8977 -0.89553 -0.0800298 -0.437745 1.77821 2.02784 -1.5833</i>
                        <i>-0.0491917 0.997622 -0.0482715 0.440482 -0.0217072 -0.897499 -0.896413 -0.0654123 -0.438366 1.77844 2.02777 -1.58319</i>
                        <i>-0.0391993 0.998196 -0.0454871 0.440362 -0.0236059 -0.89751 -0.896964 -0.0552125 -0.438642 1.77914 2.02755 -1.58285</i>
                        <i>-0.0306031 0.998731 -0.0399901 0.440095 -0.0224582 -0.89767 -0.89743 -0.0450709 -0.438849 1.77989 2.0273 -1.58249</i>
                        <i>-0.0217121 0.999184 -0.0340708 0.439967 -0.0210523 -0.897767 -0.897752 -0.0344824 -0.43915 1.78017 2.02721 -1.58236</i>
                        <i>-0.0152362 0.999426 -0.0302478 0.439944 -0.0204649 -0.897792 -0.897896 -0.0269863 -0.43938 1.78017 2.02721 -1.58235</i>
                        <i>-0.0104313 0.999578 -0.0271199 0.439914 -0.0197684 -0.897822 -0.897979 -0.0212959 -0.439522 1.78019 2.02721 -1.58234</i>
                        <i>-0.00697799 0.999673 -0.0245959 0.439878 -0.0190203 -0.897856 -0.89803 -0.0170844 -0.439602 1.78023 2.02719 -1.58233</i>
                        <i>-0.00459399 0.999734 -0.0226 0.439841 -0.0182766 -0.89789 -0.898064 -0.0140653 -0.43964 1.78027 2.02718 -1.58231</i>
                        <i>-0.00302091 0.999774 -0.0210679 0.439804 -0.0175927 -0.897922 -0.898089 -0.0119783 -0.439651 1.78032 2.02716 -1.58228</i>
                        <i>-0.00201383 0.999799 -0.0199429 0.439769 -0.0170255 -0.897949 -0.898109 -0.0105786 -0.439647 1.78038 2.02714 -1.58226</i>
                        <i>-0.00133416 0.999815 -0.019173 0.43974 -0.0166332 -0.897971 -0.898124 -0.00962919 -0.439637 1.78044 2.02712 -1.58223</i>
                        <i>-0.000745204 0.999825 -0.0187084 0.439719 -0.016475 -0.897984 -0.898135 -0.00889561 -0.439629 1.7805 2.0271 -1.5822</i>
                        <i>-0.00118945 0.999815 -0.0192084 0.439711 -0.0167289 -0.897983 -0.898138 -0.00951425 -0.43961 1.78056 2.02708 -1.58217</i>
                        <i>-0.00320017 0.999776 -0.0209209 0.439717 -0.017383 -0.897968 -0.898131 -0.0120729 -0.439563 1.78063 2.02706 -1.58214</i>
                        <i>-0.00638411 0.999703 -0.0235303 0.439733 -0.018327 -0.897942 -0.898106 -0.0160796 -0.439485 1.78069 2.02704 -1.58211</i>
                        <i>-0.0103445 0.99959 -0.0267183 0.439753 -0.0194495 -0.897908 -0.898059 -0.0210379 -0.439372 1.78075 2.02702 -1.58208</i>
                        <i>-0.0146704 0.999438 -0.0301565 0.439776 -0.0206365 -0.89787 -0.897987 -0.0264343 -0.439226 1.7808 2.027 -1.58205</i>
                        <i>-0.018931 0.999259 -0.0335028 0.439799 -0.0217702 -0.897832 -0.897897 -0.0317314 -0.439061 1.78084 2.02699 -1.58203</i>
                        <i>-0.0226753 0.99908 -0.0364012 0.439818 -0.0227289 -0.897799 -0.897801 -0.0363678 -0.438898 1.78087 2.02698 -1.58202</i>
                        <i>-0.0254367 0.998935 -0.0384856 0.439831 -0.0233885 -0.897776 -0.89772 -0.0397636 -0.438767 1.78089 2.02697 -1.58201</i>
                        <i>-0.0267429 0.998866 -0.0393861 0.439835 -0.0236239 -0.897768 -0.89768 -0.0413323 -0.438705 1.7809 2.02697 -1.582</i>
                        <i>-0.0266061 0.998809 -0.0409 0.439285 -0.0250703 -0.897998 -0.897954 -0.041859 -0.438095 1.78101 2.02694 -1.58201</i>
                        <i>-0.0235707 0.998782 -0.0433443 0.437671 -0.0286712 -0.898678 -0.898826 -0.040153 -0.436463 1.78132 2.02686 -1.58203</i>
                        <i>-0.0149962 0.998917 -0.0440442 0.435044 -0.0331429 -0.899799 -0.900284 -0.0326547 -0.434076 1.78182 2.02673 -1.58205</i>
                        <i>-0.00236349 0.999107 -0.0421915 0.431463 -0.0370435 -0.90137 -0.902128 -0.0203344 -0.43099 1.78249 2.02655 -1.58208</i>
                        <i>0.00771006 0.999182 -0.0396922 0.427023 -0.039182 -0.903391 -0.904208 -0.00998428 -0.426976 1.78334 2.02631 -1.58211</i>
                        <i>0.0149792 0.999192 -0.0373089 0.421857 -0.0401449 -0.905773 -0.906539 -0.00217123 -0.422117 1.78434 2.02603 -1.58213</i>
                        <i>0.0222696 0.999152 -0.0346204 0.416086 -0.0407502 -0.908412 -0.909052 0.00582493 -0.416641 1.78547 2.02569 -1.58215</i>
                        <i>0.0254966 0.999124 -0.0331916 0.409828 -0.0407309 -0.911253 -0.911806 0.00963102 -0.410508 1.78674 2.0253 -1.58217</i>
                        <i>0.0211978 0.999186 -0.0343078 0.403206 -0.039945 -0.914237 -0.914864 0.00554665 -0.403725 1.78812 2.02486 -1.58217</i>
                        <i>0.00683106 0.999228 -0.0386829 0.396352 -0.0382209 -0.917303 -0.918073 -0.00906588 -0.396307 1.7896 2.02437 -1.58215</i>
                        <i>-0.0160594 0.998839 -0.0454278 0.389398 -0.0355988 -0.920382 -0.92093 -0.0324703 -0.388374 1.79117 2.02383 -1.58212</i>
                        <i>-0.0436469 0.997642 -0.0529709 0.382467 -0.0322962 -0.923405 -0.922938 -0.0605633 -0.380155 1.79281 2.02324 -1.58207</i>
                        <i>-0.0747529 0.995355 -0.0606683 0.375693 -0.028245 -0.926314 -0.923725 -0.0920372 -0.371836 1.79451 2.0226 -1.58199</i>
                        <i>-0.10824 0.991796 -0.0680035 0.369208 -0.0234077 -0.929052 -0.923022 -0.125668 -0.363646 1.79625 2.02191 -1.58188</i>
                        <i>-0.142887 0.986925 -0.0745787 0.363141 -0.0178198 -0.931564 -0.920713 -0.160191 -0.355847 1.79803 2.02117 -1.58172</i>
                        <i>-0.177299 0.980891 -0.0801066 0.357608 -0.0116219 -0.933799 -0.916887 -0.194209 -0.348715 1.79982 2.02039 -1.58151</i>
                        <i>-0.209881 0.974077 -0.0844001 0.352705 -0.00508064 -0.935721 -0.911893 -0.226158 -0.342496 1.80162 2.01957 -1.58124</i>
                        <i>-0.238856 0.967117 -0.0873605 0.348497 0.00140291 -0.937309 -0.906365 -0.254327 -0.337372 1.8034 2.01871 -1.58091</i>
                    </KeyFrames>
                </p>
            </i>
            <i>
                <p>
                    <Name><![CDATA[spine1]]></Name>
                    <Exclude>0</Exclude>
                    <Additive>0</Additive>
                    <IKPriority>0</IKPriority>
                    <IKRotLimits>-1e+010 -1e+010 -1e+010 1e+010 1e+010 1e+010</IKRotLimits>
                    <IKRotLimitOrder>0</IKRotLimitOrder>
                    <KeyFrames count="120">
                        <i>-0.672011 0.706263 -0.222697 0.249716 -0.0669916 -0.965999 -0.697168 -0.704773 -0.131346 1.75857 2.20065 -1.5973</i>
                        <i>-0.671979 0.706294 -0.222692 0.249721 -0.0669879 -0.965998 -0.697197 -0.704742 -0.131362 1.75859 2.20066 -1.5973</i>
                        <i>-0.671897 0.706376 -0.222682 0.249736 -0.0669789 -0.965995 -0.697271 -0.704661 -0.131405 1.75866 2.2007 -1.59729</i>
                        <i>-0.671771 0.706502 -0.222666 0.24976 -0.0669652 -0.965989 -0.697384 -0.704536 -0.131471 1.75876 2.20076 -1.59728</i>
                        <i>-0.671606 0.706664 -0.222645 0.249792 -0.0669475 -0.965982 -0.697531 -0.704375 -0.131556 1.7589 2.20083 -1.59727</i>
                        <i>-0.671411 0.706857 -0.222621 0.24983 -0.0669262 -0.965974 -0.697705 -0.704183 -0.131659 1.75906 2.20092 -1.59725</i>
                        <i>-0.671191 0.707075 -0.222593 0.249873 -0.066902 -0.965965 -0.697902 -0.703966 -0.131775 1.75924 2.20102 -1.59723</i>
                        <i>-0.670952 0.707311 -0.222564 0.24992 -0.0668756 -0.965954 -0.698114 -0.703732 -0.131901 1.75944 2.20112 -1.5972</i>
                        <i>-0.670702 0.707558 -0.222532 0.24997 -0.0668475 -0.965943 -0.698337 -0.703486 -0.132034 1.75964 2.20123 -1.59718</i>
                        <i>-0.670446 0.70781 -0.222501 0.250021 -0.0668185 -0.965932 -0.698564 -0.703235 -0.132169 1.75985 2.20134 -1.59716</i>
                        <i>-0.670193 0.70806 -0.222469 0.250072 -0.0667895 -0.965921 -0.698788 -0.702987 -0.132304 1.76006 2.20145 -1.59713</i>
                        <i>-0.669949 0.7083 -0.222439 0.250122 -0.0667612 -0.96591 -0.699004 -0.702748 -0.132435 1.76025 2.20155 -1.59711</i>
                        <i>-0.669722 0.708524 -0.22241 0.250168 -0.0667346 -0.9659 -0.699205 -0.702525 -0.132556 1.76043 2.20165 -1.59709</i>
                        <i>-0.669519 0.708723 -0.222385 0.25021 -0.0667107 -0.965891 -0.699385 -0.702325 -0.132665 1.7606 2.20173 -1.59707</i>
                        <i>-0.669348 0.708892 -0.222364 0.250245 -0.0666903 -0.965883 -0.699536 -0.702157 -0.132757 1.76073 2.2018 -1.59705</i>
                        <i>-0.669216 0.709021 -0.222347 0.250272 -0.0666746 -0.965877 -0.699652 -0.702028 -0.132828 1.76083 2.20186 -1.59704</i>
                        <i>-0.669132 0.709104 -0.222336 0.25029 -0.0666644 -0.965873 -0.699727 -0.701945 -0.132874 1.7609 2.20189 -1.59703</i>
                        <i>-0.669102 0.709134 -0.222333 0.250296 -0.0666608 -0.965872 -0.699753 -0.701916 -0.13289 1.76092 2.20191 -1.59703</i>
                        <i>-0.669109 0.709127 -0.222334 0.250294 -0.0666617 -0.965872 -0.699747 -0.701923 -0.132886 1.76092 2.2019 -1.59703</i>
                        <i>-0.66913 0.709106 -0.222336 0.25029 -0.0666642 -0.965873 -0.699728 -0.701944 -0.132875 1.7609 2.20189 -1.59703</i>
                        <i>-0.669165 0.709072 -0.222341 0.250283 -0.0666684 -0.965875 -0.699698 -0.701977 -0.132857 1.76088 2.20188 -1.59704</i>
                        <i>-0.669211 0.709027 -0.222346 0.250273 -0.0666739 -0.965877 -0.699657 -0.702023 -0.132832 1.76084 2.20186 -1.59704</i>
                        <i>-0.669269 0.70897 -0.222354 0.250262 -0.0666809 -0.965879 -0.699606 -0.702079 -0.1328 1.76079 2.20184 -1.59705</i>
                        <i>-0.669337 0.708903 -0.222362 0.250248 -0.0666891 -0.965882 -0.699546 -0.702146 -0.132764 1.76074 2.20181 -1.59705</i>
                        <i>-0.669414 0.708826 -0.222372 0.250232 -0.0666984 -0.965886 -0.699477 -0.702222 -0.132722 1.76068 2.20178 -1.59706</i>
                        <i>-0.669501 0.708742 -0.222383 0.250214 -0.0667087 -0.96589 -0.699401 -0.702307 -0.132676 1.76061 2.20174 -1.59707</i>
                        <i>-0.669595 0.708649 -0.222395 0.250195 -0.0667198 -0.965894 -0.699318 -0.7024 -0.132625 1.76054 2.2017 -1.59708</i>
                        <i>-0.669696 0.70855 -0.222408 0.250174 -0.0667318 -0.965898 -0.699229 -0.702499 -0.132571 1.76046 2.20166 -1.59708</i>
                        <i>-0.669802 0.708444 -0.222422 0.250153 -0.0667444 -0.965903 -0.699134 -0.702604 -0.132514 1.76038 2.20161 -1.59709</i>
                        <i>-0.669914 0.708334 -0.222436 0.25013 -0.0667575 -0.965908 -0.699035 -0.702714 -0.132454 1.76029 2.20156 -1.5971</i>
                        <i>-0.670031 0.70822 -0.22245 0.250107 -0.0667711 -0.965913 -0.698932 -0.702828 -0.132392 1.7602 2.20152 -1.59712</i>
                        <i>-0.67015 0.708102 -0.222465 0.250083 -0.066785 -0.965918 -0.698826 -0.702945 -0.132328 1.7601 2.20146 -1.59713</i>
