<?xml version="1.0" encoding="ISO-8859-1" ?>
<Animl Version="1">
    <ModellingPackage><![CDATA[Maya.2010]]></ModellingPackage>
    <SrcFile><![CDATA[anims\turrets\antitank\red\~src\at_b10_recoilless\b10recoilless_aim_low_crewman_a.mb]]></SrcFile>
    <FramesPerSecond>30</FramesPerSecond>
    <TotalFrames>30</TotalFrames>
    <Skeleton>
        <RefFrame>
            <Name><![CDATA[soldier_ref_frame]]></Name>
            <Exclude>0</Exclude>
            <Additive>0</Additive>
            <IKPriority>0</IKPriority>
            <IKRotLimits>-1e+010 -1e+010 -1e+010 1e+010 1e+010 1e+010</IKRotLimits>
            <IKRotLimitOrder>0</IKRotLimitOrder>
            <KeyFrames count="30">
                <i>1 0 0 0 1 0 0 0 1 0.96 0.94 0.91</i>
                <i>1 0 0 0 1 0 0 0 1 0.96 0.94 0.91</i>
                <i>1 0 0 0 1 0 0 0 1 0.96 0.94 0.91</i>
                <i>1 0 0 0 1 0 0 0 1 0.96 0.94 0.91</i>
                <i>1 0 0 0 1 0 0 0 1 0.96 0.94 0.91</i>
                <i>1 0 0 0 1 0 0 0 1 0.96 0.94 0.91</i>
                <i>1 0 0 0 1 0 0 0 1 0.96 0.94 0.91</i>
                <i>1 0 0 0 1 0 0 0 1 0.96 0.94 0.91</i>
                <i>1 0 0 0 1 0 0 0 1 0.96 0.94 0.91</i>
                <i>1 0 0 0 1 0 0 0 1 0.96 0.94 0.91</i>
                <i>1 0 0 0 1 0 0 0 1 0.96 0.94 0.91</i>
                <i>1 0 0 0 1 0 0 0 1 0.96 0.94 0.91</i>
                <i>1 0 0 0 1 0 0 0 1 0.96 0.94 0.91</i>
                <i>1 0 0 0 1 0 0 0 1 0.96 0.94 0.91</i>
                <i>1 0 0 0 1 0 0 0 1 0.96 0.94 0.91</i>
                <i>1 0 0 0 1 0 0 0 1 0.96 0.94 0.91</i>
                <i>1 0 0 0 1 0 0 0 1 0.96 0.94 0.91</i>
                <i>1 0 0 0 1 0 0 0 1 0.96 0.94 0.91</i>
                <i>1 0 0 0 1 0 0 0 1 0.96 0.94 0.91</i>
                <i>1 0 0 0 1 0 0 0 1 0.96 0.94 0.91</i>
                <i>1 0 0 0 1 0 0 0 1 0.96 0.94 0.91</i>
                <i>1 0 0 0 1 0 0 0 1 0.96 0.94 0.91</i>
                <i>1 0 0 0 1 0 0 0 1 0.96 0.94 0.91</i>
                <i>1 0 0 0 1 0 0 0 1 0.96 0.94 0.91</i>
                <i>1 0 0 0 1 0 0 0 1 0.96 0.94 0.91</i>
                <i>1 0 0 0 1 0 0 0 1 0.96 0.94 0.91</i>
                <i>1 0 0 0 1 0 0 0 1 0.96 0.94 0.91</i>
                <i>1 0 0 0 1 0 0 0 1 0.96 0.94 0.91</i>
                <i>1 0 0 0 1 0 0 0 1 0.96 0.94 0.91</i>
                <i>1 0 0 0 1 0 0 0 1 0.96 0.94 0.91</i>
            </KeyFrames>
        </RefFrame>
        <Bones count="23">
            <i>
                <p>
                    <Name><![CDATA[pelvis]]></Name>
                    <Exclude>0</Exclude>
                    <Additive>0</Additive>
                    <IKPriority>0</IKPriority>
                    <IKRotLimits>-1e+010 -1e+010 -1e+010 1e+010 1e+010 1e+010</IKRotLimits>
                    <IKRotLimitOrder>2</IKRotLimitOrder>
                    <KeyFrames count="30">
                        <i>1 0 0 0 1 0 0 0 1 0.926876 1.8811 0.837703</i>
                        <i>1 0 0 0 1 0 0 0 1 0.926876 1.88064 0.837703</i>
                        <i>1 0 0 0 1 0 0 0 1 0.926876 1.87937 0.837703</i>
                        <i>1 0 0 0 1 0 0 0 1 0.926876 1.87741 0.837703</i>
                        <i>1 0 0 0 1 0 0 0 1 0.926876 1.87492 0.837703</i>
                        <i>1 0 0 0 1 0 0 0 1 0.926876 1.87201 0.837703</i>
                        <i>1 0 0 0 1 0 0 0 1 0.926876 1.86884 0.837703</i>
                        <i>1 0 0 0 1 0 0 0 1 0.926876 1.86553 0.837703</i>
                        <i>1 0 0 0 1 0 0 0 1 0.926876 1.86223 0.837703</i>
                        <i>1 0 0 0 1 0 0 0 1 0.926876 1.85906 0.837703</i>
                        <i>1 0 0 0 1 0 0 0 1 0.926876 1.85616 0.837703</i>
                        <i>1 0 0 0 1 0 0 0 1 0.926876 1.85367 0.837703</i>
                        <i>1 0 0 0 1 0 0 0 1 0.926876 1.85172 0.837703</i>
                        <i>1 0 0 0 1 0 0 0 1 0.926876 1.85045 0.837703</i>
                        <i>1 0 0 0 1 0 0 0 1 0.926876 1.85 0.837703</i>
                        <i>1 0 0 0 1 0 0 0 1 0.926876 1.8504 0.837703</i>
                        <i>1 0 0 0 1 0 0 0 1 0.926876 1.85151 0.837703</i>
                        <i>1 0 0 0 1 0 0 0 1 0.926876 1.85323 0.837703</i>
                        <i>1 0 0 0 1 0 0 0 1 0.926876 1.85544 0.837703</i>
                        <i>1 0 0 0 1 0 0 0 1 0.926876 1.85804 0.837703</i>
                        <i>1 0 0 0 1 0 0 0 1 0.926876 1.86092 0.837703</i>
                        <i>1 0 0 0 1 0 0 0 1 0.926876 1.86397 0.837703</i>
                        <i>1 0 0 0 1 0 0 0 1 0.926876 1.86707 0.837703</i>
                        <i>1 0 0 0 1 0 0 0 1 0.926876 1.87012 0.837703</i>
                        <i>1 0 0 0 1 0 0 0 1 0.926876 1.873 0.837703</i>
                        <i>1 0 0 0 1 0 0 0 1 0.926876 1.87561 0.837703</i>
                        <i>1 0 0 0 1 0 0 0 1 0.926876 1.87783 0.837703</i>
                        <i>1 0 0 0 1 0 0 0 1 0.926876 1.87956 0.837703</i>
                        <i>1 0 0 0 1 0 0 0 1 0.926876 1.88069 0.837703</i>
                        <i>1 0 0 0 1 0 0 0 1 0.926876 1.8811 0.837703</i>
                    </KeyFrames>
                </p>
            </i>
            <i>
                <p>
                    <Name><![CDATA[spine0]]></Name>
                    <Exclude>0</Exclude>
                    <Additive>0</Additive>
                    <IKPriority>0</IKPriority>
                    <IKRotLimits>-1e+010 -1e+010 -1e+010 1e+010 1e+010 1e+010</IKRotLimits>
                    <IKRotLimitOrder>0</IKRotLimitOrder>
                    <KeyFrames count="30">
                        <i>-0.244532 0.933345 0.262814 -0.592778 0.0705991 -0.802266 -0.767345 -0.35197 0.536002 0.948627 2.02267 0.824236</i>
                        <i>-0.243102 0.9339 0.26217 -0.592011 0.0712546 -0.802774 -0.768391 -0.350363 0.535557 0.950593 2.02175 0.822803</i>
                        <i>-0.239526 0.93564 0.25924 -0.591177 0.0712534 -0.803388 -0.770154 -0.345689 0.536062 0.952584 2.01996 0.821353</i>
                        <i>-0.234149 0.938329 0.254386 -0.590315 0.0706817 -0.804072 -0.772465 -0.338441 0.53736 0.954576 2.01745 0.819901</i>
                        <i>-0.227328 0.941713 0.247991 -0.589462 0.0696379 -0.804789 -0.775149 -0.329132 0.539273 0.956547 2.01436 0.818463</i>
                        <i>-0.219434 0.945533 0.240448 -0.588646 0.0682299 -0.805506 -0.778039 -0.318294 0.541613 0.958475 2.01084 0.817056</i>
                        <i>-0.210852 0.949548 0.232165 -0.587889 0.0665718 -0.806198 -0.780979 -0.306476 0.544192 0.960339 2.00701 0.815695</i>
                        <i>-0.201978 0.953534 0.223555 -0.587205 0.0647811 -0.806842 -0.783834 -0.294237 0.546836 0.962118 2.00305 0.814396</i>
                        <i>-0.193217 0.957301 0.215041 -0.586602 0.0629767 -0.807423 -0.786489 -0.282151 0.549386 0.963791 1.99909 0.813173</i>
                        <i>-0.185014 0.96067 0.207083 -0.58608 0.0612861 -0.807932 -0.788848 -0.270846 0.55169 0.965339 1.99528 0.812042</i>
                        <i>-0.177843 0.963487 0.200159 -0.585633 0.0598359 -0.808365 -0.790826 -0.260982 0.553608 0.966741 1.99179 0.811016</i>
                        <i>-0.172152 0.965634 0.194718 -0.585252 0.0587389 -0.808721 -0.792366 -0.253182 0.555028 0.967978 1.98874 0.810111</i>
                        <i>-0.16845 0.966974 0.191273 -0.584925 0.0581287 -0.809001 -0.793402 -0.248157 0.555816 0.969032 1.98631 0.809339</i>
                        <i>-0.166554 0.967628 0.189622 -0.584649 0.0579449 -0.809214 -0.794006 -0.24564 0.556072 0.969884 1.98464 0.808716</i>
                        <i>-0.166182 0.967745 0.18935 -0.584554 0.0579653 -0.809281 -0.794154 -0.245173 0.556067 0.970162 1.98405 0.808512</i>
                        <i>-0.167496 0.967286 0.190532 -0.584738 0.0581267 -0.809137 -0.793742 -0.246939 0.555873 0.969589 1.98472 0.808932</i>
                        <i>-0.170369 0.966282 0.193066 -0.585165 0.0584289 -0.808807 -0.792816 -0.250771 0.555479 0.968278 1.98645 0.809891</i>
                        <i>-0.174685 0.964745 0.196858 -0.585802 0.0588678 -0.808313 -0.791405 -0.25652 0.554866 0.966341 1.98903 0.811308</i>
                        <i>-0.180327 0.96268 0.201814 -0.58662 0.0594358 -0.807678 -0.789531 -0.264034 0.55401 0.963888 1.99227 0.813102</i>
                        <i>-0.187163 0.960093 0.207827 -0.587592 0.060124 -0.806921 -0.787214 -0.273143 0.55289 0.96103 1.99597 0.81519</i>
                        <i>-0.195024 0.956998 0.214758 -0.588688 0.0609192 -0.806061 -0.784482 -0.283627 0.551493 0.957885 1.99994 0.817487</i>
                        <i>-0.203625 0.953465 0.222355 -0.589879 0.0617848 -0.805125 -0.781396 -0.295106 0.549848 0.954572 2.00401 0.819904</i>
                        <i>-0.21263 0.9496 0.230323 -0.591125 0.0626805 -0.804141 -0.778049 -0.307135 0.548004 0.951216 2.00802 0.822349</i>
                        <i>-0.22117 0.945742 0.238024 -0.592225 0.0636651 -0.803253 -0.774825 -0.318619 0.546012 0.948404 2.01173 0.824398</i>
                        <i>-0.228494 0.942241 0.244893 -0.593016 0.0647881 -0.80258 -0.77209 -0.32861 0.54396 0.946573 2.015 0.825731</i>
                        <i>-0.234495 0.939211 0.25079 -0.593508 0.0660005 -0.802118 -0.76991 -0.336938 0.541952 0.945628 2.0178 0.826418</i>
                        <i>-0.239121 0.936741 0.255612 -0.593712 0.0672508 -0.801862 -0.768327 -0.343502 0.540074 0.945467 2.02005 0.826535</i>
                        <i>-0.242349 0.934902 0.259279 -0.593645 0.0684808 -0.801808 -0.767368 -0.348237 0.538403 0.945985 2.02168 0.826159</i>
                        <i>-0.244162 0.933752 0.26171 -0.593324 0.0696231 -0.801947 -0.767041 -0.351084 0.537018 0.947074 2.02259 0.825366</i>
                        <i>-0.244532 0.933345 0.262814 -0.592778 0.0705991 -0.802266 -0.767345 -0.35197 0.536002 0.948627 2.02267 0.824236</i>
                    </KeyFrames>
                </p>
            </i>
            <i>
                <p>
                    <Name><![CDATA[spine1]]></Name>
                    <Exclude>0</Exclude>
                    <Additive>0</Additive>
                    <IKPriority>0</IKPriority>
                    <IKRotLimits>-1e+010 -1e+010 -1e+010 1e+010 1e+010 1e+010</IKRotLimits>
                    <IKRotLimitOrder>0</IKRotLimitOrder>
                    <KeyFrames count="30">
                        <i>-0.513707 0.687862 0.512787 -0.670404 0.0511579 -0.740231 -0.53541 -0.724036 0.434865 0.904858 2.18988 0.87129</i>
                        <i>-0.521603 0.677963 0.517974 -0.669883 0.0505532 -0.740743 -0.528382 -0.733356 0.427787 0.906832 2.19004 0.870012</i>
                        <i>-0.526241 0.67302 0.519725 -0.669184 0.0493328 -0.741457 -0.524655 -0.737977 0.424414 0.909235 2.18949 0.868287</i>
                        <i>-0.528146 0.672376 0.518625 -0.668352 0.0475898 -0.742321 -0.5238 -0.738678 0.42425 0.911988 2.18834 0.866189</i>
                        <i>-0.52777 0.675312 0.515182 -0.667434 0.0454218 -0.743282 -0.525348 -0.736133 0.426754 0.91501 2.18668 0.863797</i>
                        <i>-0.525519 0.681084 0.509858 -0.666473 0.0429295 -0.744292 -0.528813 -0.730946 0.431364 0.918213 2.1846 0.861197</i>
                        <i>-0.521773 0.688956 0.503083 -0.665508 0.0402156 -0.745306 -0.533715 -0.723687 0.437522 0.921507 2.18219 0.858477</i>
                        <i>-0.516908 0.698213 0.495283 -0.664572 0.0373833 -0.746288 -0.539583 -0.714914 0.444689 0.924797 2.17958 0.855731</i>
                        <i>-0.511301 0.708177 0.486885 -0.663692 0.0345363 -0.747208 -0.545971 -0.70519 0.452353 0.927985 2.17685 0.853051</i>
                        <i>-0.505416 0.718113 0.478401 -0.66289 0.0317904 -0.748042 -0.552387 -0.6952 0.459963 0.930966 2.17415 0.850544</i>
                        <i>-0.499931 0.727069 0.470574 -0.662197 0.0292862 -0.748758 -0.558179 -0.68594 0.466821 0.933626 2.1716 0.848317</i>
                        <i>-0.495575 0.734119 0.464192 -0.661639 0.0271633 -0.74933 -0.562706 -0.678477 0.472261 0.935856 2.16937 0.846476</i>
                        <i>-0.493104 0.738363 0.460075 -0.661234 0.0255719 -0.749744 -0.565348 -0.673919 0.475621 0.937535 2.16759 0.845138</i>
                        <i>-0.492245 0.740251 0.457956 -0.660957 0.0244857 -0.750025 -0.56642 -0.671884 0.477221 0.938679 2.16641 0.844276</i>
                        <i>-0.491216 0.74185 0.456471 -0.660829 0.0240119 -0.750152 -0.567461 -0.670136 0.478441 0.93901 2.16595 0.844042</i>
                        <i>-0.489237 0.743943 0.455188 -0.660888 0.0243309 -0.75009 -0.569099 -0.6678 0.479759 0.938242 2.16623 0.844624</i>
                        <i>-0.486582 0.746257 0.454245 -0.661121 0.0253619 -0.74985 -0.571102 -0.665174 0.481026 0.936505 2.1671 0.845929</i>
                        <i>-0.48349 0.748554 0.453767 -0.661531 0.0270165 -0.749431 -0.573249 -0.662523 0.48213 0.933927 2.16845 0.847867</i>
                        <i>-0.480203 0.750598 0.45388 -0.662129 0.0292021 -0.748821 -0.575318 -0.660113 0.48297 0.930634 2.17016 0.850346</i>
                        <i>-0.476983 0.752135 0.454731 -0.662928 0.0318245 -0.748006 -0.577074 -0.65824 0.483432 0.926757 2.17209 0.853271</i>
                        <i>-0.474092 0.752922 0.456449 -0.663938 0.0347837 -0.746978 -0.578293 -0.65719 0.483403 0.922439 2.17414 0.856539</i>
                        <i>-0.471617 0.752949 0.458961 -0.665148 0.0379482 -0.745746 -0.578926 -0.656983 0.482926 0.917848 2.17619 0.860023</i>
                        <i>-0.469604 0.752267 0.462133 -0.666529 0.041181 -0.744341 -0.578974 -0.65757 0.482069 0.91316 2.17816 0.863586</i>
                        <i>-0.469661 0.749402 0.466707 -0.667882 0.0441231 -0.742958 -0.577367 -0.660644 0.479789 0.909061 2.18011 0.86675</i>
                        <i>-0.472987 0.743223 0.473185 -0.669002 0.0465279 -0.741803 -0.573341 -0.667424 0.47521 0.906074 2.18213 0.869146</i>
                        <i>-0.478932 0.73435 0.480994 -0.669853 0.0484247 -0.740913 -0.567381 -0.677042 0.468714 0.904123 2.18415 0.870817</i>
                        <i>-0.486749 0.723511 0.489496 -0.670417 0.0498321 -0.740309 -0.560015 -0.688512 0.460798 0.903119 2.18606 0.871813</i>
                        <i>-0.495657 0.711535 0.498038 -0.670689 0.0507586 -0.74 -0.551816 -0.700815 0.45206 0.902969 2.18775 0.87219</i>
                        <i>-0.504884 0.699331 0.505992 -0.670679 0.0512037 -0.739979 -0.543398 -0.712962 0.443174 0.903579 2.18907 0.871999</i>
                        <i>-0.513707 0.687862 0.512787 -0.670404 0.0511579 -0.740231 -0.53541 -0.724036 0.434865 0.904858 2.18988 0.87129</i>
                    </KeyFrames>
                </p>
            </i>
            <i>
                <p>
                    <Name><![CDATA[spine2]]></Name>
                    <Exclude>0</Exclude>
                    <Additive>0</Additive>
                    <IKPriority>0</IKPriority>
                    <IKRotLimits>-1e+010 -1e+010 -1e+010 1e+010 1e+010 1e+010</IKRotLimits>
                    <IKRotLimitOrder>0</IKRotLimitOrder>
                    <KeyFrames count="30">
                        <i>-0.631667 0.52391 0.571414 -0.696254 -0.0592519 -0.715345 -0.340919 -0.84971 0.402202 0.820247 2.30296 0.955875</i>
                        <i>-0.636404 0.514081 0.575075 -0.695464 -0.0599304 -0.716058 -0.333648 -0.855645 0.395665 0.820419 2.30211 0.95595</i>
                        <i>-0.639172 0.508951 0.576565 -0.694806 -0.06075 -0.716627 -0.329702 -0.858649 0.392452 0.821569 2.30133 0.954991</i>
                        <i>-0.64025 0.508016 0.576194 -0.694274 -0.0616965 -0.717061 -0.328729 -0.859135 0.392203 0.823549 2.30064 0.953157</i>
                        <i>-0.639852 0.510758 0.574208 -0.693863 -0.0627516 -0.717368 -0.330369 -0.857431 0.394548 0.82621 2.29998 0.950603</i>
                        <i>-0.638151 0.51666 0.570812 -0.693566 -0.0638937 -0.717554 -0.33426 -0.853803 0.399111 0.829404 2.29936 0.947483</i>
                        <i>-0.635294 0.525205 0.566182 -0.693377 -0.065099 -0.717628 -0.340044 -0.848482 0.405522 0.83298 2.29873 0.943957</i>
                        <i>-0.631415 0.535886 0.560483 -0.69329 -0.0663415 -0.717598 -0.347368 -0.84168 0.413414 0.836783 2.29809 0.940186</i>
                        <i>-0.626644 0.548209 0.553881 -0.693297 -0.0675937 -0.717475 -0.355887 -0.833605 0.422429 0.840652 2.29743 0.936339</i>
                        <i>-0.621189 0.561544 0.546619 -0.693383 -0.0688212 -0.717275 -0.365163 -0.82458 0.432116 0.844399 2.29675 0.932609</i>
                        <i>-0.615584 0.574626 0.539316 -0.693516 -0.0699735 -0.717035 -0.374289 -0.815419 0.441587 0.847786 2.29603 0.929242</i>
                        <i>-0.610506 0.586054 0.53275 -0.693658 -0.0709977 -0.716797 -0.382258 -0.807155 0.449866 0.850566 2.29529 0.926491</i>
                        <i>-0.606617 0.594628 0.527667 -0.693763 -0.071838 -0.716611 -0.388211 -0.800785 0.45611 0.852478 2.29452 0.924624</i>
                        <i>-0.603851 0.60066 0.523996 -0.693836 -0.072492 -0.716475 -0.392373 -0.796211 0.460534 0.853592 2.29393 0.923564</i>
                        <i>-0.60137 0.605688 0.521052 -0.693988 -0.0728393 -0.716293 -0.395897 -0.792361 0.464144 0.854048 2.29382 0.923123</i>
                        <i>-0.598955 0.610016 0.518781 -0.694276 -0.0727537 -0.716022 -0.399042 -0.789042 0.467096 0.853768 2.29425 0.923347</i>
                        <i>-0.596759 0.613427 0.517287 -0.694667 -0.0722673 -0.715692 -0.401642 -0.786438 0.469254 0.8528 2.29506 0.924199</i>
                        <i>-0.594929 0.615721 0.51667 -0.695134 -0.0714098 -0.715325 -0.403545 -0.784722 0.470492 0.851192 2.29615 0.925642</i>
                        <i>-0.593611 0.616684 0.517038 -0.695655 -0.0702137 -0.714936 -0.404586 -0.784074 0.470679 0.848994 2.29741 0.927636</i>
                        <i>-0.592966 0.61607 0.518507 -0.696211 -0.0687181 -0.71454 -0.404576 -0.784688 0.469662 0.84626 2.2987 0.930139</i>
                        <i>-0.593138 0.613655 0.521166 -0.696783 -0.066974 -0.714148 -0.403336 -0.786728 0.46731 0.843057 2.29993 0.933092</i>
                        <i>-0.594071 0.609585 0.524868 -0.697366 -0.0650562 -0.713756 -0.400949 -0.790047 0.463752 0.839516 2.30101 0.936379</i>
                        <i>-0.595648 0.604114 0.529387 -0.697953 -0.0630506 -0.713362 -0.397574 -0.7944 0.459199 0.835784 2.3019 0.939858</i>
                        <i>-0.598399 0.596579 0.534801 -0.698391 -0.0612763 -0.713088 -0.392643 -0.800211 0.453313 0.832171 2.30262 0.943284</i>
                        <i>-0.602682 0.586513 0.541089 -0.698547 -0.0599823 -0.713046 -0.385755 -0.807716 0.445857 0.828932 2.30319 0.946449</i>
                        <i>-0.608075 0.574553 0.547845 -0.698447 -0.0591363 -0.713214 -0.377382 -0.816328 0.437254 0.826127 2.30359 0.949277</i>
                        <i>-0.614113 0.561459 0.554643 -0.698125 -0.0586918 -0.713566 -0.368085 -0.825421 0.428012 0.823809 2.30379 0.951699</i>
                        <i>-0.620337 0.548067 0.561075 -0.697621 -0.0585963 -0.714067 -0.35848 -0.83438 0.418692 0.822026 2.30377 0.953649</i>
                        <i>-0.626315 0.535256 0.566771 -0.69698 -0.0587984 -0.714675 -0.349209 -0.842641 0.409889 0.820823 2.3035 0.955063</i>
                        <i>-0.631667 0.52391 0.571414 -0.696254 -0.0592519 -0.715345 -0.340919 -0.84971 0.402202 0.820247 2.30296 0.955875</i>
                    </KeyFrames>
                </p>
            </i>
            <i>
                <p>
                    <Name><![CDATA[head]]></Name>
                    <Exclude>0</Exclude>
                    <Additive>0</Additive>
                    <IKPriority>0</IKPriority>
                    <IKRotLimits>-1e+010 -1e+010 -1e+010 1e+010 1e+010 1e+010</IKRotLimits>
                    <IKRotLimitOrder>0</IKRotLimitOrder>
                    <KeyFrames count="30">
                        <i>-0.156546 0.977408 0.142014 0.352847 0.189643 -0.916261 -0.922492 -0.0933276 -0.374564 0.659566 2.45369 1.09549</i>
                        <i>-0.164158 0.974585 0.152432 0.350648 0.202088 -0.914443 -0.922007 -0.0966636 -0.374911 0.658277 2.45094 1.09689</i>
                        <i>-0.171709 0.970874 0.167094 0.347646 0.218417 -0.911831 -0.921769 -0.0984798 -0.375024 0.65846 2.44931 1.09672</i>
                        <i>-0.178619 0.966507 0.184279 0.344139 0.23683 -0.908559 -0.921772 -0.0988684 -0.374915 0.659914 2.44869 1.09519</i>
                        <i>-0.184332 0.961824 0.202279 0.3405 0.255553 -0.904849 -0.921999 -0.097917 -0.374608 0.662455 2.44898 1.0925</i>
                        <i>-0.18832 0.957286 0.219407 0.337158 0.272843 -0.901045 -0.922421 -0.09571 -0.374138 0.665904 2.45004 1.08884</i>
                        <i>-0.190081 0.953474 0.234002 0.334563 0.286989 -0.897611 -0.923004 -0.0923301 -0.373548 0.670084 2.45175 1.0844</i>
                        <i>-0.189132 0.951044 0.244426 0.333158 0.296304 -0.895103 -0.923707 -0.0878603 -0.372888 0.674817 2.454 1.07937</i>
                        <i>-0.184988 0.95066 0.249049 0.333329 0.299096 -0.89411 -0.924485 -0.0823843 -0.372211 0.679917 2.45668 1.07394</i>
                        <i>-0.177262 0.952831 0.246357 0.335313 0.293816 -0.895119 -0.92528 -0.0760635 -0.371579 0.685154 2.45965 1.06836</i>
                        <i>-0.167106 0.956812 0.23788 0.338501 0.282284 -0.897626 -0.926009 -0.0694759 -0.371053 0.690129 2.46255 1.06307</i>
                        <i>-0.156483 0.961268 0.226887 0.341935 0.268237 -0.900627 -0.926603 -0.0633523 -0.370665 0.694387 2.46505 1.05853</i>
                        <i>-0.146574 0.965587 0.214844 0.345149 0.253461 -0.903676 -0.927032 -0.0583022 -0.370422 0.69747 2.46682 1.05524</i>
                        <i>-0.137451 0.969679 0.202062 0.348091 0.238274 -0.906674 -0.927329 -0.0542877 -0.370288 0.699463 2.46815 1.05311</i>
                        <i>-0.128598 0.973667 0.18824 0.350889 0.222211 -0.90967 -0.927545 -0.0509306 -0.370226 0.700751 2.46956 1.05172</i>
                        <i>-0.120339 0.977374 0.173949 0.353438 0.205922 -0.912512 -0.927685 -0.0483308 -0.370221 0.701318 2.47107 1.05109</i>
                        <i>-0.113007 0.980665 0.159768 0.355662 0.190068 -0.915084 -0.927758 -0.0465871 -0.370264 0.701147 2.47252 1.05125</i>
                        <i>-0.106939 0.983446 0.146281 0.357514 0.175319 -0.917304 -0.927765 -0.0457979 -0.370344 0.700229 2.47377 1.0522</i>
                        <i>-0.102478 0.985658 0.134077 0.358968 0.162348 -0.919122 -0.927707 -0.0460607 -0.370456 0.698555 2.47467 1.05395</i>
                        <i>-0.0999685 0.987265 0.123746 0.360009 0.151833 -0.920511 -0.927578 -0.0474725 -0.370603 0.696121 2.47506 1.05652</i>
                        <i>-0.0998639 0.988185 0.116261 0.360586 0.144845 -0.921411 -0.927365 -0.0500935 -0.370791 0.692949 2.47481 1.05987</i>
                        <i>-0.102124 0.988454 0.111934 0.360727 0.141661 -0.92185 -0.927063 -0.0537652 -0.371029 0.689189 2.47393 1.06385</i>
                        <i>-0.106346 0.988186 0.110361 0.360511 0.141757 -0.92192 -0.926673 -0.0582559 -0.371327 0.685031 2.47247 1.06826</i>
                        <i>-0.112122 0.98746 0.111133 0.35999 0.144605 -0.921681 -0.926194 -0.0633342 -0.37169 0.680663 2.47051 1.07291</i>
                        <i>-0.119044 0.986341 0.113839 0.359204 0.149672 -0.921179 -0.925635 -0.0687691 -0.372115 0.676265 2.46813 1.07759</i>
                        <i>-0.126701 0.984889 0.118068 0.358189 0.156423 -0.920452 -0.925012 -0.0743311 -0.372596 0.672009 2.46543 1.08214</i>
                        <i>-0.134685 0.983174 0.123409 0.356987 0.164326 -0.919542 -0.924349 -0.0797926 -0.373112 0.66806 2.4625 1.08636</i>
                        <i>-0.142588 0.98128 0.129452 0.355649 0.172848 -0.918497 -0.923679 -0.0849277 -0.373637 0.664571 2.45948 1.0901</i>
                        <i>-0.150009 0.979315 0.135788 0.354241 0.181462 -0.917379 -0.923044 -0.0895132 -0.374135 0.661693 2.4565 1.09319</i>
                        <i>-0.156546 0.977408 0.142014 0.352847 0.189643 -0.916261 -0.922492 -0.0933276 -0.374564 0.659566 2.45369 1.09549</i>
                    </KeyFrames>
                </p>
            </i>
            <i>
                <p>
                    <Name><![CDATA[head_prop]]></Name>
                    <Exclude>0</Exclude>
                    <Additive>0</Additive>
                    <IKPriority>0</IKPriority>
                    <IKRotLimits>-1e+010 -1e+010 -1e+010 1e+010 1e+010 1e+010</IKRotLimits>
                    <IKRotLimitOrder>0</IKRotLimitOrder>
                    <KeyFrames count="30">
                        <i>0.922492 0.0933276 0.374564 -0.156546 0.977408 0.142014 -0.352847 -0.189643 0.916261 0.608546 2.77224 1.14177</i>
                        <i>0.922007 0.0966636 0.374911 -0.164158 0.974585 0.152432 -0.350648 -0.202088 0.914443 0.604776 2.76857 1.14657</i>
                        <i>0.921769 0.0984798 0.375024 -0.171709 0.970874 0.167094 -0.347646 -0.218417 0.911831 0.602498 2.76573 1.15118</i>
                        <i>0.921772 0.0988684 0.374915 -0.178619 0.966507 0.184279 -0.344139 -0.23683 0.908559 0.601701 2.76369 1.15525</i>
                        <i>0.921999 0.097917 0.374608 -0.184332 0.961824 0.202279 -0.3405 -0.255553 0.904849 0.602379 2.76244 1.15843</i>
                        <i>0.922421 0.09571 0.374138 -0.18832 0.957286 0.219407 -0.337158 -0.272843 0.901045 0.604528 2.76203 1.16035</i>
                        <i>0.923004 0.0923301 0.373548 -0.190081 0.953474 0.234002 -0.334563 -0.286989 0.897611 0.608135 2.7625 1.16066</i>
                        <i>0.923707 0.0878603 0.372888 -0.189132 0.951044 0.244426 -0.333158 -0.296304 0.895103 0.613177 2.76395 1.15903</i>
                        <i>0.924485 0.0823843 0.372211 -0.184988 0.95066 0.249049 -0.333329 -0.299096 0.89411 0.619628 2.76651 1.15511</i>
                        <i>0.92528 0.0760635 0.371579 -0.177262 0.952831 0.246357 -0.335313 -0.293816 0.895119 0.627383 2.77018 1.14865</i>
                        <i>0.926009 0.0694759 0.371053 -0.167106 0.956812 0.23788 -0.338501 -0.282284 0.897626 0.635668 2.77439 1.14059</i>
                        <i>0.926603 0.0633523 0.370665 -0.156483 0.961268 0.226887 -0.341935 -0.268237 0.900627 0.643388 2.77833 1.13248</i>
                        <i>0.927032 0.0583022 0.370422 -0.146574 0.965587 0.214844 -0.345149 -0.253461 0.903676 0.6497 2.78152 1.12526</i>
                        <i>0.927329 0.0542877 0.370288 -0.137451 0.969679 0.202062 -0.348091 -0.238274 0.906674 0.654667 2.78417 1.11896</i>
                        <i>0.927545 0.0509306 0.370226 -0.128598 0.973667 0.18824 -0.350889 -0.222211 0.90967 0.65884 2.78689 1.11307</i>
                        <i>0.927685 0.0483308 0.370221 -0.120339 0.977374 0.173949 -0.353438 -0.205922 0.912512 0.662098 2.78961 1.10778</i>
                        <i>0.927758 0.0465871 0.370264 -0.113007 0.980665 0.159768 -0.355662 -0.190068 0.915084 0.664317 2.79213 1.10332</i>
                        <i>0.927765 0.0457979 0.370344 -0.106939 0.983446 0.146281 -0.357514 -0.175319 0.917304 0.665377 2.79429 1.09987</i>
                        <i>0.927707 0.0460607 0.370456 -0.102478 0.985658 0.134077 -0.358968 -0.162348 0.919122 0.665156 2.7959 1.09765</i>
                        <i>0.927578 0.0474725 0.370603 -0.0999685 0.987265 0.123746 -0.360009 -0.151833 0.920511 0.66354 2.79682 1.09685</i>
                        <i>0.927365 0.0500935 0.370791 -0.0998639 0.988185 0.116261 -0.360586 -0.144845 0.921411 0.660402 2.79687 1.09776</i>
                        <i>0.927063 0.0537652 0.371029 -0.102124 0.988454 0.111934 -0.360727 -0.141661 0.92185 0.655906 2.79607 1.10033</i>
                        <i>0.926673 0.0582559 0.371327 -0.106346 0.988186 0.110361 -0.360511 -0.141757 0.92192 0.650372 2.79453 1.10423</i>
                        <i>0.926194 0.0633342 0.37169 -0.112122 0.98746 0.111133 -0.35999 -0.144605 0.921681 0.644122 2.79233 1.10913</i>
                        <i>0.925635 0.0687691 0.372115 -0.119044 0.986341 0.113839 -0.359204 -0.149672 0.921179 0.637468 2.78959 1.1147</i>
                        <i>0.925012 0.0743311 0.372596 -0.126701 0.984889 0.118068 -0.358189 -0.156423 0.920452 0.630716 2.78641 1.12062</i>
                        <i>0.924349 0.0797926 0.373112 -0.134685 0.983174 0.123409 -0.356987 -0.164326 0.919542 0.624165 2.78293 1.12658</i>
                        <i>0.923679 0.0849277 0.373637 -0.142588 0.98128 0.129452 -0.355649 -0.172848 0.918497 0.618101 2.77929 1.13229</i>
                        <i>0.923044 0.0895132 0.374135 -0.150009 0.979315 0.135788 -0.354241 -0.181462 0.917379 0.612803 2.77567 1.13745</i>
                        <i>0.922492 0.0933276 0.374564 -0.156546 0.977408 0.142014 -0.352847 -0.189643 0.916261 0.608546 2.77224 1.14177</i>
                    </KeyFrames>
                </p>
            </i>
            <i>
                <p>
                    <Name><![CDATA[l_clav]]></Name>
                    <Exclude>0</Exclude>
                    <Additive>0</Additive>
                    <IKPriority>0</IKPriority>
                    <IKRotLimits>-1e+010 -1e+010 -1e+010 1e+010 1e+010 1e+010</IKRotLimits>
                    <IKRotLimitOrder>0</IKRotLimitOrder>
                    <KeyFrames count="30">
                        <i>0.205581 -0.0665056 0.976378 -0.719296 0.666236 0.196832 -0.663588 -0.74277 0.0891283 0.825422 2.31305 1.07254</i>
                        <i>0.189601 -0.0545829 0.980343 -0.726083 0.664325 0.177415 -0.66095 -0.745448 0.0863253 0.824989 2.31148 1.07303</i>
                        <i>0.173306 -0.0410876 0.984011 -0.730613 0.664632 0.156429 -0.660432 -0.746041 0.0851653 0.825625 2.31047 1.07237</i>
                        <i>0.157237 -0.026342 0.987209 -0.732956 0.66684 0.134535 -0.661855 -0.744735 0.0855445 0.827159 2.30996 1.07075</i>
                        <i>0.141955 -0.0106733 0.989816 -0.733208 0.670653 0.112385 -0.665022 -0.741695 0.0873767 0.829432 2.30988 1.06835</i>
                        <i>0.12802 0.00557189 0.991756 -0.731488 0.675804 0.0906269 -0.669728 -0.73706 0.0905925 0.832288 2.31012 1.06531</i>
                        <i>0.115983 0.0220168 0.993007 -0.727937 0.682071 0.0699001 -0.675763 -0.730954 0.0951354 0.83557 2.31062 1.06183</i>
                        <i>0.106367 0.0382432 0.993591 -0.722712 0.689278 0.0508382 -0.682916 -0.723487 0.100955 0.839117 2.31129 1.05806</i>
                        <i>0.0996581 0.0537829 0.993567 -0.715969 0.6973 0.0340685 -0.690983 -0.714758 0.107999 0.842761 2.31209 1.05419</i>
                        <i>0.0962863 0.0679809 0.993029 -0.707954 0.705967 0.0203156 -0.699665 -0.704975 0.116102 0.846305 2.31294 1.05042</i>
                        <i>0.0965994 0.0794574 0.992147 -0.699416 0.714632 0.0108659 -0.708156 -0.694973 0.124607 0.8495 2.3137 1.04702</i>
                        <i>0.100745 0.0866348 0.991133 -0.691569 0.722274 0.00716144 -0.71525 -0.686159 0.132679 0.852087 2.31424 1.04426</i>
                        <i>0.1082 0.0886453 0.990169 -0.68538 0.72812 0.00970931 -0.720102 -0.679693 0.139538 0.853779 2.31445 1.04245</i>
                        <i>0.118313 0.0859219 0.989252 -0.680605 0.732435 0.0177833 -0.723035 -0.675393 0.145135 0.85466 2.31455 1.0415</i>
                        <i>0.130501 0.0794794 0.988257 -0.676516 0.73581 0.0301581 -0.724772 -0.672508 0.149793 0.855014 2.31495 1.0411</i>
                        <i>0.144173 0.0695825 0.987103 -0.673026 0.73817 0.0462652 -0.725431 -0.671017 0.153255 0.854855 2.31569 1.04125</i>
                        <i>0.15879 0.0565493 0.985692 -0.670065 0.739404 0.0655243 -0.725119 -0.670882 0.155302 0.854201 2.31663 1.04192</i>
                        <i>0.173869 0.0407533 0.983925 -0.667594 0.739384 0.0873458 -0.723939 -0.672049 0.155763 0.853069 2.31766 1.0431</i>
                        <i>0.188995 0.0226213 0.981717 -0.665609 0.73798 0.111134 -0.721974 -0.674444 0.154531 0.85148 2.31864 1.04477</i>
                        <i>0.203817 0.00262606 0.979005 -0.664139 0.73508 0.136294 -0.71929 -0.677975 0.151566 0.849457 2.31947 1.0469</i>
                        <i>0.218045 -0.0186728 0.97576 -0.663202 0.730657 0.162182 -0.715975 -0.682489 0.146932 0.847037 2.32001 1.04946</i>
                        <i>0.231405 -0.0403959 0.972018 -0.662555 0.725071 0.187865 -0.712371 -0.687488 0.141021 0.844319 2.32025 1.05234</i>
                        <i>0.241864 -0.059576 0.96848 -0.663069 0.718558 0.209794 -0.708408 -0.69291 0.13429 0.841425 2.32019 1.05541</i>
                        <i>0.247904 -0.0739089 0.965961 -0.665819 0.711285 0.225298 -0.703725 -0.699008 0.12712 0.83847 2.31983 1.05855</i>
                        <i>0.249894 -0.0835008 0.964666 -0.670719 0.703615 0.234653 -0.698347 -0.705659 0.119824 0.835569 2.3192 1.06165</i>
                        <i>0.24808 -0.0885224 0.964687 -0.677598 0.695822 0.238103 -0.692327 -0.712738 0.112637 0.832828 2.31831 1.06458</i>
                        <i>0.242621 -0.0891681 0.966015 -0.686214 0.688098 0.235862 -0.685744 -0.720118 0.105759 0.830349 2.31721 1.06723</i>
                        <i>0.233637 -0.0856236 0.968547 -0.69627 0.680565 0.228122 -0.678692 -0.727668 0.0993878 0.828228 2.31593 1.06951</i>
                        <i>0.221242 -0.0780388 0.972091 -0.707423 0.673279 0.215055 -0.671271 -0.735259 0.093751 0.826556 2.31453 1.07131</i>
                        <i>0.205581 -0.0665056 0.976378 -0.719296 0.666236 0.196832 -0.663588 -0.74277 0.0891283 0.825422 2.31305 1.07254</i>
                    </KeyFrames>
                </p>
            </i>
            <i>
                <p>
                    <Name><![CDATA[l_shoulder]]></Name>
                    <Exclude>0</Exclude>
                    <Additive>0</Additive>
                    <IKPriority>0</IKPriority>
                    <IKRotLimits>-1e+010 -1e+010 -1e+010 1e+010 1e+010 1e+010</IKRotLimits>
                    <IKRotLimitOrder>0</IKRotLimitOrder>
                    <KeyFrames count="30">
                        <i>-0.183374 -0.872627 0.452655 -0.202852 0.484142 0.851151 -0.961886 0.0642569 -0.265793 0.866041 2.29991 1.26545</i>
                        <i>-0.171441 -0.876356 0.450121 -0.199475 0.4783 0.855242 -0.964789 0.0568355 -0.256811 0.862451 2.30069 1.26672</i>
                        <i>-0.165168 -0.878969 0.447362 -0.195774 0.473785 0.858604 -0.966639 0.0542323 -0.250334 0.859866 2.30235 1.26679</i>
                        <i>-0.164072 -0.880585 0.444579 -0.191906 0.470569 0.861241 -0.967601 0.0559876 -0.246197 0.858225 2.30476 1.2658</i>
                        <i>-0.167804 -0.881247 0.441866 -0.188012 0.468603 0.86317 -0.967726 0.0617676 -0.244318 0.857479 2.30777 1.26391</i>
                        <i>-0.176088 -0.880951 0.439224 -0.184218 0.467804 0.864421 -0.966983 0.0713011 -0.244662 0.857582 2.31122 1.26126</i>
                        <i>-0.188661 -0.879663 0.436577 -0.180647 0.46806 0.865036 -0.965284 0.0843326 -0.247213 0.858486 2.31497 1.25802</i>
                        <i>-0.205237 -0.877329 0.433788 -0.177419 0.46923 0.865069 -0.962497 0.100582 -0.251958 0.860133 2.31885 1.25437</i>
                        <i>-0.225462 -0.87389 0.430679 -0.174662 0.471155 0.864584 -0.958468 0.119707 -0.258863 0.862451 2.32272 1.25049</i>
                        <i>-0.248623 -0.869336 0.427132 -0.172513 0.473671 0.863641 -0.953114 0.141035 -0.267737 0.865329 2.32637 1.24662</i>
                        <i>-0.2729 -0.863862 0.423401 -0.171089 0.47667 0.862273 -0.946707 0.162875 -0.277881 0.868586 2.3294 1.24304</i>
                        <i>-0.295583 -0.858004 0.42007 -0.170477 0.480034 0.860526 -0.939983 0.182745 -0.28816 0.871992 2.33136 1.24009</i>
                        <i>-0.313043 -0.852815 0.417984 -0.170719 0.483464 0.858556 -0.934269 0.197407 -0.296937 0.875157 2.33196 1.23809</i>
                        <i>-0.325354 -0.848616 0.417127 -0.171772 0.48683 0.856441 -0.92986 0.206996 -0.304161 0.878036 2.33152 1.23695</i>
                        <i>-0.335251 -0.844958 0.416717 -0.173566 0.490136 0.854191 -0.926003 0.214041 -0.310975 0.880798 2.33065 1.23636</i>
                        <i>-0.342466 -0.841998 0.416842 -0.176057 0.493323 0.851843 -0.922887 0.218339 -0.317186 0.883341 2.32944 1.23628</i>
                        <i>-0.346341 -0.839907 0.417856 -0.179148 0.496443 0.849383 -0.920844 0.219318 -0.322406 0.885574 2.32781 1.23668</i>
                        <i>-0.346508 -0.838767 0.420002 -0.182739 0.499521 0.846809 -0.920075 0.216676 -0.326363 0.887422 2.32571 1.23751</i>
                        <i>-0.342849 -0.838554 0.423417 -0.186722 0.502575 0.844129 -0.920646 0.210347 -0.328884 0.888821 2.32311 1.23874</i>
                        <i>-0.335479 -0.839144 0.428125 -0.190984 0.505609 0.841359 -0.922485 0.200494 -0.329884 0.889727 2.31999 1.24033</i>
                        <i>-0.324805 -0.840319 0.434011 -0.195399 0.508613 0.83853 -0.925376 0.187553 -0.329398 0.890118 2.31632 1.24225</i>
                        <i>-0.31193 -0.84174 0.440651 -0.199837 0.511543 0.835697 -0.928851 0.172621 -0.327776 0.89004 2.31227 1.24439</i>
                        <i>-0.297395 -0.843666 0.446972 -0.203768 0.513454 0.833573 -0.932757 0.156822 -0.32461 0.889212 2.30842 1.24676</i>
                        <i>-0.281465 -0.846431 0.45203 -0.20671 0.513499 0.83282 -0.937042 0.140971 -0.319498 0.887451 2.30523 1.24941</i>
                        <i>-0.264731 -0.849885 0.455646 -0.208614 0.511788 0.833398 -0.941487 0.125572 -0.312784 0.884943 2.3027 1.25225</i>
                        <i>-0.247643 -0.853892 0.457757 -0.209461 0.508486 0.835205 -0.945938 0.11095 -0.30478 0.881844 2.30082 1.25518</i>
                        <i>-0.230584 -0.85832 0.458387 -0.209263 0.503801 0.83809 -0.950284 0.0973272 -0.295783 0.878286 2.29959 1.2581</i>
                        <i>-0.213919 -0.863024 0.457634 -0.208053 0.497982 0.84186 -0.954438 0.0848774 -0.286083 0.874389 2.29902 1.26088</i>
                        <i>-0.198033 -0.867849 0.455655 -0.205891 0.49132 0.846294 -0.958328 0.0737789 -0.275979 0.870268 2.29911 1.26338</i>
                        <i>-0.183374 -0.872627 0.452655 -0.202852 0.484142 0.851151 -0.961886 0.0642569 -0.265793 0.866041 2.29991 1.26545</i>
                    </KeyFrames>
                </p>
            </i>
            <i>
                <p>
                    <Name><![CDATA[l_elbow]]></Name>
                    <Exclude>0</Exclude>
                    <Additive>0</Additive>
                    <IKPriority>0</IKPriority>
                    <IKRotLimits>-1e+010 -1e+010 -1e+010 1e+010 1e+010 1e+010</IKRotLimits>
                    <IKRotLimitOrder>0</IKRotLimitOrder>
                    <KeyFrames count="30">
                        <i>-0.862195 -0.50067 0.0771329 -0.205197 0.484385 0.85045 -0.463157 0.717426 -0.52037 0.806393 2.01607 1.41269</i>
                        <i>-0.86309 -0.499334 0.075767 -0.201828 0.478525 0.854564 -0.462969 0.722274 -0.51379 0.806685 2.01563 1.41314</i>
                        <i>-0.861418 -0.501823 0.0783165 -0.198133 0.474004 0.857942 -0.467657 0.723529 -0.507743 0.806141 2.01644 1.41231</i>
                        <i>-0.85747 -0.507609 0.0841291 -0.194267 0.470793 0.860589 -0.47645 0.721586 -0.502303 0.804856 2.01832 1.41042</i>
                        <i>-0.851443 -0.516196 0.092662 -0.190372 0.468842 0.862523 -0.488675 0.716749 -0.497461 0.802896 2.02112 1.40764</i>
                        <i>-0.843476 -0.527112 0.103444 -0.186576 0.468067 0.863772 -0.503724 0.709271 -0.49315 0.800304 2.02467 1.40413</i>
                        <i>-0.833682 -0.539915 0.116048 -0.182999 0.468357 0.864381 -0.521044 0.699382 -0.489264 0.797119 2.02883 1.40003</i>
                        <i>-0.822169 -0.554184 0.130069 -0.179763 0.469568 0.864402 -0.540114 0.687304 -0.485686 0.793374 2.03347 1.39547</i>
