<?xml version="1.0" encoding="ISO-8859-1" ?>
<Animl Version="1">
    <ModellingPackage><![CDATA[Maya.2010]]></ModellingPackage>
    <SrcFile><![CDATA[anims\turrets\antitank\red\~src\at_b10_recoilless\b10recoilless_aim_random_crewman_a.mb]]></SrcFile>
    <FramesPerSecond>30</FramesPerSecond>
    <TotalFrames>60</TotalFrames>
    <Skeleton>
        <RefFrame>
            <Name><![CDATA[soldier_ref_frame]]></Name>
            <Exclude>0</Exclude>
            <Additive>0</Additive>
            <IKPriority>0</IKPriority>
            <IKRotLimits>-1e+010 -1e+010 -1e+010 1e+010 1e+010 1e+010</IKRotLimits>
            <IKRotLimitOrder>0</IKRotLimitOrder>
            <KeyFrames count="60">
                <i>1 0 0 0 1 0 0 0 1 0.96 0.94 0.91</i>
                <i>1 0 0 0 1 0 0 0 1 0.96 0.94 0.91</i>
                <i>1 0 0 0 1 0 0 0 1 0.96 0.94 0.91</i>
                <i>1 0 0 0 1 0 0 0 1 0.96 0.94 0.91</i>
                <i>1 0 0 0 1 0 0 0 1 0.96 0.94 0.91</i>
                <i>1 0 0 0 1 0 0 0 1 0.96 0.94 0.91</i>
                <i>1 0 0 0 1 0 0 0 1 0.96 0.94 0.91</i>
                <i>1 0 0 0 1 0 0 0 1 0.96 0.94 0.91</i>
                <i>1 0 0 0 1 0 0 0 1 0.96 0.94 0.91</i>
                <i>1 0 0 0 1 0 0 0 1 0.96 0.94 0.91</i>
                <i>1 0 0 0 1 0 0 0 1 0.96 0.94 0.91</i>
                <i>1 0 0 0 1 0 0 0 1 0.96 0.94 0.91</i>
                <i>1 0 0 0 1 0 0 0 1 0.96 0.94 0.91</i>
                <i>1 0 0 0 1 0 0 0 1 0.96 0.94 0.91</i>
                <i>1 0 0 0 1 0 0 0 1 0.96 0.94 0.91</i>
                <i>1 0 0 0 1 0 0 0 1 0.96 0.94 0.91</i>
                <i>1 0 0 0 1 0 0 0 1 0.96 0.94 0.91</i>
                <i>1 0 0 0 1 0 0 0 1 0.96 0.94 0.91</i>
                <i>1 0 0 0 1 0 0 0 1 0.96 0.94 0.91</i>
                <i>1 0 0 0 1 0 0 0 1 0.96 0.94 0.91</i>
                <i>1 0 0 0 1 0 0 0 1 0.96 0.94 0.91</i>
                <i>1 0 0 0 1 0 0 0 1 0.96 0.94 0.91</i>
                <i>1 0 0 0 1 0 0 0 1 0.96 0.94 0.91</i>
                <i>1 0 0 0 1 0 0 0 1 0.96 0.94 0.91</i>
                <i>1 0 0 0 1 0 0 0 1 0.96 0.94 0.91</i>
                <i>1 0 0 0 1 0 0 0 1 0.96 0.94 0.91</i>
                <i>1 0 0 0 1 0 0 0 1 0.96 0.94 0.91</i>
                <i>1 0 0 0 1 0 0 0 1 0.96 0.94 0.91</i>
                <i>1 0 0 0 1 0 0 0 1 0.96 0.94 0.91</i>
                <i>1 0 0 0 1 0 0 0 1 0.96 0.94 0.91</i>
                <i>1 0 0 0 1 0 0 0 1 0.96 0.94 0.91</i>
                <i>1 0 0 0 1 0 0 0 1 0.96 0.94 0.91</i>
                <i>1 0 0 0 1 0 0 0 1 0.96 0.94 0.91</i>
                <i>1 0 0 0 1 0 0 0 1 0.96 0.94 0.91</i>
                <i>1 0 0 0 1 0 0 0 1 0.96 0.94 0.91</i>
                <i>1 0 0 0 1 0 0 0 1 0.96 0.94 0.91</i>
                <i>1 0 0 0 1 0 0 0 1 0.96 0.94 0.91</i>
                <i>1 0 0 0 1 0 0 0 1 0.96 0.94 0.91</i>
                <i>1 0 0 0 1 0 0 0 1 0.96 0.94 0.91</i>
                <i>1 0 0 0 1 0 0 0 1 0.96 0.94 0.91</i>
                <i>1 0 0 0 1 0 0 0 1 0.96 0.94 0.91</i>
                <i>1 0 0 0 1 0 0 0 1 0.96 0.94 0.91</i>
                <i>1 0 0 0 1 0 0 0 1 0.96 0.94 0.91</i>
                <i>1 0 0 0 1 0 0 0 1 0.96 0.94 0.91</i>
                <i>1 0 0 0 1 0 0 0 1 0.96 0.94 0.91</i>
                <i>1 0 0 0 1 0 0 0 1 0.96 0.94 0.91</i>
                <i>1 0 0 0 1 0 0 0 1 0.96 0.94 0.91</i>
                <i>1 0 0 0 1 0 0 0 1 0.96 0.94 0.91</i>
                <i>1 0 0 0 1 0 0 0 1 0.96 0.94 0.91</i>
                <i>1 0 0 0 1 0 0 0 1 0.96 0.94 0.91</i>
                <i>1 0 0 0 1 0 0 0 1 0.96 0.94 0.91</i>
                <i>1 0 0 0 1 0 0 0 1 0.96 0.94 0.91</i>
                <i>1 0 0 0 1 0 0 0 1 0.96 0.94 0.91</i>
                <i>1 0 0 0 1 0 0 0 1 0.96 0.94 0.91</i>
                <i>1 0 0 0 1 0 0 0 1 0.96 0.94 0.91</i>
                <i>1 0 0 0 1 0 0 0 1 0.96 0.94 0.91</i>
                <i>1 0 0 0 1 0 0 0 1 0.96 0.94 0.91</i>
                <i>1 0 0 0 1 0 0 0 1 0.96 0.94 0.91</i>
                <i>1 0 0 0 1 0 0 0 1 0.96 0.94 0.91</i>
                <i>1 0 0 0 1 0 0 0 1 0.96 0.94 0.91</i>
            </KeyFrames>
        </RefFrame>
        <Bones count="23">
            <i>
                <p>
                    <Name><![CDATA[pelvis]]></Name>
                    <Exclude>0</Exclude>
                    <Additive>0</Additive>
                    <IKPriority>0</IKPriority>
                    <IKRotLimits>-1e+010 -1e+010 -1e+010 1e+010 1e+010 1e+010</IKRotLimits>
                    <IKRotLimitOrder>2</IKRotLimitOrder>
                    <KeyFrames count="60">
                        <i>1 0 0 0 1 0 0 0 1 0.926876 1.8811 0.837703</i>
                        <i>1 0 0 0 1 0 0 0 1 0.928213 1.87429 0.84275</i>
                        <i>1 0 0 0 1 0 0 0 1 0.931523 1.8595 0.853852</i>
                        <i>1 0 0 0 1 0 0 0 1 0.935753 1.84524 0.864954</i>
                        <i>1 0 0 0 1 0 0 0 1 0.93985 1.84 0.87</i>
                        <i>1 0 0 0 1 0 0 0 1 0.944223 1.84742 0.866767</i>
                        <i>1 0 0 0 1 0 0 0 1 0.949357 1.86213 0.85901</i>
                        <i>1 0 0 0 1 0 0 0 1 0.95432 1.87913 0.849639</i>
                        <i>1 0 0 0 1 0 0 0 1 0.958179 1.89342 0.841566</i>
                        <i>1 0 0 0 1 0 0 0 1 0.96 1.9 0.837703</i>
                        <i>1 0 0 0 1 0 0 0 1 0.96 1.89945 0.837703</i>
                        <i>1 0 0 0 1 0 0 0 1 0.96 1.89792 0.837703</i>
                        <i>1 0 0 0 1 0 0 0 1 0.96 1.89556 0.837703</i>
                        <i>1 0 0 0 1 0 0 0 1 0.96 1.89252 0.837703</i>
                        <i>1 0 0 0 1 0 0 0 1 0.96 1.88898 0.837703</i>
                        <i>1 0 0 0 1 0 0 0 1 0.96 1.88507 0.837703</i>
                        <i>1 0 0 0 1 0 0 0 1 0.96 1.88097 0.837703</i>
                        <i>1 0 0 0 1 0 0 0 1 0.96 1.87683 0.837703</i>
                        <i>1 0 0 0 1 0 0 0 1 0.96 1.87281 0.837703</i>
                        <i>1 0 0 0 1 0 0 0 1 0.96 1.86906 0.837703</i>
                        <i>1 0 0 0 1 0 0 0 1 0.96 1.86575 0.837703</i>
                        <i>1 0 0 0 1 0 0 0 1 0.96 1.86303 0.837703</i>
                        <i>1 0 0 0 1 0 0 0 1 0.96 1.86106 0.837703</i>
                        <i>1 0 0 0 1 0 0 0 1 0.96 1.86 0.837703</i>
                        <i>1 0 0 0 1 0 0 0 1 0.96 1.85961 0.837703</i>
                        <i>1 0 0 0 1 0 0 0 1 0.96 1.85955 0.837703</i>
                        <i>1 0 0 0 1 0 0 0 1 0.96 1.85977 0.837703</i>
                        <i>1 0 0 0 1 0 0 0 1 0.96 1.86026 0.837703</i>
                        <i>1 0 0 0 1 0 0 0 1 0.96 1.86097 0.837703</i>
                        <i>1 0 0 0 1 0 0 0 1 0.96 1.86189 0.837703</i>
                        <i>1 0 0 0 1 0 0 0 1 0.96 1.86298 0.837703</i>
                        <i>1 0 0 0 1 0 0 0 1 0.96 1.86421 0.837703</i>
                        <i>1 0 0 0 1 0 0 0 1 0.96 1.86556 0.837703</i>
                        <i>1 0 0 0 1 0 0 0 1 0.96 1.86699 0.837703</i>
                        <i>1 0 0 0 1 0 0 0 1 0.96 1.86847 0.837703</i>
                        <i>1 0 0 0 1 0 0 0 1 0.96 1.86998 0.837703</i>
                        <i>1 0 0 0 1 0 0 0 1 0.96 1.87149 0.837703</i>
                        <i>1 0 0 0 1 0 0 0 1 0.96 1.87296 0.837703</i>
                        <i>1 0 0 0 1 0 0 0 1 0.96 1.87437 0.837703</i>
                        <i>1 0 0 0 1 0 0 0 1 0.96 1.87569 0.837703</i>
                        <i>1 0 0 0 1 0 0 0 1 0.96 1.87688 0.837703</i>
                        <i>1 0 0 0 1 0 0 0 1 0.96 1.87793 0.837703</i>
                        <i>1 0 0 0 1 0 0 0 1 0.96 1.87879 0.837703</i>
                        <i>1 0 0 0 1 0 0 0 1 0.96 1.87944 0.837703</i>
                        <i>1 0 0 0 1 0 0 0 1 0.96 1.87986 0.837703</i>
                        <i>1 0 0 0 1 0 0 0 1 0.96 1.88 0.837703</i>
                        <i>1 0 0 0 1 0 0 0 1 0.96 1.88312 0.837703</i>
                        <i>1 0 0 0 1 0 0 0 1 0.96 1.89 0.837703</i>
                        <i>1 0 0 0 1 0 0 0 1 0.96 1.89687 0.837703</i>
                        <i>1 0 0 0 1 0 0 0 1 0.96 1.9 0.837703</i>
                        <i>1 0 0 0 1 0 0 0 1 0.957156 1.90856 0.837703</i>
                        <i>1 0 0 0 1 0 0 0 1 0.953527 1.91907 0.837703</i>
                        <i>1 0 0 0 1 0 0 0 1 0.949367 1.92755 0.837703</i>
                        <i>1 0 0 0 1 0 0 0 1 0.944933 1.93 0.837703</i>
                        <i>1 0 0 0 1 0 0 0 1 0.940481 1.92507 0.837703</i>
                        <i>1 0 0 0 1 0 0 0 1 0.936264 1.91564 0.837703</i>
                        <i>1 0 0 0 1 0 0 0 1 0.93254 1.90413 0.837703</i>
                        <i>1 0 0 0 1 0 0 0 1 0.929564 1.89294 0.837703</i>
                        <i>1 0 0 0 1 0 0 0 1 0.927591 1.88446 0.837703</i>
                        <i>1 0 0 0 1 0 0 0 1 0.926876 1.8811 0.837703</i>
                    </KeyFrames>
                </p>
            </i>
            <i>
                <p>
                    <Name><![CDATA[spine0]]></Name>
                    <Exclude>0</Exclude>
                    <Additive>0</Additive>
                    <IKPriority>0</IKPriority>
                    <IKRotLimits>-1e+010 -1e+010 -1e+010 1e+010 1e+010 1e+010</IKRotLimits>
                    <IKRotLimitOrder>0</IKRotLimitOrder>
                    <KeyFrames count="60">
                        <i>-0.244532 0.933345 0.262814 -0.592778 0.0705991 -0.802266 -0.767345 -0.35197 0.536002 0.948627 2.02267 0.824236</i>
                        <i>-0.243322 0.934858 0.258523 -0.583821 0.0716834 -0.808711 -0.774562 -0.347708 0.528348 0.95074 2.01573 0.82919</i>
                        <i>-0.239494 0.938676 0.248053 -0.562728 0.0739954 -0.823324 -0.791189 -0.336768 0.510498 0.955994 2.00059 0.839995</i>
                        <i>-0.232911 0.943674 0.235015 -0.538361 0.0761388 -0.839268 -0.809889 -0.321998 0.490304 0.962751 1.98581 0.85055</i>
                        <i>-0.224216 0.948748 0.222722 -0.520189 0.0767445 -0.850596 -0.824093 -0.306575 0.476321 0.969316 1.97997 0.854658</i>
                        <i>-0.213319 0.953977 0.210766 -0.508115 0.0759279 -0.857936 -0.834455 -0.290108 0.468533 0.976148 1.98669 0.850069</i>
                        <i>-0.20042 0.959484 0.198044 -0.496273 0.0748643 -0.864933 -0.844716 -0.271634 0.461162 0.98403 2.00056 0.840836</i>
                        <i>-0.187472 0.964449 0.186258 -0.48591 0.0737375 -0.870893 -0.853666 -0.253773 0.454812 0.991678 2.01667 0.830072</i>
                        <i>-0.176621 0.968248 0.176921 -0.47829 0.0726709 -0.87519 -0.860258 -0.239196 0.450268 0.997796 2.03016 0.82085</i>
                        <i>-0.170114 0.970399 0.171428 -0.474681 0.0717558 -0.877228 -0.863562 -0.230603 0.448424 1.00108 2.03619 0.816219</i>
                        <i>-0.169433 0.970654 0.170654 -0.474297 0.0714783 -0.877458 -0.863907 -0.229611 0.448268 1.00188 2.03533 0.815788</i>
                        <i>-0.168795 0.971031 0.169136 -0.473951 0.0704961 -0.877724 -0.864221 -0.228317 0.448322 1.00265 2.03349 0.81537</i>
                        <i>-0.16796 0.971529 0.167092 -0.473645 0.0691211 -0.877999 -0.864552 -0.226612 0.448551 1.00339 2.03082 0.814968</i>
                        <i>-0.166668 0.972156 0.164728 -0.473372 0.0676622 -0.87826 -0.864952 -0.224356 0.448914 1.0041 2.02749 0.814584</i>
                        <i>-0.164633 0.972923 0.162227 -0.473118 0.0664226 -0.878492 -0.86548 -0.221381 0.449372 1.00477 2.02366 0.81422</i>
                        <i>-0.161558 0.973846 0.15976 -0.472867 0.0657007 -0.878681 -0.866196 -0.217503 0.449885 1.0054 2.01949 0.813879</i>
                        <i>-0.1574 0.974938 0.157231 -0.472617 0.0654302 -0.878836 -0.867098 -0.212638 0.450474 1.00598 2.01513 0.813564</i>
                        <i>-0.152329 0.976199 0.154373 -0.472385 0.0652857 -0.878971 -0.868129 -0.206817 0.451196 1.00651 2.01076 0.813276</i>
                        <i>-0.146697 0.977532 0.151363 -0.47217 0.0652614 -0.879088 -0.869215 -0.200428 0.451988 1.00698 2.00652 0.813019</i>
                        <i>-0.141118 0.978779 0.148585 -0.471971 0.0654181 -0.879184 -0.870247 -0.194197 0.452724 1.0074 2.00259 0.812795</i>
                        <i>-0.136018 0.979849 0.146271 -0.471787 0.0657636 -0.879257 -0.871158 -0.188604 0.453335 1.00775 1.99912 0.812606</i>
                        <i>-0.131811 0.980666 0.14464 -0.471619 0.0663006 -0.879306 -0.871895 -0.184118 0.453761 1.00803 1.99627 0.812454</i>
                        <i>-0.128364 0.981294 0.143472 -0.471479 0.0668904 -0.879337 -0.872485 -0.180519 0.454073 1.00823 1.9942 0.812343</i>
                        <i>-0.125371 0.981836 0.142407 -0.471384 0.0673518 -0.879352 -0.872971 -0.177374 0.454378 1.00836 1.99308 0.812274</i>
                        <i>-0.12298 0.982276 0.141455 -0.471343 0.0676218 -0.879354 -0.873334 -0.174817 0.454673 1.0084 1.99268 0.812251</i>
                        <i>-0.121247 0.982598 0.140711 -0.471335 0.0677651 -0.879347 -0.87358 -0.17294 0.454917 1.00839 1.99261 0.812254</i>
                        <i>-0.120172 0.982786 0.140324 -0.471332 0.0679205 -0.879337 -0.87373 -0.171811 0.455056 1.00838 1.99285 0.812264</i>
                        <i>-0.119826 0.982819 0.140388 -0.471332 0.0681391 -0.879319 -0.873778 -0.171535 0.45507 1.00834 1.99335 0.812284</i>
                        <i>-0.12028 0.982676 0.140997 -0.471334 0.068472 -0.879293 -0.873715 -0.172218 0.454933 1.00828 1.99409 0.812314</i>
                        <i>-0.121605 0.982334 0.142241 -0.471334 0.0689676 -0.879254 -0.873531 -0.173964 0.454621 1.00821 1.99504 0.812356</i>
                        <i>-0.123675 0.981812 0.144047 -0.471336 0.0696201 -0.879202 -0.873239 -0.176629 0.454153 1.0081 1.99618 0.812413</i>
                        <i>-0.12624 0.981161 0.14624 -0.471345 0.0703884 -0.879136 -0.872867 -0.179912 0.453579 1.00797 1.99748 0.812486</i>
                        <i>-0.129191 0.980399 0.148752 -0.471364 0.0712624 -0.879055 -0.872425 -0.183683 0.452918 1.0078 1.9989 0.812577</i>
                        <i>-0.132415 0.979546 0.15151 -0.471396 0.0722286 -0.878959 -0.871924 -0.187809 0.45219 1.00759 2.00042 0.812688</i>
                        <i>-0.135801 0.978625 0.15444 -0.471445 0.0732724 -0.878846 -0.871377 -0.192158 0.451417 1.00735 2.00202 0.81282</i>
                        <i>-0.139139 0.977669 0.157489 -0.471511 0.0744441 -0.878712 -0.870814 -0.196521 0.450624 1.00707 2.00366 0.812975</i>
                        <i>-0.142348 0.976703 0.16059 -0.471599 0.0757201 -0.878556 -0.870248 -0.200794 0.449834 1.00673 2.00532 0.813155</i>
                        <i>-0.145499 0.97573 0.163646 -0.471721 0.0769768 -0.878382 -0.869661 -0.204999 0.449072 1.00635 2.00696 0.813363</i>
                        <i>-0.148657 0.974764 0.166541 -0.471887 0.0780759 -0.878195 -0.869036 -0.209138 0.448372 1.00592 2.00856 0.813599</i>
                        <i>-0.151868 0.973824 0.169122 -0.472111 0.0788556 -0.878005 -0.868359 -0.213186 0.447777 1.00542 2.01009 0.813865</i>
                        <i>-0.155172 0.972937 0.171215 -0.472401 0.0791344 -0.877824 -0.867617 -0.217096 0.447337 1.00487 2.01152 0.814165</i>
                        <i>-0.158706 0.972173 0.172314 -0.47278 0.0783858 -0.877687 -0.86677 -0.220761 0.447184 1.00426 2.01283 0.814499</i>
                        <i>-0.16235 0.97156 0.172376 -0.473234 0.0766267 -0.877598 -0.865848 -0.224052 0.447335 1.00357 2.01398 0.814869</i>
                        <i>-0.165746 0.971068 0.171916 -0.473719 0.074498 -0.87752 -0.864939 -0.226885 0.447666 1.00282 2.01494 0.815278</i>
                        <i>-0.168485 0.970681 0.171438 -0.474205 0.072655 -0.877411 -0.864143 -0.229127 0.448061 1.00199 2.01569 0.815727</i>
                        <i>-0.170114 0.970399 0.171428 -0.474681 0.0717558 -0.877228 -0.863562 -0.230603 0.448424 1.00108 2.01619 0.816219</i>
                        <i>-0.172414 0.96982 0.172403 -0.47582 0.0712502 -0.876652 -0.862478 -0.23318 0.449175 0.998778 2.02018 0.817469</i>
                        <i>-0.176649 0.968727 0.174252 -0.477726 0.0704018 -0.875683 -0.860565 -0.237933 0.45035 0.994809 2.02841 0.81962</i>
                        <i>-0.181279 0.967493 0.176339 -0.479596 0.0695692 -0.874727 -0.85856 -0.243141 0.451395 0.990787 2.0365 0.821799</i>
                        <i>-0.184204 0.966694 0.177687 -0.48069 0.0690834 -0.874165 -0.857325 -0.246437 0.451955 0.98838 2.04028 0.823102</i>
                        <i>-0.192524 0.963989 0.183466 -0.490999 0.0672443 -0.868561 -0.84962 -0.257301 0.460371 0.983376 2.04923 0.822861</i>
                        <i>-0.202024 0.960677 0.19049 -0.503612 0.0649156 -0.861488 -0.839977 -0.269974 0.470693 0.977727 2.06001 0.822045</i>
                        <i>-0.211962 0.956856 0.198743 -0.517689 0.0625523 -0.853279 -0.828897 -0.28375 0.482095 0.971741 2.06867 0.820945</i>
                        <i>-0.221633 0.952663 0.208114 -0.532437 0.0605722 -0.8443 -0.816939 -0.297932 0.493809 0.965744 2.07122 0.819832</i>
                        <i>-0.230379 0.948287 0.218349 -0.547156 0.0593198 -0.834926 -0.804703 -0.31182 0.505195 0.96008 2.06635 0.818961</i>
                        <i>-0.237602 0.94397 0.229056 -0.561243 0.0590515 -0.825542 -0.792812 -0.324706 0.515766 0.95511 2.05698 0.818565</i>
                        <i>-0.242237 0.939961 0.240405 -0.57375 0.0610318 -0.816753 -0.782388 -0.33578 0.524519 0.951536 2.04556 0.819427</i>
                        <i>-0.244223 0.936582 0.251334 -0.583707 0.0649862 -0.80936 -0.774365 -0.34437 0.530818 0.949573 2.03447 0.821396</i>
                        <i>-0.244625 0.93423 0.259564 -0.590353 0.0688557 -0.804202 -0.769182 -0.349963 0.534682 0.948775 2.02603 0.823352</i>
                        <i>-0.244532 0.933345 0.262814 -0.592778 0.0705991 -0.802266 -0.767345 -0.35197 0.536002 0.948627 2.02267 0.824236</i>
                    </KeyFrames>
                </p>
            </i>
            <i>
                <p>
                    <Name><![CDATA[spine1]]></Name>
                    <Exclude>0</Exclude>
                    <Additive>0</Additive>
                    <IKPriority>0</IKPriority>
                    <IKRotLimits>-1e+010 -1e+010 -1e+010 1e+010 1e+010 1e+010</IKRotLimits>
                    <IKRotLimitOrder>0</IKRotLimitOrder>
                    <KeyFrames count="60">
                        <i>-0.513707 0.687862 0.512787 -0.670404 0.0511579 -0.740231 -0.53541 -0.724036 0.434865 0.904858 2.18988 0.87129</i>
                        <i>-0.51625 0.690752 0.506308 -0.662153 0.0530208 -0.74749 -0.543175 -0.721146 0.430011 0.907173 2.18327 0.875493</i>
                        <i>-0.521276 0.69808 0.490872 -0.642672 0.0573203 -0.763994 -0.561466 -0.713722 0.418757 0.91307 2.16899 0.884467</i>
                        <i>-0.525102 0.707771 0.472576 -0.620092 0.0621298 -0.782065 -0.582884 -0.703704 0.406259 0.920946 2.15537 0.892749</i>
                        <i>-0.524989 0.717626 0.457601 -0.603258 0.0655222 -0.79485 -0.600388 -0.693339 0.398515 0.928998 2.15077 0.894724</i>
                        <i>-0.521155 0.727958 0.445506 -0.592214 0.0674296 -0.802954 -0.614557 -0.682298 0.395965 0.937711 2.1588 0.888065</i>
                        <i>-0.515766 0.739303 0.432917 -0.581589 0.0689045 -0.81056 -0.629079 -0.669838 0.394431 0.94784 2.17406 0.876617</i>
                        <i>-0.509984 0.749856 0.421465 -0.57265 0.0696474 -0.816836 -0.641863 -0.657925 0.393886 0.957757 2.19145 0.863796</i>
                        <i>-0.50518 0.757947 0.412686 -0.566712 0.0692959 -0.820997 -0.650869 -0.648625 0.39453 0.965777 2.206 0.852949</i>
                        <i>-0.502839 0.761996 0.408064 -0.565091 0.0674381 -0.822267 -0.654083 -0.644061 0.396687 0.970193 2.21273 0.847375</i>
                        <i>-0.50557 0.759775 0.408828 -0.567282 0.0642975 -0.82101 -0.65007 -0.646999 0.3985 0.971049 2.21228 0.846867</i>
                        <i>-0.508396 0.757642 0.409281 -0.573101 0.0570504 -0.817497 -0.64272 -0.650172 0.405201 0.97188 2.21084 0.846229</i>
                        <i>-0.510892 0.755936 0.409329 -0.580536 0.0477873 -0.812831 -0.634009 -0.652899 0.414434 0.972726 2.20856 0.845503</i>
                        <i>-0.51263 0.755007 0.40887 -0.58763 0.0386932 -0.808204 -0.62602 -0.654574 0.423829 0.97363 2.20559 0.844727</i>
                        <i>-0.513174 0.75522 0.407792 -0.592505 0.0320254 -0.80493 -0.620959 -0.654688 0.431037 0.97464 2.20211 0.843939</i>
                        <i>-0.512078 0.756944 0.405971 -0.593311 0.0300512 -0.804412 -0.621095 -0.652789 0.433714 0.975806 2.19827 0.843172</i>
                        <i>-0.509018 0.760515 0.403134 -0.590064 0.0326788 -0.806695 -0.626677 -0.648498 0.432119 0.977132 2.19424 0.842412</i>
                        <i>-0.503772 0.766225 0.398889 -0.584415 0.0377416 -0.810577 -0.636139 -0.641463 0.42878 0.978581 2.19018 0.841612</i>
                        <i>-0.496783 0.773526 0.393528 -0.576951 0.0443824 -0.815572 -0.648332 -0.632209 0.424238 0.980084 2.18623 0.840808</i>
                        <i>-0.489155 0.781211 0.387862 -0.568316 0.0518532 -0.821175 -0.661623 -0.62211 0.41861 0.98152 2.18254 0.840076</i>
                        <i>-0.481575 0.788592 0.382372 -0.559195 0.0594596 -0.826901 -0.674823 -0.612035 0.412342 0.982805 2.17928 0.839463</i>
                        <i>-0.474752 0.795026 0.377549 -0.550333 0.0666101 -0.832284 -0.686836 -0.602906 0.405906 0.983857 2.17659 0.839013</i>
                        <i>-0.468509 0.800768 0.37319 -0.542485 0.0726432 -0.836919 -0.697287 -0.594554 0.40037 0.984696 2.17463 0.838686</i>
                        <i>-0.462378 0.806319 0.368858 -0.53642 0.0768621 -0.840444 -0.706017 -0.586465 0.396987 0.985379 2.17356 0.838416</i>
                        <i>-0.456642 0.811458 0.364712 -0.532957 0.078733 -0.842471 -0.712344 -0.579084 0.396519 0.985871 2.17316 0.838206</i>
                        <i>-0.45169 0.81587 0.361014 -0.532276 0.0783088 -0.842941 -0.716001 -0.572908 0.398897 0.986195 2.17306 0.838059</i>
                        <i>-0.447887 0.819253 0.35808 -0.53371 0.076337 -0.842215 -0.717323 -0.568328 0.403053 0.986383 2.17324 0.837987</i>
                        <i>-0.445481 0.821405 0.356148 -0.536786 0.0733181 -0.840526 -0.716524 -0.565614 0.408257 0.986418 2.17369 0.838009</i>
                        <i>-0.444721 0.822117 0.355453 -0.541023 0.0697062 -0.838114 -0.713805 -0.565035 0.413784 0.986284 2.17436 0.838145</i>
                        <i>-0.445847 0.821172 0.356227 -0.545931 0.0659185 -0.835233 -0.709352 -0.566861 0.418913 0.985963 2.17524 0.838415</i>
                        <i>-0.448586 0.818778 0.358291 -0.551005 0.0622731 -0.832175 -0.703679 -0.570723 0.423216 0.985477 2.1763 0.838805</i>
                        <i>-0.452356 0.815407 0.361227 -0.555737 0.0590608 -0.829257 -0.697517 -0.575867 0.426436 0.984868 2.17751 0.839285</i>
                        <i>-0.456928 0.811216 0.364891 -0.559657 0.0566592 -0.826785 -0.691376 -0.581995 0.428114 0.984154 2.17883 0.839843</i>
                        <i>-0.462074 0.806364 0.36914 -0.562309 0.0554784 -0.825064 -0.685782 -0.588811 0.42779 0.983353 2.18024 0.840466</i>
                        <i>-0.467569 0.801016 0.373834 -0.563248 0.0559639 -0.824391 -0.681271 -0.596021 0.425004 0.982483 2.18171 0.841142</i>
                        <i>-0.473128 0.795357 0.378888 -0.560756 0.0598261 -0.825817 -0.679487 -0.603181 0.417696 0.981579 2.18321 0.841863</i>
                        <i>-0.478553 0.78956 0.384163 -0.554636 0.0673635 -0.829362 -0.68071 -0.609965 0.405682 0.980653 2.18471 0.842617</i>
                        <i>-0.483756 0.783781 0.389444 -0.546716 0.0768525 -0.833784 -0.683434 -0.616263 0.391328 0.979692 2.18618 0.843386</i>
                        <i>-0.488647 0.778193 0.394512 -0.538836 0.0864639 -0.837962 -0.686207 -0.622045 0.377068 0.978681 2.18758 0.844149</i>
                        <i>-0.493132 0.772987 0.399139 -0.532873 0.0942719 -0.840928 -0.687654 -0.627379 0.365415 0.97761 2.18887 0.844878</i>
                        <i>-0.497114 0.768371 0.403092 -0.530713 0.0982752 -0.841834 -0.686455 -0.632415 0.358931 0.97647 2.19002 0.84554</i>
                        <i>-0.500539 0.764589 0.406035 -0.534566 0.0959486 -0.839662 -0.680955 -0.637336 0.360697 0.975234 2.19101 0.846045</i>
                        <i>-0.503186 0.761866 0.407878 -0.543144 0.0882949 -0.834984 -0.672159 -0.641689 0.369374 0.973921 2.19181 0.846386</i>
                        <i>-0.504709 0.760389 0.408751 -0.553145 0.0786779 -0.829362 -0.662797 -0.644685 0.380896 0.972595 2.19238 0.846659</i>
                        <i>-0.504729 0.760362 0.408777 -0.561446 0.0705689 -0.824499 -0.655765 -0.645655 0.391284 0.971326 2.1927 0.846958</i>
                        <i>-0.502839 0.761996 0.408064 -0.565091 0.0674381 -0.822267 -0.654083 -0.644061 0.396687 0.970193 2.19273 0.847375</i>
                        <i>-0.495451 0.768208 0.405445 -0.565952 0.0686054 -0.821579 -0.658959 -0.636514 0.400779 0.967658 2.19552 0.848611</i>
                        <i>-0.482203 0.779104 0.400596 -0.5675 0.0705637 -0.820344 -0.667401 -0.62291 0.408116 0.963244 2.20173 0.850774</i>
                        <i>-0.468103 0.790358 0.395239 -0.569153 0.072487 -0.819031 -0.675977 -0.608342 0.415903 0.958715 2.20783 0.853009</i>
                        <i>-0.459342 0.797173 0.391816 -0.570182 0.0736115 -0.818214 -0.6811 -0.599247 0.420721 0.955979 2.21045 0.854367</i>
                        <i>-0.459303 0.790942 0.404292 -0.581068 0.0767227 -0.81023 -0.671864 -0.607062 0.424352 0.949537 2.21878 0.855117</i>
                        <i>-0.46129 0.780438 0.422052 -0.594711 0.0810333 -0.799845 -0.65843 -0.61996 0.426756 0.942182 2.22916 0.85557</i>
                        <i>-0.464587 0.766789 0.442938 -0.609917 0.0855544 -0.787834 -0.641998 -0.636172 0.42793 0.93436 2.23754 0.856003</i>
                        <i>-0.468694 0.751189 0.464803 -0.62552 0.0893016 -0.775081 -0.623739 -0.654019 0.428029 0.926533 2.2399 0.856661</i>
                        <i>-0.473439 0.7349 0.48557 -0.640432 0.0912727 -0.762572 -0.604733 -0.672006 0.427441 0.919176 2.23486 0.857739</i>
                        <i>-0.478998 0.719236 0.50325 -0.653645 0.0904254 -0.75138 -0.585926 -0.688856 0.426811 0.912779 2.2253 0.859383</i>
                        <i>-0.487788 0.706018 0.513421 -0.663095 0.0828611 -0.743935 -0.567774 -0.703329 0.427739 0.908276 2.21357 0.862371</i>
                        <i>-0.499308 0.696204 0.515744 -0.668157 0.0695595 -0.740762 -0.551596 -0.714466 0.430442 0.905901 2.2021 0.866351</i>
                        <i>-0.509381 0.690017 0.514205 -0.670101 0.0568406 -0.74009 -0.539903 -0.721558 0.433428 0.905 2.19336 0.869813</i>
                        <i>-0.513707 0.687862 0.512787 -0.670404 0.0511579 -0.740231 -0.53541 -0.724036 0.434865 0.904858 2.18988 0.87129</i>
                    </KeyFrames>
                </p>
            </i>
            <i>
                <p>
                    <Name><![CDATA[spine2]]></Name>
                    <Exclude>0</Exclude>
                    <Additive>0</Additive>
                    <IKPriority>0</IKPriority>
                    <IKRotLimits>-1e+010 -1e+010 -1e+010 1e+010 1e+010 1e+010</IKRotLimits>
                    <IKRotLimitOrder>0</IKRotLimitOrder>
                    <KeyFrames count="60">
                        <i>-0.631667 0.52391 0.571414 -0.696254 -0.0592519 -0.715345 -0.340919 -0.84971 0.402202 0.820247 2.30296 0.955875</i>
                        <i>-0.635634 0.527409 0.563746 -0.688629 -0.0572867 -0.722847 -0.348941 -0.847678 0.399602 0.822109 2.29686 0.959042</i>
                        <i>-0.64404 0.536301 0.545521 -0.670648 -0.0527587 -0.739897 -0.368027 -0.842376 0.393648 0.827083 2.28391 0.965558</i>
                        <i>-0.651889 0.548105 0.524043 -0.64989 -0.0477166 -0.758529 -0.390748 -0.835047 0.387314 0.834184 2.27206 0.970944</i>
                        <i>-0.655225 0.56015 0.506865 -0.634648 -0.044226 -0.771535 -0.409758 -0.82721 0.384476 0.84208 2.26931 0.970593</i>
                        <i>-0.654333 0.572801 0.493708 -0.62513 -0.0423551 -0.779371 -0.425513 -0.8186 0.385789 0.851233 2.27931 0.962095</i>
                        <i>-0.651896 0.586756 0.480364 -0.616382 -0.041019 -0.786379 -0.441708 -0.808725 0.388405 0.862054 2.29672 0.948726</i>
                        <i>-0.648616 0.59982 0.468522 -0.609486 -0.0406251 -0.791755 -0.455877 -0.799103 0.391932 0.872734 2.31615 0.934163</i>
                        <i>-0.645425 0.609908 0.459825 -0.60555 -0.041657 -0.794716 -0.465549 -0.791377 0.396216 0.881374 2.3323 0.922</i>
                        <i>-0.643376 0.615011 0.455883 -0.605649 -0.0446691 -0.794477 -0.468248 -0.787252 0.40122 0.886028 2.33993 0.915781</i>
                        <i>-0.644082 0.613316 0.457167 -0.609211 -0.0498282 -0.791441 -0.462624 -0.788264 0.405732 0.886252 2.33937 0.915548</i>
                        <i>-0.644308 0.611002 0.45994 -0.618198 -0.0620548 -0.783569 -0.450221 -0.789193 0.417703 0.886454 2.3378 0.915125</i>
                        <i>-0.644093 0.608742 0.463225 -0.629405 -0.0775889 -0.773195 -0.434735 -0.789565 0.43312 0.886747 2.33543 0.914532</i>
                        <i>-0.643514 0.607169 0.466084 -0.639893 -0.0925942 -0.762865 -0.420032 -0.789159 0.448109 0.887246 2.33248 0.913788</i>
                        <i>-0.642692 0.606861 0.467619 -0.64707 -0.103187 -0.755416 -0.41018 -0.788082 0.458999 0.888069 2.32917 0.912906</i>
                        <i>-0.641761 0.608359 0.466949 -0.648518 -0.105502 -0.753853 -0.40935 -0.786618 0.462239 0.88934 2.32574 0.911899</i>
                        <i>-0.640283 0.612291 0.46383 -0.644441 -0.0995863 -0.758141 -0.418012 -0.784336 0.458349 0.891116 2.3224 0.910705</i>
                        <i>-0.637319 0.619388 0.458457 -0.637201 -0.0890133 -0.76554 -0.433357 -0.780022 0.451405 0.893404 2.31936 0.909212</i>
                        <i>-0.632974 0.629098 0.451198 -0.627373 -0.0753515 -0.775065 -0.453593 -0.773665 0.442375 0.896056 2.31669 0.90751</i>
                        <i>-0.628017 0.639821 0.442971 -0.615546 -0.0601507 -0.785802 -0.476127 -0.766167 0.431615 0.89876 2.31432 0.905818</i>
                        <i>-0.622829 0.650689 0.434382 -0.602559 -0.0448288 -0.796815 -0.499006 -0.75802 0.419999 0.901309 2.31232 0.90427</i>
                        <i>-0.617844 0.660851 0.426081 -0.58947 -0.0306639 -0.807208 -0.520379 -0.74989 0.408498 0.903498 2.31074 0.902998</i>
                        <i>-0.612863 0.67045 0.418204 -0.577545 -0.0188565 -0.816141 -0.539296 -0.741715 0.398772 0.905387 2.30975 0.901923</i>
                        <i>-0.607483 0.679911 0.410714 -0.568158 -0.0105745 -0.822852 -0.555123 -0.733219 0.39272 0.907117 2.3096 0.900899</i>
                        <i>-0.601882 0.688828 0.404047 -0.56275 -0.00685936 -0.826598 -0.566613 -0.724892 0.391767 0.908609 2.31001 0.899958</i>
                        <i>-0.596441 0.696782 0.398438 -0.561714 -0.00775454 -0.827295 -0.573355 -0.717241 0.396017 0.909807 2.3106 0.899156</i>
                        <i>-0.591685 0.70335 0.393964 -0.564007 -0.011979 -0.825683 -0.576025 -0.710743 0.403782 0.910673 2.31129 0.898564</i>
                        <i>-0.588026 0.708151 0.390828 -0.568868 -0.0185874 -0.822219 -0.574991 -0.705816 0.413774 0.911144 2.31205 0.898243</i>
                        <i>-0.585871 0.71081 0.389235 -0.575463 -0.0267156 -0.817391 -0.570612 -0.702876 0.424697 0.911159 2.31282 0.898255</i>
                        <i>-0.585617 0.710937 0.389385 -0.582924 -0.0355692 -0.811748 -0.563252 -0.702355 0.435252 0.910657 2.31353 0.898659</i>
                        <i>-0.587091 0.70882 0.391022 -0.590403 -0.0444425 -0.805884 -0.553849 -0.703988 0.444581 0.909706 2.3142 0.89941</i>
                        <i>-0.589776 0.705145 0.393619 -0.597127 -0.0526294 -0.800419 -0.543695 -0.707108 0.4521 0.908454 2.31486 0.900401</i>
                        <i>-0.593538 0.700093 0.396967 -0.602376 -0.0593437 -0.796003 -0.533719 -0.711582 0.456942 0.906957 2.3155 0.901594</i>
                        <i>-0.598244 0.693838 0.400866 -0.605495 -0.063747 -0.793292 -0.524862 -0.717304 0.458252 0.905273 2.31611 0.902951</i>
                        <i>-0.603759 0.686555 0.405114 -0.605875 -0.0649417 -0.792905 -0.518064 -0.724172 0.455176 0.903461 2.3167 0.904433</i>
                        <i>-0.61018 0.678319 0.409346 -0.600972 -0.05961 -0.797044 -0.516249 -0.732345 0.444024 0.901602 2.31727 0.906013</i>
                        <i>-0.617314 0.669359 0.413379 -0.590557 -0.0471095 -0.80562 -0.519774 -0.741444 0.424376 0.899745 2.31781 0.907656</i>
                        <i>-0.624617 0.660088 0.417297 -0.577448 -0.0306491 -0.815852 -0.525745 -0.750563 0.40031 0.897897 2.3183 0.909304</i>
                        <i>-0.631576 0.650902 0.421233 -0.564509 -0.0136442 -0.825314 -0.531451 -0.759039 0.376058 0.896068 2.31872 0.910897</i>
                        <i>-0.637717 0.642156 0.425385 -0.554707 0.000300846 -0.832045 -0.534431 -0.766574 0.356017 0.894269 2.31908 0.912368</i>
                        <i>-0.642587 0.634177 0.430001 -0.551043 0.00743974 -0.834444 -0.532384 -0.773152 0.344678 0.892515 2.31936 0.913644</i>
                        <i>-0.645512 0.627141 0.4359 -0.557206 0.00362615 -0.830367 -0.522338 -0.778897 0.347106 0.890791 2.31958 0.91458</i>
                        <i>-0.646459 0.621299 0.442808 -0.571066 -0.00915811 -0.820853 -0.50594 -0.78352 0.360723 0.889155 2.31975 0.915151</i>
                        <i>-0.645977 0.617091 0.449346 -0.587049 -0.0253283 -0.809155 -0.487941 -0.786484 0.378624 0.887726 2.31987 0.915469</i>
                        <i>-0.64471 0.614895 0.45415 -0.600107 -0.0391042 -0.798964 -0.47352 -0.787638 0.394214 0.886636 2.31993 0.915644</i>
                        <i>-0.643376 0.615011 0.455883 -0.605649 -0.0446691 -0.794477 -0.468248 -0.787252 0.40122 0.886028 2.31993 0.915781</i>
                        <i>-0.640576 0.618402 0.455237 -0.60633 -0.0435526 -0.79402 -0.471197 -0.784654 0.402854 0.885249 2.32298 0.916155</i>
                        <i>-0.635464 0.624584 0.453961 -0.607526 -0.0415851 -0.793211 -0.476548 -0.77985 0.405876 0.883883 2.3297 0.916813</i>
                        <i>-0.6299 0.631281 0.45245 -0.608767 -0.0395354 -0.792363 -0.482316 -0.774546 0.409206 0.882471 2.33637 0.917498</i>
                        <i>-0.626382 0.635493 0.451436 -0.609524 -0.0382827 -0.791843 -0.485928 -0.771157 0.411328 0.881613 2.33934 0.917915</i>
                        <i>-0.625119 0.627812 0.463766 -0.619259 -0.0372364 -0.784304 -0.475126 -0.777474 0.412055 0.875243 2.34657 0.92063</i>
                        <i>-0.623973 0.61647 0.480231 -0.631575 -0.0359406 -0.774481 -0.460185 -0.786558 0.411773 0.867493 2.35537 0.924022</i>
                        <i>-0.622745 0.602549 0.499123 -0.645331 -0.0348378 -0.763108 -0.442421 -0.797321 0.410538 0.858961 2.36182 0.928006</i>
                        <i>-0.621406 0.587147 0.51876 -0.659403 -0.034345 -0.751005 -0.423133 -0.808751 0.408509 0.850222 2.36203 0.932456</i>
                        <i>-0.620164 0.571364 0.537531 -0.672709 -0.0348423 -0.739086 -0.403559 -0.819957 0.40597 0.841816 2.35475 0.937198</i>
                        <i>-0.619462 0.556285 0.553908 -0.684216 -0.0366788 -0.728356 -0.384857 -0.830182 0.40334 0.834242 2.34302 0.942013</i>
                        <i>-0.621217 0.543135 0.564883 -0.691905 -0.0417323 -0.720781 -0.367908 -0.838608 0.401723 0.828108 2.32939 0.94687</i>
                        <i>-0.625415 0.532886 0.56999 -0.695422 -0.0493523 -0.716905 -0.353898 -0.844746 0.401447 0.823735 2.31645 0.951343</i>
                        <i>-0.629697 0.526257 0.571432 -0.696324 -0.0562488 -0.715521 -0.344405 -0.848463 0.401865 0.821121 2.30677 0.954611</i>
                        <i>-0.631667 0.52391 0.571414 -0.696254 -0.0592519 -0.715345 -0.340919 -0.84971 0.402202 0.820247 2.30296 0.955875</i>
                    </KeyFrames>
                </p>
            </i>
            <i>
                <p>
                    <Name><![CDATA[head]]></Name>
                    <Exclude>0</Exclude>
                    <Additive>0</Additive>
                    <IKPriority>0</IKPriority>
                    <IKRotLimits>-1e+010 -1e+010 -1e+010 1e+010 1e+010 1e+010</IKRotLimits>
                    <IKRotLimitOrder>0</IKRotLimitOrder>
                    <KeyFrames count="60">
                        <i>-0.156546 0.977408 0.142014 0.352847 0.189643 -0.916261 -0.922492 -0.0933276 -0.374564 0.659566 2.45369 1.09549</i>
                        <i>-0.169847 0.959694 0.223916 0.387915 0.273983 -0.880031 -0.90591 -0.0626102 -0.418815 0.660511 2.4485 1.09668</i>
                        <i>-0.228786 0.893211 0.387079 0.469293 0.44957 -0.760034 -0.85289 0.00776846 -0.522033 0.663562 2.43785 1.0985</i>
                        <i>-0.338542 0.791679 0.50856 0.548681 0.605168 -0.576819 -0.76442 0.0837598 -0.639254 0.668905 2.42908 1.09835</i>
                        <i>-0.436092 0.729581 0.526816 0.606019 0.670863 -0.427415 -0.665255 0.132868 -0.734698 0.676108 2.42949 1.09353</i>
                        <i>-0.480671 0.743936 0.464237 0.678175 0.650987 -0.341019 -0.555909 0.150916 -0.817429 0.685589 2.44282 1.08157</i>
                        <i>-0.490254 0.790325 0.367473 0.763313 0.592847 -0.256682 -0.420718 0.154658 -0.893911 0.697161 2.46388 1.06469</i>
                        <i>-0.466846 0.840961 0.273566 0.837228 0.519917 -0.169513 -0.284786 0.149901 -0.946798 0.708804 2.48674 1.04701</i>
                        <i>-0.428669 0.879323 0.207448 0.885842 0.454205 -0.0947714 -0.177559 0.143141 -0.973644 0.718347 2.50557 1.03258</i>
                        <i>-0.400807 0.898616 0.178447 0.907306 0.416348 -0.0587422 -0.127083 0.138362 -0.982194 0.723537 2.51461 1.02537</i>
                        <i>-0.400775 0.898712 0.178034 0.906427 0.417225 -0.0656761 -0.133304 0.135054 -0.98183 0.723522 2.51386 1.02557</i>
                        <i>-0.400275 0.899172 0.176833 0.904244 0.418864 -0.0830415 -0.148737 0.126661 -0.980731 0.723562 2.51188 1.02598</i>
                        <i>-0.398711 0.90025 0.174869 0.901456 0.419772 -0.105677 -0.168541 0.115502 -0.978904 0.723786 2.50905 1.02636</i>
                        <i>-0.395449 0.90219 0.172261 0.899044 0.418595 -0.128444 -0.187988 0.104077 -0.976641 0.724312 2.50576 1.02649</i>
                        <i>-0.389784 0.905206 0.169322 0.898359 0.414195 -0.146262 -0.20253 0.0951017 -0.974647 0.725253 2.50241 1.02612</i>
                        <i>-0.38092 0.909473 0.166608 0.900971 0.40559 -0.154106 -0.20773 0.0914063 -0.973906 0.726715 2.49938 1.02502</i>
                        <i>-0.368821 0.914909 0.164051 0.90692 0.392878 -0.152129 -0.203636 0.0926727 -0.974651 0.728889 2.49705 1.02308</i>
                        <i>-0.354231 0.921265 0.160597 0.914802 0.377009 -0.144919 -0.194055 0.0955793 -0.976323 0.73204 2.49584 1.0202</i>
                        <i>-0.338733 0.927799 0.156359 0.923446 0.359678 -0.133713 -0.180297 0.0990963 -0.978608 0.735987 2.49566 1.01657</i>
                        <i>-0.325024 0.933383 0.152167 0.931406 0.343814 -0.11948 -0.163838 0.102895 -0.981106 0.740187 2.49607 1.01266</i>
                        <i>-0.314841 0.937511 0.148152 0.937824 0.331309 -0.103544 -0.146157 0.106341 -0.983529 0.74432 2.49689 1.00877</i>
                        <i>-0.308847 0.940101 0.144302 0.942346 0.323009 -0.0874635 -0.128836 0.10897 -0.985661 0.748051 2.49796 1.00519</i>
                        <i>-0.306552 0.941505 0.139981 0.945072 0.318583 -0.0731024 -0.113422 0.109882 -0.987452 0.751487 2.4995 1.0019</i>
                        <i>-0.307148 0.942113 0.134477 0.946235 0.317401 -0.0624138 -0.101484 0.108076 -0.988949 0.754872 2.50181 0.998716</i>
                        <i>-0.310521 0.941932 0.12783 0.945835 0.319569 -0.0571911 -0.0947205 0.103147 -0.990146 0.758062 2.50452 0.995801</i>
