<?xml version="1.0" encoding="ISO-8859-1" ?>
<Animl Version="1">
    <ModellingPackage><![CDATA[Maya.2010]]></ModellingPackage>
    <SrcFile><![CDATA[anims\turrets\antitank\red\~src\at_b10_recoilless\b10recoilless_idle_crewman_a.mb]]></SrcFile>
    <FramesPerSecond>30</FramesPerSecond>
    <TotalFrames>120</TotalFrames>
    <Skeleton>
        <RefFrame>
            <Name><![CDATA[soldier_ref_frame]]></Name>
            <Exclude>0</Exclude>
            <Additive>0</Additive>
            <IKPriority>0</IKPriority>
            <IKRotLimits>-1e+010 -1e+010 -1e+010 1e+010 1e+010 1e+010</IKRotLimits>
            <IKRotLimitOrder>0</IKRotLimitOrder>
            <KeyFrames count="120">
                <i>1 0 0 0 1 0 0 0 1 0.96 0.94 0.91</i>
                <i>1 0 0 0 1 0 0 0 1 0.96 0.94 0.91</i>
                <i>1 0 0 0 1 0 0 0 1 0.96 0.94 0.91</i>
                <i>1 0 0 0 1 0 0 0 1 0.96 0.94 0.91</i>
                <i>1 0 0 0 1 0 0 0 1 0.96 0.94 0.91</i>
                <i>1 0 0 0 1 0 0 0 1 0.96 0.94 0.91</i>
                <i>1 0 0 0 1 0 0 0 1 0.96 0.94 0.91</i>
                <i>1 0 0 0 1 0 0 0 1 0.96 0.94 0.91</i>
                <i>1 0 0 0 1 0 0 0 1 0.96 0.94 0.91</i>
                <i>1 0 0 0 1 0 0 0 1 0.96 0.94 0.91</i>
                <i>1 0 0 0 1 0 0 0 1 0.96 0.94 0.91</i>
                <i>1 0 0 0 1 0 0 0 1 0.96 0.94 0.91</i>
                <i>1 0 0 0 1 0 0 0 1 0.96 0.94 0.91</i>
                <i>1 0 0 0 1 0 0 0 1 0.96 0.94 0.91</i>
                <i>1 0 0 0 1 0 0 0 1 0.96 0.94 0.91</i>
                <i>1 0 0 0 1 0 0 0 1 0.96 0.94 0.91</i>
                <i>1 0 0 0 1 0 0 0 1 0.96 0.94 0.91</i>
                <i>1 0 0 0 1 0 0 0 1 0.96 0.94 0.91</i>
                <i>1 0 0 0 1 0 0 0 1 0.96 0.94 0.91</i>
                <i>1 0 0 0 1 0 0 0 1 0.96 0.94 0.91</i>
                <i>1 0 0 0 1 0 0 0 1 0.96 0.94 0.91</i>
                <i>1 0 0 0 1 0 0 0 1 0.96 0.94 0.91</i>
                <i>1 0 0 0 1 0 0 0 1 0.96 0.94 0.91</i>
                <i>1 0 0 0 1 0 0 0 1 0.96 0.94 0.91</i>
                <i>1 0 0 0 1 0 0 0 1 0.96 0.94 0.91</i>
                <i>1 0 0 0 1 0 0 0 1 0.96 0.94 0.91</i>
                <i>1 0 0 0 1 0 0 0 1 0.96 0.94 0.91</i>
                <i>1 0 0 0 1 0 0 0 1 0.96 0.94 0.91</i>
                <i>1 0 0 0 1 0 0 0 1 0.96 0.94 0.91</i>
                <i>1 0 0 0 1 0 0 0 1 0.96 0.94 0.91</i>
                <i>1 0 0 0 1 0 0 0 1 0.96 0.94 0.91</i>
                <i>1 0 0 0 1 0 0 0 1 0.96 0.94 0.91</i>
                <i>1 0 0 0 1 0 0 0 1 0.96 0.94 0.91</i>
                <i>1 0 0 0 1 0 0 0 1 0.96 0.94 0.91</i>
                <i>1 0 0 0 1 0 0 0 1 0.96 0.94 0.91</i>
                <i>1 0 0 0 1 0 0 0 1 0.96 0.94 0.91</i>
                <i>1 0 0 0 1 0 0 0 1 0.96 0.94 0.91</i>
                <i>1 0 0 0 1 0 0 0 1 0.96 0.94 0.91</i>
                <i>1 0 0 0 1 0 0 0 1 0.96 0.94 0.91</i>
                <i>1 0 0 0 1 0 0 0 1 0.96 0.94 0.91</i>
                <i>1 0 0 0 1 0 0 0 1 0.96 0.94 0.91</i>
                <i>1 0 0 0 1 0 0 0 1 0.96 0.94 0.91</i>
                <i>1 0 0 0 1 0 0 0 1 0.96 0.94 0.91</i>
                <i>1 0 0 0 1 0 0 0 1 0.96 0.94 0.91</i>
                <i>1 0 0 0 1 0 0 0 1 0.96 0.94 0.91</i>
                <i>1 0 0 0 1 0 0 0 1 0.96 0.94 0.91</i>
                <i>1 0 0 0 1 0 0 0 1 0.96 0.94 0.91</i>
                <i>1 0 0 0 1 0 0 0 1 0.96 0.94 0.91</i>
                <i>1 0 0 0 1 0 0 0 1 0.96 0.94 0.91</i>
                <i>1 0 0 0 1 0 0 0 1 0.96 0.94 0.91</i>
                <i>1 0 0 0 1 0 0 0 1 0.96 0.94 0.91</i>
                <i>1 0 0 0 1 0 0 0 1 0.96 0.94 0.91</i>
                <i>1 0 0 0 1 0 0 0 1 0.96 0.94 0.91</i>
                <i>1 0 0 0 1 0 0 0 1 0.96 0.94 0.91</i>
                <i>1 0 0 0 1 0 0 0 1 0.96 0.94 0.91</i>
                <i>1 0 0 0 1 0 0 0 1 0.96 0.94 0.91</i>
                <i>1 0 0 0 1 0 0 0 1 0.96 0.94 0.91</i>
                <i>1 0 0 0 1 0 0 0 1 0.96 0.94 0.91</i>
                <i>1 0 0 0 1 0 0 0 1 0.96 0.94 0.91</i>
                <i>1 0 0 0 1 0 0 0 1 0.96 0.94 0.91</i>
                <i>1 0 0 0 1 0 0 0 1 0.96 0.94 0.91</i>
                <i>1 0 0 0 1 0 0 0 1 0.96 0.94 0.91</i>
                <i>1 0 0 0 1 0 0 0 1 0.96 0.94 0.91</i>
                <i>1 0 0 0 1 0 0 0 1 0.96 0.94 0.91</i>
                <i>1 0 0 0 1 0 0 0 1 0.96 0.94 0.91</i>
                <i>1 0 0 0 1 0 0 0 1 0.96 0.94 0.91</i>
                <i>1 0 0 0 1 0 0 0 1 0.96 0.94 0.91</i>
                <i>1 0 0 0 1 0 0 0 1 0.96 0.94 0.91</i>
                <i>1 0 0 0 1 0 0 0 1 0.96 0.94 0.91</i>
                <i>1 0 0 0 1 0 0 0 1 0.96 0.94 0.91</i>
                <i>1 0 0 0 1 0 0 0 1 0.96 0.94 0.91</i>
                <i>1 0 0 0 1 0 0 0 1 0.96 0.94 0.91</i>
                <i>1 0 0 0 1 0 0 0 1 0.96 0.94 0.91</i>
                <i>1 0 0 0 1 0 0 0 1 0.96 0.94 0.91</i>
                <i>1 0 0 0 1 0 0 0 1 0.96 0.94 0.91</i>
                <i>1 0 0 0 1 0 0 0 1 0.96 0.94 0.91</i>
                <i>1 0 0 0 1 0 0 0 1 0.96 0.94 0.91</i>
                <i>1 0 0 0 1 0 0 0 1 0.96 0.94 0.91</i>
                <i>1 0 0 0 1 0 0 0 1 0.96 0.94 0.91</i>
                <i>1 0 0 0 1 0 0 0 1 0.96 0.94 0.91</i>
                <i>1 0 0 0 1 0 0 0 1 0.96 0.94 0.91</i>
                <i>1 0 0 0 1 0 0 0 1 0.96 0.94 0.91</i>
                <i>1 0 0 0 1 0 0 0 1 0.96 0.94 0.91</i>
                <i>1 0 0 0 1 0 0 0 1 0.96 0.94 0.91</i>
                <i>1 0 0 0 1 0 0 0 1 0.96 0.94 0.91</i>
                <i>1 0 0 0 1 0 0 0 1 0.96 0.94 0.91</i>
                <i>1 0 0 0 1 0 0 0 1 0.96 0.94 0.91</i>
                <i>1 0 0 0 1 0 0 0 1 0.96 0.94 0.91</i>
                <i>1 0 0 0 1 0 0 0 1 0.96 0.94 0.91</i>
                <i>1 0 0 0 1 0 0 0 1 0.96 0.94 0.91</i>
                <i>1 0 0 0 1 0 0 0 1 0.96 0.94 0.91</i>
                <i>1 0 0 0 1 0 0 0 1 0.96 0.94 0.91</i>
                <i>1 0 0 0 1 0 0 0 1 0.96 0.94 0.91</i>
                <i>1 0 0 0 1 0 0 0 1 0.96 0.94 0.91</i>
                <i>1 0 0 0 1 0 0 0 1 0.96 0.94 0.91</i>
                <i>1 0 0 0 1 0 0 0 1 0.96 0.94 0.91</i>
                <i>1 0 0 0 1 0 0 0 1 0.96 0.94 0.91</i>
                <i>1 0 0 0 1 0 0 0 1 0.96 0.94 0.91</i>
                <i>1 0 0 0 1 0 0 0 1 0.96 0.94 0.91</i>
                <i>1 0 0 0 1 0 0 0 1 0.96 0.94 0.91</i>
                <i>1 0 0 0 1 0 0 0 1 0.96 0.94 0.91</i>
                <i>1 0 0 0 1 0 0 0 1 0.96 0.94 0.91</i>
                <i>1 0 0 0 1 0 0 0 1 0.96 0.94 0.91</i>
                <i>1 0 0 0 1 0 0 0 1 0.96 0.94 0.91</i>
                <i>1 0 0 0 1 0 0 0 1 0.96 0.94 0.91</i>
                <i>1 0 0 0 1 0 0 0 1 0.96 0.94 0.91</i>
                <i>1 0 0 0 1 0 0 0 1 0.96 0.94 0.91</i>
                <i>1 0 0 0 1 0 0 0 1 0.96 0.94 0.91</i>
                <i>1 0 0 0 1 0 0 0 1 0.96 0.94 0.91</i>
                <i>1 0 0 0 1 0 0 0 1 0.96 0.94 0.91</i>
                <i>1 0 0 0 1 0 0 0 1 0.96 0.94 0.91</i>
                <i>1 0 0 0 1 0 0 0 1 0.96 0.94 0.91</i>
                <i>1 0 0 0 1 0 0 0 1 0.96 0.94 0.91</i>
                <i>1 0 0 0 1 0 0 0 1 0.96 0.94 0.91</i>
                <i>1 0 0 0 1 0 0 0 1 0.96 0.94 0.91</i>
                <i>1 0 0 0 1 0 0 0 1 0.96 0.94 0.91</i>
                <i>1 0 0 0 1 0 0 0 1 0.96 0.94 0.91</i>
                <i>1 0 0 0 1 0 0 0 1 0.96 0.94 0.91</i>
                <i>1 0 0 0 1 0 0 0 1 0.96 0.94 0.91</i>
                <i>1 0 0 0 1 0 0 0 1 0.96 0.94 0.91</i>
            </KeyFrames>
        </RefFrame>
        <Bones count="23">
            <i>
                <p>
                    <Name><![CDATA[pelvis]]></Name>
                    <Exclude>0</Exclude>
                    <Additive>0</Additive>
                    <IKPriority>0</IKPriority>
                    <IKRotLimits>-1e+010 -1e+010 -1e+010 1e+010 1e+010 1e+010</IKRotLimits>
                    <IKRotLimitOrder>2</IKRotLimitOrder>
                    <KeyFrames count="120">
                        <i>1 0 0 0 1 0 0 0 1 0.926876 1.8811 0.837703</i>
                        <i>1 0 0 0 1 0 0 0 1 0.926876 1.88106 0.837703</i>
                        <i>1 0 0 0 1 0 0 0 1 0.926876 1.88096 0.837703</i>
                        <i>1 0 0 0 1 0 0 0 1 0.926876 1.8808 0.837703</i>
                        <i>1 0 0 0 1 0 0 0 1 0.926876 1.88059 0.837703</i>
                        <i>1 0 0 0 1 0 0 0 1 0.926876 1.88035 0.837703</i>
                        <i>1 0 0 0 1 0 0 0 1 0.926876 1.88006 0.837703</i>
                        <i>1 0 0 0 1 0 0 0 1 0.926876 1.87974 0.837703</i>
                        <i>1 0 0 0 1 0 0 0 1 0.926876 1.87939 0.837703</i>
                        <i>1 0 0 0 1 0 0 0 1 0.926876 1.87901 0.837703</i>
                        <i>1 0 0 0 1 0 0 0 1 0.926876 1.87862 0.837703</i>
                        <i>1 0 0 0 1 0 0 0 1 0.926876 1.87821 0.837703</i>
                        <i>1 0 0 0 1 0 0 0 1 0.926876 1.87779 0.837703</i>
                        <i>1 0 0 0 1 0 0 0 1 0.926876 1.87737 0.837703</i>
                        <i>1 0 0 0 1 0 0 0 1 0.926876 1.87695 0.837703</i>
                        <i>1 0 0 0 1 0 0 0 1 0.926876 1.8758 0.837703</i>
                        <i>1 0 0 0 1 0 0 0 1 0.926876 1.87357 0.837703</i>
                        <i>1 0 0 0 1 0 0 0 1 0.926876 1.87073 0.837703</i>
                        <i>1 0 0 0 1 0 0 0 1 0.926876 1.86778 0.837703</i>
                        <i>1 0 0 0 1 0 0 0 1 0.926876 1.8652 0.837703</i>
                        <i>1 0 0 0 1 0 0 0 1 0.926876 1.86274 0.837703</i>
                        <i>1 0 0 0 1 0 0 0 1 0.926876 1.86009 0.837703</i>
                        <i>1 0 0 0 1 0 0 0 1 0.926876 1.85761 0.837703</i>
                        <i>1 0 0 0 1 0 0 0 1 0.926876 1.85565 0.837703</i>
                        <i>1 0 0 0 1 0 0 0 1 0.926876 1.85458 0.837703</i>
                        <i>1 0 0 0 1 0 0 0 1 0.926876 1.85403 0.837703</i>
                        <i>1 0 0 0 1 0 0 0 1 0.926876 1.85341 0.837703</i>
                        <i>1 0 0 0 1 0 0 0 1 0.926876 1.85273 0.837703</i>
                        <i>1 0 0 0 1 0 0 0 1 0.926876 1.85204 0.837703</i>
                        <i>1 0 0 0 1 0 0 0 1 0.926876 1.85135 0.837703</i>
                        <i>1 0 0 0 1 0 0 0 1 0.926876 1.85069 0.837703</i>
                        <i>1 0 0 0 1 0 0 0 1 0.926876 1.85009 0.837703</i>
                        <i>1 0 0 0 1 0 0 0 1 0.926876 1.84959 0.837703</i>
                        <i>1 0 0 0 1 0 0 0 1 0.926876 1.84921 0.837703</i>
                        <i>1 0 0 0 1 0 0 0 1 0.926876 1.84897 0.837703</i>
                        <i>1 0 0 0 1 0 0 0 1 0.926876 1.84891 0.837703</i>
                        <i>1 0 0 0 1 0 0 0 1 0.926876 1.84905 0.837703</i>
                        <i>1 0 0 0 1 0 0 0 1 0.926876 1.84942 0.837703</i>
                        <i>1 0 0 0 1 0 0 0 1 0.926876 1.85006 0.837703</i>
                        <i>1 0 0 0 1 0 0 0 1 0.926876 1.85099 0.837703</i>
                        <i>1 0 0 0 1 0 0 0 1 0.926876 1.85223 0.837703</i>
                        <i>1 0 0 0 1 0 0 0 1 0.926876 1.85382 0.837703</i>
                        <i>1 0 0 0 1 0 0 0 1 0.926876 1.85578 0.837703</i>
                        <i>1 0 0 0 1 0 0 0 1 0.926876 1.85815 0.837703</i>
                        <i>1 0 0 0 1 0 0 0 1 0.926876 1.86094 0.837703</i>
                        <i>1 0 0 0 1 0 0 0 1 0.926876 1.86399 0.837703</i>
                        <i>1 0 0 0 1 0 0 0 1 0.926876 1.86705 0.837703</i>
                        <i>1 0 0 0 1 0 0 0 1 0.926876 1.87011 0.837703</i>
                        <i>1 0 0 0 1 0 0 0 1 0.926876 1.87316 0.837703</i>
                        <i>1 0 0 0 1 0 0 0 1 0.926876 1.8762 0.837703</i>
                        <i>1 0 0 0 1 0 0 0 1 0.926876 1.87921 0.837703</i>
                        <i>1 0 0 0 1 0 0 0 1 0.926876 1.88219 0.837703</i>
                        <i>1 0 0 0 1 0 0 0 1 0.926876 1.88513 0.837703</i>
                        <i>1 0 0 0 1 0 0 0 1 0.926876 1.88802 0.837703</i>
                        <i>1 0 0 0 1 0 0 0 1 0.926876 1.89086 0.837703</i>
                        <i>1 0 0 0 1 0 0 0 1 0.926876 1.89363 0.837703</i>
                        <i>1 0 0 0 1 0 0 0 1 0.926876 1.89633 0.837703</i>
                        <i>1 0 0 0 1 0 0 0 1 0.926876 1.89896 0.837703</i>
                        <i>1 0 0 0 1 0 0 0 1 0.926876 1.90149 0.837703</i>
                        <i>1 0 0 0 1 0 0 0 1 0.926876 1.90393 0.837703</i>
                        <i>1 0 0 0 1 0 0 0 1 0.926876 1.90627 0.837703</i>
                        <i>1 0 0 0 1 0 0 0 1 0.926876 1.9085 0.837703</i>
                        <i>1 0 0 0 1 0 0 0 1 0.926876 1.9106 0.837703</i>
                        <i>1 0 0 0 1 0 0 0 1 0.926876 1.91259 0.837703</i>
                        <i>1 0 0 0 1 0 0 0 1 0.926876 1.91443 0.837703</i>
                        <i>1 0 0 0 1 0 0 0 1 0.926876 1.91559 0.837703</i>
                        <i>1 0 0 0 1 0 0 0 1 0.926876 1.91572 0.837703</i>
                        <i>1 0 0 0 1 0 0 0 1 0.926876 1.91502 0.837703</i>
                        <i>1 0 0 0 1 0 0 0 1 0.926876 1.91367 0.837703</i>
                        <i>1 0 0 0 1 0 0 0 1 0.926876 1.91188 0.837703</i>
                        <i>1 0 0 0 1 0 0 0 1 0.926876 1.9101 0.837703</i>
                        <i>1 0 0 0 1 0 0 0 1 0.926876 1.90868 0.837703</i>
                        <i>1 0 0 0 1 0 0 0 1 0.926876 1.90756 0.837703</i>
                        <i>1 0 0 0 1 0 0 0 1 0.926876 1.90671 0.837703</i>
                        <i>1 0 0 0 1 0 0 0 1 0.926876 1.90608 0.837703</i>
                        <i>1 0 0 0 1 0 0 0 1 0.926876 1.90562 0.837703</i>
                        <i>1 0 0 0 1 0 0 0 1 0.926876 1.90529 0.837703</i>
                        <i>1 0 0 0 1 0 0 0 1 0.926876 1.90504 0.837703</i>
                        <i>1 0 0 0 1 0 0 0 1 0.926876 1.90484 0.837703</i>
                        <i>1 0 0 0 1 0 0 0 1 0.926876 1.90463 0.837703</i>
                        <i>1 0 0 0 1 0 0 0 1 0.926876 1.90437 0.837703</i>
                        <i>1 0 0 0 1 0 0 0 1 0.926876 1.90402 0.837703</i>
                        <i>1 0 0 0 1 0 0 0 1 0.926876 1.90353 0.837703</i>
                        <i>1 0 0 0 1 0 0 0 1 0.926876 1.90286 0.837703</i>
                        <i>1 0 0 0 1 0 0 0 1 0.926876 1.90197 0.837703</i>
                        <i>1 0 0 0 1 0 0 0 1 0.926876 1.90096 0.837703</i>
                        <i>1 0 0 0 1 0 0 0 1 0.926876 1.89999 0.837703</i>
                        <i>1 0 0 0 1 0 0 0 1 0.926876 1.89903 0.837703</i>
                        <i>1 0 0 0 1 0 0 0 1 0.926876 1.89806 0.837703</i>
                        <i>1 0 0 0 1 0 0 0 1 0.926876 1.89706 0.837703</i>
                        <i>1 0 0 0 1 0 0 0 1 0.926876 1.89601 0.837703</i>
                        <i>1 0 0 0 1 0 0 0 1 0.926876 1.89489 0.837703</i>
                        <i>1 0 0 0 1 0 0 0 1 0.926876 1.89369 0.837703</i>
                        <i>1 0 0 0 1 0 0 0 1 0.926876 1.89238 0.837703</i>
                        <i>1 0 0 0 1 0 0 0 1 0.926876 1.89093 0.837703</i>
                        <i>1 0 0 0 1 0 0 0 1 0.926876 1.88934 0.837703</i>
                        <i>1 0 0 0 1 0 0 0 1 0.926876 1.88759 0.837703</i>
                        <i>1 0 0 0 1 0 0 0 1 0.926876 1.88564 0.837703</i>
                        <i>1 0 0 0 1 0 0 0 1 0.926876 1.88349 0.837703</i>
                        <i>1 0 0 0 1 0 0 0 1 0.926876 1.8811 0.837703</i>
                        <i>1 0 0 0 1 0 0 0 1 0.926944 1.88063 0.837635</i>
                        <i>1 0 0 0 1 0 0 0 1 0.927129 1.87938 0.83745</i>
                        <i>1 0 0 0 1 0 0 0 1 0.9274 1.87753 0.837178</i>
                        <i>1 0 0 0 1 0 0 0 1 0.927731 1.8753 0.836848</i>
                        <i>1 0 0 0 1 0 0 0 1 0.92809 1.87287 0.836488</i>
                        <i>1 0 0 0 1 0 0 0 1 0.928449 1.87044 0.836128</i>
                        <i>1 0 0 0 1 0 0 0 1 0.928779 1.8682 0.835798</i>
                        <i>1 0 0 0 1 0 0 0 1 0.929051 1.86637 0.835525</i>
                        <i>1 0 0 0 1 0 0 0 1 0.929236 1.86512 0.835341</i>
                        <i>1 0 0 0 1 0 0 0 1 0.929304 1.86466 0.835273</i>
                        <i>1 0 0 0 1 0 0 0 1 0.92926 1.86497 0.835322</i>
                        <i>1 0 0 0 1 0 0 0 1 0.929138 1.86584 0.835459</i>
                        <i>1 0 0 0 1 0 0 0 1 0.928949 1.86718 0.835667</i>
                        <i>1 0 0 0 1 0 0 0 1 0.928708 1.86887 0.835929</i>
                        <i>1 0 0 0 1 0 0 0 1 0.928427 1.87083 0.836229</i>
                        <i>1 0 0 0 1 0 0 0 1 0.92812 1.87295 0.836549</i>
                        <i>1 0 0 0 1 0 0 0 1 0.927797 1.87513 0.836873</i>
                        <i>1 0 0 0 1 0 0 0 1 0.927474 1.87729 0.837185</i>
                        <i>1 0 0 0 1 0 0 0 1 0.927163 1.87931 0.837467</i>
                        <i>1 0 0 0 1 0 0 0 1 0.926876 1.8811 0.837703</i>
                    </KeyFrames>
                </p>
            </i>
            <i>
                <p>
                    <Name><![CDATA[spine0]]></Name>
                    <Exclude>0</Exclude>
                    <Additive>0</Additive>
                    <IKPriority>0</IKPriority>
                    <IKRotLimits>-1e+010 -1e+010 -1e+010 1e+010 1e+010 1e+010</IKRotLimits>
                    <IKRotLimitOrder>0</IKRotLimitOrder>
                    <KeyFrames count="120">
                        <i>-0.244532 0.933345 0.262814 -0.592778 0.0705991 -0.802266 -0.767345 -0.35197 0.536002 0.948627 2.02267 0.824236</i>
                        <i>-0.244618 0.933295 0.262911 -0.59278 0.0706296 -0.802261 -0.767316 -0.352096 0.535962 0.948627 2.02263 0.824236</i>
                        <i>-0.24486 0.933155 0.263184 -0.592788 0.0707155 -0.802248 -0.767233 -0.352451 0.535848 0.948627 2.02252 0.824236</i>
                        <i>-0.245234 0.932938 0.263605 -0.5928 0.0708481 -0.802227 -0.767104 -0.352999 0.535671 0.948627 2.02237 0.824236</i>
                        <i>-0.245716 0.932657 0.264148 -0.592815 0.0710186 -0.802201 -0.766938 -0.353704 0.535443 0.948627 2.02216 0.824236</i>
                        <i>-0.246281 0.932328 0.264785 -0.592833 0.0712185 -0.80217 -0.766743 -0.354532 0.535175 0.948627 2.02191 0.824236</i>
                        <i>-0.246905 0.931963 0.265487 -0.592852 0.0714392 -0.802136 -0.766527 -0.355446 0.534878 0.948627 2.02163 0.824236</i>
                        <i>-0.247564 0.931576 0.266229 -0.592873 0.0716718 -0.8021 -0.766298 -0.356411 0.534563 0.948627 2.0213 0.824236</i>
                        <i>-0.248234 0.931183 0.266981 -0.592894 0.0719077 -0.802064 -0.766066 -0.35739 0.534243 0.948627 2.02095 0.824236</i>
                        <i>-0.248888 0.930797 0.267715 -0.592914 0.072138 -0.802028 -0.765838 -0.358348 0.533929 0.948627 2.02058 0.824236</i>
                        <i>-0.249503 0.930434 0.268404 -0.592933 0.0723539 -0.801994 -0.765623 -0.359246 0.533633 0.948627 2.02019 0.824236</i>
                        <i>-0.250051 0.930109 0.26902 -0.59295 0.0725465 -0.801964 -0.765431 -0.360047 0.533368 0.948627 2.01978 0.824236</i>
                        <i>-0.250509 0.929838 0.269532 -0.592965 0.0727069 -0.801939 -0.76527 -0.360716 0.533147 0.948627 2.01936 0.824236</i>
                        <i>-0.250849 0.929635 0.269913 -0.592975 0.0728262 -0.801921 -0.76515 -0.361213 0.532982 0.948627 2.01894 0.824236</i>
                        <i>-0.251047 0.929517 0.270135 -0.592981 0.0728955 -0.80191 -0.765081 -0.361502 0.532886 0.948627 2.01852 0.824236</i>
                        <i>-0.250655 0.92979 0.269558 -0.592843 0.0726989 -0.80203 -0.765316 -0.360839 0.532997 0.948968 2.0173 0.823989</i>
                        <i>-0.249411 0.930655 0.267723 -0.592463 0.0720418 -0.80237 -0.766017 -0.358736 0.533411 0.949895 2.01485 0.823321</i>
                        <i>-0.247613 0.931947 0.264884 -0.591911 0.0709311 -0.802876 -0.767026 -0.35559 0.534066 0.951257 2.01168 0.822338</i>
                        <i>-0.245548 0.933504 0.261297 -0.591261 0.0693803 -0.80349 -0.76819 -0.35179 0.534909 0.952907 2.00829 0.821146</i>
                        <i>-0.243454 0.935179 0.257236 -0.590586 0.0674479 -0.804151 -0.769375 -0.347694 0.535883 0.954695 2.00521 0.819853</i>
                        <i>-0.241502 0.936839 0.253003 -0.589954 0.0652627 -0.804795 -0.770475 -0.34362 0.53693 0.956477 2.00222 0.818564</i>
                        <i>-0.239789 0.938367 0.248935 -0.589417 0.0630331 -0.805366 -0.77142 -0.339845 0.537975 0.958107 1.99904 0.817383</i>
                        <i>-0.238358 0.939661 0.245404 -0.589011 0.0610378 -0.805817 -0.772173 -0.336618 0.538922 0.959444 1.99611 0.816413</i>
                        <i>-0.23722 0.940624 0.242802 -0.588756 0.0595991 -0.80611 -0.772718 -0.334176 0.53966 0.960349 1.99383 0.815756</i>
                        <i>-0.236394 0.941161 0.241523 -0.588667 0.0590364 -0.806217 -0.773039 -0.332761 0.540075 0.960681 1.99264 0.815515</i>
                        <i>-0.235755 0.94144 0.241059 -0.588669 0.0590204 -0.806217 -0.773232 -0.331974 0.540282 0.960672 1.9921 0.815521</i>
                        <i>-0.23519 0.941678 0.240684 -0.588676 0.0590348 -0.806211 -0.773399 -0.331297 0.540459 0.960645 1.99148 0.815541</i>
                        <i>-0.234694 0.941876 0.240391 -0.588687 0.0590757 -0.8062 -0.773542 -0.330725 0.540606 0.960603 1.99082 0.815572</i>
                        <i>-0.234263 0.94204 0.240172 -0.588701 0.0591394 -0.806184 -0.773661 -0.330248 0.540726 0.960547 1.99015 0.815612</i>
                        <i>-0.233893 0.94217 0.240019 -0.588719 0.0592224 -0.806165 -0.773759 -0.32986 0.540822 0.960479 1.98948 0.815662</i>
                        <i>-0.23358 0.942271 0.239926 -0.58874 0.0593213 -0.806143 -0.773838 -0.329553 0.540896 0.960401 1.98885 0.815718</i>
                        <i>-0.23332 0.942346 0.239886 -0.588763 0.0594329 -0.806118 -0.773899 -0.32932 0.540951 0.960316 1.98829 0.81578</i>
                        <i>-0.233108 0.942397 0.239892 -0.588787 0.0595539 -0.806091 -0.773945 -0.329152 0.540989 0.960225 1.98782 0.815846</i>
                        <i>-0.23294 0.942428 0.239936 -0.588813 0.0596814 -0.806063 -0.773976 -0.329042 0.541011 0.96013 1.98746 0.815915</i>
                        <i>-0.232811 0.94244 0.240012 -0.588839 0.0598123 -0.806034 -0.773994 -0.328982 0.541021 0.960033 1.98726 0.815985</i>
                        <i>-0.232717 0.942438 0.240113 -0.588866 0.0599438 -0.806005 -0.774002 -0.328965 0.54102 0.959935 1.98723 0.816056</i>
                        <i>-0.232652 0.942423 0.240232 -0.588892 0.0600731 -0.805976 -0.774002 -0.328983 0.54101 0.95984 1.98741 0.816125</i>
                        <i>-0.232612 0.9424 0.240362 -0.588918 0.0601975 -0.805948 -0.773995 -0.329027 0.540993 0.959749 1.98782 0.816191</i>
                        <i>-0.232593 0.94237 0.240497 -0.588942 0.0603142 -0.805922 -0.773982 -0.329091 0.540972 0.959663 1.98848 0.816254</i>
                        <i>-0.232589 0.942337 0.24063 -0.588964 0.0604206 -0.805898 -0.773966 -0.329166 0.540949 0.959585 1.98944 0.81631</i>
                        <i>-0.232597 0.942304 0.240754 -0.588983 0.0605141 -0.805877 -0.77395 -0.329244 0.540925 0.959517 1.9907 0.81636</i>
                        <i>-0.23261 0.942273 0.240863 -0.588999 0.0605918 -0.805859 -0.773933 -0.329319 0.540903 0.95946 1.99231 0.816401</i>
                        <i>-0.232625 0.942247 0.240949 -0.589011 0.0606512 -0.805846 -0.773919 -0.329381 0.540885 0.959417 1.99429 0.816432</i>
                        <i>-0.232637 0.94223 0.241005 -0.589019 0.0606896 -0.805837 -0.77391 -0.329424 0.540873 0.95939 1.99666 0.816452</i>
                        <i>-0.232641 0.942223 0.241026 -0.589022 0.0607041 -0.805834 -0.773907 -0.32944 0.540868 0.95938 1.99946 0.816459</i>
                        <i>-0.23253 0.942266 0.240965 -0.589026 0.0607157 -0.80583 -0.773937 -0.329314 0.540901 0.959364 2.00252 0.81647</i>
                        <i>-0.232241 0.942378 0.240806 -0.589038 0.0607473 -0.805819 -0.774014 -0.328988 0.540988 0.959321 2.00559 0.816502</i>
                        <i>-0.2318 0.942548 0.240567 -0.589057 0.0607983 -0.805801 -0.774132 -0.328493 0.541121 0.959251 2.00868 0.816552</i>
                        <i>-0.231235 0.942764 0.240265 -0.589083 0.0608677 -0.805777 -0.774281 -0.32786 0.541291 0.959157 2.01176 0.816621</i>
                        <i>-0.230571 0.943014 0.239919 -0.589116 0.0609541 -0.805746 -0.774454 -0.327122 0.541491 0.959038 2.01484 0.816707</i>
                        <i>-0.229837 0.943289 0.239545 -0.589155 0.0610564 -0.80571 -0.774643 -0.326311 0.54171 0.958898 2.0179 0.816809</i>
                        <i>-0.229059 0.943575 0.23916 -0.5892 0.0611731 -0.805668 -0.774839 -0.325459 0.541943 0.958737 2.02093 0.816926</i>
                        <i>-0.228265 0.943864 0.238781 -0.589251 0.0613031 -0.805621 -0.775034 -0.324597 0.542179 0.958556 2.02393 0.817056</i>
                        <i>-0.227481 0.944143 0.238427 -0.589307 0.0614451 -0.805569 -0.775222 -0.323758 0.542413 0.958358 2.02689 0.8172</i>
                        <i>-0.226732 0.944402 0.238112 -0.589369 0.0615983 -0.805512 -0.775395 -0.322972 0.542635 0.958144 2.0298 0.817356</i>
                        <i>-0.226045 0.944631 0.237856 -0.589435 0.0617621 -0.805452 -0.775545 -0.322269 0.542838 0.957915 2.03265 0.817522</i>
                        <i>-0.225444 0.944821 0.237673 -0.589505 0.0619361 -0.805386 -0.775667 -0.321679 0.543014 0.957672 2.03543 0.817698</i>
                        <i>-0.224952 0.944961 0.237582 -0.58958 0.0621205 -0.805318 -0.775752 -0.321232 0.543156 0.957417 2.03813 0.817882</i>
                        <i>-0.224594 0.945042 0.237598 -0.589659 0.0623158 -0.805245 -0.775796 -0.320955 0.543257 0.957152 2.04076 0.818074</i>
                        <i>-0.224391 0.945055 0.237739 -0.589741 0.062523 -0.805168 -0.775793 -0.320877 0.543308 0.956878 2.04328 0.818273</i>
                        <i>-0.224364 0.94499 0.238021 -0.589827 0.0627438 -0.805088 -0.775735 -0.321024 0.543303 0.956596 2.04571 0.818477</i>
                        <i>-0.224535 0.944838 0.238462 -0.589916 0.0629802 -0.805005 -0.775618 -0.321425 0.543234 0.956308 2.04803 0.818685</i>
                        <i>-0.224925 0.94459 0.239079 -0.590008 0.063235 -0.804917 -0.775435 -0.322104 0.543092 0.956016 2.05022 0.818897</i>
                        <i>-0.225552 0.944235 0.239889 -0.590103 0.0635116 -0.804826 -0.77518 -0.32309 0.542871 0.95572 2.05229 0.819111</i>
                        <i>-0.226438 0.943762 0.240912 -0.590201 0.063814 -0.80473 -0.774848 -0.324408 0.542559 0.955423 2.05423 0.819326</i>
                        <i>-0.227486 0.943215 0.242067 -0.590301 0.0641316 -0.804632 -0.774465 -0.325934 0.542191 0.955126 2.05547 0.819542</i>
                        <i>-0.228547 0.942659 0.243227 -0.590401 0.0644451 -0.804533 -0.774075 -0.327475 0.541818 0.954829 2.05569 0.819756</i>
                        <i>-0.229613 0.942101 0.244382 -0.590502 0.0647519 -0.804434 -0.773683 -0.329017 0.541445 0.954536 2.05508 0.819968</i>
                        <i>-0.230672 0.941546 0.245522 -0.590602 0.0650494 -0.804337 -0.773291 -0.330544 0.541074 0.954247 2.05382 0.820177</i>
                        <i>-0.231715 0.940999 0.246636 -0.590701 0.0653348 -0.804241 -0.772904 -0.332043 0.54071 0.953964 2.0521 0.820382</i>
                        <i>-0.232732 0.940465 0.247713 -0.590799 0.0656054 -0.804147 -0.772524 -0.333499 0.540357 0.953688 2.0504 0.820582</i>
                        <i>-0.233713 0.93995 0.248742 -0.590893 0.0658581 -0.804057 -0.772155 -0.334899 0.540018 0.953421 2.04905 0.820775</i>
                        <i>-0.234649 0.939459 0.249714 -0.590985 0.06609 -0.803971 -0.771801 -0.336228 0.539698 0.953164 2.04801 0.820961</i>
                        <i>-0.23553 0.938998 0.250617 -0.591072 0.0662979 -0.80389 -0.771466 -0.337472 0.5394 0.952919 2.04722 0.821138</i>
                        <i>-0.236345 0.938573 0.25144 -0.591154 0.0664785 -0.803815 -0.771154 -0.338618 0.539129 0.952687 2.04665 0.821305</i>
                        <i>-0.237087 0.938189 0.252173 -0.59123 0.0666286 -0.803746 -0.770868 -0.33965 0.538888 0.95247 2.04625 0.821462</i>
                        <i>-0.237745 0.937853 0.252804 -0.591299 0.0667447 -0.803686 -0.770612 -0.340555 0.538683 0.95227 2.04597 0.821607</i>
                        <i>-0.23831 0.937569 0.253323 -0.591361 0.0668233 -0.803634 -0.77039 -0.341319 0.538517 0.952087 2.04578 0.821738</i>
                        <i>-0.238773 0.937345 0.253718 -0.591414 0.0668609 -0.803592 -0.770206 -0.341928 0.538394 0.951924 2.04561 0.821856</i>
                        <i>-0.239125 0.937185 0.253978 -0.591457 0.0668538 -0.80356 -0.770064 -0.342368 0.538318 0.951782 2.04544 0.821959</i>
                        <i>-0.239356 0.937095 0.254092 -0.59149 0.0667983 -0.80354 -0.769966 -0.342625 0.538294 0.951662 2.04521 0.822045</i>
                        <i>-0.239457 0.93708 0.254049 -0.591512 0.0666906 -0.803533 -0.769918 -0.342685 0.538325 0.951567 2.04489 0.822114</i>
                        <i>-0.239421 0.937147 0.253837 -0.591522 0.0665271 -0.803539 -0.769921 -0.342534 0.538415 0.951496 2.04442 0.822165</i>
                        <i>-0.239236 0.9373 0.253447 -0.59152 0.0663039 -0.80356 -0.769981 -0.342159 0.538569 0.951453 2.04376 0.822196</i>
                        <i>-0.238896 0.937543 0.252866 -0.591504 0.0660172 -0.803595 -0.770099 -0.341546 0.538789 0.951438 2.04286 0.822207</i>
                        <i>-0.238581 0.937744 0.252418 -0.591501 0.0658239 -0.803613 -0.770199 -0.341032 0.538972 0.951403 2.04187 0.822233</i>
                        <i>-0.238464 0.93778 0.252395 -0.591533 0.0658591 -0.803586 -0.77021 -0.340927 0.539023 0.951303 2.04092 0.822305</i>
                        <i>-0.238524 0.937674 0.252734 -0.591597 0.0660862 -0.803521 -0.770142 -0.341176 0.538962 0.951148 2.04 0.822417</i>
                        <i>-0.238735 0.937447 0.253375 -0.591687 0.0664688 -0.803423 -0.770008 -0.341724 0.538806 0.950948 2.03908 0.822561</i>
                        <i>-0.239076 0.937121 0.254256 -0.591798 0.0669706 -0.8033 -0.769817 -0.342518 0.538575 0.950714 2.03814 0.82273</i>
                        <i>-0.239522 0.936719 0.255317 -0.591924 0.0675554 -0.803158 -0.769581 -0.343502 0.538286 0.950454 2.03715 0.822918</i>
                        <i>-0.240052 0.936261 0.256495 -0.592061 0.0681871 -0.803003 -0.76931 -0.344623 0.537956 0.950179 2.0361 0.823116</i>
                        <i>-0.24064 0.935771 0.25773 -0.592204 0.0688296 -0.802843 -0.769017 -0.345825 0.537604 0.949899 2.03497 0.823318</i>
                        <i>-0.241266 0.93527 0.258961 -0.592345 0.0694471 -0.802686 -0.768712 -0.347054 0.537247 0.949624 2.03372 0.823517</i>
                        <i>-0.241905 0.934782 0.260126 -0.592478 0.0700035 -0.802539 -0.768409 -0.348257 0.536903 0.949363 2.03234 0.823705</i>
                        <i>-0.242535 0.934329 0.261164 -0.592596 0.0704627 -0.802412 -0.768119 -0.349378 0.53659 0.949126 2.0308 0.823875</i>
                        <i>-0.243135 0.933935 0.262013 -0.592693 0.0707885 -0.802312 -0.767854 -0.350364 0.536325 0.948925 2.02909 0.824021</i>
                        <i>-0.243682 0.933624 0.262613 -0.59276 0.0709445 -0.802248 -0.767629 -0.35116 0.536127 0.948767 2.02718 0.824134</i>
                        <i>-0.244155 0.933419 0.2629 -0.592791 0.0708938 -0.80223 -0.767455 -0.351714 0.536013 0.948665 2.02505 0.824208</i>
                        <i>-0.244532 0.933345 0.262814 -0.592778 0.0705991 -0.802266 -0.767345 -0.35197 0.536002 0.948627 2.02267 0.824236</i>
                        <i>-0.244538 0.933342 0.262821 -0.592778 0.0706013 -0.802265 -0.767343 -0.351979 0.535999 0.948694 2.0222 0.824168</i>
                        <i>-0.244543 0.933339 0.262826 -0.592778 0.070603 -0.802265 -0.767341 -0.351986 0.535997 0.948879 2.02094 0.823983</i>
                        <i>-0.244547 0.933337 0.26283 -0.592778 0.0706043 -0.802265 -0.76734 -0.351991 0.535995 0.949151 2.0191 0.823711</i>
                        <i>-0.244549 0.933335 0.262833 -0.592778 0.0706052 -0.802265 -0.767339 -0.351995 0.535994 0.949481 2.01686 0.82338</i>
                        <i>-0.244551 0.933334 0.262835 -0.592778 0.0706059 -0.802265 -0.767339 -0.351998 0.535993 0.94984 2.01443 0.82302</i>
                        <i>-0.244552 0.933334 0.262836 -0.592778 0.0706061 -0.802265 -0.767338 -0.351999 0.535993 0.9502 2.012 0.822661</i>
                        <i>-0.244552 0.933333 0.262836 -0.592778 0.0706062 -0.802265 -0.767338 -0.351999 0.535993 0.95053 2.00977 0.82233</i>
                        <i>-0.244552 0.933334 0.262836 -0.592778 0.070606 -0.802265 -0.767339 -0.351998 0.535993 0.950802 2.00794 0.822058</i>
                        <i>-0.24455 0.933334 0.262834 -0.592778 0.0706056 -0.802265 -0.767339 -0.351997 0.535994 0.950986 2.00669 0.821873</i>
                        <i>-0.244549 0.933335 0.262833 -0.592778 0.0706051 -0.802265 -0.767339 -0.351995 0.535994 0.951054 2.00623 0.821805</i>
                        <i>-0.244547 0.933336 0.262831 -0.592778 0.0706044 -0.802265 -0.76734 -0.351992 0.535995 0.95101 2.00654 0.821854</i>
                        <i>-0.244545 0.933338 0.262828 -0.592778 0.0706037 -0.802265 -0.767341 -0.351989 0.535996 0.950888 2.00741 0.821991</i>
                        <i>-0.244543 0.933339 0.262826 -0.592778 0.0706029 -0.802265 -0.767342 -0.351986 0.535997 0.9507 2.00874 0.822199</i>
                        <i>-0.244541 0.93334 0.262823 -0.592778 0.0706021 -0.802265 -0.767342 -0.351982 0.535998 0.950459 2.01044 0.822461</i>
                        <i>-0.244538 0.933341 0.262821 -0.592778 0.0706013 -0.802265 -0.767343 -0.351979 0.535999 0.950178 2.0124 0.822761</i>
                        <i>-0.244536 0.933343 0.262819 -0.592778 0.0706006 -0.802266 -0.767344 -0.351976 0.536 0.94987 2.01452 0.823081</i>
                        <i>-0.244535 0.933344 0.262817 -0.592778 0.0706 -0.802266 -0.767344 -0.351974 0.536001 0.949548 2.0167 0.823406</i>
                        <i>-0.244533 0.933344 0.262815 -0.592778 0.0705995 -0.802266 -0.767345 -0.351972 0.536002 0.949225 2.01886 0.823717</i>
                        <i>-0.244532 0.933345 0.262814 -0.592778 0.0705992 -0.802266 -0.767345 -0.35197 0.536002 0.948913 2.02088 0.824</i>
                        <i>-0.244532 0.933345 0.262814 -0.592778 0.0705991 -0.802266 -0.767345 -0.35197 0.536002 0.948627 2.02267 0.824236</i>
                    </KeyFrames>
                </p>
            </i>
            <i>
                <p>
                    <Name><![CDATA[spine1]]></Name>
                    <Exclude>0</Exclude>
                    <Additive>0</Additive>
                    <IKPriority>0</IKPriority>
                    <IKRotLimits>-1e+010 -1e+010 -1e+010 1e+010 1e+010 1e+010</IKRotLimits>
                    <IKRotLimitOrder>0</IKRotLimitOrder>
                    <KeyFrames count="120">
                        <i>-0.513707 0.687862 0.512787 -0.670404 0.0511579 -0.740231 -0.53541 -0.724036 0.434865 0.904858 2.18988 0.87129</i>
                        <i>-0.513735 0.68782 0.512816 -0.670395 0.0511776 -0.740238 -0.535395 -0.724075 0.434819 0.904844 2.18982 0.871305</i>
                        <i>-0.513812 0.6877 0.512899 -0.670369 0.0512332 -0.740257 -0.535353 -0.724185 0.434689 0.904805 2.18968 0.87135</i>
                        <i>-0.513931 0.687517 0.513025 -0.670329 0.0513191 -0.740287 -0.535288 -0.724353 0.434488 0.904745 2.18946 0.871418</i>
                        <i>-0.514084 0.687281 0.513188 -0.670278 0.0514298 -0.740326 -0.535205 -0.724568 0.43423 0.904668 2.18917 0.871505</i>
                        <i>-0.514262 0.687007 0.513377 -0.670218 0.0515599 -0.740371 -0.53511 -0.72482 0.433929 0.904577 2.18882 0.871608</i>
                        <i>-0.514458 0.686704 0.513585 -0.670151 0.0517038 -0.740422 -0.535005 -0.725096 0.433596 0.904476 2.18842 0.871722</i>
                        <i>-0.514663 0.686387 0.513803 -0.67008 0.051856 -0.740476 -0.534897 -0.725385 0.433246 0.90437 2.18799 0.871842</i>
                        <i>-0.51487 0.686067 0.514023 -0.670007 0.0520108 -0.74053 -0.534788 -0.725676 0.432892 0.904262 2.18752 0.871964</i>
                        <i>-0.515071 0.685757 0.514237 -0.669936 0.0521623 -0.740584 -0.534684 -0.725959 0.432546 0.904157 2.18703 0.872083</i>
                        <i>-0.515258 0.685467 0.514436 -0.669869 0.0523048 -0.740634 -0.534587 -0.726223 0.432223 0.904058 2.18653 0.872194</i>
                        <i>-0.515424 0.685209 0.514613 -0.66981 0.0524323 -0.740679 -0.534502 -0.726457 0.431935 0.903969 2.18603 0.872294</i>
                        <i>-0.515562 0.684995 0.51476 -0.669759 0.0525386 -0.740717 -0.534432 -0.726651 0.431695 0.903895 2.18553 0.872377</i>
                        <i>-0.515664 0.684836 0.514868 -0.669722 0.0526179 -0.740745 -0.534381 -0.726795 0.431517 0.90384 2.18505 0.872438</i>
                        <i>-0.515724 0.684744 0.514931 -0.6697 0.052664 -0.740762 -0.534351 -0.726878 0.431413 0.903808 2.1846 0.872474</i>
                        <i>-0.515562 0.685006 0.514745 -0.668265 0.0545515 -0.74192 -0.5363 -0.726492 0.429641 0.90421 2.18346 0.872135</i>
                        <i>-0.51505 0.685835 0.514154 -0.664367 0.0596007 -0.745026 -0.541609 -0.725313 0.424949 0.905329 2.18128 0.871172</i>
                        <i>-0.514258 0.687125 0.513223 -0.658557 0.0669683 -0.749545 -0.549401 -0.723446 0.418072 0.906967 2.17852 0.86973</i>
                        <i>-0.513254 0.688771 0.512021 -0.651391 0.0758142 -0.754945 -0.558803 -0.721004 0.409747 0.908929 2.17564 0.867958</i>
                        <i>-0.512109 0.690654 0.510628 -0.643452 0.0853186 -0.760717 -0.568958 -0.718135 0.40071 0.911028 2.17311 0.866006</i>
                        <i>-0.510902 0.692637 0.50915 -0.635371 0.0946955 -0.766379 -0.579037 -0.715043 0.391701 0.913094 2.17068 0.864026</i>
                        <i>-0.509726 0.694557 0.507711 -0.62782 0.103198 -0.771487 -0.588236 -0.711998 0.383454 0.914968 2.16803 0.86218</i>
                        <i>-0.50869 0.696228 0.506459 -0.621513 0.110115 -0.775626 -0.595781 -0.709325 0.376701 0.916508 2.16555 0.860631</i>
                        <i>-0.507918 0.697451 0.50555 -0.617189 0.11476 -0.778401 -0.600913 -0.707384 0.372171 0.917578 2.16361 0.859547</i>
                        <i>-0.507532 0.698028 0.505141 -0.615592 0.116445 -0.779415 -0.602875 -0.706539 0.3706 0.91804 2.16259 0.859094</i>
                        <i>-0.507389 0.698206 0.50504 -0.615646 0.116367 -0.779384 -0.60294 -0.706376 0.370804 0.91814 2.16213 0.859024</i>
                        <i>-0.507271 0.698346 0.504965 -0.615784 0.116202 -0.779299 -0.602898 -0.706265 0.371084 0.91821 2.16158 0.858982</i>
                        <i>-0.507178 0.698451 0.504912 -0.615996 0.115959 -0.779168 -0.602759 -0.706201 0.371432 0.918253 2.16097 0.858964</i>
                        <i>-0.507107 0.698525 0.504881 -0.616274 0.115647 -0.778994 -0.602535 -0.706179 0.371837 0.918271 2.16034 0.858968</i>
                        <i>-0.507057 0.69857 0.504869 -0.616608 0.115277 -0.778785 -0.602236 -0.706195 0.372292 0.918268 2.15971 0.858992</i>
                        <i>-0.507025 0.698591 0.504873 -0.616988 0.114857 -0.778545 -0.601873 -0.706243 0.372787 0.918246 2.1591 0.859032</i>
                        <i>-0.507009 0.698589 0.504892 -0.617406 0.114399 -0.778282 -0.601458 -0.706319 0.373312 0.918208 2.15855 0.859087</i>
                        <i>-0.507007 0.698568 0.504922 -0.617851 0.113911 -0.778 -0.601003 -0.706418 0.373858 0.918155 2.15809 0.859154</i>
                        <i>-0.507017 0.698532 0.504963 -0.618315 0.113404 -0.777706 -0.600517 -0.706536 0.374415 0.918091 2.15774 0.859231</i>
                        <i>-0.507037 0.698482 0.505011 -0.618787 0.112888 -0.777405 -0.600013 -0.706667 0.374974 0.918019 2.15753 0.859313</i>
