<?xml version="1.0" encoding="ISO-8859-1" ?>
<Animl Version="1">
    <ModellingPackage><![CDATA[Maya.2010]]></ModellingPackage>
    <SrcFile><![CDATA[anims\turrets\antitank\red\~src\at_b10_recoilless\b10recoilless_fire_crewman_c.mb]]></SrcFile>
    <FramesPerSecond>30</FramesPerSecond>
    <TotalFrames>40</TotalFrames>
    <Skeleton>
        <RefFrame>
            <Name><![CDATA[soldier_ref_frame]]></Name>
            <Exclude>0</Exclude>
            <Additive>0</Additive>
            <IKPriority>0</IKPriority>
            <IKRotLimits>-1e+010 -1e+010 -1e+010 1e+010 1e+010 1e+010</IKRotLimits>
            <IKRotLimitOrder>0</IKRotLimitOrder>
            <KeyFrames count="40">
                <i>1 0 0 0 1 0 0 0 1 -0.72 0.92 1.18</i>
                <i>1 0 0 0 1 0 0 0 1 -0.72 0.92 1.18</i>
                <i>1 0 0 0 1 0 0 0 1 -0.72 0.92 1.18</i>
                <i>1 0 0 0 1 0 0 0 1 -0.72 0.92 1.18</i>
                <i>1 0 0 0 1 0 0 0 1 -0.72 0.92 1.18</i>
                <i>1 0 0 0 1 0 0 0 1 -0.72 0.92 1.18</i>
                <i>1 0 0 0 1 0 0 0 1 -0.72 0.92 1.18</i>
                <i>1 0 0 0 1 0 0 0 1 -0.72 0.92 1.18</i>
                <i>1 0 0 0 1 0 0 0 1 -0.72 0.92 1.18</i>
                <i>1 0 0 0 1 0 0 0 1 -0.72 0.92 1.18</i>
                <i>1 0 0 0 1 0 0 0 1 -0.72 0.92 1.18</i>
                <i>1 0 0 0 1 0 0 0 1 -0.72 0.92 1.18</i>
                <i>1 0 0 0 1 0 0 0 1 -0.72 0.92 1.18</i>
                <i>1 0 0 0 1 0 0 0 1 -0.72 0.92 1.18</i>
                <i>1 0 0 0 1 0 0 0 1 -0.72 0.92 1.18</i>
                <i>1 0 0 0 1 0 0 0 1 -0.72 0.92 1.18</i>
                <i>1 0 0 0 1 0 0 0 1 -0.72 0.92 1.18</i>
                <i>1 0 0 0 1 0 0 0 1 -0.72 0.92 1.18</i>
                <i>1 0 0 0 1 0 0 0 1 -0.72 0.92 1.18</i>
                <i>1 0 0 0 1 0 0 0 1 -0.72 0.92 1.18</i>
                <i>1 0 0 0 1 0 0 0 1 -0.72 0.92 1.18</i>
                <i>1 0 0 0 1 0 0 0 1 -0.72 0.92 1.18</i>
                <i>1 0 0 0 1 0 0 0 1 -0.72 0.92 1.18</i>
                <i>1 0 0 0 1 0 0 0 1 -0.72 0.92 1.18</i>
                <i>1 0 0 0 1 0 0 0 1 -0.72 0.92 1.18</i>
                <i>1 0 0 0 1 0 0 0 1 -0.72 0.92 1.18</i>
                <i>1 0 0 0 1 0 0 0 1 -0.72 0.92 1.18</i>
                <i>1 0 0 0 1 0 0 0 1 -0.72 0.92 1.18</i>
                <i>1 0 0 0 1 0 0 0 1 -0.72 0.92 1.18</i>
                <i>1 0 0 0 1 0 0 0 1 -0.72 0.92 1.18</i>
                <i>1 0 0 0 1 0 0 0 1 -0.72 0.92 1.18</i>
                <i>1 0 0 0 1 0 0 0 1 -0.72 0.92 1.18</i>
                <i>1 0 0 0 1 0 0 0 1 -0.72 0.92 1.18</i>
                <i>1 0 0 0 1 0 0 0 1 -0.72 0.92 1.18</i>
                <i>1 0 0 0 1 0 0 0 1 -0.72 0.92 1.18</i>
                <i>1 0 0 0 1 0 0 0 1 -0.72 0.92 1.18</i>
                <i>1 0 0 0 1 0 0 0 1 -0.72 0.92 1.18</i>
                <i>1 0 0 0 1 0 0 0 1 -0.72 0.92 1.18</i>
                <i>1 0 0 0 1 0 0 0 1 -0.72 0.92 1.18</i>
                <i>1 0 0 0 1 0 0 0 1 -0.72 0.92 1.18</i>
            </KeyFrames>
        </RefFrame>
        <Bones count="23">
            <i>
                <p>
                    <Name><![CDATA[pelvis]]></Name>
                    <Exclude>0</Exclude>
                    <Additive>0</Additive>
                    <IKPriority>0</IKPriority>
                    <IKRotLimits>-1e+010 -1e+010 -1e+010 1e+010 1e+010 1e+010</IKRotLimits>
                    <IKRotLimitOrder>2</IKRotLimitOrder>
                    <KeyFrames count="40">
                        <i>1 0 0 0 1 0 0 0 1 -0.688322 1.98836 1.0416</i>
                        <i>1 0 0 0 1 0 0 0 1 -0.756619 1.9085 1.0416</i>
                        <i>1 0 0 0 1 0 0 0 1 -0.824915 1.75344 1.0416</i>
                        <i>1 0 0 0 1 0 0 0 1 -0.87 1.65 1.0416</i>
                        <i>1 0 0 0 1 0 0 0 1 -0.891084 1.62672 1.0416</i>
                        <i>1 0 0 0 1 0 0 0 1 -0.904257 1.62311 1.0416</i>
                        <i>1 0 0 0 1 0 0 0 1 -0.911628 1.6324 1.0416</i>
                        <i>1 0 0 0 1 0 0 0 1 -0.915303 1.64782 1.0416</i>
                        <i>1 0 0 0 1 0 0 0 1 -0.917391 1.66261 1.0416</i>
                        <i>1 0 0 0 1 0 0 0 1 -0.92 1.67 1.0416</i>
                        <i>1 0 0 0 1 0 0 0 1 -0.924001 1.66935 1.0416</i>
                        <i>1 0 0 0 1 0 0 0 1 -0.928362 1.66564 1.0416</i>
                        <i>1 0 0 0 1 0 0 0 1 -0.93233 1.66048 1.0416</i>
                        <i>1 0 0 0 1 0 0 0 1 -0.935155 1.65551 1.0416</i>
                        <i>1 0 0 0 1 0 0 0 1 -0.936086 1.65235 1.0416</i>
                        <i>1 0 0 0 1 0 0 0 1 -0.934371 1.65263 1.0416</i>
                        <i>1 0 0 0 1 0 0 0 1 -0.92926 1.65797 1.0416</i>
                        <i>1 0 0 0 1 0 0 0 1 -0.92 1.67 1.0416</i>
                        <i>1 0 0 0 1 0 0 0 1 -0.905708 1.68964 1.0416</i>
                        <i>1 0 0 0 1 0 0 0 1 -0.88675 1.71568 1.0416</i>
                        <i>1 0 0 0 1 0 0 0 1 -0.864253 1.74659 1.0416</i>
                        <i>1 0 0 0 1 0 0 0 1 -0.839342 1.78081 1.0416</i>
                        <i>1 0 0 0 1 0 0 0 1 -0.813144 1.81681 1.0416</i>
                        <i>1 0 0 0 1 0 0 0 1 -0.786785 1.85302 1.0416</i>
                        <i>1 0 0 0 1 0 0 0 1 -0.761392 1.88791 1.0416</i>
                        <i>1 0 0 0 1 0 0 0 1 -0.73809 1.91993 1.0416</i>
                        <i>1 0 0 0 1 0 0 0 1 -0.718006 1.94753 1.0416</i>
                        <i>1 0 0 0 1 0 0 0 1 -0.702266 1.96917 1.0416</i>
                        <i>1 0 0 0 1 0 0 0 1 -0.691996 1.98329 1.0416</i>
                        <i>1 0 0 0 1 0 0 0 1 -0.688322 1.98836 1.0416</i>
                        <i>1 0 0 0 1 0 0 0 1 -0.688322 1.98836 1.0416</i>
                        <i>1 0 0 0 1 0 0 0 1 -0.688322 1.98835 1.0416</i>
                        <i>1 0 0 0 1 0 0 0 1 -0.688322 1.98835 1.0416</i>
                        <i>1 0 0 0 1 0 0 0 1 -0.688322 1.98835 1.0416</i>
                        <i>1 0 0 0 1 0 0 0 1 -0.688322 1.98835 1.0416</i>
                        <i>1 0 0 0 1 0 0 0 1 -0.688322 1.98836 1.0416</i>
                        <i>1 0 0 0 1 0 0 0 1 -0.688322 1.98836 1.0416</i>
                        <i>1 0 0 0 1 0 0 0 1 -0.688322 1.98836 1.0416</i>
                        <i>1 0 0 0 1 0 0 0 1 -0.688322 1.98836 1.0416</i>
                        <i>1 0 0 0 1 0 0 0 1 -0.688322 1.98836 1.0416</i>
                    </KeyFrames>
                </p>
            </i>
            <i>
                <p>
                    <Name><![CDATA[spine0]]></Name>
                    <Exclude>0</Exclude>
                    <Additive>0</Additive>
                    <IKPriority>0</IKPriority>
                    <IKRotLimits>-1e+010 -1e+010 -1e+010 1e+010 1e+010 1e+010</IKRotLimits>
                    <IKRotLimitOrder>0</IKRotLimitOrder>
                    <KeyFrames count="40">
                        <i>0.0766325 0.994547 0.0707365 -0.742023 0.00949968 0.670307 0.66598 -0.103855 0.738705 -0.713811 2.1271 1.01334</i>
                        <i>0.0852253 0.995458 0.0424194 -0.752041 0.0363412 0.658114 0.653583 -0.087989 0.751723 -0.781218 2.04364 0.998843</i>
                        <i>0.0964108 0.995144 0.0198298 -0.761796 0.0609522 0.644943 0.640602 -0.0772857 0.763973 -0.848211 1.88331 0.984259</i>
                        <i>0.104424 0.9945 0.00803594 -0.74659 0.0730495 0.661261 0.657038 -0.0750508 0.750113 -0.893258 1.77613 0.976427</i>
                        <i>0.103998 0.994576 0.00143911 -0.700523 0.0722233 0.709965 0.706011 -0.0748434 0.704235 -0.91786 1.75108 0.974414</i>
                        <i>0.0974117 0.995229 -0.00541766 -0.634211 0.066269 0.770315 0.766999 -0.0716018 0.637641 -0.93819 1.74522 0.973536</i>
                        <i>0.0867595 0.996167 -0.0111378 -0.554949 0.057611 0.829887 0.827348 -0.0658197 0.55782 -0.954525 1.75219 0.974463</i>
                        <i>0.0746021 0.9971 -0.0150688 -0.473663 0.0487284 0.879357 0.877541 -0.0584644 0.475924 -0.966975 1.76557 0.977085</i>
                        <i>0.0637109 0.997819 -0.0172547 -0.403806 0.0415866 0.913899 0.912624 -0.0512577 0.405575 -0.975734 1.77903 0.980452</i>
                        <i>0.0569677 0.998212 -0.0180696 -0.359446 0.0373921 0.932416 0.931425 -0.0466226 0.360934 -0.981244 1.78628 0.983081</i>
                        <i>0.0546631 0.998342 -0.0180108 -0.338759 0.0355103 0.940203 0.939284 -0.0452931 0.340139 -0.984613 1.78666 0.984478</i>
                        <i>0.0556568 0.998295 -0.0175948 -0.330018 0.0350251 0.943325 0.942332 -0.0466958 0.331405 -0.986395 1.78459 0.985223</i>
                        <i>0.0606917 0.99801 -0.0171033 -0.331765 0.0363303 0.942662 0.941408 -0.0515375 0.33331 -0.986358 1.78142 0.985455</i>
                        <i>0.0703601 0.99738 -0.0168187 -0.34224 0.0399735 0.938762 0.936975 -0.0602954 0.344155 -0.984271 1.77849 0.985383</i>
                        <i>0.0866699 0.996093 -0.0169473 -0.359431 0.0471306 0.931981 0.929138 -0.0746833 0.362111 -0.979923 1.77724 0.985233</i>
                        <i>0.107508 0.994054 -0.0172649 -0.380936 0.0572266 0.922829 0.91833 -0.0926348 0.384824 -0.973125 1.77918 0.985208</i>
                        <i>0.126637 0.9918 -0.0171756 -0.404388 0.0674291 0.912099 0.905778 -0.10856 0.409611 -0.963697 1.78587 0.985456</i>
                        <i>0.136866 0.990464 -0.0157987 -0.427834 0.0734891 0.900865 0.893435 -0.116538 0.433812 -0.951464 1.79892 0.986053</i>
                        <i>0.138567 0.990273 -0.0126029 -0.454438 0.074885 0.887625 0.879935 -0.117268 0.460395 -0.935186 1.81944 0.987025</i>
                        <i>0.137465 0.990477 -0.00762336 -0.486916 0.0742759 0.870285 0.862564 -0.115922 0.492489 -0.914516 1.84645 0.988436</i>
                        <i>0.133982 0.990983 -0.000957466 -0.523001 0.0715308 0.849325 0.841736 -0.113293 0.527869 -0.89061 1.8784 0.990337</i>
                        <i>0.128537 0.991678 0.00721323 -0.56053 0.0666494 0.825448 0.818098 -0.110144 0.564432 -0.864619 1.91374 0.992739</i>
                        <i>0.121573 0.992444 0.0166037 -0.597544 0.059821 0.799602 0.792566 -0.107132 0.600301 -0.83769 1.95089 0.995591</i>
                        <i>0.113569 0.993168 0.0268123 -0.632376 0.0514451 0.772951 0.766291 -0.104739 0.633899 -0.810948 1.98822 0.998789</i>
                        <i>0.105053 0.993766 0.0373185 -0.663709 0.0421174 0.746804 0.740577 -0.103222 0.663996 -0.785489 2.02415 1.00217</i>
                        <i>0.0966093 0.994188 0.0474978 -0.690574 0.0325868 0.722527 0.71678 -0.102604 0.689709 -0.762378 2.05705 1.00551</i>
                        <i>0.0888727 0.994431 0.0566511 -0.7123 0.0236967 0.701475 0.696226 -0.102695 0.710439 -0.742647 2.08536 1.00856</i>
                        <i>0.0825122 0.99453 0.0640465 -0.728414 0.0163241 0.684943 0.680151 -0.103168 0.725776 -0.727306 2.1075 1.01106</i>
                        <i>0.0782094 0.994549 0.0689637 -0.738498 0.0113267 0.67416 0.669704 -0.103655 0.735359 -0.717357 2.12193 1.01274</i>
                        <i>0.0766325 0.994547 0.0707365 -0.742023 0.00949968 0.670307 0.66598 -0.103855 0.738705 -0.713811 2.1271 1.01334</i>
                        <i>0.0766325 0.994547 0.0707365 -0.742023 0.00949968 0.670307 0.66598 -0.103855 0.738705 -0.713811 2.12709 1.01334</i>
                        <i>0.0766325 0.994547 0.0707365 -0.742023 0.00949968 0.670307 0.66598 -0.103855 0.738705 -0.713811 2.12709 1.01334</i>
                        <i>0.0766325 0.994547 0.0707365 -0.742023 0.00949968 0.670307 0.66598 -0.103855 0.738705 -0.713811 2.12709 1.01334</i>
                        <i>0.0766325 0.994547 0.0707365 -0.742023 0.00949968 0.670307 0.66598 -0.103855 0.738705 -0.713811 2.12709 1.01334</i>
                        <i>0.0766325 0.994547 0.0707365 -0.742023 0.00949968 0.670307 0.66598 -0.103855 0.738705 -0.713811 2.12709 1.01334</i>
                        <i>0.0766325 0.994547 0.0707365 -0.742023 0.00949968 0.670307 0.66598 -0.103855 0.738705 -0.713811 2.12709 1.01334</i>
                        <i>0.0766325 0.994547 0.0707365 -0.742023 0.00949968 0.670307 0.66598 -0.103855 0.738705 -0.713811 2.12709 1.01334</i>
                        <i>0.0766325 0.994547 0.0707365 -0.742023 0.00949968 0.670307 0.66598 -0.103855 0.738705 -0.713811 2.1271 1.01334</i>
                        <i>0.0766325 0.994547 0.0707365 -0.742023 0.00949968 0.670307 0.66598 -0.103855 0.738705 -0.713811 2.1271 1.01334</i>
                        <i>0.0766325 0.994547 0.0707365 -0.742023 0.00949968 0.670307 0.66598 -0.103855 0.738705 -0.713811 2.1271 1.01334</i>
                    </KeyFrames>
                </p>
            </i>
            <i>
                <p>
                    <Name><![CDATA[spine1]]></Name>
                    <Exclude>0</Exclude>
                    <Additive>0</Additive>
                    <IKPriority>0</IKPriority>
                    <IKRotLimits>-1e+010 -1e+010 -1e+010 1e+010 1e+010 1e+010</IKRotLimits>
                    <IKRotLimitOrder>0</IKRotLimitOrder>
                    <KeyFrames count="40">
                        <i>0.195025 0.963133 0.185309 -0.736629 0.0190904 0.676027 0.647567 -0.268346 0.713195 -0.700623 2.29829 1.02552</i>
                        <i>0.254762 0.941036 0.222595 -0.711564 0.0265578 0.702119 0.654808 -0.337264 0.676373 -0.766232 2.21889 1.00629</i>
                        <i>0.305942 0.916385 0.258143 -0.688702 0.0258153 0.724585 0.657335 -0.399464 0.639014 -0.830825 2.06315 0.9878</i>
                        <i>0.334573 0.901213 0.275455 -0.664628 0.0184376 0.746947 0.66808 -0.432983 0.605141 -0.87411 1.95897 0.977848</i>
                        <i>0.3531 0.892457 0.280785 -0.635607 0.00860172 0.771965 0.68653 -0.45105 0.570289 -0.898588 1.93598 0.97462</i>
                        <i>0.377161 0.881167 0.285121 -0.600598 -0.00164085 0.799549 0.705005 -0.472802 0.528609 -0.919885 1.93307 0.972446</i>
                        <i>0.403026 0.86991 0.284301 -0.562918 -0.00930365 0.826461 0.721591 -0.493124 0.485938 -0.937986 1.94327 0.972258</i>
                        <i>0.426238 0.860909 0.277771 -0.526964 -0.0132794 0.849784 0.735275 -0.508586 0.448008 -0.952585 1.95956 0.974086</i>
                        <i>0.442686 0.855573 0.268374 -0.497562 -0.0146083 0.867305 0.745963 -0.517477 0.419234 -0.963355 1.97509 0.977</i>
                        <i>0.449104 0.854547 0.260875 -0.479476 -0.015868 0.877411 0.753929 -0.519132 0.402608 -0.970158 1.98311 0.979461</i>
                        <i>0.446259 0.857142 0.257215 -0.471233 -0.0192733 0.881798 0.760784 -0.514719 0.395313 -0.974002 1.98309 0.980882</i>
                        <i>0.437843 0.861845 0.255964 -0.467761 -0.0247608 0.883508 0.767785 -0.506567 0.392296 -0.975645 1.97991 0.981732</i>
                        <i>0.425398 0.867866 0.256602 -0.468176 -0.0316132 0.883069 0.774498 -0.495791 0.392866 -0.974714 1.97502 0.982091</i>
                        <i>0.41071 0.874402 0.258338 -0.471337 -0.038926 0.881094 0.780486 -0.483638 0.39615 -0.970887 1.96986 0.982113</i>
                        <i>0.396455 0.880337 0.260444 -0.47536 -0.0458531 0.878595 0.785402 -0.472128 0.400298 -0.963616 1.96583 0.981985</i>
                        <i>0.383309 0.885647 0.262113 -0.481009 -0.0508512 0.875239 0.788482 -0.461566 0.406513 -0.953141 1.96474 0.98195</i>
                        <i>0.370424 0.890933 0.262724 -0.490244 -0.0527192 0.86999 0.788953 -0.451064 0.417246 -0.940419 1.96875 0.982257</i>
                        <i>0.357224 0.896436 0.262287 -0.503382 -0.0517664 0.862512 0.786764 -0.44014 0.432758 -0.926506 1.97999 0.983135</i>
                        <i>0.342361 0.90257 0.261067 -0.521111 -0.0487994 0.852092 0.781813 -0.427768 0.453633 -0.91007 1.99933 0.984707</i>
                        <i>0.325378 0.909501 0.258722 -0.54355 -0.0439889 0.838223 0.773746 -0.413368 0.480046 -0.889753 2.02522 0.987033</i>
                        <i>0.307088 0.91693 0.254825 -0.569157 -0.0376511 0.821367 0.76273 -0.397267 0.510315 -0.866627 2.05609 0.990141</i>
                        <i>0.288296 0.924568 0.249117 -0.596416 -0.0301492 0.802109 0.749115 -0.379822 0.542736 -0.841758 2.09038 0.994001</i>
                        <i>0.269767 0.932132 0.241569 -0.623889 -0.0218965 0.781206 0.733477 -0.361456 0.57564 -0.816205 2.12649 0.998509</i>
                        <i>0.252203 0.93935 0.232411 -0.650266 -0.0133475 0.759589 0.716622 -0.3427 0.607461 -0.791001 2.16284 1.00349</i>
                        <i>0.236214 0.945967 0.222148 -0.674427 -0.0049767 0.738325 0.699536 -0.324225 0.63681 -0.767142 2.19784 1.00867</i>
                        <i>0.222308 0.951753 0.211529 -0.695473 0.00274821 0.718547 0.683299 -0.306852 0.662529 -0.74559 2.22993 1.01375</i>
                        <i>0.210898 0.956515 0.201497 -0.712716 0.00939082 0.70139 0.668998 -0.291532 0.683704 -0.727266 2.25754 1.01836</i>
                        <i>0.202328 0.960092 0.193099 -0.725634 0.0145592 0.687926 0.657661 -0.279306 0.699621 -0.71307 2.27915 1.02211</i>
                        <i>0.19692 0.962345 0.187389 -0.733775 0.0179023 0.679157 0.650229 -0.27124 0.70967 -0.703888 2.29324 1.02461</i>
                        <i>0.195025 0.963133 0.185309 -0.736629 0.0190904 0.676027 0.647567 -0.268346 0.713195 -0.700623 2.29829 1.02552</i>
                        <i>0.195025 0.963133 0.185309 -0.736629 0.0190904 0.676027 0.647567 -0.268346 0.713195 -0.700623 2.29828 1.02552</i>
                        <i>0.195025 0.963133 0.185309 -0.736629 0.0190904 0.676027 0.647567 -0.268346 0.713195 -0.700623 2.29828 1.02552</i>
                        <i>0.195025 0.963133 0.185309 -0.736629 0.0190904 0.676027 0.647567 -0.268346 0.713195 -0.700623 2.29828 1.02552</i>
                        <i>0.195025 0.963133 0.185309 -0.736629 0.0190904 0.676027 0.647567 -0.268346 0.713195 -0.700623 2.29828 1.02552</i>
                        <i>0.195025 0.963133 0.185309 -0.736629 0.0190904 0.676027 0.647567 -0.268346 0.713195 -0.700623 2.29828 1.02552</i>
                        <i>0.195025 0.963133 0.185309 -0.736629 0.0190904 0.676027 0.647567 -0.268346 0.713195 -0.700623 2.29828 1.02552</i>
                        <i>0.195025 0.963133 0.185309 -0.736629 0.0190904 0.676027 0.647567 -0.268346 0.713195 -0.700623 2.29828 1.02552</i>
                        <i>0.195025 0.963133 0.185309 -0.736629 0.0190904 0.676027 0.647567 -0.268346 0.713195 -0.700623 2.29829 1.02552</i>
                        <i>0.195025 0.963133 0.185309 -0.736629 0.0190904 0.676027 0.647567 -0.268346 0.713195 -0.700623 2.29829 1.02552</i>
                        <i>0.195025 0.963133 0.185309 -0.736629 0.0190904 0.676027 0.647567 -0.268346 0.713195 -0.700623 2.29829 1.02552</i>
                    </KeyFrames>
                </p>
            </i>
            <i>
                <p>
                    <Name><![CDATA[spine2]]></Name>
                    <Exclude>0</Exclude>
                    <Additive>0</Additive>
                    <IKPriority>0</IKPriority>
                    <IKRotLimits>-1e+010 -1e+010 -1e+010 1e+010 1e+010 1e+010</IKRotLimits>
                    <IKRotLimitOrder>0</IKRotLimitOrder>
                    <KeyFrames count="40">
                        <i>0.299046 0.904221 0.304887 -0.732645 0.0128538 0.680489 0.611394 -0.426871 0.666317 -0.669704 2.45088 1.05489</i>
                        <i>0.412531 0.861807 0.29514 -0.658694 0.0584062 0.75014 0.629238 -0.503863 0.591761 -0.72486 2.37127 1.04236</i>
                        <i>0.510985 0.813923 0.276447 -0.581372 0.0903469 0.808606 0.633167 -0.573904 0.519358 -0.779776 2.21536 1.03074</i>
                        <i>0.569643 0.780312 0.258107 -0.531727 0.110426 0.839686 0.626715 -0.615564 0.477817 -0.817301 2.1112 1.02447</i>
                        <i>0.60051 0.759881 0.248935 -0.512325 0.126611 0.849407 0.613931 -0.637613 0.465337 -0.837982 2.08838 1.0227</i>
                        <i>0.625923 0.740365 0.24511 -0.503144 0.143218 0.852253 0.595874 -0.656771 0.462154 -0.854183 2.08579 1.02205</i>
                        <i>0.646806 0.723153 0.242264 -0.499605 0.161759 0.851017 0.576227 -0.671479 0.465917 -0.866658 2.09643 1.02257</i>
                        <i>0.663505 0.709234 0.238219 -0.498269 0.181369 0.84784 0.558112 -0.681244 0.473728 -0.876083 2.11326 1.024</i>
                        <i>0.676321 0.698822 0.232892 -0.496922 0.19946 0.844561 0.543745 -0.686924 0.482159 -0.883123 2.1293 1.02575</i>
                        <i>0.685764 0.691431 0.227269 -0.494034 0.212906 0.842972 0.534469 -0.690358 0.487594 -0.888476 2.13767 1.02705</i>
                        <i>0.692981 0.685998 0.221775 -0.489233 0.221501 0.843557 0.529555 -0.693068 0.489109 -0.893012 2.1378 1.02771</i>
                        <i>0.697134 0.683313 0.216997 -0.48439 0.225775 0.845217 0.528555 -0.694341 0.488385 -0.896631 2.13463 1.02807</i>
                        <i>0.69581 0.685626 0.213931 -0.481234 0.223941 0.847505 0.533163 -0.692653 0.485767 -0.898604 2.12952 1.02815</i>
                        <i>0.686454 0.695122 0.213509 -0.481295 0.21422 0.84998 0.545102 -0.686233 0.481611 -0.898216 2.12386 1.02795</i>
                        <i>0.664051 0.715629 0.216593 -0.486273 0.193312 0.852155 0.567957 -0.671198 0.47636 -0.894408 2.11886 1.02756</i>
                        <i>0.630248 0.743718 0.222871 -0.496045 0.164894 0.852496 0.597266 -0.647838 0.472841 -0.887177 2.11659 1.02714</i>
                        <i>0.593536 0.770904 0.231129 -0.509207 0.137321 0.849618 0.623236 -0.621972 0.474055 -0.877461 2.11968 1.02698</i>
                        <i>0.564206 0.790049 0.239778 -0.523744 0.117976 0.843667 0.63825 -0.601585 0.480347 -0.866319 2.13058 1.02738</i>
                        <i>0.540731 0.803478 0.249065 -0.540427 0.10492 0.834823 0.64463 -0.586017 0.490955 -0.852755 2.15002 1.02846</i>
                        <i>0.514572 0.817262 0.25942 -0.560777 0.0918872 0.822852 0.648648 -0.568893 0.505585 -0.835635 2.17611 1.03011</i>
                        <i>0.486495 0.830967 0.269846 -0.583502 0.0791479 0.808245 0.650267 -0.550663 0.523376 -0.815889 2.20725 1.03228</i>
                        <i>0.457342 0.84422 0.27952 -0.607397 0.0669588 0.791572 0.649544 -0.531799 0.543399 -0.794445 2.24181 1.03491</i>
                        <i>0.428019 0.856709 0.287835 -0.631367 0.0555605 0.773491 0.646665 -0.512799 0.564679 -0.772228 2.27818 1.03791</i>
                        <i>0.399479 0.868175 0.294429 -0.654443 0.0451662 0.754762 0.641967 -0.494198 0.586214 -0.75015 2.31476 1.04115</i>
                        <i>0.372698 0.878396 0.299194 -0.675775 0.0359568 0.736231 0.635944 -0.476579 0.606999 -0.729109 2.34996 1.04445</i>
                        <i>0.348658 0.887174 0.302257 -0.694623 0.0280842 0.718826 0.629235 -0.460579 0.626043 -0.709983 2.3822 1.04764</i>
                        <i>0.32833 0.894328 0.303935 -0.710331 0.0216864 0.703534 0.622599 -0.446886 0.642389 -0.693633 2.40994 1.0505</i>
                        <i>0.312667 0.89968 0.304655 -0.7223 0.0169048 0.691373 0.616865 -0.436222 0.655125 -0.680906 2.43165 1.0528</i>
                        <i>0.302601 0.903047 0.304859 -0.729945 0.0138995 0.683365 0.612873 -0.429317 0.663381 -0.672648 2.44581 1.05433</i>
                        <i>0.299046 0.904221 0.304887 -0.732645 0.0128538 0.680489 0.611394 -0.426871 0.666317 -0.669704 2.45088 1.05489</i>
                        <i>0.299046 0.904221 0.304887 -0.732645 0.0128538 0.680489 0.611394 -0.426871 0.666317 -0.669704 2.45088 1.05489</i>
                        <i>0.299046 0.904221 0.304887 -0.732645 0.0128538 0.680489 0.611394 -0.426871 0.666317 -0.669704 2.45087 1.05489</i>
                        <i>0.299046 0.904221 0.304887 -0.732645 0.0128538 0.680489 0.611394 -0.426871 0.666317 -0.669704 2.45087 1.05489</i>
                        <i>0.299046 0.904221 0.304887 -0.732645 0.0128538 0.680489 0.611394 -0.426871 0.666317 -0.669704 2.45087 1.05489</i>
                        <i>0.299046 0.904221 0.304887 -0.732645 0.0128538 0.680489 0.611394 -0.426871 0.666317 -0.669704 2.45087 1.05489</i>
                        <i>0.299046 0.904221 0.304887 -0.732645 0.0128538 0.680489 0.611394 -0.426871 0.666317 -0.669704 2.45088 1.05489</i>
                        <i>0.299046 0.904221 0.304887 -0.732645 0.0128538 0.680489 0.611394 -0.426871 0.666317 -0.669704 2.45088 1.05489</i>
                        <i>0.299046 0.904221 0.304887 -0.732645 0.0128538 0.680489 0.611394 -0.426871 0.666317 -0.669704 2.45088 1.05489</i>
                        <i>0.299046 0.904221 0.304887 -0.732645 0.0128538 0.680489 0.611394 -0.426871 0.666317 -0.669704 2.45088 1.05489</i>
                        <i>0.299046 0.904221 0.304887 -0.732645 0.0128538 0.680489 0.611394 -0.426871 0.666317 -0.669704 2.45088 1.05489</i>
                    </KeyFrames>
                </p>
            </i>
            <i>
                <p>
                    <Name><![CDATA[head]]></Name>
                    <Exclude>0</Exclude>
                    <Additive>0</Additive>
                    <IKPriority>0</IKPriority>
                    <IKRotLimits>-1e+010 -1e+010 -1e+010 1e+010 1e+010 1e+010</IKRotLimits>
                    <IKRotLimitOrder>0</IKRotLimitOrder>
                    <KeyFrames count="40">
                        <i>0.0418655 0.986076 0.16094 -0.0808893 0.163897 -0.983155 -0.995843 0.028142 0.0866246 -0.600302 2.68893 1.12626</i>
                        <i>0.0169868 0.999826 -0.00767466 -0.107703 -0.00580143 -0.994166 -0.994038 0.0177142 0.107585 -0.622573 2.60183 1.10671</i>
                        <i>0.00492865 0.985358 -0.170428 -0.117993 -0.168667 -0.978585 -0.993002 0.0249325 0.115434 -0.647485 2.4355 1.08502</i>
                        <i>0.0110322 0.966347 -0.257004 -0.138661 -0.253058 -0.957462 -0.990278 0.0461995 0.131203 -0.666611 2.32264 1.0705</i>
                        <i>0.0171373 0.961982 -0.272575 -0.172835 -0.26566 -0.948447 -0.984802 0.0633644 0.161712 -0.677763 2.29464 1.065</i>
                        <i>0.0199146 0.963363 -0.267459 -0.209041 -0.257587 -0.943372 -0.977704 0.0746967 0.196253 -0.68632 2.28814 1.06281</i>
                        <i>0.0271557 0.969536 -0.24344 -0.249213 -0.229274 -0.940918 -0.968068 0.0862197 0.235395 -0.692595 2.29591 1.06293</i>
                        <i>0.0476321 0.978031 -0.202942 -0.294259 -0.180417 -0.938542 -0.954538 0.104422 0.279201 -0.697047 2.3106 1.06426</i>
                        <i>0.0903696 0.984592 -0.149703 -0.342108 -0.11048 -0.933143 -0.935305 0.135542 0.326853 -0.700174 2.32483 1.06566</i>
                        <i>0.163103 0.982551 -0.0893962 -0.386288 -0.0197786 -0.922166 -0.907843 0.18494 0.376322 -0.702474 2.33122 1.06596</i>
                        <i>0.444848 0.893466 0.061882 -0.37733 0.249636 -0.891798 -0.812239 0.373365 0.448181 -0.704505 2.32896 1.0649</i>
                        <i>0.681692 0.708902 0.180978 -0.228427 0.441214 -0.867843 -0.695066 0.550262 0.462704 -0.706612 2.3237 1.06335</i>
                        <i>0.716362 0.669062 0.197945 -0.190065 0.460093 -0.867289 -0.671343 0.58367 0.456758 -0.708943 2.31775 1.06182</i>
                        <i>0.718765 0.664448 0.204659 -0.180385 0.462508 -0.868071 -0.671445 0.587022 0.452291 -0.71164 2.31343 1.06086</i>
                        <i>0.68621 0.697256 0.207244 -0.196858 0.45229 -0.869874 -0.700259 0.556118 0.447626 -0.715404 2.31345 1.061</i>
                        <i>0.622871 0.753906 0.208942 -0.225851 0.428993 -0.874618 -0.749014 0.497584 0.437478 -0.719507 2.31877 1.06236</i>
                        <i>0.544487 0.812007 0.210185 -0.247827 0.395143 -0.884559 -0.801321 0.429541 0.416387 -0.72179 2.32922 1.06479</i>
                        <i>0.473232 0.855454 0.210356 -0.248466 0.358705 -0.899775 -0.845172 0.373536 0.382302 -0.719777 2.3451 1.06805</i>
                        <i>0.394844 0.896421 0.201314 -0.225834 0.307092 -0.924496 -0.89056 0.319568 0.323696 -0.713044 2.36781 1.07233</i>
                        <i>0.295594 0.939092 0.175299 -0.178176 0.234475 -0.955654 -0.938551 0.251252 0.236633 -0.703453 2.39721 1.07767</i>
                        <i>0.20146 0.969733 0.137954 -0.107962 0.161967 -0.980873 -0.973529 0.182712 0.137324 -0.691763 2.43155 1.08375</i>
                        <i>0.128751 0.986429 0.101885 -0.0335765 0.107018 -0.99369 -0.991108 0.124517 0.0468995 -0.6787 2.46908 1.09026</i>
                        <i>0.0804204 0.993357 0.0823103 0.0187789 0.0810532 -0.996533 -0.996584 0.0816872 -0.0121358 -0.664952 2.50811 1.0969</i>
                        <i>0.0493547 0.995483 0.0810996 0.0374074 0.0792992 -0.996149 -0.998081 0.0521984 -0.0333246 -0.651166 2.54696 1.1034</i>
                        <i>0.0290075 0.99561 0.0889844 0.0324152 0.0880381 -0.995589 -0.999053 0.031764 -0.0297191 -0.637952 2.58404 1.10951</i>
                        <i>0.0192688 0.994423 0.10369 0.0110196 0.103492 -0.994569 -0.999754 0.0203067 -0.0089639 -0.625891 2.61777 1.11497</i>
                        <i>0.0196373 0.992305 0.122255 -0.0187933 0.122623 -0.992275 -0.999631 0.017188 0.0210567 -0.615542 2.64663 1.11959</i>
                        <i>0.0273733 0.989649 0.140874 -0.0489091 0.142083 -0.988646 -0.998428 0.0201725 0.0522922 -0.607457 2.6691 1.12315</i>
                        <i>0.0371017 0.987183 0.155223 -0.0718259 0.157562 -0.984894 -0.996727 0.0253922 0.0767511 -0.602188 2.6837 1.12544</i>
                        <i>0.0418655 0.986076 0.16094 -0.0808893 0.163897 -0.983155 -0.995843 0.028142 0.0866246 -0.600302 2.68893 1.12626</i>
                        <i>0.0418655 0.986076 0.16094 -0.0808893 0.163897 -0.983155 -0.995843 0.028142 0.0866246 -0.600302 2.68893 1.12626</i>
                        <i>0.0418655 0.986076 0.16094 -0.0808893 0.163897 -0.983155 -0.995843 0.028142 0.0866246 -0.600302 2.68892 1.12626</i>
                        <i>0.0418655 0.986076 0.16094 -0.0808893 0.163897 -0.983155 -0.995843 0.028142 0.0866246 -0.600302 2.68892 1.12626</i>
                        <i>0.0418655 0.986076 0.16094 -0.0808893 0.163897 -0.983155 -0.995843 0.028142 0.0866246 -0.600302 2.68892 1.12626</i>
                        <i>0.0418655 0.986076 0.16094 -0.0808893 0.163897 -0.983155 -0.995843 0.028142 0.0866246 -0.600302 2.68892 1.12626</i>
                        <i>0.0418655 0.986076 0.16094 -0.0808893 0.163897 -0.983155 -0.995843 0.028142 0.0866246 -0.600302 2.68893 1.12626</i>
                        <i>0.0418655 0.986076 0.16094 -0.0808893 0.163897 -0.983155 -0.995843 0.028142 0.0866246 -0.600302 2.68893 1.12626</i>
                        <i>0.0418655 0.986076 0.16094 -0.0808893 0.163897 -0.983155 -0.995843 0.028142 0.0866246 -0.600302 2.68893 1.12626</i>
                        <i>0.0418655 0.986076 0.16094 -0.0808893 0.163897 -0.983155 -0.995843 0.028142 0.0866246 -0.600302 2.68893 1.12626</i>
                        <i>0.0418655 0.986076 0.16094 -0.0808893 0.163897 -0.983155 -0.995843 0.028142 0.0866246 -0.600302 2.68893 1.12626</i>
                    </KeyFrames>
                </p>
            </i>
            <i>
                <p>
                    <Name><![CDATA[head_prop]]></Name>
                    <Exclude>0</Exclude>
                    <Additive>0</Additive>
                    <IKPriority>0</IKPriority>
                    <IKRotLimits>-1e+010 -1e+010 -1e+010 1e+010 1e+010 1e+010</IKRotLimits>
                    <IKRotLimitOrder>0</IKRotLimitOrder>
                    <KeyFrames count="40">
                        <i>0.995843 -0.028142 -0.0866246 0.0418655 0.986076 0.16094 0.0808893 -0.163897 0.983155 -0.586658 3.0103 1.17871</i>
                        <i>0.98995 0.140151 -0.0188845 -0.121529 0.911393 0.393185 0.0723165 -0.386938 0.919265 -0.62392 3.08129 1.1506</i>
                        <i>0.951123 0.308556 0.0126213 -0.250557 0.747162 0.615605 0.180518 -0.588678 0.787954 -0.662355 3.07471 1.0712</i>
                        <i>0.93202 0.362208 -0.0119778 -0.25528 0.67962 0.687713 0.257235 -0.637905 0.725884 -0.68 3.08 0.986737</i>
                        <i>0.985651 0.111093 -0.127083 -0.0923869 0.985159 0.144657 0.141268 -0.13084 0.981287 -0.683919 3.09183 0.88281</i>
                        <i>0.958441 -0.160879 -0.235604 0.0415256 0.89571 -0.442695 0.282253 0.414514 0.865166 -0.691796 3.04883 0.817731</i>
                        <i>0.943364 -0.161228 -0.289947 0.0473311 0.930437 -0.363383 0.328365 0.329079 0.885372 -0.695026 2.96809 0.8644</i>
                        <i>0.938216 -0.0966673 -0.332274 0.0708328 0.993507 -0.0890326 0.338723 0.0599959 0.938971 -0.688327 2.86461 0.944738</i>
                        <i>0.93223 -0.0317121 -0.360474 0.123053 0.96457 0.233373 0.340302 -0.261915 0.903103 -0.672395 2.75806 1.02375</i>
                        <i>0.92214 -0.0309812 -0.385613 0.206615 0.882156 0.423216 0.327059 -0.469938 0.819872 -0.650818 2.67342 1.07407</i>
                        <i>0.86791 -0.246518 -0.431231 0.45816 0.732676 0.503265 0.191889 -0.634362 0.748842 -0.568083 2.60232 1.11983</i>
                        <i>0.755522 -0.484713 -0.440727 0.654182 0.59424 0.467893 0.0351039 -0.641819 0.766052 -0.499734 2.53704 1.14215</i>
                        <i>0.697556 -0.559312 -0.447868 0.708762 0.630387 0.316652 0.105223 -0.538314 0.83615 -0.481582 2.52955 1.13427</i>
                        <i>0.671445 -0.587022 -0.452291 0.718765 0.664448 0.204659 0.180385 -0.462508 0.868071 -0.477388 2.52998 1.12756</i>
                        <i>0.692736 -0.563687 -0.449859 0.686311 0.706901 0.17108 0.22157 -0.427257 0.87656 -0.492147 2.54014 1.12558</i>
                        <i>0.742943 -0.504867 -0.439483 0.622594 0.762322 0.176755 0.245789 -0.404938 0.880689 -0.516782 2.56394 1.12782</i>
                        <i>0.799337 -0.432489 -0.417149 0.544399 0.8151 0.198098 0.254343 -0.385442 0.886986 -0.544401 2.59364 1.1323</i>
                        <i>0.845172 -0.373536 -0.382302 0.473232 0.855454 0.210356 0.248466 -0.358705 0.899775 -0.565546 2.6239 1.13661</i>
                        <i>0.89056 -0.319568 -0.323696 0.394844 0.896421 0.201314 0.225834 -0.307092 0.924496 -0.584361 2.65996 1.13794</i>
                        <i>0.938551 -0.251252 -0.236633 0.295594 0.939092 0.175299 0.178176 -0.234475 0.955654 -0.607117 2.70327 1.1348</i>
                        <i>0.973529 -0.182712 -0.137324 0.20146 0.969733 0.137954 0.107962 -0.161967 0.980873 -0.626105 2.74759 1.12871</i>
                        <i>0.991108 -0.124517 -0.0468995 0.128751 0.986429 0.101885 0.0335765 -0.107018 0.99369 -0.636739 2.79057 1.12347</i>
                        <i>0.996584 -0.0816872 0.0121358 0.0804204 0.993357 0.0823103 -0.0187789 -0.0810532 0.996533 -0.638743 2.83185 1.12373</i>
                        <i>0.998081 -0.0521984 0.0333246 0.0493547 0.995483 0.0810996 -0.0374074 -0.0792992 0.996149 -0.635081 2.8714 1.12983</i>
                        <i>0.999053 -0.031764 0.0297191 0.0290075 0.99561 0.0889844 -0.0324152 -0.0880381 0.995589 -0.628498 2.90852 1.13851</i>
                        <i>0.999754 -0.0203067 0.0089639 0.0192688 0.994423 0.10369 -0.0110196 -0.103492 0.994569 -0.619611 2.94186 1.14877</i>
                        <i>0.999631 -0.017188 -0.0210567 0.0196373 0.992305 0.122255 0.0187933 -0.122623 0.992275 -0.609142 2.97003 1.15944</i>
                        <i>0.998428 -0.0201725 -0.0522922 0.0273733 0.989649 0.140874 0.0489091 -0.142083 0.988646 -0.598535 2.99163 1.16906</i>
                        <i>0.996727 -0.0253922 -0.0767511 0.0371017 0.987183 0.155223 0.0718259 -0.157562 0.984894 -0.590096 3.00544 1.17603</i>
                        <i>0.995843 -0.028142 -0.0866246 0.0418655 0.986076 0.16094 0.0808893 -0.163897 0.983155 -0.586658 3.0103 1.17871</i>
                        <i>0.995843 -0.028142 -0.0866246 0.0418655 0.986076 0.16094 0.0808893 -0.163897 0.983155 -0.586658 3.0103 1.17871</i>
                        <i>0.995843 -0.028142 -0.0866246 0.0418655 0.986076 0.16094 0.0808893 -0.163897 0.983155 -0.586658 3.01029 1.17871</i>
                        <i>0.995843 -0.028142 -0.0866246 0.0418655 0.986076 0.16094 0.0808893 -0.163897 0.983155 -0.586658 3.01029 1.17871</i>
                        <i>0.995843 -0.028142 -0.0866246 0.0418655 0.986076 0.16094 0.0808893 -0.163897 0.983155 -0.586658 3.01029 1.17871</i>
                        <i>0.995843 -0.028142 -0.0866246 0.0418655 0.986076 0.16094 0.0808893 -0.163897 0.983155 -0.586658 3.01029 1.17871</i>
                        <i>0.995843 -0.028142 -0.0866246 0.0418655 0.986076 0.16094 0.0808893 -0.163897 0.983155 -0.586658 3.0103 1.17871</i>
                        <i>0.995843 -0.028142 -0.0866246 0.0418655 0.986076 0.16094 0.0808893 -0.163897 0.983155 -0.586658 3.0103 1.17871</i>
                        <i>0.995843 -0.028142 -0.0866246 0.0418655 0.986076 0.16094 0.0808893 -0.163897 0.983155 -0.586658 3.0103 1.17871</i>
                        <i>0.995843 -0.028142 -0.0866246 0.0418655 0.986076 0.16094 0.0808893 -0.163897 0.983155 -0.586658 3.0103 1.17871</i>
                        <i>0.995843 -0.028142 -0.0866246 0.0418655 0.986076 0.16094 0.0808893 -0.163897 0.983155 -0.586658 3.0103 1.17871</i>
                    </KeyFrames>
                </p>
            </i>
            <i>
                <p>
                    <Name><![CDATA[l_clav]]></Name>
                    <Exclude>0</Exclude>
                    <Additive>0</Additive>
                    <IKPriority>0</IKPriority>
                    <IKRotLimits>-1e+010 -1e+010 -1e+010 1e+010 1e+010 1e+010</IKRotLimits>
                    <IKRotLimitOrder>0</IKRotLimitOrder>
                    <KeyFrames count="40">
                        <i>0.649005 0.142903 -0.747243 0.0740841 0.965661 0.249019 0.757169 -0.216973 0.616132 -0.566765 2.49175 1.03788</i>
                        <i>0.604154 0.135923 -0.785189 0.15297 0.947238 0.281675 0.782047 -0.290286 0.551486 -0.622443 2.40107 1.02006</i>
                        <i>0.565428 0.133539 -0.813915 0.234559 0.920027 0.313897 0.790742 -0.368397 0.488887 -0.680552 2.23501 1.00425</i>
                        <i>0.559477 0.152311 -0.814731 0.275089 0.89313 0.355872 0.781864 -0.423226 0.457787 -0.721377 2.12457 0.99577</i>
                        <i>0.582034 0.184694 -0.791912 0.274139 0.872287 0.404924 0.765562 -0.452773 0.457069 -0.74296 2.09854 0.993539</i>
                        <i>0.607289 0.206701 -0.767121 0.267777 0.855812 0.442584 0.747995 -0.474194 0.464375 -0.758249 2.09367 0.993366</i>
                        <i>0.628134 0.207666 -0.749882 0.267875 0.847105 0.458973 0.730542 -0.489171 0.476467 -0.768706 2.10269 0.994456</i>
                        <i>0.641875 0.189968 -0.742905 0.278211 0.845117 0.456481 0.714559 -0.499689 0.489608 -0.775844 2.11834 0.996122</i>
                        <i>0.646931 0.164745 -0.74454 0.296089 0.845504 0.444357 0.702717 -0.507919 0.498204 -0.78117 2.13341 0.997739</i>
                        <i>0.642168 0.142785 -0.753149 0.31806 0.844306 0.43126 0.697466 -0.516488 0.496772 -0.78616 2.14072 0.998713</i>
                        <i>0.628145 0.126679 -0.767715 0.343147 0.840428 0.41944 0.698343 -0.526909 0.484442 -0.791746 2.13959 0.999014</i>
                        <i>0.607285 0.11465 -0.786168 0.368397 0.836085 0.406503 0.70391 -0.536485 0.465505 -0.797073 2.13531 0.999015</i>
                        <i>0.581847 0.110677 -0.805732 0.38723 0.833499 0.394123 0.715197 -0.541323 0.442111 -0.800927 2.12968 0.998721</i>
                        <i>0.554303 0.118146 -0.823887 0.393153 0.835313 0.384295 0.733606 -0.53693 0.416567 -0.802088 2.12449 0.998115</i>
                        <i>0.526121 0.142393 -0.838404 0.375019 0.845995 0.379017 0.763255 -0.513826 0.391695 -0.798822 2.12165 0.99721</i>
                        <i>0.499723 0.175834 -0.848151 0.336052 0.863127 0.376937 0.79834 -0.473387 0.372235 -0.791199 2.123 0.996418</i>
                        <i>0.479858 0.204277 -0.853233 0.292144 0.879813 0.374942 0.827278 -0.429186 0.362507 -0.780739 2.13011 0.996292</i>
