<?xml version="1.0" encoding="ISO-8859-1" ?>
<Animl Version="1">
    <ModellingPackage><![CDATA[Maya.2010]]></ModellingPackage>
    <SrcFile><![CDATA[anims\turrets\antitank\red\~src\at_b10_recoilless\b10recoilless_idle_crewman_c.mb]]></SrcFile>
    <FramesPerSecond>30</FramesPerSecond>
    <TotalFrames>120</TotalFrames>
    <Skeleton>
        <RefFrame>
            <Name><![CDATA[soldier_ref_frame]]></Name>
            <Exclude>0</Exclude>
            <Additive>0</Additive>
            <IKPriority>0</IKPriority>
            <IKRotLimits>-1e+010 -1e+010 -1e+010 1e+010 1e+010 1e+010</IKRotLimits>
            <IKRotLimitOrder>0</IKRotLimitOrder>
            <KeyFrames count="120">
                <i>1 0 0 0 1 0 0 0 1 -0.72 0.92 1.18</i>
                <i>1 0 0 0 1 0 0 0 1 -0.72 0.92 1.18</i>
                <i>1 0 0 0 1 0 0 0 1 -0.72 0.92 1.18</i>
                <i>1 0 0 0 1 0 0 0 1 -0.72 0.92 1.18</i>
                <i>1 0 0 0 1 0 0 0 1 -0.72 0.92 1.18</i>
                <i>1 0 0 0 1 0 0 0 1 -0.72 0.92 1.18</i>
                <i>1 0 0 0 1 0 0 0 1 -0.72 0.92 1.18</i>
                <i>1 0 0 0 1 0 0 0 1 -0.72 0.92 1.18</i>
                <i>1 0 0 0 1 0 0 0 1 -0.72 0.92 1.18</i>
                <i>1 0 0 0 1 0 0 0 1 -0.72 0.92 1.18</i>
                <i>1 0 0 0 1 0 0 0 1 -0.72 0.92 1.18</i>
                <i>1 0 0 0 1 0 0 0 1 -0.72 0.92 1.18</i>
                <i>1 0 0 0 1 0 0 0 1 -0.72 0.92 1.18</i>
                <i>1 0 0 0 1 0 0 0 1 -0.72 0.92 1.18</i>
                <i>1 0 0 0 1 0 0 0 1 -0.72 0.92 1.18</i>
                <i>1 0 0 0 1 0 0 0 1 -0.72 0.92 1.18</i>
                <i>1 0 0 0 1 0 0 0 1 -0.72 0.92 1.18</i>
                <i>1 0 0 0 1 0 0 0 1 -0.72 0.92 1.18</i>
                <i>1 0 0 0 1 0 0 0 1 -0.72 0.92 1.18</i>
                <i>1 0 0 0 1 0 0 0 1 -0.72 0.92 1.18</i>
                <i>1 0 0 0 1 0 0 0 1 -0.72 0.92 1.18</i>
                <i>1 0 0 0 1 0 0 0 1 -0.72 0.92 1.18</i>
                <i>1 0 0 0 1 0 0 0 1 -0.72 0.92 1.18</i>
                <i>1 0 0 0 1 0 0 0 1 -0.72 0.92 1.18</i>
                <i>1 0 0 0 1 0 0 0 1 -0.72 0.92 1.18</i>
                <i>1 0 0 0 1 0 0 0 1 -0.72 0.92 1.18</i>
                <i>1 0 0 0 1 0 0 0 1 -0.72 0.92 1.18</i>
                <i>1 0 0 0 1 0 0 0 1 -0.72 0.92 1.18</i>
                <i>1 0 0 0 1 0 0 0 1 -0.72 0.92 1.18</i>
                <i>1 0 0 0 1 0 0 0 1 -0.72 0.92 1.18</i>
                <i>1 0 0 0 1 0 0 0 1 -0.72 0.92 1.18</i>
                <i>1 0 0 0 1 0 0 0 1 -0.72 0.92 1.18</i>
                <i>1 0 0 0 1 0 0 0 1 -0.72 0.92 1.18</i>
                <i>1 0 0 0 1 0 0 0 1 -0.72 0.92 1.18</i>
                <i>1 0 0 0 1 0 0 0 1 -0.72 0.92 1.18</i>
                <i>1 0 0 0 1 0 0 0 1 -0.72 0.92 1.18</i>
                <i>1 0 0 0 1 0 0 0 1 -0.72 0.92 1.18</i>
                <i>1 0 0 0 1 0 0 0 1 -0.72 0.92 1.18</i>
                <i>1 0 0 0 1 0 0 0 1 -0.72 0.92 1.18</i>
                <i>1 0 0 0 1 0 0 0 1 -0.72 0.92 1.18</i>
                <i>1 0 0 0 1 0 0 0 1 -0.72 0.92 1.18</i>
                <i>1 0 0 0 1 0 0 0 1 -0.72 0.92 1.18</i>
                <i>1 0 0 0 1 0 0 0 1 -0.72 0.92 1.18</i>
                <i>1 0 0 0 1 0 0 0 1 -0.72 0.92 1.18</i>
                <i>1 0 0 0 1 0 0 0 1 -0.72 0.92 1.18</i>
                <i>1 0 0 0 1 0 0 0 1 -0.72 0.92 1.18</i>
                <i>1 0 0 0 1 0 0 0 1 -0.72 0.92 1.18</i>
                <i>1 0 0 0 1 0 0 0 1 -0.72 0.92 1.18</i>
                <i>1 0 0 0 1 0 0 0 1 -0.72 0.92 1.18</i>
                <i>1 0 0 0 1 0 0 0 1 -0.72 0.92 1.18</i>
                <i>1 0 0 0 1 0 0 0 1 -0.72 0.92 1.18</i>
                <i>1 0 0 0 1 0 0 0 1 -0.72 0.92 1.18</i>
                <i>1 0 0 0 1 0 0 0 1 -0.72 0.92 1.18</i>
                <i>1 0 0 0 1 0 0 0 1 -0.72 0.92 1.18</i>
                <i>1 0 0 0 1 0 0 0 1 -0.72 0.92 1.18</i>
                <i>1 0 0 0 1 0 0 0 1 -0.72 0.92 1.18</i>
                <i>1 0 0 0 1 0 0 0 1 -0.72 0.92 1.18</i>
                <i>1 0 0 0 1 0 0 0 1 -0.72 0.92 1.18</i>
                <i>1 0 0 0 1 0 0 0 1 -0.72 0.92 1.18</i>
                <i>1 0 0 0 1 0 0 0 1 -0.72 0.92 1.18</i>
                <i>1 0 0 0 1 0 0 0 1 -0.72 0.92 1.18</i>
                <i>1 0 0 0 1 0 0 0 1 -0.72 0.92 1.18</i>
                <i>1 0 0 0 1 0 0 0 1 -0.72 0.92 1.18</i>
                <i>1 0 0 0 1 0 0 0 1 -0.72 0.92 1.18</i>
                <i>1 0 0 0 1 0 0 0 1 -0.72 0.92 1.18</i>
                <i>1 0 0 0 1 0 0 0 1 -0.72 0.92 1.18</i>
                <i>1 0 0 0 1 0 0 0 1 -0.72 0.92 1.18</i>
                <i>1 0 0 0 1 0 0 0 1 -0.72 0.92 1.18</i>
                <i>1 0 0 0 1 0 0 0 1 -0.72 0.92 1.18</i>
                <i>1 0 0 0 1 0 0 0 1 -0.72 0.92 1.18</i>
                <i>1 0 0 0 1 0 0 0 1 -0.72 0.92 1.18</i>
                <i>1 0 0 0 1 0 0 0 1 -0.72 0.92 1.18</i>
                <i>1 0 0 0 1 0 0 0 1 -0.72 0.92 1.18</i>
                <i>1 0 0 0 1 0 0 0 1 -0.72 0.92 1.18</i>
                <i>1 0 0 0 1 0 0 0 1 -0.72 0.92 1.18</i>
                <i>1 0 0 0 1 0 0 0 1 -0.72 0.92 1.18</i>
                <i>1 0 0 0 1 0 0 0 1 -0.72 0.92 1.18</i>
                <i>1 0 0 0 1 0 0 0 1 -0.72 0.92 1.18</i>
                <i>1 0 0 0 1 0 0 0 1 -0.72 0.92 1.18</i>
                <i>1 0 0 0 1 0 0 0 1 -0.72 0.92 1.18</i>
                <i>1 0 0 0 1 0 0 0 1 -0.72 0.92 1.18</i>
                <i>1 0 0 0 1 0 0 0 1 -0.72 0.92 1.18</i>
                <i>1 0 0 0 1 0 0 0 1 -0.72 0.92 1.18</i>
                <i>1 0 0 0 1 0 0 0 1 -0.72 0.92 1.18</i>
                <i>1 0 0 0 1 0 0 0 1 -0.72 0.92 1.18</i>
                <i>1 0 0 0 1 0 0 0 1 -0.72 0.92 1.18</i>
                <i>1 0 0 0 1 0 0 0 1 -0.72 0.92 1.18</i>
                <i>1 0 0 0 1 0 0 0 1 -0.72 0.92 1.18</i>
                <i>1 0 0 0 1 0 0 0 1 -0.72 0.92 1.18</i>
                <i>1 0 0 0 1 0 0 0 1 -0.72 0.92 1.18</i>
                <i>1 0 0 0 1 0 0 0 1 -0.72 0.92 1.18</i>
                <i>1 0 0 0 1 0 0 0 1 -0.72 0.92 1.18</i>
                <i>1 0 0 0 1 0 0 0 1 -0.72 0.92 1.18</i>
                <i>1 0 0 0 1 0 0 0 1 -0.72 0.92 1.18</i>
                <i>1 0 0 0 1 0 0 0 1 -0.72 0.92 1.18</i>
                <i>1 0 0 0 1 0 0 0 1 -0.72 0.92 1.18</i>
                <i>1 0 0 0 1 0 0 0 1 -0.72 0.92 1.18</i>
                <i>1 0 0 0 1 0 0 0 1 -0.72 0.92 1.18</i>
                <i>1 0 0 0 1 0 0 0 1 -0.72 0.92 1.18</i>
                <i>1 0 0 0 1 0 0 0 1 -0.72 0.92 1.18</i>
                <i>1 0 0 0 1 0 0 0 1 -0.72 0.92 1.18</i>
                <i>1 0 0 0 1 0 0 0 1 -0.72 0.92 1.18</i>
                <i>1 0 0 0 1 0 0 0 1 -0.72 0.92 1.18</i>
                <i>1 0 0 0 1 0 0 0 1 -0.72 0.92 1.18</i>
                <i>1 0 0 0 1 0 0 0 1 -0.72 0.92 1.18</i>
                <i>1 0 0 0 1 0 0 0 1 -0.72 0.92 1.18</i>
                <i>1 0 0 0 1 0 0 0 1 -0.72 0.92 1.18</i>
                <i>1 0 0 0 1 0 0 0 1 -0.72 0.92 1.18</i>
                <i>1 0 0 0 1 0 0 0 1 -0.72 0.92 1.18</i>
                <i>1 0 0 0 1 0 0 0 1 -0.72 0.92 1.18</i>
                <i>1 0 0 0 1 0 0 0 1 -0.72 0.92 1.18</i>
                <i>1 0 0 0 1 0 0 0 1 -0.72 0.92 1.18</i>
                <i>1 0 0 0 1 0 0 0 1 -0.72 0.92 1.18</i>
                <i>1 0 0 0 1 0 0 0 1 -0.72 0.92 1.18</i>
                <i>1 0 0 0 1 0 0 0 1 -0.72 0.92 1.18</i>
                <i>1 0 0 0 1 0 0 0 1 -0.72 0.92 1.18</i>
                <i>1 0 0 0 1 0 0 0 1 -0.72 0.92 1.18</i>
                <i>1 0 0 0 1 0 0 0 1 -0.72 0.92 1.18</i>
                <i>1 0 0 0 1 0 0 0 1 -0.72 0.92 1.18</i>
                <i>1 0 0 0 1 0 0 0 1 -0.72 0.92 1.18</i>
            </KeyFrames>
        </RefFrame>
        <Bones count="23">
            <i>
                <p>
                    <Name><![CDATA[pelvis]]></Name>
                    <Exclude>0</Exclude>
                    <Additive>0</Additive>
                    <IKPriority>0</IKPriority>
                    <IKRotLimits>-1e+010 -1e+010 -1e+010 1e+010 1e+010 1e+010</IKRotLimits>
                    <IKRotLimitOrder>2</IKRotLimitOrder>
                    <KeyFrames count="120">
                        <i>1 0 0 0 1 0 0 0 1 -0.688322 1.98836 1.0416</i>
                        <i>1 0 0 0 1 0 0 0 1 -0.688353 1.98824 1.04156</i>
                        <i>1 0 0 0 1 0 0 0 1 -0.688386 1.98792 1.04153</i>
                        <i>1 0 0 0 1 0 0 0 1 -0.688422 1.98742 1.04149</i>
                        <i>1 0 0 0 1 0 0 0 1 -0.68846 1.98678 1.04145</i>
                        <i>1 0 0 0 1 0 0 0 1 -0.688498 1.98603 1.0414</i>
                        <i>1 0 0 0 1 0 0 0 1 -0.688536 1.9852 1.04136</i>
                        <i>1 0 0 0 1 0 0 0 1 -0.688573 1.98432 1.04132</i>
                        <i>1 0 0 0 1 0 0 0 1 -0.688609 1.98343 1.04128</i>
                        <i>1 0 0 0 1 0 0 0 1 -0.688643 1.98255 1.04124</i>
                        <i>1 0 0 0 1 0 0 0 1 -0.688673 1.98172 1.04121</i>
                        <i>1 0 0 0 1 0 0 0 1 -0.6887 1.98097 1.04118</i>
                        <i>1 0 0 0 1 0 0 0 1 -0.688722 1.98033 1.04115</i>
                        <i>1 0 0 0 1 0 0 0 1 -0.688739 1.97983 1.04114</i>
                        <i>1 0 0 0 1 0 0 0 1 -0.68875 1.97951 1.04112</i>
                        <i>1 0 0 0 1 0 0 0 1 -0.688872 1.97694 1.04099</i>
                        <i>1 0 0 0 1 0 0 0 1 -0.689188 1.97037 1.04064</i>
                        <i>1 0 0 0 1 0 0 0 1 -0.689648 1.9608 1.04013</i>
                        <i>1 0 0 0 1 0 0 0 1 -0.690206 1.9492 1.03951</i>
                        <i>1 0 0 0 1 0 0 0 1 -0.690814 1.93656 1.03883</i>
                        <i>1 0 0 0 1 0 0 0 1 -0.691426 1.92383 1.03816</i>
                        <i>1 0 0 0 1 0 0 0 1 -0.691995 1.912 1.03753</i>
                        <i>1 0 0 0 1 0 0 0 1 -0.692475 1.90203 1.03699</i>
                        <i>1 0 0 0 1 0 0 0 1 -0.692817 1.89491 1.03661</i>
                        <i>1 0 0 0 1 0 0 0 1 -0.692976 1.8916 1.03644</i>
                        <i>1 0 0 0 1 0 0 0 1 -0.693025 1.8906 1.03638</i>
                        <i>1 0 0 0 1 0 0 0 1 -0.693068 1.88971 1.03634</i>
                        <i>1 0 0 0 1 0 0 0 1 -0.693108 1.88888 1.03629</i>
                        <i>1 0 0 0 1 0 0 0 1 -0.693147 1.88808 1.03625</i>
                        <i>1 0 0 0 1 0 0 0 1 -0.693188 1.88726 1.0362</i>
                        <i>1 0 0 0 1 0 0 0 1 -0.69323 1.88637 1.03616</i>
                        <i>1 0 0 0 1 0 0 0 1 -0.693272 1.8855 1.03611</i>
                        <i>1 0 0 0 1 0 0 0 1 -0.693312 1.88466 1.03607</i>
                        <i>1 0 0 0 1 0 0 0 1 -0.69335 1.88387 1.03602</i>
                        <i>1 0 0 0 1 0 0 0 1 -0.693385 1.88314 1.03598</i>
                        <i>1 0 0 0 1 0 0 0 1 -0.693416 1.88251 1.03595</i>
                        <i>1 0 0 0 1 0 0 0 1 -0.693442 1.88198 1.03592</i>
                        <i>1 0 0 0 1 0 0 0 1 -0.693461 1.88157 1.0359</i>
                        <i>1 0 0 0 1 0 0 0 1 -0.693474 1.88131 1.03589</i>
                        <i>1 0 0 0 1 0 0 0 1 -0.693478 1.88122 1.03588</i>
                        <i>1 0 0 0 1 0 0 0 1 -0.693474 1.88131 1.03589</i>
                        <i>1 0 0 0 1 0 0 0 1 -0.69346 1.8816 1.0359</i>
                        <i>1 0 0 0 1 0 0 0 1 -0.693435 1.88212 1.03593</i>
                        <i>1 0 0 0 1 0 0 0 1 -0.693399 1.88288 1.03597</i>
                        <i>1 0 0 0 1 0 0 0 1 -0.69335 1.8839 1.03602</i>
                        <i>1 0 0 0 1 0 0 0 1 -0.693287 1.8852 1.03609</i>
                        <i>1 0 0 0 1 0 0 0 1 -0.693211 1.88682 1.03618</i>
                        <i>1 0 0 0 1 0 0 0 1 -0.693123 1.88876 1.03628</i>
                        <i>1 0 0 0 1 0 0 0 1 -0.693024 1.89097 1.03639</i>
                        <i>1 0 0 0 1 0 0 0 1 -0.692916 1.89341 1.0365</i>
                        <i>1 0 0 0 1 0 0 0 1 -0.6928 1.89603 1.03663</i>
                        <i>1 0 0 0 1 0 0 0 1 -0.692677 1.89878 1.03677</i>
                        <i>1 0 0 0 1 0 0 0 1 -0.692548 1.90163 1.03691</i>
                        <i>1 0 0 0 1 0 0 0 1 -0.692415 1.90452 1.03706</i>
                        <i>1 0 0 0 1 0 0 0 1 -0.692279 1.90741 1.03721</i>
                        <i>1 0 0 0 1 0 0 0 1 -0.692109 1.91079 1.0374</i>
                        <i>1 0 0 0 1 0 0 0 1 -0.691881 1.91508 1.03765</i>
                        <i>1 0 0 0 1 0 0 0 1 -0.691605 1.92006 1.03796</i>
                        <i>1 0 0 0 1 0 0 0 1 -0.691292 1.92555 1.03831</i>
                        <i>1 0 0 0 1 0 0 0 1 -0.690954 1.93136 1.03868</i>
                        <i>1 0 0 0 1 0 0 0 1 -0.690635 1.93731 1.03903</i>
                        <i>1 0 0 0 1 0 0 0 1 -0.690316 1.94331 1.03939</i>
                        <i>1 0 0 0 1 0 0 0 1 -0.690005 1.94924 1.03973</i>
                        <i>1 0 0 0 1 0 0 0 1 -0.689713 1.95496 1.04006</i>
                        <i>1 0 0 0 1 0 0 0 1 -0.689447 1.96036 1.04035</i>
                        <i>1 0 0 0 1 0 0 0 1 -0.689217 1.96529 1.04061</i>
                        <i>1 0 0 0 1 0 0 0 1 -0.689031 1.96964 1.04081</i>
                        <i>1 0 0 0 1 0 0 0 1 -0.688897 1.97327 1.04096</i>
                        <i>1 0 0 0 1 0 0 0 1 -0.688826 1.97607 1.04104</i>
                        <i>1 0 0 0 1 0 0 0 1 -0.688826 1.97788 1.04104</i>
                        <i>1 0 0 0 1 0 0 0 1 -0.688862 1.97908 1.041</i>
                        <i>1 0 0 0 1 0 0 0 1 -0.688893 1.98012 1.04096</i>
                        <i>1 0 0 0 1 0 0 0 1 -0.688918 1.98104 1.04094</i>
                        <i>1 0 0 0 1 0 0 0 1 -0.688937 1.98189 1.04092</i>
                        <i>1 0 0 0 1 0 0 0 1 -0.688947 1.98269 1.0409</i>
                        <i>1 0 0 0 1 0 0 0 1 -0.688947 1.98349 1.0409</i>
                        <i>1 0 0 0 1 0 0 0 1 -0.688936 1.98435 1.04092</i>
                        <i>1 0 0 0 1 0 0 0 1 -0.688913 1.98529 1.04094</i>
                        <i>1 0 0 0 1 0 0 0 1 -0.688881 1.98629 1.04098</i>
                        <i>1 0 0 0 1 0 0 0 1 -0.68884 1.98731 1.04102</i>
                        <i>1 0 0 0 1 0 0 0 1 -0.688794 1.98833 1.04107</i>
                        <i>1 0 0 0 1 0 0 0 1 -0.688743 1.98933 1.04113</i>
                        <i>1 0 0 0 1 0 0 0 1 -0.688691 1.99029 1.04119</i>
                        <i>1 0 0 0 1 0 0 0 1 -0.688639 1.99117 1.04125</i>
                        <i>1 0 0 0 1 0 0 0 1 -0.688589 1.99196 1.0413</i>
                        <i>1 0 0 0 1 0 0 0 1 -0.688543 1.99263 1.04135</i>
                        <i>1 0 0 0 1 0 0 0 1 -0.688503 1.99315 1.0414</i>
                        <i>1 0 0 0 1 0 0 0 1 -0.68847 1.99351 1.04143</i>
                        <i>1 0 0 0 1 0 0 0 1 -0.688448 1.99367 1.04146</i>
                        <i>1 0 0 0 1 0 0 0 1 -0.688437 1.9936 1.04147</i>
                        <i>1 0 0 0 1 0 0 0 1 -0.688439 1.99331 1.04147</i>
                        <i>1 0 0 0 1 0 0 0 1 -0.688449 1.99287 1.04146</i>
                        <i>1 0 0 0 1 0 0 0 1 -0.688468 1.99233 1.04144</i>
                        <i>1 0 0 0 1 0 0 0 1 -0.688494 1.99172 1.04141</i>
                        <i>1 0 0 0 1 0 0 0 1 -0.688527 1.99108 1.04137</i>
                        <i>1 0 0 0 1 0 0 0 1 -0.688563 1.99039 1.04133</i>
                        <i>1 0 0 0 1 0 0 0 1 -0.6886 1.98961 1.04129</i>
                        <i>1 0 0 0 1 0 0 0 1 -0.688638 1.98876 1.04125</i>
                        <i>1 0 0 0 1 0 0 0 1 -0.688675 1.98787 1.04121</i>
                        <i>1 0 0 0 1 0 0 0 1 -0.68871 1.98697 1.04117</i>
                        <i>1 0 0 0 1 0 0 0 1 -0.688743 1.9861 1.04113</i>
                        <i>1 0 0 0 1 0 0 0 1 -0.68877 1.98528 1.0411</i>
                        <i>1 0 0 0 1 0 0 0 1 -0.688793 1.98453 1.04108</i>
                        <i>1 0 0 0 1 0 0 0 1 -0.688808 1.98389 1.04106</i>
                        <i>1 0 0 0 1 0 0 0 1 -0.688816 1.98339 1.04105</i>
                        <i>1 0 0 0 1 0 0 0 1 -0.688815 1.98306 1.04105</i>
                        <i>1 0 0 0 1 0 0 0 1 -0.688804 1.9829 1.04106</i>
                        <i>1 0 0 0 1 0 0 0 1 -0.688786 1.98289 1.04108</i>
                        <i>1 0 0 0 1 0 0 0 1 -0.688761 1.98301 1.04111</i>
                        <i>1 0 0 0 1 0 0 0 1 -0.68873 1.98325 1.04115</i>
                        <i>1 0 0 0 1 0 0 0 1 -0.688694 1.98359 1.04119</i>
                        <i>1 0 0 0 1 0 0 0 1 -0.688654 1.98401 1.04123</i>
                        <i>1 0 0 0 1 0 0 0 1 -0.688612 1.9845 1.04128</i>
                        <i>1 0 0 0 1 0 0 0 1 -0.688567 1.98504 1.04133</i>
                        <i>1 0 0 0 1 0 0 0 1 -0.688522 1.98561 1.04138</i>
                        <i>1 0 0 0 1 0 0 0 1 -0.688478 1.9862 1.04142</i>
                        <i>1 0 0 0 1 0 0 0 1 -0.688434 1.98678 1.04147</i>
                        <i>1 0 0 0 1 0 0 0 1 -0.688393 1.98735 1.04152</i>
                        <i>1 0 0 0 1 0 0 0 1 -0.688355 1.98788 1.04156</i>
                        <i>1 0 0 0 1 0 0 0 1 -0.688322 1.98836 1.0416</i>
                    </KeyFrames>
                </p>
            </i>
            <i>
                <p>
                    <Name><![CDATA[spine0]]></Name>
                    <Exclude>0</Exclude>
                    <Additive>0</Additive>
                    <IKPriority>0</IKPriority>
                    <IKRotLimits>-1e+010 -1e+010 -1e+010 1e+010 1e+010 1e+010</IKRotLimits>
                    <IKRotLimitOrder>0</IKRotLimitOrder>
                    <KeyFrames count="120">
                        <i>0.0766325 0.994547 0.0707365 -0.742023 0.00949968 0.670307 0.66598 -0.103855 0.738705 -0.713811 2.1271 1.01334</i>
                        <i>0.0765994 0.994552 0.0707008 -0.742023 0.00949899 0.670307 0.665984 -0.103807 0.738708 -0.713842 2.12698 1.01331</i>
                        <i>0.0765047 0.994567 0.0705988 -0.742023 0.00949701 0.670307 0.665995 -0.103668 0.738718 -0.713875 2.12666 1.01327</i>
                        <i>0.0763558 0.99459 0.0704383 -0.742023 0.0094939 0.670307 0.666011 -0.103449 0.738733 -0.713911 2.12616 1.01323</i>
                        <i>0.07616 0.994619 0.0702272 -0.742023 0.0094898 0.670307 0.666034 -0.103161 0.738754 -0.713949 2.12552 1.01319</i>
                        <i>0.0759245 0.994655 0.0699733 -0.742024 0.00948487 0.670307 0.66606 -0.102815 0.738778 -0.713987 2.12477 1.01315</i>
                        <i>0.0756566 0.994696 0.0696846 -0.742024 0.00947926 0.670306 0.66609 -0.102421 0.738806 -0.714025 2.12393 1.01311</i>
                        <i>0.0753635 0.99474 0.0693687 -0.742024 0.00947312 0.670306 0.666123 -0.10199 0.738836 -0.714062 2.12306 1.01306</i>
                        <i>0.0750526 0.994787 0.0690337 -0.742025 0.00946661 0.670306 0.666158 -0.101533 0.738867 -0.714098 2.12216 1.01302</i>
                        <i>0.0747311 0.994835 0.0686871 -0.742025 0.00945986 0.670305 0.666194 -0.10106 0.7389 -0.714132 2.12129 1.01299</i>
                        <i>0.0744062 0.994884 0.068337 -0.742025 0.00945304 0.670305 0.66623 -0.100583 0.738933 -0.714162 2.12046 1.01295</i>
                        <i>0.0740851 0.994931 0.0679909 -0.742026 0.0094463 0.670305 0.666265 -0.100111 0.738965 -0.714189 2.11971 1.01292</i>
                        <i>0.073775 0.994977 0.0676568 -0.742026 0.00943978 0.670304 0.666299 -0.0996548 0.738996 -0.714211 2.11907 1.0129</i>
                        <i>0.0734831 0.99502 0.0673422 -0.742027 0.00943365 0.670304 0.666331 -0.0992257 0.739025 -0.714228 2.11857 1.01288</i>
                        <i>0.0732165 0.995059 0.0670549 -0.742027 0.00942804 0.670304 0.66636 -0.0988339 0.739051 -0.714239 2.11825 1.01287</i>
                        <i>0.0737817 0.994976 0.067664 -0.742026 0.00943993 0.670304 0.666298 -0.0996647 0.738995 -0.714361 2.11568 1.01273</i>
                        <i>0.0757623 0.99468 0.0697985 -0.742024 0.00948148 0.670306 0.666078 -0.102576 0.738795 -0.714677 2.10911 1.01238</i>
                        <i>0.0788353 0.994203 0.0731111 -0.74202 0.00954564 0.670309 0.665726 -0.107094 0.738472 -0.715137 2.09954 1.01187</i>
                        <i>0.0826764 0.993578 0.0772531 -0.742016 0.00962532 0.670313 0.665264 -0.112742 0.738046 -0.715695 2.08794 1.01125</i>
                        <i>0.0869537 0.992843 0.0818668 -0.742011 0.00971339 0.670317 0.664724 -0.119033 0.737545 -0.716303 2.07529 1.01058</i>
                        <i>0.0914074 0.992035 0.0866727 -0.742006 0.00980437 0.670321 0.664132 -0.125584 0.736992 -0.716915 2.06257 1.0099</i>
                        <i>0.0957324 0.991207 0.0913414 -0.742001 0.00989202 0.670326 0.663528 -0.131947 0.736424 -0.717484 2.05074 1.00927</i>
                        <i>0.0995164 0.990449 0.0954276 -0.741997 0.00996815 0.670329 0.662976 -0.137516 0.735902 -0.717964 2.04077 1.00874</i>
                        <i>0.102345 0.989862 0.0984834 -0.741994 0.0100247 0.670332 0.662549 -0.141679 0.735497 -0.718306 2.03365 1.00836</i>
                        <i>0.103806 0.989551 0.100062 -0.741992 0.0100538 0.670333 0.662323 -0.14383 0.735283 -0.718465 2.03034 1.00818</i>
                        <i>0.104422 0.989419 0.100727 -0.741992 0.0100661 0.670334 0.662227 -0.144736 0.735192 -0.718514 2.02934 1.00813</i>
                        <i>0.104955 0.989304 0.101303 -0.741991 0.0100767 0.670334 0.662143 -0.145521 0.735112 -0.718557 2.02844 1.00808</i>
                        <i>0.105357 0.989217 0.101737 -0.741991 0.0100847 0.670335 0.66208 -0.146113 0.735052 -0.718597 2.02762 1.00804</i>
                        <i>0.105579 0.989168 0.101977 -0.74199 0.0100891 0.670335 0.662045 -0.146439 0.735018 -0.718636 2.02682 1.00799</i>
                        <i>0.105572 0.98917 0.101969 -0.74199 0.0100889 0.670335 0.662046 -0.146428 0.73502 -0.718677 2.02599 1.00795</i>
                        <i>0.105391 0.989209 0.101774 -0.741991 0.0100853 0.670335 0.662075 -0.146163 0.735047 -0.718719 2.02511 1.0079</i>
                        <i>0.105134 0.989265 0.101496 -0.741991 0.0100802 0.670334 0.662115 -0.145784 0.735085 -0.718761 2.02424 1.00786</i>
                        <i>0.104807 0.989336 0.101143 -0.741991 0.0100737 0.670334 0.662167 -0.145303 0.735134 -0.718801 2.0234 1.00781</i>
                        <i>0.104421 0.989419 0.100726 -0.741992 0.0100661 0.670334 0.662227 -0.144734 0.735192 -0.71884 2.02261 1.00777</i>
                        <i>0.103982 0.989514 0.100252 -0.741992 0.0100573 0.670333 0.662296 -0.144089 0.735257 -0.718874 2.02188 1.00773</i>
                        <i>0.103501 0.989617 0.0997318 -0.741993 0.0100478 0.670333 0.66237 -0.14338 0.735328 -0.718905 2.02124 1.0077</i>
                        <i>0.102985 0.989726 0.0991747 -0.741993 0.0100375 0.670332 0.66245 -0.142621 0.735404 -0.718931 2.02071 1.00767</i>
                        <i>0.102444 0.989841 0.0985898 -0.741994 0.0100267 0.670332 0.662533 -0.141824 0.735483 -0.71895 2.02031 1.00765</i>
                        <i>0.101885 0.989959 0.0979865 -0.741994 0.0100155 0.670331 0.662619 -0.141002 0.735564 -0.718963 2.02005 1.00763</i>
                        <i>0.101319 0.990077 0.0973742 -0.741995 0.0100042 0.670331 0.662705 -0.140168 0.735646 -0.718967 2.01995 1.00763</i>
                        <i>0.100752 0.990195 0.096762 -0.741996 0.00999289 0.67033 0.662791 -0.139334 0.735727 -0.718963 2.02005 1.00763</i>
                        <i>0.100194 0.99031 0.0961594 -0.741996 0.00998172 0.67033 0.662875 -0.138513 0.735807 -0.718949 2.02034 1.00765</i>
                        <i>0.0996533 0.990421 0.0955755 -0.741997 0.00997089 0.670329 0.662955 -0.137717 0.735883 -0.718924 2.02086 1.00767</i>
                        <i>0.0991387 0.990526 0.0950198 -0.741997 0.00996057 0.670329 0.663032 -0.13696 0.735956 -0.718888 2.02162 1.00771</i>
                        <i>0.0986586 0.990624 0.0945013 -0.741998 0.00995093 0.670328 0.663103 -0.136253 0.736023 -0.718839 2.02264 1.00777</i>
                        <i>0.0982217 0.990712 0.0940294 -0.741998 0.00994216 0.670328 0.663167 -0.13561 0.736084 -0.718776 2.02394 1.00784</i>
                        <i>0.0978363 0.99079 0.0936132 -0.741999 0.00993441 0.670328 0.663224 -0.135043 0.736137 -0.7187 2.02556 1.00792</i>
                        <i>0.0975111 0.990855 0.0932621 -0.741999 0.00992787 0.670327 0.663271 -0.134565 0.736182 -0.718612 2.0275 1.00802</i>
                        <i>0.0972546 0.990906 0.0929851 -0.742 0.0099227 0.670327 0.663309 -0.134187 0.736217 -0.718513 2.02971 1.00813</i>
                        <i>0.0970754 0.990942 0.0927916 -0.742 0.0099191 0.670327 0.663335 -0.133924 0.736242 -0.718405 2.03215 1.00825</i>
                        <i>0.0970681 0.990943 0.0927836 -0.742 0.00991895 0.670327 0.663336 -0.133913 0.736243 -0.718289 2.03477 1.00838</i>
                        <i>0.097289 0.990899 0.0930222 -0.742 0.00992339 0.670327 0.663304 -0.134238 0.736212 -0.718166 2.03752 1.00852</i>
                        <i>0.0976894 0.990819 0.0934546 -0.741999 0.00993145 0.670327 0.663245 -0.134827 0.736157 -0.718037 2.04037 1.00866</i>
                        <i>0.0982207 0.990713 0.0940283 -0.741998 0.00994214 0.670328 0.663167 -0.135609 0.736084 -0.717904 2.04326 1.00881</i>
                        <i>0.0988342 0.990588 0.0946908 -0.741998 0.00995446 0.670328 0.663077 -0.136512 0.735998 -0.717768 2.04614 1.00896</i>
                        <i>0.0994243 0.990496 0.0950421 -0.741986 0.0101577 0.670338 0.663001 -0.137168 0.735944 -0.717598 2.04953 1.00914</i>
                        <i>0.0998913 0.990478 0.0947416 -0.741956 0.0107056 0.670363 0.662966 -0.137258 0.73596 -0.71737 2.05381 1.0094</i>
                        <i>0.100195 0.990534 0.0938261 -0.741909 0.0115435 0.670402 0.662973 -0.136781 0.736042 -0.717094 2.0588 1.0097</i>
                        <i>0.100294 0.990664 0.0923331 -0.741847 0.0126162 0.67045 0.663026 -0.135739 0.736187 -0.716781 2.06429 1.01005</i>
                        <i>0.10015 0.990866 0.090301 -0.741775 0.0138677 0.670506 0.663129 -0.134134 0.736388 -0.716443 2.0701 1.01042</i>
                        <i>0.0998253 0.991116 0.087882 -0.741693 0.0152446 0.670566 0.663269 -0.132121 0.736626 -0.716124 2.07605 1.01078</i>
                        <i>0.0994253 0.991385 0.085269 -0.741606 0.0166946 0.670628 0.663426 -0.129913 0.736877 -0.715805 2.08205 1.01113</i>
                        <i>0.0989671 0.99166 0.0825616 -0.741516 0.0181641 0.670689 0.663595 -0.127597 0.73713 -0.715494 2.08797 1.01148</i>
                        <i>0.0984684 0.991931 0.0798588 -0.741427 0.0196003 0.670747 0.663769 -0.125257 0.737374 -0.715202 2.0937 1.0118</i>
                        <i>0.0979471 0.992188 0.0772583 -0.741342 0.020951 0.670801 0.663942 -0.122978 0.737603 -0.714936 2.09909 1.0121</i>
                        <i>0.0974215 0.992424 0.0748571 -0.741264 0.0221653 0.670848 0.664106 -0.120844 0.737807 -0.714706 2.10403 1.01235</i>
                        <i>0.0969099 0.992631 0.0727507 -0.741197 0.0231927 0.670887 0.664256 -0.118938 0.737982 -0.71452 2.10838 1.01256</i>
                        <i>0.0964307 0.992802 0.071034 -0.741145 0.0239839 0.670917 0.664384 -0.117343 0.738123 -0.714387 2.11201 1.0127</i>
                        <i>0.0960024 0.992931 0.0698009 -0.741111 0.0244897 0.670935 0.664483 -0.116142 0.738223 -0.714315 2.1148 1.01278</i>
                        <i>0.0956432 0.993011 0.0691456 -0.7411 0.0246609 0.670942 0.664547 -0.115415 0.738279 -0.714315 2.11662 1.01278</i>
                        <i>0.095272 0.99307 0.0688061 -0.741103 0.0246122 0.67094 0.664597 -0.114914 0.738313 -0.714351 2.11782 1.01274</i>
                        <i>0.0948055 0.993139 0.0684625 -0.741111 0.0244956 0.670936 0.664655 -0.114347 0.738348 -0.714382 2.11886 1.01271</i>
                        <i>0.0942591 0.993214 0.0681225 -0.741123 0.0243172 0.670929 0.66472 -0.113728 0.738386 -0.714407 2.11978 1.01268</i>
                        <i>0.0936481 0.993295 0.0677937 -0.741138 0.0240835 0.67092 0.664789 -0.113075 0.738424 -0.714426 2.12062 1.01266</i>
                        <i>0.0929878 0.993378 0.0674838 -0.741157 0.0238006 0.67091 0.664861 -0.112403 0.738462 -0.714436 2.12143 1.01265</i>
                        <i>0.0922934 0.993462 0.0672004 -0.741178 0.0234748 0.670898 0.664934 -0.111727 0.738499 -0.714436 2.12223 1.01265</i>
                        <i>0.0915803 0.993544 0.066951 -0.741202 0.0231124 0.670884 0.665006 -0.111064 0.738534 -0.714425 2.12309 1.01266</i>
                        <i>0.0908636 0.993624 0.0667432 -0.741228 0.0227195 0.670869 0.665075 -0.110429 0.738566 -0.714402 2.12403 1.01269</i>
                        <i>0.0901584 0.993699 0.0665846 -0.741255 0.0223024 0.670853 0.665141 -0.109839 0.738595 -0.71437 2.12502 1.01272</i>
                        <i>0.0894797 0.993767 0.0664826 -0.741283 0.0218671 0.670836 0.665201 -0.109309 0.738619 -0.714329 2.12604 1.01277</i>
                        <i>0.088928 0.993813 0.0665348 -0.741311 0.0214231 0.670819 0.665244 -0.108978 0.73863 -0.714283 2.12707 1.01282</i>
                        <i>0.0885654 0.993828 0.0667986 -0.74134 0.0209779 0.670802 0.66526 -0.10893 0.738622 -0.714232 2.12807 1.01288</i>
                        <i>0.0883498 0.993819 0.067222 -0.741368 0.0205352 0.670784 0.665258 -0.1091 0.7386 -0.71418 2.12903 1.01293</i>
                        <i>0.0882396 0.993792 0.0677527 -0.741396 0.0200989 0.670767 0.665241 -0.10942 0.738567 -0.714128 2.12991 1.01299</i>
                        <i>0.0881929 0.993756 0.0683387 -0.741423 0.0196729 0.67075 0.665218 -0.109823 0.738528 -0.714078 2.1307 1.01305</i>
                        <i>0.0881681 0.993718 0.0689274 -0.741448 0.0192612 0.670733 0.665192 -0.110243 0.738489 -0.714032 2.13137 1.0131</i>
                        <i>0.0881235 0.993684 0.0694664 -0.741473 0.018868 0.670717 0.665171 -0.110613 0.738453 -0.713992 2.13189 1.01314</i>
                        <i>0.0880174 0.993663 0.069903 -0.741496 0.0184977 0.670702 0.665159 -0.110866 0.738425 -0.713959 2.13224 1.01318</i>
                        <i>0.0878082 0.993662 0.0701843 -0.741517 0.0181546 0.670688 0.665163 -0.110935 0.738411 -0.713937 2.1324 1.0132</i>
                        <i>0.0874543 0.993688 0.0702575 -0.741536 0.0178432 0.670676 0.665188 -0.110752 0.738416 -0.713926 2.13234 1.01321</i>
                        <i>0.0870184 0.993732 0.0701806 -0.741553 0.0175713 0.670664 0.665227 -0.110403 0.738434 -0.713928 2.13205 1.01321</i>
                        <i>0.0866007 0.993777 0.0700516 -0.741567 0.0173476 0.670655 0.665266 -0.110027 0.738454 -0.713938 2.13161 1.0132</i>
                        <i>0.0862163 0.993823 0.0698784 -0.741577 0.0171784 0.670648 0.665305 -0.109641 0.738477 -0.713957 2.13107 1.01318</i>
                        <i>0.0858803 0.993867 0.0696685 -0.741584 0.0170694 0.670643 0.665341 -0.10926 0.738501 -0.713983 2.13046 1.01315</i>
                        <i>0.0856077 0.993907 0.0694296 -0.741586 0.0170269 0.670642 0.665373 -0.1089 0.738525 -0.714016 2.12982 1.01312</i>
                        <i>0.0853121 0.993951 0.0691663 -0.741589 0.0169836 0.67064 0.665408 -0.108507 0.738552 -0.714052 2.12913 1.01308</i>
                        <i>0.0849061 0.994005 0.0688818 -0.741596 0.0168726 0.670635 0.665452 -0.108023 0.738582 -0.714089 2.12834 1.01303</i>
                        <i>0.0844036 0.994069 0.0685825 -0.741606 0.0167 0.670628 0.665505 -0.107465 0.738617 -0.714127 2.12749 1.01299</i>
                        <i>0.0838186 0.994139 0.0682746 -0.74162 0.0164719 0.670618 0.665563 -0.106844 0.738654 -0.714164 2.12661 1.01295</i>
                        <i>0.0831649 0.994215 0.0679643 -0.741637 0.0161946 0.670606 0.665627 -0.106176 0.738693 -0.714199 2.12571 1.01291</i>
                        <i>0.0824563 0.994295 0.0676577 -0.741656 0.015874 0.670593 0.665693 -0.105473 0.738734 -0.714232 2.12484 1.01288</i>
                        <i>0.0817067 0.994377 0.0673612 -0.741677 0.0155163 0.670577 0.665762 -0.104751 0.738775 -0.714259 2.12401 1.01285</i>
                        <i>0.0809297 0.99446 0.0670808 -0.7417 0.0151277 0.670561 0.665831 -0.104022 0.738816 -0.714282 2.12327 1.01282</i>
                        <i>0.0801391 0.994541 0.0668226 -0.741725 0.014714 0.670543 0.665899 -0.103301 0.738855 -0.714297 2.12263 1.0128</i>
                        <i>0.0793484 0.99462 0.0665928 -0.74175 0.0142815 0.670524 0.665966 -0.1026 0.738893 -0.714305 2.12213 1.01279</i>
                        <i>0.0785714 0.994695 0.0663975 -0.741776 0.013836 0.670504 0.666029 -0.101935 0.738928 -0.714304 2.1218 1.0128</i>
                        <i>0.0778214 0.994764 0.0662428 -0.741803 0.0133835 0.670484 0.666087 -0.101317 0.73896 -0.714293 2.12163 1.01281</i>
                        <i>0.077112 0.994827 0.0661348 -0.741829 0.0129298 0.670464 0.666141 -0.100762 0.738988 -0.714275 2.12162 1.01283</i>
                        <i>0.0764565 0.994881 0.0660797 -0.741855 0.0124808 0.670444 0.666187 -0.100281 0.739012 -0.71425 2.12175 1.01286</i>
                        <i>0.0758683 0.994926 0.0660834 -0.74188 0.0120424 0.670424 0.666227 -0.0998899 0.739029 -0.714219 2.12199 1.01289</i>
                        <i>0.0754442 0.994947 0.0662418 -0.741904 0.0116222 0.670405 0.666248 -0.0997232 0.739032 -0.714183 2.12233 1.01293</i>
                        <i>0.0752437 0.994938 0.0666108 -0.741926 0.0112271 0.670387 0.666246 -0.0998628 0.739016 -0.714143 2.12275 1.01297</i>
                        <i>0.0752246 0.994904 0.0671373 -0.741947 0.0108612 0.67037 0.666225 -0.100241 0.738983 -0.714101 2.12324 1.01302</i>
                        <i>0.0753448 0.994852 0.067768 -0.741966 0.0105288 0.670355 0.666191 -0.100789 0.738939 -0.714056 2.12378 1.01307</i>
                        <i>0.0755621 0.994789 0.0684495 -0.741982 0.0102345 0.670341 0.666148 -0.101441 0.738889 -0.714011 2.12435 1.01312</i>
                        <i>0.0758346 0.994721 0.0691283 -0.741996 0.00998291 0.67033 0.666101 -0.102127 0.738836 -0.713967 2.12493 1.01317</i>
                        <i>0.0761202 0.994656 0.0697506 -0.742007 0.00977878 0.67032 0.666056 -0.10278 0.738787 -0.713923 2.12552 1.01322</i>
                        <i>0.0763766 0.9946 0.0702622 -0.742016 0.00962695 0.670313 0.666017 -0.103332 0.738745 -0.713882 2.12609 1.01326</i>
                        <i>0.0765615 0.994562 0.0706089 -0.742021 0.0095323 0.670309 0.66599 -0.103713 0.738716 -0.713844 2.12662 1.01331</i>
                        <i>0.0766325 0.994547 0.0707365 -0.742023 0.00949968 0.670307 0.66598 -0.103855 0.738705 -0.713811 2.1271 1.01334</i>
                    </KeyFrames>
                </p>
            </i>
            <i>
                <p>
                    <Name><![CDATA[spine1]]></Name>
                    <Exclude>0</Exclude>
                    <Additive>0</Additive>
                    <IKPriority>0</IKPriority>
                    <IKRotLimits>-1e+010 -1e+010 -1e+010 1e+010 1e+010 1e+010</IKRotLimits>
                    <IKRotLimitOrder>0</IKRotLimitOrder>
                    <KeyFrames count="120">
                        <i>0.195025 0.963133 0.185309 -0.736629 0.0190904 0.676027 0.647567 -0.268346 0.713195 -0.700623 2.29829 1.02552</i>
                        <i>0.19501 0.963139 0.185294 -0.736629 0.0190899 0.676028 0.647572 -0.268325 0.713199 -0.700659 2.29817 1.02548</i>
                        <i>0.194969 0.963156 0.18525 -0.736627 0.0190886 0.67603 0.647586 -0.268265 0.713208 -0.700709 2.29785 1.02542</i>
                        <i>0.194905 0.963182 0.18518 -0.736625 0.0190865 0.676032 0.647608 -0.268171 0.713224 -0.70077 2.29736 1.02535</i>
                        <i>0.19482 0.963217 0.185089 -0.736622 0.0190837 0.676036 0.647637 -0.268046 0.713244 -0.700841 2.29674 1.02528</i>
                        <i>0.194718 0.963259 0.184979 -0.736618 0.0190804 0.67604 0.647672 -0.267896 0.713269 -0.700919 2.296 1.02519</i>
                        <i>0.194602 0.963306 0.184854 -0.736614 0.0190766 0.676045 0.647712 -0.267725 0.713297 -0.701002 2.29519 1.0251</i>
                        <i>0.194474 0.963358 0.184717 -0.736609 0.0190724 0.67605 0.647755 -0.267538 0.713328 -0.701089 2.29433 1.025</i>
                        <i>0.194339 0.963414 0.184571 -0.736604 0.019068 0.676055 0.647801 -0.26734 0.71336 -0.701178 2.29345 1.02491</i>
                        <i>0.194199 0.963471 0.18442 -0.736599 0.0190635 0.676061 0.647849 -0.267134 0.713394 -0.701266 2.2926 1.02481</i>
                        <i>0.194057 0.963529 0.184268 -0.736594 0.0190589 0.676066 0.647897 -0.266926 0.713428 -0.701352 2.29179 1.02472</i>
                        <i>0.193916 0.963586 0.184117 -0.736589 0.0190543 0.676072 0.647945 -0.26672 0.713462 -0.701433 2.29106 1.02463</i>
                        <i>0.193781 0.963641 0.183971 -0.736584 0.0190499 0.676078 0.647991 -0.266521 0.713494 -0.701507 2.29044 1.02455</i>
                        <i>0.193653 0.963693 0.183833 -0.73658 0.0190458 0.676083 0.648035 -0.266333 0.713525 -0.701574 2.28996 1.02448</i>
                        <i>0.193536 0.963741 0.183707 -0.736575 0.019042 0.676087 0.648075 -0.266161 0.713553 -0.701629 2.28966 1.02442</i>
                        <i>0.193784 0.96364 0.183974 -0.736584 0.01905 0.676077 0.64799 -0.266525 0.713493 -0.701656 2.28705 1.02438</i>
                        <i>0.194647 0.963288 0.184903 -0.736615 0.0190781 0.676043 0.647696 -0.267793 0.713286 -0.701636 2.28035 1.0244</i>
                        <i>0.195973 0.962744 0.18633 -0.736664 0.0191216 0.675988 0.647241 -0.269738 0.712966 -0.701576 2.27059 1.02445</i>
                        <i>0.197606 0.962068 0.188088 -0.736726 0.0191758 0.67592 0.646674 -0.272135 0.712569 -0.701483 2.25875 1.02453</i>
                        <i>0.199395 0.961319 0.190017 -0.736795 0.0192361 0.675842 0.646045 -0.274764 0.712131 -0.701368 2.24584 1.02464</i>
                        <i>0.201231 0.960543 0.191996 -0.736868 0.0192989 0.675761 0.645392 -0.27746 0.711678 -0.701226 2.23285 1.02478</i>
                        <i>0.20299 0.959792 0.193894 -0.736941 0.0193599 0.67568 0.644758 -0.280045 0.71124 -0.701063 2.22076 1.02494</i>
                        <i>0.204513 0.959135 0.195538 -0.737005 0.0194135 0.675608 0.644203 -0.282283 0.710858 -0.700902 2.21058 1.0251</i>
                        <i>0.205643 0.958644 0.196758 -0.737054 0.0194537 0.675554 0.643788 -0.283944 0.710572 -0.700765 2.2033 1.02524</i>
                        <i>0.206224 0.95839 0.197385 -0.737079 0.0194745 0.675526 0.643573 -0.284798 0.710425 -0.700677 2.19991 1.02533</i>
                        <i>0.206468 0.958283 0.197649 -0.73709 0.0194833 0.675514 0.643482 -0.285157 0.710363 -0.700621 2.19887 1.02539</i>
                        <i>0.206679 0.95819 0.197878 -0.737099 0.0194909 0.675503 0.643404 -0.285468 0.71031 -0.700574 2.19795 1.02544</i>
                        <i>0.206838 0.95812 0.19805 -0.737106 0.0194967 0.675495 0.643344 -0.285702 0.710269 -0.700545 2.1971 1.02547</i>
                        <i>0.206926 0.958081 0.198145 -0.73711 0.0194999 0.675491 0.643312 -0.285831 0.710247 -0.700547 2.19629 1.02547</i>
                        <i>0.206923 0.958083 0.198142 -0.73711 0.0194997 0.675491 0.643313 -0.285827 0.710247 -0.700589 2.19546 1.02542</i>
                        <i>0.206852 0.958114 0.198065 -0.737107 0.0194972 0.675495 0.643339 -0.285722 0.710266 -0.700662 2.19459 1.02534</i>
                        <i>0.20675 0.958159 0.197954 -0.737102 0.0194935 0.6755 0.643377 -0.285572 0.710292 -0.700747 2.19374 1.02525</i>
                        <i>0.206621 0.958216 0.197815 -0.737097 0.0194888 0.675506 0.643425 -0.285382 0.710324 -0.700843 2.19291 1.02514</i>
                        <i>0.206467 0.958283 0.197649 -0.73709 0.0194833 0.675514 0.643482 -0.285157 0.710363 -0.700947 2.19214 1.02503</i>
                        <i>0.206293 0.958359 0.197461 -0.737082 0.019477 0.675522 0.643547 -0.284901 0.710408 -0.701056 2.19144 1.02491</i>
                        <i>0.206102 0.958443 0.197254 -0.737074 0.0194702 0.675532 0.643618 -0.28462 0.710456 -0.701168 2.19083 1.02479</i>
