<?xml version="1.0" encoding="ISO-8859-1" ?>
<Animl Version="1">
    <ModellingPackage><![CDATA[Maya.2010]]></ModellingPackage>
    <SrcFile><![CDATA[anims\turrets\antitank\red\~src\at_b10_recoilless\b10recoilless_aim_random_crewman_c.mb]]></SrcFile>
    <FramesPerSecond>30</FramesPerSecond>
    <TotalFrames>60</TotalFrames>
    <Skeleton>
        <RefFrame>
            <Name><![CDATA[soldier_ref_frame]]></Name>
            <Exclude>0</Exclude>
            <Additive>0</Additive>
            <IKPriority>0</IKPriority>
            <IKRotLimits>-1e+010 -1e+010 -1e+010 1e+010 1e+010 1e+010</IKRotLimits>
            <IKRotLimitOrder>0</IKRotLimitOrder>
            <KeyFrames count="60">
                <i>1 0 0 0 1 0 0 0 1 -0.72 0.92 1.18</i>
                <i>1 0 0 0 1 0 0 0 1 -0.72 0.92 1.18</i>
                <i>1 0 0 0 1 0 0 0 1 -0.72 0.92 1.18</i>
                <i>1 0 0 0 1 0 0 0 1 -0.72 0.92 1.18</i>
                <i>1 0 0 0 1 0 0 0 1 -0.72 0.92 1.18</i>
                <i>1 0 0 0 1 0 0 0 1 -0.72 0.92 1.18</i>
                <i>1 0 0 0 1 0 0 0 1 -0.72 0.92 1.18</i>
                <i>1 0 0 0 1 0 0 0 1 -0.72 0.92 1.18</i>
                <i>1 0 0 0 1 0 0 0 1 -0.72 0.92 1.18</i>
                <i>1 0 0 0 1 0 0 0 1 -0.72 0.92 1.18</i>
                <i>1 0 0 0 1 0 0 0 1 -0.72 0.92 1.18</i>
                <i>1 0 0 0 1 0 0 0 1 -0.72 0.92 1.18</i>
                <i>1 0 0 0 1 0 0 0 1 -0.72 0.92 1.18</i>
                <i>1 0 0 0 1 0 0 0 1 -0.72 0.92 1.18</i>
                <i>1 0 0 0 1 0 0 0 1 -0.72 0.92 1.18</i>
                <i>1 0 0 0 1 0 0 0 1 -0.72 0.92 1.18</i>
                <i>1 0 0 0 1 0 0 0 1 -0.72 0.92 1.18</i>
                <i>1 0 0 0 1 0 0 0 1 -0.72 0.92 1.18</i>
                <i>1 0 0 0 1 0 0 0 1 -0.72 0.92 1.18</i>
                <i>1 0 0 0 1 0 0 0 1 -0.72 0.92 1.18</i>
                <i>1 0 0 0 1 0 0 0 1 -0.72 0.92 1.18</i>
                <i>1 0 0 0 1 0 0 0 1 -0.72 0.92 1.18</i>
                <i>1 0 0 0 1 0 0 0 1 -0.72 0.92 1.18</i>
                <i>1 0 0 0 1 0 0 0 1 -0.72 0.92 1.18</i>
                <i>1 0 0 0 1 0 0 0 1 -0.72 0.92 1.18</i>
                <i>1 0 0 0 1 0 0 0 1 -0.72 0.92 1.18</i>
                <i>1 0 0 0 1 0 0 0 1 -0.72 0.92 1.18</i>
                <i>1 0 0 0 1 0 0 0 1 -0.72 0.92 1.18</i>
                <i>1 0 0 0 1 0 0 0 1 -0.72 0.92 1.18</i>
                <i>1 0 0 0 1 0 0 0 1 -0.72 0.92 1.18</i>
                <i>1 0 0 0 1 0 0 0 1 -0.72 0.92 1.18</i>
                <i>1 0 0 0 1 0 0 0 1 -0.72 0.92 1.18</i>
                <i>1 0 0 0 1 0 0 0 1 -0.72 0.92 1.18</i>
                <i>1 0 0 0 1 0 0 0 1 -0.72 0.92 1.18</i>
                <i>1 0 0 0 1 0 0 0 1 -0.72 0.92 1.18</i>
                <i>1 0 0 0 1 0 0 0 1 -0.72 0.92 1.18</i>
                <i>1 0 0 0 1 0 0 0 1 -0.72 0.92 1.18</i>
                <i>1 0 0 0 1 0 0 0 1 -0.72 0.92 1.18</i>
                <i>1 0 0 0 1 0 0 0 1 -0.72 0.92 1.18</i>
                <i>1 0 0 0 1 0 0 0 1 -0.72 0.92 1.18</i>
                <i>1 0 0 0 1 0 0 0 1 -0.72 0.92 1.18</i>
                <i>1 0 0 0 1 0 0 0 1 -0.72 0.92 1.18</i>
                <i>1 0 0 0 1 0 0 0 1 -0.72 0.92 1.18</i>
                <i>1 0 0 0 1 0 0 0 1 -0.72 0.92 1.18</i>
                <i>1 0 0 0 1 0 0 0 1 -0.72 0.92 1.18</i>
                <i>1 0 0 0 1 0 0 0 1 -0.72 0.92 1.18</i>
                <i>1 0 0 0 1 0 0 0 1 -0.72 0.92 1.18</i>
                <i>1 0 0 0 1 0 0 0 1 -0.72 0.92 1.18</i>
                <i>1 0 0 0 1 0 0 0 1 -0.72 0.92 1.18</i>
                <i>1 0 0 0 1 0 0 0 1 -0.72 0.92 1.18</i>
                <i>1 0 0 0 1 0 0 0 1 -0.72 0.92 1.18</i>
                <i>1 0 0 0 1 0 0 0 1 -0.72 0.92 1.18</i>
                <i>1 0 0 0 1 0 0 0 1 -0.72 0.92 1.18</i>
                <i>1 0 0 0 1 0 0 0 1 -0.72 0.92 1.18</i>
                <i>1 0 0 0 1 0 0 0 1 -0.72 0.92 1.18</i>
                <i>1 0 0 0 1 0 0 0 1 -0.72 0.92 1.18</i>
                <i>1 0 0 0 1 0 0 0 1 -0.72 0.92 1.18</i>
                <i>1 0 0 0 1 0 0 0 1 -0.72 0.92 1.18</i>
                <i>1 0 0 0 1 0 0 0 1 -0.72 0.92 1.18</i>
                <i>1 0 0 0 1 0 0 0 1 -0.72 0.92 1.18</i>
            </KeyFrames>
        </RefFrame>
        <Bones count="23">
            <i>
                <p>
                    <Name><![CDATA[pelvis]]></Name>
                    <Exclude>0</Exclude>
                    <Additive>0</Additive>
                    <IKPriority>0</IKPriority>
                    <IKRotLimits>-1e+010 -1e+010 -1e+010 1e+010 1e+010 1e+010</IKRotLimits>
                    <IKRotLimitOrder>2</IKRotLimitOrder>
                    <KeyFrames count="60">
                        <i>1 0 0 0 1 0 0 0 1 -0.688322 1.98836 1.0416</i>
                        <i>1 0 0 0 1 0 0 0 1 -0.720112 1.98629 1.02878</i>
                        <i>1 0 0 0 1 0 0 0 1 -0.794068 1.98298 0.99811</i>
                        <i>1 0 0 0 1 0 0 0 1 -0.87807 1.98277 0.961287</i>
                        <i>1 0 0 0 1 0 0 0 1 -0.94 1.99 0.93</i>
                        <i>1 0 0 0 1 0 0 0 1 -0.975399 2.00858 0.904562</i>
                        <i>1 0 0 0 1 0 0 0 1 -1.00237 2.03525 0.878832</i>
                        <i>1 0 0 0 1 0 0 0 1 -1.02265 2.06363 0.854821</i>
                        <i>1 0 0 0 1 0 0 0 1 -1.03795 2.08734 0.83454</i>
                        <i>1 0 0 0 1 0 0 0 1 -1.05 2.1 0.82</i>
                        <i>1 0 0 0 1 0 0 0 1 -1.05 2.09376 0.82</i>
                        <i>1 0 0 0 1 0 0 0 1 -1.05 2.07888 0.82</i>
                        <i>1 0 0 0 1 0 0 0 1 -1.05 2.06112 0.82</i>
                        <i>1 0 0 0 1 0 0 0 1 -1.05 2.04624 0.82</i>
                        <i>1 0 0 0 1 0 0 0 1 -1.05 2.04 0.82</i>
                        <i>1 0 0 0 1 0 0 0 1 -1.05 2.04427 0.82</i>
                        <i>1 0 0 0 1 0 0 0 1 -1.05 2.05601 0.82</i>
                        <i>1 0 0 0 1 0 0 0 1 -1.05 2.07061 0.82</i>
                        <i>1 0 0 0 1 0 0 0 1 -1.05 2.08348 0.82</i>
                        <i>1 0 0 0 1 0 0 0 1 -1.05 2.09 0.82</i>
                        <i>1 0 0 0 1 0 0 0 1 -1.05 2.08788 0.82</i>
                        <i>1 0 0 0 1 0 0 0 1 -1.05 2.08256 0.82</i>
                        <i>1 0 0 0 1 0 0 0 1 -1.05 2.07558 0.82</i>
                        <i>1 0 0 0 1 0 0 0 1 -1.05 2.06846 0.82</i>
                        <i>1 0 0 0 1 0 0 0 1 -1.05 2.06276 0.82</i>
                        <i>1 0 0 0 1 0 0 0 1 -1.05 2.06 0.82</i>
                        <i>1 0 0 0 1 0 0 0 1 -1.05 2.06054 0.82</i>
                        <i>1 0 0 0 1 0 0 0 1 -1.05 2.06318 0.82</i>
                        <i>1 0 0 0 1 0 0 0 1 -1.05 2.06712 0.82</i>
                        <i>1 0 0 0 1 0 0 0 1 -1.05 2.07156 0.82</i>
                        <i>1 0 0 0 1 0 0 0 1 -1.05 2.07572 0.82</i>
                        <i>1 0 0 0 1 0 0 0 1 -1.05 2.0788 0.82</i>
                        <i>1 0 0 0 1 0 0 0 1 -1.05 2.08 0.82</i>
                        <i>1 0 0 0 1 0 0 0 1 -1.05 2.07879 0.82</i>
                        <i>1 0 0 0 1 0 0 0 1 -1.05 2.07569 0.82</i>
                        <i>1 0 0 0 1 0 0 0 1 -1.05 2.07152 0.82</i>
                        <i>1 0 0 0 1 0 0 0 1 -1.05 2.06706 0.82</i>
                        <i>1 0 0 0 1 0 0 0 1 -1.05 2.06311 0.82</i>
                        <i>1 0 0 0 1 0 0 0 1 -1.05 2.0605 0.82</i>
                        <i>1 0 0 0 1 0 0 0 1 -1.05 2.06 0.82</i>
                        <i>1 0 0 0 1 0 0 0 1 -1.05 2.06365 0.82</i>
                        <i>1 0 0 0 1 0 0 0 1 -1.05 2.07116 0.82</i>
                        <i>1 0 0 0 1 0 0 0 1 -1.05 2.07984 0.82</i>
                        <i>1 0 0 0 1 0 0 0 1 -1.05 2.08701 0.82</i>
                        <i>1 0 0 0 1 0 0 0 1 -1.05 2.09 0.82</i>
                        <i>1 0 0 0 1 0 0 0 1 -1.05 2.08601 0.82</i>
                        <i>1 0 0 0 1 0 0 0 1 -1.05 2.07839 0.82</i>
                        <i>1 0 0 0 1 0 0 0 1 -1.05 2.06869 0.82</i>
                        <i>1 0 0 0 1 0 0 0 1 -1.05 2.05845 0.82</i>
                        <i>1 0 0 0 1 0 0 0 1 -1.05 2.04923 0.82</i>
                        <i>1 0 0 0 1 0 0 0 1 -1.05 2.04257 0.82</i>
                        <i>1 0 0 0 1 0 0 0 1 -1.05 2.04 0.82</i>
                        <i>1 0 0 0 1 0 0 0 1 -1.03446 2.03184 0.829522</i>
                        <i>1 0 0 0 1 0 0 0 1 -0.993488 2.01323 0.854625</i>
                        <i>1 0 0 0 1 0 0 0 1 -0.935563 1.99301 0.890115</i>
                        <i>1 0 0 0 1 0 0 0 1 -0.869161 1.98 0.930799</i>
                        <i>1 0 0 0 1 0 0 0 1 -0.802759 1.97768 0.971483</i>
                        <i>1 0 0 0 1 0 0 0 1 -0.744834 1.98095 1.00697</i>
                        <i>1 0 0 0 1 0 0 0 1 -0.703863 1.98584 1.03208</i>
                        <i>1 0 0 0 1 0 0 0 1 -0.688322 1.98836 1.0416</i>
                    </KeyFrames>
                </p>
            </i>
            <i>
                <p>
                    <Name><![CDATA[spine0]]></Name>
                    <Exclude>0</Exclude>
                    <Additive>0</Additive>
                    <IKPriority>0</IKPriority>
                    <IKRotLimits>-1e+010 -1e+010 -1e+010 1e+010 1e+010 1e+010</IKRotLimits>
                    <IKRotLimitOrder>0</IKRotLimitOrder>
                    <KeyFrames count="60">
                        <i>0.0766325 0.994547 0.0707365 -0.742023 0.00949968 0.670307 0.66598 -0.103855 0.738705 -0.713811 2.1271 1.01334</i>
                        <i>0.0751971 0.994541 0.0723371 -0.754155 0.00926202 0.656631 0.652377 -0.10393 0.750735 -0.746547 2.12476 1.00006</i>
                        <i>0.0710248 0.994585 0.0758703 -0.786704 0.00909277 0.617263 0.613231 -0.103528 0.78309 -0.822213 2.12078 0.967849</i>
                        <i>0.0642773 0.994802 0.078975 -0.831993 0.00972133 0.554701 0.55105 -0.101361 0.828294 -0.906941 2.11978 0.928295</i>
                        <i>0.0553738 0.995362 0.0786704 -0.880582 0.0115443 0.473754 0.470648 -0.0955092 0.877136 -0.966924 2.12655 0.893612</i>
                        <i>0.045646 0.996262 0.0733393 -0.924464 0.0143092 0.381001 0.378527 -0.0851906 0.921661 -0.99744 2.14515 0.865098</i>
                        <i>0.0370255 0.997227 0.0645512 -0.958968 0.0172871 0.282987 0.281086 -0.0723802 0.956949 -1.01807 2.17206 0.837194</i>
                        <i>0.0307026 0.998045 0.05444 -0.982062 0.0199835 0.187498 0.186044 -0.0592201 0.980755 -1.03168 2.20072 0.81212</i>
                        <i>0.0267746 0.998616 0.045268 -0.994402 0.0219766 0.103353 0.102215 -0.0477818 0.993614 -1.04107 2.22463 0.791641</i>
                        <i>0.0245819 0.998933 0.0391001 -0.998939 0.0230205 0.0398934 0.0389507 -0.0400392 0.998439 -1.04897 2.23733 0.777156</i>
                        <i>0.0244801 0.9989 0.0399877 -0.998942 0.0228845 0.0398841 0.0389251 -0.0409218 0.998404 -1.04898 2.23103 0.776958</i>
                        <i>0.0242361 0.998819 0.0421057 -0.99895 0.0225588 0.0398635 0.0388666 -0.0430277 0.998318 -1.049 2.216 0.776487</i>
                        <i>0.0239427 0.998716 0.0446367 -0.99896 0.0221678 0.0398418 0.0388012 -0.0455442 0.998209 -1.04903 2.19806 0.775925</i>
                        <i>0.0236951 0.998625 0.0467602 -0.998968 0.0218384 0.039826 0.0387501 -0.0476556 0.998112 -1.04905 2.18303 0.775455</i>
                        <i>0.0235908 0.998585 0.0476516 -0.998971 0.0216997 0.0398201 0.0387297 -0.048542 0.99807 -1.04906 2.17672 0.775258</i>
                        <i>0.0146018 0.998659 0.0496641 -0.999136 0.0126393 0.0396029 0.0389221 -0.0501994 0.997981 -1.05016 2.18161 0.777175</i>
                        <i>0.00106422 0.998646 0.0520168 -0.999229 -0.000979622 0.0392508 0.0392486 -0.0520185 0.997875 -1.05187 2.19426 0.780252</i>
                        <i>-0.0134286 0.998432 0.0543366 -0.999124 -0.0155526 0.0388575 0.0396417 -0.0537672 0.997766 -1.05368 2.20975 0.783644</i>
                        <i>-0.0252561 0.998101 0.0561769 -0.998882 -0.0274426 0.0384964 0.0399649 -0.0551418 0.997678 -1.05507 2.22329 0.786487</i>
                        <i>-0.0307819 0.997894 0.0570925 -0.998723 -0.032996 0.0382509 0.0400542 -0.0558421 0.997636 -1.05546 2.23013 0.787902</i>
                        <i>-0.028761 0.997957 0.0570481 -0.998784 -0.0309768 0.038344 0.0400328 -0.055876 0.997635 -1.05503 2.22803 0.787886</i>
                        <i>-0.0237467 0.998095 0.0569399 -0.99892 -0.0259649 0.0385393 0.0399443 -0.0559632 0.997633 -1.05396 2.22273 0.787845</i>
                        <i>-0.0173126 0.998235 0.0568045 -0.999059 -0.01953 0.0387152 0.0397562 -0.0560808 0.997634 -1.05257 2.21576 0.787792</i>
                        <i>-0.0110431 0.998331 0.0566777 -0.999159 -0.0132553 0.0388045 0.039491 -0.0562015 0.997638 -1.05121 2.20865 0.78774</i>
                        <i>-0.00653825 0.998376 0.0565936 -0.999208 -0.00874399 0.0388156 0.0392474 -0.056295 0.997642 -1.05021 2.20295 0.787702</i>
                        <i>-0.00540873 0.998383 0.0565851 -0.999218 -0.00761254 0.0388042 0.0391722 -0.056331 0.997643 -1.0499 2.20019 0.78769</i>
                        <i>-0.00851651 0.998356 0.0566752 -0.99919 -0.0107256 0.0387891 0.0393332 -0.0562989 0.997639 -1.05045 2.20073 0.78771</i>
                        <i>-0.014739 0.998274 0.0568416 -0.999106 -0.016956 0.0387214 0.0396184 -0.0562201 0.997632 -1.0516 2.20337 0.787754</i>
                        <i>-0.0227088 0.998113 0.05705 -0.998946 -0.0249312 0.0385502 0.0398998 -0.0561144 0.997627 -1.05311 2.2073 0.787812</i>
                        <i>-0.0310639 0.997876 0.0572658 -0.998713 -0.033286 0.0382662 0.040091 -0.0560034 0.997625 -1.0547 2.21171 0.787872</i>
                        <i>-0.0384528 0.997607 0.0574542 -0.998453 -0.0406697 0.0379271 0.0401729 -0.0559069 0.997627 -1.05612 2.21583 0.787925</i>
                        <i>-0.0435356 0.997391 0.0575802 -0.998243 -0.0457465 0.0376527 0.0401886 -0.0558398 0.997631 -1.05712 2.21887 0.787962</i>
                        <i>-0.0449782 0.997326 0.0576089 -0.998178 -0.047188 0.0375912 0.0402091 -0.0558131 0.997631 -1.05743 2.22005 0.787974</i>
                        <i>-0.0416987 0.997474 0.0575093 -0.998318 -0.0439161 0.0378482 0.0402782 -0.0558344 0.997627 -1.05687 2.21887 0.787953</i>
                        <i>-0.0345205 0.99776 0.0573021 -0.99859 -0.0367499 0.038318 0.040338 -0.0558986 0.997621 -1.05559 2.21582 0.787904</i>
                        <i>-0.024966 0.99806 0.0570296 -0.998876 -0.0272042 0.0388126 0.0402888 -0.0559965 0.997618 -1.05387 2.21168 0.787839</i>
                        <i>-0.0145671 0.998283 0.0567346 -0.99909 -0.0168062 0.0391912 0.0400774 -0.0561121 0.99762 -1.05199 2.20725 0.787767</i>
                        <i>-0.00486967 0.998393 0.0564597 -0.999198 -0.00710154 0.0393973 0.0397349 -0.0562226 0.997627 -1.05025 2.2033 0.7877</i>
                        <i>0.00256875 0.998414 0.0562471 -0.999221 0.000347772 0.0394603 0.0393782 -0.0563046 0.997637 -1.04892 2.20067 0.78765</i>
                        <i>0.00618621 0.998404 0.0561378 -0.999213 0.00397247 0.0394603 0.0391743 -0.0563377 0.997643 -1.0483 2.20016 0.787626</i>
                        <i>0.00308302 0.998414 0.0562069 -0.999222 0.00086518 0.0394402 0.039329 -0.0562848 0.99764 -1.04894 2.20383 0.787651</i>
                        <i>-0.00601742 0.998388 0.0564374 -0.999193 -0.00824399 0.0393026 0.0397045 -0.0561554 0.997632 -1.05071 2.21135 0.78772</i>
                        <i>-0.017246 0.998241 0.0567307 -0.999051 -0.0194735 0.0389489 0.0399851 -0.0560052 0.99763 -1.05287 2.22002 0.787803</i>
                        <i>-0.0267668 0.998016 0.0569843 -0.998839 -0.0289865 0.038489 0.0400644 -0.0558879 0.997633 -1.0547 2.22716 0.787873</i>
                        <i>-0.0307819 0.997894 0.0570925 -0.998723 -0.032996 0.0382509 0.0400542 -0.0558421 0.997636 -1.05546 2.23013 0.787902</i>
                        <i>-0.0281468 0.998 0.0565945 -0.998803 -0.0303445 0.0383545 0.0399951 -0.0554472 0.99766 -1.05544 2.22592 0.786986</i>
                        <i>-0.0214385 0.998219 0.0556719 -0.998978 -0.023605 0.0385533 0.0397987 -0.0547885 0.997705 -1.05474 2.2179 0.785217</i>
                        <i>-0.0120844 0.998445 0.054416 -0.999145 -0.0142083 0.0388142 0.039527 -0.0539005 0.997764 -1.0536 2.20765 0.782932</i>
                        <i>-0.00150196 0.998598 0.0529194 -0.999228 -0.00357555 0.0391112 0.0392456 -0.0528198 0.997833 -1.05224 2.19676 0.780466</i>
                        <i>0.00890332 0.998646 0.0512623 -0.999199 0.00688522 0.039411 0.0390047 -0.0515722 0.997907 -1.05089 2.18687 0.77815</i>
                        <i>0.0177343 0.998617 0.0494975 -0.999088 0.0157766 0.0396664 0.0388306 -0.0501559 0.997986 -1.04976 2.17963 0.776307</i>
                        <i>0.0235908 0.998585 0.0476516 -0.998971 0.0216997 0.0398201 0.0387297 -0.048542 0.99807 -1.04906 2.17672 0.775258</i>
                        <i>0.0257753 0.998997 0.0366083 -0.996223 0.0226316 0.0838335 0.082921 -0.0386309 0.995807 -1.03533 2.16826 0.783867</i>
                        <i>0.0220576 0.999633 0.0157147 -0.981912 0.0187046 0.188412 0.188048 -0.0195863 0.981964 -0.999564 2.14925 0.808168</i>
                        <i>0.0124037 0.999922 -0.00163418 -0.950135 0.0122954 0.311596 0.311591 -0.00231225 0.950213 -0.948208 2.12874 0.844155</i>
                        <i>0.00598716 0.999972 -0.00438692 -0.910592 0.00726492 0.413242 0.413263 0.00152055 0.91061 -0.887122 2.11585 0.886993</i>
                        <i>0.0146347 0.999801 0.0135399 -0.866342 0.00591778 0.499416 0.499236 -0.019039 0.866257 -0.824288 2.11425 0.93173</i>
                        <i>0.0375017 0.998471 0.040617 -0.811809 0.00673883 0.583885 0.582718 -0.0548699 0.81082 -0.768885 2.11852 0.97244</i>
                        <i>0.0638346 0.996015 0.0622891 -0.763135 0.00849813 0.646183 0.643078 -0.0887839 0.760636 -0.729088 2.12424 1.00197</i>
                        <i>0.0766325 0.994547 0.0707365 -0.742023 0.00949968 0.670307 0.66598 -0.103855 0.738705 -0.713811 2.1271 1.01334</i>
                    </KeyFrames>
                </p>
            </i>
            <i>
                <p>
                    <Name><![CDATA[spine1]]></Name>
                    <Exclude>0</Exclude>
                    <Additive>0</Additive>
                    <IKPriority>0</IKPriority>
                    <IKRotLimits>-1e+010 -1e+010 -1e+010 1e+010 1e+010 1e+010</IKRotLimits>
                    <IKRotLimitOrder>0</IKRotLimitOrder>
                    <KeyFrames count="60">
                        <i>0.195025 0.963133 0.185309 -0.736629 0.0190904 0.676027 0.647567 -0.268346 0.713195 -0.700623 2.29829 1.02552</i>
                        <i>0.205243 0.959213 0.194388 -0.748367 0.0258125 0.662783 0.630732 -0.281505 0.723141 -0.73356 2.29658 1.01255</i>
                        <i>0.222951 0.95045 0.21665 -0.779746 0.040492 0.624786 0.585055 -0.308228 0.750137 -0.809845 2.29411 0.981058</i>
                        <i>0.22967 0.942373 0.243279 -0.823897 0.0551841 0.564046 0.518117 -0.329982 0.789092 -0.895651 2.29476 0.942164</i>
                        <i>0.211603 0.941996 0.260514 -0.873315 0.0625649 0.483122 0.4388 -0.32974 0.835898 -0.957161 2.30231 0.907476</i>
                        <i>0.170805 0.950981 0.2578 -0.920077 0.0603255 0.387064 0.352538 -0.303308 0.88528 -0.989415 2.32052 0.877981</i>
                        <i>0.123336 0.963442 0.23784 -0.957375 0.0524377 0.284047 0.261191 -0.262735 0.928843 -1.0116 2.34649 0.848465</i>
                        <i>0.0794504 0.975429 0.205488 -0.982153 0.0413453 0.183481 0.170477 -0.216398 0.961306 -1.02635 2.37408 0.821564</i>
                        <i>0.0460435 0.984344 0.170137 -0.994981 0.0300426 0.0954528 0.088847 -0.173678 0.980787 -1.03645 2.3971 0.799452</i>
                        <i>0.0261687 0.989232 0.144001 -0.999314 0.0221086 0.0297239 0.0262202 -0.14468 0.989131 -1.04474 2.40928 0.783883</i>
                        <i>0.026244 0.988933 0.146023 -0.999313 0.0221323 0.0297121 0.0261514 -0.146703 0.988835 -1.04476 2.40295 0.783837</i>
                        <i>0.0264233 0.988204 0.150846 -0.999313 0.0221878 0.0296932 0.025996 -0.151527 0.988111 -1.04483 2.38785 0.783728</i>
                        <i>0.0266375 0.987302 0.156604 -0.999312 0.0222525 0.0296877 0.0258259 -0.157287 0.987215 -1.04491 2.3698 0.783598</i>
                        <i>0.0268171 0.986519 0.161432 -0.99931 0.0223052 0.0296973 0.0256962 -0.162117 0.986437 -1.04498 2.35466 0.78349</i>
                        <i>0.0268925 0.986184 0.163457 -0.999309 0.0223269 0.0297052 0.0256453 -0.164143 0.986103 -1.045 2.3483 0.783444</i>
                        <i>0.023893 0.988467 0.149539 -0.999252 0.019066 0.0336308 0.0303918 -0.150231 0.988184 -1.04765 2.35271 0.785685</i>
                        <i>0.0190816 0.991779 0.126533 -0.999117 0.0141778 0.0395427 0.0374236 -0.127176 0.991174 -1.05169 2.36473 0.789136</i>
                        <i>0.0140749 0.994811 0.100766 -0.998886 0.00944985 0.0462299 0.0450377 -0.101305 0.993835 -1.05597 2.37964 0.792897</i>
                        <i>0.010534 0.996825 0.0789186 -0.998609 0.00640925 0.0523383 0.0516663 -0.0793602 0.995506 -1.05935 2.39275 0.796035</i>
                        <i>0.0101375 0.997643 0.0678659 -0.998389 0.00630865 0.0563964 0.0558354 -0.0683283 0.996099 -1.06068 2.39942 0.797599</i>
                        <i>0.0127853 0.997619 0.0677657 -0.998358 0.00895143 0.0565803 0.055839 -0.0683778 0.996096 -1.05991 2.39733 0.797575</i>
                        <i>0.0193608 0.99753 0.0675168 -0.998254 0.0155169 0.0569994 0.055811 -0.0685024 0.996089 -1.05799 2.39208 0.797518</i>
                        <i>0.0278107 0.997352 0.0671972 -0.99806 0.0239591 0.0574592 0.055697 -0.0686648 0.996084 -1.05551 2.38517 0.797444</i>
                        <i>0.036079 0.997108 0.0668851 -0.997807 0.0322254 0.0578246 0.055502 -0.0688246 0.996084 -1.05309 2.37812 0.797372</i>
                        <i>0.0421092 0.996887 0.0666579 -0.997581 0.0382574 0.0580432 0.0553124 -0.0689408 0.996086 -1.05132 2.37245 0.797321</i>
                        <i>0.0438467 0.996816 0.0665924 -0.997508 0.0399948 0.0581146 0.0552663 -0.0689746 0.996086 -1.05082 2.3697 0.797308</i>
                        <i>0.0402875 0.996958 0.0667262 -0.997649 0.0364307 0.0580417 0.0554342 -0.0689077 0.996082 -1.05189 2.37024 0.797343</i>
                        <i>0.0328921 0.99721 0.0670059 -0.997905 0.02903 0.0578194 0.055713 -0.0687673 0.996076 -1.05411 2.37284 0.797414</i>
                        <i>0.0233049 0.997456 0.0673702 -0.99816 0.0194424 0.057431 0.0559751 -0.0685847 0.996074 -1.05696 2.3767 0.797505</i>
                        <i>0.0131719 0.997615 0.0677563 -0.998336 0.00931664 0.0569035 0.0561365 -0.0683931 0.996078 -1.05997 2.38105 0.797601</i>
                        <i>0.00413836 0.99767 0.0681004 -0.998412 0.000296087 0.0563345 0.056183 -0.0682253 0.996087 -1.06265 2.38509 0.797685</i>
                        <i>-0.00215387 0.99766 0.0683387 -0.998419 -0.00598378 0.055888 0.0561661 -0.0681103 0.996096 -1.0645 2.38808 0.797742</i>
                        <i>-0.00406611 0.997649 0.0684085 -0.998413 -0.00789253 0.055758 0.0561669 -0.0680732 0.996098 -1.06506 2.38925 0.797758</i>
                        <i>-0.00031444 0.997667 0.0682599 -0.998418 -0.00415167 0.0560804 0.056233 -0.0681342 0.99609 -1.06394 2.38809 0.79772</i>
                        <i>0.00807467 0.997657 0.0679319 -0.998381 0.00421848 0.0567186 0.0562991 -0.0682799 0.996076 -1.06144 2.38511 0.797638</i>
                        <i>0.019273 0.997533 0.0674964 -0.99823 0.0154 0.0574389 0.0562578 -0.068484 0.996065 -1.0581 2.38105 0.797528</i>
                        <i>0.0314463 0.997256 0.0670259 -0.997933 0.0275657 0.0580568 0.0560499 -0.068713 0.996061 -1.05446 2.37668 0.797408</i>
                        <i>0.0427555 0.996864 0.0665925 -0.997531 0.0388778 0.0584764 0.0557041 -0.0689283 0.996065 -1.05107 2.37279 0.797296</i>
                        <i>0.051361 0.996479 0.0662661 -0.997146 0.0474924 0.0586914 0.0553376 -0.0690914 0.996074 -1.04848 2.37018 0.79721</i>
                        <i>0.0554268 0.996271 0.0661135 -0.99694 0.0515654 0.0587482 0.0551199 -0.0691675 0.996081 -1.04725 2.36968 0.797169</i>
                        <i>0.0514735 0.996474 0.066265 -0.997145 0.0476104 0.0586147 0.0552531 -0.0690929 0.996079 -1.04842 2.37333 0.797204</i>
                        <i>0.0403328 0.996958 0.0666925 -0.997639 0.0364667 0.0582034 0.0555943 -0.0688825 0.996075 -1.05173 2.38081 0.79731</i>
                        <i>0.0266403 0.997382 0.0672226 -0.998085 0.0227828 0.0575121 0.05583 -0.068626 0.996079 -1.0558 2.38941 0.797441</i>
                        <i>0.0150331 0.997594 0.0676747 -0.998325 0.0111936 0.0567597 0.0558656 -0.0684147 0.996092 -1.05924 2.39648 0.797552</i>
                        <i>0.0101375 0.997643 0.0678659 -0.998389 0.00630865 0.0563964 0.0558354 -0.0683283 0.996099 -1.06068 2.39942 0.797599</i>
                        <i>0.0091106 0.997116 0.0753464 -0.998598 0.00514374 0.0526757 0.0521362 -0.0757207 0.995765 -1.06021 2.39532 0.796603</i>
                        <i>0.0105788 0.995928 0.0895268 -0.998869 0.00637537 0.0471077 0.0463452 -0.0899239 0.99487 -1.05838 2.38755 0.794688</i>
                        <i>0.0137169 0.994102 0.107574 -0.999123 0.00936896 0.0408201 0.0395715 -0.10804 0.993359 -1.05566 2.37767 0.792206</i>
                        <i>0.0177094 0.991786 0.126677 -0.999301 0.0133849 0.034908 0.0329257 -0.127207 0.99133 -1.0525 2.36723 0.789505</i>
                        <i>0.0217565 0.989324 0.144098 -0.999383 0.017547 0.0304192 0.027566 -0.144671 0.989096 -1.04937 2.3578 0.786926</i>
                        <i>0.0250763 0.987248 0.157205 -0.99938 0.0208688 0.0283588 0.0247165 -0.157819 0.987159 -1.04672 2.35096 0.784799</i>
                        <i>0.0268925 0.986184 0.163457 -0.999309 0.0223269 0.0297052 0.0256453 -0.164143 0.986103 -1.045 2.3483 0.783444</i>
                        <i>0.0313892 0.988156 0.15021 -0.996253 0.0188153 0.0844092 0.0805831 -0.152297 0.985044 -1.0309 2.33996 0.790157</i>
                        <i>0.036512 0.992218 0.119043 -0.978016 0.0110058 0.208238 0.205307 -0.124029 0.970807 -0.995775 2.32098 0.810866</i>
                        <i>0.0367126 0.995295 0.0896677 -0.937056 0.00310749 0.349165 0.347244 -0.0968424 0.932761 -0.946079 2.30041 0.843874</i>
                        <i>0.039946 0.99596 0.0804294 -0.888754 -0.00137079 0.458383 0.456641 -0.0897925 0.885108 -0.886095 2.28745 0.88624</i>
                        <i>0.0662465 0.992317 0.104492 -0.843135 -0.00033336 0.537701 0.533605 -0.123722 0.836636 -0.821777 2.28586 0.934053</i>
                        <i>0.116905 0.982724 0.143478 -0.794079 0.00572719 0.607787 0.596466 -0.184986 0.781031 -0.762443 2.29008 0.979417</i>
                        <i>0.170157 0.969959 0.173859 -0.753542 0.0143849 0.657243 0.634997 -0.242845 0.733352 -0.718109 2.29558 1.01269</i>
                        <i>0.195025 0.963133 0.185309 -0.736629 0.0190904 0.676027 0.647567 -0.268346 0.713195 -0.700623 2.29829 1.02552</i>
                    </KeyFrames>
                </p>
            </i>
            <i>
                <p>
                    <Name><![CDATA[spine2]]></Name>
                    <Exclude>0</Exclude>
                    <Additive>0</Additive>
                    <IKPriority>0</IKPriority>
                    <IKRotLimits>-1e+010 -1e+010 -1e+010 1e+010 1e+010 1e+010</IKRotLimits>
                    <IKRotLimitOrder>0</IKRotLimitOrder>
                    <KeyFrames count="60">
                        <i>0.299046 0.904221 0.304887 -0.732645 0.0128538 0.680489 0.611394 -0.426871 0.666317 -0.669704 2.45088 1.05489</i>
                        <i>0.305114 0.896334 0.3217 -0.74527 0.0144421 0.666606 0.592856 -0.443144 0.672417 -0.700897 2.44911 1.04348</i>
                        <i>0.311129 0.879152 0.360957 -0.778444 0.0178696 0.62746 0.545183 -0.476205 0.68993 -0.774047 2.44653 1.01585</i>
                        <i>0.300268 0.86367 0.404862 -0.824335 0.0214109 0.565697 0.479908 -0.503602 0.718382 -0.85843 2.44724 0.9816</i>
                        <i>0.26258 0.862579 0.432447 -0.875094 0.0240647 0.483354 0.406524 -0.50535 0.761156 -0.922733 2.45532 0.94988</i>
                        <i>0.20425 0.878548 0.431781 -0.922609 0.0253244 0.384905 0.327223 -0.476982 0.815729 -0.961716 2.47452 0.919813</i>
                        <i>0.1423 0.90144 0.408847 -0.959944 0.02496 0.279077 0.241366 -0.432183 0.868884 -0.991732 2.50157 0.886815</i>
                        <i>0.0876656 0.924906 0.369951 -0.98413 0.0228958 0.175964 0.15428 -0.379506 0.912235 -1.01364 2.53005 0.854464</i>
                        <i>0.047057 0.944073 0.326361 -0.996089 0.0198884 0.0860912 0.0747856 -0.329136 0.941316 -1.02914 2.55364 0.826532</i>
                        <i>0.0222728 0.95607 0.292293 -0.999664 0.017419 0.0191983 0.0132635 -0.292622 0.956136 -1.0406 2.56609 0.806721</i>
                        <i>0.0226262 0.956244 0.291693 -0.999657 0.0177914 0.0192174 0.0131869 -0.292028 0.956319 -1.04062 2.55969 0.806993</i>
                        <i>0.0234715 0.956658 0.290266 -0.99964 0.0186781 0.0192736 0.0130166 -0.290614 0.956752 -1.04065 2.54441 0.807638</i>
                        <i>0.0244848 0.957147 0.288567 -0.999618 0.0197342 0.0193609 0.0128366 -0.288931 0.957264 -1.0407 2.52613 0.808406</i>
                        <i>0.0253374 0.957551 0.287147 -0.999598 0.0206171 0.0194509 0.0127051 -0.287524 0.957689 -1.04074 2.51077 0.809046</i>
                        <i>0.0256959 0.95772 0.286552 -0.99959 0.0209869 0.0194932 0.0126552 -0.286935 0.957867 -1.04076 2.50433 0.809314</i>
                        <i>0.0309803 0.961049 0.274634 -0.999322 0.0243101 0.0276588 0.0199051 -0.275305 0.961151 -1.04389 2.50867 0.809279</i>
                        <i>0.0379922 0.965697 0.256876 -0.998804 0.0287821 0.039521 0.0307718 -0.25807 0.965636 -1.04869 2.52066 0.809019</i>
                        <i>0.0464849 0.97027 0.23752 -0.998014 0.034993 0.0523743 0.0425057 -0.239483 0.96997 -1.05376 2.53557 0.808671</i>
                        <i>0.0561339 0.973617 0.221176 -0.997041 0.0430111 0.0637114 0.0525175 -0.224098 0.973151 -1.05769 2.54869 0.808353</i>
                        <i>0.066544 0.974855 0.212672 -0.996078 0.0524455 0.0712655 0.0583199 -0.21658 0.974521 -1.05908 2.55537 0.808177</i>
                        <i>0.0716779 0.974552 0.212394 -0.995771 0.0576481 0.0715357 0.0574711 -0.216623 0.974562 -1.0579 2.55329 0.808139</i>
                        <i>0.084457 0.973679 0.2117 -0.99489 0.0706068 0.0721639 0.055317 -0.216713 0.974667 -1.05494 2.54805 0.808044</i>
                        <i>0.100944 0.972303 0.2108 -0.993509 0.0873447 0.0728817 0.0524508 -0.216788 0.974809 -1.05115 2.54114 0.807922</i>
                        <i>0.117218 0.970669 0.209907 -0.99187 0.103886 0.0734897 0.0495277 -0.216815 0.974956 -1.04743 2.53408 0.807805</i>
                        <i>0.129389 0.969267 0.209234 -0.990466 0.116269 0.0738852 0.047287 -0.216799 0.97507 -1.04471 2.5284 0.80772</i>
                        <i>0.133595 0.968749 0.208991 -0.989944 0.120548 0.0740269 0.0465201 -0.216779 0.975112 -1.04394 2.52566 0.807698</i>
                        <i>0.128249 0.969414 0.209257 -0.990601 0.115099 0.0739083 0.0475625 -0.216769 0.975064 -1.04557 2.52621 0.807754</i>
                        <i>0.116182 0.970799 0.209883 -0.991977 0.102814 0.0735586 0.0498318 -0.216745 0.974955 -1.04894 2.52882 0.807867</i>
                        <i>0.100159 0.972401 0.210724 -0.993573 0.0865237 0.0729843 0.0527373 -0.21668 0.974817 -1.0533 2.5327 0.808013</i>
                        <i>0.082967 0.973822 0.211631 -0.994993 0.0690715 0.0722398 0.055731 -0.216565 0.974676 -1.0579 2.53704 0.808166</i>
                        <i>0.0674182 0.974843 0.212453 -0.996018 0.0533092 0.0714589 0.0583356 -0.216424 0.974555 -1.06198 2.54107 0.808302</i>
                        <i>0.0563408 0.975418 0.213037 -0.996599 0.0420902 0.0708493 0.060141 -0.216304 0.974472 -1.06482 2.54403 0.808395</i>
                        <i>0.0525661 0.975585 0.213238 -0.996767 0.0382644 0.0706534 0.0607689 -0.216263 0.974442 -1.06568 2.5452 0.808421</i>
                        <i>0.0581672 0.97533 0.212949 -0.996506 0.0439201 0.0710376 0.0599324 -0.216337 0.974477 -1.06397 2.54405 0.808361</i>
                        <i>0.0713201 0.974606 0.212264 -0.995774 0.0572242 0.0718333 0.0578625 -0.21649 0.974569 -1.06017 2.54108 0.808228</i>
                        <i>0.0889999 0.973352 0.21134 -0.994515 0.0751373 0.0727583 0.05494 -0.216656 0.974701 -1.05508 2.53703 0.808052</i>
                        <i>0.108186 0.971624 0.210339 -0.992791 0.0946126 0.073585 0.0515962 -0.216784 0.974855 -1.04953 2.53264 0.807861</i>
                        <i>0.125878 0.969689 0.209424 -0.990867 0.112605 0.0741827 0.0483518 -0.216849 0.975007 -1.04437 2.52872 0.807684</i>
                        <i>0.139109 0.968025 0.208751 -0.989217 0.126084 0.0745191 0.0458162 -0.216866 0.975126 -1.04043 2.52608 0.807549</i>
                        <i>0.144938 0.967231 0.208466 -0.988433 0.132032 0.0746191 0.0446496 -0.21687 0.975179 -1.03856 2.52555 0.807484</i>
                        <i>0.137564 0.96822 0.208871 -0.989423 0.124528 0.0743932 0.0460187 -0.216896 0.97511 -1.04035 2.52922 0.807542</i>
                        <i>0.118273 0.970542 0.209905 -0.991744 0.104905 0.0737538 0.049561 -0.216895 0.974936 -1.04541 2.53673 0.807711</i>
                        <i>0.0947862 0.972844 0.211164 -0.99405 0.0810576 0.0727671 0.0536746 -0.216804 0.974738 -1.05162 2.54536 0.807922</i>
                        <i>0.0749177 0.974345 0.212226 -0.995561 0.0609216 0.0717468 0.0569769 -0.216659 0.974583 -1.05687 2.55244 0.808101</i>
                        <i>0.066544 0.974855 0.212672 -0.996078 0.0524455 0.0712655 0.0583199 -0.21658 0.974521 -1.05908 2.55537 0.808177</i>
                        <i>0.056784 0.974161 0.218599 -0.996976 0.0436928 0.0642656 0.0530539 -0.221587 0.973696 -1.05878 2.55126 0.808358</i>
                        <i>0.0487606 0.972116 0.229374 -0.997853 0.0373562 0.0538043 0.0437355 -0.231505 0.97185 -1.05672 2.54349 0.808681</i>
                        <i>0.0422306 0.969121 0.242944 -0.998578 0.0330265 0.0418367 0.0325212 -0.244365 0.969138 -1.0535 2.53361 0.809061</i>
                        <i>0.0369349 0.965626 0.257299 -0.999085 0.030125 0.0303602 0.0215654 -0.258185 0.965855 -1.04972 2.52317 0.809411</i>
                        <i>0.0326016 0.962159 0.270531 -0.999383 0.0278407 0.0214182 0.0130759 -0.271063 0.962473 -1.04595 2.51374 0.809637</i>
                        <i>0.0289493 0.959315 0.28085 -0.999537 0.025159 0.0170926 0.00933132 -0.281215 0.9596 -1.04277 2.50693 0.80964</i>
                        <i>0.0256959 0.95772 0.286552 -0.99959 0.0209869 0.0194932 0.0126552 -0.286935 0.957867 -1.04076 2.50433 0.809314</i>
                        <i>0.0360646 0.96032 0.276559 -0.996314 0.012999 0.0847865 0.0778272 -0.278597 0.95725 -1.02593 2.49635 0.813939</i>
                        <i>0.0616037 0.966345 0.249764 -0.973701 0.00319328 0.227806 0.219342 -0.257229 0.941128 -0.989976 2.47795 0.829702</i>
                        <i>0.0878328 0.971291 0.221088 -0.922468 -0.00445563 0.386048 0.37595 -0.237854 0.895593 -0.940234 2.45777 0.858041</i>
                        <i>0.111777 0.971377 0.209602 -0.86469 -0.00886949 0.502228 0.489712 -0.237379 0.838948 -0.879733 2.44484 0.898931</i>
                        <i>0.15158 0.960954 0.231496 -0.818398 -0.00932335 0.574576 0.554299 -0.27655 0.78503 -0.811263 2.44271 0.950549</i>
                        <i>0.212828 0.939761 0.267494 -0.776241 -0.00364911 0.630426 0.593426 -0.341812 0.728705 -0.743918 2.44553 1.0021</i>
                        <i>0.27229 0.915935 0.294826 -0.744956 0.00673853 0.66708 0.609015 -0.401271 0.684166 -0.691141 2.44917 1.04022</i>
                        <i>0.299046 0.904221 0.304887 -0.732645 0.0128538 0.680489 0.611394 -0.426871 0.666317 -0.669704 2.45088 1.05489</i>
                    </KeyFrames>
                </p>
            </i>
            <i>
                <p>
                    <Name><![CDATA[head]]></Name>
                    <Exclude>0</Exclude>
                    <Additive>0</Additive>
                    <IKPriority>0</IKPriority>
                    <IKRotLimits>-1e+010 -1e+010 -1e+010 1e+010 1e+010 1e+010</IKRotLimits>
                    <IKRotLimitOrder>0</IKRotLimitOrder>
                    <KeyFrames count="60">
                        <i>0.0418655 0.986076 0.16094 -0.0808893 0.163897 -0.983155 -0.995843 0.028142 0.0866246 -0.600302 2.68893 1.12626</i>
                        <i>0.045554 0.985117 0.165736 -0.0717407 0.168706 -0.983052 -0.996383 0.032892 0.0783581 -0.630282 2.68578 1.1196</i>
                        <i>0.0497973 0.982901 0.177274 -0.0488488 0.179679 -0.982512 -0.997564 0.0402668 0.0569611 -0.702546 2.68017 1.10293</i>
                        <i>0.0450955 0.980707 0.190213 -0.0188433 0.191208 -0.981369 -0.998805 0.040671 0.0271024 -0.79023 2.6782 1.08063</i>
                        <i>0.0269668 0.980134 0.196494 0.0122358 0.196228 -0.980482 -0.999561 0.0288447 -0.00670111 -0.864173 2.68642 1.05569</i>
                        <i>0.00351554 0.980759 0.195192 0.028275 0.195018 -0.980392 -0.999594 0.00896565 -0.0270454 -0.917213 2.70905 1.02421</i>
                        <i>-0.0115418 0.981202 0.192638 0.0240777 0.192868 -0.980929 -0.999644 -0.00668335 -0.0258511 -0.961471 2.74075 0.983985</i>
                        <i>-0.0126075 0.981602 0.190521 0.0108958 0.19066 -0.981596 -0.999861 -0.0102996 -0.013099 -0.995293 2.77383 0.940704</i>
                        <i>-0.00237205 0.981889 0.189442 -0.000762378 0.189441 -0.981892 -0.999997 -0.00247352 0.000299209 -1.01915 2.80107 0.901141</i>
                        <i>0.00923578 0.982205 0.187587 -0.00260484 0.187618 -0.982239 -0.999954 0.0085831 0.00429128 -1.0355 2.81581 0.872381</i>
                        <i>0.00971097 0.982702 0.184936 -0.00259391 0.184969 -0.982741 -0.999949 0.00906365 0.00434527 -1.03541 2.8095 0.872232</i>
                        <i>0.0108455 0.98386 0.178611 -0.00258637 0.178648 -0.98391 -0.999938 0.0102091 0.00448216 -1.03519 2.7944 0.871874</i>
                        <i>0.0122018 0.985187 0.171051 -0.00261157 0.171095 -0.985251 -0.999922 0.0115751 0.00466056 -1.03494 2.77631 0.871437</i>
                        <i>0.0133394 0.986252 0.16471 -0.00266137 0.164759 -0.98633 -0.999908 0.0127187 0.00482257 -1.03472 2.7611 0.871064</i>
                        <i>0.0138167 0.986686 0.162049 -0.00269005 0.1621 -0.986771 -0.999901 0.013198 0.00489391 -1.03463 2.7547 0.870906</i>
                        <i>-0.0135822 0.988728 0.149106 0.0140974 0.149294 -0.988692 -0.999808 -0.0113266 -0.0159663 -1.03615 2.75926 0.868509</i>
                        <i>-0.0531118 0.989678 0.133106 0.0397284 0.135283 -0.99001 -0.997798 -0.0472931 -0.0465034 -1.03883 2.77153 0.865032</i>
                        <i>-0.096915 0.988374 0.11715 0.0690593 0.124098 -0.989864 -0.992894 -0.0878424 -0.0802834 -1.04133 2.78668 0.861314</i>
                        <i>-0.137712 0.985027 0.103716 0.0962058 0.117521 -0.988399 -0.985789 -0.126137 -0.110949 -1.04236 2.79994 0.8582</i>
                        <i>-0.169051 0.981063 0.09454 0.114856 0.114876 -0.986718 -0.978892 -0.155947 -0.132101 -1.0406 2.80657 0.856544</i>
                        <i>-0.184658 0.97847 0.0921832 0.10732 0.113311 -0.987746 -0.976926 -0.172502 -0.125933 -1.03792 2.8044 0.856421</i>
                        <i>-0.209604 0.973857 0.087575 0.0912565 0.108657 -0.989882 -0.973518 -0.199492 -0.111646 -1.03125 2.79888 0.856116</i>
                        <i>-0.211118 0.973801 0.0845074 0.0757637 0.102499 -0.991844 -0.97452 -0.202993 -0.095418 -1.02266 2.79153 0.85572</i>
