<?xml version="1.0" encoding="ISO-8859-1" ?>
<Animl Version="1">
    <ModellingPackage><![CDATA[Maya.2010]]></ModellingPackage>
    <SrcFile><![CDATA[anims\turrets\antitank\red\~src\at_b10_recoilless\b10recoilless_reload_low_crewman_b.mb]]></SrcFile>
    <FramesPerSecond>30</FramesPerSecond>
    <TotalFrames>100</TotalFrames>
    <Skeleton>
        <RefFrame>
            <Name><![CDATA[soldier_ref_frame]]></Name>
            <Exclude>0</Exclude>
            <Additive>0</Additive>
            <IKPriority>0</IKPriority>
            <IKRotLimits>-1e+010 -1e+010 -1e+010 1e+010 1e+010 1e+010</IKRotLimits>
            <IKRotLimitOrder>0</IKRotLimitOrder>
            <KeyFrames count="100">
                <i>1 0 0 0 1 0 0 0 1 1.34 0.92 -1.82</i>
                <i>1 0 0 0 1 0 0 0 1 1.34 0.92 -1.82</i>
                <i>1 0 0 0 1 0 0 0 1 1.34 0.92 -1.82</i>
                <i>1 0 0 0 1 0 0 0 1 1.34 0.92 -1.82</i>
                <i>1 0 0 0 1 0 0 0 1 1.34 0.92 -1.82</i>
                <i>1 0 0 0 1 0 0 0 1 1.34 0.92 -1.82</i>
                <i>1 0 0 0 1 0 0 0 1 1.34 0.92 -1.82</i>
                <i>1 0 0 0 1 0 0 0 1 1.34 0.92 -1.82</i>
                <i>1 0 0 0 1 0 0 0 1 1.34 0.92 -1.82</i>
                <i>1 0 0 0 1 0 0 0 1 1.34 0.92 -1.82</i>
                <i>1 0 0 0 1 0 0 0 1 1.34 0.92 -1.82</i>
                <i>1 0 0 0 1 0 0 0 1 1.34 0.92 -1.82</i>
                <i>1 0 0 0 1 0 0 0 1 1.34 0.92 -1.82</i>
                <i>1 0 0 0 1 0 0 0 1 1.34 0.92 -1.82</i>
                <i>1 0 0 0 1 0 0 0 1 1.34 0.92 -1.82</i>
                <i>1 0 0 0 1 0 0 0 1 1.34 0.92 -1.82</i>
                <i>1 0 0 0 1 0 0 0 1 1.34 0.92 -1.82</i>
                <i>1 0 0 0 1 0 0 0 1 1.34 0.92 -1.82</i>
                <i>1 0 0 0 1 0 0 0 1 1.34 0.92 -1.82</i>
                <i>1 0 0 0 1 0 0 0 1 1.34 0.92 -1.82</i>
                <i>1 0 0 0 1 0 0 0 1 1.34 0.92 -1.82</i>
                <i>1 0 0 0 1 0 0 0 1 1.34 0.92 -1.82</i>
                <i>1 0 0 0 1 0 0 0 1 1.34 0.92 -1.82</i>
                <i>1 0 0 0 1 0 0 0 1 1.34 0.92 -1.82</i>
                <i>1 0 0 0 1 0 0 0 1 1.34 0.92 -1.82</i>
                <i>1 0 0 0 1 0 0 0 1 1.34 0.92 -1.82</i>
                <i>1 0 0 0 1 0 0 0 1 1.34 0.92 -1.82</i>
                <i>1 0 0 0 1 0 0 0 1 1.34 0.92 -1.82</i>
                <i>1 0 0 0 1 0 0 0 1 1.34 0.92 -1.82</i>
                <i>1 0 0 0 1 0 0 0 1 1.34 0.92 -1.82</i>
                <i>1 0 0 0 1 0 0 0 1 1.34 0.92 -1.82</i>
                <i>1 0 0 0 1 0 0 0 1 1.34 0.92 -1.82</i>
                <i>1 0 0 0 1 0 0 0 1 1.34 0.92 -1.82</i>
                <i>1 0 0 0 1 0 0 0 1 1.34 0.92 -1.82</i>
                <i>1 0 0 0 1 0 0 0 1 1.34 0.92 -1.82</i>
                <i>1 0 0 0 1 0 0 0 1 1.34 0.92 -1.82</i>
                <i>1 0 0 0 1 0 0 0 1 1.34 0.92 -1.82</i>
                <i>1 0 0 0 1 0 0 0 1 1.34 0.92 -1.82</i>
                <i>1 0 0 0 1 0 0 0 1 1.34 0.92 -1.82</i>
                <i>1 0 0 0 1 0 0 0 1 1.34 0.92 -1.82</i>
                <i>1 0 0 0 1 0 0 0 1 1.34 0.92 -1.82</i>
                <i>1 0 0 0 1 0 0 0 1 1.34 0.92 -1.82</i>
                <i>1 0 0 0 1 0 0 0 1 1.34 0.92 -1.82</i>
                <i>1 0 0 0 1 0 0 0 1 1.34 0.92 -1.82</i>
                <i>1 0 0 0 1 0 0 0 1 1.34 0.92 -1.82</i>
                <i>1 0 0 0 1 0 0 0 1 1.34 0.92 -1.82</i>
                <i>1 0 0 0 1 0 0 0 1 1.34 0.92 -1.82</i>
                <i>1 0 0 0 1 0 0 0 1 1.34 0.92 -1.82</i>
                <i>1 0 0 0 1 0 0 0 1 1.34 0.92 -1.82</i>
                <i>1 0 0 0 1 0 0 0 1 1.34 0.92 -1.82</i>
                <i>1 0 0 0 1 0 0 0 1 1.34 0.92 -1.82</i>
                <i>1 0 0 0 1 0 0 0 1 1.34 0.92 -1.82</i>
                <i>1 0 0 0 1 0 0 0 1 1.34 0.92 -1.82</i>
                <i>1 0 0 0 1 0 0 0 1 1.34 0.92 -1.82</i>
                <i>1 0 0 0 1 0 0 0 1 1.34 0.92 -1.82</i>
                <i>1 0 0 0 1 0 0 0 1 1.34 0.92 -1.82</i>
                <i>1 0 0 0 1 0 0 0 1 1.34 0.92 -1.82</i>
                <i>1 0 0 0 1 0 0 0 1 1.34 0.92 -1.82</i>
                <i>1 0 0 0 1 0 0 0 1 1.34 0.92 -1.82</i>
                <i>1 0 0 0 1 0 0 0 1 1.34 0.92 -1.82</i>
                <i>1 0 0 0 1 0 0 0 1 1.34 0.92 -1.82</i>
                <i>1 0 0 0 1 0 0 0 1 1.34 0.92 -1.82</i>
                <i>1 0 0 0 1 0 0 0 1 1.34 0.92 -1.82</i>
                <i>1 0 0 0 1 0 0 0 1 1.34 0.92 -1.82</i>
                <i>1 0 0 0 1 0 0 0 1 1.34 0.92 -1.82</i>
                <i>1 0 0 0 1 0 0 0 1 1.34 0.92 -1.82</i>
                <i>1 0 0 0 1 0 0 0 1 1.34 0.92 -1.82</i>
                <i>1 0 0 0 1 0 0 0 1 1.34 0.92 -1.82</i>
                <i>1 0 0 0 1 0 0 0 1 1.34 0.92 -1.82</i>
                <i>1 0 0 0 1 0 0 0 1 1.34 0.92 -1.82</i>
                <i>1 0 0 0 1 0 0 0 1 1.34 0.92 -1.82</i>
                <i>1 0 0 0 1 0 0 0 1 1.34 0.92 -1.82</i>
                <i>1 0 0 0 1 0 0 0 1 1.34 0.92 -1.82</i>
                <i>1 0 0 0 1 0 0 0 1 1.34 0.92 -1.82</i>
                <i>1 0 0 0 1 0 0 0 1 1.34 0.92 -1.82</i>
                <i>1 0 0 0 1 0 0 0 1 1.34 0.92 -1.82</i>
                <i>1 0 0 0 1 0 0 0 1 1.34 0.92 -1.82</i>
                <i>1 0 0 0 1 0 0 0 1 1.34 0.92 -1.82</i>
                <i>1 0 0 0 1 0 0 0 1 1.34 0.92 -1.82</i>
                <i>1 0 0 0 1 0 0 0 1 1.34 0.92 -1.82</i>
                <i>1 0 0 0 1 0 0 0 1 1.34 0.92 -1.82</i>
                <i>1 0 0 0 1 0 0 0 1 1.34 0.92 -1.82</i>
                <i>1 0 0 0 1 0 0 0 1 1.34 0.92 -1.82</i>
                <i>1 0 0 0 1 0 0 0 1 1.34 0.92 -1.82</i>
                <i>1 0 0 0 1 0 0 0 1 1.34 0.92 -1.82</i>
                <i>1 0 0 0 1 0 0 0 1 1.34 0.92 -1.82</i>
                <i>1 0 0 0 1 0 0 0 1 1.34 0.92 -1.82</i>
                <i>1 0 0 0 1 0 0 0 1 1.34 0.92 -1.82</i>
                <i>1 0 0 0 1 0 0 0 1 1.34 0.92 -1.82</i>
                <i>1 0 0 0 1 0 0 0 1 1.34 0.92 -1.82</i>
                <i>1 0 0 0 1 0 0 0 1 1.34 0.92 -1.82</i>
                <i>1 0 0 0 1 0 0 0 1 1.34 0.92 -1.82</i>
                <i>1 0 0 0 1 0 0 0 1 1.34 0.92 -1.82</i>
                <i>1 0 0 0 1 0 0 0 1 1.34 0.92 -1.82</i>
                <i>1 0 0 0 1 0 0 0 1 1.34 0.92 -1.82</i>
                <i>1 0 0 0 1 0 0 0 1 1.34 0.92 -1.82</i>
                <i>1 0 0 0 1 0 0 0 1 1.34 0.92 -1.82</i>
                <i>1 0 0 0 1 0 0 0 1 1.34 0.92 -1.82</i>
                <i>1 0 0 0 1 0 0 0 1 1.34 0.92 -1.82</i>
                <i>1 0 0 0 1 0 0 0 1 1.34 0.92 -1.82</i>
            </KeyFrames>
        </RefFrame>
        <Bones count="23">
            <i>
                <p>
                    <Name><![CDATA[pelvis]]></Name>
                    <Exclude>0</Exclude>
                    <Additive>0</Additive>
                    <IKPriority>0</IKPriority>
                    <IKRotLimits>-1e+010 -1e+010 -1e+010 1e+010 1e+010 1e+010</IKRotLimits>
                    <IKRotLimitOrder>2</IKRotLimitOrder>
                    <KeyFrames count="100">
                        <i>1 0 0 0 1 0 0 0 1 1.74424 1.88939 -1.60259</i>
                        <i>1 0 0 0 1 0 0 0 1 1.73584 1.8718 -1.5936</i>
                        <i>1 0 0 0 1 0 0 0 1 1.73012 1.85071 -1.58135</i>
                        <i>1 0 0 0 1 0 0 0 1 1.71905 1.83661 -1.57561</i>
                        <i>1 0 0 0 1 0 0 0 1 1.6946 1.84 -1.58615</i>
                        <i>1 0 0 0 1 0 0 0 1 1.65538 1.86516 -1.61855</i>
                        <i>1 0 0 0 1 0 0 0 1 1.60732 1.90433 -1.66559</i>
                        <i>1 0 0 0 1 0 0 0 1 1.55341 1.94992 -1.71781</i>
                        <i>1 0 0 0 1 0 0 0 1 1.49664 1.99434 -1.76576</i>
                        <i>1 0 0 0 1 0 0 0 1 1.44 2.03 -1.8</i>
                        <i>1 0 0 0 1 0 0 0 1 1.38509 2.05569 -1.7967</i>
                        <i>1 0 0 0 1 0 0 0 1 1.325 2.0711 -1.77279</i>
                        <i>1 0 0 0 1 0 0 0 1 1.25 2.07 -1.78</i>
                        <i>1 0 0 0 1 0 0 0 1 1.14856 2.04753 -1.83937</i>
                        <i>1 0 0 0 1 0 0 0 1 1.03103 2.01151 -1.92333</i>
                        <i>1 0 0 0 1 0 0 0 1 0.920491 1.97473 -2.01063</i>
                        <i>1 0 0 0 1 0 0 0 1 0.84 1.95 -2.08</i>
                        <i>1 0 0 0 1 0 0 0 1 0.794817 1.94365 -2.13343</i>
                        <i>1 0 0 0 1 0 0 0 1 0.769385 1.94787 -2.1835</i>
                        <i>1 0 0 0 1 0 0 0 1 0.755544 1.95427 -2.22485</i>
                        <i>1 0 0 0 1 0 0 0 1 0.745135 1.95445 -2.25214</i>
                        <i>1 0 0 0 1 0 0 0 1 0.73 1.94 -2.26</i>
                        <i>1 0 0 0 1 0 0 0 1 0.708193 1.90753 -2.24099</i>
                        <i>1 0 0 0 1 0 0 0 1 0.684678 1.86305 -2.19912</i>
                        <i>1 0 0 0 1 0 0 0 1 0.661658 1.8123 -2.14624</i>
                        <i>1 0 0 0 1 0 0 0 1 0.641336 1.76103 -2.0942</i>
                        <i>1 0 0 0 1 0 0 0 1 0.625916 1.71497 -2.05487</i>
                        <i>1 0 0 0 1 0 0 0 1 0.617601 1.67985 -2.04008</i>
                        <i>1 0 0 0 1 0 0 0 1 0.61325 1.65321 -2.04164</i>
                        <i>1 0 0 0 1 0 0 0 1 0.608511 1.6293 -2.04337</i>
                        <i>1 0 0 0 1 0 0 0 1 0.603768 1.60896 -2.04512</i>
                        <i>1 0 0 0 1 0 0 0 1 0.599408 1.59303 -2.04674</i>
                        <i>1 0 0 0 1 0 0 0 1 0.595817 1.58233 -2.04808</i>
                        <i>1 0 0 0 1 0 0 0 1 0.593382 1.57771 -2.049</i>
                        <i>1 0 0 0 1 0 0 0 1 0.592487 1.58 -2.04935</i>
                        <i>1 0 0 0 1 0 0 0 1 0.591024 1.5984 -2.0499</i>
                        <i>1 0 0 0 1 0 0 0 1 0.589098 1.63486 -2.05061</i>
                        <i>1 0 0 0 1 0 0 0 1 0.590415 1.67933 -2.05012</i>
                        <i>1 0 0 0 1 0 0 0 1 0.59868 1.72176 -2.04707</i>
                        <i>1 0 0 0 1 0 0 0 1 0.617601 1.7521 -2.04008</i>
                        <i>1 0 0 0 1 0 0 0 1 0.661157 1.76707 -2.03405</i>
                        <i>1 0 0 0 1 0 0 0 1 0.728138 1.77335 -2.0333</i>
                        <i>1 0 0 0 1 0 0 0 1 0.799467 1.77588 -2.03556</i>
                        <i>1 0 0 0 1 0 0 0 1 0.856066 1.77957 -2.03857</i>
                        <i>1 0 0 0 1 0 0 0 1 0.878857 1.78936 -2.04008</i>
                        <i>1 0 0 0 1 0 0 0 1 0.86429 1.8065 -2.0383</i>
                        <i>1 0 0 0 1 0 0 0 1 0.826951 1.82758 -2.03439</i>
                        <i>1 0 0 0 1 0 0 0 1 0.774966 1.85062 -2.03049</i>
                        <i>1 0 0 0 1 0 0 0 1 0.716463 1.87362 -2.02871</i>
                        <i>1 0 0 0 1 0 0 0 1 0.659569 1.89457 -2.0312</i>
                        <i>1 0 0 0 1 0 0 0 1 0.612408 1.91147 -2.04008</i>
                        <i>1 0 0 0 1 0 0 0 1 0.5741 1.91815 -2.06864</i>
                        <i>1 0 0 0 1 0 0 0 1 0.542224 1.91664 -2.11425</i>
                        <i>1 0 0 0 1 0 0 0 1 0.522604 1.91725 -2.15512</i>
                        <i>1 0 0 0 1 0 0 0 1 0.510693 1.92381 -2.18917</i>
                        <i>1 0 0 0 1 0 0 0 1 0.500628 1.9322 -2.22519</i>
                        <i>1 0 0 0 1 0 0 0 1 0.496258 1.94081 -2.25767</i>
                        <i>1 0 0 0 1 0 0 0 1 0.501433 1.94806 -2.28111</i>
                        <i>1 0 0 0 1 0 0 0 1 0.52 1.95235 -2.29</i>
                        <i>1 0 0 0 1 0 0 0 1 0.556315 1.95169 -2.28162</i>
                        <i>1 0 0 0 1 0 0 0 1 0.60736 1.94699 -2.2604</i>
                        <i>1 0 0 0 1 0 0 0 1 0.665923 1.94097 -2.23164</i>
                        <i>1 0 0 0 1 0 0 0 1 0.724795 1.93635 -2.2006</i>
                        <i>1 0 0 0 1 0 0 0 1 0.776764 1.93587 -2.17255</i>
                        <i>1 0 0 0 1 0 0 0 1 0.814618 1.94223 -2.15277</i>
                        <i>1 0 0 0 1 0 0 0 1 0.834302 1.96126 -2.14239</i>
                        <i>1 0 0 0 1 0 0 0 1 0.840304 1.99159 -2.13768</i>
                        <i>1 0 0 0 1 0 0 0 1 0.838237 2.02518 -2.13661</i>
                        <i>1 0 0 0 1 0 0 0 1 0.83371 2.054 -2.13714</i>
                        <i>1 0 0 0 1 0 0 0 1 0.832332 2.07 -2.13727</i>
                        <i>1 0 0 0 1 0 0 0 1 0.833655 2.06926 -2.13827</i>
                        <i>1 0 0 0 1 0 0 0 1 0.833821 2.05714 -2.14116</i>
                        <i>1 0 0 0 1 0 0 0 1 0.833324 2.03953 -2.14356</i>
                        <i>1 0 0 0 1 0 0 0 1 0.832663 2.0223 -2.14306</i>
                        <i>1 0 0 0 1 0 0 0 1 0.832332 2.01134 -2.13727</i>
                        <i>1 0 0 0 1 0 0 0 1 0.822761 2.00907 -2.12664</i>
                        <i>1 0 0 0 1 0 0 0 1 0.803618 2.01155 -2.11276</i>
                        <i>1 0 0 0 1 0 0 0 1 0.78926 2.01518 -2.09496</i>
                        <i>1 0 0 0 1 0 0 0 1 0.794046 2.01632 -2.07257</i>
                        <i>1 0 0 0 1 0 0 0 1 0.832332 2.01134 -2.04491</i>
                        <i>1 0 0 0 1 0 0 0 1 0.918243 1.99777 -2.01031</i>
                        <i>1 0 0 0 1 0 0 0 1 1.04221 1.97801 -1.96924</i>
                        <i>1 0 0 0 1 0 0 0 1 1.18304 1.9558 -1.92418</i>
                        <i>1 0 0 0 1 0 0 0 1 1.31955 1.93486 -1.87763</i>
                        <i>1 0 0 0 1 0 0 0 1 1.43055 1.91892 -1.83207</i>
                        <i>1 0 0 0 1 0 0 0 1 1.52154 1.90805 -1.77989</i>
                        <i>1 0 0 0 1 0 0 0 1 1.60663 1.89975 -1.71944</i>
                        <i>1 0 0 0 1 0 0 0 1 1.67759 1.89393 -1.66214</i>
                        <i>1 0 0 0 1 0 0 0 1 1.7262 1.89051 -1.61938</i>
                        <i>1 0 0 0 1 0 0 0 1 1.74424 1.88939 -1.60259</i>
                        <i>1 0 0 0 1 0 0 0 1 1.74424 1.88939 -1.60259</i>
                        <i>1 0 0 0 1 0 0 0 1 1.74424 1.88939 -1.60259</i>
                        <i>1 0 0 0 1 0 0 0 1 1.74424 1.88939 -1.60259</i>
                        <i>1 0 0 0 1 0 0 0 1 1.74424 1.88939 -1.60259</i>
                        <i>1 0 0 0 1 0 0 0 1 1.74424 1.88939 -1.60259</i>
                        <i>1 0 0 0 1 0 0 0 1 1.74424 1.88939 -1.60259</i>
                        <i>1 0 0 0 1 0 0 0 1 1.74424 1.88939 -1.60259</i>
                        <i>1 0 0 0 1 0 0 0 1 1.74424 1.88939 -1.60259</i>
                        <i>1 0 0 0 1 0 0 0 1 1.74424 1.88939 -1.60259</i>
                        <i>1 0 0 0 1 0 0 0 1 1.74424 1.88939 -1.60259</i>
                    </KeyFrames>
                </p>
            </i>
            <i>
                <p>
                    <Name><![CDATA[spine0]]></Name>
                    <Exclude>0</Exclude>
                    <Additive>0</Additive>
                    <IKPriority>0</IKPriority>
                    <IKRotLimits>-1e+010 -1e+010 -1e+010 1e+010 1e+010 1e+010</IKRotLimits>
                    <IKRotLimitOrder>0</IKRotLimitOrder>
                    <KeyFrames count="100">
                        <i>-0.238856 0.967117 -0.0873605 0.348497 0.00140291 -0.937309 -0.906365 -0.254327 -0.337372 1.8034 2.01871 -1.58091</i>
                        <i>-0.175188 0.981845 -0.072724 0.353931 -0.00612196 -0.935251 -0.918718 -0.189584 -0.346433 1.79487 2.00112 -1.57153</i>
                        <i>-0.11076 0.992229 -0.056688 0.360408 -0.0130559 -0.932703 -0.926196 -0.123737 -0.356161 1.78895 1.98004 -1.55879</i>
                        <i>-0.0549592 0.997628 -0.0414513 0.367527 -0.0183874 -0.929831 -0.928387 -0.0663372 -0.365645 1.77766 1.96594 -1.55248</i>
                        <i>-0.0158553 0.999442 -0.0293968 0.374878 -0.0213139 -0.926829 -0.926939 -0.0257154 -0.374331 1.75298 1.96933 -1.56243</i>
                        <i>0.00694756 0.999758 -0.0208758 0.381949 -0.0219465 -0.923923 -0.924157 -0.00155449 -0.382009 1.71352 1.99449 -1.59426</i>
                        <i>0.0203966 0.999687 -0.0145036 0.388129 -0.0212862 -0.921359 -0.921379 0.0131634 -0.388442 1.66525 2.03366 -1.64079</i>
                        <i>0.0266643 0.999593 -0.0101883 0.392864 -0.0198504 -0.919382 -0.91921 0.0205121 -0.393233 1.61118 2.07924 -1.69262</i>
                        <i>0.0279847 0.999578 -0.00772775 0.395601 -0.0181744 -0.918243 -0.917996 0.0226396 -0.395943 1.5543 2.12366 -1.74034</i>
                        <i>0.0267136 0.99962 -0.00680851 0.395782 -0.0168307 -0.91819 -0.917956 0.0218335 -0.396081 1.49765 2.15932 -1.77454</i>
                        <i>0.0326184 0.999465 -0.00237844 0.411318 -0.0155925 -0.911358 -0.910908 0.0287488 -0.411607 1.44249 2.1848 -1.76966</i>
                        <i>0.0496142 0.998738 0.00778111 0.447222 -0.0152492 -0.894293 -0.893046 0.0478495 -0.447414 1.38178 2.19971 -1.74225</i>
                        <i>0.0713233 0.997255 0.0199086 0.483953 -0.0171456 -0.874926 -0.872183 0.0720375 -0.483847 1.30608 2.19805 -1.74603</i>
                        <i>0.0912526 0.995354 0.0306991 0.503141 -0.0194798 -0.863985 -0.859373 0.0942868 -0.502581 1.20433 2.17527 -1.80377</i>
                        <i>0.10257 0.994007 0.0378206 0.486861 -0.0170098 -0.873314 -0.867436 0.107989 -0.485688 1.0872 2.13948 -1.88921</i>
                        <i>0.0852504 0.99568 0.0367799 0.284875 0.0110155 -0.958501 -0.954766 0.0921903 -0.282705 0.977395 2.10601 -1.99562</i>
                        <i>0.043969 0.998434 0.0345799 0.0809615 0.0309385 -0.996237 -0.995747 0.0466032 -0.0794744 0.893121 2.08369 -2.08075</i>
                        <i>-0.00281914 0.999741 0.0225951 0.127801 0.0227701 -0.991538 -0.991796 9.24036e-005 -0.127833 0.84641 2.07791 -2.13068</i>
                        <i>-0.0515523 0.998633 0.00857651 0.24708 0.021075 -0.968766 -0.967623 -0.047823 -0.247829 0.820208 2.08195 -2.17187</i>
                        <i>-0.0998617 0.994994 -0.00382154 0.37003 0.0335719 -0.928413 -0.923637 -0.094127 -0.37153 0.805282 2.08757 -2.20357</i>
                        <i>-0.146824 0.989068 -0.0136978 0.435212 0.0521582 -0.898816 -0.888275 -0.13793 -0.438112 0.793861 2.08722 -2.2258</i>
                        <i>-0.18597 0.982366 -0.0193077 0.442467 0.0661851 -0.894339 -0.87729 -0.174864 -0.446972 0.780248 2.07198 -2.23259</i>
                        <i>-0.249457 0.967798 -0.0337271 0.430169 0.0795415 -0.899238 -0.867598 -0.23883 -0.436159 0.758288 2.03965 -2.21398</i>
                        <i>-0.358913 0.931073 -0.0654542 0.401976 0.0909029 -0.911127 -0.842376 -0.353326 -0.406895 0.729201 1.99774 -2.17518</i>
                        <i>-0.486251 0.8675 -0.104895 0.365946 0.0931553 -0.925962 -0.793501 -0.488636 -0.362755 0.697636 1.95027 -2.12705</i>
                        <i>-0.603516 0.784513 -0.142508 0.331955 0.0847097 -0.939484 -0.724965 -0.6143 -0.311546 0.668372 1.90164 -2.08027</i>
                        <i>-0.688799 0.704557 -0.170748 0.308441 0.0716649 -0.94854 -0.656064 -0.706019 -0.266677 0.646379 1.85703 -2.04513</i>
                        <i>-0.728769 0.659327 -0.184889 0.300305 0.0650792 -0.951621 -0.615397 -0.749035 -0.245427 0.636681 1.82219 -2.03169</i>
                        <i>-0.735754 0.650266 -0.18926 0.301494 0.0642546 -0.9513 -0.606438 -0.756984 -0.243327 0.635125 1.79509 -2.03235</i>
                        <i>-0.730182 0.656039 -0.190911 0.303424 0.0609988 -0.950901 -0.612183 -0.752258 -0.243598 0.634284 1.77044 -2.03282</i>
                        <i>-0.713714 0.674159 -0.190058 0.305661 0.0556271 -0.950514 -0.630225 -0.736489 -0.245766 0.634203 1.74905 -2.03306</i>
                        <i>-0.687672 0.701579 -0.186801 0.307768 0.0486652 -0.950216 -0.657561 -0.710928 -0.249389 0.634926 1.73176 -2.03304</i>
                        <i>-0.653357 0.735039 -0.181225 0.30941 0.04079 -0.950053 -0.690934 -0.676797 -0.254079 0.636506 1.71946 -2.03272</i>
                        <i>-0.612301 0.771355 -0.173491 0.310416 0.0327282 -0.950037 -0.727138 -0.635563 -0.25948 0.639007 1.71309 -2.03205</i>
                        <i>-0.566419 0.807654 -0.163903 0.310796 0.025146 -0.950144 -0.763266 -0.58912 -0.265259 0.642509 1.71363 -2.03098</i>
                        <i>-0.517853 0.841689 -0.152932 0.310673 0.0184697 -0.950337 -0.797064 -0.539647 -0.271054 0.643784 1.73085 -2.03066</i>
                        <i>-0.469519 0.871548 -0.141262 0.310382 0.0131461 -0.950521 -0.826568 -0.490133 -0.276685 0.642558 1.76699 -2.03115</i>
                        <i>-0.424927 0.895876 -0.129784 0.310177 0.00940567 -0.950632 -0.850428 -0.444205 -0.281877 0.643317 1.81171 -2.03084</i>
                        <i>-0.38737 0.914155 -0.119436 0.310109 0.00720022 -0.950674 -0.868203 -0.4053 -0.286277 0.650529 1.85461 -2.02812</i>
                        <i>-0.359615 0.926469 -0.111048 0.310118 0.00642483 -0.950676 -0.880059 -0.376315 -0.289625 0.668664 1.88529 -2.02138</i>
                        <i>-0.336294 0.935739 -0.106296 0.341162 0.0158445 -0.939871 -0.87779 -0.352337 -0.324567 0.711246 1.90025 -2.01282</i>
                        <i>-0.311087 0.944567 -0.104967 0.414622 0.0355047 -0.909301 -0.855169 -0.326393 -0.402683 0.776473 1.90613 -2.00628</i>
                        <i>-0.284845 0.952831 -0.104768 0.500207 0.0545139 -0.864188 -0.817714 -0.298566 -0.492141 0.845931 1.90789 -2.00223</i>
                        <i>-0.25844 0.96052 -0.103004 0.569634 0.0654086 -0.819292 -0.780209 -0.270412 -0.564049 0.901667 1.91051 -2.00021</i>
                        <i>-0.232911 0.967662 -0.0968664 0.598913 0.0642494 -0.798233 -0.766196 -0.243932 -0.594509 0.926046 1.91891 -1.99901</i>
                        <i>-0.202504 0.975542 -0.0854973 0.583585 0.0501079 -0.810504 -0.786397 -0.214025 -0.579459 0.915782 1.93443 -1.99734</i>
                        <i>-0.16467 0.983825 -0.0705171 0.538561 0.0297871 -0.84206 -0.826339 -0.17664 -0.534754 0.884093 1.95385 -1.99583</i>
                        <i>-0.125254 0.990669 -0.0537276 0.470831 0.0116869 -0.882146 -0.873287 -0.135789 -0.467901 0.838095 1.97524 -1.99612</i>
                        <i>-0.0901122 0.995225 -0.0375217 0.3892 0.000510914 -0.921153 -0.916735 -0.0976106 -0.387388 0.784968 1.99676 -1.99974</i>
                        <i>-0.0652268 0.997578 -0.0241402 0.304295 -0.00315482 -0.952573 -0.950342 -0.069479 -0.303352 0.732079 2.01665 -2.0081</i>
                        <i>-0.0568808 0.998276 -0.0144642 0.227814 -0.00112755 -0.973704 -0.972042 -0.0586803 -0.227357 0.68706 2.03316 -2.02233</i>
                        <i>-0.0831831 0.996522 -0.00493582 0.0785938 0.00162277 -0.996905 -0.99343 -0.0833136 -0.0784554 0.640889 2.04537 -2.06164</i>
                        <i>-0.137022 0.990225 0.0260646 -0.135185 0.00737329 -0.990793 -0.9813 -0.139284 0.132854 0.590203 2.05224 -2.11694</i>
                        <i>-0.163839 0.984393 0.0642466 -0.270251 0.0178463 -0.962625 -0.948747 -0.175078 0.263109 0.559373 2.05624 -2.16018</i>
                        <i>-0.161745 0.983545 0.0804906 -0.300266 0.0286468 -0.953425 -0.940042 -0.17838 0.290691 0.546377 2.06311 -2.19338</i>
                        <i>-0.160847 0.982598 0.0928988 -0.296437 0.0416831 -0.954142 -0.94141 -0.181009 0.284574 0.534434 2.07203 -2.22517</i>
                        <i>-0.157241 0.982167 0.103072 -0.274575 0.0567754 -0.959888 -0.948622 -0.179235 0.260751 0.528123 2.08099 -2.25217</i>
                        <i>-0.150229 0.982475 0.110339 -0.250219 0.0701879 -0.965642 -0.956463 -0.172676 0.23529 0.531902 2.0883 -2.27109</i>
                        <i>-0.144051 0.983454 0.109855 -0.238659 0.0732095 -0.96834 -0.96036 -0.165708 0.224164 0.550099 2.09257 -2.2787</i>
                        <i>-0.13544 0.986417 0.092943 -0.248874 0.0569287 -0.966861 -0.959019 -0.154083 0.237783 0.589796 2.0914 -2.27415</i>
                        <i>-0.119575 0.991003 0.0601238 -0.273349 0.0253564 -0.961581 -0.954454 -0.131416 0.267857 0.648741 2.08477 -2.26094</i>
                        <i>-0.0997812 0.994834 0.0186972 -0.302495 -0.0124278 -0.95307 -0.947914 -0.100754 0.302173 0.717192 2.07496 -2.24233</i>
                        <i>-0.079281 0.99656 -0.0241507 -0.326601 -0.0488572 -0.943899 -0.941831 -0.0669455 0.329351 0.785612 2.06508 -2.22125</i>
                        <i>-0.0607538 0.996243 -0.0617172 -0.335871 -0.0786299 -0.93862 -0.939947 -0.0362958 0.339386 0.844893 2.05945 -2.2005</i>
                        <i>-0.0461096 0.995101 -0.087456 -0.320297 -0.0976544 -0.94227 -0.946194 -0.0154358 0.323231 0.886272 2.06321 -2.18318</i>
                        <i>-0.0301824 0.994571 -0.0995909 -0.260371 -0.10402 -0.959889 -0.965037 -0.00304112 0.262097 0.904302 2.08431 -2.16799</i>
                        <i>-0.0101256 0.995135 -0.098002 -0.158182 -0.098367 -0.982498 -0.987358 0.0055538 0.158408 0.903761 2.11977 -2.15315</i>
                        <i>0.0079094 0.996508 -0.0831203 -0.0384401 -0.0827585 -0.995828 -0.99923 0.0110716 0.0376513 0.891824 2.15861 -2.14119</i>
                        <i>0.0193535 0.997718 -0.064682 0.0703464 -0.0658926 -0.995344 -0.997335 0.0147132 -0.0714611 0.877068 2.19113 -2.13364</i>
                        <i>0.021683 0.99815 -0.0567959 0.139085 -0.0592684 -0.988505 -0.990043 0.0135343 -0.140113 0.868873 2.20898 -2.13046</i>
                        <i>0.0204579 0.998056 -0.0588778 0.167463 -0.0614789 -0.98396 -0.985666 0.0102699 -0.168395 0.86859 2.20862 -2.13091</i>
                        <i>0.0216785 0.997936 -0.060444 0.174172 -0.0633034 -0.982678 -0.984477 0.0107754 -0.175184 0.870724 2.19597 -2.1333</i>
                        <i>0.0226292 0.997899 -0.0607117 0.159489 -0.0635529 -0.985152 -0.98694 0.0126104 -0.160592 0.874356 2.17718 -2.13545</i>
                        <i>0.0204928 0.998072 -0.0585802 0.123565 -0.0606717 -0.99048 -0.992125 0.0130592 -0.124571 0.878558 2.15843 -2.13545</i>
                        <i>0.0128371 0.998558 -0.0521361 0.0665806 -0.0528782 -0.996379 -0.997698 0.00931936 -0.0671634 0.882375 2.14609 -2.13136</i>
                        <i>-0.00506826 0.999351 -0.0356557 -0.0414393 -0.0358354 -0.998498 -0.999128 -0.0035831 0.041594 0.875904 2.14274 -2.12505</i>
                        <i>-0.0280963 0.999579 -0.007288 -0.199195 -0.0127434 -0.979877 -0.979557 -0.0260791 0.199469 0.858869 2.14426 -2.11855</i>
                        <i>-0.0458016 0.998614 0.0259338 -0.357474 0.00785732 -0.93389 -0.932799 -0.0520443 0.356618 0.845256 2.14691 -2.10933</i>
                        <i>-0.0540718 0.997139 0.0528139 -0.471874 0.0210961 -0.881414 -0.880006 -0.0725811 0.469383 0.850466 2.14682 -2.09451</i>
                        <i>-0.0538638 0.996651 0.0615303 -0.50822 0.0256794 -0.860844 -0.859541 -0.0776392 0.505135 0.891285 2.13994 -2.07106</i>
                        <i>-0.0634697 0.995891 0.0646031 -0.475184 0.0267672 -0.879479 -0.877594 -0.0865186 0.471533 0.981099 2.12458 -2.03609</i>
                        <i>-0.09664 0.992532 0.0744392 -0.406689 0.0288845 -0.91311 -0.908441 -0.118517 0.40086 1.10787 2.10411 -1.99122</i>
                        <i>-0.146095 0.986111 0.079008 -0.309534 0.0302891 -0.950406 -0.939598 -0.163305 0.300809 1.25043 2.08191 -1.94</i>
                        <i>-0.200334 0.977341 0.0683382 -0.192213 0.0291888 -0.980919 -0.960687 -0.209647 0.18201 1.38771 2.06127 -1.88604</i>
                        <i>-0.243461 0.969131 0.0388913 -0.0652279 0.0236471 -0.99759 -0.967715 -0.245411 0.0574572 1.49895 2.04548 -1.83274</i>
                        <i>-0.263378 0.964693 -0.000589583 0.0605272 0.015915 -0.99804 -0.962792 -0.262897 -0.0625818 1.58916 2.03484 -1.7731</i>
                        <i>-0.264455 0.963676 -0.037321 0.174376 0.00972027 -0.984631 -0.948502 -0.266898 -0.170613 1.67198 2.02723 -1.70625</i>
                        <i>-0.25514 0.964701 -0.0652273 0.265964 0.00516333 -0.963969 -0.929606 -0.263296 -0.257893 1.74011 2.02226 -1.64423</i>
                        <i>-0.244066 0.966293 -0.0819152 0.326563 0.00235839 -0.945173 -0.91312 -0.257435 -0.316131 1.78634 2.01954 -1.59864</i>
                        <i>-0.238856 0.967117 -0.0873605 0.348497 0.00140291 -0.937309 -0.906365 -0.254327 -0.337372 1.8034 2.01871 -1.58091</i>
                        <i>-0.238846 0.96712 -0.0873577 0.348497 0.00140199 -0.937309 -0.906368 -0.254316 -0.337373 1.8034 2.01871 -1.58091</i>
                        <i>-0.23884 0.967122 -0.087356 0.348497 0.00140145 -0.937309 -0.906369 -0.25431 -0.337373 1.8034 2.01871 -1.58091</i>
                        <i>-0.238838 0.967122 -0.0873554 0.348497 0.00140124 -0.937309 -0.90637 -0.254308 -0.337373 1.8034 2.01871 -1.58091</i>
                        <i>-0.238838 0.967122 -0.0873555 0.348497 0.00140127 -0.937309 -0.90637 -0.254308 -0.337373 1.8034 2.01871 -1.58091</i>
                        <i>-0.238841 0.967122 -0.0873561 0.348497 0.00140149 -0.937309 -0.906369 -0.254311 -0.337373 1.8034 2.01871 -1.58091</i>
                        <i>-0.238844 0.967121 -0.0873571 0.348497 0.00140182 -0.937309 -0.906368 -0.254314 -0.337373 1.8034 2.01871 -1.58091</i>
                        <i>-0.238848 0.967119 -0.0873583 0.348497 0.00140219 -0.937309 -0.906367 -0.254319 -0.337373 1.8034 2.01871 -1.58091</i>
                        <i>-0.238852 0.967118 -0.0873594 0.348497 0.00140254 -0.937309 -0.906366 -0.254323 -0.337373 1.8034 2.01871 -1.58091</i>
                        <i>-0.238855 0.967118 -0.0873602 0.348497 0.00140281 -0.937309 -0.906366 -0.254326 -0.337372 1.8034 2.01871 -1.58091</i>
                        <i>-0.238856 0.967117 -0.0873605 0.348497 0.00140291 -0.937309 -0.906365 -0.254327 -0.337372 1.8034 2.01871 -1.58091</i>
                    </KeyFrames>
                </p>
            </i>
            <i>
                <p>
                    <Name><![CDATA[spine1]]></Name>
                    <Exclude>0</Exclude>
                    <Additive>0</Additive>
                    <IKPriority>0</IKPriority>
                    <IKRotLimits>-1e+010 -1e+010 -1e+010 1e+010 1e+010 1e+010</IKRotLimits>
                    <IKRotLimitOrder>0</IKRotLimitOrder>
                    <KeyFrames count="100">
                        <i>-0.672011 0.706263 -0.222697 0.249716 -0.0669916 -0.965999 -0.697168 -0.704773 -0.131346 1.75857 2.20065 -1.5973</i>
                        <i>-0.597708 0.774297 -0.207866 0.254784 -0.0623807 -0.964984 -0.760151 -0.62974 -0.159993 1.76221 2.18463 -1.58509</i>
                        <i>-0.511997 0.837944 -0.188966 0.261378 -0.0575781 -0.963518 -0.818254 -0.54271 -0.189541 1.76847 2.16424 -1.56928</i>
                        <i>-0.426575 0.888636 -0.168403 0.268865 -0.0531869 -0.961708 -0.863566 -0.455518 -0.216235 1.7676 2.14993 -1.5601</i>
                        <i>-0.356381 0.922175 -0.150284 0.276398 -0.0495939 -0.959763 -0.892523 -0.383579 -0.237213 1.75014 2.15253 -1.56779</i>
                        <i>-0.304572 0.942741 -0.135926 0.28315 -0.0466401 -0.957941 -0.909429 -0.33025 -0.252732 1.71485 2.17664 -1.59804</i>
                        <i>-0.263547 0.956703 -0.123542 0.288646 -0.0439918 -0.956425 -0.920449 -0.287722 -0.264554 1.669 2.21471 -1.6434</i>
                        <i>-0.232698 0.965912 -0.113427 0.292518 -0.0417158 -0.95535 -0.927516 -0.255487 -0.272839 1.61603 2.25931 -1.69444</i>
                        <i>-0.211142 0.971718 -0.105746 0.294386 -0.0399442 -0.954852 -0.932071 -0.232739 -0.277626 1.55937 2.30297 -1.7417</i>
                        <i>-0.19789 0.975054 -0.100542 0.293827 -0.0388479 -0.955069 -0.93515 -0.21854 -0.27881 1.50247 2.33814 -1.77574</i>
                        <i>-0.173649 0.980145 -0.0957185 0.305826 -0.0387192 -0.9513 -0.936118 -0.194466 -0.29303 1.44835 2.36303 -1.77007</i>
                        <i>-0.12755 0.98797 -0.0874399 0.334912 -0.0400799 -0.941397 -0.933577 -0.149359 -0.325771 1.39061 2.37693 -1.74085</i>
                        <i>-0.0716818 0.994741 -0.0731646 0.365422 -0.0420622 -0.929891 -0.928078 -0.0933922 -0.360485 1.31868 2.37394 -1.74251</i>
                        <i>-0.0189216 0.998492 -0.0515365 0.382829 -0.0403821 -0.922936 -0.923626 -0.0371931 -0.381487 1.22034 2.34968 -1.79838</i>
                        <i>0.0181393 0.999578 -0.0226708 0.373283 -0.0278055 -0.927301 -0.92754 0.00835794 -0.37363 1.10506 2.31248 -1.88262</i>
                        <i>0.0243394 0.997416 0.0675983 0.267426 0.0586581 -0.961791 -0.963271 0.041487 -0.265307 0.99208 2.27747 -1.98929</i>
                        <i>-0.00319977 0.992177 0.1248 0.15621 0.123765 -0.979939 -0.987719 0.0163596 -0.155384 0.900661 2.25492 -2.07482</i>
                        <i>-0.0841322 0.991821 0.0959869 0.161803 0.108648 -0.980824 -0.98323 -0.0669879 -0.16962 0.845924 2.24876 -2.12682</i>
                        <i>-0.185543 0.98167 0.0435687 0.202726 0.0816261 -0.975828 -0.961497 -0.172225 -0.214155 0.811408 2.25232 -2.17041</i>
                        <i>-0.289462 0.957115 -0.0119175 0.247551 0.0628287 -0.966836 -0.924624 -0.282813 -0.255121 0.788215 2.25759 -2.20423</i>
                        <i>-0.384727 0.921906 -0.0455392 0.264634 0.0629023 -0.962295 -0.884281 -0.382273 -0.268168 0.768701 2.2567 -2.22815</i>
                        <i>-0.471723 0.879776 -0.0589195 0.251978 0.0704687 -0.965164 -0.844976 -0.470136 -0.254926 0.748154 2.24155 -2.23592</i>
                        <i>-0.584342 0.80732 -0.0823308 0.229458 0.067059 -0.971006 -0.778392 -0.586291 -0.224431 0.714513 2.20957 -2.21989</i>
                        <i>-0.725686 0.678091 -0.116496 0.20184 0.0479447 -0.978244 -0.657754 -0.733412 -0.171659 0.664592 2.16547 -2.18694</i>
                        <i>-0.850902 0.504617 -0.146039 0.178091 0.0155596 -0.983891 -0.494216 -0.863203 -0.103108 0.607312 2.11158 -2.14652</i>
                        <i>-0.933261 0.320082 -0.163005 0.164506 -0.0225415 -0.986118 -0.319313 -0.947122 -0.0316184 0.552521 2.05243 -2.10761</i>
                        <i>-0.97138 0.167088 -0.168825 0.161619 -0.0559252 -0.985267 -0.174068 -0.984355 0.02732 0.510238 1.99651 -2.07886</i>
                        <i>-0.981586 0.0848811 -0.171129 0.165004 -0.0746238 -0.983466 -0.0962479 -0.993593 0.0592439 0.489601 1.9555 -2.06899</i>
                        <i>-0.982414 0.0625807 -0.175914 0.170589 -0.0821728 -0.98191 -0.0759039 -0.994651 0.0700522 0.484541 1.92844 -2.07107</i>
                        <i>-0.98099 0.0638132 -0.183265 0.177404 -0.0878551 -0.980209 -0.0786511 -0.994087 0.0748642 0.48312 1.90654 -2.07232</i>
                        <i>-0.977656 0.0844139 -0.19252 0.184738 -0.0919946 -0.978473 -0.100308 -0.992175 0.0743445 0.485131 1.89016 -2.07274</i>
                        <i>-0.971785 0.120423 -0.202809 0.192095 -0.0948765 -0.976779 -0.136868 -0.988179 0.069067 0.490388 1.87955 -2.07228</i>
                        <i>-0.96245 0.168034 -0.213199 0.199137 -0.0967039 -0.975189 -0.184482 -0.981026 0.0596109 0.498681 1.87487 -2.07093</i>
                        <i>-0.948883 0.22357 -0.222796 0.205641 -0.097591 -0.973749 -0.239444 -0.96979 0.0466274 0.509725 1.87633 -2.06866</i>
                        <i>-0.930779 0.283496 -0.230825 0.211454 -0.0975718 -0.972505 -0.298223 -0.953997 0.0308714 0.523142 1.88424 -2.06551</i>
                        <i>-0.908213 0.345306 -0.236461 0.216538 -0.0957816 -0.971564 -0.358136 -0.93359 0.0122181 0.535409 1.90742 -2.06265</i>
                        <i>-0.881701 0.406682 -0.239193 0.220892 -0.0921605 -0.970934 -0.416905 -0.908909 -0.00857491 0.545515 1.94757 -2.06034</i>
                        <i>-0.852906 0.464186 -0.238922 0.224194 -0.087639 -0.970596 -0.471476 -0.881392 -0.0293199 0.55682 1.99452 -2.05726</i>
                        <i>-0.82496 0.51365 -0.235807 0.225915 -0.0827581 -0.970625 -0.518076 -0.853999 -0.0477692 0.572864 2.03833 -2.05207</i>
                        <i>-0.802607 0.550223 -0.230382 0.225454 -0.0777561 -0.971146 -0.552261 -0.831389 -0.0616424 0.597438 2.06922 -2.04337</i>
                        <i>-0.777822 0.582495 -0.235994 0.24176 -0.0692922 -0.967859 -0.580125 -0.809875 -0.0869273 0.645464 2.08371 -2.0336</i>
                        <i>-0.741917 0.619683 -0.256032 0.282817 -0.0569937 -0.957479 -0.607926 -0.78278 -0.132972 0.716568 2.08841 -2.02648</i>
                        <i>-0.700485 0.657363 -0.27784 0.331506 -0.0450512 -0.942377 -0.632 -0.752227 -0.186362 0.791927 2.08887 -2.02207</i>
                        <i>-0.661372 0.690763 -0.292291 0.371608 -0.0367365 -0.927663 -0.651532 -0.722148 -0.232396 0.853252 2.09076 -2.01948</i>
                        <i>-0.633983 0.715413 -0.293681 0.387829 -0.0344264 -0.921088 -0.669069 -0.697853 -0.255632 0.882626 2.09962 -2.01704</i>
                        <i>-0.609541 0.741562 -0.280261 0.377219 -0.0396302 -0.925276 -0.697256 -0.669713 -0.255575 0.878064 2.1165 -2.01324</i>
                        <i>-0.576196 0.776667 -0.254534 0.348678 -0.0480761 -0.936009 -0.739204 -0.628074 -0.243105 0.853489 2.13716 -2.00892</i>
                        <i>-0.539219 0.813249 -0.218791 0.305074 -0.0535256 -0.950823 -0.784967 -0.579449 -0.219239 0.814896 2.15934 -2.00606</i>
                        <i>-0.504718 0.844957 -0.176941 0.249826 -0.053233 -0.966826 -0.826346 -0.532179 -0.184224 0.768348 2.18117 -2.00666</i>
                        <i>-0.480224 0.86683 -0.134132 0.186432 -0.0485561 -0.981267 -0.857105 -0.496234 -0.138287 0.7201 2.20105 -2.01253</i>
                        <i>-0.474901 0.874919 -0.0947958 0.118233 -0.0433098 -0.992041 -0.872061 -0.482329 -0.0828762 0.676634 2.21749 -2.02498</i>
                        <i>-0.465621 0.884947 -0.00806163 -0.14448 -0.085 -0.98585 -0.873111 -0.457868 0.167435 0.625904 2.22557 -2.06253</i>
                        <i>-0.406019 0.907353 0.108901 -0.537014 -0.140469 -0.831796 -0.739436 -0.396206 0.544294 0.56634 2.22481 -2.1124</i>
                        <i>-0.34825 0.920259 0.178453 -0.740957 -0.153625 -0.653744 -0.574199 -0.359893 0.735373 0.531317 2.2248 -2.14918</i>
                        <i>-0.331266 0.921294 0.203667 -0.765176 -0.136016 -0.62929 -0.552059 -0.364303 0.750009 0.518725 2.23124 -2.17962</i>
                        <i>-0.314855 0.925972 0.208426 -0.736933 -0.100102 -0.668513 -0.598161 -0.36408 0.713897 0.507029 2.2394 -2.20934</i>
                        <i>-0.296327 0.933055 0.20396 -0.67743 -0.054795 -0.733544 -0.67326 -0.355537 0.648316 0.501439 2.2476 -2.23469</i>
                        <i>-0.276989 0.940286 0.197839 -0.611265 -0.0135724 -0.791309 -0.741372 -0.340116 0.578523 0.506492 2.25438 -2.25244</i>
                        <i>-0.265877 0.944764 0.191653 -0.571615 0.00558084 -0.820503 -0.776251 -0.327705 0.538557 0.525768 2.25856 -2.26016</i>
                        <i>-0.271765 0.945618 0.178746 -0.571555 -0.00916361 -0.820513 -0.774254 -0.32515 0.542963 0.566819 2.25866 -2.25838</i>
                        <i>-0.289052 0.94442 0.156591 -0.592109 -0.0478421 -0.804437 -0.752234 -0.325243 0.573028 0.62822 2.25485 -2.25062</i>
                        <i>-0.307804 0.942552 0.129818 -0.621658 -0.0959409 -0.777391 -0.720276 -0.319987 0.615476 0.699795 2.24858 -2.23908</i>
                        <i>-0.320862 0.941725 0.101006 -0.6475 -0.140275 -0.749043 -0.691224 -0.30574 0.654776 0.771566 2.24208 -2.22555</i>
                        <i>-0.324991 0.943028 0.0712708 -0.655501 -0.170297 -0.735743 -0.681689 -0.285828 0.673501 0.834006 2.23877 -2.21163</i>
                        <i>-0.31878 0.946889 0.0422075 -0.629119 -0.178072 -0.756637 -0.708935 -0.267754 0.652472 0.877993 2.24303 -2.199</i>
                        <i>-0.288067 0.957599 -0.0046073 -0.5219 -0.161029 -0.83767 -0.802894 -0.238901 0.546158 0.898955 2.26185 -2.18578</i>
                        <i>-0.216035 0.973983 -0.0684602 -0.319982 -0.136869 -0.937485 -0.922464 -0.180624 0.341225 0.902013 2.29323 -2.17024</i>
                        <i>-0.10745 0.987279 -0.117198 -0.0728294 -0.12538 -0.989432 -0.991539 -0.0977792 0.085375 0.893162 2.32827 -2.15534</i>
                        <i>0.00441087 0.990892 -0.13459 0.149871 -0.133726 -0.97962 -0.988696 -0.0158502 -0.149096 0.880291 2.35849 -2.1445</i>
                        <i>0.0698781 0.988601 -0.133358 0.281822 -0.147803 -0.948014 -0.956919 0.0286622 -0.288938 0.872462 2.37549 -2.13994</i>
                        <i>0.0813262 0.987759 -0.133114 0.31344 -0.152126 -0.937343 -0.946119 0.0345075 -0.321975 0.871973 2.37505 -2.14073</i>
