<?xml version="1.0" encoding="ISO-8859-1" ?>
<Animl Version="1">
    <ModellingPackage><![CDATA[Maya.2010]]></ModellingPackage>
    <SrcFile><![CDATA[anims\turrets\antitank\red\~src\at_b10_recoilless\b10recoilless_fire_crewman_b.mb]]></SrcFile>
    <FramesPerSecond>30</FramesPerSecond>
    <TotalFrames>40</TotalFrames>
    <Skeleton>
        <RefFrame>
            <Name><![CDATA[soldier_ref_frame]]></Name>
            <Exclude>0</Exclude>
            <Additive>0</Additive>
            <IKPriority>0</IKPriority>
            <IKRotLimits>-1e+010 -1e+010 -1e+010 1e+010 1e+010 1e+010</IKRotLimits>
            <IKRotLimitOrder>0</IKRotLimitOrder>
            <KeyFrames count="40">
                <i>1 0 0 0 1 0 0 0 1 1.34 0.92 -1.82</i>
                <i>1 0 0 0 1 0 0 0 1 1.34 0.92 -1.82</i>
                <i>1 0 0 0 1 0 0 0 1 1.34 0.92 -1.82</i>
                <i>1 0 0 0 1 0 0 0 1 1.34 0.92 -1.82</i>
                <i>1 0 0 0 1 0 0 0 1 1.34 0.92 -1.82</i>
                <i>1 0 0 0 1 0 0 0 1 1.34 0.92 -1.82</i>
                <i>1 0 0 0 1 0 0 0 1 1.34 0.92 -1.82</i>
                <i>1 0 0 0 1 0 0 0 1 1.34 0.92 -1.82</i>
                <i>1 0 0 0 1 0 0 0 1 1.34 0.92 -1.82</i>
                <i>1 0 0 0 1 0 0 0 1 1.34 0.92 -1.82</i>
                <i>1 0 0 0 1 0 0 0 1 1.34 0.92 -1.82</i>
                <i>1 0 0 0 1 0 0 0 1 1.34 0.92 -1.82</i>
                <i>1 0 0 0 1 0 0 0 1 1.34 0.92 -1.82</i>
                <i>1 0 0 0 1 0 0 0 1 1.34 0.92 -1.82</i>
                <i>1 0 0 0 1 0 0 0 1 1.34 0.92 -1.82</i>
                <i>1 0 0 0 1 0 0 0 1 1.34 0.92 -1.82</i>
                <i>1 0 0 0 1 0 0 0 1 1.34 0.92 -1.82</i>
                <i>1 0 0 0 1 0 0 0 1 1.34 0.92 -1.82</i>
                <i>1 0 0 0 1 0 0 0 1 1.34 0.92 -1.82</i>
                <i>1 0 0 0 1 0 0 0 1 1.34 0.92 -1.82</i>
                <i>1 0 0 0 1 0 0 0 1 1.34 0.92 -1.82</i>
                <i>1 0 0 0 1 0 0 0 1 1.34 0.92 -1.82</i>
                <i>1 0 0 0 1 0 0 0 1 1.34 0.92 -1.82</i>
                <i>1 0 0 0 1 0 0 0 1 1.34 0.92 -1.82</i>
                <i>1 0 0 0 1 0 0 0 1 1.34 0.92 -1.82</i>
                <i>1 0 0 0 1 0 0 0 1 1.34 0.92 -1.82</i>
                <i>1 0 0 0 1 0 0 0 1 1.34 0.92 -1.82</i>
                <i>1 0 0 0 1 0 0 0 1 1.34 0.92 -1.82</i>
                <i>1 0 0 0 1 0 0 0 1 1.34 0.92 -1.82</i>
                <i>1 0 0 0 1 0 0 0 1 1.34 0.92 -1.82</i>
                <i>1 0 0 0 1 0 0 0 1 1.34 0.92 -1.82</i>
                <i>1 0 0 0 1 0 0 0 1 1.34 0.92 -1.82</i>
                <i>1 0 0 0 1 0 0 0 1 1.34 0.92 -1.82</i>
                <i>1 0 0 0 1 0 0 0 1 1.34 0.92 -1.82</i>
                <i>1 0 0 0 1 0 0 0 1 1.34 0.92 -1.82</i>
                <i>1 0 0 0 1 0 0 0 1 1.34 0.92 -1.82</i>
                <i>1 0 0 0 1 0 0 0 1 1.34 0.92 -1.82</i>
                <i>1 0 0 0 1 0 0 0 1 1.34 0.92 -1.82</i>
                <i>1 0 0 0 1 0 0 0 1 1.34 0.92 -1.82</i>
                <i>1 0 0 0 1 0 0 0 1 1.34 0.92 -1.82</i>
            </KeyFrames>
        </RefFrame>
        <Bones count="23">
            <i>
                <p>
                    <Name><![CDATA[pelvis]]></Name>
                    <Exclude>0</Exclude>
                    <Additive>0</Additive>
                    <IKPriority>0</IKPriority>
                    <IKRotLimits>-1e+010 -1e+010 -1e+010 1e+010 1e+010 1e+010</IKRotLimits>
                    <IKRotLimitOrder>2</IKRotLimitOrder>
                    <KeyFrames count="40">
                        <i>1 0 0 0 1 0 0 0 1 1.74424 1.88939 -1.60259</i>
                        <i>1 0 0 0 1 0 0 0 1 1.73357 1.8855 -1.60949</i>
                        <i>1 0 0 0 1 0 0 0 1 1.70895 1.86842 -1.6266</i>
                        <i>1 0 0 0 1 0 0 0 1 1.68144 1.83003 -1.64856</i>
                        <i>1 0 0 0 1 0 0 0 1 1.66256 1.86473 -1.67004</i>
                        <i>1 0 0 0 1 0 0 0 1 1.64772 1.88548 -1.69132</i>
                        <i>1 0 0 0 1 0 0 0 1 1.64 1.88939 -1.71</i>
                        <i>1 0 0 0 1 0 0 0 1 1.63749 1.88063 -1.72538</i>
                        <i>1 0 0 0 1 0 0 0 1 1.63598 1.86649 -1.73848</i>
                        <i>1 0 0 0 1 0 0 0 1 1.63511 1.84879 -1.74949</i>
                        <i>1 0 0 0 1 0 0 0 1 1.63454 1.82932 -1.75861</i>
                        <i>1 0 0 0 1 0 0 0 1 1.6339 1.8099 -1.76603</i>
                        <i>1 0 0 0 1 0 0 0 1 1.63285 1.79233 -1.77194</i>
                        <i>1 0 0 0 1 0 0 0 1 1.63103 1.77843 -1.77653</i>
                        <i>1 0 0 0 1 0 0 0 1 1.62808 1.77 -1.78</i>
                        <i>1 0 0 0 1 0 0 0 1 1.62279 1.76658 -1.7829</i>
                        <i>1 0 0 0 1 0 0 0 1 1.6149 1.76633 -1.78542</i>
                        <i>1 0 0 0 1 0 0 0 1 1.60551 1.76898 -1.78716</i>
                        <i>1 0 0 0 1 0 0 0 1 1.59574 1.77423 -1.78774</i>
                        <i>1 0 0 0 1 0 0 0 1 1.5867 1.78182 -1.78679</i>
                        <i>1 0 0 0 1 0 0 0 1 1.5795 1.79147 -1.78392</i>
                        <i>1 0 0 0 1 0 0 0 1 1.57524 1.80291 -1.77876</i>
                        <i>1 0 0 0 1 0 0 0 1 1.57504 1.81584 -1.77091</i>
                        <i>1 0 0 0 1 0 0 0 1 1.58 1.83 -1.76</i>
                        <i>1 0 0 0 1 0 0 0 1 1.59766 1.84459 -1.73961</i>
                        <i>1 0 0 0 1 0 0 0 1 1.62961 1.85845 -1.70802</i>
                        <i>1 0 0 0 1 0 0 0 1 1.66805 1.8707 -1.67187</i>
                        <i>1 0 0 0 1 0 0 0 1 1.70517 1.88052 -1.63782</i>
                        <i>1 0 0 0 1 0 0 0 1 1.73317 1.88703 -1.61251</i>
                        <i>1 0 0 0 1 0 0 0 1 1.74424 1.88939 -1.60259</i>
                        <i>1 0 0 0 1 0 0 0 1 1.74424 1.88939 -1.60259</i>
                        <i>1 0 0 0 1 0 0 0 1 1.74424 1.88939 -1.60259</i>
                        <i>1 0 0 0 1 0 0 0 1 1.74424 1.88939 -1.60259</i>
                        <i>1 0 0 0 1 0 0 0 1 1.74424 1.88939 -1.60259</i>
                        <i>1 0 0 0 1 0 0 0 1 1.74424 1.88939 -1.60259</i>
                        <i>1 0 0 0 1 0 0 0 1 1.74424 1.88939 -1.60259</i>
                        <i>1 0 0 0 1 0 0 0 1 1.74424 1.88939 -1.60259</i>
                        <i>1 0 0 0 1 0 0 0 1 1.74424 1.88939 -1.60259</i>
                        <i>1 0 0 0 1 0 0 0 1 1.74424 1.88939 -1.60259</i>
                        <i>1 0 0 0 1 0 0 0 1 1.74424 1.88939 -1.60259</i>
                    </KeyFrames>
                </p>
            </i>
            <i>
                <p>
                    <Name><![CDATA[spine0]]></Name>
                    <Exclude>0</Exclude>
                    <Additive>0</Additive>
                    <IKPriority>0</IKPriority>
                    <IKRotLimits>-1e+010 -1e+010 -1e+010 1e+010 1e+010 1e+010</IKRotLimits>
                    <IKRotLimitOrder>0</IKRotLimitOrder>
                    <KeyFrames count="40">
                        <i>-0.238856 0.967117 -0.0873605 0.348497 0.00140291 -0.937309 -0.906365 -0.254327 -0.337372 1.8034 2.01871 -1.58091</i>
                        <i>-0.207507 0.974816 -0.0816945 0.397455 0.0077066 -0.917589 -0.893852 -0.222876 -0.389045 1.78484 2.01829 -1.58861</i>
                        <i>-0.200244 0.975757 -0.0883241 0.450025 0.0115261 -0.892942 -0.870276 -0.218555 -0.441423 1.75233 2.00418 -1.60703</i>
                        <i>-0.21009 0.971224 -0.112185 0.50185 0.00865317 -0.864911 -0.839052 -0.238009 -0.489227 1.72257 1.96636 -1.6281</i>
                        <i>-0.213454 0.967017 -0.138977 0.548939 0.00104269 -0.835861 -0.808148 -0.254708 -0.531057 1.71169 1.99712 -1.64258</i>
                        <i>-0.218673 0.960579 -0.171669 0.58448 -0.011939 -0.81132 -0.781387 -0.277751 -0.558828 1.70911 2.00996 -1.65351</i>
                        <i>-0.224387 0.953839 -0.199603 0.60227 -0.0252875 -0.797892 -0.766108 -0.299251 -0.568794 1.70944 2.00734 -1.66569</i>
                        <i>-0.227135 0.950037 -0.2141 0.610133 -0.0325313 -0.791631 -0.759044 -0.310437 -0.57226 1.71051 1.99572 -1.67935</i>
                        <i>-0.230743 0.946729 -0.224639 0.617897 -0.0357711 -0.785445 -0.751639 -0.32004 -0.576727 1.71208 1.97917 -1.69148</i>
                        <i>-0.235097 0.943973 -0.231612 0.625719 -0.0353592 -0.779246 -0.743777 -0.328123 -0.58235 1.71383 1.95949 -1.7021</i>
                        <i>-0.23998 0.941769 -0.235542 0.633422 -0.0319605 -0.773146 -0.735653 -0.334737 -0.588868 1.71542 1.93846 -1.71125</i>
                        <i>-0.245065 0.940092 -0.237002 0.640615 -0.0264706 -0.767406 -0.727706 -0.339891 -0.59575 1.71649 1.91787 -1.71894</i>
                        <i>-0.249915 0.93892 -0.236584 0.64682 -0.0199352 -0.762382 -0.720532 -0.343558 -0.602331 1.71668 1.89951 -1.72523</i>
                        <i>-0.254007 0.938249 -0.234881 0.651579 -0.0134745 -0.758461 -0.714791 -0.345698 -0.60792 1.71561 1.88516 -1.73014</i>
                        <i>-0.256768 0.938092 -0.232492 0.654512 -0.0082169 -0.756007 -0.711115 -0.346287 -0.611883 1.71289 1.87659 -1.73371</i>
                        <i>-0.257511 0.938485 -0.230073 0.655134 -0.00544962 -0.755493 -0.710272 -0.345277 -0.613431 1.70725 1.8734 -1.73652</i>
                        <i>-0.254853 0.939901 -0.227236 0.653167 -0.00595749 -0.75719 -0.713038 -0.341395 -0.612394 1.69848 1.8738 -1.73893</i>
                        <i>-0.248826 0.942494 -0.223138 0.649086 -0.00872555 -0.760665 -0.71887 -0.334109 -0.609588 1.68777 1.87743 -1.7406</i>
                        <i>-0.240748 0.945814 -0.217891 0.64344 -0.0125447 -0.765393 -0.726653 -0.324467 -0.605555 1.6763 1.88395 -1.74118</i>
                        <i>-0.231868 0.949448 -0.211627 0.63672 -0.016339 -0.770922 -0.735408 -0.3135 -0.600743 1.66528 1.89302 -1.74033</i>
                        <i>-0.223348 0.953052 -0.204469 0.6293 -0.0192061 -0.776925 -0.744377 -0.302197 -0.595466 1.65588 1.90428 -1.7377</i>
                        <i>-0.216258 0.956359 -0.196493 0.621425 -0.0203971 -0.783208 -0.753036 -0.291481 -0.589895 1.64932 1.91741 -1.73294</i>
                        <i>-0.211597 0.959165 -0.187695 0.613205 -0.0192546 -0.789689 -0.761056 -0.282191 -0.584091 1.64677 1.93207 -1.72571</i>
                        <i>-0.210328 0.9613 -0.177944 0.60462 -0.0151262 -0.79637 -0.768243 -0.275088 -0.57804 1.64944 1.94795 -1.71569</i>
                        <i>-0.21411 0.962905 -0.164229 0.580533 -0.00977649 -0.814178 -0.785581 -0.269665 -0.556905 1.66495 1.96474 -1.69797</i>
                        <i>-0.221073 0.964262 -0.146029 0.532929 -0.0059573 -0.846139 -0.81677 -0.264882 -0.512567 1.69481 1.98129 -1.67121</i>
                        <i>-0.2282 0.965384 -0.126325 0.472939 -0.0034998 -0.881088 -0.851031 -0.260808 -0.45577 1.73115 1.99614 -1.64054</i>
                        <i>-0.233952 0.966267 -0.107676 0.413079 -0.00146922 -0.910694 -0.880132 -0.257538 -0.398801 1.76633 2.00802 -1.61138</i>
                        <i>-0.237593 0.96688 -0.0932363 0.366946 0.000467043 -0.930242 -0.899389 -0.255232 -0.354904 1.79289 2.01587 -1.58952</i>
                        <i>-0.238856 0.967117 -0.0873605 0.348497 0.00140291 -0.937309 -0.906365 -0.254327 -0.337372 1.8034 2.01871 -1.58091</i>
                        <i>-0.238846 0.96712 -0.0873577 0.348497 0.00140199 -0.937309 -0.906368 -0.254316 -0.337373 1.8034 2.01871 -1.58091</i>
                        <i>-0.23884 0.967122 -0.087356 0.348497 0.00140145 -0.937309 -0.906369 -0.25431 -0.337373 1.8034 2.01871 -1.58091</i>
                        <i>-0.238838 0.967122 -0.0873554 0.348497 0.00140124 -0.937309 -0.90637 -0.254308 -0.337373 1.8034 2.01871 -1.58091</i>
                        <i>-0.238838 0.967122 -0.0873555 0.348497 0.00140127 -0.937309 -0.90637 -0.254308 -0.337373 1.8034 2.01871 -1.58091</i>
                        <i>-0.238841 0.967122 -0.0873561 0.348497 0.00140149 -0.937309 -0.906369 -0.254311 -0.337373 1.8034 2.01871 -1.58091</i>
                        <i>-0.238844 0.967121 -0.0873571 0.348497 0.00140182 -0.937309 -0.906368 -0.254314 -0.337373 1.8034 2.01871 -1.58091</i>
                        <i>-0.238848 0.967119 -0.0873583 0.348497 0.00140219 -0.937309 -0.906367 -0.254319 -0.337373 1.8034 2.01871 -1.58091</i>
                        <i>-0.238852 0.967118 -0.0873594 0.348497 0.00140254 -0.937309 -0.906366 -0.254323 -0.337373 1.8034 2.01871 -1.58091</i>
                        <i>-0.238855 0.967118 -0.0873602 0.348497 0.00140281 -0.937309 -0.906366 -0.254326 -0.337372 1.8034 2.01871 -1.58091</i>
                        <i>-0.238856 0.967117 -0.0873605 0.348497 0.00140291 -0.937309 -0.906365 -0.254327 -0.337372 1.8034 2.01871 -1.58091</i>
                    </KeyFrames>
                </p>
            </i>
            <i>
                <p>
                    <Name><![CDATA[spine1]]></Name>
                    <Exclude>0</Exclude>
                    <Additive>0</Additive>
                    <IKPriority>0</IKPriority>
                    <IKRotLimits>-1e+010 -1e+010 -1e+010 1e+010 1e+010 1e+010</IKRotLimits>
                    <IKRotLimitOrder>0</IKRotLimitOrder>
                    <KeyFrames count="40">
                        <i>-0.672011 0.706263 -0.222697 0.249716 -0.0669916 -0.965999 -0.697168 -0.704773 -0.131346 1.75857 2.20065 -1.5973</i>
                        <i>-0.505093 0.836405 -0.212854 0.345436 -0.0300946 -0.937959 -0.79092 -0.547285 -0.273724 1.74745 2.19417 -1.60333</i>
                        <i>-0.385921 0.901805 -0.194454 0.453989 0.00215616 -0.891004 -0.803093 -0.432137 -0.410242 1.71707 2.17613 -1.62258</i>
                        <i>-0.406832 0.876328 -0.257949 0.553309 0.0117071 -0.832894 -0.726868 -0.481573 -0.489643 1.68549 2.13792 -1.6479</i>
                        <i>-0.476574 0.792616 -0.380313 0.63412 0.0102949 -0.773166 -0.608908 -0.609635 -0.50752 1.6727 2.17402 -1.66797</i>
                        <i>-0.526893 0.687397 -0.499869 0.691428 0.00463658 -0.722431 -0.494279 -0.726267 -0.477728 1.66688 2.19599 -1.68667</i>
                        <i>-0.54078 0.625466 -0.56245 0.72414 0.00594755 -0.689627 -0.427993 -0.780229 -0.456141 1.66444 2.19925 -1.70573</i>
                        <i>-0.543429 0.604494 -0.58247 0.742147 0.0216972 -0.669886 -0.392304 -0.796314 -0.460414 1.66434 2.18952 -1.7229</i>
                        <i>-0.548144 0.589016 -0.593799 0.755904 0.0450154 -0.653133 -0.357976 -0.806866 -0.469915 1.66468 2.17438 -1.73766</i>
                        <i>-0.554706 0.577942 -0.598568 0.765817 0.0733658 -0.63886 -0.32531 -0.812773 -0.483294 1.66514 2.15574 -1.75011</i>
                        <i>-0.562559 0.570301 -0.598568 0.772281 0.10403 -0.626705 -0.295142 -0.814821 -0.498956 1.6654 2.13549 -1.76037</i>
                        <i>-0.570928 0.565283 -0.595396 0.775831 0.134243 -0.616494 -0.268566 -0.8139 -0.515207 1.66518 2.11545 -1.76859</i>
                        <i>-0.578883 0.562249 -0.590568 0.777195 0.161325 -0.608228 -0.246702 -0.811079 -0.530366 1.66418 2.09748 -1.77495</i>
                        <i>-0.585393 0.560726 -0.585578 0.777278 0.182761 -0.602027 -0.230551 -0.807579 -0.542827 1.66214 2.0834 -1.7796</i>
                        <i>-0.589336 0.560374 -0.581949 0.777088 0.196194 -0.598032 -0.220947 -0.804667 -0.551084 1.65878 2.075 -1.78271</i>
                        <i>-0.589829 0.561107 -0.580742 0.777319 0.199646 -0.596587 -0.218806 -0.803306 -0.553916 1.65299 2.07187 -1.785</i>
                        <i>-0.586067 0.564394 -0.581365 0.778147 0.192044 -0.598002 -0.225861 -0.802857 -0.551732 1.64489 2.07218 -1.78672</i>
                        <i>-0.578564 0.570973 -0.582455 0.778937 0.17499 -0.602193 -0.241912 -0.802102 -0.545995 1.63563 2.07564 -1.78736</i>
                        <i>-0.568747 0.57988 -0.583323 0.778682 0.151185 -0.608931 -0.264917 -0.800551 -0.537528 1.62611 2.08189 -1.78662</i>
                        <i>-0.558056 0.590204 -0.583295 0.776415 0.12332 -0.618039 -0.292837 -0.797779 -0.527062 1.61722 2.09056 -1.78421</i>
                        <i>-0.548026 0.601116 -0.581659 0.771291 0.0940505 -0.629496 -0.323695 -0.793608 -0.515177 1.60989 2.1013 -1.77982</i>
                        <i>-0.540346 0.611866 -0.577622 0.762602 0.0659835 -0.643494 -0.355618 -0.788205 -0.502264 1.60508 2.11378 -1.77315</i>
                        <i>-0.536891 0.621756 -0.570235 0.749728 0.0416905 -0.660431 -0.386854 -0.7821 -0.488531 1.60377 2.12769 -1.76387</i>
                        <i>-0.539722 0.630082 -0.558298 0.732032 0.0237638 -0.680856 -0.415728 -0.776165 -0.474066 1.60698 2.14271 -1.75162</i>
                        <i>-0.560911 0.638663 -0.526771 0.688472 0.00648105 -0.725234 -0.459766 -0.769459 -0.443337 1.62213 2.15797 -1.73082</i>
                        <i>-0.598487 0.650857 -0.467118 0.604987 -0.0150452 -0.796093 -0.525171 -0.759051 -0.384756 1.65122 2.17204 -1.70001</i>
                        <i>-0.634947 0.667044 -0.389738 0.494674 -0.0364641 -0.868314 -0.593414 -0.744126 -0.306816 1.68689 2.18392 -1.66504</i>
                        <i>-0.659205 0.685023 -0.310149 0.379068 -0.0534849 -0.923822 -0.649428 -0.726555 -0.224413 1.72167 2.19294 -1.63194</i>
                        <i>-0.669736 0.700047 -0.247766 0.287033 -0.0636791 -0.955802 -0.684884 -0.711251 -0.158289 1.74808 2.19865 -1.6071</i>
                        <i>-0.672011 0.706263 -0.222697 0.249716 -0.0669916 -0.965999 -0.697168 -0.704773 -0.131346 1.75857 2.20065 -1.5973</i>
                        <i>-0.672018 0.706256 -0.2227 0.249716 -0.0669929 -0.965999 -0.697161 -0.70478 -0.131343 1.75857 2.20064 -1.5973</i>
                        <i>-0.672022 0.706252 -0.222701 0.249716 -0.0669936 -0.965999 -0.697158 -0.704784 -0.131341 1.75857 2.20064 -1.5973</i>
                        <i>-0.672023 0.70625 -0.222702 0.249716 -0.0669939 -0.965999 -0.697156 -0.704786 -0.131341 1.75857 2.20064 -1.5973</i>
                        <i>-0.672023 0.70625 -0.222701 0.249716 -0.0669939 -0.965999 -0.697157 -0.704785 -0.131341 1.75857 2.20064 -1.5973</i>
                        <i>-0.672021 0.706252 -0.222701 0.249716 -0.0669936 -0.965999 -0.697158 -0.704784 -0.131341 1.75857 2.20064 -1.5973</i>
                        <i>-0.672019 0.706254 -0.2227 0.249716 -0.0669931 -0.965999 -0.69716 -0.704781 -0.131342 1.75857 2.20064 -1.5973</i>
                        <i>-0.672016 0.706257 -0.222699 0.249716 -0.0669926 -0.965999 -0.697163 -0.704779 -0.131343 1.75857 2.20065 -1.5973</i>
                        <i>-0.672014 0.70626 -0.222698 0.249716 -0.0669921 -0.965999 -0.697165 -0.704776 -0.131345 1.75857 2.20065 -1.5973</i>
                        <i>-0.672012 0.706262 -0.222698 0.249716 -0.0669918 -0.965999 -0.697167 -0.704774 -0.131345 1.75857 2.20065 -1.5973</i>
                        <i>-0.672011 0.706263 -0.222697 0.249716 -0.0669916 -0.965999 -0.697168 -0.704773 -0.131346 1.75857 2.20065 -1.5973</i>
                    </KeyFrames>
                </p>
            </i>
            <i>
                <p>
                    <Name><![CDATA[spine2]]></Name>
                    <Exclude>0</Exclude>
                    <Additive>0</Additive>
                    <IKPriority>0</IKPriority>
                    <IKRotLimits>-1e+010 -1e+010 -1e+010 1e+010 1e+010 1e+010</IKRotLimits>
                    <IKRotLimitOrder>0</IKRotLimitOrder>
                    <KeyFrames count="40">
                        <i>-0.761011 0.611324 -0.21713 0.176821 -0.126564 -0.976072 -0.624177 -0.781194 -0.0117783 1.64215 2.32242 -1.63572</i>
                        <i>-0.519809 0.821117 -0.235724 0.303559 -0.080388 -0.949416 -0.79853 -0.565071 -0.207471 1.66349 2.33281 -1.63863</i>
                        <i>-0.330493 0.91678 -0.224253 0.458385 -0.051784 -0.887244 -0.82502 -0.396022 -0.403124 1.65443 2.32231 -1.65415</i>
                        <i>-0.355842 0.876809 -0.323393 0.608478 -0.0452729 -0.792278 -0.709318 -0.478703 -0.517409 1.61934 2.28027 -1.68992</i>
                        <i>-0.428918 0.760153 -0.488053 0.726137 -0.0312577 -0.686839 -0.537359 -0.648991 -0.538569 1.59249 2.30715 -1.73213</i>
                        <i>-0.465053 0.617594 -0.634274 0.801936 -0.00960196 -0.597333 -0.374999 -0.786439 -0.490805 1.57302 2.31793 -1.77592</i>
                        <i>-0.461236 0.534176 -0.708461 0.841393 0.00987491 -0.540334 -0.281637 -0.845316 -0.454006 1.56438 2.31435 -1.81006</i>
                        <i>-0.449897 0.507784 -0.734675 0.861487 0.0298822 -0.5069 -0.235442 -0.860966 -0.450894 1.56243 2.30223 -1.83244</i>
                        <i>-0.442041 0.487747 -0.752796 0.875401 0.0515391 -0.480642 -0.195634 -0.871462 -0.449757 1.56081 2.28534 -1.85056</i>
                        <i>-0.437623 0.473097 -0.764634 0.884521 0.0736921 -0.460643 -0.161581 -0.877923 -0.450713 1.55918 2.26549 -1.86488</i>
                        <i>-0.436239 0.462879 -0.771647 0.88997 0.0953356 -0.445943 -0.132852 -0.88128 -0.453537 1.55731 2.24444 -1.87588</i>
                        <i>-0.43722 0.456181 -0.775073 0.892704 0.115518 -0.435586 -0.109171 -0.882357 -0.457741 1.555 2.22393 -1.88405</i>
                        <i>-0.4397 0.452154 -0.776029 0.893586 0.133287 -0.428648 -0.0903799 -0.881925 -0.462645 1.55212 2.20573 -1.88986</i>
                        <i>-0.442653 0.450024 -0.775588 0.893433 0.147657 -0.424235 -0.0763952 -0.880725 -0.467427 1.5486 2.19157 -1.89379</i>
                        <i>-0.444928 0.449096 -0.774824 0.893043 0.157583 -0.421476 -0.0671842 -0.879477 -0.471175 1.54436 2.18323 -1.89633</i>
                        <i>-0.44551 0.448797 -0.774663 0.893076 0.162142 -0.419673 -0.0627428 -0.878801 -0.473046 1.5385 2.18021 -1.89837</i>
                        <i>-0.443629 0.450214 -0.77492 0.893901 0.160251 -0.418641 -0.0642965 -0.878423 -0.473539 1.53134 2.18095 -1.89998</i>
                        <i>-0.440064 0.45419 -0.774632 0.895029 0.152144 -0.419255 -0.072566 -0.877818 -0.473466 1.52393 2.1853 -1.90042</i>
                        <i>-0.436316 0.459958 -0.773348 0.895591 0.139025 -0.422598 -0.0868621 -0.87699 -0.472593 1.51682 2.19273 -1.89928</i>
                        <i>-0.433879 0.466829 -0.770597 0.894648 0.122081 -0.429769 -0.106553 -0.875881 -0.470616 1.51058 2.20274 -1.89619</i>
                        <i>-0.434324 0.4742 -0.765831 0.891174 0.102529 -0.441924 -0.13104 -0.874427 -0.467126 1.50581 2.21485 -1.89076</i>
                        <i>-0.439339 0.481542 -0.758352 0.884011 0.0816773 -0.460274 -0.159701 -0.872609 -0.461573 1.50312 2.22861 -1.88255</i>
                        <i>-0.450741 0.48835 -0.747226 0.871809 0.0609831 -0.486036 -0.191787 -0.870515 -0.453235 1.50312 2.24361 -1.87112</i>
                        <i>-0.470445 0.494052 -0.731159 0.852924 0.0421135 -0.520334 -0.226281 -0.868412 -0.441201 1.50644 2.25943 -1.85592</i>
                        <i>-0.522259 0.504073 -0.687863 0.802318 0.0170671 -0.596653 -0.289017 -0.863492 -0.413341 1.51859 2.2752 -1.82827</i>
                        <i>-0.604407 0.523514 -0.600521 0.696209 -0.0193452 -0.717579 -0.387279 -0.851798 -0.352782 1.54226 2.28985 -1.78515</i>
                        <i>-0.6823 0.550014 -0.481614 0.543157 -0.0595679 -0.837516 -0.489334 -0.833028 -0.258101 1.57318 2.30271 -1.73482</i>
                        <i>-0.733772 0.57862 -0.356058 0.373081 -0.0948194 -0.922941 -0.567793 -0.810067 -0.146296 1.6055 2.31302 -1.6865</i>
                        <i>-0.75616 0.601846 -0.256911 0.233776 -0.118245 -0.965074 -0.611205 -0.789809 -0.0512852 1.63149 2.31992 -1.65008</i>
                        <i>-0.761011 0.611324 -0.21713 0.176821 -0.126564 -0.976072 -0.624177 -0.781194 -0.0117783 1.64215 2.32242 -1.63572</i>
                        <i>-0.761014 0.61132 -0.21713 0.176821 -0.126564 -0.976072 -0.624173 -0.781197 -0.011777 1.64216 2.32241 -1.63572</i>
                        <i>-0.761016 0.611318 -0.217131 0.176821 -0.126565 -0.976072 -0.624171 -0.781199 -0.0117763 1.64216 2.3224 -1.63571</i>
                        <i>-0.761017 0.611317 -0.217131 0.176822 -0.126565 -0.976071 -0.62417 -0.7812 -0.011776 1.64216 2.3224 -1.63571</i>
                        <i>-0.761016 0.611317 -0.217131 0.176822 -0.126565 -0.976071 -0.62417 -0.7812 -0.0117761 1.64216 2.3224 -1.63571</i>
                        <i>-0.761016 0.611318 -0.217131 0.176821 -0.126565 -0.976072 -0.624171 -0.781199 -0.0117764 1.64216 2.32241 -1.63571</i>
                        <i>-0.761015 0.611319 -0.217131 0.176821 -0.126565 -0.976072 -0.624172 -0.781198 -0.0117768 1.64216 2.32241 -1.63571</i>
                        <i>-0.761013 0.611321 -0.21713 0.176821 -0.126564 -0.976072 -0.624174 -0.781197 -0.0117773 1.64216 2.32241 -1.63572</i>
                        <i>-0.761012 0.611322 -0.21713 0.176821 -0.126564 -0.976072 -0.624175 -0.781195 -0.0117779 1.64215 2.32242 -1.63572</i>
                        <i>-0.761011 0.611324 -0.21713 0.176821 -0.126564 -0.976072 -0.624177 -0.781195 -0.0117782 1.64215 2.32242 -1.63572</i>
                        <i>-0.761011 0.611324 -0.21713 0.176821 -0.126564 -0.976072 -0.624177 -0.781194 -0.0117783 1.64215 2.32242 -1.63572</i>
                    </KeyFrames>
                </p>
            </i>
            <i>
                <p>
                    <Name><![CDATA[head]]></Name>
                    <Exclude>0</Exclude>
                    <Additive>0</Additive>
                    <IKPriority>0</IKPriority>
                    <IKRotLimits>-1e+010 -1e+010 -1e+010 1e+010 1e+010 1e+010</IKRotLimits>
                    <IKRotLimitOrder>0</IKRotLimitOrder>
                    <KeyFrames count="40">
                        <i>-0.427811 0.903706 -0.0171328 0.587882 0.263803 -0.764724 -0.686566 -0.337229 -0.64413 1.45539 2.50195 -1.68849</i>
                        <i>-0.117682 0.984949 -0.126596 0.710444 -0.00556688 -0.703732 -0.693845 -0.172756 -0.699096 1.55254 2.562 -1.69315</i>
                        <i>0.0569873 0.994052 -0.0928032 0.831792 -0.0986819 -0.546246 -0.552155 -0.0460638 -0.832468 1.59706 2.5693 -1.7025</i>
                        <i>-0.223453 0.97188 -0.0742893 0.974394 0.220773 -0.0426212 -0.0250216 -0.0819109 -0.996325 1.55315 2.51895 -1.76358</i>
                        <i>-0.553678 0.761021 -0.338064 0.602065 0.646301 0.468842 0.57529 0.0560507 -0.816027 1.50435 2.52241 -1.8511</i>
                        <i>-0.56707 0.474296 -0.673406 -0.0378501 0.801699 0.596529 0.8228 0.363762 -0.436667 1.47134 2.50084 -1.93964</i>
                        <i>-0.442525 0.343731 -0.828264 -0.391905 0.756622 0.523387 0.806587 0.556213 -0.200114 1.46164 2.47583 -1.998</i>
                        <i>-0.367615 0.310176 -0.876727 -0.510988 0.720306 0.469096 0.777014 0.620444 -0.106299 1.4627 2.45644 -2.0288</i>
                        <i>-0.305813 0.288405 -0.907359 -0.599124 0.682378 0.418821 0.739952 0.671701 -0.0358897 1.46335 2.4338 -2.05293</i>
                        <i>-0.259059 0.274554 -0.926017 -0.662444 0.647207 0.377213 0.702891 0.711156 0.014212 1.46319 2.40958 -2.07136</i>
                        <i>-0.227199 0.26531 -0.937012 -0.706207 0.617637 0.346116 0.670561 0.740362 0.047037 1.462 2.38538 -2.085</i>
                        <i>-0.208925 0.258133 -0.943249 -0.734444 0.595448 0.325628 0.645711 0.760795 0.0651799 1.45971 2.36273 -2.09469</i>
                        <i>-0.202373 0.251294 -0.946518 -0.74998 0.581748 0.314802 0.629742 0.773577 0.0707352 1.45641 2.34318 -2.10123</i>
                        <i>-0.205458 0.24381 -0.94781 -0.754607 0.577224 0.312059 0.623182 0.779339 0.0653851 1.45223 2.32827 -2.1054</i>
                        <i>-0.216033 0.235339 -0.9476 -0.7493 0.582281 0.315435 0.626003 0.77818 0.0505476 1.44739 2.31959 -2.10796</i>
                        <i>-0.231938 0.226061 -0.946098 -0.734422 0.597063 0.322707 0.637832 0.769683 0.0275424 1.44129 2.31647 -2.11005</i>
                        <i>-0.251366 0.21822 -0.942972 -0.709032 0.621668 0.33287 0.658855 0.752269 -0.00154097 1.43451 2.31759 -2.1117</i>
                        <i>-0.274158 0.214398 -0.937481 -0.672213 0.654406 0.346242 0.687726 0.725112 -0.0352895 1.4279 2.32302 -2.11191</i>
                        <i>-0.300345 0.215503 -0.929167 -0.624023 0.692346 0.362287 0.721379 0.688633 -0.0734641 1.42157 2.33202 -2.1102</i>
                        <i>-0.329628 0.2222 -0.91759 -0.564718 0.73247 0.380238 0.756597 0.643517 -0.115962 1.41563 2.3439 -2.10609</i>
                        <i>-0.363414 0.245198 -0.898781 -0.421259 0.817233 0.393283 0.830946 0.521544 -0.193702 1.41025 2.35802 -2.09905</i>
                        <i>-0.389427 0.322379 -0.862797 -0.132379 0.90743 0.398806 0.911495 0.269522 -0.310701 1.40555 2.3738 -2.08852</i>
                        <i>-0.378757 0.454792 -0.806044 0.232806 0.889746 0.392624 0.895737 -0.038943 -0.442876 1.40167 2.39067 -2.0738</i>
                        <i>-0.361219 0.584606 -0.726469 0.549852 0.762751 0.340402 0.753116 -0.276491 -0.596967 1.39872 2.40808 -2.05404</i>
                        <i>-0.46451 0.696665 -0.546707 0.793015 0.602008 0.0933486 0.394154 -0.390185 -0.832104 1.3954 2.42689 -2.01424</i>
                        <i>-0.582802 0.763486 -0.278263 0.79696 0.470131 -0.379251 -0.158733 -0.442793 -0.882461 1.3953 2.44724 -1.94623</i>
                        <i>-0.607346 0.791957 -0.0627306 0.57976 0.387856 -0.716552 -0.543147 -0.471564 -0.694707 1.40471 2.4673 -1.86186</i>
                        <i>-0.541808 0.840382 0.0142222 0.489974 0.329553 -0.807044 -0.682912 -0.430295 -0.59032 1.42401 2.48484 -1.77791</i>
                        <i>-0.461872 0.88694 0.00344796 0.540201 0.284387 -0.792027 -0.703461 -0.363953 -0.610476 1.44535 2.49727 -1.71382</i>
                        <i>-0.427811 0.903706 -0.0171328 0.587882 0.263803 -0.764724 -0.686566 -0.337229 -0.64413 1.45539 2.50195 -1.68849</i>
                        <i>-0.427811 0.903706 -0.0171328 0.587882 0.263803 -0.764724 -0.686566 -0.337229 -0.64413 1.4554 2.50194 -1.68849</i>
                        <i>-0.427811 0.903706 -0.0171328 0.587882 0.263803 -0.764724 -0.686566 -0.337229 -0.64413 1.4554 2.50193 -1.68849</i>
                        <i>-0.427811 0.903706 -0.0171328 0.587882 0.263803 -0.764724 -0.686566 -0.337229 -0.64413 1.4554 2.50193 -1.68849</i>
                        <i>-0.427811 0.903706 -0.0171328 0.587882 0.263803 -0.764724 -0.686566 -0.337229 -0.64413 1.4554 2.50193 -1.68849</i>
                        <i>-0.427811 0.903706 -0.0171328 0.587882 0.263803 -0.764724 -0.686566 -0.337229 -0.64413 1.4554 2.50193 -1.68849</i>
                        <i>-0.427811 0.903706 -0.0171328 0.587882 0.263803 -0.764724 -0.686566 -0.337229 -0.64413 1.4554 2.50194 -1.68849</i>
                        <i>-0.427811 0.903706 -0.0171328 0.587882 0.263803 -0.764724 -0.686566 -0.337229 -0.64413 1.4554 2.50194 -1.68849</i>
                        <i>-0.427811 0.903706 -0.0171328 0.587882 0.263803 -0.764724 -0.686566 -0.337229 -0.64413 1.45539 2.50195 -1.68849</i>
                        <i>-0.427811 0.903706 -0.0171328 0.587882 0.263803 -0.764724 -0.686566 -0.337229 -0.64413 1.45539 2.50195 -1.68849</i>
                        <i>-0.427811 0.903706 -0.0171328 0.587882 0.263803 -0.764724 -0.686566 -0.337229 -0.64413 1.45539 2.50195 -1.68849</i>
                    </KeyFrames>
                </p>
            </i>
            <i>
                <p>
                    <Name><![CDATA[head_prop]]></Name>
                    <Exclude>0</Exclude>
                    <Additive>0</Additive>
                    <IKPriority>0</IKPriority>
                    <IKRotLimits>-1e+010 -1e+010 -1e+010 1e+010 1e+010 1e+010</IKRotLimits>
                    <IKRotLimitOrder>0</IKRotLimitOrder>
                    <KeyFrames count="40">
                        <i>0.686566 0.337229 0.64413 -0.427811 0.903706 -0.0171328 -0.587882 -0.263803 0.764724 1.31596 2.79648 -1.69408</i>
                        <i>0.693845 0.172756 0.699096 -0.117682 0.984949 -0.126596 -0.710444 0.00556688 0.703732 1.51418 2.883 -1.73441</i>
                        <i>0.552155 0.0460638 0.832468 0.0569873 0.994052 -0.0928032 -0.831792 0.0986819 0.546246 1.61564 2.89327 -1.73275</i>
                        <i>0.0250216 0.0819109 0.996325 -0.223453 0.97188 -0.0742893 -0.974394 -0.220773 0.0426212 1.48033 2.8357 -1.78779</i>
                        <i>-0.57529 -0.0560507 0.816027 -0.553678 0.761021 -0.338064 -0.602065 -0.646301 -0.468842 1.3239 2.77043 -1.96128</i>
                        <i>-0.8228 -0.363762 0.436667 -0.56707 0.474296 -0.673406 0.0378501 -0.801699 -0.596529 1.28653 2.65542 -2.15911</i>
                        <i>-0.806587 -0.556213 0.200114 -0.442525 0.343731 -0.828264 0.391905 -0.756622 -0.523387 1.31742 2.58786 -2.26794</i>
                        <i>-0.777014 -0.620444 0.106299 -0.367615 0.310176 -0.876727 0.510988 -0.720306 -0.469096 1.34289 2.55753 -2.31453</i>
                        <i>-0.739952 -0.671701 0.0358897 -0.305813 0.288405 -0.907359 0.599124 -0.682378 -0.418821 1.36369 2.52779 -2.34864</i>
                        <i>-0.702891 -0.711156 -0.014212 -0.259059 0.274554 -0.926017 0.662444 -0.647207 -0.377213 1.37876 2.49906 -2.37316</i>
                        <i>-0.670561 -0.740362 -0.047037 -0.227199 0.26531 -0.937012 0.706207 -0.617637 -0.346116 1.38795 2.47185 -2.39038</i>
                        <i>-0.645711 -0.760795 -0.0651799 -0.208925 0.258133 -0.943249 0.734444 -0.595448 -0.325628 1.39162 2.44686 -2.4021</i>
                        <i>-0.629742 -0.773577 -0.0707352 -0.202373 0.251294 -0.946518 0.74998 -0.581748 -0.314802 1.39045 2.42508 -2.40971</i>
                        <i>-0.623182 -0.779339 -0.0653851 -0.205458 0.24381 -0.94781 0.754607 -0.577224 -0.312059 1.38526 2.40773 -2.4143</i>
                        <i>-0.626003 -0.77818 -0.0505476 -0.216033 0.235339 -0.9476 0.7493 -0.582281 -0.315435 1.37698 2.39629 -2.41679</i>
                        <i>-0.637832 -0.769683 -0.0275424 -0.231938 0.226061 -0.946098 0.734422 -0.597063 -0.322707 1.3657 2.39015 -2.41839</i>
                        <i>-0.658855 -0.752269 0.00154097 -0.251366 0.21822 -0.942972 0.709032 -0.621668 -0.33287 1.35259 2.38871 -2.41902</i>
                        <i>-0.687726 -0.725112 0.0352895 -0.274158 0.214398 -0.937481 0.672213 -0.654406 -0.346242 1.33855 2.39289 -2.41744</i>
                        <i>-0.721379 -0.688633 0.0734641 -0.300345 0.215503 -0.929167 0.624023 -0.692346 -0.362287 1.32368 2.40225 -2.41302</i>
                        <i>-0.756597 -0.643517 0.115962 -0.329628 0.2222 -0.91759 0.564718 -0.73247 -0.380238 1.30821 2.41632 -2.40514</i>
                        <i>-0.830946 -0.521544 0.193702 -0.363414 0.245198 -0.898781 0.421259 -0.817233 -0.393283 1.29181 2.43794 -2.39197</i>
                        <i>-0.911495 -0.269522 0.310701 -0.389427 0.322379 -0.862797 0.132379 -0.90743 -0.398806 1.27863 2.47886 -2.36971</i>
                        <i>-0.895737 0.038943 0.442876 -0.378757 0.454792 -0.806044 -0.232806 -0.889746 -0.392624 1.27823 2.53889 -2.3365</i>
                        <i>-0.753116 0.276491 0.596967 -0.361219 0.584606 -0.726469 -0.549852 -0.762751 -0.340402 1.281 2.59861 -2.2908</i>
                        <i>-0.394154 0.390185 0.832104 -0.46451 0.696665 -0.546707 -0.793015 -0.602008 -0.0933486 1.24401 2.65393 -2.19242</i>
                        <i>0.158733 0.442793 0.882461 -0.582802 0.763486 -0.278263 -0.79696 -0.470131 0.379251 1.20536 2.69606 -2.03692</i>
                        <i>0.543147 0.471564 0.694707 -0.607346 0.791957 -0.0627306 -0.57976 -0.387856 0.716552 1.20677 2.7254 -1.8823</i>
                        <i>0.682912 0.430295 0.59032 -0.541808 0.840382 0.0142222 -0.489974 -0.329553 0.807044 1.24743 2.75872 -1.77327</i>
                        <i>0.703461 0.363953 0.610476 -0.461872 0.88694 0.00344796 -0.540201 -0.284387 0.792027 1.29482 2.78633 -1.7127</i>
                        <i>0.686566 0.337229 0.64413 -0.427811 0.903706 -0.0171328 -0.587882 -0.263803 0.764724 1.31596 2.79648 -1.69408</i>
                        <i>0.686566 0.337229 0.64413 -0.427811 0.903706 -0.0171328 -0.587882 -0.263803 0.764724 1.31597 2.79647 -1.69407</i>
                        <i>0.686566 0.337229 0.64413 -0.427811 0.903706 -0.0171328 -0.587882 -0.263803 0.764724 1.31598 2.79646 -1.69407</i>
                        <i>0.686566 0.337229 0.64413 -0.427811 0.903706 -0.0171328 -0.587882 -0.263803 0.764724 1.31598 2.79646 -1.69407</i>
                        <i>0.686566 0.337229 0.64413 -0.427811 0.903706 -0.0171328 -0.587882 -0.263803 0.764724 1.31598 2.79646 -1.69407</i>
                        <i>0.686566 0.337229 0.64413 -0.427811 0.903706 -0.0171328 -0.587882 -0.263803 0.764724 1.31598 2.79646 -1.69407</i>
                        <i>0.686566 0.337229 0.64413 -0.427811 0.903706 -0.0171328 -0.587882 -0.263803 0.764724 1.31597 2.79646 -1.69407</i>
                        <i>0.686566 0.337229 0.64413 -0.427811 0.903706 -0.0171328 -0.587882 -0.263803 0.764724 1.31597 2.79647 -1.69408</i>
                        <i>0.686566 0.337229 0.64413 -0.427811 0.903706 -0.0171328 -0.587882 -0.263803 0.764724 1.31597 2.79648 -1.69408</i>
                        <i>0.686566 0.337229 0.64413 -0.427811 0.903706 -0.0171328 -0.587882 -0.263803 0.764724 1.31596 2.79648 -1.69408</i>
                        <i>0.686566 0.337229 0.64413 -0.427811 0.903706 -0.0171328 -0.587882 -0.263803 0.764724 1.31596 2.79648 -1.69408</i>
                    </KeyFrames>
                </p>
            </i>
            <i>
                <p>
                    <Name><![CDATA[l_clav]]></Name>
                    <Exclude>0</Exclude>
                    <Additive>0</Additive>
                    <IKPriority>0</IKPriority>
                    <IKRotLimits>-1e+010 -1e+010 -1e+010 1e+010 1e+010 1e+010</IKRotLimits>
                    <IKRotLimitOrder>0</IKRotLimitOrder>
                    <KeyFrames count="40">
                        <i>-0.0248984 0.111549 0.993447 -0.560225 0.821494 -0.106282 -0.827966 -0.5592 0.0420385 1.54845 2.34321 -1.57037</i>
                        <i>-0.171916 0.0169011 0.984967 -0.243242 0.968165 -0.0590683 -0.954609 -0.24974 -0.162332 1.56532 2.37341 -1.58323</i>
                        <i>-0.353724 0.00982055 0.935298 -0.0392195 0.99891 -0.025321 -0.934527 -0.0456386 -0.352953 1.5542 2.37605 -1.6096</i>
                        <i>-0.525956 0.167332 0.833889 -0.0252594 0.97695 -0.211971 -0.850137 -0.132551 -0.509605 1.50832 2.32955 -1.66393</i>
                        <i>-0.689082 0.349485 0.634843 0.0108024 0.880885 -0.473207 -0.724603 -0.319221 -0.610777 1.46917 2.34438 -1.72911</i>
                        <i>-0.805701 0.458287 0.37526 0.101777 0.731229 -0.674496 -0.583514 -0.505249 -0.635795 1.44192 2.34185 -1.79243</i>
                        <i>-0.854244 0.48079 0.197756 0.183163 0.634347 -0.751036 -0.486537 -0.605347 -0.62995 1.4306 2.33054 -1.83756</i>
                        <i>-0.871867 0.474532 0.121107 0.224313 0.606755 -0.762582 -0.435352 -0.637705 -0.635453 1.42779 2.31528 -1.86549</i>
                        <i>-0.883538 0.464763 0.0579321 0.258323 0.586747 -0.767462 -0.39068 -0.663116 -0.638472 1.42549 2.2956 -1.88776</i>
                        <i>-0.891401 0.453154 0.00746298 0.285103 0.573474 -0.768013 -0.352308 -0.68248 -0.640391 1.42328 2.27329 -1.90509</i>
                        <i>-0.896987 0.440939 -0.031415 0.304983 0.565839 -0.766036 -0.32 -0.696705 -0.64203 1.42088 2.25012 -1.91818</i>
                        <i>-0.901299 0.429023 -0.0599907 0.318587 0.56262 -0.762864 -0.293534 -0.706681 -0.64377 1.41809 2.22783 -1.92771</i>
                        <i>-0.904909 0.418091 -0.0796257 0.326743 0.562557 -0.759453 -0.272727 -0.713252 -0.645671 1.41482 2.20816 -1.93433</i>
                        <i>-0.908051 0.408699 -0.0917026 0.330427 0.564409 -0.756479 -0.257415 -0.717222 -0.647557 1.41101 2.19288 -1.93871</i>
                        <i>-0.910712 0.401344 -0.0976064 0.330721 0.566983 -0.754423 -0.247442 -0.719342 -0.649091 1.40666 2.18378 -1.9415</i>
