<?xml version="1.0" encoding="ISO-8859-1" ?>
<Animl Version="1">
    <ModellingPackage><![CDATA[Maya.2010]]></ModellingPackage>
    <SrcFile><![CDATA[anims\turrets\antitank\red\~src\at_rpg7\at_rpg7_aim_high_crewman_a.mb]]></SrcFile>
    <FramesPerSecond>30</FramesPerSecond>
    <TotalFrames>30</TotalFrames>
    <Skeleton>
        <RefFrame>
            <Name><![CDATA[soldier_ref_frame]]></Name>
            <Exclude>0</Exclude>
            <Additive>0</Additive>
            <IKPriority>0</IKPriority>
            <IKRotLimits>-1e+010 -1e+010 -1e+010 1e+010 1e+010 1e+010</IKRotLimits>
            <IKRotLimitOrder>0</IKRotLimitOrder>
            <KeyFrames count="30">
                <i>1 0 0 0 1 0 0 0 1 1.14 0.92 -0.82</i>
                <i>1 0 0 0 1 0 0 0 1 1.14 0.92 -0.82</i>
                <i>1 0 0 0 1 0 0 0 1 1.14 0.92 -0.82</i>
                <i>1 0 0 0 1 0 0 0 1 1.14 0.92 -0.82</i>
                <i>1 0 0 0 1 0 0 0 1 1.14 0.92 -0.82</i>
                <i>1 0 0 0 1 0 0 0 1 1.14 0.92 -0.82</i>
                <i>1 0 0 0 1 0 0 0 1 1.14 0.92 -0.82</i>
                <i>1 0 0 0 1 0 0 0 1 1.14 0.92 -0.82</i>
                <i>1 0 0 0 1 0 0 0 1 1.14 0.92 -0.82</i>
                <i>1 0 0 0 1 0 0 0 1 1.14 0.92 -0.82</i>
                <i>1 0 0 0 1 0 0 0 1 1.14 0.92 -0.82</i>
                <i>1 0 0 0 1 0 0 0 1 1.14 0.92 -0.82</i>
                <i>1 0 0 0 1 0 0 0 1 1.14 0.92 -0.82</i>
                <i>1 0 0 0 1 0 0 0 1 1.14 0.92 -0.82</i>
                <i>1 0 0 0 1 0 0 0 1 1.14 0.92 -0.82</i>
                <i>1 0 0 0 1 0 0 0 1 1.14 0.92 -0.82</i>
                <i>1 0 0 0 1 0 0 0 1 1.14 0.92 -0.82</i>
                <i>1 0 0 0 1 0 0 0 1 1.14 0.92 -0.82</i>
                <i>1 0 0 0 1 0 0 0 1 1.14 0.92 -0.82</i>
                <i>1 0 0 0 1 0 0 0 1 1.14 0.92 -0.82</i>
                <i>1 0 0 0 1 0 0 0 1 1.14 0.92 -0.82</i>
                <i>1 0 0 0 1 0 0 0 1 1.14 0.92 -0.82</i>
                <i>1 0 0 0 1 0 0 0 1 1.14 0.92 -0.82</i>
                <i>1 0 0 0 1 0 0 0 1 1.14 0.92 -0.82</i>
                <i>1 0 0 0 1 0 0 0 1 1.14 0.92 -0.82</i>
                <i>1 0 0 0 1 0 0 0 1 1.14 0.92 -0.82</i>
                <i>1 0 0 0 1 0 0 0 1 1.14 0.92 -0.82</i>
                <i>1 0 0 0 1 0 0 0 1 1.14 0.92 -0.82</i>
                <i>1 0 0 0 1 0 0 0 1 1.14 0.92 -0.82</i>
                <i>1 0 0 0 1 0 0 0 1 1.14 0.92 -0.82</i>
            </KeyFrames>
        </RefFrame>
        <Bones count="23">
            <i>
                <p>
                    <Name><![CDATA[pelvis]]></Name>
                    <Exclude>0</Exclude>
                    <Additive>0</Additive>
                    <IKPriority>0</IKPriority>
                    <IKRotLimits>-1e+010 -1e+010 -1e+010 1e+010 1e+010 1e+010</IKRotLimits>
                    <IKRotLimitOrder>2</IKRotLimitOrder>
                    <KeyFrames count="30">
                        <i>1 0 0 0 1 0 0 0 1 1.14083 2.03328 -0.823886</i>
                        <i>1 0 0 0 1 0 0 0 1 1.14083 2.03328 -0.823886</i>
                        <i>1 0 0 0 1 0 0 0 1 1.14083 2.03328 -0.823886</i>
                        <i>1 0 0 0 1 0 0 0 1 1.14083 2.03328 -0.823886</i>
                        <i>1 0 0 0 1 0 0 0 1 1.14083 2.03328 -0.823886</i>
                        <i>1 0 0 0 1 0 0 0 1 1.14083 2.03328 -0.823886</i>
                        <i>1 0 0 0 1 0 0 0 1 1.14083 2.03328 -0.823886</i>
                        <i>1 0 0 0 1 0 0 0 1 1.14083 2.03328 -0.823886</i>
                        <i>1 0 0 0 1 0 0 0 1 1.14083 2.03328 -0.823886</i>
                        <i>1 0 0 0 1 0 0 0 1 1.14083 2.03328 -0.823886</i>
                        <i>1 0 0 0 1 0 0 0 1 1.14083 2.03328 -0.823886</i>
                        <i>1 0 0 0 1 0 0 0 1 1.14083 2.03328 -0.823886</i>
                        <i>1 0 0 0 1 0 0 0 1 1.14083 2.03328 -0.823886</i>
                        <i>1 0 0 0 1 0 0 0 1 1.14083 2.03328 -0.823886</i>
                        <i>1 0 0 0 1 0 0 0 1 1.14083 2.03328 -0.823886</i>
                        <i>1 0 0 0 1 0 0 0 1 1.14083 2.03328 -0.823886</i>
                        <i>1 0 0 0 1 0 0 0 1 1.14083 2.03328 -0.823886</i>
                        <i>1 0 0 0 1 0 0 0 1 1.14083 2.03328 -0.823886</i>
                        <i>1 0 0 0 1 0 0 0 1 1.14083 2.03328 -0.823886</i>
                        <i>1 0 0 0 1 0 0 0 1 1.14083 2.03328 -0.823886</i>
                        <i>1 0 0 0 1 0 0 0 1 1.14083 2.03328 -0.823886</i>
                        <i>1 0 0 0 1 0 0 0 1 1.14083 2.03328 -0.823886</i>
                        <i>1 0 0 0 1 0 0 0 1 1.14083 2.03328 -0.823886</i>
                        <i>1 0 0 0 1 0 0 0 1 1.14083 2.03328 -0.823886</i>
                        <i>1 0 0 0 1 0 0 0 1 1.14083 2.03328 -0.823886</i>
                        <i>1 0 0 0 1 0 0 0 1 1.14083 2.03328 -0.823886</i>
                        <i>1 0 0 0 1 0 0 0 1 1.14083 2.03328 -0.823886</i>
                        <i>1 0 0 0 1 0 0 0 1 1.14083 2.03328 -0.823886</i>
                        <i>1 0 0 0 1 0 0 0 1 1.14083 2.03328 -0.823886</i>
                        <i>1 0 0 0 1 0 0 0 1 1.14083 2.03328 -0.823886</i>
                    </KeyFrames>
                </p>
            </i>
            <i>
                <p>
                    <Name><![CDATA[spine0]]></Name>
                    <Exclude>0</Exclude>
                    <Additive>0</Additive>
                    <IKPriority>0</IKPriority>
                    <IKRotLimits>-1e+010 -1e+010 -1e+010 1e+010 1e+010 1e+010</IKRotLimits>
                    <IKRotLimitOrder>0</IKRotLimitOrder>
                    <KeyFrames count="30">
                        <i>-0.0123021 0.997531 0.0691418 -0.967172 0.00568185 -0.254059 -0.253824 -0.0699975 0.964714 1.14965 2.17088 -0.86494</i>
                        <i>-0.0130346 0.997324 0.0719419 -0.967234 0.00566802 -0.253821 -0.25355 -0.0728932 0.964572 1.14921 2.17139 -0.863286</i>
                        <i>-0.0136754 0.997135 0.0743979 -0.967289 0.00565656 -0.253614 -0.253309 -0.0754325 0.96444 1.14882 2.17182 -0.861838</i>
                        <i>-0.0142553 0.996958 0.0766263 -0.967338 0.00564669 -0.253427 -0.253089 -0.0777362 0.964315 1.14847 2.17219 -0.860526</i>
                        <i>-0.0147759 0.996794 0.0786314 -0.967382 0.00563824 -0.25326 -0.252891 -0.0798087 0.964197 1.14815 2.17251 -0.859347</i>
                        <i>-0.0152318 0.996647 0.0803905 -0.96742 0.00563117 -0.253112 -0.252716 -0.0816267 0.964091 1.14787 2.17279 -0.858312</i>
                        <i>-0.0156119 0.996522 0.0818598 -0.967453 0.0056255 -0.25299 -0.25257 -0.0831452 0.964 1.14764 2.17301 -0.857447</i>
                        <i>-0.015898 0.996425 0.0829676 -0.967477 0.00562137 -0.252897 -0.252459 -0.0842898 0.963929 1.14747 2.17317 -0.856795</i>
                        <i>-0.0160593 0.996371 0.0835923 -0.96749 0.0056191 -0.252845 -0.252397 -0.0849353 0.963889 1.14737 2.17326 -0.856427</i>
                        <i>-0.0160369 0.996378 0.0835057 -0.967489 0.00561941 -0.252852 -0.252406 -0.0848458 0.963894 1.14738 2.17325 -0.856478</i>
                        <i>-0.0157924 0.996461 0.0825584 -0.967468 0.00562288 -0.252931 -0.2525 -0.083867 0.963955 1.14753 2.17311 -0.857036</i>
                        <i>-0.0153765 0.9966 0.0809496 -0.967433 0.00562899 -0.253066 -0.252661 -0.0822046 0.964056 1.14779 2.17287 -0.857983</i>
                        <i>-0.0148229 0.996779 0.0788124 -0.967386 0.0056375 -0.253244 -0.252873 -0.0799958 0.964187 1.14812 2.17254 -0.85924</i>
                        <i>-0.0141654 0.996986 0.0762806 -0.96733 0.00564819 -0.253456 -0.253123 -0.0773788 0.964335 1.14852 2.17213 -0.86073</i>
                        <i>-0.0134385 0.997205 0.0734891 -0.967269 0.00566073 -0.253691 -0.253398 -0.0744929 0.96449 1.14896 2.17166 -0.862374</i>
                        <i>-0.0126766 0.997426 0.0705722 -0.967204 0.00567469 -0.253937 -0.253684 -0.0714767 0.964643 1.14942 2.17114 -0.864095</i>
                        <i>-0.0119142 0.997637 0.0676623 -0.967139 0.00568947 -0.254185 -0.253969 -0.0684673 0.964786 1.14988 2.1706 -0.865816</i>
                        <i>-0.0111854 0.99783 0.0648887 -0.967076 0.00570439 -0.254422 -0.25424 -0.0655981 0.964914 1.15033 2.17005 -0.867463</i>
                        <i>-0.0105233 0.997997 0.0623758 -0.967019 0.00571859 -0.254639 -0.254486 -0.0629982 0.965022 1.15073 2.16954 -0.868962</i>
                        <i>-0.00996007 0.998134 0.0602435 -0.96697 0.00573117 -0.254825 -0.254695 -0.0607917 0.965109 1.15107 2.16909 -0.870239</i>
                        <i>-0.00952719 0.998236 0.0586077 -0.966932 0.00574114 -0.254969 -0.254856 -0.0590988 0.965171 1.15134 2.16873 -0.871222</i>
                        <i>-0.00925547 0.998298 0.0575823 -0.966908 0.00574755 -0.25506 -0.254957 -0.0580375 0.965209 1.1515 2.16849 -0.871841</i>
                        <i>-0.00920716 0.998309 0.0574001 -0.966904 0.0057487 -0.255076 -0.254975 -0.0578489 0.965216 1.15153 2.16845 -0.871951</i>
                        <i>-0.00934828 0.998277 0.0579324 -0.966916 0.00574535 -0.255029 -0.254922 -0.0583999 0.965196 1.15145 2.16857 -0.871629</i>
                        <i>-0.00961661 0.998215 0.0589454 -0.96694 0.00573906 -0.254939 -0.254823 -0.0594483 0.965159 1.15128 2.1688 -0.871019</i>
                        <i>-0.00998197 0.998129 0.0603263 -0.966972 0.00573067 -0.254818 -0.254687 -0.0608774 0.965105 1.15106 2.1691 -0.870189</i>
                        <i>-0.0104288 0.998021 0.0620178 -0.967011 0.00572067 -0.254671 -0.254521 -0.0626278 0.965037 1.15079 2.16946 -0.869176</i>
                        <i>-0.0109512 0.99789 0.0639992 -0.967056 0.00570934 -0.254499 -0.254327 -0.0646779 0.964953 1.15047 2.16988 -0.867993</i>
                        <i>-0.0115552 0.997733 0.0662949 -0.967108 0.00569673 -0.254301 -0.254103 -0.0670529 0.96485 1.1501 2.17033 -0.866627</i>
                        <i>-0.0123021 0.997531 0.0691418 -0.967172 0.00568185 -0.254059 -0.253824 -0.0699975 0.964714 1.14965 2.17088 -0.86494</i>
                    </KeyFrames>
                </p>
            </i>
            <i>
                <p>
                    <Name><![CDATA[spine1]]></Name>
                    <Exclude>0</Exclude>
                    <Additive>0</Additive>
                    <IKPriority>0</IKPriority>
                    <IKRotLimits>-1e+010 -1e+010 -1e+010 1e+010 1e+010 1e+010</IKRotLimits>
                    <IKRotLimitOrder>0</IKRotLimitOrder>
                    <KeyFrames count="30">
                        <i>-0.0195445 0.988649 0.148968 -0.893666 0.0495342 -0.44599 -0.448306 -0.141844 0.882554 1.14754 2.34163 -0.853103</i>
                        <i>-0.0172982 0.989902 0.140694 -0.893882 0.0477344 -0.445754 -0.447968 -0.133475 0.88403 1.14698 2.34177 -0.850991</i>
                        <i>-0.0153258 0.990942 0.133415 -0.894054 0.0461622 -0.445575 -0.447698 -0.126109 0.885248 1.14648 2.34189 -0.849143</i>
                        <i>-0.0135337 0.991837 0.126789 -0.894195 0.0447396 -0.445435 -0.447472 -0.119402 0.886291 1.14604 2.342 -0.847468</i>
                        <i>-0.0119188 0.992604 0.120808 -0.894312 0.0434616 -0.445328 -0.447285 -0.113348 0.88718 1.14563 2.34209 -0.845961</i>
                        <i>-0.0104998 0.993247 0.115546 -0.894406 0.0423414 -0.445248 -0.447133 -0.10802 0.887921 1.14528 2.34217 -0.84464</i>
                        <i>-0.00931263 0.993761 0.111138 -0.894478 0.0414058 -0.445191 -0.447015 -0.103556 0.888512 1.14499 2.34223 -0.843536</i>
                        <i>-0.00841638 0.994136 0.107807 -0.894529 0.0407005 -0.445154 -0.446931 -0.100183 0.888941 1.14477 2.34228 -0.842704</i>
                        <i>-0.00791047 0.994343 0.105925 -0.894556 0.0403026 -0.445135 -0.446886 -0.0982771 0.889176 1.14464 2.3423 -0.842234</i>
                        <i>-0.00798067 0.994314 0.106186 -0.894552 0.0403578 -0.445138 -0.446892 -0.0985416 0.889144 1.14466 2.3423 -0.842299</i>
                        <i>-0.00874762 0.993999 0.109038 -0.89451 0.0409611 -0.445167 -0.446962 -0.10143 0.888784 1.14485 2.34226 -0.843011</i>
                        <i>-0.0100482 0.993445 0.11387 -0.894434 0.0419853 -0.445225 -0.447087 -0.106322 0.888149 1.14517 2.34219 -0.84422</i>
                        <i>-0.0117729 0.992672 0.120268 -0.894322 0.0433463 -0.445319 -0.447269 -0.112801 0.887258 1.1456 2.3421 -0.845825</i>
                        <i>-0.0138119 0.991701 0.127818 -0.894174 0.0449601 -0.445456 -0.447506 -0.120444 0.886133 1.14611 2.34198 -0.847727</i>
                        <i>-0.016056 0.990563 0.136111 -0.893992 0.0467434 -0.445638 -0.447795 -0.128837 0.884805 1.14667 2.34185 -0.849827</i>
                        <i>-0.0183973 0.989298 0.144745 -0.893779 0.0486137 -0.445865 -0.44813 -0.137572 0.88332 1.14725 2.3417 -0.852024</i>
                        <i>-0.0207306 0.987958 0.15333 -0.893544 0.050489 -0.446129 -0.448498 -0.146255 0.881737 1.14784 2.34155 -0.854221</i>
                        <i>-0.0229538 0.986607 0.161491 -0.893296 0.0522881 -0.446416 -0.448882 -0.154507 0.880132 1.14841 2.34139 -0.856322</i>
                        <i>-0.0249682 0.985322 0.168871 -0.893053 0.0539297 -0.446708 -0.449259 -0.161964 0.878598 1.14892 2.34125 -0.858233</i>
                        <i>-0.0266781 0.984185 0.175124 -0.892831 0.0553329 -0.44698 -0.449601 -0.168281 0.877235 1.14936 2.34111 -0.859861</i>
                        <i>-0.0279907 0.983284 0.179917 -0.892651 0.0564165 -0.447204 -0.449879 -0.17312 0.87615 1.14969 2.34101 -0.861114</i>
                        <i>-0.028814 0.982706 0.182919 -0.892534 0.0570992 -0.447351 -0.450059 -0.176152 0.875453 1.14991 2.34094 -0.861901</i>
                        <i>-0.0289604 0.982602 0.183453 -0.892513 0.0572208 -0.447378 -0.450092 -0.17669 0.875327 1.14994 2.34093 -0.862041</i>
                        <i>-0.0285329 0.982904 0.181894 -0.892574 0.0568658 -0.4473 -0.449997 -0.175117 0.875692 1.14983 2.34097 -0.861632</i>
                        <i>-0.0277197 0.983472 0.178927 -0.892689 0.0561923 -0.447157 -0.44982 -0.172122 0.876377 1.14962 2.34103 -0.860855</i>
                        <i>-0.0266117 0.98423 0.174881 -0.89284 0.0552782 -0.446969 -0.449587 -0.168035 0.877289 1.14934 2.34112 -0.859797</i>
                        <i>-0.0252551 0.985134 0.169921 -0.893017 0.0541646 -0.446752 -0.449315 -0.163025 0.878373 1.14899 2.34122 -0.858506</i>
                        <i>-0.0236668 0.986159 0.164105 -0.893212 0.0528678 -0.446516 -0.449012 -0.157148 0.879598 1.14859 2.34134 -0.856998</i>
                        <i>-0.0218267 0.987301 0.157356 -0.893424 0.0513744 -0.446266 -0.448683 -0.150326 0.880957 1.14812 2.34147 -0.855256</i>
                        <i>-0.0195445 0.988649 0.148968 -0.893666 0.0495342 -0.44599 -0.448306 -0.141844 0.882554 1.14754 2.34163 -0.853103</i>
                    </KeyFrames>
                </p>
            </i>
            <i>
                <p>
                    <Name><![CDATA[spine2]]></Name>
                    <Exclude>0</Exclude>
                    <Additive>0</Additive>
                    <IKPriority>0</IKPriority>
                    <IKRotLimits>-1e+010 -1e+010 -1e+010 1e+010 1e+010 1e+010</IKRotLimits>
                    <IKRotLimitOrder>0</IKRotLimitOrder>
                    <KeyFrames count="30">
                        <i>-0.0853199 0.973932 0.210183 -0.78147 0.0654495 -0.6205 -0.618082 -0.217192 0.755515 1.14426 2.4975 -0.829698</i>
                        <i>-0.0838539 0.975242 0.204623 -0.78163 0.0629965 -0.620553 -0.61808 -0.211976 0.756997 1.14406 2.49755 -0.828937</i>
                        <i>-0.082565 0.976366 0.199729 -0.781767 0.0608424 -0.620595 -0.61808 -0.207381 0.758268 1.14388 2.4976 -0.82827</i>
                        <i>-0.0813927 0.977366 0.195273 -0.781888 0.0588852 -0.620632 -0.618083 -0.203196 0.759398 1.14372 2.49764 -0.827666</i>
                        <i>-0.0803355 0.978248 0.191249 -0.781995 0.0571216 -0.620662 -0.618086 -0.199417 0.760396 1.14357 2.49767 -0.827123</i>
                        <i>-0.0794059 0.97901 0.187708 -0.782086 0.0555722 -0.620688 -0.618091 -0.19609 0.761257 1.14345 2.4977 -0.826646</i>
                        <i>-0.0786278 0.979637 0.184742 -0.782161 0.0542761 -0.620708 -0.618095 -0.193303 0.761966 1.14334 2.49772 -0.826248</i>
                        <i>-0.0780403 0.980104 0.1825 -0.782217 0.0532978 -0.620722 -0.618099 -0.191196 0.762494 1.14326 2.49773 -0.825948</i>
                        <i>-0.0777086 0.980365 0.181234 -0.782248 0.0527457 -0.62073 -0.618101 -0.190006 0.76279 1.14322 2.49774 -0.825779</i>
                        <i>-0.0777546 0.980329 0.18141 -0.782244 0.0528223 -0.620729 -0.618101 -0.190171 0.762749 1.14322 2.49774 -0.825802</i>
                        <i>-0.0782575 0.979932 0.183329 -0.782196 0.0536594 -0.620717 -0.618097 -0.191975 0.7623 1.14329 2.49773 -0.826059</i>
                        <i>-0.07911 0.979249 0.18658 -0.782115 0.0550791 -0.620695 -0.618092 -0.19503 0.761528 1.14341 2.4977 -0.826495</i>
                        <i>-0.0802399 0.978327 0.190885 -0.782004 0.0569623 -0.620665 -0.618087 -0.199075 0.760485 1.14356 2.49767 -0.827074</i>
                        <i>-0.0815748 0.977212 0.195965 -0.78187 0.059189 -0.620626 -0.618082 -0.203847 0.759224 1.14374 2.49763 -0.82776</i>
                        <i>-0.0830424 0.975953 0.201543 -0.781717 0.0616399 -0.62058 -0.61808 -0.209084 0.7578 1.14394 2.49758 -0.828517</i>
                        <i>-0.0845715 0.974605 0.207346 -0.781553 0.0641968 -0.620528 -0.61808 -0.21453 0.756276 1.14416 2.49753 -0.829309</i>
                        <i>-0.0860931 0.973227 0.213111 -0.781384 0.0667445 -0.620471 -0.618084 -0.21994 0.754718 1.14437 2.49747 -0.830101</i>
                        <i>-0.0875403 0.971883 0.218586 -0.781218 0.0691709 -0.620414 -0.61809 -0.225075 0.753197 1.14457 2.49741 -0.830858</i>
                        <i>-0.0888491 0.970639 0.223531 -0.781064 0.0713682 -0.620359 -0.618098 -0.229711 0.75179 1.14475 2.49736 -0.831546</i>
                        <i>-0.0899581 0.969563 0.227716 -0.780931 0.0732325 -0.62031 -0.618106 -0.233632 0.750574 1.14491 2.49731 -0.832131</i>
                        <i>-0.0908082 0.968726 0.23092 -0.780826 0.0746627 -0.620271 -0.618113 -0.236634 0.749627 1.14503 2.49727 -0.832582</i>
                        <i>-0.0913407 0.968195 0.232926 -0.78076 0.0755593 -0.620246 -0.618119 -0.238513 0.749027 1.14511 2.49724 -0.832865</i>
                        <i>-0.0914353 0.968101 0.233282 -0.780748 0.0757187 -0.620241 -0.61812 -0.238847 0.74892 1.14512 2.49724 -0.832915</i>
                        <i>-0.0911589 0.968377 0.232241 -0.780783 0.0752532 -0.620254 -0.618117 -0.237872 0.749232 1.14508 2.49725 -0.832768</i>
                        <i>-0.0906327 0.9689 0.230259 -0.780848 0.0743674 -0.620279 -0.618112 -0.236015 0.749823 1.14501 2.49728 -0.832489</i>
                        <i>-0.0899151 0.969605 0.227554 -0.780936 0.0731601 -0.620312 -0.618106 -0.23348 0.750621 1.1449 2.49731 -0.832109</i>
                        <i>-0.0890353 0.970459 0.224234 -0.781042 0.0716812 -0.620351 -0.618099 -0.23037 0.751588 1.14478 2.49735 -0.831644</i>
                        <i>-0.0880038 0.971446 0.220338 -0.781164 0.0699488 -0.620395 -0.618092 -0.226718 0.752703 1.14463 2.49739 -0.831101</i>
                        <i>-0.0868069 0.972568 0.215813 -0.781303 0.0679409 -0.620444 -0.618086 -0.222474 0.753973 1.14447 2.49744 -0.830474</i>
                        <i>-0.0853199 0.973932 0.210183 -0.78147 0.0654495 -0.6205 -0.618082 -0.217192 0.755515 1.14426 2.4975 -0.829698</i>
                    </KeyFrames>
                </p>
            </i>
            <i>
                <p>
                    <Name><![CDATA[head]]></Name>
                    <Exclude>0</Exclude>
                    <Additive>0</Additive>
                    <IKPriority>0</IKPriority>
                    <IKRotLimits>-1e+010 -1e+010 -1e+010 1e+010 1e+010 1e+010</IKRotLimits>
                    <IKRotLimitOrder>0</IKRotLimitOrder>
                    <KeyFrames count="30">
                        <i>0.011194 0.999205 0.0382511 0.118655 0.0366558 -0.992259 -0.992872 0.015646 -0.11815 1.12768 2.75095 -0.787967</i>
                        <i>0.0110649 0.999165 0.0393308 0.118667 0.0377432 -0.992216 -0.992872 0.015646 -0.11815 1.12768 2.75095 -0.787967</i>
                        <i>0.0107107 0.999048 0.0422912 0.1187 0.0407243 -0.992095 -0.992872 0.015646 -0.11815 1.12768 2.75095 -0.787967</i>
                        <i>0.0101814 0.998856 0.0467138 0.118746 0.0451779 -0.991896 -0.992872 0.015646 -0.11815 1.12768 2.75095 -0.787967</i>
                        <i>0.00952684 0.998592 0.0521797 0.1188 0.0506822 -0.991624 -0.992872 0.015646 -0.11815 1.12768 2.75095 -0.787967</i>
                        <i>0.00879686 0.998262 0.0582704 0.118857 0.0568157 -0.991285 -0.992872 0.015646 -0.11815 1.12768 2.75095 -0.787967</i>
                        <i>0.00804149 0.997881 0.0645676 0.11891 0.0631573 -0.990894 -0.992872 0.015646 -0.11815 1.12768 2.75095 -0.787967</i>
                        <i>0.00731086 0.997474 0.0706536 0.118957 0.0692862 -0.990479 -0.992872 0.015646 -0.11815 1.12768 2.75095 -0.787967</i>
                        <i>0.00665514 0.997077 0.0761113 0.118996 0.0747825 -0.990075 -0.992872 0.015646 -0.11815 1.12768 2.75095 -0.787967</i>
                        <i>0.00612457 0.996734 0.0805245 0.119024 0.0792269 -0.989725 -0.992872 0.015646 -0.11815 1.12768 2.75095 -0.787967</i>
                        <i>0.0057694 0.996493 0.0834773 0.119042 0.0822006 -0.989481 -0.992872 0.015646 -0.11815 1.12768 2.75095 -0.787967</i>
                        <i>0.00563985 0.996403 0.084554 0.119048 0.083285 -0.989389 -0.992872 0.015646 -0.11815 1.12768 2.75095 -0.787967</i>
                        <i>0.00568628 0.996435 0.0841681 0.119046 0.0828964 -0.989422 -0.992872 0.015646 -0.11815 1.12768 2.75095 -0.787967</i>
                        <i>0.00580954 0.996521 0.0831436 0.11904 0.0818646 -0.989509 -0.992872 0.015646 -0.11815 1.12768 2.75095 -0.787967</i>
                        <i>0.0059921 0.996645 0.0816259 0.119031 0.0803362 -0.989635 -0.992872 0.015646 -0.11815 1.12768 2.75095 -0.787967</i>
                        <i>0.00622197 0.996798 0.0797145 0.119019 0.0784112 -0.989791 -0.992872 0.015646 -0.11815 1.12768 2.75095 -0.787967</i>
                        <i>0.00649046 0.996973 0.0774813 0.119005 0.0761622 -0.989968 -0.992872 0.015646 -0.11815 1.12768 2.75095 -0.787967</i>
                        <i>0.00679101 0.997162 0.0749808 0.118988 0.073644 -0.990161 -0.992872 0.015646 -0.11815 1.12768 2.75095 -0.787967</i>
                        <i>0.00711836 0.997361 0.0722562 0.118969 0.0709002 -0.990363 -0.992872 0.015646 -0.11815 1.12768 2.75095 -0.787967</i>
                        <i>0.00746824 0.997565 0.0693431 0.118948 0.0679665 -0.990572 -0.992872 0.015646 -0.11815 1.12768 2.75095 -0.787967</i>
                        <i>0.00783692 0.997771 0.066272 0.118924 0.0648737 -0.990782 -0.992872 0.015646 -0.11815 1.12768 2.75095 -0.787967</i>
                        <i>0.00822115 0.997975 0.0630704 0.118898 0.0616495 -0.990991 -0.992872 0.015646 -0.11815 1.12768 2.75095 -0.787967</i>
                        <i>0.00861766 0.998175 0.0597648 0.11887 0.0583206 -0.991196 -0.992872 0.015646 -0.11815 1.12768 2.75095 -0.787967</i>
                        <i>0.00902322 0.998369 0.0563823 0.11884 0.0549143 -0.991394 -0.992872 0.015646 -0.11815 1.12768 2.75095 -0.787967</i>
                        <i>0.00943411 0.998553 0.0529536 0.118808 0.0514615 -0.991583 -0.992872 0.015646 -0.11815 1.12768 2.75095 -0.787967</i>
                        <i>0.00984576 0.998725 0.0495172 0.118774 0.048001 -0.99176 -0.992872 0.015646 -0.11815 1.12768 2.75095 -0.787967</i>
                        <i>0.0102515 0.998883 0.0461284 0.11874 0.0445883 -0.991924 -0.992872 0.015646 -0.11815 1.12768 2.75095 -0.787967</i>
                        <i>0.0106401 0.999024 0.0428815 0.118706 0.0413187 -0.992069 -0.992872 0.015646 -0.11815 1.12768 2.75095 -0.787967</i>
                        <i>0.0109867 0.99914 0.0399842 0.118674 0.0384012 -0.99219 -0.992872 0.015646 -0.11815 1.12768 2.75095 -0.787967</i>
                        <i>0.011194 0.999205 0.0382511 0.118655 0.0366558 -0.992259 -0.992872 0.015646 -0.11815 1.12768 2.75095 -0.787967</i>
                    </KeyFrames>
                </p>
            </i>
            <i>
                <p>
                    <Name><![CDATA[head_prop]]></Name>
                    <Exclude>0</Exclude>
                    <Additive>0</Additive>
                    <IKPriority>0</IKPriority>
                    <IKRotLimits>-1e+010 -1e+010 -1e+010 1e+010 1e+010 1e+010</IKRotLimits>
                    <IKRotLimitOrder>0</IKRotLimitOrder>
                    <KeyFrames count="30">
                        <i>0.992872 -0.015646 0.11815 0.011194 0.999205 0.0382511 -0.118655 -0.0366558 0.992259 1.13133 3.0766 -0.775501</i>
                        <i>0.992872 -0.015646 0.11815 0.0110649 0.999165 0.0393308 -0.118667 -0.0377432 0.992216 1.13129 3.07659 -0.775149</i>
                        <i>0.992872 -0.015646 0.11815 0.0107107 0.999048 0.0422912 -0.1187 -0.0407243 0.992095 1.13118 3.07655 -0.774184</i>
                        <i>0.992872 -0.015646 0.11815 0.0101814 0.998856 0.0467138 -0.118746 -0.0451779 0.991896 1.131 3.07649 -0.772743</i>
                        <i>0.992872 -0.015646 0.11815 0.00952684 0.998592 0.0521797 -0.1188 -0.0506822 0.991624 1.13079 3.0764 -0.770962</i>
                        <i>0.992872 -0.015646 0.11815 0.00879686 0.998262 0.0582704 -0.118857 -0.0568157 0.991285 1.13055 3.07629 -0.768977</i>
                        <i>0.992872 -0.015646 0.11815 0.00804149 0.997881 0.0645676 -0.11891 -0.0631573 0.990894 1.13031 3.07617 -0.766924</i>
                        <i>0.992872 -0.015646 0.11815 0.00731086 0.997474 0.0706536 -0.118957 -0.0692862 0.990479 1.13007 3.07604 -0.764941</i>
                        <i>0.992872 -0.015646 0.11815 0.00665514 0.997077 0.0761113 -0.118996 -0.0747825 0.990075 1.12985 3.07591 -0.763162</i>
                        <i>0.992872 -0.015646 0.11815 0.00612457 0.996734 0.0805245 -0.119024 -0.0792269 0.989725 1.12968 3.0758 -0.761724</i>
                        <i>0.992872 -0.015646 0.11815 0.0057694 0.996493 0.0834773 -0.119042 -0.0822006 0.989481 1.12956 3.07572 -0.760761</i>
                        <i>0.992872 -0.015646 0.11815 0.00563985 0.996403 0.084554 -0.119048 -0.083285 0.989389 1.12952 3.07569 -0.76041</i>
                        <i>0.992872 -0.015646 0.11815 0.00568628 0.996435 0.0841681 -0.119046 -0.0828964 0.989422 1.12954 3.0757 -0.760536</i>
                        <i>0.992872 -0.015646 0.11815 0.00580954 0.996521 0.0831436 -0.11904 -0.0818646 0.989509 1.12958 3.07573 -0.76087</i>
                        <i>0.992872 -0.015646 0.11815 0.0059921 0.996645 0.0816259 -0.119031 -0.0803362 0.989635 1.12964 3.07577 -0.761365</i>
                        <i>0.992872 -0.015646 0.11815 0.00622197 0.996798 0.0797145 -0.119019 -0.0784112 0.989791 1.12971 3.07582 -0.761988</i>
                        <i>0.992872 -0.015646 0.11815 0.00649046 0.996973 0.0774813 -0.119005 -0.0761622 0.989968 1.1298 3.07587 -0.762715</i>
                        <i>0.992872 -0.015646 0.11815 0.00679101 0.997162 0.0749808 -0.118988 -0.073644 0.990161 1.1299 3.07593 -0.76353</i>
                        <i>0.992872 -0.015646 0.11815 0.00711836 0.997361 0.0722562 -0.118969 -0.0709002 0.990363 1.13 3.076 -0.764418</i>
                        <i>0.992872 -0.015646 0.11815 0.00746824 0.997565 0.0693431 -0.118948 -0.0679665 0.990572 1.13012 3.07607 -0.765368</i>
                        <i>0.992872 -0.015646 0.11815 0.00783692 0.997771 0.066272 -0.118924 -0.0648737 0.990782 1.13024 3.07613 -0.766369</i>
                        <i>0.992872 -0.015646 0.11815 0.00822115 0.997975 0.0630704 -0.118898 -0.0616495 0.990991 1.13036 3.0762 -0.767412</i>
                        <i>0.992872 -0.015646 0.11815 0.00861766 0.998175 0.0597648 -0.11887 -0.0583206 0.991196 1.13049 3.07626 -0.768489</i>
                        <i>0.992872 -0.015646 0.11815 0.00902322 0.998369 0.0563823 -0.11884 -0.0549143 0.991394 1.13063 3.07633 -0.769592</i>
                        <i>0.992872 -0.015646 0.11815 0.00943411 0.998553 0.0529536 -0.118808 -0.0514615 0.991583 1.13076 3.07639 -0.770709</i>
                        <i>0.992872 -0.015646 0.11815 0.00984576 0.998725 0.0495172 -0.118774 -0.048001 0.99176 1.13089 3.07644 -0.771829</i>
                        <i>0.992872 -0.015646 0.11815 0.0102515 0.998883 0.0461284 -0.11874 -0.0445883 0.991924 1.13103 3.0765 -0.772934</i>
                        <i>0.992872 -0.015646 0.11815 0.0106401 0.999024 0.0428815 -0.118706 -0.0413187 0.992069 1.13115 3.07654 -0.773992</i>
                        <i>0.992872 -0.015646 0.11815 0.0109867 0.99914 0.0399842 -0.118674 -0.0384012 0.99219 1.13127 3.07658 -0.774936</i>
                        <i>0.992872 -0.015646 0.11815 0.011194 0.999205 0.0382511 -0.118655 -0.0366558 0.992259 1.13133 3.0766 -0.775501</i>
                    </KeyFrames>
                </p>
            </i>
            <i>
                <p>
                    <Name><![CDATA[l_clav]]></Name>
                    <Exclude>0</Exclude>
                    <Additive>0</Additive>
                    <IKPriority>0</IKPriority>
                    <IKRotLimits>-1e+010 -1e+010 -1e+010 1e+010 1e+010 1e+010</IKRotLimits>
                    <IKRotLimitOrder>0</IKRotLimitOrder>
                    <KeyFrames count="30">
                        <i>0.602572 0.18712 0.775818 -0.15413 0.981108 -0.116923 -0.78304 -0.0491225 0.620029 1.18666 2.54713 -0.735098</i>
                        <i>0.601402 0.194678 0.774865 -0.158096 0.979679 -0.123431 -0.783148 -0.0482715 0.619959 1.18666 2.54713 -0.735098</i>
                        <i>0.599509 0.206602 0.773243 -0.164346 0.977299 -0.133704 -0.783313 -0.0469225 0.619854 1.18666 2.54713 -0.735098</i>
                        <i>0.597362 0.219577 0.771327 -0.171134 0.974536 -0.144889 -0.7835 -0.0454495 0.619728 1.18666 2.54713 -0.735098</i>
                        <i>0.595066 0.232815 0.769217 -0.178048 0.971528 -0.156309 -0.783706 -0.0439431 0.619575 1.18666 2.54713 -0.735098</i>
                        <i>0.592673 0.245949 0.766973 -0.184894 0.968353 -0.167651 -0.783934 -0.0424468 0.619392 1.18666 2.54713 -0.735098</i>
                        <i>0.590225 0.258751 0.764645 -0.191554 0.965074 -0.178715 -0.784182 -0.0409887 0.619175 1.18666 2.54713 -0.735098</i>
                        <i>0.587759 0.271039 0.762284 -0.197933 0.961754 -0.189346 -0.78445 -0.0395916 0.618927 1.18666 2.54713 -0.735098</i>
                        <i>0.585318 0.28265 0.759942 -0.203949 0.958459 -0.199401 -0.784734 -0.038276 0.61865 1.18666 2.54713 -0.735098</i>
                        <i>0.582953 0.293412 0.757677 -0.209513 0.955267 -0.208731 -0.785028 -0.0370632 0.61835 1.18666 2.54713 -0.735098</i>
                        <i>0.580728 0.303127 0.755559 -0.214527 0.952271 -0.217161 -0.785324 -0.0359763 0.618039 1.18666 2.54713 -0.735098</i>
                        <i>0.578724 0.311548 0.753668 -0.218865 0.949584 -0.224474 -0.785606 -0.0350429 0.617734 1.18666 2.54713 -0.735098</i>
                        <i>0.577052 0.318342 0.75211 -0.222359 0.947355 -0.230379 -0.785855 -0.0342979 0.61746 1.18666 2.54713 -0.735098</i>
                        <i>0.575866 0.323026 0.751021 -0.224765 0.945787 -0.234452 -0.78604 -0.0337905 0.617251 1.18666 2.54713 -0.735098</i>
                        <i>0.575397 0.324837 0.750599 -0.225696 0.945173 -0.236029 -0.786117 -0.0335965 0.617165 1.18666 2.54713 -0.735098</i>
                        <i>0.575812 0.323247 0.750968 -0.224879 0.945712 -0.234645 -0.786047 -0.0337656 0.617244 1.18666 2.54713 -0.735098</i>
                        <i>0.57688 0.319103 0.75192 -0.22275 0.947103 -0.23104 -0.78587 -0.0342077 0.617444 1.18666 2.54713 -0.735098</i>
                        <i>0.578409 0.313054 0.753286 -0.219638 0.949095 -0.225781 -0.785622 -0.0348571 0.617724 1.18666 2.54713 -0.735098</i>
                        <i>0.580264 0.30552 0.754951 -0.215758 0.951517 -0.219234 -0.785329 -0.0356725 0.61805 1.18666 2.54713 -0.735098</i>
                        <i>0.582346 0.296792 0.756827 -0.211254 0.95424 -0.211656 -0.785012 -0.0366256 0.618396 1.18666 2.54713 -0.735098</i>
                        <i>0.584577 0.287086 0.758848 -0.206238 0.957163 -0.203237 -0.784688 -0.0376953 0.618744 1.18666 2.54713 -0.735098</i>
                        <i>0.586894 0.276576 0.760961 -0.200795 0.960206 -0.194128 -0.78437 -0.0388645 0.619075 1.18666 2.54713 -0.735098</i>
                        <i>0.589245 0.265406 0.763119 -0.195001 0.963302 -0.184457 -0.78407 -0.0401181 0.619375 1.18666 2.54713 -0.735098</i>
                        <i>0.591583 0.253711 0.765284 -0.188922 0.966392 -0.174342 -0.783797 -0.0414416 0.619633 1.18666 2.54713 -0.735098</i>
                        <i>0.59387 0.241627 0.767421 -0.18263 0.969424 -0.1639 -0.783559 -0.0428194 0.61984 1.18666 2.54713 -0.735098</i>
                        <i>0.596066 0.229309 0.769496 -0.176206 0.972348 -0.153266 -0.783363 -0.044233 0.619989 1.18666 2.54713 -0.735098</i>
                        <i>0.598131 0.216965 0.77147 -0.169758 0.975111 -0.142621 -0.783213 -0.0456571 0.620075 1.18666 2.54713 -0.735098</i>
                        <i>0.600014 0.204938 0.773294 -0.163466 0.977643 -0.132258 -0.783111 -0.0470507 0.6201 1.18666 2.54713 -0.735098</i>
                        <i>0.601621 0.193967 0.774873 -0.15772 0.979817 -0.122813 -0.783056 -0.0483256 0.620071 1.18666 2.54713 -0.735098</i>
                        <i>0.602572 0.18712 0.775818 -0.15413 0.981108 -0.116923 -0.78304 -0.0491225 0.620029 1.18666 2.54713 -0.735098</i>
                    </KeyFrames>
                </p>
            </i>
            <i>
                <p>
                    <Name><![CDATA[l_shoulder]]></Name>
                    <Exclude>0</Exclude>
                    <Additive>0</Additive>
                    <IKPriority>0</IKPriority>
                    <IKRotLimits>-1e+010 -1e+010 -1e+010 1e+010 1e+010 1e+010</IKRotLimits>
                    <IKRotLimitOrder>0</IKRotLimitOrder>
                    <KeyFrames count="30">
                        <i>-0.375443 0.0766355 0.923672 0.335482 0.940238 0.0583527 -0.863999 0.331783 -0.378715 1.30571 2.5841 -0.581813</i>
                        <i>-0.374158 0.073359 0.924459 0.336079 0.939827 0.0614433 -0.864325 0.333681 -0.376298 1.30548 2.5856 -0.582001</i>
                        <i>-0.372214 0.0682254 0.925636 0.337009 0.939164 0.0662948 -0.864801 0.336624 -0.372563 1.30511 2.58795 -0.582322</i>
                        <i>-0.370186 0.062683 0.926841 0.338005 0.938422 0.0715349 -0.865283 0.339758 -0.368577 1.30468 2.59052 -0.5827</i>
                        <i>-0.36819 0.0570722 0.927997 0.339003 0.937642 0.0768366 -0.865744 0.342884 -0.364578 1.30423 2.59313 -0.583117</i>
                        <i>-0.366272 0.0515477 0.929079 0.339974 0.936849 0.0820498 -0.866177 0.345915 -0.360666 1.30376 2.59573 -0.583561</i>
                        <i>-0.364451 0.0462032 0.930075 0.340903 0.936056 0.087083 -0.86658 0.348803 -0.356898 1.30327 2.59826 -0.58402</i>
                        <i>-0.362739 0.041109 0.930984 0.341778 0.93528 0.0918683 -0.866953 0.351514 -0.353313 1.30278 2.60069 -0.584487</i>
                        <i>-0.361145 0.0363271 0.931802 0.342589 0.934532 0.0963463 -0.867299 0.35402 -0.349947 1.3023 2.60298 -0.58495</i>
                        <i>-0.35968 0.0319209 0.93253 0.343328 0.933828 0.100458 -0.867615 0.356296 -0.346839 1.30183 2.60511 -0.585397</i>
                        <i>-0.358361 0.0279636 0.933164 0.343984 0.933183 0.104135 -0.867901 0.358312 -0.344035 1.3014 2.60703 -0.585816</i>
                        <i>-0.357213 0.0245473 0.9337 0.344545 0.932618 0.107296 -0.868152 0.360029 -0.341601 1.301 2.60869 -0.586189</i>
                        <i>-0.356278 0.0217988 0.934126 0.34499 0.932159 0.109827 -0.868359 0.361394 -0.339628 1.30067 2.61003 -0.586497</i>
                        <i>-0.355623 0.0199061 0.934417 0.345295 0.93184 0.111562 -0.868507 0.362324 -0.338257 1.30043 2.61096 -0.586712</i>
                        <i>-0.355365 0.0191736 0.934531 0.345412 0.931716 0.11223 -0.868566 0.362681 -0.337722 1.30034 2.61131 -0.586796</i>
                        <i>-0.355596 0.019818 0.93443 0.345309 0.931825 0.111644 -0.868512 0.362367 -0.338196 1.30042 2.611 -0.586723</i>
                        <i>-0.356197 0.0214994 0.934163 0.34504 0.932106 0.110112 -0.868372 0.361546 -0.339432 1.30063 2.61018 -0.586535</i>
                        <i>-0.357075 0.0239598 0.933768 0.344645 0.932515 0.107865 -0.868169 0.360334 -0.341236 1.30094 2.60899 -0.586265</i>
                        <i>-0.358168 0.0270349 0.933266 0.344146 0.933021 0.105048 -0.867917 0.358805 -0.343482 1.3013 2.6075 -0.585936</i>
                        <i>-0.359433 0.0306113 0.932669 0.343561 0.933601 0.10176 -0.867625 0.357004 -0.346084 1.30171 2.60577 -0.585565</i>
                        <i>-0.360841 0.034605 0.931985 0.3429 0.934238 0.0980734 -0.867302 0.354967 -0.348977 1.30216 2.60386 -0.585166</i>
                        <i>-0.362365 0.0389494 0.931222 0.342173 0.934919 0.094045 -0.866954 0.352717 -0.352109 1.30261 2.60178 -0.584748</i>
                        <i>-0.363985 0.0435875 0.930384 0.341386 0.935631 0.0897239 -0.866585 0.350278 -0.355436 1.30308 2.59957 -0.584322</i>
                        <i>-0.365684 0.0484663 0.929476 0.340548 0.936363 0.0851564 -0.8662 0.347671 -0.358918 1.30354 2.59726 -0.583894</i>
                        <i>-0.367442 0.0535306 0.928504 0.339665 0.937105 0.0803913 -0.865802 0.34492 -0.362514 1.30399 2.59487 -0.583472</i>
                        <i>-0.369239 0.0587159 0.927478 0.338749 0.937844 0.0754874 -0.865397 0.342055 -0.366178 1.30443 2.59244 -0.583062</i>
                        <i>-0.371045 0.0639339 0.926412 0.337814 0.938567 0.0705276 -0.86499 0.339123 -0.369848 1.30483 2.59 -0.582672</i>
                        <i>-0.372811 0.0690387 0.925335 0.336886 0.939254 0.0656516 -0.864592 0.336208 -0.373422 1.30521 2.58763 -0.582312</i>
                        <i>-0.374429 0.0737114 0.924321 0.336026 0.939864 0.061168 -0.864228 0.333499 -0.376681 1.30552 2.58546 -0.582</i>
                        <i>-0.375443 0.0766355 0.923672 0.335482 0.940238 0.0583527 -0.863999 0.331783 -0.378715 1.30571 2.5841 -0.581813</i>
                    </KeyFrames>
                </p>
            </i>
            <i>
                <p>
                    <Name><![CDATA[l_elbow]]></Name>
                    <Exclude>0</Exclude>
                    <Additive>0</Additive>
                    <IKPriority>0</IKPriority>
                    <IKRotLimits>-1e+010 -1e+010 -1e+010 1e+010 1e+010 1e+010</IKRotLimits>
                    <IKRotLimitOrder>0</IKRotLimitOrder>
                    <KeyFrames count="30">
                        <i>-0.738391 0.222839 0.636492 0.333401 0.941041 0.0573141 -0.586194 0.254528 -0.769151 1.18359 2.60903 -0.281364</i>
                        <i>-0.738965 0.221525 0.636284 0.333998 0.940636 0.0604107 -0.585129 0.257159 -0.769086 1.18378 2.60946 -0.281296</i>
                        <i>-0.739759 0.219415 0.636093 0.334926 0.939981 0.0652713 -0.583593 0.261329 -0.768847 1.18403 2.61015 -0.281234</i>
                        <i>-0.740484 0.217077 0.636052 0.335921 0.939247 0.0705212 -0.582101 0.265883 -0.768417 1.18427 2.61091 -0.28122</i>
                        <i>-0.741084 0.214647 0.636177 0.336917 0.938475 0.0758328 -0.580759 0.270537 -0.767808 1.18446 2.6117 -0.281261</i>
                        <i>-0.741549 0.212193 0.636458 0.337887 0.93769 0.0810555 -0.579601 0.275158 -0.76704 1.18462 2.6125 -0.281353</i>
