<?xml version="1.0" encoding="ISO-8859-1" ?>
<Animl Version="1">
    <ModellingPackage><![CDATA[Maya.2010]]></ModellingPackage>
    <SrcFile><![CDATA[anims\turrets\antitank\red\~src\at_rpg7\at_rpg7_idle_crewman_a.mb]]></SrcFile>
    <FramesPerSecond>30</FramesPerSecond>
    <TotalFrames>60</TotalFrames>
    <Skeleton>
        <RefFrame>
            <Name><![CDATA[soldier_ref_frame]]></Name>
            <Exclude>0</Exclude>
            <Additive>0</Additive>
            <IKPriority>0</IKPriority>
            <IKRotLimits>-1e+010 -1e+010 -1e+010 1e+010 1e+010 1e+010</IKRotLimits>
            <IKRotLimitOrder>0</IKRotLimitOrder>
            <KeyFrames count="60">
                <i>1 0 0 0 1 0 0 0 1 1.14 0.92 -0.82</i>
                <i>1 0 0 0 1 0 0 0 1 1.14 0.92 -0.82</i>
                <i>1 0 0 0 1 0 0 0 1 1.14 0.92 -0.82</i>
                <i>1 0 0 0 1 0 0 0 1 1.14 0.92 -0.82</i>
                <i>1 0 0 0 1 0 0 0 1 1.14 0.92 -0.82</i>
                <i>1 0 0 0 1 0 0 0 1 1.14 0.92 -0.82</i>
                <i>1 0 0 0 1 0 0 0 1 1.14 0.92 -0.82</i>
                <i>1 0 0 0 1 0 0 0 1 1.14 0.92 -0.82</i>
                <i>1 0 0 0 1 0 0 0 1 1.14 0.92 -0.82</i>
                <i>1 0 0 0 1 0 0 0 1 1.14 0.92 -0.82</i>
                <i>1 0 0 0 1 0 0 0 1 1.14 0.92 -0.82</i>
                <i>1 0 0 0 1 0 0 0 1 1.14 0.92 -0.82</i>
                <i>1 0 0 0 1 0 0 0 1 1.14 0.92 -0.82</i>
                <i>1 0 0 0 1 0 0 0 1 1.14 0.92 -0.82</i>
                <i>1 0 0 0 1 0 0 0 1 1.14 0.92 -0.82</i>
                <i>1 0 0 0 1 0 0 0 1 1.14 0.92 -0.82</i>
                <i>1 0 0 0 1 0 0 0 1 1.14 0.92 -0.82</i>
                <i>1 0 0 0 1 0 0 0 1 1.14 0.92 -0.82</i>
                <i>1 0 0 0 1 0 0 0 1 1.14 0.92 -0.82</i>
                <i>1 0 0 0 1 0 0 0 1 1.14 0.92 -0.82</i>
                <i>1 0 0 0 1 0 0 0 1 1.14 0.92 -0.82</i>
                <i>1 0 0 0 1 0 0 0 1 1.14 0.92 -0.82</i>
                <i>1 0 0 0 1 0 0 0 1 1.14 0.92 -0.82</i>
                <i>1 0 0 0 1 0 0 0 1 1.14 0.92 -0.82</i>
                <i>1 0 0 0 1 0 0 0 1 1.14 0.92 -0.82</i>
                <i>1 0 0 0 1 0 0 0 1 1.14 0.92 -0.82</i>
                <i>1 0 0 0 1 0 0 0 1 1.14 0.92 -0.82</i>
                <i>1 0 0 0 1 0 0 0 1 1.14 0.92 -0.82</i>
                <i>1 0 0 0 1 0 0 0 1 1.14 0.92 -0.82</i>
                <i>1 0 0 0 1 0 0 0 1 1.14 0.92 -0.82</i>
                <i>1 0 0 0 1 0 0 0 1 1.14 0.92 -0.82</i>
                <i>1 0 0 0 1 0 0 0 1 1.14 0.92 -0.82</i>
                <i>1 0 0 0 1 0 0 0 1 1.14 0.92 -0.82</i>
                <i>1 0 0 0 1 0 0 0 1 1.14 0.92 -0.82</i>
                <i>1 0 0 0 1 0 0 0 1 1.14 0.92 -0.82</i>
                <i>1 0 0 0 1 0 0 0 1 1.14 0.92 -0.82</i>
                <i>1 0 0 0 1 0 0 0 1 1.14 0.92 -0.82</i>
                <i>1 0 0 0 1 0 0 0 1 1.14 0.92 -0.82</i>
                <i>1 0 0 0 1 0 0 0 1 1.14 0.92 -0.82</i>
                <i>1 0 0 0 1 0 0 0 1 1.14 0.92 -0.82</i>
                <i>1 0 0 0 1 0 0 0 1 1.14 0.92 -0.82</i>
                <i>1 0 0 0 1 0 0 0 1 1.14 0.92 -0.82</i>
                <i>1 0 0 0 1 0 0 0 1 1.14 0.92 -0.82</i>
                <i>1 0 0 0 1 0 0 0 1 1.14 0.92 -0.82</i>
                <i>1 0 0 0 1 0 0 0 1 1.14 0.92 -0.82</i>
                <i>1 0 0 0 1 0 0 0 1 1.14 0.92 -0.82</i>
                <i>1 0 0 0 1 0 0 0 1 1.14 0.92 -0.82</i>
                <i>1 0 0 0 1 0 0 0 1 1.14 0.92 -0.82</i>
                <i>1 0 0 0 1 0 0 0 1 1.14 0.92 -0.82</i>
                <i>1 0 0 0 1 0 0 0 1 1.14 0.92 -0.82</i>
                <i>1 0 0 0 1 0 0 0 1 1.14 0.92 -0.82</i>
                <i>1 0 0 0 1 0 0 0 1 1.14 0.92 -0.82</i>
                <i>1 0 0 0 1 0 0 0 1 1.14 0.92 -0.82</i>
                <i>1 0 0 0 1 0 0 0 1 1.14 0.92 -0.82</i>
                <i>1 0 0 0 1 0 0 0 1 1.14 0.92 -0.82</i>
                <i>1 0 0 0 1 0 0 0 1 1.14 0.92 -0.82</i>
                <i>1 0 0 0 1 0 0 0 1 1.14 0.92 -0.82</i>
                <i>1 0 0 0 1 0 0 0 1 1.14 0.92 -0.82</i>
                <i>1 0 0 0 1 0 0 0 1 1.14 0.92 -0.82</i>
                <i>1 0 0 0 1 0 0 0 1 1.14 0.92 -0.82</i>
            </KeyFrames>
        </RefFrame>
        <Bones count="23">
            <i>
                <p>
                    <Name><![CDATA[pelvis]]></Name>
                    <Exclude>0</Exclude>
                    <Additive>0</Additive>
                    <IKPriority>0</IKPriority>
                    <IKRotLimits>-1e+010 -1e+010 -1e+010 1e+010 1e+010 1e+010</IKRotLimits>
                    <IKRotLimitOrder>2</IKRotLimitOrder>
                    <KeyFrames count="60">
                        <i>1 0 0 0 1 0 0 0 1 1.14081 2.08154 -0.823539</i>
                        <i>1 0 0 0 1 0 0 0 1 1.14081 2.08154 -0.823539</i>
                        <i>1 0 0 0 1 0 0 0 1 1.14081 2.08154 -0.823539</i>
                        <i>1 0 0 0 1 0 0 0 1 1.14081 2.08154 -0.823539</i>
                        <i>1 0 0 0 1 0 0 0 1 1.14081 2.08154 -0.823539</i>
                        <i>1 0 0 0 1 0 0 0 1 1.14081 2.08154 -0.823539</i>
                        <i>1 0 0 0 1 0 0 0 1 1.14081 2.08154 -0.823539</i>
                        <i>1 0 0 0 1 0 0 0 1 1.14081 2.08154 -0.823539</i>
                        <i>1 0 0 0 1 0 0 0 1 1.14081 2.08154 -0.823539</i>
                        <i>1 0 0 0 1 0 0 0 1 1.14081 2.08154 -0.823539</i>
                        <i>1 0 0 0 1 0 0 0 1 1.14081 2.08154 -0.823539</i>
                        <i>1 0 0 0 1 0 0 0 1 1.14081 2.08154 -0.823539</i>
                        <i>1 0 0 0 1 0 0 0 1 1.14081 2.08154 -0.823539</i>
                        <i>1 0 0 0 1 0 0 0 1 1.14081 2.08154 -0.823539</i>
                        <i>1 0 0 0 1 0 0 0 1 1.14081 2.08154 -0.823539</i>
                        <i>1 0 0 0 1 0 0 0 1 1.14081 2.08154 -0.823539</i>
                        <i>1 0 0 0 1 0 0 0 1 1.14081 2.08154 -0.823539</i>
                        <i>1 0 0 0 1 0 0 0 1 1.14081 2.08154 -0.823539</i>
                        <i>1 0 0 0 1 0 0 0 1 1.14081 2.08154 -0.823539</i>
                        <i>1 0 0 0 1 0 0 0 1 1.14081 2.08154 -0.823539</i>
                        <i>1 0 0 0 1 0 0 0 1 1.14081 2.08154 -0.823539</i>
                        <i>1 0 0 0 1 0 0 0 1 1.14081 2.08154 -0.823539</i>
                        <i>1 0 0 0 1 0 0 0 1 1.14081 2.08154 -0.823539</i>
                        <i>1 0 0 0 1 0 0 0 1 1.14081 2.08154 -0.823539</i>
                        <i>1 0 0 0 1 0 0 0 1 1.14081 2.08154 -0.823539</i>
                        <i>1 0 0 0 1 0 0 0 1 1.14081 2.08154 -0.823539</i>
                        <i>1 0 0 0 1 0 0 0 1 1.14081 2.08154 -0.823539</i>
                        <i>1 0 0 0 1 0 0 0 1 1.14081 2.08154 -0.823539</i>
                        <i>1 0 0 0 1 0 0 0 1 1.14081 2.08154 -0.823539</i>
                        <i>1 0 0 0 1 0 0 0 1 1.14081 2.08154 -0.823539</i>
                        <i>1 0 0 0 1 0 0 0 1 1.14081 2.08154 -0.823539</i>
                        <i>1 0 0 0 1 0 0 0 1 1.14081 2.08154 -0.823539</i>
                        <i>1 0 0 0 1 0 0 0 1 1.14081 2.08154 -0.823539</i>
                        <i>1 0 0 0 1 0 0 0 1 1.14081 2.08154 -0.823539</i>
                        <i>1 0 0 0 1 0 0 0 1 1.14081 2.08154 -0.823539</i>
                        <i>1 0 0 0 1 0 0 0 1 1.14081 2.08154 -0.823539</i>
                        <i>1 0 0 0 1 0 0 0 1 1.14081 2.08154 -0.823539</i>
                        <i>1 0 0 0 1 0 0 0 1 1.14081 2.08154 -0.823539</i>
                        <i>1 0 0 0 1 0 0 0 1 1.14081 2.08154 -0.823539</i>
                        <i>1 0 0 0 1 0 0 0 1 1.14081 2.08154 -0.823539</i>
                        <i>1 0 0 0 1 0 0 0 1 1.14081 2.08154 -0.823539</i>
                        <i>1 0 0 0 1 0 0 0 1 1.14081 2.08154 -0.823539</i>
                        <i>1 0 0 0 1 0 0 0 1 1.14081 2.08154 -0.823539</i>
                        <i>1 0 0 0 1 0 0 0 1 1.14081 2.08154 -0.823539</i>
                        <i>1 0 0 0 1 0 0 0 1 1.14081 2.08154 -0.823539</i>
                        <i>1 0 0 0 1 0 0 0 1 1.14081 2.08154 -0.823539</i>
                        <i>1 0 0 0 1 0 0 0 1 1.14081 2.08154 -0.823539</i>
                        <i>1 0 0 0 1 0 0 0 1 1.14081 2.08154 -0.823539</i>
                        <i>1 0 0 0 1 0 0 0 1 1.14081 2.08154 -0.823539</i>
                        <i>1 0 0 0 1 0 0 0 1 1.14081 2.08154 -0.823539</i>
                        <i>1 0 0 0 1 0 0 0 1 1.14081 2.08154 -0.823539</i>
                        <i>1 0 0 0 1 0 0 0 1 1.14081 2.08154 -0.823539</i>
                        <i>1 0 0 0 1 0 0 0 1 1.14081 2.08154 -0.823539</i>
                        <i>1 0 0 0 1 0 0 0 1 1.14081 2.08154 -0.823539</i>
                        <i>1 0 0 0 1 0 0 0 1 1.14081 2.08154 -0.823539</i>
                        <i>1 0 0 0 1 0 0 0 1 1.14081 2.08154 -0.823539</i>
                        <i>1 0 0 0 1 0 0 0 1 1.14081 2.08154 -0.823539</i>
                        <i>1 0 0 0 1 0 0 0 1 1.14081 2.08154 -0.823539</i>
                        <i>1 0 0 0 1 0 0 0 1 1.14081 2.08154 -0.823539</i>
                        <i>1 0 0 0 1 0 0 0 1 1.14081 2.08154 -0.823539</i>
                    </KeyFrames>
                </p>
            </i>
            <i>
                <p>
                    <Name><![CDATA[spine0]]></Name>
                    <Exclude>0</Exclude>
                    <Additive>0</Additive>
                    <IKPriority>0</IKPriority>
                    <IKRotLimits>-1e+010 -1e+010 -1e+010 1e+010 1e+010 1e+010</IKRotLimits>
                    <IKRotLimitOrder>0</IKRotLimitOrder>
                    <KeyFrames count="60">
                        <i>0.0581819 0.996102 -0.0662991 -0.923136 0.0284 -0.383423 -0.380045 0.0835114 0.92119 1.16004 2.2146 -0.874739</i>
                        <i>0.058151 0.99611 -0.0662007 -0.923146 0.0284112 -0.383398 -0.380026 0.0834079 0.921208 1.16001 2.21464 -0.874659</i>
                        <i>0.0580675 0.996133 -0.0659302 -0.923174 0.0284435 -0.383329 -0.379972 0.083124 0.921256 1.15992 2.21474 -0.874436</i>
                        <i>0.0579452 0.996167 -0.0655241 -0.923216 0.0284948 -0.383223 -0.379888 0.0826989 0.921329 1.15977 2.21489 -0.874094</i>
                        <i>0.0577978 0.996209 -0.0650192 -0.92327 0.0285632 -0.383088 -0.379779 0.082172 0.92142 1.15959 2.21508 -0.873658</i>
                        <i>0.0576392 0.996255 -0.0644522 -0.923332 0.0286466 -0.382932 -0.379651 0.0815827 0.921525 1.15938 2.2153 -0.873152</i>
                        <i>0.0574832 0.996302 -0.0638601 -0.9234 0.0287432 -0.38276 -0.379509 0.0809708 0.921638 1.15915 2.21553 -0.872601</i>
                        <i>0.0573438 0.996347 -0.0632804 -0.923471 0.0288507 -0.382582 -0.379359 0.0803763 0.921752 1.15891 2.21577 -0.872028</i>
                        <i>0.057235 0.996387 -0.0627507 -0.923541 0.0289673 -0.382405 -0.379206 0.0798398 0.921862 1.15867 2.21601 -0.87146</i>
                        <i>0.0571707 0.996418 -0.0623091 -0.923607 0.0290906 -0.382236 -0.379055 0.0794019 0.921961 1.15844 2.21623 -0.87092</i>
                        <i>0.057165 0.996438 -0.0619939 -0.923666 0.0292185 -0.382084 -0.378912 0.0791034 0.922046 1.15824 2.21643 -0.870435</i>
                        <i>0.0572318 0.996444 -0.0618433 -0.923714 0.0293488 -0.381956 -0.378783 0.0789855 0.922109 1.15807 2.21659 -0.870029</i>
                        <i>0.0573849 0.996432 -0.0618956 -0.92375 0.029479 -0.381861 -0.378674 0.0790891 0.922145 1.15795 2.21671 -0.869728</i>
                        <i>0.0576382 0.996399 -0.0621891 -0.923768 0.0296067 -0.381806 -0.37859 0.0794549 0.922148 1.15787 2.21678 -0.869557</i>
                        <i>0.0580053 0.996341 -0.0627618 -0.923766 0.0297296 -0.381801 -0.378538 0.0801237 0.922111 1.15787 2.21678 -0.869542</i>
                        <i>0.0584532 0.996266 -0.0635349 -0.92375 0.029848 -0.381832 -0.37851 0.0810096 0.922045 1.15791 2.21674 -0.86964</i>
                        <i>0.0589354 0.996183 -0.0643951 -0.923726 0.0299634 -0.381879 -0.378492 0.0819896 0.921966 1.15797 2.21668 -0.86979</i>
                        <i>0.059445 0.996092 -0.065329 -0.923697 0.0300747 -0.381942 -0.378485 0.0830487 0.921874 1.15805 2.21661 -0.869987</i>
                        <i>0.0599754 0.995994 -0.0663233 -0.923661 0.0301811 -0.38202 -0.378488 0.0841721 0.921771 1.15815 2.21651 -0.870227</i>
                        <i>0.0605201 0.995891 -0.0673647 -0.923621 0.0302814 -0.38211 -0.3785 0.0853448 0.921658 1.15827 2.2164 -0.870505</i>
                        <i>0.0610724 0.995784 -0.0684397 -0.923576 0.0303746 -0.382212 -0.378521 0.0865518 0.921537 1.1584 2.21627 -0.870818</i>
                        <i>0.0616257 0.995674 -0.069535 -0.923526 0.0304598 -0.382323 -0.378551 0.0877784 0.921409 1.15854 2.21613 -0.87116</i>
                        <i>0.0621733 0.995563 -0.0706373 -0.923474 0.0305361 -0.382444 -0.37859 0.0890094 0.921275 1.1587 2.21598 -0.871527</i>
                        <i>0.0627086 0.995451 -0.0717331 -0.923419 0.0306025 -0.382571 -0.378636 0.0902302 0.921137 1.15886 2.21582 -0.871915</i>
                        <i>0.0632251 0.99534 -0.0728091 -0.923362 0.0306581 -0.382705 -0.378689 0.0914257 0.920997 1.15903 2.21565 -0.87232</i>
                        <i>0.0637161 0.995232 -0.0738521 -0.923303 0.0307019 -0.382843 -0.37875 0.0925811 0.920857 1.15921 2.21548 -0.872736</i>
                        <i>0.064175 0.995128 -0.0748487 -0.923244 0.0307332 -0.382983 -0.378817 0.0936815 0.920718 1.15938 2.21529 -0.873161</i>
                        <i>0.0645952 0.99503 -0.0757855 -0.923185 0.0307509 -0.383125 -0.37889 0.0947121 0.920582 1.15956 2.21511 -0.873588</i>
                        <i>0.0649702 0.994939 -0.0766494 -0.923126 0.0307542 -0.383266 -0.378969 0.0956579 0.920452 1.15974 2.21492 -0.874015</i>
                        <i>0.0652932 0.994858 -0.0774271 -0.923069 0.0307423 -0.383405 -0.379053 0.0965042 0.920329 1.15992 2.21474 -0.874437</i>
                        <i>0.0655606 0.994787 -0.0781097 -0.923013 0.0307151 -0.383541 -0.379142 0.0972415 0.920215 1.16009 2.21456 -0.874849</i>
                        <i>0.0657731 0.994727 -0.0786961 -0.92296 0.0306742 -0.383671 -0.379234 0.0978686 0.92011 1.16026 2.21438 -0.875247</i>
                        <i>0.0659309 0.994677 -0.0791838 -0.92291 0.0306209 -0.383796 -0.379328 0.0983835 0.920017 1.16042 2.2142 -0.875627</i>
                        <i>0.0660343 0.99464 -0.0795707 -0.922864 0.0305564 -0.383912 -0.379423 0.0987843 0.919935 1.16057 2.21404 -0.875986</i>
                        <i>0.0660836 0.994614 -0.0798545 -0.922822 0.030482 -0.384019 -0.379516 0.0990688 0.919866 1.16071 2.21389 -0.876318</i>
                        <i>0.0660789 0.9946 -0.0800332 -0.922785 0.0303988 -0.384115 -0.379608 0.0992353 0.91981 1.16083 2.21375 -0.876619</i>
                        <i>0.0660205 0.994598 -0.0801045 -0.922753 0.0303083 -0.384199 -0.379695 0.0992817 0.919769 1.16094 2.21362 -0.876886</i>
                        <i>0.0659086 0.994608 -0.0800665 -0.922727 0.0302114 -0.384269 -0.379779 0.0992062 0.919743 1.16104 2.21352 -0.877114</i>
                        <i>0.0657436 0.994631 -0.0799172 -0.922707 0.0301095 -0.384325 -0.379856 0.099007 0.919732 1.16112 2.21343 -0.8773</i>
                        <i>0.0655256 0.994667 -0.0796544 -0.922693 0.0300037 -0.384365 -0.379925 0.0986823 0.919738 1.16118 2.21336 -0.877438</i>
                        <i>0.0652519 0.994715 -0.0792687 -0.922688 0.0298953 -0.384387 -0.379985 0.0982222 0.919763 1.16121 2.21333 -0.877521</i>
                        <i>0.0649244 0.994777 -0.0787623 -0.922691 0.0297854 -0.384389 -0.380035 0.0976294 0.919805 1.16122 2.21331 -0.877546</i>
                        <i>0.0645504 0.99485 -0.0781503 -0.9227 0.0296746 -0.384374 -0.380075 0.0969208 0.919864 1.16121 2.21333 -0.877521</i>
                        <i>0.0641374 0.994931 -0.077448 -0.922716 0.0295638 -0.384344 -0.380107 0.0961133 0.919935 1.16118 2.21336 -0.877449</i>
                        <i>0.0636925 0.99502 -0.0766704 -0.922738 0.0294535 -0.384302 -0.38013 0.0952238 0.920018 1.16113 2.21341 -0.877337</i>
                        <i>0.063223 0.995114 -0.0758328 -0.922763 0.0293446 -0.384248 -0.380146 0.0942691 0.92011 1.16107 2.21348 -0.877191</i>
                        <i>0.0627363 0.995212 -0.0749503 -0.922793 0.0292378 -0.384186 -0.380155 0.093266 0.920208 1.161 2.21356 -0.877016</i>
                        <i>0.0622397 0.995311 -0.0740379 -0.922825 0.0291338 -0.384117 -0.380159 0.0922313 0.920311 1.16092 2.21366 -0.876818</i>
                        <i>0.0617405 0.995411 -0.0731108 -0.922859 0.0290334 -0.384042 -0.380157 0.0911819 0.920416 1.16083 2.21376 -0.876603</i>
                        <i>0.061246 0.995509 -0.0721841 -0.922894 0.0289374 -0.383965 -0.380152 0.0901346 0.920522 1.16073 2.21386 -0.876376</i>
                        <i>0.0607636 0.995604 -0.0712731 -0.92293 0.0288466 -0.383886 -0.380143 0.0891063 0.920626 1.16063 2.21397 -0.876144</i>
                        <i>0.0603006 0.995695 -0.0703929 -0.922965 0.0287618 -0.383808 -0.380131 0.088114 0.920726 1.16054 2.21408 -0.875911</i>
                        <i>0.0598644 0.99578 -0.0695588 -0.922999 0.0286839 -0.383732 -0.380118 0.0871746 0.920821 1.16044 2.21418 -0.875684</i>
                        <i>0.0594624 0.995858 -0.0687861 -0.923031 0.0286136 -0.383661 -0.380104 0.0863051 0.920909 1.16035 2.21428 -0.875468</i>
                        <i>0.0591019 0.995927 -0.0680902 -0.92306 0.0285518 -0.383596 -0.380089 0.0855226 0.920988 1.16027 2.21437 -0.875269</i>
                        <i>0.0587904 0.995987 -0.0674864 -0.923085 0.0284994 -0.383538 -0.380076 0.084844 0.921056 1.16019 2.21445 -0.875094</i>
                        <i>0.0585353 0.996035 -0.06699 -0.923106 0.0284571 -0.38349 -0.380064 0.0842866 0.921112 1.16013 2.21451 -0.874947</i>
                        <i>0.0583439 0.996071 -0.0666164 -0.923122 0.0284259 -0.383454 -0.380054 0.0838673 0.921154 1.16008 2.21456 -0.874835</i>
                        <i>0.0582237 0.996094 -0.066381 -0.923133 0.0284066 -0.383431 -0.380048 0.0836032 0.921181 1.16005 2.21459 -0.874764</i>
                        <i>0.0581819 0.996102 -0.0662991 -0.923136 0.0284 -0.383423 -0.380045 0.0835114 0.92119 1.16004 2.2146 -0.874739</i>
                    </KeyFrames>
                </p>
            </i>
            <i>
                <p>
                    <Name><![CDATA[spine1]]></Name>
                    <Exclude>0</Exclude>
                    <Additive>0</Additive>
                    <IKPriority>0</IKPriority>
                    <IKRotLimits>-1e+010 -1e+010 -1e+010 1e+010 1e+010 1e+010</IKRotLimits>
                    <IKRotLimitOrder>0</IKRotLimitOrder>
                    <KeyFrames count="60">
                        <i>0.016117 0.999155 0.0378214 -0.825291 0.0346483 -0.563644 -0.564478 -0.0221294 0.825151 1.17008 2.38638 -0.886177</i>
                        <i>0.0163367 0.99917 0.0373246 -0.825304 0.0345488 -0.563632 -0.564453 -0.0215962 0.825183 1.17004 2.3864 -0.886079</i>
                        <i>0.0169553 0.999211 0.0359268 -0.825339 0.0342691 -0.563596 -0.564382 -0.0200959 0.825269 1.16993 2.38645 -0.885806</i>
                        <i>0.0179116 0.999269 0.0337668 -0.825393 0.0338379 -0.563543 -0.564274 -0.0177769 0.825396 1.16976 2.38653 -0.885389</i>
                        <i>0.019145 0.999337 0.0309825 -0.825461 0.0332834 -0.563478 -0.564135 -0.014787 0.82555 1.16955 2.38663 -0.884859</i>
                        <i>0.0205944 0.999404 0.0277125 -0.825536 0.0326342 -0.563405 -0.563973 -0.0112747 0.825716 1.1693 2.38674 -0.884247</i>
                        <i>0.0221986 0.999463 0.0240963 -0.825615 0.0319187 -0.56333 -0.563796 -0.00738914 0.825881 1.16903 2.38687 -0.883585</i>
                        <i>0.023896 0.999509 0.0202744 -0.825694 0.0311658 -0.563256 -0.563612 -0.00328088 0.826034 1.16876 2.387 -0.882905</i>
                        <i>0.0256249 0.999537 0.0163889 -0.825769 0.0304044 -0.563188 -0.563425 0.000898138 0.826166 1.1685 2.38712 -0.882237</i>
                        <i>0.027323 0.999547 0.012583 -0.825838 0.0296637 -0.563127 -0.563245 0.00499479 0.826275 1.16826 2.38724 -0.881615</i>
                        <i>0.0289281 0.999541 0.00900112 -0.825897 0.0289732 -0.563075 -0.563078 0.0088547 0.826356 1.16805 2.38735 -0.881069</i>
                        <i>0.0303776 0.999522 0.00578825 -0.825946 0.0283628 -0.563035 -0.56293 0.0123229 0.826413 1.16788 2.38743 -0.880632</i>
                        <i>0.0316091 0.999496 0.0030899 -0.825983 0.0278622 -0.563006 -0.562808 0.0152439 0.826447 1.16778 2.3875 -0.880336</i>
                        <i>0.03256 0.999469 0.00105163 -0.826006 0.0275014 -0.56299 -0.56272 0.0174623 0.826463 1.16775 2.38753 -0.880214</i>
                        <i>0.0331681 0.99945 -0.000181632 -0.826014 0.0273101 -0.562988 -0.562673 0.0188233 0.826465 1.16781 2.38753 -0.880297</i>
                        <i>0.0335227 0.999438 -0.00082063 -0.826011 0.0272434 -0.562996 -0.562657 0.019551 0.82646 1.16793 2.3875 -0.880529</i>
                        <i>0.0337576 0.999429 -0.00118043 -0.826003 0.0272348 -0.563008 -0.562654 0.0199808 0.826451 1.16807 2.38746 -0.880828</i>
                        <i>0.0338771 0.999425 -0.00127326 -0.82599 0.027281 -0.563024 -0.562666 0.0201254 0.826439 1.16825 2.38741 -0.881189</i>
                        <i>0.0338857 0.999425 -0.00111144 -0.825973 0.0273786 -0.563045 -0.562691 0.0199972 0.826426 1.16844 2.38735 -0.881603</i>
                        <i>0.0337878 0.999429 -0.000707346 -0.825951 0.0275245 -0.56307 -0.562729 0.0196091 0.826409 1.16865 2.38728 -0.882064</i>
                        <i>0.0335876 0.999436 -7.33716e-005 -0.825925 0.0277152 -0.563099 -0.562779 0.0189737 0.82639 1.16888 2.3872 -0.882566</i>
                        <i>0.0332897 0.999445 0.000778056 -0.825894 0.0279474 -0.563132 -0.562841 0.0181039 0.826367 1.16913 2.38711 -0.883101</i>
                        <i>0.0328984 0.999457 0.00183458 -0.82586 0.028218 -0.563169 -0.562915 0.0170123 0.826339 1.16938 2.38701 -0.883664</i>
                        <i>0.0324182 0.99947 0.00308384 -0.825821 0.0285236 -0.563211 -0.563 0.0157116 0.826308 1.16964 2.38692 -0.884246</i>
                        <i>0.0318534 0.999482 0.00451346 -0.825778 0.0288611 -0.563256 -0.563094 0.0142145 0.82627 1.1699 2.38681 -0.884843</i>
                        <i>0.0312085 0.999494 0.00611124 -0.825732 0.0292272 -0.563305 -0.563198 0.0125337 0.826227 1.17017 2.38671 -0.885446</i>
                        <i>0.0304879 0.999504 0.00786497 -0.825683 0.0296188 -0.563357 -0.563311 0.0106816 0.826176 1.17043 2.3866 -0.886049</i>
                        <i>0.0296959 0.999511 0.00976262 -0.82563 0.0300329 -0.563412 -0.56343 0.00867071 0.826118 1.17069 2.38649 -0.886645</i>
                        <i>0.028837 0.999515 0.0117921 -0.825574 0.0304664 -0.56347 -0.563556 0.00651348 0.826052 1.17094 2.38638 -0.887228</i>
                        <i>0.0279154 0.999513 0.0139417 -0.825516 0.0309163 -0.563531 -0.563687 0.00422204 0.825978 1.17118 2.38627 -0.887792</i>
                        <i>0.0269399 0.999506 0.016191 -0.825457 0.0313784 -0.563592 -0.563822 0.00181818 0.825894 1.1714 2.38617 -0.888329</i>
                        <i>0.0259261 0.999493 0.0185057 -0.825396 0.0318463 -0.563655 -0.563958 -0.000661134 0.825803 1.17161 2.38607 -0.888836</i>
                        <i>0.0248886 0.999473 0.0208535 -0.825335 0.032314 -0.563717 -0.564094 -0.00318097 0.825705 1.17181 2.38597 -0.889308</i>
                        <i>0.0238422 0.999446 0.0232024 -0.825275 0.0327755 -0.563779 -0.564227 -0.00570664 0.8256 1.17198 2.38589 -0.88974</i>
                        <i>0.0228013 0.999414 0.0255204 -0.825217 0.0332248 -0.563838 -0.564355 -0.00820363 0.825491 1.17213 2.38581 -0.890128</i>
                        <i>0.0217805 0.999377 0.0277756 -0.825161 0.0336559 -0.563893 -0.564477 -0.0106375 0.82538 1.17226 2.38574 -0.890466</i>
                        <i>0.0207944 0.999335 0.0299366 -0.82511 0.0340629 -0.563945 -0.56459 -0.0129741 0.82527 1.17237 2.38567 -0.890751</i>
                        <i>0.0198574 0.999291 0.0319716 -0.825063 0.0344397 -0.563991 -0.564692 -0.0151792 0.825162 1.17245 2.38562 -0.890978</i>
                        <i>0.018984 0.999247 0.0338492 -0.825022 0.0347804 -0.564029 -0.564782 -0.0172188 0.825061 1.1725 2.38559 -0.891141</i>
                        <i>0.0181886 0.999203 0.0355379 -0.824988 0.0350789 -0.56406 -0.564857 -0.0190589 0.824969 1.17252 2.38556 -0.891237</i>
                        <i>0.0174953 0.999163 0.0369839 -0.824964 0.0353245 -0.564081 -0.564915 -0.0206416 0.824891 1.17251 2.38555 -0.891255</i>
                        <i>0.0169132 0.999128 0.038168 -0.824949 0.0355137 -0.56409 -0.564954 -0.0219461 0.82483 1.17247 2.38555 -0.891193</i>
                        <i>0.0164339 0.9991 0.0391109 -0.824943 0.0356512 -0.56409 -0.564977 -0.0229941 0.824786 1.17239 2.38557 -0.891061</i>
                        <i>0.0160492 0.999077 0.0398331 -0.824945 0.0357418 -0.564082 -0.564985 -0.023807 0.824758 1.17229 2.3856 -0.890866</i>
                        <i>0.0157509 0.999061 0.0403546 -0.824954 0.03579 -0.564065 -0.56498 -0.0244062 0.824744 1.17216 2.38564 -0.890617</i>
                        <i>0.0155309 0.999051 0.0406957 -0.82497 0.0358006 -0.564042 -0.564964 -0.0248126 0.824743 1.17202 2.38569 -0.890323</i>
                        <i>0.0153812 0.999046 0.0408763 -0.82499 0.0357782 -0.564014 -0.564938 -0.0250473 0.824753 1.17186 2.38574 -0.889992</i>
                        <i>0.0152934 0.999046 0.0409165 -0.825015 0.0357275 -0.563981 -0.564904 -0.0251315 0.824773 1.17168 2.38581 -0.889632</i>
                        <i>0.0152596 0.999049 0.0408364 -0.825042 0.0356532 -0.563945 -0.564865 -0.0250862 0.824802 1.1715 2.38587 -0.889252</i>
                        <i>0.0152717 0.999057 0.0406561 -0.825072 0.03556 -0.563908 -0.564821 -0.0249323 0.824837 1.17132 2.38594 -0.888861</i>
                        <i>0.0153214 0.999066 0.0403957 -0.825103 0.0354527 -0.563869 -0.564775 -0.0246913 0.824876 1.17114 2.386 -0.888466</i>
                        <i>0.0154007 0.999078 0.0400755 -0.825134 0.0353361 -0.563831 -0.564727 -0.0243842 0.824917 1.17095 2.38607 -0.888077</i>
                        <i>0.0155015 0.999091 0.0397159 -0.825164 0.0352148 -0.563794 -0.56468 -0.0240325 0.82496 1.17078 2.38613 -0.887702</i>
                        <i>0.0156154 0.999104 0.0393373 -0.825193 0.0350939 -0.563759 -0.564635 -0.0236575 0.825002 1.17062 2.38619 -0.887349</i>
                        <i>0.0157344 0.999117 0.0389602 -0.82522 0.0349782 -0.563727 -0.564592 -0.0232808 0.825041 1.17047 2.38624 -0.887026</i>
                        <i>0.0158502 0.999129 0.0386054 -0.825243 0.0348725 -0.5637 -0.564555 -0.0229241 0.825077 1.17034 2.38629 -0.886744</i>
                        <i>0.0159546 0.999139 0.0382934 -0.825263 0.0347818 -0.563677 -0.564523 -0.0226089 0.825107 1.17023 2.38633 -0.886509</i>
                        <i>0.0160393 0.999147 0.038045 -0.825278 0.0347109 -0.563659 -0.564499 -0.022357 0.825131 1.17015 2.38636 -0.88633</i>
                        <i>0.0160962 0.999153 0.0378807 -0.825287 0.0346648 -0.563648 -0.564484 -0.0221899 0.825146 1.1701 2.38638 -0.886217</i>
                        <i>0.016117 0.999155 0.0378214 -0.825291 0.0346483 -0.563644 -0.564478 -0.0221294 0.825151 1.17008 2.38638 -0.886177</i>
                    </KeyFrames>
                </p>
            </i>
            <i>
                <p>
                    <Name><![CDATA[spine2]]></Name>
                    <Exclude>0</Exclude>
                    <Additive>0</Additive>
                    <IKPriority>0</IKPriority>
                    <IKRotLimits>-1e+010 -1e+010 -1e+010 1e+010 1e+010 1e+010</IKRotLimits>
                    <IKRotLimitOrder>0</IKRotLimitOrder>
                    <KeyFrames count="60">
                        <i>-0.157075 0.967391 0.198702 -0.692715 0.0354816 -0.720338 -0.703899 -0.250791 0.664553 1.17244 2.54505 -0.880259</i>
                        <i>-0.156963 0.967473 0.198388 -0.69271 0.0353281 -0.720351 -0.703929 -0.250494 0.664633 1.17244 2.54505 -0.88024</i>
                        <i>-0.156649 0.967705 0.197504 -0.692695 0.0348957 -0.720386 -0.704013 -0.249658 0.664858 1.17242 2.54507 -0.880192</i>
                        <i>-0.156166 0.968061 0.196137 -0.692672 0.034226 -0.72044 -0.704143 -0.248367 0.665204 1.17241 2.54508 -0.880121</i>
                        <i>-0.155546 0.968517 0.194374 -0.692643 0.0333605 -0.720509 -0.704309 -0.246704 0.665647 1.17239 2.54511 -0.880037</i>
                        <i>-0.154821 0.969046 0.192301 -0.692608 0.0323408 -0.720589 -0.704503 -0.244752 0.666162 1.17237 2.54513 -0.879948</i>
                        <i>-0.154025 0.969626 0.190007 -0.692569 0.0312088 -0.720676 -0.704716 -0.242595 0.666726 1.17236 2.54516 -0.879864</i>
                        <i>-0.15319 0.97023 0.187581 -0.692527 0.0300072 -0.720767 -0.704939 -0.240319 0.667314 1.17235 2.54519 -0.879793</i>
                        <i>-0.15235 0.970836 0.185112 -0.692485 0.0287789 -0.720858 -0.705163 -0.238011 0.667905 1.17236 2.54522 -0.879744</i>
                        <i>-0.151541 0.97142 0.182695 -0.692443 0.0275677 -0.720946 -0.705378 -0.235759 0.668475 1.17239 2.54524 -0.879726</i>
                        <i>-0.150798 0.971961 0.180423 -0.692404 0.0264177 -0.721027 -0.705576 -0.233655 0.669005 1.17243 2.54526 -0.879748</i>
                        <i>-0.150155 0.972435 0.17839 -0.692369 0.0253734 -0.721097 -0.705747 -0.231788 0.669474 1.17249 2.54528 -0.879821</i>
                        <i>-0.149649 0.972823 0.176693 -0.692342 0.0244798 -0.721154 -0.705881 -0.230253 0.669863 1.17258 2.54529 -0.879952</i>
                        <i>-0.149316 0.973103 0.175428 -0.692325 0.0237817 -0.721194 -0.705968 -0.229139 0.670152 1.1727 2.5453 -0.880152</i>
                        <i>-0.149192 0.973255 0.174689 -0.692319 0.0233238 -0.721215 -0.706 -0.22854 0.670323 1.17286 2.5453 -0.880429</i>
                        <i>-0.14922 0.973314 0.174339 -0.692322 0.0230439 -0.721221 -0.705992 -0.228319 0.670408 1.17303 2.54529 -0.880762</i>
                        <i>-0.149318 0.973328 0.174172 -0.692329 0.0228482 -0.72122 -0.705964 -0.228276 0.670452 1.17322 2.54528 -0.881118</i>
                        <i>-0.149482 0.973302 0.174178 -0.69234 0.0227339 -0.721213 -0.705918 -0.228399 0.670458 1.17341 2.54526 -0.881492</i>
                        <i>-0.149707 0.973237 0.17435 -0.692355 0.0226982 -0.7212 -0.705856 -0.22868 0.670427 1.17361 2.54525 -0.88188</i>
                        <i>-0.149987 0.973135 0.174677 -0.692373 0.0227381 -0.721182 -0.705779 -0.229109 0.670362 1.17381 2.54523 -0.882277</i>
                        <i>-0.150316 0.972999 0.175151 -0.692394 0.0228506 -0.721158 -0.705688 -0.229676 0.670264 1.174 2.54521 -0.882678</i>
                        <i>-0.150691 0.972831 0.175764 -0.692418 0.0230328 -0.721129 -0.705585 -0.23037 0.670134 1.1742 2.54518 -0.883077</i>
                        <i>-0.151106 0.972632 0.176505 -0.692444 0.0232818 -0.721096 -0.705471 -0.231182 0.669975 1.17439 2.54516 -0.883472</i>
                        <i>-0.151556 0.972405 0.177367 -0.692471 0.0235946 -0.721059 -0.705347 -0.232103 0.669787 1.17458 2.54514 -0.883855</i>
                        <i>-0.152036 0.972152 0.178339 -0.692501 0.0239682 -0.721019 -0.705215 -0.233121 0.669572 1.17476 2.54511 -0.884224</i>
                        <i>-0.152541 0.971875 0.179414 -0.692531 0.0243998 -0.720975 -0.705076 -0.234228 0.669332 1.17492 2.54508 -0.884572</i>
                        <i>-0.153066 0.971577 0.180582 -0.692562 0.0248864 -0.720929 -0.704931 -0.235414 0.669068 1.17507 2.54506 -0.884895</i>
                        <i>-0.153605 0.971258 0.181834 -0.692594 0.0254252 -0.72088 -0.704783 -0.236668 0.668782 1.1752 2.54503 -0.885188</i>
                        <i>-0.154155 0.970921 0.183163 -0.692625 0.0260135 -0.720828 -0.704632 -0.237982 0.668474 1.17532 2.54501 -0.885447</i>
                        <i>-0.15471 0.970568 0.184558 -0.692656 0.0266485 -0.720776 -0.70448 -0.239347 0.668147 1.17541 2.54498 -0.885667</i>
                        <i>-0.155265 0.970203 0.186008 -0.692686 0.0273241 -0.720721 -0.704329 -0.240747 0.667804 1.17549 2.54496 -0.885844</i>
                        <i>-0.155812 0.96983 0.187489 -0.692715 0.0280295 -0.720667 -0.704179 -0.242166 0.667448 1.17554 2.54494 -0.885981</i>
                        <i>-0.156347 0.969454 0.188983 -0.692742 0.028754 -0.720612 -0.704034 -0.243582 0.667086 1.17556 2.54492 -0.886077</i>
                        <i>-0.156861 0.96908 0.190469 -0.692768 0.0294876 -0.720558 -0.703895 -0.244978 0.666722 1.17557 2.5449 -0.886132</i>
                        <i>-0.157349 0.968713 0.191927 -0.692791 0.03022 -0.720505 -0.703763 -0.246337 0.66636 1.17556 2.54488 -0.886148</i>
                        <i>-0.157805 0.968358 0.193338 -0.692812 0.030941 -0.720454 -0.70364 -0.247639 0.666007 1.17553 2.54487 -0.886125</i>
                        <i>-0.158223 0.968021 0.194682 -0.69283 0.0316406 -0.720406 -0.703528 -0.248866 0.665668 1.17548 2.54485 -0.886063</i>
                        <i>-0.158595 0.967706 0.19594 -0.692845 0.0323088 -0.720362 -0.703429 -0.250002 0.665347 1.17541 2.54484 -0.885963</i>
                        <i>-0.158917 0.967419 0.197092 -0.692858 0.0329355 -0.720322 -0.703344 -0.251028 0.66505 1.17532 2.54484 -0.885825</i>
                        <i>-0.159182 0.967166 0.198119 -0.692867 0.0335109 -0.720286 -0.703276 -0.251927 0.664783 1.17522 2.54484 -0.88565</i>
                        <i>-0.159379 0.966955 0.198989 -0.692872 0.0340182 -0.720257 -0.703226 -0.252668 0.664555 1.1751 2.54484 -0.885436</i>
                        <i>-0.159504 0.96679 0.199689 -0.692874 0.0344512 -0.720235 -0.703196 -0.25324 0.664369 1.17496 2.54484 -0.885185</i>
                        <i>-0.159564 0.966667 0.200234 -0.692873 0.0348152 -0.720219 -0.703183 -0.253657 0.664222 1.17481 2.54485 -0.884903</i>
                        <i>-0.159566 0.966584 0.200636 -0.692869 0.0351155 -0.720208 -0.703187 -0.253935 0.664112 1.17464 2.54486 -0.884594</i>
                        <i>-0.159516 0.966535 0.200911 -0.692862 0.0353573 -0.720203 -0.703205 -0.254087 0.664035 1.17447 2.54487 -0.884264</i>
                        <i>-0.159421 0.966517 0.20107 -0.692854 0.0355458 -0.720202 -0.703235 -0.254128 0.663988 1.17429 2.54488 -0.883917</i>
                        <i>-0.159288 0.966527 0.201128 -0.692843 0.035686 -0.720205 -0.703275 -0.25407 0.663968 1.17411 2.5449 -0.883559</i>
                        <i>-0.159123 0.966561 0.201097 -0.692832 0.0357832 -0.720211 -0.703323 -0.253929 0.66397 1.17392 2.54491 -0.883196</i>
                        <i>-0.158933 0.966614 0.200991 -0.69282 0.0358423 -0.72022 -0.703378 -0.253717 0.663993 1.17373 2.54493 -0.882832</i>
                        <i>-0.158724 0.966684 0.200823 -0.692807 0.0358687 -0.720231 -0.703439 -0.253449 0.664032 1.17355 2.54494 -0.882472</i>
                        <i>-0.158503 0.966765 0.200605 -0.692793 0.0358673 -0.720244 -0.703501 -0.253139 0.664083 1.17337 2.54496 -0.882122</i>
                        <i>-0.158276 0.966854 0.200353 -0.69278 0.0358435 -0.720257 -0.703565 -0.2528 0.664145 1.1732 2.54498 -0.881786</i>
                        <i>-0.15805 0.966948 0.200079 -0.692768 0.0358025 -0.720272 -0.703629 -0.252447 0.664212 1.17305 2.54499 -0.881471</i>
                        <i>-0.157833 0.967042 0.199797 -0.692755 0.0357496 -0.720286 -0.703689 -0.252095 0.664281 1.1729 2.54501 -0.88118</i>
                        <i>-0.15763 0.967132 0.19952 -0.692744 0.0356901 -0.7203 -0.703746 -0.251757 0.664349 1.17277 2.54502 -0.88092</i>
                        <i>-0.157448 0.967215 0.199262 -0.692734 0.0356294 -0.720312 -0.703796 -0.251448 0.664413 1.17266 2.54503 -0.880696</i>
                        <i>-0.157295 0.967286 0.199038 -0.692726 0.0355728 -0.720323 -0.703838 -0.251182 0.664469 1.17257 2.54504 -0.880513</i>
                        <i>-0.157177 0.967342 0.198861 -0.69272 0.0355257 -0.720331 -0.703871 -0.250974 0.664513 1.1725 2.54504 -0.880375</i>
                        <i>-0.157102 0.967378 0.198744 -0.692716 0.0354935 -0.720336 -0.703892 -0.250839 0.664542 1.17246 2.54505 -0.880289</i>
                        <i>-0.157075 0.967391 0.198702 -0.692715 0.0354816 -0.720338 -0.703899 -0.250791 0.664553 1.17244 2.54505 -0.880259</i>
                    </KeyFrames>
                </p>
            </i>
            <i>
                <p>
                    <Name><![CDATA[head]]></Name>
                    <Exclude>0</Exclude>
                    <Additive>0</Additive>
                    <IKPriority>0</IKPriority>
                    <IKRotLimits>-1e+010 -1e+010 -1e+010 1e+010 1e+010 1e+010</IKRotLimits>
                    <IKRotLimitOrder>0</IKRotLimitOrder>
                    <KeyFrames count="60">
                        <i>0.155779 0.929224 0.335077 0.540671 0.203681 -0.816204 -0.826684 0.308314 -0.470675 1.13206 2.79586 -0.83322</i>
                        <i>0.15487 0.928907 0.336373 0.540887 0.205194 -0.815682 -0.826714 0.308265 -0.470656 1.13207 2.79586 -0.833247</i>
                        <i>0.152392 0.928038 0.339885 0.541458 0.209302 -0.814258 -0.826801 0.30812 -0.470598 1.1321 2.79586 -0.833326</i>
                        <i>0.148717 0.926729 0.345045 0.542263 0.21536 -0.81214 -0.826943 0.307884 -0.470503 1.13214 2.79587 -0.833454</i>
                        <i>0.144221 0.925094 0.351285 0.543181 0.222723 -0.809536 -0.827136 0.307564 -0.470372 1.1322 2.79588 -0.833625</i>
                        <i>0.139278 0.923258 0.358044 0.544099 0.230749 -0.806666 -0.82738 0.307163 -0.470206 1.13227 2.79588 -0.833837</i>
                        <i>0.134268 0.921368 0.364764 0.544916 0.238797 -0.803767 -0.82767 0.306686 -0.470006 1.13236 2.79589 -0.834086</i>
                        <i>0.129572 0.91959 0.370897 0.545544 0.246236 -0.801093 -0.828005 0.30614 -0.469772 1.13246 2.79591 -0.834367</i>
                        <i>0.125571 0.918112 0.375902 0.545908 0.252434 -0.798913 -0.828382 0.305528 -0.469506 1.13256 2.79592 -0.834678</i>
                        <i>0.122649 0.917133 0.379242 0.545941 0.256767 -0.797508 -0.828798 0.304857 -0.469208 1.13268 2.79593 -0.835013</i>
                        <i>0.120446 0.916506 0.381457 0.545744 0.259848 -0.796644 -0.82925 0.30413 -0.468881 1.1328 2.79595 -0.835369</i>
                        <i>0.118353 0.915947 0.383448 0.545463 0.26271 -0.795898 -0.829736 0.303354 -0.468523 1.13293 2.79596 -0.835743</i>
                        <i>0.116372 0.915457 0.385223 0.545102 0.265354 -0.795268 -0.830254 0.302533 -0.468137 1.13306 2.79597 -0.83613</i>
                        <i>0.114505 0.915033 0.386785 0.544665 0.267784 -0.794752 -0.8308 0.301672 -0.467724 1.1332 2.79599 -0.836527</i>
                        <i>0.112754 0.914677 0.388141 0.544158 0.270001 -0.79435 -0.831372 0.300776 -0.467285 1.13334 2.796 -0.83693</i>
                        <i>0.11112 0.914386 0.389295 0.543583 0.272007 -0.794059 -0.831967 0.29985 -0.466819 1.13348 2.79602 -0.837335</i>
                        <i>0.109606 0.914161 0.390252 0.542947 0.273805 -0.793876 -0.832583 0.2989 -0.46633 1.13362 2.79603 -0.837737</i>
                        <i>0.108213 0.913999 0.391018 0.542253 0.275396 -0.7938 -0.833218 0.297931 -0.465817 1.13376 2.79604 -0.838134</i>
                        <i>0.106943 0.9139 0.391598 0.541505 0.276783 -0.793828 -0.833868 0.296947 -0.465282 1.13389 2.79605 -0.838521</i>
                        <i>0.105796 0.913863 0.391996 0.540708 0.277967 -0.793958 -0.834531 0.295953 -0.464726 1.13402 2.79607 -0.838895</i>
                        <i>0.104775 0.913886 0.392217 0.539867 0.27895 -0.794186 -0.835204 0.294956 -0.46415 1.13414 2.79608 -0.839252</i>
