<?xml version="1.0" encoding="ISO-8859-1" ?>
<Animl Version="1">
    <ModellingPackage><![CDATA[Maya.2010]]></ModellingPackage>
    <SrcFile><![CDATA[anims\turrets\antitank\red\~src\at_rpg7\at_rpg7_aim_high_crewman_c.mb]]></SrcFile>
    <FramesPerSecond>30</FramesPerSecond>
    <TotalFrames>30</TotalFrames>
    <Skeleton>
        <RefFrame>
            <Name><![CDATA[soldier_ref_frame]]></Name>
            <Exclude>0</Exclude>
            <Additive>0</Additive>
            <IKPriority>0</IKPriority>
            <IKRotLimits>-1e+010 -1e+010 -1e+010 1e+010 1e+010 1e+010</IKRotLimits>
            <IKRotLimitOrder>0</IKRotLimitOrder>
            <KeyFrames count="30">
                <i>1 0 0 0 1 0 0 0 1 -0.53 0.87 -0.03</i>
                <i>1 0 0 0 1 0 0 0 1 -0.53 0.87 -0.03</i>
                <i>1 0 0 0 1 0 0 0 1 -0.53 0.87 -0.03</i>
                <i>1 0 0 0 1 0 0 0 1 -0.53 0.87 -0.03</i>
                <i>1 0 0 0 1 0 0 0 1 -0.53 0.87 -0.03</i>
                <i>1 0 0 0 1 0 0 0 1 -0.53 0.87 -0.03</i>
                <i>1 0 0 0 1 0 0 0 1 -0.53 0.87 -0.03</i>
                <i>1 0 0 0 1 0 0 0 1 -0.53 0.87 -0.03</i>
                <i>1 0 0 0 1 0 0 0 1 -0.53 0.87 -0.03</i>
                <i>1 0 0 0 1 0 0 0 1 -0.53 0.87 -0.03</i>
                <i>1 0 0 0 1 0 0 0 1 -0.53 0.87 -0.03</i>
                <i>1 0 0 0 1 0 0 0 1 -0.53 0.87 -0.03</i>
                <i>1 0 0 0 1 0 0 0 1 -0.53 0.87 -0.03</i>
                <i>1 0 0 0 1 0 0 0 1 -0.53 0.87 -0.03</i>
                <i>1 0 0 0 1 0 0 0 1 -0.53 0.87 -0.03</i>
                <i>1 0 0 0 1 0 0 0 1 -0.53 0.87 -0.03</i>
                <i>1 0 0 0 1 0 0 0 1 -0.53 0.87 -0.03</i>
                <i>1 0 0 0 1 0 0 0 1 -0.53 0.87 -0.03</i>
                <i>1 0 0 0 1 0 0 0 1 -0.53 0.87 -0.03</i>
                <i>1 0 0 0 1 0 0 0 1 -0.53 0.87 -0.03</i>
                <i>1 0 0 0 1 0 0 0 1 -0.53 0.87 -0.03</i>
                <i>1 0 0 0 1 0 0 0 1 -0.53 0.87 -0.03</i>
                <i>1 0 0 0 1 0 0 0 1 -0.53 0.87 -0.03</i>
                <i>1 0 0 0 1 0 0 0 1 -0.53 0.87 -0.03</i>
                <i>1 0 0 0 1 0 0 0 1 -0.53 0.87 -0.03</i>
                <i>1 0 0 0 1 0 0 0 1 -0.53 0.87 -0.03</i>
                <i>1 0 0 0 1 0 0 0 1 -0.53 0.87 -0.03</i>
                <i>1 0 0 0 1 0 0 0 1 -0.53 0.87 -0.03</i>
                <i>1 0 0 0 1 0 0 0 1 -0.53 0.87 -0.03</i>
                <i>1 0 0 0 1 0 0 0 1 -0.53 0.87 -0.03</i>
            </KeyFrames>
        </RefFrame>
        <Bones count="23">
            <i>
                <p>
                    <Name><![CDATA[pelvis]]></Name>
                    <Exclude>0</Exclude>
                    <Additive>0</Additive>
                    <IKPriority>0</IKPriority>
                    <IKRotLimits>-1e+010 -1e+010 -1e+010 1e+010 1e+010 1e+010</IKRotLimits>
                    <IKRotLimitOrder>2</IKRotLimitOrder>
                    <KeyFrames count="30">
                        <i>1 0 0 0 1 0 0 0 1 -0.463214 1.55846 -0.0346948</i>
                        <i>1 0 0 0 1 0 0 0 1 -0.463214 1.55829 -0.0346948</i>
                        <i>1 0 0 0 1 0 0 0 1 -0.463214 1.5578 -0.0346948</i>
                        <i>1 0 0 0 1 0 0 0 1 -0.463214 1.55704 -0.0346948</i>
                        <i>1 0 0 0 1 0 0 0 1 -0.463214 1.55606 -0.0346948</i>
                        <i>1 0 0 0 1 0 0 0 1 -0.463214 1.55492 -0.0346948</i>
                        <i>1 0 0 0 1 0 0 0 1 -0.463214 1.55368 -0.0346948</i>
                        <i>1 0 0 0 1 0 0 0 1 -0.463214 1.55238 -0.0346948</i>
                        <i>1 0 0 0 1 0 0 0 1 -0.463214 1.55107 -0.0346948</i>
                        <i>1 0 0 0 1 0 0 0 1 -0.463214 1.54983 -0.0346948</i>
                        <i>1 0 0 0 1 0 0 0 1 -0.463214 1.54868 -0.0346948</i>
                        <i>1 0 0 0 1 0 0 0 1 -0.463214 1.5477 -0.0346948</i>
                        <i>1 0 0 0 1 0 0 0 1 -0.463214 1.54693 -0.0346948</i>
                        <i>1 0 0 0 1 0 0 0 1 -0.463214 1.54643 -0.0346948</i>
                        <i>1 0 0 0 1 0 0 0 1 -0.463214 1.54626 -0.0346948</i>
                        <i>1 0 0 0 1 0 0 0 1 -0.463214 1.54641 -0.0346948</i>
                        <i>1 0 0 0 1 0 0 0 1 -0.463214 1.54684 -0.0346948</i>
                        <i>1 0 0 0 1 0 0 0 1 -0.463214 1.54752 -0.0346948</i>
                        <i>1 0 0 0 1 0 0 0 1 -0.463214 1.54838 -0.0346948</i>
                        <i>1 0 0 0 1 0 0 0 1 -0.463214 1.5494 -0.0346948</i>
                        <i>1 0 0 0 1 0 0 0 1 -0.463214 1.55052 -0.0346948</i>
                        <i>1 0 0 0 1 0 0 0 1 -0.463214 1.55171 -0.0346948</i>
                        <i>1 0 0 0 1 0 0 0 1 -0.463214 1.55293 -0.0346948</i>
                        <i>1 0 0 0 1 0 0 0 1 -0.463214 1.55412 -0.0346948</i>
                        <i>1 0 0 0 1 0 0 0 1 -0.463214 1.55525 -0.0346948</i>
                        <i>1 0 0 0 1 0 0 0 1 -0.463214 1.55628 -0.0346948</i>
                        <i>1 0 0 0 1 0 0 0 1 -0.463214 1.55715 -0.0346948</i>
                        <i>1 0 0 0 1 0 0 0 1 -0.463214 1.55784 -0.0346948</i>
                        <i>1 0 0 0 1 0 0 0 1 -0.463214 1.55829 -0.0346948</i>
                        <i>1 0 0 0 1 0 0 0 1 -0.463214 1.55846 -0.0346948</i>
                    </KeyFrames>
                </p>
            </i>
            <i>
                <p>
                    <Name><![CDATA[spine0]]></Name>
                    <Exclude>0</Exclude>
                    <Additive>0</Additive>
                    <IKPriority>0</IKPriority>
                    <IKRotLimits>-1e+010 -1e+010 -1e+010 1e+010 1e+010 1e+010</IKRotLimits>
                    <IKRotLimitOrder>0</IKRotLimitOrder>
                    <KeyFrames count="30">
                        <i>-0.0908398 0.9236 0.37244 -0.995574 -0.093274 -0.0115184 0.0241006 -0.371838 0.927985 -0.484507 1.69595 -0.0712703</i>
                        <i>-0.0908016 0.92266 0.374771 -0.995572 -0.0932976 -0.0115203 0.0243359 -0.374158 0.927046 -0.484507 1.69579 -0.0712703</i>
                        <i>-0.0908479 0.921958 0.376484 -0.995563 -0.0933931 -0.0115283 0.0245324 -0.375861 0.926351 -0.484507 1.69529 -0.0712703</i>
                        <i>-0.0909612 0.921477 0.377632 -0.995548 -0.0935434 -0.0115409 0.0246903 -0.377001 0.925884 -0.484507 1.69453 -0.0712703</i>
                        <i>-0.0911243 0.921198 0.378273 -0.99553 -0.0937316 -0.0115567 0.0248101 -0.377635 0.925622 -0.484507 1.69356 -0.0712703</i>
                        <i>-0.0913199 0.921101 0.378463 -0.99551 -0.0939413 -0.0115743 0.0248922 -0.377821 0.925544 -0.484507 1.69242 -0.0712703</i>
                        <i>-0.0915314 0.921163 0.378261 -0.99549 -0.0941567 -0.0115923 0.0249374 -0.377616 0.925626 -0.484507 1.69117 -0.0712703</i>
                        <i>-0.0917432 0.921363 0.377721 -0.99547 -0.0943628 -0.0116096 0.0249462 -0.377075 0.925847 -0.484507 1.68987 -0.0712703</i>
                        <i>-0.0919404 0.921682 0.376894 -0.995453 -0.0945456 -0.0116249 0.0249192 -0.376249 0.926183 -0.484507 1.68857 -0.0712703</i>
                        <i>-0.0921089 0.9221 0.375828 -0.995439 -0.0946916 -0.0116372 0.0248571 -0.375186 0.926616 -0.484507 1.68732 -0.0712703</i>
                        <i>-0.0922353 0.922601 0.374566 -0.995429 -0.0947883 -0.0116453 0.0247606 -0.373928 0.927127 -0.484507 1.68618 -0.0712703</i>
                        <i>-0.0923146 0.923104 0.373306 -0.995425 -0.0948361 -0.0116493 0.0246494 -0.372674 0.927635 -0.484507 1.6852 -0.0712703</i>
                        <i>-0.0923593 0.923596 0.372076 -0.995424 -0.0948486 -0.0116503 0.0245307 -0.371449 0.928129 -0.484507 1.68443 -0.0712703</i>
                        <i>-0.0923809 0.924151 0.37069 -0.995425 -0.0948331 -0.011649 0.0243883 -0.37007 0.928684 -0.484507 1.68393 -0.0712703</i>
                        <i>-0.092381 0.924741 0.369216 -0.995429 -0.0947931 -0.0116457 0.0242299 -0.368604 0.929271 -0.484507 1.68375 -0.0712703</i>
                        <i>-0.0923612 0.925338 0.367723 -0.995435 -0.0947319 -0.0116405 0.0240636 -0.367119 0.929863 -0.484507 1.68391 -0.0712703</i>
                        <i>-0.0923223 0.925914 0.366278 -0.995442 -0.0946527 -0.0116339 0.0238972 -0.365683 0.930433 -0.484507 1.68434 -0.0712703</i>
                        <i>-0.0922652 0.926443 0.364954 -0.995451 -0.094558 -0.011626 0.0237385 -0.364366 0.930953 -0.484507 1.68501 -0.0712703</i>
                        <i>-0.0921905 0.926896 0.363819 -0.995462 -0.0944504 -0.0116169 0.0235952 -0.363239 0.931397 -0.484507 1.68588 -0.0712703</i>
                        <i>-0.0920987 0.927247 0.362948 -0.995473 -0.094332 -0.011607 0.023475 -0.362374 0.931737 -0.484507 1.68689 -0.0712703</i>
                        <i>-0.0919902 0.927468 0.36241 -0.995485 -0.0942051 -0.0115964 0.0233856 -0.361841 0.931946 -0.484507 1.68802 -0.0712703</i>
                        <i>-0.0918703 0.927585 0.36214 -0.995498 -0.0940735 -0.0115854 0.0233214 -0.361574 0.932052 -0.484507 1.68921 -0.0712703</i>
                        <i>-0.0917449 0.927627 0.362064 -0.99551 -0.0939412 -0.0115743 0.0232761 -0.3615 0.932081 -0.484507 1.69042 -0.0712703</i>
                        <i>-0.0916152 0.927569 0.362247 -0.995523 -0.0938111 -0.0115634 0.0232569 -0.361684 0.93201 -0.484507 1.69162 -0.0712703</i>
                        <i>-0.0914824 0.927383 0.362755 -0.995535 -0.0936862 -0.0115529 0.0232712 -0.362192 0.931813 -0.484507 1.69275 -0.0712703</i>
                        <i>-0.0913482 0.927045 0.363653 -0.995546 -0.09357 -0.0115432 0.023326 -0.363088 0.931463 -0.484507 1.69377 -0.0712703</i>
                        <i>-0.0912143 0.926525 0.365008 -0.995556 -0.0934661 -0.0115345 0.0234289 -0.364437 0.930933 -0.484507 1.69465 -0.0712703</i>
                        <i>-0.091083 0.925798 0.366881 -0.995564 -0.0933788 -0.0115271 0.0235871 -0.366304 0.930196 -0.484507 1.69533 -0.0712703</i>
                        <i>-0.0909571 0.924833 0.369338 -0.99557 -0.0933128 -0.0115216 0.0238084 -0.36875 0.929224 -0.484507 1.69578 -0.0712703</i>
                        <i>-0.0908398 0.9236 0.37244 -0.995574 -0.093274 -0.0115184 0.0241006 -0.371838 0.927985 -0.484507 1.69595 -0.0712703</i>
                    </KeyFrames>
                </p>
            </i>
            <i>
                <p>
                    <Name><![CDATA[spine1]]></Name>
                    <Exclude>0</Exclude>
                    <Additive>0</Additive>
                    <IKPriority>0</IKPriority>
                    <IKRotLimits>-1e+010 -1e+010 -1e+010 1e+010 1e+010 1e+010</IKRotLimits>
                    <IKRotLimitOrder>0</IKRotLimitOrder>
                    <KeyFrames count="30">
                        <i>0.092588 0.586099 0.804932 -0.994923 0.0864789 0.0514737 -0.039441 -0.805611 0.59113 -0.502451 1.87842 0.00213886</i>
                        <i>0.0926824 0.581134 0.808513 -0.994904 0.0864201 0.0519329 -0.0396917 -0.809206 0.586183 -0.502449 1.87813 0.0026223</i>
                        <i>0.0927842 0.577786 0.810898 -0.994897 0.086225 0.0524002 -0.0396436 -0.811621 0.582837 -0.502455 1.87747 0.00294842</i>
                        <i>0.0928896 0.575887 0.812235 -0.994899 0.0859238 0.0528583 -0.0393499 -0.813001 0.58093 -0.502468 1.87651 0.00313399</i>
                        <i>0.0929938 0.575268 0.812662 -0.994908 0.0855479 0.0532907 -0.0388651 -0.813479 0.580294 -0.502484 1.87532 0.00319703</i>
                        <i>0.093092 0.575755 0.812306 -0.994923 0.0851292 0.0536815 -0.0382435 -0.813179 0.580756 -0.502504 1.87397 0.00315598</i>
                        <i>0.0931788 0.577168 0.811292 -0.994941 0.0846988 0.0540151 -0.0375396 -0.812221 0.582141 -0.502524 1.87252 0.00302909</i>
                        <i>0.0932491 0.579329 0.809742 -0.994962 0.0842868 0.0542759 -0.0368069 -0.810724 0.58427 -0.502544 1.87103 0.002834</i>
                        <i>0.0932977 0.582055 0.807779 -0.994984 0.0839219 0.0544486 -0.0360983 -0.808807 0.586965 -0.502562 1.86959 0.00258741</i>
                        <i>0.0933199 0.585162 0.805529 -0.995004 0.0836317 0.0545177 -0.035466 -0.806592 0.590044 -0.502577 1.86824 0.00230515</i>
                        <i>0.0933115 0.588468 0.803118 -0.995023 0.0834424 0.0544675 -0.0349617 -0.804203 0.593325 -0.502587 1.86705 0.00200196</i>
                        <i>0.0932782 0.591648 0.800782 -0.995038 0.0833545 0.0543204 -0.0346102 -0.801875 0.596488 -0.502594 1.86608 0.00171954</i>
                        <i>0.0932277 0.594698 0.798525 -0.995051 0.0833408 0.0541044 -0.034374 -0.799618 0.599525 -0.502598 1.86536 0.00145822</i>
                        <i>0.0931593 0.597875 0.796157 -0.995063 0.0833864 0.0538144 -0.0342144 -0.79724 0.602692 -0.502599 1.86494 0.00117555</i>
                        <i>0.093078 0.601045 0.793777 -0.995074 0.0834839 0.0534682 -0.0341308 -0.794843 0.605854 -0.502598 1.86487 0.000884059</i>
                        <i>0.0929883 0.604074 0.791485 -0.995082 0.0836259 0.0530836 -0.0341222 -0.792529 0.608879 -0.502596 1.86515 0.000596513</i>
                        <i>0.0928948 0.606832 0.789383 -0.995089 0.0838051 0.0526778 -0.0341877 -0.7904 0.611637 -0.502591 1.86573 0.000326023</i>
                        <i>0.0928016 0.609191 0.787575 -0.995093 0.0840146 0.0522684 -0.0343264 -0.788561 0.613998 -0.502585 1.86656 8.59648e-005</i>
                        <i>0.0927128 0.611025 0.786164 -0.995094 0.0842478 0.0518727 -0.034537 -0.787116 0.615838 -0.502577 1.86758 -0.000109884</i>
                        <i>0.092632 0.612207 0.785253 -0.995091 0.084498 0.0515083 -0.0348185 -0.786169 0.617029 -0.502568 1.86875 -0.000247474</i>
                        <i>0.0925625 0.612613 0.784944 -0.995086 0.0847589 0.0511925 -0.0351698 -0.785825 0.617448 -0.502557 1.87002 -0.000312452</i>
                        <i>0.0925028 0.612422 0.7851 -0.995077 0.0850239 0.0509195 -0.035568 -0.785945 0.617272 -0.502545 1.87136 -0.000320364</i>
                        <i>0.0924511 0.611821 0.785575 -0.995067 0.0852861 0.0506829 -0.0359898 -0.786385 0.616687 -0.502533 1.8727 -0.000287883</i>
                        <i>0.0924105 0.610692 0.786457 -0.995054 0.0855388 0.0504993 -0.0364331 -0.787234 0.615577 -0.50252 1.87401 -0.000202179</i>
                        <i>0.0923843 0.608921 0.787833 -0.99504 0.0857755 0.0503858 -0.0368958 -0.78858 0.613825 -0.502507 1.87524 -5.03734e-005</i>
                        <i>0.0923758 0.606386 0.789786 -0.995023 0.0859895 0.0503593 -0.0373761 -0.790507 0.611311 -0.502495 1.87634 0.0001803</i>
                        <i>0.0923881 0.602967 0.792399 -0.995003 0.0861739 0.0504372 -0.0378721 -0.793099 0.607915 -0.502482 1.87726 0.000502517</i>
                        <i>0.0924249 0.598535 0.795747 -0.99498 0.0863218 0.0506369 -0.0383824 -0.796432 0.603509 -0.502471 1.87795 0.000928585</i>
                        <i>0.09249 0.592959 0.799903 -0.994953 0.086426 0.0509763 -0.0389056 -0.800581 0.59796 -0.50246 1.87835 0.00147032</i>
                        <i>0.092588 0.586099 0.804932 -0.994923 0.0864789 0.0514737 -0.039441 -0.805611 0.59113 -0.502451 1.87842 0.00213886</i>
                    </KeyFrames>
                </p>
            </i>
            <i>
                <p>
                    <Name><![CDATA[spine2]]></Name>
                    <Exclude>0</Exclude>
                    <Additive>0</Additive>
                    <IKPriority>0</IKPriority>
                    <IKRotLimits>-1e+010 -1e+010 -1e+010 1e+010 1e+010 1e+010</IKRotLimits>
                    <IKRotLimitOrder>0</IKRotLimitOrder>
                    <KeyFrames count="30">
                        <i>0.196038 0.29622 0.934785 -0.979714 0.0995912 0.173902 -0.0415832 -0.949913 0.309735 -0.485682 1.98433 0.148487</i>
                        <i>0.195939 0.289288 0.936974 -0.979742 0.0980836 0.174599 -0.0413923 -0.952204 0.302646 -0.485659 1.98316 0.149663</i>
                        <i>0.195972 0.285604 0.938097 -0.979756 0.0969223 0.175167 -0.0408941 -0.953434 0.298817 -0.485649 1.98187 0.150393</i>
                        <i>0.196113 0.284728 0.938334 -0.979759 0.0960854 0.175614 -0.0401579 -0.953781 0.297808 -0.485652 1.98051 0.150736</i>
                        <i>0.196335 0.28621 0.937836 -0.979751 0.0955508 0.175949 -0.0392525 -0.953391 0.299175 -0.485663 1.97912 0.150748</i>
                        <i>0.196613 0.289599 0.936737 -0.979735 0.0952958 0.176177 -0.0382464 -0.952392 0.302467 -0.485682 1.97775 0.150483</i>
                        <i>0.196923 0.29444 0.935161 -0.979713 0.095297 0.1763 -0.0372082 -0.950907 0.307233 -0.485705 1.97643 0.149997</i>
                        <i>0.197241 0.300279 0.933236 -0.979686 0.0955302 0.176321 -0.0362067 -0.949056 0.313021 -0.485732 1.97522 0.149344</i>
                        <i>0.197545 0.306659 0.931094 -0.979658 0.0959699 0.17624 -0.0353113 -0.946969 0.319379 -0.485759 1.97415 0.148575</i>
                        <i>0.197813 0.313127 0.928882 -0.979629 0.0965899 0.176059 -0.0345918 -0.944787 0.325855 -0.485786 1.97326 0.147742</i>
                        <i>0.198024 0.319231 0.926757 -0.979603 0.0973632 0.175778 -0.0341184 -0.942662 0.332 -0.48581 1.97259 0.146894</i>
                        <i>0.198168 0.324633 0.924848 -0.979582 0.0982209 0.175419 -0.0338927 -0.940726 0.337468 -0.485831 1.97215 0.146122</i>
                        <i>0.198262 0.329505 0.923103 -0.979565 0.0991365 0.175001 -0.0338494 -0.938935 0.342426 -0.485848 1.97195 0.145416</i>
                        <i>0.198324 0.334123 0.921428 -0.979548 0.100139 0.174522 -0.0339593 -0.937195 0.34715 -0.485864 1.97209 0.144687</i>
                        <i>0.198355 0.338343 0.91988 -0.979533 0.101183 0.174002 -0.0342045 -0.935567 0.351488 -0.485878 1.97258 0.143964</i>
                        <i>0.198355 0.342021 0.918519 -0.97952 0.102224 0.173464 -0.0345667 -0.934116 0.355293 -0.48589 1.97342 0.143277</i>
                        <i>0.198325 0.345014 0.917405 -0.97951 0.103218 0.172934 -0.0350277 -0.932905 0.358416 -0.4859 1.97452 0.142656</i>
                        <i>0.198265 0.347183 0.9166 -0.979503 0.104119 0.172434 -0.0355691 -0.932 0.36071 -0.485906 1.9758 0.142132</i>
                        <i>0.198174 0.348385 0.916163 -0.979499 0.104884 0.17199 -0.0361724 -0.931465 0.362028 -0.485908 1.9772 0.141737</i>
                        <i>0.198053 0.348479 0.916154 -0.9795 0.105471 0.171629 -0.036819 -0.931364 0.362224 -0.485905 1.97863 0.141505</i>
                        <i>0.197901 0.347323 0.916625 -0.979505 0.105836 0.171374 -0.0374901 -0.931754 0.361149 -0.485898 1.98004 0.141467</i>
                        <i>0.197728 0.345235 0.917451 -0.979514 0.106026 0.171206 -0.0381673 -0.932508 0.359126 -0.485886 1.98141 0.14158</i>
                        <i>0.197543 0.342545 0.918499 -0.979525 0.106089 0.171103 -0.0388323 -0.933492 0.356489 -0.485873 1.98272 0.141795</i>
                        <i>0.197349 0.339129 0.919807 -0.979539 0.105987 0.171087 -0.0394666 -0.93475 0.353106 -0.485856 1.9839 0.142141</i>
                        <i>0.197145 0.334861 0.921413 -0.979556 0.105678 0.171179 -0.0400514 -0.936323 0.348849 -0.485836 1.98489 0.142647</i>
                        <i>0.196933 0.329615 0.923348 -0.979577 0.105122 0.171399 -0.0405681 -0.938245 0.343585 -0.485813 1.98561 0.143339</i>
                        <i>0.196714 0.32326 0.925638 -0.979603 0.104277 0.171766 -0.0409981 -0.940547 0.33718 -0.485787 1.98599 0.144245</i>
                        <i>0.196491 0.315666 0.928303 -0.979634 0.103103 0.172296 -0.0413229 -0.943252 0.329497 -0.485756 1.98595 0.14539</i>
                        <i>0.196265 0.306699 0.931352 -0.979671 0.101556 0.173005 -0.041524 -0.946373 0.320396 -0.485721 1.98543 0.146797</i>
                        <i>0.196038 0.29622 0.934785 -0.979714 0.0995912 0.173902 -0.0415832 -0.949913 0.309735 -0.485682 1.98433 0.148487</i>
                    </KeyFrames>
                </p>
            </i>
            <i>
                <p>
                    <Name><![CDATA[head]]></Name>
                    <Exclude>0</Exclude>
                    <Additive>0</Additive>
                    <IKPriority>0</IKPriority>
                    <IKRotLimits>-1e+010 -1e+010 -1e+010 1e+010 1e+010 1e+010</IKRotLimits>
                    <IKRotLimitOrder>0</IKRotLimitOrder>
                    <KeyFrames count="30">
                        <i>0.0115409 0.966888 0.254939 0.0273231 0.254556 -0.966672 -0.99956 0.018122 -0.0234806 -0.42753 2.07172 0.399776</i>
                        <i>0.0111429 0.961251 0.275449 0.0274718 0.275068 -0.961032 -0.99956 0.0182758 -0.0233423 -0.427532 2.0686 0.401606</i>
                        <i>0.0102918 0.95551 0.294777 0.0272679 0.294415 -0.955289 -0.999575 0.0178696 -0.0230247 -0.427525 2.06634 0.402593</i>
                        <i>0.00910556 0.949814 0.312683 0.0267588 0.312352 -0.949589 -0.9996 0.0170136 -0.0225718 -0.427512 2.06484 0.402867</i>
                        <i>0.00769942 0.944323 0.32893 0.0259977 0.32864 -0.944097 -0.999632 0.0158205 -0.0220199 -0.427494 2.06401 0.402543</i>
                        <i>0.00618291 0.939208 0.343293 0.0250463 0.343046 -0.938985 -0.999667 0.0144039 -0.0214027 -0.427473 2.06376 0.401733</i>
                        <i>0.00465774 0.934647 0.355546 0.0239763 0.355343 -0.934428 -0.999702 0.012877 -0.0207543 -0.427452 2.06398 0.400544</i>
                        <i>0.00321701 0.930818 0.365468 0.0228693 0.365306 -0.930606 -0.999733 0.0113518 -0.020112 -0.427433 2.06457 0.399084</i>
                        <i>0.00194509 0.927894 0.37284 0.0218155 0.372712 -0.927691 -0.99976 0.00993813 -0.0195175 -0.427415 2.06544 0.397461</i>
                        <i>0.000918941 0.926036 0.377435 0.0209116 0.377335 -0.925841 -0.999781 0.00874359 -0.0190182 -0.427401 2.06649 0.395786</i>
                        <i>0.000210986 0.925387 0.379023 0.0202576 0.378941 -0.925199 -0.999795 0.00787329 -0.0186662 -0.427392 2.06762 0.394175</i>
                        <i>-0.000174815 0.92618 0.377082 0.019867 0.377011 -0.925996 -0.999803 0.0073296 -0.0184663 -0.427385 2.06873 0.392757</i>
                        <i>-0.000311978 0.928387 0.371614 0.019673 0.371548 -0.928205 -0.999807 0.0070212 -0.0183801 -0.427381 2.06993 0.391492</i>
                        <i>-0.000245095 0.931629 0.363411 0.0196519 0.363346 -0.931447 -0.999807 0.00691342 -0.0183973 -0.427379 2.07136 0.390258</i>
                        <i>6.66918e-006 0.935653 0.352921 0.0197861 0.352852 -0.93547 -0.999804 0.00698917 -0.0185106 -0.42738 2.07303 0.389096</i>
                        <i>0.000426543 0.94021 0.340594 0.0200559 0.340517 -0.940024 -0.999799 0.0072319 -0.0187115 -0.427384 2.07486 0.388052</i>
                        <i>0.000999001 0.945063 0.326887 0.0204402 0.326799 -0.944873 -0.999791 0.00762556 -0.0189908 -0.427389 2.07674 0.387171</i>
                        <i>0.00170901 0.949994 0.312264 0.0209172 0.312162 -0.949798 -0.99978 0.00815493 -0.0193377 -0.427397 2.07856 0.386499</i>
                        <i>0.00254134 0.954811 0.297203 0.0214652 0.297084 -0.95461 -0.999766 0.0088055 -0.0197402 -0.427406 2.0802 0.386085</i>
                        <i>0.00347983 0.959352 0.282189 0.0220631 0.282049 -0.959146 -0.99975 0.00956362 -0.0201848 -0.427416 2.08158 0.385976</i>
                        <i>0.004507 0.963487 0.267718 0.0226912 0.267553 -0.963276 -0.999732 0.0104163 -0.0206568 -0.427428 2.08256 0.386218</i>
                        <i>0.0055944 0.967256 0.253742 0.02332 0.253551 -0.967041 -0.999712 0.0113273 -0.0211379 -0.427441 2.08324 0.386723</i>
                        <i>0.00671081 0.970701 0.240198 0.0239223 0.239978 -0.970483 -0.999691 0.0122588 -0.021611 -0.427454 2.08369 0.387398</i>
                        <i>0.00781062 0.973533 0.228413 0.024492 0.228165 -0.973314 -0.999669 0.0131965 -0.0220617 -0.427467 2.08381 0.388281</i>
                        <i>0.00883946 0.975474 0.219937 0.0250307 0.219661 -0.975255 -0.999648 0.0141259 -0.0224751 -0.427479 2.0835 0.389408</i>
                        <i>0.00975902 0.976438 0.215577 0.0255391 0.215273 -0.97622 -0.999626 0.0150326 -0.0228365 -0.427491 2.08266 0.390813</i>
                        <i>0.0105297 0.976308 0.216129 0.0260199 0.2158 -0.976091 -0.999606 0.0159016 -0.0231312 -0.427503 2.08117 0.392527</i>
                        <i>0.0111109 0.974898 0.222376 0.0264766 0.222025 -0.974681 -0.999588 0.0167173 -0.0233451 -0.427513 2.07892 0.394579</i>
                        <i>0.0114617 0.97191 0.235074 0.0269114 0.234705 -0.971694 -0.999572 0.0174634 -0.0234653 -0.427522 2.07581 0.39699</i>
                        <i>0.0115409 0.966888 0.254939 0.0273231 0.254556 -0.966672 -0.99956 0.018122 -0.0234806 -0.42753 2.07172 0.399776</i>
                    </KeyFrames>
                </p>
            </i>
            <i>
                <p>
                    <Name><![CDATA[head_prop]]></Name>
                    <Exclude>0</Exclude>
                    <Additive>0</Additive>
                    <IKPriority>0</IKPriority>
                    <IKRotLimits>-1e+010 -1e+010 -1e+010 1e+010 1e+010 1e+010</IKRotLimits>
                    <IKRotLimitOrder>0</IKRotLimitOrder>
                    <KeyFrames count="30">
                        <i>0.99956 -0.018122 0.0234806 0.0115409 0.966888 0.254939 -0.0273231 -0.254556 0.966672 -0.423769 2.38684 0.482863</i>
                        <i>0.99956 -0.0182758 0.0233423 0.0111429 0.961251 0.275449 -0.0274718 -0.275068 0.961032 -0.4239 2.38188 0.491377</i>
                        <i>0.999575 -0.0178696 0.0230247 0.0102918 0.95551 0.294777 -0.0272679 -0.294415 0.955289 -0.424171 2.37775 0.498664</i>
                        <i>0.9996 -0.0170136 0.0225718 0.00910556 0.949814 0.312683 -0.0267588 -0.312352 0.949589 -0.424544 2.37439 0.504773</i>
                        <i>0.999632 -0.0158205 0.0220199 0.00769942 0.944323 0.32893 -0.0259977 -0.32864 0.944097 -0.424984 2.37178 0.509745</i>
                        <i>0.999667 -0.0144039 0.0214027 0.00618291 0.939208 0.343293 -0.0250463 -0.343046 0.938985 -0.425458 2.36986 0.513615</i>
                        <i>0.999702 -0.012877 0.0207543 0.00465774 0.934647 0.355546 -0.0239763 -0.355343 0.934428 -0.425934 2.36859 0.51642</i>
                        <i>0.999733 -0.0113518 0.020112 0.00321701 0.930818 0.365468 -0.0228693 -0.365306 0.930606 -0.426384 2.36793 0.518194</i>
                        <i>0.99976 -0.00993813 0.0195175 0.00194509 0.927894 0.37284 -0.0218155 -0.372712 0.927691 -0.426781 2.36785 0.518973</i>
                        <i>0.999781 -0.00874359 0.0190182 0.000918941 0.926036 0.377435 -0.0209116 -0.377335 0.925841 -0.427102 2.36829 0.518796</i>
                        <i>0.999795 -0.00787329 0.0186662 0.000210986 0.925387 0.379023 -0.0202576 -0.378941 0.925199 -0.427323 2.36921 0.517702</i>
                        <i>0.999803 -0.0073296 0.0184663 -0.000174815 0.92618 0.377082 -0.019867 -0.377011 0.925996 -0.427442 2.37058 0.515651</i>
                        <i>0.999807 -0.0070212 0.0183801 -0.000311978 0.928387 0.371614 -0.019673 -0.371548 0.928205 -0.427483 2.3725 0.512605</i>
                        <i>0.999807 -0.00691342 0.0183973 -0.000245095 0.931629 0.363411 -0.0196519 -0.363346 0.931447 -0.427459 2.37499 0.508697</i>
                        <i>0.999804 -0.00698917 0.0185106 6.66918e-006 0.935653 0.352921 -0.0197861 -0.352852 0.93547 -0.427378 2.37796 0.504116</i>
                        <i>0.999799 -0.0072319 0.0187115 0.000426543 0.94021 0.340594 -0.0200559 -0.340517 0.940024 -0.427245 2.38128 0.499055</i>
                        <i>0.999791 -0.00762556 0.0189908 0.000999001 0.945063 0.326887 -0.0204402 -0.326799 0.944873 -0.427064 2.38474 0.493706</i>
                        <i>0.99978 -0.00815493 0.0193377 0.00170901 0.949994 0.312264 -0.0209172 -0.312162 0.949798 -0.42684 2.38817 0.488269</i>
                        <i>0.999766 -0.0088055 0.0197402 0.00254134 0.954811 0.297203 -0.0214652 -0.297084 0.95461 -0.426577 2.39139 0.482947</i>
                        <i>0.99975 -0.00956362 0.0201848 0.00347983 0.959352 0.282189 -0.0220631 -0.282049 0.959146 -0.426282 2.39424 0.477944</i>
                        <i>0.999732 -0.0104163 0.0206568 0.004507 0.963487 0.267718 -0.0226912 -0.267553 0.963276 -0.425959 2.39657 0.47347</i>
                        <i>0.999712 -0.0113273 0.0211379 0.0055944 0.967256 0.253742 -0.02332 -0.253551 0.967041 -0.425617 2.39848 0.46942</i>
                        <i>0.999691 -0.0122588 0.021611 0.00671081 0.970701 0.240198 -0.0239223 -0.239978 0.970483 -0.425266 2.40005 0.465681</i>
                        <i>0.999669 -0.0131965 0.0220617 0.00781062 0.973533 0.228413 -0.024492 -0.228165 0.973314 -0.424921 2.4011 0.462723</i>
                        <i>0.999648 -0.0141259 0.0224751 0.00883946 0.975474 0.219937 -0.0250307 -0.219661 0.975255 -0.424599 2.40142 0.461087</i>
                        <i>0.999626 -0.0150326 0.0228365 0.00975902 0.976438 0.215577 -0.0255391 -0.215273 0.97622 -0.424311 2.40089 0.461071</i>
                        <i>0.999606 -0.0159016 0.0231312 0.0105297 0.976308 0.216129 -0.0260199 -0.2158 0.976091 -0.424071 2.39935 0.462965</i>
                        <i>0.999588 -0.0167173 0.0233451 0.0111109 0.974898 0.222376 -0.0264766 -0.222025 0.974681 -0.423892 2.39665 0.467053</i>
                        <i>0.999572 -0.0174634 0.0234653 0.0114617 0.97191 0.235074 -0.0269114 -0.234705 0.971694 -0.423786 2.39257 0.473603</i>
                        <i>0.99956 -0.018122 0.0234806 0.0115409 0.966888 0.254939 -0.0273231 -0.254556 0.966672 -0.423769 2.38684 0.482863</i>
                    </KeyFrames>
                </p>
            </i>
            <i>
                <p>
                    <Name><![CDATA[l_clav]]></Name>
                    <Exclude>0</Exclude>
                    <Additive>0</Additive>
                    <IKPriority>0</IKPriority>
                    <IKRotLimits>-1e+010 -1e+010 -1e+010 1e+010 1e+010 1e+010</IKRotLimits>
                    <IKRotLimitOrder>0</IKRotLimitOrder>
                    <KeyFrames count="30">
                        <i>0.985544 0.131418 -0.10692 0.0324039 0.473231 0.880342 0.166291 -0.871081 0.462131 -0.391753 1.96728 0.211026</i>
                        <i>0.983934 0.151869 -0.0938645 0.012428 0.466211 0.884586 0.178102 -0.871541 0.456833 -0.391749 1.96571 0.212012</i>
                        <i>0.981936 0.170264 -0.0825313 -0.00571059 0.462654 0.886521 0.189126 -0.870035 0.455269 -0.391739 1.96417 0.212607</i>
                        <i>0.979736 0.186514 -0.0730025 -0.0219078 0.462085 0.886565 0.19909 -0.867001 0.456807 -0.391724 1.9627 0.212864</i>
                        <i>0.977522 0.200477 -0.0652659 -0.0360677 0.46401 0.885095 0.207725 -0.862846 0.460811 -0.391706 1.96133 0.212837</i>
                        <i>0.975481 0.211964 -0.0592249 -0.0481007 0.467931 0.882455 0.214762 -0.85797 0.466653 -0.391685 1.96007 0.212574</i>
                        <i>0.973795 0.220751 -0.0547105 -0.0579206 0.473347 0.87897 0.21993 -0.852767 0.473729 -0.391662 1.95895 0.212126</i>
                        <i>0.972629 0.226584 -0.0514947 -0.0654425 0.479764 0.874954 0.222956 -0.847636 0.48146 -0.391639 1.95799 0.211539</i>
                        <i>0.972131 0.229192 -0.0493065 -0.0705811 0.486692 0.870718 0.223559 -0.842972 0.489306 -0.391618 1.95722 0.210859</i>
                        <i>0.972417 0.22829 -0.047851 -0.073249 0.493649 0.866571 0.221451 -0.839163 0.496754 -0.391601 1.95665 0.210131</i>
                        <i>0.97356 0.223578 -0.0468313 -0.0733549 0.50015 0.862826 0.216332 -0.836578 0.503327 -0.39159 1.95631 0.209398</i>
                        <i>0.975618 0.214458 -0.0466662 -0.070091 0.505936 0.859719 0.207983 -0.835486 0.508632 -0.391584 1.95616 0.208748</i>
                        <i>0.978401 0.201097 -0.0478608 -0.0631485 0.51123 0.857121 0.196833 -0.835586 0.512887 -0.391581 1.95624 0.208171</i>
                        <i>0.981572 0.184361 -0.0502703 -0.0531798 0.516221 0.854803 0.183543 -0.836377 0.516513 -0.391583 1.95665 0.207572</i>
                        <i>0.984808 0.165143 -0.0536785 -0.040838 0.520712 0.852755 0.168778 -0.837607 0.519546 -0.391588 1.95742 0.206976</i>
                        <i>0.987829 0.144367 -0.0578983 -0.0267779 0.524512 0.850982 0.153222 -0.839074 0.521994 -0.391597 1.9585 0.206406</i>
                        <i>0.990422 0.122981 -0.0627657 -0.011657 0.527442 0.849511 0.137579 -0.840643 0.523824 -0.391609 1.95981 0.20589</i>
                        <i>0.992452 0.10196 -0.0681367 0.00386449 0.529342 0.8484 0.122571 -0.84226 0.524952 -0.391622 1.96126 0.205455</i>
                        <i>0.993866 0.082297 -0.07388 0.0191246 0.530074 0.847736 0.108928 -0.843948 0.525248 -0.391637 1.96278 0.205129</i>
                        <i>0.994684 0.0649969 -0.0798694 0.0334604 0.529526 0.847634 0.0973864 -0.8458 0.524536 -0.391653 1.96427 0.204942</i>
                        <i>0.994988 0.0510715 -0.0859702 0.0462088 0.527604 0.848232 0.0886788 -0.847954 0.5226 -0.391669 1.96566 0.204923</i>
                        <i>0.994889 0.041492 -0.0920545 0.0567081 0.524716 0.849387 0.0835452 -0.850266 0.519681 -0.391685 1.96695 0.205033</i>
                        <i>0.99438 0.0372932 -0.0990792 0.065229 0.521309 0.850871 0.0833826 -0.852553 0.515947 -0.3917 1.96815 0.205231</i>
                        <i>0.993484 0.0385758 -0.107248 0.0719705 0.51731 0.852767 0.0883765 -0.854928 0.511163 -0.391714 1.96918 0.205541</i>
                        <i>0.992322 0.0448591 -0.115262 0.0761665 0.512603 0.855241 0.0974489 -0.857453 0.50525 -0.391727 1.96996 0.205989</i>
                        <i>0.990993 0.05563 -0.12181 0.0770542 0.507067 0.858455 0.109522 -0.860109 0.498213 -0.391737 1.97041 0.206598</i>
                        <i>0.989588 0.0703299 -0.125571 0.0738754 0.500562 0.862543 0.123519 -0.862839 0.490155 -0.391745 1.97045 0.207388</i>
                        <i>0.988188 0.0883399 -0.125224 0.0658756 0.492915 0.86758 0.138366 -0.865581 0.481273 -0.39175 1.97 0.208379</i>
                        <i>0.986843 0.108965 -0.119445 0.0523021 0.483901 0.873559 0.152987 -0.868312 0.471835 -0.391753 1.96897 0.209588</i>
                        <i>0.985544 0.131418 -0.10692 0.0324039 0.473231 0.880342 0.166291 -0.871081 0.462131 -0.391753 1.96728 0.211026</i>
                    </KeyFrames>
                </p>
            </i>
            <i>
                <p>
                    <Name><![CDATA[l_shoulder]]></Name>
                    <Exclude>0</Exclude>
                    <Additive>0</Additive>
                    <IKPriority>0</IKPriority>
                    <IKRotLimits>-1e+010 -1e+010 -1e+010 1e+010 1e+010 1e+010</IKRotLimits>
                    <IKRotLimitOrder>0</IKRotLimitOrder>
                    <KeyFrames count="30">
                        <i>0.68281 -0.522427 -0.510725 0.716803 0.61423 0.330021 0.141291 -0.591431 0.79388 -0.197031 1.99325 0.189901</i>
                        <i>0.679394 -0.521282 -0.516419 0.719988 0.609362 0.332106 0.141565 -0.597446 0.789314 -0.197345 1.99571 0.193467</i>
                        <i>0.675749 -0.521748 -0.520714 0.723405 0.605086 0.3325 0.141596 -0.601373 0.786321 -0.19773 1.99781 0.1963</i>
                        <i>0.672005 -0.523573 -0.523719 0.726921 0.601411 0.331498 0.141406 -0.60347 0.784747 -0.19815 1.99955 0.198441</i>
                        <i>0.668278 -0.526469 -0.525581 0.730417 0.598322 0.329396 0.14105 -0.604021 0.784387 -0.198569 2.00094 0.199941</i>
                        <i>0.664673 -0.530115 -0.526486 0.733784 0.595797 0.326477 0.140608 -0.603328 0.785 -0.198951 2.00195 0.200873</i>
                        <i>0.661285 -0.534171 -0.526652 0.73692 0.593807 0.32302 0.140182 -0.601709 0.786317 -0.199261 2.00256 0.201316</i>
                        <i>0.658205 -0.538281 -0.526326 0.739728 0.59233 0.319294 0.139889 -0.599499 0.788056 -0.199469 2.00276 0.201365</i>
                        <i>0.655524 -0.542081 -0.525772 0.74211 0.591351 0.315558 0.139858 -0.597037 0.789929 -0.199546 2.0025 0.201117</i>
                        <i>0.653342 -0.5452 -0.525263 0.743963 0.590874 0.312068 0.140225 -0.594663 0.791652 -0.199473 2.00175 0.200677</i>
                        <i>0.651771 -0.547265 -0.525067 0.745169 0.590929 0.309074 0.141132 -0.592709 0.792955 -0.199235 2.00048 0.200145</i>
                        <i>0.651016 -0.547892 -0.52535 0.745507 0.591733 0.306712 0.142822 -0.591327 0.793684 -0.198823 1.99853 0.199528</i>
                        <i>0.651126 -0.547289 -0.525843 0.744953 0.593392 0.304846 0.145192 -0.590221 0.794077 -0.19827 1.99597 0.198715</i>
                        <i>0.652009 -0.545928 -0.526163 0.743649 0.595797 0.303335 0.147887 -0.589058 0.794444 -0.197645 1.99308 0.19764</i>
                        <i>0.653622 -0.543888 -0.526274 0.741645 0.598864 0.302201 0.150802 -0.587834 0.794802 -0.197012 1.99005 0.19637</i>
                        <i>0.655907 -0.541262 -0.526138 0.739003 0.602489 0.301466 0.15382 -0.586552 0.795171 -0.196424 1.98703 0.194967</i>
                        <i>0.658786 -0.53816 -0.525723 0.735808 0.606542 0.301153 0.156805 -0.585227 0.795564 -0.195923 1.98411 0.193489</i>
                        <i>0.662152 -0.534715 -0.525009 0.732176 0.610857 0.301285 0.159604 -0.583895 0.795985 -0.195535 1.98141 0.191993</i>
                        <i>0.66587 -0.531081 -0.523994 0.728255 0.615232 0.301885 0.162052 -0.582618 0.796427 -0.195271 1.97904 0.190532</i>
                        <i>0.669778 -0.527434 -0.522695 0.724231 0.61943 0.302979 0.163971 -0.581481 0.796865 -0.195125 1.97711 0.189162</i>
                        <i>0.673688 -0.523971 -0.521152 0.720319 0.623189 0.30459 0.16518 -0.580594 0.797261 -0.195081 1.97575 0.187937</i>
                        <i>0.677279 -0.521224 -0.519247 0.716901 0.626172 0.306533 0.165366 -0.579857 0.797759 -0.195117 1.97515 0.186845</i>
                        <i>0.680452 -0.520004 -0.516314 0.714238 0.628184 0.308623 0.163855 -0.578774 0.798857 -0.195232 1.97552 0.185655</i>
                        <i>0.683233 -0.520296 -0.512333 0.712315 0.629243 0.310901 0.160622 -0.577361 0.800534 -0.195423 1.9768 0.184352</i>
                        <i>0.685429 -0.521554 -0.508102 0.711166 0.629305 0.313396 0.156298 -0.576156 0.802256 -0.195665 1.97882 0.183216</i>
                        <i>0.686875 -0.523229 -0.504416 0.710803 0.628344 0.316137 0.151535 -0.575686 0.803506 -0.195938 1.9814 0.182531</i>
                        <i>0.68743 -0.524756 -0.502067 0.711219 0.626347 0.319149 0.146993 -0.576472 0.803786 -0.196224 1.98434 0.182577</i>
                        <i>0.686987 -0.525555 -0.501837 0.712393 0.623313 0.322454 0.143334 -0.579028 0.80261 -0.196506 1.98745 0.183638</i>
                        <i>0.685465 -0.525007 -0.504485 0.71428 0.619259 0.326072 0.141216 -0.583854 0.799482 -0.196774 1.9905 0.185988</i>
                        <i>0.68281 -0.522427 -0.510725 0.716803 0.61423 0.330021 0.141291 -0.591431 0.79388 -0.197031 1.99325 0.189901</i>
                    </KeyFrames>
                </p>
            </i>
            <i>
                <p>
                    <Name><![CDATA[l_elbow]]></Name>
                    <Exclude>0</Exclude>
                    <Additive>0</Additive>
                    <IKPriority>0</IKPriority>
                    <IKRotLimits>-1e+010 -1e+010 -1e+010 1e+010 1e+010 1e+010</IKRotLimits>
                    <IKRotLimitOrder>0</IKRotLimitOrder>
                    <KeyFrames count="30">
                        <i>0.0107845 -0.486055 0.873862 0.717105 0.612808 0.332003 -0.696882 0.62307 0.355161 0.0250714 1.82331 0.0237738</i>
                        <i>0.0151659 -0.495294 0.868593 0.72029 0.607926 0.334078 -0.693507 0.620573 0.365975 0.0236462 1.82615 0.0254875</i>
                        <i>0.0199942 -0.502792 0.864176 0.723707 0.60364 0.334464 -0.689817 0.618723 0.375944 0.0220757 1.8281 0.0269243</i>
