<?xml version="1.0" encoding="ISO-8859-1" ?>
<Animl Version="1">
    <ModellingPackage>
        <![CDATA[Maya.2010]]>
</ModellingPackage>
    <SrcFile>
        <![CDATA[anims\turrets\antitank\red\~src\at_rpg7\at_rpg7_aim_low_crewman_b.mb]]>
</SrcFile>
    <FramesPerSecond>30</FramesPerSecond>
    <TotalFrames>30</TotalFrames>
    <Skeleton>
        <RefFrame>
            <Name>
                <![CDATA[soldier_ref_frame]]>
</Name>
            <Exclude>0</Exclude>
            <Additive>0</Additive>
            <IKPriority>0</IKPriority>
            <IKRotLimits>-1e+010 -1e+010 -1e+010 1e+010 1e+010 1e+010</IKRotLimits>
            <IKRotLimitOrder>0</IKRotLimitOrder>
            <KeyFrames count="30">
                <i>1 0 0 0 1 0 0 0 1 0.45 0.92 -2.55</i>
                <i>1 0 0 0 1 0 0 0 1 0.45 0.92 -2.55</i>
                <i>1 0 0 0 1 0 0 0 1 0.45 0.92 -2.55</i>
                <i>1 0 0 0 1 0 0 0 1 0.45 0.92 -2.55</i>
                <i>1 0 0 0 1 0 0 0 1 0.45 0.92 -2.55</i>
                <i>1 0 0 0 1 0 0 0 1 0.45 0.92 -2.55</i>
                <i>1 0 0 0 1 0 0 0 1 0.45 0.92 -2.55</i>
                <i>1 0 0 0 1 0 0 0 1 0.45 0.92 -2.55</i>
                <i>1 0 0 0 1 0 0 0 1 0.45 0.92 -2.55</i>
                <i>1 0 0 0 1 0 0 0 1 0.45 0.92 -2.55</i>
                <i>1 0 0 0 1 0 0 0 1 0.45 0.92 -2.55</i>
                <i>1 0 0 0 1 0 0 0 1 0.45 0.92 -2.55</i>
                <i>1 0 0 0 1 0 0 0 1 0.45 0.92 -2.55</i>
                <i>1 0 0 0 1 0 0 0 1 0.45 0.92 -2.55</i>
                <i>1 0 0 0 1 0 0 0 1 0.45 0.92 -2.55</i>
                <i>1 0 0 0 1 0 0 0 1 0.45 0.92 -2.55</i>
                <i>1 0 0 0 1 0 0 0 1 0.45 0.92 -2.55</i>
                <i>1 0 0 0 1 0 0 0 1 0.45 0.92 -2.55</i>
                <i>1 0 0 0 1 0 0 0 1 0.45 0.92 -2.55</i>
                <i>1 0 0 0 1 0 0 0 1 0.45 0.92 -2.55</i>
                <i>1 0 0 0 1 0 0 0 1 0.45 0.92 -2.55</i>
                <i>1 0 0 0 1 0 0 0 1 0.45 0.92 -2.55</i>
                <i>1 0 0 0 1 0 0 0 1 0.45 0.92 -2.55</i>
                <i>1 0 0 0 1 0 0 0 1 0.45 0.92 -2.55</i>
                <i>1 0 0 0 1 0 0 0 1 0.45 0.92 -2.55</i>
                <i>1 0 0 0 1 0 0 0 1 0.45 0.92 -2.55</i>
                <i>1 0 0 0 1 0 0 0 1 0.45 0.92 -2.55</i>
                <i>1 0 0 0 1 0 0 0 1 0.45 0.92 -2.55</i>
                <i>1 0 0 0 1 0 0 0 1 0.45 0.92 -2.55</i>
                <i>1 0 0 0 1 0 0 0 1 0.45 0.92 -2.55</i>
            </KeyFrames>
        </RefFrame>
        <Bones count="23">
            <i>
                <p>
                    <Name>
                        <![CDATA[pelvis]]>
</Name>
                    <Exclude>0</Exclude>
                    <Additive>0</Additive>
                    <IKPriority>0</IKPriority>
                    <IKRotLimits>-1e+010 -1e+010 -1e+010 1e+010 1e+010 1e+010</IKRotLimits>
                    <IKRotLimitOrder>2</IKRotLimitOrder>
                    <KeyFrames count="30">
                        <i>1 0 0 0 1 0 0 0 1 0.422983 2.0025 -2.5551</i>
                        <i>1 0 0 0 1 0 0 0 1 0.422983 2.00258 -2.5551</i>
                        <i>1 0 0 0 1 0 0 0 1 0.422983 2.00282 -2.5551</i>
                        <i>1 0 0 0 1 0 0 0 1 0.422983 2.00318 -2.5551</i>
                        <i>1 0 0 0 1 0 0 0 1 0.422983 2.00364 -2.5551</i>
                        <i>1 0 0 0 1 0 0 0 1 0.422983 2.00417 -2.5551</i>
                        <i>1 0 0 0 1 0 0 0 1 0.422983 2.00476 -2.5551</i>
                        <i>1 0 0 0 1 0 0 0 1 0.422983 2.00537 -2.5551</i>
                        <i>1 0 0 0 1 0 0 0 1 0.422983 2.00597 -2.5551</i>
                        <i>1 0 0 0 1 0 0 0 1 0.422983 2.00655 -2.5551</i>
                        <i>1 0 0 0 1 0 0 0 1 0.422983 2.00709 -2.5551</i>
                        <i>1 0 0 0 1 0 0 0 1 0.422983 2.00754 -2.5551</i>
                        <i>1 0 0 0 1 0 0 0 1 0.422983 2.0079 -2.5551</i>
                        <i>1 0 0 0 1 0 0 0 1 0.422983 2.00813 -2.5551</i>
                        <i>1 0 0 0 1 0 0 0 1 0.422983 2.00822 -2.5551</i>
                        <i>1 0 0 0 1 0 0 0 1 0.422983 2.00814 -2.5551</i>
                        <i>1 0 0 0 1 0 0 0 1 0.422983 2.00794 -2.5551</i>
                        <i>1 0 0 0 1 0 0 0 1 0.422983 2.00762 -2.5551</i>
                        <i>1 0 0 0 1 0 0 0 1 0.422983 2.00722 -2.5551</i>
                        <i>1 0 0 0 1 0 0 0 1 0.422983 2.00674 -2.5551</i>
                        <i>1 0 0 0 1 0 0 0 1 0.422983 2.00621 -2.5551</i>
                        <i>1 0 0 0 1 0 0 0 1 0.422983 2.00565 -2.5551</i>
                        <i>1 0 0 0 1 0 0 0 1 0.422983 2.00508 -2.5551</i>
                        <i>1 0 0 0 1 0 0 0 1 0.422983 2.00452 -2.5551</i>
                        <i>1 0 0 0 1 0 0 0 1 0.422983 2.00399 -2.5551</i>
                        <i>1 0 0 0 1 0 0 0 1 0.422983 2.00351 -2.5551</i>
                        <i>1 0 0 0 1 0 0 0 1 0.422983 2.0031 -2.5551</i>
                        <i>1 0 0 0 1 0 0 0 1 0.422983 2.00278 -2.5551</i>
                        <i>1 0 0 0 1 0 0 0 1 0.422983 2.00257 -2.5551</i>
                        <i>1 0 0 0 1 0 0 0 1 0.422983 2.0025 -2.5551</i>
                    </KeyFrames>
                </p>
            </i>
            <i>
                <p>
                    <Name>
                        <![CDATA[spine0]]>
</Name>
                    <Exclude>0</Exclude>
                    <Additive>0</Additive>
                    <IKPriority>0</IKPriority>
                    <IKRotLimits>-1e+010 -1e+010 -1e+010 1e+010 1e+010 1e+010</IKRotLimits>
                    <IKRotLimitOrder>0</IKRotLimitOrder>
                    <KeyFrames count="30">
                        <i>-0.0180024 0.999834 -0.00274726 -0.969794 -0.0167929 0.243345 0.243259 0.00704507 0.969936 0.41175 2.13907 -2.59888</i>
                        <i>-0.0179292 0.999836 -0.00262347 -0.969795 -0.016752 0.243346 0.243262 0.00690723 0.969936 0.41175 2.13916 -2.59888</i>
                        <i>-0.0177269 0.99984 -0.00228108 -0.969796 -0.016639 0.243349 0.243272 0.006526 0.969936 0.41175 2.1394 -2.59888</i>
                        <i>-0.0174212 0.999847 -0.00176354 -0.969798 -0.0164684 0.243353 0.243286 0.00594978 0.969936 0.41175 2.13976 -2.59888</i>
                        <i>-0.017038 0.999854 -0.00111423 -0.9698 -0.0162547 0.243358 0.243304 0.00522691 0.969936 0.41175 2.14022 -2.59888</i>
                        <i>-0.016603 0.999862 -0.000376642 -0.969803 -0.0160122 0.243363 0.243324 0.00440584 0.969935 0.41175 2.14075 -2.59888</i>
                        <i>-0.0161421 0.99987 0.000405599 -0.969806 -0.0157555 0.243369 0.243344 0.00353514 0.969934 0.41175 2.14133 -2.59888</i>
                        <i>-0.0156811 0.999876 0.00118868 -0.969808 -0.0154988 0.243375 0.243364 0.00266359 0.969931 0.41175 2.14194 -2.59888</i>
                        <i>-0.0152458 0.999882 0.00192862 -0.969811 -0.0152567 0.243381 0.243381 0.00184014 0.969929 0.41175 2.14255 -2.59888</i>
                        <i>-0.0148622 0.999886 0.00258125 -0.969813 -0.0150435 0.243386 0.243397 0.00111392 0.969926 0.41175 2.14313 -2.59888</i>
                        <i>-0.0145561 0.999889 0.00310228 -0.969815 -0.0148735 0.24339 0.243409 0.000534178 0.969924 0.41175 2.14366 -2.59888</i>
                        <i>-0.0143535 0.999891 0.00344738 -0.969816 -0.014761 0.243392 0.243416 0.000150211 0.969922 0.41175 2.14412 -2.59888</i>
                        <i>-0.0142802 0.999892 0.00357224 -0.969816 -0.0147203 0.243393 0.243419 1.12915e-005 0.969921 0.41175 2.14448 -2.59888</i>
                        <i>-0.0143173 0.999891 0.00350905 -0.969816 -0.0147408 0.243393 0.243418 8.1593e-005 0.969922 0.41175 2.14471 -2.59888</i>
                        <i>-0.0144225 0.99989 0.00332984 -0.969815 -0.0147993 0.243391 0.243414 0.00028099 0.969922 0.41175 2.14479 -2.59888</i>
                        <i>-0.0145868 0.999889 0.00305012 -0.969814 -0.0148905 0.243389 0.243408 0.000592214 0.969924 0.41175 2.14472 -2.59888</i>
                        <i>-0.014801 0.999887 0.00268544 -0.969813 -0.0150095 0.243386 0.243399 0.000997983 0.969926 0.41175 2.14451 -2.59888</i>
                        <i>-0.0150561 0.999884 0.00225136 -0.969812 -0.0151512 0.243383 0.243389 0.001481 0.969928 0.41175 2.1442 -2.59888</i>
                        <i>-0.0153429 0.999881 0.00176343 -0.96981 -0.0153107 0.24338 0.243377 0.00202396 0.96993 0.41175 2.14379 -2.59888</i>
                        <i>-0.0156525 0.999877 0.00123717 -0.969809 -0.015483 0.243376 0.243365 0.00260962 0.969931 0.41175 2.14331 -2.59888</i>
                        <i>-0.0159757 0.999872 0.000688068 -0.969807 -0.0156628 0.243371 0.243351 0.00322075 0.969933 0.41175 2.14278 -2.59888</i>
                        <i>-0.0163035 0.999867 0.000131561 -0.969805 -0.0158453 0.243367 0.243337 0.00384015 0.969934 0.41175 2.14222 -2.59888</i>
                        <i>-0.0166268 0.999862 -0.000416933 -0.969803 -0.0160254 0.243363 0.243323 0.00445069 0.969935 0.41175 2.14165 -2.59888</i>
                        <i>-0.0169365 0.999856 -0.000942075 -0.969801 -0.0161981 0.243359 0.243309 0.00503527 0.969936 0.41175 2.14109 -2.59888</i>
                        <i>-0.0172235 0.999851 -0.00142855 -0.969799 -0.0163581 0.243355 0.243296 0.00557684 0.969936 0.41175 2.14056 -2.59888</i>
                        <i>-0.0174788 0.999846 -0.00186109 -0.969798 -0.0165006 0.243352 0.243284 0.0060584 0.969936 0.41175 2.14008 -2.59888</i>
                        <i>-0.0176935 0.999841 -0.00222446 -0.969796 -0.0166204 0.243349 0.243274 0.00646296 0.969936 0.41175 2.13968 -2.59888</i>
                        <i>-0.0178583 0.999837 -0.00250343 -0.969795 -0.0167124 0.243347 0.243266 0.00677358 0.969936 0.41175 2.13936 -2.59888</i>
                        <i>-0.0179643 0.999835 -0.00268278 -0.969795 -0.0167716 0.243346 0.243261 0.00697327 0.969936 0.41175 2.13915 -2.59888</i>
                        <i>-0.0180024 0.999834 -0.00274726 -0.969794 -0.0167929 0.243345 0.243259 0.00704507 0.969936 0.41175 2.13907 -2.59888</i>
                    </KeyFrames>
                </p>
            </i>
            <i>
                <p>
                    <Name>
                        <![CDATA[spine1]]>
</Name>
                    <Exclude>0</Exclude>
                    <Additive>0</Additive>
                    <IKPriority>0</IKPriority>
                    <IKRotLimits>-1e+010 -1e+010 -1e+010 1e+010 1e+010 1e+010</IKRotLimits>
                    <IKRotLimitOrder>0</IKRotLimitOrder>
                    <KeyFrames count="30">
                        <i>-0.060021 0.994376 0.0872549 -0.926437 -0.088037 0.366012 0.371635 -0.0588677 0.926511 0.408658 2.31078 -2.59935</i>
                        <i>-0.0599897 0.994373 0.0873103 -0.926444 -0.0880276 0.365995 0.371621 -0.0589322 0.926512 0.40867 2.31086 -2.59933</i>
                        <i>-0.0599034 0.994365 0.0874636 -0.926465 -0.0880015 0.365949 0.371583 -0.0591104 0.926516 0.408705 2.31109 -2.59927</i>
                        <i>-0.059773 0.994352 0.0876951 -0.926497 -0.0879619 0.365878 0.371526 -0.0593796 0.926522 0.408758 2.31145 -2.59918</i>
                        <i>-0.0596095 0.994337 0.0879851 -0.926536 -0.0879123 0.365789 0.371453 -0.0597168 0.926529 0.408824 2.31189 -2.59907</i>
                        <i>-0.0594241 0.994319 0.0883138 -0.926582 -0.0878557 0.365688 0.371369 -0.0600993 0.926538 0.408899 2.31242 -2.59895</i>
                        <i>-0.0592276 0.994299 0.0886618 -0.92663 -0.0877955 0.36558 0.37128 -0.0605043 0.926548 0.408978 2.31299 -2.59881</i>
                        <i>-0.0590311 0.99428 0.0890095 -0.926679 -0.0877351 0.365472 0.37119 -0.060909 0.926557 0.409058 2.31358 -2.59868</i>
                        <i>-0.0588457 0.994262 0.0893374 -0.926725 -0.0876779 0.365368 0.371105 -0.0612908 0.926566 0.409133 2.31417 -2.59855</i>
                        <i>-0.0586823 0.994245 0.0896261 -0.926765 -0.0876273 0.365277 0.371029 -0.0616271 0.926574 0.409199 2.31475 -2.59844</i>
                        <i>-0.0585519 0.994232 0.0898563 -0.926798 -0.0875868 0.365204 0.370968 -0.0618952 0.926581 0.409251 2.31527 -2.59835</i>
                        <i>-0.0584656 0.994223 0.0900085 -0.92682 -0.08756 0.365155 0.370927 -0.0620727 0.926585 0.409286 2.31572 -2.59829</i>
                        <i>-0.0584344 0.99422 0.0900636 -0.926827 -0.0875503 0.365138 0.370913 -0.0621368 0.926587 0.409299 2.31607 -2.59827</i>
                        <i>-0.0584502 0.994222 0.0900357 -0.926824 -0.0875552 0.365147 0.37092 -0.0621043 0.926586 0.409292 2.31631 -2.59828</i>
                        <i>-0.058495 0.994226 0.0899567 -0.926812 -0.0875691 0.365172 0.370941 -0.0620122 0.926584 0.409274 2.31639 -2.59831</i>
                        <i>-0.058565 0.994233 0.0898333 -0.926795 -0.0875909 0.365211 0.370974 -0.0618684 0.92658 0.409246 2.31633 -2.59836</i>
                        <i>-0.0586562 0.994243 0.0896722 -0.926772 -0.0876193 0.365263 0.371017 -0.0616807 0.926575 0.409209 2.31613 -2.59842</i>
                        <i>-0.0587648 0.994254 0.0894802 -0.926745 -0.0876529 0.365323 0.371067 -0.0614571 0.92657 0.409165 2.31582 -2.5985</i>
                        <i>-0.058887 0.994266 0.0892642 -0.926714 -0.0876907 0.365392 0.371124 -0.0612056 0.926564 0.409116 2.31542 -2.59858</i>
                        <i>-0.0590189 0.994279 0.089031 -0.926682 -0.0877314 0.365465 0.371185 -0.060934 0.926558 0.409063 2.31495 -2.59867</i>
                        <i>-0.0591567 0.994292 0.0887873 -0.926647 -0.0877738 0.365541 0.371248 -0.0606504 0.926551 0.409007 2.31443 -2.59876</i>
                        <i>-0.0592964 0.994306 0.08854 -0.926613 -0.0878166 0.365618 0.371311 -0.0603625 0.926544 0.40895 2.31388 -2.59886</i>
                        <i>-0.0594342 0.99432 0.0882959 -0.926579 -0.0878588 0.365694 0.371374 -0.0600785 0.926538 0.408895 2.31332 -2.59895</i>
                        <i>-0.0595662 0.994332 0.0880619 -0.926547 -0.0878991 0.365766 0.371433 -0.0598062 0.926531 0.408841 2.31277 -2.59904</i>
                        <i>-0.0596886 0.994344 0.0878448 -0.926517 -0.0879363 0.365832 0.371488 -0.0595536 0.926526 0.408792 2.31225 -2.59913</i>
                        <i>-0.0597976 0.994355 0.0876515 -0.926491 -0.0879694 0.365891 0.371536 -0.0593289 0.926521 0.408748 2.31177 -2.5992</i>
                        <i>-0.0598891 0.994364 0.087489 -0.926468 -0.0879972 0.365941 0.371577 -0.0591399 0.926517 0.408711 2.31137 -2.59926</i>
                        <i>-0.0599595 0.99437 0.0873641 -0.926451 -0.0880184 0.365979 0.371608 -0.0589947 0.926513 0.408683 2.31106 -2.59931</i>
                        <i>-0.0600047 0.994375 0.0872838 -0.926441 -0.0880321 0.366003 0.371628 -0.0589013 0.926511 0.408664 2.31085 -2.59934</i>
                        <i>-0.060021 0.994376 0.0872549 -0.926437 -0.088037 0.366012 0.371635 -0.0588677 0.926511 0.408658 2.31078 -2.59935</i>
                    </KeyFrames>
                </p>
            </i>
            <i>
                <p>
                    <Name>
                        <![CDATA[spine2]]>
</Name>
                    <Exclude>0</Exclude>
                    <Additive>0</Additive>
                    <IKPriority>0</IKPriority>
                    <IKRotLimits>-1e+010 -1e+010 -1e+010 1e+010 1e+010 1e+010</IKRotLimits>
                    <IKRotLimitOrder>0</IKRotLimitOrder>
                    <KeyFrames count="30">
                        <i>-0.0417111 0.966593 0.252901 -0.862109 -0.162757 0.479872 0.505002 -0.198012 0.840097 0.399294 2.46807 -2.58559</i>
                        <i>-0.0418484 0.966646 0.252674 -0.862111 -0.162757 0.479869 0.504988 -0.197751 0.840168 0.399311 2.46815 -2.58556</i>
                        <i>-0.0422281 0.966793 0.252046 -0.862116 -0.162757 0.47986 0.504948 -0.19703 0.840361 0.39936 2.46838 -2.58548</i>
                        <i>-0.0428016 0.967015 0.251098 -0.862124 -0.162757 0.479847 0.504887 -0.195939 0.840653 0.399434 2.46872 -2.58535</i>
                        <i>-0.0435205 0.967291 0.249908 -0.862133 -0.162757 0.47983 0.504809 -0.194572 0.841017 0.399526 2.46915 -2.5852</i>
                        <i>-0.0443361 0.967602 0.248557 -0.862144 -0.162758 0.47981 0.50472 -0.193019 0.841428 0.399631 2.46966 -2.58502</i>
                        <i>-0.0452002 0.967929 0.247125 -0.862155 -0.162758 0.47979 0.504624 -0.191374 0.841861 0.399742 2.47021 -2.58483</i>
                        <i>-0.0460641 0.968253 0.245693 -0.862166 -0.162758 0.47977 0.504527 -0.189728 0.842292 0.399853 2.47079 -2.58464</i>
                        <i>-0.0468794 0.968556 0.244339 -0.862177 -0.162758 0.47975 0.504433 -0.188173 0.842697 0.399958 2.47137 -2.58447</i>
                        <i>-0.0475978 0.968821 0.243146 -0.862186 -0.162758 0.479734 0.50435 -0.186803 0.843051 0.40005 2.47193 -2.58431</i>
                        <i>-0.0481708 0.969031 0.242194 -0.862194 -0.162758 0.47972 0.504283 -0.18571 0.843333 0.400124 2.47244 -2.58418</i>
                        <i>-0.0485501 0.96917 0.241564 -0.862199 -0.162758 0.479711 0.504238 -0.184986 0.843519 0.400173 2.47289 -2.5841</i>
                        <i>-0.0486873 0.96922 0.241336 -0.862201 -0.162759 0.479708 0.504222 -0.184724 0.843586 0.400191 2.47324 -2.58407</i>
                        <i>-0.0486179 0.969194 0.241451 -0.8622 -0.162758 0.479709 0.50423 -0.184857 0.843552 0.400182 2.47347 -2.58409</i>
                        <i>-0.0484209 0.969123 0.241778 -0.862197 -0.162758 0.479714 0.504253 -0.185232 0.843456 0.400156 2.47356 -2.58413</i>
                        <i>-0.0481135 0.96901 0.24229 -0.862193 -0.162758 0.479721 0.50429 -0.185819 0.843305 0.400117 2.4735 -2.5842</i>
                        <i>-0.0477124 0.968863 0.242956 -0.862188 -0.162758 0.479731 0.504337 -0.186585 0.843108 0.400065 2.47331 -2.58428</i>
                        <i>-0.0472348 0.968687 0.243749 -0.862182 -0.162758 0.479742 0.504392 -0.187496 0.842872 0.400004 2.47301 -2.58439</i>
                        <i>-0.0466975 0.968488 0.244642 -0.862175 -0.162758 0.479755 0.504454 -0.18852 0.842607 0.399935 2.47262 -2.58451</i>
                        <i>-0.0461175 0.968273 0.245604 -0.862167 -0.162758 0.479768 0.504521 -0.189626 0.842319 0.39986 2.47216 -2.58463</i>
                        <i>-0.0455119 0.968046 0.246609 -0.862159 -0.162758 0.479783 0.504589 -0.19078 0.842017 0.399782 2.47165 -2.58476</i>
                        <i>-0.0448976 0.967815 0.247627 -0.862151 -0.162758 0.479797 0.504658 -0.19195 0.84171 0.399703 2.47111 -2.5849</i>
                        <i>-0.0442916 0.967585 0.248631 -0.862143 -0.162758 0.479812 0.504725 -0.193104 0.841406 0.399625 2.47056 -2.58503</i>
                        <i>-0.0437109 0.967364 0.249593 -0.862136 -0.162757 0.479825 0.504789 -0.194209 0.841113 0.399551 2.47002 -2.58516</i>
                        <i>-0.0431726 0.967158 0.250484 -0.862129 -0.162757 0.479838 0.504847 -0.195234 0.840841 0.399482 2.46951 -2.58527</i>
                        <i>-0.0426935 0.966973 0.251277 -0.862122 -0.162757 0.479849 0.504898 -0.196145 0.840598 0.39942 2.46905 -2.58538</i>
                        <i>-0.0422909 0.966818 0.251943 -0.862117 -0.162757 0.479859 0.504941 -0.19691 0.840393 0.399368 2.46865 -2.58546</i>
                        <i>-0.0419815 0.966698 0.252454 -0.862113 -0.162757 0.479866 0.504974 -0.197498 0.840235 0.399328 2.46835 -2.58553</i>
                        <i>-0.0417826 0.96662 0.252783 -0.86211 -0.162757 0.479871 0.504995 -0.197877 0.840134 0.399303 2.46815 -2.58558</i>
                        <i>-0.0417111 0.966593 0.252901 -0.862109 -0.162757 0.479872 0.505002 -0.198012 0.840097 0.399294 2.46807 -2.58559</i>
                    </KeyFrames>
                </p>
            </i>
            <i>
                <p>
                    <Name>
                        <![CDATA[head]]>
</Name>
                    <Exclude>0</Exclude>
                    <Additive>0</Additive>
                    <IKPriority>0</IKPriority>
                    <IKRotLimits>-1e+010 -1e+010 -1e+010 1e+010 1e+010 1e+010</IKRotLimits>
                    <IKRotLimitOrder>0</IKRotLimitOrder>
                    <KeyFrames count="30">
                        <i>-0.0544665 0.971936 0.228855 -0.0625394 0.225425 -0.972251 -0.996555 -0.0672676 0.0485061 0.383552 2.71866 -2.52629</i>
                        <i>-0.0547046 0.972054 0.228292 -0.062503 0.224853 -0.972386 -0.996544 -0.0674629 0.0484558 0.383522 2.71876 -2.52634</i>
                        <i>-0.0553604 0.972374 0.22677 -0.0624033 0.223305 -0.972749 -0.996514 -0.068003 0.048317 0.383442 2.71902 -2.52648</i>
                        <i>-0.0563465 0.972835 0.224538 -0.0622541 0.221034 -0.973277 -0.996469 -0.0688192 0.0481085 0.383321 2.71942 -2.52668</i>
                        <i>-0.0575753 0.973381 0.221843 -0.0620694 0.218292 -0.973908 -0.99641 -0.0698427 0.0478489 0.38317 2.71992 -2.52694</i>
                        <i>-0.0589592 0.973956 0.218937 -0.0618639 0.215332 -0.974579 -0.996342 -0.0710047 0.0475569 0.382997 2.72051 -2.52723</i>
                        <i>-0.0604111 0.974508 0.216067 -0.0616539 0.212407 -0.975235 -0.996268 -0.0722364 0.0472505 0.382815 2.72115 -2.52754</i>
                        <i>-0.061844 0.974987 0.213487 -0.0614574 0.20977 -0.975817 -0.996192 -0.0734688 0.0469471 0.382633 2.72181 -2.52785</i>
                        <i>-0.0632566 0.975636 0.210081 -0.0612055 0.206313 -0.97657 -0.996119 -0.0746326 0.0466636 0.382461 2.72246 -2.52814</i>
                        <i>-0.064636 0.976646 0.204903 -0.0608346 0.201095 -0.977681 -0.996053 -0.0756586 0.0464159 0.38231 2.72309 -2.52839</i>
                        <i>-0.0658776 0.977893 0.198458 -0.0603756 0.194619 -0.979019 -0.995999 -0.0764774 0.0462198 0.382189 2.72365 -2.5286</i>
                        <i>-0.0668774 0.979261 0.191247 -0.0598647 0.187393 -0.980459 -0.995964 -0.0770195 0.0460908 0.382109 2.72413 -2.52873</i>
                        <i>-0.0675327 0.980645 0.183779 -0.0593437 0.179925 -0.981889 -0.995951 -0.0772157 0.0460443 0.38208 2.72449 -2.52878</i>
                        <i>-0.0678788 0.981988 0.176328 -0.0588359 0.172488 -0.983253 -0.995957 -0.0771164 0.0460678 0.382095 2.72472 -2.52876</i>
                        <i>-0.0680232 0.983257 0.169049 -0.0583512 0.16523 -0.984527 -0.995976 -0.0768349 0.0461347 0.382136 2.72479 -2.52869</i>
                        <i>-0.0679721 0.984402 0.16227 -0.0579149 0.158479 -0.985662 -0.996005 -0.0763954 0.0462394 0.382201 2.7247 -2.52858</i>
                        <i>-0.0677322 0.985381 0.156323 -0.0575513 0.152563 -0.986617 -0.996042 -0.0758223 0.0463766 0.382285 2.72448 -2.52843</i>
                        <i>-0.0673106 0.986157 0.151537 -0.0572831 0.147812 -0.987355 -0.996086 -0.07514 0.0465408 0.382386 2.72413 -2.52826</i>
                        <i>-0.0667143 0.986698 0.148246 -0.0571306 0.144556 -0.987846 -0.996135 -0.0743728 0.0467266 0.382499 2.72369 -2.52807</i>
                        <i>-0.0659499 0.986968 0.14678 -0.0571118 0.143125 -0.988055 -0.996187 -0.0735451 0.0469284 0.382622 2.72318 -2.52786</i>
                        <i>-0.0650236 0.986927 0.147468 -0.0572426 0.143848 -0.987943 -0.996241 -0.072681 0.0471407 0.382749 2.72262 -2.52765</i>
                        <i>-0.0638752 0.986353 0.151752 -0.0576078 0.148164 -0.987284 -0.996294 -0.071805 0.0473575 0.382879 2.72202 -2.52743</i>
                        <i>-0.062501 0.985129 0.160043 -0.058219 0.156485 -0.985963 -0.996345 -0.0709412 0.0475728 0.383007 2.72141 -2.52721</i>
                        <i>-0.0609907 0.98336 0.171125 -0.0589837 0.167593 -0.98409 -0.996394 -0.0701139 0.0477805 0.383129 2.72081 -2.527</i>
                        <i>-0.0594362 0.981168 0.183782 -0.0598156 0.180276 -0.981796 -0.996438 -0.0693473 0.0479743 0.383243 2.72025 -2.52681</i>
                        <i>-0.057933 0.978729 0.196809 -0.0606374 0.193326 -0.979259 -0.996477 -0.0686654 0.0481477 0.383344 2.71974 -2.52664</i>
                        <i>-0.0565805 0.976276 0.209009 -0.0613803 0.205547 -0.976721 -0.996509 -0.0680923 0.0482942 0.383429 2.7193 -2.5265</i>
                        <i>-0.0554817 0.974102 0.219198 -0.0619827 0.215753 -0.974479 -0.996534 -0.0676523 0.0484071 0.383494 2.71897 -2.52639</i>
                        <i>-0.0547419 0.972541 0.226204 -0.0623878 0.222769 -0.972873 -0.99655 -0.0673693 0.0484799 0.383536 2.71874 -2.52632</i>
                        <i>-0.0544665 0.971936 0.228855 -0.0625394 0.225425 -0.972251 -0.996555 -0.0672676 0.0485061 0.383552 2.71866 -2.52629</i>
                    </KeyFrames>
                </p>
            </i>
            <i>
                <p>
                    <Name>
                        <![CDATA[head_prop]]>
</Name>
                    <Exclude>0</Exclude>
                    <Additive>0</Additive>
                    <IKPriority>0</IKPriority>
                    <IKRotLimits>-1e+010 -1e+010 -1e+010 1e+010 1e+010 1e+010</IKRotLimits>
                    <IKRotLimitOrder>0</IKRotLimitOrder>
                    <KeyFrames count="30">
                        <i>0.996555 0.0672676 -0.0485061 -0.0544665 0.971936 0.228855 0.0625394 -0.225425 0.972251 0.3658 3.03543 -2.45171</i>
                        <i>0.996544 0.0674629 -0.0484558 -0.0547046 0.972054 0.228292 0.062503 -0.224853 0.972386 0.365694 3.03556 -2.45194</i>
                        <i>0.996514 0.068003 -0.048317 -0.0553604 0.972374 0.22677 0.0624033 -0.223305 0.972749 0.3654 3.03593 -2.45257</i>
                        <i>0.996469 0.0688192 -0.0481085 -0.0563465 0.972835 0.224538 0.0622541 -0.221034 0.973277 0.364957 3.03647 -2.4535</i>
                        <i>0.99641 0.0698427 -0.0478489 -0.0575753 0.973381 0.221843 0.0620694 -0.218292 0.973908 0.364405 3.03716 -2.45464</i>
                        <i>0.996342 0.0710047 -0.0475569 -0.0589592 0.973956 0.218937 0.0618639 -0.215332 0.974579 0.363782 3.03793 -2.45587</i>
                        <i>0.996268 0.0722364 -0.0472505 -0.0604111 0.974508 0.216067 0.0616539 -0.212407 0.975235 0.363127 3.03875 -2.45712</i>
                        <i>0.996192 0.0734688 -0.0469471 -0.061844 0.974987 0.213487 0.0614574 -0.20977 0.975817 0.362477 3.03956 -2.45827</i>
                        <i>0.996119 0.0746326 -0.0466636 -0.0632566 0.975636 0.210081 0.0612055 -0.206313 0.97657 0.361845 3.04043 -2.45967</i>
                        <i>0.996053 0.0756586 -0.0464159 -0.064636 0.976646 0.204903 0.0608346 -0.201095 0.977681 0.361244 3.04138 -2.46161</i>
                        <i>0.995999 0.0764774 -0.0462198 -0.0658776 0.977893 0.198458 0.0603756 -0.194619 0.979019 0.360719 3.04235 -2.46392</i>
                        <i>0.995964 0.0770195 -0.0460908 -0.0668774 0.979261 0.191247 0.0598647 -0.187393 0.980459 0.360313 3.04328 -2.46641</i>
                        <i>0.995951 0.0772157 -0.0460443 -0.0675327 0.980645 0.183779 0.0593437 -0.179925 0.981889 0.36007 3.04409 -2.46889</i>
                        <i>0.995957 0.0771164 -0.0460678 -0.0678788 0.981988 0.176328 0.0588359 -0.172488 0.983253 0.359972 3.04476 -2.47129</i>
                        <i>0.995976 0.0768349 -0.0461347 -0.0680232 0.983257 0.169049 0.0583512 -0.16523 0.984527 0.359967 3.04525 -2.47359</i>
                        <i>0.996005 0.0763954 -0.0462394 -0.0679721 0.984402 0.16227 0.0579149 -0.158479 0.985662 0.360048 3.04553 -2.47569</i>
                        <i>0.996042 0.0758223 -0.0463766 -0.0677322 0.985381 0.156323 0.0575513 -0.152563 0.986617 0.360211 3.04562 -2.47749</i>
                        <i>0.996086 0.07514 -0.0465408 -0.0673106 0.986157 0.151537 0.0572831 -0.147812 0.987355 0.360449 3.04553 -2.47888</i>
                        <i>0.996135 0.0743728 -0.0467266 -0.0667143 0.986698 0.148246 0.0571306 -0.144556 0.987846 0.360757 3.04527 -2.47976</i>
                        <i>0.996187 0.0735451 -0.0469284 -0.0659499 0.986968 0.14678 0.0571118 -0.143125 0.988055 0.361128 3.04484 -2.48003</i>
                        <i>0.996241 0.072681 -0.0471407 -0.0650236 0.986927 0.147468 0.0572426 -0.143848 0.987943 0.361558 3.04426 -2.47959</i>
                        <i>0.996294 0.071805 -0.0473575 -0.0638752 0.986353 0.151752 0.0576078 -0.148164 0.987284 0.362061 3.04348 -2.47797</i>
                        <i>0.996345 0.0709412 -0.0475728 -0.062501 0.985129 0.160043 0.058219 -0.156485 0.985963 0.362637 3.04247 -2.47505</i>
                        <i>0.996394 0.0701139 -0.0477805 -0.0609907 0.98336 0.171125 0.0589837 -0.167593 0.98409 0.363252 3.0413 -2.47123</i>
                        <i>0.996438 0.0693473 -0.0479743 -0.0594362 0.981168 0.183782 0.0598156 -0.180276 0.981796 0.363872 3.04002 -2.46692</i>
                        <i>0.996477 0.0686654 -0.0481477 -0.057933 0.978729 0.196809 0.0606374 -0.193326 0.979259 0.364463 3.03872 -2.4625</i>
                        <i>0.996509 0.0680923 -0.0482942 -0.0565805 0.976276 0.209009 0.0613803 -0.205547 0.976721 0.364989 3.03748 -2.45838</i>
                        <i>0.996534 0.0676523 -0.0484071 -0.0554817 0.974102 0.219198 0.0619827 -0.215753 0.974479 0.365412 3.03643 -2.45495</i>
                        <i>0.99655 0.0673693 -0.0484799 -0.0547419 0.972541 0.226204 0.0623878 -0.222769 0.972873 0.365695 3.0357 -2.4526</i>
                        <i>0.996555 0.0672676 -0.0485061 -0.0544665 0.971936 0.228855 0.0625394 -0.225425 0.972251 0.3658 3.03543 -2.45171</i>
                    </KeyFrames>
                </p>
            </i>
            <i>
                <p>
                    <Name>
                        <![CDATA[l_clav]]>
</Name>
                    <Exclude>0</Exclude>
                    <Additive>0</Additive>
                    <IKPriority>0</IKPriority>
                    <IKRotLimits>-1e+010 -1e+010 -1e+010 1e+010 1e+010 1e+010</IKRotLimits>
                    <IKRotLimitOrder>0</IKRotLimitOrder>
                    <KeyFrames count="30">
                        <i>0.630298 0.744786 -0.21913 -0.654814 0.661638 0.365313 0.417065 -0.0867667 0.904725 0.487436 2.53529 -2.58458</i>
                        <i>0.630155 0.744837 -0.219369 -0.654984 0.661638 0.365008 0.417014 -0.086328 0.904791 0.487451 2.53539 -2.58455</i>
                        <i>0.629759 0.744977 -0.220031 -0.655454 0.661638 0.364163 0.416874 -0.0851151 0.904971 0.487492 2.53565 -2.58447</i>
                        <i>0.629161 0.745186 -0.22103 -0.656164 0.661636 0.362887 0.41666 -0.0832826 0.90524 0.487554 2.53605 -2.58434</i>
                        <i>0.628412 0.745445 -0.222283 -0.657053 0.661629 0.361287 0.416389 -0.0809852 0.905573 0.487632 2.53655 -2.58419</i>
                        <i>0.627562 0.745735 -0.223707 -0.658061 0.661616 0.359471 0.416078 -0.0783776 0.905945 0.487719 2.53714 -2.58401</i>
                        <i>0.626662 0.746038 -0.225216 -0.659128 0.661597 0.357547 0.415746 -0.0756146 0.906332 0.487812 2.53778 -2.58382</i>
                        <i>0.625762 0.746335 -0.226726 -0.660195 0.661571 0.355622 0.415409 -0.0728512 0.906713 0.487905 2.53845 -2.58363</i>
                        <i>0.624913 0.746612 -0.228153 -0.6612 0.661541 0.353805 0.415087 -0.0702423 0.907066 0.487992 2.53911 -2.58346</i>
                        <i>0.624165 0.746852 -0.229411 -0.662086 0.66151 0.352203 0.414801 -0.067943 0.907372 0.488069 2.53974 -2.5833</i>
                        <i>0.623569 0.747041 -0.230415 -0.662791 0.661483 0.350925 0.414571 -0.0661085 0.907613 0.48813 2.54032 -2.58318</i>
                        <i>0.623174 0.747165 -0.23108 -0.663259 0.661463 0.350079 0.414418 -0.064894 0.90777 0.488171 2.5408 -2.58309</i>
                        <i>0.623031 0.74721 -0.231321 -0.663427 0.661455 0.349773 0.414362 -0.0644547 0.907827 0.488185 2.54117 -2.58307</i>
                        <i>0.623104 0.747187 -0.231199 -0.663342 0.661459 0.349928 0.41439 -0.064677 0.907798 0.488178 2.54139 -2.58308</i>
                        <i>0.623309 0.747123 -0.230854 -0.6631 0.66147 0.350367 0.41447 -0.0653076 0.907717 0.488157 2.54146 -2.58312</i>
                        <i>0.623629 0.747022 -0.230315 -0.662721 0.661485 0.351053 0.414594 -0.0662921 0.907589 0.488124 2.54137 -2.58319</i>
                        <i>0.624046 0.74689 -0.229612 -0.662227 0.661505 0.351947 0.414755 -0.067576 0.90742 0.488081 2.54114 -2.58328</i>
                        <i>0.624543 0.746731 -0.228775 -0.661638 0.661526 0.353012 0.414946 -0.069105 0.907218 0.48803 2.54079 -2.58338</i>
                        <i>0.625103 0.746551 -0.227835 -0.660976 0.661548 0.35421 0.415159 -0.0708245 0.906988 0.487973 2.54034 -2.5835</i>
                        <i>0.625707 0.746354 -0.22682 -0.660261 0.661569 0.355503 0.415388 -0.0726801 0.906736 0.487911 2.53983 -2.58362</i>
                        <i>0.626337 0.746146 -0.225761 -0.659513 0.661588 0.356852 0.415624 -0.0746175 0.90647 0.487846 2.53926 -2.58375</i>
                        <i>0.626977 0.745932 -0.224687 -0.658755 0.661604 0.358221 0.415863 -0.0765823 0.906197 0.48778 2.53865 -2.58389</i>
                        <i>0.627609 0.745719 -0.223629 -0.658006 0.661617 0.35957 0.416095 -0.07852 0.905924 0.487715 2.53804 -2.58402</i>
                        <i>0.628214 0.745513 -0.222616 -0.657288 0.661627 0.360863 0.416317 -0.0803764 0.90566 0.487652 2.53745 -2.58414</i>
                        <i>0.628775 0.74532 -0.221677 -0.656623 0.661633 0.362061 0.41652 -0.0820972 0.905412 0.487594 2.53688 -2.58426</i>
                        <i>0.629274 0.745147 -0.220842 -0.65603 0.661637 0.363127 0.4167 -0.083628 0.905189 0.487542 2.53637 -2.58436</i>
                        <i>0.629694 0.745 -0.22014 -0.655532 0.661638 0.364023 0.41685 -0.0849146 0.905 0.487499 2.53593 -2.58445</i>
                        <i>0.630016 0.744886 -0.219601 -0.655149 0.661639 0.364712 0.416965 -0.0859027 0.904854 0.487466 2.53559 -2.58452</i>
                        <i>0.630224 0.744813 -0.219255 -0.654902 0.661638 0.365154 0.417039 -0.0865382 0.904759 0.487444 2.53537 -2.58456</i>
                        <i>0.630298 0.744786 -0.21913 -0.654814 0.661638 0.365313 0.417065 -0.0867667 0.904725 0.487436 2.53529 -2.58458</i>
                    </KeyFrames>
                </p>
            </i>
            <i>
                <p>
                    <Name>
                        <![CDATA[l_shoulder]]>
</Name>
                    <Exclude>0</Exclude>
                    <Additive>0</Additive>
                    <IKPriority>0</IKPriority>
                    <IKRotLimits>-1e+010 -1e+010 -1e+010 1e+010 1e+010 1e+010</IKRotLimits>
                    <IKRotLimitOrder>0</IKRotLimitOrder>
                    <KeyFrames count="30">
                        <i>0.955662 -0.0723232 0.285445 0.275299 0.563449 -0.778933 -0.104498 0.822979 0.558377 0.61197 2.68245 -2.62787</i>
                        <i>0.955671 -0.0725601 0.285354 0.27534 0.563573 -0.778828 -0.104306 0.822873 0.558569 0.611956 2.68255 -2.62789</i>
                        <i>0.955695 -0.0731996 0.285111 0.275453 0.56391 -0.778544 -0.103788 0.822585 0.55909 0.611919 2.68284 -2.62794</i>
                        <i>0.955732 -0.0741702 0.284737 0.275622 0.564426 -0.77811 -0.103001 0.822145 0.559883 0.611863 2.68328 -2.62801</i>
                        <i>0.955778 -0.0754002 0.284257 0.275832 0.565085 -0.777558 -0.102001 0.82158 0.560894 0.611792 2.68384 -2.6281</i>
                        <i>0.955833 -0.0768182 0.283694 0.276068 0.56585 -0.776917 -0.100847 0.820922 0.562066 0.611712 2.68448 -2.62821</i>
                        <i>0.955893 -0.078354 0.283072 0.276316 0.566687 -0.776219 -0.0995935 0.820199 0.563342 0.611627 2.68518 -2.62832</i>
                        <i>0.955955 -0.0799387 0.282417 0.276564 0.567556 -0.775495 -0.0982956 0.819445 0.564666 0.611542 2.68591 -2.62843</i>
                        <i>0.956018 -0.0815047 0.281756 0.276801 0.568419 -0.774778 -0.0970072 0.818692 0.565979 0.611462 2.68663 -2.62853</i>
                        <i>0.956079 -0.0829865 0.281116 0.277018 0.569234 -0.774102 -0.0957808 0.817976 0.567222 0.611391 2.68731 -2.62863</i>
                        <i>0.956135 -0.0843195 0.280527 0.277205 0.569961 -0.773499 -0.0946682 0.817334 0.568334 0.611334 2.68791 -2.6287</i>
                        <i>0.956185 -0.0854402 0.280018 0.277357 0.570556 -0.773006 -0.0937204 0.816802 0.569255 0.611296 2.68842 -2.62875</i>
                        <i>0.956225 -0.0862853 0.279621 0.277464 0.570977 -0.772657 -0.0929882 0.816419 0.569924 0.611283 2.6888 -2.62877</i>
                        <i>0.956254 -0.0868059 0.279363 0.277524 0.571206 -0.772467 -0.0925192 0.816204 0.570308 0.61129 2.68902 -2.62876</i>
                        <i>0.956266 -0.0869602 0.279273 0.277534 0.571238 -0.772439 -0.0923598 0.816165 0.57039 0.611309 2.68908 -2.62873</i>
                        <i>0.956262 -0.0867369 0.279356 0.277494 0.571072 -0.772576 -0.0925218 0.816305 0.570164 0.61134 2.68896 -2.62869</i>
                        <i>0.956244 -0.0861928 0.279586 0.27741 0.57074 -0.772851 -0.0929567 0.816594 0.569678 0.611379 2.68871 -2.62864</i>
                        <i>0.956214 -0.0853762 0.279938 0.277289 0.570269 -0.773242 -0.0936235 0.817009 0.568974 0.611426 2.68833 -2.62858</i>
                        <i>0.956174 -0.0843354 0.280389 0.277135 0.569687 -0.773727 -0.0944814 0.817523 0.568093 0.61148 2.68785 -2.62851</i>
                        <i>0.956127 -0.0831189 0.280915 0.276954 0.569021 -0.774281 -0.0954892 0.818111 0.567076 0.611537 2.68729 -2.62844</i>
                        <i>0.956072 -0.0817754 0.281493 0.276754 0.568298 -0.774883 -0.0966055 0.818749 0.565966 0.611596 2.68668 -2.62836</i>
                        <i>0.956014 -0.0803546 0.2821 0.276541 0.567545 -0.775512 -0.0977885 0.819412 0.564802 0.611657 2.68603 -2.62828</i>
                        <i>0.955953 -0.0789064 0.282714 0.276321 0.566787 -0.776144 -0.0989961 0.820077 0.563625 0.611716 2.68538 -2.6282</i>
                        <i>0.955892 -0.0774817 0.283314 0.276103 0.56605 -0.776759 -0.100185 0.820721 0.562476 0.611773 2.68474 -2.62813</i>
                        <i>0.955833 -0.0761314 0.283877 0.275895 0.56536 -0.777335 -0.101313 0.821324 0.561394 0.611826 2.68414 -2.62806</i>
                        <i>0.955779 -0.0749077 0.284384 0.275705 0.56474 -0.777853 -0.102336 0.821862 0.560419 0.611873 2.68359 -2.628</i>
                        <i>0.955733 -0.0738626 0.284815 0.275541 0.564215 -0.778292 -0.10321 0.822317 0.559591 0.611913 2.68313 -2.62795</i>
                        <i>0.955696 -0.0730486 0.285148 0.275413 0.563808 -0.778632 -0.103891 0.822669 0.558948 0.611943 2.68277 -2.62791</i>
                        <i>0.955672 -0.0725181 0.285365 0.275329 0.563545 -0.778852 -0.104335 0.822896 0.55853 0.611963 2.68253 -2.62788</i>
                        <i>0.955662 -0.0723232 0.285445 0.275299 0.563449 -0.778933 -0.104498 0.822979 0.558377 0.61197 2.68245 -2.62787</i>
                    </KeyFrames>
                </p>
            </i>
            <i>
                <p>
                    <Name>
                        <![CDATA[l_elbow]]>
</Name>
                    <Exclude>0</Exclude>
                    <Additive>0</Additive>
                    <IKPriority>0</IKPriority>
                    <IKRotLimits>-1e+010 -1e+010 -1e+010 1e+010 1e+010 1e+010</IKRotLimits>
                    <IKRotLimitOrder>0</IKRotLimitOrder>
                    <KeyFrames count="30">
                        <i>-0.132525 0.823327 0.551879 0.274974 0.565474 -0.777578 -0.952274 0.0487041 -0.301332 0.922825 2.65892 -2.53502</i>
                        <i>-0.132492 0.823235 0.552023 0.275016 0.565598 -0.777473 -0.952267 0.048806 -0.30134 0.922814 2.65895 -2.53507</i>
                        <i>-0.132402 0.822987 0.552415 0.27513 0.565935 -0.777188 -0.952246 0.0490849 -0.301359 0.922785 2.65903 -2.5352</i>
                        <i>-0.132265 0.822608 0.553012 0.275301 0.56645 -0.776752 -0.952216 0.0495074 -0.301386 0.92274 2.65915 -2.53539</i>
