<?xml version="1.0" encoding="ISO-8859-1" ?>
<Animl Version="1">
    <ModellingPackage><![CDATA[Maya.2010]]></ModellingPackage>
    <SrcFile><![CDATA[anims\turrets\antitank\red\~src\at_rpg7\at_rpg7_reload_high_crewman_c.mb]]></SrcFile>
    <FramesPerSecond>30</FramesPerSecond>
    <TotalFrames>70</TotalFrames>
    <Skeleton>
        <RefFrame>
            <Name><![CDATA[soldier_ref_frame]]></Name>
            <Exclude>0</Exclude>
            <Additive>0</Additive>
            <IKPriority>0</IKPriority>
            <IKRotLimits>-1e+010 -1e+010 -1e+010 1e+010 1e+010 1e+010</IKRotLimits>
            <IKRotLimitOrder>0</IKRotLimitOrder>
            <KeyFrames count="70">
                <i>1 0 0 0 1 0 0 0 1 -0.53 0.87 -0.03</i>
                <i>1 0 0 0 1 0 0 0 1 -0.53 0.87 -0.03</i>
                <i>1 0 0 0 1 0 0 0 1 -0.53 0.87 -0.03</i>
                <i>1 0 0 0 1 0 0 0 1 -0.53 0.87 -0.03</i>
                <i>1 0 0 0 1 0 0 0 1 -0.53 0.87 -0.03</i>
                <i>1 0 0 0 1 0 0 0 1 -0.53 0.87 -0.03</i>
                <i>1 0 0 0 1 0 0 0 1 -0.53 0.87 -0.03</i>
                <i>1 0 0 0 1 0 0 0 1 -0.53 0.87 -0.03</i>
                <i>1 0 0 0 1 0 0 0 1 -0.53 0.87 -0.03</i>
                <i>1 0 0 0 1 0 0 0 1 -0.53 0.87 -0.03</i>
                <i>1 0 0 0 1 0 0 0 1 -0.53 0.87 -0.03</i>
                <i>1 0 0 0 1 0 0 0 1 -0.53 0.87 -0.03</i>
                <i>1 0 0 0 1 0 0 0 1 -0.53 0.87 -0.03</i>
                <i>1 0 0 0 1 0 0 0 1 -0.53 0.87 -0.03</i>
                <i>1 0 0 0 1 0 0 0 1 -0.53 0.87 -0.03</i>
                <i>1 0 0 0 1 0 0 0 1 -0.53 0.87 -0.03</i>
                <i>1 0 0 0 1 0 0 0 1 -0.53 0.87 -0.03</i>
                <i>1 0 0 0 1 0 0 0 1 -0.53 0.87 -0.03</i>
                <i>1 0 0 0 1 0 0 0 1 -0.53 0.87 -0.03</i>
                <i>1 0 0 0 1 0 0 0 1 -0.53 0.87 -0.03</i>
                <i>1 0 0 0 1 0 0 0 1 -0.53 0.87 -0.03</i>
                <i>1 0 0 0 1 0 0 0 1 -0.53 0.87 -0.03</i>
                <i>1 0 0 0 1 0 0 0 1 -0.53 0.87 -0.03</i>
                <i>1 0 0 0 1 0 0 0 1 -0.53 0.87 -0.03</i>
                <i>1 0 0 0 1 0 0 0 1 -0.53 0.87 -0.03</i>
                <i>1 0 0 0 1 0 0 0 1 -0.53 0.87 -0.03</i>
                <i>1 0 0 0 1 0 0 0 1 -0.53 0.87 -0.03</i>
                <i>1 0 0 0 1 0 0 0 1 -0.53 0.87 -0.03</i>
                <i>1 0 0 0 1 0 0 0 1 -0.53 0.87 -0.03</i>
                <i>1 0 0 0 1 0 0 0 1 -0.53 0.87 -0.03</i>
                <i>1 0 0 0 1 0 0 0 1 -0.53 0.87 -0.03</i>
                <i>1 0 0 0 1 0 0 0 1 -0.53 0.87 -0.03</i>
                <i>1 0 0 0 1 0 0 0 1 -0.53 0.87 -0.03</i>
                <i>1 0 0 0 1 0 0 0 1 -0.53 0.87 -0.03</i>
                <i>1 0 0 0 1 0 0 0 1 -0.53 0.87 -0.03</i>
                <i>1 0 0 0 1 0 0 0 1 -0.53 0.87 -0.03</i>
                <i>1 0 0 0 1 0 0 0 1 -0.53 0.87 -0.03</i>
                <i>1 0 0 0 1 0 0 0 1 -0.53 0.87 -0.03</i>
                <i>1 0 0 0 1 0 0 0 1 -0.53 0.87 -0.03</i>
                <i>1 0 0 0 1 0 0 0 1 -0.53 0.87 -0.03</i>
                <i>1 0 0 0 1 0 0 0 1 -0.53 0.87 -0.03</i>
                <i>1 0 0 0 1 0 0 0 1 -0.53 0.87 -0.03</i>
                <i>1 0 0 0 1 0 0 0 1 -0.53 0.87 -0.03</i>
                <i>1 0 0 0 1 0 0 0 1 -0.53 0.87 -0.03</i>
                <i>1 0 0 0 1 0 0 0 1 -0.53 0.87 -0.03</i>
                <i>1 0 0 0 1 0 0 0 1 -0.53 0.87 -0.03</i>
                <i>1 0 0 0 1 0 0 0 1 -0.53 0.87 -0.03</i>
                <i>1 0 0 0 1 0 0 0 1 -0.53 0.87 -0.03</i>
                <i>1 0 0 0 1 0 0 0 1 -0.53 0.87 -0.03</i>
                <i>1 0 0 0 1 0 0 0 1 -0.53 0.87 -0.03</i>
                <i>1 0 0 0 1 0 0 0 1 -0.53 0.87 -0.03</i>
                <i>1 0 0 0 1 0 0 0 1 -0.53 0.87 -0.03</i>
                <i>1 0 0 0 1 0 0 0 1 -0.53 0.87 -0.03</i>
                <i>1 0 0 0 1 0 0 0 1 -0.53 0.87 -0.03</i>
                <i>1 0 0 0 1 0 0 0 1 -0.53 0.87 -0.03</i>
                <i>1 0 0 0 1 0 0 0 1 -0.53 0.87 -0.03</i>
                <i>1 0 0 0 1 0 0 0 1 -0.53 0.87 -0.03</i>
                <i>1 0 0 0 1 0 0 0 1 -0.53 0.87 -0.03</i>
                <i>1 0 0 0 1 0 0 0 1 -0.53 0.87 -0.03</i>
                <i>1 0 0 0 1 0 0 0 1 -0.53 0.87 -0.03</i>
                <i>1 0 0 0 1 0 0 0 1 -0.53 0.87 -0.03</i>
                <i>1 0 0 0 1 0 0 0 1 -0.53 0.87 -0.03</i>
                <i>1 0 0 0 1 0 0 0 1 -0.53 0.87 -0.03</i>
                <i>1 0 0 0 1 0 0 0 1 -0.53 0.87 -0.03</i>
                <i>1 0 0 0 1 0 0 0 1 -0.53 0.87 -0.03</i>
                <i>1 0 0 0 1 0 0 0 1 -0.53 0.87 -0.03</i>
                <i>1 0 0 0 1 0 0 0 1 -0.53 0.87 -0.03</i>
                <i>1 0 0 0 1 0 0 0 1 -0.53 0.87 -0.03</i>
                <i>1 0 0 0 1 0 0 0 1 -0.53 0.87 -0.03</i>
                <i>1 0 0 0 1 0 0 0 1 -0.53 0.87 -0.03</i>
            </KeyFrames>
        </RefFrame>
        <Bones count="23">
            <i>
                <p>
                    <Name><![CDATA[pelvis]]></Name>
                    <Exclude>0</Exclude>
                    <Additive>0</Additive>
                    <IKPriority>0</IKPriority>
                    <IKRotLimits>-1e+010 -1e+010 -1e+010 1e+010 1e+010 1e+010</IKRotLimits>
                    <IKRotLimitOrder>2</IKRotLimitOrder>
                    <KeyFrames count="70">
                        <i>1 0 0 0 1 0 0 0 1 -0.463214 1.55846 -0.0346948</i>
                        <i>1 0 0 0 1 0 0 0 1 -0.484744 1.5783 0.0259156</i>
                        <i>1 0 0 0 1 0 0 0 1 -0.508002 1.61915 0.0865261</i>
                        <i>1 0 0 0 1 0 0 0 1 -0.532122 1.65308 0.126033</i>
                        <i>1 0 0 0 1 0 0 0 1 -0.556243 1.66656 0.144924</i>
                        <i>1 0 0 0 1 0 0 0 1 -0.5795 1.66421 0.158069</i>
                        <i>1 0 0 0 1 0 0 0 1 -0.60103 1.64575 0.165938</i>
                        <i>1 0 0 0 1 0 0 0 1 -0.619971 1.61931 0.169001</i>
                        <i>1 0 0 0 1 0 0 0 1 -0.635458 1.59676 0.167729</i>
                        <i>1 0 0 0 1 0 0 0 1 -0.646629 1.59 0.162593</i>
                        <i>1 0 0 0 1 0 0 0 1 -0.652821 1.59948 0.146228</i>
                        <i>1 0 0 0 1 0 0 0 1 -0.654608 1.61714 0.11729</i>
                        <i>1 0 0 0 1 0 0 0 1 -0.652979 1.64206 0.0852743</i>
                        <i>1 0 0 0 1 0 0 0 1 -0.648923 1.67332 0.0596787</i>
                        <i>1 0 0 0 1 0 0 0 1 -0.643428 1.71 0.05</i>
                        <i>1 0 0 0 1 0 0 0 1 -0.637483 1.76157 0.0623616</i>
                        <i>1 0 0 0 1 0 0 0 1 -0.632076 1.82866 0.0904323</i>
                        <i>1 0 0 0 1 0 0 0 1 -0.628198 1.89703 0.125027</i>
                        <i>1 0 0 0 1 0 0 0 1 -0.626835 1.95248 0.15696</i>
                        <i>1 0 0 0 1 0 0 0 1 -0.628978 1.98079 0.177046</i>
                        <i>1 0 0 0 1 0 0 0 1 -0.640188 1.96966 0.183947</i>
                        <i>1 0 0 0 1 0 0 0 1 -0.660721 1.92859 0.183836</i>
                        <i>1 0 0 0 1 0 0 0 1 -0.683603 1.87605 0.178788</i>
                        <i>1 0 0 0 1 0 0 0 1 -0.701839 1.83051 0.170851</i>
                        <i>1 0 0 0 1 0 0 0 1 -0.708406 1.81041 0.162042</i>
                        <i>1 0 0 0 1 0 0 0 1 -0.699672 1.82288 0.149646</i>
                        <i>1 0 0 0 1 0 0 0 1 -0.680358 1.85559 0.132174</i>
                        <i>1 0 0 0 1 0 0 0 1 -0.656004 1.89771 0.113525</i>
                        <i>1 0 0 0 1 0 0 0 1 -0.63215 1.9385 0.0977251</i>
                        <i>1 0 0 0 1 0 0 0 1 -0.614264 1.96723 0.0889028</i>
                        <i>1 0 0 0 1 0 0 0 1 -0.602162 1.98362 0.0861239</i>
                        <i>1 0 0 0 1 0 0 0 1 -0.592114 1.9948 0.0854171</i>
                        <i>1 0 0 0 1 0 0 0 1 -0.584203 2.00122 0.0863623</i>
                        <i>1 0 0 0 1 0 0 0 1 -0.578519 2.00327 0.0885394</i>
                        <i>1 0 0 0 1 0 0 0 1 -0.57515 2.00139 0.0915285</i>
                        <i>1 0 0 0 1 0 0 0 1 -0.574945 1.99185 0.0949097</i>
                        <i>1 0 0 0 1 0 0 0 1 -0.577845 1.97438 0.0982639</i>
                        <i>1 0 0 0 1 0 0 0 1 -0.582579 1.95455 0.101172</i>
                        <i>1 0 0 0 1 0 0 0 1 -0.587876 1.93792 0.103217</i>
                        <i>1 0 0 0 1 0 0 0 1 -0.592466 1.93008 0.10398</i>
                        <i>1 0 0 0 1 0 0 0 1 -0.598643 1.93363 0.103981</i>
                        <i>1 0 0 0 1 0 0 0 1 -0.607255 1.94485 0.104008</i>
                        <i>1 0 0 0 1 0 0 0 1 -0.61486 1.95983 0.104045</i>
                        <i>1 0 0 0 1 0 0 0 1 -0.618014 1.97464 0.104079</i>
                        <i>1 0 0 0 1 0 0 0 1 -0.61327 1.98536 0.104099</i>
                        <i>1 0 0 0 1 0 0 0 1 -0.597136 1.99885 0.104428</i>
                        <i>1 0 0 0 1 0 0 0 1 -0.572001 2.01772 0.104337</i>
                        <i>1 0 0 0 1 0 0 0 1 -0.543235 2.0317 0.102222</i>
                        <i>1 0 0 0 1 0 0 0 1 -0.516172 2.03052 0.096491</i>
                        <i>1 0 0 0 1 0 0 0 1 -0.496117 2.00392 0.0856136</i>
                        <i>1 0 0 0 1 0 0 0 1 -0.483246 1.93022 0.0642044</i>
                        <i>1 0 0 0 1 0 0 0 1 -0.473922 1.8163 0.0332733</i>
                        <i>1 0 0 0 1 0 0 0 1 -0.467729 1.69471 0.00099597</i>
                        <i>1 0 0 0 1 0 0 0 1 -0.464282 1.59794 -0.0244033</i>
                        <i>1 0 0 0 1 0 0 0 1 -0.463214 1.55846 -0.0346948</i>
                        <i>1 0 0 0 1 0 0 0 1 -0.463214 1.55846 -0.0346948</i>
                        <i>1 0 0 0 1 0 0 0 1 -0.463214 1.55845 -0.0346948</i>
                        <i>1 0 0 0 1 0 0 0 1 -0.463214 1.55844 -0.0346948</i>
                        <i>1 0 0 0 1 0 0 0 1 -0.463214 1.55845 -0.0346948</i>
                        <i>1 0 0 0 1 0 0 0 1 -0.463214 1.55846 -0.0346948</i>
                        <i>1 0 0 0 1 0 0 0 1 -0.463214 1.55846 -0.0346948</i>
                        <i>1 0 0 0 1 0 0 0 1 -0.463214 1.55847 -0.0346948</i>
                        <i>1 0 0 0 1 0 0 0 1 -0.463214 1.55847 -0.0346948</i>
                        <i>1 0 0 0 1 0 0 0 1 -0.463214 1.55847 -0.0346948</i>
                        <i>1 0 0 0 1 0 0 0 1 -0.463214 1.55847 -0.0346948</i>
                        <i>1 0 0 0 1 0 0 0 1 -0.463214 1.55847 -0.0346948</i>
                        <i>1 0 0 0 1 0 0 0 1 -0.463214 1.55846 -0.0346948</i>
                        <i>1 0 0 0 1 0 0 0 1 -0.463214 1.55846 -0.0346948</i>
                        <i>1 0 0 0 1 0 0 0 1 -0.463214 1.55846 -0.0346948</i>
                        <i>1 0 0 0 1 0 0 0 1 -0.463214 1.55846 -0.0346948</i>
                    </KeyFrames>
                </p>
            </i>
            <i>
                <p>
                    <Name><![CDATA[spine0]]></Name>
                    <Exclude>0</Exclude>
                    <Additive>0</Additive>
                    <IKPriority>0</IKPriority>
                    <IKRotLimits>-1e+010 -1e+010 -1e+010 1e+010 1e+010 1e+010</IKRotLimits>
                    <IKRotLimitOrder>0</IKRotLimitOrder>
                    <KeyFrames count="70">
                        <i>-0.0908398 0.9236 0.37244 -0.995574 -0.093274 -0.0115184 0.0241006 -0.371838 0.927985 -0.484507 1.69595 -0.0712703</i>
                        <i>-0.0753622 0.870993 0.485481 -0.996865 -0.0775725 -0.0155738 0.0240953 -0.485132 0.874109 -0.506118 1.71867 0.00279926</i>
                        <i>-0.0583703 0.801494 0.595147 -0.998028 -0.060631 -0.0162309 0.0230754 -0.594921 0.803453 -0.529313 1.7611 0.0769032</i>
                        <i>-0.0427929 0.741357 0.669745 -0.998884 -0.0451608 -0.0138335 0.0199907 -0.66959 0.742462 -0.553213 1.79538 0.124496</i>
                        <i>-0.0317078 0.731688 0.680902 -0.999391 -0.0331189 -0.0109499 0.0145388 -0.680835 0.732293 -0.577 1.80883 0.139769</i>
                        <i>-0.0257683 0.769973 0.637556 -0.999634 -0.0251127 -0.0100741 0.00825395 -0.637582 0.770338 -0.599868 1.80541 0.139521</i>
                        <i>-0.0244169 0.842609 0.537971 -0.9997 -0.0217125 -0.0113657 0.00210389 -0.538087 0.842886 -0.620959 1.78276 0.126865</i>
                        <i>-0.0255609 0.919803 0.391546 -0.999667 -0.02209 -0.0133674 -0.0036461 -0.391757 0.920061 -0.63941 1.74732 0.106314</i>
                        <i>-0.0274959 0.965977 0.257162 -0.999592 -0.024578 -0.0145547 -0.00773903 -0.257457 0.966259 -0.654459 1.71399 0.0865284</i>
                        <i>-0.0295947 0.978727 0.203019 -0.999522 -0.0271684 -0.0147283 -0.00889927 -0.203358 0.979064 -0.665411 1.70164 0.0738221</i>
                        <i>-0.0294631 0.979721 0.19819 -0.999566 -0.0287352 -0.00654835 -0.000720513 -0.198297 0.980142 -0.67226 1.71283 0.0597978</i>
                        <i>-0.0269935 0.984132 0.175373 -0.999476 -0.0297036 0.0128461 0.0178515 -0.174934 0.984418 -0.675668 1.73382 0.0358012</i>
                        <i>-0.0248706 0.988959 0.146086 -0.998755 -0.0309031 0.0391701 0.0432521 -0.14493 0.988496 -0.676142 1.76195 0.00920297</i>
                        <i>-0.0248708 0.992248 0.121758 -0.996884 -0.0337374 0.0713098 0.0748648 -0.119605 0.989995 -0.674306 1.79688 -0.00950561</i>
                        <i>-0.027093 0.993281 0.112508 -0.993534 -0.0391706 0.106567 0.110258 -0.108893 0.98792 -0.67077 1.83737 -0.0110287</i>
                        <i>-0.0296976 0.992402 0.119403 -0.988783 -0.0466603 0.141883 0.146377 -0.11385 0.982656 -0.666234 1.89258 0.010346</i>
                        <i>-0.0310385 0.990395 0.134741 -0.983161 -0.0545405 0.174415 0.180089 -0.127058 0.97541 -0.661586 1.96271 0.0473479</i>
                        <i>-0.0309365 0.987608 0.153863 -0.977457 -0.0620586 0.201806 0.208854 -0.144151 0.967264 -0.657923 2.03329 0.0897068</i>
                        <i>-0.029994 0.984616 0.172139 -0.972644 -0.0684394 0.22199 0.230356 -0.160771 0.959734 -0.656513 2.09006 0.127139</i>
                        <i>-0.0293121 0.982253 0.185258 -0.969717 -0.0729013 0.233096 0.242465 -0.172816 0.954644 -0.65869 2.11881 0.14939</i>
                        <i>-0.0298167 0.981673 0.188227 -0.97321 -0.071461 0.218531 0.227977 -0.176668 0.957505 -0.668998 2.10689 0.151791</i>
                        <i>-0.0283141 0.982702 0.183014 -0.981844 -0.0616955 0.179376 0.187564 -0.174613 0.966608 -0.686626 2.06345 0.140968</i>
                        <i>-0.0200766 0.983968 0.17721 -0.989221 -0.0452638 0.139258 0.145047 -0.172504 0.974271 -0.70533 2.00717 0.12371</i>
                        <i>-0.00413233 0.984134 0.177379 -0.992509 -0.0256954 0.119441 0.122104 -0.175557 0.976868 -0.72029 1.95787 0.106534</i>
                        <i>0.0163862 0.982673 0.184625 -0.990054 -0.00985784 0.14034 0.139728 -0.185088 0.972738 -0.727414 1.93651 0.0954559</i>
                        <i>0.0458055 0.979842 0.194451 -0.975026 0.00150749 0.222084 0.217314 -0.199768 0.955441 -0.724339 1.94998 0.0869259</i>
                        <i>0.0845954 0.976314 0.199136 -0.937685 0.0104041 0.347332 0.337033 -0.216109 0.916355 -0.713268 1.98377 0.0757592</i>
                        <i>0.122541 0.973062 0.195277 -0.876736 0.0139285 0.48077 0.465099 -0.23012 0.854826 -0.696811 2.02683 0.0649566</i>
                        <i>0.151402 0.971016 0.184946 -0.806618 0.0132172 0.590925 0.571353 -0.238649 0.78524 -0.678688 2.06829 0.0566738</i>
                        <i>0.164967 0.970979 0.173164 -0.75541 0.0115027 0.655152 0.634147 -0.238888 0.735385 -0.663761 2.09736 0.0526781</i>
                        <i>0.168564 0.972151 0.162816 -0.727353 0.0111977 0.686173 0.66524 -0.234089 0.708984 -0.652476 2.11412 0.052461</i>
                        <i>0.17103 0.973285 0.153182 -0.705015 0.0122879 0.709086 0.68826 -0.22927 0.688283 -0.642037 2.12601 0.0539848</i>
                        <i>0.172283 0.974453 0.144082 -0.688215 0.0144243 0.725363 0.704754 -0.224127 0.673119 -0.632871 2.13331 0.0567439</i>
                        <i>0.17217 0.975757 0.135115 -0.67646 0.0174064 0.736274 0.716073 -0.218164 0.663057 -0.625407 2.1363 0.0602598</i>
                        <i>0.17044 0.97731 0.125756 -0.669021 0.0210768 0.742944 0.723437 -0.210761 0.657434 -0.620072 2.13527 0.0640689</i>
                        <i>0.16674 0.979219 0.115448 -0.665011 0.0252371 0.746407 0.727982 -0.20123 0.655399 -0.618051 2.12638 0.067713</i>
                        <i>0.160598 0.981561 0.103665 -0.663442 0.0295882 0.747642 0.730789 -0.188846 0.655961 -0.619619 2.10926 0.0707365</i>
                        <i>0.151416 0.984368 0.0899609 -0.66329 0.0337044 0.747603 0.732884 -0.172869 0.658025 -0.623834 2.08939 0.0726863</i>
                        <i>0.138467 0.987598 0.074006 -0.663541 0.0370393 0.747222 0.735214 -0.152572 0.660441 -0.629754 2.07222 0.073118</i>
                        <i>0.120902 0.991105 0.0556185 -0.663231 0.0389632 0.7474 0.738584 -0.12725 0.662043 -0.636429 2.06318 0.0716062</i>
                        <i>0.0905439 0.995528 0.0269492 -0.67801 0.0417996 0.733863 0.729454 -0.0847186 0.678763 -0.645537 2.06469 0.0676465</i>
                        <i>0.0485298 0.998741 -0.012727 -0.71354 0.0435823 0.699257 0.698931 -0.0248536 0.714757 -0.656735 2.07329 0.0621624</i>
                        <i>0.00724816 0.998573 -0.0529133 -0.753941 0.0402179 0.65571 0.656902 0.0351408 0.753157 -0.666112 2.08568 0.0568184</i>
                        <i>-0.0234956 0.996239 -0.0833985 -0.785665 0.0331855 0.617761 0.618205 0.080038 0.781931 -0.669976 2.0987 0.0530579</i>
                        <i>-0.0360129 0.994945 -0.0937392 -0.798258 0.0277933 0.601673 0.601237 0.0964961 0.793223 -0.664809 2.10921 0.0521234</i>
                        <i>-0.0361491 0.995252 -0.0903707 -0.813151 0.0232744 0.581588 0.58093 0.0945089 0.808448 -0.646676 2.12329 0.0519408</i>
                        <i>-0.0349013 0.995868 -0.0838353 -0.848541 0.0147884 0.528923 0.527978 0.0895978 0.844519 -0.618026 2.14256 0.049634</i>
                        <i>-0.0339072 0.997047 -0.068897 -0.889803 0.00127361 0.456342 0.455083 0.076778 0.887133 -0.584956 2.157 0.0451628</i>
                        <i>-0.0346427 0.998486 -0.0427254 -0.925362 -0.0158988 0.378751 0.377498 0.0526574 0.924512 -0.553655 2.15648 0.037968</i>
                        <i>-0.035846 0.99934 -0.00596063 -0.949061 -0.032173 0.313445 0.313047 0.0168928 0.949588 -0.53022 2.13069 0.0267814</i>
                        <i>-0.032689 0.997745 0.0586193 -0.968057 -0.0461951 0.246439 0.248592 -0.0486909 0.967384 -0.51347 2.05891 0.00744513</i>
                        <i>-0.0358543 0.987071 0.156224 -0.984824 -0.0614613 0.162309 0.169812 -0.148034 0.974295 -0.499786 1.9481 -0.0182697</i>
                        <i>-0.0538087 0.964081 0.260103 -0.993955 -0.0766759 0.0785778 0.0956989 -0.254302 0.962378 -0.490579 1.82948 -0.0438463</i>
                        <i>-0.0784611 0.936915 0.340638 -0.99597 -0.0885632 0.0141832 0.0434565 -0.338153 0.940087 -0.48584 1.73471 -0.0634309</i>
                        <i>-0.0908398 0.9236 0.37244 -0.995574 -0.093274 -0.0115184 0.0241006 -0.371838 0.927985 -0.484507 1.69595 -0.0712703</i>
                        <i>-0.0908398 0.9236 0.37244 -0.995574 -0.093274 -0.0115184 0.0241006 -0.371838 0.927985 -0.484507 1.69595 -0.0712703</i>
                        <i>-0.0908398 0.9236 0.37244 -0.995574 -0.093274 -0.0115184 0.0241006 -0.371838 0.927985 -0.484507 1.69594 -0.0712703</i>
                        <i>-0.0908398 0.9236 0.37244 -0.995574 -0.093274 -0.0115184 0.0241006 -0.371838 0.927985 -0.484507 1.69594 -0.0712703</i>
                        <i>-0.0908398 0.9236 0.37244 -0.995574 -0.093274 -0.0115184 0.0241006 -0.371838 0.927985 -0.484507 1.69594 -0.0712703</i>
                        <i>-0.0908398 0.9236 0.37244 -0.995574 -0.093274 -0.0115184 0.0241006 -0.371838 0.927985 -0.484507 1.69595 -0.0712703</i>
                        <i>-0.0908398 0.9236 0.37244 -0.995574 -0.093274 -0.0115184 0.0241006 -0.371838 0.927985 -0.484507 1.69596 -0.0712703</i>
                        <i>-0.0908398 0.9236 0.37244 -0.995574 -0.093274 -0.0115184 0.0241006 -0.371838 0.927985 -0.484507 1.69596 -0.0712703</i>
                        <i>-0.0908398 0.9236 0.37244 -0.995574 -0.093274 -0.0115184 0.0241006 -0.371838 0.927985 -0.484507 1.69596 -0.0712703</i>
                        <i>-0.0908398 0.9236 0.37244 -0.995574 -0.093274 -0.0115184 0.0241006 -0.371838 0.927985 -0.484507 1.69596 -0.0712703</i>
                        <i>-0.0908398 0.9236 0.37244 -0.995574 -0.093274 -0.0115184 0.0241006 -0.371838 0.927985 -0.484507 1.69596 -0.0712703</i>
                        <i>-0.0908398 0.9236 0.37244 -0.995574 -0.093274 -0.0115184 0.0241006 -0.371838 0.927985 -0.484507 1.69596 -0.0712703</i>
                        <i>-0.0908398 0.9236 0.37244 -0.995574 -0.093274 -0.0115184 0.0241006 -0.371838 0.927985 -0.484507 1.69596 -0.0712703</i>
                        <i>-0.0908398 0.9236 0.37244 -0.995574 -0.093274 -0.0115184 0.0241006 -0.371838 0.927985 -0.484507 1.69596 -0.0712703</i>
                        <i>-0.0908398 0.9236 0.37244 -0.995574 -0.093274 -0.0115184 0.0241006 -0.371838 0.927985 -0.484507 1.69596 -0.0712703</i>
                        <i>-0.0908398 0.9236 0.37244 -0.995574 -0.093274 -0.0115184 0.0241006 -0.371838 0.927985 -0.484507 1.69595 -0.0712703</i>
                    </KeyFrames>
                </p>
            </i>
            <i>
                <p>
                    <Name><![CDATA[spine1]]></Name>
                    <Exclude>0</Exclude>
                    <Additive>0</Additive>
                    <IKPriority>0</IKPriority>
                    <IKRotLimits>-1e+010 -1e+010 -1e+010 1e+010 1e+010 1e+010</IKRotLimits>
                    <IKRotLimitOrder>0</IKRotLimitOrder>
                    <KeyFrames count="70">
                        <i>0.092588 0.586099 0.804932 -0.994923 0.0864789 0.0514737 -0.039441 -0.805611 0.59113 -0.502451 1.87842 0.00213886</i>
                        <i>0.0940605 0.443239 0.891455 -0.993345 0.10157 0.0543101 -0.0664723 -0.890631 0.449843 -0.521053 1.89131 0.0988415</i>
                        <i>0.0904405 0.280853 0.95548 -0.991607 0.114399 0.0602338 -0.092389 -0.952909 0.288842 -0.540931 1.92068 0.195188</i>
                        <i>0.0793967 0.148147 0.985773 -0.990438 0.123644 0.0611905 -0.11282 -0.981206 0.156548 -0.561779 1.94384 0.258379</i>
                        <i>0.0603059 0.103589 0.99279 -0.990294 0.130983 0.0464874 -0.125223 -0.985958 0.110482 -0.583389 1.95631 0.276766</i>
                        <i>0.036508 0.14506 0.988749 -0.990745 0.13469 0.0168213 -0.130735 -0.980212 0.148635 -0.605094 1.96165 0.26864</i>
                        <i>0.0126722 0.271564 0.962337 -0.99065 0.134155 -0.0248126 -0.135841 -0.953024 0.270725 -0.625948 1.95503 0.236617</i>
                        <i>-0.00654856 0.448299 0.89386 -0.989057 0.128849 -0.0718678 -0.147391 -0.884549 0.442549 -0.644679 1.93704 0.186844</i>
                        <i>-0.018418 0.592917 0.805053 -0.986438 0.120572 -0.111368 -0.163099 -0.796186 0.582655 -0.66017 1.91477 0.139751</i>
                        <i>-0.022414 0.64946 0.760066 -0.984281 0.118883 -0.130609 -0.175184 -0.751045 0.636586 -0.671572 1.90549 0.115879</i>
                        <i>-0.0150806 0.664974 0.746715 -0.984482 0.120708 -0.127377 -0.174837 -0.737048 0.652834 -0.678312 1.91411 0.100303</i>
                        <i>0.0030743 0.703631 0.710559 -0.986453 0.118676 -0.113251 -0.164013 -0.700585 0.694465 -0.681078 1.93095 0.0707519</i>
                        <i>0.0261191 0.751447 0.659277 -0.988997 0.11549 -0.0924547 -0.145615 -0.649607 0.746195 -0.680992 1.95459 0.0375155</i>
                        <i>0.0484287 0.799483 0.598733 -0.991828 0.109328 -0.0657609 -0.118033 -0.590655 0.798245 -0.679013 1.98438 0.0133962</i>
                        <i>0.0652568 0.837993 0.541764 -0.994343 0.100208 -0.0352297 -0.0838115 -0.536401 0.839792 -0.675753 2.01978 0.00955808</i>
                        <i>0.0761007 0.86571 0.494726 -0.995975 0.0895637 -0.00352083 -0.0473575 -0.492467 0.869042 -0.671561 2.07038 0.0316919</i>
                        <i>0.0827112 0.887026 0.45425 -0.996492 0.079433 0.0263334 -0.012724 -0.454835 0.890485 -0.667039 2.13658 0.0709785</i>
                        <i>0.0861585 0.901881 0.423305 -0.996141 0.0708406 0.0518213 0.0167495 -0.426136 0.904504 -0.663275 2.20406 0.116304</i>
                        <i>0.0880873 0.910242 0.4046 -0.995386 0.0649203 0.0706566 0.0380479 -0.408957 0.91176 -0.661649 2.25865 0.156616</i>
                        <i>0.0900668 0.912022 0.40013 -0.994761 0.0628741 0.0806049 0.0483557 -0.405293 0.912907 -0.663685 2.28624 0.180975</i>
                        <i>0.0873494 0.900094 0.426851 -0.995688 0.0654523 0.0657362 0.0312304 -0.430752 0.90193 -0.674089 2.27453 0.183937</i>
                        <i>0.0786787 0.872224 0.482736 -0.996845 0.0739326 0.0288867 -0.0104943 -0.483486 0.875289 -0.6915 2.23259 0.172464</i>
                        <i>0.0731139 0.836943 0.542385 -0.995904 0.0902747 -0.00505241 -0.0531922 -0.539794 0.840115 -0.708829 2.17852 0.154555</i>
                        <i>0.0835851 0.804741 0.587712 -0.993523 0.112861 -0.0132382 -0.0769831 -0.582798 0.808962 -0.721021 2.13119 0.137746</i>
                        <i>0.122185 0.786133 0.60586 -0.990699 0.13344 0.0266502 -0.0598956 -0.603481 0.795125 -0.724517 2.11049 0.12811</i>
                        <i>0.201117 0.776419 0.597265 -0.979457 0.150232 0.134516 0.0147127 -0.612049 0.790683 -0.716175 2.12482 0.121581</i>
                        <i>0.304123 0.765621 0.566863 -0.943859 0.161594 0.288129 0.128996 -0.622666 0.771782 -0.697939 2.16093 0.111836</i>
                        <i>0.400942 0.756725 0.516345 -0.880208 0.161983 0.446089 0.253928 -0.633347 0.731021 -0.674216 2.20657 0.100955</i>
                        <i>0.471756 0.752419 0.459687 -0.805323 0.1554 0.572106 0.359028 -0.640091 0.679251 -0.650422 2.24995 0.091194</i>
                        <i>0.505971 0.755467 0.416248 -0.752184 0.150269 0.64159 0.422151 -0.637721 0.644283 -0.632853 2.27967 0.0851144</i>
                        <i>0.515938 0.763502 0.388424 -0.725485 0.148344 0.672061 0.4555 -0.628537 0.630446 -0.621006 2.29601 0.0828522</i>
                        <i>0.519757 0.772211 0.365435 -0.704966 0.146055 0.69404 0.482572 -0.618351 0.620296 -0.610298 2.307 0.0824056</i>
                        <i>0.518483 0.78168 0.346629 -0.690332 0.143434 0.709132 0.504596 -0.606962 0.613987 -0.601149 2.31307 0.0832665</i>
                        <i>0.512977 0.792002 0.331039 -0.680955 0.140656 0.71869 0.522641 -0.594094 0.611472 -0.593991 2.31464 0.0849071</i>
                        <i>0.503999 0.803207 0.317557 -0.675979 0.137967 0.72389 0.537622 -0.579502 0.612487 -0.589269 2.31215 0.0867894</i>
                        <i>0.492269 0.815227 0.305084 -0.674402 0.135614 0.725803 0.550321 -0.56304 0.616549 -0.5882 2.3019 0.0883745</i>
                        <i>0.478491 0.827893 0.292642 -0.675157 0.133788 0.72544 0.561435 -0.544696 0.622974 -0.591114 2.28366 0.0891295</i>
                        <i>0.463338 0.840964 0.279458 -0.677179 0.132584 0.723774 0.571616 -0.524596 0.630915 -0.597148 2.26303 0.0885349</i>
                        <i>0.44741 0.854169 0.264989 -0.679465 0.131996 0.721737 0.581508 -0.502963 0.639435 -0.605465 2.24559 0.0860932</i>
                        <i>0.431161 0.867268 0.248892 -0.681118 0.131934 0.720189 0.591759 -0.480042 0.647596 -0.615257 2.23688 0.0813388</i>
                        <i>0.381941 0.899352 0.212806 -0.69891 0.13042 0.703218 0.604686 -0.41732 0.678379 -0.629724 2.23872 0.0723439</i>
                        <i>0.287833 0.946636 0.145025 -0.738615 0.123041 0.662803 0.60959 -0.297895 0.734615 -0.648309 2.24689 0.0599401</i>
                        <i>0.183624 0.981141 0.060369 -0.782945 0.108845 0.612495 0.594373 -0.159734 0.788166 -0.664864 2.25833 0.0476635</i>
                        <i>0.103119 0.994567 -0.0142786 -0.816853 0.0928666 0.569322 0.567555 -0.0470443 0.821991 -0.674029 2.27041 0.03868</i>
                        <i>0.0726803 0.996354 -0.0446841 -0.828852 0.0852594 0.552933 0.554726 -0.00315081 0.832027 -0.67101 2.28049 0.0359832</i>
                        <i>0.0796196 0.996155 -0.0365525 -0.839291 0.0867759 0.536713 0.537821 -0.0120546 0.842973 -0.652911 2.29486 0.0363577</i>
                        <i>0.095525 0.995332 -0.0137345 -0.867252 0.0899897 0.489668 0.488619 -0.0348643 0.871801 -0.624075 2.315 0.0351084</i>
                        <i>0.116961 0.992624 0.0319146 -0.900547 0.0924533 0.424815 0.418731 -0.0784275 0.904718 -0.590881 2.33097 0.0331251</i>
                        <i>0.139437 0.984689 0.10462 -0.929429 0.0936911 0.356908 0.341642 -0.147003 0.928262 -0.559781 2.33271 0.030399</i>
                        <i>0.162301 0.96595 0.20149 -0.948322 0.0962706 0.302353 0.272661 -0.24015 0.931657 -0.536666 2.30998 0.0256663</i>
                        <i>0.18377 0.921907 0.341052 -0.963331 0.0999036 0.249022 0.195503 -0.374309 0.906461 -0.519486 2.24197 0.0181299</i>
                        <i>0.181298 0.838796 0.513374 -0.978058 0.0993103 0.18314 0.102634 -0.535312 0.838396 -0.506555 2.13401 0.0110514</i>
                        <i>0.150252 0.729217 0.667584 -0.988368 0.094718 0.118987 0.0235352 -0.677696 0.734966 -0.500973 2.01551 0.00620882</i>
                        <i>0.111088 0.629338 0.769151 -0.993517 0.0891246 0.0705694 -0.0241384 -0.772004 0.635159 -0.501244 1.91863 0.00327704</i>
                        <i>0.092588 0.586099 0.804932 -0.994923 0.0864789 0.0514737 -0.039441 -0.805611 0.59113 -0.502451 1.87842 0.00213886</i>
                        <i>0.092588 0.586099 0.804932 -0.994923 0.0864789 0.0514737 -0.039441 -0.805611 0.59113 -0.502451 1.87842 0.00213886</i>
                        <i>0.092588 0.586099 0.804932 -0.994923 0.0864789 0.0514737 -0.039441 -0.805611 0.59113 -0.502451 1.87841 0.00213886</i>
                        <i>0.092588 0.586099 0.804932 -0.994923 0.0864789 0.0514737 -0.039441 -0.805611 0.59113 -0.502451 1.87841 0.00213886</i>
                        <i>0.092588 0.586099 0.804932 -0.994923 0.0864789 0.0514737 -0.039441 -0.805611 0.59113 -0.502451 1.87841 0.00213886</i>
                        <i>0.092588 0.586099 0.804932 -0.994923 0.0864789 0.0514737 -0.039441 -0.805611 0.59113 -0.502451 1.87842 0.00213886</i>
                        <i>0.092588 0.586099 0.804932 -0.994923 0.0864789 0.0514737 -0.039441 -0.805611 0.59113 -0.502451 1.87843 0.00213886</i>
                        <i>0.092588 0.586099 0.804932 -0.994923 0.0864789 0.0514737 -0.039441 -0.805611 0.59113 -0.502451 1.87843 0.00213886</i>
                        <i>0.092588 0.586099 0.804932 -0.994923 0.0864789 0.0514737 -0.039441 -0.805611 0.59113 -0.502451 1.87843 0.00213886</i>
                        <i>0.092588 0.586099 0.804932 -0.994923 0.0864789 0.0514737 -0.039441 -0.805611 0.59113 -0.502451 1.87843 0.00213886</i>
                        <i>0.092588 0.586099 0.804932 -0.994923 0.0864789 0.0514737 -0.039441 -0.805611 0.59113 -0.502451 1.87843 0.00213886</i>
                        <i>0.092588 0.586099 0.804932 -0.994923 0.0864789 0.0514737 -0.039441 -0.805611 0.59113 -0.502451 1.87843 0.00213886</i>
                        <i>0.092588 0.586099 0.804932 -0.994923 0.0864789 0.0514737 -0.039441 -0.805611 0.59113 -0.502451 1.87843 0.00213886</i>
                        <i>0.092588 0.586099 0.804932 -0.994923 0.0864789 0.0514737 -0.039441 -0.805611 0.59113 -0.502451 1.87843 0.00213886</i>
                        <i>0.092588 0.586099 0.804932 -0.994923 0.0864789 0.0514737 -0.039441 -0.805611 0.59113 -0.502451 1.87842 0.00213886</i>
                        <i>0.092588 0.586099 0.804932 -0.994923 0.0864789 0.0514737 -0.039441 -0.805611 0.59113 -0.502451 1.87842 0.00213886</i>
                    </KeyFrames>
                </p>
            </i>
            <i>
                <p>
                    <Name><![CDATA[spine2]]></Name>
                    <Exclude>0</Exclude>
                    <Additive>0</Additive>
                    <IKPriority>0</IKPriority>
                    <IKRotLimits>-1e+010 -1e+010 -1e+010 1e+010 1e+010 1e+010</IKRotLimits>
                    <IKRotLimitOrder>0</IKRotLimitOrder>
                    <KeyFrames count="70">
                        <i>0.196038 0.29622 0.934785 -0.979714 0.0995912 0.173902 -0.0415832 -0.949913 0.309735 -0.485682 1.98433 0.148487</i>
                        <i>0.158911 0.125523 0.979281 -0.984569 0.0937805 0.147748 -0.0732916 -0.987648 0.138489 -0.504001 1.97146 0.261307</i>
                        <i>0.112048 -0.0580553 0.992006 -0.988533 0.0951855 0.117226 -0.10123 -0.993765 -0.0467243 -0.524506 1.97142 0.369941</i>
                        <i>0.0572765 -0.200237 0.978072 -0.991021 0.107151 0.0799714 -0.120814 -0.973871 -0.192302 -0.547325 1.97043 0.439577</i>
                        <i>-0.00207149 -0.246291 0.969194 -0.991386 0.127424 0.0302622 -0.130952 -0.960783 -0.244434 -0.572397 1.97479 0.460393</i>
                        <i>-0.059882 -0.20069 0.977823 -0.988963 0.144924 -0.0308199 -0.135525 -0.968876 -0.207153 -0.598478 1.98795 0.452771</i>
                        <i>-0.109395 -0.0589313 0.99225 -0.983452 0.151449 -0.0994299 -0.144415 -0.986707 -0.0745238 -0.62377 2.00528 0.417322</i>
                        <i>-0.145781 0.151128 0.977706 -0.975621 0.141911 -0.167406 -0.164047 -0.978275 0.126756 -0.646146 2.02125 0.356367</i>
                        <i>-0.166105 0.339841 0.925698 -0.967885 0.123449 -0.218995 -0.188701 -0.932346 0.308422 -0.663944 2.02732 0.29379</i>
                        <i>-0.170066 0.430648 0.886352 -0.963693 0.115207 -0.240881 -0.205849 -0.895137 0.395419 -0.676138 2.02914 0.261689</i>
                        <i>-0.159415 0.464307 0.87121 -0.963688 0.118313 -0.239391 -0.214227 -0.877736 0.428586 -0.681432 2.03904 0.241596</i>
                        <i>-0.137679 0.516222 0.845316 -0.965722 0.119649 -0.230358 -0.220057 -0.848056 0.482054 -0.680768 2.05996 0.201861</i>
                        <i>-0.109435 0.576193 0.809954 -0.969165 0.119137 -0.2157 -0.22078 -0.808584 0.545388 -0.67655 2.0887 0.155826</i>
                        <i>-0.07966 0.635051 0.768351 -0.973419 0.116485 -0.197197 -0.214732 -0.763637 0.608892 -0.670812 2.12294 0.117642</i>
                        <i>-0.0524395 0.683541 0.728026 -0.978019 0.112176 -0.175768 -0.201811 -0.721241 0.662634 -0.664928 2.16103 0.101219</i>
                        <i>-0.0288237 0.721284 0.69204 -0.98241 0.107344 -0.152798 -0.184497 -0.684271 0.705502 -0.659205 2.21285 0.11334</i>
                        <i>-0.00864267 0.75393 0.656898 -0.986121 0.102497 -0.130611 -0.165802 -0.64891 0.74258 -0.653861 2.27971 0.144424</i>
                        <i>0.00744555 0.780976 0.624517 -0.988945 0.0982453 -0.111068 -0.148097 -0.616786 0.773074 -0.649747 2.34747 0.183704</i>
                        <i>0.0193211 0.801778 0.59731 -0.990785 0.0954591 -0.0960874 -0.134059 -0.589949 0.796234 -0.647951 2.40202 0.220401</i>
                        <i>0.0270862 0.815891 0.57757 -0.991599 0.0950371 -0.087749 -0.126484 -0.570341 0.811611 -0.649741 2.42926 0.243767</i>
                        <i>0.0252296 0.816164 0.577269 -0.99028 0.0994141 -0.0972751 -0.136781 -0.569204 0.810739 -0.66055 2.4159 0.251036</i>
                        <i>0.0162457 0.802544 0.596372 -0.986739 0.109208 -0.120083 -0.161501 -0.586513 0.793675 -0.679228 2.3706 0.248938</i>
                        <i>0.0126085 0.784574 0.619907 -0.983199 0.122631 -0.135208 -0.1821 -0.607787 0.772939 -0.697305 2.31242 0.241482</i>
                        <i>0.0270847 0.768554 0.639211 -0.982951 0.136809 -0.122843 -0.181861 -0.624986 0.759156 -0.707669 2.26133 0.233</i>
                        <i>0.0703214 0.757368 0.64919 -0.987284 0.145858 -0.0632184 -0.142569 -0.636489 0.757994 -0.704797 2.23825 0.226827</i>
                        <i>0.15596 0.743203 0.650634 -0.986568 0.149605 0.0655946 -0.0485883 -0.652125 0.756553 -0.683319 2.25199 0.219686</i>
                        <i>0.272183 0.721094 0.637134 -0.958848 0.147659 0.242502 0.080788 -0.67692 0.73161 -0.64729 2.28843 0.206571</i>
                        <i>0.38882 0.698676 0.600559 -0.896657 0.137172 0.42094 0.21172 -0.702165 0.679808 -0.606153 2.33482 0.188838</i>
                        <i>0.479634 0.683358 0.550429 -0.819053 0.123612 0.560244 0.314807 -0.719543 0.618995 -0.569253 2.37907 0.170464</i>
                        <i>0.525673 0.682241 0.508149 -0.764211 0.116324 0.634389 0.373697 -0.721814 0.582525 -0.54545 2.4098 0.157173</i>
                        <i>0.540869 0.689921 0.481114 -0.738386 0.115541 0.664407 0.4028 -0.714604 0.571921 -0.532188 2.42707 0.149865</i>
                        <i>0.549996 0.696672 0.4606 -0.719571 0.11534 0.684773 0.423937 -0.708057 0.564741 -0.521365 2.43877 0.14507</i>
                        <i>0.554203 0.703019 0.445672 -0.707229 0.11534 0.697513 0.438961 -0.701755 0.561118 -0.513144 2.44541 0.142231</i>
                        <i>0.55433 0.709532 0.435066 -0.700425 0.115328 0.704347 0.449581 -0.695172 0.560904 -0.507725 2.44753 0.140697</i>
                        <i>0.551035 0.716748 0.427356 -0.698002 0.115219 0.706766 0.457333 -0.687748 0.563781 -0.505344 2.44563 0.13978</i>
                        <i>0.544872 0.72513 0.42107 -0.698712 0.115001 0.706099 0.46359 -0.678941 0.569318 -0.507023 2.4361 0.138788</i>
                        <i>0.536335 0.735048 0.414789 -0.701312 0.114695 0.703567 0.469581 -0.668244 0.577013 -0.512907 2.41878 0.137058</i>
                        <i>0.525848 0.74677 0.407207 -0.70463 0.114303 0.700308 0.476424 -0.655186 0.586303 -0.521966 2.39932 0.133972</i>
                        <i>0.513731 0.760485 0.39717 -0.707595 0.113781 0.697397 0.485169 -0.63931 0.596568 -0.533219 2.38337 0.128972</i>
                        <i>0.500131 0.776319 0.383662 -0.709244 0.113029 0.695843 0.496832 -0.620123 0.607129 -0.545747 2.37655 0.121553</i>
                        <i>0.438091 0.829215 0.3471 -0.728495 0.101274 0.677524 0.526661 -0.549678 0.648446 -0.568301 2.38323 0.106654</i>
                        <i>0.306009 0.913159 0.269255 -0.768534 0.0700218 0.635966 0.561885 -0.401543 0.723221 -0.602281 2.39822 0.0832124</i>
                        <i>0.151392 0.975225 0.161296 -0.807327 0.0278371 0.589447 0.570353 -0.219457 0.79154 -0.635664 2.41444 0.0573319</i>
                        <i>0.0308566 0.997687 0.0605687 -0.832624 -0.00786814 0.553783 0.552978 -0.0675188 0.830455 -0.657699 2.42823 0.0364619</i>
                        <i>-0.00551236 0.999763 0.0210369 -0.841184 -0.0160114 0.540511 0.54072 -0.0147165 0.841074 -0.659526 2.43844 0.0289408</i>
                        <i>0.0221276 0.999225 0.0325468 -0.852197 0.00182943 0.523218 0.522753 -0.0393138 0.851577 -0.640303 2.45299 0.0305957</i>
                        <i>0.0639294 0.996245 0.0583836 -0.878674 0.0284559 0.476574 0.473123 -0.0817672 0.877194 -0.608863 2.47369 0.0329637</i>
                        <i>0.115563 0.986921 0.112395 -0.908274 0.0591867 0.414168 0.402099 -0.149948 0.903234 -0.572096 2.4904 0.0383111</i>
                        <i>0.170339 0.964478 0.201908 -0.931254 0.090587 0.352931 0.322104 -0.248146 0.913604 -0.537117 2.49264 0.0474821</i>
                        <i>0.224941 0.919416 0.322608 -0.942376 0.121134 0.311854 0.247645 -0.374167 0.893684 -0.509847 2.46937 0.0590609</i>
                        <i>0.271159 0.829426 0.48839 -0.948629 0.144347 0.281545 0.163024 -0.539644 0.825959 -0.488438 2.39744 0.0758807</i>
                        <i>0.279913 0.68159 0.67608 -0.957591 0.148108 0.247151 0.0683231 -0.716588 0.694142 -0.475139 2.27903 0.100197</i>
                        <i>0.251567 0.505885 0.825103 -0.967839 0.132793 0.213669 -0.00147583 -0.852318 0.523021 -0.47433 2.1445 0.124871</i>
                        <i>0.213643 0.357591 0.909113 -0.976317 0.110636 0.185918 -0.0340983 -0.927302 0.372758 -0.481235 2.03171 0.142267</i>
