<?xml version="1.0" encoding="ISO-8859-1" ?>
<Animl Version="1">
    <ModellingPackage><![CDATA[Maya.2010]]></ModellingPackage>
    <SrcFile><![CDATA[anims\turrets\antitank\red\~src\at_rpg7\at_rpg7_idle_crewman_c.mb]]></SrcFile>
    <FramesPerSecond>30</FramesPerSecond>
    <TotalFrames>60</TotalFrames>
    <Skeleton>
        <RefFrame>
            <Name><![CDATA[soldier_ref_frame]]></Name>
            <Exclude>0</Exclude>
            <Additive>0</Additive>
            <IKPriority>0</IKPriority>
            <IKRotLimits>-1e+010 -1e+010 -1e+010 1e+010 1e+010 1e+010</IKRotLimits>
            <IKRotLimitOrder>0</IKRotLimitOrder>
            <KeyFrames count="60">
                <i>1 0 0 0 1 0 0 0 1 -0.53 0.87 -0.03</i>
                <i>1 0 0 0 1 0 0 0 1 -0.53 0.87 -0.03</i>
                <i>1 0 0 0 1 0 0 0 1 -0.53 0.87 -0.03</i>
                <i>1 0 0 0 1 0 0 0 1 -0.53 0.87 -0.03</i>
                <i>1 0 0 0 1 0 0 0 1 -0.53 0.87 -0.03</i>
                <i>1 0 0 0 1 0 0 0 1 -0.53 0.87 -0.03</i>
                <i>1 0 0 0 1 0 0 0 1 -0.53 0.87 -0.03</i>
                <i>1 0 0 0 1 0 0 0 1 -0.53 0.87 -0.03</i>
                <i>1 0 0 0 1 0 0 0 1 -0.53 0.87 -0.03</i>
                <i>1 0 0 0 1 0 0 0 1 -0.53 0.87 -0.03</i>
                <i>1 0 0 0 1 0 0 0 1 -0.53 0.87 -0.03</i>
                <i>1 0 0 0 1 0 0 0 1 -0.53 0.87 -0.03</i>
                <i>1 0 0 0 1 0 0 0 1 -0.53 0.87 -0.03</i>
                <i>1 0 0 0 1 0 0 0 1 -0.53 0.87 -0.03</i>
                <i>1 0 0 0 1 0 0 0 1 -0.53 0.87 -0.03</i>
                <i>1 0 0 0 1 0 0 0 1 -0.53 0.87 -0.03</i>
                <i>1 0 0 0 1 0 0 0 1 -0.53 0.87 -0.03</i>
                <i>1 0 0 0 1 0 0 0 1 -0.53 0.87 -0.03</i>
                <i>1 0 0 0 1 0 0 0 1 -0.53 0.87 -0.03</i>
                <i>1 0 0 0 1 0 0 0 1 -0.53 0.87 -0.03</i>
                <i>1 0 0 0 1 0 0 0 1 -0.53 0.87 -0.03</i>
                <i>1 0 0 0 1 0 0 0 1 -0.53 0.87 -0.03</i>
                <i>1 0 0 0 1 0 0 0 1 -0.53 0.87 -0.03</i>
                <i>1 0 0 0 1 0 0 0 1 -0.53 0.87 -0.03</i>
                <i>1 0 0 0 1 0 0 0 1 -0.53 0.87 -0.03</i>
                <i>1 0 0 0 1 0 0 0 1 -0.53 0.87 -0.03</i>
                <i>1 0 0 0 1 0 0 0 1 -0.53 0.87 -0.03</i>
                <i>1 0 0 0 1 0 0 0 1 -0.53 0.87 -0.03</i>
                <i>1 0 0 0 1 0 0 0 1 -0.53 0.87 -0.03</i>
                <i>1 0 0 0 1 0 0 0 1 -0.53 0.87 -0.03</i>
                <i>1 0 0 0 1 0 0 0 1 -0.53 0.87 -0.03</i>
                <i>1 0 0 0 1 0 0 0 1 -0.53 0.87 -0.03</i>
                <i>1 0 0 0 1 0 0 0 1 -0.53 0.87 -0.03</i>
                <i>1 0 0 0 1 0 0 0 1 -0.53 0.87 -0.03</i>
                <i>1 0 0 0 1 0 0 0 1 -0.53 0.87 -0.03</i>
                <i>1 0 0 0 1 0 0 0 1 -0.53 0.87 -0.03</i>
                <i>1 0 0 0 1 0 0 0 1 -0.53 0.87 -0.03</i>
                <i>1 0 0 0 1 0 0 0 1 -0.53 0.87 -0.03</i>
                <i>1 0 0 0 1 0 0 0 1 -0.53 0.87 -0.03</i>
                <i>1 0 0 0 1 0 0 0 1 -0.53 0.87 -0.03</i>
                <i>1 0 0 0 1 0 0 0 1 -0.53 0.87 -0.03</i>
                <i>1 0 0 0 1 0 0 0 1 -0.53 0.87 -0.03</i>
                <i>1 0 0 0 1 0 0 0 1 -0.53 0.87 -0.03</i>
                <i>1 0 0 0 1 0 0 0 1 -0.53 0.87 -0.03</i>
                <i>1 0 0 0 1 0 0 0 1 -0.53 0.87 -0.03</i>
                <i>1 0 0 0 1 0 0 0 1 -0.53 0.87 -0.03</i>
                <i>1 0 0 0 1 0 0 0 1 -0.53 0.87 -0.03</i>
                <i>1 0 0 0 1 0 0 0 1 -0.53 0.87 -0.03</i>
                <i>1 0 0 0 1 0 0 0 1 -0.53 0.87 -0.03</i>
                <i>1 0 0 0 1 0 0 0 1 -0.53 0.87 -0.03</i>
                <i>1 0 0 0 1 0 0 0 1 -0.53 0.87 -0.03</i>
                <i>1 0 0 0 1 0 0 0 1 -0.53 0.87 -0.03</i>
                <i>1 0 0 0 1 0 0 0 1 -0.53 0.87 -0.03</i>
                <i>1 0 0 0 1 0 0 0 1 -0.53 0.87 -0.03</i>
                <i>1 0 0 0 1 0 0 0 1 -0.53 0.87 -0.03</i>
                <i>1 0 0 0 1 0 0 0 1 -0.53 0.87 -0.03</i>
                <i>1 0 0 0 1 0 0 0 1 -0.53 0.87 -0.03</i>
                <i>1 0 0 0 1 0 0 0 1 -0.53 0.87 -0.03</i>
                <i>1 0 0 0 1 0 0 0 1 -0.53 0.87 -0.03</i>
                <i>1 0 0 0 1 0 0 0 1 -0.53 0.87 -0.03</i>
            </KeyFrames>
        </RefFrame>
        <Bones count="23">
            <i>
                <p>
                    <Name><![CDATA[pelvis]]></Name>
                    <Exclude>0</Exclude>
                    <Additive>0</Additive>
                    <IKPriority>0</IKPriority>
                    <IKRotLimits>-1e+010 -1e+010 -1e+010 1e+010 1e+010 1e+010</IKRotLimits>
                    <IKRotLimitOrder>2</IKRotLimitOrder>
                    <KeyFrames count="60">
                        <i>1 0 0 0 1 0 0 0 1 -0.41 1.55846 -0.0346948</i>
                        <i>1 0 0 0 1 0 0 0 1 -0.41 1.55961 -0.0346948</i>
                        <i>1 0 0 0 1 0 0 0 1 -0.41 1.56087 -0.0346948</i>
                        <i>1 0 0 0 1 0 0 0 1 -0.41 1.56222 -0.0346948</i>
                        <i>1 0 0 0 1 0 0 0 1 -0.41 1.56363 -0.0346948</i>
                        <i>1 0 0 0 1 0 0 0 1 -0.41 1.56509 -0.0346948</i>
                        <i>1 0 0 0 1 0 0 0 1 -0.41 1.56658 -0.0346948</i>
                        <i>1 0 0 0 1 0 0 0 1 -0.41 1.56808 -0.0346948</i>
                        <i>1 0 0 0 1 0 0 0 1 -0.41 1.56957 -0.0346948</i>
                        <i>1 0 0 0 1 0 0 0 1 -0.41 1.57103 -0.0346948</i>
                        <i>1 0 0 0 1 0 0 0 1 -0.41 1.57245 -0.0346948</i>
                        <i>1 0 0 0 1 0 0 0 1 -0.41 1.5738 -0.0346948</i>
                        <i>1 0 0 0 1 0 0 0 1 -0.41 1.57507 -0.0346948</i>
                        <i>1 0 0 0 1 0 0 0 1 -0.41 1.57623 -0.0346948</i>
                        <i>1 0 0 0 1 0 0 0 1 -0.41 1.57727 -0.0346948</i>
                        <i>1 0 0 0 1 0 0 0 1 -0.41 1.57818 -0.0346948</i>
                        <i>1 0 0 0 1 0 0 0 1 -0.41 1.57892 -0.0346948</i>
                        <i>1 0 0 0 1 0 0 0 1 -0.41 1.57948 -0.0346948</i>
                        <i>1 0 0 0 1 0 0 0 1 -0.41 1.57985 -0.0346948</i>
                        <i>1 0 0 0 1 0 0 0 1 -0.41 1.58 -0.0346948</i>
                        <i>1 0 0 0 1 0 0 0 1 -0.41 1.57997 -0.0346948</i>
                        <i>1 0 0 0 1 0 0 0 1 -0.41 1.57981 -0.0346948</i>
                        <i>1 0 0 0 1 0 0 0 1 -0.41 1.57953 -0.0346948</i>
                        <i>1 0 0 0 1 0 0 0 1 -0.41 1.57913 -0.0346948</i>
                        <i>1 0 0 0 1 0 0 0 1 -0.41 1.57863 -0.0346948</i>
                        <i>1 0 0 0 1 0 0 0 1 -0.41 1.57803 -0.0346948</i>
                        <i>1 0 0 0 1 0 0 0 1 -0.41 1.57734 -0.0346948</i>
                        <i>1 0 0 0 1 0 0 0 1 -0.41 1.57657 -0.0346948</i>
                        <i>1 0 0 0 1 0 0 0 1 -0.41 1.57572 -0.0346948</i>
                        <i>1 0 0 0 1 0 0 0 1 -0.41 1.5748 -0.0346948</i>
                        <i>1 0 0 0 1 0 0 0 1 -0.41 1.57381 -0.0346948</i>
                        <i>1 0 0 0 1 0 0 0 1 -0.41 1.57278 -0.0346948</i>
                        <i>1 0 0 0 1 0 0 0 1 -0.41 1.5717 -0.0346948</i>
                        <i>1 0 0 0 1 0 0 0 1 -0.41 1.57058 -0.0346948</i>
                        <i>1 0 0 0 1 0 0 0 1 -0.41 1.56943 -0.0346948</i>
                        <i>1 0 0 0 1 0 0 0 1 -0.41 1.56825 -0.0346948</i>
                        <i>1 0 0 0 1 0 0 0 1 -0.41 1.56706 -0.0346948</i>
                        <i>1 0 0 0 1 0 0 0 1 -0.41 1.56586 -0.0346948</i>
                        <i>1 0 0 0 1 0 0 0 1 -0.41 1.56466 -0.0346948</i>
                        <i>1 0 0 0 1 0 0 0 1 -0.41 1.56347 -0.0346948</i>
                        <i>1 0 0 0 1 0 0 0 1 -0.41 1.56229 -0.0346948</i>
                        <i>1 0 0 0 1 0 0 0 1 -0.41 1.56113 -0.0346948</i>
                        <i>1 0 0 0 1 0 0 0 1 -0.41 1.56 -0.0346948</i>
                        <i>1 0 0 0 1 0 0 0 1 -0.41 1.55893 -0.0346948</i>
                        <i>1 0 0 0 1 0 0 0 1 -0.41 1.55795 -0.0346948</i>
                        <i>1 0 0 0 1 0 0 0 1 -0.41 1.55706 -0.0346948</i>
                        <i>1 0 0 0 1 0 0 0 1 -0.41 1.55628 -0.0346948</i>
                        <i>1 0 0 0 1 0 0 0 1 -0.41 1.5556 -0.0346948</i>
                        <i>1 0 0 0 1 0 0 0 1 -0.41 1.55504 -0.0346948</i>
                        <i>1 0 0 0 1 0 0 0 1 -0.41 1.5546 -0.0346948</i>
                        <i>1 0 0 0 1 0 0 0 1 -0.41 1.55429 -0.0346948</i>
                        <i>1 0 0 0 1 0 0 0 1 -0.41 1.55412 -0.0346948</i>
                        <i>1 0 0 0 1 0 0 0 1 -0.41 1.55409 -0.0346948</i>
                        <i>1 0 0 0 1 0 0 0 1 -0.41 1.55421 -0.0346948</i>
                        <i>1 0 0 0 1 0 0 0 1 -0.41 1.55449 -0.0346948</i>
                        <i>1 0 0 0 1 0 0 0 1 -0.41 1.55493 -0.0346948</i>
                        <i>1 0 0 0 1 0 0 0 1 -0.41 1.55554 -0.0346948</i>
                        <i>1 0 0 0 1 0 0 0 1 -0.41 1.55632 -0.0346948</i>
                        <i>1 0 0 0 1 0 0 0 1 -0.41 1.5573 -0.0346948</i>
                        <i>1 0 0 0 1 0 0 0 1 -0.41 1.55846 -0.0346948</i>
                    </KeyFrames>
                </p>
            </i>
            <i>
                <p>
                    <Name><![CDATA[spine0]]></Name>
                    <Exclude>0</Exclude>
                    <Additive>0</Additive>
                    <IKPriority>0</IKPriority>
                    <IKRotLimits>-1e+010 -1e+010 -1e+010 1e+010 1e+010 1e+010</IKRotLimits>
                    <IKRotLimitOrder>0</IKRotLimitOrder>
                    <KeyFrames count="60">
                        <i>0.0336178 0.968829 0.24544 -0.888256 -0.0836048 0.451677 0.458118 -0.233198 0.857757 -0.45469 1.68908 -0.0751693</i>
                        <i>0.0357111 0.968086 0.24806 -0.888359 -0.0829454 0.451595 0.457758 -0.236493 0.857046 -0.454583 1.69034 -0.0749473</i>
                        <i>0.0372845 0.967458 0.250269 -0.888432 -0.082564 0.451522 0.457492 -0.239181 0.856442 -0.454481 1.6917 -0.0747368</i>
                        <i>0.0383836 0.966944 0.252082 -0.888477 -0.0824262 0.451458 0.457313 -0.241298 0.855944 -0.454385 1.69313 -0.0745384</i>
                        <i>0.039055 0.966541 0.253521 -0.888499 -0.0824996 0.451401 0.457213 -0.242882 0.855549 -0.454295 1.69463 -0.0743523</i>
                        <i>0.0393451 0.966243 0.254611 -0.888501 -0.0827541 0.45135 0.457184 -0.243981 0.855252 -0.454212 1.69617 -0.074179</i>
                        <i>0.0393006 0.966041 0.255383 -0.888487 -0.0831613 0.451304 0.457216 -0.244641 0.855046 -0.454134 1.69774 -0.0740191</i>
                        <i>0.0389667 0.965926 0.255868 -0.888458 -0.0836955 0.451263 0.457302 -0.244912 0.854923 -0.454064 1.6993 -0.073873</i>
                        <i>0.0383881 0.965887 0.256103 -0.888416 -0.0843324 0.451225 0.457431 -0.244848 0.854872 -0.454 1.70085 -0.0737411</i>
                        <i>0.0376079 0.965913 0.256122 -0.888365 -0.0850499 0.451192 0.457595 -0.244498 0.854884 -0.453943 1.70237 -0.0736238</i>
                        <i>0.0366682 0.965991 0.255963 -0.888305 -0.0858271 0.451162 0.457787 -0.243916 0.854948 -0.453894 1.70383 -0.0735217</i>
                        <i>0.0356094 0.966111 0.255661 -0.888239 -0.0866446 0.451137 0.457999 -0.243152 0.855052 -0.453852 1.70522 -0.0734351</i>
                        <i>0.0344709 0.96626 0.255252 -0.888168 -0.0874836 0.451115 0.458225 -0.242257 0.855185 -0.453817 1.70652 -0.0733644</i>
                        <i>0.0332911 0.966428 0.25477 -0.888093 -0.0883262 0.451099 0.458457 -0.241277 0.855338 -0.453791 1.70771 -0.0733102</i>
                        <i>0.0321071 0.966606 0.25425 -0.888016 -0.0891543 0.451087 0.458691 -0.240261 0.855499 -0.453773 1.70877 -0.0732729</i>
                        <i>0.0309561 0.966782 0.253721 -0.887939 -0.0899497 0.451081 0.458919 -0.239253 0.855659 -0.453763 1.70968 -0.0732529</i>
                        <i>0.0298745 0.966949 0.253215 -0.887863 -0.0906934 0.451081 0.459137 -0.238296 0.855809 -0.453762 1.71043 -0.0732506</i>
                        <i>0.0288996 0.967098 0.252758 -0.887791 -0.0913651 0.451087 0.459339 -0.237432 0.85594 -0.45377 1.71098 -0.0732664</i>
                        <i>0.0280696 0.967222 0.252376 -0.887725 -0.0919427 0.4511 0.459518 -0.236703 0.856046 -0.453787 1.71133 -0.0733009</i>
                        <i>0.0272846 0.967269 0.252281 -0.887643 -0.0926219 0.451121 0.459723 -0.236244 0.856063 -0.453813 1.71146 -0.0733543</i>
                        <i>0.0264263 0.967232 0.252513 -0.887531 -0.093533 0.451154 0.459989 -0.236036 0.855977 -0.453852 1.71139 -0.0734347</i>
                        <i>0.0255336 0.967161 0.25288 -0.887401 -0.0945455 0.4512 0.460291 -0.235926 0.855845 -0.453906 1.71118 -0.0735477</i>
                        <i>0.0246697 0.967089 0.253238 -0.887265 -0.0955314 0.451259 0.4606 -0.235822 0.855708 -0.453975 1.71084 -0.07369</i>
                        <i>0.0238789 0.967057 0.253439 -0.887137 -0.0963759 0.45133 0.460887 -0.235613 0.855611 -0.454057 1.71037 -0.0738585</i>
                        <i>0.0231829 0.967101 0.253333 -0.887029 -0.0969843 0.451412 0.461131 -0.235179 0.855599 -0.454149 1.70978 -0.0740499</i>
                        <i>0.0225798 0.967211 0.252969 -0.886939 -0.0973825 0.451503 0.461334 -0.234563 0.855658 -0.454251 1.70908 -0.0742609</i>
                        <i>0.0220615 0.967345 0.252501 -0.886859 -0.0976532 0.451602 0.461512 -0.233896 0.855745 -0.454361 1.70828 -0.0744885</i>
                        <i>0.021625 0.967502 0.251936 -0.88679 -0.0978025 0.451706 0.461666 -0.233183 0.855856 -0.454478 1.70739 -0.0747294</i>
                        <i>0.0212665 0.96768 0.251285 -0.886731 -0.0978384 0.451814 0.461796 -0.232431 0.855991 -0.454599 1.70642 -0.0749804</i>
                        <i>0.0209814 0.967874 0.250558 -0.886683 -0.0977701 0.451923 0.461902 -0.231647 0.856146 -0.454724 1.70538 -0.0752383</i>
                        <i>0.0207646 0.968083 0.249768 -0.886645 -0.0976078 0.452033 0.461985 -0.230841 0.856319 -0.45485 1.70427 -0.0754999</i>
                        <i>0.0206103 0.968303 0.248927 -0.886616 -0.097363 0.452141 0.462046 -0.230022 0.856507 -0.454977 1.70311 -0.0757621</i>
                        <i>0.0205121 0.96853 0.24805 -0.886597 -0.0970478 0.452246 0.462087 -0.229197 0.856706 -0.455102 1.7019 -0.0760218</i>
                        <i>0.0204633 0.968761 0.24715 -0.886587 -0.0966751 0.452346 0.462109 -0.228377 0.856913 -0.455225 1.70066 -0.0762757</i>
                        <i>0.0204567 0.968992 0.246243 -0.886584 -0.0962584 0.45244 0.462114 -0.227571 0.857124 -0.455343 1.69939 -0.0765208</i>
                        <i>0.020485 0.96922 0.245342 -0.886589 -0.0958114 0.452527 0.462105 -0.226788 0.857337 -0.455455 1.6981 -0.076754</i>
                        <i>0.0205402 0.969441 0.244463 -0.886599 -0.0953481 0.452606 0.462084 -0.226037 0.857547 -0.455561 1.6968 -0.0769721</i>
                        <i>0.0206149 0.969652 0.243619 -0.886613 -0.0948825 0.452675 0.462052 -0.225328 0.85775 -0.455657 1.6955 -0.077172</i>
                        <i>0.0207012 0.969849 0.242826 -0.886631 -0.0944284 0.452735 0.462014 -0.224669 0.857943 -0.455743 1.69421 -0.0773506</i>
                        <i>0.0207916 0.97003 0.242096 -0.886651 -0.0939992 0.452784 0.461971 -0.224068 0.858124 -0.455817 1.69294 -0.0775049</i>
                        <i>0.020879 0.970191 0.241442 -0.886673 -0.0936078 0.452823 0.461925 -0.223534 0.858288 -0.455879 1.6917 -0.0776317</i>
                        <i>0.0209566 0.970329 0.240877 -0.886695 -0.0932663 0.45285 0.461879 -0.223075 0.858432 -0.455925 1.69049 -0.077728</i>
                        <i>0.0210183 0.970443 0.240413 -0.886717 -0.0929858 0.452865 0.461835 -0.222697 0.858554 -0.455955 1.68933 -0.0777907</i>
                        <i>0.02105 0.970534 0.240043 -0.886737 -0.0927762 0.452869 0.461795 -0.222388 0.858655 -0.455969 1.68825 -0.077819</i>
                        <i>0.0210257 0.97061 0.239736 -0.886753 -0.0926457 0.452863 0.461764 -0.222108 0.858744 -0.455967 1.68727 -0.0778156</i>
                        <i>0.0209238 0.97068 0.239464 -0.886766 -0.0926013 0.452849 0.461746 -0.221823 0.858828 -0.455951 1.6864 -0.0777821</i>
                        <i>0.0199351 0.97097 0.238368 -0.886734 -0.0929634 0.452837 0.46185 -0.220397 0.859139 -0.455921 1.68564 -0.0777205</i>
                        <i>0.0177322 0.971608 0.23593 -0.886652 -0.0937762 0.452828 0.462096 -0.217218 0.859816 -0.455879 1.68501 -0.0776325</i>
                        <i>0.0150209 0.972448 0.232634 -0.886571 -0.0946293 0.45281 0.462348 -0.213049 0.860723 -0.455825 1.68451 -0.07752</i>
                        <i>0.0124411 0.973345 0.229009 -0.88653 -0.0951966 0.452772 0.462504 -0.208656 0.861715 -0.455759 1.68414 -0.0773846</i>
                        <i>0.0105128 0.974152 0.225649 -0.886551 -0.0952966 0.45271 0.462512 -0.204808 0.862633 -0.455684 1.68391 -0.0772282</i>
                        <i>0.00962508 0.974722 0.223216 -0.886636 -0.0948983 0.452626 0.462368 -0.202268 0.86331 -0.455599 1.68382 -0.0770526</i>
                        <i>0.0100733 0.9749 0.222417 -0.886775 -0.0940779 0.452526 0.462092 -0.201792 0.863569 -0.455506 1.68389 -0.0768595</i>
                        <i>0.0118921 0.974652 0.223411 -0.88696 -0.0928803 0.452411 0.461694 -0.203537 0.863372 -0.455406 1.68411 -0.0766507</i>
                        <i>0.014721 0.974088 0.225691 -0.887178 -0.0913851 0.452287 0.461192 -0.206886 0.862844 -0.455298 1.6845 -0.076428</i>
                        <i>0.0182631 0.973262 0.22897 -0.887413 -0.089723 0.452159 0.460613 -0.211449 0.862047 -0.455185 1.68505 -0.0761933</i>
                        <i>0.022231 0.972238 0.232937 -0.88765 -0.0880047 0.452031 0.459981 -0.216816 0.861051 -0.455067 1.68578 -0.0759482</i>
                        <i>0.0263267 0.971091 0.237253 -0.887878 -0.0863372 0.451906 0.459326 -0.222549 0.859937 -0.454944 1.68669 -0.0756947</i>
                        <i>0.0302336 0.969917 0.241551 -0.888083 -0.0848319 0.451787 0.458687 -0.228177 0.858802 -0.454818 1.68779 -0.0754344</i>
                        <i>0.0336178 0.968829 0.24544 -0.888256 -0.0836048 0.451677 0.458118 -0.233198 0.857757 -0.45469 1.68908 -0.0751693</i>
                    </KeyFrames>
                </p>
            </i>
            <i>
                <p>
                    <Name><![CDATA[spine1]]></Name>
                    <Exclude>0</Exclude>
                    <Additive>0</Additive>
                    <IKPriority>0</IKPriority>
                    <IKRotLimits>-1e+010 -1e+010 -1e+010 1e+010 1e+010 1e+010</IKRotLimits>
                    <IKRotLimitOrder>0</IKRotLimitOrder>
                    <KeyFrames count="60">
                        <i>0.455153 0.738712 0.497133 -0.770398 0.0467693 0.635846 0.446456 -0.672397 0.590389 -0.448225 1.87727 -0.0276194</i>
                        <i>0.456437 0.736985 0.498516 -0.771868 0.0492735 0.633871 0.44259 -0.67411 0.591345 -0.447715 1.87828 -0.0269159</i>
                        <i>0.457468 0.735506 0.499754 -0.773193 0.0514275 0.632082 0.439199 -0.675564 0.592214 -0.44731 1.87945 -0.026294</i>
                        <i>0.458271 0.734257 0.500854 -0.774372 0.0532385 0.630486 0.436275 -0.676781 0.592986 -0.447002 1.88075 -0.025752</i>
                        <i>0.458867 0.733224 0.50182 -0.775405 0.0547151 0.629089 0.433806 -0.677782 0.593653 -0.446782 1.88217 -0.0252871</i>
                        <i>0.459276 0.732392 0.502661 -0.776293 0.0558666 0.627892 0.431781 -0.678587 0.594209 -0.44664 1.88368 -0.0248954</i>
                        <i>0.459515 0.731748 0.50338 -0.777036 0.0567025 0.626897 0.430188 -0.679213 0.59465 -0.44657 1.88526 -0.0245725</i>
                        <i>0.4596 0.731277 0.503985 -0.777635 0.0572324 0.626106 0.429013 -0.679675 0.59497 -0.446561 1.88688 -0.0243135</i>
                        <i>0.459548 0.730967 0.504483 -0.778089 0.0574655 0.62552 0.428244 -0.679989 0.595165 -0.446607 1.88851 -0.024113</i>
                        <i>0.459374 0.730803 0.504879 -0.778398 0.0574107 0.625141 0.427869 -0.68017 0.595228 -0.446698 1.89013 -0.0239653</i>
                        <i>0.459094 0.730771 0.50518 -0.77856 0.0570762 0.62497 0.427876 -0.680233 0.595152 -0.446827 1.89172 -0.0238649</i>
                        <i>0.458723 0.730855 0.505395 -0.778571 0.0564697 0.625011 0.428253 -0.680193 0.594927 -0.446987 1.89326 -0.0238062</i>
                        <i>0.458278 0.731041 0.50553 -0.778428 0.0555979 0.625268 0.42899 -0.680065 0.594542 -0.44717 1.89471 -0.0237836</i>
                        <i>0.457776 0.731311 0.505594 -0.778123 0.0544671 0.625746 0.430077 -0.679866 0.593984 -0.44737 1.89605 -0.0237919</i>
                        <i>0.457235 0.731649 0.505595 -0.77765 0.0530828 0.626452 0.431505 -0.679612 0.593238 -0.447579 1.89726 -0.0238262</i>
                        <i>0.456674 0.732037 0.50554 -0.777 0.0514499 0.627394 0.433266 -0.679319 0.592289 -0.447791 1.89831 -0.0238816</i>
                        <i>0.456113 0.732458 0.505437 -0.776163 0.0495731 0.62858 0.435352 -0.679005 0.591118 -0.447998 1.89918 -0.023954</i>
                        <i>0.455572 0.732892 0.505296 -0.775128 0.0474568 0.630019 0.437756 -0.678688 0.589705 -0.448194 1.89984 -0.0240394</i>
                        <i>0.455073 0.733321 0.505122 -0.773882 0.0451055 0.631721 0.440471 -0.678385 0.588031 -0.448371 1.90027 -0.0241343</i>
                        <i>0.454528 0.733729 0.50502 -0.771309 0.0406318 0.635162 0.445517 -0.678226 0.584401 -0.44855 1.90044 -0.0241977</i>
                        <i>0.45385 0.734164 0.504999 -0.766761 0.0330294 0.641082 0.45398 -0.678169 0.577918 -0.448756 1.90039 -0.0242287</i>
                        <i>0.453082 0.734668 0.504956 -0.760933 0.0236184 0.6484 0.464432 -0.678016 0.569734 -0.448985 1.90016 -0.0242705</i>
                        <i>0.452286 0.735244 0.50483 -0.754575 0.0137089 0.65607 0.475451 -0.677664 0.560997 -0.449223 1.89978 -0.0243474</i>
                        <i>0.451515 0.735905 0.504557 -0.748519 0.00461548 0.663098 0.485648 -0.677069 0.552922 -0.44946 1.89927 -0.0244843</i>
                        <i>0.450811 0.73667 0.50407 -0.743678 -0.00234763 0.668534 0.493672 -0.676248 0.546787 -0.449689 1.89865 -0.0247065</i>
                        <i>0.450166 0.737521 0.503401 -0.739864 -0.00756922 0.672714 0.499951 -0.675281 0.542258 -0.44991 1.89793 -0.0250009</i>
                        <i>0.449551 0.738418 0.502636 -0.736254 -0.0123184 0.676593 0.5058 -0.67423 0.538126 -0.450122 1.8971 -0.0253348</i>
                        <i>0.448964 0.739352 0.501786 -0.732857 -0.0166066 0.68018 0.511225 -0.673114 0.534384 -0.450325 1.89617 -0.0257029</i>
                        <i>0.448408 0.740313 0.500866 -0.729682 -0.0204466 0.683481 0.516231 -0.671951 0.531025 -0.450518 1.89516 -0.0260999</i>
                        <i>0.447881 0.741293 0.499887 -0.726738 -0.0238515 0.686501 0.520821 -0.670758 0.528043 -0.4507 1.89408 -0.0265199</i>
                        <i>0.447385 0.742281 0.498865 -0.724032 -0.0268354 0.689245 0.525 -0.669552 0.525429 -0.45087 1.89293 -0.0269569</i>
                        <i>0.446919 0.743267 0.497813 -0.721571 -0.029413 0.691716 0.528772 -0.668348 0.523174 -0.451028 1.89172 -0.0274047</i>
                        <i>0.446484 0.744241 0.496746 -0.719361 -0.0315997 0.693917 0.532139 -0.667163 0.521269 -0.451174 1.89047 -0.0278572</i>
                        <i>0.446081 0.745194 0.495679 -0.717408 -0.033411 0.695852 0.535106 -0.66601 0.519704 -0.451308 1.88919 -0.028308</i>
                        <i>0.44571 0.746114 0.494628 -0.715716 -0.0348632 0.697521 0.537674 -0.664905 0.518467 -0.451429 1.88787 -0.0287508</i>
                        <i>0.445372 0.746991 0.493607 -0.714288 -0.0359726 0.698926 0.539848 -0.66386 0.517546 -0.451538 1.88655 -0.0291794</i>
                        <i>0.445069 0.747814 0.492634 -0.713128 -0.0367556 0.700069 0.541629 -0.66289 0.516928 -0.451633 1.88522 -0.0295874</i>
                        <i>0.444803 0.748572 0.491722 -0.712237 -0.0372288 0.700951 0.543019 -0.662008 0.516601 -0.451717 1.88389 -0.0299686</i>
                        <i>0.444575 0.749253 0.490889 -0.711615 -0.0374087 0.701573 0.54402 -0.661226 0.516549 -0.451787 1.88257 -0.0303168</i>
                        <i>0.444388 0.749848 0.49015 -0.711262 -0.0373116 0.701936 0.544634 -0.660557 0.516757 -0.451845 1.88128 -0.0306261</i>
                        <i>0.444244 0.750344 0.489521 -0.711177 -0.0369534 0.702041 0.544862 -0.660013 0.517211 -0.45189 1.88003 -0.0308906</i>
                        <i>0.444145 0.750732 0.489016 -0.711358 -0.0363497 0.701889 0.544706 -0.659606 0.517894 -0.451922 1.87881 -0.0311043</i>
                        <i>0.444095 0.750999 0.488652 -0.711803 -0.0355155 0.701481 0.544166 -0.659348 0.518791 -0.45194 1.87766 -0.0312618</i>
                        <i>0.444088 0.751148 0.488429 -0.712507 -0.0344591 0.700818 0.543249 -0.659234 0.519895 -0.451948 1.87658 -0.0313632</i>
                        <i>0.444111 0.751198 0.488331 -0.713469 -0.0331795 0.699901 0.541967 -0.659242 0.521221 -0.451951 1.87563 -0.031417</i>
                        <i>0.44415 0.751167 0.488343 -0.714682 -0.0316772 0.698731 0.540333 -0.659352 0.522776 -0.451954 1.8748 -0.0314299</i>
                        <i>0.443895 0.751418 0.488188 -0.71764 -0.0281427 0.695846 0.53661 -0.659225 0.526755 -0.452114 1.87422 -0.0315529</i>
                        <i>0.443198 0.752159 0.48768 -0.723193 -0.0214511 0.690313 0.529687 -0.658632 0.534449 -0.452496 1.87396 -0.0318801</i>
                        <i>0.442291 0.753167 0.486947 -0.730374 -0.0126304 0.68293 0.520511 -0.657708 0.544508 -0.452965 1.87394 -0.0323329</i>
                        <i>0.441411 0.754206 0.486138 -0.738241 -0.00271526 0.674532 0.510056 -0.656632 0.555587 -0.453399 1.87409 -0.0328234</i>
                        <i>0.440788 0.755019 0.48544 -0.745904 0.00725183 0.666014 0.499333 -0.655663 0.566368 -0.453697 1.87434 -0.0332499</i>
                        <i>0.440641 0.755332 0.485086 -0.752549 0.0162238 0.658337 0.489393 -0.655141 0.575573 -0.453784 1.8746 -0.0334968</i>
                        <i>0.44117 0.754865 0.485332 -0.757434 0.0231531 0.652502 0.481314 -0.655471 0.581975 -0.453602 1.8748 -0.0334386</i>
                        <i>0.44243 0.753546 0.486234 -0.76071 0.0281972 0.648479 0.474949 -0.65679 0.585705 -0.453146 1.87492 -0.0330484</i>
                        <i>0.444227 0.751605 0.487599 -0.763154 0.0323493 0.645407 0.469317 -0.65882 0.58796 -0.452487 1.87502 -0.0324182</i>
                        <i>0.446374 0.74922 0.489306 -0.764997 0.0358143 0.643038 0.464252 -0.661352 0.589137 -0.451685 1.87517 -0.0315987</i>
                        <i>0.448695 0.74657 0.49123 -0.766453 0.0387937 0.641128 0.45959 -0.664175 0.589617 -0.450797 1.87541 -0.0306459</i>
                        <i>0.451027 0.743827 0.493251 -0.76772 0.041484 0.639441 0.455172 -0.667084 0.589761 -0.449883 1.8758 -0.0296205</i>
                        <i>0.453223 0.741156 0.495255 -0.768979 0.0440784 0.637753 0.450844 -0.669885 0.58991 -0.449004 1.87641 -0.0285883</i>
                        <i>0.455153 0.738712 0.497133 -0.770398 0.0467693 0.635846 0.446456 -0.672397 0.590389 -0.448225 1.87727 -0.0276194</i>
                    </KeyFrames>
                </p>
            </i>
            <i>
                <p>
                    <Name><![CDATA[spine2]]></Name>
                    <Exclude>0</Exclude>
                    <Additive>0</Additive>
                    <IKPriority>0</IKPriority>
                    <IKRotLimits>-1e+010 -1e+010 -1e+010 1e+010 1e+010 1e+010</IKRotLimits>
                    <IKRotLimitOrder>0</IKRotLimitOrder>
                    <KeyFrames count="60">
                        <i>0.674776 0.541494 0.501459 -0.586864 -0.0183163 0.809478 0.447512 -0.840505 0.305424 -0.366639 2.00879 0.0612574</i>
                        <i>0.673459 0.542895 0.501715 -0.590479 -0.0132503 0.806944 0.444734 -0.839696 0.311644 -0.365952 2.00942 0.0621578</i>
                        <i>0.672774 0.543357 0.502133 -0.593526 -0.00881667 0.804766 0.441703 -0.839455 0.316565 -0.365397 2.01028 0.0629697</i>
                        <i>0.67265 0.542979 0.502708 -0.596037 -0.00501119 0.802942 0.4385 -0.839731 0.320265 -0.364964 2.01134 0.0636938</i>
                        <i>0.673018 0.541858 0.503426 -0.598036 -0.00182697 0.801467 0.435201 -0.840468 0.322821 -0.364641 2.01257 0.0643323</i>
                        <i>0.673809 0.540091 0.504265 -0.599552 0.000744694 0.800336 0.431878 -0.841606 0.324314 -0.364418 2.01395 0.0648883</i>
                        <i>0.67496 0.537776 0.505199 -0.600608 0.00271403 0.799539 0.428602 -0.843083 0.324824 -0.364284 2.01544 0.0653655</i>
                        <i>0.676408 0.535011 0.506197 -0.601228 0.00409226 0.799067 0.425439 -0.844835 0.324432 -0.36423 2.01703 0.0657684</i>
                        <i>0.678093 0.531896 0.507225 -0.601433 0.00489151 0.798908 0.422455 -0.846796 0.323217 -0.364246 2.01866 0.0661017</i>
                        <i>0.679958 0.528529 0.508246 -0.601245 0.00512409 0.799048 0.419716 -0.8489 0.32126 -0.364324 2.02033 0.0663705</i>
                        <i>0.681948 0.525011 0.509226 -0.600682 0.0048027 0.799474 0.417287 -0.851082 0.31864 -0.364453 2.02199 0.06658</i>
                        <i>0.684008 0.521444 0.510126 -0.599761 0.00393977 0.800169 0.415234 -0.853277 0.315437 -0.364627 2.02362 0.0667353</i>
                        <i>0.686088 0.51793 0.510913 -0.598498 0.00254759 0.80112 0.413622 -0.855419 0.311728 -0.364835 2.02519 0.0668413</i>
                        <i>0.688134 0.514572 0.511554 -0.596908 0.000638179 0.802309 0.41252 -0.857447 0.307592 -0.36507 2.02666 0.066903</i>
                        <i>0.690095 0.511476 0.512016 -0.595004 -0.00177703 0.803721 0.411994 -0.859296 0.303104 -0.365323 2.02801 0.0669245</i>
                        <i>0.691921 0.508745 0.512273 -0.592797 -0.0046867 0.805339 0.412113 -0.860904 0.29834 -0.365586 2.0292 0.0669103</i>
                        <i>0.693558 0.506486 0.512298 -0.590298 -0.00808022 0.807145 0.412947 -0.86221 0.293373 -0.36585 2.03021 0.0668639</i>
                        <i>0.694952 0.504804 0.512069 -0.587517 -0.0119469 0.809124 0.414566 -0.863151 0.288278 -0.366106 2.03101 0.0667886</i>
                        <i>0.696047 0.503804 0.511567 -0.584462 -0.0162764 0.811258 0.417042 -0.863665 0.283125 -0.366345 2.03155 0.066687</i>
                        <i>0.697138 0.503598 0.510282 -0.578824 -0.0246233 0.815081 0.423037 -0.863587 0.274329 -0.3666 2.03182 0.0666166</i>
                        <i>0.698417 0.504223 0.50791 -0.569215 -0.0388378 0.821271 0.43383 -0.8627 0.259886 -0.36691 2.03185 0.0665806</i>
                        <i>0.699667 0.505631 0.504781 -0.557041 -0.0563715 0.828569 0.447405 -0.860906 0.242216 -0.367264 2.03171 0.066519</i>
                        <i>0.700704 0.507682 0.501272 -0.543829 -0.0747157 0.835863 0.461806 -0.858299 0.223739 -0.367638 2.03143 0.066399</i>
                        <i>0.701378 0.510196 0.497763 -0.53127 -0.0913861 0.842259 0.475206 -0.855189 0.206956 -0.368013 2.03101 0.0661869</i>
                        <i>0.701581 0.512956 0.494632 -0.521215 -0.103937 0.847073 0.485921 -0.8521 0.19444 -0.368376 2.03051 0.0658493</i>
                        <i>0.70137 0.515946 0.491813 -0.513296 -0.11316 0.850719 0.494578 -0.849114 0.185466 -0.368725 2.0299 0.0654051</i>
                        <i>0.700874 0.519268 0.489015 -0.505864 -0.121478 0.854017 0.502868 -0.845933 0.177539 -0.369065 2.02919 0.0648995</i>
                        <i>0.700122 0.522859 0.486259 -0.498931 -0.128925 0.856998 0.51078 -0.842613 0.170607 -0.369396 2.02839 0.0643407</i>
                        <i>0.699142 0.526654 0.483566 -0.49251 -0.135539 0.859688 0.5183 -0.839205 0.164622 -0.369714 2.0275 0.0637374</i>
                        <i>0.697963 0.530594 0.480955 -0.486608 -0.141353 0.862109 0.525414 -0.835757 0.159532 -0.370019 2.02654 0.0630986</i>
                        <i>0.696619 0.534617 0.478442 -0.481235 -0.146404 0.864279 0.532104 -0.832316 0.155289 -0.370309 2.02551 0.0624336</i>
                        <i>0.695141 0.538667 0.476043 -0.476397 -0.150728 0.866214 0.538354 -0.828926 0.151842 -0.370583 2.02442 0.0617519</i>
                        <i>0.693563 0.542686 0.473774 -0.472099 -0.154362 0.867926 0.544143 -0.82563 0.149142 -0.370841 2.02329 0.0610631</i>
                        <i>0.691921 0.546618 0.47165 -0.468345 -0.157341 0.869423 0.549452 -0.822467 0.147139 -0.37108 2.02211 0.0603769</i>
                        <i>0.690249 0.55041 0.469686 -0.465138 -0.1597 0.870714 0.554258 -0.819478 0.145784 -0.371301 2.02091 0.059703</i>
                        <i>0.688584 0.554008 0.467898 -0.462479 -0.161476 0.871802 0.558539 -0.816701 0.145027 -0.371502 2.01968 0.0590512</i>
                        <i>0.68696 0.557359 0.466301 -0.460367 -0.162702 0.872692 0.56227 -0.814174 0.144819 -0.371683 2.01844 0.0584312</i>
                        <i>0.685416 0.560411 0.464914 -0.458801 -0.163414 0.873383 0.565427 -0.811933 0.14511 -0.371842 2.0172 0.0578527</i>
                        <i>0.683985 0.563113 0.463754 -0.457778 -0.163645 0.873876 0.567983 -0.810015 0.14585 -0.371979 2.01596 0.0573253</i>
                        <i>0.682704 0.565414 0.462841 -0.457294 -0.16343 0.87417 0.56991 -0.808454 0.146986 -0.372093 2.01474 0.0568582</i>
                        <i>0.681608 0.567263 0.462194 -0.457343 -0.162799 0.874262 0.571181 -0.807285 0.148469 -0.372182 2.01354 0.056461</i>
                        <i>0.68073 0.568609 0.461835 -0.45792 -0.161786 0.874148 0.571767 -0.806542 0.150245 -0.372246 2.01238 0.0561425</i>
                        <i>0.680102 0.569399 0.461786 -0.459014 -0.160421 0.873825 0.571635 -0.806257 0.152259 -0.372282 2.01125 0.0559118</i>
                        <i>0.679751 0.569595 0.46206 -0.460617 -0.158723 0.873292 0.570762 -0.806454 0.154473 -0.372295 2.01021 0.0557694</i>
                        <i>0.679692 0.56918 0.462659 -0.462716 -0.156695 0.872548 0.569133 -0.807144 0.156864 -0.372291 2.00927 0.0557045</i>
                        <i>0.67994 0.568128 0.463586 -0.465297 -0.154341 0.871595 0.566728 -0.808337 0.159405 -0.372278 2.00845 0.0557086</i>
                        <i>0.681443 0.56447 0.465843 -0.471184 -0.14868 0.869414 0.560019 -0.811953 0.164652 -0.372439 2.00799 0.0556179</i>
                        <i>0.684533 0.557166 0.470086 -0.482011 -0.137828 0.865256 0.546883 -0.818883 0.174212 -0.37285 2.00803 0.0553248</i>
                        <i>0.688293 0.547594 0.475809 -0.495968 -0.123443 0.859522 0.529404 -0.827588 0.186624 -0.373356 2.00842 0.0549054</i>
                        <i>0.691902 0.537162 0.48242 -0.511306 -0.107192 0.852687 0.509742 -0.83664 0.200488 -0.373813 2.009 0.0544478</i>
                        <i>0.694716 0.527313 0.489194 -0.526402 -0.0907516 0.845379 0.490175 -0.844811 0.214532 -0.374102 2.00962 0.0540603</i>
                        <i>0.696287 0.519513 0.495268 -0.539781 -0.0758066 0.838385 0.473097 -0.851093 0.22764 -0.374129 2.01011 0.0538723</i>
                        <i>0.696323 0.515228 0.499674 -0.550106 -0.0640395 0.832636 0.460996 -0.854657 0.238838 -0.373822 2.01029 0.0540287</i>
                        <i>0.694783 0.514841 0.50221 -0.557763 -0.0551414 0.828167 0.454067 -0.85551 0.248848 -0.373172 2.01012 0.0545591</i>
                        <i>0.692083 0.517218 0.503494 -0.56418 -0.0474905 0.824285 0.450246 -0.854535 0.258937 -0.372269 2.00976 0.0553587</i>
                        <i>0.688629 0.521527 0.503785 -0.569635 -0.0408069 0.820884 0.448671 -0.852258 0.268979 -0.371192 2.0093 0.0563718</i>
                        <i>0.684799 0.526934 0.503379 -0.574386 -0.0348162 0.817844 0.448476 -0.849193 0.278822 -0.370017 2.00887 0.0575368</i>
                        <i>0.680963 0.532611 0.502607 -0.578682 -0.0292485 0.815029 0.448794 -0.845854 0.288295 -0.368816 2.00857 0.0587872</i>
                        <i>0.677496 0.537736 0.501836 -0.582763 -0.0238371 0.812292 0.448761 -0.842776 0.297223 -0.367665 2.00851 0.0600522</i>
                        <i>0.674776 0.541494 0.501459 -0.586864 -0.0183163 0.809478 0.447512 -0.840505 0.305424 -0.366639 2.00879 0.0612574</i>
                    </KeyFrames>
                </p>
            </i>
            <i>
                <p>
                    <Name><![CDATA[head]]></Name>
                    <Exclude>0</Exclude>
                    <Additive>0</Additive>
                    <IKPriority>0</IKPriority>
                    <IKRotLimits>-1e+010 -1e+010 -1e+010 1e+010 1e+010 1e+010</IKRotLimits>
                    <IKRotLimitOrder>0</IKRotLimitOrder>
                    <KeyFrames count="60">
                        <i>0.173538 0.978379 0.112508 -0.771947 0.206076 -0.601357 -0.61154 0.017508 0.79102 -0.184271 2.16516 0.184279</i>
                        <i>0.141773 0.986415 0.0829784 -0.77543 0.162771 -0.610093 -0.615312 0.0221506 0.787972 -0.18415 2.16638 0.185045</i>
                        <i>0.117852 0.991243 0.0595591 -0.776978 0.129395 -0.616086 -0.618398 0.0263307 0.785424 -0.183899 2.16751 0.185821</i>
                        <i>0.101102 0.993989 0.0420084 -0.777389 0.10528 -0.620147 -0.620842 0.0300412 0.78336 -0.183533 2.16854 0.186605</i>
                        <i>0.0908159 0.995417 0.0299661 -0.777187 0.0896562 -0.62285 -0.622682 0.0332754 0.781767 -0.183072 2.16949 0.187392</i>
                        <i>0.0862786 0.996006 0.0229948 -0.776682 0.0816993 -0.624572 -0.623956 0.0360275 0.780629 -0.182532 2.17037 0.188174</i>
                        <i>0.0867803 0.996014 0.020607 -0.776029 0.0805553 -0.625532 -0.624699 0.0382922 0.779926 -0.181931 2.17116 0.188943</i>
                        <i>0.0916201 0.995545 0.0222809 -0.775275 0.0853551 -0.62583 -0.624943 0.0400648 0.779641 -0.181286 2.17188 0.189688</i>
                        <i>0.100106 0.994597 0.0274718 -0.774404 0.0952203 -0.625485 -0.624722 0.0413408 0.779752 -0.180612 2.17252 0.1904</i>
                        <i>0.111554 0.99312 0.0356177 -0.773369 0.109266 -0.624469 -0.624065 0.0421163 0.780237 -0.179926 2.1731 0.191066</i>
                        <i>0.125282 0.991048 0.0461451 -0.772124 0.126602 -0.622733 -0.623 0.0423873 0.781072 -0.179242 2.17361 0.191677</i>
                        <i>0.140612 0.988337 0.0584733 -0.770645 0.146336 -0.620236 -0.621558 0.0421504 0.782233 -0.178576 2.17406 0.19222</i>
                        <i>0.156871 0.98499 0.0720208 -0.768949 0.167575 -0.616958 -0.619766 0.0414024 0.783694 -0.177941 2.17446 0.192686</i>
                        <i>0.173312 0.981092 0.0861507 -0.767119 0.189335 -0.612928 -0.61765 0.0401402 0.785428 -0.177352 2.1748 0.193064</i>
                        <i>0.189119 0.976831 0.100178 -0.765321 0.210547 -0.608238 -0.615238 0.0383609 0.787408 -0.176822 2.1751 0.193345</i>
                        <i>0.203514 0.972475 0.113467 -0.763778 0.230201 -0.603034 -0.612556 0.0360622 0.789604 -0.176366 2.17535 0.19352</i>
                        <i>0.215728 0.968366 0.125411 -0.762767 0.247309 -0.597516 -0.609629 0.0332416 0.791989 -0.175996 2.17558 0.193582</i>
                        <i>0.224989 0.964903 0.13543 -0.762599 0.260898 -0.591925 -0.606484 0.0298975 0.794533 -0.175726 2.17577 0.193524</i>
                        <i>0.230516 0.962507 0.142977 -0.763596 0.270005 -0.586531 -0.603144 0.0260282 0.797207 -0.175572 2.17594 0.193339</i>
                        <i>0.230365 0.961524 0.149674 -0.768258 0.274111 -0.578484 -0.597254 0.0182741 0.801844 -0.175501 2.17609 0.192948</i>
                        <i>0.213134 0.966239 0.144764 -0.826026 0.257335 -0.501458 -0.521781 -0.0127007 0.852985 -0.175503 2.17627 0.192274</i>
                        <i>0.177586 0.974449 0.137519 -0.924868 0.213009 -0.315035 -0.336278 -0.0712412 0.939064 -0.175612 2.17652 0.191348</i>
