<?xml version="1.0" encoding="ISO-8859-1" ?>
<Animl Version="1">
    <ModellingPackage><![CDATA[Maya.2010]]></ModellingPackage>
    <SrcFile><![CDATA[anims\turrets\antitank\red\~src\at_rpg7\at_rpg7_fire_crewman_b.mb]]></SrcFile>
    <FramesPerSecond>30</FramesPerSecond>
    <TotalFrames>40</TotalFrames>
    <Skeleton>
        <RefFrame>
            <Name><![CDATA[soldier_ref_frame]]></Name>
            <Exclude>0</Exclude>
            <Additive>0</Additive>
            <IKPriority>0</IKPriority>
            <IKRotLimits>-1e+010 -1e+010 -1e+010 1e+010 1e+010 1e+010</IKRotLimits>
            <IKRotLimitOrder>0</IKRotLimitOrder>
            <KeyFrames count="40">
                <i>1 0 0 0 1 0 0 0 1 0.45 0.92 -2.55</i>
                <i>1 0 0 0 1 0 0 0 1 0.45 0.92 -2.55</i>
                <i>1 0 0 0 1 0 0 0 1 0.45 0.92 -2.55</i>
                <i>1 0 0 0 1 0 0 0 1 0.45 0.92 -2.55</i>
                <i>1 0 0 0 1 0 0 0 1 0.45 0.92 -2.55</i>
                <i>1 0 0 0 1 0 0 0 1 0.45 0.92 -2.55</i>
                <i>1 0 0 0 1 0 0 0 1 0.45 0.92 -2.55</i>
                <i>1 0 0 0 1 0 0 0 1 0.45 0.92 -2.55</i>
                <i>1 0 0 0 1 0 0 0 1 0.45 0.92 -2.55</i>
                <i>1 0 0 0 1 0 0 0 1 0.45 0.92 -2.55</i>
                <i>1 0 0 0 1 0 0 0 1 0.45 0.92 -2.55</i>
                <i>1 0 0 0 1 0 0 0 1 0.45 0.92 -2.55</i>
                <i>1 0 0 0 1 0 0 0 1 0.45 0.92 -2.55</i>
                <i>1 0 0 0 1 0 0 0 1 0.45 0.92 -2.55</i>
                <i>1 0 0 0 1 0 0 0 1 0.45 0.92 -2.55</i>
                <i>1 0 0 0 1 0 0 0 1 0.45 0.92 -2.55</i>
                <i>1 0 0 0 1 0 0 0 1 0.45 0.92 -2.55</i>
                <i>1 0 0 0 1 0 0 0 1 0.45 0.92 -2.55</i>
                <i>1 0 0 0 1 0 0 0 1 0.45 0.92 -2.55</i>
                <i>1 0 0 0 1 0 0 0 1 0.45 0.92 -2.55</i>
                <i>1 0 0 0 1 0 0 0 1 0.45 0.92 -2.55</i>
                <i>1 0 0 0 1 0 0 0 1 0.45 0.92 -2.55</i>
                <i>1 0 0 0 1 0 0 0 1 0.45 0.92 -2.55</i>
                <i>1 0 0 0 1 0 0 0 1 0.45 0.92 -2.55</i>
                <i>1 0 0 0 1 0 0 0 1 0.45 0.92 -2.55</i>
                <i>1 0 0 0 1 0 0 0 1 0.45 0.92 -2.55</i>
                <i>1 0 0 0 1 0 0 0 1 0.45 0.92 -2.55</i>
                <i>1 0 0 0 1 0 0 0 1 0.45 0.92 -2.55</i>
                <i>1 0 0 0 1 0 0 0 1 0.45 0.92 -2.55</i>
                <i>1 0 0 0 1 0 0 0 1 0.45 0.92 -2.55</i>
                <i>1 0 0 0 1 0 0 0 1 0.45 0.92 -2.55</i>
                <i>1 0 0 0 1 0 0 0 1 0.45 0.92 -2.55</i>
                <i>1 0 0 0 1 0 0 0 1 0.45 0.92 -2.55</i>
                <i>1 0 0 0 1 0 0 0 1 0.45 0.92 -2.55</i>
                <i>1 0 0 0 1 0 0 0 1 0.45 0.92 -2.55</i>
                <i>1 0 0 0 1 0 0 0 1 0.45 0.92 -2.55</i>
                <i>1 0 0 0 1 0 0 0 1 0.45 0.92 -2.55</i>
                <i>1 0 0 0 1 0 0 0 1 0.45 0.92 -2.55</i>
                <i>1 0 0 0 1 0 0 0 1 0.45 0.92 -2.55</i>
                <i>1 0 0 0 1 0 0 0 1 0.45 0.92 -2.55</i>
            </KeyFrames>
        </RefFrame>
        <Bones count="23">
            <i>
                <p>
                    <Name><![CDATA[pelvis]]></Name>
                    <Exclude>0</Exclude>
                    <Additive>0</Additive>
                    <IKPriority>0</IKPriority>
                    <IKRotLimits>-1e+010 -1e+010 -1e+010 1e+010 1e+010 1e+010</IKRotLimits>
                    <IKRotLimitOrder>2</IKRotLimitOrder>
                    <KeyFrames count="40">
                        <i>1 0 0 0 1 0 0 0 1 0.422983 1.99097 -2.5551</i>
                        <i>1 0 0 0 1 0 0 0 1 0.422983 1.96475 -2.58532</i>
                        <i>1 0 0 0 1 0 0 0 1 0.422983 1.91386 -2.61554</i>
                        <i>1 0 0 0 1 0 0 0 1 0.422983 1.88 -2.62186</i>
                        <i>1 0 0 0 1 0 0 0 1 0.422983 1.81652 -2.59139</i>
                        <i>1 0 0 0 1 0 0 0 1 0.422983 1.77 -2.5407</i>
                        <i>1 0 0 0 1 0 0 0 1 0.422983 1.87131 -2.49013</i>
                        <i>1 0 0 0 1 0 0 0 1 0.422983 1.97 -2.46</i>
                        <i>1 0 0 0 1 0 0 0 1 0.422983 1.97572 -2.47135</i>
                        <i>1 0 0 0 1 0 0 0 1 0.422983 1.9677 -2.50701</i>
                        <i>1 0 0 0 1 0 0 0 1 0.422983 1.96 -2.53</i>
                        <i>1 0 0 0 1 0 0 0 1 0.422983 1.95652 -2.53408</i>
                        <i>1 0 0 0 1 0 0 0 1 0.422983 1.95276 -2.5377</i>
                        <i>1 0 0 0 1 0 0 0 1 0.422983 1.95011 -2.54088</i>
                        <i>1 0 0 0 1 0 0 0 1 0.422983 1.95 -2.54365</i>
                        <i>1 0 0 0 1 0 0 0 1 0.422983 1.95194 -2.54603</i>
                        <i>1 0 0 0 1 0 0 0 1 0.422983 1.95444 -2.54807</i>
                        <i>1 0 0 0 1 0 0 0 1 0.422983 1.95739 -2.54978</i>
                        <i>1 0 0 0 1 0 0 0 1 0.422983 1.9607 -2.55119</i>
                        <i>1 0 0 0 1 0 0 0 1 0.422983 1.96425 -2.55234</i>
                        <i>1 0 0 0 1 0 0 0 1 0.422983 1.96795 -2.55324</i>
                        <i>1 0 0 0 1 0 0 0 1 0.422983 1.97169 -2.55393</i>
                        <i>1 0 0 0 1 0 0 0 1 0.422983 1.97538 -2.55443</i>
                        <i>1 0 0 0 1 0 0 0 1 0.422983 1.9789 -2.55477</i>
                        <i>1 0 0 0 1 0 0 0 1 0.422983 1.98217 -2.55499</i>
                        <i>1 0 0 0 1 0 0 0 1 0.422983 1.98507 -2.5551</i>
                        <i>1 0 0 0 1 0 0 0 1 0.422983 1.9875 -2.55514</i>
                        <i>1 0 0 0 1 0 0 0 1 0.422983 1.98936 -2.55514</i>
                        <i>1 0 0 0 1 0 0 0 1 0.422983 1.99056 -2.55511</i>
                        <i>1 0 0 0 1 0 0 0 1 0.422983 1.99097 -2.5551</i>
                        <i>1 0 0 0 1 0 0 0 1 0.422983 1.99097 -2.5551</i>
                        <i>1 0 0 0 1 0 0 0 1 0.422983 1.99097 -2.5551</i>
                        <i>1 0 0 0 1 0 0 0 1 0.422983 1.99097 -2.5551</i>
                        <i>1 0 0 0 1 0 0 0 1 0.422983 1.99097 -2.5551</i>
                        <i>1 0 0 0 1 0 0 0 1 0.422983 1.99097 -2.5551</i>
                        <i>1 0 0 0 1 0 0 0 1 0.422983 1.99097 -2.5551</i>
                        <i>1 0 0 0 1 0 0 0 1 0.422983 1.99097 -2.5551</i>
                        <i>1 0 0 0 1 0 0 0 1 0.422983 1.99097 -2.5551</i>
                        <i>1 0 0 0 1 0 0 0 1 0.422983 1.99097 -2.5551</i>
                        <i>1 0 0 0 1 0 0 0 1 0.422983 1.99097 -2.5551</i>
                    </KeyFrames>
                </p>
            </i>
            <i>
                <p>
                    <Name><![CDATA[spine0]]></Name>
                    <Exclude>0</Exclude>
                    <Additive>0</Additive>
                    <IKPriority>0</IKPriority>
                    <IKRotLimits>-1e+010 -1e+010 -1e+010 1e+010 1e+010 1e+010</IKRotLimits>
                    <IKRotLimitOrder>0</IKRotLimitOrder>
                    <KeyFrames count="40">
                        <i>-0.0473834 0.998873 -0.0027491 -0.969073 -0.0453022 0.242581 0.242183 0.0141584 0.970127 0.41175 2.12755 -2.59888</i>
                        <i>-0.0577161 0.996089 -0.0668958 -0.968413 -0.0395788 0.246189 0.242578 0.0789919 0.966911 0.412293 2.09392 -2.64774</i>
                        <i>-0.0634842 0.989943 -0.12642 -0.967265 -0.0298477 0.252006 0.245698 0.13828 0.959433 0.413533 2.0331 -2.69546</i>
                        <i>-0.0681061 0.983538 -0.167376 -0.966536 -0.0234562 0.255455 0.247324 0.179173 0.952223 0.414042 1.9934 -2.70993</i>
                        <i>-0.0761547 0.977541 -0.196503 -0.967744 -0.0249978 0.250692 0.24015 0.209256 0.947913 0.413664 1.93032 -2.6789</i>
                        <i>-0.0848025 0.972693 -0.21605 -0.969901 -0.0309117 0.241529 0.228255 0.23003 0.946037 0.413368 1.88674 -2.62422</i>
                        <i>-0.0893995 0.972012 -0.217255 -0.9721 -0.0376593 0.231525 0.216863 0.231892 0.94826 0.413666 1.99298 -2.56632</i>
                        <i>-0.0871134 0.976313 -0.198049 -0.973881 -0.0416172 0.223211 0.209682 0.21232 0.954439 0.415293 2.09781 -2.52558</i>
                        <i>-0.0732361 0.98843 -0.132825 -0.975287 -0.0431438 0.216688 0.208451 0.145412 0.967163 0.418717 2.11061 -2.52117</i>
                        <i>-0.0540491 0.997768 -0.0392243 -0.976093 -0.0445116 0.212745 0.210524 0.0497853 0.97632 0.422167 2.1075 -2.54092</i>
                        <i>-0.0438542 0.99888 0.0177639 -0.975739 -0.0466424 0.213909 0.214498 -0.00795214 0.976692 0.42312 2.10106 -2.55826</i>
                        <i>-0.0472255 0.998734 0.0173457 -0.974252 -0.0498866 0.219875 0.220462 -0.00651533 0.975374 0.421219 2.09628 -2.56817</i>
                        <i>-0.0533017 0.998575 -0.00264792 -0.972218 -0.0512892 0.228388 0.227926 0.0147478 0.973567 0.418015 2.08933 -2.58263</i>
                        <i>-0.051929 0.998575 -0.0122952 -0.970388 -0.0475472 0.236826 0.235903 0.0242292 0.971474 0.414498 2.082 -2.5977</i>
                        <i>-0.0415455 0.999135 -0.00179201 -0.969365 -0.0398729 0.242365 0.242084 0.0118063 0.970183 0.411601 2.07726 -2.60977</i>
                        <i>-0.0278155 0.999408 0.0202447 -0.969216 -0.0319205 0.244136 0.244637 -0.0128307 0.96953 0.409945 2.07666 -2.61655</i>
                        <i>-0.0205362 0.999248 0.0328895 -0.969336 -0.0279573 0.244145 0.244881 -0.0268671 0.969181 0.409305 2.07882 -2.61905</i>
                        <i>-0.02017 0.999218 0.0339989 -0.969372 -0.0278701 0.24401 0.244766 -0.0280359 0.969177 0.409142 2.08253 -2.61939</i>
                        <i>-0.0205554 0.999192 0.0345403 -0.969486 -0.0283616 0.2435 0.244283 -0.0284811 0.969286 0.409341 2.08735 -2.61804</i>
                        <i>-0.0216142 0.999169 0.0345429 -0.96962 -0.0293705 0.242845 0.243658 -0.0282446 0.96945 0.409789 2.09284 -2.61547</i>
                        <i>-0.0232864 0.999153 0.0339153 -0.969737 -0.0308221 0.2422 0.243041 -0.0272489 0.969633 0.410375 2.09857 -2.61217</i>
                        <i>-0.0255437 0.999149 0.0323761 -0.969808 -0.0326248 0.241676 0.242527 -0.0252253 0.969817 0.410982 2.10419 -2.60866</i>
                        <i>-0.0283833 0.999162 0.0294741 -0.969815 -0.0346696 0.241366 0.242186 -0.0217337 0.969986 0.411486 2.10938 -2.60549</i>
                        <i>-0.0318121 0.999189 0.0246658 -0.969734 -0.0368327 0.241369 0.242082 -0.0162409 0.97012 0.411763 2.1139 -2.60321</i>
                        <i>-0.0355548 0.999196 0.0185073 -0.969593 -0.0389764 0.241598 0.242125 -0.00935461 0.9702 0.411845 2.11776 -2.60175</i>
                        <i>-0.0391663 0.999157 0.0122763 -0.969445 -0.0409733 0.241864 0.242163 -0.0024283 0.970232 0.411866 2.12108 -2.60063</i>
                        <i>-0.0423983 0.99908 0.00650322 -0.969303 -0.0427107 0.242129 0.242184 0.00396227 0.970222 0.411846 2.12379 -2.59982</i>
                        <i>-0.0450063 0.998985 0.00171997 -0.969185 -0.044081 0.242359 0.242189 0.0092407 0.970185 0.411807 2.12583 -2.59927</i>
                        <i>-0.0467485 0.998905 -0.001542 -0.969103 -0.0449794 0.24252 0.242186 0.0128318 0.970145 0.411767 2.12711 -2.59897</i>
                        <i>-0.0473834 0.998873 -0.0027491 -0.969073 -0.0453022 0.242581 0.242183 0.0141584 0.970127 0.41175 2.12755 -2.59888</i>
                        <i>-0.0473834 0.998873 -0.0027491 -0.969073 -0.0453022 0.242581 0.242183 0.0141584 0.970127 0.41175 2.12755 -2.59888</i>
                        <i>-0.0473834 0.998873 -0.0027491 -0.969073 -0.0453022 0.242581 0.242183 0.0141584 0.970127 0.41175 2.12755 -2.59888</i>
                        <i>-0.0473834 0.998873 -0.0027491 -0.969073 -0.0453022 0.242581 0.242183 0.0141584 0.970127 0.41175 2.12755 -2.59888</i>
                        <i>-0.0473834 0.998873 -0.0027491 -0.969073 -0.0453022 0.242581 0.242183 0.0141584 0.970127 0.41175 2.12755 -2.59888</i>
                        <i>-0.0473834 0.998873 -0.0027491 -0.969073 -0.0453022 0.242581 0.242183 0.0141584 0.970127 0.41175 2.12755 -2.59888</i>
                        <i>-0.0473834 0.998873 -0.0027491 -0.969073 -0.0453022 0.242581 0.242183 0.0141584 0.970127 0.41175 2.12755 -2.59888</i>
                        <i>-0.0473834 0.998873 -0.0027491 -0.969073 -0.0453022 0.242581 0.242183 0.0141584 0.970127 0.41175 2.12755 -2.59888</i>
                        <i>-0.0473834 0.998873 -0.0027491 -0.969073 -0.0453022 0.242581 0.242183 0.0141584 0.970127 0.41175 2.12755 -2.59888</i>
                        <i>-0.0473834 0.998873 -0.0027491 -0.969073 -0.0453022 0.242581 0.242183 0.0141584 0.970127 0.41175 2.12755 -2.59888</i>
                        <i>-0.0473834 0.998873 -0.0027491 -0.969073 -0.0453022 0.242581 0.242183 0.0141584 0.970127 0.41175 2.12755 -2.59888</i>
                    </KeyFrames>
                </p>
            </i>
            <i>
                <p>
                    <Name><![CDATA[spine1]]></Name>
                    <Exclude>0</Exclude>
                    <Additive>0</Additive>
                    <IKPriority>0</IKPriority>
                    <IKRotLimits>-1e+010 -1e+010 -1e+010 1e+010 1e+010 1e+010</IKRotLimits>
                    <IKRotLimitOrder>0</IKRotLimitOrder>
                    <KeyFrames count="40">
                        <i>-0.0724154 0.993569 0.0870436 -0.926713 -0.0992927 0.362413 0.368725 -0.0544202 0.927944 0.403609 2.29915 -2.59935</i>
                        <i>-0.0704539 0.984486 0.160695 -0.921833 -0.125809 0.3666 0.38113 -0.122305 0.916396 0.402099 2.26972 -2.65958</i>
                        <i>-0.0634954 0.972592 0.22368 -0.916106 -0.145712 0.373522 0.395878 -0.181198 0.900249 0.401891 2.21436 -2.71868</i>
                        <i>-0.0662075 0.973279 0.219874 -0.913121 -0.147939 0.379901 0.402277 -0.175619 0.898516 0.401368 2.17611 -2.74111</i>
                        <i>-0.0941424 0.986582 0.133394 -0.91298 -0.138985 0.383602 0.396995 -0.085673 0.913813 0.399769 2.10847 -2.71478</i>
                        <i>-0.140164 0.990124 0.00279167 -0.913497 -0.130403 0.38538 0.381938 0.0514662 0.922754 0.398346 2.05895 -2.6625</i>
                        <i>-0.184432 0.97402 -0.131414 -0.915842 -0.121793 0.382623 0.356677 0.190922 0.914511 0.39819 2.16122 -2.60394</i>
                        <i>-0.208556 0.952185 -0.223268 -0.919968 -0.113524 0.375194 0.331908 0.283649 0.899656 0.40037 2.26506 -2.5595</i>
                        <i>-0.199733 0.957127 -0.209796 -0.924828 -0.113406 0.363086 0.323727 0.266545 0.907829 0.406226 2.27921 -2.54382</i>
                        <i>-0.167523 0.980482 -0.102909 -0.92888 -0.122001 0.349711 0.33033 0.154175 0.931189 0.41298 2.27714 -2.54758</i>
                        <i>-0.131508 0.991075 0.02181 -0.930835 -0.131022 0.341145 0.340958 0.0245618 0.939758 0.415659 2.27105 -2.55523</i>
                        <i>-0.106551 0.988696 0.105486 -0.93021 -0.136595 0.340663 0.351221 -0.061826 0.934249 0.413106 2.26784 -2.56519</i>
                        <i>-0.0867719 0.982365 0.165618 -0.92762 -0.140298 0.346174 0.363306 -0.123593 0.923436 0.408718 2.26344 -2.58311</i>
                        <i>-0.0642171 0.972389 0.224355 -0.923385 -0.143161 0.35618 0.378465 -0.184293 0.907084 0.405301 2.25871 -2.59991</i>
                        <i>-0.0426266 0.960741 0.274152 -0.918888 -0.145421 0.36674 0.39221 -0.236282 0.889012 0.404153 2.25611 -2.61013</i>
                        <i>-0.0280411 0.952716 0.302564 -0.91621 -0.145531 0.373336 0.399716 -0.266744 0.876969 0.404928 2.25648 -2.61296</i>
                        <i>-0.0226324 0.951563 0.306621 -0.915974 -0.142631 0.37503 0.400598 -0.272369 0.874835 0.4056 2.2585 -2.61319</i>
                        <i>-0.0227736 0.954531 0.29724 -0.917001 -0.138377 0.374115 0.398235 -0.264049 0.878457 0.405516 2.26158 -2.61334</i>
                        <i>-0.0256818 0.959669 0.279956 -0.918569 -0.133149 0.37216 0.394426 -0.247601 0.884942 0.40567 2.2653 -2.61193</i>
                        <i>-0.0306976 0.966048 0.256534 -0.920354 -0.127431 0.369744 0.38988 -0.224751 0.893017 0.405962 2.26942 -2.6094</i>
                        <i>-0.0371297 0.97272 0.228992 -0.922093 -0.121675 0.367342 0.385184 -0.197512 0.901456 0.406287 2.27376 -2.60625</i>
                        <i>-0.0441997 0.978835 0.199821 -0.9236 -0.116278 0.365296 0.3808 -0.168409 0.909192 0.406531 2.27812 -2.60304</i>
                        <i>-0.0510375 0.983772 0.172013 -0.924764 -0.111589 0.363812 0.377103 -0.140504 0.915452 0.406571 2.28235 -2.6004</i>
                        <i>-0.0567142 0.987223 0.148909 -0.925523 -0.107922 0.362989 0.374421 -0.117232 0.919818 0.406273 2.28626 -2.59896</i>
                        <i>-0.0612021 0.989533 0.130688 -0.925982 -0.105164 0.362628 0.372576 -0.0988208 0.922725 0.405722 2.28979 -2.59857</i>
                        <i>-0.0650456 0.99119 0.115378 -0.926297 -0.102977 0.362449 0.371137 -0.0832982 0.924835 0.40513 2.2929 -2.59852</i>
                        <i>-0.0681634 0.992323 0.103191 -0.926504 -0.101326 0.362384 0.370058 -0.070906 0.926299 0.404559 2.29549 -2.5987</i>
                        <i>-0.0704791 0.993045 0.0943078 -0.92663 -0.10018 0.362382 0.369309 -0.0618481 0.927246 0.404074 2.29746 -2.59898</i>
                        <i>-0.0719199 0.993442 0.0888802 -0.926695 -0.0995106 0.362401 0.368869 -0.0563009 0.927774 0.403736 2.29871 -2.59924</i>
                        <i>-0.0724154 0.993569 0.0870436 -0.926713 -0.0992927 0.362413 0.368725 -0.0544202 0.927944 0.403609 2.29915 -2.59935</i>
                        <i>-0.0724154 0.993569 0.0870436 -0.926713 -0.0992927 0.362413 0.368725 -0.0544202 0.927944 0.403609 2.29915 -2.59935</i>
                        <i>-0.0724154 0.993569 0.0870436 -0.926713 -0.0992927 0.362413 0.368725 -0.0544202 0.927944 0.403609 2.29915 -2.59935</i>
                        <i>-0.0724154 0.993569 0.0870436 -0.926713 -0.0992927 0.362413 0.368725 -0.0544202 0.927944 0.403609 2.29915 -2.59935</i>
                        <i>-0.0724154 0.993569 0.0870436 -0.926713 -0.0992927 0.362413 0.368725 -0.0544202 0.927944 0.403609 2.29915 -2.59935</i>
                        <i>-0.0724154 0.993569 0.0870436 -0.926713 -0.0992927 0.362413 0.368725 -0.0544202 0.927944 0.403609 2.29915 -2.59935</i>
                        <i>-0.0724154 0.993569 0.0870436 -0.926713 -0.0992927 0.362413 0.368725 -0.0544202 0.927944 0.403609 2.29915 -2.59935</i>
                        <i>-0.0724154 0.993569 0.0870436 -0.926713 -0.0992927 0.362413 0.368725 -0.0544202 0.927944 0.403609 2.29915 -2.59935</i>
                        <i>-0.0724154 0.993569 0.0870436 -0.926713 -0.0992927 0.362413 0.368725 -0.0544202 0.927944 0.403609 2.29915 -2.59935</i>
                        <i>-0.0724154 0.993569 0.0870436 -0.926713 -0.0992927 0.362413 0.368725 -0.0544202 0.927944 0.403609 2.29915 -2.59935</i>
                        <i>-0.0724154 0.993569 0.0870436 -0.926713 -0.0992927 0.362413 0.368725 -0.0544202 0.927944 0.403609 2.29915 -2.59935</i>
                    </KeyFrames>
                </p>
            </i>
            <i>
                <p>
                    <Name><![CDATA[spine2]]></Name>
                    <Exclude>0</Exclude>
                    <Additive>0</Additive>
                    <IKPriority>0</IKPriority>
                    <IKRotLimits>-1e+010 -1e+010 -1e+010 1e+010 1e+010 1e+010</IKRotLimits>
                    <IKRotLimitOrder>0</IKRotLimitOrder>
                    <KeyFrames count="40">
                        <i>0.0121555 0.967334 0.253214 -0.871466 -0.113922 0.477041 0.490305 -0.226466 0.841614 0.392278 2.45637 -2.58562</i>
                        <i>0.0457921 0.932297 0.358783 -0.87071 -0.138801 0.471804 0.48966 -0.334001 0.805404 0.390812 2.42961 -2.63343</i>
                        <i>0.0807024 0.891056 0.446661 -0.873028 -0.153037 0.463036 0.480946 -0.427315 0.765567 0.391399 2.3781 -2.68085</i>
                        <i>0.0884833 0.887428 0.452375 -0.873846 -0.148822 0.462867 0.478084 -0.436262 0.762306 0.390277 2.34231 -2.70335</i>
                        <i>0.0481359 0.936578 0.347137 -0.869308 -0.131879 0.476353 0.491922 -0.324699 0.807827 0.384182 2.27384 -2.69227</i>
                        <i>-0.0271439 0.985483 0.167591 -0.863451 -0.107592 0.492825 0.503702 -0.131329 0.853837 0.375668 2.2203 -2.662</i>
                        <i>-0.103225 0.994437 -0.0209712 -0.861265 -0.0788146 0.502007 0.497561 0.0698813 0.864609 0.368926 2.31654 -2.62491</i>
                        <i>-0.140897 0.981108 -0.132574 -0.863483 -0.0562756 0.501229 0.484299 0.185097 0.855099 0.367573 2.41545 -2.59481</i>
                        <i>-0.118911 0.989121 -0.0866058 -0.866447 -0.0607731 0.495556 0.484902 0.133966 0.864247 0.374947 2.42977 -2.57687</i>
                        <i>-0.0594331 0.99526 0.076981 -0.868626 -0.089563 0.487306 0.49189 -0.0379056 0.869832 0.386852 2.43085 -2.56378</i>
                        <i>0.00508659 0.967764 0.251807 -0.870833 -0.119493 0.476835 0.491553 -0.221707 0.842153 0.39516 2.42651 -2.55187</i>
                        <i>0.0479362 0.932002 0.35927 -0.872636 -0.135935 0.46907 0.486012 -0.335997 0.806783 0.396376 2.42429 -2.54853</i>
                        <i>0.0673899 0.910204 0.408642 -0.873304 -0.144254 0.465329 0.482492 -0.388227 0.785163 0.394932 2.42112 -2.55652</i>
                        <i>0.0643465 0.908211 0.413537 -0.871731 -0.150551 0.466282 0.485741 -0.390497 0.782028 0.395007 2.41704 -2.56332</i>
                        <i>0.0446596 0.921237 0.386429 -0.868258 -0.155522 0.471106 0.494098 -0.356559 0.792926 0.39732 2.41429 -2.56491</i>
                        <i>0.0210984 0.936964 0.348788 -0.864788 -0.15796 0.476646 0.501694 -0.311684 0.806942 0.400488 2.41415 -2.56279</i>
                        <i>0.00755186 0.946299 0.323205 -0.863322 -0.156928 0.479634 0.504597 -0.282652 0.815776 0.402059 2.41588 -2.56238</i>
                        <i>0.00488274 0.949558 0.313552 -0.863649 -0.154052 0.479978 0.504071 -0.273142 0.819333 0.401959 2.41892 -2.56426</i>
                        <i>0.00242967 0.953214 0.302287 -0.864356 -0.150011 0.479984 0.502874 -0.26245 0.823552 0.401649 2.42253 -2.56599</i>
                        <i>0.000343019 0.957019 0.290025 -0.865329 -0.145077 0.479747 0.501204 -0.251132 0.828087 0.401143 2.42652 -2.56764</i>
                        <i>-0.00119705 0.960699 0.277588 -0.86644 -0.13959 0.47937 0.499279 -0.23994 0.832556 0.400456 2.43072 -2.56928</i>
                        <i>-0.00196705 0.963943 0.266103 -0.867561 -0.133985 0.478943 0.497327 -0.229918 0.836543 0.399599 2.43499 -2.57102</i>
                        <i>-0.00170925 0.966415 0.256979 -0.868578 -0.128781 0.478527 0.49555 -0.222388 0.839627 0.398578 2.43915 -2.573</i>
                        <i>-0.000153341 0.967779 0.2518 -0.869405 -0.124543 0.478146 0.4941 -0.218843 0.841412 0.397401 2.44309 -2.57534</i>
                        <i>0.00235107 0.968233 0.250038 -0.870053 -0.121277 0.477808 0.492953 -0.218669 0.842129 0.396151 2.4467 -2.57788</i>
                        <i>0.00507661 0.968294 0.249763 -0.87057 -0.118611 0.477534 0.492018 -0.21986 0.842365 0.394958 2.44989 -2.58028</i>
                        <i>0.00772164 0.968094 0.25047 -0.870964 -0.116548 0.477323 0.491286 -0.221836 0.842275 0.393899 2.45256 -2.5824</i>
                        <i>0.00998413 0.967771 0.251636 -0.871242 -0.115084 0.477171 0.490751 -0.224 0.842014 0.393049 2.4546 -2.58409</i>
                        <i>0.0115625 0.967468 0.252729 -0.87141 -0.114211 0.477076 0.49042 -0.225747 0.84174 0.392484 2.45591 -2.58521</i>
                        <i>0.0121555 0.967334 0.253214 -0.871466 -0.113922 0.477041 0.490305 -0.226466 0.841614 0.392278 2.45637 -2.58562</i>
                        <i>0.0121555 0.967334 0.253214 -0.871466 -0.113922 0.477041 0.490305 -0.226466 0.841614 0.392278 2.45637 -2.58562</i>
                        <i>0.0121555 0.967334 0.253214 -0.871466 -0.113922 0.477041 0.490305 -0.226466 0.841614 0.392278 2.45636 -2.58562</i>
                        <i>0.0121555 0.967334 0.253214 -0.871466 -0.113922 0.477041 0.490305 -0.226466 0.841614 0.392278 2.45636 -2.58562</i>
                        <i>0.0121555 0.967334 0.253214 -0.871466 -0.113922 0.477041 0.490305 -0.226466 0.841614 0.392278 2.45636 -2.58562</i>
                        <i>0.0121555 0.967334 0.253214 -0.871466 -0.113922 0.477041 0.490305 -0.226466 0.841614 0.392278 2.45636 -2.58562</i>
                        <i>0.0121555 0.967334 0.253214 -0.871466 -0.113922 0.477041 0.490305 -0.226466 0.841614 0.392278 2.45636 -2.58562</i>
                        <i>0.0121555 0.967334 0.253214 -0.871466 -0.113922 0.477041 0.490305 -0.226466 0.841614 0.392278 2.45637 -2.58562</i>
                        <i>0.0121555 0.967334 0.253214 -0.871466 -0.113922 0.477041 0.490305 -0.226466 0.841614 0.392278 2.45637 -2.58562</i>
                        <i>0.0121555 0.967334 0.253214 -0.871466 -0.113922 0.477041 0.490305 -0.226466 0.841614 0.392278 2.45637 -2.58562</i>
                        <i>0.0121555 0.967334 0.253214 -0.871466 -0.113922 0.477041 0.490305 -0.226466 0.841614 0.392278 2.45637 -2.58562</i>
                    </KeyFrames>
                </p>
            </i>
            <i>
                <p>
                    <Name><![CDATA[head]]></Name>
                    <Exclude>0</Exclude>
                    <Additive>0</Additive>
                    <IKPriority>0</IKPriority>
                    <IKRotLimits>-1e+010 -1e+010 -1e+010 1e+010 1e+010 1e+010</IKRotLimits>
                    <IKRotLimitOrder>0</IKRotLimitOrder>
                    <KeyFrames count="40">
                        <i>-0.02968 0.973008 0.228855 -0.0567744 0.226945 -0.972251 -0.997946 -0.0418495 0.0485061 0.395168 2.70744 -2.52629</i>
                        <i>-0.0454343 0.926428 0.37372 -0.0889382 0.36887 -0.925216 -0.995 -0.0752746 0.0656355 0.404749 2.67586 -2.54834</i>
                        <i>-0.0566211 0.859781 0.507515 -0.113108 0.499533 -0.858879 -0.991968 -0.106035 0.0689642 0.417269 2.61807 -2.57205</i>
                        <i>-0.0825853 0.836259 0.54208 -0.133323 0.529778 -0.837592 -0.987626 -0.141444 0.0677405 0.419498 2.58256 -2.59237</i>
                        <i>-0.146289 0.875809 0.459954 -0.167697 0.436271 -0.88405 -0.974924 -0.20646 0.083049 0.401776 2.52469 -2.61114</i>
                        <i>-0.24043 0.918382 0.314274 -0.206311 0.268024 -0.941063 -0.948488 -0.291098 0.125031 0.372185 2.47944 -2.62991</i>
                        <i>-0.334908 0.93162 0.141144 -0.218573 0.068897 -0.973385 -0.916549 -0.356845 0.180553 0.345168 2.57363 -2.64071</i>
                        <i>-0.398086 0.91717 -0.0180586 -0.187931 -0.100806 -0.976995 -0.897892 -0.385535 0.212494 0.334618 2.66747 -2.63534</i>
                        <i>-0.413441 0.893065 -0.177488 -0.0975994 -0.237272 -0.966528 -0.905285 -0.382279 0.18526 0.348987 2.6839 -2.6006</i>
                        <i>-0.374272 0.859513 -0.348079 0.0170148 -0.368932 -0.929301 -0.927163 -0.353734 0.123456 0.377589 2.68564 -2.54214</i>
                        <i>-0.305206 0.819844 -0.484464 0.0903071 -0.481527 -0.871766 -0.947995 -0.309819 0.0729271 0.403284 2.67345 -2.48502</i>
                        <i>-0.262176 0.810816 -0.523298 0.103512 -0.515509 -0.850609 -0.959453 -0.277177 0.0512252 0.415609 2.66334 -2.45554</i>
                        <i>-0.258805 0.889272 -0.377115 0.0537547 -0.376552 -0.924835 -0.964433 -0.259624 0.0496511 0.418305 2.6579 -2.4536</i>
                        <i>-0.265585 0.957612 -0.111556 -0.0311715 -0.12418 -0.99177 -0.963583 -0.259922 0.0628306 0.414947 2.65789 -2.46446</i>
                        <i>-0.2602 0.954794 0.143749 -0.118085 0.116292 -0.98617 -0.958307 -0.273576 0.0824877 0.408248 2.66201 -2.48022</i>
                        <i>-0.251154 0.929411 0.270402 -0.169656 0.232763 -0.957621 -0.952963 -0.286386 0.0992209 0.401772 2.66677 -2.49419</i>
                        <i>-0.241899 0.928539 0.281604 -0.17725 0.243052 -0.953681 -0.953974 -0.280609 0.105789 0.39815 2.67032 -2.50318</i>
                        <i>-0.221199 0.939034 0.263222 -0.164384 0.230145 -0.959172 -0.961275 -0.255437 0.103454 0.397156 2.67358 -2.50739</i>
                        <i>-0.203165 0.955754 0.212741 -0.143404 0.185885 -0.97205 -0.968586 -0.227994 0.0992938 0.396375 2.67716 -2.51107</i>
                        <i>-0.184913 0.9697 0.159653 -0.123405 0.138257 -0.982678 -0.974976 -0.201412 0.0940999 0.395782 2.68095 -2.51425</i>
                        <i>-0.166117 0.976863 0.134699 -0.110708 0.117259 -0.986911 -0.979872 -0.178855 0.0886682 0.395355 2.68484 -2.51697</i>
                        <i>-0.146546 0.979594 0.137547 -0.103083 0.123168 -0.987018 -0.983818 -0.158822 0.0829296 0.39507 2.68872 -2.51926</i>
                        <i>-0.125954 0.981226 0.146053 -0.0954304 0.134558 -0.9863 -0.987435 -0.138166 0.0766906 0.394905 2.69247 -2.52116</i>
                        <i>-0.105303 0.981711 0.1586 -0.0877789 0.149689 -0.984829 -0.990559 -0.117627 0.0704109 0.394837 2.69599 -2.52271</i>
                        <i>-0.0855257 0.981102 0.173566 -0.0802595 0.166854 -0.98271 -0.993098 -0.0979772 0.0644725 0.394843 2.69919 -2.52393</i>
                        <i>-0.0675182 0.979589 0.189334 -0.0731212 0.184398 -0.980128 -0.995035 -0.0800208 0.0591785 0.394899 2.70197 -2.52486</i>
                        <i>-0.0521323 0.977518 0.204308 -0.0667266 0.200719 -0.977374 -0.996408 -0.0645855 0.0547625 0.394982 2.70426 -2.52553</i>
                        <i>-0.040178 0.975363 0.216917 -0.0615305 0.214265 -0.974836 -0.997296 -0.052514 0.0514059 0.39507 2.70597 -2.52597</i>
                        <i>-0.032436 0.973677 0.225613 -0.0580425 0.223515 -0.972971 -0.997787 -0.0446544 0.0492647 0.395139 2.70706 -2.52622</i>
                        <i>-0.02968 0.973008 0.228855 -0.0567744 0.226945 -0.972251 -0.997946 -0.0418495 0.0485061 0.395168 2.70744 -2.52629</i>
                        <i>-0.02968 0.973008 0.228855 -0.0567744 0.226945 -0.972251 -0.997946 -0.0418495 0.0485061 0.395168 2.70743 -2.52629</i>
                        <i>-0.02968 0.973008 0.228855 -0.0567744 0.226945 -0.972251 -0.997946 -0.0418495 0.0485061 0.395168 2.70743 -2.52629</i>
                        <i>-0.02968 0.973008 0.228855 -0.0567744 0.226945 -0.972251 -0.997946 -0.0418495 0.0485061 0.395168 2.70743 -2.52629</i>
                        <i>-0.02968 0.973008 0.228855 -0.0567744 0.226945 -0.972251 -0.997946 -0.0418495 0.0485061 0.395168 2.70743 -2.52629</i>
                        <i>-0.02968 0.973008 0.228855 -0.0567744 0.226945 -0.972251 -0.997946 -0.0418495 0.0485061 0.395168 2.70743 -2.52629</i>
                        <i>-0.02968 0.973008 0.228855 -0.0567744 0.226945 -0.972251 -0.997946 -0.0418495 0.0485061 0.395168 2.70743 -2.52629</i>
                        <i>-0.02968 0.973008 0.228855 -0.0567744 0.226945 -0.972251 -0.997946 -0.0418495 0.0485061 0.395168 2.70743 -2.52629</i>
                        <i>-0.02968 0.973008 0.228855 -0.0567744 0.226945 -0.972251 -0.997946 -0.0418495 0.0485061 0.395168 2.70743 -2.52629</i>
                        <i>-0.02968 0.973008 0.228855 -0.0567744 0.226945 -0.972251 -0.997946 -0.0418495 0.0485061 0.395168 2.70744 -2.52629</i>
                        <i>-0.02968 0.973008 0.228855 -0.0567744 0.226945 -0.972251 -0.997946 -0.0418495 0.0485061 0.395168 2.70744 -2.52629</i>
                    </KeyFrames>
                </p>
            </i>
            <i>
                <p>
                    <Name><![CDATA[head_prop]]></Name>
                    <Exclude>0</Exclude>
                    <Additive>0</Additive>
                    <IKPriority>0</IKPriority>
                    <IKRotLimits>-1e+010 -1e+010 -1e+010 1e+010 1e+010 1e+010</IKRotLimits>
                    <IKRotLimitOrder>0</IKRotLimitOrder>
                    <KeyFrames count="40">
                        <i>0.997946 0.0418495 -0.0485061 -0.02968 0.973008 0.228855 0.0567744 -0.226945 0.972251 0.385495 3.02455 -2.45171</i>
                        <i>0.994795 0.079276 -0.0640131 -0.0497531 0.926169 0.373812 0.0889212 -0.368681 0.925293 0.389967 2.97769 -2.42628</i>
                        <i>0.991443 0.113457 -0.0645623 -0.0652409 0.859036 0.507741 0.113068 -0.499184 0.859087 0.39888 2.898 -2.40616</i>
                        <i>0.987626 0.141444 -0.0677405 -0.0825853 0.836259 0.54208 0.133323 -0.529778 0.837592 0.392583 2.85511 -2.4157</i>
                        <i>0.983846 0.14729 -0.10175 -0.0706604 0.841739 0.535241 0.164483 -0.519404 0.838549 0.366829 2.85637 -2.44648</i>
                        <i>0.983897 0.103285 -0.14587 -0.000122073 0.816519 0.577319 0.178734 -0.568005 0.803383 0.325804 2.93985 -2.50014</i>
                        <i>0.989322 0.00860567 -0.145491 0.0886404 0.75688 0.647515 0.115691 -0.653497 0.748035 0.280323 3.17286 -2.59155</i>
                        <i>0.991594 -0.111523 -0.0656062 0.12312 0.657347 0.743463 -0.0397872 -0.745291 0.665552 0.273656 3.38994 -2.61555</i>
                        <i>0.970244 -0.219541 0.102123 0.0433616 0.572492 0.818763 -0.238217 -0.789971 0.564977 0.304834 3.53687 -2.56273</i>
                        <i>0.912653 -0.280416 0.297374 -0.0816464 0.587812 0.804867 -0.400498 -0.758844 0.513573 0.348604 3.62617 -2.5706</i>
                        <i>0.876955 -0.271579 0.396478 -0.030856 0.79149 0.610403 -0.479581 -0.54753 0.685721 0.412898 3.62535 -2.64063</i>
                        <i>0.904721 -0.234838 0.355431 0.16126 0.961039 0.224496 -0.394303 -0.14579 0.907342 0.456954 3.59126 -2.65574</i>
                        <i>0.949972 -0.229329 0.212041 0.236952 0.97146 -0.0109128 -0.203487 0.0606104 0.9772 0.465597 3.53593 -2.52651</i>
                        <i>0.97707 -0.199437 0.0745566 0.201654 0.979176 -0.0234307 -0.0683311 0.037928 0.996941 0.448759 3.36392 -2.3918</i>
                        <i>0.992433 -0.122219 -0.0118011 0.122415 0.992323 0.0176236 0.00955664 -0.0189349 0.999775 0.407041 3.14849 -2.38634</i>
                        <i>0.999113 -0.0107902 -0.0407046 0.0139739 0.996796 0.0787614 0.0397242 -0.0792603 0.996062 0.352137 3.0308 -2.4234</i>
                        <i>0.985427 0.152254 -0.0758414 -0.110671 0.912481 0.393867 0.129172 -0.379734 0.916033 0.330262 2.98785 -2.38744</i>
                        <i>0.961275 0.255437 -0.103454 -0.131204 0.754294 0.643292 0.242356 -0.604807 0.758599 0.332246 2.96667 -2.35326</i>
                        <i>0.962126 0.253881 -0.0992822 -0.154818 0.808652 0.56755 0.224375 -0.530684 0.817331 0.330025 2.97418 -2.3804</i>
                        <i>0.969791 0.224519 -0.0953781 -0.169435 0.901262 0.398772 0.175493 -0.370565 0.912077 0.333066 2.98926 -2.42242</i>
                        <i>0.978179 0.187557 -0.0893787 -0.163369 0.960131 0.226847 0.128362 -0.207295 0.969821 0.339914 3.00171 -2.45795</i>
                        <i>0.983818 0.158822 -0.0829296 -0.146546 0.979594 0.137547 0.103083 -0.123168 0.987018 0.347309 3.00798 -2.47443</i>
                        <i>0.987435 0.138166 -0.0766906 -0.128557 0.984585 0.118595 0.0918942 -0.107246 0.989977 0.353954 3.01053 -2.47832</i>
                        <i>0.990559 0.117627 -0.0704109 -0.108798 0.987003 0.118271 0.0834076 -0.109494 0.990482 0.36064 3.01349 -2.47804</i>
                        <i>0.993098 0.0979772 -0.0644725 -0.0888607 0.987309 0.131628 0.0765507 -0.12499 0.9892 0.367075 3.01649 -2.47471</i>
                        <i>0.995035 0.0800208 -0.0591785 -0.0701269 0.985634 0.153646 0.0706232 -0.148733 0.986352 0.37297 3.01924 -2.46946</i>
                        <i>0.996408 0.0645855 -0.0547625 -0.0538178 0.982321 0.179304 0.0653748 -0.175712 0.982269 0.378038 3.02151 -2.4634</i>
                        <i>0.997296 0.052514 -0.0514059 -0.0410117 0.978188 0.20363 0.060978 -0.200971 0.977697 0.381997 3.02318 -2.45766</i>
                        <i>0.997787 0.0446544 -0.0492647 -0.0326661 0.974557 0.221749 0.0579133 -0.219649 0.973859 0.384574 3.0242 -2.45339</i>
                        <i>0.997946 0.0418495 -0.0485061 -0.02968 0.973008 0.228855 0.0567744 -0.226945 0.972251 0.385495 3.02455 -2.45171</i>
                        <i>0.997946 0.0418495 -0.0485061 -0.02968 0.973008 0.228855 0.0567744 -0.226945 0.972251 0.385495 3.02455 -2.45171</i>
                        <i>0.997946 0.0418495 -0.0485061 -0.02968 0.973008 0.228855 0.0567744 -0.226945 0.972251 0.385495 3.02454 -2.45171</i>
                        <i>0.997946 0.0418495 -0.0485061 -0.02968 0.973008 0.228855 0.0567744 -0.226945 0.972251 0.385495 3.02454 -2.45171</i>
                        <i>0.997946 0.0418495 -0.0485061 -0.02968 0.973008 0.228855 0.0567744 -0.226945 0.972251 0.385495 3.02454 -2.45171</i>
                        <i>0.997946 0.0418495 -0.0485061 -0.02968 0.973008 0.228855 0.0567744 -0.226945 0.972251 0.385495 3.02454 -2.45171</i>
                        <i>0.997946 0.0418495 -0.0485061 -0.02968 0.973008 0.228855 0.0567744 -0.226945 0.972251 0.385495 3.02455 -2.45171</i>
                        <i>0.997946 0.0418495 -0.0485061 -0.02968 0.973008 0.228855 0.0567744 -0.226945 0.972251 0.385495 3.02455 -2.45171</i>
                        <i>0.997946 0.0418495 -0.0485061 -0.02968 0.973008 0.228855 0.0567744 -0.226945 0.972251 0.385495 3.02455 -2.45171</i>
                        <i>0.997946 0.0418495 -0.0485061 -0.02968 0.973008 0.228855 0.0567744 -0.226945 0.972251 0.385495 3.02455 -2.45171</i>
                        <i>0.997946 0.0418495 -0.0485061 -0.02968 0.973008 0.228855 0.0567744 -0.226945 0.972251 0.385495 3.02455 -2.45171</i>
                    </KeyFrames>
                </p>
            </i>
            <i>
                <p>
                    <Name><![CDATA[l_clav]]></Name>
                    <Exclude>0</Exclude>
                    <Additive>0</Additive>
                    <IKPriority>0</IKPriority>
                    <IKRotLimits>-1e+010 -1e+010 -1e+010 1e+010 1e+010 1e+010</IKRotLimits>
                    <IKRotLimitOrder>0</IKRotLimitOrder>
                    <KeyFrames count="40">
                        <i>0.638588 0.711042 -0.294321 -0.62003 0.701934 0.350503 0.455816 -0.0413393 0.889113 0.481608 2.51522 -2.58458</i>
                        <i>0.633286 0.744791 -0.210321 -0.624127 0.652186 0.430255 0.457618 -0.141208 0.877865 0.480755 2.48559 -2.62473</i>
                        <i>0.633497 0.764086 -0.121874 -0.628425 0.599987 0.495073 0.451402 -0.237039 0.860261 0.481892 2.43134 -2.66568</i>
                        <i>0.644051 0.755714 -0.118721 -0.618331 0.605651 0.500854 0.450406 -0.249167 0.857351 0.480511 2.39539 -2.68753</i>
                        <i>0.662607 0.70658 -0.248388 -0.58828 0.696252 0.41129 0.46355 -0.126402 0.877009 0.472451 2.33051 -2.68264</i>
                        <i>0.688879 0.594204 -0.415172 -0.552787 0.801131 0.229379 0.468905 0.071487 0.880351 0.460201 2.28202 -2.66301</i>
                        <i>0.725808 0.449747 -0.520509 -0.514458 0.857199 0.0232954 0.456657 0.250872 0.853538 0.449316 2.38138 -2.63816</i>
                        <i>0.760058 0.352889 -0.545694 -0.472238 0.876788 -0.0907466 0.446434 0.32667 0.833057 0.445578 2.47996 -2.61685</i>
                        <i>0.788992 0.33588 -0.514467 -0.40898 0.911989 -0.0318066 0.458505 0.235502 0.85692 0.453795 2.492 -2.59852</i>
                        <i>0.818664 0.349296 -0.455832 -0.322419 0.93641 0.138497 0.475222 0.0335869 0.879225 0.468506 2.49002 -2.5779</i>
                        <i>0.842146 0.35958 -0.401861 -0.245627 0.919212 0.30776 0.48006 -0.160471 0.862434 0.479872 2.48171 -2.55702</i>
                        <i>0.854376 0.362645 -0.372196 -0.204725 0.893206 0.400338 0.477628 -0.265842 0.837376 0.48332 2.4766 -2.54696</i>
                        <i>0.855735 0.369655 -0.362041 -0.201794 0.882735 0.424332 0.476443 -0.290058 0.829981 0.48361 2.47257 -2.54954</i>
                        <i>0.844718 0.386126 -0.370618 -0.238374 0.891422 0.385416 0.479196 -0.237222 0.845043 0.48532 2.46995 -2.5513</i>
