<?xml version="1.0" encoding="ISO-8859-1" ?>
<Animl Version="1">
    <ModellingPackage><![CDATA[Maya.2010]]></ModellingPackage>
    <SrcFile><![CDATA[anims\turrets\antitank\red\~src\at_rpg7\at_rpg7_aim_low_crewman_a.mb]]></SrcFile>
    <FramesPerSecond>30</FramesPerSecond>
    <TotalFrames>30</TotalFrames>
    <Skeleton>
        <RefFrame>
            <Name><![CDATA[soldier_ref_frame]]></Name>
            <Exclude>0</Exclude>
            <Additive>0</Additive>
            <IKPriority>0</IKPriority>
            <IKRotLimits>-1e+010 -1e+010 -1e+010 1e+010 1e+010 1e+010</IKRotLimits>
            <IKRotLimitOrder>0</IKRotLimitOrder>
            <KeyFrames count="30">
                <i>1 0 0 0 1 0 0 0 1 1.14 0.92 -0.82</i>
                <i>1 0 0 0 1 0 0 0 1 1.14 0.92 -0.82</i>
                <i>1 0 0 0 1 0 0 0 1 1.14 0.92 -0.82</i>
                <i>1 0 0 0 1 0 0 0 1 1.14 0.92 -0.82</i>
                <i>1 0 0 0 1 0 0 0 1 1.14 0.92 -0.82</i>
                <i>1 0 0 0 1 0 0 0 1 1.14 0.92 -0.82</i>
                <i>1 0 0 0 1 0 0 0 1 1.14 0.92 -0.82</i>
                <i>1 0 0 0 1 0 0 0 1 1.14 0.92 -0.82</i>
                <i>1 0 0 0 1 0 0 0 1 1.14 0.92 -0.82</i>
                <i>1 0 0 0 1 0 0 0 1 1.14 0.92 -0.82</i>
                <i>1 0 0 0 1 0 0 0 1 1.14 0.92 -0.82</i>
                <i>1 0 0 0 1 0 0 0 1 1.14 0.92 -0.82</i>
                <i>1 0 0 0 1 0 0 0 1 1.14 0.92 -0.82</i>
                <i>1 0 0 0 1 0 0 0 1 1.14 0.92 -0.82</i>
                <i>1 0 0 0 1 0 0 0 1 1.14 0.92 -0.82</i>
                <i>1 0 0 0 1 0 0 0 1 1.14 0.92 -0.82</i>
                <i>1 0 0 0 1 0 0 0 1 1.14 0.92 -0.82</i>
                <i>1 0 0 0 1 0 0 0 1 1.14 0.92 -0.82</i>
                <i>1 0 0 0 1 0 0 0 1 1.14 0.92 -0.82</i>
                <i>1 0 0 0 1 0 0 0 1 1.14 0.92 -0.82</i>
                <i>1 0 0 0 1 0 0 0 1 1.14 0.92 -0.82</i>
                <i>1 0 0 0 1 0 0 0 1 1.14 0.92 -0.82</i>
                <i>1 0 0 0 1 0 0 0 1 1.14 0.92 -0.82</i>
                <i>1 0 0 0 1 0 0 0 1 1.14 0.92 -0.82</i>
                <i>1 0 0 0 1 0 0 0 1 1.14 0.92 -0.82</i>
                <i>1 0 0 0 1 0 0 0 1 1.14 0.92 -0.82</i>
                <i>1 0 0 0 1 0 0 0 1 1.14 0.92 -0.82</i>
                <i>1 0 0 0 1 0 0 0 1 1.14 0.92 -0.82</i>
                <i>1 0 0 0 1 0 0 0 1 1.14 0.92 -0.82</i>
                <i>1 0 0 0 1 0 0 0 1 1.14 0.92 -0.82</i>
            </KeyFrames>
        </RefFrame>
        <Bones count="23">
            <i>
                <p>
                    <Name><![CDATA[pelvis]]></Name>
                    <Exclude>0</Exclude>
                    <Additive>0</Additive>
                    <IKPriority>0</IKPriority>
                    <IKRotLimits>-1e+010 -1e+010 -1e+010 1e+010 1e+010 1e+010</IKRotLimits>
                    <IKRotLimitOrder>2</IKRotLimitOrder>
                    <KeyFrames count="30">
                        <i>1 0 0 0 1 0 0 0 1 1.14083 2.03328 -0.823886</i>
                        <i>1 0 0 0 1 0 0 0 1 1.14083 2.03328 -0.823886</i>
                        <i>1 0 0 0 1 0 0 0 1 1.14083 2.03328 -0.823886</i>
                        <i>1 0 0 0 1 0 0 0 1 1.14083 2.03328 -0.823886</i>
                        <i>1 0 0 0 1 0 0 0 1 1.14083 2.03328 -0.823886</i>
                        <i>1 0 0 0 1 0 0 0 1 1.14083 2.03328 -0.823886</i>
                        <i>1 0 0 0 1 0 0 0 1 1.14083 2.03328 -0.823886</i>
                        <i>1 0 0 0 1 0 0 0 1 1.14083 2.03328 -0.823886</i>
                        <i>1 0 0 0 1 0 0 0 1 1.14083 2.03328 -0.823886</i>
                        <i>1 0 0 0 1 0 0 0 1 1.14083 2.03328 -0.823886</i>
                        <i>1 0 0 0 1 0 0 0 1 1.14083 2.03328 -0.823886</i>
                        <i>1 0 0 0 1 0 0 0 1 1.14083 2.03328 -0.823886</i>
                        <i>1 0 0 0 1 0 0 0 1 1.14083 2.03328 -0.823886</i>
                        <i>1 0 0 0 1 0 0 0 1 1.14083 2.03328 -0.823886</i>
                        <i>1 0 0 0 1 0 0 0 1 1.14083 2.03328 -0.823886</i>
                        <i>1 0 0 0 1 0 0 0 1 1.14083 2.03328 -0.823886</i>
                        <i>1 0 0 0 1 0 0 0 1 1.14083 2.03328 -0.823886</i>
                        <i>1 0 0 0 1 0 0 0 1 1.14083 2.03328 -0.823886</i>
                        <i>1 0 0 0 1 0 0 0 1 1.14083 2.03328 -0.823886</i>
                        <i>1 0 0 0 1 0 0 0 1 1.14083 2.03328 -0.823886</i>
                        <i>1 0 0 0 1 0 0 0 1 1.14083 2.03328 -0.823886</i>
                        <i>1 0 0 0 1 0 0 0 1 1.14083 2.03328 -0.823886</i>
                        <i>1 0 0 0 1 0 0 0 1 1.14083 2.03328 -0.823886</i>
                        <i>1 0 0 0 1 0 0 0 1 1.14083 2.03328 -0.823886</i>
                        <i>1 0 0 0 1 0 0 0 1 1.14083 2.03328 -0.823886</i>
                        <i>1 0 0 0 1 0 0 0 1 1.14083 2.03328 -0.823886</i>
                        <i>1 0 0 0 1 0 0 0 1 1.14083 2.03328 -0.823886</i>
                        <i>1 0 0 0 1 0 0 0 1 1.14083 2.03328 -0.823886</i>
                        <i>1 0 0 0 1 0 0 0 1 1.14083 2.03328 -0.823886</i>
                        <i>1 0 0 0 1 0 0 0 1 1.14083 2.03328 -0.823886</i>
                    </KeyFrames>
                </p>
            </i>
            <i>
                <p>
                    <Name><![CDATA[spine0]]></Name>
                    <Exclude>0</Exclude>
                    <Additive>0</Additive>
                    <IKPriority>0</IKPriority>
                    <IKRotLimits>-1e+010 -1e+010 -1e+010 1e+010 1e+010 1e+010</IKRotLimits>
                    <IKRotLimitOrder>0</IKRotLimitOrder>
                    <KeyFrames count="30">
                        <i>0.0327479 0.999374 -0.0133725 -0.96705 0.0283032 -0.253007 -0.25247 0.0212174 0.967372 1.14965 2.17088 -0.86494</i>
                        <i>0.0319602 0.999436 -0.0102761 -0.967198 0.0283337 -0.25244 -0.252007 0.0180071 0.967558 1.14916 2.17144 -0.863108</i>
                        <i>0.0312485 0.999484 -0.0074639 -0.967331 0.0283619 -0.251925 -0.251584 0.0150924 0.967718 1.14871 2.17193 -0.861444</i>
                        <i>0.0306223 0.999519 -0.00497787 -0.967449 0.0283874 -0.25147 -0.251208 0.0125164 0.967852 1.14832 2.17234 -0.859973</i>
                        <i>0.0300908 0.999543 -0.00285847 -0.967549 0.0284096 -0.251082 -0.250886 0.010321 0.967962 1.14798 2.17268 -0.858717</i>
                        <i>0.0296625 0.999559 -0.00114462 -0.96763 0.0284278 -0.250767 -0.250624 0.00854594 0.968047 1.14771 2.17294 -0.857701</i>
                        <i>0.0293458 0.999569 0.000126014 -0.96769 0.0284415 -0.250533 -0.250429 0.00723016 0.968108 1.14751 2.17313 -0.856946</i>
                        <i>0.0291492 0.999575 0.000916614 -0.967728 0.0284501 -0.250388 -0.250307 0.00641156 0.968145 1.14738 2.17325 -0.856476</i>
                        <i>0.0290811 0.999576 0.00119081 -0.967741 0.0284531 -0.250337 -0.250265 0.00612768 0.968158 1.14734 2.17329 -0.856313</i>
                        <i>0.0291502 0.999575 0.000912345 -0.967727 0.02845 -0.250388 -0.250308 0.00641598 0.968145 1.14738 2.17325 -0.856478</i>
                        <i>0.0293836 0.999568 -2.56684e-005 -0.967683 0.0284398 -0.250561 -0.250452 0.00738722 0.968101 1.14753 2.17311 -0.857036</i>
                        <i>0.0297811 0.999555 -0.00161987 -0.967607 0.0284227 -0.250854 -0.250697 0.00903812 0.968023 1.14779 2.17287 -0.857983</i>
                        <i>0.0303117 0.999533 -0.00374042 -0.967507 0.0284003 -0.251244 -0.25102 0.0112345 0.967917 1.14812 2.17254 -0.85924</i>
                        <i>0.030944 0.999502 -0.00625617 -0.967388 0.0283743 -0.251704 -0.251401 0.0138409 0.967784 1.14852 2.17213 -0.86073</i>
                        <i>0.0316456 0.999458 -0.00903485 -0.967257 0.0283461 -0.252213 -0.25182 0.0167205 0.96763 1.14896 2.17166 -0.862374</i>
                        <i>0.0323839 0.999404 -0.0119439 -0.967118 0.0283172 -0.252745 -0.252257 0.019736 0.967459 1.14942 2.17114 -0.864095</i>
                        <i>0.0331257 0.999341 -0.0148516 -0.96698 0.0282889 -0.253279 -0.252692 0.0227513 0.967279 1.14988 2.1706 -0.865816</i>
                        <i>0.0338375 0.999272 -0.0176289 -0.966846 0.0282623 -0.25379 -0.253107 0.025632 0.967099 1.15033 2.17005 -0.867463</i>
                        <i>0.0344866 0.999202 -0.0201498 -0.966725 0.0282384 -0.254256 -0.253484 0.0282477 0.966927 1.15073 2.16954 -0.868962</i>
                        <i>0.0350404 0.999137 -0.0222925 -0.966621 0.0282183 -0.254654 -0.253805 0.0304716 0.966775 1.15107 2.16909 -0.870239</i>
                        <i>0.0354672 0.999084 -0.0239386 -0.96654 0.0282029 -0.254961 -0.254052 0.0321804 0.966655 1.15134 2.16873 -0.871222</i>
                        <i>0.0357356 0.999049 -0.0249715 -0.966489 0.0281933 -0.255154 -0.254207 0.0332528 0.966578 1.1515 2.16849 -0.871841</i>
                        <i>0.0358457 0.999035 -0.0253947 -0.966468 0.0281894 -0.255233 -0.254271 0.0336922 0.966546 1.15157 2.1684 -0.872094</i>
                        <i>0.0358185 0.999038 -0.0252904 -0.966474 0.0281903 -0.255214 -0.254256 0.0335839 0.966554 1.15155 2.16842 -0.872032</i>
                        <i>0.035654 0.99906 -0.0246577 -0.966505 0.0281962 -0.255095 -0.25416 0.0329269 0.966601 1.15145 2.16857 -0.871653</i>
                        <i>0.0353516 0.999099 -0.023493 -0.966562 0.028207 -0.254877 -0.253985 0.0317178 0.966688 1.15126 2.16882 -0.870956</i>
                        <i>0.0349104 0.999153 -0.0217904 -0.966645 0.028223 -0.25456 -0.25373 0.0299504 0.966811 1.15099 2.16919 -0.869939</i>
                        <i>0.0343298 0.999219 -0.0195419 -0.966754 0.0282441 -0.254143 -0.253393 0.0276169 0.966969 1.15063 2.16967 -0.8686</i>
                        <i>0.033609 0.999295 -0.0167387 -0.966889 0.0282707 -0.253626 -0.252974 0.0247086 0.967158 1.15018 2.17023 -0.866935</i>
                        <i>0.0327479 0.999374 -0.0133725 -0.96705 0.0283032 -0.253007 -0.25247 0.0212174 0.967372 1.14965 2.17088 -0.86494</i>
                    </KeyFrames>
                </p>
            </i>
            <i>
                <p>
                    <Name><![CDATA[spine1]]></Name>
                    <Exclude>0</Exclude>
                    <Additive>0</Additive>
                    <IKPriority>0</IKPriority>
                    <IKRotLimits>-1e+010 -1e+010 -1e+010 1e+010 1e+010 1e+010</IKRotLimits>
                    <IKRotLimitOrder>0</IKRotLimitOrder>
                    <KeyFrames count="30">
                        <i>0.00138256 0.993905 0.110232 -0.8942 0.050576 -0.444802 -0.447666 -0.0979545 0.888819 1.15534 2.34433 -0.867273</i>
                        <i>0.00399131 0.994888 0.100903 -0.894313 0.0486986 -0.444785 -0.447425 -0.0884636 0.889935 1.15469 2.34451 -0.864897</i>
                        <i>0.00635489 0.995701 0.0924124 -0.894394 0.0469914 -0.444806 -0.447236 -0.0798264 0.890847 1.15411 2.34466 -0.862742</i>
                        <i>0.00844053 0.996355 0.0848895 -0.894448 0.0454788 -0.444853 -0.447092 -0.0721745 0.891571 1.1536 2.34479 -0.860838</i>
                        <i>0.0102164 0.996865 0.0784612 -0.894482 0.0441854 -0.444915 -0.446987 -0.0656367 0.892129 1.15317 2.34489 -0.859214</i>
                        <i>0.0116512 0.997245 0.0732515 -0.894501 0.0431363 -0.44498 -0.446914 -0.060339 0.89254 1.15282 2.34497 -0.857901</i>
                        <i>0.0127145 0.997509 0.069382 -0.89451 0.0423563 -0.445036 -0.446867 -0.0564045 0.892821 1.15256 2.34503 -0.856927</i>
                        <i>0.0133759 0.997665 0.0669711 -0.894514 0.0418699 -0.445075 -0.44684 -0.0539533 0.892985 1.15239 2.34507 -0.85632</i>
                        <i>0.0136053 0.997718 0.0661344 -0.894515 0.041701 -0.445089 -0.446831 -0.0531026 0.893041 1.15234 2.34508 -0.85611</i>
                        <i>0.0133723 0.997664 0.0669842 -0.894514 0.0418725 -0.445075 -0.44684 -0.0539666 0.892985 1.15239 2.34507 -0.856324</i>
                        <i>0.0125876 0.997478 0.0698443 -0.894509 0.0424495 -0.445029 -0.446872 -0.0568746 0.892788 1.15259 2.34502 -0.857043</i>
                        <i>0.0112534 0.997143 0.0746973 -0.894497 0.0434276 -0.444961 -0.446933 -0.0618091 0.892429 1.15291 2.34495 -0.858265</i>
                        <i>0.0094776 0.996658 0.081138 -0.894469 0.0447241 -0.444887 -0.447029 -0.068359 0.891904 1.15335 2.34485 -0.85989</i>
                        <i>0.00736849 0.996026 0.08876 -0.894422 0.046257 -0.444825 -0.447163 -0.0761112 0.891208 1.15387 2.34472 -0.861817</i>
                        <i>0.0050352 0.995256 0.0971576 -0.894351 0.0479454 -0.44479 -0.447338 -0.0846534 0.89035 1.15444 2.34457 -0.863946</i>
                        <i>0.00258716 0.99437 0.10593 -0.894255 0.0497099 -0.444789 -0.447551 -0.0935776 0.889349 1.15504 2.34441 -0.866176</i>
                        <i>0.000133643 0.993402 0.114683 -0.894137 0.0514729 -0.444826 -0.447794 -0.102483 0.888244 1.15564 2.34424 -0.86841</i>
                        <i>-0.00221691 0.9924 0.123032 -0.894003 0.0531584 -0.444896 -0.448055 -0.110977 0.887091 1.15622 2.34407 -0.870549</i>
                        <i>-0.00435746 0.991425 0.130604 -0.893864 0.0546916 -0.44499 -0.448317 -0.118681 0.885961 1.15675 2.34391 -0.872496</i>
                        <i>-0.00618269 0.990546 0.137038 -0.893732 0.0559985 -0.445093 -0.448559 -0.125227 0.884936 1.1572 2.34377 -0.874156</i>
                        <i>-0.00758881 0.98984 0.141981 -0.893621 0.0570055 -0.445187 -0.448757 -0.130255 0.88411 1.15755 2.34366 -0.875435</i>
                        <i>-0.00847302 0.989383 0.145082 -0.893548 0.0576389 -0.445252 -0.448887 -0.13341 0.883573 1.15777 2.34359 -0.876239</i>
                        <i>-0.00883573 0.989193 0.146353 -0.893517 0.0578989 -0.44528 -0.448942 -0.134703 0.883349 1.15786 2.34356 -0.876569</i>
                        <i>-0.00874628 0.98924 0.14604 -0.893525 0.0578348 -0.445273 -0.448928 -0.134384 0.883405 1.15784 2.34356 -0.876488</i>
                        <i>-0.0082042 0.989523 0.14414 -0.893571 0.0574463 -0.445232 -0.448847 -0.132452 0.883738 1.1577 2.34361 -0.875995</i>
                        <i>-0.00720783 0.990034 0.140643 -0.893652 0.0567326 -0.44516 -0.448703 -0.128894 0.884337 1.15746 2.34369 -0.875088</i>
                        <i>-0.00575445 0.990756 0.135531 -0.893764 0.0556919 -0.445067 -0.448501 -0.123693 0.885182 1.1571 2.34381 -0.873766</i>
                        <i>-0.00384062 0.991666 0.128778 -0.893899 0.0543215 -0.444965 -0.448252 -0.116824 0.886241 1.15662 2.34395 -0.872026</i>
                        <i>-0.00146271 0.99273 0.120357 -0.894048 0.0526179 -0.44487 -0.447968 -0.108255 0.887471 1.15604 2.34413 -0.869863</i>
                        <i>0.00138256 0.993905 0.110232 -0.8942 0.050576 -0.444802 -0.447666 -0.0979545 0.888819 1.15534 2.34433 -0.867273</i>
                    </KeyFrames>
                </p>
            </i>
            <i>
                <p>
                    <Name><![CDATA[spine2]]></Name>
                    <Exclude>0</Exclude>
                    <Additive>0</Additive>
                    <IKPriority>0</IKPriority>
                    <IKRotLimits>-1e+010 -1e+010 -1e+010 1e+010 1e+010 1e+010</IKRotLimits>
                    <IKRotLimitOrder>0</IKRotLimitOrder>
                    <KeyFrames count="30">
                        <i>-0.16979 0.916882 0.361245 -0.784105 0.0963564 -0.613103 -0.596952 -0.387353 0.702571 1.15534 2.50316 -0.849702</i>
                        <i>-0.168476 0.919302 0.355667 -0.783852 0.0938256 -0.613818 -0.597655 -0.382204 0.70479 1.15512 2.50314 -0.848859</i>
                        <i>-0.167269 0.921487 0.350547 -0.783617 0.0915096 -0.614468 -0.598303 -0.377476 0.706786 1.15491 2.50312 -0.848091</i>
                        <i>-0.166191 0.923407 0.345977 -0.783403 0.0894476 -0.615044 -0.598883 -0.373255 0.708534 1.15473 2.5031 -0.847411</i>
                        <i>-0.165264 0.925035 0.342049 -0.783217 0.0876783 -0.615536 -0.599383 -0.369624 0.710013 1.15458 2.50308 -0.846829</i>
                        <i>-0.164509 0.926347 0.338849 -0.783063 0.0862396 -0.615934 -0.599791 -0.366666 0.711201 1.15446 2.50306 -0.846358</i>
                        <i>-0.163945 0.927316 0.336463 -0.782948 0.0851682 -0.616229 -0.600095 -0.36446 0.712077 1.15436 2.50304 -0.846007</i>
                        <i>-0.163593 0.927918 0.334972 -0.782876 0.0844995 -0.616414 -0.600286 -0.363082 0.71262 1.15431 2.50303 -0.845789</i>
                        <i>-0.16347 0.928126 0.334454 -0.78285 0.0842672 -0.616478 -0.600352 -0.362603 0.712808 1.15429 2.50303 -0.845713</i>
                        <i>-0.163595 0.927914 0.33498 -0.782876 0.0845031 -0.616413 -0.600285 -0.36309 0.712618 1.15431 2.50303 -0.84579</i>
                        <i>-0.164012 0.9272 0.336748 -0.782962 0.0852963 -0.616194 -0.600059 -0.364724 0.711973 1.15437 2.50304 -0.846049</i>
                        <i>-0.164719 0.925984 0.339738 -0.783106 0.0866393 -0.615823 -0.599677 -0.367489 0.710872 1.15449 2.50306 -0.846489</i>
                        <i>-0.165651 0.924359 0.343687 -0.783295 0.0884158 -0.615331 -0.599174 -0.371139 0.709399 1.15464 2.50309 -0.847072</i>
                        <i>-0.166747 0.922421 0.348332 -0.783513 0.0905096 -0.614748 -0.598584 -0.37543 0.707637 1.15483 2.50311 -0.847761</i>
                        <i>-0.167945 0.920268 0.353413 -0.783749 0.0928055 -0.614105 -0.59794 -0.380123 0.705673 1.15503 2.50314 -0.84852</i>
                        <i>-0.169186 0.918001 0.358679 -0.783989 0.0951912 -0.613433 -0.597275 -0.384984 0.703598 1.15524 2.50316 -0.849313</i>
                        <i>-0.170412 0.915721 0.363889 -0.784223 0.0975586 -0.612762 -0.596619 -0.389792 0.701504 1.15545 2.50317 -0.850104</i>
                        <i>-0.171571 0.913529 0.368819 -0.78444 0.0998046 -0.612122 -0.596001 -0.394339 0.699485 1.15565 2.50318 -0.850858</i>
                        <i>-0.172613 0.911529 0.373254 -0.784632 0.101831 -0.611541 -0.595447 -0.398427 0.697638 1.15583 2.50319 -0.851542</i>
                        <i>-0.173492 0.909821 0.376996 -0.784792 0.103545 -0.611048 -0.594981 -0.401875 0.696056 1.15598 2.50319 -0.852123</i>
                        <i>-0.174162 0.908504 0.379853 -0.784913 0.104857 -0.610669 -0.594625 -0.404507 0.694834 1.1561 2.50319 -0.85257</i>
                        <i>-0.174581 0.907675 0.381639 -0.784988 0.105678 -0.610431 -0.594404 -0.406152 0.694064 1.15618 2.50319 -0.852851</i>
                        <i>-0.174752 0.907334 0.382369 -0.785018 0.106013 -0.610334 -0.594313 -0.406824 0.693748 1.15621 2.50319 -0.852966</i>
                        <i>-0.17471 0.907418 0.382189 -0.785011 0.105931 -0.610358 -0.594336 -0.406658 0.693826 1.1562 2.50319 -0.852937</i>
                        <i>-0.174454 0.907927 0.381097 -0.784965 0.105428 -0.610504 -0.594471 -0.405653 0.694298 1.15615 2.50319 -0.852765</i>
                        <i>-0.173981 0.908861 0.379081 -0.78488 0.104502 -0.610772 -0.594721 -0.403796 0.695166 1.15607 2.50319 -0.852449</i>
                        <i>-0.173287 0.910222 0.376121 -0.784755 0.103144 -0.611164 -0.595089 -0.40107 0.696428 1.15595 2.50319 -0.851987</i>
                        <i>-0.172363 0.912013 0.372188 -0.784586 0.101344 -0.611681 -0.59558 -0.397445 0.698085 1.15578 2.50319 -0.851377</i>
                        <i>-0.171201 0.914233 0.367244 -0.784371 0.0990863 -0.612327 -0.596198 -0.392886 0.700134 1.15558 2.50318 -0.850616</i>
                        <i>-0.16979 0.916882 0.361245 -0.784105 0.0963564 -0.613103 -0.596952 -0.387353 0.702571 1.15534 2.50316 -0.849702</i>
                    </KeyFrames>
                </p>
            </i>
            <i>
                <p>
                    <Name><![CDATA[head]]></Name>
                    <Exclude>0</Exclude>
                    <Additive>0</Additive>
                    <IKPriority>0</IKPriority>
                    <IKRotLimits>-1e+010 -1e+010 -1e+010 1e+010 1e+010 1e+010</IKRotLimits>
                    <IKRotLimitOrder>0</IKRotLimitOrder>
                    <KeyFrames count="30">
                        <i>-0.13225 0.945136 0.298709 0.107067 0.313214 -0.943628 -0.985417 -0.0928135 -0.142615 1.10958 2.73987 -0.755503</i>
                        <i>-0.132367 0.944795 0.299735 0.106923 0.314242 -0.943303 -0.985417 -0.0928135 -0.142615 1.10958 2.73987 -0.755503</i>
                        <i>-0.132685 0.943853 0.302549 0.106527 0.31706 -0.942404 -0.985417 -0.0928135 -0.142615 1.10958 2.73987 -0.755503</i>
                        <i>-0.133159 0.94243 0.306747 0.105935 0.321264 -0.941046 -0.985417 -0.0928135 -0.142615 1.10958 2.73987 -0.755503</i>
                        <i>-0.133741 0.940645 0.311929 0.105199 0.326454 -0.939341 -0.985417 -0.0928135 -0.142615 1.10958 2.73987 -0.755503</i>
                        <i>-0.134384 0.938622 0.317693 0.104376 0.332226 -0.937407 -0.985417 -0.0928135 -0.142615 1.10958 2.73987 -0.755503</i>
                        <i>-0.135045 0.936492 0.323643 0.10352 0.338183 -0.935369 -0.985417 -0.0928135 -0.142615 1.10958 2.73987 -0.755503</i>
                        <i>-0.135678 0.934397 0.329383 0.102688 0.34393 -0.933364 -0.985417 -0.0928135 -0.142615 1.10958 2.73987 -0.755503</i>
                        <i>-0.136242 0.932487 0.334522 0.101939 0.349074 -0.931534 -0.985417 -0.0928135 -0.142615 1.10958 2.73987 -0.755503</i>
                        <i>-0.136695 0.930922 0.338672 0.10133 0.353228 -0.930034 -0.985417 -0.0928135 -0.142615 1.10958 2.73987 -0.755503</i>
                        <i>-0.136997 0.929864 0.341445 0.100922 0.356004 -0.929019 -0.985417 -0.0928135 -0.142615 1.10958 2.73987 -0.755503</i>
                        <i>-0.137107 0.929476 0.342456 0.100773 0.357016 -0.928647 -0.985417 -0.0928135 -0.142615 1.10958 2.73987 -0.755503</i>
                        <i>-0.137065 0.929625 0.342069 0.10083 0.356628 -0.928789 -0.985417 -0.0928135 -0.142615 1.10958 2.73987 -0.755503</i>
                        <i>-0.136945 0.930047 0.340968 0.100993 0.355526 -0.929194 -0.985417 -0.0928135 -0.142615 1.10958 2.73987 -0.755503</i>
                        <i>-0.136757 0.930706 0.33924 0.101247 0.353797 -0.929826 -0.985417 -0.0928135 -0.142615 1.10958 2.73987 -0.755503</i>
                        <i>-0.13651 0.931565 0.336974 0.10158 0.351529 -0.93065 -0.985417 -0.0928135 -0.142615 1.10958 2.73987 -0.755503</i>
                        <i>-0.136213 0.932586 0.334259 0.101977 0.348811 -0.931629 -0.985417 -0.0928135 -0.142615 1.10958 2.73987 -0.755503</i>
                        <i>-0.135876 0.933732 0.331182 0.102426 0.34573 -0.932727 -0.985417 -0.0928135 -0.142615 1.10958 2.73987 -0.755503</i>
                        <i>-0.135508 0.934967 0.327832 0.102913 0.342377 -0.933909 -0.985417 -0.0928135 -0.142615 1.10958 2.73987 -0.755503</i>
                        <i>-0.135117 0.936255 0.324298 0.103425 0.338839 -0.935142 -0.985417 -0.0928135 -0.142615 1.10958 2.73987 -0.755503</i>
                        <i>-0.134715 0.937562 0.32067 0.103948 0.335206 -0.936393 -0.985417 -0.0928135 -0.142615 1.10958 2.73987 -0.755503</i>
                        <i>-0.134311 0.938855 0.317037 0.10447 0.331568 -0.937629 -0.985417 -0.0928135 -0.142615 1.10958 2.73987 -0.755503</i>
                        <i>-0.133915 0.940102 0.313489 0.104977 0.328015 -0.938821 -0.985417 -0.0928135 -0.142615 1.10958 2.73987 -0.755503</i>
                        <i>-0.133538 0.941273 0.310117 0.105457 0.324639 -0.939941 -0.985417 -0.0928135 -0.142615 1.10958 2.73987 -0.755503</i>
                        <i>-0.133189 0.94234 0.307013 0.105897 0.321531 -0.940959 -0.985417 -0.0928135 -0.142615 1.10958 2.73987 -0.755503</i>
                        <i>-0.132879 0.943273 0.304268 0.106285 0.318781 -0.94185 -0.985417 -0.0928135 -0.142615 1.10958 2.73987 -0.755503</i>
                        <i>-0.13262 0.944047 0.301973 0.106608 0.316483 -0.942589 -0.985417 -0.0928135 -0.142615 1.10958 2.73987 -0.755503</i>
                        <i>-0.132422 0.944633 0.30022 0.106855 0.314728 -0.943148 -0.985417 -0.0928135 -0.142615 1.10958 2.73987 -0.755503</i>
                        <i>-0.132295 0.945006 0.299102 0.107012 0.313607 -0.943504 -0.985417 -0.0928135 -0.142615 1.10958 2.73987 -0.755503</i>
                        <i>-0.13225 0.945136 0.298709 0.107067 0.313214 -0.943628 -0.985417 -0.0928135 -0.142615 1.10958 2.73987 -0.755503</i>
                    </KeyFrames>
                </p>
            </i>
            <i>
                <p>
                    <Name><![CDATA[head_prop]]></Name>
                    <Exclude>0</Exclude>
                    <Additive>0</Additive>
                    <IKPriority>0</IKPriority>
                    <IKRotLimits>-1e+010 -1e+010 -1e+010 1e+010 1e+010 1e+010</IKRotLimits>
                    <IKRotLimitOrder>0</IKRotLimitOrder>
                    <KeyFrames count="30">
                        <i>0.985417 0.0928135 0.142615 -0.13225 0.945136 0.298709 -0.107067 -0.313214 0.943628 1.06647 3.0479 -0.658151</i>
                        <i>0.985417 0.0928135 0.142615 -0.132367 0.944795 0.299735 -0.106923 -0.314242 0.943303 1.06644 3.04779 -0.657816</i>
                        <i>0.985417 0.0928135 0.142615 -0.132685 0.943853 0.302549 -0.106527 -0.31706 0.942404 1.06633 3.04748 -0.656899</i>
                        <i>0.985417 0.0928135 0.142615 -0.133159 0.94243 0.306747 -0.105935 -0.321264 0.941046 1.06618 3.04702 -0.655531</i>
                        <i>0.985417 0.0928135 0.142615 -0.133741 0.940645 0.311929 -0.105199 -0.326454 0.939341 1.06599 3.04644 -0.653842</i>
                        <i>0.985417 0.0928135 0.142615 -0.134384 0.938622 0.317693 -0.104376 -0.332226 0.937407 1.06578 3.04578 -0.651964</i>
                        <i>0.985417 0.0928135 0.142615 -0.135045 0.936492 0.323643 -0.10352 -0.338183 0.935369 1.06556 3.04508 -0.650024</i>
                        <i>0.985417 0.0928135 0.142615 -0.135678 0.934397 0.329383 -0.102688 -0.34393 0.933364 1.06536 3.0444 -0.648154</i>
                        <i>0.985417 0.0928135 0.142615 -0.136242 0.932487 0.334522 -0.101939 -0.349074 0.931534 1.06517 3.04378 -0.646479</i>
                        <i>0.985417 0.0928135 0.142615 -0.136695 0.930922 0.338672 -0.10133 -0.353228 0.930034 1.06502 3.04327 -0.645127</i>
                        <i>0.985417 0.0928135 0.142615 -0.136997 0.929864 0.341445 -0.100922 -0.356004 0.929019 1.06493 3.04292 -0.644223</i>
                        <i>0.985417 0.0928135 0.142615 -0.137107 0.929476 0.342456 -0.100773 -0.357016 0.928647 1.06489 3.0428 -0.643893</i>
                        <i>0.985417 0.0928135 0.142615 -0.137065 0.929625 0.342069 -0.10083 -0.356628 0.928789 1.0649 3.04285 -0.644019</i>
                        <i>0.985417 0.0928135 0.142615 -0.136945 0.930047 0.340968 -0.100993 -0.355526 0.929194 1.06494 3.04298 -0.644378</i>
                        <i>0.985417 0.0928135 0.142615 -0.136757 0.930706 0.33924 -0.101247 -0.353797 0.929826 1.065 3.0432 -0.644941</i>
                        <i>0.985417 0.0928135 0.142615 -0.13651 0.931565 0.336974 -0.10158 -0.351529 0.93065 1.06509 3.04348 -0.64568</i>
                        <i>0.985417 0.0928135 0.142615 -0.136213 0.932586 0.334259 -0.101977 -0.348811 0.931629 1.06518 3.04381 -0.646565</i>
                        <i>0.985417 0.0928135 0.142615 -0.135876 0.933732 0.331182 -0.102426 -0.34573 0.932727 1.06529 3.04418 -0.647567</i>
                        <i>0.985417 0.0928135 0.142615 -0.135508 0.934967 0.327832 -0.102913 -0.342377 0.933909 1.06541 3.04459 -0.648659</i>
                        <i>0.985417 0.0928135 0.142615 -0.135117 0.936255 0.324298 -0.103425 -0.338839 0.935142 1.06554 3.04501 -0.649811</i>
                        <i>0.985417 0.0928135 0.142615 -0.134715 0.937562 0.32067 -0.103948 -0.335206 0.936393 1.06567 3.04543 -0.650993</i>
                        <i>0.985417 0.0928135 0.142615 -0.134311 0.938855 0.317037 -0.10447 -0.331568 0.937629 1.0658 3.04585 -0.652178</i>
                        <i>0.985417 0.0928135 0.142615 -0.133915 0.940102 0.313489 -0.104977 -0.328015 0.938821 1.06593 3.04626 -0.653334</i>
                        <i>0.985417 0.0928135 0.142615 -0.133538 0.941273 0.310117 -0.105457 -0.324639 0.939941 1.06605 3.04664 -0.654433</i>
                        <i>0.985417 0.0928135 0.142615 -0.133189 0.94234 0.307013 -0.105897 -0.321531 0.940959 1.06617 3.04699 -0.655444</i>
                        <i>0.985417 0.0928135 0.142615 -0.132879 0.943273 0.304268 -0.106285 -0.318781 0.94185 1.06627 3.04729 -0.656339</i>
                        <i>0.985417 0.0928135 0.142615 -0.13262 0.944047 0.301973 -0.106608 -0.316483 0.942589 1.06635 3.04755 -0.657087</i>
                        <i>0.985417 0.0928135 0.142615 -0.132422 0.944633 0.30022 -0.106855 -0.314728 0.943148 1.06642 3.04774 -0.657658</i>
                        <i>0.985417 0.0928135 0.142615 -0.132295 0.945006 0.299102 -0.107012 -0.313607 0.943504 1.06646 3.04786 -0.658023</i>
                        <i>0.985417 0.0928135 0.142615 -0.13225 0.945136 0.298709 -0.107067 -0.313214 0.943628 1.06647 3.0479 -0.658151</i>
                    </KeyFrames>
                </p>
            </i>
            <i>
                <p>
                    <Name><![CDATA[l_clav]]></Name>
                    <Exclude>0</Exclude>
                    <Additive>0</Additive>
                    <IKPriority>0</IKPriority>
                    <IKRotLimits>-1e+010 -1e+010 -1e+010 1e+010 1e+010 1e+010</IKRotLimits>
                    <IKRotLimitOrder>0</IKRotLimitOrder>
                    <KeyFrames count="30">
                        <i>0.573418 0.0583274 0.817184 -0.294055 0.945651 0.138841 -0.764672 -0.319911 0.559405 1.19748 2.53966 -0.755889</i>
                        <i>0.572847 0.0603109 0.81744 -0.295069 0.945601 0.137012 -0.764709 -0.319688 0.559481 1.19748 2.53966 -0.755889</i>
                        <i>0.57123 0.0658616 0.818143 -0.297902 0.945442 0.131887 -0.76482 -0.319064 0.559686 1.19748 2.53966 -0.755889</i>
                        <i>0.568697 0.0743768 0.819178 -0.302233 0.945134 0.124006 -0.765009 -0.318105 0.559973 1.19748 2.53966 -0.755889</i>
                        <i>0.565366 0.0852511 0.820423 -0.307738 0.944628 0.113909 -0.765283 -0.316876 0.560295 1.19748 2.53966 -0.755889</i>
                        <i>0.561364 0.0978789 0.821761 -0.314092 0.943882 0.102139 -0.765648 -0.315445 0.560604 1.19748 2.53966 -0.755889</i>
                        <i>0.556831 0.111656 0.823087 -0.320976 0.942874 0.0892398 -0.766103 -0.313883 0.56086 1.19748 2.53966 -0.755889</i>
                        <i>0.551933 0.125981 0.824317 -0.328079 0.941607 0.0757631 -0.766638 -0.312257 0.561036 1.19748 2.53966 -0.755889</i>
                        <i>0.546861 0.140261 0.825391 -0.335102 0.940122 0.0622639 -0.767235 -0.310639 0.561118 1.19748 2.53966 -0.755889</i>
                        <i>0.541836 0.153906 0.826273 -0.341757 0.938494 0.0493012 -0.767864 -0.309098 0.561109 1.19748 2.53966 -0.755889</i>
                        <i>0.537104 0.16634 0.826952 -0.347773 0.936831 0.0374361 -0.768488 -0.307699 0.561024 1.19748 2.53966 -0.755889</i>
                        <i>0.532933 0.17699 0.82744 -0.352888 0.935269 0.0272308 -0.76906 -0.306506 0.560893 1.19748 2.53966 -0.755889</i>
                        <i>0.529605 0.185294 0.827759 -0.356851 0.933963 0.0192474 -0.76953 -0.30558 0.560754 1.19748 2.53966 -0.755889</i>
                        <i>0.527406 0.19069 0.827937 -0.359414 0.933072 0.014047 -0.769847 -0.304981 0.560645 1.19748 2.53966 -0.755889</i>
                        <i>0.526615 0.192615 0.827995 -0.360327 0.932747 0.0121895 -0.769962 -0.304768 0.560602 1.19748 2.53966 -0.755889</i>
                        <i>0.527307 0.190932 0.827945 -0.359529 0.933031 0.013813 -0.769861 -0.304954 0.56064 1.19748 2.53966 -0.755889</i>
                        <i>0.52924 0.186194 0.82779 -0.357279 0.933817 0.018381 -0.769582 -0.30548 0.560736 1.19748 2.53966 -0.755889</i>
                        <i>0.532191 0.178857 0.827516 -0.353781 0.934982 0.0254384 -0.769164 -0.306297 0.560865 1.19748 2.53966 -0.755889</i>
                        <i>0.535925 0.169378 0.827101 -0.349235 0.936399 0.0345292 -0.768647 -0.307358 0.560992 1.19748 2.53966 -0.755889</i>
                        <i>0.540213 0.158214 0.826522 -0.343846 0.937938 0.0451964 -0.768075 -0.308612 0.561088 1.19748 2.53966 -0.755889</i>
                        <i>0.544833 0.145827 0.825767 -0.337823 0.939483 0.0569831 -0.767485 -0.31001 0.561125 1.19748 2.53966 -0.755889</i>
                        <i>0.549575 0.132687 0.82484 -0.331384 0.940938 0.0694323 -0.76691 -0.311497 0.561086 1.19748 2.53966 -0.755889</i>
                        <i>0.554253 0.119266 0.823759 -0.324756 0.942229 0.0820888 -0.766379 -0.313019 0.560965 1.19748 2.53966 -0.755889</i>
                        <i>0.558698 0.106046 0.822564 -0.318179 0.943309 0.0944996 -0.765911 -0.314519 0.560766 1.19748 2.53966 -0.755889</i>
                        <i>0.562764 0.0935122 0.821311 -0.311899 0.94416 0.106215 -0.765516 -0.31594 0.560505 1.19748 2.53966 -0.755889</i>
                        <i>0.566325 0.0821549 0.820077 -0.306174 0.944785 0.116788 -0.765202 -0.317226 0.560209 1.19748 2.53966 -0.755889</i>
                        <i>0.569271 0.0724656 0.81895 -0.301263 0.945209 0.125777 -0.764965 -0.31832 0.559912 1.19748 2.53966 -0.755889</i>
                        <i>0.571502 0.064937 0.818028 -0.297431 0.945471 0.132741 -0.764801 -0.319168 0.559652 1.19748 2.53966 -0.755889</i>
                        <i>0.572919 0.0600611 0.817408 -0.294941 0.945608 0.137243 -0.764705 -0.319716 0.559471 1.19748 2.53966 -0.755889</i>
                        <i>0.573418 0.0583274 0.817184 -0.294055 0.945651 0.138841 -0.764672 -0.319911 0.559405 1.19748 2.53966 -0.755889</i>
                    </KeyFrames>
                </p>
            </i>
            <i>
                <p>
                    <Name><![CDATA[l_shoulder]]></Name>
                    <Exclude>0</Exclude>
                    <Additive>0</Additive>
                    <IKPriority>0</IKPriority>
                    <IKRotLimits>-1e+010 -1e+010 -1e+010 1e+010 1e+010 1e+010</IKRotLimits>
                    <IKRotLimitOrder>0</IKRotLimitOrder>
                    <KeyFrames count="30">
                        <i>-0.377813 -0.222926 0.898644 0.197243 0.928923 0.313364 -0.904628 0.295645 -0.306989 1.31078 2.55118 -0.594431</i>
                        <i>-0.377388 -0.223768 0.898614 0.197425 0.928619 0.314151 -0.904766 0.295965 -0.306272 1.31066 2.55157 -0.59438</i>
                        <i>-0.376198 -0.22612 0.898524 0.19793 0.927765 0.316348 -0.905151 0.296854 -0.304268 1.31034 2.55267 -0.594242</i>
                        <i>-0.37438 -0.229714 0.898371 0.198698 0.926451 0.319698 -0.905737 0.298193 -0.3012 1.30984 2.55435 -0.594037</i>
                        <i>-0.372066 -0.234282 0.898153 0.199669 0.924768 0.323939 -0.906476 0.29986 -0.297296 1.30919 2.5565 -0.593791</i>
                        <i>-0.369392 -0.239552 0.897866 0.20078 0.922806 0.32881 -0.907324 0.301733 -0.29278 1.30839 2.559 -0.593527</i>
                        <i>-0.366489 -0.24526 0.897515 0.201973 0.920659 0.334058 -0.908236 0.303702 -0.287875 1.3075 2.56172 -0.593265</i>
                        <i>-0.363482 -0.251146 0.89711 0.203192 0.918419 0.33944 -0.909172 0.305666 -0.282798 1.30653 2.56455 -0.593022</i>
                        <i>-0.360498 -0.256963 0.896667 0.204385 0.916182 0.344727 -0.910092 0.307539 -0.277762 1.30553 2.56737 -0.59281</i>
                        <i>-0.357655 -0.262472 0.89621 0.205505 0.914042 0.349706 -0.910961 0.30925 -0.272973 1.30454 2.57007 -0.592635</i>
                        <i>-0.355072 -0.267448 0.895765 0.206508 0.912092 0.35418 -0.911745 0.310742 -0.268628 1.3036 2.57252 -0.592501</i>
                        <i>-0.352865 -0.271677 0.895365 0.207353 0.910421 0.357964 -0.912409 0.311969 -0.264923 1.30278 2.57463 -0.592405</i>
                        <i>-0.351147 -0.274952 0.89504 0.208004 0.90912 0.360882 -0.912924 0.312894 -0.262044 1.30212 2.57627 -0.592342</i>
                        <i>-0.350032 -0.277069 0.894824 0.208422 0.908275 0.362764 -0.913257 0.31348 -0.260178 1.30169 2.57733 -0.592306</i>
                        <i>-0.349634 -0.277823 0.894746 0.208571 0.907973 0.363432 -0.913375 0.313686 -0.259513 1.30153 2.57771 -0.592295</i>
                        <i>-0.349982 -0.277164 0.894814 0.208441 0.908237 0.362848 -0.913272 0.313506 -0.260094 1.30167 2.57738 -0.592305</i>
                        <i>-0.350961 -0.275306 0.895005 0.208074 0.908979 0.361197 -0.91298 0.312993 -0.261732 1.30205 2.57644 -0.592335</i>
                        <i>-0.352479 -0.272415 0.895293 0.2075 0.910129 0.358622 -0.912525 0.31218 -0.264275 1.30263 2.575 -0.59239</i>
                        <i>-0.354442 -0.268657 0.895653 0.20675 0.911615 0.355264 -0.911935 0.311097 -0.26757 1.30337 2.57312 -0.592472</i>
                        <i>-0.35676 -0.2642 0.896058 0.205854 0.913366 0.351263 -0.911234 0.309774 -0.271466 1.30422 2.57092 -0.592586</i>
                        <i>-0.359337 -0.259216 0.896484 0.204845 0.91531 0.346767 -0.910448 0.308246 -0.275805 1.30513 2.56847 -0.592735</i>
                        <i>-0.362079 -0.253884 0.896906 0.203755 0.917369 0.341932 -0.909606 0.306556 -0.28043 1.30607 2.56587 -0.592918</i>
                        <i>-0.36489 -0.248393 0.897305 0.202623 0.91947 0.336926 -0.908735 0.304756 -0.285175 1.30699 2.56322 -0.593132</i>
                        <i>-0.367669 -0.242941 0.897663 0.20149 0.921534 0.331929 -0.907866 0.30291 -0.28987 1.30787 2.56061 -0.593368</i>
                        <i>-0.370316 -0.237734 0.897969 0.200398 0.923486 0.327132 -0.907032 0.301093 -0.29434 1.30867 2.55813 -0.593616</i>
                        <i>-0.372724 -0.232984 0.898218 0.199394 0.925248 0.322736 -0.906267 0.29939 -0.298406 1.30938 2.55589 -0.593859</i>
                        <i>-0.374787 -0.228909 0.898407 0.198526 0.926746 0.318949 -0.905606 0.297895 -0.301888 1.30996 2.55397 -0.594082</i>
                        <i>-0.376396 -0.225728 0.898539 0.197846 0.927907 0.315983 -0.905087 0.296707 -0.304601 1.3104 2.55249 -0.594264</i>
                        <i>-0.377441 -0.223662 0.898618 0.197402 0.928657 0.314052 -0.904749 0.295925 -0.306362 1.31068 2.55152 -0.594387</i>
                        <i>-0.377813 -0.222926 0.898644 0.197243 0.928923 0.313364 -0.904628 0.295645 -0.306989 1.31078 2.55118 -0.594431</i>
                    </KeyFrames>
                </p>
            </i>
            <i>
                <p>
                    <Name><![CDATA[l_elbow]]></Name>
                    <Exclude>0</Exclude>
                    <Additive>0</Additive>
                    <IKPriority>0</IKPriority>
                    <IKRotLimits>-1e+010 -1e+010 -1e+010 1e+010 1e+010 1e+010</IKRotLimits>
                    <IKRotLimitOrder>0</IKRotLimitOrder>
                    <KeyFrames count="30">
                        <i>-0.759466 -0.0584417 0.647916 0.195064 0.929673 0.312503 -0.620614 0.363721 -0.694655 1.18788 2.47867 -0.302123</i>
                        <i>-0.759545 -0.0588045 0.647791 0.195245 0.929369 0.313293 -0.62046 0.364438 -0.694417 1.18791 2.47879 -0.302082</i>
                        <i>-0.759753 -0.0598244 0.647454 0.195749 0.928518 0.315495 -0.620047 0.366437 -0.693733 1.18798 2.47912 -0.301973</i>
                        <i>-0.760033 -0.0614019 0.646978 0.196516 0.927208 0.318852 -0.619461 0.369479 -0.692642 1.18807 2.47963 -0.301818</i>
                        <i>-0.760323 -0.0634396 0.64644 0.197484 0.925529 0.323103 -0.618797 0.373324 -0.691173 1.18816 2.48029 -0.301643</i>
                        <i>-0.760565 -0.0658394 0.645914 0.198593 0.923573 0.327985 -0.618143 0.377728 -0.689363 1.18824 2.48107 -0.301472</i>
                        <i>-0.760716 -0.0685 0.64546 0.199783 0.921431 0.333245 -0.617574 0.382457 -0.687262 1.18829 2.48194 -0.301324</i>
