<?xml version="1.0" encoding="ISO-8859-1" ?>
<Animl Version="1">
    <ModellingPackage><![CDATA[Maya.2010]]></ModellingPackage>
    <SrcFile><![CDATA[anims\turrets\antitank\red\~src\at_rpg7\at_rpg7_reload_low_crewman_a.mb]]></SrcFile>
    <FramesPerSecond>30</FramesPerSecond>
    <TotalFrames>70</TotalFrames>
    <Skeleton>
        <RefFrame>
            <Name><![CDATA[soldier_ref_frame]]></Name>
            <Exclude>0</Exclude>
            <Additive>0</Additive>
            <IKPriority>0</IKPriority>
            <IKRotLimits>-1e+010 -1e+010 -1e+010 1e+010 1e+010 1e+010</IKRotLimits>
            <IKRotLimitOrder>0</IKRotLimitOrder>
            <KeyFrames count="70">
                <i>1 0 0 0 1 0 0 0 1 1.14 0.92 -0.82</i>
                <i>1 0 0 0 1 0 0 0 1 1.14 0.92 -0.82</i>
                <i>1 0 0 0 1 0 0 0 1 1.14 0.92 -0.82</i>
                <i>1 0 0 0 1 0 0 0 1 1.14 0.92 -0.82</i>
                <i>1 0 0 0 1 0 0 0 1 1.14 0.92 -0.82</i>
                <i>1 0 0 0 1 0 0 0 1 1.14 0.92 -0.82</i>
                <i>1 0 0 0 1 0 0 0 1 1.14 0.92 -0.82</i>
                <i>1 0 0 0 1 0 0 0 1 1.14 0.92 -0.82</i>
                <i>1 0 0 0 1 0 0 0 1 1.14 0.92 -0.82</i>
                <i>1 0 0 0 1 0 0 0 1 1.14 0.92 -0.82</i>
                <i>1 0 0 0 1 0 0 0 1 1.14 0.92 -0.82</i>
                <i>1 0 0 0 1 0 0 0 1 1.14 0.92 -0.82</i>
                <i>1 0 0 0 1 0 0 0 1 1.14 0.92 -0.82</i>
                <i>1 0 0 0 1 0 0 0 1 1.14 0.92 -0.82</i>
                <i>1 0 0 0 1 0 0 0 1 1.14 0.92 -0.82</i>
                <i>1 0 0 0 1 0 0 0 1 1.14 0.92 -0.82</i>
                <i>1 0 0 0 1 0 0 0 1 1.14 0.92 -0.82</i>
                <i>1 0 0 0 1 0 0 0 1 1.14 0.92 -0.82</i>
                <i>1 0 0 0 1 0 0 0 1 1.14 0.92 -0.82</i>
                <i>1 0 0 0 1 0 0 0 1 1.14 0.92 -0.82</i>
                <i>1 0 0 0 1 0 0 0 1 1.14 0.92 -0.82</i>
                <i>1 0 0 0 1 0 0 0 1 1.14 0.92 -0.82</i>
                <i>1 0 0 0 1 0 0 0 1 1.14 0.92 -0.82</i>
                <i>1 0 0 0 1 0 0 0 1 1.14 0.92 -0.82</i>
                <i>1 0 0 0 1 0 0 0 1 1.14 0.92 -0.82</i>
                <i>1 0 0 0 1 0 0 0 1 1.14 0.92 -0.82</i>
                <i>1 0 0 0 1 0 0 0 1 1.14 0.92 -0.82</i>
                <i>1 0 0 0 1 0 0 0 1 1.14 0.92 -0.82</i>
                <i>1 0 0 0 1 0 0 0 1 1.14 0.92 -0.82</i>
                <i>1 0 0 0 1 0 0 0 1 1.14 0.92 -0.82</i>
                <i>1 0 0 0 1 0 0 0 1 1.14 0.92 -0.82</i>
                <i>1 0 0 0 1 0 0 0 1 1.14 0.92 -0.82</i>
                <i>1 0 0 0 1 0 0 0 1 1.14 0.92 -0.82</i>
                <i>1 0 0 0 1 0 0 0 1 1.14 0.92 -0.82</i>
                <i>1 0 0 0 1 0 0 0 1 1.14 0.92 -0.82</i>
                <i>1 0 0 0 1 0 0 0 1 1.14 0.92 -0.82</i>
                <i>1 0 0 0 1 0 0 0 1 1.14 0.92 -0.82</i>
                <i>1 0 0 0 1 0 0 0 1 1.14 0.92 -0.82</i>
                <i>1 0 0 0 1 0 0 0 1 1.14 0.92 -0.82</i>
                <i>1 0 0 0 1 0 0 0 1 1.14 0.92 -0.82</i>
                <i>1 0 0 0 1 0 0 0 1 1.14 0.92 -0.82</i>
                <i>1 0 0 0 1 0 0 0 1 1.14 0.92 -0.82</i>
                <i>1 0 0 0 1 0 0 0 1 1.14 0.92 -0.82</i>
                <i>1 0 0 0 1 0 0 0 1 1.14 0.92 -0.82</i>
                <i>1 0 0 0 1 0 0 0 1 1.14 0.92 -0.82</i>
                <i>1 0 0 0 1 0 0 0 1 1.14 0.92 -0.82</i>
                <i>1 0 0 0 1 0 0 0 1 1.14 0.92 -0.82</i>
                <i>1 0 0 0 1 0 0 0 1 1.14 0.92 -0.82</i>
                <i>1 0 0 0 1 0 0 0 1 1.14 0.92 -0.82</i>
                <i>1 0 0 0 1 0 0 0 1 1.14 0.92 -0.82</i>
                <i>1 0 0 0 1 0 0 0 1 1.14 0.92 -0.82</i>
                <i>1 0 0 0 1 0 0 0 1 1.14 0.92 -0.82</i>
                <i>1 0 0 0 1 0 0 0 1 1.14 0.92 -0.82</i>
                <i>1 0 0 0 1 0 0 0 1 1.14 0.92 -0.82</i>
                <i>1 0 0 0 1 0 0 0 1 1.14 0.92 -0.82</i>
                <i>1 0 0 0 1 0 0 0 1 1.14 0.92 -0.82</i>
                <i>1 0 0 0 1 0 0 0 1 1.14 0.92 -0.82</i>
                <i>1 0 0 0 1 0 0 0 1 1.14 0.92 -0.82</i>
                <i>1 0 0 0 1 0 0 0 1 1.14 0.92 -0.82</i>
                <i>1 0 0 0 1 0 0 0 1 1.14 0.92 -0.82</i>
                <i>1 0 0 0 1 0 0 0 1 1.14 0.92 -0.82</i>
                <i>1 0 0 0 1 0 0 0 1 1.14 0.92 -0.82</i>
                <i>1 0 0 0 1 0 0 0 1 1.14 0.92 -0.82</i>
                <i>1 0 0 0 1 0 0 0 1 1.14 0.92 -0.82</i>
                <i>1 0 0 0 1 0 0 0 1 1.14 0.92 -0.82</i>
                <i>1 0 0 0 1 0 0 0 1 1.14 0.92 -0.82</i>
                <i>1 0 0 0 1 0 0 0 1 1.14 0.92 -0.82</i>
                <i>1 0 0 0 1 0 0 0 1 1.14 0.92 -0.82</i>
                <i>1 0 0 0 1 0 0 0 1 1.14 0.92 -0.82</i>
                <i>1 0 0 0 1 0 0 0 1 1.14 0.92 -0.82</i>
            </KeyFrames>
        </RefFrame>
        <Bones count="23">
            <i>
                <p>
                    <Name><![CDATA[pelvis]]></Name>
                    <Exclude>0</Exclude>
                    <Additive>0</Additive>
                    <IKPriority>0</IKPriority>
                    <IKRotLimits>-1e+010 -1e+010 -1e+010 1e+010 1e+010 1e+010</IKRotLimits>
                    <IKRotLimitOrder>2</IKRotLimitOrder>
                    <KeyFrames count="70">
                        <i>1 0 0 0 1 0 0 0 1 1.14083 2.03328 -0.823886</i>
                        <i>1 0 0 0 1 0 0 0 1 1.1327 2.04333 -0.828742</i>
                        <i>1 0 0 0 1 0 0 0 1 1.12458 2.05337 -0.833598</i>
                        <i>1 0 0 0 1 0 0 0 1 1.12139 2.04432 -0.836375</i>
                        <i>1 0 0 0 1 0 0 0 1 1.12385 2.01168 -0.83703</i>
                        <i>1 0 0 0 1 0 0 0 1 1.12865 1.96792 -0.83701</i>
                        <i>1 0 0 0 1 0 0 0 1 1.13468 1.91939 -0.83647</i>
                        <i>1 0 0 0 1 0 0 0 1 1.14085 1.87243 -0.835566</i>
                        <i>1 0 0 0 1 0 0 0 1 1.14606 1.83341 -0.834455</i>
                        <i>1 0 0 0 1 0 0 0 1 1.14922 1.80868 -0.833293</i>
                        <i>1 0 0 0 1 0 0 0 1 1.14953 1.80518 -0.831648</i>
                        <i>1 0 0 0 1 0 0 0 1 1.1477 1.81935 -0.829345</i>
                        <i>1 0 0 0 1 0 0 0 1 1.14487 1.84182 -0.826923</i>
                        <i>1 0 0 0 1 0 0 0 1 1.1422 1.86323 -0.824923</i>
                        <i>1 0 0 0 1 0 0 0 1 1.14083 1.87419 -0.823886</i>
                        <i>1 0 0 0 1 0 0 0 1 1.14053 1.87656 -0.823546</i>
                        <i>1 0 0 0 1 0 0 0 1 1.14029 1.87844 -0.823276</i>
                        <i>1 0 0 0 1 0 0 0 1 1.1401 1.87987 -0.82307</i>
                        <i>1 0 0 0 1 0 0 0 1 1.13997 1.8809 -0.822922</i>
                        <i>1 0 0 0 1 0 0 0 1 1.13989 1.88156 -0.822827</i>
                        <i>1 0 0 0 1 0 0 0 1 1.13984 1.8819 -0.822779</i>
                        <i>1 0 0 0 1 0 0 0 1 1.13984 1.88194 -0.822773</i>
                        <i>1 0 0 0 1 0 0 0 1 1.13986 1.88174 -0.822802</i>
                        <i>1 0 0 0 1 0 0 0 1 1.13992 1.88133 -0.822861</i>
                        <i>1 0 0 0 1 0 0 0 1 1.13999 1.88075 -0.822945</i>
                        <i>1 0 0 0 1 0 0 0 1 1.14008 1.88003 -0.823047</i>
                        <i>1 0 0 0 1 0 0 0 1 1.14019 1.87923 -0.823163</i>
                        <i>1 0 0 0 1 0 0 0 1 1.1403 1.87837 -0.823286</i>
                        <i>1 0 0 0 1 0 0 0 1 1.14041 1.8775 -0.823411</i>
                        <i>1 0 0 0 1 0 0 0 1 1.14051 1.87665 -0.823533</i>
                        <i>1 0 0 0 1 0 0 0 1 1.14061 1.87587 -0.823645</i>
                        <i>1 0 0 0 1 0 0 0 1 1.1407 1.8752 -0.823742</i>
                        <i>1 0 0 0 1 0 0 0 1 1.14077 1.87467 -0.823818</i>
                        <i>1 0 0 0 1 0 0 0 1 1.14081 1.87432 -0.823868</i>
                        <i>1 0 0 0 1 0 0 0 1 1.14083 1.87419 -0.823886</i>
                        <i>1 0 0 0 1 0 0 0 1 1.14083 1.86526 -0.847041</i>
                        <i>1 0 0 0 1 0 0 0 1 1.14083 1.85632 -0.870197</i>
                        <i>1 0 0 0 1 0 0 0 1 1.14083 1.86095 -0.85819</i>
                        <i>1 0 0 0 1 0 0 0 1 1.14083 1.86956 -0.835892</i>
                        <i>1 0 0 0 1 0 0 0 1 1.14083 1.87419 -0.823886</i>
                        <i>1 0 0 0 1 0 0 0 1 1.14083 1.87419 -0.823886</i>
                        <i>1 0 0 0 1 0 0 0 1 1.14083 1.87419 -0.823886</i>
                        <i>1 0 0 0 1 0 0 0 1 1.14083 1.87419 -0.823886</i>
                        <i>1 0 0 0 1 0 0 0 1 1.14083 1.87419 -0.823886</i>
                        <i>1 0 0 0 1 0 0 0 1 1.14083 1.87419 -0.823886</i>
                        <i>1 0 0 0 1 0 0 0 1 1.13911 1.88636 -0.824991</i>
                        <i>1 0 0 0 1 0 0 0 1 1.13523 1.91447 -0.827483</i>
                        <i>1 0 0 0 1 0 0 0 1 1.13111 1.946 -0.83013</i>
                        <i>1 0 0 0 1 0 0 0 1 1.12688 1.98179 -0.832848</i>
                        <i>1 0 0 0 1 0 0 0 1 1.12283 2.01944 -0.83545</i>
                        <i>1 0 0 0 1 0 0 0 1 1.12139 2.04432 -0.836375</i>
                        <i>1 0 0 0 1 0 0 0 1 1.12499 2.05013 -0.834062</i>
                        <i>1 0 0 0 1 0 0 0 1 1.13122 2.01385 -0.831658</i>
                        <i>1 0 0 0 1 0 0 0 1 1.13778 1.97098 -0.829274</i>
                        <i>1 0 0 0 1 0 0 0 1 1.14191 1.94915 -0.827501</i>
                        <i>1 0 0 0 1 0 0 0 1 1.14307 1.95656 -0.826311</i>
                        <i>1 0 0 0 1 0 0 0 1 1.14296 1.97725 -0.825312</i>
                        <i>1 0 0 0 1 0 0 0 1 1.14216 2.00266 -0.824548</i>
                        <i>1 0 0 0 1 0 0 0 1 1.14126 2.0242 -0.824058</i>
                        <i>1 0 0 0 1 0 0 0 1 1.14083 2.03328 -0.823886</i>
                        <i>1 0 0 0 1 0 0 0 1 1.14083 2.03328 -0.823886</i>
                        <i>1 0 0 0 1 0 0 0 1 1.14083 2.03328 -0.823886</i>
                        <i>1 0 0 0 1 0 0 0 1 1.14083 2.03328 -0.823886</i>
                        <i>1 0 0 0 1 0 0 0 1 1.14083 2.03328 -0.823886</i>
                        <i>1 0 0 0 1 0 0 0 1 1.14083 2.03328 -0.823886</i>
                        <i>1 0 0 0 1 0 0 0 1 1.14083 2.03328 -0.823886</i>
                        <i>1 0 0 0 1 0 0 0 1 1.14083 2.03328 -0.823886</i>
                        <i>1 0 0 0 1 0 0 0 1 1.14083 2.03328 -0.823886</i>
                        <i>1 0 0 0 1 0 0 0 1 1.14083 2.03328 -0.823886</i>
                        <i>1 0 0 0 1 0 0 0 1 1.14083 2.03328 -0.823886</i>
                    </KeyFrames>
                </p>
            </i>
            <i>
                <p>
                    <Name><![CDATA[spine0]]></Name>
                    <Exclude>0</Exclude>
                    <Additive>0</Additive>
                    <IKPriority>0</IKPriority>
                    <IKRotLimits>-1e+010 -1e+010 -1e+010 1e+010 1e+010 1e+010</IKRotLimits>
                    <IKRotLimitOrder>0</IKRotLimitOrder>
                    <KeyFrames count="70">
                        <i>0.0327479 0.999374 -0.0133725 -0.96705 0.0283032 -0.253007 -0.25247 0.0212174 0.967372 1.14965 2.17088 -0.86494</i>
                        <i>0.0100837 0.999357 0.0344086 -0.954183 0.0199076 -0.298562 -0.299055 -0.0298215 0.95377 1.14503 2.17991 -0.872186</i>
                        <i>-0.0189787 0.996773 0.0779929 -0.937444 0.00938107 -0.34801 -0.347618 -0.0797187 0.934241 1.14115 2.18859 -0.879822</i>
                        <i>-0.0377145 0.995459 0.0874018 -0.917473 0.000166956 -0.397798 -0.396006 -0.0951916 0.9133 1.14419 2.17657 -0.888206</i>
                        <i>-0.0399226 0.996709 0.0705498 -0.895547 -0.00437612 -0.444946 -0.443173 -0.0809441 0.892774 1.15438 2.13958 -0.8954</i>
                        <i>-0.0375626 0.99755 0.0590116 -0.872798 -0.00399284 -0.488065 -0.486634 -0.0698382 0.87081 1.16613 2.09216 -0.899104</i>
                        <i>-0.0387331 0.997346 0.0616451 -0.850587 -0.000532115 -0.525834 -0.524406 -0.0728017 0.84835 1.17678 2.04227 -0.898304</i>
                        <i>-0.0457808 0.996061 0.0759422 -0.831075 0.00420414 -0.556144 -0.554273 -0.0885744 0.827609 1.18488 1.99619 -0.894222</i>
                        <i>-0.0544184 0.994287 0.0918276 -0.817191 0.00849905 -0.576305 -0.573793 -0.106402 0.812059 1.1903 1.95874 -0.889504</i>
                        <i>-0.0589674 0.993291 0.0994745 -0.811967 0.0102437 -0.583613 -0.580717 -0.115184 0.805916 1.19322 1.93484 -0.886631</i>
                        <i>-0.0589011 0.993066 0.101737 -0.811614 0.0116984 -0.584077 -0.581218 -0.116974 0.805297 1.19221 1.93253 -0.883174</i>
                        <i>-0.0582673 0.992541 0.107087 -0.810885 0.0155136 -0.584999 -0.582297 -0.120922 0.803933 1.18713 1.94944 -0.876427</i>
                        <i>-0.0578749 0.991781 0.114107 -0.810296 0.020099 -0.585676 -0.583156 -0.126356 0.802473 1.18023 1.97494 -0.868452</i>
                        <i>-0.0580172 0.990978 0.120815 -0.810042 0.024003 -0.58588 -0.583494 -0.131856 0.801342 1.17387 1.99873 -0.861431</i>
                        <i>-0.0583889 0.990485 0.124623 -0.810003 0.0259624 -0.58585 -0.583511 -0.135152 0.80078 1.17048 2.01086 -0.857657</i>
                        <i>-0.0587139 0.990295 0.125972 -0.81 0.0264969 -0.585831 -0.583483 -0.136433 0.800583 1.16949 2.0136 -0.856375</i>
                        <i>-0.0590561 0.990123 0.12716 -0.81 0.0269219 -0.585811 -0.583448 -0.137595 0.80041 1.16865 2.0158 -0.855282</i>
                        <i>-0.0594083 0.989968 0.128194 -0.810002 0.0272474 -0.585793 -0.58341 -0.138638 0.800258 1.16795 2.0175 -0.854364</i>
                        <i>-0.0597645 0.989831 0.129081 -0.810004 0.0274831 -0.58578 -0.583371 -0.139565 0.800125 1.16737 2.01876 -0.853608</i>
                        <i>-0.0601198 0.989712 0.12983 -0.810004 0.0276383 -0.585773 -0.583335 -0.14038 0.800009 1.16692 2.0196 -0.853003</i>
                        <i>-0.06047 0.989609 0.130451 -0.810002 0.0277219 -0.585772 -0.583302 -0.141087 0.799909 1.16658 2.02009 -0.852533</i>
                        <i>-0.0608116 0.989522 0.130953 -0.809997 0.0277428 -0.585777 -0.583272 -0.141694 0.799823 1.16633 2.02025 -0.852188</i>
                        <i>-0.0611417 0.989449 0.131347 -0.809991 0.0277095 -0.585788 -0.583247 -0.142206 0.79975 1.16617 2.02014 -0.851951</i>
                        <i>-0.0614576 0.98939 0.131643 -0.809982 0.0276304 -0.585804 -0.583226 -0.14263 0.79969 1.16608 2.0198 -0.851812</i>
                        <i>-0.0617571 0.989344 0.131852 -0.809971 0.027514 -0.585824 -0.583209 -0.142975 0.799641 1.16606 2.01926 -0.851755</i>
                        <i>-0.062038 0.989308 0.131987 -0.809959 0.0273686 -0.585847 -0.583195 -0.143249 0.799602 1.1661 2.01858 -0.851769</i>
                        <i>-0.0622982 0.989282 0.132058 -0.809947 0.0272026 -0.585872 -0.583185 -0.143459 0.799571 1.16618 2.01778 -0.851838</i>
                        <i>-0.0625358 0.989265 0.132078 -0.809934 0.0270243 -0.585898 -0.583178 -0.143614 0.799549 1.16629 2.01693 -0.85195</i>
                        <i>-0.0627486 0.989254 0.132057 -0.809921 0.0268422 -0.585924 -0.583172 -0.143721 0.799534 1.16642 2.01605 -0.85209</i>
                        <i>-0.0629347 0.989249 0.132007 -0.80991 0.0266646 -0.585948 -0.583169 -0.14379 0.799524 1.16656 2.01519 -0.852247</i>
                        <i>-0.0630919 0.989248 0.131941 -0.809899 0.0265001 -0.58597 -0.583166 -0.143829 0.799519 1.1667 2.01439 -0.852405</i>
                        <i>-0.063218 0.989249 0.131869 -0.80989 0.0263572 -0.585989 -0.583165 -0.143844 0.799517 1.16683 2.0137 -0.852552</i>
                        <i>-0.0633109 0.989252 0.131803 -0.809884 0.0262445 -0.586003 -0.583164 -0.143845 0.799518 1.16693 2.01315 -0.852673</i>
                        <i>-0.0633682 0.989255 0.131755 -0.809879 0.0261706 -0.586012 -0.583164 -0.14384 0.799519 1.167 2.0128 -0.852756</i>
                        <i>-0.0633878 0.989256 0.131736 -0.809878 0.0261441 -0.586016 -0.583164 -0.143837 0.799519 1.16703 2.01267 -0.852787</i>
                        <i>-0.0228523 0.995697 0.0898049 -0.809336 0.0343089 -0.586343 -0.586901 -0.0860816 0.80507 1.17699 1.99793 -0.889321</i>
                        <i>0.0159939 0.998635 0.049728 -0.807934 0.0422077 -0.587759 -0.589055 -0.0307764 0.807506 1.18659 1.981 -0.925489</i>
                        <i>-0.0021904 0.997702 0.0677193 -0.808743 0.0380624 -0.586929 -0.588158 -0.0560531 0.806801 1.18307 1.98883 -0.90879</i>
                        <i>-0.0380018 0.993873 0.103787 -0.80976 0.0302301 -0.585981 -0.585529 -0.106311 0.80365 1.17527 2.00333 -0.876076</i>
                        <i>-0.060346 0.990012 0.127416 -0.809952 0.0260379 -0.585918 -0.583383 -0.138559 0.800291 1.16911 2.01161 -0.855719</i>
                        <i>-0.0652036 0.988793 0.134305 -0.809836 0.0262017 -0.586071 -0.583021 -0.146979 0.799051 1.16581 2.01324 -0.851076</i>
                        <i>-0.0702392 0.987459 0.141391 -0.809728 0.0263411 -0.586214 -0.582587 -0.155663 0.797723 1.16253 2.01461 -0.846459</i>
                        <i>-0.0747552 0.986203 0.147703 -0.809637 0.0264436 -0.586335 -0.582151 -0.163417 0.796489 1.15966 2.01561 -0.842441</i>
                        <i>-0.0780015 0.985264 0.152217 -0.809575 0.0265055 -0.586418 -0.581811 -0.168973 0.795578 1.15763 2.0162 -0.839604</i>
                        <i>-0.0792401 0.984899 0.153935 -0.809551 0.0265267 -0.58645 -0.581677 -0.171088 0.795224 1.15686 2.01641 -0.838531</i>
                        <i>-0.0826155 0.985087 0.150922 -0.814419 0.0205442 -0.579913 -0.574366 -0.170823 0.800577 1.15487 2.02855 -0.840131</i>
                        <i>-0.0882055 0.985324 0.146137 -0.827442 0.00920232 -0.561476 -0.554581 -0.170445 0.814487 1.15034 2.05662 -0.843644</i>
                        <i>-0.0882702 0.985388 0.14567 -0.846169 0.00298017 -0.532906 -0.525553 -0.170301 0.833542 1.14548 2.08813 -0.84715</i>
                        <i>-0.0877201 0.985519 0.145115 -0.868034 -0.00415684 -0.496486 -0.488693 -0.169516 0.855829 1.1399 2.12388 -0.851214</i>
                        <i>-0.0860288 0.985575 0.145744 -0.892935 -0.0113913 -0.450042 -0.44189 -0.168857 0.881034 1.13419 2.16149 -0.855182</i>
                        <i>-0.078848 0.985025 0.153326 -0.916404 -0.0110765 -0.400102 -0.392412 -0.172056 0.903554 1.13078 2.18635 -0.857236</i>
                        <i>-0.061195 0.987623 0.144418 -0.937332 -0.0071385 -0.348363 -0.34302 -0.156686 0.926168 1.13367 2.19154 -0.859068</i>
                        <i>-0.0457095 0.989134 0.139733 -0.952419 -0.000955726 -0.30479 -0.301344 -0.147017 0.942114 1.13868 2.15504 -0.858228</i>
                        <i>-0.0234943 0.991814 0.125515 -0.963469 0.0110413 -0.267593 -0.266788 -0.127216 0.955322 1.14401 2.11175 -0.858315</i>
                        <i>-0.00909084 0.993562 0.112926 -0.967617 0.0197484 -0.251649 -0.252259 -0.111557 0.961208 1.14752 2.08967 -0.857818</i>
                        <i>-0.000540957 0.995476 0.0950121 -0.967597 0.0234693 -0.251406 -0.252498 -0.0920695 0.963207 1.14901 2.09681 -0.857755</i>
                        <i>0.0103576 0.997967 0.0628854 -0.967461 0.025901 -0.251692 -0.252809 -0.0582323 0.965762 1.1497 2.11684 -0.859435</i>
                        <i>0.0211618 0.999405 0.0272238 -0.967276 0.0273527 -0.252248 -0.252843 -0.0209949 0.96728 1.14986 2.14139 -0.861849</i>
                        <i>0.0294403 0.999565 -0.0015564 -0.967117 0.028091 -0.252777 -0.252623 0.00894704 0.967523 1.14975 2.16214 -0.864007</i>
                        <i>0.0327479 0.999374 -0.0133725 -0.96705 0.0283032 -0.253007 -0.25247 0.0212174 0.967372 1.14965 2.17088 -0.86494</i>
                        <i>0.0327479 0.999374 -0.0133725 -0.96705 0.0283032 -0.253007 -0.25247 0.0212174 0.967372 1.14965 2.17088 -0.86494</i>
                        <i>0.0327479 0.999374 -0.0133725 -0.96705 0.0283032 -0.253007 -0.25247 0.0212174 0.967372 1.14965 2.17088 -0.86494</i>
                        <i>0.0327479 0.999374 -0.0133725 -0.96705 0.0283032 -0.253007 -0.25247 0.0212174 0.967372 1.14965 2.17088 -0.86494</i>
                        <i>0.0327479 0.999374 -0.0133725 -0.96705 0.0283032 -0.253007 -0.25247 0.0212174 0.967372 1.14965 2.17088 -0.86494</i>
                        <i>0.0327479 0.999374 -0.0133725 -0.96705 0.0283032 -0.253007 -0.25247 0.0212174 0.967372 1.14965 2.17088 -0.86494</i>
                        <i>0.0327479 0.999374 -0.0133725 -0.96705 0.0283032 -0.253007 -0.25247 0.0212174 0.967372 1.14965 2.17088 -0.86494</i>
                        <i>0.0327479 0.999374 -0.0133725 -0.96705 0.0283032 -0.253007 -0.25247 0.0212174 0.967372 1.14965 2.17088 -0.86494</i>
                        <i>0.0327479 0.999374 -0.0133725 -0.96705 0.0283032 -0.253007 -0.25247 0.0212174 0.967372 1.14965 2.17088 -0.86494</i>
                        <i>0.0327479 0.999374 -0.0133725 -0.96705 0.0283032 -0.253007 -0.25247 0.0212174 0.967372 1.14965 2.17088 -0.86494</i>
                        <i>0.0327479 0.999374 -0.0133725 -0.96705 0.0283032 -0.253007 -0.25247 0.0212174 0.967372 1.14965 2.17088 -0.86494</i>
                    </KeyFrames>
                </p>
            </i>
            <i>
                <p>
                    <Name><![CDATA[spine1]]></Name>
                    <Exclude>0</Exclude>
                    <Additive>0</Additive>
                    <IKPriority>0</IKPriority>
                    <IKRotLimits>-1e+010 -1e+010 -1e+010 1e+010 1e+010 1e+010</IKRotLimits>
                    <IKRotLimitOrder>0</IKRotLimitOrder>
                    <KeyFrames count="70">
                        <i>0.00138256 0.993905 0.110232 -0.8942 0.050576 -0.444802 -0.447666 -0.0979545 0.888819 1.15534 2.34433 -0.867273</i>
                        <i>-0.055268 0.970679 0.233938 -0.864612 0.0706578 -0.497446 -0.49939 -0.229758 0.835356 1.14681 2.35557 -0.866163</i>
                        <i>-0.124222 0.930642 0.344202 -0.82782 0.0940527 -0.553054 -0.547068 -0.353639 0.75872 1.13778 2.36685 -0.865916</i>
                        <i>-0.179594 0.901679 0.393346 -0.786079 0.108865 -0.608464 -0.591461 -0.418477 0.689239 1.13734 2.35786 -0.872348</i>
                        <i>-0.211849 0.895995 0.390273 -0.743967 0.111104 -0.658915 -0.633745 -0.429941 0.643054 1.14703 2.32391 -0.882427</i>
                        <i>-0.233596 0.897459 0.374167 -0.70893 0.106168 -0.697242 -0.66547 -0.428131 0.611435 1.15916 2.27851 -0.888162</i>
                        <i>-0.250486 0.899994 0.356745 -0.68382 0.0963694 -0.723259 -0.685308 -0.425116 0.591294 1.16958 2.22893 -0.886849</i>
                        <i>-0.265377 0.90085 0.343577 -0.667871 0.0852481 -0.739379 -0.695358 -0.425679 0.579028 1.17641 2.18176 -0.880149</i>
                        <i>-0.276249 0.900758 0.335143 -0.65911 0.0762316 -0.748173 -0.699471 -0.427579 0.57264 1.18027 2.14286 -0.872568</i>
                        <i>-0.280569 0.900516 0.332192 -0.656376 0.072512 -0.750941 -0.700323 -0.428734 0.570732 1.18238 2.11819 -0.868334</i>
                        <i>-0.277975 0.902679 0.328481 -0.6572 0.0706837 -0.750395 -0.700584 -0.424469 0.573592 1.18142 2.11516 -0.864527</i>
                        <i>-0.270848 0.908326 0.318725 -0.658953 0.0664165 -0.749246 -0.701729 -0.412956 0.580555 1.17655 2.13038 -0.856959</i>
                        <i>-0.260828 0.915785 0.305462 -0.660623 0.0614096 -0.748201 -0.70395 -0.396947 0.588972 1.16982 2.15393 -0.847904</i>
                        <i>-0.250784 0.922799 0.292488 -0.661686 0.0571353 -0.747601 -0.706597 -0.381022 0.596275 1.16351 2.17608 -0.839847</i>
                        <i>-0.244875 0.926746 0.284918 -0.662085 0.0548424 -0.747419 -0.708293 -0.371664 0.600155 1.1601 2.18736 -0.835482</i>
                        <i>-0.242669 0.928209 0.282027 -0.662167 0.0539776 -0.747409 -0.708975 -0.368122 0.601531 1.15907 2.18979 -0.833994</i>
                        <i>-0.240675 0.929523 0.279398 -0.662219 0.0531975 -0.74742 -0.709607 -0.364908 0.602744 1.15818 2.19172 -0.832719</i>
                        <i>-0.23889 0.930692 0.277025 -0.662244 0.0524964 -0.747447 -0.710186 -0.362016 0.603805 1.15742 2.19319 -0.831644</i>
                        <i>-0.237309 0.931726 0.274902 -0.662249 0.0518689 -0.747486 -0.710711 -0.359438 0.604726 1.1568 2.19423 -0.830754</i>
                        <i>-0.235923 0.932631 0.273019 -0.662238 0.0513101 -0.747535 -0.711183 -0.357164 0.605519 1.15629 2.19489 -0.830036</i>
                        <i>-0.234724 0.933416 0.271365 -0.662215 0.0508154 -0.747589 -0.711601 -0.355179 0.606194 1.15589 2.19522 -0.829475</i>
                        <i>-0.2337 0.934089 0.269929 -0.662181 0.0503802 -0.747648 -0.711969 -0.353468 0.606763 1.15559 2.19525 -0.829055</i>
                        <i>-0.232841 0.934659 0.268697 -0.662142 0.0500006 -0.747709 -0.712288 -0.352012 0.607234 1.15538 2.19502 -0.828762</i>
                        <i>-0.232132 0.935134 0.267655 -0.662097 0.0496724 -0.74777 -0.71256 -0.350795 0.607619 1.15525 2.19458 -0.828582</i>
                        <i>-0.23156 0.935523 0.266788 -0.66205 0.0493919 -0.74783 -0.71279 -0.349795 0.607926 1.15518 2.19397 -0.828497</i>
                        <i>-0.231113 0.935836 0.26608 -0.662003 0.0491552 -0.747888 -0.712979 -0.348992 0.608165 1.15517 2.19322 -0.828494</i>
                        <i>-0.230774 0.936079 0.265517 -0.661955 0.0489587 -0.747943 -0.713133 -0.348366 0.608344 1.1552 2.19238 -0.828557</i>
                        <i>-0.23053 0.936263 0.265081 -0.66191 0.0487988 -0.747993 -0.713254 -0.347895 0.608472 1.15527 2.19148 -0.828669</i>
                        <i>-0.230367 0.936395 0.264757 -0.661868 0.0486719 -0.748039 -0.713346 -0.347557 0.608557 1.15537 2.19058 -0.828817</i>
                        <i>-0.230268 0.936484 0.264527 -0.661829 0.0485744 -0.748079 -0.713413 -0.347331 0.608607 1.15547 2.1897 -0.828985</i>
                        <i>-0.230221 0.936538 0.264377 -0.661796 0.0485026 -0.748114 -0.71346 -0.347195 0.608631 1.15559 2.18889 -0.829156</i>
                        <i>-0.230209 0.936566 0.264288 -0.661768 0.0484532 -0.748141 -0.713489 -0.347126 0.608635 1.15569 2.18819 -0.829316</i>
                        <i>-0.230219 0.936576 0.264245 -0.661747 0.0484223 -0.748162 -0.713505 -0.347104 0.608629 1.15578 2.18764 -0.82945</i>
                        <i>-0.230235 0.936575 0.264231 -0.661734 0.0484065 -0.748174 -0.713512 -0.347107 0.608619 1.15584 2.18728 -0.829541</i>
                        <i>-0.230244 0.936574 0.26423 -0.661729 0.048402 -0.748179 -0.713514 -0.347113 0.608614 1.15587 2.18715 -0.829575</i>
                        <i>-0.240148 0.927269 0.287231 -0.661734 0.060113 -0.747325 -0.710237 -0.369539 0.599169 1.17289 2.1782 -0.873109</i>
                        <i>-0.247885 0.919006 0.306564 -0.659806 0.0715558 -0.748022 -0.709373 -0.387696 0.588628 1.18963 2.16738 -0.916283</i>
                        <i>-0.249673 0.919119 0.304769 -0.660659 0.0684191 -0.747562 -0.70795 -0.387994 0.590141 1.18271 2.17302 -0.896353</i>
                        <i>-0.248179 0.922928 0.294297 -0.661875 0.0602766 -0.747187 -0.707339 -0.380224 0.595904 1.16845 2.18271 -0.857389</i>
                        <i>-0.239132 0.930702 0.276784 -0.661992 0.0522667 -0.747687 -0.71034 -0.362024 0.603618 1.15842 2.18729 -0.833138</i>
                        <i>-0.224954 0.939927 0.256773 -0.66151 0.0461627 -0.748515 -0.715403 -0.338239 0.611386 1.15437 2.18705 -0.827489</i>
                        <i>-0.210299 0.94868 0.236178 -0.660674 0.0401603 -0.749598 -0.720614 -0.313676 0.618322 1.1503 2.18671 -0.82183</i>
                        <i>-0.19713 0.955893 0.217736 -0.659658 0.0349691 -0.750752 -0.725252 -0.291627 0.623669 1.14672 2.18634 -0.816878</i>
                        <i>-0.18762 0.960728 0.20445 -0.658779 0.031312 -0.751685 -0.728566 -0.275718 0.627033 1.14419 2.18605 -0.813369</i>
                        <i>-0.183977 0.962499 0.199369 -0.658411 0.029928 -0.752063 -0.729827 -0.269629 0.628214 1.14323 2.18593 -0.812039</i>
                        <i>-0.181628 0.962606 0.201002 -0.659951 0.032215 -0.750618 -0.729024 -0.268985 0.629422 1.14066 2.198 -0.814173</i>
                        <i>-0.175733 0.962812 0.205211 -0.668636 0.0362582 -0.742706 -0.722526 -0.267729 0.637398 1.13518 2.22597 -0.81853</i>
                        <i>-0.167932 0.962927 0.211115 -0.689523 0.0383162 -0.72325 -0.704526 -0.267026 0.657526 1.13031 2.25742 -0.822125</i>
                        <i>-0.154223 0.963273 0.21982 -0.717068 0.0439366 -0.695617 -0.679727 -0.264906 0.683956 1.12483 2.29313 -0.826294</i>
                        <i>-0.137756 0.963617 0.229054 -0.750343 0.0494265 -0.659199 -0.646536 -0.262678 0.716234 1.11942 2.33071 -0.83016</i>
                        <i>-0.117961 0.96339 0.24076 -0.790912 0.0554553 -0.609412 -0.600453 -0.262307 0.755415 1.11724 2.35539 -0.830924</i>
                        <i>-0.0879844 0.968833 0.231564 -0.831508 0.0565714 -0.552624 -0.5485 -0.24117 0.800615 1.12318 2.36086 -0.834308</i>
                        <i>-0.0688447 0.970933 0.229235 -0.85955 0.0589068 -0.507645 -0.506393 -0.231988 0.83051 1.13084 2.32466 -0.834265</i>
                        <i>-0.0443618 0.974747 0.21886 -0.884808 0.0633803 -0.461626 -0.46384 -0.214128 0.859652 1.13998 2.28199 -0.836772</i>
                        <i>-0.0310036 0.977111 0.21046 -0.895735 0.0662686 -0.439622 -0.443507 -0.202146 0.873177 1.14596 2.26044 -0.838411</i>
                        <i>-0.0258493 0.979851 0.198051 -0.895915 0.0651814 -0.439417 -0.443472 -0.188795 0.876178 1.14892 2.2682 -0.8414</i>
                        <i>-0.0176794 0.984748 0.173087 -0.895737 0.0613154 -0.440336 -0.444233 -0.162825 0.880991 1.15149 2.28907 -0.848588</i>
                        <i>-0.00878276 0.989511 0.14419 -0.895194 0.0564741 -0.442085 -0.445591 -0.13296 0.885308 1.15352 2.31431 -0.857147</i>
                        <i>-0.00158358 0.992745 0.120227 -0.89453 0.052336 -0.443933 -0.447005 -0.10825 0.887958 1.15485 2.33547 -0.864288</i>
                        <i>0.00138256 0.993905 0.110232 -0.8942 0.050576 -0.444802 -0.447666 -0.0979545 0.888819 1.15534 2.34433 -0.867273</i>
                        <i>0.00138256 0.993905 0.110232 -0.8942 0.050576 -0.444802 -0.447666 -0.0979545 0.888819 1.15534 2.34433 -0.867273</i>
                        <i>0.00138256 0.993905 0.110232 -0.8942 0.050576 -0.444802 -0.447666 -0.0979545 0.888819 1.15534 2.34433 -0.867273</i>
                        <i>0.00138256 0.993905 0.110232 -0.8942 0.050576 -0.444802 -0.447666 -0.0979545 0.888819 1.15534 2.34433 -0.867273</i>
                        <i>0.00138256 0.993905 0.110232 -0.8942 0.050576 -0.444802 -0.447666 -0.0979545 0.888819 1.15534 2.34433 -0.867273</i>
                        <i>0.00138256 0.993905 0.110232 -0.8942 0.050576 -0.444802 -0.447666 -0.0979545 0.888819 1.15534 2.34433 -0.867273</i>
                        <i>0.00138256 0.993905 0.110232 -0.8942 0.050576 -0.444802 -0.447666 -0.0979545 0.888819 1.15534 2.34433 -0.867273</i>
                        <i>0.00138256 0.993905 0.110232 -0.8942 0.050576 -0.444802 -0.447666 -0.0979545 0.888819 1.15534 2.34433 -0.867273</i>
                        <i>0.00138256 0.993905 0.110232 -0.8942 0.050576 -0.444802 -0.447666 -0.0979545 0.888819 1.15534 2.34433 -0.867273</i>
                        <i>0.00138256 0.993905 0.110232 -0.8942 0.050576 -0.444802 -0.447666 -0.0979545 0.888819 1.15534 2.34433 -0.867273</i>
                        <i>0.00138256 0.993905 0.110232 -0.8942 0.050576 -0.444802 -0.447666 -0.0979545 0.888819 1.15534 2.34433 -0.867273</i>
                    </KeyFrames>
                </p>
            </i>
            <i>
                <p>
                    <Name><![CDATA[spine2]]></Name>
                    <Exclude>0</Exclude>
                    <Additive>0</Additive>
                    <IKPriority>0</IKPriority>
                    <IKRotLimits>-1e+010 -1e+010 -1e+010 1e+010 1e+010 1e+010</IKRotLimits>
                    <IKRotLimitOrder>0</IKRotLimitOrder>
                    <KeyFrames count="70">
                        <i>-0.16979 0.916882 0.361245 -0.784105 0.0963564 -0.613103 -0.596952 -0.387353 0.702571 1.15534 2.50316 -0.849702</i>
                        <i>-0.207179 0.872719 0.442083 -0.738828 0.156625 -0.655441 -0.641257 -0.462417 0.61234 1.13762 2.51257 -0.828346</i>
                        <i>-0.251324 0.822683 0.50993 -0.686124 0.22017 -0.693368 -0.682693 -0.524135 0.509129 1.11704 2.51988 -0.809302</i>
                        <i>-0.281952 0.804806 0.522293 -0.628311 0.256518 -0.734455 -0.725071 -0.535244 0.433343 1.10691 2.50877 -0.806472</i>
                        <i>-0.29472 0.821639 0.487904 -0.571122 0.257901 -0.779299 -0.766133 -0.508327 0.393247 1.11062 2.47614 -0.816062</i>
                        <i>-0.302964 0.844442 0.441735 -0.528259 0.236985 -0.815341 -0.793193 -0.48037 0.374286 1.11862 2.43252 -0.823896</i>
                        <i>-0.310272 0.864256 0.395971 -0.501632 0.204974 -0.840447 -0.807525 -0.459399 0.369941 1.12606 2.38366 -0.825467</i>
                        <i>-0.319218 0.877282 0.358435 -0.488018 0.172045 -0.855709 -0.812366 -0.448081 0.37321 1.13056 2.33597 -0.821307</i>
                        <i>-0.326923 0.884802 0.332034 -0.482657 0.145741 -0.863598 -0.812505 -0.442588 0.37941 1.13287 2.29612 -0.815527</i>
                        <i>-0.329853 0.887517 0.32173 -0.481615 0.134911 -0.865937 -0.811939 -0.440582 0.38294 1.13441 2.27096 -0.811972</i>
                        <i>-0.334999 0.885077 0.323134 -0.482481 0.133436 -0.865683 -0.809313 -0.445908 0.382332 1.13408 2.26772 -0.809008</i>
                        <i>-0.348321 0.878602 0.326696 -0.484435 0.129647 -0.865167 -0.802493 -0.459619 0.380467 1.13082 2.28258 -0.803568</i>
                        <i>-0.364311 0.870703 0.330384 -0.486268 0.12471 -0.864865 -0.794243 -0.475735 0.377962 1.12623 2.30587 -0.797259</i>
                        <i>-0.377939 0.863913 0.332892 -0.48732 0.120093 -0.864926 -0.787199 -0.489114 0.375614 1.12195 2.32796 -0.791766</i>
                        <i>-0.384647 0.860649 0.333662 -0.487617 0.117466 -0.865119 -0.783758 -0.495465 0.374484 1.1197 2.33925 -0.788853</i>
                        <i>-0.386191 0.860065 0.333383 -0.487617 0.116443 -0.865258 -0.782998 -0.496718 0.374413 1.11909 2.34169 -0.787911</i>
                        <i>-0.387297 0.859732 0.33296 -0.487582 0.115507 -0.865403 -0.782474 -0.497513 0.374454 1.11858 2.34364 -0.78713</i>
                        <i>-0.388006 0.859623 0.332414 -0.487522 0.114655 -0.86555 -0.78216 -0.497898 0.374598 1.11817 2.34511 -0.786499</i>
                        <i>-0.388358 0.859715 0.331767 -0.487442 0.113883 -0.865697 -0.782035 -0.497917 0.374833 1.11784 2.34617 -0.786004</i>
                        <i>-0.388393 0.85998 0.331035 -0.487349 0.113189 -0.86584 -0.782075 -0.497616 0.375149 1.1176 2.34685 -0.785635</i>
                        <i>-0.388151 0.860397 0.330237 -0.487247 0.112568 -0.865979 -0.782259 -0.497037 0.375532 1.11743 2.34718 -0.78538</i>
                        <i>-0.387669 0.860938 0.32939 -0.487139 0.112018 -0.866111 -0.782566 -0.496223 0.375971 1.11732 2.34722 -0.785225</i>
                        <i>-0.386986 0.861581 0.328511 -0.487028 0.111533 -0.866235 -0.782972 -0.495215 0.376453 1.11727 2.347 -0.785159</i>
                        <i>-0.38614 0.862302 0.327615 -0.486918 0.111111 -0.866352 -0.783458 -0.494055 0.376966 1.11727 2.34656 -0.78517</i>
                        <i>-0.38517 0.863076 0.326717 -0.486809 0.110747 -0.866459 -0.784003 -0.492783 0.377497 1.11731 2.34595 -0.785244</i>
                        <i>-0.384113 0.863881 0.325834 -0.486704 0.110438 -0.866558 -0.784587 -0.491441 0.378033 1.11739 2.3452 -0.78537</i>
                        <i>-0.383006 0.864693 0.32498 -0.486603 0.110179 -0.866647 -0.78519 -0.490068 0.378563 1.11749 2.34436 -0.785536</i>
                        <i>-0.381888 0.865491 0.32417 -0.486509 0.109967 -0.866727 -0.785793 -0.488705 0.379075 1.1176 2.34347 -0.785729</i>
                        <i>-0.380797 0.866253 0.32342 -0.486423 0.109796 -0.866797 -0.786376 -0.487392 0.379555 1.11773 2.34256 -0.785936</i>
                        <i>-0.379769 0.866956 0.322744 -0.486346 0.109664 -0.866857 -0.78692 -0.486171 0.379993 1.11786 2.34168 -0.786145</i>
                        <i>-0.378844 0.867579 0.322157 -0.486279 0.109565 -0.866907 -0.787407 -0.48508 0.380377 1.11798 2.34087 -0.786344</i>
                        <i>-0.378058 0.8681 0.321674 -0.486224 0.109496 -0.866947 -0.787819 -0.484162 0.380695 1.11809 2.34017 -0.78652</i>
                        <i>-0.37745 0.868499 0.32131 -0.486183 0.109452 -0.866976 -0.788136 -0.483456 0.380937 1.11818 2.33962 -0.786662</i>
                        <i>-0.377058 0.868754 0.321081 -0.486157 0.109428 -0.866993 -0.78834 -0.483002 0.38109 1.11824 2.33926 -0.786756</i>
                        <i>-0.376918 0.868844 0.321002 -0.486148 0.109421 -0.866999 -0.788412 -0.482842 0.381144 1.11826 2.33913 -0.78679</i>
                        <i>-0.397334 0.852269 0.340239 -0.488866 0.117189 -0.864452 -0.776618 -0.509807 0.370083 1.1326 2.33254 -0.825326</i>
                        <i>-0.413901 0.83797 0.355658 -0.491917 0.122854 -0.861931 -0.765966 -0.531708 0.361362 1.14672 2.32497 -0.863664</i>
                        <i>-0.408179 0.84209 0.352526 -0.490897 0.123112 -0.862475 -0.769681 -0.525099 0.363128 1.13998 2.32896 -0.844625</i>
                        <i>-0.394202 0.85302 0.341998 -0.488804 0.120523 -0.864028 -0.778252 -0.507771 0.369449 1.12696 2.33585 -0.80859</i>
                        <i>-0.381641 0.863888 0.328706 -0.487042 0.114297 -0.865867 -0.785582 -0.490544 0.37713 1.11913 2.33921 -0.788036</i>
                        <i>-0.374067 0.871761 0.316397 -0.485612 0.106535 -0.867658 -0.790098 -0.478209 0.383486 1.11775 2.33908 -0.786057</i>
                        <i>-0.366022 0.879697 0.303579 -0.48412 0.0986042 -0.869428 -0.794768 -0.465199 0.389787 1.11635 2.3389 -0.784064</i>
                        <i>-0.358622 0.886641 0.291989 -0.482767 0.0915557 -0.87095 -0.798953 -0.453305 0.395207 1.11511 2.3387 -0.78231</i>
                        <i>-0.353185 0.891539 0.283583 -0.481783 0.0865114 -0.87201 -0.801964 -0.444606 0.398974 1.11423 2.33854 -0.781063</i>
                        <i>-0.351083 0.893387 0.280356 -0.481405 0.0845896 -0.872407 -0.803113 -0.441252 0.400383 1.11389 2.33848 -0.780589</i>
                        <i>-0.336702 0.896179 0.288955 -0.478938 0.101216 -0.871994 -0.81071 -0.431993 0.395134 1.11171 2.35048 -0.782487</i>
                        <i>-0.306947 0.901018 0.306514 -0.480181 0.13145 -0.867264 -0.821712 -0.413386 0.392303 1.10717 2.37835 -0.786214</i>
                        <i>-0.283414 0.903426 0.32171 -0.499392 0.147357 -0.853753 -0.818709 -0.402625 0.409401 1.10354 2.40976 -0.788886</i>
                        <i>-0.251964 0.906216 0.339539 -0.527054 0.165756 -0.83351 -0.811621 -0.388969 0.43586 1.10023 2.44547 -0.791686</i>
                        <i>-0.215652 0.908796 0.357189 -0.561766 0.183732 -0.806636 -0.798694 -0.37461 0.470909 1.09742 2.48307 -0.794093</i>
                        <i>-0.188447 0.912043 0.364232 -0.617244 0.178477 -0.766261 -0.76387 -0.369219 0.52932 1.09837 2.50765 -0.793006</i>
                        <i>-0.152756 0.928546 0.338332 -0.678199 0.150518 -0.719298 -0.718827 -0.339334 0.606746 1.10906 2.51383 -0.797859</i>
                        <i>-0.143821 0.929682 0.339127 -0.72106 0.136261 -0.679342 -0.677782 -0.342235 0.650759 1.11975 2.47801 -0.798159</i>
                        <i>-0.14575 0.93027 0.336682 -0.765525 0.109524 -0.634016 -0.62668 -0.350146 0.696182 1.13275 2.43607 -0.802256</i>
                        <i>-0.155049 0.926687 0.342361 -0.785836 0.0943234 -0.6112 -0.598684 -0.363805 0.713599 1.14084 2.4151 -0.805168</i>
                        <i>-0.164174 0.921295 0.35251 -0.786325 0.0935429 -0.61069 -0.595601 -0.377447 0.70908 1.14461 2.42356 -0.810064</i>
