<?xml version="1.0" encoding="ISO-8859-1" ?>
<Animl Version="1">
    <ModellingPackage><![CDATA[Maya.2010]]></ModellingPackage>
    <SrcFile><![CDATA[anims\turrets\antitank\red\~src\at_rpg7\at_rpg7_fire_crewman_a.mb]]></SrcFile>
    <FramesPerSecond>30</FramesPerSecond>
    <TotalFrames>40</TotalFrames>
    <Skeleton>
        <RefFrame>
            <Name><![CDATA[soldier_ref_frame]]></Name>
            <Exclude>0</Exclude>
            <Additive>0</Additive>
            <IKPriority>0</IKPriority>
            <IKRotLimits>-1e+010 -1e+010 -1e+010 1e+010 1e+010 1e+010</IKRotLimits>
            <IKRotLimitOrder>0</IKRotLimitOrder>
            <KeyFrames count="40">
                <i>1 0 0 0 1 0 0 0 1 1.14 0.92 -0.82</i>
                <i>1 0 0 0 1 0 0 0 1 1.14 0.92 -0.82</i>
                <i>1 0 0 0 1 0 0 0 1 1.14 0.92 -0.82</i>
                <i>1 0 0 0 1 0 0 0 1 1.14 0.92 -0.82</i>
                <i>1 0 0 0 1 0 0 0 1 1.14 0.92 -0.82</i>
                <i>1 0 0 0 1 0 0 0 1 1.14 0.92 -0.82</i>
                <i>1 0 0 0 1 0 0 0 1 1.14 0.92 -0.82</i>
                <i>1 0 0 0 1 0 0 0 1 1.14 0.92 -0.82</i>
                <i>1 0 0 0 1 0 0 0 1 1.14 0.92 -0.82</i>
                <i>1 0 0 0 1 0 0 0 1 1.14 0.92 -0.82</i>
                <i>1 0 0 0 1 0 0 0 1 1.14 0.92 -0.82</i>
                <i>1 0 0 0 1 0 0 0 1 1.14 0.92 -0.82</i>
                <i>1 0 0 0 1 0 0 0 1 1.14 0.92 -0.82</i>
                <i>1 0 0 0 1 0 0 0 1 1.14 0.92 -0.82</i>
                <i>1 0 0 0 1 0 0 0 1 1.14 0.92 -0.82</i>
                <i>1 0 0 0 1 0 0 0 1 1.14 0.92 -0.82</i>
                <i>1 0 0 0 1 0 0 0 1 1.14 0.92 -0.82</i>
                <i>1 0 0 0 1 0 0 0 1 1.14 0.92 -0.82</i>
                <i>1 0 0 0 1 0 0 0 1 1.14 0.92 -0.82</i>
                <i>1 0 0 0 1 0 0 0 1 1.14 0.92 -0.82</i>
                <i>1 0 0 0 1 0 0 0 1 1.14 0.92 -0.82</i>
                <i>1 0 0 0 1 0 0 0 1 1.14 0.92 -0.82</i>
                <i>1 0 0 0 1 0 0 0 1 1.14 0.92 -0.82</i>
                <i>1 0 0 0 1 0 0 0 1 1.14 0.92 -0.82</i>
                <i>1 0 0 0 1 0 0 0 1 1.14 0.92 -0.82</i>
                <i>1 0 0 0 1 0 0 0 1 1.14 0.92 -0.82</i>
                <i>1 0 0 0 1 0 0 0 1 1.14 0.92 -0.82</i>
                <i>1 0 0 0 1 0 0 0 1 1.14 0.92 -0.82</i>
                <i>1 0 0 0 1 0 0 0 1 1.14 0.92 -0.82</i>
                <i>1 0 0 0 1 0 0 0 1 1.14 0.92 -0.82</i>
                <i>1 0 0 0 1 0 0 0 1 1.14 0.92 -0.82</i>
                <i>1 0 0 0 1 0 0 0 1 1.14 0.92 -0.82</i>
                <i>1 0 0 0 1 0 0 0 1 1.14 0.92 -0.82</i>
                <i>1 0 0 0 1 0 0 0 1 1.14 0.92 -0.82</i>
                <i>1 0 0 0 1 0 0 0 1 1.14 0.92 -0.82</i>
                <i>1 0 0 0 1 0 0 0 1 1.14 0.92 -0.82</i>
                <i>1 0 0 0 1 0 0 0 1 1.14 0.92 -0.82</i>
                <i>1 0 0 0 1 0 0 0 1 1.14 0.92 -0.82</i>
                <i>1 0 0 0 1 0 0 0 1 1.14 0.92 -0.82</i>
                <i>1 0 0 0 1 0 0 0 1 1.14 0.92 -0.82</i>
            </KeyFrames>
        </RefFrame>
        <Bones count="23">
            <i>
                <p>
                    <Name><![CDATA[pelvis]]></Name>
                    <Exclude>0</Exclude>
                    <Additive>0</Additive>
                    <IKPriority>0</IKPriority>
                    <IKRotLimits>-1e+010 -1e+010 -1e+010 1e+010 1e+010 1e+010</IKRotLimits>
                    <IKRotLimitOrder>2</IKRotLimitOrder>
                    <KeyFrames count="40">
                        <i>1 0 0 0 1 0 0 0 1 1.14083 2.03328 -0.823886</i>
                        <i>1 0 0 0 1 0 0 0 1 1.14196 1.96331 -0.859742</i>
                        <i>1 0 0 0 1 0 0 0 1 1.1431 1.89335 -0.895599</i>
                        <i>1 0 0 0 1 0 0 0 1 1.1419 1.86698 -0.907926</i>
                        <i>1 0 0 0 1 0 0 0 1 1.13654 1.90752 -0.88358</i>
                        <i>1 0 0 0 1 0 0 0 1 1.12883 1.98478 -0.839036</i>
                        <i>1 0 0 0 1 0 0 0 1 1.1219 2.06217 -0.795182</i>
                        <i>1 0 0 0 1 0 0 0 1 1.11888 2.10308 -0.77291</i>
                        <i>1 0 0 0 1 0 0 0 1 1.12095 2.09595 -0.779152</i>
                        <i>1 0 0 0 1 0 0 0 1 1.12603 2.06345 -0.800831</i>
                        <i>1 0 0 0 1 0 0 0 1 1.13236 2.02033 -0.828825</i>
                        <i>1 0 0 0 1 0 0 0 1 1.13818 1.98132 -0.854011</i>
                        <i>1 0 0 0 1 0 0 0 1 1.14173 1.96116 -0.867265</i>
                        <i>1 0 0 0 1 0 0 0 1 1.14303 1.96025 -0.868459</i>
                        <i>1 0 0 0 1 0 0 0 1 1.14342 1.96742 -0.864585</i>
                        <i>1 0 0 0 1 0 0 0 1 1.14317 1.98006 -0.857206</i>
                        <i>1 0 0 0 1 0 0 0 1 1.14253 1.99557 -0.847884</i>
                        <i>1 0 0 0 1 0 0 0 1 1.14176 2.01135 -0.838182</i>
                        <i>1 0 0 0 1 0 0 0 1 1.1411 2.02478 -0.829662</i>
                        <i>1 0 0 0 1 0 0 0 1 1.14083 2.03328 -0.823886</i>
                        <i>1 0 0 0 1 0 0 0 1 1.14086 2.03378 -0.821804</i>
                        <i>1 0 0 0 1 0 0 0 1 1.14093 2.02818 -0.822274</i>
                        <i>1 0 0 0 1 0 0 0 1 1.141 2.02128 -0.823715</i>
                        <i>1 0 0 0 1 0 0 0 1 1.14103 2.01791 -0.824546</i>
                        <i>1 0 0 0 1 0 0 0 1 1.14101 2.01905 -0.824497</i>
                        <i>1 0 0 0 1 0 0 0 1 1.14098 2.0219 -0.824375</i>
                        <i>1 0 0 0 1 0 0 0 1 1.14093 2.0256 -0.824216</i>
                        <i>1 0 0 0 1 0 0 0 1 1.14088 2.0293 -0.824057</i>
                        <i>1 0 0 0 1 0 0 0 1 1.14084 2.03214 -0.823935</i>
                        <i>1 0 0 0 1 0 0 0 1 1.14083 2.03328 -0.823886</i>
                        <i>1 0 0 0 1 0 0 0 1 1.14083 2.03328 -0.823886</i>
                        <i>1 0 0 0 1 0 0 0 1 1.14083 2.03328 -0.823886</i>
                        <i>1 0 0 0 1 0 0 0 1 1.14083 2.03328 -0.823886</i>
                        <i>1 0 0 0 1 0 0 0 1 1.14083 2.03328 -0.823886</i>
                        <i>1 0 0 0 1 0 0 0 1 1.14083 2.03328 -0.823886</i>
                        <i>1 0 0 0 1 0 0 0 1 1.14083 2.03328 -0.823886</i>
                        <i>1 0 0 0 1 0 0 0 1 1.14083 2.03328 -0.823886</i>
                        <i>1 0 0 0 1 0 0 0 1 1.14083 2.03328 -0.823886</i>
                        <i>1 0 0 0 1 0 0 0 1 1.14083 2.03328 -0.823886</i>
                        <i>1 0 0 0 1 0 0 0 1 1.14083 2.03328 -0.823886</i>
                    </KeyFrames>
                </p>
            </i>
            <i>
                <p>
                    <Name><![CDATA[spine0]]></Name>
                    <Exclude>0</Exclude>
                    <Additive>0</Additive>
                    <IKPriority>0</IKPriority>
                    <IKRotLimits>-1e+010 -1e+010 -1e+010 1e+010 1e+010 1e+010</IKRotLimits>
                    <IKRotLimitOrder>0</IKRotLimitOrder>
                    <KeyFrames count="40">
                        <i>0.0127469 0.999431 0.0312176 -0.967151 0.0202501 -0.253397 -0.253885 -0.0269621 0.966859 1.14965 2.17088 -0.86494</i>
                        <i>0.0173586 0.9892 -0.145543 -0.966795 -0.0205131 -0.254728 -0.254962 0.145132 0.955997 1.15411 2.09588 -0.914278</i>
                        <i>0.0176691 0.971939 -0.234567 -0.966854 -0.0431575 -0.251655 -0.254716 0.231239 0.938961 1.15793 2.02013 -0.961952</i>
                        <i>0.00696243 0.991326 -0.131243 -0.966699 -0.0269041 -0.2545 -0.255823 0.128644 0.958126 1.15797 1.99061 -0.979716</i>
                        <i>-0.00645115 0.998521 0.0539748 -0.965473 0.00783741 -0.260385 -0.260423 -0.053791 0.963995 1.1523 2.03211 -0.953754</i>
                        <i>-0.00497383 0.988673 0.150005 -0.964433 0.0349015 -0.262012 -0.26428 -0.145973 0.953335 1.14362 2.11204 -0.904487</i>
                        <i>0.0138753 0.994251 0.10617 -0.964814 0.0411949 -0.259687 -0.262567 -0.098831 0.959839 1.13565 2.19204 -0.855534</i>
                        <i>0.0358773 0.9992 0.0176484 -0.965319 0.0392197 -0.258112 -0.258598 -0.00777594 0.965954 1.13211 2.23414 -0.830727</i>
                        <i>0.0542811 0.99596 -0.0715301 -0.965381 0.0340409 -0.258612 -0.255132 0.0830915 0.963329 1.13484 2.22587 -0.839353</i>
                        <i>0.0652725 0.990038 -0.124758 -0.965006 0.030807 -0.260411 -0.253973 0.13739 0.957404 1.1415 2.19033 -0.866842</i>
                        <i>0.0661976 0.988367 -0.136928 -0.964543 0.0282479 -0.262409 -0.255488 0.149444 0.955192 1.14961 2.14335 -0.901383</i>
                        <i>0.0605338 0.989163 -0.133758 -0.964475 0.0234411 -0.263133 -0.257146 0.144935 0.955442 1.15676 2.10116 -0.931391</i>
                        <i>0.0501074 0.991966 -0.116158 -0.964843 0.0180334 -0.262206 -0.258005 0.125212 0.957995 1.16056 2.08041 -0.945509</i>
                        <i>0.0377178 0.995399 -0.0880822 -0.965432 0.0135483 -0.260303 -0.257912 0.0948555 0.961501 1.16083 2.08206 -0.9429</i>
                        <i>0.0272902 0.997996 -0.0570851 -0.965929 0.0116245 -0.258547 -0.257366 0.0621959 0.96431 1.15937 2.09341 -0.93217</i>
                        <i>0.0202186 0.99942 -0.0273868 -0.966329 0.0125065 -0.257006 -0.256515 0.031661 0.966022 1.1568 2.11056 -0.916202</i>
                        <i>0.0152561 0.999884 -0.000352659 -0.966724 0.01466 -0.2554 -0.255365 0.00423733 0.966835 1.1538 2.12992 -0.898083</i>
                        <i>0.0123276 0.999706 0.0208644 -0.967085 0.0172238 -0.253871 -0.254155 -0.017048 0.967013 1.15107 2.14834 -0.881092</i>
                        <i>0.0113796 0.999391 0.0329756 -0.967299 0.0193588 -0.2529 -0.253384 -0.0290194 0.96693 1.14936 2.16303 -0.868604</i>
                        <i>0.0123185 0.999383 0.0328782 -0.967215 0.0202503 -0.253151 -0.253661 -0.0286819 0.966868 1.14939 2.17118 -0.863958</i>
                        <i>0.0145161 0.999597 0.0244016 -0.966883 0.0202517 -0.254414 -0.254805 -0.0199004 0.966788 1.15077 2.17003 -0.866909</i>
                        <i>0.0172844 0.999754 0.0138681 -0.966456 0.0202603 -0.256031 -0.256249 -0.00897758 0.966569 1.15254 2.16202 -0.873732</i>
                        <i>0.0196176 0.999794 0.00511108 -0.966081 0.0202722 -0.257442 -0.257493 0.000112674 0.96628 1.15408 2.15277 -0.8806</i>
                        <i>0.020633 0.999786 0.00133406 -0.965911 0.0202783 -0.258077 -0.258049 0.00403634 0.966123 1.15476 2.14827 -0.883831</i>
                        <i>0.0201376 0.999792 0.00317414 -0.965995 0.0202752 -0.257766 -0.257776 0.00212458 0.966202 1.15442 2.14997 -0.882608</i>
                        <i>0.0187428 0.999789 0.00838162 -0.966224 0.0202673 -0.256906 -0.257022 -0.00328338 0.9664 1.1535 2.15431 -0.879214</i>
                        <i>0.016847 0.999738 0.0155221 -0.966525 0.0202585 -0.255772 -0.256019 -0.0106935 0.966612 1.15227 2.15984 -0.874666</i>
                        <i>0.0148932 0.999626 0.0229577 -0.966826 0.0202524 -0.254632 -0.255001 -0.0184038 0.966766 1.15102 2.16524 -0.870024</i>
                        <i>0.0133635 0.999495 0.0288346 -0.967058 0.0202503 -0.25375 -0.254206 -0.0244938 0.96684 1.15004 2.16929 -0.866401</i>
                        <i>0.0127469 0.999431 0.0312176 -0.967151 0.0202501 -0.253397 -0.253885 -0.0269621 0.966859 1.14965 2.17088 -0.86494</i>
                        <i>0.0127469 0.999431 0.0312176 -0.967151 0.0202501 -0.253397 -0.253885 -0.0269621 0.966859 1.14965 2.17088 -0.86494</i>
                        <i>0.0127469 0.999431 0.0312176 -0.967151 0.0202501 -0.253397 -0.253885 -0.0269621 0.966859 1.14965 2.17088 -0.86494</i>
                        <i>0.0127469 0.999431 0.0312176 -0.967151 0.0202501 -0.253397 -0.253885 -0.0269621 0.966859 1.14965 2.17088 -0.86494</i>
                        <i>0.0127469 0.999431 0.0312176 -0.967151 0.0202501 -0.253397 -0.253885 -0.0269621 0.966859 1.14965 2.17088 -0.86494</i>
                        <i>0.0127469 0.999431 0.0312176 -0.967151 0.0202501 -0.253397 -0.253885 -0.0269621 0.966859 1.14965 2.17088 -0.86494</i>
                        <i>0.0127469 0.999431 0.0312176 -0.967151 0.0202501 -0.253397 -0.253885 -0.0269621 0.966859 1.14965 2.17088 -0.86494</i>
                        <i>0.0127469 0.999431 0.0312176 -0.967151 0.0202501 -0.253397 -0.253885 -0.0269621 0.966859 1.14965 2.17088 -0.86494</i>
                        <i>0.0127469 0.999431 0.0312176 -0.967151 0.0202501 -0.253397 -0.253885 -0.0269621 0.966859 1.14965 2.17088 -0.86494</i>
                        <i>0.0127469 0.999431 0.0312176 -0.967151 0.0202501 -0.253397 -0.253885 -0.0269621 0.966859 1.14965 2.17088 -0.86494</i>
                        <i>0.0127469 0.999431 0.0312176 -0.967151 0.0202501 -0.253397 -0.253885 -0.0269621 0.966859 1.14965 2.17088 -0.86494</i>
                    </KeyFrames>
                </p>
            </i>
            <i>
                <p>
                    <Name><![CDATA[spine1]]></Name>
                    <Exclude>0</Exclude>
                    <Additive>0</Additive>
                    <IKPriority>0</IKPriority>
                    <IKRotLimits>-1e+010 -1e+010 -1e+010 1e+010 1e+010 1e+010</IKRotLimits>
                    <IKRotLimitOrder>0</IKRotLimitOrder>
                    <KeyFrames count="40">
                        <i>-0.00872644 0.991159 0.132389 -0.894284 0.0515015 -0.444525 -0.447414 -0.122272 0.885929 1.15184 2.34273 -0.859575</i>
                        <i>-0.031429 0.99804 -0.0541194 -0.890666 -0.0525367 -0.451612 -0.45357 0.0340086 0.890571 1.15713 2.26797 -0.939612</i>
                        <i>-0.056372 0.992861 -0.105114 -0.886597 -0.098192 -0.452 -0.459095 0.067714 0.885803 1.16111 2.19406 -1.00397</i>
                        <i>-0.0765855 0.990501 0.114206 -0.891536 -0.0167435 -0.45264 -0.446428 -0.136484 0.884349 1.15923 2.16869 -1.00334</i>
                        <i>-0.0698013 0.93659 0.343404 -0.884556 0.101036 -0.455359 -0.461181 -0.335545 0.821414 1.15115 2.21415 -0.943978</i>
                        <i>-0.0451251 0.909709 0.412787 -0.874097 0.164097 -0.457194 -0.48365 -0.381447 0.787769 1.14272 2.29456 -0.876872</i>
                        <i>-0.0171286 0.944325 0.328567 -0.879252 0.142234 -0.454626 -0.476048 -0.296681 0.827864 1.13817 2.37155 -0.836419</i>
                        <i>0.0024234 0.978878 0.204432 -0.885965 0.0969069 -0.453515 -0.463746 -0.18002 0.867486 1.13845 2.41036 -0.827643</i>
                        <i>0.00726455 0.994164 0.107631 -0.888243 0.0558546 -0.455966 -0.459317 -0.0922899 0.883465 1.14436 2.40045 -0.851914</i>
                        <i>0.00229805 0.996843 0.0793674 -0.887703 0.0385754 -0.458798 -0.460411 -0.0694003 0.884989 1.15304 2.36528 -0.888919</i>
                        <i>-0.0103911 0.993648 0.112051 -0.886424 0.0427046 -0.4609 -0.462758 -0.104114 0.88035 1.16147 2.32021 -0.925929</i>
                        <i>-0.0237823 0.9886 0.148676 -0.885003 0.048351 -0.463068 -0.464978 -0.142591 0.873764 1.16771 2.27988 -0.955612</i>
                        <i>-0.0328002 0.984225 0.173852 -0.88454 0.0523958 -0.463512 -0.46531 -0.168982 0.868868 1.16964 2.25992 -0.966587</i>
                        <i>-0.0353574 0.982804 0.181234 -0.885691 0.0531873 -0.461218 -0.462926 -0.176825 0.868581 1.16761 2.2608 -0.958764</i>
                        <i>-0.0325805 0.983965 0.17536 -0.887813 0.0520927 -0.457247 -0.45905 -0.170584 0.87188 1.16422 2.27045 -0.942332</i>
                        <i>-0.0256837 0.986823 0.159752 -0.890156 0.0501481 -0.452888 -0.454931 -0.153836 0.877139 1.16035 2.28559 -0.92102</i>
                        <i>-0.0171571 0.98997 0.140235 -0.892151 0.0481645 -0.449162 -0.451411 -0.132817 0.882376 1.15644 2.30311 -0.898154</i>
                        <i>-0.00948014 0.992306 0.123446 -0.893562 0.0470058 -0.446472 -0.448839 -0.114539 0.886241 1.15319 2.32022 -0.877507</i>
                        <i>-0.00533861 0.993142 0.116789 -0.894338 0.0475062 -0.444863 -0.44736 -0.106824 0.887951 1.15131 2.33433 -0.862952</i>
                        <i>-0.00735458 0.99182 0.127429 -0.894386 0.0504694 -0.44444 -0.447235 -0.117239 0.886699 1.1515 2.34282 -0.858312</i>
                        <i>-0.0143722 0.98817 0.152687 -0.893789 0.0557608 -0.445007 -0.448256 -0.142866 0.882415 1.15328 2.34283 -0.862698</i>
                        <i>-0.0231759 0.982657 0.183977 -0.892757 0.0624807 -0.446185 -0.449942 -0.174587 0.875826 1.15557 2.3365 -0.87133</i>
                        <i>-0.0306125 0.977209 0.210059 -0.891614 0.068288 -0.447618 -0.451761 -0.200994 0.869203 1.15754 2.32888 -0.879727</i>
                        <i>-0.0338661 0.974602 0.221369 -0.891027 0.0708825 -0.448382 -0.452686 -0.21243 0.865996 1.15842 2.32515 -0.883626</i>
                        <i>-0.032277 0.975892 0.215853 -0.89132 0.0696106 -0.447998 -0.452224 -0.206854 0.867586 1.15799 2.32647 -0.882077</i>
                        <i>-0.0278193 0.97934 0.2003 -0.892074 0.0660887 -0.44703 -0.451032 -0.191119 0.871805 1.1568 2.32978 -0.877766</i>
                        <i>-0.0217851 0.983596 0.179063 -0.892942 0.0614099 -0.445963 -0.449644 -0.169608 0.876957 1.15521 2.33404 -0.871977</i>
                        <i>-0.0155724 0.987479 0.156979 -0.893668 0.05667 -0.445136 -0.448459 -0.147219 0.881596 1.1536 2.33825 -0.86606</i>
                        <i>-0.0106972 0.990165 0.139495 -0.894126 0.0529856 -0.44467 -0.447688 -0.129483 0.884765 1.15235 2.34146 -0.861439</i>
                        <i>-0.00872644 0.991159 0.132389 -0.894284 0.0515015 -0.444525 -0.447414 -0.122272 0.885929 1.15184 2.34273 -0.859575</i>
                        <i>-0.00872644 0.991159 0.132389 -0.894284 0.0515015 -0.444525 -0.447414 -0.122272 0.885929 1.15184 2.34273 -0.859575</i>
                        <i>-0.00872644 0.991159 0.132389 -0.894284 0.0515015 -0.444525 -0.447414 -0.122272 0.885929 1.15184 2.34273 -0.859575</i>
                        <i>-0.00872644 0.991159 0.132389 -0.894284 0.0515015 -0.444525 -0.447414 -0.122272 0.885929 1.15184 2.34273 -0.859575</i>
                        <i>-0.00872644 0.991159 0.132389 -0.894284 0.0515015 -0.444525 -0.447414 -0.122272 0.885929 1.15184 2.34273 -0.859575</i>
                        <i>-0.00872644 0.991159 0.132389 -0.894284 0.0515015 -0.444525 -0.447414 -0.122272 0.885929 1.15184 2.34273 -0.859575</i>
                        <i>-0.00872644 0.991159 0.132389 -0.894284 0.0515015 -0.444525 -0.447414 -0.122272 0.885929 1.15184 2.34273 -0.859575</i>
                        <i>-0.00872644 0.991159 0.132389 -0.894284 0.0515015 -0.444525 -0.447414 -0.122272 0.885929 1.15184 2.34273 -0.859575</i>
                        <i>-0.00872644 0.991159 0.132389 -0.894284 0.0515015 -0.444525 -0.447414 -0.122272 0.885929 1.15184 2.34273 -0.859575</i>
                        <i>-0.00872644 0.991159 0.132389 -0.894284 0.0515015 -0.444525 -0.447414 -0.122272 0.885929 1.15184 2.34273 -0.859575</i>
                        <i>-0.00872644 0.991159 0.132389 -0.894284 0.0515015 -0.444525 -0.447414 -0.122272 0.885929 1.15184 2.34273 -0.859575</i>
                    </KeyFrames>
                </p>
            </i>
            <i>
                <p>
                    <Name><![CDATA[spine2]]></Name>
                    <Exclude>0</Exclude>
                    <Additive>0</Additive>
                    <IKPriority>0</IKPriority>
                    <IKRotLimits>-1e+010 -1e+010 -1e+010 1e+010 1e+010 1e+010</IKRotLimits>
                    <IKRotLimitOrder>0</IKRotLimitOrder>
                    <KeyFrames count="40">
                        <i>-0.131178 0.951463 0.278406 -0.783814 0.0724047 -0.61676 -0.606982 -0.299124 0.736273 1.15025 2.49968 -0.838679</i>
                        <i>-0.15641 0.961834 0.224524 -0.781157 0.0186466 -0.624055 -0.604424 -0.272997 0.748428 1.15187 2.42785 -0.948328</i>
                        <i>-0.182676 0.95523 0.232734 -0.778552 0.00401322 -0.627568 -0.600405 -0.295838 0.742963 1.15155 2.35762 -1.02127</i>
                        <i>-0.173053 0.932849 0.315983 -0.784546 0.0633943 -0.616822 -0.595433 -0.354646 0.720892 1.1463 2.33236 -0.984411</i>
                        <i>-0.132532 0.923818 0.359158 -0.780321 0.126185 -0.612516 -0.611174 -0.361437 0.704152 1.13914 2.37114 -0.886315</i>
                        <i>-0.0987462 0.932969 0.346146 -0.771513 0.147919 -0.618779 -0.628503 -0.328158 0.705192 1.13473 2.44899 -0.806683</i>
                        <i>-0.0945032 0.948851 0.301248 -0.772824 0.120827 -0.623012 -0.627544 -0.291688 0.721877 1.13503 2.52841 -0.781788</i>
                        <i>-0.116108 0.954571 0.274433 -0.774871 0.0857985 -0.62627 -0.621365 -0.285365 0.729707 1.13859 2.56924 -0.794467</i>
                        <i>-0.151061 0.948312 0.279079 -0.773317 0.0624914 -0.630932 -0.61576 -0.311126 0.723906 1.14529 2.56086 -0.834566</i>
                        <i>-0.174644 0.938496 0.297867 -0.77185 0.0573411 -0.633214 -0.611348 -0.340496 0.714364 1.15317 2.52738 -0.876007</i>
                        <i>-0.179263 0.93103 0.31788 -0.772734 0.0667301 -0.631213 -0.608891 -0.35879 0.707476 1.15949 2.48378 -0.907439</i>
                        <i>-0.17311 0.929477 0.325739 -0.773368 0.0765139 -0.629324 -0.609865 -0.360858 0.705582 1.16347 2.44416 -0.930831</i>
                        <i>-0.160304 0.933423 0.320972 -0.773729 0.0830845 -0.628044 -0.612899 -0.349024 0.708898 1.16389 2.42373 -0.937572</i>
                        <i>-0.145387 0.940562 0.306929 -0.774397 0.0848966 -0.626979 -0.61577 -0.328839 0.716025 1.1615 2.42311 -0.928775</i>
                        <i>-0.134267 0.946772 0.292565 -0.775922 0.0831939 -0.625319 -0.616374 -0.310968 0.723451 1.15864 2.43104 -0.913691</i>
                        <i>-0.128736 0.950957 0.281262 -0.778117 0.0789654 -0.623136 -0.614786 -0.299074 0.72979 1.15597 2.44464 -0.895289</i>
                        <i>-0.126095 0.95409 0.271686 -0.7803 0.0737218 -0.621045 -0.612562 -0.290307 0.73518 1.15349 2.46097 -0.87584</i>
                        <i>-0.125802 0.955768 0.26586 -0.782086 0.0693259 -0.619302 -0.61034 -0.285835 0.738772 1.15148 2.47733 -0.858031</i>
                        <i>-0.127413 0.95543 0.266308 -0.783283 0.0677883 -0.617958 -0.608468 -0.28733 0.739735 1.15026 2.49111 -0.844592</i>
                        <i>-0.130387 0.952492 0.275243 -0.783791 0.0709885 -0.616954 -0.607182 -0.296176 0.737299 1.15013 2.4997 -0.838229</i>
                        <i>-0.134396 0.947153 0.29127 -0.783892 0.0781886 -0.615954 -0.606177 -0.311106 0.731958 1.15078 2.50011 -0.838449</i>
                        <i>-0.13929 0.940208 0.310816 -0.78396 0.0870589 -0.614677 -0.604984 -0.329286 0.724959 1.15162 2.49435 -0.841802</i>
                        <i>-0.1433 0.934162 0.326813 -0.783968 0.0943995 -0.613582 -0.604036 -0.344137 0.718825 1.15234 2.48726 -0.845678</i>
                        <i>-0.145017 0.931474 0.333657 -0.783958 0.097564 -0.6131 -0.603639 -0.350483 0.716088 1.15266 2.4838 -0.847577</i>
                        <i>-0.144181 0.93279 0.330326 -0.783964 0.0960221 -0.613336 -0.603832 -0.347395 0.717429 1.1525 2.48499 -0.847007</i>
                        <i>-0.141807 0.93645 0.320861 -0.78397 0.0916595 -0.613995 -0.604386 -0.338615 0.72115 1.15207 2.48796 -0.845423</i>
                        <i>-0.138527 0.941322 0.307771 -0.783953 0.0856701 -0.614881 -0.605167 -0.326456 0.726085 1.1515 2.4918 -0.843288</i>
                        <i>-0.135073 0.946222 0.293972 -0.783905 0.0794087 -0.615781 -0.60601 -0.313621 0.731022 1.1509 2.49561 -0.841095</i>
                        <i>-0.132308 0.949973 0.282925 -0.783845 0.0744318 -0.61648 -0.606698 -0.303335 0.734783 1.15044 2.49852 -0.839375</i>
                        <i>-0.131178 0.951463 0.278406 -0.783814 0.0724047 -0.61676 -0.606982 -0.299124 0.736273 1.15025 2.49968 -0.838679</i>
                        <i>-0.131178 0.951463 0.278406 -0.783814 0.0724047 -0.61676 -0.606982 -0.299124 0.736273 1.15025 2.49968 -0.838679</i>
                        <i>-0.131178 0.951463 0.278406 -0.783814 0.0724047 -0.61676 -0.606982 -0.299124 0.736273 1.15025 2.49968 -0.838679</i>
                        <i>-0.131178 0.951463 0.278406 -0.783814 0.0724047 -0.61676 -0.606982 -0.299124 0.736273 1.15025 2.49968 -0.838679</i>
                        <i>-0.131178 0.951463 0.278406 -0.783814 0.0724047 -0.61676 -0.606982 -0.299124 0.736273 1.15025 2.49968 -0.838679</i>
                        <i>-0.131178 0.951463 0.278406 -0.783814 0.0724047 -0.61676 -0.606982 -0.299124 0.736273 1.15025 2.49968 -0.838679</i>
                        <i>-0.131178 0.951463 0.278406 -0.783814 0.0724047 -0.61676 -0.606982 -0.299124 0.736273 1.15025 2.49968 -0.838679</i>
                        <i>-0.131178 0.951463 0.278406 -0.783814 0.0724047 -0.61676 -0.606982 -0.299124 0.736273 1.15025 2.49968 -0.838679</i>
                        <i>-0.131178 0.951463 0.278406 -0.783814 0.0724047 -0.61676 -0.606982 -0.299124 0.736273 1.15025 2.49968 -0.838679</i>
                        <i>-0.131178 0.951463 0.278406 -0.783814 0.0724047 -0.61676 -0.606982 -0.299124 0.736273 1.15025 2.49968 -0.838679</i>
                        <i>-0.131178 0.951463 0.278406 -0.783814 0.0724047 -0.61676 -0.606982 -0.299124 0.736273 1.15025 2.49968 -0.838679</i>
                    </KeyFrames>
                </p>
            </i>
            <i>
                <p>
                    <Name><![CDATA[head]]></Name>
                    <Exclude>0</Exclude>
                    <Additive>0</Additive>
                    <IKPriority>0</IKPriority>
                    <IKRotLimits>-1e+010 -1e+010 -1e+010 1e+010 1e+010 1e+010</IKRotLimits>
                    <IKRotLimitOrder>0</IKRotLimitOrder>
                    <KeyFrames count="40">
                        <i>-0.0664549 0.985662 0.155097 0.115944 0.162015 -0.979953 -0.99103 -0.0471402 -0.125048 1.11782 2.74723 -0.773257</i>
                        <i>0.0251743 0.899346 0.436513 0.169924 0.426447 -0.888408 -0.985136 0.0965389 -0.142085 1.1142 2.67662 -0.886131</i>
                        <i>0.0660043 0.810095 0.582572 0.213707 0.55882 -0.80128 -0.974665 0.177388 -0.136239 1.10756 2.60711 -0.952724</i>
                        <i>0.106757 0.884575 0.454015 0.214368 0.425408 -0.879246 -0.970901 0.191192 -0.144209 1.10638 2.5812 -0.908315</i>
                        <i>0.188293 0.963496 0.19032 0.20553 0.150837 -0.966957 -0.960366 0.221188 -0.169626 1.11179 2.62289 -0.815862</i>
                        <i>0.249238 0.965602 -0.0741144 0.170344 -0.119047 -0.978167 -0.953343 0.231172 -0.194155 1.11649 2.70435 -0.747069</i>
                        <i>0.253928 0.943566 -0.212611 0.145391 -0.254554 -0.956067 -0.956233 0.21186 -0.201824 1.11555 2.78417 -0.729056</i>
                        <i>0.221802 0.946571 -0.23411 0.151434 -0.270616 -0.950702 -0.963261 0.175415 -0.203366 1.11034 2.82229 -0.739022</i>
                        <i>0.172559 0.965744 -0.193807 0.17534 -0.223733 -0.958749 -0.969267 0.131458 -0.207941 1.10558 2.80969 -0.769521</i>
                        <i>0.129776 0.982817 -0.131256 0.19377 -0.154961 -0.968731 -0.972425 0.100285 -0.210551 1.10635 2.7737 -0.803069</i>
                        <i>0.101834 0.993616 -0.0485409 0.202406 -0.0684687 -0.976905 -0.973993 0.0896572 -0.208086 1.112 2.73049 -0.831114</i>
                        <i>0.0816214 0.995116 0.055511 0.209207 0.0373495 -0.977158 -0.974459 0.0913703 -0.205137 1.11899 2.69275 -0.855229</i>
                        <i>0.066825 0.984981 0.159205 0.213858 0.141714 -0.966531 -0.974576 0.0986357 -0.201176 1.12448 2.67434 -0.865818</i>
                        <i>0.0554804 0.968857 0.241327 0.21501 0.224436 -0.950473 -0.975035 0.10462 -0.195862 1.1274 2.67493 -0.862232</i>
                        <i>0.0458514 0.958171 0.282501 0.209861 0.267248 -0.940498 -0.976656 0.102409 -0.188828 1.12799 2.68289 -0.850879</i>
                        <i>0.037799 0.960254 0.276555 0.198427 0.264029 -0.943883 -0.979387 0.0905536 -0.18056 1.12639 2.6956 -0.833877</i>
                        <i>0.0313831 0.970823 0.237736 0.1848 0.228117 -0.955935 -0.982275 0.0739339 -0.172249 1.12379 2.71079 -0.814673</i>
                        <i>0.0252226 0.983687 0.178113 0.171752 0.171256 -0.97014 -0.984817 0.0550607 -0.164631 1.12098 2.72604 -0.796209</i>
                        <i>0.0191497 0.993705 0.11038 0.161149 0.105889 -0.981233 -0.986744 0.0365779 -0.158107 1.11874 2.73896 -0.781426</i>
                        <i>0.0140444 0.998748 0.048011 0.153556 0.0452919 -0.987101 -0.98804 0.0212357 -0.152728 1.11782 2.74723 -0.773257</i>
                        <i>0.00704173 0.999916 0.0109216 0.14794 0.00975995 -0.988948 -0.988971 0.00857966 -0.147859 1.11785 2.74773 -0.771176</i>
                        <i>-0.00565237 0.999893 0.0134726 0.142938 0.0141424 -0.989631 -0.989716 -0.00366803 -0.143003 1.11792 2.74213 -0.771645</i>
                        <i>-0.0216607 0.998812 0.0436613 0.137388 0.046231 -0.989438 -0.990281 -0.0154334 -0.138226 1.11799 2.73523 -0.773086</i>
                        <i>-0.0385054 0.995465 0.0869924 0.130671 0.0913255 -0.987211 -0.990678 -0.0266456 -0.133595 1.11802 2.73186 -0.773917</i>
                        <i>-0.0540157 0.990182 0.128926 0.123109 0.134734 -0.983204 -0.990922 -0.0372364 -0.129179 1.11801 2.733 -0.773868</i>
                        <i>-0.0664549 0.985662 0.155097 0.115944 0.162015 -0.979953 -0.99103 -0.0471402 -0.125048 1.11797 2.73585 -0.773746</i>
                        <i>-0.0722894 0.98402 0.162721 0.112302 0.170141 -0.978999 -0.991041 -0.0524973 -0.122807 1.11792 2.73955 -0.773587</i>
                        <i>-0.0716449 0.984207 0.161875 0.112712 0.169241 -0.979109 -0.991041 -0.0519029 -0.123057 1.11787 2.74324 -0.773428</i>
                        <i>-0.0684082 0.985125 0.157639 0.114741 0.164729 -0.979642 -0.991037 -0.0489278 -0.124303 1.11784 2.74609 -0.773306</i>
                        <i>-0.0664549 0.985662 0.155097 0.115944 0.162015 -0.979953 -0.99103 -0.0471402 -0.125048 1.11782 2.74723 -0.773257</i>
                        <i>-0.0664549 0.985662 0.155097 0.115944 0.162015 -0.979953 -0.99103 -0.0471402 -0.125048 1.11782 2.74723 -0.773257</i>
                        <i>-0.0664549 0.985662 0.155097 0.115944 0.162015 -0.979953 -0.99103 -0.0471402 -0.125048 1.11782 2.74723 -0.773257</i>
                        <i>-0.0664549 0.985662 0.155097 0.115944 0.162015 -0.979953 -0.99103 -0.0471402 -0.125048 1.11782 2.74723 -0.773257</i>
                        <i>-0.0664549 0.985662 0.155097 0.115944 0.162015 -0.979953 -0.99103 -0.0471402 -0.125048 1.11782 2.74723 -0.773257</i>
                        <i>-0.0664549 0.985662 0.155097 0.115944 0.162015 -0.979953 -0.99103 -0.0471402 -0.125048 1.11782 2.74723 -0.773257</i>
                        <i>-0.0664549 0.985662 0.155097 0.115944 0.162015 -0.979953 -0.99103 -0.0471402 -0.125048 1.11782 2.74723 -0.773257</i>
                        <i>-0.0664549 0.985662 0.155097 0.115944 0.162015 -0.979953 -0.99103 -0.0471402 -0.125048 1.11782 2.74723 -0.773257</i>
                        <i>-0.0664549 0.985662 0.155097 0.115944 0.162015 -0.979953 -0.99103 -0.0471402 -0.125048 1.11782 2.74723 -0.773257</i>
                        <i>-0.0664549 0.985662 0.155097 0.115944 0.162015 -0.979953 -0.99103 -0.0471402 -0.125048 1.11782 2.74723 -0.773257</i>
                        <i>-0.0664549 0.985662 0.155097 0.115944 0.162015 -0.979953 -0.99103 -0.0471402 -0.125048 1.11782 2.74723 -0.773257</i>
                    </KeyFrames>
                </p>
            </i>
            <i>
                <p>
                    <Name><![CDATA[head_prop]]></Name>
                    <Exclude>0</Exclude>
                    <Additive>0</Additive>
                    <IKPriority>0</IKPriority>
                    <IKRotLimits>-1e+010 -1e+010 -1e+010 1e+010 1e+010 1e+010</IKRotLimits>
                    <IKRotLimitOrder>0</IKRotLimitOrder>
                    <KeyFrames count="40">
                        <i>0.99103 0.0471402 0.125048 -0.0664549 0.985662 0.155097 -0.115944 -0.162015 0.979953 1.09616 3.06847 -0.72271</i>
                        <i>0.987683 -0.0640769 0.142745 0.00412021 0.922634 0.385654 -0.156413 -0.380316 0.911534 1.11491 3.0096 -0.755416</i>
                        <i>0.985152 -0.065705 0.158613 -0.00749925 0.906518 0.4221 -0.17152 -0.417022 0.892566 1.11144 3.01531 -0.777012</i>
                        <i>0.987334 0.0292795 0.155927 -0.0515921 0.98866 0.141035 -0.15003 -0.147293 0.977648 1.1155 3.13872 -0.821491</i>
                        <i>0.990072 0.0994953 0.0992875 -0.0746258 0.970668 -0.228548 -0.119115 0.21887 0.968456 1.15844 3.29596 -0.934882</i>
                        <i>0.989973 0.140838 0.0108342 -0.120747 0.88356 -0.452483 -0.0732994 0.446638 0.891707 1.19327 3.39839 -1.07854</i>
                        <i>0.981043 0.187685 -0.0482496 -0.193671 0.94094 -0.277711 -0.00672245 0.281792 0.959452 1.18461 3.51581 -1.07795</i>
                        <i>0.964815 0.257014 -0.0554607 -0.239781 0.946616 0.21546 0.107876 -0.19458 0.974937 1.14285 3.65254 -0.931929</i>
                        <i>0.943444 0.331 -0.0187573 -0.261233 0.777041 0.572682 0.204133 -0.535393 0.819563 1.08093 3.68 -0.8</i>
                        <i>0.925325 0.377307 0.0375906 -0.304331 0.679885 0.667187 0.226177 -0.628805 0.743941 1.03512 3.59373 -0.754245</i>
                        <i>0.916789 0.385639 0.10383 -0.34854 0.645657 0.679446 0.194983 -0.659097 0.726342 1.01591 3.45756 -0.736055</i>
                        <i>0.915554 0.361396 0.176506 -0.378844 0.627552 0.680188 0.13505 -0.689617 0.711471 1.01618 3.29533 -0.728152</i>
                        <i>0.920471 0.311035 0.236623 -0.380894 0.578458 0.721323 0.0874802 -0.754085 0.650925 1.03318 3.12693 -0.713096</i>
                        <i>0.930457 0.248581 0.26918 -0.351299 0.813989 0.462613 -0.104113 -0.525004 0.844708 1.07352 3.01601 -0.742472</i>
                        <i>0.95856 0.128028 0.254501 -0.200299 0.938128 0.282482 -0.202589 -0.321752 0.924896 1.11838 3.00949 -0.772065</i>
                        <i>0.979403 -0.0572303 0.193632 0.0252594 0.986184 0.163715 -0.200326 -0.155452 0.967318 1.15063 3.01825 -0.784643</i>
                        <i>0.963561 -0.232553 0.132167 0.224138 0.971625 0.0755422 -0.145985 -0.0431659 0.988345 1.16889 3.03343 -0.786921</i>
                        <i>0.940883 -0.320368 0.110019 0.32161 0.946848 0.00674526 -0.106332 0.0290368 0.993907 1.1712 3.04968 -0.785726</i>
                        <i>0.957496 -0.257776 0.129433 0.261957 0.964946 -0.016089 -0.120748 0.0493109 0.991458 1.15545 3.06293 -0.779477</i>
                        <i>0.982802 -0.110695 0.147808 0.111998 0.993708 -0.000492408 -0.146824 0.0170381 0.989016 1.13316 3.07205 -0.770822</i>
                        <i>0.988971 -0.00857966 0.147859 0.00704173 0.999916 0.0109216 -0.14794 -0.00975995 0.988948 1.12015 3.07361 -0.767616</i>
                        <i>0.989451 0.0217898 0.143224 -0.0255864 0.999367 0.0247199 -0.142594 -0.0281237 0.989382 1.11557 3.06824 -0.76374</i>
                        <i>0.989298 0.0431453 0.139384 -0.0520647 0.99678 0.0609906 -0.136304 -0.0675949 0.988358 1.11017 3.06094 -0.753462</i>
                        <i>0.989037 0.0570761 0.136193 -0.071849 0.991752 0.106144 -0.129011 -0.114765 0.98498 1.10467 3.05623 -0.739613</i>
                        <i>0.988995 0.0652604 0.132778 -0.0847248 0.98555 0.146674 -0.121287 -0.15631 0.980233 1.09969 3.05541 -0.726341</i>
                        <i>0.98927 0.0694579 0.128529 -0.0909029 0.981358 0.169334 -0.114372 -0.179201 0.977142 1.09577 3.05672 -0.718797</i>
                        <i>0.98982 0.0675394 0.125281 -0.0887559 0.981026 0.172367 -0.111263 -0.181732 0.977033 1.09401 3.05998 -0.717584</i>
                        <i>0.990442 0.0597058 0.124337 -0.0801896 0.98271 0.166882 -0.112224 -0.175258 0.978106 1.09434 3.06387 -0.719132</i>
                        <i>0.99088 0.0511597 0.12466 -0.0708539 0.984722 0.159069 -0.114618 -0.166451 0.979365 1.09549 3.06711 -0.72149</i>
                        <i>0.99103 0.0471402 0.125048 -0.0664549 0.985662 0.155097 -0.115944 -0.162015 0.979953 1.09616 3.06847 -0.72271</i>
                        <i>0.99103 0.0471402 0.125048 -0.0664549 0.985662 0.155097 -0.115944 -0.162015 0.979953 1.09616 3.06847 -0.72271</i>
                        <i>0.99103 0.0471402 0.125048 -0.0664549 0.985662 0.155097 -0.115944 -0.162015 0.979953 1.09616 3.06847 -0.72271</i>
                        <i>0.99103 0.0471402 0.125048 -0.0664549 0.985662 0.155097 -0.115944 -0.162015 0.979953 1.09616 3.06847 -0.72271</i>
                        <i>0.99103 0.0471402 0.125048 -0.0664549 0.985662 0.155097 -0.115944 -0.162015 0.979953 1.09616 3.06847 -0.72271</i>
                        <i>0.99103 0.0471402 0.125048 -0.0664549 0.985662 0.155097 -0.115944 -0.162015 0.979953 1.09616 3.06847 -0.72271</i>
                        <i>0.99103 0.0471402 0.125048 -0.0664549 0.985662 0.155097 -0.115944 -0.162015 0.979953 1.09616 3.06847 -0.72271</i>
                        <i>0.99103 0.0471402 0.125048 -0.0664549 0.985662 0.155097 -0.115944 -0.162015 0.979953 1.09616 3.06847 -0.72271</i>
                        <i>0.99103 0.0471402 0.125048 -0.0664549 0.985662 0.155097 -0.115944 -0.162015 0.979953 1.09616 3.06847 -0.72271</i>
                        <i>0.99103 0.0471402 0.125048 -0.0664549 0.985662 0.155097 -0.115944 -0.162015 0.979953 1.09616 3.06847 -0.72271</i>
                        <i>0.99103 0.0471402 0.125048 -0.0664549 0.985662 0.155097 -0.115944 -0.162015 0.979953 1.09616 3.06847 -0.72271</i>
                    </KeyFrames>
                </p>
            </i>
            <i>
                <p>
                    <Name><![CDATA[l_clav]]></Name>
                    <Exclude>0</Exclude>
                    <Additive>0</Additive>
                    <IKPriority>0</IKPriority>
                    <IKRotLimits>-1e+010 -1e+010 -1e+010 1e+010 1e+010 1e+010</IKRotLimits>
                    <IKRotLimitOrder>0</IKRotLimitOrder>
                    <KeyFrames count="40">
                        <i>0.585835 0.140549 0.79815 -0.229797 0.973235 -0.00271147 -0.777169 -0.181824 0.602452 1.19242 2.54377 -0.744053</i>
                        <i>0.583179 0.125794 0.802545 -0.244381 0.96934 0.0256443 -0.774713 -0.211082 0.59604 1.19178 2.4735 -0.862928</i>
                        <i>0.580036 0.107215 0.807504 -0.263393 0.962734 0.0613722 -0.770832 -0.248289 0.58666 1.18897 2.40475 -0.937237</i>
                        <i>0.584481 0.122722 0.802073 -0.241749 0.969942 0.0277587 -0.774557 -0.210125 0.596581 1.18312 2.37764 -0.88621</i>
                        <i>0.595363 0.168579 0.785573 -0.187577 0.979885 -0.0681186 -0.781254 -0.1068 0.615009 1.17703 2.41837 -0.774257</i>
                        <i>0.602365 0.20895 0.770387 -0.153997 0.977419 -0.144692 -0.783225 -0.0314805 0.620941 1.17444 2.50136 -0.690073</i>
                        <i>0.59515 0.220723 0.772708 -0.169754 0.974373 -0.147582 -0.785481 -0.0433365 0.617367 1.17631 2.58204 -0.671916</i>
                        <i>0.57767 0.207486 0.78946 -0.215832 0.971559 -0.0974147 -0.787219 -0.114118 0.606023 1.18008 2.6203 -0.692682</i>
                        <i>0.559204 0.181421 0.808936 -0.268987 0.962678 -0.0299551 -0.784179 -0.200842 0.587133 1.18583 2.60879 -0.737628</i>
                        <i>0.549319 0.166243 0.818909 -0.299827 0.953964 0.00746192 -0.779969 -0.24963 0.573875 1.19261 2.57416 -0.779488</i>
                        <i>0.549227 0.166714 0.818875 -0.29996 0.953926 0.00697694 -0.779984 -0.249461 0.573929 1.19802 2.53079 -0.808001</i>
                        <i>0.553727 0.173698 0.814381 -0.283259 0.958969 -0.0119393 -0.78304 -0.22407 0.580208 1.20132 2.49193 -0.828688</i>
                        <i>0.560983 0.182958 0.807357 -0.25879 0.96515 -0.038899 -0.786337 -0.187114 0.58878 1.20158 2.4722 -0.834086</i>
                        <i>0.568799 0.190447 0.800124 -0.235674 0.969769 -0.0632888 -0.787988 -0.152569 0.596487 1.19963 2.4718 -0.825731</i>
