<?xml version="1.0" encoding="ISO-8859-1" ?>
<Animl Version="1">
    <ModellingPackage><![CDATA[Maya.2010]]></ModellingPackage>
    <SrcFile><![CDATA[anims\turrets\antitank\red\~src\at_rpg7\at_rpg7_aim_random_crewman_c.mb]]></SrcFile>
    <FramesPerSecond>30</FramesPerSecond>
    <TotalFrames>40</TotalFrames>
    <Skeleton>
        <RefFrame>
            <Name><![CDATA[soldier_ref_frame]]></Name>
            <Exclude>0</Exclude>
            <Additive>0</Additive>
            <IKPriority>0</IKPriority>
            <IKRotLimits>-1e+010 -1e+010 -1e+010 1e+010 1e+010 1e+010</IKRotLimits>
            <IKRotLimitOrder>0</IKRotLimitOrder>
            <KeyFrames count="40">
                <i>1 0 0 0 1 0 0 0 1 -0.53 0.87 -0.03</i>
                <i>1 0 0 0 1 0 0 0 1 -0.53 0.87 -0.03</i>
                <i>1 0 0 0 1 0 0 0 1 -0.53 0.87 -0.03</i>
                <i>1 0 0 0 1 0 0 0 1 -0.53 0.87 -0.03</i>
                <i>1 0 0 0 1 0 0 0 1 -0.53 0.87 -0.03</i>
                <i>1 0 0 0 1 0 0 0 1 -0.53 0.87 -0.03</i>
                <i>1 0 0 0 1 0 0 0 1 -0.53 0.87 -0.03</i>
                <i>1 0 0 0 1 0 0 0 1 -0.53 0.87 -0.03</i>
                <i>1 0 0 0 1 0 0 0 1 -0.53 0.87 -0.03</i>
                <i>1 0 0 0 1 0 0 0 1 -0.53 0.87 -0.03</i>
                <i>1 0 0 0 1 0 0 0 1 -0.53 0.87 -0.03</i>
                <i>1 0 0 0 1 0 0 0 1 -0.53 0.87 -0.03</i>
                <i>1 0 0 0 1 0 0 0 1 -0.53 0.87 -0.03</i>
                <i>1 0 0 0 1 0 0 0 1 -0.53 0.87 -0.03</i>
                <i>1 0 0 0 1 0 0 0 1 -0.53 0.87 -0.03</i>
                <i>1 0 0 0 1 0 0 0 1 -0.53 0.87 -0.03</i>
                <i>1 0 0 0 1 0 0 0 1 -0.53 0.87 -0.03</i>
                <i>1 0 0 0 1 0 0 0 1 -0.53 0.87 -0.03</i>
                <i>1 0 0 0 1 0 0 0 1 -0.53 0.87 -0.03</i>
                <i>1 0 0 0 1 0 0 0 1 -0.53 0.87 -0.03</i>
                <i>1 0 0 0 1 0 0 0 1 -0.53 0.87 -0.03</i>
                <i>1 0 0 0 1 0 0 0 1 -0.53 0.87 -0.03</i>
                <i>1 0 0 0 1 0 0 0 1 -0.53 0.87 -0.03</i>
                <i>1 0 0 0 1 0 0 0 1 -0.53 0.87 -0.03</i>
                <i>1 0 0 0 1 0 0 0 1 -0.53 0.87 -0.03</i>
                <i>1 0 0 0 1 0 0 0 1 -0.53 0.87 -0.03</i>
                <i>1 0 0 0 1 0 0 0 1 -0.53 0.87 -0.03</i>
                <i>1 0 0 0 1 0 0 0 1 -0.53 0.87 -0.03</i>
                <i>1 0 0 0 1 0 0 0 1 -0.53 0.87 -0.03</i>
                <i>1 0 0 0 1 0 0 0 1 -0.53 0.87 -0.03</i>
                <i>1 0 0 0 1 0 0 0 1 -0.53 0.87 -0.03</i>
                <i>1 0 0 0 1 0 0 0 1 -0.53 0.87 -0.03</i>
                <i>1 0 0 0 1 0 0 0 1 -0.53 0.87 -0.03</i>
                <i>1 0 0 0 1 0 0 0 1 -0.53 0.87 -0.03</i>
                <i>1 0 0 0 1 0 0 0 1 -0.53 0.87 -0.03</i>
                <i>1 0 0 0 1 0 0 0 1 -0.53 0.87 -0.03</i>
                <i>1 0 0 0 1 0 0 0 1 -0.53 0.87 -0.03</i>
                <i>1 0 0 0 1 0 0 0 1 -0.53 0.87 -0.03</i>
                <i>1 0 0 0 1 0 0 0 1 -0.53 0.87 -0.03</i>
                <i>1 0 0 0 1 0 0 0 1 -0.53 0.87 -0.03</i>
            </KeyFrames>
        </RefFrame>
        <Bones count="23">
            <i>
                <p>
                    <Name><![CDATA[pelvis]]></Name>
                    <Exclude>0</Exclude>
                    <Additive>0</Additive>
                    <IKPriority>0</IKPriority>
                    <IKRotLimits>-1e+010 -1e+010 -1e+010 1e+010 1e+010 1e+010</IKRotLimits>
                    <IKRotLimitOrder>2</IKRotLimitOrder>
                    <KeyFrames count="40">
                        <i>1 0 0 0 1 0 0 0 1 -0.463214 1.55846 -0.0346948</i>
                        <i>1 0 0 0 1 0 0 0 1 -0.46324 1.55908 -0.0343717</i>
                        <i>1 0 0 0 1 0 0 0 1 -0.46331 1.56075 -0.0335</i>
                        <i>1 0 0 0 1 0 0 0 1 -0.463413 1.5632 -0.0322262</i>
                        <i>1 0 0 0 1 0 0 0 1 -0.463537 1.56613 -0.0306967</i>
                        <i>1 0 0 0 1 0 0 0 1 -0.463669 1.56928 -0.0290581</i>
                        <i>1 0 0 0 1 0 0 0 1 -0.463799 1.57235 -0.0274567</i>
                        <i>1 0 0 0 1 0 0 0 1 -0.463913 1.57507 -0.0260391</i>
                        <i>1 0 0 0 1 0 0 0 1 -0.464001 1.57716 -0.0249517</i>
                        <i>1 0 0 0 1 0 0 0 1 -0.46405 1.57833 -0.024341</i>
                        <i>1 0 0 0 1 0 0 0 1 -0.46405 1.57833 -0.024341</i>
                        <i>1 0 0 0 1 0 0 0 1 -0.46405 1.57833 -0.024341</i>
                        <i>1 0 0 0 1 0 0 0 1 -0.46405 1.57833 -0.024341</i>
                        <i>1 0 0 0 1 0 0 0 1 -0.46405 1.57833 -0.024341</i>
                        <i>1 0 0 0 1 0 0 0 1 -0.46405 1.57833 -0.024341</i>
                        <i>1 0 0 0 1 0 0 0 1 -0.46405 1.57833 -0.024341</i>
                        <i>1 0 0 0 1 0 0 0 1 -0.46405 1.57833 -0.024341</i>
                        <i>1 0 0 0 1 0 0 0 1 -0.46405 1.57833 -0.024341</i>
                        <i>1 0 0 0 1 0 0 0 1 -0.46405 1.57833 -0.024341</i>
                        <i>1 0 0 0 1 0 0 0 1 -0.46405 1.57833 -0.024341</i>
                        <i>1 0 0 0 1 0 0 0 1 -0.46405 1.57833 -0.024341</i>
                        <i>1 0 0 0 1 0 0 0 1 -0.46405 1.57833 -0.024341</i>
                        <i>1 0 0 0 1 0 0 0 1 -0.46405 1.57833 -0.024341</i>
                        <i>1 0 0 0 1 0 0 0 1 -0.46405 1.57833 -0.024341</i>
                        <i>1 0 0 0 1 0 0 0 1 -0.46405 1.57833 -0.024341</i>
                        <i>1 0 0 0 1 0 0 0 1 -0.46405 1.57833 -0.024341</i>
                        <i>1 0 0 0 1 0 0 0 1 -0.46405 1.57833 -0.024341</i>
                        <i>1 0 0 0 1 0 0 0 1 -0.46405 1.57833 -0.024341</i>
                        <i>1 0 0 0 1 0 0 0 1 -0.46405 1.57833 -0.024341</i>
                        <i>1 0 0 0 1 0 0 0 1 -0.46405 1.57833 -0.024341</i>
                        <i>1 0 0 0 1 0 0 0 1 -0.46405 1.57833 -0.024341</i>
                        <i>1 0 0 0 1 0 0 0 1 -0.46405 1.57833 -0.024341</i>
                        <i>1 0 0 0 1 0 0 0 1 -0.46405 1.57833 -0.024341</i>
                        <i>1 0 0 0 1 0 0 0 1 -0.463984 1.57674 -0.0251681</i>
                        <i>1 0 0 0 1 0 0 0 1 -0.463856 1.57371 -0.0267458</i>
                        <i>1 0 0 0 1 0 0 0 1 -0.463694 1.56986 -0.0287542</i>
                        <i>1 0 0 0 1 0 0 0 1 -0.463523 1.56579 -0.0308733</i>
                        <i>1 0 0 0 1 0 0 0 1 -0.463368 1.56213 -0.032783</i>
                        <i>1 0 0 0 1 0 0 0 1 -0.463257 1.55948 -0.0341636</i>
                        <i>1 0 0 0 1 0 0 0 1 -0.463214 1.55846 -0.0346948</i>
                    </KeyFrames>
                </p>
            </i>
            <i>
                <p>
                    <Name><![CDATA[spine0]]></Name>
                    <Exclude>0</Exclude>
                    <Additive>0</Additive>
                    <IKPriority>0</IKPriority>
                    <IKRotLimits>-1e+010 -1e+010 -1e+010 1e+010 1e+010 1e+010</IKRotLimits>
                    <IKRotLimitOrder>0</IKRotLimitOrder>
                    <KeyFrames count="40">
                        <i>-0.0908398 0.9236 0.37244 -0.995574 -0.093274 -0.0115184 0.0241006 -0.371838 0.927985 -0.484507 1.69595 -0.0712703</i>
                        <i>-0.0926457 0.924233 0.370419 -0.995379 -0.095402 -0.0109171 0.0252488 -0.369719 0.9288 -0.485386 1.69644 -0.0709374</i>
                        <i>-0.0975874 0.925904 0.364937 -0.994864 -0.100655 -0.0106575 0.026865 -0.364103 0.930971 -0.48765 1.69773 -0.0701136</i>
                        <i>-0.104943 0.928242 0.356867 -0.994133 -0.107378 -0.0130423 0.0262134 -0.356142 0.934064 -0.490739 1.69955 -0.0690653</i>
                        <i>-0.113998 0.93089 0.347056 -0.993269 -0.114002 -0.0204804 0.0204998 -0.347054 0.937621 -0.494105 1.70165 -0.0680544</i>
                        <i>-0.124823 0.933282 0.336754 -0.992147 -0.120116 -0.0348657 0.00790996 -0.338462 0.940947 -0.497863 1.70379 -0.0669166</i>
                        <i>-0.136783 0.935013 0.327172 -0.990565 -0.126288 -0.0532182 -0.00844184 -0.331364 0.943465 -0.502096 1.70569 -0.0655228</i>
                        <i>-0.148166 0.936113 0.318966 -0.988661 -0.132239 -0.0711531 -0.0244277 -0.325891 0.945092 -0.506182 1.70719 -0.0641563</i>
                        <i>-0.157389 0.936728 0.312681 -0.986859 -0.13746 -0.0849371 -0.0365819 -0.32194 0.946053 -0.509449 1.70822 -0.0630768</i>
                        <i>-0.16301 0.937056 0.308795 -0.985732 -0.141369 -0.0913651 -0.0419601 -0.319283 0.94673 -0.511188 1.70877 -0.0625294</i>
                        <i>-0.166253 0.936561 0.308567 -0.985162 -0.144234 -0.0930158 -0.0426091 -0.319453 0.946644 -0.511863 1.70859 -0.0623218</i>
                        <i>-0.169263 0.936188 0.308061 -0.984628 -0.146958 -0.0944009 -0.0431052 -0.319304 0.946672 -0.512419 1.70843 -0.0621513</i>
                        <i>-0.17203 0.935912 0.307367 -0.984132 -0.149517 -0.0955412 -0.0434618 -0.318925 0.946783 -0.512863 1.70831 -0.0620154</i>
                        <i>-0.174535 0.935709 0.306571 -0.983681 -0.151881 -0.0964545 -0.0436911 -0.318403 0.946948 -0.513204 1.70821 -0.0619112</i>
                        <i>-0.176743 0.935564 0.30575 -0.983282 -0.154006 -0.0971552 -0.0438074 -0.31781 0.947142 -0.51345 1.70814 -0.0618361</i>
                        <i>-0.178608 0.935464 0.304968 -0.982944 -0.155837 -0.0976553 -0.0438277 -0.317208 0.947343 -0.513609 1.70809 -0.0617874</i>
                        <i>-0.180071 0.935409 0.304278 -0.982679 -0.157304 -0.0979643 -0.0437725 -0.316648 0.947532 -0.51369 1.70807 -0.0617627</i>
                        <i>-0.181061 0.935398 0.303722 -0.982502 -0.158329 -0.0980906 -0.0436657 -0.316168 0.947698 -0.513701 1.70806 -0.0617593</i>
                        <i>-0.181505 0.935438 0.303336 -0.982426 -0.15883 -0.0980418 -0.0435331 -0.3158 0.947827 -0.513651 1.70808 -0.0617747</i>
                        <i>-0.181328 0.93553 0.303155 -0.982464 -0.158725 -0.0978258 -0.0434007 -0.315578 0.947907 -0.513548 1.70811 -0.0618062</i>
                        <i>-0.180563 0.935672 0.303174 -0.982611 -0.158041 -0.097462 -0.0432785 -0.3155 0.947938 -0.5134 1.70815 -0.0618514</i>
                        <i>-0.179349 0.93585 0.303345 -0.982838 -0.156918 -0.0969811 -0.0431595 -0.315532 0.947933 -0.513215 1.70821 -0.0619078</i>
                        <i>-0.177785 0.93605 0.303651 -0.983128 -0.155451 -0.0964097 -0.0430413 -0.315668 0.947893 -0.513003 1.70827 -0.0619726</i>
                        <i>-0.175971 0.936254 0.304077 -0.983459 -0.153738 -0.0957742 -0.0429207 -0.315901 0.947821 -0.512771 1.70833 -0.0620436</i>
                        <i>-0.174007 0.936448 0.304608 -0.983814 -0.151874 -0.0951012 -0.0427955 -0.316226 0.947718 -0.512528 1.7084 -0.062118</i>
                        <i>-0.171987 0.936622 0.30522 -0.984175 -0.149951 -0.0944168 -0.0426647 -0.316629 0.94759 -0.512282 1.70847 -0.0621933</i>
                        <i>-0.170002 0.936767 0.305888 -0.984526 -0.148057 -0.0937464 -0.0425295 -0.317091 0.947441 -0.512042 1.70854 -0.0622669</i>
                        <i>-0.168134 0.936879 0.306576 -0.984852 -0.146273 -0.0931148 -0.0423935 -0.317588 0.947281 -0.511816 1.7086 -0.0623363</i>
                        <i>-0.166458 0.936959 0.307246 -0.985142 -0.144671 -0.0925461 -0.0422625 -0.318086 0.94712 -0.511612 1.70866 -0.0623989</i>
                        <i>-0.165045 0.93701 0.307851 -0.985385 -0.143318 -0.0920639 -0.0421441 -0.318547 0.94697 -0.511439 1.70871 -0.0624521</i>
                        <i>-0.163957 0.937039 0.308344 -0.985571 -0.142277 -0.0916911 -0.0420478 -0.318928 0.946846 -0.511305 1.70874 -0.0624933</i>
                        <i>-0.163258 0.937052 0.308675 -0.98569 -0.141607 -0.0914505 -0.0419834 -0.319188 0.946761 -0.511219 1.70877 -0.0625199</i>
                        <i>-0.16301 0.937056 0.308795 -0.985732 -0.141369 -0.0913651 -0.0419601 -0.319283 0.94673 -0.511188 1.70877 -0.0625294</i>
                        <i>-0.156541 0.936419 0.31403 -0.986923 -0.135926 -0.0866468 -0.0384527 -0.323487 0.945451 -0.509003 1.70798 -0.0631915</i>
                        <i>-0.145554 0.934948 0.323552 -0.988898 -0.1276 -0.0761489 -0.0299099 -0.331044 0.943141 -0.504883 1.70635 -0.064443</i>
                        <i>-0.131792 0.932716 0.335665 -0.991118 -0.117916 -0.0614871 -0.0177698 -0.340787 0.939973 -0.499669 1.70406 -0.0660773</i>
                        <i>-0.117225 0.929914 0.348593 -0.993098 -0.108422 -0.0447307 -0.00380038 -0.351431 0.936206 -0.494207 1.70139 -0.0678652</i>
                        <i>-0.104041 0.92697 0.36042 -0.994525 -0.100505 -0.0285962 0.00971616 -0.361422 0.932352 -0.489331 1.69877 -0.069537</i>
                        <i>-0.0945036 0.92458 0.369081 -0.995323 -0.0952054 -0.0163558 0.0200163 -0.368901 0.929253 -0.485841 1.69676 -0.0707826</i>
                        <i>-0.0908398 0.9236 0.37244 -0.995574 -0.093274 -0.0115184 0.0241006 -0.371838 0.927985 -0.484507 1.69595 -0.0712703</i>
                    </KeyFrames>
                </p>
            </i>
            <i>
                <p>
                    <Name><![CDATA[spine1]]></Name>
                    <Exclude>0</Exclude>
                    <Additive>0</Additive>
                    <IKPriority>0</IKPriority>
                    <IKRotLimits>-1e+010 -1e+010 -1e+010 1e+010 1e+010 1e+010</IKRotLimits>
                    <IKRotLimitOrder>0</IKRotLimitOrder>
                    <KeyFrames count="40">
                        <i>0.092588 0.586099 0.804932 -0.994923 0.0864789 0.0514737 -0.039441 -0.805611 0.59113 -0.502451 1.87842 0.00213886</i>
                        <i>0.0952385 0.589124 0.80241 -0.99465 0.0887277 0.0529122 -0.0400242 -0.803156 0.594422 -0.503678 1.87894 0.00203405</i>
                        <i>0.101991 0.597083 0.795669 -0.99389 0.0950914 0.0560415 -0.0421999 -0.796523 0.603133 -0.506893 1.88033 0.00168685</i>
                        <i>0.111056 0.608257 0.785933 -0.992722 0.104964 0.0590417 -0.0465823 -0.786769 0.615487 -0.511403 1.88235 0.00104653</i>
                        <i>0.120688 0.620913 0.774533 -0.991228 0.117709 0.0600908 -0.0538586 -0.774991 0.629673 -0.516527 1.88478 5.41412e-005</i>
                        <i>0.132103 0.634394 0.761639 -0.989127 0.134465 0.0595597 -0.0646297 -0.761225 0.645259 -0.522391 1.88723 -0.000888754</i>
                        <i>0.145918 0.648042 0.747496 -0.986349 0.153587 0.0593928 -0.0763164 -0.745958 0.661606 -0.528954 1.88935 -0.00142045</i>
                        <i>0.159397 0.660291 0.733899 -0.983498 0.170658 0.0600667 -0.0855846 -0.731363 0.676597 -0.535267 1.89102 -0.00167927</i>
                        <i>0.169652 0.669763 0.722935 -0.981371 0.181929 0.0617517 -0.090164 -0.719944 0.688151 -0.540347 1.8922 -0.00182364</i>
                        <i>0.173745 0.675205 0.716876 -0.9808 0.184111 0.0643011 -0.0885687 -0.714284 0.694229 -0.543198 1.89287 -0.00202424</i>
                        <i>0.173774 0.67638 0.715761 -0.981392 0.179229 0.0688962 -0.0816853 -0.714414 0.694939 -0.544519 1.89263 -0.00184512</i>
                        <i>0.173533 0.677534 0.714726 -0.982165 0.172402 0.0750358 -0.0723806 -0.715 0.695368 -0.54568 1.89248 -0.00174895</i>
                        <i>0.173074 0.678634 0.713793 -0.982993 0.164201 0.0822349 -0.0613979 -0.715886 0.695512 -0.546686 1.8924 -0.0017179</i>
                        <i>0.172453 0.679647 0.712979 -0.983774 0.155198 0.0900091 -0.0494788 -0.716933 0.695384 -0.547539 1.89237 -0.00173514</i>
                        <i>0.171728 0.680542 0.712301 -0.984435 0.14597 0.0978753 -0.0373662 -0.718022 0.695017 -0.548241 1.89238 -0.00178555</i>
                        <i>0.170964 0.681292 0.711767 -0.984939 0.137096 0.105352 -0.025805 -0.719059 0.69447 -0.548788 1.89243 -0.00185623</i>
                        <i>0.170227 0.681874 0.711386 -0.985282 0.129165 0.111961 -0.0155425 -0.719975 0.693826 -0.549176 1.89249 -0.00193658</i>
                        <i>0.169589 0.682267 0.711162 -0.985488 0.122768 0.117227 -0.00732773 -0.720722 0.693186 -0.549397 1.89256 -0.00201795</i>
                        <i>0.169121 0.682452 0.711095 -0.985593 0.118503 0.120676 -0.00191088 -0.72126 0.692662 -0.549445 1.89264 -0.00209288</i>
                        <i>0.168896 0.682412 0.711188 -0.985634 0.116967 0.121837 -4.26259e-005 -0.721549 0.692364 -0.54931 1.8927 -0.00215383</i>
                        <i>0.168915 0.68216 0.711425 -0.985629 0.11813 0.12075 -0.00166963 -0.721598 0.69231 -0.549009 1.89276 -0.00219932</i>
                        <i>0.169116 0.681744 0.711775 -0.985578 0.121314 0.117975 -0.00591895 -0.721462 0.692429 -0.548578 1.89282 -0.00223362</i>
                        <i>0.169462 0.681195 0.712219 -0.98546 0.126149 0.113821 -0.0123114 -0.721152 0.692667 -0.548047 1.89286 -0.00225606</i>
                        <i>0.169918 0.680539 0.712737 -0.985248 0.132265 0.108595 -0.020367 -0.720675 0.692974 -0.547444 1.89289 -0.00226576</i>
                        <i>0.170448 0.679807 0.713309 -0.984922 0.139289 0.102604 -0.0296049 -0.720043 0.693298 -0.546798 1.89292 -0.0022622</i>
                        <i>0.171019 0.679029 0.713914 -0.984474 0.14685 0.0961579 -0.0395443 -0.719274 0.6936 -0.546138 1.89293 -0.0022457</i>
                        <i>0.171599 0.678237 0.714527 -0.983912 0.154579 0.0895652 -0.0497044 -0.718401 0.693851 -0.54549 1.89293 -0.00221772</i>
                        <i>0.172157 0.677466 0.715123 -0.983265 0.162109 0.0831363 -0.0596057 -0.717468 0.694037 -0.54488 1.89293 -0.00218088</i>
                        <i>0.172667 0.676752 0.715677 -0.982577 0.169075 0.0771814 -0.0687704 -0.716534 0.694154 -0.544332 1.89292 -0.00213901</i>
                        <i>0.173104 0.676131 0.716158 -0.981911 0.175117 0.0720105 -0.0767226 -0.715668 0.694214 -0.543868 1.8929 -0.00209691</i>
                        <i>0.173444 0.675641 0.716538 -0.981341 0.179875 0.0679338 -0.0829883 -0.714951 0.694232 -0.54351 1.89288 -0.00206</i>
                        <i>0.173666 0.67532 0.716787 -0.980946 0.182992 0.0652608 -0.0870946 -0.714463 0.694232 -0.54328 1.89287 -0.00203398</i>
                        <i>0.173745 0.675205 0.716876 -0.9808 0.184111 0.0643011 -0.0885687 -0.714284 0.694229 -0.543198 1.89287 -0.00202424</i>
                        <i>0.168749 0.668149 0.724639 -0.98148 0.18153 0.0611815 -0.0906653 -0.721543 0.686408 -0.539736 1.8919 -0.00167218</i>
                        <i>0.156939 0.655161 0.739009 -0.983768 0.169628 0.0585349 -0.0870072 -0.7362 0.671148 -0.533456 1.88996 -0.0010615</i>
                        <i>0.141022 0.638364 0.756707 -0.986887 0.151271 0.0563055 -0.0785244 -0.754724 0.651326 -0.525553 1.88732 -0.000286709</i>
                        <i>0.123827 0.620157 0.774643 -0.990059 0.129692 0.0544342 -0.0667071 -0.773683 0.630051 -0.517262 1.88433 0.000550336</i>
                        <i>0.108212 0.603321 0.790123 -0.992661 0.108738 0.0529209 -0.0539881 -0.790051 0.61066 -0.509832 1.88146 0.00132999</i>
                        <i>0.0969264 0.590918 0.800888 -0.994333 0.0927969 0.0518696 -0.0436692 -0.801377 0.596564 -0.504495 1.87929 0.00191112</i>
                        <i>0.092588 0.586099 0.804932 -0.994923 0.0864789 0.0514737 -0.039441 -0.805611 0.59113 -0.502451 1.87842 0.00213886</i>
                    </KeyFrames>
                </p>
            </i>
            <i>
                <p>
                    <Name><![CDATA[spine2]]></Name>
                    <Exclude>0</Exclude>
                    <Additive>0</Additive>
                    <IKPriority>0</IKPriority>
                    <IKRotLimits>-1e+010 -1e+010 -1e+010 1e+010 1e+010 1e+010</IKRotLimits>
                    <IKRotLimitOrder>0</IKRotLimitOrder>
                    <KeyFrames count="40">
                        <i>0.196038 0.29622 0.934785 -0.979714 0.0995912 0.173902 -0.0415832 -0.949913 0.309735 -0.485682 1.98433 0.148487</i>
                        <i>0.197809 0.299242 0.933448 -0.979324 0.101495 0.174994 -0.0423745 -0.948764 0.313131 -0.486438 1.98534 0.147848</i>
                        <i>0.202314 0.307328 0.929849 -0.978317 0.106397 0.177694 -0.0443226 -0.945637 0.322189 -0.488453 1.98805 0.146102</i>
                        <i>0.208324 0.318991 0.924579 -0.976939 0.113112 0.181097 -0.0468121 -0.940984 0.335198 -0.491349 1.99195 0.143504</i>
                        <i>0.214641 0.332701 0.918281 -0.975451 0.120428 0.184372 -0.0492465 -0.935311 0.350382 -0.494753 1.99657 0.14031</i>
                        <i>0.222079 0.347461 0.911017 -0.973684 0.128079 0.188506 -0.0511833 -0.928906 0.366761 -0.498571 2.00138 0.136932</i>
                        <i>0.231063 0.362302 0.902966 -0.971548 0.135529 0.194234 -0.0520066 -0.922155 0.38331 -0.502649 2.00591 0.133769</i>
                        <i>0.239866 0.375643 0.895185 -0.969472 0.141007 0.200601 -0.0508729 -0.915975 0.397998 -0.506526 2.00979 0.131039</i>
                        <i>0.246808 0.385812 0.888952 -0.967924 0.142629 0.206832 -0.0469925 -0.911486 0.408639 -0.509739 2.01271 0.128949</i>
                        <i>0.250287 0.391076 0.885673 -0.96736 0.138463 0.212232 -0.0396342 -0.909883 0.412967 -0.511834 2.01439 0.127693</i>
                        <i>0.252066 0.390599 0.885378 -0.967313 0.127908 0.218964 -0.0277195 -0.911631 0.410073 -0.513131 2.01441 0.127707</i>
                        <i>0.254427 0.38938 0.88524 -0.967019 0.113696 0.227921 -0.0119008 -0.914033 0.405465 -0.514308 2.01452 0.127673</i>
                        <i>0.257238 0.387633 0.885195 -0.966326 0.0969421 0.238363 0.00658465 -0.916702 0.399517 -0.515365 2.01469 0.127604</i>
                        <i>0.260348 0.385567 0.885188 -0.965151 0.078768 0.249557 0.0264964 -0.919312 0.392637 -0.516296 2.01492 0.127517</i>
                        <i>0.263585 0.383373 0.885182 -0.96351 0.0603073 0.26079 0.0465969 -0.921622 0.38528 -0.517093 2.01517 0.127423</i>
                        <i>0.266749 0.381227 0.885161 -0.961527 0.0426994 0.271372 0.0656587 -0.923495 0.37795 -0.517744 2.01541 0.127332</i>
                        <i>0.269617 0.379284 0.885127 -0.95943 0.0270857 0.280644 0.0824696 -0.924884 0.371199 -0.518235 2.01564 0.12725</i>
                        <i>0.271949 0.377682 0.885099 -0.957528 0.0146045 0.287971 0.0958351 -0.92582 0.365613 -0.518548 2.01584 0.127182</i>
                        <i>0.273496 0.376549 0.885105 -0.956172 0.00639011 0.292736 0.104574 -0.926375 0.361793 -0.518664 2.01598 0.127131</i>
                        <i>0.274011 0.376012 0.885174 -0.955699 0.00357391 0.294325 0.107506 -0.926608 0.360334 -0.518565 2.01605 0.127101</i>
                        <i>0.273501 0.376066 0.885309 -0.956152 0.0060693 0.292809 0.104742 -0.926573 0.361236 -0.518264 2.01606 0.127089</i>
                        <i>0.272229 0.376564 0.885489 -0.95726 0.0125515 0.288956 0.0976964 -0.926306 0.363887 -0.517809 2.01601 0.127093</i>
                        <i>0.270353 0.377448 0.885687 -0.95881 0.0222949 0.283172 0.0871365 -0.925762 0.367929 -0.517233 2.01592 0.127111</i>
                        <i>0.268036 0.37866 0.885874 -0.960576 0.0345725 0.27586 0.0738303 -0.92489 0.372998 -0.516571 2.01579 0.127145</i>
                        <i>0.265437 0.380138 0.886024 -0.962349 0.0486537 0.267428 0.0585509 -0.923649 0.378739 -0.515856 2.01562 0.127194</i>
                        <i>0.262708 0.381811 0.886118 -0.963957 0.0638053 0.258292 0.0420798 -0.922035 0.384812 -0.515122 2.01544 0.127256</i>
                        <i>0.25999 0.3836 0.886147 -0.965282 0.0792922 0.248884 0.0252072 -0.920089 0.390897 -0.514399 2.01524 0.12733</i>
                        <i>0.257413 0.385412 0.886113 -0.966262 0.0943806 0.239646 0.00873069 -0.917905 0.396704 -0.513717 2.01503 0.12741</i>
                        <i>0.255091 0.387148 0.886028 -0.966895 0.10834 0.231034 -0.00654793 -0.91563 0.401968 -0.513104 2.01484 0.127492</i>
                        <i>0.253126 0.388697 0.885913 -0.96723 0.120446 0.223514 -0.0198252 -0.913459 0.406447 -0.512584 2.01466 0.127569</i>
                        <i>0.251611 0.389945 0.885796 -0.967354 0.129978 0.217559 -0.0302985 -0.911619 0.409918 -0.512184 2.01452 0.127633</i>
                        <i>0.250634 0.390775 0.885707 -0.967368 0.136222 0.213641 -0.0371675 -0.910351 0.412166 -0.511925 2.01443 0.127677</i>
                        <i>0.250287 0.391076 0.885673 -0.96736 0.138463 0.212232 -0.0396342 -0.909883 0.412967 -0.511834 2.01439 0.127693</i>
                        <i>0.246389 0.38386 0.889912 -0.968063 0.141378 0.207044 -0.0463384 -0.912504 0.406434 -0.50929 2.01212 0.129409</i>
                        <i>0.238681 0.369512 0.898049 -0.969858 0.137424 0.201221 -0.0490596 -0.919008 0.391175 -0.505154 2.0078 0.132584</i>
                        <i>0.228428 0.351034 0.908073 -0.972329 0.129157 0.194663 -0.04895 -0.927412 0.370824 -0.50012 2.00216 0.136601</i>
                        <i>0.217167 0.331462 0.918135 -0.974996 0.119069 0.187631 -0.0471285 -0.935925 0.349032 -0.494911 1.996 0.140837</i>
                        <i>0.206715 0.313827 0.926705 -0.977382 0.109464 0.180949 -0.0446543 -0.943149 0.329357 -0.490272 1.99026 0.144658</i>
                        <i>0.199022 0.301107 0.93259 -0.979073 0.102365 0.175891 -0.0425027 -0.94808 0.315179 -0.486951 1.986 0.147423</i>
                        <i>0.196038 0.29622 0.934785 -0.979714 0.0995912 0.173902 -0.0415832 -0.949913 0.309735 -0.485682 1.98433 0.148487</i>
                    </KeyFrames>
                </p>
            </i>
            <i>
                <p>
                    <Name><![CDATA[head]]></Name>
                    <Exclude>0</Exclude>
                    <Additive>0</Additive>
                    <IKPriority>0</IKPriority>
                    <IKRotLimits>-1e+010 -1e+010 -1e+010 1e+010 1e+010 1e+010</IKRotLimits>
                    <IKRotLimitOrder>0</IKRotLimitOrder>
                    <KeyFrames count="40">
                        <i>0.0115409 0.966888 0.254939 0.0273231 0.254556 -0.966672 -0.99956 0.018122 -0.0234806 -0.42753 2.07172 0.399776</i>
                        <i>0.0118558 0.968165 0.250033 0.0278322 0.249635 -0.96794 -0.999542 0.0184347 -0.0239865 -0.428065 2.07348 0.398769</i>
                        <i>0.012579 0.971365 0.237261 0.0291638 0.236822 -0.971115 -0.999495 0.0191351 -0.0253497 -0.429531 2.0782 0.396047</i>
                        <i>0.0133892 0.975511 0.219544 0.0310646 0.219052 -0.975218 -0.999428 0.0198775 -0.0273709 -0.431721 2.08501 0.392051</i>
                        <i>0.0139517 0.97973 0.199835 0.0332754 0.199289 -0.979376 -0.999349 0.0203135 -0.0298206 -0.434427 2.09306 0.387229</i>
                        <i>0.0138914 0.983364 0.181114 0.0354728 0.180533 -0.982929 -0.999274 0.0200788 -0.0323749 -0.437425 2.10152 0.382036</i>
                        <i>0.0127789 0.98598 0.166373 0.0372273 0.165802 -0.985456 -0.999225 0.0187867 -0.0345866 -0.44048 2.10963 0.376941</i>
                        <i>0.0101391 0.987293 0.158587 0.0379761 0.158101 -0.986692 -0.999227 0.0160266 -0.0358906 -0.443339 2.11665 0.372419</i>
                        <i>0.00549418 0.986989 0.160694 0.0370041 0.160386 -0.986361 -0.9993 0.0113656 -0.0356414 -0.445745 2.12193 0.368949</i>
                        <i>-0.00154832 0.984463 0.175585 0.0334318 0.175537 -0.983905 -0.99944 0.0043467 -0.0331842 -0.447432 2.12478 0.367012</i>
                        <i>-0.011916 0.97479 0.222806 0.0257182 0.223047 -0.974468 -0.999598 -0.0058816 -0.0277277 -0.448419 2.1245 0.367105</i>
                        <i>-0.0242916 0.953671 0.299868 0.0132908 0.300238 -0.953772 -0.999617 -0.0191832 -0.0199683 -0.449096 2.12408 0.367231</i>
                        <i>-0.0360118 0.922494 0.384328 -0.00350864 0.384458 -0.923136 -0.999345 -0.0345923 -0.0106084 -0.449494 2.12356 0.367372</i>
                        <i>-0.0456787 0.889115 0.455399 -0.0229791 0.454819 -0.890288 -0.998692 -0.0511318 -0.000344503 -0.449648 2.123 0.367513</i>
                        <i>-0.053915 0.867187 0.495056 -0.0423617 0.493344 -0.868802 -0.997647 -0.0678128 0.0101369 -0.449599 2.12242 0.367641</i>
                        <i>-0.0617406 0.858282 0.50945 -0.0599143 0.506317 -0.860264 -0.996292 -0.0836366 0.0201631 -0.449394 2.12188 0.367748</i>
                        <i>-0.0686668 0.853694 0.516228 -0.0752056 0.511548 -0.855957 -0.994801 -0.0975991 0.0290762 -0.449084 2.12141 0.36783</i>
                        <i>-0.0745495 0.853335 0.516005 -0.0870053 0.509906 -0.855819 -0.993415 -0.108696 0.0362315 -0.448728 2.12103 0.367887</i>
                        <i>-0.0790659 0.856957 0.509286 -0.0941676 0.502181 -0.85962 -0.992412 -0.115925 0.0409922 -0.448383 2.12078 0.36792</i>
                        <i>-0.0816591 0.864192 0.496491 -0.095648 0.48906 -0.86699 -0.99206 -0.118286 0.0427221 -0.448108 2.12068 0.367931</i>
                        <i>-0.0820669 0.874203 0.478575 -0.0917034 0.471534 -0.877067 -0.992399 -0.115865 0.04147 -0.447918 2.12074 0.367923</i>
                        <i>-0.0804876 0.885756 0.457119 -0.0838563 0.450964 -0.888594 -0.993222 -0.109853 0.0379792 -0.447786 2.12091 0.367899</i>
                        <i>-0.0768876 0.897877 0.433481 -0.0730526 0.428526 -0.900571 -0.99436 -0.10091 0.0326439 -0.447698 2.12118 0.367859</i>
                        <i>-0.0713301 0.909697 0.409101 -0.0602168 0.40547 -0.912123 -0.995633 -0.0896966 0.0258568 -0.447644 2.12153 0.367802</i>
                        <i>-0.0640206 0.920485 0.385498 -0.0462174 0.383141 -0.922533 -0.996878 -0.0768778 0.0180135 -0.447609 2.12195 0.367726</i>
                        <i>-0.0554946 0.931584 0.359267 -0.0315402 0.358006 -0.933186 -0.997961 -0.0631182 0.00951488 -0.447585 2.1224 0.367634</i>
                        <i>-0.0461212 0.943687 0.32761 -0.0168059 0.327179 -0.944813 -0.998794 -0.0490817 0.000769602 -0.447563 2.12288 0.367527</i>
                        <i>-0.0361608 0.955395 0.293108 -0.0029263 0.293197 -0.956047 -0.999342 -0.0354292 -0.00780648 -0.447539 2.12335 0.367412</i>
                        <i>-0.026124 0.965665 0.258473 0.00935056 0.258786 -0.965889 -0.999615 -0.022816 -0.01579 -0.447512 2.12379 0.367296</i>
                        <i>-0.0167395 0.973862 0.226521 0.019464 0.226827 -0.97374 -0.99967 -0.011891 -0.0227523 -0.447483 2.12419 0.367187</i>
                        <i>-0.00888918 0.979729 0.200131 0.0270282 0.200301 -0.979361 -0.999595 -0.00329655 -0.0282608 -0.447457 2.1245 0.367096</i>
                        <i>-0.00352062 0.983256 0.182194 0.0317724 0.182214 -0.982745 -0.999489 0.0023289 -0.031882 -0.447439 2.12471 0.367034</i>
                        <i>-0.00154832 0.984463 0.175585 0.0334318 0.175537 -0.983905 -0.99944 0.0043467 -0.0331842 -0.447432 2.12478 0.367012</i>
                        <i>0.00490876 0.985235 0.17114 0.0363398 0.170853 -0.984626 -0.999327 0.0110525 -0.0349645 -0.445306 2.12085 0.36965</i>
                        <i>0.00887487 0.983813 0.17898 0.0361704 0.178554 -0.983265 -0.999306 0.0152001 -0.0340003 -0.442 2.11311 0.37469</i>
                        <i>0.0109717 0.980754 0.194939 0.0343009 0.194467 -0.980309 -0.999351 0.0174422 -0.0315071 -0.438106 2.10301 0.381087</i>
                        <i>0.011813 0.976588 0.214792 0.0318396 0.214331 -0.976242 -0.999423 0.0183713 -0.0285622 -0.434195 2.09209 0.387799</i>
                        <i>0.0119155 0.972101 0.234262 0.0295619 0.233834 -0.971827 -0.999492 0.018505 -0.0259509 -0.430804 2.08202 0.393807</i>
                        <i>0.0116992 0.968417 0.249063 0.0279456 0.248666 -0.968186 -0.999541 0.0182872 -0.0241538 -0.428427 2.0746 0.398122</i>
                        <i>0.0115409 0.966888 0.254939 0.0273231 0.254556 -0.966672 -0.99956 0.018122 -0.0234806 -0.42753 2.07172 0.399776</i>
                    </KeyFrames>
                </p>
            </i>
            <i>
                <p>
                    <Name><![CDATA[head_prop]]></Name>
                    <Exclude>0</Exclude>
                    <Additive>0</Additive>
                    <IKPriority>0</IKPriority>
                    <IKRotLimits>-1e+010 -1e+010 -1e+010 1e+010 1e+010 1e+010</IKRotLimits>
                    <IKRotLimitOrder>0</IKRotLimitOrder>
                    <KeyFrames count="40">
                        <i>0.99956 -0.018122 0.0234806 0.0115409 0.966888 0.254939 -0.0273231 -0.254556 0.966672 -0.423769 2.38684 0.482863</i>
                        <i>0.999542 -0.0184347 0.0239865 0.0118558 0.968165 0.250033 -0.0278322 -0.249635 0.96794 -0.424201 2.38901 0.480258</i>
                        <i>0.999495 -0.0191351 0.0253497 0.012579 0.971365 0.237261 -0.0291638 -0.236822 0.971115 -0.425431 2.39477 0.473372</i>
                        <i>0.998655 0.0402898 0.0326194 -0.046293 0.976302 0.211402 -0.0233291 -0.212628 0.976855 -0.442928 2.41291 0.458845</i>
                        <i>0.979958 0.192895 0.049729 -0.198572 0.96577 0.166904 -0.0158318 -0.173434 0.984718 -0.485606 2.44736 0.436579</i>
                        <i>0.916575 0.392487 0.076446 -0.398925 0.910644 0.10764 -0.0273679 -0.129156 0.991247 -0.543626 2.48995 0.413435</i>
                        <i>0.800305 0.587869 0.117991 -0.595565 0.802157 0.0429786 -0.0693812 -0.104667 0.992084 -0.607317 2.53307 0.397323</i>
                        <i>0.652347 0.734376 0.187444 -0.745831 0.665996 -0.0136063 -0.134829 -0.130926 0.982181 -0.667139 2.56943 0.397204</i>
                        <i>0.515192 0.801767 0.302897 -0.831949 0.552762 -0.0481127 -0.206005 -0.227207 0.951808 -0.713483 2.59144 0.422626</i>
                        <i>0.433428 0.764519 0.477127 -0.85644 0.514201 -0.0459233 -0.280448 -0.388726 0.877634 -0.736276 2.59029 0.48275</i>
                        <i>0.445215 0.759192 0.474775 -0.850302 0.52465 -0.0415818 -0.280659 -0.385189 0.879124 -0.731472 2.58898 0.47563</i>
                        <i>0.445215 0.759192 0.474775 -0.850302 0.52465 -0.0415818 -0.280659 -0.385189 0.879124 -0.731635 2.5887 0.475453</i>
                        <i>0.445215 0.759192 0.474775 -0.850302 0.52465 -0.0415818 -0.280659 -0.385189 0.879124 -0.732075 2.58793 0.474977</i>
                        <i>0.445216 0.759192 0.474775 -0.850302 0.52465 -0.0415818 -0.280659 -0.385189 0.879124 -0.732716 2.58681 0.474282</i>
                        <i>0.445215 0.759192 0.474775 -0.850302 0.52465 -0.0415817 -0.280659 -0.385189 0.879124 -0.733485 2.58547 0.473447</i>
                        <i>0.445215 0.759192 0.474775 -0.850302 0.52465 -0.0415818 -0.280659 -0.385189 0.879124 -0.734307 2.58403 0.472553</i>
                        <i>0.445215 0.759192 0.474775 -0.850302 0.52465 -0.0415818 -0.280659 -0.385189 0.879124 -0.735107 2.58262 0.471681</i>
                        <i>0.445215 0.759192 0.474775 -0.850302 0.52465 -0.0415818 -0.280659 -0.385189 0.879124 -0.735811 2.58137 0.470911</i>
                        <i>0.445215 0.759192 0.474775 -0.850302 0.52465 -0.0415818 -0.280659 -0.385189 0.879124 -0.736344 2.58042 0.470322</i>
                        <i>0.445215 0.759192 0.474775 -0.850302 0.52465 -0.0415818 -0.280659 -0.385189 0.879124 -0.736631 2.57988 0.469996</i>
                        <i>0.445215 0.759192 0.474775 -0.850302 0.52465 -0.0415817 -0.280659 -0.385189 0.879124 -0.736715 2.57969 0.469884</i>
                        <i>0.445215 0.759192 0.474775 -0.850302 0.52465 -0.0415818 -0.280659 -0.385189 0.879124 -0.736699 2.57966 0.469876</i>
                        <i>0.445215 0.759192 0.474775 -0.850302 0.52465 -0.0415817 -0.280659 -0.385189 0.879124 -0.736598 2.57977 0.469956</i>
                        <i>0.445215 0.759192 0.474775 -0.850302 0.52465 -0.0415817 -0.280659 -0.385189 0.879124 -0.736429 2.57999 0.470106</i>
                        <i>0.445215 0.759192 0.474775 -0.850302 0.52465 -0.0415818 -0.280659 -0.385189 0.879124 -0.736209 2.58029 0.470311</i>
                        <i>0.445215 0.759192 0.474775 -0.850302 0.52465 -0.0415818 -0.280659 -0.385189 0.879124 -0.735953 2.58066 0.470553</i>
                        <i>0.445215 0.759192 0.474775 -0.850302 0.52465 -0.0415817 -0.280659 -0.385189 0.879124 -0.735678 2.58106 0.470816</i>
                        <i>0.445215 0.759192 0.474775 -0.850302 0.52465 -0.0415818 -0.280659 -0.385189 0.879124 -0.735401 2.58147 0.471084</i>
                        <i>0.445215 0.759192 0.474775 -0.850302 0.52465 -0.0415818 -0.280659 -0.385189 0.879124 -0.735138 2.58186 0.471341</i>
                        <i>0.445215 0.759192 0.474775 -0.850302 0.52465 -0.0415818 -0.280659 -0.385189 0.879124 -0.734904 2.58221 0.471569</i>
                        <i>0.445215 0.759192 0.474775 -0.850302 0.52465 -0.0415817 -0.280659 -0.385189 0.879124 -0.734717 2.5825 0.471752</i>
                        <i>0.445215 0.759192 0.474775 -0.850302 0.52465 -0.0415818 -0.280659 -0.385189 0.879124 -0.734593 2.58268 0.471874</i>
                        <i>0.445215 0.759192 0.474775 -0.850302 0.52465 -0.0415817 -0.280659 -0.385189 0.879124 -0.734548 2.58275 0.471919</i>
                        <i>0.437842 0.763678 0.474437 -0.852807 0.519851 -0.0497509 -0.28463 -0.382821 0.878882 -0.729424 2.56773 0.47414</i>
                        <i>0.853191 0.472216 0.221533 -0.49871 0.862955 0.0812267 -0.152816 -0.179782 0.971764 -0.549057 2.51792 0.448559</i>
                        <i>0.999351 -0.0174422 0.0315071 0.0109717 0.980754 0.194939 -0.0343009 -0.194467 0.980309 -0.43453 2.42265 0.444619</i>
                        <i>0.999423 -0.0183713 0.0285622 0.011813 0.976588 0.214792 -0.0318396 -0.214331 0.976242 -0.430345 2.41037 0.457802</i>
                        <i>0.999492 -0.018505 0.0259509 0.0119155 0.972101 0.234262 -0.0295619 -0.233834 0.971827 -0.42692 2.39883 0.470155</i>
                        <i>0.999541 -0.0182872 0.0241538 0.0116992 0.968417 0.249063 -0.0279456 -0.248666 0.968186 -0.424614 2.39022 0.479294</i>
                        <i>0.99956 -0.018122 0.0234806 0.0115409 0.966888 0.254939 -0.0273231 -0.254556 0.966672 -0.423769 2.38684 0.482863</i>
                    </KeyFrames>
                </p>
            </i>
            <i>
                <p>
                    <Name><![CDATA[l_clav]]></Name>
                    <Exclude>0</Exclude>
                    <Additive>0</Additive>
                    <IKPriority>0</IKPriority>
                    <IKRotLimits>-1e+010 -1e+010 -1e+010 1e+010 1e+010 1e+010</IKRotLimits>
                    <IKRotLimitOrder>0</IKRotLimitOrder>
                    <KeyFrames count="40">
                        <i>0.985544 0.131418 -0.10692 0.0324039 0.473231 0.880342 0.166291 -0.871081 0.462131 -0.391753 1.96728 0.211026</i>
                        <i>0.986629 0.130282 -0.0979244 0.024304 0.476508 0.878834 0.161158 -0.869464 0.46697 -0.392243 1.96847 0.210344</i>
                        <i>0.98908 0.127902 -0.0732207 0.00199439 0.485163 0.874421 0.147364 -0.865019 0.47961 -0.393575 1.97168 0.208498</i>
                        <i>0.991373 0.12597 -0.0362049 -0.0315244 0.497281 0.867016 0.127222 -0.858395 0.496963 -0.39554 1.97634 0.205784</i>
                        <i>0.99197 0.126111 0.00955733 -0.0731982 0.510855 0.856545 0.103137 -0.850367 0.515984 -0.397931 1.98189 0.2025</i>
                        <i>0.989734 0.129619 0.060206 -0.119912 0.523929 0.843279 0.0777609 -0.841842 0.534093 -0.400532 1.98781 0.198941</i>
                        <i>0.984215 0.137328 0.111631 -0.16853 0.534739 0.828041 0.0540196 -0.833784 0.549442 -0.40313 1.9936 0.195398</i>
                        <i>0.975773 0.149607 0.15964 -0.215964 0.541824 0.812273 0.035025 -0.82707 0.561007 -0.405507 1.99881 0.192153</i>
                        <i>0.965515 0.16648 0.200162 -0.259244 0.544088 0.797973 0.0239403 -0.822346 0.568484 -0.407452 2.00301 0.189487</i>
                        <i>0.95503 0.187842 0.229421 -0.295549 0.540785 0.787529 0.0238641 -0.819919 0.571982 -0.408755 2.00579 0.18768</i>
                        <i>0.950957 0.206214 0.230557 -0.306749 0.532734 0.788733 0.0398222 -0.820775 0.569863 -0.409495 2.00678 0.186988</i>
