<?xml version="1.0" encoding="ISO-8859-1" ?>
<Animl Version="1">
    <ModellingPackage><![CDATA[Maya.2010]]></ModellingPackage>
    <SrcFile><![CDATA[anims\turrets\antitank\red\~src\at_rpg7\at_rpg7_aim_high_crewman_b.mb]]></SrcFile>
    <FramesPerSecond>30</FramesPerSecond>
    <TotalFrames>30</TotalFrames>
    <Skeleton>
        <RefFrame>
            <Name><![CDATA[soldier_ref_frame]]></Name>
            <Exclude>0</Exclude>
            <Additive>0</Additive>
            <IKPriority>0</IKPriority>
            <IKRotLimits>-1e+010 -1e+010 -1e+010 1e+010 1e+010 1e+010</IKRotLimits>
            <IKRotLimitOrder>0</IKRotLimitOrder>
            <KeyFrames count="30">
                <i>1 0 0 0 1 0 0 0 1 0.45 0.92 -2.55</i>
                <i>1 0 0 0 1 0 0 0 1 0.45 0.92 -2.55</i>
                <i>1 0 0 0 1 0 0 0 1 0.45 0.92 -2.55</i>
                <i>1 0 0 0 1 0 0 0 1 0.45 0.92 -2.55</i>
                <i>1 0 0 0 1 0 0 0 1 0.45 0.92 -2.55</i>
                <i>1 0 0 0 1 0 0 0 1 0.45 0.92 -2.55</i>
                <i>1 0 0 0 1 0 0 0 1 0.45 0.92 -2.55</i>
                <i>1 0 0 0 1 0 0 0 1 0.45 0.92 -2.55</i>
                <i>1 0 0 0 1 0 0 0 1 0.45 0.92 -2.55</i>
                <i>1 0 0 0 1 0 0 0 1 0.45 0.92 -2.55</i>
                <i>1 0 0 0 1 0 0 0 1 0.45 0.92 -2.55</i>
                <i>1 0 0 0 1 0 0 0 1 0.45 0.92 -2.55</i>
                <i>1 0 0 0 1 0 0 0 1 0.45 0.92 -2.55</i>
                <i>1 0 0 0 1 0 0 0 1 0.45 0.92 -2.55</i>
                <i>1 0 0 0 1 0 0 0 1 0.45 0.92 -2.55</i>
                <i>1 0 0 0 1 0 0 0 1 0.45 0.92 -2.55</i>
                <i>1 0 0 0 1 0 0 0 1 0.45 0.92 -2.55</i>
                <i>1 0 0 0 1 0 0 0 1 0.45 0.92 -2.55</i>
                <i>1 0 0 0 1 0 0 0 1 0.45 0.92 -2.55</i>
                <i>1 0 0 0 1 0 0 0 1 0.45 0.92 -2.55</i>
                <i>1 0 0 0 1 0 0 0 1 0.45 0.92 -2.55</i>
                <i>1 0 0 0 1 0 0 0 1 0.45 0.92 -2.55</i>
                <i>1 0 0 0 1 0 0 0 1 0.45 0.92 -2.55</i>
                <i>1 0 0 0 1 0 0 0 1 0.45 0.92 -2.55</i>
                <i>1 0 0 0 1 0 0 0 1 0.45 0.92 -2.55</i>
                <i>1 0 0 0 1 0 0 0 1 0.45 0.92 -2.55</i>
                <i>1 0 0 0 1 0 0 0 1 0.45 0.92 -2.55</i>
                <i>1 0 0 0 1 0 0 0 1 0.45 0.92 -2.55</i>
                <i>1 0 0 0 1 0 0 0 1 0.45 0.92 -2.55</i>
                <i>1 0 0 0 1 0 0 0 1 0.45 0.92 -2.55</i>
            </KeyFrames>
        </RefFrame>
        <Bones count="23">
            <i>
                <p>
                    <Name><![CDATA[pelvis]]></Name>
                    <Exclude>0</Exclude>
                    <Additive>0</Additive>
                    <IKPriority>0</IKPriority>
                    <IKRotLimits>-1e+010 -1e+010 -1e+010 1e+010 1e+010 1e+010</IKRotLimits>
                    <IKRotLimitOrder>2</IKRotLimitOrder>
                    <KeyFrames count="30">
                        <i>1 0 0 0 1 0 0 0 1 0.422983 1.84633 -2.5551</i>
                        <i>1 0 0 0 1 0 0 0 1 0.422983 1.84715 -2.5551</i>
                        <i>1 0 0 0 1 0 0 0 1 0.422985 1.84845 -2.55509</i>
                        <i>1 0 0 0 1 0 0 0 1 0.422987 1.84986 -2.55508</i>
                        <i>1 0 0 0 1 0 0 0 1 0.422989 1.85131 -2.55506</i>
                        <i>1 0 0 0 1 0 0 0 1 0.422992 1.85275 -2.55504</i>
                        <i>1 0 0 0 1 0 0 0 1 0.422995 1.85415 -2.55502</i>
                        <i>1 0 0 0 1 0 0 0 1 0.422998 1.85551 -2.55501</i>
                        <i>1 0 0 0 1 0 0 0 1 0.423001 1.85679 -2.55499</i>
                        <i>1 0 0 0 1 0 0 0 1 0.423005 1.85799 -2.55497</i>
                        <i>1 0 0 0 1 0 0 0 1 0.423007 1.85907 -2.55495</i>
                        <i>1 0 0 0 1 0 0 0 1 0.42301 1.86001 -2.55493</i>
                        <i>1 0 0 0 1 0 0 0 1 0.423012 1.86077 -2.55492</i>
                        <i>1 0 0 0 1 0 0 0 1 0.423013 1.8613 -2.55491</i>
                        <i>1 0 0 0 1 0 0 0 1 0.423013 1.8615 -2.55491</i>
                        <i>1 0 0 0 1 0 0 0 1 0.423013 1.86132 -2.55491</i>
                        <i>1 0 0 0 1 0 0 0 1 0.423012 1.86086 -2.55492</i>
                        <i>1 0 0 0 1 0 0 0 1 0.423011 1.86018 -2.55493</i>
                        <i>1 0 0 0 1 0 0 0 1 0.423009 1.85934 -2.55494</i>
                        <i>1 0 0 0 1 0 0 0 1 0.423007 1.85837 -2.55495</i>
                        <i>1 0 0 0 1 0 0 0 1 0.423005 1.85729 -2.55496</i>
                        <i>1 0 0 0 1 0 0 0 1 0.423003 1.85612 -2.55498</i>
                        <i>1 0 0 0 1 0 0 0 1 0.423 1.85489 -2.55499</i>
                        <i>1 0 0 0 1 0 0 0 1 0.422998 1.8536 -2.55501</i>
                        <i>1 0 0 0 1 0 0 0 1 0.422995 1.85227 -2.55503</i>
                        <i>1 0 0 0 1 0 0 0 1 0.422992 1.85093 -2.55504</i>
                        <i>1 0 0 0 1 0 0 0 1 0.422989 1.84958 -2.55506</i>
                        <i>1 0 0 0 1 0 0 0 1 0.422987 1.84827 -2.55507</i>
                        <i>1 0 0 0 1 0 0 0 1 0.422984 1.84708 -2.55509</i>
                        <i>1 0 0 0 1 0 0 0 1 0.422983 1.84633 -2.5551</i>
                    </KeyFrames>
                </p>
            </i>
            <i>
                <p>
                    <Name><![CDATA[spine0]]></Name>
                    <Exclude>0</Exclude>
                    <Additive>0</Additive>
                    <IKPriority>0</IKPriority>
                    <IKRotLimits>-1e+010 -1e+010 -1e+010 1e+010 1e+010 1e+010</IKRotLimits>
                    <IKRotLimitOrder>0</IKRotLimitOrder>
                    <KeyFrames count="30">
                        <i>-0.000498219 0.999985 -0.00541362 -0.951213 0.00119639 0.308533 0.308535 0.00530322 0.951198 0.416052 1.98401 -2.59622</i>
                        <i>0.00324094 0.999991 0.00277028 -0.951275 0.00222887 0.308335 0.308326 -0.0036346 0.951274 0.416401 1.98507 -2.59547</i>
                        <i>0.00697371 0.999921 0.0104553 -0.95133 0.00341271 0.308155 0.308095 -0.0120954 0.951279 0.416853 1.98658 -2.59479</i>
                        <i>0.0106028 0.999789 0.0175697 -0.951381 0.0046771 0.307982 0.307835 -0.019981 0.95123 0.417367 1.98819 -2.59418</i>
                        <i>0.0140603 0.999612 0.024054 -0.951429 0.00597562 0.307811 0.307548 -0.0272136 0.951143 0.417918 1.98981 -2.59363</i>
                        <i>0.0172773 0.999406 0.0298133 -0.951474 0.00727136 0.307643 0.307244 -0.0336818 0.951035 0.418488 1.9914 -2.59315</i>
                        <i>0.0201689 0.999194 0.034702 -0.951516 0.00852767 0.307482 0.306938 -0.0392211 0.950921 0.419059 1.99292 -2.59276</i>
                        <i>0.0226147 0.999003 0.038493 -0.951552 0.00969853 0.307334 0.306654 -0.0435783 0.950823 0.419611 1.99437 -2.59246</i>
                        <i>0.0244156 0.998869 0.0408103 -0.95158 0.0107079 0.307216 0.306431 -0.0463351 0.950764 0.42011 1.9957 -2.5923</i>
                        <i>0.0251126 0.998845 0.0409743 -0.951588 0.0113239 0.307167 0.306348 -0.0467044 0.950773 0.420442 1.9969 -2.59231</i>
                        <i>0.0241317 0.998958 0.0387437 -0.95157 0.0110712 0.307233 0.306484 -0.0442814 0.950845 0.420346 1.99793 -2.59245</i>
                        <i>0.0223173 0.999143 0.0348505 -0.951536 0.0105332 0.307356 0.306725 -0.0400209 0.950956 0.420125 1.99878 -2.59275</i>
                        <i>0.0199806 0.999355 0.0298344 -0.95149 0.00984292 0.307523 0.307031 -0.0345316 0.951073 0.419834 1.99942 -2.59318</i>
                        <i>0.0173588 0.999555 0.0242769 -0.951433 0.00904918 0.307724 0.307367 -0.0284395 0.951166 0.419495 1.99979 -2.59372</i>
                        <i>0.0144039 0.999735 0.0179586 -0.951369 0.00817529 0.307946 0.307717 -0.0215209 0.951234 0.419123 1.99981 -2.59432</i>
                        <i>0.0112055 0.999876 0.0111069 -0.951301 0.00723777 0.308178 0.30806 -0.0140193 0.951264 0.418731 1.99943 -2.59498</i>
                        <i>0.00784864 0.999961 0.00395023 -0.951233 0.00624784 0.30841 0.308374 -0.00617819 0.951245 0.418331 1.99876 -2.59564</i>
                        <i>0.00441454 0.999985 -0.0032879 -0.951168 0.00521379 0.308631 0.308643 0.00176488 0.951176 0.417935 1.99787 -2.59629</i>
                        <i>0.000985063 0.999946 -0.0103826 -0.951109 0.00414356 0.308828 0.308854 0.00957076 0.951061 0.417554 1.99684 -2.5969</i>
                        <i>-0.00234487 0.999851 -0.0170876 -0.95106 0.00305028 0.308992 0.308998 0.0169759 0.950911 0.4172 1.99569 -2.59742</i>
                        <i>-0.00536869 0.999722 -0.0229694 -0.951023 0.00199499 0.309114 0.309074 0.023504 0.950748 0.416883 1.99448 -2.59783</i>
                        <i>-0.00661461 0.999654 -0.0254554 -0.950995 0.00158096 0.309202 0.309136 0.0262532 0.950655 0.416614 1.99322 -2.59811</i>
                        <i>-0.00704672 0.999634 -0.0261109 -0.950987 0.00137337 0.309227 0.309149 0.0270102 0.95063 0.416408 1.99195 -2.59821</i>
                        <i>-0.00694216 0.999657 -0.0252645 -0.950997 0.00121016 0.309198 0.309122 0.0261729 0.950662 0.416253 1.99067 -2.59816</i>
                        <i>-0.00670402 0.999687 -0.024096 -0.951017 0.00107363 0.309136 0.309065 0.0249882 0.950713 0.416133 1.98939 -2.59802</i>
                        <i>-0.00615145 0.999738 -0.0220431 -0.951045 0.000962382 0.30905 0.308991 0.0228651 0.95079 0.416041 1.98811 -2.59781</i>
                        <i>-0.00531024 0.999802 -0.0192035 -0.951079 0.000882582 0.308947 0.308903 0.0199046 0.950885 0.415977 1.98685 -2.59753</i>
                        <i>-0.00418858 0.999869 -0.0156454 -0.951117 0.000848037 0.308829 0.308802 0.0161741 0.950989 0.415941 1.98565 -2.59719</i>
                        <i>-0.00272854 0.999932 -0.0113005 -0.95116 0.000893202 0.308697 0.308686 0.0115909 0.951093 0.415947 1.98458 -2.59678</i>
                        <i>-0.000498219 0.999985 -0.00541362 -0.951213 0.00119639 0.308533 0.308535 0.00530322 0.951198 0.416052 1.98401 -2.59622</i>
                    </KeyFrames>
                </p>
            </i>
            <i>
                <p>
                    <Name><![CDATA[spine1]]></Name>
                    <Exclude>0</Exclude>
                    <Additive>0</Additive>
                    <IKPriority>0</IKPriority>
                    <IKRotLimits>-1e+010 -1e+010 -1e+010 1e+010 1e+010 1e+010</IKRotLimits>
                    <IKRotLimitOrder>0</IKRotLimitOrder>
                    <KeyFrames count="30">
                        <i>-0.0895443 0.995711 -0.0232686 -0.910508 -0.0723684 0.407109 0.403679 0.0576405 0.913083 0.415969 2.15457 -2.59714</i>
                        <i>-0.0884014 0.995906 -0.0188758 -0.910703 -0.0731331 0.406536 0.403492 0.0531286 0.91344 0.416955 2.15556 -2.59499</i>
                        <i>-0.0877815 0.996043 -0.0139097 -0.910824 -0.0746014 0.405998 0.403354 0.0483084 0.913768 0.418043 2.157 -2.593</i>
                        <i>-0.0876454 0.996111 -0.0090177 -0.910894 -0.0764765 0.405492 0.403225 0.0437537 0.914054 0.419175 2.15853 -2.59118</i>
                        <i>-0.0879191 0.996118 -0.00438402 -0.910922 -0.0786171 0.405018 0.403102 0.0396024 0.914298 0.420315 2.16007 -2.58952</i>
                        <i>-0.0885598 0.996071 -0.000147582 -0.910912 -0.0809285 0.404585 0.402984 0.0359644 0.9145 0.421432 2.16159 -2.58807</i>
                        <i>-0.0895479 0.995976 0.00353876 -0.910864 -0.0833317 0.404206 0.402875 0.0329725 0.914661 0.422496 2.16306 -2.58684</i>
                        <i>-0.0908794 0.995841 0.00646793 -0.910775 -0.0857397 0.403904 0.402778 0.0308157 0.914779 0.423464 2.16446 -2.5859</i>
                        <i>-0.0925439 0.995674 0.00831058 -0.910642 -0.0880102 0.403715 0.4027 0.0297934 0.914847 0.42427 2.16578 -2.58534</i>
                        <i>-0.094247 0.995513 0.00839367 -0.91049 -0.0896016 0.403707 0.402648 0.0304058 0.91485 0.42472 2.16699 -2.58532</i>
                        <i>-0.0947561 0.995481 0.0062076 -0.910446 -0.0891805 0.403901 0.402629 0.0326203 0.914782 0.424458 2.16807 -2.58585</i>
                        <i>-0.0952784 0.995447 0.00286828 -0.910383 -0.0883014 0.404236 0.402648 0.0359037 0.91465 0.423928 2.16897 -2.58681</i>
                        <i>-0.095773 0.995403 -0.00070687 -0.910289 -0.0872964 0.404664 0.402742 0.0393993 0.914465 0.42324 2.16967 -2.58809</i>
                        <i>-0.0959009 0.995386 -0.00323708 -0.910172 -0.0863735 0.405126 0.402976 0.0417982 0.914255 0.422455 2.1701 -2.58957</i>
                        <i>-0.0961818 0.995344 -0.00636065 -0.910037 -0.0853463 0.405645 0.403214 0.0448041 0.914008 0.42158 2.17018 -2.59126</i>
                        <i>-0.0965885 0.995275 -0.0099417 -0.909894 -0.0842452 0.406196 0.403439 0.0482797 0.913732 0.420643 2.16986 -2.59308</i>
                        <i>-0.0970762 0.995181 -0.0137967 -0.909752 -0.0831039 0.406749 0.403642 0.0520373 0.913436 0.419671 2.16925 -2.59497</i>
                        <i>-0.0975978 0.995068 -0.0177418 -0.909619 -0.0819552 0.407279 0.403816 0.0558878 0.913132 0.418689 2.16842 -2.59685</i>
                        <i>-0.0981054 0.994942 -0.0215953 -0.909504 -0.0808303 0.407761 0.403953 0.0596446 0.912833 0.417724 2.16742 -2.59866</i>
                        <i>-0.0985466 0.994814 -0.0251734 -0.909413 -0.079758 0.408174 0.40405 0.0631172 0.912557 0.416801 2.1663 -2.60033</i>
                        <i>-0.0988266 0.994704 -0.0282262 -0.909356 -0.0787553 0.408497 0.404111 0.066038 0.912323 0.415968 2.16509 -2.60175</i>
                        <i>-0.0983368 0.994712 -0.0296236 -0.909351 -0.0777263 0.408705 0.404242 0.067129 0.912185 0.415487 2.16383 -2.60245</i>
                        <i>-0.0975239 0.994777 -0.0301427 -0.909398 -0.0767672 0.408782 0.404333 0.0672778 0.912134 0.415207 2.16254 -2.60266</i>
                        <i>-0.0963063 0.994921 -0.0292937 -0.909487 -0.0760023 0.408725 0.404423 0.0660051 0.912187 0.41507 2.16124 -2.60247</i>
                        <i>-0.0957648 0.994934 -0.0305895 -0.909616 -0.0749894 0.408626 0.404262 0.0669567 0.912189 0.41499 2.15997 -2.60213</i>
                        <i>-0.0949495 0.995002 -0.0309219 -0.909766 -0.0741223 0.40845 0.404117 0.0669139 0.912257 0.414993 2.1587 -2.60156</i>
                        <i>-0.0938523 0.995127 -0.0302432 -0.909931 -0.0734113 0.408211 0.404001 0.0658307 0.912387 0.415072 2.15745 -2.6008</i>
                        <i>-0.0925378 0.995295 -0.0287196 -0.910109 -0.0728471 0.407915 0.403904 0.0638855 0.912568 0.415228 2.15625 -2.59985</i>
                        <i>-0.0910656 0.995494 -0.0264332 -0.910299 -0.0724502 0.407562 0.403811 0.0611771 0.912795 0.415483 2.15517 -2.5987</i>
                        <i>-0.0895443 0.995711 -0.0232686 -0.910508 -0.0723684 0.407109 0.403679 0.0576405 0.913083 0.415969 2.15457 -2.59714</i>
                    </KeyFrames>
                </p>
            </i>
            <i>
                <p>
                    <Name><![CDATA[spine2]]></Name>
                    <Exclude>0</Exclude>
                    <Additive>0</Additive>
                    <IKPriority>0</IKPriority>
                    <IKRotLimits>-1e+010 -1e+010 -1e+010 1e+010 1e+010 1e+010</IKRotLimits>
                    <IKRotLimitOrder>0</IKRotLimitOrder>
                    <KeyFrames count="30">
                        <i>-0.0632135 0.996685 0.0512191 -0.857824 -0.0804917 0.507602 0.510042 -0.0118496 0.860068 0.401988 2.31113 -2.60085</i>
                        <i>-0.0669112 0.996646 0.0471127 -0.857811 -0.0815781 0.50745 0.509591 -0.00645973 0.860392 0.403159 2.31208 -2.59801</i>
                        <i>-0.070429 0.996521 0.0445685 -0.857704 -0.0833089 0.507349 0.509297 -0.00249453 0.860587 0.404349 2.31348 -2.59524</i>
                        <i>-0.0739363 0.996354 0.0425667 -0.857536 -0.0853082 0.507302 0.509084 0.00100557 0.860716 0.405507 2.31498 -2.59265</i>
                        <i>-0.0773965 0.996161 0.0409037 -0.85732 -0.0874398 0.507304 0.508933 0.00419598 0.860796 0.406608 2.31648 -2.59027</i>
                        <i>-0.0807539 0.995951 0.0394984 -0.857066 -0.0896139 0.507353 0.508838 0.00711791 0.860833 0.407627 2.31797 -2.58815</i>
                        <i>-0.0839384 0.995734 0.0383145 -0.856783 -0.091751 0.507449 0.508799 0.00976719 0.86083 0.408537 2.31941 -2.58634</i>
                        <i>-0.0868508 0.995521 0.0373387 -0.856481 -0.0937588 0.507592 0.50882 0.0121049 0.860788 0.409297 2.32079 -2.58494</i>
                        <i>-0.0893201 0.995331 0.0365723 -0.856177 -0.0954904 0.507782 0.508904 0.0140428 0.860709 0.409841 2.32209 -2.58409</i>
                        <i>-0.0908391 0.995215 0.0359846 -0.855942 -0.0964945 0.507988 0.50903 0.0153444 0.860612 0.410023 2.3233 -2.58406</i>
                        <i>-0.0903774 0.995273 0.0355423 -0.855965 -0.095871 0.508067 0.509073 0.0154948 0.860584 0.409679 2.32438 -2.58493</i>
                        <i>-0.0891461 0.995387 0.0354708 -0.856036 -0.0947741 0.508154 0.509172 0.0149357 0.860535 0.409065 2.3253 -2.58642</i>
                        <i>-0.0872305 0.995522 0.0364313 -0.856111 -0.0936141 0.508243 0.509378 0.0131451 0.860443 0.408297 2.32602 -2.58826</i>
                        <i>-0.0843034 0.995644 0.0398352 -0.856174 -0.0928302 0.50828 0.509764 0.0087439 0.86027 0.40749 2.32646 -2.59014</i>
                        <i>-0.0811828 0.995762 0.0432209 -0.856238 -0.0918723 0.508347 0.510163 0.00426164 0.860067 0.406568 2.32655 -2.59231</i>
                        <i>-0.0779052 0.995871 0.046611 -0.856304 -0.0907839 0.508431 0.510563 -0.000303674 0.85984 0.405563 2.32626 -2.5947</i>
                        <i>-0.0744666 0.995963 0.0501277 -0.856375 -0.0896239 0.508518 0.510957 -0.00506053 0.859591 0.404511 2.32567 -2.59719</i>
                        <i>-0.0708523 0.996029 0.053911 -0.856453 -0.0884516 0.50859 0.511339 -0.0101375 0.859319 0.403444 2.32485 -2.59969</i>
                        <i>-0.0670505 0.996057 0.0580936 -0.856544 -0.0873244 0.508633 0.5117 -0.0156556 0.859021 0.402394 2.32387 -2.60211</i>
                        <i>-0.0630771 0.996034 0.0627557 -0.856647 -0.0862968 0.508635 0.512033 -0.0216763 0.858692 0.401399 2.32277 -2.60434</i>
                        <i>-0.0591625 0.995957 0.0676039 -0.856757 -0.0854165 0.508597 0.512315 -0.0278302 0.858346 0.400519 2.32157 -2.60624</i>
                        <i>-0.0578946 0.995982 0.0683278 -0.856782 -0.0847 0.508676 0.512419 -0.0290924 0.858242 0.400114 2.32031 -2.60716</i>
                        <i>-0.0574314 0.996027 0.0680551 -0.856804 -0.0841633 0.508727 0.512434 -0.029093 0.858234 0.399964 2.31902 -2.60745</i>
                        <i>-0.0570014 0.996037 0.0682689 -0.856865 -0.0839012 0.508668 0.51238 -0.0295025 0.858252 0.40002 2.31772 -2.60713</i>
                        <i>-0.0580134 0.996243 0.0642958 -0.856998 -0.0827313 0.508636 0.512045 -0.0255937 0.858577 0.400025 2.31646 -2.60699</i>
                        <i>-0.0589733 0.996405 0.0608168 -0.857153 -0.0817703 0.508529 0.511674 -0.0221397 0.858894 0.400156 2.3152 -2.60648</i>
                        <i>-0.0598082 0.99652 0.0580631 -0.857321 -0.0810738 0.508358 0.511296 -0.0193748 0.859186 0.400408 2.31397 -2.60561</i>
                        <i>-0.0606018 0.996599 0.0558365 -0.857496 -0.0806125 0.508136 0.510909 -0.0170856 0.859465 0.400772 2.31278 -2.60442</i>
                        <i>-0.061505 0.996651 0.0538812 -0.857671 -0.0803852 0.507877 0.510508 -0.0149754 0.859743 0.40126 2.31172 -2.60291</i>
                        <i>-0.0632135 0.996685 0.0512191 -0.857824 -0.0804917 0.507602 0.510042 -0.0118496 0.860068 0.401988 2.31113 -2.60085</i>
                    </KeyFrames>
                </p>
            </i>
            <i>
                <p>
                    <Name><![CDATA[head]]></Name>
                    <Exclude>0</Exclude>
                    <Additive>0</Additive>
                    <IKPriority>0</IKPriority>
                    <IKRotLimits>-1e+010 -1e+010 -1e+010 1e+010 1e+010 1e+010</IKRotLimits>
                    <IKRotLimitOrder>0</IKRotLimitOrder>
                    <KeyFrames count="30">
                        <i>-0.0544665 0.998473 0.00923914 -0.0625394 0.00582348 -0.998026 -0.996555 -0.0549368 0.0621267 0.383552 2.56751 -2.59596</i>
                        <i>-0.0600477 0.99819 0.00345004 -0.0617233 -0.000263348 -0.998093 -0.996285 -0.0601461 0.0616273 0.38352 2.56834 -2.59467</i>
                        <i>-0.064942 0.997886 -0.00240528 -0.0609188 -0.00637041 -0.998122 -0.996028 -0.0646735 0.0612037 0.383634 2.56959 -2.59303</i>
                        <i>-0.0694121 0.997555 -0.00807875 -0.0601233 -0.0122668 -0.998116 -0.995775 -0.0687956 0.0608277 0.383774 2.57094 -2.59139</i>
                        <i>-0.0734863 0.997204 -0.0135539 -0.0593428 -0.0179389 -0.998076 -0.995529 -0.0725407 0.0604952 0.383916 2.57231 -2.58986</i>
                        <i>-0.0771423 0.996842 -0.0188348 -0.0585881 -0.0233907 -0.998008 -0.995297 -0.0758852 0.0602075 0.384046 2.57367 -2.58847</i>
                        <i>-0.0803255 0.99648 -0.0239904 -0.0578692 -0.0286897 -0.997912 -0.995087 -0.0787695 0.05997 0.384152 2.57499 -2.5873</i>
                        <i>-0.0829764 0.996106 -0.029785 -0.057145 -0.0345949 -0.997766 -0.994912 -0.081089 0.0597931 0.38422 2.57627 -2.58642</i>
                        <i>-0.0852326 0.995481 -0.04187 -0.055964 -0.0467397 -0.997338 -0.994788 -0.0826625 0.0596949 0.38423 2.5775 -2.58595</i>
                        <i>-0.086431 0.994754 -0.0547185 -0.0548479 -0.0595919 -0.996715 -0.994747 -0.0831459 0.0597107 0.384146 2.57869 -2.58611</i>
                        <i>-0.0862247 0.994071 -0.0662491 -0.054045 -0.0710659 -0.996006 -0.994809 -0.0822999 0.0598521 0.383972 2.57981 -2.58696</i>
                        <i>-0.0850702 0.993432 -0.0765177 -0.0535181 -0.0812411 -0.995257 -0.994937 -0.0805716 0.0600779 0.383747 2.58081 -2.58823</i>
                        <i>-0.0830323 0.992919 -0.084956 -0.0533023 -0.0895534 -0.994555 -0.99512 -0.0780518 0.0603608 0.383567 2.58163 -2.58954</i>
                        <i>-0.0798409 0.992719 -0.0901886 -0.053511 -0.0946155 -0.994075 -0.99537 -0.0745417 0.0606756 0.383627 2.58218 -2.59021</i>
                        <i>-0.0762898 0.992596 -0.0945151 -0.0539163 -0.0987594 -0.99365 -0.995627 -0.0707095 0.0610515 0.383641 2.58241 -2.59115</i>
                        <i>-0.0724219 0.992567 -0.0978028 -0.0545039 -0.101852 -0.993305 -0.995884 -0.0666064 0.0614752 0.38363 2.58224 -2.59226</i>
                        <i>-0.0682316 0.992667 -0.0997772 -0.0552689 -0.103618 -0.99308 -0.996137 -0.0622449 0.0619336 0.383629 2.58177 -2.59342</i>
                        <i>-0.0636972 0.992938 -0.100089 -0.0562084 -0.103703 -0.993019 -0.996385 -0.0576267 0.062417 0.383675 2.58108 -2.59449</i>
                        <i>-0.058795 0.993417 -0.0983115 -0.057317 -0.101679 -0.993165 -0.996623 -0.0527582 0.062918 0.383801 2.5802 -2.59534</i>
                        <i>-0.0535346 0.994136 -0.0939505 -0.0585785 -0.0970499 -0.993554 -0.996846 -0.0476861 0.0634306 0.384037 2.57917 -2.59586</i>
                        <i>-0.0482489 0.995054 -0.0868264 -0.0599037 -0.0896538 -0.99417 -0.997037 -0.0427664 0.0639331 0.384364 2.57802 -2.59602</i>
                        <i>-0.0469731 0.995556 -0.081616 -0.0604911 -0.0843913 -0.994595 -0.997063 -0.0417822 0.0641864 0.384263 2.57678 -2.59663</i>
                        <i>-0.0466933 0.996218 -0.0732823 -0.060987 -0.0760686 -0.995236 -0.997046 -0.0420016 0.0643082 0.384144 2.57548 -2.59698</i>
                        <i>-0.0464506 0.997012 -0.0617255 -0.0614812 -0.0645285 -0.99602 -0.997027 -0.0424708 0.0642948 0.384195 2.57417 -2.59666</i>
                        <i>-0.0475996 0.997492 -0.0523876 -0.0615913 -0.0552782 -0.99657 -0.996966 -0.0442097 0.064068 0.383807 2.57293 -2.59764</i>
                        <i>-0.0487156 0.997963 -0.0411902 -0.0617468 -0.0441694 -0.997114 -0.996902 -0.0460316 0.0637726 0.383542 2.57169 -2.59816</i>
                        <i>-0.0497336 0.998361 -0.0283112 -0.0619744 -0.0313764 -0.997584 -0.996838 -0.0478589 0.0634333 0.383419 2.57045 -2.59817</i>
                        <i>-0.0507554 0.998607 -0.0143903 -0.0622511 -0.0175442 -0.997906 -0.996769 -0.0497533 0.0630549 0.383407 2.56925 -2.59776</i>
                        <i>-0.0519868 0.998648 -0.000436947 -0.062526 -0.00369161 -0.998036 -0.996688 -0.0518574 0.0626334 0.383478 2.56817 -2.59699</i>
                        <i>-0.0544665 0.998473 0.00923914 -0.0625394 0.00582348 -0.998026 -0.996555 -0.0549368 0.0621267 0.383552 2.56751 -2.59596</i>
                    </KeyFrames>
                </p>
            </i>
            <i>
                <p>
                    <Name><![CDATA[head_prop]]></Name>
                    <Exclude>0</Exclude>
                    <Additive>0</Additive>
                    <IKPriority>0</IKPriority>
                    <IKRotLimits>-1e+010 -1e+010 -1e+010 1e+010 1e+010 1e+010</IKRotLimits>
                    <IKRotLimitOrder>0</IKRotLimitOrder>
                    <KeyFrames count="30">
                        <i>0.996555 0.0549368 -0.0621267 -0.0544665 0.998473 0.00923914 0.0625394 -0.00582348 0.998026 0.3658 2.89292 -2.59295</i>
                        <i>0.996285 0.0601461 -0.0616273 -0.0600477 0.99819 0.00345004 0.0617233 0.000263348 0.998093 0.36395 2.89365 -2.59355</i>
                        <i>0.996028 0.0646735 -0.0612037 -0.064942 0.997886 -0.00240528 0.0609188 0.00637041 0.998122 0.362468 2.89481 -2.59381</i>
                        <i>0.995775 0.0687956 -0.0608277 -0.0694121 0.997555 -0.00807875 0.0601233 0.0122668 0.998116 0.361152 2.89605 -2.59403</i>
                        <i>0.995529 0.0725407 -0.0604952 -0.0734863 0.997204 -0.0135539 0.0593428 0.0179389 0.998076 0.359967 2.89731 -2.59427</i>
                        <i>0.995297 0.0758852 -0.0602075 -0.0771423 0.996842 -0.0188348 0.0585881 0.0233907 0.998008 0.358905 2.89855 -2.59461</i>
                        <i>0.995087 0.0787695 -0.05997 -0.0803255 0.99648 -0.0239904 0.0578692 0.0286897 0.997912 0.357974 2.89975 -2.59512</i>
                        <i>0.994912 0.081089 -0.0597931 -0.0829764 0.996106 -0.029785 0.057145 0.0345949 0.997766 0.357177 2.90091 -2.59612</i>
                        <i>0.994788 0.0826625 -0.0596949 -0.0852326 0.995481 -0.04187 0.055964 0.0467397 0.997338 0.356452 2.90194 -2.5996</i>
                        <i>0.994747 0.0831459 -0.0597107 -0.086431 0.994754 -0.0547185 0.0548479 0.0595919 0.996715 0.355977 2.90289 -2.60395</i>
                        <i>0.994809 0.0822999 -0.0598521 -0.0862247 0.994071 -0.0662491 0.054045 0.0710659 0.996006 0.355871 2.90378 -2.60855</i>
                        <i>0.994937 0.0805716 -0.0600779 -0.0850702 0.993432 -0.0765177 0.0535181 0.0812411 0.995257 0.356022 2.90457 -2.61317</i>
                        <i>0.99512 0.0780518 -0.0603608 -0.0830323 0.992919 -0.084956 0.0533023 0.0895534 0.994555 0.356506 2.90523 -2.61723</i>
                        <i>0.99537 0.0745417 -0.0606756 -0.0798409 0.992719 -0.0901886 0.053511 0.0946155 0.994075 0.357607 2.90572 -2.61961</i>
                        <i>0.995627 0.0707095 -0.0610515 -0.0762898 0.992596 -0.0945151 0.0539163 0.0987594 0.99365 0.358777 2.9059 -2.62196</i>
                        <i>0.995884 0.0666064 -0.0614752 -0.0724219 0.992567 -0.0978028 0.0545039 0.101852 0.993305 0.360027 2.90573 -2.62414</i>
                        <i>0.996137 0.0622449 -0.0619336 -0.0682316 0.992667 -0.0997772 0.0552689 0.103618 0.99308 0.361392 2.90529 -2.62594</i>
                        <i>0.996385 0.0576267 -0.062417 -0.0636972 0.992938 -0.100089 0.0562084 0.103703 0.993019 0.362915 2.90468 -2.62711</i>
                        <i>0.996623 0.0527582 -0.062918 -0.058795 0.993417 -0.0983115 0.057317 0.101679 0.993165 0.364639 2.90396 -2.62738</i>
                        <i>0.996846 0.0476861 -0.0634306 -0.0535346 0.994136 -0.0939505 0.0585785 0.0970499 0.993554 0.36659 2.90317 -2.62648</i>
                        <i>0.997037 0.0427664 -0.0639331 -0.0482489 0.995054 -0.0868264 0.0599037 0.0896538 0.99417 0.368639 2.90232 -2.62431</i>
                        <i>0.997063 0.0417822 -0.0641864 -0.0469731 0.995556 -0.081616 0.0604911 0.0843913 0.994595 0.368954 2.90124 -2.62323</i>
                        <i>0.997046 0.0420016 -0.0643082 -0.0466933 0.996218 -0.0732823 0.060987 0.0760686 0.995236 0.368926 2.90015 -2.62087</i>
                        <i>0.997027 0.0424708 -0.0642948 -0.0464506 0.997012 -0.0617255 0.0614812 0.0645285 0.99602 0.369057 2.8991 -2.61677</i>
                        <i>0.996966 0.0442097 -0.064068 -0.0475996 0.997492 -0.0523876 0.0615913 0.0552782 0.99657 0.368294 2.89802 -2.61471</i>
                        <i>0.996902 0.0460316 -0.0637726 -0.0487156 0.997963 -0.0411902 0.0617468 0.0441694 0.997114 0.367665 2.89693 -2.61158</i>
                        <i>0.996838 0.0478589 -0.0634333 -0.0497336 0.998361 -0.0283112 0.0619744 0.0313764 0.997584 0.36721 2.89583 -2.60739</i>
                        <i>0.996769 0.0497533 -0.0630549 -0.0507554 0.998607 -0.0143903 0.0622511 0.0175442 0.997906 0.366865 2.89471 -2.60245</i>
                        <i>0.996688 0.0518574 -0.0626334 -0.0519868 0.998648 -0.000436947 0.062526 0.00369161 0.998036 0.366535 2.89363 -2.59714</i>
                        <i>0.996555 0.0549368 -0.0621267 -0.0544665 0.998473 0.00923914 0.0625394 -0.00582348 0.998026 0.3658 2.89292 -2.59295</i>
                    </KeyFrames>
                </p>
            </i>
            <i>
                <p>
                    <Name><![CDATA[l_clav]]></Name>
                    <Exclude>0</Exclude>
                    <Additive>0</Additive>
                    <IKPriority>0</IKPriority>
                    <IKRotLimits>-1e+010 -1e+010 -1e+010 1e+010 1e+010 1e+010</IKRotLimits>
                    <IKRotLimitOrder>0</IKRotLimitOrder>
                    <KeyFrames count="30">
                        <i>0.630298 0.678261 -0.377739 -0.654814 0.725836 0.210669 0.417065 0.114564 0.901627 0.487436 2.37581 -2.61244</i>
                        <i>0.637571 0.666028 -0.387181 -0.647377 0.735627 0.199389 0.41762 0.123527 0.900186 0.488515 2.3771 -2.60953</i>
                        <i>0.644846 0.65471 -0.394371 -0.640007 0.744598 0.189643 0.417809 0.13011 0.89917 0.489581 2.37879 -2.60663</i>
                        <i>0.651744 0.644107 -0.400444 -0.632969 0.7528 0.180672 0.417827 0.135717 0.898333 0.490583 2.38055 -2.60388</i>
                        <i>0.658154 0.634276 -0.40562 -0.626376 0.760215 0.172413 0.417716 0.140596 0.897634 0.491505 2.38229 -2.60135</i>
                        <i>0.663972 0.625353 -0.40997 -0.62035 0.766787 0.164932 0.4175 0.144814 0.897063 0.492329 2.38399 -2.59909</i>
                        <i>0.669065 0.617553 -0.413497 -0.615058 0.772411 0.158383 0.4172 0.148356 0.896624 0.493032 2.38562 -2.59715</i>
                        <i>0.673239 0.61121 -0.416138 -0.610741 0.776905 0.15302 0.416827 0.151134 0.896334 0.49358 2.38714 -2.59565</i>
                        <i>0.676186 0.606868 -0.417713 -0.607785 0.779948 0.149264 0.416378 0.152949 0.896234 0.493916 2.38854 -2.59474</i>
                        <i>0.677412 0.605553 -0.417634 -0.60689 0.780905 0.147892 0.415689 0.153274 0.896499 0.493935 2.38978 -2.59472</i>
                        <i>0.67681 0.60794 -0.415135 -0.608414 0.779414 0.149484 0.41444 0.151402 0.897395 0.493592 2.3908 -2.5957</i>
                        <i>0.674749 0.612594 -0.411634 -0.61145 0.776339 0.15306 0.413331 0.148416 0.898404 0.493016 2.39162 -2.59733</i>
                        <i>0.671761 0.618935 -0.40701 -0.615346 0.772142 0.158572 0.412416 0.14393 0.899554 0.492315 2.39217 -2.5993</i>
                        <i>0.668333 0.626805 -0.400558 -0.619471 0.767097 0.166785 0.411809 0.136666 0.900964 0.49163 2.39237 -2.60118</i>
                        <i>0.66425 0.635447 -0.393674 -0.624214 0.761272 0.175562 0.411253 0.12912 0.90233 0.490831 2.39221 -2.60338</i>
                        <i>0.659632 0.644674 -0.386369 -0.629427 0.754772 0.184775 0.41074 0.121308 0.903646 0.489949 2.39165 -2.60582</i>
                        <i>0.654589 0.654357 -0.37859 -0.634971 0.747675 0.194408 0.410275 0.113136 0.904917 0.489019 2.39077 -2.60837</i>
                        <i>0.649219 0.664389 -0.370273 -0.640722 0.740046 0.20447 0.409867 0.104496 0.90614 0.488076 2.38965 -2.61094</i>
                        <i>0.643618 0.674657 -0.361377 -0.64656 0.731953 0.214953 0.409531 0.0953044 0.907304 0.487154 2.38835 -2.61341</i>
                        <i>0.63791 0.684974 -0.351968 -0.652344 0.723522 0.22575 0.40929 0.0855962 0.908381 0.48629 2.3869 -2.61568</i>
                        <i>0.632503 0.69458 -0.342781 -0.657678 0.715373 0.236013 0.409146 0.0761603 0.909285 0.485542 2.38538 -2.61759</i>
                        <i>0.630626 0.697009 -0.341304 -0.659328 0.713145 0.238141 0.409386 0.0748535 0.909285 0.485224 2.38406 -2.61856</i>
                        <i>0.629907 0.697132 -0.34238 -0.659596 0.712918 0.238078 0.410061 0.0758659 0.908897 0.485147 2.38278 -2.61888</i>
                        <i>0.62961 0.696595 -0.344015 -0.659328 0.713301 0.237673 0.410948 0.0771777 0.908386 0.485292 2.38151 -2.61852</i>
                        <i>0.628702 0.694945 -0.348976 -0.659793 0.714212 0.233611 0.41159 0.08338 0.907547 0.485307 2.38038 -2.61855</i>
                        <i>0.628057 0.692924 -0.35412 -0.659928 0.715426 0.229479 0.412358 0.089568 0.906608 0.48546 2.37926 -2.61814</i>
                        <i>0.62774 0.690572 -0.359238 -0.659655 0.716941 0.2255 0.413276 0.0954181 0.905593 0.485749 2.37816 -2.61732</i>
                        <i>0.627784 0.687786 -0.364469 -0.658945 0.718838 0.221505 0.414342 0.101108 0.904488 0.48616 2.37711 -2.61612</i>
                        <i>0.628331 0.684263 -0.370114 -0.65765 0.721348 0.217149 0.415568 0.106964 0.903251 0.486694 2.3762 -2.61456</i>
                        <i>0.630298 0.678261 -0.377739 -0.654814 0.725836 0.210669 0.417065 0.114564 0.901627 0.487436 2.37581 -2.61244</i>
                    </KeyFrames>
                </p>
            </i>
            <i>
                <p>
                    <Name><![CDATA[l_shoulder]]></Name>
                    <Exclude>0</Exclude>
                    <Additive>0</Additive>
                    <IKPriority>0</IKPriority>
                    <IKRotLimits>-1e+010 -1e+010 -1e+010 1e+010 1e+010 1e+010</IKRotLimits>
                    <IKRotLimitOrder>0</IKRotLimitOrder>
                    <KeyFrames count="30">
                        <i>0.827556 -0.388614 0.40513 0.559332 0.509146 -0.654154 0.0479432 0.767951 0.638711 0.61197 2.50982 -2.68707</i>
                        <i>0.827799 -0.387791 0.405421 0.559069 0.509916 -0.653779 0.0467986 0.767856 0.638911 0.614486 2.5087 -2.68603</i>
                        <i>0.828058 -0.388513 0.4042 0.55864 0.510899 -0.653378 0.0473403 0.766837 0.640093 0.616989 2.50815 -2.68455</i>
                        <i>0.828334 -0.389618 0.402568 0.558147 0.511944 -0.652982 0.0483213 0.765579 0.641524 0.619354 2.50781 -2.683</i>
                        <i>0.828615 -0.390879 0.400763 0.557627 0.513013 -0.652587 0.049486 0.764219 0.643055 0.621542 2.50761 -2.68149</i>
                        <i>0.828881 -0.392222 0.398897 0.557121 0.514096 -0.652166 0.0507228 0.762802 0.64464 0.623516 2.50755 -2.68009</i>
                        <i>0.829102 -0.39363 0.397045 0.556677 0.515194 -0.651679 0.0519656 0.761334 0.646273 0.625225 2.50763 -2.67885</i>
                        <i>0.829241 -0.395123 0.395269 0.556357 0.516318 -0.651062 0.0531649 0.759798 0.647982 0.626597 2.5079 -2.67787</i>
                        <i>0.829237 -0.396761 0.393633 0.556255 0.517492 -0.650217 0.054279 0.758144 0.649824 0.627515 2.50845 -2.67727</i>
                        <i>0.828997 -0.398717 0.39216 0.556509 0.518756 -0.648991 0.0553285 0.756252 0.651937 0.627777 2.50942 -2.67723</i>
                        <i>0.828486 -0.40122 0.390682 0.557144 0.520051 -0.647408 0.0565788 0.754035 0.654393 0.627315 2.51092 -2.67772</i>
                        <i>0.827804 -0.403734 0.389537 0.558052 0.52129 -0.645627 0.0576002 0.751835 0.656831 0.626332 2.51265 -2.67866</i>
                        <i>0.827065 -0.406269 0.388471 0.559029 0.522267 -0.643991 0.0587479 0.749788 0.659065 0.625041 2.51446 -2.67972</i>
                        <i>0.826392 -0.409203 0.386818 0.559783 0.522617 -0.643051 0.0609807 0.747947 0.660952 0.623678 2.51621 -2.68032</i>
                        <i>0.825766 -0.411423 0.385801 0.560531 0.522743 -0.642297 0.0625809 0.74664 0.662279 0.622072 2.51776 -2.68116</i>
                        <i>0.825239 -0.412836 0.385418 0.561193 0.522552 -0.641873 0.0635875 0.745993 0.662911 0.620278 2.51902 -2.68216</i>
                        <i>0.824813 -0.413715 0.385387 0.561735 0.522073 -0.641789 0.0643175 0.745842 0.663011 0.618352 2.52005 -2.68317</i>
                        <i>0.824495 -0.414301 0.385438 0.562115 0.521319 -0.64207 0.0650741 0.746044 0.66271 0.616347 2.52092 -2.6841</i>
                        <i>0.824298 -0.414786 0.385338 0.562282 0.520293 -0.642755 0.0661173 0.74649 0.662103 0.614319 2.52165 -2.68481</i>
                        <i>0.824242 -0.415295 0.38491 0.562185 0.519007 -0.643879 0.0676286 0.747102 0.66126 0.612327 2.52224 -2.68522</i>
                        <i>0.824354 -0.415662 0.384273 0.561808 0.517561 -0.64537 0.0693711 0.747901 0.660176 0.610511 2.52261 -2.68532</i>
                        <i>0.824738 -0.413034 0.386278 0.561513 0.516977 -0.646094 0.067162 0.749759 0.658294 0.609822 2.52177 -2.68599</i>
                        <i>0.825219 -0.409792 0.388696 0.561135 0.516419 -0.646869 0.0643517 0.751919 0.656107 0.609603 2.52052 -2.68653</i>
                        <i>0.825753 -0.40707 0.390419 0.56055 0.515476 -0.648127 0.0625817 0.754042 0.653838 0.609689 2.51914 -2.68649</i>
                        <i>0.825973 -0.403055 0.394101 0.560665 0.514825 -0.648544 0.058506 0.756639 0.65121 0.609525 2.51769 -2.6875</i>
                        <i>0.826225 -0.399418 0.397262 0.560631 0.513921 -0.649291 0.0551767 0.759178 0.64854 0.60955 2.51617 -2.68811</i>
                        <i>0.826533 -0.396205 0.399832 0.560421 0.512785 -0.650369 0.0526515 0.761625 0.645875 0.609777 2.5146 -2.6883</i>
                        <i>0.826881 -0.393346 0.401929 0.560082 0.51149 -0.651679 0.0507526 0.763974 0.643248 0.610196 2.513 -2.68813</i>
                        <i>0.827247 -0.390822 0.403635 0.559669 0.510141 -0.65309 0.0493309 0.766169 0.640743 0.610838 2.51139 -2.68769</i>
                        <i>0.827556 -0.388614 0.40513 0.559332 0.509146 -0.654154 0.0479432 0.767951 0.638711 0.61197 2.50982 -2.68707</i>
                    </KeyFrames>
                </p>
            </i>
            <i>
                <p>
                    <Name><![CDATA[l_elbow]]></Name>
                    <Exclude>0</Exclude>
                    <Additive>0</Additive>
                    <IKPriority>0</IKPriority>
                    <IKRotLimits>-1e+010 -1e+010 -1e+010 1e+010 1e+010 1e+010</IKRotLimits>
                    <IKRotLimitOrder>0</IKRotLimitOrder>
                    <KeyFrames count="30">
                        <i>-0.00441811 0.789145 0.614191 0.559391 0.511059 -0.652611 -0.828892 0.34069 -0.443699 0.881155 2.38341 -2.55529</i>
                        <i>-0.0123957 0.791767 0.610697 0.559126 0.511828 -0.652235 -0.82899 0.333372 -0.449042 0.883749 2.38256 -2.55416</i>
                        <i>-0.0203503 0.794174 0.60735 0.558698 0.512809 -0.651831 -0.829121 0.326061 -0.454139 0.886337 2.38177 -2.55307</i>
                        <i>-0.027898 0.79632 0.604232 0.558208 0.51385 -0.651431 -0.829232 0.319114 -0.458847 0.888792 2.38108 -2.55205</i>
                        <i>-0.0349066 0.798185 0.601401 0.557692 0.514916 -0.651031 -0.829314 0.312671 -0.463115 0.891072 2.38047 -2.55113</i>
