<?xml version="1.0" encoding="ISO-8859-1" ?>
<Animl Version="1">
    <ModellingPackage><![CDATA[Maya.2010]]></ModellingPackage>
    <SrcFile><![CDATA[anims\turrets\antitank\red\~src\at_rpg7\at_rpg7_fire_crewman_c.mb]]></SrcFile>
    <FramesPerSecond>30</FramesPerSecond>
    <TotalFrames>40</TotalFrames>
    <Skeleton>
        <RefFrame>
            <Name><![CDATA[soldier_ref_frame]]></Name>
            <Exclude>0</Exclude>
            <Additive>0</Additive>
            <IKPriority>0</IKPriority>
            <IKRotLimits>-1e+010 -1e+010 -1e+010 1e+010 1e+010 1e+010</IKRotLimits>
            <IKRotLimitOrder>0</IKRotLimitOrder>
            <KeyFrames count="40">
                <i>1 0 0 0 1 0 0 0 1 -0.53 0.87 -0.03</i>
                <i>1 0 0 0 1 0 0 0 1 -0.53 0.87 -0.03</i>
                <i>1 0 0 0 1 0 0 0 1 -0.53 0.87 -0.03</i>
                <i>1 0 0 0 1 0 0 0 1 -0.53 0.87 -0.03</i>
                <i>1 0 0 0 1 0 0 0 1 -0.53 0.87 -0.03</i>
                <i>1 0 0 0 1 0 0 0 1 -0.53 0.87 -0.03</i>
                <i>1 0 0 0 1 0 0 0 1 -0.53 0.87 -0.03</i>
                <i>1 0 0 0 1 0 0 0 1 -0.53 0.87 -0.03</i>
                <i>1 0 0 0 1 0 0 0 1 -0.53 0.87 -0.03</i>
                <i>1 0 0 0 1 0 0 0 1 -0.53 0.87 -0.03</i>
                <i>1 0 0 0 1 0 0 0 1 -0.53 0.87 -0.03</i>
                <i>1 0 0 0 1 0 0 0 1 -0.53 0.87 -0.03</i>
                <i>1 0 0 0 1 0 0 0 1 -0.53 0.87 -0.03</i>
                <i>1 0 0 0 1 0 0 0 1 -0.53 0.87 -0.03</i>
                <i>1 0 0 0 1 0 0 0 1 -0.53 0.87 -0.03</i>
                <i>1 0 0 0 1 0 0 0 1 -0.53 0.87 -0.03</i>
                <i>1 0 0 0 1 0 0 0 1 -0.53 0.87 -0.03</i>
                <i>1 0 0 0 1 0 0 0 1 -0.53 0.87 -0.03</i>
                <i>1 0 0 0 1 0 0 0 1 -0.53 0.87 -0.03</i>
                <i>1 0 0 0 1 0 0 0 1 -0.53 0.87 -0.03</i>
                <i>1 0 0 0 1 0 0 0 1 -0.53 0.87 -0.03</i>
                <i>1 0 0 0 1 0 0 0 1 -0.53 0.87 -0.03</i>
                <i>1 0 0 0 1 0 0 0 1 -0.53 0.87 -0.03</i>
                <i>1 0 0 0 1 0 0 0 1 -0.53 0.87 -0.03</i>
                <i>1 0 0 0 1 0 0 0 1 -0.53 0.87 -0.03</i>
                <i>1 0 0 0 1 0 0 0 1 -0.53 0.87 -0.03</i>
                <i>1 0 0 0 1 0 0 0 1 -0.53 0.87 -0.03</i>
                <i>1 0 0 0 1 0 0 0 1 -0.53 0.87 -0.03</i>
                <i>1 0 0 0 1 0 0 0 1 -0.53 0.87 -0.03</i>
                <i>1 0 0 0 1 0 0 0 1 -0.53 0.87 -0.03</i>
                <i>1 0 0 0 1 0 0 0 1 -0.53 0.87 -0.03</i>
                <i>1 0 0 0 1 0 0 0 1 -0.53 0.87 -0.03</i>
                <i>1 0 0 0 1 0 0 0 1 -0.53 0.87 -0.03</i>
                <i>1 0 0 0 1 0 0 0 1 -0.53 0.87 -0.03</i>
                <i>1 0 0 0 1 0 0 0 1 -0.53 0.87 -0.03</i>
                <i>1 0 0 0 1 0 0 0 1 -0.53 0.87 -0.03</i>
                <i>1 0 0 0 1 0 0 0 1 -0.53 0.87 -0.03</i>
                <i>1 0 0 0 1 0 0 0 1 -0.53 0.87 -0.03</i>
                <i>1 0 0 0 1 0 0 0 1 -0.53 0.87 -0.03</i>
                <i>1 0 0 0 1 0 0 0 1 -0.53 0.87 -0.03</i>
            </KeyFrames>
        </RefFrame>
        <Bones count="23">
            <i>
                <p>
                    <Name><![CDATA[pelvis]]></Name>
                    <Exclude>0</Exclude>
                    <Additive>0</Additive>
                    <IKPriority>0</IKPriority>
                    <IKRotLimits>-1e+010 -1e+010 -1e+010 1e+010 1e+010 1e+010</IKRotLimits>
                    <IKRotLimitOrder>2</IKRotLimitOrder>
                    <KeyFrames count="40">
                        <i>1 0 0 0 1 0 0 0 1 -0.463214 1.55846 -0.0346948</i>
                        <i>1 0 0 0 1 0 0 0 1 -0.462467 1.54707 -0.0439409</i>
                        <i>1 0 0 0 1 0 0 0 1 -0.46172 1.52568 -0.0531869</i>
                        <i>1 0 0 0 1 0 0 0 1 -0.46138 1.51348 -0.0573896</i>
                        <i>1 0 0 0 1 0 0 0 1 -0.461135 1.51624 -0.0585559</i>
                        <i>1 0 0 0 1 0 0 0 1 -0.460726 1.52509 -0.0604997</i>
                        <i>1 0 0 0 1 0 0 0 1 -0.460644 1.53727 -0.0608884</i>
                        <i>1 0 0 0 1 0 0 0 1 -0.46138 1.55 -0.0573896</i>
                        <i>1 0 0 0 1 0 0 0 1 -0.46234 1.56332 -0.0477778</i>
                        <i>1 0 0 0 1 0 0 0 1 -0.46316 1.57835 -0.0337792</i>
                        <i>1 0 0 0 1 0 0 0 1 -0.464678 1.59394 -0.0189883</i>
                        <i>1 0 0 0 1 0 0 0 1 -0.467732 1.60896 -0.00699988</i>
                        <i>1 0 0 0 1 0 0 0 1 -0.473159 1.62226 -0.00140862</i>
                        <i>1 0 0 0 1 0 0 0 1 -0.485023 1.63619 -0.000863922</i>
                        <i>1 0 0 0 1 0 0 0 1 -0.502092 1.65038 -0.00149733</i>
                        <i>1 0 0 0 1 0 0 0 1 -0.51726 1.65958 -0.00312672</i>
                        <i>1 0 0 0 1 0 0 0 1 -0.523421 1.65856 -0.00556996</i>
                        <i>1 0 0 0 1 0 0 0 1 -0.52116 1.64878 -0.00864491</i>
                        <i>1 0 0 0 1 0 0 0 1 -0.51625 1.63573 -0.0121694</i>
                        <i>1 0 0 0 1 0 0 0 1 -0.509372 1.62022 -0.0159614</i>
                        <i>1 0 0 0 1 0 0 0 1 -0.501205 1.60308 -0.0198387</i>
                        <i>1 0 0 0 1 0 0 0 1 -0.492429 1.58514 -0.0236192</i>
                        <i>1 0 0 0 1 0 0 0 1 -0.483725 1.56722 -0.0271207</i>
                        <i>1 0 0 0 1 0 0 0 1 -0.475771 1.55013 -0.0301612</i>
                        <i>1 0 0 0 1 0 0 0 1 -0.469248 1.5347 -0.0325585</i>
                        <i>1 0 0 0 1 0 0 0 1 -0.464836 1.52177 -0.0341304</i>
                        <i>1 0 0 0 1 0 0 0 1 -0.463214 1.51214 -0.0346948</i>
                        <i>1 0 0 0 1 0 0 0 1 -0.463214 1.52072 -0.0346948</i>
                        <i>1 0 0 0 1 0 0 0 1 -0.463214 1.54473 -0.0346948</i>
                        <i>1 0 0 0 1 0 0 0 1 -0.463214 1.55846 -0.0346948</i>
                        <i>1 0 0 0 1 0 0 0 1 -0.463214 1.55846 -0.0346948</i>
                        <i>1 0 0 0 1 0 0 0 1 -0.463214 1.55847 -0.0346948</i>
                        <i>1 0 0 0 1 0 0 0 1 -0.463214 1.55847 -0.0346948</i>
                        <i>1 0 0 0 1 0 0 0 1 -0.463214 1.55847 -0.0346948</i>
                        <i>1 0 0 0 1 0 0 0 1 -0.463214 1.55847 -0.0346948</i>
                        <i>1 0 0 0 1 0 0 0 1 -0.463214 1.55847 -0.0346948</i>
                        <i>1 0 0 0 1 0 0 0 1 -0.463214 1.55846 -0.0346948</i>
                        <i>1 0 0 0 1 0 0 0 1 -0.463214 1.55846 -0.0346948</i>
                        <i>1 0 0 0 1 0 0 0 1 -0.463214 1.55846 -0.0346948</i>
                        <i>1 0 0 0 1 0 0 0 1 -0.463214 1.55846 -0.0346948</i>
                    </KeyFrames>
                </p>
            </i>
            <i>
                <p>
                    <Name><![CDATA[spine0]]></Name>
                    <Exclude>0</Exclude>
                    <Additive>0</Additive>
                    <IKPriority>0</IKPriority>
                    <IKRotLimits>-1e+010 -1e+010 -1e+010 1e+010 1e+010 1e+010</IKRotLimits>
                    <IKRotLimitOrder>0</IKRotLimitOrder>
                    <KeyFrames count="40">
                        <i>-0.0908398 0.9236 0.37244 -0.995574 -0.093274 -0.0115184 0.0241006 -0.371838 0.927985 -0.484507 1.69595 -0.0712703</i>
                        <i>-0.0769657 0.917802 0.389507 -0.996764 -0.0617514 -0.0514526 -0.0231707 -0.392207 0.919585 -0.485723 1.68398 -0.081493</i>
                        <i>-0.0646614 0.9076 0.414826 -0.995753 -0.03138 -0.0865574 -0.0655422 -0.418661 0.905774 -0.487822 1.66173 -0.0920039</i>
                        <i>-0.0692098 0.900628 0.429045 -0.992379 -0.0182044 -0.121868 -0.101947 -0.43421 0.895024 -0.488107 1.6491 -0.0972757</i>
                        <i>-0.0534117 0.895776 0.441285 -0.986279 0.021806 -0.163641 -0.156208 -0.44397 0.882321 -0.480947 1.65329 -0.0975739</i>
                        <i>-0.00196582 0.884941 0.465699 -0.972322 0.107112 -0.207644 -0.233635 -0.453218 0.860237 -0.467378 1.66414 -0.0968159</i>
                        <i>0.0487756 0.874071 0.483343 -0.9517 0.187536 -0.243099 -0.30313 -0.44814 0.841001 -0.454841 1.67698 -0.0947055</i>
                        <i>0.0701853 0.875714 0.477702 -0.941024 0.217016 -0.259572 -0.33098 -0.431311 0.839299 -0.450686 1.68949 -0.0909385</i>
                        <i>0.0511446 0.897615 0.437803 -0.950922 0.177726 -0.253299 -0.305174 -0.403362 0.862652 -0.456928 1.70235 -0.0843536</i>
                        <i>0.00155661 0.927786 0.37311 -0.967966 0.0950766 -0.232382 -0.251075 -0.360796 0.898214 -0.468902 1.71594 -0.0753927</i>
                        <i>-0.0690674 0.951341 0.300299 -0.978967 -0.00670766 -0.203908 -0.191972 -0.308066 0.931795 -0.483656 1.72853 -0.0661173</i>
                        <i>-0.138047 0.961091 0.239262 -0.979735 -0.0971137 -0.175182 -0.14513 -0.258597 0.955021 -0.498156 1.73976 -0.058593</i>
                        <i>-0.173948 0.961996 0.210488 -0.977584 -0.142942 -0.154588 -0.118626 -0.23266 0.965296 -0.509613 1.75072 -0.0549409</i>
                        <i>-0.179297 0.95918 0.21869 -0.978489 -0.150812 -0.140767 -0.10204 -0.239225 0.965588 -0.523181 1.76419 -0.0543152</i>
                        <i>-0.178806 0.952727 0.24564 -0.980347 -0.151369 -0.126519 -0.0833554 -0.263435 0.961069 -0.541077 1.77837 -0.0543656</i>
                        <i>-0.174432 0.945039 0.27654 -0.982537 -0.148575 -0.112014 -0.0647704 -0.291249 0.954452 -0.556297 1.78796 -0.0549946</i>
                        <i>-0.168818 0.940055 0.296306 -0.984459 -0.14606 -0.0975014 -0.0483782 -0.308161 0.950103 -0.561832 1.78766 -0.0561029</i>
                        <i>-0.162477 0.938086 0.305935 -0.986118 -0.143618 -0.0833382 -0.0342407 -0.315228 0.948398 -0.558365 1.77884 -0.0575907</i>
                        <i>-0.154425 0.936055 0.316156 -0.987774 -0.139365 -0.0698507 -0.021323 -0.323077 0.946132 -0.551776 1.76691 -0.0593574</i>
                        <i>-0.145088 0.933987 0.326524 -0.989369 -0.133655 -0.0573112 -0.00988615 -0.331368 0.94345 -0.54286 1.75258 -0.0613017</i>
                        <i>-0.134933 0.931917 0.336636 -0.990855 -0.126867 -0.0459525 -0.000115949 -0.339758 0.940513 -0.532427 1.73662 -0.0633222</i>
                        <i>-0.124483 0.929893 0.346127 -0.99219 -0.119436 -0.0359664 0.00789495 -0.347901 0.937498 -0.521296 1.71977 -0.0653166</i>
                        <i>-0.114337 0.927979 0.354658 -0.993341 -0.111877 -0.0275091 0.01415 -0.355441 0.934591 -0.5103 1.70281 -0.0671818</i>
                        <i>-0.105163 0.926267 0.361898 -0.994278 -0.104792 -0.0207127 0.0187385 -0.362005 0.931988 -0.500278 1.68652 -0.0688142</i>
                        <i>-0.0976887 0.924875 0.36751 -0.994978 -0.0988554 -0.0156983 0.0218115 -0.367198 0.929887 -0.492076 1.67169 -0.0701093</i>
                        <i>-0.0926681 0.923939 0.371146 -0.995419 -0.0947805 -0.0125885 0.0235464 -0.370612 0.928489 -0.486538 1.65913 -0.0709627</i>
                        <i>-0.0908398 0.9236 0.37244 -0.995574 -0.093274 -0.0115184 0.0241006 -0.371838 0.927985 -0.484507 1.64963 -0.0712703</i>
                        <i>-0.0908398 0.9236 0.37244 -0.995574 -0.093274 -0.0115184 0.0241006 -0.371838 0.927985 -0.484507 1.65822 -0.0712703</i>
                        <i>-0.0908398 0.9236 0.37244 -0.995574 -0.093274 -0.0115184 0.0241006 -0.371838 0.927985 -0.484507 1.68223 -0.0712703</i>
                        <i>-0.0908398 0.9236 0.37244 -0.995574 -0.093274 -0.0115184 0.0241006 -0.371838 0.927985 -0.484507 1.69595 -0.0712703</i>
                        <i>-0.0908398 0.9236 0.37244 -0.995574 -0.093274 -0.0115184 0.0241006 -0.371838 0.927985 -0.484507 1.69596 -0.0712703</i>
                        <i>-0.0908398 0.9236 0.37244 -0.995574 -0.093274 -0.0115184 0.0241006 -0.371838 0.927985 -0.484507 1.69596 -0.0712703</i>
                        <i>-0.0908398 0.9236 0.37244 -0.995574 -0.093274 -0.0115184 0.0241006 -0.371838 0.927985 -0.484507 1.69596 -0.0712703</i>
                        <i>-0.0908398 0.9236 0.37244 -0.995574 -0.093274 -0.0115184 0.0241006 -0.371838 0.927985 -0.484507 1.69596 -0.0712703</i>
                        <i>-0.0908398 0.9236 0.37244 -0.995574 -0.093274 -0.0115184 0.0241006 -0.371838 0.927985 -0.484507 1.69596 -0.0712703</i>
                        <i>-0.0908398 0.9236 0.37244 -0.995574 -0.093274 -0.0115184 0.0241006 -0.371838 0.927985 -0.484507 1.69596 -0.0712703</i>
                        <i>-0.0908398 0.9236 0.37244 -0.995574 -0.093274 -0.0115184 0.0241006 -0.371838 0.927985 -0.484507 1.69596 -0.0712703</i>
                        <i>-0.0908398 0.9236 0.37244 -0.995574 -0.093274 -0.0115184 0.0241006 -0.371838 0.927985 -0.484507 1.69596 -0.0712703</i>
                        <i>-0.0908398 0.9236 0.37244 -0.995574 -0.093274 -0.0115184 0.0241006 -0.371838 0.927985 -0.484507 1.69596 -0.0712703</i>
                        <i>-0.0908398 0.9236 0.37244 -0.995574 -0.093274 -0.0115184 0.0241006 -0.371838 0.927985 -0.484507 1.69595 -0.0712703</i>
                    </KeyFrames>
                </p>
            </i>
            <i>
                <p>
                    <Name><![CDATA[spine1]]></Name>
                    <Exclude>0</Exclude>
                    <Additive>0</Additive>
                    <IKPriority>0</IKPriority>
                    <IKRotLimits>-1e+010 -1e+010 -1e+010 1e+010 1e+010 1e+010</IKRotLimits>
                    <IKRotLimitOrder>0</IKRotLimitOrder>
                    <KeyFrames count="40">
                        <i>0.092588 0.586099 0.804932 -0.994923 0.0864789 0.0514737 -0.039441 -0.805611 0.59113 -0.502451 1.87842 0.00213886</i>
                        <i>0.064278 0.549714 0.832877 -0.988739 0.148106 -0.0214457 -0.135143 -0.822119 0.553043 -0.500987 1.86612 -0.00437635</i>
                        <i>0.0354633 0.515332 0.856257 -0.972099 0.216584 -0.0900882 -0.231877 -0.829171 0.508634 -0.500699 1.84269 -0.00948025</i>
                        <i>0.00402415 0.499327 0.866404 -0.958696 0.24834 -0.138671 -0.284405 -0.83006 0.479702 -0.501911 1.82903 -0.0117472</i>
                        <i>-0.016933 0.483451 0.875208 -0.940163 0.290222 -0.178504 -0.340303 -0.825861 0.449609 -0.491593 1.83237 -0.00954454</i>
                        <i>-0.0249222 0.457096 0.889068 -0.900341 0.376252 -0.21868 -0.434471 -0.805914 0.402165 -0.467731 1.84123 -0.00381022</i>
                        <i>-0.025929 0.44171 0.896783 -0.857522 0.451244 -0.247053 -0.513794 -0.775417 0.367076 -0.445029 1.85194 0.0018522</i>
                        <i>-0.015458 0.452573 0.891593 -0.84633 0.468906 -0.25269 -0.532435 -0.758488 0.375778 -0.436613 1.86444 0.00431674</i>
                        <i>0.00972189 0.501218 0.865266 -0.884046 0.408685 -0.226804 -0.467299 -0.76273 0.447073 -0.446715 1.88077 0.0024935</i>
                        <i>0.0321408 0.580135 0.813886 -0.938976 0.296551 -0.1743 -0.342477 -0.758618 0.554264 -0.468556 1.89885 -0.00199776</i>
                        <i>0.0311818 0.668661 0.742914 -0.980579 0.164456 -0.106861 -0.19363 -0.725153 0.660803 -0.497105 1.9142 -0.00765708</i>
                        <i>0.00969954 0.740195 0.672323 -0.997763 0.0516397 -0.0424582 -0.0661459 -0.670407 0.73904 -0.524814 1.92553 -0.0124825</i>
                        <i>-0.00476574 0.774701 0.63231 -0.999988 -0.0029345 -0.00394159 -0.00119803 -0.632321 0.774706 -0.543005 1.9355 -0.0146384</i>
                        <i>-0.000799483 0.770685 0.637215 -0.999839 -0.0120464 0.0133151 0.0179379 -0.637102 0.770571 -0.557589 1.94836 -0.0124523</i>
                        <i>0.00887167 0.745506 0.66644 -0.999473 -0.0142037 0.0291939 0.0312301 -0.666347 0.744987 -0.575522 1.96199 -0.0071545</i>
                        <i>0.0213148 0.714118 0.6997 -0.999011 -0.0120944 0.0427762 0.0390098 -0.699921 0.713155 -0.590057 1.97096 -0.00158563</i>
                        <i>0.0325784 0.693666 0.719559 -0.998572 -0.00790175 0.0528282 0.0423309 -0.720253 0.692419 -0.594588 1.97014 0.00127096</i>
                        <i>0.0422067 0.683644 0.728594 -0.998229 -0.00173846 0.0594577 0.0419145 -0.729814 0.68236 -0.589915 1.96108 0.00169402</i>
                        <i>0.0519232 0.671446 0.739232 -0.997942 0.00699412 0.0637421 0.0376291 -0.74102 0.670428 -0.581804 1.94899 0.00199407</i>
                        <i>0.0612032 0.657764 0.750733 -0.997676 0.0177542 0.0657795 0.0299387 -0.753015 0.657322 -0.571128 1.9346 0.00218351</i>
                        <i>0.0696086 0.64335 0.762401 -0.997384 0.0299428 0.0657958 0.0195014 -0.764986 0.643751 -0.558777 1.91865 0.00228046</i>
                        <i>0.0768255 0.629003 0.773598 -0.997019 0.0428672 0.0641584 0.00719383 -0.77622 0.630421 -0.545668 1.90187 0.00230717</i>
                        <i>0.0826777 0.615535 0.783761 -0.996559 0.0557173 0.0613673 -0.00589536 -0.786138 0.618023 -0.532743 1.885 0.00228736</i>
                        <i>0.0871172 0.60375 0.792399 -0.996026 0.0675607 0.0580278 -0.0185008 -0.794306 0.607236 -0.520971 1.86881 0.00224336</i>
                        <i>0.0901908 0.594424 0.799078 -0.995495 0.0773623 0.0548113 -0.0292374 -0.800422 0.598723 -0.511337 1.85407 0.0021941</i>
                        <i>0.0919906 0.588299 0.803394 -0.995084 0.0840292 0.0524077 -0.0366771 -0.804265 0.593137 -0.504834 1.84157 0.0021549</i>
                        <i>0.092588 0.586099 0.804932 -0.994923 0.0864789 0.0514737 -0.039441 -0.805611 0.59113 -0.502451 1.8321 0.00213886</i>
                        <i>0.092588 0.586099 0.804932 -0.994923 0.0864789 0.0514737 -0.039441 -0.805611 0.59113 -0.502451 1.84068 0.00213886</i>
                        <i>0.092588 0.586099 0.804932 -0.994923 0.0864789 0.0514737 -0.039441 -0.805611 0.59113 -0.502451 1.86469 0.00213886</i>
                        <i>0.092588 0.586099 0.804932 -0.994923 0.0864789 0.0514737 -0.039441 -0.805611 0.59113 -0.502451 1.87842 0.00213886</i>
                        <i>0.092588 0.586099 0.804932 -0.994923 0.0864789 0.0514737 -0.039441 -0.805611 0.59113 -0.502451 1.87843 0.00213886</i>
                        <i>0.092588 0.586099 0.804932 -0.994923 0.0864789 0.0514737 -0.039441 -0.805611 0.59113 -0.502451 1.87843 0.00213886</i>
                        <i>0.092588 0.586099 0.804932 -0.994923 0.0864789 0.0514737 -0.039441 -0.805611 0.59113 -0.502451 1.87843 0.00213886</i>
                        <i>0.092588 0.586099 0.804932 -0.994923 0.0864789 0.0514737 -0.039441 -0.805611 0.59113 -0.502451 1.87843 0.00213886</i>
                        <i>0.092588 0.586099 0.804932 -0.994923 0.0864789 0.0514737 -0.039441 -0.805611 0.59113 -0.502451 1.87843 0.00213886</i>
                        <i>0.092588 0.586099 0.804932 -0.994923 0.0864789 0.0514737 -0.039441 -0.805611 0.59113 -0.502451 1.87843 0.00213886</i>
                        <i>0.092588 0.586099 0.804932 -0.994923 0.0864789 0.0514737 -0.039441 -0.805611 0.59113 -0.502451 1.87843 0.00213886</i>
                        <i>0.092588 0.586099 0.804932 -0.994923 0.0864789 0.0514737 -0.039441 -0.805611 0.59113 -0.502451 1.87843 0.00213886</i>
                        <i>0.092588 0.586099 0.804932 -0.994923 0.0864789 0.0514737 -0.039441 -0.805611 0.59113 -0.502451 1.87842 0.00213886</i>
                        <i>0.092588 0.586099 0.804932 -0.994923 0.0864789 0.0514737 -0.039441 -0.805611 0.59113 -0.502451 1.87842 0.00213886</i>
                    </KeyFrames>
                </p>
            </i>
            <i>
                <p>
                    <Name><![CDATA[spine2]]></Name>
                    <Exclude>0</Exclude>
                    <Additive>0</Additive>
                    <IKPriority>0</IKPriority>
                    <IKRotLimits>-1e+010 -1e+010 -1e+010 1e+010 1e+010 1e+010</IKRotLimits>
                    <IKRotLimitOrder>0</IKRotLimitOrder>
                    <KeyFrames count="40">
                        <i>0.196038 0.29622 0.934785 -0.979714 0.0995912 0.173902 -0.0415832 -0.949913 0.309735 -0.485682 1.98433 0.148487</i>
                        <i>0.0596997 0.260272 0.963688 -0.987737 0.154924 0.0193478 -0.144263 -0.953025 0.266329 -0.489406 1.96583 0.147689</i>
                        <i>-0.0770562 0.231518 0.969774 -0.964934 0.227479 -0.130978 -0.250927 -0.945861 0.205871 -0.494451 1.93657 0.147553</i>
                        <i>-0.15829 0.220869 0.962373 -0.940338 0.263575 -0.215158 -0.301179 -0.939013 0.165969 -0.501476 1.92016 0.14744</i>
                        <i>-0.196679 0.209074 0.957917 -0.915944 0.309388 -0.255588 -0.349805 -0.927668 0.13065 -0.49504 1.92065 0.151334</i>
                        <i>-0.235172 0.195366 0.952117 -0.866852 0.400911 -0.296375 -0.439616 -0.895043 0.0750704 -0.472711 1.92479 0.159743</i>
                        <i>-0.259501 0.196353 0.945571 -0.818139 0.475543 -0.323277 -0.513136 -0.857499 0.0372402 -0.450239 1.93271 0.166829</i>
                        <i>-0.248649 0.216034 0.944194 -0.813659 0.482268 -0.324617 -0.525483 -0.848968 0.0558631 -0.439882 1.94708 0.168047</i>
                        <i>-0.190847 0.263213 0.945672 -0.873515 0.393967 -0.285939 -0.447827 -0.88063 0.154733 -0.445285 1.97186 0.160648</i>
                        <i>-0.113669 0.344682 0.931812 -0.949256 0.239147 -0.204259 -0.293244 -0.907746 0.300008 -0.462939 2.00351 0.145647</i>
                        <i>-0.0544067 0.44886 0.891944 -0.993638 0.0638732 -0.0927533 -0.0986046 -0.891316 0.442529 -0.491565 2.03374 0.12585</i>
                        <i>-0.0287169 0.544804 0.838072 -0.996868 -0.0774101 0.0161637 0.0736813 -0.834983 0.545321 -0.523024 2.05669 0.107238</i>
                        <i>-0.0218289 0.598358 0.800932 -0.986814 -0.141412 0.0787506 0.160382 -0.788651 0.593554 -0.543725 2.07199 0.0972813</i>
                        <i>-0.0114828 0.603669 0.797153 -0.983335 -0.151471 0.100541 0.181439 -0.782714 0.595348 -0.557599 2.08409 0.100288</i>
                        <i>0.00573565 0.584291 0.811524 -0.981239 -0.153107 0.117171 0.192712 -0.79697 0.572451 -0.573817 2.09374 0.111179</i>
                        <i>0.0273781 0.555576 0.831015 -0.980562 -0.146654 0.130351 0.194292 -0.81843 0.540762 -0.586134 2.0977 0.123204</i>
                        <i>0.0502857 0.533324 0.844415 -0.981146 -0.131597 0.141544 0.186612 -0.835612 0.516651 -0.588653 2.09353 0.129899</i>
                        <i>0.0735619 0.516425 0.853167 -0.982508 -0.109224 0.150828 0.171078 -0.849338 0.499356 -0.582268 2.08275 0.13202</i>
                        <i>0.0973335 0.493442 0.864316 -0.983986 -0.0825855 0.157958 0.149323 -0.865849 0.477502 -0.572425 2.06863 0.134391</i>
                        <i>0.120217 0.465611 0.876786 -0.985143 -0.0531583 0.163303 0.122644 -0.883391 0.452303 -0.560088 2.052 0.136882</i>
                        <i>0.141002 0.434481 0.889576 -0.985668 -0.0224508 0.167198 0.0926162 -0.900401 0.425088 -0.546224 2.03371 0.139374</i>
                        <i>0.15878 0.401915 0.901806 -0.985422 0.00798811 0.169942 0.0610987 -0.915642 0.397324 -0.531807 2.01462 0.141754</i>
                        <i>0.173024 0.370043 0.91276 -0.984455 0.0365681 0.171789 0.0301915 -0.928295 0.370618 -0.517813 1.99559 0.14392</i>
                        <i>0.183599 0.341172 0.921896 -0.982999 0.061666 0.172947 0.00215499 -0.937976 0.346693 -0.505223 1.97752 0.145772</i>
                        <i>0.190707 0.317685 0.92882 -0.981429 0.0816373 0.173586 -0.0206808 -0.944676 0.327354 -0.495018 1.9613 0.147214</i>
                        <i>0.194734 0.301945 0.933224 -0.980195 0.0948292 0.173853 -0.0360029 -0.948597 0.314431 -0.488178 1.94783 0.148152</i>
                        <i>0.196038 0.29622 0.934785 -0.979714 0.0995912 0.173902 -0.0415832 -0.949913 0.309735 -0.485682 1.93801 0.148487</i>
                        <i>0.196038 0.29622 0.934785 -0.979714 0.0995912 0.173902 -0.0415832 -0.949913 0.309735 -0.485682 1.94659 0.148487</i>
                        <i>0.196038 0.29622 0.934785 -0.979714 0.0995912 0.173902 -0.0415832 -0.949913 0.309735 -0.485682 1.9706 0.148487</i>
                        <i>0.196038 0.29622 0.934785 -0.979714 0.0995912 0.173902 -0.0415832 -0.949913 0.309735 -0.485682 1.98433 0.148487</i>
                        <i>0.196038 0.29622 0.934785 -0.979714 0.0995912 0.173902 -0.0415832 -0.949913 0.309735 -0.485682 1.98433 0.148487</i>
                        <i>0.196038 0.29622 0.934785 -0.979714 0.0995912 0.173902 -0.0415832 -0.949913 0.309735 -0.485682 1.98434 0.148487</i>
                        <i>0.196038 0.29622 0.934785 -0.979714 0.0995912 0.173902 -0.0415832 -0.949913 0.309735 -0.485682 1.98434 0.148487</i>
                        <i>0.196038 0.29622 0.934785 -0.979714 0.0995912 0.173902 -0.0415832 -0.949913 0.309735 -0.485682 1.98434 0.148487</i>
                        <i>0.196038 0.29622 0.934785 -0.979714 0.0995912 0.173902 -0.0415832 -0.949913 0.309735 -0.485682 1.98434 0.148487</i>
                        <i>0.196038 0.29622 0.934785 -0.979714 0.0995912 0.173902 -0.0415832 -0.949913 0.309735 -0.485682 1.98433 0.148487</i>
                        <i>0.196038 0.29622 0.934785 -0.979714 0.0995912 0.173902 -0.0415832 -0.949913 0.309735 -0.485682 1.98433 0.148487</i>
                        <i>0.196038 0.29622 0.934785 -0.979714 0.0995912 0.173902 -0.0415832 -0.949913 0.309735 -0.485682 1.98433 0.148487</i>
                        <i>0.196038 0.29622 0.934785 -0.979714 0.0995912 0.173902 -0.0415832 -0.949913 0.309735 -0.485682 1.98433 0.148487</i>
                        <i>0.196038 0.29622 0.934785 -0.979714 0.0995912 0.173902 -0.0415832 -0.949913 0.309735 -0.485682 1.98433 0.148487</i>
                    </KeyFrames>
                </p>
            </i>
            <i>
                <p>
                    <Name><![CDATA[head]]></Name>
                    <Exclude>0</Exclude>
                    <Additive>0</Additive>
                    <IKPriority>0</IKPriority>
                    <IKRotLimits>-1e+010 -1e+010 -1e+010 1e+010 1e+010 1e+010</IKRotLimits>
                    <IKRotLimitOrder>0</IKRotLimitOrder>
                    <KeyFrames count="40">
                        <i>0.0115409 0.966888 0.254939 0.0273231 0.254556 -0.966672 -0.99956 0.018122 -0.0234806 -0.42753 2.07172 0.399776</i>
                        <i>0.0804175 0.826183 0.557633 0.35 0.500417 -0.791886 -0.933292 0.258853 -0.248922 -0.476022 2.04363 0.408487</i>
                        <i>-0.179218 0.455649 0.871932 0.626612 0.736125 -0.255886 -0.758445 0.500503 -0.417442 -0.526097 2.00644 0.408415</i>
                        <i>-0.41912 0.247752 0.873475 0.644333 0.758959 0.0938993 -0.639667 0.602163 -0.477729 -0.558382 1.98713 0.404176</i>
                        <i>-0.447849 0.254042 0.857259 0.677689 0.721876 0.140116 -0.58324 0.643706 -0.495453 -0.561988 1.98491 0.406338</i>
                        <i>-0.468074 0.273753 0.840218 0.740205 0.640824 0.20357 -0.482703 0.71722 -0.502586 -0.549374 1.9864 0.412662</i>
                        <i>-0.478858 0.296767 0.826211 0.781766 0.572343 0.247518 -0.399421 0.76443 -0.506073 -0.532593 1.99564 0.417625</i>
                        <i>-0.480272 0.305946 0.822031 0.776153 0.584787 0.23582 -0.408565 0.751279 -0.518318 -0.518544 2.01593 0.418461</i>
                        <i>-0.472149 0.283425 0.834713 0.692067 0.70568 0.151851 -0.546002 0.649373 -0.529335 -0.507829 2.05352 0.41168</i>
                        <i>-0.437403 0.235987 0.867749 0.515204 0.856651 0.026728 -0.737051 0.458758 -0.496283 -0.504315 2.10698 0.392683</i>
                        <i>-0.3593 0.197198 0.912149 0.277026 0.955899 -0.0975339 -0.891156 0.217645 -0.398084 -0.516977 2.16485 0.361012</i>
                        <i>-0.259926 0.200376 0.94461 0.0564543 0.979713 -0.192288 -0.963977 0.00334683 -0.265965 -0.541887 2.21291 0.326299</i>
                        <i>-0.191382 0.244523 0.950569 -0.0652722 0.963156 -0.260902 -0.979343 -0.111978 -0.16837 -0.561121 2.24217 0.305058</i>
                        <i>-0.159406 0.344356 0.925207 -0.0902784 0.928179 -0.361017 -0.983077 -0.141075 -0.11687 -0.572235 2.25633 0.30638</i>
                        <i>-0.134587 0.490725 0.860857 -0.0845082 0.859912 -0.503398 -0.987292 -0.1405 -0.0742626 -0.583404 2.26214 0.320929</i>
                        <i>-0.108555 0.629476 0.7694 -0.0710427 0.767082 -0.637604 -0.991549 -0.123875 -0.0385507 -0.589026 2.25974 0.338407</i>
                        <i>-0.0798637 0.721184 0.688125 -0.0644167 0.685153 -0.725545 -0.994722 -0.102271 -0.00826261 -0.584085 2.2503 0.349194</i>
                        <i>-0.055189 0.776511 0.627682 -0.0632106 0.624662 -0.778333 -0.996473 -0.0826316 0.0146092 -0.569804 2.23507 0.354373</i>
                        <i>-0.0377306 0.823237 0.566443 -0.0606533 0.563915 -0.823602 -0.997446 -0.0654317 0.0286551 -0.551699 2.21465 0.360668</i>
                        <i>-0.0258087 0.861876 0.506462 -0.0552454 0.504627 -0.861568 -0.998139 -0.0502157 0.034591 -0.531217 2.19018 0.36757</i>
                        <i>-0.0175309 0.893141 0.449435 -0.0461356 0.448303 -0.89269 -0.998781 -0.0363847 0.0333465 -0.509768 2.16289 0.3746</i>
                        <i>-0.0111146 0.917814 0.396856 -0.0333935 0.396318 -0.917506 -0.99938 -0.0234501 0.0262441 -0.488683 2.13419 0.381328</i>
                        <i>-0.00526519 0.936664 0.350188 -0.0180481 0.350047 -0.936558 -0.999823 -0.0112514 0.0150619 -0.469179 2.10561 0.387389</i>
                        <i>0.000535019 0.950414 0.310986 -0.00191586 0.310987 -0.950412 -0.999998 -8.73313e-005 0.00198724 -0.452352 2.07877 0.392488</i>
                        <i>0.005951 0.959715 0.280914 0.0126922 0.280823 -0.959675 -0.999902 0.00927643 -0.0105097 -0.439188 2.05533 0.396389</i>
                        <i>0.0100008 0.965102 0.261684 0.023268 0.261401 -0.96495 -0.999679 0.0157391 -0.0198417 -0.430607 2.037 0.398888</i>
                        <i>0.0115409 0.966888 0.254939 0.0273231 0.254556 -0.966672 -0.99956 0.018122 -0.0234806 -0.42753 2.0254 0.399776</i>
                        <i>0.0116065 0.967496 0.252618 0.0272953 0.252234 -0.967281 -0.99956 0.018122 -0.0234806 -0.42753 2.03398 0.399776</i>
                        <i>0.0116719 0.968099 0.250296 0.0272674 0.249912 -0.967885 -0.99956 0.018122 -0.0234806 -0.42753 2.05799 0.399776</i>
                        <i>0.0115409 0.966888 0.254939 0.0273231 0.254556 -0.966672 -0.99956 0.018122 -0.0234806 -0.42753 2.07172 0.399776</i>
                        <i>0.0112983 0.964594 0.263498 0.0274243 0.263117 -0.964374 -0.99956 0.018122 -0.0234806 -0.42753 2.07173 0.399776</i>
                        <i>0.0111571 0.963228 0.268455 0.0274821 0.268074 -0.963006 -0.99956 0.018122 -0.0234806 -0.42753 2.07173 0.399776</i>
                        <i>0.0110999 0.962668 0.270456 0.0275052 0.270077 -0.962446 -0.99956 0.018122 -0.0234806 -0.42753 2.07173 0.399776</i>
                        <i>0.0111089 0.962757 0.27014 0.0275016 0.269761 -0.962535 -0.99956 0.018122 -0.0234806 -0.42753 2.07173 0.399776</i>
                        <i>0.0111661 0.963316 0.268138 0.0274784 0.267758 -0.963094 -0.99956 0.018122 -0.0234806 -0.42753 2.07173 0.399776</i>
                        <i>0.0112532 0.964161 0.265081 0.0274428 0.2647 -0.96394 -0.99956 0.018122 -0.0234806 -0.42753 2.07173 0.399776</i>
                        <i>0.0113523 0.96511 0.261598 0.027402 0.261216 -0.964891 -0.99956 0.018122 -0.0234806 -0.42753 2.07172 0.399776</i>
                        <i>0.0114452 0.965991 0.258323 0.0273633 0.25794 -0.965773 -0.99956 0.018122 -0.0234806 -0.42753 2.07172 0.399776</i>
                        <i>0.011514 0.966637 0.255891 0.0273344 0.255508 -0.96642 -0.99956 0.018122 -0.0234806 -0.42753 2.07172 0.399776</i>
                        <i>0.0115409 0.966888 0.254939 0.0273231 0.254556 -0.966672 -0.99956 0.018122 -0.0234806 -0.42753 2.07172 0.399776</i>
                    </KeyFrames>
                </p>
            </i>
            <i>
                <p>
                    <Name><![CDATA[head_prop]]></Name>
                    <Exclude>0</Exclude>
                    <Additive>0</Additive>
                    <IKPriority>0</IKPriority>
                    <IKRotLimits>-1e+010 -1e+010 -1e+010 1e+010 1e+010 1e+010</IKRotLimits>
                    <IKRotLimitOrder>0</IKRotLimitOrder>
                    <KeyFrames count="40">
                        <i>0.99956 -0.018122 0.0234806 0.0115409 0.966888 0.254939 -0.0273231 -0.254556 0.966672 -0.423769 2.38684 0.482863</i>
                        <i>0.933292 -0.258853 0.248922 0.0804175 0.826183 0.557633 -0.35 -0.500417 0.791886 -0.449813 2.31289 0.590225</i>
                        <i>0.758445 -0.500503 0.417442 -0.179218 0.455649 0.871932 -0.626612 -0.736125 0.255886 -0.584506 2.15494 0.692586</i>
                        <i>0.639667 -0.602163 0.477729 -0.41912 0.247752 0.873475 -0.644333 -0.758959 -0.0938993 -0.694977 2.06787 0.688849</i>
                        <i>0.58324 -0.643706 0.495453 -0.447849 0.254042 0.857259 -0.677689 -0.721876 -0.140116 -0.707947 2.0677 0.685726</i>
                        <i>0.482703 -0.71722 0.502586 -0.468074 0.273753 0.840218 -0.740205 -0.640824 -0.20357 -0.701923 2.07561 0.686497</i>
                        <i>0.399421 -0.76443 0.506073 -0.478858 0.296767 0.826211 -0.781766 -0.572343 -0.247518 -0.688657 2.09236 0.686894</i>
                        <i>0.408565 -0.751279 0.518318 -0.480272 0.305946 0.822031 -0.776153 -0.584787 -0.23582 -0.67507 2.11564 0.686368</i>
                        <i>0.546002 -0.649373 0.529335 -0.472149 0.283425 0.834713 -0.692067 -0.70568 -0.151851 -0.661707 2.1459 0.68372</i>
                        <i>0.737051 -0.458758 0.496283 -0.437403 0.235987 0.867749 -0.515204 -0.856651 -0.026728 -0.646869 2.18389 0.67549</i>
                        <i>0.891156 -0.217645 0.398084 -0.3593 0.197198 0.912149 -0.277026 -0.955899 0.0975339 -0.634076 2.22912 0.65829</i>
                        <i>0.963977 -0.00334683 0.265965 -0.259926 0.200376 0.94461 -0.0564543 -0.979713 0.192288 -0.626599 2.27822 0.634156</i>
                        <i>0.979343 0.111978 0.16837 -0.191382 0.244523 0.950569 0.0652722 -0.963156 0.260902 -0.623494 2.32186 0.614857</i>
                        <i>0.983077 0.141075 0.11687 -0.159406 0.344356 0.925207 0.0902784 -0.928179 0.361017 -0.624187 2.36856 0.607913</i>
                        <i>0.987292 0.1405 0.0742626 -0.134587 0.490725 0.860857 0.0845082 -0.859912 0.503398 -0.627267 2.42207 0.60149</i>
                        <i>0.991549 0.123875 0.0385507 -0.108555 0.629476 0.7694 0.0710427 -0.767082 0.637604 -0.624405 2.46489 0.589161</i>
                        <i>0.994722 0.102271 0.00826261 -0.0798637 0.721184 0.688125 0.0644167 -0.685153 0.725545 -0.610113 2.48534 0.57346</i>
                        <i>0.996473 0.0826316 -0.0146092 -0.055189 0.776511 0.627682 0.0632106 -0.624662 0.778333 -0.58779 2.48814 0.55894</i>
                        <i>0.997446 0.0654317 -0.0286551 -0.0377306 0.823237 0.566443 0.0606533 -0.563915 0.823602 -0.563996 2.48295 0.545277</i>
                        <i>0.998139 0.0502157 -0.034591 -0.0258087 0.861876 0.506462 0.0552454 -0.504627 0.861568 -0.539629 2.47107 0.532631</i>
                        <i>0.998781 0.0363847 -0.0333465 -0.0175309 0.893141 0.449435 0.0461356 -0.448303 0.89269 -0.515482 2.45397 0.521075</i>
                        <i>0.99938 0.0234501 -0.0262441 -0.0111146 0.917814 0.396856 0.0333935 -0.396318 0.917506 -0.492305 2.43332 0.510666</i>
                        <i>0.999823 0.0112514 -0.0150619 -0.00526519 0.936664 0.350188 0.0180481 -0.350047 0.936558 -0.470895 2.41088 0.501518</i>
                        <i>0.999998 8.73313e-005 -0.00198724 0.000535019 0.950414 0.310986 0.00191586 -0.310987 0.950412 -0.452178 2.38851 0.493841</i>
                        <i>0.999902 -0.00927643 0.0105097 0.005951 0.959715 0.280914 -0.0126922 -0.280823 0.959675 -0.437249 2.36811 0.487941</i>
                        <i>0.999679 -0.0157391 0.0198417 0.0100008 0.965102 0.261684 -0.023268 -0.261401 0.96495 -0.427348 2.35153 0.484173</i>
                        <i>0.99956 -0.018122 0.0234806 0.0115409 0.966888 0.254939 -0.0273231 -0.254556 0.966672 -0.423769 2.34052 0.482863</i>
                        <i>0.99956 -0.018122 0.0234806 0.0116065 0.967496 0.252618 -0.0272953 -0.252234 0.967281 -0.423747 2.3493 0.482107</i>
                        <i>0.99956 -0.018122 0.0234806 0.0116719 0.968099 0.250296 -0.0272674 -0.249912 0.967885 -0.423726 2.3735 0.48135</i>
                        <i>0.99956 -0.018122 0.0234806 0.0115409 0.966888 0.254939 -0.0273231 -0.254556 0.966672 -0.423769 2.38684 0.482863</i>
                        <i>0.99956 -0.018122 0.0234806 0.0112983 0.964594 0.263498 -0.0274243 -0.263117 0.964374 -0.423848 2.3861 0.485652</i>
                        <i>0.99956 -0.018122 0.0234806 0.0111571 0.963228 0.268455 -0.0274821 -0.268074 0.963006 -0.423894 2.38565 0.487268</i>
                        <i>0.99956 -0.018122 0.0234806 0.0110999 0.962668 0.270456 -0.0275052 -0.270077 0.962446 -0.423912 2.38547 0.48792</i>
                        <i>0.99956 -0.018122 0.0234806 0.0111089 0.962757 0.27014 -0.0275016 -0.269761 0.962535 -0.42391 2.3855 0.487817</i>
                        <i>0.99956 -0.018122 0.0234806 0.0111661 0.963316 0.268138 -0.0274784 -0.267758 0.963094 -0.423891 2.38568 0.487165</i>
                        <i>0.99956 -0.018122 0.0234806 0.0112532 0.964161 0.265081 -0.0274428 -0.2647 0.96394 -0.423863 2.38596 0.486168</i>
                        <i>0.99956 -0.018122 0.0234806 0.0113523 0.96511 0.261598 -0.027402 -0.261216 0.964891 -0.42383 2.38626 0.485033</i>
                        <i>0.99956 -0.018122 0.0234806 0.0114452 0.965991 0.258323 -0.0273633 -0.25794 0.965773 -0.4238 2.38655 0.483966</i>
                        <i>0.99956 -0.018122 0.0234806 0.011514 0.966637 0.255891 -0.0273344 -0.255508 0.96642 -0.423778 2.38676 0.483173</i>
                        <i>0.99956 -0.018122 0.0234806 0.0115409 0.966888 0.254939 -0.0273231 -0.254556 0.966672 -0.423769 2.38684 0.482863</i>
                    </KeyFrames>
                </p>
            </i>
            <i>
                <p>
                    <Name><![CDATA[l_clav]]></Name>
                    <Exclude>0</Exclude>
                    <Additive>0</Additive>
                    <IKPriority>0</IKPriority>
                    <IKRotLimits>-1e+010 -1e+010 -1e+010 1e+010 1e+010 1e+010</IKRotLimits>
                    <IKRotLimitOrder>0</IKRotLimitOrder>
                    <KeyFrames count="40">
                        <i>0.985544 0.131418 -0.10692 0.0324039 0.473231 0.880342 0.166291 -0.871081 0.462131 -0.391753 1.96728 0.211026</i>
                        <i>0.977997 0.177518 0.109584 -0.178612 0.44109 0.87951 0.107793 -0.879731 0.463092 -0.401651 1.94384 0.228697</i>
                        <i>0.924964 0.202258 0.321767 -0.378564 0.415362 0.827142 0.0336463 -0.886885 0.460763 -0.41711 1.90849 0.246112</i>
                        <i>0.863617 0.245724 0.44021 -0.504112 0.410532 0.759825 0.005987 -0.878113 0.478415 -0.432383 1.88907 0.254764</i>
                        <i>0.809258 0.277759 0.517639 -0.587048 0.41507 0.695048 -0.0218005 -0.866352 0.498957 -0.432724 1.88458 0.261293</i>
                        <i>0.742641 0.273725 0.611195 -0.662187 0.436373 0.609169 -0.0999643 -0.857119 0.505326 -0.420528 1.87978 0.271787</i>
                        <i>0.688721 0.275499 0.670644 -0.704862 0.471056 0.530354 -0.169799 -0.837978 0.518615 -0.406685 1.88159 0.279957</i>
                        <i>0.682679 0.307798 0.662729 -0.710844 0.489831 0.504744 -0.169266 -0.815675 0.553193 -0.396583 1.89688 0.281468</i>
                        <i>0.731918 0.382245 0.564079 -0.678564 0.484234 0.55233 -0.0620213 -0.787024 0.613797 -0.39036 1.93241 0.272589</i>
                        <i>0.786484 0.480957 0.387457 -0.607648 0.490356 0.624752 0.110487 -0.726795 0.67791 -0.391439 1.98339 0.25198</i>
                        <i>0.804613 0.568487 0.171525 -0.519071 0.533086 0.66812 0.28838 -0.626611 0.724013 -0.406584 2.03729 0.221888</i>
