<?xml version="1.0" encoding="ISO-8859-1" ?>
<Animl Version="1">
    <ModellingPackage><![CDATA[Maya.2010]]></ModellingPackage>
    <SrcFile><![CDATA[anims\turrets\antitank\red\~src\at_rpg7\at_rpg7_idle_crewman_b.mb]]></SrcFile>
    <FramesPerSecond>30</FramesPerSecond>
    <TotalFrames>60</TotalFrames>
    <Skeleton>
        <RefFrame>
            <Name><![CDATA[soldier_ref_frame]]></Name>
            <Exclude>0</Exclude>
            <Additive>0</Additive>
            <IKPriority>0</IKPriority>
            <IKRotLimits>-1e+010 -1e+010 -1e+010 1e+010 1e+010 1e+010</IKRotLimits>
            <IKRotLimitOrder>0</IKRotLimitOrder>
            <KeyFrames count="60">
                <i>1 0 0 0 1 0 0 0 1 0.45 0.92 -2.55</i>
                <i>1 0 0 0 1 0 0 0 1 0.45 0.92 -2.55</i>
                <i>1 0 0 0 1 0 0 0 1 0.45 0.92 -2.55</i>
                <i>1 0 0 0 1 0 0 0 1 0.45 0.92 -2.55</i>
                <i>1 0 0 0 1 0 0 0 1 0.45 0.92 -2.55</i>
                <i>1 0 0 0 1 0 0 0 1 0.45 0.92 -2.55</i>
                <i>1 0 0 0 1 0 0 0 1 0.45 0.92 -2.55</i>
                <i>1 0 0 0 1 0 0 0 1 0.45 0.92 -2.55</i>
                <i>1 0 0 0 1 0 0 0 1 0.45 0.92 -2.55</i>
                <i>1 0 0 0 1 0 0 0 1 0.45 0.92 -2.55</i>
                <i>1 0 0 0 1 0 0 0 1 0.45 0.92 -2.55</i>
                <i>1 0 0 0 1 0 0 0 1 0.45 0.92 -2.55</i>
                <i>1 0 0 0 1 0 0 0 1 0.45 0.92 -2.55</i>
                <i>1 0 0 0 1 0 0 0 1 0.45 0.92 -2.55</i>
                <i>1 0 0 0 1 0 0 0 1 0.45 0.92 -2.55</i>
                <i>1 0 0 0 1 0 0 0 1 0.45 0.92 -2.55</i>
                <i>1 0 0 0 1 0 0 0 1 0.45 0.92 -2.55</i>
                <i>1 0 0 0 1 0 0 0 1 0.45 0.92 -2.55</i>
                <i>1 0 0 0 1 0 0 0 1 0.45 0.92 -2.55</i>
                <i>1 0 0 0 1 0 0 0 1 0.45 0.92 -2.55</i>
                <i>1 0 0 0 1 0 0 0 1 0.45 0.92 -2.55</i>
                <i>1 0 0 0 1 0 0 0 1 0.45 0.92 -2.55</i>
                <i>1 0 0 0 1 0 0 0 1 0.45 0.92 -2.55</i>
                <i>1 0 0 0 1 0 0 0 1 0.45 0.92 -2.55</i>
                <i>1 0 0 0 1 0 0 0 1 0.45 0.92 -2.55</i>
                <i>1 0 0 0 1 0 0 0 1 0.45 0.92 -2.55</i>
                <i>1 0 0 0 1 0 0 0 1 0.45 0.92 -2.55</i>
                <i>1 0 0 0 1 0 0 0 1 0.45 0.92 -2.55</i>
                <i>1 0 0 0 1 0 0 0 1 0.45 0.92 -2.55</i>
                <i>1 0 0 0 1 0 0 0 1 0.45 0.92 -2.55</i>
                <i>1 0 0 0 1 0 0 0 1 0.45 0.92 -2.55</i>
                <i>1 0 0 0 1 0 0 0 1 0.45 0.92 -2.55</i>
                <i>1 0 0 0 1 0 0 0 1 0.45 0.92 -2.55</i>
                <i>1 0 0 0 1 0 0 0 1 0.45 0.92 -2.55</i>
                <i>1 0 0 0 1 0 0 0 1 0.45 0.92 -2.55</i>
                <i>1 0 0 0 1 0 0 0 1 0.45 0.92 -2.55</i>
                <i>1 0 0 0 1 0 0 0 1 0.45 0.92 -2.55</i>
                <i>1 0 0 0 1 0 0 0 1 0.45 0.92 -2.55</i>
                <i>1 0 0 0 1 0 0 0 1 0.45 0.92 -2.55</i>
                <i>1 0 0 0 1 0 0 0 1 0.45 0.92 -2.55</i>
                <i>1 0 0 0 1 0 0 0 1 0.45 0.92 -2.55</i>
                <i>1 0 0 0 1 0 0 0 1 0.45 0.92 -2.55</i>
                <i>1 0 0 0 1 0 0 0 1 0.45 0.92 -2.55</i>
                <i>1 0 0 0 1 0 0 0 1 0.45 0.92 -2.55</i>
                <i>1 0 0 0 1 0 0 0 1 0.45 0.92 -2.55</i>
                <i>1 0 0 0 1 0 0 0 1 0.45 0.92 -2.55</i>
                <i>1 0 0 0 1 0 0 0 1 0.45 0.92 -2.55</i>
                <i>1 0 0 0 1 0 0 0 1 0.45 0.92 -2.55</i>
                <i>1 0 0 0 1 0 0 0 1 0.45 0.92 -2.55</i>
                <i>1 0 0 0 1 0 0 0 1 0.45 0.92 -2.55</i>
                <i>1 0 0 0 1 0 0 0 1 0.45 0.92 -2.55</i>
                <i>1 0 0 0 1 0 0 0 1 0.45 0.92 -2.55</i>
                <i>1 0 0 0 1 0 0 0 1 0.45 0.92 -2.55</i>
                <i>1 0 0 0 1 0 0 0 1 0.45 0.92 -2.55</i>
                <i>1 0 0 0 1 0 0 0 1 0.45 0.92 -2.55</i>
                <i>1 0 0 0 1 0 0 0 1 0.45 0.92 -2.55</i>
                <i>1 0 0 0 1 0 0 0 1 0.45 0.92 -2.55</i>
                <i>1 0 0 0 1 0 0 0 1 0.45 0.92 -2.55</i>
                <i>1 0 0 0 1 0 0 0 1 0.45 0.92 -2.55</i>
                <i>1 0 0 0 1 0 0 0 1 0.45 0.92 -2.55</i>
            </KeyFrames>
        </RefFrame>
        <Bones count="23">
            <i>
                <p>
                    <Name><![CDATA[pelvis]]></Name>
                    <Exclude>0</Exclude>
                    <Additive>0</Additive>
                    <IKPriority>0</IKPriority>
                    <IKRotLimits>-1e+010 -1e+010 -1e+010 1e+010 1e+010 1e+010</IKRotLimits>
                    <IKRotLimitOrder>2</IKRotLimitOrder>
                    <KeyFrames count="60">
                        <i>1 0 0 0 1 0 0 0 1 0.0217058 2.05686 -2.09</i>
                        <i>1 0 0 0 1 0 0 0 1 0.0217058 2.05691 -2.09</i>
                        <i>1 0 0 0 1 0 0 0 1 0.0217058 2.05704 -2.09</i>
                        <i>1 0 0 0 1 0 0 0 1 0.0217058 2.05725 -2.09</i>
                        <i>1 0 0 0 1 0 0 0 1 0.0217058 2.05754 -2.09</i>
                        <i>1 0 0 0 1 0 0 0 1 0.0217058 2.0579 -2.09</i>
                        <i>1 0 0 0 1 0 0 0 1 0.0217058 2.05831 -2.09</i>
                        <i>1 0 0 0 1 0 0 0 1 0.0217058 2.05879 -2.09</i>
                        <i>1 0 0 0 1 0 0 0 1 0.0217058 2.05931 -2.09</i>
                        <i>1 0 0 0 1 0 0 0 1 0.0217058 2.05987 -2.09</i>
                        <i>1 0 0 0 1 0 0 0 1 0.0217058 2.06047 -2.09</i>
                        <i>1 0 0 0 1 0 0 0 1 0.0217058 2.0611 -2.09</i>
                        <i>1 0 0 0 1 0 0 0 1 0.0217058 2.06175 -2.09</i>
                        <i>1 0 0 0 1 0 0 0 1 0.0217058 2.06241 -2.09</i>
                        <i>1 0 0 0 1 0 0 0 1 0.0217058 2.06309 -2.09</i>
                        <i>1 0 0 0 1 0 0 0 1 0.0217058 2.06377 -2.09</i>
                        <i>1 0 0 0 1 0 0 0 1 0.0217058 2.06445 -2.09</i>
                        <i>1 0 0 0 1 0 0 0 1 0.0217058 2.06511 -2.09</i>
                        <i>1 0 0 0 1 0 0 0 1 0.0217058 2.06576 -2.09</i>
                        <i>1 0 0 0 1 0 0 0 1 0.0217058 2.06639 -2.09</i>
                        <i>1 0 0 0 1 0 0 0 1 0.0217058 2.06699 -2.09</i>
                        <i>1 0 0 0 1 0 0 0 1 0.0217058 2.06755 -2.09</i>
                        <i>1 0 0 0 1 0 0 0 1 0.0217058 2.06807 -2.09</i>
                        <i>1 0 0 0 1 0 0 0 1 0.0217058 2.06855 -2.09</i>
                        <i>1 0 0 0 1 0 0 0 1 0.0217058 2.06896 -2.09</i>
                        <i>1 0 0 0 1 0 0 0 1 0.0217058 2.06932 -2.09</i>
                        <i>1 0 0 0 1 0 0 0 1 0.0217058 2.06961 -2.09</i>
                        <i>1 0 0 0 1 0 0 0 1 0.0217058 2.06982 -2.09</i>
                        <i>1 0 0 0 1 0 0 0 1 0.0217058 2.06995 -2.09</i>
                        <i>1 0 0 0 1 0 0 0 1 0.0217058 2.07 -2.09</i>
                        <i>1 0 0 0 1 0 0 0 1 0.0217058 2.06996 -2.09</i>
                        <i>1 0 0 0 1 0 0 0 1 0.0217058 2.06983 -2.09</i>
                        <i>1 0 0 0 1 0 0 0 1 0.0217058 2.06963 -2.09</i>
                        <i>1 0 0 0 1 0 0 0 1 0.0217058 2.06936 -2.09</i>
                        <i>1 0 0 0 1 0 0 0 1 0.0217058 2.06903 -2.09</i>
                        <i>1 0 0 0 1 0 0 0 1 0.0217058 2.06863 -2.09</i>
                        <i>1 0 0 0 1 0 0 0 1 0.0217058 2.06819 -2.09</i>
                        <i>1 0 0 0 1 0 0 0 1 0.0217058 2.06769 -2.09</i>
                        <i>1 0 0 0 1 0 0 0 1 0.0217058 2.06716 -2.09</i>
                        <i>1 0 0 0 1 0 0 0 1 0.0217058 2.06659 -2.09</i>
                        <i>1 0 0 0 1 0 0 0 1 0.0217058 2.066 -2.09</i>
                        <i>1 0 0 0 1 0 0 0 1 0.0217058 2.06537 -2.09</i>
                        <i>1 0 0 0 1 0 0 0 1 0.0217058 2.06474 -2.09</i>
                        <i>1 0 0 0 1 0 0 0 1 0.0217058 2.06409 -2.09</i>
                        <i>1 0 0 0 1 0 0 0 1 0.0217058 2.06343 -2.09</i>
                        <i>1 0 0 0 1 0 0 0 1 0.0217058 2.06277 -2.09</i>
                        <i>1 0 0 0 1 0 0 0 1 0.0217058 2.06212 -2.09</i>
                        <i>1 0 0 0 1 0 0 0 1 0.0217058 2.06149 -2.09</i>
                        <i>1 0 0 0 1 0 0 0 1 0.0217058 2.06086 -2.09</i>
                        <i>1 0 0 0 1 0 0 0 1 0.0217058 2.06027 -2.09</i>
                        <i>1 0 0 0 1 0 0 0 1 0.0217058 2.0597 -2.09</i>
                        <i>1 0 0 0 1 0 0 0 1 0.0217058 2.05916 -2.09</i>
                        <i>1 0 0 0 1 0 0 0 1 0.0217058 2.05867 -2.09</i>
                        <i>1 0 0 0 1 0 0 0 1 0.0217058 2.05823 -2.09</i>
                        <i>1 0 0 0 1 0 0 0 1 0.0217058 2.05783 -2.09</i>
                        <i>1 0 0 0 1 0 0 0 1 0.0217058 2.0575 -2.09</i>
                        <i>1 0 0 0 1 0 0 0 1 0.0217058 2.05723 -2.09</i>
                        <i>1 0 0 0 1 0 0 0 1 0.0217058 2.05703 -2.09</i>
                        <i>1 0 0 0 1 0 0 0 1 0.0217058 2.0569 -2.09</i>
                        <i>1 0 0 0 1 0 0 0 1 0.0217058 2.05686 -2.09</i>
                    </KeyFrames>
                </p>
            </i>
            <i>
                <p>
                    <Name><![CDATA[spine0]]></Name>
                    <Exclude>0</Exclude>
                    <Additive>0</Additive>
                    <IKPriority>0</IKPriority>
                    <IKRotLimits>-1e+010 -1e+010 -1e+010 1e+010 1e+010 1e+010</IKRotLimits>
                    <IKRotLimitOrder>0</IKRotLimitOrder>
                    <KeyFrames count="60">
                        <i>-0.107949 0.991837 0.067869 -0.149866 0.0512528 -0.987377 -0.982796 -0.116757 0.14311 0.079673 2.18768 -2.07509</i>
                        <i>-0.108609 0.991755 0.0680194 -0.149835 0.0513106 -0.987379 -0.982728 -0.11743 0.143027 0.079644 2.18774 -2.07508</i>
                        <i>-0.109245 0.991675 0.068165 -0.149753 0.0513731 -0.987388 -0.98267 -0.118075 0.142894 0.079561 2.1879 -2.07506</i>
                        <i>-0.10986 0.991597 0.068306 -0.149627 0.0514398 -0.987404 -0.98262 -0.118696 0.142718 0.07943 2.18817 -2.07503</i>
                        <i>-0.110455 0.991522 0.0684429 -0.149461 0.0515102 -0.987425 -0.982579 -0.119296 0.142504 0.0792571 2.18853 -2.075</i>
                        <i>-0.111034 0.991448 0.0685762 -0.149262 0.0515837 -0.987451 -0.982544 -0.119877 0.142258 0.0790482 2.18897 -2.07495</i>
                        <i>-0.1116 0.991375 0.0687064 -0.149035 0.0516596 -0.987482 -0.982514 -0.120443 0.141985 0.0788095 2.18949 -2.0749</i>
                        <i>-0.112155 0.991304 0.068834 -0.148787 0.0517372 -0.987515 -0.982488 -0.120997 0.14169 0.0785469 2.19007 -2.07484</i>
                        <i>-0.112703 0.991233 0.0689592 -0.148522 0.0518161 -0.987551 -0.982466 -0.121542 0.141381 0.0782665 2.19071 -2.07478</i>
                        <i>-0.113245 0.991163 0.0690826 -0.148248 0.0518955 -0.987588 -0.982445 -0.122081 0.141061 0.0779744 2.19139 -2.07472</i>
                        <i>-0.113784 0.991092 0.0692047 -0.147968 0.0519748 -0.987625 -0.982425 -0.122616 0.140736 0.0776766 2.1921 -2.07465</i>
                        <i>-0.114322 0.991022 0.0693257 -0.14769 0.0520535 -0.987663 -0.982404 -0.123151 0.140413 0.0773792 2.19285 -2.07459</i>
                        <i>-0.114862 0.990951 0.0694463 -0.147419 0.052131 -0.987699 -0.982382 -0.123686 0.140097 0.0770885 2.19362 -2.07453</i>
                        <i>-0.115403 0.99088 0.0695666 -0.14716 0.0522068 -0.987734 -0.982357 -0.124225 0.139793 0.0768105 2.19439 -2.07447</i>
                        <i>-0.115948 0.990808 0.0696872 -0.146919 0.0522803 -0.987766 -0.982329 -0.124768 0.139506 0.0765514 2.19517 -2.07441</i>
                        <i>-0.116467 0.990739 0.0698014 -0.146701 0.0523484 -0.987795 -0.9823 -0.125285 0.139246 0.0763175 2.19594 -2.07436</i>
                        <i>-0.116918 0.990679 0.0699002 -0.146514 0.0524073 -0.987819 -0.982275 -0.125735 0.139021 0.0761149 2.19669 -2.07432</i>
                        <i>-0.117293 0.990629 0.0699821 -0.146361 0.0524556 -0.98784 -0.982253 -0.126109 0.138837 0.0759498 2.19742 -2.07428</i>
                        <i>-0.117584 0.99059 0.0700452 -0.146249 0.052492 -0.987854 -0.982235 -0.1264 0.1387 0.0758285 2.19812 -2.07426</i>
                        <i>-0.117782 0.990563 0.070088 -0.146183 0.0525152 -0.987863 -0.982221 -0.126598 0.138618 0.0757572 2.19878 -2.07424</i>
                        <i>-0.11788 0.99055 0.0701088 -0.146169 0.0525239 -0.987864 -0.982211 -0.126697 0.138596 0.0757421 2.19938 -2.07424</i>
                        <i>-0.11787 0.990551 0.0701058 -0.146212 0.0525169 -0.987858 -0.982206 -0.126689 0.13864 0.0757893 2.19993 -2.07425</i>
                        <i>-0.117762 0.990566 0.0700815 -0.146305 0.0524959 -0.987846 -0.982205 -0.126584 0.138742 0.0758898 2.20041 -2.07427</i>
                        <i>-0.117575 0.990591 0.0700397 -0.146433 0.0524641 -0.987828 -0.982209 -0.1264 0.138886 0.0760287 2.20083 -2.0743</i>
                        <i>-0.117312 0.990626 0.0699812 -0.146594 0.0524221 -0.987807 -0.982216 -0.12614 0.13907 0.0762028 2.20118 -2.07434</i>
                        <i>-0.116977 0.990671 0.0699065 -0.146785 0.0523705 -0.987781 -0.982227 -0.125808 0.13929 0.0764094 2.20145 -2.07438</i>
                        <i>-0.116573 0.990725 0.0698164 -0.147004 0.0523099 -0.987752 -0.982243 -0.125408 0.139543 0.0766455 2.20165 -2.07443</i>
                        <i>-0.116103 0.990788 0.0697116 -0.147248 0.0522408 -0.987719 -0.982262 -0.124942 0.139826 0.0769081 2.20176 -2.07449</i>
                        <i>-0.115572 0.990858 0.0695928 -0.147515 0.0521639 -0.987683 -0.982284 -0.124415 0.140137 0.0771942 2.20178 -2.07455</i>
                        <i>-0.114983 0.990936 0.0694605 -0.147801 0.0520798 -0.987645 -0.98231 -0.123828 0.140473 0.077501 2.20171 -2.07462</i>
                        <i>-0.114338 0.991021 0.0693155 -0.148105 0.051989 -0.987604 -0.98234 -0.123187 0.140831 0.0778255 2.20153 -2.07469</i>
                        <i>-0.113642 0.991112 0.0691584 -0.148424 0.0518922 -0.987561 -0.982373 -0.122493 0.141208 0.0781647 2.20127 -2.07476</i>
                        <i>-0.112897 0.991209 0.0689899 -0.148755 0.05179 -0.987517 -0.982408 -0.12175 0.141601 0.0785159 2.20093 -2.07484</i>
                        <i>-0.112106 0.991311 0.0688106 -0.149096 0.051683 -0.987471 -0.982447 -0.120961 0.142007 0.078876 2.20051 -2.07491</i>
                        <i>-0.111273 0.991418 0.0686212 -0.149444 0.0515719 -0.987424 -0.982489 -0.120128 0.142423 0.0792422 2.20002 -2.07499</i>
                        <i>-0.1104 0.991529 0.0684223 -0.149796 0.0514571 -0.987377 -0.982534 -0.119256 0.142846 0.0796115 2.19948 -2.07507</i>
                        <i>-0.10949 0.991644 0.0682145 -0.150149 0.0513393 -0.987329 -0.982582 -0.118345 0.143273 0.0799812 2.19888 -2.07516</i>
                        <i>-0.108566 0.991761 0.068003 -0.150502 0.0512207 -0.987282 -0.98263 -0.11742 0.143701 0.0803483 2.19823 -2.07524</i>
                        <i>-0.107653 0.991874 0.0677934 -0.15085 0.0511038 -0.987235 -0.982678 -0.116506 0.144123 0.0807101 2.19754 -2.07532</i>
                        <i>-0.106758 0.991985 0.0675875 -0.151192 0.0509893 -0.987189 -0.982723 -0.115609 0.144536 0.0810637 2.19682 -2.07539</i>
                        <i>-0.105889 0.992092 0.0673871 -0.151524 0.0508783 -0.987143 -0.982765 -0.114739 0.144938 0.0814063 2.19608 -2.07547</i>
                        <i>-0.105053 0.992194 0.0671939 -0.151844 0.0507717 -0.9871 -0.982806 -0.113901 0.145325 0.0817352 2.19531 -2.07554</i>
                        <i>-0.104252 0.992291 0.0670083 -0.152149 0.0506699 -0.987058 -0.982844 -0.113098 0.145693 0.0820474 2.19454 -2.07561</i>
                        <i>-0.10349 0.992383 0.0668315 -0.152435 0.0505736 -0.987019 -0.98288 -0.112334 0.14604 0.0823403 2.19376 -2.07568</i>
                        <i>-0.102777 0.992468 0.0666658 -0.152701 0.050484 -0.986982 -0.982914 -0.111619 0.146362 0.0826111 2.19298 -2.07574</i>
                        <i>-0.102124 0.992545 0.0665138 -0.152943 0.0504022 -0.986949 -0.982944 -0.110964 0.146656 0.0828571 2.19221 -2.07579</i>
                        <i>-0.101541 0.992614 0.0663779 -0.153159 0.0503294 -0.986919 -0.982971 -0.110379 0.146917 0.0830754 2.19147 -2.07584</i>
                        <i>-0.101039 0.992674 0.0662606 -0.153344 0.0502666 -0.986893 -0.982994 -0.109875 0.147142 0.0832634 2.19074 -2.07589</i>
                        <i>-0.100627 0.992722 0.0661643 -0.153498 0.0502151 -0.986872 -0.983012 -0.109462 0.147328 0.0834183 2.19005 -2.07592</i>
                        <i>-0.100317 0.992758 0.0660915 -0.153616 0.0501759 -0.986856 -0.983025 -0.109151 0.14747 0.0835373 2.1894 -2.07595</i>
                        <i>-0.100198 0.992772 0.0660644 -0.153624 0.0501658 -0.986855 -0.983036 -0.10903 0.147488 0.0835455 2.18883 -2.07595</i>
                        <i>-0.100337 0.992755 0.0660993 -0.153471 0.0501967 -0.986877 -0.983046 -0.109164 0.147323 0.0833891 2.18837 -2.07591</i>
                        <i>-0.100711 0.992712 0.0661899 -0.153185 0.050263 -0.986918 -0.983052 -0.109533 0.147007 0.083097 2.188 -2.07585</i>
                        <i>-0.101298 0.992642 0.0663303 -0.152794 0.050359 -0.986974 -0.983053 -0.110114 0.146569 0.0826979 2.18774 -2.07576</i>
                        <i>-0.102076 0.99255 0.0665143 -0.152328 0.0504792 -0.98704 -0.983045 -0.110885 0.146041 0.0822203 2.18756 -2.07565</i>
                        <i>-0.103021 0.992438 0.0667356 -0.151816 0.050618 -0.987112 -0.983025 -0.111825 0.145453 0.0816932 2.18745 -2.07553</i>
                        <i>-0.104108 0.992307 0.066988 -0.151285 0.0507701 -0.987186 -0.982993 -0.112908 0.144836 0.0811456 2.18742 -2.07541</i>
                        <i>-0.10531 0.992162 0.0672652 -0.150764 0.0509302 -0.987257 -0.982944 -0.114109 0.144219 0.0806067 2.18745 -2.07529</i>
                        <i>-0.1066 0.992004 0.0675609 -0.150282 0.0510929 -0.987322 -0.982879 -0.115402 0.143634 0.0801059 2.18754 -2.07518</i>
                        <i>-0.107949 0.991837 0.067869 -0.149866 0.0512528 -0.987377 -0.982796 -0.116757 0.14311 0.079673 2.18768 -2.07509</i>
                    </KeyFrames>
                </p>
            </i>
            <i>
                <p>
                    <Name><![CDATA[spine1]]></Name>
                    <Exclude>0</Exclude>
                    <Additive>0</Additive>
                    <IKPriority>0</IKPriority>
                    <IKRotLimits>-1e+010 -1e+010 -1e+010 1e+010 1e+010 1e+010</IKRotLimits>
                    <IKRotLimitOrder>0</IKRotLimitOrder>
                    <KeyFrames count="60">
                        <i>-0.482204 0.875739 0.0236761 -0.361125 -0.174077 -0.916126 -0.798165 -0.45031 0.400192 0.0601062 2.36804 -2.06276</i>
                        <i>-0.482375 0.875643 0.0237254 -0.36108 -0.17409 -0.916141 -0.798082 -0.450491 0.400154 0.059956 2.36809 -2.06272</i>
                        <i>-0.482188 0.875748 0.0236843 -0.361002 -0.17399 -0.916191 -0.798231 -0.450326 0.400042 0.059759 2.36823 -2.06268</i>
                        <i>-0.481693 0.876023 0.0235661 -0.360891 -0.173792 -0.916272 -0.798579 -0.449867 0.399864 0.0595204 2.36844 -2.06263</i>
                        <i>-0.480943 0.87644 0.0233839 -0.360752 -0.173512 -0.91638 -0.799095 -0.449162 0.399627 0.0592455 2.36873 -2.06257</i>
                        <i>-0.479987 0.87697 0.0231508 -0.360586 -0.173163 -0.916511 -0.799744 -0.448261 0.399339 0.0589395 2.36908 -2.0625</i>
                        <i>-0.478877 0.877584 0.0228798 -0.360396 -0.172761 -0.916662 -0.800494 -0.447214 0.399009 0.0586076 2.36949 -2.06243</i>
                        <i>-0.477664 0.878252 0.0225841 -0.360185 -0.172321 -0.916827 -0.801314 -0.44607 0.398645 0.058255 2.36996 -2.06236</i>
                        <i>-0.476399 0.878947 0.0222767 -0.359954 -0.171858 -0.917005 -0.80217 -0.444879 0.398254 0.057887 2.37047 -2.06228</i>
                        <i>-0.475134 0.879639 0.0219707 -0.359708 -0.171386 -0.91719 -0.803031 -0.443691 0.397845 0.0575088 2.37103 -2.06221</i>
                        <i>-0.47392 0.880301 0.0216793 -0.359448 -0.17092 -0.917379 -0.803864 -0.442557 0.397425 0.0571259 2.37162 -2.06213</i>
                        <i>-0.472811 0.880904 0.0214156 -0.359176 -0.170475 -0.917568 -0.804638 -0.441528 0.397002 0.0567436 2.37223 -2.06205</i>
                        <i>-0.471858 0.88142 0.0211928 -0.358895 -0.170064 -0.917754 -0.805322 -0.440656 0.396583 0.0563675 2.37288 -2.06197</i>
                        <i>-0.471117 0.88182 0.0210241 -0.358607 -0.169703 -0.917934 -0.805884 -0.439994 0.396177 0.056003 2.37353 -2.0619</i>
                        <i>-0.47064 0.882077 0.0209226 -0.358314 -0.169404 -0.918103 -0.806293 -0.439593 0.395789 0.0556559 2.3742 -2.06183</i>
                        <i>-0.470385 0.882214 0.0208766 -0.35803 -0.169167 -0.918258 -0.806569 -0.439409 0.395432 0.0553376 2.37488 -2.06176</i>
                        <i>-0.470276 0.882273 0.020866 -0.35777 -0.168981 -0.918393 -0.806747 -0.439364 0.395118 0.0550616 2.37555 -2.06171</i>
                        <i>-0.470331 0.882243 0.0208942 -0.357541 -0.168855 -0.918505 -0.806817 -0.439472 0.394856 0.0548353 2.37621 -2.06166</i>
                        <i>-0.470563 0.882117 0.0209644 -0.35735 -0.168797 -0.91859 -0.806766 -0.439747 0.394654 0.0546661 2.37686 -2.06163</i>
                        <i>-0.470991 0.881886 0.02108 -0.357203 -0.168813 -0.918645 -0.806582 -0.440203 0.394522 0.0545615 2.37749 -2.0616</i>
                        <i>-0.471627 0.881542 0.0212444 -0.357106 -0.168913 -0.918664 -0.806253 -0.440854 0.394468 0.0545289 2.37809 -2.0616</i>
                        <i>-0.472489 0.881075 0.0214609 -0.357065 -0.169105 -0.918645 -0.805766 -0.441712 0.394501 0.0545755 2.37866 -2.06161</i>
                        <i>-0.473532 0.880509 0.0217195 -0.357073 -0.169373 -0.918592 -0.805149 -0.442738 0.39461 0.0546908 2.37919 -2.06163</i>
                        <i>-0.474693 0.879877 0.0220048 -0.357119 -0.169694 -0.918515 -0.804446 -0.443871 0.394773 0.0548571 2.37966 -2.06166</i>
                        <i>-0.47595 0.879189 0.0223123 -0.3572 -0.170063 -0.918416 -0.803667 -0.44509 0.394988 0.055071 2.38009 -2.06171</i>
                        <i>-0.477285 0.878457 0.0226374 -0.357315 -0.170473 -0.918295 -0.802823 -0.446377 0.39525 0.0553292 2.38046 -2.06176</i>
                        <i>-0.478677 0.87769 0.0229755 -0.357463 -0.170919 -0.918154 -0.801928 -0.447713 0.395557 0.0556281 2.38075 -2.06182</i>
                        <i>-0.480108 0.876899 0.023322 -0.357642 -0.171396 -0.917996 -0.800992 -0.449078 0.395904 0.0559643 2.38097 -2.06189</i>
                        <i>-0.481558 0.876094 0.0236725 -0.35785 -0.171898 -0.91782 -0.800028 -0.450455 0.39629 0.0563345 2.38112 -2.06196</i>
                        <i>-0.483007 0.875287 0.0240223 -0.358088 -0.172418 -0.91763 -0.799048 -0.451824 0.396709 0.0567353 2.38117 -2.06204</i>
                        <i>-0.484437 0.874487 0.0243669 -0.358353 -0.172952 -0.917426 -0.798063 -0.453167 0.397159 0.0571632 2.38113 -2.06213</i>
                        <i>-0.485827 0.873706 0.0247019 -0.358643 -0.173493 -0.917211 -0.797087 -0.454465 0.397636 0.0576149 2.38102 -2.06223</i>
                        <i>-0.48716 0.872954 0.0250226 -0.358958 -0.174035 -0.916985 -0.796131 -0.455701 0.398137 0.058087 2.38082 -2.06232</i>
                        <i>-0.488417 0.872243 0.0253245 -0.359295 -0.174573 -0.91675 -0.795208 -0.456856 0.398657 0.0585763 2.38056 -2.06243</i>
                        <i>-0.489579 0.871583 0.0256031 -0.359654 -0.1751 -0.916509 -0.79433 -0.457912 0.399194 0.0590795 2.38022 -2.06253</i>
                        <i>-0.490629 0.870985 0.025854 -0.360033 -0.17561 -0.916263 -0.793511 -0.458853 0.399742 0.0595932 2.37983 -2.06264</i>
                        <i>-0.491547 0.870461 0.0260725 -0.36043 -0.176097 -0.916013 -0.792762 -0.459661 0.4003 0.0601142 2.37939 -2.06275</i>
                        <i>-0.49237 0.86999 0.0262679 -0.360836 -0.176565 -0.915763 -0.792066 -0.460373 0.400859 0.0606357 2.3789 -2.06286</i>
                        <i>-0.493142 0.869546 0.0264519 -0.361244 -0.17702 -0.915514 -0.7914 -0.461034 0.401415 0.0611503 2.37836 -2.06297</i>
                        <i>-0.493858 0.869135 0.0266231 -0.361649 -0.177459 -0.915269 -0.790768 -0.461641 0.401962 0.0616539 2.37779 -2.06307</i>
                        <i>-0.494513 0.868758 0.0267801 -0.362049 -0.177878 -0.91503 -0.790176 -0.46219 0.402496 0.0621423 2.37719 -2.06318</i>
                        <i>-0.495101 0.868418 0.0269217 -0.362439 -0.178273 -0.914799 -0.789628 -0.462675 0.403012 0.0626117 2.37657 -2.06328</i>
                        <i>-0.495608 0.868125 0.0270439 -0.362817 -0.17864 -0.914577 -0.789136 -0.463084 0.403506 0.0630588 2.37592 -2.06338</i>
                        <i>-0.496024 0.867884 0.0271439 -0.363181 -0.178972 -0.914368 -0.788708 -0.463407 0.403974 0.0634804 2.37527 -2.06347</i>
                        <i>-0.496349 0.867696 0.0272219 -0.363526 -0.179268 -0.914173 -0.788344 -0.463645 0.40441 0.0638718 2.37461 -2.06355</i>
                        <i>-0.496585 0.867559 0.027278 -0.363848 -0.179526 -0.913994 -0.788047 -0.463801 0.40481 0.0642285 2.37395 -2.06363</i>
                        <i>-0.496733 0.867473 0.0273125 -0.364143 -0.179744 -0.913834 -0.787817 -0.463877 0.405169 0.0645458 2.37329 -2.0637</i>
                        <i>-0.496795 0.867438 0.0273256 -0.364406 -0.179918 -0.913695 -0.787657 -0.463876 0.405482 0.0648191 2.37265 -2.06376</i>
                        <i>-0.496771 0.867452 0.0273174 -0.364633 -0.180047 -0.913579 -0.787567 -0.4638 0.405743 0.0650438 2.37203 -2.0638</i>
                        <i>-0.496663 0.867514 0.0272881 -0.364819 -0.180129 -0.913488 -0.787549 -0.463651 0.405949 0.0652153 2.37143 -2.06384</i>
                        <i>-0.496216 0.867774 0.0271723 -0.364886 -0.180048 -0.913477 -0.787799 -0.463197 0.405982 0.0652454 2.37086 -2.06385</i>
                        <i>-0.495251 0.868333 0.0269237 -0.364778 -0.179723 -0.913585 -0.788457 -0.462275 0.405756 0.06507 2.37033 -2.06381</i>
                        <i>-0.493877 0.869126 0.0265714 -0.364523 -0.179202 -0.913789 -0.789436 -0.460985 0.40532 0.064721 2.36983 -2.06374</i>
                        <i>-0.492203 0.870088 0.0261447 -0.364152 -0.178532 -0.914068 -0.790651 -0.459428 0.404718 0.0642301 2.36939 -2.06363</i>
                        <i>-0.49034 0.871153 0.025673 -0.363694 -0.177763 -0.9144 -0.792018 -0.457704 0.403998 0.0636289 2.369 -2.0635</i>
                        <i>-0.488399 0.872257 0.0251858 -0.363181 -0.176941 -0.914763 -0.793452 -0.455917 0.403205 0.0629495 2.36866 -2.06336</i>
                        <i>-0.486496 0.873333 0.0247128 -0.362639 -0.176115 -0.915137 -0.794868 -0.454172 0.402384 0.0622245 2.3684 -2.06321</i>
                        <i>-0.484748 0.874317 0.0242838 -0.362098 -0.175331 -0.915502 -0.796181 -0.452581 0.40158 0.0614866 2.3682 -2.06305</i>
                        <i>-0.483277 0.875141 0.0239283 -0.361585 -0.174636 -0.915838 -0.797308 -0.451255 0.400835 0.0607693 2.36807 -2.0629</i>
                        <i>-0.482204 0.875739 0.0236761 -0.361125 -0.174077 -0.916126 -0.798165 -0.45031 0.400192 0.0601062 2.36804 -2.06276</i>
                    </KeyFrames>
                </p>
            </i>
            <i>
                <p>
                    <Name><![CDATA[spine2]]></Name>
                    <Exclude>0</Exclude>
                    <Additive>0</Additive>
                    <IKPriority>0</IKPriority>
                    <IKRotLimits>-1e+010 -1e+010 -1e+010 1e+010 1e+010 1e+010</IKRotLimits>
                    <IKRotLimitOrder>0</IKRotLimitOrder>
                    <KeyFrames count="60">
                        <i>-0.636088 0.755405 0.15734 -0.517296 -0.266178 -0.813359 -0.572536 -0.598759 0.560081 -0.020612 2.51435 -2.05846</i>
                        <i>-0.635394 0.756034 0.157118 -0.51747 -0.265868 -0.813351 -0.573148 -0.598102 0.560156 -0.0207955 2.5144 -2.05842</i>
                        <i>-0.634487 0.756853 0.156845 -0.517715 -0.265465 -0.813326 -0.573931 -0.597246 0.560268 -0.020954 2.51454 -2.05838</i>
                        <i>-0.633409 0.75782 0.156532 -0.518019 -0.264986 -0.813289 -0.574848 -0.596231 0.560409 -0.0210923 2.51477 -2.05835</i>
                        <i>-0.632204 0.758896 0.156191 -0.518364 -0.264452 -0.813243 -0.575862 -0.595099 0.560572 -0.021215 2.51508 -2.05833</i>
                        <i>-0.630917 0.76004 0.155833 -0.518738 -0.263879 -0.813191 -0.576936 -0.593892 0.560747 -0.0213269 2.51547 -2.0583</i>
                        <i>-0.629591 0.761213 0.15547 -0.519124 -0.263287 -0.813136 -0.578036 -0.592651 0.560927 -0.0214328 2.51591 -2.05828</i>
                        <i>-0.628271 0.762375 0.155114 -0.519509 -0.262695 -0.813082 -0.579126 -0.591418 0.561104 -0.0215373 2.51641 -2.05826</i>
                        <i>-0.627002 0.763487 0.154777 -0.519878 -0.262122 -0.813031 -0.580168 -0.590237 0.561271 -0.0216452 2.51695 -2.05824</i>
                        <i>-0.625831 0.764509 0.15447 -0.520216 -0.261587 -0.812987 -0.581129 -0.58915 0.561419 -0.0217613 2.51753 -2.05821</i>
                        <i>-0.624803 0.765403 0.154206 -0.52051 -0.26111 -0.812952 -0.581971 -0.588201 0.561542 -0.0218902 2.51814 -2.05819</i>
                        <i>-0.623967 0.766127 0.153997 -0.520744 -0.260712 -0.81293 -0.582659 -0.587434 0.561631 -0.0220364 2.51876 -2.05816</i>
                        <i>-0.623368 0.766642 0.153855 -0.520903 -0.260412 -0.812924 -0.583156 -0.586894 0.561679 -0.0222047 2.5194 -2.05812</i>
                        <i>-0.623056 0.766909 0.153791 -0.520974 -0.260231 -0.812936 -0.583427 -0.586626 0.561678 -0.0223996 2.52005 -2.05808</i>
                        <i>-0.623076 0.766887 0.15382 -0.520942 -0.260189 -0.812971 -0.583434 -0.586674 0.561621 -0.0226253 2.52068 -2.05802</i>
                        <i>-0.623364 0.766632 0.15392 -0.520828 -0.260262 -0.81302 -0.583228 -0.586974 0.561522 -0.0228638 2.52131 -2.05797</i>
                        <i>-0.623815 0.766237 0.154064 -0.520667 -0.260407 -0.813077 -0.58289 -0.587426 0.561401 -0.0230898 2.52194 -2.05792</i>
                        <i>-0.624425 0.765703 0.15425 -0.520461 -0.260626 -0.813139 -0.582421 -0.588025 0.56126 -0.0232994 2.52255 -2.05787</i>
                        <i>-0.625191 0.765032 0.154476 -0.52021 -0.260917 -0.813206 -0.581823 -0.588769 0.5611 -0.0234888 2.52314 -2.05782</i>
                        <i>-0.62611 0.764226 0.15474 -0.519915 -0.261281 -0.813278 -0.581097 -0.589653 0.560924 -0.0236541 2.52371 -2.05778</i>
                        <i>-0.627179 0.763288 0.155041 -0.519578 -0.261717 -0.813353 -0.580247 -0.590673 0.560731 -0.0237916 2.52425 -2.05775</i>
                        <i>-0.628392 0.762222 0.155376 -0.519198 -0.262224 -0.813432 -0.579273 -0.591825 0.560523 -0.0238976 2.52476 -2.05772</i>
                        <i>-0.629721 0.76105 0.155738 -0.518785 -0.262788 -0.813514 -0.578199 -0.593081 0.560304 -0.023974 2.52523 -2.0577</i>
                        <i>-0.631124 0.759809 0.156119 -0.518351 -0.26339 -0.813596 -0.577057 -0.594404 0.560079 -0.0240251 2.52564 -2.05768</i>
                        <i>-0.632583 0.758513 0.156513 -0.5179 -0.264022 -0.813678 -0.575863 -0.595777 0.55985 -0.0240506 2.52601 -2.05767</i>
                        <i>-0.634079 0.75718 0.156915 -0.51744 -0.264675 -0.813759 -0.57463 -0.597181 0.55962 -0.0240501 2.52632 -2.05767</i>
                        <i>-0.635591 0.755827 0.157322 -0.516976 -0.26534 -0.813837 -0.573376 -0.598599 0.559392 -0.0240234 2.52656 -2.05767</i>
                        <i>-0.637102 0.754469 0.157727 -0.516514 -0.266009 -0.813912 -0.572115 -0.600013 0.559169 -0.0239703 2.52673 -2.05768</i>
                        <i>-0.638591 0.753125 0.158126 -0.516059 -0.266675 -0.813983 -0.570862 -0.601404 0.558953 -0.0238904 2.52682 -2.05769</i>
                        <i>-0.640042 0.751811 0.158514 -0.515619 -0.267327 -0.814048 -0.569635 -0.602758 0.558748 -0.0237835 2.52683 -2.05771</i>
                        <i>-0.641436 0.750543 0.158887 -0.515198 -0.26796 -0.814106 -0.568447 -0.604055 0.558557 -0.0236492 2.52676 -2.05774</i>
                        <i>-0.642754 0.74934 0.15924 -0.514803 -0.268563 -0.814157 -0.567314 -0.605279 0.558383 -0.0234873 2.52661 -2.05777</i>
                        <i>-0.643979 0.748218 0.159568 -0.51444 -0.269131 -0.814199 -0.566253 -0.606415 0.558228 -0.0232974 2.52639 -2.05782</i>
                        <i>-0.645093 0.747193 0.159866 -0.514115 -0.269655 -0.814231 -0.565279 -0.607444 0.558096 -0.0230793 2.52611 -2.05786</i>
                        <i>-0.64608 0.746284 0.16013 -0.513834 -0.270128 -0.814251 -0.564407 -0.608352 0.55799 -0.0228326 2.52578 -2.05792</i>
                        <i>-0.646922 0.745506 0.160355 -0.513603 -0.270542 -0.81426 -0.563652 -0.609121 0.557913 -0.022557 2.52539 -2.05798</i>
                        <i>-0.647602 0.744876 0.160537 -0.513428 -0.27089 -0.814255 -0.56303 -0.609737 0.557869 -0.0222521 2.52497 -2.05805</i>
                        <i>-0.648163 0.744355 0.160686 -0.513293 -0.271188 -0.81424 -0.562508 -0.61024 0.557847 -0.0219305 2.5245 -2.05812</i>
                        <i>-0.648656 0.743897 0.160818 -0.513181 -0.271457 -0.814222 -0.562042 -0.610678 0.557836 -0.0216068 2.52399 -2.05819</i>
                        <i>-0.649078 0.743504 0.160931 -0.51309 -0.271695 -0.814199 -0.561637 -0.611051 0.557836 -0.0212836 2.52346 -2.05827</i>
                        <i>-0.649426 0.74318 0.161023 -0.513024 -0.271899 -0.814173 -0.561295 -0.611354 0.557848 -0.0209636 2.52289 -2.05834</i>
                        <i>-0.649698 0.742927 0.161095 -0.512981 -0.27207 -0.814143 -0.56102 -0.611586 0.55787 -0.0206497 2.52231 -2.05841</i>
                        <i>-0.649882 0.742756 0.161143 -0.512965 -0.272201 -0.814109 -0.560821 -0.611736 0.557906 -0.0203416 2.52171 -2.05849</i>
                        <i>-0.649971 0.742673 0.161166 -0.51298 -0.272289 -0.81407 -0.560704 -0.611797 0.557956 -0.0200406 2.5211 -2.05856</i>
                        <i>-0.649967 0.742677 0.161162 -0.513023 -0.272336 -0.814028 -0.560669 -0.611771 0.55802 -0.0197507 2.52048 -2.05862</i>
                        <i>-0.649872 0.742766 0.161133 -0.513093 -0.272341 -0.813982 -0.560715 -0.611661 0.558095 -0.0194765 2.51987 -2.05869</i>
                        <i>-0.649689 0.742939 0.161079 -0.513188 -0.272304 -0.813934 -0.560841 -0.611467 0.55818 -0.0192223 2.51927 -2.05875</i>
                        <i>-0.649418 0.743193 0.161 -0.513309 -0.272226 -0.813884 -0.561045 -0.611193 0.558276 -0.0189922 2.51867 -2.0588</i>
                        <i>-0.649061 0.743527 0.160896 -0.513452 -0.272107 -0.813834 -0.561326 -0.61084 0.558379 -0.0187909 2.5181 -2.05885</i>
                        <i>-0.648621 0.743938 0.160768 -0.513616 -0.271948 -0.813783 -0.561684 -0.61041 0.55849 -0.0186224 2.51754 -2.05889</i>
                        <i>-0.647994 0.744523 0.16059 -0.513833 -0.271695 -0.813731 -0.56221 -0.609809 0.558617 -0.0185173 2.51702 -2.05892</i>
                        <i>-0.647106 0.745348 0.160345 -0.514122 -0.271313 -0.813676 -0.562968 -0.608971 0.558768 -0.0184984 2.51653 -2.05893</i>
                        <i>-0.646001 0.746371 0.160043 -0.51447 -0.270822 -0.813619 -0.563919 -0.607936 0.558936 -0.0185588 2.51607 -2.05892</i>
                        <i>-0.644723 0.747549 0.159697 -0.514861 -0.270242 -0.813564 -0.565022 -0.606746 0.559115 -0.0186917 2.51566 -2.05889</i>
                        <i>-0.643319 0.748839 0.159318 -0.515282 -0.269596 -0.813512 -0.566238 -0.605441 0.5593 -0.0188901 2.5153 -2.05885</i>
                        <i>-0.641833 0.750197 0.158917 -0.515719 -0.268905 -0.813464 -0.567525 -0.604065 0.559483 -0.0191471 2.51499 -2.05879</i>
                        <i>-0.640315 0.75158 0.158507 -0.516154 -0.268193 -0.813423 -0.568842 -0.602661 0.559659 -0.0194554 2.51473 -2.05872</i>
                        <i>-0.638816 0.75294 0.158099 -0.516573 -0.267483 -0.813391 -0.570146 -0.601276 0.559822 -0.0198074 2.51454 -2.05864</i>
                        <i>-0.637388 0.754232 0.157706 -0.51696 -0.266803 -0.813369 -0.571392 -0.599959 0.559964 -0.0201956 2.51441 -2.05856</i>
                        <i>-0.636088 0.755405 0.15734 -0.517296 -0.266178 -0.813359 -0.572536 -0.598759 0.560081 -0.020612 2.51435 -2.05846</i>
                    </KeyFrames>
                </p>
            </i>
            <i>
                <p>
                    <Name><![CDATA[head]]></Name>
                    <Exclude>0</Exclude>
                    <Additive>0</Additive>
                    <IKPriority>0</IKPriority>
                    <IKRotLimits>-1e+010 -1e+010 -1e+010 1e+010 1e+010 1e+010</IKRotLimits>
                    <IKRotLimitOrder>0</IKRotLimitOrder>
                    <KeyFrames count="60">
                        <i>-0.137426 0.966211 0.218059 0.170592 0.239946 -0.95568 -0.975711 -0.0941361 -0.197803 -0.176683 2.72101 -2.01245</i>
                        <i>-0.136167 0.9665 0.217569 0.171115 0.239259 -0.955759 -0.975796 -0.0929137 -0.197962 -0.176621 2.72126 -2.01249</i>
                        <i>-0.135134 0.966882 0.216514 0.171718 0.238065 -0.955949 -0.975834 -0.0920015 -0.198202 -0.17648 2.72164 -2.01254</i>
                        <i>-0.134342 0.967342 0.214944 0.172383 0.236417 -0.956238 -0.975826 -0.0914103 -0.198514 -0.176277 2.72213 -2.0126</i>
                        <i>-0.133809 0.967866 0.212911 0.173092 0.234366 -0.956615 -0.975774 -0.0911507 -0.19889 -0.176029 2.7227 -2.01268</i>
                        <i>-0.133552 0.968436 0.210464 0.173829 0.231964 -0.957066 -0.975678 -0.0912331 -0.199321 -0.175753 2.72334 -2.01276</i>
                        <i>-0.133586 0.969038 0.207653 0.174577 0.229263 -0.957581 -0.97554 -0.091668 -0.199798 -0.175467 2.72404 -2.01285</i>
                        <i>-0.133929 0.969655 0.204527 0.175322 0.226315 -0.958146 -0.975359 -0.0924657 -0.200313 -0.175187 2.72477 -2.01293</i>
                        <i>-0.134599 0.970271 0.201139 0.17605 0.223173 -0.958749 -0.975136 -0.0936364 -0.200855 -0.174931 2.72553 -2.013</i>
                        <i>-0.135613 0.97087 0.197537 0.176748 0.219888 -0.95938 -0.974869 -0.0951901 -0.201419 -0.174716 2.72629 -2.01306</i>
                        <i>-0.136988 0.971435 0.193773 0.177402 0.216514 -0.960026 -0.974558 -0.0971367 -0.201995 -0.17456 2.72705 -2.01311</i>
                        <i>-0.138744 0.971951 0.189898 0.178002 0.213105 -0.960678 -0.9742 -0.099486 -0.202576 -0.17448 2.72777 -2.01313</i>
                        <i>-0.140898 0.972402 0.185962 0.178536 0.209713 -0.961325 -0.973793 -0.102248 -0.203157 -0.174493 2.72845 -2.01313</i>
                        <i>-0.143469 0.972772 0.182018 0.178994 0.206394 -0.961958 -0.973333 -0.105431 -0.203732 -0.174616 2.72908 -2.01311</i>
                        <i>-0.146476 0.973046 0.178117 0.179366 0.2032 -0.962568 -0.972817 -0.109045 -0.204295 -0.174867 2.72963 -2.01304</i>
                        <i>-0.149785 0.973238 0.174273 0.179673 0.20012 -0.963156 -0.972256 -0.112954 -0.20484 -0.175209 2.73011 -2.01296</i>
                        <i>-0.153211 0.973376 0.170487 0.179949 0.197121 -0.963723 -0.971671 -0.116974 -0.205359 -0.175584 2.73056 -2.01286</i>
                        <i>-0.1567 0.97346 0.166794 0.180194 0.194224 -0.964265 -0.971069 -0.121046 -0.205846 -0.175988 2.73098 -2.01276</i>
                        <i>-0.160204 0.973495 0.163228 0.180409 0.191455 -0.964779 -0.970457 -0.125113 -0.206299 -0.176414 2.73135 -2.01264</i>
                        <i>-0.163669 0.973483 0.159825 0.180593 0.188837 -0.96526 -0.969845 -0.12912 -0.206711 -0.176858 2.73168 -2.01253</i>
                        <i>-0.167046 0.97343 0.15662 0.180746 0.186395 -0.965706 -0.96924 -0.133009 -0.20708 -0.177313 2.73196 -2.01241</i>
