<?xml version="1.0" encoding="ISO-8859-1" ?>
<Animl Version="1">
    <ModellingPackage><![CDATA[Maya.2010]]></ModellingPackage>
    <SrcFile><![CDATA[anims\turrets\antitank\red\~src\at_rpg7\at_rpg7_reload_high_crewman_b.mb]]></SrcFile>
    <FramesPerSecond>30</FramesPerSecond>
    <TotalFrames>70</TotalFrames>
    <Skeleton>
        <RefFrame>
            <Name><![CDATA[soldier_ref_frame]]></Name>
            <Exclude>0</Exclude>
            <Additive>0</Additive>
            <IKPriority>0</IKPriority>
            <IKRotLimits>-1e+010 -1e+010 -1e+010 1e+010 1e+010 1e+010</IKRotLimits>
            <IKRotLimitOrder>0</IKRotLimitOrder>
            <KeyFrames count="70">
                <i>1 0 0 0 1 0 0 0 1 0.45 0.92 -2.55</i>
                <i>1 0 0 0 1 0 0 0 1 0.45 0.92 -2.55</i>
                <i>1 0 0 0 1 0 0 0 1 0.45 0.92 -2.55</i>
                <i>1 0 0 0 1 0 0 0 1 0.45 0.92 -2.55</i>
                <i>1 0 0 0 1 0 0 0 1 0.45 0.92 -2.55</i>
                <i>1 0 0 0 1 0 0 0 1 0.45 0.92 -2.55</i>
                <i>1 0 0 0 1 0 0 0 1 0.45 0.92 -2.55</i>
                <i>1 0 0 0 1 0 0 0 1 0.45 0.92 -2.55</i>
                <i>1 0 0 0 1 0 0 0 1 0.45 0.92 -2.55</i>
                <i>1 0 0 0 1 0 0 0 1 0.45 0.92 -2.55</i>
                <i>1 0 0 0 1 0 0 0 1 0.45 0.92 -2.55</i>
                <i>1 0 0 0 1 0 0 0 1 0.45 0.92 -2.55</i>
                <i>1 0 0 0 1 0 0 0 1 0.45 0.92 -2.55</i>
                <i>1 0 0 0 1 0 0 0 1 0.45 0.92 -2.55</i>
                <i>1 0 0 0 1 0 0 0 1 0.45 0.92 -2.55</i>
                <i>1 0 0 0 1 0 0 0 1 0.45 0.92 -2.55</i>
                <i>1 0 0 0 1 0 0 0 1 0.45 0.92 -2.55</i>
                <i>1 0 0 0 1 0 0 0 1 0.45 0.92 -2.55</i>
                <i>1 0 0 0 1 0 0 0 1 0.45 0.92 -2.55</i>
                <i>1 0 0 0 1 0 0 0 1 0.45 0.92 -2.55</i>
                <i>1 0 0 0 1 0 0 0 1 0.45 0.92 -2.55</i>
                <i>1 0 0 0 1 0 0 0 1 0.45 0.92 -2.55</i>
                <i>1 0 0 0 1 0 0 0 1 0.45 0.92 -2.55</i>
                <i>1 0 0 0 1 0 0 0 1 0.45 0.92 -2.55</i>
                <i>1 0 0 0 1 0 0 0 1 0.45 0.92 -2.55</i>
                <i>1 0 0 0 1 0 0 0 1 0.45 0.92 -2.55</i>
                <i>1 0 0 0 1 0 0 0 1 0.45 0.92 -2.55</i>
                <i>1 0 0 0 1 0 0 0 1 0.45 0.92 -2.55</i>
                <i>1 0 0 0 1 0 0 0 1 0.45 0.92 -2.55</i>
                <i>1 0 0 0 1 0 0 0 1 0.45 0.92 -2.55</i>
                <i>1 0 0 0 1 0 0 0 1 0.45 0.92 -2.55</i>
                <i>1 0 0 0 1 0 0 0 1 0.45 0.92 -2.55</i>
                <i>1 0 0 0 1 0 0 0 1 0.45 0.92 -2.55</i>
                <i>1 0 0 0 1 0 0 0 1 0.45 0.92 -2.55</i>
                <i>1 0 0 0 1 0 0 0 1 0.45 0.92 -2.55</i>
                <i>1 0 0 0 1 0 0 0 1 0.45 0.92 -2.55</i>
                <i>1 0 0 0 1 0 0 0 1 0.45 0.92 -2.55</i>
                <i>1 0 0 0 1 0 0 0 1 0.45 0.92 -2.55</i>
                <i>1 0 0 0 1 0 0 0 1 0.45 0.92 -2.55</i>
                <i>1 0 0 0 1 0 0 0 1 0.45 0.92 -2.55</i>
                <i>1 0 0 0 1 0 0 0 1 0.45 0.92 -2.55</i>
                <i>1 0 0 0 1 0 0 0 1 0.45 0.92 -2.55</i>
                <i>1 0 0 0 1 0 0 0 1 0.45 0.92 -2.55</i>
                <i>1 0 0 0 1 0 0 0 1 0.45 0.92 -2.55</i>
                <i>1 0 0 0 1 0 0 0 1 0.45 0.92 -2.55</i>
                <i>1 0 0 0 1 0 0 0 1 0.45 0.92 -2.55</i>
                <i>1 0 0 0 1 0 0 0 1 0.45 0.92 -2.55</i>
                <i>1 0 0 0 1 0 0 0 1 0.45 0.92 -2.55</i>
                <i>1 0 0 0 1 0 0 0 1 0.45 0.92 -2.55</i>
                <i>1 0 0 0 1 0 0 0 1 0.45 0.92 -2.55</i>
                <i>1 0 0 0 1 0 0 0 1 0.45 0.92 -2.55</i>
                <i>1 0 0 0 1 0 0 0 1 0.45 0.92 -2.55</i>
                <i>1 0 0 0 1 0 0 0 1 0.45 0.92 -2.55</i>
                <i>1 0 0 0 1 0 0 0 1 0.45 0.92 -2.55</i>
                <i>1 0 0 0 1 0 0 0 1 0.45 0.92 -2.55</i>
                <i>1 0 0 0 1 0 0 0 1 0.45 0.92 -2.55</i>
                <i>1 0 0 0 1 0 0 0 1 0.45 0.92 -2.55</i>
                <i>1 0 0 0 1 0 0 0 1 0.45 0.92 -2.55</i>
                <i>1 0 0 0 1 0 0 0 1 0.45 0.92 -2.55</i>
                <i>1 0 0 0 1 0 0 0 1 0.45 0.92 -2.55</i>
                <i>1 0 0 0 1 0 0 0 1 0.45 0.92 -2.55</i>
                <i>1 0 0 0 1 0 0 0 1 0.45 0.92 -2.55</i>
                <i>1 0 0 0 1 0 0 0 1 0.45 0.92 -2.55</i>
                <i>1 0 0 0 1 0 0 0 1 0.45 0.92 -2.55</i>
                <i>1 0 0 0 1 0 0 0 1 0.45 0.92 -2.55</i>
                <i>1 0 0 0 1 0 0 0 1 0.45 0.92 -2.55</i>
                <i>1 0 0 0 1 0 0 0 1 0.45 0.92 -2.55</i>
                <i>1 0 0 0 1 0 0 0 1 0.45 0.92 -2.55</i>
                <i>1 0 0 0 1 0 0 0 1 0.45 0.92 -2.55</i>
                <i>1 0 0 0 1 0 0 0 1 0.45 0.92 -2.55</i>
            </KeyFrames>
        </RefFrame>
        <Bones count="23">
            <i>
                <p>
                    <Name><![CDATA[pelvis]]></Name>
                    <Exclude>0</Exclude>
                    <Additive>0</Additive>
                    <IKPriority>0</IKPriority>
                    <IKRotLimits>-1e+010 -1e+010 -1e+010 1e+010 1e+010 1e+010</IKRotLimits>
                    <IKRotLimitOrder>2</IKRotLimitOrder>
                    <KeyFrames count="70">
                        <i>1 0 0 0 1 0 0 0 1 0.422983 1.84633 -2.5551</i>
                        <i>1 0 0 0 1 0 0 0 1 0.497744 1.87695 -2.55237</i>
                        <i>1 0 0 0 1 0 0 0 1 0.581135 1.90781 -2.5511</i>
                        <i>1 0 0 0 1 0 0 0 1 0.671837 1.8948 -2.55302</i>
                        <i>1 0 0 0 1 0 0 0 1 0.768903 1.86834 -2.55827</i>
                        <i>1 0 0 0 1 0 0 0 1 0.871421 1.84867 -2.5654</i>
                        <i>1 0 0 0 1 0 0 0 1 1.01722 1.85328 -2.57234</i>
                        <i>1 0 0 0 1 0 0 0 1 1.14913 1.86023 -2.57183</i>
                        <i>1 0 0 0 1 0 0 0 1 1.17578 1.83942 -2.571</i>
                        <i>1 0 0 0 1 0 0 0 1 1.16296 1.82935 -2.57038</i>
                        <i>1 0 0 0 1 0 0 0 1 1.16179 1.85714 -2.56815</i>
                        <i>1 0 0 0 1 0 0 0 1 1.16185 1.89773 -2.56811</i>
                        <i>1 0 0 0 1 0 0 0 1 1.16241 1.93679 -2.569</i>
                        <i>1 0 0 0 1 0 0 0 1 1.16275 1.96 -2.56958</i>
                        <i>1 0 0 0 1 0 0 0 1 1.16275 1.96557 -2.56958</i>
                        <i>1 0 0 0 1 0 0 0 1 1.16275 1.96326 -2.56958</i>
                        <i>1 0 0 0 1 0 0 0 1 1.16275 1.95602 -2.56958</i>
                        <i>1 0 0 0 1 0 0 0 1 1.16275 1.94682 -2.56958</i>
                        <i>1 0 0 0 1 0 0 0 1 1.16275 1.93864 -2.56958</i>
                        <i>1 0 0 0 1 0 0 0 1 1.16275 1.93444 -2.56958</i>
                        <i>1 0 0 0 1 0 0 0 1 1.16275 1.93338 -2.56958</i>
                        <i>1 0 0 0 1 0 0 0 1 1.16275 1.93261 -2.56958</i>
                        <i>1 0 0 0 1 0 0 0 1 1.16275 1.93211 -2.56958</i>
                        <i>1 0 0 0 1 0 0 0 1 1.16275 1.93183 -2.56958</i>
                        <i>1 0 0 0 1 0 0 0 1 1.16275 1.93174 -2.56958</i>
                        <i>1 0 0 0 1 0 0 0 1 1.16275 1.93181 -2.56958</i>
                        <i>1 0 0 0 1 0 0 0 1 1.16275 1.93202 -2.56958</i>
                        <i>1 0 0 0 1 0 0 0 1 1.16275 1.93232 -2.56958</i>
                        <i>1 0 0 0 1 0 0 0 1 1.16275 1.93269 -2.56958</i>
                        <i>1 0 0 0 1 0 0 0 1 1.16275 1.93309 -2.56958</i>
                        <i>1 0 0 0 1 0 0 0 1 1.16275 1.93349 -2.56958</i>
                        <i>1 0 0 0 1 0 0 0 1 1.16275 1.93386 -2.56958</i>
                        <i>1 0 0 0 1 0 0 0 1 1.16275 1.93416 -2.56958</i>
                        <i>1 0 0 0 1 0 0 0 1 1.16275 1.93437 -2.56958</i>
                        <i>1 0 0 0 1 0 0 0 1 1.16275 1.93444 -2.56958</i>
                        <i>1 0 0 0 1 0 0 0 1 1.16335 1.95684 -2.57193</i>
                        <i>1 0 0 0 1 0 0 0 1 1.16394 1.97923 -2.57428</i>
                        <i>1 0 0 0 1 0 0 0 1 1.16363 1.96762 -2.57306</i>
                        <i>1 0 0 0 1 0 0 0 1 1.16306 1.94606 -2.5708</i>
                        <i>1 0 0 0 1 0 0 0 1 1.16275 1.93444 -2.56958</i>
                        <i>1 0 0 0 1 0 0 0 1 1.16275 1.93444 -2.56958</i>
                        <i>1 0 0 0 1 0 0 0 1 1.16275 1.93444 -2.56958</i>
                        <i>1 0 0 0 1 0 0 0 1 1.16275 1.93444 -2.56958</i>
                        <i>1 0 0 0 1 0 0 0 1 1.16275 1.93444 -2.56958</i>
                        <i>1 0 0 0 1 0 0 0 1 1.16275 1.93444 -2.56958</i>
                        <i>1 0 0 0 1 0 0 0 1 1.16795 1.90442 -2.56966</i>
                        <i>1 0 0 0 1 0 0 0 1 1.14913 1.86023 -2.57183</i>
                        <i>1 0 0 0 1 0 0 0 1 1.01723 1.84937 -2.57239</i>
                        <i>1 0 0 0 1 0 0 0 1 0.871421 1.84867 -2.5654</i>
                        <i>1 0 0 0 1 0 0 0 1 0.768903 1.86834 -2.55827</i>
                        <i>1 0 0 0 1 0 0 0 1 0.671837 1.8948 -2.55302</i>
                        <i>1 0 0 0 1 0 0 0 1 0.626366 1.91334 -2.55151</i>
                        <i>1 0 0 0 1 0 0 0 1 0.581135 1.90781 -2.5511</i>
                        <i>1 0 0 0 1 0 0 0 1 0.486548 1.82476 -2.55265</i>
                        <i>1 0 0 0 1 0 0 0 1 0.422688 1.75483 -2.55627</i>
                        <i>1 0 0 0 1 0 0 0 1 0.422719 1.75872 -2.55727</i>
                        <i>1 0 0 0 1 0 0 0 1 0.422792 1.78071 -2.55712</i>
                        <i>1 0 0 0 1 0 0 0 1 0.422879 1.80991 -2.55635</i>
                        <i>1 0 0 0 1 0 0 0 1 0.422952 1.83541 -2.5555</i>
                        <i>1 0 0 0 1 0 0 0 1 0.422983 1.84633 -2.5551</i>
                        <i>1 0 0 0 1 0 0 0 1 0.422983 1.84633 -2.5551</i>
                        <i>1 0 0 0 1 0 0 0 1 0.422983 1.84633 -2.5551</i>
                        <i>1 0 0 0 1 0 0 0 1 0.422983 1.84633 -2.5551</i>
                        <i>1 0 0 0 1 0 0 0 1 0.422983 1.84633 -2.5551</i>
                        <i>1 0 0 0 1 0 0 0 1 0.422983 1.84633 -2.5551</i>
                        <i>1 0 0 0 1 0 0 0 1 0.422983 1.84633 -2.5551</i>
                        <i>1 0 0 0 1 0 0 0 1 0.422983 1.84633 -2.5551</i>
                        <i>1 0 0 0 1 0 0 0 1 0.422983 1.84633 -2.5551</i>
                        <i>1 0 0 0 1 0 0 0 1 0.422983 1.84633 -2.5551</i>
                        <i>1 0 0 0 1 0 0 0 1 0.422983 1.84633 -2.5551</i>
                    </KeyFrames>
                </p>
            </i>
            <i>
                <p>
                    <Name><![CDATA[spine0]]></Name>
                    <Exclude>0</Exclude>
                    <Additive>0</Additive>
                    <IKPriority>0</IKPriority>
                    <IKRotLimits>-1e+010 -1e+010 -1e+010 1e+010 1e+010 1e+010</IKRotLimits>
                    <IKRotLimitOrder>0</IKRotLimitOrder>
                    <KeyFrames count="70">
                        <i>-0.000498219 0.999985 -0.00541362 -0.951213 0.00119639 0.308533 0.308535 0.00530322 0.951198 0.416052 1.98401 -2.59622</i>
                        <i>-0.00327415 0.999604 0.0279567 -0.967727 -0.0102118 0.251792 0.251978 -0.02623 0.967377 0.484458 2.01606 -2.58658</i>
                        <i>-0.00910957 0.998009 0.0624173 -0.981634 -0.0208201 0.189632 0.190554 -0.0595435 0.979869 0.560752 2.04737 -2.57942</i>
                        <i>-0.0115539 0.997228 0.0734982 -0.99264 -0.0202999 0.119386 0.120548 -0.0715779 0.990124 0.650166 2.03398 -2.58229</i>
                        <i>0.00128523 0.99897 0.0453643 -0.99914 -0.000597531 0.0414652 0.0414496 -0.0453786 0.99811 0.759395 2.00587 -2.59938</i>
                        <i>0.0302967 0.999539 0.00180741 -0.999382 0.030324 -0.0177589 -0.0178055 -0.00126826 0.999841 0.881505 1.98102 -2.62089</i>
                        <i>0.0522208 0.998369 -0.0230761 -0.99677 0.0506975 -0.062284 -0.0610125 0.0262541 0.997792 1.04113 1.98095 -2.63418</i>
                        <i>0.0455012 0.998301 -0.0363911 -0.992372 0.0409927 -0.116265 -0.114575 0.0414037 0.992551 1.17413 1.98998 -2.62871</i>
                        <i>0.0192644 0.998493 -0.0513813 -0.986907 0.0107594 -0.160934 -0.160138 0.0538088 0.985627 1.19428 1.97403 -2.61826</i>
                        <i>0.00264378 0.998638 -0.0521075 -0.983896 -0.00671518 -0.178616 -0.178723 0.0517406 0.982538 1.17631 1.96703 -2.60989</i>
                        <i>0.00619333 0.999837 -0.0169813 -0.983754 0.00304512 -0.179497 -0.179416 0.0178171 0.983612 1.17496 1.99669 -2.60056</i>
                        <i>0.0159211 0.99882 0.0458722 -0.983615 0.0238854 -0.17869 -0.179575 -0.0422757 0.982835 1.17568 2.03909 -2.59095</i>
                        <i>0.0259852 0.993882 0.107348 -0.98321 0.0448118 -0.17689 -0.180618 -0.100949 0.978359 1.1771 2.0792 -2.58316</i>
                        <i>0.0305172 0.989923 0.138277 -0.982895 0.0548578 -0.175804 -0.181618 -0.130547 0.974665 1.1778 2.10273 -2.57946</i>
                        <i>0.0286984 0.990706 0.132958 -0.983007 0.052098 -0.176018 -0.181309 -0.125647 0.975366 1.17757 2.10822 -2.58087</i>
                        <i>0.0249652 0.993989 0.106597 -0.983428 0.0435728 -0.175984 -0.179571 -0.100437 0.978604 1.17758 2.10517 -2.58794</i>
                        <i>0.0206074 0.997618 0.0658258 -0.983993 0.0318948 -0.175332 -0.177014 -0.0611589 0.982306 1.17792 2.09594 -2.59939</i>
                        <i>0.0162069 0.999644 0.0211835 -0.984498 0.0196547 -0.174289 -0.174643 -0.0180305 0.984467 1.1784 2.08346 -2.61178</i>
                        <i>0.0124462 0.999792 -0.0161817 -0.984836 0.00945621 -0.173232 -0.173043 0.0180924 0.984748 1.17881 2.0717 -2.62186</i>
                        <i>0.0101628 0.999318 -0.0355043 -0.984958 0.00387912 -0.172753 -0.172497 0.0367259 0.984325 1.17896 2.06547 -2.62671</i>
                        <i>0.0090124 0.999114 -0.0410979 -0.984946 0.00177445 -0.172852 -0.172626 0.042037 0.98409 1.17887 2.06401 -2.62765</i>
                        <i>0.00804633 0.998983 -0.0443577 -0.98491 0.000248348 -0.173066 -0.172879 0.0450809 0.983911 1.17873 2.06316 -2.62787</i>
                        <i>0.00724663 0.998935 -0.0455717 -0.984855 -0.000765122 -0.173379 -0.17323 0.0461379 0.9838 1.17855 2.06285 -2.62747</i>
                        <i>0.00659411 0.998964 -0.0450226 -0.984785 -0.00133134 -0.173774 -0.173654 0.0454835 0.983756 1.17834 2.063 -2.62655</i>
                        <i>0.00606959 0.999057 -0.0429921 -0.984704 -0.00151521 -0.17423 -0.174131 0.043392 0.983766 1.1781 2.06352 -2.6252</i>
                        <i>0.00565484 0.999193 -0.0397637 -0.984616 -0.00138118 -0.17473 -0.174644 0.0401401 0.983813 1.17785 2.06433 -2.62351</i>
                        <i>0.00533314 0.999351 -0.0356248 -0.984523 -0.000993405 -0.175253 -0.175175 0.0360081 0.983879 1.17758 2.06533 -2.62158</i>
                        <i>0.00508967 0.999511 -0.0308671 -0.984429 -0.000415666 -0.175782 -0.175709 0.0312811 0.983945 1.17731 2.06646 -2.61949</i>
                        <i>0.00491141 0.999655 -0.025786 -0.984337 0.000288568 -0.176298 -0.176229 0.026248 0.983999 1.17705 2.06763 -2.61736</i>
                        <i>0.00478698 0.999775 -0.0206789 -0.984249 0.00105616 -0.176782 -0.17672 0.0211994 0.984033 1.1768 2.06878 -2.61526</i>
                        <i>0.00470622 0.999863 -0.0158432 -0.98417 0.00182428 -0.177218 -0.177165 0.0164264 0.984044 1.17657 2.06984 -2.61332</i>
                        <i>0.00465975 0.999922 -0.0115746 -0.984102 0.00253037 -0.177587 -0.177544 0.0122181 0.984037 1.17638 2.07076 -2.61162</i>
                        <i>0.00463844 0.999956 -0.00816618 -0.984049 0.00311205 -0.177873 -0.17784 0.00886097 0.98402 1.17624 2.07148 -2.61028</i>
                        <i>0.00463299 0.999972 -0.00590859 -0.984014 0.00350696 -0.178057 -0.178032 0.00663908 0.984002 1.17614 2.07196 -2.6094</i>
                        <i>0.00463351 0.999976 -0.00509157 -0.984002 0.00365255 -0.178123 -0.1781 0.00583544 0.983995 1.17611 2.07213 -2.60909</i>
                        <i>0.0184952 0.996126 -0.0859711 -0.983953 0.00287179 -0.178406 -0.177467 0.0878912 0.980194 1.17871 2.09175 -2.61945</i>
                        <i>0.0321533 0.985601 -0.166001 -0.983965 0.00206108 -0.178351 -0.17544 0.169073 0.969863 1.18128 2.11088 -2.62963</i>
                        <i>0.0251041 0.991882 -0.124657 -0.983951 0.0024798 -0.178421 -0.176664 0.127136 0.976026 1.17996 2.10102 -2.62437</i>
                        <i>0.011839 0.998821 -0.0470874 -0.983969 0.00325686 -0.178311 -0.177947 0.0484435 0.982847 1.17746 2.08237 -2.61448</i>
                        <i>0.00463351 0.999976 -0.00509157 -0.984002 0.00365255 -0.178123 -0.1781 0.00583544 0.983995 1.17611 2.07213 -2.60909</i>
                        <i>0.00463351 0.999976 -0.00509157 -0.984002 0.00365255 -0.178123 -0.1781 0.00583544 0.983995 1.17611 2.07213 -2.60909</i>
                        <i>0.00463351 0.999976 -0.00509157 -0.984002 0.00365255 -0.178123 -0.1781 0.00583544 0.983995 1.17611 2.07213 -2.60909</i>
                        <i>0.00463351 0.999976 -0.00509157 -0.984002 0.00365255 -0.178123 -0.1781 0.00583544 0.983995 1.17611 2.07213 -2.60909</i>
                        <i>0.00463351 0.999976 -0.00509157 -0.984002 0.00365255 -0.178123 -0.1781 0.00583544 0.983995 1.17611 2.07213 -2.60909</i>
                        <i>0.00463351 0.999976 -0.00509157 -0.984002 0.00365255 -0.178123 -0.1781 0.00583544 0.983995 1.17611 2.07213 -2.60909</i>
                        <i>0.026191 0.999466 -0.0195487 -0.988505 0.022981 -0.149433 -0.148904 0.0232378 0.988579 1.1875 2.03876 -2.61727</i>
                        <i>0.0454068 0.998385 -0.0341513 -0.992278 0.0411264 -0.117014 -0.115421 0.0392008 0.992543 1.17406 1.99044 -2.62768</i>
                        <i>0.0522208 0.998369 -0.0230761 -0.99677 0.0506975 -0.062284 -0.0610125 0.0262541 0.997792 1.04114 1.97705 -2.63423</i>
                        <i>0.0302967 0.999539 0.00180741 -0.999382 0.030324 -0.0177589 -0.0178055 -0.00126826 0.999841 0.881505 1.98102 -2.62089</i>
                        <i>0.00128523 0.99897 0.0453643 -0.99914 -0.000597531 0.0414652 0.0414496 -0.0453786 0.99811 0.759395 2.00587 -2.59938</i>
                        <i>-0.0115539 0.997228 0.0734982 -0.99264 -0.0202999 0.119386 0.120548 -0.0715779 0.990124 0.650166 2.03398 -2.58229</i>
                        <i>-0.0101986 0.997636 0.0679527 -0.98784 -0.0205953 0.154107 0.155142 -0.0655547 0.985715 0.605349 2.05272 -2.58028</i>
                        <i>-0.00910957 0.998009 0.0624173 -0.981634 -0.0208201 0.189632 0.190554 -0.0595435 0.979869 0.560752 2.04737 -2.57942</i>
                        <i>-0.0324779 0.998446 -0.0452845 -0.9607 -0.0186886 0.276959 0.275682 0.0524998 0.959814 0.471675 1.95592 -2.60985</i>
                        <i>-0.0728092 0.986393 -0.147404 -0.928006 -0.0128574 0.372343 0.365382 0.163902 0.916315 0.40956 1.86945 -2.64221</i>
                        <i>-0.0621927 0.988809 -0.135605 -0.93048 -0.00829657 0.366249 0.361026 0.148956 0.920583 0.411698 1.87574 -2.64022</i>
                        <i>-0.0425158 0.993879 -0.101965 -0.937872 -0.00452496 0.346953 0.344368 0.110381 0.932323 0.413825 1.90461 -2.62969</i>
                        <i>-0.0218887 0.998025 -0.0588729 -0.945111 -0.00145356 0.326747 0.326016 0.0627935 0.943276 0.415322 1.941 -2.61511</i>
                        <i>-0.00648796 0.999751 -0.0213481 -0.949685 0.00052497 0.313206 0.313139 0.0223061 0.949445 0.415954 1.97139 -2.60195</i>
                        <i>-0.000498219 0.999985 -0.00541362 -0.951213 0.00119639 0.308533 0.308535 0.00530322 0.951198 0.416052 1.98401 -2.59622</i>
                        <i>-0.000498219 0.999985 -0.00541362 -0.951213 0.00119639 0.308533 0.308535 0.00530322 0.951198 0.416052 1.98401 -2.59622</i>
                        <i>-0.000498219 0.999985 -0.00541362 -0.951213 0.00119639 0.308533 0.308535 0.00530322 0.951198 0.416052 1.98401 -2.59622</i>
                        <i>-0.000498219 0.999985 -0.00541362 -0.951213 0.00119639 0.308533 0.308535 0.00530322 0.951198 0.416052 1.98401 -2.59622</i>
                        <i>-0.000498219 0.999985 -0.00541362 -0.951213 0.00119639 0.308533 0.308535 0.00530322 0.951198 0.416052 1.98401 -2.59622</i>
                        <i>-0.000498219 0.999985 -0.00541362 -0.951213 0.00119639 0.308533 0.308535 0.00530322 0.951198 0.416052 1.98401 -2.59622</i>
                        <i>-0.000498219 0.999985 -0.00541362 -0.951213 0.00119639 0.308533 0.308535 0.00530322 0.951198 0.416052 1.98401 -2.59622</i>
                        <i>-0.000498219 0.999985 -0.00541362 -0.951213 0.00119639 0.308533 0.308535 0.00530322 0.951198 0.416052 1.98401 -2.59622</i>
                        <i>-0.000498219 0.999985 -0.00541362 -0.951213 0.00119639 0.308533 0.308535 0.00530322 0.951198 0.416052 1.98401 -2.59622</i>
                        <i>-0.000498219 0.999985 -0.00541362 -0.951213 0.00119639 0.308533 0.308535 0.00530322 0.951198 0.416052 1.98401 -2.59622</i>
                        <i>-0.000498219 0.999985 -0.00541362 -0.951213 0.00119639 0.308533 0.308535 0.00530322 0.951198 0.416052 1.98401 -2.59622</i>
                    </KeyFrames>
                </p>
            </i>
            <i>
                <p>
                    <Name><![CDATA[spine1]]></Name>
                    <Exclude>0</Exclude>
                    <Additive>0</Additive>
                    <IKPriority>0</IKPriority>
                    <IKRotLimits>-1e+010 -1e+010 -1e+010 1e+010 1e+010 1e+010</IKRotLimits>
                    <IKRotLimitOrder>0</IKRotLimitOrder>
                    <KeyFrames count="70">
                        <i>-0.0895443 0.995711 -0.0232686 -0.910508 -0.0723684 0.407109 0.403679 0.0576405 0.913083 0.415969 2.15457 -2.59714</i>
                        <i>0.0220746 0.999374 -0.0276392 -0.933501 0.0305006 0.357277 0.357896 0.0179145 0.93359 0.483905 2.18579 -2.58182</i>
                        <i>0.134108 0.990822 -0.0169158 -0.942393 0.132794 0.30702 0.306448 -0.0252323 0.951553 0.5592 2.21754 -2.56877</i>
                        <i>0.176413 0.984239 0.0123128 -0.95512 0.168143 0.243873 0.237959 -0.0547827 0.969729 0.648189 2.20468 -2.5697</i>
                        <i>0.0831602 0.994579 0.0624288 -0.984291 0.0721865 0.161123 0.155743 -0.0748471 0.984958 0.759615 2.17634 -2.59163</i>
                        <i>-0.0784894 0.991692 0.10191 -0.990898 -0.0888211 0.10115 0.109361 -0.0930437 0.989638 0.88676 2.15439 -2.62059</i>
                        <i>-0.171998 0.979214 0.107505 -0.9818 -0.179319 0.0625523 0.0805299 -0.0947899 0.992235 1.0504 2.15796 -2.6383</i>
                        <i>-0.159844 0.985283 0.0605507 -0.987033 -0.160438 0.0050443 0.0146847 -0.0589592 0.998152 1.18213 2.16546 -2.63513</i>
                        <i>-0.105053 0.994167 -0.0243964 -0.993134 -0.10615 -0.0491722 -0.0514751 0.0190632 0.998492 1.19761 2.14628 -2.62713</i>
                        <i>-0.0673532 0.994272 -0.0829831 -0.994743 -0.0733492 -0.0714603 -0.0771378 0.0777338 0.993986 1.17676 2.13777 -2.6188</i>
                        <i>-0.0584274 0.994416 -0.0878781 -0.995153 -0.0649931 -0.0738068 -0.0791062 0.0831398 0.993393 1.17602 2.16703 -2.60345</i>
                        <i>-0.0439515 0.996677 -0.0685745 -0.995855 -0.0491797 -0.0765157 -0.0796339 0.0649273 0.994707 1.17838 2.20884 -2.58314</i>
                        <i>-0.0301248 0.998571 -0.0441386 -0.996309 -0.0335489 -0.0790094 -0.0803773 0.0415956 0.995896 1.18151 2.24797 -2.56492</i>
                        <i>-0.0234655 0.999161 -0.0335698 -0.99642 -0.0261029 -0.0804151 -0.0812239 0.0315626 0.996196 1.18298 2.27087 -2.55597</i>
                        <i>-0.0258369 0.998968 -0.0373565 -0.996357 -0.0287715 -0.0802803 -0.0812723 0.0351462 0.996072 1.18245 2.27651 -2.55828</i>
                        <i>-0.0349767 0.998884 -0.0317537 -0.996223 -0.0373751 -0.078379 -0.0794783 0.0288924 0.996418 1.18182 2.27409 -2.56981</i>
                        <i>-0.0488088 0.998709 -0.0140528 -0.995968 -0.0497254 -0.0746613 -0.0752637 0.010352 0.99711 1.18143 2.26592 -2.58816</i>
                        <i>-0.0633944 0.997964 0.00705382 -0.995577 -0.0627485 -0.0699226 -0.0693376 -0.0114553 0.997528 1.18118 2.25479 -2.60815</i>
                        <i>-0.0751547 0.996891 0.0236655 -0.995145 -0.0734683 -0.0654935 -0.0635513 -0.0284728 0.997572 1.18096 2.24429 -2.62466</i>
                        <i>-0.0810255 0.996278 0.0294009 -0.994865 -0.0790452 -0.0632101 -0.0606509 -0.0343715 0.997567 1.18072 2.23868 -2.63288</i>
                        <i>-0.0825738 0.996223 0.0268621 -0.99475 -0.0807569 -0.0628555 -0.0604488 -0.0319113 0.997661 1.18043 2.23727 -2.63479</i>
                        <i>-0.083351 0.996263 0.0226621 -0.994665 -0.0817873 -0.0628677 -0.0607793 -0.0277813 0.997765 1.18013 2.23637 -2.63557</i>
                        <i>-0.0834529 0.996366 0.0170643 -0.994608 -0.0822234 -0.0631952 -0.0615624 -0.0222461 0.997855 1.17981 2.23591 -2.63537</i>
                        <i>-0.0829705 0.996499 0.0103175 -0.994577 -0.0821502 -0.0637812 -0.0627103 -0.0155535 0.997911 1.17949 2.23584 -2.63435</i>
                        <i>-0.0819933 0.996629 0.00266711 -0.994567 -0.0816509 -0.0645671 -0.0641317 -0.0079467 0.99791 1.17915 2.2361 -2.63263</i>
                        <i>-0.0806118 0.99673 -0.00563736 -0.994576 -0.080808 -0.0654945 -0.0657359 0.000327147 0.997837 1.17882 2.23661 -2.63037</i>
                        <i>-0.0789196 0.996778 -0.0143358 -0.994597 -0.0797035 -0.0665072 -0.0674355 0.0090096 0.997683 1.1785 2.23732 -2.62771</i>
                        <i>-0.0770145 0.996761 -0.0231546 -0.994629 -0.078419 -0.0675525 -0.0691495 0.0178277 0.997447 1.17818 2.23815 -2.6248</i>
                        <i>-0.0749991 0.996676 -0.0318063 -0.994667 -0.0770365 -0.0685821 -0.0708044 0.026493 0.997138 1.17789 2.23905 -2.62178</i>
                        <i>-0.0729807 0.996531 -0.0399904 -0.994707 -0.0756382 -0.069552 -0.0723356 0.0347028 0.996776 1.17762 2.23996 -2.6188</i>
                        <i>-0.0710708 0.996345 -0.0473969 -0.994746 -0.0743068 -0.0704227 -0.0736872 0.0421429 0.996391 1.17738 2.24081 -2.61602</i>
                        <i>-0.0693838 0.996143 -0.0537095 -0.994781 -0.0731256 -0.0711583 -0.0748114 0.048492 0.996018 1.17718 2.24156 -2.6136</i>
                        <i>-0.0680357 0.99596 -0.0586093 -0.99481 -0.0721779 -0.0717251 -0.0756656 0.0534253 0.995701 1.17703 2.24216 -2.61167</i>
                        <i>-0.067143 0.995829 -0.0617786 -0.994829 -0.0715478 -0.0720904 -0.0762098 0.0566187 0.995483 1.17693 2.24256 -2.61041</i>
                        <i>-0.0668204 0.99578 -0.0629036 -0.994836 -0.0713192 -0.0722202 -0.0764017 0.0577529 0.995403 1.1769 2.2427 -2.60995</i>
                        <i>-0.0524323 0.990043 -0.130635 -0.995795 -0.0616757 -0.0677448 -0.0751273 0.126534 0.989113 1.18187 2.26178 -2.63411</i>
                        <i>-0.0381045 0.979496 -0.197826 -0.996601 -0.0517198 -0.0641186 -0.0730355 0.19471 0.978138 1.18677 2.27936 -2.658</i>
                        <i>-0.0455209 0.985564 -0.163068 -0.996202 -0.0569145 -0.0658922 -0.0742219 0.159449 0.984412 1.18424 2.27043 -2.64566</i>
                        <i>-0.0593577 0.993407 -0.0980767 -0.995351 -0.0663645 -0.0697944 -0.0758431 0.093478 0.992728 1.17948 2.25278 -2.62251</i>
                        <i>-0.0668204 0.99578 -0.0629036 -0.994836 -0.0713192 -0.0722202 -0.0764017 0.0577529 0.995403 1.1769 2.2427 -2.60995</i>
                        <i>-0.0668204 0.99578 -0.0629036 -0.994836 -0.0713192 -0.0722202 -0.0764017 0.0577529 0.995403 1.1769 2.2427 -2.60995</i>
                        <i>-0.0668204 0.99578 -0.0629036 -0.994836 -0.0713192 -0.0722202 -0.0764017 0.0577529 0.995403 1.1769 2.2427 -2.60995</i>
                        <i>-0.0668204 0.99578 -0.0629036 -0.994836 -0.0713192 -0.0722202 -0.0764017 0.0577529 0.995403 1.1769 2.2427 -2.60995</i>
                        <i>-0.0668204 0.99578 -0.0629036 -0.994836 -0.0713192 -0.0722202 -0.0764017 0.0577529 0.995403 1.1769 2.2427 -2.60995</i>
                        <i>-0.0668204 0.99578 -0.0629036 -0.994836 -0.0713192 -0.0722202 -0.0764017 0.0577529 0.995403 1.1769 2.2427 -2.60995</i>
                        <i>-0.116011 0.993241 -0.0037368 -0.992544 -0.11607 -0.0372198 -0.0374019 -0.000608976 0.9993 1.19202 2.2112 -2.62065</i>
                        <i>-0.159573 0.985622 0.0555574 -0.987106 -0.160026 0.00377492 0.0126113 -0.0542387 0.998448 1.18204 2.16569 -2.6337</i>
                        <i>-0.171998 0.979214 0.107505 -0.9818 -0.179319 0.0625523 0.0805299 -0.0947899 0.992235 1.0504 2.15406 -2.63835</i>
                        <i>-0.0784894 0.991692 0.10191 -0.990898 -0.0888211 0.10115 0.109361 -0.0930437 0.989638 0.88676 2.15439 -2.62059</i>
                        <i>0.0831602 0.994579 0.0624288 -0.984291 0.0721865 0.161123 0.155743 -0.0748471 0.984958 0.759615 2.17634 -2.59163</i>
                        <i>0.176413 0.984239 0.0123128 -0.95512 0.168143 0.243873 0.237959 -0.0547827 0.969729 0.648189 2.20468 -2.5697</i>
                        <i>0.155775 0.987788 -0.00295348 -0.949576 0.150571 0.275017 0.272104 -0.0400364 0.961435 0.603608 2.22314 -2.56866</i>
                        <i>0.134108 0.990822 -0.0169158 -0.942393 0.132794 0.30702 0.306448 -0.0252323 0.951553 0.5592 2.21754 -2.56877</i>
                        <i>-0.039277 0.999045 0.0191552 -0.918156 -0.0436476 0.393807 0.394267 -0.00211993 0.918993 0.466089 2.12763 -2.61764</i>
                        <i>-0.196093 0.977441 0.0784678 -0.837003 -0.208532 0.505905 0.510855 0.0335266 0.859013 0.396525 2.04582 -2.6686</i>
                        <i>-0.192473 0.978355 0.0759939 -0.843605 -0.204528 0.496486 0.501283 0.0314511 0.864712 0.400605 2.05188 -2.66442</i>
                        <i>-0.169533 0.984052 0.053859 -0.86647 -0.174869 0.467602 0.469562 0.0326067 0.882297 0.406352 2.0791 -2.64761</i>
                        <i>-0.135889 0.990502 0.0209626 -0.89014 -0.131355 0.436344 0.434954 0.0406347 0.899536 0.411536 2.11352 -2.62529</i>
                        <i>-0.103883 0.994541 -0.00977196 -0.905438 -0.0905013 0.414718 0.41157 0.0519301 0.909898 0.414845 2.14247 -2.6056</i>
                        <i>-0.0895443 0.995711 -0.0232686 -0.910508 -0.0723684 0.407109 0.403679 0.0576405 0.913083 0.415969 2.15457 -2.59714</i>
                        <i>-0.0895443 0.995711 -0.0232686 -0.910508 -0.0723684 0.407109 0.403679 0.0576405 0.913083 0.415969 2.15457 -2.59714</i>
                        <i>-0.0895443 0.995711 -0.0232686 -0.910508 -0.0723684 0.407109 0.403679 0.0576405 0.913083 0.415969 2.15457 -2.59714</i>
                        <i>-0.0895443 0.995711 -0.0232686 -0.910508 -0.0723684 0.407109 0.403679 0.0576405 0.913083 0.415969 2.15457 -2.59714</i>
                        <i>-0.0895443 0.995711 -0.0232686 -0.910508 -0.0723684 0.407109 0.403679 0.0576405 0.913083 0.415969 2.15457 -2.59714</i>
                        <i>-0.0895443 0.995711 -0.0232686 -0.910508 -0.0723684 0.407109 0.403679 0.0576405 0.913083 0.415969 2.15457 -2.59714</i>
                        <i>-0.0895443 0.995711 -0.0232686 -0.910508 -0.0723684 0.407109 0.403679 0.0576405 0.913083 0.415969 2.15457 -2.59714</i>
                        <i>-0.0895443 0.995711 -0.0232686 -0.910508 -0.0723684 0.407109 0.403679 0.0576405 0.913083 0.415969 2.15457 -2.59714</i>
                        <i>-0.0895443 0.995711 -0.0232686 -0.910508 -0.0723684 0.407109 0.403679 0.0576405 0.913083 0.415969 2.15457 -2.59714</i>
                        <i>-0.0895443 0.995711 -0.0232686 -0.910508 -0.0723684 0.407109 0.403679 0.0576405 0.913083 0.415969 2.15457 -2.59714</i>
                        <i>-0.0895443 0.995711 -0.0232686 -0.910508 -0.0723684 0.407109 0.403679 0.0576405 0.913083 0.415969 2.15457 -2.59714</i>
                    </KeyFrames>
                </p>
            </i>
            <i>
                <p>
                    <Name><![CDATA[spine2]]></Name>
                    <Exclude>0</Exclude>
                    <Additive>0</Additive>
                    <IKPriority>0</IKPriority>
                    <IKRotLimits>-1e+010 -1e+010 -1e+010 1e+010 1e+010 1e+010</IKRotLimits>
                    <IKRotLimitOrder>0</IKRotLimitOrder>
                    <KeyFrames count="70">
                        <i>-0.0632135 0.996685 0.0512191 -0.857824 -0.0804917 0.507602 0.510042 -0.0118496 0.860068 0.401988 2.31113 -2.60085</i>
                        <i>0.0650631 0.996847 0.0454259 -0.889661 0.0373289 0.455093 0.451962 -0.0700234 0.889284 0.48746 2.34221 -2.58621</i>
                        <i>0.189748 0.980408 0.0528836 -0.902918 0.153087 0.401625 0.385661 -0.123957 0.914276 0.580387 2.37326 -2.57148</i>
                        <i>0.226751 0.970657 0.0800563 -0.920898 0.186915 0.342065 0.317064 -0.151288 0.93626 0.676137 2.35994 -2.56779</i>
                        <i>0.0971903 0.987403 0.12486 -0.958967 0.0593337 0.277239 0.266338 -0.146682 0.952653 0.772809 2.3327 -2.58184</i>
                        <i>-0.117707 0.980621 0.156613 -0.963752 -0.150829 0.220075 0.239432 -0.125031 0.962829 0.87435 2.31281 -2.60429</i>
                        <i>-0.238676 0.957191 0.163769 -0.948941 -0.26571 0.170029 0.206265 -0.114825 0.971736 1.02245 2.31781 -2.62067</i>
                        <i>-0.214039 0.964503 0.154663 -0.965792 -0.232681 0.114477 0.146401 -0.12487 0.981313 1.15637 2.32495 -2.62526</i>
                        <i>-0.132329 0.982664 0.129848 -0.987951 -0.141366 0.0630015 0.0802654 -0.119946 0.98953 1.18102 2.30429 -2.63098</i>
                        <i>-0.0808284 0.991425 0.102676 -0.99556 -0.0852893 0.0398191 0.0482348 -0.0990017 0.993918 1.16626 2.29445 -2.63187</i>
                        <i>-0.0742194 0.994007 0.0802605 -0.996199 -0.0775813 0.0396104 0.0455997 -0.0770156 0.995987 1.16695 2.32322 -2.61725</i>
                        <i>-0.0626456 0.99616 0.0611607 -0.997122 -0.0650929 0.0388752 0.0427071 -0.0585493 0.997371 1.1716 2.36503 -2.59389</i>
                        <i>-0.05152 0.997651 0.0451407 -0.997864 -0.0532438 0.0378559 0.0401705 -0.0430939 0.998263 1.1769 2.40438 -2.57184</i>
                        <i>-0.0464045 0.998412 0.0319482 -0.998171 -0.0475865 0.0372905 0.0387516 -0.0301594 0.998794 1.17941 2.42742 -2.56123</i>
                        <i>-0.0488618 0.998551 0.0225449 -0.998056 -0.049687 0.037623 0.0386887 -0.0206627 0.999038 1.17851 2.43305 -2.56413</i>
                        <i>-0.0566954 0.998087 0.024677 -0.997585 -0.0576254 0.0387675 0.0401153 -0.0224195 0.998944 1.17645 2.43065 -2.57479</i>
                        <i>-0.0680651 0.996923 0.0388709 -0.996749 -0.0696334 0.0405271 0.0431091 -0.0359861 0.998422 1.17388 2.42281 -2.59037</i>
                        <i>-0.0797953 0.995146 0.0575986 -0.995706 -0.0822936 0.0423867 0.046921 -0.053969 0.99744 1.17128 2.41242 -2.60702</i>
                        <i>-0.0891103 0.993331 0.0731651 -0.994749 -0.0924683 0.0438624 0.0503353 -0.0688724 0.996355 1.16912 2.40282 -2.62087</i>
                        <i>-0.0937963 0.992449 0.0790402 -0.994235 -0.0975157 0.0445824 0.0519534 -0.0744028 0.995874 1.16789 2.39773 -2.62815</i>
                        <i>-0.0951724 0.992441 0.0774792 -0.994098 -0.0988256 0.0447602 0.0520789 -0.072762 0.995989 1.16735 2.39639 -2.63045</i>
                        <i>-0.0959545 0.992578 0.074717 -0.99403 -0.0994695 0.0448286 0.051928 -0.0699695 0.996197 1.16693 2.39546 -2.63191</i>
                        <i>-0.0962146 0.992829 0.0709432 -0.994025 -0.0995319 0.0448016 0.0515415 -0.0662088 0.996474 1.1666 2.39489 -2.63261</i>
                        <i>-0.0960197 0.993167 0.0663352 -0.994074 -0.0990925 0.0446928 0.0509607 -0.0616507 0.996796 1.16637 2.39465 -2.63267</i>
                        <i>-0.0954348 0.993561 0.0610671 -0.994168 -0.0982291 0.0445157 0.0502276 -0.0564626 0.997141 1.16622 2.39468 -2.63218</i>
                        <i>-0.0945258 0.993984 0.0553165 -0.994297 -0.09702 0.0442841 0.0493845 -0.0508151 0.997486 1.16613 2.39494 -2.63124</i>
                        <i>-0.0933616 0.994412 0.0492697 -0.994452 -0.0955459 0.0440121 0.0484737 -0.0448873 0.997815 1.1661 2.39537 -2.62997</i>
                        <i>-0.0920149 0.994823 0.0431233 -0.994622 -0.0938913 0.0437144 0.047537 -0.038869 0.998113 1.16611 2.39592 -2.62845</i>
                        <i>-0.0905636 0.9952 0.0370844 -0.994799 -0.0921446 0.043406 0.0466148 -0.0329606 0.998369 1.16615 2.39654 -2.62679</i>
                        <i>-0.08909 0.99553 0.0313685 -0.994973 -0.0903983 0.0431024 0.0457454 -0.0273709 0.998578 1.16621 2.3972 -2.62511</i>
                        <i>-0.0876807 0.995804 0.0261965 -0.995133 -0.0887481 0.0428192 0.0449644 -0.0223146 0.998739 1.16629 2.39783 -2.62349</i>
                        <i>-0.0864255 0.99602 0.0217909 -0.995273 -0.0872921 0.0425721 0.0443048 -0.0180086 0.998856 1.16637 2.3984 -2.62205</i>
                        <i>-0.0854161 0.996176 0.018374 -0.995382 -0.0861297 0.0423766 0.0437971 -0.0146695 0.998933 1.16643 2.39886 -2.62089</i>
                        <i>-0.0847445 0.996272 0.0161653 -0.995454 -0.0853605 0.0422481 0.0434705 -0.0125115 0.998976 1.16648 2.39917 -2.62012</i>
                        <i>-0.084501 0.996305 0.0153814 -0.99548 -0.0850826 0.042202 0.0433547 -0.0117458 0.998991 1.1665 2.39928 -2.61984</i>
                        <i>-0.0680896 0.997677 -0.00203993 -0.996649 -0.0679262 0.04558 0.0453356 0.00513662 0.998959 1.17373 2.41753 -2.65467</i>
                        <i>-0.0515901 0.998476 -0.019589 -0.997567 -0.0506023 0.0479517 0.0468874 0.0220151 0.998658 1.18088 2.43366 -2.68916</i>
                        <i>-0.0601546 0.998134 -0.010472 -0.997122 -0.0596021 0.0468483 0.0461367 0.01326 0.998847 1.17719 2.42556 -2.67133</i>
                        <i>-0.0760042 0.997087 0.00636249 -0.996117 -0.0762115 0.0440784 0.0444349 -0.00298763 0.999008 1.17026 2.40901 -2.63793</i>
                        <i>-0.084501 0.996305 0.0153814 -0.99548 -0.0850826 0.042202 0.0433547 -0.0117458 0.998991 1.1665 2.39928 -2.61984</i>
                        <i>-0.084501 0.996305 0.0153814 -0.99548 -0.0850826 0.042202 0.0433547 -0.0117458 0.998991 1.1665 2.39928 -2.61984</i>
                        <i>-0.084501 0.996305 0.0153814 -0.99548 -0.0850826 0.042202 0.0433547 -0.0117458 0.998991 1.1665 2.39928 -2.61984</i>
                        <i>-0.084501 0.996305 0.0153814 -0.99548 -0.0850826 0.042202 0.0433547 -0.0117458 0.998991 1.1665 2.39928 -2.61984</i>
                        <i>-0.084501 0.996305 0.0153814 -0.99548 -0.0850826 0.042202 0.0433547 -0.0117458 0.998991 1.1665 2.39928 -2.61984</i>
                        <i>-0.084501 0.996305 0.0153814 -0.99548 -0.0850826 0.042202 0.0433547 -0.0117458 0.998991 1.1665 2.39928 -2.61984</i>
                        <i>-0.153745 0.984629 0.0828796 -0.98382 -0.160346 0.0799183 0.0919793 -0.0692516 0.99335 1.17369 2.36908 -2.62122</i>
                        <i>-0.214194 0.965166 0.15025 -0.96591 -0.232183 0.114494 0.145391 -0.120604 0.981996 1.15636 2.32502 -2.62465</i>
                        <i>-0.238676 0.957191 0.163769 -0.948941 -0.26571 0.170029 0.206265 -0.114825 0.971736 1.02246 2.3139 -2.62072</i>
                        <i>-0.117707 0.980621 0.156613 -0.963752 -0.150829 0.220075 0.239432 -0.125031 0.962829 0.87435 2.31281 -2.60429</i>
                        <i>0.0971903 0.987403 0.12486 -0.958967 0.0593337 0.277239 0.266338 -0.146682 0.952653 0.772809 2.3327 -2.58184</i>
                        <i>0.226751 0.970657 0.0800563 -0.920898 0.186915 0.342065 0.317064 -0.151288 0.93626 0.676137 2.35994 -2.56779</i>
                        <i>0.208725 0.975753 0.0658807 -0.912735 0.170166 0.371427 0.35121 -0.137658 0.926122 0.628248 2.37865 -2.56917</i>
                        <i>0.189748 0.980408 0.0528836 -0.902918 0.153087 0.401625 0.385661 -0.123957 0.914276 0.580387 2.37326 -2.57148</i>
                        <i>0.0132549 0.998147 0.0593801 -0.865479 -0.0182883 0.500611 0.50077 -0.0580278 0.863633 0.45999 2.28589 -2.61465</i>
