<?xml version="1.0" encoding="ISO-8859-1" ?>
<Animl Version="1">
    <ModellingPackage><![CDATA[Maya.2010]]></ModellingPackage>
    <SrcFile><![CDATA[anims\vehicles\red\~src\air\helicopter_hormone\helicopter_hormone_takeoff_crewman_a.mb]]></SrcFile>
    <FramesPerSecond>30</FramesPerSecond>
    <TotalFrames>121</TotalFrames>
    <Skeleton>
        <RefFrame>
            <Name><![CDATA[soldier_ref_frame]]></Name>
            <Exclude>0</Exclude>
            <Additive>0</Additive>
            <IKPriority>0</IKPriority>
            <IKRotLimits>-1e+010 -1e+010 -1e+010 1e+010 1e+010 1e+010</IKRotLimits>
            <IKRotLimitOrder>0</IKRotLimitOrder>
            <KeyFrames count="121">
                <i>1 0 0 0 1 0 0 0 1 0 0 0</i>
                <i>1 0 0 0 1 0 0 0 1 0 0 0</i>
                <i>1 0 0 0 1 0 0 0 1 0 0 0</i>
                <i>1 0 0 0 1 0 0 0 1 0 0 0</i>
                <i>1 0 0 0 1 0 0 0 1 0 0 0</i>
                <i>1 0 0 0 1 0 0 0 1 0 0 0</i>
                <i>1 0 0 0 1 0 0 0 1 0 0 0</i>
                <i>1 0 0 0 1 0 0 0 1 0 0 0</i>
                <i>1 0 0 0 1 0 0 0 1 0 0 0</i>
                <i>1 0 0 0 1 0 0 0 1 0 0 0</i>
                <i>1 0 0 0 1 0 0 0 1 0 0 0</i>
                <i>1 0 0 0 1 0 0 0 1 0 0 0</i>
                <i>1 0 0 0 1 0 0 0 1 0 0 0</i>
                <i>1 0 0 0 1 0 0 0 1 0 0 0</i>
                <i>1 0 0 0 1 0 0 0 1 0 0 0</i>
                <i>1 0 0 0 1 0 0 0 1 0 0 0</i>
                <i>1 0 0 0 1 0 0 0 1 0 0 0</i>
                <i>1 0 0 0 1 0 0 0 1 0 0 0</i>
                <i>1 0 0 0 1 0 0 0 1 0 0 0</i>
                <i>1 0 0 0 1 0 0 0 1 0 0 0</i>
                <i>1 0 0 0 1 0 0 0 1 0 0 0</i>
                <i>1 0 0 0 1 0 0 0 1 0 0 0</i>
                <i>1 0 0 0 1 0 0 0 1 0 0 0</i>
                <i>1 0 0 0 1 0 0 0 1 0 0 0</i>
                <i>1 0 0 0 1 0 0 0 1 0 0 0</i>
                <i>1 0 0 0 1 0 0 0 1 0 0 0</i>
                <i>1 0 0 0 1 0 0 0 1 0 0 0</i>
                <i>1 0 0 0 1 0 0 0 1 0 0 0</i>
                <i>1 0 0 0 1 0 0 0 1 0 0 0</i>
                <i>1 0 0 0 1 0 0 0 1 0 0 0</i>
                <i>1 0 0 0 1 0 0 0 1 0 0 0</i>
                <i>1 0 0 0 1 0 0 0 1 0 0 0</i>
                <i>1 0 0 0 1 0 0 0 1 0 0 0</i>
                <i>1 0 0 0 1 0 0 0 1 0 0 0</i>
                <i>1 0 0 0 1 0 0 0 1 0 0 0</i>
                <i>1 0 0 0 1 0 0 0 1 0 0 0</i>
                <i>1 0 0 0 1 0 0 0 1 0 0 0</i>
                <i>1 0 0 0 1 0 0 0 1 0 0 0</i>
                <i>1 0 0 0 1 0 0 0 1 0 0 0</i>
                <i>1 0 0 0 1 0 0 0 1 0 0 0</i>
                <i>1 0 0 0 1 0 0 0 1 0 0 0</i>
                <i>1 0 0 0 1 0 0 0 1 0 0 0</i>
                <i>1 0 0 0 1 0 0 0 1 0 0 0</i>
                <i>1 0 0 0 1 0 0 0 1 0 0 0</i>
                <i>1 0 0 0 1 0 0 0 1 0 0 0</i>
                <i>1 0 0 0 1 0 0 0 1 0 0 0</i>
                <i>1 0 0 0 1 0 0 0 1 0 0 0</i>
                <i>1 0 0 0 1 0 0 0 1 0 0 0</i>
                <i>1 0 0 0 1 0 0 0 1 0 0 0</i>
                <i>1 0 0 0 1 0 0 0 1 0 0 0</i>
                <i>1 0 0 0 1 0 0 0 1 0 0 0</i>
                <i>1 0 0 0 1 0 0 0 1 0 0 0</i>
                <i>1 0 0 0 1 0 0 0 1 0 0 0</i>
                <i>1 0 0 0 1 0 0 0 1 0 0 0</i>
                <i>1 0 0 0 1 0 0 0 1 0 0 0</i>
                <i>1 0 0 0 1 0 0 0 1 0 0 0</i>
                <i>1 0 0 0 1 0 0 0 1 0 0 0</i>
                <i>1 0 0 0 1 0 0 0 1 0 0 0</i>
                <i>1 0 0 0 1 0 0 0 1 0 0 0</i>
                <i>1 0 0 0 1 0 0 0 1 0 0 0</i>
                <i>1 0 0 0 1 0 0 0 1 0 0 0</i>
                <i>1 0 0 0 1 0 0 0 1 0 0 0</i>
                <i>1 0 0 0 1 0 0 0 1 0 0 0</i>
                <i>1 0 0 0 1 0 0 0 1 0 0 0</i>
                <i>1 0 0 0 1 0 0 0 1 0 0 0</i>
                <i>1 0 0 0 1 0 0 0 1 0 0 0</i>
                <i>1 0 0 0 1 0 0 0 1 0 0 0</i>
                <i>1 0 0 0 1 0 0 0 1 0 0 0</i>
                <i>1 0 0 0 1 0 0 0 1 0 0 0</i>
                <i>1 0 0 0 1 0 0 0 1 0 0 0</i>
                <i>1 0 0 0 1 0 0 0 1 0 0 0</i>
                <i>1 0 0 0 1 0 0 0 1 0 0 0</i>
                <i>1 0 0 0 1 0 0 0 1 0 0 0</i>
                <i>1 0 0 0 1 0 0 0 1 0 0 0</i>
                <i>1 0 0 0 1 0 0 0 1 0 0 0</i>
                <i>1 0 0 0 1 0 0 0 1 0 0 0</i>
                <i>1 0 0 0 1 0 0 0 1 0 0 0</i>
                <i>1 0 0 0 1 0 0 0 1 0 0 0</i>
                <i>1 0 0 0 1 0 0 0 1 0 0 0</i>
                <i>1 0 0 0 1 0 0 0 1 0 0 0</i>
                <i>1 0 0 0 1 0 0 0 1 0 0 0</i>
                <i>1 0 0 0 1 0 0 0 1 0 0 0</i>
                <i>1 0 0 0 1 0 0 0 1 0 0 0</i>
                <i>1 0 0 0 1 0 0 0 1 0 0 0</i>
                <i>1 0 0 0 1 0 0 0 1 0 0 0</i>
                <i>1 0 0 0 1 0 0 0 1 0 0 0</i>
                <i>1 0 0 0 1 0 0 0 1 0 0 0</i>
                <i>1 0 0 0 1 0 0 0 1 0 0 0</i>
                <i>1 0 0 0 1 0 0 0 1 0 0 0</i>
                <i>1 0 0 0 1 0 0 0 1 0 0 0</i>
                <i>1 0 0 0 1 0 0 0 1 0 0 0</i>
                <i>1 0 0 0 1 0 0 0 1 0 0 0</i>
                <i>1 0 0 0 1 0 0 0 1 0 0 0</i>
                <i>1 0 0 0 1 0 0 0 1 0 0 0</i>
                <i>1 0 0 0 1 0 0 0 1 0 0 0</i>
                <i>1 0 0 0 1 0 0 0 1 0 0 0</i>
                <i>1 0 0 0 1 0 0 0 1 0 0 0</i>
                <i>1 0 0 0 1 0 0 0 1 0 0 0</i>
                <i>1 0 0 0 1 0 0 0 1 0 0 0</i>
                <i>1 0 0 0 1 0 0 0 1 0 0 0</i>
                <i>1 0 0 0 1 0 0 0 1 0 0 0</i>
                <i>1 0 0 0 1 0 0 0 1 0 0 0</i>
                <i>1 0 0 0 1 0 0 0 1 0 0 0</i>
                <i>1 0 0 0 1 0 0 0 1 0 0 0</i>
                <i>1 0 0 0 1 0 0 0 1 0 0 0</i>
                <i>1 0 0 0 1 0 0 0 1 0 0 0</i>
                <i>1 0 0 0 1 0 0 0 1 0 0 0</i>
                <i>1 0 0 0 1 0 0 0 1 0 0 0</i>
                <i>1 0 0 0 1 0 0 0 1 0 0 0</i>
                <i>1 0 0 0 1 0 0 0 1 0 0 0</i>
                <i>1 0 0 0 1 0 0 0 1 0 0 0</i>
                <i>1 0 0 0 1 0 0 0 1 0 0 0</i>
                <i>1 0 0 0 1 0 0 0 1 0 0 0</i>
                <i>1 0 0 0 1 0 0 0 1 0 0 0</i>
                <i>1 0 0 0 1 0 0 0 1 0 0 0</i>
                <i>1 0 0 0 1 0 0 0 1 0 0 0</i>
                <i>1 0 0 0 1 0 0 0 1 0 0 0</i>
                <i>1 0 0 0 1 0 0 0 1 0 0 0</i>
                <i>1 0 0 0 1 0 0 0 1 0 0 0</i>
                <i>1 0 0 0 1 0 0 0 1 0 0 0</i>
                <i>1 0 0 0 1 0 0 0 1 0 0 0</i>
            </KeyFrames>
        </RefFrame>
        <Bones count="23">
            <i>
                <p>
                    <Name><![CDATA[pelvis]]></Name>
                    <Exclude>0</Exclude>
                    <Additive>0</Additive>
                    <IKPriority>0</IKPriority>
                    <IKRotLimits>-1e+010 -1e+010 -1e+010 1e+010 1e+010 1e+010</IKRotLimits>
                    <IKRotLimitOrder>2</IKRotLimitOrder>
                    <KeyFrames count="121">
                        <i>1 0 0 0 1 0 0 0 1 2.24 2.18 -0.33</i>
                        <i>1 0 0 0 1 0 0 0 1 2.17708 2.16401 -0.319012</i>
                        <i>1 0 0 0 1 0 0 0 1 2.11222 2.14903 -0.306543</i>
                        <i>1 0 0 0 1 0 0 0 1 2.05125 2.13203 -0.293333</i>
                        <i>1 0 0 0 1 0 0 0 1 2 2.11 -0.280123</i>
                        <i>1 0 0 0 1 0 0 0 1 1.95492 2.077 -0.267654</i>
                        <i>1 0 0 0 1 0 0 0 1 1.91168 2.03528 -0.256667</i>
                        <i>1 0 0 0 1 0 0 0 1 1.87499 1.99405 -0.247901</i>
                        <i>1 0 0 0 1 0 0 0 1 1.84953 1.96255 -0.242099</i>
                        <i>1 0 0 0 1 0 0 0 1 1.84 1.95 -0.24</i>
                        <i>1 0 0 0 1 0 0 0 1 1.79408 1.98173 -0.234053</i>
                        <i>1 0 0 0 1 0 0 0 1 1.67904 2.0588 -0.21696</i>
                        <i>1 0 0 0 1 0 0 0 1 1.52896 2.154 -0.18984</i>
                        <i>1 0 0 0 1 0 0 0 1 1.37792 2.24013 -0.153813</i>
                        <i>1 0 0 0 1 0 0 0 1 1.26 2.29 -0.11</i>
                        <i>1 0 0 0 1 0 0 0 1 1.16943 2.30861 -0.066364</i>
                        <i>1 0 0 0 1 0 0 0 1 1.07854 2.31991 -0.0280053</i>
                        <i>1 0 0 0 1 0 0 0 1 0.988596 2.32508 0.00825205</i>
                        <i>1 0 0 0 1 0 0 0 1 0.900832 2.32533 0.045584</i>
                        <i>1 0 0 0 1 0 0 0 1 0.8165 2.32183 0.0871667</i>
                        <i>1 0 0 0 1 0 0 0 1 0.736848 2.31579 0.136176</i>
                        <i>1 0 0 0 1 0 0 0 1 0.663124 2.3084 0.195788</i>
                        <i>1 0 0 0 1 0 0 0 1 0.596576 2.30084 0.269179</i>
                        <i>1 0 0 0 1 0 0 0 1 0.538452 2.29431 0.359524</i>
                        <i>1 0 0 0 1 0 0 0 1 0.49 2.29 0.47</i>
                        <i>1 0 0 0 1 0 0 0 1 0.449569 2.28598 0.600052</i>
                        <i>1 0 0 0 1 0 0 0 1 0.414316 2.27985 0.745399</i>
                        <i>1 0 0 0 1 0 0 0 1 0.383696 2.27206 0.903632</i>
                        <i>1 0 0 0 1 0 0 0 1 0.357167 2.26309 1.07234</i>
                        <i>1 0 0 0 1 0 0 0 1 0.334185 2.25341 1.24911</i>
                        <i>1 0 0 0 1 0 0 0 1 0.314208 2.24347 1.43154</i>
                        <i>1 0 0 0 1 0 0 0 1 0.296692 2.23376 1.6172</i>
                        <i>1 0 0 0 1 0 0 0 1 0.281095 2.22472 1.8037</i>
                        <i>1 0 0 0 1 0 0 0 1 0.266872 2.21685 1.98862</i>
                        <i>1 0 0 0 1 0 0 0 1 0.253482 2.21059 2.16956</i>
                        <i>1 0 0 0 1 0 0 0 1 0.24038 2.20643 2.34409</i>
                        <i>1 0 0 0 1 0 0 0 1 0.227024 2.20482 2.50981</i>
                        <i>1 0 0 0 1 0 0 0 1 0.212871 2.20623 2.66431</i>
                        <i>1 0 0 0 1 0 0 0 1 0.197377 2.21114 2.80517</i>
                        <i>1 0 0 0 1 0 0 0 1 0.18 2.22 2.93</i>
                        <i>1 0 0 0 1 0 0 0 1 0.15616 2.25512 3.04404</i>
                        <i>1 0 0 0 1 0 0 0 1 0.12828 2.32376 3.15382</i>
                        <i>1 0 0 0 1 0 0 0 1 0.10632 2.40384 3.2588</i>
                        <i>1 0 0 0 1 0 0 0 1 0.10024 2.47328 3.35844</i>
                        <i>1 0 0 0 1 0 0 0 1 0.12 2.51 3.45222</i>
                        <i>1 0 0 0 1 0 0 0 1 0.16596 2.50472 3.5396</i>
                        <i>1 0 0 0 1 0 0 0 1 0.22848 2.47216 3.62004</i>
                        <i>1 0 0 0 1 0 0 0 1 0.30252 2.42624 3.69302</i>
                        <i>1 0 0 0 1 0 0 0 1 0.38304 2.38088 3.758</i>
                        <i>1 0 0 0 1 0 0 0 1 0.465 2.35 3.81444</i>
                        <i>1 0 0 0 1 0 0 0 1 0.54336 2.33472 3.86182</i>
                        <i>1 0 0 0 1 0 0 0 1 0.61308 2.32576 3.8996</i>
                        <i>1 0 0 0 1 0 0 0 1 0.66912 2.32144 3.92724</i>
                        <i>1 0 0 0 1 0 0 0 1 0.70644 2.32008 3.94422</i>
                        <i>1 0 0 0 1 0 0 0 1 0.72 2.32 3.95</i>
                        <i>1 0 0 0 1 0 0 0 1 0.72 2.31824 3.95</i>
                        <i>1 0 0 0 1 0 0 0 1 0.72 2.31339 3.95</i>
                        <i>1 0 0 0 1 0 0 0 1 0.72 2.30608 3.95</i>
                        <i>1 0 0 0 1 0 0 0 1 0.72 2.29696 3.95</i>
                        <i>1 0 0 0 1 0 0 0 1 0.72 2.28667 3.95</i>
                        <i>1 0 0 0 1 0 0 0 1 0.72 2.27584 3.95</i>
                        <i>1 0 0 0 1 0 0 0 1 0.72 2.26512 3.95</i>
                        <i>1 0 0 0 1 0 0 0 1 0.72 2.25515 3.95</i>
                        <i>1 0 0 0 1 0 0 0 1 0.72 2.24656 3.95</i>
                        <i>1 0 0 0 1 0 0 0 1 0.72 2.24 3.95</i>
                        <i>1 0 0 0 1 0 0 0 1 0.72 2.23659 3.95</i>
                        <i>1 0 0 0 1 0 0 0 1 0.72 2.23616 3.95</i>
                        <i>1 0 0 0 1 0 0 0 1 0.72 2.23744 3.95</i>
                        <i>1 0 0 0 1 0 0 0 1 0.72 2.23915 3.95</i>
                        <i>1 0 0 0 1 0 0 0 1 0.72 2.24 3.95</i>
                        <i>1 0 0 0 1 0 0 0 1 0.72 2.24 3.95</i>
                        <i>1 0 0 0 1 0 0 0 1 0.72 2.24 3.95</i>
                        <i>1 0 0 0 1 0 0 0 1 0.72 2.24 3.95</i>
                        <i>1 0 0 0 1 0 0 0 1 0.72 2.24 3.95</i>
                        <i>1 0 0 0 1 0 0 0 1 0.72 2.24 3.95</i>
                        <i>1 0 0 0 1 0 0 0 1 0.72 2.24 3.95</i>
                        <i>1 0 0 0 1 0 0 0 1 0.72 2.24 3.95</i>
                        <i>1 0 0 0 1 0 0 0 1 0.72 2.24 3.95</i>
                        <i>1 0 0 0 1 0 0 0 1 0.72 2.24 3.95</i>
                        <i>1 0 0 0 1 0 0 0 1 0.72 2.24 3.95</i>
                        <i>1 0 0 0 1 0 0 0 1 0.72 2.24 3.95</i>
                        <i>1 0 0 0 1 0 0 0 1 0.72 2.24 3.95</i>
                        <i>1 0 0 0 1 0 0 0 1 0.72 2.24 3.95</i>
                        <i>1 0 0 0 1 0 0 0 1 0.72 2.24 3.95</i>
                        <i>1 0 0 0 1 0 0 0 1 0.72 2.24 3.95</i>
                        <i>1 0 0 0 1 0 0 0 1 0.72 2.24 3.95</i>
                        <i>1 0 0 0 1 0 0 0 1 0.72 2.24 3.95</i>
                        <i>1 0 0 0 1 0 0 0 1 0.72 2.24 3.95</i>
                        <i>1 0 0 0 1 0 0 0 1 0.72 2.24 3.95</i>
                        <i>1 0 0 0 1 0 0 0 1 0.72 2.24 3.95</i>
                        <i>1 0 0 0 1 0 0 0 1 0.72 2.24 3.95</i>
                        <i>1 0 0 0 1 0 0 0 1 0.72 2.24 3.95</i>
                        <i>1 0 0 0 1 0 0 0 1 0.72 2.24 3.95</i>
                        <i>1 0 0 0 1 0 0 0 1 0.72 2.24 3.95</i>
                        <i>1 0 0 0 1 0 0 0 1 0.72 2.24 3.95</i>
                        <i>1 0 0 0 1 0 0 0 1 0.72 2.24 3.95</i>
                        <i>1 0 0 0 1 0 0 0 1 0.72 2.24 3.95</i>
                        <i>1 0 0 0 1 0 0 0 1 0.72 2.24 3.95</i>
                        <i>1 0 0 0 1 0 0 0 1 0.72 2.24 3.95</i>
                        <i>1 0 0 0 1 0 0 0 1 0.72 2.24 3.95</i>
                        <i>1 0 0 0 1 0 0 0 1 0.72 2.24 3.95</i>
                        <i>1 0 0 0 1 0 0 0 1 0.72 2.24 3.95</i>
                        <i>1 0 0 0 1 0 0 0 1 0.72 2.24 3.95</i>
                        <i>1 0 0 0 1 0 0 0 1 0.72 2.24 3.95</i>
                        <i>1 0 0 0 1 0 0 0 1 0.72 2.24 3.95</i>
                        <i>1 0 0 0 1 0 0 0 1 0.72 2.24 3.95</i>
                        <i>1 0 0 0 1 0 0 0 1 0.72 2.24 3.95</i>
                        <i>1 0 0 0 1 0 0 0 1 0.72 2.24 3.95</i>
                        <i>1 0 0 0 1 0 0 0 1 0.72 2.24 3.95</i>
                        <i>1 0 0 0 1 0 0 0 1 0.72 2.24 3.95</i>
                        <i>1 0 0 0 1 0 0 0 1 0.72 2.24 3.95</i>
                        <i>1 0 0 0 1 0 0 0 1 0.72 2.24 3.95</i>
                        <i>1 0 0 0 1 0 0 0 1 0.72 2.24 3.95</i>
                        <i>1 0 0 0 1 0 0 0 1 0.72 2.24 3.95</i>
                        <i>1 0 0 0 1 0 0 0 1 0.72 2.24 3.95</i>
                        <i>1 0 0 0 1 0 0 0 1 0.72 2.24 3.95</i>
                        <i>1 0 0 0 1 0 0 0 1 0.72 2.24 3.95</i>
                        <i>1 0 0 0 1 0 0 0 1 0.72 2.24 3.95</i>
                        <i>1 0 0 0 1 0 0 0 1 0.72 2.24 3.95</i>
                        <i>1 0 0 0 1 0 0 0 1 0.72 2.24 3.95</i>
                        <i>1 0 0 0 1 0 0 0 1 0.72 2.24 3.95</i>
                    </KeyFrames>
                </p>
            </i>
            <i>
                <p>
                    <Name><![CDATA[spine0]]></Name>
                    <Exclude>0</Exclude>
                    <Additive>0</Additive>
                    <IKPriority>0</IKPriority>
                    <IKRotLimits>-1e+010 -1e+010 -1e+010 1e+010 1e+010 1e+010</IKRotLimits>
                    <IKRotLimitOrder>0</IKRotLimitOrder>
                    <KeyFrames count="121">
                        <i>0.0973739 0.994712 0.0326697 -0.995083 0.097903 -0.0150034 -0.0181225 -0.0310481 0.999354 2.23778 2.30831 -0.395027</i>
                        <i>0.0487997 0.997017 0.0597898 -0.994486 0.0540647 -0.0898633 -0.0928278 -0.0550748 0.994158 2.17787 2.29211 -0.384489</i>
                        <i>-0.00816173 0.995889 0.0902112 -0.98656 0.00670344 -0.16326 -0.163194 -0.0903313 0.98245 2.11599 2.27744 -0.371283</i>
                        <i>-0.0629585 0.990607 0.121382 -0.9734 -0.0341039 -0.226559 -0.220291 -0.132417 0.966404 2.05829 2.26122 -0.356242</i>
                        <i>-0.103135 0.983179 0.15074 -0.960463 -0.059037 -0.272077 -0.258601 -0.172841 0.950395 2.01114 2.24003 -0.340658</i>
                        <i>-0.125621 0.975946 0.178181 -0.949633 -0.066318 -0.306267 -0.287083 -0.20768 0.935121 1.97151 2.20771 -0.325415</i>
                        <i>-0.139109 0.969241 0.203029 -0.93895 -0.0639474 -0.338058 -0.314677 -0.237661 0.918965 1.93427 2.16647 -0.311203</i>
                        <i>-0.14651 0.963807 0.222735 -0.929489 -0.0570791 -0.364408 -0.338505 -0.260419 0.90421 1.90304 2.12543 -0.299362</i>
                        <i>-0.149676 0.960273 0.235527 -0.922637 -0.0500151 -0.382413 -0.355441 -0.274544 0.893469 1.88154 2.0939 -0.291276</i>
                        <i>-0.150254 0.959049 0.2401 -0.920005 -0.0467222 -0.389112 -0.36196 -0.279359 0.88935 1.87355 2.08129 -0.288296</i>
                        <i>-0.153535 0.956052 0.249783 -0.919742 -0.0458537 -0.389836 -0.36125 -0.289589 0.886361 1.82722 2.11364 -0.280928</i>
                        <i>-0.161635 0.948292 0.273161 -0.919313 -0.0440501 -0.391054 -0.358801 -0.314329 0.878897 1.7111 2.19216 -0.260359</i>
                        <i>-0.171834 0.937753 0.301816 -0.919275 -0.0425037 -0.391314 -0.354128 -0.344693 0.869356 1.55952 2.28904 -0.228896</i>
                        <i>-0.181219 0.927228 0.327732 -0.920261 -0.0423617 -0.389006 -0.346814 -0.372094 0.860968 1.40683 2.37663 -0.188886</i>
                        <i>-0.186825 0.920453 0.34331 -0.922948 -0.0447355 -0.382316 -0.336546 -0.388284 0.857888 1.28741 2.42738 -0.142719</i>
                        <i>-0.188961 0.917492 0.350004 -0.927339 -0.0494848 -0.370936 -0.323011 -0.394665 0.860177 1.19543 2.44647 -0.0982386</i>
                        <i>-0.190012 0.915551 0.354487 -0.932629 -0.05551 -0.356541 -0.306754 -0.398352 0.864418 1.10298 2.45814 -0.0594932</i>
                        <i>-0.190351 0.914489 0.357038 -0.938273 -0.0624772 -0.340206 -0.288808 -0.399758 0.869933 1.01135 2.46361 -0.023216</i>
                        <i>-0.190359 0.914129 0.357954 -0.943792 -0.0700428 -0.323033 -0.270222 -0.399326 0.876081 0.921803 2.46407 0.0138603</i>
                        <i>-0.190399 0.914269 0.357577 -0.948794 -0.07785 -0.306154 -0.252069 -0.397558 0.882275 0.835622 2.46074 0.0550047</i>
                        <i>-0.19079 0.914683 0.356307 -0.952977 -0.0855297 -0.290722 -0.235444 -0.39502 0.88799 0.75409 2.45483 0.103488</i>
                        <i>-0.191799 0.915132 0.354607 -0.956123 -0.092702 -0.27791 -0.221452 -0.392351 0.89276 0.678495 2.44753 0.162582</i>
                        <i>-0.193638 0.915372 0.352984 -0.958069 -0.0989778 -0.2689 -0.211206 -0.390253 0.896156 0.610132 2.44006 0.235559</i>
                        <i>-0.196485 0.915158 0.351966 -0.958664 -0.103957 -0.264871 -0.205809 -0.38946 0.897754 0.5503 2.43363 0.325688</i>
                        <i>-0.200508 0.914246 0.352066 -0.957714 -0.107224 -0.266995 -0.206349 -0.390713 0.897086 0.500297 2.42946 0.436231</i>
                        <i>-0.206538 0.912537 0.353013 -0.955047 -0.109603 -0.27545 -0.212667 -0.394035 0.894153 0.458254 2.42562 0.566559</i>
                        <i>-0.214977 0.910149 0.354138 -0.950733 -0.1121 -0.289035 -0.223366 -0.398826 0.889407 0.421108 2.41967 0.712234</i>
                        <i>-0.22537 0.907177 0.3553 -0.944845 -0.114557 -0.306829 -0.237646 -0.404854 0.88296 0.388371 2.41205 0.870806</i>
                        <i>-0.237253 0.903727 0.356353 -0.937461 -0.116811 -0.327906 -0.254711 -0.411864 0.874923 0.35956 2.40321 1.03982</i>
                        <i>-0.250152 0.89992 0.357167 -0.928691 -0.118706 -0.351342 -0.273782 -0.419587 0.865442 0.334192 2.3936 1.21684</i>
                        <i>-0.263574 0.895893 0.357639 -0.91871 -0.120096 -0.37623 -0.294111 -0.427731 0.85472 0.311789 2.38368 1.39942</i>
                        <i>-0.277008 0.891803 0.357707 -0.907769 -0.120849 -0.401685 -0.314995 -0.435986 0.843027 0.291875 2.37392 1.58514</i>
                        <i>-0.289933 0.887826 0.357357 -0.896206 -0.120855 -0.42686 -0.335789 -0.444026 0.830714 0.273974 2.36477 1.77158</i>
                        <i>-0.301815 0.884156 0.356617 -0.88444 -0.120023 -0.450955 -0.355912 -0.451512 0.818208 0.257612 2.35673 1.95634</i>
                        <i>-0.312118 0.880998 0.355562 -0.872967 -0.118285 -0.47322 -0.374849 -0.458094 0.806001 0.242309 2.35028 2.13702</i>
                        <i>-0.320305 0.878566 0.354298 -0.862338 -0.115593 -0.492961 -0.392145 -0.463422 0.794646 0.227588 2.34591 2.31125</i>
                        <i>-0.325842 0.877071 0.352951 -0.853146 -0.111909 -0.509528 -0.407393 -0.467144 0.784734 0.212964 2.3441 2.47665</i>
                        <i>-0.328199 0.876714 0.35165 -0.845993 -0.107202 -0.522306 -0.420215 -0.468914 0.776878 0.197954 2.34535 2.63085</i>
                        <i>-0.326849 0.877676 0.350505 -0.841472 -0.101431 -0.530694 -0.430225 -0.468398 0.771693 0.18207 2.35015 2.77148</i>
                        <i>-0.321266 0.880103 0.349579 -0.840132 -0.0945371 -0.53408 -0.436998 -0.465275 0.769774 0.164829 2.359 2.89616</i>
                        <i>-0.298098 0.888004 0.350123 -0.850493 -0.0805672 -0.519779 -0.433357 -0.452722 0.779259 0.142436 2.3942 3.0099</i>
                        <i>-0.251945 0.901851 0.350983 -0.874237 -0.0565713 -0.482191 -0.415009 -0.428328 0.802684 0.117524 2.46293 3.11901</i>
                        <i>-0.194598 0.916831 0.348644 -0.901741 -0.0273431 -0.43141 -0.385997 -0.398338 0.832065 0.0992394 2.54298 3.22295</i>
                        <i>-0.138373 0.929855 0.340913 -0.925582 0.00104989 -0.378547 -0.352352 -0.367924 0.860512 0.0967681 2.61219 3.32119</i>
                        <i>-0.0954668 0.939987 0.327582 -0.941653 0.0214247 -0.335902 -0.322762 -0.340536 0.883097 0.119399 2.64849 3.41329</i>
                        <i>-0.0632881 0.948897 0.309174 -0.953225 0.0342718 -0.300311 -0.29556 -0.313719 0.902344 0.167533 2.64259 3.49853</i>
                        <i>-0.0326291 0.957702 0.285907 -0.964252 0.0451011 -0.26112 -0.26297 -0.284207 0.921994 0.231861 2.60915 3.57623</i>
                        <i>-0.00495133 0.965923 0.258781 -0.974 0.053955 -0.220028 -0.226493 -0.253142 0.940543 0.307248 2.56212 3.646</i>
                        <i>0.0186636 0.973207 0.229174 -0.982 0.0609324 -0.178782 -0.187956 -0.221712 0.956826 0.388611 2.51547 3.70749</i>
                        <i>0.0376094 0.979322 0.198783 -0.988056 0.0661901 -0.139153 -0.149433 -0.191175 0.970114 0.470926 2.48319 3.76039</i>
                        <i>0.0517855 0.984166 0.169518 -0.992229 0.0699351 -0.102908 -0.113133 -0.162871 0.98014 0.549232 2.46649 3.80439</i>
                        <i>0.0615496 0.987751 0.143389 -0.994788 0.0724092 -0.0717866 -0.08129 -0.138223 0.987059 0.618618 2.4562 3.83918</i>
                        <i>0.0675929 0.990176 0.122404 -0.996136 0.0738708 -0.0474933 -0.0560688 -0.118721 0.991343 0.674211 2.45077 3.86444</i>
                        <i>0.0707416 0.991577 0.108494 -0.996711 0.0745764 -0.0316997 -0.0395238 -0.105895 0.993592 0.711148 2.44865 3.87985</i>
                        <i>0.0716971 0.992044 0.103476 -0.996861 0.0747639 -0.0260649 -0.0335939 -0.101283 0.99429 0.724552 2.44829 3.88507</i>
                        <i>0.0701628 0.992293 0.102136 -0.996977 0.073181 -0.026106 -0.0333792 -0.099996 0.994428 0.724349 2.44645 3.88489</i>
                        <i>0.0659284 0.992957 0.0984411 -0.997285 0.0688151 -0.0262188 -0.0328084 -0.0964452 0.994797 0.72379 2.44137 3.88442</i>
                        <i>0.0595444 0.993896 0.0928752 -0.997712 0.0622389 -0.0263881 -0.0320075 -0.0910915 0.995328 0.722954 2.43372 3.8837</i>
                        <i>0.0515619 0.994967 0.0859239 -0.998185 0.0540257 -0.0265982 -0.0311064 -0.0843965 0.995947 0.721915 2.42415 3.88281</i>
                        <i>0.0425356 0.99604 0.0780733 -0.998638 0.0447499 -0.0268337 -0.0302212 -0.0768256 0.996586 0.720753 2.41334 3.88181</i>
                        <i>0.0330247 0.997013 0.0698107 -0.999021 0.0349873 -0.0270797 -0.0294413 -0.0688481 0.997193 0.71954 2.40194 3.88076</i>
                        <i>0.0235934 0.99782 0.0616248 -0.999306 0.0253158 -0.0273214 -0.0288219 -0.0609375 0.997725 0.71835 2.39064 3.87973</i>
                        <i>0.0148086 0.998431 0.0540053 -0.999487 0.0163142 -0.0275446 -0.0283824 -0.0535698 0.998161 0.717252 2.38011 3.87878</i>
                        <i>0.00723899 0.998848 0.0474427 -0.999579 0.00856165 -0.0277355 -0.0281097 -0.0472219 0.998489 0.716316 2.37103 3.87796</i>
                        <i>0.00145309 0.999098 0.0424276 -0.999608 0.0026378 -0.0278805 -0.0279673 -0.0423704 0.99871 0.715605 2.36408 3.87733</i>
                        <i>-0.00155823 0.999206 0.0398177 -0.999609 -0.000444845 -0.0279557 -0.0279158 -0.0398457 0.998816 0.715237 2.36046 3.87701</i>
                        <i>-0.00193468 0.999218 0.0394914 -0.999609 -0.000830189 -0.0279651 -0.0279105 -0.0395301 0.998829 0.715191 2.36001 3.87697</i>
                        <i>-0.000805359 0.99918 0.0404702 -0.99961 0.000325835 -0.027937 -0.0279272 -0.0404769 0.99879 0.715329 2.36137 3.87709</i>
                        <i>0.000700304 0.999127 0.0417751 -0.999609 0.00186716 -0.0278994 -0.027953 -0.0417392 0.998737 0.715513 2.36318 3.87725</i>
                        <i>0.00145309 0.999098 0.0424276 -0.999608 0.0026378 -0.0278805 -0.0279673 -0.0423704 0.99871 0.715605 2.36408 3.87733</i>
                        <i>0.00145309 0.999098 0.0424276 -0.999608 0.0026378 -0.0278805 -0.0279673 -0.0423704 0.99871 0.715605 2.36408 3.87733</i>
                        <i>0.00145309 0.999098 0.0424276 -0.999608 0.0026378 -0.0278805 -0.0279673 -0.0423704 0.99871 0.715605 2.36408 3.87733</i>
                        <i>0.00145309 0.999098 0.0424276 -0.999608 0.0026378 -0.0278805 -0.0279673 -0.0423704 0.99871 0.715605 2.36408 3.87733</i>
                        <i>0.00145309 0.999098 0.0424276 -0.999608 0.0026378 -0.0278805 -0.0279673 -0.0423704 0.99871 0.715605 2.36408 3.87733</i>
                        <i>0.00145309 0.999098 0.0424276 -0.999608 0.0026378 -0.0278805 -0.0279673 -0.0423704 0.99871 0.715605 2.36408 3.87733</i>
                        <i>0.00145309 0.999098 0.0424276 -0.999608 0.0026378 -0.0278805 -0.0279673 -0.0423704 0.99871 0.715605 2.36408 3.87733</i>
                        <i>0.00145309 0.999098 0.0424276 -0.999608 0.0026378 -0.0278805 -0.0279673 -0.0423704 0.99871 0.715605 2.36408 3.87733</i>
                        <i>0.00145309 0.999098 0.0424276 -0.999608 0.0026378 -0.0278805 -0.0279673 -0.0423704 0.99871 0.715605 2.36408 3.87733</i>
                        <i>0.00145309 0.999098 0.0424276 -0.999608 0.0026378 -0.0278805 -0.0279673 -0.0423704 0.99871 0.715605 2.36408 3.87733</i>
                        <i>0.00145309 0.999098 0.0424276 -0.999608 0.0026378 -0.0278805 -0.0279673 -0.0423704 0.99871 0.715605 2.36408 3.87733</i>
                        <i>0.00145309 0.999098 0.0424276 -0.999608 0.0026378 -0.0278805 -0.0279673 -0.0423704 0.99871 0.715605 2.36408 3.87733</i>
                        <i>0.00145309 0.999098 0.0424276 -0.999608 0.0026378 -0.0278805 -0.0279673 -0.0423704 0.99871 0.715605 2.36408 3.87733</i>
                        <i>0.00145309 0.999098 0.0424276 -0.999608 0.0026378 -0.0278805 -0.0279673 -0.0423704 0.99871 0.715605 2.36408 3.87733</i>
                        <i>0.00145309 0.999098 0.0424276 -0.999608 0.0026378 -0.0278805 -0.0279673 -0.0423704 0.99871 0.715605 2.36408 3.87733</i>
                        <i>0.00145309 0.999098 0.0424276 -0.999608 0.0026378 -0.0278805 -0.0279673 -0.0423704 0.99871 0.715605 2.36408 3.87733</i>
                        <i>0.00145309 0.999098 0.0424276 -0.999608 0.0026378 -0.0278805 -0.0279673 -0.0423704 0.99871 0.715605 2.36408 3.87733</i>
                        <i>0.00145309 0.999098 0.0424276 -0.999608 0.0026378 -0.0278805 -0.0279673 -0.0423704 0.99871 0.715605 2.36408 3.87733</i>
                        <i>0.00145309 0.999098 0.0424276 -0.999608 0.0026378 -0.0278805 -0.0279673 -0.0423704 0.99871 0.715605 2.36408 3.87733</i>
                        <i>0.00145309 0.999098 0.0424276 -0.999608 0.0026378 -0.0278805 -0.0279673 -0.0423704 0.99871 0.715605 2.36408 3.87733</i>
                        <i>0.00145309 0.999098 0.0424276 -0.999608 0.0026378 -0.0278805 -0.0279673 -0.0423704 0.99871 0.715605 2.36408 3.87733</i>
                        <i>0.00145309 0.999098 0.0424276 -0.999608 0.0026378 -0.0278805 -0.0279673 -0.0423704 0.99871 0.715605 2.36408 3.87733</i>
                        <i>0.00145309 0.999098 0.0424276 -0.999608 0.0026378 -0.0278805 -0.0279673 -0.0423704 0.99871 0.715605 2.36408 3.87733</i>
                        <i>0.00145309 0.999098 0.0424276 -0.999608 0.0026378 -0.0278805 -0.0279673 -0.0423704 0.99871 0.715605 2.36408 3.87733</i>
                        <i>0.00145309 0.999098 0.0424276 -0.999608 0.0026378 -0.0278805 -0.0279673 -0.0423704 0.99871 0.715605 2.36408 3.87733</i>
                        <i>0.00145309 0.999098 0.0424276 -0.999608 0.0026378 -0.0278805 -0.0279673 -0.0423704 0.99871 0.715605 2.36408 3.87733</i>
                        <i>0.00145309 0.999098 0.0424276 -0.999608 0.0026378 -0.0278805 -0.0279673 -0.0423704 0.99871 0.715605 2.36408 3.87733</i>
                        <i>0.00145309 0.999098 0.0424276 -0.999608 0.0026378 -0.0278805 -0.0279673 -0.0423704 0.99871 0.715605 2.36408 3.87733</i>
                        <i>0.00145309 0.999098 0.0424276 -0.999608 0.0026378 -0.0278805 -0.0279673 -0.0423704 0.99871 0.715605 2.36408 3.87733</i>
                        <i>0.00145309 0.999098 0.0424276 -0.999608 0.0026378 -0.0278805 -0.0279673 -0.0423704 0.99871 0.715605 2.36408 3.87733</i>
                        <i>0.00145309 0.999098 0.0424276 -0.999608 0.0026378 -0.0278805 -0.0279673 -0.0423704 0.99871 0.715605 2.36408 3.87733</i>
                        <i>0.00145309 0.999098 0.0424276 -0.999608 0.0026378 -0.0278805 -0.0279673 -0.0423704 0.99871 0.715605 2.36408 3.87733</i>
                        <i>0.00145309 0.999098 0.0424276 -0.999608 0.0026378 -0.0278805 -0.0279673 -0.0423704 0.99871 0.715605 2.36408 3.87733</i>
                        <i>0.00145309 0.999098 0.0424276 -0.999608 0.0026378 -0.0278805 -0.0279673 -0.0423704 0.99871 0.715605 2.36408 3.87733</i>
                        <i>0.00145309 0.999098 0.0424276 -0.999608 0.0026378 -0.0278805 -0.0279673 -0.0423704 0.99871 0.715605 2.36408 3.87733</i>
                        <i>0.00145309 0.999098 0.0424276 -0.999608 0.0026378 -0.0278805 -0.0279673 -0.0423704 0.99871 0.715605 2.36408 3.87733</i>
                        <i>0.00145309 0.999098 0.0424276 -0.999608 0.0026378 -0.0278805 -0.0279673 -0.0423704 0.99871 0.715605 2.36408 3.87733</i>
                        <i>0.00145309 0.999098 0.0424276 -0.999608 0.0026378 -0.0278805 -0.0279673 -0.0423704 0.99871 0.715605 2.36408 3.87733</i>
                        <i>0.00145309 0.999098 0.0424276 -0.999608 0.0026378 -0.0278805 -0.0279673 -0.0423704 0.99871 0.715605 2.36408 3.87733</i>
                        <i>0.00145309 0.999098 0.0424276 -0.999608 0.0026378 -0.0278805 -0.0279673 -0.0423704 0.99871 0.715605 2.36408 3.87733</i>
                        <i>0.00145309 0.999098 0.0424276 -0.999608 0.0026378 -0.0278805 -0.0279673 -0.0423704 0.99871 0.715605 2.36408 3.87733</i>
                        <i>0.00145309 0.999098 0.0424276 -0.999608 0.0026378 -0.0278805 -0.0279673 -0.0423704 0.99871 0.715605 2.36408 3.87733</i>
                        <i>0.00145309 0.999098 0.0424276 -0.999608 0.0026378 -0.0278805 -0.0279673 -0.0423704 0.99871 0.715605 2.36408 3.87733</i>
                        <i>0.00145309 0.999098 0.0424276 -0.999608 0.0026378 -0.0278805 -0.0279673 -0.0423704 0.99871 0.715605 2.36408 3.87733</i>
                        <i>0.00145309 0.999098 0.0424276 -0.999608 0.0026378 -0.0278805 -0.0279673 -0.0423704 0.99871 0.715605 2.36408 3.87733</i>
                        <i>0.00145309 0.999098 0.0424276 -0.999608 0.0026378 -0.0278805 -0.0279673 -0.0423704 0.99871 0.715605 2.36408 3.87733</i>
                        <i>0.00145309 0.999098 0.0424276 -0.999608 0.0026378 -0.0278805 -0.0279673 -0.0423704 0.99871 0.715605 2.36408 3.87733</i>
                        <i>0.00145309 0.999098 0.0424276 -0.999608 0.0026378 -0.0278805 -0.0279673 -0.0423704 0.99871 0.715605 2.36408 3.87733</i>
                        <i>0.00145309 0.999098 0.0424276 -0.999608 0.0026378 -0.0278805 -0.0279673 -0.0423704 0.99871 0.715605 2.36408 3.87733</i>
                        <i>0.00145309 0.999098 0.0424276 -0.999608 0.0026378 -0.0278805 -0.0279673 -0.0423704 0.99871 0.715605 2.36408 3.87733</i>
                        <i>0.00145309 0.999098 0.0424276 -0.999608 0.0026378 -0.0278805 -0.0279673 -0.0423704 0.99871 0.715605 2.36408 3.87733</i>
                        <i>0.00145309 0.999098 0.0424276 -0.999608 0.0026378 -0.0278805 -0.0279673 -0.0423704 0.99871 0.715605 2.36408 3.87733</i>
                    </KeyFrames>
                </p>
            </i>
            <i>
                <p>
                    <Name><![CDATA[spine1]]></Name>
                    <Exclude>0</Exclude>
                    <Additive>0</Additive>
                    <IKPriority>0</IKPriority>
                    <IKRotLimits>-1e+010 -1e+010 -1e+010 1e+010 1e+010 1e+010</IKRotLimits>
                    <IKRotLimitOrder>0</IKRotLimitOrder>
                    <KeyFrames count="121">
                        <i>0.283192 0.897763 0.337379 -0.942768 0.325158 -0.0738943 -0.176041 -0.297144 0.938464 2.25537 2.48804 -0.389179</i>
                        <i>0.164014 0.902869 0.397401 -0.956467 0.244133 -0.159906 -0.241393 -0.353874 0.903606 2.1867 2.4724 -0.373734</i>
                        <i>0.0266455 0.893184 0.448901 -0.956345 0.15351 -0.248675 -0.291023 -0.422678 0.858282 2.11452 2.45801 -0.354985</i>
                        <i>-0.109107 0.86717 0.485913 -0.941394 0.066817 -0.330625 -0.319175 -0.493509 0.809059 2.04684 2.44166 -0.334196</i>
                        <i>-0.222534 0.8321 0.508023 -0.91794 -0.00328863 -0.396707 -0.328429 -0.554615 0.76455 1.99226 2.42025 -0.313097</i>
                        <i>-0.309403 0.796918 0.518837 -0.890878 -0.0520981 -0.451245 -0.332574 -0.601837 0.726076 1.94834 2.38791 -0.292594</i>
                        <i>-0.378035 0.76576 0.52029 -0.861323 -0.0848652 -0.500921 -0.33943 -0.637503 0.691648 1.90843 2.34674 -0.273528</i>
                        <i>-0.427951 0.742328 0.515565 -0.834278 -0.105055 -0.541242 -0.347616 -0.66175 0.664266 1.87565 2.30583 -0.257765</i>
                        <i>-0.458503 0.728196 0.509417 -0.81474 -0.1155 -0.568207 -0.354928 -0.675567 0.646247 1.85344 2.27443 -0.247094</i>
                        <i>-0.468906 0.723539 0.506575 -0.807343 -0.118496 -0.578062 -0.358223 -0.680037 0.639708 1.8453 2.26189 -0.243182</i>
                        <i>-0.471735 0.716906 0.513335 -0.806611 -0.115711 -0.579646 -0.356153 -0.687501 0.632849 1.79835 2.29365 -0.233996</i>
                        <i>-0.478522 0.700443 0.529525 -0.805093 -0.10928 -0.582995 -0.350488 -0.705293 0.616214 1.68072 2.37064 -0.209044</i>
                        <i>-0.486637 0.67941 0.549168 -0.803841 -0.102082 -0.58602 -0.342088 -0.726623 0.595815 1.52723 2.46544 -0.172222</i>
                        <i>-0.49333 0.659636 0.567014 -0.804008 -0.0970278 -0.586649 -0.331959 -0.745296 0.578219 1.37281 2.55091 -0.127384</i>
                        <i>-0.495868 0.647574 0.578587 -0.80681 -0.0971079 -0.582776 -0.321205 -0.75579 0.570622 1.25237 2.60023 -0.0783515</i>
                        <i>-0.494282 0.642637 0.585409 -0.81238 -0.101797 -0.574174 -0.309393 -0.759378 0.572382 1.16003 2.61856 -0.032687</i>
                        <i>-0.49063 0.639582 0.591792 -0.819605 -0.108137 -0.562631 -0.295854 -0.761079 0.57726 1.06743 2.62966 0.00681713</i>
                        <i>-0.485415 0.638139 0.597621 -0.827801 -0.115551 -0.548993 -0.281278 -0.761201 0.584342 0.975774 2.63469 0.0434829</i>
                        <i>-0.479149 0.63801 0.602793 -0.836337 -0.123438 -0.534139 -0.266379 -0.76007 0.592736 0.886274 2.63485 0.0806354</i>
                        <i>-0.472328 0.638868 0.607252 -0.844656 -0.131164 -0.518991 -0.251917 -0.758053 0.601577 0.800137 2.63129 0.12161</i>
                        <i>-0.465419 0.640354 0.611009 -0.852292 -0.138063 -0.504516 -0.238711 -0.755569 0.610026 0.718584 2.62518 0.169756</i>
                        <i>-0.458852 0.642082 0.614155 -0.858859 -0.143434 -0.49172 -0.227634 -0.753099 0.617272 0.642855 2.6177 0.228432</i>
                        <i>-0.453015 0.64364 0.616851 -0.864034 -0.146552 -0.481631 -0.219596 -0.751166 0.622517 0.574205 2.61001 0.301006</i>
                        <i>-0.448272 0.644598 0.61931 -0.867525 -0.146671 -0.475277 -0.215528 -0.75032 0.624954 0.5139 2.60329 0.390848</i>
                        <i>-0.444981 0.644514 0.621766 -0.869015 -0.143036 -0.47366 -0.216346 -0.751094 0.623741 0.463206 2.5987 0.501316</i>
                        <i>-0.443148 0.643248 0.624381 -0.868551 -0.135679 -0.476667 -0.2219 -0.753541 0.618819 0.420104 2.59429 0.631721</i>
                        <i>-0.442342 0.641094 0.627162 -0.866567 -0.125351 -0.483061 -0.231072 -0.757157 0.610999 0.381464 2.58762 0.777498</i>
                        <i>-0.442289 0.638252 0.630091 -0.863249 -0.112389 -0.492108 -0.243274 -0.761579 0.600679 0.346882 2.57916 0.936175</i>
                        <i>-0.442726 0.634925 0.633138 -0.858767 -0.0971542 -0.503071 -0.2579 -0.766441 0.588265 0.315957 2.56941 1.10528</i>
                        <i>-0.443401 0.631316 0.636267 -0.853306 -0.080043 -0.51523 -0.274345 -0.771384 0.574197 0.288293 2.55883 1.28234</i>
                        <i>-0.444064 0.627635 0.639438 -0.847074 -0.0614857 -0.527907 -0.292017 -0.776076 0.558957 0.263499 2.54793 1.46492</i>
                        <i>-0.444467 0.624096 0.642614 -0.840315 -0.0419417 -0.540474 -0.310355 -0.780221 0.543079 0.241188 2.5372 1.65057</i>
                        <i>-0.444358 0.620917 0.645762 -0.833313 -0.021888 -0.552369 -0.328841 -0.783571 0.527144 0.22098 2.52715 1.83687</i>
                        <i>-0.44348 0.618317 0.648852 -0.826385 -0.00180249 -0.563103 -0.347007 -0.785926 0.511768 0.202492 2.51831 2.02144</i>
                        <i>-0.441563 0.616519 0.651864 -0.819879 0.0178518 -0.572258 -0.364445 -0.787138 0.497588 0.185345 2.51117 2.20189</i>
                        <i>-0.438325 0.615739 0.654779 -0.814163 0.0366421 -0.579479 -0.3808 -0.787097 0.485251 0.169155 2.50629 2.37586</i>
                        <i>-0.43347 0.616191 0.657581 -0.809615 0.0541756 -0.584455 -0.395761 -0.785732 0.475394 0.153537 2.50416 2.541</i>
                        <i>-0.426685 0.618074 0.660245 -0.806616 0.070104 -0.586904 -0.409036 -0.782987 0.468636 0.138107 2.50532 2.69495</i>
                        <i>-0.417647 0.62158 0.662729 -0.805538 0.0841217 -0.586543 -0.420333 -0.778821 0.465573 0.122476 2.51029 2.83536</i>
                        <i>-0.406021 0.626878 0.664959 -0.806745 0.0959571 -0.583057 -0.429313 -0.773185 0.46677 0.10626 2.51956 2.95987</i>
                        <i>-0.375894 0.639929 0.67022 -0.817868 0.110924 -0.564613 -0.435656 -0.760386 0.481682 0.0880978 2.55618 3.07371</i>
                        <i>-0.319814 0.661877 0.677966 -0.840443 0.132205 -0.525525 -0.437463 -0.737862 0.513989 0.0716076 2.62742 3.18296</i>
                        <i>-0.250791 0.686262 0.682751 -0.866172 0.155854 -0.474822 -0.432262 -0.710461 0.555333 0.0637848 2.71017 3.28646</i>
                        <i>-0.183033 0.708884 0.681162 -0.888918 0.176606 -0.422652 -0.419909 -0.682857 0.597815 0.0715674 2.78172 3.38328</i>
