<?xml version="1.0" encoding="ISO-8859-1" ?>
<Animl Version="1">
    <ModellingPackage><![CDATA[Maya.2010]]></ModellingPackage>
    <SrcFile><![CDATA[anims\vehicles\red\~src\air\helicopter_hormone\helicopter_hormone_idle_crewman_b.mb]]></SrcFile>
    <FramesPerSecond>30</FramesPerSecond>
    <TotalFrames>61</TotalFrames>
    <Skeleton>
        <RefFrame>
            <Name><![CDATA[soldier_ref_frame]]></Name>
            <Exclude>0</Exclude>
            <Additive>0</Additive>
            <IKPriority>0</IKPriority>
            <IKRotLimits>-1e+010 -1e+010 -1e+010 1e+010 1e+010 1e+010</IKRotLimits>
            <IKRotLimitOrder>0</IKRotLimitOrder>
            <KeyFrames count="61">
                <i>1 0 0 0 1 0 0 0 1 0 0 0</i>
                <i>1 0 0 0 1 0 0 0 1 0 0 0</i>
                <i>1 0 0 0 1 0 0 0 1 0 0 0</i>
                <i>1 0 0 0 1 0 0 0 1 0 0 0</i>
                <i>1 0 0 0 1 0 0 0 1 0 0 0</i>
                <i>1 0 0 0 1 0 0 0 1 0 0 0</i>
                <i>1 0 0 0 1 0 0 0 1 0 0 0</i>
                <i>1 0 0 0 1 0 0 0 1 0 0 0</i>
                <i>1 0 0 0 1 0 0 0 1 0 0 0</i>
                <i>1 0 0 0 1 0 0 0 1 0 0 0</i>
                <i>1 0 0 0 1 0 0 0 1 0 0 0</i>
                <i>1 0 0 0 1 0 0 0 1 0 0 0</i>
                <i>1 0 0 0 1 0 0 0 1 0 0 0</i>
                <i>1 0 0 0 1 0 0 0 1 0 0 0</i>
                <i>1 0 0 0 1 0 0 0 1 0 0 0</i>
                <i>1 0 0 0 1 0 0 0 1 0 0 0</i>
                <i>1 0 0 0 1 0 0 0 1 0 0 0</i>
                <i>1 0 0 0 1 0 0 0 1 0 0 0</i>
                <i>1 0 0 0 1 0 0 0 1 0 0 0</i>
                <i>1 0 0 0 1 0 0 0 1 0 0 0</i>
                <i>1 0 0 0 1 0 0 0 1 0 0 0</i>
                <i>1 0 0 0 1 0 0 0 1 0 0 0</i>
                <i>1 0 0 0 1 0 0 0 1 0 0 0</i>
                <i>1 0 0 0 1 0 0 0 1 0 0 0</i>
                <i>1 0 0 0 1 0 0 0 1 0 0 0</i>
                <i>1 0 0 0 1 0 0 0 1 0 0 0</i>
                <i>1 0 0 0 1 0 0 0 1 0 0 0</i>
                <i>1 0 0 0 1 0 0 0 1 0 0 0</i>
                <i>1 0 0 0 1 0 0 0 1 0 0 0</i>
                <i>1 0 0 0 1 0 0 0 1 0 0 0</i>
                <i>1 0 0 0 1 0 0 0 1 0 0 0</i>
                <i>1 0 0 0 1 0 0 0 1 0 0 0</i>
                <i>1 0 0 0 1 0 0 0 1 0 0 0</i>
                <i>1 0 0 0 1 0 0 0 1 0 0 0</i>
                <i>1 0 0 0 1 0 0 0 1 0 0 0</i>
                <i>1 0 0 0 1 0 0 0 1 0 0 0</i>
                <i>1 0 0 0 1 0 0 0 1 0 0 0</i>
                <i>1 0 0 0 1 0 0 0 1 0 0 0</i>
                <i>1 0 0 0 1 0 0 0 1 0 0 0</i>
                <i>1 0 0 0 1 0 0 0 1 0 0 0</i>
                <i>1 0 0 0 1 0 0 0 1 0 0 0</i>
                <i>1 0 0 0 1 0 0 0 1 0 0 0</i>
                <i>1 0 0 0 1 0 0 0 1 0 0 0</i>
                <i>1 0 0 0 1 0 0 0 1 0 0 0</i>
                <i>1 0 0 0 1 0 0 0 1 0 0 0</i>
                <i>1 0 0 0 1 0 0 0 1 0 0 0</i>
                <i>1 0 0 0 1 0 0 0 1 0 0 0</i>
                <i>1 0 0 0 1 0 0 0 1 0 0 0</i>
                <i>1 0 0 0 1 0 0 0 1 0 0 0</i>
                <i>1 0 0 0 1 0 0 0 1 0 0 0</i>
                <i>1 0 0 0 1 0 0 0 1 0 0 0</i>
                <i>1 0 0 0 1 0 0 0 1 0 0 0</i>
                <i>1 0 0 0 1 0 0 0 1 0 0 0</i>
                <i>1 0 0 0 1 0 0 0 1 0 0 0</i>
                <i>1 0 0 0 1 0 0 0 1 0 0 0</i>
                <i>1 0 0 0 1 0 0 0 1 0 0 0</i>
                <i>1 0 0 0 1 0 0 0 1 0 0 0</i>
                <i>1 0 0 0 1 0 0 0 1 0 0 0</i>
                <i>1 0 0 0 1 0 0 0 1 0 0 0</i>
                <i>1 0 0 0 1 0 0 0 1 0 0 0</i>
                <i>1 0 0 0 1 0 0 0 1 0 0 0</i>
            </KeyFrames>
        </RefFrame>
        <Bones count="23">
            <i>
                <p>
                    <Name><![CDATA[pelvis]]></Name>
                    <Exclude>0</Exclude>
                    <Additive>0</Additive>
                    <IKPriority>0</IKPriority>
                    <IKRotLimits>-1e+010 -1e+010 -1e+010 1e+010 1e+010 1e+010</IKRotLimits>
                    <IKRotLimitOrder>2</IKRotLimitOrder>
                    <KeyFrames count="61">
                        <i>1 0 0 0 1 0 0 0 1 -2.06 2.17 -0.43</i>
                        <i>1 0 0 0 1 0 0 0 1 -2.06 2.17007 -0.43</i>
                        <i>1 0 0 0 1 0 0 0 1 -2.06 2.17025 -0.43</i>
                        <i>1 0 0 0 1 0 0 0 1 -2.06 2.17056 -0.43</i>
                        <i>1 0 0 0 1 0 0 0 1 -2.06 2.17097 -0.43</i>
                        <i>1 0 0 0 1 0 0 0 1 -2.06 2.17148 -0.43</i>
                        <i>1 0 0 0 1 0 0 0 1 -2.06 2.17208 -0.43</i>
                        <i>1 0 0 0 1 0 0 0 1 -2.06 2.17276 -0.43</i>
                        <i>1 0 0 0 1 0 0 0 1 -2.06 2.17351 -0.43</i>
                        <i>1 0 0 0 1 0 0 0 1 -2.06 2.17432 -0.43</i>
                        <i>1 0 0 0 1 0 0 0 1 -2.06 2.17519 -0.43</i>
                        <i>1 0 0 0 1 0 0 0 1 -2.06 2.17609 -0.43</i>
                        <i>1 0 0 0 1 0 0 0 1 -2.06 2.17704 -0.43</i>
                        <i>1 0 0 0 1 0 0 0 1 -2.06 2.17801 -0.43</i>
                        <i>1 0 0 0 1 0 0 0 1 -2.06 2.179 -0.43</i>
                        <i>1 0 0 0 1 0 0 0 1 -2.06 2.18 -0.43</i>
                        <i>1 0 0 0 1 0 0 0 1 -2.06 2.181 -0.43</i>
                        <i>1 0 0 0 1 0 0 0 1 -2.06 2.18199 -0.43</i>
                        <i>1 0 0 0 1 0 0 0 1 -2.06 2.18296 -0.43</i>
                        <i>1 0 0 0 1 0 0 0 1 -2.06 2.18391 -0.43</i>
                        <i>1 0 0 0 1 0 0 0 1 -2.06 2.18481 -0.43</i>
                        <i>1 0 0 0 1 0 0 0 1 -2.06 2.18568 -0.43</i>
                        <i>1 0 0 0 1 0 0 0 1 -2.06 2.18649 -0.43</i>
                        <i>1 0 0 0 1 0 0 0 1 -2.06 2.18724 -0.43</i>
                        <i>1 0 0 0 1 0 0 0 1 -2.06 2.18792 -0.43</i>
                        <i>1 0 0 0 1 0 0 0 1 -2.06 2.18852 -0.43</i>
                        <i>1 0 0 0 1 0 0 0 1 -2.06 2.18903 -0.43</i>
                        <i>1 0 0 0 1 0 0 0 1 -2.06 2.18944 -0.43</i>
                        <i>1 0 0 0 1 0 0 0 1 -2.06 2.18975 -0.43</i>
                        <i>1 0 0 0 1 0 0 0 1 -2.06 2.18993 -0.43</i>
                        <i>1 0 0 0 1 0 0 0 1 -2.06 2.19 -0.43</i>
                        <i>1 0 0 0 1 0 0 0 1 -2.06 2.18993 -0.43</i>
                        <i>1 0 0 0 1 0 0 0 1 -2.06 2.18975 -0.43</i>
                        <i>1 0 0 0 1 0 0 0 1 -2.06 2.18944 -0.43</i>
                        <i>1 0 0 0 1 0 0 0 1 -2.06 2.18903 -0.43</i>
                        <i>1 0 0 0 1 0 0 0 1 -2.06 2.18852 -0.43</i>
                        <i>1 0 0 0 1 0 0 0 1 -2.06 2.18792 -0.43</i>
                        <i>1 0 0 0 1 0 0 0 1 -2.06 2.18724 -0.43</i>
                        <i>1 0 0 0 1 0 0 0 1 -2.06 2.18649 -0.43</i>
                        <i>1 0 0 0 1 0 0 0 1 -2.06 2.18568 -0.43</i>
                        <i>1 0 0 0 1 0 0 0 1 -2.06 2.18481 -0.43</i>
                        <i>1 0 0 0 1 0 0 0 1 -2.06 2.18391 -0.43</i>
                        <i>1 0 0 0 1 0 0 0 1 -2.06 2.18296 -0.43</i>
                        <i>1 0 0 0 1 0 0 0 1 -2.06 2.18199 -0.43</i>
                        <i>1 0 0 0 1 0 0 0 1 -2.06 2.181 -0.43</i>
                        <i>1 0 0 0 1 0 0 0 1 -2.06 2.18 -0.43</i>
                        <i>1 0 0 0 1 0 0 0 1 -2.06 2.179 -0.43</i>
                        <i>1 0 0 0 1 0 0 0 1 -2.06 2.17801 -0.43</i>
                        <i>1 0 0 0 1 0 0 0 1 -2.06 2.17704 -0.43</i>
                        <i>1 0 0 0 1 0 0 0 1 -2.06 2.17609 -0.43</i>
                        <i>1 0 0 0 1 0 0 0 1 -2.06 2.17519 -0.43</i>
                        <i>1 0 0 0 1 0 0 0 1 -2.06 2.17432 -0.43</i>
                        <i>1 0 0 0 1 0 0 0 1 -2.06 2.17351 -0.43</i>
                        <i>1 0 0 0 1 0 0 0 1 -2.06 2.17276 -0.43</i>
                        <i>1 0 0 0 1 0 0 0 1 -2.06 2.17208 -0.43</i>
                        <i>1 0 0 0 1 0 0 0 1 -2.06 2.17148 -0.43</i>
                        <i>1 0 0 0 1 0 0 0 1 -2.06 2.17097 -0.43</i>
                        <i>1 0 0 0 1 0 0 0 1 -2.06 2.17056 -0.43</i>
                        <i>1 0 0 0 1 0 0 0 1 -2.06 2.17025 -0.43</i>
                        <i>1 0 0 0 1 0 0 0 1 -2.06 2.17007 -0.43</i>
                        <i>1 0 0 0 1 0 0 0 1 -2.06 2.17 -0.43</i>
                    </KeyFrames>
                </p>
            </i>
            <i>
                <p>
                    <Name><![CDATA[spine0]]></Name>
                    <Exclude>0</Exclude>
                    <Additive>0</Additive>
                    <IKPriority>0</IKPriority>
                    <IKRotLimits>-1e+010 -1e+010 -1e+010 1e+010 1e+010 1e+010</IKRotLimits>
                    <IKRotLimitOrder>0</IKRotLimitOrder>
                    <KeyFrames count="61">
                        <i>-0.075337 0.99713 -0.00748878 -0.865084 -0.0690919 -0.496846 -0.495938 -0.0309525 0.867806 -2.05369 2.30379 -0.48249</i>
                        <i>-0.0762331 0.997073 -0.00585765 -0.865096 -0.0690614 -0.496829 -0.495779 -0.0328074 0.867829 -2.05371 2.30387 -0.482461</i>
                        <i>-0.077192 0.997008 -0.00413985 -0.865128 -0.0690441 -0.496776 -0.495575 -0.0347656 0.867869 -2.05376 2.3041 -0.482377</i>
                        <i>-0.0782017 0.996935 -0.00235541 -0.865178 -0.0690399 -0.49669 -0.49533 -0.0368042 0.867925 -2.05385 2.30446 -0.482243</i>
                        <i>-0.0792501 0.996855 -0.000524303 -0.865243 -0.0690481 -0.496574 -0.495049 -0.0388999 0.867994 -2.05397 2.30495 -0.482062</i>
                        <i>-0.0803253 0.996768 0.00133364 -0.865324 -0.0690686 -0.496431 -0.494734 -0.04103 0.868075 -2.05411 2.30555 -0.481838</i>
                        <i>-0.0814153 0.996675 0.00319863 -0.865418 -0.0691007 -0.496263 -0.494392 -0.0431715 0.868167 -2.05428 2.30626 -0.481576</i>
                        <i>-0.0825083 0.996578 0.00505088 -0.865523 -0.0691439 -0.496073 -0.494026 -0.0453018 0.868266 -2.05447 2.30706 -0.48128</i>
                        <i>-0.0835921 0.996476 0.00687052 -0.865639 -0.0691976 -0.495864 -0.493641 -0.0473977 0.868373 -2.05468 2.30794 -0.480954</i>
                        <i>-0.0846548 0.996373 0.00863763 -0.865763 -0.0692611 -0.495639 -0.493243 -0.0494364 0.868486 -2.05491 2.30889 -0.480602</i>
                        <i>-0.0856843 0.996269 0.0103321 -0.865893 -0.0693336 -0.4954 -0.492835 -0.0513945 0.868603 -2.05515 2.30991 -0.480228</i>
                        <i>-0.0866683 0.996166 0.0119338 -0.866029 -0.0694144 -0.495151 -0.492424 -0.0532489 0.868725 -2.0554 2.31097 -0.479836</i>
                        <i>-0.0875945 0.996066 0.0134224 -0.866169 -0.0695024 -0.494894 -0.492014 -0.054976 0.86885 -2.05566 2.31207 -0.479431</i>
                        <i>-0.0884505 0.995971 0.0147771 -0.866311 -0.0695968 -0.494632 -0.491611 -0.0565521 0.868977 -2.05593 2.3132 -0.479017</i>
                        <i>-0.0892237 0.995883 0.0159774 -0.866454 -0.0696964 -0.494368 -0.49122 -0.057953 0.869106 -2.0562 2.31435 -0.478598</i>
                        <i>-0.0899014 0.995806 0.0170022 -0.866596 -0.0698001 -0.494105 -0.490845 -0.0591548 0.869236 -2.05647 2.31551 -0.478179</i>
                        <i>-0.0904754 0.995739 0.0178387 -0.866736 -0.0699066 -0.493844 -0.490493 -0.0601422 0.869367 -2.05673 2.31666 -0.477763</i>
                        <i>-0.0909435 0.995684 0.0184851 -0.866872 -0.0700145 -0.49359 -0.490165 -0.060913 0.869498 -2.05699 2.3178 -0.477355</i>
                        <i>-0.0913023 0.995643 0.0189374 -0.867003 -0.0701223 -0.493344 -0.489866 -0.0614622 0.869628 -2.05725 2.31891 -0.476959</i>
                        <i>-0.0915491 0.995616 0.0191931 -0.867128 -0.0702284 -0.493109 -0.489599 -0.0617866 0.869756 -2.05749 2.31999 -0.47658</i>
                        <i>-0.091687 0.995602 0.0192602 -0.867246 -0.0703313 -0.492888 -0.489366 -0.0618947 0.86988 -2.05772 2.32103 -0.476222</i>
                        <i>-0.0917203 0.995601 0.0191491 -0.867354 -0.0704293 -0.492684 -0.489167 -0.0617981 0.869998 -2.05793 2.32201 -0.47589</i>
                        <i>-0.0916535 0.995612 0.0188704 -0.867452 -0.0705208 -0.492498 -0.489006 -0.0615083 0.870109 -2.05812 2.32293 -0.475588</i>
                        <i>-0.0914909 0.995635 0.0184343 -0.867538 -0.0706042 -0.492334 -0.488884 -0.0610366 0.870211 -2.05829 2.32377 -0.47532</i>
                        <i>-0.091237 0.995669 0.0178512 -0.867611 -0.070678 -0.492194 -0.488801 -0.0603942 0.870302 -2.05843 2.32452 -0.47509</i>
                        <i>-0.090896 0.995713 0.0171314 -0.86767 -0.070741 -0.492081 -0.48876 -0.0595926 0.870381 -2.05855 2.32518 -0.474905</i>
                        <i>-0.0904725 0.995766 0.0162851 -0.867714 -0.0707918 -0.491997 -0.488761 -0.0586431 0.870444 -2.05864 2.32574 -0.474766</i>
                        <i>-0.0899711 0.995826 0.0153229 -0.86774 -0.0708291 -0.491945 -0.488807 -0.0575572 0.870491 -2.05869 2.32618 -0.47468</i>
                        <i>-0.0893962 0.995894 0.0142554 -0.867748 -0.0708517 -0.491927 -0.488898 -0.0563465 0.870519 -2.05871 2.3265 -0.47465</i>
                        <i>-0.0887555 0.995967 0.013094 -0.86774 -0.0708609 -0.491942 -0.48903 -0.0550247 0.87053 -2.0587 2.32668 -0.474673</i>
                        <i>-0.088058 0.996045 0.0118511 -0.867717 -0.0708592 -0.491982 -0.489197 -0.0536063 0.870525 -2.05866 2.32672 -0.47474</i>
                        <i>-0.0873112 0.996125 0.0105383 -0.867681 -0.0708473 -0.492048 -0.489395 -0.0521052 0.870504 -2.05859 2.32662 -0.474847</i>
                        <i>-0.0865222 0.996208 0.00916781 -0.867632 -0.0708263 -0.492136 -0.489621 -0.050535 0.87047 -2.0585 2.32638 -0.474992</i>
                        <i>-0.0856986 0.996291 0.00775149 -0.867572 -0.0707967 -0.492246 -0.489871 -0.0489098 0.870422 -2.05838 2.32602 -0.475172</i>
                        <i>-0.0848478 0.996374 0.0063014 -0.867502 -0.0707595 -0.492375 -0.490144 -0.0472434 0.87036 -2.05825 2.32553 -0.475383</i>
                        <i>-0.0839771 0.996456 0.00482953 -0.867422 -0.0707155 -0.492523 -0.490436 -0.0455498 0.870286 -2.0581 2.32494 -0.475624</i>
                        <i>-0.0830938 0.996536 0.00334789 -0.867333 -0.0706654 -0.492686 -0.490743 -0.0438429 0.870201 -2.05793 2.32425 -0.47589</i>
                        <i>-0.0822054 0.996614 0.0018684 -0.867237 -0.0706098 -0.492864 -0.491063 -0.0421364 0.870105 -2.05774 2.32347 -0.476179</i>
                        <i>-0.0813191 0.996688 0.000402899 -0.867134 -0.0705495 -0.493054 -0.491392 -0.0404441 0.869999 -2.05755 2.32261 -0.476488</i>
                        <i>-0.0804422 0.996759 -0.00103687 -0.867024 -0.0704852 -0.493255 -0.491729 -0.0387795 0.869884 -2.05734 2.32169 -0.476815</i>
                        <i>-0.0795817 0.996825 -0.00243928 -0.86691 -0.0704174 -0.493466 -0.492071 -0.0371562 0.869762 -2.05712 2.3207 -0.477155</i>
                        <i>-0.0787449 0.996888 -0.00379283 -0.866792 -0.0703468 -0.493683 -0.492414 -0.0355874 0.869633 -2.0569 2.31966 -0.477506</i>
                        <i>-0.0779387 0.996945 -0.00508608 -0.86667 -0.0702739 -0.493907 -0.492755 -0.0340865 0.8695 -2.05667 2.31858 -0.477866</i>
                        <i>-0.0771701 0.996998 -0.00630781 -0.866547 -0.0701991 -0.494134 -0.493094 -0.0326664 0.869363 -2.05643 2.31748 -0.478231</i>
                        <i>-0.076446 0.997046 -0.00744688 -0.866422 -0.0701231 -0.494364 -0.493426 -0.03134 0.869223 -2.0562 2.31635 -0.478598</i>
                        <i>-0.0757723 0.997089 -0.00849384 -0.866297 -0.0700462 -0.494594 -0.493749 -0.0301183 0.869083 -2.05596 2.31521 -0.478965</i>
                        <i>-0.0751542 0.997127 -0.0094408 -0.866173 -0.069969 -0.494822 -0.494061 -0.0290106 0.868943 -2.05573 2.31407 -0.479329</i>
                        <i>-0.074597 0.997161 -0.0102792 -0.86605 -0.0698919 -0.495047 -0.49436 -0.0280268 0.868805 -2.0555 2.31295 -0.479686</i>
                        <i>-0.0741063 0.99719 -0.0110004 -0.865931 -0.0698153 -0.495268 -0.494644 -0.0271769 0.868671 -2.05528 2.31184 -0.480034</i>
                        <i>-0.0736874 0.997214 -0.0115961 -0.865815 -0.0697396 -0.495481 -0.494909 -0.0264706 0.868541 -2.05506 2.31076 -0.48037</i>
                        <i>-0.0733457 0.997234 -0.012058 -0.865704 -0.0696653 -0.495686 -0.495154 -0.0259178 0.868418 -2.05485 2.30972 -0.480692</i>
                        <i>-0.0730865 0.997249 -0.0123776 -0.865598 -0.0695928 -0.49588 -0.495377 -0.0255281 0.868303 -2.05466 2.30873 -0.480996</i>
                        <i>-0.072915 0.997259 -0.0125468 -0.8655 -0.0695224 -0.496061 -0.495574 -0.0253111 0.868197 -2.05447 2.30781 -0.48128</i>
                        <i>-0.0728365 0.997265 -0.0125573 -0.865409 -0.0694546 -0.496229 -0.495744 -0.0252764 0.868101 -2.0543 2.30695 -0.481541</i>
                        <i>-0.0728563 0.997265 -0.0124008 -0.865327 -0.0693898 -0.49638 -0.495883 -0.0254337 0.868017 -2.05415 2.30617 -0.481776</i>
                        <i>-0.0729797 0.99726 -0.0120691 -0.865256 -0.0693285 -0.496514 -0.49599 -0.0257925 0.867945 -2.05402 2.30549 -0.481983</i>
                        <i>-0.0732119 0.997249 -0.0115539 -0.865195 -0.0692711 -0.496627 -0.496062 -0.0263627 0.867887 -2.0539 2.30491 -0.482158</i>
                        <i>-0.0735583 0.997232 -0.0108468 -0.865147 -0.0692182 -0.496719 -0.496095 -0.0271538 0.867843 -2.05381 2.30444 -0.482299</i>
                        <i>-0.0740243 0.997207 -0.00993934 -0.865111 -0.0691702 -0.496788 -0.496088 -0.0281758 0.867815 -2.05375 2.30409 -0.482403</i>
                        <i>-0.0746154 0.997173 -0.00882292 -0.86509 -0.0691279 -0.496831 -0.496036 -0.0294386 0.867803 -2.0537 2.30387 -0.482468</i>
                        <i>-0.075337 0.99713 -0.00748878 -0.865084 -0.0690919 -0.496846 -0.495938 -0.0309525 0.867806 -2.05369 2.30379 -0.48249</i>
                    </KeyFrames>
                </p>
            </i>
            <i>
                <p>
                    <Name><![CDATA[spine1]]></Name>
                    <Exclude>0</Exclude>
                    <Additive>0</Additive>
                    <IKPriority>0</IKPriority>
                    <IKRotLimits>-1e+010 -1e+010 -1e+010 1e+010 1e+010 1e+010</IKRotLimits>
                    <IKRotLimitOrder>0</IKRotLimitOrder>
                    <KeyFrames count="61">
                        <i>-0.165396 0.945286 0.28121 -0.889985 -0.0202021 -0.455541 -0.424936 -0.325618 0.844632 -2.06729 2.48418 -0.483894</i>
                        <i>-0.167523 0.943711 0.285213 -0.890061 -0.0203708 -0.455386 -0.423942 -0.330145 0.843373 -2.06748 2.48432 -0.483571</i>
                        <i>-0.169599 0.942141 0.289149 -0.890169 -0.0205497 -0.455167 -0.422889 -0.334587 0.84215 -2.06771 2.48458 -0.483177</i>
                        <i>-0.171607 0.94059 0.292988 -0.890306 -0.0207374 -0.45489 -0.421789 -0.338911 0.840972 -2.06798 2.48497 -0.48272</i>
                        <i>-0.173532 0.939072 0.296699 -0.890469 -0.0209324 -0.454562 -0.420655 -0.343083 0.839847 -2.06829 2.48548 -0.482207</i>
                        <i>-0.17536 0.937602 0.300252 -0.890655 -0.0211331 -0.454188 -0.419502 -0.347067 0.838786 -2.06863 2.48608 -0.481647</i>
                        <i>-0.177074 0.936196 0.303614 -0.890861 -0.0213378 -0.453775 -0.418344 -0.35083 0.837799 -2.069 2.48678 -0.481048</i>
                        <i>-0.178661 0.93487 0.306755 -0.891083 -0.0215445 -0.453328 -0.417194 -0.354336 0.836896 -2.06939 2.48755 -0.480416</i>
                        <i>-0.180104 0.93364 0.309643 -0.89132 -0.0217511 -0.452853 -0.416067 -0.357552 0.836089 -2.06979 2.4884 -0.47976</i>
                        <i>-0.18139 0.932523 0.312247 -0.891566 -0.0219553 -0.452358 -0.414978 -0.360442 0.835389 -2.07021 2.48931 -0.479088</i>
                        <i>-0.182502 0.931537 0.314534 -0.891821 -0.0221547 -0.451846 -0.413943 -0.362971 0.834808 -2.07063 2.49027 -0.478408</i>
                        <i>-0.183425 0.930699 0.316473 -0.89208 -0.0223465 -0.451325 -0.412975 -0.365104 0.834357 -2.07106 2.49127 -0.477727</i>
                        <i>-0.184145 0.930025 0.318032 -0.892341 -0.0225278 -0.450799 -0.41209 -0.366805 0.834048 -2.07148 2.49229 -0.477053</i>
                        <i>-0.184646 0.929533 0.319179 -0.892601 -0.0226957 -0.450276 -0.411303 -0.368041 0.833892 -2.0719 2.49334 -0.476394</i>
                        <i>-0.184913 0.929238 0.319882 -0.892857 -0.0228467 -0.449761 -0.410627 -0.368775 0.833901 -2.0723 2.4944 -0.475759</i>
                        <i>-0.18493 0.929157 0.320108 -0.893105 -0.0229776 -0.44926 -0.410078 -0.368972 0.834084 -2.07269 2.49546 -0.475155</i>
                        <i>-0.184694 0.929292 0.31985 -0.893345 -0.0230859 -0.448778 -0.409662 -0.368623 0.834442 -2.07305 2.49652 -0.474589</i>
                        <i>-0.18422 0.929633 0.319133 -0.893573 -0.0231711 -0.448319 -0.409377 -0.367758 0.834964 -2.07339 2.49756 -0.474065</i>
                        <i>-0.183518 0.930168 0.317975 -0.893789 -0.023232 -0.447886 -0.409222 -0.366398 0.835637 -2.07369 2.49857 -0.473589</i>
                        <i>-0.182602 0.930885 0.3164 -0.893989 -0.0232678 -0.447485 -0.409195 -0.36457 0.83645 -2.07397 2.49955 -0.473166</i>
                        <i>-0.181496 0.931761 0.314453 -0.894172 -0.023279 -0.447119 -0.409288 -0.362325 0.837379 -2.07422 2.50048 -0.472797</i>
                        <i>-0.180228 0.932769 0.312187 -0.894336 -0.0232663 -0.446791 -0.409489 -0.359724 0.838401 -2.07442 2.50137 -0.472486</i>
                        <i>-0.178827 0.933882 0.309654 -0.894479 -0.0232308 -0.446506 -0.40979 -0.356827 0.839492 -2.0746 2.50219 -0.472235</i>
                        <i>-0.177322 0.935074 0.306909 -0.8946 -0.0231737 -0.446267 -0.410181 -0.353693 0.840626 -2.07473 2.50295 -0.472047</i>
                        <i>-0.175742 0.936321 0.304004 -0.894695 -0.0230962 -0.446079 -0.410652 -0.350386 0.841781 -2.07482 2.50363 -0.471924</i>
                        <i>-0.174115 0.937596 0.300996 -0.894765 -0.0229999 -0.445945 -0.411193 -0.346966 0.842932 -2.07487 2.50422 -0.471868</i>
                        <i>-0.172472 0.938875 0.297937 -0.894805 -0.0228865 -0.44587 -0.411797 -0.343496 0.844058 -2.07488 2.50471 -0.471883</i>
                        <i>-0.170841 0.940137 0.294884 -0.894815 -0.0227577 -0.445856 -0.412455 -0.340037 0.845136 -2.07484 2.50511 -0.47197</i>
                        <i>-0.169253 0.941357 0.291891 -0.894792 -0.0226154 -0.445909 -0.413159 -0.336654 0.846147 -2.07475 2.50539 -0.472133</i>
                        <i>-0.167711 0.942534 0.288967 -0.894739 -0.0224619 -0.446024 -0.413902 -0.333353 0.847089 -2.07461 2.50555 -0.472365</i>
                        <i>-0.166202 0.943678 0.286092 -0.894661 -0.022299 -0.446189 -0.414679 -0.330113 0.847978 -2.07444 2.50558 -0.472654</i>
                        <i>-0.164733 0.944784 0.283279 -0.894559 -0.0221288 -0.446402 -0.415485 -0.326946 0.84881 -2.07424 2.50547 -0.472997</i>
                        <i>-0.16331 0.945847 0.280541 -0.894435 -0.0219532 -0.446659 -0.416312 -0.323869 0.849584 -2.07401 2.50523 -0.473389</i>
                        <i>-0.16194 0.946864 0.277891 -0.894292 -0.0217741 -0.446955 -0.417155 -0.320896 0.850299 -2.07374 2.50488 -0.473823</i>
                        <i>-0.16063 0.947831 0.275343 -0.89413 -0.0215933 -0.447286 -0.418006 -0.31804 0.850953 -2.07346 2.50441 -0.474294</i>
                        <i>-0.159385 0.948745 0.272909 -0.893953 -0.0214125 -0.447649 -0.418861 -0.315316 0.851546 -2.07315 2.50384 -0.474799</i>
                        <i>-0.158212 0.949602 0.270602 -0.893761 -0.0212334 -0.44804 -0.419714 -0.312739 0.852077 -2.07282 2.50317 -0.475331</i>
                        <i>-0.157118 0.950398 0.268435 -0.893558 -0.0210577 -0.448454 -0.420557 -0.310322 0.852544 -2.07248 2.50243 -0.475886</i>
                        <i>-0.156109 0.951131 0.266421 -0.893344 -0.0208867 -0.448887 -0.421386 -0.308081 0.852948 -2.07213 2.5016 -0.476459</i>
                        <i>-0.155191 0.951797 0.264572 -0.893122 -0.0207219 -0.449336 -0.422194 -0.306028 0.853287 -2.07176 2.50072 -0.477044</i>
                        <i>-0.154371 0.952393 0.262901 -0.892895 -0.0205646 -0.449796 -0.422976 -0.304178 0.853561 -2.07139 2.49977 -0.477636</i>
                        <i>-0.153656 0.952916 0.26142 -0.892662 -0.020416 -0.450264 -0.423726 -0.302546 0.853769 -2.07102 2.49879 -0.478231</i>
                        <i>-0.153051 0.953363 0.260143 -0.892428 -0.0202773 -0.450734 -0.424438 -0.301145 0.853911 -2.07065 2.49776 -0.478824</i>
                        <i>-0.152564 0.95373 0.259083 -0.892193 -0.0201494 -0.451205 -0.425107 -0.299989 0.853985 -2.07028 2.49671 -0.479409</i>
                        <i>-0.1522 0.954013 0.258251 -0.89196 -0.0200333 -0.45167 -0.425726 -0.299094 0.853991 -2.06992 2.49564 -0.479981</i>
                        <i>-0.151963 0.954212 0.257656 -0.891731 -0.0199296 -0.452127 -0.42629 -0.298467 0.853929 -2.06957 2.49456 -0.480537</i>
                        <i>-0.151856 0.954325 0.257302 -0.891507 -0.0198389 -0.452572 -0.426796 -0.298113 0.8538 -2.06923 2.49349 -0.481072</i>
                        <i>-0.15188 0.95435 0.257195 -0.891291 -0.0197616 -0.453002 -0.427239 -0.298038 0.853604 -2.0689 2.49243 -0.481581</i>
                        <i>-0.152039 0.954285 0.257341 -0.891084 -0.0196982 -0.453412 -0.427615 -0.298249 0.853342 -2.06859 2.49139 -0.48206</i>
                        <i>-0.152335 0.954128 0.257747 -0.890887 -0.019649 -0.453799 -0.427918 -0.298753 0.853014 -2.06831 2.49038 -0.482505</i>
                        <i>-0.152771 0.953877 0.258419 -0.890704 -0.0196146 -0.45416 -0.428144 -0.299557 0.852619 -2.06804 2.48941 -0.482911</i>
                        <i>-0.153349 0.953527 0.259363 -0.890536 -0.0195953 -0.45449 -0.428287 -0.300668 0.852156 -2.0678 2.48849 -0.483274</i>
                        <i>-0.154073 0.953077 0.260587 -0.890384 -0.0195917 -0.454788 -0.428342 -0.302093 0.851624 -2.06759 2.48764 -0.483589</i>
                        <i>-0.154944 0.952522 0.262095 -0.890251 -0.0196042 -0.455048 -0.428305 -0.303838 0.851021 -2.06742 2.48686 -0.483853</i>
                        <i>-0.155967 0.951858 0.263896 -0.890138 -0.0196335 -0.455268 -0.428169 -0.305911 0.850347 -2.06727 2.48616 -0.484062</i>
                        <i>-0.157142 0.95108 0.265996 -0.890047 -0.01968 -0.455443 -0.427928 -0.308318 0.849598 -2.06717 2.48554 -0.48421</i>
                        <i>-0.158472 0.950183 0.268401 -0.88998 -0.0197446 -0.455572 -0.427577 -0.311067 0.848773 -2.0671 2.48503 -0.484293</i>
                        <i>-0.15996 0.949161 0.271119 -0.889939 -0.0198281 -0.455649 -0.427108 -0.314165 0.847867 -2.06708 2.48463 -0.484308</i>
                        <i>-0.161609 0.948009 0.274155 -0.889925 -0.0199314 -0.455672 -0.426517 -0.317618 0.846878 -2.0671 2.48435 -0.484249</i>
                        <i>-0.16342 0.94672 0.277517 -0.88994 -0.0200556 -0.455637 -0.425795 -0.321433 0.845801 -2.06717 2.4842 -0.484113</i>
                        <i>-0.165396 0.945286 0.28121 -0.889985 -0.0202021 -0.455541 -0.424936 -0.325618 0.844632 -2.06729 2.48418 -0.483894</i>
                    </KeyFrames>
                </p>
            </i>
            <i>
                <p>
                    <Name><![CDATA[spine2]]></Name>
                    <Exclude>0</Exclude>
                    <Additive>0</Additive>
                    <IKPriority>0</IKPriority>
                    <IKRotLimits>-1e+010 -1e+010 -1e+010 1e+010 1e+010 1e+010</IKRotLimits>
                    <IKRotLimitOrder>0</IKRotLimitOrder>
                    <KeyFrames count="61">
                        <i>-0.356951 0.774098 0.522836 -0.887808 -0.107082 -0.447582 -0.290486 -0.623943 0.725474 -2.09484 2.64141 -0.436929</i>
                        <i>-0.358924 0.770434 0.526882 -0.887693 -0.107349 -0.447746 -0.288399 -0.628416 0.722439 -2.09539 2.64133 -0.435922</i>
                        <i>-0.360996 0.766493 0.531197 -0.887586 -0.107627 -0.447893 -0.286136 -0.633171 0.719181 -2.09598 2.64138 -0.434858</i>
                        <i>-0.363139 0.762321 0.535721 -0.887485 -0.107914 -0.448023 -0.283725 -0.638139 0.715736 -2.09659 2.64155 -0.43375</i>
                        <i>-0.365326 0.757965 0.540394 -0.887393 -0.108208 -0.448136 -0.281197 -0.643257 0.712144 -2.09723 2.64182 -0.432612</i>
                        <i>-0.367529 0.753477 0.545156 -0.887308 -0.108504 -0.448231 -0.27858 -0.648459 0.708445 -2.09787 2.64219 -0.431455</i>
                        <i>-0.369722 0.748907 0.54995 -0.887233 -0.108801 -0.448308 -0.275906 -0.653683 0.704681 -2.09853 2.64266 -0.430294</i>
                        <i>-0.371879 0.744309 0.554717 -0.887166 -0.109096 -0.448368 -0.273207 -0.658865 0.700896 -2.09918 2.6432 -0.429141</i>
                        <i>-0.373975 0.739738 0.559402 -0.88711 -0.109385 -0.448409 -0.270515 -0.663945 0.697136 -2.09982 2.64383 -0.428009</i>
                        <i>-0.375986 0.735252 0.56395 -0.887064 -0.109665 -0.448431 -0.267865 -0.668864 0.693448 -2.10045 2.64453 -0.426912</i>
                        <i>-0.377889 0.73091 0.568305 -0.88703 -0.109933 -0.448434 -0.265289 -0.673562 0.689881 -2.10105 2.64529 -0.425862</i>
                        <i>-0.37966 0.726773 0.572415 -0.887007 -0.110186 -0.448416 -0.262824 -0.677982 0.686487 -2.10162 2.6461 -0.424872</i>
                        <i>-0.381276 0.722904 0.576227 -0.886998 -0.110421 -0.448377 -0.260506 -0.682068 0.683316 -2.10216 2.64697 -0.423956</i>
                        <i>-0.382716 0.719367 0.579689 -0.887002 -0.110634 -0.448316 -0.25837 -0.685763 0.680422 -2.10264 2.64788 -0.423126</i>
                        <i>-0.383958 0.716227 0.582748 -0.887021 -0.110821 -0.448232 -0.256455 -0.689012 0.677859 -2.10308 2.64883 -0.422396</i>
                        <i>-0.384981 0.713549 0.585353 -0.887056 -0.110979 -0.448124 -0.254796 -0.69176 0.675683 -2.10345 2.64982 -0.421779</i>
                        <i>-0.385774 0.711371 0.587477 -0.887107 -0.111105 -0.447993 -0.253417 -0.693979 0.673924 -2.10376 2.65082 -0.421282</i>
                        <i>-0.386344 0.709694 0.589128 -0.887171 -0.1112 -0.447841 -0.252319 -0.695678 0.672582 -2.104 2.65184 -0.420906</i>
                        <i>-0.386694 0.708525 0.590305 -0.88725 -0.111263 -0.44767 -0.251507 -0.69686 0.671663 -2.10417 2.65286 -0.420651</i>
                        <i>-0.386828 0.707864 0.59101 -0.88734 -0.111293 -0.447484 -0.250982 -0.697526 0.671167 -2.10428 2.65388 -0.420517</i>
                        <i>-0.386756 0.707694 0.59126 -0.88744 -0.111293 -0.447285 -0.250738 -0.697698 0.67108 -2.10433 2.65488 -0.420501</i>
                        <i>-0.38649 0.707992 0.591077 -0.887549 -0.111262 -0.447076 -0.250762 -0.697401 0.67138 -2.10431 2.65585 -0.420594</i>
                        <i>-0.386045 0.708732 0.590482 -0.887664 -0.111203 -0.446863 -0.251043 -0.696659 0.672045 -2.10423 2.65678 -0.420791</i>
                        <i>-0.385431 0.709886 0.589496 -0.887782 -0.111117 -0.446649 -0.251567 -0.695496 0.673052 -2.1041 2.65766 -0.421083</i>
                        <i>-0.38466 0.711427 0.58814 -0.887902 -0.111006 -0.446438 -0.252321 -0.693938 0.674377 -2.10392 2.65848 -0.421465</i>
                        <i>-0.383746 0.713326 0.586434 -0.888021 -0.110871 -0.446235 -0.253292 -0.692007 0.675995 -2.10368 2.65922 -0.421929</i>
                        <i>-0.382699 0.715554 0.5844 -0.888138 -0.110714 -0.446043 -0.254466 -0.689728 0.677881 -2.10341 2.65987 -0.422469</i>
                        <i>-0.381532 0.718081 0.582059 -0.888248 -0.110537 -0.445866 -0.255828 -0.687125 0.680008 -2.10309 2.66043 -0.423078</i>
                        <i>-0.380257 0.720876 0.579433 -0.888351 -0.110343 -0.445709 -0.257365 -0.684224 0.68235 -2.10273 2.66087 -0.423748</i>
                        <i>-0.378885 0.723904 0.576549 -0.888446 -0.110132 -0.445571 -0.259054 -0.681054 0.684877 -2.10234 2.6612 -0.424472</i>
                        <i>-0.377427 0.727126 0.573443 -0.888535 -0.109909 -0.44545 -0.260871 -0.677649 0.687559 -2.10191 2.66139 -0.425245</i>
                        <i>-0.375896 0.730507 0.570142 -0.888617 -0.109674 -0.445344 -0.262797 -0.674041 0.690367 -2.10146 2.66145 -0.426058</i>
                        <i>-0.374301 0.734015 0.566675 -0.888692 -0.109431 -0.445254 -0.264811 -0.670259 0.693273 -2.10099 2.66138 -0.426905</i>
                        <i>-0.372657 0.737616 0.563072 -0.88876 -0.109182 -0.445181 -0.266895 -0.666335 0.69625 -2.1005 2.66119 -0.427778</i>
                        <i>-0.370975 0.741278 0.559361 -0.88882 -0.108928 -0.445122 -0.269029 -0.6623 0.699272 -2.1 2.66088 -0.42867</i>
                        <i>-0.369268 0.74497 0.555573 -0.888872 -0.108673 -0.44508 -0.271195 -0.658187 0.702313 -2.09949 2.66047 -0.429575</i>
                        <i>-0.367549 0.748661 0.551738 -0.888917 -0.108418 -0.445052 -0.273375 -0.654028 0.705347 -2.09897 2.65996 -0.430485</i>
                        <i>-0.365831 0.752322 0.547886 -0.888954 -0.108167 -0.44504 -0.27555 -0.649855 0.70835 -2.09845 2.65936 -0.431393</i>
                        <i>-0.364128 0.755923 0.54405 -0.888983 -0.10792 -0.445042 -0.277704 -0.645704 0.7113 -2.09793 2.65868 -0.432292</i>
                        <i>-0.362454 0.759438 0.540261 -0.889004 -0.10768 -0.445058 -0.279818 -0.641607 0.714172 -2.09742 2.65793 -0.433176</i>
                        <i>-0.360823 0.762838 0.536549 -0.889017 -0.10745 -0.445087 -0.281877 -0.6376 0.716946 -2.09692 2.65712 -0.434036</i>
                        <i>-0.35925 0.766097 0.532949 -0.889022 -0.107231 -0.44513 -0.283864 -0.633716 0.7196 -2.09644 2.65625 -0.434866</i>
                        <i>-0.357748 0.769191 0.529492 -0.889019 -0.107025 -0.445185 -0.285764 -0.629993 0.722114 -2.09597 2.65533 -0.435659</i>
                        <i>-0.356333 0.772093 0.526211 -0.889008 -0.106835 -0.445253 -0.287559 -0.626465 0.724466 -2.09553 2.65438 -0.436408</i>
                        <i>-0.355021 0.774781 0.523139 -0.88899 -0.106661 -0.445332 -0.289236 -0.623168 0.726639 -2.09512 2.6534 -0.437106</i>
                        <i>-0.353823 0.777234 0.520305 -0.888963 -0.106506 -0.445422 -0.290782 -0.620132 0.728617 -2.09473 2.6524 -0.437747</i>
                        <i>-0.352749 0.779438 0.517729 -0.888929 -0.10637 -0.445522 -0.292186 -0.617382 0.730388 -2.09439 2.6514 -0.438326</i>
                        <i>-0.351812 0.781377 0.51544 -0.888888 -0.106255 -0.445632 -0.293438 -0.614947 0.731939 -2.09407 2.65039 -0.438838</i>
                        <i>-0.351022 0.783034 0.513461 -0.888841 -0.106161 -0.445749 -0.294527 -0.612853 0.733257 -2.0938 2.64939 -0.439277</i>
                        <i>-0.350391 0.78439 0.511818 -0.888786 -0.10609 -0.445874 -0.295441 -0.611127 0.734329 -2.09357 2.64842 -0.439638</i>
                        <i>-0.34993 0.78543 0.510537 -0.888726 -0.106043 -0.446006 -0.296168 -0.609798 0.73514 -2.09339 2.64746 -0.439916</i>
                        <i>-0.349651 0.786136 0.509642 -0.888659 -0.10602 -0.446144 -0.296698 -0.608892 0.735677 -2.09326 2.64655 -0.440105</i>
                        <i>-0.349563 0.786489 0.509157 -0.888586 -0.106023 -0.446288 -0.297018 -0.608436 0.735925 -2.09318 2.64568 -0.4402</i>
                        <i>-0.349678 0.78647 0.509108 -0.888508 -0.106053 -0.446437 -0.297117 -0.608456 0.735869 -2.09316 2.64487 -0.440196</i>
                        <i>-0.350006 0.786059 0.509516 -0.888424 -0.10611 -0.44659 -0.296982 -0.608976 0.735493 -2.09319 2.64412 -0.440087</i>
                        <i>-0.350556 0.785236 0.510407 -0.888335 -0.106195 -0.446747 -0.296599 -0.610022 0.73478 -2.09329 2.64344 -0.439867</i>
                        <i>-0.351338 0.783978 0.511801 -0.888241 -0.10631 -0.446908 -0.295957 -0.611618 0.733712 -2.09346 2.64284 -0.439532</i>
                        <i>-0.352361 0.782261 0.513721 -0.88814 -0.106455 -0.447072 -0.295039 -0.613787 0.732268 -2.09369 2.64233 -0.439076</i>
                        <i>-0.353633 0.780061 0.516187 -0.888035 -0.106631 -0.44724 -0.293832 -0.616551 0.73043 -2.094 2.64192 -0.438494</i>
                        <i>-0.355161 0.77735 0.519219 -0.887924 -0.10684 -0.44741 -0.29232 -0.61993 0.728173 -2.09438 2.64161 -0.43778</i>
                        <i>-0.356951 0.774098 0.522836 -0.887808 -0.107082 -0.447582 -0.290486 -0.623943 0.725474 -2.09484 2.64141 -0.436929</i>
                    </KeyFrames>
                </p>
            </i>
            <i>
                <p>
                    <Name><![CDATA[head]]></Name>
                    <Exclude>0</Exclude>
                    <Additive>0</Additive>
                    <IKPriority>0</IKPriority>
                    <IKRotLimits>-1e+010 -1e+010 -1e+010 1e+010 1e+010 1e+010</IKRotLimits>
                    <IKRotLimitOrder>0</IKRotLimitOrder>
                    <KeyFrames count="61">
                        <i>-0.0659185 0.956415 0.284473 0.0319308 0.286969 -0.957408 -0.997314 -0.0540274 -0.0494556 -2.19583 2.84594 -0.305267</i>
                        <i>-0.068028 0.958443 0.277055 0.031593 0.279628 -0.959588 -0.997183 -0.0565259 -0.0493026 -2.1969 2.84495 -0.303186</i>
                        <i>-0.0704209 0.960504 0.269208 0.0311977 0.271867 -0.961829 -0.997029 -0.0593342 -0.0491107 -2.19805 2.84397 -0.300954</i>
                        <i>-0.0730657 0.96253 0.261145 0.0307605 0.263895 -0.964061 -0.996853 -0.0624068 -0.0488896 -2.19925 2.84302 -0.298602</i>
                        <i>-0.0759293 0.964461 0.25308 0.0302929 0.255926 -0.966222 -0.996653 -0.065698 -0.0486486 -2.20049 2.8421 -0.296163</i>
                        <i>-0.0789772 0.966243 0.245228 0.0298018 0.248174 -0.968257 -0.996431 -0.069162 -0.048396 -2.20175 2.84122 -0.293667</i>
                        <i>-0.0821734 0.96783 0.237807 0.0292894 0.240856 -0.970119 -0.996188 -0.0727527 -0.048139 -2.20302 2.84038 -0.291145</i>
                        <i>-0.0854803 0.969183 0.231037 0.0287514 0.234188 -0.971766 -0.995925 -0.0764242 -0.0478839 -2.20429 2.8396 -0.288627</i>
                        <i>-0.0888589 0.970267 0.225137 0.0281787 0.22839 -0.973162 -0.995646 -0.0801301 -0.0476353 -2.20553 2.83888 -0.286145</i>
                        <i>-0.0922692 0.971052 0.220329 0.0275558 0.223679 -0.974273 -0.995353 -0.0838241 -0.0473967 -2.20674 2.83823 -0.283726</i>
                        <i>-0.0956696 0.971509 0.216834 0.0268622 0.220273 -0.975068 -0.995051 -0.0874598 -0.0471704 -2.20789 2.83766 -0.281401</i>
                        <i>-0.0990175 0.97161 0.21487 0.0260726 0.218391 -0.975513 -0.994744 -0.0909906 -0.0469569 -2.20898 2.83719 -0.279198</i>
                        <i>-0.102269 0.97132 0.214659 0.0251576 0.218247 -0.975569 -0.994439 -0.09437 -0.0467559 -2.20999 2.83683 -0.277146</i>
                        <i>-0.105378 0.970597 0.216417 0.0240849 0.220056 -0.97519 -0.994141 -0.0975513 -0.0465657 -2.21091 2.83659 -0.275272</i>
                        <i>-0.108278 0.969586 0.219497 0.0229163 0.223171 -0.97451 -0.993856 -0.100488 -0.0463839 -2.21172 2.83648 -0.273605</i>
                        <i>-0.110898 0.968486 0.223017 0.0217504 0.226713 -0.973719 -0.993594 -0.103133 -0.046207 -2.21241 2.83652 -0.272172</i>
                        <i>-0.113207 0.967323 0.226869 0.0206026 0.230574 -0.972837 -0.993358 -0.105458 -0.0460319 -2.21298 2.83671 -0.270988</i>
                        <i>-0.115197 0.966111 0.230994 0.0194809 0.234695 -0.971874 -0.993152 -0.107457 -0.0458569 -2.21342 2.83704 -0.270052</i>
                        <i>-0.116858 0.964867 0.235321 0.0183971 0.239007 -0.970844 -0.992978 -0.109121 -0.0456805 -2.21373 2.83751 -0.269366</i>
                        <i>-0.118178 0.963606 0.239784 0.0173635 0.243445 -0.969759 -0.992841 -0.110441 -0.0455015 -2.21392 2.83812 -0.268929</i>
                        <i>-0.119161 0.962341 0.244336 0.0163903 0.247963 -0.968631 -0.99274 -0.111418 -0.0453205 -2.21399 2.83884 -0.268735</i>
