<?xml version="1.0" encoding="ISO-8859-1" ?>
<Animl Version="1">
    <ModellingPackage><![CDATA[Maya.2010]]></ModellingPackage>
    <SrcFile><![CDATA[anims\vehicles\red\~src\air\helicopter_hormone\helicopter_hormone_forward_crewman_b.mb]]></SrcFile>
    <FramesPerSecond>30</FramesPerSecond>
    <TotalFrames>61</TotalFrames>
    <Skeleton>
        <RefFrame>
            <Name><![CDATA[soldier_ref_frame]]></Name>
            <Exclude>0</Exclude>
            <Additive>0</Additive>
            <IKPriority>0</IKPriority>
            <IKRotLimits>-1e+010 -1e+010 -1e+010 1e+010 1e+010 1e+010</IKRotLimits>
            <IKRotLimitOrder>0</IKRotLimitOrder>
            <KeyFrames count="61">
                <i>1 0 0 0 1 0 0 0 1 0 0 0</i>
                <i>1 0 0 0 1 0 0 0 1 0 0 0</i>
                <i>1 0 0 0 1 0 0 0 1 0 0 0</i>
                <i>1 0 0 0 1 0 0 0 1 0 0 0</i>
                <i>1 0 0 0 1 0 0 0 1 0 0 0</i>
                <i>1 0 0 0 1 0 0 0 1 0 0 0</i>
                <i>1 0 0 0 1 0 0 0 1 0 0 0</i>
                <i>1 0 0 0 1 0 0 0 1 0 0 0</i>
                <i>1 0 0 0 1 0 0 0 1 0 0 0</i>
                <i>1 0 0 0 1 0 0 0 1 0 0 0</i>
                <i>1 0 0 0 1 0 0 0 1 0 0 0</i>
                <i>1 0 0 0 1 0 0 0 1 0 0 0</i>
                <i>1 0 0 0 1 0 0 0 1 0 0 0</i>
                <i>1 0 0 0 1 0 0 0 1 0 0 0</i>
                <i>1 0 0 0 1 0 0 0 1 0 0 0</i>
                <i>1 0 0 0 1 0 0 0 1 0 0 0</i>
                <i>1 0 0 0 1 0 0 0 1 0 0 0</i>
                <i>1 0 0 0 1 0 0 0 1 0 0 0</i>
                <i>1 0 0 0 1 0 0 0 1 0 0 0</i>
                <i>1 0 0 0 1 0 0 0 1 0 0 0</i>
                <i>1 0 0 0 1 0 0 0 1 0 0 0</i>
                <i>1 0 0 0 1 0 0 0 1 0 0 0</i>
                <i>1 0 0 0 1 0 0 0 1 0 0 0</i>
                <i>1 0 0 0 1 0 0 0 1 0 0 0</i>
                <i>1 0 0 0 1 0 0 0 1 0 0 0</i>
                <i>1 0 0 0 1 0 0 0 1 0 0 0</i>
                <i>1 0 0 0 1 0 0 0 1 0 0 0</i>
                <i>1 0 0 0 1 0 0 0 1 0 0 0</i>
                <i>1 0 0 0 1 0 0 0 1 0 0 0</i>
                <i>1 0 0 0 1 0 0 0 1 0 0 0</i>
                <i>1 0 0 0 1 0 0 0 1 0 0 0</i>
                <i>1 0 0 0 1 0 0 0 1 0 0 0</i>
                <i>1 0 0 0 1 0 0 0 1 0 0 0</i>
                <i>1 0 0 0 1 0 0 0 1 0 0 0</i>
                <i>1 0 0 0 1 0 0 0 1 0 0 0</i>
                <i>1 0 0 0 1 0 0 0 1 0 0 0</i>
                <i>1 0 0 0 1 0 0 0 1 0 0 0</i>
                <i>1 0 0 0 1 0 0 0 1 0 0 0</i>
                <i>1 0 0 0 1 0 0 0 1 0 0 0</i>
                <i>1 0 0 0 1 0 0 0 1 0 0 0</i>
                <i>1 0 0 0 1 0 0 0 1 0 0 0</i>
                <i>1 0 0 0 1 0 0 0 1 0 0 0</i>
                <i>1 0 0 0 1 0 0 0 1 0 0 0</i>
                <i>1 0 0 0 1 0 0 0 1 0 0 0</i>
                <i>1 0 0 0 1 0 0 0 1 0 0 0</i>
                <i>1 0 0 0 1 0 0 0 1 0 0 0</i>
                <i>1 0 0 0 1 0 0 0 1 0 0 0</i>
                <i>1 0 0 0 1 0 0 0 1 0 0 0</i>
                <i>1 0 0 0 1 0 0 0 1 0 0 0</i>
                <i>1 0 0 0 1 0 0 0 1 0 0 0</i>
                <i>1 0 0 0 1 0 0 0 1 0 0 0</i>
                <i>1 0 0 0 1 0 0 0 1 0 0 0</i>
                <i>1 0 0 0 1 0 0 0 1 0 0 0</i>
                <i>1 0 0 0 1 0 0 0 1 0 0 0</i>
                <i>1 0 0 0 1 0 0 0 1 0 0 0</i>
                <i>1 0 0 0 1 0 0 0 1 0 0 0</i>
                <i>1 0 0 0 1 0 0 0 1 0 0 0</i>
                <i>1 0 0 0 1 0 0 0 1 0 0 0</i>
                <i>1 0 0 0 1 0 0 0 1 0 0 0</i>
                <i>1 0 0 0 1 0 0 0 1 0 0 0</i>
                <i>1 0 0 0 1 0 0 0 1 0 0 0</i>
            </KeyFrames>
        </RefFrame>
        <Bones count="23">
            <i>
                <p>
                    <Name><![CDATA[pelvis]]></Name>
                    <Exclude>0</Exclude>
                    <Additive>0</Additive>
                    <IKPriority>0</IKPriority>
                    <IKRotLimits>-1e+010 -1e+010 -1e+010 1e+010 1e+010 1e+010</IKRotLimits>
                    <IKRotLimitOrder>2</IKRotLimitOrder>
                    <KeyFrames count="61">
                        <i>1 0 0 0 1 0 0 0 1 -0.76 2.17 3.99</i>
                        <i>1 0 0 0 1 0 0 0 1 -0.76 2.17082 3.99</i>
                        <i>1 0 0 0 1 0 0 0 1 -0.76 2.1731 3.99</i>
                        <i>1 0 0 0 1 0 0 0 1 -0.76 2.17659 3.99</i>
                        <i>1 0 0 0 1 0 0 0 1 -0.76 2.18101 3.99</i>
                        <i>1 0 0 0 1 0 0 0 1 -0.76 2.18612 3.99</i>
                        <i>1 0 0 0 1 0 0 0 1 -0.76 2.19164 3.99</i>
                        <i>1 0 0 0 1 0 0 0 1 -0.76 2.19732 3.99</i>
                        <i>1 0 0 0 1 0 0 0 1 -0.76 2.20289 3.99</i>
                        <i>1 0 0 0 1 0 0 0 1 -0.76 2.20809 3.99</i>
                        <i>1 0 0 0 1 0 0 0 1 -0.76 2.21267 3.99</i>
                        <i>1 0 0 0 1 0 0 0 1 -0.76 2.21635 3.99</i>
                        <i>1 0 0 0 1 0 0 0 1 -0.76 2.21888 3.99</i>
                        <i>1 0 0 0 1 0 0 0 1 -0.76 2.22 3.99</i>
                        <i>1 0 0 0 1 0 0 0 1 -0.76 2.21995 3.99</i>
                        <i>1 0 0 0 1 0 0 0 1 -0.76 2.21919 3.99</i>
                        <i>1 0 0 0 1 0 0 0 1 -0.76 2.21783 3.99</i>
                        <i>1 0 0 0 1 0 0 0 1 -0.76 2.21593 3.99</i>
                        <i>1 0 0 0 1 0 0 0 1 -0.76 2.21358 3.99</i>
                        <i>1 0 0 0 1 0 0 0 1 -0.76 2.21087 3.99</i>
                        <i>1 0 0 0 1 0 0 0 1 -0.76 2.20788 3.99</i>
                        <i>1 0 0 0 1 0 0 0 1 -0.76 2.20468 3.99</i>
                        <i>1 0 0 0 1 0 0 0 1 -0.76 2.20137 3.99</i>
                        <i>1 0 0 0 1 0 0 0 1 -0.76 2.19802 3.99</i>
                        <i>1 0 0 0 1 0 0 0 1 -0.76 2.19473 3.99</i>
                        <i>1 0 0 0 1 0 0 0 1 -0.76 2.19156 3.99</i>
                        <i>1 0 0 0 1 0 0 0 1 -0.76 2.18861 3.99</i>
                        <i>1 0 0 0 1 0 0 0 1 -0.76 2.18596 3.99</i>
                        <i>1 0 0 0 1 0 0 0 1 -0.76 2.18369 3.99</i>
                        <i>1 0 0 0 1 0 0 0 1 -0.76 2.18189 3.99</i>
                        <i>1 0 0 0 1 0 0 0 1 -0.76 2.18063 3.99</i>
                        <i>1 0 0 0 1 0 0 0 1 -0.76 2.18 3.99</i>
                        <i>1 0 0 0 1 0 0 0 1 -0.76 2.18007 3.99</i>
                        <i>1 0 0 0 1 0 0 0 1 -0.76 2.18077 3.99</i>
                        <i>1 0 0 0 1 0 0 0 1 -0.76 2.18204 3.99</i>
                        <i>1 0 0 0 1 0 0 0 1 -0.76 2.18378 3.99</i>
                        <i>1 0 0 0 1 0 0 0 1 -0.76 2.1859 3.99</i>
                        <i>1 0 0 0 1 0 0 0 1 -0.76 2.18833 3.99</i>
                        <i>1 0 0 0 1 0 0 0 1 -0.76 2.19096 3.99</i>
                        <i>1 0 0 0 1 0 0 0 1 -0.76 2.19372 3.99</i>
                        <i>1 0 0 0 1 0 0 0 1 -0.76 2.19653 3.99</i>
                        <i>1 0 0 0 1 0 0 0 1 -0.76 2.19928 3.99</i>
                        <i>1 0 0 0 1 0 0 0 1 -0.76 2.2019 3.99</i>
                        <i>1 0 0 0 1 0 0 0 1 -0.76 2.2043 3.99</i>
                        <i>1 0 0 0 1 0 0 0 1 -0.76 2.2064 3.99</i>
                        <i>1 0 0 0 1 0 0 0 1 -0.76 2.2081 3.99</i>
                        <i>1 0 0 0 1 0 0 0 1 -0.76 2.20933 3.99</i>
                        <i>1 0 0 0 1 0 0 0 1 -0.76 2.20999 3.99</i>
                        <i>1 0 0 0 1 0 0 0 1 -0.76 2.21 3.99</i>
                        <i>1 0 0 0 1 0 0 0 1 -0.76 2.20892 3.99</i>
                        <i>1 0 0 0 1 0 0 0 1 -0.76 2.20656 3.99</i>
                        <i>1 0 0 0 1 0 0 0 1 -0.76 2.20317 3.99</i>
                        <i>1 0 0 0 1 0 0 0 1 -0.76 2.19902 3.99</i>
                        <i>1 0 0 0 1 0 0 0 1 -0.76 2.19437 3.99</i>
                        <i>1 0 0 0 1 0 0 0 1 -0.76 2.18948 3.99</i>
                        <i>1 0 0 0 1 0 0 0 1 -0.76 2.18463 3.99</i>
                        <i>1 0 0 0 1 0 0 0 1 -0.76 2.18006 3.99</i>
                        <i>1 0 0 0 1 0 0 0 1 -0.76 2.17606 3.99</i>
                        <i>1 0 0 0 1 0 0 0 1 -0.76 2.17287 3.99</i>
                        <i>1 0 0 0 1 0 0 0 1 -0.76 2.17076 3.99</i>
                        <i>1 0 0 0 1 0 0 0 1 -0.76 2.17 3.99</i>
                    </KeyFrames>
                </p>
            </i>
            <i>
                <p>
                    <Name><![CDATA[spine0]]></Name>
                    <Exclude>0</Exclude>
                    <Additive>0</Additive>
                    <IKPriority>0</IKPriority>
                    <IKRotLimits>-1e+010 -1e+010 -1e+010 1e+010 1e+010 1e+010</IKRotLimits>
                    <IKRotLimitOrder>0</IKRotLimitOrder>
                    <KeyFrames count="61">
                        <i>-0.00725488 0.998971 0.0447661 -0.999613 -0.00604281 -0.0271519 -0.0268534 -0.0449457 0.998628 -0.757571 2.29822 3.92482</i>
                        <i>-0.00725371 0.998979 0.0446001 -0.999614 -0.00604698 -0.0271325 -0.0268351 -0.0447797 0.998636 -0.757565 2.29893 3.92459</i>
                        <i>-0.00725101 0.998998 0.0441596 -0.999615 -0.00605847 -0.0270795 -0.0267848 -0.0443389 0.998657 -0.757549 2.30089 3.92397</i>
                        <i>-0.00724818 0.999025 0.0435377 -0.999617 -0.00607579 -0.0270003 -0.0267094 -0.0437168 0.998687 -0.757525 2.3039 3.92306</i>
                        <i>-0.00724664 0.999056 0.0428288 -0.999619 -0.00609744 -0.0269025 -0.0266159 -0.0430075 0.99872 -0.757496 2.30773 3.92194</i>
                        <i>-0.00724753 0.999086 0.0421192 -0.999622 -0.00612186 -0.0267937 -0.0265113 -0.0422974 0.998753 -0.757464 2.31217 3.92072</i>
                        <i>-0.00725149 0.999113 0.0414806 -0.999625 -0.00614746 -0.0266816 -0.026403 -0.0416586 0.998783 -0.757431 2.317 3.91947</i>
                        <i>-0.00725862 0.999134 0.0409677 -0.999628 -0.00617257 -0.0265744 -0.0262986 -0.0411453 0.998807 -0.757401 2.32201 3.9183</i>
                        <i>-0.00726846 0.999148 0.0406166 -0.99963 -0.00619551 -0.0264804 -0.0262062 -0.0407941 0.998824 -0.757374 2.32699 3.91728</i>
                        <i>-0.00728014 0.999155 0.0404493 -0.999632 -0.00621453 -0.0264079 -0.0261342 -0.0406267 0.998833 -0.757354 2.33174 3.91651</i>
                        <i>-0.00729259 0.999154 0.0404794 -0.999633 -0.00622792 -0.0263657 -0.0260913 -0.0406568 0.998832 -0.757343 2.33605 3.91607</i>
                        <i>-0.00730484 0.999144 0.0407227 -0.999633 -0.00623396 -0.0263624 -0.0260859 -0.0409003 0.998823 -0.757342 2.33972 3.91605</i>
                        <i>-0.0073141 0.999129 0.0410739 -0.999632 -0.00623274 -0.0263938 -0.0261148 -0.0412519 0.998807 -0.757351 2.34246 3.91639</i>
                        <i>-0.00732026 0.99911 0.0415503 -0.999631 -0.00622415 -0.0264486 -0.0261664 -0.0417286 0.998786 -0.757367 2.34393 3.91699</i>
                        <i>-0.00732654 0.999078 0.0422918 -0.999629 -0.00620783 -0.0265232 -0.0262362 -0.0424704 0.998753 -0.757388 2.34434 3.91779</i>
                        <i>-0.0073332 0.999038 0.0432382 -0.999627 -0.00618569 -0.0266137 -0.0263206 -0.0434172 0.99871 -0.757413 2.34416 3.91877</i>
                        <i>-0.00734065 0.998988 0.0443724 -0.999624 -0.00615865 -0.0267164 -0.0264161 -0.0445519 0.998658 -0.757442 2.34343 3.91989</i>
                        <i>-0.0073492 0.998929 0.0456743 -0.999621 -0.00612764 -0.0268278 -0.0265192 -0.0458541 0.998596 -0.757474 2.34221 3.92112</i>
                        <i>-0.00735902 0.998862 0.0471186 -0.999618 -0.00609357 -0.0269442 -0.0266264 -0.0472989 0.998526 -0.757508 2.34056 3.92243</i>
                        <i>-0.00737009 0.998788 0.0486738 -0.999615 -0.00605738 -0.0270623 -0.0267346 -0.0488545 0.998448 -0.757544 2.33855 3.92377</i>
                        <i>-0.00738217 0.998707 0.0503011 -0.999612 -0.00601998 -0.0271787 -0.0268407 -0.0504822 0.998364 -0.757579 2.33624 3.9251</i>
                        <i>-0.00739478 0.998622 0.0519546 -0.99961 -0.00598229 -0.0272903 -0.0269419 -0.0521361 0.998276 -0.757613 2.3337 3.9264</i>
                        <i>-0.00740724 0.998536 0.0535814 -0.999607 -0.00594523 -0.0273939 -0.0270353 -0.0537633 0.998188 -0.757645 2.33098 3.92762</i>
                        <i>-0.00741866 0.998452 0.0551229 -0.999605 -0.00590973 -0.0274867 -0.0271183 -0.0553051 0.998101 -0.757674 2.32816 3.92873</i>
                        <i>-0.007428 0.998374 0.0565158 -0.999603 -0.00587672 -0.0275656 -0.0271886 -0.0566981 0.998021 -0.757699 2.32531 3.92967</i>
                        <i>-0.00743412 0.998307 0.0576937 -0.999601 -0.00584711 -0.0276278 -0.0272437 -0.0578761 0.997952 -0.757719 2.32249 3.93042</i>
                        <i>-0.00743586 0.998254 0.0585896 -0.9996 -0.00582184 -0.0276706 -0.0272812 -0.0587719 0.997899 -0.757733 2.31977 3.93094</i>
                        <i>-0.0074321 0.998222 0.0591378 -0.9996 -0.00580186 -0.027691 -0.0272986 -0.0593199 0.997866 -0.757739 2.31723 3.93118</i>
                        <i>-0.00742192 0.998214 0.0592768 -0.9996 -0.00578815 -0.0276861 -0.0272935 -0.0594586 0.997858 -0.757737 2.31492 3.9311</i>
                        <i>-0.00740246 0.998239 0.0588554 -0.999601 -0.0057825 -0.0276473 -0.0272583 -0.0590366 0.997884 -0.757724 2.31289 3.9306</i>
                        <i>-0.00737344 0.9983 0.0578222 -0.999603 -0.00578611 -0.0275716 -0.0271901 -0.0580026 0.997946 -0.757699 2.31119 3.92964</i>
                        <i>-0.00733744 0.998392 0.0562049 -0.999606 -0.00580027 -0.0274639 -0.0270938 -0.0563843 0.998041 -0.757663 2.30994 3.9283</i>
                        <i>-0.00729721 0.99851 0.0540874 -0.99961 -0.00582487 -0.0273294 -0.0269736 -0.0542657 0.998162 -0.75762 2.30921 3.92665</i>
                        <i>-0.00725565 0.998641 0.0516187 -0.999614 -0.00585817 -0.0271731 -0.0268338 -0.0517959 0.998297 -0.75757 2.30898 3.92478</i>
                        <i>-0.00721533 0.998776 0.0489422 -0.999618 -0.00589835 -0.0270001 -0.0266783 -0.0491184 0.998437 -0.757517 2.30919 3.92274</i>
                        <i>-0.00717838 0.998907 0.0461905 -0.999623 -0.00594354 -0.0268157 -0.0265119 -0.0463656 0.998573 -0.757461 2.30979 3.92063</i>
                        <i>-0.00714641 0.999029 0.0434815 -0.999628 -0.00599185 -0.0266256 -0.0263392 -0.0436556 0.998699 -0.757406 2.31071 3.9185</i>
                        <i>-0.00712041 0.999137 0.0409162 -0.999632 -0.00604136 -0.0264356 -0.0261656 -0.0410894 0.998813 -0.757352 2.31193 3.91643</i>
                        <i>-0.0071008 0.99923 0.0385774 -0.999637 -0.00609017 -0.0262521 -0.025997 -0.0387498 0.998911 -0.757302 2.31338 3.91448</i>
                        <i>-0.00708747 0.999307 0.0365308 -0.999641 -0.00613639 -0.0260818 -0.0258396 -0.0367026 0.998992 -0.757257 2.31504 3.91272</i>
                        <i>-0.00707992 0.999368 0.0348274 -0.999645 -0.00617817 -0.0259318 -0.0257003 -0.0349986 0.999057 -0.757218 2.31686 3.91121</i>
                        <i>-0.00707739 0.999413 0.0335076 -0.999648 -0.00621373 -0.0258095 -0.0255861 -0.0336785 0.999105 -0.757187 2.31882 3.91001</i>
                        <i>-0.00707904 0.999443 0.0326077 -0.99965 -0.00624129 -0.0257223 -0.0255045 -0.0327784 0.999137 -0.757165 2.32087 3.90917</i>
                        <i>-0.00708415 0.999457 0.0321662 -0.999651 -0.00625911 -0.0256779 -0.0254626 -0.0323369 0.999153 -0.757155 2.32299 3.90876</i>
                        <i>-0.00709143 0.999457 0.0321632 -0.999651 -0.00626655 -0.0256754 -0.0254599 -0.032334 0.999153 -0.757155 2.32509 3.90875</i>
                        <i>-0.00709883 0.999449 0.0324366 -0.99965 -0.00626598 -0.025706 -0.0254886 -0.0326077 0.999143 -0.757163 2.32701 3.90907</i>
                        <i>-0.00710533 0.999435 0.0328489 -0.999648 -0.00626003 -0.0257649 -0.0255447 -0.0330204 0.999128 -0.757178 2.32864 3.90966</i>
                        <i>-0.00711145 0.999417 0.033391 -0.999646 -0.0062495 -0.0258474 -0.0256237 -0.033563 0.999108 -0.7572 2.32986 3.9105</i>
                        <i>-0.00711783 0.999394 0.0340608 -0.999644 -0.00623522 -0.0259492 -0.0257212 -0.0342333 0.999083 -0.757226 2.33056 3.91155</i>
                        <i>-0.00712511 0.999367 0.0348552 -0.999641 -0.00621796 -0.0260658 -0.0258325 -0.0350284 0.999052 -0.757257 2.33026 3.91276</i>
                        <i>-0.00713382 0.999335 0.0357677 -0.999638 -0.00619851 -0.0261926 -0.0259535 -0.0359416 0.999017 -0.757292 2.32873 3.91409</i>
                        <i>-0.00714432 0.999298 0.0367852 -0.999634 -0.00617766 -0.0263254 -0.0260797 -0.0369599 0.998976 -0.757328 2.32621 3.91551</i>
                        <i>-0.00715672 0.999256 0.0378875 -0.999631 -0.00615614 -0.0264602 -0.0262073 -0.0380629 0.998932 -0.757366 2.32293 3.91697</i>
                        <i>-0.00717088 0.999212 0.0390456 -0.999628 -0.00613471 -0.0265929 -0.0263324 -0.0392217 0.998883 -0.757404 2.31913 3.91843</i>
                        <i>-0.00718636 0.999165 0.0402219 -0.999624 -0.00611405 -0.0267197 -0.0264514 -0.0403988 0.998833 -0.757441 2.31505 3.91984</i>
                        <i>-0.00720247 0.999118 0.0413711 -0.999621 -0.00609485 -0.0268368 -0.026561 -0.0415487 0.998783 -0.757475 2.31093 3.92117</i>
                        <i>-0.00721826 0.999073 0.0424409 -0.999619 -0.00607775 -0.0269406 -0.0266577 -0.0426191 0.998736 -0.757507 2.30701 3.92236</i>
                        <i>-0.0072326 0.999033 0.0433742 -0.999616 -0.00606339 -0.0270276 -0.0267385 -0.0435531 0.998693 -0.757533 2.30353 3.92336</i>
                        <i>-0.00724429 0.999 0.0441117 -0.999615 -0.00605237 -0.0270942 -0.0268002 -0.044291 0.998659 -0.757553 2.30074 3.92414</i>
                        <i>-0.00725208 0.998979 0.0445941 -0.999613 -0.0060453 -0.0271368 -0.0268396 -0.0447736 0.998637 -0.757567 2.29889 3.92464</i>
                        <i>-0.00725488 0.998971 0.0447661 -0.999613 -0.00604281 -0.0271519 -0.0268534 -0.0449457 0.998628 -0.757571 2.29822 3.92482</i>
                    </KeyFrames>
                </p>
            </i>
            <i>
                <p>
                    <Name><![CDATA[spine1]]></Name>
                    <Exclude>0</Exclude>
                    <Additive>0</Additive>
                    <IKPriority>0</IKPriority>
                    <IKRotLimits>-1e+010 -1e+010 -1e+010 1e+010 1e+010 1e+010</IKRotLimits>
                    <IKRotLimitOrder>0</IKRotLimitOrder>
                    <KeyFrames count="61">
                        <i>-0.0233271 0.923163 0.3837 -0.999703 -0.0188576 -0.0154066 -0.00698716 -0.383946 0.923329 -0.758893 2.48049 3.93292</i>
                        <i>-0.023351 0.922463 0.385379 -0.999703 -0.0188741 -0.0153964 -0.00692893 -0.385625 0.92263 -0.758888 2.4813 3.93266</i>
                        <i>-0.0234159 0.920531 0.389967 -0.999703 -0.0189191 -0.0153687 -0.00676957 -0.390211 0.920701 -0.758873 2.48358 3.93198</i>
                        <i>-0.0235108 0.917616 0.396773 -0.999702 -0.0189863 -0.015328 -0.00653198 -0.397015 0.917789 -0.758852 2.48706 3.93097</i>
                        <i>-0.0236248 0.913964 0.405106 -0.999701 -0.0190689 -0.0152785 -0.00623911 -0.405346 0.914142 -0.758826 2.49148 3.92974</i>
                        <i>-0.0237476 0.909834 0.414293 -0.9997 -0.0191606 -0.0152249 -0.00591403 -0.41453 0.910016 -0.758799 2.49657 3.92841</i>
                        <i>-0.0238702 0.905493 0.423688 -0.9997 -0.0192546 -0.0151718 -0.00558002 -0.423923 0.905681 -0.758772 2.50209 3.92707</i>
                        <i>-0.0239846 0.901225 0.432686 -0.999698 -0.019344 -0.0151242 -0.00526043 -0.432919 0.901418 -0.758748 2.50776 3.92582</i>
                        <i>-0.0240843 0.897324 0.440715 -0.999698 -0.0194219 -0.0150874 -0.00497873 -0.440945 0.89752 -0.758728 2.51334 3.92476</i>
                        <i>-0.0241637 0.89409 0.447235 -0.999697 -0.0194812 -0.0150667 -0.00475837 -0.447463 0.89429 -0.758713 2.51856 3.92398</i>
                        <i>-0.0242176 0.891832 0.451719 -0.999696 -0.0195147 -0.0150678 -0.00462279 -0.451947 0.892033 -0.758706 2.52317 3.92355</i>
                        <i>-0.0242408 0.890856 0.453638 -0.999696 -0.0195153 -0.0150959 -0.00459539 -0.453866 0.891058 -0.758708 2.52691 3.92358</i>
                        <i>-0.0242323 0.891232 0.4529 -0.999695 -0.0194866 -0.0151422 -0.00466979 -0.453129 0.891433 -0.758718 2.5295 3.92399</i>
                        <i>-0.0241996 0.892614 0.450171 -0.999696 -0.0194399 -0.0151941 -0.0048112 -0.450402 0.892813 -0.758732 2.53067 3.92466</i>
                        <i>-0.0241485 0.894697 0.44602 -0.999696 -0.019379 -0.0152524 -0.00500288 -0.446252 0.894893 -0.758751 2.53066 3.92558</i>
                        <i>-0.0240805 0.897375 0.440612 -0.999696 -0.0193061 -0.0153159 -0.00523756 -0.440847 0.897567 -0.758774 2.52995 3.92672</i>
                        <i>-0.023997 0.90053 0.434132 -0.999697 -0.019224 -0.0153822 -0.0055064 -0.43437 0.900718 -0.758801 2.52861 3.92803</i>
                        <i>-0.0238997 0.904044 0.426771 -0.999698 -0.0191353 -0.0154494 -0.00580054 -0.427011 0.904228 -0.75883 2.52673 3.92948</i>
                        <i>-0.0237906 0.907799 0.418729 -0.999698 -0.0190425 -0.0155152 -0.00611109 -0.418972 0.907979 -0.758861 2.5244 3.93102</i>
                        <i>-0.0236722 0.911679 0.410221 -0.999699 -0.0189482 -0.0155779 -0.00642912 -0.410466 0.911853 -0.758893 2.52169 3.93262</i>
                        <i>-0.0235474 0.915568 0.401473 -0.9997 -0.018855 -0.0156356 -0.00674572 -0.401721 0.915737 -0.758925 2.51868 3.93422</i>
                        <i>-0.0234197 0.919356 0.392729 -0.999701 -0.0187654 -0.0156867 -0.00705198 -0.392979 0.919521 -0.758957 2.51547 3.93579</i>
                        <i>-0.0232932 0.922938 0.384243 -0.999702 -0.0186819 -0.0157296 -0.00733905 -0.384494 0.923098 -0.758987 2.51214 3.93728</i>
                        <i>-0.0231723 0.926215 0.376283 -0.999703 -0.0186071 -0.0157627 -0.00759814 -0.376536 0.926371 -0.759015 2.50876 3.93864</i>
                        <i>-0.023062 0.929093 0.369126 -0.999703 -0.0185435 -0.0157847 -0.00782057 -0.36938 0.929245 -0.759038 2.50543 3.93982</i>
                        <i>-0.0229675 0.931485 0.363054 -0.999704 -0.0184937 -0.015794 -0.00799768 -0.363309 0.931634 -0.759056 2.50223 3.94076</i>
                        <i>-0.0228941 0.933307 0.35835 -0.999705 -0.0184605 -0.0157892 -0.00812089 -0.358606 0.933454 -0.759068 2.49923 3.94142</i>
                        <i>-0.022847 0.934475 0.355295 -0.999705 -0.0184464 -0.0157688 -0.0081816 -0.355551 0.934621 -0.759073 2.49653 3.94175</i>
                        <i>-0.022831 0.934906 0.354159 -0.999706 -0.0184543 -0.0157309 -0.00817114 -0.354414 0.935053 -0.759069 2.49421 3.9417</i>
                        <i>-0.0228553 0.9344 0.355492 -0.999706 -0.018492 -0.0156675 -0.00806589 -0.355746 0.934548 -0.759053 2.49233 3.94113</i>
                        <i>-0.0229221 0.932878 0.359461 -0.999706 -0.0185623 -0.0155759 -0.00785798 -0.359713 0.93303 -0.759025 2.49099 3.94</i>
                        <i>-0.0230226 0.930485 0.365604 -0.999706 -0.0186599 -0.0154623 -0.00756526 -0.365853 0.930642 -0.758987 2.49027 3.9384</i>
                        <i>-0.0231477 0.927362 0.373449 -0.999706 -0.0187795 -0.0153312 -0.00720437 -0.373694 0.927524 -0.758941 2.49024 3.9364</i>
                        <i>-0.0232884 0.923642 0.382549 -0.999706 -0.0189165 -0.0151862 -0.00679016 -0.38279 0.92381 -0.75889 2.49083 3.93411</i>
                        <i>-0.0234365 0.919464 0.392475 -0.999705 -0.0190657 -0.0150311 -0.00633771 -0.392711 0.91964 -0.758835 2.49197 3.93163</i>
                        <i>-0.0235848 0.914975 0.40282 -0.999705 -0.0192224 -0.0148699 -0.00586239 -0.403052 0.915158 -0.75878 2.49358 3.92905</i>
                        <i>-0.0237275 0.910326 0.413211 -0.999704 -0.0193813 -0.0147071 -0.00537971 -0.413437 0.910517 -0.758726 2.49556 3.92646</i>
                        <i>-0.0238598 0.905673 0.423305 -0.999703 -0.0195375 -0.0145478 -0.00490524 -0.423527 0.90587 -0.758675 2.49783 3.92396</i>
                        <i>-0.0239785 0.901172 0.432798 -0.999703 -0.0196857 -0.0143974 -0.00445453 -0.433015 0.901376 -0.758628 2.50032 3.92161</i>
                        <i>-0.0240814 0.896978 0.441419 -0.999702 -0.0198209 -0.0142616 -0.00404302 -0.441631 0.897188 -0.758587 2.50294 3.91949</i>
                        <i>-0.0241673 0.893244 0.448922 -0.999701 -0.0199378 -0.0141467 -0.00368595 -0.449129 0.893459 -0.758552 2.50562 3.91768</i>
                        <i>-0.0242353 0.89012 0.455082 -0.9997 -0.0200311 -0.014059 -0.00339843 -0.455286 0.890339 -0.758526 2.50828 3.91625</i>
                        <i>-0.024285 0.887752 0.459681 -0.9997 -0.0200956 -0.014005 -0.00319539 -0.459883 0.887974 -0.758508 2.51085 3.91525</i>
                        <i>-0.0243156 0.886288 0.462495 -0.9997 -0.0201262 -0.0139909 -0.00309171 -0.462696 0.886512 -0.758501 2.51325 3.91476</i>
                        <i>-0.024328 0.885743 0.463538 -0.999699 -0.0201244 -0.0140131 -0.0030836 -0.46374 0.885966 -0.758502 2.5154 3.91476</i>
                        <i>-0.024324 0.886027 0.462995 -0.999699 -0.0200967 -0.0140616 -0.00315426 -0.463198 0.886249 -0.758511 2.51717 3.91512</i>
                        <i>-0.0243039 0.887111 0.460916 -0.999699 -0.0200455 -0.0141327 -0.00329802 -0.46112 0.887331 -0.758525 2.5185 3.91579</i>
                        <i>-0.0242687 0.888892 0.457474 -0.999699 -0.0199743 -0.0142223 -0.00350437 -0.457682 0.889109 -0.758545 2.51928 3.91672</i>
                        <i>-0.0242195 0.891257 0.452851 -0.9997 -0.0198871 -0.0143264 -0.00376258 -0.453062 0.891471 -0.758569 2.51942 3.91788</i>
                        <i>-0.0241574 0.894095 0.447226 -0.9997 -0.0197874 -0.0144407 -0.00406192 -0.447441 0.894304 -0.758597 2.51849 3.91922</i>
                        <i>-0.0240836 0.897288 0.440788 -0.9997 -0.019679 -0.0145616 -0.00439162 -0.441007 0.897493 -0.758628 2.51626 3.9207</i>
                        <i>-0.0239997 0.900719 0.433738 -0.999701 -0.0195655 -0.0146852 -0.0047409 -0.433961 0.900919 -0.758661 2.51301 3.92229</i>
                        <i>-0.023908 0.90427 0.426291 -0.999701 -0.0194503 -0.014808 -0.00509892 -0.426518 0.904465 -0.758696 2.50898 3.92393</i>
                        <i>-0.023811 0.907821 0.418682 -0.999702 -0.0193367 -0.0149268 -0.00545487 -0.418913 0.90801 -0.758732 2.50445 3.92558</i>
                        <i>-0.0237121 0.911254 0.411162 -0.999702 -0.0192282 -0.0150384 -0.00579791 -0.411396 0.911438 -0.758767 2.49967 3.92719</i>
                        <i>-0.0236152 0.914455 0.403999 -0.999702 -0.0191279 -0.0151401 -0.0061173 -0.404236 0.914634 -0.7588 2.4949 3.92871</i>
                        <i>-0.0235247 0.917311 0.397476 -0.999703 -0.0190388 -0.0152291 -0.00640233 -0.397717 0.917486 -0.75883 2.49041 3.93007</i>
                        <i>-0.0234456 0.919715 0.391887 -0.999703 -0.0189642 -0.0153028 -0.00664238 -0.39213 0.919886 -0.758855 2.48646 3.93123</i>
                        <i>-0.0233829 0.92156 0.38753 -0.999703 -0.0189071 -0.0153587 -0.00682689 -0.387774 0.921729 -0.758875 2.48332 3.93213</i>
                        <i>-0.0233418 0.922745 0.384704 -0.999703 -0.0188705 -0.0153942 -0.00694533 -0.38495 0.922911 -0.758888 2.48124 3.93271</i>
                        <i>-0.0233271 0.923163 0.3837 -0.999703 -0.0188576 -0.0154066 -0.00698716 -0.383946 0.923329 -0.758893 2.48049 3.93292</i>
                    </KeyFrames>
                </p>
            </i>
            <i>
                <p>
                    <Name><![CDATA[spine2]]></Name>
                    <Exclude>0</Exclude>
                    <Additive>0</Additive>
                    <IKPriority>0</IKPriority>
                    <IKRotLimits>-1e+010 -1e+010 -1e+010 1e+010 1e+010 1e+010</IKRotLimits>
                    <IKRotLimitOrder>0</IKRotLimitOrder>
                    <KeyFrames count="61">
                        <i>-0.017726 0.844643 0.535036 -0.999827 -0.0179751 -0.00474804 0.00560692 -0.535028 0.844816 -0.762795 2.63527 3.99749</i>
                        <i>-0.0177428 0.843551 0.536756 -0.999827 -0.0179953 -0.00476912 0.00563607 -0.536748 0.843724 -0.762796 2.63607 3.99756</i>
                        <i>-0.0177884 0.840535 0.541465 -0.999825 -0.0180498 -0.00482732 0.00571583 -0.541456 0.840709 -0.762799 2.63827 3.99776</i>
                        <i>-0.0178548 0.835983 0.548465 -0.999824 -0.0181295 -0.00491505 0.00583447 -0.548456 0.836159 -0.762804 2.64164 3.99807</i>
                        <i>-0.0179338 0.830282 0.557055 -0.999821 -0.0182247 -0.0050247 0.00598022 -0.557045 0.83046 -0.76281 2.64591 3.99847</i>
                        <i>-0.0180182 0.823824 0.566559 -0.999819 -0.0183266 -0.00514859 0.0061416 -0.566549 0.824005 -0.762818 2.65084 3.99894</i>
                        <i>-0.0181014 0.81701 0.576339 -0.999816 -0.0184277 -0.00527901 0.0063076 -0.576329 0.817193 -0.762826 2.65617 3.99947</i>
                        <i>-0.0181784 0.810248 0.585805 -0.999814 -0.0185213 -0.00540824 0.00646787 -0.585795 0.810434 -0.762836 2.66166 4.00003</i>
                        <i>-0.0182451 0.803952 0.594414 -0.999812 -0.0186023 -0.00552864 0.00661269 -0.594403 0.80414 -0.762845 2.66704 4.00059</i>
                        <i>-0.0182982 0.798541 0.601662 -0.99981 -0.0186662 -0.00563268 0.00673281 -0.60165 0.798731 -0.762855 2.67208 4.00112</i>
                        <i>-0.0183351 0.794441 0.607065 -0.999809 -0.0187094 -0.00571289 0.00681928 -0.607053 0.794632 -0.762864 2.67654 4.00159</i>
                        <i>-0.0183531 0.792078 0.610143 -0.999808 -0.0187281 -0.00576182 0.00686299 -0.610132 0.79227 -0.762872 2.68016 4.00198</i>
                        <i>-0.0183511 0.791737 0.610586 -0.999808 -0.0187214 -0.00577343 0.00685998 -0.610575 0.791929 -0.762877 2.6827 4.0022</i>
                        <i>-0.0183338 0.793157 0.608742 -0.999809 -0.0186966 -0.00575125 0.00681973 -0.608731 0.793347 -0.762879 2.68387 4.00227</i>
                        <i>-0.018306 0.795859 0.605205 -0.99981 -0.0186595 -0.00570421 0.00675307 -0.605195 0.796049 -0.76288 2.68388 4.00231</i>
                        <i>-0.0182679 0.799627 0.600219 -0.999811 -0.0186103 -0.0056365 0.00666314 -0.600208 0.799816 -0.76288 2.68321 4.0023</i>
                        <i>-0.0182199 0.80429 0.593957 -0.999812 -0.0185497 -0.00555109 0.00655305 -0.593947 0.804478 -0.762879 2.68193 4.00226</i>
                        <i>-0.0181627 0.809673 0.586601 -0.999814 -0.0184787 -0.00545107 0.00642606 -0.586591 0.809858 -0.762877 2.68013 4.00219</i>
                        <i>-0.0180971 0.815595 0.57834 -0.999816 -0.0183984 -0.00533955 0.00628563 -0.57833 0.815779 -0.762875 2.67788 4.0021</i>
                        <i>-0.0180242 0.821879 0.569377 -0.999819 -0.0183104 -0.00521975 0.0061355 -0.569368 0.82206 -0.762872 2.67527 4.00199</i>
                        <i>-0.0179456 0.828343 0.559934 -0.999821 -0.0182166 -0.00509497 0.00597969 -0.559925 0.828521 -0.762869 2.67237 4.00186</i>
                        <i>-0.0178634 0.834808 0.550251 -0.999824 -0.0181195 -0.00496852 0.00582251 -0.550243 0.834984 -0.762866 2.66926 4.00172</i>
                        <i>-0.01778 0.8411 0.540588 -0.999826 -0.0180222 -0.00484373 0.00566853 -0.54058 0.841274 -0.762862 2.66603 4.00157</i>
                        <i>-0.0176986 0.847047 0.531223 -0.999828 -0.0179282 -0.00472391 0.00552253 -0.531215 0.847219 -0.762857 2.66275 4.0014</i>
                        <i>-0.0176224 0.852486 0.522452 -0.99983 -0.0178416 -0.00461228 0.00538947 -0.522445 0.852656 -0.762853 2.65951 4.00122</i>
                        <i>-0.0175552 0.857261 0.514582 -0.999832 -0.0177665 -0.00451199 0.00527436 -0.514575 0.857429 -0.762847 2.6564 4.00103</i>
                        <i>-0.0175011 0.861222 0.507928 -0.999833 -0.0177074 -0.0044261 0.00518225 -0.507921 0.861388 -0.762842 2.65348 4.00082</i>
                        <i>-0.0174638 0.864224 0.502804 -0.999834 -0.0176689 -0.0043576 0.00511804 -0.502797 0.864389 -0.762835 2.65085 4.0006</i>
                        <i>-0.0174471 0.866128 0.499518 -0.999835 -0.0176551 -0.00430941 0.00508652 -0.49951 0.866293 -0.762828 2.64858 4.00035</i>
                        <i>-0.0174569 0.866704 0.498517 -0.999835 -0.0176735 -0.00428541 0.00509636 -0.49851 0.866869 -0.76282 2.64676 4.00005</i>
                        <i>-0.0174948 0.865849 0.499999 -0.999834 -0.017726 -0.00428773 0.00515046 -0.499991 0.866015 -0.76281 2.64545 3.9997</i>
                        <i>-0.0175548 0.86366 0.50377 -0.999832 -0.0178051 -0.00431603 0.0052421 -0.503761 0.863827 -0.762799 2.64477 3.9993</i>
                        <i>-0.0176304 0.860295 0.509492 -0.99983 -0.0179031 -0.0043681 0.00536363 -0.509483 0.860464 -0.762788 2.64477 3.99884</i>
                        <i>-0.0177156 0.85597 0.516723 -0.999828 -0.0180128 -0.0044399 0.00550718 -0.516712 0.856141 -0.762777 2.64541 3.99836</i>
                        <i>-0.0178048 0.850897 0.52503 -0.999825 -0.0181276 -0.00452738 0.00566518 -0.525019 0.851071 -0.762767 2.6466 3.99788</i>
                        <i>-0.0178933 0.845289 0.534009 -0.999823 -0.0182417 -0.0046265 0.0058305 -0.533998 0.845466 -0.762758 2.64825 3.99742</i>
                        <i>-0.0179772 0.839355 0.543286 -0.99982 -0.0183504 -0.0047332 0.00599667 -0.543274 0.839534 -0.76275 2.65029 3.99699</i>
                        <i>-0.0180538 0.833301 0.552525 -0.999818 -0.01845 -0.00484349 0.00615798 -0.552512 0.833483 -0.762744 2.65261 3.99662</i>
                        <i>-0.0181214 0.827329 0.561425 -0.999816 -0.018538 -0.00495346 0.00630956 -0.561411 0.827513 -0.76274 2.65515 3.99631</i>
                        <i>-0.018179 0.821637 0.569721 -0.999814 -0.0186131 -0.00505939 0.00644728 -0.569707 0.821822 -0.762737 2.65782 3.99607</i>
                        <i>-0.0182264 0.816415 0.577177 -0.999812 -0.0186745 -0.00515767 0.00656768 -0.577163 0.816602 -0.762736 2.66053 3.99592</i>
                        <i>-0.0182639 0.811853 0.583576 -0.999811 -0.0187222 -0.00524489 0.00666774 -0.583562 0.812041 -0.762737 2.66321 3.99586</i>
                        <i>-0.0182917 0.808137 0.588711 -0.99981 -0.0187563 -0.0053177 0.00674462 -0.588696 0.808326 -0.762739 2.66577 3.99588</i>
                        <i>-0.0183102 0.805458 0.59237 -0.999809 -0.0187769 -0.00537277 0.00679534 -0.592355 0.805648 -0.762743 2.66814 3.99601</i>
                        <i>-0.0183198 0.803933 0.594438 -0.999809 -0.0187852 -0.0054073 0.00681951 -0.594423 0.804123 -0.762748 2.67022 3.99621</i>
                        <i>-0.0183207 0.803512 0.595006 -0.999809 -0.0187816 -0.00542164 0.00681881 -0.594992 0.803703 -0.762753 2.67194 3.99642</i>
                        <i>-0.0183119 0.804104 0.594206 -0.999809 -0.018765 -0.00541792 0.00679373 -0.594192 0.804294 -0.762757 2.67322 3.99659</i>
                        <i>-0.018294 0.805592 0.592188 -0.99981 -0.0187364 -0.00539812 0.00674677 -0.592174 0.805782 -0.762761 2.67396 3.99673</i>
                        <i>-0.0182676 0.80785 0.589106 -0.999811 -0.0186964 -0.00536441 0.00668053 -0.589092 0.808038 -0.762764 2.67407 3.99684</i>
                        <i>-0.0182329 0.810748 0.585111 -0.999812 -0.0186461 -0.00531898 0.00659769 -0.585098 0.810936 -0.762767 2.67312 3.99694</i>
                        <i>-0.0181907 0.814156 0.580362 -0.999813 -0.0185864 -0.00526408 0.00650106 -0.580349 0.814342 -0.762771 2.67089 3.99702</i>
                        <i>-0.0181417 0.817936 0.575023 -0.999815 -0.0185186 -0.00520206 0.00639369 -0.575011 0.81812 -0.762774 2.66763 3.99709</i>
                        <i>-0.0180872 0.821948 0.569276 -0.999817 -0.0184445 -0.00513536 0.006279 -0.569264 0.822131 -0.762777 2.66362 3.99715</i>
                        <i>-0.0180286 0.826047 0.563313 -0.999819 -0.0183661 -0.00506651 0.0061607 -0.563302 0.826228 -0.76278 2.65911 3.99722</i>
                        <i>-0.017968 0.830086 0.557346 -0.99982 -0.0182862 -0.00499812 0.00604289 -0.557336 0.830265 -0.762783 2.65435 3.99728</i>
                        <i>-0.017908 0.833914 0.551603 -0.999822 -0.0182079 -0.00493286 0.00592997 -0.551593 0.834092 -0.762786 2.64961 3.99733</i>
                        <i>-0.0178514 0.837382 0.546327 -0.999824 -0.0181348 -0.00487343 0.00582663 -0.546317 0.837558 -0.762789 2.64514 3.99738</i>
                        <i>-0.0178015 0.840338 0.541771 -0.999825 -0.0180709 -0.00482255 0.00573772 -0.541762 0.840512 -0.762792 2.64122 3.99743</i>
                        <i>-0.0177616 0.842632 0.538197 -0.999826 -0.0180202 -0.00478291 0.0056682 -0.538189 0.842805 -0.762793 2.63809 3.99746</i>
                        <i>-0.0177354 0.844116 0.535867 -0.999827 -0.017987 -0.00475719 0.00562301 -0.535859 0.844289 -0.762795 2.63602 3.99748</i>
                        <i>-0.017726 0.844643 0.535036 -0.999827 -0.0179751 -0.00474804 0.00560692 -0.535028 0.844816 -0.762795 2.63527 3.99749</i>
                    </KeyFrames>
                </p>
            </i>
            <i>
                <p>
                    <Name><![CDATA[head]]></Name>
                    <Exclude>0</Exclude>
                    <Additive>0</Additive>
                    <IKPriority>0</IKPriority>
                    <IKRotLimits>-1e+010 -1e+010 -1e+010 1e+010 1e+010 1e+010</IKRotLimits>
                    <IKRotLimitOrder>0</IKRotLimitOrder>
                    <KeyFrames count="61">
                        <i>-0.00421046 0.943305 0.331901 -0.0197509 0.331761 -0.943157 -0.999796 -0.0105264 0.0172342 -0.766381 2.86733 4.12366</i>
                        <i>-0.00429119 0.9438 0.33049 -0.0197565 0.330348 -0.943653 -0.999796 -0.0105787 0.0172286 -0.766387 2.86793 4.12421</i>
                        <i>-0.00451458 0.945159 0.32658 -0.0197707 0.326435 -0.945013 -0.999794 -0.0107231 0.0172128 -0.766405 2.8696 4.12572</i>
                        <i>-0.00485264 0.947184 0.320655 -0.019788 0.320505 -0.94704 -0.999792 -0.0109408 0.0171876 -0.766431 2.87215 4.12799</i>
                        <i>-0.00527731 0.949673 0.313199 -0.0198027 0.313043 -0.949533 -0.99979 -0.0112132 0.017154 -0.766464 2.87539 4.13083</i>
                        <i>-0.00576029 0.952432 0.304697 -0.0198097 0.304533 -0.952296 -0.999787 -0.0115215 0.0171132 -0.766501 2.87913 4.13403</i>
                        <i>-0.00627296 0.955279 0.295638 -0.0198061 0.295467 -0.955148 -0.999784 -0.011847 0.0170669 -0.766539 2.88317 4.1374</i>
                        <i>-0.00678639 0.95805 0.28652 -0.0197909 0.286341 -0.957923 -0.999781 -0.0121713 0.0170174 -0.766577 2.88734 4.14074</i>
                        <i>-0.00727144 0.960599 0.277843 -0.0197657 0.277658 -0.960477 -0.999778 -0.0124758 0.0169679 -0.766612 2.89148 4.14387</i>
                        <i>-0.00769889 0.962797 0.270115 -0.0197345 0.269924 -0.962679 -0.999776 -0.0127422 0.0169222 -0.766642 2.8954 4.1466</i>
                        <i>-0.00803959 0.964531 0.263846 -0.0197031 0.263651 -0.964417 -0.999774 -0.0129521 0.0168846 -0.766666 2.89895 4.14873</i>
                        <i>-0.00826447 0.965695 0.259549 -0.0196781 0.259351 -0.965583 -0.999772 -0.0130875 0.0168596 -0.766681 2.90197 4.1501</i>
                        <i>-0.00834458 0.96618 0.257735 -0.0196658 0.257535 -0.966069 -0.999772 -0.01313 0.0168517 -0.766684 2.9043 4.1505</i>
                        <i>-0.00829446 0.966088 0.25808 -0.0196655 0.257882 -0.965976 -0.999772 -0.0130875 0.0168596 -0.766679 2.90563 4.15006</i>
                        <i>-0.00815647 0.965631 0.259787 -0.0196719 0.259591 -0.965518 -0.999773 -0.0129857 0.0168785 -0.766669 2.90606 4.14906</i>
                        <i>-0.00794344 0.964839 0.262723 -0.0196833 0.26253 -0.964723 -0.999775 -0.0128345 0.0169058 -0.766654 2.90603 4.14758</i>
                        <i>-0.00766826 0.963772 0.266616 -0.0196962 0.266427 -0.963654 -0.999777 -0.0126409 0.0169396 -0.766635 2.90558 4.14569</i>
                        <i>-0.00734386 0.962496 0.271195 -0.0197074 0.271011 -0.962375 -0.999779 -0.0124121 0.016978 -0.766612 2.90474 4.14345</i>
