<?xml version="1.0" encoding="ISO-8859-1" ?>
<Animl Version="1">
    <ModellingPackage><![CDATA[Maya.2010]]></ModellingPackage>
    <SrcFile><![CDATA[anims\vehicles\red\~src\air\helicopter_hormone\helicopter_hormone_exit_crewman_a.mb]]></SrcFile>
    <FramesPerSecond>30</FramesPerSecond>
    <TotalFrames>121</TotalFrames>
    <Skeleton>
        <RefFrame>
            <Name><![CDATA[soldier_ref_frame]]></Name>
            <Exclude>0</Exclude>
            <Additive>0</Additive>
            <IKPriority>0</IKPriority>
            <IKRotLimits>-1e+010 -1e+010 -1e+010 1e+010 1e+010 1e+010</IKRotLimits>
            <IKRotLimitOrder>0</IKRotLimitOrder>
            <KeyFrames count="121">
                <i>1 0 0 0 1 0 0 0 1 0 0 0</i>
                <i>1 0 0 0 1 0 0 0 1 0 0 0</i>
                <i>1 0 0 0 1 0 0 0 1 0 0 0</i>
                <i>1 0 0 0 1 0 0 0 1 0 0 0</i>
                <i>1 0 0 0 1 0 0 0 1 0 0 0</i>
                <i>1 0 0 0 1 0 0 0 1 0 0 0</i>
                <i>1 0 0 0 1 0 0 0 1 0 0 0</i>
                <i>1 0 0 0 1 0 0 0 1 0 0 0</i>
                <i>1 0 0 0 1 0 0 0 1 0 0 0</i>
                <i>1 0 0 0 1 0 0 0 1 0 0 0</i>
                <i>1 0 0 0 1 0 0 0 1 0 0 0</i>
                <i>1 0 0 0 1 0 0 0 1 0 0 0</i>
                <i>1 0 0 0 1 0 0 0 1 0 0 0</i>
                <i>1 0 0 0 1 0 0 0 1 0 0 0</i>
                <i>1 0 0 0 1 0 0 0 1 0 0 0</i>
                <i>1 0 0 0 1 0 0 0 1 0 0 0</i>
                <i>1 0 0 0 1 0 0 0 1 0 0 0</i>
                <i>1 0 0 0 1 0 0 0 1 0 0 0</i>
                <i>1 0 0 0 1 0 0 0 1 0 0 0</i>
                <i>1 0 0 0 1 0 0 0 1 0 0 0</i>
                <i>1 0 0 0 1 0 0 0 1 0 0 0</i>
                <i>1 0 0 0 1 0 0 0 1 0 0 0</i>
                <i>1 0 0 0 1 0 0 0 1 0 0 0</i>
                <i>1 0 0 0 1 0 0 0 1 0 0 0</i>
                <i>1 0 0 0 1 0 0 0 1 0 0 0</i>
                <i>1 0 0 0 1 0 0 0 1 0 0 0</i>
                <i>1 0 0 0 1 0 0 0 1 0 0 0</i>
                <i>1 0 0 0 1 0 0 0 1 0 0 0</i>
                <i>1 0 0 0 1 0 0 0 1 0 0 0</i>
                <i>1 0 0 0 1 0 0 0 1 0 0 0</i>
                <i>1 0 0 0 1 0 0 0 1 0 0 0</i>
                <i>1 0 0 0 1 0 0 0 1 0 0 0</i>
                <i>1 0 0 0 1 0 0 0 1 0 0 0</i>
                <i>1 0 0 0 1 0 0 0 1 0 0 0</i>
                <i>1 0 0 0 1 0 0 0 1 0 0 0</i>
                <i>1 0 0 0 1 0 0 0 1 0 0 0</i>
                <i>1 0 0 0 1 0 0 0 1 0 0 0</i>
                <i>1 0 0 0 1 0 0 0 1 0 0 0</i>
                <i>1 0 0 0 1 0 0 0 1 0 0 0</i>
                <i>1 0 0 0 1 0 0 0 1 0 0 0</i>
                <i>1 0 0 0 1 0 0 0 1 0 0 0</i>
                <i>1 0 0 0 1 0 0 0 1 0 0 0</i>
                <i>1 0 0 0 1 0 0 0 1 0 0 0</i>
                <i>1 0 0 0 1 0 0 0 1 0 0 0</i>
                <i>1 0 0 0 1 0 0 0 1 0 0 0</i>
                <i>1 0 0 0 1 0 0 0 1 0 0 0</i>
                <i>1 0 0 0 1 0 0 0 1 0 0 0</i>
                <i>1 0 0 0 1 0 0 0 1 0 0 0</i>
                <i>1 0 0 0 1 0 0 0 1 0 0 0</i>
                <i>1 0 0 0 1 0 0 0 1 0 0 0</i>
                <i>1 0 0 0 1 0 0 0 1 0 0 0</i>
                <i>1 0 0 0 1 0 0 0 1 0 0 0</i>
                <i>1 0 0 0 1 0 0 0 1 0 0 0</i>
                <i>1 0 0 0 1 0 0 0 1 0 0 0</i>
                <i>1 0 0 0 1 0 0 0 1 0 0 0</i>
                <i>1 0 0 0 1 0 0 0 1 0 0 0</i>
                <i>1 0 0 0 1 0 0 0 1 0 0 0</i>
                <i>1 0 0 0 1 0 0 0 1 0 0 0</i>
                <i>1 0 0 0 1 0 0 0 1 0 0 0</i>
                <i>1 0 0 0 1 0 0 0 1 0 0 0</i>
                <i>1 0 0 0 1 0 0 0 1 0 0 0</i>
                <i>1 0 0 0 1 0 0 0 1 0 0 0</i>
                <i>1 0 0 0 1 0 0 0 1 0 0 0</i>
                <i>1 0 0 0 1 0 0 0 1 0 0 0</i>
                <i>1 0 0 0 1 0 0 0 1 0 0 0</i>
                <i>1 0 0 0 1 0 0 0 1 0 0 0</i>
                <i>1 0 0 0 1 0 0 0 1 0 0 0</i>
                <i>1 0 0 0 1 0 0 0 1 0 0 0</i>
                <i>1 0 0 0 1 0 0 0 1 0 0 0</i>
                <i>1 0 0 0 1 0 0 0 1 0 0 0</i>
                <i>1 0 0 0 1 0 0 0 1 0 0 0</i>
                <i>1 0 0 0 1 0 0 0 1 0 0 0</i>
                <i>1 0 0 0 1 0 0 0 1 0 0 0</i>
                <i>1 0 0 0 1 0 0 0 1 0 0 0</i>
                <i>1 0 0 0 1 0 0 0 1 0 0 0</i>
                <i>1 0 0 0 1 0 0 0 1 0 0 0</i>
                <i>1 0 0 0 1 0 0 0 1 0 0 0</i>
                <i>1 0 0 0 1 0 0 0 1 0 0 0</i>
                <i>1 0 0 0 1 0 0 0 1 0 0 0</i>
                <i>1 0 0 0 1 0 0 0 1 0 0 0</i>
                <i>1 0 0 0 1 0 0 0 1 0 0 0</i>
                <i>1 0 0 0 1 0 0 0 1 0 0 0</i>
                <i>1 0 0 0 1 0 0 0 1 0 0 0</i>
                <i>1 0 0 0 1 0 0 0 1 0 0 0</i>
                <i>1 0 0 0 1 0 0 0 1 0 0 0</i>
                <i>1 0 0 0 1 0 0 0 1 0 0 0</i>
                <i>1 0 0 0 1 0 0 0 1 0 0 0</i>
                <i>1 0 0 0 1 0 0 0 1 0 0 0</i>
                <i>1 0 0 0 1 0 0 0 1 0 0 0</i>
                <i>1 0 0 0 1 0 0 0 1 0 0 0</i>
                <i>1 0 0 0 1 0 0 0 1 0 0 0</i>
                <i>1 0 0 0 1 0 0 0 1 0 0 0</i>
                <i>1 0 0 0 1 0 0 0 1 0 0 0</i>
                <i>1 0 0 0 1 0 0 0 1 0 0 0</i>
                <i>1 0 0 0 1 0 0 0 1 0 0 0</i>
                <i>1 0 0 0 1 0 0 0 1 0 0 0</i>
                <i>1 0 0 0 1 0 0 0 1 0 0 0</i>
                <i>1 0 0 0 1 0 0 0 1 0 0 0</i>
                <i>1 0 0 0 1 0 0 0 1 0 0 0</i>
                <i>1 0 0 0 1 0 0 0 1 0 0 0</i>
                <i>1 0 0 0 1 0 0 0 1 0 0 0</i>
                <i>1 0 0 0 1 0 0 0 1 0 0 0</i>
                <i>1 0 0 0 1 0 0 0 1 0 0 0</i>
                <i>1 0 0 0 1 0 0 0 1 0 0 0</i>
                <i>1 0 0 0 1 0 0 0 1 0 0 0</i>
                <i>1 0 0 0 1 0 0 0 1 0 0 0</i>
                <i>1 0 0 0 1 0 0 0 1 0 0 0</i>
                <i>1 0 0 0 1 0 0 0 1 0 0 0</i>
                <i>1 0 0 0 1 0 0 0 1 0 0 0</i>
                <i>1 0 0 0 1 0 0 0 1 0 0 0</i>
                <i>1 0 0 0 1 0 0 0 1 0 0 0</i>
                <i>1 0 0 0 1 0 0 0 1 0 0 0</i>
                <i>1 0 0 0 1 0 0 0 1 0 0 0</i>
                <i>1 0 0 0 1 0 0 0 1 0 0 0</i>
                <i>1 0 0 0 1 0 0 0 1 0 0 0</i>
                <i>1 0 0 0 1 0 0 0 1 0 0 0</i>
                <i>1 0 0 0 1 0 0 0 1 0 0 0</i>
                <i>1 0 0 0 1 0 0 0 1 0 0 0</i>
                <i>1 0 0 0 1 0 0 0 1 0 0 0</i>
                <i>1 0 0 0 1 0 0 0 1 0 0 0</i>
                <i>1 0 0 0 1 0 0 0 1 0 0 0</i>
            </KeyFrames>
        </RefFrame>
        <Bones count="23">
            <i>
                <p>
                    <Name><![CDATA[pelvis]]></Name>
                    <Exclude>0</Exclude>
                    <Additive>0</Additive>
                    <IKPriority>0</IKPriority>
                    <IKRotLimits>-1e+010 -1e+010 -1e+010 1e+010 1e+010 1e+010</IKRotLimits>
                    <IKRotLimitOrder>2</IKRotLimitOrder>
                    <KeyFrames count="121">
                        <i>1 0 0 0 1 0 0 0 1 0.72 2.24 3.95</i>
                        <i>1 0 0 0 1 0 0 0 1 0.72 2.24 3.95</i>
                        <i>1 0 0 0 1 0 0 0 1 0.72 2.24 3.95</i>
                        <i>1 0 0 0 1 0 0 0 1 0.72 2.24 3.95</i>
                        <i>1 0 0 0 1 0 0 0 1 0.72 2.24 3.95</i>
                        <i>1 0 0 0 1 0 0 0 1 0.72 2.24 3.95</i>
                        <i>1 0 0 0 1 0 0 0 1 0.72 2.24 3.95</i>
                        <i>1 0 0 0 1 0 0 0 1 0.72 2.24 3.95</i>
                        <i>1 0 0 0 1 0 0 0 1 0.72 2.24 3.95</i>
                        <i>1 0 0 0 1 0 0 0 1 0.72 2.24 3.95</i>
                        <i>1 0 0 0 1 0 0 0 1 0.72 2.24 3.95</i>
                        <i>1 0 0 0 1 0 0 0 1 0.72 2.24 3.95</i>
                        <i>1 0 0 0 1 0 0 0 1 0.72 2.24 3.95</i>
                        <i>1 0 0 0 1 0 0 0 1 0.72 2.24 3.95</i>
                        <i>1 0 0 0 1 0 0 0 1 0.72 2.24 3.95</i>
                        <i>1 0 0 0 1 0 0 0 1 0.72 2.24 3.95</i>
                        <i>1 0 0 0 1 0 0 0 1 0.72 2.24 3.95</i>
                        <i>1 0 0 0 1 0 0 0 1 0.72 2.24 3.95</i>
                        <i>1 0 0 0 1 0 0 0 1 0.72 2.24 3.95</i>
                        <i>1 0 0 0 1 0 0 0 1 0.72 2.24 3.95</i>
                        <i>1 0 0 0 1 0 0 0 1 0.72 2.24 3.95</i>
                        <i>1 0 0 0 1 0 0 0 1 0.72 2.24 3.95</i>
                        <i>1 0 0 0 1 0 0 0 1 0.72 2.24 3.95</i>
                        <i>1 0 0 0 1 0 0 0 1 0.72 2.24 3.95</i>
                        <i>1 0 0 0 1 0 0 0 1 0.72 2.24 3.95</i>
                        <i>1 0 0 0 1 0 0 0 1 0.72 2.24 3.95</i>
                        <i>1 0 0 0 1 0 0 0 1 0.72 2.24 3.95</i>
                        <i>1 0 0 0 1 0 0 0 1 0.72 2.24 3.95</i>
                        <i>1 0 0 0 1 0 0 0 1 0.72 2.24 3.95</i>
                        <i>1 0 0 0 1 0 0 0 1 0.72 2.24 3.95</i>
                        <i>1 0 0 0 1 0 0 0 1 0.72 2.24 3.95</i>
                        <i>1 0 0 0 1 0 0 0 1 0.72 2.24 3.95</i>
                        <i>1 0 0 0 1 0 0 0 1 0.72 2.24 3.95</i>
                        <i>1 0 0 0 1 0 0 0 1 0.72 2.24 3.95</i>
                        <i>1 0 0 0 1 0 0 0 1 0.72 2.24 3.95</i>
                        <i>1 0 0 0 1 0 0 0 1 0.72 2.24 3.95</i>
                        <i>1 0 0 0 1 0 0 0 1 0.72 2.24 3.95</i>
                        <i>1 0 0 0 1 0 0 0 1 0.72 2.24 3.95</i>
                        <i>1 0 0 0 1 0 0 0 1 0.72 2.24 3.95</i>
                        <i>1 0 0 0 1 0 0 0 1 0.72 2.24 3.95</i>
                        <i>1 0 0 0 1 0 0 0 1 0.72 2.24 3.95</i>
                        <i>1 0 0 0 1 0 0 0 1 0.72 2.24 3.95</i>
                        <i>1 0 0 0 1 0 0 0 1 0.72 2.24 3.95</i>
                        <i>1 0 0 0 1 0 0 0 1 0.72 2.24 3.95</i>
                        <i>1 0 0 0 1 0 0 0 1 0.72 2.24 3.95</i>
                        <i>1 0 0 0 1 0 0 0 1 0.72 2.24 3.95</i>
                        <i>1 0 0 0 1 0 0 0 1 0.72 2.24 3.95</i>
                        <i>1 0 0 0 1 0 0 0 1 0.72 2.24 3.95</i>
                        <i>1 0 0 0 1 0 0 0 1 0.72 2.24 3.95</i>
                        <i>1 0 0 0 1 0 0 0 1 0.72 2.24 3.95</i>
                        <i>1 0 0 0 1 0 0 0 1 0.72 2.24 3.95</i>
                        <i>1 0 0 0 1 0 0 0 1 0.72 2.24 3.95</i>
                        <i>1 0 0 0 1 0 0 0 1 0.72 2.24 3.95</i>
                        <i>1 0 0 0 1 0 0 0 1 0.72 2.24 3.95</i>
                        <i>1 0 0 0 1 0 0 0 1 0.72 2.24 3.95</i>
                        <i>1 0 0 0 1 0 0 0 1 0.72 2.24 3.95</i>
                        <i>1 0 0 0 1 0 0 0 1 0.72 2.24 3.95</i>
                        <i>1 0 0 0 1 0 0 0 1 0.72 2.24 3.95</i>
                        <i>1 0 0 0 1 0 0 0 1 0.72 2.24 3.95</i>
                        <i>1 0 0 0 1 0 0 0 1 0.72 2.24 3.95</i>
                        <i>1 0 0 0 1 0 0 0 1 0.72 2.25744 3.95</i>
                        <i>1 0 0 0 1 0 0 0 1 0.72 2.27712 3.95</i>
                        <i>1 0 0 0 1 0 0 0 1 0.72 2.29808 3.95</i>
                        <i>1 0 0 0 1 0 0 0 1 0.72 2.31936 3.95</i>
                        <i>1 0 0 0 1 0 0 0 1 0.72 2.34 3.95</i>
                        <i>1 0 0 0 1 0 0 0 1 0.72 2.35904 3.95</i>
                        <i>1 0 0 0 1 0 0 0 1 0.72 2.37552 3.95</i>
                        <i>1 0 0 0 1 0 0 0 1 0.72 2.38848 3.95</i>
                        <i>1 0 0 0 1 0 0 0 1 0.72 2.39696 3.95</i>
                        <i>1 0 0 0 1 0 0 0 1 0.72 2.4 3.95</i>
                        <i>1 0 0 0 1 0 0 0 1 0.705295 2.4176 3.93966</i>
                        <i>1 0 0 0 1 0 0 0 1 0.66496 2.46 3.90995</i>
                        <i>1 0 0 0 1 0 0 0 1 0.604665 2.5116 3.86282</i>
                        <i>1 0 0 0 1 0 0 0 1 0.53008 2.5568 3.80024</i>
                        <i>1 0 0 0 1 0 0 0 1 0.446875 2.58 3.72417</i>
                        <i>1 0 0 0 1 0 0 0 1 0.36072 2.57283 3.63656</i>
                        <i>1 0 0 0 1 0 0 0 1 0.277285 2.54568 3.53938</i>
                        <i>1 0 0 0 1 0 0 0 1 0.20224 2.51112 3.43459</i>
                        <i>1 0 0 0 1 0 0 0 1 0.141255 2.48171 3.32414</i>
                        <i>1 0 0 0 1 0 0 0 1 0.1 2.47 3.21</i>
                        <i>1 0 0 0 1 0 0 0 1 0.074875 2.47571 3.09202</i>
                        <i>1 0 0 0 1 0 0 0 1 0.058 2.48875 2.96908</i>
                        <i>1 0 0 0 1 0 0 0 1 0.048625 2.50697 2.8417</i>
                        <i>1 0 0 0 1 0 0 0 1 0.046 2.52824 2.71037</i>
                        <i>1 0 0 0 1 0 0 0 1 0.049375 2.55042 2.57563</i>
                        <i>1 0 0 0 1 0 0 0 1 0.058 2.57136 2.43796</i>
                        <i>1 0 0 0 1 0 0 0 1 0.071125 2.58893 2.29789</i>
                        <i>1 0 0 0 1 0 0 0 1 0.088 2.60099 2.15592</i>
                        <i>1 0 0 0 1 0 0 0 1 0.107875 2.60539 2.01256</i>
                        <i>1 0 0 0 1 0 0 0 1 0.13 2.6 1.86833</i>
                        <i>1 0 0 0 1 0 0 0 1 0.152255 2.58354 1.72373</i>
                        <i>1 0 0 0 1 0 0 0 1 0.17424 2.55752 1.57928</i>
                        <i>1 0 0 0 1 0 0 0 1 0.197785 2.52398 1.43548</i>
                        <i>1 0 0 0 1 0 0 0 1 0.22472 2.48496 1.29284</i>
                        <i>1 0 0 0 1 0 0 0 1 0.256875 2.4425 1.15187</i>
                        <i>1 0 0 0 1 0 0 0 1 0.29608 2.39864 1.01309</i>
                        <i>1 0 0 0 1 0 0 0 1 0.344165 2.35542 0.877005</i>
                        <i>1 0 0 0 1 0 0 0 1 0.40296 2.31488 0.74412</i>
                        <i>1 0 0 0 1 0 0 0 1 0.474295 2.27906 0.614948</i>
                        <i>1 0 0 0 1 0 0 0 1 0.56 2.25 0.49</i>
                        <i>1 0 0 0 1 0 0 0 1 0.665975 2.22651 0.3691</i>
                        <i>1 0 0 0 1 0 0 0 1 0.793601 2.20581 0.252133</i>
                        <i>1 0 0 0 1 0 0 0 1 0.937925 2.18757 0.1397</i>
                        <i>1 0 0 0 1 0 0 0 1 1.094 2.17144 0.0323998</i>
                        <i>1 0 0 0 1 0 0 0 1 1.25687 2.15708 -0.0691667</i>
                        <i>1 0 0 0 1 0 0 0 1 1.4216 2.14416 -0.1644</i>
                        <i>1 0 0 0 1 0 0 0 1 1.58322 2.13233 -0.2527</i>
                        <i>1 0 0 0 1 0 0 0 1 1.7368 2.12125 -0.333466</i>
                        <i>1 0 0 0 1 0 0 0 1 1.87738 2.11059 -0.4061</i>
                        <i>1 0 0 0 1 0 0 0 1 2 2.1 -0.47</i>
                        <i>1 0 0 0 1 0 0 0 1 2.09664 2.09213 -0.500693</i>
                        <i>1 0 0 0 1 0 0 0 1 2.16512 2.0888 -0.48808</i>
                        <i>1 0 0 0 1 0 0 0 1 2.20928 2.0884 -0.45312</i>
                        <i>1 0 0 0 1 0 0 0 1 2.23296 2.08933 -0.416773</i>
                        <i>1 0 0 0 1 0 0 0 1 2.24 2.09 -0.4</i>
                        <i>1 0 0 0 1 0 0 0 1 2.24 2.09667 -0.394815</i>
                        <i>1 0 0 0 1 0 0 0 1 2.24 2.11333 -0.381852</i>
                        <i>1 0 0 0 1 0 0 0 1 2.24 2.135 -0.365</i>
                        <i>1 0 0 0 1 0 0 0 1 2.24 2.15667 -0.348148</i>
                        <i>1 0 0 0 1 0 0 0 1 2.24 2.17333 -0.335185</i>
                        <i>1 0 0 0 1 0 0 0 1 2.24 2.18 -0.33</i>
                    </KeyFrames>
                </p>
            </i>
            <i>
                <p>
                    <Name><![CDATA[spine0]]></Name>
                    <Exclude>0</Exclude>
                    <Additive>0</Additive>
                    <IKPriority>0</IKPriority>
                    <IKRotLimits>-1e+010 -1e+010 -1e+010 1e+010 1e+010 1e+010</IKRotLimits>
                    <IKRotLimitOrder>0</IKRotLimitOrder>
                    <KeyFrames count="121">
                        <i>0.00145309 0.999098 0.0424276 -0.999608 0.0026378 -0.0278805 -0.0279673 -0.0423704 0.99871 0.715605 2.36408 3.87733</i>
                        <i>0.00145309 0.999098 0.0424276 -0.999608 0.0026378 -0.0278805 -0.0279673 -0.0423704 0.99871 0.715605 2.36408 3.87733</i>
                        <i>0.00145309 0.999098 0.0424276 -0.999608 0.0026378 -0.0278805 -0.0279673 -0.0423704 0.99871 0.715605 2.36408 3.87733</i>
                        <i>0.00145309 0.999098 0.0424276 -0.999608 0.0026378 -0.0278805 -0.0279673 -0.0423704 0.99871 0.715605 2.36408 3.87733</i>
                        <i>0.00145309 0.999098 0.0424276 -0.999608 0.0026378 -0.0278805 -0.0279673 -0.0423704 0.99871 0.715605 2.36408 3.87733</i>
                        <i>0.00145309 0.999098 0.0424276 -0.999608 0.0026378 -0.0278805 -0.0279673 -0.0423704 0.99871 0.715605 2.36408 3.87733</i>
                        <i>0.00145309 0.999098 0.0424276 -0.999608 0.0026378 -0.0278805 -0.0279673 -0.0423704 0.99871 0.715605 2.36408 3.87733</i>
                        <i>0.00145309 0.999098 0.0424276 -0.999608 0.0026378 -0.0278805 -0.0279673 -0.0423704 0.99871 0.715605 2.36408 3.87733</i>
                        <i>0.00145309 0.999098 0.0424276 -0.999608 0.0026378 -0.0278805 -0.0279673 -0.0423704 0.99871 0.715605 2.36408 3.87733</i>
                        <i>0.00145309 0.999098 0.0424276 -0.999608 0.0026378 -0.0278805 -0.0279673 -0.0423704 0.99871 0.715605 2.36408 3.87733</i>
                        <i>0.00145309 0.999098 0.0424276 -0.999608 0.0026378 -0.0278805 -0.0279673 -0.0423704 0.99871 0.715605 2.36408 3.87733</i>
                        <i>0.00145309 0.999098 0.0424276 -0.999608 0.0026378 -0.0278805 -0.0279673 -0.0423704 0.99871 0.715605 2.36408 3.87733</i>
                        <i>0.00145309 0.999098 0.0424276 -0.999608 0.0026378 -0.0278805 -0.0279673 -0.0423704 0.99871 0.715605 2.36408 3.87733</i>
                        <i>0.00145309 0.999098 0.0424276 -0.999608 0.0026378 -0.0278805 -0.0279673 -0.0423704 0.99871 0.715605 2.36408 3.87733</i>
                        <i>0.00145309 0.999098 0.0424276 -0.999608 0.0026378 -0.0278805 -0.0279673 -0.0423704 0.99871 0.715605 2.36408 3.87733</i>
                        <i>0.00145309 0.999098 0.0424276 -0.999608 0.0026378 -0.0278805 -0.0279673 -0.0423704 0.99871 0.715605 2.36408 3.87733</i>
                        <i>0.00145309 0.999098 0.0424276 -0.999608 0.0026378 -0.0278805 -0.0279673 -0.0423704 0.99871 0.715605 2.36408 3.87733</i>
                        <i>0.00145309 0.999098 0.0424276 -0.999608 0.0026378 -0.0278805 -0.0279673 -0.0423704 0.99871 0.715605 2.36408 3.87733</i>
                        <i>0.00145309 0.999098 0.0424276 -0.999608 0.0026378 -0.0278805 -0.0279673 -0.0423704 0.99871 0.715605 2.36408 3.87733</i>
                        <i>0.00145309 0.999098 0.0424276 -0.999608 0.0026378 -0.0278805 -0.0279673 -0.0423704 0.99871 0.715605 2.36408 3.87733</i>
                        <i>0.00145309 0.999098 0.0424276 -0.999608 0.0026378 -0.0278805 -0.0279673 -0.0423704 0.99871 0.715605 2.36408 3.87733</i>
                        <i>0.00145309 0.999098 0.0424276 -0.999608 0.0026378 -0.0278805 -0.0279673 -0.0423704 0.99871 0.715605 2.36408 3.87733</i>
                        <i>0.00145309 0.999098 0.0424276 -0.999608 0.0026378 -0.0278805 -0.0279673 -0.0423704 0.99871 0.715605 2.36408 3.87733</i>
                        <i>0.00145309 0.999098 0.0424276 -0.999608 0.0026378 -0.0278805 -0.0279673 -0.0423704 0.99871 0.715605 2.36408 3.87733</i>
                        <i>0.00145309 0.999098 0.0424276 -0.999608 0.0026378 -0.0278805 -0.0279673 -0.0423704 0.99871 0.715605 2.36408 3.87733</i>
                        <i>0.00145309 0.999098 0.0424276 -0.999608 0.0026378 -0.0278805 -0.0279673 -0.0423704 0.99871 0.715605 2.36408 3.87733</i>
                        <i>0.00145309 0.999098 0.0424276 -0.999608 0.0026378 -0.0278805 -0.0279673 -0.0423704 0.99871 0.715605 2.36408 3.87733</i>
                        <i>0.00145309 0.999098 0.0424276 -0.999608 0.0026378 -0.0278805 -0.0279673 -0.0423704 0.99871 0.715605 2.36408 3.87733</i>
                        <i>0.00145309 0.999098 0.0424276 -0.999608 0.0026378 -0.0278805 -0.0279673 -0.0423704 0.99871 0.715605 2.36408 3.87733</i>
                        <i>0.00145309 0.999098 0.0424276 -0.999608 0.0026378 -0.0278805 -0.0279673 -0.0423704 0.99871 0.715605 2.36408 3.87733</i>
                        <i>0.00145309 0.999098 0.0424276 -0.999608 0.0026378 -0.0278805 -0.0279673 -0.0423704 0.99871 0.715605 2.36408 3.87733</i>
                        <i>0.00145309 0.999098 0.0424276 -0.999608 0.0026378 -0.0278805 -0.0279673 -0.0423704 0.99871 0.715605 2.36408 3.87733</i>
                        <i>0.00145309 0.999098 0.0424276 -0.999608 0.0026378 -0.0278805 -0.0279673 -0.0423704 0.99871 0.715605 2.36408 3.87733</i>
                        <i>0.00145309 0.999098 0.0424276 -0.999608 0.0026378 -0.0278805 -0.0279673 -0.0423704 0.99871 0.715605 2.36408 3.87733</i>
                        <i>0.00145309 0.999098 0.0424276 -0.999608 0.0026378 -0.0278805 -0.0279673 -0.0423704 0.99871 0.715605 2.36408 3.87733</i>
                        <i>0.00145309 0.999098 0.0424276 -0.999608 0.0026378 -0.0278805 -0.0279673 -0.0423704 0.99871 0.715605 2.36408 3.87733</i>
                        <i>0.00145309 0.999098 0.0424276 -0.999608 0.0026378 -0.0278805 -0.0279673 -0.0423704 0.99871 0.715605 2.36408 3.87733</i>
                        <i>0.00145309 0.999098 0.0424276 -0.999608 0.0026378 -0.0278805 -0.0279673 -0.0423704 0.99871 0.715605 2.36408 3.87733</i>
                        <i>0.00145309 0.999098 0.0424276 -0.999608 0.0026378 -0.0278805 -0.0279673 -0.0423704 0.99871 0.715605 2.36408 3.87733</i>
                        <i>0.00145309 0.999098 0.0424276 -0.999608 0.0026378 -0.0278805 -0.0279673 -0.0423704 0.99871 0.715605 2.36408 3.87733</i>
                        <i>0.00145309 0.999098 0.0424276 -0.999608 0.0026378 -0.0278805 -0.0279673 -0.0423704 0.99871 0.715605 2.36408 3.87733</i>
                        <i>0.00145309 0.999098 0.0424276 -0.999608 0.0026378 -0.0278805 -0.0279673 -0.0423704 0.99871 0.715605 2.36408 3.87733</i>
                        <i>0.00145309 0.999098 0.0424276 -0.999608 0.0026378 -0.0278805 -0.0279673 -0.0423704 0.99871 0.715605 2.36408 3.87733</i>
                        <i>0.00145309 0.999098 0.0424276 -0.999608 0.0026378 -0.0278805 -0.0279673 -0.0423704 0.99871 0.715605 2.36408 3.87733</i>
                        <i>0.00145309 0.999098 0.0424276 -0.999608 0.0026378 -0.0278805 -0.0279673 -0.0423704 0.99871 0.715605 2.36408 3.87733</i>
                        <i>0.00145309 0.999098 0.0424276 -0.999608 0.0026378 -0.0278805 -0.0279673 -0.0423704 0.99871 0.715605 2.36408 3.87733</i>
                        <i>0.00145309 0.999098 0.0424276 -0.999608 0.0026378 -0.0278805 -0.0279673 -0.0423704 0.99871 0.715605 2.36408 3.87733</i>
                        <i>0.00145309 0.999098 0.0424276 -0.999608 0.0026378 -0.0278805 -0.0279673 -0.0423704 0.99871 0.715605 2.36408 3.87733</i>
                        <i>0.00145309 0.999098 0.0424276 -0.999608 0.0026378 -0.0278805 -0.0279673 -0.0423704 0.99871 0.715605 2.36408 3.87733</i>
                        <i>0.00145309 0.999098 0.0424276 -0.999608 0.0026378 -0.0278805 -0.0279673 -0.0423704 0.99871 0.715605 2.36408 3.87733</i>
                        <i>0.00145309 0.999098 0.0424276 -0.999608 0.0026378 -0.0278805 -0.0279673 -0.0423704 0.99871 0.715605 2.36408 3.87733</i>
                        <i>0.00145309 0.999098 0.0424276 -0.999608 0.0026378 -0.0278805 -0.0279673 -0.0423704 0.99871 0.715605 2.36408 3.87733</i>
                        <i>0.00145309 0.999098 0.0424276 -0.999608 0.0026378 -0.0278805 -0.0279673 -0.0423704 0.99871 0.715605 2.36408 3.87733</i>
                        <i>0.00145309 0.999098 0.0424276 -0.999608 0.0026378 -0.0278805 -0.0279673 -0.0423704 0.99871 0.715605 2.36408 3.87733</i>
                        <i>0.00145309 0.999098 0.0424276 -0.999608 0.0026378 -0.0278805 -0.0279673 -0.0423704 0.99871 0.715605 2.36408 3.87733</i>
                        <i>0.00145309 0.999098 0.0424276 -0.999608 0.0026378 -0.0278805 -0.0279673 -0.0423704 0.99871 0.715605 2.36408 3.87733</i>
                        <i>0.00145309 0.999098 0.0424276 -0.999608 0.0026378 -0.0278805 -0.0279673 -0.0423704 0.99871 0.715605 2.36408 3.87733</i>
                        <i>0.00145309 0.999098 0.0424276 -0.999608 0.0026378 -0.0278805 -0.0279673 -0.0423704 0.99871 0.715605 2.36408 3.87733</i>
                        <i>0.00145309 0.999098 0.0424276 -0.999608 0.0026378 -0.0278805 -0.0279673 -0.0423704 0.99871 0.715605 2.36408 3.87733</i>
                        <i>0.00145309 0.999098 0.0424276 -0.999608 0.0026378 -0.0278805 -0.0279673 -0.0423704 0.99871 0.715605 2.36408 3.87733</i>
                        <i>-0.013698 0.998177 0.0587862 -0.996816 -0.0090133 -0.0792281 -0.0785538 -0.0596842 0.995122 0.718192 2.3828 3.87944</i>
                        <i>-0.0324998 0.996532 0.0765964 -0.99032 -0.0217603 -0.137086 -0.134944 -0.0803102 0.987593 0.720813 2.40393 3.88207</i>
                        <i>-0.0544523 0.994018 0.0946699 -0.979509 -0.0347643 -0.198376 -0.193898 -0.103532 0.975543 0.72324 2.42644 3.88511</i>
                        <i>-0.0786993 0.990596 0.111919 -0.964455 -0.0472489 -0.259987 -0.252254 -0.128401 0.959104 0.725304 2.44928 3.88844</i>
                        <i>-0.10402 0.986377 0.127435 -0.945978 -0.0585601 -0.318897 -0.307091 -0.153722 0.939183 0.726906 2.47141 3.89186</i>
                        <i>-0.128875 0.981649 0.140557 -0.925608 -0.0682119 -0.372286 -0.355867 -0.178079 0.917413 0.728029 2.49179 3.89515</i>
                        <i>-0.151484 0.976874 0.150896 -0.905452 -0.075902 -0.417607 -0.396496 -0.199889 0.896011 0.728722 2.5094 3.89808</i>
                        <i>-0.169941 0.972655 0.158308 -0.887991 -0.0814863 -0.452583 -0.427307 -0.217489 0.877557 0.729083 2.52322 3.90043</i>
                        <i>-0.182324 0.969668 0.162797 -0.875814 -0.0849088 -0.475122 -0.446888 -0.229206 0.864729 0.729232 2.53225 3.90198</i>
                        <i>-0.18682 0.968552 0.164334 -0.871305 -0.0860898 -0.483131 -0.45379 -0.233443 0.859987 0.729269 2.53549 3.90253</i>
                        <i>-0.214831 0.967973 0.129907 -0.838373 -0.114546 -0.532926 -0.500978 -0.2234 0.83613 0.714282 2.55183 3.8887</i>
                        <i>-0.267388 0.962255 0.0506822 -0.738519 -0.170864 -0.652224 -0.618946 -0.211827 0.75633 0.676279 2.59145 3.8526</i>
                        <i>-0.301281 0.953011 -0.0316243 -0.575592 -0.208207 -0.790787 -0.760213 -0.220047 0.611274 0.624136 2.64108 3.80322</i>
                        <i>-0.30285 0.949636 -0.0804609 -0.377925 -0.19717 -0.904598 -0.874902 -0.243549 0.418604 0.561531 2.68692 3.74756</i>
                        <i>-0.286334 0.954161 -0.0871139 -0.189337 -0.145476 -0.971076 -0.939236 -0.261559 0.222313 0.489051 2.71246 3.68713</i>
                        <i>-0.261611 0.962592 -0.0705391 0.00265665 -0.072366 -0.997375 -0.96517 -0.261112 0.0163745 0.410775 2.70704 3.62324</i>
                        <i>-0.232924 0.970578 -0.0610244 0.224372 -0.00742358 -0.974475 -0.946258 -0.240671 -0.216041 0.329643 2.67883 3.5544</i>
                        <i>-0.201663 0.976047 -0.0816316 0.441167 0.0161065 -0.89728 -0.874473 -0.216962 -0.433848 0.249058 2.64142 3.47365</i>
                        <i>-0.165949 0.977541 -0.129905 0.614925 -0.000404077 -0.788586 -0.770927 -0.210746 -0.601047 0.177792 2.6102 3.37753</i>
                        <i>-0.137479 0.973822 -0.181028 0.725315 -0.025489 -0.687945 -0.67455 -0.22588 -0.702823 0.126769 2.59874 3.26836</i>
                        <i>-0.123966 0.966512 -0.224694 0.792015 -0.0400389 -0.609187 -0.597783 -0.253479 -0.760528 0.0939683 2.60579 3.15043</i>
                        <i>-0.115262 0.955806 -0.270461 0.841012 -0.0509894 -0.538609 -0.528596 -0.289542 -0.797967 0.0704456 2.62061 3.02523</i>
                        <i>-0.110196 0.942097 -0.316717 0.87738 -0.0575105 -0.476337 -0.46697 -0.330371 -0.82024 0.0555 2.64078 2.89408</i>
                        <i>-0.107368 0.925959 -0.362039 0.905029 -0.0597181 -0.421136 -0.411575 -0.372872 -0.831608 0.0482888 2.66394 2.75808</i>
                        <i>-0.105023 0.908171 -0.40521 0.926845 -0.0583025 -0.370891 -0.360457 -0.414519 -0.83561 0.0479301 2.68783 2.61819</i>
                        <i>-0.101012 0.889724 -0.445184 0.944872 -0.0542964 -0.322906 -0.311469 -0.453259 -0.83519 0.0535599 2.71023 2.47527</i>
                        <i>-0.0928458 0.87179 -0.481001 0.960457 -0.0489395 -0.274093 -0.262492 -0.48743 -0.832773 0.0643556 2.72898 2.33007</i>
                        <i>-0.0778067 0.855665 -0.511648 0.974281 -0.0436025 -0.221079 -0.211479 -0.51569 -0.830265 0.0795369 2.74196 2.18332</i>
                        <i>-0.0531289 0.842651 -0.535833 0.98627 -0.0397403 -0.160286 -0.15636 -0.536992 -0.82897 0.0983499 2.74706 2.03572</i>
                        <i>-0.0162526 0.833884 -0.5517 0.995359 -0.0388459 -0.0880373 -0.0948442 -0.550571 -0.829383 0.120037 2.74217 1.88794</i>
                        <i>0.0271039 0.830004 -0.557098 0.999158 -0.0396709 -0.0104936 -0.0308103 -0.556344 -0.83038 0.142333 2.72604 1.74085</i>
                        <i>0.0693046 0.830834 -0.552188 0.997091 -0.0400855 0.0648304 0.0317286 -0.555074 -0.831195 0.164531 2.70017 1.59514</i>
                        <i>0.109907 0.835793 -0.537932 0.989395 -0.0402887 0.13955 0.0949619 -0.547565 -0.831357 0.188251 2.66667 1.45116</i>
                        <i>0.148665 0.844045 -0.515253 0.975729 -0.0404836 0.215208 0.160786 -0.534741 -0.829578 0.215176 2.62757 1.30918</i>
                        <i>0.185429 0.85458 -0.485087 0.955179 -0.0408266 0.293201 0.230759 -0.517712 -0.823847 0.247041 2.58494 1.16949</i>
                        <i>0.220109 0.866284 -0.448447 0.926233 -0.041384 0.374674 0.306015 -0.497836 -0.811489 0.285622 2.54083 1.03231</i>
                        <i>0.252705 0.878009 -0.406498 0.886735 -0.0420806 0.46036 0.387094 -0.476792 -0.789195 0.332741 2.4973 0.897873</i>
                        <i>0.2834 0.888635 -0.360573 0.833851 -0.0426217 0.550342 0.473685 -0.456631 -0.753067 0.390277 2.45644 0.766376</i>
                        <i>0.312698 0.897104 -0.312129 0.764094 -0.0423692 0.643712 0.564252 -0.439783 -0.698721 0.46019 2.42036 0.638009</i>
                        <i>0.34159 0.902422 -0.262585 0.673483 -0.0401562 0.738111 0.655543 -0.428978 -0.621482 0.544545 2.39117 0.512973</i>
                        <i>0.368202 0.903934 -0.217554 0.556307 -0.0267099 0.830548 0.74495 -0.426836 -0.512699 0.649321 2.36772 0.391003</i>
                        <i>0.39256 0.902006 -0.179671 0.409992 0.0032463 0.912084 0.823288 -0.431711 -0.368541 0.775783 2.34719 0.271908</i>
                        <i>0.416662 0.897635 -0.14368 0.238262 0.0446944 0.970172 0.877282 -0.438467 -0.19525 0.919114 2.32925 0.156061</i>
                        <i>0.437719 0.893283 -0.102218 0.0485618 0.090034 0.994754 0.8978 -0.440386 -0.00396987 1.0746 2.31352 0.0439154</i>
                        <i>0.446525 0.893426 -0.0490374 -0.149892 0.128719 0.980288 0.882127 -0.430373 0.191394 1.23758 2.29955 -0.0639267</i>
                        <i>0.43058 0.902542 0.00429682 -0.344982 0.160179 0.924841 0.834019 -0.3997 0.380331 1.40337 2.28684 -0.166682</i>
                        <i>0.394793 0.917957 0.0386423 -0.522674 0.189803 0.831136 0.755613 -0.348324 0.554725 1.56717 2.27489 -0.263392</i>
                        <i>0.35212 0.934538 0.0514717 -0.67297 0.214578 0.707862 0.650479 -0.283891 0.704473 1.72398 2.26321 -0.352972</i>
                        <i>0.312908 0.94853 0.0487744 -0.790193 0.231496 0.567454 0.526956 -0.216102 0.821959 1.86859 2.25139 -0.4343</i>
                        <i>0.281979 0.958483 0.0424025 -0.873788 0.238308 0.423916 0.396211 -0.156586 0.904709 1.99555 2.23913 -0.506309</i>
                        <i>0.246507 0.968368 0.0386873 -0.931025 0.225538 0.286922 0.269121 -0.106747 0.957172 2.09482 2.22899 -0.544991</i>
                        <i>0.199564 0.97925 0.0352757 -0.967546 0.191229 0.165183 0.15501 -0.0670955 0.985632 2.16385 2.22287 -0.540229</i>
                        <i>0.151234 0.987944 0.033102 -0.986459 0.148687 0.0692186 0.0634622 -0.043122 0.997052 2.20776 2.21969 -0.511912</i>
                        <i>0.112996 0.993064 0.0324859 -0.99359 0.112826 0.00704199 0.00332789 -0.0330734 0.999447 2.231 2.21849 -0.480108</i>
                        <i>0.0973739 0.994712 0.0326697 -0.995083 0.097903 -0.0150034 -0.0181225 -0.0310481 0.999354 2.23778 2.21831 -0.465026</i>
                        <i>0.0973739 0.994712 0.0326697 -0.995083 0.097903 -0.0150034 -0.0181225 -0.0310481 0.999354 2.23778 2.22497 -0.459841</i>
                        <i>0.0973739 0.994712 0.0326697 -0.995083 0.097903 -0.0150034 -0.0181225 -0.0310481 0.999354 2.23778 2.24164 -0.446878</i>
                        <i>0.0973739 0.994712 0.0326697 -0.995083 0.097903 -0.0150034 -0.0181225 -0.0310481 0.999354 2.23778 2.26331 -0.430026</i>
                        <i>0.0973739 0.994712 0.0326697 -0.995083 0.097903 -0.0150034 -0.0181225 -0.0310481 0.999354 2.23778 2.28497 -0.413175</i>
                        <i>0.0973739 0.994712 0.0326697 -0.995083 0.097903 -0.0150034 -0.0181225 -0.0310481 0.999354 2.23778 2.30164 -0.400212</i>
                        <i>0.0973739 0.994712 0.0326697 -0.995083 0.097903 -0.0150034 -0.0181225 -0.0310481 0.999354 2.23778 2.30831 -0.395027</i>
                    </KeyFrames>
                </p>
            </i>
            <i>
                <p>
                    <Name><![CDATA[spine1]]></Name>
                    <Exclude>0</Exclude>
                    <Additive>0</Additive>
                    <IKPriority>0</IKPriority>
                    <IKRotLimits>-1e+010 -1e+010 -1e+010 1e+010 1e+010 1e+010</IKRotLimits>
                    <IKRotLimitOrder>0</IKRotLimitOrder>
                    <KeyFrames count="121">
                        <i>0.0418276 0.906029 0.421144 -0.993255 0.0833316 -0.0806265 -0.108145 -0.414931 0.903403 0.715871 2.546 3.88499</i>
                        <i>0.0418276 0.906029 0.421144 -0.993255 0.0833316 -0.0806265 -0.108145 -0.414931 0.903403 0.715871 2.546 3.88499</i>
                        <i>0.0418276 0.906029 0.421144 -0.993255 0.0833316 -0.0806265 -0.108145 -0.414931 0.903403 0.715871 2.546 3.88499</i>
                        <i>0.0418276 0.906029 0.421144 -0.993255 0.0833316 -0.0806265 -0.108145 -0.414931 0.903403 0.715871 2.546 3.88499</i>
                        <i>0.0418276 0.906029 0.421144 -0.993255 0.0833316 -0.0806265 -0.108145 -0.414931 0.903403 0.715871 2.546 3.88499</i>
                        <i>0.0418276 0.906029 0.421144 -0.993255 0.0833316 -0.0806265 -0.108145 -0.414931 0.903403 0.715871 2.546 3.88499</i>
                        <i>0.0418276 0.906029 0.421144 -0.993255 0.0833316 -0.0806265 -0.108145 -0.414931 0.903403 0.715871 2.546 3.88499</i>
                        <i>0.0418276 0.906029 0.421144 -0.993255 0.0833316 -0.0806265 -0.108145 -0.414931 0.903403 0.715871 2.546 3.88499</i>
                        <i>0.0418276 0.906029 0.421144 -0.993255 0.0833316 -0.0806265 -0.108145 -0.414931 0.903403 0.715871 2.546 3.88499</i>
                        <i>0.0418276 0.906029 0.421144 -0.993255 0.0833316 -0.0806265 -0.108145 -0.414931 0.903403 0.715871 2.546 3.88499</i>
                        <i>0.0418276 0.906029 0.421144 -0.993255 0.0833316 -0.0806265 -0.108145 -0.414931 0.903403 0.715871 2.546 3.88499</i>
                        <i>0.0418276 0.906029 0.421144 -0.993255 0.0833316 -0.0806265 -0.108145 -0.414931 0.903403 0.715871 2.546 3.88499</i>
                        <i>0.0418276 0.906029 0.421144 -0.993255 0.0833316 -0.0806265 -0.108145 -0.414931 0.903403 0.715871 2.546 3.88499</i>
                        <i>0.0418276 0.906029 0.421144 -0.993255 0.0833316 -0.0806265 -0.108145 -0.414931 0.903403 0.715871 2.546 3.88499</i>
                        <i>0.0418276 0.906029 0.421144 -0.993255 0.0833316 -0.0806265 -0.108145 -0.414931 0.903403 0.715871 2.546 3.88499</i>
                        <i>0.0418276 0.906029 0.421144 -0.993255 0.0833316 -0.0806265 -0.108145 -0.414931 0.903403 0.715871 2.546 3.88499</i>
                        <i>0.0418276 0.906029 0.421144 -0.993255 0.0833316 -0.0806265 -0.108145 -0.414931 0.903403 0.715871 2.546 3.88499</i>
                        <i>0.0418276 0.906029 0.421144 -0.993255 0.0833316 -0.0806265 -0.108145 -0.414931 0.903403 0.715871 2.546 3.88499</i>
                        <i>0.0418276 0.906029 0.421144 -0.993255 0.0833316 -0.0806265 -0.108145 -0.414931 0.903403 0.715871 2.546 3.88499</i>
                        <i>0.0418276 0.906029 0.421144 -0.993255 0.0833316 -0.0806265 -0.108145 -0.414931 0.903403 0.715871 2.546 3.88499</i>
                        <i>0.0418276 0.906029 0.421144 -0.993255 0.0833316 -0.0806265 -0.108145 -0.414931 0.903403 0.715871 2.546 3.88499</i>
                        <i>0.0418276 0.906029 0.421144 -0.993255 0.0833316 -0.0806265 -0.108145 -0.414931 0.903403 0.715871 2.546 3.88499</i>
                        <i>0.0418276 0.906029 0.421144 -0.993255 0.0833316 -0.0806265 -0.108145 -0.414931 0.903403 0.715871 2.546 3.88499</i>
                        <i>0.0418276 0.906029 0.421144 -0.993255 0.0833316 -0.0806265 -0.108145 -0.414931 0.903403 0.715871 2.546 3.88499</i>
                        <i>0.0418276 0.906029 0.421144 -0.993255 0.0833316 -0.0806265 -0.108145 -0.414931 0.903403 0.715871 2.546 3.88499</i>
                        <i>0.0418276 0.906029 0.421144 -0.993255 0.0833316 -0.0806265 -0.108145 -0.414931 0.903403 0.715871 2.546 3.88499</i>
                        <i>0.0418276 0.906029 0.421144 -0.993255 0.0833316 -0.0806265 -0.108145 -0.414931 0.903403 0.715871 2.546 3.88499</i>
                        <i>0.0418276 0.906029 0.421144 -0.993255 0.0833316 -0.0806265 -0.108145 -0.414931 0.903403 0.715871 2.546 3.88499</i>
                        <i>0.0418276 0.906029 0.421144 -0.993255 0.0833316 -0.0806265 -0.108145 -0.414931 0.903403 0.715871 2.546 3.88499</i>
                        <i>0.0418276 0.906029 0.421144 -0.993255 0.0833316 -0.0806265 -0.108145 -0.414931 0.903403 0.715871 2.546 3.88499</i>
                        <i>0.0418276 0.906029 0.421144 -0.993255 0.0833316 -0.0806265 -0.108145 -0.414931 0.903403 0.715871 2.546 3.88499</i>
                        <i>0.0418276 0.906029 0.421144 -0.993255 0.0833316 -0.0806265 -0.108145 -0.414931 0.903403 0.715871 2.546 3.88499</i>
                        <i>0.0418276 0.906029 0.421144 -0.993255 0.0833316 -0.0806265 -0.108145 -0.414931 0.903403 0.715871 2.546 3.88499</i>
                        <i>0.0418276 0.906029 0.421144 -0.993255 0.0833316 -0.0806265 -0.108145 -0.414931 0.903403 0.715871 2.546 3.88499</i>
                        <i>0.0418276 0.906029 0.421144 -0.993255 0.0833316 -0.0806265 -0.108145 -0.414931 0.903403 0.715871 2.546 3.88499</i>
                        <i>0.0418276 0.906029 0.421144 -0.993255 0.0833316 -0.0806265 -0.108145 -0.414931 0.903403 0.715871 2.546 3.88499</i>
                        <i>0.0418276 0.906029 0.421144 -0.993255 0.0833316 -0.0806265 -0.108145 -0.414931 0.903403 0.715871 2.546 3.88499</i>
                        <i>0.0418276 0.906029 0.421144 -0.993255 0.0833316 -0.0806265 -0.108145 -0.414931 0.903403 0.715871 2.546 3.88499</i>
                        <i>0.0418276 0.906029 0.421144 -0.993255 0.0833316 -0.0806265 -0.108145 -0.414931 0.903403 0.715871 2.546 3.88499</i>
                        <i>0.0418276 0.906029 0.421144 -0.993255 0.0833316 -0.0806265 -0.108145 -0.414931 0.903403 0.715871 2.546 3.88499</i>
                        <i>0.0418276 0.906029 0.421144 -0.993255 0.0833316 -0.0806265 -0.108145 -0.414931 0.903403 0.715871 2.546 3.88499</i>
                        <i>0.0418276 0.906029 0.421144 -0.993255 0.0833316 -0.0806265 -0.108145 -0.414931 0.903403 0.715871 2.546 3.88499</i>
                        <i>0.0418276 0.906029 0.421144 -0.993255 0.0833316 -0.0806265 -0.108145 -0.414931 0.903403 0.715871 2.546 3.88499</i>
                        <i>0.0418276 0.906029 0.421144 -0.993255 0.0833316 -0.0806265 -0.108145 -0.414931 0.903403 0.715871 2.546 3.88499</i>
                        <i>0.0418276 0.906029 0.421144 -0.993255 0.0833316 -0.0806265 -0.108145 -0.414931 0.903403 0.715871 2.546 3.88499</i>
