<?xml version="1.0" encoding="ISO-8859-1" ?>
<Animl Version="1">
    <ModellingPackage><![CDATA[Maya.2010]]></ModellingPackage>
    <SrcFile><![CDATA[anims\vehicles\red\~src\air\helicopter_mi24hind\heli_mi24hind_exit_crewman_a.mb]]></SrcFile>
    <FramesPerSecond>30</FramesPerSecond>
    <TotalFrames>61</TotalFrames>
    <Skeleton>
        <RefFrame>
            <Name><![CDATA[soldier_ref_frame]]></Name>
            <Exclude>0</Exclude>
            <Additive>0</Additive>
            <IKPriority>0</IKPriority>
            <IKRotLimits>-1e+010 -1e+010 -1e+010 1e+010 1e+010 1e+010</IKRotLimits>
            <IKRotLimitOrder>0</IKRotLimitOrder>
            <KeyFrames count="61">
                <i>1 0 0 0 1 0 0 0 1 1.9 0 4.73</i>
                <i>1 0 0 0 1 0 0 0 1 1.9 0 4.73</i>
                <i>1 0 0 0 1 0 0 0 1 1.9 0 4.73</i>
                <i>1 0 0 0 1 0 0 0 1 1.9 0 4.73</i>
                <i>1 0 0 0 1 0 0 0 1 1.9 0 4.73</i>
                <i>1 0 0 0 1 0 0 0 1 1.9 0 4.73</i>
                <i>1 0 0 0 1 0 0 0 1 1.9 0 4.73</i>
                <i>1 0 0 0 1 0 0 0 1 1.9 0 4.73</i>
                <i>1 0 0 0 1 0 0 0 1 1.9 0 4.73</i>
                <i>1 0 0 0 1 0 0 0 1 1.9 0 4.73</i>
                <i>1 0 0 0 1 0 0 0 1 1.9 0 4.73</i>
                <i>1 0 0 0 1 0 0 0 1 1.9 0 4.73</i>
                <i>1 0 0 0 1 0 0 0 1 1.9 0 4.73</i>
                <i>1 0 0 0 1 0 0 0 1 1.9 0 4.73</i>
                <i>1 0 0 0 1 0 0 0 1 1.9 0 4.73</i>
                <i>1 0 0 0 1 0 0 0 1 1.9 0 4.73</i>
                <i>1 0 0 0 1 0 0 0 1 1.9 0 4.73</i>
                <i>1 0 0 0 1 0 0 0 1 1.9 0 4.73</i>
                <i>1 0 0 0 1 0 0 0 1 1.9 0 4.73</i>
                <i>1 0 0 0 1 0 0 0 1 1.9 0 4.73</i>
                <i>1 0 0 0 1 0 0 0 1 1.9 0 4.73</i>
                <i>1 0 0 0 1 0 0 0 1 1.9 0 4.73</i>
                <i>1 0 0 0 1 0 0 0 1 1.9 0 4.73</i>
                <i>1 0 0 0 1 0 0 0 1 1.9 0 4.73</i>
                <i>1 0 0 0 1 0 0 0 1 1.9 0 4.73</i>
                <i>1 0 0 0 1 0 0 0 1 1.9 0 4.73</i>
                <i>1 0 0 0 1 0 0 0 1 1.9 0 4.73</i>
                <i>1 0 0 0 1 0 0 0 1 1.9 0 4.73</i>
                <i>1 0 0 0 1 0 0 0 1 1.9 0 4.73</i>
                <i>1 0 0 0 1 0 0 0 1 1.9 0 4.73</i>
                <i>1 0 0 0 1 0 0 0 1 1.9 0 4.73</i>
                <i>1 0 0 0 1 0 0 0 1 1.9 0 4.73</i>
                <i>1 0 0 0 1 0 0 0 1 1.9 0 4.73</i>
                <i>1 0 0 0 1 0 0 0 1 1.9 0 4.73</i>
                <i>1 0 0 0 1 0 0 0 1 1.9 0 4.73</i>
                <i>1 0 0 0 1 0 0 0 1 1.9 0 4.73</i>
                <i>1 0 0 0 1 0 0 0 1 1.9 0 4.73</i>
                <i>1 0 0 0 1 0 0 0 1 1.9 0 4.73</i>
                <i>1 0 0 0 1 0 0 0 1 1.9 0 4.73</i>
                <i>1 0 0 0 1 0 0 0 1 1.9 0 4.73</i>
                <i>1 0 0 0 1 0 0 0 1 1.9 0 4.73</i>
                <i>1 0 0 0 1 0 0 0 1 1.9 0 4.73</i>
                <i>1 0 0 0 1 0 0 0 1 1.9 0 4.73</i>
                <i>1 0 0 0 1 0 0 0 1 1.9 0 4.73</i>
                <i>1 0 0 0 1 0 0 0 1 1.9 0 4.73</i>
                <i>1 0 0 0 1 0 0 0 1 1.9 0 4.73</i>
                <i>1 0 0 0 1 0 0 0 1 1.9 0 4.73</i>
                <i>1 0 0 0 1 0 0 0 1 1.9 0 4.73</i>
                <i>1 0 0 0 1 0 0 0 1 1.9 0 4.73</i>
                <i>1 0 0 0 1 0 0 0 1 1.9 0 4.73</i>
                <i>1 0 0 0 1 0 0 0 1 1.9 0 4.73</i>
                <i>1 0 0 0 1 0 0 0 1 1.9 0 4.73</i>
                <i>1 0 0 0 1 0 0 0 1 1.9 0 4.73</i>
                <i>1 0 0 0 1 0 0 0 1 1.9 0 4.73</i>
                <i>1 0 0 0 1 0 0 0 1 1.9 0 4.73</i>
                <i>1 0 0 0 1 0 0 0 1 1.9 0 4.73</i>
                <i>1 0 0 0 1 0 0 0 1 1.9 0 4.73</i>
                <i>1 0 0 0 1 0 0 0 1 1.9 0 4.73</i>
                <i>1 0 0 0 1 0 0 0 1 1.9 0 4.73</i>
                <i>1 0 0 0 1 0 0 0 1 1.9 0 4.73</i>
                <i>1 0 0 0 1 0 0 0 1 1.9 0 4.73</i>
            </KeyFrames>
        </RefFrame>
        <Bones count="23">
            <i>
                <p>
                    <Name><![CDATA[pelvis]]></Name>
                    <Exclude>0</Exclude>
                    <Additive>0</Additive>
                    <IKPriority>0</IKPriority>
                    <IKRotLimits>-1e+010 -1e+010 -1e+010 1e+010 1e+010 1e+010</IKRotLimits>
                    <IKRotLimitOrder>2</IKRotLimitOrder>
                    <KeyFrames count="61">
                        <i>1 0 0 0 1 0 0 0 1 -0.02 2.49 7.53</i>
                        <i>1 0 0 0 1 0 0 0 1 -0.02 2.49 7.53</i>
                        <i>1 0 0 0 1 0 0 0 1 -0.02 2.49 7.53</i>
                        <i>1 0 0 0 1 0 0 0 1 -0.02 2.49 7.53</i>
                        <i>1 0 0 0 1 0 0 0 1 -0.02 2.49 7.53</i>
                        <i>1 0 0 0 1 0 0 0 1 -0.02 2.49 7.53</i>
                        <i>1 0 0 0 1 0 0 0 1 -0.02 2.49 7.53</i>
                        <i>1 0 0 0 1 0 0 0 1 -0.02 2.49 7.53</i>
                        <i>1 0 0 0 1 0 0 0 1 -0.02 2.49 7.53</i>
                        <i>1 0 0 0 1 0 0 0 1 -0.02 2.49 7.53</i>
                        <i>1 0 0 0 1 0 0 0 1 -0.02 2.49 7.53</i>
                        <i>1 0 0 0 1 0 0 0 1 -0.02 2.49 7.53</i>
                        <i>1 0 0 0 1 0 0 0 1 -0.02 2.49 7.53</i>
                        <i>1 0 0 0 1 0 0 0 1 -0.02 2.49 7.53</i>
                        <i>1 0 0 0 1 0 0 0 1 -0.02 2.49 7.53</i>
                        <i>1 0 0 0 1 0 0 0 1 -0.02 2.49 7.53</i>
                        <i>1 0 0 0 1 0 0 0 1 -0.02 2.49 7.53</i>
                        <i>1 0 0 0 1 0 0 0 1 -0.02 2.49 7.53</i>
                        <i>1 0 0 0 1 0 0 0 1 -0.02 2.49 7.53</i>
                        <i>1 0 0 0 1 0 0 0 1 -0.02 2.49 7.53</i>
                        <i>1 0 0 0 1 0 0 0 1 -0.02 2.49 7.53</i>
                        <i>1 0 0 0 1 0 0 0 1 -0.02 2.49 7.53</i>
                        <i>1 0 0 0 1 0 0 0 1 -0.02 2.49 7.53</i>
                        <i>1 0 0 0 1 0 0 0 1 -0.02 2.49 7.53</i>
                        <i>1 0 0 0 1 0 0 0 1 -0.02 2.49 7.53</i>
                        <i>1 0 0 0 1 0 0 0 1 -0.02 2.49 7.53</i>
                        <i>1 0 0 0 1 0 0 0 1 -0.025 2.4844 7.5271</i>
                        <i>1 0 0 0 1 0 0 0 1 -0.035 2.4732 7.5213</i>
                        <i>1 0 0 0 1 0 0 0 1 -0.0425 2.4648 7.51695</i>
                        <i>1 0 0 0 1 0 0 0 1 -0.04 2.4676 7.5184</i>
                        <i>1 0 0 0 1 0 0 0 1 -0.02 2.49 7.53</i>
                        <i>1 0 0 0 1 0 0 0 1 0.0148375 2.52908 7.55055</i>
                        <i>1 0 0 0 1 0 0 0 1 0.0559315 2.57525 7.57526</i>
                        <i>1 0 0 0 1 0 0 0 1 0.101905 2.62695 7.60315</i>
                        <i>1 0 0 0 1 0 0 0 1 0.151379 2.68259 7.63321</i>
                        <i>1 0 0 0 1 0 0 0 1 0.202976 2.7406 7.66442</i>
                        <i>1 0 0 0 1 0 0 0 1 0.255319 2.7994 7.6958</i>
                        <i>1 0 0 0 1 0 0 0 1 0.30703 2.85741 7.72634</i>
                        <i>1 0 0 0 1 0 0 0 1 0.356732 2.91305 7.75503</i>
                        <i>1 0 0 0 1 0 0 0 1 0.403045 2.96475 7.78087</i>
                        <i>1 0 0 0 1 0 0 0 1 0.444594 3.01092 7.80286</i>
                        <i>1 0 0 0 1 0 0 0 1 0.48 3.05 7.82</i>
                        <i>1 0 0 0 1 0 0 0 1 0.49792 3.074 7.82296</i>
                        <i>1 0 0 0 1 0 0 0 1 0.49591 3.08 7.80923</i>
                        <i>1 0 0 0 1 0 0 0 1 0.48594 3.074 7.78802</i>
                        <i>1 0 0 0 1 0 0 0 1 0.47998 3.062 7.76854</i>
                        <i>1 0 0 0 1 0 0 0 1 0.49 3.05 7.76</i>
                        <i>1 0 0 0 1 0 0 0 1 0.522148 3.03469 7.76555</i>
                        <i>1 0 0 0 1 0 0 0 1 0.568446 3.01206 7.77906</i>
                        <i>1 0 0 0 1 0 0 0 1 0.619669 2.98709 7.79579</i>
                        <i>1 0 0 0 1 0 0 0 1 0.666594 2.96474 7.81102</i>
                        <i>1 0 0 0 1 0 0 0 1 0.7 2.95 7.82</i>
                        <i>1 0 0 0 1 0 0 0 1 0.721423 2.94196 7.82339</i>
                        <i>1 0 0 0 1 0 0 0 1 0.739053 2.93613 7.82518</i>
                        <i>1 0 0 0 1 0 0 0 1 0.753651 2.93206 7.82571</i>
                        <i>1 0 0 0 1 0 0 0 1 0.765973 2.92932 7.82529</i>
                        <i>1 0 0 0 1 0 0 0 1 0.776778 2.92745 7.82423</i>
                        <i>1 0 0 0 1 0 0 0 1 0.786825 2.92603 7.82286</i>
                        <i>1 0 0 0 1 0 0 0 1 0.796872 2.92461 7.82148</i>
                        <i>1 0 0 0 1 0 0 0 1 0.807678 2.92275 7.82042</i>
                        <i>1 0 0 0 1 0 0 0 1 0.82 2.92 7.82</i>
                    </KeyFrames>
                </p>
            </i>
            <i>
                <p>
                    <Name><![CDATA[spine0]]></Name>
                    <Exclude>0</Exclude>
                    <Additive>0</Additive>
                    <IKPriority>0</IKPriority>
                    <IKRotLimits>-1e+010 -1e+010 -1e+010 1e+010 1e+010 1e+010</IKRotLimits>
                    <IKRotLimitOrder>0</IKRotLimitOrder>
                    <KeyFrames count="61">
                        <i>0.0889428 0.995482 0.0332515 -0.996015 0.0886715 0.00954924 0.00655763 -0.0339683 0.999401 -0.0288897 2.60812 7.44836</i>
                        <i>0.0889428 0.995482 0.0332515 -0.996015 0.0886715 0.00954924 0.00655763 -0.0339683 0.999401 -0.0288897 2.60812 7.44836</i>
                        <i>0.0889428 0.995482 0.0332515 -0.996015 0.0886715 0.00954924 0.00655763 -0.0339683 0.999401 -0.0288897 2.60812 7.44836</i>
                        <i>0.0889428 0.995482 0.0332515 -0.996015 0.0886715 0.00954924 0.00655763 -0.0339683 0.999401 -0.0288897 2.60812 7.44836</i>
                        <i>0.0889428 0.995482 0.0332515 -0.996015 0.0886715 0.00954924 0.00655763 -0.0339683 0.999401 -0.0288897 2.60812 7.44836</i>
                        <i>0.0889428 0.995482 0.0332515 -0.996015 0.0886715 0.00954924 0.00655763 -0.0339683 0.999401 -0.0288897 2.60812 7.44836</i>
                        <i>0.0889428 0.995482 0.0332515 -0.996015 0.0886715 0.00954924 0.00655763 -0.0339683 0.999401 -0.0288897 2.60812 7.44836</i>
                        <i>0.0889428 0.995482 0.0332515 -0.996015 0.0886715 0.00954924 0.00655763 -0.0339683 0.999401 -0.0288897 2.60812 7.44836</i>
                        <i>0.0889428 0.995482 0.0332515 -0.996015 0.0886715 0.00954924 0.00655763 -0.0339683 0.999401 -0.0288897 2.60812 7.44836</i>
                        <i>0.0889428 0.995482 0.0332515 -0.996015 0.0886715 0.00954924 0.00655763 -0.0339683 0.999401 -0.0288897 2.60812 7.44836</i>
                        <i>0.0889428 0.995482 0.0332515 -0.996015 0.0886715 0.00954924 0.00655763 -0.0339683 0.999401 -0.0288897 2.60812 7.44836</i>
                        <i>0.0889428 0.995482 0.0332515 -0.996015 0.0886715 0.00954924 0.00655763 -0.0339683 0.999401 -0.0288897 2.60812 7.44836</i>
                        <i>0.0889428 0.995482 0.0332515 -0.996015 0.0886715 0.00954924 0.00655763 -0.0339683 0.999401 -0.0288897 2.60812 7.44836</i>
                        <i>0.0889428 0.995482 0.0332515 -0.996015 0.0886715 0.00954924 0.00655763 -0.0339683 0.999401 -0.0288897 2.60812 7.44836</i>
                        <i>0.0889428 0.995482 0.0332515 -0.996015 0.0886715 0.00954924 0.00655763 -0.0339683 0.999401 -0.0288897 2.60812 7.44836</i>
                        <i>0.0889428 0.995482 0.0332515 -0.996015 0.0886715 0.00954924 0.00655763 -0.0339683 0.999401 -0.0288897 2.60812 7.44836</i>
                        <i>0.0889428 0.995482 0.0332515 -0.996015 0.0886715 0.00954924 0.00655763 -0.0339683 0.999401 -0.0288897 2.60812 7.44836</i>
                        <i>0.0889428 0.995482 0.0332515 -0.996015 0.0886715 0.00954924 0.00655763 -0.0339683 0.999401 -0.0288897 2.60812 7.44836</i>
                        <i>0.0889428 0.995482 0.0332515 -0.996015 0.0886715 0.00954924 0.00655763 -0.0339683 0.999401 -0.0288897 2.60812 7.44836</i>
                        <i>0.0889428 0.995482 0.0332515 -0.996015 0.0886715 0.00954924 0.00655763 -0.0339683 0.999401 -0.0288897 2.60812 7.44836</i>
                        <i>0.0889428 0.995482 0.0332515 -0.996015 0.0886715 0.00954924 0.00655763 -0.0339683 0.999401 -0.0288897 2.60812 7.44836</i>
                        <i>0.0889428 0.995482 0.0332515 -0.996015 0.0886715 0.00954924 0.00655763 -0.0339683 0.999401 -0.0288897 2.60812 7.44836</i>
                        <i>0.0889428 0.995482 0.0332515 -0.996015 0.0886715 0.00954924 0.00655763 -0.0339683 0.999401 -0.0288897 2.60812 7.44836</i>
                        <i>0.0889428 0.995482 0.0332515 -0.996015 0.0886715 0.00954924 0.00655763 -0.0339683 0.999401 -0.0288897 2.60812 7.44836</i>
                        <i>0.0889428 0.995482 0.0332515 -0.996015 0.0886715 0.00954924 0.00655763 -0.0339683 0.999401 -0.0288897 2.60812 7.44836</i>
                        <i>0.0889428 0.995482 0.0332515 -0.996015 0.0886715 0.00954924 0.00655763 -0.0339683 0.999401 -0.0288897 2.60812 7.44836</i>
                        <i>0.0904415 0.995359 0.0328834 -0.995897 0.0902905 0.00605043 0.00305329 -0.0332957 0.999441 -0.0332461 2.60238 7.44519</i>
                        <i>0.0933675 0.995112 0.0321715 -0.995624 0.0934471 -0.000974673 -0.00397624 -0.0319397 0.999482 -0.041965 2.59088 7.43885</i>
                        <i>0.0954995 0.994926 0.0316584 -0.995386 0.0957431 -0.00626662 -0.0092659 -0.0309139 0.999479 -0.0485096 2.58226 7.4341</i>
                        <i>0.0947948 0.994988 0.0318275 -0.995469 0.0949846 -0.00450047 -0.00750103 -0.0312566 0.999483 -0.0463275 2.58513 7.43568</i>
                        <i>0.0889428 0.995482 0.0332515 -0.996015 0.0886715 0.00954924 0.00655763 -0.0339683 0.999401 -0.0288897 2.60812 7.44836</i>
                        <i>0.0773941 0.996349 0.0360274 -0.996553 0.0762258 0.0327457 0.0298799 -0.0384376 0.998814 0.00135547 2.64812 7.47091</i>
                        <i>0.0617245 0.997298 0.0398437 -0.996549 0.0593602 0.0580189 0.055497 -0.0432873 0.99752 0.0368438 2.6952 7.49816</i>
                        <i>0.0421785 0.998101 0.0448939 -0.995697 0.0382812 0.0843889 0.0825101 -0.0482601 0.995421 0.0763853 2.74762 7.5291</i>
                        <i>0.019175 0.998499 0.0513106 -0.993739 0.0133835 0.110924 0.11007 -0.0531163 0.992503 0.118814 2.80368 7.56269</i>
                        <i>-0.00666779 0.998228 0.0591227 -0.990484 -0.0147206 0.136837 0.137465 -0.0576477 0.988828 0.162989 2.8617 7.59784</i>
                        <i>-0.0345296 0.997072 0.0682282 -0.985824 -0.045197 0.161584 0.164194 -0.0616816 0.984498 0.207784 2.92002 7.63346</i>
                        <i>-0.0634064 0.994905 0.0783876 -0.979729 -0.0770099 0.184932 0.190027 -0.0650727 0.97962 0.252084 2.97707 7.6684</i>
                        <i>-0.0921409 0.991739 0.0892399 -0.972251 -0.108958 0.207017 0.21503 -0.0676889 0.974259 0.294768 3.03135 7.70154</i>
                        <i>-0.119451 0.987757 0.100335 -0.963506 -0.139712 0.228336 0.239559 -0.0693981 0.968398 0.334706 3.08142 7.73174</i>
                        <i>-0.143946 0.983322 0.111169 -0.953664 -0.167835 0.249713 0.264206 -0.0700723 0.961917 0.370754 3.1259 7.75788</i>
                        <i>-0.164112 0.978966 0.121211 -0.942939 -0.191774 0.272192 0.289712 -0.0696242 0.954578 0.401755 3.1635 7.77886</i>
                        <i>-0.179192 0.97517 0.130127 -0.930947 -0.210848 0.298129 0.318164 -0.0677186 0.945614 0.416429 3.18645 7.7854</i>
                        <i>-0.189564 0.972113 0.138066 -0.917159 -0.225514 0.328578 0.350551 -0.0643421 0.934331 0.412183 3.1919 7.7751</i>
                        <i>-0.195306 0.969939 0.145169 -0.901656 -0.235812 0.362503 0.385838 -0.0600938 0.920607 0.400896 3.18585 7.75716</i>
                        <i>-0.19656 0.968714 0.151517 -0.884622 -0.241856 0.398684 0.422856 -0.05567 0.904485 0.394449 3.17428 7.74073</i>
                        <i>-0.193604 0.968413 0.157142 -0.866349 -0.243919 0.435824 0.460388 -0.0517629 0.886207 0.4047 3.16311 7.73498</i>
                        <i>-0.186917 0.968915 0.162068 -0.847229 -0.242501 0.472648 0.497257 -0.0489624 0.866221 0.437661 3.14893 7.74304</i>
                        <i>-0.17723 0.970007 0.16636 -0.827731 -0.238356 0.507983 0.5324 -0.0476712 0.845149 0.485179 3.1276 7.75878</i>
                        <i>-0.165547 0.971406 0.170192 -0.808367 -0.232514 0.540814 0.564922 -0.0480475 0.823744 0.537819 3.10397 7.77752</i>
                        <i>-0.153148 0.972782 0.173901 -0.789661 -0.226269 0.570296 0.594122 -0.0499835 0.802821 0.586118 3.08286 7.79465</i>
                        <i>-0.141571 0.973788 0.178031 -0.772135 -0.221167 0.595728 0.619488 -0.0531261 0.783207 0.620587 3.06909 7.80558</i>
                        <i>-0.129795 0.97462 0.182401 -0.756336 -0.216272 0.617399 0.641178 -0.0578213 0.765211 0.64289 3.06185 7.8109</i>
                        <i>-0.115863 0.975629 0.186346 -0.742292 -0.209708 0.636416 0.659983 -0.0645856 0.748499 0.661522 3.05684 7.81448</i>
                        <i>-0.100085 0.976692 0.189883 -0.729689 -0.201789 0.653326 0.676415 -0.0731675 0.732878 0.677226 3.05361 7.81666</i>
                        <i>-0.0827482 0.977695 0.193042 -0.718167 -0.192801 0.668629 0.690934 -0.0833083 0.718102 0.690751 3.05172 7.81778</i>
                        <i>-0.0641146 0.97854 0.195828 -0.70733 -0.182986 0.682789 0.70397 -0.0947381 0.703883 0.702852 3.05072 7.81818</i>
                        <i>-0.0444155 0.979156 0.198194 -0.696755 -0.172535 0.69625 0.715933 -0.107168 0.689895 0.714287 3.05018 7.81818</i>
                        <i>-0.0238632 0.979501 0.200019 -0.685989 -0.161584 0.709443 0.72722 -0.120281 0.675783 0.725819 3.04965 7.81812</i>
                        <i>-0.0026674 0.979567 0.201101 -0.674552 -0.150221 0.722782 0.738223 -0.133725 0.661169 0.738217 3.04871 7.81833</i>
                        <i>0.0189463 0.979376 0.201157 -0.661927 -0.1385 0.736661 0.749329 -0.147108 0.645652 0.752252 3.04691 7.81911</i>
                    </KeyFrames>
                </p>
            </i>
            <i>
                <p>
                    <Name><![CDATA[spine1]]></Name>
                    <Exclude>0</Exclude>
                    <Additive>0</Additive>
                    <IKPriority>0</IKPriority>
                    <IKRotLimits>-1e+010 -1e+010 -1e+010 1e+010 1e+010 1e+010</IKRotLimits>
                    <IKRotLimitOrder>0</IKRotLimitOrder>
                    <KeyFrames count="61">
                        <i>0.174023 0.884094 0.433698 -0.980449 0.196632 -0.00742466 -0.0918428 -0.423927 0.901028 -0.0120755 2.79632 7.45454</i>
                        <i>0.174023 0.884094 0.433698 -0.980449 0.196632 -0.00742466 -0.0918428 -0.423927 0.901028 -0.0120755 2.79632 7.45454</i>
                        <i>0.174023 0.884094 0.433698 -0.980449 0.196632 -0.00742466 -0.0918428 -0.423927 0.901028 -0.0120755 2.79632 7.45454</i>
                        <i>0.174023 0.884094 0.433698 -0.980449 0.196632 -0.00742466 -0.0918428 -0.423927 0.901028 -0.0120755 2.79632 7.45454</i>
                        <i>0.174023 0.884094 0.433698 -0.980449 0.196632 -0.00742466 -0.0918428 -0.423927 0.901028 -0.0120755 2.79632 7.45454</i>
                        <i>0.174023 0.884094 0.433698 -0.980449 0.196632 -0.00742466 -0.0918428 -0.423927 0.901028 -0.0120755 2.79632 7.45454</i>
                        <i>0.174023 0.884094 0.433698 -0.980449 0.196632 -0.00742466 -0.0918428 -0.423927 0.901028 -0.0120755 2.79632 7.45454</i>
                        <i>0.174023 0.884094 0.433698 -0.980449 0.196632 -0.00742466 -0.0918428 -0.423927 0.901028 -0.0120755 2.79632 7.45454</i>
                        <i>0.174023 0.884094 0.433698 -0.980449 0.196632 -0.00742466 -0.0918428 -0.423927 0.901028 -0.0120755 2.79632 7.45454</i>
                        <i>0.174023 0.884094 0.433698 -0.980449 0.196632 -0.00742466 -0.0918428 -0.423927 0.901028 -0.0120755 2.79632 7.45454</i>
                        <i>0.174023 0.884094 0.433698 -0.980449 0.196632 -0.00742466 -0.0918428 -0.423927 0.901028 -0.0120755 2.79632 7.45454</i>
                        <i>0.174023 0.884094 0.433698 -0.980449 0.196632 -0.00742466 -0.0918428 -0.423927 0.901028 -0.0120755 2.79632 7.45454</i>
                        <i>0.174023 0.884094 0.433698 -0.980449 0.196632 -0.00742466 -0.0918428 -0.423927 0.901028 -0.0120755 2.79632 7.45454</i>
                        <i>0.174023 0.884094 0.433698 -0.980449 0.196632 -0.00742466 -0.0918428 -0.423927 0.901028 -0.0120755 2.79632 7.45454</i>
                        <i>0.174023 0.884094 0.433698 -0.980449 0.196632 -0.00742466 -0.0918428 -0.423927 0.901028 -0.0120755 2.79632 7.45454</i>
                        <i>0.174023 0.884094 0.433698 -0.980449 0.196632 -0.00742466 -0.0918428 -0.423927 0.901028 -0.0120755 2.79632 7.45454</i>
                        <i>0.174023 0.884094 0.433698 -0.980449 0.196632 -0.00742466 -0.0918428 -0.423927 0.901028 -0.0120755 2.79632 7.45454</i>
                        <i>0.174023 0.884094 0.433698 -0.980449 0.196632 -0.00742466 -0.0918428 -0.423927 0.901028 -0.0120755 2.79632 7.45454</i>
                        <i>0.174023 0.884094 0.433698 -0.980449 0.196632 -0.00742466 -0.0918428 -0.423927 0.901028 -0.0120755 2.79632 7.45454</i>
                        <i>0.174023 0.884094 0.433698 -0.980449 0.196632 -0.00742466 -0.0918428 -0.423927 0.901028 -0.0120755 2.79632 7.45454</i>
                        <i>0.174023 0.884094 0.433698 -0.980449 0.196632 -0.00742466 -0.0918428 -0.423927 0.901028 -0.0120755 2.79632 7.45454</i>
                        <i>0.174023 0.884094 0.433698 -0.980449 0.196632 -0.00742466 -0.0918428 -0.423927 0.901028 -0.0120755 2.79632 7.45454</i>
                        <i>0.174023 0.884094 0.433698 -0.980449 0.196632 -0.00742466 -0.0918428 -0.423927 0.901028 -0.0120755 2.79632 7.45454</i>
                        <i>0.174023 0.884094 0.433698 -0.980449 0.196632 -0.00742466 -0.0918428 -0.423927 0.901028 -0.0120755 2.79632 7.45454</i>
                        <i>0.174023 0.884094 0.433698 -0.980449 0.196632 -0.00742466 -0.0918428 -0.423927 0.901028 -0.0120755 2.79632 7.45454</i>
                        <i>0.174023 0.884094 0.433698 -0.980449 0.196632 -0.00742466 -0.0918428 -0.423927 0.901028 -0.0120755 2.79632 7.45454</i>
                        <i>0.172484 0.884259 0.433976 -0.980525 0.196143 -0.00994623 -0.0939166 -0.423809 0.900869 -0.0161496 2.79054 7.4513</i>
                        <i>0.169333 0.884611 0.4345 -0.980672 0.195083 -0.0149894 -0.0980234 -0.423564 0.900547 -0.0243173 2.77897 7.44482</i>
                        <i>0.166904 0.884894 0.434864 -0.98078 0.194214 -0.018771 -0.101067 -0.423372 0.900301 -0.0304604 2.77029 7.43998</i>
                        <i>0.16772 0.884798 0.434745 -0.980744 0.194511 -0.0175106 -0.100056 -0.423437 0.900383 -0.028411 2.77318 7.44159</i>
                        <i>0.174023 0.884094 0.433698 -0.980449 0.196632 -0.00742466 -0.0918428 -0.423927 0.901028 -0.0120755 2.79632 7.45454</i>
                        <i>0.183785 0.883041 0.431811 -0.979868 0.199432 0.00921311 -0.0779815 -0.424812 0.901917 0.0159958 2.83664 7.47762</i>
                        <i>0.193352 0.882121 0.429508 -0.979151 0.201274 0.02741 -0.0622699 -0.425853 0.902647 0.0485329 2.88416 7.5056</i>
                        <i>0.201801 0.88164 0.4266 -0.97841 0.201304 0.0468036 -0.0446122 -0.426835 0.903228 0.0843834 2.93711 7.53751</i>
                        <i>0.208323 0.881839 0.423039 -0.977739 0.198851 0.0669697 -0.0250652 -0.427573 0.903633 0.122451 2.9937 7.57234</i>
                        <i>0.212311 0.882867 0.418892 -0.977195 0.193491 0.0874742 -0.00382362 -0.427911 0.903813 0.1617 3.05218 7.60901</i>
                        <i>0.213422 0.884761 0.414305 -0.976779 0.185074 0.10794 0.0188245 -0.427721 0.903715 0.201156 3.11083 7.64639</i>
                        <i>0.211631 0.887457 0.40943 -0.976422 0.173738 0.128119 0.0425667 -0.426891 0.903301 0.239892 3.16801 7.68332</i>
                        <i>0.207243 0.890809 0.404364 -0.975983 0.159897 0.147954 0.0671422 -0.425315 0.902551 0.277015 3.22215 7.71858</i>
                        <i>0.200883 0.894636 0.39909 -0.975247 0.14421 0.167619 0.0924047 -0.422884 0.90146 0.311655 3.27179 7.75095</i>
                        <i>0.193458 0.898758 0.393457 -0.973944 0.127547 0.187525 0.118355 -0.419483 0.900015 0.342955 3.31558 7.7792</i>
                        <i>0.186102 0.903026 0.387184 -0.971752 0.110957 0.208292 0.145132 -0.41501 0.898167 0.370078 3.35224 7.8021</i>
                        <i>0.17908 0.907832 0.379172 -0.96844 0.094749 0.230535 0.173361 -0.40849 0.896148 0.381925 3.37401 7.8103</i>
                        <i>0.172229 0.913345 0.368969 -0.963828 0.0789056 0.254577 0.203403 -0.399468 0.893897 0.375841 3.37805 7.80143</i>
                        <i>0.166116 0.919133 0.357211 -0.957688 0.0640342 0.280594 0.235029 -0.388708 0.89088 0.363674 3.3705 7.78469</i>
                        <i>0.161251 0.924817 0.344546 -0.94984 0.0506395 0.308609 0.26796 -0.377027 0.886594 0.357242 3.35743 7.76928</i>
                        <i>0.158097 0.930082 0.331592 -0.940144 0.0391173 0.338524 0.301884 -0.365264 0.880596 0.368317 3.34488 7.76439</i>
                        <i>0.157063 0.934682 0.318904 -0.928503 0.0297394 0.370132 0.336472 -0.354238 0.872526 0.402784 3.32949 7.77316</i>
                        <i>0.158483 0.938437 0.306952 -0.914853 0.0226335 0.403153 0.371386 -0.344709 0.862118 0.452325 3.30718 7.78951</i>
                        <i>0.162582 0.941214 0.296112 -0.899162 0.0177551 0.437255 0.406293 -0.337343 0.849191 0.507303 3.28279 7.80879</i>
                        <i>0.169443 0.942919 0.286694 -0.881427 0.0148552 0.472087 0.440881 -0.332692 0.833631 0.558008 3.26115 7.82646</i>
                        <i>0.178972 0.943472 0.278979 -0.861662 0.0134459 0.507305 0.474877 -0.331179 0.81536 0.594671 3.24706 7.83806</i>
                        <i>0.192608 0.942616 0.272723 -0.839153 0.0141573 0.54371 0.508649 -0.333579 0.793726 0.619155 3.23976 7.84415</i>
                        <i>0.211418 0.940206 0.26705 -0.8132 0.0176313 0.581718 0.542226 -0.340151 0.768303 0.640329 3.23493 7.84844</i>
                        <i>0.234527 0.936305 0.261401 -0.783914 0.0231399 0.620438 0.574871 -0.350426 0.739409 0.658893 3.23206 7.8513</i>
                        <i>0.260985 0.930968 0.255314 -0.751513 0.0299383 0.659039 0.6059 -0.363871 0.707448 0.675558 3.23066 7.85306</i>
                        <i>0.289791 0.924292 0.248406 -0.716333 0.0373339 0.696759 0.634735 -0.379856 0.67292 0.69104 3.23022 7.85404</i>
                        <i>0.319923 0.916448 0.240359 -0.678825 0.0447422 0.732936 0.660943 -0.397644 0.636422 0.706065 3.23025 7.85457</i>
                        <i>0.350355 0.907707 0.230912 -0.639543 0.0517286 0.767013 0.684278 -0.416405 0.598641 0.721362 3.23026 7.85495</i>
                        <i>0.380078 0.898443 0.219865 -0.599121 0.0580319 0.798553 0.704695 -0.435238 0.560333 0.737664 3.22977 7.85544</i>
                        <i>0.40811 0.889136 0.20708 -0.558242 0.0635666 0.82724 0.722366 -0.453206 0.522295 0.755697 3.22828 7.85631</i>
                    </KeyFrames>
                </p>
            </i>
            <i>
                <p>
                    <Name><![CDATA[spine2]]></Name>
                    <Exclude>0</Exclude>
                    <Additive>0</Additive>
                    <IKPriority>0</IKPriority>
                    <IKRotLimits>-1e+010 -1e+010 -1e+010 1e+010 1e+010 1e+010</IKRotLimits>
                    <IKRotLimitOrder>0</IKRotLimitOrder>
                    <KeyFrames count="61">
                        <i>0.0871856 0.841919 0.532514 -0.993543 0.112448 -0.0151159 -0.0726065 -0.527758 0.846286 0.0181139 2.94982 7.53022</i>
                        <i>0.0871856 0.841919 0.532514 -0.993543 0.112448 -0.0151159 -0.0726065 -0.527758 0.846286 0.0181139 2.94982 7.53022</i>
                        <i>0.0871856 0.841919 0.532514 -0.993543 0.112448 -0.0151159 -0.0726065 -0.527758 0.846286 0.0181139 2.94982 7.53022</i>
                        <i>0.0871856 0.841919 0.532514 -0.993543 0.112448 -0.0151159 -0.0726065 -0.527758 0.846286 0.0181139 2.94982 7.53022</i>
                        <i>0.0871856 0.841919 0.532514 -0.993543 0.112448 -0.0151159 -0.0726065 -0.527758 0.846286 0.0181139 2.94982 7.53022</i>
                        <i>0.0871856 0.841919 0.532514 -0.993543 0.112448 -0.0151159 -0.0726065 -0.527758 0.846286 0.0181139 2.94982 7.53022</i>
                        <i>0.0871856 0.841919 0.532514 -0.993543 0.112448 -0.0151159 -0.0726065 -0.527758 0.846286 0.0181139 2.94982 7.53022</i>
                        <i>0.0871856 0.841919 0.532514 -0.993543 0.112448 -0.0151159 -0.0726065 -0.527758 0.846286 0.0181139 2.94982 7.53022</i>
                        <i>0.0871856 0.841919 0.532514 -0.993543 0.112448 -0.0151159 -0.0726065 -0.527758 0.846286 0.0181139 2.94982 7.53022</i>
                        <i>0.0871856 0.841919 0.532514 -0.993543 0.112448 -0.0151159 -0.0726065 -0.527758 0.846286 0.0181139 2.94982 7.53022</i>
                        <i>0.0871856 0.841919 0.532514 -0.993543 0.112448 -0.0151159 -0.0726065 -0.527758 0.846286 0.0181139 2.94982 7.53022</i>
                        <i>0.0871856 0.841919 0.532514 -0.993543 0.112448 -0.0151159 -0.0726065 -0.527758 0.846286 0.0181139 2.94982 7.53022</i>
                        <i>0.0871856 0.841919 0.532514 -0.993543 0.112448 -0.0151159 -0.0726065 -0.527758 0.846286 0.0181139 2.94982 7.53022</i>
                        <i>0.0871856 0.841919 0.532514 -0.993543 0.112448 -0.0151159 -0.0726065 -0.527758 0.846286 0.0181139 2.94982 7.53022</i>
                        <i>0.0871856 0.841919 0.532514 -0.993543 0.112448 -0.0151159 -0.0726065 -0.527758 0.846286 0.0181139 2.94982 7.53022</i>
                        <i>0.0871856 0.841919 0.532514 -0.993543 0.112448 -0.0151159 -0.0726065 -0.527758 0.846286 0.0181139 2.94982 7.53022</i>
                        <i>0.0871856 0.841919 0.532514 -0.993543 0.112448 -0.0151159 -0.0726065 -0.527758 0.846286 0.0181139 2.94982 7.53022</i>
                        <i>0.0871856 0.841919 0.532514 -0.993543 0.112448 -0.0151159 -0.0726065 -0.527758 0.846286 0.0181139 2.94982 7.53022</i>
                        <i>0.0871856 0.841919 0.532514 -0.993543 0.112448 -0.0151159 -0.0726065 -0.527758 0.846286 0.0181139 2.94982 7.53022</i>
                        <i>0.0871856 0.841919 0.532514 -0.993543 0.112448 -0.0151159 -0.0726065 -0.527758 0.846286 0.0181139 2.94982 7.53022</i>
                        <i>0.0871856 0.841919 0.532514 -0.993543 0.112448 -0.0151159 -0.0726065 -0.527758 0.846286 0.0181139 2.94982 7.53022</i>
                        <i>0.0871856 0.841919 0.532514 -0.993543 0.112448 -0.0151159 -0.0726065 -0.527758 0.846286 0.0181139 2.94982 7.53022</i>
                        <i>0.0871856 0.841919 0.532514 -0.993543 0.112448 -0.0151159 -0.0726065 -0.527758 0.846286 0.0181139 2.94982 7.53022</i>
                        <i>0.0871856 0.841919 0.532514 -0.993543 0.112448 -0.0151159 -0.0726065 -0.527758 0.846286 0.0181139 2.94982 7.53022</i>
                        <i>0.0871856 0.841919 0.532514 -0.993543 0.112448 -0.0151159 -0.0726065 -0.527758 0.846286 0.0181139 2.94982 7.53022</i>
                        <i>0.0871856 0.841919 0.532514 -0.993543 0.112448 -0.0151159 -0.0726065 -0.527758 0.846286 0.0181139 2.94982 7.53022</i>
                        <i>0.0856433 0.842898 0.531214 -0.993608 0.111615 -0.016912 -0.0735463 -0.52637 0.847069 0.0137704 2.94405 7.52701</i>
                        <i>0.0825044 0.844864 0.528581 -0.993735 0.109866 -0.020497 -0.0753902 -0.523578 0.848635 0.00505122 2.93252 7.52061</i>
                        <i>0.0801028 0.846345 0.526578 -0.993828 0.108483 -0.0231785 -0.0767415 -0.521471 0.849811 -0.00151638 2.92387 7.51582</i>
                        <i>0.0809078 0.845851 0.527248 -0.993797 0.108951 -0.0222854 -0.0762941 -0.522175 0.849419 0.000675535 2.92675 7.51742</i>
                        <i>0.0871856 0.841919 0.532514 -0.993543 0.112448 -0.0151159 -0.0726065 -0.527758 0.846286 0.0181139 2.94982 7.53022</i>
                        <i>0.0969444 0.834716 0.542081 -0.993056 0.11759 -0.00347337 -0.0666425 -0.53798 0.840319 0.0479054 2.99008 7.55303</i>
                        <i>0.106609 0.825733 0.553895 -0.992477 0.122101 0.00899857 -0.060201 -0.550688 0.832538 0.0821518 3.03766 7.58072</i>
                        <i>0.115538 0.815582 0.566989 -0.991899 0.125068 0.0222219 -0.0527881 -0.564964 0.823426 0.119541 3.09083 7.61228</i>
                        <i>0.123176 0.804878 0.580516 -0.991408 0.125753 0.0360051 -0.0440218 -0.579963 0.813453 0.158833 3.14783 7.64667</i>
                        <i>0.129113 0.794218 0.593757 -0.991059 0.123668 0.0500865 -0.033649 -0.594915 0.803084 0.198882 3.20691 7.68282</i>
                        <i>0.133142 0.784167 0.606098 -0.990863 0.11861 0.0642061 -0.0215407 -0.609109 0.792794 0.238644 3.26634 7.71962</i>
                        <i>0.135294 0.775257 0.616986 -0.990776 0.110677 0.0781908 -0.00766824 -0.621873 0.78308 0.277173 3.32443 7.7559</i>
                        <i>0.135865 0.767997 0.625876 -0.990696 0.100257 0.092037 0.00793581 -0.632557 0.774473 0.313617 3.37955 7.79045</i>
                        <i>0.135411 0.762895 0.632183 -0.990469 0.0879887 0.105972 0.0252206 -0.640507 0.767538 0.347202 3.43016 7.82202</i>
                        <i>0.13472 0.760475 0.635238 -0.989899 0.0747224 0.120482 0.0441569 -0.645053 0.762861 0.377222 3.47482 7.84934</i>
                        <i>0.134762 0.761282 0.634262 -0.988759 0.0614769 0.136293 0.064765 -0.6455 0.76101 0.403031 3.51217 7.8711</i>
                        <i>0.135234 0.766632 0.627684 -0.987047 0.0490541 0.152745 0.086309 -0.640211 0.763335 0.413562 3.53442 7.87771</i>
                        <i>0.135529 0.776567 0.615285 -0.984833 0.0376894 0.16936 0.10833 -0.628906 0.769897 0.406134 3.53874 7.86674</i>
                        <i>0.136214 0.789716 0.598159 -0.981936 0.0275841 0.187191 0.131328 -0.612852 0.779208 0.392717 3.53127 7.84755</i>
                        <i>0.137821 0.804749 0.577395 -0.978123 0.0188704 0.207171 0.155825 -0.593315 0.789744 0.385238 3.51811 7.8295</i>
                        <i>0.140845 0.820427 0.554131 -0.973096 0.0116349 0.230108 0.182339 -0.571632 0.799993 0.395564 3.50532 7.82193</i>
                        <i>0.145757 0.835647 0.529574 -0.966479 0.00591299 0.256677 0.21136 -0.549235 0.808497 0.429657 3.48959 7.82811</i>
                        <i>0.153008 0.849454 0.504992 -0.957805 0.00165986 0.287415 0.243308 -0.52766 0.813865 0.479263 3.46688 7.84205</i>
                        <i>0.163046 0.861041 0.481688 -0.946498 -0.00130191 0.322706 0.27849 -0.508533 0.814762 0.534786 3.44207 7.85919</i>
                        <i>0.176325 0.869728 0.460959 -0.931868 -0.00335245 0.362781 0.317066 -0.493521 0.809881 0.586537 3.42003 7.87505</i>
                        <i>0.193328 0.874908 0.444028 -0.913096 -0.00515324 0.407712 0.358998 -0.484262 0.797878 0.624735 3.4056 7.8852</i>
                        <i>0.215995 0.876516 0.430193 -0.888358 -0.00641555 0.459107 0.405174 -0.48133 0.777274 0.651493 3.39796 7.89017</i>
                        <i>0.245139 0.875106 0.417249 -0.856083 -0.00659697 0.516796 0.455004 -0.483887 0.747546 0.67585 3.39272 7.8935</i>
                        <i>0.27949 0.870955 0.404131 -0.815988 -0.00636234 0.578034 0.506013 -0.491321 0.708911 0.698362 3.38935 7.89543</i>
                        <i>0.317647 0.86433 0.389914 -0.768245 -0.00643557 0.640124 0.555788 -0.502883 0.661973 0.719581 3.38731 7.89622</i>
                        <i>0.358105 0.85556 0.373868 -0.713554 -0.00746854 0.70056 0.602164 -0.51765 0.607814 0.740056 3.38608 7.89611</i>
                        <i>0.399293 0.845091 0.355509 -0.653147 -0.00991903 0.757166 0.6434 -0.534531 0.548008 0.760336 3.38518 7.89536</i>
                        <i>0.439643 0.833512 0.334622 -0.588707 -0.013952 0.808226 0.678334 -0.552325 0.484561 0.780967 3.3841 7.89421</i>
                        <i>0.477653 0.821559 0.311268 -0.522252 -0.0193806 0.852571 0.70647 -0.569794 0.419804 0.802492 3.38238 7.89288</i>
                        <i>0.511949 0.810092 0.28576 -0.455974 -0.025655 0.889623 0.728008 -0.585741 0.356247 0.825446 3.37958 7.89161</i>
                    </KeyFrames>
                </p>
            </i>
            <i>
                <p>
                    <Name><![CDATA[head]]></Name>
                    <Exclude>0</Exclude>
                    <Additive>0</Additive>
                    <IKPriority>0</IKPriority>
                    <IKRotLimits>-1e+010 -1e+010 -1e+010 1e+010 1e+010 1e+010</IKRotLimits>
                    <IKRotLimitOrder>0</IKRotLimitOrder>
                    <KeyFrames count="61">
                        <i>0.013566 0.989465 0.144138 -0.0175108 0.144364 -0.98937 -0.999755 0.0108978 0.0192848 0.0310804 3.18649 7.65129</i>
                        <i>0.0135849 0.989308 0.145208 -0.0174962 0.145434 -0.989213 -0.999755 0.0108978 0.0192848 0.0310804 3.18649 7.65129</i>
                        <i>0.0136068 0.989125 0.146447 -0.0174791 0.146673 -0.989031 -0.999755 0.0108978 0.0192848 0.0310804 3.18649 7.65129</i>
                        <i>0.0136317 0.988914 0.14786 -0.0174597 0.148086 -0.98882 -0.999755 0.0108978 0.0192848 0.0310804 3.18649 7.65129</i>
                        <i>0.0136598 0.988675 0.149451 -0.0174377 0.149678 -0.988581 -0.999755 0.0108978 0.0192848 0.0310804 3.18649 7.65129</i>
                        <i>0.0136911 0.988404 0.151227 -0.0174131 0.151454 -0.988311 -0.999755 0.0108978 0.0192848 0.0310804 3.18649 7.65129</i>
                        <i>0.0137257 0.988101 0.153191 -0.0173859 0.153418 -0.988008 -0.999755 0.0108978 0.0192848 0.0310804 3.18649 7.65129</i>
                        <i>0.0137637 0.987764 0.155348 -0.0173559 0.155575 -0.987672 -0.999755 0.0108978 0.0192848 0.0310804 3.18649 7.65129</i>
                        <i>0.013805 0.98739 0.157703 -0.017323 0.15793 -0.987298 -0.999755 0.0108978 0.0192848 0.0310804 3.18649 7.65129</i>
                        <i>0.0138498 0.986978 0.16026 -0.0172872 0.160488 -0.986886 -0.999755 0.0108978 0.0192848 0.0310804 3.18649 7.65129</i>
                        <i>0.0138982 0.986524 0.163025 -0.0172483 0.163253 -0.986434 -0.999755 0.0108978 0.0192848 0.0310804 3.18649 7.65129</i>
                        <i>0.0139502 0.986027 0.166001 -0.0172063 0.166229 -0.985937 -0.999755 0.0108978 0.0192848 0.0310804 3.18649 7.65129</i>
                        <i>0.0140059 0.985483 0.169194 -0.017161 0.169422 -0.985394 -0.999755 0.0108978 0.0192848 0.0310804 3.18649 7.65129</i>
                        <i>0.0140653 0.98489 0.172607 -0.0171124 0.172836 -0.984802 -0.999755 0.0108978 0.0192848 0.0310804 3.18649 7.65129</i>
                        <i>0.0141284 0.984245 0.176246 -0.0170603 0.176475 -0.984157 -0.999755 0.0108978 0.0192848 0.0310804 3.18649 7.65129</i>
                        <i>0.0141954 0.983543 0.180115 -0.0170046 0.180344 -0.983456 -0.999755 0.0108978 0.0192848 0.0310804 3.18649 7.65129</i>
                        <i>0.0142662 0.982782 0.184218 -0.0169452 0.184448 -0.982696 -0.999755 0.0108978 0.0192848 0.0310804 3.18649 7.65129</i>
                        <i>0.014341 0.981957 0.188559 -0.016882 0.188789 -0.981872 -0.999755 0.0108978 0.0192848 0.0310804 3.18649 7.65129</i>
                        <i>0.0144197 0.981065 0.193143 -0.0168148 0.193373 -0.980981 -0.999755 0.0108978 0.0192848 0.0310804 3.18649 7.65129</i>
                        <i>0.0145023 0.9801 0.197973 -0.0167436 0.198204 -0.980018 -0.999755 0.0108978 0.0192848 0.0310804 3.18649 7.65129</i>
                        <i>0.014589 0.979059 0.203054 -0.0166681 0.203286 -0.978978 -0.999755 0.0108978 0.0192848 0.0310804 3.18649 7.65129</i>
                        <i>0.0154107 0.967567 0.252145 -0.0159115 0.25238 -0.967497 -0.999755 0.0108978 0.0192848 0.0310804 3.18649 7.65129</i>
