<?xml version="1.0" encoding="ISO-8859-1" ?>
<Animl Version="1">
    <ModellingPackage><![CDATA[Maya.2010]]></ModellingPackage>
    <SrcFile><![CDATA[anims\vehicles\red\~src\air\helicopter_mi24hind\heli_mi24hind_exit_crewman_c.mb]]></SrcFile>
    <FramesPerSecond>30</FramesPerSecond>
    <TotalFrames>61</TotalFrames>
    <Skeleton>
        <RefFrame>
            <Name><![CDATA[soldier_ref_frame]]></Name>
            <Exclude>0</Exclude>
            <Additive>0</Additive>
            <IKPriority>0</IKPriority>
            <IKRotLimits>-1e+010 -1e+010 -1e+010 1e+010 1e+010 1e+010</IKRotLimits>
            <IKRotLimitOrder>0</IKRotLimitOrder>
            <KeyFrames count="61">
                <i>1 0 0 0 1 0 0 0 1 2.85 0 1.95</i>
                <i>1 0 0 0 1 0 0 0 1 2.85 0 1.95</i>
                <i>1 0 0 0 1 0 0 0 1 2.85 0 1.95</i>
                <i>1 0 0 0 1 0 0 0 1 2.85 0 1.95</i>
                <i>1 0 0 0 1 0 0 0 1 2.85 0 1.95</i>
                <i>1 0 0 0 1 0 0 0 1 2.85 0 1.95</i>
                <i>1 0 0 0 1 0 0 0 1 2.85 0 1.95</i>
                <i>1 0 0 0 1 0 0 0 1 2.85 0 1.95</i>
                <i>1 0 0 0 1 0 0 0 1 2.85 0 1.95</i>
                <i>1 0 0 0 1 0 0 0 1 2.85 0 1.95</i>
                <i>1 0 0 0 1 0 0 0 1 2.85 0 1.95</i>
                <i>1 0 0 0 1 0 0 0 1 2.85 0 1.95</i>
                <i>1 0 0 0 1 0 0 0 1 2.85 0 1.95</i>
                <i>1 0 0 0 1 0 0 0 1 2.85 0 1.95</i>
                <i>1 0 0 0 1 0 0 0 1 2.85 0 1.95</i>
                <i>1 0 0 0 1 0 0 0 1 2.85 0 1.95</i>
                <i>1 0 0 0 1 0 0 0 1 2.85 0 1.95</i>
                <i>1 0 0 0 1 0 0 0 1 2.85 0 1.95</i>
                <i>1 0 0 0 1 0 0 0 1 2.85 0 1.95</i>
                <i>1 0 0 0 1 0 0 0 1 2.85 0 1.95</i>
                <i>1 0 0 0 1 0 0 0 1 2.85 0 1.95</i>
                <i>1 0 0 0 1 0 0 0 1 2.85 0 1.95</i>
                <i>1 0 0 0 1 0 0 0 1 2.85 0 1.95</i>
                <i>1 0 0 0 1 0 0 0 1 2.85 0 1.95</i>
                <i>1 0 0 0 1 0 0 0 1 2.85 0 1.95</i>
                <i>1 0 0 0 1 0 0 0 1 2.85 0 1.95</i>
                <i>1 0 0 0 1 0 0 0 1 2.85 0 1.95</i>
                <i>1 0 0 0 1 0 0 0 1 2.85 0 1.95</i>
                <i>1 0 0 0 1 0 0 0 1 2.85 0 1.95</i>
                <i>1 0 0 0 1 0 0 0 1 2.85 0 1.95</i>
                <i>1 0 0 0 1 0 0 0 1 2.85 0 1.95</i>
                <i>1 0 0 0 1 0 0 0 1 2.85 0 1.95</i>
                <i>1 0 0 0 1 0 0 0 1 2.85 0 1.95</i>
                <i>1 0 0 0 1 0 0 0 1 2.85 0 1.95</i>
                <i>1 0 0 0 1 0 0 0 1 2.85 0 1.95</i>
                <i>1 0 0 0 1 0 0 0 1 2.85 0 1.95</i>
                <i>1 0 0 0 1 0 0 0 1 2.85 0 1.95</i>
                <i>1 0 0 0 1 0 0 0 1 2.85 0 1.95</i>
                <i>1 0 0 0 1 0 0 0 1 2.85 0 1.95</i>
                <i>1 0 0 0 1 0 0 0 1 2.85 0 1.95</i>
                <i>1 0 0 0 1 0 0 0 1 2.85 0 1.95</i>
                <i>1 0 0 0 1 0 0 0 1 2.85 0 1.95</i>
                <i>1 0 0 0 1 0 0 0 1 2.85 0 1.95</i>
                <i>1 0 0 0 1 0 0 0 1 2.85 0 1.95</i>
                <i>1 0 0 0 1 0 0 0 1 2.85 0 1.95</i>
                <i>1 0 0 0 1 0 0 0 1 2.85 0 1.95</i>
                <i>1 0 0 0 1 0 0 0 1 2.85 0 1.95</i>
                <i>1 0 0 0 1 0 0 0 1 2.85 0 1.95</i>
                <i>1 0 0 0 1 0 0 0 1 2.85 0 1.95</i>
                <i>1 0 0 0 1 0 0 0 1 2.85 0 1.95</i>
                <i>1 0 0 0 1 0 0 0 1 2.85 0 1.95</i>
                <i>1 0 0 0 1 0 0 0 1 2.85 0 1.95</i>
                <i>1 0 0 0 1 0 0 0 1 2.85 0 1.95</i>
                <i>1 0 0 0 1 0 0 0 1 2.85 0 1.95</i>
                <i>1 0 0 0 1 0 0 0 1 2.85 0 1.95</i>
                <i>1 0 0 0 1 0 0 0 1 2.85 0 1.95</i>
                <i>1 0 0 0 1 0 0 0 1 2.85 0 1.95</i>
                <i>1 0 0 0 1 0 0 0 1 2.85 0 1.95</i>
                <i>1 0 0 0 1 0 0 0 1 2.85 0 1.95</i>
                <i>1 0 0 0 1 0 0 0 1 2.85 0 1.95</i>
                <i>1 0 0 0 1 0 0 0 1 2.85 0 1.95</i>
            </KeyFrames>
        </RefFrame>
        <Bones count="23">
            <i>
                <p>
                    <Name><![CDATA[pelvis]]></Name>
                    <Exclude>0</Exclude>
                    <Additive>0</Additive>
                    <IKPriority>0</IKPriority>
                    <IKRotLimits>-1e+010 -1e+010 -1e+010 1e+010 1e+010 1e+010</IKRotLimits>
                    <IKRotLimitOrder>2</IKRotLimitOrder>
                    <KeyFrames count="61">
                        <i>1 0 0 0 1 0 0 0 1 0.98 2.69 1.88</i>
                        <i>1 0 0 0 1 0 0 0 1 0.98 2.69 1.88</i>
                        <i>1 0 0 0 1 0 0 0 1 0.98 2.69 1.88</i>
                        <i>1 0 0 0 1 0 0 0 1 0.98 2.69 1.88</i>
                        <i>1 0 0 0 1 0 0 0 1 0.98 2.69 1.88</i>
                        <i>1 0 0 0 1 0 0 0 1 0.98 2.69 1.88</i>
                        <i>1 0 0 0 1 0 0 0 1 0.98 2.69 1.88</i>
                        <i>1 0 0 0 1 0 0 0 1 0.98 2.69 1.88</i>
                        <i>1 0 0 0 1 0 0 0 1 0.98 2.69 1.88</i>
                        <i>1 0 0 0 1 0 0 0 1 0.98 2.69 1.88</i>
                        <i>1 0 0 0 1 0 0 0 1 0.98 2.69 1.88</i>
                        <i>1 0 0 0 1 0 0 0 1 0.98 2.69 1.88</i>
                        <i>1 0 0 0 1 0 0 0 1 0.98 2.69 1.88</i>
                        <i>1 0 0 0 1 0 0 0 1 0.98 2.69 1.88</i>
                        <i>1 0 0 0 1 0 0 0 1 0.98 2.69 1.88</i>
                        <i>1 0 0 0 1 0 0 0 1 0.98 2.69 1.88</i>
                        <i>1 0 0 0 1 0 0 0 1 0.99568 2.69 1.88</i>
                        <i>1 0 0 0 1 0 0 0 1 1.03054 2.69 1.88</i>
                        <i>1 0 0 0 1 0 0 0 1 1.07156 2.69 1.88</i>
                        <i>1 0 0 0 1 0 0 0 1 1.10572 2.69 1.88</i>
                        <i>1 0 0 0 1 0 0 0 1 1.12 2.69 1.88</i>
                        <i>1 0 0 0 1 0 0 0 1 1.1854 2.6803 1.88034</i>
                        <i>1 0 0 0 1 0 0 0 1 1.25683 2.6729 1.88122</i>
                        <i>1 0 0 0 1 0 0 0 1 1.33318 2.66632 1.8824</i>
                        <i>1 0 0 0 1 0 0 0 1 1.4133 2.6591 1.88366</i>
                        <i>1 0 0 0 1 0 0 0 1 1.49607 2.64976 1.88476</i>
                        <i>1 0 0 0 1 0 0 0 1 1.58035 2.63685 1.88549</i>
                        <i>1 0 0 0 1 0 0 0 1 1.66502 2.61888 1.8856</i>
                        <i>1 0 0 0 1 0 0 0 1 1.74894 2.5944 1.88488</i>
                        <i>1 0 0 0 1 0 0 0 1 1.83097 2.56193 1.88309</i>
                        <i>1 0 0 0 1 0 0 0 1 1.91 2.52 1.88</i>
                        <i>1 0 0 0 1 0 0 0 1 1.98939 2.46757 1.87483</i>
                        <i>1 0 0 0 1 0 0 0 1 2.0723 2.40568 1.86736</i>
                        <i>1 0 0 0 1 0 0 0 1 2.15731 2.33601 1.85822</i>
                        <i>1 0 0 0 1 0 0 0 1 2.24296 2.26024 1.84802</i>
                        <i>1 0 0 0 1 0 0 0 1 2.32783 2.18004 1.83741</i>
                        <i>1 0 0 0 1 0 0 0 1 2.41048 2.0971 1.827</i>
                        <i>1 0 0 0 1 0 0 0 1 2.48946 2.0131 1.81743</i>
                        <i>1 0 0 0 1 0 0 0 1 2.56334 1.92971 1.80932</i>
                        <i>1 0 0 0 1 0 0 0 1 2.63069 1.84861 1.80329</i>
                        <i>1 0 0 0 1 0 0 0 1 2.69005 1.77148 1.79997</i>
                        <i>1 0 0 0 1 0 0 0 1 2.74 1.7 1.8</i>
                        <i>1 0 0 0 1 0 0 0 1 2.77934 1.62776 1.8049</i>
                        <i>1 0 0 0 1 0 0 0 1 2.80873 1.5494 1.81492</i>
                        <i>1 0 0 0 1 0 0 0 1 2.82956 1.46814 1.82872</i>
                        <i>1 0 0 0 1 0 0 0 1 2.84318 1.38722 1.84498</i>
                        <i>1 0 0 0 1 0 0 0 1 2.85095 1.30988 1.86238</i>
                        <i>1 0 0 0 1 0 0 0 1 2.85425 1.23935 1.87959</i>
                        <i>1 0 0 0 1 0 0 0 1 2.85444 1.17886 1.89528</i>
                        <i>1 0 0 0 1 0 0 0 1 2.85288 1.13165 1.90813</i>
                        <i>1 0 0 0 1 0 0 0 1 2.85095 1.10095 1.91681</i>
                        <i>1 0 0 0 1 0 0 0 1 2.85 1.09 1.92</i>
                        <i>1 0 0 0 1 0 0 0 1 2.85 1.09037 1.92</i>
                        <i>1 0 0 0 1 0 0 0 1 2.85 1.09296 1.92</i>
                        <i>1 0 0 0 1 0 0 0 1 2.85 1.1 1.92</i>
                        <i>1 0 0 0 1 0 0 0 1 2.85 1.11287 1.92</i>
                        <i>1 0 0 0 1 0 0 0 1 2.85 1.12963 1.92</i>
                        <i>1 0 0 0 1 0 0 0 1 2.85 1.1475 1.92</i>
                        <i>1 0 0 0 1 0 0 0 1 2.85 1.1637 1.92</i>
                        <i>1 0 0 0 1 0 0 0 1 2.85 1.17546 1.92</i>
                        <i>1 0 0 0 1 0 0 0 1 2.85 1.18 1.92</i>
                    </KeyFrames>
                </p>
            </i>
            <i>
                <p>
                    <Name><![CDATA[spine0]]></Name>
                    <Exclude>0</Exclude>
                    <Additive>0</Additive>
                    <IKPriority>0</IKPriority>
                    <IKRotLimits>-1e+010 -1e+010 -1e+010 1e+010 1e+010 1e+010</IKRotLimits>
                    <IKRotLimitOrder>0</IKRotLimitOrder>
                    <KeyFrames count="61">
                        <i>-0.413828 0.904654 0.101727 -0.338123 -0.0489902 -0.939826 -0.845233 -0.423322 0.326158 1.01111 2.82945 1.86318</i>
                        <i>-0.413828 0.904654 0.101727 -0.338123 -0.0489902 -0.939826 -0.845233 -0.423322 0.326158 1.01111 2.82945 1.86318</i>
                        <i>-0.413828 0.904654 0.101727 -0.338123 -0.0489902 -0.939826 -0.845233 -0.423322 0.326158 1.01111 2.82945 1.86318</i>
                        <i>-0.413828 0.904654 0.101727 -0.338123 -0.0489902 -0.939826 -0.845233 -0.423322 0.326158 1.01111 2.82945 1.86318</i>
                        <i>-0.413828 0.904654 0.101727 -0.338123 -0.0489902 -0.939826 -0.845233 -0.423322 0.326158 1.01111 2.82945 1.86318</i>
                        <i>-0.413828 0.904654 0.101727 -0.338123 -0.0489902 -0.939826 -0.845233 -0.423322 0.326158 1.01111 2.82945 1.86318</i>
                        <i>-0.413828 0.904654 0.101727 -0.338123 -0.0489902 -0.939826 -0.845233 -0.423322 0.326158 1.01111 2.82945 1.86318</i>
                        <i>-0.413828 0.904654 0.101727 -0.338123 -0.0489902 -0.939826 -0.845233 -0.423322 0.326158 1.01111 2.82945 1.86318</i>
                        <i>-0.413828 0.904654 0.101727 -0.338123 -0.0489902 -0.939826 -0.845233 -0.423322 0.326158 1.01111 2.82945 1.86318</i>
                        <i>-0.413828 0.904654 0.101727 -0.338123 -0.0489902 -0.939826 -0.845233 -0.423322 0.326158 1.01111 2.82945 1.86318</i>
                        <i>-0.413828 0.904654 0.101727 -0.338123 -0.0489902 -0.939826 -0.845233 -0.423322 0.326158 1.01111 2.82945 1.86318</i>
                        <i>-0.413828 0.904654 0.101727 -0.338123 -0.0489902 -0.939826 -0.845233 -0.423322 0.326158 1.01111 2.82945 1.86318</i>
                        <i>-0.413828 0.904654 0.101727 -0.338123 -0.0489902 -0.939826 -0.845233 -0.423322 0.326158 1.01111 2.82945 1.86318</i>
                        <i>-0.413828 0.904654 0.101727 -0.338123 -0.0489902 -0.939826 -0.845233 -0.423322 0.326158 1.01111 2.82945 1.86318</i>
                        <i>-0.413828 0.904654 0.101727 -0.338123 -0.0489902 -0.939826 -0.845233 -0.423322 0.326158 1.01111 2.82945 1.86318</i>
                        <i>-0.413828 0.904654 0.101727 -0.338123 -0.0489902 -0.939826 -0.845233 -0.423322 0.326158 1.01111 2.82945 1.86318</i>
                        <i>-0.467543 0.875666 0.120884 -0.31254 -0.035835 -0.949228 -0.826875 -0.481586 0.290435 1.01974 2.83135 1.86833</i>
                        <i>-0.584628 0.798482 0.143656 -0.253476 -0.0115652 -0.967273 -0.770688 -0.601908 0.209157 1.0379 2.83366 1.87784</i>
                        <i>-0.712682 0.688056 0.136615 -0.180986 0.00780427 -0.983455 -0.677738 -0.725616 0.118966 1.05798 2.83313 1.88501</i>
                        <i>-0.805899 0.582475 0.106065 -0.119046 0.0160656 -0.992759 -0.579961 -0.81269 0.0563939 1.07429 2.83019 1.88733</i>
                        <i>-0.840182 0.535156 0.087759 -0.092927 0.0173601 -0.995522 -0.534283 -0.844575 0.0351448 1.08115 2.82832 1.8873</i>
                        <i>-0.853389 0.516 0.0739625 -0.0765598 0.0162796 -0.996932 -0.515621 -0.856434 0.0256121 1.1425 2.81753 1.88519</i>
                        <i>-0.859716 0.506823 0.0633914 -0.0651742 0.0142434 -0.997772 -0.506597 -0.861932 0.0207865 1.21126 2.80934 1.88284</i>
                        <i>-0.860499 0.506372 0.05593 -0.0581804 0.0113895 -0.998241 -0.506118 -0.86224 0.0196603 1.28617 2.80227 1.88035</i>
                        <i>-0.856711 0.513252 0.0511766 -0.0549872 0.00777308 -0.998457 -0.512858 -0.858203 0.021563 1.36595 2.79481 1.87776</i>
                        <i>-0.84908 0.526024 0.0485962 -0.0549783 0.00350056 -0.998481 -0.525396 -0.850462 0.0259477 1.4493 2.78546 1.87508</i>
                        <i>-0.83821 0.543266 0.0476047 -0.0574746 -0.00119622 -0.998346 -0.54231 -0.83956 0.0322267 1.53492 2.77271 1.87231</i>
                        <i>-0.824669 0.563607 0.0476241 -0.0616943 -0.00593471 -0.998077 -0.562241 -0.826022 0.0396655 1.6215 2.75505 1.86945</i>
                        <i>-0.809062 0.585749 0.0481281 -0.0667285 -0.0101907 -0.997719 -0.583922 -0.810429 0.0473311 1.70776 2.73101 1.86652</i>
                        <i>-0.792085 0.608466 0.0486874 -0.0715423 -0.0133274 -0.997349 -0.606204 -0.793468 0.0540875 1.79242 2.69914 1.86355</i>
                        <i>-0.774562 0.630597 0.0490093 -0.0750048 -0.0146368 -0.997076 -0.628035 -0.775973 0.0586348 1.87422 2.65798 1.86059</i>
                        <i>-0.755611 0.653162 0.0493077 -0.0755171 -0.0120924 -0.997071 -0.650653 -0.757121 0.0584621 1.95688 2.60672 1.85821</i>
                        <i>-0.733908 0.677381 0.0503352 -0.0727383 -0.00469737 -0.99734 -0.675343 -0.735617 0.052719 2.04403 2.54633 1.85669</i>
                        <i>-0.709837 0.702411 0.0524493 -0.0674847 0.00630054 -0.9977 -0.701126 -0.711744 0.0429296 2.13423 2.47798 1.85558</i>
                        <i>-0.683734 0.727622 0.055438 -0.0606177 0.0190752 -0.997979 -0.727209 -0.685713 0.0310644 2.22594 2.40294 1.85442</i>
                        <i>-0.655642 0.752786 0.0587068 -0.0531095 0.031581 -0.998089 -0.753202 -0.657507 0.0192743 2.31743 2.32271 1.85266</i>
                        <i>-0.625157 0.778053 0.0617468 -0.046166 0.0421117 -0.998046 -0.779133 -0.626785 0.0095932 2.40687 2.23911 1.84976</i>
                        <i>-0.591772 0.80332 0.0669566 -0.042462 0.0518824 -0.99775 -0.804986 -0.593284 0.00340803 2.49314 2.15374 1.84746</i>
                        <i>-0.555263 0.82821 0.0758422 -0.0445064 0.0614709 -0.997116 -0.830483 -0.557037 0.00272811 2.57512 2.06801 1.84715</i>
                        <i>-0.514888 0.852826 0.0870542 -0.0535109 0.069378 -0.996154 -0.855585 -0.517567 0.00991357 2.65088 1.98391 1.84779</i>
                        <i>-0.469454 0.877333 0.0994967 -0.0705345 0.0750625 -0.994681 -0.880135 -0.473975 0.0266438 2.71842 1.90392 1.84846</i>
                        <i>-0.417701 0.901702 0.111617 -0.0966231 0.0780668 -0.992255 -0.903432 -0.425251 0.0545166 2.77562 1.83077 1.84825</i>
                        <i>-0.348136 0.928951 0.125904 -0.157247 0.0745356 -0.984743 -0.924162 -0.362622 0.120126 2.82366 1.75788 1.84734</i>
                        <i>-0.258236 0.957648 0.127371 -0.26357 0.0570037 -0.962955 -0.929433 -0.282241 0.237687 2.86344 1.67906 1.84477</i>
                        <i>-0.166273 0.981473 0.0952045 -0.393378 0.0225115 -0.919101 -0.904216 -0.190273 0.382347 2.89198 1.59731 1.83939</i>
                        <i>-0.0921483 0.995258 0.0311479 -0.52286 -0.0217414 -0.852141 -0.847423 -0.0948093 0.522384 2.90744 1.51539 1.8332</i>
                        <i>-0.0449595 0.998235 -0.0388082 -0.631732 -0.0585035 -0.772976 -0.773882 -0.0102362 0.633248 2.91084 1.43676 1.83058</i>
                        <i>-0.0152305 0.995691 -0.0914748 -0.733887 -0.0732669 -0.675309 -0.679101 0.0568468 0.731841 2.90512 1.36537 1.8324</i>
                        <i>0.00409632 0.992032 -0.125916 -0.832938 -0.0662921 -0.549382 -0.553352 0.107131 0.82603 2.89336 1.30474 1.83752</i>
                        <i>0.0171098 0.98986 -0.141015 -0.906808 -0.0440499 -0.419236 -0.421197 0.135046 0.896859 2.88027 1.25841 1.84586</i>
                        <i>0.0270319 0.989443 -0.142381 -0.948209 -0.0197161 -0.317035 -0.316495 0.143577 0.937665 2.87031 1.22908 1.85433</i>
                        <i>0.0316337 0.989588 -0.140411 -0.96109 -0.00845356 -0.276107 -0.274419 0.143682 0.950815 2.8665 1.21885 1.85818</i>
                        <i>0.0299246 0.989937 -0.138309 -0.963697 -0.00815487 -0.266874 -0.265316 0.141274 0.953755 2.8658 1.21948 1.85854</i>
                        <i>0.0255519 0.990853 -0.132501 -0.970246 -0.00734232 -0.242012 -0.240771 0.134742 0.961184 2.86397 1.22276 1.85955</i>
                        <i>0.0197761 0.992127 -0.123662 -0.978588 -0.00613761 -0.205738 -0.204877 0.125083 0.970762 2.86143 1.23077 1.86114</i>
                        <i>0.0138207 0.993546 -0.112581 -0.986719 -0.00467236 -0.162367 -0.161845 0.11333 0.980287 2.8586 1.24476 1.86318</i>
                        <i>0.00865204 0.99492 -0.100298 -0.993198 -0.00309645 -0.116392 -0.116112 0.100623 0.988126 2.85584 1.26265 1.86552</i>
                        <i>0.00482886 0.996098 -0.0881193 -0.99737 -0.00157542 -0.0724635 -0.0723196 0.0882374 0.993471 2.85345 1.28155 1.8679</i>
                        <i>0.00245745 0.996987 -0.0775305 -0.999377 -0.00028152 -0.035297 -0.0352125 0.0775689 0.996365 2.8516 1.29859 1.87001</i>
                        <i>0.00128588 0.997541 -0.0700781 -0.999954 0.000615048 -0.00959344 -0.00952674 0.0700872 0.997495 2.85042 1.31091 1.87153</i>
                        <i>0.000947603 0.997734 -0.0672729 -1 0.000949755 1.19806e-012 6.38928e-005 0.0672729 0.997735 2.85 1.31565 1.8721</i>
                    </KeyFrames>
                </p>
            </i>
            <i>
                <p>
                    <Name><![CDATA[spine1]]></Name>
                    <Exclude>0</Exclude>
                    <Additive>0</Additive>
                    <IKPriority>0</IKPriority>
                    <IKRotLimits>-1e+010 -1e+010 -1e+010 1e+010 1e+010 1e+010</IKRotLimits>
                    <IKRotLimitOrder>0</IKRotLimitOrder>
                    <KeyFrames count="61">
                        <i>-0.756137 0.616531 0.219421 -0.237775 0.0535474 -0.969843 -0.609688 -0.785508 0.106106 0.931924 3.00283 1.88263</i>
                        <i>-0.756137 0.616531 0.219421 -0.237775 0.0535474 -0.969843 -0.609688 -0.785508 0.106106 0.931924 3.00283 1.88263</i>
                        <i>-0.756137 0.616531 0.219421 -0.237775 0.0535474 -0.969843 -0.609688 -0.785508 0.106106 0.931924 3.00283 1.88263</i>
                        <i>-0.756137 0.616531 0.219421 -0.237775 0.0535474 -0.969843 -0.609688 -0.785508 0.106106 0.931924 3.00283 1.88263</i>
                        <i>-0.756137 0.616531 0.219421 -0.237775 0.0535474 -0.969843 -0.609688 -0.785508 0.106106 0.931924 3.00283 1.88263</i>
                        <i>-0.756137 0.616531 0.219421 -0.237775 0.0535474 -0.969843 -0.609688 -0.785508 0.106106 0.931924 3.00283 1.88263</i>
                        <i>-0.756137 0.616531 0.219421 -0.237775 0.0535474 -0.969843 -0.609688 -0.785508 0.106106 0.931924 3.00283 1.88263</i>
                        <i>-0.756137 0.616531 0.219421 -0.237775 0.0535474 -0.969843 -0.609688 -0.785508 0.106106 0.931924 3.00283 1.88263</i>
                        <i>-0.756137 0.616531 0.219421 -0.237775 0.0535474 -0.969843 -0.609688 -0.785508 0.106106 0.931924 3.00283 1.88263</i>
                        <i>-0.756137 0.616531 0.219421 -0.237775 0.0535474 -0.969843 -0.609688 -0.785508 0.106106 0.931924 3.00283 1.88263</i>
                        <i>-0.756137 0.616531 0.219421 -0.237775 0.0535474 -0.969843 -0.609688 -0.785508 0.106106 0.931924 3.00283 1.88263</i>
                        <i>-0.756137 0.616531 0.219421 -0.237775 0.0535474 -0.969843 -0.609688 -0.785508 0.106106 0.931924 3.00283 1.88263</i>
                        <i>-0.756137 0.616531 0.219421 -0.237775 0.0535474 -0.969843 -0.609688 -0.785508 0.106106 0.931924 3.00283 1.88263</i>
                        <i>-0.756137 0.616531 0.219421 -0.237775 0.0535474 -0.969843 -0.609688 -0.785508 0.106106 0.931924 3.00283 1.88263</i>
                        <i>-0.756137 0.616531 0.219421 -0.237775 0.0535474 -0.969843 -0.609688 -0.785508 0.106106 0.931924 3.00283 1.88263</i>
                        <i>-0.756137 0.616531 0.219421 -0.237775 0.0535474 -0.969843 -0.609688 -0.785508 0.106106 0.931924 3.00283 1.88263</i>
                        <i>-0.802752 0.553385 0.222158 -0.218206 0.0741134 -0.973085 -0.554955 -0.829622 0.0612572 0.930078 2.99954 1.8915</i>
                        <i>-0.892022 0.402337 0.205966 -0.174985 0.11275 -0.978094 -0.416746 -0.908522 -0.0301724 0.925259 2.98771 1.90551</i>
                        <i>-0.96513 0.211447 0.154321 -0.125146 0.145093 -0.981472 -0.22992 -0.96656 -0.113572 0.920008 2.96652 1.91146</i>
                        <i>-0.994528 0.0468065 0.0933953 -0.084779 0.160763 -0.983345 -0.0610415 -0.985883 -0.155915 0.917732 2.94352 1.90794</i>
                        <i>-0.997604 -0.0225001 0.0654179 -0.0682335 0.16421 -0.984063 0.0113993 -0.986169 -0.165352 0.917721 2.93259 1.90437</i>
                        <i>-0.996956 -0.0490238 0.0606262 -0.0681555 0.170345 -0.983025 0.0378642 -0.984164 -0.173168 0.976882 2.91784 1.89955</i>
                        <i>-0.995983 -0.0604567 0.0660457 -0.0758256 0.177215 -0.981247 0.0476186 -0.982314 -0.181087 1.04494 2.90755 1.89511</i>
                        <i>-0.995112 -0.0587518 0.0793796 -0.0889763 0.184617 -0.978775 0.0428498 -0.981053 -0.188942 1.12028 2.90004 1.89113</i>
                        <i>-0.994104 -0.0459021 0.0982306 -0.105289 0.192329 -0.975666 0.0258926 -0.980256 -0.196028 1.20139 2.89355 1.88759</i>
                        <i>-0.992468 -0.0239843 0.120134 -0.122503 0.200053 -0.972097 -0.000718265 -0.979491 -0.201484 1.28676 2.8863 1.88438</i>
                        <i>-0.989771 0.00482461 0.142586 -0.138497 0.207388 -0.968405 -0.0342426 -0.978247 -0.204598 1.37495 2.87652 1.8814</i>
                        <i>-0.985871 0.0382606 0.16308 -0.151344 0.213799 -0.965083 -0.0717909 -0.976128 -0.204987 1.46455 2.86246 1.87852</i>
                        <i>-0.981032 0.0740179 0.179159 -0.15932 0.218613 -0.962718 -0.110425 -0.973 -0.202674 1.55414 2.84237 1.87566</i>
                        <i>-0.975928 0.109806 0.188434 -0.16086 0.221019 -0.961912 -0.147271 -0.969068 -0.198035 1.64236 2.81455 1.87277</i>
                        <i>-0.971535 0.143406 0.18856 -0.154455 0.220067 -0.963179 -0.179621 -0.964886 -0.191653 1.72778 2.77734 1.86985</i>
                        <i>-0.969567 0.175372 0.170835 -0.132133 0.2126 -0.968164 -0.206108 -0.961273 -0.182958 1.81434 2.73008 1.86751</i>
                        <i>-0.969039 0.20834 0.132509 -0.0912521 0.196482 -0.976252 -0.229428 -0.958118 -0.171388 1.90581 2.67404 1.86616</i>
                        <i>-0.966643 0.243138 0.0805321 -0.0386369 0.172401 -0.984269 -0.253197 -0.954548 -0.157256 2.00053 2.61043 1.86546</i>
                        <i>-0.959653 0.280265 0.0227291 0.0180448 0.14205 -0.989695 -0.280606 -0.949354 -0.141376 2.09679 2.54053 1.86489</i>
                        <i>-0.94689 0.319901 -0.0326093 0.0708344 0.108591 -0.99156 -0.313659 -0.941208 -0.125483 2.19297 2.46579 1.86381</i>
                        <i>-0.928916 0.362043 -0.0777164 0.112688 0.0764694 -0.990684 -0.352727 -0.92902 -0.111831 2.28751 2.38786 1.86156</i>
                        <i>-0.906541 0.40579 -0.116269 0.145516 0.0418639 -0.98847 -0.396244 -0.913007 -0.0970003 2.37935 2.30843 1.86034</i>
                        <i>-0.879956 0.450567 -0.150558 0.169293 0.00129948 -0.985565 -0.443867 -0.892742 -0.0774212 2.46737 2.22897 1.86188</i>
                        <i>-0.850512 0.496705 -0.172953 0.177184 -0.0390273 -0.983404 -0.495212 -0.867041 -0.0548153 2.55007 2.15118 1.86486</i>
                        <i>-0.819723 0.544439 -0.177877 0.165037 -0.0728705 -0.983592 -0.548468 -0.835629 -0.0301191 2.62598 2.077 1.86807</i>
                        <i>-0.788028 0.594188 -0.161099 0.130508 -0.0944995 -0.986933 -0.601648 -0.798756 -0.00307774 2.69346 2.00849 1.87023</i>
                        <i>-0.75175 0.649775 -0.112539 0.0503713 -0.113579 -0.992251 -0.657522 -0.751593 0.0526527 2.75568 1.93972 1.87196</i>
                        <i>-0.702856 0.70996 -0.0441604 -0.0842237 -0.144704 -0.985884 -0.706328 -0.689215 0.161502 2.81353 1.86465 1.86941</i>
                        <i>-0.638021 0.76984 0.0165814 -0.248933 -0.185835 -0.950525 -0.728671 -0.610583 0.310205 2.86029 1.78508 1.85755</i>
                        <i>-0.560292 0.826605 0.052884 -0.414734 -0.224703 -0.881762 -0.716986 -0.515977 0.468721 2.89016 1.70292 1.83901</i>
                        <i>-0.473042 0.878571 0.0659102 -0.556635 -0.240039 -0.795323 -0.682927 -0.412909 0.602592 2.90257 1.62179 1.82333</i>
                        <i>-0.366146 0.927684 0.0730793 -0.688164 -0.217072 -0.692322 -0.626392 -0.303781 0.717879 2.90239 1.54698 1.81567</i>
                        <i>-0.243517 0.96731 0.0707914 -0.810804 -0.162976 -0.562171 -0.532256 -0.194296 0.823986 2.89413 1.4832 1.81483</i>
                        <i>-0.129734 0.99001 0.0552217 -0.899442 -0.0940594 -0.426798 -0.41734 -0.105039 0.902659 2.88333 1.43466 1.82071</i>
                        <i>-0.0481935 0.998187 0.0360545 -0.947068 -0.0341957 -0.319207 -0.317395 -0.0495298 0.946999 2.87511 1.40416 1.82911</i>
                        <i>-0.017157 0.999479 0.0273236 -0.961184 -0.00896087 -0.275763 -0.275375 -0.0309943 0.960837 2.8721 1.39357 1.83336</i>
                        <i>-0.0160564 0.999544 0.0255711 -0.963785 -0.00866308 -0.266541 -0.266198 -0.0289248 0.963484 2.87109 1.39405 1.83412</i>
                        <i>-0.0132672 0.999696 0.0207803 -0.970317 -0.00785302 -0.241708 -0.241471 -0.0233703 0.970127 2.86847 1.39694 1.83623</i>
                        <i>-0.0096556 0.999861 0.0136178 -0.978639 -0.00665213 -0.205477 -0.205358 -0.0153109 0.978567 2.8649 1.40442 1.83947</i>
                        <i>-0.00605309 0.99997 0.00481832 -0.986751 -0.00519171 -0.162159 -0.16213 -0.00573604 0.986753 2.86101 1.41781 1.84356</i>
                        <i>-0.0030907 0.999984 -0.00474364 -0.993214 -0.0036212 -0.116243 -0.116258 0.00435218 0.993209 2.85734 1.43512 1.84812</i>
                        <i>-0.00109074 0.999901 -0.0140598 -0.997376 -0.00210559 -0.0723701 -0.0723925 0.013944 0.997279 2.85428 1.45351 1.85268</i>
                        <i>-3.91261e-005 0.999757 -0.0220462 -0.999378 -0.000816465 -0.0352517 -0.0352611 0.0220311 0.999135 2.85202 1.47015 1.85667</i>
                        <i>0.000341245 0.999619 -0.0276106 -0.999954 7.67028e-005 -0.00958165 -0.00957588 0.0276126 0.999573 2.85064 1.48221 1.85949</i>
                        <i>0.000409963 0.999559 -0.029694 -1 0.000410121 -7.60918e-007 1.14176e-005 0.029694 0.999559 2.85016 1.48686 1.86056</i>
                    </KeyFrames>
                </p>
            </i>
            <i>
                <p>
                    <Name><![CDATA[spine2]]></Name>
                    <Exclude>0</Exclude>
                    <Additive>0</Additive>
                    <IKPriority>0</IKPriority>
                    <IKRotLimits>-1e+010 -1e+010 -1e+010 1e+010 1e+010 1e+010</IKRotLimits>
                    <IKRotLimitOrder>0</IKRotLimitOrder>
                    <KeyFrames count="61">
                        <i>-0.824661 0.520196 0.222105 -0.168689 0.148614 -0.974401 -0.539887 -0.841017 -0.0348048 0.798506 3.11107 1.92117</i>
                        <i>-0.824661 0.520196 0.222105 -0.168689 0.148614 -0.974401 -0.539887 -0.841017 -0.0348048 0.798506 3.11107 1.92117</i>
                        <i>-0.824661 0.520196 0.222105 -0.168689 0.148614 -0.974401 -0.539887 -0.841017 -0.0348048 0.798506 3.11107 1.92117</i>
                        <i>-0.824661 0.520196 0.222105 -0.168689 0.148614 -0.974401 -0.539887 -0.841017 -0.0348048 0.798506 3.11107 1.92117</i>
                        <i>-0.824661 0.520196 0.222105 -0.168689 0.148614 -0.974401 -0.539887 -0.841017 -0.0348048 0.798506 3.11107 1.92117</i>
                        <i>-0.824661 0.520196 0.222105 -0.168689 0.148614 -0.974401 -0.539887 -0.841017 -0.0348048 0.798506 3.11107 1.92117</i>
                        <i>-0.824661 0.520196 0.222105 -0.168689 0.148614 -0.974401 -0.539887 -0.841017 -0.0348048 0.798506 3.11107 1.92117</i>
                        <i>-0.824661 0.520196 0.222105 -0.168689 0.148614 -0.974401 -0.539887 -0.841017 -0.0348048 0.798506 3.11107 1.92117</i>
                        <i>-0.824661 0.520196 0.222105 -0.168689 0.148614 -0.974401 -0.539887 -0.841017 -0.0348048 0.798506 3.11107 1.92117</i>
                        <i>-0.824661 0.520196 0.222105 -0.168689 0.148614 -0.974401 -0.539887 -0.841017 -0.0348048 0.798506 3.11107 1.92117</i>
                        <i>-0.824661 0.520196 0.222105 -0.168689 0.148614 -0.974401 -0.539887 -0.841017 -0.0348048 0.798506 3.11107 1.92117</i>
                        <i>-0.824661 0.520196 0.222105 -0.168689 0.148614 -0.974401 -0.539887 -0.841017 -0.0348048 0.798506 3.11107 1.92117</i>
                        <i>-0.824661 0.520196 0.222105 -0.168689 0.148614 -0.974401 -0.539887 -0.841017 -0.0348048 0.798506 3.11107 1.92117</i>
                        <i>-0.824661 0.520196 0.222105 -0.168689 0.148614 -0.974401 -0.539887 -0.841017 -0.0348048 0.798506 3.11107 1.92117</i>
                        <i>-0.824661 0.520196 0.222105 -0.168689 0.148614 -0.974401 -0.539887 -0.841017 -0.0348048 0.798506 3.11107 1.92117</i>
                        <i>-0.824661 0.520196 0.222105 -0.168689 0.148614 -0.974401 -0.539887 -0.841017 -0.0348048 0.798506 3.11107 1.92117</i>
                        <i>-0.868854 0.443485 0.220031 -0.157599 0.173554 -0.972132 -0.469314 -0.879318 -0.0809002 0.788182 3.09684 1.93059</i>
                        <i>-0.945674 0.262795 0.191412 -0.134854 0.218649 -0.96644 -0.295828 -0.939751 -0.171331 0.767001 3.05861 1.94185</i>
                        <i>-0.991335 0.040411 0.124989 -0.110869 0.252922 -0.961113 -0.070452 -0.966642 -0.24625 0.748128 3.00371 1.93873</i>
                        <i>-0.987864 -0.145387 0.0546604 -0.0922105 0.26576 -0.959619 0.12499 -0.953013 -0.275941 0.740143 2.9514 1.92439</i>
                        <i>-0.974812 -0.221716 0.0241535 -0.0844926 0.266903 -0.960012 0.206403 -0.937872 -0.278914 0.73941 2.92808 1.91584</i>
                        <i>-0.967174 -0.253699 0.0145334 -0.0843484 0.266559 -0.960121 0.239708 -0.92983 -0.279208 0.799115 2.90862 1.91013</i>
                        <i>-0.962869 -0.2696 0.0141137 -0.0884999 0.265821 -0.959952 0.255051 -0.925557 -0.27981 0.867907 2.89634 1.90662</i>
                        <i>-0.962173 -0.271641 0.0208568 -0.095693 0.265287 -0.959409 0.255082 -0.925113 -0.281247 0.944035 2.88917 1.90496</i>
                        <i>-0.964532 -0.261922 0.0327911 -0.10464 0.265347 -0.958458 0.24234 -0.927894 -0.283343 1.02594 2.885 1.9047</i>
                        <i>-0.968957 -0.242529 0.0479728 -0.114013 0.266181 -0.957157 0.219368 -0.932913 -0.28557 1.11218 2.88165 1.90529</i>
                        <i>-0.974346 -0.215632 0.0644357 -0.122461 0.267772 -0.955668 0.188819 -0.939043 -0.28731 1.20135 2.87696 1.90618</i>
                        <i>-0.979738 -0.183541 0.0801673 -0.128648 0.269921 -0.95425 0.153505 -0.945228 -0.288064 1.29207 2.86875 1.90682</i>
                        <i>-0.984487 -0.148708 0.0931167 -0.131287 0.272272 -0.953222 0.116399 -0.95066 -0.287572 1.3829 2.8549 1.9067</i>
                        <i>-0.988347 -0.113691 0.101214 -0.129146 0.27436 -0.952915 0.080569 -0.954883 -0.285846 1.47235 2.8333 1.90537</i>
                        <i>-0.991436 -0.0810739 0.102381 -0.121016 0.275653 -0.953609 0.0490911 -0.957832 -0.283103 1.55888 2.8019 1.90241</i>
                        <i>-0.99467 -0.0497735 0.0902995 -0.100596 0.276306 -0.955791 0.0226228 -0.95978 -0.27984 1.64613 2.76013 1.89693</i>
                        <i>-0.997867 -0.016301 0.0632139 -0.0652569 0.275822 -0.958991 -0.0018033 -0.961071 -0.276297 1.73797 2.70975 1.8889</i>
                        <i>-0.999448 0.0204246 0.0261996 -0.0196387 0.272835 -0.96186 -0.0267937 -0.961844 -0.272283 1.83307 2.65217 1.8792</i>
                        <i>-0.998019 0.0610832 -0.0150613 0.0308504 0.266526 -0.963334 -0.0548293 -0.96189 -0.267882 1.93007 2.58883 1.86863</i>
                        <i>-0.992903 0.105647 -0.0546085 0.0803022 0.256881 -0.963101 -0.0877213 -0.960651 -0.263541 2.0276 2.52124 1.85792</i>
                        <i>-0.984337 0.153407 -0.0868711 0.123014 0.244692 -0.961766 -0.126285 -0.957388 -0.259731 2.12429 2.45103 1.84771</i>
                        <i>-0.972447 0.203743 -0.113298 0.159755 0.228456 -0.960357 -0.169782 -0.951996 -0.25471 2.2189 2.37978 1.83959</i>
                        <i>-0.95717 0.256452 -0.134381 0.1901 0.206593 -0.959782 -0.218376 -0.94422 -0.246496 2.31013 2.30897 1.83482</i>
                        <i>-0.939431 0.310708 -0.144669 0.207806 0.180697 -0.961335 -0.272553 -0.933171 -0.23432 2.39665 2.24023 1.83353</i>
                        <i>-0.92025 0.36536 -0.140183 0.207752 0.152553 -0.966213 -0.33163 -0.918281 -0.216291 2.47719 2.17523 1.83568</i>
                        <i>-0.900126 0.419375 -0.117889 0.18544 0.123997 -0.974801 -0.394189 -0.899305 -0.189382 2.5505 2.11568 1.84092</i>
                        <i>-0.877368 0.475622 -0.0633225 0.117971 0.0859069 -0.989294 -0.46509 -0.875445 -0.131481 2.62018 2.05621 1.85162</i>
                        <i>-0.844628 0.534992 0.0196616 -0.00612632 0.027065 -0.999615 -0.535318 -0.844423 -0.0195823 2.68806 1.99076 1.8615</i>
                        <i>-0.795999 0.59586 0.106469 -0.168413 -0.0490699 -0.984494 -0.581397 -0.801588 0.13941 2.7478 1.92017 1.86049</i>
                        <i>-0.731032 0.658648 0.178253 -0.341686 -0.127233 -0.931162 -0.590629 -0.741616 0.318062 2.79285 1.84587 1.84825</i>
                        <i>-0.6513 0.723647 0.22835 -0.498097 -0.180682 -0.848088 -0.572457 -0.6661 0.478124 2.82174 1.77134 1.83467</i>
                        <i>-0.541446 0.795442 0.272228 -0.648335 -0.188897 -0.73755 -0.535255 -0.575838 0.617991 2.84081 1.70248 1.82804</i>
                        <i>-0.398622 0.865098 0.304476 -0.789623 -0.15488 -0.593723 -0.466472 -0.477092 0.74484 2.85372 1.64322 1.82666</i>
                        <i>-0.25257 0.915772 0.312361 -0.89147 -0.0947422 -0.443064 -0.376152 -0.390365 0.840312 2.86201 1.59685 1.82986</i>
                        <i>-0.140437 0.942402 0.303573 -0.945439 -0.0366048 -0.323737 -0.293978 -0.332474 0.896124 2.86722 1.56671 1.83507</i>
                        <i>-0.0962105 0.950007 0.297034 -0.96115 -0.0111046 -0.275804 -0.258717 -0.31203 0.914168 2.86929 1.556 1.83788</i>
                        <i>-0.0918027 0.951601 0.293306 -0.963752 -0.0108085 -0.26658 -0.250508 -0.307147 0.918099 2.86846 1.5563 1.83835</i>
                        <i>-0.0803528 0.955758 0.282966 -0.970289 -0.0100029 -0.241743 -0.228217 -0.293984 0.928165 2.8663 1.55872 1.83967</i>
                        <i>-0.0647518 0.961481 0.267137 -0.978616 -0.0088082 -0.205506 -0.195237 -0.274731 0.941491 2.86333 1.56553 1.84172</i>
                        <i>-0.0478359 0.967795 0.247152 -0.986734 -0.0073549 -0.162181 -0.15514 -0.251631 0.955308 2.86003 1.57818 1.84437</i>
                        <i>-0.0319972 0.973869 0.224844 -0.993202 -0.00579152 -0.116256 -0.111916 -0.227036 0.967435 2.85685 1.59475 1.84739</i>
                        <i>-0.0189048 0.979082 0.202586 -0.997368 -0.00428233 -0.0723757 -0.0699943 -0.203421 0.976586 2.85411 1.61249 1.85046</i>
                        <i>-0.00940883 0.983044 0.18313 -0.999374 -0.00299831 -0.0352507 -0.0341039 -0.183347 0.982456 2.85202 1.62862 1.85318</i>
                        <i>-0.00370025 0.985543 0.169385 -0.999952 -0.00210852 -0.00957604 -0.00908045 -0.169412 0.985503 2.85069 1.64035 1.85513</i>
                        <i>-0.00175113 0.986426 0.1642 -0.999998 -0.00177632 6.59167e-006 0.000298173 -0.1642 0.986427 2.85023 1.64487 1.85586</i>
                    </KeyFrames>
                </p>
            </i>
            <i>
                <p>
                    <Name><![CDATA[head]]></Name>
                    <Exclude>0</Exclude>
                    <Additive>0</Additive>
                    <IKPriority>0</IKPriority>
                    <IKRotLimits>-1e+010 -1e+010 -1e+010 1e+010 1e+010 1e+010</IKRotLimits>
                    <IKRotLimitOrder>0</IKRotLimitOrder>
                    <KeyFrames count="61">
                        <i>-0.365212 0.912279 0.185386 0.803146 0.409467 -0.432773 -0.470719 -0.00916195 -0.882235 0.590531 3.27024 1.97768</i>
                        <i>-0.365212 0.912279 0.185386 0.803146 0.409467 -0.432773 -0.470719 -0.00916195 -0.882235 0.590531 3.27024 1.97768</i>
                        <i>-0.365212 0.912279 0.185386 0.803146 0.409467 -0.432773 -0.470719 -0.00916195 -0.882235 0.590531 3.27024 1.97768</i>
                        <i>-0.365212 0.912279 0.185386 0.803146 0.409467 -0.432773 -0.470719 -0.00916195 -0.882235 0.590531 3.27024 1.97768</i>
                        <i>-0.365212 0.912279 0.185386 0.803146 0.409467 -0.432773 -0.470719 -0.00916195 -0.882235 0.590531 3.27024 1.97768</i>
                        <i>-0.365212 0.912279 0.185386 0.803146 0.409467 -0.432773 -0.470719 -0.00916195 -0.882235 0.590531 3.27024 1.97768</i>
                        <i>-0.365212 0.912279 0.185386 0.803146 0.409467 -0.432773 -0.470719 -0.00916195 -0.882235 0.590531 3.27024 1.97768</i>
                        <i>-0.365212 0.912279 0.185386 0.803146 0.409467 -0.432773 -0.470719 -0.00916195 -0.882235 0.590531 3.27024 1.97768</i>
                        <i>-0.365212 0.912279 0.185386 0.803146 0.409467 -0.432773 -0.470719 -0.00916195 -0.882235 0.590531 3.27024 1.97768</i>
                        <i>-0.365212 0.912279 0.185386 0.803146 0.409467 -0.432773 -0.470719 -0.00916195 -0.882235 0.590531 3.27024 1.97768</i>
                        <i>-0.365212 0.912279 0.185386 0.803146 0.409467 -0.432773 -0.470719 -0.00916195 -0.882235 0.590531 3.27024 1.97768</i>
                        <i>-0.365212 0.912279 0.185386 0.803146 0.409467 -0.432773 -0.470719 -0.00916195 -0.882235 0.590531 3.27024 1.97768</i>
                        <i>-0.365212 0.912279 0.185386 0.803146 0.409467 -0.432773 -0.470719 -0.00916195 -0.882235 0.590531 3.27024 1.97768</i>
                        <i>-0.365212 0.912279 0.185386 0.803146 0.409467 -0.432773 -0.470719 -0.00916195 -0.882235 0.590531 3.27024 1.97768</i>
                        <i>-0.365212 0.912279 0.185386 0.803146 0.409467 -0.432773 -0.470719 -0.00916195 -0.882235 0.590531 3.27024 1.97768</i>
                        <i>-0.365212 0.912279 0.185386 0.803146 0.409467 -0.432773 -0.470719 -0.00916195 -0.882235 0.590531 3.27024 1.97768</i>
                        <i>-0.355826 0.903569 0.238645 0.779676 0.427806 -0.457262 -0.515261 0.0233606 -0.856715 0.56623 3.23598 1.98772</i>
                        <i>-0.356784 0.881195 0.310162 0.7007 0.472013 -0.534999 -0.617839 0.0264513 -0.78586 0.519709 3.14954 1.99344</i>
                        <i>-0.408087 0.859859 0.306768 0.572345 0.502751 -0.647814 -0.711256 -0.0887874 -0.697303 0.483378 3.03383 1.97394</i>
                        <i>-0.498269 0.834941 0.233668 0.461579 0.483589 -0.743697 -0.733943 -0.262705 -0.626349 0.472629 2.92981 1.94108</i>
                        <i>-0.547075 0.816268 0.185514 0.421953 0.460314 -0.781067 -0.722955 -0.349024 -0.596253 0.474086 2.88505 1.92428</i>
                        <i>-0.58537 0.783671 0.207848 0.41228 0.508458 -0.755973 -0.698117 -0.356833 -0.620728 0.535603 2.8565 1.91516</i>
