<?xml version="1.0" encoding="ISO-8859-1" ?>
<Animl Version="1">
    <ModellingPackage><![CDATA[Maya.2010]]></ModellingPackage>
    <SrcFile><![CDATA[anims\vehicles\red\~src\air\helicopter_mi8hip\mi8hip_takeoff_crewman_a.mb]]></SrcFile>
    <FramesPerSecond>30</FramesPerSecond>
    <TotalFrames>121</TotalFrames>
    <Skeleton>
        <RefFrame>
            <Name><![CDATA[soldier_ref_frame]]></Name>
            <Exclude>0</Exclude>
            <Additive>0</Additive>
            <IKPriority>0</IKPriority>
            <IKRotLimits>-1e+010 -1e+010 -1e+010 1e+010 1e+010 1e+010</IKRotLimits>
            <IKRotLimitOrder>0</IKRotLimitOrder>
            <KeyFrames count="121">
                <i>1 0 0 0 1 0 0 0 1 1.9 0 4.73</i>
                <i>1 0 0 0 1 0 0 0 1 1.9 0 4.73</i>
                <i>1 0 0 0 1 0 0 0 1 1.9 0 4.73</i>
                <i>1 0 0 0 1 0 0 0 1 1.9 0 4.73</i>
                <i>1 0 0 0 1 0 0 0 1 1.9 0 4.73</i>
                <i>1 0 0 0 1 0 0 0 1 1.9 0 4.73</i>
                <i>1 0 0 0 1 0 0 0 1 1.9 0 4.73</i>
                <i>1 0 0 0 1 0 0 0 1 1.9 0 4.73</i>
                <i>1 0 0 0 1 0 0 0 1 1.9 0 4.73</i>
                <i>1 0 0 0 1 0 0 0 1 1.9 0 4.73</i>
                <i>1 0 0 0 1 0 0 0 1 1.9 0 4.73</i>
                <i>1 0 0 0 1 0 0 0 1 1.9 0 4.73</i>
                <i>1 0 0 0 1 0 0 0 1 1.9 0 4.73</i>
                <i>1 0 0 0 1 0 0 0 1 1.9 0 4.73</i>
                <i>1 0 0 0 1 0 0 0 1 1.9 0 4.73</i>
                <i>1 0 0 0 1 0 0 0 1 1.9 0 4.73</i>
                <i>1 0 0 0 1 0 0 0 1 1.9 0 4.73</i>
                <i>1 0 0 0 1 0 0 0 1 1.9 0 4.73</i>
                <i>1 0 0 0 1 0 0 0 1 1.9 0 4.73</i>
                <i>1 0 0 0 1 0 0 0 1 1.9 0 4.73</i>
                <i>1 0 0 0 1 0 0 0 1 1.9 0 4.73</i>
                <i>1 0 0 0 1 0 0 0 1 1.9 0 4.73</i>
                <i>1 0 0 0 1 0 0 0 1 1.9 0 4.73</i>
                <i>1 0 0 0 1 0 0 0 1 1.9 0 4.73</i>
                <i>1 0 0 0 1 0 0 0 1 1.9 0 4.73</i>
                <i>1 0 0 0 1 0 0 0 1 1.9 0 4.73</i>
                <i>1 0 0 0 1 0 0 0 1 1.9 0 4.73</i>
                <i>1 0 0 0 1 0 0 0 1 1.9 0 4.73</i>
                <i>1 0 0 0 1 0 0 0 1 1.9 0 4.73</i>
                <i>1 0 0 0 1 0 0 0 1 1.9 0 4.73</i>
                <i>1 0 0 0 1 0 0 0 1 1.9 0 4.73</i>
                <i>1 0 0 0 1 0 0 0 1 1.9 0 4.73</i>
                <i>1 0 0 0 1 0 0 0 1 1.9 0 4.73</i>
                <i>1 0 0 0 1 0 0 0 1 1.9 0 4.73</i>
                <i>1 0 0 0 1 0 0 0 1 1.9 0 4.73</i>
                <i>1 0 0 0 1 0 0 0 1 1.9 0 4.73</i>
                <i>1 0 0 0 1 0 0 0 1 1.9 0 4.73</i>
                <i>1 0 0 0 1 0 0 0 1 1.9 0 4.73</i>
                <i>1 0 0 0 1 0 0 0 1 1.9 0 4.73</i>
                <i>1 0 0 0 1 0 0 0 1 1.9 0 4.73</i>
                <i>1 0 0 0 1 0 0 0 1 1.9 0 4.73</i>
                <i>1 0 0 0 1 0 0 0 1 1.9 0 4.73</i>
                <i>1 0 0 0 1 0 0 0 1 1.9 0 4.73</i>
                <i>1 0 0 0 1 0 0 0 1 1.9 0 4.73</i>
                <i>1 0 0 0 1 0 0 0 1 1.9 0 4.73</i>
                <i>1 0 0 0 1 0 0 0 1 1.9 0 4.73</i>
                <i>1 0 0 0 1 0 0 0 1 1.9 0 4.73</i>
                <i>1 0 0 0 1 0 0 0 1 1.9 0 4.73</i>
                <i>1 0 0 0 1 0 0 0 1 1.9 0 4.73</i>
                <i>1 0 0 0 1 0 0 0 1 1.9 0 4.73</i>
                <i>1 0 0 0 1 0 0 0 1 1.9 0 4.73</i>
                <i>1 0 0 0 1 0 0 0 1 1.9 0 4.73</i>
                <i>1 0 0 0 1 0 0 0 1 1.9 0 4.73</i>
                <i>1 0 0 0 1 0 0 0 1 1.9 0 4.73</i>
                <i>1 0 0 0 1 0 0 0 1 1.9 0 4.73</i>
                <i>1 0 0 0 1 0 0 0 1 1.9 0 4.73</i>
                <i>1 0 0 0 1 0 0 0 1 1.9 0 4.73</i>
                <i>1 0 0 0 1 0 0 0 1 1.9 0 4.73</i>
                <i>1 0 0 0 1 0 0 0 1 1.9 0 4.73</i>
                <i>1 0 0 0 1 0 0 0 1 1.9 0 4.73</i>
                <i>1 0 0 0 1 0 0 0 1 1.9 0 4.73</i>
                <i>1 0 0 0 1 0 0 0 1 1.9 0 4.73</i>
                <i>1 0 0 0 1 0 0 0 1 1.9 0 4.73</i>
                <i>1 0 0 0 1 0 0 0 1 1.9 0 4.73</i>
                <i>1 0 0 0 1 0 0 0 1 1.9 0 4.73</i>
                <i>1 0 0 0 1 0 0 0 1 1.9 0 4.73</i>
                <i>1 0 0 0 1 0 0 0 1 1.9 0 4.73</i>
                <i>1 0 0 0 1 0 0 0 1 1.9 0 4.73</i>
                <i>1 0 0 0 1 0 0 0 1 1.9 0 4.73</i>
                <i>1 0 0 0 1 0 0 0 1 1.9 0 4.73</i>
                <i>1 0 0 0 1 0 0 0 1 1.9 0 4.73</i>
                <i>1 0 0 0 1 0 0 0 1 1.9 0 4.73</i>
                <i>1 0 0 0 1 0 0 0 1 1.9 0 4.73</i>
                <i>1 0 0 0 1 0 0 0 1 1.9 0 4.73</i>
                <i>1 0 0 0 1 0 0 0 1 1.9 0 4.73</i>
                <i>1 0 0 0 1 0 0 0 1 1.9 0 4.73</i>
                <i>1 0 0 0 1 0 0 0 1 1.9 0 4.73</i>
                <i>1 0 0 0 1 0 0 0 1 1.9 0 4.73</i>
                <i>1 0 0 0 1 0 0 0 1 1.9 0 4.73</i>
                <i>1 0 0 0 1 0 0 0 1 1.9 0 4.73</i>
                <i>1 0 0 0 1 0 0 0 1 1.9 0 4.73</i>
                <i>1 0 0 0 1 0 0 0 1 1.9 0 4.73</i>
                <i>1 0 0 0 1 0 0 0 1 1.9 0 4.73</i>
                <i>1 0 0 0 1 0 0 0 1 1.9 0 4.73</i>
                <i>1 0 0 0 1 0 0 0 1 1.9 0 4.73</i>
                <i>1 0 0 0 1 0 0 0 1 1.9 0 4.73</i>
                <i>1 0 0 0 1 0 0 0 1 1.9 0 4.73</i>
                <i>1 0 0 0 1 0 0 0 1 1.9 0 4.73</i>
                <i>1 0 0 0 1 0 0 0 1 1.9 0 4.73</i>
                <i>1 0 0 0 1 0 0 0 1 1.9 0 4.73</i>
                <i>1 0 0 0 1 0 0 0 1 1.9 0 4.73</i>
                <i>1 0 0 0 1 0 0 0 1 1.9 0 4.73</i>
                <i>1 0 0 0 1 0 0 0 1 1.9 0 4.73</i>
                <i>1 0 0 0 1 0 0 0 1 1.9 0 4.73</i>
                <i>1 0 0 0 1 0 0 0 1 1.9 0 4.73</i>
                <i>1 0 0 0 1 0 0 0 1 1.9 0 4.73</i>
                <i>1 0 0 0 1 0 0 0 1 1.9 0 4.73</i>
                <i>1 0 0 0 1 0 0 0 1 1.9 0 4.73</i>
                <i>1 0 0 0 1 0 0 0 1 1.9 0 4.73</i>
                <i>1 0 0 0 1 0 0 0 1 1.9 0 4.73</i>
                <i>1 0 0 0 1 0 0 0 1 1.9 0 4.73</i>
                <i>1 0 0 0 1 0 0 0 1 1.9 0 4.73</i>
                <i>1 0 0 0 1 0 0 0 1 1.9 0 4.73</i>
                <i>1 0 0 0 1 0 0 0 1 1.9 0 4.73</i>
                <i>1 0 0 0 1 0 0 0 1 1.9 0 4.73</i>
                <i>1 0 0 0 1 0 0 0 1 1.9 0 4.73</i>
                <i>1 0 0 0 1 0 0 0 1 1.9 0 4.73</i>
                <i>1 0 0 0 1 0 0 0 1 1.9 0 4.73</i>
                <i>1 0 0 0 1 0 0 0 1 1.9 0 4.73</i>
                <i>1 0 0 0 1 0 0 0 1 1.9 0 4.73</i>
                <i>1 0 0 0 1 0 0 0 1 1.9 0 4.73</i>
                <i>1 0 0 0 1 0 0 0 1 1.9 0 4.73</i>
                <i>1 0 0 0 1 0 0 0 1 1.9 0 4.73</i>
                <i>1 0 0 0 1 0 0 0 1 1.9 0 4.73</i>
                <i>1 0 0 0 1 0 0 0 1 1.9 0 4.73</i>
                <i>1 0 0 0 1 0 0 0 1 1.9 0 4.73</i>
                <i>1 0 0 0 1 0 0 0 1 1.9 0 4.73</i>
                <i>1 0 0 0 1 0 0 0 1 1.9 0 4.73</i>
                <i>1 0 0 0 1 0 0 0 1 1.9 0 4.73</i>
                <i>1 0 0 0 1 0 0 0 1 1.9 0 4.73</i>
                <i>1 0 0 0 1 0 0 0 1 1.9 0 4.73</i>
            </KeyFrames>
        </RefFrame>
        <Bones count="23">
            <i>
                <p>
                    <Name><![CDATA[pelvis]]></Name>
                    <Exclude>0</Exclude>
                    <Additive>0</Additive>
                    <IKPriority>0</IKPriority>
                    <IKRotLimits>-1e+010 -1e+010 -1e+010 1e+010 1e+010 1e+010</IKRotLimits>
                    <IKRotLimitOrder>2</IKRotLimitOrder>
                    <KeyFrames count="121">
                        <i>1 0 0 0 1 0 0 0 1 1.4 2.91 4.81</i>
                        <i>1 0 0 0 1 0 0 0 1 1.4 2.90109 4.81</i>
                        <i>1 0 0 0 1 0 0 0 1 1.4 2.89125 4.81</i>
                        <i>1 0 0 0 1 0 0 0 1 1.4 2.88328 4.81</i>
                        <i>1 0 0 0 1 0 0 0 1 1.4 2.88 4.81</i>
                        <i>1 0 0 0 1 0 0 0 1 1.4 2.8828 4.81</i>
                        <i>1 0 0 0 1 0 0 0 1 1.4 2.8896 4.81</i>
                        <i>1 0 0 0 1 0 0 0 1 1.4 2.898 4.81</i>
                        <i>1 0 0 0 1 0 0 0 1 1.4 2.9056 4.81</i>
                        <i>1 0 0 0 1 0 0 0 1 1.4 2.91 4.81</i>
                        <i>1 0 0 0 1 0 0 0 1 1.39995 2.91173 4.80986</i>
                        <i>1 0 0 0 1 0 0 0 1 1.39984 2.91294 4.80951</i>
                        <i>1 0 0 0 1 0 0 0 1 1.39969 2.9137 4.80903</i>
                        <i>1 0 0 0 1 0 0 0 1 1.39952 2.91403 4.80852</i>
                        <i>1 0 0 0 1 0 0 0 1 1.39937 2.914 4.80807</i>
                        <i>1 0 0 0 1 0 0 0 1 1.39928 2.91365 4.80778</i>
                        <i>1 0 0 0 1 0 0 0 1 1.39926 2.91302 4.80773</i>
                        <i>1 0 0 0 1 0 0 0 1 1.39936 2.91218 4.80802</i>
                        <i>1 0 0 0 1 0 0 0 1 1.3996 2.91115 4.80875</i>
                        <i>1 0 0 0 1 0 0 0 1 1.4 2.91 4.81</i>
                        <i>1 0 0 0 1 0 0 0 1 1.40038 2.90867 4.81169</i>
                        <i>1 0 0 0 1 0 0 0 1 1.40061 2.90709 4.81369</i>
                        <i>1 0 0 0 1 0 0 0 1 1.40079 2.9053 4.81599</i>
                        <i>1 0 0 0 1 0 0 0 1 1.40104 2.90333 4.8186</i>
                        <i>1 0 0 0 1 0 0 0 1 1.40146 2.90122 4.82152</i>
                        <i>1 0 0 0 1 0 0 0 1 1.40216 2.89901 4.82476</i>
                        <i>1 0 0 0 1 0 0 0 1 1.40325 2.89672 4.8283</i>
                        <i>1 0 0 0 1 0 0 0 1 1.40485 2.8944 4.83217</i>
                        <i>1 0 0 0 1 0 0 0 1 1.40706 2.89207 4.83635</i>
                        <i>1 0 0 0 1 0 0 0 1 1.41 2.88978 4.84086</i>
                        <i>1 0 0 0 1 0 0 0 1 1.42461 2.88755 4.84713</i>
                        <i>1 0 0 0 1 0 0 0 1 1.45144 2.88542 4.85564</i>
                        <i>1 0 0 0 1 0 0 0 1 1.47496 2.88343 4.86492</i>
                        <i>1 0 0 0 1 0 0 0 1 1.47965 2.88161 4.87353</i>
                        <i>1 0 0 0 1 0 0 0 1 1.45 2.88 4.88</i>
                        <i>1 0 0 0 1 0 0 0 1 1.36872 2.88 4.88627</i>
                        <i>1 0 0 0 1 0 0 0 1 1.24616 2.8818 4.8933</i>
                        <i>1 0 0 0 1 0 0 0 1 1.10824 2.8836 4.8982</i>
                        <i>1 0 0 0 1 0 0 0 1 0.98088 2.8836 4.89807</i>
                        <i>1 0 0 0 1 0 0 0 1 0.89 2.88 4.89</i>
                        <i>1 0 0 0 1 0 0 0 1 0.84072 2.86992 4.86712</i>
                        <i>1 0 0 0 1 0 0 0 1 0.81576 2.85456 4.83136</i>
                        <i>1 0 0 0 1 0 0 0 1 0.80744 2.83824 4.79304</i>
                        <i>1 0 0 0 1 0 0 0 1 0.80808 2.82528 4.76248</i>
                        <i>1 0 0 0 1 0 0 0 1 0.81 2.82 4.75</i>
                        <i>1 0 0 0 1 0 0 0 1 0.7262 2.83436 4.82772</i>
                        <i>1 0 0 0 1 0 0 0 1 0.520599 2.87068 5.02636</i>
                        <i>1 0 0 0 1 0 0 0 1 0.2619 2.91882 5.29414</i>
                        <i>1 0 0 0 1 0 0 0 1 0.0187998 2.96864 5.57928</i>
                        <i>1 0 0 0 1 0 0 0 1 -0.14 3.01 5.83</i>
                        <i>1 0 0 0 1 0 0 0 1 -0.150092 3.04519 6.06324</i>
                        <i>1 0 0 0 1 0 0 0 1 -0.0532406 3.07565 6.29676</i>
                        <i>1 0 0 0 1 0 0 0 1 0.06 3.09 6.48</i>
                        <i>1 0 0 0 1 0 0 0 1 0.172273 3.0855 6.61919</i>
                        <i>1 0 0 0 1 0 0 0 1 0.308519 3.0711 6.74727</i>
                        <i>1 0 0 0 1 0 0 0 1 0.441628 3.05296 6.85376</i>
                        <i>1 0 0 0 1 0 0 0 1 0.544492 3.0372 6.92816</i>
                        <i>1 0 0 0 1 0 0 0 1 0.59 3.03 6.96</i>
                        <i>1 0 0 0 1 0 0 0 1 0.59 3.03 6.96</i>
                        <i>1 0 0 0 1 0 0 0 1 0.59 3.03 6.96</i>
                        <i>1 0 0 0 1 0 0 0 1 0.59 3.03 6.96</i>
                        <i>1 0 0 0 1 0 0 0 1 0.59 3.03 6.96</i>
                        <i>1 0 0 0 1 0 0 0 1 0.59 3.03 6.96</i>
                        <i>1 0 0 0 1 0 0 0 1 0.59 3.03 6.96</i>
                        <i>1 0 0 0 1 0 0 0 1 0.59 3.03 6.96</i>
                        <i>1 0 0 0 1 0 0 0 1 0.59 3.03 6.96</i>
                        <i>1 0 0 0 1 0 0 0 1 0.59 3.03 6.96</i>
                        <i>1 0 0 0 1 0 0 0 1 0.59 3.03 6.96</i>
                        <i>1 0 0 0 1 0 0 0 1 0.59 3.03 6.96</i>
                        <i>1 0 0 0 1 0 0 0 1 0.59 3.03 6.96</i>
                        <i>1 0 0 0 1 0 0 0 1 0.59 3.03 6.96</i>
                        <i>1 0 0 0 1 0 0 0 1 0.59 3.03 6.96</i>
                        <i>1 0 0 0 1 0 0 0 1 0.59 3.03 6.96</i>
                        <i>1 0 0 0 1 0 0 0 1 0.59 3.03 6.96</i>
                        <i>1 0 0 0 1 0 0 0 1 0.59 3.03 6.96</i>
                        <i>1 0 0 0 1 0 0 0 1 0.59 3.03 6.96</i>
                        <i>1 0 0 0 1 0 0 0 1 0.59 3.03 6.96</i>
                        <i>1 0 0 0 1 0 0 0 1 0.59 3.03 6.96</i>
                        <i>1 0 0 0 1 0 0 0 1 0.59 3.03 6.96</i>
                        <i>1 0 0 0 1 0 0 0 1 0.59 3.03 6.96</i>
                        <i>1 0 0 0 1 0 0 0 1 0.59 3.03 6.96</i>
                        <i>1 0 0 0 1 0 0 0 1 0.59 3.03 6.96</i>
                        <i>1 0 0 0 1 0 0 0 1 0.59 3.03 6.96</i>
                        <i>1 0 0 0 1 0 0 0 1 0.59 3.03 6.96</i>
                        <i>1 0 0 0 1 0 0 0 1 0.59 3.03 6.96</i>
                        <i>1 0 0 0 1 0 0 0 1 0.59 3.03 6.96</i>
                        <i>1 0 0 0 1 0 0 0 1 0.59 3.03 6.96</i>
                        <i>1 0 0 0 1 0 0 0 1 0.59 3.03 6.96</i>
                        <i>1 0 0 0 1 0 0 0 1 0.59 3.03 6.96</i>
                        <i>1 0 0 0 1 0 0 0 1 0.59 3.03 6.96</i>
                        <i>1 0 0 0 1 0 0 0 1 0.59 3.03 6.96</i>
                        <i>1 0 0 0 1 0 0 0 1 0.59 3.03 6.96</i>
                        <i>1 0 0 0 1 0 0 0 1 0.59 3.03 6.96</i>
                        <i>1 0 0 0 1 0 0 0 1 0.59 3.03 6.96</i>
                        <i>1 0 0 0 1 0 0 0 1 0.59 3.03 6.96</i>
                        <i>1 0 0 0 1 0 0 0 1 0.59 3.03 6.96</i>
                        <i>1 0 0 0 1 0 0 0 1 0.59 3.03 6.96</i>
                        <i>1 0 0 0 1 0 0 0 1 0.59 3.03 6.96</i>
                        <i>1 0 0 0 1 0 0 0 1 0.59 3.03 6.96</i>
                        <i>1 0 0 0 1 0 0 0 1 0.59 3.03 6.96</i>
                        <i>1 0 0 0 1 0 0 0 1 0.59 3.03 6.96</i>
                        <i>1 0 0 0 1 0 0 0 1 0.59 3.03 6.96</i>
                        <i>1 0 0 0 1 0 0 0 1 0.59 3.03 6.96</i>
                        <i>1 0 0 0 1 0 0 0 1 0.59 3.03 6.96</i>
                        <i>1 0 0 0 1 0 0 0 1 0.59 3.03 6.96</i>
                        <i>1 0 0 0 1 0 0 0 1 0.59 3.03 6.96</i>
                        <i>1 0 0 0 1 0 0 0 1 0.59 3.03 6.96</i>
                        <i>1 0 0 0 1 0 0 0 1 0.59 3.03 6.96</i>
                        <i>1 0 0 0 1 0 0 0 1 0.59 3.03 6.96</i>
                        <i>1 0 0 0 1 0 0 0 1 0.59 3.03 6.96</i>
                        <i>1 0 0 0 1 0 0 0 1 0.59 3.03 6.96</i>
                        <i>1 0 0 0 1 0 0 0 1 0.59 3.03 6.96</i>
                        <i>1 0 0 0 1 0 0 0 1 0.59 3.03 6.96</i>
                        <i>1 0 0 0 1 0 0 0 1 0.59 3.03 6.96</i>
                        <i>1 0 0 0 1 0 0 0 1 0.59 3.03 6.96</i>
                        <i>1 0 0 0 1 0 0 0 1 0.59 3.03 6.96</i>
                        <i>1 0 0 0 1 0 0 0 1 0.59 3.03 6.96</i>
                        <i>1 0 0 0 1 0 0 0 1 0.59 3.03 6.96</i>
                        <i>1 0 0 0 1 0 0 0 1 0.59 3.03 6.96</i>
                        <i>1 0 0 0 1 0 0 0 1 0.59 3.03 6.96</i>
                        <i>1 0 0 0 1 0 0 0 1 0.59 3.03 6.96</i>
                    </KeyFrames>
                </p>
            </i>
            <i>
                <p>
                    <Name><![CDATA[spine0]]></Name>
                    <Exclude>0</Exclude>
                    <Additive>0</Additive>
                    <IKPriority>0</IKPriority>
                    <IKRotLimits>-1e+010 -1e+010 -1e+010 1e+010 1e+010 1e+010</IKRotLimits>
                    <IKRotLimitOrder>0</IKRotLimitOrder>
                    <KeyFrames count="121">
                        <i>0.360816 0.93091 0.0567296 -0.477757 0.132251 0.86848 0.800974 -0.340464 0.492467 1.35463 3.04527 4.79156</i>
                        <i>0.370268 0.926966 0.060299 -0.46571 0.129074 0.875474 0.803751 -0.352242 0.479489 1.35568 3.03694 4.7933</i>
                        <i>0.380433 0.922604 0.0638118 -0.452665 0.125597 0.882791 0.806452 -0.364729 0.465412 1.35685 3.02768 4.79514</i>
                        <i>0.390955 0.917961 0.0670938 -0.439058 0.121932 0.890146 0.808939 -0.377465 0.450708 1.35808 3.02029 4.79702</i>
                        <i>0.401475 0.91319 0.0700159 -0.425341 0.118201 0.897281 0.811112 -0.390017 0.435872 1.35935 3.01755 4.79886</i>
                        <i>0.411634 0.908461 0.0724972 -0.411979 0.114534 0.903966 0.812915 -0.401971 0.421413 1.3606 3.02084 4.80061</i>
                        <i>0.421077 0.90396 0.0745028 -0.399452 0.11107 0.910001 0.814329 -0.412941 0.407858 1.36179 3.02808 4.80221</i>
                        <i>0.429453 0.899882 0.0760384 -0.388249 0.107952 0.91521 0.815373 -0.422562 0.395739 1.36287 3.03684 4.80361</i>
                        <i>0.436417 0.896432 0.07714 -0.378866 0.105327 0.919438 0.816089 -0.430484 0.385594 1.36378 3.04473 4.80475</i>
                        <i>0.441627 0.893814 0.0778597 -0.371803 0.103343 0.922541 0.816534 -0.436368 0.377962 1.36447 3.04934 4.8056</i>
                        <i>0.445081 0.89206 0.0783083 -0.367152 0.102025 0.924549 0.816763 -0.44025 0.372931 1.36488 3.0512 4.80602</i>
                        <i>0.447156 0.890996 0.0786002 -0.364451 0.101242 0.925703 0.81684 -0.442579 0.369995 1.36503 3.05249 4.80598</i>
                        <i>0.448083 0.890514 0.0787751 -0.363361 0.100905 0.926168 0.816817 -0.443624 0.368792 1.36499 3.05327 4.80563</i>
                        <i>0.448093 0.890503 0.0788538 -0.363538 0.100923 0.926097 0.816733 -0.443644 0.368954 1.3648 3.0536 4.8051</i>
                        <i>0.447412 0.890845 0.0788472 -0.364635 0.101205 0.925634 0.816617 -0.44289 0.370114 1.36455 3.05354 4.80452</i>
                        <i>0.446268 0.891427 0.0787626 -0.366306 0.101659 0.924924 0.816495 -0.441615 0.371902 1.36429 3.05314 4.80403</i>
                        <i>0.444889 0.892129 0.0786078 -0.368204 0.102191 0.924112 0.816394 -0.440071 0.373949 1.36409 3.05246 4.80376</i>
                        <i>0.443503 0.892838 0.0783947 -0.369982 0.10271 0.923344 0.816344 -0.438511 0.375886 1.36401 3.05156 4.80385</i>
                        <i>0.442339 0.893437 0.078139 -0.371297 0.103124 0.92277 0.816379 -0.43719 0.377346 1.36412 3.0505 4.80441</i>
                        <i>0.441627 0.893814 0.0778597 -0.371803 0.103343 0.922541 0.816534 -0.436368 0.377962 1.36447 3.04934 4.8056</i>
                        <i>0.440777 0.894285 0.0772604 -0.37146 0.103373 0.922676 0.817149 -0.435394 0.377755 1.36489 3.04801 4.80733</i>
                        <i>0.439222 0.895145 0.0761573 -0.370549 0.103286 0.923052 0.8184 -0.433645 0.37706 1.3652 3.04646 4.80942</i>
                        <i>0.437222 0.896243 0.0747399 -0.369213 0.103095 0.923609 0.820072 -0.431417 0.37598 1.36551 3.0447 4.81186</i>
                        <i>0.435037 0.897433 0.0731945 -0.367598 0.102811 0.924284 0.821958 -0.429004 0.374621 1.36591 3.04278 4.81463</i>
                        <i>0.432919 0.898576 0.0717014 -0.365846 0.102447 0.92502 0.823855 -0.426691 0.373091 1.3665 3.04072 4.81773</i>
                        <i>0.43112 0.899541 0.0704338 -0.364101 0.102015 0.925756 0.82557 -0.424757 0.371505 1.36737 3.03855 4.82114</i>
                        <i>0.429883 0.900201 0.0695588 -0.36251 0.101528 0.926433 0.826914 -0.423474 0.369977 1.36862 3.03631 4.82485</i>
                        <i>0.429453 0.900431 0.0692412 -0.361216 0.100995 0.926997 0.827703 -0.423112 0.368623 1.37035 3.03402 4.82885</i>
                        <i>0.430075 0.900102 0.0696476 -0.360367 0.100427 0.927389 0.82775 -0.423946 0.367559 1.37265 3.03172 4.83312</i>
                        <i>0.432009 0.899074 0.0709539 -0.360108 0.0998316 0.927554 0.826856 -0.426262 0.366891 1.37562 3.02943 4.83766</i>
                        <i>0.438527 0.89555 0.0753935 -0.360676 0.0985326 0.927472 0.823169 -0.433914 0.366213 1.39019 3.0272 4.84389</i>
                        <i>0.450599 0.888796 0.0836751 -0.362238 0.0963659 0.927091 0.815931 -0.448057 0.365378 1.4169 3.02504 4.85228</i>
                        <i>0.464804 0.880456 0.0935656 -0.364817 0.0941533 0.926307 0.806763 -0.464685 0.364968 1.4402 3.02299 4.86134</i>
                        <i>0.477327 0.872723 0.102529 -0.368426 0.0928349 0.92501 0.79776 -0.479307 0.365847 1.44457 3.02108 4.86961</i>
                        <i>0.484214 0.868285 0.107787 -0.373074 0.0934615 0.923082 0.791424 -0.487182 0.36919 1.41447 3.01934 4.8756</i>
                        <i>0.483868 0.86845 0.108016 -0.383863 0.0996959 0.917992 0.786461 -0.48565 0.381605 1.33194 3.01897 4.88062</i>
                        <i>0.479405 0.871242 0.1054 -0.403311 0.112056 0.908176 0.77943 -0.477893 0.405102 1.20715 3.02004 4.88531</i>
                        <i>0.473874 0.874618 0.102403 -0.42749 0.126818 0.895081 0.769867 -0.467932 0.433987 1.0667 3.0209 4.88726</i>
                        <i>0.469836 0.876895 0.101535 -0.452328 0.140376 0.880735 0.758059 -0.459728 0.462598 0.937163 3.01995 4.88413</i>
                        <i>0.469329 0.876746 0.105106 -0.473689 0.149522 0.867907 0.745218 -0.457122 0.48548 0.845031 3.01567 4.87367</i>
                        <i>0.473515 0.873079 0.116262 -0.493875 0.153891 0.855807 0.729295 -0.462656 0.504061 0.795625 3.00532 4.84899</i>
                        <i>0.480374 0.866793 0.133832 -0.515467 0.155563 0.842671 0.709601 -0.473783 0.521532 0.771258 2.98994 4.81167</i>
                        <i>0.487321 0.859683 0.153174 -0.534993 0.1553 0.83046 0.690145 -0.486648 0.535605 0.763852 2.97374 4.77214</i>
                        <i>0.492447 0.853781 0.168981 -0.549126 0.154155 0.8214 0.675246 -0.497287 0.544746 0.765328 2.96092 4.74082</i>
                        <i>0.49443 0.851311 0.175522 -0.554576 0.153466 0.817859 0.669316 -0.501715 0.547995 0.767613 2.95572 4.72807</i>
                        <i>0.489443 0.847885 0.203806 -0.606444 0.163005 0.778239 0.626635 -0.5045 0.593976 0.686199 2.97023 4.80252</i>
                        <i>0.464316 0.842628 0.272744 -0.722192 0.181948 0.667333 0.512688 -0.506827 0.693021 0.486712 3.00668 4.99392</i>
                        <i>0.407186 0.842491 0.352715 -0.841319 0.195666 0.503882 0.355502 -0.50192 0.788476 0.236017 3.05453 5.25403</i>
                        <i>0.327405 0.850536 0.411575 -0.923085 0.194891 0.331558 0.20179 -0.488472 0.848926 0.000429673 3.10363 5.53305</i>
                        <i>0.255844 0.866128 0.429379 -0.960752 0.178538 0.212321 0.107237 -0.466847 0.877812 -0.153785 3.14394 5.77934</i>
                        <i>0.171293 0.896486 0.408621 -0.981277 0.11817 0.152093 0.0880625 -0.427023 0.899942 -0.161969 3.17765 6.00841</i>
                        <i>0.0547289 0.928236 0.367945 -0.993484 0.0137257 0.113146 0.099976 -0.371739 0.922938 -0.0637934 3.20615 6.23714</i>
                        <i>-0.0234711 0.948013 0.317365 -0.994548 -0.0544048 0.0889617 0.101603 -0.313547 0.944121 0.0503532 3.21815 6.41533</i>
                        <i>-0.0285424 0.967927 0.249605 -0.99656 -0.0469896 0.068261 0.0778005 -0.246798 0.965939 0.163177 3.21107 6.54958</i>
                        <i>-0.00126097 0.984897 0.173136 -0.998739 -0.0099314 0.0492216 0.0501977 -0.172856 0.983667 0.299662 3.19409 6.67316</i>
                        <i>0.0387505 0.993795 0.104257 -0.998869 0.0356488 0.0314515 0.0275397 -0.105358 0.994053 0.432781 3.17363 6.77594</i>
                        <i>0.0735575 0.995792 0.0546637 -0.997204 0.0727163 0.0172235 0.0131761 -0.0557778 0.998356 0.535567 3.15615 6.84773</i>
                        <i>0.0889428 0.995482 0.0332515 -0.996015 0.0886715 0.00954924 0.00655763 -0.0339683 0.999401 0.58111 3.14812 6.87836</i>
                        <i>0.0889428 0.995482 0.0332515 -0.996015 0.0886715 0.00954924 0.00655763 -0.0339683 0.999401 0.58111 3.14812 6.87836</i>
                        <i>0.0889428 0.995482 0.0332515 -0.996015 0.0886715 0.00954924 0.00655763 -0.0339683 0.999401 0.58111 3.14812 6.87836</i>
                        <i>0.0889428 0.995482 0.0332515 -0.996015 0.0886715 0.00954924 0.00655763 -0.0339683 0.999401 0.58111 3.14812 6.87836</i>
                        <i>0.0889428 0.995482 0.0332515 -0.996015 0.0886715 0.00954924 0.00655763 -0.0339683 0.999401 0.58111 3.14812 6.87836</i>
                        <i>0.0889428 0.995482 0.0332515 -0.996015 0.0886715 0.00954924 0.00655763 -0.0339683 0.999401 0.58111 3.14812 6.87836</i>
                        <i>0.0889428 0.995482 0.0332515 -0.996015 0.0886715 0.00954924 0.00655763 -0.0339683 0.999401 0.58111 3.14812 6.87836</i>
                        <i>0.0889428 0.995482 0.0332515 -0.996015 0.0886715 0.00954924 0.00655763 -0.0339683 0.999401 0.58111 3.14812 6.87836</i>
                        <i>0.0889428 0.995482 0.0332515 -0.996015 0.0886715 0.00954924 0.00655763 -0.0339683 0.999401 0.58111 3.14812 6.87836</i>
                        <i>0.0889428 0.995482 0.0332515 -0.996015 0.0886715 0.00954924 0.00655763 -0.0339683 0.999401 0.58111 3.14812 6.87836</i>
                        <i>0.0889428 0.995482 0.0332515 -0.996015 0.0886715 0.00954924 0.00655763 -0.0339683 0.999401 0.58111 3.14812 6.87836</i>
                        <i>0.0889428 0.995482 0.0332515 -0.996015 0.0886715 0.00954924 0.00655763 -0.0339683 0.999401 0.58111 3.14812 6.87836</i>
                        <i>0.0889428 0.995482 0.0332515 -0.996015 0.0886715 0.00954924 0.00655763 -0.0339683 0.999401 0.58111 3.14812 6.87836</i>
                        <i>0.0889428 0.995482 0.0332515 -0.996015 0.0886715 0.00954924 0.00655763 -0.0339683 0.999401 0.58111 3.14812 6.87836</i>
                        <i>0.0889428 0.995482 0.0332515 -0.996015 0.0886715 0.00954924 0.00655763 -0.0339683 0.999401 0.58111 3.14812 6.87836</i>
                        <i>0.0889428 0.995482 0.0332515 -0.996015 0.0886715 0.00954924 0.00655763 -0.0339683 0.999401 0.58111 3.14812 6.87836</i>
                        <i>0.0889428 0.995482 0.0332515 -0.996015 0.0886715 0.00954924 0.00655763 -0.0339683 0.999401 0.58111 3.14812 6.87836</i>
                        <i>0.0889428 0.995482 0.0332515 -0.996015 0.0886715 0.00954924 0.00655763 -0.0339683 0.999401 0.58111 3.14812 6.87836</i>
                        <i>0.0889428 0.995482 0.0332515 -0.996015 0.0886715 0.00954924 0.00655763 -0.0339683 0.999401 0.58111 3.14812 6.87836</i>
                        <i>0.0889428 0.995482 0.0332515 -0.996015 0.0886715 0.00954924 0.00655763 -0.0339683 0.999401 0.58111 3.14812 6.87836</i>
                        <i>0.0889428 0.995482 0.0332515 -0.996015 0.0886715 0.00954924 0.00655763 -0.0339683 0.999401 0.58111 3.14812 6.87836</i>
                        <i>0.0889428 0.995482 0.0332515 -0.996015 0.0886715 0.00954924 0.00655763 -0.0339683 0.999401 0.58111 3.14812 6.87836</i>
                        <i>0.0889428 0.995482 0.0332515 -0.996015 0.0886715 0.00954924 0.00655763 -0.0339683 0.999401 0.58111 3.14812 6.87836</i>
                        <i>0.0889428 0.995482 0.0332515 -0.996015 0.0886715 0.00954924 0.00655763 -0.0339683 0.999401 0.58111 3.14812 6.87836</i>
                        <i>0.0889428 0.995482 0.0332515 -0.996015 0.0886715 0.00954924 0.00655763 -0.0339683 0.999401 0.58111 3.14812 6.87836</i>
                        <i>0.0889428 0.995482 0.0332515 -0.996015 0.0886715 0.00954924 0.00655763 -0.0339683 0.999401 0.58111 3.14812 6.87836</i>
                        <i>0.0889428 0.995482 0.0332515 -0.996015 0.0886715 0.00954924 0.00655763 -0.0339683 0.999401 0.58111 3.14812 6.87836</i>
                        <i>0.0889428 0.995482 0.0332515 -0.996015 0.0886715 0.00954924 0.00655763 -0.0339683 0.999401 0.58111 3.14812 6.87836</i>
                        <i>0.0889428 0.995482 0.0332515 -0.996015 0.0886715 0.00954924 0.00655763 -0.0339683 0.999401 0.58111 3.14812 6.87836</i>
                        <i>0.0889428 0.995482 0.0332515 -0.996015 0.0886715 0.00954924 0.00655763 -0.0339683 0.999401 0.58111 3.14812 6.87836</i>
                        <i>0.0889428 0.995482 0.0332515 -0.996015 0.0886715 0.00954924 0.00655763 -0.0339683 0.999401 0.58111 3.14812 6.87836</i>
                        <i>0.0889428 0.995482 0.0332515 -0.996015 0.0886715 0.00954924 0.00655763 -0.0339683 0.999401 0.58111 3.14812 6.87836</i>
                        <i>0.0889428 0.995482 0.0332515 -0.996015 0.0886715 0.00954924 0.00655763 -0.0339683 0.999401 0.58111 3.14812 6.87836</i>
                        <i>0.0889428 0.995482 0.0332515 -0.996015 0.0886715 0.00954924 0.00655763 -0.0339683 0.999401 0.58111 3.14812 6.87836</i>
                        <i>0.0889428 0.995482 0.0332515 -0.996015 0.0886715 0.00954924 0.00655763 -0.0339683 0.999401 0.58111 3.14812 6.87836</i>
                        <i>0.0889428 0.995482 0.0332515 -0.996015 0.0886715 0.00954924 0.00655763 -0.0339683 0.999401 0.58111 3.14812 6.87836</i>
                        <i>0.0889428 0.995482 0.0332515 -0.996015 0.0886715 0.00954924 0.00655763 -0.0339683 0.999401 0.58111 3.14812 6.87836</i>
                        <i>0.0889428 0.995482 0.0332515 -0.996015 0.0886715 0.00954924 0.00655763 -0.0339683 0.999401 0.58111 3.14812 6.87836</i>
                        <i>0.0889428 0.995482 0.0332515 -0.996015 0.0886715 0.00954924 0.00655763 -0.0339683 0.999401 0.58111 3.14812 6.87836</i>
                        <i>0.0889428 0.995482 0.0332515 -0.996015 0.0886715 0.00954924 0.00655763 -0.0339683 0.999401 0.58111 3.14812 6.87836</i>
                        <i>0.0889428 0.995482 0.0332515 -0.996015 0.0886715 0.00954924 0.00655763 -0.0339683 0.999401 0.58111 3.14812 6.87836</i>
                        <i>0.0889428 0.995482 0.0332515 -0.996015 0.0886715 0.00954924 0.00655763 -0.0339683 0.999401 0.58111 3.14812 6.87836</i>
                        <i>0.0889428 0.995482 0.0332515 -0.996015 0.0886715 0.00954924 0.00655763 -0.0339683 0.999401 0.58111 3.14812 6.87836</i>
                        <i>0.0889428 0.995482 0.0332515 -0.996015 0.0886715 0.00954924 0.00655763 -0.0339683 0.999401 0.58111 3.14812 6.87836</i>
                        <i>0.0889428 0.995482 0.0332515 -0.996015 0.0886715 0.00954924 0.00655763 -0.0339683 0.999401 0.58111 3.14812 6.87836</i>
                        <i>0.0889428 0.995482 0.0332515 -0.996015 0.0886715 0.00954924 0.00655763 -0.0339683 0.999401 0.58111 3.14812 6.87836</i>
                        <i>0.0889428 0.995482 0.0332515 -0.996015 0.0886715 0.00954924 0.00655763 -0.0339683 0.999401 0.58111 3.14812 6.87836</i>
                        <i>0.0889428 0.995482 0.0332515 -0.996015 0.0886715 0.00954924 0.00655763 -0.0339683 0.999401 0.58111 3.14812 6.87836</i>
                        <i>0.0889428 0.995482 0.0332515 -0.996015 0.0886715 0.00954924 0.00655763 -0.0339683 0.999401 0.58111 3.14812 6.87836</i>
                        <i>0.0889428 0.995482 0.0332515 -0.996015 0.0886715 0.00954924 0.00655763 -0.0339683 0.999401 0.58111 3.14812 6.87836</i>
                        <i>0.0889428 0.995482 0.0332515 -0.996015 0.0886715 0.00954924 0.00655763 -0.0339683 0.999401 0.58111 3.14812 6.87836</i>
                        <i>0.0889428 0.995482 0.0332515 -0.996015 0.0886715 0.00954924 0.00655763 -0.0339683 0.999401 0.58111 3.14812 6.87836</i>
                        <i>0.0889428 0.995482 0.0332515 -0.996015 0.0886715 0.00954924 0.00655763 -0.0339683 0.999401 0.58111 3.14812 6.87836</i>
                        <i>0.0889428 0.995482 0.0332515 -0.996015 0.0886715 0.00954924 0.00655763 -0.0339683 0.999401 0.58111 3.14812 6.87836</i>
                        <i>0.0889428 0.995482 0.0332515 -0.996015 0.0886715 0.00954924 0.00655763 -0.0339683 0.999401 0.58111 3.14812 6.87836</i>
                        <i>0.0889428 0.995482 0.0332515 -0.996015 0.0886715 0.00954924 0.00655763 -0.0339683 0.999401 0.58111 3.14812 6.87836</i>
                        <i>0.0889428 0.995482 0.0332515 -0.996015 0.0886715 0.00954924 0.00655763 -0.0339683 0.999401 0.58111 3.14812 6.87836</i>
                        <i>0.0889428 0.995482 0.0332515 -0.996015 0.0886715 0.00954924 0.00655763 -0.0339683 0.999401 0.58111 3.14812 6.87836</i>
                        <i>0.0889428 0.995482 0.0332515 -0.996015 0.0886715 0.00954924 0.00655763 -0.0339683 0.999401 0.58111 3.14812 6.87836</i>
                        <i>0.0889428 0.995482 0.0332515 -0.996015 0.0886715 0.00954924 0.00655763 -0.0339683 0.999401 0.58111 3.14812 6.87836</i>
                        <i>0.0889428 0.995482 0.0332515 -0.996015 0.0886715 0.00954924 0.00655763 -0.0339683 0.999401 0.58111 3.14812 6.87836</i>
                        <i>0.0889428 0.995482 0.0332515 -0.996015 0.0886715 0.00954924 0.00655763 -0.0339683 0.999401 0.58111 3.14812 6.87836</i>
                        <i>0.0889428 0.995482 0.0332515 -0.996015 0.0886715 0.00954924 0.00655763 -0.0339683 0.999401 0.58111 3.14812 6.87836</i>
                        <i>0.0889428 0.995482 0.0332515 -0.996015 0.0886715 0.00954924 0.00655763 -0.0339683 0.999401 0.58111 3.14812 6.87836</i>
                    </KeyFrames>
                </p>
            </i>
            <i>
                <p>
                    <Name><![CDATA[spine1]]></Name>
                    <Exclude>0</Exclude>
                    <Additive>0</Additive>
                    <IKPriority>0</IKPriority>
                    <IKRotLimits>-1e+010 -1e+010 -1e+010 1e+010 1e+010 1e+010</IKRotLimits>
                    <IKRotLimitOrder>0</IKRotLimitOrder>
                    <KeyFrames count="121">
                        <i>0.80639 0.569339 0.159966 -0.438684 0.394472 0.807433 0.396601 -0.72128 0.567858 1.42192 3.21911 4.80211</i>
                        <i>0.813649 0.560356 0.154844 -0.424919 0.391445 0.81622 0.396761 -0.729912 0.556605 1.42474 3.21004 4.80451</i>
                        <i>0.821289 0.550702 0.149035 -0.410005 0.388085 0.8254 0.396712 -0.738997 0.544521 1.4278 3.19997 4.80701</i>
                        <i>0.829015 0.540714 0.142696 -0.394441 0.384494 0.834614 0.396422 -0.748193 0.532031 1.431 3.19171 4.8095</i>
                        <i>0.836555 0.530729 0.136025 -0.378743 0.38079 0.843536 0.395892 -0.757182 0.519562 1.43423 3.18809 4.81189</i>
                        <i>0.843659 0.521086 0.129267 -0.363446 0.377107 0.851878 0.395154 -0.765676 0.507536 1.43738 3.1905 4.8141</i>
                        <i>0.850105 0.512118 0.122703 -0.349102 0.37359 0.859394 0.394271 -0.773411 0.496373 1.44033 3.19689 4.81608</i>
                        <i>0.855695 0.50416 0.116654 -0.336271 0.370396 0.865868 0.393328 -0.780147 0.486481 1.44297 3.2049 4.81777</i>
                        <i>0.86025 0.49754 0.11146 -0.325525 0.367687 0.871114 0.392431 -0.785659 0.478264 1.44519 3.21214 4.81912</i>
                        <i>0.863604 0.492583 0.107475 -0.317435 0.365628 0.874958 0.391693 -0.789733 0.472121 1.44685 3.21626 4.8201</i>
                        <i>0.865783 0.489318 0.104821 -0.31211 0.364274 0.877435 0.391162 -0.792384 0.468103 1.44791 3.21779 4.8206</i>
                        <i>0.867049 0.487401 0.103274 -0.309019 0.363505 0.878847 0.39081 -0.793917 0.465793 1.44844 3.21888 4.82062</i>
                        <i>0.867574 0.486597 0.102657 -0.307775 0.363219 0.879401 0.390627 -0.794541 0.464882 1.44857 3.21956 4.8203</i>
                        <i>0.867518 0.486672 0.102774 -0.307983 0.36331 0.879291 0.390587 -0.794453 0.465065 1.44838 3.21988 4.81979</i>
                        <i>0.867035 0.487395 0.103422 -0.309245 0.363668 0.8787 0.390662 -0.793846 0.466037 1.448 3.21988 4.81921</i>
                        <i>0.866278 0.488532 0.104394 -0.311162 0.364182 0.87781 0.39082 -0.792911 0.467496 1.44752 3.21958 4.8187</i>
                        <i>0.8654 0.489853 0.105486 -0.313336 0.364744 0.876802 0.391029 -0.791837 0.469138 1.44706 3.21904 4.8184</i>
                        <i>0.864556 0.491124 0.106495 -0.31537 0.365244 0.875865 0.391261 -0.790819 0.470659 1.44673 3.21828 4.81845</i>
                        <i>0.863904 0.492111 0.107224 -0.316868 0.365574 0.875186 0.391491 -0.790052 0.471755 1.44662 3.21734 4.81897</i>
                        <i>0.863604 0.492583 0.107475 -0.317435 0.365628 0.874958 0.391693 -0.789733 0.472121 1.44685 3.21626 4.8201</i>
                        <i>0.863406 0.493045 0.106945 -0.317032 0.365335 0.875226 0.392455 -0.789581 0.471743 1.44713 3.21506 4.82172</i>
                        <i>0.862994 0.494054 0.105601 -0.315995 0.364762 0.87584 0.394193 -0.789214 0.470906 1.44718 3.21374 4.82361</i>
                        <i>0.862425 0.495457 0.103656 -0.314492 0.36401 0.876694 0.396632 -0.788682 0.469749 1.44716 3.21227 4.82579</i>
                        <i>0.86176 0.497094 0.101323 -0.312689 0.363177 0.877683 0.399493 -0.788035 0.468408 1.44719 3.21066 4.82828</i>
                        <i>0.861064 0.498803 0.098818 -0.310752 0.362357 0.878709 0.402495 -0.787333 0.467017 1.44742 3.20889 4.83111</i>
                        <i>0.860409 0.500412 0.0963552 -0.308841 0.361638 0.879679 0.405356 -0.786642 0.465704 1.44799 3.20697 4.83429</i>
                        <i>0.859876 0.501747 0.0941506 -0.307115 0.3611 0.880504 0.407792 -0.786039 0.464595 1.44902 3.20488 4.83784</i>
                        <i>0.859547 0.502631 0.092419 -0.305732 0.360823 0.881098 0.40952 -0.785601 0.463815 1.45067 3.20263 4.84177</i>
                        <i>0.859507 0.50289 0.0913733 -0.304849 0.360885 0.881379 0.410262 -0.785407 0.463489 1.45305 3.2002 4.84612</i>
                        <i>0.859833 0.50236 0.0912234 -0.304626 0.361367 0.881259 0.409744 -0.785524 0.463747 1.45632 3.19759 4.85089</i>
                        <i>0.861148 0.499856 0.0925657 -0.305417 0.363162 0.880247 0.40638 -0.786294 0.4654 1.47193 3.19432 4.85792</i>
                        <i>0.863445 0.495303 0.0955904 -0.307474 0.366536 0.878129 0.399903 -0.787608 0.468777 1.50058 3.19027 4.8678</i>
                        <i>0.865938 0.490061 0.0999578 -0.3108 0.370665 0.87522 0.391861 -0.788953 0.473284 1.52619 3.18603 4.87863</i>
                        <i>0.86808 0.485092 0.105466 -0.315314 0.374701 0.871881 0.383425 -0.790117 0.478227 1.53262 3.18223 4.8885</i>
                        <i>0.869534 0.481003 0.112013 -0.320814 0.377681 0.868583 0.375485 -0.791198 0.482718 1.5037 3.17949 4.89545</i>
                        <i>0.8711 0.474378 0.127082 -0.33302 0.380392 0.862786 0.360946 -0.793894 0.489337 1.42128 3.17946 4.90054</i>
                        <i>0.87257 0.463435 0.154434 -0.354506 0.383256 0.852901 0.336077 -0.798963 0.498709 1.29606 3.1818 4.90484</i>
                        <i>0.872412 0.451086 0.188197 -0.380421 0.384909 0.840907 0.306882 -0.805212 0.507402 1.15512 3.18427 4.90634</i>
                        <i>0.870145 0.439912 0.222091 -0.406339 0.385508 0.828416 0.278812 -0.811086 0.514201 1.02533 3.18468 4.90315</i>
                        <i>0.866616 0.432035 0.249644 -0.428178 0.386998 0.816637 0.256205 -0.814603 0.520366 0.933381 3.18091 4.89342</i>
                        <i>0.862049 0.427378 0.272431 -0.448271 0.392132 0.803297 0.236483 -0.814605 0.529618 0.884721 3.16979 4.87083</i>
                        <i>0.856176 0.424548 0.294485 -0.469232 0.400298 0.787136 0.216295 -0.812109 0.541937 0.8614 3.15277 4.83675</i>
                        <i>0.850153 0.423288 0.313157 -0.487721 0.408945 0.771293 0.198415 -0.80845 0.554112 0.854986 3.13467 4.80075</i>
                        <i>0.845418 0.423055 0.326027 -0.500788 0.415649 0.759241 0.185688 -0.805146 0.563258 0.857162 3.12029 4.7723</i>
                        <i>0.843514 0.423132 0.330823 -0.505743 0.418317 0.754476 0.180855 -0.803723 0.566852 0.859709 3.11444 4.76074</i>
