<?xml version="1.0" encoding="ISO-8859-1" ?>
<Animl Version="1">
    <ModellingPackage><![CDATA[Maya.2010]]></ModellingPackage>
    <SrcFile><![CDATA[anims\vehicles\red\~src\air\helicopter_mi8hip\mi8hip_exit_crewman_b.mb]]></SrcFile>
    <FramesPerSecond>30</FramesPerSecond>
    <TotalFrames>121</TotalFrames>
    <Skeleton>
        <RefFrame>
            <Name><![CDATA[soldier_ref_frame]]></Name>
            <Exclude>0</Exclude>
            <Additive>0</Additive>
            <IKPriority>0</IKPriority>
            <IKRotLimits>-1e+010 -1e+010 -1e+010 1e+010 1e+010 1e+010</IKRotLimits>
            <IKRotLimitOrder>0</IKRotLimitOrder>
            <KeyFrames count="121">
                <i>1 0 0 0 1 0 0 0 1 -2.38 0 4.73</i>
                <i>1 0 0 0 1 0 0 0 1 -2.38 0 4.73</i>
                <i>1 0 0 0 1 0 0 0 1 -2.38 0 4.73</i>
                <i>1 0 0 0 1 0 0 0 1 -2.38 0 4.73</i>
                <i>1 0 0 0 1 0 0 0 1 -2.38 0 4.73</i>
                <i>1 0 0 0 1 0 0 0 1 -2.38 0 4.73</i>
                <i>1 0 0 0 1 0 0 0 1 -2.38 0 4.73</i>
                <i>1 0 0 0 1 0 0 0 1 -2.38 0 4.73</i>
                <i>1 0 0 0 1 0 0 0 1 -2.38 0 4.73</i>
                <i>1 0 0 0 1 0 0 0 1 -2.38 0 4.73</i>
                <i>1 0 0 0 1 0 0 0 1 -2.38 0 4.73</i>
                <i>1 0 0 0 1 0 0 0 1 -2.38 0 4.73</i>
                <i>1 0 0 0 1 0 0 0 1 -2.38 0 4.73</i>
                <i>1 0 0 0 1 0 0 0 1 -2.38 0 4.73</i>
                <i>1 0 0 0 1 0 0 0 1 -2.38 0 4.73</i>
                <i>1 0 0 0 1 0 0 0 1 -2.38 0 4.73</i>
                <i>1 0 0 0 1 0 0 0 1 -2.38 0 4.73</i>
                <i>1 0 0 0 1 0 0 0 1 -2.38 0 4.73</i>
                <i>1 0 0 0 1 0 0 0 1 -2.38 0 4.73</i>
                <i>1 0 0 0 1 0 0 0 1 -2.38 0 4.73</i>
                <i>1 0 0 0 1 0 0 0 1 -2.38 0 4.73</i>
                <i>1 0 0 0 1 0 0 0 1 -2.38 0 4.73</i>
                <i>1 0 0 0 1 0 0 0 1 -2.38 0 4.73</i>
                <i>1 0 0 0 1 0 0 0 1 -2.38 0 4.73</i>
                <i>1 0 0 0 1 0 0 0 1 -2.38 0 4.73</i>
                <i>1 0 0 0 1 0 0 0 1 -2.38 0 4.73</i>
                <i>1 0 0 0 1 0 0 0 1 -2.38 0 4.73</i>
                <i>1 0 0 0 1 0 0 0 1 -2.38 0 4.73</i>
                <i>1 0 0 0 1 0 0 0 1 -2.38 0 4.73</i>
                <i>1 0 0 0 1 0 0 0 1 -2.38 0 4.73</i>
                <i>1 0 0 0 1 0 0 0 1 -2.38 0 4.73</i>
                <i>1 0 0 0 1 0 0 0 1 -2.38 0 4.73</i>
                <i>1 0 0 0 1 0 0 0 1 -2.38 0 4.73</i>
                <i>1 0 0 0 1 0 0 0 1 -2.38 0 4.73</i>
                <i>1 0 0 0 1 0 0 0 1 -2.38 0 4.73</i>
                <i>1 0 0 0 1 0 0 0 1 -2.38 0 4.73</i>
                <i>1 0 0 0 1 0 0 0 1 -2.38 0 4.73</i>
                <i>1 0 0 0 1 0 0 0 1 -2.38 0 4.73</i>
                <i>1 0 0 0 1 0 0 0 1 -2.38 0 4.73</i>
                <i>1 0 0 0 1 0 0 0 1 -2.38 0 4.73</i>
                <i>1 0 0 0 1 0 0 0 1 -2.38 0 4.73</i>
                <i>1 0 0 0 1 0 0 0 1 -2.38 0 4.73</i>
                <i>1 0 0 0 1 0 0 0 1 -2.38 0 4.73</i>
                <i>1 0 0 0 1 0 0 0 1 -2.38 0 4.73</i>
                <i>1 0 0 0 1 0 0 0 1 -2.38 0 4.73</i>
                <i>1 0 0 0 1 0 0 0 1 -2.38 0 4.73</i>
                <i>1 0 0 0 1 0 0 0 1 -2.38 0 4.73</i>
                <i>1 0 0 0 1 0 0 0 1 -2.38 0 4.73</i>
                <i>1 0 0 0 1 0 0 0 1 -2.38 0 4.73</i>
                <i>1 0 0 0 1 0 0 0 1 -2.38 0 4.73</i>
                <i>1 0 0 0 1 0 0 0 1 -2.38 0 4.73</i>
                <i>1 0 0 0 1 0 0 0 1 -2.38 0 4.73</i>
                <i>1 0 0 0 1 0 0 0 1 -2.38 0 4.73</i>
                <i>1 0 0 0 1 0 0 0 1 -2.38 0 4.73</i>
                <i>1 0 0 0 1 0 0 0 1 -2.38 0 4.73</i>
                <i>1 0 0 0 1 0 0 0 1 -2.38 0 4.73</i>
                <i>1 0 0 0 1 0 0 0 1 -2.38 0 4.73</i>
                <i>1 0 0 0 1 0 0 0 1 -2.38 0 4.73</i>
                <i>1 0 0 0 1 0 0 0 1 -2.38 0 4.73</i>
                <i>1 0 0 0 1 0 0 0 1 -2.38 0 4.73</i>
                <i>1 0 0 0 1 0 0 0 1 -2.38 0 4.73</i>
                <i>1 0 0 0 1 0 0 0 1 -2.38 0 4.73</i>
                <i>1 0 0 0 1 0 0 0 1 -2.38 0 4.73</i>
                <i>1 0 0 0 1 0 0 0 1 -2.38 0 4.73</i>
                <i>1 0 0 0 1 0 0 0 1 -2.38 0 4.73</i>
                <i>1 0 0 0 1 0 0 0 1 -2.38 0 4.73</i>
                <i>1 0 0 0 1 0 0 0 1 -2.38 0 4.73</i>
                <i>1 0 0 0 1 0 0 0 1 -2.38 0 4.73</i>
                <i>1 0 0 0 1 0 0 0 1 -2.38 0 4.73</i>
                <i>1 0 0 0 1 0 0 0 1 -2.38 0 4.73</i>
                <i>1 0 0 0 1 0 0 0 1 -2.38 0 4.73</i>
                <i>1 0 0 0 1 0 0 0 1 -2.38 0 4.73</i>
                <i>1 0 0 0 1 0 0 0 1 -2.38 0 4.73</i>
                <i>1 0 0 0 1 0 0 0 1 -2.38 0 4.73</i>
                <i>1 0 0 0 1 0 0 0 1 -2.38 0 4.73</i>
                <i>1 0 0 0 1 0 0 0 1 -2.38 0 4.73</i>
                <i>1 0 0 0 1 0 0 0 1 -2.38 0 4.73</i>
                <i>1 0 0 0 1 0 0 0 1 -2.38 0 4.73</i>
                <i>1 0 0 0 1 0 0 0 1 -2.38 0 4.73</i>
                <i>1 0 0 0 1 0 0 0 1 -2.38 0 4.73</i>
                <i>1 0 0 0 1 0 0 0 1 -2.38 0 4.73</i>
                <i>1 0 0 0 1 0 0 0 1 -2.38 0 4.73</i>
                <i>1 0 0 0 1 0 0 0 1 -2.38 0 4.73</i>
                <i>1 0 0 0 1 0 0 0 1 -2.38 0 4.73</i>
                <i>1 0 0 0 1 0 0 0 1 -2.38 0 4.73</i>
                <i>1 0 0 0 1 0 0 0 1 -2.38 0 4.73</i>
                <i>1 0 0 0 1 0 0 0 1 -2.38 0 4.73</i>
                <i>1 0 0 0 1 0 0 0 1 -2.38 0 4.73</i>
                <i>1 0 0 0 1 0 0 0 1 -2.38 0 4.73</i>
                <i>1 0 0 0 1 0 0 0 1 -2.38 0 4.73</i>
                <i>1 0 0 0 1 0 0 0 1 -2.38 0 4.73</i>
                <i>1 0 0 0 1 0 0 0 1 -2.38 0 4.73</i>
                <i>1 0 0 0 1 0 0 0 1 -2.38 0 4.73</i>
                <i>1 0 0 0 1 0 0 0 1 -2.38 0 4.73</i>
                <i>1 0 0 0 1 0 0 0 1 -2.38 0 4.73</i>
                <i>1 0 0 0 1 0 0 0 1 -2.38 0 4.73</i>
                <i>1 0 0 0 1 0 0 0 1 -2.38 0 4.73</i>
                <i>1 0 0 0 1 0 0 0 1 -2.38 0 4.73</i>
                <i>1 0 0 0 1 0 0 0 1 -2.38 0 4.73</i>
                <i>1 0 0 0 1 0 0 0 1 -2.38 0 4.73</i>
                <i>1 0 0 0 1 0 0 0 1 -2.38 0 4.73</i>
                <i>1 0 0 0 1 0 0 0 1 -2.38 0 4.73</i>
                <i>1 0 0 0 1 0 0 0 1 -2.38 0 4.73</i>
                <i>1 0 0 0 1 0 0 0 1 -2.38 0 4.73</i>
                <i>1 0 0 0 1 0 0 0 1 -2.38 0 4.73</i>
                <i>1 0 0 0 1 0 0 0 1 -2.38 0 4.73</i>
                <i>1 0 0 0 1 0 0 0 1 -2.38 0 4.73</i>
                <i>1 0 0 0 1 0 0 0 1 -2.38 0 4.73</i>
                <i>1 0 0 0 1 0 0 0 1 -2.38 0 4.73</i>
                <i>1 0 0 0 1 0 0 0 1 -2.38 0 4.73</i>
                <i>1 0 0 0 1 0 0 0 1 -2.38 0 4.73</i>
                <i>1 0 0 0 1 0 0 0 1 -2.38 0 4.73</i>
                <i>1 0 0 0 1 0 0 0 1 -2.38 0 4.73</i>
                <i>1 0 0 0 1 0 0 0 1 -2.38 0 4.73</i>
                <i>1 0 0 0 1 0 0 0 1 -2.38 0 4.73</i>
                <i>1 0 0 0 1 0 0 0 1 -2.38 0 4.73</i>
                <i>1 0 0 0 1 0 0 0 1 -2.38 0 4.73</i>
                <i>1 0 0 0 1 0 0 0 1 -2.38 0 4.73</i>
                <i>1 0 0 0 1 0 0 0 1 -2.38 0 4.73</i>
                <i>1 0 0 0 1 0 0 0 1 -2.38 0 4.73</i>
                <i>1 0 0 0 1 0 0 0 1 -2.38 0 4.73</i>
            </KeyFrames>
        </RefFrame>
        <Bones count="23">
            <i>
                <p>
                    <Name><![CDATA[pelvis]]></Name>
                    <Exclude>0</Exclude>
                    <Additive>0</Additive>
                    <IKPriority>0</IKPriority>
                    <IKRotLimits>-1e+010 -1e+010 -1e+010 1e+010 1e+010 1e+010</IKRotLimits>
                    <IKRotLimitOrder>2</IKRotLimitOrder>
                    <KeyFrames count="121">
                        <i>1 0 0 0 1 0 0 0 1 -0.73 2.97 6.94</i>
                        <i>1 0 0 0 1 0 0 0 1 -0.73 2.97 6.94</i>
                        <i>1 0 0 0 1 0 0 0 1 -0.73 2.97 6.94</i>
                        <i>1 0 0 0 1 0 0 0 1 -0.73 2.97 6.94</i>
                        <i>1 0 0 0 1 0 0 0 1 -0.73 2.97 6.94</i>
                        <i>1 0 0 0 1 0 0 0 1 -0.73 2.97 6.94</i>
                        <i>1 0 0 0 1 0 0 0 1 -0.73 2.97 6.94</i>
                        <i>1 0 0 0 1 0 0 0 1 -0.73 2.97 6.94</i>
                        <i>1 0 0 0 1 0 0 0 1 -0.73 2.97 6.94</i>
                        <i>1 0 0 0 1 0 0 0 1 -0.73 2.97 6.94</i>
                        <i>1 0 0 0 1 0 0 0 1 -0.73 2.97 6.94</i>
                        <i>1 0 0 0 1 0 0 0 1 -0.73 2.97 6.94</i>
                        <i>1 0 0 0 1 0 0 0 1 -0.73 2.97 6.94</i>
                        <i>1 0 0 0 1 0 0 0 1 -0.73 2.97 6.94</i>
                        <i>1 0 0 0 1 0 0 0 1 -0.73 2.97 6.94</i>
                        <i>1 0 0 0 1 0 0 0 1 -0.73 2.97 6.94</i>
                        <i>1 0 0 0 1 0 0 0 1 -0.73 2.97 6.94</i>
                        <i>1 0 0 0 1 0 0 0 1 -0.73 2.97 6.94</i>
                        <i>1 0 0 0 1 0 0 0 1 -0.73 2.97 6.94</i>
                        <i>1 0 0 0 1 0 0 0 1 -0.73 2.97 6.94</i>
                        <i>1 0 0 0 1 0 0 0 1 -0.73 2.97 6.94</i>
                        <i>1 0 0 0 1 0 0 0 1 -0.73 2.97 6.94</i>
                        <i>1 0 0 0 1 0 0 0 1 -0.73 2.97 6.94</i>
                        <i>1 0 0 0 1 0 0 0 1 -0.73 2.97 6.94</i>
                        <i>1 0 0 0 1 0 0 0 1 -0.73 2.97 6.94</i>
                        <i>1 0 0 0 1 0 0 0 1 -0.73 2.97 6.94</i>
                        <i>1 0 0 0 1 0 0 0 1 -0.73 2.97 6.94</i>
                        <i>1 0 0 0 1 0 0 0 1 -0.73 2.97 6.94</i>
                        <i>1 0 0 0 1 0 0 0 1 -0.73 2.97 6.94</i>
                        <i>1 0 0 0 1 0 0 0 1 -0.73 2.97 6.94</i>
                        <i>1 0 0 0 1 0 0 0 1 -0.73 2.97 6.94</i>
                        <i>1 0 0 0 1 0 0 0 1 -0.73 2.97 6.94</i>
                        <i>1 0 0 0 1 0 0 0 1 -0.73 2.97 6.94</i>
                        <i>1 0 0 0 1 0 0 0 1 -0.73 2.97 6.94</i>
                        <i>1 0 0 0 1 0 0 0 1 -0.73 2.97 6.94</i>
                        <i>1 0 0 0 1 0 0 0 1 -0.73 2.97 6.94</i>
                        <i>1 0 0 0 1 0 0 0 1 -0.73 2.97 6.94</i>
                        <i>1 0 0 0 1 0 0 0 1 -0.73 2.97 6.94</i>
                        <i>1 0 0 0 1 0 0 0 1 -0.73 2.97 6.94</i>
                        <i>1 0 0 0 1 0 0 0 1 -0.73 2.97 6.94</i>
                        <i>1 0 0 0 1 0 0 0 1 -0.73 2.97 6.94</i>
                        <i>1 0 0 0 1 0 0 0 1 -0.73 2.97 6.94</i>
                        <i>1 0 0 0 1 0 0 0 1 -0.73 2.97 6.94</i>
                        <i>1 0 0 0 1 0 0 0 1 -0.73 2.97 6.94</i>
                        <i>1 0 0 0 1 0 0 0 1 -0.73 2.97 6.94</i>
                        <i>1 0 0 0 1 0 0 0 1 -0.73 2.97 6.94</i>
                        <i>1 0 0 0 1 0 0 0 1 -0.73 2.97 6.94</i>
                        <i>1 0 0 0 1 0 0 0 1 -0.73 2.97 6.94</i>
                        <i>1 0 0 0 1 0 0 0 1 -0.73 2.97 6.94</i>
                        <i>1 0 0 0 1 0 0 0 1 -0.73 2.97 6.94</i>
                        <i>1 0 0 0 1 0 0 0 1 -0.73 2.97 6.94</i>
                        <i>1 0 0 0 1 0 0 0 1 -0.73 2.97 6.94</i>
                        <i>1 0 0 0 1 0 0 0 1 -0.73 2.97 6.94</i>
                        <i>1 0 0 0 1 0 0 0 1 -0.73 2.97 6.94</i>
                        <i>1 0 0 0 1 0 0 0 1 -0.73 2.97 6.94</i>
                        <i>1 0 0 0 1 0 0 0 1 -0.73 2.97 6.94</i>
                        <i>1 0 0 0 1 0 0 0 1 -0.73 2.97 6.94</i>
                        <i>1 0 0 0 1 0 0 0 1 -0.73 2.97 6.94</i>
                        <i>1 0 0 0 1 0 0 0 1 -0.73 2.97 6.94</i>
                        <i>1 0 0 0 1 0 0 0 1 -0.73 2.97 6.94</i>
                        <i>1 0 0 0 1 0 0 0 1 -0.71404 2.98824 6.95596</i>
                        <i>1 0 0 0 1 0 0 0 1 -0.679145 3.02812 6.99085</i>
                        <i>1 0 0 0 1 0 0 0 1 -0.63823 3.07488 7.03177</i>
                        <i>1 0 0 0 1 0 0 0 1 -0.60421 3.11376 7.06579</i>
                        <i>1 0 0 0 1 0 0 0 1 -0.59 3.13 7.08</i>
                        <i>1 0 0 0 1 0 0 0 1 -0.5574 3.1384 7.06204</i>
                        <i>1 0 0 0 1 0 0 0 1 -0.4762 3.1592 7.01052</i>
                        <i>1 0 0 0 1 0 0 0 1 -0.3713 3.1858 6.92898</i>
                        <i>1 0 0 0 1 0 0 0 1 -0.2676 3.2116 6.82096</i>
                        <i>1 0 0 0 1 0 0 0 1 -0.19 3.23 6.69</i>
                        <i>1 0 0 0 1 0 0 0 1 -0.136482 3.244 6.47537</i>
                        <i>1 0 0 0 1 0 0 0 1 -0.109352 3.24967 6.19046</i>
                        <i>1 0 0 0 1 0 0 0 1 -0.14 3.23 5.95</i>
                        <i>1 0 0 0 1 0 0 0 1 -0.225321 3.18491 5.76985</i>
                        <i>1 0 0 0 1 0 0 0 1 -0.334606 3.12881 5.59224</i>
                        <i>1 0 0 0 1 0 0 0 1 -0.457842 3.06648 5.42137</i>
                        <i>1 0 0 0 1 0 0 0 1 -0.585014 3.00267 5.26149</i>
                        <i>1 0 0 0 1 0 0 0 1 -0.706107 2.94214 5.11681</i>
                        <i>1 0 0 0 1 0 0 0 1 -0.811108 2.88966 4.99157</i>
                        <i>1 0 0 0 1 0 0 0 1 -0.89 2.85 4.89</i>
                        <i>1 0 0 0 1 0 0 0 1 -0.93 2.82182 4.83347</i>
                        <i>1 0 0 0 1 0 0 0 1 -0.935 2.80345 4.8264</i>
                        <i>1 0 0 0 1 0 0 0 1 -0.92 2.79917 4.8476</i>
                        <i>1 0 0 0 1 0 0 0 1 -0.9 2.81326 4.87587</i>
                        <i>1 0 0 0 1 0 0 0 1 -0.89 2.85 4.89</i>
                        <i>1 0 0 0 1 0 0 0 1 -0.893125 2.88723 4.89</i>
                        <i>1 0 0 0 1 0 0 0 1 -0.9 2.89647 4.89</i>
                        <i>1 0 0 0 1 0 0 0 1 -0.906875 2.87248 4.89</i>
                        <i>1 0 0 0 1 0 0 0 1 -0.91 2.81 4.89</i>
                        <i>1 0 0 0 1 0 0 0 1 -0.995893 2.93339 4.88919</i>
                        <i>1 0 0 0 1 0 0 0 1 -1.20571 2.99943 4.88698</i>
                        <i>1 0 0 0 1 0 0 0 1 -1.46768 2.98575 4.8837</i>
                        <i>1 0 0 0 1 0 0 0 1 -1.71 2.87 4.87968</i>
                        <i>1 0 0 0 1 0 0 0 1 -1.95059 2.64234 4.88121</i>
                        <i>1 0 0 0 1 0 0 0 1 -2.1988 2.3464 4.88123</i>
                        <i>1 0 0 0 1 0 0 0 1 -2.37 2.04 4.86006</i>
                        <i>1 0 0 0 1 0 0 0 1 -2.45088 1.76487 4.83116</i>
                        <i>1 0 0 0 1 0 0 0 1 -2.49377 1.52272 4.81713</i>
                        <i>1 0 0 0 1 0 0 0 1 -2.51257 1.31136 4.81205</i>
                        <i>1 0 0 0 1 0 0 0 1 -2.52115 1.1286 4.81</i>
                        <i>1 0 0 0 1 0 0 0 1 -2.51541 0.972246 4.85498</i>
                        <i>1 0 0 0 1 0 0 0 1 -2.49734 0.84011 4.94385</i>
                        <i>1 0 0 0 1 0 0 0 1 -2.49 0.73 5</i>
                        <i>1 0 0 0 1 0 0 0 1 -2.49423 0.647199 5.01001</i>
                        <i>1 0 0 0 1 0 0 0 1 -2.4956 0.596166 5.01201</i>
                        <i>1 0 0 0 1 0 0 0 1 -2.49429 0.573466 5.00667</i>
                        <i>1 0 0 0 1 0 0 0 1 -2.49046 0.575666 4.99472</i>
                        <i>1 0 0 0 1 0 0 0 1 -2.48431 0.599333 4.97683</i>
                        <i>1 0 0 0 1 0 0 0 1 -2.47601 0.641034 4.95372</i>
                        <i>1 0 0 0 1 0 0 0 1 -2.46574 0.697334 4.92608</i>
                        <i>1 0 0 0 1 0 0 0 1 -2.45368 0.7648 4.89461</i>
                        <i>1 0 0 0 1 0 0 0 1 -2.44 0.84 4.86</i>
                        <i>1 0 0 0 1 0 0 0 1 -2.41556 0.92731 4.82341</i>
                        <i>1 0 0 0 1 0 0 0 1 -2.37799 1.02282 4.78777</i>
                        <i>1 0 0 0 1 0 0 0 1 -2.33764 1.11068 4.75642</i>
                        <i>1 0 0 0 1 0 0 0 1 -2.30486 1.17503 4.73271</i>
                        <i>1 0 0 0 1 0 0 0 1 -2.29 1.2 4.72</i>
                        <i>1 0 0 0 1 0 0 0 1 -2.30269 1.19687 4.70876</i>
                        <i>1 0 0 0 1 0 0 0 1 -2.33378 1.19 4.69195</i>
                        <i>1 0 0 0 1 0 0 0 1 -2.36548 1.18313 4.67667</i>
                        <i>1 0 0 0 1 0 0 0 1 -2.38 1.18 4.67</i>
                    </KeyFrames>
                </p>
            </i>
            <i>
                <p>
                    <Name><![CDATA[spine0]]></Name>
                    <Exclude>0</Exclude>
                    <Additive>0</Additive>
                    <IKPriority>0</IKPriority>
                    <IKRotLimits>-1e+010 -1e+010 -1e+010 1e+010 1e+010 1e+010</IKRotLimits>
                    <IKRotLimitOrder>0</IKRotLimitOrder>
                    <KeyFrames count="121">
                        <i>0.00760831 0.999289 -0.036935 -0.99979 0.00689794 -0.0193224 -0.0190539 0.0370742 0.999131 -0.738868 3.09133 6.86321</i>
                        <i>0.00760831 0.999289 -0.036935 -0.99979 0.00689794 -0.0193224 -0.0190539 0.0370742 0.999131 -0.738868 3.09133 6.86321</i>
                        <i>0.00760831 0.999289 -0.036935 -0.99979 0.00689794 -0.0193224 -0.0190539 0.0370742 0.999131 -0.738868 3.09133 6.86321</i>
                        <i>0.00760831 0.999289 -0.036935 -0.99979 0.00689794 -0.0193224 -0.0190539 0.0370742 0.999131 -0.738868 3.09133 6.86321</i>
                        <i>0.00760831 0.999289 -0.036935 -0.99979 0.00689794 -0.0193224 -0.0190539 0.0370742 0.999131 -0.738868 3.09133 6.86321</i>
                        <i>0.00760831 0.999289 -0.036935 -0.99979 0.00689794 -0.0193224 -0.0190539 0.0370742 0.999131 -0.738868 3.09133 6.86321</i>
                        <i>0.00760831 0.999289 -0.036935 -0.99979 0.00689794 -0.0193224 -0.0190539 0.0370742 0.999131 -0.738868 3.09133 6.86321</i>
                        <i>0.00760831 0.999289 -0.036935 -0.99979 0.00689794 -0.0193224 -0.0190539 0.0370742 0.999131 -0.738868 3.09133 6.86321</i>
                        <i>0.00760831 0.999289 -0.036935 -0.99979 0.00689794 -0.0193224 -0.0190539 0.0370742 0.999131 -0.738868 3.09133 6.86321</i>
                        <i>0.00760831 0.999289 -0.036935 -0.99979 0.00689794 -0.0193224 -0.0190539 0.0370742 0.999131 -0.738868 3.09133 6.86321</i>
                        <i>0.00760831 0.999289 -0.036935 -0.99979 0.00689794 -0.0193224 -0.0190539 0.0370742 0.999131 -0.738868 3.09133 6.86321</i>
                        <i>0.00760831 0.999289 -0.036935 -0.99979 0.00689794 -0.0193224 -0.0190539 0.0370742 0.999131 -0.738868 3.09133 6.86321</i>
                        <i>0.00760831 0.999289 -0.036935 -0.99979 0.00689794 -0.0193224 -0.0190539 0.0370742 0.999131 -0.738868 3.09133 6.86321</i>
                        <i>0.00760831 0.999289 -0.036935 -0.99979 0.00689794 -0.0193224 -0.0190539 0.0370742 0.999131 -0.738868 3.09133 6.86321</i>
                        <i>0.00760831 0.999289 -0.036935 -0.99979 0.00689794 -0.0193224 -0.0190539 0.0370742 0.999131 -0.738868 3.09133 6.86321</i>
                        <i>0.00760831 0.999289 -0.036935 -0.99979 0.00689794 -0.0193224 -0.0190539 0.0370742 0.999131 -0.738868 3.09133 6.86321</i>
                        <i>0.00760831 0.999289 -0.036935 -0.99979 0.00689794 -0.0193224 -0.0190539 0.0370742 0.999131 -0.738868 3.09133 6.86321</i>
                        <i>0.00760831 0.999289 -0.036935 -0.99979 0.00689794 -0.0193224 -0.0190539 0.0370742 0.999131 -0.738868 3.09133 6.86321</i>
                        <i>0.00760831 0.999289 -0.036935 -0.99979 0.00689794 -0.0193224 -0.0190539 0.0370742 0.999131 -0.738868 3.09133 6.86321</i>
                        <i>0.00760831 0.999289 -0.036935 -0.99979 0.00689794 -0.0193224 -0.0190539 0.0370742 0.999131 -0.738868 3.09133 6.86321</i>
                        <i>0.00760831 0.999289 -0.036935 -0.99979 0.00689794 -0.0193224 -0.0190539 0.0370742 0.999131 -0.738868 3.09133 6.86321</i>
                        <i>0.00760831 0.999289 -0.036935 -0.99979 0.00689794 -0.0193224 -0.0190539 0.0370742 0.999131 -0.738868 3.09133 6.86321</i>
                        <i>0.00760831 0.999289 -0.036935 -0.99979 0.00689794 -0.0193224 -0.0190539 0.0370742 0.999131 -0.738868 3.09133 6.86321</i>
                        <i>0.00760831 0.999289 -0.036935 -0.99979 0.00689794 -0.0193224 -0.0190539 0.0370742 0.999131 -0.738868 3.09133 6.86321</i>
                        <i>0.00760831 0.999289 -0.036935 -0.99979 0.00689794 -0.0193224 -0.0190539 0.0370742 0.999131 -0.738868 3.09133 6.86321</i>
                        <i>0.00760831 0.999289 -0.036935 -0.99979 0.00689794 -0.0193224 -0.0190539 0.0370742 0.999131 -0.738868 3.09133 6.86321</i>
                        <i>0.00760831 0.999289 -0.036935 -0.99979 0.00689794 -0.0193224 -0.0190539 0.0370742 0.999131 -0.738868 3.09133 6.86321</i>
                        <i>0.00760831 0.999289 -0.036935 -0.99979 0.00689794 -0.0193224 -0.0190539 0.0370742 0.999131 -0.738868 3.09133 6.86321</i>
                        <i>0.00760831 0.999289 -0.036935 -0.99979 0.00689794 -0.0193224 -0.0190539 0.0370742 0.999131 -0.738868 3.09133 6.86321</i>
                        <i>0.00760831 0.999289 -0.036935 -0.99979 0.00689794 -0.0193224 -0.0190539 0.0370742 0.999131 -0.738868 3.09133 6.86321</i>
                        <i>0.00760831 0.999289 -0.036935 -0.99979 0.00689794 -0.0193224 -0.0190539 0.0370742 0.999131 -0.738868 3.09133 6.86321</i>
                        <i>0.00760831 0.999289 -0.036935 -0.99979 0.00689794 -0.0193224 -0.0190539 0.0370742 0.999131 -0.738868 3.09133 6.86321</i>
                        <i>0.00760831 0.999289 -0.036935 -0.99979 0.00689794 -0.0193224 -0.0190539 0.0370742 0.999131 -0.738868 3.09133 6.86321</i>
                        <i>0.00760831 0.999289 -0.036935 -0.99979 0.00689794 -0.0193224 -0.0190539 0.0370742 0.999131 -0.738868 3.09133 6.86321</i>
                        <i>0.00760831 0.999289 -0.036935 -0.99979 0.00689794 -0.0193224 -0.0190539 0.0370742 0.999131 -0.738868 3.09133 6.86321</i>
                        <i>0.00760831 0.999289 -0.036935 -0.99979 0.00689794 -0.0193224 -0.0190539 0.0370742 0.999131 -0.738868 3.09133 6.86321</i>
                        <i>0.00760831 0.999289 -0.036935 -0.99979 0.00689794 -0.0193224 -0.0190539 0.0370742 0.999131 -0.738868 3.09133 6.86321</i>
                        <i>0.00760831 0.999289 -0.036935 -0.99979 0.00689794 -0.0193224 -0.0190539 0.0370742 0.999131 -0.738868 3.09133 6.86321</i>
                        <i>0.00760831 0.999289 -0.036935 -0.99979 0.00689794 -0.0193224 -0.0190539 0.0370742 0.999131 -0.738868 3.09133 6.86321</i>
                        <i>0.00760831 0.999289 -0.036935 -0.99979 0.00689794 -0.0193224 -0.0190539 0.0370742 0.999131 -0.738868 3.09133 6.86321</i>
                        <i>0.00760831 0.999289 -0.036935 -0.99979 0.00689794 -0.0193224 -0.0190539 0.0370742 0.999131 -0.738868 3.09133 6.86321</i>
                        <i>0.00760831 0.999289 -0.036935 -0.99979 0.00689794 -0.0193224 -0.0190539 0.0370742 0.999131 -0.738868 3.09133 6.86321</i>
                        <i>0.00760831 0.999289 -0.036935 -0.99979 0.00689794 -0.0193224 -0.0190539 0.0370742 0.999131 -0.738868 3.09133 6.86321</i>
                        <i>0.00760831 0.999289 -0.036935 -0.99979 0.00689794 -0.0193224 -0.0190539 0.0370742 0.999131 -0.738868 3.09133 6.86321</i>
                        <i>0.00760831 0.999289 -0.036935 -0.99979 0.00689794 -0.0193224 -0.0190539 0.0370742 0.999131 -0.738868 3.09133 6.86321</i>
                        <i>0.00760831 0.999289 -0.036935 -0.99979 0.00689794 -0.0193224 -0.0190539 0.0370742 0.999131 -0.738868 3.09133 6.86321</i>
                        <i>0.00760831 0.999289 -0.036935 -0.99979 0.00689794 -0.0193224 -0.0190539 0.0370742 0.999131 -0.738868 3.09133 6.86321</i>
                        <i>0.00760831 0.999289 -0.036935 -0.99979 0.00689794 -0.0193224 -0.0190539 0.0370742 0.999131 -0.738868 3.09133 6.86321</i>
                        <i>0.00760831 0.999289 -0.036935 -0.99979 0.00689794 -0.0193224 -0.0190539 0.0370742 0.999131 -0.738868 3.09133 6.86321</i>
                        <i>0.00760831 0.999289 -0.036935 -0.99979 0.00689794 -0.0193224 -0.0190539 0.0370742 0.999131 -0.738868 3.09133 6.86321</i>
                        <i>0.00760831 0.999289 -0.036935 -0.99979 0.00689794 -0.0193224 -0.0190539 0.0370742 0.999131 -0.738868 3.09133 6.86321</i>
                        <i>0.00760831 0.999289 -0.036935 -0.99979 0.00689794 -0.0193224 -0.0190539 0.0370742 0.999131 -0.738868 3.09133 6.86321</i>
                        <i>0.00760831 0.999289 -0.036935 -0.99979 0.00689794 -0.0193224 -0.0190539 0.0370742 0.999131 -0.738868 3.09133 6.86321</i>
                        <i>0.00760831 0.999289 -0.036935 -0.99979 0.00689794 -0.0193224 -0.0190539 0.0370742 0.999131 -0.738868 3.09133 6.86321</i>
                        <i>0.00760831 0.999289 -0.036935 -0.99979 0.00689794 -0.0193224 -0.0190539 0.0370742 0.999131 -0.738868 3.09133 6.86321</i>
                        <i>0.00760831 0.999289 -0.036935 -0.99979 0.00689794 -0.0193224 -0.0190539 0.0370742 0.999131 -0.738868 3.09133 6.86321</i>
                        <i>0.00760831 0.999289 -0.036935 -0.99979 0.00689794 -0.0193224 -0.0190539 0.0370742 0.999131 -0.738868 3.09133 6.86321</i>
                        <i>0.00760831 0.999289 -0.036935 -0.99979 0.00689794 -0.0193224 -0.0190539 0.0370742 0.999131 -0.738868 3.09133 6.86321</i>
                        <i>0.00760831 0.999289 -0.036935 -0.99979 0.00689794 -0.0193224 -0.0190539 0.0370742 0.999131 -0.738868 3.09133 6.86321</i>
                        <i>0.00760831 0.999289 -0.036935 -0.99979 0.00689794 -0.0193224 -0.0190539 0.0370742 0.999131 -0.738868 3.09133 6.86321</i>
                        <i>0.0133366 0.999268 -0.0358693 -0.99693 0.0160563 0.0766359 0.0771557 0.0347371 0.996414 -0.729098 3.10984 6.88057</i>
                        <i>0.0255753 0.999137 -0.0327161 -0.958563 0.0337991 0.282869 0.283731 0.024126 0.9586 -0.707141 3.15066 6.92089</i>
                        <i>0.0396594 0.998831 -0.0276385 -0.859801 0.0482055 0.508348 0.509086 0.00360287 0.860708 -0.679613 3.19903 6.97201</i>
                        <i>0.0513438 0.99843 -0.022372 -0.737686 0.0530165 0.673059 0.673189 -0.0180539 0.73925 -0.654602 3.23947 7.01728</i>
                        <i>0.0562505 0.998218 -0.0199159 -0.677217 0.0528038 0.733886 0.73363 -0.0277941 0.67898 -0.643462 3.25638 7.03682</i>
                        <i>0.0639838 0.997867 -0.0129635 -0.591269 0.0483708 0.805023 0.803932 -0.0438435 0.593102 -0.615412 3.26503 7.02606</i>
                        <i>0.0949691 0.995409 -0.0119004 -0.340417 0.0437073 0.939258 0.935466 -0.0851494 0.343005 -0.54115 3.28653 6.99424</i>
                        <i>0.143374 0.988029 -0.0569446 0.0380219 0.0519975 0.997923 0.988938 -0.145241 -0.0301117 -0.434859 3.31449 6.9388</i>
                        <i>0.169821 0.972003 -0.162393 0.434366 0.0740876 0.897684 0.884583 -0.222984 -0.409624 -0.317492 3.34281 6.85244</i>
                        <i>0.149195 0.945643 -0.288963 0.726096 0.0935975 0.681193 0.671212 -0.311445 -0.672664 -0.220123 3.36473 6.73044</i>
                        <i>0.0496571 0.891474 -0.450343 0.959249 0.0830101 0.270094 0.278164 -0.445403 -0.851023 -0.137484 3.38404 6.50828</i>
                        <i>-0.162244 0.815771 -0.555153 0.977249 0.0549507 -0.204855 -0.136608 -0.575759 -0.806126 -0.0954661 3.39264 6.19833</i>
                        <i>-0.165903 0.772476 -0.612991 0.975363 0.0368801 -0.217501 -0.145407 -0.633973 -0.759563 -0.127621 3.37326 5.94573</i>
                        <i>0.146369 0.773095 -0.617171 0.96278 0.0319742 0.268387 0.227222 -0.633484 -0.739641 -0.214032 3.32832 5.76869</i>
                        <i>0.470884 0.79482 -0.382791 0.585128 0.0433422 0.809782 0.660222 -0.605295 -0.444662 -0.329635 3.27256 5.59491</i>
                        <i>0.543306 0.838602 0.0395553 -0.157972 0.0558442 0.985863 0.824538 -0.541874 0.162816 -0.462581 3.21025 5.41971</i>
                        <i>0.288625 0.886765 0.361031 -0.831243 0.0449667 0.554087 0.475111 -0.460028 0.750096 -0.590418 3.1457 5.24712</i>
                        <i>-0.0633404 0.918666 0.389923 -0.979457 0.0177266 -0.200871 -0.191445 -0.394636 0.898672 -0.698297 3.08426 5.09592</i>
                        <i>-0.275578 0.933647 0.228822 -0.631099 0.00383257 -0.775693 -0.725101 -0.358173 0.588167 -0.788783 3.03128 4.97962</i>
                        <i>-0.331801 0.940844 0.0687055 -0.172752 0.0109997 -0.984904 -0.927397 -0.338661 0.158883 -0.863173 2.99129 4.89375</i>
                        <i>-0.329327 0.944192 -0.00667671 0.0804897 0.0210273 -0.996534 -0.940779 -0.328722 -0.0829226 -0.904735 2.96283 4.84656</i>
                        <i>-0.327703 0.944653 -0.0155311 0.112106 0.0225565 -0.99344 -0.938106 -0.327294 -0.113293 -0.91012 2.94442 4.84067</i>
                        <i>-0.331737 0.943302 0.0114684 0.0170379 0.0181458 -0.99969 -0.943218 -0.331439 -0.0220915 -0.894092 2.94027 4.85834</i>
                        <i>-0.333023 0.941632 0.04924 -0.109841 0.0131243 -0.993863 -0.936499 -0.336387 0.099059 -0.873314 2.9545 4.88192</i>
                        <i>-0.331801 0.940844 0.0687055 -0.172752 0.0109997 -0.984904 -0.927397 -0.338661 0.158883 -0.863173 2.99129 4.89375</i>
                        <i>-0.327911 0.94223 0.0683899 -0.173121 0.0112336 -0.984837 -0.928711 -0.334779 0.159436 -0.864803 3.02823 4.89357</i>
                        <i>-0.31954 0.945132 0.0679696 -0.173993 0.011988 -0.984674 -0.931461 -0.326469 0.160615 -0.868399 3.03679 4.89317</i>
                        <i>-0.311437 0.947836 0.0679221 -0.174931 0.0130707 -0.984494 -0.934027 -0.318489 0.161735 -0.872013 3.01202 4.89276</i>
                        <i>-0.307845 0.949002 0.068022 -0.175374 0.0136706 -0.984407 -0.935134 -0.314974 0.162221 -0.873662 2.94917 4.89257</i>
                        <i>-0.275918 0.9596 0.0551076 -0.160632 0.0104914 -0.986959 -0.947664 -0.281172 0.151248 -0.9573 3.07197 4.89012</i>
                        <i>-0.198758 0.979703 0.0260306 -0.122172 0.00158506 -0.992508 -0.972404 -0.200449 0.119377 -1.16137 3.13625 4.88411</i>
                        <i>-0.100758 0.994898 -0.00501059 -0.0696728 -0.0120798 -0.997497 -0.992468 -0.100157 0.0705345 -1.41564 3.11968 4.8765</i>
                        <i>0.00349968 0.999572 -0.0290564 -0.0158786 -0.0289974 -0.999453 -0.999868 0.00395915 0.0157703 -1.65004 3.0003 4.86862</i>
                        <i>0.141244 0.988691 -0.0504045 0.0333731 -0.0556413 -0.997893 -0.989412 0.139264 -0.0408547 -1.88022 2.76669 4.86445</i>
                        <i>0.289676 0.954901 -0.065215 0.066255 -0.0879785 -0.993917 -0.954829 0.283593 -0.0887521 -2.11678 2.46218 4.85745</i>
                        <i>0.380856 0.922261 -0.0662119 0.0755754 -0.102419 -0.991866 -0.92154 0.372754 -0.108707 -2.28141 2.14993 4.83244</i>
                        <i>0.399318 0.914743 -0.0615715 0.0641488 -0.0948705 -0.993421 -0.914566 0.392741 -0.0965631 -2.36334 1.87525 4.80203</i>
                        <i>0.380534 0.922857 -0.0594087 0.0370363 -0.079399 -0.996155 -0.924025 0.37687 -0.0643932 -2.41184 1.63677 4.78588</i>
                        <i>0.340431 0.93851 -0.0574869 0.00355068 -0.0624214 -0.998044 -0.940263 0.339561 -0.0245826 -2.43747 1.42964 4.77941</i>
                        <i>0.293753 0.95442 -0.0528312 -0.0254639 -0.0474366 -0.99855 -0.955542 0.294672 0.0103686 -2.45042 1.24964 4.77773</i>
                        <i>0.234802 0.970607 -0.0528207 -0.0460978 -0.04316 -0.998004 -0.97095 0.236768 0.0346088 -2.44303 1.09274 4.82435</i>
                        <i>0.163334 0.985051 -0.0547433 -0.0647784 -0.0446607 -0.9969 -0.984442 0.166374 0.0565153 -2.42112 0.958557 4.91456</i>
                        <i>0.10401 0.993487 -0.0465448 -0.0775735 -0.0385525 -0.996241 -0.991546 0.10723 0.0730584 -2.41455 0.849212 4.97186</i>
                        <i>0.0551047 0.998022 -0.0302562 -0.0854012 -0.0254802 -0.996021 -0.994822 0.0574693 0.0838282 -2.42463 0.770276 4.98348</i>
                        <i>-0.00345073 0.999909 -0.0130815 -0.0937874 -0.0133475 -0.995503 -0.995586 -0.00220833 0.0938248 -2.43267 0.723218 4.98765</i>
                        <i>-0.0669782 0.997748 0.00352244 -0.101536 -0.00330395 -0.994826 -0.992575 -0.0669893 0.101529 -2.43841 0.704239 4.98494</i>
                        <i>-0.130672 0.991262 0.0179939 -0.107626 0.00385917 -0.994184 -0.985566 -0.131849 0.106182 -2.44155 0.709639 4.97589</i>
                        <i>-0.189686 0.98141 0.029207 -0.111413 0.00804011 -0.993742 -0.975503 -0.191753 0.107817 -2.44175 0.735832 4.96095</i>
                        <i>-0.239247 0.970261 0.0368018 -0.112841 0.00986128 -0.993564 -0.964379 -0.24186 0.107126 -2.43865 0.779335 4.94058</i>
                        <i>-0.274697 0.960646 0.0412431 -0.112504 0.0104871 -0.993596 -0.954926 -0.277578 0.105196 -2.43189 0.836734 4.91523</i>
                        <i>-0.29142 0.955601 0.0436043 -0.111456 0.0113534 -0.993705 -0.95008 -0.294445 0.103199 -2.42113 0.904626 4.88536</i>
                        <i>-0.284645 0.957571 0.0451066 -0.110744 0.0138913 -0.993752 -0.952215 -0.287862 0.102091 -2.40603 0.979533 4.85148</i>
                        <i>-0.234141 0.969809 0.0681753 -0.208806 0.0183238 -0.977785 -0.949515 -0.243175 0.198212 -2.3806 1.06636 4.8116</i>
                        <i>-0.141713 0.98541 0.0942579 -0.432916 0.0239366 -0.901116 -0.890225 -0.168506 0.423208 -2.34628 1.1618 4.76839</i>
                        <i>-0.0484303 0.995462 0.0819183 -0.667622 0.0287401 -0.743946 -0.742924 -0.0907199 0.6632 -2.31285 1.24988 4.72985</i>
                        <i>0.00859179 0.999057 0.0425688 -0.823887 0.0311975 -0.565895 -0.566689 -0.0302098 0.823378 -2.28739 1.31452 4.70215</i>
                        <i>0.0251718 0.999481 0.0200811 -0.876071 0.0317305 -0.481138 -0.481526 -0.00548132 0.876415 -2.27584 1.33963 4.68839</i>
                        <i>0.0251718 0.999481 0.0200811 -0.876071 0.0317305 -0.481138 -0.481526 -0.00548132 0.876415 -2.28853 1.3365 4.67715</i>
                        <i>0.0251718 0.999481 0.0200811 -0.876071 0.0317305 -0.481138 -0.481526 -0.00548132 0.876415 -2.31962 1.32963 4.66034</i>
                        <i>0.0251718 0.999481 0.0200811 -0.876071 0.0317305 -0.481138 -0.481526 -0.00548132 0.876415 -2.35132 1.32275 4.64506</i>
                        <i>0.0251718 0.999481 0.0200811 -0.876071 0.0317305 -0.481138 -0.481526 -0.00548132 0.876415 -2.36584 1.31963 4.63839</i>
                    </KeyFrames>
                </p>
            </i>
            <i>
                <p>
                    <Name><![CDATA[spine1]]></Name>
                    <Exclude>0</Exclude>
                    <Additive>0</Additive>
                    <IKPriority>0</IKPriority>
                    <IKRotLimits>-1e+010 -1e+010 -1e+010 1e+010 1e+010 1e+010</IKRotLimits>
                    <IKRotLimitOrder>0</IKRotLimitOrder>
                    <KeyFrames count="121">
                        <i>0.0314631 0.922509 0.38469 -0.993746 0.0701272 -0.0868925 -0.107136 -0.37955 0.918947 -0.737468 3.27497 6.85635</i>
                        <i>0.0314631 0.922509 0.38469 -0.993746 0.0701272 -0.0868925 -0.107136 -0.37955 0.918947 -0.737468 3.27497 6.85635</i>
                        <i>0.0314631 0.922509 0.38469 -0.993746 0.0701272 -0.0868925 -0.107136 -0.37955 0.918947 -0.737468 3.27497 6.85635</i>
                        <i>0.0314631 0.922509 0.38469 -0.993746 0.0701272 -0.0868925 -0.107136 -0.37955 0.918947 -0.737468 3.27497 6.85635</i>
                        <i>0.0314631 0.922509 0.38469 -0.993746 0.0701272 -0.0868925 -0.107136 -0.37955 0.918947 -0.737468 3.27497 6.85635</i>
                        <i>0.0314631 0.922509 0.38469 -0.993746 0.0701272 -0.0868925 -0.107136 -0.37955 0.918947 -0.737468 3.27497 6.85635</i>
                        <i>0.0314631 0.922509 0.38469 -0.993746 0.0701272 -0.0868925 -0.107136 -0.37955 0.918947 -0.737468 3.27497 6.85635</i>
                        <i>0.0314631 0.922509 0.38469 -0.993746 0.0701272 -0.0868925 -0.107136 -0.37955 0.918947 -0.737468 3.27497 6.85635</i>
                        <i>0.0314631 0.922509 0.38469 -0.993746 0.0701272 -0.0868925 -0.107136 -0.37955 0.918947 -0.737468 3.27497 6.85635</i>
                        <i>0.0314631 0.922509 0.38469 -0.993746 0.0701272 -0.0868925 -0.107136 -0.37955 0.918947 -0.737468 3.27497 6.85635</i>
                        <i>0.0314631 0.922509 0.38469 -0.993746 0.0701272 -0.0868925 -0.107136 -0.37955 0.918947 -0.737468 3.27497 6.85635</i>
                        <i>0.0314631 0.922509 0.38469 -0.993746 0.0701272 -0.0868925 -0.107136 -0.37955 0.918947 -0.737468 3.27497 6.85635</i>
                        <i>0.0314631 0.922509 0.38469 -0.993746 0.0701272 -0.0868925 -0.107136 -0.37955 0.918947 -0.737468 3.27497 6.85635</i>
                        <i>0.0314631 0.922509 0.38469 -0.993746 0.0701272 -0.0868925 -0.107136 -0.37955 0.918947 -0.737468 3.27497 6.85635</i>
                        <i>0.0314631 0.922509 0.38469 -0.993746 0.0701272 -0.0868925 -0.107136 -0.37955 0.918947 -0.737468 3.27497 6.85635</i>
                        <i>0.0314631 0.922509 0.38469 -0.993746 0.0701272 -0.0868925 -0.107136 -0.37955 0.918947 -0.737468 3.27497 6.85635</i>
                        <i>0.0314631 0.922509 0.38469 -0.993746 0.0701272 -0.0868925 -0.107136 -0.37955 0.918947 -0.737468 3.27497 6.85635</i>
                        <i>0.0314631 0.922509 0.38469 -0.993746 0.0701272 -0.0868925 -0.107136 -0.37955 0.918947 -0.737468 3.27497 6.85635</i>
                        <i>0.0314631 0.922509 0.38469 -0.993746 0.0701272 -0.0868925 -0.107136 -0.37955 0.918947 -0.737468 3.27497 6.85635</i>
                        <i>0.0314631 0.922509 0.38469 -0.993746 0.0701272 -0.0868925 -0.107136 -0.37955 0.918947 -0.737468 3.27497 6.85635</i>
                        <i>0.0314631 0.922509 0.38469 -0.993746 0.0701272 -0.0868925 -0.107136 -0.37955 0.918947 -0.737468 3.27497 6.85635</i>
                        <i>0.0314631 0.922509 0.38469 -0.993746 0.0701272 -0.0868925 -0.107136 -0.37955 0.918947 -0.737468 3.27497 6.85635</i>
                        <i>0.0314631 0.922509 0.38469 -0.993746 0.0701272 -0.0868925 -0.107136 -0.37955 0.918947 -0.737468 3.27497 6.85635</i>
                        <i>0.0314631 0.922509 0.38469 -0.993746 0.0701272 -0.0868925 -0.107136 -0.37955 0.918947 -0.737468 3.27497 6.85635</i>
                        <i>0.0314631 0.922509 0.38469 -0.993746 0.0701272 -0.0868925 -0.107136 -0.37955 0.918947 -0.737468 3.27497 6.85635</i>
                        <i>0.0314631 0.922509 0.38469 -0.993746 0.0701272 -0.0868925 -0.107136 -0.37955 0.918947 -0.737468 3.27497 6.85635</i>
                        <i>0.0314631 0.922509 0.38469 -0.993746 0.0701272 -0.0868925 -0.107136 -0.37955 0.918947 -0.737468 3.27497 6.85635</i>
                        <i>0.0314631 0.922509 0.38469 -0.993746 0.0701272 -0.0868925 -0.107136 -0.37955 0.918947 -0.737468 3.27497 6.85635</i>
                        <i>0.0314631 0.922509 0.38469 -0.993746 0.0701272 -0.0868925 -0.107136 -0.37955 0.918947 -0.737468 3.27497 6.85635</i>
                        <i>0.0314631 0.922509 0.38469 -0.993746 0.0701272 -0.0868925 -0.107136 -0.37955 0.918947 -0.737468 3.27497 6.85635</i>
                        <i>0.0314631 0.922509 0.38469 -0.993746 0.0701272 -0.0868925 -0.107136 -0.37955 0.918947 -0.737468 3.27497 6.85635</i>
                        <i>0.0314631 0.922509 0.38469 -0.993746 0.0701272 -0.0868925 -0.107136 -0.37955 0.918947 -0.737468 3.27497 6.85635</i>
                        <i>0.0314631 0.922509 0.38469 -0.993746 0.0701272 -0.0868925 -0.107136 -0.37955 0.918947 -0.737468 3.27497 6.85635</i>
                        <i>0.0314631 0.922509 0.38469 -0.993746 0.0701272 -0.0868925 -0.107136 -0.37955 0.918947 -0.737468 3.27497 6.85635</i>
                        <i>0.0314631 0.922509 0.38469 -0.993746 0.0701272 -0.0868925 -0.107136 -0.37955 0.918947 -0.737468 3.27497 6.85635</i>
                        <i>0.0314631 0.922509 0.38469 -0.993746 0.0701272 -0.0868925 -0.107136 -0.37955 0.918947 -0.737468 3.27497 6.85635</i>
                        <i>0.0314631 0.922509 0.38469 -0.993746 0.0701272 -0.0868925 -0.107136 -0.37955 0.918947 -0.737468 3.27497 6.85635</i>
