<?xml version="1.0" encoding="ISO-8859-1" ?>
<Animl Version="1">
    <ModellingPackage><![CDATA[Maya.2010]]></ModellingPackage>
    <SrcFile><![CDATA[anims\vehicles\red\~src\air\helicopter_mi24hind\heli_mi24hind_takeoff_crewman_a.mb]]></SrcFile>
    <FramesPerSecond>30</FramesPerSecond>
    <TotalFrames>121</TotalFrames>
    <Skeleton>
        <RefFrame>
            <Name><![CDATA[soldier_ref_frame]]></Name>
            <Exclude>0</Exclude>
            <Additive>0</Additive>
            <IKPriority>0</IKPriority>
            <IKRotLimits>-1e+010 -1e+010 -1e+010 1e+010 1e+010 1e+010</IKRotLimits>
            <IKRotLimitOrder>0</IKRotLimitOrder>
            <KeyFrames count="121">
                <i>1 0 0 0 1 0 0 0 1 1.9 0 4.73</i>
                <i>1 0 0 0 1 0 0 0 1 1.9 0 4.73</i>
                <i>1 0 0 0 1 0 0 0 1 1.9 0 4.73</i>
                <i>1 0 0 0 1 0 0 0 1 1.9 0 4.73</i>
                <i>1 0 0 0 1 0 0 0 1 1.9 0 4.73</i>
                <i>1 0 0 0 1 0 0 0 1 1.9 0 4.73</i>
                <i>1 0 0 0 1 0 0 0 1 1.9 0 4.73</i>
                <i>1 0 0 0 1 0 0 0 1 1.9 0 4.73</i>
                <i>1 0 0 0 1 0 0 0 1 1.9 0 4.73</i>
                <i>1 0 0 0 1 0 0 0 1 1.9 0 4.73</i>
                <i>1 0 0 0 1 0 0 0 1 1.9 0 4.73</i>
                <i>1 0 0 0 1 0 0 0 1 1.9 0 4.73</i>
                <i>1 0 0 0 1 0 0 0 1 1.9 0 4.73</i>
                <i>1 0 0 0 1 0 0 0 1 1.9 0 4.73</i>
                <i>1 0 0 0 1 0 0 0 1 1.9 0 4.73</i>
                <i>1 0 0 0 1 0 0 0 1 1.9 0 4.73</i>
                <i>1 0 0 0 1 0 0 0 1 1.9 0 4.73</i>
                <i>1 0 0 0 1 0 0 0 1 1.9 0 4.73</i>
                <i>1 0 0 0 1 0 0 0 1 1.9 0 4.73</i>
                <i>1 0 0 0 1 0 0 0 1 1.9 0 4.73</i>
                <i>1 0 0 0 1 0 0 0 1 1.9 0 4.73</i>
                <i>1 0 0 0 1 0 0 0 1 1.9 0 4.73</i>
                <i>1 0 0 0 1 0 0 0 1 1.9 0 4.73</i>
                <i>1 0 0 0 1 0 0 0 1 1.9 0 4.73</i>
                <i>1 0 0 0 1 0 0 0 1 1.9 0 4.73</i>
                <i>1 0 0 0 1 0 0 0 1 1.9 0 4.73</i>
                <i>1 0 0 0 1 0 0 0 1 1.9 0 4.73</i>
                <i>1 0 0 0 1 0 0 0 1 1.9 0 4.73</i>
                <i>1 0 0 0 1 0 0 0 1 1.9 0 4.73</i>
                <i>1 0 0 0 1 0 0 0 1 1.9 0 4.73</i>
                <i>1 0 0 0 1 0 0 0 1 1.9 0 4.73</i>
                <i>1 0 0 0 1 0 0 0 1 1.9 0 4.73</i>
                <i>1 0 0 0 1 0 0 0 1 1.9 0 4.73</i>
                <i>1 0 0 0 1 0 0 0 1 1.9 0 4.73</i>
                <i>1 0 0 0 1 0 0 0 1 1.9 0 4.73</i>
                <i>1 0 0 0 1 0 0 0 1 1.9 0 4.73</i>
                <i>1 0 0 0 1 0 0 0 1 1.9 0 4.73</i>
                <i>1 0 0 0 1 0 0 0 1 1.9 0 4.73</i>
                <i>1 0 0 0 1 0 0 0 1 1.9 0 4.73</i>
                <i>1 0 0 0 1 0 0 0 1 1.9 0 4.73</i>
                <i>1 0 0 0 1 0 0 0 1 1.9 0 4.73</i>
                <i>1 0 0 0 1 0 0 0 1 1.9 0 4.73</i>
                <i>1 0 0 0 1 0 0 0 1 1.9 0 4.73</i>
                <i>1 0 0 0 1 0 0 0 1 1.9 0 4.73</i>
                <i>1 0 0 0 1 0 0 0 1 1.9 0 4.73</i>
                <i>1 0 0 0 1 0 0 0 1 1.9 0 4.73</i>
                <i>1 0 0 0 1 0 0 0 1 1.9 0 4.73</i>
                <i>1 0 0 0 1 0 0 0 1 1.9 0 4.73</i>
                <i>1 0 0 0 1 0 0 0 1 1.9 0 4.73</i>
                <i>1 0 0 0 1 0 0 0 1 1.9 0 4.73</i>
                <i>1 0 0 0 1 0 0 0 1 1.9 0 4.73</i>
                <i>1 0 0 0 1 0 0 0 1 1.9 0 4.73</i>
                <i>1 0 0 0 1 0 0 0 1 1.9 0 4.73</i>
                <i>1 0 0 0 1 0 0 0 1 1.9 0 4.73</i>
                <i>1 0 0 0 1 0 0 0 1 1.9 0 4.73</i>
                <i>1 0 0 0 1 0 0 0 1 1.9 0 4.73</i>
                <i>1 0 0 0 1 0 0 0 1 1.9 0 4.73</i>
                <i>1 0 0 0 1 0 0 0 1 1.9 0 4.73</i>
                <i>1 0 0 0 1 0 0 0 1 1.9 0 4.73</i>
                <i>1 0 0 0 1 0 0 0 1 1.9 0 4.73</i>
                <i>1 0 0 0 1 0 0 0 1 1.9 0 4.73</i>
                <i>1 0 0 0 1 0 0 0 1 1.9 0 4.73</i>
                <i>1 0 0 0 1 0 0 0 1 1.9 0 4.73</i>
                <i>1 0 0 0 1 0 0 0 1 1.9 0 4.73</i>
                <i>1 0 0 0 1 0 0 0 1 1.9 0 4.73</i>
                <i>1 0 0 0 1 0 0 0 1 1.9 0 4.73</i>
                <i>1 0 0 0 1 0 0 0 1 1.9 0 4.73</i>
                <i>1 0 0 0 1 0 0 0 1 1.9 0 4.73</i>
                <i>1 0 0 0 1 0 0 0 1 1.9 0 4.73</i>
                <i>1 0 0 0 1 0 0 0 1 1.9 0 4.73</i>
                <i>1 0 0 0 1 0 0 0 1 1.9 0 4.73</i>
                <i>1 0 0 0 1 0 0 0 1 1.9 0 4.73</i>
                <i>1 0 0 0 1 0 0 0 1 1.9 0 4.73</i>
                <i>1 0 0 0 1 0 0 0 1 1.9 0 4.73</i>
                <i>1 0 0 0 1 0 0 0 1 1.9 0 4.73</i>
                <i>1 0 0 0 1 0 0 0 1 1.9 0 4.73</i>
                <i>1 0 0 0 1 0 0 0 1 1.9 0 4.73</i>
                <i>1 0 0 0 1 0 0 0 1 1.9 0 4.73</i>
                <i>1 0 0 0 1 0 0 0 1 1.9 0 4.73</i>
                <i>1 0 0 0 1 0 0 0 1 1.9 0 4.73</i>
                <i>1 0 0 0 1 0 0 0 1 1.9 0 4.73</i>
                <i>1 0 0 0 1 0 0 0 1 1.9 0 4.73</i>
                <i>1 0 0 0 1 0 0 0 1 1.9 0 4.73</i>
                <i>1 0 0 0 1 0 0 0 1 1.9 0 4.73</i>
                <i>1 0 0 0 1 0 0 0 1 1.9 0 4.73</i>
                <i>1 0 0 0 1 0 0 0 1 1.9 0 4.73</i>
                <i>1 0 0 0 1 0 0 0 1 1.9 0 4.73</i>
                <i>1 0 0 0 1 0 0 0 1 1.9 0 4.73</i>
                <i>1 0 0 0 1 0 0 0 1 1.9 0 4.73</i>
                <i>1 0 0 0 1 0 0 0 1 1.9 0 4.73</i>
                <i>1 0 0 0 1 0 0 0 1 1.9 0 4.73</i>
                <i>1 0 0 0 1 0 0 0 1 1.9 0 4.73</i>
                <i>1 0 0 0 1 0 0 0 1 1.9 0 4.73</i>
                <i>1 0 0 0 1 0 0 0 1 1.9 0 4.73</i>
                <i>1 0 0 0 1 0 0 0 1 1.9 0 4.73</i>
                <i>1 0 0 0 1 0 0 0 1 1.9 0 4.73</i>
                <i>1 0 0 0 1 0 0 0 1 1.9 0 4.73</i>
                <i>1 0 0 0 1 0 0 0 1 1.9 0 4.73</i>
                <i>1 0 0 0 1 0 0 0 1 1.9 0 4.73</i>
                <i>1 0 0 0 1 0 0 0 1 1.9 0 4.73</i>
                <i>1 0 0 0 1 0 0 0 1 1.9 0 4.73</i>
                <i>1 0 0 0 1 0 0 0 1 1.9 0 4.73</i>
                <i>1 0 0 0 1 0 0 0 1 1.9 0 4.73</i>
                <i>1 0 0 0 1 0 0 0 1 1.9 0 4.73</i>
                <i>1 0 0 0 1 0 0 0 1 1.9 0 4.73</i>
                <i>1 0 0 0 1 0 0 0 1 1.9 0 4.73</i>
                <i>1 0 0 0 1 0 0 0 1 1.9 0 4.73</i>
                <i>1 0 0 0 1 0 0 0 1 1.9 0 4.73</i>
                <i>1 0 0 0 1 0 0 0 1 1.9 0 4.73</i>
                <i>1 0 0 0 1 0 0 0 1 1.9 0 4.73</i>
                <i>1 0 0 0 1 0 0 0 1 1.9 0 4.73</i>
                <i>1 0 0 0 1 0 0 0 1 1.9 0 4.73</i>
                <i>1 0 0 0 1 0 0 0 1 1.9 0 4.73</i>
                <i>1 0 0 0 1 0 0 0 1 1.9 0 4.73</i>
                <i>1 0 0 0 1 0 0 0 1 1.9 0 4.73</i>
                <i>1 0 0 0 1 0 0 0 1 1.9 0 4.73</i>
                <i>1 0 0 0 1 0 0 0 1 1.9 0 4.73</i>
                <i>1 0 0 0 1 0 0 0 1 1.9 0 4.73</i>
                <i>1 0 0 0 1 0 0 0 1 1.9 0 4.73</i>
                <i>1 0 0 0 1 0 0 0 1 1.9 0 4.73</i>
                <i>1 0 0 0 1 0 0 0 1 1.9 0 4.73</i>
            </KeyFrames>
        </RefFrame>
        <Bones count="23">
            <i>
                <p>
                    <Name><![CDATA[pelvis]]></Name>
                    <Exclude>0</Exclude>
                    <Additive>0</Additive>
                    <IKPriority>0</IKPriority>
                    <IKRotLimits>-1e+010 -1e+010 -1e+010 1e+010 1e+010 1e+010</IKRotLimits>
                    <IKRotLimitOrder>2</IKRotLimitOrder>
                    <KeyFrames count="121">
                        <i>1 0 0 0 1 0 0 0 1 0.82 2.92 7.82</i>
                        <i>1 0 0 0 1 0 0 0 1 0.807678 2.92275 7.82042</i>
                        <i>1 0 0 0 1 0 0 0 1 0.796872 2.92461 7.82148</i>
                        <i>1 0 0 0 1 0 0 0 1 0.786825 2.92603 7.82286</i>
                        <i>1 0 0 0 1 0 0 0 1 0.776778 2.92745 7.82423</i>
                        <i>1 0 0 0 1 0 0 0 1 0.765973 2.92932 7.82529</i>
                        <i>1 0 0 0 1 0 0 0 1 0.753651 2.93206 7.82571</i>
                        <i>1 0 0 0 1 0 0 0 1 0.739053 2.93613 7.82518</i>
                        <i>1 0 0 0 1 0 0 0 1 0.721423 2.94196 7.82339</i>
                        <i>1 0 0 0 1 0 0 0 1 0.7 2.95 7.82</i>
                        <i>1 0 0 0 1 0 0 0 1 0.666594 2.96474 7.81102</i>
                        <i>1 0 0 0 1 0 0 0 1 0.619669 2.98709 7.79579</i>
                        <i>1 0 0 0 1 0 0 0 1 0.568446 3.01206 7.77906</i>
                        <i>1 0 0 0 1 0 0 0 1 0.522149 3.03469 7.76555</i>
                        <i>1 0 0 0 1 0 0 0 1 0.49 3.05 7.76</i>
                        <i>1 0 0 0 1 0 0 0 1 0.48032 3.06237 7.76869</i>
                        <i>1 0 0 0 1 0 0 0 1 0.48696 3.07512 7.78848</i>
                        <i>1 0 0 0 1 0 0 0 1 0.49744 3.08168 7.80992</i>
                        <i>1 0 0 0 1 0 0 0 1 0.49928 3.07549 7.82357</i>
                        <i>1 0 0 0 1 0 0 0 1 0.48 3.05 7.82</i>
                        <i>1 0 0 0 1 0 0 0 1 0.44146 3.00744 7.8012</i>
                        <i>1 0 0 0 1 0 0 0 1 0.395147 2.95592 7.7764</i>
                        <i>1 0 0 0 1 0 0 0 1 0.34302 2.89768 7.747</i>
                        <i>1 0 0 0 1 0 0 0 1 0.28704 2.83496 7.7144</i>
                        <i>1 0 0 0 1 0 0 0 1 0.229167 2.77 7.68</i>
                        <i>1 0 0 0 1 0 0 0 1 0.17136 2.70504 7.6452</i>
                        <i>1 0 0 0 1 0 0 0 1 0.11558 2.64232 7.6114</i>
                        <i>1 0 0 0 1 0 0 0 1 0.0637867 2.58408 7.58</i>
                        <i>1 0 0 0 1 0 0 0 1 0.01794 2.53256 7.5524</i>
                        <i>1 0 0 0 1 0 0 0 1 -0.02 2.49 7.53</i>
                        <i>1 0 0 0 1 0 0 0 1 -0.0413333 2.46611 7.51763</i>
                        <i>1 0 0 0 1 0 0 0 1 -0.044 2.46312 7.51608</i>
                        <i>1 0 0 0 1 0 0 0 1 -0.036 2.47208 7.52072</i>
                        <i>1 0 0 0 1 0 0 0 1 -0.0253333 2.48403 7.52691</i>
                        <i>1 0 0 0 1 0 0 0 1 -0.02 2.49 7.53</i>
                        <i>1 0 0 0 1 0 0 0 1 -0.02 2.49 7.53</i>
                        <i>1 0 0 0 1 0 0 0 1 -0.02 2.49 7.53</i>
                        <i>1 0 0 0 1 0 0 0 1 -0.02 2.49 7.53</i>
                        <i>1 0 0 0 1 0 0 0 1 -0.02 2.49 7.53</i>
                        <i>1 0 0 0 1 0 0 0 1 -0.02 2.49 7.53</i>
                        <i>1 0 0 0 1 0 0 0 1 -0.02 2.49 7.53</i>
                        <i>1 0 0 0 1 0 0 0 1 -0.02 2.49 7.53</i>
                        <i>1 0 0 0 1 0 0 0 1 -0.02 2.49 7.53</i>
                        <i>1 0 0 0 1 0 0 0 1 -0.02 2.49 7.53</i>
                        <i>1 0 0 0 1 0 0 0 1 -0.02 2.49 7.53</i>
                        <i>1 0 0 0 1 0 0 0 1 -0.02 2.49 7.53</i>
                        <i>1 0 0 0 1 0 0 0 1 -0.02 2.49 7.53</i>
                        <i>1 0 0 0 1 0 0 0 1 -0.02 2.49 7.53</i>
                        <i>1 0 0 0 1 0 0 0 1 -0.02 2.49 7.53</i>
                        <i>1 0 0 0 1 0 0 0 1 -0.02 2.49 7.53</i>
                        <i>1 0 0 0 1 0 0 0 1 -0.02 2.49 7.53</i>
                        <i>1 0 0 0 1 0 0 0 1 -0.02 2.49 7.53</i>
                        <i>1 0 0 0 1 0 0 0 1 -0.02 2.49 7.53</i>
                        <i>1 0 0 0 1 0 0 0 1 -0.02 2.49 7.53</i>
                        <i>1 0 0 0 1 0 0 0 1 -0.02 2.49 7.53</i>
                        <i>1 0 0 0 1 0 0 0 1 -0.02 2.49 7.53</i>
                        <i>1 0 0 0 1 0 0 0 1 -0.02 2.49 7.53</i>
                        <i>1 0 0 0 1 0 0 0 1 -0.02 2.49 7.53</i>
                        <i>1 0 0 0 1 0 0 0 1 -0.02 2.49 7.53</i>
                        <i>1 0 0 0 1 0 0 0 1 -0.02 2.49 7.53</i>
                        <i>1 0 0 0 1 0 0 0 1 -0.02 2.49 7.53</i>
                        <i>1 0 0 0 1 0 0 0 1 -0.02 2.49 7.53</i>
                        <i>1 0 0 0 1 0 0 0 1 -0.02 2.49 7.53</i>
                        <i>1 0 0 0 1 0 0 0 1 -0.02 2.49 7.53</i>
                        <i>1 0 0 0 1 0 0 0 1 -0.02 2.49 7.53</i>
                        <i>1 0 0 0 1 0 0 0 1 -0.02 2.49 7.53</i>
                        <i>1 0 0 0 1 0 0 0 1 -0.02 2.49 7.53</i>
                        <i>1 0 0 0 1 0 0 0 1 -0.02 2.49 7.53</i>
                        <i>1 0 0 0 1 0 0 0 1 -0.02 2.49 7.53</i>
                        <i>1 0 0 0 1 0 0 0 1 -0.02 2.49 7.53</i>
                        <i>1 0 0 0 1 0 0 0 1 -0.02 2.49 7.53</i>
                        <i>1 0 0 0 1 0 0 0 1 -0.02 2.49 7.53</i>
                        <i>1 0 0 0 1 0 0 0 1 -0.02 2.49 7.53</i>
                        <i>1 0 0 0 1 0 0 0 1 -0.02 2.49 7.53</i>
                        <i>1 0 0 0 1 0 0 0 1 -0.02 2.49 7.53</i>
                        <i>1 0 0 0 1 0 0 0 1 -0.02 2.49 7.53</i>
                        <i>1 0 0 0 1 0 0 0 1 -0.02 2.49 7.53</i>
                        <i>1 0 0 0 1 0 0 0 1 -0.02 2.49 7.53</i>
                        <i>1 0 0 0 1 0 0 0 1 -0.02 2.49 7.53</i>
                        <i>1 0 0 0 1 0 0 0 1 -0.02 2.49 7.53</i>
                        <i>1 0 0 0 1 0 0 0 1 -0.02 2.49 7.53</i>
                        <i>1 0 0 0 1 0 0 0 1 -0.02 2.49 7.53</i>
                        <i>1 0 0 0 1 0 0 0 1 -0.02 2.49 7.53</i>
                        <i>1 0 0 0 1 0 0 0 1 -0.02 2.49 7.53</i>
                        <i>1 0 0 0 1 0 0 0 1 -0.02 2.49 7.53</i>
                        <i>1 0 0 0 1 0 0 0 1 -0.02 2.49 7.53</i>
                        <i>1 0 0 0 1 0 0 0 1 -0.02 2.49 7.53</i>
                        <i>1 0 0 0 1 0 0 0 1 -0.02 2.49 7.53</i>
                        <i>1 0 0 0 1 0 0 0 1 -0.02 2.49 7.53</i>
                        <i>1 0 0 0 1 0 0 0 1 -0.02 2.49 7.53</i>
                        <i>1 0 0 0 1 0 0 0 1 -0.02 2.49 7.53</i>
                        <i>1 0 0 0 1 0 0 0 1 -0.02 2.49 7.53</i>
                        <i>1 0 0 0 1 0 0 0 1 -0.02 2.49 7.53</i>
                        <i>1 0 0 0 1 0 0 0 1 -0.02 2.49 7.53</i>
                        <i>1 0 0 0 1 0 0 0 1 -0.02 2.49 7.53</i>
                        <i>1 0 0 0 1 0 0 0 1 -0.02 2.49 7.53</i>
                        <i>1 0 0 0 1 0 0 0 1 -0.02 2.49 7.53</i>
                        <i>1 0 0 0 1 0 0 0 1 -0.02 2.49 7.53</i>
                        <i>1 0 0 0 1 0 0 0 1 -0.02 2.49 7.53</i>
                        <i>1 0 0 0 1 0 0 0 1 -0.02 2.49 7.53</i>
                        <i>1 0 0 0 1 0 0 0 1 -0.02 2.49 7.53</i>
                        <i>1 0 0 0 1 0 0 0 1 -0.02 2.49 7.53</i>
                        <i>1 0 0 0 1 0 0 0 1 -0.02 2.49 7.53</i>
                        <i>1 0 0 0 1 0 0 0 1 -0.02 2.49 7.53</i>
                        <i>1 0 0 0 1 0 0 0 1 -0.02 2.49 7.53</i>
                        <i>1 0 0 0 1 0 0 0 1 -0.02 2.49 7.53</i>
                        <i>1 0 0 0 1 0 0 0 1 -0.02 2.49 7.53</i>
                        <i>1 0 0 0 1 0 0 0 1 -0.02 2.49 7.53</i>
                        <i>1 0 0 0 1 0 0 0 1 -0.02 2.49 7.53</i>
                        <i>1 0 0 0 1 0 0 0 1 -0.02 2.49 7.53</i>
                        <i>1 0 0 0 1 0 0 0 1 -0.02 2.49 7.53</i>
                        <i>1 0 0 0 1 0 0 0 1 -0.02 2.49 7.53</i>
                        <i>1 0 0 0 1 0 0 0 1 -0.02 2.49 7.53</i>
                        <i>1 0 0 0 1 0 0 0 1 -0.02 2.49 7.53</i>
                        <i>1 0 0 0 1 0 0 0 1 -0.02 2.49 7.53</i>
                        <i>1 0 0 0 1 0 0 0 1 -0.02 2.49 7.53</i>
                        <i>1 0 0 0 1 0 0 0 1 -0.02 2.49 7.53</i>
                        <i>1 0 0 0 1 0 0 0 1 -0.02 2.49 7.53</i>
                        <i>1 0 0 0 1 0 0 0 1 -0.02 2.49 7.53</i>
                        <i>1 0 0 0 1 0 0 0 1 -0.02 2.49 7.53</i>
                        <i>1 0 0 0 1 0 0 0 1 -0.02 2.49 7.53</i>
                    </KeyFrames>
                </p>
            </i>
            <i>
                <p>
                    <Name><![CDATA[spine0]]></Name>
                    <Exclude>0</Exclude>
                    <Additive>0</Additive>
                    <IKPriority>0</IKPriority>
                    <IKRotLimits>-1e+010 -1e+010 -1e+010 1e+010 1e+010 1e+010</IKRotLimits>
                    <IKRotLimitOrder>0</IKRotLimitOrder>
                    <KeyFrames count="121">
                        <i>0.0189463 0.979376 0.201157 -0.661927 -0.1385 0.736661 0.749329 -0.147108 0.645652 0.752252 3.04691 7.81911</i>
                        <i>-0.00266741 0.979567 0.201101 -0.674552 -0.150221 0.722782 0.738223 -0.133725 0.661169 0.738217 3.04871 7.81833</i>
                        <i>-0.0238632 0.979501 0.200019 -0.685989 -0.161584 0.709443 0.72722 -0.120281 0.675784 0.725819 3.04965 7.81812</i>
                        <i>-0.0444156 0.979156 0.198194 -0.696755 -0.172535 0.69625 0.715933 -0.107168 0.689895 0.714287 3.05018 7.81818</i>
                        <i>-0.0641147 0.97854 0.195828 -0.70733 -0.182986 0.682789 0.70397 -0.0947381 0.703883 0.702852 3.05072 7.81818</i>
                        <i>-0.0827481 0.977695 0.193042 -0.718167 -0.192801 0.668629 0.690934 -0.0833083 0.718102 0.690751 3.05172 7.81778</i>
                        <i>-0.100085 0.976692 0.189883 -0.729689 -0.201789 0.653326 0.676415 -0.0731676 0.732878 0.677226 3.05361 7.81666</i>
                        <i>-0.115863 0.975629 0.186346 -0.742292 -0.209708 0.636416 0.659983 -0.0645856 0.748499 0.661522 3.05684 7.81448</i>
                        <i>-0.129795 0.97462 0.182401 -0.756336 -0.216272 0.617399 0.641178 -0.0578213 0.765211 0.64289 3.06185 7.8109</i>
                        <i>-0.141571 0.973788 0.178031 -0.772135 -0.221167 0.595728 0.619488 -0.0531261 0.783207 0.620587 3.06909 7.80558</i>
                        <i>-0.153221 0.97276 0.173956 -0.78957 -0.226367 0.570384 0.594224 -0.0499556 0.802746 0.586105 3.08285 7.79467</i>
                        <i>-0.165812 0.971327 0.170385 -0.808055 -0.232862 0.541131 0.565291 -0.0479545 0.823496 0.537771 3.10395 7.77759</i>
                        <i>-0.177761 0.969846 0.166734 -0.827144 -0.239046 0.508616 0.533136 -0.0475014 0.844695 0.485081 3.12756 7.75891</i>
                        <i>-0.18774 0.968662 0.162629 -0.84638 -0.243557 0.473626 0.498392 -0.048727 0.865581 0.437508 3.14885 7.74324</i>
                        <i>-0.194693 0.968078 0.157857 -0.865307 -0.245302 0.437116 0.461885 -0.0514908 0.885444 0.404494 3.16301 7.73523</i>
                        <i>-0.197832 0.968329 0.152317 -0.883501 -0.243452 0.400197 0.424605 -0.0554004 0.903682 0.394544 3.17454 7.74117</i>
                        <i>-0.196616 0.969556 0.14596 -0.900594 -0.23744 0.364078 0.387651 -0.0598667 0.91986 0.401659 3.18686 7.75791</i>
                        <i>-0.190706 0.971795 0.138729 -0.916306 -0.226924 0.329983 0.352156 -0.0641881 0.933738 0.413482 3.19348 7.77604</i>
                        <i>-0.179911 0.974984 0.130529 -0.930453 -0.211729 0.299044 0.3192 -0.0676494 0.94527 0.417639 3.18788 7.78616</i>
                        <i>-0.164112 0.978966 0.121211 -0.942939 -0.191774 0.272192 0.289712 -0.0696242 0.954578 0.401755 3.1635 7.77886</i>
                        <i>-0.142289 0.983644 0.110448 -0.954309 -0.165949 0.248505 0.26277 -0.0700424 0.962313 0.367981 3.12255 7.75595</i>
                        <i>-0.114989 0.988464 0.0985678 -0.964852 -0.134741 0.225622 0.236301 -0.0691592 0.969216 0.327816 3.07289 7.7266</i>
                        <i>-0.0843208 0.992691 0.0863434 -0.974188 -0.100338 0.202215 0.2094 -0.0670637 0.975528 0.282907 3.01641 7.69236</i>
                        <i>-0.0522283 0.995852 0.074501 -0.982018 -0.0647689 0.177329 0.181419 -0.0638997 0.981328 0.234882 2.95507 7.65482</i>
                        <i>-0.0204869 0.997761 0.0636636 -0.988152 -0.0298951 0.150541 0.152107 -0.0598252 0.986552 0.185344 2.89094 7.61558</i>
                        <i>0.0093467 0.998482 0.0542864 -0.992526 0.00265764 0.122005 0.121676 -0.055021 0.991044 0.135883 2.8262 7.57623</i>
                        <i>0.0359961 0.998264 0.0466122 -0.99522 0.0315712 0.0924138 0.0907817 -0.0497159 0.994629 0.0880935 2.76316 7.53833</i>
                        <i>0.0585106 0.997458 0.0406667 -0.996455 0.0558883 0.0628769 0.0604443 -0.0442015 0.997192 0.0435935 2.70417 7.50341</i>
                        <i>0.0762708 0.996426 0.0362986 -0.996576 0.0750157 0.0347674 0.0319202 -0.038826 0.998736 0.0040354 2.65168 7.47295</i>
                        <i>0.0889428 0.995482 0.0332515 -0.996015 0.0886715 0.00954924 0.00655763 -0.0339683 0.999401 -0.0288897 2.60812 7.44836</i>
                        <i>0.0951714 0.994955 0.031737 -0.995425 0.09539 -0.00544214 -0.00844208 -0.0310739 0.999481 -0.0474912 2.5836 7.43484</i>
                        <i>0.0959194 0.994889 0.0315579 -0.995336 0.0961949 -0.00732729 -0.0103255 -0.0307078 0.999475 -0.0498191 2.58053 7.43315</i>
                        <i>0.0936549 0.995087 0.0321021 -0.995594 0.0937568 -0.00167911 -0.00468064 -0.0318034 0.999483 -0.0428373 2.58973 7.43821</i>
                        <i>0.0905405 0.995351 0.0328591 -0.995889 0.0903974 0.00581689 0.00281947 -0.0332507 0.999443 -0.0335365 2.60199 7.44498</i>
                        <i>0.0889428 0.995482 0.0332515 -0.996015 0.0886715 0.00954924 0.00655763 -0.0339683 0.999401 -0.0288897 2.60812 7.44836</i>
                        <i>0.0889428 0.995482 0.0332515 -0.996015 0.0886715 0.00954924 0.00655763 -0.0339683 0.999401 -0.0288897 2.60812 7.44836</i>
                        <i>0.0889428 0.995482 0.0332515 -0.996015 0.0886715 0.00954924 0.00655763 -0.0339683 0.999401 -0.0288897 2.60812 7.44836</i>
                        <i>0.0889428 0.995482 0.0332515 -0.996015 0.0886715 0.00954924 0.00655763 -0.0339683 0.999401 -0.0288897 2.60812 7.44836</i>
                        <i>0.0889428 0.995482 0.0332515 -0.996015 0.0886715 0.00954924 0.00655763 -0.0339683 0.999401 -0.0288897 2.60812 7.44836</i>
                        <i>0.0889428 0.995482 0.0332515 -0.996015 0.0886715 0.00954924 0.00655763 -0.0339683 0.999401 -0.0288897 2.60812 7.44836</i>
                        <i>0.0889428 0.995482 0.0332515 -0.996015 0.0886715 0.00954924 0.00655763 -0.0339683 0.999401 -0.0288897 2.60812 7.44836</i>
                        <i>0.0889428 0.995482 0.0332515 -0.996015 0.0886715 0.00954924 0.00655763 -0.0339683 0.999401 -0.0288897 2.60812 7.44836</i>
                        <i>0.0889428 0.995482 0.0332515 -0.996015 0.0886715 0.00954924 0.00655763 -0.0339683 0.999401 -0.0288897 2.60812 7.44836</i>
                        <i>0.0889428 0.995482 0.0332515 -0.996015 0.0886715 0.00954924 0.00655763 -0.0339683 0.999401 -0.0288897 2.60812 7.44836</i>
                        <i>0.0889428 0.995482 0.0332515 -0.996015 0.0886715 0.00954924 0.00655763 -0.0339683 0.999401 -0.0288897 2.60812 7.44836</i>
                        <i>0.0889428 0.995482 0.0332515 -0.996015 0.0886715 0.00954924 0.00655763 -0.0339683 0.999401 -0.0288897 2.60812 7.44836</i>
                        <i>0.0889428 0.995482 0.0332515 -0.996015 0.0886715 0.00954924 0.00655763 -0.0339683 0.999401 -0.0288897 2.60812 7.44836</i>
                        <i>0.0889428 0.995482 0.0332515 -0.996015 0.0886715 0.00954924 0.00655763 -0.0339683 0.999401 -0.0288897 2.60812 7.44836</i>
                        <i>0.0889428 0.995482 0.0332515 -0.996015 0.0886715 0.00954924 0.00655763 -0.0339683 0.999401 -0.0288897 2.60812 7.44836</i>
                        <i>0.0889428 0.995482 0.0332515 -0.996015 0.0886715 0.00954924 0.00655763 -0.0339683 0.999401 -0.0288897 2.60812 7.44836</i>
                        <i>0.0889428 0.995482 0.0332515 -0.996015 0.0886715 0.00954924 0.00655763 -0.0339683 0.999401 -0.0288897 2.60812 7.44836</i>
                        <i>0.0889428 0.995482 0.0332515 -0.996015 0.0886715 0.00954924 0.00655763 -0.0339683 0.999401 -0.0288897 2.60812 7.44836</i>
                        <i>0.0889428 0.995482 0.0332515 -0.996015 0.0886715 0.00954924 0.00655763 -0.0339683 0.999401 -0.0288897 2.60812 7.44836</i>
                        <i>0.0889428 0.995482 0.0332515 -0.996015 0.0886715 0.00954924 0.00655763 -0.0339683 0.999401 -0.0288897 2.60812 7.44836</i>
                        <i>0.0889428 0.995482 0.0332515 -0.996015 0.0886715 0.00954924 0.00655763 -0.0339683 0.999401 -0.0288897 2.60812 7.44836</i>
                        <i>0.0889428 0.995482 0.0332515 -0.996015 0.0886715 0.00954924 0.00655763 -0.0339683 0.999401 -0.0288897 2.60812 7.44836</i>
                        <i>0.0889428 0.995482 0.0332515 -0.996015 0.0886715 0.00954924 0.00655763 -0.0339683 0.999401 -0.0288897 2.60812 7.44836</i>
                        <i>0.0889428 0.995482 0.0332515 -0.996015 0.0886715 0.00954924 0.00655763 -0.0339683 0.999401 -0.0288897 2.60812 7.44836</i>
                        <i>0.0889428 0.995482 0.0332515 -0.996015 0.0886715 0.00954924 0.00655763 -0.0339683 0.999401 -0.0288897 2.60812 7.44836</i>
                        <i>0.0889428 0.995482 0.0332515 -0.996015 0.0886715 0.00954924 0.00655763 -0.0339683 0.999401 -0.0288897 2.60812 7.44836</i>
                        <i>0.0889428 0.995482 0.0332515 -0.996015 0.0886715 0.00954924 0.00655763 -0.0339683 0.999401 -0.0288897 2.60812 7.44836</i>
                        <i>0.0889428 0.995482 0.0332515 -0.996015 0.0886715 0.00954924 0.00655763 -0.0339683 0.999401 -0.0288897 2.60812 7.44836</i>
                        <i>0.0889428 0.995482 0.0332515 -0.996015 0.0886715 0.00954924 0.00655763 -0.0339683 0.999401 -0.0288897 2.60812 7.44836</i>
                        <i>0.0889428 0.995482 0.0332515 -0.996015 0.0886715 0.00954924 0.00655763 -0.0339683 0.999401 -0.0288897 2.60812 7.44836</i>
                        <i>0.0889428 0.995482 0.0332515 -0.996015 0.0886715 0.00954924 0.00655763 -0.0339683 0.999401 -0.0288897 2.60812 7.44836</i>
                        <i>0.0889428 0.995482 0.0332515 -0.996015 0.0886715 0.00954924 0.00655763 -0.0339683 0.999401 -0.0288897 2.60812 7.44836</i>
                        <i>0.0889428 0.995482 0.0332515 -0.996015 0.0886715 0.00954924 0.00655763 -0.0339683 0.999401 -0.0288897 2.60812 7.44836</i>
                        <i>0.0889428 0.995482 0.0332515 -0.996015 0.0886715 0.00954924 0.00655763 -0.0339683 0.999401 -0.0288897 2.60812 7.44836</i>
                        <i>0.0889428 0.995482 0.0332515 -0.996015 0.0886715 0.00954924 0.00655763 -0.0339683 0.999401 -0.0288897 2.60812 7.44836</i>
                        <i>0.0889428 0.995482 0.0332515 -0.996015 0.0886715 0.00954924 0.00655763 -0.0339683 0.999401 -0.0288897 2.60812 7.44836</i>
                        <i>0.0889428 0.995482 0.0332515 -0.996015 0.0886715 0.00954924 0.00655763 -0.0339683 0.999401 -0.0288897 2.60812 7.44836</i>
                        <i>0.0889428 0.995482 0.0332515 -0.996015 0.0886715 0.00954924 0.00655763 -0.0339683 0.999401 -0.0288897 2.60812 7.44836</i>
                        <i>0.0889428 0.995482 0.0332515 -0.996015 0.0886715 0.00954924 0.00655763 -0.0339683 0.999401 -0.0288897 2.60812 7.44836</i>
                        <i>0.0889428 0.995482 0.0332515 -0.996015 0.0886715 0.00954924 0.00655763 -0.0339683 0.999401 -0.0288897 2.60812 7.44836</i>
                        <i>0.0889428 0.995482 0.0332515 -0.996015 0.0886715 0.00954924 0.00655763 -0.0339683 0.999401 -0.0288897 2.60812 7.44836</i>
                        <i>0.0889428 0.995482 0.0332515 -0.996015 0.0886715 0.00954924 0.00655763 -0.0339683 0.999401 -0.0288897 2.60812 7.44836</i>
                        <i>0.0889428 0.995482 0.0332515 -0.996015 0.0886715 0.00954924 0.00655763 -0.0339683 0.999401 -0.0288897 2.60812 7.44836</i>
                        <i>0.0889428 0.995482 0.0332515 -0.996015 0.0886715 0.00954924 0.00655763 -0.0339683 0.999401 -0.0288897 2.60812 7.44836</i>
                        <i>0.0889428 0.995482 0.0332515 -0.996015 0.0886715 0.00954924 0.00655763 -0.0339683 0.999401 -0.0288897 2.60812 7.44836</i>
                        <i>0.0889428 0.995482 0.0332515 -0.996015 0.0886715 0.00954924 0.00655763 -0.0339683 0.999401 -0.0288897 2.60812 7.44836</i>
                        <i>0.0889428 0.995482 0.0332515 -0.996015 0.0886715 0.00954924 0.00655763 -0.0339683 0.999401 -0.0288897 2.60812 7.44836</i>
                        <i>0.0889428 0.995482 0.0332515 -0.996015 0.0886715 0.00954924 0.00655763 -0.0339683 0.999401 -0.0288897 2.60812 7.44836</i>
                        <i>0.0889428 0.995482 0.0332515 -0.996015 0.0886715 0.00954924 0.00655763 -0.0339683 0.999401 -0.0288897 2.60812 7.44836</i>
                        <i>0.0889428 0.995482 0.0332515 -0.996015 0.0886715 0.00954924 0.00655763 -0.0339683 0.999401 -0.0288897 2.60812 7.44836</i>
                        <i>0.0889428 0.995482 0.0332515 -0.996015 0.0886715 0.00954924 0.00655763 -0.0339683 0.999401 -0.0288897 2.60812 7.44836</i>
                        <i>0.0889428 0.995482 0.0332515 -0.996015 0.0886715 0.00954924 0.00655763 -0.0339683 0.999401 -0.0288897 2.60812 7.44836</i>
                        <i>0.0889428 0.995482 0.0332515 -0.996015 0.0886715 0.00954924 0.00655763 -0.0339683 0.999401 -0.0288897 2.60812 7.44836</i>
                        <i>0.0889428 0.995482 0.0332515 -0.996015 0.0886715 0.00954924 0.00655763 -0.0339683 0.999401 -0.0288897 2.60812 7.44836</i>
                        <i>0.0889428 0.995482 0.0332515 -0.996015 0.0886715 0.00954924 0.00655763 -0.0339683 0.999401 -0.0288897 2.60812 7.44836</i>
                        <i>0.0889428 0.995482 0.0332515 -0.996015 0.0886715 0.00954924 0.00655763 -0.0339683 0.999401 -0.0288897 2.60812 7.44836</i>
                        <i>0.0889428 0.995482 0.0332515 -0.996015 0.0886715 0.00954924 0.00655763 -0.0339683 0.999401 -0.0288897 2.60812 7.44836</i>
                        <i>0.0889428 0.995482 0.0332515 -0.996015 0.0886715 0.00954924 0.00655763 -0.0339683 0.999401 -0.0288897 2.60812 7.44836</i>
                        <i>0.0889428 0.995482 0.0332515 -0.996015 0.0886715 0.00954924 0.00655763 -0.0339683 0.999401 -0.0288897 2.60812 7.44836</i>
                        <i>0.0889428 0.995482 0.0332515 -0.996015 0.0886715 0.00954924 0.00655763 -0.0339683 0.999401 -0.0288897 2.60812 7.44836</i>
                        <i>0.0889428 0.995482 0.0332515 -0.996015 0.0886715 0.00954924 0.00655763 -0.0339683 0.999401 -0.0288897 2.60812 7.44836</i>
                        <i>0.0889428 0.995482 0.0332515 -0.996015 0.0886715 0.00954924 0.00655763 -0.0339683 0.999401 -0.0288897 2.60812 7.44836</i>
                        <i>0.0889428 0.995482 0.0332515 -0.996015 0.0886715 0.00954924 0.00655763 -0.0339683 0.999401 -0.0288897 2.60812 7.44836</i>
                        <i>0.0889428 0.995482 0.0332515 -0.996015 0.0886715 0.00954924 0.00655763 -0.0339683 0.999401 -0.0288897 2.60812 7.44836</i>
                        <i>0.0889428 0.995482 0.0332515 -0.996015 0.0886715 0.00954924 0.00655763 -0.0339683 0.999401 -0.0288897 2.60812 7.44836</i>
                        <i>0.0889428 0.995482 0.0332515 -0.996015 0.0886715 0.00954924 0.00655763 -0.0339683 0.999401 -0.0288897 2.60812 7.44836</i>
                        <i>0.0889428 0.995482 0.0332515 -0.996015 0.0886715 0.00954924 0.00655763 -0.0339683 0.999401 -0.0288897 2.60812 7.44836</i>
                        <i>0.0889428 0.995482 0.0332515 -0.996015 0.0886715 0.00954924 0.00655763 -0.0339683 0.999401 -0.0288897 2.60812 7.44836</i>
                        <i>0.0889428 0.995482 0.0332515 -0.996015 0.0886715 0.00954924 0.00655763 -0.0339683 0.999401 -0.0288897 2.60812 7.44836</i>
                        <i>0.0889428 0.995482 0.0332515 -0.996015 0.0886715 0.00954924 0.00655763 -0.0339683 0.999401 -0.0288897 2.60812 7.44836</i>
                        <i>0.0889428 0.995482 0.0332515 -0.996015 0.0886715 0.00954924 0.00655763 -0.0339683 0.999401 -0.0288897 2.60812 7.44836</i>
                        <i>0.0889428 0.995482 0.0332515 -0.996015 0.0886715 0.00954924 0.00655763 -0.0339683 0.999401 -0.0288897 2.60812 7.44836</i>
                        <i>0.0889428 0.995482 0.0332515 -0.996015 0.0886715 0.00954924 0.00655763 -0.0339683 0.999401 -0.0288897 2.60812 7.44836</i>
                        <i>0.0889428 0.995482 0.0332515 -0.996015 0.0886715 0.00954924 0.00655763 -0.0339683 0.999401 -0.0288897 2.60812 7.44836</i>
                        <i>0.0889428 0.995482 0.0332515 -0.996015 0.0886715 0.00954924 0.00655763 -0.0339683 0.999401 -0.0288897 2.60812 7.44836</i>
                        <i>0.0889428 0.995482 0.0332515 -0.996015 0.0886715 0.00954924 0.00655763 -0.0339683 0.999401 -0.0288897 2.60812 7.44836</i>
                        <i>0.0889428 0.995482 0.0332515 -0.996015 0.0886715 0.00954924 0.00655763 -0.0339683 0.999401 -0.0288897 2.60812 7.44836</i>
                        <i>0.0889428 0.995482 0.0332515 -0.996015 0.0886715 0.00954924 0.00655763 -0.0339683 0.999401 -0.0288897 2.60812 7.44836</i>
                        <i>0.0889428 0.995482 0.0332515 -0.996015 0.0886715 0.00954924 0.00655763 -0.0339683 0.999401 -0.0288897 2.60812 7.44836</i>
                        <i>0.0889428 0.995482 0.0332515 -0.996015 0.0886715 0.00954924 0.00655763 -0.0339683 0.999401 -0.0288897 2.60812 7.44836</i>
                        <i>0.0889428 0.995482 0.0332515 -0.996015 0.0886715 0.00954924 0.00655763 -0.0339683 0.999401 -0.0288897 2.60812 7.44836</i>
                        <i>0.0889428 0.995482 0.0332515 -0.996015 0.0886715 0.00954924 0.00655763 -0.0339683 0.999401 -0.0288897 2.60812 7.44836</i>
                        <i>0.0889428 0.995482 0.0332515 -0.996015 0.0886715 0.00954924 0.00655763 -0.0339683 0.999401 -0.0288897 2.60812 7.44836</i>
                        <i>0.0889428 0.995482 0.0332515 -0.996015 0.0886715 0.00954924 0.00655763 -0.0339683 0.999401 -0.0288897 2.60812 7.44836</i>
                        <i>0.0889428 0.995482 0.0332515 -0.996015 0.0886715 0.00954924 0.00655763 -0.0339683 0.999401 -0.0288897 2.60812 7.44836</i>
                        <i>0.0889428 0.995482 0.0332515 -0.996015 0.0886715 0.00954924 0.00655763 -0.0339683 0.999401 -0.0288897 2.60812 7.44836</i>
                        <i>0.0889428 0.995482 0.0332515 -0.996015 0.0886715 0.00954924 0.00655763 -0.0339683 0.999401 -0.0288897 2.60812 7.44836</i>
                    </KeyFrames>
                </p>
            </i>
            <i>
                <p>
                    <Name><![CDATA[spine1]]></Name>
                    <Exclude>0</Exclude>
                    <Additive>0</Additive>
                    <IKPriority>0</IKPriority>
                    <IKRotLimits>-1e+010 -1e+010 -1e+010 1e+010 1e+010 1e+010</IKRotLimits>
                    <IKRotLimitOrder>0</IKRotLimitOrder>
                    <KeyFrames count="121">
                        <i>0.40811 0.889136 0.20708 -0.558242 0.0635666 0.82724 0.722366 -0.453206 0.522295 0.755697 3.22828 7.85631</i>
                        <i>0.380078 0.898443 0.219865 -0.599121 0.0580319 0.798553 0.704695 -0.435238 0.560333 0.737664 3.22977 7.85544</i>
                        <i>0.350354 0.907707 0.230912 -0.639543 0.0517286 0.767013 0.684278 -0.416405 0.598641 0.721362 3.23026 7.85495</i>
                        <i>0.319923 0.916448 0.240359 -0.678825 0.0447422 0.732936 0.660943 -0.397644 0.636422 0.706065 3.23025 7.85457</i>
                        <i>0.289791 0.924292 0.248406 -0.716333 0.0373339 0.696759 0.634735 -0.379856 0.67292 0.69104 3.23022 7.85404</i>
                        <i>0.260985 0.930968 0.255314 -0.751513 0.0299383 0.659039 0.6059 -0.363871 0.707448 0.675558 3.23066 7.85306</i>
                        <i>0.234527 0.936305 0.261401 -0.783914 0.0231399 0.620439 0.574871 -0.350426 0.739409 0.658894 3.23206 7.8513</i>
                        <i>0.211418 0.940206 0.26705 -0.8132 0.0176313 0.581718 0.542226 -0.340151 0.768303 0.640329 3.23493 7.84844</i>
                        <i>0.192608 0.942616 0.272723 -0.839153 0.0141573 0.54371 0.508649 -0.333579 0.793726 0.619155 3.23976 7.84415</i>
                        <i>0.178972 0.943472 0.278979 -0.861662 0.0134459 0.507305 0.474877 -0.331179 0.81536 0.594671 3.24706 7.83806</i>
                        <i>0.169387 0.942935 0.286672 -0.881381 0.0147782 0.472176 0.440995 -0.332648 0.833588 0.557982 3.26113 7.82649</i>
                        <i>0.162388 0.941273 0.296033 -0.899013 0.0174792 0.437573 0.406701 -0.337194 0.849055 0.507206 3.28275 7.80889</i>
                        <i>0.15811 0.938552 0.306792 -0.914588 0.0220857 0.403783 0.372196 -0.34443 0.86188 0.45213 3.30709 7.78971</i>
                        <i>0.156513 0.93486 0.318653 -0.928145 0.0288987 0.371095 0.337714 -0.353838 0.872209 0.402479 3.32936 7.77346</i>
                        <i>0.157408 0.930319 0.331253 -0.939736 0.0380176 0.339781 0.303512 -0.364775 0.880238 0.367909 3.3447 7.76477</i>
                        <i>0.160496 0.925099 0.344141 -0.949433 0.0493728 0.310064 0.269849 -0.376503 0.886243 0.3571 3.3576 7.76987</i>
                        <i>0.165394 0.919431 0.35678 -0.957334 0.062749 0.282089 0.236974 -0.388213 0.89058 0.364191 3.37141 7.78558</i>
                        <i>0.171652 0.913612 0.368577 -0.963569 0.0778025 0.255895 0.205113 -0.399074 0.893683 0.376925 3.37956 7.80248</i>
                        <i>0.178754 0.908005 0.378913 -0.968304 0.0940683 0.231383 0.174453 -0.408263 0.89604 0.382998 3.3754 7.81114</i>
                        <i>0.186102 0.903026 0.387184 -0.971752 0.110957 0.208292 0.145132 -0.41501 0.898167 0.370078 3.35224 7.8021</i>
                        <i>0.19402 0.898502 0.393765 -0.97402 0.12865 0.186374 0.1168 -0.419695 0.900119 0.340504 3.31227 7.77713</i>
                        <i>0.202102 0.894079 0.399722 -0.975319 0.146682 0.165036 0.0889233 -0.423211 0.901657 0.305633 3.26332 7.74546</i>
                        <i>0.208764 0.889982 0.405401 -0.976034 0.163567 0.143536 0.0614343 -0.425651 0.9028 0.266673 3.20723 7.70884</i>
                        <i>0.212784 0.88648 0.410946 -0.976491 0.178086 0.121455 0.0344836 -0.427129 0.903533 0.224849 3.14595 7.66898</i>
                        <i>0.213398 0.883833 0.416294 -0.976929 0.189365 0.0987466 0.00844398 -0.427762 0.903852 0.181411 3.08158 7.62763</i>
                        <i>0.21037 0.882217 0.421234 -0.977488 0.19694 0.0757069 -0.0161679 -0.427678 0.903787 0.137649 3.0164 7.58645</i>
                        <i>0.203992 0.881658 0.425519 -0.978203 0.200804 0.0528874 -0.0388174 -0.427032 0.903403 0.0949209 2.95279 7.54707</i>
                        <i>0.195027 0.882008 0.428983 -0.979017 0.201412 0.0309743 -0.0590827 -0.426022 0.902781 0.0546764 2.89323 7.51101</i>
                        <i>0.184594 0.882958 0.431636 -0.979814 0.199629 0.0106657 -0.0767494 -0.424892 0.901985 0.0184642 2.84024 7.47971</i>
                        <i>0.174023 0.884094 0.433698 -0.980449 0.196632 -0.00742466 -0.0918428 -0.423927 0.901028 -0.0120755 2.79632 7.45454</i>
                        <i>0.167285 0.884849 0.434809 -0.980763 0.194354 -0.0181829 -0.100596 -0.423402 0.900339 -0.0295038 2.77164 7.44073</i>
                        <i>0.166412 0.884952 0.434933 -0.980801 0.194033 -0.0195272 -0.101672 -0.423333 0.900251 -0.0316908 2.76855 7.43901</i>
                        <i>0.169012 0.884648 0.43455 -0.980687 0.194971 -0.0154937 -0.098431 -0.423539 0.900514 -0.0251355 2.77781 7.44417</i>
                        <i>0.172381 0.88427 0.433994 -0.98053 0.19611 -0.0101143 -0.0940544 -0.423801 0.900859 -0.0164214 2.79016 7.45108</i>
                        <i>0.174023 0.884094 0.433698 -0.980449 0.196632 -0.00742466 -0.0918428 -0.423927 0.901028 -0.0120755 2.79632 7.45454</i>
                        <i>0.174023 0.884094 0.433698 -0.980449 0.196632 -0.00742466 -0.0918428 -0.423927 0.901028 -0.0120755 2.79632 7.45454</i>
                        <i>0.174023 0.884094 0.433698 -0.980449 0.196632 -0.00742466 -0.0918428 -0.423927 0.901028 -0.0120755 2.79632 7.45454</i>
                        <i>0.174023 0.884094 0.433698 -0.980449 0.196632 -0.00742466 -0.0918428 -0.423927 0.901028 -0.0120755 2.79632 7.45454</i>
                        <i>0.174023 0.884094 0.433698 -0.980449 0.196632 -0.00742466 -0.0918428 -0.423927 0.901028 -0.0120755 2.79632 7.45454</i>
                        <i>0.174023 0.884094 0.433698 -0.980449 0.196632 -0.00742466 -0.0918428 -0.423927 0.901028 -0.0120755 2.79632 7.45454</i>
