<?xml version="1.0" encoding="ISO-8859-1" ?>
<Animl Version="1">
    <ModellingPackage><![CDATA[Maya.2010]]></ModellingPackage>
    <SrcFile><![CDATA[anims\vehicles\red\~src\air\helicopter_hormone\helicopter_hormone_forward_crewman_a.mb]]></SrcFile>
    <FramesPerSecond>30</FramesPerSecond>
    <TotalFrames>61</TotalFrames>
    <Skeleton>
        <RefFrame>
            <Name><![CDATA[soldier_ref_frame]]></Name>
            <Exclude>0</Exclude>
            <Additive>0</Additive>
            <IKPriority>0</IKPriority>
            <IKRotLimits>-1e+010 -1e+010 -1e+010 1e+010 1e+010 1e+010</IKRotLimits>
            <IKRotLimitOrder>0</IKRotLimitOrder>
            <KeyFrames count="61">
                <i>1 0 0 0 1 0 0 0 1 0 0 0</i>
                <i>1 0 0 0 1 0 0 0 1 0 0 0</i>
                <i>1 0 0 0 1 0 0 0 1 0 0 0</i>
                <i>1 0 0 0 1 0 0 0 1 0 0 0</i>
                <i>1 0 0 0 1 0 0 0 1 0 0 0</i>
                <i>1 0 0 0 1 0 0 0 1 0 0 0</i>
                <i>1 0 0 0 1 0 0 0 1 0 0 0</i>
                <i>1 0 0 0 1 0 0 0 1 0 0 0</i>
                <i>1 0 0 0 1 0 0 0 1 0 0 0</i>
                <i>1 0 0 0 1 0 0 0 1 0 0 0</i>
                <i>1 0 0 0 1 0 0 0 1 0 0 0</i>
                <i>1 0 0 0 1 0 0 0 1 0 0 0</i>
                <i>1 0 0 0 1 0 0 0 1 0 0 0</i>
                <i>1 0 0 0 1 0 0 0 1 0 0 0</i>
                <i>1 0 0 0 1 0 0 0 1 0 0 0</i>
                <i>1 0 0 0 1 0 0 0 1 0 0 0</i>
                <i>1 0 0 0 1 0 0 0 1 0 0 0</i>
                <i>1 0 0 0 1 0 0 0 1 0 0 0</i>
                <i>1 0 0 0 1 0 0 0 1 0 0 0</i>
                <i>1 0 0 0 1 0 0 0 1 0 0 0</i>
                <i>1 0 0 0 1 0 0 0 1 0 0 0</i>
                <i>1 0 0 0 1 0 0 0 1 0 0 0</i>
                <i>1 0 0 0 1 0 0 0 1 0 0 0</i>
                <i>1 0 0 0 1 0 0 0 1 0 0 0</i>
                <i>1 0 0 0 1 0 0 0 1 0 0 0</i>
                <i>1 0 0 0 1 0 0 0 1 0 0 0</i>
                <i>1 0 0 0 1 0 0 0 1 0 0 0</i>
                <i>1 0 0 0 1 0 0 0 1 0 0 0</i>
                <i>1 0 0 0 1 0 0 0 1 0 0 0</i>
                <i>1 0 0 0 1 0 0 0 1 0 0 0</i>
                <i>1 0 0 0 1 0 0 0 1 0 0 0</i>
                <i>1 0 0 0 1 0 0 0 1 0 0 0</i>
                <i>1 0 0 0 1 0 0 0 1 0 0 0</i>
                <i>1 0 0 0 1 0 0 0 1 0 0 0</i>
                <i>1 0 0 0 1 0 0 0 1 0 0 0</i>
                <i>1 0 0 0 1 0 0 0 1 0 0 0</i>
                <i>1 0 0 0 1 0 0 0 1 0 0 0</i>
                <i>1 0 0 0 1 0 0 0 1 0 0 0</i>
                <i>1 0 0 0 1 0 0 0 1 0 0 0</i>
                <i>1 0 0 0 1 0 0 0 1 0 0 0</i>
                <i>1 0 0 0 1 0 0 0 1 0 0 0</i>
                <i>1 0 0 0 1 0 0 0 1 0 0 0</i>
                <i>1 0 0 0 1 0 0 0 1 0 0 0</i>
                <i>1 0 0 0 1 0 0 0 1 0 0 0</i>
                <i>1 0 0 0 1 0 0 0 1 0 0 0</i>
                <i>1 0 0 0 1 0 0 0 1 0 0 0</i>
                <i>1 0 0 0 1 0 0 0 1 0 0 0</i>
                <i>1 0 0 0 1 0 0 0 1 0 0 0</i>
                <i>1 0 0 0 1 0 0 0 1 0 0 0</i>
                <i>1 0 0 0 1 0 0 0 1 0 0 0</i>
                <i>1 0 0 0 1 0 0 0 1 0 0 0</i>
                <i>1 0 0 0 1 0 0 0 1 0 0 0</i>
                <i>1 0 0 0 1 0 0 0 1 0 0 0</i>
                <i>1 0 0 0 1 0 0 0 1 0 0 0</i>
                <i>1 0 0 0 1 0 0 0 1 0 0 0</i>
                <i>1 0 0 0 1 0 0 0 1 0 0 0</i>
                <i>1 0 0 0 1 0 0 0 1 0 0 0</i>
                <i>1 0 0 0 1 0 0 0 1 0 0 0</i>
                <i>1 0 0 0 1 0 0 0 1 0 0 0</i>
                <i>1 0 0 0 1 0 0 0 1 0 0 0</i>
                <i>1 0 0 0 1 0 0 0 1 0 0 0</i>
            </KeyFrames>
        </RefFrame>
        <Bones count="23">
            <i>
                <p>
                    <Name><![CDATA[pelvis]]></Name>
                    <Exclude>0</Exclude>
                    <Additive>0</Additive>
                    <IKPriority>0</IKPriority>
                    <IKRotLimits>-1e+010 -1e+010 -1e+010 1e+010 1e+010 1e+010</IKRotLimits>
                    <IKRotLimitOrder>2</IKRotLimitOrder>
                    <KeyFrames count="61">
                        <i>1 0 0 0 1 0 0 0 1 0.72 2.24 3.95</i>
                        <i>1 0 0 0 1 0 0 0 1 0.72 2.24044 3.95</i>
                        <i>1 0 0 0 1 0 0 0 1 0.72 2.24166 3.95</i>
                        <i>1 0 0 0 1 0 0 0 1 0.72 2.24354 3.95</i>
                        <i>1 0 0 0 1 0 0 0 1 0.72 2.24595 3.95</i>
                        <i>1 0 0 0 1 0 0 0 1 0.72 2.24875 3.95</i>
                        <i>1 0 0 0 1 0 0 0 1 0.72 2.25181 3.95</i>
                        <i>1 0 0 0 1 0 0 0 1 0.72 2.255 3.95</i>
                        <i>1 0 0 0 1 0 0 0 1 0.72 2.25819 3.95</i>
                        <i>1 0 0 0 1 0 0 0 1 0.72 2.26125 3.95</i>
                        <i>1 0 0 0 1 0 0 0 1 0.72 2.26405 3.95</i>
                        <i>1 0 0 0 1 0 0 0 1 0.72 2.26646 3.95</i>
                        <i>1 0 0 0 1 0 0 0 1 0.72 2.26834 3.95</i>
                        <i>1 0 0 0 1 0 0 0 1 0.72 2.26956 3.95</i>
                        <i>1 0 0 0 1 0 0 0 1 0.72 2.27 3.95</i>
                        <i>1 0 0 0 1 0 0 0 1 0.72 2.26962 3.95</i>
                        <i>1 0 0 0 1 0 0 0 1 0.72 2.26854 3.95</i>
                        <i>1 0 0 0 1 0 0 0 1 0.72 2.26688 3.95</i>
                        <i>1 0 0 0 1 0 0 0 1 0.72 2.26474 3.95</i>
                        <i>1 0 0 0 1 0 0 0 1 0.72 2.26222 3.95</i>
                        <i>1 0 0 0 1 0 0 0 1 0.72 2.25944 3.95</i>
                        <i>1 0 0 0 1 0 0 0 1 0.72 2.2565 3.95</i>
                        <i>1 0 0 0 1 0 0 0 1 0.72 2.2535 3.95</i>
                        <i>1 0 0 0 1 0 0 0 1 0.72 2.25056 3.95</i>
                        <i>1 0 0 0 1 0 0 0 1 0.72 2.24778 3.95</i>
                        <i>1 0 0 0 1 0 0 0 1 0.72 2.24526 3.95</i>
                        <i>1 0 0 0 1 0 0 0 1 0.72 2.24312 3.95</i>
                        <i>1 0 0 0 1 0 0 0 1 0.72 2.24146 3.95</i>
                        <i>1 0 0 0 1 0 0 0 1 0.72 2.24038 3.95</i>
                        <i>1 0 0 0 1 0 0 0 1 0.72 2.24 3.95</i>
                        <i>1 0 0 0 1 0 0 0 1 0.72 2.2403 3.95</i>
                        <i>1 0 0 0 1 0 0 0 1 0.72 2.24115 3.95</i>
                        <i>1 0 0 0 1 0 0 0 1 0.72 2.24247 3.95</i>
                        <i>1 0 0 0 1 0 0 0 1 0.72 2.2442 3.95</i>
                        <i>1 0 0 0 1 0 0 0 1 0.72 2.24626 3.95</i>
                        <i>1 0 0 0 1 0 0 0 1 0.72 2.24857 3.95</i>
                        <i>1 0 0 0 1 0 0 0 1 0.72 2.25107 3.95</i>
                        <i>1 0 0 0 1 0 0 0 1 0.72 2.25368 3.95</i>
                        <i>1 0 0 0 1 0 0 0 1 0.72 2.25632 3.95</i>
                        <i>1 0 0 0 1 0 0 0 1 0.72 2.25893 3.95</i>
                        <i>1 0 0 0 1 0 0 0 1 0.72 2.26143 3.95</i>
                        <i>1 0 0 0 1 0 0 0 1 0.72 2.26374 3.95</i>
                        <i>1 0 0 0 1 0 0 0 1 0.72 2.2658 3.95</i>
                        <i>1 0 0 0 1 0 0 0 1 0.72 2.26753 3.95</i>
                        <i>1 0 0 0 1 0 0 0 1 0.72 2.26885 3.95</i>
                        <i>1 0 0 0 1 0 0 0 1 0.72 2.2697 3.95</i>
                        <i>1 0 0 0 1 0 0 0 1 0.72 2.27 3.95</i>
                        <i>1 0 0 0 1 0 0 0 1 0.72 2.26956 3.95</i>
                        <i>1 0 0 0 1 0 0 0 1 0.72 2.26834 3.95</i>
                        <i>1 0 0 0 1 0 0 0 1 0.72 2.26646 3.95</i>
                        <i>1 0 0 0 1 0 0 0 1 0.72 2.26405 3.95</i>
                        <i>1 0 0 0 1 0 0 0 1 0.72 2.26125 3.95</i>
                        <i>1 0 0 0 1 0 0 0 1 0.72 2.25819 3.95</i>
                        <i>1 0 0 0 1 0 0 0 1 0.72 2.255 3.95</i>
                        <i>1 0 0 0 1 0 0 0 1 0.72 2.25181 3.95</i>
                        <i>1 0 0 0 1 0 0 0 1 0.72 2.24875 3.95</i>
                        <i>1 0 0 0 1 0 0 0 1 0.72 2.24595 3.95</i>
                        <i>1 0 0 0 1 0 0 0 1 0.72 2.24354 3.95</i>
                        <i>1 0 0 0 1 0 0 0 1 0.72 2.24166 3.95</i>
                        <i>1 0 0 0 1 0 0 0 1 0.72 2.24044 3.95</i>
                        <i>1 0 0 0 1 0 0 0 1 0.72 2.24 3.95</i>
                    </KeyFrames>
                </p>
            </i>
            <i>
                <p>
                    <Name><![CDATA[spine0]]></Name>
                    <Exclude>0</Exclude>
                    <Additive>0</Additive>
                    <IKPriority>0</IKPriority>
                    <IKRotLimits>-1e+010 -1e+010 -1e+010 1e+010 1e+010 1e+010</IKRotLimits>
                    <IKRotLimitOrder>0</IKRotLimitOrder>
                    <KeyFrames count="61">
                        <i>0.00145309 0.999098 0.0424276 -0.999608 0.0026378 -0.0278805 -0.0279673 -0.0423704 0.99871 0.715605 2.36408 3.87733</i>
                        <i>0.00149095 0.999103 0.0423207 -0.999608 0.00267297 -0.0278873 -0.0279754 -0.0422626 0.998715 0.715605 2.36452 3.87733</i>
                        <i>0.00159572 0.999115 0.0420325 -0.999607 0.00277049 -0.0279059 -0.0279977 -0.0419714 0.998726 0.715605 2.36574 3.87733</i>
                        <i>0.00175415 0.999132 0.0416115 -0.999605 0.00291837 -0.0279342 -0.0280314 -0.041546 0.998743 0.715605 2.36762 3.87733</i>
                        <i>0.00195299 0.999153 0.0411068 -0.999604 0.0031046 -0.0279698 -0.0280738 -0.0410359 0.998763 0.715605 2.37003 3.87733</i>
                        <i>0.002179 0.999174 0.0405675 -0.999602 0.00331719 -0.0280105 -0.0281219 -0.0404903 0.998784 0.715605 2.37283 3.87733</i>
                        <i>0.00241897 0.999195 0.0400413 -0.9996 0.00354417 -0.0280539 -0.0281732 -0.0399574 0.998804 0.715605 2.37589 3.87733</i>
                        <i>0.00265974 0.999213 0.039575 -0.999598 0.00377361 -0.0280978 -0.028225 -0.0394843 0.998821 0.715605 2.37908 3.87733</i>
                        <i>0.00288823 0.999227 0.0392138 -0.999596 0.00399362 -0.0281399 -0.0282747 -0.0391167 0.998835 0.715605 2.38227 3.87733</i>
                        <i>0.00309142 0.999234 0.0390012 -0.999594 0.00419235 -0.0281779 -0.0283198 -0.0388983 0.998842 0.715605 2.38533 3.87733</i>
                        <i>0.00325633 0.999235 0.0389794 -0.999593 0.00435793 -0.0282095 -0.0283578 -0.0388717 0.998842 0.715605 2.38813 3.87733</i>
                        <i>0.00337003 0.999226 0.0391897 -0.999591 0.00447855 -0.0282326 -0.0283863 -0.0390785 0.998833 0.715605 2.39054 3.87733</i>
                        <i>0.00341955 0.999207 0.0396728 -0.999591 0.0045423 -0.0282448 -0.0284026 -0.03956 0.998813 0.715605 2.39242 3.87733</i>
                        <i>0.00341644 0.999182 0.0402914 -0.999591 0.0045569 -0.0282476 -0.0284081 -0.0401784 0.998789 0.715605 2.39364 3.87733</i>
                        <i>0.00338282 0.99916 0.0408325 -0.999591 0.00453853 -0.0282441 -0.0284057 -0.0407202 0.998767 0.715605 2.39408 3.87733</i>
                        <i>0.00332146 0.999144 0.0412249 -0.999591 0.0044879 -0.0282344 -0.0283953 -0.0411142 0.998751 0.715605 2.3937 3.87733</i>
                        <i>0.00323503 0.999138 0.041389 -0.999592 0.00440545 -0.0282186 -0.0283766 -0.0412808 0.998745 0.715605 2.39262 3.87733</i>
                        <i>0.00312698 0.999141 0.0413165 -0.999593 0.00429442 -0.0281974 -0.0283506 -0.0412115 0.998748 0.715605 2.39096 3.87733</i>
                        <i>0.00300122 0.999153 0.0410426 -0.999594 0.00415976 -0.0281716 -0.0283185 -0.0409414 0.99876 0.715605 2.38882 3.87733</i>
                        <i>0.00286163 0.999171 0.0406027 -0.999596 0.00400645 -0.0281423 -0.0282817 -0.0405057 0.998779 0.715605 2.3863 3.87733</i>
                        <i>0.00271212 0.999195 0.0400316 -0.999597 0.00383943 -0.0281104 -0.0282414 -0.0399393 0.998803 0.715605 2.38352 3.87733</i>
                        <i>0.00255662 0.999222 0.039364 -0.999599 0.00366366 -0.0280768 -0.0281991 -0.0392765 0.99883 0.715605 2.38058 3.87733</i>
                        <i>0.00239904 0.999251 0.0386338 -0.999601 0.00348407 -0.0280424 -0.028156 -0.0385511 0.99886 0.715605 2.37758 3.87733</i>
                        <i>0.00224333 0.99928 0.0378743 -0.999602 0.00330561 -0.0280083 -0.0281133 -0.0377964 0.99889 0.715605 2.37464 3.87733</i>
                        <i>0.00209347 0.999309 0.0371184 -0.999604 0.0031332 -0.0279753 -0.0280723 -0.0370452 0.998919 0.715605 2.37186 3.87733</i>
                        <i>0.00195345 0.999335 0.0363985 -0.999605 0.00297179 -0.0279444 -0.028034 -0.0363295 0.998947 0.715605 2.36934 3.87733</i>
                        <i>0.00182727 0.999359 0.0357461 -0.999606 0.00282627 -0.0279166 -0.0279997 -0.0356811 0.998971 0.715605 2.3672 3.87733</i>
                        <i>0.00171894 0.999379 0.0351931 -0.999607 0.00270158 -0.0278927 -0.0279705 -0.0351313 0.998991 0.715605 2.36554 3.87733</i>
                        <i>0.0016325 0.999394 0.0347706 -0.999608 0.00260263 -0.0278738 -0.0279474 -0.0347114 0.999007 0.715605 2.36446 3.87733</i>
                        <i>0.00157197 0.999403 0.03451 -0.999609 0.00253434 -0.0278608 -0.0279316 -0.0344527 0.999016 0.715605 2.36408 3.87733</i>
                        <i>0.00154136 0.999406 0.0344428 -0.999609 0.00250163 -0.0278545 -0.0279241 -0.0343864 0.999018 0.715605 2.36438 3.87733</i>
                        <i>0.00154692 0.999403 0.0345279 -0.999609 0.00250962 -0.027856 -0.027926 -0.0344713 0.999015 0.715605 2.36523 3.87733</i>
                        <i>0.00158858 0.999397 0.0346978 -0.999608 0.00255636 -0.027865 -0.0279368 -0.0346399 0.999009 0.715605 2.36655 3.87733</i>
                        <i>0.00166096 0.999388 0.0349457 -0.999608 0.00263621 -0.0278802 -0.0279553 -0.0348857 0.999 0.715605 2.36828 3.87733</i>
                        <i>0.00175861 0.999376 0.0352651 -0.999607 0.00274356 -0.0279008 -0.0279801 -0.0352022 0.998988 0.715605 2.37034 3.87733</i>
                        <i>0.00187614 0.999363 0.0356494 -0.999606 0.00287275 -0.0279255 -0.0280101 -0.035583 0.998974 0.715605 2.37265 3.87733</i>
                        <i>0.00200809 0.999346 0.0360919 -0.999605 0.00301816 -0.0279533 -0.028044 -0.0360215 0.998957 0.715605 2.37515 3.87733</i>
                        <i>0.00214908 0.999328 0.0365857 -0.999603 0.00317414 -0.0279831 -0.0280805 -0.0365111 0.998939 0.715605 2.37776 3.87733</i>
                        <i>0.00229367 0.999308 0.0371234 -0.999602 0.00333503 -0.0280139 -0.0281183 -0.0370444 0.998918 0.715605 2.3804 3.87733</i>
                        <i>0.00243647 0.999286 0.0376972 -0.999601 0.00349519 -0.0280445 -0.0281563 -0.0376138 0.998896 0.715605 2.38301 3.87733</i>
                        <i>0.00257207 0.999263 0.0382985 -0.999599 0.00364892 -0.0280739 -0.028193 -0.0382109 0.998872 0.715605 2.38551 3.87733</i>
                        <i>0.00269513 0.999239 0.0389185 -0.999598 0.00379058 -0.028101 -0.0282272 -0.0388271 0.998847 0.715605 2.38782 3.87733</i>
                        <i>0.00280025 0.999214 0.0395477 -0.999597 0.00391447 -0.0281247 -0.0282574 -0.039453 0.998822 0.715605 2.38988 3.87733</i>
                        <i>0.00288209 0.999188 0.0401763 -0.999596 0.00401491 -0.0281439 -0.0282824 -0.040079 0.998796 0.715605 2.39161 3.87733</i>
                        <i>0.00293531 0.999163 0.0407942 -0.999595 0.0040862 -0.0281576 -0.0283007 -0.0406951 0.998771 0.715605 2.39293 3.87733</i>
                        <i>0.00295454 0.999139 0.0413916 -0.999595 0.00412267 -0.0281646 -0.0283109 -0.0412916 0.998746 0.715605 2.39378 3.87733</i>
                        <i>0.00293623 0.999116 0.0419457 -0.999595 0.00412004 -0.028164 -0.028312 -0.0418461 0.998723 0.715605 2.39408 3.87733</i>
                        <i>0.00288329 0.999097 0.0423913 -0.999595 0.00407939 -0.0281563 -0.0283038 -0.042293 0.998704 0.715605 2.39364 3.87733</i>
                        <i>0.00280077 0.999083 0.0427156 -0.999596 0.00400542 -0.0281421 -0.0282874 -0.0426195 0.998691 0.715605 2.39242 3.87733</i>
                        <i>0.00269403 0.999074 0.0429337 -0.999597 0.00390397 -0.0281227 -0.0282643 -0.0428407 0.998682 0.715605 2.39054 3.87733</i>
                        <i>0.00256839 0.999069 0.043061 -0.999598 0.00378086 -0.0280992 -0.0282358 -0.0429715 0.998677 0.715605 2.38813 3.87733</i>
                        <i>0.00242921 0.999067 0.0431124 -0.999599 0.00364191 -0.0280726 -0.0282034 -0.043027 0.998676 0.715605 2.38533 3.87733</i>
                        <i>0.00228183 0.999068 0.0431026 -0.999601 0.00349295 -0.0280441 -0.0281685 -0.0430214 0.998677 0.715605 2.38227 3.87733</i>
                        <i>0.00213162 0.999071 0.0430458 -0.999602 0.0033398 -0.0280148 -0.0281326 -0.042969 0.99868 0.715605 2.37908 3.87733</i>
                        <i>0.00198396 0.999075 0.0429557 -0.999603 0.00318827 -0.0279858 -0.0280969 -0.0428831 0.998685 0.715605 2.37589 3.87733</i>
                        <i>0.00184422 0.99908 0.0428454 -0.999604 0.00304417 -0.0279583 -0.028063 -0.0427769 0.99869 0.715605 2.37283 3.87733</i>
                        <i>0.00171779 0.999085 0.0427276 -0.999606 0.00291329 -0.0279332 -0.0280322 -0.0426628 0.998696 0.715605 2.37003 3.87733</i>
                        <i>0.00161007 0.99909 0.0426148 -0.999606 0.00280144 -0.0279118 -0.0280058 -0.0425531 0.998702 0.715605 2.36762 3.87733</i>
                        <i>0.00152645 0.999094 0.042519 -0.999607 0.00271438 -0.0278952 -0.0279853 -0.0424597 0.998706 0.715605 2.36574 3.87733</i>
                        <i>0.00147233 0.999097 0.0424525 -0.999608 0.00265792 -0.0278844 -0.0279721 -0.0423948 0.998709 0.715605 2.36452 3.87733</i>
                        <i>0.00145309 0.999098 0.0424276 -0.999608 0.0026378 -0.0278805 -0.0279673 -0.0423704 0.99871 0.715605 2.36408 3.87733</i>
                    </KeyFrames>
                </p>
            </i>
            <i>
                <p>
                    <Name><![CDATA[spine1]]></Name>
                    <Exclude>0</Exclude>
                    <Additive>0</Additive>
                    <IKPriority>0</IKPriority>
                    <IKRotLimits>-1e+010 -1e+010 -1e+010 1e+010 1e+010 1e+010</IKRotLimits>
                    <IKRotLimitOrder>0</IKRotLimitOrder>
                    <KeyFrames count="61">
                        <i>0.0418276 0.906029 0.421144 -0.993255 0.0833316 -0.0806265 -0.108145 -0.414931 0.903403 0.715871 2.546 3.88499</i>
                        <i>0.0418337 0.905856 0.421514 -0.993253 0.0833758 -0.0806023 -0.108158 -0.415298 0.903233 0.715878 2.54645 3.88497</i>
                        <i>0.0418504 0.90537 0.422556 -0.993248 0.0835 -0.0805349 -0.108197 -0.416333 0.902751 0.715897 2.54772 3.88492</i>
                        <i>0.041875 0.904616 0.424166 -0.99324 0.0836915 -0.0804325 -0.10826 -0.41793 0.902006 0.715926 2.54967 3.88485</i>
                        <i>0.0419049 0.903641 0.426237 -0.99323 0.0839374 -0.0803029 -0.108342 -0.419986 0.90104 0.715963 2.55216 3.88476</i>
                        <i>0.0419374 0.902489 0.428666 -0.993218 0.0842252 -0.0801542 -0.108443 -0.422397 0.899901 0.716004 2.55506 3.88466</i>
                        <i>0.0419701 0.901209 0.431348 -0.993204 0.0845423 -0.0799944 -0.108559 -0.425059 0.898632 0.716048 2.55823 3.88457</i>
                        <i>0.0420004 0.899847 0.43418 -0.993188 0.0848763 -0.0798317 -0.108688 -0.427869 0.897282 0.716092 2.56153 3.88449</i>
                        <i>0.0420262 0.89845 0.437059 -0.993172 0.0852151 -0.0796741 -0.108827 -0.430727 0.895897 0.716134 2.56483 3.88443</i>
                        <i>0.0420453 0.897069 0.439885 -0.993155 0.085547 -0.0795299 -0.108975 -0.43353 0.894526 0.716172 2.56799 3.88439</i>
                        <i>0.0420557 0.895754 0.442557 -0.993138 0.08586 -0.0794074 -0.109127 -0.436181 0.893218 0.716202 2.57087 3.88439</i>
                        <i>0.0420555 0.894555 0.444975 -0.993121 0.0861426 -0.0793147 -0.109283 -0.438578 0.892024 0.716223 2.57334 3.88443</i>
                        <i>0.042043 0.893525 0.44704 -0.993104 0.0863832 -0.0792602 -0.109438 -0.440625 0.890995 0.716233 2.57525 3.88452</i>
                        <i>0.0420232 0.892748 0.448592 -0.99309 0.0865633 -0.0792401 -0.109573 -0.442162 0.890217 0.716232 2.57649 3.88463</i>
                        <i>0.0420042 0.892321 0.449443 -0.993081 0.0866616 -0.0792456 -0.109662 -0.443005 0.889787 0.716226 2.57692 3.88473</i>
                        <i>0.0419887 0.892316 0.449454 -0.993078 0.0866617 -0.0792774 -0.109691 -0.443014 0.889779 0.716215 2.57651 3.8848</i>
                        <i>0.0419791 0.892816 0.448461 -0.993084 0.0865443 -0.0793365 -0.109645 -0.442029 0.890274 0.716199 2.5754 3.88483</i>
                        <i>0.0419758 0.893802 0.446494 -0.993097 0.0863131 -0.0794204 -0.109524 -0.440078 0.891255 0.716179 2.57368 3.88482</i>
                        <i>0.0419775 0.89519 0.443703 -0.993117 0.0859861 -0.0795248 -0.109342 -0.437311 0.892639 0.716155 2.57147 3.88476</i>
                        <i>0.0419828 0.896899 0.440238 -0.993143 0.0855813 -0.0796451 -0.10911 -0.433876 0.894342 0.71613 2.56887 3.88468</i>
                        <i>0.0419905 0.898845 0.436251 -0.993172 0.0851165 -0.0797768 -0.108839 -0.429923 0.896281 0.716102 2.566 3.88457</i>
                        <i>0.0419994 0.900946 0.431894 -0.993204 0.08461 -0.0799156 -0.108542 -0.425602 0.898377 0.716073 2.56297 3.88445</i>
                        <i>0.0420086 0.903125 0.427318 -0.993238 0.0840795 -0.080057 -0.10823 -0.421065 0.90055 0.716044 2.55988 3.88431</i>
                        <i>0.0420172 0.905306 0.422677 -0.993272 0.083543 -0.080197 -0.107914 -0.416463 0.902725 0.716016 2.55684 3.88417</i>
                        <i>0.0420248 0.907417 0.418126 -0.993305 0.0830182 -0.0803315 -0.107606 -0.411951 0.90483 0.715988 2.55397 3.88403</i>
                        <i>0.0420309 0.909387 0.413821 -0.993336 0.0825231 -0.0804567 -0.107316 -0.407682 0.906796 0.715962 2.55136 3.8839</i>
                        <i>0.0420353 0.911153 0.409919 -0.993364 0.0820753 -0.0805688 -0.107055 -0.403813 0.908556 0.715939 2.54914 3.88377</i>
                        <i>0.0420381 0.912648 0.406578 -0.993388 0.0816924 -0.0806642 -0.106832 -0.400499 0.910048 0.715919 2.54741 3.88367</i>
                        <i>0.0420393 0.913812 0.403955 -0.993406 0.0813922 -0.0807394 -0.106659 -0.397897 0.911209 0.715904 2.54628 3.88359</i>
                        <i>0.042039 0.914582 0.402209 -0.993419 0.0811924 -0.0807908 -0.106546 -0.396165 0.911976 0.715893 2.54586 3.88354</i>
                        <i>0.0420372 0.914896 0.401496 -0.993423 0.0811105 -0.0808148 -0.106503 -0.395458 0.912288 0.715887 2.54614 3.88353</i>
                        <i>0.0420358 0.914754 0.401819 -0.993421 0.0811471 -0.0808083 -0.106526 -0.395778 0.912147 0.715888 2.547 3.88355</i>
                        <i>0.0420363 0.914235 0.402997 -0.993413 0.0812819 -0.0807733 -0.106602 -0.396947 0.91163 0.715896 2.54835 3.88358</i>
                        <i>0.0420381 0.913388 0.404915 -0.9934 0.0815018 -0.0807136 -0.106724 -0.398849 0.910785 0.715909 2.55012 3.88363</i>
                        <i>0.0420404 0.912256 0.407457 -0.993382 0.0817937 -0.0806333 -0.106886 -0.401371 0.909658 0.715927 2.55223 3.88369</i>
                        <i>0.0420426 0.910887 0.410508 -0.993361 0.0821444 -0.0805363 -0.10708 -0.404397 0.908293 0.715948 2.55462 3.88376</i>
                        <i>0.042044 0.909327 0.413952 -0.993337 0.0825407 -0.0804264 -0.107302 -0.407813 0.906739 0.715972 2.55719 3.88384</i>
                        <i>0.0420439 0.907624 0.417674 -0.993311 0.0829696 -0.0803078 -0.107544 -0.411504 0.905041 0.715998 2.55988 3.88393</i>
                        <i>0.0420419 0.905826 0.421559 -0.993283 0.0834178 -0.0801845 -0.107799 -0.415357 0.903249 0.716025 2.56261 3.88403</i>
                        <i>0.0420377 0.903985 0.425493 -0.993255 0.0838725 -0.0800606 -0.108061 -0.419258 0.901413 0.716051 2.5653 3.88414</i>
                        <i>0.0420311 0.902153 0.429363 -0.993227 0.0843203 -0.0799403 -0.108322 -0.423095 0.899587 0.716076 2.56788 3.88425</i>
                        <i>0.042022 0.900387 0.433057 -0.993199 0.0847484 -0.079828 -0.108577 -0.426757 0.897825 0.716099 2.57027 3.88437</i>
                        <i>0.0420106 0.898742 0.436462 -0.993174 0.0851436 -0.0797281 -0.108817 -0.430133 0.896183 0.716118 2.5724 3.88449</i>
                        <i>0.0419969 0.897276 0.439467 -0.99315 0.0854928 -0.0796449 -0.109035 -0.433112 0.894721 0.716133 2.57418 3.8846</i>
                        <i>0.0419814 0.89605 0.441963 -0.99313 0.0857828 -0.0795831 -0.109223 -0.435586 0.893496 0.716143 2.57554 3.88472</i>
                        <i>0.0419641 0.895124 0.443838 -0.993114 0.0860006 -0.0795472 -0.109375 -0.437444 0.89257 0.716147 2.57641 3.88483</i>
                        <i>0.0419459 0.894559 0.444977 -0.993103 0.0861323 -0.0795408 -0.109481 -0.438572 0.892003 0.716143 2.57672 3.88493</i>
                        <i>0.0419292 0.894419 0.44526 -0.993099 0.0861639 -0.0795642 -0.109529 -0.438851 0.891859 0.716134 2.57626 3.88501</i>
                        <i>0.0419147 0.894681 0.444735 -0.9931 0.0861008 -0.0796143 -0.109521 -0.43833 0.892117 0.716119 2.575 3.88507</i>
                        <i>0.041902 0.89528 0.443528 -0.993107 0.0859579 -0.0796864 -0.109466 -0.437132 0.892711 0.716099 2.57307 3.88511</i>
                        <i>0.0418909 0.896153 0.441764 -0.993118 0.0857496 -0.079776 -0.109373 -0.435382 0.893577 0.716076 2.57061 3.88513</i>
                        <i>0.0418809 0.897233 0.439568 -0.993132 0.0854909 -0.0798783 -0.109248 -0.433203 0.894651 0.71605 2.56774 3.88513</i>
                        <i>0.0418718 0.898456 0.437063 -0.993148 0.0851963 -0.0799888 -0.109103 -0.430719 0.895867 0.716023 2.56461 3.88513</i>
                        <i>0.0418634 0.899758 0.434377 -0.993166 0.0848807 -0.0801028 -0.108943 -0.428055 0.897162 0.715996 2.56134 3.88512</i>
                        <i>0.0418555 0.901077 0.431634 -0.993184 0.084559 -0.0802158 -0.108779 -0.425335 0.898475 0.715968 2.55807 3.8851</i>
                        <i>0.0418482 0.902352 0.428963 -0.993202 0.084246 -0.0803234 -0.108618 -0.422686 0.899744 0.715943 2.55494 3.88508</i>
                        <i>0.0418416 0.903524 0.42649 -0.993219 0.0839565 -0.0804211 -0.108469 -0.420233 0.90091 0.71592 2.55208 3.88505</i>
                        <i>0.041836 0.904534 0.424343 -0.993233 0.0837054 -0.0805045 -0.108339 -0.418104 0.901916 0.7159 2.54962 3.88503</i>
                        <i>0.0418315 0.905327 0.422651 -0.993245 0.0835076 -0.0805694 -0.108236 -0.416426 0.902704 0.715885 2.5477 3.88501</i>
                        <i>0.0418286 0.905844 0.421542 -0.993252 0.0833781 -0.0806115 -0.108169 -0.415326 0.903219 0.715875 2.54645 3.885</i>
                        <i>0.0418276 0.906029 0.421144 -0.993255 0.0833316 -0.0806265 -0.108145 -0.414931 0.903403 0.715871 2.546 3.88499</i>
                    </KeyFrames>
                </p>
            </i>
            <i>
                <p>
                    <Name><![CDATA[spine2]]></Name>
                    <Exclude>0</Exclude>
                    <Additive>0</Additive>
                    <IKPriority>0</IKPriority>
                    <IKRotLimits>-1e+010 -1e+010 -1e+010 1e+010 1e+010 1e+010</IKRotLimits>
                    <IKRotLimitOrder>0</IKRotLimitOrder>
                    <KeyFrames count="61">
                        <i>0.0136408 0.843452 0.537031 -0.98907 0.0902402 -0.116607 -0.146814 -0.52957 0.835464 0.722789 2.69756 3.95569</i>
                        <i>0.0135645 0.842847 0.537982 -0.989071 0.0903088 -0.116547 -0.146816 -0.530521 0.834861 0.722798 2.69799 3.95573</i>
                        <i>0.0133529 0.841155 0.540629 -0.989073 0.0905013 -0.116381 -0.146822 -0.533167 0.833172 0.722821 2.69921 3.95588</i>
                        <i>0.0130317 0.838555 0.544662 -0.989076 0.0907976 -0.116126 -0.146832 -0.537198 0.830577 0.722857 2.70109 3.9561</i>
                        <i>0.0126267 0.835222 0.549768 -0.989079 0.0911774 -0.115803 -0.146847 -0.542302 0.827251 0.722901 2.70348 3.95639</i>
                        <i>0.0121634 0.831337 0.555636 -0.989081 0.0916203 -0.115429 -0.146868 -0.548165 0.823374 0.722951 2.70626 3.95674</i>
                        <i>0.0116679 0.827083 0.561959 -0.989083 0.0921066 -0.115025 -0.146895 -0.554482 0.819129 0.723005 2.70929 3.95714</i>
                        <i>0.0111662 0.822653 0.568434 -0.989084 0.0926171 -0.114609 -0.14693 -0.560949 0.814707 0.723058 2.71245 3.95757</i>
                        <i>0.0106843 0.818248 0.574767 -0.989083 0.0931329 -0.1142 -0.146973 -0.567271 0.81031 0.723108 2.7156 3.95804</i>
                        <i>0.0102489 0.814076 0.580668 -0.989079 0.0936359 -0.113817 -0.147027 -0.57316 0.806146 0.723152 2.7186 3.95852</i>
                        <i>0.00988665 0.810355 0.585856 -0.989073 0.0941086 -0.11348 -0.147093 -0.578332 0.802431 0.723187 2.72132 3.959</i>
                        <i>0.00962451 0.807308 0.590052 -0.989064 0.0945339 -0.113208 -0.147174 -0.58251 0.799389 0.72321 2.72364 3.95947</i>
                        <i>0.00948964 0.805159 0.592983 -0.989051 0.0948949 -0.113021 -0.147271 -0.585418 0.797243 0.723219 2.72541 3.95992</i>
                        <i>0.00946401 0.803937 0.594639 -0.989036 0.0951646 -0.112919 -0.147369 -0.587051 0.796024 0.723215 2.72653 3.96031</i>
                        <i>0.00951009 0.803583 0.595117 -0.989025 0.0953117 -0.112894 -0.147441 -0.587512 0.79567 0.723206 2.72688 3.96055</i>
                        <i>0.00962571 0.804184 0.594303 -0.989018 0.0953119 -0.112953 -0.147479 -0.586689 0.79627 0.723191 2.72646 3.96061</i>
                        <i>0.00980908 0.805841 0.592051 -0.989018 0.0951367 -0.113104 -0.14747 -0.58444 0.797924 0.723172 2.7254 3.96046</i>
                        <i>0.0100525 0.808484 0.588433 -0.989024 0.0947906 -0.113343 -0.147414 -0.580835 0.800562 0.72315 2.7238 3.96009</i>
                        <i>0.0103446 0.811935 0.583656 -0.989035 0.0942993 -0.113652 -0.147317 -0.57608 0.804008 0.723124 2.72177 3.95954</i>
                        <i>0.0106742 0.816018 0.577928 -0.989051 0.0936882 -0.114018 -0.147186 -0.570383 0.808084 0.723097 2.7194 3.95884</i>
                        <i>0.0110298 0.820556 0.57146 -0.989071 0.0929832 -0.114424 -0.147027 -0.563952 0.812614 0.723067 2.71679 3.95802</i>
                        <i>0.0114006 0.825378 0.564465 -0.989093 0.0922101 -0.114856 -0.146849 -0.556999 0.817427 0.723037 2.71403 3.95713</i>
                        <i>0.0117758 0.83032 0.557163 -0.989117 0.0913956 -0.115298 -0.146657 -0.549741 0.82236 0.723006 2.71123 3.95618</i>
                        <i>0.0121451 0.835223 0.549778 -0.989142 0.0905667 -0.115738 -0.146458 -0.542403 0.827254 0.722975 2.70848 3.95522</i>
                        <i>0.0124984 0.839936 0.542542 -0.989167 0.0897511 -0.116161 -0.146261 -0.535213 0.831959 0.722946 2.70588 3.95428</i>
                        <i>0.0128263 0.844317 0.53569 -0.989191 0.088977 -0.116555 -0.146073 -0.528405 0.836332 0.722918 2.70354 3.95339</i>
                        <i>0.0131196 0.84823 0.529465 -0.989212 0.0882731 -0.116907 -0.145901 -0.522219 0.840238 0.722892 2.70155 3.95258</i>
                        <i>0.0133692 0.851545 0.524111 -0.989231 0.0876686 -0.117205 -0.145754 -0.5169 0.843546 0.722871 2.70001 3.95189</i>
                        <i>0.0135666 0.854134 0.519876 -0.989245 0.0871929 -0.117439 -0.145638 -0.512691 0.846131 0.722853 2.69903 3.95135</i>
                        <i>0.0137029 0.855871 0.517007 -0.989254 0.0868753 -0.117597 -0.145563 -0.50984 0.847865 0.722841 2.69871 3.951</i>
                        <i>0.0137693 0.856628 0.515751 -0.989257 0.086745 -0.117667 -0.145535 -0.50859 0.84862 0.722834 2.69903 3.95086</i>
                        <i>0.0137546 0.856357 0.516201 -0.989255 0.0868032 -0.117643 -0.145553 -0.509037 0.848349 0.722835 2.69986 3.95093</i>
                        <i>0.0136612 0.855181 0.51815 -0.989249 0.0870176 -0.117536 -0.145603 -0.510973 0.847175 0.722844 2.70115 3.95117</i>
                        <i>0.0135004 0.853217 0.521381 -0.989239 0.0873668 -0.117357 -0.145682 -0.514187 0.845215 0.722859 2.70281 3.95155</i>
                        <i>0.013283 0.850579 0.52568 -0.989227 0.0878288 -0.117116 -0.145786 -0.518461 0.842582 0.722879 2.70478 3.95206</i>
                        <i>0.01302 0.84738 0.530828 -0.989212 0.088382 -0.116824 -0.14591 -0.52358 0.839389 0.722903 2.70699 3.95267</i>
                        <i>0.0127226 0.843735 0.536609 -0.989195 0.0890046 -0.116493 -0.14605 -0.529329 0.835751 0.722931 2.70937 3.95336</i>
                        <i>0.012402 0.839764 0.54281 -0.989177 0.0896752 -0.116133 -0.146201 -0.535495 0.831788 0.722959 2.71184 3.95411</i>
                        <i>0.0120696 0.835591 0.54922 -0.989158 0.0903726 -0.115757 -0.14636 -0.541868 0.827622 0.722989 2.71434 3.9549</i>
                        <i>0.0117371 0.831345 0.555633 -0.989138 0.0910763 -0.115375 -0.146521 -0.548244 0.823383 0.723017 2.71679 3.9557</i>
                        <i>0.0114166 0.827161 0.561848 -0.989118 0.0917659 -0.115001 -0.146683 -0.554421 0.819208 0.723044 2.71913 3.9565</i>
                        <i>0.0111202 0.823182 0.567668 -0.989098 0.0924217 -0.114646 -0.146839 -0.560204 0.815236 0.723068 2.72129 3.95726</i>
                        <i>0.0108606 0.819554 0.572899 -0.989079 0.0930241 -0.114324 -0.146988 -0.565401 0.811613 0.723088 2.72319 3.95798</i>
                        <i>0.0106504 0.816426 0.577352 -0.98906 0.0935542 -0.114048 -0.147126 -0.569822 0.808491 0.723103 2.72477 3.95863</i>
                        <i>0.0105025 0.813951 0.580839 -0.989044 0.0939929 -0.113832 -0.147248 -0.57328 0.80602 0.723111 2.72596 3.95918</i>
                        <i>0.0104298 0.812281 0.583173 -0.989029 0.0943212 -0.113689 -0.147353 -0.575589 0.804354 0.723113 2.7267 3.95962</i>
                        <i>0.0104417 0.811555 0.584183 -0.989017 0.0945196 -0.11363 -0.147434 -0.576581 0.803628 0.723107 2.72691 3.95991</i>
                        <i>0.0105357 0.811843 0.58378 -0.989009 0.0945672 -0.113662 -0.147483 -0.576166 0.803916 0.723093 2.72642 3.96003</i>
                        <i>0.0107011 0.813058 0.582084 -0.989004 0.0944726 -0.113778 -0.147499 -0.574466 0.805129 0.723075 2.72518 3.95999</i>
                        <i>0.0109252 0.81504 0.579302 -0.989004 0.0942576 -0.113962 -0.147488 -0.571687 0.807107 0.723051 2.72331 3.95981</i>
                        <i>0.0111951 0.817628 0.575638 -0.989006 0.0939437 -0.114202 -0.147452 -0.56803 0.809691 0.723024 2.72095 3.95951</i>
                        <i>0.0114978 0.820663 0.571297 -0.98901 0.0935525 -0.114483 -0.147398 -0.563702 0.81272 0.722994 2.71821 3.95912</i>
                        <i>0.0118204 0.823987 0.566485 -0.989017 0.0931056 -0.114791 -0.147329 -0.558907 0.816038 0.722963 2.71523 3.95866</i>
                        <i>0.0121504 0.827445 0.561415 -0.989025 0.0926251 -0.115111 -0.147249 -0.553854 0.819489 0.722932 2.71212 3.95817</i>
                        <i>0.0124751 0.830889 0.556298 -0.989033 0.0921334 -0.115432 -0.147164 -0.548757 0.822927 0.722901 2.70902 3.95766</i>
                        <i>0.0127824 0.834175 0.551352 -0.989042 0.0916531 -0.115738 -0.147079 -0.543831 0.826205 0.722871 2.70604 3.95716</i>
                        <i>0.0130602 0.837161 0.5468 -0.989051 0.0912074 -0.116017 -0.146997 -0.539298 0.829186 0.722845 2.70333 3.9567</i>
                        <i>0.0132966 0.839715 0.542865 -0.989058 0.0908196 -0.116256 -0.146925 -0.535379 0.831734 0.722822 2.70099 3.95629</i>
                        <i>0.01348 0.841702 0.539774 -0.989064 0.0905134 -0.116443 -0.146867 -0.532302 0.833718 0.722805 2.69917 3.95597</i>
                        <i>0.0135986 0.842992 0.537754 -0.989069 0.0903123 -0.116564 -0.146828 -0.53029 0.835005 0.722793 2.69798 3.95576</i>
                        <i>0.0136408 0.843452 0.537031 -0.98907 0.0902402 -0.116607 -0.146814 -0.52957 0.835464 0.722789 2.69756 3.95569</i>
                    </KeyFrames>
                </p>
            </i>
            <i>
                <p>
                    <Name><![CDATA[head]]></Name>
                    <Exclude>0</Exclude>
                    <Additive>0</Additive>
                    <IKPriority>0</IKPriority>
                    <IKRotLimits>-1e+010 -1e+010 -1e+010 1e+010 1e+010 1e+010</IKRotLimits>
                    <IKRotLimitOrder>0</IKRotLimitOrder>
                    <KeyFrames count="61">
                        <i>0.0126954 0.931422 0.363719 -0.00291488 0.363781 -0.93148 -0.999915 0.0107653 0.00733332 0.724704 2.9301 4.07814</i>
                        <i>0.0126191 0.925045 0.379647 -0.00268413 0.379707 -0.925103 -0.999917 0.0106549 0.00727448 0.724687 2.93038 4.0785</i>
                        <i>0.0123219 0.917778 0.396904 -0.00241694 0.39696 -0.917833 -0.999921 0.0103501 0.00710949 0.724639 2.93119 4.07951</i>
                        <i>0.0118435 0.909798 0.414882 -0.00213275 0.414933 -0.909849 -0.999928 0.00989099 0.00685463 0.724567 2.93241 4.08105</i>
                        <i>0.0112246 0.901328 0.432993 -0.00184732 0.433038 -0.901374 -0.999935 0.00931764 0.0065257 0.724477 2.93397 4.08301</i>
                        <i>0.0105066 0.892631 0.450665 -0.00157268 0.450704 -0.892672 -0.999944 0.00867018 0.00613918 0.724372 2.93578 4.08528</i>
                        <i>0.00973208 0.884019 0.46735 -0.00131712 0.467383 -0.884054 -0.999952 0.00798814 0.00571295 0.724261 2.93774 4.08774</i>
                        <i>0.00894442 0.875839 0.482521 -0.0010855 0.482548 -0.875869 -0.99996 0.00731037 0.00526683 0.724147 2.93978 4.09028</i>
                        <i>0.00818769 0.868472 0.495671 -0.000879856 0.495694 -0.868497 -0.999966 0.00667487 0.00482271 0.724037 2.94181 4.09279</i>
                        <i>0.00750651 0.862319 0.50631 -0.000700222 0.506329 -0.86234 -0.999972 0.00611863 0.00440458 0.723938 2.94375 4.09517</i>
                        <i>0.00694596 0.85779 0.513954 -0.00054566 0.513969 -0.857808 -0.999976 0.00567785 0.00403811 0.723855 2.94553 4.09731</i>
                        <i>0.0065514 0.855285 0.518117 -0.000415826 0.51813 -0.855302 -0.999978 0.00538798 0.00375011 0.723794 2.94707 4.0991</i>
                        <i>0.0063683 0.855147 0.518346 -0.000311934 0.518358 -0.855164 -0.99998 0.00528425 0.00356781 0.723763 2.94831 4.10044</i>
                        <i>0.00636192 0.857234 0.514888 -0.000245937 0.5149 -0.85725 -0.99998 0.00532711 0.0034866 0.723756 2.94913 4.10128</i>
                        <i>0.00646213 0.861187 0.508248 -0.000234814 0.508259 -0.861204 -0.999979 0.00544588 0.00348665 0.723767 2.94941 4.10162</i>
                        <i>0.0066603 0.86685 0.498524 -0.000289679 0.498536 -0.866869 -0.999978 0.00562919 0.00357152 0.723793 2.94916 4.10138</i>
                        <i>0.00694686 0.874058 0.485771 -0.000424043 0.485785 -0.874078 -0.999976 0.00586612 0.00374531 0.723835 2.94852 4.10049</i>
                        <i>0.00730684 0.882479 0.470295 -0.000638347 0.470311 -0.8825 -0.999973 0.00614808 0.00399983 0.723891 2.9476 4.09897</i>
                        <i>0.00772239 0.891696 0.452569 -0.000924387 0.452589 -0.891719 -0.99997 0.00646785 0.00431936 0.723959 2.94644 4.09693</i>
                        <i>0.00817609 0.901316 0.433086 -0.00127284 0.433109 -0.901341 -0.999966 0.0068182 0.00468836 0.724034 2.94509 4.09445</i>
                        <i>0.00865135 0.910981 0.412359 -0.00167301 0.412387 -0.911007 -0.999961 0.00719156 0.00509178 0.724116 2.94361 4.09164</i>
                        <i>0.00913283 0.920376 0.390929 -0.0021127 0.390962 -0.920404 -0.999956 0.00757998 0.00551506 0.7242 2.94204 4.08859</i>
                        <i>0.00960672 0.929237 0.369358 -0.00257811 0.369397 -0.929268 -0.999951 0.00797499 0.00594436 0.724285 2.94045 4.08541</i>
                        <i>0.0100609 0.937353 0.348234 -0.00305398 0.348279 -0.937386 -0.999945 0.00836746 0.00636667 0.724367 2.93889 4.08219</i>
